[name]
unknown

[dist]
# distance from previous block
# <min> <max>
21	47

[block]
# block no. 0 follows, 31 sequences, length 13
# corresponding to MSA columns:
# 74-86
name=unknown_A
#
# <colnr> <probs for GDERKNQSTAVLIFYWHMCP>
#	G	D	E	R	K	N	Q	S	T	A	V	L	I	F	Y	W	H	M	C	P
0	0.01385	0.01125	0.01626	0.14692	0.04642	0.01212	0.05819	0.04766	0.08142	0.05416	0.05027	0.11604	0.04799	0.10127	0.06815	0.00347	0.05350	0.00907	0.00485	0.05715
1	0.01593	0.01254	0.01623	0.11701	0.07998	0.01267	0.01151	0.16081	0.01838	0.04322	0.07555	0.12553	0.02032	0.00953	0.00711	0.00195	0.02567	0.00806	0.03292	0.20507
2	0.05655	0.01442	0.02075	0.31950	0.21407	0.03789	0.01674	0.10293	0.01664	0.02294	0.01455	0.04762	0.01233	0.00772	0.00676	0.00216	0.00808	0.03036	0.00397	0.04402
3	0.01536	0.01143	0.01296	0.01080	0.01424	0.01118	0.00818	0.13298	0.11159	0.05380	0.10772	0.05888	0.04843	0.16785	0.01261	0.00286	0.00557	0.00829	0.00573	0.19956
4	0.01278	0.00923	0.01246	0.11389	0.04496	0.00903	0.00929	0.04710	0.01517	0.07270	0.08276	0.29507	0.06162	0.07544	0.00979	0.00263	0.00544	0.01201	0.00559	0.10302
5	0.01698	0.01403	0.01385	0.01319	0.04594	0.11232	0.00953	0.10752	0.12664	0.08670	0.08831	0.12237	0.13394	0.06620	0.00933	0.00253	0.00623	0.00998	0.00611	0.00829
6	0.01097	0.00712	0.00889	0.00873	0.01001	0.00669	0.00614	0.02895	0.01499	0.05360	0.23023	0.17441	0.14371	0.13700	0.01503	0.11502	0.00456	0.01227	0.00598	0.00571
7	0.01728	0.01748	0.02585	0.13346	0.48835	0.09339	0.04849	0.02195	0.04761	0.02135	0.01326	0.01708	0.01083	0.00643	0.00678	0.00206	0.00874	0.00607	0.00352	0.01001
8	0.01210	0.00645	0.00645	0.00645	0.00815	0.00629	0.00484	0.01508	0.01452	0.02452	0.02891	0.03116	0.11521	0.00928	0.00525	0.00169	0.00323	0.00751	0.68660	0.00629
9	0.03645	0.01588	0.01801	0.16010	0.02419	0.04541	0.01287	0.36048	0.07613	0.03131	0.01857	0.04644	0.03255	0.04411	0.04442	0.00279	0.00809	0.00706	0.00560	0.00955
10	0.04408	0.01968	0.01909	0.04409	0.07767	0.16518	0.01288	0.35569	0.02457	0.07941	0.01581	0.01680	0.01165	0.00770	0.00646	0.00197	0.00808	0.00579	0.07330	0.01010
11	0.08235	0.02244	0.07605	0.05208	0.02232	0.18441	0.01368	0.36583	0.02438	0.03198	0.01378	0.01489	0.01022	0.00743	0.00637	0.00196	0.00864	0.00537	0.00522	0.05059
12	0.02142	0.05309	0.10936	0.01509	0.02061	0.08875	0.01350	0.38524	0.05043	0.03298	0.05335	0.01981	0.04631	0.00836	0.00665	0.00198	0.00770	0.00638	0.00571	0.05328

[dist]
# distance from previous block
# <min> <max>
0	12

[block]
# block no. 1 follows, 31 sequences, length 17
# corresponding to MSA columns:
# 99-115
name=unknown_B
#
# <colnr> <probs for GDERKNQSTAVLIFYWHMCP>
#	G	D	E	R	K	N	Q	S	T	A	V	L	I	F	Y	W	H	M	C	P
0	0.10365	0.19480	0.13706	0.01643	0.02218	0.17198	0.09371	0.06428	0.09354	0.02239	0.01316	0.01467	0.01034	0.00678	0.00596	0.00194	0.00892	0.00517	0.00394	0.00912
1	0.22743	0.07892	0.08876	0.05339	0.02040	0.07029	0.01268	0.20700	0.09736	0.02963	0.01507	0.01767	0.01182	0.00775	0.00599	0.00210	0.00733	0.03207	0.00499	0.00934
2	0.47243	0.12372	0.01587	0.03775	0.04440	0.10890	0.00953	0.02027	0.01323	0.02481	0.01209	0.01484	0.02798	0.04284	0.00628	0.00220	0.00676	0.00456	0.00393	0.00762
3	0.15397	0.26211	0.02339	0.01386	0.01868	0.22989	0.01171	0.16951	0.01912	0.02462	0.01133	0.01259	0.00918	0.00680	0.00542	0.00179	0.00849	0.00443	0.00418	0.00893
4	0.00865	0.00614	0.00802	0.00921	0.00970	0.00577	0.00613	0.00993	0.01344	0.01809	0.10828	0.60480	0.04516	0.09855	0.01142	0.00312	0.00417	0.01769	0.00624	0.00550
5	0.01693	0.01626	0.02777	0.04199	0.71689	0.01626	0.02100	0.02100	0.01558	0.02235	0.01287	0.01693	0.01084	0.00610	0.00677	0.00203	0.00813	0.00610	0.00339	0.01084
6	0.04958	0.43616	0.09477	0.01685	0.09591	0.16792	0.01413	0.02203	0.01517	0.01799	0.01035	0.01223	0.00895	0.00620	0.00520	0.00168	0.00861	0.00421	0.00315	0.00890
7	0.02565	0.01212	0.01533	0.01203	0.01681	0.01119	0.00980	0.13641	0.02085	0.46557	0.06890	0.05445	0.05864	0.00959	0.00699	0.00209	0.00570	0.00786	0.00771	0.05230
8	0.00841	0.00605	0.00797	0.00937	0.00992	0.00562	0.00631	0.00974	0.01357	0.01811	0.07987	0.68658	0.07147	0.02083	0.00867	0.00272	0.00391	0.01883	0.00642	0.00562
9	0.04880	0.01742	0.01811	0.01468	0.01928	0.05722	0.01189	0.43540	0.12964	0.06005	0.01820	0.01883	0.01355	0.01314	0.08892	0.00309	0.00856	0.00638	0.00629	0.01055
10	0.73855	0.01430	0.01094	0.00967	0.01394	0.04476	0.00791	0.05276	0.01294	0.03072	0.00990	0.01142	0.00767	0.00647	0.00444	0.00210	0.00569	0.00385	0.00433	0.00763
11	0.00948	0.00727	0.00895	0.00985	0.01161	0.00673	0.00804	0.01182	0.01540	0.01930	0.05050	0.14486	0.32798	0.01850	0.00879	0.00275	0.00484	0.32100	0.00633	0.00600
12	0.01070	0.00722	0.00950	0.00897	0.01072	0.00665	0.00681	0.01383	0.01901	0.06029	0.62976	0.07516	0.06058	0.01417	0.00809	0.00221	0.00350	0.03866	0.00749	0.00667
13	0.33592	0.38488	0.02382	0.04622	0.01744	0.06115	0.01041	0.02057	0.01329	0.02207	0.00970	0.01146	0.00825	0.00617	0.00454	0.00178	0.00687	0.00384	0.00349	0.00812
14	0.01700	0.05714	0.37495	0.02483	0.20676	0.10899	0.04325	0.02263	0.01561	0.04793	0.01272	0.01515	0.00963	0.00649	0.00651	0.00205	0.00965	0.00536	0.00334	0.01000
15	0.01582	0.01662	0.03314	0.23056	0.06594	0.01688	0.43649	0.05816	0.01632	0.02186	0.01347	0.01822	0.01011	0.00622	0.00760	0.00227	0.01049	0.00732	0.00353	0.00897
16	0.00968	0.00699	0.00914	0.00861	0.01022	0.00646	0.00646	0.01291	0.01937	0.02743	0.71328	0.05110	0.06455	0.01399	0.00807	0.00215	0.00323	0.01237	0.00753	0.00646

[dist]
# distance from previous block
# <min> <max>
0	1

[block]
# block no. 2 follows, 31 sequences, length 82
# corresponding to MSA columns:
# 117-198
name=unknown_C
#
# <colnr> <probs for GDERKNQSTAVLIFYWHMCP>
#	G	D	E	R	K	N	Q	S	T	A	V	L	I	F	Y	W	H	M	C	P
0	0.01476	0.07243	0.59730	0.01974	0.02904	0.05272	0.07744	0.02191	0.01480	0.02114	0.01217	0.01448	0.00882	0.00643	0.00650	0.00212	0.01019	0.00519	0.00297	0.00986
1	0.01528	0.06295	0.60063	0.01918	0.02855	0.01642	0.05717	0.05218	0.01551	0.05114	0.01303	0.01495	0.00923	0.00659	0.00652	0.00214	0.00978	0.00527	0.00333	0.01014
2	0.00834	0.00595	0.00794	0.00953	0.00992	0.00556	0.00635	0.00953	0.01310	0.01746	0.03771	0.75510	0.04525	0.02143	0.00873	0.00278	0.00397	0.01945	0.00635	0.00556
3	0.00845	0.00600	0.00791	0.00938	0.00975	0.00563	0.00620	0.00956	0.01288	0.01718	0.03660	0.70622	0.04385	0.07223	0.01053	0.00304	0.00415	0.01880	0.00620	0.00546
4	0.06925	0.02465	0.02022	0.01914	0.09802	0.34566	0.01367	0.27585	0.02331	0.02803	0.01296	0.01431	0.01001	0.00734	0.00638	0.00192	0.00967	0.00521	0.00479	0.00961
5	0.01462	0.01358	0.02240	0.52421	0.21989	0.01578	0.01922	0.05252	0.01511	0.02004	0.01256	0.01781	0.00969	0.00672	0.00682	0.00220	0.00878	0.00609	0.00332	0.00864
6	0.01411	0.03292	0.63070	0.02182	0.08509	0.01600	0.06156	0.02163	0.01463	0.02173	0.01241	0.01486	0.00893	0.00643	0.00661	0.00216	0.01003	0.00530	0.00296	0.01012
7	0.01391	0.06551	0.69565	0.01918	0.02911	0.01635	0.02472	0.02162	0.01442	0.02144	0.01216	0.01430	0.00867	0.00647	0.00641	0.00214	0.01000	0.00500	0.00289	0.01006
8	0.02556	0.03261	0.01939	0.01763	0.02115	0.73210	0.01322	0.02732	0.01939	0.01674	0.01058	0.01234	0.00881	0.00705	0.00617	0.00176	0.01234	0.00441	0.00353	0.00793
9	0.01490	0.01418	0.02410	0.39684	0.37792	0.01572	0.01999	0.01922	0.01462	0.01989	0.01251	0.01759	0.00997	0.00647	0.00681	0.00216	0.00863	0.00609	0.00321	0.00920
10	0.16115	0.07213	0.01341	0.01026	0.01358	0.04917	0.00823	0.07151	0.05257	0.07756	0.26379	0.03443	0.12458	0.01092	0.00673	0.00209	0.00508	0.00882	0.00617	0.00781
11	0.00849	0.00606	0.00811	0.00970	0.01016	0.00569	0.00662	0.00979	0.01325	0.01764	0.03762	0.71656	0.04491	0.02129	0.00877	0.00280	0.00410	0.05648	0.00635	0.00560
12	0.00854	0.00613	0.00805	0.00950	0.01003	0.00574	0.00647	0.00981	0.01322	0.01750	0.03826	0.66019	0.07154	0.05165	0.00982	0.00294	0.00419	0.05463	0.00626	0.00555
13	0.01815	0.74095	0.05734	0.01195	0.01794	0.02672	0.01213	0.02052	0.01392	0.01627	0.00960	0.01108	0.00878	0.00587	0.00446	0.00149	0.00740	0.00370	0.00293	0.00882
14	0.68819	0.01330	0.01205	0.07988	0.05642	0.01539	0.00927	0.01991	0.01206	0.02898	0.00996	0.01211	0.00776	0.00638	0.00462	0.00213	0.00581	0.00406	0.00407	0.00762
15	0.00834	0.00595	0.00794	0.00953	0.00992	0.00556	0.00635	0.00953	0.01310	0.01746	0.03771	0.75510	0.04525	0.02143	0.00873	0.00278	0.00397	0.01945	0.00635	0.00556
16	0.01466	0.09940	0.59691	0.01831	0.02736	0.05727	0.02270	0.02157	0.01485	0.02109	0.03697	0.01532	0.01068	0.00674	0.00635	0.00208	0.00974	0.00515	0.00309	0.00974
17	0.01676	0.01618	0.02790	0.06698	0.67126	0.01625	0.04197	0.02090	0.01553	0.02216	0.01287	0.01703	0.01076	0.00611	0.00682	0.00205	0.00827	0.00616	0.00338	0.01067
18	0.03070	0.01164	0.01588	0.01217	0.01746	0.01006	0.01006	0.03334	0.01958	0.72163	0.02699	0.02329	0.01694	0.00847	0.00688	0.00212	0.00582	0.00688	0.00847	0.01164
19	0.02455	0.01800	0.01939	0.01525	0.02041	0.01994	0.01247	0.54287	0.15596	0.07078	0.01901	0.01842	0.01358	0.00842	0.00687	0.00211	0.00706	0.00648	0.00694	0.01149
20	0.04234	0.01740	0.12077	0.07105	0.02941	0.01443	0.37988	0.01909	0.01512	0.02113	0.01864	0.13068	0.01738	0.00930	0.00785	0.00242	0.00944	0.06126	0.00403	0.00840
21	0.01292	0.01216	0.02052	0.74312	0.04712	0.01520	0.01900	0.01748	0.01368	0.01748	0.01216	0.01824	0.00912	0.00684	0.00684	0.00228	0.00912	0.00608	0.00304	0.00760
22	0.00963	0.00695	0.00910	0.00864	0.01021	0.00642	0.00645	0.01277	0.01911	0.02703	0.68554	0.08001	0.06376	0.01429	0.00810	0.00218	0.00326	0.01266	0.00748	0.00642
23	0.01413	0.07817	0.64391	0.01956	0.02924	0.01664	0.06237	0.02161	0.01451	0.02135	0.01220	0.01446	0.00877	0.00642	0.00646	0.00213	0.01002	0.00514	0.00292	0.00998
24	0.01101	0.00934	0.01169	0.07283	0.06257	0.03422	0.01003	0.01405	0.03363	0.01947	0.04243	0.13362	0.25315	0.01612	0.00835	0.00262	0.00568	0.24675	0.00578	0.00664
25	0.03070	0.01164	0.01588	0.01217	0.01746	0.01006	0.01006	0.03334	0.01958	0.72163	0.02699	0.02329	0.01694	0.00847	0.00688	0.00212	0.00582	0.00688	0.00847	0.01164
26	0.01626	0.01557	0.02656	0.15915	0.60497	0.01608	0.02066	0.02041	0.01526	0.02154	0.01275	0.01715	0.01055	0.00622	0.00678	0.00207	0.00829	0.00609	0.00333	0.01030
27	0.01437	0.01359	0.02288	0.43479	0.23412	0.01538	0.05271	0.01959	0.05238	0.01984	0.01438	0.02091	0.01167	0.00725	0.00701	0.00225	0.00863	0.03601	0.00352	0.00872
28	0.01479	0.11132	0.56944	0.01942	0.02860	0.03966	0.08133	0.02174	0.01469	0.02094	0.01207	0.01436	0.00883	0.00638	0.00640	0.00209	0.01001	0.00515	0.00296	0.00982
29	0.00834	0.00595	0.00794	0.00953	0.00992	0.00556	0.00635	0.00953	0.01310	0.01746	0.03771	0.75510	0.04525	0.02143	0.00873	0.00278	0.00397	0.01945	0.00635	0.00556
30	0.02631	0.01487	0.12350	0.01299	0.01870	0.01064	0.01207	0.02981	0.01878	0.55545	0.08330	0.02431	0.01974	0.00864	0.00692	0.00213	0.00626	0.00707	0.00754	0.01097
31	0.01445	0.15387	0.42115	0.01644	0.02375	0.01598	0.05252	0.01982	0.01409	0.04459	0.01532	0.07664	0.01353	0.07841	0.00907	0.00252	0.00873	0.00665	0.00352	0.00897
32	0.00809	0.00693	0.00693	0.00693	0.00924	0.00578	0.00520	0.00982	0.01559	0.01848	0.06931	0.06584	0.71411	0.01733	0.00809	0.00231	0.00347	0.01444	0.00635	0.00578
33	0.01415	0.03241	0.60367	0.02114	0.03069	0.01614	0.14273	0.02171	0.01474	0.02171	0.01255	0.01515	0.00897	0.00637	0.00678	0.00219	0.01036	0.00559	0.00299	0.00996
34	0.01482	0.01410	0.02396	0.41045	0.36491	0.01570	0.01995	0.01915	0.01458	0.01979	0.01250	0.01762	0.00993	0.00649	0.00681	0.00216	0.00865	0.00609	0.00320	0.00914
35	0.01615	0.01845	0.04037	0.02884	0.03576	0.01730	0.69204	0.02191	0.01615	0.02191	0.01384	0.01845	0.01038	0.00577	0.00807	0.00231	0.01153	0.00807	0.00346	0.00923
36	0.01372	0.03539	0.72412	0.01950	0.02961	0.01589	0.02528	0.02167	0.01444	0.02167	0.01228	0.01444	0.00867	0.00650	0.00650	0.00217	0.01011	0.00506	0.00289	0.01011
37	0.01087	0.00728	0.00923	0.03547	0.01199	0.00682	0.00700	0.03100	0.01496	0.07584	0.07982	0.44844	0.17882	0.03781	0.00898	0.00266	0.00433	0.01590	0.00643	0.00635
38	0.01668	0.03125	0.60073	0.01822	0.02749	0.01487	0.02263	0.02370	0.01534	0.14362	0.01484	0.01598	0.01011	0.00684	0.00657	0.00216	0.00936	0.00537	0.00386	0.01038
39	0.02454	0.01130	0.01407	0.01159	0.01564	0.04538	0.00922	0.02705	0.01875	0.49537	0.13080	0.11650	0.02716	0.01081	0.00725	0.00219	0.00553	0.00912	0.00782	0.00993
40	0.01643	0.01707	0.05759	0.08566	0.55190	0.01631	0.11215	0.02092	0.01548	0.02194	0.01293	0.01712	0.01057	0.00612	0.00694	0.00209	0.00874	0.00632	0.00335	0.01037
41	0.01311	0.01213	0.02281	0.08969	0.05941	0.01176	0.26698	0.01668	0.01489	0.04510	0.02551	0.28232	0.04650	0.01260	0.00816	0.00250	0.00771	0.04962	0.00487	0.00767
42	0.01009	0.00688	0.00912	0.01009	0.01114	0.00659	0.00752	0.01195	0.01421	0.04370	0.08269	0.38592	0.07500	0.08229	0.03922	0.00342	0.00533	0.18268	0.00621	0.00594
43	0.03779	0.01497	0.02660	0.30767	0.32588	0.01600	0.13233	0.01978	0.01483	0.02065	0.01266	0.01752	0.01000	0.00633	0.00694	0.00218	0.00900	0.00635	0.00329	0.00923
44	0.04463	0.43036	0.12038	0.01536	0.05914	0.15854	0.01394	0.02165	0.01527	0.01825	0.03916	0.01368	0.01113	0.00653	0.00529	0.00169	0.00845	0.00448	0.00329	0.00877
45	0.00977	0.00733	0.01100	0.01100	0.01222	0.00855	0.00855	0.01222	0.01100	0.01588	0.01833	0.02688	0.01710	0.05131	0.73245	0.01100	0.01833	0.00733	0.00367	0.00611
46	0.00948	0.00768	0.00850	0.00817	0.01038	0.00707	0.00616	0.01338	0.08165	0.02252	0.28759	0.05697	0.42484	0.01542	0.00797	0.00226	0.00357	0.01310	0.00682	0.00649
47	0.02119	0.10950	0.07022	0.01904	0.07751	0.33385	0.05150	0.07234	0.11065	0.02115	0.01360	0.01519	0.01087	0.00730	0.00693	0.00195	0.03868	0.00533	0.00407	0.00911
48	0.01595	0.01973	0.10199	0.02870	0.09069	0.01720	0.55279	0.02164	0.01576	0.02175	0.01346	0.01784	0.01021	0.00607	0.00829	0.00229	0.03532	0.00756	0.00339	0.00938
49	0.00834	0.00595	0.00794	0.00953	0.00992	0.00556	0.00635	0.00953	0.01310	0.01746	0.03771	0.75510	0.04525	0.02143	0.00873	0.00278	0.00397	0.01945	0.00635	0.00556
50	0.01372	0.03539	0.72412	0.01950	0.02961	0.01589	0.02528	0.02167	0.01444	0.02167	0.01228	0.01444	0.00867	0.00650	0.00650	0.00217	0.01011	0.00506	0.00289	0.01011
51	0.15477	0.01679	0.01806	0.01441	0.01938	0.03811	0.03785	0.33884	0.14059	0.12525	0.01833	0.01795	0.01307	0.00799	0.00646	0.00212	0.00687	0.00614	0.00641	0.01060
52	0.01385	0.01490	0.07853	0.53425	0.18979	0.01548	0.01993	0.01857	0.01415	0.01886	0.01232	0.01765	0.00945	0.00665	0.00680	0.00222	0.00899	0.00600	0.00310	0.00850
53	0.02761	0.01177	0.01536	0.01208	0.01699	0.01069	0.00987	0.05246	0.07912	0.58437	0.05548	0.02610	0.04748	0.00911	0.00698	0.00214	0.00564	0.00746	0.00816	0.01113
54	0.02306	0.01615	0.01764	0.01395	0.01848	0.01748	0.01122	0.50094	0.04358	0.09038	0.02105	0.05122	0.04368	0.08725	0.00988	0.00258	0.00695	0.00751	0.00665	0.01036
55	0.01395	0.03380	0.65985	0.02038	0.03019	0.01602	0.08795	0.02169	0.01460	0.02169	0.01242	0.01482	0.00883	0.00643	0.00665	0.00218	0.01024	0.00534	0.00294	0.01003
56	0.00809	0.00693	0.00693	0.00693	0.00924	0.00578	0.00520	0.00982	0.01559	0.01848	0.06931	0.06584	0.71411	0.01733	0.00809	0.00231	0.00347	0.01444	0.00635	0.00578
57	0.02524	0.01927	0.24338	0.01453	0.02137	0.01193	0.01494	0.02959	0.01793	0.49679	0.02226	0.02045	0.01428	0.00784	0.00676	0.00213	0.00720	0.00629	0.00668	0.01115
58	0.01386	0.03446	0.68656	0.02001	0.02995	0.01597	0.06190	0.02168	0.01454	0.02168	0.01236	0.01466	0.00876	0.00646	0.00659	0.00217	0.01019	0.00522	0.00292	0.01006
59	0.01461	0.00829	0.00849	0.00782	0.00999	0.00863	0.00603	0.10486	0.03732	0.02789	0.02172	0.02432	0.01687	0.00804	0.00512	0.00168	0.00382	0.00639	0.67093	0.00719
60	0.01615	0.01845	0.04037	0.02884	0.03576	0.01730	0.69204	0.02191	0.01615	0.02191	0.01384	0.01845	0.01038	0.00577	0.00807	0.00231	0.01153	0.00807	0.00346	0.00923
61	0.01533	0.01551	0.02902	0.27812	0.28556	0.01620	0.21935	0.02006	0.01510	0.02055	0.01291	0.01783	0.01011	0.00625	0.00718	0.00220	0.00948	0.00668	0.00329	0.00925
62	0.01470	0.19179	0.57631	0.01783	0.02702	0.01829	0.02236	0.02141	0.01433	0.02047	0.01168	0.01370	0.00869	0.00636	0.00605	0.00202	0.00951	0.00476	0.00290	0.00982
63	0.00820	0.00685	0.00714	0.00725	0.00936	0.00580	0.00537	0.00997	0.01559	0.01890	0.10318	0.12473	0.61922	0.01749	0.00814	0.00234	0.00350	0.01476	0.00642	0.00580
64	0.01731	0.03035	0.01477	0.01231	0.01560	0.01382	0.00964	0.34524	0.02320	0.03092	0.08590	0.25588	0.08904	0.01361	0.00759	0.00230	0.00568	0.01154	0.00661	0.00870
65	0.01599	0.05402	0.55628	0.01861	0.02758	0.01536	0.06141	0.02285	0.01529	0.10769	0.03257	0.01662	0.01126	0.00688	0.00661	0.00215	0.00940	0.00560	0.00373	0.01011
66	0.03070	0.01164	0.01588	0.01217	0.01746	0.01006	0.01006	0.03334	0.01958	0.72163	0.02699	0.02329	0.01694	0.00847	0.00688	0.00212	0.00582	0.00688	0.00847	0.01164
67	0.01461	0.01360	0.02251	0.51775	0.23017	0.01576	0.01928	0.04871	0.01503	0.01997	0.01255	0.01780	0.00970	0.00670	0.00682	0.00220	0.00878	0.00609	0.00331	0.00867
68	0.04988	0.01412	0.05289	0.01366	0.01916	0.01237	0.04158	0.09575	0.06665	0.52303	0.02421	0.02177	0.01571	0.00822	0.00684	0.00214	0.00641	0.00674	0.00758	0.01128
69	0.01095	0.00833	0.01205	0.01501	0.09283	0.00820	0.01084	0.01368	0.01508	0.01989	0.03499	0.23450	0.05913	0.01801	0.00893	0.00291	0.00585	0.41622	0.00598	0.00662
70	0.00920	0.00689	0.00853	0.00830	0.00997	0.00622	0.00615	0.01190	0.01795	0.02449	0.50522	0.11570	0.21352	0.01541	0.00813	0.00224	0.00335	0.01347	0.00716	0.00622
71	0.01414	0.05689	0.63341	0.02077	0.06030	0.01634	0.06128	0.02161	0.01457	0.02153	0.01230	0.01466	0.00886	0.00642	0.00653	0.00215	0.01001	0.00522	0.00294	0.01005
72	0.01398	0.03385	0.66825	0.02130	0.08475	0.01592	0.02493	0.02161	0.01454	0.02172	0.01232	0.01464	0.00884	0.00647	0.00652	0.00216	0.00995	0.00514	0.00293	0.01017
73	0.03070	0.01164	0.01588	0.01217	0.01746	0.01006	0.01006	0.03334	0.01958	0.72163	0.02699	0.02329	0.01694	0.00847	0.00688	0.00212	0.00582	0.00688	0.00847	0.01164
74	0.01383	0.03476	0.70121	0.02024	0.05222	0.01590	0.02514	0.02164	0.01448	0.02169	0.01230	0.01453	0.00874	0.00649	0.00651	0.00216	0.01005	0.00509	0.00291	0.01013
75	0.01381	0.01289	0.02151	0.57583	0.04161	0.01548	0.07217	0.05749	0.01481	0.01931	0.01370	0.05507	0.01118	0.00778	0.00767	0.00232	0.03912	0.00691	0.00346	0.00786
76	0.02575	0.01799	0.01959	0.01509	0.02032	0.01964	0.01238	0.60816	0.03015	0.10106	0.01756	0.01820	0.01264	0.03931	0.00800	0.00225	0.00734	0.00638	0.00687	0.01133
77	0.00834	0.00595	0.00794	0.00953	0.00992	0.00556	0.00635	0.00953	0.01310	0.01746	0.03771	0.75510	0.04525	0.02143	0.00873	0.00278	0.00397	0.01945	0.00635	0.00556
78	0.04589	0.01792	0.05313	0.01458	0.01928	0.06309	0.01216	0.39647	0.08757	0.08480	0.02032	0.11707	0.01695	0.00990	0.00697	0.00217	0.00710	0.00791	0.00642	0.01030
79	0.05115	0.01026	0.04331	0.01235	0.01528	0.00882	0.11420	0.01434	0.01602	0.03796	0.24294	0.21838	0.13630	0.01395	0.00786	0.00232	0.00524	0.01265	0.00599	0.03066
80	0.11441	0.04165	0.05357	0.01528	0.01979	0.33893	0.01246	0.11720	0.09063	0.10998	0.01510	0.01553	0.01127	0.00747	0.00618	0.00196	0.00914	0.00522	0.00497	0.00925
81	0.13849	0.12751	0.14962	0.01398	0.04636	0.03379	0.01289	0.04243	0.07155	0.04381	0.11004	0.02957	0.05028	0.00972	0.00654	0.00218	0.00668	0.09115	0.00494	0.00848

[dist]
# distance from previous block
# <min> <max>
3	20

[block]
# block no. 3 follows, 31 sequences, length 117
# corresponding to MSA columns:
# 219-335
name=unknown_D
#
# <colnr> <probs for GDERKNQSTAVLIFYWHMCP>
#	G	D	E	R	K	N	Q	S	T	A	V	L	I	F	Y	W	H	M	C	P
0	0.01559	0.01475	0.02310	0.33675	0.33802	0.03574	0.01876	0.05090	0.03378	0.02112	0.01494	0.01919	0.03376	0.00700	0.00684	0.00215	0.00841	0.00637	0.00360	0.00925
1	0.01925	0.47795	0.14242	0.01423	0.02032	0.15472	0.01422	0.05315	0.01584	0.01836	0.01047	0.01203	0.00890	0.00629	0.00517	0.00166	0.00870	0.00414	0.00321	0.00897
2	0.01526	0.02627	0.39858	0.02619	0.24843	0.01578	0.04684	0.05213	0.01572	0.02282	0.01439	0.01698	0.03035	0.00669	0.00666	0.00209	0.00905	0.00579	0.00339	0.03659
3	0.01372	0.03539	0.72412	0.01950	0.02961	0.01589	0.02528	0.02167	0.01444	0.02167	0.01228	0.01444	0.00867	0.00650	0.00650	0.00217	0.01011	0.00506	0.00289	0.01011
4	0.01307	0.01231	0.02079	0.71719	0.07189	0.01524	0.01907	0.01761	0.01375	0.01766	0.01219	0.01819	0.00918	0.00681	0.00684	0.00227	0.00908	0.00608	0.00305	0.00772
5	0.00972	0.00626	0.00834	0.00886	0.00940	0.00597	0.00596	0.01007	0.01290	0.01744	0.16003	0.31904	0.05837	0.10845	0.01646	0.21455	0.00465	0.01322	0.00542	0.00488
6	0.01392	0.03399	0.66754	0.02027	0.03012	0.01601	0.08045	0.02169	0.01459	0.02169	0.01241	0.01478	0.00881	0.00644	0.00663	0.00218	0.01023	0.00531	0.00294	0.01004
7	0.02601	0.01916	0.02053	0.01574	0.02122	0.02122	0.01300	0.69408	0.03217	0.04312	0.01643	0.01643	0.01163	0.00821	0.00684	0.00205	0.00753	0.00616	0.00684	0.01163
8	0.01176	0.00754	0.00892	0.00835	0.01074	0.00657	0.00634	0.01404	0.01712	0.11987	0.25574	0.10260	0.37418	0.01535	0.00796	0.00227	0.00376	0.01310	0.00701	0.00679
9	0.01680	0.01612	0.02752	0.06599	0.69396	0.01622	0.02093	0.02088	0.01551	0.02218	0.01284	0.01698	0.01078	0.00612	0.00678	0.00204	0.00816	0.00610	0.00337	0.01073
10	0.02869	0.01138	0.01535	0.01195	0.01692	0.00999	0.00980	0.03188	0.04001	0.64815	0.07921	0.02547	0.02067	0.00891	0.00697	0.00213	0.00561	0.00732	0.00835	0.01122
11	0.03070	0.01164	0.01588	0.01217	0.01746	0.01006	0.01006	0.03334	0.01958	0.72163	0.02699	0.02329	0.01694	0.00847	0.00688	0.00212	0.00582	0.00688	0.00847	0.01164
12	0.02124	0.01501	0.01661	0.01339	0.01758	0.01609	0.01075	0.45388	0.02654	0.07579	0.10018	0.09803	0.05858	0.03405	0.00811	0.00230	0.00635	0.00878	0.00686	0.00991
13	0.00866	0.00688	0.00778	0.00770	0.00963	0.00600	0.00572	0.01088	0.01674	0.02154	0.29253	0.10889	0.43994	0.01644	0.00813	0.00229	0.00342	0.01407	0.00677	0.00600
14	0.02742	0.01690	0.01913	0.01467	0.02009	0.01785	0.01212	0.49499	0.02837	0.24756	0.01961	0.01849	0.01323	0.00829	0.00685	0.00207	0.00701	0.00638	0.00733	0.01164
15	0.03052	0.01192	0.01605	0.01230	0.01760	0.01047	0.01016	0.05778	0.02005	0.69653	0.02660	0.02303	0.01674	0.00846	0.00688	0.00211	0.00588	0.00685	0.00841	0.01164
16	0.01167	0.00722	0.00894	0.00895	0.01077	0.00643	0.00650	0.01351	0.01564	0.11813	0.15300	0.32244	0.23510	0.03800	0.00891	0.00256	0.00404	0.01485	0.00678	0.00658
17	0.00952	0.00699	0.00893	0.00844	0.01012	0.00639	0.00633	0.01260	0.01899	0.02655	0.64957	0.05256	0.12881	0.01432	0.00807	0.00217	0.00325	0.01258	0.00741	0.00639
18	0.80789	0.01323	0.01006	0.00900	0.01323	0.01535	0.00741	0.02011	0.01164	0.03070	0.00953	0.01111	0.00741	0.00635	0.00423	0.00212	0.00529	0.00370	0.00423	0.00741
19	0.01728	0.01483	0.01562	0.01398	0.01789	0.01714	0.01089	0.05569	0.68476	0.02905	0.02751	0.02526	0.02061	0.00925	0.00696	0.00231	0.00548	0.00769	0.00696	0.01085
20	0.00880	0.00635	0.00808	0.00900	0.00975	0.00592	0.00615	0.01028	0.01402	0.01873	0.14539	0.47708	0.10515	0.10759	0.01169	0.00311	0.00420	0.03688	0.00627	0.00557
21	0.02866	0.01255	0.01619	0.01255	0.01765	0.01164	0.01032	0.12318	0.04247	0.57490	0.05738	0.02370	0.01854	0.00871	0.00693	0.00212	0.00592	0.00706	0.00815	0.01138
22	0.55483	0.01613	0.11223	0.01168	0.01678	0.01463	0.04183	0.02115	0.01286	0.09160	0.01181	0.01345	0.00879	0.00727	0.00592	0.03580	0.00633	0.00448	0.00434	0.00807
23	0.00938	0.00633	0.00820	0.00929	0.01006	0.00585	0.00630	0.01066	0.01356	0.04692	0.05799	0.61162	0.09515	0.06168	0.01005	0.00291	0.00414	0.01781	0.00635	0.00577
24	0.01419	0.01216	0.01419	0.01013	0.01621	0.00912	0.00811	0.01723	0.01419	0.02229	0.01216	0.01419	0.01013	0.00507	0.00507	0.00101	0.00507	0.00405	0.00405	0.80139
25	0.00865	0.00680	0.00713	0.00719	0.00873	0.00602	0.00493	0.00985	0.01380	0.01688	0.05374	0.08686	0.48103	0.23993	0.01612	0.00362	0.00443	0.01329	0.00569	0.00528
26	0.02159	0.01384	0.01544	0.01243	0.01628	0.01474	0.00985	0.36976	0.02350	0.13006	0.01962	0.02363	0.01555	0.13086	0.04129	0.00311	0.00700	0.00695	0.11504	0.00948
27	0.00883	0.00616	0.00779	0.00890	0.00917	0.00588	0.00568	0.00965	0.01214	0.01619	0.03279	0.53886	0.03905	0.24614	0.01667	0.00395	0.00478	0.01656	0.00568	0.00513
28	0.02120	0.01634	0.01710	0.01441	0.01886	0.04358	0.01147	0.22449	0.42176	0.09799	0.02386	0.02222	0.01742	0.00882	0.00689	0.00220	0.00631	0.00708	0.00695	0.01103
29	0.01558	0.01719	0.03615	0.16232	0.06624	0.01687	0.53883	0.02105	0.01566	0.02111	0.01349	0.01835	0.01016	0.00598	0.00779	0.00229	0.01094	0.00762	0.00338	0.00899
30	0.01163	0.00783	0.00979	0.00893	0.01106	0.00724	0.00681	0.04263	0.01939	0.07589	0.54542	0.04974	0.14974	0.01382	0.00794	0.00217	0.00363	0.01201	0.00740	0.00695
31	0.02010	0.01644	0.01696	0.01449	0.01881	0.04395	0.01147	0.20963	0.48218	0.05210	0.02418	0.02258	0.01789	0.00889	0.00690	0.00222	0.00624	0.00717	0.00685	0.01096
32	0.02382	0.12044	0.02179	0.01529	0.02030	0.13716	0.01260	0.41637	0.10849	0.03347	0.01592	0.01612	0.01191	0.00784	0.00642	0.00196	0.00803	0.00573	0.00579	0.01055
33	0.01672	0.01304	0.01398	0.03237	0.01625	0.03777	0.00966	0.21562	0.13662	0.05288	0.06056	0.03598	0.19727	0.04903	0.05924	0.00304	0.00678	0.02828	0.00624	0.00866
34	0.02076	0.01937	0.11716	0.01517	0.02062	0.01816	0.01356	0.38113	0.18479	0.03459	0.04175	0.02033	0.01555	0.03404	0.00777	0.00226	0.00716	0.00665	0.00617	0.03301
35	0.01532	0.02424	0.27394	0.02565	0.03366	0.01682	0.46427	0.02183	0.01557	0.02183	0.01331	0.01708	0.00980	0.00602	0.00754	0.00226	0.01105	0.00704	0.00327	0.00953
36	0.00834	0.00595	0.00794	0.00953	0.00992	0.00556	0.00635	0.00953	0.01310	0.01746	0.03771	0.75510	0.04525	0.02143	0.00873	0.00278	0.00397	0.01945	0.00635	0.00556
37	0.00931	0.00693	0.00806	0.00825	0.01006	0.00604	0.00598	0.01115	0.01543	0.04292	0.14673	0.27919	0.36817	0.01752	0.00816	0.00239	0.00371	0.01519	0.00652	0.02826
38	0.00832	0.00601	0.00789	0.00939	0.00989	0.00557	0.00629	0.00954	0.01323	0.01752	0.03937	0.71886	0.08042	0.02122	0.00870	0.00275	0.00394	0.01919	0.00635	0.00557
39	0.01505	0.01267	0.01465	0.01054	0.01658	0.01000	0.00846	0.06674	0.01550	0.02382	0.01247	0.01435	0.01024	0.00530	0.00520	0.00109	0.00525	0.00421	0.00426	0.74362
40	0.00978	0.00715	0.00899	0.01001	0.01092	0.00699	0.00691	0.05469	0.03957	0.01956	0.03696	0.65944	0.06300	0.02001	0.00853	0.00270	0.00424	0.01801	0.00640	0.00615
41	0.24072	0.01401	0.01511	0.01220	0.01697	0.01472	0.00998	0.18810	0.08557	0.27776	0.04474	0.01952	0.01516	0.00810	0.00620	0.00212	0.00595	0.00612	0.00674	0.01021
42	0.00952	0.00752	0.00808	0.00784	0.01017	0.00669	0.00591	0.01258	0.05853	0.04016	0.16577	0.07800	0.53253	0.01617	0.00800	0.00229	0.00363	0.01362	0.00663	0.00635
43	0.02162	0.01990	0.01676	0.01484	0.01880	0.24075	0.01147	0.03309	0.39303	0.12222	0.02230	0.02107	0.01654	0.00847	0.00670	0.00212	0.00765	0.00657	0.00609	0.01003
44	0.00989	0.00661	0.00748	0.00754	0.00755	0.00659	0.00423	0.00993	0.01006	0.01342	0.02214	0.07064	0.02561	0.73268	0.03387	0.00649	0.00654	0.01030	0.00423	0.00420
45	0.01365	0.00805	0.00938	0.00843	0.01133	0.00689	0.00654	0.01583	0.01713	0.18492	0.16210	0.05350	0.44688	0.01471	0.00780	0.00224	0.00398	0.01234	0.00704	0.00726
46	0.02518	0.01856	0.01986	0.01537	0.02065	0.02056	0.01265	0.64257	0.06278	0.04190	0.01714	0.01713	0.01225	0.00825	0.00679	0.00205	0.00730	0.00624	0.03136	0.01143
47	0.01275	0.00638	0.00638	0.00638	0.00797	0.00638	0.00478	0.01594	0.01435	0.02551	0.02232	0.02551	0.01754	0.00797	0.00478	0.00159	0.00319	0.00638	0.79755	0.00638
48	0.03070	0.01164	0.01588	0.01217	0.01746	0.01006	0.01006	0.03334	0.01958	0.72163	0.02699	0.02329	0.01694	0.00847	0.00688	0.00212	0.00582	0.00688	0.00847	0.01164
49	0.00834	0.00595	0.00794	0.00953	0.00992	0.00556	0.00635	0.00953	0.01310	0.01746	0.03771	0.75510	0.04525	0.02143	0.00873	0.00278	0.00397	0.01945	0.00635	0.00556
50	0.00994	0.00667	0.00765	0.00765	0.00771	0.00673	0.00438	0.01007	0.01000	0.01340	0.02139	0.04383	0.02446	0.72233	0.07150	0.00686	0.00725	0.00981	0.00412	0.00425
51	0.80789	0.01323	0.01006	0.00900	0.01323	0.01535	0.00741	0.02011	0.01164	0.03070	0.00953	0.01111	0.00741	0.00635	0.00423	0.00212	0.00529	0.00370	0.00423	0.00741
52	0.00946	0.00698	0.00884	0.00838	0.01009	0.00636	0.00628	0.01248	0.01885	0.02620	0.62447	0.05314	0.15413	0.01445	0.00807	0.00217	0.00326	0.01266	0.00737	0.00636
53	0.01702	0.01470	0.01547	0.01392	0.01779	0.01702	0.01083	0.03635	0.70453	0.02862	0.02785	0.02553	0.02088	0.00928	0.00696	0.00232	0.00541	0.00773	0.00696	0.01083
54	0.00994	0.00667	0.00765	0.00765	0.00771	0.00673	0.00438	0.01007	0.01000	0.01340	0.02139	0.04383	0.02446	0.72233	0.07150	0.00686	0.00725	0.00981	0.00412	0.00425
55	0.01292	0.01216	0.02052	0.74312	0.04712	0.01520	0.01900	0.01748	0.01368	0.01748	0.01216	0.01824	0.00912	0.00684	0.00684	0.00228	0.00912	0.00608	0.00304	0.00760
56	0.00977	0.00733	0.01100	0.01100	0.01222	0.00855	0.00855	0.01222	0.01100	0.01588	0.01833	0.02688	0.01710	0.05131	0.73245	0.01100	0.01833	0.00733	0.00367	0.00611
57	0.02407	0.01209	0.01500	0.01233	0.01677	0.01184	0.00990	0.03203	0.23466	0.42718	0.10319	0.02707	0.02344	0.00933	0.00704	0.00218	0.00541	0.00776	0.00789	0.01081
58	0.00899	0.00697	0.00818	0.00788	0.00979	0.00616	0.00591	0.01156	0.01772	0.02353	0.43236	0.05753	0.34791	0.01544	0.00808	0.00222	0.00333	0.01327	0.00702	0.00616
59	0.01292	0.01216	0.02052	0.74312	0.04712	0.01520	0.01900	0.01748	0.01368	0.01748	0.01216	0.01824	0.00912	0.00684	0.00684	0.00228	0.00912	0.00608	0.00304	0.00760
60	0.01309	0.01227	0.02031	0.71239	0.04588	0.01528	0.01866	0.01828	0.04280	0.01795	0.01282	0.01855	0.00962	0.00694	0.00685	0.00228	0.00896	0.00615	0.00321	0.00774
61	0.01906	0.68600	0.03410	0.01234	0.01794	0.10199	0.01187	0.02121	0.01448	0.01616	0.00962	0.01112	0.00878	0.00598	0.00458	0.00150	0.00785	0.00374	0.00299	0.00869
62	0.00838	0.00597	0.00793	0.00947	0.00986	0.00558	0.00630	0.00954	0.01302	0.01736	0.03730	0.73738	0.04474	0.03985	0.00938	0.00287	0.00404	0.01921	0.00630	0.00552
63	0.01776	0.67956	0.11535	0.01261	0.01895	0.02578	0.01327	0.02062	0.01396	0.01674	0.00983	0.01138	0.00877	0.00593	0.00463	0.00154	0.00764	0.00382	0.00292	0.00893
64	0.02237	0.35281	0.02660	0.01503	0.01958	0.42330	0.01256	0.02433	0.01698	0.01646	0.01011	0.01174	0.00880	0.00653	0.00539	0.00163	0.01014	0.00408	0.00326	0.00830
65	0.04310	0.01012	0.01067	0.00962	0.01157	0.03055	0.00684	0.13685	0.01661	0.04393	0.09762	0.07791	0.13031	0.32330	0.01878	0.00404	0.00593	0.01019	0.00555	0.00653
66	0.01575	0.01728	0.03381	0.02516	0.02975	0.01854	0.46339	0.02007	0.01423	0.02007	0.01220	0.01728	0.00991	0.00786	0.01293	0.00254	0.25992	0.00737	0.00330	0.00864
67	0.00834	0.00595	0.00794	0.00953	0.00992	0.00556	0.00635	0.00953	0.01310	0.01746	0.03771	0.75510	0.04525	0.02143	0.00873	0.00278	0.00397	0.01945	0.00635	0.00556
68	0.01693	0.01626	0.02777	0.04199	0.71689	0.01626	0.02100	0.02100	0.01558	0.02235	0.01287	0.01693	0.01084	0.00610	0.00677	0.00203	0.00813	0.00610	0.00339	0.01084
69	0.02095	0.01665	0.01769	0.01472	0.01929	0.01886	0.01178	0.32438	0.41009	0.03497	0.02284	0.02154	0.01683	0.00881	0.00691	0.00220	0.00634	0.00704	0.00691	0.01118
70	0.80789	0.01323	0.01006	0.00900	0.01323	0.01535	0.00741	0.02011	0.01164	0.03070	0.00953	0.01111	0.00741	0.00635	0.00423	0.00212	0.00529	0.00370	0.00423	0.00741
71	0.02063	0.01261	0.01474	0.01260	0.01664	0.01322	0.00997	0.03212	0.37917	0.26249	0.12164	0.02828	0.02554	0.00965	0.00709	0.00223	0.00525	0.00808	0.00755	0.01050
72	0.02343	0.01486	0.01697	0.01323	0.01804	0.01531	0.01080	0.38115	0.02569	0.18773	0.11650	0.02294	0.02032	0.00884	0.00682	0.00199	0.00622	0.00704	0.03341	0.06869
73	0.05360	0.01191	0.01584	0.01218	0.01745	0.01054	0.01006	0.05237	0.01972	0.68120	0.02616	0.02272	0.01650	0.00840	0.00680	0.00212	0.00586	0.00676	0.00829	0.01152
74	0.03070	0.01164	0.01588	0.01217	0.01746	0.01006	0.01006	0.03334	0.01958	0.72163	0.02699	0.02329	0.01694	0.00847	0.00688	0.00212	0.00582	0.00688	0.00847	0.01164
75	0.00995	0.00663	0.00746	0.00746	0.00746	0.00663	0.00415	0.00995	0.00995	0.01327	0.02156	0.04477	0.02487	0.75957	0.03482	0.00663	0.00663	0.00995	0.00415	0.00415
76	0.68369	0.01298	0.01099	0.00950	0.01391	0.01450	0.00783	0.02222	0.01291	0.14111	0.01232	0.01306	0.00893	0.00669	0.00466	0.00212	0.00538	0.00421	0.00491	0.00809
77	0.00971	0.00675	0.00804	0.00790	0.00860	0.00649	0.00508	0.01097	0.01366	0.01866	0.26798	0.07020	0.07571	0.43521	0.02319	0.00471	0.00519	0.01133	0.00552	0.00509
78	0.00968	0.00699	0.00914	0.00861	0.01022	0.00646	0.00646	0.01291	0.01937	0.02743	0.71328	0.05110	0.06455	0.01399	0.00807	0.00215	0.00323	0.01237	0.00753	0.00646
79	0.01677	0.01609	0.02748	0.06980	0.69033	0.01621	0.02092	0.02086	0.01550	0.02216	0.01284	0.01698	0.01077	0.00613	0.00678	0.00204	0.00817	0.00610	0.00337	0.01071
80	0.80789	0.01323	0.01006	0.00900	0.01323	0.01535	0.00741	0.02011	0.01164	0.03070	0.00953	0.01111	0.00741	0.00635	0.00423	0.00212	0.00529	0.00370	0.00423	0.00741
81	0.00834	0.00595	0.00794	0.00953	0.00992	0.00556	0.00635	0.00953	0.01310	0.01746	0.03771	0.75510	0.04525	0.02143	0.00873	0.00278	0.00397	0.01945	0.00635	0.00556
82	0.31562	0.01223	0.01374	0.01101	0.01591	0.01200	0.00909	0.02849	0.01667	0.46833	0.02059	0.01882	0.01344	0.00769	0.00591	0.00212	0.00563	0.00572	0.00692	0.01009
83	0.01536	0.01197	0.01368	0.01304	0.01616	0.01323	0.01052	0.02778	0.41507	0.06180	0.03157	0.04192	0.05503	0.01399	0.03649	0.00289	0.00612	0.19753	0.00670	0.00918
84	0.00854	0.00610	0.00817	0.00976	0.01025	0.00573	0.00671	0.00988	0.01330	0.01769	0.03759	0.70365	0.04480	0.02124	0.00879	0.00281	0.00415	0.06888	0.00635	0.00561
85	0.30843	0.07132	0.07992	0.01266	0.01800	0.01715	0.01140	0.23378	0.01978	0.12388	0.03394	0.01580	0.01181	0.00741	0.00573	0.00205	0.00659	0.00526	0.00549	0.00961
86	0.52054	0.01296	0.01298	0.11293	0.01906	0.01448	0.00973	0.04328	0.01411	0.16381	0.01351	0.01465	0.00964	0.00689	0.00520	0.00214	0.00600	0.00473	0.00497	0.00839
87	0.78847	0.01377	0.02751	0.00925	0.01363	0.01536	0.00785	0.02015	0.01171	0.03047	0.00959	0.01120	0.00744	0.00635	0.00429	0.00212	0.00541	0.00374	0.00420	0.00748
88	0.01618	0.01313	0.01633	0.03573	0.04404	0.01182	0.03458	0.12474	0.04938	0.04396	0.04130	0.06778	0.01544	0.00741	0.00607	0.00155	0.00582	0.00627	0.00495	0.45350
89	0.01384	0.01096	0.01308	0.01011	0.01508	0.00849	0.00786	0.01651	0.01423	0.05379	0.01770	0.15526	0.01711	0.00833	0.00585	0.00140	0.00489	0.00711	0.00469	0.61370
90	0.00848	0.00604	0.00804	0.00958	0.01001	0.00567	0.00646	0.00971	0.01311	0.01746	0.03720	0.71043	0.04446	0.04210	0.00949	0.00290	0.00413	0.04291	0.00629	0.00554
91	0.01381	0.03477	0.69923	0.01984	0.02983	0.01594	0.04955	0.02168	0.01451	0.02168	0.01233	0.01459	0.00873	0.00647	0.00656	0.00217	0.01016	0.00517	0.00291	0.01008
92	0.00900	0.00660	0.00853	0.00948	0.01041	0.00596	0.00641	0.01031	0.01304	0.01772	0.03435	0.64489	0.04072	0.05863	0.00974	0.00281	0.00422	0.01744	0.00601	0.08375
93	0.02317	0.20498	0.04907	0.01581	0.02049	0.38681	0.01318	0.14369	0.04360	0.02184	0.01201	0.01326	0.00971	0.00703	0.00590	0.00178	0.00997	0.00467	0.00406	0.00897
94	0.02061	0.01066	0.01338	0.01108	0.01464	0.01000	0.00851	0.05177	0.09671	0.30637	0.02249	0.05383	0.01789	0.11392	0.01338	0.11485	0.00581	0.00741	0.00626	0.10043
95	0.23835	0.05048	0.31272	0.01551	0.02265	0.01539	0.05955	0.04316	0.01517	0.14572	0.01418	0.01523	0.00995	0.00678	0.00597	0.00212	0.00794	0.00517	0.00438	0.00956
96	0.02601	0.01916	0.02053	0.01574	0.02122	0.02122	0.01300	0.69408	0.03217	0.04312	0.01643	0.01643	0.01163	0.00821	0.00684	0.00205	0.00753	0.00616	0.00684	0.01163
97	0.00928	0.00644	0.00757	0.00807	0.00839	0.00622	0.00493	0.00980	0.01142	0.01503	0.03065	0.27246	0.08840	0.46334	0.02431	0.00505	0.00552	0.01334	0.00503	0.00473
98	0.01081	0.00751	0.01021	0.01029	0.01145	0.00721	0.03506	0.04954	0.01391	0.03682	0.03331	0.45564	0.09105	0.08092	0.01289	0.10190	0.00496	0.01501	0.00571	0.00580
99	0.02536	0.01868	0.02007	0.01551	0.02081	0.02065	0.01276	0.66916	0.03147	0.04218	0.01720	0.04331	0.01286	0.00869	0.00691	0.00208	0.00740	0.00664	0.00683	0.01141
100	0.01415	0.01379	0.01949	0.04110	0.01808	0.01898	0.01416	0.01583	0.01073	0.01647	0.01102	0.04164	0.01105	0.01611	0.09326	0.00377	0.62333	0.00659	0.00318	0.00728
101	0.16326	0.01181	0.01436	0.01149	0.01624	0.01121	0.00940	0.02981	0.06658	0.50358	0.07251	0.02330	0.01892	0.00855	0.00651	0.00213	0.00552	0.00678	0.00756	0.01048
102	0.00989	0.00756	0.01044	0.03234	0.01189	0.00738	0.04988	0.01121	0.01268	0.01671	0.07826	0.16311	0.15023	0.28955	0.08153	0.03836	0.00677	0.01187	0.00497	0.00538
103	0.01880	0.63427	0.05727	0.01267	0.01837	0.04585	0.01243	0.07182	0.01534	0.01837	0.01014	0.01169	0.00900	0.00631	0.00536	0.00160	0.03449	0.00400	0.00324	0.00897
104	0.77961	0.01317	0.01027	0.00911	0.01338	0.01515	0.00751	0.02059	0.01193	0.05584	0.01016	0.01156	0.00776	0.00643	0.00433	0.00212	0.00531	0.00382	0.00439	0.00756
105	0.09437	0.01233	0.01523	0.01214	0.01699	0.01182	0.00991	0.06231	0.11349	0.50403	0.05646	0.02350	0.01859	0.00864	0.00672	0.00214	0.00568	0.00694	0.00778	0.01093
106	0.00909	0.00681	0.00833	0.00826	0.00981	0.00616	0.00602	0.01150	0.01709	0.02309	0.42038	0.15722	0.22716	0.04699	0.00928	0.00247	0.00354	0.01383	0.00692	0.00605
107	0.01057	0.00766	0.01058	0.01055	0.01180	0.00855	0.00796	0.04768	0.01248	0.01777	0.02138	0.12994	0.02140	0.09817	0.50496	0.00860	0.01414	0.00913	0.04050	0.00618
108	0.00956	0.00694	0.00900	0.00858	0.01017	0.00639	0.00640	0.01263	0.01893	0.02662	0.65689	0.08384	0.08943	0.01446	0.00810	0.00219	0.00327	0.01278	0.00743	0.00639
109	0.02418	0.01732	0.01872	0.01462	0.01960	0.01891	0.01197	0.58487	0.02951	0.06723	0.02035	0.05004	0.04553	0.00918	0.00691	0.00208	0.00698	0.00713	0.03396	0.01093
110	0.01451	0.03001	0.51058	0.02301	0.06263	0.01628	0.20230	0.02170	0.01495	0.02176	0.01272	0.01562	0.00922	0.00629	0.00693	0.00220	0.01040	0.00591	0.00306	0.00991
111	0.09211	0.05841	0.01953	0.01622	0.02034	0.48291	0.01261	0.17523	0.02135	0.02379	0.01175	0.01309	0.00932	0.00720	0.00608	0.00185	0.01045	0.00471	0.00430	0.00875
112	0.00892	0.00650	0.00845	0.00960	0.01032	0.00621	0.00657	0.01123	0.04555	0.01937	0.13214	0.62291	0.04685	0.01983	0.00856	0.00267	0.00393	0.01792	0.00654	0.00592
113	0.00861	0.00620	0.00797	0.00911	0.00969	0.00584	0.00610	0.00984	0.01311	0.01742	0.06594	0.56645	0.09195	0.10682	0.03799	0.00346	0.00473	0.01725	0.00605	0.00547
114	0.00848	0.00686	0.00735	0.00733	0.00938	0.00587	0.00544	0.01018	0.01572	0.01935	0.15195	0.08325	0.57424	0.01730	0.00896	0.03878	0.00356	0.01393	0.00636	0.00573
115	0.01014	0.00689	0.00777	0.00758	0.00786	0.00675	0.00433	0.01028	0.01014	0.01368	0.02113	0.04337	0.02420	0.72511	0.03346	0.00638	0.00656	0.00968	0.00414	0.04055
116	0.01359	0.00795	0.01016	0.00992	0.01202	0.00722	0.00726	0.01617	0.04414	0.16139	0.10503	0.40344	0.10578	0.01640	0.00799	0.00244	0.00433	0.01451	0.00682	0.04346

[dist]
# distance from previous block
# <min> <max>
0	1

[block]
# block no. 4 follows, 31 sequences, length 21
# corresponding to MSA columns:
# 337-357
name=unknown_E
#
# <colnr> <probs for GDERKNQSTAVLIFYWHMCP>
#	G	D	E	R	K	N	Q	S	T	A	V	L	I	F	Y	W	H	M	C	P
0	0.01382	0.01072	0.01512	0.01239	0.01453	0.01087	0.12047	0.12810	0.01493	0.02026	0.01943	0.03480	0.01991	0.47610	0.02440	0.00493	0.00746	0.00885	0.03654	0.00635
1	0.02909	0.01129	0.01536	0.01190	0.01691	0.00978	0.00978	0.03178	0.01956	0.66861	0.07941	0.02541	0.02057	0.00889	0.00697	0.00212	0.00562	0.00730	0.00840	0.01125
2	0.25495	0.13855	0.01800	0.01162	0.01666	0.01592	0.00991	0.09933	0.04352	0.30181	0.01785	0.01701	0.01236	0.00742	0.00569	0.00201	0.00609	0.00537	0.00607	0.00990
3	0.00940	0.00698	0.00875	0.00831	0.01005	0.00633	0.00623	0.01236	0.01870	0.02585	0.59923	0.05371	0.17959	0.01458	0.00807	0.00218	0.00327	0.01274	0.00732	0.00633
4	0.24204	0.01742	0.13389	0.13192	0.02371	0.01536	0.01379	0.12701	0.04551	0.16337	0.01563	0.01661	0.01095	0.00727	0.00606	0.00215	0.00717	0.00548	0.00515	0.00951
5	0.01342	0.00834	0.01049	0.01069	0.01246	0.00820	0.00770	0.01787	0.12954	0.13377	0.03432	0.51441	0.03658	0.01730	0.00814	0.00259	0.00451	0.01545	0.00680	0.00743
6	0.01497	0.51424	0.02649	0.01055	0.01493	0.02002	0.00975	0.01692	0.01405	0.01672	0.02407	0.14107	0.13242	0.01030	0.00571	0.00182	0.00613	0.00802	0.00405	0.00775
7	0.00987	0.00765	0.01036	0.12801	0.01561	0.00817	0.00803	0.01161	0.01215	0.01597	0.02940	0.13401	0.13827	0.25491	0.18062	0.00568	0.00881	0.01073	0.00452	0.00561
