[name]
unknown

[dist]
# distance from previous block
# <min> <max>
0	56

[block]
# block no. 0 follows, 28 sequences, length 113
# corresponding to MSA columns:
# 56-168
name=unknown_A
#
# <colnr> <probs for GDERKNQSTAVLIFYWHMCP>
#	G	D	E	R	K	N	Q	S	T	A	V	L	I	F	Y	W	H	M	C	P
0	0.01171	0.00837	0.01171	0.01339	0.01506	0.00837	0.01171	0.01506	0.01673	0.02175	0.03849	0.08199	0.04183	0.02008	0.01004	0.00335	0.00669	0.65027	0.00669	0.00669
1	0.01799	0.01727	0.02950	0.04462	0.69919	0.01727	0.02231	0.02231	0.01655	0.02375	0.01367	0.01799	0.01151	0.00648	0.00720	0.00216	0.00864	0.00648	0.00360	0.01151
2	0.00886	0.00633	0.00843	0.01012	0.01054	0.00590	0.00675	0.01012	0.01392	0.01856	0.04006	0.73979	0.04808	0.02277	0.00928	0.00295	0.00422	0.02066	0.00675	0.00590
3	0.01799	0.01727	0.02950	0.04462	0.69919	0.01727	0.02231	0.02231	0.01655	0.02375	0.01367	0.01799	0.01151	0.00648	0.00720	0.00216	0.00864	0.00648	0.00360	0.01151
4	0.01698	0.02085	0.08867	0.02995	0.03754	0.01828	0.62826	0.02327	0.01703	0.02327	0.01459	0.01931	0.01090	0.00618	0.00846	0.00244	0.01215	0.00836	0.00363	0.00987
5	0.00886	0.00633	0.00843	0.01012	0.01054	0.00590	0.00675	0.01012	0.01392	0.01856	0.04006	0.73979	0.04808	0.02277	0.00928	0.00295	0.00422	0.02066	0.00675	0.00590
6	0.01480	0.06991	0.67650	0.02034	0.03088	0.01742	0.02620	0.02296	0.01532	0.02275	0.01291	0.01518	0.00921	0.00687	0.00680	0.00227	0.01061	0.00530	0.00307	0.01068
7	0.43516	0.01686	0.01573	0.01286	0.01792	0.01909	0.01059	0.30775	0.04334	0.03832	0.01395	0.01476	0.01029	0.00771	0.00580	0.00223	0.00667	0.00521	0.00580	0.00995
8	0.00954	0.00714	0.00962	0.01073	0.01121	0.00730	0.00745	0.01095	0.01374	0.01864	0.06074	0.60007	0.04372	0.04568	0.05388	0.00360	0.05532	0.01831	0.00630	0.00607
9	0.00886	0.00633	0.00843	0.01012	0.01054	0.00590	0.00675	0.01012	0.01392	0.01856	0.04006	0.73979	0.04808	0.02277	0.00928	0.00295	0.00422	0.02066	0.00675	0.00590
10	0.79588	0.01406	0.01068	0.00956	0.01406	0.01631	0.00787	0.02137	0.01237	0.03261	0.01012	0.01181	0.00787	0.00675	0.00450	0.00225	0.00562	0.00394	0.00450	0.00787
11	0.15658	0.21269	0.08017	0.01490	0.02048	0.10364	0.01351	0.20833	0.02065	0.05361	0.01322	0.01447	0.01026	0.00762	0.00675	0.00205	0.04114	0.00510	0.00482	0.01000
12	0.00884	0.00638	0.00838	0.00998	0.01051	0.00592	0.00668	0.01014	0.01405	0.01861	0.04181	0.70506	0.08169	0.02255	0.00924	0.00293	0.00419	0.02039	0.00675	0.00592
13	0.01665	0.10255	0.24373	0.02618	0.05749	0.01899	0.38307	0.02301	0.01633	0.02256	0.01368	0.01741	0.01031	0.00639	0.00760	0.00230	0.01119	0.00703	0.00343	0.01010
14	0.01716	0.01961	0.04289	0.03064	0.03799	0.01838	0.67279	0.02328	0.01716	0.02328	0.01471	0.01961	0.01103	0.00613	0.00858	0.00245	0.01225	0.00858	0.00368	0.00980
15	0.01057	0.00705	0.00793	0.00793	0.00793	0.00705	0.00440	0.01057	0.01057	0.01409	0.02290	0.04757	0.02643	0.74454	0.03700	0.00705	0.00705	0.01057	0.00440	0.00440
16	0.02523	0.04724	0.04747	0.01592	0.02177	0.02062	0.01355	0.51259	0.05085	0.06545	0.01757	0.01796	0.01275	0.01001	0.03225	0.00244	0.00819	0.00637	0.00670	0.06508
17	0.02434	0.02905	0.02232	0.02031	0.05368	0.49093	0.05939	0.05224	0.08140	0.02062	0.01338	0.01545	0.01089	0.00803	0.00820	0.00210	0.06891	0.00556	0.00416	0.00905
18	0.01507	0.01292	0.01507	0.01077	0.01723	0.00969	0.00861	0.01830	0.01507	0.02369	0.01292	0.01507	0.01077	0.00538	0.00538	0.00108	0.00538	0.00431	0.00431	0.78898
19	0.01799	0.01727	0.02950	0.04462	0.69919	0.01727	0.02231	0.02231	0.01655	0.02375	0.01367	0.01799	0.01151	0.00648	0.00720	0.00216	0.00864	0.00648	0.00360	0.01151
20	0.01048	0.00786	0.00949	0.00955	0.03153	0.00697	0.00685	0.01321	0.01866	0.04654	0.37429	0.05926	0.34672	0.01601	0.00850	0.00236	0.00379	0.01374	0.00734	0.00685
21	0.01471	0.03667	0.67244	0.02123	0.03180	0.01696	0.06035	0.02303	0.01544	0.02303	0.01313	0.01557	0.00930	0.00687	0.00699	0.00231	0.01082	0.00554	0.00310	0.01069
22	0.00891	0.00635	0.00842	0.01005	0.01045	0.00594	0.00667	0.01014	0.01380	0.01840	0.03948	0.71632	0.04734	0.04725	0.01022	0.00309	0.00431	0.02032	0.00667	0.00585
23	0.01458	0.03760	0.70688	0.02072	0.03146	0.01688	0.02686	0.02302	0.01535	0.02302	0.01304	0.01535	0.00921	0.00691	0.00691	0.00230	0.01074	0.00537	0.00307	0.01074
24	0.01716	0.01961	0.04289	0.03064	0.03799	0.01838	0.67279	0.02328	0.01716	0.02328	0.01471	0.01961	0.01103	0.00613	0.00858	0.00245	0.01225	0.00858	0.00368	0.00980
25	0.01038	0.00779	0.01168	0.01168	0.01298	0.00909	0.00909	0.01298	0.01168	0.01687	0.01947	0.02856	0.01817	0.05452	0.71573	0.01168	0.01947	0.00779	0.00389	0.00649
26	0.01507	0.01292	0.01507	0.01077	0.01723	0.00969	0.00861	0.01830	0.01507	0.02369	0.01292	0.01507	0.01077	0.00538	0.00538	0.00108	0.00538	0.00431	0.00431	0.78898
27	0.01808	0.01561	0.01644	0.01479	0.01890	0.01808	0.01151	0.03863	0.68606	0.03041	0.02959	0.02712	0.02219	0.00986	0.00740	0.00247	0.00575	0.00822	0.00740	0.01151
28	0.79588	0.01406	0.01068	0.00956	0.01406	0.01631	0.00787	0.02137	0.01237	0.03261	0.01012	0.01181	0.00787	0.00675	0.00450	0.00225	0.00562	0.00394	0.00450	0.00787
29	0.01929	0.01335	0.01634	0.01219	0.01787	0.01150	0.00989	0.04623	0.01663	0.16675	0.01609	0.01726	0.01223	0.00692	0.00751	0.00155	0.07045	0.00520	0.00530	0.52743
30	0.01590	0.01590	0.02226	0.01908	0.01908	0.02226	0.01590	0.01749	0.01113	0.01749	0.00954	0.01590	0.00954	0.01272	0.02385	0.00318	0.73123	0.00636	0.00318	0.00795
31	0.00859	0.00736	0.00736	0.00736	0.00982	0.00614	0.00552	0.01043	0.01657	0.01964	0.07364	0.06996	0.69624	0.01841	0.00859	0.00245	0.00368	0.01534	0.00675	0.00614
32	0.03261	0.01237	0.01687	0.01293	0.01856	0.01068	0.01068	0.03543	0.02081	0.70423	0.02868	0.02474	0.01799	0.00900	0.00731	0.00225	0.00619	0.00731	0.00900	0.01237
33	0.02781	0.02007	0.02164	0.01659	0.02240	0.02211	0.01370	0.65178	0.03369	0.06967	0.01786	0.01772	0.01257	0.00874	0.00727	0.00218	0.00793	0.00657	0.00733	0.01236
34	0.04207	0.01296	0.02140	0.70107	0.04876	0.01616	0.01974	0.01867	0.01446	0.01908	0.01282	0.01911	0.00962	0.00725	0.00717	0.00242	0.00954	0.00637	0.00328	0.00807
35	0.01135	0.00811	0.01128	0.01286	0.01441	0.00804	0.01098	0.01448	0.01660	0.02172	0.06618	0.15054	0.04362	0.02015	0.00990	0.00326	0.00629	0.55686	0.00675	0.00662
36	0.00886	0.00633	0.00843	0.01012	0.01054	0.00590	0.00675	0.01012	0.01392	0.01856	0.04006	0.73979	0.04808	0.02277	0.00928	0.00295	0.00422	0.02066	0.00675	0.00590
37	0.01046	0.00748	0.01011	0.01011	0.01087	0.00823	0.00713	0.01197	0.01122	0.01571	0.02090	0.03650	0.02162	0.34266	0.43230	0.00975	0.01428	0.00895	0.00411	0.00562
38	0.01850	0.01582	0.01667	0.01488	0.01906	0.01828	0.01161	0.06653	0.65747	0.03108	0.02905	0.02670	0.02176	0.00981	0.00739	0.00245	0.00585	0.00814	0.00739	0.01154
39	0.03261	0.01237	0.01687	0.01293	0.01856	0.01068	0.01068	0.03543	0.02081	0.70423	0.02868	0.02474	0.01799	0.00900	0.00731	0.00225	0.00619	0.00731	0.00900	0.01237
40	0.01476	0.06397	0.68209	0.02041	0.03099	0.01732	0.02632	0.02297	0.01533	0.02280	0.01294	0.01521	0.00921	0.00688	0.00682	0.00227	0.01063	0.00532	0.00307	0.01069
41	0.02718	0.03400	0.02065	0.01864	0.02248	0.68389	0.01403	0.05837	0.02122	0.01906	0.01152	0.01331	0.00950	0.00755	0.00659	0.00189	0.01288	0.00477	0.00391	0.00861
42	0.02763	0.02036	0.02182	0.01672	0.02254	0.02254	0.01382	0.67496	0.03418	0.04581	0.01745	0.01745	0.01236	0.00873	0.00727	0.00218	0.00800	0.00654	0.00727	0.01236
43	0.01053	0.00719	0.00867	0.00867	0.00893	0.00745	0.00534	0.01105	0.01079	0.01465	0.02222	0.04379	0.02479	0.60731	0.17198	0.00797	0.00952	0.01002	0.00430	0.00482
44	0.55931	0.09480	0.15273	0.01209	0.01801	0.01771	0.01214	0.02174	0.01321	0.02909	0.01070	0.01250	0.00829	0.00672	0.00500	0.00219	0.00687	0.00422	0.00407	0.00860
45	0.01943	0.74891	0.03809	0.01244	0.01866	0.02876	0.01244	0.02177	0.01477	0.01710	0.01011	0.01166	0.00933	0.00622	0.00466	0.00155	0.00777	0.00389	0.00311	0.00933
46	0.00983	0.00741	0.00908	0.00866	0.01058	0.00666	0.00649	0.01282	0.01948	0.02656	0.52593	0.05857	0.23963	0.01583	0.00858	0.00233	0.00350	0.01374	0.00766	0.00666
47	0.09104	0.02028	0.01908	0.01563	0.02057	0.11275	0.01256	0.38239	0.15942	0.03720	0.01864	0.01866	0.01376	0.00861	0.00688	0.00218	0.00786	0.00641	0.03500	0.01108
48	0.08833	0.34323	0.02758	0.01494	0.02011	0.26439	0.01279	0.11117	0.01917	0.02246	0.01148	0.01294	0.00962	0.00704	0.00565	0.00181	0.00947	0.00452	0.00400	0.00930
49	0.01767	0.01694	0.02893	0.09585	0.65046	0.01719	0.02215	0.02203	0.01640	0.02336	0.01362	0.01810	0.01138	0.00654	0.00720	0.00218	0.00871	0.00648	0.00357	0.01126
50	0.01029	0.00743	0.00972	0.00914	0.01086	0.00686	0.00686	0.01372	0.02058	0.02915	0.69536	0.05430	0.06859	0.01486	0.00857	0.00229	0.00343	0.01315	0.00800	0.00686
51	0.01029	0.00743	0.00972	0.00914	0.01086	0.00686	0.00686	0.01372	0.02058	0.02915	0.69536	0.05430	0.06859	0.01486	0.00857	0.00229	0.00343	0.01315	0.00800	0.00686
52	0.03261	0.01237	0.01687	0.01293	0.01856	0.01068	0.01068	0.03543	0.02081	0.70423	0.02868	0.02474	0.01799	0.00900	0.00731	0.00225	0.00619	0.00731	0.00900	0.01237
53	0.01943	0.74891	0.03809	0.01244	0.01866	0.02876	0.01244	0.02177	0.01477	0.01710	0.01011	0.01166	0.00933	0.00622	0.00466	0.00155	0.00777	0.00389	0.00311	0.00933
54	0.01048	0.00701	0.00795	0.00804	0.00806	0.00699	0.00453	0.01055	0.01074	0.01433	0.02379	0.08346	0.02755	0.70711	0.03556	0.00683	0.00690	0.01109	0.00453	0.00448
55	0.79588	0.01406	0.01068	0.00956	0.01406	0.01631	0.00787	0.02137	0.01237	0.03261	0.01012	0.01181	0.00787	0.00675	0.00450	0.00225	0.00562	0.00394	0.00450	0.00787
56	0.01355	0.00678	0.00678	0.00678	0.00847	0.00678	0.00508	0.01694	0.01524	0.02710	0.02371	0.02710	0.01863	0.00847	0.00508	0.00169	0.00339	0.00678	0.78489	0.00678
57	0.79588	0.01406	0.01068	0.00956	0.01406	0.01631	0.00787	0.02137	0.01237	0.03261	0.01012	0.01181	0.00787	0.00675	0.00450	0.00225	0.00562	0.00394	0.00450	0.00787
58	0.01355	0.00678	0.00678	0.00678	0.00847	0.00678	0.00508	0.01694	0.01524	0.02710	0.02371	0.02710	0.01863	0.00847	0.00508	0.00169	0.00339	0.00678	0.78489	0.00678
59	0.76751	0.01399	0.01091	0.00968	0.01422	0.01610	0.00798	0.02189	0.01268	0.05758	0.01081	0.01229	0.00825	0.00683	0.00460	0.00225	0.00564	0.00406	0.00467	0.00804
60	0.01808	0.01561	0.01644	0.01479	0.01890	0.01808	0.01151	0.03863	0.68606	0.03041	0.02959	0.02712	0.02219	0.00986	0.00740	0.00247	0.00575	0.00822	0.00740	0.01151
61	0.00886	0.00633	0.00843	0.01012	0.01054	0.00590	0.00675	0.01012	0.01392	0.01856	0.04006	0.73979	0.04808	0.02277	0.00928	0.00295	0.00422	0.02066	0.00675	0.00590
62	0.67249	0.01507	0.01247	0.01071	0.01542	0.01731	0.00883	0.12634	0.01587	0.03473	0.01130	0.01271	0.00859	0.00707	0.00494	0.00224	0.00600	0.00436	0.00494	0.00859
63	0.01929	0.00927	0.01213	0.01076	0.01394	0.00816	0.00828	0.02167	0.01840	0.31597	0.15003	0.21739	0.13464	0.01486	0.00821	0.00246	0.00485	0.01286	0.00793	0.00889
64	0.03261	0.01237	0.01687	0.01293	0.01856	0.01068	0.01068	0.03543	0.02081	0.70423	0.02868	0.02474	0.01799	0.00900	0.00731	0.00225	0.00619	0.00731	0.00900	0.01237
65	0.03261	0.01237	0.01687	0.01293	0.01856	0.01068	0.01068	0.03543	0.02081	0.70423	0.02868	0.02474	0.01799	0.00900	0.00731	0.00225	0.00619	0.00731	0.00900	0.01237
66	0.16080	0.01319	0.01596	0.01264	0.01796	0.01262	0.01038	0.05605	0.07023	0.51584	0.02520	0.02247	0.01639	0.00867	0.00684	0.00226	0.00612	0.00678	0.00805	0.01154
67	0.00884	0.00638	0.00838	0.00998	0.01051	0.00592	0.00668	0.01014	0.01405	0.01861	0.04181	0.70506	0.08169	0.02255	0.00924	0.00293	0.00419	0.02039	0.00675	0.00592
68	0.00886	0.00633	0.00843	0.01012	0.01054	0.00590	0.00675	0.01012	0.01392	0.01856	0.04006	0.73979	0.04808	0.02277	0.00928	0.00295	0.00422	0.02066	0.00675	0.00590
69	0.51084	0.18530	0.01851	0.01128	0.01628	0.04303	0.00975	0.08980	0.01547	0.02991	0.01092	0.01241	0.00873	0.00686	0.00489	0.00207	0.00662	0.00422	0.00444	0.00869
70	0.03261	0.01237	0.01687	0.01293	0.01856	0.01068	0.01068	0.03543	0.02081	0.70423	0.02868	0.02474	0.01799	0.00900	0.00731	0.00225	0.00619	0.00731	0.00900	0.01237
71	0.04692	0.08512	0.49001	0.01888	0.02808	0.01682	0.05182	0.02487	0.01615	0.13236	0.01530	0.01664	0.01066	0.00715	0.00679	0.00224	0.00967	0.00566	0.00410	0.01075
72	0.01856	0.01689	0.02498	0.04277	0.02371	0.02035	0.13841	0.16722	0.01786	0.02567	0.01337	0.01782	0.01108	0.01011	0.01543	0.00269	0.35994	0.00685	0.05706	0.00922
73	0.01023	0.00743	0.00963	0.00908	0.01082	0.00683	0.00681	0.01360	0.02043	0.02881	0.67331	0.05485	0.09085	0.01499	0.00857	0.00229	0.00344	0.01322	0.00796	0.00683
74	0.00934	0.00771	0.00819	0.00831	0.01050	0.00686	0.00617	0.01214	0.05098	0.02036	0.09115	0.13625	0.52538	0.04265	0.00960	0.00268	0.00404	0.03454	0.00676	0.00638
75	0.65284	0.01457	0.01235	0.01058	0.01531	0.01649	0.00872	0.09040	0.01533	0.08966	0.01242	0.01347	0.00918	0.00714	0.00502	0.00224	0.00592	0.00449	0.00516	0.00871
76	0.00918	0.00712	0.00778	0.00803	0.00954	0.00635	0.00552	0.01056	0.01490	0.01857	0.08344	0.17352	0.40469	0.19029	0.01540	0.00361	0.00455	0.01499	0.00625	0.00572
77	0.01943	0.74891	0.03809	0.01244	0.01866	0.02876	0.01244	0.02177	0.01477	0.01710	0.01011	0.01166	0.00933	0.00622	0.00466	0.00155	0.00777	0.00389	0.00311	0.00933
78	0.00897	0.00741	0.00789	0.00786	0.01017	0.00633	0.00596	0.01111	0.01719	0.02118	0.16814	0.06799	0.57519	0.01792	0.00864	0.00246	0.00375	0.03860	0.00694	0.00627
79	0.01943	0.74891	0.03809	0.01244	0.01866	0.02876	0.01244	0.02177	0.01477	0.01710	0.01011	0.01166	0.00933	0.00622	0.00466	0.00155	0.00777	0.00389	0.00311	0.00933
80	0.02142	0.04279	0.01784	0.01283	0.01868	0.01413	0.01050	0.19322	0.04637	0.14607	0.04724	0.01939	0.01533	0.00749	0.00639	0.00169	0.00622	0.00592	0.00611	0.36036
81	0.01604	0.12181	0.40316	0.02294	0.03199	0.01888	0.23803	0.02295	0.01587	0.02236	0.01322	0.01628	0.00982	0.00656	0.00717	0.00226	0.01087	0.00624	0.00327	0.01025
82	0.02763	0.02036	0.02182	0.01672	0.02254	0.02254	0.01382	0.67496	0.03418	0.04581	0.01745	0.01745	0.01236	0.00873	0.00727	0.00218	0.00800	0.00654	0.00727	0.01236
83	0.00885	0.00637	0.00839	0.01002	0.01052	0.00591	0.00670	0.01013	0.01402	0.01860	0.04134	0.71440	0.07265	0.02261	0.00925	0.00293	0.00420	0.02046	0.00675	0.00591
84	0.01537	0.03649	0.67662	0.02038	0.03090	0.01661	0.02615	0.02356	0.01559	0.05289	0.01373	0.01576	0.00959	0.00700	0.00692	0.00230	0.01054	0.00546	0.00333	0.01081
85	0.01035	0.00855	0.00925	0.00916	0.01150	0.00810	0.00682	0.01530	0.12418	0.02231	0.13356	0.15877	0.42106	0.01726	0.00850	0.00251	0.00406	0.01472	0.00700	0.00705
86	0.03261	0.01237	0.01687	0.01293	0.01856	0.01068	0.01068	0.03543	0.02081	0.70423	0.02868	0.02474	0.01799	0.00900	0.00731	0.00225	0.00619	0.00731	0.00900	0.01237
87	0.02276	0.01670	0.01862	0.01519	0.01976	0.01853	0.01229	0.42903	0.11280	0.05872	0.02074	0.05364	0.01642	0.01736	0.12877	0.00388	0.00945	0.00764	0.00674	0.01095
88	0.01625	0.01172	0.06285	0.01233	0.01536	0.00991	0.01013	0.10073	0.01839	0.14872	0.05740	0.36942	0.06028	0.01667	0.00849	0.00266	0.00566	0.05768	0.00700	0.00836
89	0.02715	0.03464	0.02060	0.01873	0.02247	0.71536	0.01404	0.02903	0.02060	0.01779	0.01124	0.01311	0.00936	0.00749	0.00655	0.00187	0.01311	0.00468	0.00375	0.00843
90	0.03261	0.01237	0.01687	0.01293	0.01856	0.01068	0.01068	0.03543	0.02081	0.70423	0.02868	0.02474	0.01799	0.00900	0.00731	0.00225	0.00619	0.00731	0.00900	0.01237
91	0.01627	0.18551	0.54107	0.01869	0.02830	0.01914	0.02323	0.02322	0.01543	0.04731	0.01302	0.01493	0.00956	0.00684	0.00645	0.00214	0.00995	0.00513	0.00330	0.01051
92	0.01632	0.23923	0.44849	0.01779	0.02643	0.05160	0.02123	0.02241	0.01523	0.02077	0.01246	0.01488	0.00971	0.00921	0.04301	0.00256	0.01045	0.00504	0.00315	0.01001
93	0.00886	0.00633	0.00843	0.01012	0.01054	0.00590	0.00675	0.01012	0.01392	0.01856	0.04006	0.73979	0.04808	0.02277	0.00928	0.00295	0.00422	0.02066	0.00675	0.00590
94	0.01458	0.03760	0.70688	0.02072	0.03146	0.01688	0.02686	0.02302	0.01535	0.02302	0.01304	0.01535	0.00921	0.00691	0.00691	0.00230	0.01074	0.00537	0.00307	0.01074
95	0.00935	0.00668	0.00877	0.00973	0.01050	0.00624	0.00666	0.01117	0.01564	0.02134	0.22569	0.50878	0.05279	0.05795	0.01051	0.00297	0.00414	0.01800	0.00698	0.00610
96	0.01801	0.54076	0.23380	0.01486	0.02240	0.02529	0.01666	0.02213	0.01494	0.01883	0.01097	0.01274	0.00929	0.00642	0.00532	0.00177	0.00864	0.00432	0.00310	0.00974
97	0.00994	0.00768	0.00930	0.01010	0.01203	0.00704	0.00818	0.01239	0.01655	0.02075	0.07979	0.13272	0.35233	0.01933	0.00923	0.00285	0.00493	0.27170	0.00677	0.00637
98	0.04983	0.56355	0.08835	0.01387	0.02004	0.12352	0.01365	0.02287	0.01554	0.01827	0.01050	0.01217	0.00927	0.00647	0.00510	0.00169	0.00868	0.00412	0.00325	0.00926
99	0.01025	0.00697	0.00828	0.00858	0.00874	0.00698	0.00514	0.01066	0.01124	0.01508	0.02571	0.16909	0.02970	0.56896	0.07881	0.00664	0.00740	0.01217	0.00479	0.00481
100	0.00958	0.00739	0.00876	0.00858	0.01055	0.00657	0.00645	0.01227	0.01855	0.02460	0.39378	0.08711	0.32611	0.01678	0.00865	0.00241	0.00367	0.03427	0.00740	0.00652
101	0.01700	0.01926	0.04152	0.05482	0.03784	0.01842	0.62981	0.02294	0.01688	0.02294	0.01449	0.01949	0.01094	0.00637	0.00900	0.00247	0.03405	0.00844	0.00365	0.00969
102	0.04449	0.00932	0.00944	0.00855	0.01103	0.00977	0.00665	0.12745	0.01831	0.03044	0.02217	0.02492	0.01719	0.00845	0.00543	0.00180	0.00424	0.00663	0.62598	0.00775
103	0.02059	0.59750	0.06064	0.01385	0.01981	0.14769	0.01327	0.02308	0.01581	0.01745	0.01041	0.01205	0.00933	0.00647	0.00508	0.00164	0.00881	0.00408	0.00322	0.00923
104	0.00906	0.00734	0.00804	0.00796	0.01013	0.00632	0.00593	0.01130	0.01753	0.02214	0.23864	0.09383	0.50108	0.01764	0.00862	0.00243	0.00364	0.01498	0.00709	0.00632
105	0.07929	0.01549	0.02034	0.15996	0.20456	0.04107	0.01567	0.10680	0.12551	0.02655	0.01977	0.09483	0.01742	0.00966	0.00733	0.00238	0.00770	0.03075	0.00512	0.00982
106	0.02464	0.12945	0.02448	0.02195	0.13064	0.48436	0.01514	0.04986	0.01963	0.01965	0.01169	0.01385	0.00981	0.00720	0.00642	0.00189	0.01148	0.00493	0.00376	0.00919
107	0.00900	0.00638	0.00839	0.00994	0.01033	0.00600	0.00656	0.01016	0.01365	0.01819	0.03868	0.68378	0.04632	0.08118	0.01152	0.00328	0.00445	0.01985	0.00656	0.00578
108	0.39271	0.05196	0.17871	0.04181	0.08702	0.06828	0.01480	0.02207	0.01454	0.02713	0.03430	0.01503	0.01081	0.00708	0.00572	0.00220	0.00784	0.00497	0.00403	0.00898
109	0.01170	0.00636	0.00907	0.00945	0.00962	0.00627	0.00629	0.00995	0.01076	0.01460	0.01981	0.18903	0.02161	0.05419	0.02348	0.54498	0.00575	0.00982	0.03328	0.00398
110	0.01494	0.01390	0.02304	0.59052	0.15328	0.01657	0.02029	0.04406	0.01560	0.02044	0.01321	0.01908	0.01008	0.00720	0.00726	0.00237	0.00946	0.00647	0.00344	0.00879
111	0.68446	0.04156	0.01211	0.00989	0.01442	0.01604	0.00820	0.02206	0.01335	0.07814	0.03707	0.01429	0.01090	0.00719	0.00485	0.00222	0.00566	0.00451	0.00489	0.00820
112	0.04514	0.01797	0.07789	0.08749	0.05695	0.01599	0.36222	0.04411	0.01671	0.02388	0.01609	0.06454	0.01335	0.00748	0.00768	0.00227	0.00984	0.00811	0.03328	0.08900

[dist]
# distance from previous block
# <min> <max>
0	3

[block]
# block no. 1 follows, 28 sequences, length 93
# corresponding to MSA columns:
# 172-264
name=unknown_B
#
# <colnr> <probs for GDERKNQSTAVLIFYWHMCP>
#	G	D	E	R	K	N	Q	S	T	A	V	L	I	F	Y	W	H	M	C	P
0	0.00982	0.00871	0.00875	0.00848	0.01078	0.03393	0.00642	0.01191	0.01718	0.02103	0.16921	0.06343	0.54560	0.01723	0.00903	0.00243	0.02867	0.01428	0.00672	0.00640
1	0.01008	0.00742	0.00943	0.00893	0.01073	0.00677	0.00670	0.01332	0.02010	0.02801	0.62079	0.05618	0.14387	0.01529	0.00858	0.00231	0.00346	0.01341	0.00785	0.00677
2	0.01901	0.62205	0.13330	0.01384	0.02062	0.05105	0.01456	0.02220	0.01506	0.01797	0.01057	0.01224	0.00931	0.00636	0.00505	0.00167	0.00839	0.00413	0.00313	0.00950
3	0.01808	0.01561	0.01644	0.01479	0.01890	0.01808	0.01151	0.03863	0.68606	0.03041	0.02959	0.02712	0.02219	0.00986	0.00740	0.00247	0.00575	0.00822	0.00740	0.01151
4	0.01021	0.00743	0.00961	0.00907	0.01081	0.00683	0.00680	0.01358	0.02040	0.02874	0.66846	0.05498	0.09575	0.01501	0.00857	0.00229	0.00344	0.01324	0.00795	0.00683
5	0.01006	0.00742	0.00940	0.00891	0.01072	0.00676	0.00668	0.01327	0.02004	0.02787	0.61162	0.05641	0.15313	0.01534	0.00858	0.00231	0.00346	0.01344	0.00783	0.00676
6	0.01171	0.00837	0.01171	0.01339	0.01506	0.00837	0.01171	0.01506	0.01673	0.02175	0.03849	0.08199	0.04183	0.02008	0.01004	0.00335	0.00669	0.65027	0.00669	0.00669
7	0.02715	0.03464	0.02060	0.01873	0.02247	0.71536	0.01404	0.02903	0.02060	0.01779	0.01124	0.01311	0.00936	0.00749	0.00655	0.00187	0.01311	0.00468	0.00375	0.00843
8	0.01507	0.01292	0.01507	0.01077	0.01723	0.00969	0.00861	0.01830	0.01507	0.02369	0.01292	0.01507	0.01077	0.00538	0.00538	0.00108	0.00538	0.00431	0.00431	0.78898
9	0.01507	0.01292	0.01507	0.01077	0.01723	0.00969	0.00861	0.01830	0.01507	0.02369	0.01292	0.01507	0.01077	0.00538	0.00538	0.00108	0.00538	0.00431	0.00431	0.78898
10	0.01057	0.00705	0.00793	0.00793	0.00793	0.00705	0.00440	0.01057	0.01057	0.01409	0.02290	0.04757	0.02643	0.74454	0.03700	0.00705	0.00705	0.01057	0.00440	0.00440
11	0.79588	0.01406	0.01068	0.00956	0.01406	0.01631	0.00787	0.02137	0.01237	0.03261	0.01012	0.01181	0.00787	0.00675	0.00450	0.00225	0.00562	0.00394	0.00450	0.00787
12	0.01808	0.01561	0.01644	0.01479	0.01890	0.01808	0.01151	0.03863	0.68606	0.03041	0.02959	0.02712	0.02219	0.00986	0.00740	0.00247	0.00575	0.00822	0.00740	0.01151
13	0.01373	0.01292	0.02180	0.72707	0.05006	0.01615	0.02019	0.01857	0.01453	0.01857	0.01292	0.01938	0.00969	0.00727	0.00727	0.00242	0.00969	0.00646	0.00323	0.00807
14	0.01744	0.01721	0.02789	0.19398	0.49865	0.04975	0.04618	0.02183	0.01632	0.02231	0.01343	0.01813	0.01099	0.00669	0.00723	0.00221	0.00922	0.00647	0.00353	0.01054
15	0.01767	0.01686	0.02868	0.04313	0.67040	0.01684	0.02166	0.02195	0.01672	0.02397	0.04219	0.01951	0.01390	0.00683	0.00725	0.00216	0.00842	0.00676	0.00378	0.01132
16	0.79588	0.01406	0.01068	0.00956	0.01406	0.01631	0.00787	0.02137	0.01237	0.03261	0.01012	0.01181	0.00787	0.00675	0.00450	0.00225	0.00562	0.00394	0.00450	0.00787
17	0.02954	0.01170	0.01582	0.01236	0.01748	0.01014	0.01012	0.03238	0.02064	0.61262	0.09730	0.02928	0.04656	0.00991	0.00748	0.00226	0.00582	0.00818	0.00882	0.01160
18	0.01943	0.74891	0.03809	0.01244	0.01866	0.02876	0.01244	0.02177	0.01477	0.01710	0.01011	0.01166	0.00933	0.00622	0.00466	0.00155	0.00777	0.00389	0.00311	0.00933
19	0.01133	0.00809	0.01127	0.01295	0.01445	0.00804	0.01104	0.01440	0.01635	0.02132	0.03870	0.17059	0.04267	0.02044	0.00994	0.00329	0.00636	0.56547	0.00670	0.00659
20	0.01762	0.41097	0.32866	0.01629	0.02438	0.05066	0.01878	0.02260	0.01525	0.01971	0.01143	0.01332	0.00928	0.00657	0.00572	0.00189	0.00928	0.00456	0.00312	0.00991
21	0.01057	0.00705	0.00793	0.00793	0.00793	0.00705	0.00440	0.01057	0.01057	0.01409	0.02290	0.04757	0.02643	0.74454	0.03700	0.00705	0.00705	0.01057	0.00440	0.00440
22	0.00886	0.00633	0.00843	0.01012	0.01054	0.00590	0.00675	0.01012	0.01392	0.01856	0.04006	0.73979	0.04808	0.02277	0.00928	0.00295	0.00422	0.02066	0.00675	0.00590
23	0.02447	0.01743	0.01916	0.04118	0.02087	0.01911	0.01231	0.50875	0.02894	0.06778	0.01873	0.02241	0.01469	0.11304	0.01142	0.00287	0.00770	0.00715	0.03105	0.01090
24	0.01679	0.00981	0.01250	0.01091	0.01383	0.00931	0.00855	0.08701	0.02165	0.17259	0.43610	0.07220	0.05035	0.01347	0.00825	0.00233	0.00463	0.03313	0.00804	0.00855
25	0.03244	0.01265	0.01704	0.01307	0.01870	0.01110	0.01079	0.05806	0.02128	0.68093	0.02828	0.02448	0.01779	0.00899	0.00731	0.00225	0.00625	0.00728	0.00894	0.01237
26	0.00983	0.00702	0.00955	0.01123	0.01208	0.00674	0.00844	0.01180	0.01488	0.01965	0.03953	0.51569	0.04595	0.02186	0.00954	0.00309	0.00506	0.23516	0.00673	0.00617
27	0.01849	0.01719	0.02961	0.04286	0.64602	0.01708	0.04952	0.02283	0.01673	0.04880	0.01427	0.01831	0.01173	0.00655	0.00726	0.00217	0.00870	0.00660	0.00380	0.01147
28	0.01023	0.00744	0.00972	0.00919	0.01091	0.00693	0.00691	0.01356	0.02004	0.02827	0.64329	0.05376	0.08945	0.01671	0.03917	0.00270	0.00413	0.01299	0.00778	0.00682
29	0.03261	0.01237	0.01687	0.01293	0.01856	0.01068	0.01068	0.03543	0.02081	0.70423	0.02868	0.02474	0.01799	0.00900	0.00731	0.00225	0.00619	0.00731	0.00900	0.01237
30	0.02763	0.02036	0.02182	0.01672	0.02254	0.02254	0.01382	0.67496	0.03418	0.04581	0.01745	0.01745	0.01236	0.00873	0.00727	0.00218	0.00800	0.00654	0.00727	0.01236
31	0.01698	0.04576	0.08785	0.06237	0.08555	0.01844	0.50131	0.02346	0.04016	0.02311	0.01479	0.01915	0.01120	0.00640	0.00812	0.00239	0.01137	0.00792	0.00372	0.00996
32	0.03261	0.01237	0.01687	0.01293	0.01856	0.01068	0.01068	0.03543	0.02081	0.70423	0.02868	0.02474	0.01799	0.00900	0.00731	0.00225	0.00619	0.00731	0.00900	0.01237
33	0.01029	0.00743	0.00972	0.00914	0.01086	0.00686	0.00686	0.01372	0.02058	0.02915	0.69536	0.05430	0.06859	0.01486	0.00857	0.00229	0.00343	0.01315	0.00800	0.00686
34	0.01038	0.00779	0.01168	0.01168	0.01298	0.00909	0.00909	0.01298	0.01168	0.01687	0.01947	0.02856	0.01817	0.05452	0.71573	0.01168	0.01947	0.00779	0.00389	0.00649
35	0.02763	0.02036	0.02182	0.01672	0.02254	0.02254	0.01382	0.67496	0.03418	0.04581	0.01745	0.01745	0.01236	0.00873	0.00727	0.00218	0.00800	0.00654	0.00727	0.01236
36	0.00886	0.00633	0.00843	0.01012	0.01054	0.00590	0.00675	0.01012	0.01392	0.01856	0.04006	0.73979	0.04808	0.02277	0.00928	0.00295	0.00422	0.02066	0.00675	0.00590
37	0.01590	0.01590	0.02226	0.01908	0.01908	0.02226	0.01590	0.01749	0.01113	0.01749	0.00954	0.01590	0.00954	0.01272	0.02385	0.00318	0.73123	0.00636	0.00318	0.00795
38	0.01799	0.01727	0.02950	0.04462	0.69919	0.01727	0.02231	0.02231	0.01655	0.02375	0.01367	0.01799	0.01151	0.00648	0.00720	0.00216	0.00864	0.00648	0.00360	0.01151
39	0.01889	0.01602	0.01689	0.01496	0.01921	0.01846	0.01170	0.09278	0.63059	0.03172	0.02855	0.02630	0.02135	0.00977	0.00739	0.00244	0.00594	0.00808	0.00739	0.01158
40	0.02579	0.01900	0.02044	0.01615	0.02159	0.02107	0.01318	0.51052	0.17384	0.07085	0.02055	0.01985	0.01472	0.00898	0.00730	0.00225	0.00744	0.00694	0.00737	0.01218
41	0.01808	0.01561	0.01644	0.01479	0.01890	0.01808	0.01151	0.03863	0.68606	0.03041	0.02959	0.02712	0.02219	0.00986	0.00740	0.00247	0.00575	0.00822	0.00740	0.01151
42	0.01373	0.01292	0.02180	0.72707	0.05006	0.01615	0.02019	0.01857	0.01453	0.01857	0.01292	0.01938	0.00969	0.00727	0.00727	0.00242	0.00969	0.00646	0.00323	0.00807
43	0.01744	0.45605	0.31344	0.01585	0.02393	0.02387	0.01837	0.02228	0.01501	0.01954	0.01132	0.01318	0.00928	0.00650	0.00559	0.00186	0.00900	0.00450	0.00309	0.00991
44	0.01552	0.01534	0.02153	0.01857	0.01866	0.02135	0.01543	0.01718	0.01117	0.01745	0.01023	0.01678	0.01014	0.01563	0.07193	0.00377	0.68178	0.00646	0.00323	0.00785
45	0.00970	0.00741	0.00890	0.00853	0.01050	0.00661	0.00640	0.01258	0.01919	0.02587	0.48085	0.05970	0.28515	0.01609	0.00858	0.00234	0.00352	0.01390	0.00757	0.00661
46	0.01761	0.01688	0.02882	0.10565	0.64114	0.01717	0.02212	0.02197	0.01637	0.02328	0.01361	0.01812	0.01135	0.00655	0.00720	0.00218	0.00873	0.00648	0.00357	0.01121
47	0.01425	0.01346	0.02275	0.64289	0.13013	0.01629	0.02045	0.01903	0.01478	0.01921	0.01301	0.01921	0.00991	0.00717	0.00726	0.00239	0.00956	0.00646	0.00328	0.00850
48	0.02796	0.01303	0.01650	0.01323	0.01829	0.01243	0.01073	0.05515	0.16520	0.49657	0.06889	0.02681	0.02179	0.00953	0.00740	0.00230	0.00598	0.00784	0.00854	0.01185
49	0.03106	0.01204	0.01644	0.01276	0.01809	0.01049	0.01049	0.03388	0.02048	0.65666	0.05161	0.02591	0.01976	0.01079	0.03212	0.00258	0.00655	0.00753	0.00878	0.01197
50	0.00886	0.00633	0.00843	0.01012	0.01054	0.00590	0.00675	0.01012	0.01392	0.01856	0.04006	0.73979	0.04808	0.02277	0.00928	0.00295	0.00422	0.02066	0.00675	0.00590
51	0.04725	0.01353	0.02309	0.63841	0.04753	0.01634	0.07418	0.01908	0.01466	0.01956	0.01295	0.01908	0.00972	0.00715	0.00726	0.00242	0.00973	0.00653	0.00332	0.00821
52	0.01990	0.63289	0.03626	0.01382	0.01973	0.05712	0.03779	0.04973	0.01580	0.01860	0.01062	0.01243	0.00953	0.00661	0.00571	0.00169	0.03474	0.00430	0.00334	0.00939
53	0.01049	0.00718	0.00901	0.00917	0.00966	0.00752	0.00601	0.01152	0.01143	0.01593	0.02358	0.10698	0.02573	0.44161	0.22937	0.00775	0.01020	0.01055	0.04102	0.00526
54	0.08762	0.03302	0.01982	0.01801	0.02181	0.66037	0.01356	0.02842	0.01995	0.01896	0.01115	0.01301	0.00925	0.00743	0.00639	0.00190	0.01252	0.00462	0.00380	0.00838
55	0.03261	0.01237	0.01687	0.01293	0.01856	0.01068	0.01068	0.03543	0.02081	0.70423	0.02868	0.02474	0.01799	0.00900	0.00731	0.00225	0.00619	0.00731	0.00900	0.01237
56	0.02126	0.01826	0.05229	0.20485	0.14321	0.01925	0.01719	0.34678	0.02478	0.03326	0.01722	0.01959	0.03281	0.00820	0.00728	0.00225	0.00853	0.00674	0.00541	0.01085
57	0.02722	0.02016	0.02158	0.01664	0.02239	0.02235	0.01372	0.64755	0.06225	0.04515	0.01797	0.01787	0.01279	0.00877	0.00728	0.00219	0.00790	0.00662	0.00728	0.01232
58	0.03261	0.01237	0.01687	0.01293	0.01856	0.01068	0.01068	0.03543	0.02081	0.70423	0.02868	0.02474	0.01799	0.00900	0.00731	0.00225	0.00619	0.00731	0.00900	0.01237
59	0.01458	0.03760	0.70688	0.02072	0.03146	0.01688	0.02686	0.02302	0.01535	0.02302	0.01304	0.01535	0.00921	0.00691	0.00691	0.00230	0.01074	0.00537	0.00307	0.01074
60	0.01122	0.00764	0.01002	0.00930	0.01118	0.00702	0.00702	0.01463	0.02059	0.05739	0.66747	0.05306	0.06647	0.01462	0.00852	0.00228	0.00354	0.01290	0.00804	0.00709
61	0.00877	0.00691	0.00793	0.00865	0.01018	0.00606	0.00611	0.01042	0.01555	0.01952	0.08259	0.36513	0.38603	0.02020	0.00889	0.00267	0.00391	0.01761	0.00680	0.00606
62	0.01355	0.00678	0.00678	0.00678	0.00847	0.00678	0.00508	0.01694	0.01524	0.02710	0.02371	0.02710	0.01863	0.00847	0.00508	0.00169	0.00339	0.00678	0.78489	0.00678
63	0.01458	0.03760	0.70688	0.02072	0.03146	0.01688	0.02686	0.02302	0.01535	0.02302	0.01304	0.01535	0.00921	0.00691	0.00691	0.00230	0.01074	0.00537	0.00307	0.01074
64	0.00886	0.00633	0.00843	0.01012	0.01054	0.00590	0.00675	0.01012	0.01392	0.01856	0.04006	0.73979	0.04808	0.02277	0.00928	0.00295	0.00422	0.02066	0.00675	0.00590
65	0.01373	0.01292	0.02180	0.72707	0.05006	0.01615	0.02019	0.01857	0.01453	0.01857	0.01292	0.01938	0.00969	0.00727	0.00727	0.00242	0.00969	0.00646	0.00323	0.00807
66	0.01044	0.00758	0.01061	0.01061	0.01154	0.00851	0.00775	0.01229	0.01137	0.01608	0.02045	0.03397	0.02052	0.25089	0.52257	0.01036	0.01593	0.00858	0.00404	0.00590
67	0.01943	0.74891	0.03809	0.01244	0.01866	0.02876	0.01244	0.02177	0.01477	0.01710	0.01011	0.01166	0.00933	0.00622	0.00466	0.00155	0.00777	0.00389	0.00311	0.00933
68	0.00989	0.00712	0.00936	0.00942	0.01077	0.00659	0.00683	0.01272	0.01872	0.02620	0.51306	0.24500	0.06288	0.01706	0.00877	0.00247	0.00365	0.01524	0.00765	0.00659
69	0.01516	0.01320	0.01626	0.01161	0.01811	0.01006	0.03692	0.01852	0.01516	0.02367	0.01300	0.01527	0.01078	0.00542	0.00552	0.00114	0.00568	0.00449	0.00428	0.75577
70	0.01746	0.01850	0.03659	0.03600	0.31108	0.01807	0.37924	0.02267	0.01668	0.02326	0.01409	0.01880	0.01118	0.00652	0.00857	0.00236	0.03725	0.00763	0.00363	0.01044
71	0.00942	0.00683	0.00898	0.01054	0.01119	0.00655	0.00729	0.01157	0.03967	0.01924	0.03955	0.66448	0.04664	0.02209	0.00926	0.00296	0.00446	0.06634	0.00677	0.00617
72	0.01038	0.00779	0.01168	0.01168	0.01298	0.00909	0.00909	0.01298	0.01168	0.01687	0.01947	0.02856	0.01817	0.05452	0.71573	0.01168	0.01947	0.00779	0.00389	0.00649
73	0.01762	0.01688	0.02863	0.04315	0.67201	0.01683	0.02165	0.02184	0.01655	0.02359	0.01604	0.02004	0.03851	0.00695	0.00725	0.00217	0.00844	0.00683	0.00372	0.01130
74	0.01057	0.00705	0.00793	0.00793	0.00793	0.00705	0.00440	0.01057	0.01057	0.01409	0.02290	0.04757	0.02643	0.74454	0.03700	0.00705	0.00705	0.01057	0.00440	0.00440
75	0.01590	0.01590	0.02226	0.01908	0.01908	0.02226	0.01590	0.01749	0.01113	0.01749	0.00954	0.01590	0.00954	0.01272	0.02385	0.00318	0.73123	0.00636	0.00318	0.00795
76	0.01779	0.01707	0.02914	0.07657	0.66880	0.01722	0.02221	0.02213	0.01646	0.02351	0.01364	0.01806	0.01143	0.00651	0.00720	0.00217	0.00868	0.00648	0.00358	0.01135
77	0.01709	0.01635	0.02788	0.18869	0.56215	0.01703	0.02186	0.02152	0.01613	0.02266	0.01351	0.01828	0.01113	0.00664	0.00721	0.00221	0.00886	0.00647	0.00352	0.01079
78	0.01767	0.01695	0.02893	0.09561	0.65069	0.01719	0.02215	0.02203	0.01640	0.02336	0.01362	0.01809	0.01138	0.00654	0.00720	0.00218	0.00871	0.00648	0.00357	0.01126
79	0.01458	0.03760	0.70688	0.02072	0.03146	0.01688	0.02686	0.02302	0.01535	0.02302	0.01304	0.01535	0.00921	0.00691	0.00691	0.00230	0.01074	0.00537	0.00307	0.01074
80	0.01029	0.00743	0.00972	0.00914	0.01086	0.00686	0.00686	0.01372	0.02058	0.02915	0.69536	0.05430	0.06859	0.01486	0.00857	0.00229	0.00343	0.01315	0.00800	0.00686
81	0.01943	0.74891	0.03809	0.01244	0.01866	0.02876	0.01244	0.02177	0.01477	0.01710	0.01011	0.01166	0.00933	0.00622	0.00466	0.00155	0.00777	0.00389	0.00311	0.00933
82	0.00873	0.00737	0.00755	0.00751	0.00990	0.00619	0.00563	0.01070	0.01689	0.02040	0.12383	0.06869	0.64557	0.01812	0.00859	0.00244	0.00366	0.01516	0.00685	0.00619
83	0.03261	0.01237	0.01687	0.01293	0.01856	0.01068	0.01068	0.03543	0.02081	0.70423	0.02868	0.02474	0.01799	0.00900	0.00731	0.00225	0.00619	0.00731	0.00900	0.01237
84	0.01029	0.00743	0.00972	0.00914	0.01086	0.00686	0.00686	0.01372	0.02058	0.02915	0.69536	0.05430	0.06859	0.01486	0.00857	0.00229	0.00343	0.01315	0.00800	0.00686
85	0.01943	0.74891	0.03809	0.01244	0.01866	0.02876	0.01244	0.02177	0.01477	0.01710	0.01011	0.01166	0.00933	0.00622	0.00466	0.00155	0.00777	0.00389	0.00311	0.00933
86	0.00886	0.00633	0.00843	0.01012	0.01054	0.00590	0.00675	0.01012	0.01392	0.01856	0.04006	0.73979	0.04808	0.02277	0.00928	0.00295	0.00422	0.02066	0.00675	0.00590
87	0.01263	0.00631	0.00947	0.00947	0.00947	0.00631	0.00631	0.00947	0.00947	0.01263	0.01263	0.02210	0.01263	0.02525	0.02841	0.78851	0.00631	0.00631	0.00316	0.00316
88	0.01373	0.01292	0.02180	0.72707	0.05006	0.01615	0.02019	0.01857	0.01453	0.01857	0.01292	0.01938	0.00969	0.00727	0.00727	0.00242	0.00969	0.00646	0.00323	0.00807
89	0.01050	0.00702	0.00795	0.00802	0.00804	0.00700	0.00451	0.01055	0.01071	0.01429	0.02364	0.07738	0.02736	0.71346	0.03580	0.00687	0.00693	0.01101	0.00451	0.00447
90	0.01119	0.03929	0.10154	0.01078	0.01384	0.00899	0.00967	0.01523	0.01968	0.02790	0.58073	0.04762	0.05863	0.01350	0.00821	0.00226	0.00455	0.01179	0.00718	0.00746
91	0.01518	0.01308	0.01562	0.01204	0.04291	0.00998	0.00913	0.01845	0.01513	0.02369	0.01295	0.01518	0.01079	0.00542	0.00545	0.00112	0.00551	0.00439	0.00428	0.75969
92	0.01956	0.01599	0.02858	0.17926	0.29133	0.01609	0.16517	0.02412	0.01703	0.14607	0.01647	0.01987	0.01220	0.00702	0.00754	0.00230	0.00922	0.00709	0.00452	0.01056

[dist]
# distance from previous block
# <min> <max>
0	16

# created by:
# /st0/software/busco_prod/Augustus/scripts/msa2prfl.pl ./align_prep/139689.fa
