[name]
unknown

[dist]
# distance from previous block
# <min> <max>
47	99

[block]
# block no. 0 follows, 29 sequences, length 49
# corresponding to MSA columns:
# 134-182
name=unknown_A
#
# <colnr> <probs for GDERKNQSTAVLIFYWHMCP>
#	G	D	E	R	K	N	Q	S	T	A	V	L	I	F	Y	W	H	M	C	P
0	0.03668	0.01076	0.01320	0.05729	0.01678	0.01009	0.00908	0.04499	0.07106	0.19476	0.07636	0.12093	0.14426	0.03216	0.00814	0.00230	0.00535	0.01007	0.00660	0.12911
1	0.21131	0.06641	0.05483	0.01202	0.01689	0.01413	0.01044	0.10263	0.01880	0.26337	0.10830	0.02358	0.02032	0.03779	0.00759	0.00234	0.00618	0.00680	0.00651	0.00974
2	0.10834	0.08595	0.04417	0.05828	0.01924	0.05311	0.01109	0.02635	0.06435	0.28092	0.09192	0.02356	0.01972	0.02878	0.00737	0.00221	0.00658	0.00678	0.00630	0.05496
3	0.27132	0.01366	0.01459	0.01309	0.04243	0.01455	0.01003	0.04785	0.20288	0.19410	0.06201	0.02178	0.01794	0.00846	0.00630	0.00222	0.00572	0.00654	0.00650	0.03803
4	0.35744	0.09620	0.06124	0.01299	0.01823	0.06253	0.04808	0.04377	0.01602	0.17149	0.04059	0.01669	0.01268	0.00740	0.00574	0.00212	0.00700	0.00535	0.00522	0.00920
5	0.04212	0.15516	0.02149	0.01364	0.01879	0.01838	0.01150	0.25447	0.06111	0.18771	0.01838	0.01909	0.01361	0.03535	0.00849	0.02349	0.02484	0.00612	0.00619	0.06006
6	0.00963	0.00690	0.00895	0.01007	0.01095	0.00657	0.00732	0.01139	0.01459	0.01932	0.09969	0.39544	0.08921	0.11711	0.01274	0.00342	0.00493	0.15950	0.00641	0.00586
7	0.01082	0.00753	0.00945	0.00995	0.01112	0.00722	0.00701	0.05008	0.01595	0.03821	0.14863	0.43113	0.08194	0.09576	0.01165	0.00313	0.00462	0.04277	0.00666	0.00635
8	0.01566	0.01658	0.03082	0.08185	0.02968	0.01869	0.33407	0.01967	0.01404	0.01991	0.01265	0.01837	0.01059	0.01149	0.05851	0.00323	0.28484	0.00737	0.00340	0.00858
9	0.01993	0.66869	0.03528	0.01291	0.01872	0.11031	0.01237	0.02216	0.01515	0.01683	0.01003	0.01159	0.00914	0.00624	0.00479	0.00156	0.00823	0.00390	0.00312	0.00903
10	0.06907	0.01192	0.01497	0.01217	0.01670	0.01128	0.00981	0.05674	0.09170	0.44381	0.12843	0.05507	0.02585	0.01014	0.00727	0.00225	0.00558	0.00839	0.00810	0.01073
11	0.64036	0.01356	0.01162	0.01002	0.01455	0.01515	0.00824	0.04673	0.01415	0.12954	0.01315	0.01399	0.00958	0.00704	0.00492	0.00219	0.00561	0.00450	0.02662	0.00847
12	0.03176	0.01242	0.01671	0.01281	0.01833	0.01091	0.01058	0.05969	0.02089	0.68456	0.02767	0.02396	0.01741	0.00880	0.00716	0.00220	0.00613	0.00713	0.00875	0.01212
13	0.02124	0.01504	0.01660	0.01428	0.01873	0.01663	0.01129	0.08807	0.50854	0.16451	0.02787	0.02536	0.02017	0.00941	0.00722	0.00235	0.00589	0.00775	0.00754	0.01150
14	0.12113	0.01095	0.01358	0.01105	0.01541	0.01003	0.00895	0.02670	0.01893	0.43287	0.15798	0.03223	0.08864	0.01048	0.00717	0.00223	0.00525	0.00856	0.00788	0.00998
15	0.11218	0.01046	0.01244	0.01107	0.01428	0.01020	0.00846	0.04905	0.06045	0.26571	0.05611	0.22047	0.05148	0.07276	0.00980	0.00279	0.00540	0.01107	0.00705	0.00878
16	0.01125	0.00749	0.00984	0.00923	0.01105	0.00687	0.00693	0.01444	0.01975	0.06716	0.62011	0.09609	0.06304	0.01473	0.00837	0.00228	0.00356	0.01302	0.00782	0.00697
17	0.00927	0.00696	0.00856	0.00948	0.01058	0.00651	0.00663	0.01158	0.04137	0.01972	0.10448	0.46474	0.18093	0.04951	0.00994	0.00289	0.00421	0.03989	0.00665	0.00610
18	0.31431	0.01258	0.01389	0.01131	0.01615	0.01255	0.00927	0.02857	0.04078	0.39884	0.05778	0.02120	0.01678	0.00834	0.00621	0.00221	0.00569	0.00628	0.00708	0.01017
19	0.80005	0.01377	0.01047	0.00936	0.01377	0.01597	0.00771	0.02093	0.01212	0.03195	0.00991	0.01157	0.00771	0.00661	0.00441	0.00220	0.00551	0.00386	0.00441	0.00771
20	0.07620	0.01221	0.01618	0.01248	0.01792	0.01078	0.01031	0.03391	0.01990	0.67118	0.02704	0.02351	0.01706	0.00869	0.00700	0.00220	0.00603	0.00697	0.00856	0.01186
21	0.01123	0.00932	0.01201	0.01189	0.01331	0.05478	0.00921	0.01373	0.01201	0.01659	0.01855	0.02700	0.01725	0.05044	0.67547	0.01082	0.01867	0.00743	0.00381	0.00648
22	0.21875	0.01290	0.01500	0.01195	0.01704	0.01260	0.00983	0.06591	0.04326	0.46389	0.02294	0.02090	0.01507	0.00828	0.00642	0.00219	0.00593	0.00633	0.02996	0.01085
23	0.00876	0.00623	0.00824	0.00981	0.01020	0.00584	0.00649	0.00994	0.01347	0.01796	0.03840	0.71010	0.04603	0.05876	0.01045	0.00309	0.00427	0.01975	0.00649	0.00571
24	0.04110	0.00753	0.00956	0.00897	0.01076	0.00708	0.00676	0.01373	0.01984	0.02869	0.67441	0.05156	0.06485	0.01425	0.00824	0.00224	0.00344	0.01252	0.00770	0.00676
25	0.01661	0.01142	0.01373	0.07783	0.01711	0.01211	0.00943	0.20716	0.01911	0.07378	0.04060	0.19589	0.02571	0.22826	0.01612	0.00373	0.00662	0.01097	0.00596	0.00785
26	0.14071	0.01418	0.01521	0.01280	0.01724	0.01535	0.01026	0.13225	0.26460	0.18823	0.02346	0.02228	0.01682	0.00869	0.00655	0.00222	0.00582	0.00681	0.08592	0.01059
27	0.01036	0.00690	0.00777	0.00777	0.00777	0.00690	0.00431	0.01036	0.01036	0.01381	0.02244	0.04660	0.02589	0.74975	0.03624	0.00690	0.00690	0.01036	0.00431	0.00431
28	0.01828	0.63984	0.14488	0.01348	0.02027	0.02632	0.01443	0.02152	0.01456	0.01768	0.01036	0.01200	0.00912	0.00620	0.00492	0.00164	0.00808	0.00404	0.00304	0.00936
29	0.01820	0.05883	0.03961	0.01442	0.01800	0.14567	0.03180	0.14994	0.10432	0.02420	0.02057	0.04334	0.04375	0.08679	0.16408	0.00457	0.01076	0.00750	0.00502	0.00862
30	0.00877	0.00624	0.00823	0.00979	0.01018	0.00585	0.00648	0.00994	0.01345	0.01793	0.03831	0.70599	0.04591	0.06304	0.01061	0.00312	0.00429	0.01969	0.00648	0.00570
31	0.01936	0.01584	0.01688	0.01457	0.01883	0.01800	0.01150	0.18378	0.49816	0.03317	0.06959	0.02611	0.02246	0.00972	0.00729	0.00234	0.00599	0.00799	0.00726	0.01117
32	0.01586	0.07908	0.17723	0.18095	0.14836	0.01784	0.23585	0.02148	0.01559	0.02135	0.01316	0.01740	0.01009	0.00647	0.00725	0.00225	0.01021	0.00658	0.00332	0.00967
33	0.01401	0.01323	0.02238	0.63964	0.13763	0.01597	0.02006	0.01869	0.01450	0.01888	0.01276	0.01880	0.00973	0.00701	0.00711	0.00234	0.00935	0.00633	0.00321	0.00836
34	0.02276	0.02962	0.09763	0.02508	0.18816	0.45049	0.04085	0.02601	0.01855	0.01958	0.01189	0.01446	0.00972	0.00699	0.00668	0.00197	0.01151	0.00522	0.00356	0.00928
35	0.00887	0.00673	0.00818	0.00888	0.01017	0.00604	0.00626	0.01070	0.01572	0.02054	0.17901	0.39781	0.25642	0.01945	0.00874	0.00261	0.00382	0.01717	0.00685	0.00604
36	0.00866	0.00710	0.00767	0.00807	0.01008	0.00611	0.00601	0.01046	0.01578	0.01918	0.06406	0.18978	0.54312	0.01890	0.00863	0.00255	0.00389	0.05734	0.00661	0.00601
37	0.01745	0.02504	0.24239	0.02424	0.05040	0.05729	0.29972	0.08538	0.01760	0.02420	0.01358	0.01698	0.01021	0.00695	0.00848	0.00230	0.05623	0.00673	0.00374	0.03110
38	0.01691	0.01893	0.04042	0.03168	0.11875	0.01787	0.59922	0.02269	0.01673	0.02286	0.01428	0.01901	0.01086	0.00604	0.00824	0.00237	0.01157	0.00815	0.00359	0.00981
39	0.11579	0.07052	0.02204	0.04791	0.14421	0.26195	0.01456	0.19204	0.02131	0.02718	0.01285	0.01477	0.01014	0.00729	0.00638	0.00201	0.00945	0.00530	0.00455	0.00976
40	0.01081	0.00676	0.00894	0.01000	0.01082	0.00627	0.00678	0.01209	0.01398	0.07776	0.03706	0.63193	0.04300	0.07403	0.01090	0.00312	0.00450	0.01839	0.00663	0.00623
41	0.09397	0.01941	0.02043	0.01578	0.02136	0.02155	0.01303	0.62441	0.03163	0.04376	0.01647	0.01662	0.01173	0.00838	0.00689	0.00214	0.00763	0.00619	0.00689	0.01173
42	0.01356	0.01266	0.02079	0.67014	0.04626	0.01527	0.01879	0.01817	0.01428	0.01863	0.01266	0.01862	0.00958	0.00696	0.00696	0.00226	0.00913	0.00615	0.00326	0.07588
43	0.01726	0.01655	0.02825	0.10333	0.64853	0.01682	0.02167	0.02154	0.01604	0.02282	0.01333	0.01774	0.01112	0.00641	0.00706	0.00214	0.00855	0.00634	0.00349	0.01099
44	0.00877	0.00637	0.00830	0.00981	0.01045	0.00590	0.00671	0.01014	0.01397	0.01840	0.04203	0.65920	0.10356	0.02183	0.00906	0.00287	0.00419	0.04600	0.00661	0.00584
45	0.01008	0.00728	0.00952	0.00896	0.01064	0.00672	0.00672	0.01344	0.02016	0.02855	0.70158	0.05319	0.06719	0.01456	0.00840	0.00224	0.00336	0.01288	0.00784	0.00672
46	0.01530	0.01477	0.02073	0.01788	0.01788	0.02046	0.01477	0.01646	0.01076	0.01672	0.00961	0.01610	0.00961	0.01353	0.02375	0.07146	0.67349	0.00623	0.00311	0.00738
47	0.01010	0.00832	0.00853	0.00808	0.01074	0.00743	0.00617	0.06846	0.01788	0.02184	0.09326	0.06345	0.61657	0.01707	0.00830	0.00237	0.00396	0.01419	0.00671	0.00657
48	0.01206	0.00770	0.00989	0.01054	0.01174	0.00738	0.00739	0.05581	0.01539	0.07964	0.03583	0.57698	0.04089	0.06209	0.01038	0.00303	0.00476	0.03513	0.00670	0.00668

[dist]
# distance from previous block
# <min> <max>
0	1

[block]
# block no. 1 follows, 29 sequences, length 9
# corresponding to MSA columns:
# 184-192
name=unknown_B
#
# <colnr> <probs for GDERKNQSTAVLIFYWHMCP>
#	G	D	E	R	K	N	Q	S	T	A	V	L	I	F	Y	W	H	M	C	P
0	0.58393	0.01189	0.00973	0.00893	0.01213	0.01349	0.00678	0.01804	0.01164	0.02698	0.01334	0.02115	0.01269	0.20999	0.01312	0.00349	0.00589	0.00563	0.00438	0.00678
1	0.00917	0.00662	0.00911	0.01022	0.01085	0.00669	0.00712	0.01070	0.01287	0.01750	0.03287	0.51341	0.03800	0.06772	0.20545	0.00544	0.00836	0.01629	0.00573	0.00587
2	0.22526	0.00827	0.00887	0.00976	0.01127	0.00857	0.00691	0.01293	0.01322	0.02195	0.03122	0.54435	0.03632	0.01801	0.00781	0.00270	0.00451	0.01576	0.00601	0.00631
3	0.01034	0.00698	0.00817	0.00817	0.00831	0.00712	0.00482	0.01061	0.01047	0.01410	0.02207	0.04456	0.02500	0.67351	0.11127	0.00740	0.00824	0.01006	0.00426	0.00454
4	0.01279	0.00852	0.01149	0.01227	0.01420	0.00840	0.01027	0.01669	0.05074	0.07146	0.13024	0.13133	0.04262	0.01792	0.00924	0.00298	0.00580	0.42896	0.00694	0.00714
5	0.10632	0.01008	0.01253	0.01087	0.01442	0.00935	0.00859	0.02322	0.01771	0.33701	0.12939	0.13127	0.07683	0.03711	0.00849	0.00253	0.00523	0.04256	0.00747	0.00903
6	0.02587	0.02161	0.01899	0.01552	0.02020	0.21067	0.01238	0.37181	0.02663	0.09524	0.01709	0.01761	0.01247	0.00821	0.00670	0.00201	0.00855	0.00600	0.09197	0.01046
7	0.01182	0.00638	0.00886	0.00886	0.00886	0.00638	0.00567	0.00957	0.00957	0.01276	0.01512	0.02847	0.01607	0.22316	0.03013	0.57774	0.00638	0.00733	0.00343	0.00343
8	0.01596	0.01483	0.02257	0.01618	0.02271	0.01247	0.19235	0.05363	0.01629	0.02422	0.01336	0.01610	0.01070	0.00564	0.00623	0.00148	0.00725	0.00548	0.00420	0.53835

[dist]
# distance from previous block
# <min> <max>
0	1

[block]
# block no. 2 follows, 29 sequences, length 160
# corresponding to MSA columns:
# 194-331,333-354
name=unknown_C
#
# <colnr> <probs for GDERKNQSTAVLIFYWHMCP>
#	G	D	E	R	K	N	Q	S	T	A	V	L	I	F	Y	W	H	M	C	P
0	0.01030	0.00691	0.00775	0.00775	0.00782	0.00688	0.00435	0.01035	0.01052	0.01396	0.02383	0.04721	0.04486	0.72923	0.03546	0.00678	0.00681	0.01049	0.00438	0.00436
1	0.02707	0.01995	0.02137	0.01638	0.02208	0.02208	0.01353	0.68159	0.03348	0.04488	0.01710	0.01710	0.01211	0.00855	0.00712	0.00214	0.00784	0.00641	0.00712	0.01211
2	0.09793	0.01836	0.01628	0.01424	0.01849	0.16874	0.01111	0.03230	0.32688	0.14123	0.04132	0.02210	0.01786	0.00871	0.00674	0.00218	0.00719	0.00675	0.00637	0.03520
3	0.02726	0.01963	0.02118	0.01624	0.02193	0.02162	0.01341	0.65592	0.03296	0.07128	0.01753	0.01738	0.01233	0.00856	0.00712	0.00214	0.00777	0.00644	0.00719	0.01211
4	0.05960	0.04355	0.01753	0.07415	0.06720	0.01588	0.01206	0.07667	0.31003	0.05645	0.02400	0.04885	0.03733	0.00936	0.00693	0.00222	0.00629	0.03185	0.00601	0.09404
5	0.04846	0.05660	0.42166	0.03981	0.09830	0.01506	0.02039	0.02040	0.01433	0.04297	0.01391	0.04049	0.01121	0.00971	0.00956	0.10948	0.00900	0.00597	0.00344	0.00924
6	0.03195	0.01212	0.01652	0.01267	0.01818	0.01047	0.01047	0.03470	0.02038	0.71026	0.02809	0.02424	0.01763	0.00881	0.00716	0.00220	0.00606	0.00716	0.00881	0.01212
7	0.01345	0.01266	0.02136	0.73264	0.04904	0.01582	0.01978	0.01819	0.01424	0.01819	0.01266	0.01898	0.00949	0.00712	0.00712	0.00237	0.00949	0.00633	0.00316	0.00791
8	0.01017	0.00763	0.01144	0.01144	0.01272	0.00890	0.00890	0.01272	0.01144	0.01653	0.01907	0.02797	0.01780	0.05340	0.72153	0.01144	0.01907	0.00763	0.00381	0.00636
9	0.01034	0.00692	0.00783	0.00781	0.00788	0.00690	0.00441	0.01048	0.01074	0.01438	0.04894	0.04686	0.02750	0.72106	0.03516	0.00672	0.00677	0.01045	0.00445	0.00441
10	0.03195	0.01212	0.01652	0.01267	0.01818	0.01047	0.01047	0.03470	0.02038	0.71026	0.02809	0.02424	0.01763	0.00881	0.00716	0.00220	0.00606	0.00716	0.00881	0.01212
11	0.02732	0.01645	0.01886	0.01469	0.02003	0.01722	0.01205	0.38892	0.07733	0.26680	0.04984	0.02168	0.01694	0.00897	0.00720	0.00218	0.00689	0.00705	0.00773	0.01183
12	0.00948	0.00680	0.00834	0.00876	0.00964	0.00637	0.00588	0.01102	0.01482	0.01993	0.21793	0.28884	0.12445	0.21629	0.01616	0.00374	0.00461	0.01496	0.00632	0.00567
13	0.01188	0.00768	0.01010	0.00926	0.01126	0.00703	0.00703	0.01519	0.02017	0.08477	0.64604	0.05080	0.06310	0.01408	0.00830	0.00224	0.00358	0.01241	0.00792	0.00716
14	0.01477	0.01266	0.01477	0.01055	0.01687	0.00949	0.00844	0.01793	0.01477	0.02320	0.01266	0.01477	0.01055	0.00527	0.00527	0.00105	0.00527	0.00422	0.00422	0.79328
15	0.01020	0.00734	0.00936	0.01041	0.01129	0.00713	0.00717	0.06420	0.01544	0.02066	0.05858	0.66433	0.04491	0.02095	0.00891	0.00281	0.00441	0.01889	0.00669	0.00632
16	0.01208	0.00863	0.01059	0.01004	0.01196	0.00857	0.00741	0.01762	0.12854	0.05443	0.42669	0.13210	0.05185	0.07475	0.01053	0.00273	0.00423	0.01255	0.00734	0.00737
17	0.02660	0.03394	0.02018	0.01834	0.02201	0.72116	0.01376	0.02843	0.02018	0.01743	0.01101	0.01284	0.00917	0.00734	0.00642	0.00183	0.01284	0.00459	0.00367	0.00825
18	0.14816	0.00786	0.00740	0.00728	0.00930	0.00822	0.00548	0.01682	0.01421	0.02663	0.02154	0.05305	0.01788	0.03829	0.00630	0.00201	0.00387	0.00684	0.59215	0.00669
19	0.00993	0.00721	0.00916	0.01021	0.01105	0.00702	0.00699	0.03774	0.04265	0.02022	0.08035	0.61566	0.04518	0.04810	0.00991	0.00295	0.00439	0.01835	0.00665	0.00626
20	0.01361	0.01282	0.02165	0.70575	0.07465	0.01586	0.01986	0.01834	0.01432	0.01839	0.01269	0.01893	0.00956	0.00709	0.00712	0.00236	0.00945	0.00633	0.00318	0.00804
21	0.00868	0.00620	0.00826	0.00991	0.01033	0.00578	0.00661	0.00991	0.01363	0.01818	0.03925	0.74510	0.04710	0.02231	0.00909	0.00289	0.00413	0.02024	0.00661	0.00578
22	0.00970	0.00704	0.00915	0.00910	0.01053	0.00648	0.00664	0.01253	0.01855	0.02588	0.52979	0.20759	0.08751	0.01642	0.00855	0.00239	0.00354	0.01460	0.00752	0.00648
23	0.00961	0.00760	0.00873	0.00870	0.01070	0.00694	0.00651	0.01293	0.05468	0.02285	0.27346	0.14048	0.35610	0.01697	0.00847	0.00244	0.00379	0.03547	0.00705	0.00653
24	0.02133	0.02465	0.01979	0.01761	0.01994	0.39205	0.01379	0.05077	0.01685	0.01840	0.01162	0.01555	0.01030	0.01407	0.09034	0.00331	0.24239	0.00552	0.00366	0.00806
25	0.80005	0.01377	0.01047	0.00936	0.01377	0.01597	0.00771	0.02093	0.01212	0.03195	0.00991	0.01157	0.00771	0.00661	0.00441	0.00220	0.00551	0.00386	0.00441	0.00771
26	0.00873	0.00622	0.00825	0.00984	0.01024	0.00582	0.00653	0.00993	0.01352	0.01803	0.03868	0.72159	0.04638	0.04680	0.01000	0.00303	0.00422	0.01991	0.00653	0.00573
27	0.02707	0.01995	0.02137	0.01638	0.02208	0.02208	0.01353	0.68159	0.03348	0.04488	0.01710	0.01710	0.01211	0.00855	0.00712	0.00214	0.00784	0.00641	0.00712	0.01211
28	0.00892	0.00645	0.00842	0.00962	0.01030	0.00606	0.00653	0.01040	0.01419	0.01898	0.10252	0.57741	0.08979	0.05356	0.03817	0.00331	0.00473	0.01829	0.00652	0.00585
29	0.02548	0.01314	0.01615	0.01299	0.01769	0.01292	0.01051	0.13629	0.13028	0.38800	0.13091	0.02795	0.02508	0.00980	0.00736	0.00223	0.00586	0.00807	0.00814	0.01114
30	0.01919	0.06924	0.01973	0.01691	0.09915	0.01658	0.01216	0.14476	0.22938	0.05453	0.01900	0.01930	0.01456	0.00755	0.00645	0.00187	0.00642	0.00614	0.00569	0.23141
31	0.02113	0.55487	0.03257	0.01389	0.01931	0.21984	0.01262	0.02329	0.01605	0.01694	0.01021	0.01181	0.00915	0.00644	0.00508	0.00161	0.00906	0.00402	0.00322	0.00889
32	0.01712	0.08624	0.44814	0.02102	0.05454	0.01850	0.09674	0.12880	0.01821	0.02577	0.01346	0.01566	0.00981	0.00690	0.00685	0.00219	0.00996	0.00573	0.00376	0.01060
33	0.58444	0.04460	0.01338	0.01170	0.03821	0.01671	0.00918	0.04914	0.10024	0.03091	0.01369	0.01621	0.01098	0.00749	0.00516	0.00223	0.00584	0.02656	0.00486	0.00848
34	0.00868	0.00620	0.00826	0.00991	0.01033	0.00578	0.00661	0.00991	0.01363	0.01818	0.03925	0.74510	0.04710	0.02231	0.00909	0.00289	0.00413	0.02024	0.00661	0.00578
35	0.00906	0.00750	0.00798	0.00794	0.01019	0.00659	0.00592	0.01183	0.04547	0.02092	0.15604	0.10822	0.54247	0.01747	0.00841	0.00241	0.00369	0.01477	0.00681	0.00632
36	0.01762	0.01692	0.02890	0.04371	0.70533	0.01692	0.02185	0.02185	0.01621	0.02326	0.01339	0.01762	0.01128	0.00634	0.00705	0.00211	0.00846	0.00634	0.00352	0.01128
37	0.02707	0.01995	0.02137	0.01638	0.02208	0.02208	0.01353	0.68159	0.03348	0.04488	0.01710	0.01710	0.01211	0.00855	0.00712	0.00214	0.00784	0.00641	0.00712	0.01211
38	0.00993	0.00717	0.00939	0.00906	0.01061	0.00662	0.00671	0.01307	0.01947	0.02747	0.63207	0.12580	0.06508	0.01537	0.00847	0.00231	0.00344	0.01365	0.00771	0.00662
39	0.01848	0.01568	0.01653	0.01465	0.01881	0.01807	0.01146	0.09043	0.63863	0.03102	0.02801	0.02579	0.02095	0.00957	0.00724	0.00239	0.00582	0.00792	0.00724	0.01134
40	0.01345	0.01266	0.02136	0.73264	0.04904	0.01582	0.01978	0.01819	0.01424	0.01819	0.01266	0.01898	0.00949	0.00712	0.00712	0.00237	0.00949	0.00633	0.00316	0.00791
41	0.01418	0.03473	0.65536	0.02079	0.05700	0.01609	0.02529	0.02198	0.01502	0.02239	0.01393	0.04629	0.01074	0.00741	0.00688	0.00228	0.01017	0.00594	0.00318	0.01035
42	0.80005	0.01377	0.01047	0.00936	0.01377	0.01597	0.00771	0.02093	0.01212	0.03195	0.00991	0.01157	0.00771	0.00661	0.00441	0.00220	0.00551	0.00386	0.00441	0.00771
43	0.01946	0.09907	0.02635	0.14481	0.34755	0.17544	0.01836	0.04749	0.01724	0.02126	0.01251	0.01609	0.01032	0.00675	0.00666	0.00203	0.00949	0.00568	0.00358	0.00986
44	0.01534	0.01264	0.01482	0.01062	0.01692	0.00952	0.00851	0.01849	0.01495	0.04632	0.01318	0.01508	0.01079	0.00539	0.00534	0.00109	0.00530	0.00432	0.00437	0.76700
45	0.01522	0.03105	0.50942	0.02631	0.18428	0.01673	0.07232	0.02241	0.01543	0.02273	0.01304	0.01592	0.00966	0.00661	0.00695	0.00223	0.01016	0.00573	0.00317	0.01063
46	0.01428	0.03683	0.71286	0.02030	0.03082	0.01654	0.02631	0.02255	0.01503	0.02255	0.01278	0.01503	0.00902	0.00677	0.00677	0.00226	0.01052	0.00526	0.00301	0.01052
47	0.00868	0.00620	0.00826	0.00991	0.01033	0.00578	0.00661	0.00991	0.01363	0.01818	0.03925	0.74510	0.04710	0.02231	0.00909	0.00289	0.00413	0.02024	0.00661	0.00578
48	0.00868	0.00620	0.00826	0.00991	0.01033	0.00578	0.00661	0.00991	0.01363	0.01818	0.03925	0.74510	0.04710	0.02231	0.00909	0.00289	0.00413	0.02024	0.00661	0.00578
49	0.01463	0.01379	0.02296	0.53663	0.20625	0.01616	0.01993	0.01989	0.04273	0.01990	0.01351	0.01897	0.01043	0.00704	0.00711	0.00231	0.00908	0.00640	0.00342	0.00886
50	0.80005	0.01377	0.01047	0.00936	0.01377	0.01597	0.00771	0.02093	0.01212	0.03195	0.00991	0.01157	0.00771	0.00661	0.00441	0.00220	0.00551	0.00386	0.00441	0.00771
51	0.01477	0.01266	0.01477	0.01055	0.01687	0.00949	0.00844	0.01793	0.01477	0.02320	0.01266	0.01477	0.01055	0.00527	0.00527	0.00105	0.00527	0.00422	0.00422	0.79328
52	0.00868	0.00620	0.00826	0.00991	0.01033	0.00578	0.00661	0.00991	0.01363	0.01818	0.03925	0.74510	0.04710	0.02231	0.00909	0.00289	0.00413	0.02024	0.00661	0.00578
53	0.01033	0.00745	0.01055	0.01055	0.01159	0.00843	0.00787	0.01242	0.01137	0.01640	0.01988	0.03148	0.01937	0.18485	0.56224	0.01019	0.01613	0.00811	0.03481	0.00598
54	0.01017	0.00763	0.01144	0.01144	0.01272	0.00890	0.00890	0.01272	0.01144	0.01653	0.01907	0.02797	0.01780	0.05340	0.72153	0.01144	0.01907	0.00763	0.00381	0.00636
55	0.01008	0.00728	0.00952	0.00896	0.01064	0.00672	0.00672	0.01344	0.02016	0.02855	0.70158	0.05319	0.06719	0.01456	0.00840	0.00224	0.00336	0.01288	0.00784	0.00672
56	0.00965	0.00651	0.00861	0.00990	0.01063	0.00601	0.00673	0.01105	0.01425	0.04609	0.06642	0.66703	0.06777	0.02132	0.00896	0.00282	0.00416	0.01926	0.00675	0.00608
57	0.01494	0.00881	0.01072	0.00985	0.01279	0.00793	0.00782	0.01822	0.04596	0.18104	0.18822	0.05480	0.30337	0.01503	0.00825	0.00243	0.00456	0.09001	0.00740	0.00785
58	0.00868	0.00620	0.00826	0.00991	0.01033	0.00578	0.00661	0.00991	0.01363	0.01818	0.03925	0.74510	0.04710	0.02231	0.00909	0.00289	0.00413	0.02024	0.00661	0.00578
59	0.00998	0.00756	0.00843	0.00867	0.01081	0.00671	0.00653	0.01243	0.03794	0.04808	0.05981	0.19702	0.47257	0.01834	0.00857	0.00256	0.00411	0.06674	0.00672	0.00643
60	0.00917	0.00664	0.00841	0.00918	0.01006	0.00615	0.00627	0.01085	0.01514	0.02035	0.20187	0.43406	0.11733	0.09612	0.01169	0.00310	0.00418	0.01688	0.00667	0.00588
61	0.01904	0.01220	0.01280	0.01071	0.01406	0.01310	0.00856	0.29469	0.02269	0.03421	0.02066	0.02259	0.01568	0.00840	0.00587	0.00186	0.00521	0.00654	0.46219	0.00893
62	0.02852	0.01244	0.01618	0.01270	0.01776	0.01145	0.01038	0.08311	0.06293	0.54899	0.09392	0.02669	0.02235	0.00941	0.00729	0.00221	0.00590	0.00772	0.00849	0.01153
63	0.00925	0.00680	0.00860	0.00921	0.01036	0.00624	0.00653	0.01129	0.01612	0.02166	0.26032	0.36723	0.15238	0.04742	0.00984	0.00277	0.00398	0.03697	0.00692	0.00609
64	0.01034	0.00710	0.00897	0.00899	0.01026	0.00658	0.00632	0.01250	0.01667	0.04453	0.35827	0.22358	0.10289	0.13519	0.01302	0.00317	0.00423	0.01428	0.00690	0.00622
65	0.01035	0.00693	0.00790	0.00790	0.00795	0.00698	0.00449	0.01044	0.01040	0.01391	0.02231	0.04590	0.02558	0.72356	0.06202	0.00707	0.00736	0.01025	0.00430	0.00439
66	0.01237	0.00618	0.00928	0.00928	0.00928	0.00618	0.00618	0.00928	0.00928	0.01237	0.01237	0.02165	0.01237	0.02474	0.02783	0.79283	0.00618	0.00618	0.00309	0.00309
67	0.01345	0.01266	0.02136	0.73264	0.04904	0.01582	0.01978	0.01819	0.01424	0.01819	0.01266	0.01898	0.00949	0.00712	0.00712	0.00237	0.00949	0.00633	0.00316	0.00791
68	0.01532	0.19336	0.56542	0.01853	0.02808	0.01908	0.02323	0.02228	0.01491	0.02129	0.01215	0.01425	0.00905	0.00662	0.00629	0.00210	0.00989	0.00494	0.00302	0.01022
69	0.02707	0.01995	0.02137	0.01638	0.02208	0.02208	0.01353	0.68159	0.03348	0.04488	0.01710	0.01710	0.01211	0.00855	0.00712	0.00214	0.00784	0.00641	0.00712	0.01211
70	0.01477	0.01266	0.01477	0.01055	0.01687	0.00949	0.00844	0.01793	0.01477	0.02320	0.01266	0.01477	0.01055	0.00527	0.00527	0.00105	0.00527	0.00422	0.00422	0.79328
71	0.01002	0.00781	0.00917	0.00873	0.01083	0.00724	0.00658	0.01401	0.06564	0.02536	0.43310	0.05673	0.28766	0.01544	0.00832	0.00231	0.00361	0.01330	0.00737	0.00679
72	0.80005	0.01377	0.01047	0.00936	0.01377	0.01597	0.00771	0.02093	0.01212	0.03195	0.00991	0.01157	0.00771	0.00661	0.00441	0.00220	0.00551	0.00386	0.00441	0.00771
73	0.01016	0.00731	0.00973	0.00995	0.01143	0.00688	0.00767	0.01319	0.01844	0.02556	0.46938	0.15979	0.05891	0.01673	0.00879	0.00255	0.00412	0.14546	0.00740	0.00655
74	0.00887	0.00722	0.00787	0.00788	0.01003	0.00622	0.00593	0.01102	0.01693	0.02118	0.19892	0.09371	0.52297	0.01755	0.00849	0.00242	0.00368	0.03610	0.00686	0.00617
75	0.02581	0.01907	0.02039	0.01585	0.02127	0.02114	0.01302	0.60650	0.08260	0.04301	0.01824	0.01819	0.01308	0.00862	0.00705	0.00214	0.00749	0.00654	0.03817	0.01183
76	0.00868	0.00620	0.00826	0.00991	0.01033	0.00578	0.00661	0.00991	0.01363	0.01818	0.03925	0.74510	0.04710	0.02231	0.00909	0.00289	0.00413	0.02024	0.00661	0.00578
77	0.08698	0.01312	0.01663	0.01285	0.01830	0.01218	0.01061	0.10675	0.02126	0.58605	0.02554	0.02251	0.01629	0.00862	0.00696	0.00220	0.00622	0.00684	0.00830	0.01180
78	0.01147	0.00820	0.01147	0.01311	0.01475	0.00820	0.01147	0.01475	0.01639	0.02131	0.03770	0.08032	0.04098	0.01967	0.00984	0.00328	0.00656	0.65741	0.00656	0.00656
79	0.01147	0.00820	0.01147	0.01311	0.01475	0.00820	0.01147	0.01475	0.01639	0.02131	0.03770	0.08032	0.04098	0.01967	0.00984	0.00328	0.00656	0.65741	0.00656	0.00656
80	0.01327	0.00664	0.00664	0.00664	0.00830	0.00664	0.00498	0.01659	0.01493	0.02655	0.02323	0.02655	0.01825	0.00830	0.00498	0.00166	0.00332	0.00664	0.78928	0.00664
81	0.77191	0.01371	0.01069	0.00949	0.01393	0.01577	0.00781	0.02144	0.01242	0.05680	0.01058	0.01203	0.00807	0.00669	0.00451	0.00220	0.00553	0.00398	0.00457	0.00787
82	0.80005	0.01377	0.01047	0.00936	0.01377	0.01597	0.00771	0.02093	0.01212	0.03195	0.00991	0.01157	0.00771	0.00661	0.00441	0.00220	0.00551	0.00386	0.00441	0.00771
83	0.01904	0.75404	0.03731	0.01218	0.01828	0.02818	0.01218	0.02132	0.01447	0.01675	0.00990	0.01142	0.00914	0.00609	0.00457	0.00152	0.00761	0.00381	0.00305	0.00914
84	0.80005	0.01377	0.01047	0.00936	0.01377	0.01597	0.00771	0.02093	0.01212	0.03195	0.00991	0.01157	0.00771	0.00661	0.00441	0.00220	0.00551	0.00386	0.00441	0.00771
85	0.00902	0.00724	0.00806	0.00785	0.00999	0.00627	0.00589	0.01140	0.01767	0.02264	0.30221	0.06292	0.47025	0.01676	0.00841	0.00234	0.00352	0.01424	0.00706	0.00627
86	0.03195	0.01212	0.01652	0.01267	0.01818	0.01047	0.01047	0.03470	0.02038	0.71026	0.02809	0.02424	0.01763	0.00881	0.00716	0.00220	0.00606	0.00716	0.00881	0.01212
87	0.01904	0.75404	0.03731	0.01218	0.01828	0.02818	0.01218	0.02132	0.01447	0.01675	0.00990	0.01142	0.00914	0.00609	0.00457	0.00152	0.00761	0.00381	0.00305	0.00914
88	0.00848	0.00722	0.00731	0.00728	0.00966	0.00604	0.00546	0.01035	0.01639	0.01961	0.09723	0.06792	0.67712	0.01790	0.00842	0.00240	0.00360	0.01494	0.00666	0.00604
89	0.01036	0.00773	0.00995	0.01081	0.01261	0.00731	0.00897	0.01321	0.01687	0.02186	0.15523	0.09486	0.21606	0.01850	0.00921	0.00287	0.00519	0.36521	0.00678	0.00642
90	0.80005	0.01377	0.01047	0.00936	0.01377	0.01597	0.00771	0.02093	0.01212	0.03195	0.00991	0.01157	0.00771	0.00661	0.00441	0.00220	0.00551	0.00386	0.00441	0.00771
91	0.01345	0.01266	0.02136	0.73264	0.04904	0.01582	0.01978	0.01819	0.01424	0.01819	0.01266	0.01898	0.00949	0.00712	0.00712	0.00237	0.00949	0.00633	0.00316	0.00791
92	0.01503	0.01427	0.02422	0.47152	0.29779	0.01624	0.02056	0.01958	0.01499	0.02011	0.01294	0.01847	0.01017	0.00683	0.00709	0.00228	0.00910	0.00633	0.00330	0.00919
93	0.01032	0.00703	0.00843	0.00843	0.00866	0.00726	0.00514	0.01078	0.01055	0.01430	0.02183	0.04325	0.02443	0.62448	0.15953	0.00772	0.00909	0.00986	0.00422	0.00468
94	0.80005	0.01377	0.01047	0.00936	0.01377	0.01597	0.00771	0.02093	0.01212	0.03195	0.00991	0.01157	0.00771	0.00661	0.00441	0.00220	0.00551	0.00386	0.00441	0.00771
95	0.02582	0.01975	0.02080	0.01629	0.02146	0.04891	0.01334	0.60081	0.03121	0.04155	0.01745	0.04683	0.01332	0.00923	0.00785	0.00220	0.03798	0.00690	0.00680	0.01152
96	0.01369	0.01174	0.03712	0.01416	0.04217	0.01128	0.05658	0.06608	0.09398	0.04548	0.13931	0.12340	0.16276	0.01442	0.00894	0.00255	0.03583	0.10608	0.00638	0.00807
97	0.01747	0.01676	0.02862	0.06987	0.68041	0.01688	0.02177	0.02171	0.01614	0.02307	0.01337	0.01768	0.01121	0.00637	0.00705	0.00212	0.00850	0.00634	0.00351	0.01115
98	0.00850	0.00687	0.00757	0.00812	0.00986	0.00593	0.00581	0.01012	0.01536	0.01888	0.06109	0.29572	0.48238	0.01947	0.00864	0.00257	0.00378	0.01678	0.00661	0.00593
99	0.01459	0.01243	0.01449	0.01044	0.01651	0.00939	0.00827	0.01763	0.01459	0.02283	0.01305	0.01603	0.01116	0.03495	0.00651	0.00129	0.00534	0.00446	0.00422	0.76183
100	0.01017	0.00763	0.01144	0.01144	0.01272	0.00890	0.00890	0.01272	0.01144	0.01653	0.01907	0.02797	0.01780	0.05340	0.72153	0.01144	0.01907	0.00763	0.00381	0.00636
101	0.02660	0.03394	0.02018	0.01834	0.02201	0.72116	0.01376	0.02843	0.02018	0.01743	0.01101	0.01284	0.00917	0.00734	0.00642	0.00183	0.01284	0.00459	0.00367	0.00825
102	0.01630	0.01775	0.05907	0.05130	0.16930	0.01606	0.33506	0.02124	0.01589	0.02261	0.01353	0.01767	0.01068	0.00623	0.00794	0.00209	0.03702	0.00685	0.00366	0.16976
103	0.01764	0.02054	0.08672	0.14409	0.19212	0.08781	0.27411	0.04852	0.01711	0.02249	0.01352	0.01775	0.01045	0.00656	0.00750	0.00225	0.01057	0.00687	0.00361	0.00976
104	0.01762	0.01692	0.02890	0.04371	0.70533	0.01692	0.02185	0.02185	0.01621	0.02326	0.01339	0.01762	0.01128	0.00634	0.00705	0.00211	0.00846	0.00634	0.00352	0.01128
105	0.02707	0.01995	0.02137	0.01638	0.02208	0.02208	0.01353	0.68159	0.03348	0.04488	0.01710	0.01710	0.01211	0.00855	0.00712	0.00214	0.00784	0.00641	0.00712	0.01211
106	0.01178	0.00619	0.00912	0.00938	0.00944	0.00612	0.00625	0.00938	0.00997	0.01329	0.01664	0.13659	0.01789	0.02435	0.02485	0.66732	0.00586	0.00842	0.00365	0.00352
107	0.02634	0.01090	0.01460	0.01161	0.01621	0.00947	0.00943	0.02913	0.02004	0.53858	0.15150	0.03261	0.07603	0.01051	0.00747	0.00222	0.00540	0.00875	0.00848	0.01071
108	0.80005	0.01377	0.01047	0.00936	0.01377	0.01597	0.00771	0.02093	0.01212	0.03195	0.00991	0.01157	0.00771	0.00661	0.00441	0.00220	0.00551	0.00386	0.00441	0.00771
109	0.02707	0.01995	0.02137	0.01638	0.02208	0.02208	0.01353	0.68159	0.03348	0.04488	0.01710	0.01710	0.01211	0.00855	0.00712	0.00214	0.00784	0.00641	0.00712	0.01211
110	0.00846	0.00705	0.00739	0.00766	0.00973	0.00597	0.00561	0.01017	0.01581	0.01906	0.06675	0.17921	0.59524	0.01873	0.00853	0.00248	0.00369	0.01588	0.00661	0.00597
111	0.02707	0.01995	0.02137	0.01638	0.02208	0.02208	0.01353	0.68159	0.03348	0.04488	0.01710	0.01710	0.01211	0.00855	0.00712	0.00214	0.00784	0.00641	0.00712	0.01211
112	0.01147	0.00820	0.01147	0.01311	0.01475	0.00820	0.01147	0.01475	0.01639	0.02131	0.03770	0.08032	0.04098	0.01967	0.00984	0.00328	0.00656	0.65741	0.00656	0.00656
113	0.01018	0.00683	0.00782	0.00800	0.00804	0.00678	0.00456	0.01031	0.01071	0.01427	0.02424	0.12139	0.02816	0.67187	0.03334	0.00647	0.00661	0.01141	0.00456	0.00447
114	0.03707	0.00764	0.00919	0.00889	0.01092	0.00698	0.00673	0.01347	0.01817	0.05318	0.40009	0.10743	0.23594	0.01580	0.00833	0.00237	0.00380	0.04001	0.00728	0.00670
115	0.01107	0.00737	0.00839	0.00829	0.00878	0.00738	0.00508	0.03761	0.01255	0.01733	0.07058	0.10187	0.02939	0.55692	0.02870	0.00569	0.00621	0.01092	0.06081	0.00508
116	0.80005	0.01377	0.01047	0.00936	0.01377	0.01597	0.00771	0.02093	0.01212	0.03195	0.00991	0.01157	0.00771	0.00661	0.00441	0.00220	0.00551	0.00386	0.00441	0.00771
117	0.01106	0.00746	0.00834	0.00813	0.00837	0.00755	0.00470	0.03876	0.01133	0.01512	0.02221	0.04535	0.02530	0.71839	0.03501	0.00670	0.00694	0.01019	0.00443	0.00464
118	0.00970	0.00687	0.00854	0.00950	0.01027	0.00655	0.00640	0.03263	0.01431	0.01922	0.05911	0.53288	0.08961	0.11495	0.01231	0.00328	0.00452	0.01738	0.03609	0.00588
119	0.00933	0.00728	0.00848	0.00827	0.01030	0.00643	0.00627	0.01193	0.01810	0.02374	0.36954	0.06171	0.37490	0.01645	0.00846	0.00236	0.00361	0.03928	0.00719	0.00637
120	0.02707	0.01995	0.02137	0.01638	0.02208	0.02208	0.01353	0.68159	0.03348	0.04488	0.01710	0.01710	0.01211	0.00855	0.00712	0.00214	0.00784	0.00641	0.00712	0.01211
121	0.00896	0.00750	0.00784	0.00779	0.01010	0.00654	0.00583	0.01163	0.04347	0.02054	0.13199	0.09395	0.58403	0.01753	0.00840	0.00241	0.00369	0.01476	0.00676	0.00628
122	0.71820	0.01359	0.01111	0.00972	0.01424	0.01539	0.00801	0.02240	0.01300	0.10423	0.01185	0.01292	0.00877	0.00684	0.00470	0.00220	0.00557	0.00421	0.00488	0.00818
123	0.01076	0.00777	0.01059	0.01204	0.01353	0.00760	0.01010	0.01362	0.01608	0.02095	0.06616	0.18574	0.08728	0.01979	0.00956	0.00312	0.00584	0.48642	0.00662	0.00640
124	0.00868	0.00620	0.00826	0.00991	0.01033	0.00578	0.00661	0.00991	0.01363	0.01818	0.03925	0.74510	0.04710	0.02231	0.00909	0.00289	0.00413	0.02024	0.00661	0.00578
125	0.01057	0.00781	0.01143	0.01133	0.01259	0.00915	0.00883	0.01314	0.01168	0.01727	0.01906	0.02748	0.01756	0.04885	0.64769	0.01047	0.04082	0.00751	0.06034	0.00642
126	0.01018	0.00760	0.01130	0.01130	0.01252	0.00882	0.00872	0.01262	0.01140	0.01642	0.01921	0.02872	0.01812	0.08117	0.69421	0.01126	0.01859	0.00774	0.00383	0.00628
127	0.01024	0.00737	0.01013	0.01013	0.01095	0.00819	0.00727	0.01187	0.01106	0.01556	0.02027	0.03461	0.02068	0.30148	0.47740	0.00983	0.01474	0.00860	0.00399	0.00563
128	0.02579	0.01899	0.02047	0.01587	0.02124	0.02094	0.01304	0.63297	0.03232	0.04338	0.04697	0.04043	0.01551	0.00922	0.00724	0.00216	0.00753	0.00710	0.00714	0.01169
129	0.02336	0.01226	0.01545	0.01328	0.04456	0.01180	0.01013	0.15589	0.02205	0.32734	0.16860	0.03122	0.05430	0.03374	0.00829	0.00233	0.00576	0.00858	0.04085	0.01022
130	0.00886	0.00645	0.00878	0.03835	0.01185	0.00618	0.00713	0.01024	0.01366	0.01818	0.03820	0.71654	0.04562	0.02171	0.00901	0.00287	0.00434	0.01970	0.00647	0.00587
131	0.80005	0.01377	0.01047	0.00936	0.01377	0.01597	0.00771	0.02093	0.01212	0.03195	0.00991	0.01157	0.00771	0.00661	0.00441	0.00220	0.00551	0.00386	0.00441	0.00771
132	0.01075	0.00848	0.01255	0.01222	0.01336	0.01028	0.00962	0.01319	0.01139	0.01659	0.01803	0.02665	0.01690	0.04902	0.64678	0.01055	0.09591	0.00748	0.00374	0.00651
133	0.00967	0.00675	0.00824	0.00874	0.00921	0.00655	0.00557	0.01063	0.01279	0.01719	0.10276	0.28113	0.06595	0.36874	0.05031	0.00505	0.00594	0.01402	0.00554	0.00522
134	0.01683	0.04464	0.08870	0.02600	0.05710	0.04884	0.39375	0.02159	0.01530	0.02103	0.01274	0.01742	0.01021	0.00767	0.01157	0.00250	0.18420	0.00724	0.00342	0.00924
135	0.00919	0.00655	0.00876	0.01034	0.01094	0.00622	0.00730	0.01071	0.01395	0.01851	0.03832	0.60982	0.04526	0.05106	0.01030	0.00312	0.00463	0.12266	0.00651	0.00585
136	0.02029	0.58437	0.06283	0.01372	0.01953	0.16150	0.01309	0.02275	0.01560	0.01713	0.01024	0.01185	0.00914	0.00636	0.00502	0.00161	0.00875	0.00402	0.00316	0.00903
137	0.01237	0.00618	0.00928	0.00928	0.00928	0.00618	0.00618	0.00928	0.00928	0.01237	0.01237	0.02165	0.01237	0.02474	0.02783	0.79283	0.00618	0.00618	0.00309	0.00309
138	0.12423	0.01383	0.10105	0.01150	0.01516	0.03954	0.01021	0.01890	0.04222	0.09979	0.23855	0.06587	0.08692	0.03597	0.00912	0.03416	0.00574	0.03323	0.00615	0.00785
139	0.01868	0.01721	0.06864	0.01853	0.10286	0.04418	0.03943	0.19900	0.15185	0.02836	0.02075	0.02408	0.04328	0.01236	0.03772	0.08508	0.00798	0.03142	0.00542	0.04318
140	0.01840	0.01473	0.01578	0.01406	0.01813	0.01670	0.01098	0.03650	0.61520	0.08013	0.03065	0.02808	0.04873	0.00993	0.00729	0.00240	0.00559	0.00826	0.00734	0.01112
141	0.01025	0.00749	0.00945	0.00968	0.01106	0.00719	0.00717	0.01336	0.04465	0.02309	0.32314	0.18141	0.10086	0.11066	0.01224	0.00312	0.00453	0.10742	0.00686	0.00635
142	0.01525	0.02338	0.26909	0.02137	0.02877	0.01584	0.25951	0.02221	0.05886	0.02296	0.01706	0.01988	0.03960	0.00725	0.00790	0.00221	0.03848	0.00696	0.02982	0.09362
143	0.01466	0.01420	0.02261	0.58738	0.16055	0.04279	0.01990	0.01921	0.01480	0.01903	0.01272	0.01852	0.00979	0.00699	0.00708	0.00231	0.00944	0.00626	0.00325	0.00850
144	0.01008	0.00728	0.00952	0.00896	0.01064	0.00672	0.00672	0.01344	0.02016	0.02855	0.70158	0.05319	0.06719	0.01456	0.00840	0.00224	0.00336	0.01288	0.00784	0.00672
145	0.03102	0.01191	0.01623	0.01251	0.01786	0.01031	0.01031	0.03380	0.02037	0.68142	0.05659	0.02546	0.01972	0.00906	0.00721	0.00220	0.00594	0.00740	0.00877	0.01189
146	0.00950	0.00680	0.00854	0.00939	0.01019	0.00643	0.00650	0.01099	0.01424	0.01891	0.12007	0.36699	0.10780	0.18428	0.01512	0.00371	0.00486	0.08377	0.00624	0.00567
147	0.00968	0.00726	0.00896	0.00854	0.01039	0.00655	0.00640	0.01266	0.01921	0.02632	0.55037	0.05687	0.21979	0.01539	0.00840	0.00228	0.00342	0.01339	0.00754	0.00655
148	0.02709	0.01845	0.02018	0.01553	0.02104	0.02004	0.01281	0.57620	0.03114	0.12427	0.01867	0.01835	0.01303	0.00857	0.00704	0.00213	0.00744	0.00651	0.03963	0.01188
149	0.00955	0.00679	0.00859	0.00969	0.01037	0.00649	0.00675	0.01086	0.01348	0.01769	0.03742	0.40216	0.09398	0.20490	0.01600	0.00393	0.00520	0.12455	0.00602	0.00556
150	0.00972	0.00719	0.00907	0.00877	0.01046	0.00654	0.00651	0.01268	0.01907	0.02635	0.55587	0.10808	0.16193	0.01567	0.00845	0.00231	0.00346	0.01376	0.00756	0.00654
151	0.03177	0.01240	0.01670	0.01281	0.01832	0.01089	0.01058	0.05840	0.02086	0.68589	0.02769	0.02397	0.01742	0.00880	0.00716	0.00220	0.00612	0.00713	0.00875	0.01212
152	0.01771	0.01530	0.01610	0.01449	0.01852	0.01771	0.01127	0.03784	0.69247	0.02979	0.02898	0.02657	0.02174	0.00966	0.00725	0.00242	0.00564	0.00805	0.00725	0.01127
153	0.01161	0.00766	0.00982	0.00964	0.01160	0.00700	0.00744	0.01440	0.01825	0.08047	0.37420	0.13712	0.16402	0.01626	0.00857	0.00248	0.00414	0.10098	0.00740	0.00691
154	0.01008	0.00728	0.00952	0.00896	0.01064	0.00672	0.00672	0.01344	0.02016	0.02855	0.70158	0.05319	0.06719	0.01456	0.00840	0.00224	0.00336	0.01288	0.00784	0.00672
155	0.01428	0.03683	0.71286	0.02030	0.03082	0.01654	0.02631	0.02255	0.01503	0.02255	0.01278	0.01503	0.00902	0.00677	0.00677	0.00226	0.01052	0.00526	0.00301	0.01052
156	0.02707	0.01995	0.02137	0.01638	0.02208	0.02208	0.01353	0.68159	0.03348	0.04488	0.01710	0.01710	0.01211	0.00855	0.00712	0.00214	0.00784	0.00641	0.00712	0.01211
157	0.00866	0.00624	0.00822	0.00980	0.01030	0.00579	0.00656	0.00993	0.01374	0.01822	0.04064	0.71648	0.07483	0.02213	0.00906	0.00287	0.00411	0.02002	0.00661	0.00579
158	0.01518	0.01290	0.01499	0.01074	0.01705	0.00992	0.00861	0.04027	0.01540	0.02393	0.01281	0.01484	0.01060	0.00538	0.00534	0.00109	0.00536	0.00429	0.00432	0.76698
159	0.01170	0.01047	0.01012	0.00962	0.01243	0.03963	0.00727	0.01826	0.19406	0.02175	0.05653	0.05439	0.47143	0.03961	0.00894	0.00253	0.00464	0.01259	0.00658	0.00743

[dist]
# distance from previous block
# <min> <max>
0	1

[block]
# block no. 3 follows, 29 sequences, length 22
# corresponding to MSA columns:
# 356-377
name=unknown_D
#
# <colnr> <probs for GDERKNQSTAVLIFYWHMCP>
#	G	D	E	R	K	N	Q	S	T	A	V	L	I	F	Y	W	H	M	C	P
0	0.22019	0.18590	0.20139	0.04590	0.07123	0.01825	0.01539	0.02157	0.03855	0.02382	0.01291	0.01646	0.01062	0.00703	0.00572	0.00203	0.00769	0.02858	0.00379	0.06298
1	0.03623	0.01085	0.01537	0.01327	0.01641	0.01077	0.10909	0.01910	0.14759	0.02504	0.23075	0.07270	0.17708	0.01357	0.00822	0.00245	0.00554	0.07155	0.00656	0.00786
2	0.00957	0.00705	0.00896	0.00893	0.01044	0.00643	0.00653	0.01229	0.01830	0.02521	0.48359	0.19871	0.14433	0.01661	0.00854	0.00240	0.00355	0.01468	0.00743	0.00643
3	0.01904	0.75404	0.03731	0.01218	0.01828	0.02818	0.01218	0.02132	0.01447	0.01675	0.00990	0.01142	0.00914	0.00609	0.00457	0.00152	0.00761	0.00381	0.00305	0.00914
4	0.01904	0.75404	0.03731	0.01218	0.01828	0.02818	0.01218	0.02132	0.01447	0.01675	0.00990	0.01142	0.00914	0.00609	0.00457	0.00152	0.00761	0.00381	0.00305	0.00914
5	0.02660	0.03394	0.02018	0.01834	0.02201	0.72116	0.01376	0.02843	0.02018	0.01743	0.01101	0.01284	0.00917	0.00734	0.00642	0.00183	0.01284	0.00459	0.00367	0.00825
6	0.00864	0.00718	0.00755	0.00754	0.00978	0.00609	0.00562	0.01061	0.01662	0.02037	0.15022	0.09445	0.59528	0.01777	0.00844	0.00240	0.00360	0.01497	0.00677	0.00609
7	0.02707	0.01995	0.02137	0.01638	0.02208	0.02208	0.01353	0.68159	0.03348	0.04488	0.01710	0.01710	0.01211	0.00855	0.00712	0.00214	0.00784	0.00641	0.00712	0.01211
8	0.01008	0.00728	0.00952	0.00896	0.01064	0.00672	0.00672	0.01344	0.02016	0.02855	0.70158	0.05319	0.06719	0.01456	0.00840	0.00224	0.00336	0.01288	0.00784	0.00672
9	0.01477	0.01266	0.01477	0.01055	0.01687	0.00949	0.00844	0.01793	0.01477	0.02320	0.01266	0.01477	0.01055	0.00527	0.00527	0.00105	0.00527	0.00422	0.00422	0.79328
10	0.00868	0.00620	0.00826	0.00991	0.01033	0.00578	0.00661	0.00991	0.01363	0.01818	0.03925	0.74510	0.04710	0.02231	0.00909	0.00289	0.00413	0.02024	0.00661	0.00578
11	0.10150	0.01075	0.01318	0.01097	0.01482	0.01018	0.00877	0.05169	0.03874	0.31833	0.27231	0.03498	0.06169	0.01105	0.00738	0.00223	0.00499	0.00920	0.00780	0.00944
12	0.02384	0.01981	0.01946	0.01594	0.02086	0.09254	0.01279	0.39579	0.25587	0.03693	0.02051	0.01987	0.01508	0.00880	0.00709	0.00220	0.00760	0.00678	0.00681	0.01143
13	0.01064	0.00782	0.01035	0.01147	0.01318	0.00753	0.00965	0.01356	0.01661	0.02152	0.11225	0.10988	0.16211	0.01899	0.00940	0.00300	0.00558	0.44334	0.00670	0.00644
14	0.01565	0.01072	0.01156	0.01095	0.01330	0.08073	0.00824	0.01803	0.01798	0.15835	0.24278	0.23340	0.09389	0.01525	0.00820	0.00242	0.00522	0.03857	0.00712	0.00763
15	0.02023	0.01039	0.01313	0.01127	0.01497	0.00968	0.00902	0.02518	0.10270	0.31835	0.19512	0.04156	0.12917	0.01234	0.00783	0.00234	0.00505	0.05426	0.00792	0.00948
16	0.06202	0.01332	0.01698	0.01307	0.01857	0.01237	0.01080	0.12770	0.02194	0.58686	0.02577	0.02270	0.01643	0.00869	0.00704	0.00219	0.00629	0.00692	0.00839	0.01194
17	0.01269	0.00941	0.01264	0.08523	0.01619	0.01061	0.00930	0.09395	0.01406	0.01930	0.01883	0.03037	0.01818	0.22364	0.35978	0.03386	0.01313	0.00801	0.00426	0.00658
18	0.00929	0.00658	0.00838	0.00919	0.00993	0.00614	0.00620	0.01062	0.01441	0.01932	0.15947	0.43635	0.10108	0.12040	0.01341	0.03627	0.00441	0.01652	0.00637	0.00566
19	0.02363	0.01731	0.01739	0.01418	0.01878	0.08888	0.01139	0.31740	0.10594	0.13924	0.05319	0.02531	0.07570	0.00965	0.00712	0.00215	0.00703	0.00756	0.04757	0.01058
