[name]
unknown

[dist]
# distance from previous block
# <min> <max>
0	1

[block]
# block no. 0 follows, 29 sequences, length 6
# corresponding to MSA columns:
# 1-6
name=unknown_A
#
# <colnr> <probs for GDERKNQSTAVLIFYWHMCP>
#	G	D	E	R	K	N	Q	S	T	A	V	L	I	F	Y	W	H	M	C	P
0	0.01819	0.01069	0.01344	0.01188	0.01512	0.01050	0.00961	0.09980	0.06907	0.19466	0.29022	0.04484	0.04070	0.01302	0.00812	0.00242	0.00528	0.12577	0.00772	0.00896
1	0.04965	0.01168	0.01610	0.01372	0.01706	0.01167	0.08847	0.12147	0.05412	0.09660	0.17689	0.18177	0.05783	0.01351	0.00809	0.00246	0.00596	0.05768	0.00676	0.00849
2	0.80005	0.01377	0.01047	0.00936	0.01377	0.01597	0.00771	0.02093	0.01212	0.03195	0.00991	0.01157	0.00771	0.00661	0.00441	0.00220	0.00551	0.00386	0.00441	0.00771
3	0.00874	0.00639	0.00823	0.00953	0.01027	0.00588	0.00648	0.01020	0.01441	0.01904	0.09034	0.61558	0.12623	0.02125	0.00896	0.00279	0.00401	0.01910	0.00670	0.00588
4	0.01415	0.01337	0.02262	0.61697	0.15923	0.01600	0.02012	0.01881	0.01457	0.01904	0.01278	0.01876	0.00979	0.00699	0.00711	0.00233	0.00932	0.00633	0.00322	0.00848
5	0.01435	0.05742	0.23069	0.01698	0.02226	0.03704	0.12453	0.05180	0.01518	0.02070	0.01998	0.10684	0.04135	0.14371	0.03788	0.00348	0.03457	0.00882	0.00414	0.00826

[dist]
# distance from previous block
# <min> <max>
2	10

[block]
# block no. 1 follows, 29 sequences, length 6
# corresponding to MSA columns:
# 17-22
name=unknown_B
#
# <colnr> <probs for GDERKNQSTAVLIFYWHMCP>
#	G	D	E	R	K	N	Q	S	T	A	V	L	I	F	Y	W	H	M	C	P
0	0.69122	0.06528	0.01312	0.01021	0.01443	0.01723	0.00857	0.02069	0.01220	0.02986	0.00987	0.01184	0.00792	0.00698	0.00574	0.00222	0.05656	0.00402	0.00422	0.00782
1	0.01607	0.02391	0.29236	0.02338	0.08247	0.01569	0.23166	0.05112	0.01687	0.05432	0.04718	0.07891	0.01603	0.00829	0.00761	0.00233	0.00967	0.00806	0.00419	0.00987
2	0.01477	0.01266	0.01477	0.01055	0.01687	0.00949	0.00844	0.01793	0.01477	0.02320	0.01266	0.01477	0.01055	0.00527	0.00527	0.00105	0.00527	0.00422	0.00422	0.79328
3	0.01319	0.00859	0.01055	0.00970	0.01178	0.00817	0.00718	0.06932	0.01895	0.08816	0.36423	0.12601	0.11243	0.10572	0.01171	0.00289	0.00452	0.01255	0.00718	0.00718
4	0.00903	0.00644	0.00820	0.00934	0.00987	0.00604	0.00616	0.01022	0.01362	0.01812	0.07857	0.54577	0.08134	0.14589	0.01365	0.00351	0.00453	0.01781	0.00629	0.00560
5	0.02038	0.62908	0.03447	0.01307	0.01892	0.08537	0.01243	0.08034	0.01663	0.01930	0.01063	0.01204	0.00940	0.00641	0.00495	0.00160	0.00807	0.00410	0.00346	0.00933

[dist]
# distance from previous block
# <min> <max>
0	2

[block]
# block no. 2 follows, 29 sequences, length 18
# corresponding to MSA columns:
# 25-42
name=unknown_C
#
# <colnr> <probs for GDERKNQSTAVLIFYWHMCP>
#	G	D	E	R	K	N	Q	S	T	A	V	L	I	F	Y	W	H	M	C	P
0	0.02388	0.02956	0.02245	0.01947	0.02286	0.54123	0.07512	0.02605	0.01834	0.01787	0.01104	0.01388	0.00935	0.00806	0.00940	0.00210	0.13225	0.00521	0.00357	0.00830
1	0.68541	0.06503	0.06812	0.01042	0.01543	0.01683	0.00949	0.02109	0.01251	0.03019	0.01014	0.01183	0.00791	0.00659	0.00461	0.00216	0.00605	0.00396	0.00420	0.00803
2	0.01460	0.08409	0.66834	0.01976	0.02999	0.01730	0.02538	0.02247	0.01500	0.02217	0.01259	0.01480	0.00903	0.00672	0.00662	0.00221	0.01033	0.00517	0.00301	0.01043
3	0.01342	0.03080	0.56920	0.01798	0.02670	0.01453	0.02231	0.02069	0.01608	0.02378	0.15347	0.02283	0.02090	0.00836	0.00710	0.00225	0.00906	0.00682	0.00399	0.00975
4	0.00865	0.00628	0.00818	0.00970	0.01027	0.00580	0.00651	0.00994	0.01384	0.01826	0.04186	0.69129	0.09922	0.02197	0.00904	0.00285	0.00409	0.01983	0.00661	0.00580
5	0.01105	0.00803	0.01088	0.01219	0.01392	0.00786	0.01050	0.01417	0.01663	0.02158	0.08676	0.07720	0.11415	0.01914	0.00958	0.00311	0.00602	0.54407	0.00665	0.00651
6	0.01477	0.01456	0.02153	0.10068	0.02235	0.01949	0.04731	0.01692	0.01177	0.01758	0.01224	0.06459	0.01218	0.01343	0.04107	0.00323	0.54787	0.00731	0.00340	0.00772
7	0.01034	0.00758	0.00974	0.00928	0.01098	0.00717	0.00692	0.01434	0.05108	0.02792	0.62598	0.09815	0.06373	0.01485	0.00839	0.00229	0.00352	0.01314	0.00773	0.00687
8	0.01513	0.01790	0.07833	0.02564	0.03179	0.01563	0.51241	0.02039	0.01610	0.02193	0.01894	0.15441	0.01746	0.00909	0.00843	0.00248	0.01044	0.01041	0.00413	0.00895
9	0.01543	0.01329	0.01563	0.01160	0.01729	0.01134	0.00933	0.04307	0.04893	0.02384	0.01337	0.01550	0.01107	0.00618	0.00688	0.00133	0.06356	0.00465	0.00439	0.66332
10	0.36491	0.01593	0.01561	0.01260	0.01759	0.01758	0.01038	0.29612	0.02205	0.11934	0.01546	0.01581	0.01103	0.00773	0.00588	0.00216	0.00648	0.00539	0.02792	0.01004
11	0.01138	0.00865	0.01064	0.00990	0.01198	0.00860	0.00750	0.01760	0.13492	0.02876	0.58677	0.04865	0.05943	0.01372	0.00820	0.00227	0.00375	0.01205	0.00774	0.00750
12	0.09840	0.07025	0.01920	0.01374	0.01910	0.01698	0.01146	0.28955	0.04253	0.29117	0.04255	0.02028	0.01561	0.00851	0.00674	0.00213	0.00673	0.00652	0.00723	0.01129
13	0.00877	0.00718	0.00774	0.00771	0.00986	0.00615	0.00574	0.01087	0.01692	0.02111	0.20089	0.09801	0.53927	0.01752	0.00844	0.00239	0.00358	0.01483	0.00687	0.00615
14	0.01578	0.00854	0.01134	0.00992	0.01260	0.00769	0.00769	0.01898	0.02021	0.20614	0.52613	0.04565	0.05428	0.01306	0.00808	0.00223	0.00406	0.01139	0.00809	0.00813
15	0.00892	0.00646	0.00821	0.00936	0.01005	0.00599	0.00629	0.01028	0.01414	0.01875	0.09640	0.55425	0.11364	0.08794	0.01145	0.00316	0.00427	0.01819	0.00650	0.00575
16	0.68246	0.08203	0.01358	0.01004	0.01468	0.01746	0.00847	0.06025	0.01360	0.03132	0.01034	0.01188	0.00810	0.00668	0.00458	0.00214	0.00584	0.00400	0.00444	0.00810
17	0.04385	0.06081	0.02072	0.01744	0.02145	0.53008	0.01346	0.12121	0.04909	0.02215	0.01250	0.01399	0.01008	0.00766	0.00683	0.00193	0.02856	0.00498	0.00429	0.00894

[dist]
# distance from previous block
# <min> <max>
0	2

[block]
# block no. 3 follows, 29 sequences, length 62
# corresponding to MSA columns:
# 45-106
name=unknown_D
#
# <colnr> <probs for GDERKNQSTAVLIFYWHMCP>
#	G	D	E	R	K	N	Q	S	T	A	V	L	I	F	Y	W	H	M	C	P
0	0.01322	0.01243	0.02040	0.50994	0.03915	0.01538	0.04135	0.01709	0.01378	0.01821	0.01585	0.11664	0.01460	0.00988	0.00970	0.00255	0.11025	0.00827	0.00364	0.00767
1	0.02168	0.01435	0.01817	0.01353	0.01949	0.01289	0.05202	0.14303	0.04799	0.20524	0.01824	0.01841	0.01314	0.00701	0.00637	0.00169	0.00638	0.00580	0.00602	0.36854
2	0.01423	0.01148	0.01434	0.08808	0.01910	0.00957	0.00935	0.01737	0.01536	0.05071	0.07792	0.08045	0.03841	0.00820	0.00623	0.00154	0.00545	0.00695	0.00488	0.52040
3	0.01428	0.03683	0.71286	0.02030	0.03082	0.01654	0.02631	0.02255	0.01503	0.02255	0.01278	0.01503	0.00902	0.00677	0.00677	0.00226	0.01052	0.00526	0.00301	0.01052
4	0.02669	0.01865	0.02030	0.01565	0.02106	0.02036	0.01283	0.59406	0.03125	0.10042	0.01829	0.01912	0.01324	0.04400	0.00852	0.00237	0.00764	0.00666	0.00713	0.01174
5	0.01521	0.01295	0.01531	0.04091	0.01843	0.01027	0.00912	0.04508	0.01551	0.02388	0.01284	0.01504	0.01057	0.00548	0.00543	0.00115	0.00555	0.00440	0.00429	0.72857
6	0.80005	0.01377	0.01047	0.00936	0.01377	0.01597	0.00771	0.02093	0.01212	0.03195	0.00991	0.01157	0.00771	0.00661	0.00441	0.00220	0.00551	0.00386	0.00441	0.00771
7	0.01771	0.01530	0.01610	0.01449	0.01852	0.01771	0.01127	0.03784	0.69247	0.02979	0.02898	0.02657	0.02174	0.00966	0.00725	0.00242	0.00564	0.00805	0.00725	0.01127
8	0.00868	0.00620	0.00826	0.00991	0.01033	0.00578	0.00661	0.00991	0.01363	0.01818	0.03925	0.74510	0.04710	0.02231	0.00909	0.00289	0.00413	0.02024	0.00661	0.00578
9	0.01019	0.00756	0.01107	0.01107	0.01222	0.00870	0.00844	0.01248	0.01133	0.01626	0.01941	0.02985	0.01862	0.12363	0.65242	0.01099	0.01785	0.00790	0.00387	0.00615
10	0.00864	0.00721	0.00757	0.00770	0.00993	0.00613	0.00580	0.01056	0.01629	0.01972	0.09895	0.10442	0.60800	0.01817	0.00851	0.00246	0.00375	0.04347	0.00667	0.00606
11	0.02178	0.01732	0.01839	0.01531	0.02007	0.01961	0.01225	0.31749	0.40620	0.03634	0.02382	0.02245	0.01755	0.00918	0.00719	0.00229	0.00659	0.00734	0.00719	0.01164
12	0.02111	0.01698	0.01801	0.01518	0.01981	0.01930	0.01209	0.27143	0.45335	0.03526	0.02467	0.02313	0.01824	0.00926	0.00720	0.00231	0.00643	0.00746	0.00720	0.01158
13	0.01634	0.01564	0.02644	0.24016	0.48855	0.01681	0.02100	0.02061	0.01543	0.02155	0.01301	0.01793	0.01069	0.00682	0.00775	0.00223	0.03913	0.00634	0.00340	0.01017
14	0.01686	0.01821	0.03718	0.07141	0.22790	0.01758	0.45720	0.02229	0.01650	0.02269	0.01402	0.01875	0.01087	0.00616	0.00795	0.00232	0.01086	0.00771	0.00356	0.00999
15	0.00986	0.00711	0.00932	0.00911	0.01059	0.00657	0.00670	0.01289	0.01915	0.02695	0.59911	0.16024	0.06408	0.01576	0.00851	0.00234	0.00348	0.01402	0.00765	0.00657
16	0.00928	0.00725	0.00841	0.00812	0.01015	0.00638	0.00609	0.01189	0.01827	0.02408	0.39950	0.06055	0.37205	0.01623	0.00841	0.00232	0.00348	0.01391	0.00725	0.00638
17	0.01237	0.00618	0.00928	0.00928	0.00928	0.00618	0.00618	0.00928	0.00928	0.01237	0.01237	0.02165	0.01237	0.02474	0.02783	0.79283	0.00618	0.00618	0.00309	0.00309
18	0.00883	0.00631	0.00840	0.00981	0.01036	0.00588	0.00662	0.01029	0.01434	0.01929	0.11054	0.67062	0.04926	0.02147	0.00901	0.00282	0.00405	0.01945	0.00674	0.00588
19	0.02705	0.02053	0.02132	0.01647	0.02208	0.05120	0.01354	0.65439	0.03293	0.04373	0.01684	0.01692	0.01199	0.00850	0.00709	0.00212	0.00804	0.00633	0.00698	0.01195
20	0.01885	0.72523	0.06445	0.01251	0.01878	0.02771	0.01275	0.02137	0.01449	0.01699	0.01002	0.01157	0.00913	0.00612	0.00466	0.00155	0.00773	0.00387	0.00304	0.00919
21	0.01580	0.01055	0.01268	0.01128	0.01423	0.01074	0.00872	0.05200	0.19537	0.12409	0.37616	0.06844	0.04524	0.01253	0.00790	0.00230	0.00456	0.01084	0.00774	0.00885
22	0.01942	0.67254	0.06191	0.01296	0.01904	0.07971	0.01284	0.02190	0.01492	0.01703	0.01009	0.01167	0.00914	0.00621	0.00479	0.00157	0.00812	0.00392	0.00309	0.00912
23	0.01360	0.01211	0.01934	0.45155	0.10964	0.01401	0.01718	0.03811	0.01574	0.02053	0.04638	0.03281	0.05412	0.01001	0.00768	0.00248	0.00830	0.11412	0.00425	0.00803
24	0.04887	0.01652	0.04573	0.04132	0.02087	0.04478	0.01238	0.18794	0.14253	0.32807	0.02319	0.02154	0.01575	0.00863	0.00704	0.00222	0.00698	0.00683	0.00734	0.01145
25	0.01734	0.01753	0.05495	0.06831	0.65507	0.01686	0.02195	0.02174	0.01610	0.02305	0.01334	0.01757	0.01113	0.00639	0.00704	0.00213	0.00858	0.00630	0.00349	0.01113
26	0.80005	0.01377	0.01047	0.00936	0.01377	0.01597	0.00771	0.02093	0.01212	0.03195	0.00991	0.01157	0.00771	0.00661	0.00441	0.00220	0.00551	0.00386	0.00441	0.00771
27	0.01017	0.00763	0.01144	0.01144	0.01272	0.00890	0.00890	0.01272	0.01144	0.01653	0.01907	0.02797	0.01780	0.05340	0.72153	0.01144	0.01907	0.00763	0.00381	0.00636
28	0.03195	0.01212	0.01652	0.01267	0.01818	0.01047	0.01047	0.03470	0.02038	0.71026	0.02809	0.02424	0.01763	0.00881	0.00716	0.00220	0.00606	0.00716	0.00881	0.01212
29	0.01008	0.00728	0.00952	0.00896	0.01064	0.00672	0.00672	0.01344	0.02016	0.02855	0.70158	0.05319	0.06719	0.01456	0.00840	0.00224	0.00336	0.01288	0.00784	0.00672
30	0.05090	0.66765	0.03455	0.01226	0.01800	0.05205	0.01193	0.02122	0.01446	0.01739	0.01031	0.01214	0.00943	0.00806	0.03343	0.00196	0.00818	0.00399	0.00316	0.00894
31	0.01036	0.00690	0.00777	0.00777	0.00777	0.00690	0.00431	0.01036	0.01036	0.01381	0.02244	0.04660	0.02589	0.74975	0.03624	0.00690	0.00690	0.01036	0.00431	0.00431
32	0.00884	0.00635	0.00840	0.00980	0.01034	0.00600	0.00661	0.01019	0.01375	0.01838	0.06334	0.64581	0.06559	0.04596	0.04124	0.00335	0.00483	0.01895	0.00646	0.00580
33	0.02655	0.01945	0.02082	0.01602	0.02157	0.02150	0.01321	0.65666	0.03278	0.04419	0.01733	0.01745	0.01234	0.00854	0.00704	0.00212	0.00767	0.00642	0.03645	0.01190
34	0.00916	0.00712	0.00836	0.00851	0.01032	0.00632	0.00633	0.01147	0.01714	0.02229	0.27655	0.17178	0.35312	0.01763	0.00859	0.00247	0.00375	0.04584	0.00702	0.00624
35	0.02657	0.01970	0.02109	0.01628	0.02189	0.02185	0.01341	0.64723	0.06865	0.04407	0.01773	0.01760	0.01262	0.00861	0.00713	0.00215	0.00772	0.00650	0.00713	0.01206
36	0.00868	0.00620	0.00826	0.00991	0.01033	0.00578	0.00661	0.00991	0.01363	0.01818	0.03925	0.74510	0.04710	0.02231	0.00909	0.00289	0.00413	0.02024	0.00661	0.00578
37	0.01558	0.01558	0.02181	0.01869	0.01869	0.02181	0.01558	0.01714	0.01091	0.01714	0.00935	0.01558	0.00935	0.01246	0.02337	0.00312	0.73672	0.00623	0.00312	0.00779
38	0.03195	0.01212	0.01652	0.01267	0.01818	0.01047	0.01047	0.03470	0.02038	0.71026	0.02809	0.02424	0.01763	0.00881	0.00716	0.00220	0.00606	0.00716	0.00881	0.01212
39	0.00994	0.00722	0.00937	0.00895	0.01058	0.00664	0.00667	0.01313	0.01967	0.02766	0.64339	0.09068	0.08916	0.01510	0.00844	0.00228	0.00341	0.01335	0.00773	0.00664
40	0.02707	0.01995	0.02137	0.01638	0.02208	0.02208	0.01353	0.68159	0.03348	0.04488	0.01710	0.01710	0.01211	0.00855	0.00712	0.00214	0.00784	0.00641	0.00712	0.01211
41	0.01398	0.01298	0.02071	0.64351	0.04525	0.01605	0.01872	0.02063	0.09841	0.01963	0.01468	0.01993	0.01101	0.00743	0.00713	0.00238	0.00901	0.00654	0.00367	0.00833
42	0.01904	0.75404	0.03731	0.01218	0.01828	0.02818	0.01218	0.02132	0.01447	0.01675	0.00990	0.01142	0.00914	0.00609	0.00457	0.00152	0.00761	0.00381	0.00305	0.00914
43	0.01462	0.01274	0.01569	0.01128	0.01750	0.00974	0.03785	0.01786	0.01491	0.02304	0.01493	0.01695	0.03617	0.00578	0.00553	0.00116	0.00551	0.00480	0.00428	0.72966
44	0.01428	0.03683	0.71286	0.02030	0.03082	0.01654	0.02631	0.02255	0.01503	0.02255	0.01278	0.01503	0.00902	0.00677	0.00677	0.00226	0.01052	0.00526	0.00301	0.01052
45	0.03115	0.01266	0.01677	0.01294	0.01840	0.01136	0.01066	0.06935	0.04666	0.64886	0.02754	0.02394	0.01749	0.00883	0.00716	0.00221	0.00614	0.00715	0.00866	0.01209
46	0.01018	0.00760	0.01130	0.01130	0.01253	0.00882	0.00873	0.01262	0.01140	0.01643	0.01920	0.02869	0.01811	0.08008	0.69528	0.01127	0.01861	0.00773	0.00383	0.00628
47	0.01739	0.01479	0.01860	0.05400	0.02126	0.01388	0.05750	0.14255	0.07853	0.02729	0.01495	0.01682	0.01175	0.00665	0.00668	0.00161	0.02931	0.00544	0.00489	0.45612
48	0.02405	0.13951	0.02283	0.01514	0.02045	0.02170	0.01271	0.50155	0.04949	0.03774	0.01797	0.07201	0.01459	0.00923	0.00686	0.00210	0.00745	0.00709	0.00642	0.01111
49	0.01524	0.01294	0.01502	0.01077	0.01708	0.00998	0.00863	0.04348	0.01549	0.02404	0.01283	0.01486	0.01061	0.00540	0.00534	0.00110	0.00537	0.00430	0.00433	0.76321
50	0.01327	0.00664	0.00664	0.00664	0.00830	0.00664	0.00498	0.01659	0.01493	0.02655	0.02323	0.02655	0.01825	0.00830	0.00498	0.00166	0.00332	0.00664	0.78928	0.00664
51	0.00860	0.00692	0.00768	0.00827	0.01001	0.00601	0.00599	0.01027	0.01540	0.01896	0.06052	0.28537	0.47175	0.01945	0.00868	0.00259	0.00387	0.03711	0.00661	0.00596
52	0.01017	0.00763	0.01144	0.01144	0.01272	0.00890	0.00890	0.01272	0.01144	0.01653	0.01907	0.02797	0.01780	0.05340	0.72153	0.01144	0.01907	0.00763	0.00381	0.00636
53	0.02248	0.01377	0.01594	0.01357	0.01802	0.01457	0.01076	0.03554	0.41780	0.27529	0.06081	0.02700	0.02243	0.00959	0.00727	0.00233	0.00568	0.00796	0.00784	0.01136
54	0.01681	0.01921	0.04202	0.03001	0.03721	0.01801	0.67947	0.02281	0.01681	0.02281	0.01441	0.01921	0.01080	0.00600	0.00840	0.00240	0.01200	0.00840	0.00360	0.00960
55	0.00842	0.00721	0.00721	0.00721	0.00962	0.00601	0.00541	0.01022	0.01623	0.01924	0.07213	0.06853	0.70244	0.01803	0.00842	0.00240	0.00361	0.01503	0.00661	0.00601
56	0.01623	0.33015	0.43658	0.01698	0.02569	0.02130	0.02053	0.02205	0.01480	0.02018	0.01160	0.01356	0.00907	0.00649	0.00587	0.00196	0.00933	0.00467	0.00302	0.00996
57	0.01697	0.01627	0.01476	0.01346	0.01691	0.13049	0.01033	0.02953	0.40693	0.02620	0.11730	0.03324	0.11546	0.01101	0.00741	0.00230	0.00626	0.00902	0.00665	0.00950
58	0.32062	0.02504	0.36381	0.01623	0.05040	0.01568	0.01756	0.02128	0.01429	0.02665	0.05783	0.01634	0.01250	0.00721	0.00597	0.00223	0.00800	0.00527	0.00390	0.00920
59	0.01960	0.19729	0.20171	0.01384	0.01992	0.01550	0.01424	0.02366	0.01705	0.22146	0.11217	0.07317	0.02214	0.00935	0.00673	0.00211	0.00710	0.00755	0.00561	0.00980
60	0.01896	0.48158	0.21824	0.01460	0.02178	0.04439	0.01593	0.02289	0.01524	0.07126	0.01210	0.01342	0.00975	0.00652	0.00542	0.00178	0.00844	0.00448	0.00349	0.00971
61	0.03822	0.30430	0.41666	0.01665	0.02504	0.02064	0.01992	0.02172	0.01462	0.02045	0.01182	0.01400	0.00931	0.00803	0.02915	0.00228	0.00957	0.00475	0.00309	0.00979

[dist]
# distance from previous block
# <min> <max>
8	16

[block]
# block no. 4 follows, 29 sequences, length 42
# corresponding to MSA columns:
# 126-167
name=unknown_E
#
# <colnr> <probs for GDERKNQSTAVLIFYWHMCP>
#	G	D	E	R	K	N	Q	S	T	A	V	L	I	F	Y	W	H	M	C	P
0	0.02218	0.23952	0.02533	0.01581	0.02047	0.24810	0.03871	0.10429	0.10153	0.04486	0.03639	0.01662	0.01325	0.00782	0.00687	0.00194	0.03670	0.00556	0.00461	0.00945
1	0.11916	0.06344	0.35566	0.01520	0.02205	0.01480	0.01713	0.05405	0.01560	0.04279	0.05979	0.02215	0.06674	0.01127	0.03668	0.05534	0.00852	0.00648	0.00418	0.00896
2	0.01715	0.01485	0.04277	0.01328	0.01724	0.05795	0.03567	0.16402	0.11314	0.05231	0.27998	0.03405	0.06304	0.01096	0.00757	0.00216	0.00605	0.00927	0.00677	0.05175
3	0.01266	0.00982	0.01352	0.01261	0.01432	0.01017	0.05964	0.11221	0.01617	0.02182	0.02927	0.41183	0.03282	0.11550	0.06040	0.00384	0.03605	0.01456	0.00583	0.00695
4	0.07128	0.64471	0.03379	0.01222	0.01794	0.06271	0.01180	0.02143	0.01478	0.01816	0.03082	0.01277	0.01080	0.00645	0.00477	0.00161	0.00762	0.00412	0.00331	0.00892
5	0.00866	0.00626	0.00819	0.00973	0.01028	0.00580	0.00653	0.00994	0.01381	0.01825	0.04144	0.69995	0.09083	0.02202	0.00904	0.00286	0.00410	0.01989	0.00661	0.00580
6	0.02668	0.01932	0.02083	0.01611	0.02169	0.02132	0.01326	0.61353	0.07477	0.07188	0.01831	0.01800	0.01295	0.00863	0.00713	0.00216	0.00762	0.00655	0.00720	0.01206
7	0.01825	0.01871	0.07049	0.13873	0.40044	0.09817	0.01934	0.02229	0.01643	0.06512	0.01530	0.05705	0.01296	0.00763	0.00709	0.00218	0.00888	0.00687	0.00396	0.01012
8	0.00911	0.00724	0.00818	0.00794	0.01004	0.00631	0.00596	0.01156	0.01787	0.02313	0.33496	0.06212	0.43719	0.01658	0.00841	0.00234	0.00350	0.01413	0.00712	0.00631
9	0.05953	0.01487	0.01876	0.21887	0.09166	0.01725	0.01458	0.06449	0.36585	0.02684	0.02125	0.02227	0.01603	0.00841	0.00703	0.00235	0.00710	0.00709	0.00559	0.01018
10	0.01428	0.03683	0.71286	0.02030	0.03082	0.01654	0.02631	0.02255	0.01503	0.02255	0.01278	0.01503	0.00902	0.00677	0.00677	0.00226	0.01052	0.00526	0.00301	0.01052
11	0.01090	0.00779	0.01082	0.01246	0.01385	0.00770	0.01048	0.01377	0.01583	0.02067	0.03802	0.21578	0.04223	0.02021	0.00968	0.00320	0.00606	0.52757	0.00657	0.00640
12	0.01345	0.01266	0.02136	0.73264	0.04904	0.01582	0.01978	0.01819	0.01424	0.01819	0.01266	0.01898	0.00949	0.00712	0.00712	0.00237	0.00949	0.00633	0.00316	0.00791
13	0.00884	0.00627	0.00821	0.00971	0.01008	0.00589	0.00639	0.00996	0.01331	0.01775	0.03761	0.67718	0.04503	0.09304	0.01173	0.00328	0.00440	0.01928	0.00639	0.00564
14	0.00957	0.00726	0.00881	0.00843	0.01033	0.00650	0.00632	0.01245	0.01896	0.02571	0.50929	0.05788	0.26125	0.01562	0.00840	0.00229	0.00343	0.01353	0.00746	0.00650
15	0.01477	0.01266	0.01477	0.01055	0.01687	0.00949	0.00844	0.01793	0.01477	0.02320	0.01266	0.01477	0.01055	0.00527	0.00527	0.00105	0.00527	0.00422	0.00422	0.79328
16	0.02547	0.02040	0.05802	0.01641	0.02221	0.02136	0.01400	0.58367	0.09647	0.04221	0.01802	0.01790	0.01288	0.00856	0.00712	0.00217	0.00777	0.00651	0.00691	0.01194
17	0.01952	0.70831	0.03623	0.01258	0.01851	0.07218	0.01228	0.02177	0.01483	0.01680	0.00997	0.01151	0.00914	0.00617	0.00469	0.00154	0.00795	0.00386	0.00309	0.00908
18	0.01852	0.05365	0.01722	0.01178	0.01792	0.01266	0.00966	0.12936	0.01833	0.08598	0.01458	0.01579	0.01134	0.00617	0.00571	0.00136	0.00589	0.00481	0.00503	0.55421
19	0.02331	0.06073	0.02040	0.05521	0.02234	0.24191	0.01335	0.25226	0.15502	0.02939	0.01770	0.01994	0.01392	0.00862	0.00690	0.00212	0.00902	0.03214	0.00560	0.01012
20	0.01656	0.02008	0.08326	0.02864	0.03557	0.01817	0.59369	0.02241	0.01630	0.02241	0.01396	0.01870	0.01059	0.00648	0.00930	0.00244	0.06028	0.00806	0.00353	0.00954
21	0.00881	0.00630	0.00838	0.00983	0.01036	0.00587	0.00662	0.01024	0.01424	0.01915	0.10106	0.68054	0.04897	0.02159	0.00902	0.00283	0.00406	0.01956	0.00672	0.00587
22	0.01766	0.54684	0.23248	0.01453	0.02190	0.02481	0.01626	0.02168	0.01463	0.01843	0.01073	0.01247	0.00910	0.00629	0.00520	0.00173	0.00846	0.00423	0.00303	0.00954
23	0.01791	0.01473	0.01533	0.01376	0.01764	0.03839	0.01081	0.06755	0.49228	0.06428	0.03284	0.03283	0.09518	0.01091	0.00747	0.00241	0.00583	0.04229	0.00710	0.01045
24	0.00868	0.00620	0.00826	0.00991	0.01033	0.00578	0.00661	0.00991	0.01363	0.01818	0.03925	0.74510	0.04710	0.02231	0.00909	0.00289	0.00413	0.02024	0.00661	0.00578
25	0.01036	0.00690	0.00777	0.00777	0.00777	0.00690	0.00431	0.01036	0.01036	0.01381	0.02244	0.04660	0.02589	0.74975	0.03624	0.00690	0.00690	0.01036	0.00431	0.00431
26	0.01828	0.19574	0.25459	0.02062	0.02842	0.01937	0.22661	0.04842	0.01665	0.08471	0.01418	0.01642	0.01051	0.00662	0.00682	0.00212	0.00980	0.00613	0.00389	0.01012
27	0.00973	0.00772	0.00883	0.00862	0.01078	0.00702	0.00658	0.01318	0.05291	0.02357	0.31546	0.06100	0.37915	0.01633	0.00843	0.00239	0.00378	0.05083	0.00712	0.00659
28	0.01036	0.00690	0.00777	0.00777	0.00777	0.00690	0.00431	0.01036	0.01036	0.01381	0.02244	0.04660	0.02589	0.74975	0.03624	0.00690	0.00690	0.01036	0.00431	0.00431
29	0.01327	0.00664	0.00664	0.00664	0.00830	0.00664	0.00498	0.01659	0.01493	0.02655	0.02323	0.02655	0.01825	0.00830	0.00498	0.00166	0.00332	0.00664	0.78928	0.00664
30	0.03990	0.07605	0.50793	0.02102	0.03034	0.01733	0.14361	0.02281	0.01538	0.04174	0.01324	0.01572	0.00955	0.00664	0.00687	0.00223	0.01034	0.00576	0.00332	0.01023
31	0.05603	0.00702	0.00684	0.00679	0.00859	0.00714	0.00513	0.01683	0.01478	0.02684	0.02251	0.02573	0.01768	0.00820	0.00495	0.00169	0.00344	0.00649	0.74662	0.00670
32	0.03195	0.01212	0.01652	0.01267	0.01818	0.01047	0.01047	0.03470	0.02038	0.71026	0.02809	0.02424	0.01763	0.00881	0.00716	0.00220	0.00606	0.00716	0.00881	0.01212
33	0.01428	0.03683	0.71286	0.02030	0.03082	0.01654	0.02631	0.02255	0.01503	0.02255	0.01278	0.01503	0.00902	0.00677	0.00677	0.00226	0.01052	0.00526	0.00301	0.01052
34	0.00868	0.00620	0.00826	0.00991	0.01033	0.00578	0.00661	0.00991	0.01363	0.01818	0.03925	0.74510	0.04710	0.02231	0.00909	0.00289	0.00413	0.02024	0.00661	0.00578
35	0.02660	0.03394	0.02018	0.01834	0.02201	0.72116	0.01376	0.02843	0.02018	0.01743	0.01101	0.01284	0.00917	0.00734	0.00642	0.00183	0.01284	0.00459	0.00367	0.00825
36	0.01477	0.01266	0.01477	0.01055	0.01687	0.00949	0.00844	0.01793	0.01477	0.02320	0.01266	0.01477	0.01055	0.00527	0.00527	0.00105	0.00527	0.00422	0.00422	0.79328
37	0.01498	0.14141	0.61436	0.01911	0.02899	0.01823	0.02425	0.02237	0.01495	0.02171	0.01236	0.01451	0.00904	0.00667	0.00644	0.00215	0.01010	0.00505	0.00301	0.01032
38	0.01477	0.01266	0.01477	0.01055	0.01687	0.00949	0.00844	0.01793	0.01477	0.02320	0.01266	0.01477	0.01055	0.00527	0.00527	0.00105	0.00527	0.00422	0.00422	0.79328
39	0.01382	0.01394	0.01211	0.05902	0.01585	0.15911	0.00891	0.03479	0.05283	0.02111	0.12722	0.09527	0.33066	0.01422	0.00786	0.00229	0.00618	0.01174	0.00596	0.00712
40	0.06660	0.14868	0.40082	0.01847	0.02673	0.04797	0.08130	0.02384	0.05217	0.05000	0.01370	0.01551	0.01016	0.00684	0.00644	0.00213	0.00952	0.00542	0.00365	0.01004
41	0.03905	0.17830	0.52027	0.01815	0.02735	0.01914	0.02226	0.05767	0.01583	0.02287	0.01235	0.01432	0.00917	0.00672	0.00628	0.00210	0.00965	0.00499	0.00328	0.01025

[dist]
# distance from previous block
# <min> <max>
0	3

[block]
# block no. 5 follows, 29 sequences, length 16
# corresponding to MSA columns:
# 171-186
name=unknown_F
#
# <colnr> <probs for GDERKNQSTAVLIFYWHMCP>
#	G	D	E	R	K	N	Q	S	T	A	V	L	I	F	Y	W	H	M	C	P
0	0.07769	0.17326	0.41872	0.01654	0.02480	0.01800	0.01949	0.02274	0.04114	0.04874	0.03646	0.01612	0.01178	0.00701	0.00617	0.00206	0.00874	0.00526	0.00372	0.04155
1	0.21762	0.02734	0.40930	0.04362	0.02576	0.01671	0.01938	0.09018	0.01636	0.05318	0.01306	0.01486	0.00935	0.00700	0.00623	0.00223	0.00875	0.00513	0.00401	0.00993
2	0.42167	0.02488	0.34870	0.01463	0.02198	0.01625	0.01667	0.02171	0.01352	0.02742	0.01129	0.01324	0.00834	0.00668	0.00554	0.00223	0.00792	0.00453	0.00373	0.00907
3	0.01812	0.01973	0.02106	0.01818	0.01938	0.18505	0.01478	0.01983	0.01328	0.01753	0.00991	0.01489	0.00937	0.01088	0.01844	0.00271	0.52847	0.00574	0.00330	0.04937
4	0.02556	0.13317	0.02254	0.01750	0.02150	0.62567	0.01354	0.02745	0.01939	0.01733	0.01085	0.01265	0.00917	0.00717	0.00617	0.00179	0.01212	0.00448	0.00358	0.00838
5	0.01275	0.00722	0.01016	0.00948	0.01049	0.00671	0.00655	0.01066	0.01016	0.01411	0.01241	0.02054	0.01208	0.02162	0.02421	0.66589	0.00604	0.00587	0.00327	0.12977
6	0.01288	0.00800	0.00954	0.00873	0.01124	0.00703	0.00661	0.01528	0.01792	0.13296	0.28217	0.05477	0.33076	0.05843	0.00985	0.00258	0.00411	0.01274	0.00726	0.00714
7	0.01036	0.00690	0.00777	0.00777	0.00777	0.00690	0.00431	0.01036	0.01036	0.01381	0.02244	0.04660	0.02589	0.74975	0.03624	0.00690	0.00690	0.01036	0.00431	0.00431
8	0.11340	0.01926	0.02015	0.01560	0.02115	0.02140	0.01288	0.60780	0.03109	0.04343	0.01629	0.01648	0.01162	0.00833	0.00682	0.00214	0.00758	0.00613	0.00682	0.01162
9	0.02967	0.01263	0.01646	0.01296	0.01823	0.01163	0.01059	0.03520	0.12813	0.60117	0.02823	0.02461	0.01829	0.00895	0.00717	0.00224	0.00599	0.00730	0.00856	0.01198
10	0.01878	0.71458	0.07447	0.01263	0.01897	0.02754	0.01296	0.02139	0.01450	0.01707	0.01006	0.01162	0.00913	0.00613	0.00469	0.00156	0.00777	0.00389	0.00304	0.00921
11	0.01506	0.01641	0.03477	0.02570	0.03144	0.01538	0.53501	0.02004	0.01613	0.02181	0.01974	0.17506	0.01860	0.00950	0.00855	0.00251	0.01031	0.01095	0.00425	0.00878
12	0.01013	0.00716	0.00955	0.01093	0.01180	0.00699	0.00831	0.01204	0.01428	0.01881	0.03589	0.35049	0.04110	0.13781	0.01376	0.00370	0.00561	0.28954	0.00622	0.00588
13	0.10945	0.10359	0.26305	0.01482	0.02120	0.04317	0.01557	0.02394	0.12438	0.05349	0.11490	0.02188	0.01974	0.00832	0.00651	0.00213	0.00752	0.00650	0.00486	0.03497
14	0.05026	0.22507	0.13505	0.01536	0.02077	0.11275	0.05304	0.04740	0.05401	0.02250	0.10933	0.01993	0.01819	0.00818	0.00722	0.00200	0.04781	0.00617	0.00432	0.04065
15	0.04155	0.15722	0.24690	0.09668	0.02779	0.01886	0.08220	0.12751	0.01818	0.05256	0.01509	0.01966	0.01195	0.00773	0.00675	0.00219	0.00903	0.04404	0.00423	0.00989

[dist]
# distance from previous block
# <min> <max>
20	30

[block]
# block no. 6 follows, 29 sequences, length 19
# corresponding to MSA columns:
# 217-235
name=unknown_G
#
# <colnr> <probs for GDERKNQSTAVLIFYWHMCP>
#	G	D	E	R	K	N	Q	S	T	A	V	L	I	F	Y	W	H	M	C	P
0	0.00878	0.00634	0.00832	0.00969	0.01032	0.00588	0.00656	0.01024	0.01434	0.01913	0.09838	0.64910	0.08377	0.02141	0.00899	0.00281	0.00404	0.01933	0.00672	0.00588
1	0.02855	0.01252	0.01584	0.01254	0.01747	0.03661	0.01020	0.03219	0.05333	0.57324	0.10464	0.02725	0.02319	0.00946	0.00728	0.00220	0.00598	0.00776	0.00843	0.01132
2	0.01619	0.01673	0.02716	0.23329	0.03307	0.05221	0.19990	0.04128	0.01470	0.01994	0.01206	0.01751	0.00987	0.00872	0.01309	0.00261	0.26299	0.00679	0.00342	0.00849
3	0.01990	0.02107	0.05500	0.07730	0.02276	0.20271	0.01305	0.10343	0.17838	0.02529	0.01660	0.01769	0.01283	0.00748	0.00650	0.00189	0.00831	0.00572	0.00497	0.19910
4	0.01027	0.00749	0.00979	0.00981	0.01154	0.00701	0.00776	0.01348	0.01891	0.02601	0.48727	0.06106	0.11533	0.01609	0.00875	0.00250	0.00415	0.16872	0.00742	0.00662
5	0.00876	0.00626	0.00834	0.00986	0.01035	0.00584	0.00662	0.01013	0.01403	0.01881	0.07986	0.70268	0.04833	0.02183	0.00905	0.00285	0.00408	0.01979	0.00669	0.00584
6	0.01507	0.02989	0.45930	0.05732	0.03379	0.01699	0.24091	0.02243	0.01558	0.02243	0.01331	0.01659	0.00963	0.00653	0.00732	0.00231	0.01096	0.00635	0.00321	0.01010
7	0.00868	0.00620	0.00826	0.00991	0.01033	0.00578	0.00661	0.00991	0.01363	0.01818	0.03925	0.74510	0.04710	0.02231	0.00909	0.00289	0.00413	0.02024	0.00661	0.00578
8	0.01663	0.01869	0.03912	0.02839	0.03456	0.01855	0.58431	0.02200	0.01596	0.02200	0.01368	0.01869	0.01060	0.00693	0.01055	0.00250	0.11589	0.00809	0.00353	0.00934
9	0.00842	0.00721	0.00721	0.00721	0.00962	0.00601	0.00541	0.01022	0.01623	0.01924	0.07213	0.06853	0.70244	0.01803	0.00842	0.00240	0.00361	0.01503	0.00661	0.00601
10	0.02595	0.06052	0.02096	0.01801	0.02176	0.63257	0.01375	0.06286	0.02035	0.01887	0.01123	0.01311	0.00933	0.00753	0.00697	0.00188	0.03734	0.00471	0.00381	0.00848
11	0.01904	0.75404	0.03731	0.01218	0.01828	0.02818	0.01218	0.02132	0.01447	0.01675	0.00990	0.01142	0.00914	0.00609	0.00457	0.00152	0.00761	0.00381	0.00305	0.00914
12	0.01616	0.01916	0.07492	0.13604	0.03867	0.01760	0.54434	0.02210	0.01632	0.02210	0.01405	0.01895	0.01051	0.00621	0.00812	0.00239	0.01154	0.00792	0.00350	0.00940
13	0.01344	0.01232	0.02054	0.69222	0.04677	0.01531	0.01895	0.01810	0.01428	0.01866	0.01324	0.01941	0.00998	0.00718	0.00700	0.00233	0.00915	0.00635	0.04693	0.00784
14	0.01036	0.00690	0.00777	0.00777	0.00777	0.00690	0.00431	0.01036	0.01036	0.01381	0.02244	0.04660	0.02589	0.74975	0.03624	0.00690	0.00690	0.01036	0.00431	0.00431
15	0.01477	0.11026	0.64369	0.01946	0.02953	0.01773	0.02486	0.02242	0.01498	0.02196	0.01248	0.01466	0.00903	0.00670	0.00654	0.00218	0.01023	0.00511	0.00301	0.01038
16	0.01904	0.75404	0.03731	0.01218	0.01828	0.02818	0.01218	0.02132	0.01447	0.01675	0.00990	0.01142	0.00914	0.00609	0.00457	0.00152	0.00761	0.00381	0.00305	0.00914
17	0.02994	0.01218	0.01632	0.01242	0.01803	0.01035	0.01023	0.03274	0.01972	0.63001	0.02629	0.02313	0.01680	0.00840	0.00694	0.00207	0.00597	0.00682	0.00828	0.10336
18	0.01521	0.17666	0.58116	0.01871	0.02837	0.01881	0.02356	0.02231	0.01492	0.02142	0.01222	0.01433	0.00904	0.00663	0.00634	0.00211	0.00996	0.00498	0.00301	0.01025

[dist]
# distance from previous block
# <min> <max>
0	1

[block]
# block no. 7 follows, 29 sequences, length 10
# corresponding to MSA columns:
# 237-246
name=unknown_H
#
# <colnr> <probs for GDERKNQSTAVLIFYWHMCP>
#	G	D	E	R	K	N	Q	S	T	A	V	L	I	F	Y	W	H	M	C	P
0	0.01465	0.09271	0.66023	0.01966	0.02984	0.01744	0.02521	0.02245	0.01499	0.02210	0.01255	0.01475	0.00903	0.00671	0.00659	0.00220	0.01030	0.00515	0.00301	0.01042
1	0.01122	0.00811	0.01111	0.01262	0.01432	0.00801	0.01096	0.01437	0.01638	0.02113	0.04061	0.07933	0.09682	0.01953	0.00972	0.00320	0.00631	0.60318	0.00656	0.00651
2	0.01551	0.21856	0.41667	0.01655	0.02456	0.01851	0.01955	0.04872	0.01633	0.02276	0.10199	0.01916	0.01676	0.00768	0.00642	0.00206	0.00872	0.00592	0.00382	0.00973
3	0.01758	0.06691	0.05777	0.04940	0.05273	0.02008	0.18701	0.10888	0.01640	0.02310	0.01232	0.01660	0.01020	0.00882	0.01326	0.00249	0.28150	0.00653	0.00384	0.04458
4	0.06942	0.31170	0.24742	0.05538	0.02395	0.11610	0.01686	0.02221	0.01545	0.02018	0.03466	0.01462	0.01101	0.00686	0.00578	0.00192	0.00907	0.00483	0.00338	0.00922
5	0.07432	0.06131	0.11776	0.07225	0.02418	0.12630	0.01529	0.27505	0.04959	0.05630	0.01485	0.01621	0.01103	0.00800	0.00750	0.00216	0.04673	0.00574	0.00518	0.01027
6	0.04926	0.23910	0.14700	0.06440	0.16845	0.10716	0.01738	0.05886	0.01644	0.02148	0.01182	0.01449	0.00972	0.00691	0.00680	0.00199	0.04045	0.00509	0.00351	0.00970
7	0.11257	0.08368	0.02054	0.05269	0.02174	0.20116	0.01282	0.26721	0.06930	0.06934	0.01531	0.01604	0.01144	0.00783	0.00643	0.00205	0.00868	0.00558	0.00548	0.01009
8	0.35403	0.07133	0.01788	0.01658	0.11952	0.01761	0.01161	0.10352	0.11875	0.08325	0.01557	0.01637	0.01176	0.00739	0.00578	0.00216	0.00645	0.00542	0.00527	0.00976
9	0.08401	0.12703	0.02288	0.06173	0.05109	0.08527	0.01451	0.01922	0.01286	0.01869	0.01040	0.01516	0.00959	0.01157	0.04351	0.00292	0.39252	0.00558	0.00332	0.00813

[dist]
# distance from previous block
# <min> <max>
0	8

# created by:
# /st0/software/busco_prod/Augustus/scripts/msa2prfl.pl ./align_prep/139997.fa
