[name]
unknown

[dist]
# distance from previous block
# <min> <max>
0	29

[block]
# block no. 0 follows, 29 sequences, length 27
# corresponding to MSA columns:
# 29-55
name=unknown_A
#
# <colnr> <probs for GDERKNQSTAVLIFYWHMCP>
#	G	D	E	R	K	N	Q	S	T	A	V	L	I	F	Y	W	H	M	C	P
0	0.03888	0.09602	0.15078	0.05847	0.04619	0.24030	0.01590	0.13191	0.06326	0.02421	0.01478	0.01844	0.01205	0.02694	0.00738	0.00220	0.00975	0.02866	0.00438	0.00949
1	0.07217	0.08399	0.18966	0.03398	0.04720	0.05751	0.03753	0.08701	0.22747	0.02647	0.01858	0.02055	0.01442	0.00926	0.02429	0.00246	0.00835	0.02393	0.00500	0.01019
2	0.05336	0.07185	0.32519	0.02207	0.09543	0.18080	0.08732	0.02416	0.03557	0.02175	0.01276	0.01517	0.00977	0.00681	0.00666	0.00212	0.01047	0.00547	0.00346	0.00980
3	0.01825	0.01537	0.01945	0.22487	0.06211	0.04693	0.03594	0.15274	0.14527	0.04605	0.04797	0.02142	0.01571	0.00810	0.00696	0.00215	0.00762	0.00682	0.04652	0.06976
4	0.06381	0.02565	0.14847	0.06672	0.11020	0.23792	0.18128	0.02371	0.01698	0.02126	0.01318	0.03380	0.01068	0.00710	0.00704	0.00216	0.01086	0.00631	0.00360	0.00924
5	0.01032	0.00881	0.01193	0.21867	0.02135	0.00905	0.00993	0.01338	0.01668	0.02138	0.22033	0.05009	0.33387	0.01395	0.00803	0.00235	0.00525	0.01193	0.00593	0.00675
6	0.01137	0.01612	0.21546	0.01402	0.01798	0.01112	0.01396	0.01558	0.01249	0.01828	0.01724	0.02421	0.01525	0.03984	0.51364	0.00877	0.01659	0.00694	0.00358	0.00757
7	0.01658	0.23037	0.02632	0.01680	0.01857	0.02366	0.01459	0.01835	0.01194	0.01703	0.00951	0.01437	0.00929	0.01061	0.01790	0.00265	0.52465	0.00553	0.00310	0.00818
8	0.01258	0.02822	0.50761	0.01649	0.02465	0.01348	0.02023	0.01896	0.01538	0.02159	0.03004	0.03059	0.21071	0.01004	0.00725	0.00230	0.00851	0.00810	0.00406	0.00921
9	0.01764	0.01922	0.02168	0.46398	0.09920	0.22107	0.01821	0.02150	0.01614	0.01842	0.01224	0.01708	0.00956	0.00711	0.00691	0.00219	0.01037	0.00582	0.00334	0.00831
10	0.01681	0.01921	0.04202	0.03001	0.03721	0.01801	0.67947	0.02281	0.01681	0.02281	0.01441	0.01921	0.01080	0.00600	0.00840	0.00240	0.01200	0.00840	0.00360	0.00960
11	0.01522	0.01538	0.02881	0.39661	0.17103	0.01667	0.21205	0.02024	0.01536	0.02050	0.01331	0.01879	0.01022	0.00665	0.00748	0.00233	0.01003	0.00693	0.00336	0.00905
12	0.01128	0.00932	0.01427	0.01974	0.21248	0.00902	0.01104	0.01339	0.01438	0.01966	0.03173	0.53351	0.03668	0.01767	0.00850	0.00267	0.00539	0.01620	0.00571	0.00738
13	0.24462	0.01763	0.03284	0.02401	0.03040	0.01742	0.48408	0.02226	0.01544	0.02547	0.01310	0.01699	0.00990	0.00618	0.00724	0.00234	0.01012	0.00708	0.00384	0.00905
14	0.01115	0.00857	0.01194	0.21892	0.02018	0.00954	0.00918	0.01273	0.01173	0.01547	0.02036	0.07693	0.02189	0.45630	0.06214	0.00560	0.00814	0.00960	0.00408	0.00555
15	0.01327	0.00664	0.00664	0.00664	0.00830	0.00664	0.00498	0.01659	0.01493	0.02655	0.02323	0.02655	0.01825	0.00830	0.00498	0.00166	0.00332	0.00664	0.78928	0.00664
16	0.00868	0.00620	0.00826	0.00991	0.01033	0.00578	0.00661	0.00991	0.01363	0.01818	0.03925	0.74510	0.04710	0.02231	0.00909	0.00289	0.00413	0.02024	0.00661	0.00578
17	0.01054	0.00815	0.01024	0.01004	0.01225	0.00692	0.00715	0.01248	0.01439	0.02032	0.07512	0.48712	0.03779	0.01684	0.00793	0.00231	0.00441	0.01510	0.00600	0.23490
18	0.01878	0.02092	0.02134	0.01859	0.01966	0.22523	0.01505	0.02042	0.01360	0.01722	0.00983	0.01478	0.00930	0.01097	0.01844	0.00274	0.52617	0.00575	0.00328	0.00792
19	0.02723	0.01796	0.01986	0.01535	0.02084	0.01934	0.01264	0.52118	0.05317	0.16580	0.01970	0.01901	0.01363	0.00863	0.00707	0.00214	0.00730	0.00661	0.03060	0.01192
20	0.01403	0.01020	0.01207	0.01180	0.01375	0.01052	0.00862	0.20528	0.01941	0.02594	0.03280	0.53336	0.03692	0.01831	0.00852	0.00267	0.00521	0.01622	0.00676	0.00762
21	0.02302	0.03478	0.22165	0.01891	0.02457	0.51622	0.01741	0.02672	0.01868	0.01892	0.01152	0.01348	0.00913	0.00717	0.00652	0.00196	0.01217	0.00478	0.00348	0.00891
22	0.02380	0.02825	0.02665	0.02154	0.02644	0.44659	0.20737	0.09225	0.02053	0.02174	0.01261	0.01512	0.00994	0.00707	0.00707	0.00203	0.01210	0.00588	0.00400	0.00903
23	0.01068	0.00893	0.01220	0.01247	0.01276	0.01045	0.00922	0.01202	0.01284	0.01787	0.03055	0.53291	0.03612	0.01944	0.01324	0.00296	0.21721	0.01617	0.00559	0.00637
24	0.01522	0.01070	0.01172	0.01027	0.01193	0.01132	0.00700	0.20559	0.01708	0.02284	0.02088	0.03802	0.02188	0.53416	0.02777	0.00552	0.00717	0.00921	0.00513	0.00658
25	0.01704	0.01854	0.03820	0.03400	0.23154	0.01769	0.48820	0.02253	0.01663	0.02294	0.01411	0.01875	0.01094	0.00610	0.00801	0.00232	0.01097	0.00780	0.00358	0.01009
26	0.31659	0.07684	0.16784	0.05389	0.02521	0.01725	0.17940	0.02140	0.01443	0.02573	0.03287	0.01583	0.01077	0.00672	0.00617	0.00222	0.00847	0.00568	0.00385	0.00886

[dist]
# distance from previous block
# <min> <max>
0	19

[block]
# block no. 1 follows, 29 sequences, length 21
# corresponding to MSA columns:
# 75-95
name=unknown_B
#
# <colnr> <probs for GDERKNQSTAVLIFYWHMCP>
#	G	D	E	R	K	N	Q	S	T	A	V	L	I	F	Y	W	H	M	C	P
0	0.01749	0.01840	0.06396	0.10722	0.57327	0.05130	0.02149	0.02186	0.01616	0.02245	0.01317	0.01738	0.01089	0.00649	0.00701	0.00213	0.00888	0.00620	0.00347	0.01077
1	0.06065	0.68967	0.03529	0.01225	0.01817	0.05176	0.01200	0.02155	0.01454	0.01758	0.00994	0.01148	0.00906	0.00616	0.00463	0.00157	0.00769	0.00384	0.00314	0.00903
2	0.02635	0.01351	0.06754	0.01279	0.01803	0.01090	0.01113	0.03086	0.07049	0.50915	0.10283	0.02840	0.04562	0.00967	0.00732	0.00223	0.00598	0.00798	0.00808	0.01114
3	0.01036	0.00690	0.00777	0.00777	0.00777	0.00690	0.00431	0.01036	0.01036	0.01381	0.02244	0.04660	0.02589	0.74975	0.03624	0.00690	0.00690	0.01036	0.00431	0.00431
4	0.01861	0.01574	0.01661	0.01467	0.01886	0.01813	0.01149	0.09951	0.62934	0.03123	0.02784	0.02566	0.02081	0.00955	0.00723	0.00239	0.00585	0.00789	0.00723	0.01135
5	0.01414	0.01336	0.02261	0.61862	0.15766	0.01600	0.02012	0.01880	0.01457	0.01903	0.01278	0.01876	0.00979	0.00699	0.00711	0.00233	0.00932	0.00633	0.00322	0.00847
6	0.02509	0.01928	0.17974	0.01610	0.05005	0.01379	0.01491	0.12597	0.02044	0.36570	0.02100	0.01997	0.01395	0.00790	0.00690	0.00211	0.00740	0.00633	0.00661	0.07677
7	0.02167	0.23456	0.04353	0.04656	0.10222	0.09288	0.01431	0.25785	0.03785	0.02825	0.01634	0.01756	0.04109	0.00779	0.00635	0.00196	0.00825	0.00584	0.00488	0.01026
8	0.00868	0.00620	0.00826	0.00991	0.01033	0.00578	0.00661	0.00991	0.01363	0.01818	0.03925	0.74510	0.04710	0.02231	0.00909	0.00289	0.00413	0.02024	0.00661	0.00578
9	0.02452	0.23166	0.02488	0.01665	0.02099	0.53089	0.01333	0.02648	0.01861	0.01724	0.01070	0.01245	0.00916	0.00700	0.00591	0.00175	0.01141	0.00437	0.00350	0.00850
10	0.12794	0.04975	0.14390	0.01625	0.05902	0.01648	0.01436	0.21134	0.02125	0.21037	0.01869	0.04883	0.01374	0.00840	0.00668	0.00219	0.00741	0.00654	0.00607	0.01080
11	0.00896	0.00761	0.00777	0.00766	0.01011	0.00662	0.00577	0.01174	0.04957	0.02025	0.10350	0.06566	0.63530	0.01744	0.00836	0.00240	0.00369	0.01457	0.00671	0.00631
12	0.03118	0.01335	0.01728	0.01325	0.01879	0.01229	0.01095	0.13619	0.02244	0.60587	0.02637	0.02312	0.01676	0.00877	0.00715	0.00219	0.00634	0.00704	0.00855	0.01212
13	0.01465	0.06643	0.64130	0.02057	0.03069	0.01713	0.06720	0.02251	0.01512	0.02232	0.01276	0.01514	0.00914	0.00669	0.00678	0.00223	0.01049	0.00540	0.00305	0.01041
14	0.01665	0.08715	0.04973	0.20470	0.46104	0.01772	0.02057	0.02095	0.01554	0.02140	0.01286	0.01727	0.01057	0.00652	0.00682	0.00212	0.00869	0.00606	0.00338	0.01024
15	0.00868	0.00620	0.00826	0.00991	0.01033	0.00578	0.00661	0.00991	0.01363	0.01818	0.03925	0.74510	0.04710	0.02231	0.00909	0.00289	0.00413	0.02024	0.00661	0.00578
16	0.04623	0.14427	0.04471	0.01057	0.01420	0.01227	0.00912	0.04017	0.01870	0.11083	0.35417	0.03910	0.10482	0.01181	0.00729	0.00212	0.00502	0.00985	0.00662	0.00814
17	0.01148	0.02545	0.01104	0.02993	0.04111	0.00798	0.00803	0.01418	0.04344	0.06653	0.12159	0.43269	0.12337	0.01797	0.00847	0.00261	0.00456	0.01599	0.00664	0.00694
18	0.01899	0.47246	0.17521	0.01554	0.02227	0.12035	0.04632	0.02262	0.01548	0.01833	0.01086	0.01273	0.00920	0.00640	0.00546	0.00176	0.00914	0.00443	0.00315	0.00933
19	0.01861	0.54850	0.09356	0.01322	0.01903	0.09156	0.01311	0.02145	0.01493	0.01775	0.01133	0.01342	0.00999	0.00887	0.04292	0.00215	0.00880	0.00434	0.03753	0.00892
20	0.01562	0.01306	0.01511	0.01098	0.01707	0.01045	0.00880	0.07389	0.01656	0.02525	0.04051	0.01650	0.01294	0.00592	0.00555	0.00119	0.00541	0.00475	0.00461	0.69583

[dist]
# distance from previous block
# <min> <max>
6	9

[block]
# block no. 2 follows, 29 sequences, length 27
# corresponding to MSA columns:
# 106-132
name=unknown_C
#
# <colnr> <probs for GDERKNQSTAVLIFYWHMCP>
#	G	D	E	R	K	N	Q	S	T	A	V	L	I	F	Y	W	H	M	C	P
0	0.01477	0.01266	0.01477	0.01055	0.01687	0.00949	0.00844	0.01793	0.01477	0.02320	0.01266	0.01477	0.01055	0.00527	0.00527	0.00105	0.00527	0.00422	0.00422	0.79328
1	0.00938	0.00674	0.00837	0.00904	0.00987	0.00632	0.00614	0.01086	0.01448	0.01931	0.16008	0.35810	0.12328	0.18479	0.01505	0.00364	0.00464	0.03792	0.00631	0.00568
2	0.02707	0.01995	0.02137	0.01638	0.02208	0.02208	0.01353	0.68159	0.03348	0.04488	0.01710	0.01710	0.01211	0.00855	0.00712	0.00214	0.00784	0.00641	0.00712	0.01211
3	0.01202	0.00748	0.00943	0.00927	0.01097	0.00680	0.00666	0.01408	0.01659	0.10309	0.25522	0.25367	0.15084	0.09695	0.01150	0.00296	0.00433	0.01442	0.00702	0.00671
4	0.00936	0.00691	0.00876	0.00902	0.01038	0.00630	0.00649	0.01178	0.01739	0.02370	0.38638	0.28820	0.15368	0.01768	0.00863	0.00248	0.00366	0.01567	0.00725	0.00630
5	0.00997	0.00674	0.00788	0.00827	0.00836	0.00664	0.00485	0.01025	0.01112	0.01482	0.02634	0.20883	0.03081	0.58080	0.02994	0.00597	0.00626	0.01265	0.00485	0.00466
6	0.01807	0.01805	0.02756	0.09509	0.59537	0.07757	0.02099	0.02214	0.01640	0.02237	0.01313	0.01732	0.01096	0.00649	0.00700	0.00211	0.00892	0.00619	0.00351	0.01076
7	0.01477	0.01266	0.01477	0.01055	0.01687	0.00949	0.00844	0.01793	0.01477	0.02320	0.01266	0.01477	0.01055	0.00527	0.00527	0.00105	0.00527	0.00422	0.00422	0.79328
8	0.01558	0.01558	0.02181	0.01869	0.01869	0.02181	0.01558	0.01714	0.01091	0.01714	0.00935	0.01558	0.00935	0.01246	0.02337	0.00312	0.73672	0.00623	0.00312	0.00779
9	0.01511	0.01489	0.02092	0.01807	0.01818	0.02070	0.01500	0.01676	0.01095	0.01708	0.01019	0.01665	0.01008	0.01599	0.08358	0.00383	0.67483	0.00635	0.00318	0.00767
10	0.02660	0.03394	0.02018	0.01834	0.02201	0.72116	0.01376	0.02843	0.02018	0.01743	0.01101	0.01284	0.00917	0.00734	0.00642	0.00183	0.01284	0.00459	0.00367	0.00825
11	0.02146	0.01590	0.09398	0.01423	0.01916	0.01397	0.01269	0.13771	0.16280	0.22585	0.09109	0.03237	0.02434	0.01064	0.00758	0.00238	0.00657	0.08955	0.00717	0.01054
12	0.00897	0.00679	0.00791	0.00847	0.00970	0.00613	0.00582	0.01044	0.01476	0.01892	0.11312	0.31627	0.29468	0.12946	0.01285	0.00325	0.00427	0.01606	0.00638	0.00574
13	0.01771	0.01530	0.01610	0.01449	0.01852	0.01771	0.01127	0.03784	0.69247	0.02979	0.02898	0.02657	0.02174	0.00966	0.00725	0.00242	0.00564	0.00805	0.00725	0.01127
14	0.80005	0.01377	0.01047	0.00936	0.01377	0.01597	0.00771	0.02093	0.01212	0.03195	0.00991	0.01157	0.00771	0.00661	0.00441	0.00220	0.00551	0.00386	0.00441	0.00771
15	0.02660	0.03394	0.02018	0.01834	0.02201	0.72116	0.01376	0.02843	0.02018	0.01743	0.01101	0.01284	0.00917	0.00734	0.00642	0.00183	0.01284	0.00459	0.00367	0.00825
16	0.01017	0.00763	0.01144	0.01144	0.01272	0.00890	0.00890	0.01272	0.01144	0.01653	0.01907	0.02797	0.01780	0.05340	0.72153	0.01144	0.01907	0.00763	0.00381	0.00636
17	0.01904	0.75404	0.03731	0.01218	0.01828	0.02818	0.01218	0.02132	0.01447	0.01675	0.00990	0.01142	0.00914	0.00609	0.00457	0.00152	0.00761	0.00381	0.00305	0.00914
18	0.01085	0.00765	0.00857	0.00810	0.01060	0.00657	0.00616	0.01311	0.01753	0.08107	0.21996	0.06101	0.49036	0.01640	0.00830	0.00235	0.00376	0.01383	0.00710	0.00671
19	0.02660	0.03394	0.02018	0.01834	0.02201	0.72116	0.01376	0.02843	0.02018	0.01743	0.01101	0.01284	0.00917	0.00734	0.00642	0.00183	0.01284	0.00459	0.00367	0.00825
20	0.01000	0.00728	0.00942	0.00888	0.01059	0.00669	0.00666	0.01330	0.01998	0.02814	0.67383	0.05387	0.09519	0.01471	0.00840	0.00225	0.00337	0.01297	0.00778	0.00669
21	0.00908	0.00649	0.00873	0.01038	0.01097	0.00614	0.00732	0.01062	0.01404	0.01863	0.03902	0.64804	0.04620	0.02192	0.00920	0.00295	0.00449	0.11328	0.00660	0.00590
22	0.00916	0.00765	0.00808	0.00822	0.01059	0.00674	0.00638	0.01187	0.04320	0.01991	0.06626	0.06828	0.59549	0.01790	0.00854	0.00251	0.00404	0.09227	0.00663	0.00629
23	0.02968	0.01326	0.01693	0.01325	0.01859	0.01248	0.01086	0.09643	0.10662	0.56112	0.02716	0.02385	0.01762	0.00890	0.00717	0.00222	0.00617	0.00720	0.00845	0.01201
24	0.03195	0.01212	0.01652	0.01267	0.01818	0.01047	0.01047	0.03470	0.02038	0.71026	0.02809	0.02424	0.01763	0.00881	0.00716	0.00220	0.00606	0.00716	0.00881	0.01212
25	0.01035	0.00742	0.00946	0.01089	0.01151	0.00678	0.00729	0.01126	0.01487	0.02007	0.07317	0.69467	0.04861	0.02254	0.00962	0.00311	0.00464	0.01999	0.00711	0.00664
26	0.01603	0.03528	0.62201	0.02215	0.03220	0.01739	0.09921	0.02343	0.01611	0.02385	0.01444	0.01756	0.01067	0.00768	0.00757	0.00254	0.01107	0.00609	0.00360	0.01111

[dist]
# distance from previous block
# <min> <max>
0	1

[block]
# block no. 3 follows, 29 sequences, length 21
# corresponding to MSA columns:
# 134-154
name=unknown_D
#
# <colnr> <probs for GDERKNQSTAVLIFYWHMCP>
#	G	D	E	R	K	N	Q	S	T	A	V	L	I	F	Y	W	H	M	C	P
0	0.01859	0.01879	0.07452	0.14953	0.53691	0.01762	0.02223	0.02249	0.01695	0.02408	0.01517	0.02030	0.01269	0.00783	0.00786	0.00253	0.00934	0.00687	0.00412	0.01160
1	0.70199	0.01517	0.01264	0.01118	0.01576	0.01675	0.00893	0.04478	0.01461	0.07701	0.01336	0.01540	0.01045	0.00814	0.00557	0.00256	0.00629	0.00484	0.00543	0.00915
2	0.01762	0.01692	0.02890	0.04371	0.70533	0.01692	0.02185	0.02185	0.01621	0.02326	0.01339	0.01762	0.01128	0.00634	0.00705	0.00211	0.00846	0.00634	0.00352	0.01128
3	0.02003	0.01713	0.01954	0.17883	0.05566	0.05892	0.01437	0.23811	0.24316	0.03075	0.02086	0.02169	0.03175	0.00866	0.00715	0.00227	0.00770	0.00704	0.00590	0.01047
4	0.01061	0.00736	0.00958	0.00907	0.01082	0.00675	0.00678	0.01377	0.01963	0.04868	0.61865	0.09557	0.08578	0.01498	0.00840	0.00228	0.00350	0.01323	0.00775	0.00680
5	0.01273	0.00830	0.01036	0.00945	0.01181	0.00771	0.00722	0.01682	0.06114	0.10280	0.49108	0.05063	0.15404	0.01414	0.00819	0.00227	0.00384	0.01227	0.00773	0.00749
6	0.05058	0.00655	0.00933	0.00928	0.00949	0.00666	0.00626	0.00984	0.00941	0.01332	0.01225	0.02116	0.01214	0.02386	0.02669	0.75448	0.00615	0.00607	0.00316	0.00332
7	0.01558	0.01558	0.02181	0.01869	0.01869	0.02181	0.01558	0.01714	0.01091	0.01714	0.00935	0.01558	0.00935	0.01246	0.02337	0.00312	0.73672	0.00623	0.00312	0.00779
8	0.01904	0.75404	0.03731	0.01218	0.01828	0.02818	0.01218	0.02132	0.01447	0.01675	0.00990	0.01142	0.00914	0.00609	0.00457	0.00152	0.00761	0.00381	0.00305	0.00914
9	0.04570	0.01419	0.02314	0.44081	0.23302	0.01669	0.01951	0.01925	0.01441	0.02009	0.01245	0.01799	0.00992	0.00737	0.00849	0.00236	0.07621	0.00623	0.00331	0.00886
10	0.01345	0.01266	0.02136	0.73264	0.04904	0.01582	0.01978	0.01819	0.01424	0.01819	0.01266	0.01898	0.00949	0.00712	0.00712	0.00237	0.00949	0.00633	0.00316	0.00791
11	0.02413	0.02775	0.02063	0.02030	0.09602	0.47591	0.01424	0.11498	0.02083	0.02186	0.01456	0.03985	0.02921	0.00839	0.00747	0.00201	0.04274	0.00589	0.00427	0.00895
12	0.63365	0.01461	0.03448	0.04203	0.01734	0.01606	0.05061	0.02056	0.01280	0.02975	0.03363	0.01403	0.01009	0.00712	0.00581	0.00227	0.03826	0.00469	0.00432	0.00789
13	0.05584	0.01194	0.01599	0.01238	0.01767	0.01046	0.01019	0.03322	0.02010	0.65502	0.06030	0.02524	0.01972	0.00902	0.00713	0.00221	0.00591	0.00733	0.00862	0.01171
14	0.02749	0.01882	0.02024	0.01559	0.02121	0.04528	0.01282	0.51979	0.03002	0.16136	0.01867	0.01813	0.01293	0.00844	0.00704	0.00210	0.00762	0.00640	0.00720	0.03886
15	0.07694	0.01673	0.01805	0.01444	0.01941	0.01825	0.01182	0.41453	0.11019	0.11647	0.02042	0.02133	0.01497	0.00891	0.00689	0.00218	0.00684	0.02642	0.06407	0.01114
16	0.00844	0.00712	0.00731	0.00746	0.00968	0.00599	0.00552	0.01019	0.01599	0.01914	0.06909	0.13118	0.64176	0.01843	0.00848	0.00245	0.00366	0.01551	0.00661	0.00599
17	0.09522	0.47905	0.02934	0.01301	0.01785	0.11842	0.01184	0.02139	0.01513	0.01915	0.05707	0.01478	0.01297	0.00736	0.00647	0.00180	0.06222	0.00472	0.00359	0.00861
18	0.00868	0.00620	0.00826	0.00991	0.01033	0.00578	0.00661	0.00991	0.01363	0.01818	0.03925	0.74510	0.04710	0.02231	0.00909	0.00289	0.00413	0.02024	0.00661	0.00578
19	0.05332	0.58843	0.10078	0.01339	0.01963	0.08721	0.01351	0.02205	0.01492	0.01804	0.01028	0.01191	0.00907	0.00629	0.00494	0.00165	0.00827	0.00402	0.00316	0.00913
20	0.30520	0.24393	0.05068	0.01219	0.01756	0.07157	0.01101	0.04610	0.01576	0.14795	0.01361	0.01422	0.01024	0.00697	0.00529	0.00197	0.00709	0.00463	0.00475	0.00925

[dist]
# distance from previous block
# <min> <max>
0	9

[block]
# block no. 4 follows, 29 sequences, length 71
# corresponding to MSA columns:
# 164-234
name=unknown_E
#
# <colnr> <probs for GDERKNQSTAVLIFYWHMCP>
#	G	D	E	R	K	N	Q	S	T	A	V	L	I	F	Y	W	H	M	C	P
0	0.00878	0.00627	0.00838	0.01003	0.01049	0.00587	0.00679	0.01009	0.01374	0.01829	0.03919	0.72047	0.04687	0.02221	0.00912	0.00291	0.00422	0.04385	0.00661	0.00581
1	0.01134	0.00805	0.01104	0.01249	0.01394	0.00805	0.01064	0.01424	0.01569	0.02044	0.03592	0.07639	0.03922	0.10479	0.01291	0.00370	0.00660	0.58197	0.00630	0.00630
2	0.80005	0.01377	0.01047	0.00936	0.01377	0.01597	0.00771	0.02093	0.01212	0.03195	0.00991	0.01157	0.00771	0.00661	0.00441	0.00220	0.00551	0.00386	0.00441	0.00771
3	0.00853	0.00718	0.00740	0.00743	0.00971	0.00604	0.00554	0.01040	0.01636	0.01976	0.10899	0.09545	0.63690	0.01800	0.00844	0.00241	0.00361	0.01511	0.00669	0.00604
4	0.00994	0.00726	0.00937	0.00911	0.01077	0.00669	0.00688	0.01304	0.01923	0.02678	0.57435	0.09929	0.11366	0.01560	0.00852	0.00235	0.00360	0.04937	0.00760	0.00660
5	0.00872	0.00647	0.00813	0.00930	0.01020	0.00589	0.00637	0.01021	0.01459	0.01908	0.08956	0.56206	0.18157	0.02093	0.00891	0.00275	0.00397	0.01870	0.00669	0.00589
6	0.02660	0.03394	0.02018	0.01834	0.02201	0.72116	0.01376	0.02843	0.02018	0.01743	0.01101	0.01284	0.00917	0.00734	0.00642	0.00183	0.01284	0.00459	0.00367	0.00825
7	0.00994	0.00724	0.00935	0.00889	0.01057	0.00665	0.00664	0.01314	0.01972	0.02768	0.64407	0.07753	0.10185	0.01501	0.00842	0.00227	0.00340	0.01325	0.00773	0.00665
8	0.01729	0.01449	0.01754	0.04685	0.02019	0.01332	0.03206	0.14552	0.05126	0.02718	0.01423	0.01616	0.01130	0.00649	0.00658	0.00151	0.03330	0.00513	0.00481	0.51478
9	0.01124	0.00872	0.03881	0.00959	0.01181	0.00729	0.00770	0.01478	0.01996	0.05928	0.64261	0.05030	0.06254	0.01398	0.00827	0.00224	0.00378	0.01230	0.00768	0.00712
10	0.01549	0.01420	0.02215	0.46336	0.17518	0.01658	0.01874	0.05176	0.10867	0.02201	0.01525	0.01967	0.01165	0.00738	0.00712	0.00232	0.00868	0.00657	0.00398	0.00924
11	0.01460	0.01377	0.02327	0.51339	0.23820	0.01593	0.02015	0.01916	0.01487	0.01975	0.01356	0.02027	0.01087	0.00724	0.00717	0.00232	0.00911	0.02416	0.00336	0.00885
12	0.01027	0.00726	0.00956	0.00956	0.01018	0.00788	0.00655	0.01151	0.01089	0.01514	0.02079	0.03751	0.02194	0.40981	0.37079	0.00912	0.01284	0.00902	0.00407	0.00531
13	0.42652	0.01394	0.01401	0.01143	0.01639	0.01474	0.00943	0.10791	0.01776	0.27869	0.01738	0.01683	0.01184	0.00765	0.00574	0.00220	0.00600	0.00537	0.00634	0.00985
14	0.80005	0.01377	0.01047	0.00936	0.01377	0.01597	0.00771	0.02093	0.01212	0.03195	0.00991	0.01157	0.00771	0.00661	0.00441	0.00220	0.00551	0.00386	0.00441	0.00771
15	0.00875	0.00649	0.00820	0.00952	0.01039	0.00594	0.00659	0.01020	0.01428	0.01853	0.04578	0.57908	0.17838	0.02133	0.00899	0.00281	0.00414	0.04814	0.00661	0.00586
16	0.01219	0.00618	0.00923	0.00931	0.00933	0.00616	0.00621	0.00931	0.00949	0.01265	0.01368	0.05690	0.01406	0.02462	0.02692	0.75433	0.00608	0.00687	0.00326	0.00322
17	0.01630	0.01600	0.02512	0.34334	0.38053	0.05562	0.02049	0.02062	0.01557	0.02072	0.01294	0.01795	0.01038	0.00674	0.00704	0.00221	0.00915	0.00624	0.00338	0.00964
18	0.17693	0.01943	0.01920	0.01512	0.02047	0.05497	0.01242	0.52166	0.02869	0.04103	0.01541	0.01582	0.01111	0.00811	0.00656	0.00214	0.00763	0.00583	0.00643	0.01107
19	0.01345	0.01266	0.02136	0.73264	0.04904	0.01582	0.01978	0.01819	0.01424	0.01819	0.01266	0.01898	0.00949	0.00712	0.00712	0.00237	0.00949	0.00633	0.00316	0.00791
20	0.01558	0.01558	0.02181	0.01869	0.01869	0.02181	0.01558	0.01714	0.01091	0.01714	0.00935	0.01558	0.00935	0.01246	0.02337	0.00312	0.73672	0.00623	0.00312	0.00779
21	0.01237	0.00618	0.00928	0.00928	0.00928	0.00618	0.00618	0.00928	0.00928	0.01237	0.01237	0.02165	0.01237	0.02474	0.02783	0.79283	0.00618	0.00618	0.00309	0.00309
22	0.00969	0.00724	0.00886	0.00847	0.01023	0.00656	0.00627	0.01248	0.01865	0.02546	0.51032	0.05656	0.21978	0.05631	0.00995	0.00254	0.00362	0.01326	0.00734	0.00641
23	0.02297	0.01323	0.01571	0.01313	0.01753	0.01359	0.01047	0.07568	0.28793	0.30270	0.12024	0.02867	0.02570	0.00992	0.00736	0.00229	0.00564	0.00825	0.00795	0.01104
24	0.00914	0.00654	0.00875	0.01006	0.01078	0.00615	0.00707	0.01089	0.01487	0.02003	0.13890	0.58011	0.04956	0.02090	0.00905	0.00283	0.00424	0.07735	0.00679	0.00600
25	0.01371	0.01286	0.02139	0.68908	0.06628	0.01592	0.01954	0.01896	0.03731	0.01873	0.01323	0.01920	0.00996	0.00718	0.00712	0.00237	0.00933	0.00639	0.00331	0.00812
26	0.01656	0.01608	0.04260	0.12865	0.43012	0.05676	0.01832	0.02063	0.01575	0.02234	0.01473	0.01914	0.01210	0.00897	0.03985	0.00251	0.00871	0.00631	0.11012	0.00976
27	0.00865	0.00727	0.00755	0.00761	0.00995	0.00616	0.00580	0.01060	0.01640	0.01973	0.09613	0.06855	0.63949	0.01798	0.00849	0.00245	0.00376	0.05068	0.00666	0.00607
28	0.06384	0.22023	0.11749	0.01814	0.02403	0.22969	0.13554	0.04816	0.01726	0.02101	0.01212	0.01444	0.00976	0.00673	0.00620	0.00194	0.01010	0.00526	0.02899	0.00909
29	0.76314	0.01384	0.01073	0.00961	0.01399	0.01606	0.00788	0.02173	0.04421	0.03185	0.01081	0.01227	0.00837	0.00675	0.00454	0.00221	0.00551	0.00405	0.00454	0.00788
30	0.01019	0.03362	0.01013	0.00885	0.01065	0.00738	0.00665	0.01312	0.01888	0.02614	0.55774	0.07289	0.13224	0.04894	0.00958	0.00247	0.00372	0.01289	0.00734	0.00659
31	0.01237	0.00618	0.00928	0.00928	0.00928	0.00618	0.00618	0.00928	0.00928	0.01237	0.01237	0.02165	0.01237	0.02474	0.02783	0.79283	0.00618	0.00618	0.00309	0.00309
32	0.01019	0.00757	0.01116	0.01116	0.01233	0.00874	0.00854	0.01253	0.01136	0.01632	0.01934	0.02944	0.01844	0.10806	0.66775	0.01109	0.01812	0.00784	0.00385	0.00620
33	0.02633	0.05939	0.02078	0.01813	0.02188	0.69667	0.01370	0.02818	0.01998	0.01740	0.01097	0.01279	0.00917	0.00729	0.00636	0.00182	0.01266	0.00456	0.00365	0.00829
34	0.00868	0.00620	0.00826	0.00991	0.01033	0.00578	0.00661	0.00991	0.01363	0.01818	0.03925	0.74510	0.04710	0.02231	0.00909	0.00289	0.00413	0.02024	0.00661	0.00578
35	0.01904	0.75404	0.03731	0.01218	0.01828	0.02818	0.01218	0.02132	0.01447	0.01675	0.00990	0.01142	0.00914	0.00609	0.00457	0.00152	0.00761	0.00381	0.00305	0.00914
36	0.02707	0.01995	0.02137	0.01638	0.02208	0.02208	0.01353	0.68159	0.03348	0.04488	0.01710	0.01710	0.01211	0.00855	0.00712	0.00214	0.00784	0.00641	0.00712	0.01211
37	0.01904	0.75404	0.03731	0.01218	0.01828	0.02818	0.01218	0.02132	0.01447	0.01675	0.00990	0.01142	0.00914	0.00609	0.00457	0.00152	0.00761	0.00381	0.00305	0.00914
38	0.00916	0.00640	0.00812	0.00929	0.00958	0.00611	0.00594	0.01004	0.01268	0.01691	0.03436	0.54209	0.04093	0.23373	0.01698	0.00406	0.00494	0.01737	0.00594	0.00536
39	0.01862	0.09667	0.01974	0.09301	0.05879	0.01449	0.03560	0.07128	0.04451	0.16121	0.17477	0.02779	0.04196	0.00963	0.00807	0.00215	0.05012	0.00792	0.00598	0.05768
40	0.07928	0.01401	0.06376	0.01275	0.01787	0.01197	0.01107	0.10557	0.02095	0.41532	0.14474	0.02705	0.02454	0.00951	0.00716	0.00221	0.00606	0.00773	0.00773	0.01074
41	0.01477	0.01266	0.01477	0.01055	0.01687	0.00949	0.00844	0.01793	0.01477	0.02320	0.01266	0.01477	0.01055	0.00527	0.00527	0.00105	0.00527	0.00422	0.00422	0.79328
42	0.01489	0.03482	0.04319	0.04286	0.04418	0.01460	0.22203	0.07722	0.01591	0.02208	0.01830	0.07468	0.01674	0.04988	0.17359	0.00468	0.05817	0.02940	0.03452	0.00828
43	0.02287	0.01240	0.01506	0.01198	0.01681	0.01145	0.00967	0.10648	0.06611	0.30403	0.02368	0.05794	0.01779	0.00894	0.00667	0.00196	0.00569	0.02373	0.09563	0.18110
44	0.01035	0.00693	0.00792	0.00792	0.00797	0.00699	0.00450	0.01045	0.01040	0.01392	0.02230	0.04583	0.02555	0.72107	0.06447	0.00709	0.00740	0.01024	0.00429	0.00440
45	0.04615	0.01679	0.06894	0.10544	0.37376	0.01604	0.09190	0.02112	0.04851	0.02267	0.01783	0.05336	0.04544	0.00806	0.00779	0.00228	0.03248	0.00753	0.00395	0.00995
46	0.01969	0.60249	0.05668	0.04286	0.02046	0.09351	0.01317	0.04737	0.01576	0.01815	0.01049	0.01221	0.00927	0.00637	0.00502	0.00164	0.00830	0.00413	0.00327	0.00916
47	0.01813	0.05150	0.07842	0.01380	0.01827	0.01582	0.01187	0.12237	0.31382	0.07442	0.12020	0.05664	0.02569	0.01018	0.00721	0.00227	0.00604	0.00844	0.03466	0.01024
48	0.09296	0.21228	0.27877	0.04318	0.04197	0.02007	0.11646	0.02153	0.01454	0.02147	0.01174	0.01463	0.00928	0.00691	0.00754	0.00215	0.06642	0.00535	0.00327	0.00947
49	0.05305	0.03166	0.53925	0.04780	0.09061	0.01664	0.07798	0.02228	0.01511	0.02294	0.01282	0.01557	0.00932	0.00667	0.00682	0.00226	0.01018	0.00558	0.00317	0.01029
50	0.01033	0.00755	0.00967	0.00927	0.01090	0.00716	0.00685	0.01419	0.05101	0.02727	0.59212	0.11129	0.06205	0.03742	0.00925	0.00245	0.00364	0.01321	0.00760	0.00678
51	0.03263	0.01284	0.02135	0.63649	0.10120	0.01562	0.01925	0.01829	0.01420	0.01877	0.01264	0.01877	0.00968	0.00758	0.00768	0.02627	0.00921	0.00627	0.00322	0.00804
52	0.17437	0.09944	0.38455	0.01861	0.08611	0.01694	0.01927	0.02199	0.01492	0.04648	0.04603	0.01637	0.01209	0.00707	0.00619	0.00216	0.00854	0.00536	0.00376	0.00975
53	0.01104	0.00744	0.00833	0.00812	0.00836	0.00753	0.00469	0.03800	0.01131	0.01509	0.02222	0.04538	0.02532	0.71922	0.03504	0.00671	0.00694	0.01019	0.00443	0.00464
54	0.00868	0.00620	0.00826	0.00991	0.01033	0.00578	0.00661	0.00991	0.01363	0.01818	0.03925	0.74510	0.04710	0.02231	0.00909	0.00289	0.00413	0.02024	0.00661	0.00578
55	0.01931	0.72839	0.03670	0.01240	0.01841	0.05285	0.01224	0.02158	0.01467	0.01678	0.00994	0.01147	0.00914	0.00614	0.00463	0.00153	0.00780	0.00384	0.00307	0.00911
56	0.13374	0.01216	0.01737	0.07786	0.02001	0.01342	0.10194	0.06985	0.01506	0.04975	0.04755	0.02448	0.01658	0.09042	0.18056	0.00492	0.06112	0.00728	0.04816	0.00776
57	0.01507	0.01225	0.01188	0.01065	0.01371	0.08363	0.00822	0.08052	0.07258	0.07956	0.19881	0.04748	0.31019	0.01383	0.00789	0.00227	0.00527	0.01145	0.00686	0.00789
58	0.00867	0.00707	0.00759	0.00794	0.00987	0.00610	0.00581	0.01036	0.01553	0.01889	0.06285	0.18333	0.53278	0.05207	0.00985	0.00273	0.00397	0.04215	0.00651	0.00592
59	0.18805	0.06579	0.01805	0.04851	0.01983	0.08192	0.01144	0.17535	0.10208	0.17248	0.03702	0.01888	0.01442	0.00815	0.00637	0.00214	0.00711	0.00606	0.00616	0.01018
60	0.12596	0.03644	0.01956	0.01569	0.01915	0.06455	0.07980	0.06307	0.04819	0.16114	0.01911	0.11208	0.01657	0.01065	0.01071	0.00248	0.17231	0.00805	0.00541	0.00907
61	0.62964	0.12062	0.01510	0.01036	0.01504	0.03819	0.00880	0.05237	0.01369	0.02997	0.01028	0.01184	0.00817	0.00665	0.00462	0.00209	0.00613	0.00399	0.00432	0.00814
62	0.47330	0.04938	0.01384	0.01075	0.01541	0.01499	0.00891	0.04653	0.04165	0.20351	0.04887	0.01754	0.01385	0.00771	0.00551	0.00218	0.00573	0.00537	0.00582	0.00913
63	0.01428	0.03344	0.60415	0.02075	0.03051	0.01619	0.09800	0.02198	0.01529	0.02242	0.01582	0.01808	0.04268	0.00722	0.00703	0.00228	0.01035	0.00608	0.00325	0.01020
64	0.04773	0.00742	0.00866	0.00850	0.01037	0.00686	0.00631	0.01266	0.01771	0.02490	0.38916	0.13213	0.23435	0.01571	0.00813	0.00233	0.00362	0.01357	0.04342	0.00646
65	0.00925	0.04090	0.00958	0.00990	0.01055	0.00688	0.00674	0.01047	0.01349	0.01787	0.03695	0.67223	0.04416	0.06203	0.01039	0.00305	0.00445	0.01893	0.00632	0.00586
66	0.04532	0.00668	0.00823	0.00955	0.01040	0.00628	0.00651	0.01046	0.01389	0.01895	0.04206	0.62536	0.12832	0.02104	0.00879	0.00280	0.00413	0.01882	0.00651	0.00590
67	0.01012	0.00718	0.00945	0.00902	0.01056	0.00665	0.00669	0.01307	0.01933	0.02729	0.63763	0.08374	0.06361	0.01541	0.00937	0.04041	0.00353	0.01290	0.00755	0.00650
68	0.01440	0.01310	0.01499	0.01791	0.11995	0.10758	0.01244	0.01805	0.04922	0.02076	0.02940	0.13689	0.03119	0.04962	0.00995	0.00298	0.00739	0.33098	0.00564	0.00754
69	0.02486	0.11553	0.02158	0.01723	0.02102	0.60684	0.01323	0.02672	0.01921	0.01739	0.01224	0.04801	0.01100	0.00792	0.00634	0.00185	0.01182	0.00525	0.00374	0.00824
70	0.05466	0.31925	0.14951	0.01466	0.04472	0.08197	0.01388	0.02117	0.01502	0.04078	0.01469	0.01746	0.03362	0.04156	0.00746	0.00206	0.02818	0.00525	0.04733	0.04674

[dist]
# distance from previous block
# <min> <max>
0	209

# created by:
# /st0/software/busco_prod/Augustus/scripts/msa2prfl.pl ./align_prep/140276.fa
