[name]
unknown

[dist]
# distance from previous block
# <min> <max>
0	3

[block]
# block no. 0 follows, 30 sequences, length 9
# corresponding to MSA columns:
# 3-11
name=unknown_A
#
# <colnr> <probs for GDERKNQSTAVLIFYWHMCP>
#	G	D	E	R	K	N	Q	S	T	A	V	L	I	F	Y	W	H	M	C	P
0	0.01138	0.00758	0.00978	0.00968	0.01162	0.00698	0.00761	0.01421	0.01791	0.07529	0.36587	0.10945	0.15951	0.01600	0.00848	0.00248	0.00423	0.14795	0.00721	0.00676
1	0.01866	0.75896	0.03657	0.01194	0.01791	0.02761	0.01194	0.02090	0.01418	0.01642	0.00970	0.01119	0.00896	0.00597	0.00448	0.00149	0.00746	0.00373	0.00299	0.00896
2	0.01447	0.01240	0.01447	0.01034	0.01654	0.00930	0.00827	0.01757	0.01447	0.02274	0.01240	0.01447	0.01034	0.00517	0.00517	0.00103	0.00517	0.00413	0.00413	0.79742
3	0.01490	0.01347	0.02148	0.61000	0.09442	0.01623	0.01888	0.08907	0.01609	0.02097	0.01292	0.01831	0.00970	0.00707	0.00697	0.00228	0.00906	0.00621	0.00354	0.00843
4	0.01740	0.01932	0.03372	0.02516	0.03045	0.09298	0.45756	0.04973	0.01652	0.02169	0.01414	0.04775	0.01173	0.00774	0.01020	0.00241	0.12090	0.00792	0.00373	0.00895
5	0.00992	0.00727	0.01040	0.01049	0.01147	0.00820	0.00780	0.01190	0.01115	0.01582	0.02040	0.07177	0.02048	0.17497	0.56378	0.00995	0.01575	0.00865	0.00398	0.00584
6	0.01635	0.15107	0.53322	0.01808	0.02707	0.05297	0.02204	0.02288	0.01520	0.06119	0.01285	0.01458	0.00936	0.00667	0.00629	0.00207	0.00971	0.00500	0.00332	0.01007
7	0.01958	0.08637	0.02725	0.02052	0.02410	0.26324	0.18781	0.02239	0.01561	0.01830	0.01105	0.01491	0.00945	0.00831	0.01182	0.00231	0.23937	0.00590	0.00336	0.00836
8	0.01081	0.00823	0.00929	0.00896	0.01126	0.00776	0.00673	0.01538	0.10872	0.04938	0.22630	0.12836	0.35126	0.01577	0.00811	0.00236	0.00389	0.01350	0.00696	0.00697

[dist]
# distance from previous block
# <min> <max>
0	22

[block]
# block no. 1 follows, 30 sequences, length 38
# corresponding to MSA columns:
# 34-71
name=unknown_B
#
# <colnr> <probs for GDERKNQSTAVLIFYWHMCP>
#	G	D	E	R	K	N	Q	S	T	A	V	L	I	F	Y	W	H	M	C	P
0	0.02504	0.04251	0.01638	0.01361	0.05939	0.01088	0.01030	0.02854	0.04402	0.47871	0.16447	0.02869	0.02658	0.00955	0.00715	0.00214	0.00559	0.00800	0.00783	0.01059
1	0.00907	0.00710	0.00820	0.00793	0.00993	0.00624	0.00595	0.01160	0.01784	0.02344	0.39042	0.05961	0.38581	0.01596	0.00824	0.00228	0.00341	0.01367	0.00708	0.00624
2	0.02465	0.10223	0.02227	0.01956	0.09013	0.51424	0.01401	0.07293	0.01975	0.04134	0.01185	0.01356	0.00965	0.00710	0.00624	0.00183	0.01109	0.00480	0.00392	0.00886
3	0.01765	0.60321	0.18352	0.01365	0.02056	0.02515	0.01492	0.02115	0.01430	0.01764	0.01031	0.01196	0.00893	0.00611	0.00494	0.00165	0.00808	0.00404	0.00298	0.00925
4	0.09596	0.08697	0.02137	0.01927	0.09868	0.44274	0.01369	0.10209	0.01966	0.02209	0.01155	0.01337	0.00942	0.00705	0.00611	0.00187	0.01046	0.00477	0.00399	0.00888
5	0.01849	0.73358	0.06051	0.01222	0.01834	0.02721	0.01243	0.02094	0.01420	0.01662	0.00980	0.01132	0.00895	0.00599	0.00455	0.00152	0.00756	0.00378	0.00298	0.00900
6	0.01040	0.00847	0.00914	0.00864	0.01113	0.00797	0.00657	0.04204	0.09223	0.02323	0.21707	0.05694	0.44952	0.01557	0.00806	0.00231	0.00387	0.01312	0.00686	0.00687
7	0.01551	0.01523	0.02219	0.03683	0.02028	0.02002	0.06482	0.04249	0.01221	0.01849	0.01036	0.01606	0.00971	0.01257	0.04447	0.00315	0.58589	0.00624	0.00331	0.04015
8	0.02521	0.08200	0.02194	0.01812	0.05806	0.36866	0.01371	0.27736	0.02409	0.02754	0.01309	0.01431	0.01019	0.00750	0.00645	0.00190	0.01011	0.00521	0.00483	0.00975
9	0.00852	0.00708	0.00745	0.00736	0.00959	0.00601	0.00552	0.01055	0.01656	0.02040	0.17839	0.06462	0.59973	0.01710	0.00824	0.00233	0.00349	0.01437	0.00668	0.00601
10	0.00973	0.00713	0.00913	0.00863	0.01034	0.00652	0.00647	0.01289	0.01941	0.02718	0.65142	0.05345	0.12247	0.01457	0.00823	0.00221	0.00331	0.01281	0.00758	0.00652
11	0.00974	0.00696	0.00950	0.01100	0.01198	0.00672	0.00851	0.01191	0.01485	0.01966	0.07346	0.42815	0.04466	0.02036	0.00918	0.00296	0.00502	0.29284	0.00652	0.00604
12	0.02653	0.01955	0.02094	0.01606	0.02164	0.02164	0.01326	0.68796	0.03281	0.04398	0.01675	0.01675	0.01187	0.00838	0.00698	0.00209	0.00768	0.00628	0.00698	0.01187
13	0.00997	0.00748	0.01121	0.01121	0.01246	0.00872	0.00872	0.01246	0.01121	0.01620	0.01869	0.02741	0.01745	0.05234	0.72710	0.01121	0.01869	0.00748	0.00374	0.00623
14	0.00850	0.00607	0.00810	0.00972	0.01012	0.00567	0.00648	0.00972	0.01336	0.01781	0.03846	0.75020	0.04615	0.02186	0.00891	0.00283	0.00405	0.01984	0.00648	0.00567
15	0.01173	0.00920	0.05321	0.00967	0.01214	0.00725	0.00788	0.01460	0.01761	0.09302	0.35812	0.17232	0.17603	0.01521	0.00813	0.00234	0.00417	0.01326	0.00705	0.00705
16	0.01527	0.01527	0.02137	0.01832	0.01832	0.02137	0.01527	0.01679	0.01069	0.01679	0.00916	0.01527	0.00916	0.01221	0.02290	0.00305	0.74198	0.00611	0.00305	0.00763
17	0.07442	0.03100	0.01927	0.01729	0.02108	0.62943	0.01310	0.07716	0.02027	0.01999	0.01117	0.01282	0.00912	0.00724	0.00622	0.00184	0.01177	0.00458	0.00390	0.00834
18	0.01301	0.00650	0.00650	0.00650	0.00813	0.00650	0.00488	0.01626	0.01463	0.02602	0.02276	0.02602	0.01789	0.00813	0.00488	0.00163	0.00325	0.00650	0.79350	0.00650
19	0.01007	0.00708	0.00919	0.00919	0.00974	0.00763	0.00620	0.01116	0.01062	0.01470	0.02054	0.03764	0.02189	0.44607	0.33945	0.00872	0.01201	0.00897	0.00401	0.00511
20	0.01804	0.05312	0.07862	0.02943	0.37344	0.12771	0.01765	0.02445	0.12691	0.02241	0.01776	0.01985	0.04510	0.00746	0.00678	0.00208	0.00841	0.00643	0.00415	0.01019
21	0.01550	0.26916	0.49870	0.01733	0.02624	0.01988	0.02132	0.02171	0.01455	0.02027	0.01161	0.01359	0.00888	0.00642	0.00594	0.00198	0.00939	0.00470	0.00296	0.00988
22	0.01874	0.01568	0.01656	0.01448	0.01867	0.01800	0.01138	0.13502	0.59843	0.03142	0.02665	0.02464	0.01988	0.00930	0.00708	0.00233	0.00585	0.00765	0.00708	0.01117
23	0.01567	0.00825	0.01101	0.01001	0.01246	0.00743	0.00760	0.01835	0.01844	0.22133	0.37029	0.19432	0.04780	0.01430	0.00803	0.00232	0.00421	0.01258	0.00769	0.00789
24	0.01504	0.19835	0.56551	0.01811	0.02744	0.01877	0.02268	0.02183	0.01461	0.02082	0.01189	0.01394	0.00887	0.00648	0.00615	0.00205	0.00967	0.00484	0.00296	0.01001
25	0.02675	0.01918	0.02072	0.01588	0.02146	0.02110	0.01312	0.65703	0.03220	0.07576	0.01726	0.01708	0.01212	0.00839	0.00698	0.00210	0.00760	0.00632	0.00706	0.01187
26	0.00970	0.00658	0.00774	0.00819	0.00830	0.00646	0.00484	0.01003	0.01103	0.01470	0.02650	0.23858	0.03106	0.55407	0.02823	0.00569	0.00602	0.01280	0.00484	0.00462
27	0.01457	0.00973	0.01094	0.00985	0.01301	0.00936	0.00764	0.02079	0.17291	0.14468	0.13195	0.04830	0.35112	0.01379	0.00777	0.00230	0.00438	0.01155	0.00715	0.00820
28	0.05763	0.01470	0.01683	0.01370	0.01858	0.01544	0.01107	0.17619	0.26108	0.30032	0.02476	0.02252	0.01711	0.00878	0.00693	0.00222	0.00615	0.00703	0.00756	0.01140
29	0.02043	0.01405	0.01485	0.01216	0.01606	0.01535	0.00979	0.36766	0.08542	0.03565	0.02014	0.02120	0.01506	0.00838	0.00617	0.00194	0.00576	0.00651	0.31370	0.00970
30	0.01708	0.01467	0.01557	0.01414	0.01798	0.01693	0.01105	0.03604	0.66733	0.02881	0.02879	0.02845	0.02217	0.00992	0.00722	0.00241	0.00556	0.03798	0.00707	0.01083
31	0.73328	0.01338	0.01105	0.04812	0.01550	0.01545	0.00829	0.02087	0.01229	0.05597	0.01052	0.01218	0.00801	0.00658	0.00456	0.00217	0.00563	0.00403	0.00441	0.00773
32	0.01148	0.00857	0.01084	0.01129	0.01318	0.00858	0.00914	0.04264	0.07604	0.02354	0.18715	0.15201	0.10155	0.01707	0.00878	0.00275	0.00515	0.29652	0.00680	0.00694
33	0.01807	0.01802	0.02699	0.03929	0.61762	0.08084	0.02023	0.02271	0.04701	0.02257	0.01360	0.01724	0.01133	0.00645	0.00686	0.00206	0.00855	0.00614	0.00363	0.01079
34	0.01584	0.01749	0.03703	0.08448	0.06617	0.01674	0.56131	0.02138	0.01645	0.02237	0.05701	0.02080	0.01394	0.00650	0.00808	0.00233	0.01089	0.00826	0.00375	0.00918
35	0.01581	0.01377	0.01521	0.01167	0.01706	0.03619	0.00926	0.06176	0.10275	0.02433	0.01546	0.04153	0.01299	0.00677	0.00623	0.00142	0.02771	0.00536	0.00472	0.57001
36	0.02479	0.01212	0.01522	0.01207	0.01689	0.01118	0.00978	0.07552	0.09390	0.43282	0.08877	0.02753	0.05787	0.00938	0.00703	0.00209	0.00558	0.00771	0.00775	0.08199
37	0.01839	0.33659	0.02406	0.01258	0.01709	0.19820	0.01079	0.04447	0.01697	0.01924	0.07461	0.02309	0.11220	0.00863	0.00590	0.00174	0.00774	0.00630	0.00422	0.05720

[dist]
# distance from previous block
# <min> <max>
0	1

[block]
# block no. 2 follows, 30 sequences, length 9
# corresponding to MSA columns:
# 73-81
name=unknown_C
#
# <colnr> <probs for GDERKNQSTAVLIFYWHMCP>
#	G	D	E	R	K	N	Q	S	T	A	V	L	I	F	Y	W	H	M	C	P
0	0.01163	0.00962	0.01255	0.13043	0.01833	0.03836	0.02886	0.04850	0.01501	0.01990	0.04858	0.44912	0.03346	0.03756	0.00885	0.00264	0.00576	0.01442	0.02839	0.03806
1	0.01523	0.27565	0.43439	0.01635	0.02453	0.01926	0.01964	0.02099	0.01494	0.02066	0.06648	0.01650	0.01338	0.00701	0.00604	0.00197	0.00880	0.00527	0.00333	0.00956
2	0.07749	0.49186	0.02973	0.01352	0.01867	0.23226	0.01208	0.02292	0.01566	0.01769	0.01002	0.01161	0.00886	0.00637	0.00500	0.00163	0.00882	0.00396	0.00326	0.00860
3	0.01058	0.00771	0.01039	0.01179	0.01338	0.00752	0.01000	0.01341	0.01578	0.02032	0.04147	0.14381	0.12727	0.01933	0.00939	0.00306	0.00582	0.51626	0.00644	0.00628
4	0.01575	0.13349	0.52165	0.01747	0.02622	0.01671	0.02137	0.02229	0.01539	0.07650	0.05839	0.01737	0.01322	0.00719	0.00646	0.00210	0.00911	0.00559	0.00371	0.01000
5	0.01591	0.01507	0.02555	0.21777	0.50614	0.01586	0.02036	0.02014	0.01541	0.02144	0.01420	0.02085	0.01214	0.00710	0.00707	0.00220	0.00845	0.04086	0.00352	0.00997
6	0.01318	0.01240	0.02093	0.73798	0.04806	0.01550	0.01938	0.01783	0.01395	0.01783	0.01240	0.01860	0.00930	0.00698	0.00698	0.00233	0.00930	0.00620	0.00310	0.00775
7	0.01727	0.01658	0.02832	0.04283	0.71123	0.01658	0.02142	0.02142	0.01589	0.02280	0.01313	0.01727	0.01105	0.00622	0.00691	0.00207	0.00829	0.00622	0.00345	0.01105
8	0.01507	0.01421	0.02515	0.43175	0.09459	0.01586	0.16284	0.06430	0.01563	0.02063	0.01311	0.01859	0.01008	0.00789	0.00856	0.05383	0.00943	0.00664	0.00348	0.00835

[dist]
# distance from previous block
# <min> <max>
0	7

[block]
# block no. 3 follows, 30 sequences, length 65
# corresponding to MSA columns:
# 89-153
name=unknown_D
#
# <colnr> <probs for GDERKNQSTAVLIFYWHMCP>
#	G	D	E	R	K	N	Q	S	T	A	V	L	I	F	Y	W	H	M	C	P
0	0.00834	0.00707	0.00720	0.00717	0.00948	0.00593	0.00537	0.01019	0.01612	0.01937	0.10690	0.06630	0.67187	0.01748	0.00825	0.00235	0.00352	0.01461	0.00655	0.00593
1	0.00970	0.00699	0.00846	0.00866	0.00947	0.00699	0.00586	0.01079	0.01198	0.01575	0.03242	0.09601	0.15495	0.38425	0.16773	0.00638	0.00837	0.04525	0.00482	0.00516
2	0.01592	0.03964	0.02337	0.01902	0.02029	0.06217	0.08910	0.01806	0.01228	0.01765	0.01140	0.01898	0.01106	0.01142	0.01896	0.00286	0.55308	0.04359	0.00333	0.00783
3	0.01157	0.00766	0.00899	0.00886	0.00972	0.00790	0.00590	0.06292	0.01310	0.01854	0.02363	0.14591	0.02527	0.38463	0.10279	0.02336	0.00725	0.01043	0.11600	0.00555
4	0.02648	0.01087	0.01428	0.01130	0.01606	0.00934	0.00922	0.02899	0.01912	0.57010	0.03657	0.03284	0.16196	0.01053	0.00728	0.00220	0.00543	0.00863	0.00819	0.01062
5	0.00980	0.00647	0.00863	0.00977	0.01054	0.00599	0.00668	0.01129	0.01430	0.05461	0.10124	0.64684	0.04654	0.02046	0.00875	0.00274	0.00407	0.01850	0.00670	0.00607
6	0.01439	0.07805	0.64504	0.01989	0.02978	0.01695	0.05729	0.02204	0.01479	0.02178	0.01243	0.01472	0.00893	0.00655	0.00658	0.00217	0.01022	0.00522	0.00298	0.01019
7	0.63881	0.01360	0.01308	0.10647	0.07347	0.01571	0.01019	0.02024	0.01246	0.02888	0.01034	0.01275	0.00806	0.00652	0.00487	0.00217	0.00613	0.00429	0.00409	0.00786
8	0.02365	0.06911	0.02255	0.02254	0.16567	0.44518	0.01498	0.09817	0.03577	0.02145	0.01227	0.01425	0.01002	0.00710	0.00641	0.00188	0.01070	0.00508	0.00398	0.00924
9	0.02796	0.01141	0.01532	0.01199	0.01683	0.01007	0.00980	0.05161	0.02035	0.59221	0.12855	0.02776	0.02434	0.00947	0.00720	0.00216	0.00560	0.00783	0.00844	0.01109
10	0.00970	0.00697	0.00901	0.01025	0.01102	0.00673	0.00711	0.05011	0.01464	0.01951	0.03710	0.67386	0.04383	0.02094	0.00883	0.00281	0.00438	0.05062	0.00650	0.00607
11	0.01714	0.05265	0.02816	0.04033	0.65416	0.01684	0.02061	0.02116	0.01581	0.02242	0.01375	0.01901	0.01192	0.00664	0.00688	0.00208	0.00819	0.02792	0.00353	0.01080
12	0.03131	0.01188	0.01619	0.01242	0.01781	0.01026	0.01026	0.03401	0.01997	0.71606	0.02753	0.02375	0.01727	0.00864	0.00702	0.00216	0.00594	0.00702	0.00864	0.01188
13	0.00852	0.00706	0.00735	0.00729	0.00945	0.00601	0.00540	0.01038	0.01607	0.01964	0.14082	0.06445	0.60349	0.05166	0.00952	0.00254	0.00366	0.01427	0.00651	0.00589
14	0.01508	0.07200	0.64920	0.01912	0.02897	0.01650	0.02431	0.02262	0.01496	0.05579	0.01311	0.01499	0.00926	0.00669	0.00654	0.00217	0.00995	0.00517	0.00323	0.01032
15	0.00849	0.00611	0.00806	0.00963	0.01010	0.00568	0.00644	0.00973	0.01344	0.01785	0.03953	0.72752	0.06814	0.02172	0.00888	0.00282	0.00403	0.01967	0.00648	0.00568
16	0.01736	0.01499	0.01578	0.01420	0.01815	0.01736	0.01105	0.03708	0.69862	0.02919	0.02840	0.02604	0.02130	0.00947	0.00710	0.00237	0.00552	0.00789	0.00710	0.01105
17	0.01473	0.05996	0.66215	0.01953	0.02938	0.05096	0.02473	0.02234	0.01496	0.02167	0.01235	0.01451	0.00885	0.00664	0.00654	0.00217	0.01033	0.00508	0.00298	0.01016
18	0.01585	0.02312	0.20976	0.02704	0.03491	0.01729	0.52161	0.02229	0.01604	0.02229	0.01372	0.01781	0.01015	0.00607	0.00784	0.00232	0.01140	0.00747	0.00338	0.00964
19	0.00876	0.00625	0.00802	0.00927	0.00975	0.00586	0.00612	0.00990	0.01325	0.01760	0.05878	0.59877	0.07637	0.12137	0.01248	0.00333	0.00437	0.01804	0.00621	0.00551
20	0.06876	0.01235	0.01568	0.01233	0.01731	0.01151	0.01010	0.08379	0.05586	0.53491	0.08136	0.02498	0.02052	0.00901	0.00698	0.00217	0.00581	0.00729	0.00812	0.01117
21	0.01573	0.03275	0.02339	0.01706	0.02248	0.03579	0.19425	0.02026	0.05296	0.02190	0.01323	0.01627	0.01079	0.00660	0.00843	0.00176	0.10282	0.00572	0.00395	0.39384
22	0.15934	0.52504	0.08735	0.01244	0.01834	0.06364	0.01239	0.02132	0.01413	0.01959	0.01000	0.01159	0.00870	0.00618	0.00473	0.00169	0.00762	0.00390	0.00325	0.00877
23	0.00848	0.00617	0.00799	0.00945	0.01005	0.00569	0.00636	0.00975	0.01362	0.01792	0.04171	0.68141	0.11285	0.02144	0.00884	0.00279	0.00400	0.01932	0.00648	0.00569
24	0.00850	0.00607	0.00810	0.00972	0.01012	0.00567	0.00648	0.00972	0.01336	0.01781	0.03846	0.75020	0.04615	0.02186	0.00891	0.00283	0.00405	0.01984	0.00648	0.00567
25	0.01443	0.07619	0.64441	0.02061	0.06445	0.01687	0.02477	0.02200	0.01476	0.02181	0.01239	0.01466	0.00896	0.00657	0.00652	0.00216	0.01005	0.00513	0.00297	0.01027
26	0.01773	0.02110	0.12558	0.03697	0.54215	0.09091	0.02121	0.02219	0.01613	0.02210	0.01280	0.01642	0.01052	0.00638	0.00680	0.00206	0.00903	0.00589	0.00340	0.01064
27	0.02567	0.03167	0.02026	0.01907	0.05494	0.65231	0.01385	0.06508	0.02033	0.01888	0.01124	0.01305	0.00925	0.00721	0.00636	0.00183	0.01210	0.00468	0.00378	0.00845
28	0.01702	0.01801	0.08233	0.03866	0.60016	0.01661	0.02091	0.02275	0.07172	0.02327	0.01433	0.01779	0.01172	0.00652	0.00690	0.00211	0.00822	0.00627	0.00371	0.01099
29	0.01850	0.73514	0.05904	0.01220	0.01832	0.02724	0.01240	0.02094	0.01420	0.01661	0.00979	0.01131	0.00895	0.00599	0.00455	0.00152	0.00756	0.00378	0.00298	0.00900
30	0.00850	0.00607	0.00810	0.00972	0.01012	0.00567	0.00648	0.00972	0.01336	0.01781	0.03846	0.75020	0.04615	0.02186	0.00891	0.00283	0.00405	0.01984	0.00648	0.00567
31	0.01474	0.01465	0.02173	0.01831	0.01897	0.01943	0.07478	0.01657	0.01134	0.01719	0.01191	0.05901	0.01219	0.04856	0.02140	0.00316	0.59794	0.00728	0.00335	0.00752
32	0.01015	0.00677	0.00761	0.00761	0.00761	0.00677	0.00423	0.01015	0.01015	0.01353	0.02199	0.04567	0.02537	0.75476	0.03552	0.00677	0.00677	0.01015	0.00423	0.00423
33	0.04467	0.69738	0.03485	0.01216	0.01795	0.06310	0.01188	0.02124	0.01439	0.01694	0.00976	0.01127	0.00891	0.00605	0.00457	0.00153	0.00766	0.00377	0.00306	0.00887
34	0.00850	0.00607	0.00810	0.00972	0.01012	0.00567	0.00648	0.00972	0.01336	0.01781	0.03846	0.75020	0.04615	0.02186	0.00891	0.00283	0.00405	0.01984	0.00648	0.00567
35	0.00850	0.00607	0.00810	0.00972	0.01012	0.00567	0.00648	0.00972	0.01336	0.01781	0.03846	0.75020	0.04615	0.02186	0.00891	0.00283	0.00405	0.01984	0.00648	0.00567
36	0.02271	0.01632	0.01736	0.01386	0.01843	0.01801	0.01127	0.47694	0.10102	0.03862	0.01927	0.01970	0.01415	0.00844	0.00655	0.00203	0.00652	0.00650	0.17165	0.01066
37	0.00849	0.00612	0.00805	0.00959	0.01009	0.00568	0.00642	0.00973	0.01348	0.01786	0.04002	0.71716	0.07819	0.02166	0.00887	0.00281	0.00402	0.01959	0.00648	0.00568
38	0.01584	0.01625	0.02127	0.04014	0.01942	0.06296	0.01529	0.01748	0.01132	0.01684	0.00936	0.01521	0.00915	0.01176	0.02143	0.00296	0.67656	0.00601	0.00309	0.00766
39	0.01015	0.00677	0.00761	0.00761	0.00761	0.00677	0.00423	0.01015	0.01015	0.01353	0.02199	0.04567	0.02537	0.75476	0.03552	0.00677	0.00677	0.01015	0.00423	0.00423
40	0.04824	0.00744	0.00930	0.00874	0.01054	0.00700	0.00659	0.01342	0.01925	0.02785	0.65300	0.05064	0.08400	0.01400	0.00804	0.00220	0.00340	0.01226	0.00748	0.00661
41	0.10802	0.05766	0.59507	0.01888	0.04372	0.01654	0.02304	0.02185	0.01440	0.02301	0.01211	0.01427	0.00874	0.00658	0.00629	0.00218	0.00958	0.00497	0.00312	0.00996
42	0.00889	0.00660	0.00916	0.07030	0.01328	0.00649	0.00755	0.01039	0.01341	0.01782	0.03629	0.68934	0.04309	0.02062	0.00875	0.00279	0.00449	0.01870	0.00620	0.00584
43	0.00964	0.00712	0.00899	0.00853	0.01028	0.00648	0.00639	0.01270	0.01918	0.02663	0.61344	0.05435	0.16079	0.01477	0.00823	0.00222	0.00333	0.01293	0.00750	0.00648
44	0.01303	0.00713	0.00803	0.08363	0.01234	0.00745	0.00641	0.01643	0.01456	0.02515	0.02167	0.02523	0.01698	0.00801	0.00510	0.00170	0.00389	0.00647	0.71016	0.00664
45	0.02579	0.05623	0.02032	0.01496	0.02028	0.01942	0.01238	0.49260	0.06634	0.14653	0.01942	0.04130	0.01418	0.00878	0.00692	0.00211	0.00716	0.00678	0.00702	0.01147
46	0.17929	0.01319	0.01968	0.49279	0.12919	0.01568	0.01718	0.01887	0.01378	0.02131	0.01194	0.01691	0.00917	0.00677	0.00641	0.00226	0.00835	0.00570	0.00340	0.00815
47	0.01889	0.01890	0.02684	0.03823	0.58630	0.10904	0.01997	0.05646	0.01726	0.02314	0.01301	0.01664	0.01083	0.00645	0.00683	0.00204	0.00882	0.00600	0.00365	0.01071
48	0.01362	0.00762	0.00781	0.00748	0.00943	0.00778	0.00567	0.05176	0.04904	0.02633	0.02529	0.02785	0.05848	0.00919	0.00587	0.02205	0.00368	0.00704	0.64713	0.00688
49	0.01703	0.05880	0.01775	0.05090	0.05555	0.01756	0.01193	0.03375	0.57157	0.02751	0.04307	0.02500	0.02059	0.00909	0.00696	0.00229	0.00591	0.00759	0.00649	0.01065
50	0.01400	0.03610	0.71860	0.01989	0.03020	0.01621	0.02578	0.02210	0.01473	0.02210	0.01252	0.01473	0.00884	0.00663	0.00663	0.00221	0.01031	0.00516	0.00295	0.01031
51	0.03131	0.01188	0.01619	0.01242	0.01781	0.01026	0.01026	0.03401	0.01997	0.71606	0.02753	0.02375	0.01727	0.00864	0.00702	0.00216	0.00594	0.00702	0.00864	0.01188
52	0.00858	0.00613	0.00817	0.00966	0.01014	0.00572	0.00648	0.00991	0.01372	0.01839	0.07650	0.71052	0.04727	0.02143	0.00887	0.00280	0.00401	0.01943	0.00655	0.00572
53	0.06116	0.06928	0.61103	0.01994	0.06037	0.01675	0.02382	0.02191	0.01459	0.02240	0.01225	0.01448	0.00887	0.00657	0.00640	0.00217	0.00979	0.00505	0.00305	0.01012
54	0.01015	0.00677	0.00761	0.00761	0.00761	0.00677	0.00423	0.01015	0.01015	0.01353	0.02199	0.04567	0.02537	0.75476	0.03552	0.00677	0.00677	0.01015	0.00423	0.00423
55	0.06735	0.01195	0.01592	0.01226	0.01761	0.01051	0.01013	0.03338	0.01960	0.68412	0.02670	0.02317	0.01682	0.00854	0.00689	0.00216	0.00591	0.00687	0.00844	0.01167
56	0.01595	0.01740	0.03632	0.10495	0.10330	0.01685	0.51704	0.02140	0.01613	0.02185	0.01494	0.02154	0.01193	0.00668	0.00804	0.00236	0.01090	0.03955	0.00362	0.00925
57	0.01927	0.01470	0.01603	0.01470	0.03965	0.03893	0.01113	0.08765	0.43571	0.11557	0.04834	0.06915	0.02257	0.01020	0.00725	0.00233	0.00594	0.02329	0.00702	0.01056
58	0.01735	0.01666	0.02694	0.14951	0.52785	0.03826	0.04233	0.05584	0.01660	0.02293	0.01316	0.01736	0.01074	0.00647	0.00695	0.00211	0.00866	0.00623	0.00359	0.01043
59	0.00860	0.00611	0.00807	0.00959	0.00997	0.00573	0.00634	0.00974	0.01317	0.01756	0.03749	0.70848	0.04492	0.06526	0.01048	0.00307	0.00421	0.01926	0.00634	0.00558
60	0.05841	0.01380	0.01602	0.01330	0.01800	0.01438	0.01067	0.07214	0.32984	0.33458	0.02654	0.02385	0.01838	0.00891	0.00694	0.00225	0.00582	0.00723	0.00765	0.01131
61	0.01447	0.01240	0.01447	0.01034	0.01654	0.00930	0.00827	0.01757	0.01447	0.02274	0.01240	0.01447	0.01034	0.00517	0.00517	0.00103	0.00517	0.00413	0.00413	0.79742
62	0.01015	0.00677	0.00761	0.00761	0.00761	0.00677	0.00423	0.01015	0.01015	0.01353	0.02199	0.04567	0.02537	0.75476	0.03552	0.00677	0.00677	0.01015	0.00423	0.00423
63	0.77800	0.03822	0.01113	0.00927	0.01364	0.01605	0.00770	0.02053	0.01195	0.03082	0.00972	0.01133	0.00760	0.00646	0.00432	0.00214	0.00547	0.00378	0.00427	0.00760
64	0.01688	0.05929	0.06174	0.03839	0.60209	0.01674	0.02056	0.02106	0.01574	0.02230	0.01414	0.02001	0.01234	0.00690	0.00690	0.00211	0.00825	0.04035	0.00356	0.01066

[dist]
# distance from previous block
# <min> <max>
0	2

[block]
# block no. 4 follows, 30 sequences, length 77
# corresponding to MSA columns:
# 156-232
name=unknown_E
#
# <colnr> <probs for GDERKNQSTAVLIFYWHMCP>
#	G	D	E	R	K	N	Q	S	T	A	V	L	I	F	Y	W	H	M	C	P
0	0.01778	0.01891	0.06442	0.03969	0.62175	0.07136	0.02104	0.02195	0.01613	0.02232	0.01291	0.01677	0.01078	0.00631	0.00685	0.00206	0.00873	0.00603	0.00344	0.01079
1	0.00999	0.00740	0.01084	0.01084	0.01196	0.00852	0.00826	0.01222	0.01110	0.01592	0.01903	0.02930	0.01826	0.12489	0.65567	0.01076	0.01746	0.00775	0.00379	0.00602
2	0.00992	0.00724	0.00938	0.00914	0.01084	0.00671	0.00705	0.01308	0.01900	0.02641	0.57615	0.05653	0.11310	0.01514	0.00840	0.00233	0.00369	0.09195	0.00743	0.00651
3	0.08563	0.02958	0.49758	0.02070	0.08520	0.01644	0.04223	0.04411	0.01523	0.04778	0.01289	0.01518	0.00938	0.00694	0.00726	0.00223	0.04274	0.00536	0.00347	0.01009
4	0.01727	0.01658	0.02832	0.04283	0.71123	0.01658	0.02142	0.02142	0.01589	0.02280	0.01313	0.01727	0.01105	0.00622	0.00691	0.00207	0.00829	0.00622	0.00345	0.01105
5	0.00850	0.00607	0.00810	0.00972	0.01012	0.00567	0.00648	0.00972	0.01336	0.01781	0.03846	0.75020	0.04615	0.02186	0.00891	0.00283	0.00405	0.01984	0.00648	0.00567
6	0.01400	0.03610	0.71860	0.01989	0.03020	0.01621	0.02578	0.02210	0.01473	0.02210	0.01252	0.01473	0.00884	0.00663	0.00663	0.00221	0.01031	0.00516	0.00295	0.01031
7	0.01866	0.75896	0.03657	0.01194	0.01791	0.02761	0.01194	0.02090	0.01418	0.01642	0.00970	0.01119	0.00896	0.00597	0.00448	0.00149	0.00746	0.00373	0.00299	0.00896
8	0.01297	0.00747	0.00886	0.00833	0.00915	0.00722	0.00518	0.01353	0.01203	0.10872	0.06321	0.04310	0.02667	0.61085	0.03008	0.00588	0.00645	0.00987	0.00502	0.00539
9	0.01105	0.00795	0.01097	0.01241	0.01406	0.00787	0.01077	0.01420	0.01621	0.02109	0.06650	0.07707	0.07233	0.01899	0.00952	0.00313	0.00616	0.60684	0.00648	0.00641
10	0.03082	0.01198	0.01618	0.01248	0.01783	0.01050	0.01028	0.03412	0.04362	0.69213	0.02756	0.02383	0.01741	0.00867	0.00702	0.00217	0.00592	0.00705	0.00858	0.01185
11	0.00850	0.00607	0.00810	0.00972	0.01012	0.00567	0.00648	0.00972	0.01336	0.01781	0.03846	0.75020	0.04615	0.02186	0.00891	0.00283	0.00405	0.01984	0.00648	0.00567
12	0.00850	0.00607	0.00810	0.00972	0.01012	0.00567	0.00648	0.00972	0.01336	0.01781	0.03846	0.75020	0.04615	0.02186	0.00891	0.00283	0.00405	0.01984	0.00648	0.00567
13	0.03131	0.01188	0.01619	0.01242	0.01781	0.01026	0.01026	0.03401	0.01997	0.71606	0.02753	0.02375	0.01727	0.00864	0.00702	0.00216	0.00594	0.00702	0.00864	0.01188
14	0.00997	0.00748	0.01121	0.01121	0.01246	0.00872	0.00872	0.01246	0.01121	0.01620	0.01869	0.02741	0.01745	0.05234	0.72710	0.01121	0.01869	0.00748	0.00374	0.00623
15	0.01622	0.05512	0.51668	0.02217	0.11136	0.11573	0.02312	0.02278	0.01556	0.02131	0.01227	0.01463	0.00913	0.00664	0.00655	0.00211	0.01030	0.00515	0.00310	0.01005
16	0.01490	0.17584	0.58675	0.01835	0.02783	0.01841	0.02311	0.02187	0.01463	0.02100	0.01198	0.01405	0.00886	0.00650	0.00621	0.00207	0.00976	0.00488	0.00295	0.01005
17	0.01451	0.01253	0.01478	0.01070	0.01662	0.00985	0.00859	0.01754	0.01430	0.02247	0.01226	0.01451	0.01028	0.00549	0.00597	0.00113	0.03864	0.00422	0.00409	0.76154
18	0.04773	0.08157	0.64481	0.01893	0.02871	0.01692	0.02412	0.02195	0.01458	0.02212	0.01222	0.01436	0.00879	0.00658	0.00639	0.00216	0.00992	0.00501	0.00301	0.01011
19	0.01733	0.04539	0.02811	0.04042	0.65493	0.01704	0.02061	0.02206	0.04472	0.02282	0.01364	0.01741	0.01141	0.00635	0.00682	0.00206	0.00814	0.00619	0.00359	0.01097
20	0.02653	0.01955	0.02094	0.01606	0.02164	0.02164	0.01326	0.68796	0.03281	0.04398	0.01675	0.01675	0.01187	0.00838	0.00698	0.00209	0.00768	0.00628	0.00698	0.01187
21	0.01447	0.01240	0.01447	0.01034	0.01654	0.00930	0.00827	0.01757	0.01447	0.02274	0.01240	0.01447	0.01034	0.00517	0.00517	0.00103	0.00517	0.00413	0.00413	0.79742
22	0.01145	0.00826	0.01139	0.01290	0.01458	0.00834	0.01124	0.01520	0.03857	0.02116	0.03667	0.07698	0.03954	0.01895	0.00955	0.00318	0.00640	0.64261	0.00645	0.00658
23	0.01015	0.00677	0.00761	0.00761	0.00761	0.00677	0.00423	0.01015	0.01015	0.01353	0.02199	0.04567	0.02537	0.75476	0.03552	0.00677	0.00677	0.01015	0.00423	0.00423
24	0.01502	0.01490	0.02090	0.01799	0.01805	0.02079	0.01496	0.01659	0.01071	0.01677	0.00960	0.01583	0.00955	0.01408	0.05567	0.00343	0.70833	0.00617	0.00309	0.00757
25	0.00850	0.00607	0.00810	0.00972	0.01012	0.00567	0.00648	0.00972	0.01336	0.01781	0.03846	0.75020	0.04615	0.02186	0.00891	0.00283	0.00405	0.01984	0.00648	0.00567
26	0.00863	0.00617	0.00821	0.00963	0.01015	0.00576	0.00649	0.01004	0.01397	0.01878	0.10200	0.68391	0.04802	0.02114	0.00884	0.00277	0.00398	0.01915	0.00659	0.00576
27	0.02653	0.01955	0.02094	0.01606	0.02164	0.02164	0.01326	0.68796	0.03281	0.04398	0.01675	0.01675	0.01187	0.00838	0.00698	0.00209	0.00768	0.00628	0.00698	0.01187
28	0.01229	0.01019	0.03788	0.01219	0.03772	0.00925	0.00889	0.10759	0.01636	0.02244	0.05044	0.44725	0.03394	0.04046	0.04152	0.00299	0.00577	0.01432	0.00593	0.08258
29	0.01505	0.20027	0.56370	0.01808	0.02741	0.01880	0.02264	0.02183	0.01461	0.02081	0.01188	0.01393	0.00887	0.00648	0.00614	0.00205	0.00967	0.00483	0.00296	0.01000
30	0.01063	0.00845	0.01248	0.01210	0.01319	0.01030	0.00954	0.01300	0.01115	0.01627	0.01750	0.02590	0.01641	0.04732	0.63907	0.01019	0.10911	0.00731	0.00365	0.00641
31	0.01318	0.01240	0.02093	0.73798	0.04806	0.01550	0.01938	0.01783	0.01395	0.01783	0.01240	0.01860	0.00930	0.00698	0.00698	0.00233	0.00930	0.00620	0.00310	0.00775
32	0.01647	0.01882	0.04118	0.02941	0.03647	0.01765	0.68588	0.02235	0.01647	0.02235	0.01412	0.01882	0.01059	0.00588	0.00824	0.00235	0.01176	0.00824	0.00353	0.00941
33	0.01673	0.04877	0.03499	0.04758	0.03134	0.01901	0.45620	0.05639	0.01592	0.02191	0.01295	0.01762	0.01024	0.00742	0.01114	0.00245	0.16923	0.00742	0.00357	0.00909
34	0.00990	0.00711	0.00920	0.00869	0.01022	0.00660	0.00641	0.01295	0.01906	0.02694	0.65797	0.05166	0.06292	0.06781	0.01020	0.00253	0.00354	0.01244	0.00743	0.00641
35	0.03043	0.01213	0.01624	0.01250	0.01779	0.01074	0.01030	0.06709	0.02063	0.66126	0.04692	0.02422	0.01842	0.00879	0.00705	0.00216	0.00595	0.00714	0.00852	0.01172
36	0.01810	0.67188	0.11873	0.01290	0.01939	0.02624	0.01361	0.02104	0.01425	0.01710	0.01004	0.01162	0.00894	0.00605	0.00474	0.00158	0.00781	0.00390	0.00298	0.00912
37	0.02547	0.02304	0.02050	0.01747	0.05003	0.22610	0.01343	0.44811	0.02781	0.03453	0.01646	0.01705	0.03154	0.00822	0.00681	0.00201	0.00901	0.00601	0.00583	0.01056
38	0.00861	0.00615	0.00822	0.00984	0.01029	0.00576	0.00666	0.00990	0.01346	0.01793	0.03840	0.72462	0.04593	0.02176	0.00893	0.00285	0.00414	0.04439	0.00648	0.00570
39	0.02607	0.03326	0.01978	0.01798	0.02157	0.72674	0.01348	0.02787	0.01978	0.01708	0.01079	0.01258	0.00899	0.00719	0.00629	0.00180	0.01258	0.00449	0.00360	0.00809
40	0.01318	0.01240	0.02093	0.73798	0.04806	0.01550	0.01938	0.01783	0.01395	0.01783	0.01240	0.01860	0.00930	0.00698	0.00698	0.00233	0.00930	0.00620	0.00310	0.00775
41	0.02760	0.01270	0.01608	0.01289	0.01790	0.01214	0.01047	0.03482	0.20024	0.53361	0.02776	0.02436	0.01834	0.00886	0.00704	0.00221	0.00583	0.00725	0.00823	0.01166
42	0.00841	0.00702	0.00735	0.00751	0.00967	0.00596	0.00562	0.01023	0.01583	0.01913	0.08812	0.12259	0.61325	0.01795	0.00834	0.00242	0.00365	0.03452	0.00652	0.00591
43	0.00850	0.00607	0.00810	0.00972	0.01012	0.00567	0.00648	0.00972	0.01336	0.01781	0.03846	0.75020	0.04615	0.02186	0.00891	0.00283	0.00405	0.01984	0.00648	0.00567
44	0.02739	0.01736	0.17522	0.01411	0.02062	0.01160	0.01377	0.03131	0.01879	0.55895	0.02413	0.02171	0.01536	0.00818	0.00693	0.00217	0.00693	0.00660	0.00735	0.01152
45	0.01701	0.01830	0.02107	0.01815	0.01920	0.15629	0.03944	0.01882	0.01269	0.01701	0.01035	0.01576	0.00978	0.01391	0.07007	0.00338	0.52186	0.00597	0.00323	0.00769
46	0.09513	0.01327	0.01540	0.01266	0.01704	0.01354	0.01016	0.16543	0.11482	0.31114	0.02425	0.06061	0.01859	0.06345	0.00902	0.00258	0.00618	0.02922	0.00719	0.01033
47	0.02477	0.03088	0.04129	0.02066	0.09707	0.59558	0.01470	0.05771	0.01981	0.01910	0.01137	0.01335	0.00934	0.00712	0.00640	0.00185	0.01182	0.00479	0.00372	0.00865
48	0.01218	0.01136	0.01731	0.05757	0.01881	0.04349	0.13364	0.01461	0.01392	0.01878	0.02639	0.40609	0.02937	0.01547	0.01041	0.00265	0.11220	0.01373	0.03510	0.00690
49	0.01447	0.01240	0.01447	0.01034	0.01654	0.00930	0.00827	0.01757	0.01447	0.02274	0.01240	0.01447	0.01034	0.00517	0.00517	0.00103	0.00517	0.00413	0.00413	0.79742
50	0.02518	0.01984	0.02071	0.07284	0.02361	0.07178	0.01369	0.56862	0.05003	0.03955	0.01633	0.01687	0.01174	0.00821	0.00693	0.00210	0.00810	0.00620	0.00644	0.01125
51	0.01036	0.00783	0.01146	0.01129	0.01244	0.00925	0.00877	0.01274	0.01127	0.01647	0.01845	0.02740	0.01732	0.07484	0.63867	0.01028	0.05622	0.00747	0.03123	0.00624
52	0.02116	0.01625	0.01749	0.01458	0.01925	0.01809	0.01165	0.25535	0.41000	0.07425	0.02385	0.02236	0.01749	0.00890	0.00699	0.00221	0.00626	0.00716	0.00704	0.03966
53	0.02579	0.01302	0.03693	0.01235	0.01784	0.01097	0.01037	0.05714	0.05541	0.47088	0.04910	0.02257	0.01748	0.00815	0.00670	0.00195	0.00587	0.00663	0.00741	0.16345
54	0.01066	0.00763	0.01051	0.01174	0.01321	0.00748	0.00983	0.01364	0.01637	0.02175	0.15482	0.15803	0.04542	0.01872	0.00930	0.00299	0.00558	0.46930	0.00665	0.00636
55	0.01400	0.03610	0.71860	0.01989	0.03020	0.01621	0.02578	0.02210	0.01473	0.02210	0.01252	0.01473	0.00884	0.00663	0.00663	0.00221	0.01031	0.00516	0.00295	0.01031
56	0.01318	0.01240	0.02093	0.73798	0.04806	0.01550	0.01938	0.01783	0.01395	0.01783	0.01240	0.01860	0.00930	0.00698	0.00698	0.00233	0.00930	0.00620	0.00310	0.00775
57	0.00848	0.00617	0.00799	0.00945	0.01005	0.00569	0.00636	0.00975	0.01362	0.01792	0.04173	0.68097	0.11328	0.02144	0.00884	0.00279	0.00400	0.01932	0.00648	0.00569
58	0.00881	0.00709	0.00793	0.00837	0.01033	0.00622	0.00642	0.01078	0.01575	0.01938	0.08607	0.15719	0.49429	0.01833	0.00855	0.00254	0.00404	0.11542	0.00652	0.00597
59	0.01654	0.01863	0.04009	0.03054	0.09336	0.01756	0.62986	0.02227	0.01642	0.02239	0.01403	0.01869	0.01063	0.00591	0.00812	0.00233	0.01147	0.00807	0.00352	0.00955
60	0.01647	0.01882	0.04118	0.02941	0.03647	0.01765	0.68588	0.02235	0.01647	0.02235	0.01412	0.01882	0.01059	0.00588	0.00824	0.00235	0.01176	0.00824	0.00353	0.00941
61	0.01828	0.01252	0.01422	0.01248	0.01621	0.01338	0.00977	0.03068	0.40416	0.16456	0.15413	0.03252	0.06520	0.01061	0.00735	0.00229	0.00509	0.00894	0.00748	0.01012
62	0.01669	0.01429	0.01520	0.01372	0.01746	0.01640	0.01065	0.03495	0.63806	0.02908	0.08899	0.02836	0.02528	0.00990	0.00720	0.00235	0.00532	0.00831	0.00715	0.01065
63	0.01204	0.00759	0.01000	0.00919	0.01118	0.00693	0.00696	0.01521	0.01956	0.09872	0.61494	0.07252	0.06017	0.01394	0.00813	0.00221	0.00359	0.01228	0.00774	0.00710
64	0.01185	0.00757	0.00996	0.00911	0.01110	0.00692	0.00692	0.01509	0.01977	0.09126	0.64501	0.04952	0.06138	0.01375	0.00812	0.00219	0.00354	0.01210	0.00777	0.00707
65	0.01345	0.01268	0.02143	0.69112	0.09277	0.01558	0.01952	0.01807	0.01408	0.01816	0.01245	0.01851	0.00942	0.00693	0.00697	0.00231	0.00923	0.00620	0.00312	0.00797
66	0.01647	0.01882	0.04118	0.02941	0.03647	0.01765	0.68588	0.02235	0.01647	0.02235	0.01412	0.01882	0.01059	0.00588	0.00824	0.00235	0.01176	0.00824	0.00353	0.00941
67	0.01327	0.00824	0.00984	0.03937	0.01236	0.00888	0.00740	0.07962	0.01538	0.02435	0.02150	0.06375	0.01834	0.02062	0.19790	0.00432	0.00809	0.00744	0.43240	0.00695
68	0.00848	0.00614	0.00803	0.00954	0.01007	0.00568	0.00640	0.00974	0.01353	0.01788	0.04066	0.70368	0.09126	0.02158	0.00886	0.00280	0.00401	0.01949	0.00648	0.00568
69	0.02435	0.04885	0.02020	0.01605	0.02081	0.20560	0.01284	0.36534	0.15744	0.03309	0.01719	0.01726	0.01283	0.00819	0.00673	0.00205	0.00854	0.00603	0.00597	0.01061
70	0.01552	0.02497	0.28691	0.02552	0.03350	0.01726	0.42015	0.02205	0.01562	0.02205	0.01335	0.01720	0.00990	0.00640	0.00821	0.00233	0.03906	0.00703	0.00330	0.00967
71	0.01447	0.11016	0.64872	0.01908	0.02894	0.01737	0.02436	0.02198	0.01468	0.02152	0.01223	0.01437	0.00885	0.00656	0.00641	0.00214	0.01002	0.00501	0.00295	0.01017
72	0.02083	0.01947	0.01835	0.01582	0.01891	0.23079	0.03618	0.13935	0.01906	0.08968	0.01855	0.15418	0.01742	0.01108	0.00991	0.00230	0.13624	0.00835	0.00514	0.02839
73	0.48295	0.04114	0.01430	0.07486	0.01830	0.03437	0.00989	0.09802	0.03340	0.09737	0.02970	0.01519	0.01099	0.00721	0.00534	0.00214	0.00627	0.00493	0.00502	0.00862
74	0.01691	0.01621	0.02767	0.10401	0.65287	0.01649	0.02124	0.02110	0.01572	0.02236	0.01306	0.01739	0.01090	0.00628	0.00691	0.00209	0.00838	0.00622	0.00342	0.01076
75	0.01832	0.52857	0.14169	0.01345	0.01969	0.07169	0.01389	0.02153	0.01515	0.03989	0.05038	0.01457	0.01243	0.00671	0.00524	0.00169	0.00798	0.00462	0.00346	0.00907
76	0.38112	0.01297	0.01321	0.01088	0.01555	0.01347	0.00889	0.06278	0.05276	0.24161	0.05827	0.01888	0.01517	0.00778	0.00574	0.00209	0.00556	0.00568	0.00613	0.06147

[dist]
# distance from previous block
# <min> <max>
0	2

[block]
# block no. 5 follows, 30 sequences, length 10
# corresponding to MSA columns:
# 235-244
name=unknown_F
#
# <colnr> <probs for GDERKNQSTAVLIFYWHMCP>
#	G	D	E	R	K	N	Q	S	T	A	V	L	I	F	Y	W	H	M	C	P
0	0.01823	0.01422	0.01616	0.01251	0.01776	0.01355	0.01003	0.18870	0.10342	0.05662	0.01744	0.05755	0.01430	0.00775	0.00661	0.00166	0.02523	0.00617	0.00550	0.40658
1	0.00957	0.00679	0.00778	0.00790	0.00858	0.00645	0.00498	0.01045	0.01277	0.01679	0.11736	0.13126	0.15948	0.44271	0.02404	0.00493	0.00543	0.01241	0.00533	0.00499
2	0.02095	0.01503	0.01603	0.01303	0.01700	0.01651	0.01034	0.40518	0.10301	0.03520	0.01985	0.02310	0.01573	0.10039	0.01012	0.00261	0.00650	0.00698	0.15260	0.00984
3	0.00922	0.00620	0.00812	0.00925	0.00954	0.00592	0.00601	0.00972	0.01227	0.01637	0.03238	0.53586	0.03839	0.15813	0.01595	0.09465	0.00478	0.01646	0.00566	0.00510
4	0.01682	0.02315	0.24854	0.05761	0.33709	0.04789	0.02091	0.02391	0.09403	0.04110	0.01493	0.01747	0.01152	0.00686	0.00682	0.00215	0.00879	0.00601	0.00384	0.01057
5	0.01582	0.35008	0.20005	0.23806	0.03025	0.02106	0.01765	0.02025	0.01425	0.01826	0.01123	0.01436	0.00903	0.00644	0.00578	0.00193	0.00873	0.00485	0.00301	0.00892
6	0.01093	0.00759	0.00897	0.00908	0.00970	0.00769	0.00583	0.06364	0.01298	0.01737	0.02652	0.26011	0.03038	0.43932	0.05481	0.00537	0.00651	0.01272	0.00512	0.00536
7	0.01123	0.00816	0.00970	0.00983	0.01121	0.00805	0.00697	0.09388	0.01614	0.02136	0.09274	0.35356	0.12360	0.15491	0.01350	0.00338	0.00498	0.04425	0.00622	0.00630
8	0.01628	0.02240	0.24064	0.08540	0.42900	0.01656	0.02234	0.04429	0.01597	0.02295	0.01301	0.01657	0.01027	0.00647	0.00683	0.00213	0.00897	0.00589	0.00339	0.01061
9	0.22365	0.02219	0.23302	0.04137	0.02272	0.01743	0.01575	0.24724	0.02017	0.03170	0.01458	0.01821	0.01128	0.00790	0.00633	0.00222	0.00789	0.04166	0.00487	0.00982

[dist]
# distance from previous block
# <min> <max>
0	14

# created by:
# /st0/software/busco_prod/Augustus/scripts/msa2prfl.pl ./align_prep/140207.fa
