[name]
unknown

[dist]
# distance from previous block
# <min> <max>
42	79

[block]
# block no. 0 follows, 30 sequences, length 7
# corresponding to MSA columns:
# 108-114
name=unknown_A
#
# <colnr> <probs for GDERKNQSTAVLIFYWHMCP>
#	G	D	E	R	K	N	Q	S	T	A	V	L	I	F	Y	W	H	M	C	P
0	0.15874	0.05526	0.12773	0.11900	0.11482	0.01602	0.09120	0.08025	0.01634	0.02523	0.07629	0.01952	0.01509	0.00971	0.04401	0.00263	0.00859	0.00637	0.00419	0.00897
1	0.05479	0.17872	0.18509	0.01548	0.02052	0.01622	0.09122	0.01802	0.01452	0.02048	0.06626	0.14328	0.04297	0.01069	0.00823	0.00228	0.06877	0.02996	0.00424	0.00825
2	0.07397	0.05879	0.18361	0.04253	0.02710	0.01788	0.20348	0.12276	0.01779	0.09102	0.01436	0.01679	0.01055	0.00739	0.00849	0.00227	0.08068	0.00632	0.00437	0.00984
3	0.05863	0.01275	0.05597	0.04204	0.01630	0.01276	0.01037	0.09968	0.09320	0.07223	0.09930	0.08431	0.02291	0.01038	0.00833	0.00221	0.08422	0.00818	0.19784	0.00840
4	0.24385	0.01422	0.04316	0.09010	0.07780	0.01422	0.07470	0.09348	0.01647	0.05488	0.06213	0.10376	0.01778	0.00899	0.00651	0.00219	0.00678	0.00759	0.00493	0.05645
5	0.04243	0.01109	0.01295	0.01155	0.01475	0.01144	0.00911	0.06805	0.19071	0.10421	0.18920	0.03796	0.06645	0.04189	0.05221	0.00298	0.00599	0.06902	0.00674	0.05127
6	0.18866	0.01808	0.02307	0.13045	0.30224	0.12640	0.07148	0.02178	0.01539	0.02301	0.01200	0.01558	0.00969	0.00651	0.00637	0.00211	0.00876	0.00558	0.00362	0.00923

[dist]
# distance from previous block
# <min> <max>
0	1

[block]
# block no. 1 follows, 30 sequences, length 9
# corresponding to MSA columns:
# 116-124
name=unknown_B
#
# <colnr> <probs for GDERKNQSTAVLIFYWHMCP>
#	G	D	E	R	K	N	Q	S	T	A	V	L	I	F	Y	W	H	M	C	P
0	0.01318	0.01240	0.02093	0.73798	0.04806	0.01550	0.01938	0.01783	0.01395	0.01783	0.01240	0.01860	0.00930	0.00698	0.00698	0.00233	0.00930	0.00620	0.00310	0.00775
1	0.01539	0.07857	0.39358	0.02418	0.07938	0.01751	0.24823	0.02205	0.01537	0.02184	0.01291	0.01605	0.00960	0.00630	0.00705	0.00220	0.01047	0.00618	0.00318	0.00997
2	0.01216	0.00738	0.00933	0.00922	0.01091	0.00669	0.00662	0.01409	0.01602	0.11767	0.21277	0.28964	0.15135	0.09001	0.01100	0.00289	0.00430	0.01441	0.00687	0.00666
3	0.00932	0.00682	0.00890	0.01007	0.01117	0.00640	0.00755	0.01134	0.01508	0.01985	0.11605	0.41424	0.13267	0.01983	0.00893	0.00280	0.00450	0.18192	0.00660	0.00599
4	0.00896	0.00626	0.00796	0.00913	0.00943	0.00597	0.00586	0.00984	0.01247	0.01663	0.03390	0.55521	0.04040	0.22471	0.01627	0.00392	0.00480	0.01716	0.00586	0.00527
5	0.08662	0.01780	0.03169	0.02364	0.02894	0.05002	0.42525	0.06064	0.01611	0.02307	0.01348	0.01796	0.01066	0.01033	0.06264	0.00303	0.09823	0.00724	0.00377	0.00889
6	0.05962	0.01082	0.01253	0.01128	0.01470	0.01087	0.00890	0.02471	0.20345	0.20439	0.07727	0.09936	0.15908	0.01275	0.00756	0.00239	0.00505	0.05909	0.00716	0.00901
7	0.15343	0.01258	0.01432	0.01162	0.01614	0.01246	0.00938	0.10139	0.08960	0.25878	0.13927	0.02500	0.02308	0.00893	0.00658	0.00206	0.00546	0.00713	0.00691	0.09589
8	0.01498	0.01068	0.01186	0.01059	0.01267	0.01130	0.00763	0.19097	0.06864	0.02547	0.09073	0.11277	0.02726	0.29773	0.01816	0.00397	0.00603	0.01001	0.06126	0.00729

[dist]
# distance from previous block
# <min> <max>
14	21

[block]
# block no. 2 follows, 30 sequences, length 21
# corresponding to MSA columns:
# 150-170
name=unknown_C
#
# <colnr> <probs for GDERKNQSTAVLIFYWHMCP>
#	G	D	E	R	K	N	Q	S	T	A	V	L	I	F	Y	W	H	M	C	P
0	0.05652	0.01228	0.10247	0.01103	0.01459	0.00931	0.00987	0.03904	0.01894	0.12932	0.43777	0.06086	0.04587	0.01207	0.00762	0.00221	0.00487	0.01037	0.00697	0.00804
1	0.02151	0.01575	0.01714	0.01445	0.05523	0.07517	0.01092	0.16205	0.06208	0.16971	0.01977	0.01978	0.04222	0.00757	0.00637	0.00175	0.00661	0.00600	0.00585	0.28007
2	0.03665	0.12707	0.54505	0.01886	0.02807	0.01753	0.06209	0.02236	0.01488	0.04739	0.01273	0.01476	0.00924	0.00657	0.00640	0.00212	0.00974	0.00519	0.00323	0.01007
3	0.06298	0.48417	0.11974	0.01323	0.01940	0.05026	0.01335	0.02345	0.05664	0.08093	0.01283	0.01374	0.01036	0.00658	0.00520	0.00175	0.00766	0.00449	0.00383	0.00941
4	0.00990	0.00678	0.00819	0.00834	0.00866	0.00681	0.00517	0.01060	0.01151	0.01562	0.08503	0.13225	0.03079	0.52694	0.09889	0.00631	0.00731	0.01131	0.00477	0.00482
5	0.01422	0.01355	0.02347	0.60506	0.06983	0.01602	0.09381	0.04478	0.01505	0.01954	0.01279	0.01851	0.00961	0.00688	0.00712	0.00231	0.00948	0.00643	0.00331	0.00822
6	0.01113	0.00803	0.00994	0.00932	0.01134	0.00768	0.00703	0.01581	0.08699	0.04983	0.52822	0.07953	0.11984	0.01424	0.00811	0.00225	0.00366	0.01246	0.00749	0.00710
7	0.00998	0.00741	0.01089	0.01089	0.01202	0.00855	0.00832	0.01225	0.01112	0.01596	0.01899	0.02906	0.01816	0.11552	0.66490	0.01081	0.01762	0.00772	0.00378	0.00605
8	0.01963	0.01590	0.01694	0.01445	0.01875	0.01803	0.01145	0.22551	0.46826	0.03344	0.06132	0.02473	0.02093	0.00941	0.00713	0.00228	0.00603	0.00767	0.00710	0.01105
9	0.01866	0.75896	0.03657	0.01194	0.01791	0.02761	0.01194	0.02090	0.01418	0.01642	0.00970	0.01119	0.00896	0.00597	0.00448	0.00149	0.00746	0.00373	0.00299	0.00896
10	0.01718	0.52965	0.25292	0.01446	0.02181	0.02399	0.01633	0.02128	0.01435	0.01822	0.01060	0.01232	0.00892	0.00618	0.00516	0.00172	0.00837	0.00418	0.00297	0.00939
11	0.01553	0.01108	0.07447	0.01077	0.01416	0.00861	0.00926	0.01948	0.04059	0.19290	0.40264	0.06669	0.08019	0.01252	0.00778	0.00222	0.00467	0.01081	0.00737	0.00827
12	0.02607	0.03326	0.01978	0.01798	0.02157	0.72674	0.01348	0.02787	0.01978	0.01708	0.01079	0.01258	0.00899	0.00719	0.00629	0.00180	0.01258	0.00449	0.00360	0.00809
13	0.01727	0.01658	0.02832	0.04283	0.71123	0.01658	0.02142	0.02142	0.01589	0.02280	0.01313	0.01727	0.01105	0.00622	0.00691	0.00207	0.00829	0.00622	0.00345	0.01105
14	0.01013	0.00684	0.00797	0.00797	0.00810	0.00696	0.00468	0.01038	0.01026	0.01380	0.02165	0.04383	0.02457	0.68392	0.10526	0.00721	0.00797	0.00988	0.00418	0.00443
15	0.01720	0.02070	0.15746	0.03498	0.44968	0.01700	0.10761	0.06805	0.01693	0.02408	0.01339	0.01697	0.01064	0.00640	0.00703	0.00214	0.00907	0.00629	0.00362	0.01076
16	0.00827	0.00700	0.00714	0.00725	0.00947	0.00588	0.00538	0.00999	0.01573	0.01878	0.06845	0.11469	0.66231	0.01796	0.00829	0.00239	0.00357	0.01508	0.00648	0.00588
17	0.01903	0.01716	0.07997	0.01497	0.01941	0.03737	0.03692	0.30539	0.10256	0.03162	0.06940	0.07596	0.02236	0.05495	0.00918	0.00259	0.00723	0.07812	0.00620	0.00963
18	0.00825	0.00707	0.00707	0.00707	0.00943	0.00589	0.00530	0.01001	0.01591	0.01885	0.07069	0.06716	0.70839	0.01767	0.00825	0.00236	0.00353	0.01473	0.00648	0.00589
19	0.01447	0.01240	0.01447	0.01034	0.01654	0.00930	0.00827	0.01757	0.01447	0.02274	0.01240	0.01447	0.01034	0.00517	0.00517	0.00103	0.00517	0.00413	0.00413	0.79742
20	0.01632	0.01757	0.03627	0.09853	0.03541	0.01705	0.54503	0.06008	0.01701	0.02293	0.01535	0.05626	0.01236	0.00696	0.00807	0.00236	0.01088	0.00851	0.00384	0.00920

[dist]
# distance from previous block
# <min> <max>
0	1

[block]
# block no. 3 follows, 30 sequences, length 6
# corresponding to MSA columns:
# 172-177
name=unknown_D
#
# <colnr> <probs for GDERKNQSTAVLIFYWHMCP>
#	G	D	E	R	K	N	Q	S	T	A	V	L	I	F	Y	W	H	M	C	P
0	0.09496	0.62626	0.09053	0.01233	0.01850	0.02550	0.01266	0.02096	0.01400	0.01834	0.00994	0.01150	0.00881	0.00607	0.00464	0.00162	0.00750	0.00385	0.00311	0.00893
1	0.01212	0.00606	0.00909	0.00909	0.00909	0.00606	0.00606	0.00909	0.00909	0.01212	0.01212	0.02121	0.01212	0.02424	0.02727	0.79697	0.00606	0.00606	0.00303	0.00303
2	0.01555	0.01827	0.07518	0.08099	0.07433	0.01647	0.51031	0.02103	0.01592	0.02170	0.01562	0.07184	0.01301	0.00719	0.00802	0.00236	0.01073	0.00864	0.00367	0.00916
3	0.00929	0.00704	0.00856	0.00833	0.01010	0.00631	0.00619	0.01197	0.01814	0.02450	0.46759	0.10667	0.25817	0.01584	0.00828	0.00229	0.00342	0.01377	0.00723	0.00631
4	0.80405	0.01350	0.01026	0.00918	0.01350	0.01565	0.00756	0.02051	0.01188	0.03131	0.00972	0.01134	0.00756	0.00648	0.00432	0.00216	0.00540	0.00378	0.00432	0.00756
5	0.05963	0.01726	0.02109	0.01824	0.07169	0.11685	0.11022	0.05723	0.14171	0.28135	0.02102	0.02052	0.01472	0.00789	0.00697	0.00216	0.00789	0.00675	0.00625	0.01057

[dist]
# distance from previous block
# <min> <max>
4	5

[block]
# block no. 4 follows, 30 sequences, length 13
# corresponding to MSA columns:
# 184-196
name=unknown_E
#
# <colnr> <probs for GDERKNQSTAVLIFYWHMCP>
#	G	D	E	R	K	N	Q	S	T	A	V	L	I	F	Y	W	H	M	C	P
0	0.75739	0.01468	0.01083	0.00970	0.01398	0.05830	0.00791	0.02095	0.01235	0.03046	0.00978	0.01141	0.00764	0.00652	0.00444	0.00214	0.00583	0.00382	0.00428	0.00759
1	0.00992	0.00685	0.00811	0.00803	0.00862	0.00663	0.00506	0.01100	0.01331	0.01813	0.22322	0.08304	0.06426	0.47600	0.02526	0.00508	0.00550	0.01152	0.00543	0.00505
2	0.01609	0.01537	0.02618	0.24417	0.51916	0.01627	0.02083	0.02038	0.01533	0.02136	0.01292	0.01766	0.01055	0.00644	0.00693	0.00215	0.00858	0.00621	0.00335	0.01010
3	0.02691	0.01893	0.02056	0.01577	0.02133	0.02073	0.01302	0.63575	0.03178	0.09764	0.01761	0.01731	0.01230	0.00840	0.00698	0.00210	0.00754	0.00634	0.00711	0.01187
4	0.00877	0.00674	0.00803	0.00844	0.00993	0.00600	0.00605	0.01076	0.01607	0.02095	0.23094	0.29740	0.30841	0.01819	0.00847	0.00248	0.00365	0.01591	0.00680	0.00600
5	0.01501	0.01285	0.01360	0.01257	0.01594	0.01436	0.00965	0.03002	0.52088	0.02642	0.03673	0.09322	0.14520	0.01195	0.00745	0.00240	0.00505	0.01009	0.00694	0.00969
6	0.03131	0.01188	0.01619	0.01242	0.01781	0.01026	0.01026	0.03401	0.01997	0.71606	0.02753	0.02375	0.01727	0.00864	0.00702	0.00216	0.00594	0.00702	0.00864	0.01188
7	0.01015	0.00677	0.00761	0.00761	0.00761	0.00677	0.00423	0.01015	0.01015	0.01353	0.02199	0.04567	0.02537	0.75476	0.03552	0.00677	0.00677	0.01015	0.00423	0.00423
8	0.00998	0.00742	0.01093	0.01093	0.01207	0.00857	0.00836	0.01228	0.01113	0.01599	0.01896	0.02888	0.01808	0.10873	0.67158	0.01086	0.01773	0.00769	0.00378	0.00607
9	0.01447	0.01240	0.01447	0.01034	0.01654	0.00930	0.00827	0.01757	0.01447	0.02274	0.01240	0.01447	0.01034	0.00517	0.00517	0.00103	0.00517	0.00413	0.00413	0.79742
10	0.01652	0.02355	0.27680	0.02289	0.08956	0.01584	0.21927	0.04367	0.05709	0.05757	0.01486	0.01734	0.01098	0.00653	0.00703	0.00211	0.00941	0.00635	0.00395	0.09867
11	0.04955	0.07367	0.65054	0.01899	0.02880	0.01679	0.02423	0.02196	0.01458	0.02221	0.01225	0.01439	0.00879	0.00659	0.00641	0.00217	0.00994	0.00502	0.00301	0.01012
12	0.06392	0.04334	0.12489	0.01389	0.01962	0.01419	0.01283	0.08308	0.14779	0.34189	0.04661	0.02214	0.01720	0.00845	0.00678	0.00218	0.00661	0.00675	0.00688	0.01097

[dist]
# distance from previous block
# <min> <max>
1	4

[block]
# block no. 5 follows, 30 sequences, length 118
# corresponding to MSA columns:
# 202-319
name=unknown_F
#
# <colnr> <probs for GDERKNQSTAVLIFYWHMCP>
#	G	D	E	R	K	N	Q	S	T	A	V	L	I	F	Y	W	H	M	C	P
0	0.02508	0.01829	0.01988	0.01553	0.02075	0.02024	0.01276	0.58610	0.07316	0.06144	0.01793	0.01820	0.01297	0.01114	0.05092	0.00267	0.00816	0.00648	0.00684	0.01147
1	0.02614	0.03099	0.01997	0.01766	0.02158	0.61023	0.01345	0.13694	0.02193	0.02152	0.01177	0.01327	0.00946	0.00739	0.00641	0.00185	0.01177	0.00479	0.00415	0.00871
2	0.00968	0.00713	0.00905	0.00857	0.01030	0.00650	0.00643	0.01278	0.01928	0.02687	0.62984	0.05396	0.14424	0.01468	0.00823	0.00221	0.00332	0.01288	0.00754	0.00650
3	0.02653	0.01955	0.02094	0.01606	0.02164	0.02164	0.01326	0.68796	0.03281	0.04398	0.01675	0.01675	0.01187	0.00838	0.00698	0.00209	0.00768	0.00628	0.00698	0.01187
4	0.00937	0.00706	0.00867	0.00837	0.01014	0.00635	0.00624	0.01215	0.01840	0.02504	0.50422	0.09189	0.23539	0.01556	0.00827	0.00227	0.00340	0.01355	0.00730	0.00635
5	0.01714	0.00874	0.01165	0.01001	0.01293	0.00783	0.00783	0.02023	0.01983	0.26107	0.47718	0.04251	0.04939	0.01236	0.00782	0.00218	0.00419	0.01072	0.00801	0.00838
6	0.00825	0.00707	0.00707	0.00707	0.00943	0.00589	0.00530	0.01001	0.01591	0.01885	0.07069	0.06716	0.70839	0.01767	0.00825	0.00236	0.00353	0.01473	0.00648	0.00589
7	0.01773	0.01517	0.01599	0.01428	0.01829	0.01753	0.01113	0.06332	0.67178	0.02979	0.02793	0.02566	0.02092	0.00942	0.00710	0.00236	0.00561	0.00782	0.00710	0.01108
8	0.62516	0.01489	0.01271	0.01076	0.01537	0.01703	0.00887	0.17408	0.01669	0.03422	0.01134	0.01258	0.00855	0.00691	0.00493	0.00214	0.00592	0.00435	0.00493	0.00855
9	0.00853	0.00621	0.00805	0.00943	0.01007	0.00572	0.00637	0.00988	0.01385	0.01830	0.06733	0.65852	0.10969	0.02117	0.00882	0.00276	0.00397	0.01908	0.00652	0.00572
10	0.80405	0.01350	0.01026	0.00918	0.01350	0.01565	0.00756	0.02051	0.01188	0.03131	0.00972	0.01134	0.00756	0.00648	0.00432	0.00216	0.00540	0.00378	0.00432	0.00756
11	0.02025	0.01222	0.01506	0.01105	0.01698	0.00963	0.00895	0.02322	0.01636	0.26081	0.01760	0.01766	0.01272	0.00636	0.00580	0.00142	0.00543	0.00512	0.00568	0.52768
12	0.01866	0.75896	0.03657	0.01194	0.01791	0.02761	0.01194	0.02090	0.01418	0.01642	0.00970	0.01119	0.00896	0.00597	0.00448	0.00149	0.00746	0.00373	0.00299	0.00896
13	0.01015	0.00677	0.00761	0.00761	0.00761	0.00677	0.00423	0.01015	0.01015	0.01353	0.02199	0.04567	0.02537	0.75476	0.03552	0.00677	0.00677	0.01015	0.00423	0.00423
14	0.01736	0.01499	0.01578	0.01420	0.01815	0.01736	0.01105	0.03708	0.69862	0.02919	0.02840	0.02604	0.02130	0.00947	0.00710	0.00237	0.00552	0.00789	0.00710	0.01105
15	0.01529	0.01468	0.02531	0.37281	0.36964	0.01611	0.04634	0.01975	0.01499	0.02042	0.01282	0.01797	0.01020	0.00657	0.00699	0.00220	0.00891	0.00629	0.00329	0.00942
16	0.01019	0.00728	0.01003	0.01164	0.01278	0.00712	0.00941	0.01263	0.01502	0.01970	0.03753	0.33777	0.04247	0.02027	0.00936	0.00307	0.00551	0.41564	0.00645	0.00613
17	0.05764	0.03485	0.67947	0.01930	0.02928	0.01618	0.02478	0.02201	0.01458	0.02261	0.01237	0.01455	0.00877	0.00662	0.00650	0.00221	0.01004	0.00508	0.00302	0.01016
18	0.02653	0.01955	0.02094	0.01606	0.02164	0.02164	0.01326	0.68796	0.03281	0.04398	0.01675	0.01675	0.01187	0.00838	0.00698	0.00209	0.00768	0.00628	0.00698	0.01187
19	0.01008	0.00674	0.00763	0.00769	0.00771	0.00672	0.00432	0.01013	0.01027	0.01370	0.02263	0.07312	0.02618	0.72620	0.03448	0.00661	0.00666	0.01053	0.00432	0.00428
20	0.80405	0.01350	0.01026	0.00918	0.01350	0.01565	0.00756	0.02051	0.01188	0.03131	0.00972	0.01134	0.00756	0.00648	0.00432	0.00216	0.00540	0.00378	0.00432	0.00756
21	0.01764	0.01728	0.02797	0.04179	0.68238	0.04628	0.02108	0.02169	0.01605	0.02256	0.01303	0.01708	0.01097	0.00626	0.00688	0.00206	0.00847	0.00615	0.00346	0.01093
22	0.00988	0.00713	0.00933	0.00878	0.01043	0.00658	0.00658	0.01317	0.01975	0.02798	0.70754	0.05213	0.06584	0.01427	0.00823	0.00219	0.00329	0.01262	0.00768	0.00658
23	0.01707	0.51303	0.26860	0.01464	0.02209	0.02373	0.01665	0.02131	0.01437	0.01835	0.01066	0.01240	0.00892	0.00619	0.00521	0.00174	0.00843	0.00422	0.00297	0.00942
24	0.02728	0.01751	0.17969	0.01416	0.02070	0.01164	0.01387	0.03124	0.01875	0.55453	0.02404	0.02165	0.01531	0.00817	0.00693	0.00217	0.00696	0.00658	0.00731	0.01151
25	0.01015	0.00677	0.00761	0.00761	0.00761	0.00677	0.00423	0.01015	0.01015	0.01353	0.02199	0.04567	0.02537	0.75476	0.03552	0.00677	0.00677	0.01015	0.00423	0.00423
26	0.03131	0.01188	0.01619	0.01242	0.01781	0.01026	0.01026	0.03401	0.01997	0.71606	0.02753	0.02375	0.01727	0.00864	0.00702	0.00216	0.00594	0.00702	0.00864	0.01188
27	0.01503	0.17287	0.54747	0.01895	0.02824	0.01847	0.06319	0.02189	0.01473	0.02103	0.01208	0.01431	0.00897	0.00646	0.00632	0.00208	0.00986	0.00507	0.00299	0.01000
28	0.02080	0.02081	0.01745	0.01549	0.01949	0.22703	0.01197	0.09607	0.43525	0.02702	0.02210	0.02119	0.01678	0.00869	0.00685	0.00217	0.00781	0.00674	0.00606	0.01025
29	0.00850	0.00607	0.00810	0.00972	0.01012	0.00567	0.00648	0.00972	0.01336	0.01781	0.03846	0.75020	0.04615	0.02186	0.00891	0.00283	0.00405	0.01984	0.00648	0.00567
30	0.00979	0.00713	0.00921	0.00869	0.01037	0.00655	0.00652	0.01301	0.01956	0.02752	0.67491	0.05290	0.09877	0.01444	0.00823	0.00220	0.00330	0.01273	0.00762	0.00655
31	0.06595	0.02082	0.02004	0.01588	0.02108	0.11209	0.01291	0.54288	0.05640	0.03928	0.01608	0.01631	0.01165	0.00817	0.00676	0.00207	0.00811	0.00599	0.00641	0.01113
32	0.80405	0.01350	0.01026	0.00918	0.01350	0.01565	0.00756	0.02051	0.01188	0.03131	0.00972	0.01134	0.00756	0.00648	0.00432	0.00216	0.00540	0.00378	0.00432	0.00756
33	0.00855	0.00609	0.00808	0.00965	0.01004	0.00570	0.00641	0.00973	0.01326	0.01768	0.03796	0.72865	0.04552	0.04428	0.00972	0.00295	0.00413	0.01954	0.00641	0.00562
34	0.01866	0.75896	0.03657	0.01194	0.01791	0.02761	0.01194	0.02090	0.01418	0.01642	0.00970	0.01119	0.00896	0.00597	0.00448	0.00149	0.00746	0.00373	0.00299	0.00896
35	0.01318	0.01240	0.02093	0.73798	0.04806	0.01550	0.01938	0.01783	0.01395	0.01783	0.01240	0.01860	0.00930	0.00698	0.00698	0.00233	0.00930	0.00620	0.00310	0.00775
36	0.02653	0.01955	0.02094	0.01606	0.02164	0.02164	0.01326	0.68796	0.03281	0.04398	0.01675	0.01675	0.01187	0.00838	0.00698	0.00209	0.00768	0.00628	0.00698	0.01187
37	0.01212	0.00606	0.00909	0.00909	0.00909	0.00606	0.00606	0.00909	0.00909	0.01212	0.01212	0.02121	0.01212	0.02424	0.02727	0.79697	0.00606	0.00606	0.00303	0.00303
38	0.01644	0.01847	0.03960	0.05000	0.09002	0.01750	0.61509	0.02215	0.01636	0.02226	0.01399	0.01870	0.01059	0.00594	0.00810	0.00233	0.01142	0.00802	0.00351	0.00950
39	0.01394	0.01319	0.02231	0.60786	0.17219	0.01571	0.01976	0.01850	0.01432	0.01876	0.01254	0.01836	0.00963	0.00683	0.00696	0.00228	0.00911	0.00620	0.00317	0.00837
40	0.01457	0.01249	0.01452	0.01047	0.01659	0.00958	0.00837	0.01825	0.03831	0.02296	0.01296	0.01487	0.01072	0.00532	0.00524	0.00108	0.00518	0.00427	0.00424	0.77002
41	0.01851	0.01212	0.01475	0.01081	0.01667	0.00946	0.00871	0.02152	0.01599	0.19484	0.03668	0.01788	0.01370	0.00630	0.00572	0.00135	0.00530	0.00510	0.00536	0.57925
42	0.80405	0.01350	0.01026	0.00918	0.01350	0.01565	0.00756	0.02051	0.01188	0.03131	0.00972	0.01134	0.00756	0.00648	0.00432	0.00216	0.00540	0.00378	0.00432	0.00756
43	0.00982	0.00713	0.00925	0.00872	0.01039	0.00656	0.00654	0.01306	0.01962	0.02767	0.68541	0.05265	0.08818	0.01438	0.00823	0.00220	0.00330	0.01269	0.00764	0.00656
44	0.02640	0.01353	0.01862	0.01859	0.14959	0.01296	0.01261	0.05796	0.11988	0.45653	0.02450	0.02258	0.01647	0.00829	0.00701	0.00217	0.00639	0.00697	0.00736	0.01160
45	0.03131	0.01188	0.01619	0.01242	0.01781	0.01026	0.01026	0.03401	0.01997	0.71606	0.02753	0.02375	0.01727	0.00864	0.00702	0.00216	0.00594	0.00702	0.00864	0.01188
46	0.01696	0.01619	0.02753	0.04141	0.68191	0.01616	0.02080	0.02107	0.01605	0.02301	0.04217	0.01873	0.01335	0.00655	0.00696	0.00208	0.00808	0.00649	0.00363	0.01087
47	0.00850	0.00607	0.00810	0.00972	0.01012	0.00567	0.00648	0.00972	0.01336	0.01781	0.03846	0.75020	0.04615	0.02186	0.00891	0.00283	0.00405	0.01984	0.00648	0.00567
48	0.00836	0.00703	0.00725	0.00728	0.00952	0.00592	0.00543	0.01019	0.01603	0.01936	0.10819	0.09481	0.64150	0.01764	0.00827	0.00237	0.00354	0.01481	0.00655	0.00592
49	0.04433	0.60814	0.03280	0.01292	0.01842	0.15026	0.01208	0.02211	0.01509	0.01700	0.00989	0.01144	0.00892	0.00620	0.00479	0.00157	0.00830	0.00387	0.00313	0.00876
50	0.02002	0.01349	0.01423	0.01170	0.01543	0.01466	0.00941	0.35470	0.05882	0.03520	0.02003	0.02137	0.01504	0.00832	0.00605	0.00190	0.00559	0.00646	0.35815	0.00943
51	0.01586	0.01522	0.02634	0.23801	0.46163	0.01603	0.05719	0.02021	0.01538	0.02130	0.01381	0.01989	0.01155	0.00687	0.00710	0.00220	0.00870	0.02939	0.00346	0.00987
52	0.02902	0.05569	0.01890	0.01360	0.01909	0.01499	0.01135	0.25025	0.02391	0.45443	0.02297	0.02074	0.01502	0.00840	0.00687	0.00210	0.00660	0.00659	0.00778	0.01171
53	0.02657	0.01767	0.01956	0.01519	0.02059	0.01908	0.01249	0.50315	0.09289	0.16972	0.01989	0.01895	0.01378	0.00853	0.00700	0.00213	0.00715	0.00657	0.00731	0.01179
54	0.02070	0.02308	0.02499	0.03314	0.44236	0.29344	0.01832	0.02393	0.01740	0.02057	0.01221	0.01544	0.01025	0.00660	0.00667	0.00197	0.00996	0.00555	0.00351	0.00990
55	0.80405	0.01350	0.01026	0.00918	0.01350	0.01565	0.00756	0.02051	0.01188	0.03131	0.00972	0.01134	0.00756	0.00648	0.00432	0.00216	0.00540	0.00378	0.00432	0.00756
56	0.00935	0.00669	0.00778	0.00829	0.00894	0.00633	0.00534	0.01017	0.01244	0.01609	0.03705	0.24548	0.17093	0.37344	0.02160	0.00464	0.00534	0.03964	0.00539	0.00505
57	0.00997	0.00748	0.01121	0.01121	0.01246	0.00872	0.00872	0.01246	0.01121	0.01620	0.01869	0.02741	0.01745	0.05234	0.72710	0.01121	0.01869	0.00748	0.00374	0.00623
58	0.00998	0.00742	0.01095	0.01095	0.01210	0.00858	0.00839	0.01229	0.01114	0.01600	0.01893	0.02876	0.01803	0.10414	0.67610	0.01089	0.01781	0.00767	0.00377	0.00608
59	0.00825	0.00707	0.00707	0.00707	0.00943	0.00589	0.00530	0.01001	0.01591	0.01885	0.07069	0.06716	0.70839	0.01767	0.00825	0.00236	0.00353	0.01473	0.00648	0.00589
60	0.01400	0.03610	0.71860	0.01989	0.03020	0.01621	0.02578	0.02210	0.01473	0.02210	0.01252	0.01473	0.00884	0.00663	0.00663	0.00221	0.01031	0.00516	0.00295	0.01031
61	0.00997	0.00748	0.01121	0.01121	0.01246	0.00872	0.00872	0.01246	0.01121	0.01620	0.01869	0.02741	0.01745	0.05234	0.72710	0.01121	0.01869	0.00748	0.00374	0.00623
62	0.01833	0.01487	0.01597	0.01401	0.01784	0.01697	0.01093	0.13918	0.52565	0.02994	0.02497	0.02408	0.01891	0.01070	0.00901	0.07815	0.00592	0.00746	0.00669	0.01041
63	0.00860	0.00614	0.00821	0.00983	0.01027	0.00575	0.00664	0.00988	0.01346	0.01792	0.03841	0.72667	0.04594	0.02177	0.00893	0.00285	0.00413	0.04242	0.00648	0.00569
64	0.01632	0.01805	0.03791	0.02942	0.09770	0.01715	0.57542	0.02244	0.04332	0.02252	0.01538	0.04254	0.01220	0.00657	0.00809	0.00234	0.01095	0.00841	0.00376	0.00951
65	0.02516	0.03078	0.02074	0.02052	0.09491	0.61510	0.01432	0.06101	0.02003	0.01907	0.01134	0.01330	0.00936	0.00715	0.00639	0.00184	0.01188	0.00477	0.00375	0.00860
66	0.01447	0.01240	0.01447	0.01034	0.01654	0.00930	0.00827	0.01757	0.01447	0.02274	0.01240	0.01447	0.01034	0.00517	0.00517	0.00103	0.00517	0.00413	0.00413	0.79742
67	0.80405	0.01350	0.01026	0.00918	0.01350	0.01565	0.00756	0.02051	0.01188	0.03131	0.00972	0.01134	0.00756	0.00648	0.00432	0.00216	0.00540	0.00378	0.00432	0.00756
68	0.01400	0.03610	0.71860	0.01989	0.03020	0.01621	0.02578	0.02210	0.01473	0.02210	0.01252	0.01473	0.00884	0.00663	0.00663	0.00221	0.01031	0.00516	0.00295	0.01031
69	0.04883	0.01755	0.01916	0.01482	0.02016	0.01892	0.01221	0.53458	0.02937	0.14142	0.02112	0.02041	0.05102	0.00887	0.00698	0.00212	0.00713	0.00678	0.00712	0.01141
70	0.01308	0.01230	0.04799	0.46120	0.03628	0.01314	0.05304	0.01717	0.01459	0.04635	0.04194	0.13150	0.04224	0.01015	0.00749	0.00242	0.00809	0.02916	0.00420	0.00766
71	0.01465	0.01391	0.02359	0.48776	0.28678	0.01589	0.02011	0.01912	0.01465	0.01962	0.01266	0.01812	0.00993	0.00670	0.00695	0.00223	0.00894	0.00621	0.00323	0.00894
72	0.01495	0.01479	0.02076	0.01789	0.01797	0.02061	0.01487	0.01653	0.01072	0.01676	0.00974	0.01600	0.00966	0.01465	0.06562	0.00355	0.69811	0.00619	0.00309	0.00755
73	0.00848	0.00617	0.00800	0.00947	0.01006	0.00569	0.00637	0.00974	0.01360	0.01791	0.04152	0.68545	0.10893	0.02147	0.00884	0.00279	0.00400	0.01935	0.00648	0.00569
74	0.00999	0.00711	0.00928	0.00928	0.00996	0.00765	0.00638	0.01123	0.01088	0.01499	0.02237	0.03795	0.04868	0.39581	0.35913	0.00868	0.01224	0.00908	0.00409	0.00523
75	0.02617	0.01937	0.02074	0.01598	0.02150	0.02147	0.01318	0.66260	0.05875	0.04340	0.01721	0.01712	0.01223	0.00842	0.00699	0.00210	0.00759	0.00635	0.00699	0.01184
76	0.02381	0.01022	0.01379	0.01114	0.01523	0.00897	0.00897	0.02671	0.01990	0.47520	0.26557	0.03368	0.03428	0.01061	0.00744	0.00217	0.00501	0.00898	0.00830	0.01002
77	0.00841	0.00664	0.00759	0.00827	0.00976	0.00582	0.00586	0.01000	0.01494	0.01872	0.07889	0.36209	0.39960	0.01937	0.00853	0.00256	0.00375	0.01686	0.00652	0.00582
78	0.80405	0.01350	0.01026	0.00918	0.01350	0.01565	0.00756	0.02051	0.01188	0.03131	0.00972	0.01134	0.00756	0.00648	0.00432	0.00216	0.00540	0.00378	0.00432	0.00756
79	0.01051	0.00774	0.01022	0.01126	0.01301	0.00745	0.00955	0.01346	0.01649	0.02138	0.12641	0.07325	0.16864	0.01836	0.00920	0.00293	0.00550	0.46168	0.00659	0.00635
80	0.03011	0.01240	0.01635	0.01269	0.01799	0.01121	0.01043	0.05946	0.06971	0.64030	0.02718	0.02365	0.01736	0.00869	0.00702	0.00217	0.00597	0.00705	0.00846	0.01182
81	0.02167	0.10807	0.01984	0.01483	0.01888	0.23364	0.01170	0.19327	0.16940	0.02603	0.01723	0.02003	0.01419	0.08973	0.00963	0.00250	0.00857	0.00621	0.00521	0.00936
82	0.02544	0.03225	0.01937	0.01762	0.02114	0.69896	0.01322	0.02730	0.01977	0.01750	0.03766	0.01411	0.01118	0.00746	0.00637	0.00181	0.01223	0.00481	0.00375	0.00803
83	0.80405	0.01350	0.01026	0.00918	0.01350	0.01565	0.00756	0.02051	0.01188	0.03131	0.00972	0.01134	0.00756	0.00648	0.00432	0.00216	0.00540	0.00378	0.00432	0.00756
84	0.01190	0.00672	0.00940	0.00927	0.00980	0.00676	0.00640	0.01105	0.04585	0.01495	0.07953	0.02709	0.05752	0.02307	0.04505	0.61441	0.00603	0.00729	0.00388	0.00403
85	0.00997	0.00748	0.01121	0.01121	0.01246	0.00872	0.00872	0.01246	0.01121	0.01620	0.01869	0.02741	0.01745	0.05234	0.72710	0.01121	0.01869	0.00748	0.00374	0.00623
86	0.02607	0.03326	0.01978	0.01798	0.02157	0.72674	0.01348	0.02787	0.01978	0.01708	0.01079	0.01258	0.00899	0.00719	0.00629	0.00180	0.01258	0.00449	0.00360	0.00809
87	0.01318	0.01240	0.02093	0.73798	0.04806	0.01550	0.01938	0.01783	0.01395	0.01783	0.01240	0.01860	0.00930	0.00698	0.00698	0.00233	0.00930	0.00620	0.00310	0.00775
88	0.00850	0.00607	0.00810	0.00972	0.01012	0.00567	0.00648	0.00972	0.01336	0.01781	0.03846	0.75020	0.04615	0.02186	0.00891	0.00283	0.00405	0.01984	0.00648	0.00567
89	0.00997	0.00748	0.01121	0.01121	0.01246	0.00872	0.00872	0.01246	0.01121	0.01620	0.01869	0.02741	0.01745	0.05234	0.72710	0.01121	0.01869	0.00748	0.00374	0.00623
90	0.01736	0.01499	0.01578	0.01420	0.01815	0.01736	0.01105	0.03708	0.69862	0.02919	0.02840	0.02604	0.02130	0.00947	0.00710	0.00237	0.00552	0.00789	0.00710	0.01105
91	0.00938	0.00680	0.00885	0.00900	0.01029	0.00627	0.00650	0.01197	0.01761	0.02445	0.47346	0.27017	0.08562	0.01677	0.00844	0.00240	0.00354	0.01495	0.00726	0.00627
92	0.01736	0.01499	0.01578	0.01420	0.01815	0.01736	0.01105	0.03708	0.69862	0.02919	0.02840	0.02604	0.02130	0.00947	0.00710	0.00237	0.00552	0.00789	0.00710	0.01105
93	0.80405	0.01350	0.01026	0.00918	0.01350	0.01565	0.00756	0.02051	0.01188	0.03131	0.00972	0.01134	0.00756	0.00648	0.00432	0.00216	0.00540	0.00378	0.00432	0.00756
94	0.01647	0.01882	0.04118	0.02941	0.03647	0.01765	0.68588	0.02235	0.01647	0.02235	0.01412	0.01882	0.01059	0.00588	0.00824	0.00235	0.01176	0.00824	0.00353	0.00941
95	0.01012	0.00687	0.00814	0.00814	0.00832	0.00705	0.00489	0.01049	0.01030	0.01392	0.02150	0.04299	0.02421	0.65179	0.13689	0.00742	0.00851	0.00976	0.00416	0.00452
96	0.03923	0.00853	0.01030	0.00983	0.01188	0.00846	0.00736	0.01710	0.11848	0.05398	0.42003	0.16142	0.07747	0.01445	0.00799	0.00233	0.00394	0.01266	0.00727	0.00731
97	0.01636	0.40327	0.37216	0.01585	0.02396	0.02200	0.01875	0.02149	0.01445	0.01921	0.01109	0.01294	0.00890	0.00629	0.00554	0.00185	0.00887	0.00443	0.00297	0.00962
98	0.01488	0.17302	0.58941	0.01838	0.02787	0.01837	0.02316	0.02187	0.01463	0.02102	0.01199	0.01406	0.00886	0.00650	0.00622	0.00207	0.00977	0.00489	0.00295	0.01006
99	0.01489	0.14587	0.57588	0.01994	0.06594	0.01798	0.02342	0.02188	0.01471	0.02127	0.01212	0.01433	0.00898	0.00651	0.00632	0.00209	0.00976	0.00500	0.00298	0.01015
100	0.02562	0.01748	0.05448	0.01492	0.02041	0.01746	0.01269	0.35980	0.14368	0.22659	0.02154	0.02020	0.01485	0.00855	0.00699	0.00217	0.00696	0.00671	0.00725	0.01165
101	0.01832	0.12355	0.47204	0.01740	0.02597	0.04465	0.02061	0.02441	0.01585	0.15158	0.01491	0.01589	0.01045	0.00695	0.00642	0.00209	0.00922	0.00530	0.00405	0.01035
102	0.06114	0.06454	0.08701	0.03538	0.52355	0.06645	0.01990	0.02184	0.01573	0.02242	0.01251	0.01603	0.01040	0.00632	0.00655	0.00203	0.00855	0.00572	0.00344	0.01046
103	0.01087	0.00903	0.01521	0.01356	0.01552	0.00974	0.10822	0.01361	0.01202	0.01699	0.01927	0.06454	0.01849	0.09612	0.53280	0.00915	0.01603	0.00842	0.00388	0.00652
104	0.31993	0.01622	0.04401	0.10684	0.02193	0.01723	0.01209	0.25646	0.02043	0.10161	0.01442	0.01555	0.01032	0.00743	0.00596	0.00216	0.00696	0.00535	0.00547	0.00964
105	0.02610	0.01766	0.01955	0.01500	0.02047	0.01886	0.01236	0.53601	0.02957	0.14181	0.03947	0.01877	0.01426	0.00843	0.00693	0.00205	0.00716	0.00648	0.00710	0.05196
106	0.01720	0.01861	0.07583	0.09672	0.51761	0.05878	0.04203	0.02219	0.04249	0.02222	0.01351	0.01732	0.01101	0.00648	0.00691	0.00211	0.00878	0.00617	0.00354	0.01049
107	0.00849	0.00708	0.00741	0.00733	0.00958	0.00600	0.00550	0.01049	0.01649	0.02023	0.16667	0.06489	0.61156	0.01716	0.00824	0.00233	0.00350	0.01441	0.00666	0.00600
108	0.01513	0.02585	0.34120	0.02556	0.09089	0.01645	0.30766	0.02167	0.01552	0.02210	0.01426	0.04507	0.01122	0.00686	0.00743	0.00228	0.01052	0.00713	0.00338	0.00981
109	0.01723	0.01670	0.02903	0.04209	0.67395	0.01664	0.05812	0.02147	0.01592	0.02277	0.01318	0.01736	0.01103	0.00620	0.00698	0.00209	0.00848	0.00633	0.00346	0.01096
110	0.02567	0.01117	0.01474	0.01182	0.01632	0.01011	0.00957	0.02997	0.07870	0.51439	0.16813	0.02981	0.02766	0.00987	0.00728	0.00218	0.00536	0.00825	0.00831	0.01071
111	0.00988	0.00713	0.00933	0.00878	0.01043	0.00658	0.00658	0.01317	0.01975	0.02798	0.70754	0.05213	0.06584	0.01427	0.00823	0.00219	0.00329	0.01262	0.00768	0.00658
112	0.05490	0.01806	0.02130	0.05048	0.19359	0.08499	0.01473	0.27458	0.02320	0.16978	0.01700	0.01775	0.01221	0.00765	0.00680	0.00209	0.00793	0.00614	0.00585	0.01097
113	0.02653	0.01955	0.02094	0.01606	0.02164	0.02164	0.01326	0.68796	0.03281	0.04398	0.01675	0.01675	0.01187	0.00838	0.00698	0.00209	0.00768	0.00628	0.00698	0.01187
114	0.01015	0.00677	0.00761	0.00761	0.00761	0.00677	0.00423	0.01015	0.01015	0.01353	0.02199	0.04567	0.02537	0.75476	0.03552	0.00677	0.00677	0.01015	0.00423	0.00423
115	0.01548	0.01476	0.02326	0.46110	0.25837	0.04102	0.01958	0.04635	0.01554	0.02045	0.01275	0.01789	0.00996	0.00680	0.00693	0.00222	0.00903	0.00615	0.00339	0.00899
116	0.00963	0.00658	0.00773	0.00818	0.00836	0.00643	0.00489	0.01002	0.01122	0.01489	0.02812	0.24157	0.05307	0.52800	0.02727	0.00553	0.00591	0.01298	0.00492	0.00468
117	0.04051	0.00782	0.00806	0.00797	0.01040	0.00707	0.00611	0.01239	0.05375	0.02070	0.11174	0.06215	0.56052	0.01660	0.00810	0.00238	0.00385	0.04705	0.00652	0.00632

[dist]
# distance from previous block
# <min> <max>
0	1

# created by:
# /st0/software/busco_prod/Augustus/scripts/msa2prfl.pl ./align_prep/140331.fa
