[name]
unknown

[dist]
# distance from previous block
# <min> <max>
0	4

[block]
# block no. 0 follows, 28 sequences, length 13
# corresponding to MSA columns:
# 4-16
name=unknown_A
#
# <colnr> <probs for GDERKNQSTAVLIFYWHMCP>
#	G	D	E	R	K	N	Q	S	T	A	V	L	I	F	Y	W	H	M	C	P
0	0.05783	0.14680	0.01935	0.01280	0.01760	0.01372	0.01112	0.02775	0.01843	0.39647	0.02668	0.03464	0.02132	0.01088	0.00732	0.00237	0.00657	0.15080	0.00721	0.01035
1	0.01922	0.17937	0.02717	0.24105	0.24563	0.01851	0.01769	0.02302	0.01618	0.12327	0.01490	0.01801	0.01144	0.00704	0.00667	0.00212	0.00839	0.00602	0.00419	0.01010
2	0.02103	0.02221	0.02620	0.06187	0.43992	0.21468	0.01935	0.06566	0.01874	0.02327	0.01320	0.01663	0.01089	0.00694	0.00702	0.00209	0.00990	0.00597	0.00386	0.01056
3	0.01720	0.01647	0.02808	0.17070	0.57927	0.01706	0.02192	0.02162	0.01618	0.02279	0.01353	0.01825	0.01118	0.00662	0.00721	0.00221	0.00883	0.00647	0.00353	0.01088
4	0.03041	0.01311	0.01877	0.01771	0.12117	0.01168	0.01244	0.03345	0.02016	0.60163	0.02642	0.02372	0.01702	0.00862	0.00729	0.00224	0.00655	0.00718	0.00818	0.01224
5	0.01273	0.00753	0.00999	0.01071	0.01219	0.00691	0.00780	0.01450	0.01545	0.12236	0.04051	0.51377	0.08793	0.02010	0.00902	0.00285	0.00475	0.08685	0.00708	0.00698
6	0.01049	0.00738	0.00961	0.00961	0.01019	0.00796	0.00650	0.01165	0.01107	0.01534	0.02136	0.03904	0.02273	0.43513	0.34134	0.00913	0.01262	0.00932	0.00418	0.00534
7	0.01373	0.01292	0.02180	0.72707	0.05006	0.01615	0.02019	0.01857	0.01453	0.01857	0.01292	0.01938	0.00969	0.00727	0.00727	0.00242	0.00969	0.00646	0.00323	0.00807
8	0.02980	0.12474	0.02089	0.01348	0.01923	0.01537	0.01147	0.13896	0.02210	0.49192	0.02402	0.02157	0.01576	0.00853	0.00690	0.00213	0.00672	0.00667	0.00782	0.01191
9	0.01717	0.01643	0.02802	0.17610	0.57413	0.01706	0.02190	0.02159	0.01616	0.02275	0.01353	0.01826	0.01116	0.00663	0.00721	0.00221	0.00884	0.00647	0.00353	0.01085
10	0.00886	0.00633	0.00843	0.01012	0.01054	0.00590	0.00675	0.01012	0.01392	0.01856	0.04006	0.73979	0.04808	0.02277	0.00928	0.00295	0.00422	0.02066	0.00675	0.00590
11	0.02308	0.02594	0.02467	0.03021	0.32592	0.35817	0.01774	0.06719	0.01965	0.02225	0.01272	0.01557	0.01052	0.00711	0.00689	0.00202	0.01078	0.00561	0.00390	0.01006
12	0.02830	0.01913	0.17187	0.01497	0.02164	0.04682	0.01448	0.03233	0.01957	0.51754	0.02431	0.02206	0.01560	0.00845	0.00718	0.00224	0.00755	0.00675	0.00741	0.01181

[dist]
# distance from previous block
# <min> <max>
1	4

[block]
# block no. 1 follows, 28 sequences, length 51
# corresponding to MSA columns:
# 21-59,68-79
name=unknown_B
#
# <colnr> <probs for GDERKNQSTAVLIFYWHMCP>
#	G	D	E	R	K	N	Q	S	T	A	V	L	I	F	Y	W	H	M	C	P
0	0.01764	0.01726	0.03029	0.03992	0.54987	0.01683	0.11505	0.02213	0.01652	0.02368	0.01376	0.01799	0.01139	0.00634	0.00725	0.00212	0.00890	0.00661	0.00367	0.07277
1	0.01678	0.22592	0.27795	0.02119	0.09295	0.01946	0.12053	0.02222	0.01615	0.03982	0.06823	0.01865	0.01479	0.00725	0.00672	0.00210	0.00924	0.00625	0.00378	0.01001
2	0.01842	0.01729	0.02789	0.03815	0.53203	0.01770	0.05383	0.05567	0.11688	0.02576	0.01627	0.01940	0.01312	0.00707	0.00730	0.00222	0.00836	0.00685	0.00434	0.01146
3	0.01395	0.01324	0.02264	0.68675	0.06889	0.01625	0.03913	0.01882	0.01467	0.01886	0.01299	0.01935	0.00978	0.00721	0.00730	0.00242	0.00973	0.00652	0.00325	0.00823
4	0.00859	0.00736	0.00736	0.00736	0.00982	0.00614	0.00552	0.01043	0.01657	0.01964	0.07364	0.06996	0.69624	0.01841	0.00859	0.00245	0.00368	0.01534	0.00675	0.00614
5	0.02036	0.54648	0.10206	0.01442	0.02064	0.15348	0.01418	0.02322	0.01590	0.01782	0.01061	0.01230	0.00932	0.00652	0.00524	0.00169	0.00905	0.00418	0.00322	0.00931
6	0.02763	0.02036	0.02182	0.01672	0.02254	0.02254	0.01382	0.67496	0.03418	0.04581	0.01745	0.01745	0.01236	0.00873	0.00727	0.00218	0.00800	0.00654	0.00727	0.01236
7	0.01507	0.01292	0.01507	0.01077	0.01723	0.00969	0.00861	0.01830	0.01507	0.02369	0.01292	0.01507	0.01077	0.00538	0.00538	0.00108	0.00538	0.00431	0.00431	0.78898
8	0.00886	0.00633	0.00843	0.01012	0.01054	0.00590	0.00675	0.01012	0.01392	0.01856	0.04006	0.73979	0.04808	0.02277	0.00928	0.00295	0.00422	0.02066	0.00675	0.00590
9	0.01020	0.00743	0.00960	0.00905	0.01081	0.00682	0.00679	0.01355	0.02037	0.02866	0.66337	0.05510	0.10088	0.01504	0.00857	0.00229	0.00344	0.01326	0.00794	0.00682
10	0.01444	0.01330	0.02180	0.69052	0.04865	0.01648	0.01986	0.05235	0.01555	0.01997	0.01315	0.01928	0.00983	0.00734	0.00727	0.00241	0.00960	0.00646	0.00344	0.00830
11	0.01038	0.00779	0.01168	0.01168	0.01298	0.00909	0.00909	0.01298	0.01168	0.01687	0.01947	0.02856	0.01817	0.05452	0.71573	0.01168	0.01947	0.00779	0.00389	0.00649
12	0.02654	0.09115	0.02198	0.01823	0.02217	0.66104	0.01392	0.02845	0.02014	0.01774	0.01115	0.01299	0.00936	0.00739	0.00640	0.00185	0.01269	0.00462	0.00370	0.00850
13	0.01534	0.14957	0.60160	0.01941	0.02945	0.01875	0.02459	0.02282	0.01526	0.02209	0.01258	0.01477	0.00923	0.00680	0.00655	0.00218	0.01028	0.00514	0.00308	0.01052
14	0.01890	0.01586	0.01704	0.01462	0.01723	0.07170	0.01140	0.25737	0.02093	0.02766	0.02217	0.13121	0.05134	0.12317	0.01549	0.00323	0.15691	0.00948	0.00561	0.00868
15	0.01915	0.70799	0.07657	0.01291	0.01939	0.02808	0.01327	0.02184	0.01480	0.01744	0.01027	0.01187	0.00932	0.00626	0.00479	0.00160	0.00794	0.00397	0.00311	0.00941
16	0.01720	0.01950	0.04226	0.03130	0.06928	0.01833	0.64201	0.02324	0.01713	0.02331	0.01466	0.01953	0.01105	0.00614	0.00851	0.00244	0.01208	0.00848	0.00367	0.00988
17	0.01507	0.01292	0.01507	0.01077	0.01723	0.00969	0.00861	0.01830	0.01507	0.02369	0.01292	0.01507	0.01077	0.00538	0.00538	0.00108	0.00538	0.00431	0.00431	0.78898
18	0.01018	0.00734	0.00962	0.00922	0.01083	0.00678	0.00685	0.01344	0.02005	0.02832	0.64405	0.10798	0.06698	0.01548	0.00863	0.00234	0.00349	0.01373	0.00790	0.00678
19	0.01355	0.00678	0.00678	0.00678	0.00847	0.00678	0.00508	0.01694	0.01524	0.02710	0.02371	0.02710	0.01863	0.00847	0.00508	0.00169	0.00339	0.00678	0.78489	0.00678
20	0.01422	0.01358	0.02341	0.64059	0.10032	0.01634	0.05131	0.01909	0.01482	0.01920	0.01306	0.01928	0.00990	0.00715	0.00732	0.00240	0.00973	0.00656	0.00328	0.00843
21	0.00989	0.00741	0.00917	0.00873	0.01062	0.00669	0.00655	0.01295	0.01964	0.02694	0.55085	0.05794	0.21448	0.01569	0.00858	0.00233	0.00349	0.01366	0.00771	0.00669
22	0.01355	0.00678	0.00678	0.00678	0.00847	0.00678	0.00508	0.01694	0.01524	0.02710	0.02371	0.02710	0.01863	0.00847	0.00508	0.00169	0.00339	0.00678	0.78489	0.00678
23	0.05347	0.53345	0.03243	0.01395	0.01946	0.20621	0.01267	0.02363	0.01618	0.01792	0.01040	0.01204	0.00928	0.00657	0.00515	0.00167	0.00907	0.00409	0.00333	0.00903
24	0.01029	0.00745	0.00913	0.00895	0.01083	0.00683	0.00687	0.01333	0.01886	0.02607	0.43553	0.05845	0.20795	0.01568	0.00844	0.00238	0.00380	0.07405	0.06842	0.00667
25	0.01203	0.00783	0.01021	0.00939	0.01145	0.00714	0.00712	0.01536	0.02046	0.08333	0.62067	0.05244	0.08557	0.01451	0.00847	0.00229	0.00366	0.01275	0.00804	0.00728
26	0.00893	0.00644	0.00847	0.01007	0.01064	0.00599	0.00683	0.01028	0.01414	0.01870	0.04175	0.68623	0.08131	0.02247	0.00926	0.00294	0.00426	0.03861	0.00675	0.00594
27	0.01732	0.01659	0.02829	0.15205	0.59701	0.01709	0.02197	0.02172	0.01623	0.02293	0.01355	0.01821	0.01123	0.00660	0.00721	0.00220	0.00880	0.00647	0.00354	0.01097
28	0.02763	0.02036	0.02182	0.01672	0.02254	0.02254	0.01382	0.67496	0.03418	0.04581	0.01745	0.01745	0.01236	0.00873	0.00727	0.00218	0.00800	0.00654	0.00727	0.01236
29	0.01531	0.17572	0.53968	0.01850	0.02789	0.01870	0.02300	0.02230	0.01550	0.02217	0.04758	0.01663	0.01229	0.00718	0.00655	0.00215	0.00978	0.00548	0.00333	0.01027
30	0.02623	0.01929	0.02077	0.01607	0.02149	0.02127	0.01317	0.62100	0.03274	0.04395	0.05027	0.02023	0.01554	0.03352	0.00832	0.00235	0.00775	0.00700	0.00721	0.01183
31	0.01499	0.04619	0.01993	0.01588	0.01881	0.01214	0.15129	0.01781	0.01564	0.10549	0.07903	0.30080	0.03082	0.01660	0.04409	0.00308	0.08062	0.01296	0.00580	0.00802
32	0.01263	0.00631	0.00947	0.00947	0.00947	0.00631	0.00631	0.00947	0.00947	0.01263	0.01263	0.02210	0.01263	0.02525	0.02841	0.78851	0.00631	0.00631	0.00316	0.00316
33	0.05384	0.42381	0.05267	0.01352	0.01973	0.02143	0.06384	0.02159	0.01538	0.06175	0.01521	0.01658	0.04268	0.00686	0.00552	0.00168	0.00742	0.00514	0.00396	0.14741
34	0.14764	0.01190	0.01485	0.01185	0.01672	0.01099	0.00968	0.03002	0.01946	0.49981	0.12484	0.02713	0.02394	0.00952	0.00706	0.00225	0.00569	0.00765	0.00815	0.01085
35	0.01590	0.01590	0.02226	0.01908	0.01908	0.02226	0.01590	0.01749	0.01113	0.01749	0.00954	0.01590	0.00954	0.01272	0.02385	0.00318	0.73123	0.00636	0.00318	0.00795
36	0.01695	0.02103	0.09542	0.02985	0.03747	0.01826	0.62169	0.02326	0.01701	0.02326	0.01457	0.01927	0.01089	0.00619	0.00845	0.00244	0.01214	0.00832	0.00363	0.00988
37	0.02561	0.01121	0.01479	0.01200	0.01641	0.01002	0.00964	0.05939	0.02068	0.47257	0.14485	0.08748	0.05948	0.01149	0.00774	0.00232	0.00553	0.00968	0.00847	0.01064
38	0.02688	0.01999	0.02139	0.01657	0.02225	0.02219	0.01363	0.62461	0.08575	0.04459	0.01841	0.01822	0.01314	0.00882	0.00728	0.00220	0.00782	0.00668	0.00728	0.01229
39	0.01458	0.01289	0.02158	0.69467	0.04864	0.01590	0.01976	0.01934	0.01482	0.04968	0.01363	0.01962	0.01007	0.00735	0.00727	0.00241	0.00953	0.00650	0.00349	0.00827
40	0.01779	0.01706	0.02913	0.07747	0.66795	0.01722	0.02221	0.02213	0.01645	0.02350	0.01364	0.01806	0.01143	0.00651	0.00720	0.00217	0.00869	0.00648	0.00358	0.01135
41	0.01590	0.01590	0.02226	0.01908	0.01908	0.02226	0.01590	0.01749	0.01113	0.01749	0.00954	0.01590	0.00954	0.01272	0.02385	0.00318	0.73123	0.00636	0.00318	0.00795
42	0.01577	0.01560	0.02277	0.11803	0.07658	0.02104	0.01699	0.01802	0.01202	0.01813	0.01033	0.01654	0.00972	0.01149	0.02028	0.00300	0.57585	0.00638	0.00322	0.00825
43	0.01458	0.03760	0.70688	0.02072	0.03146	0.01688	0.02686	0.02302	0.01535	0.02302	0.01304	0.01535	0.00921	0.00691	0.00691	0.00230	0.01074	0.00537	0.00307	0.01074
44	0.03187	0.01341	0.04534	0.01325	0.01909	0.01094	0.01135	0.03491	0.02058	0.67612	0.02803	0.02435	0.01763	0.00891	0.00729	0.00225	0.00637	0.00723	0.00875	0.01230
45	0.00881	0.00737	0.00766	0.00759	0.00995	0.00623	0.00569	0.01085	0.01708	0.02084	0.15232	0.06797	0.61681	0.01796	0.00859	0.00243	0.00365	0.01506	0.00691	0.00623
46	0.02253	0.13413	0.05972	0.02000	0.09312	0.31344	0.04634	0.11993	0.02055	0.02310	0.01738	0.01892	0.06388	0.00814	0.00672	0.00200	0.01020	0.00608	0.00435	0.00947
47	0.02624	0.03198	0.02091	0.01975	0.05718	0.60524	0.01433	0.06484	0.05538	0.02029	0.01265	0.01432	0.01030	0.00763	0.00667	0.00193	0.01222	0.00506	0.00412	0.00896
48	0.00902	0.00656	0.00839	0.00963	0.01036	0.00606	0.00651	0.01046	0.01458	0.01930	0.09472	0.57807	0.12103	0.05590	0.01046	0.00304	0.00423	0.01900	0.00674	0.00593
49	0.01766	0.01693	0.02890	0.09806	0.64836	0.01718	0.02214	0.02202	0.01639	0.02334	0.01361	0.01810	0.01137	0.00654	0.00720	0.00218	0.00872	0.00648	0.00357	0.01124
50	0.03218	0.01348	0.01724	0.01331	0.01888	0.03352	0.01095	0.06819	0.02149	0.64864	0.02755	0.02400	0.01743	0.00894	0.00728	0.00223	0.00650	0.00719	0.00874	0.01225

[dist]
# distance from previous block
# <min> <max>
0	1

[block]
# block no. 2 follows, 28 sequences, length 9
# corresponding to MSA columns:
# 81-89
name=unknown_C
#
# <colnr> <probs for GDERKNQSTAVLIFYWHMCP>
#	G	D	E	R	K	N	Q	S	T	A	V	L	I	F	Y	W	H	M	C	P
0	0.03261	0.01237	0.01687	0.01293	0.01856	0.01068	0.01068	0.03543	0.02081	0.70423	0.02868	0.02474	0.01799	0.00900	0.00731	0.00225	0.00619	0.00731	0.00900	0.01237
1	0.13767	0.01299	0.01595	0.01268	0.01797	0.01236	0.01039	0.03384	0.09925	0.52961	0.02619	0.02322	0.01708	0.00879	0.00693	0.00228	0.00605	0.00695	0.00818	0.01164
2	0.45827	0.01406	0.01510	0.04611	0.09869	0.01517	0.01094	0.02535	0.04239	0.18823	0.01581	0.01653	0.01134	0.00739	0.00572	0.00225	0.00630	0.00531	0.00551	0.00952
3	0.01830	0.01470	0.01710	0.10354	0.07958	0.09684	0.01254	0.08512	0.01908	0.11575	0.14564	0.11732	0.06176	0.01192	0.00906	0.00239	0.06475	0.00980	0.00598	0.00882
4	0.02078	0.02181	0.02310	0.02304	0.14473	0.22861	0.09272	0.08089	0.15525	0.02478	0.01862	0.04933	0.01568	0.00877	0.00735	0.00222	0.00943	0.03308	0.00500	0.03482
5	0.08956	0.01728	0.02300	0.23548	0.05605	0.10013	0.13285	0.06286	0.09769	0.02480	0.07432	0.02176	0.01656	0.00807	0.00729	0.00231	0.00903	0.00719	0.00466	0.00910
6	0.10922	0.01238	0.01502	0.09713	0.01976	0.04336	0.03937	0.02031	0.01715	0.11127	0.18678	0.02742	0.02635	0.00900	0.00672	0.00198	0.00603	0.00754	0.07343	0.16979
7	0.02298	0.11866	0.05327	0.01625	0.02076	0.34394	0.01335	0.13446	0.07077	0.02491	0.09544	0.01971	0.01788	0.00856	0.00675	0.00200	0.00977	0.00620	0.00500	0.00934
8	0.02207	0.05120	0.02030	0.02001	0.11507	0.38229	0.01367	0.06802	0.06086	0.02267	0.09825	0.02283	0.05420	0.00899	0.00702	0.00204	0.00985	0.00682	0.00482	0.00903

[dist]
# distance from previous block
# <min> <max>
0	37

[block]
# block no. 3 follows, 28 sequences, length 15
# corresponding to MSA columns:
# 154-168
name=unknown_D
#
# <colnr> <probs for GDERKNQSTAVLIFYWHMCP>
#	G	D	E	R	K	N	Q	S	T	A	V	L	I	F	Y	W	H	M	C	P
0	0.02144	0.01551	0.01943	0.01551	0.02068	0.01582	0.07061	0.18081	0.21098	0.13731	0.02342	0.05146	0.01823	0.00934	0.00733	0.00220	0.00685	0.03370	0.00675	0.13262
1	0.07125	0.01918	0.02341	0.01770	0.02366	0.02050	0.10012	0.49117	0.02916	0.07158	0.01697	0.01763	0.01211	0.00813	0.00720	0.00217	0.00822	0.00659	0.00658	0.04666
2	0.02794	0.01987	0.02151	0.01649	0.02230	0.02182	0.01362	0.63584	0.03336	0.08608	0.01814	0.01790	0.01271	0.00874	0.00727	0.00219	0.00789	0.00659	0.00738	0.01236
3	0.31281	0.01138	0.01273	0.01152	0.01476	0.01215	0.04744	0.01913	0.06778	0.02895	0.23952	0.06703	0.03446	0.01177	0.00711	0.00244	0.00537	0.07978	0.00616	0.00772
4	0.00886	0.00633	0.00843	0.01012	0.01054	0.00590	0.00675	0.01012	0.01392	0.01856	0.04006	0.73979	0.04808	0.02277	0.00928	0.00295	0.00422	0.02066	0.00675	0.00590
5	0.01507	0.01292	0.01507	0.01077	0.01723	0.00969	0.00861	0.01830	0.01507	0.02369	0.01292	0.01507	0.01077	0.00538	0.00538	0.00108	0.00538	0.00431	0.00431	0.78898
6	0.01964	0.01391	0.01627	0.01215	0.01809	0.01203	0.00979	0.14142	0.01937	0.12605	0.01728	0.05001	0.01381	0.00732	0.00619	0.00154	0.00593	0.00590	0.00564	0.49766
7	0.13804	0.28363	0.02537	0.04489	0.02103	0.33899	0.01282	0.02488	0.01706	0.01978	0.01074	0.01267	0.00914	0.00692	0.00561	0.00184	0.00996	0.00436	0.00361	0.00865
8	0.01057	0.00705	0.00793	0.00793	0.00793	0.00705	0.00440	0.01057	0.01057	0.01409	0.02290	0.04757	0.02643	0.74454	0.03700	0.00705	0.00705	0.01057	0.00440	0.00440
9	0.01057	0.00705	0.00793	0.00793	0.00793	0.00705	0.00440	0.01057	0.01057	0.01409	0.02290	0.04757	0.02643	0.74454	0.03700	0.00705	0.00705	0.01057	0.00440	0.00440
10	0.01845	0.60467	0.17370	0.01412	0.02125	0.02635	0.01536	0.02202	0.01489	0.01830	0.01070	0.01241	0.00930	0.00636	0.00512	0.00171	0.00838	0.00419	0.00310	0.00962
11	0.02374	0.07348	0.02471	0.02059	0.05389	0.44937	0.10705	0.05824	0.04624	0.02060	0.01317	0.01564	0.01075	0.00951	0.03969	0.00244	0.01221	0.00564	0.00401	0.00904
12	0.04887	0.04587	0.02622	0.05986	0.02588	0.13975	0.17387	0.06330	0.04630	0.05524	0.01376	0.01719	0.01100	0.00858	0.01146	0.00241	0.19589	0.00648	0.00421	0.04385
13	0.08505	0.14664	0.31416	0.01701	0.04998	0.07378	0.01775	0.02196	0.01586	0.04691	0.04276	0.04459	0.04638	0.00825	0.00649	0.00211	0.00868	0.00634	0.00404	0.04128
14	0.01935	0.01484	0.01915	0.01742	0.07683	0.01525	0.06211	0.08787	0.28398	0.11068	0.05431	0.06636	0.02120	0.00950	0.00736	0.00223	0.00650	0.00829	0.00657	0.11021

[dist]
# distance from previous block
# <min> <max>
32	183

[block]
# block no. 4 follows, 28 sequences, length 98
# corresponding to MSA columns:
# 356-453
name=unknown_E
#
# <colnr> <probs for GDERKNQSTAVLIFYWHMCP>
#	G	D	E	R	K	N	Q	S	T	A	V	L	I	F	Y	W	H	M	C	P
0	0.01241	0.01011	0.04842	0.01064	0.01353	0.00837	0.02883	0.01659	0.04683	0.07682	0.45818	0.05045	0.16220	0.01412	0.00835	0.00232	0.00443	0.01232	0.00744	0.00763
1	0.01829	0.01790	0.02902	0.04153	0.61206	0.04253	0.04737	0.02346	0.05251	0.02387	0.01448	0.01837	0.01199	0.00668	0.00724	0.00218	0.00879	0.00659	0.00381	0.01133
2	0.75407	0.01400	0.01128	0.04791	0.01598	0.01630	0.00853	0.02122	0.01249	0.03186	0.01027	0.01221	0.00797	0.00678	0.00465	0.00226	0.00584	0.00407	0.00443	0.00788
3	0.03024	0.01589	0.04992	0.01409	0.01975	0.06231	0.01196	0.08109	0.05707	0.53949	0.02593	0.02307	0.01678	0.00882	0.00724	0.00223	0.00700	0.00702	0.00813	0.01197
4	0.00886	0.00633	0.00843	0.01012	0.01054	0.00590	0.00675	0.01012	0.01392	0.01856	0.04006	0.73979	0.04808	0.02277	0.00928	0.00295	0.00422	0.02066	0.00675	0.00590
5	0.01507	0.01292	0.01507	0.01077	0.01723	0.00969	0.00861	0.01830	0.01507	0.02369	0.01292	0.01507	0.01077	0.00538	0.00538	0.00108	0.00538	0.00431	0.00431	0.78898
6	0.01906	0.02899	0.44169	0.01889	0.02758	0.01631	0.04901	0.06641	0.08784	0.14670	0.01790	0.01857	0.01240	0.00767	0.00712	0.00231	0.00930	0.00622	0.00486	0.01117
7	0.79588	0.01406	0.01068	0.00956	0.01406	0.01631	0.00787	0.02137	0.01237	0.03261	0.01012	0.01181	0.00787	0.00675	0.00450	0.00225	0.00562	0.00394	0.00450	0.00787
8	0.01057	0.00705	0.00793	0.00793	0.00793	0.00705	0.00440	0.01057	0.01057	0.01409	0.02290	0.04757	0.02643	0.74454	0.03700	0.00705	0.00705	0.01057	0.00440	0.00440
9	0.01057	0.00705	0.00793	0.00793	0.00793	0.00705	0.00440	0.01057	0.01057	0.01409	0.02290	0.04757	0.02643	0.74454	0.03700	0.00705	0.00705	0.01057	0.00440	0.00440
10	0.01943	0.74891	0.03809	0.01244	0.01866	0.02876	0.01244	0.02177	0.01477	0.01710	0.01011	0.01166	0.00933	0.00622	0.00466	0.00155	0.00777	0.00389	0.00311	0.00933
11	0.02592	0.14972	0.02348	0.01763	0.02186	0.57657	0.01378	0.05360	0.02020	0.01880	0.01130	0.01305	0.00948	0.00733	0.00628	0.00183	0.01204	0.00463	0.00378	0.00873
12	0.01799	0.01727	0.02950	0.04462	0.69919	0.01727	0.02231	0.02231	0.01655	0.02375	0.01367	0.01799	0.01151	0.00648	0.00720	0.00216	0.00864	0.00648	0.00360	0.01151
13	0.01676	0.35729	0.40630	0.01700	0.02571	0.02222	0.02038	0.02246	0.01509	0.02036	0.01172	0.01369	0.00926	0.00660	0.00590	0.00197	0.00941	0.00470	0.00309	0.01011
14	0.03261	0.01237	0.01687	0.01293	0.01856	0.01068	0.01068	0.03543	0.02081	0.70423	0.02868	0.02474	0.01799	0.00900	0.00731	0.00225	0.00619	0.00731	0.00900	0.01237
15	0.01943	0.74891	0.03809	0.01244	0.01866	0.02876	0.01244	0.02177	0.01477	0.01710	0.01011	0.01166	0.00933	0.00622	0.00466	0.00155	0.00777	0.00389	0.00311	0.00933
16	0.00886	0.00633	0.00843	0.01012	0.01054	0.00590	0.00675	0.01012	0.01392	0.01856	0.04006	0.73979	0.04808	0.02277	0.00928	0.00295	0.00422	0.02066	0.00675	0.00590
17	0.01364	0.01200	0.01887	0.51952	0.03944	0.01435	0.01679	0.06304	0.01579	0.02049	0.01920	0.17742	0.01831	0.01077	0.00771	0.00252	0.00837	0.00958	0.00429	0.00790
18	0.03261	0.01237	0.01687	0.01293	0.01856	0.01068	0.01068	0.03543	0.02081	0.70423	0.02868	0.02474	0.01799	0.00900	0.00731	0.00225	0.00619	0.00731	0.00900	0.01237
19	0.01398	0.01326	0.02185	0.64647	0.04654	0.01685	0.01970	0.01845	0.01415	0.01845	0.01254	0.01898	0.00967	0.00789	0.00916	0.00251	0.09183	0.00645	0.00322	0.00806
20	0.79588	0.01406	0.01068	0.00956	0.01406	0.01631	0.00787	0.02137	0.01237	0.03261	0.01012	0.01181	0.00787	0.00675	0.00450	0.00225	0.00562	0.00394	0.00450	0.00787
21	0.00859	0.00736	0.00736	0.00736	0.00982	0.00614	0.00552	0.01043	0.01657	0.01964	0.07364	0.06996	0.69624	0.01841	0.00859	0.00245	0.00368	0.01534	0.00675	0.00614
22	0.01761	0.01739	0.05659	0.03292	0.43059	0.01718	0.01861	0.02723	0.22836	0.02599	0.04052	0.02192	0.01661	0.00784	0.00729	0.00227	0.00766	0.00719	0.00492	0.01133
23	0.01252	0.01031	0.01229	0.01031	0.01445	0.00817	0.00777	0.01500	0.01479	0.02168	0.02639	0.26179	0.07264	0.01215	0.00692	0.00180	0.00487	0.01058	0.00530	0.47028
24	0.01029	0.00743	0.00972	0.00914	0.01086	0.00686	0.00686	0.01372	0.02058	0.02915	0.69536	0.05430	0.06859	0.01486	0.00857	0.00229	0.00343	0.01315	0.00800	0.00686
25	0.01799	0.01727	0.02950	0.04462	0.69919	0.01727	0.02231	0.02231	0.01655	0.02375	0.01367	0.01799	0.01151	0.00648	0.00720	0.00216	0.00864	0.00648	0.00360	0.01151
26	0.01356	0.01146	0.01337	0.01030	0.01555	0.00881	0.00803	0.01638	0.01510	0.02258	0.02319	0.11286	0.09264	0.00905	0.00624	0.00147	0.00504	0.00762	0.00489	0.60188
27	0.01943	0.74891	0.03809	0.01244	0.01866	0.02876	0.01244	0.02177	0.01477	0.01710	0.01011	0.01166	0.00933	0.00622	0.00466	0.00155	0.00777	0.00389	0.00311	0.00933
28	0.00974	0.00741	0.00895	0.00857	0.01052	0.00662	0.00643	0.01265	0.01928	0.02607	0.49385	0.05937	0.27202	0.01601	0.00858	0.00234	0.00351	0.01386	0.00760	0.00662
29	0.01799	0.01727	0.02950	0.04462	0.69919	0.01727	0.02231	0.02231	0.01655	0.02375	0.01367	0.01799	0.01151	0.00648	0.00720	0.00216	0.00864	0.00648	0.00360	0.01151
30	0.01943	0.74891	0.03809	0.01244	0.01866	0.02876	0.01244	0.02177	0.01477	0.01710	0.01011	0.01166	0.00933	0.00622	0.00466	0.00155	0.00777	0.00389	0.00311	0.00933
31	0.01458	0.03760	0.70688	0.02072	0.03146	0.01688	0.02686	0.02302	0.01535	0.02302	0.01304	0.01535	0.00921	0.00691	0.00691	0.00230	0.01074	0.00537	0.00307	0.01074
32	0.01038	0.00779	0.01168	0.01168	0.01298	0.00909	0.00909	0.01298	0.01168	0.01687	0.01947	0.02856	0.01817	0.05452	0.71573	0.01168	0.01947	0.00779	0.00389	0.00649
33	0.01799	0.01727	0.02950	0.04462	0.69919	0.01727	0.02231	0.02231	0.01655	0.02375	0.01367	0.01799	0.01151	0.00648	0.00720	0.00216	0.00864	0.00648	0.00360	0.01151
34	0.01458	0.03760	0.70688	0.02072	0.03146	0.01688	0.02686	0.02302	0.01535	0.02302	0.01304	0.01535	0.00921	0.00691	0.00691	0.00230	0.01074	0.00537	0.00307	0.01074
35	0.01056	0.00709	0.00813	0.00813	0.00820	0.00716	0.00466	0.01070	0.01063	0.01424	0.02272	0.04654	0.02598	0.70719	0.07373	0.00730	0.00772	0.01042	0.00438	0.00452
36	0.01458	0.03760	0.70688	0.02072	0.03146	0.01688	0.02686	0.02302	0.01535	0.02302	0.01304	0.01535	0.00921	0.00691	0.00691	0.00230	0.01074	0.00537	0.00307	0.01074
37	0.01799	0.01727	0.02950	0.04462	0.69919	0.01727	0.02231	0.02231	0.01655	0.02375	0.01367	0.01799	0.01151	0.00648	0.00720	0.00216	0.00864	0.00648	0.00360	0.01151
38	0.00886	0.00633	0.00843	0.01012	0.01054	0.00590	0.00675	0.01012	0.01392	0.01856	0.04006	0.73979	0.04808	0.02277	0.00928	0.00295	0.00422	0.02066	0.00675	0.00590
39	0.00859	0.00736	0.00736	0.00736	0.00982	0.00614	0.00552	0.01043	0.01657	0.01964	0.07364	0.06996	0.69624	0.01841	0.00859	0.00245	0.00368	0.01534	0.00675	0.00614
40	0.01716	0.01961	0.04289	0.03064	0.03799	0.01838	0.67279	0.02328	0.01716	0.02328	0.01471	0.01961	0.01103	0.00613	0.00858	0.00245	0.01225	0.00858	0.00368	0.00980
41	0.01492	0.08815	0.65935	0.02013	0.03055	0.01773	0.02583	0.02293	0.01531	0.02260	0.01284	0.01508	0.00922	0.00686	0.00675	0.00225	0.01053	0.00527	0.00307	0.01064
42	0.01943	0.74891	0.03809	0.01244	0.01866	0.02876	0.01244	0.02177	0.01477	0.01710	0.01011	0.01166	0.00933	0.00622	0.00466	0.00155	0.00777	0.00389	0.00311	0.00933
43	0.00886	0.00633	0.00843	0.01012	0.01054	0.00590	0.00675	0.01012	0.01392	0.01856	0.04006	0.73979	0.04808	0.02277	0.00928	0.00295	0.00422	0.02066	0.00675	0.00590
44	0.01811	0.01799	0.03506	0.06360	0.32256	0.01745	0.33526	0.02325	0.01696	0.05532	0.01485	0.01914	0.01151	0.00646	0.00787	0.00231	0.01031	0.00753	0.00388	0.01059
45	0.04049	0.03009	0.50424	0.01938	0.02809	0.01535	0.08496	0.02145	0.01629	0.02438	0.12599	0.02208	0.01916	0.00814	0.00726	0.00231	0.00951	0.00692	0.00399	0.00991
46	0.01029	0.00743	0.00972	0.00914	0.01086	0.00686	0.00686	0.01372	0.02058	0.02915	0.69536	0.05430	0.06859	0.01486	0.00857	0.00229	0.00343	0.01315	0.00800	0.00686
47	0.01943	0.74891	0.03809	0.01244	0.01866	0.02876	0.01244	0.02177	0.01477	0.01710	0.01011	0.01166	0.00933	0.00622	0.00466	0.00155	0.00777	0.00389	0.00311	0.00933
48	0.02525	0.21583	0.02530	0.01678	0.02150	0.42429	0.01359	0.13403	0.02135	0.02225	0.01197	0.01346	0.00985	0.00737	0.00619	0.00184	0.01089	0.00479	0.00417	0.00931
49	0.01373	0.01292	0.02180	0.72707	0.05006	0.01615	0.02019	0.01857	0.01453	0.01857	0.01292	0.01938	0.00969	0.00727	0.00727	0.00242	0.00969	0.00646	0.00323	0.00807
50	0.00973	0.00689	0.00916	0.01066	0.01133	0.00662	0.00767	0.01135	0.01422	0.01883	0.03780	0.50681	0.04420	0.10173	0.01252	0.00350	0.00512	0.16948	0.00648	0.00593
51	0.01458	0.03760	0.70688	0.02072	0.03146	0.01688	0.02686	0.02302	0.01535	0.02302	0.01304	0.01535	0.00921	0.00691	0.00691	0.00230	0.01074	0.00537	0.00307	0.01074
52	0.01458	0.03760	0.70688	0.02072	0.03146	0.01688	0.02686	0.02302	0.01535	0.02302	0.01304	0.01535	0.00921	0.00691	0.00691	0.00230	0.01074	0.00537	0.00307	0.01074
53	0.01458	0.03760	0.70688	0.02072	0.03146	0.01688	0.02686	0.02302	0.01535	0.02302	0.01304	0.01535	0.00921	0.00691	0.00691	0.00230	0.01074	0.00537	0.00307	0.01074
54	0.01458	0.03760	0.70688	0.02072	0.03146	0.01688	0.02686	0.02302	0.01535	0.02302	0.01304	0.01535	0.00921	0.00691	0.00691	0.00230	0.01074	0.00537	0.00307	0.01074
55	0.00929	0.00740	0.00834	0.00821	0.01021	0.00665	0.00608	0.01141	0.01654	0.02107	0.20232	0.06087	0.44270	0.07517	0.07817	0.00364	0.00538	0.01378	0.00658	0.00620
56	0.01927	0.72491	0.06066	0.01272	0.01909	0.02836	0.01292	0.02181	0.01479	0.01730	0.01020	0.01178	0.00932	0.00624	0.00474	0.00158	0.00787	0.00394	0.00311	0.00938
57	0.03261	0.01237	0.01687	0.01293	0.01856	0.01068	0.01068	0.03543	0.02081	0.70423	0.02868	0.02474	0.01799	0.00900	0.00731	0.00225	0.00619	0.00731	0.00900	0.01237
58	0.03261	0.01237	0.01687	0.01293	0.01856	0.01068	0.01068	0.03543	0.02081	0.70423	0.02868	0.02474	0.01799	0.00900	0.00731	0.00225	0.00619	0.00731	0.00900	0.01237
59	0.01478	0.06744	0.67882	0.02037	0.03092	0.01738	0.02625	0.02297	0.01532	0.02277	0.01292	0.01519	0.00921	0.00688	0.00681	0.00227	0.01062	0.00531	0.00307	0.01068
60	0.01281	0.00972	0.01242	0.01327	0.01539	0.01018	0.01115	0.01964	0.15565	0.02384	0.07582	0.09990	0.03965	0.01778	0.00937	0.00308	0.00619	0.44957	0.00692	0.00766
61	0.00859	0.00736	0.00736	0.00736	0.00982	0.00614	0.00552	0.01043	0.01657	0.01964	0.07364	0.06996	0.69624	0.01841	0.00859	0.00245	0.00368	0.01534	0.00675	0.00614
62	0.01467	0.03696	0.68328	0.02107	0.03169	0.01693	0.04981	0.02303	0.01541	0.02303	0.01310	0.01550	0.00927	0.00688	0.00697	0.00231	0.01080	0.00549	0.00309	0.01071
63	0.01440	0.03633	0.67763	0.02023	0.03060	0.01646	0.02602	0.02263	0.01557	0.02328	0.04167	0.01698	0.01170	0.00724	0.00698	0.00230	0.01044	0.00570	0.00328	0.01058
64	0.02360	0.02306	0.31559	0.01624	0.02385	0.01328	0.01761	0.02884	0.01795	0.37184	0.02141	0.02088	0.01420	0.01055	0.04547	0.00278	0.00888	0.00650	0.00615	0.01135
65	0.01381	0.03222	0.58252	0.01865	0.02779	0.01509	0.02329	0.02136	0.01628	0.02411	0.13475	0.02229	0.01980	0.00832	0.00720	0.00230	0.00944	0.00676	0.00395	0.01005
66	0.02346	0.01886	0.02375	0.01827	0.02391	0.02036	0.12208	0.43286	0.13607	0.03836	0.02160	0.02184	0.04590	0.00894	0.00757	0.00228	0.00814	0.00757	0.00667	0.01151
67	0.01172	0.00844	0.01174	0.12813	0.01764	0.00841	0.00915	0.01494	0.01836	0.06130	0.40918	0.14339	0.10029	0.01466	0.00839	0.00241	0.00474	0.01294	0.00700	0.00717
68	0.01484	0.07610	0.67068	0.02027	0.03077	0.01752	0.02608	0.02295	0.01532	0.02270	0.01289	0.01515	0.00921	0.00687	0.00678	0.00226	0.01058	0.00529	0.00307	0.01067
69	0.01716	0.01961	0.04289	0.03064	0.03799	0.01838	0.67279	0.02328	0.01716	0.02328	0.01471	0.01961	0.01103	0.00613	0.00858	0.00245	0.01225	0.00858	0.00368	0.00980
70	0.01579	0.01503	0.02553	0.39664	0.36436	0.01669	0.02121	0.02038	0.01551	0.02108	0.01328	0.01871	0.01057	0.00688	0.00723	0.00229	0.00918	0.00647	0.00341	0.00974
71	0.15867	0.01413	0.01503	0.01265	0.01683	0.01527	0.01013	0.19498	0.15724	0.10057	0.17351	0.02923	0.05087	0.01035	0.00714	0.00229	0.00577	0.00828	0.00712	0.00994
72	0.01044	0.00764	0.01101	0.01108	0.01236	0.00867	0.00849	0.01291	0.01209	0.01748	0.02251	0.05722	0.04370	0.07398	0.60220	0.01033	0.01704	0.00858	0.04587	0.00640
73	0.01512	0.01402	0.02322	0.42027	0.25979	0.01589	0.01953	0.02011	0.04207	0.02101	0.04281	0.02080	0.01339	0.00801	0.00798	0.02752	0.00881	0.00681	0.00372	0.00914
74	0.04642	0.03582	0.62100	0.02057	0.03060	0.04977	0.05064	0.02325	0.01555	0.02317	0.01291	0.01527	0.00923	0.00690	0.00686	0.00229	0.01071	0.00541	0.00318	0.01048
75	0.01612	0.01536	0.02613	0.34384	0.41458	0.01678	0.02138	0.02067	0.01567	0.02148	0.01334	0.01860	0.01071	0.00682	0.00723	0.00227	0.00910	0.00647	0.00344	0.01001
76	0.01003	0.00723	0.00949	0.00932	0.01080	0.00669	0.00684	0.01308	0.01939	0.02726	0.57847	0.17657	0.06493	0.01627	0.00870	0.00241	0.00357	0.01449	0.00778	0.00669
77	0.01472	0.03677	0.67910	0.02170	0.05884	0.01690	0.02667	0.02299	0.01540	0.02305	0.01307	0.01546	0.00930	0.00689	0.00692	0.00230	0.01066	0.00542	0.00309	0.01077
78	0.01198	0.00959	0.04320	0.01169	0.01396	0.00828	0.00986	0.01537	0.04216	0.05777	0.04354	0.20110	0.17474	0.04088	0.01002	0.00305	0.00571	0.28343	0.00663	0.00704
79	0.00907	0.00645	0.00854	0.01014	0.01059	0.00607	0.00683	0.01035	0.01385	0.01845	0.03908	0.67582	0.04666	0.06124	0.01079	0.00319	0.00447	0.04594	0.00662	0.00586
80	0.01585	0.01487	0.02523	0.35324	0.37749	0.01634	0.02072	0.02011	0.01536	0.02096	0.01329	0.01878	0.01073	0.00757	0.00805	0.03289	0.00902	0.00646	0.00341	0.00963
81	0.01596	0.01520	0.02584	0.36902	0.39063	0.01674	0.02130	0.02053	0.01559	0.02129	0.01332	0.01865	0.01065	0.00685	0.00723	0.00228	0.00914	0.00647	0.00342	0.00988
82	0.01696	0.01622	0.02765	0.20914	0.54270	0.01700	0.02180	0.02141	0.01607	0.02250	0.01349	0.01833	0.01107	0.00667	0.00721	0.00222	0.00889	0.00647	0.00351	0.01069
83	0.01751	0.01678	0.02863	0.12225	0.62535	0.01714	0.02207	0.02188	0.01632	0.02316	0.01359	0.01815	0.01131	0.00657	0.00720	0.00219	0.00876	0.00647	0.00356	0.01112
84	0.01114	0.00830	0.01190	0.03893	0.05175	0.00827	0.01087	0.01387	0.01567	0.02065	0.03679	0.30363	0.04123	0.01983	0.00953	0.00311	0.00605	0.37534	0.00642	0.00673
85	0.01493	0.08935	0.65822	0.02012	0.03053	0.01775	0.02581	0.02293	0.01530	0.02259	0.01283	0.01508	0.00922	0.00686	0.00674	0.00225	0.01053	0.00526	0.00307	0.01064
86	0.00914	0.00639	0.00857	0.01003	0.01050	0.00598	0.00673	0.01030	0.01407	0.01886	0.07729	0.66046	0.04737	0.02244	0.01027	0.04543	0.00428	0.01944	0.00663	0.00581
87	0.01784	0.01860	0.09182	0.06783	0.51269	0.01661	0.06452	0.02253	0.01659	0.05531	0.01620	0.01982	0.03250	0.00701	0.00731	0.00222	0.00885	0.00682	0.00389	0.01106
88	0.03063	0.01275	0.01679	0.01309	0.01848	0.01155	0.01074	0.05888	0.07068	0.60781	0.04983	0.02560	0.01973	0.00924	0.00736	0.00226	0.00613	0.00754	0.00878	0.01213
89	0.03015	0.01391	0.01795	0.01473	0.04315	0.01317	0.01159	0.12191	0.08049	0.53221	0.02671	0.02372	0.01737	0.00895	0.00731	0.00226	0.00648	0.00726	0.00843	0.01226
90	0.01728	0.01653	0.02368	0.39498	0.22704	0.07046	0.01946	0.07610	0.04233	0.02269	0.01401	0.01864	0.01087	0.00728	0.00720	0.00229	0.00937	0.00640	0.00387	0.00956
91	0.02345	0.01582	0.01821	0.05323	0.02092	0.01699	0.01221	0.38831	0.05485	0.13262	0.02384	0.16291	0.02056	0.01153	0.00768	0.00237	0.00698	0.00953	0.00720	0.01081
92	0.09476	0.01771	0.01826	0.01456	0.01978	0.09599	0.01182	0.25871	0.02458	0.31458	0.02147	0.04150	0.01507	0.00896	0.00703	0.00220	0.00751	0.00686	0.00733	0.01133
93	0.01705	0.01485	0.04708	0.08721	0.40702	0.01413	0.01796	0.02083	0.01630	0.08803	0.02079	0.15010	0.01971	0.01028	0.00769	0.00238	0.00769	0.03605	0.00476	0.01009
94	0.15438	0.01457	0.02253	0.38453	0.07341	0.01690	0.10249	0.02165	0.07460	0.02300	0.01408	0.01856	0.01075	0.00739	0.00749	0.00241	0.03216	0.00644	0.00391	0.00875
95	0.10711	0.01966	0.02150	0.14819	0.06329	0.10308	0.04039	0.32366	0.04815	0.03343	0.01520	0.01713	0.01128	0.00792	0.00694	0.00222	0.00878	0.00616	0.00548	0.01044
96	0.01695	0.01609	0.02735	0.26845	0.42036	0.01718	0.05602	0.04885	0.01667	0.02295	0.01364	0.01851	0.01092	0.00682	0.00730	0.00226	0.00915	0.00659	0.00364	0.01032
97	0.11677	0.04257	0.16281	0.01640	0.04992	0.01712	0.01480	0.16194	0.15322	0.10420	0.03997	0.05393	0.01692	0.00902	0.00693	0.00230	0.00734	0.00717	0.00597	0.01070

[dist]
# distance from previous block
# <min> <max>
0	2

[block]
# block no. 5 follows, 28 sequences, length 6
# corresponding to MSA columns:
# 456-461
name=unknown_F
#
# <colnr> <probs for GDERKNQSTAVLIFYWHMCP>
#	G	D	E	R	K	N	Q	S	T	A	V	L	I	F	Y	W	H	M	C	P
0	0.02423	0.01979	0.02222	0.02104	0.14229	0.06654	0.01466	0.42900	0.02761	0.03709	0.01577	0.01694	0.01180	0.00780	0.00696	0.00201	0.00811	0.00611	0.00599	0.11401
1	0.04429	0.11276	0.27990	0.08044	0.14993	0.01786	0.09570	0.02362	0.01609	0.09143	0.01447	0.01702	0.01073	0.00689	0.00687	0.00221	0.00946	0.00599	0.00390	0.01046
2	0.07185	0.08463	0.04360	0.01012	0.01311	0.01037	0.00840	0.01637	0.01772	0.07709	0.33807	0.09706	0.12365	0.04597	0.00902	0.00249	0.00482	0.01145	0.00669	0.00751
3	0.02083	0.12612	0.01943	0.04947	0.01897	0.01550	0.01101	0.18389	0.02183	0.16195	0.14885	0.08266	0.02630	0.01034	0.00714	0.00210	0.00631	0.00849	0.00662	0.07217
4	0.21407	0.09054	0.04321	0.08416	0.13281	0.04231	0.01316	0.05098	0.06996	0.04960	0.07021	0.02346	0.07018	0.00869	0.00647	0.00220	0.00699	0.00684	0.00496	0.00919
5	0.01811	0.02080	0.09845	0.03553	0.42269	0.07079	0.12310	0.02355	0.04353	0.02341	0.01419	0.01785	0.01144	0.00664	0.00727	0.00217	0.00952	0.00654	0.00375	0.04068

[dist]
# distance from previous block
# <min> <max>
7	13

[block]
# block no. 6 follows, 28 sequences, length 17
# corresponding to MSA columns:
# 476-492
name=unknown_G
#
# <colnr> <probs for GDERKNQSTAVLIFYWHMCP>
#	G	D	E	R	K	N	Q	S	T	A	V	L	I	F	Y	W	H	M	C	P
0	0.02068	0.56677	0.07692	0.01377	0.02019	0.02684	0.01360	0.14519	0.01847	0.02289	0.01168	0.01299	0.00989	0.00674	0.00530	0.00172	0.00800	0.00448	0.00389	0.00999
1	0.11250	0.43683	0.11518	0.01393	0.02043	0.02464	0.01395	0.14398	0.01819	0.02505	0.01185	0.01322	0.00971	0.00684	0.00541	0.00185	0.00793	0.00457	0.00405	0.00990
2	0.01784	0.51550	0.25755	0.01516	0.02286	0.02486	0.01717	0.02218	0.01496	0.01904	0.01107	0.01287	0.00929	0.00644	0.00540	0.00180	0.00875	0.00437	0.00310	0.00979
3	0.02271	0.27399	0.06620	0.03799	0.02178	0.02286	0.01378	0.32825	0.02444	0.05431	0.05483	0.01779	0.01454	0.00807	0.00642	0.00199	0.00780	0.00596	0.00555	0.01075
4	0.04754	0.56858	0.11614	0.01335	0.01972	0.04828	0.01375	0.02168	0.01528	0.01912	0.05010	0.01463	0.01268	0.00686	0.00522	0.00172	0.00798	0.00463	0.00346	0.00927
5	0.04896	0.06167	0.55247	0.01927	0.02878	0.01794	0.02351	0.08877	0.04687	0.02580	0.01398	0.01579	0.01005	0.00719	0.00678	0.00227	0.00992	0.00550	0.00374	0.01076
6	0.02368	0.25225	0.05227	0.01635	0.02121	0.40919	0.01374	0.06639	0.01931	0.01960	0.01353	0.01501	0.03351	0.00754	0.00610	0.00183	0.01073	0.00495	0.00385	0.00896
7	0.01431	0.08360	0.01383	0.01065	0.01251	0.01199	0.00767	0.13675	0.01617	0.02140	0.02395	0.17875	0.02612	0.35428	0.05265	0.00495	0.00727	0.01108	0.00527	0.00679
8	0.02619	0.05722	0.01884	0.01545	0.05808	0.01461	0.01190	0.07388	0.18620	0.38710	0.02665	0.02611	0.01880	0.00935	0.00728	0.00230	0.00645	0.03417	0.00774	0.01169
9	0.01036	0.00748	0.00982	0.00937	0.01108	0.00694	0.00712	0.01379	0.02037	0.02875	0.66029	0.05578	0.06716	0.01514	0.00865	0.00234	0.00360	0.04716	0.00793	0.00685
10	0.01943	0.74891	0.03809	0.01244	0.01866	0.02876	0.01244	0.02177	0.01477	0.01710	0.01011	0.01166	0.00933	0.00622	0.00466	0.00155	0.00777	0.00389	0.00311	0.00933
11	0.01263	0.00631	0.00947	0.00947	0.00947	0.00631	0.00631	0.00947	0.00947	0.01263	0.01263	0.02210	0.01263	0.02525	0.02841	0.78851	0.00631	0.00631	0.00316	0.00316
12	0.01373	0.01292	0.02180	0.72707	0.05006	0.01615	0.02019	0.01857	0.01453	0.01857	0.01292	0.01938	0.00969	0.00727	0.00727	0.00242	0.00969	0.00646	0.00323	0.00807
13	0.03261	0.01237	0.01687	0.01293	0.01856	0.01068	0.01068	0.03543	0.02081	0.70423	0.02868	0.02474	0.01799	0.00900	0.00731	0.00225	0.00619	0.00731	0.00900	0.01237
14	0.01746	0.01876	0.03805	0.03570	0.27725	0.01798	0.43741	0.02293	0.01694	0.02345	0.01433	0.01902	0.01120	0.00625	0.00808	0.00235	0.01095	0.00782	0.00365	0.01042
15	0.01590	0.01590	0.02226	0.01908	0.01908	0.02226	0.01590	0.01749	0.01113	0.01749	0.00954	0.01590	0.00954	0.01272	0.02385	0.00318	0.73123	0.00636	0.00318	0.00795
16	0.00893	0.00639	0.00850	0.01007	0.01056	0.00596	0.00675	0.01032	0.01428	0.01913	0.07573	0.70249	0.04919	0.02234	0.00924	0.00292	0.00417	0.02026	0.00682	0.00596

[dist]
# distance from previous block
# <min> <max>
0	0

# created by:
# /st0/software/busco_prod/Augustus/scripts/msa2prfl.pl ./align_prep/140535.fa
