[name]
unknown

[dist]
# distance from previous block
# <min> <max>
9	83

[block]
# block no. 0 follows, 29 sequences, length 164
# corresponding to MSA columns:
# 94-257
name=unknown_A
#
# <colnr> <probs for GDERKNQSTAVLIFYWHMCP>
#	G	D	E	R	K	N	Q	S	T	A	V	L	I	F	Y	W	H	M	C	P
0	0.21474	0.05813	0.01767	0.05873	0.07782	0.17772	0.01193	0.02332	0.04463	0.08429	0.04041	0.01896	0.03711	0.00963	0.03283	0.00242	0.03551	0.00581	0.00465	0.04368
1	0.01922	0.01440	0.01780	0.04475	0.01940	0.01559	0.03525	0.25139	0.04549	0.08048	0.09313	0.07395	0.05173	0.03947	0.01052	0.00247	0.09785	0.00854	0.00613	0.07245
2	0.01802	0.07067	0.02003	0.07699	0.12816	0.07243	0.01346	0.15729	0.10713	0.02677	0.09760	0.02373	0.01992	0.01558	0.11733	0.00357	0.00937	0.00722	0.00525	0.00948
3	0.01677	0.01537	0.05432	0.11546	0.06032	0.01505	0.18741	0.10304	0.01780	0.05405	0.04286	0.02302	0.04292	0.00998	0.03603	0.00259	0.05620	0.00748	0.10432	0.03500
4	0.02365	0.01900	0.01921	0.01536	0.02042	0.07725	0.01237	0.45185	0.09896	0.03717	0.01892	0.06636	0.01508	0.00918	0.00704	0.00209	0.00753	0.00715	0.00654	0.08486
5	0.01604	0.01299	0.01795	0.07670	0.18709	0.04266	0.03622	0.06576	0.04253	0.08367	0.05899	0.20418	0.10023	0.01252	0.00781	0.00238	0.00666	0.01115	0.00566	0.00882
6	0.01096	0.00839	0.01029	0.01018	0.01173	0.00855	0.00750	0.06801	0.01609	0.02139	0.11951	0.26911	0.19365	0.06817	0.10585	0.00403	0.03987	0.01403	0.00613	0.00656
7	0.01654	0.29516	0.17044	0.01701	0.04797	0.02089	0.05178	0.05005	0.01517	0.02043	0.04244	0.04353	0.01376	0.01042	0.04070	0.00255	0.12228	0.00613	0.00366	0.00911
8	0.02360	0.01826	0.02064	0.01986	0.12798	0.06064	0.01389	0.38713	0.08113	0.08128	0.01969	0.07838	0.01585	0.00938	0.00724	0.00220	0.00763	0.00762	0.00643	0.01116
9	0.02660	0.03394	0.02018	0.01834	0.02201	0.72116	0.01376	0.02843	0.02018	0.01743	0.01101	0.01284	0.00917	0.00734	0.00642	0.00183	0.01284	0.00459	0.00367	0.00825
10	0.01457	0.01461	0.02822	0.17559	0.13880	0.01470	0.28925	0.01883	0.01532	0.02069	0.01840	0.15317	0.01737	0.00996	0.00873	0.03018	0.00926	0.00975	0.00404	0.00858
11	0.01451	0.01252	0.04202	0.01954	0.17448	0.02675	0.03793	0.03953	0.03663	0.05681	0.10945	0.23449	0.03011	0.04360	0.00963	0.00259	0.03715	0.01146	0.05250	0.00831
12	0.00868	0.00620	0.00826	0.00991	0.01033	0.00578	0.00661	0.00991	0.01363	0.01818	0.03925	0.74510	0.04710	0.02231	0.00909	0.00289	0.00413	0.02024	0.00661	0.00578
13	0.11697	0.02438	0.01911	0.01790	0.06944	0.34517	0.01306	0.17732	0.02155	0.02673	0.04695	0.01647	0.01294	0.00803	0.00706	0.00203	0.03566	0.00557	0.02448	0.00917
14	0.10455	0.24668	0.23220	0.01851	0.09176	0.04448	0.04027	0.02201	0.01510	0.04632	0.03718	0.01563	0.01165	0.00709	0.00669	0.00204	0.03937	0.00525	0.00366	0.00956
15	0.00876	0.00623	0.00824	0.00981	0.01020	0.00584	0.00650	0.00994	0.01347	0.01796	0.03841	0.71047	0.04604	0.05838	0.01043	0.00309	0.00427	0.01975	0.00650	0.00571
16	0.02540	0.01838	0.02000	0.01558	0.02063	0.02028	0.01270	0.60528	0.03073	0.04119	0.01656	0.01761	0.01214	0.01039	0.00947	0.09188	0.00765	0.00639	0.00667	0.01109
17	0.01775	0.01742	0.02771	0.04117	0.64700	0.05145	0.02087	0.02177	0.01641	0.02283	0.01534	0.01918	0.03547	0.00680	0.00707	0.00211	0.00851	0.00656	0.00364	0.01094
18	0.05050	0.01615	0.01684	0.01400	0.01806	0.04713	0.01114	0.42164	0.02600	0.03554	0.02152	0.16312	0.01946	0.01264	0.03088	0.00255	0.00725	0.00906	0.06663	0.00991
19	0.80005	0.01377	0.01047	0.00936	0.01377	0.01597	0.00771	0.02093	0.01212	0.03195	0.00991	0.01157	0.00771	0.00661	0.00441	0.00220	0.00551	0.00386	0.00441	0.00771
20	0.01426	0.01664	0.10078	0.48909	0.04325	0.01662	0.13868	0.01944	0.01460	0.01944	0.01280	0.01840	0.00967	0.00718	0.00821	0.00241	0.05024	0.00658	0.00322	0.00849
21	0.01037	0.00846	0.00933	0.00907	0.01138	0.00807	0.00679	0.01550	0.12714	0.02320	0.21997	0.11532	0.37680	0.01616	0.00828	0.00241	0.00392	0.01380	0.00702	0.00703
22	0.01983	0.62491	0.06589	0.01338	0.01935	0.12037	0.01304	0.02233	0.01526	0.01711	0.01018	0.01178	0.00914	0.00629	0.00492	0.00160	0.00845	0.00398	0.00313	0.00908
23	0.01589	0.17070	0.53173	0.01807	0.02726	0.01817	0.02232	0.02262	0.01533	0.05381	0.03308	0.01590	0.01114	0.00696	0.00642	0.00211	0.00955	0.00530	0.00343	0.01022
24	0.03195	0.01212	0.01652	0.01267	0.01818	0.01047	0.01047	0.03470	0.02038	0.71026	0.02809	0.02424	0.01763	0.00881	0.00716	0.00220	0.00606	0.00716	0.00881	0.01212
25	0.05255	0.01300	0.02194	0.62121	0.04518	0.01567	0.06806	0.01841	0.01431	0.01922	0.01350	0.04179	0.01070	0.00749	0.00714	0.00238	0.00931	0.00680	0.00337	0.00796
26	0.01667	0.01698	0.03176	0.03445	0.35916	0.01712	0.25596	0.02121	0.01579	0.02225	0.01439	0.02034	0.01211	0.00909	0.03869	0.00272	0.07091	0.02674	0.00362	0.01004
27	0.00949	0.00683	0.00914	0.01051	0.01142	0.00648	0.00778	0.01146	0.01504	0.01999	0.10397	0.48791	0.07299	0.02074	0.00918	0.00291	0.00464	0.17673	0.00672	0.00607
28	0.01036	0.00690	0.00777	0.00777	0.00777	0.00690	0.00431	0.01036	0.01036	0.01381	0.02244	0.04660	0.02589	0.74975	0.03624	0.00690	0.00690	0.01036	0.00431	0.00431
29	0.01867	0.69852	0.08960	0.01281	0.01925	0.02727	0.01328	0.02142	0.01451	0.01720	0.01012	0.01170	0.00913	0.00614	0.00474	0.00158	0.00784	0.00392	0.00304	0.00925
30	0.01826	0.02151	0.15281	0.05847	0.39831	0.08271	0.04898	0.02299	0.01671	0.06370	0.03810	0.01846	0.01292	0.00697	0.00705	0.00215	0.00912	0.00635	0.00390	0.01055
31	0.01137	0.00812	0.01135	0.01299	0.01458	0.00810	0.01129	0.01456	0.01628	0.02119	0.03776	0.10616	0.04122	0.01977	0.00981	0.00326	0.00646	0.63264	0.00656	0.00653
32	0.01591	0.01316	0.01507	0.01130	0.01696	0.01113	0.00895	0.09187	0.05631	0.02545	0.01545	0.04405	0.01330	0.03418	0.00689	0.00154	0.00560	0.00551	0.00481	0.60258
33	0.01607	0.11462	0.40607	0.01981	0.06616	0.04352	0.06255	0.06129	0.01626	0.02288	0.01414	0.03428	0.01118	0.00920	0.03744	0.00253	0.00999	0.00593	0.03617	0.00990
34	0.01447	0.01370	0.02320	0.56401	0.20968	0.01609	0.02028	0.01909	0.01472	0.01943	0.01284	0.01865	0.00993	0.00693	0.00710	0.00231	0.00924	0.00633	0.00325	0.00873
35	0.01904	0.75404	0.03731	0.01218	0.01828	0.02818	0.01218	0.02132	0.01447	0.01675	0.00990	0.01142	0.00914	0.00609	0.00457	0.00152	0.00761	0.00381	0.00305	0.00914
36	0.05346	0.03430	0.62833	0.02106	0.05925	0.01657	0.04487	0.02245	0.01499	0.02305	0.01271	0.01510	0.00911	0.00672	0.00671	0.00225	0.01023	0.00533	0.00312	0.01039
37	0.01041	0.00709	0.00871	0.00871	0.00911	0.00743	0.00556	0.01121	0.01081	0.01498	0.02156	0.04091	0.02346	0.53754	0.21839	0.00793	0.01003	0.00950	0.03173	0.00494
38	0.02157	0.01679	0.01796	0.01508	0.01975	0.01893	0.01203	0.26230	0.43461	0.06335	0.02480	0.02317	0.01821	0.00924	0.00720	0.00231	0.00642	0.00744	0.00727	0.01160
39	0.01237	0.00618	0.00928	0.00928	0.00928	0.00618	0.00618	0.00928	0.00928	0.01237	0.01237	0.02165	0.01237	0.02474	0.02783	0.79283	0.00618	0.00618	0.00309	0.00309
40	0.02589	0.03244	0.01985	0.01803	0.02173	0.66466	0.01356	0.02919	0.07418	0.01842	0.01245	0.01394	0.01018	0.00752	0.00649	0.00188	0.01226	0.00486	0.00396	0.00850
41	0.01675	0.01446	0.01519	0.01374	0.01760	0.01651	0.01067	0.03499	0.62282	0.02870	0.03343	0.03089	0.09185	0.01052	0.00737	0.00241	0.00543	0.00877	0.00718	0.01073
42	0.01108	0.00804	0.01095	0.01242	0.01410	0.00790	0.01071	0.01415	0.01630	0.02101	0.04127	0.09822	0.10880	0.01958	0.00967	0.00318	0.00619	0.57340	0.00656	0.00648
43	0.00856	0.00722	0.00741	0.00736	0.00971	0.00607	0.00552	0.01049	0.01657	0.02003	0.12602	0.06722	0.64806	0.01774	0.00841	0.00239	0.00359	0.01484	0.00672	0.00607
44	0.05463	0.01364	0.01666	0.01309	0.01810	0.01332	0.01071	0.19181	0.04474	0.41866	0.10527	0.02556	0.02197	0.00938	0.00721	0.00220	0.00614	0.00757	0.00807	0.01129
45	0.19768	0.01247	0.01522	0.01196	0.01723	0.01165	0.00987	0.03173	0.01860	0.56391	0.02417	0.02150	0.01549	0.00834	0.00657	0.00220	0.00594	0.00645	0.00786	0.01117
46	0.01027	0.00760	0.01129	0.01129	0.01257	0.00883	0.00878	0.01284	0.01156	0.01685	0.01921	0.02793	0.01782	0.05197	0.69868	0.01113	0.01857	0.00760	0.02887	0.00637
47	0.08209	0.01291	0.01608	0.01260	0.01764	0.01224	0.01033	0.13184	0.02182	0.48397	0.10006	0.02547	0.02160	0.00926	0.00710	0.00220	0.00600	0.00745	0.00814	0.01121
48	0.05381	0.05607	0.02016	0.01725	0.02118	0.55303	0.01323	0.09661	0.04012	0.02116	0.01235	0.01409	0.01007	0.00899	0.03006	0.00220	0.01186	0.00492	0.00415	0.00870
49	0.06190	0.01670	0.04002	0.01433	0.01935	0.01705	0.01199	0.40899	0.02717	0.14782	0.10753	0.05396	0.02129	0.00981	0.00724	0.00220	0.00679	0.00780	0.00720	0.01088
50	0.72439	0.01410	0.01153	0.03680	0.01559	0.01633	0.00851	0.06039	0.01348	0.03221	0.01045	0.01218	0.00804	0.00674	0.00467	0.00221	0.00580	0.00410	0.00452	0.00798
51	0.01530	0.01517	0.02274	0.54164	0.17518	0.07168	0.01971	0.01972	0.01509	0.01912	0.01267	0.01823	0.00982	0.00698	0.00705	0.00228	0.00955	0.00619	0.00327	0.00860
52	0.00926	0.00665	0.00858	0.00959	0.01030	0.00616	0.00640	0.01059	0.01378	0.01866	0.08881	0.57012	0.04445	0.11348	0.01233	0.00327	0.00447	0.01772	0.00631	0.03905
53	0.02037	0.04213	0.01647	0.04860	0.01846	0.07962	0.01077	0.14679	0.11205	0.15798	0.21293	0.03093	0.05135	0.01046	0.00738	0.00218	0.00636	0.00858	0.00697	0.00962
54	0.01504	0.15044	0.60585	0.01901	0.02883	0.01838	0.02407	0.02236	0.01494	0.02163	0.01232	0.01446	0.00904	0.00666	0.00642	0.00214	0.01006	0.00503	0.00301	0.01030
55	0.03195	0.01212	0.01652	0.01267	0.01818	0.01047	0.01047	0.03470	0.02038	0.71026	0.02809	0.02424	0.01763	0.00881	0.00716	0.00220	0.00606	0.00716	0.00881	0.01212
56	0.01507	0.01531	0.05045	0.35305	0.31521	0.01587	0.04954	0.01964	0.01530	0.02070	0.01622	0.02093	0.04729	0.00732	0.00720	0.00227	0.00890	0.00685	0.00351	0.00937
57	0.01635	0.02211	0.18410	0.06219	0.23154	0.01727	0.31594	0.02227	0.01613	0.02269	0.01368	0.01782	0.01050	0.00632	0.00759	0.00228	0.01054	0.00702	0.00343	0.01022
58	0.00893	0.00647	0.00844	0.00957	0.01035	0.00598	0.00656	0.01061	0.01504	0.02024	0.16863	0.57149	0.09020	0.02056	0.00892	0.00274	0.00395	0.01851	0.00685	0.00598
59	0.01026	0.00686	0.00780	0.00789	0.00792	0.00684	0.00445	0.01033	0.01055	0.01406	0.02342	0.08750	0.02713	0.70716	0.03465	0.00667	0.00674	0.01093	0.00445	0.00440
60	0.01882	0.13283	0.13235	0.07826	0.07756	0.20704	0.03173	0.05045	0.01666	0.02029	0.01343	0.04222	0.01156	0.00963	0.03298	0.00243	0.07277	0.00593	0.03416	0.00889
61	0.10354	0.06132	0.45098	0.07765	0.05737	0.01679	0.02145	0.04727	0.01568	0.06525	0.01343	0.01555	0.00965	0.00692	0.00648	0.00221	0.00929	0.00533	0.00370	0.01012
62	0.01869	0.01504	0.01471	0.01301	0.01643	0.09799	0.00994	0.06724	0.29656	0.10541	0.11649	0.03192	0.05936	0.09263	0.01057	0.00278	0.00642	0.00868	0.00671	0.00942
63	0.01623	0.01355	0.01554	0.01132	0.01751	0.01116	0.00909	0.09241	0.03846	0.02582	0.01367	0.01540	0.01108	0.00578	0.00554	0.00122	0.00557	0.00458	0.00464	0.68142
64	0.01458	0.01259	0.01300	0.01348	0.06739	0.09071	0.00931	0.09477	0.03417	0.02391	0.11366	0.11913	0.16884	0.05221	0.05178	0.00304	0.00675	0.02674	0.07634	0.00759
65	0.01668	0.01596	0.02720	0.19933	0.55708	0.01667	0.02138	0.02103	0.01577	0.02212	0.01323	0.01793	0.01088	0.00652	0.00707	0.00217	0.00869	0.00634	0.00344	0.01052
66	0.02601	0.02244	0.02058	0.01661	0.02170	0.17001	0.01335	0.47692	0.09826	0.03750	0.01702	0.01716	0.01247	0.00841	0.00699	0.00210	0.00867	0.00619	0.00640	0.01121
67	0.02487	0.01657	0.01836	0.01453	0.01953	0.01777	0.01177	0.39666	0.12952	0.15650	0.02121	0.02153	0.01541	0.04542	0.00847	0.00238	0.00692	0.00694	0.03467	0.03098
68	0.00871	0.00721	0.00751	0.00744	0.00965	0.00614	0.00551	0.01060	0.01640	0.02006	0.14328	0.06565	0.59461	0.05391	0.00979	0.00261	0.00374	0.01454	0.00664	0.00601
69	0.01906	0.01597	0.01686	0.01476	0.01903	0.01834	0.01160	0.13097	0.59713	0.03197	0.02726	0.02520	0.02034	0.00950	0.00723	0.00237	0.00595	0.00781	0.00723	0.01139
70	0.01237	0.00618	0.00928	0.00928	0.00928	0.00618	0.00618	0.00928	0.00928	0.01237	0.01237	0.02165	0.01237	0.02474	0.02783	0.79283	0.00618	0.00618	0.00309	0.00309
71	0.02655	0.02347	0.02083	0.01683	0.02192	0.20783	0.01350	0.48111	0.05734	0.03695	0.01597	0.01636	0.01173	0.00827	0.00694	0.00207	0.00908	0.00599	0.00621	0.01105
72	0.02668	0.01778	0.01971	0.01538	0.02076	0.01919	0.01261	0.49584	0.08214	0.16231	0.02064	0.04004	0.01486	0.00908	0.00720	0.00219	0.00724	0.00707	0.00742	0.01186
73	0.00870	0.00625	0.00826	0.00982	0.01032	0.00581	0.00658	0.01001	0.01387	0.01847	0.05681	0.70889	0.06583	0.02199	0.00905	0.00286	0.00410	0.01991	0.00664	0.00581
74	0.00861	0.00722	0.00749	0.00742	0.00974	0.00610	0.00557	0.01060	0.01670	0.02034	0.14681	0.06671	0.62708	0.01762	0.00841	0.00238	0.00358	0.01477	0.00676	0.00610
75	0.02373	0.01708	0.01837	0.01454	0.01932	0.01884	0.01188	0.52084	0.05304	0.04005	0.01858	0.01946	0.01370	0.01077	0.04221	0.00253	0.00760	0.00657	0.12994	0.01093
76	0.80005	0.01377	0.01047	0.00936	0.01377	0.01597	0.00771	0.02093	0.01212	0.03195	0.00991	0.01157	0.00771	0.00661	0.00441	0.00220	0.00551	0.00386	0.00441	0.00771
77	0.01044	0.00791	0.01152	0.01138	0.01246	0.00928	0.00871	0.01266	0.01130	0.01626	0.01899	0.02941	0.01829	0.12657	0.61579	0.01057	0.05056	0.00786	0.00384	0.00620
78	0.01396	0.00730	0.00737	0.00712	0.00898	0.00740	0.00540	0.04956	0.01585	0.02746	0.02292	0.02608	0.01795	0.00831	0.00508	0.00168	0.00354	0.00663	0.75050	0.00691
79	0.01662	0.01652	0.02408	0.30204	0.34198	0.08255	0.01942	0.02140	0.04388	0.02090	0.01428	0.03897	0.01186	0.00733	0.00708	0.00222	0.00902	0.00664	0.00364	0.00955
80	0.03499	0.01503	0.01608	0.01448	0.01596	0.12032	0.01134	0.06470	0.01437	0.01918	0.01786	0.05628	0.04433	0.10341	0.18013	0.00513	0.24727	0.00772	0.00412	0.00729
81	0.68626	0.01600	0.08055	0.04350	0.01707	0.01602	0.01011	0.02097	0.01250	0.03039	0.01032	0.01225	0.00792	0.00665	0.00476	0.00222	0.00619	0.00411	0.00421	0.00800
82	0.01411	0.00915	0.01057	0.03641	0.01274	0.00972	0.00754	0.11766	0.01639	0.02442	0.02283	0.06804	0.02132	0.18426	0.08790	0.00413	0.00693	0.04299	0.29596	0.00693
83	0.06251	0.11902	0.42402	0.02180	0.13853	0.01749	0.02142	0.02185	0.01496	0.02256	0.01234	0.01479	0.00944	0.00650	0.00629	0.00205	0.00914	0.00510	0.00327	0.06692
84	0.04282	0.09343	0.01373	0.01031	0.01324	0.05349	0.00821	0.05583	0.03704	0.04313	0.17957	0.06611	0.24377	0.04176	0.04045	0.00282	0.00594	0.03485	0.00612	0.00737
85	0.01457	0.07978	0.67241	0.01981	0.03007	0.01723	0.02546	0.02248	0.01500	0.02220	0.01261	0.01482	0.00903	0.00672	0.00663	0.00221	0.01035	0.00517	0.00301	0.01044
86	0.21355	0.01328	0.01549	0.01226	0.01748	0.01300	0.01010	0.08781	0.03927	0.47129	0.02284	0.02067	0.01491	0.00829	0.00651	0.00220	0.00607	0.00634	0.00757	0.01105
87	0.00995	0.00673	0.00789	0.00829	0.00838	0.00663	0.00487	0.01025	0.01115	0.01486	0.02649	0.21524	0.03101	0.57412	0.02969	0.00593	0.00623	0.01274	0.00487	0.00467
88	0.06267	0.13414	0.31295	0.10073	0.05344	0.04494	0.04748	0.08112	0.01668	0.02360	0.02975	0.01610	0.01093	0.00719	0.00696	0.00216	0.03020	0.00556	0.00368	0.00973
89	0.00903	0.00631	0.00838	0.00986	0.01027	0.00595	0.00661	0.01008	0.01334	0.01777	0.03704	0.64970	0.04413	0.06742	0.01158	0.03600	0.00447	0.04015	0.00632	0.00561
90	0.01034	0.00696	0.00806	0.00806	0.00816	0.00706	0.00468	0.01054	0.01044	0.01403	0.02217	0.04510	0.02524	0.69373	0.09137	0.00727	0.00788	0.01014	0.00427	0.00448
91	0.01400	0.00881	0.01253	0.11758	0.01686	0.00957	0.00919	0.08908	0.01309	0.01742	0.01429	0.04911	0.01349	0.02136	0.05102	0.51959	0.00733	0.00684	0.00374	0.00510
92	0.03598	0.02205	0.19235	0.04409	0.03125	0.01728	0.34625	0.09477	0.01763	0.02477	0.01573	0.06870	0.01292	0.00788	0.00832	0.00239	0.03588	0.00803	0.00406	0.00967
93	0.01147	0.00820	0.01147	0.01311	0.01475	0.00820	0.01147	0.01475	0.01639	0.02131	0.03770	0.08032	0.04098	0.01967	0.00984	0.00328	0.00656	0.65741	0.00656	0.00656
94	0.04395	0.01724	0.03592	0.10581	0.03549	0.01673	0.52802	0.02117	0.01591	0.02200	0.01489	0.04598	0.01196	0.00756	0.00898	0.03649	0.01095	0.00835	0.00367	0.00893
95	0.01385	0.00987	0.01176	0.01115	0.01294	0.01046	0.00813	0.17045	0.01738	0.02375	0.02642	0.27679	0.02819	0.16763	0.13813	0.00494	0.00813	0.01219	0.04071	0.00714
96	0.06266	0.14280	0.47562	0.01805	0.02672	0.01763	0.05133	0.02222	0.01501	0.05063	0.01406	0.04742	0.01110	0.00740	0.00648	0.00217	0.00937	0.00584	0.00353	0.00995
97	0.80005	0.01377	0.01047	0.00936	0.01377	0.01597	0.00771	0.02093	0.01212	0.03195	0.00991	0.01157	0.00771	0.00661	0.00441	0.00220	0.00551	0.00386	0.00441	0.00771
98	0.01414	0.01575	0.07389	0.10259	0.02722	0.01577	0.23686	0.01811	0.01381	0.01931	0.01647	0.02312	0.03816	0.06069	0.13586	0.00437	0.16448	0.00772	0.00360	0.00808
99	0.01609	0.01521	0.02356	0.29658	0.33728	0.04151	0.01913	0.04998	0.01642	0.02185	0.01712	0.02334	0.04434	0.00796	0.00725	0.00227	0.00866	0.03812	0.00385	0.00947
100	0.01434	0.01215	0.01420	0.01040	0.01622	0.00924	0.00818	0.01729	0.01452	0.02259	0.01409	0.04335	0.01261	0.03993	0.00683	0.00139	0.00531	0.00509	0.00431	0.72798
101	0.02525	0.04802	0.02073	0.01659	0.02140	0.24437	0.01322	0.35519	0.12731	0.03294	0.01670	0.01697	0.01252	0.00825	0.00683	0.00206	0.00909	0.00599	0.00591	0.01066
102	0.01590	0.02128	0.15841	0.02597	0.03295	0.01715	0.46493	0.02247	0.04423	0.02262	0.01610	0.04598	0.01307	0.00753	0.00871	0.00245	0.03920	0.02771	0.00382	0.00954
103	0.01025	0.00731	0.00983	0.00983	0.01054	0.00802	0.00688	0.01168	0.01096	0.01533	0.02055	0.03617	0.02136	0.35978	0.42003	0.00945	0.01372	0.00883	0.00403	0.00546
104	0.01849	0.01537	0.01631	0.01451	0.01864	0.01766	0.01133	0.06168	0.64772	0.05085	0.02851	0.02614	0.02125	0.00959	0.00724	0.00240	0.00573	0.00796	0.00729	0.01133
105	0.00904	0.00637	0.00854	0.01001	0.01055	0.00598	0.00686	0.01036	0.01402	0.01876	0.07788	0.64277	0.04675	0.02179	0.00974	0.03059	0.00429	0.05335	0.00656	0.00579
106	0.69627	0.05033	0.01231	0.00978	0.01437	0.01611	0.00817	0.02212	0.01293	0.08865	0.01145	0.01263	0.00862	0.00677	0.00465	0.00217	0.00566	0.00413	0.00471	0.00816
107	0.02705	0.02064	0.02131	0.01648	0.02208	0.05674	0.01355	0.64921	0.03282	0.04352	0.01679	0.01688	0.01196	0.00849	0.00709	0.00212	0.00808	0.00632	0.00695	0.01192
108	0.01028	0.00740	0.00896	0.00854	0.01056	0.00659	0.00641	0.01302	0.01862	0.05038	0.44176	0.08159	0.27812	0.01578	0.00838	0.00232	0.00357	0.01365	0.00742	0.00665
109	0.00866	0.00624	0.00822	0.00980	0.01030	0.00579	0.00656	0.00993	0.01374	0.01822	0.04061	0.71697	0.07435	0.02213	0.00906	0.00287	0.00411	0.02003	0.00661	0.00579
110	0.06089	0.01307	0.02133	0.63270	0.10087	0.01592	0.01922	0.01866	0.01427	0.01943	0.01255	0.01843	0.00953	0.00702	0.00695	0.00234	0.00917	0.00618	0.00327	0.00818
111	0.04110	0.00779	0.01030	0.01115	0.01270	0.00751	0.00871	0.01445	0.01587	0.07660	0.11422	0.34157	0.04343	0.01879	0.00895	0.00287	0.00511	0.24529	0.00683	0.00675
112	0.01310	0.00665	0.00670	0.00670	0.00826	0.00665	0.00494	0.01622	0.01466	0.02578	0.02318	0.02775	0.01871	0.05269	0.00685	0.00197	0.00353	0.00686	0.74228	0.00650
113	0.02807	0.01761	0.01983	0.01529	0.02087	0.01871	0.01260	0.47862	0.05447	0.22836	0.02058	0.01942	0.01400	0.00866	0.00714	0.00217	0.00726	0.00668	0.00760	0.01208
114	0.01594	0.01256	0.01520	0.04313	0.08230	0.01323	0.01118	0.13492	0.17201	0.04742	0.08535	0.07576	0.16964	0.01283	0.00789	0.00243	0.00587	0.07668	0.00657	0.00910
115	0.01360	0.01114	0.01611	0.02060	0.21021	0.01135	0.01219	0.08002	0.04262	0.02267	0.02766	0.35441	0.02992	0.01830	0.06506	0.00328	0.00707	0.03996	0.00558	0.00825
116	0.52640	0.01263	0.01133	0.04197	0.01519	0.01427	0.00836	0.04909	0.03678	0.05535	0.05560	0.04441	0.01485	0.00812	0.00531	0.00219	0.00542	0.00575	0.07904	0.00796
117	0.00964	0.00688	0.00888	0.01000	0.01061	0.00671	0.00674	0.03510	0.01386	0.01857	0.03527	0.59436	0.04159	0.10775	0.05481	0.00384	0.00548	0.01783	0.00620	0.00588
118	0.00865	0.00631	0.00815	0.00961	0.01025	0.00581	0.00648	0.00995	0.01392	0.01830	0.04291	0.66982	0.12002	0.02183	0.00901	0.00284	0.00407	0.01966	0.00661	0.00581
119	0.01698	0.01604	0.04955	0.04953	0.02558	0.01572	0.25206	0.18228	0.01952	0.02639	0.02063	0.19293	0.01972	0.01150	0.00940	0.02769	0.03999	0.01039	0.00512	0.00898
120	0.07434	0.01533	0.02200	0.45735	0.08922	0.05787	0.05731	0.06581	0.05180	0.02225	0.01368	0.01826	0.01038	0.00720	0.00696	0.00230	0.00915	0.00626	0.00382	0.00873
121	0.76749	0.01370	0.01072	0.00950	0.01396	0.01574	0.00783	0.02152	0.01247	0.06070	0.01069	0.01210	0.00813	0.00670	0.00452	0.00220	0.00553	0.00400	0.00459	0.00790
122	0.01520	0.03127	0.51961	0.02647	0.19970	0.01668	0.04683	0.02238	0.01539	0.02274	0.01299	0.01582	0.00964	0.00663	0.00689	0.00222	0.01006	0.00564	0.00316	0.01068
123	0.01508	0.01604	0.03321	0.05269	0.03161	0.01525	0.48520	0.02019	0.01646	0.02202	0.02156	0.06736	0.04322	0.00956	0.00862	0.00257	0.01030	0.11601	0.00433	0.00871
124	0.00890	0.00715	0.00782	0.00779	0.00980	0.00620	0.00572	0.01093	0.01666	0.02099	0.20878	0.10451	0.48728	0.05379	0.00983	0.00262	0.00375	0.01463	0.00677	0.00607
125	0.01558	0.01558	0.02181	0.01869	0.01869	0.02181	0.01558	0.01714	0.01091	0.01714	0.00935	0.01558	0.00935	0.01246	0.02337	0.00312	0.73672	0.00623	0.00312	0.00779
126	0.66745	0.01372	0.01137	0.00989	0.01433	0.01556	0.00813	0.06124	0.01408	0.07876	0.01216	0.01341	0.00911	0.00695	0.00478	0.00218	0.00559	0.00435	0.03871	0.00823
127	0.01083	0.00809	0.01164	0.01142	0.01258	0.00957	0.00887	0.01325	0.01165	0.01728	0.01885	0.02775	0.01757	0.07625	0.58302	0.00984	0.06925	0.00756	0.06835	0.00640
128	0.02428	0.01096	0.01449	0.01205	0.01624	0.01002	0.00975	0.02858	0.07562	0.44934	0.15707	0.06072	0.03014	0.01125	0.00767	0.00233	0.00548	0.05539	0.00825	0.01039
129	0.00993	0.00740	0.00851	0.00832	0.01048	0.00648	0.00630	0.01232	0.01758	0.04707	0.27618	0.09044	0.41592	0.01679	0.00845	0.00240	0.00374	0.03813	0.00709	0.00647
130	0.01747	0.01676	0.02862	0.06929	0.68096	0.01688	0.02178	0.02172	0.01614	0.02307	0.01337	0.01767	0.01121	0.00637	0.00705	0.00212	0.00850	0.00634	0.00351	0.01115
131	0.01830	0.01674	0.01596	0.01426	0.01815	0.09494	0.01107	0.07659	0.49544	0.02853	0.05371	0.02873	0.07596	0.01018	0.00728	0.00232	0.00634	0.00829	0.00681	0.01041
132	0.21856	0.01413	0.02032	0.09875	0.02352	0.04054	0.18472	0.02068	0.01477	0.05617	0.01531	0.01886	0.01182	0.00878	0.03064	0.00249	0.03896	0.00631	0.16647	0.00819
133	0.00999	0.00675	0.00788	0.00824	0.00833	0.00666	0.00482	0.01026	0.01107	0.01476	0.02612	0.19972	0.03054	0.59029	0.03029	0.00602	0.00630	0.01252	0.00482	0.00464
134	0.01805	0.60499	0.17770	0.01387	0.02088	0.02576	0.01512	0.02158	0.01459	0.01796	0.01050	0.01217	0.00911	0.00623	0.00503	0.00168	0.00822	0.00411	0.00304	0.00943
135	0.05147	0.01437	0.04573	0.01445	0.04176	0.01440	0.01156	0.23001	0.06716	0.08760	0.09597	0.09229	0.04070	0.01216	0.00886	0.03123	0.03346	0.06504	0.03243	0.00935
136	0.02483	0.20218	0.02418	0.01691	0.02114	0.55926	0.01339	0.02677	0.01884	0.01727	0.01075	0.01251	0.00916	0.00705	0.00599	0.00176	0.01162	0.00440	0.00352	0.00846
137	0.01374	0.12690	0.01448	0.00970	0.01258	0.01048	0.00787	0.01670	0.01887	0.10052	0.45253	0.04493	0.11792	0.01293	0.00765	0.00214	0.00436	0.01103	0.00705	0.00762
138	0.04793	0.03555	0.01026	0.00919	0.01002	0.06103	0.00596	0.01282	0.01143	0.01531	0.02020	0.03918	0.02233	0.55686	0.10821	0.00663	0.00867	0.00910	0.00417	0.00516
139	0.01008	0.00728	0.00952	0.00896	0.01064	0.00672	0.00672	0.01344	0.02016	0.02855	0.70158	0.05319	0.06719	0.01456	0.00840	0.00224	0.00336	0.01288	0.00784	0.00672
140	0.01117	0.00763	0.01003	0.00970	0.01157	0.00708	0.00757	0.01443	0.01941	0.05642	0.54198	0.05685	0.08735	0.01526	0.00857	0.00241	0.00399	0.11406	0.00763	0.00690
141	0.01877	0.01752	0.01659	0.01495	0.01893	0.10180	0.01157	0.03671	0.61210	0.02831	0.02683	0.02493	0.02023	0.00938	0.00715	0.00235	0.00650	0.00764	0.00682	0.01091
142	0.69520	0.01432	0.01177	0.01018	0.01476	0.01637	0.00839	0.08668	0.01453	0.05842	0.01130	0.01258	0.00851	0.00688	0.00478	0.00220	0.00576	0.00423	0.00484	0.00831
143	0.00868	0.00620	0.00826	0.00991	0.01033	0.00578	0.00661	0.00991	0.01363	0.01818	0.03925	0.74510	0.04710	0.02231	0.00909	0.00289	0.00413	0.02024	0.00661	0.00578
144	0.00946	0.00714	0.00873	0.00857	0.01032	0.00642	0.00634	0.01214	0.01834	0.02479	0.45158	0.13293	0.24446	0.01638	0.00848	0.00236	0.00351	0.01429	0.00736	0.00642
145	0.01999	0.69925	0.03578	0.01222	0.01827	0.02687	0.01206	0.02231	0.01491	0.06796	0.01124	0.01237	0.00976	0.00629	0.00476	0.00157	0.00750	0.00406	0.00347	0.00936
146	0.01131	0.00808	0.01127	0.01281	0.01441	0.00804	0.01108	0.01451	0.01644	0.02150	0.06590	0.10501	0.04233	0.01956	0.00975	0.00322	0.00633	0.60532	0.00661	0.00653
147	0.01017	0.00763	0.01144	0.01144	0.01272	0.00890	0.00890	0.01272	0.01144	0.01653	0.01907	0.02797	0.01780	0.05340	0.72153	0.01144	0.01907	0.00763	0.00381	0.00636
148	0.06651	0.01306	0.01678	0.01293	0.01841	0.01200	0.01068	0.10574	0.02145	0.60555	0.02604	0.02287	0.01656	0.00868	0.00703	0.00220	0.00623	0.00693	0.00842	0.01192
149	0.01749	0.01729	0.03106	0.04146	0.59566	0.01710	0.12981	0.02201	0.01631	0.02319	0.01356	0.01788	0.01120	0.00629	0.00727	0.00216	0.00904	0.00668	0.00354	0.01100
150	0.01486	0.00840	0.00882	0.00818	0.01033	0.00875	0.00631	0.10170	0.01710	0.02830	0.02219	0.02542	0.01744	0.01103	0.04816	0.00231	0.00484	0.00667	0.64187	0.00732
151	0.01774	0.01877	0.07984	0.16805	0.37487	0.07738	0.01950	0.06878	0.01724	0.02347	0.01385	0.01776	0.01105	0.00689	0.00687	0.00213	0.00885	0.00612	0.05073	0.01009
152	0.01472	0.01109	0.01593	0.28867	0.02697	0.01278	0.04206	0.06989	0.01597	0.02406	0.01747	0.02192	0.01354	0.00800	0.00720	0.00209	0.04938	0.00656	0.34393	0.00776
153	0.00877	0.00722	0.00773	0.00781	0.01000	0.00619	0.00589	0.01081	0.01661	0.02043	0.14682	0.09634	0.56632	0.01786	0.00851	0.00244	0.00373	0.04365	0.00676	0.00611
154	0.01592	0.01159	0.01325	0.01214	0.01464	0.01217	0.00916	0.26060	0.02089	0.02781	0.03009	0.31023	0.05867	0.11170	0.01192	0.00314	0.00601	0.05556	0.00650	0.00801
155	0.01443	0.03594	0.68234	0.02134	0.06091	0.01655	0.02611	0.02252	0.01509	0.02258	0.01281	0.01515	0.00912	0.00675	0.00678	0.00225	0.01043	0.00531	0.00303	0.01056
156	0.03195	0.01212	0.01652	0.01267	0.01818	0.01047	0.01047	0.03470	0.02038	0.71026	0.02809	0.02424	0.01763	0.00881	0.00716	0.00220	0.00606	0.00716	0.00881	0.01212
157	0.01443	0.03594	0.68234	0.02134	0.06091	0.01655	0.02611	0.02252	0.01509	0.02258	0.01281	0.01515	0.00912	0.00675	0.00678	0.00225	0.01043	0.00531	0.00303	0.01056
158	0.01156	0.00782	0.01013	0.00992	0.01143	0.00857	0.00754	0.04167	0.01342	0.02011	0.02340	0.03111	0.05844	0.09730	0.41592	0.00774	0.01280	0.00800	0.19664	0.00648
159	0.00870	0.00651	0.00808	0.00920	0.01017	0.00589	0.00633	0.01020	0.01465	0.01905	0.08686	0.54008	0.20676	0.02081	0.00888	0.00273	0.00396	0.01854	0.00668	0.00589
160	0.01036	0.00690	0.00777	0.00777	0.00777	0.00690	0.00431	0.01036	0.01036	0.01381	0.02244	0.04660	0.02589	0.74975	0.03624	0.00690	0.00690	0.01036	0.00431	0.00431
161	0.04487	0.10656	0.17159	0.02742	0.25552	0.01728	0.14121	0.02175	0.01577	0.04791	0.03897	0.01923	0.01325	0.03880	0.00817	0.00235	0.00900	0.00656	0.00380	0.01000
162	0.10272	0.01257	0.01393	0.01364	0.04487	0.01361	0.01038	0.10396	0.22803	0.02811	0.07113	0.06566	0.12199	0.01275	0.00767	0.00250	0.00571	0.12527	0.00656	0.00894
163	0.01194	0.00771	0.01025	0.01099	0.01247	0.00737	0.00861	0.01425	0.01575	0.07323	0.10961	0.23622	0.06998	0.09879	0.01212	0.00335	0.00547	0.27874	0.00664	0.00654

[dist]
# distance from previous block
# <min> <max>
3	4

[block]
# block no. 1 follows, 29 sequences, length 151
# corresponding to MSA columns:
# 262-412
name=unknown_B
#
# <colnr> <probs for GDERKNQSTAVLIFYWHMCP>
#	G	D	E	R	K	N	Q	S	T	A	V	L	I	F	Y	W	H	M	C	P
0	0.05840	0.01581	0.02537	0.22651	0.44417	0.01693	0.01997	0.06623	0.01665	0.02384	0.01327	0.01764	0.01066	0.00672	0.00693	0.00219	0.00854	0.00621	0.00372	0.01024
1	0.02660	0.03394	0.02018	0.01834	0.02201	0.72116	0.01376	0.02843	0.02018	0.01743	0.01101	0.01284	0.00917	0.00734	0.00642	0.00183	0.01284	0.00459	0.00367	0.00825
2	0.01618	0.04046	0.02147	0.01783	0.01857	0.06999	0.01477	0.01789	0.01183	0.01733	0.01005	0.01580	0.00976	0.01354	0.05342	0.00329	0.60257	0.00603	0.00322	0.03597
3	0.01273	0.00787	0.01037	0.00941	0.01155	0.00717	0.00717	0.01602	0.02018	0.11134	0.61979	0.04967	0.06117	0.01386	0.00825	0.00224	0.00369	0.01218	0.00796	0.00737
4	0.01451	0.01145	0.01407	0.01316	0.01584	0.01226	0.04053	0.04677	0.29017	0.04494	0.05664	0.22830	0.03167	0.06573	0.01013	0.00292	0.00571	0.07988	0.00669	0.00861
5	0.01237	0.00618	0.00928	0.00928	0.00928	0.00618	0.00618	0.00928	0.00928	0.01237	0.01237	0.02165	0.01237	0.02474	0.02783	0.79283	0.00618	0.00618	0.00309	0.00309
6	0.01836	0.01562	0.01646	0.01462	0.01876	0.01801	0.01143	0.08215	0.64711	0.03083	0.02816	0.02591	0.02107	0.00958	0.00724	0.00240	0.00579	0.00794	0.00724	0.01133
7	0.02874	0.01284	0.01650	0.01294	0.01808	0.01199	0.01058	0.09989	0.07705	0.53808	0.07428	0.02573	0.02088	0.00926	0.00725	0.00222	0.00602	0.00756	0.00844	0.01167
8	0.01138	0.00816	0.01134	0.01293	0.01459	0.00813	0.01128	0.01461	0.01639	0.02124	0.03880	0.07994	0.06211	0.01962	0.00979	0.00325	0.00646	0.63689	0.00656	0.00654
9	0.00896	0.00688	0.00821	0.00862	0.01014	0.00613	0.00618	0.01100	0.01642	0.02143	0.23378	0.29555	0.30398	0.01854	0.00864	0.00253	0.00372	0.01622	0.00695	0.00613
10	0.02144	0.01905	0.01729	0.01521	0.01941	0.15976	0.01183	0.07464	0.45205	0.09332	0.02454	0.02299	0.01822	0.00904	0.00706	0.00226	0.00727	0.00716	0.00666	0.01079
11	0.80005	0.01377	0.01047	0.00936	0.01377	0.01597	0.00771	0.02093	0.01212	0.03195	0.00991	0.01157	0.00771	0.00661	0.00441	0.00220	0.00551	0.00386	0.00441	0.00771
12	0.01018	0.00759	0.01127	0.01127	0.01248	0.00881	0.00868	0.01260	0.01139	0.01640	0.01923	0.02886	0.01819	0.08652	0.68894	0.01123	0.01849	0.00776	0.00384	0.00626
13	0.02773	0.01888	0.02071	0.01588	0.02155	0.02051	0.01312	0.59389	0.03170	0.13509	0.01859	0.01806	0.01286	0.00858	0.00713	0.00215	0.00759	0.00651	0.00735	0.01211
14	0.01581	0.01726	0.03563	0.10841	0.05732	0.01711	0.49491	0.02100	0.01591	0.02162	0.01559	0.06940	0.01310	0.00768	0.00919	0.00247	0.05600	0.00879	0.00373	0.00909
15	0.02660	0.03394	0.02018	0.01834	0.02201	0.72116	0.01376	0.02843	0.02018	0.01743	0.01101	0.01284	0.00917	0.00734	0.00642	0.00183	0.01284	0.00459	0.00367	0.00825
16	0.73525	0.01397	0.01218	0.01046	0.01504	0.01587	0.03976	0.02151	0.01264	0.05584	0.01078	0.01239	0.00821	0.00666	0.00470	0.00221	0.00584	0.00419	0.00453	0.00796
17	0.01692	0.49552	0.13432	0.01339	0.01895	0.02322	0.01365	0.01983	0.01379	0.01734	0.01185	0.01636	0.01111	0.08440	0.03069	0.00259	0.05920	0.00498	0.00320	0.00868
18	0.31349	0.01497	0.05773	0.01283	0.01812	0.01400	0.04222	0.07787	0.01746	0.30559	0.01870	0.01906	0.01300	0.03650	0.00730	0.00239	0.00658	0.00595	0.00627	0.00997
19	0.01041	0.00799	0.01043	0.01049	0.01101	0.00882	0.00741	0.01163	0.01225	0.01684	0.05389	0.24879	0.06243	0.25366	0.14100	0.00559	0.10399	0.01261	0.00500	0.00573
20	0.05373	0.01564	0.02604	0.22375	0.49937	0.01658	0.02063	0.02084	0.01550	0.02234	0.01303	0.01769	0.01064	0.00656	0.00694	0.00219	0.00859	0.00622	0.00347	0.01022
21	0.03195	0.01212	0.01652	0.01267	0.01818	0.01047	0.01047	0.03470	0.02038	0.71026	0.02809	0.02424	0.01763	0.00881	0.00716	0.00220	0.00606	0.00716	0.00881	0.01212
22	0.00894	0.00735	0.00795	0.00814	0.01039	0.00636	0.00633	0.01105	0.01649	0.02009	0.10566	0.06923	0.57185	0.01805	0.00861	0.00252	0.00400	0.10418	0.00668	0.00613
23	0.01519	0.03075	0.48777	0.02470	0.08960	0.01694	0.18862	0.02256	0.01558	0.02268	0.01324	0.01629	0.00966	0.00654	0.00720	0.00228	0.01072	0.00614	0.00320	0.01036
24	0.01283	0.00668	0.00681	0.00681	0.00822	0.00668	0.00488	0.01565	0.01424	0.02462	0.02311	0.02959	0.01941	0.12067	0.00972	0.00245	0.00386	0.00720	0.67031	0.00628
25	0.01035	0.00693	0.00790	0.00790	0.00795	0.00698	0.00449	0.01044	0.01040	0.01391	0.02231	0.04590	0.02559	0.72378	0.06180	0.00707	0.00736	0.01025	0.00430	0.00439
26	0.01631	0.01411	0.02155	0.46113	0.14315	0.01641	0.01810	0.12724	0.01774	0.02390	0.01420	0.01897	0.01078	0.00731	0.00697	0.00225	0.00865	0.00636	0.05586	0.00903
27	0.06906	0.41984	0.10788	0.01371	0.01942	0.08243	0.01339	0.07288	0.01602	0.02064	0.01193	0.01429	0.01025	0.01188	0.08661	0.00285	0.00958	0.00468	0.00359	0.00905
28	0.01139	0.00814	0.01138	0.01302	0.01462	0.00812	0.01133	0.01461	0.01631	0.02122	0.03775	0.10038	0.04116	0.01975	0.00981	0.00327	0.00648	0.63818	0.00656	0.00653
29	0.01376	0.01311	0.02113	0.49477	0.03885	0.01664	0.03474	0.01762	0.01371	0.01845	0.03846	0.04265	0.01284	0.00912	0.01113	0.00256	0.18215	0.00705	0.00345	0.00781
30	0.04470	0.01398	0.06824	0.08875	0.06801	0.01244	0.01267	0.06136	0.07753	0.27638	0.09268	0.07721	0.05430	0.01025	0.00736	0.00229	0.00644	0.00866	0.00672	0.01004
31	0.01541	0.05447	0.52122	0.02170	0.03088	0.04469	0.14437	0.02262	0.01541	0.02205	0.01281	0.01562	0.00937	0.00681	0.00751	0.00227	0.03371	0.00580	0.00315	0.01014
32	0.80005	0.01377	0.01047	0.00936	0.01377	0.01597	0.00771	0.02093	0.01212	0.03195	0.00991	0.01157	0.00771	0.00661	0.00441	0.00220	0.00551	0.00386	0.00441	0.00771
33	0.01181	0.00985	0.01053	0.01008	0.01232	0.05259	0.00782	0.04061	0.04604	0.02525	0.36207	0.05538	0.22356	0.01518	0.00835	0.00238	0.00466	0.08746	0.00705	0.00700
34	0.01546	0.05428	0.52852	0.02206	0.07709	0.01656	0.09146	0.02268	0.01563	0.04827	0.03366	0.01699	0.01139	0.00694	0.00695	0.00223	0.01006	0.00591	0.00346	0.01039
35	0.02530	0.01567	0.01776	0.01378	0.01882	0.01617	0.01119	0.37980	0.02598	0.20630	0.02028	0.02135	0.01472	0.05937	0.00886	0.00237	0.00684	0.00672	0.05831	0.07042
36	0.02608	0.08350	0.02136	0.01792	0.02176	0.67346	0.01365	0.02794	0.01979	0.01738	0.01093	0.01274	0.00917	0.00725	0.00629	0.00181	0.01248	0.00453	0.00363	0.00832
37	0.01658	0.02025	0.08725	0.02882	0.03591	0.01808	0.60361	0.02253	0.01641	0.02253	0.01406	0.01875	0.01061	0.00636	0.00899	0.00242	0.04564	0.00809	0.00354	0.00958
38	0.01027	0.00725	0.00953	0.00953	0.01015	0.00786	0.00652	0.01149	0.01088	0.01512	0.02082	0.03764	0.02200	0.41490	0.36578	0.00909	0.01276	0.00904	0.00407	0.00530
39	0.01935	0.01539	0.01649	0.01449	0.01874	0.01751	0.01137	0.08193	0.60021	0.07831	0.02810	0.02575	0.02079	0.00952	0.00723	0.00238	0.00582	0.00788	0.00735	0.01139
40	0.01024	0.00685	0.00780	0.00791	0.00794	0.00683	0.00447	0.01032	0.01058	0.01411	0.02359	0.09468	0.02735	0.69968	0.03437	0.00663	0.00671	0.01104	0.00447	0.00442
41	0.01562	0.01316	0.01523	0.01095	0.01724	0.01037	0.00879	0.06424	0.01607	0.02472	0.01297	0.01493	0.01066	0.00550	0.00540	0.00113	0.00545	0.00437	0.00442	0.73877
42	0.18306	0.01841	0.01884	0.01485	0.02018	0.02058	0.01222	0.50860	0.06926	0.04134	0.01636	0.01655	0.01180	0.00822	0.00658	0.00217	0.00723	0.00599	0.00658	0.01117
43	0.00924	0.00725	0.00835	0.00808	0.01012	0.00636	0.00606	0.01181	0.01817	0.02385	0.38372	0.06094	0.38798	0.01631	0.00841	0.00232	0.00348	0.01396	0.00722	0.00636
44	0.00873	0.00622	0.00825	0.00984	0.01024	0.00582	0.00653	0.00993	0.01352	0.01802	0.03866	0.72063	0.04635	0.04779	0.01004	0.00303	0.00423	0.01990	0.00653	0.00573
45	0.01966	0.01540	0.01657	0.01426	0.01867	0.01716	0.01125	0.13124	0.50001	0.07826	0.02789	0.02587	0.04132	0.00953	0.00718	0.00230	0.00591	0.00782	0.00719	0.04250
46	0.03017	0.01362	0.01729	0.01340	0.01884	0.01287	0.01102	0.14081	0.06879	0.55451	0.02635	0.02323	0.01701	0.00883	0.00716	0.00221	0.00632	0.00710	0.00843	0.01206
47	0.01424	0.00757	0.00767	0.00732	0.00926	0.00772	0.00558	0.06324	0.01623	0.02783	0.02280	0.02588	0.01782	0.00831	0.00513	0.00169	0.00364	0.00662	0.73441	0.00702
48	0.16012	0.01378	0.01598	0.01281	0.01792	0.01385	0.01047	0.10632	0.12475	0.41346	0.02388	0.02163	0.01595	0.00854	0.00670	0.00223	0.00610	0.00665	0.00763	0.01123
49	0.02899	0.04977	0.01884	0.01377	0.01921	0.01496	0.01143	0.24526	0.02417	0.43695	0.02398	0.04449	0.01636	0.00903	0.00709	0.00217	0.00665	0.00718	0.00791	0.01177
50	0.01021	0.00761	0.00931	0.00918	0.01090	0.00708	0.00675	0.04371	0.01843	0.02495	0.38241	0.21900	0.19026	0.01683	0.00851	0.00242	0.00381	0.01476	0.00726	0.00661
51	0.02160	0.01663	0.02085	0.01711	0.04279	0.01784	0.08353	0.43093	0.02653	0.03599	0.03705	0.10492	0.01802	0.01241	0.04637	0.00274	0.00818	0.00849	0.03763	0.01040
52	0.02921	0.11143	0.01935	0.01294	0.01827	0.05914	0.01086	0.03184	0.01931	0.55171	0.02429	0.02192	0.01596	0.00975	0.02912	0.00238	0.00711	0.00656	0.00756	0.01129
53	0.08416	0.06298	0.01495	0.13297	0.01941	0.07364	0.01054	0.01694	0.01427	0.04456	0.02359	0.18703	0.05983	0.04915	0.04285	0.00299	0.06348	0.00974	0.07973	0.00719
54	0.10028	0.10302	0.06845	0.22376	0.05973	0.06499	0.01459	0.06821	0.01688	0.10269	0.03302	0.01860	0.01271	0.00749	0.00631	0.00209	0.00789	0.00588	0.07436	0.00904
55	0.01032	0.00695	0.00800	0.00793	0.00815	0.00688	0.00464	0.01077	0.01167	0.01579	0.11386	0.04749	0.03145	0.65078	0.03249	0.00628	0.00643	0.01069	0.00479	0.00464
56	0.80005	0.01377	0.01047	0.00936	0.01377	0.01597	0.00771	0.02093	0.01212	0.03195	0.00991	0.01157	0.00771	0.00661	0.00441	0.00220	0.00551	0.00386	0.00441	0.00771
57	0.01941	0.01374	0.09498	0.04701	0.01961	0.01078	0.05804	0.02388	0.04391	0.27621	0.24007	0.06620	0.03316	0.01081	0.00769	0.00228	0.00617	0.00947	0.00705	0.00951
58	0.01681	0.01921	0.04202	0.03001	0.03721	0.01801	0.67947	0.02281	0.01681	0.02281	0.01441	0.01921	0.01080	0.00600	0.00840	0.00240	0.01200	0.00840	0.00360	0.00960
59	0.01008	0.00728	0.00952	0.00896	0.01064	0.00672	0.00672	0.01344	0.02016	0.02855	0.70158	0.05319	0.06719	0.01456	0.00840	0.00224	0.00336	0.01288	0.00784	0.00672
60	0.01558	0.01558	0.02181	0.01869	0.01869	0.02181	0.01558	0.01714	0.01091	0.01714	0.00935	0.01558	0.00935	0.01246	0.02337	0.00312	0.73672	0.00623	0.00312	0.00779
61	0.57467	0.01374	0.01116	0.00986	0.01389	0.03698	0.00800	0.07776	0.01487	0.03176	0.03424	0.01548	0.01148	0.00729	0.00491	0.00211	0.00557	0.00477	0.11352	0.00793
62	0.01310	0.00662	0.00686	0.00686	0.00834	0.00662	0.00504	0.01585	0.01437	0.02508	0.02244	0.02695	0.01813	0.03710	0.00774	0.05706	0.00365	0.00674	0.70514	0.00630
63	0.00849	0.00714	0.00737	0.00746	0.00970	0.00602	0.00554	0.01031	0.01619	0.01949	0.09189	0.11520	0.63446	0.01821	0.00846	0.00243	0.00363	0.01532	0.00666	0.00602
64	0.01037	0.00779	0.00967	0.00916	0.01105	0.00737	0.00688	0.01464	0.06578	0.02725	0.56245	0.07363	0.13736	0.01485	0.00834	0.00229	0.00357	0.01301	0.00762	0.00692
65	0.01647	0.01637	0.02279	0.35533	0.19931	0.10164	0.03942	0.03945	0.01579	0.01998	0.01425	0.01916	0.02844	0.00828	0.00867	0.03906	0.03698	0.00641	0.00353	0.00867
66	0.24607	0.01735	0.01696	0.01364	0.01852	0.03863	0.01117	0.41199	0.02518	0.03844	0.01535	0.01633	0.01134	0.00905	0.02373	0.00234	0.00727	0.00568	0.06075	0.01022
67	0.80005	0.01377	0.01047	0.00936	0.01377	0.01597	0.00771	0.02093	0.01212	0.03195	0.00991	0.01157	0.00771	0.00661	0.00441	0.00220	0.00551	0.00386	0.00441	0.00771
68	0.01023	0.00690	0.00805	0.00817	0.00829	0.00696	0.00479	0.01049	0.01066	0.01430	0.02338	0.09406	0.02681	0.65106	0.08152	0.00694	0.00755	0.01086	0.00444	0.00456
69	0.33829	0.02182	0.22251	0.01630	0.06867	0.04140	0.01527	0.07957	0.01612	0.07548	0.01383	0.01666	0.01055	0.00741	0.00597	0.00223	0.00774	0.02622	0.00451	0.00946
70	0.06008	0.06360	0.01586	0.01167	0.01628	0.01242	0.00954	0.02871	0.13249	0.33151	0.07061	0.02459	0.02014	0.00870	0.00654	0.00204	0.00551	0.00701	0.09614	0.07659
71	0.02663	0.03297	0.02026	0.01821	0.02202	0.67304	0.01374	0.07339	0.02109	0.01932	0.01143	0.01313	0.00937	0.00742	0.00647	0.00186	0.01250	0.00471	0.00391	0.00852
72	0.01148	0.00788	0.00972	0.00902	0.01121	0.00721	0.00685	0.01505	0.04340	0.07343	0.48942	0.05369	0.20513	0.01477	0.00828	0.00228	0.00368	0.01279	0.00761	0.00709
73	0.01028	0.00719	0.00920	0.00920	0.00970	0.00768	0.00610	0.01128	0.01078	0.01487	0.02112	0.03933	0.02273	0.47810	0.30358	0.00867	0.01165	0.00929	0.00412	0.00511
74	0.01008	0.00728	0.00952	0.00896	0.01064	0.00672	0.00672	0.01344	0.02016	0.02855	0.70158	0.05319	0.06719	0.01456	0.00840	0.00224	0.00336	0.01288	0.00784	0.00672
75	0.04040	0.02050	0.09646	0.02858	0.03597	0.01782	0.60511	0.02273	0.01652	0.02307	0.01413	0.01863	0.01056	0.00608	0.00815	0.00238	0.01169	0.00801	0.00358	0.00962
76	0.02657	0.01947	0.02084	0.01603	0.02159	0.02153	0.01323	0.65774	0.03281	0.04422	0.01732	0.01743	0.01233	0.00854	0.00705	0.00212	0.00767	0.00642	0.03518	0.01191
