[name]
unknown

[dist]
# distance from previous block
# <min> <max>
36	112

[block]
# block no. 0 follows, 28 sequences, length 6
# corresponding to MSA columns:
# 150-155
name=unknown_A
#
# <colnr> <probs for GDERKNQSTAVLIFYWHMCP>
#	G	D	E	R	K	N	Q	S	T	A	V	L	I	F	Y	W	H	M	C	P
0	0.06168	0.08736	0.40591	0.01880	0.02687	0.01750	0.06461	0.02416	0.01567	0.12217	0.01472	0.01656	0.01058	0.00762	0.00830	0.00232	0.07496	0.00576	0.00407	0.01039
1	0.01303	0.04030	0.01156	0.01011	0.01218	0.04799	0.00751	0.01574	0.03666	0.07146	0.23802	0.14322	0.15164	0.10865	0.05634	0.00354	0.00604	0.01248	0.00652	0.00700
2	0.00895	0.00651	0.00845	0.00981	0.01051	0.00600	0.00665	0.01045	0.01470	0.01953	0.09744	0.62589	0.10481	0.02174	0.00916	0.00285	0.00411	0.01959	0.00685	0.00600
3	0.02355	0.07127	0.02159	0.02126	0.15525	0.27755	0.01425	0.09559	0.02022	0.10212	0.01671	0.02023	0.01344	0.00818	0.00675	0.00204	0.00933	0.03532	0.07560	0.00975
4	0.01589	0.02226	0.21167	0.04959	0.14681	0.01736	0.18434	0.02279	0.07637	0.02288	0.01848	0.02159	0.05456	0.00832	0.00952	0.00245	0.09376	0.00741	0.00396	0.01001
5	0.00939	0.00742	0.00827	0.00826	0.01026	0.00655	0.00618	0.01153	0.01695	0.02146	0.20895	0.06519	0.44370	0.08414	0.01129	0.00290	0.00415	0.06040	0.00682	0.00618

[dist]
# distance from previous block
# <min> <max>
9	34

[block]
# block no. 1 follows, 28 sequences, length 12
# corresponding to MSA columns:
# 190-201
name=unknown_B
#
# <colnr> <probs for GDERKNQSTAVLIFYWHMCP>
#	G	D	E	R	K	N	Q	S	T	A	V	L	I	F	Y	W	H	M	C	P
0	0.00914	0.00657	0.00859	0.00996	0.01060	0.00613	0.00680	0.01063	0.01453	0.01937	0.09203	0.60094	0.07781	0.05213	0.01038	0.00306	0.00435	0.04427	0.00675	0.00596
1	0.00986	0.00736	0.01036	0.01093	0.01209	0.00678	0.03199	0.01162	0.01487	0.02019	0.11329	0.55056	0.04603	0.02033	0.00953	0.02409	0.00464	0.04456	0.00656	0.04435
2	0.01706	0.02170	0.12366	0.09873	0.11389	0.05062	0.41964	0.02295	0.01676	0.02258	0.01403	0.01855	0.01064	0.00644	0.00798	0.00237	0.01143	0.00753	0.00355	0.00989
3	0.01971	0.01482	0.01591	0.01331	0.01733	0.01598	0.01053	0.34748	0.11323	0.03419	0.03210	0.10245	0.14321	0.04049	0.00878	0.00251	0.00629	0.00996	0.04182	0.00990
4	0.01127	0.00813	0.01016	0.01097	0.01209	0.00804	0.00766	0.09566	0.01652	0.02206	0.03715	0.64685	0.04348	0.02097	0.00902	0.00285	0.00470	0.01885	0.00682	0.00674
5	0.01609	0.01636	0.02252	0.16178	0.02695	0.09922	0.11057	0.01929	0.01417	0.01919	0.01345	0.01923	0.01152	0.01512	0.10394	0.00376	0.25344	0.00672	0.05863	0.00803
6	0.02156	0.40747	0.05140	0.01871	0.10781	0.20984	0.01463	0.05570	0.01752	0.01972	0.01131	0.01325	0.00976	0.00673	0.00569	0.00177	0.00941	0.00461	0.00354	0.00956
7	0.01817	0.01964	0.07648	0.06749	0.58408	0.06159	0.02202	0.02264	0.01665	0.02312	0.01344	0.01755	0.01114	0.00660	0.00714	0.00216	0.00911	0.00628	0.00356	0.01113
8	0.05635	0.02435	0.02141	0.11129	0.07259	0.33966	0.01560	0.05184	0.01736	0.02011	0.01141	0.01510	0.00967	0.00873	0.01100	0.00232	0.19337	0.00551	0.00371	0.00862
9	0.01065	0.00800	0.00860	0.00823	0.01084	0.00698	0.00625	0.01349	0.04388	0.06288	0.14916	0.06350	0.54756	0.01704	0.00846	0.00242	0.00388	0.01429	0.00707	0.00682
10	0.01344	0.00971	0.01107	0.01017	0.01170	0.01025	0.00709	0.07821	0.08170	0.02227	0.10222	0.07430	0.02886	0.36326	0.02227	0.00456	0.03735	0.01007	0.07130	0.03017
11	0.01039	0.00857	0.00953	0.01031	0.01154	0.04931	0.00718	0.01209	0.01540	0.02009	0.11726	0.52094	0.10578	0.01973	0.00879	0.00268	0.00467	0.01758	0.00660	0.04157

[dist]
# distance from previous block
# <min> <max>
2	5

[block]
# block no. 2 follows, 28 sequences, length 7
# corresponding to MSA columns:
# 207-213
name=unknown_C
#
# <colnr> <probs for GDERKNQSTAVLIFYWHMCP>
#	G	D	E	R	K	N	Q	S	T	A	V	L	I	F	Y	W	H	M	C	P
0	0.02643	0.01241	0.01594	0.01253	0.01756	0.01127	0.01018	0.07531	0.05979	0.45454	0.12785	0.02798	0.02488	0.00959	0.00733	0.00216	0.00579	0.00792	0.00820	0.08232
1	0.01270	0.00997	0.01456	0.01311	0.01495	0.01116	0.05522	0.07384	0.01389	0.01949	0.01915	0.02978	0.01825	0.16855	0.45111	0.00898	0.04593	0.00817	0.00425	0.00695
2	0.02239	0.09804	0.02196	0.01966	0.08799	0.43669	0.01407	0.02465	0.01780	0.01816	0.01251	0.01591	0.01090	0.01456	0.11319	0.00340	0.05064	0.00533	0.00366	0.00851
3	0.01648	0.01633	0.01570	0.16219	0.02311	0.18281	0.01223	0.05122	0.07863	0.02101	0.02432	0.18861	0.04074	0.04376	0.02898	0.00288	0.00847	0.04250	0.03220	0.00782
4	0.00915	0.00668	0.00862	0.00962	0.01054	0.00614	0.00665	0.01096	0.01569	0.02106	0.19131	0.51792	0.11771	0.02055	0.00905	0.00275	0.00399	0.01843	0.00703	0.00614
5	0.00912	0.00651	0.00874	0.01042	0.01096	0.00613	0.00720	0.01058	0.01418	0.01885	0.03992	0.67925	0.04750	0.02253	0.00935	0.00299	0.00445	0.07862	0.00674	0.00598
6	0.01796	0.01675	0.15719	0.01923	0.14212	0.01208	0.01484	0.02293	0.04944	0.18357	0.15192	0.12883	0.02917	0.01123	0.00773	0.00236	0.00673	0.00982	0.00622	0.00987

[dist]
# distance from previous block
# <min> <max>
2	5

[block]
# block no. 3 follows, 28 sequences, length 18
# corresponding to MSA columns:
# 219-236
name=unknown_D
#
# <colnr> <probs for GDERKNQSTAVLIFYWHMCP>
#	G	D	E	R	K	N	Q	S	T	A	V	L	I	F	Y	W	H	M	C	P
0	0.05020	0.01937	0.09694	0.20968	0.09996	0.10438	0.06250	0.06205	0.05510	0.07839	0.04130	0.05612	0.01540	0.00850	0.00727	0.00230	0.00904	0.00729	0.00469	0.00952
1	0.05809	0.02979	0.02048	0.01878	0.04140	0.52414	0.01404	0.07948	0.05078	0.02137	0.01246	0.01440	0.01020	0.00805	0.00794	0.00205	0.06833	0.00514	0.00418	0.00891
2	0.02010	0.51799	0.07880	0.01716	0.08397	0.09309	0.03437	0.02310	0.01581	0.04098	0.01149	0.01330	0.00986	0.00650	0.00544	0.00174	0.00865	0.00456	0.00343	0.00965
3	0.01170	0.00877	0.00998	0.00986	0.01226	0.00837	0.00757	0.01645	0.11048	0.05487	0.12322	0.12543	0.34238	0.03814	0.00943	0.00272	0.00457	0.08953	0.00701	0.00726
4	0.07304	0.30772	0.11716	0.04013	0.16851	0.02196	0.01638	0.08460	0.01685	0.02348	0.01215	0.01454	0.01005	0.00680	0.00633	0.00194	0.02652	0.00505	0.00376	0.04303
5	0.00957	0.00740	0.00914	0.00997	0.01090	0.00728	0.00694	0.01145	0.03368	0.01876	0.04433	0.47942	0.18825	0.07395	0.01190	0.00314	0.04381	0.01760	0.00640	0.00612
6	0.01885	0.01273	0.01481	0.01293	0.01622	0.01325	0.01000	0.26775	0.04507	0.09786	0.12444	0.27236	0.03362	0.01451	0.00816	0.00248	0.00579	0.01248	0.00737	0.00932
7	0.01913	0.01154	0.01269	0.01087	0.01398	0.01201	0.00844	0.22259	0.02118	0.09725	0.02366	0.08996	0.01992	0.07015	0.00897	0.00245	0.00547	0.00832	0.33262	0.00879
8	0.01546	0.01683	0.04800	0.20356	0.03656	0.01716	0.36527	0.02058	0.01583	0.02158	0.05084	0.02133	0.01392	0.00952	0.03842	0.00288	0.08163	0.00797	0.00374	0.00891
9	0.01175	0.00816	0.00949	0.00898	0.01130	0.00741	0.00677	0.04333	0.01869	0.06654	0.27612	0.12219	0.31791	0.01618	0.00837	0.00239	0.00398	0.01385	0.03953	0.00705
10	0.01044	0.00704	0.00813	0.00817	0.00836	0.00696	0.00478	0.01085	0.01173	0.01581	0.08870	0.08896	0.03176	0.63176	0.03263	0.00635	0.00653	0.01141	0.00489	0.00473
11	0.01717	0.01650	0.02768	0.14171	0.53898	0.01759	0.02138	0.02130	0.01574	0.02239	0.01317	0.01799	0.01106	0.00719	0.00881	0.00230	0.07840	0.00646	0.00350	0.01067
12	0.01684	0.37408	0.12839	0.01625	0.06339	0.02207	0.01486	0.02073	0.03336	0.02048	0.10617	0.01952	0.01804	0.00853	0.00842	0.00205	0.10768	0.00601	0.00394	0.00920
13	0.01334	0.00769	0.01023	0.01073	0.01236	0.00704	0.00786	0.01522	0.01588	0.13924	0.07285	0.47962	0.07842	0.01947	0.00894	0.00281	0.00473	0.07918	0.00720	0.00717
14	0.00933	0.00677	0.00904	0.01017	0.01101	0.00648	0.00717	0.01115	0.01488	0.02006	0.13031	0.51337	0.07722	0.02445	0.07821	0.00371	0.00569	0.04822	0.00664	0.00614
15	0.01216	0.00787	0.01000	0.00964	0.01168	0.00716	0.00735	0.01492	0.01857	0.09033	0.37747	0.11918	0.16701	0.04248	0.00968	0.00264	0.00425	0.07303	0.00751	0.00707
16	0.02525	0.02028	0.02115	0.01669	0.02178	0.08836	0.04100	0.51395	0.02980	0.03899	0.01817	0.05528	0.01459	0.04972	0.00900	0.00247	0.00844	0.00738	0.00659	0.01110
17	0.06967	0.01285	0.01566	0.15625	0.02203	0.03687	0.01179	0.07211	0.01602	0.05342	0.01640	0.02028	0.01303	0.01087	0.04602	0.00264	0.11787	0.00619	0.21118	0.08885

[dist]
# distance from previous block
# <min> <max>
0	2

[block]
# block no. 4 follows, 28 sequences, length 18
# corresponding to MSA columns:
# 239-256
name=unknown_E
#
# <colnr> <probs for GDERKNQSTAVLIFYWHMCP>
#	G	D	E	R	K	N	Q	S	T	A	V	L	I	F	Y	W	H	M	C	P
0	0.15196	0.02114	0.21843	0.06008	0.24607	0.01565	0.04515	0.02075	0.01495	0.02403	0.01541	0.07702	0.01369	0.03601	0.00800	0.00249	0.00849	0.00712	0.00388	0.00969
1	0.05895	0.01575	0.01719	0.01327	0.01863	0.01576	0.01066	0.30488	0.05585	0.05704	0.01831	0.02064	0.02945	0.06395	0.00881	0.00221	0.00667	0.00630	0.00599	0.26969
2	0.01016	0.00758	0.00982	0.01066	0.01218	0.00687	0.00788	0.01216	0.01494	0.02013	0.05642	0.46936	0.07966	0.01978	0.00893	0.00277	0.00479	0.14354	0.00649	0.09588
3	0.02503	0.02469	0.05912	0.01696	0.02233	0.22957	0.01405	0.34125	0.08561	0.03317	0.01609	0.01672	0.01204	0.00812	0.00691	0.00204	0.00931	0.00591	0.00578	0.06529
4	0.02517	0.01765	0.02063	0.01598	0.02141	0.01863	0.04467	0.46611	0.02871	0.11628	0.02032	0.08272	0.01602	0.00966	0.00739	0.00220	0.00748	0.00784	0.00705	0.06409
5	0.02264	0.09817	0.03620	0.01652	0.05333	0.05847	0.01301	0.17169	0.29908	0.12019	0.02254	0.02153	0.01658	0.00874	0.00699	0.00222	0.00718	0.00692	0.00662	0.01138
6	0.02093	0.01415	0.01529	0.01282	0.01678	0.01535	0.01021	0.28008	0.15275	0.07854	0.02363	0.06291	0.01846	0.00967	0.00677	0.00214	0.00588	0.00777	0.23567	0.01020
7	0.01078	0.00754	0.01045	0.01045	0.01157	0.00846	0.00780	0.01301	0.01189	0.01755	0.02057	0.03177	0.01969	0.17176	0.51373	0.00971	0.01542	0.00817	0.09353	0.00615
8	0.00997	0.00749	0.00965	0.05826	0.01327	0.00746	0.00755	0.01232	0.04651	0.01862	0.03789	0.46932	0.09720	0.13484	0.01340	0.00351	0.00513	0.03531	0.00617	0.00613
9	0.02214	0.02506	0.01904	0.01926	0.09755	0.39890	0.01336	0.08570	0.04733	0.02206	0.02423	0.02656	0.12644	0.00985	0.00719	0.00211	0.01002	0.02956	0.00481	0.00883
10	0.01048	0.00758	0.00894	0.00929	0.01010	0.00751	0.00607	0.01305	0.06885	0.01878	0.10082	0.27190	0.08084	0.32896	0.02085	0.00456	0.00544	0.01421	0.00593	0.00584
11	0.03141	0.01264	0.01683	0.01309	0.01858	0.01129	0.01075	0.03569	0.07575	0.64858	0.02875	0.02494	0.01834	0.00907	0.00732	0.00227	0.00615	0.00738	0.00886	0.01230
12	0.01612	0.01599	0.02905	0.31480	0.30984	0.01704	0.14911	0.02101	0.01586	0.02159	0.01357	0.01886	0.01069	0.00672	0.00750	0.00232	0.00977	0.00688	0.00347	0.00980
13	0.13528	0.01241	0.01553	0.01225	0.01736	0.01150	0.01005	0.05253	0.02006	0.52842	0.08688	0.02543	0.02106	0.00922	0.00704	0.00225	0.00592	0.00736	0.00823	0.01125
14	0.01044	0.00701	0.00786	0.00797	0.00829	0.00688	0.00469	0.01085	0.01153	0.01552	0.02829	0.09511	0.08281	0.59837	0.03116	0.00612	0.00639	0.01145	0.04450	0.00477
15	0.06138	0.01253	0.01474	0.05342	0.06152	0.01289	0.01048	0.11973	0.11992	0.11521	0.09277	0.03908	0.23241	0.01212	0.00765	0.00234	0.00571	0.01003	0.00679	0.00929
16	0.01955	0.05774	0.02815	0.03533	0.45179	0.15830	0.06184	0.02335	0.01733	0.02208	0.01428	0.01991	0.01242	0.00731	0.00717	0.00215	0.00963	0.03750	0.00376	0.01043
17	0.01909	0.01877	0.11973	0.05612	0.02302	0.01722	0.02918	0.17207	0.28309	0.05679	0.06090	0.02778	0.02091	0.00988	0.00756	0.00242	0.00730	0.05092	0.00646	0.01080

[dist]
# distance from previous block
# <min> <max>
4	8

[block]
# block no. 5 follows, 28 sequences, length 14
# corresponding to MSA columns:
# 265-278
name=unknown_F
#
# <colnr> <probs for GDERKNQSTAVLIFYWHMCP>
#	G	D	E	R	K	N	Q	S	T	A	V	L	I	F	Y	W	H	M	C	P
0	0.00883	0.00644	0.00831	0.00981	0.01046	0.00593	0.00661	0.01016	0.01422	0.01868	0.04388	0.66357	0.12183	0.02228	0.00920	0.00290	0.00416	0.02006	0.00675	0.00593
1	0.00962	0.00717	0.00906	0.01036	0.01133	0.00687	0.00729	0.01230	0.05624	0.01965	0.04295	0.57274	0.11664	0.02129	0.00914	0.00290	0.00444	0.06688	0.00678	0.00634
2	0.01734	0.01755	0.06724	0.37303	0.12212	0.06245	0.01846	0.12449	0.04514	0.02431	0.01712	0.02088	0.04268	0.00801	0.00726	0.00231	0.00914	0.00677	0.00427	0.00944
3	0.01042	0.00692	0.00814	0.00847	0.00873	0.00691	0.00514	0.01103	0.01159	0.01597	0.02615	0.18092	0.02974	0.51985	0.06333	0.00612	0.00687	0.01216	0.05658	0.00496
4	0.01016	0.00761	0.00948	0.00944	0.01108	0.00715	0.00691	0.01381	0.05408	0.02560	0.43199	0.20982	0.14193	0.01684	0.00867	0.00247	0.00376	0.01486	0.00753	0.00680
5	0.01632	0.01905	0.12286	0.22466	0.40000	0.01697	0.05256	0.02145	0.01587	0.02223	0.01343	0.01807	0.01068	0.00673	0.00724	0.00226	0.00938	0.00641	0.00343	0.01040
6	0.01524	0.08343	0.57544	0.02144	0.03144	0.01788	0.10969	0.02297	0.01554	0.02265	0.01306	0.01565	0.00945	0.00676	0.00697	0.00227	0.01074	0.00569	0.00315	0.01053
7	0.00940	0.00737	0.00852	0.00841	0.01044	0.00649	0.00632	0.01192	0.01810	0.02358	0.32756	0.09495	0.38702	0.01720	0.00866	0.00244	0.00370	0.03421	0.00726	0.00644
8	0.02271	0.01656	0.01817	0.01456	0.01926	0.01786	0.01188	0.47103	0.02895	0.03953	0.09603	0.05145	0.02189	0.01037	0.00742	0.00221	0.00687	0.04207	0.05777	0.04342
9	0.01583	0.12059	0.51856	0.01971	0.02906	0.01779	0.07434	0.02293	0.01584	0.04685	0.04295	0.01726	0.01225	0.00718	0.00685	0.00222	0.01002	0.00585	0.00355	0.01039
10	0.01218	0.00914	0.01082	0.01094	0.01282	0.00910	0.00809	0.10656	0.04889	0.02408	0.08561	0.39826	0.15670	0.01871	0.00879	0.00271	0.00484	0.05761	0.00693	0.00724
11	0.02139	0.01700	0.06112	0.01429	0.01904	0.06514	0.01209	0.14075	0.21501	0.16576	0.03161	0.03239	0.11366	0.01092	0.00759	0.00237	0.00684	0.04549	0.00702	0.01052
12	0.01772	0.01265	0.01410	0.01216	0.01485	0.01361	0.00906	0.29295	0.02131	0.02892	0.02255	0.11999	0.02224	0.25748	0.06817	0.00455	0.00782	0.00976	0.04188	0.00823
13	0.01653	0.01427	0.01823	0.05984	0.02131	0.01294	0.05433	0.08821	0.06522	0.02579	0.01524	0.03403	0.01255	0.00687	0.00674	0.00158	0.02962	0.00570	0.00475	0.50624

[dist]
# distance from previous block
# <min> <max>
1	6

[block]
# block no. 6 follows, 28 sequences, length 29
# corresponding to MSA columns:
# 285-313
name=unknown_G
#
# <colnr> <probs for GDERKNQSTAVLIFYWHMCP>
#	G	D	E	R	K	N	Q	S	T	A	V	L	I	F	Y	W	H	M	C	P
0	0.01524	0.01237	0.01355	0.01207	0.01567	0.01285	0.00948	0.10813	0.24632	0.02813	0.10624	0.06721	0.18982	0.01302	0.00785	0.00236	0.00528	0.05115	0.00695	0.07630
1	0.01006	0.00736	0.00907	0.00867	0.01024	0.00677	0.00627	0.01271	0.01840	0.02533	0.49315	0.05577	0.16231	0.12717	0.01293	0.00304	0.00402	0.01310	0.00725	0.00637
2	0.00966	0.00723	0.00887	0.00966	0.01105	0.00667	0.00720	0.01164	0.01572	0.02030	0.11986	0.27324	0.24078	0.08165	0.01151	0.00316	0.00471	0.14431	0.00667	0.00611
3	0.02715	0.03464	0.02060	0.01873	0.02247	0.71536	0.01404	0.02903	0.02060	0.01779	0.01124	0.01311	0.00936	0.00749	0.00655	0.00187	0.01311	0.00468	0.00375	0.00843
4	0.01449	0.01397	0.02445	0.59287	0.12015	0.01646	0.07611	0.01938	0.01498	0.01954	0.01315	0.01925	0.01000	0.00708	0.00737	0.00240	0.00979	0.00664	0.00331	0.00860
5	0.00922	0.00764	0.00814	0.00822	0.01049	0.00671	0.00617	0.01190	0.04197	0.02080	0.11820	0.11928	0.54648	0.01820	0.00865	0.00251	0.00389	0.03826	0.00687	0.00640
6	0.00874	0.00736	0.00760	0.00775	0.01008	0.00622	0.00585	0.01062	0.01645	0.01968	0.07055	0.10161	0.63760	0.01869	0.00869	0.00252	0.00384	0.04326	0.00675	0.00615
7	0.01107	0.00779	0.00941	0.00937	0.00977	0.00818	0.00600	0.03321	0.01198	0.01623	0.02427	0.14113	0.02746	0.51179	0.11019	0.00670	0.03408	0.01139	0.00473	0.00525
8	0.09735	0.01316	0.01674	0.01295	0.01849	0.01211	0.01070	0.08552	0.02116	0.59411	0.02619	0.02305	0.01668	0.00878	0.00707	0.00224	0.00628	0.00696	0.00847	0.01199
9	0.01037	0.00696	0.00799	0.00818	0.00823	0.00691	0.00468	0.01052	0.01096	0.01461	0.02490	0.12814	0.02895	0.66053	0.03377	0.00657	0.00672	0.01175	0.00468	0.00458
10	0.14850	0.01305	0.01619	0.01262	0.01808	0.01217	0.01042	0.06740	0.02023	0.56691	0.02525	0.02238	0.01615	0.00864	0.00688	0.00225	0.00620	0.00676	0.00822	0.01169
11	0.01621	0.04806	0.48779	0.02660	0.20801	0.01705	0.02476	0.02322	0.01584	0.04630	0.01368	0.01628	0.01012	0.00685	0.00694	0.00224	0.00996	0.00570	0.00341	0.01097
12	0.01536	0.00896	0.00919	0.00853	0.01086	0.00942	0.00656	0.08270	0.08359	0.02924	0.02369	0.02617	0.01838	0.00863	0.00552	0.00182	0.00407	0.00690	0.63263	0.00778
13	0.46595	0.01334	0.01493	0.28644	0.02779	0.01589	0.01257	0.01986	0.01310	0.02648	0.01129	0.01510	0.00874	0.00761	0.00642	0.03052	0.00722	0.00500	0.00396	0.00778
14	0.01586	0.01951	0.10328	0.02618	0.03243	0.01722	0.46782	0.02131	0.01588	0.02203	0.01573	0.05540	0.01312	0.01134	0.06440	0.00324	0.07361	0.00861	0.00374	0.00929
15	0.01035	0.00846	0.01085	0.01234	0.08582	0.00776	0.00799	0.01300	0.01756	0.02317	0.28248	0.07208	0.33781	0.03566	0.03997	0.00289	0.00492	0.01327	0.00666	0.00695
16	0.01801	0.50506	0.15271	0.01497	0.02097	0.02562	0.01553	0.02129	0.01428	0.01820	0.01053	0.01300	0.00934	0.00740	0.00818	0.00195	0.12594	0.00455	0.00311	0.00935
17	0.01844	0.01966	0.06190	0.03924	0.55565	0.07721	0.02133	0.02255	0.01642	0.02272	0.01311	0.01728	0.01106	0.00707	0.00841	0.00222	0.06497	0.00626	0.00355	0.01094
18	0.02885	0.01278	0.01656	0.01293	0.01804	0.01178	0.01058	0.11981	0.02260	0.52092	0.11933	0.02783	0.02422	0.00977	0.00748	0.00225	0.00605	0.00801	0.00862	0.01161
19	0.00893	0.00645	0.00832	0.00977	0.01034	0.00598	0.00652	0.01017	0.01396	0.01841	0.04201	0.64571	0.10223	0.06090	0.01070	0.00313	0.00432	0.01967	0.00662	0.00584
20	0.01027	0.00778	0.01132	0.01194	0.01331	0.00739	0.04366	0.01265	0.01573	0.02094	0.11247	0.41246	0.06983	0.02008	0.00936	0.00295	0.00525	0.19944	0.00671	0.00645
21	0.00903	0.00738	0.00798	0.00783	0.01009	0.00632	0.00587	0.01129	0.01761	0.02212	0.23591	0.06587	0.53243	0.01748	0.00859	0.00241	0.00362	0.01477	0.00708	0.00632
22	0.01032	0.00700	0.00829	0.00852	0.00868	0.00705	0.00509	0.01069	0.01112	0.01493	0.02501	0.14182	0.02879	0.59164	0.08540	0.00684	0.00761	0.01175	0.00469	0.00477
23	0.02014	0.49347	0.05864	0.01616	0.06185	0.10615	0.03936	0.02296	0.01581	0.04998	0.01208	0.01412	0.01037	0.00894	0.04079	0.00223	0.00925	0.00473	0.00355	0.00943
24	0.01751	0.02003	0.05567	0.02702	0.08223	0.07832	0.36482	0.02202	0.01588	0.02140	0.01382	0.01998	0.01153	0.00835	0.01197	0.00258	0.18506	0.02886	0.00364	0.00930
25	0.01072	0.00789	0.01042	0.01178	0.01342	0.00759	0.00983	0.01348	0.01631	0.02090	0.04544	0.17177	0.16806	0.02014	0.00966	0.00312	0.00577	0.44052	0.00671	0.00648
26	0.01716	0.01823	0.08212	0.09286	0.54274	0.01657	0.02145	0.02177	0.01618	0.02328	0.01351	0.01766	0.01113	0.00649	0.00704	0.00211	0.00863	0.00622	0.00358	0.07127
27	0.10104	0.06942	0.11441	0.09291	0.02388	0.03223	0.01449	0.22796	0.09604	0.06306	0.04167	0.01957	0.01462	0.00826	0.00669	0.00219	0.00766	0.00636	0.04720	0.01033
28	0.01102	0.00794	0.01170	0.01159	0.01262	0.00767	0.05816	0.03511	0.01376	0.01839	0.03065	0.45667	0.03541	0.10373	0.01558	0.13729	0.00566	0.01562	0.00565	0.00580

[dist]
# distance from previous block
# <min> <max>
0	1

[block]
# block no. 7 follows, 28 sequences, length 35
# corresponding to MSA columns:
# 315-349
name=unknown_H
#
# <colnr> <probs for GDERKNQSTAVLIFYWHMCP>
#	G	D	E	R	K	N	Q	S	T	A	V	L	I	F	Y	W	H	M	C	P
0	0.07462	0.08836	0.17234	0.08689	0.22634	0.06632	0.04467	0.08546	0.04351	0.02512	0.01375	0.01656	0.01073	0.00703	0.00674	0.00217	0.00916	0.00585	0.00398	0.01040
1	0.01563	0.00953	0.01039	0.00941	0.01173	0.01012	0.00724	0.14207	0.01808	0.02844	0.02190	0.02684	0.01790	0.06489	0.10170	0.00347	0.00665	0.00712	0.47923	0.00765
2	0.07794	0.01684	0.05734	0.03477	0.48295	0.01609	0.03892	0.02231	0.05023	0.02524	0.06120	0.02076	0.01585	0.00734	0.00703	0.00219	0.00788	0.00685	0.03765	0.01062
3	0.01446	0.01239	0.01470	0.03826	0.01788	0.00962	0.00884	0.01761	0.01507	0.02309	0.01681	0.04879	0.04313	0.00679	0.00577	0.00127	0.00542	0.00559	0.00448	0.69004
4	0.01979	0.71603	0.03729	0.01273	0.01883	0.06037	0.01251	0.02210	0.01504	0.01713	0.01016	0.01173	0.00933	0.00628	0.00475	0.00157	0.00802	0.00392	0.00314	0.00929
5	0.01022	0.00695	0.00912	0.00981	0.01092	0.00640	0.00688	0.01224	0.01638	0.04857	0.24610	0.46878	0.08113	0.01957	0.00895	0.00270	0.00402	0.01756	0.00723	0.00646
6	0.00929	0.00743	0.00855	0.00838	0.01049	0.00669	0.00633	0.01167	0.01713	0.02201	0.24389	0.06059	0.43729	0.02169	0.09263	0.00350	0.00549	0.01382	0.00677	0.00638
7	0.01808	0.01561	0.01644	0.01479	0.01890	0.01808	0.01151	0.03863	0.68606	0.03041	0.02959	0.02712	0.02219	0.00986	0.00740	0.00247	0.00575	0.00822	0.00740	0.01151
8	0.01076	0.00834	0.01241	0.01219	0.01340	0.00999	0.00955	0.01329	0.01164	0.01692	0.01879	0.02769	0.01758	0.05166	0.66847	0.01110	0.06809	0.00769	0.00385	0.00659
9	0.02715	0.03464	0.02060	0.01873	0.02247	0.71536	0.01404	0.02903	0.02060	0.01779	0.01124	0.01311	0.00936	0.00749	0.00655	0.00187	0.01311	0.00468	0.00375	0.00843
10	0.01726	0.01438	0.01521	0.01355	0.01747	0.01601	0.01064	0.11545	0.44820	0.03003	0.03691	0.03602	0.15348	0.01172	0.00770	0.00245	0.00567	0.03020	0.00723	0.01041
11	0.00956	0.00740	0.00870	0.00838	0.01041	0.00655	0.00628	0.01230	0.01885	0.02505	0.42738	0.06105	0.33913	0.01639	0.00858	0.00236	0.00354	0.01409	0.00746	0.00655
12	0.00893	0.00645	0.00847	0.01006	0.01064	0.00600	0.00683	0.01030	0.01417	0.01872	0.04203	0.67871	0.08677	0.02243	0.00926	0.00293	0.00426	0.04034	0.00675	0.00594
13	0.25406	0.36617	0.07273	0.03393	0.01926	0.05361	0.01238	0.02247	0.01451	0.05462	0.01130	0.01301	0.00931	0.00686	0.00568	0.00194	0.03099	0.00436	0.00384	0.00901
14	0.00898	0.00732	0.00790	0.00808	0.01018	0.00632	0.00603	0.01093	0.01652	0.02033	0.12241	0.12720	0.53127	0.03984	0.00956	0.00266	0.00396	0.04756	0.00679	0.00616
15	0.00893	0.00640	0.00860	0.01020	0.01066	0.00606	0.00686	0.01026	0.01381	0.01847	0.03904	0.70438	0.04659	0.02435	0.04445	0.00339	0.00498	0.02002	0.00661	0.00593
16	0.79588	0.01406	0.01068	0.00956	0.01406	0.01631	0.00787	0.02137	0.01237	0.03261	0.01012	0.01181	0.00787	0.00675	0.00450	0.00225	0.00562	0.00394	0.00450	0.00787
17	0.01459	0.01350	0.02186	0.48631	0.12877	0.01653	0.01882	0.01880	0.01436	0.01969	0.01327	0.01923	0.01052	0.00802	0.00948	0.00245	0.11222	0.00647	0.05667	0.00842
18	0.02185	0.01155	0.04760	0.01166	0.01577	0.00966	0.00988	0.02573	0.04726	0.34748	0.08787	0.06869	0.07547	0.01155	0.00747	0.00232	0.00551	0.05918	0.12376	0.00975
19	0.76200	0.01401	0.01117	0.04064	0.01562	0.01630	0.00841	0.02125	0.01246	0.03201	0.01024	0.01214	0.00795	0.00677	0.00462	0.00226	0.00580	0.00405	0.00444	0.00788
20	0.01280	0.01166	0.01925	0.59042	0.04253	0.01420	0.01763	0.01696	0.01442	0.01857	0.01809	0.15669	0.01701	0.01022	0.00765	0.00252	0.00865	0.00917	0.00390	0.00766
21	0.01028	0.00782	0.00956	0.00954	0.01140	0.00734	0.00723	0.01402	0.05548	0.02505	0.37445	0.13971	0.20986	0.01683	0.00873	0.00251	0.00401	0.07197	0.00741	0.00682
22	0.02132	0.57473	0.03383	0.01397	0.01959	0.19619	0.01283	0.02354	0.01619	0.01727	0.01038	0.01201	0.00934	0.00653	0.00513	0.00163	0.00907	0.00408	0.00326	0.00911
23	0.01553	0.17683	0.57597	0.01910	0.02895	0.01921	0.02403	0.02277	0.01523	0.02186	0.01247	0.01463	0.00923	0.00677	0.00647	0.00216	0.01016	0.00508	0.00308	0.01047
24	0.01144	0.00828	0.01134	0.01287	0.01461	0.00817	0.01118	0.01466	0.01672	0.02157	0.04152	0.08096	0.09833	0.01994	0.00992	0.00327	0.00643	0.59545	0.00670	0.00665
25	0.00896	0.00641	0.00853	0.01005	0.01057	0.00597	0.00676	0.01038	0.01440	0.01932	0.08731	0.69037	0.04956	0.02220	0.00923	0.00290	0.00416	0.02012	0.00684	0.00597
26	0.14230	0.11853	0.02393	0.10217	0.06887	0.11663	0.08204	0.02088	0.01469	0.02107	0.01288	0.04894	0.01158	0.01022	0.03280	0.00266	0.15124	0.00635	0.00373	0.00850
27	0.01285	0.02281	0.34354	0.01678	0.02321	0.01263	0.08021	0.01873	0.01717	0.02473	0.24777	0.09378	0.03306	0.01096	0.00785	0.00237	0.00782	0.00969	0.00513	0.00890
28	0.01035	0.00695	0.00799	0.00821	0.00827	0.00690	0.00471	0.01051	0.01101	0.01468	0.02514	0.13797	0.02925	0.65028	0.03338	0.00651	0.00668	0.01189	0.00471	0.00460
29	0.11052	0.04881	0.01721	0.01305	0.01775	0.01534	0.01068	0.22459	0.05408	0.22944	0.13883	0.04381	0.02451	0.00994	0.00713	0.00223	0.00620	0.00793	0.00739	0.01056
30	0.02711	0.01865	0.01991	0.01563	0.02100	0.05378	0.01276	0.45025	0.07274	0.16622	0.05195	0.02097	0.01656	0.00908	0.00731	0.00220	0.00755	0.00702	0.00746	0.01185
31	0.01119	0.00809	0.01105	0.01259	0.01420	0.00795	0.01074	0.01421	0.01644	0.02127	0.04139	0.14593	0.09364	0.02022	0.00985	0.00324	0.00621	0.53851	0.00670	0.00657
32	0.01743	0.01668	0.02818	0.04238	0.65783	0.01660	0.02130	0.02160	0.01655	0.02350	0.01727	0.02111	0.05260	0.00719	0.00728	0.00218	0.00834	0.00701	0.00379	0.01119
33	0.01588	0.12433	0.47235	0.02134	0.10144	0.01810	0.02265	0.05281	0.01648	0.02349	0.03479	0.01807	0.03235	0.00744	0.00677	0.00219	0.00957	0.00589	0.00359	0.01047
34	0.04662	0.19787	0.05613	0.01308	0.01846	0.01660	0.01165	0.02955	0.13244	0.30192	0.08312	0.02369	0.02037	0.00881	0.00667	0.00212	0.00647	0.00694	0.00673	0.01075

[dist]
# distance from previous block
# <min> <max>
0	1

[block]
# block no. 8 follows, 28 sequences, length 105
# corresponding to MSA columns:
# 351-455
name=unknown_I
#
# <colnr> <probs for GDERKNQSTAVLIFYWHMCP>
#	G	D	E	R	K	N	Q	S	T	A	V	L	I	F	Y	W	H	M	C	P
0	0.41824	0.08481	0.05618	0.01442	0.04516	0.13114	0.01183	0.09272	0.01654	0.02884	0.01137	0.01320	0.00900	0.00724	0.00607	0.00215	0.03321	0.00460	0.00439	0.00888
1	0.00926	0.00704	0.00820	0.00858	0.00998	0.00633	0.00599	0.01100	0.01579	0.02045	0.17821	0.25732	0.29880	0.11464	0.01253	0.00317	0.00423	0.01582	0.00668	0.00598
2	0.01594	0.04224	0.01347	0.01090	0.01438	0.03653	0.00858	0.10900	0.05041	0.09481	0.17168	0.08571	0.24686	0.01365	0.00784	0.00226	0.00522	0.01138	0.00693	0.05221
3	0.01436	0.01212	0.01428	0.01058	0.01633	0.00926	0.00837	0.01754	0.01561	0.02407	0.08490	0.04465	0.01810	0.00698	0.00585	0.00127	0.00514	0.00580	0.00478	0.68002
4	0.02023	0.67522	0.03629	0.01309	0.01905	0.09959	0.01260	0.02252	0.01537	0.01717	0.01022	0.01181	0.00933	0.00635	0.00486	0.00159	0.00832	0.00397	0.00318	0.00924
5	0.01029	0.00840	0.00884	0.00857	0.01079	0.00791	0.00623	0.01442	0.10399	0.02091	0.10892	0.05945	0.44937	0.13456	0.01303	0.00319	0.00448	0.01346	0.00655	0.00662
6	0.00964	0.00737	0.00865	0.00835	0.01022	0.00659	0.00614	0.01218	0.01822	0.02423	0.39824	0.05993	0.31230	0.07317	0.01080	0.00272	0.00381	0.01381	0.00723	0.00638
7	0.02352	0.01809	0.01926	0.01565	0.02068	0.02031	0.01264	0.41060	0.28148	0.03932	0.02228	0.02146	0.01631	0.00915	0.00724	0.00227	0.00699	0.00719	0.03370	0.01185
8	0.01038	0.00779	0.01168	0.01168	0.01298	0.00909	0.00909	0.01298	0.01168	0.01687	0.01947	0.02856	0.01817	0.05452	0.71573	0.01168	0.01947	0.00779	0.00389	0.00649
9	0.02715	0.03464	0.02060	0.01873	0.02247	0.71536	0.01404	0.02903	0.02060	0.01779	0.01124	0.01311	0.00936	0.00749	0.00655	0.00187	0.01311	0.00468	0.00375	0.00843
10	0.01893	0.01560	0.01659	0.01476	0.01898	0.01789	0.01153	0.05478	0.64163	0.05890	0.02924	0.02677	0.02176	0.00980	0.00739	0.00245	0.00583	0.00814	0.00746	0.01156
11	0.00941	0.00674	0.00897	0.01004	0.01088	0.00630	0.00706	0.01137	0.01588	0.02161	0.21784	0.51678	0.05329	0.02047	0.00913	0.00279	0.00414	0.05400	0.00709	0.00621
12	0.00906	0.00685	0.00842	0.00947	0.01067	0.00620	0.00674	0.01077	0.01529	0.01970	0.08685	0.45308	0.24348	0.02083	0.00909	0.00279	0.00419	0.06363	0.00681	0.00608
13	0.02516	0.03046	0.01968	0.01786	0.02169	0.56215	0.01349	0.03114	0.16681	0.02056	0.01527	0.01619	0.01218	0.00801	0.00674	0.00200	0.01149	0.00546	0.00455	0.00910
14	0.33058	0.02145	0.01782	0.01496	0.01961	0.21810	0.05114	0.16864	0.01996	0.03053	0.01281	0.01443	0.00986	0.00742	0.00597	0.00212	0.00862	0.00511	0.03174	0.00911
15	0.00915	0.00654	0.00878	0.01046	0.01101	0.00616	0.00726	0.01064	0.01421	0.01889	0.03990	0.67133	0.04743	0.02249	0.00936	0.00299	0.00447	0.08619	0.00674	0.00599
16	0.01433	0.01410	0.02551	0.60458	0.04794	0.01654	0.13497	0.01940	0.01500	0.01940	0.01323	0.01942	0.00993	0.00707	0.00750	0.00243	0.01014	0.00683	0.00331	0.00838
17	0.01768	0.01696	0.02895	0.09362	0.65258	0.01719	0.02216	0.02204	0.01641	0.02338	0.01362	0.01809	0.01138	0.00653	0.00720	0.00218	0.00871	0.00648	0.00357	0.01127
18	0.01461	0.00834	0.01103	0.01019	0.01256	0.00757	0.00783	0.01761	0.01952	0.16214	0.43206	0.13011	0.07328	0.01500	0.00848	0.00242	0.00426	0.04723	0.00795	0.00782
19	0.66372	0.01301	0.01047	0.03047	0.01435	0.01497	0.00785	0.02067	0.01284	0.03143	0.01210	0.01416	0.00942	0.00700	0.00466	0.00218	0.00543	0.00441	0.11314	0.00773
20	0.01391	0.01310	0.02212	0.69860	0.07714	0.01620	0.02028	0.01873	0.01462	0.01879	0.01295	0.01932	0.00977	0.00723	0.00726	0.00241	0.00965	0.00646	0.00325	0.00822
21	0.01056	0.00741	0.00907	0.00979	0.01039	0.00729	0.00639	0.05023	0.01402	0.01870	0.03297	0.46505	0.03870	0.26314	0.01842	0.00427	0.00539	0.01644	0.00600	0.00579
22	0.01885	0.65313	0.11120	0.01379	0.02054	0.02721	0.03045	0.02194	0.01489	0.01790	0.01054	0.01226	0.00936	0.00629	0.00501	0.00166	0.00821	0.00417	0.00312	0.00949
23	0.01262	0.00891	0.01130	0.01186	0.01370	0.00883	0.00938	0.08589	0.01784	0.04077	0.06346	0.31421	0.09749	0.01921	0.00921	0.00293	0.00553	0.25283	0.00689	0.00713
24	0.01417	0.00738	0.00744	0.00722	0.00909	0.00747	0.00547	0.04603	0.01608	0.02793	0.02344	0.02667	0.01835	0.00848	0.00518	0.00172	0.00359	0.00676	0.75051	0.00702
25	0.00987	0.00701	0.00894	0.01003	0.01067	0.00673	0.00671	0.03537	0.01461	0.01959	0.07378	0.58307	0.04504	0.11675	0.01281	0.00342	0.00469	0.01838	0.00653	0.00600
26	0.01229	0.00939	0.03804	0.00989	0.01235	0.00801	0.00791	0.03978	0.02007	0.06852	0.51210	0.05088	0.12242	0.04475	0.00957	0.00250	0.00423	0.01235	0.00756	0.00738
27	0.01051	0.00777	0.00997	0.00990	0.01089	0.00832	0.00711	0.01217	0.01285	0.01777	0.06732	0.09398	0.12126	0.24109	0.25603	0.00693	0.04918	0.01081	0.04025	0.00590
28	0.01062	0.00733	0.00926	0.00954	0.01013	0.00754	0.00653	0.01159	0.01189	0.01597	0.02620	0.07533	0.04973	0.42590	0.17417	0.03660	0.00937	0.09236	0.00472	0.00521
29	0.05006	0.01787	0.02450	0.30371	0.32512	0.11401	0.01973	0.02176	0.01616	0.02128	0.01289	0.01759	0.01036	0.00694	0.00702	0.00222	0.00954	0.00611	0.00351	0.00960
30	0.01458	0.03760	0.70688	0.02072	0.03146	0.01688	0.02686	0.02302	0.01535	0.02302	0.01304	0.01535	0.00921	0.00691	0.00691	0.00230	0.01074	0.00537	0.00307	0.01074
31	0.01163	0.00831	0.01160	0.01315	0.01482	0.00828	0.01144	0.01498	0.01695	0.02217	0.07539	0.08044	0.04334	0.01979	0.00996	0.00329	0.00651	0.61447	0.00677	0.00670
32	0.17239	0.09041	0.01476	0.01166	0.03958	0.01393	0.00894	0.06560	0.10139	0.02876	0.18341	0.03045	0.06791	0.01013	0.00649	0.00213	0.00515	0.00809	0.13041	0.00841
33	0.04715	0.12897	0.39371	0.01990	0.05752	0.01749	0.08879	0.02237	0.01586	0.05294	0.05110	0.04307	0.01441	0.00778	0.00688	0.00222	0.00936	0.00653	0.00388	0.01006
34	0.06772	0.01949	0.01901	0.20154	0.07130	0.21021	0.01454	0.11125	0.03891	0.02448	0.05363	0.02304	0.01597	0.03517	0.00809	0.00239	0.00919	0.03488	0.03045	0.00877
35	0.70318	0.01573	0.06221	0.04290	0.01696	0.01634	0.00982	0.02136	0.01269	0.03127	0.01046	0.01241	0.00805	0.00678	0.00480	0.00226	0.00618	0.00416	0.00434	0.00809
36	0.00999	0.00888	0.00864	0.00867	0.01082	0.04883	0.00639	0.01198	0.01704	0.02075	0.15488	0.15250	0.47935	0.01782	0.00856	0.00246	0.00428	0.01509	0.00675	0.00635
37	0.01536	0.02611	0.34364	0.02695	0.18610	0.01618	0.15187	0.02178	0.01636	0.02346	0.05727	0.02162	0.04481	0.00765	0.00748	0.00230	0.00979	0.00718	0.00378	0.01029
38	0.01611	0.01255	0.01480	0.01077	0.01680	0.00961	0.00853	0.01913	0.01524	0.07333	0.01464	0.01761	0.01218	0.04718	0.00730	0.00150	0.00554	0.00488	0.00466	0.68763
39	0.01990	0.70599	0.03704	0.01282	0.01889	0.07002	0.01253	0.02220	0.01512	0.01714	0.01017	0.01175	0.00933	0.00630	0.00478	0.00157	0.00809	0.00393	0.00315	0.00927
40	0.00886	0.00633	0.00843	0.01012	0.01054	0.00590	0.00675	0.01012	0.01392	0.01856	0.04006	0.73979	0.04808	0.02277	0.00928	0.00295	0.00422	0.02066	0.00675	0.00590
41	0.01045	0.00857	0.01280	0.24735	0.02359	0.00931	0.01112	0.01294	0.01428	0.01863	0.03309	0.46100	0.07432	0.01738	0.00857	0.00275	0.00600	0.01564	0.00558	0.00664
42	0.01941	0.01628	0.01719	0.01506	0.01941	0.01870	0.01183	0.12724	0.59528	0.03255	0.02790	0.02577	0.02082	0.00970	0.00738	0.00243	0.00607	0.00799	0.00738	0.01162
43	0.01040	0.00773	0.01137	0.01137	0.01256	0.00892	0.00870	0.01278	0.01159	0.01664	0.01976	0.03014	0.01886	0.11203	0.65916	0.01130	0.01843	0.00802	0.00394	0.00632
44	0.01917	0.01673	0.01846	0.08424	0.05907	0.04392	0.01329	0.11378	0.48185	0.03036	0.02499	0.02419	0.01875	0.00921	0.00733	0.00239	0.00683	0.00762	0.00665	0.01117
45	0.03044	0.05274	0.04204	0.01304	0.01873	0.01173	0.01121	0.03345	0.02028	0.61827	0.05179	0.02480	0.01909	0.00899	0.00720	0.00222	0.00633	0.00727	0.00843	0.01195
46	0.00947	0.00678	0.00909	0.01046	0.01125	0.00640	0.00749	0.01134	0.01526	0.02050	0.13109	0.54826	0.05002	0.02128	0.00929	0.00292	0.00447	0.11157	0.00691	0.00615
47	0.00859	0.00736	0.00736	0.00736	0.00982	0.00614	0.00552	0.01043	0.01657	0.01964	0.07364	0.06996	0.69624	0.01841	0.00859	0.00245	0.00368	0.01534	0.00675	0.00614
48	0.01718	0.26939	0.38148	0.01884	0.02735	0.06291	0.08401	0.02299	0.01565	0.02079	0.01213	0.01441	0.00943	0.00664	0.00631	0.00205	0.01006	0.00515	0.00318	0.01005
49	0.07756	0.01690	0.01750	0.01403	0.01877	0.03642	0.01140	0.42191	0.04708	0.06224	0.06287	0.02435	0.06529	0.00963	0.00703	0.00217	0.00682	0.00744	0.07997	0.01062
50	0.01017	0.00688	0.00805	0.00844	0.00854	0.00678	0.00495	0.01047	0.01136	0.01514	0.02693	0.21012	0.03151	0.57505	0.03049	0.00609	0.00638	0.01294	0.00495	0.00476
51	0.75176	0.01366	0.01053	0.00947	0.01371	0.01579	0.00768	0.02076	0.01227	0.03157	0.01084	0.01382	0.00891	0.04820	0.00632	0.00252	0.00570	0.00431	0.00449	0.00768
52	0.01468	0.01410	0.02451	0.56506	0.15923	0.01649	0.06402	0.01952	0.01505	0.01976	0.01317	0.01916	0.01009	0.00706	0.00734	0.00238	0.00968	0.00660	0.00332	0.00877
53	0.02612	0.01853	0.02005	0.01563	0.02094	0.02032	0.01276	0.54722	0.06836	0.08242	0.01928	0.02012	0.01411	0.04133	0.00852	0.00240	0.00755	0.00687	0.03572	0.01176
54	0.79588	0.01406	0.01068	0.00956	0.01406	0.01631	0.00787	0.02137	0.01237	0.03261	0.01012	0.01181	0.00787	0.00675	0.00450	0.00225	0.00562	0.00394	0.00450	0.00787
55	0.02620	0.03237	0.02127	0.02032	0.06564	0.62157	0.01463	0.05210	0.02052	0.01920	0.01156	0.01368	0.00962	0.00765	0.00721	0.00195	0.03700	0.00492	0.00385	0.00875
56	0.00984	0.00793	0.00882	0.00857	0.01083	0.00721	0.00643	0.01351	0.06479	0.02356	0.27875	0.08190	0.41820	0.01675	0.00852	0.00241	0.00376	0.01426	0.00722	0.00675
57	0.04295	0.06108	0.47674	0.02257	0.12146	0.03756	0.02309	0.02228	0.01566	0.02318	0.04947	0.01749	0.01270	0.00748	0.00748	0.00227	0.03690	0.00585	0.00348	0.01031
58	0.01484	0.06144	0.65887	0.02081	0.03127	0.01735	0.05063	0.02299	0.01539	0.02283	0.01301	0.01538	0.00928	0.00685	0.00689	0.00228	0.01070	0.00544	0.00309	0.01066
59	0.02882	0.01846	0.02064	0.01582	0.02159	0.01972	0.01307	0.52268	0.03099	0.20258	0.02012	0.01919	0.01370	0.00879	0.00728	0.00220	0.00757	0.00673	0.00768	0.01236
60	0.00899	0.00650	0.00854	0.01012	0.01074	0.00605	0.00693	0.01041	0.01424	0.01880	0.04219	0.66021	0.09047	0.02234	0.00927	0.00294	0.00432	0.05422	0.00674	0.00596
61	0.01535	0.01424	0.02320	0.52417	0.18530	0.01671	0.02001	0.04492	0.04539	0.02122	0.01399	0.01936	0.01073	0.00727	0.00726	0.00236	0.00923	0.00654	0.00364	0.00912
62	0.00950	0.00651	0.00845	0.00973	0.01036	0.00620	0.00660	0.01108	0.01420	0.01971	0.07242	0.58384	0.04450	0.04859	0.03599	0.00327	0.00476	0.01810	0.08021	0.00600
63	0.01050	0.00702	0.00795	0.00803	0.00804	0.00700	0.00451	0.01055	0.01072	0.01429	0.02366	0.07818	0.02738	0.71262	0.03577	0.00687	0.00692	0.01102	0.00451	0.00447
64	0.02082	0.21814	0.06469	0.12558	0.08078	0.22351	0.01587	0.07107	0.04829	0.02108	0.01270	0.01524	0.01037	0.00740	0.00697	0.00202	0.03696	0.00528	0.00385	0.00940
65	0.01604	0.14729	0.51190	0.01927	0.04754	0.01808	0.02274	0.02282	0.01534	0.05264	0.01365	0.01598	0.01018	0.00944	0.04475	0.00268	0.01047	0.00539	0.00340	0.01039
66	0.01161	0.00829	0.01159	0.01327	0.01489	0.00828	0.01153	0.01488	0.01663	0.02164	0.03854	0.10607	0.04206	0.02018	0.01001	0.00333	0.00660	0.62722	0.00670	0.00666
67	0.01799	0.01727	0.02950	0.04462	0.69919	0.01727	0.02231	0.02231	0.01655	0.02375	0.01367	0.01799	0.01151	0.00648	0.00720	0.00216	0.00864	0.00648	0.00360	0.01151
68	0.01431	0.01308	0.02179	0.05847	0.04737	0.01383	0.18524	0.04782	0.05641	0.02254	0.05123	0.22325	0.02528	0.04189	0.01134	0.00279	0.09654	0.01154	0.04711	0.00817
69	0.08295	0.01475	0.02413	0.36160	0.29456	0.01643	0.03906	0.02028	0.01526	0.02200	0.01377	0.02005	0.01122	0.00726	0.00712	0.00233	0.00892	0.02530	0.00360	0.00939
70	0.28559	0.01859	0.08280	0.05323	0.10632	0.01732	0.28879	0.02229	0.01518	0.02634	0.01280	0.01638	0.00979	0.00649	0.00682	0.00233	0.00932	0.00639	0.00388	0.00934
71	0.00874	0.00736	0.00749	0.00747	0.00980	0.00620	0.00554	0.01059	0.01653	0.01986	0.09996	0.06843	0.64328	0.04483	0.00963	0.00262	0.00379	0.01507	0.00672	0.00611
72	0.01292	0.01045	0.01649	0.37068	0.03125	0.01197	0.04337	0.01686	0.01498	0.02133	0.05608	0.11814	0.02034	0.01134	0.02792	0.00258	0.00754	0.00890	0.18942	0.00745
73	0.01571	0.01290	0.01514	0.01084	0.01727	0.00973	0.00869	0.01892	0.01528	0.04825	0.01349	0.01542	0.01103	0.00551	0.00545	0.00112	0.00541	0.00442	0.00448	0.76094
74	0.02763	0.02036	0.02182	0.01672	0.02254	0.02254	0.01382	0.67496	0.03418	0.04581	0.01745	0.01745	0.01236	0.00873	0.00727	0.00218	0.00800	0.00654	0.00727	0.01236
75	0.01005	0.00798	0.00888	0.00868	0.01098	0.00717	0.00664	0.04090	0.01825	0.02323	0.22156	0.08889	0.44785	0.01736	0.00864	0.00247	0.00401	0.05276	0.00708	0.00662
76	0.01189	0.01007	0.01551	0.01414	0.01550	0.01217	0.05014	0.01440	0.01186	0.01728	0.01735	0.02623	0.01635	0.06889	0.51169	0.00928	0.15894	0.00766	0.00376	0.00690
77	0.00938	0.00736	0.00848	0.00827	0.01032	0.00646	0.00618	0.01194	0.01835	0.02401	0.36044	0.08246	0.38659	0.01690	0.00860	0.00239	0.00358	0.01448	0.00733	0.00646
78	0.01039	0.00776	0.01155	0.01155	0.01280	0.00901	0.00892	0.01289	0.01164	0.01677	0.01960	0.02925	0.01847	0.07966	0.69100	0.01151	0.01902	0.00789	0.00391	0.00641
79	0.01438	0.01358	0.02298	0.62285	0.14919	0.01632	0.02051	0.01914	0.01484	0.01936	0.01303	0.01917	0.00997	0.00715	0.00726	0.00238	0.00953	0.00646	0.00329	0.00860
80	0.02798	0.01766	0.01992	0.01545	0.02095	0.01873	0.01268	0.48084	0.02981	0.21121	0.02139	0.05426	0.01552	0.00947	0.00738	0.00224	0.00736	0.00742	0.00768	0.01205
81	0.00912	0.00651	0.00874	0.01042	0.01096	0.00613	0.00721	0.01058	0.01418	0.01885	0.03992	0.67887	0.04750	0.02252	0.00935	0.00299	0.00445	0.07898	0.00674	0.00598
82	0.00885	0.00737	0.00772	0.00764	0.00998	0.00625	0.00573	0.01093	0.01718	0.02109	0.16877	0.06756	0.60020	0.01787	0.00859	0.00243	0.00364	0.01501	0.00694	0.00625
83	0.02269	0.22522	0.02630	0.01606	0.02096	0.13685	0.05978	0.21543	0.02147	0.05667	0.01466	0.01740	0.01194	0.04751	0.00905	0.00228	0.05228	0.00588	0.02774	0.00982
84	0.02271	0.02520	0.01745	0.03457	0.01995	0.42741	0.01209	0.08427	0.05953	0.02247	0.01893	0.02057	0.05628	0.01000	0.02801	0.00226	0.01035	0.00618	0.11324	0.00852
85	0.01106	0.00758	0.00972	0.01071	0.01171	0.00730	0.00741	0.06044	0.01566	0.04385	0.03800	0.66179	0.04440	0.02126	0.00906	0.00287	0.00457	0.01916	0.00686	0.00660
86	0.01920	0.01956	0.02833	0.04121	0.61017	0.10910	0.02122	0.02319	0.01708	0.02296	0.01335	0.01735	0.01123	0.00661	0.00711	0.00212	0.00922	0.00624	0.00362	0.01111
87	0.01775	0.01703	0.02907	0.08296	0.66272	0.01721	0.02219	0.02210	0.01644	0.02346	0.01363	0.01807	0.01141	0.00652	0.00720	0.00217	0.00869	0.00648	0.00358	0.01132
88	0.01569	0.01097	0.01421	0.05663	0.01845	0.01151	0.01216	0.10989	0.06696	0.06939	0.03284	0.09859	0.03321	0.01644	0.00908	0.00297	0.00682	0.39919	0.00677	0.00823
89	0.74893	0.01547	0.05252	0.01023	0.01510	0.01634	0.00901	0.02147	0.01255	0.03204	0.01030	0.01202	0.00795	0.00676	0.00464	0.00225	0.00593	0.00402	0.00441	0.00804
90	0.01819	0.11916	0.03070	0.04014	0.60442	0.01887	0.02093	0.02223	0.01630	0.02282	0.01318	0.01711	0.01121	0.00644	0.00684	0.00207	0.00852	0.00612	0.00353	0.01121
91	0.01007	0.00709	0.00900	0.00930	0.01020	0.00674	0.00642	0.01198	0.01588	0.02185	0.30357	0.23450	0.05022	0.21668	0.01661	0.00382	0.00480	0.04874	0.00662	0.00593
