[name]
unknown

[dist]
# distance from previous block
# <min> <max>
16	43

[block]
# block no. 0 follows, 26 sequences, length 6
# corresponding to MSA columns:
# 56-61
name=unknown_A
#
# <colnr> <probs for GDERKNQSTAVLIFYWHMCP>
#	G	D	E	R	K	N	Q	S	T	A	V	L	I	F	Y	W	H	M	C	P
0	0.06994	0.01595	0.02725	0.30311	0.18476	0.01682	0.14421	0.02138	0.01608	0.02317	0.01382	0.01889	0.01081	0.00691	0.00741	0.00230	0.00958	0.00674	0.00377	0.09711
1	0.01686	0.01414	0.01795	0.01396	0.01935	0.01280	0.06212	0.10883	0.07753	0.02817	0.06042	0.11127	0.02123	0.00951	0.00707	0.00186	0.00633	0.00829	0.00572	0.39662
2	0.08949	0.01789	0.02720	0.27832	0.13697	0.07884	0.15332	0.02303	0.01657	0.05421	0.01419	0.01884	0.01089	0.00751	0.00829	0.00245	0.04158	0.00684	0.00398	0.00957
3	0.01660	0.01457	0.02277	0.16700	0.20662	0.01519	0.06712	0.10437	0.01933	0.02650	0.09506	0.13427	0.02442	0.01082	0.00807	0.00243	0.00797	0.00995	0.00526	0.04168
4	0.08171	0.01592	0.02223	0.20773	0.20829	0.01744	0.01713	0.11115	0.10223	0.08176	0.02031	0.02263	0.04171	0.00850	0.00741	0.00240	0.00815	0.00724	0.00534	0.01072
5	0.15600	0.01867	0.04439	0.01953	0.07646	0.07751	0.11491	0.06556	0.09302	0.16734	0.01887	0.01964	0.01366	0.00785	0.00707	0.00226	0.00835	0.00664	0.00584	0.07644

[dist]
# distance from previous block
# <min> <max>
4	25

[block]
# block no. 1 follows, 26 sequences, length 11
# corresponding to MSA columns:
# 87-97
name=unknown_B
#
# <colnr> <probs for GDERKNQSTAVLIFYWHMCP>
#	G	D	E	R	K	N	Q	S	T	A	V	L	I	F	Y	W	H	M	C	P
0	0.02088	0.05906	0.06379	0.04885	0.16079	0.01795	0.04384	0.11999	0.16454	0.08961	0.01959	0.02060	0.01474	0.00799	0.00721	0.00218	0.00784	0.00681	0.00573	0.11802
1	0.05278	0.01594	0.02182	0.07490	0.04581	0.04904	0.12412	0.09414	0.06467	0.08824	0.06310	0.06583	0.04522	0.00974	0.00768	0.00227	0.00793	0.02490	0.00580	0.13606
2	0.11778	0.01878	0.04829	0.07301	0.12230	0.05365	0.07671	0.15291	0.11209	0.03061	0.01840	0.02313	0.01484	0.00869	0.00736	0.00236	0.00849	0.04659	0.00542	0.05860
3	0.02143	0.01983	0.02554	0.06203	0.19109	0.08950	0.09012	0.18127	0.10264	0.03020	0.01801	0.02185	0.01435	0.00833	0.00762	0.00228	0.00912	0.03067	0.00536	0.06875
4	0.02542	0.08062	0.02234	0.01708	0.02219	0.18969	0.01373	0.29294	0.19709	0.03404	0.01932	0.01926	0.01456	0.00889	0.00722	0.00222	0.00902	0.00659	0.00637	0.01141
5	0.05620	0.01860	0.01846	0.01790	0.08287	0.11437	0.01270	0.13608	0.25326	0.06785	0.02530	0.02616	0.05195	0.04577	0.00893	0.00259	0.00765	0.00779	0.03482	0.01074
6	0.06388	0.01256	0.01411	0.01238	0.01593	0.01293	0.00980	0.18862	0.05998	0.08488	0.16715	0.11672	0.14425	0.01436	0.00833	0.00253	0.00569	0.04914	0.00753	0.00923
7	0.71454	0.01530	0.01226	0.01069	0.01552	0.01764	0.00881	0.08333	0.01508	0.03535	0.01129	0.01288	0.00866	0.00724	0.00497	0.00234	0.00610	0.00437	0.00497	0.00866
8	0.01103	0.00735	0.00827	0.00827	0.00827	0.00735	0.00460	0.01103	0.01103	0.01471	0.02390	0.04964	0.02758	0.73343	0.03861	0.00735	0.00735	0.01103	0.00460	0.00460
9	0.50306	0.01828	0.01509	0.01287	0.01778	0.08303	0.01044	0.17079	0.05186	0.03563	0.01344	0.01460	0.01018	0.00775	0.00571	0.00231	0.00718	0.00503	0.00544	0.00954
10	0.26657	0.05864	0.01869	0.05123	0.08354	0.01749	0.01246	0.13102	0.07038	0.14071	0.02028	0.02244	0.03490	0.00890	0.00667	0.00236	0.00701	0.03021	0.00610	0.01042

[dist]
# distance from previous block
# <min> <max>
1	3

[block]
# block no. 2 follows, 26 sequences, length 119
# corresponding to MSA columns:
# 101-171,180-182,186-229,234
name=unknown_C
#
# <colnr> <probs for GDERKNQSTAVLIFYWHMCP>
#	G	D	E	R	K	N	Q	S	T	A	V	L	I	F	Y	W	H	M	C	P
0	0.01850	0.01842	0.02819	0.13840	0.46164	0.07295	0.04841	0.02288	0.01728	0.02339	0.01493	0.02101	0.01268	0.00743	0.00756	0.00228	0.00951	0.03000	0.00386	0.04067
1	0.01627	0.12729	0.52588	0.02283	0.07710	0.01934	0.06175	0.02382	0.01613	0.02329	0.01336	0.01596	0.00990	0.00704	0.00702	0.00230	0.01074	0.00568	0.00328	0.01102
2	0.01499	0.01528	0.06671	0.01567	0.02140	0.01205	0.12026	0.02025	0.06734	0.02406	0.02093	0.16260	0.02003	0.00992	0.00729	0.00197	0.00701	0.00912	0.00506	0.37806
3	0.01457	0.01227	0.01421	0.01530	0.06757	0.03562	0.01039	0.04868	0.22170	0.02579	0.09089	0.31837	0.06125	0.01620	0.00863	0.00271	0.00565	0.01429	0.00702	0.00891
4	0.01318	0.00659	0.00988	0.00988	0.00988	0.00659	0.00659	0.00988	0.00988	0.01318	0.01318	0.02306	0.01318	0.02635	0.02964	0.77931	0.00659	0.00659	0.00329	0.00329
5	0.01703	0.01831	0.03642	0.18058	0.08462	0.01908	0.39887	0.02243	0.01651	0.02253	0.01422	0.01983	0.01105	0.00750	0.01046	0.00262	0.09650	0.00804	0.00367	0.00973
6	0.01414	0.00707	0.00707	0.00707	0.00884	0.00707	0.00530	0.01767	0.01591	0.02828	0.02474	0.02828	0.01944	0.00884	0.00530	0.00177	0.00353	0.00707	0.77554	0.00707
7	0.01165	0.00803	0.00999	0.00933	0.01154	0.00721	0.00706	0.01481	0.02051	0.06585	0.50342	0.05872	0.21144	0.01602	0.00888	0.00242	0.00380	0.01390	0.00810	0.00731
8	0.01621	0.03258	0.46950	0.02635	0.08678	0.01806	0.19434	0.02403	0.01661	0.02415	0.01412	0.01741	0.01030	0.00696	0.00769	0.00243	0.01145	0.00658	0.00341	0.01102
9	0.50731	0.02025	0.01473	0.01304	0.01755	0.18463	0.01038	0.07988	0.01697	0.03087	0.01187	0.01380	0.00940	0.00922	0.03087	0.00260	0.00852	0.00468	0.00473	0.00871
10	0.01414	0.00707	0.00707	0.00707	0.00884	0.00707	0.00530	0.01767	0.01591	0.02828	0.02474	0.02828	0.01944	0.00884	0.00530	0.00177	0.00353	0.00707	0.77554	0.00707
11	0.78701	0.01467	0.01115	0.00997	0.01467	0.01702	0.00821	0.02230	0.01291	0.03403	0.01056	0.01232	0.00821	0.00704	0.00469	0.00235	0.00587	0.00411	0.00469	0.00821
12	0.03403	0.01291	0.01760	0.01350	0.01936	0.01115	0.01115	0.03697	0.02171	0.69137	0.02992	0.02582	0.01878	0.00939	0.00763	0.00235	0.00645	0.00763	0.00939	0.01291
13	0.01414	0.00707	0.00707	0.00707	0.00884	0.00707	0.00530	0.01767	0.01591	0.02828	0.02474	0.02828	0.01944	0.00884	0.00530	0.00177	0.00353	0.00707	0.77554	0.00707
14	0.01414	0.00707	0.00707	0.00707	0.00884	0.00707	0.00530	0.01767	0.01591	0.02828	0.02474	0.02828	0.01944	0.00884	0.00530	0.00177	0.00353	0.00707	0.77554	0.00707
15	0.01877	0.01802	0.03079	0.04656	0.68612	0.01802	0.02328	0.02328	0.01727	0.02478	0.01427	0.01877	0.01201	0.00676	0.00751	0.00225	0.00901	0.00676	0.00375	0.01201
16	0.00922	0.00668	0.00872	0.01036	0.01095	0.00618	0.00695	0.01058	0.01471	0.01944	0.04422	0.68327	0.09382	0.02345	0.00963	0.00304	0.00436	0.02118	0.00704	0.00618
17	0.02417	0.26141	0.10626	0.01628	0.02300	0.01904	0.09099	0.02806	0.01846	0.27539	0.05089	0.02091	0.01631	0.00809	0.00687	0.00214	0.00818	0.00664	0.00588	0.01105
18	0.01877	0.01802	0.03079	0.04656	0.68612	0.01802	0.02328	0.02328	0.01727	0.02478	0.01427	0.01877	0.01201	0.00676	0.00751	0.00225	0.00901	0.00676	0.00375	0.01201
19	0.62987	0.16292	0.01701	0.01059	0.01565	0.01968	0.00919	0.02238	0.01342	0.03071	0.01056	0.01229	0.00853	0.00693	0.00473	0.00220	0.00633	0.00410	0.00440	0.00853
20	0.01511	0.01262	0.01459	0.01095	0.01648	0.01008	0.00842	0.01880	0.04610	0.02342	0.01600	0.02183	0.01445	0.12394	0.01107	0.00220	0.00592	0.00575	0.00466	0.61762
21	0.02954	0.04684	0.02154	0.01627	0.02200	0.08965	0.01334	0.36588	0.05661	0.22874	0.02118	0.02015	0.01459	0.00901	0.00743	0.00225	0.00824	0.00683	0.00757	0.01233
22	0.01101	0.00743	0.00866	0.00866	0.00879	0.00756	0.00508	0.01128	0.01114	0.01499	0.02355	0.04769	0.02673	0.66687	0.10401	0.00783	0.00863	0.01074	0.00454	0.00481
23	0.02501	0.01276	0.01631	0.01230	0.01823	0.01044	0.00999	0.02817	0.01930	0.37643	0.07057	0.02401	0.01958	0.00832	0.00692	0.00186	0.00591	0.00681	0.00735	0.31972
24	0.02329	0.01787	0.01918	0.01604	0.02106	0.02009	0.01282	0.26153	0.40805	0.07514	0.02630	0.02456	0.01924	0.00982	0.00767	0.00245	0.00686	0.00790	0.00777	0.01238
25	0.01694	0.01344	0.01585	0.01138	0.01807	0.01018	0.00913	0.02028	0.01612	0.06883	0.01457	0.01640	0.01173	0.00587	0.00575	0.00120	0.00567	0.00470	0.00482	0.72905
26	0.01626	0.18401	0.55855	0.01983	0.03006	0.02018	0.02491	0.02375	0.01589	0.02274	0.01298	0.01522	0.00963	0.00706	0.00672	0.00224	0.01057	0.00528	0.00321	0.01090
27	0.01521	0.03923	0.69413	0.02162	0.03283	0.01762	0.02802	0.02402	0.01601	0.02402	0.01361	0.01601	0.00961	0.00721	0.00721	0.00240	0.01121	0.00560	0.00320	0.01121
28	0.00925	0.00769	0.00806	0.00802	0.01038	0.00662	0.00596	0.01125	0.01715	0.02088	0.11675	0.06920	0.58668	0.04854	0.03720	0.00311	0.00460	0.01534	0.00693	0.00640
29	0.01086	0.00728	0.00832	0.00850	0.00854	0.00724	0.00484	0.01098	0.01137	0.01516	0.02565	0.11617	0.02979	0.66387	0.03577	0.00693	0.00706	0.01206	0.00484	0.00475
30	0.02150	0.43397	0.06137	0.01570	0.02187	0.09267	0.04442	0.09648	0.10229	0.02358	0.01446	0.01560	0.01188	0.00742	0.00602	0.00193	0.00877	0.00532	0.00439	0.01037
31	0.02227	0.51682	0.06191	0.01513	0.02111	0.21376	0.01406	0.02484	0.01710	0.01830	0.01100	0.01274	0.00974	0.00688	0.00550	0.00175	0.00976	0.00435	0.00342	0.00954
32	0.01601	0.01373	0.01585	0.01161	0.01813	0.01089	0.00926	0.02098	0.07396	0.02534	0.01502	0.01684	0.01229	0.00603	0.00580	0.00125	0.00565	0.00486	0.00478	0.71172
33	0.05819	0.13539	0.02350	0.01540	0.02121	0.02180	0.01303	0.39594	0.05471	0.12874	0.01902	0.01883	0.01367	0.00867	0.00695	0.00218	0.00767	0.00646	0.03673	0.01193
34	0.02028	0.73799	0.03975	0.01298	0.01947	0.03001	0.01298	0.02271	0.01541	0.01785	0.01055	0.01217	0.00973	0.00649	0.00487	0.00162	0.00811	0.00406	0.00324	0.00973
35	0.00977	0.00767	0.00883	0.00865	0.01077	0.00673	0.00644	0.01241	0.01904	0.02489	0.34643	0.09513	0.38066	0.01776	0.00899	0.00251	0.00375	0.01523	0.00763	0.00673
36	0.01556	0.03698	0.61908	0.02340	0.05974	0.01775	0.07468	0.02401	0.01621	0.02407	0.01377	0.01646	0.00985	0.00713	0.00735	0.00241	0.01124	0.00590	0.00327	0.01117
37	0.00924	0.00660	0.00880	0.01056	0.01100	0.00616	0.00704	0.01056	0.01452	0.01936	0.04181	0.72848	0.05017	0.02376	0.00968	0.00308	0.00440	0.02156	0.00704	0.00616
38	0.01086	0.00801	0.01161	0.01161	0.01277	0.00917	0.00876	0.01317	0.01202	0.01718	0.02085	0.03272	0.02023	0.15665	0.60535	0.01148	0.01841	0.00855	0.00414	0.00645
39	0.01809	0.01853	0.02574	0.35128	0.29827	0.11597	0.02102	0.02249	0.01691	0.02139	0.01354	0.01871	0.01081	0.00729	0.00745	0.00234	0.01019	0.00648	0.00360	0.00990
40	0.02883	0.02125	0.02276	0.01745	0.02352	0.02352	0.01442	0.66082	0.03566	0.04780	0.01821	0.01821	0.01290	0.00911	0.00759	0.00228	0.00835	0.00683	0.00759	0.01290
41	0.01048	0.00749	0.01023	0.01198	0.01296	0.00723	0.00920	0.01271	0.01575	0.02075	0.04112	0.46095	0.04746	0.02259	0.01001	0.00325	0.00548	0.27685	0.00702	0.00650
42	0.01068	0.00856	0.00965	0.00923	0.01163	0.00794	0.00696	0.01522	0.08326	0.02578	0.32772	0.06172	0.36036	0.01677	0.00883	0.00249	0.00394	0.01431	0.00766	0.00727
43	0.78701	0.01467	0.01115	0.00997	0.01467	0.01702	0.00821	0.02230	0.01291	0.03403	0.01056	0.01232	0.00821	0.00704	0.00469	0.00235	0.00587	0.00411	0.00469	0.00821
44	0.01913	0.11123	0.07810	0.01450	0.02099	0.03825	0.03903	0.11738	0.01956	0.05436	0.04714	0.02058	0.01542	0.00765	0.00654	0.00175	0.00737	0.02765	0.00511	0.34827
45	0.02005	0.70660	0.06915	0.01337	0.02007	0.02946	0.01365	0.02277	0.01544	0.01812	0.01068	0.01234	0.00973	0.00652	0.00497	0.00166	0.00825	0.00413	0.00324	0.00980
46	0.78701	0.01467	0.01115	0.00997	0.01467	0.01702	0.00821	0.02230	0.01291	0.03403	0.01056	0.01232	0.00821	0.00704	0.00469	0.00235	0.00587	0.00411	0.00469	0.00821
47	0.01318	0.00659	0.00988	0.00988	0.00988	0.00659	0.00659	0.00988	0.00988	0.01318	0.01318	0.02306	0.01318	0.02635	0.02964	0.77931	0.00659	0.00659	0.00329	0.00329
48	0.01414	0.00707	0.00707	0.00707	0.00884	0.00707	0.00530	0.01767	0.01591	0.02828	0.02474	0.02828	0.01944	0.00884	0.00530	0.00177	0.00353	0.00707	0.77554	0.00707
49	0.00944	0.00769	0.00837	0.00837	0.01067	0.00662	0.00630	0.01173	0.01805	0.02254	0.19763	0.09334	0.51515	0.01867	0.00904	0.00257	0.00391	0.03600	0.00731	0.00657
50	0.01941	0.02129	0.02282	0.01982	0.02076	0.18651	0.01613	0.02114	0.01399	0.01833	0.01038	0.01589	0.00991	0.01196	0.02056	0.00299	0.54999	0.00622	0.00346	0.00842
51	0.01085	0.00780	0.01070	0.01076	0.01161	0.00862	0.00768	0.01256	0.01187	0.01666	0.02235	0.06213	0.02311	0.29219	0.44577	0.01017	0.01521	0.00963	0.00436	0.00599
52	0.01819	0.27352	0.40904	0.01852	0.02743	0.08842	0.02167	0.02419	0.01634	0.02142	0.01240	0.01450	0.00967	0.00702	0.00639	0.00210	0.01041	0.00501	0.00329	0.01048
53	0.01878	0.01794	0.03018	0.04516	0.65617	0.01806	0.02277	0.02404	0.04671	0.02509	0.01501	0.01920	0.01252	0.00692	0.00752	0.00227	0.00888	0.00684	0.00393	0.01201
54	0.09003	0.01891	0.01995	0.01573	0.02125	0.04513	0.01286	0.41823	0.06040	0.14768	0.05775	0.02146	0.01719	0.00936	0.00741	0.00230	0.00765	0.00714	0.00755	0.01200
55	0.02062	0.01654	0.01768	0.01551	0.02004	0.01884	0.01217	0.09550	0.57841	0.07084	0.02969	0.02726	0.02199	0.01013	0.00770	0.00253	0.00624	0.00837	0.00780	0.01214
56	0.01432	0.01348	0.02275	0.71520	0.05224	0.01685	0.02107	0.01938	0.01517	0.01938	0.01348	0.02022	0.01011	0.00758	0.00758	0.00253	0.01011	0.00674	0.00337	0.00843
57	0.01880	0.01755	0.02706	0.03804	0.50376	0.01825	0.02019	0.02794	0.19655	0.02668	0.01881	0.02138	0.01506	0.00772	0.00757	0.00234	0.00819	0.00726	0.00484	0.01201
58	0.01414	0.00707	0.00707	0.00707	0.00884	0.00707	0.00530	0.01767	0.01591	0.02828	0.02474	0.02828	0.01944	0.00884	0.00530	0.00177	0.00353	0.00707	0.77554	0.00707
59	0.02804	0.02065	0.02219	0.01717	0.02301	0.02282	0.01412	0.63435	0.03480	0.04665	0.01917	0.04713	0.01442	0.00970	0.00767	0.00231	0.00819	0.00743	0.00757	0.01262
60	0.00896	0.00768	0.00768	0.00768	0.01025	0.00640	0.00576	0.01089	0.01729	0.02049	0.07684	0.07300	0.68304	0.01921	0.00896	0.00256	0.00384	0.01601	0.00704	0.00640
61	0.01084	0.00813	0.01219	0.01219	0.01354	0.00948	0.00948	0.01354	0.01219	0.01761	0.02032	0.02980	0.01896	0.05689	0.70337	0.01219	0.02032	0.00813	0.00406	0.00677
62	0.02602	0.02088	0.07806	0.01543	0.02168	0.13199	0.01331	0.14669	0.02233	0.23697	0.01923	0.01903	0.01352	0.00797	0.00696	0.00198	0.00826	0.00608	0.00639	0.19722
63	0.01907	0.57097	0.19616	0.01504	0.02266	0.02705	0.01657	0.02303	0.01556	0.01932	0.01128	0.01309	0.00970	0.00666	0.00543	0.00181	0.00885	0.00443	0.00323	0.01009
64	0.01432	0.01348	0.02275	0.71520	0.05224	0.01685	0.02107	0.01938	0.01517	0.01938	0.01348	0.02022	0.01011	0.00758	0.00758	0.00253	0.01011	0.00674	0.00337	0.00843
65	0.01573	0.01348	0.01573	0.01123	0.01798	0.01011	0.00899	0.01910	0.01573	0.02472	0.01348	0.01573	0.01123	0.00562	0.00562	0.00112	0.00562	0.00449	0.00449	0.77980
66	0.01084	0.00813	0.01219	0.01219	0.01354	0.00948	0.00948	0.01354	0.01219	0.01761	0.02032	0.02980	0.01896	0.05689	0.70337	0.01219	0.02032	0.00813	0.00406	0.00677
67	0.01103	0.00735	0.00827	0.00827	0.00827	0.00735	0.00460	0.01103	0.01103	0.01471	0.02390	0.04964	0.02758	0.73343	0.03861	0.00735	0.00735	0.01103	0.00460	0.00460
68	0.01414	0.00707	0.00707	0.00707	0.00884	0.00707	0.00530	0.01767	0.01591	0.02828	0.02474	0.02828	0.01944	0.00884	0.00530	0.00177	0.00353	0.00707	0.77554	0.00707
69	0.01432	0.01348	0.02275	0.71520	0.05224	0.01685	0.02107	0.01938	0.01517	0.01938	0.01348	0.02022	0.01011	0.00758	0.00758	0.00253	0.01011	0.00674	0.00337	0.00843
70	0.01352	0.00837	0.01103	0.01002	0.01229	0.00763	0.00763	0.01702	0.02150	0.10949	0.60409	0.05297	0.06525	0.01477	0.00879	0.00238	0.00392	0.01299	0.00847	0.00785
71	0.01521	0.03923	0.69413	0.02162	0.03283	0.01762	0.02802	0.02402	0.01601	0.02402	0.01361	0.01601	0.00961	0.00721	0.00721	0.00240	0.01121	0.00560	0.00320	0.01121
72	0.01866	0.01459	0.03768	0.01214	0.01888	0.01112	0.01012	0.05195	0.01744	0.11056	0.01580	0.01714	0.01222	0.00631	0.00602	0.00137	0.00603	0.00504	0.00522	0.62171
73	0.01985	0.31475	0.27284	0.01630	0.02435	0.04895	0.01798	0.02472	0.01658	0.09323	0.01405	0.01541	0.01079	0.00704	0.00616	0.00195	0.00907	0.00508	0.00403	0.07687
74	0.01028	0.00774	0.00950	0.00906	0.01105	0.00696	0.00680	0.01343	0.02039	0.02785	0.52548	0.06089	0.22981	0.01646	0.00895	0.00243	0.00365	0.01431	0.00801	0.00696
75	0.01103	0.00735	0.00827	0.00827	0.00827	0.00735	0.00460	0.01103	0.01103	0.01471	0.02390	0.04964	0.02758	0.73343	0.03861	0.00735	0.00735	0.01103	0.00460	0.00460
76	0.01721	0.05798	0.21159	0.03248	0.29777	0.01860	0.12526	0.02275	0.01642	0.02347	0.01483	0.04528	0.01250	0.00795	0.00891	0.00242	0.06275	0.00723	0.00369	0.01090
77	0.02347	0.01980	0.02375	0.02355	0.15811	0.04990	0.04449	0.30071	0.20984	0.03628	0.02057	0.02107	0.01541	0.00878	0.00764	0.00235	0.00825	0.00732	0.00652	0.01217
78	0.00924	0.00660	0.00880	0.01056	0.01100	0.00616	0.00704	0.01056	0.01452	0.01936	0.04181	0.72848	0.05017	0.02376	0.00968	0.00308	0.00440	0.02156	0.00704	0.00616
79	0.01086	0.00803	0.01172	0.01172	0.01291	0.00923	0.00890	0.01324	0.01205	0.01726	0.02075	0.03217	0.01999	0.13783	0.62384	0.01161	0.01877	0.00847	0.00413	0.00651
80	0.74368	0.01590	0.01174	0.01052	0.01517	0.05619	0.00858	0.02275	0.01340	0.03315	0.01063	0.01240	0.00830	0.00709	0.00482	0.00232	0.00631	0.00415	0.00465	0.00825
81	0.00925	0.00770	0.00808	0.00798	0.01042	0.00652	0.00599	0.01144	0.01796	0.02208	0.17401	0.07037	0.58487	0.01862	0.00896	0.00253	0.00380	0.01564	0.00725	0.00652
82	0.05064	0.14706	0.28082	0.02287	0.13649	0.10262	0.02039	0.08063	0.01839	0.02501	0.01327	0.01559	0.01035	0.00719	0.00670	0.00213	0.00994	0.00546	0.00389	0.04057
83	0.01784	0.02770	0.29872	0.03045	0.27753	0.06545	0.04784	0.02506	0.06037	0.02448	0.01493	0.01787	0.01157	0.00719	0.00733	0.00228	0.01004	0.00627	0.00384	0.04327
84	0.01887	0.01852	0.02970	0.09871	0.60404	0.05040	0.02269	0.02330	0.01730	0.02405	0.01408	0.01865	0.01176	0.00687	0.00748	0.00226	0.00932	0.00667	0.00373	0.01158
85	0.01974	0.02001	0.02935	0.07035	0.58122	0.09992	0.02216	0.02396	0.01769	0.02382	0.01393	0.01822	0.01167	0.00692	0.00743	0.00223	0.00961	0.00653	0.00376	0.01148
86	0.01103	0.00735	0.00827	0.00827	0.00827	0.00735	0.00460	0.01103	0.01103	0.01471	0.02390	0.04964	0.02758	0.73343	0.03861	0.00735	0.00735	0.01103	0.00460	0.00460
87	0.02741	0.03462	0.02163	0.01957	0.02317	0.64971	0.01481	0.02935	0.02072	0.01854	0.01159	0.01391	0.00979	0.00824	0.00825	0.00206	0.06900	0.00502	0.00386	0.00875
88	0.01839	0.01753	0.02980	0.04479	0.65390	0.01750	0.02251	0.02285	0.01747	0.02505	0.04615	0.02058	0.01486	0.00718	0.00758	0.00226	0.00875	0.00709	0.00397	0.01178
89	0.01611	0.03799	0.66206	0.02123	0.03219	0.01731	0.02722	0.02463	0.01628	0.05566	0.01439	0.01648	0.01004	0.00731	0.00723	0.00240	0.01098	0.00570	0.00350	0.01129
90	0.03403	0.01291	0.01760	0.01350	0.01936	0.01115	0.01115	0.03697	0.02171	0.69137	0.02992	0.02582	0.01878	0.00939	0.00763	0.00235	0.00645	0.00763	0.00939	0.01291
91	0.01380	0.00714	0.00738	0.00732	0.00909	0.00708	0.00549	0.01734	0.01646	0.02849	0.09047	0.03112	0.02465	0.00950	0.00567	0.00183	0.00354	0.00773	0.69883	0.00708
92	0.02753	0.02111	0.02272	0.07926	0.02606	0.04822	0.01501	0.58061	0.03332	0.04420	0.01755	0.01822	0.01254	0.00892	0.00756	0.00229	0.00870	0.00675	0.00708	0.01235
93	0.01756	0.01127	0.01196	0.01042	0.01295	0.01193	0.00776	0.20283	0.02031	0.03022	0.02261	0.03123	0.01978	0.20829	0.01513	0.00345	0.00598	0.00809	0.34014	0.00808
94	0.01414	0.00707	0.00707	0.00707	0.00884	0.00707	0.00530	0.01767	0.01591	0.02828	0.02474	0.02828	0.01944	0.00884	0.00530	0.00177	0.00353	0.00707	0.77554	0.00707
95	0.01345	0.01291	0.04444	0.32628	0.05981	0.01334	0.01502	0.04175	0.04877	0.02309	0.11331	0.03867	0.19565	0.01175	0.00810	0.00250	0.00739	0.01008	0.00532	0.00834
96	0.01999	0.69809	0.07712	0.01347	0.02023	0.02930	0.01384	0.02279	0.01545	0.01820	0.01072	0.01239	0.00973	0.00653	0.00500	0.00167	0.00829	0.00414	0.00324	0.00982
97	0.01973	0.01610	0.01718	0.01533	0.01970	0.01843	0.01196	0.04011	0.63525	0.06940	0.03082	0.02816	0.02290	0.01024	0.00771	0.00256	0.00603	0.00852	0.00781	0.01206
98	0.00896	0.00768	0.00768	0.00768	0.01025	0.00640	0.00576	0.01089	0.01729	0.02049	0.07684	0.07300	0.68304	0.01921	0.00896	0.00256	0.00384	0.01601	0.00704	0.00640
99	0.01877	0.01802	0.03079	0.04656	0.68612	0.01802	0.02328	0.02328	0.01727	0.02478	0.01427	0.01877	0.01201	0.00676	0.00751	0.00225	0.00901	0.00676	0.00375	0.01201
100	0.02941	0.01509	0.04543	0.01451	0.02018	0.01366	0.01231	0.09126	0.12811	0.47156	0.02881	0.02770	0.01965	0.00991	0.00774	0.00243	0.00677	0.03441	0.00860	0.01244
101	0.00937	0.00770	0.00825	0.00811	0.01050	0.00658	0.00609	0.01168	0.01826	0.02278	0.21669	0.06922	0.54175	0.01835	0.00896	0.00252	0.00378	0.01548	0.00735	0.00658
102	0.01142	0.00899	0.01332	0.01298	0.01419	0.01088	0.01021	0.01403	0.01213	0.01767	0.01926	0.02845	0.01804	0.05244	0.63413	0.01128	0.09168	0.00797	0.00399	0.00693
103	0.78701	0.01467	0.01115	0.00997	0.01467	0.01702	0.00821	0.02230	0.01291	0.03403	0.01056	0.01232	0.00821	0.00704	0.00469	0.00235	0.00587	0.00411	0.00469	0.00821
104	0.02352	0.01749	0.01933	0.01473	0.02065	0.01766	0.01194	0.36811	0.05382	0.06550	0.01796	0.01963	0.01373	0.04236	0.00842	0.00216	0.00723	0.00637	0.00652	0.26286
105	0.04714	0.14616	0.05506	0.04494	0.02504	0.17636	0.10289	0.10456	0.06249	0.02445	0.01441	0.01728	0.01169	0.01062	0.04222	0.00276	0.09152	0.00621	0.00441	0.00979
106	0.02883	0.02125	0.02276	0.01745	0.02352	0.02352	0.01442	0.66082	0.03566	0.04780	0.01821	0.01821	0.01290	0.00911	0.00759	0.00228	0.00835	0.00683	0.00759	0.01290
107	0.01789	0.02117	0.13467	0.04021	0.50533	0.01769	0.07564	0.02319	0.01713	0.02454	0.01526	0.02106	0.01282	0.00735	0.00769	0.00235	0.00958	0.03107	0.00380	0.01155
108	0.01521	0.03923	0.69413	0.02162	0.03283	0.01762	0.02802	0.02402	0.01601	0.02402	0.01361	0.01601	0.00961	0.00721	0.00721	0.00240	0.01121	0.00560	0.00320	0.01121
109	0.00931	0.00663	0.00878	0.01047	0.01089	0.00621	0.00694	0.01058	0.01438	0.01917	0.04107	0.70072	0.04924	0.05279	0.01086	0.00326	0.00452	0.02113	0.00694	0.00610
110	0.01786	0.42650	0.15886	0.01478	0.02099	0.04875	0.01527	0.02159	0.01588	0.02016	0.07135	0.01849	0.01593	0.01180	0.06287	0.00277	0.03723	0.00567	0.00378	0.00946
111	0.02655	0.07838	0.02293	0.04953	0.04741	0.55697	0.01502	0.05184	0.04542	0.02030	0.01276	0.01474	0.01047	0.00782	0.00683	0.00200	0.01253	0.00518	0.00411	0.00922
112	0.01101	0.00742	0.00860	0.00860	0.00872	0.00753	0.00501	0.01124	0.01113	0.01495	0.02360	0.04797	0.02685	0.67654	0.09451	0.00776	0.00844	0.01079	0.00455	0.00478
113	0.02696	0.06333	0.02211	0.01981	0.04592	0.62318	0.01458	0.02909	0.02110	0.01923	0.03886	0.01553	0.01234	0.00804	0.00687	0.00197	0.01288	0.00527	0.00405	0.00888
114	0.02040	0.01690	0.02186	0.21208	0.11612	0.07014	0.01668	0.10499	0.04313	0.09350	0.01663	0.02013	0.01275	0.00906	0.01036	0.00248	0.13240	0.00678	0.06362	0.00996
115	0.03058	0.01502	0.01854	0.01443	0.02004	0.01462	0.01184	0.20368	0.05652	0.44898	0.06407	0.02565	0.02042	0.00970	0.00770	0.00234	0.00678	0.00781	0.00876	0.01253
116	0.00947	0.00770	0.00838	0.00821	0.01055	0.00662	0.00616	0.01186	0.01848	0.02331	0.24868	0.06836	0.50944	0.01816	0.00896	0.00251	0.00377	0.01536	0.00741	0.00662
117	0.01525	0.01357	0.02062	0.41813	0.05919	0.04047	0.04731	0.02020	0.06717	0.02034	0.01656	0.02441	0.01365	0.01111	0.01086	0.11441	0.00911	0.03691	0.03268	0.00807
118	0.08617	0.07490	0.02378	0.01881	0.07446	0.02308	0.01452	0.51292	0.03092	0.04266	0.01673	0.01734	0.01223	0.00856	0.00715	0.00223	0.00819	0.00640	0.00673	0.01223

[dist]
# distance from previous block
# <min> <max>
0	9

# created by:
# /st0/software/busco_prod/Augustus/scripts/msa2prfl.pl ./align_prep/141229.fa
