[name]
unknown

[dist]
# distance from previous block
# <min> <max>
5	12

[block]
# block no. 0 follows, 25 sequences, length 10
# corresponding to MSA columns:
# 12-21
name=unknown_A
#
# <colnr> <probs for GDERKNQSTAVLIFYWHMCP>
#	G	D	E	R	K	N	Q	S	T	A	V	L	I	F	Y	W	H	M	C	P
0	0.02441	0.01593	0.02013	0.07694	0.09642	0.01695	0.01425	0.08235	0.29430	0.23184	0.02691	0.02560	0.01913	0.00951	0.00782	0.00250	0.00715	0.00797	0.00758	0.01232
1	0.02178	0.01620	0.01902	0.07226	0.02319	0.01555	0.01223	0.20448	0.06649	0.09429	0.01796	0.01904	0.01343	0.00762	0.00683	0.00183	0.00703	0.00606	0.00610	0.36862
2	0.01171	0.00830	0.00991	0.01024	0.01120	0.00816	0.00688	0.05506	0.01573	0.02090	0.07804	0.30175	0.08601	0.29172	0.02101	0.00470	0.00594	0.04011	0.00636	0.00627
3	0.02098	0.01545	0.01713	0.01438	0.01843	0.01663	0.01126	0.32896	0.07715	0.03547	0.02443	0.14041	0.02227	0.06883	0.05620	0.00345	0.00792	0.00993	0.05847	0.05226
4	0.01918	0.01589	0.02161	0.01748	0.02213	0.01685	0.12119	0.14031	0.23982	0.05019	0.11410	0.03039	0.02604	0.04518	0.06127	0.00345	0.00858	0.00918	0.00682	0.03035
5	0.01453	0.01092	0.01289	0.05606	0.04343	0.03891	0.00934	0.01861	0.07617	0.07782	0.15779	0.16184	0.14293	0.12784	0.01359	0.00339	0.00601	0.01322	0.00680	0.00790
6	0.01375	0.00943	0.01128	0.01123	0.01313	0.00931	0.00804	0.06877	0.05987	0.06773	0.05918	0.35275	0.13321	0.10577	0.03608	0.00374	0.00589	0.01613	0.00709	0.00763
7	0.04659	0.01301	0.01891	0.42407	0.03733	0.03772	0.01659	0.01786	0.01531	0.02038	0.02240	0.18131	0.04497	0.01234	0.00933	0.00274	0.05611	0.01051	0.00451	0.00800
8	0.04826	0.01330	0.01968	0.42143	0.06411	0.01578	0.01700	0.02196	0.11840	0.02249	0.02073	0.11435	0.01853	0.04046	0.00925	0.00285	0.00856	0.00923	0.00477	0.00887
9	0.06937	0.01898	0.07520	0.13829	0.02697	0.06833	0.01536	0.07539	0.18573	0.13535	0.04977	0.02360	0.01796	0.00956	0.00874	0.00253	0.05439	0.00742	0.00624	0.01082

[dist]
# distance from previous block
# <min> <max>
7	17

[block]
# block no. 1 follows, 25 sequences, length 6
# corresponding to MSA columns:
# 39-44
name=unknown_B
#
# <colnr> <probs for GDERKNQSTAVLIFYWHMCP>
#	G	D	E	R	K	N	Q	S	T	A	V	L	I	F	Y	W	H	M	C	P
0	0.02297	0.04909	0.02255	0.02091	0.10965	0.16171	0.03831	0.13723	0.13328	0.06729	0.02054	0.07266	0.01708	0.00951	0.00752	0.00224	0.00884	0.00778	0.00590	0.08494
1	0.01716	0.01447	0.01948	0.08988	0.02351	0.01396	0.07439	0.11184	0.05744	0.02664	0.01873	0.05589	0.01666	0.10174	0.03966	0.00308	0.00818	0.00770	0.00518	0.29441
2	0.01897	0.01927	0.04786	0.08368	0.06476	0.10263	0.11732	0.10092	0.05156	0.02475	0.01897	0.11920	0.01763	0.01221	0.01219	0.04704	0.11756	0.00921	0.00489	0.00938
3	0.01298	0.00812	0.00981	0.00976	0.01132	0.00757	0.00672	0.01435	0.01511	0.09490	0.04316	0.21555	0.19773	0.24756	0.06598	0.00496	0.00667	0.01458	0.00647	0.00669
4	0.02108	0.12514	0.05331	0.07899	0.05381	0.02067	0.05171	0.15990	0.09874	0.05860	0.01704	0.01902	0.01318	0.00856	0.00903	0.00227	0.08335	0.00653	0.00535	0.11373
5	0.05494	0.01408	0.01555	0.05573	0.01895	0.01540	0.01078	0.19629	0.15979	0.03069	0.03175	0.12732	0.09866	0.11985	0.01283	0.00333	0.00678	0.01099	0.00678	0.00951

[dist]
# distance from previous block
# <min> <max>
18	32

[block]
# block no. 2 follows, 25 sequences, length 9
# corresponding to MSA columns:
# 80-88
name=unknown_C
#
# <colnr> <probs for GDERKNQSTAVLIFYWHMCP>
#	G	D	E	R	K	N	Q	S	T	A	V	L	I	F	Y	W	H	M	C	P
0	0.01341	0.00953	0.01159	0.01056	0.01190	0.00975	0.03056	0.07716	0.01494	0.02035	0.02699	0.04485	0.06965	0.47387	0.09036	0.00656	0.00854	0.01060	0.05260	0.00626
1	0.02419	0.01951	0.01984	0.06202	0.02289	0.08712	0.01302	0.37248	0.02755	0.03673	0.01806	0.02162	0.01430	0.07359	0.01015	0.00261	0.00844	0.00691	0.06015	0.09882
2	0.34488	0.01285	0.01364	0.10547	0.01966	0.01442	0.01025	0.07524	0.01593	0.04679	0.04704	0.09164	0.01835	0.05183	0.01116	0.09307	0.00674	0.00785	0.00525	0.00793
3	0.01787	0.01803	0.02751	0.35796	0.28771	0.07923	0.05664	0.02261	0.01706	0.02211	0.01403	0.01952	0.01112	0.00739	0.00773	0.00243	0.01039	0.00685	0.00367	0.01014
4	0.02153	0.01916	0.01679	0.01478	0.01850	0.17550	0.01139	0.19976	0.06668	0.04989	0.07927	0.13440	0.08166	0.01276	0.00798	0.00239	0.00787	0.01033	0.05973	0.00963
5	0.01403	0.01046	0.01253	0.01170	0.01270	0.01169	0.00833	0.08224	0.01539	0.02149	0.02700	0.15680	0.05454	0.32249	0.02456	0.00485	0.12236	0.01182	0.06823	0.00680
6	0.06764	0.01065	0.01106	0.01019	0.01269	0.01131	0.00763	0.11725	0.06337	0.02990	0.02536	0.09903	0.02259	0.10554	0.01086	0.00287	0.00532	0.00912	0.36946	0.00815
7	0.02454	0.01714	0.01861	0.01488	0.01940	0.01862	0.01174	0.42137	0.05260	0.07268	0.02138	0.02691	0.01751	0.16264	0.01438	0.00342	0.00782	0.00802	0.05537	0.01096
8	0.02283	0.07488	0.08861	0.04316	0.08542	0.08737	0.14927	0.16235	0.02227	0.08890	0.01754	0.01977	0.01304	0.00796	0.00750	0.00228	0.00975	0.00700	0.07910	0.01100

[dist]
# distance from previous block
# <min> <max>
2	7

[block]
# block no. 3 follows, 25 sequences, length 10
# corresponding to MSA columns:
# 96-105
name=unknown_D
#
# <colnr> <probs for GDERKNQSTAVLIFYWHMCP>
#	G	D	E	R	K	N	Q	S	T	A	V	L	I	F	Y	W	H	M	C	P
0	0.04706	0.05218	0.05615	0.06744	0.02569	0.01766	0.13554	0.18553	0.06913	0.06029	0.05603	0.05278	0.09243	0.03613	0.00920	0.00265	0.00840	0.00930	0.00611	0.01031
1	0.02120	0.01813	0.02390	0.05237	0.14464	0.06091	0.07722	0.15257	0.10380	0.07357	0.04852	0.05875	0.05042	0.01045	0.00951	0.00253	0.06581	0.00878	0.00600	0.01091
2	0.02133	0.01701	0.04247	0.07311	0.07513	0.06710	0.01362	0.12172	0.11496	0.13000	0.05384	0.11195	0.02295	0.03910	0.00914	0.00261	0.00766	0.00937	0.00659	0.06033
3	0.14653	0.01640	0.01937	0.19009	0.10076	0.05032	0.01492	0.11651	0.11382	0.03002	0.05306	0.02388	0.03925	0.00909	0.00725	0.00242	0.00791	0.00734	0.04106	0.01001
4	0.01445	0.00723	0.00723	0.00723	0.00903	0.00723	0.00542	0.01807	0.01626	0.02891	0.02529	0.02891	0.01987	0.00903	0.00542	0.00181	0.00361	0.00723	0.77055	0.00723
5	0.01347	0.00673	0.01010	0.01010	0.01010	0.00673	0.00673	0.01010	0.01010	0.01347	0.01347	0.02357	0.01347	0.02694	0.03030	0.77441	0.00673	0.00673	0.00337	0.00337
6	0.02900	0.03583	0.02207	0.01982	0.02398	0.64675	0.01496	0.07690	0.02304	0.02118	0.01247	0.01432	0.01022	0.00809	0.00705	0.00202	0.01358	0.00514	0.00427	0.00930
7	0.01445	0.00723	0.00723	0.00723	0.00903	0.00723	0.00542	0.01807	0.01626	0.02891	0.02529	0.02891	0.01987	0.00903	0.00542	0.00181	0.00361	0.00723	0.77055	0.00723
8	0.24800	0.05049	0.01856	0.01740	0.07892	0.20221	0.01254	0.05225	0.01772	0.02716	0.03926	0.01792	0.01349	0.00863	0.00805	0.00228	0.07719	0.00577	0.09314	0.00903
9	0.02942	0.01904	0.08772	0.01532	0.02119	0.09214	0.01341	0.09169	0.02235	0.41718	0.05221	0.02574	0.01930	0.04601	0.00933	0.00261	0.00806	0.00762	0.00782	0.01185

[dist]
# distance from previous block
# <min> <max>
1	8

[block]
# block no. 4 follows, 25 sequences, length 35
# corresponding to MSA columns:
# 114-148
name=unknown_E
#
# <colnr> <probs for GDERKNQSTAVLIFYWHMCP>
#	G	D	E	R	K	N	Q	S	T	A	V	L	I	F	Y	W	H	M	C	P
0	0.06861	0.06079	0.01927	0.01556	0.04794	0.01643	0.01202	0.08874	0.21725	0.23911	0.07825	0.02657	0.02254	0.00975	0.00748	0.00236	0.00654	0.00790	0.00768	0.04521
1	0.01780	0.01270	0.01535	0.01167	0.01753	0.00992	0.00921	0.02096	0.01704	0.11829	0.04561	0.09654	0.01938	0.00872	0.00662	0.00160	0.00564	0.00733	0.00574	0.55235
2	0.01128	0.00752	0.00846	0.00846	0.00846	0.00752	0.00470	0.01128	0.01128	0.01503	0.02443	0.05074	0.02819	0.72751	0.03946	0.00752	0.00752	0.01128	0.00470	0.00470
3	0.00945	0.00675	0.00900	0.01080	0.01125	0.00630	0.00720	0.01080	0.01484	0.01979	0.04274	0.72245	0.05128	0.02429	0.00990	0.00315	0.00450	0.02204	0.00720	0.00630
4	0.01254	0.00814	0.01015	0.00960	0.01106	0.00775	0.00670	0.01468	0.01728	0.06657	0.32359	0.05258	0.08507	0.27574	0.06139	0.00489	0.00629	0.01241	0.00688	0.00668
5	0.01445	0.00723	0.00723	0.00723	0.00903	0.00723	0.00542	0.01807	0.01626	0.02891	0.02529	0.02891	0.01987	0.00903	0.00542	0.00181	0.00361	0.00723	0.77055	0.00723
6	0.04732	0.20454	0.12914	0.02057	0.02711	0.15810	0.15003	0.05246	0.06484	0.02358	0.01431	0.01675	0.01140	0.00771	0.00782	0.00224	0.04150	0.00617	0.00414	0.01027
7	0.02934	0.05219	0.02298	0.01714	0.02312	0.06530	0.01413	0.47648	0.05979	0.13101	0.02003	0.01955	0.01411	0.00920	0.00760	0.00230	0.00850	0.00692	0.00758	0.01274
8	0.01445	0.00723	0.00723	0.00723	0.00903	0.00723	0.00542	0.01807	0.01626	0.02891	0.02529	0.02891	0.01987	0.00903	0.00542	0.00181	0.00361	0.00723	0.77055	0.00723
9	0.19645	0.01374	0.01964	0.50806	0.04207	0.01676	0.01761	0.02043	0.01500	0.02382	0.01365	0.01917	0.01036	0.00769	0.00693	0.00250	0.00897	0.00627	0.04240	0.00849
10	0.02347	0.01558	0.01670	0.01362	0.01807	0.01687	0.01098	0.33593	0.08458	0.07606	0.02284	0.02367	0.01686	0.00933	0.00693	0.00217	0.00644	0.00727	0.28163	0.01097
11	0.00992	0.00788	0.00891	0.00865	0.01094	0.00687	0.00649	0.01260	0.01947	0.02520	0.32862	0.06762	0.42327	0.01805	0.00916	0.00254	0.00381	0.01538	0.00776	0.00687
12	0.01830	0.02092	0.04575	0.03268	0.04052	0.01961	0.65098	0.02484	0.01830	0.02484	0.01569	0.02092	0.01176	0.00654	0.00915	0.00261	0.01307	0.00915	0.00392	0.01046
13	0.01673	0.01417	0.01643	0.01179	0.01865	0.01100	0.00946	0.05039	0.01707	0.02641	0.01402	0.01620	0.01157	0.00592	0.00584	0.00121	0.00588	0.00471	0.00475	0.73781
14	0.01097	0.00792	0.01040	0.01000	0.01176	0.00734	0.00753	0.01453	0.02146	0.03026	0.62009	0.08824	0.07097	0.01646	0.00925	0.00252	0.00384	0.04079	0.00842	0.00726
15	0.02073	0.73217	0.04063	0.01327	0.01990	0.03068	0.01327	0.02322	0.01575	0.01824	0.01078	0.01244	0.00995	0.00663	0.00498	0.00166	0.00829	0.00415	0.00332	0.00995
16	0.04831	0.08830	0.05255	0.02129	0.02584	0.02031	0.20899	0.04053	0.01573	0.02320	0.01370	0.01898	0.01169	0.03042	0.01422	0.00273	0.23975	0.00706	0.03446	0.08194
17	0.02947	0.02172	0.02327	0.01784	0.02404	0.02404	0.01474	0.65329	0.03646	0.04887	0.01862	0.01862	0.01319	0.00931	0.00776	0.00233	0.00853	0.00698	0.00776	0.01319
18	0.01098	0.00850	0.01009	0.00977	0.01192	0.00796	0.00729	0.01540	0.07143	0.02727	0.39562	0.11814	0.24233	0.01726	0.00912	0.00257	0.00401	0.01498	0.00798	0.00740
19	0.02184	0.63880	0.03812	0.01417	0.02045	0.12008	0.01350	0.02426	0.01659	0.01834	0.01094	0.01265	0.00996	0.00682	0.00525	0.00170	0.00906	0.00426	0.00341	0.00982
20	0.01108	0.00831	0.01246	0.01246	0.01385	0.00969	0.00969	0.01385	0.01246	0.01800	0.02077	0.03046	0.01938	0.05815	0.69678	0.01246	0.02077	0.00831	0.00415	0.00692
21	0.01128	0.00752	0.00846	0.00846	0.00846	0.00752	0.00470	0.01128	0.01128	0.01503	0.02443	0.05074	0.02819	0.72751	0.03946	0.00752	0.00752	0.01128	0.00470	0.00470
22	0.01827	0.02337	0.12110	0.07341	0.06565	0.05876	0.41798	0.02430	0.01755	0.02367	0.01464	0.01954	0.01122	0.00738	0.00995	0.00261	0.06849	0.00805	0.00377	0.01030
23	0.00916	0.00785	0.00785	0.00785	0.01047	0.00655	0.00589	0.01113	0.01767	0.02095	0.07855	0.07462	0.67599	0.01964	0.00916	0.00262	0.00393	0.01636	0.00720	0.00655
24	0.01128	0.00752	0.00846	0.00846	0.00846	0.00752	0.00470	0.01128	0.01128	0.01503	0.02443	0.05074	0.02819	0.72751	0.03946	0.00752	0.00752	0.01128	0.00470	0.00470
25	0.73984	0.01537	0.01207	0.01063	0.01550	0.01777	0.00875	0.05833	0.01451	0.03558	0.01124	0.01293	0.00867	0.00732	0.00497	0.00240	0.00614	0.00436	0.00497	0.00867
26	0.01058	0.00760	0.00982	0.01107	0.01192	0.00727	0.00759	0.04346	0.01650	0.02216	0.09199	0.63396	0.05111	0.02286	0.00973	0.00305	0.00463	0.02064	0.00733	0.00673
27	0.01585	0.08022	0.64985	0.02159	0.03277	0.01874	0.02776	0.02448	0.01633	0.02419	0.01373	0.01614	0.00983	0.00732	0.00723	0.00241	0.01128	0.00564	0.00328	0.01137
28	0.01848	0.01826	0.03012	0.19732	0.46865	0.04527	0.06293	0.02323	0.01737	0.02378	0.01437	0.01943	0.01171	0.00712	0.00776	0.00238	0.00991	0.00697	0.00376	0.01119
29	0.01858	0.01908	0.05451	0.07866	0.51685	0.04722	0.02181	0.02390	0.04726	0.02476	0.01925	0.02291	0.05483	0.00800	0.00774	0.00235	0.00909	0.00746	0.00420	0.01153
30	0.01111	0.00817	0.01175	0.01175	0.01289	0.00930	0.00880	0.01339	0.01225	0.01747	0.02142	0.03407	0.02095	0.17737	0.57971	0.01158	0.01841	0.00884	0.00425	0.00653
31	0.11246	0.33162	0.29917	0.01797	0.05362	0.02336	0.01937	0.02373	0.01577	0.02315	0.01222	0.01435	0.00981	0.00701	0.00604	0.00210	0.00933	0.00492	0.00350	0.01047
32	0.01084	0.00940	0.01172	0.01055	0.01354	0.00833	0.05791	0.03895	0.01852	0.02284	0.09855	0.11309	0.52090	0.01830	0.00916	0.00263	0.00487	0.01568	0.00703	0.00715
33	0.07155	0.16241	0.43327	0.02139	0.08649	0.01989	0.02305	0.02370	0.01638	0.02447	0.04054	0.01735	0.01258	0.00753	0.00684	0.00229	0.00996	0.00578	0.00366	0.01086
34	0.28383	0.20213	0.06248	0.01204	0.01713	0.03974	0.01096	0.02115	0.01658	0.02790	0.16856	0.02378	0.02446	0.00905	0.00616	0.00213	0.00663	0.00666	0.00516	0.05346

[dist]
# distance from previous block
# <min> <max>
0	1

[block]
# block no. 5 follows, 25 sequences, length 98
# corresponding to MSA columns:
# 150-225,240-261
name=unknown_F
#
# <colnr> <probs for GDERKNQSTAVLIFYWHMCP>
#	G	D	E	R	K	N	Q	S	T	A	V	L	I	F	Y	W	H	M	C	P
0	0.15162	0.09321	0.30537	0.01758	0.02543	0.04982	0.04307	0.07747	0.01839	0.06116	0.04460	0.02047	0.04319	0.00845	0.00696	0.00235	0.00924	0.00645	0.00470	0.01048
1	0.07285	0.06353	0.02289	0.02010	0.05609	0.47526	0.01491	0.13786	0.02347	0.02539	0.01314	0.01490	0.01056	0.00806	0.00694	0.00208	0.01207	0.00535	0.00466	0.00989
2	0.00945	0.00675	0.00900	0.01080	0.01125	0.00630	0.00720	0.01080	0.01484	0.01979	0.04274	0.72245	0.05128	0.02429	0.00990	0.00315	0.00450	0.02204	0.00720	0.00630
3	0.01580	0.07288	0.65671	0.02168	0.03291	0.01861	0.02792	0.02449	0.01634	0.02426	0.01377	0.01618	0.00983	0.00733	0.00725	0.00242	0.01131	0.00565	0.00328	0.01139
4	0.46188	0.01435	0.01527	0.21919	0.02646	0.01684	0.01240	0.04723	0.01510	0.02996	0.03746	0.01849	0.01240	0.03669	0.00736	0.00266	0.00737	0.00577	0.00465	0.00847
5	0.01856	0.01745	0.02910	0.04313	0.58921	0.01755	0.02225	0.02376	0.04389	0.02542	0.01780	0.02610	0.01583	0.00844	0.00797	0.00244	0.00889	0.06613	0.00432	0.01179
6	0.01108	0.00831	0.01246	0.01246	0.01385	0.00969	0.00969	0.01385	0.01246	0.01800	0.02077	0.03046	0.01938	0.05815	0.69678	0.01246	0.02077	0.00831	0.00415	0.00692
7	0.01919	0.01842	0.03147	0.04759	0.67914	0.01842	0.02380	0.02380	0.01765	0.02533	0.01458	0.01919	0.01228	0.00691	0.00768	0.00230	0.00921	0.00691	0.00384	0.01228
8	0.01997	0.61105	0.12035	0.01534	0.02263	0.02856	0.04752	0.02346	0.01596	0.01935	0.01141	0.01335	0.01003	0.00672	0.00548	0.00180	0.00892	0.00459	0.00334	0.01016
9	0.01347	0.00673	0.01010	0.01010	0.01010	0.00673	0.00673	0.01010	0.01010	0.01347	0.01347	0.02357	0.01347	0.02694	0.03030	0.77441	0.00673	0.00673	0.00337	0.00337
10	0.01830	0.02092	0.04575	0.03268	0.04052	0.01961	0.65098	0.02484	0.01830	0.02484	0.01569	0.02092	0.01176	0.00654	0.00915	0.00261	0.01307	0.00915	0.00392	0.01046
11	0.01841	0.01763	0.03007	0.16078	0.57204	0.01822	0.02341	0.02311	0.01729	0.02439	0.01445	0.01944	0.01195	0.00705	0.00769	0.00235	0.00940	0.00691	0.00377	0.01165
12	0.01892	0.01831	0.03174	0.08002	0.61755	0.01842	0.05338	0.02365	0.01758	0.02503	0.01460	0.01935	0.01216	0.00693	0.00775	0.00233	0.00945	0.00701	0.00382	0.01201
13	0.00943	0.00680	0.00894	0.01065	0.01121	0.00631	0.00713	0.01081	0.01499	0.01985	0.04453	0.68999	0.08258	0.02406	0.00986	0.00312	0.00447	0.02176	0.00720	0.00631
14	0.01696	0.01696	0.02375	0.02036	0.02036	0.02375	0.01696	0.01866	0.01187	0.01866	0.01018	0.01696	0.01018	0.01357	0.02545	0.00339	0.71332	0.00679	0.00339	0.00848
15	0.01608	0.01378	0.01608	0.01148	0.01837	0.01034	0.00919	0.01952	0.01608	0.02527	0.01378	0.01608	0.01148	0.00574	0.00574	0.00115	0.00574	0.00459	0.00459	0.77491
16	0.02073	0.73217	0.04063	0.01327	0.01990	0.03068	0.01327	0.02322	0.01575	0.01824	0.01078	0.01244	0.00995	0.00663	0.00498	0.00166	0.00829	0.00415	0.00332	0.00995
17	0.00945	0.00675	0.00900	0.01080	0.01125	0.00630	0.00720	0.01080	0.01484	0.01979	0.04274	0.72245	0.05128	0.02429	0.00990	0.00315	0.00450	0.02204	0.00720	0.00630
18	0.01097	0.00793	0.01036	0.00975	0.01158	0.00732	0.00732	0.01463	0.02195	0.03109	0.67505	0.05792	0.07316	0.01585	0.00914	0.00244	0.00366	0.01402	0.00854	0.00732
19	0.01696	0.01696	0.02375	0.02036	0.02036	0.02375	0.01696	0.01866	0.01187	0.01866	0.01018	0.01696	0.01018	0.01357	0.02545	0.00339	0.71332	0.00679	0.00339	0.00848
20	0.02698	0.02265	0.02172	0.01765	0.02311	0.11709	0.01418	0.42039	0.18410	0.04077	0.02077	0.02042	0.01523	0.00941	0.00768	0.00235	0.00873	0.00713	0.00726	0.01238
21	0.01919	0.01842	0.03147	0.04759	0.67914	0.01842	0.02380	0.02380	0.01765	0.02533	0.01458	0.01919	0.01228	0.00691	0.00768	0.00230	0.00921	0.00691	0.00384	0.01228
22	0.02947	0.02172	0.02327	0.01784	0.02404	0.02404	0.01474	0.65329	0.03646	0.04887	0.01862	0.01862	0.01319	0.00931	0.00776	0.00233	0.00853	0.00698	0.00776	0.01319
23	0.01748	0.05634	0.26148	0.02918	0.11034	0.01903	0.31511	0.02435	0.01738	0.02454	0.01468	0.01863	0.01108	0.00684	0.00807	0.00243	0.01160	0.00734	0.00369	0.04043
24	0.01869	0.02161	0.13128	0.09461	0.47550	0.01856	0.04921	0.05173	0.01815	0.02580	0.01464	0.01892	0.01177	0.00714	0.00770	0.00236	0.00977	0.00682	0.00390	0.01183
25	0.01555	0.04011	0.68733	0.02210	0.03356	0.01801	0.02865	0.02455	0.01637	0.02455	0.01391	0.01637	0.00982	0.00737	0.00737	0.00246	0.01146	0.00573	0.00327	0.01146
26	0.01524	0.01439	0.02433	0.62204	0.13556	0.01738	0.02183	0.02033	0.01579	0.02054	0.01389	0.02048	0.01059	0.00764	0.00774	0.00255	0.01019	0.00689	0.00350	0.00909
27	0.06917	0.18771	0.46717	0.01896	0.02864	0.02039	0.02306	0.02482	0.01632	0.05736	0.01387	0.01577	0.01023	0.00731	0.00670	0.00228	0.01016	0.00539	0.00371	0.01101
28	0.01112	0.00814	0.01162	0.01162	0.01271	0.00923	0.00864	0.01330	0.01221	0.01737	0.02154	0.03474	0.02124	0.19935	0.55812	0.01142	0.01797	0.00893	0.00427	0.00645
29	0.03479	0.01320	0.01799	0.01380	0.01979	0.01140	0.01140	0.03779	0.02219	0.68451	0.03059	0.02639	0.01919	0.00960	0.00780	0.00240	0.00660	0.00780	0.00960	0.01320
30	0.03479	0.01320	0.01799	0.01380	0.01979	0.01140	0.01140	0.03779	0.02219	0.68451	0.03059	0.02639	0.01919	0.00960	0.00780	0.00240	0.00660	0.00780	0.00960	0.01320
31	0.04669	0.07412	0.62738	0.02117	0.03212	0.01862	0.02705	0.02442	0.01621	0.02465	0.01363	0.01602	0.00977	0.00732	0.00714	0.00241	0.01108	0.00559	0.00334	0.01126
32	0.01830	0.02092	0.04575	0.03268	0.04052	0.01961	0.65098	0.02484	0.01830	0.02484	0.01569	0.02092	0.01176	0.00654	0.00915	0.00261	0.01307	0.00915	0.00392	0.01046
33	0.02947	0.02172	0.02327	0.01784	0.02404	0.02404	0.01474	0.65329	0.03646	0.04887	0.01862	0.01862	0.01319	0.00931	0.00776	0.00233	0.00853	0.00698	0.00776	0.01319
34	0.07127	0.01465	0.05163	0.01404	0.02025	0.01203	0.01212	0.03636	0.02145	0.61846	0.02875	0.02519	0.01818	0.00936	0.00763	0.00240	0.00681	0.00751	0.00904	0.01287
35	0.01528	0.01443	0.02441	0.61625	0.14105	0.01739	0.02185	0.02037	0.01581	0.02058	0.01389	0.02046	0.01061	0.00763	0.00774	0.00254	0.01018	0.00689	0.00350	0.00913
36	0.01097	0.00793	0.01036	0.00975	0.01158	0.00732	0.00732	0.01463	0.02195	0.03109	0.67505	0.05792	0.07316	0.01585	0.00914	0.00244	0.00366	0.01402	0.00854	0.00732
37	0.01106	0.00950	0.00967	0.00934	0.01229	0.00893	0.00709	0.01676	0.13902	0.02310	0.06974	0.06606	0.55373	0.01793	0.00892	0.00262	0.00434	0.01494	0.00733	0.00762
38	0.01974	0.60056	0.16362	0.01495	0.02250	0.02827	0.01619	0.02347	0.01587	0.01944	0.01138	0.01319	0.00993	0.00677	0.00543	0.00181	0.00889	0.00445	0.00331	0.01024
39	0.03479	0.01320	0.01799	0.01380	0.01979	0.01140	0.01140	0.03779	0.02219	0.68451	0.03059	0.02639	0.01919	0.00960	0.00780	0.00240	0.00660	0.00780	0.00960	0.01320
40	0.01155	0.00816	0.01173	0.01173	0.01317	0.00935	0.00909	0.01444	0.01299	0.01953	0.02140	0.03024	0.01945	0.05127	0.59994	0.01097	0.01837	0.00816	0.11150	0.00697
41	0.01512	0.01434	0.02402	0.56650	0.07654	0.01743	0.04982	0.02058	0.03737	0.02066	0.01528	0.04407	0.01229	0.00860	0.00879	0.00263	0.04575	0.00756	0.00376	0.00890
42	0.01929	0.01666	0.01753	0.01578	0.02016	0.01929	0.01227	0.04120	0.66513	0.03243	0.03156	0.02893	0.02367	0.01052	0.00789	0.00263	0.00614	0.00877	0.00789	0.01227
43	0.00945	0.00675	0.00900	0.01080	0.01125	0.00630	0.00720	0.01080	0.01484	0.01979	0.04274	0.72245	0.05128	0.02429	0.00990	0.00315	0.00450	0.02204	0.00720	0.00630
44	0.02371	0.01890	0.02138	0.07261	0.05803	0.02132	0.01474	0.32638	0.28589	0.03881	0.02322	0.02294	0.01712	0.00955	0.00781	0.00247	0.00775	0.00769	0.00727	0.01242
45	0.02110	0.27051	0.03334	0.03173	0.35699	0.11761	0.01888	0.02460	0.01760	0.02196	0.01289	0.01610	0.01115	0.00696	0.00664	0.00203	0.00956	0.00567	0.00368	0.01101
46	0.01722	0.01411	0.01748	0.10954	0.02359	0.01195	0.01125	0.04858	0.01715	0.05163	0.01466	0.01724	0.01170	0.00634	0.00619	0.00145	0.00654	0.00515	0.00477	0.60344
47	0.00990	0.00737	0.01025	0.07229	0.01496	0.00726	0.00846	0.01159	0.01490	0.01979	0.04018	0.66063	0.04768	0.02283	0.00971	0.00310	0.00501	0.02071	0.00687	0.00650
48	0.02759	0.01791	0.02018	0.01606	0.02142	0.01908	0.01302	0.42423	0.05619	0.17162	0.02458	0.10969	0.01963	0.01131	0.00804	0.00246	0.00754	0.00912	0.00806	0.01228
49	0.01464	0.01378	0.02326	0.70887	0.05340	0.01723	0.02153	0.01981	0.01550	0.01981	0.01378	0.02067	0.01034	0.00775	0.00775	0.00258	0.01034	0.00689	0.00345	0.00861
50	0.09281	0.01334	0.01748	0.01352	0.01942	0.01186	0.01116	0.03662	0.02149	0.63408	0.02905	0.02532	0.01836	0.00941	0.00756	0.00240	0.00655	0.00752	0.00922	0.01282
51	0.00976	0.00805	0.00869	0.00901	0.01148	0.00697	0.00708	0.01201	0.01770	0.02135	0.07181	0.07693	0.56259	0.01996	0.00944	0.00279	0.00450	0.12604	0.00719	0.00665
52	0.01108	0.00831	0.01246	0.01246	0.01385	0.00969	0.00969	0.01385	0.01246	0.01800	0.02077	0.03046	0.01938	0.05815	0.69678	0.01246	0.02077	0.00831	0.00415	0.00692
53	0.00942	0.00777	0.00831	0.00858	0.01087	0.00665	0.00641	0.01145	0.01751	0.02132	0.09650	0.15373	0.54677	0.02013	0.00932	0.00272	0.00413	0.04459	0.00725	0.00657
54	0.01039	0.00742	0.01008	0.01187	0.01273	0.00711	0.00883	0.01242	0.01577	0.02085	0.04222	0.52647	0.04923	0.02340	0.01015	0.00328	0.00531	0.20874	0.00718	0.00656
55	0.01865	0.01827	0.02921	0.19248	0.50978	0.05026	0.02288	0.02325	0.01738	0.02381	0.01428	0.01927	0.01174	0.00715	0.00766	0.00235	0.00969	0.00681	0.00376	0.01131
56	0.00943	0.00680	0.00895	0.01066	0.01121	0.00631	0.00714	0.01081	0.01497	0.01985	0.04436	0.69314	0.07954	0.02408	0.00986	0.00312	0.00447	0.02179	0.00720	0.00631
57	0.01993	0.03555	0.43020	0.05220	0.03167	0.16483	0.04939	0.05555	0.01879	0.05038	0.01444	0.01673	0.01049	0.00766	0.00741	0.00236	0.01169	0.00590	0.00392	0.01091
58	0.75145	0.04403	0.01258	0.01032	0.01519	0.01793	0.00859	0.02281	0.01330	0.03412	0.01080	0.01259	0.00846	0.00717	0.00481	0.00237	0.00609	0.00420	0.00474	0.00846
59	0.01131	0.00845	0.01132	0.01158	0.04532	0.00784	0.00808	0.01493	0.02153	0.03033	0.61384	0.05674	0.09815	0.01557	0.00907	0.00244	0.00395	0.01377	0.00824	0.00753
60	0.01993	0.19528	0.19022	0.01874	0.02402	0.17214	0.01823	0.02366	0.01622	0.02012	0.01264	0.03669	0.01125	0.00950	0.01162	0.00244	0.19814	0.00597	0.00360	0.00961
61	0.01067	0.00789	0.00984	0.00936	0.01125	0.00719	0.00695	0.01387	0.02071	0.02859	0.54139	0.06048	0.17565	0.04952	0.01055	0.00271	0.00388	0.01430	0.00813	0.00706
62	0.02253	0.53791	0.03551	0.01515	0.02089	0.18852	0.01382	0.02487	0.01707	0.01843	0.01104	0.01299	0.00997	0.00724	0.00629	0.00181	0.03836	0.00445	0.00348	0.00966
63	0.01569	0.03913	0.65477	0.02264	0.03391	0.01809	0.06023	0.02457	0.01647	0.02457	0.01400	0.01660	0.00992	0.00732	0.00746	0.00246	0.01154	0.00590	0.00331	0.01141
64	0.01581	0.07478	0.65493	0.02166	0.03287	0.01864	0.02788	0.02449	0.01634	0.02424	0.01376	0.01617	0.00983	0.00733	0.00725	0.00242	0.01130	0.00565	0.00328	0.01138
65	0.01672	0.06211	0.43835	0.02540	0.03541	0.01909	0.24356	0.02460	0.01701	0.02439	0.01440	0.01778	0.01050	0.00705	0.00789	0.00248	0.01189	0.00685	0.00350	0.01105
66	0.01897	0.01665	0.01937	0.06528	0.09127	0.01906	0.01409	0.03796	0.55416	0.03085	0.02860	0.02736	0.02159	0.00996	0.00786	0.00259	0.00674	0.00845	0.00717	0.01203
67	0.00976	0.00780	0.00873	0.00867	0.01088	0.00677	0.00644	0.01222	0.01883	0.02409	0.26572	0.11582	0.43938	0.01877	0.00921	0.00260	0.00388	0.01603	0.00762	0.00677
68	0.02616	0.14242	0.02522	0.01669	0.02264	0.02433	0.01405	0.43613	0.14518	0.04069	0.01959	0.01940	0.01450	0.00907	0.00730	0.00227	0.00806	0.00681	0.00702	0.01247
69	0.01878	0.47121	0.28448	0.01660	0.02505	0.02590	0.01907	0.02372	0.01599	0.02062	0.01196	0.01392	0.00990	0.00691	0.00588	0.00196	0.00949	0.00474	0.00330	0.01052
70	0.01591	0.01314	0.01522	0.01176	0.01732	0.01100	0.00926	0.06523	0.04890	0.02737	0.08904	0.07102	0.05211	0.00917	0.00678	0.00164	0.00558	0.00766	0.00569	0.51621
71	0.01696	0.03428	0.50619	0.02195	0.03185	0.01861	0.08053	0.05608	0.10834	0.02681	0.01676	0.01863	0.01209	0.00783	0.00761	0.00249	0.01072	0.00651	0.00419	0.01156
72	0.00953	0.00678	0.00897	0.01069	0.01112	0.00635	0.00708	0.01082	0.01468	0.01957	0.04189	0.69129	0.05021	0.05692	0.01127	0.00335	0.00464	0.02154	0.00708	0.00622
73	0.00945	0.00675	0.00900	0.01080	0.01125	0.00630	0.00720	0.01080	0.01484	0.01979	0.04274	0.72245	0.05128	0.02429	0.00990	0.00315	0.00450	0.02204	0.00720	0.00630
74	0.05075	0.01434	0.01656	0.01439	0.01892	0.04168	0.01175	0.05660	0.17400	0.30414	0.03070	0.03743	0.02414	0.01188	0.00814	0.00263	0.00683	0.12548	0.03836	0.01125
75	0.01555	0.04011	0.68733	0.02210	0.03356	0.01801	0.02865	0.02455	0.01637	0.02455	0.01391	0.01637	0.00982	0.00737	0.00737	0.00246	0.01146	0.00573	0.00327	0.01146
76	0.00975	0.00802	0.00868	0.00893	0.01139	0.00695	0.00697	0.01204	0.01787	0.02171	0.09703	0.07593	0.55347	0.01976	0.00940	0.00276	0.00441	0.11101	0.00725	0.00667
77	0.01160	0.00828	0.01147	0.01325	0.01465	0.00815	0.01094	0.01451	0.01697	0.02220	0.04155	0.27430	0.04658	0.02226	0.01047	0.00345	0.00636	0.44896	0.00716	0.00689
78	0.01555	0.04011	0.68733	0.02210	0.03356	0.01801	0.02865	0.02455	0.01637	0.02455	0.01391	0.01637	0.00982	0.00737	0.00737	0.00246	0.01146	0.00573	0.00327	0.01146
79	0.00923	0.00758	0.00814	0.00859	0.01067	0.00648	0.00622	0.01104	0.01696	0.02066	0.06955	0.23743	0.51899	0.02081	0.00935	0.00275	0.00407	0.01779	0.00720	0.00648
80	0.01464	0.01378	0.02326	0.70887	0.05340	0.01723	0.02153	0.01981	0.01550	0.01981	0.01378	0.02067	0.01034	0.00775	0.00775	0.00258	0.01034	0.00689	0.00345	0.00861
81	0.01555	0.04011	0.68733	0.02210	0.03356	0.01801	0.02865	0.02455	0.01637	0.02455	0.01391	0.01637	0.00982	0.00737	0.00737	0.00246	0.01146	0.00573	0.00327	0.01146
82	0.03009	0.01597	0.04868	0.01498	0.02090	0.01459	0.01268	0.09663	0.16091	0.45445	0.02890	0.02574	0.01915	0.00967	0.00779	0.00244	0.00690	0.00783	0.00877	0.01292
83	0.01072	0.00792	0.01001	0.00949	0.01143	0.00721	0.00712	0.01414	0.02135	0.02967	0.59150	0.06026	0.15760	0.01638	0.00915	0.00246	0.00370	0.01435	0.00835	0.00721
84	0.01873	0.16552	0.47405	0.01966	0.02948	0.02056	0.02368	0.08122	0.01835	0.05896	0.01460	0.01635	0.01062	0.00752	0.00698	0.00229	0.01036	0.00565	0.00400	0.01142
85	0.01637	0.14921	0.58538	0.02071	0.03141	0.02000	0.02622	0.02434	0.01627	0.02356	0.01342	0.01575	0.00984	0.00725	0.00699	0.00233	0.01096	0.00548	0.00328	0.01122
86	0.03479	0.01320	0.01799	0.01380	0.01979	0.01140	0.01140	0.03779	0.02219	0.68451	0.03059	0.02639	0.01919	0.00960	0.00780	0.00240	0.00660	0.00780	0.00960	0.01320
87	0.02329	0.13888	0.02112	0.01372	0.01923	0.06052	0.01144	0.05432	0.09920	0.20702	0.07421	0.02538	0.02079	0.00913	0.00703	0.00204	0.00700	0.02585	0.00664	0.17318
88	0.08966	0.50510	0.03366	0.01458	0.02043	0.18653	0.01324	0.02501	0.01700	0.01987	0.01107	0.01282	0.00982	0.00700	0.00544	0.00180	0.00943	0.00435	0.00361	0.00959
89	0.05833	0.02024	0.02178	0.01666	0.02288	0.02176	0.01373	0.53376	0.03268	0.06725	0.01815	0.01835	0.01300	0.00882	0.00741	0.00220	0.00804	0.00662	0.00733	0.10101
90	0.01813	0.05228	0.15152	0.05789	0.12474	0.05333	0.31854	0.02484	0.04545	0.02422	0.01648	0.04654	0.01331	0.00772	0.00827	0.00249	0.01137	0.00821	0.00405	0.01063
91	0.03047	0.01757	0.10138	0.01535	0.02189	0.01402	0.01390	0.08746	0.08469	0.48711	0.02762	0.02475	0.01797	0.00939	0.00775	0.00242	0.00732	0.00757	0.00850	0.01289
92	0.00945	0.00675	0.00900	0.01080	0.01125	0.00630	0.00720	0.01080	0.01484	0.01979	0.04274	0.72245	0.05128	0.02429	0.00990	0.00315	0.00450	0.02204	0.00720	0.00630
93	0.02343	0.02694	0.02317	0.05393	0.19803	0.37416	0.01673	0.02803	0.07689	0.02233	0.03797	0.05128	0.01584	0.00893	0.00749	0.00223	0.01109	0.00700	0.00457	0.00996
94	0.08459	0.05612	0.16994	0.02669	0.03430	0.01993	0.38849	0.02402	0.01682	0.02484	0.01423	0.01856	0.01087	0.00734	0.00956	0.00258	0.06942	0.00761	0.00380	0.01029
95	0.00916	0.00785	0.00785	0.00785	0.01047	0.00655	0.00589	0.01113	0.01767	0.02095	0.07855	0.07462	0.67599	0.01964	0.00916	0.00262	0.00393	0.01636	0.00720	0.00655
96	0.01717	0.01863	0.03866	0.12605	0.08989	0.01815	0.46463	0.02297	0.01759	0.02379	0.01744	0.07520	0.01467	0.00811	0.00890	0.00263	0.01173	0.00966	0.00410	0.01002
97	0.12694	0.02103	0.04841	0.01697	0.02291	0.02242	0.01444	0.49277	0.03094	0.06983	0.01750	0.01797	0.01253	0.00916	0.00815	0.00239	0.03970	0.00659	0.00707	0.01228

[dist]
# distance from previous block
# <min> <max>
0	10

[block]
# block no. 6 follows, 25 sequences, length 46
# corresponding to MSA columns:
# 272-317
name=unknown_G
#
# <colnr> <probs for GDERKNQSTAVLIFYWHMCP>
#	G	D	E	R	K	N	Q	S	T	A	V	L	I	F	Y	W	H	M	C	P
0	0.01756	0.02249	0.12521	0.03031	0.06195	0.01852	0.50023	0.02403	0.01782	0.02464	0.01640	0.04741	0.01306	0.00732	0.00878	0.00255	0.01213	0.00897	0.00399	0.03663
1	0.01136	0.00846	0.01092	0.01177	0.01377	0.00801	0.00980	0.01456	0.01866	0.02429	0.18185	0.07819	0.20504	0.01983	0.01001	0.00310	0.00563	0.35030	0.00744	0.00703
2	0.01841	0.06152	0.13579	0.05018	0.08922	0.04630	0.43393	0.02472	0.01790	0.02411	0.01488	0.01939	0.01132	0.00678	0.00843	0.00249	0.01223	0.00798	0.00378	0.01061
3	0.14395	0.08225	0.50261	0.01997	0.02983	0.01884	0.05125	0.02418	0.01588	0.02584	0.01326	0.01567	0.00968	0.00725	0.00685	0.00240	0.01040	0.00551	0.00356	0.01080
4	0.01984	0.01981	0.03033	0.07179	0.59822	0.07611	0.02295	0.02425	0.01794	0.02457	0.01433	0.01881	0.01201	0.00703	0.00762	0.00229	0.00966	0.00674	0.00384	0.01185
5	0.00975	0.00688	0.00891	0.01041	0.01078	0.00650	0.00678	0.01088	0.01425	0.01900	0.03968	0.61037	0.04743	0.14162	0.01483	0.00388	0.00500	0.02025	0.00678	0.00603
6	0.01828	0.02362	0.16671	0.10651	0.21423	0.06993	0.14336	0.05654	0.01849	0.02483	0.01819	0.04823	0.03896	0.00841	0.00800	0.00245	0.01049	0.00791	0.00418	0.01068
7	0.05005	0.02123	0.05501	0.02365	0.02750	0.10649	0.22984	0.02252	0.01598	0.02221	0.04131	0.01949	0.01334	0.01010	0.01538	0.00284	0.30236	0.00752	0.00392	0.00927
8	0.01750	0.01047	0.01306	0.01173	0.01343	0.01104	0.00857	0.16899	0.01718	0.02366	0.01588	0.02287	0.01402	0.02087	0.02235	0.50990	0.00687	0.00684	0.07862	0.00615
9	0.08957	0.01954	0.02098	0.01656	0.02206	0.02176	0.01360	0.52370	0.03163	0.04396	0.01823	0.01955	0.01354	0.01504	0.09090	0.00356	0.00980	0.00691	0.00708	0.01203
10	0.02291	0.16075	0.09128	0.01780	0.02312	0.35146	0.04476	0.05144	0.02009	0.02117	0.02148	0.02273	0.10106	0.00925	0.00708	0.00211	0.01104	0.00674	0.00439	0.00932
11	0.02630	0.01984	0.02171	0.05622	0.02436	0.02215	0.01426	0.50117	0.11845	0.04322	0.02039	0.02182	0.01523	0.04735	0.00945	0.00266	0.00826	0.00744	0.00737	0.01236
12	0.01110	0.00744	0.00851	0.00868	0.00873	0.00740	0.00494	0.01123	0.01162	0.01549	0.02620	0.11568	0.03042	0.65952	0.03661	0.00709	0.00723	0.01232	0.00494	0.00485
13	0.09362	0.01338	0.01695	0.01338	0.01883	0.01241	0.01095	0.06348	0.04728	0.51275	0.08996	0.02799	0.02334	0.01002	0.00768	0.00241	0.00634	0.00809	0.00894	0.01220
14	0.06715	0.15638	0.06354	0.01911	0.04741	0.31536	0.01555	0.06972	0.04476	0.02282	0.01290	0.01524	0.01075	0.00852	0.00898	0.00222	0.10022	0.00542	0.00420	0.00975
15	0.03416	0.01487	0.01854	0.01436	0.02028	0.04393	0.01179	0.07942	0.02315	0.61041	0.02891	0.02529	0.01836	0.00950	0.00776	0.00238	0.00707	0.00761	0.00921	0.01300
16	0.01071	0.00738	0.00909	0.00963	0.00993	0.00741	0.00604	0.01144	0.01248	0.01681	0.02947	0.24917	0.03405	0.43805	0.10841	0.00680	0.00818	0.01414	0.00538	0.00544
17	0.01728	0.02115	0.10578	0.15964	0.07705	0.01921	0.38843	0.02338	0.01710	0.02346	0.01470	0.02003	0.01121	0.00735	0.00973	0.00263	0.05989	0.00808	0.00372	0.01018
18	0.02728	0.02316	0.02274	0.04120	0.08176	0.16786	0.01529	0.35106	0.02827	0.08075	0.01741	0.01859	0.01288	0.00894	0.00820	0.00229	0.03781	0.00660	0.03629	0.01163
19	0.05239	0.01639	0.02963	0.39204	0.10661	0.01834	0.19210	0.02164	0.01617	0.02235	0.01405	0.02002	0.01081	0.00762	0.00892	0.00260	0.04782	0.00737	0.00367	0.00945
20	0.02212	0.06618	0.06240	0.10303	0.30758	0.26227	0.02006	0.02596	0.01881	0.02203	0.01332	0.01694	0.01099	0.00739	0.00727	0.00219	0.01111	0.00600	0.00379	0.01054
21	0.01168	0.00824	0.01002	0.00993	0.01054	0.00876	0.00644	0.01365	0.04864	0.01680	0.02387	0.04417	0.02562	0.51073	0.21065	0.00854	0.01093	0.01035	0.00474	0.00571
22	0.01723	0.25029	0.41072	0.01828	0.02725	0.04666	0.02170	0.02350	0.01668	0.02256	0.04381	0.01887	0.03539	0.00795	0.00676	0.00220	0.00998	0.00594	0.00368	0.01055
23	0.01673	0.19739	0.54035	0.02009	0.03045	0.02089	0.02515	0.02425	0.01623	0.02312	0.01320	0.01548	0.00985	0.00720	0.00682	0.00227	0.01074	0.00537	0.00328	0.01112
24	0.03458	0.01353	0.01820	0.01395	0.01996	0.01189	0.01153	0.06174	0.02275	0.65977	0.03012	0.02609	0.01896	0.00959	0.00780	0.00240	0.00667	0.00777	0.00953	0.01320
25	0.01242	0.01068	0.01688	0.04460	0.10093	0.01017	0.08158	0.01586	0.01867	0.02549	0.27914	0.19100	0.13025	0.01565	0.00907	0.00262	0.00589	0.01431	0.00677	0.00803
26	0.02265	0.04454	0.02129	0.02294	0.19208	0.08031	0.01449	0.05182	0.10897	0.18644	0.05231	0.09363	0.05271	0.01088	0.00791	0.00242	0.00762	0.00928	0.00661	0.01109
27	0.02499	0.01264	0.01487	0.01211	0.01641	0.01246	0.00976	0.16505	0.02320	0.27280	0.06257	0.02736	0.02117	0.00969	0.00701	0.00217	0.00579	0.00777	0.28145	0.01072
28	0.01010	0.00850	0.00884	0.00864	0.01130	0.00755	0.00651	0.01369	0.06468	0.02294	0.14395	0.06941	0.55963	0.01855	0.00907	0.00260	0.00405	0.01555	0.00740	0.00705
29	0.01607	0.01656	0.03202	0.44543	0.04838	0.01815	0.26676	0.02177	0.01659	0.02177	0.01452	0.02077	0.01089	0.00728	0.00830	0.00260	0.01140	0.00777	0.00363	0.00933
30	0.01454	0.01366	0.02278	0.64477	0.07683	0.01671	0.02080	0.01952	0.01571	0.02010	0.01723	0.02345	0.04550	0.00834	0.00782	0.00257	0.00995	0.00739	0.00366	0.00865
31	0.01249	0.00892	0.01249	0.01428	0.01606	0.00892	0.01249	0.01606	0.01785	0.02320	0.04105	0.08746	0.04462	0.02142	0.01071	0.00357	0.00714	0.62695	0.00714	0.00714
32	0.01928	0.01678	0.01848	0.01795	0.06508	0.01923	0.01306	0.04001	0.62100	0.03195	0.03040	0.02826	0.02289	0.01027	0.00787	0.00261	0.00635	0.00864	0.00761	0.01227
33	0.01108	0.00831	0.01246	0.01246	0.01385	0.00969	0.00969	0.01385	0.01246	0.01800	0.02077	0.03046	0.01938	0.05815	0.69678	0.01246	0.02077	0.00831	0.00415	0.00692
34	0.01108	0.00831	0.01246	0.01246	0.01385	0.00969	0.00969	0.01385	0.01246	0.01800	0.02077	0.03046	0.01938	0.05815	0.69678	0.01246	0.02077	0.00831	0.00415	0.00692
35	0.01884	0.09868	0.17039	0.02742	0.20123	0.01975	0.10315	0.08527	0.06314	0.02722	0.04701	0.02074	0.01532	0.00815	0.00824	0.00237	0.03710	0.00713	0.02767	0.01117
36	0.01485	0.01400	0.02364	0.67829	0.08234	0.01728	0.02164	0.01999	0.01560	0.02007	0.01382	0.02060	0.01043	0.00771	0.00775	0.00257	0.01028	0.00689	0.00346	0.00878
37	0.02065	0.01007	0.01346	0.01140	0.01492	0.00897	0.00897	0.02404	0.02205	0.29658	0.41320	0.04511	0.05123	0.01331	0.00860	0.00242	0.00485	0.01149	0.00897	0.00970
38	0.02261	0.02539	0.01915	0.01980	0.10069	0.37501	0.01345	0.04946	0.04587	0.02278	0.02574	0.02699	0.12236	0.01005	0.00734	0.00216	0.01014	0.00757	0.08438	0.00909
39	0.01630	0.13964	0.59432	0.02083	0.03159	0.01983	0.02644	0.02436	0.01628	0.02365	0.01346	0.01580	0.00984	0.00726	0.00702	0.00234	0.01100	0.00550	0.00328	0.01124
40	0.01567	0.03934	0.66558	0.02189	0.03312	0.01805	0.02812	0.02510	0.03744	0.02481	0.01449	0.01678	0.01027	0.00747	0.00738	0.00246	0.01129	0.00583	0.00342	0.01149
41	0.00993	0.00833	0.00868	0.00851	0.01113	0.00732	0.00641	0.01316	0.05245	0.02284	0.15174	0.07009	0.56503	0.01867	0.00909	0.00260	0.00401	0.01567	0.00741	0.00695
42	0.01252	0.00897	0.01113	0.01069	0.01288	0.00864	0.00810	0.01767	0.08870	0.05438	0.42593	0.12814	0.12038	0.01658	0.00912	0.00260	0.00432	0.04321	0.00817	0.00788
43	0.01891	0.01814	0.03097	0.08782	0.64108	0.01835	0.02366	0.02355	0.01752	0.02500	0.01454	0.01928	0.01216	0.00696	0.00768	0.00232	0.00928	0.00691	0.00381	0.01206
44	0.01845	0.01767	0.03013	0.15547	0.57706	0.01823	0.02343	0.02315	0.01730	0.02443	0.01445	0.01943	0.01196	0.00705	0.00769	0.00235	0.00939	0.00691	0.00377	0.01168
45	0.00945	0.00675	0.00900	0.01080	0.01125	0.00630	0.00720	0.01080	0.01484	0.01979	0.04274	0.72245	0.05128	0.02429	0.00990	0.00315	0.00450	0.02204	0.00720	0.00630

[dist]
# distance from previous block
# <min> <max>
0	0

# created by:
# /st0/software/busco_prod/Augustus/scripts/msa2prfl.pl ./align_prep/141773.fa
