[name]
unknown

[dist]
# distance from previous block
# <min> <max>
0	17

[block]
# block no. 0 follows, 29 sequences, length 30
# corresponding to MSA columns:
# 18-47
name=unknown_A
#
# <colnr> <probs for GDERKNQSTAVLIFYWHMCP>
#	G	D	E	R	K	N	Q	S	T	A	V	L	I	F	Y	W	H	M	C	P
0	0.31717	0.04494	0.07024	0.01342	0.04284	0.01475	0.01142	0.06236	0.05712	0.11839	0.01850	0.02524	0.01548	0.00901	0.00625	0.00227	0.00646	0.10054	0.00543	0.05817
1	0.22560	0.04682	0.09596	0.02265	0.22324	0.08973	0.01536	0.05973	0.08573	0.02637	0.01565	0.01748	0.03223	0.00738	0.00623	0.00214	0.00785	0.00574	0.00437	0.00974
2	0.02964	0.01582	0.01881	0.01442	0.02002	0.01595	0.01192	0.34031	0.02657	0.39592	0.02290	0.02086	0.01502	0.00869	0.00714	0.00217	0.00690	0.00681	0.00801	0.01211
3	0.02919	0.01267	0.01693	0.01409	0.04728	0.01144	0.01095	0.03380	0.08899	0.58356	0.02694	0.02381	0.01749	0.00865	0.00709	0.00217	0.00609	0.00710	0.00824	0.04351
4	0.01786	0.01256	0.01508	0.01093	0.01711	0.00967	0.00880	0.02095	0.01578	0.14693	0.01544	0.01647	0.01182	0.00591	0.00561	0.00126	0.00541	0.00475	0.00505	0.65261
5	0.01771	0.01530	0.01610	0.01449	0.01852	0.01771	0.01127	0.03784	0.69247	0.02979	0.02898	0.02657	0.02174	0.00966	0.00725	0.00242	0.00564	0.00805	0.00725	0.01127
6	0.80005	0.01377	0.01047	0.00936	0.01377	0.01597	0.00771	0.02093	0.01212	0.03195	0.00991	0.01157	0.00771	0.00661	0.00441	0.00220	0.00551	0.00386	0.00441	0.00771
7	0.01327	0.00664	0.00664	0.00664	0.00830	0.00664	0.00498	0.01659	0.01493	0.02655	0.02323	0.02655	0.01825	0.00830	0.00498	0.00166	0.00332	0.00664	0.78928	0.00664
8	0.01021	0.00747	0.01066	0.01066	0.01166	0.00847	0.00792	0.01221	0.01121	0.01595	0.01979	0.03196	0.01953	0.20240	0.57491	0.01047	0.01647	0.00821	0.00392	0.00592
9	0.01762	0.01692	0.02890	0.04371	0.70533	0.01692	0.02185	0.02185	0.01621	0.02326	0.01339	0.01762	0.01128	0.00634	0.00705	0.00211	0.00846	0.00634	0.00352	0.01128
10	0.01327	0.00664	0.00664	0.00664	0.00830	0.00664	0.00498	0.01659	0.01493	0.02655	0.02323	0.02655	0.01825	0.00830	0.00498	0.00166	0.00332	0.00664	0.78928	0.00664
11	0.80005	0.01377	0.01047	0.00936	0.01377	0.01597	0.00771	0.02093	0.01212	0.03195	0.00991	0.01157	0.00771	0.00661	0.00441	0.00220	0.00551	0.00386	0.00441	0.00771
12	0.01367	0.01277	0.02144	0.58965	0.13401	0.01526	0.01913	0.01810	0.01446	0.01887	0.01463	0.06997	0.01238	0.00809	0.00725	0.00238	0.00898	0.00731	0.00346	0.00821
13	0.01513	0.01298	0.01493	0.01103	0.01708	0.01051	0.00879	0.02039	0.09837	0.02402	0.01467	0.01622	0.01193	0.00581	0.00552	0.00122	0.00532	0.00469	0.00459	0.69680
14	0.80005	0.01377	0.01047	0.00936	0.01377	0.01597	0.00771	0.02093	0.01212	0.03195	0.00991	0.01157	0.00771	0.00661	0.00441	0.00220	0.00551	0.00386	0.00441	0.00771
15	0.01558	0.01558	0.02181	0.01869	0.01869	0.02181	0.01558	0.01714	0.01091	0.01714	0.00935	0.01558	0.00935	0.01246	0.02337	0.00312	0.73672	0.00623	0.00312	0.00779
16	0.01237	0.00618	0.00928	0.00928	0.00928	0.00618	0.00618	0.00928	0.00928	0.01237	0.01237	0.02165	0.01237	0.02474	0.02783	0.79283	0.00618	0.00618	0.00309	0.00309
17	0.02707	0.01995	0.02137	0.01638	0.02208	0.02208	0.01353	0.68159	0.03348	0.04488	0.01710	0.01710	0.01211	0.00855	0.00712	0.00214	0.00784	0.00641	0.00712	0.01211
18	0.01441	0.01328	0.02139	0.64442	0.04550	0.01658	0.01913	0.05846	0.01520	0.01975	0.01272	0.01866	0.00964	0.00754	0.00814	0.00241	0.05489	0.00633	0.00340	0.00816
19	0.01904	0.75404	0.03731	0.01218	0.01828	0.02818	0.01218	0.02132	0.01447	0.01675	0.00990	0.01142	0.00914	0.00609	0.00457	0.00152	0.00761	0.00381	0.00305	0.00914
20	0.01327	0.00664	0.00664	0.00664	0.00830	0.00664	0.00498	0.01659	0.01493	0.02655	0.02323	0.02655	0.01825	0.00830	0.00498	0.00166	0.00332	0.00664	0.78928	0.00664
21	0.01497	0.01284	0.01486	0.01082	0.01699	0.01007	0.00864	0.01933	0.06252	0.02367	0.01381	0.01560	0.01134	0.00558	0.00541	0.00115	0.00530	0.00449	0.00443	0.73818
22	0.02398	0.14684	0.02226	0.01444	0.01955	0.02063	0.01206	0.42998	0.04847	0.08314	0.01755	0.01994	0.01371	0.08428	0.00967	0.00253	0.00750	0.00647	0.00624	0.01076
23	0.02588	0.09805	0.02218	0.01597	0.02121	0.15419	0.01311	0.40965	0.06823	0.07747	0.01661	0.01672	0.01217	0.00815	0.00673	0.00204	0.00852	0.00594	0.00616	0.01102
24	0.02203	0.01505	0.01600	0.01257	0.01791	0.09006	0.01000	0.04879	0.06821	0.24508	0.01989	0.04793	0.01503	0.00777	0.00637	0.00172	0.00644	0.00621	0.00606	0.33688
25	0.01874	0.01742	0.01907	0.01773	0.10384	0.11110	0.03671	0.12241	0.11043	0.02694	0.06400	0.01967	0.01620	0.00746	0.00653	0.00177	0.00725	0.00614	0.00514	0.28147
26	0.02400	0.02096	0.02044	0.01657	0.02129	0.19017	0.05935	0.30092	0.07892	0.08491	0.09219	0.02146	0.01852	0.00884	0.00719	0.00212	0.00855	0.00700	0.00625	0.01033
27	0.02241	0.10764	0.04244	0.01424	0.02012	0.03990	0.03990	0.17792	0.07464	0.17027	0.01787	0.01793	0.01302	0.00736	0.00638	0.00183	0.00705	0.00581	0.00586	0.20739
28	0.13593	0.11869	0.02032	0.05837	0.02081	0.24533	0.01238	0.09284	0.06457	0.04932	0.01515	0.01661	0.03192	0.00797	0.00716	0.00204	0.05435	0.00542	0.00454	0.03627
29	0.02023	0.04737	0.01967	0.01793	0.10986	0.21680	0.01243	0.11326	0.01893	0.02397	0.01316	0.01598	0.01099	0.03430	0.00722	0.00180	0.00837	0.00512	0.00433	0.29828

[dist]
# distance from previous block
# <min> <max>
19	63

[block]
# block no. 1 follows, 29 sequences, length 23
# corresponding to MSA columns:
# 113-135
name=unknown_B
#
# <colnr> <probs for GDERKNQSTAVLIFYWHMCP>
#	G	D	E	R	K	N	Q	S	T	A	V	L	I	F	Y	W	H	M	C	P
0	0.09093	0.01412	0.04494	0.01785	0.14220	0.01307	0.01236	0.10271	0.03689	0.22584	0.13583	0.02740	0.05657	0.00935	0.00707	0.00216	0.00623	0.00780	0.00653	0.04015
1	0.05030	0.04220	0.22505	0.01481	0.02210	0.01492	0.01505	0.14961	0.01894	0.09913	0.01498	0.01606	0.01098	0.00680	0.00622	0.00180	0.00749	0.00524	0.00487	0.27347
2	0.01757	0.01708	0.02982	0.04275	0.65876	0.01699	0.06770	0.02192	0.01626	0.02323	0.01346	0.01773	0.01125	0.00632	0.00714	0.00213	0.00871	0.00649	0.00353	0.01116
3	0.01637	0.01337	0.01892	0.01883	0.16781	0.01137	0.04686	0.01991	0.01615	0.07706	0.08128	0.02011	0.01679	0.00673	0.00628	0.00156	0.00620	0.00598	0.00474	0.44368
4	0.01752	0.01487	0.02292	0.03126	0.43385	0.01509	0.01696	0.02430	0.13553	0.07309	0.11948	0.02494	0.02187	0.00832	0.00729	0.00219	0.00704	0.00767	0.00519	0.01066
5	0.01835	0.01647	0.02568	0.03547	0.51888	0.01658	0.01885	0.11916	0.01898	0.02684	0.06188	0.01987	0.01526	0.00719	0.00706	0.00207	0.00784	0.00670	0.00440	0.05246
6	0.01754	0.01161	0.01442	0.01452	0.08325	0.03739	0.01001	0.02277	0.11002	0.18212	0.23035	0.11597	0.05476	0.01199	0.00766	0.00224	0.00535	0.01040	0.00702	0.05058
7	0.01632	0.01382	0.01747	0.14953	0.05017	0.01271	0.01180	0.10950	0.01730	0.02524	0.01330	0.01600	0.01059	0.00612	0.00595	0.00149	0.00655	0.00500	0.00439	0.50675
8	0.01442	0.01258	0.02069	0.42897	0.18348	0.01422	0.01758	0.01865	0.01569	0.04717	0.10864	0.05144	0.01952	0.00862	0.00736	0.00231	0.00809	0.00779	0.00423	0.00856
9	0.02035	0.01664	0.02121	0.01774	0.04789	0.01786	0.10274	0.21353	0.30862	0.06169	0.02404	0.02361	0.04253	0.00884	0.00732	0.00226	0.00715	0.00765	0.00650	0.04181
10	0.01338	0.01229	0.02046	0.61375	0.07329	0.01493	0.01884	0.01793	0.01459	0.01880	0.01579	0.02651	0.01346	0.00864	0.00745	0.00247	0.00908	0.08684	0.00360	0.00789
11	0.01477	0.01266	0.01477	0.01055	0.01687	0.00949	0.00844	0.01793	0.01477	0.02320	0.01266	0.01477	0.01055	0.00527	0.00527	0.00105	0.00527	0.00422	0.00422	0.79328
12	0.01807	0.01777	0.02847	0.04244	0.67123	0.05207	0.02145	0.02218	0.01641	0.02297	0.01327	0.01738	0.01117	0.00639	0.00702	0.00210	0.00868	0.00626	0.00353	0.01113
13	0.00868	0.00620	0.00826	0.00991	0.01033	0.00578	0.00661	0.00991	0.01363	0.01818	0.03925	0.74510	0.04710	0.02231	0.00909	0.00289	0.00413	0.02024	0.00661	0.00578
14	0.01771	0.01530	0.01610	0.01449	0.01852	0.01771	0.01127	0.03784	0.69247	0.02979	0.02898	0.02657	0.02174	0.00966	0.00725	0.00242	0.00564	0.00805	0.00725	0.01127
15	0.01502	0.01268	0.01476	0.01070	0.01677	0.00985	0.00855	0.04392	0.01577	0.02433	0.04725	0.01678	0.01344	0.00587	0.00550	0.00116	0.00528	0.00474	0.00451	0.72313
16	0.01600	0.28006	0.45574	0.01793	0.02681	0.02056	0.04813	0.02214	0.01491	0.02059	0.01187	0.01398	0.00913	0.00651	0.00608	0.00201	0.00959	0.00490	0.00304	0.01001
17	0.00983	0.00729	0.00901	0.00983	0.01108	0.00687	0.00703	0.04411	0.01583	0.02074	0.09708	0.47907	0.17572	0.02000	0.00885	0.00273	0.00430	0.05764	0.00673	0.00627
18	0.00868	0.00620	0.00826	0.00991	0.01033	0.00578	0.00661	0.00991	0.01363	0.01818	0.03925	0.74510	0.04710	0.02231	0.00909	0.00289	0.00413	0.02024	0.00661	0.00578
19	0.00868	0.00620	0.00826	0.00991	0.01033	0.00578	0.00661	0.00991	0.01363	0.01818	0.03925	0.74510	0.04710	0.02231	0.00909	0.00289	0.00413	0.02024	0.00661	0.00578
20	0.08071	0.01952	0.02061	0.01590	0.02151	0.02166	0.01313	0.63574	0.03200	0.04398	0.01660	0.01671	0.01180	0.00841	0.00693	0.00214	0.00767	0.00623	0.00693	0.01180
21	0.01878	0.54905	0.16826	0.01433	0.02107	0.08781	0.01509	0.02220	0.01509	0.01795	0.01056	0.01226	0.00912	0.00634	0.00517	0.00169	0.00865	0.00416	0.00309	0.00933
22	0.01927	0.52864	0.09058	0.01728	0.10467	0.06009	0.01470	0.05678	0.01602	0.01956	0.01101	0.01286	0.00955	0.00637	0.00529	0.00170	0.00823	0.00442	0.00335	0.00963

[dist]
# distance from previous block
# <min> <max>
0	1

[block]
# block no. 2 follows, 29 sequences, length 89
# corresponding to MSA columns:
# 137-225
name=unknown_C
#
# <colnr> <probs for GDERKNQSTAVLIFYWHMCP>
#	G	D	E	R	K	N	Q	S	T	A	V	L	I	F	Y	W	H	M	C	P
0	0.80005	0.01377	0.01047	0.00936	0.01377	0.01597	0.00771	0.02093	0.01212	0.03195	0.00991	0.01157	0.00771	0.00661	0.00441	0.00220	0.00551	0.00386	0.00441	0.00771
1	0.00879	0.00637	0.00821	0.00954	0.01017	0.00589	0.00641	0.01012	0.01402	0.01856	0.07167	0.62453	0.10504	0.05200	0.01013	0.00299	0.00417	0.01903	0.00657	0.00579
2	0.80005	0.01377	0.01047	0.00936	0.01377	0.01597	0.00771	0.02093	0.01212	0.03195	0.00991	0.01157	0.00771	0.00661	0.00441	0.00220	0.00551	0.00386	0.00441	0.00771
3	0.01043	0.00794	0.01164	0.01149	0.01261	0.00934	0.00885	0.01274	0.01134	0.01635	0.01889	0.02883	0.01803	0.10477	0.63729	0.01072	0.05089	0.00777	0.00382	0.00627
4	0.00959	0.00726	0.00884	0.00845	0.01034	0.00651	0.00634	0.01250	0.01901	0.02583	0.51741	0.05768	0.25306	0.01557	0.00840	0.00229	0.00343	0.01351	0.00748	0.00651
5	0.00868	0.00620	0.00826	0.00991	0.01033	0.00578	0.00661	0.00991	0.01363	0.01818	0.03925	0.74510	0.04710	0.02231	0.00909	0.00289	0.00413	0.02024	0.00661	0.00578
6	0.01364	0.01285	0.02170	0.70119	0.07900	0.01587	0.01987	0.01836	0.01433	0.01842	0.01269	0.01892	0.00957	0.00708	0.00712	0.00236	0.00945	0.00633	0.00318	0.00806
7	0.01395	0.01319	0.01869	0.01651	0.01689	0.01792	0.01357	0.01581	0.01107	0.01695	0.01228	0.01931	0.01189	0.02479	0.23357	0.00562	0.52065	0.00665	0.00333	0.00736
8	0.01036	0.00690	0.00777	0.00777	0.00777	0.00690	0.00431	0.01036	0.01036	0.01381	0.02244	0.04660	0.02589	0.74975	0.03624	0.00690	0.00690	0.01036	0.00431	0.00431
9	0.01477	0.01266	0.01477	0.01055	0.01687	0.00949	0.00844	0.01793	0.01477	0.02320	0.01266	0.01477	0.01055	0.00527	0.00527	0.00105	0.00527	0.00422	0.00422	0.79328
10	0.04205	0.01389	0.02249	0.52305	0.17611	0.01645	0.01941	0.04307	0.01515	0.02061	0.01277	0.01828	0.00988	0.00716	0.00751	0.00233	0.03139	0.00625	0.00342	0.00872
11	0.07304	0.01803	0.01893	0.01509	0.02015	0.15282	0.05139	0.13827	0.02181	0.35444	0.04920	0.02098	0.01614	0.00842	0.00697	0.00213	0.00790	0.00665	0.00691	0.01072
12	0.01036	0.00690	0.00777	0.00777	0.00777	0.00690	0.00431	0.01036	0.01036	0.01381	0.02244	0.04660	0.02589	0.74975	0.03624	0.00690	0.00690	0.01036	0.00431	0.00431
13	0.01745	0.01674	0.02858	0.07313	0.67730	0.01687	0.02176	0.02170	0.01613	0.02305	0.01336	0.01768	0.01120	0.00638	0.00705	0.00213	0.00850	0.00634	0.00351	0.01114
14	0.01033	0.00753	0.01093	0.01093	0.01212	0.00864	0.00835	0.01270	0.01152	0.01677	0.01953	0.02940	0.01847	0.10723	0.63385	0.01063	0.01738	0.00780	0.03969	0.00621
15	0.04235	0.01317	0.02103	0.59194	0.04290	0.01679	0.01866	0.01812	0.01363	0.01852	0.01203	0.01817	0.00940	0.00796	0.00963	0.00249	0.12592	0.00622	0.00320	0.00788
16	0.73509	0.01374	0.01077	0.00955	0.01390	0.01585	0.00785	0.04877	0.01314	0.03228	0.01076	0.01241	0.00833	0.00676	0.00455	0.00218	0.00552	0.00408	0.03662	0.00785
17	0.03923	0.01281	0.02102	0.67981	0.04665	0.01607	0.01921	0.01824	0.01403	0.01860	0.01243	0.01860	0.00943	0.00732	0.00770	0.00240	0.03911	0.00624	0.00320	0.00790
18	0.74451	0.01421	0.01125	0.00987	0.01437	0.01641	0.00813	0.06840	0.01365	0.03288	0.01043	0.01196	0.00803	0.00675	0.00460	0.00220	0.00568	0.00404	0.00460	0.00803
19	0.01727	0.01724	0.02260	0.04779	0.11187	0.07147	0.01631	0.05926	0.01379	0.01971	0.01060	0.01587	0.00977	0.01084	0.01838	0.00280	0.51627	0.00614	0.00346	0.00856
20	0.01428	0.03683	0.71286	0.02030	0.03082	0.01654	0.02631	0.02255	0.01503	0.02255	0.01278	0.01503	0.00902	0.00677	0.00677	0.00226	0.01052	0.00526	0.00301	0.01052
21	0.01129	0.00784	0.01002	0.00929	0.01127	0.00734	0.00703	0.01530	0.04961	0.05738	0.61956	0.05136	0.08693	0.01423	0.00830	0.00225	0.00358	0.01250	0.00781	0.00712
22	0.02490	0.01954	0.02160	0.12849	0.04837	0.12432	0.04471	0.32524	0.02507	0.14161	0.01701	0.01801	0.01206	0.00800	0.00708	0.00215	0.00877	0.00633	0.00598	0.01074
23	0.01904	0.75404	0.03731	0.01218	0.01828	0.02818	0.01218	0.02132	0.01447	0.01675	0.00990	0.01142	0.00914	0.00609	0.00457	0.00152	0.00761	0.00381	0.00305	0.00914
24	0.00868	0.00620	0.00826	0.00991	0.01033	0.00578	0.00661	0.00991	0.01363	0.01818	0.03925	0.74510	0.04710	0.02231	0.00909	0.00289	0.00413	0.02024	0.00661	0.00578
25	0.65817	0.04139	0.03899	0.08711	0.01834	0.01642	0.00986	0.02071	0.01254	0.02957	0.01031	0.01248	0.00800	0.00665	0.00479	0.00220	0.00620	0.00417	0.00417	0.00789
26	0.02287	0.02770	0.02036	0.01906	0.04931	0.49878	0.01419	0.02478	0.01750	0.01755	0.01125	0.01455	0.00983	0.01121	0.05382	0.00271	0.16762	0.00520	0.00355	0.00817
27	0.00868	0.00620	0.00826	0.00991	0.01033	0.00578	0.00661	0.00991	0.01363	0.01818	0.03925	0.74510	0.04710	0.02231	0.00909	0.00289	0.00413	0.02024	0.00661	0.00578
28	0.00852	0.00679	0.00765	0.00834	0.00991	0.00592	0.00591	0.01009	0.01515	0.01879	0.05843	0.35050	0.42932	0.01982	0.00870	0.00261	0.00383	0.01720	0.00661	0.00592
29	0.42315	0.03594	0.04613	0.18756	0.02477	0.01608	0.05201	0.04887	0.01414	0.02694	0.01308	0.05908	0.01103	0.00773	0.00582	0.00228	0.00716	0.00590	0.00421	0.00811
30	0.00904	0.00646	0.00868	0.01034	0.01091	0.00610	0.00725	0.01055	0.01400	0.01859	0.03904	0.65772	0.04629	0.02196	0.00919	0.00294	0.00445	0.10400	0.00660	0.00589
31	0.01017	0.00763	0.01144	0.01144	0.01272	0.00890	0.00890	0.01272	0.01144	0.01653	0.01907	0.02797	0.01780	0.05340	0.72153	0.01144	0.01907	0.00763	0.00381	0.00636
32	0.02529	0.01530	0.01917	0.15585	0.02567	0.01631	0.01346	0.26243	0.08416	0.27571	0.02121	0.02087	0.01443	0.00846	0.00715	0.00223	0.00733	0.00681	0.00696	0.01121
33	0.06268	0.08649	0.62179	0.01905	0.02888	0.01733	0.02417	0.02236	0.01482	0.02271	0.01240	0.01456	0.00895	0.00671	0.00646	0.00220	0.01001	0.00507	0.00310	0.01025
34	0.01237	0.00618	0.00928	0.00928	0.00928	0.00618	0.00618	0.00928	0.00928	0.01237	0.01237	0.02165	0.01237	0.02474	0.02783	0.79283	0.00618	0.00618	0.00309	0.00309
35	0.01558	0.01558	0.02181	0.01869	0.01869	0.02181	0.01558	0.01714	0.01091	0.01714	0.00935	0.01558	0.00935	0.01246	0.02337	0.00312	0.73672	0.00623	0.00312	0.00779
36	0.02555	0.01964	0.06336	0.04733	0.05245	0.01999	0.01457	0.50410	0.04700	0.10707	0.01789	0.01803	0.01258	0.00834	0.00711	0.00217	0.00786	0.00645	0.00672	0.01178
37	0.10945	0.01529	0.02244	0.17229	0.02670	0.01944	0.08442	0.04558	0.01330	0.02086	0.01097	0.01627	0.00945	0.00978	0.01539	0.00273	0.38778	0.00620	0.00349	0.00817
38	0.00890	0.00637	0.00834	0.00983	0.01035	0.00597	0.00665	0.01017	0.01366	0.01809	0.03938	0.64662	0.07014	0.06652	0.01076	0.00314	0.00439	0.04853	0.00647	0.00574
39	0.00865	0.00628	0.00817	0.00968	0.01027	0.00580	0.00651	0.00994	0.01386	0.01827	0.04209	0.68663	0.10374	0.02194	0.00903	0.00285	0.00409	0.01979	0.00661	0.00580
40	0.01477	0.01266	0.01477	0.01055	0.01687	0.00949	0.00844	0.01793	0.01477	0.02320	0.01266	0.01477	0.01055	0.00527	0.00527	0.00105	0.00527	0.00422	0.00422	0.79328
41	0.01017	0.00763	0.01144	0.01144	0.01272	0.00890	0.00890	0.01272	0.01144	0.01653	0.01907	0.02797	0.01780	0.05340	0.72153	0.01144	0.01907	0.00763	0.00381	0.00636
42	0.01017	0.00763	0.01144	0.01144	0.01272	0.00890	0.00890	0.01272	0.01144	0.01653	0.01907	0.02797	0.01780	0.05340	0.72153	0.01144	0.01907	0.00763	0.00381	0.00636
43	0.02551	0.01972	0.02048	0.01586	0.02145	0.05265	0.01298	0.56270	0.06127	0.04099	0.01696	0.01712	0.01227	0.00825	0.00693	0.00204	0.00773	0.00621	0.00671	0.08217
44	0.01035	0.00693	0.00790	0.00790	0.00795	0.00698	0.00449	0.01044	0.01040	0.01391	0.02231	0.04590	0.02558	0.72354	0.06204	0.00707	0.00736	0.01025	0.00430	0.00439
45	0.01966	0.60151	0.08867	0.01365	0.01977	0.11924	0.01351	0.02236	0.01527	0.01730	0.01028	0.01190	0.00913	0.00631	0.00499	0.00162	0.00854	0.00403	0.00313	0.00913
46	0.01642	0.02042	0.10237	0.02773	0.03437	0.01833	0.53785	0.02210	0.01593	0.02210	0.01364	0.01838	0.01046	0.00686	0.01006	0.00247	0.09971	0.00785	0.00349	0.00947
47	0.01036	0.00690	0.00777	0.00777	0.00777	0.00690	0.00431	0.01036	0.01036	0.01381	0.02244	0.04660	0.02589	0.74975	0.03624	0.00690	0.00690	0.01036	0.00431	0.00431
48	0.00949	0.00726	0.00870	0.00834	0.01028	0.00647	0.00626	0.01230	0.01877	0.02526	0.47889	0.05862	0.29193	0.01579	0.00840	0.00230	0.00345	0.01364	0.00740	0.00647
49	0.01595	0.01572	0.02180	0.01862	0.01880	0.02182	0.01551	0.03868	0.01164	0.01804	0.00960	0.01563	0.00944	0.01234	0.02284	0.00308	0.71308	0.00624	0.00325	0.00793
50	0.01762	0.01692	0.02890	0.04371	0.70533	0.01692	0.02185	0.02185	0.01621	0.02326	0.01339	0.01762	0.01128	0.00634	0.00705	0.00211	0.00846	0.00634	0.00352	0.01128
51	0.01040	0.00761	0.00979	0.00919	0.01097	0.00718	0.00691	0.01446	0.04828	0.02861	0.67345	0.05208	0.06529	0.01435	0.00835	0.00225	0.00345	0.01268	0.00781	0.00691
52	0.01502	0.09511	0.56623	0.02091	0.03061	0.01772	0.11228	0.02248	0.01522	0.02209	0.01275	0.01529	0.00927	0.00661	0.00680	0.00221	0.01048	0.00556	0.00309	0.01028
53	0.01670	0.01918	0.07776	0.07662	0.24269	0.01745	0.39724	0.02222	0.01636	0.02265	0.01389	0.01845	0.01076	0.00622	0.00781	0.00230	0.01067	0.00745	0.00351	0.01007
54	0.01119	0.00740	0.00975	0.00934	0.01105	0.00680	0.00693	0.01417	0.01912	0.06859	0.55416	0.16239	0.06093	0.01545	0.00843	0.00234	0.00365	0.01371	0.00770	0.00690
55	0.33261	0.01277	0.01415	0.01138	0.01645	0.01262	0.00939	0.02931	0.01715	0.44475	0.02098	0.01928	0.01375	0.00795	0.00608	0.00220	0.00584	0.00587	0.00709	0.01039
56	0.15274	0.01554	0.01743	0.01365	0.01900	0.01613	0.01125	0.28478	0.04741	0.31855	0.02092	0.01950	0.01403	0.00839	0.00671	0.00218	0.00665	0.00637	0.00739	0.01138
57	0.02096	0.01644	0.01758	0.01493	0.01949	0.01859	0.01186	0.21623	0.47902	0.06504	0.02564	0.02383	0.01888	0.00931	0.00721	0.00233	0.00626	0.00756	0.00728	0.01154
58	0.01699	0.01661	0.02670	0.20958	0.51731	0.04652	0.02101	0.02125	0.01590	0.02179	0.01311	0.01775	0.01076	0.00657	0.00704	0.00217	0.00890	0.00627	0.00344	0.01033
59	0.01369	0.01313	0.02285	0.68189	0.04819	0.01598	0.06742	0.01853	0.01442	0.01853	0.01278	0.01900	0.00959	0.00704	0.00721	0.00238	0.00967	0.00648	0.00320	0.00803
60	0.01008	0.00728	0.00952	0.00896	0.01064	0.00672	0.00672	0.01344	0.02016	0.02855	0.70158	0.05319	0.06719	0.01456	0.00840	0.00224	0.00336	0.01288	0.00784	0.00672
61	0.01747	0.01676	0.02862	0.06964	0.68063	0.01688	0.02178	0.02172	0.01614	0.02307	0.01337	0.01767	0.01121	0.00637	0.00705	0.00212	0.00850	0.00634	0.00351	0.01115
62	0.01377	0.01298	0.01248	0.04261	0.01581	0.12375	0.00973	0.01882	0.11823	0.02185	0.11971	0.16208	0.15069	0.01517	0.00824	0.00253	0.00625	0.13168	0.00623	0.00739
63	0.01413	0.00746	0.00755	0.00724	0.00915	0.00760	0.00551	0.05789	0.01608	0.02769	0.02285	0.02596	0.01787	0.00831	0.00511	0.00169	0.00360	0.00662	0.74071	0.00698
64	0.00930	0.00716	0.00861	0.00943	0.01091	0.00659	0.00695	0.01170	0.03537	0.01995	0.09121	0.34850	0.28514	0.01956	0.00885	0.00271	0.00426	0.10092	0.00670	0.00619
65	0.09201	0.01688	0.02043	0.38136	0.12424	0.14053	0.01688	0.02152	0.01571	0.06236	0.01392	0.03858	0.01110	0.00756	0.00679	0.00223	0.00921	0.00624	0.00387	0.00859
66	0.14157	0.22353	0.42087	0.01639	0.02475	0.01954	0.01958	0.02196	0.01442	0.02252	0.01155	0.01352	0.00884	0.00656	0.00580	0.00205	0.00895	0.00465	0.00324	0.00970
67	0.00868	0.00620	0.00826	0.00991	0.01033	0.00578	0.00661	0.00991	0.01363	0.01818	0.03925	0.74510	0.04710	0.02231	0.00909	0.00289	0.00413	0.02024	0.00661	0.00578
68	0.01370	0.01292	0.02182	0.69050	0.08918	0.01589	0.01990	0.01842	0.01436	0.01850	0.01270	0.01890	0.00960	0.00707	0.00711	0.00236	0.00943	0.00633	0.00319	0.00812
69	0.01571	0.25172	0.51045	0.01787	0.02706	0.02002	0.02208	0.02218	0.01486	0.02081	0.01192	0.01395	0.00906	0.00656	0.00611	0.00204	0.00965	0.00483	0.00302	0.01011
70	0.01399	0.01321	0.02234	0.64270	0.13472	0.01596	0.02005	0.01867	0.01450	0.01886	0.01275	0.01881	0.00973	0.00702	0.00711	0.00234	0.00936	0.00633	0.00321	0.00835
71	0.01008	0.00728	0.00952	0.00896	0.01064	0.00672	0.00672	0.01344	0.02016	0.02855	0.70158	0.05319	0.06719	0.01456	0.00840	0.00224	0.00336	0.01288	0.00784	0.00672
72	0.05166	0.01330	0.04063	0.01298	0.01864	0.01124	0.01105	0.05740	0.02045	0.64421	0.02668	0.02332	0.01686	0.00867	0.00707	0.00220	0.00626	0.00698	0.00843	0.01195
73	0.02273	0.13956	0.02389	0.10456	0.04268	0.18423	0.01454	0.26605	0.02251	0.02768	0.01319	0.01531	0.01036	0.00799	0.00800	0.00208	0.07454	0.00554	0.00473	0.00982
74	0.80005	0.01377	0.01047	0.00936	0.01377	0.01597	0.00771	0.02093	0.01212	0.03195	0.00991	0.01157	0.00771	0.00661	0.00441	0.00220	0.00551	0.00386	0.00441	0.00771
75	0.53182	0.01156	0.01004	0.00915	0.01266	0.01280	0.00731	0.01824	0.01467	0.03037	0.21598	0.02640	0.05688	0.00947	0.00576	0.00222	0.00479	0.00702	0.00552	0.00734
76	0.01904	0.75404	0.03731	0.01218	0.01828	0.02818	0.01218	0.02132	0.01447	0.01675	0.00990	0.01142	0.00914	0.00609	0.00457	0.00152	0.00761	0.00381	0.00305	0.00914
77	0.01408	0.01193	0.01403	0.01048	0.01614	0.00907	0.00823	0.01703	0.01464	0.02264	0.01565	0.09694	0.01466	0.00719	0.00570	0.00126	0.00514	0.00602	0.00449	0.70468
78	0.02202	0.01704	0.01678	0.01465	0.01892	0.10989	0.01153	0.06139	0.40980	0.17074	0.02624	0.02588	0.01953	0.00950	0.00721	0.00231	0.00681	0.03178	0.00707	0.01090
79	0.01762	0.01692	0.02890	0.04371	0.70533	0.01692	0.02185	0.02185	0.01621	0.02326	0.01339	0.01762	0.01128	0.00634	0.00705	0.00211	0.00846	0.00634	0.00352	0.01128
80	0.00891	0.00630	0.00828	0.00967	0.01018	0.00588	0.00647	0.01003	0.01368	0.01819	0.06049	0.64164	0.07455	0.04713	0.01068	0.03266	0.00426	0.01891	0.00644	0.00567
81	0.01347	0.01258	0.01997	0.16257	0.06603	0.01553	0.06246	0.01643	0.01261	0.01800	0.01480	0.05241	0.01375	0.02301	0.22252	0.00529	0.24994	0.00744	0.00354	0.00765
82	0.01455	0.07773	0.67434	0.01983	0.03010	0.01720	0.02550	0.02248	0.01500	0.02222	0.01261	0.01483	0.00903	0.00673	0.00664	0.00221	0.01036	0.00518	0.00301	0.01044
83	0.01926	0.04868	0.01925	0.01659	0.11007	0.01441	0.01174	0.16007	0.04910	0.07585	0.01536	0.01667	0.01190	0.00658	0.00609	0.00159	0.00641	0.00532	0.00514	0.39994
84	0.01603	0.01411	0.02230	0.01637	0.02233	0.01209	0.20283	0.02069	0.04582	0.06419	0.05775	0.04188	0.01612	0.00698	0.00669	0.00170	0.00713	0.00679	0.00474	0.41347
85	0.03553	0.11008	0.10906	0.01213	0.01648	0.01243	0.03998	0.01789	0.05990	0.02479	0.30977	0.03673	0.10299	0.01110	0.00725	0.00209	0.00563	0.00944	0.00584	0.07088
86	0.01441	0.04332	0.33749	0.02053	0.02797	0.01555	0.20545	0.02049	0.01578	0.02254	0.07704	0.04867	0.03858	0.00834	0.00807	0.00229	0.03925	0.00766	0.00391	0.04265
87	0.01819	0.11392	0.13656	0.02006	0.05293	0.19857	0.13915	0.02191	0.01579	0.01920	0.01349	0.03665	0.01184	0.04238	0.05565	0.00297	0.08211	0.00641	0.00353	0.00870
88	0.04205	0.16085	0.20555	0.01809	0.02459	0.13532	0.12249	0.02457	0.06839	0.06110	0.05857	0.01843	0.01452	0.00745	0.00666	0.00208	0.00937	0.00615	0.00423	0.00956

[dist]
# distance from previous block
# <min> <max>
29	41

[block]
# block no. 3 follows, 29 sequences, length 11
# corresponding to MSA columns:
# 274-284
name=unknown_D
#
# <colnr> <probs for GDERKNQSTAVLIFYWHMCP>
#	G	D	E	R	K	N	Q	S	T	A	V	L	I	F	Y	W	H	M	C	P
0	0.02064	0.39862	0.04930	0.01305	0.01852	0.07860	0.01200	0.12787	0.01874	0.08306	0.02042	0.02065	0.09480	0.00830	0.00590	0.00184	0.00754	0.00600	0.00469	0.00947
1	0.01096	0.00793	0.01082	0.01233	0.01391	0.00779	0.01052	0.01392	0.01612	0.02084	0.04064	0.14287	0.09512	0.01979	0.00965	0.00317	0.00609	0.54453	0.00657	0.00644
2	0.00946	0.00683	0.00881	0.00985	0.01067	0.00632	0.00671	0.01078	0.01343	0.01810	0.03516	0.56495	0.04150	0.11841	0.01252	0.00333	0.00472	0.05488	0.00614	0.05743
3	0.02252	0.06006	0.02274	0.01875	0.02197	0.45002	0.07230	0.02473	0.01741	0.01813	0.01133	0.01442	0.00968	0.00832	0.01016	0.00214	0.17016	0.00532	0.03160	0.00825
4	0.01701	0.27018	0.37941	0.01960	0.09054	0.02077	0.02039	0.06543	0.01617	0.02218	0.01217	0.01423	0.00948	0.00662	0.00609	0.00199	0.00919	0.00496	0.00334	0.01024
5	0.01021	0.00802	0.00904	0.00877	0.01105	0.00731	0.00675	0.05118	0.01824	0.02342	0.23676	0.08617	0.41500	0.01680	0.00847	0.00243	0.00403	0.06277	0.00697	0.00660
6	0.01080	0.00710	0.00972	0.00972	0.01041	0.00770	0.00686	0.01160	0.01091	0.01549	0.01900	0.03208	0.01914	0.24619	0.35624	0.15618	0.01232	0.00809	0.04528	0.00517
7	0.01628	0.20554	0.32326	0.10759	0.06599	0.04649	0.09709	0.02194	0.01526	0.02048	0.01221	0.01517	0.00944	0.00656	0.00646	0.00208	0.00984	0.00543	0.00316	0.00971
8	0.01961	0.02013	0.02538	0.10441	0.34811	0.16082	0.05662	0.06847	0.08260	0.02359	0.01463	0.01770	0.01169	0.00707	0.00703	0.00213	0.00935	0.00627	0.00412	0.01027
9	0.06596	0.05618	0.01710	0.01234	0.01766	0.01202	0.01024	0.03173	0.05833	0.53363	0.04817	0.02343	0.01815	0.00858	0.00681	0.00211	0.00596	0.00688	0.00787	0.05687
10	0.01671	0.01366	0.01461	0.01296	0.01669	0.01500	0.01022	0.14217	0.36830	0.02980	0.07515	0.03758	0.16165	0.01194	0.00765	0.00240	0.00552	0.04103	0.00710	0.00986

[dist]
# distance from previous block
# <min> <max>
10	38

[block]
# block no. 4 follows, 29 sequences, length 6
# corresponding to MSA columns:
# 327-332
name=unknown_E
#
# <colnr> <probs for GDERKNQSTAVLIFYWHMCP>
#	G	D	E	R	K	N	Q	S	T	A	V	L	I	F	Y	W	H	M	C	P
0	0.16058	0.01958	0.05850	0.05425	0.11860	0.12315	0.04040	0.14790	0.06550	0.09163	0.01768	0.01882	0.03723	0.00789	0.00661	0.00216	0.00819	0.00618	0.00519	0.00995
1	0.01833	0.05236	0.26368	0.02007	0.10805	0.07466	0.01800	0.16705	0.05820	0.02808	0.10424	0.02111	0.01829	0.00830	0.00701	0.00216	0.00855	0.00669	0.00490	0.01027
2	0.01820	0.05060	0.01513	0.04206	0.01686	0.07971	0.00974	0.16464	0.02124	0.11379	0.11788	0.03947	0.25735	0.01228	0.00753	0.00220	0.00615	0.00995	0.00655	0.00867
3	0.01616	0.02504	0.28300	0.02219	0.02897	0.05274	0.23335	0.05474	0.01631	0.02262	0.01525	0.05112	0.01283	0.00855	0.00950	0.00245	0.09700	0.03494	0.00376	0.00949
4	0.00898	0.00708	0.00818	0.00872	0.01048	0.00627	0.00653	0.01096	0.01596	0.02006	0.11689	0.23556	0.40650	0.01897	0.00875	0.00261	0.00406	0.09066	0.00672	0.00608
5	0.02056	0.01671	0.01771	0.01507	0.01960	0.01904	0.01196	0.23402	0.49164	0.03439	0.02536	0.02368	0.01880	0.00932	0.00721	0.00233	0.00631	0.00755	0.00721	0.01153

[dist]
# distance from previous block
# <min> <max>
0	1

[block]
# block no. 5 follows, 29 sequences, length 20
# corresponding to MSA columns:
# 334-353
name=unknown_F
#
# <colnr> <probs for GDERKNQSTAVLIFYWHMCP>
#	G	D	E	R	K	N	Q	S	T	A	V	L	I	F	Y	W	H	M	C	P
0	0.01460	0.06606	0.66081	0.02077	0.05383	0.01704	0.02556	0.02247	0.01505	0.02233	0.01268	0.01497	0.00910	0.00672	0.00668	0.00222	0.01033	0.00524	0.00303	0.01049
1	0.01618	0.01821	0.03943	0.02847	0.03515	0.01707	0.62782	0.02182	0.01656	0.02245	0.01631	0.07493	0.01359	0.00725	0.00846	0.00244	0.01140	0.00931	0.00383	0.00931
2	0.01437	0.01360	0.02303	0.57986	0.19458	0.01606	0.02024	0.01900	0.01468	0.01932	0.01282	0.01868	0.00989	0.00695	0.00710	0.00232	0.00926	0.00633	0.00324	0.00866
3	0.02915	0.01473	0.07888	0.01349	0.01931	0.01174	0.01197	0.08175	0.02089	0.57203	0.05197	0.02399	0.01836	0.00883	0.00717	0.00220	0.00649	0.00716	0.00813	0.01177
4	0.01300	0.01165	0.01941	0.62065	0.04296	0.01430	0.01770	0.01686	0.01380	0.01773	0.01465	0.07415	0.01257	0.00966	0.00891	0.06502	0.00882	0.00737	0.00342	0.00737
5	0.01137	0.00846	0.01110	0.01229	0.01419	0.00842	0.01054	0.01541	0.05599	0.02149	0.04244	0.07537	0.14069	0.01883	0.00947	0.00309	0.00605	0.52142	0.00661	0.00675
6	0.01428	0.03683	0.71286	0.02030	0.03082	0.01654	0.02631	0.02255	0.01503	0.02255	0.01278	0.01503	0.00902	0.00677	0.00677	0.00226	0.01052	0.00526	0.00301	0.01052
7	0.03065	0.01179	0.01606	0.01252	0.01774	0.01021	0.01025	0.03332	0.02001	0.67175	0.02871	0.06436	0.01927	0.00956	0.00727	0.00224	0.00595	0.00789	0.00869	0.01177
8	0.02596	0.03147	0.02094	0.02010	0.07373	0.60906	0.01435	0.08288	0.02100	0.02018	0.01170	0.01356	0.00958	0.00736	0.00653	0.00188	0.01209	0.00487	0.00395	0.00881
9	0.01443	0.01366	0.02314	0.56991	0.20406	0.01608	0.02027	0.01906	0.01470	0.01939	0.01283	0.01866	0.00991	0.00694	0.00710	0.00231	0.00925	0.00633	0.00325	0.00871
10	0.00912	0.00675	0.00950	0.01051	0.01115	0.00634	0.03198	0.01044	0.01349	0.01801	0.03697	0.66222	0.04404	0.07931	0.01121	0.00319	0.00465	0.01901	0.00631	0.00581
11	0.01762	0.01692	0.02890	0.04371	0.70533	0.01692	0.02185	0.02185	0.01621	0.02326	0.01339	0.01762	0.01128	0.00634	0.00705	0.00211	0.00846	0.00634	0.00352	0.01128
12	0.03195	0.01212	0.01652	0.01267	0.01818	0.01047	0.01047	0.03470	0.02038	0.71026	0.02809	0.02424	0.01763	0.00881	0.00716	0.00220	0.00606	0.00716	0.00881	0.01212
13	0.00912	0.00652	0.00875	0.01027	0.01092	0.00615	0.00725	0.01075	0.01437	0.01919	0.07786	0.61821	0.04748	0.02151	0.00915	0.00290	0.00440	0.10257	0.00668	0.00594
14	0.01495	0.03220	0.53667	0.02285	0.03250	0.01692	0.19786	0.02262	0.01550	0.02262	0.01321	0.01613	0.00949	0.00656	0.00720	0.00229	0.01091	0.00609	0.00316	0.01028
15	0.01452	0.01375	0.02329	0.55625	0.21708	0.01610	0.02031	0.01913	0.01474	0.01949	0.01285	0.01864	0.00995	0.00692	0.00710	0.00231	0.00923	0.00633	0.00326	0.00877
16	0.02853	0.01178	0.01641	0.07797	0.02039	0.01066	0.01102	0.03151	0.01980	0.59321	0.08003	0.02605	0.02081	0.00911	0.00725	0.00222	0.00616	0.00754	0.00822	0.01131
17	0.02909	0.01345	0.02133	0.01594	0.02177	0.01189	0.13657	0.03246	0.01971	0.58068	0.02551	0.02329	0.01634	0.00828	0.00739	0.00224	0.00718	0.00739	0.00783	0.01164
18	0.03074	0.01655	0.01741	0.01389	0.01906	0.14490	0.01121	0.06001	0.02088	0.55242	0.02442	0.02180	0.01581	0.00852	0.00702	0.00213	0.00741	0.00664	0.00777	0.01139
19	0.07631	0.01185	0.01730	0.40894	0.05972	0.01319	0.01471	0.01814	0.01497	0.06654	0.02472	0.02772	0.14066	0.00908	0.00701	0.00224	0.00748	0.00767	0.00439	0.06739

[dist]
# distance from previous block
# <min> <max>
3	76

# created by:
# /st0/software/busco_prod/Augustus/scripts/msa2prfl.pl ./align_prep/142133.fa
