[name]
unknown

[dist]
# distance from previous block
# <min> <max>
12	56

[block]
# block no. 0 follows, 27 sequences, length 91
# corresponding to MSA columns:
# 72-162
name=unknown_A
#
# <colnr> <probs for GDERKNQSTAVLIFYWHMCP>
#	G	D	E	R	K	N	Q	S	T	A	V	L	I	F	Y	W	H	M	C	P
0	0.02230	0.02339	0.02032	0.08347	0.09401	0.29782	0.01450	0.06198	0.16552	0.04663	0.04877	0.02033	0.01606	0.00842	0.00712	0.00214	0.00960	0.00651	0.00518	0.04593
1	0.01610	0.01241	0.05946	0.01155	0.01514	0.02903	0.00963	0.02114	0.10128	0.15533	0.10619	0.12213	0.24143	0.03389	0.00907	0.00263	0.00552	0.03232	0.00714	0.00861
2	0.05065	0.11809	0.02271	0.01779	0.02204	0.54653	0.01382	0.05424	0.05121	0.02030	0.01242	0.01401	0.01024	0.00763	0.00646	0.00193	0.01194	0.00490	0.00409	0.00900
3	0.07382	0.01595	0.01682	0.01460	0.01906	0.01795	0.01160	0.15212	0.43190	0.06433	0.02898	0.02844	0.05302	0.01033	0.00746	0.00246	0.00623	0.02630	0.00735	0.01129
4	0.01672	0.23935	0.40973	0.02025	0.02936	0.02098	0.12009	0.02318	0.01578	0.02180	0.01271	0.01525	0.00972	0.00673	0.00665	0.00215	0.01033	0.00554	0.00324	0.01041
5	0.01669	0.01796	0.03447	0.02948	0.13989	0.04111	0.40734	0.02152	0.01675	0.02265	0.01834	0.12625	0.01687	0.00924	0.00933	0.00255	0.04583	0.01001	0.00419	0.00956
6	0.00915	0.00654	0.00870	0.01027	0.01079	0.00610	0.00690	0.01059	0.01468	0.01970	0.08578	0.68726	0.05055	0.02270	0.00943	0.00297	0.00425	0.02057	0.00698	0.00610
7	0.01401	0.01288	0.02151	0.68588	0.04903	0.01602	0.01985	0.01888	0.01488	0.01940	0.01374	0.02018	0.01035	0.00748	0.00731	0.00244	0.00958	0.00661	0.04179	0.00818
8	0.02155	0.05065	0.15777	0.01622	0.02206	0.01801	0.01534	0.24423	0.09385	0.10909	0.07290	0.02276	0.01845	0.01241	0.05525	0.00297	0.04203	0.00722	0.00623	0.01101
9	0.01744	0.02068	0.06939	0.03133	0.05887	0.01868	0.62056	0.02374	0.01743	0.02378	0.01492	0.01980	0.01121	0.00630	0.00865	0.00249	0.01234	0.00856	0.00373	0.01010
10	0.00903	0.00651	0.00856	0.01020	0.01073	0.00604	0.00683	0.01035	0.01434	0.01900	0.04252	0.70319	0.07913	0.02305	0.00944	0.00299	0.00428	0.02085	0.00689	0.00604
11	0.04704	0.65575	0.03575	0.01247	0.01852	0.02719	0.01221	0.02240	0.01551	0.04553	0.04175	0.01441	0.01256	0.00688	0.00505	0.00167	0.00760	0.00454	0.00369	0.00948
12	0.01727	0.01866	0.03310	0.10949	0.07914	0.05169	0.32490	0.02169	0.01553	0.02125	0.01302	0.01847	0.01061	0.00846	0.01298	0.00267	0.22071	0.00751	0.00355	0.00931
13	0.00904	0.00646	0.00861	0.01034	0.01077	0.00603	0.00689	0.01034	0.01421	0.01895	0.04092	0.73426	0.04910	0.02326	0.00948	0.00301	0.00431	0.02110	0.00689	0.00603
14	0.01630	0.01642	0.02372	0.02004	0.02039	0.02255	0.04644	0.01814	0.01166	0.01814	0.00999	0.01642	0.00982	0.01268	0.02364	0.00321	0.69237	0.00660	0.00327	0.00821
15	0.02175	0.01457	0.03836	0.01978	0.15894	0.01394	0.01313	0.13346	0.05470	0.20777	0.07833	0.02984	0.05436	0.09172	0.03326	0.00314	0.00744	0.00842	0.00659	0.01049
16	0.01489	0.03840	0.70064	0.02116	0.03213	0.01724	0.02743	0.02351	0.01567	0.02351	0.01332	0.01567	0.00940	0.00705	0.00705	0.00235	0.01097	0.00549	0.00313	0.01097
17	0.03196	0.01266	0.01695	0.01309	0.01855	0.01118	0.01070	0.05876	0.02123	0.63811	0.02855	0.02619	0.01860	0.04678	0.00903	0.00255	0.00643	0.00761	0.00888	0.01221
18	0.01783	0.24449	0.31292	0.02004	0.02813	0.04360	0.12943	0.04976	0.01659	0.02230	0.01268	0.01532	0.00991	0.00706	0.00740	0.00217	0.04100	0.00566	0.00346	0.01025
19	0.02247	0.04113	0.01930	0.01593	0.02055	0.13636	0.01261	0.22116	0.32638	0.03258	0.02504	0.02407	0.04996	0.00964	0.00735	0.00230	0.00778	0.00751	0.00673	0.01114
20	0.02116	0.01535	0.01687	0.01476	0.01924	0.01710	0.01160	0.03886	0.56005	0.15198	0.03005	0.02726	0.02188	0.00991	0.00754	0.00248	0.00596	0.00822	0.00785	0.01191
21	0.01402	0.01319	0.02227	0.72126	0.05113	0.01649	0.02062	0.01897	0.01484	0.01897	0.01319	0.01979	0.00990	0.00742	0.00742	0.00247	0.00990	0.00660	0.00330	0.00825
22	0.09757	0.07890	0.01929	0.04897	0.02083	0.12847	0.01197	0.03227	0.12043	0.33278	0.02239	0.02109	0.01548	0.00853	0.00686	0.00222	0.00766	0.00651	0.00684	0.01094
23	0.01837	0.01764	0.03013	0.04557	0.69279	0.01764	0.02278	0.02278	0.01690	0.02425	0.01396	0.01837	0.01176	0.00661	0.00735	0.00220	0.00882	0.00661	0.00367	0.01176
24	0.03331	0.01263	0.01723	0.01321	0.01895	0.01091	0.01091	0.03618	0.02125	0.69794	0.02929	0.02527	0.01838	0.00919	0.00747	0.00230	0.00632	0.00747	0.00919	0.01263
25	0.02690	0.03162	0.02146	0.01997	0.05597	0.54976	0.01461	0.11618	0.05356	0.02295	0.01334	0.01491	0.01070	0.00788	0.00687	0.00200	0.01210	0.00530	0.00448	0.00945
26	0.02613	0.02646	0.02244	0.06933	0.08579	0.32694	0.01545	0.28089	0.02572	0.03010	0.01433	0.01604	0.01100	0.00804	0.00709	0.00210	0.01067	0.00583	0.00520	0.01046
27	0.03247	0.01604	0.01780	0.01409	0.01955	0.11545	0.01142	0.03520	0.02122	0.59618	0.02662	0.02349	0.01706	0.00896	0.00735	0.00224	0.00738	0.00706	0.00839	0.01203
28	0.01402	0.01319	0.02227	0.72126	0.05113	0.01649	0.02062	0.01897	0.01484	0.01897	0.01319	0.01979	0.00990	0.00742	0.00742	0.00247	0.00990	0.00660	0.00330	0.00825
29	0.01350	0.01006	0.01297	0.01262	0.01450	0.01017	0.03572	0.14404	0.01850	0.02471	0.03424	0.49402	0.03876	0.05477	0.01046	0.00306	0.00569	0.04797	0.00675	0.00749
30	0.01402	0.01319	0.02227	0.72126	0.05113	0.01649	0.02062	0.01897	0.01484	0.01897	0.01319	0.01979	0.00990	0.00742	0.00742	0.00247	0.00990	0.00660	0.00330	0.00825
31	0.00923	0.00654	0.00856	0.01010	0.01049	0.00615	0.00664	0.01038	0.01385	0.01847	0.03908	0.66235	0.04678	0.09833	0.01244	0.00345	0.00461	0.02002	0.00664	0.00587
32	0.00951	0.00688	0.00909	0.01069	0.01148	0.00646	0.00764	0.01119	0.01488	0.01957	0.04302	0.58064	0.09240	0.02249	0.00956	0.00305	0.00469	0.12369	0.00688	0.00618
33	0.01402	0.01319	0.02227	0.72126	0.05113	0.01649	0.02062	0.01897	0.01484	0.01897	0.01319	0.01979	0.00990	0.00742	0.00742	0.00247	0.00990	0.00660	0.00330	0.00825
34	0.00904	0.00646	0.00861	0.01034	0.01077	0.00603	0.00689	0.01034	0.01421	0.01895	0.04092	0.73426	0.04910	0.02326	0.00948	0.00301	0.00431	0.02110	0.00689	0.00603
35	0.02822	0.02079	0.02228	0.01708	0.02302	0.02302	0.01411	0.66804	0.03490	0.04679	0.01782	0.01782	0.01262	0.00891	0.00743	0.00223	0.00817	0.00668	0.00743	0.01262
36	0.01489	0.03840	0.70064	0.02116	0.03213	0.01724	0.02743	0.02351	0.01567	0.02351	0.01332	0.01567	0.00940	0.00705	0.00705	0.00235	0.01097	0.00549	0.00313	0.01097
37	0.03242	0.01313	0.01743	0.01346	0.01914	0.01177	0.01109	0.06348	0.05159	0.63980	0.02884	0.02506	0.01832	0.00922	0.00747	0.00230	0.00638	0.00747	0.00904	0.01259
38	0.03331	0.01263	0.01723	0.01321	0.01895	0.01091	0.01091	0.03618	0.02125	0.69794	0.02929	0.02527	0.01838	0.00919	0.00747	0.00230	0.00632	0.00747	0.00919	0.01263
39	0.01489	0.03840	0.70064	0.02116	0.03213	0.01724	0.02743	0.02351	0.01567	0.02351	0.01332	0.01567	0.00940	0.00705	0.00705	0.00235	0.01097	0.00549	0.00313	0.01097
40	0.01983	0.02095	0.02596	0.09680	0.42546	0.18578	0.01978	0.02361	0.01774	0.02216	0.01504	0.02181	0.01320	0.00790	0.00740	0.00224	0.00989	0.05021	0.00390	0.01034
41	0.00939	0.00661	0.00851	0.00990	0.01024	0.00626	0.00642	0.01043	0.01354	0.01806	0.03747	0.59948	0.04475	0.16397	0.01504	0.00384	0.00488	0.01908	0.00642	0.00573
42	0.01539	0.01502	0.02743	0.43948	0.13258	0.01669	0.16575	0.02048	0.01576	0.02119	0.01425	0.02004	0.01091	0.00711	0.00760	0.00241	0.01003	0.00710	0.04172	0.00905
43	0.01507	0.01524	0.04575	0.52998	0.16344	0.01689	0.06823	0.02013	0.01543	0.02039	0.01347	0.01943	0.01031	0.00718	0.00750	0.00242	0.00993	0.00672	0.00339	0.00908
44	0.01752	0.02003	0.04380	0.03129	0.03880	0.01877	0.66583	0.02378	0.01752	0.02378	0.01502	0.02003	0.01126	0.00626	0.00876	0.00250	0.01252	0.00876	0.00375	0.01001
45	0.03331	0.01263	0.01723	0.01321	0.01895	0.01091	0.01091	0.03618	0.02125	0.69794	0.02929	0.02527	0.01838	0.00919	0.00747	0.00230	0.00632	0.00747	0.00919	0.01263
46	0.02949	0.01267	0.01660	0.01317	0.01830	0.01155	0.01070	0.07473	0.05424	0.54410	0.06030	0.07540	0.02276	0.01047	0.00767	0.00235	0.00614	0.00868	0.00879	0.01187
47	0.01033	0.00819	0.00942	0.00933	0.01156	0.00757	0.00716	0.01420	0.06407	0.02420	0.27044	0.08550	0.35584	0.01731	0.00885	0.00255	0.00414	0.07505	0.00736	0.00694
48	0.02670	0.02381	0.02088	0.01703	0.02189	0.21600	0.01363	0.42165	0.02889	0.03645	0.01621	0.01720	0.01211	0.00867	0.00761	0.00214	0.03224	0.00616	0.05978	0.01095
49	0.01011	0.00764	0.00938	0.00913	0.01110	0.00690	0.00697	0.01314	0.01955	0.02642	0.46501	0.06211	0.24646	0.01661	0.00887	0.00246	0.00382	0.05981	0.00771	0.00678
50	0.01619	0.01849	0.06780	0.24293	0.04055	0.01835	0.37682	0.02175	0.01605	0.02175	0.01390	0.01940	0.01061	0.00726	0.00966	0.00255	0.07531	0.00773	0.00354	0.00935
51	0.01931	0.01663	0.02073	0.10486	0.15064	0.01872	0.01522	0.12322	0.38402	0.03057	0.02337	0.02360	0.01766	0.00894	0.00748	0.00241	0.00723	0.00760	0.00630	0.01146
52	0.76783	0.01432	0.01126	0.03146	0.01548	0.01665	0.00842	0.02174	0.01270	0.03287	0.01042	0.01230	0.00810	0.00691	0.00468	0.00230	0.00587	0.00410	0.00455	0.00805
53	0.01819	0.04947	0.06082	0.11244	0.54090	0.01821	0.02202	0.04651	0.01723	0.02422	0.01384	0.01810	0.01139	0.00679	0.00723	0.00221	0.00897	0.00645	0.00373	0.01129
54	0.01489	0.03840	0.70064	0.02116	0.03213	0.01724	0.02743	0.02351	0.01567	0.02351	0.01332	0.01567	0.00940	0.00705	0.00705	0.00235	0.01097	0.00549	0.00313	0.01097
55	0.02603	0.18950	0.02501	0.01762	0.02210	0.52526	0.01397	0.06091	0.02045	0.01949	0.01155	0.01329	0.00971	0.00743	0.00631	0.00186	0.01193	0.00470	0.00387	0.00901
56	0.01789	0.47204	0.17441	0.01440	0.02101	0.02351	0.01529	0.02164	0.01494	0.03750	0.01281	0.01547	0.01100	0.01344	0.10337	0.00321	0.01020	0.00494	0.00344	0.00951
57	0.03331	0.01263	0.01723	0.01321	0.01895	0.01091	0.01091	0.03618	0.02125	0.69794	0.02929	0.02527	0.01838	0.00919	0.00747	0.00230	0.00632	0.00747	0.00919	0.01263
58	0.01402	0.01319	0.02227	0.72126	0.05113	0.01649	0.02062	0.01897	0.01484	0.01897	0.01319	0.01979	0.00990	0.00742	0.00742	0.00247	0.00990	0.00660	0.00330	0.00825
59	0.01670	0.29624	0.45868	0.01807	0.02735	0.02168	0.02204	0.02304	0.01546	0.02130	0.01222	0.01430	0.00945	0.00680	0.00622	0.00207	0.00986	0.00493	0.00315	0.01044
60	0.00941	0.00672	0.00903	0.01075	0.01134	0.00634	0.00752	0.01097	0.01457	0.01936	0.04072	0.65298	0.04830	0.02291	0.00957	0.00307	0.00462	0.09878	0.00688	0.00613
61	0.00904	0.00646	0.00861	0.01034	0.01077	0.00603	0.00689	0.01034	0.01421	0.01895	0.04092	0.73426	0.04910	0.02326	0.00948	0.00301	0.00431	0.02110	0.00689	0.00603
62	0.01043	0.00708	0.00833	0.00863	0.00884	0.00695	0.00515	0.01093	0.01218	0.01637	0.07295	0.18546	0.03437	0.54658	0.03014	0.00603	0.00637	0.01303	0.00523	0.00498
63	0.01728	0.01955	0.04231	0.07906	0.03965	0.01862	0.62116	0.02345	0.01734	0.02345	0.01489	0.02001	0.01117	0.00634	0.00867	0.00250	0.01233	0.00861	0.00372	0.00989
64	0.01798	0.01724	0.02943	0.10627	0.63514	0.01754	0.02259	0.02244	0.01672	0.02378	0.01389	0.01850	0.01159	0.00669	0.00736	0.00223	0.00892	0.00661	0.00364	0.01144
65	0.01837	0.01764	0.03013	0.04557	0.69279	0.01764	0.02278	0.02278	0.01690	0.02425	0.01396	0.01837	0.01176	0.00661	0.00735	0.00220	0.00882	0.00661	0.00367	0.01176
66	0.01837	0.01764	0.03013	0.04557	0.69279	0.01764	0.02278	0.02278	0.01690	0.02425	0.01396	0.01837	0.01176	0.00661	0.00735	0.00220	0.00882	0.00661	0.00367	0.01176
67	0.01041	0.00792	0.00962	0.00913	0.01117	0.00730	0.00687	0.01424	0.04722	0.02743	0.51081	0.05824	0.22042	0.01586	0.00871	0.00238	0.00366	0.01377	0.00783	0.00702
68	0.01145	0.00823	0.01134	0.01297	0.01455	0.00812	0.01103	0.01453	0.01672	0.02170	0.04113	0.16594	0.07279	0.02078	0.01009	0.00333	0.00638	0.53538	0.00685	0.00671
69	0.01793	0.02089	0.07244	0.03013	0.03772	0.01891	0.60487	0.05549	0.01829	0.02490	0.01508	0.01972	0.01125	0.00642	0.00862	0.00248	0.01223	0.00851	0.00391	0.01018
70	0.07086	0.01272	0.01692	0.01304	0.01872	0.01120	0.01077	0.03547	0.02082	0.66501	0.02835	0.02461	0.01786	0.00907	0.00732	0.00230	0.00629	0.00729	0.00896	0.01241
71	0.00993	0.00709	0.00963	0.01134	0.01216	0.00679	0.00842	0.01186	0.01508	0.01994	0.04043	0.53771	0.04717	0.02243	0.00971	0.00314	0.00507	0.20895	0.00687	0.00627
72	0.01586	0.17701	0.57057	0.01950	0.02956	0.01963	0.02453	0.02326	0.01556	0.02232	0.01273	0.01493	0.00943	0.00692	0.00660	0.00220	0.01038	0.00519	0.00314	0.01069
73	0.01886	0.01870	0.02921	0.06928	0.62216	0.06548	0.02212	0.02311	0.01711	0.02363	0.01376	0.01808	0.01154	0.00672	0.00731	0.00219	0.00918	0.00649	0.00367	0.01141
74	0.02769	0.01871	0.02066	0.01611	0.02169	0.02023	0.01320	0.51690	0.05853	0.14231	0.02113	0.05265	0.01560	0.00967	0.00753	0.00229	0.00762	0.00754	0.00767	0.01228
75	0.01906	0.01893	0.02947	0.04364	0.64398	0.06804	0.02217	0.02328	0.01720	0.02381	0.01378	0.01801	0.01160	0.00669	0.00730	0.00218	0.00915	0.00648	0.00369	0.01153
76	0.09807	0.01810	0.02071	0.13017	0.07967	0.05447	0.01470	0.29259	0.07641	0.11511	0.01809	0.01907	0.01301	0.00836	0.00713	0.00229	0.00813	0.00654	0.00623	0.01115
77	0.01402	0.01319	0.02227	0.72126	0.05113	0.01649	0.02062	0.01897	0.01484	0.01897	0.01319	0.01979	0.00990	0.00742	0.00742	0.00247	0.00990	0.00660	0.00330	0.00825
78	0.00887	0.00748	0.00769	0.00774	0.01011	0.00629	0.00576	0.01080	0.01700	0.02048	0.10387	0.10063	0.63029	0.01882	0.00880	0.00252	0.00377	0.01580	0.00696	0.00629
79	0.01534	0.08556	0.60570	0.04484	0.05802	0.01807	0.02600	0.02324	0.01565	0.02297	0.01314	0.01566	0.00952	0.00700	0.00692	0.00230	0.01064	0.00546	0.00316	0.01081
80	0.00904	0.00646	0.00861	0.01034	0.01077	0.00603	0.00689	0.01034	0.01421	0.01895	0.04092	0.73426	0.04910	0.02326	0.00948	0.00301	0.00431	0.02110	0.00689	0.00603
81	0.00921	0.00653	0.00856	0.01012	0.01051	0.00614	0.00666	0.01038	0.01389	0.01851	0.03924	0.66861	0.04698	0.09179	0.01219	0.00342	0.00458	0.02012	0.00666	0.00588
82	0.01937	0.70566	0.03741	0.01253	0.01864	0.02822	0.01241	0.02181	0.01539	0.01810	0.04527	0.01415	0.01264	0.00681	0.00497	0.00163	0.00771	0.00446	0.00343	0.00940
83	0.01588	0.03210	0.49794	0.02274	0.07508	0.01758	0.07859	0.02587	0.11526	0.02471	0.01604	0.01802	0.01170	0.00741	0.00729	0.00238	0.01019	0.00627	0.00388	0.01106
84	0.00904	0.00646	0.00861	0.01034	0.01077	0.00603	0.00689	0.01034	0.01421	0.01895	0.04092	0.73426	0.04910	0.02326	0.00948	0.00301	0.00431	0.02110	0.00689	0.00603
85	0.02857	0.01833	0.02040	0.01573	0.02141	0.01959	0.01296	0.49891	0.03098	0.18555	0.02061	0.01993	0.01419	0.00896	0.00732	0.00222	0.00753	0.00686	0.04762	0.01233
86	0.02878	0.01501	0.01811	0.01441	0.01983	0.01507	0.01173	0.16011	0.18053	0.41232	0.02727	0.02439	0.01828	0.00934	0.00748	0.00234	0.00657	0.00753	0.00846	0.01242
87	0.01837	0.01764	0.03013	0.04557	0.69279	0.01764	0.02278	0.02278	0.01690	0.02425	0.01396	0.01837	0.01176	0.00661	0.00735	0.00220	0.00882	0.00661	0.00367	0.01176
88	0.00911	0.00649	0.00859	0.01025	0.01067	0.00607	0.00680	0.01035	0.01409	0.01878	0.04026	0.70864	0.04827	0.05001	0.01053	0.00317	0.00442	0.02072	0.00680	0.00597
89	0.02699	0.03292	0.02059	0.01846	0.02242	0.61859	0.01396	0.08622	0.02211	0.02082	0.01468	0.01619	0.03795	0.00822	0.00685	0.00197	0.01252	0.00540	0.00428	0.00887
90	0.05489	0.03716	0.66511	0.02057	0.03121	0.01721	0.02643	0.02342	0.01552	0.02401	0.01317	0.01549	0.00933	0.00704	0.00693	0.00235	0.01070	0.00541	0.00321	0.01082

[dist]
# distance from previous block
# <min> <max>
0	23

[block]
# block no. 1 follows, 27 sequences, length 22
# corresponding to MSA columns:
# 186-207
name=unknown_B
#
# <colnr> <probs for GDERKNQSTAVLIFYWHMCP>
#	G	D	E	R	K	N	Q	S	T	A	V	L	I	F	Y	W	H	M	C	P
0	0.03173	0.01228	0.01672	0.01294	0.01841	0.01064	0.01064	0.03464	0.02123	0.65161	0.07502	0.02736	0.02196	0.00960	0.00755	0.00230	0.00612	0.00788	0.00912	0.01224
1	0.00877	0.00752	0.00752	0.00752	0.01003	0.00627	0.00564	0.01065	0.01692	0.02005	0.07520	0.07144	0.68978	0.01880	0.00877	0.00251	0.00376	0.01567	0.00689	0.00627
2	0.02652	0.02077	0.02124	0.01680	0.02223	0.06954	0.01369	0.54149	0.08245	0.04206	0.01845	0.01886	0.01349	0.01133	0.04366	0.00273	0.00896	0.00675	0.00701	0.01197
3	0.01015	0.00741	0.00959	0.01027	0.01163	0.00693	0.00773	0.01264	0.01727	0.02320	0.26065	0.27447	0.12853	0.04440	0.01030	0.00296	0.00459	0.14357	0.00723	0.00649
4	0.01742	0.01666	0.02840	0.19403	0.55180	0.01739	0.02231	0.02194	0.01645	0.02309	0.01379	0.01869	0.01135	0.00679	0.00737	0.00226	0.00906	0.00661	0.00359	0.01099
5	0.01489	0.03840	0.70064	0.02116	0.03213	0.01724	0.02743	0.02351	0.01567	0.02351	0.01332	0.01567	0.00940	0.00705	0.00705	0.00235	0.01097	0.00549	0.00313	0.01097
6	0.02222	0.01944	0.04282	0.05447	0.11007	0.06596	0.05472	0.23979	0.19358	0.06199	0.02205	0.02249	0.03841	0.00890	0.00752	0.00232	0.00822	0.00742	0.00624	0.01138
7	0.01656	0.01848	0.03981	0.02891	0.03562	0.01733	0.59101	0.02225	0.01715	0.02323	0.01796	0.10112	0.01556	0.00819	0.00884	0.00256	0.01158	0.01016	0.00411	0.00956
8	0.00904	0.00646	0.00861	0.01034	0.01077	0.00603	0.00689	0.01034	0.01421	0.01895	0.04092	0.73426	0.04910	0.02326	0.00948	0.00301	0.00431	0.02110	0.00689	0.00603
9	0.00916	0.00754	0.00805	0.00792	0.01026	0.00643	0.00594	0.01140	0.01783	0.02221	0.21131	0.06790	0.55234	0.01800	0.00877	0.00247	0.00370	0.01517	0.00718	0.00643
10	0.62884	0.01805	0.06353	0.04258	0.01808	0.08116	0.01061	0.02255	0.01374	0.03054	0.01079	0.01279	0.00836	0.00700	0.00510	0.00227	0.00702	0.00431	0.00436	0.00832
11	0.02754	0.03265	0.02052	0.01848	0.02246	0.61961	0.01395	0.03069	0.06127	0.06517	0.01383	0.01507	0.01096	0.00790	0.00680	0.00198	0.01245	0.00518	0.00442	0.00907
12	0.00995	0.00763	0.00916	0.00897	0.01100	0.00684	0.00685	0.01283	0.01916	0.02550	0.40619	0.06366	0.30483	0.01696	0.00887	0.00248	0.00385	0.06098	0.00758	0.00671
13	0.13041	0.05327	0.01791	0.01365	0.01869	0.05466	0.01115	0.12908	0.11538	0.29348	0.06884	0.02342	0.01933	0.00914	0.00699	0.00226	0.00675	0.00709	0.00738	0.01111
14	0.01546	0.01045	0.01407	0.01299	0.01540	0.01031	0.04885	0.12125	0.01883	0.09300	0.06986	0.39382	0.03738	0.05794	0.01048	0.00300	0.00588	0.04608	0.00695	0.00802
15	0.02043	0.63395	0.06987	0.01380	0.02011	0.10041	0.01361	0.02307	0.01574	0.01784	0.01059	0.01225	0.00952	0.00652	0.00508	0.00166	0.00866	0.00413	0.00324	0.00950
16	0.01110	0.00829	0.01009	0.01048	0.01201	0.00805	0.00750	0.05817	0.05040	0.02382	0.17487	0.42706	0.13116	0.01940	0.00900	0.00273	0.00442	0.01722	0.00722	0.00700
17	0.01650	0.10042	0.53843	0.02069	0.04995	0.06547	0.02425	0.02461	0.05030	0.02301	0.01382	0.01588	0.01018	0.00717	0.00686	0.00226	0.01053	0.00548	0.00343	0.01074
18	0.01229	0.05383	0.06284	0.01080	0.01396	0.07086	0.00922	0.01534	0.01852	0.02348	0.27258	0.05392	0.29238	0.01507	0.00831	0.00238	0.00545	0.04491	0.00658	0.00729
19	0.21112	0.20205	0.06243	0.01259	0.01810	0.01825	0.01147	0.07286	0.05022	0.16839	0.05207	0.02163	0.05312	0.00862	0.00618	0.00214	0.00671	0.00634	0.00576	0.00994
20	0.10329	0.01852	0.13622	0.12398	0.07058	0.01627	0.01552	0.08561	0.18034	0.02776	0.04482	0.04224	0.08451	0.00977	0.00729	0.00241	0.00746	0.00801	0.00547	0.00992
21	0.01704	0.19507	0.41261	0.02105	0.09113	0.04311	0.02204	0.02454	0.06508	0.02259	0.01389	0.01589	0.01065	0.00710	0.00659	0.00216	0.00978	0.00544	0.00355	0.01070

[dist]
# distance from previous block
# <min> <max>
1	2

[block]
# block no. 2 follows, 27 sequences, length 15
# corresponding to MSA columns:
# 210-224
name=unknown_C
#
# <colnr> <probs for GDERKNQSTAVLIFYWHMCP>
#	G	D	E	R	K	N	Q	S	T	A	V	L	I	F	Y	W	H	M	C	P
0	0.12917	0.15130	0.02035	0.01303	0.01841	0.01696	0.01106	0.07066	0.12267	0.25092	0.02161	0.02231	0.01594	0.00860	0.00652	0.00214	0.00655	0.03078	0.00658	0.07443
1	0.05096	0.01805	0.01935	0.01529	0.02066	0.01947	0.01237	0.42887	0.12768	0.03928	0.01966	0.03997	0.01523	0.03100	0.00807	0.00230	0.00726	0.00709	0.00686	0.11057
2	0.19256	0.03979	0.01937	0.01509	0.02003	0.04750	0.01242	0.38213	0.06189	0.03842	0.01613	0.01704	0.01203	0.00866	0.00772	0.00227	0.05383	0.00604	0.03626	0.01082
3	0.12206	0.05973	0.01552	0.01086	0.01646	0.01164	0.00873	0.01840	0.01486	0.02441	0.01579	0.09708	0.01486	0.00778	0.00578	0.00152	0.00555	0.00623	0.00463	0.53812
4	0.01004	0.00757	0.00927	0.00885	0.01080	0.00680	0.00663	0.01310	0.01990	0.02713	0.52239	0.05979	0.23818	0.01616	0.00876	0.00238	0.00357	0.01403	0.00783	0.00680
5	0.01449	0.01356	0.02169	0.51305	0.04123	0.01745	0.01879	0.01819	0.01372	0.01837	0.01235	0.01909	0.01002	0.00977	0.01269	0.04537	0.18237	0.00656	0.00328	0.00794
6	0.00896	0.00753	0.00778	0.00772	0.01014	0.00635	0.00579	0.01102	0.01737	0.02112	0.14237	0.06969	0.62195	0.01840	0.00877	0.00249	0.00373	0.01542	0.00703	0.00635
7	0.01246	0.00807	0.01025	0.00943	0.01169	0.00727	0.00717	0.01564	0.02038	0.09350	0.52640	0.05506	0.16400	0.01517	0.00863	0.00236	0.00382	0.01320	0.00807	0.00744
8	0.02616	0.01929	0.02089	0.01615	0.02198	0.02086	0.01324	0.52058	0.09546	0.06484	0.01896	0.01880	0.01364	0.00869	0.00725	0.00215	0.00762	0.00665	0.00720	0.08962
9	0.01861	0.01388	0.01627	0.01183	0.01827	0.01129	0.00955	0.08405	0.01794	0.10014	0.01541	0.01671	0.01196	0.00624	0.00590	0.00134	0.00585	0.00496	0.00522	0.62459
10	0.01813	0.01910	0.09205	0.03444	0.44308	0.01708	0.01998	0.05133	0.09939	0.02595	0.01599	0.01892	0.01283	0.00706	0.00715	0.00214	0.00827	0.00648	0.00434	0.09629
11	0.01785	0.11646	0.22400	0.02102	0.05493	0.01836	0.17174	0.09298	0.01814	0.02551	0.01383	0.01651	0.01062	0.00665	0.00691	0.00202	0.00948	0.00603	0.00403	0.16291
12	0.04256	0.14409	0.39934	0.08818	0.08669	0.01893	0.04741	0.02326	0.01579	0.04867	0.01347	0.01611	0.01004	0.00699	0.00675	0.00223	0.00991	0.00560	0.00351	0.01048
13	0.02114	0.06284	0.01904	0.01696	0.09165	0.08823	0.01213	0.16459	0.07720	0.12055	0.11382	0.03205	0.12652	0.01084	0.00757	0.00224	0.00705	0.00882	0.00663	0.01013
14	0.04012	0.09418	0.04599	0.03885	0.02025	0.01479	0.05946	0.05087	0.12761	0.10732	0.04835	0.07080	0.08572	0.00993	0.00711	0.00212	0.00662	0.00839	0.00590	0.15561

[dist]
# distance from previous block
# <min> <max>
26	61

[block]
# block no. 3 follows, 27 sequences, length 38
# corresponding to MSA columns:
# 291-312,315-330
name=unknown_D
#
# <colnr> <probs for GDERKNQSTAVLIFYWHMCP>
#	G	D	E	R	K	N	Q	S	T	A	V	L	I	F	Y	W	H	M	C	P
0	0.01706	0.16567	0.50967	0.02013	0.05628	0.01910	0.02352	0.02401	0.01595	0.06339	0.01377	0.01568	0.01007	0.00704	0.00667	0.00220	0.01004	0.00537	0.00353	0.01084
1	0.02429	0.27979	0.02600	0.01563	0.05999	0.09061	0.01257	0.07277	0.04126	0.21953	0.07178	0.02077	0.01775	0.00834	0.00651	0.00200	0.00767	0.00633	0.00587	0.01056
2	0.02025	0.23650	0.07903	0.01531	0.02022	0.15662	0.01362	0.11295	0.07211	0.02358	0.02065	0.06238	0.07060	0.00979	0.00780	0.00215	0.05502	0.00714	0.00478	0.00950
3	0.01341	0.01277	0.05629	0.12057	0.06669	0.01209	0.01291	0.04050	0.11825	0.02389	0.08003	0.09650	0.17313	0.01430	0.00846	0.00266	0.00651	0.12656	0.00610	0.00840
4	0.14691	0.01137	0.01124	0.01041	0.01341	0.04333	0.00798	0.03851	0.06267	0.04540	0.12962	0.08401	0.22549	0.03803	0.06753	0.00331	0.00644	0.01091	0.00625	0.03718
5	0.07551	0.09381	0.02239	0.06112	0.02359	0.24287	0.01392	0.27833	0.06636	0.03115	0.01506	0.01620	0.01150	0.00811	0.00676	0.00210	0.00963	0.00574	0.00542	0.01041
6	0.04618	0.01885	0.01960	0.06114	0.02259	0.05670	0.01308	0.45964	0.05163	0.03904	0.02364	0.02386	0.08377	0.00976	0.00737	0.00225	0.00778	0.00751	0.03450	0.01109
7	0.01108	0.00949	0.05167	0.01135	0.01278	0.00805	0.00860	0.05397	0.01529	0.02053	0.03500	0.52358	0.04063	0.08906	0.01262	0.03166	0.00543	0.04634	0.00634	0.00655
8	0.01988	0.01750	0.02560	0.18021	0.27593	0.06198	0.06842	0.08533	0.06589	0.07948	0.03574	0.02071	0.01423	0.00774	0.00750	0.00230	0.00901	0.00705	0.00481	0.01068
9	0.33173	0.02183	0.23143	0.12684	0.02713	0.01644	0.04359	0.02313	0.01483	0.08088	0.01344	0.01581	0.00972	0.00718	0.00622	0.00235	0.00837	0.00536	0.00426	0.00944
10	0.01101	0.00807	0.00953	0.00926	0.01164	0.00698	0.00692	0.01334	0.01735	0.05360	0.19480	0.19576	0.31346	0.01740	0.00863	0.00247	0.00418	0.03634	0.00707	0.07219
11	0.02625	0.01982	0.02117	0.01668	0.02227	0.02210	0.01363	0.54122	0.16493	0.04361	0.02032	0.01982	0.01465	0.00915	0.00745	0.00229	0.00771	0.00703	0.00745	0.01245
12	0.02596	0.01932	0.02097	0.01649	0.02190	0.02150	0.01351	0.56251	0.08466	0.04304	0.01899	0.01957	0.01393	0.01294	0.06654	0.00307	0.00897	0.00693	0.00715	0.01205
13	0.01064	0.00781	0.01119	0.01119	0.01225	0.00887	0.00835	0.01278	0.01171	0.01668	0.02057	0.03294	0.02020	0.18861	0.57899	0.01101	0.01742	0.00851	0.00408	0.00621
14	0.01603	0.05869	0.45399	0.07015	0.04941	0.06182	0.04952	0.04581	0.01685	0.02320	0.01854	0.02070	0.06698	0.00810	0.00721	0.00231	0.01023	0.00653	0.00371	0.01022
15	0.04883	0.38771	0.13052	0.01611	0.04470	0.07156	0.01526	0.13922	0.01930	0.02486	0.03178	0.01511	0.01183	0.00729	0.00591	0.00191	0.00863	0.00510	0.00419	0.01019
16	0.01067	0.00714	0.00813	0.00826	0.00829	0.00711	0.00467	0.01076	0.01104	0.01472	0.02463	0.09718	0.02856	0.68836	0.03578	0.00690	0.00699	0.01153	0.00467	0.00461
17	0.00953	0.00685	0.00914	0.01080	0.01152	0.00647	0.00770	0.01121	0.01480	0.01955	0.04195	0.59852	0.07243	0.02262	0.00958	0.00306	0.00472	0.12649	0.00688	0.00618
18	0.06351	0.13199	0.51368	0.02020	0.06006	0.01868	0.02347	0.02361	0.01565	0.04546	0.01328	0.01538	0.00974	0.00700	0.00662	0.00223	0.00998	0.00531	0.00345	0.01069
19	0.06926	0.12452	0.02395	0.10503	0.02380	0.13478	0.01531	0.05843	0.01536	0.02067	0.01105	0.01541	0.00976	0.00983	0.01427	0.00257	0.32795	0.00571	0.00367	0.00867
20	0.00893	0.00690	0.00816	0.00917	0.01046	0.00613	0.00637	0.01047	0.01533	0.01941	0.05507	0.46068	0.31354	0.02142	0.00919	0.00281	0.00408	0.01886	0.00689	0.00613
21	0.01961	0.71022	0.07019	0.01310	0.01967	0.02880	0.01340	0.02229	0.01511	0.01775	0.01046	0.01209	0.00952	0.00638	0.00487	0.00162	0.00808	0.00404	0.00317	0.00960
22	0.01700	0.04595	0.08191	0.02994	0.10757	0.01834	0.47013	0.02262	0.01685	0.02311	0.01593	0.06001	0.01325	0.00756	0.00893	0.00248	0.03585	0.00877	0.00385	0.00996
23	0.01764	0.01918	0.03899	0.03392	0.19644	0.01878	0.46344	0.02312	0.01694	0.02348	0.01439	0.01936	0.01128	0.00682	0.00952	0.00248	0.06216	0.00808	0.00370	0.01030
24	0.00904	0.00646	0.00861	0.01034	0.01077	0.00603	0.00689	0.01034	0.01421	0.01895	0.04092	0.73426	0.04910	0.02326	0.00948	0.00301	0.00431	0.02110	0.00689	0.00603
25	0.10748	0.02259	0.02225	0.15388	0.16504	0.23502	0.01651	0.14327	0.02067	0.02652	0.01335	0.01628	0.01047	0.00754	0.00687	0.00218	0.00999	0.00576	0.00445	0.00987
26	0.01725	0.15205	0.07487	0.18902	0.30204	0.04170	0.04085	0.02156	0.01617	0.02134	0.01585	0.01966	0.04189	0.00736	0.00696	0.00218	0.00909	0.00647	0.00362	0.01008
27	0.00966	0.00813	0.00846	0.00827	0.01081	0.00722	0.00623	0.01308	0.06435	0.02196	0.14297	0.06649	0.57084	0.01776	0.00869	0.00249	0.00388	0.01489	0.00709	0.00674
28	0.01489	0.03840	0.70064	0.02116	0.03213	0.01724	0.02743	0.02351	0.01567	0.02351	0.01332	0.01567	0.00940	0.00705	0.00705	0.00235	0.01097	0.00549	0.00313	0.01097
29	0.05610	0.13941	0.08902	0.01540	0.02123	0.07424	0.06519	0.05082	0.01947	0.27890	0.09702	0.02336	0.02005	0.00873	0.00704	0.00217	0.00785	0.00709	0.00634	0.01056
30	0.01531	0.09775	0.64494	0.02045	0.03103	0.01826	0.02619	0.02340	0.01562	0.02300	0.01307	0.01536	0.00941	0.00699	0.00686	0.00229	0.01072	0.00536	0.00314	0.01085
31	0.00919	0.00652	0.00857	0.01015	0.01054	0.00613	0.00669	0.01038	0.01393	0.01857	0.03944	0.67655	0.04724	0.08351	0.01186	0.00337	0.00455	0.02024	0.00669	0.00590
32	0.03686	0.06773	0.05432	0.01106	0.01371	0.00983	0.00945	0.01526	0.01858	0.02608	0.39378	0.11926	0.06804	0.01542	0.00851	0.00251	0.00498	0.11028	0.00699	0.00734
33	0.05533	0.01505	0.01627	0.01456	0.01880	0.01693	0.01150	0.03681	0.53481	0.10525	0.02975	0.03011	0.02273	0.01046	0.00757	0.00254	0.00598	0.04662	0.00756	0.01138
34	0.01004	0.00747	0.00874	0.00848	0.01004	0.00682	0.00598	0.01219	0.01728	0.02305	0.33808	0.05874	0.25155	0.19119	0.01577	0.00356	0.00447	0.01348	0.00689	0.00617
35	0.01065	0.00765	0.00976	0.01049	0.01154	0.00737	0.00731	0.05371	0.01687	0.02288	0.17488	0.52381	0.05044	0.04316	0.01008	0.00295	0.00448	0.01823	0.00712	0.00661
36	0.01991	0.02437	0.07996	0.30316	0.12582	0.28069	0.01909	0.02394	0.01755	0.01976	0.01265	0.01681	0.00998	0.00737	0.00710	0.00221	0.01117	0.00581	0.00354	0.00909
37	0.01191	0.00799	0.00982	0.00942	0.01089	0.00758	0.00660	0.03462	0.01747	0.05474	0.32598	0.13728	0.09458	0.21872	0.01688	0.00379	0.00494	0.01332	0.00692	0.00657

[dist]
# distance from previous block
# <min> <max>
5	8

[block]
# block no. 4 follows, 27 sequences, length 10
# corresponding to MSA columns:
# 339-348
name=unknown_E
#
# <colnr> <probs for GDERKNQSTAVLIFYWHMCP>
#	G	D	E	R	K	N	Q	S	T	A	V	L	I	F	Y	W	H	M	C	P
0	0.08616	0.17675	0.39985	0.02086	0.10493	0.01935	0.02140	0.02267	0.01561	0.02347	0.03645	0.01631	0.01173	0.00713	0.00646	0.00217	0.00936	0.00546	0.00352	0.01036
1	0.02006	0.01910	0.02650	0.08690	0.44050	0.08007	0.01977	0.10075	0.08420	0.02664	0.01573	0.01888	0.01260	0.00738	0.00733	0.00223	0.00894	0.00663	0.00448	0.01132
2	0.01670	0.01362	0.01800	0.07703	0.02143	0.01319	0.04215	0.08218	0.01700	0.05783	0.01815	0.12113	0.01682	0.00968	0.00891	0.00199	0.09116	0.00785	0.00503	0.36017
3	0.01798	0.02702	0.26480	0.02897	0.27967	0.12284	0.02153	0.02417	0.04995	0.02313	0.01797	0.02041	0.05327	0.00786	0.00724	0.00225	0.00982	0.00658	0.00390	0.01065
4	0.02542	0.09862	0.02186	0.01786	0.02169	0.58155	0.01372	0.02744	0.01964	0.01802	0.01214	0.01471	0.01039	0.01196	0.07139	0.00281	0.01348	0.00500	0.00378	0.00851
5	0.01703	0.01149	0.01366	0.04523	0.01620	0.01179	0.00933	0.18629	0.02105	0.08993	0.13197	0.17415	0.09176	0.13045	0.01302	0.00324	0.00606	0.01206	0.00689	0.00840
6	0.01690	0.01613	0.02746	0.27495	0.47496	0.01725	0.02205	0.02149	0.01620	0.02246	0.01370	0.01886	0.01113	0.00689	0.00737	0.00230	0.00918	0.00661	0.00355	0.01057
7	0.01033	0.00749	0.00979	0.00981	0.01138	0.00695	0.00737	0.01339	0.01938	0.02692	0.49901	0.17010	0.08986	0.01713	0.00901	0.00255	0.00394	0.07102	0.00779	0.00680
8	0.01762	0.01974	0.04219	0.03297	0.11583	0.01864	0.59009	0.02366	0.01745	0.02384	0.01489	0.01983	0.01132	0.00630	0.00859	0.00247	0.01208	0.00851	0.00375	0.01022
9	0.01708	0.01904	0.03986	0.09428	0.03816	0.01893	0.54596	0.02279	0.01671	0.02279	0.01436	0.01965	0.01100	0.00699	0.01008	0.00257	0.07807	0.00835	0.00367	0.00967

[dist]
# distance from previous block
# <min> <max>
0	1

[block]
# block no. 5 follows, 27 sequences, length 19
# corresponding to MSA columns:
# 350-368
name=unknown_F
#
# <colnr> <probs for GDERKNQSTAVLIFYWHMCP>
#	G	D	E	R	K	N	Q	S	T	A	V	L	I	F	Y	W	H	M	C	P
0	0.04188	0.01020	0.01249	0.03932	0.01608	0.01044	0.01003	0.03782	0.12234	0.08775	0.03947	0.21515	0.12191	0.01689	0.00879	0.00284	0.00574	0.18570	0.00700	0.00816
1	0.09134	0.17655	0.50178	0.01837	0.02780	0.01960	0.02261	0.02309	0.01526	0.02326	0.01243	0.01457	0.00930	0.00690	0.00636	0.00219	0.00986	0.00504	0.00328	0.01040
2	0.00915	0.00703	0.00839	0.00912	0.01053	0.00626	0.00643	0.01099	0.01623	0.02094	0.14797	0.38292	0.29659	0.02039	0.00910	0.00272	0.00398	0.01792	0.00708	0.00626
3	0.00953	0.00733	0.01062	0.01138	0.01237	0.00680	0.04571	0.01115	0.01460	0.01931	0.04176	0.64628	0.09114	0.02195	0.00938	0.00295	0.00475	0.02000	0.00671	0.00628
4	0.01688	0.14287	0.54788	0.01947	0.02928	0.04308	0.02404	0.02408	0.01602	0.05174	0.01350	0.01545	0.00982	0.00706	0.00672	0.00222	0.01040	0.00532	0.00343	0.01074
5	0.19672	0.02232	0.12308	0.01594	0.02216	0.05793	0.01458	0.33805	0.05231	0.06426	0.01608	0.01667	0.01158	0.00816	0.00670	0.00226	0.00817	0.00590	0.00601	0.01109
6	0.00965	0.00754	0.00865	0.00838	0.01043	0.00664	0.00622	0.01220	0.01854	0.02427	0.35428	0.06314	0.37746	0.04785	0.01000	0.00263	0.00379	0.01443	0.00738	0.00653
7	0.04334	0.01406	0.02149	0.39068	0.03640	0.01713	0.04658	0.06982	0.01594	0.04102	0.01599	0.08684	0.01405	0.01006	0.01074	0.00264	0.14248	0.00800	0.00419	0.00855
8	0.29470	0.13818	0.02324	0.05242	0.02170	0.01874	0.12874	0.04446	0.01501	0.02615	0.01416	0.05799	0.01235	0.00838	0.00765	0.00231	0.06941	0.00649	0.04925	0.00865
9	0.01051	0.00756	0.00876	0.00885	0.01089	0.00660	0.00648	0.01260	0.01725	0.05898	0.17579	0.22653	0.38501	0.01869	0.00887	0.00259	0.00399	0.01612	0.00725	0.00670
10	0.01402	0.01319	0.02227	0.72126	0.05113	0.01649	0.02062	0.01897	0.01484	0.01897	0.01319	0.01979	0.00990	0.00742	0.00742	0.00247	0.00990	0.00660	0.00330	0.00825
11	0.12875	0.02349	0.22921	0.02509	0.14494	0.04182	0.17007	0.02226	0.01608	0.02461	0.01626	0.05926	0.01405	0.00841	0.00744	0.00243	0.00969	0.04225	0.00402	0.00988
12	0.01501	0.01373	0.02227	0.67210	0.04917	0.01695	0.02016	0.06428	0.01624	0.02091	0.01352	0.01965	0.01009	0.00753	0.00742	0.00246	0.00978	0.00660	0.00359	0.00855
13	0.00985	0.00836	0.00958	0.05816	0.01328	0.00801	0.00722	0.01184	0.01609	0.01985	0.09826	0.06156	0.50110	0.09112	0.01249	0.00301	0.04364	0.01391	0.00628	0.00637
14	0.08381	0.01553	0.07188	0.10812	0.05351	0.01429	0.01345	0.12596	0.04543	0.22072	0.02550	0.06496	0.06333	0.00991	0.00727	0.00234	0.00706	0.00811	0.04847	0.01035
15	0.04869	0.04075	0.02000	0.07231	0.05955	0.15880	0.01355	0.25895	0.05251	0.05413	0.02004	0.12951	0.01784	0.01057	0.00743	0.00230	0.00855	0.00848	0.00593	0.01010
16	0.01100	0.00876	0.01034	0.01112	0.04842	0.00809	0.00784	0.01407	0.04339	0.02120	0.05142	0.08827	0.36538	0.06126	0.04881	0.00327	0.00565	0.08039	0.06029	0.05100
17	0.05802	0.01292	0.04674	0.04595	0.17991	0.01189	0.01245	0.06201	0.01832	0.02569	0.13266	0.04258	0.23740	0.01248	0.00781	0.00235	0.00601	0.02841	0.04781	0.00859
18	0.01531	0.01564	0.05500	0.02198	0.06369	0.01394	0.29459	0.01997	0.01649	0.02377	0.04017	0.09295	0.01961	0.00956	0.00838	0.00234	0.02910	0.05264	0.09979	0.10508

[dist]
# distance from previous block
# <min> <max>
0	16

# created by:
# /st0/software/busco_prod/Augustus/scripts/msa2prfl.pl ./align_prep/142238.fa
