[name]
unknown

[dist]
# distance from previous block
# <min> <max>
0	73

[block]
# block no. 0 follows, 31 sequences, length 21
# corresponding to MSA columns:
# 73-93
name=unknown_A
#
# <colnr> <probs for GDERKNQSTAVLIFYWHMCP>
#	G	D	E	R	K	N	Q	S	T	A	V	L	I	F	Y	W	H	M	C	P
0	0.01548	0.01216	0.01561	0.03538	0.13589	0.04136	0.01169	0.05738	0.06457	0.07724	0.04420	0.15620	0.02516	0.01203	0.00745	0.00227	0.00624	0.14710	0.00556	0.12705
1	0.01786	0.01670	0.02387	0.03271	0.48165	0.05837	0.01769	0.02555	0.18760	0.04369	0.01687	0.01899	0.01340	0.00701	0.00679	0.00209	0.00763	0.00643	0.00443	0.01069
2	0.01292	0.01216	0.02052	0.74312	0.04712	0.01520	0.01900	0.01748	0.01368	0.01748	0.01216	0.01824	0.00912	0.00684	0.00684	0.00228	0.00912	0.00608	0.00304	0.00760
3	0.01663	0.01476	0.02302	0.25743	0.34020	0.01605	0.01832	0.12554	0.01761	0.02394	0.01503	0.02198	0.01265	0.00767	0.00701	0.00220	0.00820	0.05811	0.00405	0.00958
4	0.01472	0.06266	0.50906	0.02412	0.15898	0.01656	0.07604	0.02151	0.01477	0.02157	0.01239	0.01507	0.00921	0.00634	0.00658	0.00212	0.00973	0.00543	0.00303	0.01012
5	0.00873	0.00727	0.00767	0.00751	0.00977	0.00636	0.00565	0.01146	0.04529	0.02042	0.17646	0.06165	0.57502	0.01642	0.00804	0.00228	0.00351	0.01381	0.00658	0.00610
6	0.00861	0.00620	0.00821	0.00961	0.01025	0.00580	0.00668	0.01010	0.01377	0.01831	0.07753	0.63385	0.07298	0.02064	0.00872	0.00275	0.00409	0.06981	0.00641	0.00568
7	0.01633	0.03027	0.55206	0.01951	0.02860	0.01524	0.09576	0.02330	0.01534	0.11818	0.01448	0.01610	0.00999	0.00669	0.00672	0.00218	0.00967	0.00564	0.00372	0.01023
8	0.01674	0.01623	0.02822	0.06720	0.65330	0.01628	0.05914	0.02092	0.01554	0.02215	0.01290	0.01707	0.01075	0.00610	0.00685	0.00206	0.00836	0.00621	0.00338	0.01063
9	0.01614	0.01545	0.02634	0.18004	0.58502	0.01605	0.02060	0.02030	0.01520	0.02139	0.01273	0.01719	0.01050	0.00624	0.00679	0.00208	0.00832	0.00609	0.00332	0.01020
10	0.01690	0.01635	0.02830	0.04144	0.68802	0.01630	0.04943	0.02104	0.01560	0.02233	0.01291	0.01700	0.01082	0.00608	0.00683	0.00204	0.00827	0.00618	0.00339	0.01077
11	0.02262	0.01409	0.03458	0.07354	0.10493	0.04086	0.01253	0.05514	0.14126	0.32799	0.08052	0.02394	0.01956	0.00855	0.00694	0.00214	0.00650	0.00717	0.00668	0.01047
12	0.01019	0.00770	0.00888	0.00877	0.01082	0.00715	0.00674	0.01356	0.06226	0.03929	0.21491	0.05858	0.35006	0.06710	0.01001	0.00268	0.00421	0.10414	0.00658	0.00639
13	0.01711	0.37483	0.16830	0.01728	0.04928	0.04426	0.08478	0.03832	0.01450	0.01881	0.01077	0.01336	0.00910	0.00688	0.00777	0.00194	0.10566	0.00487	0.00312	0.00905
14	0.03747	0.14025	0.42971	0.01924	0.02756	0.04599	0.13384	0.02219	0.01498	0.04926	0.01258	0.01478	0.00928	0.00638	0.00639	0.00207	0.00971	0.00536	0.00328	0.00966
15	0.01025	0.00703	0.00867	0.00931	0.01059	0.00656	0.00656	0.04173	0.01499	0.05057	0.06855	0.51219	0.16709	0.01882	0.00831	0.00257	0.00407	0.01671	0.02923	0.00620
16	0.00837	0.00685	0.00740	0.00764	0.00962	0.00589	0.00570	0.01020	0.01556	0.01910	0.11106	0.15413	0.55034	0.01768	0.00823	0.00240	0.00364	0.04395	0.00644	0.00582
17	0.01676	0.05937	0.05455	0.06001	0.59697	0.01686	0.02010	0.02159	0.04730	0.02211	0.01333	0.01694	0.01105	0.00627	0.00664	0.00203	0.00806	0.00599	0.00350	0.01059
18	0.02492	0.01223	0.01638	0.09049	0.03790	0.01186	0.01122	0.09981	0.05191	0.44505	0.10260	0.02515	0.02102	0.00888	0.00701	0.00214	0.00610	0.00737	0.00741	0.01056
19	0.03070	0.01164	0.01588	0.01217	0.01746	0.01006	0.01006	0.03334	0.01958	0.72163	0.02699	0.02329	0.01694	0.00847	0.00688	0.00212	0.00582	0.00688	0.00847	0.01164
20	0.06599	0.01591	0.01755	0.06653	0.02028	0.04127	0.01190	0.40102	0.02484	0.05543	0.10592	0.02158	0.01847	0.01222	0.06411	0.00281	0.03149	0.00687	0.00608	0.00974

[dist]
# distance from previous block
# <min> <max>
0	1

[block]
# block no. 1 follows, 31 sequences, length 81
# corresponding to MSA columns:
# 95-175
name=unknown_B
#
# <colnr> <probs for GDERKNQSTAVLIFYWHMCP>
#	G	D	E	R	K	N	Q	S	T	A	V	L	I	F	Y	W	H	M	C	P
0	0.02422	0.01420	0.01683	0.01320	0.01787	0.01437	0.01071	0.29468	0.02316	0.27768	0.04388	0.05675	0.01721	0.03942	0.00851	0.00224	0.03213	0.00723	0.00693	0.07878
1	0.01382	0.12968	0.16700	0.01885	0.07476	0.01512	0.17616	0.01820	0.01547	0.02108	0.12323	0.07609	0.07897	0.00942	0.00760	0.00216	0.03110	0.00855	0.00429	0.00845
2	0.01566	0.05196	0.02397	0.03275	0.51456	0.01512	0.01721	0.02028	0.06060	0.02226	0.06850	0.02384	0.06256	0.03237	0.00777	0.00220	0.00720	0.00722	0.00412	0.00986
3	0.01816	0.73337	0.03525	0.01196	0.01758	0.02682	0.01184	0.02032	0.01376	0.01611	0.00949	0.01114	0.00879	0.00610	0.00512	0.00153	0.03727	0.00375	0.00293	0.00873
4	0.01440	0.01362	0.01883	0.01514	0.01794	0.01540	0.05145	0.01677	0.01232	0.01903	0.01149	0.03272	0.01064	0.01053	0.03903	0.00246	0.37588	0.00573	0.00353	0.31310
5	0.00841	0.00598	0.00792	0.00943	0.00981	0.00561	0.00625	0.00955	0.01296	0.01728	0.03698	0.72324	0.04433	0.05454	0.00990	0.00295	0.00409	0.01902	0.00625	0.00549
6	0.02479	0.01432	0.01675	0.01326	0.01796	0.01479	0.01082	0.30890	0.07247	0.28349	0.06291	0.02246	0.01785	0.01046	0.03622	0.00244	0.00674	0.00696	0.04562	0.01079
7	0.02111	0.01598	0.04438	0.01505	0.05254	0.01564	0.01188	0.34674	0.02322	0.10203	0.01810	0.07998	0.01488	0.02952	0.00786	0.00208	0.02697	0.00702	0.00594	0.15907
8	0.00995	0.00663	0.00746	0.00746	0.00746	0.00663	0.00415	0.00995	0.00995	0.01327	0.02156	0.04477	0.02487	0.75957	0.03482	0.00663	0.00663	0.00995	0.00415	0.00415
9	0.01556	0.12953	0.01887	0.01161	0.01728	0.01325	0.03282	0.06709	0.01539	0.02251	0.01297	0.04117	0.01130	0.00622	0.00577	0.00132	0.02474	0.00490	0.00412	0.54357
10	0.02187	0.04360	0.03999	0.01537	0.02081	0.01667	0.07767	0.27296	0.09611	0.14222	0.01775	0.01803	0.01283	0.00763	0.00718	0.00196	0.03501	0.00616	0.00594	0.14025
11	0.01055	0.00714	0.00815	0.00797	0.00824	0.00729	0.00472	0.03592	0.01085	0.01453	0.02119	0.04273	0.02395	0.69280	0.07157	0.00670	0.00730	0.00966	0.00422	0.00453
12	0.01292	0.01166	0.01881	0.58415	0.03958	0.01456	0.01688	0.01696	0.01343	0.01812	0.01373	0.04538	0.01119	0.00794	0.00813	0.00230	0.07482	0.00658	0.07546	0.00740
13	0.01493	0.01444	0.02131	0.10683	0.02227	0.01909	0.05861	0.04159	0.01217	0.01817	0.01073	0.01643	0.00976	0.01221	0.04608	0.00310	0.53080	0.00620	0.02759	0.00768
14	0.00983	0.00710	0.00981	0.00981	0.01062	0.00791	0.00707	0.01145	0.01064	0.01500	0.01941	0.03289	0.01972	0.28952	0.49782	0.00953	0.01439	0.00821	0.00383	0.00545
15	0.01960	0.12053	0.04836	0.08173	0.10947	0.26417	0.12902	0.03837	0.04360	0.01946	0.01216	0.01506	0.00988	0.00693	0.00742	0.00201	0.05431	0.00555	0.00354	0.00882
16	0.01623	0.01333	0.01981	0.23843	0.17930	0.01451	0.03959	0.09496	0.08212	0.06511	0.02101	0.02370	0.07461	0.01025	0.04203	0.00259	0.00796	0.00718	0.03821	0.00908
17	0.05536	0.02527	0.02157	0.02364	0.20438	0.42091	0.03940	0.04796	0.04099	0.02034	0.01348	0.01562	0.02728	0.00709	0.00641	0.00191	0.01029	0.00537	0.00381	0.00889
18	0.52377	0.21904	0.07966	0.01065	0.01584	0.01858	0.01014	0.02035	0.01250	0.02594	0.00976	0.01137	0.00789	0.00623	0.00447	0.00194	0.00626	0.00381	0.00376	0.00802
19	0.00890	0.00651	0.00855	0.00965	0.01002	0.00646	0.00650	0.01003	0.01280	0.01725	0.05774	0.60813	0.04167	0.11089	0.01256	0.00324	0.04023	0.01739	0.00596	0.00551
20	0.02455	0.01807	0.01957	0.01520	0.02014	0.02017	0.01253	0.61403	0.02987	0.04060	0.01647	0.01699	0.01192	0.00838	0.00746	0.00207	0.04311	0.00617	0.06166	0.01107
21	0.01166	0.00723	0.00954	0.00931	0.01092	0.00666	0.00686	0.01413	0.01715	0.09919	0.40391	0.23536	0.05152	0.05161	0.00946	0.00256	0.00397	0.03517	0.00712	0.00666
22	0.01137	0.00849	0.01184	0.06168	0.01422	0.01017	0.00907	0.01380	0.01174	0.01791	0.01765	0.02560	0.01605	0.08466	0.37798	0.00696	0.11670	0.00704	0.17074	0.00632
23	0.00834	0.00595	0.00794	0.00953	0.00992	0.00556	0.00635	0.00953	0.01310	0.01746	0.03771	0.75510	0.04525	0.02143	0.00873	0.00278	0.00397	0.01945	0.00635	0.00556
24	0.01569	0.21320	0.36654	0.02297	0.18069	0.01884	0.04914	0.02123	0.01463	0.02043	0.01178	0.01430	0.00925	0.00622	0.00610	0.00197	0.00903	0.00507	0.00303	0.00990
25	0.05412	0.01840	0.01973	0.01515	0.02059	0.02012	0.01250	0.61889	0.03026	0.06671	0.01639	0.01640	0.01162	0.00803	0.00668	0.00202	0.00729	0.00601	0.00670	0.04240
26	0.72446	0.01360	0.03607	0.00928	0.01355	0.01476	0.00794	0.01978	0.01210	0.03008	0.03457	0.01311	0.00978	0.00668	0.00447	0.00210	0.00533	0.00415	0.03076	0.00744
27	0.01465	0.01253	0.01830	0.40723	0.03254	0.01547	0.01528	0.08960	0.03280	0.02137	0.01403	0.01890	0.01102	0.00923	0.02838	0.00251	0.13097	0.00619	0.11111	0.00789
28	0.80789	0.01323	0.01006	0.00900	0.01323	0.01535	0.00741	0.02011	0.01164	0.03070	0.00953	0.01111	0.00741	0.00635	0.00423	0.00212	0.00529	0.00370	0.00423	0.00741
29	0.01979	0.61343	0.03251	0.01286	0.01830	0.14848	0.01201	0.04352	0.01544	0.01708	0.00992	0.01139	0.00888	0.00614	0.00478	0.00153	0.00819	0.00387	0.00316	0.00873
30	0.04470	0.01655	0.02547	0.14655	0.49109	0.05055	0.03646	0.06599	0.01646	0.02300	0.01280	0.01672	0.01040	0.00640	0.00670	0.00207	0.00843	0.00598	0.00360	0.01009
31	0.00833	0.00599	0.00790	0.00943	0.00990	0.00556	0.00631	0.00954	0.01319	0.01750	0.03887	0.72979	0.06981	0.02128	0.00871	0.00276	0.00395	0.01927	0.00635	0.00556
32	0.02501	0.01854	0.01996	0.01549	0.02074	0.02058	0.01274	0.63870	0.06406	0.04148	0.01704	0.01723	0.01227	0.00975	0.03182	0.00237	0.00780	0.00628	0.00674	0.01141
33	0.02225	0.01717	0.01842	0.04105	0.01997	0.04605	0.01197	0.49375	0.02642	0.03522	0.01713	0.05482	0.01421	0.08257	0.01026	0.00254	0.03875	0.00703	0.00604	0.03439
34	0.02087	0.01519	0.01643	0.01296	0.01772	0.04186	0.01048	0.27714	0.08139	0.11069	0.02014	0.02030	0.04691	0.00812	0.00688	0.00185	0.03172	0.00624	0.06112	0.19200
35	0.01000	0.00828	0.03180	0.00970	0.01147	0.00742	0.00746	0.01410	0.07692	0.02370	0.37511	0.25354	0.09247	0.01585	0.00816	0.00239	0.00396	0.03413	0.00688	0.00665
36	0.01674	0.01606	0.02742	0.07601	0.68439	0.01620	0.02090	0.02083	0.01549	0.02211	0.01283	0.01700	0.01075	0.00613	0.00678	0.00204	0.00818	0.00609	0.00337	0.01068
37	0.01555	0.01652	0.03220	0.12206	0.09549	0.01709	0.40848	0.02126	0.05622	0.02101	0.01394	0.01854	0.01090	0.00800	0.02784	0.00258	0.09242	0.00736	0.00356	0.00898
38	0.01131	0.01000	0.03714	0.01280	0.01429	0.01120	0.03570	0.01385	0.01140	0.01697	0.01661	0.02448	0.01537	0.06231	0.47719	0.00812	0.15058	0.00706	0.05706	0.00656
39	0.00828	0.00687	0.00725	0.00730	0.00940	0.00584	0.00542	0.01015	0.01585	0.01942	0.14006	0.11233	0.59378	0.01724	0.00813	0.00232	0.00347	0.01455	0.00649	0.00584
40	0.01536	0.01680	0.03567	0.07829	0.03401	0.01606	0.57322	0.02071	0.01580	0.02153	0.01559	0.04405	0.01270	0.00690	0.00794	0.00233	0.01064	0.03252	0.03112	0.00879
41	0.02269	0.02664	0.04616	0.02384	0.20486	0.43203	0.01561	0.08888	0.03757	0.02121	0.01225	0.01436	0.00993	0.00695	0.00642	0.00189	0.01051	0.00513	0.00387	0.00920
42	0.00832	0.00600	0.00789	0.00940	0.00989	0.00557	0.00629	0.00954	0.01322	0.01751	0.03924	0.72174	0.07762	0.02123	0.00870	0.00276	0.00394	0.01921	0.00635	0.00557
43	0.00842	0.00606	0.00799	0.00938	0.00992	0.00562	0.00632	0.00976	0.01360	0.01817	0.08452	0.68502	0.06826	0.02080	0.00867	0.00272	0.00390	0.01881	0.00643	0.00562
44	0.01693	0.01626	0.02777	0.04199	0.71689	0.01626	0.02100	0.02100	0.01558	0.02235	0.01287	0.01693	0.01084	0.00610	0.00677	0.00203	0.00813	0.00610	0.00339	0.01084
45	0.01543	0.08955	0.01433	0.01159	0.04081	0.01073	0.00866	0.01980	0.09675	0.15921	0.20410	0.17845	0.09721	0.01297	0.00740	0.00223	0.00479	0.01118	0.00665	0.00816
46	0.02556	0.03261	0.01939	0.01763	0.02115	0.73210	0.01322	0.02732	0.01939	0.01674	0.01058	0.01234	0.00881	0.00705	0.00617	0.00176	0.01234	0.00441	0.00353	0.00793
47	0.01102	0.00787	0.01102	0.01260	0.01417	0.00787	0.01102	0.01417	0.01575	0.02047	0.03622	0.07717	0.03937	0.01890	0.00945	0.00315	0.00630	0.67084	0.00630	0.00630
48	0.01434	0.03331	0.66642	0.01892	0.02850	0.01533	0.02408	0.02187	0.01471	0.05125	0.01383	0.01726	0.01021	0.00706	0.00663	0.00220	0.00978	0.03100	0.00326	0.01003
49	0.51307	0.01360	0.03898	0.08938	0.05197	0.01428	0.01029	0.02152	0.01360	0.12682	0.04105	0.01563	0.01147	0.00701	0.00525	0.00213	0.00600	0.00493	0.00475	0.00826
50	0.01553	0.01152	0.01392	0.01113	0.01488	0.01081	0.00864	0.07893	0.01544	0.08376	0.05069	0.07313	0.01811	0.12521	0.01226	0.00247	0.08424	0.00709	0.00493	0.35733
51	0.00980	0.00723	0.01049	0.01049	0.01154	0.00828	0.00792	0.01189	0.01085	0.01551	0.01879	0.02943	0.01821	0.15218	0.63310	0.01037	0.01666	0.00770	0.00373	0.00583
52	0.80789	0.01323	0.01006	0.00900	0.01323	0.01535	0.00741	0.02011	0.01164	0.03070	0.00953	0.01111	0.00741	0.00635	0.00423	0.00212	0.00529	0.00370	0.00423	0.00741
53	0.02279	0.01805	0.04584	0.04476	0.02155	0.01919	0.01311	0.45480	0.14780	0.06055	0.01808	0.01814	0.01310	0.00830	0.00730	0.00211	0.03168	0.00633	0.00639	0.04014
54	0.01507	0.14542	0.54376	0.01923	0.04603	0.04570	0.05085	0.02170	0.01466	0.02065	0.01187	0.01407	0.00882	0.00638	0.00624	0.00205	0.00978	0.00497	0.00296	0.00980
55	0.01188	0.00594	0.00891	0.00891	0.00891	0.00594	0.00594	0.00891	0.00891	0.01188	0.01188	0.02080	0.01188	0.02377	0.02674	0.80095	0.00594	0.00594	0.00297	0.00297
56	0.01735	0.01240	0.01613	0.03598	0.01854	0.00994	0.04590	0.02052	0.01529	0.15356	0.01504	0.01626	0.01139	0.00580	0.00563	0.00133	0.00569	0.00487	0.00482	0.58355
57	0.01780	0.01574	0.14234	0.01340	0.03238	0.01218	0.01213	0.05727	0.16996	0.19338	0.12063	0.03199	0.13055	0.01033	0.00717	0.00220	0.00593	0.00858	0.00649	0.00957
58	0.01418	0.03221	0.59566	0.02125	0.03076	0.01615	0.15054	0.02171	0.01476	0.02171	0.01257	0.01520	0.00899	0.00636	0.00680	0.00219	0.01038	0.00562	0.00300	0.00994
59	0.01587	0.03203	0.61908	0.01885	0.02829	0.01521	0.04120	0.02310	0.01512	0.10746	0.01412	0.01563	0.00973	0.00672	0.00659	0.00216	0.00962	0.00536	0.00359	0.01028
60	0.01693	0.01626	0.02777	0.04199	0.71689	0.01626	0.02100	0.02100	0.01558	0.02235	0.01287	0.01693	0.01084	0.00610	0.00677	0.00203	0.00813	0.00610	0.00339	0.01084
61	0.01179	0.00785	0.00992	0.00913	0.01118	0.00732	0.00692	0.04689	0.01927	0.07770	0.53040	0.09372	0.11332	0.01407	0.00797	0.00220	0.00369	0.01230	0.00739	0.00697
62	0.01693	0.01626	0.02777	0.04199	0.71689	0.01626	0.02100	0.02100	0.01558	0.02235	0.01287	0.01693	0.01084	0.00610	0.00677	0.00203	0.00813	0.00610	0.00339	0.01084
63	0.01289	0.01210	0.02019	0.68582	0.04462	0.01520	0.01845	0.01725	0.01345	0.01738	0.01225	0.01842	0.00940	0.00867	0.03386	0.00263	0.04070	0.00612	0.00306	0.00754
64	0.01390	0.01310	0.02181	0.57074	0.18338	0.01549	0.01909	0.01894	0.04111	0.01892	0.01292	0.01826	0.00993	0.00678	0.00683	0.00223	0.00877	0.00615	0.00326	0.00839
65	0.01391	0.06488	0.69625	0.01918	0.02912	0.01634	0.02473	0.02162	0.01442	0.02144	0.01217	0.01430	0.00867	0.00647	0.00641	0.00214	0.01000	0.00500	0.00289	0.01006
66	0.01093	0.00780	0.01091	0.01249	0.01402	0.00779	0.01085	0.01400	0.01565	0.02036	0.03628	0.10207	0.03959	0.01899	0.00942	0.00314	0.00621	0.64692	0.00630	0.00627
67	0.03034	0.00931	0.01117	0.00992	0.01228	0.00934	0.00766	0.11892	0.04798	0.02997	0.56336	0.04387	0.05341	0.01274	0.00775	0.00214	0.00402	0.01104	0.00733	0.00745
68	0.02590	0.07637	0.01928	0.01369	0.01888	0.01670	0.01141	0.32203	0.07250	0.29210	0.04613	0.02044	0.01596	0.00840	0.00671	0.00205	0.00657	0.00656	0.00716	0.01116
69	0.01757	0.01497	0.05054	0.01276	0.01803	0.01352	0.01079	0.15946	0.06995	0.06172	0.03808	0.01727	0.01324	0.00717	0.00734	0.00165	0.06990	0.00540	0.00504	0.40561
70	0.01473	0.17069	0.53848	0.01833	0.02709	0.01826	0.04820	0.02123	0.01424	0.02041	0.01168	0.01397	0.00877	0.00658	0.00684	0.00207	0.04084	0.00495	0.00292	0.00972
71	0.03070	0.01164	0.01588	0.01217	0.01746	0.01006	0.01006	0.03334	0.01958	0.72163	0.02699	0.02329	0.01694	0.00847	0.00688	0.00212	0.00582	0.00688	0.00847	0.01164
72	0.01337	0.01258	0.02016	0.47000	0.03599	0.01595	0.04026	0.01700	0.01296	0.01776	0.01287	0.04560	0.01090	0.00872	0.01083	0.00245	0.19675	0.00665	0.04172	0.00749
73	0.00977	0.00733	0.01100	0.01100	0.01222	0.00855	0.00855	0.01222	0.01100	0.01588	0.01833	0.02688	0.01710	0.05131	0.73245	0.01100	0.01833	0.00733	0.00367	0.00611
74	0.00824	0.00694	0.00714	0.00709	0.00933	0.00584	0.00532	0.01011	0.01595	0.01933	0.13003	0.06445	0.65287	0.01701	0.00808	0.00230	0.00344	0.01424	0.00646	0.00584
75	0.00983	0.00662	0.00746	0.00752	0.00761	0.00657	0.00426	0.00993	0.01024	0.01358	0.02369	0.07021	0.04823	0.70946	0.03303	0.00636	0.00644	0.01043	0.00429	0.00425
76	0.01027	0.00714	0.00925	0.00864	0.01040	0.00654	0.00651	0.01340	0.01919	0.04888	0.66049	0.05094	0.09449	0.01397	0.00803	0.00216	0.00332	0.01230	0.00750	0.00659
77	0.01242	0.01128	0.01671	0.15140	0.02102	0.01472	0.01304	0.01483	0.01136	0.01647	0.01404	0.04473	0.01326	0.02605	0.28489	0.00585	0.31070	0.00696	0.00337	0.00693
78	0.01491	0.05690	0.56266	0.01803	0.02665	0.04062	0.02189	0.05891	0.04157	0.02254	0.03235	0.01604	0.01097	0.00757	0.00728	0.03317	0.00942	0.00538	0.00342	0.00972
79	0.01504	0.06550	0.01329	0.01077	0.01355	0.06053	0.00832	0.02027	0.13730	0.11329	0.20846	0.14741	0.11402	0.03135	0.00809	0.00233	0.00510	0.01093	0.00654	0.00789
80	0.02032	0.03682	0.01674	0.12581	0.02152	0.03987	0.01125	0.14340	0.01914	0.21491	0.05303	0.09999	0.01842	0.00914	0.00672	0.00199	0.00649	0.00759	0.00596	0.14089

[dist]
# distance from previous block
# <min> <max>
0	23

[block]
# block no. 2 follows, 31 sequences, length 87
# corresponding to MSA columns:
# 199-285
name=unknown_C
#
# <colnr> <probs for GDERKNQSTAVLIFYWHMCP>
#	G	D	E	R	K	N	Q	S	T	A	V	L	I	F	Y	W	H	M	C	P
0	0.10581	0.23633	0.08591	0.04067	0.05636	0.10707	0.03370	0.09875	0.01693	0.07740	0.01293	0.01458	0.01012	0.00696	0.00632	0.00190	0.03793	0.00496	0.03624	0.00912
1	0.03919	0.01462	0.06381	0.09426	0.26907	0.01385	0.01473	0.09880	0.03710	0.02490	0.04514	0.02189	0.03412	0.03758	0.00754	0.00216	0.00686	0.00659	0.11934	0.04843
2	0.40590	0.07602	0.06434	0.01226	0.01678	0.10112	0.01077	0.07191	0.04274	0.05337	0.01343	0.01721	0.01106	0.00770	0.00588	0.00212	0.02787	0.04669	0.00451	0.00831
3	0.01657	0.04526	0.02164	0.01582	0.02065	0.01551	0.13207	0.12027	0.06322	0.02440	0.01554	0.01788	0.03585	0.00757	0.00899	0.00188	0.13100	0.00601	0.00442	0.29543
4	0.00845	0.00652	0.00774	0.00848	0.00982	0.00581	0.00605	0.01012	0.01480	0.01891	0.11299	0.38205	0.32229	0.01896	0.00843	0.00254	0.00378	0.04001	0.00646	0.00576
5	0.01336	0.00773	0.01016	0.00931	0.01149	0.00699	0.00706	0.01618	0.01851	0.15472	0.48007	0.12999	0.07942	0.01398	0.00793	0.00223	0.00381	0.01227	0.00752	0.00728
6	0.63896	0.01289	0.01132	0.00969	0.01415	0.01420	0.00798	0.02299	0.01337	0.18088	0.01332	0.01376	0.00948	0.00681	0.00481	0.00212	0.00541	0.00439	0.00515	0.00833
7	0.00995	0.00663	0.00746	0.00746	0.00746	0.00663	0.00415	0.00995	0.00995	0.01327	0.02156	0.04477	0.02487	0.75957	0.03482	0.00663	0.00663	0.00995	0.00415	0.00415
8	0.01038	0.00712	0.00934	0.00877	0.01047	0.00655	0.00658	0.01351	0.01912	0.05184	0.66169	0.07831	0.06208	0.01409	0.00805	0.00218	0.00335	0.01246	0.00752	0.00660
9	0.01513	0.01544	0.02359	0.01944	0.02038	0.02046	0.10701	0.01721	0.01125	0.01721	0.00964	0.01544	0.00917	0.01113	0.02050	0.00290	0.64706	0.00627	0.00306	0.00772
10	0.00981	0.00717	0.01017	0.01017	0.01110	0.00810	0.00752	0.01169	0.01075	0.01527	0.01908	0.03106	0.01892	0.21692	0.56933	0.00998	0.01559	0.00794	0.00378	0.00565
11	0.01292	0.01216	0.02052	0.74312	0.04712	0.01520	0.01900	0.01748	0.01368	0.01748	0.01216	0.01824	0.00912	0.00684	0.00684	0.00228	0.00912	0.00608	0.00304	0.00760
12	0.00995	0.00663	0.00746	0.00746	0.00746	0.00663	0.00415	0.00995	0.00995	0.01327	0.02156	0.04477	0.02487	0.75957	0.03482	0.00663	0.00663	0.00995	0.00415	0.00415
13	0.01432	0.01182	0.01283	0.01171	0.01481	0.01298	0.00902	0.04635	0.42110	0.02721	0.17861	0.05584	0.11256	0.01151	0.00732	0.00227	0.00469	0.00976	0.02623	0.00907
14	0.00943	0.00713	0.00850	0.00893	0.01037	0.00661	0.00638	0.04734	0.01585	0.02069	0.14917	0.39794	0.24983	0.01833	0.00833	0.00250	0.00390	0.01612	0.00656	0.00609
15	0.01372	0.03539	0.72412	0.01950	0.02961	0.01589	0.02528	0.02167	0.01444	0.02167	0.01228	0.01444	0.00867	0.00650	0.00650	0.00217	0.01011	0.00506	0.00289	0.01011
16	0.01384	0.03455	0.69022	0.01996	0.02992	0.01596	0.05833	0.02168	0.01453	0.02168	0.01235	0.01464	0.00875	0.00646	0.00658	0.00217	0.01018	0.00521	0.00292	0.01007
17	0.01442	0.11889	0.60756	0.01831	0.02760	0.01725	0.02295	0.02229	0.05006	0.02138	0.01276	0.01461	0.00931	0.00657	0.00628	0.00209	0.00954	0.00503	0.00310	0.00999
18	0.00856	0.00682	0.00761	0.00778	0.00959	0.00596	0.00572	0.01047	0.01574	0.01985	0.18015	0.15857	0.45865	0.04366	0.00916	0.00252	0.00368	0.03318	0.00649	0.00583
19	0.01433	0.01229	0.01425	0.01032	0.01629	0.00951	0.00824	0.01817	0.04841	0.02261	0.01294	0.01475	0.01067	0.00528	0.00516	0.00108	0.00508	0.00424	0.00420	0.76219
20	0.00968	0.00699	0.00914	0.00861	0.01022	0.00646	0.00646	0.01291	0.01937	0.02743	0.71328	0.05110	0.06455	0.01399	0.00807	0.00215	0.00323	0.01237	0.00753	0.00646
21	0.00850	0.00608	0.00808	0.00942	0.00996	0.00566	0.00636	0.00993	0.01384	0.01865	0.11782	0.67161	0.04754	0.02055	0.00865	0.00270	0.00388	0.01861	0.00649	0.00566
22	0.00977	0.00733	0.01100	0.01100	0.01222	0.00855	0.00855	0.01222	0.01100	0.01588	0.01833	0.02688	0.01710	0.05131	0.73245	0.01100	0.01833	0.00733	0.00367	0.00611
23	0.00956	0.00690	0.00904	0.00869	0.01019	0.00637	0.00645	0.01261	0.01880	0.02654	0.65272	0.11421	0.06282	0.01465	0.00813	0.00221	0.00329	0.01301	0.00743	0.00637
24	0.00977	0.00733	0.01100	0.01100	0.01222	0.00855	0.00855	0.01222	0.01100	0.01588	0.01833	0.02688	0.01710	0.05131	0.73245	0.01100	0.01833	0.00733	0.00367	0.00611
25	0.01372	0.03539	0.72412	0.01950	0.02961	0.01589	0.02528	0.02167	0.01444	0.02167	0.01228	0.01444	0.00867	0.00650	0.00650	0.00217	0.01011	0.00506	0.00289	0.01011
26	0.00826	0.00623	0.00765	0.00878	0.00973	0.00562	0.00602	0.00961	0.01381	0.01776	0.04675	0.55777	0.23674	0.02026	0.00855	0.00264	0.00382	0.01801	0.00635	0.00562
27	0.01615	0.01845	0.04037	0.02884	0.03576	0.01730	0.69204	0.02191	0.01615	0.02191	0.01384	0.01845	0.01038	0.00577	0.00807	0.00231	0.01153	0.00807	0.00346	0.00923
28	0.00832	0.00600	0.00789	0.00939	0.00989	0.00557	0.00629	0.00954	0.01323	0.01752	0.03934	0.71946	0.07983	0.02122	0.00870	0.00275	0.00394	0.01919	0.00635	0.00557
29	0.01444	0.12096	0.59342	0.01924	0.02861	0.01732	0.07114	0.02154	0.01450	0.02102	0.01206	0.01432	0.00880	0.00637	0.00636	0.00209	0.00988	0.00510	0.00293	0.00989
30	0.01937	0.01583	0.01904	0.01455	0.01940	0.01651	0.03904	0.30239	0.02123	0.03008	0.01350	0.01543	0.01058	0.00756	0.00882	0.00183	0.12928	0.00542	0.00503	0.30509
31	0.01556	0.01338	0.02039	0.53142	0.03902	0.01647	0.01738	0.10440	0.01588	0.04881	0.01291	0.01781	0.00974	0.00771	0.00877	0.00233	0.09992	0.00611	0.00374	0.00826
32	0.01020	0.00711	0.00913	0.00860	0.01022	0.00661	0.00637	0.01302	0.01804	0.04490	0.56785	0.04984	0.10182	0.07472	0.03915	0.00287	0.00419	0.01196	0.00706	0.00636
33	0.01610	0.01831	0.03958	0.02839	0.03503	0.01745	0.66463	0.02169	0.01592	0.02169	0.01364	0.01831	0.01032	0.00602	0.00866	0.00233	0.04132	0.00799	0.00344	0.00916
34	0.78062	0.01317	0.01026	0.00911	0.01338	0.01516	0.00750	0.02057	0.01192	0.05494	0.01014	0.01154	0.00774	0.00642	0.00433	0.00212	0.00531	0.00382	0.00438	0.00756
35	0.01673	0.01604	0.02739	0.07824	0.68226	0.01620	0.02089	0.02081	0.01548	0.02210	0.01283	0.01700	0.01075	0.00613	0.00678	0.00204	0.00818	0.00609	0.00337	0.01067
36	0.80789	0.01323	0.01006	0.00900	0.01323	0.01535	0.00741	0.02011	0.01164	0.03070	0.00953	0.01111	0.00741	0.00635	0.00423	0.00212	0.00529	0.00370	0.00423	0.00741
37	0.00834	0.00595	0.00794	0.00953	0.00992	0.00556	0.00635	0.00953	0.01310	0.01746	0.03771	0.75510	0.04525	0.02143	0.00873	0.00278	0.00397	0.01945	0.00635	0.00556
38	0.80789	0.01323	0.01006	0.00900	0.01323	0.01535	0.00741	0.02011	0.01164	0.03070	0.00953	0.01111	0.00741	0.00635	0.00423	0.00212	0.00529	0.00370	0.00423	0.00741
39	0.01673	0.04440	0.10385	0.06299	0.53470	0.03763	0.02032	0.02190	0.05105	0.02203	0.01337	0.01681	0.01092	0.00635	0.00666	0.00204	0.00834	0.00593	0.00349	0.01048
40	0.00994	0.00668	0.00769	0.00769	0.00777	0.00676	0.00443	0.01009	0.01002	0.01343	0.02135	0.04363	0.02438	0.71427	0.07944	0.00691	0.00738	0.00978	0.00411	0.00427
41	0.00834	0.00595	0.00794	0.00953	0.00992	0.00556	0.00635	0.00953	0.01310	0.01746	0.03771	0.75510	0.04525	0.02143	0.00873	0.00278	0.00397	0.01945	0.00635	0.00556
42	0.01094	0.00785	0.01090	0.01243	0.01403	0.00781	0.01085	0.01405	0.01574	0.02042	0.03720	0.07684	0.05929	0.01885	0.00941	0.00313	0.00622	0.65147	0.00630	0.00628
43	0.01491	0.01802	0.10574	0.02347	0.02931	0.01550	0.44698	0.04202	0.01617	0.02232	0.06943	0.09091	0.01767	0.00837	0.00864	0.00235	0.04635	0.00901	0.00408	0.00875
44	0.00834	0.00595	0.00794	0.00953	0.00992	0.00556	0.00635	0.00953	0.01310	0.01746	0.03771	0.75510	0.04525	0.02143	0.00873	0.00278	0.00397	0.01945	0.00635	0.00556
45	0.00832	0.00684	0.00733	0.00754	0.00954	0.00586	0.00560	0.01013	0.01556	0.01906	0.11153	0.15241	0.56314	0.01765	0.00820	0.00238	0.00359	0.03308	0.00644	0.00581
46	0.01372	0.03539	0.72412	0.01950	0.02961	0.01589	0.02528	0.02167	0.01444	0.02167	0.01228	0.01444	0.00867	0.00650	0.00650	0.00217	0.01011	0.00506	0.00289	0.01011
47	0.00874	0.00622	0.00829	0.03460	0.01099	0.00598	0.00660	0.01005	0.01298	0.01751	0.03535	0.66271	0.04184	0.06315	0.01004	0.00294	0.00427	0.01797	0.03418	0.00557
48	0.00831	0.00699	0.00725	0.00732	0.00956	0.00592	0.00558	0.01018	0.01574	0.01891	0.08999	0.06598	0.65229	0.01730	0.00816	0.00235	0.00362	0.05234	0.00639	0.00583
49	0.03070	0.01164	0.01588	0.01217	0.01746	0.01006	0.01006	0.03334	0.01958	0.72163	0.02699	0.02329	0.01694	0.00847	0.00688	0.00212	0.00582	0.00688	0.00847	0.01164
50	0.01586	0.01407	0.02350	0.23855	0.03044	0.01542	0.20674	0.11649	0.01695	0.02392	0.01496	0.01918	0.01144	0.00734	0.00798	0.00218	0.06426	0.00671	0.15561	0.00841
51	0.01658	0.01836	0.10433	0.03952	0.64133	0.01621	0.02147	0.02107	0.01545	0.02228	0.01280	0.01666	0.01060	0.00614	0.00674	0.00205	0.00835	0.00598	0.00333	0.01076
52	0.04519	0.02869	0.01882	0.01662	0.02042	0.55958	0.01269	0.14368	0.02123	0.02208	0.01205	0.01356	0.00962	0.00727	0.00618	0.00182	0.01094	0.00478	0.03628	0.00850
53	0.07840	0.01199	0.01717	0.19718	0.13814	0.01378	0.03124	0.04355	0.01436	0.02274	0.01492	0.01914	0.01193	0.00775	0.00818	0.00211	0.10862	0.00602	0.24483	0.00793
54	0.01102	0.00787	0.01102	0.01260	0.01417	0.00787	0.01102	0.01417	0.01575	0.02047	0.03622	0.07717	0.03937	0.01890	0.00945	0.00315	0.00630	0.67084	0.00630	0.00630
55	0.44055	0.01558	0.01464	0.01197	0.01673	0.01753	0.00985	0.29088	0.04021	0.06363	0.01353	0.01415	0.00988	0.00727	0.00546	0.00210	0.00621	0.00493	0.00553	0.00937
56	0.05847	0.01170	0.01567	0.01206	0.01731	0.01024	0.00996	0.03287	0.01930	0.69693	0.02637	0.02285	0.01659	0.00839	0.00679	0.00212	0.00580	0.00677	0.00832	0.01149
57	0.00935	0.00695	0.00872	0.00845	0.01013	0.00632	0.00634	0.01220	0.01826	0.02510	0.54267	0.08942	0.18348	0.01510	0.00814	0.00224	0.00339	0.03024	0.00722	0.00628
58	0.00983	0.00708	0.00937	0.00923	0.01079	0.00663	0.00712	0.01296	0.01858	0.02601	0.58619	0.08349	0.06006	0.01501	0.00830	0.00232	0.00371	0.10962	0.00730	0.00640
59	0.00842	0.00599	0.00791	0.00942	0.00980	0.00561	0.00624	0.00955	0.01294	0.01725	0.03687	0.71837	0.04420	0.05960	0.01008	0.00298	0.00411	0.01896	0.00624	0.00548
60	0.01702	0.01470	0.01547	0.01392	0.01779	0.01702	0.01083	0.03635	0.70453	0.02862	0.02785	0.02553	0.02088	0.00928	0.00696	0.00232	0.00541	0.00773	0.00696	0.01083
61	0.00968	0.00699	0.00914	0.00861	0.01022	0.00646	0.00646	0.01291	0.01937	0.02743	0.71328	0.05110	0.06455	0.01399	0.00807	0.00215	0.00323	0.01237	0.00753	0.00646
62	0.01544	0.01732	0.03743	0.02708	0.03341	0.01624	0.62986	0.02079	0.01587	0.02151	0.01601	0.08526	0.01354	0.00719	0.00813	0.00235	0.01085	0.00911	0.00372	0.00889
63	0.01678	0.01586	0.02569	0.06631	0.58839	0.01632	0.01944	0.02308	0.11541	0.02306	0.01501	0.01823	0.01222	0.00659	0.00680	0.00208	0.00777	0.00633	0.00389	0.01070
64	0.02821	0.01431	0.03821	0.01444	0.04667	0.01319	0.01163	0.18167	0.04123	0.50064	0.02363	0.02129	0.01536	0.00828	0.00686	0.00211	0.00641	0.00666	0.00769	0.01154
65	0.02556	0.03261	0.01939	0.01763	0.02115	0.73210	0.01322	0.02732	0.01939	0.01674	0.01058	0.01234	0.00881	0.00705	0.00617	0.00176	0.01234	0.00441	0.00353	0.00793
66	0.01642	0.01145	0.03839	0.04157	0.01626	0.01103	0.01009	0.15778	0.03618	0.12663	0.10859	0.20795	0.03055	0.04352	0.03782	0.00292	0.00628	0.08187	0.00646	0.00823
67	0.01409	0.00993	0.01224	0.01248	0.04945	0.01000	0.00874	0.13833	0.05651	0.07117	0.09475	0.37604	0.08710	0.01570	0.00795	0.00245	0.00493	0.01382	0.00657	0.00774
68	0.03070	0.01164	0.01588	0.01217	0.01746	0.01006	0.01006	0.03334	0.01958	0.72163	0.02699	0.02329	0.01694	0.00847	0.00688	0.00212	0.00582	0.00688	0.00847	0.01164
69	0.01051	0.00756	0.01038	0.01178	0.01324	0.00743	0.00997	0.01337	0.01564	0.02044	0.07689	0.15586	0.06853	0.01885	0.00923	0.00301	0.00573	0.52899	0.00638	0.00620
70	0.02168	0.12397	0.02207	0.01973	0.12937	0.37105	0.01360	0.06834	0.09421	0.02040	0.01352	0.01591	0.01129	0.03758	0.00732	0.00204	0.00970	0.00528	0.00404	0.00891
71	0.00995	0.00663	0.00746	0.00746	0.00746	0.00663	0.00415	0.00995	0.00995	0.01327	0.02156	0.04477	0.02487	0.75957	0.03482	0.00663	0.00663	0.00995	0.00415	0.00415
72	0.00977	0.00733	0.01100	0.01100	0.01222	0.00855	0.00855	0.01222	0.01100	0.01588	0.01833	0.02688	0.01710	0.05131	0.73245	0.01100	0.01833	0.00733	0.00367	0.00611
73	0.01164	0.00979	0.01369	0.11453	0.04340	0.01020	0.04542	0.01691	0.12227	0.02062	0.06170	0.15967	0.16835	0.01462	0.00854	0.02361	0.00581	0.13637	0.00568	0.00719
74	0.05495	0.02117	0.01927	0.01552	0.02036	0.16797	0.01250	0.48527	0.05202	0.03610	0.01554	0.01598	0.01140	0.00793	0.00654	0.00199	0.00823	0.00576	0.03098	0.01051
75	0.01695	0.01652	0.02686	0.04013	0.67253	0.03967	0.02026	0.02087	0.01570	0.02205	0.01449	0.01825	0.03193	0.00647	0.00679	0.00203	0.00813	0.00629	0.00348	0.01059
76	0.00849	0.00611	0.00808	0.00961	0.01015	0.00571	0.00659	0.00982	0.01336	0.01769	0.03888	0.68653	0.07168	0.02112	0.00875	0.00278	0.00409	0.05861	0.00635	0.00561
77	0.18886	0.01240	0.01820	0.58065	0.03962	0.01523	0.01643	0.01806	0.01323	0.02040	0.01158	0.01666	0.00874	0.00673	0.00626	0.00224	0.00827	0.00555	0.00330	0.00756
78	0.00978	0.00730	0.01082	0.01082	0.01198	0.00846	0.00833	0.01210	0.01094	0.01575	0.01849	0.02776	0.01749	0.08643	0.69787	0.01078	0.01775	0.00746	0.00369	0.00601
79	0.01273	0.01114	0.01229	0.11663	0.01767	0.06444	0.00940	0.04012	0.12667	0.02292	0.19525	0.13302	0.15331	0.01281	0.00749	0.00225	0.00540	0.01097	0.03814	0.00736
80	0.00857	0.00718	0.00748	0.00736	0.00963	0.00622	0.00553	0.01104	0.03778	0.01993	0.14904	0.06272	0.61052	0.01665	0.00805	0.00229	0.00350	0.01397	0.00652	0.00602
81	0.02635	0.01861	0.02019	0.01548	0.02094	0.02040	0.01279	0.64573	0.03125	0.09276	0.01720	0.01693	0.01202	0.00823	0.00685	0.00206	0.00740	0.00621	0.00696	0.01164
82	0.02479	0.01647	0.01829	0.01434	0.01947	0.01759	0.01173	0.43202	0.12119	0.17426	0.02173	0.02062	0.03721	0.00863	0.00686	0.00208	0.00670	0.00674	0.00709	0.03218
83	0.00960	0.00794	0.00860	0.00861	0.01095	0.00737	0.00672	0.01359	0.09311	0.02044	0.09869	0.06203	0.50242	0.01644	0.00815	0.00242	0.00407	0.10590	0.00648	0.00646
84	0.02601	0.01916	0.02053	0.01574	0.02122	0.02122	0.01300	0.69408	0.03217	0.04312	0.01643	0.01643	0.01163	0.00821	0.00684	0.00205	0.00753	0.00616	0.00684	0.01163
85	0.01419	0.01216	0.01419	0.01013	0.01621	0.00912	0.00811	0.01723	0.01419	0.02229	0.01216	0.01419	0.01013	0.00507	0.00507	0.00101	0.00507	0.00405	0.00405	0.80139
86	0.02601	0.01916	0.02053	0.01574	0.02122	0.02122	0.01300	0.69408	0.03217	0.04312	0.01643	0.01643	0.01163	0.00821	0.00684	0.00205	0.00753	0.00616	0.00684	0.01163

[dist]
# distance from previous block
# <min> <max>
4	11

[block]
# block no. 3 follows, 31 sequences, length 20
# corresponding to MSA columns:
# 297-316
name=unknown_D
#
# <colnr> <probs for GDERKNQSTAVLIFYWHMCP>
#	G	D	E	R	K	N	Q	S	T	A	V	L	I	F	Y	W	H	M	C	P
0	0.06248	0.09997	0.29434	0.02024	0.04563	0.05347	0.18482	0.09454	0.01681	0.02367	0.01332	0.03580	0.01044	0.00687	0.00664	0.00211	0.00951	0.00610	0.00368	0.00955
1	0.01929	0.01578	0.02242	0.02885	0.39442	0.03887	0.01627	0.08856	0.13210	0.10617	0.05425	0.02070	0.01605	0.00755	0.00687	0.00209	0.00723	0.00674	0.00512	0.01068
2	0.02460	0.02378	0.02109	0.02003	0.11629	0.28590	0.01418	0.35318	0.02513	0.03043	0.01376	0.01497	0.01047	0.00749	0.00658	0.00194	0.00941	0.00550	0.00513	0.01014
3	0.00998	0.00727	0.01068	0.01068	0.01193	0.00840	0.00829	0.01247	0.01122	0.01654	0.01860	0.02678	0.01713	0.04836	0.68289	0.01035	0.01729	0.00727	0.05774	0.00613
4	0.01372	0.03539	0.72412	0.01950	0.02961	0.01589	0.02528	0.02167	0.01444	0.02167	0.01228	0.01444	0.00867	0.00650	0.00650	0.00217	0.01011	0.00506	0.00289	0.01011
5	0.00811	0.00682	0.00704	0.00721	0.00931	0.00575	0.00532	0.00979	0.01532	0.01837	0.06588	0.14057	0.64160	0.01777	0.00816	0.00236	0.00352	0.01498	0.00635	0.00575
6	0.00834	0.00595	0.00794	0.00953	0.00992	0.00556	0.00635	0.00953	0.01310	0.01746	0.03771	0.75510	0.04525	0.02143	0.00873	0.00278	0.00397	0.01945	0.00635	0.00556
7	0.01275	0.00638	0.00638	0.00638	0.00797	0.00638	0.00478	0.01594	0.01435	0.02551	0.02232	0.02551	0.01754	0.00797	0.00478	0.00159	0.00319	0.00638	0.79755	0.00638
8	0.01734	0.01719	0.02688	0.07138	0.63984	0.06496	0.02038	0.02127	0.01575	0.02175	0.01268	0.01668	0.01062	0.00619	0.00673	0.00202	0.00846	0.00598	0.00338	0.01050
9	0.02058	0.01346	0.01541	0.01287	0.01695	0.01428	0.01026	0.17854	0.26313	0.18505	0.16402	0.02817	0.02679	0.00982	0.00714	0.00218	0.00554	0.00813	0.00738	0.01030
10	0.00995	0.00663	0.00746	0.00746	0.00746	0.00663	0.00415	0.00995	0.00995	0.01327	0.02156	0.04477	0.02487	0.75957	0.03482	0.00663	0.00663	0.00995	0.00415	0.00415
11	0.06908	0.53634	0.05255	0.01290	0.01844	0.11939	0.01217	0.07578	0.01598	0.01945	0.01030	0.01171	0.00893	0.00625	0.00488	0.00161	0.00796	0.00401	0.00340	0.00885
12	0.01891	0.15160	0.04227	0.01432	0.01848	0.12144	0.03434	0.13681	0.01770	0.06662	0.03434	0.01776	0.01302	0.01510	0.13149	0.00345	0.07633	0.00572	0.00442	0.07587
13	0.01457	0.17070	0.59624	0.01805	0.02737	0.01797	0.02276	0.02145	0.01434	0.02063	0.01176	0.01380	0.00869	0.00638	0.00611	0.00204	0.00959	0.00480	0.00290	0.00986
14	0.03044	0.01206	0.01613	0.01237	0.01767	0.01067	0.01022	0.06999	0.02028	0.68399	0.02640	0.02291	0.01664	0.00845	0.00688	0.00211	0.00592	0.00684	0.00838	0.01164
15	0.01689	0.01637	0.02843	0.04131	0.68132	0.01631	0.05604	0.02104	0.01561	0.02233	0.01292	0.01701	0.01081	0.00608	0.00684	0.00205	0.00831	0.00620	0.00339	0.01075
16	0.02564	0.04498	0.01672	0.01255	0.01740	0.01301	0.01026	0.11507	0.12556	0.43338	0.04736	0.02358	0.01817	0.03223	0.00765	0.00222	0.00596	0.00698	0.00750	0.03380
17	0.07378	0.00905	0.00989	0.00990	0.03403	0.03190	0.00714	0.01473	0.04924	0.04271	0.32483	0.08719	0.25239	0.01397	0.00762	0.00222	0.00414	0.01188	0.00657	0.00681
18	0.00872	0.00612	0.00782	0.00903	0.00933	0.00582	0.00582	0.00963	0.01234	0.01645	0.03382	0.58422	0.04035	0.19900	0.01501	0.00371	0.00461	0.01716	0.00582	0.00522
19	0.05378	0.03200	0.59651	0.02023	0.02962	0.01605	0.11398	0.02162	0.01453	0.02215	0.01235	0.01482	0.00883	0.00639	0.00660	0.00218	0.01006	0.00539	0.00303	0.00986

[dist]
# distance from previous block
# <min> <max>
0	58

# created by:
# /st0/software/busco_prod/Augustus/scripts/msa2prfl.pl ./align_prep/142389.fa
