[name]
unknown

[dist]
# distance from previous block
# <min> <max>
7	30

[block]
# block no. 0 follows, 25 sequences, length 11
# corresponding to MSA columns:
# 57-67
name=unknown_A
#
# <colnr> <probs for GDERKNQSTAVLIFYWHMCP>
#	G	D	E	R	K	N	Q	S	T	A	V	L	I	F	Y	W	H	M	C	P
0	0.01980	0.01442	0.01737	0.04538	0.02050	0.01357	0.01121	0.07623	0.10763	0.12135	0.02085	0.06899	0.01705	0.00903	0.00789	0.00195	0.04278	0.00725	0.00609	0.37065
1	0.07481	0.06027	0.01770	0.01314	0.01816	0.01350	0.01076	0.03244	0.11498	0.39339	0.13766	0.03033	0.02772	0.01045	0.00766	0.00239	0.00610	0.00853	0.00845	0.01154
2	0.02281	0.01769	0.01998	0.01562	0.02050	0.01899	0.01259	0.35808	0.02593	0.03592	0.01717	0.02158	0.01418	0.09255	0.01314	0.00279	0.09367	0.00692	0.00615	0.18375
3	0.01743	0.01873	0.07929	0.12009	0.05433	0.02070	0.07209	0.06691	0.01559	0.02266	0.01277	0.01835	0.01095	0.01196	0.03681	0.00316	0.35853	0.00687	0.00386	0.04892
4	0.07762	0.01196	0.03490	0.03529	0.06996	0.01152	0.01080	0.05803	0.06859	0.05475	0.24290	0.21926	0.04358	0.01509	0.00854	0.00262	0.00558	0.01321	0.00712	0.00868
5	0.07795	0.01551	0.01621	0.01391	0.01771	0.06644	0.01097	0.18867	0.02282	0.13391	0.07271	0.14293	0.11642	0.01365	0.00921	0.00257	0.05053	0.01094	0.00715	0.00980
6	0.01411	0.01199	0.01400	0.03709	0.01738	0.01047	0.00917	0.01924	0.09062	0.02412	0.03242	0.07975	0.16163	0.01393	0.04993	0.00253	0.00641	0.00916	0.00565	0.39039
7	0.01784	0.01341	0.01525	0.01234	0.01708	0.01243	0.00956	0.13162	0.06740	0.04872	0.02226	0.12165	0.02043	0.06002	0.00923	0.00229	0.00606	0.00858	0.06848	0.33537
8	0.01476	0.01244	0.01679	0.11356	0.04378	0.01263	0.05084	0.09419	0.06729	0.02629	0.08725	0.16180	0.18055	0.01427	0.00852	0.00254	0.00652	0.01249	0.00637	0.06712
9	0.01532	0.01177	0.01432	0.11085	0.02020	0.01179	0.01030	0.08995	0.05887	0.02602	0.02761	0.15247	0.06821	0.07042	0.01008	0.00265	0.00624	0.01030	0.11279	0.16986
10	0.01926	0.01709	0.01953	0.24803	0.03087	0.09623	0.01506	0.11483	0.11711	0.04923	0.06863	0.07698	0.02085	0.01020	0.00781	0.00241	0.00849	0.00851	0.00574	0.06312

[dist]
# distance from previous block
# <min> <max>
14	64

[block]
# block no. 1 follows, 25 sequences, length 8
# corresponding to MSA columns:
# 132-136,138-140
name=unknown_B
#
# <colnr> <probs for GDERKNQSTAVLIFYWHMCP>
#	G	D	E	R	K	N	Q	S	T	A	V	L	I	F	Y	W	H	M	C	P
0	0.01674	0.06612	0.04774	0.11402	0.02425	0.03640	0.06508	0.08898	0.09188	0.02473	0.02391	0.12326	0.04262	0.11364	0.01234	0.00312	0.00804	0.00982	0.00539	0.08192
1	0.29757	0.01661	0.01630	0.19467	0.02581	0.10529	0.01265	0.06185	0.01601	0.02607	0.01362	0.01946	0.01153	0.06885	0.01131	0.07539	0.00854	0.00601	0.00439	0.00806
2	0.01240	0.00853	0.00980	0.00973	0.01034	0.00863	0.00606	0.06449	0.01412	0.01885	0.02783	0.19071	0.03185	0.51853	0.03055	0.00616	0.00696	0.01321	0.00548	0.00574
3	0.01648	0.01587	0.02319	0.40914	0.09632	0.07028	0.05842	0.05153	0.01771	0.02256	0.04469	0.08172	0.01789	0.00988	0.00811	0.00258	0.00974	0.03047	0.00442	0.00900
4	0.01752	0.01556	0.01835	0.01702	0.10543	0.04652	0.01162	0.06114	0.01781	0.02609	0.01622	0.06797	0.01452	0.00759	0.00649	0.00157	0.00670	0.00634	0.00486	0.53067
5	0.01348	0.01103	0.01382	0.01605	0.11626	0.01085	0.01032	0.04022	0.09146	0.02488	0.10120	0.05440	0.27968	0.07437	0.01121	0.00300	0.00572	0.06937	0.04435	0.00832
6	0.01760	0.01369	0.01638	0.01424	0.01679	0.01582	0.01117	0.19109	0.05901	0.02763	0.02409	0.03129	0.06567	0.13576	0.17509	0.00568	0.12482	0.00874	0.03659	0.00885
7	0.01795	0.01390	0.01528	0.11978	0.02202	0.06865	0.01165	0.02483	0.15331	0.12656	0.04346	0.04508	0.24054	0.01349	0.00839	0.00259	0.00682	0.04950	0.00687	0.00933

[dist]
# distance from previous block
# <min> <max>
0	2

[block]
# block no. 2 follows, 25 sequences, length 6
# corresponding to MSA columns:
# 143-148
name=unknown_C
#
# <colnr> <probs for GDERKNQSTAVLIFYWHMCP>
#	G	D	E	R	K	N	Q	S	T	A	V	L	I	F	Y	W	H	M	C	P
0	0.10747	0.11598	0.02415	0.09922	0.02530	0.01681	0.11958	0.02556	0.07681	0.15092	0.06378	0.05539	0.06669	0.00995	0.00755	0.00242	0.00781	0.00865	0.00597	0.00997
1	0.01708	0.01559	0.02650	0.09170	0.28016	0.01594	0.12397	0.02292	0.09453	0.02446	0.07745	0.02497	0.01916	0.01102	0.01130	0.11181	0.00873	0.00814	0.00467	0.00992
2	0.01383	0.01085	0.01383	0.12831	0.02016	0.01119	0.01046	0.10524	0.02201	0.02956	0.34412	0.04962	0.18192	0.01436	0.00872	0.00249	0.00553	0.01232	0.00728	0.00820
3	0.02233	0.01504	0.07699	0.01353	0.01812	0.01282	0.01134	0.02962	0.17149	0.26368	0.02691	0.03197	0.02140	0.19722	0.01597	0.00374	0.00714	0.00860	0.00710	0.04497
4	0.01981	0.02585	0.34394	0.01962	0.07903	0.01438	0.01990	0.02569	0.01822	0.19664	0.02922	0.02904	0.12474	0.00998	0.00781	0.00246	0.00873	0.00816	0.00564	0.01115
5	0.08085	0.01739	0.02991	0.02232	0.02777	0.01742	0.31455	0.09686	0.01824	0.02649	0.01656	0.02430	0.01429	0.12884	0.01458	0.00332	0.05920	0.00829	0.00460	0.07420

[dist]
# distance from previous block
# <min> <max>
7	29

[block]
# block no. 3 follows, 25 sequences, length 54
# corresponding to MSA columns:
# 178-231
name=unknown_D
#
# <colnr> <probs for GDERKNQSTAVLIFYWHMCP>
#	G	D	E	R	K	N	Q	S	T	A	V	L	I	F	Y	W	H	M	C	P
0	0.05835	0.08148	0.17186	0.10969	0.06350	0.05484	0.01757	0.13533	0.06411	0.05016	0.03924	0.04858	0.05357	0.00956	0.00745	0.00239	0.00883	0.00764	0.00528	0.01054
1	0.02022	0.06510	0.01943	0.05067	0.02181	0.01941	0.01275	0.03865	0.54332	0.07596	0.02917	0.02721	0.02175	0.01005	0.00768	0.00255	0.00653	0.00829	0.00747	0.01199
2	0.01395	0.00965	0.01165	0.01081	0.01345	0.00898	0.00812	0.07625	0.02041	0.07228	0.25652	0.21987	0.16866	0.01703	0.00891	0.00256	0.00471	0.01482	0.00771	0.05365
3	0.02658	0.05559	0.05486	0.01643	0.02237	0.02020	0.01400	0.29522	0.20590	0.17030	0.02400	0.02262	0.01698	0.00947	0.00764	0.00240	0.00761	0.00743	0.00772	0.01268
4	0.01761	0.04427	0.03829	0.07948	0.03617	0.04048	0.45624	0.02293	0.01731	0.02312	0.01704	0.07806	0.01468	0.00872	0.01023	0.00267	0.06931	0.00955	0.00409	0.00975
5	0.01123	0.00939	0.01119	0.01230	0.06547	0.00872	0.00826	0.01541	0.07202	0.02449	0.20288	0.09731	0.39835	0.01725	0.00897	0.00258	0.00451	0.01475	0.00729	0.00764
6	0.01919	0.01842	0.03147	0.04759	0.67914	0.01842	0.02380	0.02380	0.01765	0.02533	0.01458	0.01919	0.01228	0.00691	0.00768	0.00230	0.00921	0.00691	0.00384	0.01228
7	0.02059	0.01941	0.16989	0.07125	0.02422	0.01460	0.01548	0.02980	0.18377	0.20424	0.03355	0.03221	0.12542	0.01082	0.00794	0.00252	0.00746	0.00891	0.00682	0.01110
8	0.01798	0.17003	0.38390	0.02021	0.02901	0.02082	0.08266	0.07574	0.01792	0.02535	0.01429	0.01688	0.01084	0.00763	0.00769	0.00231	0.03722	0.00597	0.04268	0.01088
9	0.00940	0.00692	0.00882	0.01033	0.01112	0.00634	0.00699	0.01085	0.01529	0.01997	0.04838	0.62032	0.14977	0.02356	0.00978	0.00307	0.00441	0.02115	0.00720	0.00634
10	0.01228	0.01032	0.01288	0.01288	0.01438	0.06089	0.00987	0.01487	0.01338	0.01823	0.02199	0.08859	0.02142	0.05149	0.58613	0.01088	0.01886	0.00924	0.00440	0.00702
11	0.01822	0.14015	0.13882	0.02784	0.08205	0.02149	0.34494	0.02386	0.01693	0.02316	0.01401	0.01833	0.01106	0.00737	0.00963	0.00248	0.07808	0.00742	0.00367	0.01048
12	0.03095	0.01297	0.01843	0.01422	0.01986	0.01130	0.04511	0.03412	0.02172	0.57027	0.07404	0.03080	0.05862	0.01039	0.00803	0.00243	0.00661	0.00875	0.00909	0.01230
13	0.00993	0.00722	0.00938	0.01045	0.01147	0.00668	0.00734	0.01198	0.01694	0.02279	0.20014	0.47968	0.10799	0.02172	0.00969	0.00295	0.00436	0.04516	0.00752	0.00660
14	0.01788	0.06167	0.21617	0.03219	0.18168	0.01947	0.30840	0.02444	0.01750	0.02454	0.01471	0.01886	0.01126	0.00685	0.00812	0.00245	0.01152	0.00746	0.00370	0.01111
15	0.74401	0.05103	0.01287	0.01035	0.01524	0.01806	0.00864	0.02281	0.01332	0.03396	0.01080	0.01259	0.00848	0.00717	0.00481	0.00236	0.00611	0.00420	0.00472	0.00848
16	0.01033	0.00865	0.00925	0.00915	0.01170	0.00798	0.00689	0.01423	0.07749	0.02209	0.08889	0.09937	0.51330	0.02178	0.06064	0.00338	0.00542	0.01526	0.00708	0.00712
17	0.02896	0.03695	0.02197	0.01998	0.02397	0.69638	0.01498	0.03096	0.02197	0.01898	0.01199	0.01398	0.00999	0.00799	0.00699	0.00200	0.01398	0.00499	0.00400	0.00899
18	0.01487	0.01401	0.02367	0.67564	0.08485	0.01729	0.02165	0.02001	0.01561	0.02009	0.01382	0.02060	0.01043	0.00771	0.00775	0.00257	0.01028	0.00689	0.00347	0.00880
19	0.78228	0.01499	0.01140	0.01020	0.01499	0.01739	0.00840	0.02279	0.01320	0.03479	0.01080	0.01260	0.00840	0.00720	0.00480	0.00240	0.00600	0.00420	0.00480	0.00840
20	0.00942	0.00786	0.00822	0.00813	0.01063	0.00666	0.00610	0.01163	0.01829	0.02241	0.16435	0.07222	0.58928	0.01909	0.00916	0.00259	0.00389	0.01603	0.00739	0.00666
21	0.01128	0.00752	0.00846	0.00846	0.00846	0.00752	0.00470	0.01128	0.01128	0.01503	0.02443	0.05074	0.02819	0.72751	0.03946	0.00752	0.00752	0.01128	0.00470	0.00470
22	0.78228	0.01499	0.01140	0.01020	0.01499	0.01739	0.00840	0.02279	0.01320	0.03479	0.01080	0.01260	0.00840	0.00720	0.00480	0.00240	0.00600	0.00420	0.00480	0.00840
23	0.01204	0.00854	0.01081	0.01051	0.01268	0.00799	0.00821	0.01601	0.04196	0.05129	0.44029	0.06303	0.15834	0.01691	0.00930	0.00265	0.00443	0.10935	0.00813	0.00754
24	0.01981	0.01661	0.02068	0.02009	0.14574	0.01556	0.01342	0.15814	0.07441	0.03094	0.01644	0.01828	0.01301	0.00712	0.00672	0.00174	0.00703	0.00589	0.00540	0.40297
25	0.02853	0.02101	0.02267	0.01764	0.02360	0.02321	0.01461	0.61803	0.03543	0.04745	0.01986	0.02242	0.01493	0.00998	0.00792	0.00240	0.00846	0.04129	0.00772	0.01285
26	0.02472	0.17436	0.23851	0.01680	0.02449	0.01871	0.01771	0.06277	0.01936	0.27403	0.01968	0.01947	0.01359	0.00838	0.00768	0.00229	0.03345	0.00628	0.00592	0.01179
27	0.01899	0.01962	0.06776	0.04618	0.64342	0.01840	0.02406	0.02384	0.01758	0.02529	0.01455	0.01903	0.01215	0.00693	0.00766	0.00231	0.00934	0.00684	0.00381	0.01224
28	0.01919	0.01842	0.03147	0.04759	0.67914	0.01842	0.02380	0.02380	0.01765	0.02533	0.01458	0.01919	0.01228	0.00691	0.00768	0.00230	0.00921	0.00691	0.00384	0.01228
29	0.02578	0.01844	0.02079	0.07360	0.02445	0.02032	0.01394	0.39282	0.14090	0.10467	0.02371	0.02414	0.03657	0.03308	0.00886	0.00259	0.00790	0.00780	0.00749	0.01217
30	0.01583	0.07720	0.65267	0.02163	0.03283	0.01869	0.02782	0.02448	0.01634	0.02422	0.01375	0.01616	0.00983	0.00733	0.00724	0.00241	0.01129	0.00564	0.00328	0.01138
31	0.00916	0.00785	0.00785	0.00785	0.01047	0.00655	0.00589	0.01113	0.01767	0.02095	0.07855	0.07462	0.67599	0.01964	0.00916	0.00262	0.00393	0.01636	0.00720	0.00655
32	0.01557	0.03819	0.63577	0.04832	0.03380	0.01820	0.02791	0.02414	0.01616	0.02414	0.01376	0.01656	0.00986	0.00763	0.00809	0.00250	0.03906	0.00582	0.00329	0.01123
33	0.27975	0.17162	0.10983	0.03972	0.02181	0.02027	0.01387	0.10776	0.01864	0.12882	0.01531	0.01622	0.01124	0.00776	0.00612	0.00225	0.00779	0.00539	0.00534	0.01049
34	0.00968	0.00691	0.00926	0.01106	0.01161	0.00649	0.00759	0.01119	0.01507	0.02005	0.04261	0.67484	0.05078	0.02408	0.00996	0.00318	0.00470	0.06740	0.00719	0.00636
35	0.01097	0.00793	0.01036	0.00975	0.01158	0.00732	0.00732	0.01463	0.02195	0.03109	0.67505	0.05792	0.07316	0.01585	0.00914	0.00244	0.00366	0.01402	0.00854	0.00732
36	0.01805	0.02110	0.11968	0.09410	0.40841	0.04257	0.07357	0.02328	0.01753	0.02432	0.01661	0.02452	0.01433	0.00825	0.00798	0.00247	0.00993	0.05812	0.00401	0.01117
37	0.01353	0.01529	0.07994	0.02049	0.02494	0.01267	0.27005	0.01764	0.01648	0.02228	0.03075	0.35472	0.05574	0.01551	0.00936	0.00285	0.00853	0.01525	0.00554	0.00842
38	0.00945	0.00675	0.00900	0.01080	0.01125	0.00630	0.00720	0.01080	0.01484	0.01979	0.04274	0.72245	0.05128	0.02429	0.00990	0.00315	0.00450	0.02204	0.00720	0.00630
39	0.01555	0.04011	0.68733	0.02210	0.03356	0.01801	0.02865	0.02455	0.01637	0.02455	0.01391	0.01637	0.00982	0.00737	0.00737	0.00246	0.01146	0.00573	0.00327	0.01146
40	0.02764	0.01882	0.02041	0.01590	0.02142	0.02045	0.01305	0.50629	0.03222	0.09840	0.02062	0.02082	0.01469	0.00929	0.00741	0.00225	0.00763	0.00709	0.12332	0.01229
41	0.01709	0.01839	0.03226	0.10929	0.03345	0.07321	0.34433	0.02155	0.01690	0.02206	0.01879	0.12917	0.01749	0.01080	0.01102	0.02492	0.07563	0.01025	0.00431	0.00908
42	0.02896	0.03695	0.02197	0.01998	0.02397	0.69638	0.01498	0.03096	0.02197	0.01898	0.01199	0.01398	0.00999	0.00799	0.00699	0.00200	0.01398	0.00499	0.00400	0.00899
43	0.01608	0.01378	0.01608	0.01148	0.01837	0.01034	0.00919	0.01952	0.01608	0.02527	0.01378	0.01608	0.01148	0.00574	0.00574	0.00115	0.00574	0.00459	0.00459	0.77491
44	0.02001	0.01818	0.01787	0.01609	0.02045	0.07005	0.01248	0.04043	0.61691	0.03143	0.03009	0.02781	0.02264	0.01033	0.00782	0.00258	0.00672	0.00848	0.00760	0.01203
45	0.01762	0.01401	0.01626	0.01191	0.01827	0.01133	0.00945	0.07211	0.01770	0.05253	0.01552	0.01890	0.01299	0.05221	0.00814	0.00170	0.00612	0.00534	0.00506	0.63282
46	0.01853	0.22760	0.25699	0.01762	0.02420	0.11151	0.01855	0.02321	0.01614	0.02109	0.01350	0.01678	0.01119	0.01209	0.06406	0.00304	0.08649	0.00558	0.04202	0.00981
47	0.01608	0.01378	0.01608	0.01148	0.01837	0.01034	0.00919	0.01952	0.01608	0.02527	0.01378	0.01608	0.01148	0.00574	0.00574	0.00115	0.00574	0.00459	0.00459	0.77491
48	0.01814	0.01555	0.01651	0.01511	0.01911	0.01779	0.01164	0.03770	0.59014	0.03101	0.03402	0.08776	0.04734	0.01196	0.00810	0.00267	0.00593	0.01011	0.00781	0.01159
49	0.13214	0.01230	0.01687	0.01469	0.01803	0.01237	0.09614	0.09265	0.01869	0.08208	0.07226	0.33506	0.03372	0.01575	0.00855	0.00276	0.00648	0.01410	0.00674	0.00863
50	0.02498	0.08666	0.17822	0.02058	0.04882	0.35494	0.01829	0.13092	0.02244	0.02535	0.01352	0.01536	0.01055	0.00792	0.00708	0.00214	0.01191	0.00549	0.00439	0.01044
51	0.00945	0.00675	0.00900	0.01080	0.01125	0.00630	0.00720	0.01080	0.01484	0.01979	0.04274	0.72245	0.05128	0.02429	0.00990	0.00315	0.00450	0.02204	0.00720	0.00630
52	0.05886	0.52314	0.16346	0.01519	0.02252	0.06438	0.01610	0.02388	0.01609	0.02035	0.01145	0.01329	0.00985	0.00688	0.00554	0.00187	0.00910	0.00450	0.00342	0.01011
53	0.01964	0.01934	0.02942	0.04289	0.57673	0.06889	0.02222	0.02467	0.04283	0.02504	0.01616	0.02206	0.01391	0.00774	0.00776	0.00235	0.00936	0.03302	0.00414	0.01182

[dist]
# distance from previous block
# <min> <max>
0	35

[block]
# block no. 4 follows, 25 sequences, length 58
# corresponding to MSA columns:
# 267-324
name=unknown_E
#
# <colnr> <probs for GDERKNQSTAVLIFYWHMCP>
#	G	D	E	R	K	N	Q	S	T	A	V	L	I	F	Y	W	H	M	C	P
0	0.01063	0.00791	0.00993	0.00965	0.01157	0.00720	0.00729	0.01387	0.02063	0.02829	0.50312	0.09022	0.18712	0.01720	0.00926	0.00256	0.00391	0.04438	0.00815	0.00712
1	0.38359	0.10562	0.01838	0.01273	0.01815	0.05671	0.01071	0.08076	0.01836	0.20434	0.01674	0.01680	0.01193	0.00798	0.00599	0.00228	0.00711	0.00542	0.00608	0.01030
2	0.78228	0.01499	0.01140	0.01020	0.01499	0.01739	0.00840	0.02279	0.01320	0.03479	0.01080	0.01260	0.00840	0.00720	0.00480	0.00240	0.00600	0.00420	0.00480	0.00840
3	0.01717	0.01176	0.01060	0.00994	0.01221	0.08351	0.00748	0.06480	0.04007	0.02788	0.02244	0.02604	0.01783	0.01073	0.00826	0.07688	0.00548	0.00697	0.53231	0.00764
4	0.01347	0.00673	0.01010	0.01010	0.01010	0.00673	0.00673	0.01010	0.01010	0.01347	0.01347	0.02357	0.01347	0.02694	0.03030	0.77441	0.00673	0.00673	0.00337	0.00337
5	0.01847	0.01768	0.03016	0.15289	0.57950	0.01823	0.02344	0.02316	0.01731	0.02445	0.01446	0.01943	0.01197	0.00704	0.00769	0.00235	0.00939	0.00691	0.00378	0.01170
6	0.00945	0.00675	0.00900	0.01080	0.01125	0.00630	0.00720	0.01080	0.01484	0.01979	0.04274	0.72245	0.05128	0.02429	0.00990	0.00315	0.00450	0.02204	0.00720	0.00630
7	0.00996	0.00775	0.00905	0.00901	0.01104	0.00684	0.00665	0.01256	0.01913	0.02508	0.32552	0.14659	0.34580	0.01861	0.00925	0.00261	0.00388	0.01607	0.00776	0.00684
8	0.01108	0.00831	0.01246	0.01246	0.01385	0.00969	0.00969	0.01385	0.01246	0.01800	0.02077	0.03046	0.01938	0.05815	0.69678	0.01246	0.02077	0.00831	0.00415	0.00692
9	0.02947	0.02172	0.02327	0.01784	0.02404	0.02404	0.01474	0.65329	0.03646	0.04887	0.01862	0.01862	0.01319	0.00931	0.00776	0.00233	0.00853	0.00698	0.00776	0.01319
10	0.01929	0.01666	0.01753	0.01578	0.02016	0.01929	0.01227	0.04120	0.66513	0.03243	0.03156	0.02893	0.02367	0.01052	0.00789	0.00263	0.00614	0.00877	0.00789	0.01227
11	0.00916	0.00785	0.00785	0.00785	0.01047	0.00655	0.00589	0.01113	0.01767	0.02095	0.07855	0.07462	0.67599	0.01964	0.00916	0.00262	0.00393	0.01636	0.00720	0.00655
12	0.02177	0.01787	0.01929	0.04598	0.02261	0.02045	0.01332	0.20142	0.47183	0.03622	0.02739	0.02586	0.02034	0.01008	0.00785	0.00255	0.00695	0.00822	0.00766	0.01236
13	0.00951	0.00787	0.00834	0.00822	0.01069	0.00669	0.00617	0.01180	0.01850	0.02290	0.19357	0.07140	0.55975	0.01891	0.00916	0.00258	0.00388	0.01591	0.00746	0.00669
14	0.00945	0.00675	0.00900	0.01080	0.01125	0.00630	0.00720	0.01080	0.01484	0.01979	0.04274	0.72245	0.05128	0.02429	0.00990	0.00315	0.00450	0.02204	0.00720	0.00630
15	0.78228	0.01499	0.01140	0.01020	0.01499	0.01739	0.00840	0.02279	0.01320	0.03479	0.01080	0.01260	0.00840	0.00720	0.00480	0.00240	0.00600	0.00420	0.00480	0.00840
16	0.02947	0.02172	0.02327	0.01784	0.02404	0.02404	0.01474	0.65329	0.03646	0.04887	0.01862	0.01862	0.01319	0.00931	0.00776	0.00233	0.00853	0.00698	0.00776	0.01319
17	0.01869	0.01791	0.03057	0.12037	0.61028	0.01829	0.02355	0.02336	0.01742	0.02472	0.01450	0.01935	0.01207	0.00700	0.00768	0.00233	0.00934	0.00691	0.00379	0.01188
18	0.01464	0.01378	0.02326	0.70887	0.05340	0.01723	0.02153	0.01981	0.01550	0.01981	0.01378	0.02067	0.01034	0.00775	0.00775	0.00258	0.01034	0.00689	0.00345	0.00861
19	0.01929	0.01666	0.01753	0.01578	0.02016	0.01929	0.01227	0.04120	0.66513	0.03243	0.03156	0.02893	0.02367	0.01052	0.00789	0.00263	0.00614	0.00877	0.00789	0.01227
20	0.01919	0.01842	0.03147	0.04759	0.67914	0.01842	0.02380	0.02380	0.01765	0.02533	0.01458	0.01919	0.01228	0.00691	0.00768	0.00230	0.00921	0.00691	0.00384	0.01228
21	0.00945	0.00675	0.00900	0.01080	0.01125	0.00630	0.00720	0.01080	0.01484	0.01979	0.04274	0.72245	0.05128	0.02429	0.00990	0.00315	0.00450	0.02204	0.00720	0.00630
22	0.78228	0.01499	0.01140	0.01020	0.01499	0.01739	0.00840	0.02279	0.01320	0.03479	0.01080	0.01260	0.00840	0.00720	0.00480	0.00240	0.00600	0.00420	0.00480	0.00840
23	0.00945	0.00675	0.00900	0.01080	0.01125	0.00630	0.00720	0.01080	0.01484	0.01979	0.04274	0.72245	0.05128	0.02429	0.00990	0.00315	0.00450	0.02204	0.00720	0.00630
24	0.01464	0.01378	0.02326	0.70887	0.05340	0.01723	0.02153	0.01981	0.01550	0.01981	0.01378	0.02067	0.01034	0.00775	0.00775	0.00258	0.01034	0.00689	0.00345	0.00861
25	0.02120	0.69257	0.03957	0.01365	0.02013	0.06860	0.01336	0.02366	0.01611	0.01828	0.01085	0.01253	0.00995	0.00671	0.00509	0.00168	0.00862	0.00419	0.00336	0.00990
26	0.01128	0.00752	0.00846	0.00846	0.00846	0.00752	0.00470	0.01128	0.01128	0.01503	0.02443	0.05074	0.02819	0.72751	0.03946	0.00752	0.00752	0.01128	0.00470	0.00470
27	0.00959	0.00787	0.00845	0.00830	0.01073	0.00673	0.00623	0.01195	0.01868	0.02333	0.21891	0.07069	0.53414	0.01875	0.00916	0.00258	0.00386	0.01581	0.00751	0.00673
28	0.02656	0.02109	0.02118	0.01722	0.02267	0.07864	0.01386	0.38788	0.22621	0.06871	0.02252	0.02170	0.01637	0.00958	0.00773	0.00239	0.00818	0.00739	0.00756	0.01255
29	0.00945	0.00675	0.00900	0.01080	0.01125	0.00630	0.00720	0.01080	0.01484	0.01979	0.04274	0.72245	0.05128	0.02429	0.00990	0.00315	0.00450	0.02204	0.00720	0.00630
30	0.68670	0.07481	0.01412	0.01061	0.01561	0.01825	0.00893	0.02347	0.01379	0.06121	0.01164	0.01317	0.00899	0.00725	0.00494	0.00234	0.00622	0.00435	0.00488	0.00873
31	0.02044	0.61671	0.11976	0.01465	0.02176	0.05777	0.01524	0.02372	0.01610	0.01905	0.01122	0.01299	0.00994	0.00678	0.00536	0.00177	0.00893	0.00438	0.00334	0.01010
32	0.01053	0.00720	0.00868	0.00941	0.00959	0.00702	0.00572	0.01108	0.01273	0.01697	0.03188	0.32403	0.03758	0.44140	0.02743	0.00574	0.00629	0.01566	0.00572	0.00535
33	0.01038	0.00733	0.00957	0.01041	0.01091	0.00741	0.00693	0.01160	0.01320	0.01789	0.03219	0.35983	0.03708	0.25593	0.16653	0.00654	0.00895	0.01566	0.00575	0.00592
34	0.01830	0.02092	0.04575	0.03268	0.04052	0.01961	0.65098	0.02484	0.01830	0.02484	0.01569	0.02092	0.01176	0.00654	0.00915	0.00261	0.01307	0.00915	0.00392	0.01046
35	0.02026	0.02374	0.04917	0.01766	0.02201	0.27577	0.08400	0.04686	0.09750	0.02304	0.03292	0.03326	0.19127	0.01150	0.00867	0.00239	0.03634	0.00914	0.00539	0.00912
36	0.00916	0.00785	0.00785	0.00785	0.01047	0.00655	0.00589	0.01113	0.01767	0.02095	0.07855	0.07462	0.67599	0.01964	0.00916	0.00262	0.00393	0.01636	0.00720	0.00655
37	0.02073	0.66843	0.03839	0.01339	0.01962	0.06183	0.01299	0.02309	0.01587	0.01814	0.01141	0.01411	0.01071	0.03675	0.00651	0.00192	0.00853	0.00448	0.00341	0.00968
38	0.01074	0.00866	0.00965	0.00927	0.01174	0.00796	0.00699	0.01510	0.07648	0.02576	0.29773	0.06433	0.39265	0.01741	0.00904	0.00255	0.00402	0.01482	0.00776	0.00734
39	0.02874	0.01811	0.08392	0.01557	0.02176	0.01586	0.01379	0.22433	0.04804	0.34708	0.07971	0.02577	0.02114	0.00985	0.00786	0.00239	0.00740	0.00790	0.00827	0.01250
40	0.01772	0.02643	0.25743	0.03499	0.29058	0.01860	0.19228	0.02433	0.01739	0.02494	0.01465	0.01869	0.01131	0.00696	0.00796	0.00244	0.01100	0.00711	0.00367	0.01152
41	0.58557	0.01589	0.01397	0.01179	0.01693	0.01785	0.00972	0.12530	0.01784	0.10323	0.01406	0.01496	0.01026	0.00778	0.00558	0.00239	0.00646	0.00501	0.00576	0.00965
42	0.01915	0.01854	0.03216	0.04687	0.64833	0.01848	0.05405	0.02385	0.01769	0.02531	0.01464	0.01927	0.01226	0.00689	0.00775	0.00232	0.00940	0.00702	0.00384	0.01219
43	0.03180	0.01386	0.01790	0.01418	0.01986	0.01292	0.01157	0.03845	0.14617	0.55877	0.03078	0.02688	0.02006	0.00977	0.00782	0.00244	0.00651	0.00798	0.00927	0.01302
44	0.01089	0.00792	0.01025	0.00967	0.01153	0.00728	0.00725	0.01447	0.02176	0.03064	0.64827	0.05867	0.10022	0.01602	0.00915	0.00245	0.00367	0.01413	0.00848	0.00728
45	0.02587	0.03195	0.02176	0.01957	0.02274	0.53953	0.01501	0.02781	0.01986	0.01899	0.01426	0.01694	0.03623	0.00952	0.01064	0.00229	0.14844	0.00579	0.00400	0.00879
46	0.01102	0.00801	0.01044	0.01005	0.01191	0.00742	0.00769	0.01460	0.02142	0.03000	0.59677	0.06109	0.09639	0.01648	0.00928	0.00254	0.00396	0.06530	0.00836	0.00727
47	0.00922	0.00764	0.00807	0.00842	0.01062	0.00650	0.00614	0.01106	0.01713	0.02072	0.07164	0.19954	0.55553	0.02053	0.00931	0.00272	0.00404	0.01746	0.00720	0.00650
48	0.01945	0.02109	0.07655	0.04213	0.55201	0.07348	0.02295	0.02411	0.01793	0.02467	0.01543	0.02141	0.01327	0.00763	0.00772	0.00234	0.00968	0.03248	0.00395	0.01174
49	0.01128	0.00752	0.00846	0.00846	0.00846	0.00752	0.00470	0.01128	0.01128	0.01503	0.02443	0.05074	0.02819	0.72751	0.03946	0.00752	0.00752	0.01128	0.00470	0.00470
50	0.02707	0.20195	0.02669	0.01799	0.02300	0.42072	0.01453	0.13570	0.02295	0.02392	0.01283	0.01440	0.01053	0.00789	0.00664	0.00197	0.01168	0.00513	0.00448	0.00994
51	0.02263	0.01051	0.01410	0.01173	0.01560	0.00931	0.00931	0.02597	0.02207	0.35096	0.35957	0.04248	0.04674	0.01279	0.00849	0.00242	0.00510	0.01097	0.00905	0.01019
52	0.01501	0.01416	0.02393	0.65473	0.10463	0.01732	0.02172	0.02014	0.01568	0.02026	0.01385	0.02055	0.01050	0.00768	0.00775	0.00256	0.01024	0.00689	0.00348	0.00891
53	0.74841	0.01491	0.01169	0.01036	0.01521	0.01712	0.00853	0.02347	0.01360	0.06423	0.01169	0.01322	0.00889	0.00731	0.00493	0.00240	0.00603	0.00436	0.00502	0.00861
54	0.00955	0.00679	0.00897	0.01066	0.01109	0.00637	0.00706	0.01082	0.01464	0.01952	0.04169	0.68418	0.04997	0.06435	0.01158	0.00340	0.00467	0.02143	0.00706	0.00621
55	0.02873	0.03152	0.02275	0.02042	0.05026	0.46202	0.01526	0.22244	0.02626	0.02844	0.01413	0.01562	0.01107	0.00835	0.00725	0.00211	0.01211	0.00568	0.00515	0.01041
56	0.00976	0.00692	0.00909	0.01070	0.01116	0.00653	0.00716	0.01106	0.01461	0.01945	0.04080	0.62756	0.04865	0.09580	0.01294	0.00361	0.00492	0.04616	0.00694	0.00617
57	0.01008	0.00732	0.00954	0.01082	0.01117	0.00726	0.00720	0.01122	0.01412	0.01895	0.03827	0.57984	0.04565	0.14120	0.01550	0.00389	0.03564	0.01959	0.00662	0.00613

[dist]
# distance from previous block
# <min> <max>
0	1

[block]
# block no. 5 follows, 25 sequences, length 57
# corresponding to MSA columns:
# 326-340,370-411
name=unknown_F
#
# <colnr> <probs for GDERKNQSTAVLIFYWHMCP>
#	G	D	E	R	K	N	Q	S	T	A	V	L	I	F	Y	W	H	M	C	P
0	0.78228	0.01499	0.01140	0.01020	0.01499	0.01739	0.00840	0.02279	0.01320	0.03479	0.01080	0.01260	0.00840	0.00720	0.00480	0.00240	0.00600	0.00420	0.00480	0.00840
1	0.01715	0.02730	0.29020	0.07795	0.13688	0.01862	0.23925	0.02493	0.04555	0.02478	0.01539	0.01921	0.01151	0.00718	0.00807	0.00250	0.01135	0.00730	0.00380	0.01108
2	0.00981	0.00690	0.00889	0.01033	0.01069	0.00654	0.00670	0.01089	0.01413	0.01884	0.03908	0.58836	0.04667	0.16467	0.01580	0.00402	0.00510	0.01989	0.00670	0.00598
3	0.01777	0.01559	0.02052	0.30198	0.06051	0.01827	0.01649	0.07890	0.29613	0.02780	0.02441	0.02614	0.04289	0.00950	0.00786	0.00257	0.00809	0.00808	0.00586	0.01061
4	0.00916	0.00785	0.00785	0.00785	0.01047	0.00655	0.00589	0.01113	0.01767	0.02095	0.07855	0.07462	0.67599	0.01964	0.00916	0.00262	0.00393	0.01636	0.00720	0.00655
5	0.01477	0.03052	0.46059	0.02032	0.02914	0.01567	0.08941	0.02225	0.01788	0.02612	0.16932	0.02660	0.02490	0.00927	0.00797	0.00247	0.00980	0.00804	0.00458	0.01038
6	0.03326	0.01400	0.01829	0.01420	0.02009	0.01280	0.01167	0.07685	0.07254	0.59429	0.02991	0.02610	0.01916	0.00965	0.00780	0.00241	0.00668	0.00782	0.00935	0.01312
7	0.02754	0.02128	0.02190	0.01722	0.02298	0.05493	0.01406	0.54165	0.08080	0.04462	0.02269	0.02237	0.05188	0.00993	0.00781	0.00235	0.00835	0.00756	0.00755	0.01254
8	0.01128	0.00752	0.00846	0.00846	0.00846	0.00752	0.00470	0.01128	0.01128	0.01503	0.02443	0.05074	0.02819	0.72751	0.03946	0.00752	0.00752	0.01128	0.00470	0.00470
9	0.01935	0.01827	0.03070	0.11074	0.55084	0.01870	0.04748	0.06312	0.01865	0.02625	0.01480	0.01937	0.01213	0.00713	0.00775	0.00234	0.00943	0.00700	0.00405	0.01190
10	0.01040	0.00897	0.01075	0.01056	0.03556	0.00771	0.02980	0.01292	0.01820	0.02282	0.15237	0.06582	0.51665	0.01757	0.00895	0.00252	0.00448	0.01492	0.00703	0.04201
11	0.03045	0.01413	0.01786	0.01399	0.01952	0.01331	0.01147	0.15181	0.02407	0.47466	0.03206	0.02932	0.07565	0.01263	0.03931	0.00286	0.00738	0.00842	0.00879	0.01232
12	0.02947	0.02172	0.02327	0.01784	0.02404	0.02404	0.01474	0.65329	0.03646	0.04887	0.01862	0.01862	0.01319	0.00931	0.00776	0.00233	0.00853	0.00698	0.00776	0.01319
13	0.01887	0.01875	0.05225	0.04191	0.56288	0.01797	0.02213	0.02493	0.06872	0.02586	0.01585	0.01967	0.01305	0.00714	0.00756	0.00226	0.00883	0.00687	0.00419	0.06033
14	0.02818	0.02107	0.02254	0.01758	0.02355	0.02344	0.01442	0.57553	0.11632	0.04678	0.02026	0.01993	0.01452	0.00946	0.00777	0.00237	0.00823	0.00721	0.00777	0.01307
15	0.01719	0.01516	0.02302	0.57084	0.04738	0.01839	0.02008	0.12114	0.04549	0.02494	0.01528	0.02068	0.01134	0.00811	0.00776	0.00255	0.00988	0.00698	0.00431	0.00949
16	0.01097	0.00793	0.01036	0.00975	0.01158	0.00732	0.00732	0.01463	0.02195	0.03109	0.67505	0.05792	0.07316	0.01585	0.00914	0.00244	0.00366	0.01402	0.00854	0.00732
17	0.02001	0.52319	0.19379	0.01580	0.02342	0.06962	0.01705	0.02402	0.01629	0.01979	0.01160	0.01347	0.00992	0.00689	0.00567	0.00187	0.00941	0.00458	0.00335	0.01025
18	0.00930	0.00786	0.00805	0.00800	0.01056	0.00660	0.00600	0.01140	0.01800	0.02173	0.12442	0.07334	0.62963	0.01935	0.00916	0.00260	0.00391	0.01618	0.00730	0.00660
19	0.02261	0.01958	0.02138	0.05322	0.13931	0.10194	0.01487	0.20054	0.17448	0.05139	0.02092	0.02455	0.01685	0.09054	0.01128	0.00296	0.00867	0.00765	0.00614	0.01112
20	0.01109	0.00824	0.01214	0.01214	0.01342	0.00952	0.00930	0.01364	0.01237	0.01776	0.02106	0.03206	0.02008	0.11109	0.64480	0.01207	0.01972	0.00854	0.00420	0.00675
21	0.02061	0.38071	0.21669	0.04366	0.02576	0.15210	0.01819	0.02492	0.01709	0.02020	0.01200	0.01414	0.00994	0.00714	0.00613	0.00198	0.01033	0.00485	0.00344	0.01014
22	0.02738	0.02891	0.02304	0.02133	0.07515	0.37153	0.01559	0.22578	0.05131	0.02939	0.01496	0.01659	0.01173	0.00870	0.00823	0.00222	0.04619	0.00601	0.00529	0.01067
23	0.02947	0.02172	0.02327	0.01784	0.02404	0.02404	0.01474	0.65329	0.03646	0.04887	0.01862	0.01862	0.01319	0.00931	0.00776	0.00233	0.00853	0.00698	0.00776	0.01319
24	0.06279	0.01717	0.04182	0.07683	0.02342	0.01899	0.01379	0.06287	0.44312	0.06850	0.02624	0.02549	0.01959	0.01007	0.00878	0.00263	0.05139	0.00798	0.00697	0.01156
25	0.00930	0.00786	0.00805	0.00800	0.01056	0.00660	0.00600	0.01140	0.01800	0.02173	0.12442	0.07334	0.62963	0.01935	0.00916	0.00260	0.00391	0.01618	0.00730	0.00660
26	0.01822	0.01579	0.01818	0.01871	0.09301	0.01771	0.01312	0.03579	0.51026	0.03069	0.05755	0.03362	0.05136	0.01121	0.00810	0.00263	0.00634	0.03871	0.00740	0.01160
27	0.01608	0.01378	0.01608	0.01148	0.01837	0.01034	0.00919	0.01952	0.01608	0.02527	0.01378	0.01608	0.01148	0.00574	0.00574	0.00115	0.00574	0.00459	0.00459	0.77491
28	0.02001	0.53177	0.12405	0.01475	0.02148	0.08097	0.01505	0.02341	0.01678	0.02006	0.05826	0.01631	0.01440	0.00749	0.00575	0.00185	0.00885	0.00513	0.00373	0.00989
29	0.01834	0.02081	0.04517	0.03329	0.06646	0.01956	0.62551	0.02479	0.01827	0.02486	0.01564	0.02084	0.01179	0.00655	0.00909	0.00260	0.01292	0.00906	0.00392	0.01053
30	0.00945	0.00675	0.00900	0.01080	0.01125	0.00630	0.00720	0.01080	0.01484	0.01979	0.04274	0.72245	0.05128	0.02429	0.00990	0.00315	0.00450	0.02204	0.00720	0.00630
31	0.01226	0.00876	0.01223	0.01401	0.01569	0.00872	0.01209	0.01566	0.01762	0.02294	0.04118	0.13630	0.04514	0.02164	0.01065	0.00354	0.00694	0.58043	0.00714	0.00707
32	0.02763	0.03469	0.02193	0.02086	0.05333	0.63150	0.01512	0.02979	0.02131	0.01922	0.01254	0.01504	0.01056	0.01042	0.04116	0.00253	0.01410	0.00525	0.00400	0.00904
33	0.01070	0.00794	0.01010	0.01045	0.01223	0.00734	0.00807	0.01367	0.01923	0.02581	0.33457	0.16373	0.18449	0.01897	0.00958	0.00281	0.00455	0.14098	0.00779	0.00698
34	0.01128	0.00752	0.00846	0.00846	0.00846	0.00752	0.00470	0.01128	0.01128	0.01503	0.02443	0.05074	0.02819	0.72751	0.03946	0.00752	0.00752	0.01128	0.00470	0.00470
35	0.01817	0.01615	0.02802	0.42203	0.10194	0.01795	0.14281	0.07099	0.01827	0.06541	0.01565	0.02079	0.01156	0.00768	0.00802	0.00253	0.01039	0.00740	0.00429	0.00994
36	0.01961	0.01953	0.03208	0.04510	0.59853	0.05206	0.07068	0.02423	0.01792	0.02498	0.01454	0.01906	0.01213	0.00693	0.00775	0.00231	0.00974	0.00698	0.00385	0.01198
37	0.02896	0.03695	0.02197	0.01998	0.02397	0.69638	0.01498	0.03096	0.02197	0.01898	0.01199	0.01398	0.00999	0.00799	0.00699	0.00200	0.01398	0.00499	0.00400	0.00899
38	0.01136	0.00843	0.01247	0.01282	0.01429	0.00954	0.01025	0.01429	0.01354	0.01904	0.02482	0.04184	0.02442	0.05082	0.55982	0.01069	0.01805	0.13181	0.00475	0.00697
39	0.07007	0.53719	0.03485	0.01453	0.02034	0.14867	0.01340	0.02441	0.01657	0.01943	0.01097	0.01288	0.00987	0.00716	0.00605	0.00183	0.03423	0.00439	0.00353	0.00963
40	0.00992	0.00730	0.00934	0.01069	0.01156	0.00689	0.00730	0.01228	0.04054	0.02123	0.09362	0.59616	0.09876	0.02277	0.00971	0.00303	0.00445	0.02049	0.00733	0.00662
41	0.00945	0.00675	0.00900	0.01080	0.01125	0.00630	0.00720	0.01080	0.01484	0.01979	0.04274	0.72245	0.05128	0.02429	0.00990	0.00315	0.00450	0.02204	0.00720	0.00630
42	0.00945	0.00675	0.00900	0.01080	0.01125	0.00630	0.00720	0.01080	0.01484	0.01979	0.04274	0.72245	0.05128	0.02429	0.00990	0.00315	0.00450	0.02204	0.00720	0.00630
43	0.58304	0.05001	0.01479	0.01191	0.01687	0.08536	0.00977	0.05167	0.01587	0.08303	0.01277	0.01404	0.00966	0.00753	0.00538	0.00232	0.00705	0.00467	0.00515	0.00910
44	0.00916	0.00785	0.00785	0.00785	0.01047	0.00655	0.00589	0.01113	0.01767	0.02095	0.07855	0.07462	0.67599	0.01964	0.00916	0.00262	0.00393	0.01636	0.00720	0.00655
45	0.01128	0.00752	0.00846	0.00846	0.00846	0.00752	0.00470	0.01128	0.01128	0.01503	0.02443	0.05074	0.02819	0.72751	0.03946	0.00752	0.00752	0.01128	0.00470	0.00470
46	0.02854	0.03607	0.02178	0.01979	0.02380	0.66676	0.01486	0.03141	0.05011	0.01957	0.01284	0.01464	0.01059	0.00810	0.00703	0.00203	0.01364	0.00516	0.00417	0.00913
47	0.01557	0.01324	0.01553	0.01143	0.01783	0.01003	0.00903	0.01885	0.01598	0.02484	0.01601	0.07040	0.01455	0.00717	0.00606	0.00130	0.00565	0.00594	0.00479	0.71579
48	0.01630	0.11174	0.57215	0.02194	0.03263	0.01946	0.07255	0.02443	0.01645	0.02391	0.01371	0.01629	0.00998	0.00723	0.00724	0.00238	0.01124	0.00581	0.00333	0.01123
49	0.78228	0.01499	0.01140	0.01020	0.01499	0.01739	0.00840	0.02279	0.01320	0.03479	0.01080	0.01260	0.00840	0.00720	0.00480	0.00240	0.00600	0.00420	0.00480	0.00840
50	0.01267	0.00674	0.00988	0.01024	0.01033	0.00665	0.00683	0.01024	0.01105	0.01473	0.01931	0.16308	0.02102	0.02641	0.02623	0.62045	0.00629	0.00979	0.00413	0.00395
51	0.00981	0.00690	0.00889	0.01033	0.01069	0.00654	0.00670	0.01089	0.01413	0.01884	0.03908	0.58836	0.04667	0.16467	0.01580	0.00402	0.00510	0.01989	0.00670	0.00598
52	0.01575	0.06711	0.66210	0.02175	0.03303	0.01850	0.02805	0.02450	0.01635	0.02431	0.01379	0.01622	0.00983	0.00734	0.00727	0.00242	0.01134	0.00567	0.00328	0.01140
53	0.00918	0.00780	0.00791	0.00800	0.01051	0.00653	0.00596	0.01111	0.01753	0.02089	0.07677	0.10668	0.64508	0.01987	0.00920	0.00264	0.00396	0.01664	0.00720	0.00653
54	0.02213	0.01807	0.01914	0.01636	0.02125	0.02062	0.01296	0.21237	0.48932	0.03703	0.02794	0.02604	0.02074	0.01018	0.00785	0.00255	0.00681	0.00827	0.00785	0.01253
55	0.01108	0.00831	0.01246	0.01246	0.01385	0.00969	0.00969	0.01385	0.01246	0.01800	0.02077	0.03046	0.01938	0.05815	0.69678	0.01246	0.02077	0.00831	0.00415	0.00692
56	0.01099	0.00829	0.01042	0.01006	0.01219	0.00732	0.00737	0.01382	0.01887	0.02628	0.36312	0.23782	0.11887	0.01734	0.00895	0.00250	0.00417	0.01534	0.00756	0.09873

[dist]
# distance from previous block
# <min> <max>
2	35

[block]
# block no. 6 follows, 25 sequences, length 7
# corresponding to MSA columns:
# 452-458
name=unknown_G
#
# <colnr> <probs for GDERKNQSTAVLIFYWHMCP>
#	G	D	E	R	K	N	Q	S	T	A	V	L	I	F	Y	W	H	M	C	P
0	0.04646	0.14804	0.02014	0.03830	0.01845	0.15637	0.01097	0.06465	0.12319	0.02233	0.01934	0.02820	0.01811	0.23459	0.01699	0.00383	0.00887	0.00760	0.00498	0.00859
1	0.01366	0.01139	0.01713	0.02307	0.22266	0.01126	0.01364	0.01733	0.04006	0.02305	0.05696	0.25366	0.06733	0.04245	0.01031	0.00306	0.00668	0.15161	0.00611	0.00858
2	0.01380	0.01329	0.02225	0.34032	0.08735	0.01430	0.10608	0.01811	0.01675	0.02132	0.03449	0.03756	0.22013	0.01125	0.00839	0.00258	0.00862	0.01019	0.00473	0.00851
3	0.01023	0.00776	0.00860	0.00846	0.01008	0.00702	0.00583	0.01195	0.01660	0.02132	0.19311	0.06342	0.33919	0.24152	0.01869	0.00412	0.00500	0.01425	0.00671	0.00613
4	0.53904	0.01275	0.01028	0.00946	0.01357	0.01398	0.00761	0.01912	0.01460	0.03043	0.03211	0.03211	0.21844	0.01111	0.00617	0.00247	0.00535	0.00803	0.00555	0.00781
5	0.01387	0.01210	0.01912	0.44686	0.07867	0.01425	0.01638	0.01738	0.01431	0.01866	0.01718	0.03004	0.01608	0.23415	0.01772	0.00412	0.00938	0.00827	0.00386	0.00761
6	0.01776	0.50418	0.03051	0.01175	0.01630	0.02339	0.01057	0.01946	0.01435	0.01723	0.01507	0.02449	0.01569	0.23344	0.01583	0.00350	0.00805	0.00639	0.00375	0.00830

[dist]
# distance from previous block
# <min> <max>
0	9

[block]
# block no. 7 follows, 25 sequences, length 11
# corresponding to MSA columns:
# 468-478
name=unknown_H
#
# <colnr> <probs for GDERKNQSTAVLIFYWHMCP>
#	G	D	E	R	K	N	Q	S	T	A	V	L	I	F	Y	W	H	M	C	P
0	0.14821	0.31939	0.02433	0.01281	0.01703	0.09866	0.01088	0.02045	0.01578	0.02160	0.02017	0.21801	0.02164	0.01199	0.00660	0.00226	0.00746	0.00943	0.00477	0.00852
1	0.01913	0.01910	0.02867	0.03808	0.44974	0.06017	0.02130	0.02274	0.01624	0.02302	0.01316	0.01824	0.01154	0.00890	0.01278	0.00260	0.21315	0.00676	0.00372	0.01099
2	0.46129	0.05787	0.01722	0.01302	0.01844	0.02008	0.01088	0.23005	0.02134	0.06543	0.01418	0.01513	0.01050	0.00796	0.00590	0.00233	0.00698	0.00526	0.00588	0.01025
3	0.02332	0.02822	0.01822	0.01732	0.02029	0.49678	0.01273	0.02513	0.01991	0.01921	0.02088	0.21890	0.02193	0.01271	0.00783	0.00233	0.01124	0.00992	0.00492	0.00821
4	0.00967	0.00751	0.00880	0.00924	0.01098	0.00664	0.00664	0.01182	0.01774	0.02290	0.20349	0.27964	0.33667	0.02027	0.00940	0.00275	0.00405	0.01766	0.00750	0.00664
5	0.01128	0.00752	0.00846	0.00846	0.00846	0.00752	0.00470	0.01128	0.01128	0.01503	0.02443	0.05074	0.02819	0.72751	0.03946	0.00752	0.00752	0.01128	0.00470	0.00470
6	0.01323	0.21739	0.01833	0.01017	0.01364	0.01383	0.00859	0.01601	0.01881	0.02418	0.29491	0.05003	0.24488	0.01438	0.00794	0.00227	0.00508	0.01190	0.00661	0.00784
7	0.00989	0.00709	0.00939	0.01049	0.01134	0.00659	0.00723	0.01191	0.01690	0.02306	0.22563	0.53024	0.05761	0.02185	0.00968	0.00294	0.00426	0.01972	0.00758	0.00659
8	0.01958	0.03479	0.49526	0.02087	0.03081	0.01975	0.02462	0.20641	0.02218	0.03159	0.01527	0.01702	0.01079	0.00793	0.00748	0.00242	0.01061	0.00609	0.00457	0.01196
9	0.01393	0.01244	0.02015	0.45654	0.08873	0.01445	0.01759	0.01861	0.01753	0.02349	0.20511	0.03133	0.02865	0.01003	0.00815	0.00252	0.00832	0.00895	0.00495	0.00852
10	0.01953	0.01443	0.01573	0.01324	0.01659	0.01556	0.01000	0.27900	0.09564	0.03285	0.09483	0.03690	0.05413	0.24594	0.01837	0.00409	0.00721	0.00974	0.00683	0.00939

[dist]
# distance from previous block
# <min> <max>
0	9

# created by:
# /st0/software/busco_prod/Augustus/scripts/msa2prfl.pl ./align_prep/142995.fa
