[name]
unknown

[dist]
# distance from previous block
# <min> <max>
18	63

[block]
# block no. 0 follows, 30 sequences, length 12
# corresponding to MSA columns:
# 82-93
name=unknown_A
#
# <colnr> <probs for GDERKNQSTAVLIFYWHMCP>
#	G	D	E	R	K	N	Q	S	T	A	V	L	I	F	Y	W	H	M	C	P
0	0.01629	0.01364	0.01920	0.11259	0.06153	0.01423	0.08327	0.12902	0.07389	0.05057	0.06487	0.06901	0.08631	0.00982	0.00826	0.00217	0.05614	0.00837	0.00529	0.11554
1	0.01801	0.01616	0.02187	0.16695	0.13089	0.05624	0.07094	0.15943	0.03685	0.02571	0.01430	0.01761	0.01119	0.00745	0.00806	0.00208	0.07136	0.00611	0.05632	0.10247
2	0.01583	0.01500	0.01812	0.11852	0.14521	0.08795	0.01351	0.05371	0.11523	0.02259	0.06627	0.10173	0.05248	0.01021	0.00850	0.00223	0.07033	0.00841	0.00489	0.06927
3	0.01603	0.01442	0.02027	0.13425	0.24485	0.03622	0.01539	0.09618	0.07097	0.02307	0.01952	0.09174	0.04381	0.03126	0.04552	0.00288	0.07187	0.00812	0.00451	0.00911
4	0.01493	0.07479	0.02071	0.09858	0.06945	0.06912	0.08410	0.04612	0.01470	0.01941	0.01785	0.15622	0.01798	0.05035	0.06388	0.00319	0.11360	0.00881	0.00416	0.05205
5	0.01283	0.00990	0.01100	0.06580	0.01376	0.04015	0.00749	0.10106	0.01471	0.01910	0.02512	0.18323	0.04944	0.39094	0.02190	0.00464	0.00666	0.01123	0.00502	0.00603
6	0.01946	0.01536	0.01690	0.04972	0.01974	0.01704	0.01152	0.29440	0.27334	0.03311	0.04959	0.07319	0.05442	0.01021	0.00721	0.00224	0.00629	0.00837	0.00672	0.03117
7	0.01120	0.00938	0.01008	0.00948	0.01222	0.00921	0.00720	0.01808	0.20107	0.02315	0.15344	0.07738	0.37405	0.01464	0.00785	0.00230	0.00411	0.01236	0.00675	0.03605
8	0.01756	0.01719	0.02662	0.07538	0.59185	0.05640	0.02017	0.02264	0.06180	0.02265	0.01398	0.01767	0.01153	0.00653	0.00689	0.00209	0.00840	0.00623	0.00369	0.01072
9	0.01276	0.00658	0.00689	0.00689	0.00848	0.00669	0.00519	0.01595	0.01436	0.02522	0.02243	0.02613	0.01785	0.01174	0.06383	0.00241	0.00451	0.00658	0.72904	0.00648
10	0.02069	0.01779	0.01723	0.01490	0.01918	0.09826	0.01171	0.15919	0.46619	0.06035	0.02416	0.02265	0.01794	0.00897	0.00698	0.00224	0.00675	0.00716	0.00675	0.01090
11	0.02245	0.01973	0.05391	0.01525	0.02055	0.08405	0.01277	0.38889	0.14864	0.03485	0.01932	0.01926	0.03436	0.00834	0.00678	0.00203	0.00750	0.00640	0.00619	0.08872

[dist]
# distance from previous block
# <min> <max>
12	32

[block]
# block no. 1 follows, 30 sequences, length 25
# corresponding to MSA columns:
# 134-158
name=unknown_B
#
# <colnr> <probs for GDERKNQSTAVLIFYWHMCP>
#	G	D	E	R	K	N	Q	S	T	A	V	L	I	F	Y	W	H	M	C	P
0	0.01582	0.13977	0.22216	0.01595	0.05954	0.01672	0.01516	0.10570	0.12239	0.02434	0.02589	0.06039	0.12805	0.00971	0.00679	0.00215	0.00725	0.00783	0.00488	0.00949
1	0.01978	0.01612	0.01566	0.01388	0.01778	0.10926	0.01081	0.03266	0.43259	0.13176	0.02786	0.02630	0.05785	0.01157	0.04177	0.00269	0.00705	0.00767	0.00667	0.01026
2	0.01532	0.01265	0.01393	0.01303	0.01612	0.01416	0.01004	0.06055	0.45587	0.02725	0.07487	0.16287	0.02945	0.01258	0.00765	0.00248	0.00526	0.04940	0.00698	0.00953
3	0.01840	0.02050	0.07108	0.01396	0.01790	0.25320	0.01149	0.02532	0.18892	0.06113	0.06553	0.03098	0.17160	0.01050	0.00710	0.00214	0.00775	0.00825	0.00556	0.00866
4	0.05839	0.05551	0.02087	0.01686	0.05809	0.12785	0.03552	0.36931	0.02522	0.06846	0.01835	0.01884	0.05074	0.00822	0.00668	0.00201	0.00808	0.00628	0.00579	0.03892
5	0.01946	0.01473	0.06235	0.01348	0.04745	0.01178	0.01099	0.09603	0.03766	0.17466	0.03703	0.01829	0.01388	0.00680	0.00608	0.00159	0.00604	0.00550	0.00550	0.41069
6	0.01546	0.24533	0.49751	0.01835	0.04938	0.01953	0.02162	0.02173	0.01461	0.02047	0.01172	0.01379	0.00895	0.00642	0.00601	0.00200	0.00942	0.00478	0.00297	0.00994
7	0.02003	0.01784	0.02262	0.02552	0.26437	0.05839	0.03981	0.18989	0.23150	0.02962	0.01864	0.01965	0.01429	0.00779	0.00700	0.00216	0.00765	0.00673	0.00546	0.01102
8	0.01006	0.00673	0.00764	0.00772	0.00774	0.00671	0.00435	0.01013	0.01032	0.01375	0.02285	0.08243	0.02645	0.71651	0.03413	0.00656	0.00662	0.01065	0.00435	0.00430
9	0.01447	0.01240	0.01447	0.01034	0.01654	0.00930	0.00827	0.01757	0.01447	0.02274	0.01240	0.01447	0.01034	0.00517	0.00517	0.00103	0.00517	0.00413	0.00413	0.79742
10	0.00832	0.00707	0.00717	0.00714	0.00947	0.00592	0.00536	0.01015	0.01608	0.01926	0.09886	0.06649	0.67998	0.01752	0.00825	0.00235	0.00352	0.01463	0.00653	0.00592
11	0.01400	0.03610	0.71860	0.01989	0.03020	0.01621	0.02578	0.02210	0.01473	0.02210	0.01252	0.01473	0.00884	0.00663	0.00663	0.00221	0.01031	0.00516	0.00295	0.01031
12	0.01661	0.01590	0.02712	0.15592	0.60334	0.01641	0.02108	0.02083	0.01557	0.02199	0.01301	0.01749	0.01077	0.00634	0.00692	0.00211	0.00845	0.00622	0.00340	0.01052
13	0.01318	0.01240	0.02093	0.73798	0.04806	0.01550	0.01938	0.01783	0.01395	0.01783	0.01240	0.01860	0.00930	0.00698	0.00698	0.00233	0.00930	0.00620	0.00310	0.00775
14	0.01318	0.01240	0.02093	0.73798	0.04806	0.01550	0.01938	0.01783	0.01395	0.01783	0.01240	0.01860	0.00930	0.00698	0.00698	0.00233	0.00930	0.00620	0.00310	0.00775
15	0.01548	0.01481	0.02524	0.31451	0.38569	0.01583	0.04797	0.01984	0.01508	0.02082	0.01285	0.01772	0.01031	0.00645	0.00690	0.00213	0.00867	0.00619	0.00335	0.05016
16	0.02653	0.01955	0.02094	0.01606	0.02164	0.02164	0.01326	0.68796	0.03281	0.04398	0.01675	0.01675	0.01187	0.00838	0.00698	0.00209	0.00768	0.00628	0.00698	0.01187
17	0.01400	0.03610	0.71860	0.01989	0.03020	0.01621	0.02578	0.02210	0.01473	0.02210	0.01252	0.01473	0.00884	0.00663	0.00663	0.00221	0.01031	0.00516	0.00295	0.01031
18	0.00825	0.00707	0.00707	0.00707	0.00943	0.00589	0.00530	0.01001	0.01591	0.01885	0.07069	0.06716	0.70839	0.01767	0.00825	0.00236	0.00353	0.01473	0.00648	0.00589
19	0.00909	0.00735	0.00814	0.00826	0.01022	0.00662	0.00606	0.01203	0.05506	0.02078	0.16927	0.18919	0.43818	0.01741	0.00830	0.00242	0.00370	0.01493	0.00672	0.00626
20	0.01329	0.01256	0.02095	0.69878	0.04644	0.01582	0.01916	0.01777	0.01378	0.01777	0.01223	0.01842	0.00929	0.00726	0.00784	0.00237	0.04922	0.00620	0.00310	0.00775
21	0.01725	0.44662	0.24524	0.01619	0.02352	0.04422	0.07929	0.02161	0.01473	0.01873	0.01101	0.01303	0.00907	0.00620	0.00554	0.00180	0.00889	0.00461	0.00304	0.00939
22	0.01318	0.01240	0.02093	0.73798	0.04806	0.01550	0.01938	0.01783	0.01395	0.01783	0.01240	0.01860	0.00930	0.00698	0.00698	0.00233	0.00930	0.00620	0.00310	0.00775
23	0.01597	0.01512	0.02495	0.26273	0.44342	0.01630	0.01993	0.02153	0.07026	0.02172	0.01413	0.01840	0.01132	0.00672	0.00695	0.00218	0.00839	0.00635	0.00363	0.01000
24	0.07330	0.01632	0.02171	0.03918	0.02282	0.01664	0.12928	0.31142	0.02309	0.09950	0.01725	0.05545	0.01337	0.00804	0.00687	0.00204	0.00758	0.00693	0.00581	0.12341

[dist]
# distance from previous block
# <min> <max>
4	6

[block]
# block no. 2 follows, 30 sequences, length 37
# corresponding to MSA columns:
# 165-201
name=unknown_C
#
# <colnr> <probs for GDERKNQSTAVLIFYWHMCP>
#	G	D	E	R	K	N	Q	S	T	A	V	L	I	F	Y	W	H	M	C	P
0	0.01750	0.01649	0.02702	0.12245	0.51139	0.04488	0.06519	0.02164	0.01602	0.05006	0.01422	0.01921	0.01174	0.00676	0.00706	0.00214	0.00868	0.02349	0.00371	0.01034
1	0.05594	0.01382	0.01970	0.01506	0.04230	0.01176	0.13111	0.02071	0.04296	0.07446	0.01437	0.01634	0.01122	0.00583	0.00595	0.00150	0.00654	0.00529	0.00447	0.50070
2	0.01472	0.14857	0.61248	0.01865	0.02829	0.01798	0.02363	0.02191	0.01465	0.02122	0.01208	0.01418	0.00886	0.00653	0.00629	0.00210	0.00987	0.00493	0.00295	0.01010
3	0.01447	0.01240	0.01447	0.01034	0.01654	0.00930	0.00827	0.01757	0.01447	0.02274	0.01240	0.01447	0.01034	0.00517	0.00517	0.00103	0.00517	0.00413	0.00413	0.79742
4	0.01462	0.01287	0.01641	0.01172	0.01798	0.00991	0.05742	0.01792	0.01462	0.02271	0.01253	0.01479	0.01035	0.00522	0.00539	0.00113	0.00565	0.00443	0.00409	0.74026
5	0.02607	0.03326	0.01978	0.01798	0.02157	0.72674	0.01348	0.02787	0.01978	0.01708	0.01079	0.01258	0.00899	0.00719	0.00629	0.00180	0.01258	0.00449	0.00360	0.00809
6	0.01015	0.00682	0.00789	0.00808	0.00821	0.00680	0.00483	0.01043	0.01071	0.01425	0.02381	0.08127	0.02739	0.66867	0.03245	0.00633	0.00661	0.05637	0.00449	0.00445
7	0.01400	0.03610	0.71860	0.01989	0.03020	0.01621	0.02578	0.02210	0.01473	0.02210	0.01252	0.01473	0.00884	0.00663	0.00663	0.00221	0.01031	0.00516	0.00295	0.01031
8	0.00864	0.00708	0.00761	0.00748	0.00966	0.00606	0.00561	0.01077	0.01683	0.02103	0.22293	0.06356	0.55480	0.01686	0.00824	0.00232	0.00348	0.01422	0.00677	0.00606
9	0.80405	0.01350	0.01026	0.00918	0.01350	0.01565	0.00756	0.02051	0.01188	0.03131	0.00972	0.01134	0.00756	0.00648	0.00432	0.00216	0.00540	0.00378	0.00432	0.00756
10	0.01212	0.00606	0.00909	0.00909	0.00909	0.00606	0.00606	0.00909	0.00909	0.01212	0.01212	0.02121	0.01212	0.02424	0.02727	0.79697	0.00606	0.00606	0.00303	0.00303
11	0.01687	0.01617	0.02759	0.11155	0.64567	0.01647	0.02121	0.02106	0.01570	0.02231	0.01305	0.01740	0.01088	0.00629	0.00692	0.00210	0.00839	0.00622	0.00342	0.01073
12	0.01318	0.01240	0.02093	0.73798	0.04806	0.01550	0.01938	0.01783	0.01395	0.01783	0.01240	0.01860	0.00930	0.00698	0.00698	0.00233	0.00930	0.00620	0.00310	0.00775
13	0.01774	0.01518	0.01600	0.01428	0.01829	0.01754	0.01114	0.06458	0.67049	0.02982	0.02791	0.02564	0.02090	0.00942	0.00710	0.00236	0.00561	0.00782	0.00710	0.01108
14	0.01700	0.01624	0.02764	0.04160	0.68593	0.01622	0.02088	0.02112	0.01603	0.02299	0.03819	0.01853	0.01303	0.00651	0.00696	0.00208	0.00811	0.00645	0.00361	0.01089
15	0.01559	0.02368	0.33214	0.01811	0.04392	0.01365	0.10724	0.02130	0.01550	0.07114	0.04313	0.01749	0.01255	0.00657	0.00654	0.00189	0.00840	0.00576	0.00397	0.23145
16	0.00833	0.00707	0.00718	0.00716	0.00948	0.00593	0.00537	0.01017	0.01610	0.01931	0.10268	0.06640	0.67612	0.01750	0.00825	0.00235	0.00352	0.01462	0.00654	0.00593
17	0.02040	0.07614	0.07379	0.01765	0.06492	0.31692	0.04712	0.04930	0.01763	0.02066	0.01184	0.01395	0.00967	0.00642	0.00604	0.00165	0.00949	0.00476	0.00377	0.22787
18	0.01050	0.00876	0.01148	0.01176	0.01307	0.03667	0.05329	0.01347	0.06207	0.01931	0.05709	0.57783	0.04098	0.01899	0.00863	0.00272	0.00506	0.03564	0.00624	0.00645
19	0.01449	0.07539	0.63096	0.01904	0.02867	0.01693	0.02397	0.02308	0.06255	0.02228	0.01347	0.01532	0.00972	0.00679	0.00654	0.00218	0.00982	0.00527	0.00324	0.01029
20	0.01673	0.01605	0.02764	0.03989	0.63182	0.01595	0.05181	0.02090	0.01618	0.02313	0.06026	0.01971	0.01475	0.00675	0.00706	0.00209	0.00812	0.00675	0.00374	0.01067
21	0.01440	0.01240	0.01480	0.04715	0.01813	0.00962	0.00883	0.01758	0.01444	0.02249	0.01240	0.01468	0.01028	0.00526	0.00526	0.00110	0.00538	0.00424	0.00408	0.75747
22	0.01298	0.01172	0.01723	0.02340	0.31732	0.01136	0.01289	0.01710	0.05779	0.02252	0.13452	0.04067	0.26911	0.01167	0.00759	0.00221	0.00570	0.01029	0.00537	0.00856
23	0.80405	0.01350	0.01026	0.00918	0.01350	0.01565	0.00756	0.02051	0.01188	0.03131	0.00972	0.01134	0.00756	0.00648	0.00432	0.00216	0.00540	0.00378	0.00432	0.00756
24	0.01006	0.00737	0.01086	0.01086	0.01196	0.00848	0.00827	0.01216	0.01106	0.01585	0.01873	0.02866	0.01790	0.10746	0.64814	0.03752	0.01731	0.00764	0.00375	0.00596
25	0.01149	0.00754	0.00997	0.00938	0.01128	0.00696	0.00724	0.01474	0.01946	0.07553	0.60329	0.05239	0.06027	0.01430	0.00826	0.00228	0.00374	0.06730	0.00764	0.00694
26	0.00846	0.00708	0.00737	0.00729	0.00956	0.00598	0.00547	0.01043	0.01641	0.02006	0.15465	0.06518	0.62369	0.01722	0.00825	0.00234	0.00350	0.01445	0.00664	0.00598
27	0.01812	0.00935	0.01294	0.01270	0.01561	0.00879	0.01091	0.02116	0.01740	0.25925	0.03372	0.05987	0.03231	0.01563	0.00874	0.00285	0.00626	0.43890	0.00718	0.00829
28	0.01866	0.75896	0.03657	0.01194	0.01791	0.02761	0.01194	0.02090	0.01418	0.01642	0.00970	0.01119	0.00896	0.00597	0.00448	0.00149	0.00746	0.00373	0.00299	0.00896
29	0.01015	0.00677	0.00761	0.00761	0.00761	0.00677	0.00423	0.01015	0.01015	0.01353	0.02199	0.04567	0.02537	0.75476	0.03552	0.00677	0.00677	0.01015	0.00423	0.00423
30	0.00850	0.00607	0.00810	0.00972	0.01012	0.00567	0.00648	0.00972	0.01336	0.01781	0.03846	0.75020	0.04615	0.02186	0.00891	0.00283	0.00405	0.01984	0.00648	0.00567
31	0.08010	0.05659	0.60336	0.01922	0.02873	0.01660	0.05721	0.02194	0.01456	0.02270	0.01228	0.01454	0.00883	0.00656	0.00645	0.00219	0.00989	0.00515	0.00309	0.00999
32	0.01727	0.01658	0.02832	0.04283	0.71123	0.01658	0.02142	0.02142	0.01589	0.02280	0.01313	0.01727	0.01105	0.00622	0.00691	0.00207	0.00829	0.00622	0.00345	0.01105
33	0.00875	0.00618	0.00802	0.00940	0.00975	0.00583	0.00614	0.00978	0.01288	0.01717	0.03600	0.64484	0.04305	0.13147	0.01289	0.00342	0.00445	0.01839	0.00614	0.00545
34	0.01390	0.03405	0.65851	0.01974	0.02951	0.01581	0.05077	0.02169	0.01504	0.02239	0.04542	0.01666	0.01160	0.00696	0.00677	0.00221	0.01004	0.00563	0.00319	0.01010
35	0.27274	0.02510	0.37005	0.01537	0.02281	0.01583	0.01738	0.04242	0.06107	0.07627	0.01389	0.01510	0.00996	0.00697	0.00595	0.00220	0.00800	0.00506	0.00420	0.00962
36	0.00850	0.00607	0.00810	0.00972	0.01012	0.00567	0.00648	0.00972	0.01336	0.01781	0.03846	0.75020	0.04615	0.02186	0.00891	0.00283	0.00405	0.01984	0.00648	0.00567

[dist]
# distance from previous block
# <min> <max>
0	1

[block]
# block no. 3 follows, 30 sequences, length 80
# corresponding to MSA columns:
# 203-282
name=unknown_D
#
# <colnr> <probs for GDERKNQSTAVLIFYWHMCP>
#	G	D	E	R	K	N	Q	S	T	A	V	L	I	F	Y	W	H	M	C	P
0	0.01124	0.00803	0.01124	0.01285	0.01446	0.00803	0.01124	0.01446	0.01606	0.02088	0.03695	0.07871	0.04016	0.01928	0.00964	0.00321	0.00643	0.66426	0.00643	0.00643
1	0.41789	0.03928	0.10447	0.01375	0.06350	0.01470	0.01168	0.02442	0.01476	0.21363	0.01510	0.01551	0.01062	0.00705	0.00552	0.00214	0.00643	0.00499	0.00521	0.00935
2	0.01434	0.01350	0.02281	0.50156	0.24692	0.01555	0.01970	0.01879	0.01462	0.01944	0.01352	0.02041	0.01097	0.00720	0.00705	0.00228	0.00889	0.03041	0.00333	0.00870
3	0.01487	0.13955	0.56659	0.01948	0.02891	0.01797	0.07554	0.02194	0.01479	0.02130	0.01224	0.01454	0.00899	0.00648	0.00644	0.00212	0.01001	0.00519	0.00300	0.01005
4	0.01014	0.00682	0.00787	0.00787	0.00795	0.00690	0.00455	0.01031	0.01022	0.01372	0.02175	0.04437	0.02481	0.70505	0.08445	0.00708	0.00761	0.00996	0.00419	0.00437
5	0.80405	0.01350	0.01026	0.00918	0.01350	0.01565	0.00756	0.02051	0.01188	0.03131	0.00972	0.01134	0.00756	0.00648	0.00432	0.00216	0.00540	0.00378	0.00432	0.00756
6	0.02653	0.01955	0.02094	0.01606	0.02164	0.02164	0.01326	0.68796	0.03281	0.04398	0.01675	0.01675	0.01187	0.00838	0.00698	0.00209	0.00768	0.00628	0.00698	0.01187
7	0.01887	0.01442	0.01741	0.04357	0.11025	0.01584	0.01242	0.03305	0.46778	0.12379	0.02700	0.02557	0.04027	0.00909	0.00709	0.00230	0.00602	0.00770	0.00667	0.01088
8	0.01987	0.10467	0.42351	0.01677	0.02507	0.01582	0.01947	0.04315	0.01668	0.22438	0.01671	0.01704	0.01139	0.00719	0.00653	0.00212	0.00867	0.00558	0.00472	0.01067
9	0.00850	0.00607	0.00810	0.00972	0.01012	0.00567	0.00648	0.00972	0.01336	0.01781	0.03846	0.75020	0.04615	0.02186	0.00891	0.00283	0.00405	0.01984	0.00648	0.00567
10	0.00850	0.00607	0.00810	0.00972	0.01012	0.00567	0.00648	0.00972	0.01336	0.01781	0.03846	0.75020	0.04615	0.02186	0.00891	0.00283	0.00405	0.01984	0.00648	0.00567
11	0.02681	0.01226	0.04963	0.01217	0.01717	0.00993	0.01040	0.02988	0.01968	0.56497	0.14232	0.02813	0.02511	0.00949	0.00720	0.00217	0.00570	0.00788	0.00819	0.01090
12	0.01727	0.01658	0.02832	0.04283	0.71123	0.01658	0.02142	0.02142	0.01589	0.02280	0.01313	0.01727	0.01105	0.00622	0.00691	0.00207	0.00829	0.00622	0.00345	0.01105
13	0.01939	0.00996	0.01285	0.01087	0.01430	0.00931	0.00858	0.02435	0.09842	0.30580	0.35451	0.03766	0.04109	0.01144	0.00761	0.00220	0.00462	0.00981	0.00800	0.00924
14	0.74087	0.01336	0.01074	0.00944	0.01385	0.01521	0.00778	0.02162	0.01254	0.08730	0.01117	0.01235	0.00835	0.00665	0.00454	0.00216	0.00544	0.00404	0.00467	0.00791
15	0.01400	0.03610	0.71860	0.01989	0.03020	0.01621	0.02578	0.02210	0.01473	0.02210	0.01252	0.01473	0.00884	0.00663	0.00663	0.00221	0.01031	0.00516	0.00295	0.01031
16	0.00843	0.00709	0.00735	0.00750	0.00975	0.00601	0.00570	0.01027	0.01583	0.01894	0.06759	0.09105	0.64614	0.01791	0.00835	0.00242	0.00372	0.05354	0.00648	0.00592
17	0.00988	0.00713	0.00933	0.00878	0.01043	0.00658	0.00658	0.01317	0.01975	0.02798	0.70754	0.05213	0.06584	0.01427	0.00823	0.00219	0.00329	0.01262	0.00768	0.00658
18	0.02936	0.01175	0.01577	0.01229	0.01739	0.01039	0.01008	0.03293	0.05339	0.64164	0.06768	0.02554	0.02034	0.00901	0.00709	0.00217	0.00576	0.00739	0.00850	0.01152
19	0.01502	0.03467	0.67717	0.01945	0.02947	0.01586	0.02487	0.02280	0.01504	0.06303	0.01341	0.01526	0.00934	0.00675	0.00665	0.00221	0.01006	0.00527	0.00328	0.01041
20	0.01318	0.01240	0.02093	0.73798	0.04806	0.01550	0.01938	0.01783	0.01395	0.01783	0.01240	0.01860	0.00930	0.00698	0.00698	0.00233	0.00930	0.00620	0.00310	0.00775
21	0.02899	0.01136	0.01545	0.01202	0.01701	0.00986	0.00986	0.03175	0.01995	0.64158	0.10114	0.02682	0.02253	0.00925	0.00715	0.00216	0.00565	0.00762	0.00853	0.01130
22	0.01326	0.01230	0.02005	0.65937	0.04444	0.01517	0.01826	0.01874	0.05462	0.01900	0.04759	0.02069	0.01280	0.00748	0.00705	0.00232	0.00878	0.00662	0.00356	0.00789
23	0.01400	0.03610	0.71860	0.01989	0.03020	0.01621	0.02578	0.02210	0.01473	0.02210	0.01252	0.01473	0.00884	0.00663	0.00663	0.00221	0.01031	0.00516	0.00295	0.01031
24	0.01400	0.03610	0.71860	0.01989	0.03020	0.01621	0.02578	0.02210	0.01473	0.02210	0.01252	0.01473	0.00884	0.00663	0.00663	0.00221	0.01031	0.00516	0.00295	0.01031
25	0.03005	0.01160	0.01579	0.01220	0.01738	0.01004	0.01004	0.03278	0.01996	0.67548	0.06764	0.02543	0.02014	0.00897	0.00709	0.00216	0.00578	0.00735	0.00858	0.01156
26	0.01400	0.03610	0.71860	0.01989	0.03020	0.01621	0.02578	0.02210	0.01473	0.02210	0.01252	0.01473	0.00884	0.00663	0.00663	0.00221	0.01031	0.00516	0.00295	0.01031
27	0.01001	0.03472	0.01011	0.00884	0.01062	0.00726	0.00669	0.01304	0.01892	0.02637	0.60108	0.09312	0.10393	0.01463	0.00813	0.00222	0.00351	0.01286	0.00736	0.00657
28	0.00850	0.00607	0.00810	0.00972	0.01012	0.00567	0.00648	0.00972	0.01336	0.01781	0.03846	0.75020	0.04615	0.02186	0.00891	0.00283	0.00405	0.01984	0.00648	0.00567
29	0.01354	0.01264	0.02123	0.61628	0.12280	0.01520	0.01915	0.01805	0.01430	0.01858	0.01389	0.02188	0.01126	0.00759	0.00712	0.00235	0.00902	0.04374	0.00333	0.00806
30	0.01760	0.59542	0.19087	0.01374	0.02069	0.02503	0.01507	0.02117	0.01430	0.01770	0.01034	0.01199	0.00893	0.00612	0.00496	0.00165	0.00811	0.00405	0.00298	0.00926
31	0.06114	0.05735	0.65514	0.01900	0.02882	0.01653	0.02427	0.02197	0.01455	0.02247	0.01227	0.01442	0.00877	0.00660	0.00643	0.00218	0.00993	0.00503	0.00303	0.01011
32	0.80405	0.01350	0.01026	0.00918	0.01350	0.01565	0.00756	0.02051	0.01188	0.03131	0.00972	0.01134	0.00756	0.00648	0.00432	0.00216	0.00540	0.00378	0.00432	0.00756
33	0.01654	0.02096	0.18323	0.03768	0.55839	0.01650	0.02240	0.02157	0.01563	0.02264	0.01299	0.01670	0.01056	0.00631	0.00685	0.00210	0.00874	0.00598	0.00334	0.01089
34	0.00988	0.00713	0.00933	0.00878	0.01043	0.00658	0.00658	0.01317	0.01975	0.02798	0.70754	0.05213	0.06584	0.01427	0.00823	0.00219	0.00329	0.01262	0.00768	0.00658
35	0.01442	0.10190	0.65652	0.01917	0.02908	0.01724	0.02452	0.02199	0.01468	0.02158	0.01227	0.01441	0.00885	0.00657	0.00643	0.00214	0.01005	0.00503	0.00295	0.01019
36	0.01603	0.29679	0.45223	0.01697	0.02552	0.04098	0.02043	0.02183	0.01468	0.01990	0.01145	0.01339	0.00889	0.00641	0.00584	0.00194	0.00935	0.00462	0.00298	0.00976
37	0.01318	0.01240	0.02093	0.73798	0.04806	0.01550	0.01938	0.01783	0.01395	0.01783	0.01240	0.01860	0.00930	0.00698	0.00698	0.00233	0.00930	0.00620	0.00310	0.00775
38	0.01136	0.00827	0.01122	0.01264	0.01428	0.00837	0.01079	0.01537	0.05642	0.02109	0.03658	0.13754	0.03959	0.01893	0.00942	0.00313	0.00615	0.56575	0.00647	0.00663
39	0.00982	0.00713	0.00925	0.00872	0.01039	0.00656	0.00654	0.01307	0.01963	0.02769	0.68700	0.05261	0.08657	0.01438	0.00823	0.00220	0.00330	0.01269	0.00764	0.00656
40	0.01675	0.01432	0.01530	0.01394	0.01767	0.01645	0.01091	0.03496	0.63590	0.02866	0.05138	0.03001	0.02389	0.01020	0.00729	0.00241	0.00550	0.04676	0.00708	0.01063
41	0.01400	0.03610	0.71860	0.01989	0.03020	0.01621	0.02578	0.02210	0.01473	0.02210	0.01252	0.01473	0.00884	0.00663	0.00663	0.00221	0.01031	0.00516	0.00295	0.01031
42	0.00850	0.00607	0.00810	0.00972	0.01012	0.00567	0.00648	0.00972	0.01336	0.01781	0.03846	0.75020	0.04615	0.02186	0.00891	0.00283	0.00405	0.01984	0.00648	0.00567
43	0.01290	0.02880	0.01074	0.00936	0.01055	0.00975	0.00632	0.11175	0.01391	0.01890	0.02053	0.03761	0.02173	0.51511	0.10925	0.00626	0.00817	0.00896	0.03358	0.00581
44	0.01318	0.01240	0.02093	0.73798	0.04806	0.01550	0.01938	0.01783	0.01395	0.01783	0.01240	0.01860	0.00930	0.00698	0.00698	0.00233	0.00930	0.00620	0.00310	0.00775
45	0.00988	0.00713	0.00933	0.00878	0.01043	0.00658	0.00658	0.01317	0.01975	0.02798	0.70754	0.05213	0.06584	0.01427	0.00823	0.00219	0.00329	0.01262	0.00768	0.00658
46	0.00850	0.00607	0.00810	0.00972	0.01012	0.00567	0.00648	0.00972	0.01336	0.01781	0.03846	0.75020	0.04615	0.02186	0.00891	0.00283	0.00405	0.01984	0.00648	0.00567
47	0.01643	0.01572	0.02680	0.18593	0.57471	0.01636	0.02100	0.02068	0.01549	0.02178	0.01298	0.01755	0.01069	0.00637	0.00692	0.00212	0.00850	0.00621	0.00338	0.01037
48	0.00850	0.00607	0.00810	0.00972	0.01012	0.00567	0.00648	0.00972	0.01336	0.01781	0.03846	0.75020	0.04615	0.02186	0.00891	0.00283	0.00405	0.01984	0.00648	0.00567
49	0.01111	0.00799	0.01105	0.01259	0.01423	0.00793	0.01097	0.01425	0.01606	0.02079	0.03849	0.07819	0.07073	0.01920	0.00957	0.00317	0.00629	0.63454	0.00643	0.00640
50	0.01416	0.03513	0.68459	0.02102	0.06375	0.01622	0.02557	0.02207	0.01479	0.02213	0.01255	0.01486	0.00895	0.00661	0.00664	0.00220	0.01021	0.00521	0.00297	0.01035
51	0.01124	0.00803	0.01124	0.01285	0.01446	0.00803	0.01124	0.01446	0.01606	0.02088	0.03695	0.07871	0.04016	0.01928	0.00964	0.00321	0.00643	0.66426	0.00643	0.00643
52	0.01866	0.75896	0.03657	0.01194	0.01791	0.02761	0.01194	0.02090	0.01418	0.01642	0.00970	0.01119	0.00896	0.00597	0.00448	0.00149	0.00746	0.00373	0.00299	0.00896
53	0.00882	0.00630	0.00846	0.01008	0.01062	0.00594	0.00703	0.01027	0.01367	0.01817	0.03829	0.67249	0.04546	0.02156	0.00899	0.00288	0.00432	0.09442	0.00647	0.00576
54	0.02956	0.01149	0.01563	0.01212	0.01721	0.00996	0.00996	0.03230	0.01996	0.65980	0.08313	0.02607	0.02125	0.00910	0.00712	0.00216	0.00572	0.00748	0.00856	0.01144
55	0.01124	0.00803	0.01124	0.01285	0.01446	0.00803	0.01124	0.01446	0.01606	0.02088	0.03695	0.07871	0.04016	0.01928	0.00964	0.00321	0.00643	0.66426	0.00643	0.00643
56	0.00980	0.00713	0.00922	0.00870	0.01038	0.00655	0.00653	0.01302	0.01958	0.02757	0.67841	0.05281	0.09524	0.01442	0.00823	0.00220	0.00330	0.01272	0.00763	0.00655
57	0.01882	0.01772	0.02636	0.07903	0.53615	0.05910	0.01970	0.11336	0.01833	0.02508	0.01344	0.01700	0.01094	0.00662	0.00689	0.00207	0.00852	0.00612	0.00393	0.01079
58	0.05731	0.01193	0.01599	0.01231	0.01767	0.01044	0.01017	0.03355	0.01970	0.69302	0.02693	0.02333	0.01695	0.00856	0.00693	0.00216	0.00592	0.00691	0.00849	0.01173
59	0.03038	0.01337	0.01712	0.01313	0.01856	0.01248	0.01084	0.16165	0.02248	0.58488	0.02543	0.02239	0.01622	0.00859	0.00701	0.00215	0.00628	0.00687	0.00831	0.01187
60	0.00988	0.00713	0.00933	0.00878	0.01043	0.00658	0.00658	0.01317	0.01975	0.02798	0.70754	0.05213	0.06584	0.01427	0.00823	0.00219	0.00329	0.01262	0.00768	0.00658
61	0.01722	0.01671	0.02909	0.04203	0.67109	0.01664	0.06095	0.02147	0.01592	0.02277	0.01319	0.01736	0.01103	0.00620	0.00699	0.00209	0.00850	0.00634	0.00346	0.01096
62	0.01511	0.20291	0.51799	0.01747	0.02653	0.01845	0.02152	0.02155	0.01459	0.02082	0.01186	0.01389	0.00896	0.00639	0.00604	0.00197	0.00934	0.00476	0.00303	0.05682
63	0.01469	0.14327	0.61748	0.01871	0.02838	0.01790	0.02373	0.02192	0.01465	0.02126	0.01210	0.01421	0.00886	0.00653	0.00631	0.00210	0.00989	0.00495	0.00295	0.01011
64	0.01736	0.01499	0.01578	0.01420	0.01815	0.01736	0.01105	0.03708	0.69862	0.02919	0.02840	0.02604	0.02130	0.00947	0.00710	0.00237	0.00552	0.00789	0.00710	0.01105
65	0.00850	0.00607	0.00810	0.00972	0.01012	0.00567	0.00648	0.00972	0.01336	0.01781	0.03846	0.75020	0.04615	0.02186	0.00891	0.00283	0.00405	0.01984	0.00648	0.00567
66	0.10927	0.02313	0.04002	0.01624	0.02111	0.25772	0.04580	0.28064	0.02352	0.07102	0.01604	0.01678	0.03220	0.00790	0.00655	0.00203	0.00914	0.00578	0.00534	0.00977
67	0.01423	0.03456	0.66066	0.02110	0.05092	0.01630	0.06199	0.02209	0.01486	0.02213	0.01263	0.01503	0.00900	0.00658	0.00673	0.00221	0.01033	0.00536	0.00299	0.01029
68	0.01318	0.01240	0.02093	0.73798	0.04806	0.01550	0.01938	0.01783	0.01395	0.01783	0.01240	0.01860	0.00930	0.00698	0.00698	0.00233	0.00930	0.00620	0.00310	0.00775
69	0.00846	0.00624	0.00793	0.00929	0.01001	0.00570	0.00629	0.00977	0.01377	0.01798	0.04371	0.63899	0.15398	0.02118	0.00880	0.00276	0.00396	0.01901	0.00648	0.00570
70	0.03932	0.05636	0.56512	0.02203	0.09169	0.01670	0.06911	0.02196	0.01485	0.02228	0.01250	0.01502	0.00912	0.00652	0.00662	0.00218	0.00998	0.00537	0.00308	0.01019
71	0.01592	0.01780	0.03760	0.02781	0.05154	0.01711	0.58698	0.02123	0.01601	0.02179	0.01638	0.04059	0.03499	0.00711	0.00908	0.00240	0.05425	0.00860	0.00368	0.00913
72	0.03131	0.01188	0.01619	0.01242	0.01781	0.01026	0.01026	0.03401	0.01997	0.71606	0.02753	0.02375	0.01727	0.00864	0.00702	0.00216	0.00594	0.00702	0.00864	0.01188
73	0.01649	0.01578	0.02691	0.17581	0.58437	0.01637	0.02103	0.02073	0.01552	0.02185	0.01299	0.01753	0.01072	0.00636	0.00692	0.00212	0.00848	0.00621	0.00339	0.01042
74	0.03056	0.01171	0.01596	0.01229	0.01756	0.01013	0.01013	0.03328	0.01997	0.69213	0.05118	0.02474	0.01896	0.00883	0.00706	0.00216	0.00585	0.00721	0.00860	0.01169
75	0.01318	0.01240	0.02093	0.73798	0.04806	0.01550	0.01938	0.01783	0.01395	0.01783	0.01240	0.01860	0.00930	0.00698	0.00698	0.00233	0.00930	0.00620	0.00310	0.00775
76	0.01374	0.00801	0.00725	0.00715	0.00889	0.04702	0.00536	0.01691	0.01492	0.02551	0.02209	0.02526	0.01739	0.00808	0.00496	0.00164	0.00378	0.00639	0.74906	0.00659
77	0.01341	0.01264	0.02135	0.69888	0.08537	0.01556	0.01949	0.01803	0.01406	0.01811	0.01244	0.01853	0.00940	0.00693	0.00697	0.00231	0.00925	0.00620	0.00312	0.00794
78	0.01628	0.01813	0.03923	0.02812	0.03488	0.01702	0.64757	0.02201	0.01637	0.02256	0.01460	0.01923	0.01100	0.00601	0.00805	0.00231	0.01129	0.00814	0.04797	0.00925
79	0.03023	0.01155	0.01579	0.01223	0.01732	0.01002	0.01002	0.03261	0.01936	0.67646	0.02666	0.02361	0.01698	0.00951	0.00816	0.04687	0.00594	0.00696	0.00832	0.01138

[dist]
# distance from previous block
# <min> <max>
0	1

[block]
# block no. 4 follows, 30 sequences, length 7
# corresponding to MSA columns:
# 284-290
name=unknown_E
#
# <colnr> <probs for GDERKNQSTAVLIFYWHMCP>
#	G	D	E	R	K	N	Q	S	T	A	V	L	I	F	Y	W	H	M	C	P
0	0.00877	0.00709	0.00780	0.00762	0.00975	0.00612	0.00572	0.01104	0.01715	0.02181	0.27691	0.06229	0.50033	0.01657	0.00824	0.00230	0.00346	0.01405	0.00687	0.00612
1	0.01108	0.01020	0.01881	0.01609	0.01865	0.00955	0.22648	0.01381	0.01437	0.01928	0.03058	0.51337	0.03464	0.01669	0.00869	0.00268	0.00655	0.01608	0.00552	0.00688
2	0.00943	0.00679	0.00893	0.00908	0.01033	0.00629	0.00655	0.01205	0.01768	0.02469	0.49089	0.27817	0.05947	0.01673	0.00845	0.00240	0.00354	0.01496	0.00729	0.00629
3	0.02679	0.01288	0.01606	0.01299	0.01792	0.01256	0.01051	0.03500	0.23973	0.49364	0.02781	0.02449	0.01858	0.00891	0.00704	0.00223	0.00580	0.00730	0.00814	0.01161
4	0.01911	0.02049	0.01622	0.01394	0.01799	0.30828	0.01067	0.06576	0.01747	0.02069	0.01495	0.07900	0.01374	0.01268	0.08266	0.00266	0.00976	0.00614	0.00426	0.26353
5	0.02653	0.01955	0.02094	0.01606	0.02164	0.02164	0.01326	0.68796	0.03281	0.04398	0.01675	0.01675	0.01187	0.00838	0.00698	0.00209	0.00768	0.00628	0.00698	0.01187
6	0.01015	0.00677	0.00761	0.00761	0.00761	0.00677	0.00423	0.01015	0.01015	0.01353	0.02199	0.04567	0.02537	0.75476	0.03552	0.00677	0.00677	0.01015	0.00423	0.00423

[dist]
# distance from previous block
# <min> <max>
0	6

# created by:
# /st0/software/busco_prod/Augustus/scripts/msa2prfl.pl ./align_prep/143055.fa
