[name]
unknown

[dist]
# distance from previous block
# <min> <max>
0	31

[block]
# block no. 0 follows, 28 sequences, length 20
# corresponding to MSA columns:
# 31-50
name=unknown_A
#
# <colnr> <probs for GDERKNQSTAVLIFYWHMCP>
#	G	D	E	R	K	N	Q	S	T	A	V	L	I	F	Y	W	H	M	C	P
0	0.01745	0.01193	0.01483	0.01428	0.01735	0.01242	0.01223	0.19815	0.02180	0.07253	0.03206	0.06051	0.03217	0.01624	0.00910	0.00295	0.00702	0.43136	0.00700	0.00862
1	0.02228	0.01663	0.01816	0.01500	0.01940	0.01824	0.01194	0.45200	0.10241	0.03787	0.02397	0.18350	0.02162	0.01206	0.00774	0.00239	0.00688	0.00996	0.00717	0.01079
2	0.00911	0.00643	0.00836	0.00980	0.01016	0.00607	0.00641	0.01019	0.01343	0.01790	0.03756	0.63864	0.04491	0.12825	0.01333	0.00355	0.00463	0.01919	0.00641	0.00569
3	0.01902	0.02201	0.05391	0.10877	0.13857	0.20082	0.09727	0.02236	0.01581	0.01966	0.01184	0.01636	0.01000	0.00864	0.01207	0.00246	0.22178	0.00618	0.00346	0.00902
4	0.02378	0.01535	0.01728	0.01427	0.01911	0.01637	0.01146	0.19157	0.30065	0.21812	0.02924	0.02690	0.06259	0.00990	0.00742	0.00234	0.00629	0.00802	0.00776	0.01160
5	0.01018	0.00675	0.00822	0.00876	0.00890	0.00662	0.00532	0.01034	0.01157	0.01543	0.02765	0.27046	0.03235	0.45213	0.02730	0.06859	0.00607	0.01351	0.00507	0.00479
6	0.01799	0.01727	0.02950	0.04462	0.69919	0.01727	0.02231	0.02231	0.01655	0.02375	0.01367	0.01799	0.01151	0.00648	0.00720	0.00216	0.00864	0.00648	0.00360	0.01151
7	0.01469	0.03680	0.67720	0.02116	0.03175	0.01695	0.05573	0.02303	0.01543	0.02303	0.01312	0.01554	0.00929	0.00687	0.00698	0.00231	0.01081	0.00551	0.00310	0.01070
8	0.01901	0.01541	0.01640	0.01446	0.01869	0.01746	0.01133	0.08942	0.56551	0.06169	0.03095	0.02855	0.05801	0.01020	0.00745	0.00243	0.00584	0.00843	0.00742	0.01132
9	0.00884	0.00639	0.00836	0.00994	0.01050	0.00592	0.00667	0.01014	0.01409	0.01863	0.04225	0.69612	0.09034	0.02249	0.00923	0.00292	0.00418	0.02032	0.00675	0.00592
10	0.01734	0.01677	0.02906	0.14097	0.57484	0.01717	0.05354	0.02182	0.01629	0.02299	0.01362	0.01827	0.01123	0.00657	0.00727	0.00221	0.00896	0.00658	0.00355	0.01094
11	0.01661	0.01334	0.01665	0.01246	0.01807	0.01139	0.03254	0.05002	0.01607	0.06836	0.01541	0.05449	0.01321	0.00727	0.00728	0.00151	0.05939	0.00578	0.00478	0.57537
12	0.01355	0.00678	0.00678	0.00678	0.00847	0.00678	0.00508	0.01694	0.01524	0.02710	0.02371	0.02710	0.01863	0.00847	0.00508	0.00169	0.00339	0.00678	0.78489	0.00678
13	0.09090	0.01639	0.02019	0.05180	0.12061	0.01796	0.04308	0.18164	0.25306	0.06909	0.02097	0.02131	0.01560	0.00844	0.00703	0.00229	0.00710	0.00702	0.03450	0.01102
14	0.02363	0.02549	0.01906	0.01689	0.02091	0.37056	0.01299	0.12452	0.21857	0.02552	0.01800	0.01872	0.01407	0.01094	0.04565	0.00263	0.01054	0.00617	0.00534	0.00980
15	0.01580	0.05285	0.02249	0.01828	0.06478	0.01454	0.17478	0.10208	0.07926	0.02452	0.04925	0.10497	0.08242	0.11979	0.01220	0.00303	0.00770	0.01009	0.00532	0.03583
16	0.02198	0.01954	0.05102	0.01822	0.05593	0.05481	0.08539	0.32911	0.02468	0.03373	0.01520	0.01674	0.01144	0.00727	0.00684	0.00189	0.00816	0.00600	0.00552	0.22654
17	0.02221	0.01851	0.05740	0.01729	0.06452	0.01867	0.01370	0.41944	0.02658	0.03617	0.02047	0.05318	0.05248	0.02758	0.00885	0.00231	0.04590	0.00749	0.00620	0.08106
18	0.02473	0.01915	0.02093	0.01624	0.02164	0.04610	0.03824	0.51854	0.02970	0.03972	0.01797	0.05108	0.01420	0.03566	0.00831	0.00230	0.00794	0.00716	0.00663	0.07373
19	0.02081	0.01560	0.01911	0.01509	0.01995	0.01606	0.06670	0.25206	0.14286	0.08525	0.02117	0.05433	0.01730	0.08850	0.01042	0.00265	0.00714	0.00778	0.00634	0.13088

[dist]
# distance from previous block
# <min> <max>
5	19

[block]
# block no. 1 follows, 28 sequences, length 31
# corresponding to MSA columns:
# 70-100
name=unknown_B
#
# <colnr> <probs for GDERKNQSTAVLIFYWHMCP>
#	G	D	E	R	K	N	Q	S	T	A	V	L	I	F	Y	W	H	M	C	P
0	0.01865	0.11033	0.04077	0.01550	0.02101	0.01663	0.10852	0.15417	0.08128	0.04994	0.01903	0.04159	0.03336	0.06480	0.00908	0.00232	0.00749	0.00708	0.00522	0.19327
1	0.09149	0.08134	0.13819	0.01870	0.08472	0.01869	0.04494	0.17383	0.16395	0.02997	0.01917	0.07007	0.01569	0.00895	0.00696	0.00228	0.00772	0.00734	0.00544	0.01057
2	0.01496	0.01306	0.01539	0.01296	0.01628	0.06327	0.07015	0.10143	0.04109	0.02455	0.12351	0.12434	0.11585	0.11532	0.01188	0.00288	0.00654	0.01078	0.00586	0.10991
3	0.05063	0.01493	0.08075	0.06774	0.06368	0.04618	0.03602	0.01920	0.07775	0.02405	0.14985	0.05825	0.14766	0.01101	0.00739	0.00217	0.00640	0.00938	0.00550	0.12145
4	0.01761	0.01957	0.01430	0.01272	0.01623	0.29795	0.00950	0.01956	0.01738	0.01912	0.03189	0.03423	0.22315	0.07909	0.00980	0.00238	0.00818	0.00845	0.00484	0.15405
5	0.01580	0.01384	0.01828	0.06034	0.02109	0.01309	0.06478	0.06657	0.08124	0.02461	0.01738	0.08696	0.01545	0.00844	0.00780	0.00182	0.05834	0.00706	0.00485	0.41228
6	0.01373	0.01292	0.02180	0.72707	0.05006	0.01615	0.02019	0.01857	0.01453	0.01857	0.01292	0.01938	0.00969	0.00727	0.00727	0.00242	0.00969	0.00646	0.00323	0.00807
7	0.01645	0.01565	0.02600	0.07655	0.56771	0.01566	0.01985	0.02045	0.01644	0.02289	0.02200	0.02532	0.10693	0.00818	0.00739	0.00221	0.00800	0.00771	0.00402	0.01058
8	0.01507	0.01292	0.01507	0.01077	0.01723	0.00969	0.00861	0.01830	0.01507	0.02369	0.01292	0.01507	0.01077	0.00538	0.00538	0.00108	0.00538	0.00431	0.00431	0.78898
9	0.01507	0.01292	0.01507	0.01077	0.01723	0.00969	0.00861	0.01830	0.01507	0.02369	0.01292	0.01507	0.01077	0.00538	0.00538	0.00108	0.00538	0.00431	0.00431	0.78898
10	0.01799	0.01727	0.02950	0.04462	0.69919	0.01727	0.02231	0.02231	0.01655	0.02375	0.01367	0.01799	0.01151	0.00648	0.00720	0.00216	0.00864	0.00648	0.00360	0.01151
11	0.02568	0.01916	0.02047	0.01597	0.02144	0.02114	0.01310	0.58435	0.08156	0.04296	0.02201	0.02159	0.05758	0.00944	0.00737	0.00222	0.00755	0.00724	0.00725	0.01189
12	0.02719	0.02079	0.02152	0.01673	0.02238	0.05314	0.01372	0.61831	0.06219	0.04389	0.01771	0.01768	0.01266	0.00872	0.00725	0.00218	0.00813	0.00654	0.00712	0.01215
13	0.00884	0.00639	0.00836	0.00994	0.01050	0.00592	0.00667	0.01014	0.01409	0.01863	0.04225	0.69622	0.09024	0.02249	0.00923	0.00292	0.00418	0.02032	0.00675	0.00592
14	0.02632	0.01772	0.01952	0.01518	0.02029	0.01912	0.01229	0.51028	0.02960	0.13186	0.01962	0.02196	0.01477	0.09460	0.01074	0.00276	0.00764	0.00712	0.00717	0.01143
15	0.01700	0.10357	0.03784	0.05721	0.13134	0.01873	0.44201	0.02213	0.01653	0.02221	0.01519	0.05387	0.01267	0.00705	0.00790	0.00233	0.01071	0.00823	0.00373	0.00974
16	0.01716	0.01961	0.04289	0.03064	0.03799	0.01838	0.67279	0.02328	0.01716	0.02328	0.01471	0.01961	0.01103	0.00613	0.00858	0.00245	0.01225	0.00858	0.00368	0.00980
17	0.00886	0.00633	0.00843	0.01012	0.01054	0.00590	0.00675	0.01012	0.01392	0.01856	0.04006	0.73979	0.04808	0.02277	0.00928	0.00295	0.00422	0.02066	0.00675	0.00590
18	0.01136	0.01019	0.01802	0.09868	0.02155	0.01001	0.16346	0.01417	0.01474	0.01966	0.03099	0.48786	0.03496	0.01708	0.00888	0.00277	0.00673	0.01619	0.00562	0.00707
19	0.01373	0.01292	0.02180	0.72707	0.05006	0.01615	0.02019	0.01857	0.01453	0.01857	0.01292	0.01938	0.00969	0.00727	0.00727	0.00242	0.00969	0.00646	0.00323	0.00807
20	0.00884	0.00640	0.00835	0.00992	0.01049	0.00592	0.00666	0.01014	0.01411	0.01864	0.04256	0.68993	0.09633	0.02245	0.00923	0.00292	0.00418	0.02027	0.00675	0.00592
21	0.08610	0.11578	0.25764	0.02240	0.03023	0.06892	0.27188	0.02325	0.01609	0.02287	0.01294	0.01607	0.00982	0.00655	0.00704	0.00223	0.01068	0.00625	0.00348	0.00979
22	0.05532	0.56798	0.07173	0.01422	0.02000	0.02641	0.04124	0.02143	0.01441	0.01846	0.01040	0.01265	0.00935	0.00696	0.00695	0.00184	0.08383	0.00443	0.00320	0.00921
23	0.02019	0.07094	0.04908	0.01467	0.01970	0.01790	0.01250	0.23978	0.05736	0.05010	0.01557	0.01814	0.01249	0.04090	0.01029	0.00222	0.11232	0.00595	0.00531	0.22461
24	0.01342	0.03332	0.04425	0.01188	0.01418	0.01161	0.00936	0.08488	0.09251	0.02171	0.04747	0.10098	0.02405	0.19711	0.25352	0.00662	0.01097	0.00958	0.00514	0.00743
25	0.01992	0.04861	0.01707	0.01320	0.01714	0.05368	0.01034	0.31249	0.02354	0.03153	0.06980	0.08553	0.02161	0.13134	0.01204	0.00289	0.00706	0.00846	0.02934	0.08442
26	0.01522	0.01178	0.01384	0.03803	0.01646	0.01147	0.00924	0.15362	0.05128	0.02582	0.02513	0.27430	0.02614	0.07776	0.01011	0.00261	0.00585	0.01136	0.00591	0.21409
27	0.01535	0.01326	0.04665	0.01212	0.01656	0.01126	0.00982	0.14728	0.01858	0.02629	0.02445	0.25489	0.04253	0.01220	0.00720	0.00201	0.00573	0.01048	0.00571	0.31763
28	0.01562	0.04970	0.05570	0.01686	0.02137	0.01468	0.15438	0.08151	0.07157	0.02389	0.02121	0.17951	0.02067	0.04414	0.01008	0.00251	0.05935	0.00986	0.00505	0.14234
29	0.01816	0.01884	0.04653	0.05783	0.15309	0.08569	0.17664	0.08443	0.06973	0.02475	0.01998	0.02253	0.06908	0.00819	0.00818	0.00222	0.04121	0.00746	0.00455	0.08091
30	0.01575	0.01703	0.08118	0.05672	0.09306	0.01555	0.19225	0.06737	0.01670	0.02334	0.02061	0.09289	0.06542	0.00975	0.00968	0.00235	0.09737	0.00873	0.00442	0.10983

[dist]
# distance from previous block
# <min> <max>
9	44

[block]
# block no. 2 follows, 28 sequences, length 11
# corresponding to MSA columns:
# 145-155
name=unknown_C
#
# <colnr> <probs for GDERKNQSTAVLIFYWHMCP>
#	G	D	E	R	K	N	Q	S	T	A	V	L	I	F	Y	W	H	M	C	P
0	0.07700	0.21666	0.36098	0.01887	0.07111	0.02005	0.01991	0.02183	0.01489	0.02206	0.03215	0.01550	0.01109	0.00735	0.00746	0.00216	0.06242	0.00525	0.00338	0.00988
1	0.01486	0.09161	0.38218	0.01785	0.05655	0.01543	0.01910	0.02182	0.06091	0.04491	0.12026	0.08209	0.02271	0.00961	0.00721	0.00229	0.00825	0.00799	0.00463	0.00976
2	0.06794	0.19221	0.30230	0.01881	0.09230	0.01821	0.03373	0.02117	0.01480	0.02179	0.01299	0.01699	0.01085	0.06100	0.00837	0.00235	0.00874	0.00540	0.00346	0.08658
3	0.01473	0.18125	0.33264	0.01809	0.07890	0.01708	0.01845	0.02009	0.01571	0.02180	0.09184	0.02366	0.06240	0.01188	0.05909	0.00283	0.00930	0.00684	0.00397	0.00946
4	0.01680	0.07415	0.21319	0.07936	0.02576	0.01432	0.08796	0.02166	0.01623	0.10911	0.02252	0.02385	0.09638	0.00820	0.00692	0.00205	0.00809	0.00699	0.00461	0.16184
5	0.01684	0.07090	0.31847	0.03986	0.17933	0.07417	0.02032	0.02265	0.03428	0.04357	0.03331	0.02059	0.02800	0.05659	0.00893	0.00251	0.00938	0.00640	0.00385	0.01003
6	0.20963	0.01447	0.01865	0.10276	0.02295	0.01496	0.09748	0.12431	0.01756	0.02819	0.04924	0.02069	0.01458	0.07276	0.00910	0.00248	0.00735	0.00642	0.00481	0.16161
7	0.01425	0.07386	0.17019	0.03280	0.05334	0.01287	0.01309	0.05771	0.03031	0.04328	0.09869	0.09500	0.10717	0.12089	0.01183	0.00297	0.00697	0.00967	0.00519	0.03993
8	0.23665	0.08539	0.12879	0.07796	0.13895	0.05085	0.01536	0.06088	0.01586	0.02563	0.01504	0.08997	0.01351	0.00854	0.00636	0.00224	0.00785	0.00674	0.00425	0.00920
9	0.01173	0.00810	0.00918	0.00888	0.00973	0.00820	0.00570	0.06280	0.01359	0.01829	0.04404	0.08797	0.08242	0.50290	0.06278	0.00595	0.00707	0.01105	0.03411	0.00551
10	0.41473	0.01799	0.11720	0.01517	0.07156	0.01604	0.01280	0.06714	0.04320	0.13980	0.01509	0.01589	0.01086	0.00737	0.00582	0.00225	0.00687	0.00524	0.00524	0.00975

[dist]
# distance from previous block
# <min> <max>
2	6

[block]
# block no. 3 follows, 28 sequences, length 16
# corresponding to MSA columns:
# 162-177
name=unknown_D
#
# <colnr> <probs for GDERKNQSTAVLIFYWHMCP>
#	G	D	E	R	K	N	Q	S	T	A	V	L	I	F	Y	W	H	M	C	P
0	0.05413	0.01296	0.01957	0.16114	0.02559	0.01319	0.12293	0.09168	0.01754	0.02468	0.08552	0.13045	0.04869	0.04648	0.00903	0.00250	0.00740	0.00968	0.00513	0.11173
1	0.01405	0.00917	0.01261	0.01248	0.04704	0.00882	0.03932	0.04045	0.01528	0.10039	0.10354	0.21562	0.03365	0.29238	0.01928	0.00426	0.00619	0.01256	0.00598	0.00692
2	0.01401	0.01862	0.15780	0.02164	0.02733	0.01397	0.32371	0.01897	0.01589	0.02195	0.05522	0.19526	0.02324	0.04612	0.00979	0.00276	0.00934	0.01120	0.00455	0.00864
3	0.01006	0.00683	0.00808	0.00858	0.00871	0.00671	0.00510	0.01044	0.01157	0.01542	0.02801	0.25370	0.03287	0.52961	0.02874	0.00583	0.00620	0.01358	0.00510	0.00485
4	0.09292	0.57787	0.09266	0.01324	0.01935	0.02620	0.01344	0.02161	0.01440	0.01912	0.01033	0.01222	0.00919	0.00668	0.00587	0.00177	0.04651	0.00415	0.00324	0.00924
5	0.01595	0.06161	0.08997	0.05065	0.02434	0.07931	0.14790	0.01953	0.01437	0.01950	0.01436	0.05351	0.01300	0.01600	0.11532	0.00383	0.20413	0.00724	0.00365	0.04585
6	0.01999	0.01540	0.01660	0.01447	0.01882	0.01728	0.01139	0.09965	0.52842	0.09609	0.03026	0.02784	0.05073	0.01005	0.00743	0.00242	0.00592	0.00828	0.00751	0.01143
7	0.79588	0.01406	0.01068	0.00956	0.01406	0.01631	0.00787	0.02137	0.01237	0.03261	0.01012	0.01181	0.00787	0.00675	0.00450	0.00225	0.00562	0.00394	0.00450	0.00787
8	0.01460	0.01242	0.01457	0.01072	0.01672	0.00940	0.00847	0.01769	0.01499	0.02330	0.01497	0.06971	0.01358	0.00669	0.00568	0.00122	0.00530	0.00554	0.00449	0.72994
9	0.01031	0.00750	0.01053	0.01066	0.01158	0.00836	0.00778	0.01219	0.01158	0.01633	0.02185	0.08675	0.02241	0.21814	0.49917	0.00991	0.01533	0.00943	0.00423	0.00594
10	0.01396	0.03324	0.60622	0.01905	0.02849	0.01543	0.02397	0.02168	0.01610	0.02391	0.11156	0.02097	0.01778	0.00805	0.00715	0.00230	0.00969	0.00649	0.00378	0.01018
11	0.01627	0.01363	0.01572	0.01134	0.01773	0.01092	0.00911	0.08097	0.01690	0.02580	0.01335	0.01530	0.01092	0.00570	0.00556	0.00118	0.00563	0.00452	0.00459	0.71486
12	0.00886	0.00633	0.00843	0.01012	0.01054	0.00590	0.00675	0.01012	0.01392	0.01856	0.04006	0.73979	0.04808	0.02277	0.00928	0.00295	0.00422	0.02066	0.00675	0.00590
13	0.01105	0.00753	0.00963	0.00945	0.01124	0.00686	0.00706	0.01384	0.01870	0.06176	0.43182	0.17813	0.14668	0.01665	0.00869	0.00247	0.00388	0.04007	0.00761	0.00688
14	0.00886	0.00633	0.00843	0.01012	0.01054	0.00590	0.00675	0.01012	0.01392	0.01856	0.04006	0.73979	0.04808	0.02277	0.00928	0.00295	0.00422	0.02066	0.00675	0.00590
15	0.02763	0.02036	0.02182	0.01672	0.02254	0.02254	0.01382	0.67496	0.03418	0.04581	0.01745	0.01745	0.01236	0.00873	0.00727	0.00218	0.00800	0.00654	0.00727	0.01236

[dist]
# distance from previous block
# <min> <max>
0	3

[block]
# block no. 4 follows, 28 sequences, length 64
# corresponding to MSA columns:
# 181-244
name=unknown_E
#
# <colnr> <probs for GDERKNQSTAVLIFYWHMCP>
#	G	D	E	R	K	N	Q	S	T	A	V	L	I	F	Y	W	H	M	C	P
0	0.04177	0.06394	0.58709	0.02103	0.03102	0.01750	0.09245	0.02294	0.01541	0.02313	0.01300	0.01552	0.00936	0.00679	0.00691	0.00229	0.01060	0.00559	0.00318	0.01049
1	0.01340	0.01127	0.01335	0.01528	0.12025	0.04165	0.00934	0.06449	0.04037	0.02206	0.10810	0.09709	0.18738	0.20603	0.01566	0.00359	0.00618	0.01146	0.00570	0.00735
2	0.01558	0.01325	0.01533	0.01109	0.01745	0.01038	0.00888	0.04007	0.03785	0.02462	0.01362	0.01555	0.01120	0.00564	0.00551	0.00116	0.00548	0.00451	0.00450	0.73835
3	0.00970	0.00743	0.00896	0.00878	0.01070	0.00658	0.00647	0.01229	0.01811	0.02434	0.37530	0.16024	0.26439	0.01685	0.00858	0.00240	0.00369	0.01467	0.00729	0.03324
4	0.00961	0.00740	0.00878	0.00844	0.01045	0.00657	0.00633	0.01241	0.01898	0.02537	0.44805	0.06053	0.31826	0.01627	0.00858	0.00235	0.00353	0.01402	0.00750	0.00657
5	0.01715	0.01939	0.04165	0.03080	0.06366	0.01847	0.62447	0.02305	0.01693	0.02311	0.01449	0.01942	0.01100	0.00637	0.00905	0.00246	0.03666	0.00842	0.00366	0.00981
6	0.01029	0.00743	0.00972	0.00914	0.01086	0.00686	0.00686	0.01372	0.02058	0.02915	0.69536	0.05430	0.06859	0.01486	0.00857	0.00229	0.00343	0.01315	0.00800	0.00686
7	0.01507	0.01292	0.01507	0.01077	0.01723	0.00969	0.00861	0.01830	0.01507	0.02369	0.01292	0.01507	0.01077	0.00538	0.00538	0.00108	0.00538	0.00431	0.00431	0.78898
8	0.03173	0.01266	0.01696	0.01297	0.01864	0.01104	0.01070	0.05621	0.02102	0.65436	0.02766	0.02410	0.01751	0.00884	0.00723	0.00220	0.00621	0.00716	0.00875	0.04404
9	0.02693	0.01985	0.02140	0.01652	0.02215	0.02199	0.01362	0.64783	0.03326	0.04463	0.01753	0.01791	0.01260	0.01060	0.03630	0.00257	0.00847	0.00660	0.00713	0.01212
10	0.00859	0.00736	0.00736	0.00736	0.00982	0.00614	0.00552	0.01043	0.01657	0.01964	0.07364	0.06996	0.69624	0.01841	0.00859	0.00245	0.00368	0.01534	0.00675	0.00614
11	0.02715	0.03464	0.02060	0.01873	0.02247	0.71536	0.01404	0.02903	0.02060	0.01779	0.01124	0.01311	0.00936	0.00749	0.00655	0.00187	0.01311	0.00468	0.00375	0.00843
12	0.01365	0.00716	0.00743	0.00730	0.00892	0.00743	0.00554	0.01696	0.01507	0.02669	0.02311	0.02663	0.01825	0.00865	0.00588	0.00176	0.03425	0.00676	0.75174	0.00682
13	0.01373	0.01292	0.02180	0.72707	0.05006	0.01615	0.02019	0.01857	0.01453	0.01857	0.01292	0.01938	0.00969	0.00727	0.00727	0.00242	0.00969	0.00646	0.00323	0.00807
14	0.00886	0.00633	0.00843	0.01012	0.01054	0.00590	0.00675	0.01012	0.01392	0.01856	0.04006	0.73979	0.04808	0.02277	0.00928	0.00295	0.00422	0.02066	0.00675	0.00590
15	0.00886	0.00633	0.00843	0.01012	0.01054	0.00590	0.00675	0.01012	0.01392	0.01856	0.04006	0.73979	0.04808	0.02277	0.00928	0.00295	0.00422	0.02066	0.00675	0.00590
16	0.01567	0.03444	0.62700	0.01970	0.02964	0.01597	0.02483	0.02340	0.01569	0.07314	0.01532	0.04603	0.01147	0.00772	0.00703	0.00233	0.01014	0.00615	0.00366	0.01066
17	0.01567	0.01556	0.02182	0.01877	0.01883	0.02171	0.01562	0.01730	0.01116	0.01747	0.00996	0.01643	0.00990	0.01448	0.05292	0.00354	0.70133	0.00642	0.00321	0.00789
18	0.01716	0.01961	0.04289	0.03064	0.03799	0.01838	0.67279	0.02328	0.01716	0.02328	0.01471	0.01961	0.01103	0.00613	0.00858	0.00245	0.01225	0.00858	0.00368	0.00980
19	0.01373	0.01292	0.02180	0.72707	0.05006	0.01615	0.02019	0.01857	0.01453	0.01857	0.01292	0.01938	0.00969	0.00727	0.00727	0.00242	0.00969	0.00646	0.00323	0.00807
20	0.04834	0.03161	0.54294	0.01856	0.02770	0.01583	0.02270	0.05205	0.01687	0.06494	0.07648	0.01941	0.01524	0.00783	0.00700	0.00229	0.00947	0.00619	0.00412	0.01044
21	0.79588	0.01406	0.01068	0.00956	0.01406	0.01631	0.00787	0.02137	0.01237	0.03261	0.01012	0.01181	0.00787	0.00675	0.00450	0.00225	0.00562	0.00394	0.00450	0.00787
22	0.01022	0.00743	0.00962	0.00907	0.01082	0.00683	0.00681	0.01359	0.02042	0.02877	0.67061	0.05492	0.09357	0.01500	0.00857	0.00229	0.00344	0.01323	0.00795	0.00683
23	0.01763	0.01690	0.02885	0.10228	0.64435	0.01718	0.02213	0.02199	0.01638	0.02331	0.01361	0.01811	0.01136	0.00654	0.00720	0.00218	0.00872	0.00648	0.00357	0.01122
24	0.01057	0.00705	0.00793	0.00793	0.00793	0.00705	0.00440	0.01057	0.01057	0.01409	0.02290	0.04757	0.02643	0.74454	0.03700	0.00705	0.00705	0.01057	0.00440	0.00440
25	0.00904	0.00646	0.00865	0.01033	0.01084	0.00606	0.00707	0.01044	0.01410	0.01876	0.03996	0.69709	0.04767	0.02260	0.00933	0.00298	0.00438	0.06154	0.00674	0.00596
26	0.01040	0.00774	0.01143	0.01143	0.01264	0.00895	0.00877	0.01282	0.01161	0.01669	0.01970	0.02982	0.01872	0.10054	0.67047	0.01137	0.01864	0.00797	0.00393	0.00635
27	0.14583	0.04779	0.02113	0.04957	0.11684	0.25260	0.03293	0.14538	0.02042	0.02666	0.01470	0.01988	0.01244	0.00830	0.00673	0.00217	0.00952	0.05300	0.00467	0.00943
28	0.00885	0.00637	0.00839	0.01001	0.01051	0.00591	0.00670	0.01013	0.01403	0.01860	0.04145	0.71206	0.07491	0.02259	0.00925	0.00293	0.00420	0.02044	0.00675	0.00591
29	0.01061	0.00812	0.01212	0.01199	0.01323	0.00963	0.00937	0.01317	0.01166	0.01690	0.01906	0.02803	0.01782	0.05279	0.68719	0.01133	0.04883	0.00773	0.00386	0.00655
30	0.01704	0.01671	0.02967	0.17751	0.48789	0.01719	0.10377	0.02169	0.01623	0.02267	0.01365	0.01847	0.01109	0.00659	0.00738	0.00225	0.00930	0.00674	0.00354	0.01062
31	0.02603	0.03199	0.02137	0.02056	0.07188	0.60646	0.01472	0.05451	0.02046	0.01936	0.01160	0.01376	0.00965	0.00769	0.00736	0.00196	0.04302	0.00496	0.00386	0.00879
32	0.05768	0.03237	0.02055	0.01917	0.04282	0.63219	0.01414	0.02796	0.01969	0.01856	0.01118	0.01334	0.00938	0.00768	0.00732	0.00196	0.04701	0.00479	0.00374	0.00848
33	0.01567	0.01556	0.02182	0.01877	0.01883	0.02171	0.01562	0.01730	0.01116	0.01747	0.00996	0.01643	0.00990	0.01448	0.05292	0.00354	0.70133	0.00642	0.00321	0.00789
34	0.79588	0.01406	0.01068	0.00956	0.01406	0.01631	0.00787	0.02137	0.01237	0.03261	0.01012	0.01181	0.00787	0.00675	0.00450	0.00225	0.00562	0.00394	0.00450	0.00787
35	0.79588	0.01406	0.01068	0.00956	0.01406	0.01631	0.00787	0.02137	0.01237	0.03261	0.01012	0.01181	0.00787	0.00675	0.00450	0.00225	0.00562	0.00394	0.00450	0.00787
36	0.00956	0.00744	0.00870	0.00851	0.01057	0.00659	0.00646	0.01223	0.01850	0.02432	0.37115	0.06300	0.36290	0.01678	0.00865	0.00242	0.00370	0.04465	0.00735	0.00651
37	0.00886	0.00633	0.00843	0.01012	0.01054	0.00590	0.00675	0.01012	0.01392	0.01856	0.04006	0.73979	0.04808	0.02277	0.00928	0.00295	0.00422	0.02066	0.00675	0.00590
38	0.79588	0.01406	0.01068	0.00956	0.01406	0.01631	0.00787	0.02137	0.01237	0.03261	0.01012	0.01181	0.00787	0.00675	0.00450	0.00225	0.00562	0.00394	0.00450	0.00787
39	0.01943	0.74891	0.03809	0.01244	0.01866	0.02876	0.01244	0.02177	0.01477	0.01710	0.01011	0.01166	0.00933	0.00622	0.00466	0.00155	0.00777	0.00389	0.00311	0.00933
40	0.01943	0.74891	0.03809	0.01244	0.01866	0.02876	0.01244	0.02177	0.01477	0.01710	0.01011	0.01166	0.00933	0.00622	0.00466	0.00155	0.00777	0.00389	0.00311	0.00933
41	0.01171	0.00837	0.01171	0.01339	0.01506	0.00837	0.01171	0.01506	0.01673	0.02175	0.03849	0.08199	0.04183	0.02008	0.01004	0.00335	0.00669	0.65027	0.00669	0.00669
42	0.79588	0.01406	0.01068	0.00956	0.01406	0.01631	0.00787	0.02137	0.01237	0.03261	0.01012	0.01181	0.00787	0.00675	0.00450	0.00225	0.00562	0.00394	0.00450	0.00787
43	0.00886	0.00633	0.00843	0.01012	0.01054	0.00590	0.00675	0.01012	0.01392	0.01856	0.04006	0.73979	0.04808	0.02277	0.00928	0.00295	0.00422	0.02066	0.00675	0.00590
44	0.79588	0.01406	0.01068	0.00956	0.01406	0.01631	0.00787	0.02137	0.01237	0.03261	0.01012	0.01181	0.00787	0.00675	0.00450	0.00225	0.00562	0.00394	0.00450	0.00787
45	0.01799	0.01727	0.02950	0.04462	0.69919	0.01727	0.02231	0.02231	0.01655	0.02375	0.01367	0.01799	0.01151	0.00648	0.00720	0.00216	0.00864	0.00648	0.00360	0.01151
46	0.01808	0.01561	0.01644	0.01479	0.01890	0.01808	0.01151	0.03863	0.68606	0.03041	0.02959	0.02712	0.02219	0.00986	0.00740	0.00247	0.00575	0.00822	0.00740	0.01151
47	0.00859	0.00736	0.00736	0.00736	0.00982	0.00614	0.00552	0.01043	0.01657	0.01964	0.07364	0.06996	0.69624	0.01841	0.00859	0.00245	0.00368	0.01534	0.00675	0.00614
48	0.01716	0.01961	0.04289	0.03064	0.03799	0.01838	0.67279	0.02328	0.01716	0.02328	0.01471	0.01961	0.01103	0.00613	0.00858	0.00245	0.01225	0.00858	0.00368	0.00980
49	0.02181	0.01611	0.01753	0.01493	0.01956	0.01799	0.01185	0.16122	0.47402	0.12052	0.02712	0.02494	0.01975	0.00953	0.00736	0.00238	0.00624	0.00778	0.00758	0.01178
50	0.00859	0.00736	0.00736	0.00736	0.00982	0.00614	0.00552	0.01043	0.01657	0.01964	0.07364	0.06996	0.69624	0.01841	0.00859	0.00245	0.00368	0.01534	0.00675	0.00614
51	0.05957	0.01243	0.01665	0.01281	0.01840	0.01088	0.01058	0.03493	0.02051	0.68051	0.02802	0.02428	0.01764	0.00892	0.00721	0.00225	0.00617	0.00719	0.00884	0.01221
52	0.01056	0.00708	0.00808	0.00808	0.00814	0.00713	0.00460	0.01067	0.01062	0.01421	0.02276	0.04678	0.02609	0.71608	0.06499	0.00724	0.00756	0.01046	0.00438	0.00449
53	0.00886	0.00633	0.00843	0.01012	0.01054	0.00590	0.00675	0.01012	0.01392	0.01856	0.04006	0.73979	0.04808	0.02277	0.00928	0.00295	0.00422	0.02066	0.00675	0.00590
54	0.03218	0.01306	0.01730	0.01326	0.01890	0.01171	0.01095	0.09071	0.02196	0.64732	0.02771	0.02411	0.01751	0.00897	0.00731	0.00224	0.00634	0.00724	0.00885	0.01237
55	0.14436	0.01262	0.01596	0.01244	0.01790	0.01151	0.01027	0.03337	0.01957	0.60590	0.02596	0.02285	0.01651	0.00867	0.00690	0.00225	0.00610	0.00682	0.00834	0.01171
56	0.01016	0.00746	0.00954	0.00912	0.01092	0.00684	0.00691	0.01340	0.01996	0.02776	0.59717	0.05724	0.13846	0.01548	0.00864	0.00235	0.00360	0.04041	0.00780	0.00677
57	0.01048	0.00739	0.00966	0.00966	0.01026	0.00799	0.00656	0.01168	0.01108	0.01538	0.02132	0.03880	0.02262	0.42635	0.34998	0.00918	0.01278	0.00929	0.00417	0.00537
58	0.67072	0.01380	0.01195	0.01137	0.04498	0.01553	0.00869	0.02215	0.01354	0.08276	0.04019	0.01483	0.01133	0.00724	0.00500	0.00225	0.00571	0.00469	0.00494	0.00833
59	0.01830	0.01785	0.02921	0.04376	0.67672	0.04046	0.02203	0.02253	0.01669	0.02355	0.01359	0.01783	0.01144	0.00651	0.00717	0.00215	0.00878	0.00642	0.00360	0.01141
60	0.05622	0.66301	0.08450	0.01289	0.01935	0.02732	0.01325	0.02184	0.01470	0.01827	0.01032	0.01193	0.00925	0.00629	0.00482	0.00164	0.00788	0.00400	0.00317	0.00936
61	0.53027	0.01868	0.11751	0.01307	0.01874	0.04191	0.04315	0.04514	0.01472	0.08115	0.01246	0.01392	0.00919	0.00700	0.00543	0.00225	0.00710	0.00474	0.00465	0.00890
62	0.01861	0.38373	0.27099	0.01595	0.02363	0.02341	0.01764	0.09823	0.04514	0.02305	0.01280	0.01427	0.01017	0.00690	0.00587	0.00193	0.00876	0.00490	0.00375	0.01027
63	0.07363	0.01328	0.01550	0.04262	0.01800	0.01444	0.01076	0.20370	0.07726	0.12394	0.04562	0.13744	0.02191	0.01466	0.06036	0.00307	0.03963	0.00919	0.06547	0.00953

[dist]
# distance from previous block
# <min> <max>
4	9

[block]
# block no. 5 follows, 28 sequences, length 29
# corresponding to MSA columns:
# 254-282
name=unknown_F
#
# <colnr> <probs for GDERKNQSTAVLIFYWHMCP>
#	G	D	E	R	K	N	Q	S	T	A	V	L	I	F	Y	W	H	M	C	P
0	0.01566	0.04574	0.11146	0.10714	0.08133	0.01682	0.24147	0.04029	0.01589	0.02222	0.01684	0.09879	0.01501	0.00917	0.00951	0.00246	0.08916	0.00855	0.04338	0.00911
1	0.05267	0.03635	0.09305	0.10282	0.02161	0.01172	0.06921	0.01770	0.03535	0.04793	0.15703	0.13878	0.10502	0.01243	0.00779	0.00238	0.00654	0.02707	0.00562	0.04892
2	0.13035	0.05480	0.08803	0.17357	0.06258	0.10909	0.06278	0.11594	0.01864	0.07074	0.01439	0.01701	0.01074	0.00738	0.00664	0.00219	0.00902	0.00587	0.03068	0.00956
3	0.01754	0.06261	0.11020	0.03144	0.32625	0.01826	0.13583	0.02580	0.15043	0.02452	0.01676	0.01942	0.01316	0.00713	0.00730	0.00225	0.00890	0.00692	0.00428	0.01099
4	0.01675	0.04275	0.02684	0.19624	0.41241	0.03793	0.05136	0.02104	0.01619	0.02194	0.01554	0.02367	0.01361	0.00787	0.00742	0.00231	0.00898	0.06336	0.00378	0.01004
5	0.56993	0.12709	0.04204	0.05660	0.01803	0.04449	0.01030	0.02160	0.01329	0.02845	0.01045	0.01245	0.00832	0.00673	0.00487	0.00214	0.00668	0.00417	0.00412	0.00823
6	0.01485	0.01268	0.01491	0.01081	0.01702	0.00966	0.00864	0.01805	0.01491	0.02336	0.01323	0.01571	0.01112	0.00772	0.03913	0.00158	0.00605	0.00447	0.00429	0.75180
7	0.01205	0.00783	0.01021	0.00939	0.01145	0.00714	0.00712	0.01537	0.02045	0.08397	0.61772	0.05247	0.08783	0.01451	0.00847	0.00229	0.00366	0.01275	0.00804	0.00728
8	0.00886	0.00633	0.00843	0.01012	0.01054	0.00590	0.00675	0.01012	0.01392	0.01856	0.04006	0.73979	0.04808	0.02277	0.00928	0.00295	0.00422	0.02066	0.00675	0.00590
9	0.00859	0.00736	0.00736	0.00736	0.00982	0.00614	0.00552	0.01043	0.01657	0.01964	0.07364	0.06996	0.69624	0.01841	0.00859	0.00245	0.00368	0.01534	0.00675	0.00614
10	0.00950	0.00748	0.00863	0.00858	0.01069	0.00661	0.00659	0.01206	0.01803	0.02327	0.29468	0.06545	0.40762	0.01729	0.00872	0.00248	0.00388	0.07480	0.00720	0.00645
11	0.08850	0.00815	0.00791	0.00754	0.00971	0.00848	0.00579	0.05059	0.01593	0.02857	0.02211	0.02516	0.01729	0.00832	0.00514	0.00177	0.00383	0.00649	0.67156	0.00716
12	0.01507	0.01292	0.01507	0.01077	0.01723	0.00969	0.00861	0.01830	0.01507	0.02369	0.01292	0.01507	0.01077	0.00538	0.00538	0.00108	0.00538	0.00431	0.00431	0.78898
13	0.02416	0.01764	0.01913	0.01557	0.02066	0.01957	0.01257	0.35158	0.30202	0.10193	0.02353	0.02213	0.01695	0.00922	0.00733	0.00231	0.00690	0.00731	0.00749	0.01201
14	0.02763	0.02036	0.02182	0.01672	0.02254	0.02254	0.01382	0.67496	0.03418	0.04581	0.01745	0.01745	0.01236	0.00873	0.00727	0.00218	0.00800	0.00654	0.00727	0.01236
15	0.00985	0.00723	0.00922	0.00911	0.01068	0.00661	0.00668	0.01272	0.01897	0.02623	0.51091	0.17351	0.13799	0.01663	0.00870	0.00242	0.00359	0.01469	0.00764	0.00661
16	0.00862	0.00727	0.00747	0.00763	0.00989	0.00611	0.00564	0.01040	0.01632	0.01953	0.07045	0.13352	0.63474	0.01882	0.00866	0.00250	0.00373	0.01585	0.00675	0.00611
17	0.01654	0.01921	0.08964	0.02043	0.02295	0.06213	0.12177	0.01961	0.01329	0.01947	0.01154	0.01686	0.01021	0.01057	0.01777	0.00282	0.46616	0.00654	0.04400	0.00848
18	0.02715	0.03464	0.02060	0.01873	0.02247	0.71536	0.01404	0.02903	0.02060	0.01779	0.01124	0.01311	0.00936	0.00749	0.00655	0.00187	0.01311	0.00468	0.00375	0.00843
19	0.01263	0.00631	0.00947	0.00947	0.00947	0.00631	0.00631	0.00947	0.00947	0.01263	0.01263	0.02210	0.01263	0.02525	0.02841	0.78851	0.00631	0.00631	0.00316	0.00316
20	0.01497	0.06799	0.64203	0.02160	0.06567	0.01743	0.02598	0.02293	0.01538	0.02280	0.01295	0.01532	0.00933	0.00685	0.00682	0.00226	0.01050	0.00536	0.00310	0.01072
21	0.02301	0.02207	0.01768	0.01506	0.01922	0.26310	0.01179	0.26639	0.04689	0.02978	0.02471	0.02504	0.11553	0.00977	0.00703	0.00208	0.00866	0.00729	0.07541	0.00950
22	0.01458	0.03760	0.70688	0.02072	0.03146	0.01688	0.02686	0.02302	0.01535	0.02302	0.01304	0.01535	0.00921	0.00691	0.00691	0.00230	0.01074	0.00537	0.00307	0.01074
23	0.01049	0.00701	0.00795	0.00803	0.00805	0.00699	0.00452	0.01055	0.01073	0.01431	0.02372	0.08065	0.02746	0.71005	0.03567	0.00685	0.00691	0.01105	0.00452	0.00448
24	0.02763	0.02036	0.02182	0.01672	0.02254	0.02254	0.01382	0.67496	0.03418	0.04581	0.01745	0.01745	0.01236	0.00873	0.00727	0.00218	0.00800	0.00654	0.00727	0.01236
25	0.01732	0.01735	0.02588	0.28818	0.40096	0.08311	0.02076	0.02160	0.01621	0.02132	0.01317	0.01803	0.01065	0.00686	0.00716	0.00223	0.00944	0.00630	0.00348	0.00998
26	0.01263	0.00631	0.00947	0.00947	0.00947	0.00631	0.00631	0.00947	0.00947	0.01263	0.01263	0.02210	0.01263	0.02525	0.02841	0.78851	0.00631	0.00631	0.00316	0.00316
27	0.03118	0.01467	0.01829	0.01402	0.01970	0.01409	0.01158	0.21928	0.02465	0.51495	0.02545	0.02265	0.01637	0.00892	0.00730	0.00223	0.00671	0.00709	0.00850	0.01237
28	0.02210	0.02159	0.01912	0.01751	0.05480	0.20845	0.01301	0.14786	0.31941	0.02904	0.02074	0.02048	0.01580	0.00861	0.00703	0.00217	0.00829	0.00666	0.00603	0.05131

[dist]
# distance from previous block
# <min> <max>
0	1

[block]
# block no. 6 follows, 28 sequences, length 38
# corresponding to MSA columns:
# 284-321
name=unknown_G
#
# <colnr> <probs for GDERKNQSTAVLIFYWHMCP>
#	G	D	E	R	K	N	Q	S	T	A	V	L	I	F	Y	W	H	M	C	P
0	0.01057	0.00705	0.00793	0.00793	0.00793	0.00705	0.00440	0.01057	0.01057	0.01409	0.02290	0.04757	0.02643	0.74454	0.03700	0.00705	0.00705	0.01057	0.00440	0.00440
1	0.05977	0.05005	0.02297	0.02194	0.15512	0.16016	0.01506	0.32949	0.02557	0.06779	0.01542	0.01658	0.01156	0.00786	0.00689	0.00210	0.00894	0.00598	0.00564	0.01109
2	0.01015	0.00742	0.00952	0.00900	0.01077	0.00680	0.00675	0.01345	0.02025	0.02837	0.64446	0.05558	0.11997	0.01515	0.00857	0.00230	0.00345	0.01333	0.00790	0.00680
3	0.02611	0.01630	0.01811	0.01417	0.01921	0.01731	0.01161	0.42720	0.02807	0.17588	0.02085	0.02066	0.01463	0.00873	0.00689	0.00211	0.00680	0.00674	0.14726	0.01136
4	0.00928	0.00724	0.00830	0.00831	0.01015	0.00639	0.00605	0.01148	0.01726	0.02236	0.27186	0.14445	0.37700	0.05488	0.01012	0.00269	0.00384	0.01502	0.00704	0.00626
5	0.01062	0.00771	0.01131	0.01131	0.01264	0.00891	0.00878	0.01328	0.01195	0.01765	0.01979	0.02845	0.01821	0.05102	0.66178	0.01092	0.01825	0.00771	0.06319	0.00651
6	0.01590	0.01590	0.02226	0.01908	0.01908	0.02226	0.01590	0.01749	0.01113	0.01749	0.00954	0.01590	0.00954	0.01272	0.02385	0.00318	0.73123	0.00636	0.00318	0.00795
7	0.79588	0.01406	0.01068	0.00956	0.01406	0.01631	0.00787	0.02137	0.01237	0.03261	0.01012	0.01181	0.00787	0.00675	0.00450	0.00225	0.00562	0.00394	0.00450	0.00787
8	0.05226	0.01413	0.01698	0.01292	0.01873	0.01297	0.01056	0.14321	0.04722	0.33604	0.02141	0.02023	0.01467	0.00783	0.00664	0.00190	0.00623	0.00620	0.00708	0.24280
9	0.02720	0.03341	0.02070	0.01855	0.02248	0.65532	0.01403	0.08500	0.02178	0.02022	0.01177	0.01349	0.00962	0.00760	0.00662	0.00190	0.01267	0.00484	0.00405	0.00877
10	0.01371	0.01241	0.02056	0.66766	0.04663	0.01538	0.01894	0.01844	0.01459	0.01928	0.01381	0.02002	0.01043	0.00737	0.00709	0.00236	0.00917	0.00649	0.06770	0.00797
11	0.01877	0.65091	0.13023	0.01358	0.02042	0.02713	0.01442	0.02194	0.01485	0.01792	0.01051	0.01217	0.00931	0.00631	0.00497	0.00166	0.00818	0.00409	0.00310	0.00952
12	0.00973	0.00710	0.00931	0.01079	0.01169	0.00683	0.00783	0.01210	0.03810	0.01965	0.04106	0.55231	0.07818	0.02158	0.00933	0.00299	0.00473	0.14368	0.00676	0.00627
13	0.00923	0.00755	0.00825	0.00852	0.01081	0.00657	0.00669	0.01141	0.01678	0.02044	0.09500	0.07142	0.55079	0.01855	0.00885	0.00261	0.00421	0.12926	0.00680	0.00627
14	0.01015	0.00805	0.00968	0.03282	0.01234	0.03140	0.00752	0.01184	0.01424	0.01849	0.06139	0.37689	0.13335	0.10054	0.10767	0.00443	0.00705	0.04013	0.00594	0.00608
15	0.01710	0.40674	0.35981	0.01642	0.02482	0.02305	0.01937	0.02237	0.01505	0.01995	0.01152	0.01343	0.00927	0.00655	0.00574	0.00191	0.00920	0.00460	0.00309	0.01001
16	0.01767	0.01695	0.02893	0.09550	0.65079	0.01719	0.02215	0.02203	0.01640	0.02336	0.01362	0.01809	0.01138	0.00654	0.00720	0.00218	0.00871	0.00648	0.00357	0.01126
17	0.01069	0.00687	0.00906	0.01017	0.01113	0.00631	0.00699	0.01217	0.01478	0.07100	0.06168	0.63043	0.07868	0.02126	0.00907	0.00285	0.00432	0.01915	0.00696	0.00644
18	0.01687	0.09190	0.43632	0.02396	0.12104	0.08459	0.07980	0.02341	0.01612	0.02215	0.01286	0.01556	0.00970	0.00678	0.00687	0.00219	0.01057	0.00561	0.00326	0.01043
19	0.02981	0.01220	0.01630	0.01269	0.01787	0.01084	0.01040	0.06474	0.02144	0.59418	0.10446	0.02776	0.02351	0.00965	0.00745	0.00225	0.00596	0.00794	0.00880	0.01174
20	0.12821	0.01765	0.02111	0.25356	0.03023	0.13326	0.06530	0.02073	0.01464	0.02089	0.01201	0.01676	0.00981	0.00851	0.01077	0.00246	0.18405	0.00596	0.03593	0.00815
21	0.60659	0.01668	0.09530	0.01132	0.01671	0.01567	0.01051	0.02332	0.01378	0.11522	0.01279	0.01385	0.00930	0.00705	0.00514	0.00226	0.00631	0.00453	0.00489	0.00878
22	0.01098	0.00763	0.00968	0.00905	0.01103	0.00692	0.00683	0.01416	0.02002	0.05584	0.58066	0.05526	0.15435	0.01511	0.00852	0.00231	0.00358	0.01321	0.00787	0.00699
23	0.01458	0.03760	0.70688	0.02072	0.03146	0.01688	0.02686	0.02302	0.01535	0.02302	0.01304	0.01535	0.00921	0.00691	0.00691	0.00230	0.01074	0.00537	0.00307	0.01074
24	0.00940	0.00740	0.00848	0.00821	0.01031	0.00648	0.00616	0.01199	0.01847	0.02415	0.36830	0.06253	0.39877	0.01673	0.00858	0.00237	0.00356	0.01430	0.00734	0.00648
25	0.00907	0.00648	0.00868	0.01037	0.01089	0.00609	0.00712	0.01050	0.01413	0.01880	0.03994	0.68985	0.04760	0.02257	0.00934	0.00298	0.00441	0.06846	0.00674	0.00596
26	0.00900	0.00738	0.00793	0.00780	0.01007	0.00631	0.00585	0.01123	0.01754	0.02194	0.22421	0.06616	0.54423	0.01755	0.00859	0.00241	0.00362	0.01481	0.00705	0.00631
27	0.01808	0.01561	0.01644	0.01479	0.01890	0.01808	0.01151	0.03863	0.68606	0.03041	0.02959	0.02712	0.02219	0.00986	0.00740	0.00247	0.00575	0.00822	0.00740	0.01151
28	0.02763	0.02036	0.02182	0.01672	0.02254	0.02254	0.01382	0.67496	0.03418	0.04581	0.01745	0.01745	0.01236	0.00873	0.00727	0.00218	0.00800	0.00654	0.00727	0.01236
29	0.01057	0.00705	0.00793	0.00793	0.00793	0.00705	0.00440	0.01057	0.01057	0.01409	0.02290	0.04757	0.02643	0.74454	0.03700	0.00705	0.00705	0.01057	0.00440	0.00440
30	0.01943	0.74891	0.03809	0.01244	0.01866	0.02876	0.01244	0.02177	0.01477	0.01710	0.01011	0.01166	0.00933	0.00622	0.00466	0.00155	0.00777	0.00389	0.00311	0.00933
31	0.01848	0.01581	0.01666	0.01487	0.01905	0.01827	0.01160	0.06501	0.65903	0.03105	0.02908	0.02672	0.02178	0.00981	0.00739	0.00245	0.00585	0.00815	0.00739	0.01154
32	0.01045	0.00752	0.01034	0.01034	0.01118	0.00836	0.00742	0.01212	0.01129	0.01588	0.02069	0.03534	0.02112	0.30065	0.47362	0.01003	0.01504	0.00878	0.00408	0.00575
33	0.01373	0.01292	0.02180	0.72707	0.05006	0.01615	0.02019	0.01857	0.01453	0.01857	0.01292	0.01938	0.00969	0.00727	0.00727	0.00242	0.00969	0.00646	0.00323	0.00807
34	0.00859	0.00736	0.00736	0.00736	0.00982	0.00614	0.00552	0.01043	0.01657	0.01964	0.07364	0.06996	0.69624	0.01841	0.00859	0.00245	0.00368	0.01534	0.00675	0.00614
35	0.01551	0.01520	0.02355	0.01943	0.02079	0.01954	0.11677	0.01801	0.01241	0.01904	0.01212	0.01825	0.01109	0.01456	0.07265	0.00361	0.51277	0.00684	0.05980	0.00804
36	0.79588	0.01406	0.01068	0.00956	0.01406	0.01631	0.00787	0.02137	0.01237	0.03261	0.01012	0.01181	0.00787	0.00675	0.00450	0.00225	0.00562	0.00394	0.00450	0.00787
37	0.05339	0.04964	0.02069	0.07833	0.02342	0.18902	0.01346	0.26734	0.02318	0.02982	0.01379	0.01565	0.01069	0.00784	0.00759	0.00199	0.05231	0.00552	0.00508	0.13125

[dist]
# distance from previous block
# <min> <max>
0	1

[block]
# block no. 7 follows, 28 sequences, length 210
# corresponding to MSA columns:
# 323-512,514-533
name=unknown_H
#
# <colnr> <probs for GDERKNQSTAVLIFYWHMCP>
#	G	D	E	R	K	N	Q	S	T	A	V	L	I	F	Y	W	H	M	C	P
0	0.01153	0.00957	0.01202	0.01072	0.01352	0.00904	0.05244	0.05854	0.06391	0.02461	0.21198	0.10552	0.35731	0.01580	0.00847	0.00243	0.00467	0.01366	0.00692	0.00733
1	0.00884	0.00640	0.00836	0.00993	0.01049	0.00592	0.00666	0.01014	0.01410	0.01863	0.04234	0.69443	0.09197	0.02248	0.00923	0.00292	0.00418	0.02030	0.00675	0.00592
2	0.02797	0.01982	0.02148	0.01647	0.02227	0.02174	0.01360	0.63164	0.03327	0.09040	0.01821	0.01795	0.01274	0.00874	0.00727	0.00219	0.00788	0.00660	0.00739	0.01236
3	0.15140	0.22370	0.36351	0.01626	0.02432	0.04157	0.01879	0.02299	0.01502	0.04506	0.01220	0.01398	0.00930	0.00678	0.00589	0.00208	0.00899	0.00477	0.00354	0.00985
4	0.00949	0.00731	0.00859	0.00844	0.01031	0.00650	0.00622	0.01199	0.01812	0.02396	0.36880	0.11053	0.32624	0.03951	0.00951	0.00255	0.00370	0.01452	0.00728	0.00641
5	0.02118	0.04765	0.13323	0.02638	0.23597	0.24209	0.01838	0.02497	0.01745	0.06713	0.01337	0.01601	0.01066	0.00746	0.00805	0.00212	0.06348	0.00562	0.00390	0.03488
6	0.01263	0.00631	0.00947	0.00947	0.00947	0.00631	0.00631	0.00947	0.00947	0.01263	0.01263	0.02210	0.01263	0.02525	0.02841	0.78851	0.00631	0.00631	0.00316	0.00316
7	0.01620	0.08547	0.59121	0.01995	0.02967	0.08931	0.02457	0.02355	0.01585	0.02208	0.01266	0.01487	0.00923	0.00692	0.00672	0.00221	0.01078	0.00520	0.00314	0.01041
8	0.00896	0.00738	0.00787	0.00775	0.01004	0.00629	0.00581	0.01114	0.01743	0.02169	0.20775	0.06658	0.56085	0.01764	0.00859	0.00242	0.00363	0.01487	0.00702	0.00629
9	0.01028	0.00742	0.00974	0.00933	0.01100	0.00688	0.00703	0.01363	0.02019	0.02848	0.64703	0.08144	0.06685	0.01535	0.00865	0.00235	0.00358	0.03605	0.00791	0.00682
10	0.00877	0.00737	0.00761	0.00755	0.00993	0.00621	0.00566	0.01078	0.01699	0.02064	0.13907	0.06831	0.63018	0.01804	0.00859	0.00244	0.00366	0.01511	0.00688	0.00621
11	0.01355	0.00827	0.01008	0.00913	0.01181	0.00725	0.00702	0.01627	0.01910	0.14341	0.34441	0.05505	0.29656	0.01518	0.00836	0.00234	0.00401	0.01296	0.00770	0.00755
12	0.01943	0.74891	0.03809	0.01244	0.01866	0.02876	0.01244	0.02177	0.01477	0.01710	0.01011	0.01166	0.00933	0.00622	0.00466	0.00155	0.00777	0.00389	0.00311	0.00933
13	0.01458	0.03760	0.70688	0.02072	0.03146	0.01688	0.02686	0.02302	0.01535	0.02302	0.01304	0.01535	0.00921	0.00691	0.00691	0.00230	0.01074	0.00537	0.00307	0.01074
14	0.03261	0.01237	0.01687	0.01293	0.01856	0.01068	0.01068	0.03543	0.02081	0.70423	0.02868	0.02474	0.01799	0.00900	0.00731	0.00225	0.00619	0.00731	0.00900	0.01237
15	0.01590	0.01590	0.02226	0.01908	0.01908	0.02226	0.01590	0.01749	0.01113	0.01749	0.00954	0.01590	0.00954	0.01272	0.02385	0.00318	0.73123	0.00636	0.00318	0.00795
16	0.01390	0.01309	0.02211	0.69988	0.07593	0.01619	0.02027	0.01872	0.01462	0.01878	0.01295	0.01932	0.00976	0.00724	0.00726	0.00241	0.00965	0.00646	0.00324	0.00821
17	0.00886	0.00633	0.00843	0.01012	0.01054	0.00590	0.00675	0.01012	0.01392	0.01856	0.04006	0.73979	0.04808	0.02277	0.00928	0.00295	0.00422	0.02066	0.00675	0.00590
18	0.01799	0.01727	0.02950	0.04462	0.69919	0.01727	0.02231	0.02231	0.01655	0.02375	0.01367	0.01799	0.01151	0.00648	0.00720	0.00216	0.00864	0.00648	0.00360	0.01151
19	0.02715	0.03464	0.02060	0.01873	0.02247	0.71536	0.01404	0.02903	0.02060	0.01779	0.01124	0.01311	0.00936	0.00749	0.00655	0.00187	0.01311	0.00468	0.00375	0.00843
20	0.01477	0.06494	0.68117	0.02040	0.03097	0.01734	0.02630	0.02297	0.01532	0.02279	0.01293	0.01521	0.00921	0.00688	0.00682	0.00227	0.01063	0.00531	0.00307	0.01069
21	0.01786	0.01714	0.02926	0.06591	0.67894	0.01724	0.02224	0.02219	0.01649	0.02359	0.01365	0.01803	0.01146	0.00650	0.00720	0.00217	0.00867	0.00648	0.00359	0.01141
22	0.02763	0.02036	0.02182	0.01672	0.02254	0.02254	0.01382	0.67496	0.03418	0.04581	0.01745	0.01745	0.01236	0.00873	0.00727	0.00218	0.00800	0.00654	0.00727	0.01236
23	0.01799	0.01727	0.02950	0.04462	0.69919	0.01727	0.02231	0.02231	0.01655	0.02375	0.01367	0.01799	0.01151	0.00648	0.00720	0.00216	0.00864	0.00648	0.00360	0.01151
