[name]
unknown

[dist]
# distance from previous block
# <min> <max>
0	0

[block]
# block no. 0 follows, 29 sequences, length 14
# corresponding to MSA columns:
# 0-13
name=unknown_A
#
# <colnr> <probs for GDERKNQSTAVLIFYWHMCP>
#	G	D	E	R	K	N	Q	S	T	A	V	L	I	F	Y	W	H	M	C	P
0	0.01147	0.00820	0.01147	0.01311	0.01475	0.00820	0.01147	0.01475	0.01639	0.02131	0.03770	0.08032	0.04098	0.01967	0.00984	0.00328	0.00656	0.65741	0.00656	0.00656
1	0.02707	0.01995	0.02137	0.01638	0.02208	0.02208	0.01353	0.68159	0.03348	0.04488	0.01710	0.01710	0.01211	0.00855	0.00712	0.00214	0.00784	0.00641	0.00712	0.01211
2	0.02553	0.02089	0.02017	0.01603	0.02108	0.12268	0.01298	0.52844	0.03039	0.03946	0.07555	0.01960	0.01646	0.00889	0.00713	0.00210	0.00818	0.00671	0.00668	0.01108
3	0.01237	0.00618	0.00928	0.00928	0.00928	0.00618	0.00618	0.00928	0.00928	0.01237	0.01237	0.02165	0.01237	0.02474	0.02783	0.79283	0.00618	0.00618	0.00309	0.00309
4	0.01619	0.01546	0.02631	0.28007	0.48017	0.01654	0.02114	0.02060	0.01554	0.02152	0.01314	0.01809	0.01067	0.00661	0.00707	0.00220	0.00881	0.00634	0.00340	0.01012
5	0.09154	0.02068	0.01883	0.01563	0.02041	0.14472	0.01248	0.33920	0.20223	0.03491	0.01851	0.01835	0.01373	0.00846	0.00679	0.00216	0.00795	0.00630	0.00631	0.01082
6	0.00875	0.00631	0.00829	0.00972	0.01031	0.00585	0.00656	0.01014	0.01416	0.01885	0.08072	0.66952	0.08122	0.02163	0.00901	0.00283	0.00406	0.01954	0.00668	0.00585
7	0.00875	0.00638	0.00825	0.00958	0.01028	0.00588	0.00650	0.01021	0.01438	0.01905	0.09164	0.62649	0.11378	0.02131	0.00897	0.00279	0.00402	0.01918	0.00670	0.00588
8	0.00868	0.00620	0.00826	0.00991	0.01033	0.00578	0.00661	0.00991	0.01363	0.01818	0.03925	0.74510	0.04710	0.02231	0.00909	0.00289	0.00413	0.02024	0.00661	0.00578
9	0.01373	0.01295	0.02187	0.68554	0.09391	0.01590	0.01992	0.01844	0.01437	0.01854	0.01271	0.01889	0.00961	0.00707	0.00711	0.00236	0.00942	0.00633	0.00319	0.00814
10	0.00846	0.00703	0.00741	0.00771	0.00975	0.00597	0.00563	0.01016	0.01575	0.01904	0.06609	0.19281	0.58206	0.01882	0.00854	0.00249	0.00370	0.01599	0.00661	0.00597
11	0.80005	0.01377	0.01047	0.00936	0.01377	0.01597	0.00771	0.02093	0.01212	0.03195	0.00991	0.01157	0.00771	0.00661	0.00441	0.00220	0.00551	0.00386	0.00441	0.00771
12	0.01658	0.38330	0.38652	0.01638	0.02476	0.02216	0.01949	0.02196	0.01476	0.01975	0.01139	0.01329	0.00908	0.00644	0.00570	0.00190	0.00912	0.00456	0.00303	0.00985
13	0.02032	0.01925	0.02642	0.03691	0.53525	0.13026	0.01956	0.02403	0.01722	0.08188	0.01428	0.01742	0.01149	0.00672	0.00696	0.00208	0.00896	0.00613	0.00401	0.01086

[dist]
# distance from previous block
# <min> <max>
2	7

[block]
# block no. 1 follows, 29 sequences, length 19
# corresponding to MSA columns:
# 21-39
name=unknown_B
#
# <colnr> <probs for GDERKNQSTAVLIFYWHMCP>
#	G	D	E	R	K	N	Q	S	T	A	V	L	I	F	Y	W	H	M	C	P
0	0.02463	0.03790	0.01819	0.01397	0.01879	0.01637	0.01139	0.35990	0.04551	0.20924	0.05783	0.08857	0.04428	0.01046	0.00735	0.00223	0.00660	0.00845	0.00740	0.01094
1	0.01867	0.69825	0.08986	0.01281	0.01925	0.02727	0.01328	0.02142	0.01451	0.01720	0.01012	0.01170	0.00913	0.00614	0.00474	0.00158	0.00784	0.00392	0.00304	0.00925
2	0.01130	0.00833	0.01033	0.00987	0.01064	0.00891	0.00671	0.03189	0.01181	0.01637	0.02167	0.10112	0.02385	0.44042	0.15524	0.00664	0.06509	0.01000	0.00442	0.04540
3	0.01723	0.01652	0.02819	0.10847	0.64364	0.01682	0.02166	0.02151	0.01603	0.02279	0.01332	0.01775	0.01111	0.00642	0.00706	0.00214	0.00856	0.00634	0.00349	0.01096
4	0.01718	0.49667	0.25200	0.01465	0.02199	0.02364	0.01649	0.02142	0.01486	0.01905	0.03705	0.01416	0.01130	0.00663	0.00542	0.00178	0.00838	0.00462	0.00322	0.00949
5	0.01589	0.01650	0.02697	0.02158	0.02342	0.02084	0.18500	0.01858	0.01241	0.01858	0.01064	0.01650	0.00972	0.01081	0.01955	0.00293	0.55178	0.00679	0.00324	0.00825
6	0.00850	0.00717	0.00736	0.00742	0.00969	0.00603	0.00552	0.01034	0.01627	0.01957	0.09658	0.10046	0.64463	0.01810	0.00845	0.00242	0.00362	0.01519	0.00666	0.00603
7	0.01569	0.24869	0.51330	0.01790	0.02711	0.01997	0.02214	0.02219	0.01487	0.02084	0.01193	0.01397	0.00905	0.00657	0.00612	0.00204	0.00966	0.00483	0.00302	0.01011
8	0.02131	0.01579	0.01657	0.01428	0.01866	0.05117	0.01126	0.09420	0.45421	0.15502	0.02826	0.02597	0.04170	0.00956	0.00722	0.00232	0.00620	0.00780	0.00732	0.01118
9	0.01327	0.00664	0.00664	0.00664	0.00830	0.00664	0.00498	0.01659	0.01493	0.02655	0.02323	0.02655	0.01825	0.00830	0.00498	0.00166	0.00332	0.00664	0.78928	0.00664
10	0.01133	0.00826	0.01025	0.00981	0.01026	0.00916	0.00660	0.03333	0.01139	0.01569	0.02038	0.03891	0.02224	0.51189	0.17948	0.00737	0.07488	0.00928	0.00419	0.00531
11	0.56897	0.01491	0.01329	0.01113	0.01591	0.01675	0.00918	0.16022	0.01733	0.09608	0.01306	0.01387	0.00953	0.00721	0.00522	0.00219	0.00604	0.00469	0.00537	0.00903
12	0.01769	0.00894	0.01162	0.01014	0.01321	0.00790	0.00788	0.02040	0.01907	0.27507	0.30202	0.10690	0.14256	0.01368	0.00801	0.00231	0.00445	0.01177	0.00790	0.00850
13	0.00898	0.00673	0.00834	0.00900	0.01024	0.00609	0.00634	0.01092	0.01599	0.02118	0.22214	0.39675	0.21291	0.01922	0.00874	0.00260	0.00380	0.01702	0.00693	0.00609
14	0.01335	0.01207	0.02026	0.66713	0.04544	0.01495	0.01854	0.01739	0.01379	0.01767	0.01263	0.01923	0.00975	0.00871	0.00899	0.07396	0.00919	0.00632	0.00316	0.00747
15	0.01345	0.01266	0.02136	0.73264	0.04904	0.01582	0.01978	0.01819	0.01424	0.01819	0.01266	0.01898	0.00949	0.00712	0.00712	0.00237	0.00949	0.00633	0.00316	0.00791
16	0.01428	0.03683	0.71286	0.02030	0.03082	0.01654	0.02631	0.02255	0.01503	0.02255	0.01278	0.01503	0.00902	0.00677	0.00677	0.00226	0.01052	0.00526	0.00301	0.01052
17	0.00895	0.00824	0.04988	0.00994	0.01139	0.00647	0.00752	0.01073	0.01429	0.01867	0.04492	0.55264	0.18926	0.02044	0.00880	0.00275	0.00440	0.01820	0.00640	0.00612
18	0.03975	0.23318	0.42625	0.01657	0.02457	0.01861	0.01966	0.02080	0.01463	0.02076	0.01473	0.09241	0.01311	0.00824	0.00633	0.00212	0.00887	0.00642	0.00345	0.00954

[dist]
# distance from previous block
# <min> <max>
1	4

[block]
# block no. 2 follows, 29 sequences, length 163
# corresponding to MSA columns:
# 44-67,84-222
name=unknown_C
#
# <colnr> <probs for GDERKNQSTAVLIFYWHMCP>
#	G	D	E	R	K	N	Q	S	T	A	V	L	I	F	Y	W	H	M	C	P
0	0.02087	0.29917	0.05715	0.01593	0.04118	0.13106	0.01366	0.07202	0.09594	0.07148	0.01431	0.01564	0.01153	0.00794	0.00815	0.00203	0.10263	0.00531	0.00437	0.00963
1	0.01727	0.41969	0.22354	0.01733	0.02460	0.02321	0.11664	0.02174	0.01485	0.01928	0.01135	0.01374	0.00936	0.00649	0.00642	0.00191	0.03494	0.00499	0.00312	0.00954
2	0.00910	0.00724	0.00816	0.00793	0.01004	0.00630	0.00595	0.01154	0.01784	0.02305	0.32969	0.06225	0.44251	0.01661	0.00841	0.00234	0.00351	0.01415	0.00711	0.00630
3	0.01099	0.00809	0.01013	0.03587	0.01277	0.00795	0.00752	0.07420	0.01532	0.02048	0.03456	0.52562	0.06152	0.09601	0.01151	0.00314	0.00499	0.01661	0.00620	0.03652
4	0.01634	0.04075	0.12480	0.01577	0.05115	0.01407	0.05629	0.09388	0.04255	0.02476	0.01432	0.01778	0.01180	0.05131	0.00860	0.00199	0.03518	0.00557	0.00433	0.36873
5	0.01031	0.00708	0.00864	0.00864	0.00894	0.00738	0.00540	0.01091	0.01061	0.01445	0.02164	0.04218	0.02397	0.58472	0.19865	0.00798	0.00979	0.00971	0.00420	0.00480
6	0.00873	0.00637	0.00822	0.00957	0.01027	0.00586	0.00649	0.01016	0.01431	0.01892	0.08272	0.63025	0.11916	0.02138	0.00897	0.00280	0.00403	0.01924	0.00668	0.00586
7	0.00876	0.00631	0.00830	0.00975	0.01032	0.00585	0.00657	0.01016	0.01416	0.01889	0.08348	0.67426	0.07354	0.02164	0.00902	0.00283	0.00406	0.01956	0.00669	0.00585
8	0.01671	0.02020	0.09083	0.05283	0.03422	0.04436	0.49937	0.02366	0.06833	0.02288	0.01613	0.02165	0.01260	0.00699	0.00812	0.00240	0.01112	0.03408	0.00394	0.00957
9	0.01382	0.00716	0.00722	0.00702	0.00884	0.00724	0.00531	0.04276	0.01566	0.02727	0.02299	0.02618	0.01801	0.00831	0.00506	0.00168	0.00350	0.00663	0.75850	0.00685
10	0.03006	0.01204	0.01616	0.01252	0.01774	0.01062	0.01029	0.05774	0.02086	0.63171	0.08019	0.02622	0.02128	0.00925	0.00726	0.00220	0.00592	0.00758	0.00867	0.01170
11	0.01428	0.03683	0.71286	0.02030	0.03082	0.01654	0.02631	0.02255	0.01503	0.02255	0.01278	0.01503	0.00902	0.00677	0.00677	0.00226	0.01052	0.00526	0.00301	0.01052
12	0.01662	0.01880	0.04041	0.05792	0.03698	0.01806	0.62747	0.02241	0.01648	0.02241	0.01414	0.01906	0.01070	0.00629	0.00892	0.00243	0.03962	0.00824	0.00357	0.00947
13	0.00867	0.00624	0.00822	0.00981	0.01030	0.00579	0.00656	0.00993	0.01373	0.01822	0.04051	0.71915	0.07224	0.02214	0.00906	0.00287	0.00411	0.02004	0.00661	0.00579
14	0.01526	0.01295	0.01503	0.01078	0.01709	0.01000	0.00864	0.04470	0.01552	0.02408	0.01284	0.01486	0.01061	0.00541	0.00535	0.00110	0.00538	0.00431	0.00434	0.76177
15	0.01558	0.01558	0.02181	0.01869	0.01869	0.02181	0.01558	0.01714	0.01091	0.01714	0.00935	0.01558	0.00935	0.01246	0.02337	0.00312	0.73672	0.00623	0.00312	0.00779
16	0.01762	0.01692	0.02890	0.04371	0.70533	0.01692	0.02185	0.02185	0.01621	0.02326	0.01339	0.01762	0.01128	0.00634	0.00705	0.00211	0.00846	0.00634	0.00352	0.01128
17	0.01027	0.00861	0.00876	0.00834	0.01107	0.00790	0.00636	0.05285	0.07018	0.02161	0.06544	0.06214	0.60757	0.01681	0.00825	0.00239	0.00402	0.01396	0.00669	0.00679
18	0.01515	0.01289	0.01497	0.01073	0.01704	0.00989	0.00860	0.03880	0.01535	0.02388	0.01280	0.01484	0.01060	0.00538	0.00533	0.00109	0.00535	0.00429	0.00431	0.76872
19	0.00890	0.00629	0.00820	0.00963	0.00999	0.00593	0.00631	0.00997	0.01320	0.01760	0.03703	0.65311	0.04430	0.11811	0.01266	0.00342	0.00450	0.01894	0.00631	0.00559
20	0.01017	0.00763	0.01144	0.01144	0.01272	0.00890	0.00890	0.01272	0.01144	0.01653	0.01907	0.02797	0.01780	0.05340	0.72153	0.01144	0.01907	0.00763	0.00381	0.00636
21	0.74675	0.01392	0.01105	0.00972	0.01421	0.01598	0.00801	0.04369	0.01313	0.05644	0.01080	0.01220	0.00821	0.00675	0.00460	0.00220	0.00561	0.00406	0.00465	0.00802
22	0.01771	0.01530	0.01610	0.01449	0.01852	0.01771	0.01127	0.03784	0.69247	0.02979	0.02898	0.02657	0.02174	0.00966	0.00725	0.00242	0.00564	0.00805	0.00725	0.01127
23	0.00906	0.00649	0.00860	0.00965	0.01041	0.00604	0.00664	0.01088	0.01541	0.02101	0.21985	0.55643	0.05257	0.02019	0.00890	0.00271	0.00392	0.01823	0.00694	0.00604
24	0.00905	0.00724	0.00810	0.00788	0.01001	0.00628	0.00591	0.01145	0.01773	0.02280	0.31298	0.06266	0.45937	0.01670	0.00841	0.00234	0.00351	0.01421	0.00708	0.00628
25	0.80005	0.01377	0.01047	0.00936	0.01377	0.01597	0.00771	0.02093	0.01212	0.03195	0.00991	0.01157	0.00771	0.00661	0.00441	0.00220	0.00551	0.00386	0.00441	0.00771
26	0.00868	0.00620	0.00826	0.00991	0.01033	0.00578	0.00661	0.00991	0.01363	0.01818	0.03925	0.74510	0.04710	0.02231	0.00909	0.00289	0.00413	0.02024	0.00661	0.00578
27	0.00886	0.00647	0.00839	0.00985	0.01059	0.00600	0.00685	0.01033	0.01415	0.01855	0.04297	0.61426	0.12315	0.02160	0.00907	0.00287	0.00426	0.06931	0.00661	0.00587
28	0.02660	0.03394	0.02018	0.01834	0.02201	0.72116	0.01376	0.02843	0.02018	0.01743	0.01101	0.01284	0.00917	0.00734	0.00642	0.00183	0.01284	0.00459	0.00367	0.00825
29	0.00868	0.00620	0.00826	0.00991	0.01033	0.00578	0.00661	0.00991	0.01363	0.01818	0.03925	0.74510	0.04710	0.02231	0.00909	0.00289	0.00413	0.02024	0.00661	0.00578
30	0.01498	0.03586	0.68545	0.02000	0.03032	0.01630	0.02569	0.02303	0.01524	0.04961	0.01338	0.01540	0.00936	0.00685	0.00678	0.00225	0.01035	0.00534	0.00324	0.01059
31	0.02532	0.10351	0.02238	0.01927	0.06283	0.61077	0.01409	0.02734	0.01938	0.01771	0.01104	0.01299	0.00930	0.00716	0.00628	0.00182	0.01206	0.00462	0.00360	0.00852
32	0.01449	0.06872	0.68282	0.01993	0.03026	0.01705	0.02568	0.02250	0.01501	0.02229	0.01265	0.01487	0.00903	0.00674	0.00667	0.00222	0.01039	0.00520	0.00301	0.01046
33	0.05311	0.55108	0.16972	0.01391	0.02071	0.05179	0.01485	0.02182	0.01469	0.01861	0.01051	0.01220	0.00905	0.00630	0.00507	0.00171	0.00830	0.00413	0.00312	0.00932
34	0.01082	0.00734	0.00840	0.00835	0.00866	0.00737	0.00498	0.03606	0.01190	0.01593	0.04742	0.11447	0.02888	0.62435	0.03149	0.00616	0.00654	0.01127	0.00477	0.00484
35	0.12121	0.00851	0.01005	0.00921	0.01155	0.00824	0.00707	0.01582	0.01892	0.07510	0.53848	0.04596	0.07697	0.01318	0.00776	0.00224	0.00385	0.01131	0.00739	0.00720
36	0.01746	0.01574	0.02599	0.27867	0.34989	0.01693	0.06025	0.08570	0.01738	0.04311	0.01398	0.01833	0.01089	0.00688	0.00717	0.00223	0.00891	0.00649	0.00391	0.01011
37	0.01656	0.01594	0.02752	0.11662	0.52041	0.01623	0.07212	0.02121	0.03301	0.02252	0.01534	0.06198	0.01347	0.00745	0.00729	0.00222	0.00852	0.00739	0.00377	0.01044
38	0.00934	0.00710	0.00863	0.00905	0.01050	0.00652	0.00648	0.01200	0.03833	0.02208	0.25493	0.32738	0.22482	0.01835	0.00864	0.00254	0.00380	0.01617	0.00702	0.00631
39	0.00998	0.00720	0.00943	0.00903	0.01062	0.00665	0.00671	0.01319	0.01970	0.02783	0.65505	0.10180	0.06578	0.01510	0.00845	0.00229	0.00341	0.01340	0.00775	0.00665
40	0.01464	0.09050	0.66231	0.01969	0.02988	0.01741	0.02525	0.02246	0.01499	0.02212	0.01256	0.01476	0.00903	0.00671	0.00660	0.00220	0.01031	0.00515	0.00301	0.01042
41	0.02263	0.02297	0.02109	0.02196	0.15593	0.26057	0.01467	0.16084	0.19519	0.02728	0.01733	0.01817	0.01341	0.00798	0.00690	0.00210	0.00911	0.00619	0.00526	0.01040
42	0.01686	0.01323	0.01439	0.01285	0.01648	0.01461	0.01000	0.05721	0.45636	0.06636	0.13296	0.03338	0.08173	0.01093	0.00744	0.00234	0.00518	0.00918	0.02838	0.01012
43	0.01645	0.01796	0.03506	0.02692	0.05685	0.01918	0.44219	0.02096	0.01490	0.02101	0.01275	0.01799	0.01036	0.00808	0.01313	0.00262	0.24343	0.00763	0.00344	0.00909
44	0.02020	0.04829	0.01776	0.04336	0.07706	0.07799	0.01182	0.11241	0.20631	0.12981	0.02914	0.02831	0.11841	0.00985	0.00709	0.00220	0.00671	0.00799	0.03523	0.01006
45	0.02420	0.07312	0.02121	0.01898	0.07333	0.47131	0.01383	0.11686	0.02106	0.02186	0.01545	0.01854	0.03892	0.00826	0.00666	0.00196	0.01088	0.03032	0.00433	0.00892
46	0.00954	0.00656	0.00801	0.00881	0.00901	0.00636	0.00543	0.01014	0.01194	0.01593	0.03058	0.38519	0.03617	0.39714	0.02308	0.00496	0.00556	0.01515	0.00543	0.00503
47	0.01681	0.01921	0.04202	0.03001	0.03721	0.01801	0.67947	0.02281	0.01681	0.02281	0.01441	0.01921	0.01080	0.00600	0.00840	0.00240	0.01200	0.00840	0.00360	0.00960
48	0.07284	0.48850	0.07309	0.01303	0.01861	0.02241	0.05206	0.02015	0.01542	0.02052	0.12504	0.01905	0.01875	0.00757	0.00556	0.00179	0.00720	0.00568	0.00397	0.00875
49	0.03179	0.01237	0.01668	0.01279	0.01830	0.01084	0.01056	0.05545	0.02080	0.68892	0.02774	0.02401	0.01745	0.00880	0.00716	0.00220	0.00612	0.00714	0.00876	0.01212
50	0.00866	0.00626	0.00820	0.00975	0.01029	0.00580	0.00654	0.00993	0.01379	0.01824	0.04123	0.70432	0.08660	0.02205	0.00905	0.00286	0.00410	0.01993	0.00661	0.00580
51	0.01909	0.52792	0.13052	0.01509	0.02160	0.10399	0.05457	0.02239	0.01533	0.01801	0.01070	0.01256	0.00923	0.00632	0.00532	0.00171	0.00888	0.00438	0.00314	0.00926
52	0.02358	0.05103	0.02031	0.01556	0.02072	0.02089	0.01272	0.43647	0.25350	0.03857	0.02076	0.02002	0.01520	0.00881	0.00705	0.00220	0.00709	0.00684	0.00698	0.01170
53	0.69454	0.01687	0.10478	0.01083	0.01606	0.01605	0.01021	0.02115	0.01251	0.03069	0.01030	0.01203	0.00789	0.00663	0.00472	0.00221	0.00618	0.00404	0.00422	0.00809
54	0.02384	0.11856	0.02457	0.02012	0.06621	0.50524	0.06512	0.02619	0.01854	0.01812	0.01121	0.01359	0.00944	0.00726	0.00718	0.00192	0.04573	0.00497	0.00355	0.00864
55	0.01386	0.00785	0.00724	0.00715	0.00890	0.03826	0.00537	0.01712	0.01516	0.02614	0.02269	0.02594	0.01785	0.00825	0.00504	0.00167	0.00374	0.00655	0.75451	0.00671
56	0.02417	0.21681	0.02469	0.01670	0.02090	0.47994	0.01343	0.05513	0.01887	0.01846	0.01092	0.01280	0.00930	0.00731	0.00677	0.00183	0.04515	0.00454	0.00364	0.00863
57	0.06992	0.01533	0.02195	0.38698	0.17589	0.03957	0.01793	0.11582	0.01772	0.05190	0.01384	0.01795	0.01044	0.00721	0.00690	0.00225	0.00874	0.00616	0.00414	0.00938
58	0.00862	0.00722	0.00750	0.00743	0.00974	0.00610	0.00557	0.01061	0.01671	0.02038	0.14946	0.06664	0.62440	0.01761	0.00841	0.00238	0.00358	0.01476	0.00676	0.00610
59	0.01345	0.01266	0.02136	0.73264	0.04904	0.01582	0.01978	0.01819	0.01424	0.01819	0.01266	0.01898	0.00949	0.00712	0.00712	0.00237	0.00949	0.00633	0.00316	0.00791
60	0.00865	0.00719	0.00757	0.00754	0.00978	0.00610	0.00563	0.01066	0.01669	0.02050	0.15851	0.08767	0.59362	0.01769	0.00843	0.00240	0.00359	0.01489	0.00678	0.00610
61	0.00938	0.00672	0.00876	0.01016	0.01078	0.00641	0.00687	0.03556	0.01439	0.01920	0.03840	0.71731	0.04576	0.02178	0.00901	0.00286	0.00427	0.01971	0.00663	0.00603
62	0.01106	0.00806	0.01084	0.01227	0.01371	0.00810	0.01005	0.01480	0.05815	0.02094	0.03760	0.26951	0.04154	0.01980	0.00946	0.00311	0.00580	0.43196	0.00662	0.00663
63	0.01345	0.01266	0.02136	0.73264	0.04904	0.01582	0.01978	0.01819	0.01424	0.01819	0.01266	0.01898	0.00949	0.00712	0.00712	0.00237	0.00949	0.00633	0.00316	0.00791
64	0.01010	0.00680	0.00784	0.00809	0.00815	0.00673	0.00466	0.01029	0.01085	0.01447	0.02498	0.15237	0.02910	0.63959	0.03213	0.00630	0.00648	0.01185	0.00466	0.00454
65	0.00920	0.00657	0.00887	0.01052	0.01116	0.00624	0.00753	0.01083	0.01415	0.01877	0.03896	0.61984	0.04594	0.02181	0.00923	0.00296	0.00459	0.14031	0.00660	0.00593
66	0.01771	0.01530	0.01610	0.01449	0.01852	0.01771	0.01127	0.03784	0.69247	0.02979	0.02898	0.02657	0.02174	0.00966	0.00725	0.00242	0.00564	0.00805	0.00725	0.01127
67	0.01725	0.01021	0.01278	0.01086	0.01395	0.00982	0.00854	0.11851	0.02221	0.17495	0.45633	0.04164	0.04843	0.01244	0.00795	0.00222	0.00460	0.01070	0.00794	0.00867
68	0.00965	0.00694	0.00935	0.01093	0.01185	0.00664	0.00827	0.01162	0.01470	0.01932	0.04000	0.48530	0.07074	0.02121	0.00932	0.00301	0.00496	0.24353	0.00659	0.00606
69	0.01105	0.00790	0.01099	0.01263	0.01409	0.00783	0.01074	0.01402	0.01598	0.02084	0.03793	0.18039	0.04190	0.02007	0.00972	0.00322	0.00619	0.56149	0.00656	0.00644
70	0.01392	0.00726	0.00733	0.00709	0.00894	0.00736	0.00538	0.04771	0.01580	0.02740	0.02294	0.02610	0.01796	0.00831	0.00508	0.00168	0.00353	0.00663	0.75268	0.00689
71	0.02644	0.01987	0.02067	0.01602	0.02147	0.04717	0.01316	0.62794	0.03216	0.04305	0.01714	0.01736	0.01227	0.00849	0.00700	0.00210	0.00782	0.00635	0.04178	0.01172
72	0.01762	0.01692	0.02890	0.04371	0.70533	0.01692	0.02185	0.02185	0.01621	0.02326	0.01339	0.01762	0.01128	0.00634	0.00705	0.00211	0.00846	0.00634	0.00352	0.01128
73	0.01085	0.00746	0.00970	0.00903	0.01089	0.00683	0.00681	0.01413	0.02001	0.05424	0.65171	0.05267	0.08966	0.01447	0.00835	0.00224	0.00347	0.01274	0.00783	0.00690
74	0.00875	0.00664	0.00807	0.00895	0.01014	0.00596	0.00624	0.01041	0.01520	0.01969	0.12494	0.45114	0.25800	0.02007	0.00880	0.00266	0.00388	0.01775	0.00675	0.00596
75	0.01635	0.01836	0.03912	0.02833	0.03475	0.01768	0.60473	0.02184	0.01627	0.02222	0.01524	0.05294	0.01241	0.00719	0.00941	0.00247	0.05885	0.00882	0.00371	0.00931
76	0.01649	0.01320	0.01536	0.01110	0.01734	0.01052	0.00892	0.07042	0.01647	0.05530	0.01369	0.01537	0.01098	0.00569	0.00550	0.00119	0.00551	0.00452	0.00465	0.69780
77	0.10601	0.01643	0.01815	0.01427	0.01952	0.01748	0.01171	0.36904	0.07692	0.22032	0.04392	0.02041	0.01577	0.00871	0.00691	0.00219	0.00680	0.00670	0.00733	0.01141
78	0.02666	0.01749	0.01952	0.01508	0.02049	0.01869	0.01241	0.50177	0.02926	0.16582	0.01926	0.01900	0.01346	0.00995	0.03014	0.00241	0.00766	0.00654	0.03164	0.03275
79	0.00872	0.00628	0.00827	0.00977	0.01031	0.00583	0.00657	0.01005	0.01397	0.01859	0.06403	0.69394	0.07360	0.02187	0.00904	0.00285	0.00408	0.01978	0.00665	0.00583
80	0.00969	0.00722	0.00901	0.00866	0.01043	0.00654	0.00646	0.01265	0.01910	0.02628	0.54951	0.08695	0.19004	0.01558	0.00843	0.00230	0.00344	0.01362	0.00755	0.00654
81	0.01208	0.03618	0.01105	0.00931	0.01149	0.00781	0.00718	0.01530	0.01982	0.08136	0.60101	0.04984	0.08249	0.01390	0.00816	0.00221	0.00374	0.01215	0.00769	0.00721
82	0.01046	0.00737	0.00935	0.00887	0.01071	0.00669	0.00664	0.01348	0.01931	0.04802	0.56117	0.08510	0.15568	0.01522	0.00839	0.00229	0.00351	0.01333	0.00764	0.00674
83	0.01036	0.00690	0.00777	0.00777	0.00777	0.00690	0.00431	0.01036	0.01036	0.01381	0.02244	0.04660	0.02589	0.74975	0.03624	0.00690	0.00690	0.01036	0.00431	0.00431
84	0.01428	0.03683	0.71286	0.02030	0.03082	0.01654	0.02631	0.02255	0.01503	0.02255	0.01278	0.01503	0.00902	0.00677	0.00677	0.00226	0.01052	0.00526	0.00301	0.01052
85	0.01863	0.01557	0.01642	0.01448	0.01863	0.01789	0.01135	0.10934	0.59941	0.03139	0.02749	0.02551	0.02056	0.00950	0.00717	0.00236	0.00582	0.00783	0.02944	0.01123
86	0.00887	0.00628	0.00820	0.00966	0.01003	0.00591	0.00634	0.00997	0.01325	0.01767	0.03728	0.66353	0.04462	0.10726	0.01226	0.00336	0.00445	0.01909	0.00634	0.00561
87	0.00868	0.00620	0.00826	0.00991	0.01033	0.00578	0.00661	0.00991	0.01363	0.01818	0.03925	0.74510	0.04710	0.02231	0.00909	0.00289	0.00413	0.02024	0.00661	0.00578
88	0.02707	0.01995	0.02137	0.01638	0.02208	0.02208	0.01353	0.68159	0.03348	0.04488	0.01710	0.01710	0.01211	0.00855	0.00712	0.00214	0.00784	0.00641	0.00712	0.01211
89	0.02584	0.01891	0.02031	0.01576	0.02111	0.02087	0.01294	0.63051	0.03201	0.04316	0.01818	0.04530	0.01368	0.00906	0.00712	0.00215	0.00752	0.00695	0.03697	0.01166
90	0.03195	0.01212	0.01652	0.01267	0.01818	0.01047	0.01047	0.03470	0.02038	0.71026	0.02809	0.02424	0.01763	0.00881	0.00716	0.00220	0.00606	0.00716	0.00881	0.01212
91	0.03195	0.01212	0.01652	0.01267	0.01818	0.01047	0.01047	0.03470	0.02038	0.71026	0.02809	0.02424	0.01763	0.00881	0.00716	0.00220	0.00606	0.00716	0.00881	0.01212
92	0.01745	0.01507	0.01585	0.01428	0.01826	0.01738	0.01110	0.03705	0.67322	0.02949	0.03021	0.02776	0.04111	0.00990	0.00728	0.00241	0.00558	0.00825	0.00723	0.01112
93	0.01638	0.01414	0.01483	0.01345	0.01724	0.01604	0.01043	0.03389	0.59582	0.02828	0.03515	0.03256	0.11903	0.01086	0.00741	0.00241	0.00535	0.00905	0.00716	0.01052
94	0.01008	0.00728	0.00952	0.00896	0.01064	0.00672	0.00672	0.01344	0.02016	0.02855	0.70158	0.05319	0.06719	0.01456	0.00840	0.00224	0.00336	0.01288	0.00784	0.00672
95	0.01904	0.75404	0.03731	0.01218	0.01828	0.02818	0.01218	0.02132	0.01447	0.01675	0.00990	0.01142	0.00914	0.00609	0.00457	0.00152	0.00761	0.00381	0.00305	0.00914
96	0.01469	0.09778	0.65545	0.01961	0.02975	0.01753	0.02511	0.02245	0.01499	0.02206	0.01253	0.01473	0.00903	0.00671	0.00658	0.00219	0.01028	0.00514	0.00301	0.01041
97	0.01484	0.12026	0.63428	0.01935	0.02936	0.01789	0.02467	0.02241	0.01497	0.02188	0.01244	0.01461	0.00903	0.00669	0.00651	0.00217	0.01019	0.00509	0.00301	0.01036
98	0.01762	0.01692	0.02890	0.04371	0.70533	0.01692	0.02185	0.02185	0.01621	0.02326	0.01339	0.01762	0.01128	0.00634	0.00705	0.00211	0.00846	0.00634	0.00352	0.01128
99	0.80005	0.01377	0.01047	0.00936	0.01377	0.01597	0.00771	0.02093	0.01212	0.03195	0.00991	0.01157	0.00771	0.00661	0.00441	0.00220	0.00551	0.00386	0.00441	0.00771
100	0.02405	0.03018	0.01836	0.01678	0.02027	0.62075	0.01259	0.02588	0.01962	0.01768	0.01959	0.02066	0.10652	0.00884	0.00670	0.00191	0.01154	0.00605	0.00408	0.00794
101	0.01477	0.01266	0.01477	0.01055	0.01687	0.00949	0.00844	0.01793	0.01477	0.02320	0.01266	0.01477	0.01055	0.00527	0.00527	0.00105	0.00527	0.00422	0.00422	0.79328
102	0.02544	0.01750	0.01932	0.01523	0.02029	0.01893	0.01240	0.53389	0.02976	0.11300	0.02086	0.10288	0.01679	0.01018	0.00736	0.00223	0.00721	0.00811	0.00724	0.01137
103	0.01237	0.00618	0.00928	0.00928	0.00928	0.00618	0.00618	0.00928	0.00928	0.01237	0.01237	0.02165	0.01237	0.02474	0.02783	0.79283	0.00618	0.00618	0.00309	0.00309
104	0.01681	0.01921	0.04202	0.03001	0.03721	0.01801	0.67947	0.02281	0.01681	0.02281	0.01441	0.01921	0.01080	0.00600	0.00840	0.00240	0.01200	0.00840	0.00360	0.00960
105	0.02862	0.01303	0.01675	0.01271	0.01838	0.01153	0.01046	0.10020	0.02084	0.52761	0.02441	0.02193	0.01589	0.00821	0.00685	0.00201	0.00612	0.00660	0.00788	0.13998
106	0.01390	0.01168	0.01967	0.39037	0.03399	0.01316	0.11426	0.01837	0.01485	0.02161	0.01636	0.02148	0.01254	0.00733	0.00661	0.00214	0.00786	0.00674	0.25931	0.00775
107	0.08319	0.01223	0.01612	0.01245	0.01788	0.01083	0.01028	0.03378	0.01983	0.66501	0.02688	0.02339	0.01696	0.00867	0.00698	0.00220	0.00602	0.00694	0.00852	0.01182
108	0.01904	0.75404	0.03731	0.01218	0.01828	0.02818	0.01218	0.02132	0.01447	0.01675	0.00990	0.01142	0.00914	0.00609	0.00457	0.00152	0.00761	0.00381	0.00305	0.00914
109	0.01036	0.00690	0.00777	0.00777	0.00777	0.00690	0.00431	0.01036	0.01036	0.01381	0.02244	0.04660	0.02589	0.74975	0.03624	0.00690	0.00690	0.01036	0.00431	0.00431
110	0.01017	0.00763	0.01144	0.01144	0.01272	0.00890	0.00890	0.01272	0.01144	0.01653	0.01907	0.02797	0.01780	0.05340	0.72153	0.01144	0.01907	0.00763	0.00381	0.00636
111	0.00904	0.00724	0.00808	0.00787	0.01000	0.00628	0.00590	0.01143	0.01771	0.02276	0.30989	0.06273	0.46250	0.01672	0.00841	0.00234	0.00351	0.01422	0.00708	0.00628
112	0.01694	0.01429	0.01501	0.01337	0.01726	0.01603	0.01044	0.09400	0.50887	0.02933	0.03558	0.03318	0.14267	0.01105	0.00744	0.00239	0.00548	0.00914	0.00712	0.01041
113	0.01388	0.00723	0.00729	0.00707	0.00891	0.00732	0.00536	0.04602	0.01575	0.02736	0.02296	0.02613	0.01798	0.00831	0.00507	0.00168	0.00352	0.00663	0.75467	0.00688
114	0.00852	0.00722	0.00735	0.00732	0.00968	0.00605	0.00549	0.01041	0.01647	0.01980	0.11007	0.06760	0.66415	0.01782	0.00841	0.00239	0.00359	0.01490	0.00669	0.00605
115	0.00868	0.00620	0.00826	0.00991	0.01033	0.00578	0.00661	0.00991	0.01363	0.01818	0.03925	0.74510	0.04710	0.02231	0.00909	0.00289	0.00413	0.02024	0.00661	0.00578
116	0.02725	0.01966	0.02119	0.01625	0.02194	0.02165	0.01342	0.65774	0.03300	0.06941	0.01750	0.01736	0.01231	0.00856	0.00712	0.00214	0.00777	0.00644	0.00719	0.01211
117	0.01535	0.00864	0.00885	0.00810	0.01037	0.00896	0.00627	0.11670	0.01772	0.02931	0.02231	0.02512	0.01733	0.00833	0.00530	0.00173	0.00400	0.00660	0.67154	0.00746
118	0.00875	0.00623	0.00824	0.00981	0.01021	0.00584	0.00650	0.00994	0.01348	0.01797	0.03846	0.71242	0.04610	0.05635	0.01036	0.00308	0.00426	0.01978	0.00650	0.00571
119	0.01477	0.01266	0.01477	0.01055	0.01687	0.00949	0.00844	0.01793	0.01477	0.02320	0.01266	0.01477	0.01055	0.00527	0.00527	0.00105	0.00527	0.00422	0.00422	0.79328
120	0.01237	0.00618	0.00928	0.00928	0.00928	0.00618	0.00618	0.00928	0.00928	0.01237	0.01237	0.02165	0.01237	0.02474	0.02783	0.79283	0.00618	0.00618	0.00309	0.00309
121	0.80005	0.01377	0.01047	0.00936	0.01377	0.01597	0.00771	0.02093	0.01212	0.03195	0.00991	0.01157	0.00771	0.00661	0.00441	0.00220	0.00551	0.00386	0.00441	0.00771
122	0.77071	0.01371	0.01070	0.00949	0.01394	0.01576	0.00782	0.02146	0.01243	0.05786	0.01061	0.01205	0.00809	0.00669	0.00451	0.00220	0.00553	0.00398	0.00457	0.00788
123	0.03079	0.01397	0.01767	0.01355	0.01910	0.01321	0.01119	0.18776	0.02348	0.55283	0.02549	0.02255	0.01632	0.00875	0.00715	0.00219	0.00648	0.00698	0.00841	0.01212
124	0.01428	0.03683	0.71286	0.02030	0.03082	0.01654	0.02631	0.02255	0.01503	0.02255	0.01278	0.01503	0.00902	0.00677	0.00677	0.00226	0.01052	0.00526	0.00301	0.01052
125	0.00873	0.00622	0.00825	0.00984	0.01024	0.00582	0.00653	0.00993	0.01352	0.01803	0.03866	0.72090	0.04636	0.04751	0.01003	0.00303	0.00423	0.01990	0.00653	0.00573
126	0.01464	0.00904	0.01108	0.01015	0.01276	0.00857	0.00785	0.01912	0.09002	0.14721	0.28305	0.04978	0.16435	0.07267	0.01040	0.00274	0.00469	0.06670	0.00733	0.00784
127	0.01428	0.03683	0.71286	0.02030	0.03082	0.01654	0.02631	0.02255	0.01503	0.02255	0.01278	0.01503	0.00902	0.00677	0.00677	0.00226	0.01052	0.00526	0.00301	0.01052
128	0.01681	0.01921	0.04202	0.03001	0.03721	0.01801	0.67947	0.02281	0.01681	0.02281	0.01441	0.01921	0.01080	0.00600	0.00840	0.00240	0.01200	0.00840	0.00360	0.00960
129	0.00986	0.00721	0.00925	0.00887	0.01054	0.00660	0.00660	0.01296	0.01944	0.02716	0.60976	0.09616	0.11835	0.01531	0.00844	0.00229	0.00343	0.01350	0.00766	0.00660
130	0.01477	0.01266	0.01477	0.01055	0.01687	0.00949	0.00844	0.01793	0.01477	0.02320	0.01266	0.01477	0.01055	0.00527	0.00527	0.00105	0.00527	0.00422	0.00422	0.79328
131	0.04148	0.14402	0.58749	0.01871	0.02836	0.01827	0.02356	0.02231	0.01485	0.02199	0.01225	0.01437	0.00899	0.00666	0.00636	0.00214	0.00992	0.00500	0.00306	0.01022
132	0.01512	0.16382	0.59324	0.01886	0.02860	0.01860	0.02381	0.02233	0.01493	0.02152	0.01227	0.01439	0.00904	0.00665	0.00638	0.00213	0.01001	0.00500	0.00301	0.01028
133	0.00850	0.00717	0.00737	0.00742	0.00970	0.00603	0.00552	0.01035	0.01628	0.01960	0.09859	0.09951	0.64353	0.01808	0.00845	0.00242	0.00362	0.01518	0.00667	0.00603
134	0.01496	0.13924	0.61640	0.01914	0.02903	0.01820	0.02429	0.02238	0.01495	0.02172	0.01237	0.01452	0.00904	0.00667	0.00645	0.00215	0.01011	0.00505	0.00301	0.01033
135	0.01345	0.01266	0.02136	0.73264	0.04904	0.01582	0.01978	0.01819	0.01424	0.01819	0.01266	0.01898	0.00949	0.00712	0.00712	0.00237	0.00949	0.00633	0.00316	0.00791
136	0.00999	0.00721	0.00944	0.00902	0.01062	0.00666	0.00671	0.01323	0.01976	0.02793	0.66165	0.09490	0.06598	0.01502	0.00844	0.00228	0.00341	0.01332	0.00776	0.00666
137	0.01055	0.00763	0.01034	0.01185	0.01326	0.00743	0.00980	0.01321	0.01572	0.02038	0.04099	0.23838	0.09854	0.02016	0.00954	0.00311	0.00573	0.45047	0.00657	0.00633
138	0.01172	0.00764	0.01005	0.00924	0.01121	0.00700	0.00700	0.01504	0.02017	0.07984	0.65091	0.05101	0.06346	0.01413	0.00831	0.00224	0.00356	0.01245	0.00791	0.00712
139	0.80005	0.01377	0.01047	0.00936	0.01377	0.01597	0.00771	0.02093	0.01212	0.03195	0.00991	0.01157	0.00771	0.00661	0.00441	0.00220	0.00551	0.00386	0.00441	0.00771
140	0.00943	0.00746	0.00852	0.00829	0.01037	0.00668	0.00620	0.01246	0.03949	0.02350	0.33755	0.08660	0.38493	0.01645	0.00840	0.00235	0.00359	0.01409	0.00715	0.00647
141	0.01509	0.03119	0.49792	0.02341	0.03287	0.01701	0.23558	0.02263	0.01560	0.02263	0.01330	0.01637	0.00959	0.00652	0.00729	0.00230	0.01100	0.00627	0.00320	0.01023
142	0.03195	0.01212	0.01652	0.01267	0.01818	0.01047	0.01047	0.03470	0.02038	0.71026	0.02809	0.02424	0.01763	0.00881	0.00716	0.00220	0.00606	0.00716	0.00881	0.01212
143	0.01017	0.00763	0.01144	0.01144	0.01272	0.00890	0.00890	0.01272	0.01144	0.01653	0.01907	0.02797	0.01780	0.05340	0.72153	0.01144	0.01907	0.00763	0.00381	0.00636
144	0.00890	0.00633	0.00837	0.00993	0.01037	0.00596	0.00669	0.01016	0.01356	0.01805	0.03816	0.67358	0.04555	0.06604	0.01076	0.00315	0.00441	0.04785	0.00647	0.00573
145	0.02707	0.01995	0.02137	0.01638	0.02208	0.02208	0.01353	0.68159	0.03348	0.04488	0.01710	0.01710	0.01211	0.00855	0.00712	0.00214	0.00784	0.00641	0.00712	0.01211
146	0.00842	0.00721	0.00721	0.00721	0.00962	0.00601	0.00541	0.01022	0.01623	0.01924	0.07213	0.06853	0.70244	0.01803	0.00842	0.00240	0.00361	0.01503	0.00661	0.00601
147	0.01345	0.01266	0.02136	0.73264	0.04904	0.01582	0.01978	0.01819	0.01424	0.01819	0.01266	0.01898	0.00949	0.00712	0.00712	0.00237	0.00949	0.00633	0.00316	0.00791
148	0.01512	0.01436	0.02438	0.45691	0.31171	0.01626	0.02061	0.01966	0.01503	0.02022	0.01295	0.01844	0.01021	0.00681	0.00709	0.00227	0.00908	0.00633	0.00331	0.00926
149	0.01600	0.01653	0.02249	0.22021	0.02840	0.08096	0.04767	0.01869	0.01293	0.01772	0.01066	0.01647	0.00944	0.01021	0.01661	0.00276	0.43490	0.00622	0.00320	0.00795
150	0.05218	0.01357	0.01408	0.01240	0.01574	0.06010	0.00964	0.12274	0.19325	0.07625	0.24704	0.07655	0.05325	0.01174	0.00756	0.00228	0.00558	0.00983	0.00711	0.00913
151	0.02387	0.01762	0.01905	0.01504	0.01993	0.01933	0.01222	0.56122	0.02988	0.03993	0.02171	0.05571	0.05606	0.03771	0.03467	0.00270	0.00779	0.00776	0.00685	0.01096
152	0.01948	0.61033	0.03357	0.01278	0.01859	0.02646	0.01218	0.07307	0.09700	0.02043	0.01272	0.01366	0.01087	0.00670	0.00508	0.00168	0.00739	0.00451	0.00386	0.00962
153	0.02203	0.04434	0.01807	0.03637	0.01969	0.01686	0.01157	0.22932	0.24469	0.14720	0.06748	0.02485	0.03802	0.00934	0.00712	0.00220	0.00636	0.00754	0.00709	0.03988
154	0.80005	0.01377	0.01047	0.00936	0.01377	0.01597	0.00771	0.02093	0.01212	0.03195	0.00991	0.01157	0.00771	0.00661	0.00441	0.00220	0.00551	0.00386	0.00441	0.00771
155	0.00919	0.00640	0.00829	0.00947	0.01005	0.00603	0.00635	0.01064	0.01413	0.01932	0.11123	0.57386	0.04619	0.08533	0.01124	0.00312	0.00425	0.01794	0.04118	0.00580
156	0.02627	0.02151	0.02067	0.01642	0.02161	0.12668	0.01330	0.55684	0.03070	0.03969	0.01705	0.04510	0.01304	0.00891	0.00709	0.00212	0.00844	0.00668	0.00658	0.01128
157	0.01154	0.00757	0.00892	0.00839	0.00959	0.00710	0.00549	0.01277	0.01389	0.05787	0.18063	0.04743	0.09676	0.44027	0.02433	0.00490	0.00568	0.01090	0.00558	0.04038
158	0.01036	0.00690	0.00777	0.00777	0.00777	0.00690	0.00431	0.01036	0.01036	0.01381	0.02244	0.04660	0.02589	0.74975	0.03624	0.00690	0.00690	0.01036	0.00431	0.00431
159	0.01439	0.08830	0.51257	0.01846	0.02653	0.01716	0.02212	0.02087	0.01476	0.02167	0.05448	0.03969	0.01375	0.00834	0.00875	0.00232	0.09653	0.00619	0.00343	0.00971
160	0.02055	0.41384	0.08796	0.01556	0.04128	0.24075	0.01383	0.02316	0.01616	0.01753	0.01115	0.01392	0.00995	0.03946	0.00681	0.00194	0.00948	0.00454	0.00331	0.00883
161	0.13378	0.32277	0.09597	0.01166	0.01696	0.01897	0.01136	0.04859	0.03950	0.02198	0.02662	0.02676	0.18119	0.00943	0.00594	0.00198	0.00655	0.00701	0.00446	0.00850
162	0.05501	0.39994	0.26703	0.01511	0.02253	0.04898	0.01680	0.02281	0.01513	0.06129	0.01203	0.01350	0.00954	0.00656	0.00555	0.00186	0.00862	0.00454	0.00347	0.00969

[dist]
# distance from previous block
# <min> <max>
2	5

[block]
# block no. 3 follows, 29 sequences, length 94
# corresponding to MSA columns:
# 228-321
name=unknown_D
#
# <colnr> <probs for GDERKNQSTAVLIFYWHMCP>
#	G	D	E	R	K	N	Q	S	T	A	V	L	I	F	Y	W	H	M	C	P
0	0.22300	0.06499	0.03449	0.01242	0.01675	0.03471	0.01032	0.13385	0.13520	0.09252	0.11008	0.06219	0.02203	0.00957	0.00652	0.00222	0.00608	0.00746	0.00618	0.00941
1	0.01355	0.06996	0.01448	0.01147	0.01408	0.01170	0.00886	0.09740	0.01688	0.02321	0.10564	0.29286	0.05479	0.03955	0.00991	0.00247	0.06655	0.01216	0.00579	0.12871
2	0.10983	0.04027	0.01784	0.01554	0.04646	0.25329	0.01172	0.12094	0.04384	0.13823	0.11343	0.02154	0.01958	0.00871	0.00671	0.00206	0.00829	0.00654	0.00578	0.00941
3	0.05657	0.15982	0.53045	0.01824	0.02739	0.04773	0.02237	0.02250	0.01500	0.02182	0.01206	0.01414	0.00898	0.00666	0.00625	0.00211	0.00985	0.00491	0.00311	0.01004
4	0.01758	0.01704	0.02962	0.04295	0.66863	0.01698	0.05798	0.02191	0.01625	0.02324	0.01345	0.01771	0.01125	0.00633	0.00712	0.00213	0.00865	0.00646	0.00353	0.01119
5	0.01904	0.75404	0.03731	0.01218	0.01828	0.02818	0.01218	0.02132	0.01447	0.01675	0.00990	0.01142	0.00914	0.00609	0.00457	0.00152	0.00761	0.00381	0.00305	0.00914
6	0.01029	0.00688	0.00779	0.00785	0.00786	0.00686	0.00440	0.01034	0.01048	0.01397	0.02308	0.07334	0.02670	0.72190	0.03520	0.00675	0.00680	0.01073	0.00440	0.00437
7	0.00901	0.00645	0.00856	0.00969	0.01040	0.00601	0.00664	0.01075	0.01518	0.02064	0.19639	0.58094	0.05186	0.02047	0.00892	0.00274	0.00395	0.01850	0.00690	0.00601
8	0.01428	0.03683	0.71286	0.02030	0.03082	0.01654	0.02631	0.02255	0.01503	0.02255	0.01278	0.01503	0.00902	0.00677	0.00677	0.00226	0.01052	0.00526	0.00301	0.01052
9	0.01904	0.75404	0.03731	0.01218	0.01828	0.02818	0.01218	0.02132	0.01447	0.01675	0.00990	0.01142	0.00914	0.00609	0.00457	0.00152	0.00761	0.00381	0.00305	0.00914
10	0.00868	0.00620	0.00826	0.00991	0.01033	0.00578	0.00661	0.00991	0.01363	0.01818	0.03925	0.74510	0.04710	0.02231	0.00909	0.00289	0.00413	0.02024	0.00661	0.00578
11	0.01203	0.00619	0.00918	0.00934	0.00937	0.00615	0.00622	0.00934	0.00968	0.01290	0.01484	0.08815	0.01556	0.02451	0.02611	0.72021	0.00600	0.00748	0.00342	0.00334
12	0.27376	0.27841	0.06123	0.01291	0.01841	0.02195	0.01193	0.17614	0.01808	0.02861	0.01173	0.01313	0.00937	0.00708	0.00585	0.00198	0.03097	0.00459	0.00444	0.00940
13	0.01345	0.01266	0.02136	0.73264	0.04904	0.01582	0.01978	0.01819	0.01424	0.01819	0.01266	0.01898	0.00949	0.00712	0.00712	0.00237	0.00949	0.00633	0.00316	0.00791
14	0.00906	0.00752	0.00796	0.00780	0.01013	0.00657	0.00586	0.01181	0.04158	0.02133	0.18577	0.06419	0.56138	0.01709	0.00837	0.00237	0.00364	0.01438	0.00686	0.00633
15	0.01681	0.01921	0.04202	0.03001	0.03721	0.01801	0.67947	0.02281	0.01681	0.02281	0.01441	0.01921	0.01080	0.00600	0.00840	0.00240	0.01200	0.00840	0.00360	0.00960
16	0.01764	0.28309	0.02212	0.01172	0.01597	0.01741	0.01024	0.12900	0.02000	0.07178	0.23747	0.03165	0.05827	0.01042	0.00676	0.00201	0.00598	0.03373	0.00593	0.00883
17	0.00868	0.00620	0.00826	0.00991	0.01033	0.00578	0.00661	0.00991	0.01363	0.01818	0.03925	0.74510	0.04710	0.02231	0.00909	0.00289	0.00413	0.02024	0.00661	0.00578
18	0.02823	0.01808	0.02021	0.01550	0.02115	0.01931	0.01280	0.52730	0.03036	0.20358	0.01972	0.01880	0.01343	0.00861	0.00713	0.00215	0.00741	0.00659	0.00753	0.01211
19	0.02534	0.06085	0.02196	0.01797	0.05914	0.17965	0.01380	0.41602	0.07709	0.03491	0.01602	0.01657	0.01196	0.00811	0.00684	0.00206	0.00883	0.00598	0.00594	0.01098
20	0.05435	0.02833	0.02047	0.15102	0.06228	0.52646	0.01505	0.02591	0.01856	0.01845	0.01139	0.01417	0.00928	0.00722	0.00650	0.00196	0.01170	0.00497	0.00360	0.00833
21	0.73151	0.01488	0.03437	0.01011	0.01479	0.01633	0.00865	0.05728	0.01339	0.03235	0.01040	0.01199	0.00800	0.00672	0.00463	0.00220	0.00580	0.00404	0.00451	0.00805
22	0.01237	0.00618	0.00928	0.00928	0.00928	0.00618	0.00618	0.00928	0.00928	0.01237	0.01237	0.02165	0.01237	0.02474	0.02783	0.79283	0.00618	0.00618	0.00309	0.00309
23	0.01762	0.01692	0.02890	0.04371	0.70533	0.01692	0.02185	0.02185	0.01621	0.02326	0.01339	0.01762	0.01128	0.00634	0.00705	0.00211	0.00846	0.00634	0.00352	0.01128
24	0.00896	0.00642	0.00852	0.00972	0.01039	0.00597	0.00663	0.01063	0.01495	0.02027	0.17301	0.60537	0.05115	0.02074	0.00895	0.00276	0.00398	0.01876	0.00686	0.00597
25	0.01794	0.51278	0.23625	0.01483	0.02213	0.05294	0.01642	0.02197	0.01487	0.01849	0.01080	0.01255	0.00910	0.00634	0.00529	0.00175	0.00869	0.00427	0.00306	0.00951
26	0.02707	0.01995	0.02137	0.01638	0.02208	0.02208	0.01353	0.68159	0.03348	0.04488	0.01710	0.01710	0.01211	0.00855	0.00712	0.00214	0.00784	0.00641	0.00712	0.01211
27	0.01008	0.00728	0.00952	0.00896	0.01064	0.00672	0.00672	0.01344	0.02016	0.02855	0.70158	0.05319	0.06719	0.01456	0.00840	0.00224	0.00336	0.01288	0.00784	0.00672
28	0.01477	0.01266	0.01477	0.01055	0.01687	0.00949	0.00844	0.01793	0.01477	0.02320	0.01266	0.01477	0.01055	0.00527	0.00527	0.00105	0.00527	0.00422	0.00422	0.79328
29	0.01359	0.01280	0.02161	0.70978	0.07082	0.01586	0.01984	0.01831	0.01430	0.01836	0.01268	0.01894	0.00955	0.00709	0.00712	0.00236	0.00946	0.00633	0.00318	0.00802
30	0.01443	0.01230	0.01441	0.01051	0.01651	0.00929	0.00834	0.01749	0.01470	0.02293	0.01413	0.05515	0.01257	0.00622	0.00548	0.00116	0.00521	0.00510	0.00435	0.74974
31	0.01532	0.01520	0.02132	0.01835	0.01841	0.02120	0.01526	0.01693	0.01093	0.01711	0.00981	0.01616	0.00975	0.01440	0.05639	0.00351	0.70278	0.00630	0.00315	0.00772
32	0.00868	0.00620	0.00826	0.00991	0.01033	0.00578	0.00661	0.00991	0.01363	0.01818	0.03925	0.74510	0.04710	0.02231	0.00909	0.00289	0.00413	0.02024	0.00661	0.00578
33	0.02503	0.01862	0.02073	0.01617	0.02141	0.02042	0.03221	0.59895	0.03112	0.04171	0.01911	0.08600	0.01538	0.00978	0.00735	0.00222	0.00761	0.00778	0.00697	0.01144
34	0.01035	0.00694	0.00797	0.00797	0.00804	0.00701	0.00457	0.01048	0.01041	0.01396	0.02225	0.04557	0.02544	0.71150	0.07389	0.00715	0.00757	0.01021	0.00429	0.00443
35	0.01428	0.03683	0.71286	0.02030	0.03082	0.01654	0.02631	0.02255	0.01503	0.02255	0.01278	0.01503	0.00902	0.00677	0.00677	0.00226	0.01052	0.00526	0.00301	0.01052
36	0.03105	0.01215	0.01643	0.01256	0.01811	0.01041	0.01036	0.03383	0.02009	0.67446	0.02729	0.02374	0.01726	0.00863	0.00706	0.00214	0.00602	0.00701	0.00857	0.05283
37	0.01681	0.01921	0.04202	0.03001	0.03721	0.01801	0.67947	0.02281	0.01681	0.02281	0.01441	0.01921	0.01080	0.00600	0.00840	0.00240	0.01200	0.00840	0.00360	0.00960
38	0.00868	0.00620	0.00826	0.00991	0.01033	0.00578	0.00661	0.00991	0.01363	0.01818	0.03925	0.74510	0.04710	0.02231	0.00909	0.00289	0.00413	0.02024	0.00661	0.00578
39	0.01008	0.00728	0.00952	0.00896	0.01064	0.00672	0.00672	0.01344	0.02016	0.02855	0.70158	0.05319	0.06719	0.01456	0.00840	0.00224	0.00336	0.01288	0.00784	0.00672
40	0.03145	0.01334	0.01696	0.01310	0.01856	0.03459	0.01077	0.07654	0.02123	0.64423	0.02682	0.02340	0.01699	0.00875	0.00713	0.00219	0.00640	0.00703	0.00853	0.01199
41	0.80005	0.01377	0.01047	0.00936	0.01377	0.01597	0.00771	0.02093	0.01212	0.03195	0.00991	0.01157	0.00771	0.00661	0.00441	0.00220	0.00551	0.00386	0.00441	0.00771
