[name]
unknown

[dist]
# distance from previous block
# <min> <max>
26	80

[block]
# block no. 0 follows, 29 sequences, length 8
# corresponding to MSA columns:
# 97-104
name=unknown_A
#
# <colnr> <probs for GDERKNQSTAVLIFYWHMCP>
#	G	D	E	R	K	N	Q	S	T	A	V	L	I	F	Y	W	H	M	C	P
0	0.02334	0.01384	0.01624	0.01326	0.01743	0.01471	0.01075	0.22354	0.10470	0.23172	0.02250	0.02255	0.01615	0.01196	0.05595	0.00279	0.04590	0.00694	0.13524	0.01049
1	0.01208	0.01075	0.01224	0.01169	0.01354	0.08427	0.04874	0.01365	0.01467	0.01882	0.07142	0.37328	0.07615	0.07252	0.01158	0.05301	0.00592	0.01398	0.00557	0.07611
2	0.01707	0.02143	0.14526	0.02668	0.07622	0.01757	0.41993	0.06487	0.05908	0.02463	0.01507	0.01856	0.01129	0.00650	0.00777	0.00229	0.01059	0.00744	0.00397	0.04378
3	0.03202	0.12820	0.04438	0.03609	0.01652	0.05758	0.03419	0.05815	0.01699	0.05861	0.15741	0.03564	0.10337	0.11212	0.05701	0.00337	0.00749	0.02780	0.00536	0.00770
4	0.01592	0.01280	0.04102	0.01227	0.01552	0.01287	0.00993	0.19572	0.11985	0.02887	0.08345	0.15171	0.07493	0.01715	0.08714	0.00333	0.00708	0.01028	0.09145	0.00872
5	0.02205	0.01613	0.01818	0.04836	0.02032	0.01752	0.01196	0.46519	0.02668	0.03587	0.01876	0.10322	0.01605	0.01169	0.00951	0.08802	0.00717	0.00790	0.00629	0.04913
6	0.01990	0.28340	0.02669	0.01847	0.10414	0.19433	0.01386	0.06168	0.01654	0.01944	0.01197	0.01510	0.01054	0.01232	0.08438	0.00294	0.08664	0.00514	0.00359	0.00893
7	0.35490	0.17038	0.04228	0.05567	0.01863	0.07559	0.03183	0.02136	0.03548	0.02463	0.01216	0.01519	0.01012	0.03636	0.00695	0.00224	0.03014	0.00485	0.04308	0.00815

[dist]
# distance from previous block
# <min> <max>
0	7

[block]
# block no. 1 follows, 29 sequences, length 94
# corresponding to MSA columns:
# 112-205
name=unknown_B
#
# <colnr> <probs for GDERKNQSTAVLIFYWHMCP>
#	G	D	E	R	K	N	Q	S	T	A	V	L	I	F	Y	W	H	M	C	P
0	0.08025	0.02024	0.17553	0.17462	0.29538	0.01705	0.02051	0.05235	0.01574	0.02347	0.01278	0.01670	0.01006	0.00706	0.00769	0.00226	0.04889	0.00590	0.00356	0.00998
1	0.04639	0.13344	0.36749	0.08973	0.02671	0.03324	0.01915	0.03773	0.03710	0.02178	0.01851	0.02055	0.07352	0.00967	0.03392	0.00252	0.00931	0.00619	0.00370	0.00938
2	0.01420	0.12080	0.01544	0.05069	0.03012	0.08034	0.00910	0.01772	0.07108	0.05024	0.06001	0.09054	0.28805	0.06002	0.00922	0.00252	0.00603	0.01079	0.00559	0.00750
3	0.01956	0.61993	0.03500	0.01577	0.08498	0.08761	0.01326	0.02199	0.01514	0.01744	0.01033	0.01215	0.00935	0.00623	0.00497	0.00161	0.00815	0.00412	0.00315	0.00927
4	0.01187	0.00918	0.00961	0.00918	0.01042	0.03777	0.00613	0.04503	0.05178	0.01948	0.13427	0.07335	0.12104	0.40452	0.02299	0.00475	0.00604	0.01119	0.00552	0.00588
5	0.04177	0.25105	0.19767	0.01759	0.04521	0.18184	0.01677	0.02261	0.01535	0.01907	0.01090	0.01350	0.00918	0.00755	0.00852	0.00206	0.12220	0.00481	0.00325	0.00910
6	0.01194	0.03504	0.01387	0.06803	0.01568	0.01203	0.00987	0.01460	0.05186	0.01835	0.05439	0.25824	0.05220	0.14533	0.01674	0.00350	0.17462	0.03195	0.00509	0.00665
7	0.00899	0.00632	0.00832	0.00970	0.01028	0.00591	0.00656	0.01051	0.01431	0.01950	0.10262	0.65075	0.04793	0.02102	0.00886	0.00278	0.00403	0.01901	0.03669	0.00591
8	0.01025	0.00692	0.00774	0.00774	0.00787	0.00685	0.00437	0.01035	0.01068	0.01410	0.02516	0.04780	0.06299	0.70962	0.03472	0.00666	0.00672	0.01061	0.00444	0.00441
9	0.01672	0.03775	0.02708	0.23848	0.09908	0.04847	0.17595	0.07479	0.01631	0.02175	0.01371	0.04269	0.01144	0.00832	0.01018	0.00243	0.13498	0.00715	0.00376	0.00895
10	0.02369	0.01697	0.01936	0.01521	0.01996	0.01849	0.03338	0.49359	0.02788	0.07148	0.01834	0.02114	0.01414	0.07115	0.07498	0.00337	0.00870	0.00694	0.03052	0.01072
11	0.01368	0.00735	0.00787	0.04673	0.01093	0.00758	0.00603	0.03579	0.01543	0.02662	0.02247	0.02586	0.01759	0.00824	0.00516	0.00171	0.00379	0.00661	0.72370	0.00686
12	0.01766	0.01600	0.01566	0.01417	0.01792	0.07039	0.01090	0.03470	0.58157	0.02768	0.02918	0.02822	0.05036	0.04283	0.00853	0.00257	0.00615	0.00819	0.00681	0.01050
13	0.02019	0.09216	0.02650	0.05069	0.36040	0.18668	0.03451	0.05384	0.06589	0.02251	0.01377	0.01657	0.01129	0.00691	0.00671	0.00203	0.00932	0.00586	0.00393	0.01025
14	0.01198	0.00867	0.01034	0.01033	0.01233	0.00848	0.00769	0.04833	0.09278	0.05384	0.15845	0.30200	0.17755	0.01725	0.00848	0.00258	0.00446	0.05021	0.00702	0.00725
15	0.09098	0.05628	0.05591	0.05100	0.02164	0.04703	0.11583	0.01860	0.01351	0.02053	0.01397	0.05494	0.01267	0.01402	0.08760	0.00338	0.21948	0.00684	0.03515	0.06064
16	0.01574	0.01301	0.01513	0.01349	0.01553	0.04341	0.01059	0.11932	0.05444	0.05397	0.05874	0.17727	0.12972	0.03549	0.01300	0.00275	0.20365	0.01099	0.00574	0.00803
17	0.02533	0.01115	0.01469	0.01206	0.01639	0.01014	0.00964	0.02958	0.08067	0.48593	0.11704	0.10506	0.02759	0.01108	0.00754	0.00230	0.00546	0.00938	0.00831	0.01066
18	0.01739	0.01668	0.02849	0.08158	0.66926	0.01686	0.02174	0.02165	0.01611	0.02298	0.01335	0.01770	0.01118	0.00639	0.00705	0.00213	0.00852	0.00634	0.00350	0.01109
19	0.01451	0.01146	0.01838	0.19471	0.02531	0.01193	0.14227	0.04473	0.01582	0.02403	0.01849	0.04280	0.01476	0.00780	0.00641	0.00201	0.00689	0.00716	0.34212	0.04838
20	0.00912	0.00676	0.00906	0.01035	0.01080	0.00670	0.00711	0.01047	0.01377	0.01858	0.06713	0.67426	0.04592	0.02142	0.00984	0.00288	0.04427	0.01915	0.00647	0.00594
21	0.01558	0.01558	0.02181	0.01869	0.01869	0.02181	0.01558	0.01714	0.01091	0.01714	0.00935	0.01558	0.00935	0.01246	0.02337	0.00312	0.73672	0.00623	0.00312	0.00779
22	0.05671	0.01296	0.01604	0.01263	0.01779	0.03809	0.01032	0.03342	0.05460	0.59783	0.02666	0.02358	0.01720	0.00870	0.00695	0.00218	0.00617	0.00697	0.03964	0.01156
23	0.00995	0.00797	0.01217	0.12265	0.01774	0.00807	0.04550	0.01205	0.01408	0.01873	0.05875	0.55054	0.03958	0.03546	0.00934	0.00285	0.00543	0.01693	0.00591	0.00632
24	0.00884	0.00629	0.00830	0.00975	0.01020	0.00590	0.00649	0.01013	0.01381	0.01850	0.07414	0.66929	0.04702	0.06188	0.01054	0.00308	0.00424	0.01930	0.00655	0.00575
25	0.01021	0.00787	0.00942	0.00923	0.01111	0.00747	0.00683	0.01450	0.08319	0.02490	0.38739	0.15973	0.20932	0.01608	0.00840	0.00239	0.00376	0.01404	0.00731	0.00685
26	0.01104	0.00745	0.00978	0.00919	0.01098	0.00684	0.00689	0.01425	0.01979	0.06043	0.63161	0.09139	0.06368	0.01473	0.00838	0.00228	0.00353	0.01303	0.00781	0.00692
27	0.02412	0.01708	0.01879	0.01504	0.01980	0.01856	0.01214	0.52661	0.02925	0.07838	0.02161	0.14524	0.01856	0.01098	0.00747	0.00227	0.00708	0.00888	0.00713	0.01100
28	0.64444	0.01598	0.03728	0.04415	0.03682	0.05807	0.03125	0.02140	0.01306	0.02961	0.01044	0.01251	0.00812	0.00665	0.00493	0.00219	0.00659	0.00427	0.00421	0.00801
29	0.01983	0.01743	0.02661	0.07131	0.45927	0.06798	0.06309	0.02455	0.04711	0.10952	0.01580	0.01868	0.01227	0.00689	0.00712	0.00215	0.00864	0.00653	0.00435	0.01088
30	0.02377	0.01097	0.01399	0.01135	0.01570	0.00986	0.00915	0.05518	0.04328	0.43305	0.12958	0.03638	0.15352	0.01137	0.00757	0.00225	0.00528	0.00944	0.00814	0.01019
31	0.01640	0.01936	0.07238	0.08315	0.05974	0.01788	0.54791	0.02218	0.01627	0.02223	0.01395	0.01878	0.01057	0.00640	0.00878	0.00241	0.04065	0.00793	0.00352	0.00950
32	0.02571	0.10161	0.02228	0.01679	0.02154	0.34280	0.01342	0.29271	0.04780	0.02890	0.01397	0.01489	0.01079	0.00778	0.00654	0.00194	0.01003	0.00536	0.00513	0.01001
33	0.01010	0.00802	0.00967	0.01021	0.04838	0.00729	0.00698	0.02795	0.01772	0.02325	0.30051	0.08175	0.35104	0.05382	0.00977	0.00257	0.00407	0.01348	0.00680	0.00661
34	0.01059	0.00699	0.00827	0.00823	0.00904	0.00694	0.00544	0.01210	0.01337	0.01919	0.15216	0.07056	0.05958	0.37316	0.08999	0.00532	0.00662	0.01056	0.12644	0.00545
35	0.01074	0.00752	0.00894	0.00907	0.01073	0.00689	0.00648	0.03465	0.01626	0.05499	0.15475	0.29814	0.25489	0.07929	0.01087	0.00291	0.00429	0.01544	0.00675	0.00641
36	0.10810	0.01764	0.01865	0.01462	0.01962	0.01939	0.01187	0.51430	0.02832	0.07342	0.01739	0.01971	0.01324	0.07996	0.00965	0.00261	0.00741	0.00656	0.00665	0.01089
37	0.02265	0.01419	0.01625	0.01386	0.01840	0.01520	0.01099	0.03675	0.45935	0.26582	0.02867	0.02576	0.02031	0.00937	0.00722	0.00234	0.00578	0.00774	0.00779	0.01156
38	0.04200	0.01504	0.02553	0.34365	0.36695	0.01645	0.04785	0.02026	0.01524	0.02132	0.01300	0.01808	0.01036	0.00668	0.00705	0.00224	0.00896	0.00634	0.00340	0.00961
39	0.00868	0.00620	0.00826	0.00991	0.01033	0.00578	0.00661	0.00991	0.01363	0.01818	0.03925	0.74510	0.04710	0.02231	0.00909	0.00289	0.00413	0.02024	0.00661	0.00578
40	0.04371	0.00749	0.00910	0.00873	0.01058	0.00695	0.00653	0.01303	0.01880	0.02656	0.52953	0.08979	0.17266	0.01521	0.00827	0.00230	0.00353	0.01324	0.00742	0.00659
41	0.02574	0.03214	0.01978	0.01797	0.02168	0.65320	0.01352	0.02934	0.08513	0.01862	0.01274	0.01417	0.01039	0.00756	0.00650	0.00189	0.01214	0.00492	0.00401	0.00855
42	0.00960	0.00750	0.01061	0.05216	0.01362	0.00756	0.02727	0.01124	0.01383	0.01847	0.05561	0.57051	0.07437	0.04475	0.01050	0.00295	0.03961	0.01763	0.00612	0.00610
43	0.01017	0.00763	0.01144	0.01144	0.01272	0.00890	0.00890	0.01272	0.01144	0.01653	0.01907	0.02797	0.01780	0.05340	0.72153	0.01144	0.01907	0.00763	0.00381	0.00636
44	0.02641	0.01142	0.01467	0.01175	0.01624	0.01047	0.00951	0.08640	0.02031	0.47878	0.05607	0.06475	0.02100	0.00970	0.00698	0.00215	0.00557	0.00798	0.12914	0.01069
45	0.01475	0.01423	0.01674	0.05040	0.01851	0.10685	0.04327	0.01968	0.10807	0.01889	0.01740	0.02356	0.01538	0.05404	0.32174	0.00653	0.13100	0.00713	0.00414	0.00769
46	0.00944	0.00704	0.00904	0.01013	0.01071	0.00703	0.00690	0.01126	0.03672	0.01817	0.03753	0.58933	0.07374	0.09024	0.01221	0.00324	0.03708	0.01801	0.00626	0.00593
47	0.76258	0.01372	0.01098	0.04382	0.01545	0.01597	0.00829	0.02080	0.01222	0.03129	0.01005	0.01192	0.00780	0.00663	0.00454	0.00221	0.00570	0.00397	0.00435	0.00772
48	0.02021	0.48228	0.12619	0.01471	0.02090	0.17022	0.01450	0.04420	0.01634	0.01859	0.01076	0.01240	0.00922	0.00652	0.00534	0.00171	0.00911	0.00425	0.00330	0.00924
49	0.00945	0.00699	0.00882	0.00893	0.01039	0.00636	0.00648	0.01201	0.01784	0.02437	0.42877	0.23484	0.16421	0.01712	0.00858	0.00244	0.00360	0.01513	0.00732	0.00636
50	0.02501	0.01645	0.01842	0.01455	0.01937	0.01754	0.01176	0.46268	0.02804	0.15272	0.04194	0.07805	0.01822	0.05050	0.00892	0.00247	0.00706	0.00804	0.00724	0.01102
51	0.01026	0.00740	0.00929	0.01005	0.01062	0.00744	0.00674	0.04497	0.01379	0.01849	0.03312	0.51799	0.03900	0.19244	0.01587	0.00380	0.03020	0.01672	0.00598	0.00583
52	0.02769	0.01720	0.01935	0.01491	0.02036	0.01821	0.01229	0.47588	0.02906	0.22171	0.02034	0.01947	0.01389	0.00861	0.00703	0.00213	0.00714	0.00662	0.04628	0.01184
53	0.01384	0.01345	0.02380	0.56682	0.04427	0.01601	0.11290	0.01852	0.01433	0.01872	0.01310	0.01934	0.01010	0.00957	0.04487	0.00288	0.03947	0.00669	0.00326	0.00807
54	0.01616	0.05174	0.02081	0.20980	0.09917	0.08431	0.03859	0.04752	0.01534	0.02069	0.01581	0.04447	0.02827	0.01032	0.03061	0.00258	0.14928	0.00685	0.09943	0.00826
55	0.01865	0.01468	0.01578	0.01403	0.01813	0.01658	0.01096	0.03644	0.60360	0.09192	0.03063	0.02803	0.04862	0.00992	0.00728	0.00240	0.00559	0.00825	0.00736	0.01114
56	0.01036	0.00690	0.00777	0.00777	0.00777	0.00690	0.00431	0.01036	0.01036	0.01381	0.02244	0.04660	0.02589	0.74975	0.03624	0.00690	0.00690	0.01036	0.00431	0.00431
57	0.05381	0.47195	0.08621	0.01468	0.05647	0.09203	0.01324	0.03609	0.01552	0.01977	0.01172	0.01361	0.01002	0.00655	0.00515	0.00170	0.00796	0.00444	0.07000	0.00907
58	0.01523	0.01493	0.02478	0.05530	0.02428	0.03871	0.22369	0.03730	0.01446	0.01982	0.01642	0.04299	0.01555	0.04891	0.05428	0.04674	0.21795	0.07688	0.00395	0.00783
59	0.00865	0.00725	0.00754	0.00754	0.00986	0.00614	0.00570	0.01064	0.01659	0.02013	0.12749	0.06750	0.62628	0.01777	0.00846	0.00242	0.00367	0.03356	0.00672	0.00609
60	0.01635	0.01815	0.09794	0.01846	0.02461	0.03253	0.20607	0.07377	0.01671	0.02394	0.01463	0.05402	0.01235	0.00736	0.00802	0.00193	0.06088	0.00671	0.00418	0.30138
61	0.02072	0.02280	0.04061	0.16443	0.14420	0.26916	0.05924	0.10025	0.04238	0.02262	0.01360	0.01682	0.01076	0.00881	0.03118	0.00242	0.01070	0.00593	0.00405	0.00933
62	0.01697	0.01625	0.02772	0.15143	0.60271	0.01675	0.02153	0.02128	0.01590	0.02247	0.01328	0.01784	0.01100	0.00647	0.00706	0.00216	0.00862	0.00634	0.00347	0.01075
63	0.02195	0.47686	0.03072	0.01456	0.01971	0.29492	0.01279	0.02406	0.01667	0.01701	0.01033	0.01197	0.00915	0.00657	0.00528	0.00164	0.00963	0.00411	0.00329	0.00880
64	0.01394	0.00863	0.01076	0.00958	0.01217	0.00792	0.00740	0.04916	0.02017	0.13080	0.45679	0.04969	0.16708	0.01399	0.00815	0.00226	0.00403	0.01207	0.00774	0.00768
65	0.01023	0.00740	0.01028	0.01028	0.01115	0.00827	0.00745	0.01197	0.01110	0.01567	0.02014	0.03386	0.02036	0.27335	0.50508	0.01001	0.01523	0.00849	0.00397	0.00571
66	0.02089	0.01432	0.01594	0.01375	0.01810	0.01559	0.01086	0.06340	0.47171	0.18701	0.03063	0.02792	0.05770	0.00988	0.00728	0.00235	0.00572	0.00816	0.00757	0.01121
67	0.01237	0.00618	0.00928	0.00928	0.00928	0.00618	0.00618	0.00928	0.00928	0.01237	0.01237	0.02165	0.01237	0.02474	0.02783	0.79283	0.00618	0.00618	0.00309	0.00309
68	0.02660	0.03394	0.02018	0.01834	0.02201	0.72116	0.01376	0.02843	0.02018	0.01743	0.01101	0.01284	0.00917	0.00734	0.00642	0.00183	0.01284	0.00459	0.00367	0.00825
69	0.02516	0.01723	0.01882	0.01478	0.01978	0.01868	0.01207	0.52410	0.02946	0.10032	0.01991	0.06034	0.01517	0.00934	0.00704	0.00214	0.00705	0.00729	0.08008	0.01124
70	0.01132	0.00815	0.01125	0.01281	0.01449	0.00808	0.01116	0.01452	0.01638	0.02120	0.03948	0.07971	0.07516	0.01959	0.00976	0.00323	0.00640	0.62421	0.00656	0.00653
71	0.00907	0.00733	0.00812	0.00817	0.01035	0.00638	0.00630	0.01134	0.01704	0.02134	0.19625	0.06663	0.50584	0.01750	0.00856	0.00246	0.00386	0.08042	0.00686	0.00621
72	0.02797	0.01850	0.02048	0.01570	0.02136	0.01994	0.01297	0.56232	0.03106	0.16756	0.01912	0.01841	0.01313	0.00860	0.00713	0.00215	0.00751	0.00655	0.00743	0.01211
73	0.14700	0.01410	0.01622	0.01287	0.01787	0.01428	0.01054	0.19813	0.04820	0.34895	0.08013	0.02300	0.01907	0.00893	0.00683	0.00220	0.00619	0.00698	0.00755	0.01094
74	0.01037	0.00784	0.01148	0.01137	0.01248	0.00917	0.00873	0.01266	0.01133	0.01631	0.01904	0.02919	0.01823	0.11362	0.63682	0.01075	0.04273	0.00782	0.00383	0.00623
75	0.08408	0.00820	0.01008	0.00925	0.01144	0.00782	0.00706	0.01557	0.01943	0.07520	0.59231	0.04740	0.05836	0.01344	0.00795	0.00223	0.00374	0.01166	0.00759	0.00718
76	0.01392	0.01323	0.02182	0.61190	0.08160	0.01658	0.01940	0.01827	0.01396	0.01835	0.01231	0.01851	0.00957	0.00770	0.00900	0.00245	0.09384	0.00632	0.00318	0.00808
77	0.02233	0.01922	0.01734	0.01578	0.05352	0.20414	0.01174	0.20230	0.04138	0.09096	0.04278	0.04356	0.03958	0.00923	0.00738	0.00207	0.03580	0.00700	0.12447	0.00943
78	0.62641	0.01504	0.01284	0.07848	0.01804	0.05286	0.00967	0.04947	0.01362	0.02997	0.01052	0.01270	0.00820	0.00698	0.00552	0.00223	0.03088	0.00432	0.00433	0.00795
79	0.01649	0.03964	0.02019	0.19798	0.09254	0.05087	0.04099	0.06056	0.01540	0.04585	0.01503	0.02054	0.01252	0.05043	0.03225	0.00283	0.15413	0.00656	0.11687	0.00833
80	0.01302	0.00940	0.01136	0.01054	0.01177	0.01027	0.00744	0.11497	0.01435	0.01960	0.02082	0.05969	0.02174	0.39929	0.21233	0.00710	0.03621	0.00921	0.00465	0.00624
81	0.02040	0.01790	0.02149	0.17987	0.02769	0.08215	0.05109	0.27972	0.04606	0.02899	0.01552	0.04663	0.01254	0.00944	0.00991	0.01841	0.11059	0.00692	0.00506	0.00960
82	0.07863	0.13197	0.50176	0.01763	0.02661	0.01756	0.02147	0.02334	0.01520	0.08389	0.01352	0.01508	0.00970	0.00684	0.00631	0.00215	0.00933	0.00512	0.00364	0.01025
83	0.02942	0.01251	0.01640	0.01272	0.01790	0.01136	0.01045	0.10171	0.02176	0.57675	0.08874	0.02613	0.02159	0.00931	0.00727	0.00220	0.00600	0.00761	0.00854	0.01162
84	0.00938	0.00712	0.00873	0.00919	0.01080	0.00647	0.00692	0.01171	0.01676	0.02195	0.24059	0.22891	0.26908	0.01829	0.00877	0.00260	0.00407	0.10547	0.00696	0.00624
85	0.04237	0.21930	0.02446	0.10504	0.07866	0.23555	0.01402	0.03861	0.04060	0.01962	0.01258	0.01545	0.01057	0.00920	0.03665	0.00234	0.04738	0.00517	0.03371	0.00872
86	0.01327	0.00664	0.00664	0.00664	0.00830	0.00664	0.00498	0.01659	0.01493	0.02655	0.02323	0.02655	0.01825	0.00830	0.00498	0.00166	0.00332	0.00664	0.78928	0.00664
87	0.01106	0.00712	0.00874	0.00879	0.00944	0.00695	0.00564	0.01204	0.01290	0.05131	0.12067	0.17804	0.03484	0.43398	0.06334	0.00551	0.00651	0.01228	0.00544	0.00543
88	0.02009	0.01898	0.01727	0.05425	0.01991	0.21295	0.01204	0.22017	0.02068	0.02534	0.01603	0.02086	0.01360	0.05880	0.23120	0.00520	0.01279	0.00647	0.00477	0.00862
89	0.01472	0.02341	0.28588	0.02376	0.09024	0.01545	0.23925	0.02135	0.04778	0.02237	0.01824	0.13006	0.01631	0.00901	0.00772	0.00240	0.00961	0.00885	0.00401	0.00959
90	0.01028	0.00707	0.00875	0.00948	0.00996	0.00699	0.00650	0.01132	0.01247	0.01649	0.02951	0.19678	0.03382	0.42698	0.02440	0.00522	0.00626	0.16726	0.00532	0.00515
91	0.01150	0.00835	0.00983	0.01070	0.01187	0.03558	0.00771	0.01369	0.03749	0.05438	0.03668	0.44888	0.06926	0.09532	0.01172	0.00325	0.00527	0.11576	0.00638	0.00637
92	0.01667	0.01248	0.01508	0.01349	0.01645	0.01324	0.03055	0.27073	0.04589	0.02949	0.04777	0.30805	0.03025	0.01716	0.04354	0.00300	0.00676	0.06412	0.00663	0.00865
93	0.02001	0.01734	0.01699	0.01468	0.01876	0.08555	0.01148	0.18914	0.39622	0.03157	0.07252	0.02559	0.02162	0.03591	0.00825	0.00244	0.00674	0.00775	0.00681	0.01061

[dist]
# distance from previous block
# <min> <max>
0	2

[block]
# block no. 2 follows, 29 sequences, length 96
# corresponding to MSA columns:
# 208-303
name=unknown_C
#
# <colnr> <probs for GDERKNQSTAVLIFYWHMCP>
#	G	D	E	R	K	N	Q	S	T	A	V	L	I	F	Y	W	H	M	C	P
0	0.35304	0.21629	0.13851	0.03058	0.01836	0.01835	0.01218	0.02036	0.01369	0.02483	0.01517	0.01672	0.05608	0.00735	0.00522	0.00203	0.00684	0.00501	0.03097	0.00843
1	0.00934	0.00671	0.00868	0.00928	0.01024	0.00624	0.00644	0.01134	0.01606	0.02199	0.29999	0.39727	0.07828	0.07106	0.01073	0.00290	0.00401	0.01644	0.00693	0.00606
2	0.01532	0.01523	0.02753	0.35853	0.17265	0.01630	0.18560	0.02066	0.03588	0.02098	0.01374	0.01877	0.01060	0.00666	0.00733	0.00226	0.00957	0.00679	0.00353	0.05208
3	0.01560	0.01315	0.01522	0.01094	0.01723	0.01035	0.00878	0.06316	0.01604	0.02468	0.01296	0.01492	0.01065	0.00550	0.00540	0.00113	0.00545	0.00437	0.00442	0.74004
4	0.01904	0.75404	0.03731	0.01218	0.01828	0.02818	0.01218	0.02132	0.01447	0.01675	0.00990	0.01142	0.00914	0.00609	0.00457	0.00152	0.00761	0.00381	0.00305	0.00914
5	0.01201	0.00942	0.01030	0.00986	0.01040	0.04770	0.00652	0.02962	0.01169	0.01544	0.02028	0.03910	0.02229	0.53608	0.13485	0.00692	0.05880	0.00925	0.00420	0.00527
6	0.01088	0.00870	0.01334	0.11895	0.01836	0.01046	0.01079	0.01371	0.01184	0.01680	0.01772	0.02613	0.01622	0.04485	0.58686	0.00976	0.04692	0.00738	0.00369	0.00665
7	0.01771	0.01530	0.01610	0.01449	0.01852	0.01771	0.01127	0.03784	0.69247	0.02979	0.02898	0.02657	0.02174	0.00966	0.00725	0.00242	0.00564	0.00805	0.00725	0.01127
8	0.01036	0.00690	0.00777	0.00777	0.00777	0.00690	0.00431	0.01036	0.01036	0.01381	0.02244	0.04660	0.02589	0.74975	0.03624	0.00690	0.00690	0.01036	0.00431	0.00431
9	0.01588	0.01262	0.01488	0.01068	0.01696	0.00956	0.00857	0.01902	0.01513	0.06780	0.01366	0.01538	0.01101	0.00550	0.00540	0.00113	0.00532	0.00441	0.00452	0.74257
10	0.01679	0.01392	0.01584	0.01168	0.01776	0.01192	0.00939	0.11794	0.06349	0.02687	0.01442	0.01591	0.01154	0.00606	0.00568	0.00131	0.00568	0.00480	0.00486	0.62414
11	0.01051	0.00735	0.00955	0.00903	0.01078	0.00675	0.00676	0.01370	0.01973	0.04493	0.63260	0.08269	0.08892	0.01488	0.00840	0.00227	0.00347	0.01313	0.00776	0.00679
12	0.00880	0.00647	0.00828	0.00961	0.01041	0.00595	0.00663	0.01028	0.01435	0.01881	0.06645	0.59464	0.14433	0.02131	0.00900	0.00281	0.00413	0.04521	0.00665	0.00588
13	0.01734	0.01663	0.02839	0.09066	0.66061	0.01684	0.02171	0.02160	0.01608	0.02292	0.01334	0.01772	0.01116	0.00640	0.00705	0.00213	0.00853	0.00634	0.00350	0.01105
14	0.03195	0.01212	0.01652	0.01267	0.01818	0.01047	0.01047	0.03470	0.02038	0.71026	0.02809	0.02424	0.01763	0.00881	0.00716	0.00220	0.00606	0.00716	0.00881	0.01212
15	0.01327	0.00664	0.00664	0.00664	0.00830	0.00664	0.00498	0.01659	0.01493	0.02655	0.02323	0.02655	0.01825	0.00830	0.00498	0.00166	0.00332	0.00664	0.78928	0.00664
16	0.22008	0.03500	0.02012	0.22186	0.06625	0.04853	0.08815	0.04788	0.01618	0.07156	0.08408	0.02031	0.01584	0.00774	0.00659	0.00223	0.00786	0.00650	0.00460	0.00862
17	0.02444	0.05761	0.02124	0.01868	0.05874	0.40706	0.01390	0.15900	0.09523	0.02454	0.01420	0.01551	0.01125	0.00795	0.00733	0.00202	0.04162	0.00546	0.00469	0.00954
18	0.00921	0.00686	0.00866	0.00935	0.01060	0.00621	0.00662	0.01115	0.01567	0.02098	0.19654	0.43437	0.15862	0.01923	0.00872	0.00262	0.00396	0.03377	0.00682	0.03004
19	0.01221	0.06086	0.01228	0.01063	0.01282	0.06435	0.00804	0.01598	0.08116	0.02135	0.15745	0.24609	0.15863	0.03925	0.00896	0.00257	0.00521	0.04862	0.00628	0.02727
20	0.01935	0.61775	0.06340	0.01309	0.01895	0.10297	0.01277	0.02188	0.01532	0.01749	0.03470	0.01322	0.01120	0.00656	0.00500	0.00161	0.00816	0.00428	0.00328	0.00901
21	0.80005	0.01377	0.01047	0.00936	0.01377	0.01597	0.00771	0.02093	0.01212	0.03195	0.00991	0.01157	0.00771	0.00661	0.00441	0.00220	0.00551	0.00386	0.00441	0.00771
22	0.01862	0.01865	0.08968	0.10046	0.24290	0.10498	0.01714	0.06672	0.01807	0.08475	0.05027	0.04629	0.01822	0.00931	0.00740	0.00229	0.00850	0.08127	0.00480	0.00969
23	0.04135	0.01575	0.02704	0.23924	0.44976	0.01665	0.06539	0.02084	0.01556	0.02206	0.01314	0.01793	0.01062	0.00655	0.00708	0.00221	0.00890	0.00640	0.00345	0.01009
24	0.00888	0.00724	0.00782	0.00814	0.01020	0.00629	0.00617	0.01073	0.01579	0.01916	0.06340	0.12196	0.54466	0.04992	0.00983	0.00274	0.00413	0.09046	0.00651	0.00598
25	0.01558	0.01558	0.02181	0.01869	0.01869	0.02181	0.01558	0.01714	0.01091	0.01714	0.00935	0.01558	0.00935	0.01246	0.02337	0.00312	0.73672	0.00623	0.00312	0.00779
26	0.01485	0.00793	0.00822	0.00777	0.00989	0.00810	0.00594	0.04240	0.06175	0.05611	0.02361	0.02612	0.01824	0.00842	0.00530	0.00175	0.00375	0.00675	0.67574	0.00738
27	0.01353	0.00894	0.01216	0.05052	0.01433	0.00929	0.02412	0.09836	0.03444	0.01937	0.02235	0.20528	0.04453	0.01994	0.01755	0.37855	0.00610	0.01018	0.00476	0.00570
28	0.01595	0.00860	0.01105	0.00973	0.01259	0.00762	0.00754	0.01878	0.01928	0.22036	0.37323	0.07229	0.16674	0.01382	0.00807	0.00228	0.00420	0.01190	0.00785	0.00809
29	0.01206	0.00869	0.01046	0.01072	0.01207	0.00875	0.00759	0.12105	0.01665	0.02213	0.03428	0.47240	0.06129	0.12395	0.01266	0.00334	0.00522	0.04367	0.00636	0.00666
30	0.01762	0.01692	0.02890	0.04371	0.70533	0.01692	0.02185	0.02185	0.01621	0.02326	0.01339	0.01762	0.01128	0.00634	0.00705	0.00211	0.00846	0.00634	0.00352	0.01128
31	0.00970	0.00699	0.00901	0.01012	0.01084	0.00683	0.00705	0.01192	0.04223	0.01888	0.07191	0.48794	0.04262	0.12647	0.03327	0.00370	0.00523	0.08305	0.00629	0.00595
32	0.80005	0.01377	0.01047	0.00936	0.01377	0.01597	0.00771	0.02093	0.01212	0.03195	0.00991	0.01157	0.00771	0.00661	0.00441	0.00220	0.00551	0.00386	0.00441	0.00771
33	0.00996	0.00674	0.00788	0.00828	0.00838	0.00664	0.00486	0.01025	0.01114	0.01485	0.02644	0.21295	0.03094	0.57651	0.02978	0.00595	0.00624	0.01271	0.00486	0.00466
34	0.01374	0.02626	0.41892	0.01901	0.02625	0.01480	0.09489	0.02003	0.01558	0.02255	0.08602	0.04843	0.01988	0.00978	0.00866	0.00246	0.05856	0.08084	0.00408	0.00926
35	0.01325	0.00777	0.01087	0.01039	0.01077	0.00849	0.00740	0.03942	0.01103	0.01544	0.01401	0.04836	0.01375	0.02157	0.02422	0.59413	0.08109	0.00676	0.05698	0.00430
36	0.01932	0.72680	0.03667	0.01242	0.01842	0.05439	0.01224	0.02159	0.01468	0.01678	0.00994	0.01148	0.00914	0.00614	0.00464	0.00153	0.00781	0.00384	0.00307	0.00910
37	0.00997	0.00727	0.00936	0.00884	0.01057	0.00667	0.00663	0.01322	0.01989	0.02792	0.65891	0.05423	0.11025	0.01479	0.00840	0.00225	0.00338	0.01302	0.00776	0.00667
38	0.01032	0.00704	0.00847	0.00847	0.00872	0.00729	0.00520	0.01081	0.01056	0.01433	0.02179	0.04302	0.02433	0.61599	0.16788	0.00778	0.00924	0.00983	0.00422	0.00471
39	0.00996	0.00727	0.00936	0.00884	0.01057	0.00667	0.00663	0.01322	0.01989	0.02792	0.65868	0.05424	0.11048	0.01479	0.00840	0.00225	0.00338	0.01302	0.00775	0.00667
40	0.03043	0.01283	0.01675	0.01303	0.01842	0.01174	0.01070	0.07038	0.08038	0.61384	0.02757	0.02405	0.01769	0.00887	0.00717	0.00222	0.00612	0.00720	0.00858	0.01204
41	0.03143	0.01294	0.01704	0.01306	0.01859	0.01169	0.01079	0.10284	0.02176	0.64018	0.02693	0.02348	0.01705	0.00879	0.00716	0.00220	0.00625	0.00708	0.00864	0.01212
42	0.02740	0.01941	0.02104	0.01613	0.02182	0.02129	0.01333	0.63774	0.03259	0.08998	0.01784	0.01758	0.01248	0.00857	0.00713	0.00214	0.00772	0.00646	0.00724	0.01211
43	0.00879	0.00624	0.00823	0.00977	0.01015	0.00586	0.00645	0.00994	0.01341	0.01788	0.03810	0.69750	0.04565	0.07189	0.01094	0.00317	0.00432	0.01957	0.00645	0.00568
44	0.00917	0.00722	0.00828	0.00807	0.01010	0.00632	0.00603	0.01166	0.01793	0.02341	0.35518	0.07950	0.39858	0.01658	0.00843	0.00234	0.00351	0.01420	0.00717	0.00632
45	0.01599	0.01627	0.02175	0.01868	0.01882	0.04806	0.01551	0.01756	0.01125	0.01715	0.00941	0.01548	0.00934	0.01227	0.02273	0.00307	0.70955	0.00617	0.00314	0.00781
46	0.01063	0.00756	0.01034	0.01187	0.01306	0.00744	0.00965	0.01312	0.01522	0.01994	0.03709	0.26099	0.04163	0.07015	0.01143	0.00342	0.00591	0.43794	0.00642	0.00619
47	0.01017	0.00763	0.01144	0.01144	0.01272	0.00890	0.00890	0.01272	0.01144	0.01653	0.01907	0.02797	0.01780	0.05340	0.72153	0.01144	0.01907	0.00763	0.00381	0.00636
48	0.02116	0.01349	0.01452	0.01190	0.01580	0.01444	0.00958	0.31510	0.06175	0.08990	0.02122	0.02216	0.01566	0.00853	0.00624	0.00196	0.00568	0.00666	0.33450	0.00977
49	0.01389	0.01311	0.02215	0.66003	0.11821	0.01594	0.01999	0.01858	0.01445	0.01873	0.01273	0.01884	0.00968	0.00704	0.00711	0.00235	0.00938	0.00633	0.00320	0.00827
50	0.01113	0.00787	0.00952	0.00917	0.00967	0.00837	0.00597	0.03504	0.01203	0.01646	0.06723	0.04190	0.02629	0.53848	0.13464	0.00693	0.03979	0.00980	0.00453	0.00521
51	0.55859	0.01484	0.01660	0.07857	0.04136	0.01664	0.09229	0.06407	0.01440	0.03016	0.01129	0.01372	0.00865	0.00670	0.00540	0.00224	0.00691	0.00488	0.00435	0.00836
52	0.04186	0.01070	0.01248	0.01090	0.01370	0.01062	0.00811	0.14314	0.01798	0.13014	0.05282	0.15095	0.07108	0.19965	0.04533	0.00383	0.00652	0.01047	0.00619	0.05353
53	0.01231	0.00870	0.01060	0.00994	0.01183	0.00854	0.00731	0.07776	0.04458	0.04453	0.38716	0.16150	0.07361	0.09573	0.01137	0.00286	0.00447	0.01294	0.00714	0.00711
54	0.30486	0.12507	0.01740	0.01196	0.01638	0.07996	0.00994	0.09036	0.05267	0.04746	0.07026	0.01761	0.01501	0.00784	0.00617	0.00202	0.03122	0.00543	0.02650	0.06189
55	0.01778	0.05515	0.04059	0.01195	0.01536	0.13715	0.00970	0.03735	0.01910	0.14770	0.25009	0.08515	0.11966	0.01228	0.00757	0.00218	0.00625	0.01018	0.00657	0.00823
56	0.03195	0.01212	0.01652	0.01267	0.01818	0.01047	0.01047	0.03470	0.02038	0.71026	0.02809	0.02424	0.01763	0.00881	0.00716	0.00220	0.00606	0.00716	0.00881	0.01212
57	0.01335	0.01175	0.01865	0.38233	0.03246	0.01424	0.05114	0.01689	0.01348	0.01884	0.01552	0.04242	0.01358	0.08132	0.04207	0.00322	0.11330	0.00729	0.10078	0.00736
58	0.05033	0.01900	0.07049	0.16221	0.29986	0.10281	0.04665	0.04695	0.04434	0.02274	0.01704	0.02026	0.05136	0.00754	0.00700	0.00218	0.00894	0.00662	0.00395	0.00972
59	0.00881	0.00663	0.00816	0.00904	0.01018	0.00598	0.00630	0.01051	0.01529	0.01998	0.14472	0.45919	0.22934	0.02001	0.00880	0.00266	0.00388	0.01774	0.00679	0.00598
60	0.01036	0.00690	0.00777	0.00777	0.00777	0.00690	0.00431	0.01036	0.01036	0.01381	0.02244	0.04660	0.02589	0.74975	0.03624	0.00690	0.00690	0.01036	0.00431	0.00431
61	0.01889	0.44355	0.03055	0.01791	0.13075	0.06217	0.01352	0.06649	0.04486	0.02074	0.03829	0.01601	0.01287	0.00943	0.04474	0.00229	0.00844	0.00517	0.00383	0.00949
62	0.07263	0.30061	0.19562	0.01560	0.02184	0.21805	0.01561	0.02332	0.01624	0.01979	0.03432	0.01413	0.01099	0.00693	0.00575	0.00186	0.00951	0.00469	0.00347	0.00905
63	0.01147	0.00820	0.01147	0.01311	0.01475	0.00820	0.01147	0.01475	0.01639	0.02131	0.03770	0.08032	0.04098	0.01967	0.00984	0.00328	0.00656	0.65741	0.00656	0.00656
64	0.01474	0.01253	0.01463	0.01099	0.01684	0.00996	0.00884	0.01906	0.06082	0.02352	0.01547	0.02003	0.01338	0.00655	0.00572	0.00130	0.00539	0.04899	0.00458	0.68665
65	0.01125	0.00831	0.00984	0.00929	0.01090	0.00832	0.00666	0.05882	0.03522	0.02184	0.21501	0.04736	0.16561	0.23818	0.11791	0.00496	0.00707	0.01121	0.00592	0.00632
66	0.01345	0.01266	0.02136	0.73264	0.04904	0.01582	0.01978	0.01819	0.01424	0.01819	0.01266	0.01898	0.00949	0.00712	0.00712	0.00237	0.00949	0.00633	0.00316	0.00791
67	0.01904	0.75404	0.03731	0.01218	0.01828	0.02818	0.01218	0.02132	0.01447	0.01675	0.00990	0.01142	0.00914	0.00609	0.00457	0.00152	0.00761	0.00381	0.00305	0.00914
68	0.01275	0.01010	0.01307	0.06126	0.06296	0.02836	0.01123	0.05161	0.01767	0.02326	0.12069	0.05975	0.12593	0.01571	0.00867	0.00273	0.00619	0.32510	0.03568	0.00726
69	0.75802	0.01368	0.01080	0.00954	0.01401	0.01567	0.00786	0.02169	0.01257	0.06907	0.01091	0.01226	0.00825	0.00673	0.00456	0.00220	0.00554	0.00404	0.00465	0.00795
70	0.02217	0.01551	0.01646	0.01324	0.01758	0.01701	0.01073	0.43215	0.07266	0.03818	0.01980	0.02066	0.01466	0.00855	0.00647	0.00201	0.00629	0.00659	0.24892	0.01036
71	0.01237	0.00618	0.00928	0.00928	0.00928	0.00618	0.00618	0.00928	0.00928	0.01237	0.01237	0.02165	0.01237	0.02474	0.02783	0.79283	0.00618	0.00618	0.00309	0.00309
72	0.02660	0.03394	0.02018	0.01834	0.02201	0.72116	0.01376	0.02843	0.02018	0.01743	0.01101	0.01284	0.00917	0.00734	0.00642	0.00183	0.01284	0.00459	0.00367	0.00825
73	0.03175	0.01244	0.01672	0.01282	0.01834	0.01094	0.01059	0.06109	0.02091	0.68313	0.02764	0.02395	0.01740	0.00880	0.00716	0.00220	0.00613	0.00713	0.00874	0.01212
74	0.01114	0.00809	0.01101	0.01247	0.01419	0.00796	0.01081	0.01426	0.01637	0.02108	0.04148	0.07903	0.11358	0.01949	0.00968	0.00318	0.00623	0.58690	0.00656	0.00650
75	0.00842	0.00718	0.00725	0.00730	0.00964	0.00600	0.00545	0.01021	0.01615	0.01920	0.07109	0.09008	0.68157	0.01817	0.00844	0.00242	0.00362	0.01519	0.00661	0.00600
76	0.02707	0.01995	0.02137	0.01638	0.02208	0.02208	0.01353	0.68159	0.03348	0.04488	0.01710	0.01710	0.01211	0.00855	0.00712	0.00214	0.00784	0.00641	0.00712	0.01211
77	0.80005	0.01377	0.01047	0.00936	0.01377	0.01597	0.00771	0.02093	0.01212	0.03195	0.00991	0.01157	0.00771	0.00661	0.00441	0.00220	0.00551	0.00386	0.00441	0.00771
78	0.01011	0.00710	0.00921	0.00938	0.00991	0.00754	0.00629	0.01120	0.01111	0.01530	0.02294	0.11334	0.02507	0.40999	0.29213	0.00819	0.01121	0.01037	0.00437	0.00524
79	0.01279	0.00663	0.00676	0.00687	0.00848	0.00656	0.00510	0.01592	0.01490	0.02572	0.02612	0.07504	0.04601	0.00958	0.00538	0.00177	0.00338	0.00784	0.70859	0.00656
80	0.01581	0.01761	0.03787	0.02754	0.03391	0.01651	0.59679	0.02122	0.01642	0.02224	0.01746	0.10840	0.01526	0.00801	0.00849	0.00246	0.01104	0.00986	0.00397	0.00913
81	0.02668	0.03149	0.02039	0.01800	0.02203	0.59876	0.01372	0.14280	0.02251	0.02223	0.01207	0.01359	0.00969	0.00755	0.00654	0.00189	0.01196	0.00491	0.00427	0.00893
82	0.68055	0.10492	0.01410	0.00992	0.01458	0.01766	0.00844	0.04110	0.01306	0.03047	0.01013	0.01172	0.00802	0.00661	0.00451	0.00212	0.00584	0.00393	0.00432	0.00802
83	0.02453	0.03002	0.02219	0.02418	0.17925	0.55911	0.01562	0.02692	0.01927	0.01877	0.01156	0.01394	0.00966	0.00711	0.00657	0.00190	0.01183	0.00499	0.00364	0.00895
84	0.05916	0.01102	0.01456	0.01170	0.01617	0.00980	0.00942	0.02902	0.01929	0.52651	0.12048	0.06790	0.02593	0.03532	0.00830	0.00240	0.00559	0.00863	0.00822	0.01058
85	0.02098	0.01509	0.10386	0.01784	0.12858	0.01191	0.01347	0.02603	0.07078	0.29621	0.11648	0.03113	0.07825	0.01002	0.00744	0.00226	0.00643	0.02612	0.00675	0.01036
86	0.01546	0.07473	0.51304	0.04767	0.11871	0.01748	0.04898	0.04255	0.01576	0.02285	0.01288	0.01552	0.00950	0.00671	0.00676	0.00220	0.01002	0.00551	0.00323	0.01046
87	0.03113	0.01194	0.01626	0.01253	0.01789	0.01032	0.01032	0.03390	0.02037	0.68463	0.05342	0.02533	0.01949	0.00903	0.00721	0.00220	0.00596	0.00738	0.00878	0.01192
88	0.00868	0.00620	0.00826	0.00991	0.01033	0.00578	0.00661	0.00991	0.01363	0.01818	0.03925	0.74510	0.04710	0.02231	0.00909	0.00289	0.00413	0.02024	0.00661	0.00578
89	0.12786	0.25120	0.13679	0.04419	0.02233	0.04306	0.04219	0.10516	0.07706	0.06661	0.01437	0.01552	0.01100	0.00713	0.00593	0.00201	0.00798	0.00527	0.00450	0.00984
90	0.00925	0.00692	0.00846	0.00873	0.01013	0.00627	0.00622	0.01139	0.01667	0.02226	0.30516	0.26279	0.22249	0.05799	0.01013	0.00273	0.00385	0.01549	0.00696	0.00613
91	0.01269	0.00887	0.01108	0.03375	0.01345	0.00891	0.00805	0.11146	0.01765	0.04693	0.13963	0.43092	0.04147	0.06766	0.01041	0.00291	0.00498	0.01545	0.00669	0.00706
92	0.07137	0.42324	0.02870	0.01512	0.05843	0.18286	0.01247	0.05059	0.01664	0.01963	0.01435	0.01574	0.05040	0.00724	0.00546	0.00175	0.00849	0.00491	0.00369	0.00891
93	0.08723	0.08006	0.43300	0.06665	0.07464	0.01728	0.04260	0.04725	0.01574	0.05308	0.01322	0.01550	0.00964	0.00683	0.00652	0.00220	0.00941	0.00540	0.00360	0.01015
94	0.01094	0.00782	0.01087	0.01251	0.01391	0.00774	0.01055	0.01384	0.01587	0.02072	0.03799	0.20626	0.04214	0.02017	0.00969	0.00321	0.00610	0.53670	0.00657	0.00641
95	0.01470	0.01371	0.02264	0.51086	0.20787	0.01589	0.01950	0.03995	0.01542	0.02033	0.01541	0.02061	0.03828	0.00742	0.00716	0.00230	0.00895	0.00669	0.00352	0.00879

[dist]
# distance from previous block
# <min> <max>
0	4

[block]
# block no. 3 follows, 29 sequences, length 65
# corresponding to MSA columns:
# 308-372
name=unknown_D
#
# <colnr> <probs for GDERKNQSTAVLIFYWHMCP>
#	G	D	E	R	K	N	Q	S	T	A	V	L	I	F	Y	W	H	M	C	P
0	0.04554	0.01581	0.05112	0.02878	0.36602	0.01507	0.01685	0.05892	0.04216	0.13538	0.04298	0.04915	0.01659	0.00844	0.00771	0.00222	0.03365	0.02359	0.00507	0.03497
1	0.01121	0.00801	0.01118	0.01282	0.01434	0.00797	0.01102	0.01430	0.01614	0.02102	0.03785	0.14221	0.04155	0.01992	0.00977	0.00324	0.00633	0.59809	0.00656	0.00648
2	0.01941	0.71838	0.03646	0.01249	0.01846	0.06249	0.01226	0.02167	0.01475	0.01679	0.00995	0.01149	0.00914	0.00615	0.00466	0.00154	0.00787	0.00385	0.00308	0.00909
3	0.02194	0.01535	0.01761	0.04857	0.02033	0.01563	0.01137	0.26613	0.12154	0.13206	0.01942	0.02052	0.01451	0.04459	0.00814	0.00217	0.00667	0.00642	0.00635	0.20066
4	0.00994	0.00724	0.00917	0.00870	0.01032	0.00667	0.00641	0.01290	0.01904	0.02656	0.59098	0.05411	0.12320	0.07113	0.01053	0.00261	0.00365	0.01288	0.00745	0.00647
5	0.01836	0.01515	0.01612	0.01441	0.01850	0.01738	0.01123	0.03770	0.66191	0.06072	0.02894	0.02646	0.02155	0.00962	0.00724	0.00241	0.00565	0.00801	0.00732	0.01131
6	0.01063	0.00747	0.00917	0.00866	0.01070	0.00667	0.00652	0.01346	0.01888	0.05879	0.47148	0.07322	0.24698	0.01547	0.00836	0.00230	0.00358	0.01340	0.00750	0.00675
7	0.02362	0.01193	0.01487	0.01203	0.01627	0.01145	0.00970	0.13086	0.05482	0.35252	0.20731	0.03113	0.03032	0.01033	0.00738	0.00218	0.00545	0.00860	0.04889	0.01034
8	0.02436	0.01837	0.01972	0.01562	0.02078	0.02042	0.01273	0.52249	0.15864	0.04111	0.05638	0.02086	0.01693	0.00909	0.00722	0.00220	0.00717	0.00707	0.00719	0.01166
9	0.00966	0.00742	0.00868	0.00890	0.01061	0.00676	0.00645	0.03868	0.01699	0.02210	0.20435	0.28829	0.30868	0.01826	0.00858	0.00252	0.00390	0.01591	0.00692	0.00635
10	0.00868	0.00620	0.00826	0.00991	0.01033	0.00578	0.00661	0.00991	0.01363	0.01818	0.03925	0.74510	0.04710	0.02231	0.00909	0.00289	0.00413	0.02024	0.00661	0.00578
11	0.01906	0.01397	0.01614	0.01207	0.01800	0.01231	0.00973	0.12601	0.07788	0.11109	0.01667	0.01732	0.01264	0.00661	0.00597	0.00148	0.00580	0.00526	0.00550	0.50648
12	0.01508	0.00867	0.01064	0.00943	0.01236	0.00771	0.00732	0.01825	0.03838	0.19213	0.30385	0.05054	0.26925	0.01419	0.00807	0.00229	0.00417	0.01207	0.00764	0.00793
13	0.01312	0.00665	0.00670	0.00670	0.00827	0.00665	0.00494	0.01627	0.01469	0.02588	0.02319	0.02759	0.01865	0.04695	0.00661	0.00193	0.00351	0.00683	0.74836	0.00652
14	0.02887	0.01264	0.01637	0.01285	0.01817	0.01155	0.01049	0.03436	0.12545	0.56958	0.02747	0.02413	0.01792	0.00877	0.00708	0.00218	0.00595	0.00715	0.00834	0.05067
15	0.01601	0.02110	0.14449	0.02781	0.06485	0.01702	0.50601	0.02195	0.01619	0.02235	0.01502	0.03767	0.01200	0.03333	0.00910	0.00254	0.01123	0.00818	0.00361	0.00954
16	0.01795	0.01111	0.01340	0.01212	0.01505	0.01119	0.00937	0.16922	0.04809	0.15330	0.07435	0.25730	0.05127	0.05322	0.00963	0.00276	0.00569	0.06919	0.00711	0.00868
17	0.30784	0.37815	0.02497	0.01203	0.01715	0.12297	0.01076	0.02220	0.01442	0.02245	0.01006	0.01168	0.00862	0.00646	0.00477	0.00182	0.00759	0.00394	0.00364	0.00849
18	0.01945	0.71513	0.03639	0.01252	0.01848	0.06562	0.01227	0.02171	0.01478	0.01679	0.00996	0.01150	0.00914	0.00616	0.00467	0.00154	0.00790	0.00385	0.00308	0.00909
19	0.01144	0.00919	0.03815	0.00909	0.01145	0.00772	0.00713	0.03898	0.01629	0.05653	0.13461	0.05579	0.34011	0.17859	0.01448	0.00340	0.00505	0.04923	0.00625	0.00650
20	0.01334	0.01089	0.01140	0.01114	0.01302	0.07044	0.00816	0.10877	0.01881	0.02482	0.20076	0.35799	0.06696	0.01653	0.00826	0.00247	0.00518	0.01447	0.02941	0.00717
21	0.01914	0.01655	0.02030	0.17901	0.02663	0.06981	0.05202	0.22318	0.07054	0.02779	0.03284	0.01973	0.01349	0.01039	0.02781	0.03143	0.09424	0.00667	0.04920	0.00924
22	0.76201	0.01369	0.01077	0.00953	0.01399	0.01570	0.00785	0.02161	0.01253	0.06554	0.01082	0.01219	0.00820	0.00672	0.00454	0.00220	0.00554	0.00402	0.00462	0.00793
23	0.01104	0.00858	0.01200	0.07231	0.06797	0.00848	0.01016	0.01406	0.01667	0.02232	0.19109	0.14102	0.14297	0.01618	0.00862	0.00265	0.00538	0.21259	0.02903	0.00689
24	0.01105	0.00822	0.01022	0.01099	0.01231	0.00818	0.00788	0.05799	0.07408	0.02133	0.03609	0.56734	0.04119	0.01967	0.00876	0.00278	0.00472	0.06409	0.00664	0.02648
25	0.00855	0.00722	0.00740	0.00736	0.00970	0.00607	0.00552	0.01048	0.01655	0.02000	0.12341	0.06728	0.65069	0.01775	0.00841	0.00239	0.00359	0.01485	0.00671	0.00607
26	0.01558	0.01558	0.02181	0.01869	0.01869	0.02181	0.01558	0.01714	0.01091	0.01714	0.00935	0.01558	0.00935	0.01246	0.02337	0.00312	0.73672	0.00623	0.00312	0.00779
27	0.01045	0.00753	0.00956	0.01035	0.01139	0.00732	0.00722	0.06863	0.01618	0.02181	0.12132	0.59421	0.04661	0.02013	0.00883	0.00274	0.00435	0.01811	0.00681	0.00645
28	0.01026	0.00778	0.01142	0.01144	0.01254	0.00905	0.00878	0.01256	0.01155	0.01657	0.02040	0.08317	0.02007	0.07840	0.61341	0.01030	0.04335	0.00866	0.00402	0.00628
29	0.01786	0.01099	0.01323	0.01112	0.01450	0.01075	0.00880	0.16416	0.02271	0.16263	0.35431	0.04130	0.11295	0.01250	0.00788	0.00223	0.00489	0.01058	0.00774	0.00887
30	0.00849	0.00718	0.00734	0.00738	0.00968	0.00603	0.00550	0.01033	0.01629	0.01956	0.09557	0.09237	0.65392	0.01805	0.00844	0.00242	0.00362	0.01513	0.00666	0.00603
31	0.01762	0.01692	0.02890	0.04371	0.70533	0.01692	0.02185	0.02185	0.01621	0.02326	0.01339	0.01762	0.01128	0.00634	0.00705	0.00211	0.00846	0.00634	0.00352	0.01128
32	0.01510	0.01465	0.02082	0.04514	0.01945	0.01972	0.03349	0.03335	0.01198	0.01802	0.01266	0.07662	0.01306	0.03506	0.02113	0.00314	0.58780	0.00758	0.00356	0.00769
33	0.80005	0.01377	0.01047	0.00936	0.01377	0.01597	0.00771	0.02093	0.01212	0.03195	0.00991	0.01157	0.00771	0.00661	0.00441	0.00220	0.00551	0.00386	0.00441	0.00771
34	0.00868	0.00620	0.00826	0.00991	0.01033	0.00578	0.00661	0.00991	0.01363	0.01818	0.03925	0.74510	0.04710	0.02231	0.00909	0.00289	0.00413	0.02024	0.00661	0.00578
35	0.01496	0.13958	0.61608	0.01913	0.02902	0.01820	0.02429	0.02237	0.01495	0.02172	0.01237	0.01452	0.00904	0.00667	0.00645	0.00215	0.01011	0.00505	0.00301	0.01033
36	0.01552	0.01133	0.01288	0.01140	0.01342	0.01225	0.00827	0.21001	0.04280	0.02509	0.05917	0.11785	0.02549	0.32576	0.04757	0.00465	0.03336	0.01015	0.00565	0.00737
37	0.01895	0.50932	0.16527	0.01544	0.04246	0.10602	0.01539	0.02240	0.01529	0.01815	0.01069	0.01248	0.00919	0.00637	0.00528	0.00172	0.00881	0.00426	0.00313	0.00937
38	0.01023	0.00764	0.01054	0.01072	0.01200	0.00727	0.03328	0.04196	0.01652	0.02253	0.22583	0.48662	0.04981	0.01884	0.00878	0.00265	0.00439	0.01705	0.00687	0.00649
39	0.01027	0.00687	0.00779	0.00787	0.00789	0.00685	0.00443	0.01033	0.01051	0.01402	0.02325	0.08059	0.02692	0.71436	0.03492	0.00671	0.00677	0.01084	0.00443	0.00439
40	0.01000	0.00728	0.00941	0.00887	0.01059	0.00668	0.00666	0.01328	0.01997	0.02810	0.67095	0.05394	0.09810	0.01473	0.00840	0.00225	0.00337	0.01298	0.00778	0.00668
