[name]
unknown

[dist]
# distance from previous block
# <min> <max>
0	22

[block]
# block no. 0 follows, 30 sequences, length 8
# corresponding to MSA columns:
# 22-29
name=unknown_A
#
# <colnr> <probs for GDERKNQSTAVLIFYWHMCP>
#	G	D	E	R	K	N	Q	S	T	A	V	L	I	F	Y	W	H	M	C	P
0	0.06893	0.05278	0.03761	0.01467	0.05762	0.03306	0.01204	0.01700	0.03695	0.02189	0.05101	0.05979	0.03254	0.01558	0.00848	0.00284	0.00672	0.45747	0.00576	0.00726
1	0.21190	0.01725	0.07287	0.10554	0.23280	0.04959	0.01573	0.09095	0.01680	0.06942	0.01439	0.01865	0.01150	0.00741	0.00637	0.00218	0.00776	0.03494	0.00442	0.00955
2	0.01402	0.00809	0.01075	0.00973	0.01209	0.00737	0.00758	0.01720	0.01955	0.15777	0.53502	0.04849	0.05497	0.01353	0.00809	0.00225	0.00400	0.05412	0.00778	0.00758
3	0.02409	0.01779	0.01898	0.01489	0.01995	0.01961	0.01219	0.56421	0.08095	0.04050	0.02078	0.02061	0.04896	0.00893	0.00693	0.00210	0.00704	0.00685	0.05347	0.01118
4	0.00864	0.00618	0.00822	0.00962	0.01015	0.00576	0.00649	0.01006	0.01400	0.01884	0.10590	0.67984	0.04814	0.02110	0.00884	0.00277	0.00397	0.01911	0.00660	0.00576
5	0.01400	0.03610	0.71860	0.01989	0.03020	0.01621	0.02578	0.02210	0.01473	0.02210	0.01252	0.01473	0.00884	0.00663	0.00663	0.00221	0.01031	0.00516	0.00295	0.01031
6	0.74346	0.01341	0.01107	0.06501	0.01614	0.01564	0.00846	0.02031	0.01204	0.03028	0.00992	0.01189	0.00769	0.00652	0.00452	0.00217	0.00570	0.00396	0.00423	0.00757
7	0.05960	0.02595	0.36698	0.02595	0.21903	0.01624	0.08210	0.04878	0.01600	0.02397	0.04135	0.01724	0.01201	0.00682	0.00680	0.00218	0.00921	0.00601	0.00358	0.01020

[dist]
# distance from previous block
# <min> <max>
0	1

[block]
# block no. 1 follows, 30 sequences, length 74
# corresponding to MSA columns:
# 31-104
name=unknown_B
#
# <colnr> <probs for GDERKNQSTAVLIFYWHMCP>
#	G	D	E	R	K	N	Q	S	T	A	V	L	I	F	Y	W	H	M	C	P
0	0.01645	0.01611	0.02547	0.19964	0.50115	0.05070	0.02000	0.02051	0.01564	0.02124	0.01485	0.01908	0.03480	0.00684	0.00694	0.00213	0.00857	0.00643	0.00349	0.00997
1	0.01153	0.00746	0.00982	0.00911	0.01100	0.00684	0.00687	0.01468	0.01947	0.08279	0.62183	0.08227	0.06103	0.01417	0.00816	0.00222	0.00354	0.01251	0.00770	0.00697
2	0.01008	0.00772	0.00830	0.00795	0.01043	0.00680	0.00603	0.01304	0.05170	0.05467	0.16194	0.06068	0.54316	0.01630	0.00813	0.00232	0.00372	0.01369	0.00680	0.00655
3	0.00877	0.00627	0.00841	0.01002	0.01055	0.00590	0.00695	0.01018	0.01363	0.01811	0.03831	0.68435	0.04557	0.02161	0.00898	0.00287	0.00428	0.08304	0.00647	0.00574
4	0.00983	0.00710	0.00929	0.00881	0.01042	0.00656	0.00658	0.01306	0.01955	0.02766	0.68611	0.07449	0.06521	0.01451	0.00825	0.00222	0.00332	0.01285	0.00764	0.00656
5	0.01520	0.01238	0.01455	0.01043	0.01659	0.00934	0.00836	0.01829	0.01471	0.05295	0.01306	0.01487	0.01064	0.00532	0.00525	0.00108	0.00520	0.00426	0.00433	0.76319
6	0.00997	0.00748	0.01121	0.01121	0.01246	0.00872	0.00872	0.01246	0.01121	0.01620	0.01869	0.02741	0.01745	0.05234	0.72710	0.01121	0.01869	0.00748	0.00374	0.00623
7	0.01154	0.00837	0.01147	0.01292	0.01464	0.00849	0.01124	0.01556	0.04927	0.02129	0.03653	0.07615	0.03924	0.01880	0.00952	0.00317	0.00638	0.63233	0.00646	0.00665
8	0.01880	0.02156	0.24548	0.10322	0.26604	0.01529	0.02017	0.04570	0.01666	0.15650	0.01575	0.01784	0.01139	0.00697	0.00685	0.00216	0.00857	0.00603	0.00437	0.01065
9	0.04594	0.05004	0.36394	0.01759	0.02525	0.01508	0.07130	0.02551	0.01620	0.23985	0.01701	0.01768	0.01160	0.00745	0.00752	0.00222	0.04458	0.00594	0.00483	0.01046
10	0.01527	0.01527	0.02137	0.01832	0.01832	0.02137	0.01527	0.01679	0.01069	0.01679	0.00916	0.01527	0.00916	0.01221	0.02290	0.00305	0.74198	0.00611	0.00305	0.00763
11	0.00988	0.00713	0.00933	0.00878	0.01043	0.00658	0.00658	0.01317	0.01975	0.02798	0.70754	0.05213	0.06584	0.01427	0.00823	0.00219	0.00329	0.01262	0.00768	0.00658
12	0.01427	0.01232	0.01499	0.01088	0.01685	0.00939	0.02832	0.01737	0.01448	0.02251	0.01359	0.04666	0.01190	0.00592	0.00542	0.00115	0.00532	0.00494	0.00422	0.73950
13	0.01747	0.01701	0.02725	0.06618	0.63421	0.04404	0.02064	0.02213	0.04170	0.02264	0.01358	0.01747	0.01130	0.00641	0.00689	0.00208	0.00839	0.00621	0.00358	0.01082
14	0.00997	0.00748	0.01121	0.01121	0.01246	0.00872	0.00872	0.01246	0.01121	0.01620	0.01869	0.02741	0.01745	0.05234	0.72710	0.01121	0.01869	0.00748	0.00374	0.00623
15	0.01527	0.01527	0.02137	0.01832	0.01832	0.02137	0.01527	0.01679	0.01069	0.01679	0.00916	0.01527	0.00916	0.01221	0.02290	0.00305	0.74198	0.00611	0.00305	0.00763
16	0.01532	0.02294	0.24388	0.04778	0.03065	0.03584	0.32595	0.04285	0.01628	0.02239	0.03786	0.04898	0.04006	0.00779	0.00803	0.00232	0.03021	0.00783	0.00380	0.00926
17	0.01212	0.00606	0.00909	0.00909	0.00909	0.00606	0.00606	0.00909	0.00909	0.01212	0.01212	0.02121	0.01212	0.02424	0.02727	0.79697	0.00606	0.00606	0.00303	0.00303
18	0.01124	0.00803	0.01124	0.01285	0.01446	0.00803	0.01124	0.01446	0.01606	0.02088	0.03695	0.07871	0.04016	0.01928	0.00964	0.00321	0.00643	0.66426	0.00643	0.00643
19	0.01629	0.01803	0.03810	0.03063	0.13316	0.01705	0.56473	0.02175	0.01627	0.02225	0.01487	0.04549	0.01196	0.00652	0.00807	0.00233	0.01098	0.00837	0.00363	0.00951
20	0.01902	0.72346	0.03575	0.01224	0.01809	0.06181	0.01202	0.02124	0.01445	0.01645	0.00975	0.01126	0.00896	0.00603	0.00457	0.00151	0.00771	0.00377	0.00301	0.00891
21	0.01588	0.01324	0.01523	0.01100	0.01713	0.01075	0.00885	0.09597	0.01662	0.02522	0.01291	0.01474	0.01052	0.00554	0.00538	0.00116	0.00546	0.00439	0.00447	0.70555
22	0.02400	0.04013	0.01567	0.01220	0.01637	0.01221	0.00968	0.09541	0.11028	0.38568	0.02613	0.08656	0.02036	0.10003	0.01054	0.00277	0.00606	0.00839	0.00733	0.01021
23	0.00849	0.00611	0.00806	0.00961	0.01009	0.00568	0.00643	0.00973	0.01346	0.01785	0.03971	0.72378	0.07177	0.02170	0.00888	0.00282	0.00403	0.01964	0.00648	0.00568
24	0.00850	0.00607	0.00810	0.00972	0.01012	0.00567	0.00648	0.00972	0.01336	0.01781	0.03846	0.75020	0.04615	0.02186	0.00891	0.00283	0.00405	0.01984	0.00648	0.00567
25	0.01725	0.02016	0.13724	0.02520	0.03207	0.01649	0.47459	0.02278	0.01611	0.08776	0.01525	0.01950	0.01143	0.03283	0.00939	0.00249	0.03834	0.00765	0.00394	0.00953
26	0.03034	0.01209	0.01617	0.01254	0.01784	0.01075	0.01031	0.03422	0.06729	0.66817	0.02759	0.02391	0.01755	0.00869	0.00702	0.00217	0.00591	0.00708	0.00853	0.01182
27	0.01736	0.01499	0.01578	0.01420	0.01815	0.01736	0.01105	0.03708	0.69862	0.02919	0.02840	0.02604	0.02130	0.00947	0.00710	0.00237	0.00552	0.00789	0.00710	0.01105
28	0.61044	0.01309	0.01174	0.00999	0.01458	0.01430	0.00823	0.02389	0.01390	0.20287	0.01418	0.01445	0.00999	0.00702	0.00499	0.00216	0.00553	0.00459	0.00540	0.00864
29	0.02653	0.01955	0.02094	0.01606	0.02164	0.02164	0.01326	0.68796	0.03281	0.04398	0.01675	0.01675	0.01187	0.00838	0.00698	0.00209	0.00768	0.00628	0.00698	0.01187
30	0.01431	0.08484	0.67261	0.01935	0.02937	0.01698	0.02485	0.02202	0.01470	0.02172	0.01233	0.01449	0.00885	0.00659	0.00648	0.00216	0.01012	0.00506	0.00295	0.01022
31	0.01447	0.01240	0.01447	0.01034	0.01654	0.00930	0.00827	0.01757	0.01447	0.02274	0.01240	0.01447	0.01034	0.00517	0.00517	0.00103	0.00517	0.00413	0.00413	0.79742
32	0.00850	0.00607	0.00810	0.00972	0.01012	0.00567	0.00648	0.00972	0.01336	0.01781	0.03846	0.75020	0.04615	0.02186	0.00891	0.00283	0.00405	0.01984	0.00648	0.00567
33	0.02167	0.01714	0.01821	0.01507	0.01979	0.01937	0.01209	0.34353	0.38514	0.03615	0.02292	0.02167	0.01686	0.00895	0.00704	0.00224	0.00654	0.00713	0.00704	0.01143
34	0.00850	0.00607	0.00810	0.00972	0.01012	0.00567	0.00648	0.00972	0.01336	0.01781	0.03846	0.75020	0.04615	0.02186	0.00891	0.00283	0.00405	0.01984	0.00648	0.00567
35	0.01645	0.32336	0.27391	0.01865	0.02614	0.02130	0.15996	0.02147	0.01473	0.01967	0.01160	0.01419	0.00927	0.00641	0.00670	0.00198	0.03637	0.00527	0.00309	0.00948
36	0.01604	0.02182	0.15868	0.02776	0.03538	0.01740	0.57139	0.02231	0.01617	0.02231	0.01384	0.01811	0.01028	0.00601	0.00796	0.00233	0.01151	0.00770	0.00343	0.00957
37	0.01400	0.03610	0.71860	0.01989	0.03020	0.01621	0.02578	0.02210	0.01473	0.02210	0.01252	0.01473	0.00884	0.00663	0.00663	0.00221	0.01031	0.00516	0.00295	0.01031
38	0.00999	0.00738	0.01071	0.01071	0.01178	0.00845	0.00809	0.01214	0.01106	0.01582	0.01916	0.02998	0.01856	0.15119	0.62977	0.01059	0.01701	0.00785	0.00381	0.00595
39	0.01565	0.12544	0.31720	0.04792	0.08121	0.01838	0.22732	0.02163	0.01511	0.02113	0.01256	0.01586	0.00959	0.00649	0.00744	0.00218	0.03593	0.00606	0.00318	0.00972
40	0.01124	0.00803	0.01124	0.01285	0.01446	0.00803	0.01124	0.01446	0.01606	0.02088	0.03695	0.07871	0.04016	0.01928	0.00964	0.00321	0.00643	0.66426	0.00643	0.00643
41	0.01638	0.01854	0.03960	0.02853	0.03503	0.01794	0.63264	0.02191	0.01601	0.02191	0.01372	0.01854	0.01047	0.00639	0.00940	0.00241	0.06974	0.00807	0.00349	0.00927
42	0.00956	0.00785	0.01215	0.04697	0.01471	0.00745	0.07970	0.01150	0.01399	0.01841	0.03802	0.56360	0.11107	0.01898	0.00867	0.00271	0.00508	0.01739	0.00600	0.00619
43	0.02526	0.01892	0.02023	0.01580	0.02116	0.02105	0.01296	0.59790	0.12494	0.04193	0.01837	0.01804	0.01317	0.00853	0.00700	0.00213	0.00738	0.00651	0.00700	0.01175
44	0.01212	0.00606	0.00909	0.00909	0.00909	0.00606	0.00606	0.00909	0.00909	0.01212	0.01212	0.02121	0.01212	0.02424	0.02727	0.79697	0.00606	0.00606	0.00303	0.00303
45	0.01786	0.01553	0.01535	0.01369	0.01726	0.06605	0.01050	0.08856	0.50015	0.02788	0.02532	0.02633	0.01994	0.08648	0.00991	0.00274	0.00626	0.00770	0.03246	0.01005
46	0.01549	0.01713	0.03615	0.05785	0.03356	0.01656	0.55941	0.02066	0.01579	0.02145	0.01619	0.09000	0.01394	0.00778	0.00893	0.00243	0.04482	0.00918	0.00378	0.00889
47	0.01866	0.75896	0.03657	0.01194	0.01791	0.02761	0.01194	0.02090	0.01418	0.01642	0.00970	0.01119	0.00896	0.00597	0.00448	0.00149	0.00746	0.00373	0.00299	0.00896
48	0.01506	0.01275	0.01479	0.01062	0.01679	0.00991	0.00851	0.05036	0.01537	0.02378	0.01262	0.01458	0.01041	0.00532	0.00526	0.00109	0.00529	0.00424	0.00427	0.75899
49	0.01568	0.01576	0.01372	0.01405	0.03807	0.21328	0.00989	0.06887	0.04009	0.02015	0.02690	0.41400	0.02988	0.01543	0.00828	0.00245	0.02754	0.01318	0.00552	0.00725
50	0.01727	0.01658	0.02832	0.04283	0.71123	0.01658	0.02142	0.02142	0.01589	0.02280	0.01313	0.01727	0.01105	0.00622	0.00691	0.00207	0.00829	0.00622	0.00345	0.01105
51	0.01509	0.01870	0.13353	0.23009	0.12540	0.01646	0.25469	0.02043	0.01508	0.02096	0.01333	0.01803	0.01021	0.00672	0.00802	0.00229	0.04401	0.00677	0.03107	0.00911
52	0.01736	0.01499	0.01578	0.01420	0.01815	0.01736	0.01105	0.03708	0.69862	0.02919	0.02840	0.02604	0.02130	0.00947	0.00710	0.00237	0.00552	0.00789	0.00710	0.01105
53	0.01015	0.00677	0.00761	0.00761	0.00761	0.00677	0.00423	0.01015	0.01015	0.01353	0.02199	0.04567	0.02537	0.75476	0.03552	0.00677	0.00677	0.01015	0.00423	0.00423
54	0.00825	0.00707	0.00707	0.00707	0.00943	0.00589	0.00530	0.01001	0.01591	0.01885	0.07069	0.06716	0.70839	0.01767	0.00825	0.00236	0.00353	0.01473	0.00648	0.00589
55	0.00954	0.00712	0.00886	0.00843	0.01022	0.00644	0.00632	0.01252	0.01896	0.02610	0.57588	0.05523	0.19868	0.01497	0.00823	0.00223	0.00334	0.01306	0.00743	0.00644
56	0.00850	0.00607	0.00810	0.00972	0.01012	0.00567	0.00648	0.00972	0.01336	0.01781	0.03846	0.75020	0.04615	0.02186	0.00891	0.00283	0.00405	0.01984	0.00648	0.00567
57	0.01866	0.75896	0.03657	0.01194	0.01791	0.02761	0.01194	0.02090	0.01418	0.01642	0.00970	0.01119	0.00896	0.00597	0.00448	0.00149	0.00746	0.00373	0.00299	0.00896
58	0.01682	0.01612	0.02751	0.11940	0.63819	0.01646	0.02119	0.02102	0.01568	0.02225	0.01305	0.01742	0.01086	0.00630	0.00692	0.00210	0.00840	0.00622	0.00342	0.01069
59	0.01646	0.35957	0.32092	0.01807	0.05093	0.02150	0.08195	0.02156	0.01469	0.01959	0.01143	0.01362	0.00914	0.00625	0.00582	0.00189	0.00909	0.00485	0.00304	0.00964
60	0.00936	0.00663	0.00881	0.01024	0.01089	0.00637	0.00738	0.01093	0.01365	0.01807	0.03619	0.50491	0.04229	0.10566	0.01215	0.00338	0.00494	0.17623	0.00621	0.00569
61	0.00899	0.00702	0.00815	0.00803	0.00992	0.00618	0.00596	0.01140	0.01743	0.02284	0.35164	0.11116	0.37338	0.01647	0.00829	0.00232	0.00346	0.01417	0.00701	0.00618
62	0.04461	0.07240	0.17787	0.01502	0.07410	0.03719	0.01316	0.04642	0.01768	0.02497	0.30113	0.06600	0.05998	0.01089	0.00723	0.00215	0.00628	0.00921	0.00548	0.00824
63	0.71555	0.01493	0.05691	0.00993	0.01473	0.01540	0.00879	0.02048	0.01218	0.03031	0.01003	0.01170	0.00777	0.00643	0.00451	0.00211	0.00571	0.00389	0.00422	0.04443
64	0.01795	0.17661	0.19393	0.02391	0.18971	0.07839	0.09265	0.02386	0.07169	0.04662	0.01396	0.01614	0.01093	0.00666	0.00645	0.00202	0.00904	0.00569	0.00374	0.01004
65	0.00989	0.00670	0.00786	0.00810	0.00822	0.00670	0.00478	0.01020	0.01068	0.01430	0.02430	0.15044	0.02810	0.61067	0.06517	0.00639	0.00694	0.01147	0.00454	0.00454
66	0.01494	0.01045	0.01201	0.01124	0.03246	0.03228	0.00845	0.09316	0.03994	0.11045	0.26405	0.07133	0.21242	0.01370	0.00790	0.00228	0.00486	0.04313	0.00704	0.00792
67	0.01513	0.01510	0.02210	0.01844	0.01937	0.01995	0.06470	0.01710	0.01136	0.01753	0.01005	0.01591	0.00962	0.01273	0.04526	0.00317	0.61943	0.00620	0.00318	0.05368
68	0.77270	0.01324	0.01022	0.00916	0.01337	0.01530	0.00752	0.02022	0.01219	0.03118	0.03726	0.01295	0.00986	0.00679	0.00447	0.00216	0.00531	0.00413	0.00445	0.00752
69	0.04100	0.21419	0.27674	0.01985	0.02727	0.07127	0.19349	0.02209	0.01522	0.02050	0.01192	0.01466	0.00931	0.00645	0.00683	0.00206	0.02902	0.00553	0.00320	0.00942
70	0.01705	0.01318	0.01531	0.01119	0.01721	0.01088	0.00901	0.08887	0.03606	0.07645	0.01443	0.01572	0.01132	0.00588	0.00555	0.00126	0.00550	0.00468	0.00485	0.63562
71	0.04148	0.01521	0.02100	0.01802	0.01816	0.02118	0.01501	0.01692	0.01073	0.01728	0.00918	0.01514	0.00911	0.01202	0.02228	0.00302	0.71751	0.00603	0.00310	0.00763
72	0.01047	0.00921	0.04864	0.00968	0.01205	0.00758	0.00784	0.01446	0.04493	0.02647	0.54317	0.09316	0.07959	0.01383	0.00799	0.00219	0.00391	0.01216	0.00711	0.04556
73	0.01400	0.03610	0.71860	0.01989	0.03020	0.01621	0.02578	0.02210	0.01473	0.02210	0.01252	0.01473	0.00884	0.00663	0.00663	0.00221	0.01031	0.00516	0.00295	0.01031

[dist]
# distance from previous block
# <min> <max>
0	4

[block]
# block no. 2 follows, 30 sequences, length 82
# corresponding to MSA columns:
# 109-190
name=unknown_C
#
# <colnr> <probs for GDERKNQSTAVLIFYWHMCP>
#	G	D	E	R	K	N	Q	S	T	A	V	L	I	F	Y	W	H	M	C	P
0	0.03131	0.01188	0.01619	0.01242	0.01781	0.01026	0.01026	0.03401	0.01997	0.71606	0.02753	0.02375	0.01727	0.00864	0.00702	0.00216	0.00594	0.00702	0.00864	0.01188
1	0.01124	0.00803	0.01124	0.01285	0.01446	0.00803	0.01124	0.01446	0.01606	0.02088	0.03695	0.07871	0.04016	0.01928	0.00964	0.00321	0.00643	0.66426	0.00643	0.00643
2	0.01129	0.00817	0.01013	0.00940	0.01147	0.00787	0.00712	0.01633	0.09636	0.04894	0.56961	0.04923	0.09957	0.01376	0.00807	0.00222	0.00364	0.01204	0.00757	0.00721
3	0.80405	0.01350	0.01026	0.00918	0.01350	0.01565	0.00756	0.02051	0.01188	0.03131	0.00972	0.01134	0.00756	0.00648	0.00432	0.00216	0.00540	0.00378	0.00432	0.00756
4	0.01866	0.75896	0.03657	0.01194	0.01791	0.02761	0.01194	0.02090	0.01418	0.01642	0.00970	0.01119	0.00896	0.00597	0.00448	0.00149	0.00746	0.00373	0.00299	0.00896
5	0.00988	0.00713	0.00933	0.00878	0.01043	0.00658	0.00658	0.01317	0.01975	0.02798	0.70754	0.05213	0.06584	0.01427	0.00823	0.00219	0.00329	0.01262	0.00768	0.00658
6	0.02607	0.03326	0.01978	0.01798	0.02157	0.72674	0.01348	0.02787	0.01978	0.01708	0.01079	0.01258	0.00899	0.00719	0.00629	0.00180	0.01258	0.00449	0.00360	0.00809
7	0.00832	0.00680	0.00735	0.00779	0.00961	0.00583	0.00562	0.00993	0.01521	0.01857	0.06193	0.25279	0.52841	0.01881	0.00843	0.00249	0.00367	0.01612	0.00648	0.00583
8	0.01000	0.00737	0.01066	0.01066	0.01172	0.00842	0.00803	0.01211	0.01105	0.01579	0.01920	0.03022	0.01866	0.16016	0.62094	0.01053	0.01686	0.00789	0.00381	0.00592
9	0.01120	0.00801	0.01119	0.01273	0.01434	0.00799	0.01111	0.01442	0.01617	0.02109	0.05660	0.07794	0.04091	0.01913	0.00960	0.00318	0.00633	0.64516	0.00646	0.00643
10	0.02607	0.03326	0.01978	0.01798	0.02157	0.72674	0.01348	0.02787	0.01978	0.01708	0.01079	0.01258	0.00899	0.00719	0.00629	0.00180	0.01258	0.00449	0.00360	0.00809
11	0.01866	0.75896	0.03657	0.01194	0.01791	0.02761	0.01194	0.02090	0.01418	0.01642	0.00970	0.01119	0.00896	0.00597	0.00448	0.00149	0.00746	0.00373	0.00299	0.00896
12	0.00934	0.00688	0.00888	0.00980	0.01079	0.00646	0.00677	0.01172	0.04336	0.01998	0.13342	0.58619	0.04635	0.01950	0.00857	0.00264	0.00405	0.01759	0.00657	0.04113
13	0.01806	0.66665	0.12366	0.01296	0.01948	0.02616	0.01371	0.02105	0.01425	0.01714	0.01006	0.01165	0.00894	0.00605	0.00475	0.00158	0.00783	0.00391	0.00298	0.00913
14	0.01964	0.66283	0.03434	0.01274	0.01840	0.12022	0.01214	0.02182	0.01492	0.01651	0.00985	0.01138	0.00896	0.00613	0.00472	0.00153	0.00814	0.00383	0.00307	0.00884
15	0.01575	0.01301	0.01518	0.03333	0.01781	0.01100	0.00920	0.11147	0.01697	0.02527	0.01466	0.06144	0.01278	0.00673	0.00571	0.00134	0.00558	0.00549	0.00465	0.61262
16	0.01614	0.01878	0.07555	0.07269	0.12968	0.05036	0.34774	0.02081	0.01530	0.02086	0.01397	0.04994	0.01176	0.00773	0.00992	0.00240	0.11607	0.00765	0.00352	0.00912
17	0.01027	0.00746	0.00982	0.01072	0.01205	0.00727	0.00840	0.01335	0.04008	0.02151	0.18514	0.24951	0.07062	0.05107	0.01014	0.00298	0.00497	0.27168	0.00664	0.00630
18	0.05987	0.01194	0.01597	0.01230	0.01765	0.01046	0.01016	0.03351	0.01967	0.69075	0.02687	0.02329	0.01691	0.00856	0.00692	0.00216	0.00592	0.00690	0.00848	0.01172
19	0.01400	0.03610	0.71860	0.01989	0.03020	0.01621	0.02578	0.02210	0.01473	0.02210	0.01252	0.01473	0.00884	0.00663	0.00663	0.00221	0.01031	0.00516	0.00295	0.01031
20	0.00923	0.00711	0.00844	0.00810	0.01003	0.00631	0.00608	0.01192	0.01823	0.02438	0.45599	0.05806	0.31965	0.01561	0.00824	0.00226	0.00339	0.01345	0.00721	0.00631
21	0.01400	0.03610	0.71860	0.01989	0.03020	0.01621	0.02578	0.02210	0.01473	0.02210	0.01252	0.01473	0.00884	0.00663	0.00663	0.00221	0.01031	0.00516	0.00295	0.01031
22	0.00825	0.00707	0.00707	0.00707	0.00943	0.00589	0.00530	0.01001	0.01591	0.01885	0.07069	0.06716	0.70839	0.01767	0.00825	0.00236	0.00353	0.01473	0.00648	0.00589
23	0.01124	0.00803	0.01124	0.01285	0.01446	0.00803	0.01124	0.01446	0.01606	0.02088	0.03695	0.07871	0.04016	0.01928	0.00964	0.00321	0.00643	0.66426	0.00643	0.00643
24	0.00825	0.00707	0.00707	0.00707	0.00943	0.00589	0.00530	0.01001	0.01591	0.01885	0.07069	0.06716	0.70839	0.01767	0.00825	0.00236	0.00353	0.01473	0.00648	0.00589
25	0.03131	0.01188	0.01619	0.01242	0.01781	0.01026	0.01026	0.03401	0.01997	0.71606	0.02753	0.02375	0.01727	0.00864	0.00702	0.00216	0.00594	0.00702	0.00864	0.01188
26	0.01400	0.03610	0.71860	0.01989	0.03020	0.01621	0.02578	0.02210	0.01473	0.02210	0.01252	0.01473	0.00884	0.00663	0.00663	0.00221	0.01031	0.00516	0.00295	0.01031
27	0.01479	0.01286	0.01641	0.01203	0.01786	0.01040	0.06108	0.03894	0.03605	0.02317	0.01422	0.03859	0.01224	0.02600	0.00645	0.00142	0.00578	0.00528	0.00434	0.64209
28	0.01644	0.01563	0.02657	0.13893	0.58883	0.01607	0.02070	0.02062	0.01563	0.02202	0.01403	0.02006	0.01204	0.00688	0.00703	0.00216	0.00835	0.03409	0.00353	0.01040
29	0.02653	0.01955	0.02094	0.01606	0.02164	0.02164	0.01326	0.68796	0.03281	0.04398	0.01675	0.01675	0.01187	0.00838	0.00698	0.00209	0.00768	0.00628	0.00698	0.01187
30	0.01327	0.01253	0.02095	0.70726	0.04679	0.01575	0.01920	0.01779	0.01381	0.01779	0.01226	0.01846	0.00930	0.00720	0.00766	0.00236	0.04059	0.00620	0.00310	0.00775
31	0.71769	0.01362	0.01143	0.06457	0.01639	0.01585	0.00865	0.04306	0.01275	0.03072	0.01016	0.01207	0.00784	0.00658	0.00461	0.00217	0.00577	0.00405	0.00432	0.00772
32	0.01727	0.01658	0.02832	0.04283	0.71123	0.01658	0.02142	0.02142	0.01589	0.02280	0.01313	0.01727	0.01105	0.00622	0.00691	0.00207	0.00829	0.00622	0.00345	0.01105
33	0.80405	0.01350	0.01026	0.00918	0.01350	0.01565	0.00756	0.02051	0.01188	0.03131	0.00972	0.01134	0.00756	0.00648	0.00432	0.00216	0.00540	0.00378	0.00432	0.00756
34	0.00874	0.00647	0.00853	0.00988	0.01038	0.00626	0.00673	0.01000	0.01341	0.01784	0.03930	0.68227	0.08431	0.02126	0.00938	0.00281	0.03130	0.01903	0.00635	0.00575
35	0.72779	0.01334	0.01084	0.00950	0.01392	0.01512	0.00782	0.02184	0.01267	0.09889	0.01147	0.01256	0.00852	0.00669	0.00458	0.00216	0.00545	0.00410	0.00474	0.00798
36	0.01699	0.01618	0.02753	0.04143	0.67871	0.01618	0.02094	0.02109	0.01590	0.02271	0.01424	0.02014	0.01241	0.00683	0.00704	0.00213	0.00820	0.03692	0.00359	0.01084
37	0.01441	0.08109	0.65014	0.02023	0.05442	0.01694	0.02475	0.02200	0.01474	0.02177	0.01237	0.01460	0.00893	0.00657	0.00650	0.00216	0.01006	0.00511	0.00297	0.01025
38	0.02672	0.01804	0.01979	0.01522	0.02065	0.01954	0.01256	0.57436	0.03041	0.13628	0.01845	0.01804	0.01282	0.00840	0.00691	0.00209	0.00729	0.00639	0.03436	0.01168
39	0.01034	0.00726	0.00936	0.00876	0.01056	0.00664	0.00660	0.01352	0.01950	0.04573	0.64727	0.05236	0.10706	0.01434	0.00820	0.00220	0.00338	0.01261	0.00763	0.00668
40	0.00854	0.00614	0.00804	0.00954	0.01002	0.00571	0.00636	0.00974	0.01338	0.01774	0.03944	0.70048	0.07494	0.04191	0.00961	0.00292	0.00410	0.01934	0.00642	0.00564
41	0.01045	0.00763	0.01022	0.01156	0.01311	0.00740	0.00970	0.01321	0.01580	0.02041	0.06032	0.16278	0.13157	0.01925	0.00932	0.00302	0.00564	0.47586	0.00647	0.00626
42	0.01124	0.00803	0.01124	0.01285	0.01446	0.00803	0.01124	0.01446	0.01606	0.02088	0.03695	0.07871	0.04016	0.01928	0.00964	0.00321	0.00643	0.66426	0.00643	0.00643
43	0.01135	0.00830	0.01120	0.01256	0.01432	0.00834	0.01087	0.01524	0.04791	0.02115	0.03862	0.07555	0.08023	0.01872	0.00943	0.00312	0.00621	0.59382	0.00646	0.00661
44	0.02718	0.01218	0.01569	0.01250	0.01736	0.01139	0.01016	0.05070	0.12793	0.53134	0.08406	0.02629	0.02181	0.00923	0.00713	0.00219	0.00570	0.00760	0.00827	0.01130
45	0.01031	0.00736	0.00937	0.00924	0.00964	0.00802	0.00616	0.01118	0.01052	0.01453	0.02037	0.03845	0.02211	0.49543	0.25909	0.00805	0.04202	0.00911	0.00402	0.00502
46	0.09669	0.01201	0.01569	0.01214	0.01745	0.01071	0.01003	0.03287	0.01929	0.65813	0.02602	0.02270	0.01645	0.00845	0.00679	0.00216	0.00589	0.00674	0.00827	0.01151
47	0.00983	0.00748	0.00903	0.00865	0.01054	0.00693	0.00651	0.01335	0.04844	0.02501	0.47128	0.05545	0.22933	0.03775	0.00906	0.00241	0.00365	0.03156	0.00720	0.00652
48	0.01561	0.15013	0.35044	0.02399	0.16422	0.01803	0.10926	0.02146	0.01529	0.02154	0.03807	0.01657	0.01164	0.00662	0.00660	0.00208	0.00936	0.00581	0.00331	0.00998
49	0.02412	0.06110	0.02169	0.02145	0.12804	0.56521	0.01457	0.02685	0.03978	0.01831	0.01164	0.01366	0.00968	0.00706	0.00633	0.00184	0.01148	0.00483	0.00366	0.00868
50	0.00946	0.00677	0.00853	0.00930	0.00953	0.00683	0.00602	0.01021	0.01199	0.01611	0.03071	0.44294	0.03638	0.30536	0.01987	0.00437	0.03954	0.01544	0.00545	0.00520
51	0.44289	0.01791	0.14094	0.03861	0.16688	0.01561	0.01402	0.02076	0.01341	0.02727	0.01150	0.01396	0.00896	0.00652	0.00538	0.00213	0.00693	0.00472	0.03282	0.00877
52	0.00825	0.00707	0.00707	0.00707	0.00943	0.00589	0.00530	0.01001	0.01591	0.01885	0.07069	0.06716	0.70839	0.01767	0.00825	0.00236	0.00353	0.01473	0.00648	0.00589
53	0.01690	0.01783	0.02058	0.04238	0.01952	0.13684	0.01475	0.01863	0.01243	0.01719	0.01001	0.01531	0.00944	0.01107	0.01900	0.00277	0.57138	0.00586	0.03043	0.00767
54	0.01324	0.01120	0.01393	0.01555	0.11422	0.01168	0.01026	0.02199	0.25606	0.02497	0.17759	0.09727	0.15025	0.01283	0.00776	0.00236	0.00503	0.03871	0.00651	0.00860
55	0.01015	0.00677	0.00761	0.00761	0.00761	0.00677	0.00423	0.01015	0.01015	0.01353	0.02199	0.04567	0.02537	0.75476	0.03552	0.00677	0.00677	0.01015	0.00423	0.00423
56	0.01371	0.01247	0.01975	0.53456	0.03957	0.01498	0.04511	0.02037	0.11285	0.02008	0.01643	0.05121	0.01310	0.00798	0.00702	0.00232	0.00832	0.00713	0.04488	0.00814
57	0.02350	0.01062	0.01400	0.01140	0.01551	0.00964	0.00916	0.02767	0.07127	0.44711	0.24202	0.03287	0.03289	0.01047	0.00741	0.00219	0.00507	0.00885	0.00822	0.01014
58	0.01727	0.01658	0.02832	0.04283	0.71123	0.01658	0.02142	0.02142	0.01589	0.02280	0.01313	0.01727	0.01105	0.00622	0.00691	0.00207	0.00829	0.00622	0.00345	0.01105
59	0.00825	0.00707	0.00707	0.00707	0.00943	0.00589	0.00530	0.01001	0.01591	0.01885	0.07069	0.06716	0.70839	0.01767	0.00825	0.00236	0.00353	0.01473	0.00648	0.00589
60	0.77116	0.01343	0.01051	0.00931	0.01368	0.01542	0.00767	0.02109	0.01222	0.06046	0.01047	0.01186	0.00797	0.00657	0.00443	0.00216	0.00542	0.00392	0.00450	0.00774
61	0.01568	0.20779	0.51170	0.01812	0.02714	0.01882	0.04544	0.02215	0.01481	0.04018	0.01232	0.01428	0.00917	0.00650	0.00618	0.00204	0.00956	0.00498	0.00314	0.01000
62	0.02302	0.01693	0.01844	0.01482	0.01940	0.01853	0.01194	0.55606	0.02903	0.03889	0.02098	0.15938	0.01853	0.01100	0.00736	0.00224	0.00697	0.00892	0.00688	0.01066
63	0.02607	0.03326	0.01978	0.01798	0.02157	0.72674	0.01348	0.02787	0.01978	0.01708	0.01079	0.01258	0.00899	0.00719	0.00629	0.00180	0.01258	0.00449	0.00360	0.00809
64	0.32799	0.01782	0.12096	0.03728	0.04148	0.01616	0.13648	0.02300	0.11269	0.02680	0.04335	0.01755	0.01295	0.00733	0.00666	0.00226	0.02996	0.00598	0.00442	0.00887
65	0.11253	0.01365	0.04546	0.01262	0.01796	0.01214	0.01078	0.08389	0.04332	0.51409	0.04495	0.02242	0.01706	0.00850	0.00675	0.00216	0.00611	0.00673	0.00771	0.01115
66	0.02653	0.01955	0.02094	0.01606	0.02164	0.02164	0.01326	0.68796	0.03281	0.04398	0.01675	0.01675	0.01187	0.00838	0.00698	0.00209	0.00768	0.00628	0.00698	0.01187
67	0.00850	0.00607	0.00810	0.00972	0.01012	0.00567	0.00648	0.00972	0.01336	0.01781	0.03846	0.75020	0.04615	0.02186	0.00891	0.00283	0.00405	0.01984	0.00648	0.00567
68	0.06865	0.07706	0.02087	0.08774	0.02312	0.19168	0.01332	0.30134	0.02351	0.08423	0.01457	0.01571	0.01079	0.00779	0.00693	0.00204	0.02980	0.00556	0.00533	0.00995
69	0.00894	0.00639	0.00860	0.01022	0.01082	0.00605	0.00724	0.01048	0.01379	0.01831	0.03822	0.64237	0.04519	0.02145	0.00902	0.00289	0.00443	0.12332	0.00647	0.00579
70	0.01015	0.00677	0.00761	0.00761	0.00761	0.00677	0.00423	0.01015	0.01015	0.01353	0.02199	0.04567	0.02537	0.75476	0.03552	0.00677	0.00677	0.01015	0.00423	0.00423
71	0.01541	0.01595	0.02859	0.30205	0.16145	0.04064	0.23881	0.02005	0.01517	0.02015	0.01360	0.03774	0.01102	0.00712	0.00811	0.00232	0.04238	0.00718	0.00341	0.00885
72	0.01765	0.01729	0.02796	0.04177	0.68178	0.04690	0.02108	0.02169	0.01606	0.02255	0.01303	0.01707	0.01097	0.00626	0.00688	0.00206	0.00847	0.00614	0.00346	0.01093
73	0.00850	0.00607	0.00810	0.00972	0.01012	0.00567	0.00648	0.00972	0.01336	0.01781	0.03846	0.75020	0.04615	0.02186	0.00891	0.00283	0.00405	0.01984	0.00648	0.00567
74	0.75383	0.01309	0.01020	0.00915	0.01330	0.01508	0.00750	0.02005	0.01237	0.03110	0.05384	0.01392	0.01124	0.00697	0.00457	0.00216	0.00526	0.00434	0.00453	0.00750
75	0.01118	0.00757	0.00845	0.00814	0.00850	0.00771	0.00480	0.05301	0.01158	0.01546	0.02166	0.04384	0.02452	0.70756	0.03371	0.00647	0.00682	0.00990	0.00440	0.00471
76	0.01407	0.02368	0.33994	0.02270	0.17748	0.03367	0.04899	0.01970	0.01604	0.02294	0.14179	0.06879	0.02223	0.00888	0.00719	0.00221	0.00830	0.00781	0.00420	0.00940
77	0.01594	0.15437	0.45660	0.02034	0.05155	0.06323	0.10046	0.02227	0.01520	0.02088	0.01215	0.01457	0.00915	0.00645	0.00645	0.00208	0.01008	0.00528	0.00308	0.00986
78	0.02160	0.01434	0.01621	0.01366	0.01796	0.01544	0.01085	0.17495	0.32502	0.18742	0.05800	0.07051	0.02199	0.01005	0.00722	0.00228	0.00589	0.00832	0.00741	0.01086
79	0.02653	0.01955	0.02094	0.01606	0.02164	0.02164	0.01326	0.68796	0.03281	0.04398	0.01675	0.01675	0.01187	0.00838	0.00698	0.00209	0.00768	0.00628	0.00698	0.01187
80	0.01073	0.00867	0.01259	0.06416	0.01519	0.01038	0.00972	0.01304	0.01157	0.01636	0.02064	0.02918	0.06015	0.09306	0.49654	0.00873	0.10126	0.00788	0.00382	0.00634
81	0.02549	0.01874	0.02010	0.01552	0.02075	0.02070	0.01269	0.64510	0.03138	0.04205	0.01708	0.01858	0.01272	0.05557	0.00879	0.00239	0.00762	0.00653	0.00681	0.01138

[dist]
# distance from previous block
# <min> <max>
0	3

[block]
# block no. 3 follows, 30 sequences, length 29
# corresponding to MSA columns:
# 194-222
name=unknown_D
#
# <colnr> <probs for GDERKNQSTAVLIFYWHMCP>
#	G	D	E	R	K	N	Q	S	T	A	V	L	I	F	Y	W	H	M	C	P
0	0.07354	0.02351	0.31956	0.01911	0.12196	0.05159	0.01757	0.06342	0.01605	0.02463	0.01553	0.04387	0.01240	0.00755	0.00625	0.00207	0.00800	0.00605	0.15806	0.00929
1	0.01026	0.00764	0.00841	0.00801	0.01044	0.00671	0.00608	0.01307	0.04161	0.06125	0.20791	0.05985	0.50149	0.01610	0.00813	0.00231	0.00369	0.01357	0.00689	0.00657
2	0.01011	0.00690	0.00832	0.00832	0.00856	0.00715	0.00511	0.01060	0.01036	0.01405	0.02134	0.04210	0.02382	0.61746	0.17069	0.00764	0.00910	0.00963	0.00413	0.00462
3	0.01662	0.01700	0.02364	0.03198	0.45309	0.10722	0.04772	0.02007	0.01643	0.02126	0.02412	0.02648	0.14706	0.00857	0.00715	0.00211	0.00808	0.00775	0.00407	0.00958
4	0.01464	0.03228	0.58368	0.02437	0.16331	0.01628	0.02493	0.02197	0.01496	0.02224	0.01264	0.01523	0.00927	0.00655	0.00668	0.00218	0.00992	0.00536	0.00305	0.01046
5	0.00979	0.00715	0.00902	0.00885	0.01055	0.00655	0.00676	0.01238	0.01792	0.02434	0.45884	0.05640	0.20025	0.01610	0.00947	0.04794	0.00383	0.08061	0.00702	0.00621
6	0.01589	0.01345	0.01452	0.01314	0.01664	0.01525	0.01017	0.03241	0.56593	0.02896	0.16115	0.03114	0.03001	0.01041	0.00732	0.00233	0.00509	0.00881	0.00721	0.01017
7	0.00922	0.00661	0.00861	0.00997	0.01058	0.00631	0.00675	0.03685	0.01414	0.01886	0.03759	0.72087	0.04478	0.02132	0.00883	0.00280	0.00419	0.01930	0.00650	0.00592
8	0.01483	0.05972	0.55505	0.01847	0.02737	0.01687	0.02237	0.02498	0.14838	0.02327	0.01552	0.01681	0.01128	0.00716	0.00664	0.00221	0.00927	0.00564	0.00376	0.01040
9	0.01212	0.01156	0.01077	0.01152	0.01265	0.14699	0.00813	0.01361	0.01435	0.01747	0.03059	0.51584	0.03531	0.02280	0.09801	0.00368	0.00754	0.01530	0.00557	0.00621
10	0.01497	0.03819	0.01761	0.01398	0.04171	0.01195	0.08310	0.05975	0.05167	0.05214	0.05861	0.03125	0.15169	0.00971	0.00750	0.00191	0.03541	0.03989	0.00521	0.27376
11	0.00969	0.00724	0.00944	0.00940	0.01105	0.00699	0.00725	0.01246	0.01677	0.02290	0.36240	0.07770	0.17082	0.02312	0.14891	0.00412	0.00670	0.08017	0.00652	0.00634
12	0.17112	0.01470	0.01470	0.01322	0.01724	0.01702	0.01036	0.03384	0.56439	0.02961	0.02475	0.02316	0.01862	0.00888	0.00656	0.00233	0.00550	0.00709	0.00656	0.01036
13	0.01620	0.04082	0.15881	0.05090	0.24646	0.08310	0.07653	0.01956	0.01459	0.01962	0.01253	0.01701	0.01044	0.00987	0.01076	0.15742	0.00887	0.00585	0.00329	0.03738
14	0.01760	0.01294	0.04019	0.01235	0.01644	0.01208	0.03761	0.15569	0.08230	0.09546	0.02281	0.14494	0.01989	0.01007	0.00666	0.00200	0.00568	0.00855	0.16005	0.13670
15	0.01596	0.01524	0.02596	0.26545	0.49885	0.01624	0.02076	0.02027	0.01527	0.02121	0.01289	0.01770	0.01049	0.00646	0.00693	0.00215	0.00861	0.00621	0.00334	0.01000
16	0.01836	0.01380	0.02005	0.19243	0.07048	0.03100	0.06246	0.07651	0.01691	0.15719	0.02272	0.02669	0.08799	0.00988	0.00996	0.00241	0.12956	0.03758	0.00508	0.00896
17	0.01873	0.08479	0.33895	0.01716	0.04855	0.01676	0.01795	0.16983	0.01898	0.09570	0.01578	0.01828	0.01185	0.05342	0.00829	0.00237	0.00847	0.00588	0.03807	0.01019
18	0.01464	0.03228	0.58368	0.02437	0.16331	0.01628	0.02493	0.02197	0.01496	0.02224	0.01264	0.01523	0.00927	0.00655	0.00668	0.00218	0.00992	0.00536	0.00305	0.01046
19	0.00886	0.00645	0.00815	0.00930	0.01023	0.00592	0.00654	0.01010	0.01391	0.01796	0.04430	0.49993	0.19707	0.02084	0.00986	0.04832	0.00422	0.06615	0.00628	0.00563
20	0.01121	0.00940	0.01394	0.05734	0.01578	0.01015	0.07060	0.02924	0.01326	0.01794	0.02801	0.35615	0.05475	0.16091	0.01578	0.00352	0.10701	0.01363	0.00510	0.00629
21	0.09694	0.04137	0.02330	0.02017	0.10733	0.05110	0.16701	0.01937	0.01443	0.02187	0.01413	0.06779	0.01269	0.00811	0.00906	0.00210	0.12259	0.00681	0.03110	0.16272
22	0.00858	0.00639	0.00812	0.00925	0.01013	0.00592	0.00638	0.01005	0.01396	0.01828	0.06693	0.55091	0.17463	0.02253	0.04996	0.00320	0.00476	0.01788	0.00636	0.00578
23	0.01032	0.00719	0.00890	0.00900	0.01065	0.00654	0.00669	0.01258	0.01661	0.05372	0.27992	0.19405	0.21877	0.06096	0.01007	0.00273	0.00412	0.07402	0.00686	0.00632
24	0.41892	0.07355	0.05178	0.01932	0.19660	0.03317	0.01290	0.05967	0.01483	0.04591	0.01163	0.01369	0.00917	0.00656	0.00538	0.00208	0.00685	0.00472	0.00418	0.00908
25	0.02185	0.10198	0.07455	0.04093	0.02166	0.21459	0.01379	0.24655	0.07023	0.02759	0.01791	0.02135	0.03774	0.00872	0.00672	0.00207	0.00889	0.04811	0.00513	0.00963
26	0.01364	0.01011	0.01210	0.01140	0.01390	0.01032	0.00918	0.14598	0.05157	0.02754	0.24984	0.08060	0.10962	0.03243	0.00899	0.00261	0.00525	0.19037	0.00692	0.00762
27	0.01179	0.01029	0.01375	0.01700	0.17977	0.03374	0.01016	0.01478	0.01740	0.02341	0.31627	0.05952	0.20925	0.01455	0.03546	0.00255	0.00549	0.01127	0.00604	0.00751
28	0.01575	0.01405	0.01817	0.17693	0.11720	0.01617	0.01395	0.02804	0.38169	0.02443	0.02343	0.02507	0.04151	0.03748	0.00872	0.00251	0.03212	0.00756	0.00546	0.00976

[dist]
# distance from previous block
# <min> <max>
0	50

# created by:
# /st0/software/busco_prod/Augustus/scripts/msa2prfl.pl ./align_prep/143264.fa
