[name]
unknown

[dist]
# distance from previous block
# <min> <max>
0	49

[block]
# block no. 0 follows, 27 sequences, length 15
# corresponding to MSA columns:
# 49-63
name=unknown_A
#
# <colnr> <probs for GDERKNQSTAVLIFYWHMCP>
#	G	D	E	R	K	N	Q	S	T	A	V	L	I	F	Y	W	H	M	C	P
0	0.02061	0.06148	0.06165	0.04056	0.01874	0.05382	0.01189	0.02396	0.01870	0.25624	0.12396	0.03940	0.06846	0.01476	0.05074	0.00302	0.00765	0.10807	0.00687	0.00943
1	0.01147	0.00762	0.01013	0.01027	0.01184	0.00708	0.00767	0.01427	0.01863	0.06261	0.39732	0.25805	0.05834	0.01776	0.00904	0.00264	0.00422	0.07631	0.00772	0.00701
2	0.00963	0.00767	0.00932	0.01052	0.03974	0.00687	0.00721	0.01170	0.01660	0.02122	0.13851	0.27466	0.35379	0.01929	0.00899	0.00267	0.00425	0.04389	0.00692	0.00655
3	0.01783	0.03346	0.42496	0.02374	0.05802	0.14109	0.14907	0.02463	0.01704	0.02264	0.01335	0.01622	0.00989	0.00699	0.00733	0.00230	0.01162	0.00604	0.00340	0.01039
4	0.02285	0.01479	0.01720	0.05312	0.02081	0.01592	0.01189	0.07720	0.37920	0.22816	0.03004	0.02769	0.04728	0.00995	0.00756	0.00243	0.00629	0.00821	0.00777	0.01165
5	0.00904	0.00646	0.00861	0.01034	0.01077	0.00603	0.00689	0.01034	0.01421	0.01895	0.04092	0.73426	0.04910	0.02326	0.00948	0.00301	0.00431	0.02110	0.00689	0.00603
6	0.01725	0.01697	0.02046	0.32240	0.09389	0.10398	0.01661	0.02653	0.21917	0.02309	0.02115	0.02369	0.04573	0.00872	0.00743	0.00239	0.00872	0.00734	0.00487	0.00959
7	0.02235	0.02044	0.02242	0.05711	0.06881	0.14062	0.07803	0.20007	0.19171	0.05167	0.02065	0.05721	0.01638	0.00924	0.00756	0.00233	0.00881	0.00775	0.00602	0.01080
8	0.01480	0.01399	0.02367	0.60037	0.16593	0.01670	0.02100	0.01965	0.01521	0.01991	0.01333	0.01954	0.01023	0.00728	0.00741	0.00243	0.00970	0.00660	0.00337	0.00888
9	0.79154	0.01436	0.01091	0.00976	0.01436	0.01665	0.00804	0.02182	0.01263	0.03331	0.01034	0.01206	0.00804	0.00689	0.00459	0.00230	0.00574	0.00402	0.00459	0.00804
10	0.01289	0.00645	0.00967	0.00967	0.00967	0.00645	0.00645	0.00967	0.00967	0.01289	0.01289	0.02257	0.01289	0.02579	0.02901	0.78401	0.00645	0.00645	0.00322	0.00322
11	0.01548	0.00975	0.00960	0.00903	0.01120	0.04496	0.00693	0.07579	0.01717	0.02771	0.02249	0.02622	0.01791	0.01397	0.08554	0.00294	0.00626	0.00691	0.58266	0.00748
12	0.01034	0.00700	0.00823	0.00868	0.00880	0.00689	0.00513	0.01068	0.01169	0.01559	0.02799	0.22845	0.03279	0.55132	0.03036	0.00610	0.00644	0.01350	0.00513	0.00490
13	0.26937	0.07814	0.12649	0.18473	0.05640	0.04471	0.01589	0.06469	0.01624	0.06134	0.01316	0.01585	0.00987	0.00727	0.00620	0.00227	0.00835	0.00536	0.00429	0.00939
14	0.02109	0.50826	0.10594	0.01506	0.02134	0.18128	0.01465	0.02404	0.01649	0.01827	0.01090	0.01265	0.00952	0.00672	0.00544	0.00174	0.00949	0.00432	0.00332	0.00947

[dist]
# distance from previous block
# <min> <max>
0	1

[block]
# block no. 1 follows, 27 sequences, length 12
# corresponding to MSA columns:
# 65-76
name=unknown_B
#
# <colnr> <probs for GDERKNQSTAVLIFYWHMCP>
#	G	D	E	R	K	N	Q	S	T	A	V	L	I	F	Y	W	H	M	C	P
0	0.01406	0.00932	0.01106	0.01032	0.01285	0.00894	0.00779	0.05395	0.07578	0.09538	0.22782	0.16017	0.20545	0.01608	0.00904	0.02494	0.00454	0.01340	0.03126	0.00786
1	0.02254	0.23732	0.15683	0.01757	0.02384	0.20050	0.04993	0.06518	0.01854	0.08975	0.01379	0.01534	0.01070	0.00755	0.00721	0.00205	0.04175	0.00535	0.00424	0.01003
2	0.01578	0.06218	0.13662	0.02198	0.07317	0.06609	0.19831	0.02019	0.01542	0.02074	0.01718	0.07989	0.01574	0.04808	0.13085	0.00427	0.05234	0.00835	0.00392	0.00891
3	0.00989	0.00722	0.00930	0.00951	0.01090	0.00663	0.00686	0.01254	0.01846	0.02544	0.42704	0.27800	0.11438	0.01811	0.00899	0.00257	0.00379	0.01611	0.00765	0.00663
4	0.02015	0.02150	0.02715	0.10485	0.39874	0.18421	0.05261	0.02497	0.05214	0.02259	0.01418	0.01788	0.01158	0.00711	0.00728	0.00219	0.01006	0.00637	0.00388	0.01056
5	0.03111	0.01616	0.01941	0.01488	0.02071	0.01614	0.01229	0.30902	0.02714	0.41677	0.02434	0.02205	0.01589	0.00907	0.00745	0.00227	0.00712	0.00713	0.00843	0.01263
6	0.00949	0.00696	0.00896	0.01005	0.01109	0.00643	0.00714	0.01140	0.01596	0.02120	0.15598	0.47909	0.13738	0.02107	0.00932	0.00286	0.00430	0.06793	0.00711	0.00629
7	0.00920	0.00754	0.00811	0.00797	0.01029	0.00645	0.00598	0.01148	0.01793	0.02244	0.22592	0.06752	0.53758	0.01791	0.00877	0.00246	0.00370	0.01512	0.00721	0.00645
8	0.01756	0.01475	0.07126	0.01493	0.04929	0.05399	0.01210	0.02381	0.11959	0.13528	0.16418	0.07659	0.05256	0.01287	0.00818	0.00249	0.00648	0.11486	0.00686	0.04237
9	0.01464	0.08040	0.06766	0.01182	0.01611	0.01157	0.04058	0.01913	0.07197	0.09749	0.09273	0.07309	0.31377	0.01371	0.00791	0.00233	0.00565	0.01153	0.00641	0.04151
10	0.04187	0.01685	0.02645	0.02253	0.07950	0.06945	0.23983	0.01963	0.01571	0.02119	0.02436	0.02884	0.12856	0.04470	0.04049	0.00316	0.15514	0.00891	0.00426	0.00857
11	0.02254	0.01700	0.01897	0.05506	0.02158	0.01893	0.01266	0.41885	0.11071	0.03711	0.02108	0.06466	0.01744	0.07296	0.05301	0.00333	0.00838	0.00816	0.00673	0.01084

[dist]
# distance from previous block
# <min> <max>
1	11

[block]
# block no. 2 follows, 27 sequences, length 26
# corresponding to MSA columns:
# 88-113
name=unknown_C
#
# <colnr> <probs for GDERKNQSTAVLIFYWHMCP>
#	G	D	E	R	K	N	Q	S	T	A	V	L	I	F	Y	W	H	M	C	P
0	0.06387	0.01510	0.01904	0.01831	0.11175	0.01556	0.01293	0.18603	0.08748	0.25851	0.02242	0.02252	0.01600	0.01327	0.07594	0.00321	0.00828	0.00711	0.03123	0.01143
1	0.01240	0.00989	0.01130	0.01082	0.01317	0.01017	0.00805	0.02036	0.21469	0.02634	0.27112	0.14000	0.15641	0.04948	0.00987	0.00274	0.00453	0.01321	0.00743	0.00804
2	0.01732	0.00929	0.01222	0.01077	0.01364	0.00849	0.00831	0.03956	0.02079	0.21779	0.41499	0.11650	0.05155	0.01414	0.00843	0.00239	0.00452	0.01234	0.00830	0.00866
3	0.01950	0.30389	0.16183	0.07413	0.02420	0.10766	0.01590	0.05831	0.01792	0.05381	0.08257	0.01894	0.01636	0.00793	0.00637	0.00200	0.00887	0.00588	0.00429	0.00965
4	0.02652	0.01848	0.02087	0.01740	0.05303	0.01996	0.01352	0.51195	0.03074	0.11030	0.02095	0.08456	0.01653	0.01015	0.00762	0.00231	0.00765	0.00809	0.00738	0.01198
5	0.01039	0.00780	0.00966	0.00926	0.01116	0.00721	0.00691	0.01408	0.04211	0.02752	0.52390	0.09156	0.17867	0.01606	0.00875	0.00241	0.00367	0.01405	0.00786	0.00698
6	0.01489	0.03840	0.70064	0.02116	0.03213	0.01724	0.02743	0.02351	0.01567	0.02351	0.01332	0.01567	0.00940	0.00705	0.00705	0.00235	0.01097	0.00549	0.00313	0.01097
7	0.02899	0.01956	0.02151	0.01649	0.02240	0.02118	0.01362	0.57218	0.03283	0.14557	0.01956	0.01895	0.01350	0.00895	0.00743	0.00224	0.00789	0.00680	0.00769	0.01263
8	0.01561	0.10986	0.59204	0.02176	0.07056	0.01852	0.02563	0.02333	0.01569	0.02293	0.01305	0.01545	0.00956	0.00695	0.00683	0.00226	0.01053	0.00540	0.00317	0.01087
9	0.00904	0.00646	0.00861	0.01034	0.01077	0.00603	0.00689	0.01034	0.01421	0.01895	0.04092	0.73426	0.04910	0.02326	0.00948	0.00301	0.00431	0.02110	0.00689	0.00603
10	0.01105	0.00728	0.00912	0.00985	0.01106	0.00692	0.00693	0.01379	0.03973	0.04370	0.14696	0.45090	0.06928	0.01879	0.00860	0.00266	0.00415	0.01676	0.11572	0.00674
11	0.02773	0.03538	0.02104	0.01913	0.02295	0.70930	0.01434	0.02964	0.02104	0.01817	0.01148	0.01339	0.00956	0.00765	0.00669	0.00191	0.01339	0.00478	0.00383	0.00861
12	0.01451	0.01108	0.01344	0.01362	0.01625	0.01169	0.01134	0.08745	0.15002	0.02616	0.03822	0.10395	0.08756	0.01726	0.00926	0.00302	0.00639	0.36342	0.00705	0.00832
13	0.01985	0.74357	0.03890	0.01270	0.01905	0.02937	0.01270	0.02223	0.01508	0.01747	0.01032	0.01191	0.00953	0.00635	0.00476	0.00159	0.00794	0.00397	0.00318	0.00953
14	0.00901	0.00659	0.00848	0.01000	0.01068	0.00606	0.00674	0.01037	0.01454	0.01908	0.04504	0.65455	0.12614	0.02272	0.00939	0.00295	0.00424	0.02045	0.00689	0.00606
15	0.01586	0.01552	0.02420	0.51211	0.21234	0.05407	0.02083	0.02051	0.01570	0.02026	0.01330	0.01909	0.01035	0.00723	0.00736	0.00238	0.00981	0.00650	0.00342	0.00916
16	0.02500	0.01808	0.01975	0.01582	0.02083	0.01978	0.01278	0.51378	0.06371	0.06531	0.02236	0.12728	0.01887	0.01116	0.00775	0.00236	0.00740	0.00899	0.00742	0.01158
17	0.00929	0.00752	0.00810	0.00797	0.01015	0.00649	0.00588	0.01142	0.01747	0.02190	0.21043	0.06646	0.51017	0.06135	0.01052	0.00275	0.00391	0.01487	0.00704	0.00633
18	0.68737	0.01480	0.01219	0.01056	0.01532	0.01687	0.00870	0.07623	0.01495	0.07020	0.01198	0.01325	0.00898	0.00718	0.00498	0.00229	0.00597	0.00443	0.00508	0.00867
19	0.42552	0.03888	0.01520	0.01180	0.01699	0.01576	0.00981	0.09342	0.01798	0.26333	0.01764	0.01720	0.01213	0.00787	0.00588	0.00227	0.00626	0.00548	0.00642	0.01015
20	0.01792	0.01718	0.02932	0.11524	0.62663	0.01752	0.02256	0.02239	0.01669	0.02371	0.01388	0.01852	0.01157	0.00670	0.00736	0.00223	0.00893	0.00661	0.00364	0.01140
21	0.02721	0.02029	0.02171	0.01688	0.02264	0.02255	0.01387	0.60323	0.10136	0.04516	0.01910	0.01884	0.01366	0.00903	0.00744	0.00226	0.00793	0.00686	0.00744	0.01253
22	0.00904	0.00646	0.00861	0.01034	0.01077	0.00603	0.00689	0.01034	0.01421	0.01895	0.04092	0.73426	0.04910	0.02326	0.00948	0.00301	0.00431	0.02110	0.00689	0.00603
23	0.01634	0.01376	0.01590	0.01144	0.01799	0.01087	0.00919	0.06664	0.01683	0.02586	0.01354	0.01557	0.01112	0.00575	0.00564	0.00118	0.00570	0.00457	0.00462	0.72749
24	0.01833	0.50888	0.22735	0.01598	0.02370	0.02542	0.04768	0.02267	0.01537	0.01948	0.01140	0.01336	0.00957	0.00655	0.00560	0.00185	0.00902	0.00463	0.00319	0.00996
25	0.01633	0.01297	0.01593	0.12723	0.02202	0.01213	0.01071	0.10499	0.01766	0.04599	0.02077	0.02559	0.06980	0.09973	0.01047	0.00240	0.00667	0.00690	0.00500	0.36672

[dist]
# distance from previous block
# <min> <max>
0	6

[block]
# block no. 3 follows, 27 sequences, length 11
# corresponding to MSA columns:
# 120-130
name=unknown_D
#
# <colnr> <probs for GDERKNQSTAVLIFYWHMCP>
#	G	D	E	R	K	N	Q	S	T	A	V	L	I	F	Y	W	H	M	C	P
0	0.02086	0.01722	0.02554	0.11247	0.40043	0.04397	0.01897	0.08595	0.01900	0.10948	0.01601	0.01895	0.01232	0.00721	0.00723	0.00216	0.00853	0.00651	0.00473	0.06246
1	0.02328	0.01639	0.01784	0.01439	0.01900	0.01784	0.01158	0.38920	0.11703	0.07626	0.08030	0.02525	0.02068	0.03889	0.00853	0.00242	0.00677	0.00775	0.09556	0.01104
2	0.02533	0.01974	0.02326	0.01790	0.02377	0.02145	0.07494	0.49353	0.12185	0.04151	0.01909	0.01930	0.01382	0.00868	0.00749	0.00225	0.00815	0.00702	0.00697	0.04394
3	0.01585	0.01423	0.01917	0.06021	0.01921	0.01854	0.01361	0.07869	0.01377	0.02000	0.01400	0.02364	0.01390	0.15408	0.06809	0.00441	0.42946	0.00744	0.00394	0.00777
4	0.00909	0.00694	0.00814	0.00905	0.01024	0.00622	0.00619	0.01050	0.01496	0.01898	0.05269	0.41633	0.29599	0.08468	0.01170	0.00319	0.00435	0.01808	0.00668	0.00599
5	0.01470	0.04551	0.02621	0.01983	0.02378	0.01521	0.25110	0.01823	0.01533	0.02146	0.04503	0.20454	0.02283	0.01212	0.01123	0.00257	0.13806	0.01101	0.00468	0.09658
6	0.71845	0.01425	0.01133	0.00988	0.01466	0.01602	0.00811	0.02153	0.01289	0.03245	0.01061	0.01237	0.00832	0.00676	0.00468	0.00218	0.00572	0.00406	0.00458	0.08116
7	0.01539	0.01319	0.01539	0.01100	0.01759	0.00990	0.00880	0.01869	0.01539	0.02419	0.01319	0.01539	0.01100	0.00550	0.00550	0.00110	0.00550	0.00440	0.00440	0.78449
8	0.01634	0.01550	0.02581	0.03669	0.51128	0.01523	0.04564	0.02034	0.01694	0.02340	0.02589	0.03118	0.12928	0.00946	0.00781	0.00234	0.00800	0.04399	0.00441	0.01047
9	0.01019	0.00758	0.00948	0.00900	0.01089	0.00687	0.00675	0.01339	0.02026	0.02798	0.57584	0.05840	0.18420	0.01584	0.00876	0.00237	0.00355	0.01384	0.00794	0.00687
10	0.00904	0.00646	0.00861	0.01034	0.01077	0.00603	0.00689	0.01034	0.01421	0.01895	0.04092	0.73426	0.04910	0.02326	0.00948	0.00301	0.00431	0.02110	0.00689	0.00603

[dist]
# distance from previous block
# <min> <max>
0	1

[block]
# block no. 4 follows, 27 sequences, length 14
# corresponding to MSA columns:
# 132-145
name=unknown_E
#
# <colnr> <probs for GDERKNQSTAVLIFYWHMCP>
#	G	D	E	R	K	N	Q	S	T	A	V	L	I	F	Y	W	H	M	C	P
0	0.01752	0.02003	0.04380	0.03129	0.03880	0.01877	0.66583	0.02378	0.01752	0.02378	0.01502	0.02003	0.01126	0.00626	0.00876	0.00250	0.01252	0.00876	0.00375	0.01001
1	0.00905	0.00753	0.00790	0.00781	0.01020	0.00638	0.00586	0.01119	0.01757	0.02160	0.17264	0.06891	0.59138	0.01823	0.00877	0.00248	0.00372	0.01531	0.00710	0.00638
2	0.02964	0.01916	0.02078	0.01608	0.02186	0.05191	0.01321	0.45820	0.03037	0.23069	0.02079	0.01973	0.01412	0.00893	0.00740	0.00223	0.00789	0.00682	0.00776	0.01244
3	0.02499	0.01736	0.01968	0.05683	0.02209	0.01898	0.01287	0.46505	0.02849	0.09612	0.01888	0.02184	0.01442	0.07344	0.03779	0.03784	0.00840	0.00713	0.00677	0.01103
4	0.01244	0.00802	0.01054	0.00967	0.01176	0.00734	0.00734	0.01589	0.02103	0.08655	0.63283	0.05289	0.06566	0.01467	0.00865	0.00233	0.00374	0.01292	0.00826	0.00748
5	0.01514	0.01391	0.02269	0.64117	0.08376	0.01696	0.02033	0.05962	0.01620	0.02098	0.01352	0.01959	0.01017	0.00747	0.00742	0.00244	0.00973	0.00660	0.00358	0.00871
6	0.01985	0.74357	0.03890	0.01270	0.01905	0.02937	0.01270	0.02223	0.01508	0.01747	0.01032	0.01191	0.00953	0.00635	0.00476	0.00159	0.00794	0.00397	0.00318	0.00953
7	0.00913	0.00753	0.00802	0.00790	0.01025	0.00642	0.00592	0.01135	0.01777	0.02207	0.20264	0.06812	0.56109	0.01805	0.00877	0.00247	0.00371	0.01520	0.00716	0.00642
8	0.02578	0.01907	0.02052	0.01635	0.02180	0.02119	0.01331	0.46461	0.21171	0.07372	0.02179	0.02090	0.01566	0.00924	0.00746	0.00231	0.00745	0.00719	0.00755	0.01238
9	0.01545	0.01401	0.02288	0.40841	0.17956	0.01586	0.03888	0.05740	0.01721	0.02300	0.07281	0.02659	0.01775	0.00882	0.00775	0.00245	0.00890	0.04885	0.00428	0.00911
10	0.02819	0.02166	0.02221	0.01720	0.02302	0.06393	0.01412	0.62999	0.03408	0.04508	0.01744	0.01756	0.01244	0.00884	0.00738	0.00221	0.00848	0.00657	0.00721	0.01239
11	0.02539	0.02096	0.02171	0.01940	0.08079	0.09435	0.01450	0.43539	0.11649	0.03874	0.01928	0.02125	0.01471	0.00918	0.00747	0.00228	0.00843	0.03121	0.00671	0.01178
12	0.01386	0.01041	0.05366	0.01114	0.01424	0.00830	0.00960	0.01690	0.01800	0.12314	0.14620	0.09721	0.26205	0.01675	0.00887	0.00269	0.00533	0.16674	0.00718	0.00775
13	0.02180	0.23718	0.20462	0.01488	0.02177	0.01807	0.01552	0.04675	0.01835	0.22337	0.08949	0.02172	0.01869	0.00841	0.00669	0.00210	0.00780	0.00651	0.00562	0.01066

[dist]
# distance from previous block
# <min> <max>
6	8

[block]
# block no. 5 follows, 27 sequences, length 36
# corresponding to MSA columns:
# 154-189
name=unknown_F
#
# <colnr> <probs for GDERKNQSTAVLIFYWHMCP>
#	G	D	E	R	K	N	Q	S	T	A	V	L	I	F	Y	W	H	M	C	P
0	0.31497	0.04501	0.01802	0.01468	0.01950	0.20514	0.01177	0.21369	0.04164	0.03262	0.01343	0.01457	0.01028	0.00777	0.00608	0.00216	0.00858	0.00514	0.00526	0.00969
1	0.01676	0.01641	0.02483	0.39841	0.24198	0.06701	0.04047	0.04176	0.01663	0.02157	0.01436	0.04070	0.01177	0.00769	0.00745	0.00236	0.00968	0.00699	0.00371	0.00947
2	0.01402	0.01319	0.02227	0.72126	0.05113	0.01649	0.02062	0.01897	0.01484	0.01897	0.01319	0.01979	0.00990	0.00742	0.00742	0.00247	0.00990	0.00660	0.00330	0.00825
3	0.00967	0.00693	0.00925	0.01047	0.01132	0.00651	0.00745	0.01167	0.01600	0.02166	0.18253	0.51751	0.05301	0.02120	0.00940	0.00291	0.00440	0.08461	0.00717	0.00633
4	0.00904	0.00646	0.00861	0.01034	0.01077	0.00603	0.00689	0.01034	0.01421	0.01895	0.04092	0.73426	0.04910	0.02326	0.00948	0.00301	0.00431	0.02110	0.00689	0.00603
5	0.01608	0.01530	0.02599	0.40105	0.35521	0.01704	0.02164	0.02078	0.01582	0.02147	0.01356	0.01912	0.01078	0.00704	0.00739	0.00235	0.00939	0.00661	0.00348	0.00991
6	0.00964	0.00677	0.00873	0.01006	0.01048	0.00646	0.00670	0.01078	0.01364	0.01815	0.03688	0.53611	0.04371	0.18349	0.01587	0.00398	0.00513	0.06131	0.00635	0.00574
7	0.21106	0.01367	0.01589	0.03887	0.14655	0.03921	0.01159	0.02369	0.06442	0.12713	0.07236	0.02595	0.06412	0.00911	0.00660	0.00223	0.00625	0.00732	0.10460	0.00939
8	0.00904	0.00646	0.00861	0.01034	0.01077	0.00603	0.00689	0.01034	0.01421	0.01895	0.04092	0.73426	0.04910	0.02326	0.00948	0.00301	0.00431	0.02110	0.00689	0.00603
9	0.01932	0.01620	0.01709	0.01501	0.01937	0.01850	0.01178	0.12285	0.56104	0.03265	0.03068	0.02844	0.05296	0.01033	0.00759	0.00248	0.00608	0.00851	0.00751	0.01161
10	0.01985	0.74357	0.03890	0.01270	0.01905	0.02937	0.01270	0.02223	0.01508	0.01747	0.01032	0.01191	0.00953	0.00635	0.00476	0.00159	0.00794	0.00397	0.00318	0.00953
11	0.79154	0.01436	0.01091	0.00976	0.01436	0.01665	0.00804	0.02182	0.01263	0.03331	0.01034	0.01206	0.00804	0.00689	0.00459	0.00230	0.00574	0.00402	0.00459	0.00804
12	0.01644	0.01612	0.02459	0.02444	0.14621	0.02045	0.06123	0.01901	0.01300	0.01981	0.01179	0.01778	0.01088	0.01269	0.04375	0.00325	0.49067	0.00674	0.03229	0.00883
13	0.02317	0.01821	0.01876	0.01530	0.02022	0.04394	0.01232	0.39434	0.19549	0.03829	0.02714	0.02627	0.08837	0.01022	0.00751	0.00230	0.00715	0.00803	0.03156	0.01139
14	0.01508	0.06515	0.67553	0.02084	0.03163	0.01770	0.02687	0.02346	0.01565	0.02328	0.01321	0.01553	0.00941	0.00703	0.00697	0.00232	0.01086	0.00543	0.00314	0.01092
15	0.00937	0.00760	0.00838	0.00855	0.01078	0.00660	0.00656	0.01162	0.01741	0.02163	0.15767	0.09709	0.50695	0.01864	0.00896	0.00260	0.00407	0.08203	0.00707	0.00642
16	0.02125	0.01648	0.01778	0.01514	0.01989	0.01835	0.01199	0.15588	0.47825	0.08332	0.02702	0.02508	0.01991	0.00957	0.00743	0.00238	0.00632	0.00781	0.00750	0.04865
17	0.03331	0.01263	0.01723	0.01321	0.01895	0.01091	0.01091	0.03618	0.02125	0.69794	0.02929	0.02527	0.01838	0.00919	0.00747	0.00230	0.00632	0.00747	0.00919	0.01263
18	0.00921	0.00734	0.00825	0.00845	0.01040	0.00639	0.00618	0.01133	0.01732	0.02199	0.20402	0.19198	0.43329	0.01884	0.00890	0.00256	0.00381	0.01619	0.00717	0.00639
19	0.01489	0.03840	0.70064	0.02116	0.03213	0.01724	0.02743	0.02351	0.01567	0.02351	0.01332	0.01567	0.00940	0.00705	0.00705	0.00235	0.01097	0.00549	0.00313	0.01097
20	0.01063	0.00787	0.01152	0.01152	0.01270	0.00905	0.00876	0.01299	0.01181	0.01693	0.02026	0.03126	0.01947	0.12941	0.63719	0.01142	0.01852	0.00826	0.00403	0.00640
21	0.02640	0.01823	0.01984	0.01556	0.02086	0.01987	0.01269	0.49227	0.08065	0.10630	0.02050	0.02100	0.01487	0.03350	0.00831	0.00239	0.00746	0.00704	0.06036	0.01190
22	0.01619	0.01600	0.02299	0.01890	0.02053	0.02033	0.06043	0.01842	0.01247	0.01933	0.01069	0.01637	0.01006	0.01128	0.02014	0.00284	0.55612	0.00631	0.00347	0.13715
23	0.00905	0.00749	0.00794	0.00792	0.01022	0.00637	0.00590	0.01116	0.01744	0.02152	0.16892	0.09617	0.56743	0.01842	0.00880	0.00250	0.00374	0.01554	0.00709	0.00637
24	0.01680	0.01403	0.01615	0.01166	0.01819	0.01133	0.00938	0.08966	0.01753	0.02666	0.01370	0.01566	0.01117	0.00587	0.00571	0.00122	0.00579	0.00465	0.00473	0.70013
25	0.02540	0.01760	0.01932	0.01533	0.02027	0.01911	0.01231	0.46309	0.07668	0.10628	0.02140	0.05193	0.01694	0.08662	0.01073	0.00281	0.00756	0.00791	0.00728	0.01143
26	0.00912	0.00741	0.00781	0.00791	0.00994	0.00640	0.00569	0.01085	0.01630	0.01994	0.10405	0.11787	0.53167	0.09764	0.01200	0.00305	0.00416	0.01541	0.00671	0.00610
27	0.01916	0.01656	0.01734	0.01296	0.01920	0.06614	0.01039	0.16250	0.02012	0.02871	0.01408	0.01578	0.01125	0.00641	0.00601	0.00141	0.00669	0.00493	0.00502	0.55535
28	0.02129	0.55874	0.03401	0.01402	0.01972	0.15057	0.01293	0.05101	0.01689	0.01884	0.01120	0.01305	0.00999	0.00847	0.03060	0.00205	0.00936	0.00438	0.00350	0.00939
29	0.02168	0.52059	0.03289	0.01425	0.01983	0.19673	0.01291	0.04370	0.01724	0.01864	0.01306	0.01450	0.03294	0.00718	0.00546	0.00172	0.00915	0.00466	0.00360	0.00928
30	0.01017	0.00747	0.00953	0.00923	0.01094	0.00683	0.00684	0.01328	0.01990	0.02764	0.55748	0.12157	0.13878	0.01636	0.00883	0.00242	0.00361	0.01441	0.00790	0.00683
31	0.01178	0.00902	0.01103	0.01016	0.01249	0.00874	0.00770	0.01772	0.11553	0.02931	0.54038	0.05053	0.08750	0.01421	0.00845	0.00232	0.00394	0.01243	0.00788	0.03889
32	0.01539	0.01319	0.01539	0.01100	0.01759	0.00990	0.00880	0.01869	0.01539	0.02419	0.01319	0.01539	0.01100	0.00550	0.00550	0.00110	0.00550	0.00440	0.00440	0.78449
33	0.79154	0.01436	0.01091	0.00976	0.01436	0.01665	0.00804	0.02182	0.01263	0.03331	0.01034	0.01206	0.00804	0.00689	0.00459	0.00230	0.00574	0.00402	0.00459	0.00804
34	0.01936	0.01575	0.01681	0.01499	0.01928	0.01801	0.01170	0.03925	0.63960	0.07136	0.03016	0.02755	0.02240	0.01002	0.00755	0.00250	0.00590	0.00834	0.00765	0.01180
35	0.01837	0.01764	0.03013	0.04557	0.69279	0.01764	0.02278	0.02278	0.01690	0.02425	0.01396	0.01837	0.01176	0.00661	0.00735	0.00220	0.00882	0.00661	0.00367	0.01176

[dist]
# distance from previous block
# <min> <max>
0	58

[block]
# block no. 6 follows, 27 sequences, length 46
# corresponding to MSA columns:
# 248-293
name=unknown_G
#
# <colnr> <probs for GDERKNQSTAVLIFYWHMCP>
#	G	D	E	R	K	N	Q	S	T	A	V	L	I	F	Y	W	H	M	C	P
0	0.00998	0.00757	0.00920	0.00879	0.01077	0.00678	0.00659	0.01300	0.01978	0.02684	0.50362	0.06028	0.25714	0.01627	0.00876	0.00239	0.00358	0.01410	0.00779	0.00678
1	0.01402	0.01319	0.02227	0.72126	0.05113	0.01649	0.02062	0.01897	0.01484	0.01897	0.01319	0.01979	0.00990	0.00742	0.00742	0.00247	0.00990	0.00660	0.00330	0.00825
2	0.00913	0.00652	0.00869	0.01028	0.01079	0.00608	0.00690	0.01054	0.01459	0.01955	0.07655	0.69693	0.05025	0.02281	0.00944	0.00298	0.00426	0.02068	0.00696	0.00608
3	0.01489	0.03840	0.70064	0.02116	0.03213	0.01724	0.02743	0.02351	0.01567	0.02351	0.01332	0.01567	0.00940	0.00705	0.00705	0.00235	0.01097	0.00549	0.00313	0.01097
4	0.05658	0.09199	0.02322	0.02137	0.10232	0.54168	0.01496	0.02789	0.01971	0.01944	0.01163	0.01381	0.00976	0.00739	0.00653	0.00194	0.01208	0.00490	0.00378	0.00904
5	0.01820	0.01746	0.02982	0.07266	0.66706	0.01759	0.02270	0.02263	0.01682	0.02404	0.01393	0.01843	0.01168	0.00665	0.00735	0.00222	0.00886	0.00661	0.00366	0.01162
6	0.02483	0.01108	0.01474	0.01193	0.01623	0.00991	0.00960	0.05017	0.02164	0.43193	0.26903	0.03600	0.03699	0.01136	0.00793	0.00231	0.00536	0.00961	0.00876	0.01058
7	0.01526	0.01075	0.01279	0.01107	0.01477	0.00996	0.00870	0.02140	0.13127	0.10281	0.24365	0.04307	0.13040	0.01249	0.00784	0.00220	0.00485	0.04501	0.00717	0.16454
8	0.00994	0.00763	0.00914	0.00896	0.01100	0.00683	0.00685	0.01281	0.01912	0.02541	0.40045	0.06383	0.30952	0.01699	0.00888	0.00248	0.00386	0.06202	0.00757	0.00670
9	0.01534	0.01502	0.02367	0.28127	0.06905	0.01929	0.05500	0.01867	0.01334	0.01893	0.01203	0.01850	0.01041	0.01220	0.04843	0.00327	0.34709	0.00674	0.00335	0.00841
10	0.09497	0.12325	0.04967	0.01614	0.02163	0.14903	0.01373	0.34989	0.02588	0.03409	0.01484	0.01604	0.01133	0.00999	0.03551	0.00249	0.00947	0.00572	0.00561	0.01073
11	0.79154	0.01436	0.01091	0.00976	0.01436	0.01665	0.00804	0.02182	0.01263	0.03331	0.01034	0.01206	0.00804	0.00689	0.00459	0.00230	0.00574	0.00402	0.00459	0.00804
12	0.00882	0.00733	0.00772	0.00802	0.01016	0.00622	0.00586	0.01060	0.01644	0.01986	0.06910	0.18947	0.57569	0.01959	0.00890	0.00260	0.00386	0.01664	0.00689	0.00622
13	0.01334	0.00807	0.01049	0.00995	0.01206	0.00730	0.00742	0.01613	0.01923	0.12325	0.40079	0.19741	0.11299	0.01636	0.00872	0.00249	0.00410	0.01440	0.00793	0.00755
14	0.01384	0.00692	0.00692	0.00692	0.00865	0.00692	0.00519	0.01730	0.01557	0.02768	0.02422	0.02768	0.01903	0.00865	0.00519	0.00173	0.00346	0.00692	0.78031	0.00692
15	0.00904	0.00646	0.00861	0.01034	0.01077	0.00603	0.00689	0.01034	0.01421	0.01895	0.04092	0.73426	0.04910	0.02326	0.00948	0.00301	0.00431	0.02110	0.00689	0.00603
16	0.06154	0.02805	0.01917	0.01737	0.02135	0.45136	0.01320	0.03245	0.23463	0.02309	0.01751	0.01797	0.01375	0.00840	0.00687	0.00213	0.01058	0.00592	0.00507	0.00960
17	0.02028	0.01369	0.01634	0.01196	0.01832	0.01117	0.00968	0.07476	0.01822	0.17091	0.01703	0.01771	0.01271	0.00657	0.00608	0.00145	0.00589	0.00524	0.00567	0.55631
18	0.01884	0.04816	0.02947	0.04164	0.60444	0.04816	0.02148	0.02384	0.04811	0.02403	0.01447	0.01833	0.01208	0.00681	0.00722	0.00218	0.00884	0.00651	0.00384	0.01153
19	0.05338	0.01524	0.13507	0.01303	0.01743	0.01135	0.01221	0.04394	0.06825	0.12078	0.32284	0.04097	0.04154	0.01233	0.00806	0.00242	0.00592	0.05909	0.00707	0.00907
20	0.00951	0.00727	0.00873	0.00895	0.01063	0.00649	0.00649	0.01187	0.01781	0.02353	0.30394	0.23677	0.28404	0.01855	0.00895	0.00257	0.00380	0.01621	0.00739	0.00649
21	0.01972	0.01655	0.01778	0.04062	0.02098	0.01905	0.01241	0.12980	0.56225	0.03290	0.02781	0.02598	0.02075	0.00981	0.00753	0.00247	0.00635	0.00808	0.00738	0.01175
22	0.01012	0.00726	0.00947	0.00955	0.01085	0.00675	0.00684	0.01284	0.01862	0.02601	0.47731	0.24015	0.06208	0.05536	0.01048	0.00278	0.00392	0.01538	0.00763	0.00661
23	0.00902	0.00657	0.00850	0.01005	0.01069	0.00605	0.00676	0.01037	0.01449	0.01906	0.04439	0.66713	0.11399	0.02281	0.00940	0.00296	0.00425	0.02055	0.00689	0.00605
24	0.79154	0.01436	0.01091	0.00976	0.01436	0.01665	0.00804	0.02182	0.01263	0.03331	0.01034	0.01206	0.00804	0.00689	0.00459	0.00230	0.00574	0.00402	0.00459	0.00804
25	0.79154	0.01436	0.01091	0.00976	0.01436	0.01665	0.00804	0.02182	0.01263	0.03331	0.01034	0.01206	0.00804	0.00689	0.00459	0.00230	0.00574	0.00402	0.00459	0.00804
26	0.01476	0.01075	0.01269	0.01141	0.01388	0.03813	0.00884	0.05793	0.05463	0.08371	0.41174	0.04407	0.07726	0.01777	0.07784	0.00330	0.03466	0.01119	0.00734	0.00810
27	0.01051	0.00759	0.00992	0.00934	0.01109	0.00700	0.00700	0.01401	0.02101	0.02977	0.68888	0.05545	0.07005	0.01518	0.00876	0.00233	0.00350	0.01343	0.00817	0.00700
28	0.01926	0.01937	0.06154	0.02522	0.05255	0.01747	0.39215	0.11315	0.01966	0.05630	0.01563	0.01895	0.01166	0.00667	0.00787	0.00221	0.01031	0.00750	0.00458	0.13796
29	0.02674	0.01999	0.02146	0.01660	0.02243	0.02195	0.01364	0.58171	0.08746	0.04429	0.01861	0.01852	0.01337	0.00883	0.00734	0.00219	0.00784	0.00671	0.00728	0.05305
30	0.00904	0.00646	0.00861	0.01034	0.01077	0.00603	0.00689	0.01034	0.01421	0.01895	0.04092	0.73426	0.04910	0.02326	0.00948	0.00301	0.00431	0.02110	0.00689	0.00603
31	0.01196	0.00936	0.01274	0.01237	0.01392	0.01096	0.00951	0.01687	0.10432	0.01893	0.02118	0.03008	0.01947	0.10656	0.52458	0.00984	0.04746	0.00820	0.00449	0.00722
32	0.01530	0.09614	0.64645	0.02047	0.03106	0.01823	0.02622	0.02341	0.01563	0.02302	0.01308	0.01537	0.00941	0.00700	0.00687	0.00229	0.01072	0.00536	0.00314	0.01085
33	0.01586	0.03705	0.66478	0.02074	0.03144	0.01691	0.02656	0.02417	0.01597	0.05890	0.01416	0.01618	0.00987	0.00717	0.00707	0.00235	0.01073	0.00559	0.00345	0.01106
34	0.01289	0.00645	0.00967	0.00967	0.00967	0.00645	0.00645	0.00967	0.00967	0.01289	0.01289	0.02257	0.01289	0.02579	0.02901	0.78401	0.00645	0.00645	0.00322	0.00322
35	0.01712	0.02303	0.15469	0.03026	0.06919	0.01846	0.52642	0.02369	0.01718	0.02376	0.01468	0.01921	0.01097	0.00641	0.00840	0.00246	0.01208	0.00810	0.00365	0.01026
36	0.01196	0.00854	0.01196	0.01367	0.01538	0.00854	0.01196	0.01538	0.01709	0.02222	0.03931	0.08374	0.04272	0.02051	0.01025	0.00342	0.00684	0.64283	0.00684	0.00684
37	0.02553	0.03121	0.02318	0.02534	0.18049	0.54663	0.01633	0.02803	0.02007	0.01960	0.01206	0.01456	0.01008	0.00741	0.00685	0.00198	0.01231	0.00521	0.00379	0.00935
38	0.01710	0.01767	0.03382	0.09861	0.32749	0.01738	0.28692	0.02218	0.01697	0.02335	0.01770	0.02210	0.04868	0.00721	0.00802	0.00237	0.01016	0.00800	0.00385	0.01042
39	0.01837	0.01764	0.03013	0.04557	0.69279	0.01764	0.02278	0.02278	0.01690	0.02425	0.01396	0.01837	0.01176	0.00661	0.00735	0.00220	0.00882	0.00661	0.00367	0.01176
40	0.01061	0.00795	0.01193	0.01193	0.01326	0.00928	0.00928	0.01326	0.01193	0.01723	0.01988	0.02916	0.01856	0.05568	0.70968	0.01193	0.01988	0.00795	0.00398	0.00663
41	0.02775	0.01698	0.01943	0.01528	0.02060	0.01779	0.01245	0.41830	0.02885	0.23264	0.02349	0.09259	0.01799	0.01045	0.00765	0.00233	0.00724	0.00837	0.00788	0.01196
42	0.54458	0.01602	0.01378	0.01169	0.01645	0.04194	0.00956	0.15135	0.01812	0.06470	0.04214	0.01572	0.01216	0.00778	0.00554	0.00227	0.00643	0.00514	0.00549	0.00913
43	0.01129	0.00784	0.00910	0.00916	0.00980	0.00779	0.00578	0.04840	0.01378	0.01837	0.06593	0.20336	0.06286	0.46375	0.02677	0.00549	0.00624	0.01325	0.00551	0.00553
44	0.02734	0.01892	0.02068	0.01606	0.02156	0.02061	0.01311	0.53434	0.06051	0.11473	0.01993	0.02082	0.01451	0.05070	0.00917	0.00253	0.00781	0.00708	0.00746	0.01212
45	0.04911	0.01373	0.02179	0.62122	0.04656	0.01712	0.01955	0.04529	0.01536	0.02066	0.01306	0.01917	0.00992	0.00778	0.00826	0.00250	0.05051	0.00648	0.00352	0.00841

[dist]
# distance from previous block
# <min> <max>
8	13

[block]
# block no. 7 follows, 27 sequences, length 15
# corresponding to MSA columns:
# 307-321
name=unknown_H
#
# <colnr> <probs for GDERKNQSTAVLIFYWHMCP>
#	G	D	E	R	K	N	Q	S	T	A	V	L	I	F	Y	W	H	M	C	P
0	0.79154	0.01436	0.01091	0.00976	0.01436	0.01665	0.00804	0.02182	0.01263	0.03331	0.01034	0.01206	0.00804	0.00689	0.00459	0.00230	0.00574	0.00402	0.00459	0.00804
1	0.01539	0.01319	0.01539	0.01100	0.01759	0.00990	0.00880	0.01869	0.01539	0.02419	0.01319	0.01539	0.01100	0.00550	0.00550	0.00110	0.00550	0.00440	0.00440	0.78449
2	0.01539	0.01319	0.01539	0.01100	0.01759	0.00990	0.00880	0.01869	0.01539	0.02419	0.01319	0.01539	0.01100	0.00550	0.00550	0.00110	0.00550	0.00440	0.00440	0.78449
3	0.01684	0.01450	0.02104	0.01508	0.02181	0.01169	0.13715	0.02069	0.01615	0.06278	0.01447	0.01686	0.01147	0.00586	0.00625	0.00144	0.00691	0.00543	0.00455	0.58903
4	0.01080	0.00720	0.00810	0.00810	0.00810	0.00720	0.00450	0.01080	0.01080	0.01439	0.02339	0.04858	0.02699	0.73910	0.03779	0.00720	0.00720	0.01080	0.00450	0.00450
5	0.01436	0.03239	0.55275	0.01935	0.02821	0.01618	0.02370	0.02174	0.01612	0.02399	0.10942	0.02139	0.01808	0.00864	0.00856	0.00241	0.06195	0.00669	0.00386	0.01020
6	0.01746	0.02062	0.14060	0.03985	0.54783	0.01710	0.02299	0.02252	0.01671	0.02402	0.01517	0.02132	0.01298	0.00741	0.00745	0.00229	0.00907	0.03947	0.00375	0.01137
7	0.00914	0.00650	0.00859	0.01022	0.01063	0.00609	0.00677	0.01036	0.01403	0.01871	0.03999	0.69818	0.04794	0.06092	0.01096	0.00323	0.00446	0.02056	0.00677	0.00595
8	0.01750	0.01972	0.04208	0.03143	0.07087	0.01891	0.60152	0.02344	0.01719	0.02351	0.01471	0.01976	0.01121	0.00661	0.00945	0.00252	0.04729	0.00854	0.00373	0.01001
9	0.01116	0.00792	0.00905	0.00856	0.01104	0.00686	0.00649	0.01367	0.01864	0.07276	0.28274	0.06259	0.42792	0.01686	0.00867	0.00243	0.00386	0.01430	0.00750	0.00698
10	0.55543	0.01520	0.04050	0.17406	0.02436	0.01672	0.03621	0.02130	0.01344	0.02930	0.01128	0.01426	0.00864	0.00700	0.00549	0.00235	0.00714	0.00484	0.00421	0.00827
11	0.02489	0.01307	0.01659	0.05468	0.01994	0.01241	0.01102	0.08422	0.09283	0.36164	0.09744	0.02830	0.04576	0.00972	0.00744	0.00221	0.00616	0.00803	0.00780	0.09585
12	0.14669	0.01376	0.01507	0.01207	0.01712	0.01317	0.00961	0.14861	0.01878	0.05963	0.01825	0.10837	0.01641	0.01131	0.04088	0.00235	0.00666	0.00724	0.00555	0.32845
13	0.02422	0.01866	0.02239	0.01973	0.08548	0.02078	0.03476	0.41099	0.09235	0.06008	0.01845	0.02040	0.01405	0.04209	0.01048	0.00259	0.07732	0.00710	0.00649	0.01157
14	0.12844	0.01615	0.02191	0.12880	0.11053	0.01956	0.03760	0.10953	0.03769	0.02594	0.01326	0.01751	0.01091	0.00944	0.01281	0.00263	0.25455	0.00635	0.02701	0.00936

[dist]
# distance from previous block
# <min> <max>
42	181

[block]
# block no. 8 follows, 27 sequences, length 38
# corresponding to MSA columns:
# 516-553
name=unknown_I
#
# <colnr> <probs for GDERKNQSTAVLIFYWHMCP>
#	G	D	E	R	K	N	Q	S	T	A	V	L	I	F	Y	W	H	M	C	P
0	0.02404	0.06839	0.01943	0.01534	0.01987	0.19648	0.01217	0.10985	0.21108	0.14665	0.06286	0.02420	0.03814	0.00945	0.00722	0.00221	0.00812	0.00730	0.00659	0.01061
1	0.01583	0.03204	0.48220	0.02327	0.03284	0.01772	0.18800	0.02479	0.06661	0.02415	0.01504	0.01769	0.01088	0.00708	0.00752	0.00240	0.01098	0.00654	0.00363	0.01079
2	0.07560	0.12942	0.46908	0.02051	0.02990	0.01904	0.11052	0.02324	0.01561	0.02348	0.01292	0.01548	0.00957	0.00684	0.00679	0.00226	0.01037	0.00561	0.00334	0.01042
3	0.02016	0.05347	0.02886	0.03924	0.53957	0.14517	0.02078	0.02402	0.01758	0.02283	0.01334	0.01717	0.01126	0.00679	0.00711	0.00212	0.00962	0.00616	0.00368	0.01108
4	0.01757	0.01517	0.01854	0.03831	0.02101	0.04411	0.05984	0.05898	0.01720	0.05231	0.01418	0.01635	0.01131	0.00608	0.00606	0.00141	0.00674	0.00509	0.00466	0.58508
5	0.02660	0.01990	0.02139	0.01649	0.02236	0.02172	0.01355	0.57708	0.07606	0.04403	0.01829	0.01829	0.01316	0.00873	0.00729	0.00216	0.00781	0.00662	0.00720	0.07126
6	0.02510	0.01931	0.02185	0.06504	0.06416	0.02152	0.01467	0.48369	0.13809	0.04103	0.01932	0.01960	0.01404	0.00887	0.00744	0.00229	0.00795	0.00695	0.00695	0.01214
7	0.02748	0.02043	0.02186	0.01693	0.02274	0.02268	0.01393	0.62024	0.08391	0.04559	0.01877	0.01857	0.01339	0.00900	0.00744	0.00225	0.00799	0.00681	0.00744	0.01256
8	0.06729	0.22123	0.32096	0.01769	0.02572	0.06160	0.04813	0.05078	0.03583	0.06582	0.01397	0.01554	0.01052	0.00715	0.00640	0.00212	0.00950	0.00535	0.00399	0.01041
9	0.02313	0.01603	0.01790	0.01504	0.01988	0.01738	0.01209	0.19073	0.34386	0.15697	0.02699	0.02754	0.02016	0.01006	0.00759	0.00241	0.00656	0.04253	0.00769	0.03545
10	0.01402	0.01319	0.02227	0.72126	0.05113	0.01649	0.02062	0.01897	0.01484	0.01897	0.01319	0.01979	0.00990	0.00742	0.00742	0.00247	0.00990	0.00660	0.00330	0.00825
11	0.01510	0.01286	0.01507	0.01090	0.01721	0.00972	0.00869	0.01841	0.01573	0.02452	0.05344	0.01778	0.01451	0.00607	0.00569	0.00117	0.00538	0.00494	0.00462	0.73818
12	0.01837	0.01764	0.03013	0.04557	0.69279	0.01764	0.02278	0.02278	0.01690	0.02425	0.01396	0.01837	0.01176	0.00661	0.00735	0.00220	0.00882	0.00661	0.00367	0.01176
13	0.01536	0.03508	0.58209	0.02299	0.03333	0.01752	0.14265	0.02356	0.01601	0.02356	0.01363	0.01646	0.00974	0.00691	0.00736	0.00238	0.01125	0.00608	0.00325	0.01080
14	0.01165	0.00784	0.01029	0.00953	0.01149	0.00720	0.00720	0.01512	0.02103	0.06329	0.65579	0.05394	0.06745	0.01488	0.00869	0.00233	0.00364	0.01313	0.00822	0.00729
15	0.02023	0.00976	0.01292	0.01090	0.01441	0.00864	0.00861	0.02336	0.02086	0.31717	0.36709	0.04342	0.08563	0.01282	0.00820	0.00233	0.00473	0.01099	0.00853	0.00939
16	0.01522	0.08505	0.65686	0.02060	0.03127	0.01804	0.02645	0.02343	0.01563	0.02311	0.01312	0.01542	0.00941	0.00701	0.00690	0.00230	0.01077	0.00539	0.00314	0.01088
17	0.02774	0.01518	0.01817	0.01425	0.01937	0.01534	0.01161	0.28996	0.02602	0.32870	0.07418	0.02557	0.02030	0.03906	0.03687	0.00284	0.00743	0.00775	0.00801	0.01165
18	0.01420	0.00843	0.01074	0.00968	0.01216	0.00758	0.00736	0.01719	0.01998	0.14316	0.45233	0.05234	0.15272	0.04717	0.00984	0.00257	0.00419	0.01262	0.00799	0.00775
19	0.01539	0.01319	0.01539	0.01100	0.01759	0.00990	0.00880	0.01869	0.01539	0.02419	0.01319	0.01539	0.01100	0.00550	0.00550	0.00110	0.00550	0.00440	0.00440	0.78449
20	0.01008	0.00731	0.00951	0.00951	0.01097	0.00674	0.00692	0.01299	0.01921	0.02677	0.50770	0.22010	0.08985	0.01727	0.00893	0.00251	0.00371	0.01537	0.00781	0.00674
21	0.01752	0.02003	0.04380	0.03129	0.03880	0.01877	0.66583	0.02378	0.01752	0.02378	0.01502	0.02003	0.01126	0.00626	0.00876	0.00250	0.01252	0.00876	0.00375	0.01001
22	0.02773	0.03538	0.02104	0.01913	0.02295	0.70930	0.01434	0.02964	0.02104	0.01817	0.01148	0.01339	0.00956	0.00765	0.00669	0.00191	0.01339	0.00478	0.00383	0.00861
23	0.01752	0.02003	0.04380	0.03129	0.03880	0.01877	0.66583	0.02378	0.01752	0.02378	0.01502	0.02003	0.01126	0.00626	0.00876	0.00250	0.01252	0.00876	0.00375	0.01001
24	0.03331	0.01263	0.01723	0.01321	0.01895	0.01091	0.01091	0.03618	0.02125	0.69794	0.02929	0.02527	0.01838	0.00919	0.00747	0.00230	0.00632	0.00747	0.00919	0.01263
25	0.03331	0.01263	0.01723	0.01321	0.01895	0.01091	0.01091	0.03618	0.02125	0.69794	0.02929	0.02527	0.01838	0.00919	0.00747	0.00230	0.00632	0.00747	0.00919	0.01263
26	0.03179	0.01428	0.01816	0.01400	0.01973	0.01346	0.01154	0.15440	0.04875	0.55095	0.02718	0.02397	0.01746	0.00917	0.00746	0.00229	0.00665	0.00735	0.00880	0.01260
27	0.01752	0.02003	0.04380	0.03129	0.03880	0.01877	0.66583	0.02378	0.01752	0.02378	0.01502	0.02003	0.01126	0.00626	0.00876	0.00250	0.01252	0.00876	0.00375	0.01001
28	0.01673	0.01582	0.02617	0.03879	0.56962	0.01562	0.01976	0.02076	0.01711	0.02398	0.05580	0.02715	0.10304	0.00863	0.00761	0.00225	0.00789	0.00814	0.00432	0.01080
29	0.00904	0.00646	0.00861	0.01034	0.01077	0.00603	0.00689	0.01034	0.01421	0.01895	0.04092	0.73426	0.04910	0.02326	0.00948	0.00301	0.00431	0.02110	0.00689	0.00603
30	0.00904	0.00646	0.00861	0.01034	0.01077	0.00603	0.00689	0.01034	0.01421	0.01895	0.04092	0.73426	0.04910	0.02326	0.00948	0.00301	0.00431	0.02110	0.00689	0.00603
31	0.01645	0.02333	0.19033	0.07397	0.03722	0.01795	0.45565	0.02304	0.01673	0.02317	0.01468	0.01934	0.01100	0.00822	0.03244	0.00279	0.01225	0.00785	0.00359	0.01000
32	0.01837	0.01764	0.03013	0.04557	0.69279	0.01764	0.02278	0.02278	0.01690	0.02425	0.01396	0.01837	0.01176	0.00661	0.00735	0.00220	0.00882	0.00661	0.00367	0.01176
33	0.01166	0.00833	0.01162	0.01333	0.01491	0.00829	0.01144	0.01486	0.01679	0.02188	0.03947	0.15061	0.04338	0.02079	0.01017	0.00338	0.00658	0.57892	0.00684	0.00675
34	0.02626	0.02576	0.02323	0.02300	0.14388	0.28237	0.01576	0.30943	0.02640	0.03186	0.01472	0.01624	0.01131	0.00802	0.00713	0.00210	0.01027	0.00595	0.00538	0.01094
35	0.01865	0.02051	0.02614	0.04525	0.02569	0.16526	0.18397	0.02338	0.07241	0.02102	0.01738	0.02097	0.05176	0.00971	0.01284	0.00255	0.23068	0.00735	0.00413	0.04035
36	0.02097	0.01812	0.02290	0.01697	0.02335	0.04862	0.12072	0.25546	0.02308	0.03203	0.01510	0.01695	0.01156	0.00696	0.00680	0.00178	0.00800	0.00597	0.00536	0.33928
37	0.11157	0.02346	0.01927	0.01597	0.02102	0.24418	0.01262	0.25334	0.07430	0.03175	0.01524	0.01616	0.01166	0.00791	0.00662	0.00201	0.00907	0.00559	0.00554	0.11273

[dist]
# distance from previous block
# <min> <max>
1	2

[block]
# block no. 9 follows, 27 sequences, length 10
# corresponding to MSA columns:
# 556-565
name=unknown_J
#
# <colnr> <probs for GDERKNQSTAVLIFYWHMCP>
#	G	D	E	R	K	N	Q	S	T	A	V	L	I	F	Y	W	H	M	C	P
0	0.15019	0.20414	0.02518	0.05748	0.02308	0.31631	0.05488	0.02577	0.01760	0.04626	0.01199	0.01404	0.00976	0.00716	0.00607	0.00198	0.01026	0.00492	0.00396	0.00896
1	0.15949	0.23650	0.09975	0.11298	0.02518	0.16777	0.01503	0.06506	0.01722	0.02323	0.01178	0.01414	0.00950	0.00711	0.00594	0.00203	0.00932	0.00486	0.00386	0.00925
2	0.05934	0.01596	0.05979	0.34884	0.05918	0.01676	0.09390	0.01988	0.01476	0.02135	0.01282	0.01803	0.01012	0.00768	0.00936	0.00236	0.10365	0.00633	0.00358	0.11630
3	0.01517	0.01470	0.02337	0.15984	0.02755	0.01722	0.11857	0.01841	0.01361	0.01966	0.01327	0.02024	0.01182	0.05519	0.06493	0.00352	0.27661	0.00694	0.00362	0.11576
4	0.05405	0.01431	0.01625	0.01340	0.01721	0.01536	0.01050	0.30213	0.02276	0.09164	0.01988	0.02654	0.01692	0.16562	0.14669	0.00504	0.00983	0.00763	0.00610	0.03814
5	0.01550	0.01508	0.02666	0.47455	0.21006	0.01704	0.09399	0.02046	0.01566	0.02083	0.01359	0.01946	0.01052	0.00709	0.00756	0.00241	0.00992	0.00685	0.00344	0.00932
6	0.68565	0.01727	0.01231	0.01106	0.01555	0.11268	0.00891	0.02291	0.01380	0.03121	0.01049	0.01224	0.00825	0.00700	0.00489	0.00224	0.00680	0.00413	0.00449	0.00812
7	0.06056	0.01391	0.02323	0.47861	0.04169	0.01616	0.10457	0.05355	0.01563	0.02133	0.01349	0.01954	0.01042	0.00915	0.00959	0.08042	0.00957	0.00673	0.00365	0.00820
8	0.06107	0.01808	0.02489	0.33068	0.26215	0.11302	0.04262	0.02207	0.01637	0.02162	0.01312	0.01800	0.01043	0.00711	0.00719	0.00230	0.00988	0.00628	0.00359	0.00954
9	0.12138	0.01531	0.01921	0.01661	0.01812	0.06216	0.04982	0.01814	0.01255	0.01993	0.01305	0.02057	0.01249	0.08072	0.13165	0.00473	0.36535	0.00678	0.00372	0.00770

[dist]
# distance from previous block
# <min> <max>
5	16

[block]
# block no. 10 follows, 27 sequences, length 16
# corresponding to MSA columns:
# 582-596,599
name=unknown_K
#
# <colnr> <probs for GDERKNQSTAVLIFYWHMCP>
#	G	D	E	R	K	N	Q	S	T	A	V	L	I	F	Y	W	H	M	C	P
0	0.01642	0.25660	0.49588	0.01854	0.02808	0.02100	0.02287	0.02311	0.01549	0.02164	0.01239	0.01451	0.00944	0.00684	0.00634	0.00211	0.01003	0.00502	0.00315	0.01052
1	0.02245	0.01730	0.04818	0.01817	0.04572	0.01634	0.11369	0.23106	0.06052	0.13996	0.02084	0.07858	0.01652	0.00912	0.00750	0.00219	0.00781	0.00802	0.00635	0.12967
2	0.02034	0.01725	0.11284	0.01651	0.02175	0.03663	0.09189	0.02441	0.01813	0.21969	0.12897	0.02844	0.02380	0.01000	0.00950	0.00235	0.08536	0.03593	0.00612	0.09009
3	0.01035	0.00747	0.00978	0.00945	0.01106	0.00690	0.00699	0.01361	0.02028	0.02860	0.61866	0.12902	0.06778	0.01605	0.00883	0.00241	0.00359	0.01426	0.00803	0.00690
4	0.01011	0.00699	0.00864	0.00930	0.00958	0.00694	0.00584	0.01084	0.01220	0.01638	0.02973	0.30734	0.03463	0.40512	0.08798	0.00604	0.00725	0.01445	0.00536	0.00527
