[name]
unknown

[dist]
# distance from previous block
# <min> <max>
16	110

[block]
# block no. 0 follows, 26 sequences, length 77
# corresponding to MSA columns:
# 128-131,140,142-213
name=unknown_A
#
# <colnr> <probs for GDERKNQSTAVLIFYWHMCP>
#	G	D	E	R	K	N	Q	S	T	A	V	L	I	F	Y	W	H	M	C	P
0	0.01755	0.01676	0.02832	0.15704	0.54699	0.01726	0.02206	0.02203	0.01692	0.02367	0.01715	0.02163	0.04407	0.00750	0.00759	0.00231	0.00895	0.00720	0.00385	0.01114
1	0.04855	0.00868	0.01203	0.01183	0.01309	0.01011	0.00900	0.01379	0.01203	0.01800	0.01994	0.03133	0.01934	0.15239	0.54318	0.01063	0.04706	0.00830	0.00414	0.00659
2	0.02414	0.01716	0.06245	0.01541	0.02079	0.01677	0.01300	0.08899	0.37534	0.23692	0.02840	0.02589	0.02006	0.00971	0.00765	0.00247	0.00668	0.00794	0.00793	0.01231
3	0.65689	0.01413	0.01172	0.01023	0.01487	0.01579	0.00831	0.02279	0.01364	0.08535	0.01288	0.01535	0.01012	0.04222	0.00660	0.00254	0.00598	0.00474	0.00506	0.04081
4	0.05490	0.02097	0.07040	0.03047	0.03815	0.01901	0.60072	0.02419	0.01758	0.02475	0.01504	0.01988	0.01127	0.00646	0.00867	0.00254	0.01239	0.00858	0.00385	0.01017
5	0.03014	0.01915	0.02147	0.01646	0.02248	0.02042	0.01360	0.50428	0.03216	0.20929	0.02115	0.02012	0.01437	0.00918	0.00760	0.00229	0.00787	0.00703	0.00804	0.01290
6	0.01085	0.00829	0.01153	0.01053	0.01259	0.00762	0.03846	0.01430	0.02056	0.02868	0.56395	0.09469	0.11731	0.01584	0.00899	0.00245	0.00409	0.01412	0.00795	0.00719
7	0.01485	0.01402	0.02370	0.63582	0.12749	0.01699	0.02133	0.01984	0.01542	0.02002	0.01357	0.02005	0.01034	0.00749	0.00757	0.00250	0.00998	0.00674	0.00342	0.00885
8	0.02957	0.01322	0.01717	0.01326	0.01895	0.01170	0.01085	0.06370	0.04810	0.51332	0.06469	0.02607	0.02076	0.00930	0.00746	0.00220	0.00626	0.00759	0.00857	0.10728
9	0.00942	0.00696	0.00872	0.00983	0.01080	0.00636	0.00673	0.01105	0.01566	0.02061	0.11795	0.50839	0.16832	0.04863	0.01055	0.00307	0.00432	0.01928	0.00709	0.00626
10	0.01573	0.01348	0.01573	0.01123	0.01798	0.01011	0.00899	0.01910	0.01573	0.02472	0.01348	0.01573	0.01123	0.00562	0.00562	0.00112	0.00562	0.00449	0.00449	0.77980
11	0.00954	0.00805	0.00831	0.00818	0.01074	0.00699	0.00615	0.01242	0.04466	0.02189	0.13208	0.06961	0.59815	0.01849	0.00891	0.00255	0.00391	0.01549	0.00719	0.00671
12	0.01451	0.01374	0.02279	0.65850	0.04961	0.01737	0.02070	0.01929	0.01488	0.01929	0.01319	0.01993	0.01010	0.00805	0.00899	0.00259	0.06797	0.00673	0.00337	0.00842
13	0.01013	0.00811	0.00910	0.00878	0.01112	0.00728	0.00661	0.01362	0.04947	0.02496	0.31501	0.06443	0.40952	0.01732	0.00890	0.00249	0.00384	0.01475	0.00759	0.00696
14	0.00914	0.00702	0.00837	0.00946	0.01071	0.00625	0.00655	0.01069	0.01558	0.01979	0.05520	0.47779	0.29221	0.02202	0.00941	0.00288	0.00419	0.01944	0.00704	0.00625
15	0.02111	0.01741	0.01841	0.01589	0.02058	0.01991	0.01255	0.17989	0.52917	0.03535	0.02802	0.02603	0.02085	0.01002	0.00769	0.00251	0.00653	0.00818	0.00769	0.01221
16	0.01074	0.00775	0.01014	0.00954	0.01133	0.00716	0.00716	0.01431	0.02147	0.03042	0.68211	0.05666	0.07157	0.01551	0.00895	0.00239	0.00358	0.01372	0.00835	0.00716
17	0.78701	0.01467	0.01115	0.00997	0.01467	0.01702	0.00821	0.02230	0.01291	0.03403	0.01056	0.01232	0.00821	0.00704	0.00469	0.00235	0.00587	0.00411	0.00469	0.00821
18	0.01877	0.01802	0.03079	0.04656	0.68612	0.01802	0.02328	0.02328	0.01727	0.02478	0.01427	0.01877	0.01201	0.00676	0.00751	0.00225	0.00901	0.00676	0.00375	0.01201
19	0.01997	0.02013	0.02852	0.04067	0.54962	0.10301	0.02129	0.02554	0.07122	0.02458	0.01531	0.01892	0.01264	0.00718	0.00744	0.00224	0.00934	0.00667	0.00410	0.01161
20	0.01438	0.01348	0.02246	0.68657	0.05085	0.01658	0.02057	0.01937	0.01519	0.01960	0.01348	0.02004	0.01016	0.00750	0.00750	0.00247	0.00993	0.00665	0.00342	0.03980
21	0.02811	0.02027	0.02193	0.01699	0.02279	0.02227	0.01396	0.60822	0.03418	0.06949	0.01973	0.05157	0.01485	0.00980	0.00769	0.00232	0.00810	0.00754	0.00763	0.01259
22	0.01690	0.01940	0.14135	0.12041	0.05560	0.01521	0.14024	0.02259	0.04097	0.06167	0.01654	0.04854	0.01334	0.00784	0.00805	0.00217	0.03817	0.00710	0.00441	0.21951
23	0.78701	0.01467	0.01115	0.00997	0.01467	0.01702	0.00821	0.02230	0.01291	0.03403	0.01056	0.01232	0.00821	0.00704	0.00469	0.00235	0.00587	0.00411	0.00469	0.00821
24	0.01133	0.00784	0.01020	0.00966	0.01153	0.00719	0.00722	0.01467	0.02085	0.05108	0.59340	0.10067	0.09360	0.01600	0.00895	0.00244	0.00374	0.01413	0.00824	0.00725
25	0.01728	0.01924	0.04092	0.15106	0.04184	0.01878	0.54744	0.02344	0.01743	0.02344	0.01502	0.02042	0.01127	0.00660	0.00871	0.00255	0.01232	0.00857	0.00376	0.00992
26	0.00931	0.00663	0.00878	0.01047	0.01090	0.00621	0.00695	0.01058	0.01439	0.01918	0.04111	0.70207	0.04929	0.05137	0.01081	0.00325	0.00452	0.02115	0.00695	0.00610
27	0.00956	0.00736	0.00879	0.00947	0.01106	0.00659	0.00689	0.01163	0.01694	0.02180	0.15778	0.31512	0.30796	0.02043	0.00933	0.00279	0.00422	0.05858	0.00725	0.00647
28	0.01074	0.00775	0.01014	0.00954	0.01133	0.00716	0.00716	0.01431	0.02147	0.03042	0.68211	0.05666	0.07157	0.01551	0.00895	0.00239	0.00358	0.01372	0.00835	0.00716
29	0.02016	0.67928	0.03902	0.01572	0.07383	0.02904	0.01382	0.02276	0.01556	0.01841	0.01085	0.01271	0.00992	0.00651	0.00508	0.00167	0.00818	0.00428	0.00329	0.00992
30	0.01586	0.12885	0.61021	0.02051	0.03112	0.01921	0.02610	0.02385	0.01594	0.02323	0.01322	0.01552	0.00962	0.00711	0.00691	0.00230	0.01081	0.00541	0.00321	0.01102
31	0.01084	0.00813	0.01219	0.01219	0.01354	0.00948	0.00948	0.01354	0.01219	0.01761	0.02032	0.02980	0.01896	0.05689	0.70337	0.01219	0.02032	0.00813	0.00406	0.00677
32	0.01186	0.00997	0.01365	0.03870	0.13434	0.00945	0.01104	0.01491	0.01777	0.02295	0.12980	0.06245	0.31950	0.01655	0.00900	0.00270	0.00566	0.15551	0.00648	0.00770
33	0.11498	0.21579	0.10445	0.01934	0.11895	0.01956	0.04494	0.02542	0.07990	0.10208	0.02106	0.02188	0.06464	0.00837	0.00662	0.00219	0.00782	0.00665	0.00497	0.01041
34	0.01857	0.01781	0.03041	0.07778	0.65652	0.01797	0.02318	0.02310	0.01717	0.02453	0.01423	0.01884	0.01193	0.00680	0.00751	0.00227	0.00906	0.00676	0.00374	0.01185
35	0.00920	0.00675	0.00865	0.01016	0.01090	0.00619	0.00686	0.01061	0.01491	0.01952	0.04667	0.63752	0.13799	0.02313	0.00958	0.00301	0.00432	0.02079	0.00704	0.00619
36	0.01843	0.01739	0.02923	0.17825	0.49741	0.01815	0.04577	0.05902	0.01793	0.02500	0.01438	0.01909	0.01167	0.00704	0.00758	0.00232	0.00933	0.00684	0.00390	0.01128
37	0.01709	0.01629	0.01801	0.01663	0.05607	0.10780	0.01237	0.04895	0.01594	0.02207	0.01652	0.07852	0.01560	0.01727	0.11554	0.00372	0.17546	0.00736	0.03305	0.20573
38	0.01084	0.00813	0.01219	0.01219	0.01354	0.00948	0.00948	0.01354	0.01219	0.01761	0.02032	0.02980	0.01896	0.05689	0.70337	0.01219	0.02032	0.00813	0.00406	0.00677
39	0.01414	0.00707	0.00707	0.00707	0.00884	0.00707	0.00530	0.01767	0.01591	0.02828	0.02474	0.02828	0.01944	0.00884	0.00530	0.00177	0.00353	0.00707	0.77554	0.00707
40	0.02460	0.01920	0.02232	0.05815	0.05198	0.02128	0.01478	0.44636	0.02855	0.03903	0.01625	0.01787	0.01216	0.00899	0.00936	0.00227	0.09059	0.00652	0.00632	0.10343
41	0.01075	0.00791	0.00971	0.00913	0.01093	0.00721	0.00659	0.01347	0.01883	0.02606	0.45532	0.05598	0.14622	0.14075	0.01398	0.00322	0.00436	0.01318	0.00735	0.03904
42	0.01745	0.33049	0.36493	0.01786	0.02617	0.02327	0.02078	0.02300	0.01540	0.02096	0.01203	0.01445	0.00969	0.00740	0.00767	0.00215	0.06767	0.00504	0.00323	0.01035
43	0.02028	0.73799	0.03975	0.01298	0.01947	0.03001	0.01298	0.02271	0.01541	0.01785	0.01055	0.01217	0.00973	0.00649	0.00487	0.00162	0.00811	0.00406	0.00324	0.00973
44	0.01436	0.01015	0.01215	0.01097	0.01358	0.00994	0.00839	0.12697	0.02258	0.05563	0.38781	0.13389	0.13244	0.01564	0.00875	0.00247	0.00465	0.01354	0.00793	0.00816
45	0.01501	0.01535	0.02949	0.20854	0.03529	0.01615	0.29700	0.01958	0.01593	0.02144	0.01998	0.16961	0.01917	0.01096	0.01008	0.00272	0.06980	0.01083	0.00435	0.00873
46	0.00938	0.00753	0.00837	0.00852	0.01059	0.00653	0.00625	0.01156	0.01775	0.02241	0.19933	0.16951	0.45738	0.01912	0.00907	0.00260	0.00387	0.01637	0.00732	0.00653
47	0.01535	0.01453	0.02461	0.56029	0.19910	0.01712	0.02158	0.02028	0.01565	0.02063	0.01366	0.01989	0.01055	0.00739	0.00757	0.00246	0.00986	0.00674	0.00346	0.00926
48	0.02844	0.02233	0.02246	0.01756	0.02338	0.08056	0.01435	0.58597	0.05681	0.04478	0.01811	0.01818	0.01300	0.00904	0.00753	0.00226	0.00871	0.00673	0.00728	0.01252
49	0.02833	0.03615	0.02149	0.01954	0.02345	0.70298	0.01466	0.03029	0.02149	0.01856	0.01172	0.01368	0.00977	0.00782	0.00684	0.00195	0.01368	0.00489	0.00391	0.00879
50	0.01573	0.01348	0.01573	0.01123	0.01798	0.01011	0.00899	0.01910	0.01573	0.02472	0.01348	0.01573	0.01123	0.00562	0.00562	0.00112	0.00562	0.00449	0.00449	0.77980
51	0.01699	0.01620	0.02757	0.31436	0.43224	0.01755	0.02239	0.02172	0.01643	0.02262	0.01395	0.01935	0.01125	0.00709	0.00754	0.00236	0.00945	0.00675	0.00360	0.01058
52	0.02833	0.03615	0.02149	0.01954	0.02345	0.70298	0.01466	0.03029	0.02149	0.01856	0.01172	0.01368	0.00977	0.00782	0.00684	0.00195	0.01368	0.00489	0.00391	0.00879
53	0.06075	0.01380	0.01777	0.01377	0.01954	0.01270	0.01134	0.08744	0.04991	0.58687	0.02829	0.02480	0.01809	0.00932	0.00752	0.00235	0.00657	0.00747	0.00900	0.01270
54	0.04829	0.01495	0.02437	0.45308	0.04238	0.01749	0.10716	0.05149	0.06987	0.02297	0.01615	0.04569	0.01285	0.00845	0.00831	0.00256	0.03308	0.00762	0.00417	0.00908
55	0.02095	0.67921	0.03822	0.01353	0.01980	0.08638	0.01312	0.02335	0.01592	0.01791	0.01064	0.01229	0.00974	0.00660	0.00503	0.00165	0.00858	0.00413	0.00330	0.00966
56	0.01354	0.00985	0.01379	0.01175	0.01462	0.00903	0.05077	0.04249	0.01997	0.05283	0.43305	0.06622	0.05074	0.01447	0.01023	0.06768	0.00500	0.01150	0.00715	0.09531
57	0.01457	0.01309	0.02107	0.38857	0.15829	0.01487	0.01817	0.01976	0.04142	0.02281	0.11562	0.03241	0.02349	0.01009	0.00808	0.00256	0.00847	0.07307	0.00471	0.00889
58	0.03117	0.01228	0.01669	0.01301	0.01838	0.01066	0.01066	0.03419	0.02168	0.61025	0.10997	0.02960	0.02526	0.01014	0.00779	0.00235	0.00610	0.00838	0.00926	0.01220
59	0.01790	0.02046	0.04476	0.03197	0.03964	0.01918	0.65857	0.02430	0.01790	0.02430	0.01535	0.02046	0.01151	0.00639	0.00895	0.00256	0.01279	0.00895	0.00384	0.01023
60	0.00997	0.00772	0.00907	0.00873	0.01086	0.00683	0.00655	0.01282	0.01965	0.02610	0.41888	0.06376	0.33750	0.01712	0.00895	0.00246	0.00369	0.01471	0.00778	0.00683
61	0.01737	0.30465	0.38457	0.01928	0.05461	0.02264	0.02154	0.02322	0.01563	0.02142	0.01230	0.01469	0.00977	0.00720	0.00715	0.00214	0.04293	0.00511	0.00325	0.01054
62	0.02087	0.34240	0.05601	0.01710	0.02172	0.10900	0.05154	0.02353	0.01572	0.06311	0.01220	0.01506	0.01049	0.00869	0.01100	0.00225	0.20057	0.00543	0.00378	0.00952
63	0.01521	0.03923	0.69413	0.02162	0.03283	0.01762	0.02802	0.02402	0.01601	0.02402	0.01361	0.01601	0.00961	0.00721	0.00721	0.00240	0.01121	0.00560	0.00320	0.01121
64	0.01898	0.55921	0.20718	0.01519	0.02289	0.02684	0.01683	0.02305	0.01557	0.01943	0.01133	0.01315	0.00970	0.00667	0.00547	0.00182	0.00890	0.00445	0.00323	0.01011
65	0.01370	0.01229	0.05712	0.01225	0.01548	0.01087	0.01051	0.09209	0.07188	0.02717	0.17653	0.05800	0.20680	0.04252	0.01003	0.00288	0.00584	0.15881	0.00707	0.00815
66	0.09415	0.01312	0.01692	0.01317	0.01876	0.01191	0.01085	0.05815	0.02151	0.58272	0.05836	0.02587	0.02016	0.00947	0.00745	0.00235	0.00634	0.00760	0.00889	0.01226
67	0.01287	0.00831	0.01088	0.01047	0.01247	0.00775	0.00811	0.01603	0.01980	0.08157	0.44319	0.05914	0.07896	0.07462	0.01152	0.00299	0.00472	0.12138	0.00785	0.00736
68	0.01191	0.00858	0.01179	0.01321	0.01499	0.00845	0.01138	0.01534	0.01788	0.02342	0.11006	0.08190	0.07641	0.02029	0.01024	0.00333	0.00648	0.54022	0.00713	0.00698
69	0.16814	0.08642	0.02329	0.02336	0.17489	0.33230	0.01529	0.05105	0.01894	0.02399	0.01225	0.01465	0.01012	0.00736	0.00645	0.00208	0.01045	0.00518	0.00411	0.00967
70	0.01038	0.00785	0.01002	0.01100	0.01174	0.00796	0.00760	0.01287	0.05210	0.02009	0.06352	0.54152	0.07204	0.07979	0.01270	0.00336	0.04356	0.01862	0.00673	0.00653
71	0.00911	0.00769	0.00790	0.00803	0.01049	0.00649	0.00607	0.01107	0.01721	0.02054	0.07422	0.09459	0.63668	0.01943	0.00905	0.00262	0.00399	0.04137	0.00704	0.00642
72	0.15140	0.01568	0.02278	0.29416	0.24073	0.01770	0.01848	0.04987	0.07156	0.02586	0.01488	0.01898	0.01159	0.00752	0.00707	0.00240	0.00861	0.00645	0.00426	0.01001
73	0.02386	0.01891	0.02277	0.01717	0.02320	0.01969	0.06567	0.40650	0.02769	0.03824	0.01628	0.01766	0.01219	0.00822	0.00818	0.00206	0.04870	0.00639	0.00624	0.21038
74	0.06513	0.61164	0.03590	0.01360	0.01968	0.11074	0.01291	0.02361	0.01601	0.01886	0.01069	0.01236	0.00965	0.00668	0.00510	0.00170	0.00866	0.00416	0.00341	0.00953
75	0.01934	0.60873	0.16080	0.01458	0.02194	0.02772	0.01576	0.02295	0.01552	0.01899	0.01111	0.01288	0.00971	0.00662	0.00530	0.00177	0.00868	0.00434	0.00324	0.01001
76	0.01318	0.00659	0.00988	0.00988	0.00988	0.00659	0.00659	0.00988	0.00988	0.01318	0.01318	0.02306	0.01318	0.02635	0.02964	0.77931	0.00659	0.00659	0.00329	0.00329

[dist]
# distance from previous block
# <min> <max>
0	2

[block]
# block no. 1 follows, 26 sequences, length 26
# corresponding to MSA columns:
# 216-241
name=unknown_B
#
# <colnr> <probs for GDERKNQSTAVLIFYWHMCP>
#	G	D	E	R	K	N	Q	S	T	A	V	L	I	F	Y	W	H	M	C	P
0	0.01074	0.00775	0.01014	0.00954	0.01133	0.00716	0.00716	0.01431	0.02147	0.03042	0.68211	0.05666	0.07157	0.01551	0.00895	0.00239	0.00358	0.01372	0.00835	0.00716
1	0.01074	0.00775	0.01014	0.00954	0.01133	0.00716	0.00716	0.01431	0.02147	0.03042	0.68211	0.05666	0.07157	0.01551	0.00895	0.00239	0.00358	0.01372	0.00835	0.00716
2	0.01145	0.00827	0.01123	0.01249	0.01414	0.00804	0.01042	0.01462	0.01778	0.02347	0.14874	0.15332	0.08586	0.02027	0.01005	0.00321	0.00595	0.42660	0.00722	0.00689
3	0.00924	0.00660	0.00880	0.01056	0.01100	0.00616	0.00704	0.01056	0.01452	0.01936	0.04181	0.72848	0.05017	0.02376	0.00968	0.00308	0.00440	0.02156	0.00704	0.00616
4	0.02028	0.73799	0.03975	0.01298	0.01947	0.03001	0.01298	0.02271	0.01541	0.01785	0.01055	0.01217	0.00973	0.00649	0.00487	0.00162	0.00811	0.00406	0.00324	0.00973
5	0.01521	0.03923	0.69413	0.02162	0.03283	0.01762	0.02802	0.02402	0.01601	0.02402	0.01361	0.01601	0.00961	0.00721	0.00721	0.00240	0.01121	0.00560	0.00320	0.01121
6	0.01757	0.01857	0.02225	0.34754	0.03560	0.15062	0.01806	0.02093	0.01522	0.01882	0.01235	0.01824	0.01033	0.01118	0.03883	0.00302	0.22257	0.00641	0.00348	0.00840
7	0.78701	0.01467	0.01115	0.00997	0.01467	0.01702	0.00821	0.02230	0.01291	0.03403	0.01056	0.01232	0.00821	0.00704	0.00469	0.00235	0.00587	0.00411	0.00469	0.00821
8	0.01257	0.01111	0.01695	0.13335	0.09931	0.01232	0.03387	0.01514	0.01482	0.02007	0.03065	0.35317	0.07516	0.01664	0.01129	0.00287	0.11329	0.01434	0.00539	0.00769
9	0.02041	0.67371	0.06986	0.01358	0.02028	0.02914	0.01375	0.05067	0.01633	0.01945	0.01102	0.01261	0.00987	0.00664	0.00510	0.00169	0.00827	0.00425	0.00343	0.00994
10	0.00953	0.00747	0.00863	0.00885	0.01072	0.00657	0.00644	0.01179	0.01787	0.02307	0.24179	0.21226	0.36967	0.01915	0.00912	0.00263	0.00389	0.01657	0.00742	0.00657
11	0.51023	0.10917	0.01804	0.04525	0.06406	0.04468	0.01119	0.07569	0.01584	0.03124	0.01162	0.01364	0.00920	0.00718	0.00536	0.00224	0.00706	0.00465	0.00460	0.00909
12	0.02883	0.02125	0.02276	0.01745	0.02352	0.02352	0.01442	0.66082	0.03566	0.04780	0.01821	0.01821	0.01290	0.00911	0.00759	0.00228	0.00835	0.00683	0.00759	0.01290
13	0.01465	0.03573	0.61723	0.02031	0.03052	0.01645	0.02579	0.02274	0.01616	0.02372	0.01921	0.02293	0.05900	0.00863	0.00747	0.00246	0.01051	0.03217	0.00363	0.01069
14	0.01806	0.02094	0.08631	0.06956	0.03850	0.01878	0.53359	0.02425	0.01754	0.04810	0.01547	0.02021	0.01151	0.00686	0.00924	0.00256	0.03586	0.00847	0.00395	0.01023
15	0.01187	0.00848	0.01180	0.01344	0.01507	0.00842	0.01150	0.01517	0.01738	0.02275	0.07078	0.14439	0.04559	0.02096	0.01033	0.00340	0.00658	0.54812	0.00705	0.00692
16	0.03403	0.01291	0.01760	0.01350	0.01936	0.01115	0.01115	0.03697	0.02171	0.69137	0.02992	0.02582	0.01878	0.00939	0.00763	0.00235	0.00645	0.00763	0.00939	0.01291
17	0.01917	0.13189	0.44208	0.01952	0.02874	0.05300	0.02268	0.14740	0.01999	0.02751	0.01399	0.01580	0.01027	0.00750	0.00694	0.00225	0.01035	0.00559	0.00409	0.01122
18	0.00924	0.00660	0.00880	0.01056	0.01100	0.00616	0.00704	0.01056	0.01452	0.01936	0.04181	0.72848	0.05017	0.02376	0.00968	0.00308	0.00440	0.02156	0.00704	0.00616
19	0.00961	0.00745	0.00878	0.00919	0.01095	0.00662	0.00673	0.01184	0.01756	0.02268	0.21184	0.24642	0.33648	0.01962	0.00922	0.00270	0.00407	0.04434	0.00736	0.00655
20	0.63450	0.01436	0.01281	0.06069	0.01795	0.01624	0.00951	0.02399	0.01421	0.11805	0.01328	0.01463	0.00972	0.00738	0.00528	0.00236	0.00625	0.00475	0.00521	0.00884
21	0.01987	0.68100	0.09312	0.01368	0.02056	0.02900	0.01421	0.02282	0.01546	0.01835	0.01080	0.01248	0.00972	0.00655	0.00506	0.00169	0.00836	0.00418	0.00324	0.00985
22	0.03237	0.01254	0.01707	0.01321	0.01879	0.01086	0.01086	0.03535	0.02169	0.64426	0.07641	0.02802	0.02254	0.00982	0.00772	0.00235	0.00625	0.00806	0.00931	0.01250
23	0.78701	0.01467	0.01115	0.00997	0.01467	0.01702	0.00821	0.02230	0.01291	0.03403	0.01056	0.01232	0.00821	0.00704	0.00469	0.00235	0.00587	0.00411	0.00469	0.00821
24	0.02661	0.03243	0.02052	0.01865	0.02248	0.58585	0.01402	0.05773	0.06635	0.02081	0.01506	0.05607	0.01315	0.00896	0.00710	0.00208	0.01238	0.00619	0.00451	0.00904
25	0.07317	0.01726	0.01971	0.02006	0.11987	0.01938	0.01383	0.13925	0.42360	0.03351	0.02490	0.02411	0.01876	0.00934	0.00746	0.00246	0.00683	0.00771	0.00690	0.01190

[dist]
# distance from previous block
# <min> <max>
0	3

[block]
# block no. 2 follows, 26 sequences, length 61
# corresponding to MSA columns:
# 248-308
name=unknown_C
#
# <colnr> <probs for GDERKNQSTAVLIFYWHMCP>
#	G	D	E	R	K	N	Q	S	T	A	V	L	I	F	Y	W	H	M	C	P
0	0.71594	0.01495	0.01203	0.01052	0.01533	0.01713	0.00867	0.05710	0.01448	0.06135	0.01175	0.01318	0.00889	0.00725	0.00497	0.00234	0.00602	0.00440	0.00504	0.00866
1	0.07438	0.01300	0.01726	0.01331	0.01911	0.01146	0.01099	0.03618	0.02124	0.65615	0.02889	0.02509	0.01821	0.00926	0.00747	0.00235	0.00642	0.00744	0.00914	0.01266
2	0.02730	0.01977	0.02146	0.01667	0.02239	0.02154	0.01365	0.57646	0.03316	0.06647	0.01994	0.06381	0.01542	0.00993	0.00766	0.00229	0.00794	0.00772	0.00751	0.03892
3	0.01830	0.01621	0.02250	0.50558	0.04347	0.04489	0.01899	0.16488	0.04428	0.02620	0.01512	0.01982	0.01121	0.00803	0.00756	0.00245	0.00970	0.00676	0.00450	0.00958
4	0.00958	0.00715	0.00899	0.01032	0.01146	0.00657	0.00743	0.01134	0.01560	0.02009	0.05013	0.48126	0.20366	0.02227	0.00961	0.00301	0.00462	0.10354	0.00703	0.00633
5	0.02088	0.01540	0.01718	0.01456	0.01847	0.01660	0.01143	0.38141	0.05199	0.03707	0.09084	0.23272	0.03008	0.01412	0.00835	0.00254	0.00662	0.01193	0.00751	0.01031
6	0.01103	0.00735	0.00827	0.00827	0.00827	0.00735	0.00460	0.01103	0.01103	0.01471	0.02390	0.04964	0.02758	0.73343	0.03861	0.00735	0.00735	0.01103	0.00460	0.00460
7	0.01414	0.00707	0.00707	0.00707	0.00884	0.00707	0.00530	0.01767	0.01591	0.02828	0.02474	0.02828	0.01944	0.00884	0.00530	0.00177	0.00353	0.00707	0.77554	0.00707
8	0.00904	0.00769	0.00778	0.00776	0.01029	0.00643	0.00582	0.01102	0.01746	0.02089	0.10123	0.07234	0.65839	0.01906	0.00896	0.00255	0.00383	0.01592	0.00710	0.00643
9	0.78701	0.01467	0.01115	0.00997	0.01467	0.01702	0.00821	0.02230	0.01291	0.03403	0.01056	0.01232	0.00821	0.00704	0.00469	0.00235	0.00587	0.00411	0.00469	0.00821
10	0.78701	0.01467	0.01115	0.00997	0.01467	0.01702	0.00821	0.02230	0.01291	0.03403	0.01056	0.01232	0.00821	0.00704	0.00469	0.00235	0.00587	0.00411	0.00469	0.00821
11	0.01947	0.01336	0.01611	0.01170	0.01826	0.01032	0.00943	0.02275	0.01695	0.16094	0.01684	0.01779	0.01278	0.00639	0.00603	0.00137	0.00579	0.00513	0.00549	0.62309
12	0.01084	0.00813	0.01219	0.01219	0.01354	0.00948	0.00948	0.01354	0.01219	0.01761	0.02032	0.02980	0.01896	0.05689	0.70337	0.01219	0.02032	0.00813	0.00406	0.00677
13	0.78701	0.01467	0.01115	0.00997	0.01467	0.01702	0.00821	0.02230	0.01291	0.03403	0.01056	0.01232	0.00821	0.00704	0.00469	0.00235	0.00587	0.00411	0.00469	0.00821
14	0.01659	0.01659	0.02323	0.01991	0.01991	0.02323	0.01659	0.01825	0.01162	0.01825	0.00996	0.01659	0.00996	0.01328	0.02489	0.00332	0.71955	0.00664	0.00332	0.00830
15	0.78701	0.01467	0.01115	0.00997	0.01467	0.01702	0.00821	0.02230	0.01291	0.03403	0.01056	0.01232	0.00821	0.00704	0.00469	0.00235	0.00587	0.00411	0.00469	0.00821
16	0.01565	0.01625	0.04998	0.33355	0.11494	0.01663	0.18306	0.02136	0.03671	0.02217	0.01841	0.02558	0.03825	0.00835	0.00806	0.00251	0.01004	0.04127	0.00403	0.03319
17	0.01733	0.02005	0.07820	0.13121	0.15292	0.01870	0.39430	0.02318	0.01705	0.02344	0.01459	0.01972	0.01122	0.00693	0.00899	0.00252	0.03773	0.00796	0.00370	0.01027
18	0.00987	0.00719	0.00935	0.01036	0.01146	0.00667	0.00744	0.01200	0.01677	0.02250	0.20174	0.43981	0.11544	0.02104	0.00951	0.00290	0.00439	0.07771	0.00736	0.00651
19	0.01475	0.01392	0.02353	0.65071	0.11338	0.01696	0.02128	0.01976	0.01537	0.01990	0.01356	0.02008	0.01029	0.00750	0.00758	0.00250	0.01001	0.00674	0.00341	0.00877
20	0.01636	0.03228	0.47554	0.02822	0.20101	0.01782	0.05000	0.02440	0.03887	0.02449	0.01444	0.01731	0.01076	0.00717	0.00737	0.00238	0.01052	0.00613	0.00352	0.01141
21	0.01432	0.01348	0.02275	0.71520	0.05224	0.01685	0.02107	0.01938	0.01517	0.01938	0.01348	0.02022	0.01011	0.00758	0.00758	0.00253	0.01011	0.00674	0.00337	0.00843
22	0.03403	0.01291	0.01760	0.01350	0.01936	0.01115	0.01115	0.03697	0.02171	0.69137	0.02992	0.02582	0.01878	0.00939	0.00763	0.00235	0.00645	0.00763	0.00939	0.01291
23	0.02738	0.11906	0.02365	0.01877	0.02298	0.62348	0.01446	0.02939	0.02078	0.01848	0.01159	0.01350	0.00977	0.00766	0.00661	0.00191	0.01302	0.00479	0.00383	0.00890
24	0.01043	0.00812	0.01056	0.01186	0.05664	0.00743	0.00787	0.01305	0.01826	0.02456	0.31202	0.24019	0.21472	0.01808	0.00905	0.00261	0.00423	0.01594	0.00736	0.00703
25	0.02655	0.02008	0.02192	0.05453	0.02449	0.02246	0.01441	0.53291	0.13056	0.04386	0.01987	0.01984	0.01430	0.00920	0.00761	0.00233	0.00809	0.00709	0.00738	0.01252
26	0.00951	0.00771	0.00843	0.00825	0.01058	0.00663	0.00619	0.01193	0.01857	0.02353	0.26197	0.06800	0.49601	0.01808	0.00896	0.00251	0.00376	0.01531	0.00744	0.00663
27	0.01720	0.01642	0.02795	0.28257	0.46238	0.01761	0.02250	0.02190	0.01653	0.02287	0.01399	0.01928	0.01134	0.00705	0.00754	0.00235	0.00940	0.00675	0.00362	0.01075
28	0.00924	0.00660	0.00880	0.01056	0.01100	0.00616	0.00704	0.01056	0.01452	0.01936	0.04181	0.72848	0.05017	0.02376	0.00968	0.00308	0.00440	0.02156	0.00704	0.00616
29	0.02883	0.02125	0.02276	0.01745	0.02352	0.02352	0.01442	0.66082	0.03566	0.04780	0.01821	0.01821	0.01290	0.00911	0.00759	0.00228	0.00835	0.00683	0.00759	0.01290
30	0.02794	0.02080	0.02226	0.01727	0.02318	0.02310	0.01420	0.60501	0.09294	0.04636	0.01935	0.01912	0.01382	0.00921	0.00760	0.00230	0.00814	0.00699	0.00760	0.01282
31	0.01060	0.00757	0.01036	0.01212	0.01315	0.00733	0.00940	0.01291	0.01586	0.02088	0.04106	0.43524	0.04720	0.02248	0.01004	0.00327	0.00558	0.30138	0.00702	0.00654
32	0.01074	0.00775	0.01014	0.00954	0.01133	0.00716	0.00716	0.01431	0.02147	0.03042	0.68211	0.05666	0.07157	0.01551	0.00895	0.00239	0.00358	0.01372	0.00835	0.00716
33	0.00924	0.00660	0.00880	0.01056	0.01100	0.00616	0.00704	0.01056	0.01452	0.01936	0.04181	0.72848	0.05017	0.02376	0.00968	0.00308	0.00440	0.02156	0.00704	0.00616
34	0.02833	0.03615	0.02149	0.01954	0.02345	0.70298	0.01466	0.03029	0.02149	0.01856	0.01172	0.01368	0.00977	0.00782	0.00684	0.00195	0.01368	0.00489	0.00391	0.00879
35	0.01659	0.01659	0.02323	0.01991	0.01991	0.02323	0.01659	0.01825	0.01162	0.01825	0.00996	0.01659	0.00996	0.01328	0.02489	0.00332	0.71955	0.00664	0.00332	0.00830
36	0.01705	0.02638	0.24961	0.02870	0.03749	0.01869	0.45966	0.02421	0.01731	0.02421	0.01480	0.01906	0.01091	0.00665	0.00840	0.00251	0.01229	0.00790	0.00364	0.01054
37	0.00904	0.00769	0.00779	0.00777	0.01029	0.00644	0.00583	0.01104	0.01748	0.02093	0.10382	0.07227	0.65578	0.01904	0.00896	0.00255	0.00383	0.01591	0.00710	0.00644
38	0.03403	0.01291	0.01760	0.01350	0.01936	0.01115	0.01115	0.03697	0.02171	0.69137	0.02992	0.02582	0.01878	0.00939	0.00763	0.00235	0.00645	0.00763	0.00939	0.01291
39	0.00932	0.00676	0.00881	0.01028	0.01097	0.00624	0.00695	0.01083	0.01519	0.02018	0.08671	0.63478	0.09923	0.02288	0.00958	0.00300	0.00430	0.02063	0.00713	0.00624
40	0.01024	0.00742	0.00966	0.00976	0.01120	0.00685	0.00707	0.01312	0.01934	0.02690	0.47695	0.24805	0.08907	0.01799	0.00916	0.00259	0.00382	0.01603	0.00793	0.00685
41	0.01074	0.00775	0.01014	0.00954	0.01133	0.00716	0.00716	0.01431	0.02147	0.03042	0.68211	0.05666	0.07157	0.01551	0.00895	0.00239	0.00358	0.01372	0.00835	0.00716
42	0.00924	0.00660	0.00880	0.01056	0.01100	0.00616	0.00704	0.01056	0.01452	0.01936	0.04181	0.72848	0.05017	0.02376	0.00968	0.00308	0.00440	0.02156	0.00704	0.00616
43	0.01191	0.00833	0.01072	0.01132	0.01338	0.00779	0.00927	0.01487	0.01820	0.05325	0.17340	0.11532	0.20609	0.01913	0.00963	0.00297	0.00536	0.29461	0.00737	0.00709
44	0.01521	0.03923	0.69413	0.02162	0.03283	0.01762	0.02802	0.02402	0.01601	0.02402	0.01361	0.01601	0.00961	0.00721	0.00721	0.00240	0.01121	0.00560	0.00320	0.01121
45	0.01790	0.02046	0.04476	0.03197	0.03964	0.01918	0.65857	0.02430	0.01790	0.02430	0.01535	0.02046	0.01151	0.00639	0.00895	0.00256	0.01279	0.00895	0.00384	0.01023
46	0.00923	0.00664	0.00876	0.01045	0.01097	0.00617	0.00699	0.01057	0.01463	0.01941	0.04322	0.70198	0.07576	0.02358	0.00965	0.00306	0.00438	0.02134	0.00704	0.00617
47	0.01084	0.00813	0.01219	0.01219	0.01354	0.00948	0.00948	0.01354	0.01219	0.01761	0.02032	0.02980	0.01896	0.05689	0.70337	0.01219	0.02032	0.00813	0.00406	0.00677
48	0.01432	0.01348	0.02275	0.71520	0.05224	0.01685	0.02107	0.01938	0.01517	0.01938	0.01348	0.02022	0.01011	0.00758	0.00758	0.00253	0.01011	0.00674	0.00337	0.00843
49	0.08308	0.01677	0.01907	0.01488	0.02040	0.01744	0.01223	0.34821	0.02809	0.26072	0.08130	0.02380	0.01981	0.00963	0.00752	0.00231	0.00711	0.00752	0.00805	0.01205
50	0.01475	0.01051	0.06570	0.01150	0.01294	0.00899	0.00900	0.06956	0.01269	0.01716	0.01366	0.02206	0.01287	0.02327	0.02587	0.64736	0.00712	0.00653	0.00367	0.00479
51	0.01972	0.01808	0.01754	0.01581	0.02006	0.08040	0.01224	0.03940	0.61386	0.03055	0.02915	0.02698	0.02195	0.01007	0.00764	0.00252	0.00669	0.00824	0.00738	0.01172
52	0.07128	0.00825	0.00818	0.00803	0.01070	0.00732	0.00608	0.01211	0.01732	0.02247	0.12599	0.06668	0.57413	0.01790	0.00862	0.00253	0.00398	0.01485	0.00697	0.00662
53	0.01014	0.00748	0.00959	0.01086	0.01173	0.00727	0.00745	0.01328	0.06770	0.02135	0.09853	0.61212	0.04993	0.02194	0.00946	0.00298	0.00445	0.01982	0.00721	0.00672
54	0.01903	0.01844	0.02816	0.04110	0.57235	0.07171	0.02109	0.02263	0.01694	0.02324	0.01397	0.01875	0.01194	0.00861	0.00945	0.07213	0.00917	0.00659	0.00373	0.01097
55	0.72500	0.01415	0.01123	0.01015	0.01458	0.01641	0.00832	0.02160	0.01285	0.03272	0.01134	0.01372	0.00907	0.01102	0.06051	0.00313	0.00702	0.00443	0.00464	0.00810
56	0.01656	0.01823	0.03892	0.02846	0.03498	0.01724	0.54811	0.02220	0.01714	0.02332	0.01812	0.08489	0.01558	0.01199	0.06449	0.00337	0.01263	0.01002	0.00414	0.00959
57	0.02422	0.02565	0.02579	0.03106	0.31471	0.28654	0.01840	0.13429	0.02204	0.02626	0.01394	0.01669	0.01129	0.00757	0.00726	0.00214	0.01072	0.00604	0.00447	0.01091
58	0.01117	0.00855	0.01283	0.07511	0.01660	0.00997	0.01013	0.01387	0.01237	0.01754	0.01999	0.03052	0.01885	0.10650	0.58768	0.01093	0.01836	0.00823	0.00404	0.00675
59	0.08578	0.01823	0.07574	0.01916	0.02047	0.02222	0.01675	0.01908	0.01208	0.02013	0.01030	0.01616	0.00977	0.01223	0.02166	0.00316	0.59877	0.00633	0.00343	0.00852
60	0.01565	0.01475	0.02095	0.07053	0.02076	0.01997	0.01528	0.01727	0.01251	0.01885	0.06421	0.02065	0.01518	0.01420	0.02274	0.07299	0.54481	0.00721	0.00372	0.00777

[dist]
# distance from previous block
# <min> <max>
0	13

# created by:
# /st0/software/busco_prod/Augustus/scripts/msa2prfl.pl ./align_prep/143478.fa
