[name]
unknown

[dist]
# distance from previous block
# <min> <max>
0	31

[block]
# block no. 0 follows, 28 sequences, length 9
# corresponding to MSA columns:
# 31-39
name=unknown_A
#
# <colnr> <probs for GDERKNQSTAVLIFYWHMCP>
#	G	D	E	R	K	N	Q	S	T	A	V	L	I	F	Y	W	H	M	C	P
0	0.01406	0.00878	0.01220	0.01309	0.01522	0.00855	0.01131	0.01735	0.01743	0.10165	0.07552	0.07372	0.04061	0.01849	0.00964	0.00316	0.00644	0.53837	0.00704	0.00736
1	0.34910	0.05382	0.01696	0.01291	0.01794	0.04627	0.01068	0.25006	0.02160	0.10700	0.03961	0.01673	0.01285	0.00797	0.00600	0.00218	0.00684	0.00556	0.00597	0.00997
2	0.01635	0.01079	0.01158	0.01040	0.01311	0.01171	0.00804	0.13459	0.13507	0.02932	0.02323	0.02667	0.01854	0.05286	0.07047	0.00309	0.00623	0.00728	0.40224	0.00842
3	0.01700	0.01699	0.03034	0.13166	0.39611	0.01793	0.15391	0.02143	0.01576	0.02221	0.01330	0.01826	0.01094	0.00725	0.00944	0.00237	0.09441	0.00689	0.00351	0.01028
4	0.00901	0.00730	0.00788	0.00805	0.01007	0.00633	0.00593	0.01089	0.01632	0.02012	0.12104	0.12833	0.51424	0.06368	0.01047	0.00281	0.00404	0.04070	0.00671	0.00609
5	0.02108	0.02498	0.01845	0.01684	0.01937	0.42659	0.01292	0.02295	0.01724	0.01779	0.01723	0.05653	0.05508	0.01525	0.09027	0.00332	0.14545	0.00683	0.00400	0.00785
6	0.02260	0.01795	0.01794	0.01444	0.01900	0.08501	0.01133	0.34807	0.07907	0.05645	0.01860	0.02288	0.01525	0.13281	0.01202	0.00287	0.00778	0.00694	0.00616	0.10283
7	0.01658	0.01241	0.01420	0.01251	0.01582	0.01254	0.00954	0.25541	0.02163	0.02930	0.02958	0.34738	0.05845	0.01508	0.00799	0.00239	0.00574	0.01304	0.00661	0.11380
8	0.02032	0.02231	0.07985	0.01782	0.04826	0.19483	0.01430	0.11593	0.21170	0.02597	0.01999	0.08271	0.01698	0.01015	0.00901	0.00237	0.08449	0.00768	0.00542	0.00991

[dist]
# distance from previous block
# <min> <max>
3	6

[block]
# block no. 1 follows, 28 sequences, length 6
# corresponding to MSA columns:
# 46-51
name=unknown_B
#
# <colnr> <probs for GDERKNQSTAVLIFYWHMCP>
#	G	D	E	R	K	N	Q	S	T	A	V	L	I	F	Y	W	H	M	C	P
0	0.01857	0.01740	0.02815	0.11088	0.25941	0.01870	0.14905	0.11970	0.08617	0.02640	0.01557	0.01912	0.01222	0.00776	0.00909	0.00238	0.07734	0.00707	0.00446	0.01056
1	0.01306	0.01026	0.01282	0.01329	0.07732	0.00985	0.00871	0.07936	0.01610	0.02195	0.05657	0.12529	0.13912	0.18043	0.08571	0.00421	0.00723	0.01075	0.00538	0.12259
2	0.01688	0.01523	0.07436	0.12622	0.02336	0.01359	0.01291	0.12352	0.01814	0.06382	0.02125	0.02350	0.08102	0.01130	0.05025	0.00254	0.04544	0.00678	0.03032	0.23959
3	0.01887	0.01585	0.01867	0.13894	0.08589	0.05789	0.01361	0.11020	0.21901	0.06709	0.05710	0.02461	0.04448	0.00891	0.00719	0.00220	0.00721	0.00742	0.00589	0.08899
4	0.01724	0.07534	0.01978	0.19167	0.09215	0.06430	0.03295	0.02180	0.06208	0.08991	0.02139	0.02490	0.06044	0.03904	0.05335	0.00292	0.00849	0.00719	0.07837	0.03668
5	0.01658	0.01481	0.02351	0.10910	0.29470	0.01546	0.07466	0.08677	0.05231	0.02480	0.07320	0.02522	0.01851	0.08042	0.05561	0.00332	0.00897	0.00779	0.00460	0.00967

[dist]
# distance from previous block
# <min> <max>
18	44

[block]
# block no. 2 follows, 28 sequences, length 45
# corresponding to MSA columns:
# 102-146
name=unknown_C
#
# <colnr> <probs for GDERKNQSTAVLIFYWHMCP>
#	G	D	E	R	K	N	Q	S	T	A	V	L	I	F	Y	W	H	M	C	P
0	0.01696	0.01545	0.03955	0.01481	0.01906	0.01639	0.03897	0.05210	0.50899	0.02905	0.05750	0.06073	0.05393	0.01061	0.00755	0.00242	0.00599	0.00905	0.00697	0.03390
1	0.01796	0.01920	0.08689	0.04449	0.07186	0.05128	0.20107	0.05457	0.19012	0.04334	0.01912	0.04166	0.01496	0.00788	0.00743	0.00222	0.00875	0.00752	0.00503	0.10465
2	0.01375	0.04314	0.01796	0.01459	0.01764	0.04358	0.12041	0.05397	0.07226	0.02228	0.06884	0.21407	0.15528	0.03781	0.04010	0.00305	0.03512	0.01258	0.00576	0.00780
3	0.01453	0.01296	0.01907	0.04606	0.07101	0.01140	0.10608	0.04447	0.01610	0.02313	0.02172	0.15967	0.05225	0.00981	0.00705	0.00189	0.00660	0.00900	0.00484	0.36234
4	0.01707	0.05373	0.06457	0.14950	0.25738	0.04612	0.01722	0.05122	0.06657	0.02347	0.01555	0.04789	0.01309	0.00752	0.00684	0.00205	0.00812	0.00656	0.00418	0.14134
5	0.02236	0.05589	0.01982	0.01520	0.02042	0.10959	0.01223	0.27046	0.20400	0.03266	0.01875	0.01879	0.01419	0.00816	0.00675	0.00199	0.00758	0.00623	0.00611	0.14881
6	0.04526	0.17910	0.02572	0.01997	0.11027	0.23253	0.04358	0.13091	0.04430	0.06098	0.01436	0.01589	0.01132	0.00739	0.00641	0.00197	0.00941	0.00552	0.02512	0.00998
7	0.01802	0.01139	0.01258	0.01150	0.01449	0.06142	0.00873	0.02216	0.08647	0.21401	0.14196	0.21356	0.12448	0.01461	0.00813	0.00245	0.00539	0.01255	0.00742	0.00866
8	0.01169	0.00850	0.01173	0.01139	0.01285	0.00966	0.00870	0.05718	0.01321	0.01892	0.01991	0.02993	0.01875	0.12841	0.56101	0.01010	0.01661	0.00798	0.03683	0.00666
9	0.06756	0.02084	0.01823	0.04512	0.02136	0.19506	0.01262	0.13313	0.32055	0.05815	0.02119	0.02075	0.01588	0.00876	0.00699	0.00225	0.00814	0.00670	0.00618	0.01054
10	0.01006	0.00742	0.00940	0.00890	0.01072	0.00676	0.00668	0.01327	0.02003	0.02785	0.61066	0.05643	0.15409	0.01534	0.00858	0.00231	0.00346	0.01344	0.00783	0.00676
11	0.02157	0.16685	0.09838	0.05094	0.13916	0.10592	0.01680	0.21617	0.02134	0.02755	0.01342	0.01563	0.01062	0.00771	0.00773	0.00211	0.05746	0.00564	0.00451	0.01050
12	0.01057	0.00705	0.00793	0.00793	0.00793	0.00705	0.00440	0.01057	0.01057	0.01409	0.02290	0.04757	0.02643	0.74454	0.03700	0.00705	0.00705	0.01057	0.00440	0.00440
13	0.01770	0.01697	0.02897	0.09161	0.65449	0.01719	0.02216	0.02205	0.01641	0.02339	0.01362	0.01809	0.01139	0.00653	0.00720	0.00218	0.00871	0.00648	0.00357	0.01128
14	0.01904	0.01609	0.01698	0.01499	0.01927	0.01853	0.01174	0.10236	0.62077	0.03195	0.02837	0.02615	0.02121	0.00975	0.00738	0.00244	0.00598	0.00805	0.00738	0.01159
15	0.00999	0.00874	0.04091	0.01194	0.04582	0.00742	0.00846	0.01191	0.01438	0.01895	0.04066	0.40835	0.14999	0.09809	0.03136	0.00351	0.00557	0.07147	0.00609	0.00636
16	0.32464	0.02196	0.20978	0.01869	0.11374	0.01748	0.01613	0.10351	0.06155	0.03020	0.01363	0.01536	0.01025	0.00721	0.00608	0.00226	0.00777	0.00529	0.00451	0.00997
17	0.11731	0.05264	0.01725	0.01291	0.01807	0.01387	0.01063	0.07140	0.11063	0.43600	0.02535	0.04551	0.01756	0.00913	0.00692	0.00226	0.00619	0.00724	0.00777	0.01136
18	0.14528	0.00800	0.00743	0.00724	0.00941	0.00838	0.00555	0.01768	0.01476	0.02803	0.02142	0.02453	0.01682	0.00818	0.00498	0.00179	0.00376	0.00630	0.65349	0.00696
19	0.01799	0.01727	0.02950	0.04462	0.69919	0.01727	0.02231	0.02231	0.01655	0.02375	0.01367	0.01799	0.01151	0.00648	0.00720	0.00216	0.00864	0.00648	0.00360	0.01151
20	0.00886	0.00633	0.00843	0.01012	0.01054	0.00590	0.00675	0.01012	0.01392	0.01856	0.04006	0.73979	0.04808	0.02277	0.00928	0.00295	0.00422	0.02066	0.00675	0.00590
21	0.73362	0.01457	0.01159	0.01014	0.01475	0.01681	0.00835	0.07434	0.01414	0.03368	0.01072	0.01227	0.00824	0.00691	0.00472	0.00224	0.00582	0.00415	0.00472	0.00824
22	0.00859	0.00736	0.00736	0.00736	0.00982	0.00614	0.00552	0.01043	0.01657	0.01964	0.07364	0.06996	0.69624	0.01841	0.00859	0.00245	0.00368	0.01534	0.00675	0.00614
23	0.02815	0.01953	0.02130	0.01633	0.02213	0.02132	0.01349	0.60880	0.03279	0.11392	0.01861	0.01821	0.01294	0.00875	0.00728	0.00219	0.00781	0.00662	0.00745	0.01236
24	0.01437	0.01316	0.02125	0.65628	0.04684	0.01615	0.01924	0.05799	0.01580	0.02026	0.01554	0.02122	0.03635	0.00779	0.00732	0.00241	0.00936	0.00681	0.00361	0.00826
25	0.01040	0.00774	0.01143	0.01143	0.01264	0.00895	0.00877	0.01282	0.01161	0.01669	0.01970	0.02983	0.01872	0.10071	0.67030	0.01137	0.01864	0.00797	0.00393	0.00635
26	0.01507	0.01292	0.01507	0.01077	0.01723	0.00969	0.00861	0.01830	0.01507	0.02369	0.01292	0.01507	0.01077	0.00538	0.00538	0.00108	0.00538	0.00431	0.00431	0.78898
27	0.01943	0.74891	0.03809	0.01244	0.01866	0.02876	0.01244	0.02177	0.01477	0.01710	0.01011	0.01166	0.00933	0.00622	0.00466	0.00155	0.00777	0.00389	0.00311	0.00933
28	0.01057	0.00705	0.00793	0.00793	0.00793	0.00705	0.00440	0.01057	0.01057	0.01409	0.02290	0.04757	0.02643	0.74454	0.03700	0.00705	0.00705	0.01057	0.00440	0.00440
29	0.01449	0.07989	0.48029	0.06732	0.06948	0.01633	0.02246	0.02135	0.01603	0.02318	0.10433	0.02074	0.01735	0.00792	0.00702	0.00225	0.00936	0.00645	0.00378	0.00999
30	0.01038	0.00779	0.01168	0.01168	0.01298	0.00909	0.00909	0.01298	0.01168	0.01687	0.01947	0.02856	0.01817	0.05452	0.71573	0.01168	0.01947	0.00779	0.00389	0.00649
31	0.02545	0.19686	0.02484	0.01694	0.02160	0.44045	0.01364	0.13612	0.02154	0.02235	0.01202	0.01351	0.00986	0.00741	0.00624	0.00185	0.01102	0.00481	0.00419	0.00930
32	0.02966	0.01246	0.01657	0.01257	0.01833	0.01052	0.01034	0.03254	0.01984	0.58964	0.02602	0.02311	0.01678	0.00839	0.00699	0.00205	0.00605	0.00680	0.00821	0.14314
33	0.01613	0.02812	0.34940	0.02515	0.05196	0.04842	0.30037	0.02292	0.01634	0.02276	0.01466	0.04305	0.01145	0.00716	0.00770	0.00237	0.01120	0.00728	0.00350	0.01009
34	0.79588	0.01406	0.01068	0.00956	0.01406	0.01631	0.00787	0.02137	0.01237	0.03261	0.01012	0.01181	0.00787	0.00675	0.00450	0.00225	0.00562	0.00394	0.00450	0.00787
35	0.79588	0.01406	0.01068	0.00956	0.01406	0.01631	0.00787	0.02137	0.01237	0.03261	0.01012	0.01181	0.00787	0.00675	0.00450	0.00225	0.00562	0.00394	0.00450	0.00787
36	0.01844	0.01636	0.05970	0.05333	0.09773	0.01647	0.01371	0.15502	0.26688	0.04736	0.05362	0.02981	0.05657	0.04295	0.00887	0.00259	0.00692	0.03686	0.00634	0.01047
37	0.79588	0.01406	0.01068	0.00956	0.01406	0.01631	0.00787	0.02137	0.01237	0.03261	0.01012	0.01181	0.00787	0.00675	0.00450	0.00225	0.00562	0.00394	0.00450	0.00787
38	0.02047	0.01658	0.01730	0.04417	0.02044	0.05228	0.01198	0.14877	0.42325	0.07724	0.02843	0.02681	0.05980	0.00989	0.00739	0.00237	0.00659	0.00804	0.00709	0.01110
39	0.76421	0.01399	0.01094	0.00970	0.01424	0.01607	0.00799	0.02195	0.01272	0.06049	0.01089	0.01235	0.00829	0.00684	0.00462	0.00225	0.00565	0.00408	0.00469	0.00806
40	0.01865	0.01541	0.01823	0.01667	0.06017	0.01704	0.03912	0.17154	0.35113	0.03153	0.07781	0.02812	0.04114	0.03382	0.04367	0.00296	0.00717	0.00839	0.00675	0.01065
41	0.50922	0.01310	0.01252	0.01057	0.01522	0.01395	0.00867	0.02517	0.01551	0.23835	0.06168	0.01862	0.01504	0.00798	0.00563	0.00225	0.00565	0.00559	0.00611	0.00918
42	0.02033	0.01656	0.02300	0.07467	0.25824	0.01771	0.03708	0.12414	0.23535	0.08552	0.02059	0.02157	0.01548	0.00815	0.00733	0.00230	0.00759	0.00718	0.00579	0.01142
43	0.01681	0.04826	0.02322	0.21657	0.30474	0.05802	0.01760	0.02144	0.04515	0.04265	0.04683	0.02369	0.05990	0.00818	0.00715	0.00221	0.00822	0.00723	0.03252	0.00961
44	0.01189	0.04331	0.04198	0.01153	0.04168	0.00972	0.00908	0.01457	0.01688	0.04982	0.15903	0.05386	0.36558	0.01522	0.00925	0.00242	0.05339	0.05361	0.00628	0.03093

[dist]
# distance from previous block
# <min> <max>
1	11

[block]
# block no. 3 follows, 28 sequences, length 66
# corresponding to MSA columns:
# 158-223
name=unknown_D
#
# <colnr> <probs for GDERKNQSTAVLIFYWHMCP>
#	G	D	E	R	K	N	Q	S	T	A	V	L	I	F	Y	W	H	M	C	P
0	0.05118	0.06094	0.02240	0.06696	0.09875	0.28734	0.01490	0.22963	0.05117	0.02828	0.01423	0.01589	0.01104	0.00776	0.00677	0.00206	0.00996	0.00566	0.00495	0.01013
1	0.13646	0.30212	0.05146	0.04375	0.02070	0.13804	0.01286	0.13514	0.01902	0.02534	0.04484	0.01544	0.01251	0.00743	0.00579	0.00192	0.00836	0.00509	0.00438	0.00937
2	0.01456	0.06009	0.54355	0.05143	0.05449	0.01655	0.05134	0.02187	0.01554	0.02268	0.03969	0.04759	0.01325	0.00781	0.00708	0.00231	0.01002	0.00647	0.00346	0.01021
3	0.00979	0.00771	0.00881	0.00920	0.01088	0.00722	0.00656	0.01314	0.07438	0.02092	0.12052	0.29868	0.31050	0.05505	0.01014	0.00284	0.00419	0.01612	0.00682	0.00651
4	0.02287	0.01687	0.01857	0.01505	0.01971	0.01824	0.01218	0.49196	0.02896	0.03896	0.04259	0.13632	0.02111	0.01156	0.00769	0.00232	0.00709	0.03995	0.00707	0.04091
5	0.01006	0.00742	0.00941	0.00891	0.01072	0.00676	0.00668	0.01329	0.02005	0.02790	0.61357	0.05636	0.15115	0.01533	0.00858	0.00231	0.00346	0.01343	0.00784	0.00676
6	0.02008	0.22513	0.02172	0.01252	0.01698	0.01900	0.01070	0.26662	0.02244	0.03082	0.05207	0.06969	0.01812	0.00923	0.00625	0.00195	0.00645	0.00714	0.17351	0.00957
7	0.01057	0.00705	0.00793	0.00793	0.00793	0.00705	0.00440	0.01057	0.01057	0.01409	0.02290	0.04757	0.02643	0.74454	0.03700	0.00705	0.00705	0.01057	0.00440	0.00440
8	0.02025	0.67307	0.03623	0.01311	0.01906	0.10167	0.01261	0.02254	0.01539	0.01718	0.01023	0.01181	0.00933	0.00635	0.00486	0.00159	0.00834	0.00397	0.00318	0.00923
9	0.00959	0.00697	0.00907	0.00963	0.01081	0.00644	0.00691	0.01195	0.01720	0.02353	0.33840	0.36294	0.09805	0.01882	0.00894	0.00263	0.00392	0.04049	0.00731	0.00638
10	0.07522	0.08674	0.25053	0.02507	0.22435	0.07353	0.01970	0.02476	0.01661	0.11561	0.01475	0.01666	0.01101	0.00704	0.00666	0.00215	0.00907	0.00568	0.00419	0.01068
11	0.01863	0.01741	0.05391	0.02120	0.15569	0.01821	0.01461	0.08422	0.46804	0.02991	0.02464	0.02396	0.01864	0.00895	0.00732	0.00237	0.00675	0.00760	0.00641	0.01154
12	0.00886	0.00633	0.00843	0.01012	0.01054	0.00590	0.00675	0.01012	0.01392	0.01856	0.04006	0.73979	0.04808	0.02277	0.00928	0.00295	0.00422	0.02066	0.00675	0.00590
13	0.01038	0.00779	0.01168	0.01168	0.01298	0.00909	0.00909	0.01298	0.01168	0.01687	0.01947	0.02856	0.01817	0.05452	0.71573	0.01168	0.01947	0.00779	0.00389	0.00649
14	0.00865	0.00737	0.00744	0.00742	0.00985	0.00616	0.00557	0.01054	0.01670	0.01996	0.09474	0.06942	0.67494	0.01829	0.00859	0.00245	0.00367	0.01527	0.00679	0.00616
15	0.01507	0.01292	0.01507	0.01077	0.01723	0.00969	0.00861	0.01830	0.01507	0.02369	0.01292	0.01507	0.01077	0.00538	0.00538	0.00108	0.00538	0.00431	0.00431	0.78898
16	0.01854	0.01497	0.01693	0.01241	0.01869	0.01324	0.01005	0.19963	0.02035	0.02980	0.01417	0.01573	0.01121	0.00631	0.00590	0.00138	0.00611	0.00492	0.00513	0.57452
17	0.00886	0.00633	0.00843	0.01012	0.01054	0.00590	0.00675	0.01012	0.01392	0.01856	0.04006	0.73979	0.04808	0.02277	0.00928	0.00295	0.00422	0.02066	0.00675	0.00590
18	0.01888	0.01674	0.04379	0.01649	0.04180	0.01799	0.03292	0.06869	0.56422	0.05300	0.02736	0.02560	0.02039	0.00944	0.00740	0.00243	0.00636	0.00795	0.00705	0.01150
19	0.05086	0.01988	0.02053	0.01625	0.02167	0.04605	0.01325	0.52646	0.14015	0.04186	0.01899	0.01871	0.01373	0.00881	0.00718	0.00222	0.00773	0.00667	0.00708	0.01194
20	0.07704	0.01488	0.02256	0.04364	0.02383	0.01430	0.15321	0.11565	0.02075	0.37352	0.02282	0.04975	0.01596	0.00867	0.00747	0.00232	0.00775	0.00775	0.00703	0.01111
21	0.01808	0.01561	0.01644	0.01479	0.01890	0.01808	0.01151	0.03863	0.68606	0.03041	0.02959	0.02712	0.02219	0.00986	0.00740	0.00247	0.00575	0.00822	0.00740	0.01151
22	0.02087	0.01528	0.01673	0.01457	0.01900	0.01705	0.01147	0.06478	0.54920	0.14199	0.02893	0.02632	0.02109	0.00967	0.00738	0.00242	0.00592	0.00800	0.00765	0.01168
23	0.01741	0.01655	0.02744	0.13626	0.55774	0.01718	0.02119	0.02304	0.06756	0.02355	0.01479	0.01888	0.01208	0.00684	0.00722	0.00222	0.00856	0.00661	0.00384	0.01104
24	0.01057	0.00705	0.00793	0.00793	0.00793	0.00705	0.00440	0.01057	0.01057	0.01409	0.02290	0.04757	0.02643	0.74454	0.03700	0.00705	0.00705	0.01057	0.00440	0.00440
25	0.00886	0.00633	0.00843	0.01012	0.01054	0.00590	0.00675	0.01012	0.01392	0.01856	0.04006	0.73979	0.04808	0.02277	0.00928	0.00295	0.00422	0.02066	0.00675	0.00590
26	0.79588	0.01406	0.01068	0.00956	0.01406	0.01631	0.00787	0.02137	0.01237	0.03261	0.01012	0.01181	0.00787	0.00675	0.00450	0.00225	0.00562	0.00394	0.00450	0.00787
27	0.00912	0.00644	0.00836	0.00978	0.01013	0.00608	0.00638	0.01019	0.01339	0.01786	0.03738	0.63143	0.04469	0.13576	0.01362	0.00359	0.00466	0.01908	0.00638	0.00567
28	0.01507	0.01292	0.01507	0.01077	0.01723	0.00969	0.00861	0.01830	0.01507	0.02369	0.01292	0.01507	0.01077	0.00538	0.00538	0.00108	0.00538	0.00431	0.00431	0.78898
29	0.00911	0.00649	0.00862	0.01024	0.01072	0.00611	0.00697	0.01046	0.01396	0.01857	0.03924	0.66866	0.04677	0.05287	0.01049	0.00315	0.00449	0.06054	0.00665	0.00589
30	0.01507	0.01292	0.01507	0.01077	0.01723	0.00969	0.00861	0.01830	0.01507	0.02369	0.01292	0.01507	0.01077	0.00538	0.00538	0.00108	0.00538	0.00431	0.00431	0.78898
31	0.01507	0.01292	0.01507	0.01077	0.01723	0.00969	0.00861	0.01830	0.01507	0.02369	0.01292	0.01507	0.01077	0.00538	0.00538	0.00108	0.00538	0.00431	0.00431	0.78898
32	0.05845	0.00745	0.00812	0.00811	0.00840	0.00757	0.00470	0.01121	0.01081	0.01539	0.02277	0.07147	0.02611	0.67231	0.03397	0.00660	0.00685	0.01055	0.00450	0.00467
33	0.00886	0.00633	0.00843	0.01012	0.01054	0.00590	0.00675	0.01012	0.01392	0.01856	0.04006	0.73979	0.04808	0.02277	0.00928	0.00295	0.00422	0.02066	0.00675	0.00590
34	0.01731	0.01658	0.02828	0.15322	0.59589	0.01709	0.02197	0.02171	0.01623	0.02292	0.01355	0.01821	0.01122	0.00660	0.00721	0.00220	0.00880	0.00647	0.00354	0.01097
35	0.00859	0.00736	0.00736	0.00736	0.00982	0.00614	0.00552	0.01043	0.01657	0.01964	0.07364	0.06996	0.69624	0.01841	0.00859	0.00245	0.00368	0.01534	0.00675	0.00614
36	0.01913	0.69642	0.06387	0.01299	0.01917	0.02808	0.01312	0.02167	0.01467	0.01735	0.01020	0.01195	0.00933	0.00646	0.00539	0.00164	0.03208	0.00403	0.00311	0.00934
37	0.00887	0.00737	0.00775	0.00766	0.00999	0.00626	0.00574	0.01097	0.01723	0.02120	0.17577	0.06738	0.59314	0.01783	0.00859	0.00243	0.00364	0.01498	0.00696	0.00626
38	0.01471	0.01235	0.07730	0.01160	0.01496	0.01018	0.00997	0.10600	0.02166	0.08234	0.45941	0.07309	0.05059	0.01317	0.00817	0.00230	0.00498	0.01140	0.00746	0.00835
39	0.01507	0.01292	0.01507	0.01077	0.01723	0.00969	0.00861	0.01830	0.01507	0.02369	0.01292	0.01507	0.01077	0.00538	0.00538	0.00108	0.00538	0.00431	0.00431	0.78898
40	0.01498	0.03477	0.60244	0.02228	0.03249	0.01712	0.12846	0.02306	0.01563	0.02306	0.01331	0.01602	0.00949	0.00678	0.00717	0.00233	0.01098	0.00588	0.00316	0.01060
41	0.01148	0.00803	0.00969	0.01013	0.01161	0.00766	0.00720	0.06485	0.01616	0.04720	0.04305	0.43666	0.17264	0.08180	0.01130	0.00313	0.00482	0.03929	0.00668	0.00662
42	0.01022	0.00690	0.00803	0.00837	0.00846	0.00682	0.00488	0.01048	0.01125	0.01500	0.02638	0.18761	0.03081	0.59852	0.03139	0.00622	0.00647	0.01261	0.00488	0.00471
43	0.01664	0.01929	0.08814	0.17189	0.11490	0.01797	0.36792	0.04273	0.01672	0.02285	0.01398	0.01883	0.01065	0.00680	0.00857	0.00242	0.03885	0.00750	0.00362	0.00973
44	0.79588	0.01406	0.01068	0.00956	0.01406	0.01631	0.00787	0.02137	0.01237	0.03261	0.01012	0.01181	0.00787	0.00675	0.00450	0.00225	0.00562	0.00394	0.00450	0.00787
45	0.01996	0.01803	0.01883	0.06226	0.08329	0.12026	0.01337	0.19262	0.18020	0.02851	0.02133	0.02316	0.04187	0.01639	0.12318	0.00378	0.01009	0.00721	0.00562	0.01002
46	0.00887	0.00737	0.00775	0.00766	0.00999	0.00625	0.00574	0.01097	0.01722	0.02119	0.17539	0.06739	0.59352	0.01783	0.00859	0.00243	0.00364	0.01498	0.00695	0.00625
47	0.05232	0.22771	0.04588	0.01591	0.02050	0.39698	0.01323	0.05262	0.01858	0.01985	0.01199	0.01400	0.01009	0.00871	0.02884	0.00214	0.01087	0.00472	0.03630	0.00876
48	0.01618	0.01825	0.06273	0.12560	0.05995	0.01693	0.43140	0.02250	0.04880	0.02285	0.01727	0.02140	0.03826	0.00695	0.00802	0.00235	0.01062	0.00805	0.00393	0.05796
49	0.01554	0.13417	0.54853	0.02122	0.06222	0.01862	0.05687	0.02283	0.01542	0.02225	0.01275	0.01518	0.00943	0.00675	0.00669	0.00220	0.01031	0.00538	0.00313	0.01054
50	0.02607	0.01958	0.02093	0.01641	0.02195	0.02181	0.01344	0.57082	0.14086	0.04329	0.01944	0.01903	0.01397	0.00891	0.00729	0.00223	0.00763	0.00682	0.00729	0.01222
51	0.79588	0.01406	0.01068	0.00956	0.01406	0.01631	0.00787	0.02137	0.01237	0.03261	0.01012	0.01181	0.00787	0.00675	0.00450	0.00225	0.00562	0.00394	0.00450	0.00787
52	0.01778	0.01731	0.03031	0.06706	0.62384	0.01732	0.07432	0.02226	0.01653	0.02353	0.01373	0.01817	0.01141	0.00648	0.00731	0.00219	0.00896	0.00664	0.00359	0.01126
53	0.01029	0.00743	0.00972	0.00914	0.01086	0.00686	0.00686	0.01372	0.02058	0.02915	0.69536	0.05430	0.06859	0.01486	0.00857	0.00229	0.00343	0.01315	0.00800	0.00686
54	0.01998	0.44959	0.17802	0.01551	0.02219	0.16721	0.01586	0.02353	0.01609	0.01851	0.01097	0.01275	0.00931	0.00663	0.00553	0.00178	0.00951	0.00437	0.00323	0.00945
55	0.00886	0.00633	0.00843	0.01012	0.01054	0.00590	0.00675	0.01012	0.01392	0.01856	0.04006	0.73979	0.04808	0.02277	0.00928	0.00295	0.00422	0.02066	0.00675	0.00590
56	0.01536	0.06398	0.55795	0.02407	0.12297	0.01750	0.05256	0.02288	0.01556	0.02288	0.01308	0.01573	0.00961	0.00679	0.00692	0.00226	0.01039	0.00559	0.00317	0.01075
57	0.01057	0.00705	0.00793	0.00793	0.00793	0.00705	0.00440	0.01057	0.01057	0.01409	0.02290	0.04757	0.02643	0.74454	0.03700	0.00705	0.00705	0.01057	0.00440	0.00440
58	0.01541	0.01660	0.10164	0.08527	0.29456	0.01474	0.01807	0.02209	0.10800	0.02341	0.02234	0.08015	0.02093	0.01081	0.00789	0.00252	0.00790	0.13300	0.00484	0.00982
59	0.03240	0.01272	0.01708	0.01310	0.01873	0.01120	0.01082	0.06316	0.02139	0.67567	0.02819	0.02443	0.01775	0.00899	0.00731	0.00225	0.00626	0.00728	0.00892	0.01237
60	0.01743	0.01785	0.06146	0.10622	0.60730	0.01715	0.02233	0.02200	0.01631	0.02324	0.01357	0.01799	0.01124	0.00657	0.00719	0.00219	0.00883	0.00642	0.00354	0.01116
61	0.01057	0.00705	0.00793	0.00793	0.00793	0.00705	0.00440	0.01057	0.01057	0.01409	0.02290	0.04757	0.02643	0.74454	0.03700	0.00705	0.00705	0.01057	0.00440	0.00440
62	0.01157	0.00654	0.00837	0.00876	0.00935	0.00639	0.00590	0.01145	0.01222	0.01770	0.02519	0.19401	0.05328	0.09700	0.01881	0.31348	0.00514	0.01058	0.17939	0.00486
63	0.01057	0.00705	0.00793	0.00793	0.00793	0.00705	0.00440	0.01057	0.01057	0.01409	0.02290	0.04757	0.02643	0.74454	0.03700	0.00705	0.00705	0.01057	0.00440	0.00440
64	0.02600	0.01955	0.02089	0.01639	0.02192	0.02178	0.01342	0.56599	0.14580	0.04317	0.01953	0.01911	0.01404	0.00892	0.00729	0.00223	0.00761	0.00683	0.00729	0.01222
65	0.01550	0.00862	0.01111	0.00991	0.01258	0.00775	0.00766	0.01840	0.01947	0.18920	0.39641	0.04991	0.13553	0.05051	0.00974	0.00258	0.00442	0.03489	0.00785	0.00796

[dist]
# distance from previous block
# <min> <max>
0	1

[block]
# block no. 4 follows, 28 sequences, length 74
# corresponding to MSA columns:
# 225-298
name=unknown_E
#
# <colnr> <probs for GDERKNQSTAVLIFYWHMCP>
#	G	D	E	R	K	N	Q	S	T	A	V	L	I	F	Y	W	H	M	C	P
0	0.79588	0.01406	0.01068	0.00956	0.01406	0.01631	0.00787	0.02137	0.01237	0.03261	0.01012	0.01181	0.00787	0.00675	0.00450	0.00225	0.00562	0.00394	0.00450	0.00787
1	0.16255	0.01917	0.01874	0.01514	0.02031	0.06848	0.01229	0.39114	0.12456	0.06963	0.01802	0.01791	0.01306	0.00847	0.00675	0.00222	0.00752	0.00623	0.00663	0.01117
2	0.00862	0.00725	0.00748	0.00767	0.00990	0.00611	0.00566	0.01040	0.01628	0.01952	0.06993	0.14399	0.62461	0.01889	0.00867	0.00251	0.00374	0.01593	0.00675	0.00611
3	0.01038	0.00779	0.01168	0.01168	0.01298	0.00909	0.00909	0.01298	0.01168	0.01687	0.01947	0.02856	0.01817	0.05452	0.71573	0.01168	0.01947	0.00779	0.00389	0.00649
4	0.01567	0.01570	0.04825	0.39703	0.34082	0.01668	0.02136	0.02040	0.01547	0.02104	0.01326	0.01862	0.01049	0.00690	0.00722	0.00230	0.00925	0.00643	0.00339	0.00971
5	0.03261	0.01237	0.01687	0.01293	0.01856	0.01068	0.01068	0.03543	0.02081	0.70423	0.02868	0.02474	0.01799	0.00900	0.00731	0.00225	0.00619	0.00731	0.00900	0.01237
6	0.01574	0.01290	0.01514	0.01085	0.01728	0.00973	0.00869	0.01895	0.01529	0.04948	0.01352	0.01544	0.01104	0.00552	0.00546	0.00112	0.00541	0.00442	0.00448	0.75954
7	0.04800	0.01317	0.01532	0.01115	0.01743	0.01051	0.00898	0.04362	0.01623	0.09379	0.01457	0.01601	0.01144	0.00592	0.00561	0.00128	0.00557	0.00468	0.00490	0.65183
8	0.00886	0.00633	0.00843	0.01012	0.01054	0.00590	0.00675	0.01012	0.01392	0.01856	0.04006	0.73979	0.04808	0.02277	0.00928	0.00295	0.00422	0.02066	0.00675	0.00590
9	0.00940	0.00677	0.00895	0.01006	0.01094	0.00632	0.00711	0.01134	0.01575	0.02127	0.19163	0.51006	0.07338	0.02061	0.00915	0.00281	0.00421	0.06702	0.00703	0.00619
10	0.01029	0.00743	0.00972	0.00914	0.01086	0.00686	0.00686	0.01372	0.02058	0.02915	0.69536	0.05430	0.06859	0.01486	0.00857	0.00229	0.00343	0.01315	0.00800	0.00686
11	0.01830	0.12980	0.17901	0.05534	0.37261	0.01884	0.02095	0.05285	0.01693	0.04885	0.01372	0.01675	0.01090	0.00676	0.00677	0.00211	0.00889	0.00588	0.00377	0.01097
12	0.01808	0.01561	0.01644	0.01479	0.01890	0.01808	0.01151	0.03863	0.68606	0.03041	0.02959	0.02712	0.02219	0.00986	0.00740	0.00247	0.00575	0.00822	0.00740	0.01151
13	0.00993	0.00722	0.00918	0.00906	0.01051	0.00666	0.00655	0.01264	0.01846	0.02557	0.48932	0.16403	0.11773	0.06763	0.01068	0.00274	0.00383	0.01435	0.00744	0.00647
14	0.00886	0.00633	0.00843	0.01012	0.01054	0.00590	0.00675	0.01012	0.01392	0.01856	0.04006	0.73979	0.04808	0.02277	0.00928	0.00295	0.00422	0.02066	0.00675	0.00590
15	0.01876	0.01595	0.01682	0.01493	0.01916	0.01840	0.01167	0.08410	0.63947	0.03151	0.02872	0.02643	0.02149	0.00978	0.00739	0.00245	0.00591	0.00810	0.00739	0.01157
16	0.02594	0.01952	0.02086	0.01638	0.02190	0.02175	0.01341	0.56220	0.14969	0.04308	0.01960	0.01917	0.01410	0.00893	0.00729	0.00223	0.00760	0.00684	0.00729	0.01221
17	0.01511	0.11543	0.63370	0.01981	0.03006	0.01818	0.02528	0.02288	0.01528	0.02237	0.01272	0.01494	0.00922	0.00683	0.00666	0.00222	0.01042	0.00521	0.00307	0.01059
18	0.01458	0.03760	0.70688	0.02072	0.03146	0.01688	0.02686	0.02302	0.01535	0.02302	0.01304	0.01535	0.00921	0.00691	0.00691	0.00230	0.01074	0.00537	0.00307	0.01074
19	0.02697	0.02003	0.02144	0.01659	0.02229	0.02223	0.01366	0.63112	0.07909	0.04475	0.01829	0.01812	0.01304	0.00880	0.00728	0.00220	0.00784	0.00666	0.00728	0.01230
20	0.01711	0.01815	0.05110	0.13528	0.41203	0.08350	0.04961	0.02124	0.01664	0.02194	0.01966	0.02316	0.08292	0.00794	0.00734	0.00222	0.00895	0.00729	0.00387	0.01005
21	0.79588	0.01406	0.01068	0.00956	0.01406	0.01631	0.00787	0.02137	0.01237	0.03261	0.01012	0.01181	0.00787	0.00675	0.00450	0.00225	0.00562	0.00394	0.00450	0.00787
22	0.04557	0.01856	0.13788	0.12404	0.12673	0.01613	0.04684	0.07784	0.16668	0.02685	0.08971	0.02551	0.04822	0.00897	0.00737	0.00233	0.00777	0.00774	0.00522	0.01002
23	0.01122	0.00958	0.01133	0.06312	0.04021	0.03245	0.00954	0.01446	0.03976	0.02088	0.07219	0.09363	0.34045	0.01706	0.00877	0.00269	0.00556	0.19386	0.00633	0.00691
24	0.01507	0.01429	0.02422	0.51267	0.25399	0.01650	0.02085	0.01975	0.01517	0.02020	0.01316	0.01894	0.01026	0.00702	0.00725	0.00234	0.00936	0.00647	0.00335	0.00916
25	0.16703	0.01958	0.09353	0.14155	0.05794	0.01941	0.01561	0.33772	0.02383	0.03511	0.01464	0.01653	0.01068	0.00780	0.00671	0.00225	0.00817	0.00591	0.00542	0.01056
26	0.76862	0.01400	0.01090	0.00968	0.01422	0.01611	0.00797	0.02187	0.01267	0.05661	0.01078	0.01227	0.00823	0.00683	0.00460	0.00225	0.00564	0.00406	0.00466	0.00803
27	0.01558	0.01517	0.02402	0.49421	0.24042	0.04752	0.02054	0.02014	0.01540	0.02007	0.01307	0.01869	0.01021	0.00704	0.00721	0.00232	0.00953	0.00639	0.00336	0.00911
28	0.79588	0.01406	0.01068	0.00956	0.01406	0.01631	0.00787	0.02137	0.01237	0.03261	0.01012	0.01181	0.00787	0.00675	0.00450	0.00225	0.00562	0.00394	0.00450	0.00787
29	0.01513	0.06459	0.53180	0.04752	0.07610	0.01729	0.07991	0.02255	0.01557	0.02263	0.01382	0.01777	0.01047	0.00717	0.00707	0.00231	0.01045	0.02414	0.00327	0.01044
30	0.01373	0.01292	0.02180	0.72707	0.05006	0.01615	0.02019	0.01857	0.01453	0.01857	0.01292	0.01938	0.00969	0.00727	0.00727	0.00242	0.00969	0.00646	0.00323	0.00807
31	0.00947	0.00676	0.00914	0.01082	0.01151	0.00643	0.00781	0.01118	0.01452	0.01924	0.03973	0.59927	0.04674	0.02220	0.00944	0.00304	0.00475	0.15516	0.00674	0.00607
32	0.02086	0.61711	0.03486	0.01360	0.01936	0.15546	0.01273	0.02311	0.01585	0.01723	0.01031	0.01193	0.00933	0.00645	0.00501	0.00161	0.00876	0.00403	0.00323	0.00916
33	0.15652	0.05618	0.29173	0.07201	0.19253	0.04184	0.02027	0.02295	0.03878	0.02444	0.01306	0.01581	0.01003	0.00689	0.00648	0.00222	0.00901	0.00547	0.00364	0.01012
34	0.04581	0.06468	0.46781	0.02237	0.08169	0.04662	0.09621	0.02279	0.01591	0.02321	0.03792	0.01705	0.01172	0.00706	0.00697	0.00225	0.01025	0.00595	0.00344	0.01028
35	0.79588	0.01406	0.01068	0.00956	0.01406	0.01631	0.00787	0.02137	0.01237	0.03261	0.01012	0.01181	0.00787	0.00675	0.00450	0.00225	0.00562	0.00394	0.00450	0.00787
36	0.04884	0.01980	0.02525	0.10901	0.43581	0.16022	0.01918	0.02274	0.01690	0.02209	0.01407	0.04726	0.01228	0.00747	0.00706	0.00216	0.00937	0.00661	0.00376	0.01014
37	0.01355	0.00678	0.00678	0.00678	0.00847	0.00678	0.00508	0.01694	0.01524	0.02710	0.02371	0.02710	0.01863	0.00847	0.00508	0.00169	0.00339	0.00678	0.78489	0.00678
38	0.01531	0.01454	0.02467	0.47312	0.29162	0.01657	0.02098	0.01996	0.01529	0.02050	0.01320	0.01886	0.01037	0.00697	0.00724	0.00232	0.00930	0.00647	0.00337	0.00935
39	0.00886	0.00633	0.00843	0.01012	0.01054	0.00590	0.00675	0.01012	0.01392	0.01856	0.04006	0.73979	0.04808	0.02277	0.00928	0.00295	0.00422	0.02066	0.00675	0.00590
40	0.01022	0.00743	0.00963	0.00908	0.01082	0.00683	0.00681	0.01359	0.02042	0.02879	0.67154	0.05490	0.09263	0.01500	0.00857	0.00229	0.00344	0.01323	0.00795	0.00683
41	0.79588	0.01406	0.01068	0.00956	0.01406	0.01631	0.00787	0.02137	0.01237	0.03261	0.01012	0.01181	0.00787	0.00675	0.00450	0.00225	0.00562	0.00394	0.00450	0.00787
42	0.01029	0.00743	0.00972	0.00914	0.01086	0.00686	0.00686	0.01372	0.02058	0.02915	0.69536	0.05430	0.06859	0.01486	0.00857	0.00229	0.00343	0.01315	0.00800	0.00686
43	0.03261	0.01237	0.01687	0.01293	0.01856	0.01068	0.01068	0.03543	0.02081	0.70423	0.02868	0.02474	0.01799	0.00900	0.00731	0.00225	0.00619	0.00731	0.00900	0.01237
44	0.01755	0.01511	0.01769	0.07130	0.08952	0.01705	0.01281	0.07576	0.45965	0.02867	0.02836	0.02826	0.06084	0.03442	0.00842	0.00257	0.00641	0.00831	0.00655	0.01074
45	0.01015	0.00742	0.00952	0.00900	0.01077	0.00680	0.00675	0.01345	0.02024	0.02836	0.64394	0.05559	0.12050	0.01515	0.00857	0.00230	0.00345	0.01333	0.00790	0.00680
46	0.01646	0.29345	0.42409	0.01800	0.02669	0.02138	0.04220	0.02242	0.01508	0.02073	0.01194	0.01417	0.00932	0.00680	0.00664	0.00206	0.03040	0.00497	0.00311	0.01012
47	0.01635	0.01367	0.01662	0.01244	0.01849	0.01160	0.03869	0.02276	0.13427	0.05026	0.01654	0.01777	0.01307	0.00634	0.00595	0.00143	0.00578	0.00530	0.00500	0.58764
48	0.00883	0.00737	0.00770	0.00762	0.00997	0.00624	0.00571	0.01090	0.01714	0.02100	0.16265	0.06771	0.60638	0.01790	0.00859	0.00243	0.00365	0.01503	0.00693	0.00624
49	0.04469	0.66712	0.06276	0.01293	0.01917	0.05678	0.01292	0.02211	0.01496	0.01787	0.01027	0.01187	0.00928	0.00632	0.00483	0.00162	0.00805	0.00398	0.00318	0.00930
50	0.01943	0.74891	0.03809	0.01244	0.01866	0.02876	0.01244	0.02177	0.01477	0.01710	0.01011	0.01166	0.00933	0.00622	0.00466	0.00155	0.00777	0.00389	0.00311	0.00933
51	0.00995	0.00703	0.00856	0.00895	0.00966	0.00664	0.00578	0.01109	0.01364	0.01843	0.12881	0.29801	0.07078	0.32301	0.02063	0.00449	0.00530	0.01462	0.00588	0.02873
52	0.01016	0.00687	0.00805	0.00845	0.00855	0.00677	0.00497	0.01046	0.01137	0.01516	0.02702	0.21343	0.03161	0.57160	0.03036	0.00607	0.00637	0.01299	0.00497	0.00476
53	0.01137	0.00817	0.01129	0.01290	0.01451	0.00809	0.01109	0.01450	0.01651	0.02142	0.03994	0.13273	0.06712	0.02023	0.00993	0.00328	0.00639	0.57721	0.00670	0.00661
54	0.02656	0.08979	0.02195	0.01824	0.02218	0.66235	0.01392	0.02847	0.02015	0.01774	0.01115	0.01300	0.00936	0.00739	0.00641	0.00185	0.01270	0.00462	0.00370	0.00850
55	0.02162	0.01737	0.01843	0.01551	0.02025	0.01973	0.01236	0.27411	0.44482	0.03611	0.02510	0.02354	0.01855	0.00944	0.00735	0.00236	0.00658	0.00760	0.00735	0.01182
56	0.01051	0.00702	0.00795	0.00800	0.00802	0.00701	0.00449	0.01056	0.01069	0.01425	0.02350	0.07181	0.02719	0.71926	0.03603	0.00690	0.00695	0.01092	0.00449	0.00446
57	0.00886	0.00633	0.00843	0.01012	0.01054	0.00590	0.00675	0.01012	0.01392	0.01856	0.04006	0.73979	0.04808	0.02277	0.00928	0.00295	0.00422	0.02066	0.00675	0.00590
58	0.37481	0.04936	0.01720	0.01306	0.01829	0.01928	0.01088	0.31145	0.02264	0.07882	0.01450	0.01509	0.01054	0.00774	0.00590	0.00219	0.00680	0.00529	0.00594	0.01020
59	0.00886	0.00633	0.00843	0.01012	0.01054	0.00590	0.00675	0.01012	0.01392	0.01856	0.04006	0.73979	0.04808	0.02277	0.00928	0.00295	0.00422	0.02066	0.00675	0.00590
60	0.01507	0.01292	0.01507	0.01077	0.01723	0.00969	0.00861	0.01830	0.01507	0.02369	0.01292	0.01507	0.01077	0.00538	0.00538	0.00108	0.00538	0.00431	0.00431	0.78898
61	0.02047	0.01533	0.01669	0.01460	0.01899	0.01720	0.01147	0.06143	0.56867	0.12574	0.02901	0.02643	0.02124	0.00970	0.00738	0.00242	0.00590	0.00803	0.00762	0.01166
62	0.01458	0.03760	0.70688	0.02072	0.03146	0.01688	0.02686	0.02302	0.01535	0.02302	0.01304	0.01535	0.00921	0.00691	0.00691	0.00230	0.01074	0.00537	0.00307	0.01074
63	0.01355	0.00678	0.00678	0.00678	0.00847	0.00678	0.00508	0.01694	0.01524	0.02710	0.02371	0.02710	0.01863	0.00847	0.00508	0.00169	0.00339	0.00678	0.78489	0.00678
64	0.00884	0.00637	0.00839	0.01000	0.01051	0.00591	0.00670	0.01013	0.01403	0.01860	0.04150	0.71120	0.07575	0.02259	0.00925	0.00293	0.00419	0.02044	0.00675	0.00591
65	0.03261	0.01237	0.01687	0.01293	0.01856	0.01068	0.01068	0.03543	0.02081	0.70423	0.02868	0.02474	0.01799	0.00900	0.00731	0.00225	0.00619	0.00731	0.00900	0.01237
66	0.04245	0.22798	0.06864	0.01953	0.14001	0.18918	0.01425	0.04306	0.01730	0.02080	0.04600	0.02174	0.06868	0.04212	0.00777	0.00219	0.00881	0.00635	0.00409	0.00905
67	0.00959	0.00685	0.00928	0.01096	0.01170	0.00654	0.00802	0.01139	0.01464	0.01938	0.03966	0.57117	0.04648	0.02208	0.00947	0.00305	0.00485	0.18206	0.00673	0.00611
68	0.02478	0.03020	0.02520	0.02250	0.07099	0.51550	0.13132	0.05473	0.02029	0.02035	0.01228	0.01477	0.00993	0.00723	0.00699	0.00201	0.01244	0.00557	0.00387	0.00905
69	0.03243	0.01267	0.01705	0.01308	0.01871	0.01113	0.01080	0.05944	0.02131	0.67951	0.02826	0.02447	0.01778	0.00899	0.00731	0.00225	0.00625	0.00728	0.00893	0.01237
70	0.01285	0.01073	0.03454	0.03598	0.04095	0.01016	0.00932	0.01954	0.15393	0.04816	0.32767	0.07018	0.14284	0.03970	0.00919	0.00254	0.00483	0.01172	0.00706	0.00810
71	0.00867	0.00735	0.00739	0.00739	0.00975	0.00617	0.00548	0.01044	0.01634	0.01942	0.07168	0.06909	0.67046	0.04637	0.00968	0.00263	0.00381	0.01516	0.00666	0.00607
72	0.02468	0.01856	0.01988	0.01578	0.02100	0.02054	0.01285	0.52657	0.12953	0.04136	0.02258	0.04765	0.04549	0.00984	0.00742	0.00226	0.00734	0.00770	0.00725	0.01172
73	0.00984	0.00695	0.00857	0.00897	0.00968	0.00667	0.00591	0.01119	0.01419	0.01918	0.17638	0.26426	0.08475	0.29129	0.04580	0.00463	0.00564	0.01446	0.00604	0.00559

[dist]
# distance from previous block
# <min> <max>
0	5

# created by:
# /st0/software/busco_prod/Augustus/scripts/msa2prfl.pl ./align_prep/143547.fa
