[name]
unknown

[dist]
# distance from previous block
# <min> <max>
5	42

[block]
# block no. 0 follows, 30 sequences, length 9
# corresponding to MSA columns:
# 45-53
name=unknown_A
#
# <colnr> <probs for GDERKNQSTAVLIFYWHMCP>
#	G	D	E	R	K	N	Q	S	T	A	V	L	I	F	Y	W	H	M	C	P
0	0.01011	0.00798	0.01048	0.01107	0.01177	0.00861	0.00796	0.01277	0.05881	0.01935	0.09427	0.54177	0.04137	0.01908	0.01059	0.00277	0.10213	0.01657	0.00617	0.00637
1	0.01379	0.00854	0.01074	0.00981	0.01223	0.00805	0.00748	0.01821	0.08220	0.13774	0.42339	0.10625	0.10610	0.01385	0.00799	0.00227	0.00401	0.01207	0.00758	0.00772
2	0.01322	0.01254	0.02142	0.49333	0.08047	0.01482	0.07398	0.01729	0.01400	0.01845	0.01585	0.11554	0.01441	0.00915	0.00834	0.00243	0.05518	0.00818	0.00360	0.00781
3	0.00948	0.00698	0.00900	0.00966	0.01078	0.00654	0.00676	0.01209	0.04246	0.02132	0.22499	0.49574	0.04926	0.01856	0.00849	0.00256	0.00394	0.01670	0.00675	0.03793
4	0.01447	0.01240	0.01447	0.01034	0.01654	0.00930	0.00827	0.01757	0.01447	0.02274	0.01240	0.01447	0.01034	0.00517	0.00517	0.00103	0.00517	0.00413	0.00413	0.79742
5	0.01187	0.00927	0.01261	0.01490	0.10507	0.00893	0.00948	0.06968	0.01560	0.02130	0.03093	0.48696	0.03515	0.01705	0.00820	0.00254	0.00516	0.05451	0.00591	0.07487
6	0.02113	0.01689	0.02004	0.02003	0.14584	0.01853	0.01371	0.33976	0.21807	0.03431	0.02073	0.06408	0.01649	0.00911	0.00712	0.00221	0.00696	0.00755	0.00634	0.01111
7	0.07603	0.02338	0.01950	0.01801	0.07863	0.29281	0.01313	0.28935	0.02380	0.02980	0.01405	0.01541	0.01078	0.00759	0.00640	0.00195	0.00920	0.00543	0.05504	0.00971
8	0.02188	0.01693	0.01894	0.01689	0.07911	0.01845	0.01257	0.43988	0.13177	0.03653	0.02540	0.02493	0.10580	0.00959	0.00716	0.00217	0.00685	0.00765	0.00663	0.01088

[dist]
# distance from previous block
# <min> <max>
4	10

[block]
# block no. 1 follows, 30 sequences, length 14
# corresponding to MSA columns:
# 64-77
name=unknown_B
#
# <colnr> <probs for GDERKNQSTAVLIFYWHMCP>
#	G	D	E	R	K	N	Q	S	T	A	V	L	I	F	Y	W	H	M	C	P
0	0.04573	0.35032	0.02308	0.01107	0.01518	0.01849	0.00956	0.06804	0.05288	0.03858	0.07166	0.02347	0.01820	0.15513	0.03157	0.00297	0.00698	0.00635	0.00441	0.04632
1	0.37450	0.01642	0.01473	0.01227	0.01669	0.06909	0.00995	0.26229	0.02095	0.03448	0.09173	0.01803	0.01586	0.00810	0.00587	0.00211	0.00651	0.00575	0.00561	0.00905
2	0.01149	0.00846	0.01021	0.01030	0.01195	0.00826	0.00744	0.10574	0.01689	0.02258	0.09665	0.44672	0.10272	0.04828	0.00949	0.00274	0.00466	0.03399	0.00648	0.03496
3	0.01316	0.00781	0.00964	0.00894	0.01114	0.00698	0.00663	0.01537	0.01707	0.14565	0.27464	0.12172	0.22021	0.09619	0.01108	0.00280	0.00429	0.01264	0.00703	0.00699
4	0.01619	0.01477	0.02373	0.39611	0.29574	0.01658	0.01948	0.09272	0.01675	0.02258	0.01315	0.01790	0.01025	0.00684	0.00695	0.00220	0.00874	0.00622	0.00366	0.00945
5	0.01533	0.01544	0.02235	0.01887	0.01922	0.02119	0.04838	0.01707	0.01097	0.01707	0.00941	0.01544	0.00923	0.01190	0.02218	0.00302	0.70592	0.00621	0.00308	0.00772
6	0.02432	0.01794	0.01925	0.01505	0.01994	0.01981	0.01217	0.58418	0.06040	0.03997	0.01785	0.02035	0.01378	0.09032	0.01012	0.00262	0.00748	0.00678	0.00668	0.01099
7	0.00892	0.00645	0.00833	0.00938	0.01013	0.00595	0.00633	0.01032	0.01387	0.01866	0.10165	0.58178	0.07259	0.07437	0.01066	0.00299	0.00419	0.01776	0.00636	0.02930
8	0.01147	0.00789	0.00929	0.00880	0.00967	0.00819	0.00596	0.04481	0.01417	0.02023	0.18303	0.05859	0.03294	0.39375	0.02260	0.00453	0.04596	0.01010	0.10235	0.00566
9	0.02496	0.01877	0.02006	0.01574	0.02105	0.02091	0.01289	0.57709	0.14623	0.04146	0.01874	0.01833	0.01347	0.00856	0.00700	0.00214	0.00731	0.00656	0.00700	0.01173
10	0.02122	0.01717	0.01728	0.01440	0.01888	0.06489	0.01149	0.30831	0.27758	0.05351	0.02693	0.02567	0.09177	0.00973	0.00712	0.00221	0.00670	0.00771	0.00679	0.01065
11	0.01465	0.01359	0.02162	0.47745	0.07413	0.01543	0.06630	0.04488	0.07754	0.02096	0.01419	0.01871	0.01079	0.00694	0.00688	0.00217	0.00857	0.00628	0.00377	0.09515
12	0.01622	0.01401	0.01637	0.20410	0.02518	0.04634	0.01257	0.02760	0.34746	0.05753	0.02682	0.02695	0.08732	0.00928	0.00704	0.00225	0.00663	0.00775	0.00574	0.05284
13	0.01873	0.01355	0.02049	0.09776	0.06124	0.01435	0.10690	0.02539	0.14688	0.18324	0.08000	0.02657	0.02013	0.00941	0.00912	0.00236	0.08772	0.04014	0.00580	0.03022

[dist]
# distance from previous block
# <min> <max>
1	11

[block]
# block no. 2 follows, 30 sequences, length 15
# corresponding to MSA columns:
# 89-103
name=unknown_C
#
# <colnr> <probs for GDERKNQSTAVLIFYWHMCP>
#	G	D	E	R	K	N	Q	S	T	A	V	L	I	F	Y	W	H	M	C	P
0	0.01651	0.01583	0.05059	0.08122	0.04756	0.05624	0.19250	0.04145	0.05383	0.07953	0.03897	0.12003	0.04246	0.00997	0.00902	0.00234	0.07754	0.00897	0.00480	0.05066
1	0.01593	0.01593	0.02844	0.15824	0.06687	0.01676	0.29344	0.05663	0.06805	0.02287	0.04664	0.02004	0.01366	0.00755	0.00919	0.00231	0.08919	0.00734	0.00408	0.05684
2	0.21834	0.01568	0.02395	0.14208	0.14645	0.03958	0.18166	0.02035	0.01432	0.02331	0.01226	0.01635	0.00978	0.00823	0.03221	0.00253	0.04797	0.00600	0.00365	0.03530
3	0.24508	0.01428	0.02137	0.29662	0.14980	0.01622	0.09045	0.01969	0.01383	0.02308	0.01180	0.01614	0.00923	0.00680	0.00699	0.00227	0.03863	0.00572	0.00356	0.00844
4	0.09051	0.01379	0.02004	0.21436	0.11252	0.01590	0.05070	0.06393	0.05037	0.02263	0.01625	0.05137	0.01459	0.00953	0.00966	0.00244	0.12837	0.06899	0.00423	0.03981
5	0.01332	0.00913	0.01294	0.01322	0.05885	0.00862	0.03502	0.01694	0.05303	0.10058	0.23420	0.25102	0.04187	0.01489	0.00816	0.00244	0.00496	0.07516	0.00671	0.03894
6	0.00910	0.00639	0.00824	0.00949	0.00989	0.00611	0.00634	0.01019	0.01284	0.01708	0.03457	0.53547	0.04092	0.18924	0.01505	0.00376	0.00486	0.06910	0.00596	0.00540
7	0.00988	0.00713	0.00933	0.00878	0.01043	0.00658	0.00658	0.01317	0.01975	0.02798	0.70754	0.05213	0.06584	0.01427	0.00823	0.00219	0.00329	0.01262	0.00768	0.00658
8	0.00988	0.00713	0.00933	0.00878	0.01043	0.00658	0.00658	0.01317	0.01975	0.02798	0.70754	0.05213	0.06584	0.01427	0.00823	0.00219	0.00329	0.01262	0.00768	0.00658
9	0.01449	0.03296	0.60225	0.02267	0.08983	0.01636	0.08040	0.02206	0.01498	0.02218	0.01271	0.01529	0.00918	0.00653	0.00679	0.00221	0.01026	0.00551	0.00304	0.01030
10	0.03131	0.01188	0.01619	0.01242	0.01781	0.01026	0.01026	0.03401	0.01997	0.71606	0.02753	0.02375	0.01727	0.00864	0.00702	0.00216	0.00594	0.00702	0.00864	0.01188
11	0.01727	0.01658	0.02832	0.04283	0.71123	0.01658	0.02142	0.02142	0.01589	0.02280	0.01313	0.01727	0.01105	0.00622	0.00691	0.00207	0.00829	0.00622	0.00345	0.01105
12	0.75341	0.01389	0.01095	0.00962	0.01403	0.01604	0.00793	0.06398	0.01324	0.03213	0.01017	0.01169	0.00784	0.00660	0.00449	0.00216	0.00555	0.00394	0.00449	0.00784
13	0.01681	0.01611	0.02749	0.12088	0.63677	0.01646	0.02119	0.02101	0.01567	0.02224	0.01304	0.01742	0.01086	0.00630	0.00692	0.00210	0.00840	0.00622	0.00341	0.01068
14	0.01598	0.01526	0.02600	0.26177	0.50236	0.01624	0.02077	0.02029	0.01528	0.02123	0.01290	0.01769	0.01050	0.00646	0.00693	0.00215	0.00861	0.00621	0.00334	0.01001

[dist]
# distance from previous block
# <min> <max>
0	2

[block]
# block no. 3 follows, 30 sequences, length 10
# corresponding to MSA columns:
# 106-115
name=unknown_D
#
# <colnr> <probs for GDERKNQSTAVLIFYWHMCP>
#	G	D	E	R	K	N	Q	S	T	A	V	L	I	F	Y	W	H	M	C	P
0	0.80405	0.01350	0.01026	0.00918	0.01350	0.01565	0.00756	0.02051	0.01188	0.03131	0.00972	0.01134	0.00756	0.00648	0.00432	0.00216	0.00540	0.00378	0.00432	0.00756
1	0.01105	0.00789	0.01102	0.01263	0.01415	0.00787	0.01091	0.01412	0.01587	0.02067	0.03705	0.12598	0.04058	0.01946	0.00959	0.00319	0.00626	0.61890	0.00643	0.00637
2	0.02049	0.01406	0.02598	0.01990	0.02520	0.01299	0.30423	0.02469	0.01760	0.26317	0.02375	0.03357	0.01935	0.00975	0.00812	0.00247	0.00858	0.15056	0.00594	0.00962
3	0.06236	0.05283	0.04889	0.01336	0.01894	0.01416	0.01153	0.15984	0.04986	0.45992	0.02311	0.02090	0.01516	0.00830	0.00675	0.00212	0.00651	0.00652	0.00752	0.01143
4	0.01318	0.01240	0.02093	0.73798	0.04806	0.01550	0.01938	0.01783	0.01395	0.01783	0.01240	0.01860	0.00930	0.00698	0.00698	0.00233	0.00930	0.00620	0.00310	0.00775
5	0.01563	0.01748	0.03770	0.02734	0.03370	0.01639	0.61443	0.02102	0.01614	0.02188	0.01668	0.09574	0.01433	0.00756	0.00831	0.00240	0.01095	0.00946	0.00384	0.00902
6	0.01182	0.00833	0.01011	0.00960	0.01056	0.00893	0.00655	0.08214	0.01286	0.01755	0.02043	0.03706	0.02154	0.46224	0.24323	0.00763	0.01050	0.00893	0.00437	0.00564
7	0.01647	0.01882	0.04118	0.02941	0.03647	0.01765	0.68588	0.02235	0.01647	0.02235	0.01412	0.01882	0.01059	0.00588	0.00824	0.00235	0.01176	0.00824	0.00353	0.00941
8	0.01463	0.01236	0.02055	0.67996	0.04564	0.01508	0.01865	0.01912	0.01443	0.07367	0.01361	0.01902	0.00994	0.00711	0.00698	0.00231	0.00903	0.00627	0.00354	0.00808
9	0.01559	0.01356	0.01858	0.05414	0.10605	0.01273	0.06037	0.06509	0.09813	0.02440	0.01828	0.02593	0.01601	0.00816	0.00668	0.00186	0.00663	0.09834	0.00482	0.34467

[dist]
# distance from previous block
# <min> <max>
1	4

[block]
# block no. 4 follows, 30 sequences, length 23
# corresponding to MSA columns:
# 120-142
name=unknown_E
#
# <colnr> <probs for GDERKNQSTAVLIFYWHMCP>
#	G	D	E	R	K	N	Q	S	T	A	V	L	I	F	Y	W	H	M	C	P
0	0.01447	0.01240	0.01447	0.01034	0.01654	0.00930	0.00827	0.01757	0.01447	0.02274	0.01240	0.01447	0.01034	0.00517	0.00517	0.00103	0.00517	0.00413	0.00413	0.79742
1	0.01923	0.01330	0.01568	0.01151	0.01748	0.01119	0.00933	0.11358	0.01802	0.15268	0.01578	0.01649	0.01182	0.00625	0.00576	0.00139	0.00566	0.00496	0.00535	0.54455
2	0.00969	0.00701	0.00941	0.01090	0.01198	0.00673	0.00849	0.01183	0.01475	0.01925	0.04023	0.40204	0.09360	0.02040	0.00918	0.00297	0.00506	0.30400	0.00645	0.00602
3	0.01447	0.01240	0.01447	0.01034	0.01654	0.00930	0.00827	0.01757	0.01447	0.02274	0.01240	0.01447	0.01034	0.00517	0.00517	0.00103	0.00517	0.00413	0.00413	0.79742
4	0.01727	0.01658	0.02832	0.04283	0.71123	0.01658	0.02142	0.02142	0.01589	0.02280	0.01313	0.01727	0.01105	0.00622	0.00691	0.00207	0.00829	0.00622	0.00345	0.01105
5	0.00842	0.00703	0.00737	0.00760	0.00975	0.00598	0.00571	0.01022	0.01569	0.01887	0.06614	0.12720	0.61615	0.01812	0.00838	0.00244	0.00373	0.04881	0.00648	0.00590
6	0.01424	0.07406	0.68278	0.01947	0.02956	0.01681	0.02506	0.02204	0.01470	0.02180	0.01237	0.01455	0.00885	0.00660	0.00652	0.00217	0.01016	0.00508	0.00295	0.01024
7	0.01825	0.69631	0.09568	0.01263	0.01898	0.02662	0.01314	0.02100	0.01423	0.01691	0.00995	0.01150	0.00895	0.00603	0.00466	0.00155	0.00771	0.00385	0.00298	0.00907
8	0.01866	0.75896	0.03657	0.01194	0.01791	0.02761	0.01194	0.02090	0.01418	0.01642	0.00970	0.01119	0.00896	0.00597	0.00448	0.00149	0.00746	0.00373	0.00299	0.00896
9	0.80405	0.01350	0.01026	0.00918	0.01350	0.01565	0.00756	0.02051	0.01188	0.03131	0.00972	0.01134	0.00756	0.00648	0.00432	0.00216	0.00540	0.00378	0.00432	0.00756
10	0.02607	0.03326	0.01978	0.01798	0.02157	0.72674	0.01348	0.02787	0.01978	0.01708	0.01079	0.01258	0.00899	0.00719	0.00629	0.00180	0.01258	0.00449	0.00360	0.00809
11	0.01447	0.01240	0.01447	0.01034	0.01654	0.00930	0.00827	0.01757	0.01447	0.02274	0.01240	0.01447	0.01034	0.00517	0.00517	0.00103	0.00517	0.00413	0.00413	0.79742
12	0.01503	0.01429	0.02427	0.42399	0.34761	0.01599	0.02030	0.01945	0.01483	0.02007	0.01273	0.01800	0.01009	0.00663	0.00695	0.00221	0.00885	0.00621	0.00326	0.00924
13	0.01015	0.00677	0.00761	0.00761	0.00761	0.00677	0.00423	0.01015	0.01015	0.01353	0.02199	0.04567	0.02537	0.75476	0.03552	0.00677	0.00677	0.01015	0.00423	0.00423
14	0.00976	0.00709	0.00919	0.00875	0.01037	0.00652	0.00653	0.01290	0.01934	0.02720	0.65479	0.08187	0.09005	0.01472	0.00826	0.00223	0.00333	0.01300	0.00758	0.00652
15	0.00843	0.00708	0.00732	0.00726	0.00954	0.00597	0.00544	0.01036	0.01633	0.01986	0.14115	0.06549	0.63731	0.01730	0.00825	0.00234	0.00351	0.01449	0.00661	0.00597
16	0.01015	0.00677	0.00761	0.00761	0.00761	0.00677	0.00423	0.01015	0.01015	0.01353	0.02199	0.04567	0.02537	0.75476	0.03552	0.00677	0.00677	0.01015	0.00423	0.00423
17	0.00851	0.00712	0.00744	0.00748	0.00974	0.00605	0.00569	0.01047	0.01620	0.01964	0.11723	0.06658	0.62763	0.01749	0.00831	0.00239	0.00366	0.04584	0.00657	0.00597
18	0.01318	0.01240	0.02093	0.73798	0.04806	0.01550	0.01938	0.01783	0.01395	0.01783	0.01240	0.01860	0.00930	0.00698	0.00698	0.00233	0.00930	0.00620	0.00310	0.00775
19	0.01144	0.00836	0.01131	0.01268	0.01444	0.00843	0.01099	0.01546	0.05195	0.02124	0.03790	0.07546	0.06695	0.01869	0.00945	0.00313	0.00626	0.60274	0.00646	0.00665
20	0.03131	0.01188	0.01619	0.01242	0.01781	0.01026	0.01026	0.03401	0.01997	0.71606	0.02753	0.02375	0.01727	0.00864	0.00702	0.00216	0.00594	0.00702	0.00864	0.01188
21	0.05583	0.07065	0.02029	0.01732	0.02107	0.66242	0.01317	0.02721	0.01917	0.01760	0.01069	0.01246	0.00893	0.00710	0.00612	0.00180	0.01204	0.00443	0.00359	0.00811
22	0.01067	0.00841	0.00984	0.00923	0.01097	0.04168	0.00692	0.01388	0.01975	0.02745	0.67359	0.05020	0.06307	0.01392	0.00814	0.00218	0.00375	0.01222	0.00748	0.00666

[dist]
# distance from previous block
# <min> <max>
0	8

[block]
# block no. 5 follows, 30 sequences, length 77
# corresponding to MSA columns:
# 151-227
name=unknown_F
#
# <colnr> <probs for GDERKNQSTAVLIFYWHMCP>
#	G	D	E	R	K	N	Q	S	T	A	V	L	I	F	Y	W	H	M	C	P
0	0.01090	0.00896	0.01171	0.01160	0.01299	0.05006	0.00900	0.01335	0.01171	0.01625	0.01824	0.02656	0.01696	0.04974	0.68561	0.01067	0.01834	0.00730	0.00373	0.00634
1	0.00847	0.00618	0.00798	0.00942	0.01004	0.00569	0.00635	0.00975	0.01364	0.01793	0.04202	0.67470	0.11936	0.02140	0.00883	0.00278	0.00399	0.01927	0.00648	0.00569
2	0.01188	0.00622	0.00933	0.00933	0.00946	0.00635	0.00635	0.00946	0.00933	0.01257	0.01285	0.02190	0.01271	0.02735	0.10463	0.71011	0.00746	0.00622	0.00311	0.00338
3	0.00978	0.00743	0.01076	0.01076	0.01213	0.00841	0.00834	0.01219	0.01173	0.01649	0.02444	0.03181	0.09382	0.04850	0.64764	0.01024	0.01702	0.00828	0.00404	0.00619
4	0.01397	0.01186	0.01411	0.01043	0.01609	0.00924	0.00832	0.01701	0.01411	0.02202	0.01310	0.01590	0.01112	0.01038	0.08497	0.00216	0.00666	0.00450	0.00409	0.70996
5	0.00847	0.00618	0.00798	0.00942	0.01004	0.00569	0.00635	0.00975	0.01364	0.01793	0.04202	0.67470	0.11936	0.02140	0.00883	0.00278	0.00399	0.01927	0.00648	0.00569
6	0.02457	0.02192	0.01955	0.01604	0.02061	0.21071	0.01282	0.43495	0.02690	0.03364	0.01536	0.01681	0.01171	0.01292	0.08640	0.00302	0.01022	0.00593	0.00571	0.01022
7	0.00843	0.00674	0.00754	0.00806	0.00972	0.00586	0.00577	0.01009	0.01527	0.01902	0.09615	0.29605	0.44902	0.01889	0.00847	0.00251	0.00369	0.01633	0.00655	0.00586
8	0.00912	0.00714	0.00848	0.00825	0.01018	0.00650	0.00622	0.01161	0.01701	0.02241	0.33342	0.05643	0.36114	0.02007	0.08770	0.00327	0.00511	0.01304	0.00668	0.00622
9	0.02069	0.01446	0.01562	0.01334	0.01761	0.03392	0.01056	0.10954	0.37962	0.17861	0.03105	0.02864	0.09494	0.01001	0.00717	0.00227	0.00583	0.00818	0.00726	0.01067
10	0.72337	0.01794	0.01513	0.01387	0.01841	0.01885	0.01049	0.02459	0.01617	0.03605	0.01671	0.02102	0.01424	0.01100	0.00739	0.00338	0.00770	0.00612	0.00656	0.01101
11	0.80405	0.01350	0.01026	0.00918	0.01350	0.01565	0.00756	0.02051	0.01188	0.03131	0.00972	0.01134	0.00756	0.00648	0.00432	0.00216	0.00540	0.00378	0.00432	0.00756
12	0.01736	0.01499	0.01578	0.01420	0.01815	0.01736	0.01105	0.03708	0.69862	0.02919	0.02840	0.02604	0.02130	0.00947	0.00710	0.00237	0.00552	0.00789	0.00710	0.01105
13	0.01736	0.01499	0.01578	0.01420	0.01815	0.01736	0.01105	0.03708	0.69862	0.02919	0.02840	0.02604	0.02130	0.00947	0.00710	0.00237	0.00552	0.00789	0.00710	0.01105
14	0.03131	0.01188	0.01619	0.01242	0.01781	0.01026	0.01026	0.03401	0.01997	0.71606	0.02753	0.02375	0.01727	0.00864	0.00702	0.00216	0.00594	0.00702	0.00864	0.01188
15	0.01727	0.01658	0.02832	0.04283	0.71123	0.01658	0.02142	0.02142	0.01589	0.02280	0.01313	0.01727	0.01105	0.00622	0.00691	0.00207	0.00829	0.00622	0.00345	0.01105
16	0.00833	0.00707	0.00718	0.00715	0.00947	0.00592	0.00536	0.01017	0.01609	0.01929	0.10139	0.06643	0.67742	0.01751	0.00825	0.00235	0.00352	0.01463	0.00654	0.00592
17	0.01081	0.00772	0.01075	0.01235	0.01377	0.00766	0.01049	0.01371	0.01564	0.02040	0.03719	0.18531	0.04111	0.01969	0.00952	0.00315	0.00605	0.56196	0.00643	0.00631
18	0.00960	0.00705	0.00899	0.00866	0.01029	0.00644	0.00644	0.01258	0.01888	0.02626	0.59021	0.10275	0.13549	0.01518	0.00828	0.00226	0.00337	0.01336	0.00746	0.00644
19	0.03131	0.01188	0.01619	0.01242	0.01781	0.01026	0.01026	0.03401	0.01997	0.71606	0.02753	0.02375	0.01727	0.00864	0.00702	0.00216	0.00594	0.00702	0.00864	0.01188
20	0.11673	0.01205	0.01554	0.01206	0.01734	0.01085	0.00996	0.03252	0.01908	0.64037	0.02556	0.02238	0.01620	0.00840	0.00672	0.00216	0.00588	0.00666	0.00816	0.01140
21	0.01727	0.01658	0.02832	0.04283	0.71123	0.01658	0.02142	0.02142	0.01589	0.02280	0.01313	0.01727	0.01105	0.00622	0.00691	0.00207	0.00829	0.00622	0.00345	0.01105
22	0.01866	0.75896	0.03657	0.01194	0.01791	0.02761	0.01194	0.02090	0.01418	0.01642	0.00970	0.01119	0.00896	0.00597	0.00448	0.00149	0.00746	0.00373	0.00299	0.00896
23	0.02565	0.03238	0.01958	0.01780	0.02141	0.69255	0.01337	0.02831	0.05250	0.01766	0.01164	0.01323	0.00958	0.00730	0.00633	0.00183	0.01224	0.00466	0.00376	0.00823
24	0.00977	0.00667	0.00766	0.00793	0.00813	0.00653	0.00466	0.01007	0.01100	0.01454	0.02747	0.16343	0.06743	0.59184	0.02957	0.00587	0.00613	0.01201	0.00473	0.00456
25	0.00871	0.00628	0.00826	0.00948	0.01015	0.00582	0.00645	0.01027	0.01446	0.01946	0.14577	0.61610	0.07185	0.02051	0.00878	0.00272	0.00391	0.01852	0.00667	0.00582
26	0.80405	0.01350	0.01026	0.00918	0.01350	0.01565	0.00756	0.02051	0.01188	0.03131	0.00972	0.01134	0.00756	0.00648	0.00432	0.00216	0.00540	0.00378	0.00432	0.00756
27	0.01727	0.01658	0.02832	0.04283	0.71123	0.01658	0.02142	0.02142	0.01589	0.02280	0.01313	0.01727	0.01105	0.00622	0.00691	0.00207	0.00829	0.00622	0.00345	0.01105
28	0.00997	0.00748	0.01121	0.01121	0.01246	0.00872	0.00872	0.01246	0.01121	0.01620	0.01869	0.02741	0.01745	0.05234	0.72710	0.01121	0.01869	0.00748	0.00374	0.00623
29	0.00826	0.00702	0.00712	0.00720	0.00946	0.00588	0.00536	0.01000	0.01578	0.01880	0.06914	0.10008	0.67647	0.01787	0.00828	0.00238	0.00356	0.01497	0.00648	0.00588
30	0.00997	0.00748	0.01121	0.01121	0.01246	0.00872	0.00872	0.01246	0.01121	0.01620	0.01869	0.02741	0.01745	0.05234	0.72710	0.01121	0.01869	0.00748	0.00374	0.00623
31	0.01712	0.01643	0.02806	0.06812	0.68711	0.01654	0.02134	0.02129	0.01582	0.02262	0.01310	0.01732	0.01099	0.00625	0.00691	0.00208	0.00833	0.00622	0.00344	0.01093
32	0.01889	0.73632	0.03604	0.01213	0.01802	0.04942	0.01199	0.02111	0.01435	0.01644	0.00974	0.01124	0.00896	0.00601	0.00453	0.00150	0.00762	0.00376	0.00300	0.00893
33	0.01736	0.01499	0.01578	0.01420	0.01815	0.01736	0.01105	0.03708	0.69862	0.02919	0.02840	0.02604	0.02130	0.00947	0.00710	0.00237	0.00552	0.00789	0.00710	0.01105
34	0.00844	0.00633	0.00783	0.00904	0.00994	0.00572	0.00618	0.00979	0.01401	0.01808	0.04668	0.57594	0.21511	0.02079	0.00874	0.00271	0.00392	0.01853	0.00648	0.00572
35	0.02927	0.10217	0.01916	0.01276	0.01825	0.01359	0.01079	0.10473	0.02070	0.55800	0.02420	0.02147	0.01568	0.00829	0.00671	0.00207	0.00631	0.00654	0.00778	0.01153
36	0.01363	0.01286	0.02175	0.66114	0.12137	0.01562	0.01960	0.01823	0.01417	0.01838	0.01248	0.01846	0.00950	0.00689	0.00697	0.00230	0.00919	0.00620	0.00314	0.00812
37	0.02607	0.03326	0.01978	0.01798	0.02157	0.72674	0.01348	0.02787	0.01978	0.01708	0.01079	0.01258	0.00899	0.00719	0.00629	0.00180	0.01258	0.00449	0.00360	0.00809
38	0.00847	0.00621	0.00796	0.00936	0.01003	0.00570	0.00632	0.00976	0.01370	0.01795	0.04276	0.65902	0.13456	0.02130	0.00882	0.00277	0.00398	0.01916	0.00648	0.00570
39	0.03131	0.01188	0.01619	0.01242	0.01781	0.01026	0.01026	0.03401	0.01997	0.71606	0.02753	0.02375	0.01727	0.00864	0.00702	0.00216	0.00594	0.00702	0.00864	0.01188
40	0.11653	0.01237	0.01573	0.01221	0.01749	0.01132	0.01008	0.05931	0.01960	0.61283	0.02512	0.02209	0.01598	0.00839	0.00672	0.00216	0.00595	0.00663	0.00809	0.01140
41	0.00988	0.00713	0.00933	0.00878	0.01043	0.00658	0.00658	0.01317	0.01975	0.02798	0.70754	0.05213	0.06584	0.01427	0.00823	0.00219	0.00329	0.01262	0.00768	0.00658
42	0.00834	0.00707	0.00720	0.00717	0.00948	0.00593	0.00537	0.01019	0.01612	0.01937	0.10670	0.06631	0.67206	0.01748	0.00825	0.00235	0.00352	0.01461	0.00655	0.00593
43	0.00997	0.00748	0.01121	0.01121	0.01246	0.00872	0.00872	0.01246	0.01121	0.01620	0.01869	0.02741	0.01745	0.05234	0.72710	0.01121	0.01869	0.00748	0.00374	0.00623
44	0.01640	0.01695	0.02413	0.38851	0.24219	0.11604	0.05684	0.02057	0.01549	0.01947	0.01249	0.01737	0.00986	0.00672	0.00693	0.00218	0.00960	0.00608	0.00330	0.00888
45	0.01866	0.75896	0.03657	0.01194	0.01791	0.02761	0.01194	0.02090	0.01418	0.01642	0.00970	0.01119	0.00896	0.00597	0.00448	0.00149	0.00746	0.00373	0.00299	0.00896
46	0.01400	0.03610	0.71860	0.01989	0.03020	0.01621	0.02578	0.02210	0.01473	0.02210	0.01252	0.01473	0.00884	0.00663	0.00663	0.00221	0.01031	0.00516	0.00295	0.01031
47	0.01727	0.01658	0.02832	0.04283	0.71123	0.01658	0.02142	0.02142	0.01589	0.02280	0.01313	0.01727	0.01105	0.00622	0.00691	0.00207	0.00829	0.00622	0.00345	0.01105
48	0.06004	0.05704	0.59436	0.01870	0.02799	0.05963	0.02312	0.02266	0.01501	0.04176	0.01259	0.01455	0.00902	0.00669	0.00642	0.00216	0.00996	0.00505	0.00323	0.01002
49	0.00859	0.00704	0.00764	0.00764	0.00973	0.00609	0.00569	0.01060	0.01626	0.02024	0.17399	0.10199	0.54115	0.01845	0.03124	0.00264	0.00401	0.01443	0.00659	0.00601
50	0.01594	0.01868	0.06197	0.02821	0.05407	0.01690	0.60586	0.02162	0.01636	0.02216	0.01723	0.02137	0.05000	0.00658	0.00814	0.00234	0.01115	0.00844	0.00367	0.00929
51	0.01727	0.01658	0.02832	0.04283	0.71123	0.01658	0.02142	0.02142	0.01589	0.02280	0.01313	0.01727	0.01105	0.00622	0.00691	0.00207	0.00829	0.00622	0.00345	0.01105
52	0.01587	0.01312	0.01423	0.01313	0.01643	0.01469	0.01014	0.08753	0.45479	0.02761	0.03185	0.15473	0.06438	0.01238	0.00757	0.00246	0.00538	0.03709	0.00692	0.00971
53	0.03131	0.01188	0.01619	0.01242	0.01781	0.01026	0.01026	0.03401	0.01997	0.71606	0.02753	0.02375	0.01727	0.00864	0.00702	0.00216	0.00594	0.00702	0.00864	0.01188
54	0.01006	0.00772	0.01001	0.00957	0.01099	0.00727	0.04429	0.01162	0.01373	0.01772	0.08768	0.07409	0.22102	0.32935	0.02001	0.00435	0.00577	0.10381	0.00544	0.00551
55	0.01667	0.01597	0.02724	0.14496	0.61380	0.01642	0.02112	0.02089	0.01561	0.02207	0.01302	0.01747	0.01080	0.00633	0.00692	0.00211	0.00844	0.00622	0.00340	0.01057
56	0.01651	0.01867	0.04014	0.02879	0.03572	0.01764	0.65824	0.02296	0.04442	0.02263	0.01470	0.01912	0.01103	0.00603	0.00819	0.00235	0.01151	0.00822	0.00368	0.00948
57	0.01286	0.01144	0.01562	0.01399	0.01421	0.01493	0.01094	0.01412	0.01063	0.01575	0.01453	0.02614	0.01528	0.23181	0.15241	0.00557	0.40235	0.00751	0.00351	0.00641
58	0.01318	0.01240	0.02093	0.73798	0.04806	0.01550	0.01938	0.01783	0.01395	0.01783	0.01240	0.01860	0.00930	0.00698	0.00698	0.00233	0.00930	0.00620	0.00310	0.00775
59	0.01053	0.00782	0.00990	0.00926	0.01110	0.00753	0.00698	0.01527	0.07946	0.02809	0.64781	0.04983	0.06193	0.01384	0.00813	0.00221	0.00349	0.01220	0.00763	0.00698
60	0.00850	0.00607	0.00810	0.00972	0.01012	0.00567	0.00648	0.00972	0.01336	0.01781	0.03846	0.75020	0.04615	0.02186	0.00891	0.00283	0.00405	0.01984	0.00648	0.00567
61	0.01416	0.01365	0.02388	0.55945	0.16161	0.01587	0.07476	0.01882	0.01450	0.01906	0.01267	0.01839	0.00971	0.00676	0.00707	0.00228	0.00933	0.00637	0.00320	0.00846
62	0.02410	0.01723	0.01875	0.01506	0.02009	0.01900	0.01222	0.40599	0.24589	0.11351	0.02170	0.02052	0.01550	0.00876	0.00702	0.00219	0.00679	0.00688	0.00720	0.01160
63	0.03066	0.01169	0.01585	0.01221	0.01747	0.01012	0.01007	0.03338	0.01978	0.69160	0.02736	0.02383	0.01730	0.00862	0.00694	0.00214	0.00584	0.00700	0.03646	0.01169
64	0.01703	0.01481	0.01628	0.01580	0.06275	0.01690	0.01151	0.03511	0.63017	0.02841	0.02891	0.02693	0.04499	0.00955	0.00713	0.00235	0.00563	0.00802	0.00684	0.01086
65	0.01505	0.19890	0.56499	0.01810	0.02743	0.01878	0.02267	0.02183	0.01461	0.02082	0.01189	0.01394	0.00887	0.00648	0.00615	0.00205	0.00967	0.00484	0.00296	0.01001
66	0.01015	0.00677	0.00761	0.00761	0.00761	0.00677	0.00423	0.01015	0.01015	0.01353	0.02199	0.04567	0.02537	0.75476	0.03552	0.00677	0.00677	0.01015	0.00423	0.00423
67	0.01318	0.01240	0.02093	0.73798	0.04806	0.01550	0.01938	0.01783	0.01395	0.01783	0.01240	0.01860	0.00930	0.00698	0.00698	0.00233	0.00930	0.00620	0.00310	0.00775
68	0.00997	0.00748	0.01121	0.01121	0.01246	0.00872	0.00872	0.01246	0.01121	0.01620	0.01869	0.02741	0.01745	0.05234	0.72710	0.01121	0.01869	0.00748	0.00374	0.00623
69	0.80405	0.01350	0.01026	0.00918	0.01350	0.01565	0.00756	0.02051	0.01188	0.03131	0.00972	0.01134	0.00756	0.00648	0.00432	0.00216	0.00540	0.00378	0.00432	0.00756
70	0.00997	0.00748	0.01121	0.01121	0.01246	0.00872	0.00872	0.01246	0.01121	0.01620	0.01869	0.02741	0.01745	0.05234	0.72710	0.01121	0.01869	0.00748	0.00374	0.00623
71	0.01727	0.01658	0.02832	0.04283	0.71123	0.01658	0.02142	0.02142	0.01589	0.02280	0.01313	0.01727	0.01105	0.00622	0.00691	0.00207	0.00829	0.00622	0.00345	0.01105
72	0.00845	0.00626	0.00790	0.00922	0.00999	0.00571	0.00626	0.00977	0.01384	0.01801	0.04453	0.62151	0.17092	0.02107	0.00878	0.00274	0.00395	0.01888	0.00648	0.00571
73	0.00988	0.00713	0.00933	0.00878	0.01043	0.00658	0.00658	0.01317	0.01975	0.02798	0.70754	0.05213	0.06584	0.01427	0.00823	0.00219	0.00329	0.01262	0.00768	0.00658
74	0.01400	0.03610	0.71860	0.01989	0.03020	0.01621	0.02578	0.02210	0.01473	0.02210	0.01252	0.01473	0.00884	0.00663	0.00663	0.00221	0.01031	0.00516	0.00295	0.01031
75	0.11207	0.03107	0.01872	0.01700	0.02068	0.64814	0.01283	0.02705	0.01890	0.01865	0.01067	0.01245	0.00883	0.00711	0.00607	0.00184	0.01179	0.00442	0.00368	0.00803
76	0.38979	0.01837	0.01408	0.01255	0.01661	0.19306	0.00988	0.02597	0.12964	0.08267	0.01485	0.01563	0.01132	0.00877	0.02820	0.00239	0.00768	0.00503	0.00494	0.00859

[dist]
# distance from previous block
# <min> <max>
0	1

[block]
# block no. 6 follows, 30 sequences, length 48
# corresponding to MSA columns:
# 229-276
name=unknown_G
#
# <colnr> <probs for GDERKNQSTAVLIFYWHMCP>
#	G	D	E	R	K	N	Q	S	T	A	V	L	I	F	Y	W	H	M	C	P
0	0.02563	0.07645	0.02077	0.01762	0.02136	0.68513	0.01339	0.02745	0.01944	0.01704	0.01072	0.01250	0.00899	0.00712	0.00618	0.00178	0.01228	0.00445	0.00356	0.00814
1	0.00973	0.00711	0.00931	0.00998	0.01138	0.00668	0.00773	0.01231	0.01667	0.02239	0.27833	0.23775	0.12503	0.01798	0.00880	0.00266	0.00439	0.19865	0.00689	0.00623
2	0.01335	0.01258	0.02125	0.70806	0.07661	0.01555	0.01947	0.01798	0.01404	0.01804	0.01243	0.01855	0.00938	0.00694	0.00697	0.00231	0.00926	0.00620	0.00312	0.00789
3	0.02964	0.01341	0.01701	0.01316	0.01851	0.01268	0.01083	0.14936	0.06263	0.55681	0.02568	0.02266	0.01656	0.00864	0.00702	0.00216	0.00622	0.00694	0.00825	0.01182
4	0.03131	0.01188	0.01619	0.01242	0.01781	0.01026	0.01026	0.03401	0.01997	0.71606	0.02753	0.02375	0.01727	0.00864	0.00702	0.00216	0.00594	0.00702	0.00864	0.01188
5	0.00849	0.00612	0.00805	0.00958	0.01009	0.00568	0.00642	0.00973	0.01349	0.01787	0.04008	0.71582	0.07948	0.02165	0.00887	0.00281	0.00402	0.01958	0.00648	0.00568
6	0.02672	0.01810	0.01991	0.01539	0.02085	0.01964	0.01267	0.54887	0.07047	0.14623	0.01910	0.01838	0.01326	0.00848	0.00699	0.00212	0.00728	0.00649	0.00724	0.01182
7	0.01834	0.01494	0.01600	0.01399	0.01823	0.01678	0.01096	0.07127	0.58998	0.06161	0.02677	0.02473	0.01995	0.00911	0.00698	0.00226	0.00564	0.00754	0.00699	0.05793
8	0.02294	0.02145	0.01944	0.01756	0.06156	0.20161	0.01310	0.27142	0.24002	0.03109	0.01870	0.01866	0.01408	0.00829	0.00684	0.00210	0.00829	0.00633	0.00594	0.01058
9	0.01866	0.75896	0.03657	0.01194	0.01791	0.02761	0.01194	0.02090	0.01418	0.01642	0.00970	0.01119	0.00896	0.00597	0.00448	0.00149	0.00746	0.00373	0.00299	0.00896
10	0.00988	0.00713	0.00933	0.00878	0.01043	0.00658	0.00658	0.01317	0.01975	0.02798	0.70754	0.05213	0.06584	0.01427	0.00823	0.00219	0.00329	0.01262	0.00768	0.00658
11	0.00825	0.00707	0.00707	0.00707	0.00943	0.00589	0.00530	0.01001	0.01591	0.01885	0.07069	0.06716	0.70839	0.01767	0.00825	0.00236	0.00353	0.01473	0.00648	0.00589
12	0.01400	0.03610	0.71860	0.01989	0.03020	0.01621	0.02578	0.02210	0.01473	0.02210	0.01252	0.01473	0.00884	0.00663	0.00663	0.00221	0.01031	0.00516	0.00295	0.01031
13	0.00850	0.00607	0.00810	0.00972	0.01012	0.00567	0.00648	0.00972	0.01336	0.01781	0.03846	0.75020	0.04615	0.02186	0.00891	0.00283	0.00405	0.01984	0.00648	0.00567
14	0.01447	0.01240	0.01447	0.01034	0.01654	0.00930	0.00827	0.01757	0.01447	0.02274	0.01240	0.01447	0.01034	0.00517	0.00517	0.00103	0.00517	0.00413	0.00413	0.79742
15	0.01735	0.01507	0.01641	0.01564	0.05303	0.01732	0.01157	0.03629	0.66426	0.02887	0.02763	0.02559	0.02079	0.00930	0.00709	0.00235	0.00566	0.00781	0.00692	0.01105
16	0.01584	0.01636	0.03061	0.02395	0.09174	0.01462	0.38658	0.02059	0.01571	0.02253	0.01342	0.01715	0.01054	0.00566	0.00704	0.00186	0.00913	0.00661	0.00373	0.28631
17	0.05061	0.68855	0.03441	0.01186	0.01773	0.02619	0.01167	0.02160	0.01440	0.05516	0.01067	0.01188	0.00935	0.00614	0.00461	0.00156	0.00730	0.00391	0.00335	0.00906
18	0.01629	0.02108	0.15244	0.03187	0.24018	0.01708	0.37201	0.02203	0.01600	0.02244	0.01355	0.01766	0.01043	0.00611	0.00756	0.00224	0.01046	0.00710	0.00341	0.01006
19	0.00850	0.00607	0.00810	0.00972	0.01012	0.00567	0.00648	0.00972	0.01336	0.01781	0.03846	0.75020	0.04615	0.02186	0.00891	0.00283	0.00405	0.01984	0.00648	0.00567
20	0.01706	0.01636	0.02794	0.07921	0.67652	0.01652	0.02131	0.02123	0.01579	0.02254	0.01309	0.01734	0.01096	0.00626	0.00691	0.00209	0.00834	0.00622	0.00344	0.01088
21	0.01736	0.01499	0.01578	0.01420	0.01815	0.01736	0.01105	0.03708	0.69862	0.02919	0.02840	0.02604	0.02130	0.00947	0.00710	0.00237	0.00552	0.00789	0.00710	0.01105
22	0.01055	0.00784	0.00991	0.00927	0.01112	0.00755	0.00699	0.01532	0.08091	0.02809	0.64636	0.04978	0.06183	0.01383	0.00813	0.00221	0.00349	0.01219	0.00763	0.00699
23	0.00941	0.00668	0.00842	0.00877	0.00963	0.00629	0.00595	0.01116	0.01517	0.02078	0.29462	0.29192	0.07110	0.19066	0.01486	0.00349	0.00438	0.01460	0.00642	0.00569
24	0.01866	0.75896	0.03657	0.01194	0.01791	0.02761	0.01194	0.02090	0.01418	0.01642	0.00970	0.01119	0.00896	0.00597	0.00448	0.00149	0.00746	0.00373	0.00299	0.00896
25	0.01727	0.01658	0.02832	0.04283	0.71123	0.01658	0.02142	0.02142	0.01589	0.02280	0.01313	0.01727	0.01105	0.00622	0.00691	0.00207	0.00829	0.00622	0.00345	0.01105
26	0.00988	0.00713	0.00933	0.00878	0.01043	0.00658	0.00658	0.01317	0.01975	0.02798	0.70754	0.05213	0.06584	0.01427	0.00823	0.00219	0.00329	0.01262	0.00768	0.00658
27	0.01662	0.01590	0.02687	0.06855	0.64656	0.01595	0.02046	0.02065	0.01581	0.02238	0.01624	0.02004	0.04901	0.00687	0.00698	0.00210	0.00807	0.00668	0.00361	0.01064
28	0.01866	0.75896	0.03657	0.01194	0.01791	0.02761	0.01194	0.02090	0.01418	0.01642	0.00970	0.01119	0.00896	0.00597	0.00448	0.00149	0.00746	0.00373	0.00299	0.00896
29	0.01008	0.00680	0.00793	0.00798	0.00810	0.00690	0.00468	0.01033	0.01034	0.01389	0.02222	0.06593	0.02534	0.67242	0.09343	0.00702	0.00769	0.01022	0.00426	0.00444
30	0.01015	0.00677	0.00761	0.00761	0.00761	0.00677	0.00423	0.01015	0.01015	0.01353	0.02199	0.04567	0.02537	0.75476	0.03552	0.00677	0.00677	0.01015	0.00423	0.00423
31	0.80405	0.01350	0.01026	0.00918	0.01350	0.01565	0.00756	0.02051	0.01188	0.03131	0.00972	0.01134	0.00756	0.00648	0.00432	0.00216	0.00540	0.00378	0.00432	0.00756
32	0.01866	0.75896	0.03657	0.01194	0.01791	0.02761	0.01194	0.02090	0.01418	0.01642	0.00970	0.01119	0.00896	0.00597	0.00448	0.00149	0.00746	0.00373	0.00299	0.00896
33	0.03131	0.01188	0.01619	0.01242	0.01781	0.01026	0.01026	0.03401	0.01997	0.71606	0.02753	0.02375	0.01727	0.00864	0.00702	0.00216	0.00594	0.00702	0.00864	0.01188
34	0.01727	0.01658	0.02832	0.04283	0.71123	0.01658	0.02142	0.02142	0.01589	0.02280	0.01313	0.01727	0.01105	0.00622	0.00691	0.00207	0.00829	0.00622	0.00345	0.01105
35	0.01423	0.05917	0.67339	0.01995	0.03001	0.01663	0.04762	0.02207	0.01477	0.02192	0.01248	0.01476	0.00890	0.00658	0.00661	0.00219	0.01027	0.00521	0.00297	0.01024
36	0.02653	0.01955	0.02094	0.01606	0.02164	0.02164	0.01326	0.68796	0.03281	0.04398	0.01675	0.01675	0.01187	0.00838	0.00698	0.00209	0.00768	0.00628	0.00698	0.01187
37	0.01015	0.00677	0.00761	0.00761	0.00761	0.00677	0.00423	0.01015	0.01015	0.01353	0.02199	0.04567	0.02537	0.75476	0.03552	0.00677	0.00677	0.01015	0.00423	0.00423
38	0.80405	0.01350	0.01026	0.00918	0.01350	0.01565	0.00756	0.02051	0.01188	0.03131	0.00972	0.01134	0.00756	0.00648	0.00432	0.00216	0.00540	0.00378	0.00432	0.00756
39	0.01727	0.01658	0.02832	0.04283	0.71123	0.01658	0.02142	0.02142	0.01589	0.02280	0.01313	0.01727	0.01105	0.00622	0.00691	0.00207	0.00829	0.00622	0.00345	0.01105
40	0.00860	0.00649	0.00797	0.00904	0.01012	0.00587	0.00635	0.01013	0.01444	0.01858	0.06835	0.49330	0.24467	0.02026	0.00872	0.00269	0.00398	0.04811	0.00651	0.00580
41	0.01816	0.01539	0.01623	0.01436	0.01845	0.01773	0.01124	0.09402	0.64037	0.03049	0.02738	0.02522	0.02048	0.00937	0.00709	0.00234	0.00571	0.00775	0.00709	0.01112
42	0.02651	0.01569	0.05556	0.01392	0.01926	0.01471	0.01185	0.23937	0.08931	0.36612	0.02313	0.02229	0.01587	0.04328	0.00832	0.00238	0.00673	0.00691	0.00745	0.01135
43	0.00849	0.00613	0.00804	0.00958	0.01009	0.00568	0.00642	0.00973	0.01349	0.01787	0.04015	0.71446	0.08081	0.02164	0.00887	0.00281	0.00402	0.01957	0.00648	0.00568
44	0.14894	0.08137	0.01869	0.01474	0.01915	0.40844	0.01153	0.05284	0.01775	0.02143	0.01106	0.01277	0.00910	0.00670	0.00568	0.00172	0.00958	0.00434	0.00390	0.14028
45	0.02159	0.01716	0.05494	0.01446	0.01977	0.01703	0.01217	0.31883	0.19164	0.08918	0.02047	0.04686	0.01554	0.00863	0.00681	0.00205	0.00665	0.00689	0.00651	0.12282
46	0.15770	0.01670	0.04902	0.01366	0.01878	0.01713	0.01147	0.23214	0.23639	0.06265	0.01900	0.01870	0.01402	0.00797	0.00634	0.00208	0.00637	0.00610	0.00612	0.09767
47	0.01866	0.02113	0.19786	0.01661	0.04508	0.01699	0.01538	0.17472	0.26613	0.05027	0.01966	0.01959	0.01449	0.00795	0.00676	0.00212	0.00730	0.00639	0.00564	0.08728

[dist]
# distance from previous block
# <min> <max>
8	29

# created by:
# /st0/software/busco_prod/Augustus/scripts/msa2prfl.pl ./align_prep/143771.fa
