[name]
unknown

[dist]
# distance from previous block
# <min> <max>
0	47

[block]
# block no. 0 follows, 23 sequences, length 8
# corresponding to MSA columns:
# 66-73
name=unknown_A
#
# <colnr> <probs for GDERKNQSTAVLIFYWHMCP>
#	G	D	E	R	K	N	Q	S	T	A	V	L	I	F	Y	W	H	M	C	P
0	0.01996	0.01349	0.01740	0.01792	0.09979	0.01324	0.01225	0.10862	0.05175	0.12009	0.04875	0.06599	0.07653	0.09934	0.01377	0.03982	0.00725	0.09182	0.00684	0.07537
1	0.01806	0.01302	0.01916	0.31003	0.03421	0.01488	0.01626	0.02479	0.09817	0.11190	0.02420	0.03377	0.01994	0.01749	0.09733	0.00413	0.01042	0.08062	0.04196	0.00967
2	0.11921	0.01003	0.01159	0.01345	0.08959	0.01037	0.00859	0.01931	0.01598	0.02871	0.02156	0.02602	0.01739	0.01116	0.00898	0.09313	0.00522	0.00703	0.47479	0.00789
3	0.01839	0.01078	0.01182	0.01071	0.01370	0.01089	0.00814	0.06272	0.10538	0.11129	0.03492	0.06099	0.10013	0.07660	0.01042	0.00283	0.00532	0.00993	0.32591	0.00912
4	0.02129	0.01621	0.01907	0.09638	0.02394	0.01775	0.01339	0.32303	0.02790	0.03731	0.11483	0.03437	0.10565	0.01805	0.09004	0.00380	0.00939	0.00973	0.00716	0.01070
5	0.20811	0.01735	0.04202	0.03891	0.02145	0.01805	0.01313	0.14739	0.03930	0.14165	0.06419	0.02211	0.01767	0.00989	0.00964	0.00253	0.09588	0.00702	0.00654	0.07717
6	0.02553	0.02000	0.01972	0.01682	0.02165	0.10370	0.01321	0.21338	0.23046	0.11896	0.02766	0.10593	0.02253	0.01189	0.00833	0.00261	0.00807	0.00964	0.00784	0.01207
7	0.01754	0.11133	0.02161	0.01791	0.09620	0.04392	0.01315	0.02112	0.01771	0.02462	0.02111	0.03519	0.02046	0.01047	0.00749	0.00209	0.00755	0.15557	0.00517	0.34978

[dist]
# distance from previous block
# <min> <max>
1	11

[block]
# block no. 1 follows, 23 sequences, length 27
# corresponding to MSA columns:
# 85-111
name=unknown_B
#
# <colnr> <probs for GDERKNQSTAVLIFYWHMCP>
#	G	D	E	R	K	N	Q	S	T	A	V	L	I	F	Y	W	H	M	C	P
0	0.07656	0.02135	0.05629	0.05045	0.17053	0.10482	0.01706	0.06414	0.23047	0.05450	0.02283	0.02626	0.01815	0.00977	0.00796	0.00259	0.00888	0.03957	0.00611	0.01172
1	0.05518	0.04936	0.14751	0.08096	0.20846	0.01888	0.14856	0.02624	0.05173	0.05730	0.01666	0.02011	0.01276	0.00755	0.00792	0.00244	0.01023	0.00722	0.00450	0.06642
2	0.02311	0.01678	0.01844	0.01614	0.02103	0.01869	0.01268	0.04247	0.53638	0.14885	0.03284	0.02979	0.02392	0.01083	0.00824	0.00271	0.00651	0.00899	0.00858	0.01302
3	0.01862	0.01548	0.01779	0.01287	0.01999	0.01265	0.01036	0.09916	0.01955	0.02959	0.01507	0.01716	0.01225	0.00649	0.00628	0.00136	0.00638	0.00513	0.00523	0.66862
4	0.05266	0.01972	0.03239	0.02914	0.15719	0.04577	0.24325	0.06218	0.06466	0.15152	0.02006	0.02225	0.01463	0.00803	0.00842	0.00252	0.01027	0.00812	0.00579	0.04140
5	0.01063	0.00782	0.00951	0.01015	0.01140	0.00722	0.00708	0.01252	0.01712	0.02254	0.16618	0.29500	0.19148	0.14390	0.01553	0.00386	0.00511	0.04904	0.00733	0.00660
6	0.00986	0.00715	0.00933	0.01107	0.01171	0.00661	0.00743	0.01132	0.01575	0.02080	0.04745	0.66362	0.09782	0.02507	0.01030	0.00325	0.00466	0.02264	0.00753	0.00661
7	0.01932	0.01977	0.06262	0.12756	0.55951	0.01911	0.02486	0.02443	0.01814	0.02576	0.01513	0.02013	0.01248	0.00736	0.00803	0.00245	0.00990	0.00717	0.00394	0.01234
8	0.01079	0.00776	0.00906	0.00937	0.01090	0.00697	0.00654	0.01156	0.01608	0.02017	0.08500	0.17757	0.34625	0.08274	0.01671	0.14911	0.00509	0.01568	0.00661	0.00604
9	0.03278	0.01351	0.01800	0.01416	0.01988	0.01207	0.01156	0.03737	0.06690	0.56163	0.09498	0.03111	0.02607	0.01077	0.00831	0.00253	0.00656	0.00888	0.00981	0.01313
10	0.01148	0.00829	0.01085	0.01021	0.01212	0.00766	0.00766	0.01531	0.02297	0.03254	0.65994	0.06061	0.07656	0.01659	0.00957	0.00255	0.00383	0.01467	0.00893	0.00766
11	0.17963	0.02091	0.02140	0.01689	0.02295	0.02339	0.01389	0.46907	0.07888	0.04688	0.01884	0.01902	0.01361	0.00939	0.00750	0.00247	0.00821	0.00686	0.00750	0.01272
12	0.77215	0.01569	0.01193	0.01067	0.01569	0.01820	0.00879	0.02385	0.01381	0.03641	0.01130	0.01318	0.00879	0.00753	0.00502	0.00251	0.00628	0.00439	0.00502	0.00879
13	0.01343	0.00870	0.01128	0.01049	0.01277	0.00791	0.00792	0.01695	0.02228	0.08649	0.53224	0.09364	0.11121	0.01677	0.00949	0.00260	0.00416	0.01473	0.00886	0.00808
14	0.02018	0.01743	0.01835	0.01651	0.02110	0.02018	0.01284	0.04312	0.64956	0.03394	0.03303	0.03027	0.02477	0.01101	0.00826	0.00275	0.00642	0.00917	0.00826	0.01284
15	0.01627	0.04197	0.67279	0.02313	0.03512	0.01884	0.02998	0.02570	0.01713	0.02570	0.01456	0.01713	0.01028	0.00771	0.00771	0.00257	0.01199	0.00600	0.00343	0.01199
16	0.01000	0.00729	0.00930	0.01076	0.01156	0.00672	0.00726	0.01153	0.01607	0.02116	0.07484	0.57464	0.13022	0.05343	0.01153	0.00339	0.00473	0.02149	0.00748	0.00660
17	0.00989	0.00706	0.00942	0.01130	0.01177	0.00659	0.00753	0.01130	0.01554	0.02071	0.04472	0.70954	0.05367	0.02542	0.01036	0.00330	0.00471	0.02307	0.00753	0.00659
18	0.01532	0.01442	0.02434	0.69533	0.05589	0.01803	0.02253	0.02073	0.01622	0.02073	0.01442	0.02163	0.01082	0.00811	0.00811	0.00270	0.01082	0.00721	0.00361	0.00901
19	0.01007	0.00726	0.00955	0.01103	0.01178	0.00674	0.00749	0.01182	0.01659	0.02225	0.12341	0.60204	0.08167	0.02411	0.01023	0.00318	0.00457	0.02177	0.00771	0.00674
20	0.01212	0.00797	0.00938	0.00956	0.01020	0.00767	0.00594	0.01288	0.01409	0.04190	0.06735	0.18487	0.08780	0.45940	0.02972	0.00607	0.00669	0.01449	0.00605	0.00587
21	0.03023	0.02242	0.02400	0.01854	0.02493	0.02488	0.01527	0.60278	0.07354	0.05014	0.02027	0.02011	0.01443	0.00981	0.00813	0.00245	0.00878	0.00741	0.00813	0.01374
22	0.07886	0.01726	0.01865	0.01464	0.01997	0.01779	0.01165	0.32285	0.02695	0.03845	0.07028	0.02611	0.02014	0.10079	0.01184	0.00288	0.00753	0.00771	0.00680	0.17885
23	0.06419	0.01595	0.01808	0.01428	0.01969	0.01582	0.01131	0.19465	0.08123	0.18023	0.02298	0.02629	0.01787	0.11058	0.01232	0.00301	0.00733	0.00764	0.00726	0.16929
24	0.05225	0.05242	0.02413	0.01969	0.06972	0.04425	0.08163	0.20574	0.09211	0.05848	0.02386	0.02605	0.06026	0.04653	0.00958	0.00261	0.00849	0.00805	0.00634	0.10781
25	0.02362	0.10949	0.02896	0.07477	0.12734	0.09231	0.07668	0.18783	0.11262	0.03188	0.01810	0.02006	0.01398	0.00848	0.00773	0.00235	0.00975	0.00708	0.00564	0.04133
26	0.14256	0.06935	0.02415	0.05513	0.06941	0.10558	0.07118	0.15004	0.08235	0.03152	0.01951	0.02158	0.03855	0.01130	0.03946	0.00289	0.00986	0.00709	0.00557	0.04290

[dist]
# distance from previous block
# <min> <max>
3	31

[block]
# block no. 2 follows, 23 sequences, length 54
# corresponding to MSA columns:
# 143-162,170-203
name=unknown_C
#
# <colnr> <probs for GDERKNQSTAVLIFYWHMCP>
#	G	D	E	R	K	N	Q	S	T	A	V	L	I	F	Y	W	H	M	C	P
0	0.02032	0.41092	0.13976	0.01565	0.02260	0.05625	0.01588	0.04994	0.04069	0.02282	0.01452	0.01690	0.01226	0.01143	0.05588	0.00277	0.01009	0.00542	0.03376	0.04213
1	0.01719	0.02619	0.25417	0.21081	0.19030	0.05463	0.02408	0.02343	0.01764	0.02393	0.01986	0.02369	0.06184	0.00874	0.00802	0.00255	0.01064	0.00745	0.00398	0.01085
2	0.18820	0.07832	0.12763	0.02139	0.05012	0.02109	0.15253	0.17275	0.02186	0.03357	0.01662	0.05018	0.01339	0.00872	0.00756	0.00252	0.00967	0.00746	0.00528	0.01114
3	0.13278	0.11045	0.06092	0.20724	0.11591	0.08885	0.01784	0.02705	0.09319	0.04852	0.01633	0.01933	0.01267	0.00818	0.00718	0.00244	0.00950	0.00642	0.00469	0.01050
4	0.07676	0.27178	0.18459	0.01657	0.02344	0.05536	0.01698	0.08669	0.01840	0.02531	0.01482	0.01809	0.01235	0.01701	0.12535	0.00407	0.01191	0.00586	0.00425	0.01042
5	0.07288	0.06313	0.55065	0.02395	0.08226	0.01932	0.02742	0.02545	0.01697	0.02631	0.01425	0.01692	0.01037	0.00763	0.00744	0.00252	0.01126	0.00591	0.00359	0.01176
6	0.01415	0.01283	0.04213	0.01178	0.01496	0.03780	0.00916	0.04603	0.04715	0.02567	0.17329	0.13003	0.13177	0.14000	0.01450	0.00341	0.00620	0.01275	0.00671	0.11971
7	0.01955	0.01564	0.01666	0.01438	0.01842	0.04499	0.01105	0.21293	0.08953	0.03287	0.06502	0.20379	0.05810	0.04376	0.00992	0.00275	0.00689	0.01215	0.00723	0.11436
8	0.01864	0.04869	0.01444	0.01135	0.01459	0.01012	0.00886	0.02184	0.02162	0.20011	0.38276	0.04936	0.07904	0.06898	0.01143	0.00292	0.00524	0.01225	0.00856	0.00920
9	0.09880	0.01948	0.02195	0.11541	0.02766	0.02204	0.01526	0.40795	0.06465	0.04190	0.01887	0.02072	0.01398	0.01323	0.05886	0.00330	0.00977	0.00722	0.00688	0.01207
10	0.17397	0.21369	0.02426	0.01505	0.02010	0.21073	0.01253	0.07968	0.04666	0.02744	0.01501	0.01677	0.01219	0.00817	0.00621	0.00211	0.00926	0.00543	0.09087	0.00987
11	0.01132	0.00866	0.01043	0.00992	0.01218	0.00796	0.00746	0.01546	0.04800	0.02964	0.47291	0.06420	0.23697	0.01746	0.00952	0.00261	0.00402	0.01513	0.00852	0.00765
12	0.02083	0.61169	0.14298	0.01536	0.02310	0.02999	0.01645	0.02452	0.01659	0.02014	0.01180	0.01367	0.01039	0.00706	0.00561	0.00187	0.00921	0.00460	0.00346	0.01066
13	0.02102	0.63588	0.12048	0.01503	0.02259	0.03047	0.01587	0.02447	0.01657	0.01991	0.01169	0.01353	0.01040	0.00704	0.00552	0.00184	0.00909	0.00454	0.00347	0.01061
14	0.01127	0.00829	0.01054	0.00998	0.01199	0.00756	0.00748	0.01489	0.02245	0.03131	0.59311	0.06263	0.14415	0.01705	0.00957	0.00257	0.00386	0.01496	0.00877	0.00756
15	0.01096	0.00796	0.01050	0.01172	0.01300	0.00750	0.00879	0.01349	0.01806	0.02411	0.17379	0.37694	0.10409	0.02250	0.01034	0.00321	0.00515	0.16304	0.00781	0.00704
16	0.13180	0.05886	0.08334	0.07581	0.14622	0.05147	0.01753	0.07916	0.06493	0.02848	0.01958	0.05135	0.01753	0.01078	0.00927	0.00270	0.06281	0.07265	0.00520	0.01053
17	0.01051	0.00868	0.00928	0.00905	0.01170	0.00767	0.00681	0.01397	0.05019	0.02479	0.20412	0.07200	0.50420	0.01923	0.00952	0.00270	0.00416	0.01621	0.00787	0.00732
18	0.00979	0.00744	0.00902	0.01029	0.01150	0.00668	0.00708	0.01141	0.01651	0.02111	0.05702	0.50233	0.25293	0.02382	0.01011	0.00311	0.00451	0.02112	0.00753	0.00668
19	0.01852	0.01740	0.02846	0.22106	0.41366	0.01863	0.02268	0.02513	0.07624	0.02554	0.01777	0.02426	0.01473	0.00842	0.00820	0.00257	0.00958	0.03111	0.00443	0.01160
20	0.02836	0.01996	0.02190	0.01738	0.02308	0.02173	0.01411	0.48596	0.06789	0.09681	0.02407	0.09828	0.01939	0.01160	0.00838	0.00256	0.00815	0.00925	0.00821	0.01294
21	0.02169	0.71972	0.04252	0.01388	0.02083	0.03211	0.01388	0.02430	0.01649	0.01909	0.01128	0.01302	0.01041	0.00694	0.00521	0.00174	0.00868	0.00434	0.00347	0.01041
22	0.01159	0.00869	0.01304	0.01304	0.01449	0.01014	0.01014	0.01449	0.01304	0.01884	0.02173	0.03188	0.02029	0.06086	0.68268	0.01304	0.02173	0.00869	0.00435	0.00724
23	0.12641	0.12137	0.43394	0.08567	0.03252	0.02035	0.02414	0.02477	0.01648	0.02593	0.01366	0.01648	0.01013	0.00763	0.00704	0.00247	0.01063	0.00567	0.00368	0.01104
24	0.02713	0.03265	0.02608	0.02989	0.22370	0.47623	0.01854	0.03007	0.02159	0.02193	0.01339	0.01633	0.01120	0.00801	0.00754	0.00219	0.01308	0.00585	0.00413	0.01048
25	0.03336	0.01613	0.06964	0.01504	0.02146	0.01289	0.01315	0.06517	0.02289	0.55821	0.02974	0.02768	0.01949	0.04463	0.00976	0.00278	0.00744	0.00813	0.00918	0.01323
26	0.01159	0.00869	0.01304	0.01304	0.01449	0.01014	0.01014	0.01449	0.01304	0.01884	0.02173	0.03188	0.02029	0.06086	0.68268	0.01304	0.02173	0.00869	0.00435	0.00724
27	0.01180	0.00787	0.00885	0.00885	0.00885	0.00787	0.00492	0.01180	0.01180	0.01573	0.02557	0.05310	0.02950	0.71483	0.04130	0.00787	0.00787	0.01180	0.00492	0.00492
28	0.01148	0.00829	0.01085	0.01021	0.01212	0.00766	0.00766	0.01531	0.02297	0.03254	0.65994	0.06061	0.07656	0.01659	0.00957	0.00255	0.00383	0.01467	0.00893	0.00766
29	0.02018	0.01743	0.01835	0.01651	0.02110	0.02018	0.01284	0.04312	0.64956	0.03394	0.03303	0.03027	0.02477	0.01101	0.00826	0.00275	0.00642	0.00917	0.00826	0.01284
30	0.77215	0.01569	0.01193	0.01067	0.01569	0.01820	0.00879	0.02385	0.01381	0.03641	0.01130	0.01318	0.00879	0.00753	0.00502	0.00251	0.00628	0.00439	0.00502	0.00879
31	0.01652	0.01500	0.01337	0.01262	0.01562	0.12353	0.00946	0.06697	0.05583	0.04822	0.10420	0.17674	0.27602	0.01732	0.00911	0.00269	0.00658	0.01450	0.00726	0.00843
32	0.01161	0.00779	0.00891	0.00909	0.00913	0.00774	0.00517	0.01175	0.01216	0.01622	0.02743	0.11708	0.03186	0.64764	0.03828	0.00742	0.00756	0.01290	0.00517	0.00508
33	0.02146	0.01806	0.01907	0.01677	0.02159	0.02078	0.01315	0.11414	0.57645	0.03600	0.03141	0.02898	0.02346	0.01086	0.00824	0.00271	0.00672	0.00895	0.00824	0.01296
34	0.02841	0.02101	0.02257	0.01744	0.02366	0.02286	0.01432	0.52838	0.06290	0.04729	0.02008	0.02035	0.01454	0.00949	0.00783	0.00232	0.00831	0.00721	0.04904	0.07201
35	0.17214	0.01994	0.12340	0.01571	0.02270	0.01607	0.01472	0.11761	0.02254	0.35979	0.02353	0.02206	0.01549	0.00915	0.00749	0.00251	0.00789	0.00698	0.00776	0.01256
36	0.00984	0.00823	0.00857	0.00848	0.01111	0.00696	0.00636	0.01213	0.01909	0.02333	0.15894	0.07577	0.58331	0.02002	0.00959	0.00272	0.00407	0.01680	0.00772	0.00696
37	0.01159	0.00869	0.01304	0.01304	0.01449	0.01014	0.01014	0.01449	0.01304	0.01884	0.02173	0.03188	0.02029	0.06086	0.68268	0.01304	0.02173	0.00869	0.00435	0.00724
38	0.03168	0.04116	0.02037	0.01523	0.02115	0.01599	0.01256	0.18216	0.06136	0.41138	0.07730	0.02784	0.02288	0.01042	0.00816	0.00248	0.00719	0.00838	0.00915	0.01315
39	0.01831	0.29679	0.43583	0.01965	0.02975	0.02383	0.02393	0.02517	0.01689	0.02321	0.01333	0.01558	0.01033	0.00742	0.00677	0.00226	0.01075	0.00537	0.00344	0.01140
40	0.02163	0.61496	0.07091	0.01508	0.02175	0.06273	0.01496	0.02449	0.01661	0.01947	0.01147	0.01356	0.01042	0.00745	0.00662	0.00189	0.04752	0.00462	0.00351	0.01035
41	0.01513	0.00756	0.00756	0.00756	0.00945	0.00756	0.00567	0.01891	0.01702	0.03025	0.02647	0.03025	0.02080	0.00945	0.00567	0.00189	0.00378	0.00756	0.75988	0.00756
42	0.01042	0.00855	0.00926	0.00947	0.01188	0.00761	0.00707	0.01357	0.04808	0.02322	0.11682	0.16123	0.47788	0.02055	0.00970	0.00284	0.00442	0.04257	0.00767	0.00718
43	0.01180	0.00787	0.00885	0.00885	0.00885	0.00787	0.00492	0.01180	0.01180	0.01573	0.02557	0.05310	0.02950	0.71483	0.04130	0.00787	0.00787	0.01180	0.00492	0.00492
44	0.01627	0.04197	0.67279	0.02313	0.03512	0.01884	0.02998	0.02570	0.01713	0.02570	0.01456	0.01713	0.01028	0.00771	0.00771	0.00257	0.01199	0.00600	0.00343	0.01199
45	0.02169	0.71972	0.04252	0.01388	0.02083	0.03211	0.01388	0.02430	0.01649	0.01909	0.01128	0.01302	0.01041	0.00694	0.00521	0.00174	0.00868	0.00434	0.00347	0.01041
46	0.01683	0.01442	0.01683	0.01202	0.01923	0.01082	0.00961	0.02043	0.01683	0.02644	0.01442	0.01683	0.01202	0.00601	0.00601	0.00120	0.00601	0.00481	0.00481	0.76444
47	0.02018	0.01743	0.01835	0.01651	0.02110	0.02018	0.01284	0.04312	0.64956	0.03394	0.03303	0.03027	0.02477	0.01101	0.00826	0.00275	0.00642	0.00917	0.00826	0.01284
48	0.00959	0.00822	0.00822	0.00822	0.01096	0.00685	0.00617	0.01165	0.01850	0.02192	0.08220	0.07809	0.66092	0.02055	0.00959	0.00274	0.00411	0.01713	0.00754	0.00685
49	0.02082	0.01820	0.02747	0.29625	0.26997	0.02021	0.02167	0.17166	0.02236	0.03021	0.01595	0.02055	0.01228	0.00819	0.00808	0.00253	0.00993	0.00724	0.00485	0.01157
50	0.01180	0.00787	0.00885	0.00885	0.00885	0.00787	0.00492	0.01180	0.01180	0.01573	0.02557	0.05310	0.02950	0.71483	0.04130	0.00787	0.00787	0.01180	0.00492	0.00492
51	0.01853	0.01790	0.03199	0.39511	0.04763	0.01974	0.22052	0.10027	0.01994	0.02628	0.01571	0.02144	0.01168	0.00790	0.00859	0.00268	0.01151	0.00799	0.00434	0.01025
52	0.77215	0.01569	0.01193	0.01067	0.01569	0.01820	0.00879	0.02385	0.01381	0.03641	0.01130	0.01318	0.00879	0.00753	0.00502	0.00251	0.00628	0.00439	0.00502	0.00879
53	0.01861	0.01834	0.05467	0.21941	0.25822	0.01920	0.02059	0.02962	0.22052	0.02724	0.02070	0.02366	0.01599	0.00871	0.00811	0.00261	0.00904	0.00779	0.00524	0.01173

[dist]
# distance from previous block
# <min> <max>
0	13

[block]
# block no. 3 follows, 23 sequences, length 27
# corresponding to MSA columns:
# 217-243
name=unknown_D
#
# <colnr> <probs for GDERKNQSTAVLIFYWHMCP>
#	G	D	E	R	K	N	Q	S	T	A	V	L	I	F	Y	W	H	M	C	P
0	0.07066	0.25608	0.37867	0.01869	0.02818	0.02257	0.02208	0.02611	0.01713	0.07031	0.01453	0.01629	0.01092	0.00762	0.00675	0.00229	0.01018	0.00551	0.00402	0.01140
1	0.00989	0.00706	0.00942	0.01130	0.01177	0.00659	0.00753	0.01130	0.01554	0.02071	0.04472	0.70954	0.05367	0.02542	0.01036	0.00330	0.00471	0.02307	0.00753	0.00659
2	0.01159	0.00869	0.01304	0.01304	0.01449	0.01014	0.01014	0.01449	0.01304	0.01884	0.02173	0.03188	0.02029	0.06086	0.68268	0.01304	0.02173	0.00869	0.00435	0.00724
3	0.02675	0.02793	0.23993	0.01958	0.02788	0.02124	0.01980	0.35128	0.02909	0.12742	0.01956	0.01981	0.01349	0.00910	0.00799	0.00249	0.00967	0.00699	0.00682	0.01320
4	0.01532	0.01442	0.02434	0.69533	0.05589	0.01803	0.02253	0.02073	0.01622	0.02073	0.01442	0.02163	0.01082	0.00811	0.00811	0.00270	0.01082	0.00721	0.00361	0.00901
5	0.03031	0.03867	0.02299	0.02090	0.02508	0.68226	0.01568	0.03240	0.02299	0.01986	0.01254	0.01463	0.01045	0.00836	0.00732	0.00209	0.01463	0.00523	0.00418	0.00941
6	0.00989	0.00706	0.00942	0.01130	0.01177	0.00659	0.00753	0.01130	0.01554	0.02071	0.04472	0.70954	0.05367	0.02542	0.01036	0.00330	0.00471	0.02307	0.00753	0.00659
7	0.01960	0.02010	0.03317	0.18561	0.36836	0.06660	0.13897	0.02473	0.01844	0.02468	0.01510	0.02037	0.01214	0.00743	0.00829	0.00251	0.01102	0.00753	0.00396	0.01141
8	0.00989	0.00706	0.00942	0.01130	0.01177	0.00659	0.00753	0.01130	0.01554	0.02071	0.04472	0.70954	0.05367	0.02542	0.01036	0.00330	0.00471	0.02307	0.00753	0.00659
9	0.00989	0.00706	0.00942	0.01130	0.01177	0.00659	0.00753	0.01130	0.01554	0.02071	0.04472	0.70954	0.05367	0.02542	0.01036	0.00330	0.00471	0.02307	0.00753	0.00659
10	0.01148	0.00829	0.01085	0.01021	0.01212	0.00766	0.00766	0.01531	0.02297	0.03254	0.65994	0.06061	0.07656	0.01659	0.00957	0.00255	0.00383	0.01467	0.00893	0.00766
11	0.01683	0.01442	0.01683	0.01202	0.01923	0.01082	0.00961	0.02043	0.01683	0.02644	0.01442	0.01683	0.01202	0.00601	0.00601	0.00120	0.00601	0.00481	0.00481	0.76444
12	0.01180	0.00787	0.00885	0.00885	0.00885	0.00787	0.00492	0.01180	0.01180	0.01573	0.02557	0.05310	0.02950	0.71483	0.04130	0.00787	0.00787	0.01180	0.00492	0.00492
13	0.01137	0.00769	0.00898	0.00939	0.00950	0.00758	0.00550	0.01169	0.01263	0.01684	0.02983	0.19918	0.03488	0.56141	0.03441	0.00685	0.00716	0.01431	0.00550	0.00529
14	0.02025	0.45052	0.26015	0.01744	0.02600	0.06008	0.01956	0.02519	0.01704	0.02142	0.01248	0.01452	0.01037	0.00728	0.00618	0.00204	0.01013	0.00496	0.00349	0.01091
15	0.02247	0.20514	0.02865	0.09335	0.02635	0.04762	0.05901	0.20524	0.02295	0.03051	0.01643	0.01948	0.01309	0.01084	0.03470	0.00272	0.05996	0.00666	0.08409	0.01073
16	0.02306	0.01423	0.01746	0.01279	0.01970	0.01117	0.01035	0.02652	0.01886	0.23132	0.02002	0.02026	0.01459	0.00729	0.00669	0.00162	0.00629	0.00587	0.00647	0.52541
17	0.03085	0.02273	0.02435	0.01867	0.02516	0.02516	0.01542	0.63716	0.03815	0.05114	0.01948	0.01948	0.01380	0.00974	0.00812	0.00244	0.00893	0.00731	0.00812	0.01380
18	0.00959	0.00822	0.00822	0.00822	0.01096	0.00685	0.00617	0.01165	0.01850	0.02192	0.08220	0.07809	0.66092	0.02055	0.00959	0.00274	0.00411	0.01713	0.00754	0.00685
19	0.12594	0.02129	0.16791	0.10929	0.14992	0.01659	0.07881	0.02299	0.01748	0.05101	0.02482	0.03065	0.08909	0.01013	0.00809	0.00266	0.00932	0.04876	0.00486	0.01038
20	0.00989	0.00706	0.00942	0.01130	0.01177	0.00659	0.00753	0.01130	0.01554	0.02071	0.04472	0.70954	0.05367	0.02542	0.01036	0.00330	0.00471	0.02307	0.00753	0.00659
21	0.01803	0.02507	0.18229	0.03119	0.09780	0.01960	0.36695	0.02463	0.01799	0.02527	0.01696	0.05571	0.01392	0.00853	0.01021	0.00275	0.05895	0.00908	0.00408	0.01100
22	0.02380	0.05420	0.02966	0.03326	0.29248	0.22107	0.06360	0.06942	0.05443	0.02589	0.01537	0.01867	0.01258	0.00823	0.00870	0.00238	0.04350	0.00678	0.00453	0.01145
23	0.01039	0.00839	0.00939	0.00994	0.01232	0.00739	0.00780	0.01277	0.01832	0.02236	0.07079	0.12619	0.48086	0.02131	0.01000	0.00300	0.00490	0.14940	0.00752	0.00697
24	0.01771	0.10264	0.53804	0.02291	0.03377	0.05547	0.06871	0.02595	0.01752	0.02480	0.01428	0.01694	0.01044	0.00761	0.00759	0.00248	0.01194	0.00605	0.00352	0.01164
25	0.02008	0.01928	0.03294	0.04981	0.66422	0.01928	0.02490	0.02490	0.01848	0.02651	0.01526	0.02008	0.01285	0.00723	0.00803	0.00241	0.00964	0.00723	0.00402	0.01285
26	0.42471	0.08445	0.01819	0.01314	0.01846	0.02047	0.01100	0.19221	0.02163	0.03845	0.07415	0.01933	0.01666	0.00893	0.00632	0.00242	0.00701	0.00615	0.00609	0.01022

[dist]
# distance from previous block
# <min> <max>
0	2

[block]
# block no. 4 follows, 23 sequences, length 51
# corresponding to MSA columns:
# 251-292,319-327
name=unknown_E
#
# <colnr> <probs for GDERKNQSTAVLIFYWHMCP>
#	G	D	E	R	K	N	Q	S	T	A	V	L	I	F	Y	W	H	M	C	P
0	0.02754	0.05732	0.02307	0.01714	0.02292	0.02280	0.01425	0.50505	0.03401	0.04590	0.05462	0.02558	0.01901	0.01058	0.00806	0.00244	0.00828	0.03801	0.05081	0.01262
1	0.11873	0.15676	0.23656	0.02244	0.05345	0.12434	0.12891	0.02626	0.01790	0.02507	0.01358	0.01643	0.01059	0.00748	0.00719	0.00236	0.01126	0.00605	0.00390	0.01073
2	0.04644	0.01661	0.05453	0.18008	0.06595	0.01676	0.01601	0.03228	0.22578	0.16864	0.05170	0.02851	0.04091	0.01012	0.00815	0.00264	0.00788	0.00852	0.00693	0.01156
3	0.05271	0.10772	0.17510	0.02379	0.11083	0.29251	0.01957	0.04690	0.05361	0.02429	0.01447	0.01667	0.01152	0.00806	0.00726	0.00227	0.01180	0.00581	0.00427	0.01085
4	0.01288	0.00845	0.01081	0.01051	0.01150	0.00869	0.00714	0.01440	0.01428	0.05042	0.11452	0.04685	0.03306	0.39446	0.21934	0.00834	0.01123	0.01114	0.00557	0.00640
5	0.01042	0.00819	0.00942	0.00924	0.01150	0.00718	0.00688	0.01321	0.02027	0.02644	0.32982	0.10331	0.37698	0.01909	0.00962	0.00269	0.00402	0.01637	0.00814	0.00718
6	0.01295	0.00956	0.01446	0.09277	0.01955	0.00942	0.04745	0.01593	0.01814	0.05684	0.18525	0.36909	0.04959	0.01926	0.00979	0.00300	0.00600	0.04582	0.00732	0.00780
7	0.03641	0.01381	0.01883	0.01444	0.02071	0.01193	0.01193	0.03954	0.02322	0.66984	0.03201	0.02762	0.02009	0.01004	0.00816	0.00251	0.00690	0.00816	0.01004	0.01381
8	0.06034	0.01609	0.01863	0.01765	0.05849	0.01812	0.01310	0.13423	0.29671	0.05771	0.02576	0.02722	0.02009	0.02238	0.17085	0.00514	0.01075	0.00833	0.00693	0.01148
9	0.01409	0.00705	0.01057	0.01057	0.01057	0.00705	0.00705	0.01057	0.01057	0.01409	0.01409	0.02467	0.01409	0.02819	0.03171	0.76392	0.00705	0.00705	0.00352	0.00352
10	0.01959	0.01878	0.03204	0.11671	0.60117	0.01915	0.02466	0.02447	0.01824	0.02591	0.01518	0.02024	0.01264	0.00732	0.00804	0.00244	0.00976	0.00723	0.00397	0.01246
11	0.00989	0.00706	0.00942	0.01130	0.01177	0.00659	0.00753	0.01130	0.01554	0.02071	0.04472	0.70954	0.05367	0.02542	0.01036	0.00330	0.00471	0.02307	0.00753	0.00659
12	0.01621	0.01490	0.02434	0.65669	0.05413	0.01844	0.02213	0.05593	0.01748	0.02247	0.01471	0.02151	0.01099	0.00821	0.00811	0.00269	0.01071	0.00722	0.00386	0.00929
13	0.02018	0.01743	0.01835	0.01651	0.02110	0.02018	0.01284	0.04312	0.64956	0.03394	0.03303	0.03027	0.02477	0.01101	0.00826	0.00275	0.00642	0.00917	0.00826	0.01284
14	0.01692	0.01398	0.01585	0.01459	0.01716	0.07276	0.01136	0.13394	0.01862	0.02488	0.02069	0.02912	0.01867	0.08120	0.46063	0.00978	0.01794	0.00829	0.00508	0.00856
15	0.00989	0.00706	0.00942	0.01130	0.01177	0.00659	0.00753	0.01130	0.01554	0.02071	0.04472	0.70954	0.05367	0.02542	0.01036	0.00330	0.00471	0.02307	0.00753	0.00659
16	0.02008	0.01928	0.03294	0.04981	0.66422	0.01928	0.02490	0.02490	0.01848	0.02651	0.01526	0.02008	0.01285	0.00723	0.00803	0.00241	0.00964	0.00723	0.00402	0.01285
17	0.01000	0.00711	0.00938	0.01115	0.01159	0.00667	0.00738	0.01133	0.01531	0.02041	0.04357	0.67014	0.05222	0.06680	0.01221	0.00357	0.00490	0.02239	0.00738	0.00649
18	0.01683	0.01442	0.01683	0.01202	0.01923	0.01082	0.00961	0.02043	0.01683	0.02644	0.01442	0.01683	0.01202	0.00601	0.00601	0.00120	0.00601	0.00481	0.00481	0.76444
19	0.01409	0.00705	0.01057	0.01057	0.01057	0.00705	0.00705	0.01057	0.01057	0.01409	0.01409	0.02467	0.01409	0.02819	0.03171	0.76392	0.00705	0.00705	0.00352	0.00352
20	0.01663	0.01602	0.02794	0.50720	0.18588	0.01848	0.06853	0.02202	0.01693	0.02237	0.01475	0.02132	0.01137	0.00783	0.00820	0.00264	0.01078	0.00739	0.00373	0.00998
21	0.01683	0.01442	0.01683	0.01202	0.01923	0.01082	0.00961	0.02043	0.01683	0.02644	0.01442	0.01683	0.01202	0.00601	0.00601	0.00120	0.00601	0.00481	0.00481	0.76444
22	0.00987	0.00712	0.00935	0.01114	0.01173	0.00660	0.00746	0.01132	0.01569	0.02078	0.04671	0.67611	0.08581	0.02516	0.01032	0.00327	0.00468	0.02275	0.00753	0.00660
23	0.00976	0.00827	0.00845	0.00854	0.01124	0.00697	0.00650	0.01189	0.01850	0.02203	0.08032	0.07874	0.63142	0.02064	0.00967	0.00279	0.00427	0.04558	0.00753	0.00688
24	0.02964	0.02083	0.02247	0.01740	0.02344	0.02281	0.01432	0.54753	0.03537	0.08127	0.02079	0.02092	0.01479	0.00973	0.00789	0.00239	0.00834	0.00737	0.07949	0.01321
25	0.01004	0.00824	0.00885	0.00870	0.01124	0.00704	0.00652	0.01253	0.01957	0.02447	0.22090	0.07389	0.52064	0.01960	0.00959	0.00269	0.00404	0.01654	0.00787	0.00704
26	0.02438	0.52359	0.03678	0.01567	0.02189	0.19509	0.01427	0.02687	0.01836	0.04202	0.01232	0.01393	0.01076	0.00741	0.00584	0.00185	0.01011	0.00470	0.00388	0.01028
27	0.77215	0.01569	0.01193	0.01067	0.01569	0.01820	0.00879	0.02385	0.01381	0.03641	0.01130	0.01318	0.00879	0.00753	0.00502	0.00251	0.00628	0.00439	0.00502	0.00879
28	0.02838	0.02706	0.02525	0.05103	0.12619	0.23827	0.01727	0.31988	0.02927	0.03589	0.01636	0.01808	0.01244	0.00883	0.00784	0.00233	0.01097	0.00661	0.00601	0.01203
29	0.02018	0.01743	0.01835	0.01651	0.02110	0.02018	0.01284	0.04312	0.64956	0.03394	0.03303	0.03027	0.02477	0.01101	0.00826	0.00275	0.00642	0.00917	0.00826	0.01284
30	0.01127	0.00817	0.01002	0.00967	0.01158	0.00747	0.00712	0.01447	0.02094	0.02908	0.46113	0.08725	0.17975	0.05436	0.01109	0.00286	0.00413	0.01494	0.04738	0.00731
31	0.01159	0.00869	0.01304	0.01304	0.01449	0.01014	0.01014	0.01449	0.01304	0.01884	0.02173	0.03188	0.02029	0.06086	0.68268	0.01304	0.02173	0.00869	0.00435	0.00724
32	0.01909	0.39396	0.34545	0.01833	0.02770	0.02573	0.02162	0.02497	0.01680	0.02227	0.01286	0.01499	0.01035	0.00731	0.00641	0.00214	0.01027	0.00514	0.00345	0.01117
33	0.00987	0.00713	0.00934	0.01111	0.01172	0.00661	0.00745	0.01132	0.01571	0.02079	0.04697	0.67164	0.09012	0.02513	0.01031	0.00326	0.00467	0.02271	0.00753	0.00661
34	0.06421	0.46989	0.03480	0.01590	0.02188	0.23420	0.01417	0.02680	0.01838	0.02025	0.01168	0.01353	0.01034	0.00742	0.00585	0.00189	0.01041	0.00462	0.00377	0.01001
35	0.07240	0.20183	0.27661	0.08291	0.10132	0.02217	0.02170	0.06014	0.01825	0.05137	0.01455	0.01711	0.01113	0.00770	0.00701	0.00234	0.01002	0.00588	0.00416	0.01138
36	0.02170	0.27809	0.14326	0.02613	0.16454	0.09663	0.08550	0.02634	0.01829	0.04836	0.01419	0.01693	0.01151	0.00740	0.00705	0.00220	0.01056	0.00605	0.00399	0.01128
37	0.01132	0.00775	0.00938	0.00983	0.01008	0.00777	0.00604	0.01193	0.01281	0.01722	0.02980	0.20869	0.03443	0.48766	0.09435	0.00726	0.00842	0.01421	0.00549	0.00554
38	0.02111	0.01959	0.03157	0.06820	0.51378	0.04396	0.05796	0.02683	0.05235	0.06046	0.01702	0.02098	0.01367	0.00763	0.00812	0.00245	0.00979	0.00744	0.00456	0.01252
39	0.01270	0.00885	0.00956	0.00903	0.01212	0.00747	0.00690	0.01499	0.01929	0.09505	0.11126	0.07139	0.55415	0.01914	0.00943	0.00270	0.00441	0.01597	0.00790	0.00768
40	0.01150	0.00845	0.01080	0.01044	0.01232	0.00791	0.00774	0.01559	0.04264	0.03071	0.54037	0.13312	0.10262	0.01760	0.00962	0.00265	0.00403	0.01556	0.00868	0.00767
41	0.01580	0.01466	0.02446	0.49635	0.16627	0.01710	0.02132	0.02092	0.01741	0.02315	0.08680	0.02570	0.01856	0.00889	0.00826	0.00263	0.00981	0.00805	0.00428	0.00959
42	0.01709	0.01665	0.02306	0.01991	0.01991	0.02295	0.01632	0.01866	0.01236	0.01910	0.01232	0.02171	0.01276	0.09259	0.02827	0.00403	0.62255	0.00763	0.00370	0.00843
43	0.02363	0.01098	0.01474	0.01227	0.01631	0.00974	0.00974	0.02712	0.02309	0.34307	0.35397	0.04454	0.04904	0.01340	0.00888	0.00253	0.00533	0.01150	0.00947	0.01065
44	0.01660	0.03972	0.60288	0.02437	0.03593	0.01903	0.09764	0.02573	0.01736	0.02573	0.01477	0.01766	0.01051	0.00761	0.00792	0.00259	0.01218	0.00640	0.00350	0.01187
45	0.02982	0.10071	0.02638	0.01813	0.02468	0.02594	0.01525	0.56859	0.03573	0.04755	0.01856	0.01876	0.01342	0.00943	0.00779	0.00236	0.00890	0.00697	0.00760	0.01342
46	0.01421	0.00710	0.01023	0.01023	0.01045	0.00710	0.00689	0.01150	0.01129	0.01590	0.01548	0.02529	0.01484	0.02609	0.02880	0.67866	0.00668	0.00710	0.08814	0.00398
47	0.02805	0.09580	0.09745	0.02040	0.02585	0.50546	0.01711	0.07450	0.02288	0.02270	0.01316	0.01512	0.01067	0.00827	0.00724	0.00214	0.01342	0.00539	0.00432	0.01010
48	0.01366	0.00889	0.01090	0.01004	0.01271	0.00788	0.00766	0.01685	0.02156	0.10043	0.40417	0.06253	0.25788	0.01713	0.00942	0.00261	0.00426	0.01473	0.00861	0.00809
49	0.02855	0.02076	0.02217	0.01732	0.02320	0.02294	0.01420	0.53795	0.06670	0.04793	0.02095	0.02123	0.01514	0.00977	0.00785	0.00239	0.00823	0.00743	0.09223	0.01305
50	0.03405	0.01388	0.01945	0.09062	0.02465	0.01261	0.01311	0.03744	0.02244	0.59721	0.03004	0.02695	0.01905	0.00983	0.00815	0.00253	0.00734	0.00805	0.00932	0.01327

[dist]
# distance from previous block
# <min> <max>
0	11

[block]
# block no. 5 follows, 23 sequences, length 11
# corresponding to MSA columns:
# 339-349
name=unknown_F
#
# <colnr> <probs for GDERKNQSTAVLIFYWHMCP>
#	G	D	E	R	K	N	Q	S	T	A	V	L	I	F	Y	W	H	M	C	P
0	0.01581	0.00880	0.01159	0.01156	0.01368	0.00793	0.00839	0.01805	0.01866	0.16171	0.14948	0.40703	0.09474	0.02027	0.00970	0.00296	0.00498	0.01801	0.00831	0.00834
1	0.01758	0.18596	0.50597	0.02172	0.03243	0.02177	0.05747	0.02541	0.01710	0.02430	0.01395	0.01649	0.01041	0.00750	0.00727	0.00240	0.01137	0.00582	0.00347	0.01160
2	0.03067	0.01261	0.01656	0.01311	0.01863	0.01084	0.01069	0.03357	0.02221	0.53120	0.04275	0.03842	0.15720	0.01229	0.00847	0.00256	0.00631	0.01008	0.00951	0.01232
3	0.01209	0.01029	0.01283	0.01181	0.01364	0.01102	0.00924	0.01480	0.01898	0.02565	0.29778	0.05819	0.28825	0.01761	0.01323	0.00284	0.15289	0.01400	0.00724	0.00761
4	0.38888	0.01421	0.01563	0.21616	0.02747	0.01660	0.01292	0.02230	0.05392	0.02933	0.01988	0.09271	0.04076	0.01032	0.00689	0.00268	0.00740	0.00800	0.00516	0.00880
5	0.01915	0.02189	0.04788	0.03420	0.04241	0.02052	0.63475	0.02599	0.01915	0.02599	0.01642	0.02189	0.01231	0.00684	0.00958	0.00274	0.01368	0.00958	0.00410	0.01094
6	0.01002	0.00815	0.00887	0.00887	0.01127	0.00700	0.00658	0.01240	0.01924	0.02410	0.20308	0.12048	0.49153	0.02006	0.00964	0.00274	0.00409	0.01703	0.00783	0.00700
7	0.01180	0.00787	0.00885	0.00885	0.00885	0.00787	0.00492	0.01180	0.01180	0.01573	0.02557	0.05310	0.02950	0.71483	0.04130	0.00787	0.00787	0.01180	0.00492	0.00492
8	0.02211	0.01794	0.01912	0.01652	0.02139	0.02023	0.01314	0.20122	0.41648	0.03744	0.03282	0.03304	0.06182	0.01176	0.00843	0.00271	0.00701	0.03619	0.00814	0.01249
9	0.01390	0.01116	0.01343	0.01133	0.01548	0.00906	0.00840	0.01660	0.01667	0.02455	0.09329	0.21291	0.03190	0.07813	0.01084	0.00253	0.00559	0.01148	0.00600	0.40674
10	0.14735	0.02230	0.02120	0.01894	0.07582	0.13499	0.01394	0.24887	0.02534	0.03595	0.01551	0.01709	0.01194	0.00813	0.00702	0.00212	0.00893	0.00593	0.00588	0.17275

[dist]
# distance from previous block
# <min> <max>
0	15

# created by:
# /st0/software/busco_prod/Augustus/scripts/msa2prfl.pl ./align_prep/143885.fa
