[name]
unknown

[dist]
# distance from previous block
# <min> <max>
68	144

[block]
# block no. 0 follows, 27 sequences, length 16
# corresponding to MSA columns:
# 164-179
name=unknown_A
#
# <colnr> <probs for GDERKNQSTAVLIFYWHMCP>
#	G	D	E	R	K	N	Q	S	T	A	V	L	I	F	Y	W	H	M	C	P
0	0.01713	0.05246	0.14570	0.04277	0.12492	0.01413	0.03537	0.04037	0.04291	0.05948	0.01674	0.01916	0.01296	0.00708	0.00639	0.00187	0.00730	0.00594	0.13493	0.21240
1	0.04470	0.04981	0.14685	0.05397	0.15793	0.01425	0.04138	0.02201	0.03715	0.10912	0.05337	0.02813	0.07365	0.09102	0.01070	0.00280	0.00786	0.00790	0.00500	0.04239
2	0.01978	0.02259	0.15792	0.06426	0.22062	0.07047	0.12545	0.04277	0.08666	0.09077	0.01707	0.01944	0.01276	0.00743	0.00751	0.00232	0.00968	0.00688	0.00462	0.01100
3	0.04711	0.11898	0.09498	0.04649	0.11597	0.18320	0.08337	0.05844	0.01867	0.05779	0.04938	0.01816	0.01387	0.00751	0.00685	0.00206	0.00969	0.00612	0.00438	0.05698
4	0.09408	0.19250	0.02325	0.01859	0.13197	0.09039	0.01314	0.05408	0.04872	0.08680	0.08701	0.02552	0.02026	0.00913	0.00671	0.00215	0.00755	0.05203	0.02645	0.00968
5	0.16660	0.01953	0.05485	0.08563	0.20499	0.14013	0.01576	0.06143	0.01811	0.02622	0.08439	0.02353	0.01811	0.00871	0.00700	0.00228	0.00856	0.04006	0.00468	0.00943
6	0.06372	0.01677	0.13045	0.01708	0.10266	0.01232	0.01358	0.02182	0.05075	0.09834	0.11776	0.07854	0.02370	0.00941	0.00704	0.00205	0.00656	0.00799	0.00554	0.21392
7	0.01316	0.01294	0.08473	0.06487	0.05872	0.01093	0.01181	0.06640	0.04241	0.02658	0.29312	0.15614	0.04336	0.04828	0.00979	0.00272	0.00592	0.03350	0.00652	0.00811
8	0.02397	0.09115	0.09256	0.01703	0.02244	0.23561	0.01475	0.25507	0.06488	0.03053	0.06709	0.01918	0.01608	0.00865	0.00703	0.00211	0.00957	0.00634	0.00554	0.01043
9	0.01330	0.00874	0.01207	0.01265	0.06432	0.00811	0.00861	0.01653	0.01987	0.09738	0.48716	0.13462	0.05757	0.01491	0.00860	0.00241	0.00430	0.01325	0.00777	0.00783
10	0.07817	0.01380	0.02236	0.41746	0.11024	0.01553	0.06460	0.02139	0.01619	0.09231	0.06330	0.02217	0.01524	0.00795	0.00739	0.00240	0.00881	0.00713	0.00444	0.00910
11	0.16490	0.06779	0.04524	0.01359	0.01917	0.01600	0.01166	0.10423	0.11718	0.33145	0.02273	0.02107	0.01551	0.00859	0.00675	0.00227	0.00666	0.00657	0.00725	0.01139
12	0.00953	0.00688	0.00905	0.01011	0.01102	0.00640	0.00709	0.01150	0.01617	0.02187	0.20589	0.50660	0.08084	0.02091	0.00930	0.00284	0.00419	0.04627	0.00721	0.00632
13	0.02018	0.02184	0.01965	0.01747	0.01965	0.27455	0.01381	0.07185	0.01692	0.02009	0.01329	0.01820	0.01188	0.02025	0.16993	0.00462	0.24735	0.00620	0.00395	0.00832
14	0.01649	0.02153	0.13899	0.02695	0.03379	0.01811	0.45413	0.02242	0.01685	0.02355	0.06253	0.02151	0.01504	0.00772	0.01012	0.00255	0.08568	0.00836	0.00392	0.00975
15	0.02773	0.03538	0.02104	0.01913	0.02295	0.70930	0.01434	0.02964	0.02104	0.01817	0.01148	0.01339	0.00956	0.00765	0.00669	0.00191	0.01339	0.00478	0.00383	0.00861

[dist]
# distance from previous block
# <min> <max>
0	1

[block]
# block no. 1 follows, 27 sequences, length 36
# corresponding to MSA columns:
# 181-216
name=unknown_B
#
# <colnr> <probs for GDERKNQSTAVLIFYWHMCP>
#	G	D	E	R	K	N	Q	S	T	A	V	L	I	F	Y	W	H	M	C	P
0	0.79154	0.01436	0.01091	0.00976	0.01436	0.01665	0.00804	0.02182	0.01263	0.03331	0.01034	0.01206	0.00804	0.00689	0.00459	0.00230	0.00574	0.00402	0.00459	0.00804
1	0.02021	0.71136	0.03809	0.01299	0.01923	0.06030	0.01278	0.02257	0.01535	0.01750	0.01037	0.01198	0.00953	0.00641	0.00485	0.00160	0.00819	0.00401	0.00321	0.00948
2	0.01539	0.01319	0.01539	0.01100	0.01759	0.00990	0.00880	0.01869	0.01539	0.02419	0.01319	0.01539	0.01100	0.00550	0.00550	0.00110	0.00550	0.00440	0.00440	0.78449
3	0.00917	0.00674	0.00863	0.01009	0.01091	0.00621	0.00698	0.01067	0.01479	0.01930	0.04605	0.59708	0.14629	0.02243	0.00941	0.00296	0.00436	0.05494	0.00689	0.00611
4	0.79154	0.01436	0.01091	0.00976	0.01436	0.01665	0.00804	0.02182	0.01263	0.03331	0.01034	0.01206	0.00804	0.00689	0.00459	0.00230	0.00574	0.00402	0.00459	0.00804
5	0.01443	0.01307	0.02198	0.57006	0.12430	0.01565	0.01949	0.01851	0.01458	0.01901	0.01326	0.01989	0.01041	0.00913	0.00953	0.07916	0.00943	0.00658	0.00334	0.00818
6	0.01573	0.01494	0.02535	0.45633	0.30272	0.01694	0.02147	0.02046	0.01565	0.02104	0.01350	0.01924	0.01063	0.00711	0.00739	0.00237	0.00947	0.00660	0.00345	0.00962
7	0.01914	0.64263	0.13363	0.01391	0.02093	0.02764	0.01481	0.02241	0.01517	0.01833	0.01075	0.01245	0.00951	0.00645	0.00509	0.00170	0.00837	0.00419	0.00317	0.00973
8	0.00921	0.00659	0.00877	0.01022	0.01081	0.00614	0.00690	0.01076	0.01500	0.02021	0.11632	0.65527	0.05154	0.02232	0.00939	0.00294	0.00421	0.02021	0.00704	0.00614
9	0.75103	0.01430	0.01150	0.04683	0.01627	0.01665	0.00870	0.02167	0.01275	0.03256	0.01049	0.01246	0.00814	0.00692	0.00474	0.00231	0.00596	0.00415	0.00453	0.00805
10	0.01756	0.01681	0.02867	0.17113	0.57355	0.01743	0.02238	0.02207	0.01652	0.02327	0.01382	0.01864	0.01141	0.00676	0.00736	0.00225	0.00902	0.00661	0.00360	0.01111
11	0.08451	0.01779	0.01711	0.06280	0.02056	0.10906	0.01170	0.26554	0.04779	0.06495	0.01829	0.01971	0.01365	0.00835	0.00654	0.00207	0.00748	0.00628	0.17755	0.03826
12	0.01051	0.00759	0.00992	0.00934	0.01109	0.00700	0.00700	0.01401	0.02101	0.02977	0.68888	0.05545	0.07005	0.01518	0.00876	0.00233	0.00350	0.01343	0.00817	0.00700
13	0.01056	0.00767	0.01000	0.00963	0.01141	0.00711	0.00737	0.01400	0.02053	0.02877	0.61148	0.05842	0.09091	0.01576	0.00888	0.00243	0.00379	0.06628	0.00801	0.00696
14	0.01559	0.01424	0.02357	0.38139	0.26823	0.01622	0.01965	0.01983	0.01528	0.02115	0.01404	0.01976	0.01126	0.00808	0.00874	0.02728	0.04329	0.00662	0.05658	0.00921
15	0.01289	0.00645	0.00967	0.00967	0.00967	0.00645	0.00645	0.00967	0.00967	0.01289	0.01289	0.02257	0.01289	0.02579	0.02901	0.78401	0.00645	0.00645	0.00322	0.00322
16	0.00886	0.00743	0.00770	0.00782	0.01013	0.00627	0.00580	0.01075	0.01684	0.02032	0.09468	0.12673	0.61319	0.01904	0.00883	0.00254	0.00380	0.01604	0.00694	0.00627
17	0.05753	0.01682	0.01970	0.18465	0.02750	0.01905	0.01423	0.38403	0.04557	0.03667	0.01752	0.01954	0.01284	0.00846	0.00702	0.00224	0.00783	0.00662	0.10153	0.01064
18	0.01735	0.08322	0.13381	0.02834	0.03623	0.01945	0.52319	0.02361	0.01706	0.02321	0.01439	0.01875	0.01086	0.00638	0.00819	0.00241	0.01192	0.00791	0.00362	0.01010
19	0.48115	0.01490	0.01426	0.01176	0.01685	0.01615	0.00970	0.12389	0.01823	0.20556	0.01633	0.01632	0.01138	0.00779	0.00576	0.00229	0.00626	0.00531	0.00620	0.00991
20	0.01196	0.00854	0.01196	0.01367	0.01538	0.00854	0.01196	0.01538	0.01709	0.02222	0.03931	0.08374	0.04272	0.02051	0.01025	0.00342	0.00684	0.64283	0.00684	0.00684
21	0.01678	0.01616	0.02795	0.28614	0.43392	0.01728	0.05131	0.02147	0.01620	0.02234	0.01374	0.01896	0.01107	0.00689	0.00744	0.00231	0.00937	0.00671	0.00354	0.01043
22	0.07246	0.01328	0.01724	0.01329	0.01899	0.01204	0.01098	0.07866	0.02173	0.61876	0.02752	0.02407	0.01744	0.00905	0.00731	0.00229	0.00641	0.00723	0.00883	0.01239
23	0.01196	0.00854	0.01196	0.01367	0.01538	0.00854	0.01196	0.01538	0.01709	0.02222	0.03931	0.08374	0.04272	0.02051	0.01025	0.00342	0.00684	0.64283	0.00684	0.00684
24	0.03288	0.01332	0.01765	0.01353	0.01929	0.01193	0.01118	0.08916	0.02239	0.64334	0.02833	0.02464	0.01789	0.00917	0.00746	0.00229	0.00647	0.00740	0.00904	0.01263
25	0.02202	0.01613	0.01761	0.01460	0.01890	0.01756	0.01153	0.37667	0.12930	0.06066	0.02660	0.12660	0.05306	0.06158	0.00988	0.00274	0.00691	0.00975	0.00721	0.01069
26	0.01944	0.68602	0.09291	0.01339	0.02012	0.02838	0.01390	0.02233	0.01513	0.01796	0.01057	0.01222	0.00952	0.00641	0.00495	0.00165	0.00819	0.00409	0.00317	0.00964
27	0.01059	0.00711	0.00816	0.00836	0.00841	0.00706	0.00478	0.01074	0.01119	0.01492	0.02543	0.12830	0.02956	0.65588	0.03449	0.00671	0.00686	0.01199	0.00478	0.00468
28	0.05626	0.04727	0.01736	0.01270	0.01806	0.01162	0.01053	0.03292	0.02064	0.57952	0.09014	0.02703	0.02249	0.00954	0.00736	0.00227	0.00611	0.00774	0.00865	0.01180
29	0.02492	0.01835	0.04178	0.03992	0.02168	0.07772	0.01302	0.19837	0.21437	0.20233	0.02440	0.05156	0.01801	0.00968	0.00748	0.00235	0.00749	0.00776	0.00728	0.01154
30	0.03270	0.01277	0.01721	0.01329	0.01897	0.01122	0.01095	0.03631	0.04824	0.67058	0.02933	0.02537	0.01855	0.00922	0.00747	0.00231	0.00630	0.00750	0.00912	0.01260
31	0.01489	0.03840	0.70064	0.02116	0.03213	0.01724	0.02743	0.02351	0.01567	0.02351	0.01332	0.01567	0.00940	0.00705	0.00705	0.00235	0.01097	0.00549	0.00313	0.01097
32	0.01123	0.00845	0.01070	0.01142	0.01309	0.00837	0.00886	0.01583	0.08955	0.02361	0.17753	0.26587	0.10116	0.01894	0.00929	0.00290	0.00502	0.20385	0.00722	0.00712
33	0.01665	0.01857	0.03984	0.06198	0.03703	0.01760	0.58024	0.02243	0.01712	0.02315	0.01710	0.07990	0.01437	0.00774	0.00876	0.00254	0.01170	0.00969	0.00400	0.00960
34	0.79154	0.01436	0.01091	0.00976	0.01436	0.01665	0.00804	0.02182	0.01263	0.03331	0.01034	0.01206	0.00804	0.00689	0.00459	0.00230	0.00574	0.00402	0.00459	0.00804
35	0.01569	0.15194	0.59409	0.01980	0.03002	0.01919	0.02506	0.02330	0.01558	0.02254	0.01284	0.01507	0.00942	0.00694	0.00668	0.00223	0.01048	0.00524	0.00314	0.01074

[dist]
# distance from previous block
# <min> <max>
1	4

[block]
# block no. 2 follows, 27 sequences, length 7
# corresponding to MSA columns:
# 222-228
name=unknown_C
#
# <colnr> <probs for GDERKNQSTAVLIFYWHMCP>
#	G	D	E	R	K	N	Q	S	T	A	V	L	I	F	Y	W	H	M	C	P
0	0.01489	0.03840	0.70064	0.02116	0.03213	0.01724	0.02743	0.02351	0.01567	0.02351	0.01332	0.01567	0.00940	0.00705	0.00705	0.00235	0.01097	0.00549	0.00313	0.01097
1	0.00948	0.00686	0.00900	0.01021	0.01108	0.00638	0.00717	0.01133	0.01576	0.02112	0.15606	0.53248	0.09118	0.02139	0.00936	0.00289	0.00430	0.06056	0.00711	0.00627
2	0.01561	0.01652	0.07788	0.35037	0.24327	0.01630	0.07062	0.02015	0.01535	0.02085	0.01356	0.01927	0.01077	0.00848	0.00915	0.06287	0.00958	0.00667	0.00343	0.00929
3	0.01711	0.02287	0.14547	0.02972	0.03777	0.01854	0.56702	0.02374	0.01724	0.02374	0.01476	0.01935	0.01098	0.00638	0.00850	0.00248	0.01228	0.00825	0.00366	0.01016
4	0.01720	0.01783	0.02364	0.45550	0.11672	0.13098	0.04938	0.02258	0.05519	0.02037	0.01408	0.01905	0.01086	0.00747	0.00736	0.00235	0.01024	0.00651	0.00370	0.00899
5	0.01370	0.00879	0.01217	0.01305	0.01513	0.00855	0.01121	0.01708	0.01799	0.08424	0.12484	0.07469	0.04416	0.01878	0.00980	0.00317	0.00635	0.50169	0.00723	0.00738
6	0.60611	0.06469	0.13403	0.01195	0.01778	0.01756	0.01175	0.02214	0.01332	0.03058	0.01086	0.01269	0.00837	0.00689	0.00504	0.00226	0.00680	0.00427	0.00425	0.00865

[dist]
# distance from previous block
# <min> <max>
0	2

[block]
# block no. 3 follows, 27 sequences, length 53
# corresponding to MSA columns:
# 231-283
name=unknown_D
#
# <colnr> <probs for GDERKNQSTAVLIFYWHMCP>
#	G	D	E	R	K	N	Q	S	T	A	V	L	I	F	Y	W	H	M	C	P
0	0.01930	0.01424	0.01661	0.01214	0.01854	0.01193	0.00981	0.11559	0.01891	0.10382	0.01569	0.01687	0.01207	0.00641	0.00600	0.00140	0.00598	0.00508	0.00538	0.58422
1	0.79154	0.01436	0.01091	0.00976	0.01436	0.01665	0.00804	0.02182	0.01263	0.03331	0.01034	0.01206	0.00804	0.00689	0.00459	0.00230	0.00574	0.00402	0.00459	0.00804
2	0.00917	0.00656	0.00873	0.01025	0.01080	0.00611	0.00690	0.01065	0.01480	0.01988	0.09663	0.67589	0.05090	0.02256	0.00941	0.00296	0.00424	0.02044	0.00700	0.00611
3	0.01866	0.01597	0.01692	0.01494	0.01935	0.01813	0.01167	0.06245	0.61512	0.03125	0.02873	0.02659	0.02158	0.00976	0.00743	0.00242	0.00594	0.00809	0.00736	0.05765
4	0.01080	0.00720	0.00810	0.00810	0.00810	0.00720	0.00450	0.01080	0.01080	0.01439	0.02339	0.04858	0.02699	0.73910	0.03779	0.00720	0.00720	0.01080	0.00450	0.00450
5	0.01028	0.00749	0.00967	0.00932	0.01100	0.00688	0.00691	0.01349	0.02019	0.02826	0.59673	0.11477	0.10503	0.01609	0.00882	0.00240	0.00359	0.01422	0.00799	0.00688
6	0.00896	0.00758	0.00778	0.00789	0.01035	0.00640	0.00602	0.01093	0.01693	0.02018	0.07307	0.07217	0.65138	0.01890	0.00886	0.00256	0.00394	0.05289	0.00689	0.00630
7	0.01711	0.02291	0.14680	0.02970	0.03775	0.01853	0.56573	0.02374	0.01723	0.02374	0.01475	0.01934	0.01097	0.00638	0.00849	0.00248	0.01227	0.00825	0.00366	0.01016
8	0.03308	0.01300	0.01745	0.01338	0.01913	0.01145	0.01105	0.06415	0.02185	0.66911	0.02878	0.02494	0.01812	0.00918	0.00746	0.00229	0.00640	0.00743	0.00911	0.01263
9	0.01752	0.02003	0.04380	0.03129	0.03880	0.01877	0.66583	0.02378	0.01752	0.02378	0.01502	0.02003	0.01126	0.00626	0.00876	0.00250	0.01252	0.00876	0.00375	0.01001
10	0.01534	0.01319	0.01567	0.04003	0.01896	0.01017	0.00928	0.01870	0.01537	0.02398	0.01319	0.01557	0.01095	0.00558	0.00558	0.00116	0.00568	0.00449	0.00435	0.75276
11	0.01061	0.00795	0.01193	0.01193	0.01326	0.00928	0.00928	0.01326	0.01193	0.01723	0.01988	0.02916	0.01856	0.05568	0.70968	0.01193	0.01988	0.00795	0.00398	0.00663
12	0.00901	0.00661	0.00846	0.00994	0.01066	0.00606	0.00672	0.01038	0.01459	0.01911	0.04573	0.64130	0.13895	0.02263	0.00938	0.00294	0.00423	0.02034	0.00689	0.00606
13	0.06611	0.03197	0.02001	0.01816	0.02207	0.59088	0.01371	0.03041	0.09933	0.02049	0.01366	0.01503	0.01105	0.00790	0.00669	0.00200	0.01209	0.00517	0.00431	0.00895
14	0.03117	0.01249	0.01678	0.01301	0.01842	0.01100	0.01069	0.05634	0.02170	0.61774	0.08561	0.02760	0.02262	0.00969	0.00758	0.00230	0.00614	0.00795	0.00904	0.01215
15	0.00973	0.00756	0.00885	0.00853	0.01062	0.00668	0.00640	0.01251	0.01919	0.02544	0.41550	0.06258	0.34612	0.01679	0.00876	0.00241	0.00362	0.01442	0.00760	0.00668
16	0.01539	0.01319	0.01539	0.01100	0.01759	0.00990	0.00880	0.01869	0.01539	0.02419	0.01319	0.01539	0.01100	0.00550	0.00550	0.00110	0.00550	0.00440	0.00440	0.78449
17	0.01162	0.00843	0.01148	0.01300	0.01480	0.00830	0.01127	0.01487	0.01707	0.02198	0.04322	0.08240	0.11325	0.02032	0.01009	0.00332	0.00650	0.57447	0.00684	0.00677
18	0.01539	0.01319	0.01539	0.01100	0.01759	0.00990	0.00880	0.01869	0.01539	0.02419	0.01319	0.01539	0.01100	0.00550	0.00550	0.00110	0.00550	0.00440	0.00440	0.78449
19	0.01019	0.00743	0.00938	0.01031	0.01137	0.00705	0.00717	0.04481	0.01634	0.02179	0.12072	0.55583	0.10751	0.02114	0.00922	0.00285	0.00436	0.01895	0.00707	0.00651
20	0.79154	0.01436	0.01091	0.00976	0.01436	0.01665	0.00804	0.02182	0.01263	0.03331	0.01034	0.01206	0.00804	0.00689	0.00459	0.00230	0.00574	0.00402	0.00459	0.00804
21	0.01119	0.00820	0.01038	0.01103	0.01198	0.00828	0.00770	0.06702	0.01613	0.02176	0.08512	0.54463	0.04444	0.07311	0.01188	0.00321	0.03259	0.01798	0.00672	0.00663
22	0.01489	0.03840	0.70064	0.02116	0.03213	0.01724	0.02743	0.02351	0.01567	0.02351	0.01332	0.01567	0.00940	0.00705	0.00705	0.00235	0.01097	0.00549	0.00313	0.01097
23	0.07392	0.01224	0.01579	0.01250	0.01747	0.01117	0.01020	0.06398	0.02140	0.50391	0.14694	0.02956	0.02682	0.01012	0.00753	0.00230	0.00587	0.00830	0.00864	0.01134
24	0.00952	0.00747	0.00863	0.00867	0.01066	0.00658	0.00647	0.01195	0.01806	0.02339	0.28385	0.13797	0.38228	0.01808	0.00889	0.00253	0.00384	0.03730	0.00734	0.00652
25	0.01384	0.00692	0.00692	0.00692	0.00865	0.00692	0.00519	0.01730	0.01557	0.02768	0.02422	0.02768	0.01903	0.00865	0.00519	0.00173	0.00346	0.00692	0.78031	0.00692
26	0.00922	0.00656	0.00870	0.01035	0.01080	0.00617	0.00696	0.01053	0.01416	0.01886	0.04009	0.68200	0.04791	0.05485	0.01075	0.00321	0.00452	0.04159	0.00678	0.00599
27	0.01837	0.01764	0.03013	0.04557	0.69279	0.01764	0.02278	0.02278	0.01690	0.02425	0.01396	0.01837	0.01176	0.00661	0.00735	0.00220	0.00882	0.00661	0.00367	0.01176
28	0.02983	0.01212	0.01628	0.01279	0.01796	0.01071	0.01045	0.03348	0.04673	0.58698	0.11334	0.02921	0.02512	0.00999	0.00763	0.00231	0.00594	0.00826	0.00900	0.01188
29	0.04337	0.00776	0.00770	0.00744	0.00945	0.00794	0.00566	0.04406	0.01625	0.02867	0.02344	0.02669	0.01836	0.00859	0.00526	0.00177	0.00374	0.00680	0.71985	0.00719
30	0.01935	0.01532	0.01645	0.01463	0.01889	0.01732	0.01143	0.03799	0.59572	0.08795	0.03197	0.02928	0.04955	0.01035	0.00760	0.00250	0.00583	0.00861	0.00767	0.01160
31	0.01624	0.01624	0.02274	0.01949	0.01949	0.02274	0.01624	0.01787	0.01137	0.01787	0.00975	0.01624	0.00975	0.01299	0.02436	0.00325	0.72552	0.00650	0.00325	0.00812
32	0.01061	0.00795	0.01193	0.01193	0.01326	0.00928	0.00928	0.01326	0.01193	0.01723	0.01988	0.02916	0.01856	0.05568	0.70968	0.01193	0.01988	0.00795	0.00398	0.00663
33	0.01539	0.01319	0.01539	0.01100	0.01759	0.00990	0.00880	0.01869	0.01539	0.02419	0.01319	0.01539	0.01100	0.00550	0.00550	0.00110	0.00550	0.00440	0.00440	0.78449
34	0.01846	0.01595	0.01679	0.01511	0.01930	0.01846	0.01175	0.03945	0.67938	0.03105	0.03022	0.02770	0.02266	0.01007	0.00755	0.00252	0.00588	0.00839	0.00755	0.01175
35	0.00904	0.00646	0.00861	0.01034	0.01077	0.00603	0.00689	0.01034	0.01421	0.01895	0.04092	0.73426	0.04910	0.02326	0.00948	0.00301	0.00431	0.02110	0.00689	0.00603
36	0.01065	0.00713	0.00814	0.00829	0.00833	0.00710	0.00470	0.01076	0.01109	0.01479	0.02490	0.10754	0.02889	0.67755	0.03535	0.00684	0.00695	0.01168	0.00470	0.00463
37	0.01985	0.74357	0.03890	0.01270	0.01905	0.02937	0.01270	0.02223	0.01508	0.01747	0.01032	0.01191	0.00953	0.00635	0.00476	0.00159	0.00794	0.00397	0.00318	0.00953
38	0.01826	0.01961	0.02244	0.01943	0.02010	0.14355	0.01591	0.01994	0.01307	0.01792	0.01005	0.01574	0.00971	0.01205	0.02125	0.00301	0.60021	0.00619	0.00335	0.00821
39	0.01080	0.00720	0.00810	0.00810	0.00810	0.00720	0.00450	0.01080	0.01080	0.01439	0.02339	0.04858	0.02699	0.73910	0.03779	0.00720	0.00720	0.01080	0.00450	0.00450
40	0.01752	0.02003	0.04380	0.03129	0.03880	0.01877	0.66583	0.02378	0.01752	0.02378	0.01502	0.02003	0.01126	0.00626	0.00876	0.00250	0.01252	0.00876	0.00375	0.01001
41	0.01402	0.01319	0.02227	0.72126	0.05113	0.01649	0.02062	0.01897	0.01484	0.01897	0.01319	0.01979	0.00990	0.00742	0.00742	0.00247	0.00990	0.00660	0.00330	0.00825
42	0.01489	0.03840	0.70064	0.02116	0.03213	0.01724	0.02743	0.02351	0.01567	0.02351	0.01332	0.01567	0.00940	0.00705	0.00705	0.00235	0.01097	0.00549	0.00313	0.01097
43	0.00904	0.00646	0.00861	0.01034	0.01077	0.00603	0.00689	0.01034	0.01421	0.01895	0.04092	0.73426	0.04910	0.02326	0.00948	0.00301	0.00431	0.02110	0.00689	0.00603
44	0.01439	0.01358	0.02294	0.66316	0.10631	0.01659	0.02080	0.01930	0.01502	0.01942	0.01326	0.01967	0.01006	0.00735	0.00742	0.00245	0.00980	0.00660	0.00333	0.00855
45	0.02044	0.54406	0.13677	0.01446	0.02130	0.07362	0.01494	0.02377	0.01595	0.05882	0.01198	0.01338	0.01004	0.00672	0.00541	0.00177	0.00868	0.00446	0.00357	0.00987
46	0.01156	0.00784	0.01012	0.00941	0.01142	0.00715	0.00711	0.01491	0.02073	0.06360	0.60984	0.05506	0.11276	0.01513	0.00869	0.00235	0.00367	0.01328	0.00813	0.00724
47	0.00904	0.00646	0.00861	0.01034	0.01077	0.00603	0.00689	0.01034	0.01421	0.01895	0.04092	0.73426	0.04910	0.02326	0.00948	0.00301	0.00431	0.02110	0.00689	0.00603
48	0.01752	0.02003	0.04380	0.03129	0.03880	0.01877	0.66583	0.02378	0.01752	0.02378	0.01502	0.02003	0.01126	0.00626	0.00876	0.00250	0.01252	0.00876	0.00375	0.01001
49	0.10627	0.47268	0.14854	0.01506	0.02180	0.02503	0.04860	0.02230	0.01488	0.02064	0.01106	0.01317	0.00944	0.00680	0.00615	0.00191	0.03814	0.00459	0.00336	0.00957
50	0.00987	0.00740	0.01015	0.01219	0.03940	0.00728	0.00800	0.01133	0.01420	0.01909	0.03795	0.63112	0.04507	0.04629	0.01095	0.00315	0.03249	0.04123	0.00653	0.00632
51	0.01678	0.02534	0.23662	0.02890	0.06390	0.01828	0.45127	0.02366	0.01695	0.02372	0.01448	0.01868	0.01074	0.00651	0.00820	0.00245	0.01191	0.00771	0.00357	0.01037
52	0.01878	0.01800	0.02517	0.33519	0.09449	0.08296	0.08745	0.13653	0.01915	0.02473	0.01381	0.01843	0.01064	0.00802	0.00902	0.00243	0.07483	0.00667	0.00416	0.00954

[dist]
# distance from previous block
# <min> <max>
3	5

[block]
# block no. 4 follows, 27 sequences, length 18
# corresponding to MSA columns:
# 289-306
name=unknown_E
#
# <colnr> <probs for GDERKNQSTAVLIFYWHMCP>
#	G	D	E	R	K	N	Q	S	T	A	V	L	I	F	Y	W	H	M	C	P
0	0.01704	0.02339	0.23504	0.02335	0.03074	0.01652	0.29530	0.02352	0.03799	0.07065	0.01775	0.07604	0.01451	0.00845	0.00873	0.00246	0.04231	0.00836	0.00433	0.04351
1	0.02319	0.40556	0.03047	0.01517	0.02072	0.19499	0.01331	0.13856	0.05344	0.02348	0.01293	0.01411	0.01074	0.00731	0.00585	0.00183	0.00922	0.00487	0.00430	0.00996
2	0.01289	0.00645	0.00967	0.00967	0.00967	0.00645	0.00645	0.00967	0.00967	0.01289	0.01289	0.02257	0.01289	0.02579	0.02901	0.78401	0.00645	0.00645	0.00322	0.00322
3	0.01567	0.01509	0.02548	0.36398	0.18211	0.01730	0.08906	0.02141	0.06185	0.02131	0.01478	0.02020	0.01172	0.00991	0.04029	0.00291	0.06682	0.00701	0.00375	0.00936
4	0.05031	0.15375	0.38668	0.02239	0.07601	0.04452	0.12001	0.02343	0.01600	0.02280	0.01292	0.01564	0.00982	0.00680	0.00682	0.00222	0.01040	0.00571	0.00336	0.01042
5	0.01906	0.01624	0.01712	0.01523	0.01953	0.01874	0.01189	0.07781	0.64005	0.03201	0.02946	0.02709	0.02205	0.01000	0.00755	0.00250	0.00602	0.00829	0.00755	0.01180
6	0.01595	0.03115	0.44518	0.02580	0.06732	0.01778	0.24299	0.02356	0.01636	0.02364	0.01393	0.01728	0.01015	0.00676	0.00765	0.00240	0.01139	0.00665	0.00337	0.01069
7	0.02822	0.02079	0.02228	0.01708	0.02302	0.02302	0.01411	0.66804	0.03490	0.04679	0.01782	0.01782	0.01262	0.00891	0.00743	0.00223	0.00817	0.00668	0.00743	0.01262
8	0.01289	0.00645	0.00967	0.00967	0.00967	0.00645	0.00645	0.00967	0.00967	0.01289	0.01289	0.02257	0.01289	0.02579	0.02901	0.78401	0.00645	0.00645	0.00322	0.00322
9	0.01833	0.01777	0.03086	0.04481	0.65813	0.01770	0.05687	0.02284	0.01694	0.02423	0.01402	0.01846	0.01173	0.00660	0.00742	0.00222	0.00902	0.00673	0.00368	0.01167
10	0.00904	0.00646	0.00861	0.01034	0.01077	0.00603	0.00689	0.01034	0.01421	0.01895	0.04092	0.73426	0.04910	0.02326	0.00948	0.00301	0.00431	0.02110	0.00689	0.00603
11	0.00904	0.00646	0.00861	0.01034	0.01077	0.00603	0.00689	0.01034	0.01421	0.01895	0.04092	0.73426	0.04910	0.02326	0.00948	0.00301	0.00431	0.02110	0.00689	0.00603
12	0.01837	0.01764	0.03013	0.04557	0.69279	0.01764	0.02278	0.02278	0.01690	0.02425	0.01396	0.01837	0.01176	0.00661	0.00735	0.00220	0.00882	0.00661	0.00367	0.01176
13	0.01650	0.19459	0.44326	0.02190	0.07619	0.02015	0.08282	0.02319	0.01580	0.02222	0.01285	0.01541	0.00977	0.00679	0.00671	0.00218	0.01028	0.00553	0.00324	0.01061
14	0.00899	0.00666	0.00841	0.00980	0.01063	0.00607	0.00665	0.01040	0.01473	0.01916	0.04744	0.60811	0.17104	0.02241	0.00934	0.00292	0.00420	0.02007	0.00689	0.00607
15	0.03331	0.01263	0.01723	0.01321	0.01895	0.01091	0.01091	0.03618	0.02125	0.69794	0.02929	0.02527	0.01838	0.00919	0.00747	0.00230	0.00632	0.00747	0.00919	0.01263
16	0.02581	0.02901	0.02145	0.04492	0.05073	0.45308	0.01477	0.14578	0.06901	0.02456	0.01404	0.01576	0.01115	0.00823	0.00769	0.00210	0.04196	0.00560	0.00470	0.00966
17	0.02822	0.02079	0.02228	0.01708	0.02302	0.02302	0.01411	0.66804	0.03490	0.04679	0.01782	0.01782	0.01262	0.00891	0.00743	0.00223	0.00817	0.00668	0.00743	0.01262

[dist]
# distance from previous block
# <min> <max>
0	2

[block]
# block no. 5 follows, 27 sequences, length 14
# corresponding to MSA columns:
# 309-322
name=unknown_F
#
# <colnr> <probs for GDERKNQSTAVLIFYWHMCP>
#	G	D	E	R	K	N	Q	S	T	A	V	L	I	F	Y	W	H	M	C	P
0	0.02808	0.01148	0.01555	0.01232	0.01715	0.01001	0.01001	0.03109	0.02119	0.54461	0.18064	0.03219	0.03023	0.01056	0.00776	0.00231	0.00567	0.00883	0.00896	0.01134
1	0.01752	0.02003	0.04380	0.03129	0.03880	0.01877	0.66583	0.02378	0.01752	0.02378	0.01502	0.02003	0.01126	0.00626	0.00876	0.00250	0.01252	0.00876	0.00375	0.01001
2	0.01624	0.01624	0.02274	0.01949	0.01949	0.02274	0.01624	0.01787	0.01137	0.01787	0.00975	0.01624	0.00975	0.01299	0.02436	0.00325	0.72552	0.00650	0.00325	0.00812
3	0.01557	0.01477	0.02506	0.48107	0.27922	0.01690	0.02139	0.02032	0.01558	0.02085	0.01347	0.01929	0.01056	0.00713	0.00740	0.00238	0.00951	0.00660	0.00343	0.00950
4	0.02988	0.01743	0.14454	0.01469	0.02141	0.01209	0.01399	0.03382	0.02021	0.57230	0.02631	0.02348	0.01671	0.00879	0.00739	0.00231	0.00718	0.00710	0.00806	0.01232
5	0.00959	0.00755	0.00865	0.00838	0.01053	0.00661	0.00628	0.01223	0.01885	0.02463	0.36396	0.06392	0.39817	0.01710	0.00877	0.00243	0.00364	0.01461	0.00750	0.00661
6	0.03119	0.01260	0.01686	0.01307	0.01849	0.01116	0.01074	0.06395	0.02187	0.61228	0.08319	0.02741	0.02237	0.00967	0.00757	0.00230	0.00617	0.00792	0.00902	0.01217
7	0.01402	0.01319	0.02227	0.72126	0.05113	0.01649	0.02062	0.01897	0.01484	0.01897	0.01319	0.01979	0.00990	0.00742	0.00742	0.00247	0.00990	0.00660	0.00330	0.00825
8	0.01837	0.01764	0.03013	0.04557	0.69279	0.01764	0.02278	0.02278	0.01690	0.02425	0.01396	0.01837	0.01176	0.00661	0.00735	0.00220	0.00882	0.00661	0.00367	0.01176
9	0.04691	0.01134	0.03733	0.01132	0.01521	0.00986	0.00931	0.02392	0.07031	0.26471	0.26645	0.04205	0.13518	0.01262	0.00800	0.00236	0.00506	0.01065	0.00799	0.00943
10	0.02492	0.01948	0.05123	0.01615	0.02158	0.04603	0.01357	0.37458	0.11397	0.10986	0.02057	0.04733	0.01552	0.00948	0.00803	0.00227	0.03551	0.00729	0.00694	0.05568
11	0.01661	0.01930	0.06910	0.02881	0.06410	0.01718	0.52417	0.02234	0.01703	0.02338	0.01711	0.08257	0.01453	0.00778	0.00855	0.00247	0.01128	0.00943	0.00402	0.04023
12	0.01867	0.01354	0.01637	0.04485	0.01967	0.01110	0.00996	0.05814	0.01733	0.12358	0.01581	0.01718	0.01211	0.00632	0.00598	0.00140	0.00597	0.00508	0.00522	0.59171
13	0.01807	0.01733	0.02958	0.09290	0.64784	0.01756	0.02263	0.02252	0.01676	0.02388	0.01391	0.01847	0.01163	0.00667	0.00735	0.00222	0.00889	0.00661	0.00365	0.01151

[dist]
# distance from previous block
# <min> <max>
0	4

[block]
# block no. 6 follows, 27 sequences, length 51
# corresponding to MSA columns:
# 327-377
name=unknown_G
#
# <colnr> <probs for GDERKNQSTAVLIFYWHMCP>
#	G	D	E	R	K	N	Q	S	T	A	V	L	I	F	Y	W	H	M	C	P
0	0.73176	0.01486	0.01180	0.01034	0.01504	0.01715	0.00852	0.07243	0.01438	0.03436	0.01092	0.01251	0.00840	0.00705	0.00482	0.00229	0.00593	0.00423	0.00482	0.00840
1	0.04506	0.00841	0.01078	0.00992	0.01219	0.00781	0.00753	0.01684	0.02017	0.11349	0.52718	0.10303	0.05935	0.01472	0.00848	0.00238	0.00401	0.01289	0.00805	0.00768
2	0.01040	0.00772	0.01028	0.01136	0.01194	0.00798	0.00824	0.01194	0.01405	0.01883	0.03569	0.45874	0.04169	0.12334	0.01480	0.00370	0.06167	0.13525	0.00626	0.00613
3	0.79154	0.01436	0.01091	0.00976	0.01436	0.01665	0.00804	0.02182	0.01263	0.03331	0.01034	0.01206	0.00804	0.00689	0.00459	0.00230	0.00574	0.00402	0.00459	0.00804
4	0.01126	0.00814	0.01109	0.01266	0.01424	0.00798	0.01067	0.01423	0.01664	0.02154	0.04250	0.18170	0.09685	0.02079	0.01001	0.00328	0.00620	0.49672	0.00685	0.00667
5	0.02079	0.53067	0.11172	0.01461	0.02128	0.07133	0.01467	0.09971	0.01790	0.02169	0.01163	0.01314	0.00988	0.00682	0.00547	0.00177	0.00867	0.00452	0.00372	0.01000
6	0.01256	0.00945	0.01121	0.03511	0.01403	0.00944	0.00827	0.12553	0.01832	0.02389	0.04279	0.41747	0.17978	0.04364	0.00986	0.00289	0.00515	0.01656	0.00678	0.00726
7	0.01617	0.19436	0.50354	0.02004	0.05138	0.02018	0.02355	0.02298	0.01542	0.02197	0.01254	0.01495	0.00953	0.00711	0.00722	0.00221	0.03791	0.00522	0.00317	0.01057
8	0.01799	0.01725	0.02944	0.10505	0.63631	0.01754	0.02259	0.02245	0.01672	0.02379	0.01390	0.01850	0.01160	0.00669	0.00736	0.00223	0.00891	0.00661	0.00364	0.01145
9	0.02042	0.01030	0.01344	0.01137	0.01494	0.00949	0.00897	0.02504	0.07267	0.30223	0.36843	0.04098	0.04527	0.01234	0.00814	0.00233	0.00484	0.01060	0.00854	0.00967
10	0.01837	0.01764	0.03013	0.04557	0.69279	0.01764	0.02278	0.02278	0.01690	0.02425	0.01396	0.01837	0.01176	0.00661	0.00735	0.00220	0.00882	0.00661	0.00367	0.01176
11	0.02926	0.01327	0.01699	0.01347	0.01865	0.01244	0.01095	0.10797	0.07070	0.50536	0.05951	0.06377	0.02207	0.01025	0.00763	0.00235	0.00626	0.00845	0.00869	0.01195
12	0.00934	0.00770	0.00831	0.00861	0.01097	0.00667	0.00676	0.01149	0.01695	0.02044	0.06886	0.07362	0.57538	0.01910	0.00904	0.00267	0.00430	0.12655	0.00688	0.00637
13	0.01752	0.02003	0.04380	0.03129	0.03880	0.01877	0.66583	0.02378	0.01752	0.02378	0.01502	0.02003	0.01126	0.00626	0.00876	0.00250	0.01252	0.00876	0.00375	0.01001
14	0.12365	0.01913	0.04113	0.04267	0.02132	0.08306	0.01309	0.28737	0.04645	0.10560	0.01744	0.01845	0.01276	0.00879	0.00816	0.00228	0.06498	0.00627	0.06681	0.01060
15	0.01475	0.01438	0.02220	0.68384	0.04963	0.05342	0.02028	0.01954	0.01517	0.01892	0.01310	0.01945	0.00988	0.00743	0.00738	0.00244	0.01008	0.00650	0.00333	0.00827
16	0.00879	0.00748	0.00757	0.00764	0.01006	0.00626	0.00569	0.01064	0.01681	0.02001	0.07379	0.09876	0.66338	0.01898	0.00880	0.00253	0.00378	0.01589	0.00689	0.00626
17	0.01985	0.74357	0.03890	0.01270	0.01905	0.02937	0.01270	0.02223	0.01508	0.01747	0.01032	0.01191	0.00953	0.00635	0.00476	0.00159	0.00794	0.00397	0.00318	0.00953
18	0.01691	0.26443	0.39857	0.02087	0.07998	0.02129	0.05631	0.02305	0.01568	0.02162	0.01249	0.01490	0.00973	0.00675	0.00642	0.00210	0.00990	0.00526	0.00322	0.01051
19	0.01080	0.00720	0.00810	0.00810	0.00810	0.00720	0.00450	0.01080	0.01080	0.01439	0.02339	0.04858	0.02699	0.73910	0.03779	0.00720	0.00720	0.01080	0.00450	0.00450
20	0.01990	0.01563	0.01683	0.01492	0.01927	0.01773	0.01167	0.03913	0.61574	0.09554	0.03013	0.02746	0.02225	0.00999	0.00755	0.00250	0.00592	0.00830	0.00771	0.01184
21	0.02238	0.02644	0.11809	0.02583	0.18162	0.22730	0.06697	0.13896	0.07252	0.02674	0.01514	0.01725	0.01173	0.00763	0.00725	0.00219	0.01043	0.00622	0.00461	0.01072
22	0.01643	0.01696	0.02583	0.38384	0.06212	0.07732	0.12357	0.02123	0.03574	0.02004	0.01330	0.01887	0.01052	0.00827	0.01050	0.00256	0.13376	0.00683	0.00355	0.00877
23	0.01196	0.00854	0.01196	0.01367	0.01538	0.00854	0.01196	0.01538	0.01709	0.02222	0.03931	0.08374	0.04272	0.02051	0.01025	0.00342	0.00684	0.64283	0.00684	0.00684
24	0.02852	0.02031	0.02198	0.01685	0.02278	0.02231	0.01392	0.63076	0.03410	0.08521	0.01850	0.01826	0.01296	0.00893	0.00743	0.00223	0.00806	0.00673	0.00753	0.01263
25	0.01783	0.16554	0.33230	0.02098	0.02882	0.09794	0.13376	0.02356	0.01615	0.02138	0.01257	0.01551	0.00980	0.00731	0.00824	0.00226	0.06690	0.00577	0.00334	0.01004
26	0.00904	0.00646	0.00861	0.01034	0.01077	0.00603	0.00689	0.01034	0.01421	0.01895	0.04092	0.73426	0.04910	0.02326	0.00948	0.00301	0.00431	0.02110	0.00689	0.00603
27	0.00904	0.00646	0.00861	0.01034	0.01077	0.00603	0.00689	0.01034	0.01421	0.01895	0.04092	0.73426	0.04910	0.02326	0.00948	0.00301	0.00431	0.02110	0.00689	0.00603
28	0.01613	0.01610	0.02666	0.41428	0.04153	0.04986	0.16899	0.04172	0.01613	0.02120	0.01381	0.01947	0.01063	0.00776	0.00913	0.00249	0.07466	0.00702	0.03367	0.00875
29	0.00924	0.00754	0.00816	0.00801	0.01031	0.00646	0.00600	0.01155	0.01801	0.02264	0.23867	0.06718	0.52470	0.01784	0.00877	0.00246	0.00369	0.01507	0.00723	0.00646
30	0.01489	0.03840	0.70064	0.02116	0.03213	0.01724	0.02743	0.02351	0.01567	0.02351	0.01332	0.01567	0.00940	0.00705	0.00705	0.00235	0.01097	0.00549	0.00313	0.01097
31	0.01402	0.01319	0.02227	0.72126	0.05113	0.01649	0.02062	0.01897	0.01484	0.01897	0.01319	0.01979	0.00990	0.00742	0.00742	0.00247	0.00990	0.00660	0.00330	0.00825
32	0.01985	0.74357	0.03890	0.01270	0.01905	0.02937	0.01270	0.02223	0.01508	0.01747	0.01032	0.01191	0.00953	0.00635	0.00476	0.00159	0.00794	0.00397	0.00318	0.00953
33	0.02809	0.01548	0.01836	0.01455	0.01989	0.01576	0.01186	0.22970	0.14032	0.35033	0.05681	0.02482	0.01978	0.00954	0.00753	0.00232	0.00668	0.00767	0.00831	0.01221
34	0.01489	0.03840	0.70064	0.02116	0.03213	0.01724	0.02743	0.02351	0.01567	0.02351	0.01332	0.01567	0.00940	0.00705	0.00705	0.00235	0.01097	0.00549	0.00313	0.01097
35	0.00904	0.00646	0.00861	0.01034	0.01077	0.00603	0.00689	0.01034	0.01421	0.01895	0.04092	0.73426	0.04910	0.02326	0.00948	0.00301	0.00431	0.02110	0.00689	0.00603
36	0.01489	0.03840	0.70064	0.02116	0.03213	0.01724	0.02743	0.02351	0.01567	0.02351	0.01332	0.01567	0.00940	0.00705	0.00705	0.00235	0.01097	0.00549	0.00313	0.01097
37	0.01075	0.00727	0.00842	0.00831	0.00862	0.00716	0.00494	0.01136	0.01258	0.01708	0.13956	0.04978	0.03451	0.61273	0.03272	0.00635	0.00655	0.01125	0.00514	0.00494
38	0.01846	0.01595	0.01679	0.01511	0.01930	0.01846	0.01175	0.03945	0.67938	0.03105	0.03022	0.02770	0.02266	0.01007	0.00755	0.00252	0.00588	0.00839	0.00755	0.01175
39	0.01732	0.02146	0.09524	0.03050	0.03828	0.01865	0.61584	0.02376	0.01738	0.02376	0.01489	0.01968	0.01112	0.00632	0.00863	0.00249	0.01239	0.00850	0.00371	0.01009
40	0.01515	0.03660	0.63643	0.02215	0.03278	0.01739	0.08984	0.02354	0.01585	0.02354	0.01349	0.01610	0.00959	0.00698	0.00722	0.00237	0.01112	0.00581	0.00320	0.01088
41	0.01489	0.03840	0.70064	0.02116	0.03213	0.01724	0.02743	0.02351	0.01567	0.02351	0.01332	0.01567	0.00940	0.00705	0.00705	0.00235	0.01097	0.00549	0.00313	0.01097
42	0.00904	0.00646	0.00861	0.01034	0.01077	0.00603	0.00689	0.01034	0.01421	0.01895	0.04092	0.73426	0.04910	0.02326	0.00948	0.00301	0.00431	0.02110	0.00689	0.00603
43	0.02416	0.35594	0.02912	0.01622	0.02119	0.40154	0.01360	0.02629	0.01834	0.01785	0.01095	0.01272	0.00955	0.00706	0.00582	0.00177	0.01092	0.00441	0.00353	0.00902
44	0.02933	0.01175	0.01595	0.01253	0.01758	0.01023	0.01023	0.03231	0.02121	0.58130	0.14443	0.03054	0.02740	0.01023	0.00769	0.00230	0.00583	0.00851	0.00901	0.01165
45	0.01155	0.00787	0.00993	0.00925	0.01137	0.00711	0.00700	0.01473	0.02031	0.06749	0.54212	0.05648	0.17590	0.01546	0.00868	0.00236	0.00371	0.01347	0.00801	0.00721
46	0.01539	0.01319	0.01539	0.01100	0.01759	0.00990	0.00880	0.01869	0.01539	0.02419	0.01319	0.01539	0.01100	0.00550	0.00550	0.00110	0.00550	0.00440	0.00440	0.78449
47	0.02127	0.01430	0.01733	0.01688	0.07233	0.01524	0.01245	0.03417	0.37758	0.19394	0.02988	0.03369	0.02336	0.01094	0.00787	0.00256	0.00634	0.09101	0.00755	0.01133
48	0.01514	0.01297	0.01540	0.03514	0.01851	0.00999	0.00914	0.01843	0.01534	0.02384	0.01411	0.03933	0.01222	0.00615	0.00569	0.00121	0.00561	0.00503	0.00444	0.73233
49	0.02005	0.65350	0.03577	0.01252	0.01854	0.02686	0.01223	0.02253	0.01583	0.05840	0.05472	0.01547	0.01391	0.00708	0.00518	0.00168	0.00756	0.00478	0.00385	0.00955
50	0.01466	0.08650	0.45122	0.01768	0.02583	0.01632	0.02083	0.02283	0.08094	0.02392	0.07931	0.06786	0.04193	0.00946	0.00729	0.00235	0.00889	0.00771	0.00439	0.01010

[dist]
# distance from previous block
# <min> <max>
0	1

[block]
# block no. 7 follows, 27 sequences, length 74
# corresponding to MSA columns:
# 379-452
name=unknown_H
#
# <colnr> <probs for GDERKNQSTAVLIFYWHMCP>
#	G	D	E	R	K	N	Q	S	T	A	V	L	I	F	Y	W	H	M	C	P
0	0.09379	0.02258	0.01900	0.03976	0.02153	0.23640	0.01303	0.18796	0.16447	0.03010	0.05492	0.02013	0.01640	0.00905	0.00774	0.00225	0.03842	0.00658	0.00579	0.01011
1	0.02822	0.02079	0.02228	0.01708	0.02302	0.02302	0.01411	0.66804	0.03490	0.04679	0.01782	0.01782	0.01262	0.00891	0.00743	0.00223	0.00817	0.00668	0.00743	0.01262
2	0.05345	0.53804	0.17076	0.01438	0.02150	0.02590	0.01544	0.02318	0.04244	0.01996	0.01175	0.01333	0.00998	0.00667	0.00533	0.00181	0.00837	0.00446	0.00341	0.00984
3	0.02621	0.01927	0.06354	0.01647	0.02190	0.03847	0.01372	0.28050	0.05571	0.17122	0.04599	0.02955	0.02055	0.04822	0.00998	0.00293	0.00823	0.04913	0.00768	0.07072
4	0.02465	0.02020	0.02570	0.01948	0.02544	0.04547	0.14558	0.45839	0.02915	0.03892	0.01787	0.05019	0.01381	0.00883	0.00768	0.00226	0.00895	0.00759	0.00640	0.04343
5	0.01800	0.01726	0.02946	0.10366	0.63763	0.01754	0.02260	0.02246	0.01673	0.02380	0.01390	0.01850	0.01160	0.00668	0.00736	0.00223	0.00891	0.00661	0.00364	0.01146
6	0.01539	0.01319	0.01539	0.01100	0.01759	0.00990	0.00880	0.01869	0.01539	0.02419	0.01319	0.01539	0.01100	0.00550	0.00550	0.00110	0.00550	0.00440	0.00440	0.78449
7	0.00908	0.00735	0.00773	0.00795	0.00986	0.00636	0.00564	0.01063	0.01576	0.01915	0.06396	0.14992	0.52112	0.11696	0.01279	0.00320	0.00429	0.01568	0.00657	0.00600
8	0.01517	0.07791	0.66356	0.02069	0.03140	0.01792	0.02660	0.02344	0.01564	0.02317	0.01315	0.01546	0.00941	0.00701	0.00692	0.00231	0.01080	0.00540	0.00314	0.01089
9	0.01080	0.00720	0.00810	0.00810	0.00810	0.00720	0.00450	0.01080	0.01080	0.01439	0.02339	0.04858	0.02699	0.73910	0.03779	0.00720	0.00720	0.01080	0.00450	0.00450
10	0.00904	0.00646	0.00861	0.01034	0.01077	0.00603	0.00689	0.01034	0.01421	0.01895	0.04092	0.73426	0.04910	0.02326	0.00948	0.00301	0.00431	0.02110	0.00689	0.00603
11	0.01051	0.00759	0.00992	0.00934	0.01109	0.00700	0.00700	0.01401	0.02101	0.02977	0.68888	0.05545	0.07005	0.01518	0.00876	0.00233	0.00350	0.01343	0.00817	0.00700
12	0.02464	0.01892	0.02164	0.13813	0.02743	0.02137	0.01496	0.48336	0.10618	0.04017	0.01846	0.01931	0.01332	0.00879	0.00744	0.00230	0.00820	0.00687	0.00673	0.01177
13	0.01624	0.01624	0.02274	0.01949	0.01949	0.02274	0.01624	0.01787	0.01137	0.01787	0.00975	0.01624	0.00975	0.01299	0.02436	0.00325	0.72552	0.00650	0.00325	0.00812
14	0.52827	0.01460	0.01362	0.01135	0.01637	0.01591	0.00936	0.09176	0.01702	0.19667	0.01572	0.01587	0.01103	0.00766	0.00559	0.00229	0.00613	0.00513	0.00600	0.00963
15	0.01743	0.09226	0.09110	0.05375	0.03681	0.01962	0.53102	0.02343	0.01705	0.02296	0.01437	0.01890	0.01091	0.00637	0.00819	0.00240	0.01186	0.00797	0.00364	0.00997
16	0.02610	0.01289	0.01645	0.01248	0.01823	0.01096	0.01017	0.06156	0.02014	0.41559	0.06670	0.02384	0.01919	0.00844	0.00695	0.00193	0.00598	0.00688	0.00757	0.24796
17	0.01617	0.02493	0.26424	0.02357	0.03208	0.01639	0.30883	0.02263	0.01644	0.02377	0.01405	0.01756	0.01057	0.00637	0.00749	0.00216	0.01052	0.00672	0.00368	0.17183
18	0.01752	0.02003	0.04380	0.03129	0.03880	0.01877	0.66583	0.02378	0.01752	0.02378	0.01502	0.02003	0.01126	0.00626	0.00876	0.00250	0.01252	0.00876	0.00375	0.01001
19	0.01489	0.03840	0.70064	0.02116	0.03213	0.01724	0.02743	0.02351	0.01567	0.02351	0.01332	0.01567	0.00940	0.00705	0.00705	0.00235	0.01097	0.00549	0.00313	0.01097
20	0.00945	0.00701	0.00941	0.01085	0.01126	0.00697	0.00742	0.01076	0.01405	0.01889	0.03917	0.69402	0.04689	0.02268	0.01031	0.00303	0.04472	0.02029	0.00669	0.00615
21	0.01384	0.00692	0.00692	0.00692	0.00865	0.00692	0.00519	0.01730	0.01557	0.02768	0.02422	0.02768	0.01903	0.00865	0.00519	0.00173	0.00346	0.00692	0.78031	0.00692
22	0.01985	0.74357	0.03890	0.01270	0.01905	0.02937	0.01270	0.02223	0.01508	0.01747	0.01032	0.01191	0.00953	0.00635	0.00476	0.00159	0.00794	0.00397	0.00318	0.00953
23	0.01846	0.01595	0.01679	0.01511	0.01930	0.01846	0.01175	0.03945	0.67938	0.03105	0.03022	0.02770	0.02266	0.01007	0.00755	0.00252	0.00588	0.00839	0.00755	0.01175
24	0.00879	0.00747	0.00758	0.00766	0.01006	0.00625	0.00570	0.01064	0.01678	0.02000	0.07346	0.10518	0.65717	0.01903	0.00881	0.00253	0.00379	0.01594	0.00689	0.00625
25	0.01384	0.00692	0.00692	0.00692	0.00865	0.00692	0.00519	0.01730	0.01557	0.02768	0.02422	0.02768	0.01903	0.00865	0.00519	0.00173	0.00346	0.00692	0.78031	0.00692
26	0.02773	0.03538	0.02104	0.01913	0.02295	0.70930	0.01434	0.02964	0.02104	0.01817	0.01148	0.01339	0.00956	0.00765	0.00669	0.00191	0.01339	0.00478	0.00383	0.00861
27	0.00904	0.00646	0.00861	0.01034	0.01077	0.00603	0.00689	0.01034	0.01421	0.01895	0.04092	0.73426	0.04910	0.02326	0.00948	0.00301	0.00431	0.02110	0.00689	0.00603
28	0.01789	0.01884	0.01672	0.01514	0.01820	0.23554	0.04151	0.02411	0.15137	0.02181	0.08082	0.02912	0.06460	0.04762	0.17852	0.00475	0.01169	0.00814	0.00521	0.00839
29	0.03146	0.01222	0.01663	0.01289	0.01831	0.01059	0.01059	0.03438	0.02123	0.64368	0.08285	0.02772	0.02257	0.00967	0.00757	0.00230	0.00609	0.00795	0.00911	0.01218
30	0.01058	0.03289	0.01057	0.00919	0.01121	0.00767	0.00700	0.01381	0.02022	0.02795	0.57719	0.05626	0.15720	0.01540	0.00862	0.00233	0.00369	0.01342	0.00782	0.00699
31	0.02819	0.02174	0.02220	0.01721	0.02302	0.06767	0.01413	0.62651	0.03400	0.04492	0.01741	0.01753	0.01243	0.00883	0.00738	0.00221	0.00851	0.00656	0.00719	0.01236
32	0.01846	0.01595	0.01679	0.01511	0.01930	0.01846	0.01175	0.03945	0.67938	0.03105	0.03022	0.02770	0.02266	0.01007	0.00755	0.00252	0.00588	0.00839	0.00755	0.01175
33	0.02593	0.01904	0.02056	0.01604	0.02125	0.02102	0.01302	0.58189	0.03178	0.04264	0.01843	0.02116	0.01421	0.08021	0.03550	0.00305	0.00850	0.00712	0.00702	0.01163
34	0.01550	0.01337	0.01395	0.01279	0.01647	0.01473	0.00988	0.03064	0.47680	0.02769	0.04397	0.04108	0.22667	0.01274	0.00793	0.00251	0.00523	0.01062	0.00735	0.01007
35	0.79154	0.01436	0.01091	0.00976	0.01436	0.01665	0.00804	0.02182	0.01263	0.03331	0.01034	0.01206	0.00804	0.00689	0.00459	0.00230	0.00574	0.00402	0.00459	0.00804
36	0.00904	0.00646	0.00861	0.01034	0.01077	0.00603	0.00689	0.01034	0.01421	0.01895	0.04092	0.73426	0.04910	0.02326	0.00948	0.00301	0.00431	0.02110	0.00689	0.00603
37	0.79154	0.01436	0.01091	0.00976	0.01436	0.01665	0.00804	0.02182	0.01263	0.03331	0.01034	0.01206	0.00804	0.00689	0.00459	0.00230	0.00574	0.00402	0.00459	0.00804
