[name]
unknown

[dist]
# distance from previous block
# <min> <max>
0	1

[block]
# block no. 0 follows, 26 sequences, length 7
# corresponding to MSA columns:
# 6-12
name=unknown_A
#
# <colnr> <probs for GDERKNQSTAVLIFYWHMCP>
#	G	D	E	R	K	N	Q	S	T	A	V	L	I	F	Y	W	H	M	C	P
0	0.01526	0.00999	0.01333	0.01408	0.01653	0.01007	0.01208	0.02062	0.08807	0.09511	0.03807	0.07304	0.03880	0.01858	0.00988	0.00327	0.00682	0.50092	0.00732	0.00816
1	0.50454	0.01537	0.01382	0.01173	0.01638	0.01733	0.00958	0.17549	0.01950	0.03690	0.09837	0.01942	0.01746	0.00862	0.00594	0.00233	0.00617	0.00599	0.00586	0.00921
2	0.02883	0.02125	0.02276	0.01745	0.02352	0.02352	0.01442	0.66082	0.03566	0.04780	0.01821	0.01821	0.01290	0.00911	0.00759	0.00228	0.00835	0.00683	0.00759	0.01290
3	0.01539	0.01495	0.02104	0.54554	0.04397	0.06419	0.01862	0.02169	0.08318	0.02067	0.01956	0.02428	0.05836	0.00869	0.00764	0.00249	0.00950	0.00745	0.00411	0.00868
4	0.01933	0.37547	0.29278	0.01719	0.02519	0.11131	0.01906	0.02419	0.01643	0.02035	0.01189	0.01386	0.00969	0.00694	0.00603	0.00197	0.01003	0.00477	0.00331	0.01019
5	0.01856	0.02174	0.15422	0.13200	0.40320	0.01837	0.02292	0.09117	0.01871	0.02635	0.01446	0.01839	0.01139	0.00721	0.00747	0.00232	0.00951	0.00655	0.00401	0.01146
6	0.05544	0.40811	0.23146	0.01610	0.02373	0.06752	0.01744	0.06252	0.01709	0.02231	0.01200	0.01379	0.00982	0.00697	0.00585	0.00195	0.00930	0.00474	0.00361	0.01024

[dist]
# distance from previous block
# <min> <max>
2	7

[block]
# block no. 1 follows, 26 sequences, length 15
# corresponding to MSA columns:
# 20-25,27-35
name=unknown_B
#
# <colnr> <probs for GDERKNQSTAVLIFYWHMCP>
#	G	D	E	R	K	N	Q	S	T	A	V	L	I	F	Y	W	H	M	C	P
0	0.01777	0.01821	0.03284	0.02425	0.03092	0.01753	0.38468	0.02739	0.18075	0.02622	0.01889	0.02159	0.01437	0.00723	0.00807	0.00231	0.00985	0.00808	0.00492	0.14413
1	0.01531	0.01303	0.01528	0.01119	0.01752	0.00985	0.00886	0.01854	0.01565	0.02437	0.01532	0.06207	0.01377	0.00680	0.00588	0.00125	0.00554	0.00560	0.00466	0.72950
2	0.01250	0.01107	0.01605	0.01508	0.01573	0.01321	0.04594	0.01416	0.01349	0.01903	0.02789	0.39932	0.03231	0.04863	0.01645	0.00332	0.26839	0.01494	0.00539	0.00710
3	0.00919	0.00679	0.00861	0.01006	0.01087	0.00620	0.00682	0.01062	0.01500	0.01956	0.04788	0.61481	0.15992	0.02297	0.00956	0.00299	0.00430	0.02060	0.00704	0.00620
4	0.02883	0.02125	0.02276	0.01745	0.02352	0.02352	0.01442	0.66082	0.03566	0.04780	0.01821	0.01821	0.01290	0.00911	0.00759	0.00228	0.00835	0.00683	0.00759	0.01290
5	0.02883	0.02125	0.02276	0.01745	0.02352	0.02352	0.01442	0.66082	0.03566	0.04780	0.01821	0.01821	0.01290	0.00911	0.00759	0.00228	0.00835	0.00683	0.00759	0.01290
6	0.00924	0.00660	0.00880	0.01056	0.01100	0.00616	0.00704	0.01056	0.01452	0.01936	0.04181	0.72848	0.05017	0.02376	0.00968	0.00308	0.00440	0.02156	0.00704	0.00616
7	0.01074	0.00775	0.01014	0.00954	0.01133	0.00716	0.00716	0.01431	0.02147	0.03042	0.68211	0.05666	0.07157	0.01551	0.00895	0.00239	0.00358	0.01372	0.00835	0.00716
8	0.01063	0.00775	0.00999	0.00943	0.01127	0.00711	0.00707	0.01411	0.02122	0.02982	0.64584	0.05764	0.10821	0.01573	0.00895	0.00240	0.00359	0.01385	0.00827	0.00711
9	0.06077	0.01355	0.02205	0.67281	0.04998	0.01686	0.02029	0.01956	0.01503	0.02026	0.01331	0.01975	0.01000	0.00755	0.00741	0.00252	0.00986	0.00658	0.00345	0.00841
10	0.01573	0.01348	0.01573	0.01123	0.01798	0.01011	0.00899	0.01910	0.01573	0.02472	0.01348	0.01573	0.01123	0.00562	0.00562	0.00112	0.00562	0.00449	0.00449	0.77980
11	0.02635	0.02001	0.02136	0.01695	0.02258	0.02236	0.01382	0.50608	0.19445	0.04379	0.02137	0.02073	0.01546	0.00940	0.00762	0.00235	0.00776	0.00726	0.00762	0.01268
12	0.15298	0.25038	0.02316	0.01317	0.01764	0.04186	0.01134	0.04611	0.08648	0.08421	0.09688	0.04928	0.02087	0.00969	0.00783	0.00223	0.06390	0.00704	0.00545	0.00950
13	0.02752	0.05950	0.02309	0.01722	0.02299	0.07746	0.01416	0.52588	0.08631	0.04258	0.01835	0.01837	0.01334	0.00896	0.00740	0.00224	0.00856	0.00667	0.00708	0.01233
14	0.19322	0.26243	0.07891	0.01465	0.02040	0.14089	0.01337	0.11724	0.01919	0.02701	0.04092	0.01557	0.01251	0.00767	0.00593	0.00203	0.00866	0.00516	0.00454	0.00970

[dist]
# distance from previous block
# <min> <max>
2	19

[block]
# block no. 2 follows, 26 sequences, length 15
# corresponding to MSA columns:
# 55-69
name=unknown_C
#
# <colnr> <probs for GDERKNQSTAVLIFYWHMCP>
#	G	D	E	R	K	N	Q	S	T	A	V	L	I	F	Y	W	H	M	C	P
0	0.14471	0.04191	0.01942	0.23548	0.02907	0.01534	0.01422	0.02741	0.01740	0.30844	0.01972	0.02084	0.01349	0.00857	0.00808	0.00243	0.05038	0.00659	0.00614	0.01035
1	0.48903	0.01429	0.01373	0.01146	0.01648	0.01530	0.00942	0.06469	0.01721	0.23045	0.04124	0.01831	0.01395	0.00817	0.00590	0.00234	0.00611	0.00567	0.00640	0.00985
2	0.16091	0.02107	0.01994	0.01594	0.02146	0.11209	0.01297	0.38786	0.02808	0.12149	0.01747	0.01753	0.01240	0.00861	0.00699	0.00225	0.00840	0.00620	0.00682	0.01154
3	0.02028	0.73799	0.03975	0.01298	0.01947	0.03001	0.01298	0.02271	0.01541	0.01785	0.01055	0.01217	0.00973	0.00649	0.00487	0.00162	0.00811	0.00406	0.00324	0.00973
4	0.01086	0.00803	0.01170	0.01170	0.01289	0.00922	0.00887	0.01323	0.01205	0.01725	0.02076	0.03226	0.02003	0.14099	0.62073	0.01159	0.01871	0.00849	0.00413	0.00650
5	0.01596	0.14283	0.59712	0.02034	0.03085	0.01945	0.02579	0.02383	0.01592	0.02311	0.01316	0.01544	0.00963	0.00710	0.00686	0.00229	0.01075	0.00538	0.00321	0.01099
6	0.01791	0.01429	0.01689	0.01263	0.01855	0.01245	0.01017	0.09056	0.01789	0.05939	0.01556	0.04159	0.01307	0.00737	0.00746	0.00154	0.05704	0.00566	0.00508	0.57490
7	0.78701	0.01467	0.01115	0.00997	0.01467	0.01702	0.00821	0.02230	0.01291	0.03403	0.01056	0.01232	0.00821	0.00704	0.00469	0.00235	0.00587	0.00411	0.00469	0.00821
8	0.01598	0.14468	0.59538	0.02032	0.03081	0.01949	0.02575	0.02382	0.01592	0.02309	0.01315	0.01543	0.00963	0.00710	0.00685	0.00228	0.01074	0.00537	0.00321	0.01099
9	0.01115	0.06171	0.01191	0.00992	0.01163	0.00866	0.00737	0.01389	0.01875	0.02595	0.44671	0.19454	0.05909	0.07160	0.01107	0.00286	0.00438	0.01445	0.00741	0.00694
10	0.01719	0.01522	0.02247	0.47314	0.04156	0.01847	0.01876	0.13048	0.01831	0.02443	0.01386	0.01920	0.01063	0.00846	0.00964	0.00251	0.09778	0.00663	0.00415	0.04711
11	0.01463	0.01370	0.02205	0.59207	0.04636	0.01661	0.01949	0.01927	0.01497	0.01986	0.01323	0.01949	0.01022	0.00779	0.00862	0.00244	0.06044	0.00650	0.00348	0.08878
12	0.01858	0.50415	0.25874	0.01587	0.02394	0.02586	0.01801	0.02315	0.01561	0.01991	0.01157	0.01345	0.00969	0.00673	0.00565	0.00188	0.00915	0.00457	0.00323	0.01023
13	0.04827	0.01364	0.01761	0.13427	0.02417	0.01262	0.01195	0.02235	0.01629	0.14066	0.01601	0.01821	0.01216	0.00720	0.00759	0.00178	0.05532	0.00557	0.00509	0.42924
14	0.01508	0.01289	0.01532	0.01154	0.01732	0.01027	0.00911	0.01816	0.01542	0.02387	0.01632	0.09112	0.01529	0.00787	0.00689	0.00143	0.03667	0.00639	0.00471	0.66432

[dist]
# distance from previous block
# <min> <max>
0	3

[block]
# block no. 3 follows, 26 sequences, length 10
# corresponding to MSA columns:
# 73-82
name=unknown_D
#
# <colnr> <probs for GDERKNQSTAVLIFYWHMCP>
#	G	D	E	R	K	N	Q	S	T	A	V	L	I	F	Y	W	H	M	C	P
0	0.01990	0.01708	0.02315	0.01708	0.02338	0.01629	0.12189	0.20341	0.02155	0.03085	0.01494	0.01730	0.01168	0.00721	0.00792	0.00183	0.05107	0.00605	0.00519	0.38222
1	0.01121	0.00833	0.01162	0.01131	0.01275	0.00908	0.00843	0.01340	0.01219	0.01749	0.02059	0.03295	0.02022	0.19381	0.51752	0.01043	0.01662	0.00848	0.00420	0.05934
2	0.02619	0.01893	0.02002	0.01618	0.02132	0.06385	0.01310	0.37208	0.12370	0.13206	0.02154	0.02169	0.01567	0.01424	0.08042	0.00335	0.00933	0.00721	0.00725	0.01186
3	0.01432	0.01348	0.02275	0.71520	0.05224	0.01685	0.02107	0.01938	0.01517	0.01938	0.01348	0.02022	0.01011	0.00758	0.00758	0.00253	0.01011	0.00674	0.00337	0.00843
4	0.02625	0.01956	0.02114	0.01651	0.02217	0.02130	0.01347	0.54874	0.06154	0.04372	0.02004	0.06553	0.01572	0.00990	0.00761	0.00227	0.00781	0.00773	0.00736	0.06166
5	0.12707	0.63725	0.03576	0.01256	0.01880	0.02820	0.01232	0.02265	0.01506	0.02010	0.01055	0.01219	0.00952	0.00657	0.00484	0.00172	0.00780	0.00406	0.00345	0.00952
6	0.01432	0.01348	0.02275	0.71520	0.05224	0.01685	0.02107	0.01938	0.01517	0.01938	0.01348	0.02022	0.01011	0.00758	0.00758	0.00253	0.01011	0.00674	0.00337	0.00843
7	0.01140	0.00861	0.01188	0.01159	0.01239	0.00998	0.00852	0.01314	0.01177	0.01673	0.02058	0.03506	0.02096	0.27126	0.43053	0.00987	0.07643	0.00893	0.00417	0.00620
8	0.07148	0.01904	0.02272	0.02388	0.20249	0.06487	0.01546	0.25347	0.02431	0.12168	0.01728	0.01844	0.01276	0.00792	0.00713	0.00214	0.00820	0.00637	0.00602	0.09436
9	0.21179	0.55733	0.03260	0.01223	0.01827	0.02677	0.01179	0.02261	0.01479	0.02189	0.01055	0.01221	0.00935	0.00663	0.00482	0.00180	0.00755	0.00407	0.00361	0.00935

[dist]
# distance from previous block
# <min> <max>
0	57

[block]
# block no. 4 follows, 26 sequences, length 18
# corresponding to MSA columns:
# 142-159
name=unknown_E
#
# <colnr> <probs for GDERKNQSTAVLIFYWHMCP>
#	G	D	E	R	K	N	Q	S	T	A	V	L	I	F	Y	W	H	M	C	P
0	0.78701	0.01467	0.01115	0.00997	0.01467	0.01702	0.00821	0.02230	0.01291	0.03403	0.01056	0.01232	0.00821	0.00704	0.00469	0.00235	0.00587	0.00411	0.00469	0.00821
1	0.01207	0.00963	0.01381	0.01318	0.01421	0.01184	0.01034	0.01445	0.01217	0.01800	0.01878	0.02851	0.01783	0.08971	0.50350	0.00977	0.15071	0.00799	0.03659	0.00693
2	0.01482	0.01388	0.02286	0.64014	0.08389	0.01703	0.02067	0.02077	0.05259	0.02037	0.01451	0.02060	0.01095	0.00769	0.00759	0.00252	0.00982	0.00685	0.00364	0.00882
3	0.01546	0.01060	0.01188	0.01102	0.01429	0.01035	0.00861	0.02226	0.17423	0.12293	0.05304	0.05542	0.33682	0.04806	0.00995	0.00284	0.00520	0.07093	0.00744	0.00868
4	0.06398	0.01418	0.02211	0.53041	0.04334	0.01815	0.01935	0.01934	0.01431	0.02009	0.01259	0.01899	0.00996	0.00869	0.01088	0.00268	0.15257	0.00655	0.00344	0.00839
5	0.03403	0.01291	0.01760	0.01350	0.01936	0.01115	0.01115	0.03697	0.02171	0.69137	0.02992	0.02582	0.01878	0.00939	0.00763	0.00235	0.00645	0.00763	0.00939	0.01291
6	0.60649	0.01558	0.01329	0.01136	0.01618	0.01777	0.00933	0.14239	0.01761	0.03646	0.04441	0.01557	0.01216	0.00784	0.00545	0.00234	0.00622	0.00508	0.00542	0.00905
7	0.02883	0.02125	0.02276	0.01745	0.02352	0.02352	0.01442	0.66082	0.03566	0.04780	0.01821	0.01821	0.01290	0.00911	0.00759	0.00228	0.00835	0.00683	0.00759	0.01290
8	0.14407	0.01521	0.01573	0.01314	0.01733	0.04913	0.01050	0.21087	0.05374	0.10829	0.24423	0.03141	0.03305	0.01097	0.00756	0.00233	0.00628	0.00881	0.00740	0.00995
9	0.02883	0.02125	0.02276	0.01745	0.02352	0.02352	0.01442	0.66082	0.03566	0.04780	0.01821	0.01821	0.01290	0.00911	0.00759	0.00228	0.00835	0.00683	0.00759	0.01290
10	0.01573	0.01348	0.01573	0.01123	0.01798	0.01011	0.00899	0.01910	0.01573	0.02472	0.01348	0.01573	0.01123	0.00562	0.00562	0.00112	0.00562	0.00449	0.00449	0.77980
11	0.12410	0.01212	0.06182	0.01127	0.01505	0.01012	0.00964	0.02086	0.01979	0.17140	0.38027	0.04146	0.06713	0.01253	0.00795	0.00238	0.00508	0.01056	0.00764	0.00881
12	0.01472	0.01403	0.02283	0.59311	0.04656	0.01797	0.02028	0.01918	0.01454	0.01918	0.01286	0.01959	0.01008	0.00858	0.01062	0.00267	0.13469	0.00672	0.00336	0.00840
13	0.01506	0.01450	0.02291	0.48836	0.04169	0.01893	0.01961	0.01901	0.01401	0.01901	0.01233	0.01904	0.01006	0.00944	0.01323	0.00279	0.24157	0.00671	0.00335	0.00838
14	0.12311	0.01381	0.02123	0.55344	0.07276	0.01664	0.01888	0.02082	0.01527	0.05485	0.01392	0.01934	0.01036	0.00756	0.00718	0.00248	0.00929	0.00642	0.00387	0.00877
15	0.02074	0.35964	0.05501	0.01516	0.02009	0.22977	0.01343	0.02333	0.01667	0.01826	0.01287	0.01611	0.01148	0.01643	0.13735	0.00375	0.01223	0.00514	0.00360	0.00895
16	0.02690	0.01760	0.14447	0.01469	0.02113	0.01237	0.01394	0.03200	0.05480	0.44684	0.08673	0.02661	0.02191	0.00946	0.00761	0.00233	0.00703	0.00775	0.00787	0.03796
17	0.06307	0.58696	0.11043	0.01408	0.02071	0.02759	0.01455	0.02264	0.01517	0.01947	0.01086	0.01280	0.00964	0.00690	0.00601	0.00183	0.03987	0.00435	0.00333	0.00975

[dist]
# distance from previous block
# <min> <max>
9	13

[block]
# block no. 5 follows, 26 sequences, length 11
# corresponding to MSA columns:
# 174-176,178-185
name=unknown_F
#
# <colnr> <probs for GDERKNQSTAVLIFYWHMCP>
#	G	D	E	R	K	N	Q	S	T	A	V	L	I	F	Y	W	H	M	C	P
0	0.01567	0.01305	0.01562	0.01331	0.04646	0.01110	0.00978	0.05956	0.05680	0.02560	0.02018	0.15023	0.01939	0.00957	0.00671	0.00170	0.00573	0.00819	0.00533	0.50602
1	0.01954	0.01546	0.01885	0.01401	0.02029	0.01382	0.04675	0.18015	0.02101	0.05668	0.01680	0.05169	0.01386	0.00757	0.00657	0.00164	0.00668	0.00628	0.00555	0.47679
2	0.01432	0.01348	0.02275	0.71520	0.05224	0.01685	0.02107	0.01938	0.01517	0.01938	0.01348	0.02022	0.01011	0.00758	0.00758	0.00253	0.01011	0.00674	0.00337	0.00843
3	0.28376	0.01882	0.01825	0.05393	0.02151	0.06324	0.01248	0.32082	0.02452	0.03799	0.04139	0.01753	0.01322	0.00864	0.00720	0.00233	0.03185	0.00605	0.00602	0.01041
4	0.01450	0.01373	0.02279	0.66065	0.04970	0.01735	0.02071	0.01929	0.01489	0.01929	0.01321	0.01994	0.01010	0.00803	0.00894	0.00259	0.06578	0.00673	0.00337	0.00842
5	0.38077	0.10620	0.29755	0.01514	0.02274	0.01873	0.01696	0.02306	0.01448	0.02806	0.01182	0.01384	0.00896	0.00705	0.00576	0.00229	0.00834	0.00472	0.00391	0.00963
6	0.01085	0.00739	0.00881	0.00892	0.00919	0.00745	0.00543	0.01144	0.01206	0.01633	0.06507	0.10346	0.03126	0.56605	0.09915	0.00717	0.00815	0.01177	0.00497	0.00509
7	0.62173	0.01535	0.01295	0.01124	0.01595	0.01754	0.00918	0.12748	0.01676	0.03556	0.01342	0.04984	0.01113	0.00824	0.00543	0.00237	0.00620	0.00545	0.00529	0.00889
8	0.22911	0.02035	0.01952	0.09549	0.02444	0.10031	0.01355	0.34379	0.02560	0.03747	0.01488	0.01634	0.01097	0.00823	0.00673	0.00229	0.00851	0.00587	0.00591	0.01066
9	0.41544	0.01497	0.03893	0.20675	0.02640	0.01625	0.01295	0.04473	0.01540	0.09845	0.01479	0.03973	0.01143	0.00806	0.00615	0.00242	0.00733	0.00592	0.00494	0.00896
10	0.01473	0.01389	0.02347	0.65494	0.10936	0.01696	0.02126	0.01973	0.01536	0.01987	0.01355	0.02009	0.01028	0.00751	0.00758	0.00250	0.01001	0.00674	0.00341	0.00875

[dist]
# distance from previous block
# <min> <max>
0	4

[block]
# block no. 6 follows, 26 sequences, length 18
# corresponding to MSA columns:
# 190-207
name=unknown_G
#
# <colnr> <probs for GDERKNQSTAVLIFYWHMCP>
#	G	D	E	R	K	N	Q	S	T	A	V	L	I	F	Y	W	H	M	C	P
0	0.02141	0.55469	0.06109	0.01363	0.01994	0.02621	0.01331	0.06682	0.01721	0.08234	0.01351	0.01496	0.01128	0.00972	0.04361	0.00234	0.00877	0.00486	0.00415	0.01014
1	0.01813	0.01484	0.01715	0.01334	0.01871	0.01401	0.01066	0.15682	0.05819	0.02910	0.01809	0.08788	0.01607	0.00897	0.00789	0.00180	0.05512	0.00708	0.00552	0.44065
2	0.67553	0.08684	0.01453	0.01062	0.01556	0.01861	0.00898	0.05206	0.01422	0.03306	0.01092	0.01258	0.00858	0.00708	0.00485	0.00227	0.00621	0.00423	0.00468	0.00858
3	0.01432	0.01348	0.02275	0.71520	0.05224	0.01685	0.02107	0.01938	0.01517	0.01938	0.01348	0.02022	0.01011	0.00758	0.00758	0.00253	0.01011	0.00674	0.00337	0.00843
4	0.01268	0.01074	0.01533	0.01427	0.01507	0.01364	0.01128	0.01480	0.01190	0.01754	0.01737	0.02745	0.01691	0.10576	0.42681	0.00893	0.24066	0.00792	0.00388	0.00705
5	0.01432	0.01348	0.02275	0.71520	0.05224	0.01685	0.02107	0.01938	0.01517	0.01938	0.01348	0.02022	0.01011	0.00758	0.00758	0.00253	0.01011	0.00674	0.00337	0.00843
6	0.05341	0.58878	0.07513	0.01409	0.02022	0.05288	0.01397	0.02273	0.01529	0.01897	0.01073	0.01277	0.00968	0.00708	0.00648	0.00183	0.05864	0.00436	0.00333	0.00962
7	0.01867	0.01625	0.01695	0.01448	0.01830	0.09365	0.01140	0.16114	0.08456	0.02691	0.01847	0.02305	0.01563	0.05090	0.22942	0.00544	0.03805	0.00693	0.00525	0.14457
8	0.02793	0.02071	0.02228	0.01703	0.02314	0.02260	0.01404	0.61677	0.03429	0.04622	0.01789	0.01804	0.01279	0.00887	0.00745	0.00220	0.00816	0.00667	0.00738	0.06555
9	0.01573	0.01348	0.01573	0.01123	0.01798	0.01011	0.00899	0.01910	0.01573	0.02472	0.01348	0.01573	0.01123	0.00562	0.00562	0.00112	0.00562	0.00449	0.00449	0.77980
10	0.01546	0.01355	0.01669	0.01278	0.01793	0.01227	0.01031	0.01848	0.01473	0.02302	0.01347	0.01707	0.01168	0.01128	0.06828	0.00244	0.12740	0.00517	0.00426	0.58373
11	0.01431	0.01019	0.01447	0.01351	0.01523	0.01196	0.01070	0.04425	0.01403	0.07644	0.02045	0.05320	0.01864	0.04367	0.49693	0.00939	0.11188	0.00833	0.00468	0.00774
12	0.37924	0.01455	0.01452	0.07154	0.01923	0.03758	0.01033	0.07774	0.01747	0.16677	0.05585	0.02147	0.01604	0.05813	0.00843	0.00269	0.00678	0.00635	0.00597	0.00930
13	0.08011	0.01358	0.02176	0.65516	0.04904	0.01687	0.01997	0.01963	0.01497	0.02063	0.01323	0.01955	0.00995	0.00754	0.00734	0.00251	0.00975	0.00652	0.00348	0.00841
14	0.71024	0.01455	0.01230	0.08004	0.01840	0.01700	0.00949	0.02201	0.01313	0.03258	0.01085	0.01311	0.00840	0.00709	0.00498	0.00236	0.00629	0.00437	0.00456	0.00824
15	0.10886	0.01306	0.01952	0.50273	0.04085	0.01537	0.01715	0.01921	0.01556	0.02270	0.07956	0.02252	0.01607	0.00815	0.00721	0.00238	0.00859	0.00693	0.00412	0.06947
16	0.41472	0.01609	0.08053	0.04332	0.01894	0.01527	0.01162	0.02413	0.01579	0.15698	0.08249	0.02031	0.01694	0.00871	0.00711	0.00241	0.04349	0.00615	0.00569	0.00931
17	0.46368	0.01411	0.01367	0.01136	0.01637	0.01493	0.00932	0.06138	0.01716	0.20988	0.05577	0.01902	0.01516	0.00822	0.00593	0.00229	0.00602	0.00578	0.00632	0.04364

[dist]
# distance from previous block
# <min> <max>
2	4

[block]
# block no. 7 follows, 26 sequences, length 13
# corresponding to MSA columns:
# 212-216,218-225
name=unknown_H
#
# <colnr> <probs for GDERKNQSTAVLIFYWHMCP>
#	G	D	E	R	K	N	Q	S	T	A	V	L	I	F	Y	W	H	M	C	P
0	0.03651	0.00950	0.01165	0.01109	0.01289	0.00976	0.00824	0.04736	0.01563	0.02199	0.10688	0.13520	0.08281	0.18960	0.11384	0.00506	0.04774	0.05992	0.00575	0.06857
1	0.59528	0.01504	0.01322	0.05773	0.01801	0.01732	0.00972	0.10528	0.01619	0.03455	0.01251	0.01447	0.00955	0.00744	0.00530	0.00232	0.00635	0.00480	0.04612	0.00878
2	0.01484	0.01401	0.02368	0.63765	0.12576	0.01699	0.02132	0.01983	0.01541	0.02001	0.01357	0.02005	0.01033	0.00749	0.00757	0.00250	0.00998	0.00674	0.00341	0.00884
3	0.41959	0.01773	0.01582	0.01312	0.01827	0.07540	0.01070	0.17522	0.02044	0.14559	0.01568	0.01607	0.01121	0.00798	0.00604	0.00230	0.00721	0.00540	0.00609	0.01015
4	0.01147	0.00809	0.01009	0.01023	0.01103	0.00835	0.00688	0.04626	0.01394	0.01896	0.05661	0.21610	0.03265	0.34031	0.16859	0.00680	0.00923	0.01298	0.00543	0.00601
5	0.02050	0.67021	0.06640	0.01370	0.02025	0.06618	0.01371	0.02318	0.01577	0.01815	0.01074	0.01241	0.00973	0.00659	0.00507	0.00167	0.00855	0.00417	0.00328	0.00975
6	0.69739	0.01453	0.01249	0.09177	0.01903	0.01700	0.00971	0.02196	0.01317	0.03233	0.01090	0.01324	0.00843	0.00710	0.00503	0.00237	0.00636	0.00441	0.00454	0.00824
7	0.01597	0.01392	0.01651	0.01227	0.01825	0.01180	0.00986	0.02013	0.04960	0.02447	0.01406	0.01647	0.01174	0.00658	0.00754	0.00141	0.07286	0.00491	0.00455	0.66710
8	0.57715	0.01795	0.10838	0.10443	0.02216	0.01708	0.01268	0.02215	0.01364	0.03070	0.01137	0.01388	0.00866	0.00714	0.00543	0.00238	0.00717	0.00466	0.00431	0.00866
9	0.01180	0.00895	0.01156	0.01071	0.01285	0.00864	0.00780	0.01390	0.01343	0.01935	0.05908	0.10105	0.02538	0.20672	0.27947	0.00712	0.01140	0.00966	0.00482	0.17630
10	0.53162	0.01363	0.01248	0.01063	0.01539	0.01461	0.00868	0.02388	0.01543	0.14740	0.07736	0.01907	0.01622	0.00815	0.00567	0.00227	0.00574	0.00565	0.00584	0.06028
11	0.04985	0.05484	0.01882	0.01355	0.01884	0.01466	0.01119	0.08357	0.01816	0.17730	0.01722	0.01862	0.01306	0.01001	0.03739	0.00232	0.09952	0.00582	0.00567	0.32959
12	0.62643	0.01447	0.01285	0.07843	0.01852	0.01678	0.00971	0.05703	0.01423	0.03221	0.01142	0.01402	0.00894	0.00830	0.00654	0.04615	0.00646	0.00465	0.00465	0.00822

[dist]
# distance from previous block
# <min> <max>
3	8

[block]
# block no. 8 follows, 26 sequences, length 44
# corresponding to MSA columns:
# 238-281
name=unknown_I
#
# <colnr> <probs for GDERKNQSTAVLIFYWHMCP>
#	G	D	E	R	K	N	Q	S	T	A	V	L	I	F	Y	W	H	M	C	P
0	0.01741	0.01826	0.02316	0.52558	0.09829	0.15024	0.02000	0.02182	0.01657	0.01966	0.01320	0.01883	0.01020	0.00756	0.00743	0.00239	0.01071	0.00638	0.00351	0.00879
1	0.05613	0.03209	0.02140	0.01873	0.02314	0.52878	0.01437	0.16842	0.02429	0.02555	0.01311	0.01462	0.01040	0.00807	0.00693	0.00204	0.01222	0.00528	0.00474	0.00967
2	0.02539	0.03169	0.01958	0.01794	0.02156	0.59339	0.01347	0.02739	0.02053	0.01870	0.01865	0.02047	0.07663	0.01184	0.04820	0.00262	0.01310	0.00617	0.00423	0.00844
3	0.01652	0.01395	0.01615	0.01161	0.01831	0.01092	0.00931	0.05762	0.01693	0.02610	0.01377	0.01588	0.01133	0.00583	0.00574	0.00119	0.00578	0.00463	0.00468	0.73376
4	0.02621	0.03236	0.02283	0.06429	0.11473	0.56985	0.01620	0.02870	0.02055	0.01945	0.01217	0.01475	0.01009	0.00766	0.00697	0.00203	0.01284	0.00525	0.00386	0.00921
5	0.01082	0.00781	0.01026	0.00980	0.01159	0.00725	0.00746	0.01440	0.02123	0.02996	0.64419	0.05837	0.06992	0.01583	0.00904	0.00245	0.00378	0.05043	0.00827	0.00715
6	0.01515	0.01509	0.02783	0.55753	0.04933	0.01739	0.16818	0.02051	0.01580	0.02051	0.01391	0.02028	0.01043	0.00731	0.00790	0.00253	0.01073	0.00725	0.00348	0.00884
7	0.01590	0.01405	0.01808	0.01291	0.01973	0.01085	0.06159	0.01952	0.01590	0.02468	0.01363	0.01611	0.01126	0.00568	0.00589	0.00124	0.00620	0.00485	0.00444	0.71748
8	0.01432	0.01348	0.02275	0.71520	0.05224	0.01685	0.02107	0.01938	0.01517	0.01938	0.01348	0.02022	0.01011	0.00758	0.00758	0.00253	0.01011	0.00674	0.00337	0.00843
9	0.01685	0.30078	0.41720	0.01787	0.02682	0.02177	0.02142	0.02293	0.01572	0.02149	0.01372	0.04641	0.01147	0.00768	0.00644	0.00214	0.00974	0.00574	0.00339	0.01043
10	0.78701	0.01467	0.01115	0.00997	0.01467	0.01702	0.00821	0.02230	0.01291	0.03403	0.01056	0.01232	0.00821	0.00704	0.00469	0.00235	0.00587	0.00411	0.00469	0.00821
11	0.02028	0.73799	0.03975	0.01298	0.01947	0.03001	0.01298	0.02271	0.01541	0.01785	0.01055	0.01217	0.00973	0.00649	0.00487	0.00162	0.00811	0.00406	0.00324	0.00973
12	0.01318	0.00659	0.00988	0.00988	0.00988	0.00659	0.00659	0.00988	0.00988	0.01318	0.01318	0.02306	0.01318	0.02635	0.02964	0.77931	0.00659	0.00659	0.00329	0.00329
13	0.01049	0.00803	0.01034	0.01061	0.01244	0.00798	0.00835	0.01310	0.01593	0.02093	0.11967	0.05875	0.24696	0.05827	0.23454	0.00601	0.00988	0.13493	0.00613	0.00666
14	0.01414	0.00707	0.00707	0.00707	0.00884	0.00707	0.00530	0.01767	0.01591	0.02828	0.02474	0.02828	0.01944	0.00884	0.00530	0.00177	0.00353	0.00707	0.77554	0.00707
15	0.01736	0.01323	0.01542	0.01274	0.01753	0.01216	0.01004	0.11618	0.08309	0.05906	0.02399	0.16104	0.02278	0.01135	0.00733	0.00204	0.00596	0.05179	0.00617	0.35074
16	0.02028	0.73799	0.03975	0.01298	0.01947	0.03001	0.01298	0.02271	0.01541	0.01785	0.01055	0.01217	0.00973	0.00649	0.00487	0.00162	0.00811	0.00406	0.00324	0.00973
17	0.01605	0.01313	0.01546	0.01128	0.01769	0.00996	0.00897	0.01931	0.01588	0.04752	0.01540	0.05016	0.01336	0.00662	0.00588	0.00126	0.00559	0.00542	0.00478	0.71628
18	0.01127	0.00767	0.01000	0.01111	0.01213	0.00732	0.00779	0.04253	0.01620	0.04569	0.06650	0.61120	0.04784	0.02208	0.00952	0.00301	0.00475	0.04938	0.00720	0.00680
19	0.01414	0.00707	0.00707	0.00707	0.00884	0.00707	0.00530	0.01767	0.01591	0.02828	0.02474	0.02828	0.01944	0.00884	0.00530	0.00177	0.00353	0.00707	0.77554	0.00707
20	0.36202	0.05180	0.01778	0.17345	0.02570	0.17086	0.01298	0.02430	0.01597	0.06492	0.01262	0.01521	0.00968	0.00745	0.00601	0.00227	0.00872	0.00509	0.00442	0.00874
21	0.02833	0.03615	0.02149	0.01954	0.02345	0.70298	0.01466	0.03029	0.02149	0.01856	0.01172	0.01368	0.00977	0.00782	0.00684	0.00195	0.01368	0.00489	0.00391	0.00879
22	0.00924	0.00660	0.00880	0.01056	0.01100	0.00616	0.00704	0.01056	0.01452	0.01936	0.04181	0.72848	0.05017	0.02376	0.00968	0.00308	0.00440	0.02156	0.00704	0.00616
23	0.02833	0.03615	0.02149	0.01954	0.02345	0.70298	0.01466	0.03029	0.02149	0.01856	0.01172	0.01368	0.00977	0.00782	0.00684	0.00195	0.01368	0.00489	0.00391	0.00879
24	0.01103	0.00735	0.00827	0.00827	0.00827	0.00735	0.00460	0.01103	0.01103	0.01471	0.02390	0.04964	0.02758	0.73343	0.03861	0.00735	0.00735	0.01103	0.00460	0.00460
25	0.03403	0.01291	0.01760	0.01350	0.01936	0.01115	0.01115	0.03697	0.02171	0.69137	0.02992	0.02582	0.01878	0.00939	0.00763	0.00235	0.00645	0.00763	0.00939	0.01291
26	0.01432	0.01348	0.02275	0.71520	0.05224	0.01685	0.02107	0.01938	0.01517	0.01938	0.01348	0.02022	0.01011	0.00758	0.00758	0.00253	0.01011	0.00674	0.00337	0.00843
27	0.01432	0.01348	0.02275	0.71520	0.05224	0.01685	0.02107	0.01938	0.01517	0.01938	0.01348	0.02022	0.01011	0.00758	0.00758	0.00253	0.01011	0.00674	0.00337	0.00843
28	0.01651	0.21826	0.52648	0.01941	0.02941	0.02079	0.02417	0.02369	0.01586	0.02244	0.01283	0.01503	0.00964	0.00702	0.00661	0.00220	0.01042	0.00521	0.00321	0.01083
29	0.01850	0.01587	0.02019	0.01759	0.02025	0.05838	0.06870	0.11959	0.01833	0.02511	0.02048	0.06039	0.01901	0.06376	0.29670	0.00715	0.12625	0.00893	0.00538	0.00944
30	0.01414	0.00707	0.00707	0.00707	0.00884	0.00707	0.00530	0.01767	0.01591	0.02828	0.02474	0.02828	0.01944	0.00884	0.00530	0.00177	0.00353	0.00707	0.77554	0.00707
31	0.02728	0.03447	0.02094	0.01910	0.02285	0.66135	0.01434	0.02928	0.02094	0.01851	0.01224	0.01465	0.01032	0.01076	0.04866	0.00257	0.01408	0.00508	0.00392	0.00867
32	0.02468	0.02656	0.02534	0.02976	0.28271	0.32099	0.01799	0.13336	0.02222	0.02590	0.01381	0.01643	0.01117	0.00762	0.00723	0.00213	0.01096	0.00594	0.00447	0.01074
33	0.01414	0.00707	0.00707	0.00707	0.00884	0.00707	0.00530	0.01767	0.01591	0.02828	0.02474	0.02828	0.01944	0.00884	0.00530	0.00177	0.00353	0.00707	0.77554	0.00707
34	0.02104	0.02258	0.02772	0.06095	0.45929	0.19877	0.02062	0.02476	0.01805	0.02266	0.01337	0.01738	0.01126	0.00736	0.00813	0.00223	0.04292	0.00626	0.00376	0.01087
35	0.01473	0.01389	0.02348	0.65461	0.10968	0.01696	0.02127	0.01973	0.01536	0.01987	0.01355	0.02009	0.01028	0.00751	0.00758	0.00250	0.01001	0.00674	0.00341	0.00875
36	0.01665	0.01371	0.01653	0.01337	0.01701	0.01408	0.01046	0.11732	0.01700	0.02475	0.01675	0.04893	0.01597	0.14367	0.04449	0.00340	0.14561	0.00724	0.00484	0.30822
37	0.01447	0.01376	0.02362	0.68813	0.05174	0.01694	0.04632	0.01957	0.01528	0.01957	0.01356	0.02023	0.01017	0.00754	0.00764	0.00253	0.01022	0.00683	0.00339	0.00850
38	0.01431	0.04691	0.04364	0.01406	0.01667	0.07201	0.01157	0.01887	0.07432	0.01961	0.01880	0.02537	0.01678	0.03876	0.44101	0.00844	0.06762	0.00734	0.00428	0.03963
39	0.22232	0.01466	0.01685	0.01379	0.01904	0.01389	0.01101	0.05178	0.02098	0.42787	0.08137	0.02745	0.02219	0.01069	0.00789	0.00274	0.00684	0.00786	0.00862	0.01218
40	0.05138	0.01366	0.01595	0.01168	0.01797	0.01108	0.00940	0.01994	0.01565	0.05223	0.01386	0.01603	0.01135	0.00620	0.00657	0.00133	0.03927	0.00471	0.00465	0.67709
41	0.21920	0.01300	0.01553	0.07742	0.02035	0.01291	0.01082	0.02825	0.03819	0.33505	0.06760	0.04496	0.01954	0.00928	0.00691	0.00232	0.00632	0.00733	0.00714	0.05784
42	0.54182	0.01975	0.04218	0.07267	0.02034	0.15029	0.01138	0.02367	0.01490	0.02936	0.01116	0.01341	0.00874	0.00724	0.00546	0.00229	0.00797	0.00455	0.00437	0.00847
43	0.02883	0.02125	0.02276	0.01745	0.02352	0.02352	0.01442	0.66082	0.03566	0.04780	0.01821	0.01821	0.01290	0.00911	0.00759	0.00228	0.00835	0.00683	0.00759	0.01290

[dist]
# distance from previous block
# <min> <max>
2	15

[block]
# block no. 9 follows, 26 sequences, length 15
# corresponding to MSA columns:
# 298-312
name=unknown_J
#
# <colnr> <probs for GDERKNQSTAVLIFYWHMCP>
#	G	D	E	R	K	N	Q	S	T	A	V	L	I	F	Y	W	H	M	C	P
0	0.01601	0.01365	0.01630	0.01243	0.01788	0.01190	0.00992	0.05607	0.01637	0.02493	0.01592	0.07956	0.01467	0.00823	0.00808	0.00159	0.07911	0.00637	0.00478	0.58621
1	0.03767	0.01339	0.02079	0.50978	0.04189	0.01593	0.01802	0.01886	0.01485	0.02041	0.01465	0.05768	0.01237	0.00866	0.00876	0.00244	0.06641	0.00717	0.00375	0.10653
2	0.01455	0.01379	0.02280	0.64735	0.04909	0.01747	0.02063	0.01927	0.01482	0.01927	0.01314	0.01987	0.01010	0.00814	0.00927	0.00261	0.07934	0.00673	0.00337	0.00841
3	0.01172	0.00942	0.00997	0.00991	0.01064	0.04598	0.00652	0.01251	0.01310	0.01673	0.03273	0.13499	0.12899	0.42226	0.05938	0.00579	0.04617	0.01243	0.00515	0.00561
4	0.01666	0.01269	0.01510	0.01151	0.01726	0.01005	0.00905	0.03947	0.01666	0.07741	0.01900	0.11906	0.01748	0.00863	0.00642	0.00154	0.00559	0.00727	0.00534	0.58380
5	0.58721	0.01431	0.01249	0.01048	0.01564	0.01530	0.00859	0.02288	0.01412	0.08434	0.01262	0.01401	0.00960	0.00697	0.00509	0.00212	0.00587	0.00446	0.00503	0.14887
6	0.01726	0.01460	0.01711	0.01262	0.01875	0.01265	0.01020	0.09082	0.01763	0.02679	0.01373	0.01607	0.01132	0.00661	0.00736	0.00143	0.06240	0.00492	0.00475	0.63297
7	0.01531	0.01304	0.01528	0.01119	0.01752	0.00986	0.00886	0.01855	0.01565	0.02437	0.01532	0.06191	0.01376	0.00679	0.00588	0.00125	0.00554	0.00560	0.00466	0.72968
8	0.01144	0.00875	0.01045	0.01082	0.01306	0.00825	0.00871	0.05113	0.01859	0.02370	0.11524	0.12872	0.31378	0.01925	0.00946	0.00289	0.00520	0.22637	0.00718	0.00703
9	0.02307	0.32291	0.10270	0.01691	0.02251	0.29033	0.01544	0.02598	0.01782	0.03933	0.01190	0.01386	0.01002	0.00757	0.00716	0.00196	0.05250	0.00481	0.00369	0.00954
10	0.01304	0.01149	0.01710	0.35840	0.03232	0.01291	0.01435	0.01639	0.01475	0.01962	0.02418	0.13887	0.07587	0.07840	0.01156	0.00294	0.04417	0.01001	0.00451	0.09912
11	0.02728	0.02032	0.02193	0.01671	0.02286	0.02193	0.01377	0.58463	0.03330	0.04506	0.01765	0.01792	0.01270	0.00869	0.00735	0.00214	0.00802	0.00655	0.00722	0.10396
12	0.01537	0.01323	0.01572	0.01168	0.01765	0.01061	0.00930	0.01852	0.01542	0.02402	0.01504	0.06004	0.01358	0.00718	0.00696	0.00137	0.04598	0.00568	0.00459	0.68806
13	0.43817	0.01573	0.06162	0.15765	0.02410	0.01572	0.01234	0.02109	0.01428	0.02886	0.03451	0.01620	0.01127	0.00725	0.00574	0.00222	0.00701	0.00514	0.00441	0.11669
14	0.05217	0.01365	0.02197	0.65363	0.04915	0.01694	0.02009	0.02034	0.04059	0.02057	0.01402	0.02015	0.01053	0.00766	0.00745	0.00252	0.00974	0.00668	0.00360	0.00855

[dist]
# distance from previous block
# <min> <max>
7	10

[block]
# block no. 10 follows, 26 sequences, length 9
# corresponding to MSA columns:
# 325-333
name=unknown_K
#
# <colnr> <probs for GDERKNQSTAVLIFYWHMCP>
#	G	D	E	R	K	N	Q	S	T	A	V	L	I	F	Y	W	H	M	C	P
0	0.01599	0.01372	0.01585	0.01159	0.01812	0.01085	0.00924	0.02089	0.07117	0.02531	0.01495	0.01679	0.01224	0.00601	0.00579	0.00125	0.00565	0.00484	0.00477	0.71498
1	0.01432	0.01348	0.02275	0.71520	0.05224	0.01685	0.02107	0.01938	0.01517	0.01938	0.01348	0.02022	0.01011	0.00758	0.00758	0.00253	0.01011	0.00674	0.00337	0.00843
2	0.50134	0.01553	0.01426	0.01173	0.01700	0.01686	0.00964	0.13487	0.01796	0.09134	0.01389	0.01489	0.01028	0.00744	0.00556	0.00219	0.00632	0.00493	0.00558	0.09840
3	0.01244	0.00659	0.00968	0.01001	0.01009	0.00651	0.00667	0.01001	0.01075	0.01434	0.01855	0.15540	0.02012	0.02587	0.02590	0.63369	0.00618	0.00940	0.00400	0.00383
4	0.11572	0.01297	0.01607	0.01240	0.01811	0.01140	0.01014	0.03027	0.01940	0.43847	0.05798	0.02370	0.01868	0.00863	0.00693	0.00209	0.00606	0.00687	0.00774	0.17638
5	0.01465	0.01381	0.02334	0.66613	0.09876	0.01694	0.02123	0.01967	0.01532	0.01978	0.01354	0.02012	0.01025	0.00752	0.00758	0.00251	0.01003	0.00674	0.00340	0.00869
6	0.01964	0.64969	0.12244	0.01407	0.02116	0.02845	0.01488	0.02288	0.01549	0.01863	0.01093	0.01265	0.00972	0.00658	0.00516	0.00172	0.00850	0.00425	0.00324	0.00992
7	0.51554	0.13950	0.01631	0.01089	0.01530	0.01794	0.00927	0.02081	0.01322	0.02829	0.01229	0.01540	0.01039	0.01580	0.12887	0.00397	0.00883	0.00481	0.00433	0.00822
8	0.01700	0.01305	0.01543	0.01165	0.01756	0.01043	0.00920	0.05282	0.01706	0.07401	0.01820	0.09878	0.01636	0.00817	0.00634	0.00150	0.00568	0.00681	0.00531	0.59465

[dist]
# distance from previous block
# <min> <max>
4	9

[block]
# block no. 11 follows, 26 sequences, length 10
# corresponding to MSA columns:
# 344-353
name=unknown_L
#
# <colnr> <probs for GDERKNQSTAVLIFYWHMCP>
#	G	D	E	R	K	N	Q	S	T	A	V	L	I	F	Y	W	H	M	C	P
0	0.01927	0.18618	0.02217	0.01234	0.01890	0.01606	0.01056	0.07600	0.01779	0.07379	0.01439	0.01583	0.01157	0.00640	0.00575	0.00143	0.00650	0.00482	0.00482	0.47541
1	0.01615	0.01498	0.01935	0.01542	0.01891	0.01644	0.01266	0.01869	0.01374	0.02160	0.01178	0.01615	0.01062	0.00931	0.01492	0.00218	0.35004	0.00553	0.00393	0.40761
2	0.01794	0.01402	0.01686	0.07232	0.02117	0.01249	0.01080	0.12157	0.01903	0.05931	0.01779	0.08663	0.01557	0.00830	0.00659	0.00168	0.00636	0.00688	0.00537	0.47932
3	0.01540	0.01415	0.02142	0.54900	0.04452	0.01733	0.01891	0.02435	0.17127	0.02231	0.01761	0.02214	0.01321	0.00823	0.00762	0.00254	0.00914	0.00718	0.00440	0.00928
4	0.01455	0.01250	0.01893	0.01647	0.01730	0.01569	0.06012	0.01552	0.01176	0.01723	0.01368	0.02229	0.01328	0.05341	0.15582	0.18944	0.33438	0.00726	0.00355	0.00681
5	0.07514	0.09082	0.42601	0.18472	0.03490	0.01845	0.02356	0.02267	0.01552	0.02317	0.01308	0.01640	0.00963	0.00722	0.00690	0.00236	0.01027	0.00563	0.00336	0.01019
6	0.38319	0.20178	0.02040	0.01195	0.01710	0.02028	0.01038	0.11645	0.01797	0.05596	0.06955	0.01742	0.01508	0.00801	0.00564	0.00215	0.00664	0.00544	0.00523	0.00938
7	0.08007	0.01358	0.02176	0.65519	0.04904	0.01687	0.01997	0.01963	0.01497	0.02063	0.01323	0.01955	0.00995	0.00754	0.00734	0.00251	0.00975	0.00652	0.00348	0.00841
8	0.01237	0.06521	0.12442	0.01111	0.01353	0.01084	0.00944	0.01421	0.01226	0.01669	0.02097	0.03992	0.02269	0.51143	0.07958	0.00648	0.00899	0.00942	0.00423	0.00622
9	0.02182	0.01535	0.01940	0.18043	0.02754	0.01553	0.01356	0.20131	0.02196	0.13596	0.01780	0.02030	0.01322	0.03349	0.00813	0.00220	0.00764	0.00641	0.00588	0.23206

[dist]
# distance from previous block
# <min> <max>
0	6

[block]
# block no. 12 follows, 26 sequences, length 7
# corresponding to MSA columns:
# 360-366
name=unknown_M
#
# <colnr> <probs for GDERKNQSTAVLIFYWHMCP>
#	G	D	E	R	K	N	Q	S	T	A	V	L	I	F	Y	W	H	M	C	P
0	0.06212	0.50565	0.18192	0.01456	0.02176	0.02539	0.01576	0.02256	0.01570	0.02076	0.04456	0.01524	0.01269	0.00713	0.00558	0.00187	0.00845	0.00488	0.00357	0.00985
1	0.07643	0.01343	0.02118	0.57475	0.04483	0.01676	0.01898	0.01904	0.01447	0.02016	0.01299	0.01949	0.01011	0.00890	0.00967	0.04295	0.05773	0.00651	0.00347	0.00813
2	0.01258	0.01045	0.01446	0.01258	0.01614	0.00892	0.06045	0.01548	0.01635	0.02309	0.09594	0.26117	0.07030	0.01482	0.00820	0.00231	0.00563	0.07423	0.00604	0.27087
3	0.02021	0.54349	0.08174	0.01460	0.02046	0.02707	0.01444	0.02300	0.01528	0.05791	0.01181	0.01387	0.01029	0.00768	0.00806	0.00196	0.10995	0.00474	0.00361	0.00982
4	0.01128	0.00849	0.01187	0.01165	0.01254	0.00983	0.00863	0.01318	0.01184	0.01686	0.02059	0.03430	0.02070	0.23794	0.47686	0.01028	0.06391	0.00882	0.00416	0.00628
5	0.01975	0.01305	0.01565	0.01257	0.01773	0.01154	0.01014	0.11417	0.01990	0.15304	0.02613	0.09630	0.05701	0.01084	0.00734	0.00202	0.00609	0.06999	0.00650	0.33024
6	0.01877	0.42032	0.29661	0.01678	0.02497	0.06561	0.01901	0.02368	0.01602	0.02032	0.01183	0.01377	0.00969	0.00685	0.00591	0.00195	0.00967	0.00472	0.00327	0.01026

[dist]
# distance from previous block
# <min> <max>
0	1

[block]
# block no. 13 follows, 26 sequences, length 6
# corresponding to MSA columns:
# 368-372,375
name=unknown_N
#
# <colnr> <probs for GDERKNQSTAVLIFYWHMCP>
#	G	D	E	R	K	N	Q	S	T	A	V	L	I	F	Y	W	H	M	C	P
0	0.02051	0.35969	0.20809	0.01624	0.02359	0.09726	0.01696	0.05523	0.04253	0.04749	0.01348	0.01491	0.01077	0.00717	0.00607	0.00194	0.00931	0.00501	0.00396	0.03978
1	0.06479	0.00925	0.01213	0.01169	0.01300	0.01089	0.00898	0.01486	0.01251	0.01982	0.01958	0.02957	0.01844	0.13067	0.40403	0.00856	0.09103	0.00793	0.10548	0.00679
2	0.01465	0.01348	0.02114	0.55411	0.04440	0.01531	0.01830	0.01932	0.01530	0.02060	0.01348	0.01919	0.01037	0.00713	0.00713	0.00221	0.00908	0.00623	0.00363	0.18494
3	0.32994	0.15242	0.05058	0.01184	0.01781	0.01716	0.01061	0.02365	0.01533	0.11474	0.01391	0.01502	0.01065	0.00693	0.00544	0.00193	0.00656	0.00472	0.00492	0.18583
4	0.01811	0.01618	0.02565	0.46574	0.04401	0.01868	0.10332	0.16681	0.02022	0.02653	0.01481	0.01979	0.01093	0.00778	0.00776	0.00247	0.01006	0.00705	0.00440	0.00969
5	0.08720	0.02173	0.02091	0.17675	0.02893	0.17338	0.01522	0.25255	0.09474	0.03186	0.01641	0.01826	0.01228	0.00842	0.00719	0.00230	0.00949	0.00634	0.00557	0.01047

[dist]
# distance from previous block
# <min> <max>
13	24

[block]
# block no. 14 follows, 26 sequences, length 11
# corresponding to MSA columns:
# 403-413
name=unknown_O
#
# <colnr> <probs for GDERKNQSTAVLIFYWHMCP>
#	G	D	E	R	K	N	Q	S	T	A	V	L	I	F	Y	W	H	M	C	P
0	0.07272	0.01454	0.02360	0.52058	0.18424	0.01711	0.02058	0.02043	0.01545	0.02162	0.01343	0.01933	0.01037	0.00737	0.00735	0.00246	0.00956	0.00655	0.00355	0.00917
1	0.01784	0.01663	0.02618	0.03575	0.48172	0.01560	0.01891	0.02200	0.01680	0.02476	0.01403	0.01784	0.01178	0.00641	0.00693	0.00191	0.00797	0.00607	0.00398	0.24690
2	0.39720	0.01578	0.01671	0.01415	0.01767	0.01903	0.01172	0.09027	0.01579	0.09496	0.01308	0.01557	0.01028	0.00940	0.01147	0.00264	0.22452	0.00551	0.00504	0.00920
3	0.01077	0.00776	0.01066	0.01080	0.01164	0.00853	0.00771	0.01250	0.01200	0.01681	0.02315	0.09074	0.02418	0.27312	0.43423	0.00991	0.01488	0.01011	0.00447	0.00602
4	0.01667	0.23978	0.50632	0.01914	0.02899	0.02117	0.02371	0.02365	0.01584	0.02225	0.01273	0.01491	0.00964	0.00700	0.00653	0.00218	0.01032	0.00516	0.00321	0.01079
5	0.01432	0.01348	0.02275	0.71520	0.05224	0.01685	0.02107	0.01938	0.01517	0.01938	0.01348	0.02022	0.01011	0.00758	0.00758	0.00253	0.01011	0.00674	0.00337	0.00843
6	0.01432	0.01348	0.02275	0.71520	0.05224	0.01685	0.02107	0.01938	0.01517	0.01938	0.01348	0.02022	0.01011	0.00758	0.00758	0.00253	0.01011	0.00674	0.00337	0.00843
7	0.01412	0.01196	0.01376	0.01086	0.01607	0.00963	0.00845	0.01818	0.05750	0.02389	0.02785	0.10615	0.12309	0.01012	0.00674	0.00166	0.00522	0.00851	0.00539	0.52086
8	0.01504	0.01242	0.01461	0.01143	0.01677	0.00999	0.00886	0.05238	0.01656	0.02482	0.01987	0.17013	0.01975	0.00974	0.00660	0.00161	0.00550	0.00832	0.00521	0.57037
9	0.02345	0.01741	0.01914	0.01541	0.02034	0.01858	0.01234	0.46269	0.02931	0.03960	0.02279	0.16902	0.02067	0.01190	0.00785	0.00234	0.00725	0.00974	0.00718	0.08299
10	0.01791	0.01449	0.01658	0.01249	0.01850	0.01259	0.00996	0.15477	0.01986	0.02913	0.01713	0.08273	0.01522	0.00805	0.00642	0.00155	0.00608	0.00658	0.00539	0.54456

[dist]
# distance from previous block
# <min> <max>
8	25

[block]
# block no. 15 follows, 26 sequences, length 11
# corresponding to MSA columns:
# 440-450
name=unknown_P
#
# <colnr> <probs for GDERKNQSTAVLIFYWHMCP>
#	G	D	E	R	K	N	Q	S	T	A	V	L	I	F	Y	W	H	M	C	P
0	0.01449	0.01348	0.02195	0.63456	0.04832	0.01608	0.01968	0.01935	0.01523	0.01999	0.01348	0.01971	0.01024	0.00736	0.00736	0.00237	0.00960	0.00648	0.00350	0.09679
1	0.06441	0.03732	0.51769	0.02459	0.03445	0.02044	0.06000	0.02838	0.02020	0.06225	0.02112	0.02602	0.01676	0.01186	0.01004	0.00364	0.01250	0.00801	0.00607	0.01423
2	0.01593	0.01608	0.02261	0.63551	0.04894	0.09545	0.02033	0.02063	0.01589	0.01929	0.01328	0.01947	0.01007	0.00761	0.00750	0.00246	0.01052	0.00653	0.00343	0.00847
3	0.03403	0.02496	0.02638	0.02137	0.02747	0.02593	0.01667	0.59170	0.03739	0.05083	0.02449	0.02746	0.01921	0.01349	0.01040	0.00353	0.01040	0.00890	0.00954	0.01586
4	0.01432	0.01348	0.02275	0.71520	0.05224	0.01685	0.02107	0.01938	0.01517	0.01938	0.01348	0.02022	0.01011	0.00758	0.00758	0.00253	0.01011	0.00674	0.00337	0.00843
5	0.02883	0.02125	0.02276	0.01745	0.02352	0.02352	0.01442	0.66082	0.03566	0.04780	0.01821	0.01821	0.01290	0.00911	0.00759	0.00228	0.00835	0.00683	0.00759	0.01290
6	0.01573	0.01348	0.01573	0.01123	0.01798	0.01011	0.00899	0.01910	0.01573	0.02472	0.01348	0.01573	0.01123	0.00562	0.00562	0.00112	0.00562	0.00449	0.00449	0.77980
7	0.01079	0.00876	0.01003	0.00917	0.01216	0.00731	0.00689	0.01333	0.01763	0.02354	0.20137	0.13246	0.33072	0.01609	0.00836	0.00229	0.00421	0.01376	0.00683	0.16430
8	0.01329	0.01208	0.01991	0.57148	0.04383	0.01467	0.01820	0.01758	0.01504	0.01938	0.01926	0.16469	0.01828	0.01088	0.00801	0.00264	0.00895	0.00976	0.00412	0.00796
9	0.58647	0.01433	0.01388	0.15402	0.02260	0.01665	0.01100	0.02254	0.01387	0.06852	0.01226	0.01470	0.00920	0.00729	0.00545	0.00238	0.00677	0.00485	0.00469	0.00853
10	0.36528	0.12076	0.01907	0.01280	0.01796	0.01926	0.01089	0.13147	0.01839	0.12622	0.01468	0.01559	0.01095	0.00795	0.00684	0.00224	0.04848	0.00522	0.00555	0.04039

[dist]
# distance from previous block
# <min> <max>
0	20

[block]
# block no. 16 follows, 26 sequences, length 15
