[name]
unknown

[dist]
# distance from previous block
# <min> <max>
6	67

[block]
# block no. 0 follows, 29 sequences, length 6
# corresponding to MSA columns:
# 67-72
name=unknown_A
#
# <colnr> <probs for GDERKNQSTAVLIFYWHMCP>
#	G	D	E	R	K	N	Q	S	T	A	V	L	I	F	Y	W	H	M	C	P
0	0.01523	0.01119	0.01217	0.01146	0.01402	0.05515	0.00853	0.07731	0.07689	0.09800	0.09817	0.33091	0.08981	0.01554	0.00805	0.00244	0.00531	0.01352	0.00675	0.04957
1	0.01944	0.01400	0.01483	0.01254	0.01643	0.06397	0.00973	0.15584	0.09906	0.13767	0.07317	0.12475	0.06742	0.05110	0.00887	0.00241	0.00621	0.00940	0.00659	0.10655
2	0.02392	0.01479	0.01684	0.01325	0.01831	0.01501	0.01076	0.26713	0.10503	0.21125	0.02152	0.02090	0.01522	0.00828	0.00664	0.00199	0.00623	0.00653	0.09923	0.11718
3	0.01875	0.01317	0.01476	0.01229	0.01576	0.01361	0.00933	0.26995	0.05622	0.07282	0.02226	0.12074	0.02102	0.20650	0.01491	0.00340	0.00660	0.00916	0.00612	0.09263
4	0.01467	0.00981	0.01278	0.08281	0.06473	0.00970	0.00919	0.06157	0.01638	0.11523	0.07776	0.11315	0.17437	0.18925	0.01465	0.00345	0.00598	0.01116	0.00592	0.00745
5	0.23654	0.01479	0.01753	0.09794	0.11833	0.01670	0.01294	0.12248	0.10941	0.02852	0.01657	0.06876	0.01403	0.00881	0.00756	0.00230	0.05693	0.00679	0.00500	0.03808

[dist]
# distance from previous block
# <min> <max>
17	39

[block]
# block no. 1 follows, 29 sequences, length 9
# corresponding to MSA columns:
# 116-124
name=unknown_B
#
# <colnr> <probs for GDERKNQSTAVLIFYWHMCP>
#	G	D	E	R	K	N	Q	S	T	A	V	L	I	F	Y	W	H	M	C	P
0	0.04332	0.01153	0.01734	0.28197	0.15104	0.01233	0.01419	0.01669	0.01501	0.02100	0.06807	0.10306	0.08776	0.02913	0.00795	0.00236	0.00698	0.00896	0.03092	0.07038
1	0.01439	0.00922	0.01077	0.00962	0.01259	0.00856	0.00746	0.04463	0.07279	0.14045	0.25321	0.05091	0.30891	0.01436	0.00805	0.00231	0.00428	0.01213	0.00743	0.00792
2	0.01776	0.01244	0.01606	0.07048	0.01902	0.01318	0.03629	0.22001	0.02133	0.09233	0.16015	0.08370	0.02793	0.06198	0.11074	0.00386	0.00831	0.00933	0.00630	0.00881
3	0.02639	0.01425	0.01757	0.06512	0.02082	0.01445	0.01170	0.22805	0.06310	0.35560	0.06328	0.02362	0.01856	0.00898	0.00715	0.00219	0.00657	0.00725	0.03410	0.01126
4	0.02695	0.01915	0.02076	0.01602	0.02162	0.02103	0.01320	0.60308	0.06541	0.09185	0.01848	0.01808	0.01299	0.00862	0.00713	0.00216	0.00760	0.00655	0.00725	0.01207
5	0.01265	0.00859	0.01070	0.00963	0.01193	0.00812	0.00738	0.06779	0.02089	0.07154	0.54950	0.04986	0.11569	0.01403	0.00822	0.00224	0.00391	0.01219	0.00773	0.00742
6	0.02558	0.01915	0.02137	0.09483	0.02503	0.02140	0.01422	0.60893	0.03137	0.04195	0.01661	0.01730	0.01182	0.00839	0.00712	0.00216	0.00802	0.00640	0.00669	0.01165
7	0.01590	0.05378	0.01299	0.01030	0.01338	0.01068	0.00798	0.04179	0.12053	0.14770	0.16248	0.04324	0.20119	0.11292	0.01152	0.00289	0.00514	0.01056	0.00683	0.00820
8	0.02169	0.01933	0.09478	0.01512	0.02111	0.01785	0.01340	0.40183	0.06705	0.03636	0.05917	0.01925	0.01549	0.00817	0.00682	0.00197	0.00723	0.00637	0.00617	0.16086

[dist]
# distance from previous block
# <min> <max>
1	10

[block]
# block no. 2 follows, 29 sequences, length 54
# corresponding to MSA columns:
# 135-188
name=unknown_C
#
# <colnr> <probs for GDERKNQSTAVLIFYWHMCP>
#	G	D	E	R	K	N	Q	S	T	A	V	L	I	F	Y	W	H	M	C	P
0	0.10230	0.01528	0.01663	0.09866	0.02195	0.01773	0.01211	0.09685	0.47479	0.03013	0.02384	0.02313	0.01784	0.00892	0.00691	0.00236	0.00629	0.00724	0.00645	0.01057
1	0.35446	0.01437	0.01799	0.13744	0.15887	0.01555	0.03272	0.04347	0.01497	0.08421	0.01311	0.01566	0.00995	0.00679	0.00587	0.00215	0.00706	0.00528	0.00445	0.05562
2	0.01578	0.01262	0.01487	0.01067	0.01695	0.00955	0.00856	0.01892	0.01510	0.06396	0.01357	0.01533	0.01097	0.00548	0.00539	0.00112	0.00532	0.00439	0.00449	0.74695
3	0.01973	0.58594	0.09493	0.01368	0.01993	0.08807	0.01365	0.05868	0.01608	0.01889	0.01065	0.01218	0.00930	0.00640	0.00507	0.00165	0.00835	0.00415	0.00332	0.00935
4	0.01816	0.61643	0.12695	0.01318	0.01989	0.02557	0.01388	0.02130	0.01456	0.01789	0.01044	0.01209	0.00920	0.00614	0.00490	0.00160	0.00788	0.00403	0.00311	0.05282
5	0.00868	0.00620	0.00826	0.00991	0.01033	0.00578	0.00661	0.00991	0.01363	0.01818	0.03925	0.74510	0.04710	0.02231	0.00909	0.00289	0.00413	0.02024	0.00661	0.00578
6	0.01260	0.00830	0.01039	0.00940	0.01171	0.00769	0.00720	0.04680	0.02027	0.08860	0.52173	0.05102	0.14827	0.01424	0.00823	0.00225	0.00385	0.01236	0.00772	0.00736
7	0.10091	0.04057	0.04642	0.01354	0.01922	0.01458	0.01165	0.18565	0.02229	0.43773	0.02255	0.02055	0.01476	0.00837	0.00679	0.00217	0.00667	0.00648	0.00757	0.01154
8	0.02576	0.01832	0.02039	0.01684	0.04920	0.02002	0.01322	0.49092	0.13131	0.10960	0.01987	0.01928	0.01410	0.00865	0.00714	0.00218	0.00735	0.00673	0.00717	0.01195
9	0.00848	0.00695	0.00748	0.00790	0.00980	0.00595	0.00572	0.01014	0.01557	0.01897	0.06373	0.24135	0.53505	0.01913	0.00859	0.00253	0.00374	0.01636	0.00661	0.00595
10	0.00876	0.00628	0.00819	0.00969	0.01015	0.00586	0.00643	0.00995	0.01354	0.01796	0.03949	0.67909	0.07029	0.06463	0.01065	0.00311	0.00427	0.01947	0.00648	0.00571
11	0.02707	0.01995	0.02137	0.01638	0.02208	0.02208	0.01353	0.68159	0.03348	0.04488	0.01710	0.01710	0.01211	0.00855	0.00712	0.00214	0.00784	0.00641	0.00712	0.01211
12	0.01762	0.01692	0.02890	0.04371	0.70533	0.01692	0.02185	0.02185	0.01621	0.02326	0.01339	0.01762	0.01128	0.00634	0.00705	0.00211	0.00846	0.00634	0.00352	0.01128
13	0.01008	0.00728	0.00952	0.00896	0.01064	0.00672	0.00672	0.01344	0.02016	0.02855	0.70158	0.05319	0.06719	0.01456	0.00840	0.00224	0.00336	0.01288	0.00784	0.00672
14	0.01637	0.01119	0.01298	0.01213	0.01511	0.03357	0.00968	0.02378	0.19461	0.13864	0.19055	0.07105	0.07665	0.01366	0.00816	0.00252	0.00543	0.14785	0.00732	0.00874
15	0.04280	0.02122	0.03560	0.02767	0.07266	0.13700	0.47526	0.02337	0.01691	0.02194	0.01339	0.01763	0.01039	0.00658	0.00858	0.00232	0.04636	0.00739	0.00361	0.00933
16	0.02095	0.01691	0.01793	0.01515	0.01975	0.01923	0.01205	0.26083	0.46420	0.03501	0.02486	0.02329	0.01840	0.00928	0.00720	0.00232	0.00640	0.00748	0.00720	0.01156
17	0.01930	0.72877	0.03671	0.01240	0.01841	0.05249	0.01224	0.02157	0.01467	0.01678	0.00994	0.01147	0.00914	0.00614	0.00463	0.00153	0.00780	0.00383	0.00307	0.00911
18	0.42113	0.01323	0.01571	0.35778	0.03076	0.01590	0.01352	0.01961	0.01314	0.02532	0.01124	0.01514	0.00857	0.00686	0.00571	0.00229	0.00743	0.00505	0.00381	0.00781
19	0.80005	0.01377	0.01047	0.00936	0.01377	0.01597	0.00771	0.02093	0.01212	0.03195	0.00991	0.01157	0.00771	0.00661	0.00441	0.00220	0.00551	0.00386	0.00441	0.00771
20	0.01008	0.00728	0.00952	0.00896	0.01064	0.00672	0.00672	0.01344	0.02016	0.02855	0.70158	0.05319	0.06719	0.01456	0.00840	0.00224	0.00336	0.01288	0.00784	0.00672
21	0.01688	0.01301	0.01451	0.01320	0.01627	0.01419	0.01006	0.22188	0.21643	0.02965	0.02955	0.31586	0.02913	0.01447	0.00796	0.00252	0.00569	0.01251	0.00695	0.00929
22	0.00868	0.00620	0.00826	0.00991	0.01033	0.00578	0.00661	0.00991	0.01363	0.01818	0.03925	0.74510	0.04710	0.02231	0.00909	0.00289	0.00413	0.02024	0.00661	0.00578
23	0.02007	0.01789	0.06652	0.02130	0.14562	0.01786	0.05290	0.15299	0.32114	0.07367	0.02198	0.02185	0.01632	0.00840	0.00722	0.00228	0.00727	0.00722	0.00616	0.01134
24	0.01691	0.01715	0.04439	0.18495	0.31192	0.07076	0.01783	0.02287	0.09347	0.02241	0.01471	0.01810	0.01175	0.00684	0.00678	0.00204	0.00833	0.00607	0.00396	0.11875
25	0.01594	0.23764	0.45737	0.02021	0.09095	0.01986	0.02190	0.02214	0.01499	0.02098	0.01202	0.01426	0.00927	0.00654	0.00617	0.00203	0.00951	0.00495	0.00307	0.01020
26	0.04869	0.02965	0.45114	0.02396	0.07073	0.01696	0.21263	0.02252	0.01549	0.02307	0.01316	0.01623	0.00961	0.00652	0.00715	0.00229	0.01062	0.00617	0.00327	0.01018
27	0.01564	0.01575	0.02278	0.01924	0.01958	0.02163	0.04730	0.01741	0.01119	0.01741	0.00959	0.01575	0.00942	0.01215	0.02265	0.00308	0.70209	0.00634	0.00314	0.00788
28	0.01639	0.02027	0.15788	0.03595	0.47059	0.01631	0.08782	0.02138	0.01590	0.02279	0.01489	0.05978	0.01290	0.00732	0.00725	0.00222	0.00895	0.00716	0.00362	0.01065
29	0.01627	0.07267	0.43478	0.06808	0.09612	0.01788	0.08443	0.08428	0.01697	0.02413	0.01322	0.01591	0.00973	0.00680	0.00687	0.00221	0.00997	0.00575	0.00351	0.01041
30	0.01008	0.00728	0.00952	0.00896	0.01064	0.00672	0.00672	0.01344	0.02016	0.02855	0.70158	0.05319	0.06719	0.01456	0.00840	0.00224	0.00336	0.01288	0.00784	0.00672
31	0.03159	0.01269	0.01688	0.01294	0.01846	0.01131	0.01069	0.08165	0.02133	0.66197	0.02729	0.02372	0.01723	0.00879	0.00716	0.00220	0.00619	0.00711	0.00869	0.01212
32	0.01637	0.05989	0.46088	0.02246	0.05402	0.01695	0.17372	0.02336	0.01582	0.06934	0.01410	0.01656	0.01010	0.00669	0.00709	0.00225	0.01037	0.00609	0.00356	0.01039
33	0.00992	0.00716	0.00938	0.00907	0.01060	0.00661	0.00671	0.01304	0.01941	0.02737	0.62616	0.13197	0.06490	0.01544	0.00848	0.00231	0.00345	0.01372	0.00770	0.00661
34	0.02931	0.01153	0.01568	0.01222	0.01727	0.01001	0.01001	0.03214	0.02035	0.62801	0.10935	0.02773	0.02361	0.00951	0.00731	0.00221	0.00573	0.00785	0.00870	0.01147
35	0.12606	0.12016	0.11029	0.02298	0.02980	0.06064	0.38440	0.02265	0.01584	0.02291	0.01279	0.01626	0.00986	0.00626	0.00703	0.00221	0.01040	0.00658	0.00358	0.00930
36	0.01662	0.02909	0.47850	0.02155	0.08958	0.01538	0.07028	0.02342	0.01620	0.10472	0.05500	0.01889	0.01377	0.00737	0.00705	0.00225	0.00950	0.00626	0.00407	0.01049
37	0.00868	0.00620	0.00826	0.00991	0.01033	0.00578	0.00661	0.00991	0.01363	0.01818	0.03925	0.74510	0.04710	0.02231	0.00909	0.00289	0.00413	0.02024	0.00661	0.00578
38	0.01803	0.02000	0.03879	0.02928	0.07249	0.05989	0.56462	0.06156	0.01795	0.02380	0.01431	0.01862	0.01081	0.00625	0.00814	0.00234	0.01161	0.00795	0.00381	0.00976
39	0.01861	0.01842	0.06395	0.12376	0.43208	0.04219	0.01983	0.12482	0.01870	0.02576	0.01374	0.01731	0.01096	0.00681	0.00698	0.00212	0.00866	0.00616	0.00404	0.03508
40	0.01023	0.00741	0.01033	0.01033	0.01122	0.00830	0.00751	0.01200	0.01111	0.01571	0.02009	0.03361	0.02025	0.26398	0.51430	0.01007	0.01539	0.00845	0.00397	0.00574
41	0.01327	0.00664	0.00664	0.00664	0.00830	0.00664	0.00498	0.01659	0.01493	0.02655	0.02323	0.02655	0.01825	0.00830	0.00498	0.00166	0.00332	0.00664	0.78928	0.00664
42	0.01008	0.00728	0.00952	0.00896	0.01064	0.00672	0.00672	0.01344	0.02016	0.02855	0.70158	0.05319	0.06719	0.01456	0.00840	0.00224	0.00336	0.01288	0.00784	0.00672
43	0.02249	0.29672	0.05008	0.01860	0.11859	0.08551	0.01428	0.17370	0.03810	0.09650	0.01462	0.01557	0.01133	0.00720	0.00608	0.00189	0.00814	0.00534	0.00480	0.01045
44	0.01574	0.03420	0.62079	0.02082	0.05865	0.01668	0.02486	0.06140	0.01633	0.04614	0.01355	0.01556	0.00958	0.00692	0.00681	0.00224	0.01013	0.00544	0.00346	0.01070
45	0.01477	0.01266	0.01477	0.01055	0.01687	0.00949	0.00844	0.01793	0.01477	0.02320	0.01266	0.01477	0.01055	0.00527	0.00527	0.00105	0.00527	0.00422	0.00422	0.79328
46	0.01008	0.00728	0.00952	0.00896	0.01064	0.00672	0.00672	0.01344	0.02016	0.02855	0.70158	0.05319	0.06719	0.01456	0.00840	0.00224	0.00336	0.01288	0.00784	0.00672
47	0.01903	0.01822	0.02760	0.04014	0.61562	0.07892	0.02065	0.02298	0.01674	0.05203	0.01381	0.01748	0.01136	0.00654	0.00700	0.00209	0.00874	0.00622	0.00376	0.01105
48	0.01491	0.00946	0.00832	0.00799	0.00996	0.06882	0.00603	0.04089	0.01603	0.02640	0.02196	0.02503	0.01725	0.00822	0.00518	0.00169	0.00430	0.00645	0.69412	0.00697
49	0.01520	0.01291	0.01500	0.01075	0.01706	0.00994	0.00862	0.04147	0.01543	0.02397	0.01281	0.01485	0.01060	0.00539	0.00534	0.00109	0.00536	0.00430	0.00432	0.76557
50	0.00868	0.00620	0.00826	0.00991	0.01033	0.00578	0.00661	0.00991	0.01363	0.01818	0.03925	0.74510	0.04710	0.02231	0.00909	0.00289	0.00413	0.02024	0.00661	0.00578
51	0.00842	0.00721	0.00721	0.00721	0.00962	0.00601	0.00541	0.01022	0.01623	0.01924	0.07213	0.06853	0.70244	0.01803	0.00842	0.00240	0.00361	0.01503	0.00661	0.00601
52	0.01036	0.00690	0.00777	0.00777	0.00777	0.00690	0.00431	0.01036	0.01036	0.01381	0.02244	0.04660	0.02589	0.74975	0.03624	0.00690	0.00690	0.01036	0.00431	0.00431
53	0.80005	0.01377	0.01047	0.00936	0.01377	0.01597	0.00771	0.02093	0.01212	0.03195	0.00991	0.01157	0.00771	0.00661	0.00441	0.00220	0.00551	0.00386	0.00441	0.00771

[dist]
# distance from previous block
# <min> <max>
0	4

[block]
# block no. 3 follows, 29 sequences, length 51
# corresponding to MSA columns:
# 193-243
name=unknown_D
#
# <colnr> <probs for GDERKNQSTAVLIFYWHMCP>
#	G	D	E	R	K	N	Q	S	T	A	V	L	I	F	Y	W	H	M	C	P
0	0.01674	0.28370	0.44707	0.01714	0.02590	0.02028	0.02069	0.02269	0.01509	0.05233	0.01249	0.01421	0.00946	0.00663	0.00602	0.00200	0.00931	0.00485	0.00329	0.01012
1	0.01237	0.00618	0.00928	0.00928	0.00928	0.00618	0.00618	0.00928	0.00928	0.01237	0.01237	0.02165	0.01237	0.02474	0.02783	0.79283	0.00618	0.00618	0.00309	0.00309
2	0.01855	0.68026	0.10680	0.01302	0.01957	0.02698	0.01364	0.02145	0.01453	0.01735	0.01020	0.01179	0.00913	0.00616	0.00479	0.00160	0.00791	0.00396	0.00304	0.00928
3	0.01008	0.00728	0.00952	0.00896	0.01064	0.00672	0.00672	0.01344	0.02016	0.02855	0.70158	0.05319	0.06719	0.01456	0.00840	0.00224	0.00336	0.01288	0.00784	0.00672
4	0.00997	0.00720	0.00943	0.00903	0.01062	0.00665	0.00671	0.01318	0.01967	0.02779	0.65257	0.10438	0.06570	0.01513	0.00845	0.00229	0.00342	0.01342	0.00775	0.00665
5	0.01017	0.00763	0.01144	0.01144	0.01272	0.00890	0.00890	0.01272	0.01144	0.01653	0.01907	0.02797	0.01780	0.05340	0.72153	0.01144	0.01907	0.00763	0.00381	0.00636
6	0.01327	0.00664	0.00664	0.00664	0.00830	0.00664	0.00498	0.01659	0.01493	0.02655	0.02323	0.02655	0.01825	0.00830	0.00498	0.00166	0.00332	0.00664	0.78928	0.00664
7	0.02707	0.01995	0.02137	0.01638	0.02208	0.02208	0.01353	0.68159	0.03348	0.04488	0.01710	0.01710	0.01211	0.00855	0.00712	0.00214	0.00784	0.00641	0.00712	0.01211
8	0.01842	0.02060	0.01980	0.30388	0.03170	0.29157	0.03768	0.02245	0.04254	0.01988	0.10600	0.02150	0.01768	0.00827	0.00707	0.00215	0.00992	0.00667	0.00416	0.00807
9	0.01477	0.01266	0.01477	0.01055	0.01687	0.00949	0.00844	0.01793	0.01477	0.02320	0.01266	0.01477	0.01055	0.00527	0.00527	0.00105	0.00527	0.00422	0.00422	0.79328
10	0.01757	0.01620	0.04539	0.01473	0.01903	0.01766	0.01190	0.03720	0.66400	0.02948	0.02830	0.02608	0.02120	0.00954	0.00723	0.00241	0.00584	0.00793	0.00707	0.01124
11	0.02707	0.01995	0.02137	0.01638	0.02208	0.02208	0.01353	0.68159	0.03348	0.04488	0.01710	0.01710	0.01211	0.00855	0.00712	0.00214	0.00784	0.00641	0.00712	0.01211
12	0.01477	0.01266	0.01477	0.01055	0.01687	0.00949	0.00844	0.01793	0.01477	0.02320	0.01266	0.01477	0.01055	0.00527	0.00527	0.00105	0.00527	0.00422	0.00422	0.79328
13	0.80005	0.01377	0.01047	0.00936	0.01377	0.01597	0.00771	0.02093	0.01212	0.03195	0.00991	0.01157	0.00771	0.00661	0.00441	0.00220	0.00551	0.00386	0.00441	0.00771
14	0.77610	0.01509	0.01191	0.01076	0.01523	0.01692	0.00858	0.02213	0.01339	0.03334	0.01200	0.01445	0.00970	0.00795	0.00532	0.00257	0.00619	0.00455	0.00507	0.00874
15	0.80005	0.01377	0.01047	0.00936	0.01377	0.01597	0.00771	0.02093	0.01212	0.03195	0.00991	0.01157	0.00771	0.00661	0.00441	0.00220	0.00551	0.00386	0.00441	0.00771
16	0.01019	0.00756	0.01111	0.01111	0.01227	0.00872	0.00848	0.01250	0.01135	0.01628	0.01938	0.02966	0.01853	0.11656	0.65938	0.01103	0.01797	0.00788	0.00386	0.00617
17	0.01345	0.01266	0.02136	0.73264	0.04904	0.01582	0.01978	0.01819	0.01424	0.01819	0.01266	0.01898	0.00949	0.00712	0.00712	0.00237	0.00949	0.00633	0.00316	0.00791
18	0.02705	0.02053	0.02132	0.01647	0.02208	0.05141	0.01354	0.65419	0.03292	0.04373	0.01684	0.01692	0.01199	0.00850	0.00709	0.00212	0.00805	0.00633	0.00698	0.01195
19	0.06085	0.01167	0.01503	0.01207	0.01674	0.01076	0.00979	0.03079	0.08360	0.50053	0.14132	0.02880	0.02596	0.00977	0.00726	0.00223	0.00554	0.00807	0.00831	0.01093
20	0.00925	0.00675	0.00797	0.00853	0.00940	0.00626	0.00563	0.01043	0.01380	0.01798	0.09909	0.30904	0.19801	0.24508	0.01725	0.00396	0.00480	0.01532	0.00601	0.00547
21	0.80005	0.01377	0.01047	0.00936	0.01377	0.01597	0.00771	0.02093	0.01212	0.03195	0.00991	0.01157	0.00771	0.00661	0.00441	0.00220	0.00551	0.00386	0.00441	0.00771
22	0.01345	0.01266	0.02136	0.73264	0.04904	0.01582	0.01978	0.01819	0.01424	0.01819	0.01266	0.01898	0.00949	0.00712	0.00712	0.00237	0.00949	0.00633	0.00316	0.00791
23	0.00880	0.00645	0.00826	0.00945	0.01027	0.00592	0.00646	0.01035	0.01471	0.01948	0.11804	0.57744	0.13645	0.02087	0.00892	0.00275	0.00397	0.01872	0.00675	0.00592
24	0.01022	0.00698	0.00805	0.00795	0.00835	0.00683	0.00478	0.01089	0.01233	0.01663	0.14395	0.04868	0.06159	0.58972	0.03018	0.00589	0.00614	0.01100	0.00503	0.00481
25	0.01036	0.00690	0.00777	0.00777	0.00777	0.00690	0.00431	0.01036	0.01036	0.01381	0.02244	0.04660	0.02589	0.74975	0.03624	0.00690	0.00690	0.01036	0.00431	0.00431
26	0.01753	0.01736	0.02702	0.15906	0.54704	0.06492	0.02095	0.02168	0.01615	0.02200	0.01311	0.01753	0.01083	0.00654	0.00702	0.00214	0.00893	0.00622	0.00347	0.01050
27	0.01874	0.01507	0.01613	0.01436	0.01849	0.01719	0.01121	0.03761	0.64394	0.07892	0.02892	0.02640	0.02144	0.00960	0.00724	0.00240	0.00567	0.00799	0.00736	0.01133
28	0.01943	0.02034	0.02715	0.03861	0.56788	0.15858	0.02023	0.02318	0.01701	0.02209	0.01291	0.01666	0.01086	0.00654	0.00692	0.00206	0.00934	0.00599	0.00355	0.01067
29	0.01464	0.06227	0.63908	0.02070	0.03082	0.01708	0.07312	0.02252	0.01514	0.02235	0.01279	0.01520	0.00915	0.00668	0.00680	0.00224	0.01052	0.00544	0.00305	0.01041
30	0.01147	0.00820	0.01147	0.01311	0.01475	0.00820	0.01147	0.01475	0.01639	0.02131	0.03770	0.08032	0.04098	0.01967	0.00984	0.00328	0.00656	0.65741	0.00656	0.00656
31	0.00895	0.00727	0.00795	0.00788	0.01007	0.00627	0.00598	0.01119	0.01720	0.02161	0.22540	0.06523	0.51980	0.01725	0.00847	0.00240	0.00366	0.04030	0.00691	0.00621
32	0.01681	0.01921	0.04202	0.03001	0.03721	0.01801	0.67947	0.02281	0.01681	0.02281	0.01441	0.01921	0.01080	0.00600	0.00840	0.00240	0.01200	0.00840	0.00360	0.00960
33	0.10213	0.00978	0.01215	0.01032	0.01376	0.00908	0.00817	0.02207	0.01921	0.28444	0.34744	0.03858	0.07034	0.01171	0.00751	0.00223	0.00461	0.00987	0.00779	0.00882
34	0.00964	0.00722	0.00893	0.00859	0.01039	0.00652	0.00641	0.01255	0.01898	0.02597	0.52876	0.08436	0.21413	0.01568	0.00843	0.00230	0.00345	0.01367	0.00750	0.00652
35	0.01509	0.15818	0.59856	0.01892	0.02870	0.01851	0.02392	0.02234	0.01494	0.02157	0.01229	0.01442	0.00904	0.00665	0.00639	0.00213	0.01003	0.00502	0.00301	0.01029
36	0.03065	0.01294	0.01694	0.01295	0.01851	0.01160	0.01068	0.09970	0.02145	0.61065	0.02626	0.02307	0.01674	0.00862	0.00707	0.00214	0.00620	0.00695	0.00843	0.04845
37	0.01477	0.01266	0.01477	0.01055	0.01687	0.00949	0.00844	0.01793	0.01477	0.02320	0.01266	0.01477	0.01055	0.00527	0.00527	0.00105	0.00527	0.00422	0.00422	0.79328
38	0.01921	0.69402	0.06150	0.01277	0.01891	0.05997	0.01278	0.02170	0.01475	0.01700	0.01006	0.01162	0.00914	0.00617	0.00474	0.00156	0.00797	0.00390	0.00307	0.00915
39	0.01173	0.00992	0.01027	0.00962	0.01257	0.00986	0.00737	0.04295	0.20341	0.02341	0.07926	0.05453	0.46782	0.01526	0.00804	0.00239	0.00432	0.01271	0.00685	0.00771
40	0.01000	0.00728	0.00941	0.00888	0.01059	0.00669	0.00666	0.01329	0.01997	0.02812	0.67248	0.05390	0.09655	0.01472	0.00840	0.00225	0.00337	0.01298	0.00778	0.00669
41	0.01424	0.01346	0.02279	0.60202	0.17347	0.01603	0.02017	0.01889	0.01461	0.01915	0.01280	0.01873	0.00983	0.00697	0.00711	0.00232	0.00930	0.00633	0.00323	0.00855
42	0.02660	0.03394	0.02018	0.01834	0.02201	0.72116	0.01376	0.02843	0.02018	0.01743	0.01101	0.01284	0.00917	0.00734	0.00642	0.00183	0.01284	0.00459	0.00367	0.00825
43	0.01671	0.01599	0.02725	0.19441	0.56177	0.01668	0.02140	0.02105	0.01578	0.02215	0.01323	0.01792	0.01089	0.00651	0.00706	0.00217	0.00869	0.00634	0.00345	0.01054
44	0.00996	0.00727	0.00936	0.00884	0.01057	0.00667	0.00663	0.01321	0.01988	0.02790	0.65760	0.05426	0.11157	0.01480	0.00840	0.00225	0.00338	0.01303	0.00775	0.00667
45	0.02588	0.01940	0.04728	0.01617	0.02169	0.02053	0.01369	0.52697	0.07575	0.10073	0.01839	0.01823	0.01302	0.00874	0.00780	0.00221	0.03821	0.00654	0.00695	0.01181
46	0.01004	0.00689	0.00774	0.00786	0.00813	0.00674	0.00458	0.01031	0.01118	0.01466	0.02870	0.09665	0.09693	0.62471	0.03152	0.00617	0.00637	0.01151	0.00471	0.00459
47	0.02412	0.01972	0.01980	0.04457	0.02204	0.09230	0.01313	0.45225	0.13897	0.03732	0.01923	0.05047	0.01483	0.00916	0.00716	0.00219	0.00789	0.00710	0.00661	0.01113
48	0.02336	0.01003	0.01358	0.01150	0.01526	0.00882	0.00903	0.02582	0.01870	0.45071	0.12001	0.20438	0.03140	0.01287	0.00780	0.00238	0.00523	0.01112	0.00815	0.00985
49	0.00954	0.00656	0.00801	0.00881	0.00901	0.00636	0.00543	0.01014	0.01194	0.01592	0.03058	0.38492	0.03616	0.39741	0.02309	0.00496	0.00556	0.01514	0.00543	0.00503
50	0.80005	0.01377	0.01047	0.00936	0.01377	0.01597	0.00771	0.02093	0.01212	0.03195	0.00991	0.01157	0.00771	0.00661	0.00441	0.00220	0.00551	0.00386	0.00441	0.00771

[dist]
# distance from previous block
# <min> <max>
0	1

[block]
# block no. 4 follows, 29 sequences, length 63
# corresponding to MSA columns:
# 245-307
name=unknown_E
#
# <colnr> <probs for GDERKNQSTAVLIFYWHMCP>
#	G	D	E	R	K	N	Q	S	T	A	V	L	I	F	Y	W	H	M	C	P
0	0.00871	0.00628	0.00826	0.00976	0.01030	0.00583	0.00656	0.01005	0.01397	0.01858	0.06305	0.68989	0.07874	0.02185	0.00903	0.00285	0.00408	0.01975	0.00665	0.00583
1	0.01916	0.69107	0.06642	0.01281	0.01899	0.05776	0.01288	0.02169	0.01474	0.01704	0.01007	0.01164	0.00913	0.00618	0.00475	0.00157	0.00797	0.00391	0.00307	0.00916
2	0.71626	0.01340	0.01084	0.00957	0.01395	0.01523	0.00786	0.02158	0.01300	0.07823	0.03850	0.01408	0.01074	0.00707	0.00475	0.00220	0.00546	0.00444	0.00484	0.00797
3	0.01510	0.14268	0.58349	0.01951	0.02923	0.01833	0.05240	0.02238	0.01503	0.02170	0.01242	0.01468	0.00911	0.00663	0.00651	0.00215	0.01016	0.00518	0.00304	0.01028
4	0.01008	0.00728	0.00952	0.00896	0.01064	0.00672	0.00672	0.01344	0.02016	0.02855	0.70158	0.05319	0.06719	0.01456	0.00840	0.00224	0.00336	0.01288	0.00784	0.00672
5	0.02707	0.01995	0.02137	0.01638	0.02208	0.02208	0.01353	0.68159	0.03348	0.04488	0.01710	0.01710	0.01211	0.00855	0.00712	0.00214	0.00784	0.00641	0.00712	0.01211
6	0.00868	0.00620	0.00826	0.00991	0.01033	0.00578	0.00661	0.00991	0.01363	0.01818	0.03925	0.74510	0.04710	0.02231	0.00909	0.00289	0.00413	0.02024	0.00661	0.00578
7	0.01793	0.01697	0.02486	0.03431	0.48169	0.03899	0.01848	0.02677	0.21568	0.02501	0.01791	0.02011	0.01430	0.00735	0.00709	0.00219	0.00776	0.00679	0.00463	0.01118
8	0.80005	0.01377	0.01047	0.00936	0.01377	0.01597	0.00771	0.02093	0.01212	0.03195	0.00991	0.01157	0.00771	0.00661	0.00441	0.00220	0.00551	0.00386	0.00441	0.00771
9	0.01747	0.01683	0.02877	0.06276	0.63083	0.01696	0.04996	0.02238	0.04151	0.02334	0.01400	0.01807	0.01160	0.00648	0.00712	0.00215	0.00854	0.00650	0.00366	0.01110
10	0.00868	0.00620	0.00826	0.00991	0.01033	0.00578	0.00661	0.00991	0.01363	0.01818	0.03925	0.74510	0.04710	0.02231	0.00909	0.00289	0.00413	0.02024	0.00661	0.00578
11	0.01891	0.01965	0.02438	0.06350	0.42788	0.16228	0.01818	0.02434	0.09281	0.02239	0.01719	0.01992	0.04217	0.00747	0.00700	0.00211	0.00888	0.00655	0.00409	0.01028
12	0.02360	0.01027	0.01385	0.01125	0.01530	0.00904	0.00904	0.02659	0.02029	0.45009	0.28513	0.03529	0.03654	0.01101	0.00763	0.00222	0.00503	0.00934	0.00844	0.01006
13	0.00868	0.00620	0.00826	0.00991	0.01033	0.00578	0.00661	0.00991	0.01363	0.01818	0.03925	0.74510	0.04710	0.02231	0.00909	0.00289	0.00413	0.02024	0.00661	0.00578
14	0.01934	0.72535	0.03663	0.01243	0.01842	0.05578	0.01225	0.02161	0.01470	0.01678	0.00994	0.01148	0.00914	0.00614	0.00464	0.00154	0.00782	0.00384	0.00307	0.00910
15	0.04028	0.21756	0.24857	0.01622	0.02309	0.02117	0.01697	0.16691	0.10298	0.02679	0.01475	0.01590	0.01128	0.00758	0.00699	0.00209	0.04051	0.00548	0.00448	0.01040
16	0.01676	0.02459	0.28371	0.06411	0.30097	0.01721	0.09606	0.06861	0.01697	0.02423	0.01350	0.01686	0.01036	0.00665	0.00710	0.00221	0.00963	0.00618	0.00358	0.01071
17	0.01237	0.00618	0.00928	0.00928	0.00928	0.00618	0.00618	0.00928	0.00928	0.01237	0.01237	0.02165	0.01237	0.02474	0.02783	0.79283	0.00618	0.00618	0.00309	0.00309
18	0.00869	0.00722	0.00759	0.00750	0.00978	0.00613	0.00562	0.01074	0.01687	0.02075	0.17410	0.06604	0.59954	0.01747	0.00841	0.00238	0.00357	0.01468	0.00681	0.00613
19	0.01676	0.01866	0.03960	0.06194	0.11564	0.01779	0.57430	0.02250	0.01663	0.02266	0.01421	0.01901	0.01080	0.00609	0.00819	0.00237	0.01148	0.00807	0.00357	0.00973
20	0.01008	0.00728	0.00952	0.00896	0.01064	0.00672	0.00672	0.01344	0.02016	0.02855	0.70158	0.05319	0.06719	0.01456	0.00840	0.00224	0.00336	0.01288	0.00784	0.00672
21	0.00924	0.00725	0.00836	0.00808	0.01013	0.00636	0.00606	0.01182	0.01819	0.02388	0.38556	0.06089	0.38612	0.01630	0.00841	0.00232	0.00348	0.01396	0.00722	0.00636
22	0.01036	0.00690	0.00777	0.00777	0.00777	0.00690	0.00431	0.01036	0.01036	0.01381	0.02244	0.04660	0.02589	0.74975	0.03624	0.00690	0.00690	0.01036	0.00431	0.00431
23	0.01439	0.03605	0.68322	0.02072	0.03110	0.01660	0.05517	0.02256	0.01511	0.02256	0.01285	0.01522	0.00910	0.00673	0.00684	0.00226	0.01059	0.00540	0.00303	0.01048
24	0.02105	0.01279	0.01564	0.01151	0.01754	0.01036	0.00934	0.05219	0.01745	0.25402	0.01801	0.01804	0.01298	0.00660	0.00598	0.00149	0.00565	0.00530	0.00588	0.49820
25	0.01477	0.01266	0.01477	0.01055	0.01687	0.00949	0.00844	0.01793	0.01477	0.02320	0.01266	0.01477	0.01055	0.00527	0.00527	0.00105	0.00527	0.00422	0.00422	0.79328
26	0.01462	0.03465	0.63319	0.02209	0.06314	0.01666	0.07220	0.02254	0.01521	0.02260	0.01292	0.01545	0.00925	0.00669	0.00689	0.00226	0.01053	0.00553	0.00307	0.01049
27	0.00870	0.00641	0.00816	0.00944	0.01023	0.00586	0.00642	0.01013	0.01435	0.01884	0.07576	0.60511	0.15198	0.02126	0.00895	0.00278	0.00401	0.01907	0.00667	0.00586
28	0.01727	0.01656	0.02827	0.10138	0.65039	0.01683	0.02168	0.02155	0.01605	0.02284	0.01333	0.01774	0.01113	0.00641	0.00706	0.00214	0.00855	0.00634	0.00349	0.01100
29	0.00971	0.00710	0.00913	0.00897	0.01050	0.00651	0.00659	0.01260	0.01877	0.02610	0.54181	0.16794	0.11548	0.01611	0.00851	0.00236	0.00351	0.01426	0.00754	0.00651
30	0.80005	0.01377	0.01047	0.00936	0.01377	0.01597	0.00771	0.02093	0.01212	0.03195	0.00991	0.01157	0.00771	0.00661	0.00441	0.00220	0.00551	0.00386	0.00441	0.00771
31	0.18665	0.01676	0.04996	0.01375	0.01933	0.01655	0.01177	0.27999	0.04349	0.23350	0.01879	0.01813	0.01289	0.00804	0.00649	0.00214	0.00680	0.00601	0.00675	0.04222
32	0.00977	0.00643	0.00872	0.00993	0.01034	0.00616	0.00680	0.01027	0.01280	0.01702	0.03268	0.49343	0.03828	0.07596	0.01477	0.15564	0.00495	0.07506	0.00576	0.00523
33	0.05038	0.19872	0.39360	0.02201	0.13596	0.01933	0.04237	0.02209	0.01502	0.02174	0.01214	0.01459	0.00941	0.00651	0.00625	0.00206	0.00934	0.00514	0.00318	0.01017
34	0.01295	0.00755	0.00900	0.00855	0.00937	0.00729	0.00534	0.01358	0.01242	0.10173	0.07035	0.07460	0.02861	0.57558	0.02954	0.00582	0.00644	0.01056	0.00522	0.00551
35	0.01664	0.01748	0.03449	0.16979	0.13777	0.01754	0.40842	0.04436	0.03772	0.02292	0.01445	0.01909	0.01100	0.00647	0.00787	0.00234	0.01064	0.00761	0.00374	0.00965
36	0.01018	0.00760	0.01128	0.01128	0.01250	0.00881	0.00870	0.01261	0.01140	0.01641	0.01922	0.02879	0.01816	0.08387	0.69155	0.01125	0.01854	0.00775	0.00384	0.00627
37	0.80005	0.01377	0.01047	0.00936	0.01377	0.01597	0.00771	0.02093	0.01212	0.03195	0.00991	0.01157	0.00771	0.00661	0.00441	0.00220	0.00551	0.00386	0.00441	0.00771
38	0.68266	0.01275	0.01006	0.00913	0.01288	0.01463	0.00721	0.01936	0.01186	0.02925	0.01178	0.01677	0.01041	0.11708	0.00914	0.00290	0.00572	0.00482	0.00439	0.00721
39	0.01510	0.03114	0.49614	0.02343	0.03289	0.01701	0.23732	0.02263	0.01561	0.02263	0.01330	0.01638	0.00960	0.00652	0.00729	0.00230	0.01100	0.00628	0.00320	0.01023
40	0.02707	0.01995	0.02137	0.01638	0.02208	0.02208	0.01353	0.68159	0.03348	0.04488	0.01710	0.01710	0.01211	0.00855	0.00712	0.00214	0.00784	0.00641	0.00712	0.01211
41	0.01428	0.03683	0.71286	0.02030	0.03082	0.01654	0.02631	0.02255	0.01503	0.02255	0.01278	0.01503	0.00902	0.00677	0.00677	0.00226	0.01052	0.00526	0.00301	0.01052
42	0.01008	0.00728	0.00952	0.00896	0.01064	0.00672	0.00672	0.01344	0.02016	0.02855	0.70158	0.05319	0.06719	0.01456	0.00840	0.00224	0.00336	0.01288	0.00784	0.00672
43	0.01743	0.01786	0.05566	0.04164	0.62200	0.01700	0.07917	0.02196	0.01622	0.02320	0.01346	0.01766	0.01115	0.00633	0.00716	0.00214	0.00884	0.00648	0.00351	0.01111
44	0.00868	0.00620	0.00826	0.00991	0.01033	0.00578	0.00661	0.00991	0.01363	0.01818	0.03925	0.74510	0.04710	0.02231	0.00909	0.00289	0.00413	0.02024	0.00661	0.00578
45	0.01535	0.02141	0.19332	0.22060	0.08466	0.01699	0.30057	0.02142	0.01565	0.02152	0.01348	0.01806	0.01006	0.00651	0.00757	0.00234	0.01073	0.00696	0.00334	0.00947
46	0.00842	0.00721	0.00721	0.00721	0.00962	0.00601	0.00541	0.01022	0.01623	0.01924	0.07213	0.06853	0.70244	0.01803	0.00842	0.00240	0.00361	0.01503	0.00661	0.00601
47	0.01771	0.01530	0.01610	0.01449	0.01852	0.01771	0.01127	0.03784	0.69247	0.02979	0.02898	0.02657	0.02174	0.00966	0.00725	0.00242	0.00564	0.00805	0.00725	0.01127
48	0.01017	0.00763	0.01144	0.01144	0.01272	0.00890	0.00890	0.01272	0.01144	0.01653	0.01907	0.02797	0.01780	0.05340	0.72153	0.01144	0.01907	0.00763	0.00381	0.00636
49	0.00904	0.00724	0.00808	0.00787	0.01000	0.00628	0.00590	0.01143	0.01771	0.02274	0.30895	0.06276	0.46344	0.01673	0.00841	0.00234	0.00351	0.01422	0.00707	0.00628
50	0.01904	0.75404	0.03731	0.01218	0.01828	0.02818	0.01218	0.02132	0.01447	0.01675	0.00990	0.01142	0.00914	0.00609	0.00457	0.00152	0.00761	0.00381	0.00305	0.00914
51	0.03792	0.25237	0.48938	0.01754	0.02656	0.02003	0.02153	0.02213	0.01478	0.02107	0.01183	0.01385	0.00902	0.00656	0.00604	0.00203	0.00951	0.00478	0.00306	0.01003
52	0.01824	0.01823	0.02784	0.06873	0.61988	0.07821	0.02107	0.02228	0.01648	0.02255	0.01316	0.01726	0.01102	0.00646	0.00700	0.00210	0.00888	0.00619	0.00352	0.01088
53	0.00869	0.00703	0.00773	0.00797	0.00989	0.00606	0.00582	0.01060	0.01626	0.02030	0.15123	0.19662	0.49015	0.01838	0.00854	0.00248	0.00367	0.01574	0.00678	0.00606
54	0.01471	0.01333	0.02136	0.66634	0.04655	0.01640	0.01920	0.07960	0.01602	0.02066	0.01307	0.01881	0.00973	0.00725	0.00712	0.00235	0.00934	0.00634	0.00353	0.00830
55	0.00893	0.00638	0.00856	0.01021	0.01074	0.00601	0.00706	0.01036	0.01389	0.01847	0.03910	0.68357	0.04653	0.02206	0.00916	0.00293	0.00436	0.07922	0.00661	0.00586
56	0.72895	0.01362	0.01103	0.00967	0.01418	0.01546	0.00797	0.02221	0.01288	0.09474	0.01160	0.01274	0.00863	0.00681	0.00466	0.00220	0.00556	0.00416	0.00481	0.00812
57	0.01650	0.01358	0.02209	0.03152	0.45201	0.01329	0.01660	0.01979	0.01598	0.08550	0.02286	0.19515	0.04261	0.01079	0.00759	0.00232	0.00704	0.01005	0.00486	0.00986
58	0.72731	0.01591	0.07548	0.01038	0.01535	0.01603	0.00943	0.02108	0.01239	0.03108	0.01018	0.01189	0.00783	0.00662	0.00462	0.00221	0.00597	0.00399	0.00428	0.00797
59	0.02552	0.01874	0.02011	0.01559	0.02076	0.02068	0.01268	0.61946	0.03134	0.04200	0.01759	0.01983	0.01338	0.07716	0.00982	0.00258	0.00775	0.00678	0.00686	0.01139
60	0.01564	0.01310	0.02178	0.58619	0.12221	0.01545	0.01915	0.02015	0.01504	0.08284	0.01417	0.01931	0.01045	0.00719	0.00711	0.00233	0.00905	0.00641	0.00373	0.00869
61	0.72850	0.01434	0.01148	0.01001	0.01454	0.01654	0.00825	0.08209	0.01410	0.03314	0.01058	0.01208	0.00812	0.00679	0.00466	0.00220	0.00572	0.00409	0.00466	0.00812
62	0.02619	0.01967	0.02207	0.01891	0.08533	0.02160	0.01430	0.62052	0.03188	0.04288	0.01675	0.01714	0.01203	0.00834	0.00712	0.00213	0.00789	0.00640	0.00679	0.01203

[dist]
# distance from previous block
# <min> <max>
0	8

[block]
# block no. 5 follows, 29 sequences, length 7
# corresponding to MSA columns:
# 316-322
name=unknown_F
#
# <colnr> <probs for GDERKNQSTAVLIFYWHMCP>
#	G	D	E	R	K	N	Q	S	T	A	V	L	I	F	Y	W	H	M	C	P
0	0.00925	0.00669	0.00923	0.01026	0.01092	0.00683	0.00719	0.01082	0.01274	0.01738	0.03184	0.47545	0.03654	0.07807	0.23483	0.00583	0.00900	0.01565	0.00559	0.00587
1	0.00983	0.00668	0.00792	0.00844	0.00857	0.00655	0.00504	0.01022	0.01139	0.01518	0.02772	0.26624	0.03256	0.52101	0.02770	0.00564	0.00603	0.01346	0.00504	0.00478
2	0.01245	0.01031	0.01561	0.01988	0.22908	0.00993	0.01148	0.01608	0.01892	0.02689	0.48518	0.04201	0.04961	0.01197	0.00797	0.00220	0.00496	0.01082	0.00648	0.00815
3	0.01036	0.00690	0.00777	0.00777	0.00777	0.00690	0.00431	0.01036	0.01036	0.01381	0.02244	0.04660	0.02589	0.74975	0.03624	0.00690	0.00690	0.01036	0.00431	0.00431
4	0.01904	0.02359	0.07248	0.16969	0.03446	0.23858	0.29451	0.02362	0.01723	0.02016	0.01288	0.01690	0.00991	0.00670	0.00742	0.00221	0.01166	0.00658	0.00350	0.00889
5	0.01450	0.01472	0.02785	0.51170	0.04532	0.01651	0.22722	0.01964	0.01505	0.01964	0.01321	0.01905	0.00990	0.00677	0.00752	0.00238	0.01028	0.00698	0.00330	0.00844
6	0.01159	0.00996	0.01545	0.31839	0.02815	0.01111	0.04092	0.01541	0.04144	0.01928	0.02815	0.29653	0.07479	0.01373	0.00792	0.00254	0.00674	0.01237	0.03839	0.00712

[dist]
# distance from previous block
# <min> <max>
0	7

# created by:
# /st0/software/busco_prod/Augustus/scripts/msa2prfl.pl ./align_prep/144645.fa
