[name]
unknown

[dist]
# distance from previous block
# <min> <max>
0	35

[block]
# block no. 0 follows, 30 sequences, length 17
# corresponding to MSA columns:
# 35-51
name=unknown_A
#
# <colnr> <probs for GDERKNQSTAVLIFYWHMCP>
#	G	D	E	R	K	N	Q	S	T	A	V	L	I	F	Y	W	H	M	C	P
0	0.01558	0.01388	0.09491	0.01446	0.03824	0.01179	0.01265	0.04983	0.15131	0.09202	0.08281	0.04590	0.02916	0.01291	0.00801	0.00256	0.00644	0.26307	0.00629	0.04818
1	0.02172	0.02148	0.25730	0.01838	0.02580	0.01375	0.15584	0.02692	0.01726	0.31048	0.01908	0.01932	0.01277	0.00725	0.00707	0.00217	0.00859	0.00653	0.00548	0.04282
2	0.06360	0.01400	0.01770	0.11192	0.05031	0.06271	0.05614	0.04537	0.12611	0.22405	0.02342	0.13434	0.01939	0.01010	0.00720	0.00230	0.00699	0.00872	0.00613	0.00953
3	0.01313	0.01209	0.02035	0.70246	0.04616	0.01504	0.01873	0.01740	0.01372	0.01755	0.01239	0.01873	0.00944	0.00782	0.00797	0.04105	0.00914	0.00619	0.00310	0.00752
4	0.01318	0.01240	0.02093	0.73798	0.04806	0.01550	0.01938	0.01783	0.01395	0.01783	0.01240	0.01860	0.00930	0.00698	0.00698	0.00233	0.00930	0.00620	0.00310	0.00775
5	0.00867	0.00626	0.00824	0.00966	0.01028	0.00582	0.00662	0.01010	0.01392	0.01850	0.07301	0.65106	0.08217	0.02116	0.00887	0.00279	0.00408	0.04647	0.00653	0.00576
6	0.02876	0.01450	0.01764	0.01368	0.01903	0.01433	0.01125	0.23730	0.07593	0.45478	0.02425	0.02175	0.01590	0.00862	0.00701	0.00215	0.00645	0.00686	0.00801	0.01181
7	0.00901	0.00688	0.00827	0.00838	0.01001	0.00614	0.00611	0.01132	0.01702	0.02258	0.33972	0.20810	0.28698	0.01710	0.00838	0.00239	0.00354	0.01492	0.00700	0.00614
8	0.00859	0.00629	0.00790	0.00913	0.00981	0.00579	0.00611	0.00980	0.01350	0.01763	0.04219	0.58619	0.14844	0.08027	0.01095	0.00308	0.00419	0.01825	0.00630	0.00559
9	0.06156	0.01199	0.01291	0.01084	0.01438	0.01273	0.00868	0.22002	0.06548	0.11308	0.02109	0.02225	0.01568	0.00961	0.02785	0.00220	0.00562	0.00647	0.34847	0.00908
10	0.02602	0.01807	0.01961	0.01513	0.02044	0.01973	0.01247	0.59101	0.03058	0.09696	0.01802	0.01793	0.01270	0.00838	0.00685	0.00207	0.00725	0.00636	0.05892	0.01151
11	0.01527	0.01527	0.02137	0.01832	0.01832	0.02137	0.01527	0.01679	0.01069	0.01679	0.00916	0.01527	0.00916	0.01221	0.02290	0.00305	0.74198	0.00611	0.00305	0.00763
12	0.00876	0.00626	0.00803	0.00926	0.00976	0.00586	0.00612	0.00993	0.01333	0.01772	0.06564	0.59198	0.07864	0.11892	0.01239	0.00331	0.00435	0.01798	0.00623	0.00553
13	0.01672	0.05639	0.01869	0.22874	0.02649	0.19607	0.05695	0.01998	0.01575	0.01976	0.01580	0.06920	0.01361	0.00806	0.00636	0.00197	0.00841	0.00665	0.15699	0.05743
14	0.01455	0.01267	0.01569	0.01181	0.01742	0.01049	0.04580	0.01967	0.09609	0.02318	0.01605	0.06249	0.01392	0.00677	0.00580	0.00138	0.00550	0.00580	0.00460	0.61032
15	0.05991	0.01337	0.05129	0.01239	0.01607	0.01303	0.01022	0.04713	0.20831	0.07204	0.05749	0.09379	0.09824	0.03368	0.00933	0.00238	0.07369	0.00886	0.00587	0.11293
16	0.13841	0.01388	0.01566	0.12834	0.02134	0.03105	0.01127	0.13249	0.08478	0.06095	0.01822	0.01993	0.04155	0.00808	0.00716	0.00203	0.05276	0.00608	0.07818	0.12784

[dist]
# distance from previous block
# <min> <max>
4	15

[block]
# block no. 1 follows, 30 sequences, length 9
# corresponding to MSA columns:
# 67-75
name=unknown_B
#
# <colnr> <probs for GDERKNQSTAVLIFYWHMCP>
#	G	D	E	R	K	N	Q	S	T	A	V	L	I	F	Y	W	H	M	C	P
0	0.00942	0.00718	0.00927	0.00955	0.01066	0.00703	0.00691	0.01153	0.01600	0.02182	0.29975	0.34651	0.13667	0.01778	0.00943	0.00254	0.04952	0.01553	0.00673	0.00617
1	0.04621	0.01631	0.01826	0.06123	0.02094	0.01787	0.01217	0.47357	0.02697	0.03687	0.06387	0.06508	0.01754	0.01159	0.04416	0.00259	0.00766	0.00744	0.00638	0.04329
2	0.12888	0.01127	0.01291	0.04330	0.01591	0.01108	0.00878	0.07978	0.05257	0.11649	0.10035	0.13024	0.02397	0.02704	0.00721	0.00213	0.00528	0.00851	0.04978	0.16451
3	0.02383	0.01620	0.01800	0.01428	0.01888	0.01756	0.01150	0.44917	0.07218	0.12460	0.01960	0.02200	0.01497	0.09177	0.05014	0.00313	0.00782	0.00697	0.00672	0.01067
4	0.07494	0.10760	0.01837	0.01376	0.01749	0.24438	0.01090	0.11295	0.05399	0.04769	0.06235	0.05307	0.05876	0.04289	0.00828	0.00222	0.03167	0.00696	0.00497	0.02676
5	0.01475	0.00818	0.00836	0.00773	0.00987	0.00845	0.00596	0.10267	0.01697	0.02833	0.02199	0.02482	0.01711	0.00816	0.00515	0.00169	0.00382	0.00648	0.69231	0.00719
6	0.05847	0.04678	0.01841	0.01422	0.01847	0.03979	0.01167	0.24735	0.08868	0.19622	0.02223	0.03885	0.05290	0.00965	0.00892	0.00226	0.10124	0.00711	0.00645	0.01033
7	0.02440	0.01861	0.04755	0.01581	0.02148	0.01897	0.04318	0.51026	0.02824	0.08617	0.01707	0.01810	0.01243	0.03445	0.00790	0.00220	0.00762	0.00635	0.00646	0.07278
8	0.20411	0.15303	0.02245	0.01481	0.01981	0.05700	0.06564	0.23931	0.07813	0.03046	0.01397	0.01515	0.01077	0.00749	0.00666	0.00207	0.03899	0.00543	0.00502	0.00969

[dist]
# distance from previous block
# <min> <max>
0	21

[block]
# block no. 2 follows, 30 sequences, length 19
# corresponding to MSA columns:
# 97-115
name=unknown_C
#
# <colnr> <probs for GDERKNQSTAVLIFYWHMCP>
#	G	D	E	R	K	N	Q	S	T	A	V	L	I	F	Y	W	H	M	C	P
0	0.07424	0.02383	0.01802	0.01662	0.04473	0.37011	0.01239	0.10434	0.10711	0.02353	0.04674	0.01975	0.05201	0.00869	0.00745	0.00206	0.04866	0.00616	0.00479	0.00878
1	0.01371	0.03363	0.08203	0.01553	0.01922	0.01282	0.13373	0.06388	0.06606	0.02164	0.02320	0.25821	0.02395	0.07383	0.01104	0.00276	0.05689	0.01113	0.00500	0.07173
2	0.03780	0.02146	0.18482	0.02151	0.06052	0.05380	0.23931	0.05407	0.04131	0.04969	0.01659	0.04145	0.03141	0.00751	0.00773	0.00217	0.03637	0.00706	0.00412	0.08132
3	0.09420	0.10441	0.04775	0.01752	0.05590	0.40788	0.01358	0.02537	0.01727	0.07071	0.01186	0.01372	0.00959	0.00748	0.00751	0.00197	0.07598	0.00480	0.00389	0.00861
4	0.12862	0.49305	0.02871	0.01212	0.01743	0.04646	0.01119	0.08928	0.04931	0.02183	0.01182	0.01380	0.01026	0.03371	0.00602	0.00189	0.00724	0.00446	0.00384	0.00896
5	0.01301	0.00650	0.00650	0.00650	0.00813	0.00650	0.00488	0.01626	0.01463	0.02602	0.02276	0.02602	0.01789	0.00813	0.00488	0.00163	0.00325	0.00650	0.79350	0.00650
6	0.00967	0.00712	0.00904	0.00856	0.01030	0.00650	0.00642	0.01276	0.01926	0.02681	0.62602	0.05405	0.14810	0.01470	0.00823	0.00222	0.00332	0.01289	0.00753	0.00650
7	0.01015	0.00677	0.00761	0.00761	0.00761	0.00677	0.00423	0.01015	0.01015	0.01353	0.02199	0.04567	0.02537	0.75476	0.03552	0.00677	0.00677	0.01015	0.00423	0.00423
8	0.01301	0.00650	0.00650	0.00650	0.00813	0.00650	0.00488	0.01626	0.01463	0.02602	0.02276	0.02602	0.01789	0.00813	0.00488	0.00163	0.00325	0.00650	0.79350	0.00650
9	0.01668	0.01688	0.02550	0.07955	0.41600	0.09148	0.09224	0.02044	0.01598	0.02119	0.01659	0.09918	0.01558	0.00853	0.00731	0.00222	0.00867	0.03250	0.00390	0.00958
10	0.00825	0.00707	0.00707	0.00707	0.00943	0.00589	0.00530	0.01001	0.01591	0.01885	0.07069	0.06716	0.70839	0.01767	0.00825	0.00236	0.00353	0.01473	0.00648	0.00589
11	0.00883	0.00709	0.00788	0.00768	0.00979	0.00614	0.00576	0.01115	0.01729	0.02214	0.29994	0.06175	0.47709	0.01645	0.00824	0.00230	0.00345	0.01397	0.00691	0.00614
12	0.01398	0.01283	0.02136	0.63541	0.04449	0.01553	0.05295	0.05019	0.01502	0.01967	0.01314	0.01884	0.00986	0.00704	0.00695	0.00229	0.00909	0.00632	0.03705	0.00798
13	0.80405	0.01350	0.01026	0.00918	0.01350	0.01565	0.00756	0.02051	0.01188	0.03131	0.00972	0.01134	0.00756	0.00648	0.00432	0.00216	0.00540	0.00378	0.00432	0.00756
14	0.01620	0.13273	0.36250	0.02351	0.11730	0.05493	0.15297	0.02219	0.01541	0.02117	0.01243	0.01525	0.00950	0.00636	0.00666	0.00210	0.01005	0.00566	0.00317	0.00992
15	0.02686	0.01697	0.01913	0.01484	0.02012	0.01801	0.01218	0.49088	0.02865	0.21180	0.02051	0.05372	0.01487	0.00909	0.00708	0.00215	0.00707	0.00712	0.00737	0.01157
16	0.01447	0.01240	0.01447	0.01034	0.01654	0.00930	0.00827	0.01757	0.01447	0.02274	0.01240	0.01447	0.01034	0.00517	0.00517	0.00103	0.00517	0.00413	0.00413	0.79742
17	0.02857	0.01225	0.01569	0.01220	0.01719	0.01130	0.01002	0.11684	0.02102	0.54885	0.02558	0.02311	0.01664	0.00854	0.00676	0.00209	0.00585	0.00686	0.09939	0.01125
18	0.00907	0.00647	0.00792	0.00872	0.00930	0.00609	0.00567	0.01012	0.01311	0.01733	0.08294	0.41267	0.11515	0.24287	0.01685	0.00393	0.00476	0.01584	0.00588	0.00532

[dist]
# distance from previous block
# <min> <max>
0	5

[block]
# block no. 3 follows, 30 sequences, length 76
# corresponding to MSA columns:
# 121-196
name=unknown_D
#
# <colnr> <probs for GDERKNQSTAVLIFYWHMCP>
#	G	D	E	R	K	N	Q	S	T	A	V	L	I	F	Y	W	H	M	C	P
0	0.01723	0.01669	0.02892	0.04221	0.67974	0.01663	0.05243	0.02146	0.01592	0.02278	0.01317	0.01734	0.01103	0.00620	0.00697	0.00209	0.00845	0.00631	0.00346	0.01098
1	0.00872	0.00638	0.00821	0.00925	0.01010	0.00586	0.00636	0.01038	0.01481	0.01978	0.16396	0.54590	0.12455	0.02001	0.00871	0.00266	0.00385	0.01795	0.00670	0.00586
2	0.00997	0.00748	0.01121	0.01121	0.01246	0.00872	0.00872	0.01246	0.01121	0.01620	0.01869	0.02741	0.01745	0.05234	0.72710	0.01121	0.01869	0.00748	0.00374	0.00623
3	0.01417	0.06357	0.69267	0.01959	0.02974	0.01664	0.02526	0.02205	0.01471	0.02188	0.01242	0.01460	0.00884	0.00660	0.00655	0.00218	0.01020	0.00510	0.00295	0.01026
4	0.01866	0.75896	0.03657	0.01194	0.01791	0.02761	0.01194	0.02090	0.01418	0.01642	0.00970	0.01119	0.00896	0.00597	0.00448	0.00149	0.00746	0.00373	0.00299	0.00896
5	0.01833	0.70850	0.08417	0.01250	0.01877	0.02682	0.01291	0.02098	0.01422	0.01681	0.00990	0.01144	0.00895	0.00602	0.00463	0.00154	0.00766	0.00383	0.00298	0.00905
6	0.01362	0.01146	0.04616	0.01360	0.04229	0.01086	0.01108	0.04545	0.15916	0.04601	0.15646	0.05271	0.08172	0.01438	0.00833	0.00263	0.00576	0.26360	0.00661	0.00811
7	0.01301	0.00650	0.00650	0.00650	0.00813	0.00650	0.00488	0.01626	0.01463	0.02602	0.02276	0.02602	0.01789	0.00813	0.00488	0.00163	0.00325	0.00650	0.79350	0.00650
8	0.00850	0.00607	0.00810	0.00972	0.01012	0.00567	0.00648	0.00972	0.01336	0.01781	0.03846	0.75020	0.04615	0.02186	0.00891	0.00283	0.00405	0.01984	0.00648	0.00567
9	0.01301	0.00650	0.00650	0.00650	0.00813	0.00650	0.00488	0.01626	0.01463	0.02602	0.02276	0.02602	0.01789	0.00813	0.00488	0.00163	0.00325	0.00650	0.79350	0.00650
10	0.00851	0.00704	0.00723	0.00720	0.00929	0.00601	0.00526	0.01018	0.01552	0.01876	0.09596	0.06432	0.61034	0.09056	0.01095	0.00279	0.00384	0.01417	0.00631	0.00576
11	0.00850	0.00607	0.00810	0.00972	0.01012	0.00567	0.00648	0.00972	0.01336	0.01781	0.03846	0.75020	0.04615	0.02186	0.00891	0.00283	0.00405	0.01984	0.00648	0.00567
12	0.01866	0.75896	0.03657	0.01194	0.01791	0.02761	0.01194	0.02090	0.01418	0.01642	0.00970	0.01119	0.00896	0.00597	0.00448	0.00149	0.00746	0.00373	0.00299	0.00896
13	0.01887	0.01434	0.01616	0.01507	0.05226	0.01588	0.01122	0.05948	0.51069	0.11309	0.05200	0.02716	0.04311	0.00959	0.00715	0.00231	0.00566	0.00802	0.00710	0.01086
14	0.02380	0.02604	0.01984	0.06781	0.02281	0.42388	0.01374	0.18718	0.02155	0.02365	0.01263	0.01490	0.01013	0.00993	0.04166	0.00244	0.05949	0.00530	0.00436	0.00887
15	0.01447	0.01240	0.01447	0.01034	0.01654	0.00930	0.00827	0.01757	0.01447	0.02274	0.01240	0.01447	0.01034	0.00517	0.00517	0.00103	0.00517	0.00413	0.00413	0.79742
16	0.00857	0.00613	0.00816	0.00967	0.01014	0.00571	0.00648	0.00989	0.01368	0.01831	0.07141	0.71583	0.04712	0.02149	0.00887	0.00280	0.00401	0.01948	0.00654	0.00571
17	0.02298	0.01629	0.01734	0.01368	0.01829	0.01782	0.01117	0.51911	0.02829	0.03924	0.01978	0.02038	0.03524	0.00862	0.00656	0.00200	0.00658	0.00660	0.17954	0.01050
18	0.01416	0.01300	0.01610	0.11132	0.01937	0.06123	0.01180	0.01635	0.01278	0.01839	0.01551	0.08242	0.01516	0.08327	0.03358	0.00303	0.27798	0.00742	0.08828	0.09883
19	0.80405	0.01350	0.01026	0.00918	0.01350	0.01565	0.00756	0.02051	0.01188	0.03131	0.00972	0.01134	0.00756	0.00648	0.00432	0.00216	0.00540	0.00378	0.00432	0.00756
20	0.01527	0.01527	0.02137	0.01832	0.01832	0.02137	0.01527	0.01679	0.01069	0.01679	0.00916	0.01527	0.00916	0.01221	0.02290	0.00305	0.74198	0.00611	0.00305	0.00763
21	0.02653	0.01955	0.02094	0.01606	0.02164	0.02164	0.01326	0.68796	0.03281	0.04398	0.01675	0.01675	0.01187	0.00838	0.00698	0.00209	0.00768	0.00628	0.00698	0.01187
22	0.00850	0.00607	0.00810	0.00972	0.01012	0.00567	0.00648	0.00972	0.01336	0.01781	0.03846	0.75020	0.04615	0.02186	0.00891	0.00283	0.00405	0.01984	0.00648	0.00567
23	0.00842	0.00703	0.00733	0.00735	0.00955	0.00595	0.00547	0.01031	0.01617	0.01969	0.13067	0.09447	0.61863	0.01752	0.00827	0.00236	0.00353	0.01474	0.00660	0.00595
24	0.00832	0.00707	0.00717	0.00715	0.00947	0.00592	0.00536	0.01016	0.01609	0.01928	0.10041	0.06646	0.67841	0.01751	0.00825	0.00235	0.00352	0.01463	0.00654	0.00592
25	0.01447	0.01240	0.01447	0.01034	0.01654	0.00930	0.00827	0.01757	0.01447	0.02274	0.01240	0.01447	0.01034	0.00517	0.00517	0.00103	0.00517	0.00413	0.00413	0.79742
26	0.01707	0.01637	0.02796	0.07706	0.67857	0.01653	0.02132	0.02124	0.01579	0.02255	0.01309	0.01734	0.01097	0.00625	0.00691	0.00208	0.00834	0.00622	0.00344	0.01089
27	0.04861	0.01544	0.01678	0.01371	0.01773	0.01706	0.01104	0.44736	0.02587	0.03615	0.02018	0.12563	0.01745	0.01042	0.00756	0.00218	0.03740	0.00821	0.11131	0.00991
28	0.01527	0.01527	0.02137	0.01832	0.01832	0.02137	0.01527	0.01679	0.01069	0.01679	0.00916	0.01527	0.00916	0.01221	0.02290	0.00305	0.74198	0.00611	0.00305	0.00763
29	0.01010	0.00694	0.00851	0.00851	0.00883	0.00726	0.00535	0.01073	0.01042	0.01420	0.02116	0.04109	0.02339	0.57883	0.20873	0.00788	0.00975	0.00948	0.00411	0.00473
30	0.01863	0.05150	0.01693	0.01213	0.01749	0.01445	0.00990	0.23638	0.06509	0.03008	0.01580	0.01701	0.01227	0.00684	0.00582	0.00155	0.00592	0.00530	0.08739	0.36953
31	0.02428	0.01749	0.01881	0.01485	0.01987	0.01930	0.01213	0.51000	0.12873	0.06864	0.01941	0.01917	0.01397	0.00853	0.00683	0.00210	0.00693	0.00657	0.07109	0.01131
32	0.00850	0.00607	0.00810	0.00972	0.01012	0.00567	0.00648	0.00972	0.01336	0.01781	0.03846	0.75020	0.04615	0.02186	0.00891	0.00283	0.00405	0.01984	0.00648	0.00567
33	0.01592	0.23208	0.30061	0.02190	0.13413	0.01916	0.10100	0.02125	0.01522	0.02094	0.04625	0.01648	0.01224	0.00666	0.00635	0.00200	0.00903	0.00567	0.00334	0.00976
34	0.02357	0.01830	0.20659	0.03735	0.02169	0.01220	0.01465	0.02882	0.05729	0.41098	0.05721	0.02432	0.01807	0.00868	0.00705	0.00222	0.00709	0.02636	0.00671	0.01085
35	0.01736	0.01499	0.01578	0.01420	0.01815	0.01736	0.01105	0.03708	0.69862	0.02919	0.02840	0.02604	0.02130	0.00947	0.00710	0.00237	0.00552	0.00789	0.00710	0.01105
36	0.01447	0.01240	0.01447	0.01034	0.01654	0.00930	0.00827	0.01757	0.01447	0.02274	0.01240	0.01447	0.01034	0.00517	0.00517	0.00103	0.00517	0.00413	0.00413	0.79742
37	0.01532	0.01291	0.01493	0.01074	0.01690	0.01018	0.00862	0.06509	0.01577	0.02424	0.01271	0.01463	0.01044	0.00540	0.00530	0.00111	0.00535	0.00429	0.00434	0.74173
38	0.02524	0.07087	0.02190	0.01582	0.02097	0.02163	0.01322	0.56350	0.02926	0.06414	0.01604	0.01650	0.01164	0.00853	0.00809	0.00213	0.06664	0.00612	0.00644	0.01132
39	0.00980	0.00713	0.00922	0.00870	0.01038	0.00655	0.00652	0.01302	0.01957	0.02755	0.67745	0.05284	0.09621	0.01443	0.00823	0.00220	0.00330	0.01272	0.00762	0.00655
40	0.00948	0.00712	0.00878	0.00836	0.01018	0.00642	0.00627	0.01240	0.01882	0.02577	0.55310	0.05577	0.22167	0.01509	0.00823	0.00223	0.00335	0.01313	0.00739	0.00642
41	0.12285	0.01236	0.01567	0.01217	0.01745	0.01134	0.01005	0.05758	0.01951	0.60892	0.02500	0.02201	0.01591	0.00837	0.00670	0.00216	0.00594	0.00660	0.00806	0.01136
42	0.03078	0.01272	0.01672	0.01281	0.01823	0.01151	0.01059	0.10574	0.02138	0.64234	0.02635	0.02298	0.01668	0.00861	0.00701	0.00215	0.00613	0.00694	0.00846	0.01187
43	0.01124	0.00803	0.01124	0.01285	0.01446	0.00803	0.01124	0.01446	0.01606	0.02088	0.03695	0.07871	0.04016	0.01928	0.00964	0.00321	0.00643	0.66426	0.00643	0.00643
44	0.01400	0.00779	0.00802	0.00755	0.00937	0.00799	0.00561	0.08028	0.01589	0.02638	0.02210	0.02728	0.01813	0.09013	0.00844	0.00224	0.00406	0.00688	0.63109	0.00677
45	0.02675	0.01919	0.02072	0.01589	0.02146	0.02111	0.01312	0.65744	0.03221	0.07534	0.01726	0.01708	0.01212	0.00839	0.00698	0.00210	0.00760	0.00632	0.00706	0.01187
46	0.01727	0.01658	0.02832	0.04283	0.71123	0.01658	0.02142	0.02142	0.01589	0.02280	0.01313	0.01727	0.01105	0.00622	0.00691	0.00207	0.00829	0.00622	0.00345	0.01105
47	0.00972	0.00706	0.00915	0.00877	0.01036	0.00650	0.00652	0.01281	0.01917	0.02693	0.63704	0.09834	0.09162	0.01491	0.00828	0.00224	0.00335	0.01318	0.00755	0.00650
48	0.01447	0.01240	0.01447	0.01034	0.01654	0.00930	0.00827	0.01757	0.01447	0.02274	0.01240	0.01447	0.01034	0.00517	0.00517	0.00103	0.00517	0.00413	0.00413	0.79742
49	0.01064	0.00684	0.00854	0.00897	0.00966	0.00658	0.00586	0.01161	0.01267	0.05816	0.05462	0.33561	0.06045	0.31897	0.05489	0.00476	0.00594	0.01409	0.00560	0.00552
50	0.00825	0.00707	0.00707	0.00707	0.00943	0.00589	0.00530	0.01001	0.01591	0.01885	0.07069	0.06716	0.70839	0.01767	0.00825	0.00236	0.00353	0.01473	0.00648	0.00589
51	0.11675	0.01884	0.01970	0.01526	0.02070	0.02095	0.01260	0.61050	0.03038	0.04251	0.01594	0.01613	0.01137	0.00816	0.00667	0.00210	0.00741	0.00599	0.00667	0.01137
52	0.02514	0.02702	0.02063	0.05449	0.05688	0.43134	0.01410	0.23765	0.02345	0.02598	0.01289	0.01445	0.01002	0.00751	0.00658	0.00193	0.01064	0.00523	0.00464	0.00942
53	0.03131	0.01188	0.01619	0.01242	0.01781	0.01026	0.01026	0.03401	0.01997	0.71606	0.02753	0.02375	0.01727	0.00864	0.00702	0.00216	0.00594	0.00702	0.00864	0.01188
54	0.00876	0.00709	0.00778	0.00761	0.00974	0.00611	0.00570	0.01100	0.01711	0.02171	0.27025	0.06245	0.50705	0.01661	0.00824	0.00231	0.00346	0.01407	0.00686	0.00611
55	0.01087	0.00806	0.01114	0.01291	0.04257	0.00786	0.01026	0.01385	0.01624	0.02132	0.11200	0.12228	0.10371	0.01823	0.00919	0.00295	0.00572	0.45787	0.00645	0.00653
56	0.01744	0.01714	0.02742	0.08701	0.63351	0.05192	0.02089	0.02150	0.01596	0.02219	0.01296	0.01712	0.01084	0.00632	0.00688	0.00208	0.00857	0.00613	0.00344	0.01069
57	0.03025	0.01231	0.01634	0.01258	0.01787	0.01101	0.01037	0.08336	0.02095	0.64244	0.04865	0.02413	0.01843	0.00880	0.00705	0.00216	0.00599	0.00714	0.00848	0.01170
58	0.01817	0.01500	0.01595	0.01419	0.01824	0.01721	0.01108	0.05632	0.65250	0.05627	0.02802	0.02567	0.02087	0.00940	0.00709	0.00235	0.00560	0.00781	0.00716	0.01110
59	0.66760	0.09593	0.03335	0.00990	0.01461	0.01679	0.00865	0.02109	0.01250	0.05416	0.01044	0.01186	0.00810	0.00650	0.00450	0.00209	0.00578	0.00393	0.00429	0.00794
60	0.01958	0.01187	0.01274	0.01059	0.01402	0.01254	0.00848	0.27239	0.02195	0.08730	0.02086	0.02232	0.01556	0.00826	0.00584	0.00185	0.00514	0.00646	0.43327	0.00896
61	0.01909	0.65931	0.06918	0.01276	0.01884	0.05241	0.01275	0.05455	0.01534	0.01810	0.01023	0.01170	0.00910	0.00617	0.00478	0.00157	0.00780	0.00396	0.00321	0.00914
62	0.02653	0.01955	0.02094	0.01606	0.02164	0.02164	0.01326	0.68796	0.03281	0.04398	0.01675	0.01675	0.01187	0.00838	0.00698	0.00209	0.00768	0.00628	0.00698	0.01187
63	0.01015	0.00677	0.00761	0.00761	0.00761	0.00677	0.00423	0.01015	0.01015	0.01353	0.02199	0.04567	0.02537	0.75476	0.03552	0.00677	0.00677	0.01015	0.00423	0.00423
64	0.02607	0.03326	0.01978	0.01798	0.02157	0.72674	0.01348	0.02787	0.01978	0.01708	0.01079	0.01258	0.00899	0.00719	0.00629	0.00180	0.01258	0.00449	0.00360	0.00809
65	0.00863	0.00617	0.00825	0.00986	0.01033	0.00578	0.00670	0.00994	0.01349	0.01796	0.03839	0.71847	0.04587	0.02174	0.00894	0.00285	0.00416	0.05029	0.00648	0.00570
66	0.00855	0.00611	0.00814	0.00968	0.01013	0.00570	0.00648	0.00985	0.01361	0.01821	0.06421	0.72333	0.04691	0.02157	0.00888	0.00281	0.00402	0.01956	0.00652	0.00570
67	0.00982	0.00713	0.00924	0.00872	0.01039	0.00656	0.00654	0.01305	0.01961	0.02765	0.68416	0.05268	0.08943	0.01439	0.00823	0.00220	0.00330	0.01270	0.00764	0.00656
68	0.02607	0.03326	0.01978	0.01798	0.02157	0.72674	0.01348	0.02787	0.01978	0.01708	0.01079	0.01258	0.00899	0.00719	0.00629	0.00180	0.01258	0.00449	0.00360	0.00809
69	0.02607	0.03326	0.01978	0.01798	0.02157	0.72674	0.01348	0.02787	0.01978	0.01708	0.01079	0.01258	0.00899	0.00719	0.00629	0.00180	0.01258	0.00449	0.00360	0.00809
70	0.80405	0.01350	0.01026	0.00918	0.01350	0.01565	0.00756	0.02051	0.01188	0.03131	0.00972	0.01134	0.00756	0.00648	0.00432	0.00216	0.00540	0.00378	0.00432	0.00756
71	0.02438	0.01435	0.10932	0.01275	0.01807	0.01060	0.01164	0.02848	0.04363	0.46764	0.13392	0.02845	0.04568	0.00957	0.00720	0.00219	0.00602	0.00792	0.00760	0.01061
72	0.02932	0.04943	0.03856	0.01252	0.01813	0.01125	0.01071	0.03218	0.01925	0.62584	0.02544	0.02240	0.01626	0.00827	0.00679	0.00207	0.00611	0.00666	0.00796	0.05085
73	0.03131	0.01188	0.01619	0.01242	0.01781	0.01026	0.01026	0.03401	0.01997	0.71606	0.02753	0.02375	0.01727	0.00864	0.00702	0.00216	0.00594	0.00702	0.00864	0.01188
74	0.80405	0.01350	0.01026	0.00918	0.01350	0.01565	0.00756	0.02051	0.01188	0.03131	0.00972	0.01134	0.00756	0.00648	0.00432	0.00216	0.00540	0.00378	0.00432	0.00756
75	0.01647	0.01882	0.04118	0.02941	0.03647	0.01765	0.68588	0.02235	0.01647	0.02235	0.01412	0.01882	0.01059	0.00588	0.00824	0.00235	0.01176	0.00824	0.00353	0.00941

[dist]
# distance from previous block
# <min> <max>
0	4

[block]
# block no. 4 follows, 30 sequences, length 29
# corresponding to MSA columns:
# 201-229
name=unknown_E
#
# <colnr> <probs for GDERKNQSTAVLIFYWHMCP>
#	G	D	E	R	K	N	Q	S	T	A	V	L	I	F	Y	W	H	M	C	P
0	0.01736	0.01499	0.01578	0.01420	0.01815	0.01736	0.01105	0.03708	0.69862	0.02919	0.02840	0.02604	0.02130	0.00947	0.00710	0.00237	0.00552	0.00789	0.00710	0.01105
1	0.01527	0.01527	0.02137	0.01832	0.01832	0.02137	0.01527	0.01679	0.01069	0.01679	0.00916	0.01527	0.00916	0.01221	0.02290	0.00305	0.74198	0.00611	0.00305	0.00763
2	0.00834	0.00704	0.00722	0.00725	0.00950	0.00592	0.00541	0.01016	0.01600	0.01925	0.10020	0.09121	0.65342	0.01766	0.00827	0.00237	0.00354	0.01481	0.00654	0.00592
3	0.01527	0.01527	0.02137	0.01832	0.01832	0.02137	0.01527	0.01679	0.01069	0.01679	0.00916	0.01527	0.00916	0.01221	0.02290	0.00305	0.74198	0.00611	0.00305	0.00763
4	0.00825	0.00707	0.00707	0.00707	0.00943	0.00589	0.00530	0.01001	0.01591	0.01885	0.07069	0.06716	0.70839	0.01767	0.00825	0.00236	0.00353	0.01473	0.00648	0.00589
5	0.00831	0.00707	0.00716	0.00714	0.00947	0.00592	0.00536	0.01015	0.01607	0.01923	0.09709	0.06653	0.68176	0.01753	0.00825	0.00235	0.00352	0.01464	0.00653	0.00592
6	0.01447	0.01240	0.01447	0.01034	0.01654	0.00930	0.00827	0.01757	0.01447	0.02274	0.01240	0.01447	0.01034	0.00517	0.00517	0.00103	0.00517	0.00413	0.00413	0.79742
7	0.01318	0.01240	0.02093	0.73798	0.04806	0.01550	0.01938	0.01783	0.01395	0.01783	0.01240	0.01860	0.00930	0.00698	0.00698	0.00233	0.00930	0.00620	0.00310	0.00775
8	0.01755	0.01725	0.02760	0.06980	0.64970	0.05218	0.02094	0.02159	0.01601	0.02231	0.01298	0.01709	0.01088	0.00630	0.00688	0.00207	0.00855	0.00613	0.00345	0.01077
9	0.02738	0.01594	0.12454	0.01476	0.04477	0.01179	0.01309	0.03189	0.05616	0.54681	0.02475	0.02226	0.01597	0.00829	0.00696	0.00218	0.00667	0.00675	0.00749	0.01156
10	0.04010	0.01318	0.01833	0.31114	0.02954	0.01601	0.01471	0.14948	0.01681	0.02342	0.01516	0.05699	0.01292	0.01396	0.08998	0.00338	0.12379	0.00699	0.03592	0.00821
11	0.01866	0.75896	0.03657	0.01194	0.01791	0.02761	0.01194	0.02090	0.01418	0.01642	0.00970	0.01119	0.00896	0.00597	0.00448	0.00149	0.00746	0.00373	0.00299	0.00896
12	0.01302	0.00683	0.00729	0.04653	0.01032	0.00700	0.00567	0.01635	0.01460	0.02557	0.02220	0.02561	0.01742	0.00807	0.00499	0.00166	0.00358	0.00649	0.75024	0.00657
13	0.00850	0.00607	0.00810	0.00972	0.01012	0.00567	0.00648	0.00972	0.01336	0.01781	0.03846	0.75020	0.04615	0.02186	0.00891	0.00283	0.00405	0.01984	0.00648	0.00567
14	0.01212	0.00606	0.00909	0.00909	0.00909	0.00606	0.00606	0.00909	0.00909	0.01212	0.01212	0.02121	0.01212	0.02424	0.02727	0.79697	0.00606	0.00606	0.00303	0.00303
15	0.02326	0.01343	0.01613	0.04271	0.01917	0.01391	0.01095	0.03436	0.35095	0.33164	0.02689	0.02438	0.01871	0.00887	0.00700	0.00223	0.00585	0.00732	0.00753	0.03470
16	0.02607	0.01932	0.02068	0.01596	0.02146	0.02143	0.01315	0.65525	0.06627	0.04324	0.01734	0.01722	0.01234	0.00843	0.00699	0.00211	0.00757	0.00636	0.00699	0.01183
17	0.01400	0.03610	0.71860	0.01989	0.03020	0.01621	0.02578	0.02210	0.01473	0.02210	0.01252	0.01473	0.00884	0.00663	0.00663	0.00221	0.01031	0.00516	0.00295	0.01031
18	0.02613	0.01935	0.02072	0.01598	0.02149	0.02145	0.01317	0.65962	0.06180	0.04334	0.01726	0.01716	0.01228	0.00842	0.00699	0.00211	0.00758	0.00635	0.00699	0.01183
19	0.00855	0.00618	0.00800	0.00942	0.00997	0.00573	0.00630	0.00976	0.01343	0.01772	0.04033	0.66832	0.09725	0.05099	0.00992	0.00295	0.00412	0.01905	0.00639	0.00563
20	0.01535	0.01475	0.04328	0.35241	0.06304	0.01599	0.12612	0.11088	0.01684	0.02247	0.01606	0.09990	0.01404	0.00890	0.00825	0.00238	0.04865	0.00804	0.00409	0.00856
21	0.01318	0.01240	0.02093	0.73798	0.04806	0.01550	0.01938	0.01783	0.01395	0.01783	0.01240	0.01860	0.00930	0.00698	0.00698	0.00233	0.00930	0.00620	0.00310	0.00775
22	0.01336	0.01216	0.01936	0.43094	0.03448	0.01519	0.04016	0.01702	0.01332	0.01853	0.01441	0.05893	0.01241	0.01027	0.03120	0.00270	0.16072	0.00707	0.08025	0.00751
23	0.01638	0.01381	0.01634	0.10313	0.02145	0.01326	0.01085	0.10360	0.15873	0.02606	0.01626	0.01767	0.01267	0.00668	0.00602	0.00160	0.00607	0.00544	0.00497	0.43901
24	0.00862	0.00616	0.00820	0.00964	0.01015	0.00575	0.00649	0.01001	0.01391	0.01868	0.09551	0.69068	0.04783	0.02121	0.00885	0.00278	0.00398	0.01922	0.00658	0.00575
25	0.01937	0.05773	0.02677	0.03555	0.51738	0.18087	0.01911	0.02288	0.01670	0.02116	0.01241	0.01589	0.01047	0.00643	0.00664	0.00198	0.00924	0.00570	0.00346	0.01026
26	0.01079	0.00763	0.00924	0.00968	0.01079	0.00749	0.00670	0.07639	0.01547	0.02097	0.08292	0.46184	0.07406	0.11842	0.01204	0.00316	0.00465	0.01576	0.04581	0.00620
27	0.01957	0.67156	0.03462	0.01257	0.01835	0.07575	0.01211	0.05486	0.01550	0.01785	0.01013	0.01157	0.00910	0.00618	0.00473	0.00154	0.00783	0.00391	0.00323	0.00904
28	0.01655	0.10314	0.12230	0.02909	0.19672	0.01846	0.34051	0.02172	0.01564	0.02155	0.01299	0.01694	0.01024	0.00631	0.00784	0.00220	0.03785	0.00677	0.00336	0.00981

[dist]
# distance from previous block
# <min> <max>
0	2

[block]
# block no. 5 follows, 30 sequences, length 14
# corresponding to MSA columns:
# 232-245
name=unknown_F
#
# <colnr> <probs for GDERKNQSTAVLIFYWHMCP>
#	G	D	E	R	K	N	Q	S	T	A	V	L	I	F	Y	W	H	M	C	P
0	0.02642	0.01159	0.01515	0.01212	0.01679	0.01064	0.00983	0.03139	0.10698	0.52844	0.12601	0.02815	0.02482	0.00956	0.00720	0.00219	0.00550	0.00794	0.00830	0.01100
1	0.02076	0.01626	0.02029	0.01770	0.07775	0.01721	0.06671	0.38522	0.05236	0.03341	0.01883	0.05611	0.01611	0.08207	0.00997	0.00260	0.00751	0.03602	0.00593	0.05719
2	0.06599	0.01729	0.03048	0.12479	0.22624	0.04530	0.28626	0.02115	0.01536	0.02179	0.01281	0.01735	0.01018	0.00671	0.00853	0.00229	0.06787	0.00680	0.00347	0.00935
3	0.00850	0.00607	0.00810	0.00972	0.01012	0.00567	0.00648	0.00972	0.01336	0.01781	0.03846	0.75020	0.04615	0.02186	0.00891	0.00283	0.00405	0.01984	0.00648	0.00567
4	0.08917	0.01054	0.01357	0.01102	0.01516	0.00957	0.00889	0.02641	0.01923	0.44530	0.23713	0.03152	0.03154	0.01020	0.00717	0.00217	0.00507	0.00849	0.00798	0.00987
5	0.02136	0.25968	0.10636	0.01737	0.08330	0.15906	0.01450	0.11273	0.01855	0.09227	0.01448	0.04465	0.01189	0.00755	0.00608	0.00189	0.00861	0.00561	0.00439	0.00969
6	0.11461	0.01474	0.01849	0.28187	0.02900	0.07447	0.06298	0.10560	0.01676	0.02436	0.01474	0.03702	0.01174	0.00781	0.00707	0.00217	0.03828	0.00631	0.12381	0.00816
7	0.00902	0.00710	0.00815	0.00788	0.00990	0.00622	0.00591	0.01152	0.01774	0.02321	0.37433	0.05999	0.40204	0.01605	0.00824	0.00228	0.00342	0.01372	0.00705	0.00622
8	0.01401	0.01373	0.02467	0.57380	0.09675	0.01592	0.12417	0.01881	0.01450	0.01892	0.01273	0.01854	0.00964	0.00675	0.00717	0.00231	0.00961	0.00652	0.00319	0.00826
9	0.01478	0.06420	0.51646	0.05015	0.10146	0.01689	0.09582	0.02184	0.01499	0.02178	0.01262	0.01542	0.00928	0.00649	0.00675	0.00218	0.01009	0.00557	0.00307	0.01013
10	0.01771	0.02221	0.11225	0.02303	0.07356	0.16538	0.26387	0.05164	0.01700	0.02136	0.01718	0.06481	0.04602	0.00842	0.00861	0.00227	0.06412	0.00774	0.00392	0.00893
11	0.00860	0.00612	0.00807	0.00959	0.00997	0.00573	0.00634	0.00974	0.01316	0.01755	0.03746	0.70721	0.04489	0.06659	0.01053	0.00307	0.00421	0.01925	0.00634	0.00558
12	0.01777	0.01366	0.01466	0.01249	0.01588	0.04552	0.00976	0.26629	0.02111	0.02932	0.02207	0.20858	0.02120	0.01157	0.00769	0.00212	0.04152	0.00948	0.11888	0.11043
13	0.01831	0.01605	0.01594	0.04411	0.05983	0.12637	0.01076	0.21236	0.02037	0.02638	0.04650	0.08214	0.05875	0.10475	0.01050	0.00260	0.00730	0.00808	0.04087	0.08802

[dist]
# distance from previous block
# <min> <max>
10	23

# created by:
# /st0/software/busco_prod/Augustus/scripts/msa2prfl.pl ./align_prep/144880.fa
