[name]
unknown

[dist]
# distance from previous block
# <min> <max>
37	210

[block]
# block no. 0 follows, 30 sequences, length 13
# corresponding to MSA columns:
# 236-248
name=unknown_A
#
# <colnr> <probs for GDERKNQSTAVLIFYWHMCP>
#	G	D	E	R	K	N	Q	S	T	A	V	L	I	F	Y	W	H	M	C	P
0	0.28834	0.03375	0.03998	0.01326	0.01852	0.01683	0.04297	0.24461	0.03973	0.06248	0.03996	0.01643	0.01251	0.00740	0.00591	0.00201	0.00660	0.00550	0.00546	0.09774
1	0.01776	0.03761	0.08745	0.01435	0.03309	0.03496	0.07260	0.19353	0.05996	0.02949	0.04251	0.02133	0.01571	0.00790	0.00624	0.00193	0.00659	0.00654	0.27389	0.03657
2	0.02286	0.01291	0.01571	0.01240	0.01709	0.01233	0.01002	0.19758	0.02187	0.28748	0.11514	0.05625	0.02269	0.01091	0.03205	0.00232	0.00628	0.00773	0.00713	0.12925
3	0.01228	0.00814	0.00942	0.00863	0.01119	0.00730	0.00656	0.01550	0.05000	0.10386	0.24904	0.05194	0.33407	0.04103	0.00882	0.00238	0.00399	0.01212	0.03630	0.02742
4	0.04537	0.26871	0.02358	0.01290	0.01821	0.04450	0.01123	0.15737	0.05168	0.17988	0.03390	0.01759	0.01370	0.00877	0.02692	0.00210	0.00726	0.00556	0.00552	0.06526
5	0.01460	0.01328	0.01918	0.49138	0.03787	0.01614	0.01654	0.02439	0.24723	0.02170	0.01785	0.02114	0.01339	0.00783	0.00702	0.00234	0.00801	0.00678	0.00446	0.00887
6	0.01389	0.01338	0.02108	0.49278	0.03793	0.01750	0.01798	0.01748	0.01284	0.01748	0.01130	0.01747	0.00925	0.00876	0.01240	0.00257	0.25894	0.00617	0.00308	0.00771
7	0.00944	0.00674	0.00917	0.01078	0.01160	0.00647	0.00810	0.01133	0.01428	0.01886	0.03795	0.52141	0.04411	0.02098	0.00916	0.00296	0.00486	0.23940	0.00646	0.00593
8	0.00880	0.00709	0.00784	0.00765	0.00977	0.00613	0.00574	0.01109	0.01722	0.02196	0.28768	0.06204	0.48946	0.01651	0.00824	0.00230	0.00345	0.01401	0.00689	0.00613
9	0.00900	0.00655	0.00916	0.01023	0.01092	0.00671	0.00724	0.01065	0.01263	0.01726	0.03173	0.50393	0.03637	0.03225	0.25361	0.00569	0.00904	0.01563	0.00554	0.00586
10	0.00900	0.00655	0.00916	0.01023	0.01092	0.00671	0.00724	0.01065	0.01263	0.01726	0.03173	0.50393	0.03637	0.03225	0.25361	0.00569	0.00904	0.01563	0.00554	0.00586
11	0.01346	0.02048	0.25864	0.49331	0.04198	0.01574	0.02156	0.01928	0.01422	0.01928	0.01244	0.01729	0.00914	0.00686	0.00686	0.00229	0.00965	0.00585	0.00305	0.00862
12	0.01598	0.01517	0.01947	0.01692	0.01826	0.02001	0.01383	0.02371	0.24508	0.02102	0.01572	0.01894	0.01330	0.01128	0.01752	0.00282	0.49106	0.00671	0.00443	0.00880

[dist]
# distance from previous block
# <min> <max>
0	2

[block]
# block no. 1 follows, 30 sequences, length 9
# corresponding to MSA columns:
# 251-259
name=unknown_B
#
# <colnr> <probs for GDERKNQSTAVLIFYWHMCP>
#	G	D	E	R	K	N	Q	S	T	A	V	L	I	F	Y	W	H	M	C	P
0	0.02333	0.01647	0.01753	0.01380	0.01845	0.01807	0.01128	0.52929	0.02852	0.03974	0.01817	0.01894	0.01329	0.00832	0.00648	0.00198	0.00663	0.00634	0.19277	0.01060
1	0.02313	0.01759	0.01910	0.01459	0.02023	0.01847	0.01195	0.49066	0.06831	0.03808	0.01642	0.01677	0.01207	0.00768	0.00656	0.00186	0.00696	0.00587	0.00632	0.19737
2	0.01327	0.00864	0.01152	0.05326	0.01376	0.00947	0.00821	0.01646	0.17240	0.01678	0.01645	0.02264	0.01450	0.02175	0.07130	0.50648	0.00703	0.00660	0.00405	0.00543
3	0.01772	0.13394	0.36590	0.01908	0.02719	0.01867	0.11770	0.12236	0.03864	0.05354	0.01409	0.01584	0.01029	0.00686	0.00664	0.00211	0.00939	0.00573	0.00400	0.01030
4	0.01888	0.13700	0.01987	0.03416	0.05814	0.20548	0.01184	0.06833	0.01655	0.02122	0.01409	0.01754	0.01187	0.02749	0.00912	0.00208	0.12245	0.00552	0.19024	0.00812
5	0.01552	0.01287	0.01772	0.18722	0.02419	0.01502	0.01330	0.04639	0.06131	0.07001	0.01716	0.11196	0.01566	0.01051	0.01167	0.00239	0.22432	0.00779	0.00451	0.13048
6	0.02675	0.02226	0.02034	0.01626	0.02136	0.18741	0.01311	0.48703	0.02885	0.08388	0.01609	0.01625	0.01156	0.00811	0.00682	0.00203	0.00872	0.00591	0.00630	0.01098
7	0.00885	0.00645	0.00833	0.00921	0.01014	0.00594	0.00640	0.01068	0.01534	0.02068	0.22340	0.49605	0.11392	0.01940	0.00866	0.00262	0.00379	0.01739	0.00681	0.00594
8	0.01320	0.01186	0.01951	0.48552	0.11756	0.01386	0.01770	0.01745	0.01468	0.01913	0.01829	0.03265	0.01680	0.00979	0.00760	0.00251	0.00850	0.16164	0.00393	0.00782

[dist]
# distance from previous block
# <min> <max>
0	1

[block]
# block no. 2 follows, 30 sequences, length 133
# corresponding to MSA columns:
# 261-393
name=unknown_C
#
# <colnr> <probs for GDERKNQSTAVLIFYWHMCP>
#	G	D	E	R	K	N	Q	S	T	A	V	L	I	F	Y	W	H	M	C	P
0	0.01866	0.75896	0.03657	0.01194	0.01791	0.02761	0.01194	0.02090	0.01418	0.01642	0.00970	0.01119	0.00896	0.00597	0.00448	0.00149	0.00746	0.00373	0.00299	0.00896
1	0.01527	0.01527	0.02137	0.01832	0.01832	0.02137	0.01527	0.01679	0.01069	0.01679	0.00916	0.01527	0.00916	0.01221	0.02290	0.00305	0.74198	0.00611	0.00305	0.00763
2	0.01844	0.72458	0.06900	0.01232	0.01850	0.02707	0.01260	0.02095	0.01421	0.01669	0.00984	0.01136	0.00895	0.00600	0.00458	0.00153	0.00760	0.00380	0.00298	0.00902
3	0.01318	0.01240	0.02093	0.73798	0.04806	0.01550	0.01938	0.01783	0.01395	0.01783	0.01240	0.01860	0.00930	0.00698	0.00698	0.00233	0.00930	0.00620	0.00310	0.00775
4	0.01447	0.01240	0.01447	0.01034	0.01654	0.00930	0.00827	0.01757	0.01447	0.02274	0.01240	0.01447	0.01034	0.00517	0.00517	0.00103	0.00517	0.00413	0.00413	0.79742
5	0.00850	0.00607	0.00810	0.00972	0.01012	0.00567	0.00648	0.00972	0.01336	0.01781	0.03846	0.75020	0.04615	0.02186	0.00891	0.00283	0.00405	0.01984	0.00648	0.00567
6	0.02550	0.01910	0.02087	0.01700	0.04922	0.02113	0.01344	0.61488	0.07937	0.04208	0.01743	0.01743	0.01250	0.00837	0.00699	0.00211	0.00755	0.00639	0.00685	0.01178
7	0.01619	0.01784	0.09668	0.14144	0.49245	0.01613	0.04463	0.02083	0.01545	0.02198	0.01296	0.01715	0.01053	0.00632	0.00687	0.00209	0.00864	0.00610	0.00338	0.04234
8	0.02462	0.04446	0.01845	0.01493	0.04301	0.01626	0.01171	0.19447	0.24310	0.27638	0.02396	0.02205	0.01671	0.00865	0.00693	0.00218	0.00637	0.00696	0.00733	0.01146
9	0.80405	0.01350	0.01026	0.00918	0.01350	0.01565	0.00756	0.02051	0.01188	0.03131	0.00972	0.01134	0.00756	0.00648	0.00432	0.00216	0.00540	0.00378	0.00432	0.00756
10	0.01567	0.01872	0.10534	0.18712	0.19456	0.01678	0.31594	0.02112	0.01560	0.02144	0.01334	0.01798	0.01023	0.00628	0.00748	0.00227	0.01027	0.00700	0.00336	0.00952
11	0.02313	0.08380	0.09979	0.03415	0.01868	0.01191	0.01178	0.02635	0.01783	0.41005	0.07941	0.10944	0.02256	0.01011	0.00705	0.00219	0.00626	0.00843	0.00694	0.01014
12	0.01866	0.75896	0.03657	0.01194	0.01791	0.02761	0.01194	0.02090	0.01418	0.01642	0.00970	0.01119	0.00896	0.00597	0.00448	0.00149	0.00746	0.00373	0.00299	0.00896
13	0.03131	0.01188	0.01619	0.01242	0.01781	0.01026	0.01026	0.03401	0.01997	0.71606	0.02753	0.02375	0.01727	0.00864	0.00702	0.00216	0.00594	0.00702	0.00864	0.01188
14	0.01626	0.00865	0.01076	0.00936	0.01247	0.00753	0.00732	0.01882	0.01847	0.24815	0.26239	0.04821	0.27646	0.01364	0.00784	0.00224	0.00424	0.01154	0.00757	0.00806
15	0.01696	0.05293	0.05093	0.07383	0.44418	0.06464	0.07125	0.02162	0.04361	0.02174	0.01608	0.04252	0.03410	0.00730	0.00696	0.00211	0.00854	0.00688	0.00375	0.01007
16	0.00958	0.00706	0.00895	0.00861	0.01027	0.00644	0.00641	0.01254	0.01885	0.02615	0.58184	0.09653	0.15047	0.01518	0.00827	0.00226	0.00337	0.01334	0.00745	0.00644
17	0.02748	0.01723	0.01941	0.01497	0.02044	0.01831	0.01234	0.47998	0.05626	0.22998	0.02022	0.01907	0.01375	0.00849	0.00700	0.00212	0.00711	0.00655	0.00745	0.01184
18	0.01435	0.01472	0.02817	0.11616	0.07293	0.01551	0.31873	0.01850	0.01440	0.01986	0.01621	0.09398	0.01472	0.01406	0.09581	0.00353	0.10766	0.00866	0.00373	0.00830
19	0.01644	0.01638	0.02380	0.05606	0.51231	0.07875	0.01797	0.02000	0.01618	0.02148	0.02244	0.02516	0.12645	0.00823	0.00708	0.00210	0.00792	0.00747	0.00396	0.00983
20	0.00849	0.00611	0.00806	0.00963	0.01010	0.00568	0.00644	0.00973	0.01344	0.01785	0.03951	0.72802	0.06766	0.02173	0.00889	0.00282	0.00403	0.01967	0.00648	0.00568
21	0.01650	0.01687	0.05140	0.02249	0.02769	0.01629	0.38221	0.12999	0.01816	0.02471	0.01870	0.15412	0.01726	0.00972	0.00909	0.00244	0.05889	0.00983	0.00460	0.00903
22	0.01696	0.01982	0.11761	0.08962	0.11519	0.01763	0.33113	0.08640	0.06513	0.02435	0.01474	0.01830	0.01114	0.00681	0.00804	0.00230	0.03385	0.00715	0.00398	0.00987
23	0.00870	0.00622	0.00833	0.00995	0.01044	0.00584	0.00683	0.01006	0.01356	0.01804	0.03835	0.70111	0.04572	0.02167	0.00896	0.00286	0.00422	0.06695	0.00647	0.00572
24	0.74146	0.04398	0.01175	0.00956	0.01400	0.01638	0.00796	0.04691	0.01280	0.03121	0.00999	0.01154	0.00778	0.00653	0.00443	0.00213	0.00557	0.00388	0.00437	0.00778
25	0.01212	0.00606	0.00909	0.00909	0.00909	0.00606	0.00606	0.00909	0.00909	0.01212	0.01212	0.02121	0.01212	0.02424	0.02727	0.79697	0.00606	0.00606	0.00303	0.00303
26	0.00848	0.00691	0.00751	0.00771	0.00966	0.00594	0.00565	0.01034	0.01594	0.01976	0.14044	0.17865	0.52282	0.01797	0.00835	0.00242	0.00359	0.01533	0.00662	0.00594
27	0.01447	0.01240	0.01447	0.01034	0.01654	0.00930	0.00827	0.01757	0.01447	0.02274	0.01240	0.01447	0.01034	0.00517	0.00517	0.00103	0.00517	0.00413	0.00413	0.79742
28	0.01558	0.02515	0.29151	0.02626	0.05308	0.01708	0.42297	0.02223	0.01581	0.02227	0.01350	0.01727	0.00995	0.00617	0.00760	0.00229	0.01113	0.00704	0.00331	0.00979
29	0.00850	0.00607	0.00810	0.00972	0.01012	0.00567	0.00648	0.00972	0.01336	0.01781	0.03846	0.75020	0.04615	0.02186	0.00891	0.00283	0.00405	0.01984	0.00648	0.00567
30	0.00825	0.00707	0.00707	0.00707	0.00943	0.00589	0.00530	0.01001	0.01591	0.01885	0.07069	0.06716	0.70839	0.01767	0.00825	0.00236	0.00353	0.01473	0.00648	0.00589
31	0.00850	0.00607	0.00810	0.00972	0.01012	0.00567	0.00648	0.00972	0.01336	0.01781	0.03846	0.75020	0.04615	0.02186	0.00891	0.00283	0.00405	0.01984	0.00648	0.00567
32	0.02412	0.01748	0.01871	0.01470	0.01961	0.01926	0.01201	0.56979	0.04949	0.04064	0.01848	0.04153	0.01393	0.00881	0.00680	0.00207	0.00699	0.00679	0.09775	0.01103
33	0.02653	0.01955	0.02094	0.01606	0.02164	0.02164	0.01326	0.68796	0.03281	0.04398	0.01675	0.01675	0.01187	0.00838	0.00698	0.00209	0.00768	0.00628	0.00698	0.01187
34	0.01914	0.71163	0.03547	0.01233	0.01815	0.07321	0.01204	0.02135	0.01454	0.01646	0.00977	0.01128	0.00896	0.00605	0.00460	0.00151	0.00780	0.00378	0.00302	0.00890
35	0.03131	0.01188	0.01619	0.01242	0.01781	0.01026	0.01026	0.03401	0.01997	0.71606	0.02753	0.02375	0.01727	0.00864	0.00702	0.00216	0.00594	0.00702	0.00864	0.01188
36	0.01582	0.01070	0.01387	0.01335	0.04251	0.01087	0.03041	0.02333	0.21132	0.13932	0.16287	0.19796	0.03531	0.01339	0.00789	0.00244	0.00517	0.04764	0.00703	0.00878
37	0.01318	0.01240	0.02093	0.73798	0.04806	0.01550	0.01938	0.01783	0.01395	0.01783	0.01240	0.01860	0.00930	0.00698	0.00698	0.00233	0.00930	0.00620	0.00310	0.00775
38	0.01785	0.01488	0.01579	0.01414	0.01813	0.01710	0.01102	0.03697	0.67450	0.05360	0.02837	0.02595	0.02116	0.00944	0.00710	0.00236	0.00554	0.00786	0.00716	0.01107
39	0.01391	0.01325	0.02269	0.60880	0.15044	0.01574	0.03992	0.01852	0.01433	0.01874	0.01257	0.01840	0.00961	0.00683	0.00700	0.00229	0.00922	0.00627	0.00317	0.00831
40	0.01474	0.03408	0.64758	0.02032	0.03025	0.01612	0.07223	0.02250	0.01503	0.04467	0.01312	0.01532	0.00924	0.00664	0.00676	0.00222	0.01027	0.00544	0.00317	0.01030
41	0.01736	0.01499	0.01578	0.01420	0.01815	0.01736	0.01105	0.03708	0.69862	0.02919	0.02840	0.02604	0.02130	0.00947	0.00710	0.00237	0.00552	0.00789	0.00710	0.01105
42	0.00850	0.00607	0.00810	0.00972	0.01012	0.00567	0.00648	0.00972	0.01336	0.01781	0.03846	0.75020	0.04615	0.02186	0.00891	0.00283	0.00405	0.01984	0.00648	0.00567
43	0.05035	0.01893	0.04731	0.05963	0.48667	0.09584	0.04057	0.05420	0.03763	0.02350	0.01335	0.01677	0.01089	0.00657	0.00678	0.00208	0.00875	0.00601	0.00376	0.01043
44	0.01155	0.00904	0.00954	0.00883	0.01151	0.00854	0.00676	0.12278	0.01864	0.02362	0.08775	0.11133	0.48476	0.01597	0.00797	0.00232	0.00424	0.01334	0.03459	0.00692
45	0.01124	0.00803	0.01124	0.01285	0.01446	0.00803	0.01124	0.01446	0.01606	0.02088	0.03695	0.07871	0.04016	0.01928	0.00964	0.00321	0.00643	0.66426	0.00643	0.00643
46	0.01647	0.01882	0.04118	0.02941	0.03647	0.01765	0.68588	0.02235	0.01647	0.02235	0.01412	0.01882	0.01059	0.00588	0.00824	0.00235	0.01176	0.00824	0.00353	0.00941
47	0.01721	0.02972	0.50961	0.01995	0.02900	0.01542	0.11336	0.02411	0.01584	0.13721	0.01523	0.01679	0.01048	0.00686	0.00691	0.00222	0.00979	0.00589	0.00397	0.01045
48	0.01601	0.01857	0.06459	0.08471	0.05926	0.01776	0.51391	0.02138	0.01559	0.02143	0.01337	0.01822	0.01029	0.00666	0.00952	0.00241	0.08604	0.00766	0.00342	0.00919
49	0.01157	0.00744	0.00969	0.00893	0.01085	0.00685	0.00677	0.01482	0.01953	0.07748	0.62597	0.04884	0.06006	0.01357	0.00798	0.00217	0.00348	0.01193	0.04512	0.00696
50	0.04883	0.13951	0.05061	0.16338	0.10033	0.01790	0.19246	0.04815	0.04837	0.04858	0.01389	0.01706	0.01073	0.00652	0.00665	0.00205	0.00875	0.00617	0.00390	0.06617
51	0.35084	0.04726	0.16875	0.01308	0.01915	0.01577	0.01293	0.09905	0.01666	0.17418	0.01487	0.01530	0.01042	0.00716	0.00570	0.00214	0.00692	0.00504	0.00518	0.00961
52	0.00983	0.00663	0.00770	0.00802	0.00809	0.00655	0.00466	0.01007	0.01076	0.01435	0.02515	0.18092	0.02936	0.61406	0.03041	0.00601	0.00624	0.01201	0.00466	0.00450
53	0.01141	0.00824	0.01038	0.01102	0.01238	0.00822	0.00817	0.10020	0.01674	0.02235	0.07324	0.50253	0.04175	0.01922	0.00874	0.00276	0.00488	0.12450	0.00660	0.00666
54	0.01491	0.08724	0.61056	0.01970	0.02929	0.04424	0.05571	0.02225	0.01497	0.02151	0.01233	0.01459	0.00894	0.00657	0.00654	0.00215	0.01026	0.00517	0.00300	0.01009
55	0.03113	0.01217	0.01638	0.01255	0.01796	0.01069	0.01037	0.05899	0.02046	0.69038	0.02712	0.02348	0.01707	0.00863	0.00702	0.00216	0.00600	0.00699	0.00857	0.01188
56	0.01703	0.03315	0.51977	0.02034	0.05020	0.13382	0.04965	0.02361	0.01593	0.05430	0.01303	0.01505	0.00941	0.00677	0.00667	0.00214	0.01048	0.00529	0.00336	0.01001
57	0.00976	0.00713	0.00917	0.00866	0.01036	0.00654	0.00649	0.01295	0.01948	0.02734	0.66297	0.05318	0.11081	0.01450	0.00823	0.00221	0.00331	0.01277	0.00760	0.00654
58	0.01528	0.01538	0.02088	0.06624	0.02019	0.04465	0.01522	0.01707	0.01124	0.01685	0.00982	0.01589	0.00950	0.01332	0.04984	0.00329	0.63854	0.00611	0.00310	0.00760
59	0.01014	0.00681	0.00785	0.00785	0.00793	0.00689	0.00452	0.01030	0.01022	0.01370	0.02177	0.04448	0.02485	0.70895	0.08062	0.00706	0.00754	0.00997	0.00420	0.00436
60	0.00867	0.00705	0.00748	0.00739	0.00944	0.00608	0.00542	0.01054	0.01606	0.01991	0.17105	0.06292	0.54682	0.07783	0.01049	0.00269	0.00376	0.01400	0.00649	0.00587
61	0.02349	0.01775	0.01931	0.01462	0.02036	0.01854	0.01201	0.51930	0.02820	0.03864	0.01566	0.01618	0.01148	0.00757	0.00652	0.00183	0.00705	0.00574	0.00626	0.20949
62	0.02653	0.01955	0.02094	0.01606	0.02164	0.02164	0.01326	0.68796	0.03281	0.04398	0.01675	0.01675	0.01187	0.00838	0.00698	0.00209	0.00768	0.00628	0.00698	0.01187
63	0.01014	0.00679	0.00776	0.00776	0.00781	0.00684	0.00441	0.01024	0.01019	0.01364	0.02185	0.04492	0.02505	0.72624	0.06360	0.00695	0.00725	0.01004	0.00421	0.00431
64	0.00997	0.00748	0.01121	0.01121	0.01246	0.00872	0.00872	0.01246	0.01121	0.01620	0.01869	0.02741	0.01745	0.05234	0.72710	0.01121	0.01869	0.00748	0.00374	0.00623
65	0.02653	0.01955	0.02094	0.01606	0.02164	0.02164	0.01326	0.68796	0.03281	0.04398	0.01675	0.01675	0.01187	0.00838	0.00698	0.00209	0.00768	0.00628	0.00698	0.01187
66	0.00867	0.00709	0.00766	0.00752	0.00969	0.00607	0.00564	0.01084	0.01691	0.02124	0.23732	0.06322	0.54028	0.01678	0.00824	0.00231	0.00347	0.01418	0.00679	0.00607
67	0.03131	0.01188	0.01619	0.01242	0.01781	0.01026	0.01026	0.03401	0.01997	0.71606	0.02753	0.02375	0.01727	0.00864	0.00702	0.00216	0.00594	0.00702	0.00864	0.01188
68	0.03131	0.01188	0.01619	0.01242	0.01781	0.01026	0.01026	0.03401	0.01997	0.71606	0.02753	0.02375	0.01727	0.00864	0.00702	0.00216	0.00594	0.00702	0.00864	0.01188
69	0.01124	0.00803	0.01124	0.01285	0.01446	0.00803	0.01124	0.01446	0.01606	0.02088	0.03695	0.07871	0.04016	0.01928	0.00964	0.00321	0.00643	0.66426	0.00643	0.00643
70	0.01866	0.75896	0.03657	0.01194	0.01791	0.02761	0.01194	0.02090	0.01418	0.01642	0.00970	0.01119	0.00896	0.00597	0.00448	0.00149	0.00746	0.00373	0.00299	0.00896
71	0.80405	0.01350	0.01026	0.00918	0.01350	0.01565	0.00756	0.02051	0.01188	0.03131	0.00972	0.01134	0.00756	0.00648	0.00432	0.00216	0.00540	0.00378	0.00432	0.00756
72	0.01647	0.01882	0.04118	0.02941	0.03647	0.01765	0.68588	0.02235	0.01647	0.02235	0.01412	0.01882	0.01059	0.00588	0.00824	0.00235	0.01176	0.00824	0.00353	0.00941
73	0.01736	0.01499	0.01578	0.01420	0.01815	0.01736	0.01105	0.03708	0.69862	0.02919	0.02840	0.02604	0.02130	0.00947	0.00710	0.00237	0.00552	0.00789	0.00710	0.01105
74	0.03032	0.01210	0.01616	0.01254	0.01784	0.01076	0.01031	0.03423	0.06795	0.66750	0.02759	0.02391	0.01756	0.00870	0.00702	0.00217	0.00591	0.00708	0.00853	0.01182
75	0.01492	0.16556	0.57180	0.01880	0.02821	0.01831	0.04675	0.02189	0.01470	0.02109	0.01207	0.01424	0.00892	0.00648	0.00630	0.00209	0.00985	0.00501	0.00297	0.01004
76	0.01527	0.01527	0.02137	0.01832	0.01832	0.02137	0.01527	0.01679	0.01069	0.01679	0.00916	0.01527	0.00916	0.01221	0.02290	0.00305	0.74198	0.00611	0.00305	0.00763
77	0.00849	0.00611	0.00806	0.00962	0.01010	0.00568	0.00644	0.00973	0.01345	0.01785	0.03961	0.72577	0.06984	0.02171	0.00888	0.00282	0.00403	0.01966	0.00648	0.00568
78	0.01606	0.01787	0.03770	0.11311	0.05719	0.01750	0.56347	0.02159	0.01595	0.02163	0.01371	0.01862	0.01040	0.00625	0.00857	0.00237	0.03749	0.00786	0.00346	0.00920
79	0.01731	0.01941	0.03352	0.10529	0.11331	0.10514	0.40847	0.02206	0.01615	0.02089	0.01307	0.01761	0.01021	0.00663	0.00869	0.00230	0.06017	0.00718	0.00345	0.00914
80	0.01903	0.00972	0.01218	0.01045	0.01401	0.00880	0.00833	0.02288	0.06830	0.31332	0.17546	0.04353	0.20848	0.01269	0.00771	0.00228	0.00477	0.04147	0.00767	0.00894
81	0.00825	0.00707	0.00707	0.00707	0.00943	0.00589	0.00530	0.01001	0.01591	0.01885	0.07069	0.06716	0.70839	0.01767	0.00825	0.00236	0.00353	0.01473	0.00648	0.00589
82	0.01494	0.00869	0.00917	0.03077	0.01149	0.00915	0.00664	0.10538	0.04045	0.02823	0.02184	0.02457	0.01694	0.00817	0.00530	0.00173	0.00410	0.00651	0.63850	0.00740
83	0.01729	0.04674	0.02658	0.16844	0.44342	0.08473	0.04125	0.02118	0.01564	0.02081	0.01250	0.01680	0.01035	0.00668	0.00746	0.00212	0.03876	0.00601	0.00337	0.00988
84	0.00998	0.00742	0.01095	0.01095	0.01210	0.00858	0.00839	0.01229	0.01114	0.01600	0.01894	0.02878	0.01804	0.10490	0.67535	0.01088	0.01780	0.00768	0.00377	0.00608
85	0.02689	0.01896	0.02058	0.01578	0.02135	0.02078	0.01304	0.63833	0.03184	0.09498	0.01757	0.01728	0.01228	0.00840	0.00698	0.00210	0.00755	0.00634	0.00711	0.01187
86	0.01671	0.01448	0.02029	0.41819	0.07465	0.01707	0.01667	0.14438	0.15804	0.02522	0.01652	0.01972	0.01233	0.00770	0.00700	0.00228	0.00817	0.00656	0.00465	0.00937
87	0.01826	0.60648	0.03224	0.01191	0.01783	0.05221	0.01139	0.02062	0.01445	0.01749	0.01019	0.01179	0.00919	0.00589	0.00466	0.00143	0.00728	0.00383	0.00320	0.13966
88	0.03919	0.29108	0.42932	0.01763	0.05136	0.02025	0.02017	0.02160	0.01450	0.02038	0.01146	0.01347	0.00893	0.00638	0.00581	0.00195	0.00908	0.00465	0.00302	0.00978
89	0.00891	0.00759	0.00773	0.00768	0.01007	0.00670	0.00576	0.01193	0.06433	0.01954	0.06638	0.09197	0.63267	0.01726	0.00819	0.00238	0.00370	0.01445	0.00652	0.00625
90	0.01207	0.00952	0.01095	0.01111	0.01244	0.03050	0.00791	0.07413	0.08824	0.02127	0.05824	0.45796	0.03655	0.09131	0.01166	0.00306	0.03496	0.01509	0.00619	0.00684
91	0.01736	0.01499	0.01578	0.01420	0.01815	0.01736	0.01105	0.03708	0.69862	0.02919	0.02840	0.02604	0.02130	0.00947	0.00710	0.00237	0.00552	0.00789	0.00710	0.01105
92	0.00950	0.00712	0.00881	0.00839	0.01020	0.00643	0.00629	0.01245	0.01887	0.02589	0.56167	0.05557	0.21303	0.01505	0.00823	0.00223	0.00335	0.01310	0.00741	0.00643
93	0.01124	0.00803	0.01124	0.01285	0.01446	0.00803	0.01124	0.01446	0.01606	0.02088	0.03695	0.07871	0.04016	0.01928	0.00964	0.00321	0.00643	0.66426	0.00643	0.00643
94	0.01301	0.00650	0.00650	0.00650	0.00813	0.00650	0.00488	0.01626	0.01463	0.02602	0.02276	0.02602	0.01789	0.00813	0.00488	0.00163	0.00325	0.00650	0.79350	0.00650
95	0.01124	0.00803	0.01124	0.01285	0.01446	0.00803	0.01124	0.01446	0.01606	0.02088	0.03695	0.07871	0.04016	0.01928	0.00964	0.00321	0.00643	0.66426	0.00643	0.00643
96	0.80405	0.01350	0.01026	0.00918	0.01350	0.01565	0.00756	0.02051	0.01188	0.03131	0.00972	0.01134	0.00756	0.00648	0.00432	0.00216	0.00540	0.00378	0.00432	0.00756
97	0.01527	0.01527	0.02137	0.01832	0.01832	0.02137	0.01527	0.01679	0.01069	0.01679	0.00916	0.01527	0.00916	0.01221	0.02290	0.00305	0.74198	0.00611	0.00305	0.00763
98	0.02607	0.03326	0.01978	0.01798	0.02157	0.72674	0.01348	0.02787	0.01978	0.01708	0.01079	0.01258	0.00899	0.00719	0.00629	0.00180	0.01258	0.00449	0.00360	0.00809
99	0.01447	0.01373	0.02327	0.51799	0.25793	0.01584	0.02002	0.01896	0.01457	0.01940	0.01263	0.01818	0.00986	0.00674	0.00696	0.00225	0.00898	0.00621	0.00321	0.00880
100	0.80405	0.01350	0.01026	0.00918	0.01350	0.01565	0.00756	0.02051	0.01188	0.03131	0.00972	0.01134	0.00756	0.00648	0.00432	0.00216	0.00540	0.00378	0.00432	0.00756
101	0.01212	0.00606	0.00909	0.00909	0.00909	0.00606	0.00606	0.00909	0.00909	0.01212	0.01212	0.02121	0.01212	0.02424	0.02727	0.79697	0.00606	0.00606	0.00303	0.00303
102	0.01400	0.03610	0.71860	0.01989	0.03020	0.01621	0.02578	0.02210	0.01473	0.02210	0.01252	0.01473	0.00884	0.00663	0.00663	0.00221	0.01031	0.00516	0.00295	0.01031
103	0.01400	0.03610	0.71860	0.01989	0.03020	0.01621	0.02578	0.02210	0.01473	0.02210	0.01252	0.01473	0.00884	0.00663	0.00663	0.00221	0.01031	0.00516	0.00295	0.01031
104	0.03131	0.01188	0.01619	0.01242	0.01781	0.01026	0.01026	0.03401	0.01997	0.71606	0.02753	0.02375	0.01727	0.00864	0.00702	0.00216	0.00594	0.00702	0.00864	0.01188
105	0.03131	0.01188	0.01619	0.01242	0.01781	0.01026	0.01026	0.03401	0.01997	0.71606	0.02753	0.02375	0.01727	0.00864	0.00702	0.00216	0.00594	0.00702	0.00864	0.01188
106	0.02653	0.01955	0.02094	0.01606	0.02164	0.02164	0.01326	0.68796	0.03281	0.04398	0.01675	0.01675	0.01187	0.00838	0.00698	0.00209	0.00768	0.00628	0.00698	0.01187
107	0.01131	0.00820	0.01118	0.01237	0.01408	0.00822	0.01063	0.01520	0.04409	0.02215	0.12422	0.07312	0.04276	0.01823	0.00935	0.00305	0.00598	0.55264	0.00662	0.00663
108	0.00950	0.00649	0.00780	0.00845	0.00861	0.00633	0.00512	0.00998	0.01142	0.01523	0.02852	0.32483	0.03361	0.46435	0.02497	0.00521	0.00569	0.01399	0.00512	0.00480
109	0.02297	0.01722	0.01845	0.01495	0.01981	0.01921	0.01209	0.40933	0.27070	0.06197	0.02151	0.02063	0.01564	0.00877	0.00696	0.00218	0.00670	0.00689	0.03262	0.01140
110	0.80405	0.01350	0.01026	0.00918	0.01350	0.01565	0.00756	0.02051	0.01188	0.03131	0.00972	0.01134	0.00756	0.00648	0.00432	0.00216	0.00540	0.00378	0.00432	0.00756
111	0.02761	0.01182	0.01556	0.01218	0.01701	0.01069	0.00996	0.08776	0.02106	0.55212	0.13078	0.02749	0.02424	0.00948	0.00720	0.00216	0.00568	0.00781	0.00835	0.01106
112	0.02380	0.01785	0.01917	0.01516	0.02013	0.01980	0.01232	0.53325	0.13558	0.03997	0.05159	0.02078	0.01632	0.03181	0.00794	0.00229	0.00711	0.00695	0.00695	0.01125
113	0.00915	0.00710	0.00832	0.00801	0.00998	0.00627	0.00601	0.01176	0.01803	0.02390	0.42279	0.05885	0.35314	0.01579	0.00824	0.00227	0.00340	0.01356	0.00714	0.00627
114	0.01477	0.03139	0.54952	0.02498	0.17030	0.01634	0.05152	0.02197	0.01504	0.02225	0.01271	0.01542	0.00936	0.00652	0.00675	0.00219	0.00996	0.00550	0.00307	0.01043
115	0.00850	0.00607	0.00810	0.00972	0.01012	0.00567	0.00648	0.00972	0.01336	0.01781	0.03846	0.75020	0.04615	0.02186	0.00891	0.00283	0.00405	0.01984	0.00648	0.00567
116	0.01727	0.01658	0.02832	0.04283	0.71123	0.01658	0.02142	0.02142	0.01589	0.02280	0.01313	0.01727	0.01105	0.00622	0.00691	0.00207	0.00829	0.00622	0.00345	0.01105
117	0.01725	0.01489	0.01573	0.01405	0.01808	0.01705	0.01094	0.03634	0.67248	0.02894	0.02779	0.02559	0.02088	0.00930	0.00703	0.00232	0.00551	0.00775	0.00699	0.04109
118	0.01301	0.00650	0.00650	0.00650	0.00813	0.00650	0.00488	0.01626	0.01463	0.02602	0.02276	0.02602	0.01789	0.00813	0.00488	0.00163	0.00325	0.00650	0.79350	0.00650
119	0.02607	0.03326	0.01978	0.01798	0.02157	0.72674	0.01348	0.02787	0.01978	0.01708	0.01079	0.01258	0.00899	0.00719	0.00629	0.00180	0.01258	0.00449	0.00360	0.00809
120	0.05456	0.01192	0.01602	0.01232	0.01768	0.01042	0.01018	0.03360	0.01973	0.69546	0.02699	0.02338	0.01698	0.00857	0.00694	0.00216	0.00592	0.00692	0.00851	0.01175
121	0.03131	0.01188	0.01619	0.01242	0.01781	0.01026	0.01026	0.03401	0.01997	0.71606	0.02753	0.02375	0.01727	0.00864	0.00702	0.00216	0.00594	0.00702	0.00864	0.01188
122	0.00850	0.00607	0.00810	0.00972	0.01012	0.00567	0.00648	0.00972	0.01336	0.01781	0.03846	0.75020	0.04615	0.02186	0.00891	0.00283	0.00405	0.01984	0.00648	0.00567
123	0.00850	0.00607	0.00810	0.00972	0.01012	0.00567	0.00648	0.00972	0.01336	0.01781	0.03846	0.75020	0.04615	0.02186	0.00891	0.00283	0.00405	0.01984	0.00648	0.00567
124	0.01435	0.03128	0.54972	0.02206	0.05816	0.01608	0.13679	0.02166	0.01502	0.02201	0.01377	0.04250	0.01059	0.00704	0.00700	0.00225	0.01025	0.00626	0.00320	0.01002
125	0.02832	0.01254	0.01611	0.01280	0.01788	0.01178	0.01043	0.03467	0.16537	0.56890	0.02772	0.02424	0.01814	0.00881	0.00704	0.00220	0.00585	0.00720	0.00831	0.01170
126	0.01895	0.01337	0.01482	0.01281	0.01654	0.01447	0.00984	0.08019	0.39908	0.13637	0.02568	0.02776	0.02018	0.13266	0.01171	0.00299	0.00594	0.00785	0.00674	0.04204
127	0.80405	0.01350	0.01026	0.00918	0.01350	0.01565	0.00756	0.02051	0.01188	0.03131	0.00972	0.01134	0.00756	0.00648	0.00432	0.00216	0.00540	0.00378	0.00432	0.00756
128	0.01850	0.04561	0.02670	0.08453	0.52747	0.13450	0.01963	0.02222	0.01634	0.02129	0.01257	0.01637	0.01052	0.00642	0.00672	0.00202	0.00904	0.00584	0.00344	0.01026
129	0.02624	0.01940	0.02078	0.01600	0.02153	0.02151	0.01319	0.66748	0.05376	0.04351	0.01712	0.01705	0.01216	0.00841	0.00698	0.00210	0.00761	0.00633	0.00698	0.01184
130	0.01212	0.00606	0.00909	0.00909	0.00909	0.00606	0.00606	0.00909	0.00909	0.01212	0.01212	0.02121	0.01212	0.02424	0.02727	0.79697	0.00606	0.00606	0.00303	0.00303
131	0.01581	0.14937	0.51461	0.01804	0.02668	0.08953	0.02166	0.02217	0.01533	0.02090	0.03660	0.01528	0.01090	0.00685	0.00631	0.00205	0.00984	0.00513	0.00319	0.00974
132	0.01417	0.06260	0.69359	0.01960	0.02975	0.01662	0.02528	0.02206	0.01471	0.02189	0.01242	0.01460	0.00884	0.00661	0.00655	0.00218	0.01021	0.00510	0.00295	0.01026

[dist]
# distance from previous block
# <min> <max>
0	26

[block]
# block no. 3 follows, 30 sequences, length 12
# corresponding to MSA columns:
# 420-431
name=unknown_D
#
# <colnr> <probs for GDERKNQSTAVLIFYWHMCP>
#	G	D	E	R	K	N	Q	S	T	A	V	L	I	F	Y	W	H	M	C	P
0	0.02616	0.01930	0.18408	0.01498	0.02159	0.01414	0.01460	0.17331	0.02152	0.40514	0.02162	0.02009	0.01410	0.00810	0.00692	0.00216	0.00736	0.00642	0.00693	0.01150
1	0.01074	0.00808	0.01091	0.16663	0.01707	0.00862	0.00808	0.01254	0.01326	0.01790	0.18276	0.04132	0.03149	0.41633	0.02283	0.00471	0.00649	0.00988	0.00480	0.00555
2	0.01834	0.01272	0.03759	0.01401	0.01671	0.02818	0.01180	0.07938	0.01719	0.18965	0.05306	0.12282	0.02550	0.01365	0.01134	0.00267	0.16613	0.16455	0.00616	0.00856
3	0.01355	0.00928	0.01336	0.16907	0.02058	0.01006	0.01074	0.03760	0.03827	0.10195	0.04387	0.25162	0.02636	0.02318	0.17874	0.00459	0.00909	0.02526	0.00542	0.00741
4	0.02624	0.01145	0.01532	0.01275	0.01726	0.01046	0.01068	0.07119	0.01987	0.50793	0.02908	0.03636	0.02236	0.01115	0.00764	0.00241	0.00617	0.16310	0.00801	0.01058
5	0.44598	0.01539	0.02127	0.02157	0.18423	0.01631	0.15828	0.02113	0.01383	0.02734	0.01148	0.01437	0.00905	0.00629	0.00579	0.00218	0.00747	0.00533	0.00394	0.00879
6	0.01077	0.00826	0.01077	0.01005	0.01178	0.00822	0.00741	0.01287	0.01365	0.01956	0.17009	0.12713	0.03157	0.15708	0.20371	0.00534	0.04467	0.01008	0.00507	0.13192
7	0.36670	0.25194	0.02294	0.01805	0.18065	0.01969	0.01225	0.02085	0.01356	0.02454	0.01052	0.01270	0.00883	0.00625	0.00498	0.00193	0.00674	0.00434	0.00369	0.00883
8	0.36468	0.01005	0.00953	0.00905	0.01197	0.01075	0.00699	0.01839	0.01365	0.09649	0.02119	0.19130	0.01996	0.01071	0.00580	0.00220	0.00467	0.00851	0.17679	0.00732
9	0.01205	0.00769	0.01285	0.01166	0.01267	0.00787	0.07573	0.01124	0.01034	0.01413	0.01388	0.02244	0.01323	0.02905	0.19158	0.52963	0.00964	0.00662	0.00325	0.00444
10	0.01638	0.01567	0.02672	0.19392	0.56710	0.01635	0.02097	0.02064	0.01547	0.02172	0.01297	0.01756	0.01067	0.00638	0.00692	0.00213	0.00851	0.00621	0.00338	0.01034
11	0.01278	0.00927	0.01067	0.01033	0.01196	0.00942	0.00730	0.15726	0.01708	0.02259	0.03310	0.35407	0.10101	0.19260	0.01474	0.00356	0.00543	0.01407	0.00605	0.00670

[dist]
# distance from previous block
# <min> <max>
0	26

# created by:
# /st0/software/busco_prod/Augustus/scripts/msa2prfl.pl ./align_prep/144846.fa
