[name]
unknown

[dist]
# distance from previous block
# <min> <max>
1	19

[block]
# block no. 0 follows, 28 sequences, length 60
# corresponding to MSA columns:
# 20-79
name=unknown_A
#
# <colnr> <probs for GDERKNQSTAVLIFYWHMCP>
#	G	D	E	R	K	N	Q	S	T	A	V	L	I	F	Y	W	H	M	C	P
0	0.01219	0.01191	0.08312	0.04602	0.01553	0.01020	0.01002	0.05664	0.03766	0.02070	0.06853	0.20151	0.07101	0.21856	0.04484	0.00423	0.03118	0.04381	0.00545	0.00690
1	0.22149	0.08530	0.08115	0.06683	0.02198	0.01685	0.05622	0.09130	0.03989	0.11415	0.06525	0.01935	0.01536	0.00804	0.00694	0.00220	0.03157	0.00617	0.00526	0.04469
2	0.01279	0.01186	0.02046	0.04046	0.02107	0.01086	0.21056	0.01617	0.01587	0.02186	0.11175	0.20264	0.07370	0.06744	0.01036	0.00269	0.00711	0.01196	0.00531	0.12508
3	0.01408	0.01392	0.04475	0.39586	0.19416	0.01480	0.01818	0.01896	0.03590	0.02096	0.05504	0.02715	0.09841	0.00890	0.00747	0.00235	0.00830	0.00791	0.00411	0.00878
4	0.01943	0.74891	0.03809	0.01244	0.01866	0.02876	0.01244	0.02177	0.01477	0.01710	0.01011	0.01166	0.00933	0.00622	0.00466	0.00155	0.00777	0.00389	0.00311	0.00933
5	0.01373	0.01292	0.02180	0.72707	0.05006	0.01615	0.02019	0.01857	0.01453	0.01857	0.01292	0.01938	0.00969	0.00727	0.00727	0.00242	0.00969	0.00646	0.00323	0.00807
6	0.01373	0.01292	0.02180	0.72707	0.05006	0.01615	0.02019	0.01857	0.01453	0.01857	0.01292	0.01938	0.00969	0.00727	0.00727	0.00242	0.00969	0.00646	0.00323	0.00807
7	0.01634	0.01266	0.01528	0.01179	0.01714	0.01085	0.03046	0.04931	0.08508	0.08119	0.04704	0.04680	0.09577	0.00867	0.00653	0.00167	0.00553	0.00727	0.00560	0.44503
8	0.02024	0.34771	0.22119	0.01641	0.04328	0.05293	0.01675	0.02437	0.01602	0.12488	0.01393	0.01516	0.01071	0.00720	0.00673	0.00198	0.04122	0.00506	0.00405	0.01016
9	0.03261	0.01237	0.01687	0.01293	0.01856	0.01068	0.01068	0.03543	0.02081	0.70423	0.02868	0.02474	0.01799	0.00900	0.00731	0.00225	0.00619	0.00731	0.00900	0.01237
10	0.00886	0.00633	0.00843	0.01012	0.01054	0.00590	0.00675	0.01012	0.01392	0.01856	0.04006	0.73979	0.04808	0.02277	0.00928	0.00295	0.00422	0.02066	0.00675	0.00590
11	0.79588	0.01406	0.01068	0.00956	0.01406	0.01631	0.00787	0.02137	0.01237	0.03261	0.01012	0.01181	0.00787	0.00675	0.00450	0.00225	0.00562	0.00394	0.00450	0.00787
12	0.05529	0.35429	0.02795	0.01504	0.02009	0.27259	0.01287	0.09953	0.01890	0.02131	0.01166	0.01340	0.00992	0.00856	0.02879	0.00210	0.01000	0.00461	0.00390	0.00920
13	0.00907	0.00642	0.00837	0.00985	0.01022	0.00605	0.00645	0.01018	0.01350	0.01800	0.03792	0.65334	0.04537	0.11292	0.01274	0.00346	0.00457	0.01940	0.00645	0.00572
14	0.01654	0.01541	0.02195	0.43441	0.09187	0.06281	0.03974	0.09508	0.01731	0.02248	0.01490	0.05122	0.01219	0.00832	0.00797	0.00237	0.03941	0.00707	0.03018	0.00878
15	0.01148	0.00798	0.00986	0.00934	0.01139	0.00733	0.00700	0.03657	0.01947	0.05996	0.43584	0.13244	0.19192	0.01599	0.00855	0.00239	0.00387	0.01394	0.00762	0.00706
16	0.00884	0.00641	0.00835	0.00990	0.01049	0.00592	0.00665	0.01015	0.01413	0.01864	0.04270	0.68712	0.09904	0.02243	0.00922	0.00291	0.00418	0.02025	0.00675	0.00592
17	0.01607	0.01351	0.01561	0.01124	0.01765	0.01071	0.00903	0.07050	0.01659	0.02545	0.01328	0.01526	0.01089	0.00565	0.00553	0.00116	0.00559	0.00448	0.00454	0.72725
18	0.01943	0.74891	0.03809	0.01244	0.01866	0.02876	0.01244	0.02177	0.01477	0.01710	0.01011	0.01166	0.00933	0.00622	0.00466	0.00155	0.00777	0.00389	0.00311	0.00933
19	0.01482	0.07280	0.67378	0.02031	0.03083	0.01747	0.02614	0.02296	0.01532	0.02273	0.01290	0.01516	0.00921	0.00687	0.00680	0.00227	0.01060	0.00530	0.00307	0.01067
20	0.01063	0.00857	0.00965	0.00972	0.01181	0.00833	0.00714	0.01591	0.13647	0.02276	0.15376	0.24182	0.30126	0.01751	0.00856	0.00257	0.00416	0.01517	0.00706	0.00715
21	0.00885	0.00707	0.00793	0.00836	0.01014	0.00615	0.00602	0.01070	0.01624	0.02037	0.13219	0.26212	0.43972	0.01928	0.00879	0.00258	0.00381	0.01664	0.00689	0.00615
22	0.01448	0.00845	0.00806	0.00784	0.00974	0.03550	0.00590	0.04583	0.01622	0.02714	0.02373	0.06045	0.01941	0.00913	0.00544	0.00178	0.00401	0.00735	0.68250	0.00704
23	0.02486	0.07625	0.05308	0.01386	0.01909	0.01544	0.01196	0.19055	0.06718	0.29560	0.10023	0.02510	0.02156	0.01132	0.03815	0.00261	0.00723	0.00749	0.00734	0.01108
24	0.00884	0.00729	0.00779	0.00803	0.01019	0.00624	0.00600	0.01075	0.01645	0.02004	0.09619	0.14718	0.56359	0.01883	0.00873	0.00254	0.00387	0.04446	0.00680	0.00617
25	0.00890	0.00642	0.00843	0.00995	0.01052	0.00595	0.00669	0.01028	0.01431	0.01903	0.06770	0.67934	0.08110	0.02224	0.00922	0.00290	0.00416	0.02010	0.00680	0.00595
26	0.01703	0.07799	0.41318	0.01787	0.02596	0.01758	0.02027	0.05905	0.16920	0.05809	0.01849	0.04277	0.01406	0.00826	0.00698	0.00230	0.00883	0.00659	0.00468	0.01082
27	0.01435	0.01272	0.01486	0.10965	0.01969	0.08752	0.01138	0.07993	0.01552	0.02023	0.02033	0.13423	0.01999	0.05351	0.31273	0.00657	0.04566	0.00916	0.00454	0.00740
28	0.00906	0.00641	0.00837	0.00986	0.01023	0.00604	0.00647	0.01017	0.01352	0.01803	0.03804	0.65806	0.04552	0.10799	0.01255	0.00344	0.00455	0.01947	0.00647	0.00573
29	0.05919	0.01614	0.01732	0.01472	0.01938	0.01806	0.01171	0.16834	0.44264	0.11154	0.02605	0.02412	0.01899	0.00938	0.00722	0.00237	0.00626	0.00756	0.00742	0.01161
30	0.01546	0.01240	0.01467	0.01082	0.01679	0.00946	0.00857	0.01852	0.01526	0.05608	0.01570	0.06946	0.01389	0.00685	0.00577	0.00127	0.00534	0.00567	0.00471	0.69331
31	0.01379	0.01292	0.02147	0.69147	0.04843	0.01583	0.01961	0.01856	0.01456	0.01883	0.01292	0.01917	0.00974	0.00717	0.00717	0.00236	0.00948	0.00635	0.00328	0.04688
32	0.01943	0.74891	0.03809	0.01244	0.01866	0.02876	0.01244	0.02177	0.01477	0.01710	0.01011	0.01166	0.00933	0.00622	0.00466	0.00155	0.00777	0.00389	0.00311	0.00933
33	0.01140	0.00774	0.00969	0.00901	0.01115	0.00696	0.00683	0.01445	0.01973	0.07175	0.51841	0.05569	0.19938	0.01523	0.00849	0.00232	0.00367	0.01323	0.00780	0.00707
34	0.06656	0.01315	0.01702	0.01311	0.01870	0.01198	0.01083	0.09094	0.02160	0.61617	0.02686	0.02352	0.01704	0.00887	0.00718	0.00224	0.00632	0.00709	0.00864	0.01217
35	0.01459	0.01359	0.02186	0.61424	0.04528	0.01714	0.01941	0.04712	0.01500	0.01964	0.01273	0.01889	0.00979	0.00796	0.00918	0.00250	0.09298	0.00645	0.00340	0.00825
36	0.00900	0.00644	0.00857	0.01002	0.01058	0.00600	0.00676	0.01049	0.01461	0.01965	0.10778	0.66896	0.05020	0.02196	0.00921	0.00288	0.00414	0.01989	0.00688	0.00600
37	0.03049	0.01578	0.01898	0.01455	0.02025	0.01574	0.01202	0.30796	0.02650	0.42364	0.02389	0.02163	0.01559	0.00888	0.00729	0.00222	0.00696	0.00698	0.00826	0.01237
38	0.01425	0.00745	0.00752	0.00727	0.00917	0.00756	0.00551	0.04950	0.01618	0.02803	0.02340	0.02662	0.01832	0.00848	0.00519	0.00172	0.00362	0.00676	0.74641	0.00705
39	0.01193	0.00779	0.01024	0.00942	0.01143	0.00714	0.00714	0.01532	0.02059	0.07888	0.64624	0.05212	0.06486	0.01443	0.00848	0.00228	0.00363	0.01272	0.00808	0.00726
40	0.02763	0.02036	0.02182	0.01672	0.02254	0.02254	0.01382	0.67496	0.03418	0.04581	0.01745	0.01745	0.01236	0.00873	0.00727	0.00218	0.00800	0.00654	0.00727	0.01236
41	0.02763	0.02036	0.02182	0.01672	0.02254	0.02254	0.01382	0.67496	0.03418	0.04581	0.01745	0.01745	0.01236	0.00873	0.00727	0.00218	0.00800	0.00654	0.00727	0.01236
42	0.01108	0.00761	0.00997	0.00928	0.01113	0.00699	0.00699	0.01449	0.02058	0.05309	0.67172	0.05325	0.06679	0.01465	0.00853	0.00228	0.00353	0.01294	0.00804	0.00705
43	0.01171	0.00837	0.01171	0.01339	0.01506	0.00837	0.01171	0.01506	0.01673	0.02175	0.03849	0.08199	0.04183	0.02008	0.01004	0.00335	0.00669	0.65027	0.00669	0.00669
44	0.01038	0.00779	0.01168	0.01168	0.01298	0.00909	0.00909	0.01298	0.01168	0.01687	0.01947	0.02856	0.01817	0.05452	0.71573	0.01168	0.01947	0.00779	0.00389	0.00649
45	0.00931	0.00794	0.00807	0.00794	0.01049	0.00700	0.00598	0.01251	0.06350	0.02070	0.09088	0.06645	0.62860	0.01770	0.00851	0.00245	0.00382	0.01477	0.00684	0.00654
46	0.00928	0.00650	0.00831	0.00958	0.00990	0.00619	0.00617	0.01023	0.01309	0.01745	0.03581	0.56836	0.04272	0.20152	0.01614	0.00397	0.00492	0.01816	0.00617	0.00553
47	0.01355	0.00678	0.00678	0.00678	0.00847	0.00678	0.00508	0.01694	0.01524	0.02710	0.02371	0.02710	0.01863	0.00847	0.00508	0.00169	0.00339	0.00678	0.78489	0.00678
48	0.02715	0.03464	0.02060	0.01873	0.02247	0.71536	0.01404	0.02903	0.02060	0.01779	0.01124	0.01311	0.00936	0.00749	0.00655	0.00187	0.01311	0.00468	0.00375	0.00843
49	0.01458	0.03760	0.70688	0.02072	0.03146	0.01688	0.02686	0.02302	0.01535	0.02302	0.01304	0.01535	0.00921	0.00691	0.00691	0.00230	0.01074	0.00537	0.00307	0.01074
50	0.01458	0.03760	0.70688	0.02072	0.03146	0.01688	0.02686	0.02302	0.01535	0.02302	0.01304	0.01535	0.00921	0.00691	0.00691	0.00230	0.01074	0.00537	0.00307	0.01074
51	0.01507	0.01292	0.01507	0.01077	0.01723	0.00969	0.00861	0.01830	0.01507	0.02369	0.01292	0.01507	0.01077	0.00538	0.00538	0.00108	0.00538	0.00431	0.00431	0.78898
52	0.00886	0.00633	0.00843	0.01012	0.01054	0.00590	0.00675	0.01012	0.01392	0.01856	0.04006	0.73979	0.04808	0.02277	0.00928	0.00295	0.00422	0.02066	0.00675	0.00590
53	0.01263	0.00631	0.00947	0.00947	0.00947	0.00631	0.00631	0.00947	0.00947	0.01263	0.01263	0.02210	0.01263	0.02525	0.02841	0.78851	0.00631	0.00631	0.00316	0.00316
54	0.01158	0.00827	0.01157	0.01324	0.01486	0.00826	0.01149	0.01484	0.01661	0.02161	0.03856	0.11164	0.04212	0.02020	0.01001	0.00333	0.00658	0.62189	0.00670	0.00666
55	0.02721	0.02030	0.02116	0.01640	0.02202	0.05059	0.01347	0.60649	0.03263	0.06606	0.01925	0.01909	0.03292	0.00897	0.00728	0.00218	0.00802	0.00676	0.00717	0.01201
56	0.00882	0.00646	0.00830	0.00977	0.01045	0.00593	0.00659	0.01016	0.01425	0.01869	0.04429	0.65539	0.12975	0.02222	0.00919	0.00289	0.00415	0.01999	0.00675	0.00593
57	0.01355	0.00678	0.00678	0.00678	0.00847	0.00678	0.00508	0.01694	0.01524	0.02710	0.02371	0.02710	0.01863	0.00847	0.00508	0.00169	0.00339	0.00678	0.78489	0.00678
58	0.00883	0.00642	0.00834	0.00988	0.01048	0.00592	0.00664	0.01015	0.01415	0.01865	0.04305	0.68017	0.10578	0.02238	0.00922	0.00291	0.00417	0.02019	0.00675	0.00592
59	0.02104	0.13454	0.02685	0.10908	0.27716	0.21237	0.01757	0.07676	0.01860	0.02227	0.01267	0.01578	0.01044	0.00699	0.00664	0.00202	0.00981	0.00558	0.00382	0.01000

[dist]
# distance from previous block
# <min> <max>
0	2

[block]
# block no. 1 follows, 28 sequences, length 25
# corresponding to MSA columns:
# 82-106
name=unknown_B
#
# <colnr> <probs for GDERKNQSTAVLIFYWHMCP>
#	G	D	E	R	K	N	Q	S	T	A	V	L	I	F	Y	W	H	M	C	P
0	0.07021	0.01965	0.10163	0.23313	0.12947	0.12902	0.01694	0.04101	0.03633	0.02203	0.02177	0.02445	0.10701	0.00880	0.00710	0.00227	0.00892	0.00718	0.00418	0.00890
1	0.08617	0.01270	0.05054	0.01211	0.01652	0.01100	0.01017	0.05848	0.04400	0.31002	0.18323	0.09233	0.03085	0.01118	0.00746	0.00228	0.00560	0.00936	0.00756	0.03846
2	0.02359	0.16291	0.02579	0.02227	0.15886	0.28859	0.01528	0.14766	0.04554	0.02458	0.01335	0.01515	0.01082	0.00736	0.00649	0.00195	0.00997	0.00537	0.00439	0.01007
3	0.45546	0.05126	0.01595	0.13181	0.05586	0.01647	0.01151	0.02156	0.01375	0.08345	0.01327	0.03893	0.01070	0.00783	0.00652	0.00231	0.04488	0.00545	0.00455	0.00848
4	0.01500	0.01471	0.05643	0.01590	0.02094	0.01252	0.14257	0.06567	0.01632	0.02351	0.01937	0.16681	0.01899	0.03353	0.00900	0.00218	0.04411	0.00906	0.00478	0.30859
5	0.00886	0.00633	0.00843	0.01012	0.01054	0.00590	0.00675	0.01012	0.01392	0.01856	0.04006	0.73979	0.04808	0.02277	0.00928	0.00295	0.00422	0.02066	0.00675	0.00590
6	0.01668	0.05438	0.17226	0.02726	0.03520	0.01825	0.49596	0.02301	0.01663	0.02298	0.01412	0.01828	0.01059	0.00626	0.00798	0.00234	0.01154	0.00761	0.00355	0.03510
7	0.01038	0.00779	0.01168	0.01168	0.01298	0.00909	0.00909	0.01298	0.01168	0.01687	0.01947	0.02856	0.01817	0.05452	0.71573	0.01168	0.01947	0.00779	0.00389	0.00649
8	0.01747	0.01771	0.05414	0.10324	0.59826	0.01719	0.04136	0.02204	0.01635	0.02325	0.01361	0.01806	0.01125	0.00655	0.00723	0.00220	0.00891	0.00650	0.00355	0.01113
9	0.79588	0.01406	0.01068	0.00956	0.01406	0.01631	0.00787	0.02137	0.01237	0.03261	0.01012	0.01181	0.00787	0.00675	0.00450	0.00225	0.00562	0.00394	0.00450	0.00787
10	0.02685	0.01975	0.02118	0.01632	0.02187	0.02183	0.01338	0.64438	0.03309	0.04435	0.01770	0.01884	0.01301	0.04259	0.00864	0.00241	0.00796	0.00673	0.00714	0.01200
11	0.01263	0.00631	0.00947	0.00947	0.00947	0.00631	0.00631	0.00947	0.00947	0.01263	0.01263	0.02210	0.01263	0.02525	0.02841	0.78851	0.00631	0.00631	0.00316	0.00316
12	0.01799	0.01727	0.02950	0.04462	0.69919	0.01727	0.02231	0.02231	0.01655	0.02375	0.01367	0.01799	0.01151	0.00648	0.00720	0.00216	0.00864	0.00648	0.00360	0.01151
13	0.01730	0.01896	0.08348	0.16655	0.47372	0.04717	0.04398	0.02200	0.01628	0.02246	0.01341	0.01787	0.01088	0.00669	0.00720	0.00222	0.00932	0.00638	0.00350	0.01063
14	0.01808	0.01561	0.01644	0.01479	0.01890	0.01808	0.01151	0.03863	0.68606	0.03041	0.02959	0.02712	0.02219	0.00986	0.00740	0.00247	0.00575	0.00822	0.00740	0.01151
15	0.02338	0.01296	0.01563	0.01313	0.01755	0.01313	0.01045	0.03351	0.29191	0.32936	0.12805	0.03010	0.02722	0.01022	0.00753	0.00234	0.00560	0.00855	0.00820	0.01120
16	0.00886	0.00633	0.00843	0.01012	0.01054	0.00590	0.00675	0.01012	0.01392	0.01856	0.04006	0.73979	0.04808	0.02277	0.00928	0.00295	0.00422	0.02066	0.00675	0.00590
17	0.01772	0.11369	0.02517	0.01856	0.02064	0.08407	0.06917	0.05283	0.01428	0.01945	0.01216	0.05245	0.01173	0.01116	0.01693	0.00273	0.43834	0.00681	0.00365	0.00845
18	0.01353	0.01353	0.02018	0.11348	0.02405	0.08510	0.17649	0.01656	0.01552	0.01966	0.02698	0.38480	0.02949	0.01488	0.00854	0.00264	0.00791	0.01402	0.00518	0.00744
19	0.01282	0.08478	0.38809	0.01604	0.02251	0.01373	0.01808	0.01805	0.01476	0.02085	0.02299	0.28818	0.02387	0.01283	0.00761	0.00249	0.00804	0.01101	0.00446	0.00880
20	0.11672	0.07945	0.07994	0.01919	0.04594	0.36183	0.07140	0.04914	0.01809	0.02165	0.01165	0.01413	0.00951	0.00755	0.00774	0.00210	0.06602	0.00518	0.00381	0.00895
21	0.01190	0.00771	0.01017	0.01006	0.01183	0.00703	0.00745	0.01453	0.01795	0.08096	0.36030	0.28393	0.05402	0.01698	0.00867	0.00252	0.00416	0.04743	0.00746	0.03494
22	0.01578	0.01226	0.01446	0.01237	0.03693	0.01085	0.00926	0.02198	0.14432	0.07572	0.02567	0.11092	0.07490	0.00975	0.00671	0.00181	0.00533	0.00826	0.00573	0.39698
23	0.01921	0.19015	0.02463	0.01600	0.01998	0.15754	0.09156	0.05655	0.05085	0.04518	0.01737	0.02255	0.03798	0.10725	0.05064	0.00327	0.06961	0.00681	0.00431	0.00856
24	0.14417	0.07976	0.35524	0.02379	0.18832	0.01745	0.02104	0.02220	0.01516	0.02430	0.01340	0.01750	0.01071	0.00719	0.00653	0.00224	0.00903	0.02819	0.00356	0.01021

[dist]
# distance from previous block
# <min> <max>
4	10

[block]
# block no. 2 follows, 28 sequences, length 6
# corresponding to MSA columns:
# 118-123
name=unknown_C
#
# <colnr> <probs for GDERKNQSTAVLIFYWHMCP>
#	G	D	E	R	K	N	Q	S	T	A	V	L	I	F	Y	W	H	M	C	P
0	0.01587	0.01311	0.01790	0.04231	0.04925	0.01115	0.07455	0.02017	0.04459	0.05327	0.01646	0.04624	0.01368	0.00686	0.00615	0.00154	0.00621	0.00604	0.06656	0.48808
1	0.00961	0.00709	0.00977	0.07163	0.01404	0.00704	0.00806	0.01122	0.01390	0.01842	0.03627	0.57774	0.04264	0.07855	0.01136	0.00326	0.00508	0.06206	0.00626	0.00603
2	0.01611	0.01603	0.02362	0.01937	0.02139	0.05056	0.13042	0.04830	0.01455	0.02076	0.07074	0.02114	0.01590	0.01575	0.09167	0.00377	0.40027	0.00742	0.00397	0.00825
3	0.01057	0.00705	0.00793	0.00793	0.00793	0.00705	0.00440	0.01057	0.01057	0.01409	0.02290	0.04757	0.02643	0.74454	0.03700	0.00705	0.00705	0.01057	0.00440	0.00440
4	0.02051	0.64913	0.03565	0.01332	0.01919	0.12468	0.01266	0.02278	0.01558	0.01720	0.01026	0.01186	0.00933	0.00640	0.00493	0.00160	0.00852	0.00400	0.00320	0.00920
5	0.79588	0.01406	0.01068	0.00956	0.01406	0.01631	0.00787	0.02137	0.01237	0.03261	0.01012	0.01181	0.00787	0.00675	0.00450	0.00225	0.00562	0.00394	0.00450	0.00787

[dist]
# distance from previous block
# <min> <max>
0	30

[block]
# block no. 3 follows, 28 sequences, length 42
# corresponding to MSA columns:
# 154-195
name=unknown_D
#
# <colnr> <probs for GDERKNQSTAVLIFYWHMCP>
#	G	D	E	R	K	N	Q	S	T	A	V	L	I	F	Y	W	H	M	C	P
0	0.01057	0.00705	0.00793	0.00793	0.00793	0.00705	0.00440	0.01057	0.01057	0.01409	0.02290	0.04757	0.02643	0.74454	0.03700	0.00705	0.00705	0.01057	0.00440	0.00440
1	0.02316	0.08151	0.02080	0.01720	0.02055	0.46303	0.01342	0.05790	0.01884	0.01914	0.01309	0.01732	0.01152	0.01386	0.09205	0.00319	0.07695	0.02416	0.00393	0.00837
2	0.02763	0.02036	0.02182	0.01672	0.02254	0.02254	0.01382	0.67496	0.03418	0.04581	0.01745	0.01745	0.01236	0.00873	0.00727	0.00218	0.00800	0.00654	0.00727	0.01236
3	0.00953	0.00702	0.00903	0.01008	0.01111	0.00636	0.00693	0.01101	0.01409	0.01895	0.03858	0.59551	0.07332	0.05252	0.01017	0.00297	0.00450	0.04241	0.00645	0.06947
4	0.01054	0.00715	0.00847	0.00847	0.00866	0.00734	0.00508	0.01092	0.01073	0.01449	0.02241	0.04483	0.02524	0.64512	0.13479	0.00772	0.00884	0.01017	0.00433	0.00471
5	0.00886	0.00633	0.00843	0.01012	0.01054	0.00590	0.00675	0.01012	0.01392	0.01856	0.04006	0.73979	0.04808	0.02277	0.00928	0.00295	0.00422	0.02066	0.00675	0.00590
6	0.01038	0.00779	0.01168	0.01168	0.01298	0.00909	0.00909	0.01298	0.01168	0.01687	0.01947	0.02856	0.01817	0.05452	0.71573	0.01168	0.01947	0.00779	0.00389	0.00649
7	0.01477	0.01376	0.02313	0.53180	0.20837	0.01607	0.02014	0.01943	0.01506	0.02017	0.01351	0.01933	0.01048	0.00712	0.00717	0.00233	0.00919	0.00648	0.03282	0.00887
8	0.01373	0.01292	0.02180	0.72707	0.05006	0.01615	0.02019	0.01857	0.01453	0.01857	0.01292	0.01938	0.00969	0.00727	0.00727	0.00242	0.00969	0.00646	0.00323	0.00807
9	0.00950	0.00662	0.00861	0.00970	0.01008	0.00645	0.00636	0.01044	0.01280	0.01717	0.03347	0.49462	0.03942	0.19975	0.07388	0.02678	0.00620	0.01678	0.00585	0.00551
10	0.01038	0.00779	0.01168	0.01168	0.01298	0.00909	0.00909	0.01298	0.01168	0.01687	0.01947	0.02856	0.01817	0.05452	0.71573	0.01168	0.01947	0.00779	0.00389	0.00649
11	0.01373	0.01292	0.02180	0.72707	0.05006	0.01615	0.02019	0.01857	0.01453	0.01857	0.01292	0.01938	0.00969	0.00727	0.00727	0.00242	0.00969	0.00646	0.00323	0.00807
12	0.01415	0.00735	0.00742	0.00720	0.00907	0.00745	0.00545	0.04501	0.01605	0.02790	0.02345	0.02669	0.01836	0.00848	0.00517	0.00171	0.00358	0.00677	0.75171	0.00701
13	0.01672	0.01748	0.01980	0.01750	0.01841	0.13959	0.01418	0.01856	0.01289	0.01742	0.01188	0.01802	0.01129	0.02042	0.16327	0.00470	0.46035	0.00636	0.00343	0.00773
14	0.01857	0.01529	0.01633	0.01452	0.01863	0.01745	0.01134	0.06496	0.60098	0.05325	0.06375	0.02804	0.02404	0.01004	0.00745	0.00244	0.00574	0.00837	0.00748	0.01133
15	0.02186	0.01679	0.01917	0.01569	0.02049	0.01852	0.04140	0.28195	0.31534	0.07110	0.07825	0.02513	0.02144	0.00962	0.00749	0.00233	0.00674	0.00794	0.00732	0.01143
16	0.00886	0.00633	0.00843	0.01012	0.01054	0.00590	0.00675	0.01012	0.01392	0.01856	0.04006	0.73979	0.04808	0.02277	0.00928	0.00295	0.00422	0.02066	0.00675	0.00590
17	0.12180	0.34286	0.02669	0.01450	0.01913	0.25786	0.01243	0.02357	0.01611	0.01935	0.01086	0.01311	0.00954	0.00912	0.03662	0.00227	0.04753	0.00446	0.00354	0.00864
18	0.63778	0.01532	0.04813	0.01080	0.01580	0.01591	0.00941	0.04698	0.01431	0.11115	0.01271	0.01371	0.00929	0.00709	0.00505	0.00225	0.00604	0.00450	0.00505	0.00871
19	0.01057	0.00705	0.00793	0.00793	0.00793	0.00705	0.00440	0.01057	0.01057	0.01409	0.02290	0.04757	0.02643	0.74454	0.03700	0.00705	0.00705	0.01057	0.00440	0.00440
20	0.02264	0.01658	0.01904	0.01547	0.01976	0.01869	0.01262	0.42040	0.05564	0.06580	0.01842	0.02067	0.01420	0.01965	0.17226	0.00446	0.05982	0.00693	0.00629	0.01067
21	0.01295	0.00893	0.01000	0.00965	0.01061	0.03439	0.00634	0.01471	0.04510	0.06307	0.03966	0.07274	0.02588	0.48621	0.12351	0.00664	0.00864	0.01015	0.00496	0.00586
22	0.01926	0.71320	0.03732	0.01276	0.01868	0.02845	0.01261	0.02156	0.01459	0.01712	0.01008	0.01187	0.00934	0.00654	0.00560	0.00163	0.04302	0.00401	0.00311	0.00926
23	0.05972	0.21219	0.02417	0.01527	0.02009	0.16859	0.04142	0.11122	0.15632	0.05578	0.01701	0.01872	0.01366	0.04622	0.00794	0.00228	0.00851	0.00600	0.00509	0.00981
24	0.70325	0.01444	0.01354	0.01140	0.01617	0.01626	0.06198	0.02206	0.01308	0.05772	0.01121	0.01294	0.00852	0.00678	0.00494	0.00227	0.00618	0.00444	0.00460	0.00820
25	0.02488	0.03076	0.01983	0.01901	0.05128	0.59712	0.01371	0.02760	0.04827	0.01865	0.01447	0.07294	0.01315	0.00879	0.00684	0.00200	0.01187	0.00621	0.00414	0.00849
26	0.01121	0.00765	0.00994	0.00924	0.01116	0.00700	0.00698	0.01455	0.02043	0.05864	0.64193	0.05359	0.09052	0.01474	0.00852	0.00229	0.00356	0.01297	0.00800	0.00707
27	0.01495	0.03529	0.62740	0.02302	0.08593	0.01697	0.05029	0.02297	0.01551	0.02309	0.01316	0.01572	0.00946	0.00684	0.00699	0.00230	0.01063	0.00558	0.00313	0.01077
28	0.01373	0.01292	0.02180	0.72707	0.05006	0.01615	0.02019	0.01857	0.01453	0.01857	0.01292	0.01938	0.00969	0.00727	0.00727	0.00242	0.00969	0.00646	0.00323	0.00807
29	0.01733	0.01563	0.05063	0.18148	0.34014	0.01517	0.06483	0.02168	0.01674	0.09018	0.05236	0.02429	0.06115	0.00811	0.00747	0.00228	0.00836	0.00759	0.00447	0.01012
30	0.01914	0.04560	0.04345	0.13514	0.41622	0.11284	0.01972	0.02390	0.04666	0.04753	0.01435	0.01789	0.01154	0.00698	0.00703	0.00216	0.00920	0.00622	0.00390	0.01053
31	0.06051	0.38201	0.04701	0.01479	0.04322	0.20670	0.01259	0.02246	0.01667	0.01923	0.04565	0.01898	0.06770	0.00798	0.00580	0.00182	0.00867	0.00557	0.00388	0.00877
32	0.00909	0.00708	0.00835	0.00895	0.01052	0.00621	0.00633	0.01084	0.01557	0.02004	0.10588	0.38650	0.31075	0.01973	0.00880	0.00263	0.00398	0.01730	0.00676	0.03469
33	0.02616	0.01963	0.02099	0.01643	0.02198	0.02186	0.01346	0.57713	0.13439	0.04344	0.01932	0.01894	0.01387	0.00890	0.00729	0.00223	0.00765	0.00680	0.00729	0.01223
34	0.01257	0.00900	0.01197	0.06996	0.04516	0.00870	0.00908	0.04843	0.01663	0.06646	0.10148	0.38106	0.12262	0.01707	0.00846	0.00258	0.00509	0.01515	0.00651	0.04204
35	0.03951	0.16463	0.48424	0.02166	0.10669	0.01908	0.02311	0.02266	0.01529	0.02231	0.01249	0.01487	0.00946	0.00673	0.00646	0.00215	0.00980	0.00519	0.00318	0.01049
36	0.05396	0.08284	0.54977	0.01996	0.02962	0.01750	0.06976	0.02342	0.01553	0.05323	0.01351	0.01564	0.00967	0.00689	0.00677	0.00226	0.01019	0.00551	0.00345	0.01051
37	0.01057	0.00705	0.00793	0.00793	0.00793	0.00705	0.00440	0.01057	0.01057	0.01409	0.02290	0.04757	0.02643	0.74454	0.03700	0.00705	0.00705	0.01057	0.00440	0.00440
38	0.01641	0.10486	0.02066	0.15673	0.02407	0.01677	0.04281	0.13880	0.03945	0.02374	0.01729	0.05375	0.01526	0.05640	0.15015	0.00440	0.06343	0.00742	0.03903	0.00854
39	0.01793	0.11975	0.05662	0.15527	0.12580	0.12713	0.04622	0.02125	0.01513	0.01946	0.01202	0.01639	0.01018	0.00837	0.01087	0.00234	0.18900	0.00587	0.03147	0.00892
40	0.01641	0.10122	0.41488	0.02473	0.12249	0.04431	0.12971	0.02307	0.01595	0.02239	0.01305	0.01596	0.00984	0.00667	0.00699	0.00222	0.01050	0.00588	0.00327	0.01047
41	0.01065	0.00767	0.01111	0.01111	0.01238	0.00881	0.00855	0.01319	0.01192	0.01758	0.01997	0.02930	0.01858	0.08213	0.62718	0.01066	0.01760	0.00783	0.06734	0.00642

[dist]
# distance from previous block
# <min> <max>
0	1

[block]
# block no. 4 follows, 28 sequences, length 244
# corresponding to MSA columns:
# 197-440
name=unknown_E
#
# <colnr> <probs for GDERKNQSTAVLIFYWHMCP>
#	G	D	E	R	K	N	Q	S	T	A	V	L	I	F	Y	W	H	M	C	P
0	0.48288	0.01326	0.01322	0.03748	0.01695	0.01414	0.00941	0.02582	0.01545	0.25912	0.01743	0.01875	0.01247	0.00796	0.00573	0.00229	0.00600	0.02622	0.00605	0.00936
1	0.01751	0.01883	0.06595	0.08498	0.41041	0.04005	0.12956	0.02265	0.03917	0.02282	0.01391	0.01821	0.01133	0.00713	0.00869	0.00231	0.06548	0.00676	0.00366	0.01057
2	0.01781	0.01835	0.06556	0.04335	0.66365	0.01725	0.02255	0.02235	0.01649	0.02371	0.01364	0.01785	0.01139	0.00650	0.00718	0.00217	0.00875	0.00642	0.00357	0.01147
3	0.01507	0.01292	0.01507	0.01077	0.01723	0.00969	0.00861	0.01830	0.01507	0.02369	0.01292	0.01507	0.01077	0.00538	0.00538	0.00108	0.00538	0.00431	0.00431	0.78898
4	0.01013	0.00742	0.00950	0.00898	0.01076	0.00679	0.00674	0.01341	0.02021	0.02827	0.63789	0.05575	0.12660	0.01519	0.00858	0.00230	0.00345	0.01335	0.00789	0.00679
5	0.00923	0.00664	0.00884	0.01046	0.01113	0.00625	0.00738	0.01081	0.01440	0.01903	0.04117	0.62398	0.07264	0.02224	0.00935	0.00299	0.00453	0.10617	0.00674	0.00602
6	0.00878	0.00662	0.00813	0.00933	0.01034	0.00597	0.00640	0.01021	0.01468	0.01887	0.04970	0.54760	0.23405	0.02152	0.00908	0.00281	0.00406	0.01914	0.00675	0.00597
7	0.09940	0.04897	0.01923	0.01475	0.01997	0.06499	0.01205	0.27526	0.14653	0.19343	0.02089	0.01986	0.01473	0.00862	0.00688	0.00221	0.00727	0.00655	0.00702	0.01139
8	0.79588	0.01406	0.01068	0.00956	0.01406	0.01631	0.00787	0.02137	0.01237	0.03261	0.01012	0.01181	0.00787	0.00675	0.00450	0.00225	0.00562	0.00394	0.00450	0.00787
9	0.00886	0.00633	0.00843	0.01012	0.01054	0.00590	0.00675	0.01012	0.01392	0.01856	0.04006	0.73979	0.04808	0.02277	0.00928	0.00295	0.00422	0.02066	0.00675	0.00590
10	0.03112	0.01231	0.01657	0.01286	0.01827	0.01085	0.01057	0.03471	0.04910	0.64910	0.05485	0.02600	0.02016	0.00926	0.00736	0.00226	0.00606	0.00758	0.00889	0.01212
11	0.01959	0.69182	0.06219	0.01302	0.01930	0.05779	0.01304	0.02212	0.01504	0.01735	0.01026	0.01186	0.00933	0.00630	0.00483	0.00160	0.00811	0.00398	0.00314	0.00934
12	0.02127	0.06436	0.01904	0.01576	0.04801	0.01809	0.01219	0.16681	0.35576	0.10329	0.02514	0.02563	0.01905	0.00950	0.00719	0.00232	0.00647	0.03292	0.03595	0.01126
13	0.01263	0.00631	0.00947	0.00947	0.00947	0.00631	0.00631	0.00947	0.00947	0.01263	0.01263	0.02210	0.01263	0.02525	0.02841	0.78851	0.00631	0.00631	0.00316	0.00316
14	0.01639	0.01321	0.01544	0.01112	0.01751	0.01029	0.00893	0.04725	0.01615	0.05478	0.01381	0.01560	0.01116	0.00569	0.00555	0.00118	0.00553	0.00454	0.00464	0.72124
15	0.03261	0.01237	0.01687	0.01293	0.01856	0.01068	0.01068	0.03543	0.02081	0.70423	0.02868	0.02474	0.01799	0.00900	0.00731	0.00225	0.00619	0.00731	0.00900	0.01237
16	0.01637	0.01443	0.02187	0.55277	0.06947	0.01733	0.01885	0.12782	0.04668	0.02377	0.01441	0.01934	0.01074	0.00759	0.00727	0.00237	0.00920	0.00655	0.00409	0.00906
17	0.02043	0.02041	0.02059	0.04456	0.12998	0.19349	0.01468	0.09245	0.14833	0.02478	0.01657	0.01888	0.01329	0.00892	0.00989	0.00230	0.13771	0.00637	0.06667	0.00970
18	0.02002	0.01599	0.01828	0.01846	0.11139	0.04248	0.01276	0.06099	0.41731	0.10591	0.02699	0.02569	0.04221	0.00929	0.00729	0.00231	0.00648	0.00777	0.00678	0.04163
19	0.01263	0.00631	0.00947	0.00947	0.00947	0.00631	0.00631	0.00947	0.00947	0.01263	0.01263	0.02210	0.01263	0.02525	0.02841	0.78851	0.00631	0.00631	0.00316	0.00316
20	0.01845	0.01586	0.01710	0.01590	0.04255	0.01823	0.01197	0.06301	0.63737	0.03078	0.02856	0.02643	0.02144	0.00970	0.00738	0.00244	0.00594	0.00809	0.00726	0.01154
21	0.01310	0.01087	0.01176	0.01071	0.01393	0.01078	0.00812	0.04797	0.21287	0.02436	0.06552	0.11941	0.27370	0.04196	0.00896	0.00251	0.00485	0.01190	0.00662	0.10008
22	0.01825	0.57535	0.20127	0.01446	0.02178	0.02586	0.01596	0.02207	0.01491	0.01855	0.01082	0.01256	0.00930	0.00639	0.00521	0.00174	0.00850	0.00425	0.00310	0.00967
23	0.01714	0.04524	0.12293	0.05838	0.06040	0.04584	0.47100	0.02300	0.01665	0.02246	0.01393	0.01837	0.01059	0.00656	0.00856	0.00239	0.03558	0.00763	0.00355	0.00978
24	0.00893	0.00636	0.00841	0.01003	0.01044	0.00595	0.00665	0.01014	0.01378	0.01837	0.03936	0.71121	0.04718	0.05258	0.01042	0.00312	0.00433	0.02025	0.00665	0.00584
25	0.01471	0.01019	0.01239	0.01221	0.01429	0.01039	0.00919	0.17126	0.01940	0.05464	0.03397	0.45894	0.03750	0.01850	0.00880	0.00278	0.00550	0.09055	0.00696	0.00782
26	0.01374	0.01564	0.11299	0.02199	0.14913	0.01262	0.13119	0.01875	0.05147	0.02260	0.05377	0.24146	0.02732	0.01285	0.00820	0.00255	0.00753	0.05195	0.03551	0.00873
27	0.02068	0.08287	0.02709	0.07037	0.40169	0.23134	0.01886	0.02412	0.01753	0.02110	0.01259	0.01605	0.01058	0.00681	0.00679	0.00204	0.00999	0.00571	0.00358	0.01021
28	0.01038	0.00779	0.01168	0.01168	0.01298	0.00909	0.00909	0.01298	0.01168	0.01687	0.01947	0.02856	0.01817	0.05452	0.71573	0.01168	0.01947	0.00779	0.00389	0.00649
29	0.73932	0.01505	0.03244	0.01021	0.01495	0.01659	0.00871	0.04922	0.01339	0.03288	0.01052	0.01216	0.00810	0.00684	0.00469	0.00225	0.00588	0.00409	0.00457	0.00815
30	0.01872	0.62087	0.12698	0.01365	0.02039	0.02669	0.01433	0.02268	0.04458	0.01849	0.01136	0.01284	0.00988	0.00647	0.00509	0.00170	0.00808	0.00428	0.00329	0.00961
31	0.01591	0.01354	0.01555	0.01551	0.06929	0.01497	0.01104	0.03055	0.45530	0.02919	0.18361	0.03431	0.05773	0.01108	0.00770	0.00240	0.00536	0.00949	0.00722	0.01023
32	0.02578	0.01256	0.01640	0.01368	0.04666	0.01106	0.01052	0.03017	0.07336	0.44231	0.05537	0.02569	0.04233	0.00887	0.00705	0.00206	0.00590	0.00732	0.00765	0.15524
33	0.01052	0.00702	0.00794	0.00800	0.00801	0.00701	0.00448	0.01056	0.01068	0.01424	0.02345	0.06967	0.02712	0.72149	0.03611	0.00692	0.00696	0.01089	0.00448	0.00445
34	0.01581	0.01505	0.02557	0.39333	0.36751	0.01670	0.02122	0.02040	0.01552	0.02110	0.01329	0.01870	0.01058	0.00688	0.00723	0.00229	0.00917	0.00647	0.00341	0.00976
35	0.00876	0.00724	0.00771	0.00804	0.01014	0.00619	0.00596	0.01057	0.01616	0.01955	0.06696	0.17571	0.56833	0.01916	0.00876	0.00257	0.00389	0.04145	0.00675	0.00612
36	0.02763	0.02036	0.02182	0.01672	0.02254	0.02254	0.01382	0.67496	0.03418	0.04581	0.01745	0.01745	0.01236	0.00873	0.00727	0.00218	0.00800	0.00654	0.00727	0.01236
37	0.01716	0.01961	0.04289	0.03064	0.03799	0.01838	0.67279	0.02328	0.01716	0.02328	0.01471	0.01961	0.01103	0.00613	0.00858	0.00245	0.01225	0.00858	0.00368	0.00980
38	0.01405	0.01325	0.02239	0.67530	0.09930	0.01623	0.02035	0.01886	0.01469	0.01896	0.01298	0.01927	0.00983	0.00721	0.00726	0.00240	0.00961	0.00646	0.00326	0.00834
39	0.07597	0.01963	0.02073	0.01613	0.02175	0.02184	0.01328	0.58932	0.07781	0.04391	0.01782	0.01776	0.01275	0.00868	0.00710	0.00221	0.00769	0.00649	0.00710	0.01202
40	0.02188	0.01486	0.01818	0.12566	0.02377	0.01517	0.01239	0.23616	0.04872	0.15507	0.05461	0.02198	0.01651	0.03366	0.00799	0.00219	0.00703	0.00677	0.00629	0.17112
41	0.07088	0.01763	0.02385	0.30295	0.14776	0.11141	0.06770	0.02099	0.01520	0.02050	0.01223	0.01725	0.00991	0.00790	0.00967	0.00241	0.12329	0.00619	0.00348	0.00880
42	0.01850	0.01744	0.02910	0.04313	0.66318	0.01755	0.02186	0.05705	0.01749	0.02492	0.01387	0.01796	0.01156	0.00660	0.00720	0.00216	0.00860	0.00648	0.00379	0.01156
43	0.01005	0.00755	0.00839	0.00816	0.01048	0.00650	0.00612	0.01229	0.01760	0.05128	0.22098	0.09388	0.48623	0.01734	0.00856	0.00243	0.00375	0.01470	0.00715	0.00657
44	0.02366	0.01882	0.02156	0.06549	0.11312	0.04944	0.01473	0.44709	0.04706	0.03731	0.01856	0.07570	0.01510	0.00944	0.00740	0.00225	0.00804	0.00763	0.00634	0.01126
45	0.01145	0.00828	0.01135	0.01288	0.01462	0.00818	0.01119	0.01467	0.01672	0.02158	0.04145	0.08098	0.09695	0.01994	0.00992	0.00327	0.00644	0.59679	0.00670	0.00665
46	0.01782	0.01704	0.02876	0.07079	0.65077	0.01725	0.02187	0.02270	0.03870	0.02376	0.01417	0.01835	0.01180	0.00662	0.00721	0.00218	0.00858	0.00653	0.00371	0.01138
47	0.01023	0.00691	0.00803	0.00836	0.00844	0.00682	0.00486	0.01048	0.01123	0.01497	0.02627	0.18332	0.03067	0.60299	0.03156	0.00624	0.00649	0.01255	0.00486	0.00470
48	0.01766	0.01798	0.05917	0.07285	0.64176	0.01721	0.02242	0.02218	0.01641	0.02349	0.01361	0.01793	0.01133	0.00653	0.00719	0.00218	0.00877	0.00643	0.00356	0.01133
49	0.01943	0.74891	0.03809	0.01244	0.01866	0.02876	0.01244	0.02177	0.01477	0.01710	0.01011	0.01166	0.00933	0.00622	0.00466	0.00155	0.00777	0.00389	0.00311	0.00933
50	0.01038	0.00779	0.01168	0.01168	0.01298	0.00909	0.00909	0.01298	0.01168	0.01687	0.01947	0.02856	0.01817	0.05452	0.71573	0.01168	0.01947	0.00779	0.00389	0.00649
51	0.01161	0.00780	0.00968	0.00899	0.01120	0.00698	0.00682	0.01459	0.01959	0.07952	0.48672	0.05593	0.22266	0.01530	0.00848	0.00233	0.00371	0.01324	0.00776	0.00711
52	0.02861	0.01880	0.02085	0.01598	0.02176	0.02022	0.01320	0.54992	0.03156	0.17454	0.01965	0.01888	0.01346	0.00878	0.00728	0.00219	0.00764	0.00669	0.00761	0.01236
53	0.01038	0.00779	0.01168	0.01168	0.01298	0.00909	0.00909	0.01298	0.01168	0.01687	0.01947	0.02856	0.01817	0.05452	0.71573	0.01168	0.01947	0.00779	0.00389	0.00649
54	0.01196	0.00870	0.01157	0.01277	0.01466	0.00865	0.01096	0.04271	0.01736	0.02244	0.04134	0.10300	0.10957	0.01952	0.00974	0.00319	0.00634	0.53195	0.00673	0.00685
55	0.01919	0.02103	0.05588	0.03662	0.45396	0.12696	0.10517	0.02417	0.04387	0.02299	0.01403	0.01769	0.01145	0.00674	0.00727	0.00217	0.00977	0.00649	0.00376	0.01078
56	0.01145	0.01026	0.06634	0.01045	0.01283	0.00822	0.00849	0.01540	0.06112	0.04612	0.25983	0.22274	0.12665	0.06944	0.01047	0.00282	0.00477	0.01378	0.03169	0.00715
57	0.01716	0.01961	0.04289	0.03064	0.03799	0.01838	0.67279	0.02328	0.01716	0.02328	0.01471	0.01961	0.01103	0.00613	0.00858	0.00245	0.01225	0.00858	0.00368	0.00980
58	0.01561	0.01550	0.02220	0.11420	0.02325	0.02144	0.01648	0.01764	0.01159	0.01764	0.01000	0.01637	0.00956	0.01199	0.02163	0.00308	0.63430	0.00637	0.00319	0.00797
59	0.01943	0.74891	0.03809	0.01244	0.01866	0.02876	0.01244	0.02177	0.01477	0.01710	0.01011	0.01166	0.00933	0.00622	0.00466	0.00155	0.00777	0.00389	0.00311	0.00933
60	0.01458	0.03760	0.70688	0.02072	0.03146	0.01688	0.02686	0.02302	0.01535	0.02302	0.01304	0.01535	0.00921	0.00691	0.00691	0.00230	0.01074	0.00537	0.00307	0.01074
61	0.01943	0.74891	0.03809	0.01244	0.01866	0.02876	0.01244	0.02177	0.01477	0.01710	0.01011	0.01166	0.00933	0.00622	0.00466	0.00155	0.00777	0.00389	0.00311	0.00933
62	0.01507	0.01292	0.01507	0.01077	0.01723	0.00969	0.00861	0.01830	0.01507	0.02369	0.01292	0.01507	0.01077	0.00538	0.00538	0.00108	0.00538	0.00431	0.00431	0.78898
63	0.00885	0.00637	0.00839	0.01001	0.01051	0.00591	0.00670	0.01013	0.01403	0.01860	0.04145	0.71213	0.07484	0.02259	0.00925	0.00293	0.00420	0.02044	0.00675	0.00591
64	0.01038	0.00779	0.01168	0.01168	0.01298	0.00909	0.00909	0.01298	0.01168	0.01687	0.01947	0.02856	0.01817	0.05452	0.71573	0.01168	0.01947	0.00779	0.00389	0.00649
65	0.00882	0.00737	0.00768	0.00760	0.00996	0.00623	0.00570	0.01087	0.01711	0.02091	0.15716	0.06785	0.61192	0.01793	0.00859	0.00243	0.00365	0.01505	0.00692	0.00623
66	0.01057	0.00705	0.00793	0.00793	0.00793	0.00705	0.00440	0.01057	0.01057	0.01409	0.02290	0.04757	0.02643	0.74454	0.03700	0.00705	0.00705	0.01057	0.00440	0.00440
67	0.01943	0.74891	0.03809	0.01244	0.01866	0.02876	0.01244	0.02177	0.01477	0.01710	0.01011	0.01166	0.00933	0.00622	0.00466	0.00155	0.00777	0.00389	0.00311	0.00933
68	0.01734	0.44966	0.20451	0.01522	0.02165	0.02400	0.01629	0.02115	0.01436	0.01863	0.01129	0.01395	0.00979	0.00967	0.04516	0.00246	0.08760	0.00474	0.00315	0.00939
69	0.01811	0.01775	0.02859	0.08942	0.62552	0.04811	0.02180	0.02235	0.01660	0.02314	0.01351	0.01787	0.01130	0.00657	0.00717	0.00216	0.00890	0.00640	0.00358	0.01115
70	0.01057	0.00705	0.00793	0.00793	0.00793	0.00705	0.00440	0.01057	0.01057	0.01409	0.02290	0.04757	0.02643	0.74454	0.03700	0.00705	0.00705	0.01057	0.00440	0.00440
71	0.76341	0.01399	0.01095	0.00970	0.01425	0.01607	0.00799	0.02197	0.01273	0.06119	0.01091	0.01236	0.00830	0.00684	0.00462	0.00225	0.00565	0.00408	0.00469	0.00806
72	0.01491	0.08607	0.66130	0.02015	0.03059	0.01769	0.02587	0.02293	0.01531	0.02262	0.01284	0.01510	0.00922	0.00686	0.00675	0.00225	0.01054	0.00527	0.00307	0.01065
73	0.02375	0.01306	0.01545	0.01280	0.01691	0.04892	0.01023	0.05285	0.10561	0.35398	0.20567	0.03180	0.03116	0.01071	0.00816	0.00229	0.02944	0.00879	0.00799	0.01043
74	0.03059	0.01383	0.06154	0.01330	0.01910	0.01094	0.01159	0.03379	0.02044	0.63416	0.05304	0.02525	0.01935	0.00908	0.00733	0.00225	0.00638	0.00741	0.00857	0.01205
75	0.01518	0.01328	0.01655	0.01182	0.01833	0.01015	0.04397	0.01857	0.01518	0.02367	0.01301	0.01531	0.01078	0.00542	0.00555	0.00115	0.00575	0.00453	0.00427	0.74750
76	0.30980	0.11483	0.21896	0.01451	0.02118	0.04127	0.01502	0.08752	0.04309	0.05416	0.01321	0.01452	0.00989	0.00716	0.00578	0.00217	0.00789	0.00493	0.00444	0.00967
77	0.00886	0.00633	0.00843	0.01012	0.01054	0.00590	0.00675	0.01012	0.01392	0.01856	0.04006	0.73979	0.04808	0.02277	0.00928	0.00295	0.00422	0.02066	0.00675	0.00590
78	0.00886	0.00633	0.00843	0.01012	0.01054	0.00590	0.00675	0.01012	0.01392	0.01856	0.04006	0.73979	0.04808	0.02277	0.00928	0.00295	0.00422	0.02066	0.00675	0.00590
79	0.01768	0.01911	0.09073	0.04246	0.63884	0.01724	0.02272	0.02237	0.01644	0.02368	0.01362	0.01775	0.01131	0.00652	0.00717	0.00217	0.00883	0.00638	0.00355	0.01144
80	0.01912	0.70329	0.08098	0.01297	0.01948	0.02800	0.01336	0.02185	0.01481	0.01748	0.01029	0.01190	0.00932	0.00626	0.00481	0.00160	0.00796	0.00398	0.00311	0.00942
81	0.01038	0.00779	0.01168	0.01168	0.01298	0.00909	0.00909	0.01298	0.01168	0.01687	0.01947	0.02856	0.01817	0.05452	0.71573	0.01168	0.01947	0.00779	0.00389	0.00649
82	0.02329	0.04765	0.01953	0.05298	0.02144	0.09823	0.01263	0.36404	0.11856	0.03539	0.01875	0.01948	0.01397	0.00853	0.00681	0.00211	0.00772	0.00649	0.11171	0.01069
83	0.01017	0.00743	0.00956	0.00902	0.01079	0.00681	0.00677	0.01349	0.02030	0.02850	0.65270	0.05537	0.11165	0.01510	0.00857	0.00230	0.00345	0.01330	0.00792	0.00681
84	0.01507	0.01292	0.01507	0.01077	0.01723	0.00969	0.00861	0.01830	0.01507	0.02369	0.01292	0.01507	0.01077	0.00538	0.00538	0.00108	0.00538	0.00431	0.00431	0.78898
85	0.01841	0.08605	0.02319	0.01875	0.04158	0.16074	0.03900	0.04325	0.01464	0.01886	0.01163	0.01661	0.01065	0.01509	0.09316	0.00361	0.36683	0.00605	0.00354	0.00835
86	0.00909	0.00666	0.00860	0.01007	0.01088	0.00617	0.00706	0.01063	0.01453	0.01900	0.04433	0.58940	0.13276	0.02194	0.00926	0.00292	0.00438	0.07957	0.00674	0.00601
87	0.01057	0.00705	0.00793	0.00793	0.00793	0.00705	0.00440	0.01057	0.01057	0.01409	0.02290	0.04757	0.02643	0.74454	0.03700	0.00705	0.00705	0.01057	0.00440	0.00440
88	0.01666	0.02021	0.10193	0.03030	0.13941	0.01725	0.45629	0.02243	0.01668	0.02319	0.01518	0.04363	0.01220	0.00680	0.00808	0.00235	0.01096	0.00817	0.00374	0.04454
89	0.01479	0.06910	0.67726	0.02035	0.03089	0.01741	0.02622	0.02296	0.01532	0.02276	0.01291	0.01518	0.00921	0.00688	0.00681	0.00227	0.01061	0.00531	0.00307	0.01068
90	0.01943	0.74891	0.03809	0.01244	0.01866	0.02876	0.01244	0.02177	0.01477	0.01710	0.01011	0.01166	0.00933	0.00622	0.00466	0.00155	0.00777	0.00389	0.00311	0.00933
91	0.01075	0.00696	0.00882	0.00897	0.00921	0.00712	0.00567	0.01070	0.01085	0.01467	0.02215	0.10415	0.02473	0.44544	0.13608	0.14590	0.00854	0.01033	0.00432	0.00464
92	0.01057	0.00705	0.00793	0.00793	0.00793	0.00705	0.00440	0.01057	0.01057	0.01409	0.02290	0.04757	0.02643	0.74454	0.03700	0.00705	0.00705	0.01057	0.00440	0.00440
93	0.01887	0.56815	0.17137	0.01443	0.02143	0.06292	0.01542	0.02240	0.01520	0.01833	0.01076	0.01248	0.00931	0.00642	0.00521	0.00172	0.00865	0.00423	0.00314	0.00956
94	0.00990	0.00741	0.00917	0.00873	0.01062	0.00669	0.00655	0.01296	0.01965	0.02696	0.55194	0.05791	0.21338	0.01568	0.00858	0.00233	0.00349	0.01365	0.00771	0.00669
95	0.00886	0.00633	0.00843	0.01012	0.01054	0.00590	0.00675	0.01012	0.01392	0.01856	0.04006	0.73979	0.04808	0.02277	0.00928	0.00295	0.00422	0.02066	0.00675	0.00590
96	0.01992	0.61119	0.08581	0.01341	0.01977	0.05406	0.01347	0.02329	0.03677	0.04843	0.01182	0.01307	0.01012	0.00656	0.00511	0.00168	0.00807	0.00432	0.00353	0.00960
97	0.05782	0.01471	0.02134	0.26903	0.23838	0.04618	0.01738	0.02150	0.05850	0.04911	0.01910	0.02550	0.04287	0.01038	0.03491	0.00272	0.00884	0.04812	0.00433	0.00930
98	0.01834	0.52754	0.22323	0.01495	0.02234	0.04837	0.01650	0.02236	0.01512	0.01877	0.01096	0.01273	0.00930	0.00645	0.00535	0.00177	0.00878	0.00433	0.00312	0.00969
99	0.01952	0.02006	0.03275	0.03010	0.19822	0.08915	0.31836	0.11187	0.01965	0.02582	0.01573	0.02157	0.01280	0.00745	0.00793	0.00233	0.01056	0.04154	0.00431	0.01027
100	0.01373	0.01292	0.02180	0.72707	0.05006	0.01615	0.02019	0.01857	0.01453	0.01857	0.01292	0.01938	0.00969	0.00727	0.00727	0.00242	0.00969	0.00646	0.00323	0.00807
101	0.01507	0.01292	0.01507	0.01077	0.01723	0.00969	0.00861	0.01830	0.01507	0.02369	0.01292	0.01507	0.01077	0.00538	0.00538	0.00108	0.00538	0.00431	0.00431	0.78898
102	0.01776	0.01451	0.01651	0.01204	0.01836	0.01244	0.00973	0.15863	0.01916	0.02841	0.01389	0.01558	0.01111	0.00610	0.00579	0.00131	0.00594	0.00478	0.00494	0.62301
103	0.01050	0.00731	0.00927	0.00927	0.00973	0.00778	0.00608	0.01143	0.01097	0.01509	0.02168	0.04078	0.02348	0.49804	0.27947	0.00870	0.01149	0.00958	0.00422	0.00515
