[name]
unknown

[dist]
# distance from previous block
# <min> <max>
0	36

[block]
# block no. 0 follows, 29 sequences, length 28
# corresponding to MSA columns:
# 36-63
name=unknown_A
#
# <colnr> <probs for GDERKNQSTAVLIFYWHMCP>
#	G	D	E	R	K	N	Q	S	T	A	V	L	I	F	Y	W	H	M	C	P
0	0.01230	0.00913	0.01208	0.01329	0.01525	0.00945	0.01145	0.01779	0.10538	0.02243	0.03655	0.07325	0.03845	0.01835	0.00949	0.00316	0.00644	0.57193	0.00665	0.00718
1	0.01772	0.01374	0.01473	0.01302	0.01697	0.01507	0.01019	0.07563	0.45681	0.08663	0.03665	0.03404	0.15552	0.01117	0.00746	0.00238	0.00542	0.00925	0.00725	0.01036
2	0.01158	0.01075	0.01977	0.07360	0.02175	0.01037	0.21637	0.01457	0.01467	0.01962	0.02943	0.46221	0.03285	0.01604	0.00872	0.00270	0.00700	0.01546	0.00540	0.00714
3	0.01017	0.00763	0.01144	0.01144	0.01272	0.00890	0.00890	0.01272	0.01144	0.01653	0.01907	0.02797	0.01780	0.05340	0.72153	0.01144	0.01907	0.00763	0.00381	0.00636
4	0.01147	0.00820	0.01147	0.01311	0.01475	0.00820	0.01147	0.01475	0.01639	0.02131	0.03770	0.08032	0.04098	0.01967	0.00984	0.00328	0.00656	0.65741	0.00656	0.00656
5	0.01477	0.01266	0.01477	0.01055	0.01687	0.00949	0.00844	0.01793	0.01477	0.02320	0.01266	0.01477	0.01055	0.00527	0.00527	0.00105	0.00527	0.00422	0.00422	0.79328
6	0.00906	0.00670	0.00943	0.01050	0.01113	0.00628	0.03042	0.01040	0.01355	0.01808	0.03737	0.67791	0.04455	0.06481	0.01067	0.00311	0.00458	0.01924	0.00637	0.00583
7	0.01028	0.00687	0.00779	0.00786	0.00788	0.00685	0.00442	0.01034	0.01050	0.01400	0.02319	0.07792	0.02684	0.71713	0.03503	0.00672	0.00678	0.01080	0.00442	0.00438
8	0.01466	0.01436	0.02207	0.61910	0.11530	0.05771	0.01963	0.01918	0.01479	0.01867	0.01263	0.01848	0.00966	0.00705	0.00707	0.00231	0.00958	0.00623	0.00323	0.00828
9	0.02507	0.01747	0.02082	0.08571	0.02420	0.01898	0.03835	0.44923	0.06106	0.13477	0.01935	0.03969	0.01407	0.00880	0.00724	0.00221	0.00769	0.00706	0.00684	0.01139
10	0.01432	0.00810	0.00843	0.00800	0.01005	0.00845	0.00612	0.06263	0.05614	0.02748	0.02295	0.02598	0.01802	0.01062	0.04060	0.00222	0.00454	0.00675	0.65133	0.00727
11	0.02144	0.01601	0.01685	0.01432	0.01849	0.05279	0.01126	0.21610	0.29434	0.11467	0.02455	0.06644	0.01943	0.04652	0.03120	0.00281	0.00708	0.00812	0.00693	0.01065
12	0.02182	0.02055	0.01862	0.01682	0.04776	0.17880	0.01267	0.19640	0.32635	0.03020	0.02250	0.02190	0.03565	0.00896	0.00705	0.00220	0.00789	0.00698	0.00623	0.01064
13	0.01376	0.01007	0.01194	0.01168	0.01363	0.01040	0.00854	0.18374	0.04049	0.02592	0.06590	0.50102	0.03829	0.01799	0.00849	0.00265	0.00509	0.01594	0.00682	0.00763
14	0.01378	0.01293	0.02146	0.67790	0.07404	0.01594	0.01954	0.01909	0.04008	0.01884	0.01331	0.01922	0.01003	0.00718	0.00712	0.00236	0.00930	0.00639	0.00333	0.00817
15	0.02036	0.01698	0.02159	0.01893	0.07611	0.01832	0.09113	0.26179	0.26469	0.03298	0.02170	0.05758	0.01706	0.00905	0.00734	0.00226	0.00730	0.00785	0.00633	0.04064
16	0.00894	0.00640	0.00850	0.00974	0.01039	0.00596	0.00663	0.01057	0.01484	0.02010	0.16192	0.61695	0.05082	0.02087	0.00896	0.00277	0.00399	0.01888	0.00684	0.00596
17	0.02153	0.01445	0.01617	0.01381	0.01826	0.01565	0.01095	0.08668	0.43752	0.20040	0.03004	0.02739	0.05500	0.00979	0.00727	0.00234	0.00581	0.00806	0.00759	0.01128
18	0.01641	0.01840	0.03953	0.05411	0.06165	0.01743	0.60654	0.02213	0.01658	0.02249	0.01525	0.04657	0.01215	0.00667	0.00833	0.00241	0.01149	0.00870	0.00370	0.00946
19	0.00868	0.00620	0.00826	0.00991	0.01033	0.00578	0.00661	0.00991	0.01363	0.01818	0.03925	0.74510	0.04710	0.02231	0.00909	0.00289	0.00413	0.02024	0.00661	0.00578
20	0.01558	0.01558	0.02181	0.01869	0.01869	0.02181	0.01558	0.01714	0.01091	0.01714	0.00935	0.01558	0.00935	0.01246	0.02337	0.00312	0.73672	0.00623	0.00312	0.00779
21	0.05837	0.01268	0.01663	0.01279	0.01828	0.01141	0.01057	0.07586	0.02094	0.64383	0.02675	0.02334	0.01693	0.00872	0.00706	0.00220	0.00615	0.00700	0.00855	0.01196
22	0.01500	0.01474	0.02084	0.04398	0.01925	0.02041	0.01512	0.01677	0.01108	0.01712	0.01036	0.01684	0.01013	0.01603	0.08700	0.00385	0.64427	0.00636	0.00318	0.00766
23	0.00866	0.00627	0.00819	0.00973	0.01028	0.00580	0.00653	0.00994	0.01381	0.01825	0.04147	0.69935	0.09141	0.02202	0.00904	0.00286	0.00410	0.01989	0.00661	0.00580
24	0.00908	0.00680	0.00802	0.00855	0.00972	0.00618	0.00586	0.01060	0.01487	0.01929	0.14290	0.31005	0.25790	0.14128	0.01331	0.00331	0.00431	0.01584	0.00641	0.00575
25	0.00977	0.00731	0.00910	0.00878	0.01062	0.00663	0.00667	0.01278	0.01907	0.02607	0.52462	0.05807	0.20993	0.01561	0.00848	0.00233	0.00358	0.04655	0.00749	0.00655
26	0.04939	0.01978	0.01747	0.01532	0.01955	0.17213	0.01194	0.11562	0.41105	0.05660	0.02284	0.02174	0.01711	0.00887	0.00694	0.00224	0.00750	0.00690	0.00641	0.01062
27	0.67317	0.01500	0.01185	0.03058	0.01562	0.06372	0.00865	0.02230	0.01329	0.07644	0.01130	0.01272	0.00853	0.00682	0.00481	0.00218	0.00616	0.00420	0.00462	0.00805

[dist]
# distance from previous block
# <min> <max>
0	1

[block]
# block no. 1 follows, 29 sequences, length 64
# corresponding to MSA columns:
# 65-128
name=unknown_B
#
# <colnr> <probs for GDERKNQSTAVLIFYWHMCP>
#	G	D	E	R	K	N	Q	S	T	A	V	L	I	F	Y	W	H	M	C	P
0	0.00950	0.00736	0.01065	0.01131	0.01203	0.00728	0.04061	0.01095	0.01354	0.01821	0.03589	0.64814	0.04262	0.04404	0.01067	0.00301	0.04335	0.01860	0.00620	0.00603
1	0.01530	0.01539	0.02370	0.15304	0.02617	0.02032	0.08128	0.01789	0.01210	0.01789	0.01046	0.01657	0.00952	0.01083	0.01887	0.00291	0.53014	0.00646	0.00317	0.00799
2	0.01652	0.01674	0.03607	0.22456	0.21802	0.08966	0.01742	0.03861	0.06099	0.02091	0.01527	0.06060	0.01332	0.01039	0.03530	0.00270	0.10286	0.00709	0.00391	0.00908
3	0.01984	0.58188	0.03356	0.01346	0.01885	0.05438	0.01270	0.08910	0.01632	0.01971	0.01063	0.01245	0.00946	0.00698	0.00664	0.00175	0.07517	0.00433	0.00350	0.00928
4	0.01516	0.01337	0.01667	0.01232	0.01818	0.01125	0.04452	0.01983	0.07193	0.02344	0.01396	0.01604	0.01145	0.00604	0.00651	0.00134	0.04218	0.00486	0.00439	0.64657
5	0.01074	0.00910	0.01452	0.01324	0.01548	0.00822	0.11566	0.01299	0.01429	0.01955	0.03195	0.53760	0.03672	0.01757	0.00851	0.00259	0.00555	0.01635	0.00583	0.10356
6	0.05665	0.01236	0.01570	0.01184	0.01757	0.01036	0.00968	0.02860	0.01819	0.45574	0.02226	0.02060	0.01489	0.00755	0.00643	0.00182	0.00578	0.00606	0.00712	0.27081
7	0.02457	0.01758	0.01925	0.01508	0.02014	0.01916	0.01233	0.52665	0.06055	0.07714	0.11229	0.02286	0.02040	0.00944	0.00731	0.00217	0.00703	0.00741	0.00732	0.01133
8	0.01771	0.01530	0.01610	0.01449	0.01852	0.01771	0.01127	0.03784	0.69247	0.02979	0.02898	0.02657	0.02174	0.00966	0.00725	0.00242	0.00564	0.00805	0.00725	0.01127
9	0.01726	0.01655	0.02825	0.10375	0.64814	0.01682	0.02167	0.02153	0.01604	0.02282	0.01333	0.01774	0.01112	0.00641	0.00706	0.00214	0.00855	0.00634	0.00349	0.01099
10	0.00868	0.00620	0.00826	0.00991	0.01033	0.00578	0.00661	0.00991	0.01363	0.01818	0.03925	0.74510	0.04710	0.02231	0.00909	0.00289	0.00413	0.02024	0.00661	0.00578
11	0.00845	0.00709	0.00734	0.00755	0.00971	0.00598	0.00556	0.01018	0.01591	0.01910	0.06805	0.15260	0.62101	0.01856	0.00850	0.00247	0.00367	0.01568	0.00661	0.00598
12	0.01441	0.03594	0.67887	0.02079	0.03114	0.01661	0.05940	0.02256	0.01512	0.02256	0.01286	0.01525	0.00911	0.00673	0.00685	0.00226	0.01060	0.00542	0.00304	0.01048
13	0.02707	0.01995	0.02137	0.01638	0.02208	0.02208	0.01353	0.68159	0.03348	0.04488	0.01710	0.01710	0.01211	0.00855	0.00712	0.00214	0.00784	0.00641	0.00712	0.01211
14	0.01017	0.00763	0.01144	0.01144	0.01272	0.00890	0.00890	0.01272	0.01144	0.01653	0.01907	0.02797	0.01780	0.05340	0.72153	0.01144	0.01907	0.00763	0.00381	0.00636
15	0.02989	0.01479	0.01810	0.01395	0.01947	0.01451	0.01150	0.24695	0.04632	0.47014	0.02451	0.02197	0.01595	0.00875	0.00715	0.00219	0.00663	0.00694	0.00821	0.01209
16	0.01631	0.01990	0.09389	0.02518	0.03108	0.05424	0.45618	0.02126	0.01562	0.02104	0.01447	0.02106	0.01202	0.08500	0.01244	0.00290	0.07700	0.00794	0.00358	0.00889
17	0.01110	0.00801	0.01099	0.01252	0.01414	0.00790	0.01077	0.01416	0.01622	0.02098	0.04018	0.11829	0.08724	0.01971	0.00969	0.00320	0.00621	0.57566	0.00656	0.00647
18	0.80005	0.01377	0.01047	0.00936	0.01377	0.01597	0.00771	0.02093	0.01212	0.03195	0.00991	0.01157	0.00771	0.00661	0.00441	0.00220	0.00551	0.00386	0.00441	0.00771
19	0.02389	0.05252	0.02043	0.01512	0.02016	0.02021	0.01249	0.51749	0.02858	0.03863	0.01836	0.01953	0.03582	0.02922	0.00854	0.00223	0.04591	0.00658	0.03416	0.05013
20	0.00981	0.00726	0.00923	0.00971	0.01102	0.00649	0.00666	0.01140	0.01412	0.01948	0.09879	0.51194	0.04206	0.08703	0.01103	0.00295	0.00447	0.01640	0.00619	0.11397
21	0.01629	0.13378	0.12532	0.09733	0.12557	0.01889	0.20056	0.02093	0.01501	0.02077	0.01244	0.01644	0.01004	0.00701	0.00884	0.00220	0.09679	0.00621	0.00336	0.06222
22	0.02607	0.01945	0.02081	0.01618	0.02170	0.02161	0.01329	0.61260	0.10410	0.04326	0.01837	0.01811	0.01314	0.00867	0.00714	0.00217	0.00760	0.00659	0.00714	0.01202
23	0.02757	0.01914	0.02087	0.01600	0.02168	0.02089	0.01322	0.61508	0.03213	0.11328	0.01823	0.01783	0.01268	0.00858	0.00713	0.00214	0.00765	0.00649	0.00730	0.01211
24	0.01428	0.01327	0.02149	0.50601	0.16136	0.01559	0.01865	0.02004	0.07259	0.02009	0.01574	0.06175	0.01305	0.00808	0.00723	0.00236	0.00866	0.00729	0.00378	0.00868
25	0.01056	0.00839	0.01168	0.05282	0.01458	0.00859	0.03413	0.04297	0.01502	0.02001	0.06061	0.51470	0.09757	0.01893	0.00961	0.00275	0.04758	0.01680	0.00616	0.00652
26	0.01051	0.00735	0.00947	0.00898	0.01076	0.00672	0.00672	0.01360	0.01947	0.04722	0.59329	0.09392	0.11490	0.01512	0.00840	0.00229	0.00350	0.01331	0.00770	0.00677
27	0.01036	0.00690	0.00777	0.00777	0.00777	0.00690	0.00431	0.01036	0.01036	0.01381	0.02244	0.04660	0.02589	0.74975	0.03624	0.00690	0.00690	0.01036	0.00431	0.00431
28	0.01546	0.16467	0.27673	0.11714	0.04794	0.04220	0.10647	0.02080	0.01485	0.02003	0.01310	0.01692	0.01042	0.01195	0.08879	0.00319	0.01103	0.00582	0.00324	0.00924
29	0.04275	0.01693	0.01707	0.01476	0.01885	0.07417	0.01166	0.12961	0.41421	0.08274	0.02400	0.02291	0.01786	0.00926	0.00782	0.00232	0.04353	0.00721	0.03156	0.01079
30	0.01068	0.00760	0.00926	0.00905	0.00924	0.00820	0.00576	0.01116	0.01055	0.01444	0.02105	0.04173	0.02357	0.59617	0.13771	0.00733	0.05782	0.00967	0.00416	0.00485
31	0.01562	0.01389	0.01811	0.01543	0.07953	0.01245	0.03447	0.04114	0.01512	0.02317	0.01252	0.01536	0.01052	0.00642	0.00790	0.00150	0.09872	0.00489	0.00409	0.56914
32	0.02218	0.02313	0.04520	0.05534	0.10242	0.29604	0.01450	0.13727	0.04692	0.05850	0.01516	0.01772	0.01204	0.01389	0.10502	0.00332	0.01145	0.00590	0.00462	0.00939
33	0.01477	0.01266	0.01477	0.01055	0.01687	0.00949	0.00844	0.01793	0.01477	0.02320	0.01266	0.01477	0.01055	0.00527	0.00527	0.00105	0.00527	0.00422	0.00422	0.79328
34	0.01904	0.75404	0.03731	0.01218	0.01828	0.02818	0.01218	0.02132	0.01447	0.01675	0.00990	0.01142	0.00914	0.00609	0.00457	0.00152	0.00761	0.00381	0.00305	0.00914
35	0.02654	0.01922	0.02080	0.01590	0.02163	0.02090	0.01312	0.61786	0.03188	0.06934	0.01726	0.01724	0.01223	0.00837	0.00702	0.00208	0.00762	0.00631	0.00702	0.05768
36	0.01036	0.00690	0.00777	0.00777	0.00777	0.00690	0.00431	0.01036	0.01036	0.01381	0.02244	0.04660	0.02589	0.74975	0.03624	0.00690	0.00690	0.01036	0.00431	0.00431
37	0.01147	0.00820	0.01147	0.01311	0.01475	0.00820	0.01147	0.01475	0.01639	0.02131	0.03770	0.08032	0.04098	0.01967	0.00984	0.00328	0.00656	0.65741	0.00656	0.00656
38	0.01171	0.00654	0.00949	0.00949	0.00973	0.00678	0.00646	0.01005	0.00982	0.01333	0.01488	0.02593	0.01507	0.12020	0.15885	0.54876	0.00869	0.00697	0.00338	0.00386
39	0.72132	0.01384	0.01123	0.00982	0.01434	0.01576	0.00809	0.04203	0.01336	0.08110	0.01144	0.01265	0.00856	0.00683	0.00469	0.00220	0.00562	0.00417	0.00481	0.00816
40	0.01008	0.00728	0.00952	0.00896	0.01064	0.00672	0.00672	0.01344	0.02016	0.02855	0.70158	0.05319	0.06719	0.01456	0.00840	0.00224	0.00336	0.01288	0.00784	0.00672
41	0.00864	0.00634	0.00811	0.00953	0.01023	0.00582	0.00644	0.00996	0.01400	0.01833	0.04390	0.64936	0.13984	0.02170	0.00899	0.00282	0.00406	0.01950	0.00661	0.00582
42	0.00855	0.00720	0.00743	0.00757	0.00985	0.00609	0.00570	0.01038	0.01611	0.01927	0.06926	0.10072	0.64613	0.01830	0.00850	0.00246	0.00375	0.04011	0.00661	0.00602
43	0.01762	0.01692	0.02890	0.04371	0.70533	0.01692	0.02185	0.02185	0.01621	0.02326	0.01339	0.01762	0.01128	0.00634	0.00705	0.00211	0.00846	0.00634	0.00352	0.01128
44	0.01393	0.00756	0.00806	0.04334	0.01098	0.00782	0.00612	0.04787	0.01577	0.02699	0.02241	0.02573	0.01753	0.00825	0.00519	0.00172	0.00384	0.00661	0.71334	0.00696
45	0.01531	0.01442	0.01604	0.01454	0.01590	0.11144	0.01147	0.05589	0.01397	0.01894	0.01586	0.04994	0.01515	0.06818	0.24915	0.00576	0.24978	0.00728	0.04369	0.00730
46	0.01099	0.00739	0.00973	0.00959	0.01125	0.00683	0.00721	0.01388	0.01857	0.06037	0.47755	0.18058	0.07766	0.01617	0.00857	0.00244	0.00389	0.06302	0.00753	0.00679
47	0.01229	0.00657	0.00997	0.04333	0.01134	0.00679	0.00698	0.00990	0.00964	0.01288	0.01277	0.02189	0.01255	0.02558	0.06733	0.71016	0.00709	0.00628	0.00314	0.00351
48	0.04866	0.02170	0.01790	0.01550	0.01889	0.27887	0.01218	0.20275	0.02108	0.02632	0.01469	0.01739	0.01188	0.01324	0.08528	0.00308	0.08440	0.00578	0.09157	0.00886
49	0.19789	0.01990	0.01959	0.09461	0.02274	0.20930	0.05796	0.03838	0.01503	0.02170	0.01128	0.01564	0.00968	0.03393	0.01167	0.00253	0.20086	0.00554	0.00374	0.00802
50	0.01119	0.00806	0.01002	0.01021	0.01086	0.00862	0.00707	0.04541	0.01344	0.01878	0.02827	0.34636	0.03201	0.23571	0.04554	0.00429	0.07355	0.01370	0.07098	0.00595
51	0.01022	0.00683	0.00797	0.00820	0.00837	0.00683	0.00487	0.01063	0.01103	0.01500	0.02465	0.14252	0.02820	0.58931	0.06349	0.00637	0.00696	0.01148	0.03239	0.00470
52	0.06732	0.13922	0.11390	0.13239	0.03103	0.04189	0.24614	0.02224	0.04895	0.02146	0.01319	0.01683	0.01031	0.00698	0.00801	0.00225	0.05876	0.00637	0.00357	0.00917
53	0.05655	0.09334	0.39728	0.01918	0.02720	0.01761	0.10251	0.02392	0.05250	0.07933	0.01453	0.01648	0.01061	0.00726	0.00768	0.00226	0.05192	0.00582	0.00387	0.01016
54	0.02564	0.01230	0.01562	0.01244	0.01704	0.01163	0.01010	0.12652	0.04888	0.42754	0.18106	0.02991	0.02834	0.01013	0.00744	0.00221	0.00569	0.00840	0.00828	0.01084
55	0.00885	0.00723	0.00781	0.00767	0.00988	0.00619	0.00575	0.01105	0.01725	0.02165	0.23507	0.06456	0.53800	0.01713	0.00841	0.00236	0.00354	0.01447	0.00693	0.00619
56	0.01945	0.11658	0.01855	0.01301	0.01665	0.05199	0.01031	0.30688	0.02240	0.02923	0.05047	0.11751	0.02130	0.15899	0.01289	0.00310	0.00719	0.00883	0.00579	0.00889
57	0.00874	0.00625	0.00832	0.00987	0.01034	0.00583	0.00661	0.01007	0.01393	0.01864	0.06899	0.71404	0.04800	0.02196	0.00906	0.00286	0.00410	0.01991	0.00667	0.00583
58	0.01017	0.00763	0.01144	0.01144	0.01272	0.00890	0.00890	0.01272	0.01144	0.01653	0.01907	0.02797	0.01780	0.05340	0.72153	0.01144	0.01907	0.00763	0.00381	0.00636
59	0.01850	0.04969	0.02243	0.05468	0.02198	0.22897	0.06258	0.02069	0.01452	0.01768	0.01183	0.03878	0.01102	0.01230	0.05007	0.00299	0.34353	0.00632	0.00346	0.00798
60	0.01799	0.05520	0.14008	0.14897	0.11864	0.11936	0.08791	0.06283	0.07276	0.02236	0.01392	0.01716	0.01088	0.00759	0.00842	0.00226	0.07405	0.00615	0.00387	0.00959
61	0.01200	0.00950	0.01226	0.01335	0.01475	0.03465	0.01125	0.01479	0.01566	0.02037	0.03445	0.16355	0.03788	0.01895	0.01081	0.00316	0.07098	0.48886	0.00616	0.00662
62	0.00925	0.00689	0.00857	0.00917	0.01047	0.00629	0.00662	0.01131	0.01615	0.02141	0.23180	0.32865	0.20397	0.04065	0.00960	0.00274	0.00404	0.05943	0.00688	0.00611
63	0.05750	0.01449	0.04986	0.07936	0.06149	0.01575	0.05799	0.12113	0.01641	0.02460	0.01584	0.04021	0.01347	0.01571	0.11489	0.00371	0.16686	0.00691	0.11532	0.00849

[dist]
# distance from previous block
# <min> <max>
0	3

[block]
# block no. 2 follows, 29 sequences, length 21
# corresponding to MSA columns:
# 132-152
name=unknown_C
#
# <colnr> <probs for GDERKNQSTAVLIFYWHMCP>
#	G	D	E	R	K	N	Q	S	T	A	V	L	I	F	Y	W	H	M	C	P
0	0.01714	0.07054	0.17244	0.06070	0.09209	0.10159	0.14649	0.02147	0.01491	0.02002	0.01184	0.01595	0.00972	0.00814	0.01138	0.00241	0.20458	0.00611	0.00329	0.00919
1	0.01469	0.01404	0.05555	0.05012	0.08696	0.01285	0.21363	0.01957	0.06744	0.05732	0.05025	0.16061	0.02336	0.12607	0.01246	0.00314	0.00807	0.01058	0.00495	0.00834
2	0.01617	0.01270	0.01548	0.01535	0.08164	0.01324	0.03057	0.06258	0.27944	0.08053	0.07381	0.06572	0.19861	0.01203	0.00769	0.00236	0.00555	0.01028	0.00674	0.00952
3	0.01608	0.02185	0.19240	0.05729	0.03147	0.01702	0.32908	0.04932	0.04545	0.02329	0.01484	0.03597	0.01164	0.00727	0.00860	0.00231	0.05709	0.00731	0.00383	0.06789
4	0.01447	0.04041	0.01261	0.01119	0.01406	0.09956	0.00879	0.01921	0.11196	0.06586	0.10188	0.08629	0.27880	0.01458	0.00798	0.00241	0.00573	0.09012	0.00643	0.00766
5	0.02399	0.02070	0.01827	0.01510	0.01953	0.18385	0.01201	0.37027	0.07662	0.03427	0.01756	0.01836	0.01315	0.00830	0.00661	0.00201	0.00811	0.00614	0.13490	0.01024
6	0.02003	0.05098	0.09082	0.15113	0.10703	0.11108	0.01616	0.21282	0.06934	0.02731	0.01551	0.01908	0.01229	0.05535	0.00876	0.00245	0.00892	0.00630	0.00476	0.00989
7	0.01034	0.00695	0.00800	0.00800	0.00808	0.00703	0.00461	0.01051	0.01043	0.01398	0.02222	0.04540	0.02537	0.70495	0.08033	0.00720	0.00769	0.01018	0.00428	0.00445
8	0.00939	0.00762	0.00839	0.00838	0.01049	0.00688	0.00621	0.01262	0.06022	0.02170	0.19483	0.14761	0.44557	0.01732	0.00842	0.00243	0.00375	0.01479	0.00691	0.00647
9	0.01028	0.00721	0.00931	0.00931	0.00984	0.00774	0.00623	0.01134	0.01081	0.01495	0.02103	0.03880	0.02250	0.45826	0.32310	0.00880	0.01200	0.00921	0.00411	0.00517
10	0.01586	0.01330	0.01535	0.01107	0.01734	0.01061	0.00889	0.07699	0.01643	0.02513	0.01305	0.01497	0.01069	0.00556	0.00544	0.00115	0.00550	0.00441	0.00448	0.72376
11	0.02707	0.01995	0.02137	0.01638	0.02208	0.02208	0.01353	0.68159	0.03348	0.04488	0.01710	0.01710	0.01211	0.00855	0.00712	0.00214	0.00784	0.00641	0.00712	0.01211
12	0.01016	0.00750	0.00953	0.00906	0.01082	0.00700	0.00677	0.01388	0.04205	0.02753	0.60846	0.08102	0.10950	0.01495	0.00839	0.00228	0.00348	0.01316	0.00768	0.00678
13	0.00866	0.00625	0.00821	0.00977	0.01029	0.00580	0.00655	0.00993	0.01377	0.01823	0.04101	0.70874	0.08232	0.02208	0.00905	0.00287	0.00410	0.01996	0.00661	0.00580
14	0.04252	0.01327	0.02198	0.61325	0.13652	0.01597	0.01962	0.01879	0.01443	0.01938	0.01266	0.01853	0.00967	0.00700	0.00701	0.00233	0.00921	0.00624	0.00326	0.00836
15	0.03195	0.01212	0.01652	0.01267	0.01818	0.01047	0.01047	0.03470	0.02038	0.71026	0.02809	0.02424	0.01763	0.00881	0.00716	0.00220	0.00606	0.00716	0.00881	0.01212
16	0.01297	0.00701	0.00753	0.00730	0.00919	0.00673	0.00551	0.01610	0.01610	0.05261	0.13444	0.03522	0.10112	0.01036	0.00597	0.00185	0.00346	0.00855	0.55117	0.00679
17	0.02808	0.01833	0.02037	0.01562	0.02127	0.01968	0.01290	0.54785	0.03077	0.18244	0.01937	0.01857	0.01325	0.00860	0.00713	0.00215	0.00747	0.00657	0.00747	0.01211
18	0.55581	0.01335	0.01218	0.01032	0.01492	0.01457	0.00849	0.05239	0.01507	0.18941	0.01499	0.01537	0.01064	0.00727	0.00519	0.00218	0.00564	0.00485	0.03848	0.00888
19	0.01335	0.00969	0.01097	0.00995	0.01196	0.00990	0.00722	0.13606	0.03890	0.02473	0.17674	0.07375	0.12913	0.24166	0.04605	0.00407	0.00606	0.01096	0.03190	0.00696
20	0.64716	0.01394	0.01259	0.11292	0.01924	0.01627	0.00974	0.05530	0.01354	0.03067	0.01068	0.01292	0.00820	0.00678	0.00494	0.00222	0.00620	0.00434	0.00437	0.00797

[dist]
# distance from previous block
# <min> <max>
0	1

[block]
# block no. 3 follows, 29 sequences, length 80
# corresponding to MSA columns:
# 154-233
name=unknown_D
#
# <colnr> <probs for GDERKNQSTAVLIFYWHMCP>
#	G	D	E	R	K	N	Q	S	T	A	V	L	I	F	Y	W	H	M	C	P
0	0.01874	0.55907	0.06345	0.03414	0.01989	0.08214	0.01335	0.02126	0.01456	0.01713	0.01040	0.01273	0.00940	0.00811	0.02636	0.00202	0.07091	0.00432	0.00313	0.00890
1	0.00868	0.00620	0.00826	0.00991	0.01033	0.00578	0.00661	0.00991	0.01363	0.01818	0.03925	0.74510	0.04710	0.02231	0.00909	0.00289	0.00413	0.02024	0.00661	0.00578
2	0.43875	0.07009	0.01401	0.03352	0.01574	0.03740	0.00912	0.08508	0.01620	0.02973	0.11003	0.02341	0.04877	0.00893	0.00578	0.00220	0.00592	0.03214	0.00517	0.00802
3	0.01188	0.00849	0.01025	0.00975	0.01199	0.00808	0.00750	0.04189	0.06162	0.05781	0.35278	0.10662	0.20526	0.01552	0.00838	0.00241	0.00416	0.06103	0.00734	0.00723
4	0.80005	0.01377	0.01047	0.00936	0.01377	0.01597	0.00771	0.02093	0.01212	0.03195	0.00991	0.01157	0.00771	0.00661	0.00441	0.00220	0.00551	0.00386	0.00441	0.00771
5	0.14098	0.02128	0.23062	0.23443	0.07021	0.01624	0.11771	0.02144	0.01486	0.04864	0.01313	0.01677	0.00966	0.00679	0.00677	0.00229	0.00935	0.00595	0.00361	0.00925
6	0.01688	0.01646	0.04846	0.03592	0.52101	0.01609	0.01954	0.02320	0.10391	0.02388	0.01795	0.02528	0.01568	0.00819	0.00736	0.00228	0.00796	0.07488	0.00431	0.01076
7	0.00993	0.00721	0.00935	0.00895	0.01058	0.00663	0.00666	0.01309	0.01959	0.02755	0.63584	0.09775	0.08976	0.01518	0.00844	0.00229	0.00342	0.01343	0.00771	0.00663
8	0.01558	0.01558	0.02181	0.01869	0.01869	0.02181	0.01558	0.01714	0.01091	0.01714	0.00935	0.01558	0.00935	0.01246	0.02337	0.00312	0.73672	0.00623	0.00312	0.00779
9	0.73513	0.01363	0.01098	0.00964	0.01414	0.01551	0.00794	0.02210	0.01282	0.08928	0.01145	0.01264	0.00855	0.00680	0.00464	0.00220	0.00555	0.00414	0.00478	0.00808
10	0.01417	0.01322	0.02135	0.61117	0.09169	0.01609	0.01905	0.02046	0.08372	0.01973	0.01438	0.01966	0.01087	0.00732	0.00713	0.00236	0.00903	0.00651	0.00361	0.00849
11	0.00861	0.00722	0.00749	0.00742	0.00974	0.00610	0.00557	0.01060	0.01670	0.02034	0.14680	0.06671	0.62709	0.01762	0.00841	0.00238	0.00358	0.01477	0.00676	0.00610
12	0.00892	0.00699	0.00808	0.00832	0.01006	0.00615	0.00604	0.01102	0.01668	0.02150	0.23415	0.22277	0.37775	0.01810	0.00857	0.00247	0.00366	0.01567	0.00694	0.00615
13	0.01731	0.01660	0.02834	0.09494	0.65653	0.01684	0.02170	0.02158	0.01607	0.02289	0.01334	0.01772	0.01115	0.00640	0.00705	0.00213	0.00854	0.00634	0.00350	0.01103
14	0.04153	0.01291	0.01319	0.01111	0.01445	0.03162	0.00881	0.28245	0.02212	0.03301	0.01991	0.02273	0.01551	0.03576	0.03110	0.00238	0.00609	0.00658	0.37993	0.00881
15	0.80005	0.01377	0.01047	0.00936	0.01377	0.01597	0.00771	0.02093	0.01212	0.03195	0.00991	0.01157	0.00771	0.00661	0.00441	0.00220	0.00551	0.00386	0.00441	0.00771
16	0.00992	0.00683	0.00832	0.00860	0.00902	0.00671	0.00542	0.01084	0.01268	0.01722	0.13208	0.20566	0.03680	0.43865	0.05617	0.00547	0.00626	0.01288	0.00536	0.00511
17	0.09875	0.39374	0.22153	0.01500	0.02206	0.02229	0.04865	0.04294	0.01513	0.02146	0.01158	0.01349	0.00942	0.00648	0.00545	0.00187	0.00830	0.00462	0.02784	0.00942
18	0.10755	0.10105	0.09018	0.01565	0.06617	0.04254	0.01282	0.19654	0.04353	0.05430	0.04233	0.05480	0.03878	0.06911	0.00909	0.00256	0.00734	0.03090	0.00536	0.00941
19	0.01904	0.75404	0.03731	0.01218	0.01828	0.02818	0.01218	0.02132	0.01447	0.01675	0.00990	0.01142	0.00914	0.00609	0.00457	0.00152	0.00761	0.00381	0.00305	0.00914
20	0.02076	0.12692	0.01982	0.03632	0.01859	0.01593	0.01119	0.12662	0.03853	0.17611	0.03933	0.05529	0.01619	0.00892	0.00822	0.00201	0.08520	0.00672	0.04056	0.14680
21	0.00983	0.00724	0.00901	0.00858	0.01024	0.00662	0.00632	0.01267	0.01874	0.02587	0.54557	0.05516	0.16699	0.07343	0.01061	0.00264	0.00368	0.01303	0.00736	0.00641
22	0.00983	0.00741	0.00836	0.00802	0.01028	0.00642	0.00605	0.01222	0.01777	0.04670	0.29435	0.06153	0.45269	0.01648	0.00837	0.00234	0.00360	0.01399	0.00713	0.00648
23	0.12319	0.02788	0.40973	0.01970	0.02776	0.04166	0.14441	0.02171	0.01525	0.02369	0.03528	0.05074	0.01278	0.00759	0.00689	0.00229	0.00967	0.00657	0.00366	0.00954
24	0.01843	0.01565	0.01650	0.01464	0.01879	0.01805	0.01144	0.08703	0.64212	0.03094	0.02807	0.02584	0.02100	0.00958	0.00724	0.00239	0.00580	0.00793	0.00724	0.01133
25	0.02805	0.01838	0.02040	0.01564	0.02130	0.01975	0.01292	0.55191	0.03085	0.17826	0.01930	0.01853	0.01322	0.00860	0.00713	0.00215	0.00748	0.00656	0.00746	0.01211
26	0.00867	0.00624	0.00822	0.00981	0.01030	0.00579	0.00656	0.00993	0.01374	0.01822	0.04057	0.71793	0.07341	0.02214	0.00906	0.00287	0.00411	0.02003	0.00661	0.00579
27	0.00893	0.00626	0.00825	0.00973	0.01025	0.00586	0.00654	0.01036	0.01398	0.01900	0.06799	0.68361	0.04675	0.02136	0.00888	0.00281	0.00406	0.01933	0.04016	0.00586
28	0.12265	0.01524	0.01521	0.01241	0.01665	0.04568	0.01004	0.32402	0.02371	0.08695	0.01855	0.01953	0.01365	0.00819	0.00611	0.00200	0.00628	0.00613	0.23721	0.00977
29	0.01135	0.00822	0.01122	0.01265	0.01424	0.00825	0.01073	0.01507	0.04336	0.02155	0.06178	0.15370	0.04187	0.01939	0.00959	0.00316	0.00612	0.53444	0.00664	0.00666
30	0.01017	0.00763	0.01144	0.01144	0.01272	0.00890	0.00890	0.01272	0.01144	0.01653	0.01907	0.02797	0.01780	0.05340	0.72153	0.01144	0.01907	0.00763	0.00381	0.00636
31	0.80005	0.01377	0.01047	0.00936	0.01377	0.01597	0.00771	0.02093	0.01212	0.03195	0.00991	0.01157	0.00771	0.00661	0.00441	0.00220	0.00551	0.00386	0.00441	0.00771
32	0.01495	0.08128	0.57352	0.02114	0.03090	0.01751	0.11799	0.02251	0.01525	0.02221	0.01282	0.01539	0.00928	0.00661	0.00685	0.00223	0.01054	0.00561	0.00309	0.01030
33	0.01308	0.01016	0.01145	0.01183	0.01371	0.03984	0.00888	0.01912	0.17186	0.05077	0.03547	0.34545	0.06101	0.04675	0.00966	0.00292	0.00546	0.12843	0.00662	0.00752
34	0.63251	0.04190	0.01248	0.03201	0.01536	0.01634	0.00856	0.07511	0.01421	0.03167	0.01144	0.01320	0.00885	0.00687	0.00476	0.00214	0.00576	0.00432	0.05443	0.00807
35	0.01532	0.01144	0.01086	0.04197	0.01336	0.10927	0.00792	0.04800	0.01524	0.02239	0.01857	0.02322	0.01532	0.01583	0.09072	0.12630	0.00740	0.00636	0.39391	0.00659
36	0.01010	0.00764	0.00950	0.01061	0.01168	0.00762	0.00745	0.01418	0.11228	0.02003	0.03893	0.58707	0.06776	0.02020	0.00883	0.00282	0.00443	0.04555	0.00670	0.00662
37	0.07879	0.15219	0.05254	0.11063	0.02330	0.07147	0.01342	0.24328	0.02165	0.04746	0.07355	0.01924	0.01567	0.00992	0.03513	0.00243	0.00835	0.00618	0.00518	0.00962
38	0.01819	0.39185	0.02646	0.01309	0.01730	0.12742	0.01154	0.04430	0.01528	0.01840	0.01293	0.01626	0.01155	0.01649	0.15314	0.00371	0.04163	0.00507	0.04707	0.00835
39	0.03195	0.01212	0.01652	0.01267	0.01818	0.01047	0.01047	0.03470	0.02038	0.71026	0.02809	0.02424	0.01763	0.00881	0.00716	0.00220	0.00606	0.00716	0.00881	0.01212
40	0.05102	0.01641	0.11922	0.48509	0.12283	0.01570	0.01980	0.01932	0.01452	0.02041	0.01306	0.01821	0.00991	0.00700	0.00685	0.00229	0.00908	0.00608	0.03460	0.00863
41	0.01840	0.01775	0.02859	0.04103	0.62733	0.04283	0.04001	0.05492	0.01723	0.02411	0.01352	0.01747	0.01123	0.00648	0.00707	0.00211	0.00869	0.00634	0.00371	0.01116
42	0.01091	0.00747	0.00979	0.00940	0.01118	0.00690	0.00716	0.01406	0.01938	0.05430	0.56651	0.09450	0.08436	0.01527	0.00849	0.00236	0.00375	0.05970	0.00767	0.00684
43	0.01036	0.00690	0.00777	0.00777	0.00777	0.00690	0.00431	0.01036	0.01036	0.01381	0.02244	0.04660	0.02589	0.74975	0.03624	0.00690	0.00690	0.01036	0.00431	0.00431
44	0.01853	0.69553	0.07011	0.01256	0.01873	0.02701	0.01279	0.02112	0.01440	0.01703	0.01032	0.01211	0.00940	0.00757	0.02662	0.00186	0.00811	0.00400	0.00307	0.00912
45	0.22146	0.06209	0.32050	0.01687	0.05042	0.06277	0.01748	0.02447	0.06746	0.07357	0.01414	0.01546	0.01038	0.00708	0.00610	0.00218	0.00845	0.00517	0.00418	0.00978
46	0.01134	0.00810	0.01131	0.01295	0.01453	0.00808	0.01123	0.01451	0.01625	0.02115	0.03778	0.11337	0.04128	0.01980	0.00980	0.00326	0.00644	0.62572	0.00656	0.00652
47	0.01986	0.01577	0.01782	0.01395	0.01875	0.01652	0.01130	0.28345	0.09165	0.03165	0.01639	0.01837	0.01292	0.03112	0.00915	0.00205	0.08627	0.00598	0.03100	0.26602
48	0.04895	0.01146	0.06120	0.01334	0.06160	0.00983	0.03066	0.04245	0.04123	0.02635	0.35131	0.07175	0.13650	0.01348	0.00803	0.00235	0.00509	0.05018	0.00657	0.00766
49	0.01383	0.01305	0.02206	0.66876	0.10989	0.01592	0.01997	0.01853	0.01442	0.01866	0.01272	0.01886	0.00966	0.00705	0.00711	0.00235	0.00940	0.00633	0.00320	0.00822
50	0.01904	0.75404	0.03731	0.01218	0.01828	0.02818	0.01218	0.02132	0.01447	0.01675	0.00990	0.01142	0.00914	0.00609	0.00457	0.00152	0.00761	0.00381	0.00305	0.00914
51	0.01029	0.00699	0.00909	0.00944	0.01076	0.00641	0.00674	0.01254	0.01690	0.05343	0.32340	0.36999	0.10100	0.01810	0.00866	0.00255	0.00385	0.01615	0.00723	0.00648
52	0.01008	0.00728	0.00952	0.00896	0.01064	0.00672	0.00672	0.01344	0.02016	0.02855	0.70158	0.05319	0.06719	0.01456	0.00840	0.00224	0.00336	0.01288	0.00784	0.00672
53	0.02571	0.01684	0.01889	0.01492	0.01994	0.01798	0.01213	0.48198	0.02867	0.16249	0.02180	0.10737	0.01739	0.01028	0.00737	0.00224	0.00706	0.00824	0.00737	0.01134
54	0.01237	0.00618	0.00928	0.00928	0.00928	0.00618	0.00618	0.00928	0.00928	0.01237	0.01237	0.02165	0.01237	0.02474	0.02783	0.79283	0.00618	0.00618	0.00309	0.00309
55	0.02707	0.01995	0.02137	0.01638	0.02208	0.02208	0.01353	0.68159	0.03348	0.04488	0.01710	0.01710	0.01211	0.00855	0.00712	0.00214	0.00784	0.00641	0.00712	0.01211
56	0.02574	0.01929	0.02062	0.01612	0.02158	0.02146	0.01321	0.59032	0.12691	0.04274	0.01878	0.01844	0.01347	0.00871	0.00714	0.00218	0.00752	0.00664	0.00714	0.01199
57	0.00892	0.00717	0.00802	0.00833	0.01030	0.00626	0.00628	0.01097	0.01634	0.02038	0.13916	0.16369	0.47468	0.01837	0.00864	0.00253	0.00392	0.07318	0.00675	0.00611
58	0.00893	0.00719	0.00795	0.00785	0.00995	0.00621	0.00585	0.01117	0.01731	0.02200	0.26010	0.09103	0.48515	0.01716	0.00844	0.00237	0.00355	0.01459	0.00698	0.00621
59	0.02506	0.01713	0.01899	0.01506	0.01999	0.01848	0.01222	0.51375	0.02921	0.11735	0.02145	0.11953	0.01762	0.01050	0.00740	0.00225	0.00712	0.00843	0.00725	0.01123
60	0.02274	0.01666	0.01719	0.01393	0.01835	0.04553	0.01134	0.44357	0.05423	0.03782	0.01966	0.02224	0.01507	0.00896	0.00671	0.00207	0.00682	0.03422	0.19248	0.01039
61	0.01222	0.00859	0.01186	0.01136	0.01261	0.01007	0.00886	0.01465	0.01237	0.04375	0.01964	0.04862	0.01798	0.06477	0.42040	0.00774	0.10978	0.00774	0.15028	0.00671
62	0.01059	0.00729	0.00937	0.00906	0.01069	0.00668	0.00665	0.01338	0.01856	0.05141	0.50949	0.15105	0.10686	0.04522	0.00957	0.00253	0.00373	0.01376	0.00747	0.00664
63	0.01530	0.16597	0.35921	0.16109	0.03214	0.01895	0.08042	0.02126	0.01476	0.02039	0.01222	0.01553	0.00931	0.00687	0.00723	0.00219	0.03901	0.00552	0.00310	0.00955
64	0.02603	0.03277	0.01960	0.01784	0.02143	0.69059	0.01338	0.02793	0.01995	0.01782	0.01153	0.01343	0.00956	0.00738	0.00636	0.00183	0.01243	0.00467	0.03729	0.00819
65	0.74280	0.01381	0.01081	0.00958	0.01396	0.01595	0.00788	0.04897	0.01312	0.03233	0.01063	0.01227	0.00822	0.00674	0.00454	0.00218	0.00554	0.00405	0.02875	0.00787
66	0.01534	0.12095	0.33210	0.07581	0.10661	0.01765	0.13852	0.02135	0.01555	0.02168	0.03615	0.01882	0.03392	0.00713	0.00693	0.00218	0.00965	0.00639	0.00346	0.00981
67	0.06399	0.01189	0.04791	0.01122	0.01555	0.00990	0.00944	0.04404	0.01871	0.24066	0.24352	0.03250	0.05647	0.01168	0.03028	0.00235	0.00564	0.00856	0.00695	0.12876
68	0.01993	0.01869	0.04220	0.10349	0.07184	0.11375	0.06340	0.24957	0.04808	0.02950	0.07619	0.06505	0.04758	0.00957	0.00739	0.00222	0.00831	0.00803	0.00555	0.00967
69	0.05159	0.03317	0.58608	0.02195	0.07072	0.01665	0.07679	0.02245	0.01511	0.02305	0.01281	0.01536	0.00923	0.00667	0.00680	0.00226	0.01028	0.00551	0.00315	0.01036
70	0.69115	0.01354	0.01132	0.00983	0.01440	0.01519	0.00810	0.02288	0.01329	0.12812	0.01249	0.01336	0.00912	0.00692	0.00480	0.00220	0.00559	0.00432	0.00503	0.00834
71	0.00875	0.00625	0.00832	0.00987	0.01034	0.00583	0.00662	0.01009	0.01396	0.01869	0.07218	0.71070	0.04809	0.02192	0.00905	0.00286	0.00409	0.01988	0.00667	0.00583
72	0.10758	0.15128	0.31292	0.11981	0.08377	0.01778	0.01911	0.02088	0.01491	0.02248	0.05659	0.01725	0.01291	0.00715	0.00629	0.00213	0.00865	0.00558	0.00356	0.00940
73	0.01122	0.00782	0.01035	0.01125	0.01300	0.00745	0.00928	0.01401	0.01666	0.04671	0.12973	0.15757	0.14454	0.01869	0.00924	0.00292	0.00536	0.37079	0.00682	0.00660
74	0.01023	0.00685	0.00780	0.00793	0.00796	0.00682	0.00449	0.01032	0.01060	0.01413	0.02369	0.09854	0.02746	0.69566	0.03422	0.00661	0.00670	0.01109	0.00449	0.00442
75	0.11509	0.01480	0.04094	0.39199	0.13167	0.01712	0.01787	0.04549	0.01456	0.02170	0.01212	0.01717	0.00959	0.00775	0.00907	0.00241	0.11255	0.00597	0.00352	0.00859
76	0.10836	0.05954	0.10983	0.04034	0.01860	0.08107	0.03828	0.09740	0.01662	0.02432	0.01824	0.12802	0.01684	0.01125	0.00853	0.07703	0.00722	0.00782	0.12273	0.00794
77	0.01085	0.00775	0.01076	0.01241	0.01377	0.00766	0.01040	0.01368	0.01578	0.02062	0.03804	0.22757	0.04233	0.02025	0.00967	0.00319	0.00602	0.51628	0.00657	0.00639
78	0.00989	0.00722	0.00929	0.00888	0.01055	0.00662	0.00662	0.01304	0.01957	0.02740	0.62537	0.08679	0.11175	0.01517	0.00843	0.00228	0.00341	0.01338	0.00769	0.00662
79	0.11423	0.09820	0.02003	0.08593	0.11668	0.01726	0.01289	0.20147	0.04818	0.02805	0.01821	0.11551	0.01670	0.03901	0.03498	0.00274	0.00757	0.00790	0.00515	0.00932

[dist]
# distance from previous block
# <min> <max>
0	1

[block]
# block no. 4 follows, 29 sequences, length 41
# corresponding to MSA columns:
# 235-275
name=unknown_E
#
# <colnr> <probs for GDERKNQSTAVLIFYWHMCP>
#	G	D	E	R	K	N	Q	S	T	A	V	L	I	F	Y	W	H	M	C	P
0	0.01567	0.17770	0.47085	0.02073	0.05464	0.01906	0.10187	0.02231	0.01518	0.02145	0.01242	0.01491	0.00934	0.00652	0.00653	0.00212	0.01004	0.00539	0.00311	0.01016
1	0.70603	0.05190	0.01243	0.03317	0.01531	0.01640	0.00844	0.02137	0.01261	0.05551	0.01067	0.01226	0.00821	0.00668	0.00460	0.00217	0.00577	0.00405	0.00446	0.00795
2	0.05305	0.00816	0.00973	0.00915	0.01089	0.00811	0.00688	0.01309	0.01736	0.02456	0.41316	0.05139	0.20540	0.07499	0.01150	0.00272	0.05440	0.01223	0.00675	0.00648
3	0.01413	0.03214	0.58072	0.10035	0.05618	0.01605	0.02458	0.02165	0.01521	0.02235	0.04240	0.01721	0.01166	0.00712	0.00689	0.00226	0.01003	0.00575	0.00325	0.01009
4	0.01325	0.01104	0.01285	0.01015	0.01492	0.00878	0.00787	0.03528	0.01552	0.02276	0.04673	0.13167	0.10700	0.00985	0.00640	0.00157	0.00490	0.00834	0.00509	0.52604
5	0.01904	0.75404	0.03731	0.01218	0.01828	0.02818	0.01218	0.02132	0.01447	0.01675	0.00990	0.01142	0.00914	0.00609	0.00457	0.00152	0.00761	0.00381	0.00305	0.00914
6	0.02537	0.01707	0.01908	0.01496	0.01991	0.01848	0.01219	0.50015	0.02847	0.12801	0.01872	0.02010	0.01377	0.04115	0.05827	0.03133	0.00828	0.00674	0.00686	0.01109
7	0.01000	0.00728	0.00941	0.00888	0.01059	0.00669	0.00666	0.01329	0.01998	0.02813	0.67279	0.05389	0.09624	0.01472	0.00840	0.00225	0.00337	0.01298	0.00778	0.00669
8	0.01835	0.01384	0.01517	0.01356	0.01743	0.01537	0.01054	0.03408	0.52568	0.11195	0.05126	0.06786	0.05173	0.01073	0.00742	0.00241	0.00545	0.00903	0.00739	0.01073
9	0.01068	0.00763	0.01054	0.01206	0.01339	0.00749	0.00996	0.01344	0.01589	0.02090	0.07420	0.25001	0.04398	0.02007	0.00956	0.00312	0.00576	0.45830	0.00664	0.00637
10	0.00863	0.00638	0.00808	0.00944	0.01020	0.00582	0.00640	0.00997	0.01409	0.01836	0.04502	0.62642	0.16206	0.02156	0.00897	0.00281	0.00404	0.01933	0.00661	0.00582
11	0.14675	0.01873	0.01939	0.01519	0.02060	0.02089	0.01251	0.54386	0.06599	0.04205	0.01663	0.01675	0.01195	0.00831	0.00671	0.00216	0.00735	0.00610	0.00671	0.01138
12	0.01245	0.00782	0.00999	0.00919	0.01140	0.00704	0.00698	0.01543	0.01935	0.11018	0.50026	0.07889	0.15429	0.01467	0.00828	0.00228	0.00376	0.01278	0.00773	0.00724
13	0.02406	0.01088	0.01433	0.01167	0.01588	0.00989	0.00938	0.02840	0.07443	0.44538	0.23572	0.03335	0.03323	0.01065	0.00755	0.00223	0.00519	0.00899	0.00839	0.01039
14	0.05497	0.03492	0.64922	0.02013	0.03020	0.01657	0.05199	0.02248	0.01496	0.02305	0.01270	0.01502	0.00903	0.00673	0.00671	0.00226	0.01032	0.00532	0.00310	0.01034
15	0.19248	0.01246	0.01526	0.01198	0.01726	0.01162	0.00989	0.03182	0.01865	0.56850	0.02429	0.02159	0.01555	0.00835	0.00659	0.00220	0.00594	0.00647	0.00789	0.01120
16	0.01370	0.00719	0.00729	0.00709	0.00883	0.00728	0.00530	0.04343	0.01548	0.02671	0.02294	0.02708	0.01835	0.04221	0.00649	0.00192	0.00367	0.00680	0.72148	0.00675
17	0.61525	0.01366	0.01210	0.01029	0.01497	0.01507	0.00849	0.04789	0.01458	0.17066	0.01388	0.01435	0.00989	0.00713	0.00507	0.00220	0.00571	0.00462	0.00540	0.00877
18	0.01529	0.08319	0.52064	0.02409	0.14380	0.01749	0.05328	0.02236	0.01527	0.02227	0.01275	0.01540	0.00949	0.00661	0.00673	0.00219	0.01004	0.00548	0.00312	0.01051
19	0.00878	0.00636	0.00831	0.00965	0.01031	0.00588	0.00654	0.01025	0.01439	0.01918	0.10120	0.63789	0.09226	0.02133	0.00898	0.00280	0.00403	0.01923	0.00672	0.00588
20	0.71603	0.01340	0.01092	0.03747	0.01506	0.01544	0.00816	0.02106	0.01256	0.05132	0.01108	0.01282	0.00849	0.00676	0.00462	0.00219	0.00559	0.00416	0.03508	0.00781
21	0.01344	0.00878	0.01007	0.00958	0.01124	0.00895	0.00690	0.11981	0.01725	0.02496	0.11487	0.19982	0.03154	0.14227	0.01316	0.03703	0.00499	0.01123	0.20733	0.00677
22	0.06403	0.00677	0.00874	0.00981	0.01045	0.00669	0.00669	0.01066	0.01259	0.01793	0.03119	0.52543	0.03646	0.02291	0.04012	0.15736	0.00521	0.01588	0.00566	0.00541
23	0.01370	0.01255	0.02087	0.55385	0.13700	0.01488	0.01851	0.01807	0.01451	0.01927	0.01506	0.06920	0.01272	0.00811	0.00715	0.00234	0.00871	0.00730	0.03802	0.00818
24	0.04498	0.00932	0.03256	0.01149	0.01372	0.00821	0.05391	0.01421	0.03615	0.04790	0.10800	0.42082	0.10638	0.01720	0.00835	0.00258	0.00495	0.01545	0.00634	0.03751
25	0.23947	0.01311	0.01522	0.01203	0.01725	0.01276	0.00993	0.07559	0.01905	0.48082	0.02241	0.02032	0.01456	0.00820	0.00641	0.00220	0.00603	0.00621	0.00750	0.01093
26	0.01565	0.01576	0.05058	0.34830	0.38967	0.01642	0.02110	0.02026	0.01529	0.02099	0.01304	0.01813	0.01040	0.00670	0.00707	0.00223	0.00899	0.00630	0.00335	0.00976
27	0.02430	0.01738	0.01904	0.01517	0.02001	0.01894	0.01228	0.54487	0.02970	0.06916	0.02116	0.13545	0.01802	0.01079	0.00744	0.00226	0.00716	0.00869	0.00711	0.01108
28	0.01096	0.00746	0.00921	0.00870	0.01071	0.00672	0.00655	0.01384	0.01881	0.06301	0.46868	0.08034	0.20797	0.01510	0.00823	0.00228	0.00359	0.01310	0.03794	0.00681
29	0.01558	0.01558	0.02181	0.01869	0.01869	0.02181	0.01558	0.01714	0.01091	0.01714	0.00935	0.01558	0.00935	0.01246	0.02337	0.00312	0.73672	0.00623	0.00312	0.00779
30	0.74674	0.01420	0.01122	0.00985	0.01434	0.01640	0.00811	0.06649	0.01359	0.03284	0.01041	0.01195	0.00801	0.00674	0.00459	0.00220	0.00567	0.00403	0.00459	0.00801
31	0.01206	0.01034	0.01702	0.01491	0.01691	0.01180	0.10723	0.01504	0.01249	0.01819	0.01789	0.02660	0.01640	0.03769	0.46584	0.00826	0.11229	0.02766	0.04434	0.00704
32	0.05720	0.00871	0.00948	0.00899	0.01145	0.00844	0.00684	0.01580	0.10822	0.02498	0.30442	0.05363	0.32597	0.01490	0.00801	0.00233	0.00390	0.01260	0.00704	0.00709
33	0.01032	0.00804	0.00950	0.00950	0.01134	0.00775	0.00697	0.01496	0.10591	0.02378	0.28970	0.22961	0.21237	0.01674	0.00843	0.00247	0.00392	0.01465	0.00715	0.00691
34	0.01473	0.01401	0.02100	0.57075	0.07956	0.04143	0.01850	0.02146	0.10788	0.02004	0.01488	0.01973	0.01126	0.00743	0.00711	0.00235	0.00903	0.00650	0.00376	0.00857
35	0.01532	0.01651	0.06948	0.42678	0.19800	0.05333	0.05400	0.01983	0.01504	0.01968	0.01283	0.01818	0.01002	0.00744	0.00778	0.02789	0.00952	0.00627	0.00329	0.00882
36	0.13578	0.04441	0.11460	0.11426	0.07518	0.15431	0.01528	0.05205	0.04449	0.04403	0.03351	0.02505	0.01564	0.00900	0.00683	0.00228	0.00869	0.09123	0.00453	0.00885
37	0.00914	0.00728	0.00784	0.00805	0.00994	0.00644	0.00598	0.01081	0.01523	0.01855	0.05915	0.06618	0.50147	0.14589	0.01345	0.00330	0.00455	0.09476	0.00620	0.00578
38	0.07504	0.11651	0.20730	0.09082	0.11815	0.01608	0.04664	0.02016	0.04276	0.02237	0.08152	0.04302	0.03725	0.00907	0.00768	0.03761	0.00796	0.00698	0.00409	0.00898
39	0.15310	0.01682	0.04541	0.01318	0.01743	0.05462	0.01079	0.30083	0.05705	0.03209	0.02198	0.04387	0.07294	0.11626	0.01098	0.00288	0.00712	0.00757	0.00584	0.00923
40	0.01938	0.61166	0.03383	0.04998	0.02021	0.09995	0.01260	0.02178	0.01507	0.01714	0.01026	0.01209	0.00921	0.00625	0.00492	0.00158	0.00817	0.00404	0.00316	0.03871

[dist]
# distance from previous block
# <min> <max>
0	2

[block]
# block no. 5 follows, 29 sequences, length 27
# corresponding to MSA columns:
# 278-304
name=unknown_F
#
# <colnr> <probs for GDERKNQSTAVLIFYWHMCP>
#	G	D	E	R	K	N	Q	S	T	A	V	L	I	F	Y	W	H	M	C	P
0	0.40898	0.01919	0.15094	0.09462	0.02231	0.04771	0.01354	0.05223	0.01509	0.09753	0.01301	0.01468	0.00944	0.00704	0.00567	0.00221	0.00744	0.00490	0.00453	0.00896
1	0.02221	0.01621	0.01781	0.01419	0.01907	0.01719	0.01141	0.36571	0.13800	0.07683	0.02022	0.02322	0.01589	0.07367	0.00953	0.00249	0.00689	0.02555	0.00659	0.11732
