[name]
unknown

[dist]
# distance from previous block
# <min> <max>
6	138

[block]
# block no. 0 follows, 25 sequences, length 21
# corresponding to MSA columns:
# 159-179
name=unknown_A
#
# <colnr> <probs for GDERKNQSTAVLIFYWHMCP>
#	G	D	E	R	K	N	Q	S	T	A	V	L	I	F	Y	W	H	M	C	P
0	0.22133	0.08751	0.04767	0.01453	0.02005	0.02059	0.01250	0.26816	0.10550	0.03712	0.04748	0.02188	0.04578	0.00932	0.00684	0.00234	0.00725	0.00688	0.00639	0.01089
1	0.05271	0.09122	0.60603	0.02086	0.03164	0.01894	0.02651	0.02437	0.01617	0.02457	0.01353	0.01589	0.00976	0.00730	0.00706	0.00239	0.01096	0.00554	0.00335	0.01120
2	0.01171	0.00874	0.01089	0.01066	0.01093	0.00967	0.00712	0.01242	0.01211	0.01656	0.02617	0.12715	0.04838	0.46183	0.09596	0.00676	0.10054	0.01188	0.00486	0.00566
3	0.03253	0.01314	0.01765	0.01385	0.01949	0.01165	0.01146	0.06156	0.02254	0.59925	0.05259	0.03050	0.02218	0.01045	0.00800	0.00246	0.00661	0.04208	0.00935	0.01266
4	0.02351	0.01339	0.01610	0.01355	0.01801	0.01348	0.01076	0.06313	0.22782	0.28008	0.17388	0.03531	0.05318	0.01158	0.00817	0.00248	0.00581	0.00971	0.00865	0.01139
5	0.09232	0.01502	0.01852	0.01431	0.02026	0.01436	0.01182	0.15810	0.02430	0.50812	0.02667	0.02377	0.01716	0.00935	0.00755	0.00238	0.00693	0.00735	0.00886	0.01282
6	0.01017	0.00789	0.00925	0.00891	0.01109	0.00698	0.00669	0.01308	0.02006	0.02660	0.41108	0.06531	0.33993	0.01753	0.00915	0.00252	0.00378	0.01506	0.00794	0.00698
7	0.03402	0.01337	0.01797	0.01389	0.01981	0.01179	0.01144	0.03796	0.05417	0.65208	0.03064	0.02652	0.01942	0.00964	0.00780	0.00241	0.00657	0.00785	0.00951	0.01315
8	0.03350	0.01336	0.01790	0.01380	0.01963	0.01180	0.01137	0.06506	0.02284	0.62674	0.05821	0.02741	0.02128	0.00986	0.00785	0.00240	0.00656	0.00803	0.00947	0.01294
9	0.03266	0.01467	0.01867	0.01453	0.02041	0.01383	0.01193	0.12187	0.08234	0.53896	0.02905	0.02556	0.01878	0.00964	0.00780	0.00241	0.00682	0.00777	0.00919	0.01311
10	0.03276	0.01365	0.01793	0.01405	0.01984	0.01243	0.01151	0.03823	0.10622	0.59929	0.03072	0.02672	0.01978	0.00972	0.00781	0.00243	0.00654	0.00792	0.00937	0.01307
11	0.01124	0.00768	0.00927	0.00927	0.00955	0.00796	0.00571	0.01180	0.01152	0.01564	0.02369	0.04663	0.02640	0.59185	0.17268	0.00852	0.01020	0.01067	0.00459	0.00515
12	0.02844	0.01267	0.01642	0.01303	0.01810	0.01147	0.01060	0.08617	0.02306	0.47027	0.13805	0.03461	0.07891	0.01137	0.00812	0.00242	0.00608	0.00941	0.00907	0.01172
13	0.00916	0.00785	0.00785	0.00785	0.01047	0.00655	0.00589	0.01113	0.01767	0.02095	0.07855	0.07462	0.67599	0.01964	0.00916	0.00262	0.00393	0.01636	0.00720	0.00655
14	0.01564	0.01438	0.01701	0.17569	0.02442	0.09997	0.01343	0.01874	0.01483	0.02027	0.01719	0.02441	0.01501	0.04854	0.21031	0.00554	0.12480	0.00725	0.12478	0.00780
15	0.02807	0.02038	0.02203	0.01723	0.02304	0.02244	0.01410	0.56059	0.07626	0.06968	0.02103	0.05238	0.01587	0.01010	0.00787	0.00239	0.00812	0.00783	0.00781	0.01281
16	0.01428	0.01205	0.01334	0.01542	0.06746	0.08909	0.01059	0.01653	0.01706	0.05188	0.03872	0.37501	0.08838	0.01938	0.00938	0.00295	0.00657	0.13766	0.00665	0.00760
17	0.01558	0.08991	0.58538	0.02046	0.03080	0.01813	0.02581	0.02368	0.01676	0.02459	0.06549	0.01933	0.01480	0.00798	0.00733	0.00239	0.01061	0.00626	0.00369	0.01102
18	0.05328	0.03819	0.63126	0.02189	0.03290	0.01803	0.04987	0.02448	0.01628	0.02507	0.01382	0.01635	0.00982	0.00733	0.00730	0.00246	0.01125	0.00578	0.00337	0.01127
19	0.02788	0.10982	0.02259	0.01720	0.05721	0.14296	0.01325	0.08012	0.10541	0.28049	0.02228	0.02124	0.01575	0.00871	0.00721	0.00220	0.00837	0.00670	0.00688	0.04372
20	0.05248	0.12762	0.23290	0.12226	0.02889	0.04622	0.01860	0.02644	0.03523	0.16314	0.01769	0.01955	0.01284	0.01107	0.05015	0.00296	0.01011	0.00627	0.00493	0.01068

[dist]
# distance from previous block
# <min> <max>
0	1

[block]
# block no. 1 follows, 25 sequences, length 6
# corresponding to MSA columns:
# 181-186
name=unknown_B
#
# <colnr> <probs for GDERKNQSTAVLIFYWHMCP>
#	G	D	E	R	K	N	Q	S	T	A	V	L	I	F	Y	W	H	M	C	P
0	0.07849	0.01537	0.07227	0.01816	0.10503	0.01335	0.01336	0.09996	0.02036	0.21847	0.06444	0.19481	0.02696	0.01280	0.00811	0.00257	0.00684	0.01099	0.00709	0.01055
1	0.06145	0.07295	0.10384	0.09799	0.03027	0.01662	0.21987	0.02229	0.01657	0.06323	0.01787	0.07626	0.01522	0.01218	0.05895	0.00312	0.01055	0.00827	0.00449	0.08801
2	0.01644	0.05023	0.02027	0.05389	0.15359	0.10170	0.01459	0.01930	0.01542	0.02006	0.01885	0.03094	0.01825	0.08753	0.20249	0.00576	0.08720	0.07075	0.00427	0.00850
3	0.01798	0.01711	0.06753	0.19289	0.08406	0.01622	0.20009	0.04742	0.04838	0.08545	0.02135	0.12700	0.01860	0.01017	0.00846	0.00262	0.00961	0.00993	0.00511	0.01002
4	0.01729	0.08869	0.02553	0.12593	0.32306	0.01758	0.01787	0.02316	0.10033	0.02347	0.02282	0.02601	0.08204	0.01017	0.00916	0.05601	0.00816	0.00783	0.00457	0.01031
5	0.04271	0.01754	0.04850	0.17335	0.29562	0.01827	0.06817	0.06533	0.01779	0.02506	0.01894	0.02317	0.06080	0.00887	0.00963	0.00253	0.08133	0.00764	0.00425	0.01048

[dist]
# distance from previous block
# <min> <max>
24	90

[block]
# block no. 2 follows, 25 sequences, length 101
# corresponding to MSA columns:
# 285-385
name=unknown_C
#
# <colnr> <probs for GDERKNQSTAVLIFYWHMCP>
#	G	D	E	R	K	N	Q	S	T	A	V	L	I	F	Y	W	H	M	C	P
0	0.08084	0.01698	0.01951	0.13478	0.02522	0.10193	0.04791	0.12283	0.01906	0.02580	0.02163	0.20987	0.02183	0.01320	0.01039	0.00271	0.10060	0.01069	0.00537	0.00884
1	0.09591	0.04867	0.04271	0.23638	0.07546	0.12596	0.01657	0.09384	0.01970	0.11447	0.01593	0.01859	0.01175	0.00795	0.00713	0.00229	0.00946	0.00621	0.00503	0.04599
2	0.02161	0.01934	0.01898	0.07939	0.07150	0.17740	0.01351	0.14256	0.04517	0.07763	0.14991	0.09812	0.02865	0.01156	0.00807	0.00239	0.00844	0.00954	0.00642	0.00982
3	0.15603	0.06004	0.01606	0.01326	0.05147	0.01256	0.00997	0.02376	0.01871	0.21841	0.16006	0.05690	0.09239	0.01130	0.00740	0.00231	0.00575	0.00923	0.00710	0.06729
4	0.01841	0.03085	0.36752	0.02100	0.07147	0.08587	0.02146	0.06540	0.06705	0.02630	0.01537	0.01735	0.01155	0.00748	0.00713	0.00218	0.00999	0.00584	0.00424	0.14354
5	0.02361	0.04930	0.02074	0.01743	0.04956	0.12447	0.01328	0.19824	0.21611	0.06834	0.06506	0.02359	0.01983	0.00943	0.00750	0.00226	0.00805	0.00742	0.00677	0.06900
6	0.01825	0.01834	0.05252	0.16469	0.54535	0.01819	0.02356	0.02311	0.01723	0.02432	0.01442	0.01936	0.01185	0.00707	0.00768	0.00236	0.00949	0.00686	0.00375	0.01160
7	0.03174	0.01254	0.01694	0.01321	0.01872	0.01086	0.01083	0.03476	0.02199	0.60259	0.08677	0.03100	0.05039	0.01053	0.00797	0.00241	0.00624	0.00867	0.00941	0.01243
8	0.01952	0.57066	0.19155	0.01533	0.02309	0.02772	0.01686	0.02353	0.01590	0.01972	0.01151	0.01336	0.00992	0.00680	0.00553	0.00184	0.00903	0.00452	0.00331	0.01030
9	0.03213	0.01506	0.01891	0.01460	0.02042	0.01437	0.01202	0.19221	0.02579	0.48772	0.06305	0.02616	0.02065	0.00987	0.00786	0.00238	0.00693	0.00793	0.00907	0.01287
10	0.01347	0.00673	0.01010	0.01010	0.01010	0.00673	0.00673	0.01010	0.01010	0.01347	0.01347	0.02357	0.01347	0.02694	0.03030	0.77441	0.00673	0.00673	0.00337	0.00337
11	0.01555	0.04011	0.68733	0.02210	0.03356	0.01801	0.02865	0.02455	0.01637	0.02455	0.01391	0.01637	0.00982	0.00737	0.00737	0.00246	0.01146	0.00573	0.00327	0.01146
12	0.01932	0.01971	0.02959	0.11376	0.45929	0.09521	0.06901	0.02370	0.01784	0.02373	0.01550	0.04931	0.01346	0.00785	0.00781	0.00236	0.00996	0.00751	0.00396	0.01111
13	0.03246	0.01572	0.01875	0.01468	0.02042	0.05113	0.01200	0.12687	0.04685	0.51332	0.04626	0.02556	0.01951	0.00968	0.00779	0.00238	0.00719	0.00774	0.00893	0.01276
14	0.01760	0.02341	0.15728	0.08306	0.11741	0.01913	0.39459	0.02408	0.01746	0.02427	0.01491	0.01974	0.01132	0.00705	0.00907	0.00257	0.03465	0.00801	0.00374	0.01066
15	0.01193	0.01007	0.01082	0.01142	0.01355	0.04143	0.00882	0.01600	0.07776	0.02220	0.05349	0.22343	0.28384	0.01975	0.00948	0.00294	0.00552	0.16316	0.00710	0.00728
16	0.02170	0.06819	0.20194	0.07272	0.14406	0.04050	0.04667	0.02743	0.04169	0.18959	0.02019	0.05754	0.01546	0.00883	0.00762	0.00241	0.00915	0.00754	0.00541	0.01137
17	0.01828	0.01735	0.02945	0.12638	0.56717	0.01777	0.02291	0.02289	0.01740	0.02454	0.01591	0.02305	0.01379	0.00779	0.00785	0.00241	0.00924	0.04030	0.00397	0.01156
18	0.00926	0.00781	0.00802	0.00808	0.01056	0.00657	0.00602	0.01127	0.01774	0.02136	0.10454	0.10315	0.61983	0.01967	0.00920	0.00263	0.00394	0.01651	0.00726	0.00657
19	0.02039	0.02231	0.02844	0.22640	0.10630	0.19856	0.16764	0.05891	0.01936	0.02302	0.01691	0.02101	0.03974	0.00804	0.00793	0.00239	0.01146	0.00734	0.00415	0.00971
20	0.01806	0.01770	0.02619	0.06913	0.47207	0.07512	0.01991	0.02188	0.01742	0.02352	0.01943	0.14635	0.01907	0.01019	0.00802	0.00244	0.00882	0.00949	0.00444	0.01074
21	0.01455	0.01325	0.02227	0.65631	0.05014	0.01644	0.02042	0.01908	0.01510	0.01933	0.01376	0.02089	0.01057	0.00920	0.00945	0.06064	0.01006	0.00688	0.00344	0.00822
22	0.01295	0.01087	0.01462	0.01393	0.01518	0.03704	0.01101	0.01553	0.01287	0.01865	0.01873	0.02734	0.01739	0.04601	0.51848	0.00995	0.14561	0.00786	0.03868	0.00729
23	0.03797	0.15060	0.52502	0.01969	0.02957	0.01941	0.02438	0.02353	0.01609	0.02355	0.01490	0.05451	0.01209	0.00817	0.00704	0.00236	0.01040	0.00633	0.00354	0.01084
24	0.02002	0.05734	0.13269	0.03830	0.45946	0.11070	0.02287	0.02486	0.01795	0.02402	0.01395	0.01773	0.01148	0.00711	0.00741	0.00226	0.01016	0.00634	0.00375	0.01160
25	0.01303	0.00994	0.01284	0.01427	0.04543	0.00996	0.01079	0.05031	0.06710	0.02486	0.08597	0.21557	0.11852	0.01934	0.00973	0.00309	0.00602	0.26820	0.00719	0.00784
26	0.01872	0.01752	0.02616	0.08763	0.43802	0.05295	0.01981	0.07496	0.01887	0.02570	0.01911	0.12843	0.01816	0.00994	0.00800	0.00244	0.00876	0.00917	0.00467	0.01098
27	0.02941	0.01835	0.06994	0.01592	0.02207	0.01686	0.01382	0.27858	0.04694	0.32824	0.02528	0.05964	0.01796	0.01012	0.00786	0.00242	0.00760	0.00811	0.00821	0.01267
28	0.02431	0.06670	0.13064	0.04660	0.09577	0.01943	0.05982	0.18907	0.05721	0.16952	0.01938	0.02026	0.01383	0.00866	0.00847	0.00241	0.04279	0.00699	0.00612	0.01199
29	0.00946	0.00772	0.00836	0.00850	0.01073	0.00662	0.00626	0.01158	0.01792	0.02225	0.15904	0.15509	0.51013	0.01969	0.00925	0.00266	0.00396	0.01676	0.00739	0.00662
30	0.00979	0.00712	0.00910	0.01018	0.01108	0.00657	0.00695	0.01155	0.01623	0.02171	0.16015	0.49850	0.11885	0.06015	0.01128	0.00320	0.00445	0.01942	0.00731	0.00642
31	0.18747	0.01718	0.06906	0.01524	0.02146	0.01545	0.04650	0.10737	0.04920	0.35903	0.02300	0.02163	0.01530	0.00877	0.00721	0.00242	0.00740	0.00690	0.00752	0.01187
32	0.01347	0.00673	0.01010	0.01010	0.01010	0.00673	0.00673	0.01010	0.01010	0.01347	0.01347	0.02357	0.01347	0.02694	0.03030	0.77441	0.00673	0.00673	0.00337	0.00337
33	0.01644	0.03886	0.65635	0.02172	0.03292	0.01770	0.02785	0.02517	0.01664	0.05510	0.01469	0.01683	0.01026	0.00747	0.00739	0.00245	0.01123	0.00583	0.00357	0.01154
34	0.02822	0.03470	0.02165	0.01951	0.02354	0.62177	0.01474	0.07178	0.02253	0.02093	0.01281	0.01500	0.01061	0.01025	0.03688	0.00247	0.01391	0.00527	0.00425	0.00918
35	0.01650	0.03800	0.62950	0.02295	0.06319	0.01776	0.02772	0.02506	0.01667	0.05138	0.01462	0.01691	0.01032	0.00744	0.00740	0.00245	0.01116	0.00587	0.00356	0.01157
36	0.01837	0.01758	0.02998	0.16753	0.56565	0.01821	0.02339	0.02307	0.01726	0.02433	0.01444	0.01946	0.01193	0.00706	0.00769	0.00235	0.00942	0.00691	0.00377	0.01162
37	0.01889	0.01811	0.03092	0.09176	0.63735	0.01834	0.02364	0.02353	0.01751	0.02496	0.01453	0.01929	0.01215	0.00696	0.00768	0.00232	0.00929	0.00691	0.00381	0.01204
38	0.01380	0.00991	0.01354	0.01358	0.01588	0.00973	0.04091	0.03999	0.05262	0.05845	0.04166	0.22280	0.10809	0.05008	0.01111	0.00334	0.00644	0.27322	0.00709	0.00775
39	0.01772	0.01801	0.11559	0.18449	0.11215	0.01579	0.08901	0.02327	0.04016	0.09867	0.04375	0.03165	0.04927	0.01039	0.00926	0.00266	0.04794	0.07509	0.00512	0.01001
40	0.03287	0.01277	0.01738	0.01347	0.01913	0.01107	0.01107	0.03592	0.02217	0.63186	0.08252	0.02893	0.02354	0.01010	0.00791	0.00240	0.00636	0.00830	0.00951	0.01272
41	0.02083	0.01871	0.02853	0.04036	0.52861	0.04969	0.02122	0.02704	0.08726	0.07538	0.01748	0.02053	0.01391	0.00755	0.00768	0.00233	0.00891	0.00708	0.00471	0.01220
42	0.01235	0.01133	0.03303	0.05179	0.01918	0.01100	0.09365	0.01658	0.06480	0.02220	0.06577	0.37762	0.08969	0.01818	0.01025	0.00295	0.04443	0.04106	0.00638	0.00776
43	0.01827	0.01853	0.02850	0.16745	0.16469	0.06994	0.14748	0.05578	0.01748	0.02327	0.01701	0.04295	0.03654	0.00951	0.01151	0.00265	0.14643	0.00801	0.00414	0.00984
44	0.01231	0.00877	0.01211	0.01362	0.01531	0.00872	0.01167	0.01570	0.01781	0.02337	0.08921	0.08320	0.04595	0.05902	0.01214	0.00369	0.00689	0.54637	0.00712	0.00702
45	0.01579	0.07141	0.65808	0.02170	0.03294	0.01858	0.02795	0.02449	0.01634	0.02427	0.01377	0.01619	0.00983	0.00733	0.00726	0.00242	0.01132	0.00566	0.00328	0.01139
46	0.01616	0.01668	0.06121	0.45804	0.25516	0.01766	0.02264	0.02135	0.01625	0.02185	0.01405	0.01996	0.01094	0.00746	0.00771	0.00249	0.01003	0.00683	0.00356	0.00995
47	0.01632	0.01549	0.02629	0.46490	0.28426	0.01767	0.02237	0.02128	0.01630	0.02185	0.01408	0.02013	0.01105	0.00744	0.00772	0.00248	0.00992	0.00690	0.00359	0.00997
48	0.01895	0.01817	0.03103	0.08321	0.64544	0.01836	0.02367	0.02358	0.01754	0.02503	0.01454	0.01927	0.01218	0.00695	0.00768	0.00232	0.00927	0.00691	0.00382	0.01208
49	0.06313	0.06285	0.02341	0.04476	0.11824	0.21801	0.01532	0.20272	0.02431	0.10790	0.01820	0.01926	0.03072	0.00859	0.00727	0.00222	0.00980	0.00645	0.00576	0.01108
50	0.01598	0.03712	0.58748	0.02375	0.03464	0.01826	0.12551	0.02460	0.01667	0.02460	0.01419	0.01708	0.01012	0.00724	0.00764	0.00248	0.01171	0.00626	0.00337	0.01130
51	0.01103	0.00897	0.01017	0.01158	0.01243	0.05261	0.00807	0.01269	0.01589	0.02055	0.07355	0.59856	0.04923	0.02257	0.00972	0.00306	0.00526	0.06041	0.00705	0.00659
52	0.01622	0.11557	0.59303	0.02151	0.03231	0.01946	0.04939	0.02442	0.01637	0.02387	0.01363	0.01610	0.00991	0.00726	0.00717	0.00237	0.01117	0.00568	0.00330	0.01126
53	0.01562	0.01531	0.02773	0.18142	0.17886	0.01609	0.18070	0.01998	0.01651	0.02258	0.03834	0.16118	0.02104	0.01116	0.00974	0.00269	0.05639	0.01069	0.00454	0.00941
54	0.01815	0.01394	0.02275	0.43698	0.15022	0.01570	0.01926	0.02260	0.01686	0.12419	0.01871	0.07410	0.01512	0.00914	0.00791	0.00255	0.00913	0.00817	0.00475	0.00977
55	0.01558	0.01433	0.02313	0.27993	0.27809	0.01554	0.01915	0.02052	0.04009	0.02271	0.02432	0.06724	0.07732	0.01057	0.00820	0.00259	0.00862	0.05777	0.00459	0.00970
56	0.04837	0.01940	0.09294	0.07687	0.18831	0.01743	0.04746	0.14062	0.04986	0.21048	0.02023	0.02118	0.01429	0.00833	0.00769	0.00240	0.00864	0.00714	0.00624	0.01213
57	0.01330	0.01227	0.01535	0.27285	0.02812	0.05718	0.01295	0.03768	0.01720	0.02110	0.04021	0.18433	0.22773	0.01502	0.00859	0.00267	0.00728	0.01292	0.00559	0.00766
58	0.02626	0.03420	0.06522	0.01913	0.02328	0.58102	0.01508	0.02865	0.02056	0.01909	0.01321	0.01694	0.01142	0.04992	0.04106	0.00282	0.01378	0.00554	0.00399	0.00882
59	0.01651	0.01662	0.02122	0.01814	0.02152	0.13577	0.16612	0.04912	0.01816	0.02225	0.03013	0.26545	0.07159	0.01592	0.01018	0.04375	0.00876	0.05511	0.00564	0.00805
60	0.01802	0.02190	0.08695	0.03105	0.03854	0.01981	0.56172	0.02435	0.01769	0.02435	0.01515	0.02031	0.01152	0.00712	0.01026	0.00266	0.06564	0.00874	0.00384	0.01038
61	0.01580	0.01524	0.02129	0.01862	0.01877	0.02086	0.01526	0.01750	0.01204	0.01848	0.01332	0.05173	0.01375	0.05137	0.08962	0.00444	0.58233	0.00783	0.00370	0.00806
62	0.01108	0.00831	0.01246	0.01246	0.01385	0.00969	0.00969	0.01385	0.01246	0.01800	0.02077	0.03046	0.01938	0.05815	0.69678	0.01246	0.02077	0.00831	0.00415	0.00692
63	0.01859	0.01969	0.03877	0.03802	0.29729	0.01936	0.36280	0.02408	0.01769	0.02470	0.01494	0.02000	0.01189	0.00707	0.00945	0.00253	0.05008	0.00811	0.00386	0.01109
64	0.02159	0.02254	0.05478	0.06214	0.02234	0.23770	0.01342	0.11620	0.07399	0.05603	0.04859	0.02979	0.11023	0.04764	0.04638	0.00311	0.01010	0.00829	0.00569	0.00945
65	0.01999	0.02013	0.03132	0.04452	0.59288	0.07684	0.05236	0.02446	0.01806	0.02476	0.01441	0.01882	0.01206	0.00698	0.00769	0.00229	0.00980	0.00685	0.00386	0.01191
66	0.01014	0.00827	0.01125	0.01107	0.01300	0.00742	0.05060	0.01236	0.01701	0.02198	0.13341	0.35278	0.28132	0.02031	0.00948	0.00283	0.00477	0.01807	0.00714	0.00680
67	0.03023	0.07160	0.11476	0.01518	0.02196	0.01463	0.01416	0.06277	0.04360	0.48975	0.02623	0.02366	0.01705	0.00908	0.00753	0.00236	0.00749	0.00723	0.00809	0.01267
68	0.01520	0.01435	0.02427	0.62732	0.13057	0.01737	0.02181	0.02030	0.01577	0.02049	0.01388	0.02049	0.01058	0.00765	0.00774	0.00255	0.01020	0.00689	0.00349	0.00907
69	0.00916	0.00785	0.00785	0.00785	0.01047	0.00655	0.00589	0.01113	0.01767	0.02095	0.07855	0.07462	0.67599	0.01964	0.00916	0.00262	0.00393	0.01636	0.00720	0.00655
70	0.01916	0.49241	0.14242	0.01773	0.04512	0.02615	0.08120	0.02318	0.01602	0.02014	0.01237	0.01499	0.01063	0.00916	0.03822	0.00241	0.00990	0.00519	0.00343	0.01018
71	0.01808	0.07033	0.02640	0.05142	0.06792	0.05122	0.13074	0.02120	0.01590	0.06855	0.04193	0.12218	0.01948	0.01216	0.01398	0.00280	0.24228	0.00950	0.00473	0.00921
72	0.00973	0.00793	0.00864	0.00861	0.01101	0.00684	0.00655	0.01215	0.01860	0.02325	0.20492	0.07172	0.51223	0.01892	0.00924	0.00263	0.00404	0.04875	0.00748	0.00674
73	0.17475	0.01353	0.01676	0.01312	0.01889	0.01252	0.01083	0.03498	0.02051	0.56285	0.02688	0.02381	0.01717	0.00915	0.00724	0.00240	0.00649	0.00712	0.00870	0.01230
74	0.33793	0.14789	0.09804	0.05554	0.12320	0.01927	0.01463	0.02245	0.01550	0.02805	0.06187	0.01787	0.01442	0.00775	0.00606	0.00227	0.00760	0.00567	0.00441	0.00957
75	0.66781	0.01698	0.06791	0.05784	0.01909	0.01743	0.01094	0.02274	0.01361	0.03294	0.01125	0.01345	0.00864	0.00725	0.00521	0.00242	0.00674	0.00450	0.00458	0.00866
76	0.03479	0.01320	0.01799	0.01380	0.01979	0.01140	0.01140	0.03779	0.02219	0.68451	0.03059	0.02639	0.01919	0.00960	0.00780	0.00240	0.00660	0.00780	0.00960	0.01320
77	0.01588	0.01492	0.02437	0.42753	0.23534	0.01698	0.02066	0.02157	0.05128	0.02221	0.01930	0.02428	0.05609	0.00844	0.00783	0.00250	0.00935	0.00763	0.00405	0.00977
78	0.05739	0.01595	0.02229	0.02510	0.23310	0.01581	0.01560	0.06590	0.12119	0.30970	0.02412	0.02348	0.01690	0.00876	0.00765	0.00240	0.00745	0.00747	0.00718	0.01256
79	0.01792	0.02285	0.11641	0.03082	0.03863	0.01966	0.54635	0.02446	0.01773	0.02446	0.01518	0.02019	0.01146	0.00702	0.00985	0.00264	0.05146	0.00864	0.00382	0.01046
80	0.01798	0.00908	0.01222	0.01175	0.01423	0.00818	0.00876	0.02026	0.01831	0.23713	0.12588	0.38324	0.04366	0.01826	0.00914	0.00282	0.00515	0.03708	0.00816	0.00870
81	0.01651	0.15481	0.55623	0.02101	0.03153	0.02018	0.04866	0.02434	0.01634	0.02351	0.01346	0.01588	0.00991	0.00721	0.00703	0.00233	0.01099	0.00559	0.00330	0.01117
82	0.01567	0.07580	0.63007	0.02121	0.03209	0.01832	0.02711	0.02415	0.01653	0.02444	0.03610	0.01757	0.01197	0.00761	0.00730	0.00241	0.01103	0.00593	0.00345	0.01124
83	0.01885	0.01928	0.05925	0.04229	0.54263	0.01886	0.05197	0.02446	0.05165	0.02521	0.01521	0.01952	0.01262	0.00755	0.00893	0.00241	0.05635	0.00705	0.00400	0.01191
84	0.01584	0.01467	0.02417	0.60297	0.12166	0.01768	0.02147	0.04988	0.01672	0.02178	0.01410	0.02041	0.01069	0.00773	0.00774	0.00254	0.01013	0.00690	0.00369	0.00924
85	0.01591	0.01488	0.02482	0.56424	0.17168	0.01764	0.02178	0.03780	0.01648	0.02165	0.01407	0.02033	0.01078	0.00763	0.00774	0.00252	0.01007	0.00690	0.00364	0.00944
86	0.02230	0.02158	0.02187	0.11086	0.09798	0.18943	0.01586	0.18348	0.05702	0.02790	0.01652	0.02010	0.01330	0.01637	0.11560	0.00392	0.04387	0.00675	0.00506	0.01020
87	0.01666	0.06738	0.47415	0.02677	0.15419	0.01906	0.04881	0.02404	0.01641	0.02409	0.01376	0.01691	0.01038	0.00754	0.00833	0.00244	0.04824	0.00606	0.00341	0.01135
88	0.01573	0.03906	0.65579	0.02333	0.06461	0.01803	0.02841	0.02452	0.01643	0.02459	0.01395	0.01651	0.00994	0.00734	0.00738	0.00245	0.01135	0.00579	0.00330	0.01150
89	0.02544	0.01524	0.01911	0.01802	0.09065	0.01535	0.01286	0.21699	0.05816	0.24983	0.02952	0.13590	0.05353	0.01208	0.00817	0.00251	0.00698	0.01017	0.00783	0.01163
90	0.01642	0.01962	0.12709	0.09986	0.27903	0.01656	0.10521	0.02250	0.05071	0.02396	0.02252	0.02624	0.08146	0.01237	0.05984	0.00321	0.01035	0.00821	0.00431	0.01055
91	0.01386	0.00856	0.01109	0.01015	0.01254	0.00774	0.00772	0.01720	0.02135	0.11494	0.51607	0.07864	0.11870	0.01567	0.00900	0.00247	0.00409	0.01370	0.00851	0.00798
92	0.01787	0.01745	0.03002	0.18875	0.41522	0.01885	0.07533	0.02244	0.01660	0.02334	0.01402	0.01942	0.01158	0.00780	0.00977	0.00251	0.08735	0.00708	0.00371	0.01090
93	0.04003	0.06076	0.55297	0.02286	0.05046	0.01877	0.07373	0.02424	0.01627	0.02448	0.01372	0.01656	0.01001	0.00749	0.00800	0.00247	0.03670	0.00595	0.00339	0.01115
94	0.01854	0.01880	0.05399	0.11077	0.50877	0.01842	0.07028	0.02446	0.05310	0.02510	0.01550	0.01991	0.01259	0.00718	0.00780	0.00238	0.00953	0.00714	0.00401	0.01174
95	0.08617	0.01377	0.01703	0.01347	0.01871	0.01313	0.01100	0.12855	0.02369	0.42632	0.13611	0.02947	0.02656	0.01043	0.00779	0.00239	0.00636	0.00845	0.00877	0.01184
96	0.02059	0.02314	0.05049	0.21126	0.31091	0.20623	0.02094	0.02477	0.01825	0.02210	0.01363	0.01803	0.01105	0.00744	0.00749	0.00230	0.01091	0.00633	0.00376	0.01038
97	0.01805	0.01869	0.06283	0.12286	0.46777	0.04475	0.02208	0.02271	0.01735	0.02396	0.01664	0.02479	0.01461	0.00982	0.02925	0.00275	0.00986	0.05612	0.00404	0.01108
98	0.01060	0.00851	0.01021	0.04258	0.01444	0.00788	0.00895	0.01328	0.01764	0.02169	0.06227	0.07667	0.42154	0.01972	0.00965	0.00295	0.00536	0.23220	0.00700	0.00685
99	0.01644	0.01485	0.02365	0.60351	0.08037	0.01801	0.02092	0.08743	0.01784	0.02317	0.01433	0.02038	0.01073	0.00788	0.00775	0.00254	0.01009	0.00690	0.00392	0.00928
100	0.02518	0.01802	0.02254	0.13426	0.09510	0.01939	0.01581	0.35064	0.02743	0.11901	0.01965	0.04844	0.01484	0.00928	0.00775	0.00235	0.00836	0.00756	0.00670	0.04768

[dist]
# distance from previous block
# <min> <max>
3	5

[block]
# block no. 3 follows, 25 sequences, length 7
# corresponding to MSA columns:
# 392-398
name=unknown_D
#
# <colnr> <probs for GDERKNQSTAVLIFYWHMCP>
#	G	D	E	R	K	N	Q	S	T	A	V	L	I	F	Y	W	H	M	C	P
0	0.01682	0.01417	0.01678	0.01260	0.01837	0.01233	0.01013	0.07396	0.01807	0.02733	0.07765	0.02040	0.01747	0.00767	0.00786	0.00156	0.06377	0.00589	0.00515	0.57203
1	0.01599	0.01297	0.01653	0.01914	0.15632	0.04536	0.01187	0.02167	0.09821	0.06902	0.31185	0.04302	0.09318	0.03922	0.00961	0.00261	0.00600	0.01111	0.00705	0.00927
2	0.02036	0.02018	0.02142	0.08720	0.10824	0.17288	0.03786	0.09399	0.14222	0.02564	0.01893	0.02239	0.01533	0.01913	0.15501	0.00451	0.01237	0.00721	0.00510	0.01006
3	0.01368	0.00747	0.00843	0.00843	0.01014	0.00779	0.00640	0.01710	0.01539	0.02640	0.02425	0.02926	0.01976	0.02031	0.16413	0.00425	0.00755	0.00747	0.59462	0.00716
4	0.01081	0.00742	0.00904	0.00947	0.00974	0.00747	0.00586	0.01145	0.01227	0.01652	0.02843	0.21038	0.03276	0.48251	0.10645	0.00702	0.00828	0.01354	0.00524	0.00533
5	0.01387	0.00717	0.00743	0.00765	0.00929	0.00712	0.00563	0.01721	0.01609	0.02784	0.02734	0.11038	0.02356	0.01083	0.00595	0.00196	0.00372	0.00897	0.68088	0.00712
6	0.01219	0.00743	0.00810	0.00810	0.00862	0.00743	0.00491	0.01323	0.01271	0.01902	0.02468	0.04447	0.02580	0.52112	0.02969	0.00588	0.00640	0.01011	0.22469	0.00542

[dist]
# distance from previous block
# <min> <max>
0	4

# created by:
# /st0/software/busco_prod/Augustus/scripts/msa2prfl.pl ./align_prep/145494.fa
