[name]
unknown

[dist]
# distance from previous block
# <min> <max>
24	53

[block]
# block no. 0 follows, 29 sequences, length 12
# corresponding to MSA columns:
# 75-86
name=unknown_A
#
# <colnr> <probs for GDERKNQSTAVLIFYWHMCP>
#	G	D	E	R	K	N	Q	S	T	A	V	L	I	F	Y	W	H	M	C	P
0	0.01784	0.01392	0.01632	0.01625	0.09918	0.07373	0.02983	0.09309	0.06892	0.11538	0.14297	0.10248	0.11030	0.01156	0.00756	0.00220	0.00628	0.00990	0.00635	0.05595
1	0.02010	0.01912	0.07511	0.02672	0.21674	0.05825	0.17286	0.11690	0.05272	0.09836	0.05788	0.02074	0.01556	0.00758	0.00742	0.00221	0.00891	0.00722	0.00502	0.01058
2	0.01329	0.01240	0.02183	0.01899	0.05925	0.01224	0.22401	0.03467	0.01602	0.02158	0.07365	0.16508	0.08439	0.05991	0.01129	0.00291	0.05194	0.10365	0.00521	0.00771
3	0.01586	0.01079	0.01510	0.01226	0.01589	0.00983	0.07326	0.06575	0.01892	0.13129	0.27671	0.07824	0.06471	0.05446	0.00932	0.00239	0.00548	0.01021	0.00667	0.12288
4	0.01430	0.06573	0.03366	0.04146	0.01582	0.06106	0.00950	0.04213	0.05060	0.03947	0.12756	0.12352	0.08802	0.11109	0.01202	0.00280	0.04591	0.00993	0.00542	0.09999
5	0.01375	0.06525	0.06244	0.01135	0.01464	0.01132	0.00930	0.11127	0.01699	0.02325	0.07924	0.24473	0.05444	0.12098	0.01164	0.00288	0.00586	0.01140	0.00559	0.12369
6	0.02030	0.01468	0.01875	0.01453	0.01947	0.01454	0.07647	0.25661	0.02269	0.11781	0.06191	0.06212	0.09542	0.00995	0.00765	0.00208	0.02463	0.00834	0.00634	0.14570
7	0.06903	0.01105	0.01261	0.05259	0.01589	0.01167	0.00918	0.14874	0.07999	0.02716	0.12979	0.20707	0.12986	0.03277	0.00859	0.00257	0.00537	0.03159	0.00654	0.00795
8	0.14105	0.01190	0.01283	0.01013	0.01517	0.01029	0.00799	0.01796	0.04760	0.02414	0.02154	0.07327	0.09024	0.00835	0.00585	0.00159	0.00506	0.00670	0.00484	0.48350
9	0.01573	0.01163	0.01242	0.01065	0.01425	0.01159	0.00842	0.20654	0.06073	0.06723	0.07382	0.04821	0.40230	0.01417	0.00790	0.00231	0.00507	0.01162	0.00697	0.00845
10	0.02344	0.01737	0.02107	0.22228	0.02960	0.01958	0.01514	0.45157	0.02715	0.07743	0.01648	0.01807	0.01169	0.00815	0.00712	0.00221	0.00820	0.00643	0.00609	0.01090
11	0.01345	0.01266	0.02136	0.73264	0.04904	0.01582	0.01978	0.01819	0.01424	0.01819	0.01266	0.01898	0.00949	0.00712	0.00712	0.00237	0.00949	0.00633	0.00316	0.00791

[dist]
# distance from previous block
# <min> <max>
6	10

[block]
# block no. 1 follows, 29 sequences, length 8
# corresponding to MSA columns:
# 97-104
name=unknown_B
#
# <colnr> <probs for GDERKNQSTAVLIFYWHMCP>
#	G	D	E	R	K	N	Q	S	T	A	V	L	I	F	Y	W	H	M	C	P
0	0.00896	0.00646	0.00836	0.00948	0.01020	0.00600	0.00643	0.01049	0.01464	0.01961	0.14154	0.55976	0.09258	0.05727	0.01030	0.00296	0.00412	0.01828	0.00668	0.00587
1	0.01618	0.01349	0.01552	0.01122	0.01747	0.01093	0.00902	0.09396	0.01691	0.02569	0.01316	0.01503	0.01073	0.00565	0.00549	0.00118	0.00557	0.00447	0.00455	0.70379
2	0.01164	0.00764	0.00926	0.00960	0.01059	0.00748	0.00639	0.01408	0.06734	0.06667	0.03286	0.35981	0.06055	0.28125	0.01852	0.00423	0.00536	0.01459	0.00599	0.00615
3	0.01974	0.06319	0.01766	0.01368	0.01788	0.01681	0.01088	0.24889	0.22265	0.06121	0.02398	0.13095	0.02084	0.04443	0.00851	0.00245	0.00634	0.00891	0.00660	0.05438
4	0.01271	0.00953	0.01124	0.01124	0.01296	0.00991	0.00807	0.10403	0.11891	0.02384	0.07673	0.44096	0.03829	0.07360	0.01058	0.00298	0.00501	0.01532	0.00668	0.00741
5	0.01204	0.00981	0.00962	0.00958	0.01137	0.07639	0.00683	0.01369	0.01585	0.05808	0.12140	0.22978	0.26379	0.11482	0.01203	0.00304	0.00519	0.01403	0.00628	0.00637
6	0.01727	0.01275	0.01396	0.01203	0.01514	0.01342	0.00918	0.31586	0.02261	0.02983	0.03242	0.17980	0.14618	0.13150	0.01241	0.00310	0.00617	0.01142	0.00648	0.00847
7	0.01482	0.01105	0.01332	0.01173	0.01461	0.04069	0.03423	0.08287	0.01800	0.07676	0.17645	0.22324	0.03559	0.07061	0.01001	0.00261	0.00562	0.02962	0.00633	0.12183

[dist]
# distance from previous block
# <min> <max>
2	8

[block]
# block no. 2 follows, 29 sequences, length 18
# corresponding to MSA columns:
# 113-130
name=unknown_C
#
# <colnr> <probs for GDERKNQSTAVLIFYWHMCP>
#	G	D	E	R	K	N	Q	S	T	A	V	L	I	F	Y	W	H	M	C	P
0	0.03686	0.08821	0.33291	0.01686	0.05223	0.01517	0.01759	0.05546	0.03311	0.04048	0.01890	0.08166	0.03385	0.03660	0.00792	0.00236	0.00816	0.04032	0.00428	0.07708
1	0.06796	0.01220	0.01624	0.01251	0.01797	0.01072	0.01034	0.03406	0.01999	0.67846	0.02724	0.02364	0.01716	0.00871	0.00703	0.00220	0.00603	0.00701	0.00861	0.01191
2	0.01356	0.01603	0.11775	0.63334	0.04650	0.01592	0.02069	0.01880	0.01435	0.01880	0.01267	0.01843	0.00943	0.00707	0.00707	0.00236	0.00964	0.00618	0.00314	0.00827
3	0.01706	0.11008	0.51731	0.01798	0.02696	0.01657	0.02186	0.02366	0.01567	0.11763	0.01555	0.04205	0.01159	0.00753	0.00667	0.00219	0.00936	0.00590	0.00395	0.01043
4	0.01345	0.01266	0.02136	0.73264	0.04904	0.01582	0.01978	0.01819	0.01424	0.01819	0.01266	0.01898	0.00949	0.00712	0.00712	0.00237	0.00949	0.00633	0.00316	0.00791
5	0.01345	0.01266	0.02136	0.73264	0.04904	0.01582	0.01978	0.01819	0.01424	0.01819	0.01266	0.01898	0.00949	0.00712	0.00712	0.00237	0.00949	0.00633	0.00316	0.00791
6	0.05329	0.02766	0.02078	0.02018	0.09565	0.44663	0.01424	0.15349	0.05852	0.02453	0.01337	0.01488	0.01059	0.00756	0.00660	0.00197	0.01075	0.00529	0.00454	0.00947
7	0.01614	0.01540	0.02622	0.28875	0.47190	0.01653	0.02111	0.02055	0.01551	0.02146	0.01313	0.01811	0.01064	0.00662	0.00707	0.00221	0.00883	0.00634	0.00340	0.01008
8	0.01842	0.01858	0.02763	0.07080	0.60279	0.09326	0.02089	0.02241	0.01656	0.02241	0.01310	0.01716	0.01097	0.00649	0.00698	0.00210	0.00898	0.00615	0.00352	0.01081
9	0.02124	0.01941	0.01585	0.01408	0.01770	0.26332	0.01082	0.02777	0.17699	0.13723	0.14731	0.02885	0.06876	0.01013	0.00722	0.00214	0.00772	0.00800	0.00630	0.00918
10	0.00856	0.00722	0.00741	0.00736	0.00971	0.00607	0.00552	0.01050	0.01657	0.02004	0.12643	0.06721	0.64765	0.01773	0.00841	0.00239	0.00359	0.01484	0.00672	0.00607
11	0.01477	0.01266	0.01477	0.01055	0.01687	0.00949	0.00844	0.01793	0.01477	0.02320	0.01266	0.01477	0.01055	0.00527	0.00527	0.00105	0.00527	0.00422	0.00422	0.79328
12	0.01017	0.00866	0.01319	0.01219	0.01437	0.00779	0.10027	0.01232	0.01470	0.01939	0.04093	0.45123	0.17811	0.01797	0.00859	0.00260	0.00520	0.01640	0.00603	0.05989
13	0.01480	0.11462	0.63959	0.01942	0.02946	0.01780	0.02478	0.02242	0.01497	0.02192	0.01247	0.01464	0.00903	0.00669	0.00653	0.00218	0.01021	0.00510	0.00301	0.01037
14	0.01778	0.56389	0.21642	0.01433	0.02160	0.02509	0.01593	0.02165	0.01462	0.01829	0.01066	0.01238	0.00911	0.00627	0.00515	0.00172	0.00839	0.00419	0.00304	0.00951
15	0.01017	0.00763	0.01144	0.01144	0.01272	0.00890	0.00890	0.01272	0.01144	0.01653	0.01907	0.02797	0.01780	0.05340	0.72153	0.01144	0.01907	0.00763	0.00381	0.00636
16	0.01443	0.01197	0.01709	0.03603	0.01832	0.01254	0.10210	0.15822	0.01841	0.02462	0.03080	0.35181	0.08705	0.01551	0.00953	0.00262	0.06143	0.01368	0.00594	0.00792
17	0.01644	0.01412	0.01494	0.01364	0.01739	0.01604	0.01064	0.03386	0.59044	0.02828	0.03403	0.03340	0.09639	0.01099	0.00748	0.00245	0.00545	0.03636	0.00715	0.01050

[dist]
# distance from previous block
# <min> <max>
0	1

[block]
# block no. 3 follows, 29 sequences, length 66
# corresponding to MSA columns:
# 132-197
name=unknown_D
#
# <colnr> <probs for GDERKNQSTAVLIFYWHMCP>
#	G	D	E	R	K	N	Q	S	T	A	V	L	I	F	Y	W	H	M	C	P
0	0.07597	0.01705	0.01817	0.01456	0.01975	0.01854	0.01179	0.35009	0.22092	0.06453	0.02002	0.01951	0.01466	0.00839	0.00677	0.00211	0.00668	0.00650	0.00672	0.09725
1	0.02031	0.01384	0.01630	0.01213	0.01802	0.01214	0.00984	0.15175	0.01942	0.15772	0.01666	0.01743	0.01242	0.00807	0.02794	0.00180	0.00635	0.00531	0.00565	0.46689
2	0.01773	0.49651	0.25715	0.01503	0.02249	0.04703	0.01684	0.02196	0.01484	0.01867	0.01087	0.01265	0.00910	0.00635	0.00535	0.00177	0.00873	0.00431	0.00305	0.00956
3	0.80005	0.01377	0.01047	0.00936	0.01377	0.01597	0.00771	0.02093	0.01212	0.03195	0.00991	0.01157	0.00771	0.00661	0.00441	0.00220	0.00551	0.00386	0.00441	0.00771
4	0.00872	0.00623	0.00830	0.00988	0.01034	0.00582	0.00661	0.01003	0.01385	0.01853	0.06159	0.72177	0.04777	0.02205	0.00907	0.00287	0.00411	0.01999	0.00665	0.00582
5	0.01762	0.01692	0.02890	0.04371	0.70533	0.01692	0.02185	0.02185	0.01621	0.02326	0.01339	0.01762	0.01128	0.00634	0.00705	0.00211	0.00846	0.00634	0.00352	0.01128
6	0.01019	0.00756	0.01108	0.01108	0.01222	0.00870	0.00844	0.01248	0.01133	0.01626	0.01941	0.02984	0.01861	0.12318	0.65286	0.01099	0.01785	0.00790	0.00386	0.00615
7	0.01019	0.00757	0.01116	0.01116	0.01234	0.00875	0.00855	0.01254	0.01136	0.01632	0.01933	0.02939	0.01842	0.10628	0.66949	0.01110	0.01815	0.00784	0.00385	0.00620
8	0.01904	0.75404	0.03731	0.01218	0.01828	0.02818	0.01218	0.02132	0.01447	0.01675	0.00990	0.01142	0.00914	0.00609	0.00457	0.00152	0.00761	0.00381	0.00305	0.00914
9	0.00897	0.00698	0.00795	0.00819	0.00981	0.00618	0.00583	0.01081	0.01594	0.02039	0.18583	0.20883	0.37634	0.08222	0.01099	0.00287	0.00396	0.01531	0.00665	0.00595
10	0.01213	0.04773	0.14727	0.01147	0.01510	0.00963	0.01078	0.01583	0.01737	0.06008	0.33385	0.14376	0.09811	0.03460	0.00873	0.00245	0.00532	0.01185	0.00635	0.00759
11	0.01447	0.06532	0.68602	0.01997	0.03032	0.01700	0.02575	0.02250	0.01501	0.02232	0.01266	0.01489	0.00902	0.00674	0.00668	0.00223	0.01041	0.00520	0.00301	0.01047
12	0.80005	0.01377	0.01047	0.00936	0.01377	0.01597	0.00771	0.02093	0.01212	0.03195	0.00991	0.01157	0.00771	0.00661	0.00441	0.00220	0.00551	0.00386	0.00441	0.00771
13	0.01823	0.01822	0.02782	0.07043	0.61817	0.07830	0.02106	0.02227	0.01648	0.02254	0.01315	0.01726	0.01102	0.00646	0.00700	0.00210	0.00888	0.00619	0.00352	0.01087
14	0.80005	0.01377	0.01047	0.00936	0.01377	0.01597	0.00771	0.02093	0.01212	0.03195	0.00991	0.01157	0.00771	0.00661	0.00441	0.00220	0.00551	0.00386	0.00441	0.00771
15	0.01517	0.01289	0.01498	0.01074	0.01705	0.00990	0.00860	0.03967	0.01538	0.02391	0.01280	0.01484	0.01060	0.00538	0.00533	0.00109	0.00536	0.00429	0.00431	0.76769
16	0.01087	0.00783	0.00973	0.00910	0.01112	0.00730	0.00688	0.01487	0.05502	0.04703	0.55547	0.05317	0.15535	0.01464	0.00830	0.00227	0.00359	0.01277	0.00766	0.00701
17	0.03195	0.01212	0.01652	0.01267	0.01818	0.01047	0.01047	0.03470	0.02038	0.71026	0.02809	0.02424	0.01763	0.00881	0.00716	0.00220	0.00606	0.00716	0.00881	0.01212
18	0.01498	0.02972	0.48573	0.01948	0.02804	0.01644	0.07947	0.02513	0.14762	0.02426	0.04803	0.01942	0.01436	0.00762	0.00708	0.00230	0.00937	0.00643	0.00411	0.01041
19	0.01763	0.01813	0.05238	0.04048	0.62608	0.05000	0.02110	0.02181	0.01636	0.02283	0.01516	0.01895	0.03351	0.00679	0.00705	0.00212	0.00858	0.00650	0.00361	0.01094
20	0.80005	0.01377	0.01047	0.00936	0.01377	0.01597	0.00771	0.02093	0.01212	0.03195	0.00991	0.01157	0.00771	0.00661	0.00441	0.00220	0.00551	0.00386	0.00441	0.00771
21	0.02647	0.01931	0.02079	0.01611	0.02167	0.02135	0.01325	0.60854	0.08628	0.06532	0.01841	0.01809	0.01307	0.00865	0.00713	0.00216	0.00760	0.00657	0.00719	0.01204
22	0.01726	0.01466	0.01546	0.01387	0.01768	0.01677	0.01072	0.06068	0.59898	0.02906	0.03017	0.02919	0.05314	0.04900	0.00882	0.00264	0.00570	0.00843	0.00706	0.01069
23	0.01457	0.00829	0.01087	0.00965	0.01217	0.00747	0.00744	0.01773	0.02002	0.17053	0.53169	0.04785	0.08630	0.01352	0.00814	0.00224	0.00393	0.01178	0.00799	0.00781
24	0.01628	0.01899	0.06067	0.06238	0.03664	0.01743	0.60439	0.02213	0.01652	0.02242	0.01514	0.04441	0.01195	0.00665	0.00832	0.00241	0.01156	0.00862	0.00367	0.00942
25	0.01008	0.00728	0.00952	0.00896	0.01064	0.00672	0.00672	0.01344	0.02016	0.02855	0.70158	0.05319	0.06719	0.01456	0.00840	0.00224	0.00336	0.01288	0.00784	0.00672
26	0.01558	0.01558	0.02181	0.01869	0.01869	0.02181	0.01558	0.01714	0.01091	0.01714	0.00935	0.01558	0.00935	0.01246	0.02337	0.00312	0.73672	0.00623	0.00312	0.00779
27	0.01036	0.00690	0.00777	0.00777	0.00777	0.00690	0.00431	0.01036	0.01036	0.01381	0.02244	0.04660	0.02589	0.74975	0.03624	0.00690	0.00690	0.01036	0.00431	0.00431
28	0.01869	0.70193	0.08639	0.01277	0.01919	0.02733	0.01321	0.02141	0.01451	0.01717	0.01011	0.01168	0.00913	0.00614	0.00473	0.00158	0.00783	0.00391	0.00304	0.00924
29	0.01327	0.00664	0.00664	0.00664	0.00830	0.00664	0.00498	0.01659	0.01493	0.02655	0.02323	0.02655	0.01825	0.00830	0.00498	0.00166	0.00332	0.00664	0.78928	0.00664
30	0.01049	0.00799	0.01065	0.12578	0.01681	0.00786	0.00866	0.01293	0.01591	0.04448	0.15509	0.26530	0.24004	0.01673	0.00841	0.00254	0.00485	0.03255	0.00634	0.00659
31	0.01018	0.00760	0.01127	0.01127	0.01249	0.00881	0.00869	0.01261	0.01139	0.01640	0.01923	0.02884	0.01818	0.08561	0.68984	0.01123	0.01851	0.00776	0.00384	0.00626
32	0.01414	0.01378	0.02130	0.69500	0.04762	0.05299	0.01946	0.01873	0.01455	0.01815	0.01257	0.01866	0.00948	0.00713	0.00708	0.00234	0.00967	0.00624	0.00319	0.00793
33	0.46921	0.01868	0.01531	0.01414	0.05331	0.13955	0.01068	0.15516	0.01803	0.03157	0.01173	0.01322	0.00904	0.00711	0.00544	0.00212	0.00740	0.00463	0.00478	0.00888
34	0.00848	0.00722	0.00730	0.00728	0.00966	0.00604	0.00546	0.01034	0.01637	0.01958	0.09521	0.06797	0.67916	0.01791	0.00842	0.00240	0.00360	0.01495	0.00666	0.00604
35	0.01771	0.01530	0.01610	0.01449	0.01852	0.01771	0.01127	0.03784	0.69247	0.02979	0.02898	0.02657	0.02174	0.00966	0.00725	0.00242	0.00564	0.00805	0.00725	0.01127
36	0.03195	0.01212	0.01652	0.01267	0.01818	0.01047	0.01047	0.03470	0.02038	0.71026	0.02809	0.02424	0.01763	0.00881	0.00716	0.00220	0.00606	0.00716	0.00881	0.01212
37	0.00956	0.00721	0.00884	0.00853	0.01035	0.00648	0.00636	0.01240	0.01879	0.02555	0.50024	0.09019	0.23769	0.01586	0.00844	0.00232	0.00346	0.01381	0.00745	0.00648
38	0.02707	0.01995	0.02137	0.01638	0.02208	0.02208	0.01353	0.68159	0.03348	0.04488	0.01710	0.01710	0.01211	0.00855	0.00712	0.00214	0.00784	0.00641	0.00712	0.01211
39	0.02556	0.01919	0.02052	0.01608	0.02151	0.02138	0.01317	0.57769	0.13984	0.04244	0.01901	0.01862	0.01366	0.00873	0.00714	0.00218	0.00748	0.00668	0.00714	0.01197
40	0.01345	0.01266	0.02136	0.73264	0.04904	0.01582	0.01978	0.01819	0.01424	0.01819	0.01266	0.01898	0.00949	0.00712	0.00712	0.00237	0.00949	0.00633	0.00316	0.00791
41	0.01428	0.03683	0.71286	0.02030	0.03082	0.01654	0.02631	0.02255	0.01503	0.02255	0.01278	0.01503	0.00902	0.00677	0.00677	0.00226	0.01052	0.00526	0.00301	0.01052
42	0.02707	0.01995	0.02137	0.01638	0.02208	0.02208	0.01353	0.68159	0.03348	0.04488	0.01710	0.01710	0.01211	0.00855	0.00712	0.00214	0.00784	0.00641	0.00712	0.01211
43	0.01762	0.01692	0.02890	0.04371	0.70533	0.01692	0.02185	0.02185	0.01621	0.02326	0.01339	0.01762	0.01128	0.00634	0.00705	0.00211	0.00846	0.00634	0.00352	0.01128
44	0.00864	0.00634	0.00811	0.00953	0.01023	0.00582	0.00644	0.00996	0.01400	0.01833	0.04389	0.64965	0.13955	0.02171	0.00899	0.00282	0.00406	0.01951	0.00661	0.00582
45	0.00868	0.00620	0.00826	0.00991	0.01033	0.00578	0.00661	0.00991	0.01363	0.01818	0.03925	0.74510	0.04710	0.02231	0.00909	0.00289	0.00413	0.02024	0.00661	0.00578
46	0.03195	0.01212	0.01652	0.01267	0.01818	0.01047	0.01047	0.03470	0.02038	0.71026	0.02809	0.02424	0.01763	0.00881	0.00716	0.00220	0.00606	0.00716	0.00881	0.01212
47	0.80005	0.01377	0.01047	0.00936	0.01377	0.01597	0.00771	0.02093	0.01212	0.03195	0.00991	0.01157	0.00771	0.00661	0.00441	0.00220	0.00551	0.00386	0.00441	0.00771
48	0.02660	0.03394	0.02018	0.01834	0.02201	0.72116	0.01376	0.02843	0.02018	0.01743	0.01101	0.01284	0.00917	0.00734	0.00642	0.00183	0.01284	0.00459	0.00367	0.00825
49	0.01345	0.01266	0.02136	0.73264	0.04904	0.01582	0.01978	0.01819	0.01424	0.01819	0.01266	0.01898	0.00949	0.00712	0.00712	0.00237	0.00949	0.00633	0.00316	0.00791
50	0.01766	0.01313	0.01401	0.01168	0.01564	0.01350	0.00934	0.29134	0.05932	0.05909	0.06580	0.04266	0.33129	0.01316	0.00777	0.00228	0.00556	0.01069	0.00699	0.00909
51	0.00842	0.00721	0.00721	0.00721	0.00962	0.00601	0.00541	0.01022	0.01623	0.01924	0.07213	0.06853	0.70244	0.01803	0.00842	0.00240	0.00361	0.01503	0.00661	0.00601
52	0.03102	0.01361	0.01745	0.01338	0.01892	0.01268	0.01105	0.15774	0.02287	0.58370	0.02600	0.02288	0.01658	0.00876	0.00715	0.00219	0.00640	0.00702	0.00849	0.01212
53	0.01669	0.02002	0.07304	0.02956	0.03692	0.01794	0.64926	0.02280	0.01672	0.02280	0.01433	0.01901	0.01072	0.00604	0.00833	0.00239	0.01194	0.00826	0.00357	0.00965
54	0.01477	0.01266	0.01477	0.01055	0.01687	0.00949	0.00844	0.01793	0.01477	0.02320	0.01266	0.01477	0.01055	0.00527	0.00527	0.00105	0.00527	0.00422	0.00422	0.79328
55	0.01017	0.00763	0.01144	0.01144	0.01272	0.00890	0.00890	0.01272	0.01144	0.01653	0.01907	0.02797	0.01780	0.05340	0.72153	0.01144	0.01907	0.00763	0.00381	0.00636
56	0.01413	0.03130	0.57766	0.01816	0.02714	0.01474	0.02261	0.02137	0.01586	0.04600	0.09646	0.02206	0.04525	0.00822	0.00704	0.00226	0.00925	0.00663	0.00392	0.00994
57	0.01036	0.00690	0.00777	0.00777	0.00777	0.00690	0.00431	0.01036	0.01036	0.01381	0.02244	0.04660	0.02589	0.74975	0.03624	0.00690	0.00690	0.01036	0.00431	0.00431
58	0.01719	0.01708	0.03093	0.08642	0.53347	0.01706	0.14835	0.02180	0.01620	0.02284	0.01354	0.01802	0.01107	0.00633	0.00731	0.00219	0.00921	0.00674	0.00352	0.01073
59	0.01008	0.00728	0.00952	0.00896	0.01064	0.00672	0.00672	0.01344	0.02016	0.02855	0.70158	0.05319	0.06719	0.01456	0.00840	0.00224	0.00336	0.01288	0.00784	0.00672
60	0.80005	0.01377	0.01047	0.00936	0.01377	0.01597	0.00771	0.02093	0.01212	0.03195	0.00991	0.01157	0.00771	0.00661	0.00441	0.00220	0.00551	0.00386	0.00441	0.00771
61	0.06609	0.01441	0.01762	0.01357	0.01908	0.01401	0.01121	0.21747	0.02371	0.49024	0.02413	0.02163	0.01560	0.00864	0.00702	0.00218	0.00654	0.00680	0.00813	0.01191
62	0.01521	0.01322	0.01569	0.01235	0.01762	0.01201	0.03661	0.02345	0.21854	0.02479	0.02143	0.04782	0.04812	0.00785	0.00628	0.00165	0.00554	0.00664	0.00530	0.45986
63	0.01477	0.01266	0.01477	0.01055	0.01687	0.00949	0.00844	0.01793	0.01477	0.02320	0.01266	0.01477	0.01055	0.00527	0.00527	0.00105	0.00527	0.00422	0.00422	0.79328
64	0.80005	0.01377	0.01047	0.00936	0.01377	0.01597	0.00771	0.02093	0.01212	0.03195	0.00991	0.01157	0.00771	0.00661	0.00441	0.00220	0.00551	0.00386	0.00441	0.00771
65	0.01709	0.01637	0.02794	0.13182	0.62140	0.01678	0.02159	0.02139	0.01596	0.02261	0.01330	0.01780	0.01105	0.00644	0.00706	0.00215	0.00859	0.00634	0.00348	0.01085

[dist]
# distance from previous block
# <min> <max>
0	3

[block]
# block no. 4 follows, 29 sequences, length 72
# corresponding to MSA columns:
# 201-272
name=unknown_E
#
# <colnr> <probs for GDERKNQSTAVLIFYWHMCP>
#	G	D	E	R	K	N	Q	S	T	A	V	L	I	F	Y	W	H	M	C	P
0	0.01345	0.01266	0.02136	0.73264	0.04904	0.01582	0.01978	0.01819	0.01424	0.01819	0.01266	0.01898	0.00949	0.00712	0.00712	0.00237	0.00949	0.00633	0.00316	0.00791
1	0.05147	0.32001	0.41360	0.01659	0.02508	0.02112	0.01988	0.02199	0.01468	0.02068	0.01151	0.01345	0.00901	0.00649	0.00579	0.00196	0.00915	0.00462	0.00309	0.00985
2	0.01110	0.00752	0.00851	0.00828	0.00859	0.00766	0.00489	0.04060	0.01143	0.01530	0.02208	0.04461	0.02498	0.69164	0.05935	0.00685	0.00738	0.01008	0.00442	0.00474
3	0.01008	0.00728	0.00952	0.00896	0.01064	0.00672	0.00672	0.01344	0.02016	0.02855	0.70158	0.05319	0.06719	0.01456	0.00840	0.00224	0.00336	0.01288	0.00784	0.00672
4	0.01904	0.75404	0.03731	0.01218	0.01828	0.02818	0.01218	0.02132	0.01447	0.01675	0.00990	0.01142	0.00914	0.00609	0.00457	0.00152	0.00761	0.00381	0.00305	0.00914
5	0.02626	0.03329	0.02051	0.01931	0.04811	0.69427	0.01407	0.02818	0.02003	0.01765	0.01110	0.01302	0.00925	0.00730	0.00644	0.00185	0.01267	0.00465	0.00366	0.00837
6	0.01601	0.01291	0.01608	0.01154	0.01785	0.00993	0.03796	0.01927	0.01523	0.06938	0.01377	0.01560	0.01103	0.00554	0.00554	0.00119	0.00562	0.00460	0.00450	0.70644
7	0.02660	0.03394	0.02018	0.01834	0.02201	0.72116	0.01376	0.02843	0.02018	0.01743	0.01101	0.01284	0.00917	0.00734	0.00642	0.00183	0.01284	0.00459	0.00367	0.00825
8	0.80005	0.01377	0.01047	0.00936	0.01377	0.01597	0.00771	0.02093	0.01212	0.03195	0.00991	0.01157	0.00771	0.00661	0.00441	0.00220	0.00551	0.00386	0.00441	0.00771
9	0.00868	0.00620	0.00826	0.00991	0.01033	0.00578	0.00661	0.00991	0.01363	0.01818	0.03925	0.74510	0.04710	0.02231	0.00909	0.00289	0.00413	0.02024	0.00661	0.00578
10	0.01036	0.00690	0.00777	0.00777	0.00777	0.00690	0.00431	0.01036	0.01036	0.01381	0.02244	0.04660	0.02589	0.74975	0.03624	0.00690	0.00690	0.01036	0.00431	0.00431
11	0.02707	0.01995	0.02137	0.01638	0.02208	0.02208	0.01353	0.68159	0.03348	0.04488	0.01710	0.01710	0.01211	0.00855	0.00712	0.00214	0.00784	0.00641	0.00712	0.01211
12	0.03195	0.01212	0.01652	0.01267	0.01818	0.01047	0.01047	0.03470	0.02038	0.71026	0.02809	0.02424	0.01763	0.00881	0.00716	0.00220	0.00606	0.00716	0.00881	0.01212
13	0.01681	0.01921	0.04202	0.03001	0.03721	0.01801	0.67947	0.02281	0.01681	0.02281	0.01441	0.01921	0.01080	0.00600	0.00840	0.00240	0.01200	0.00840	0.00360	0.00960
14	0.03195	0.01212	0.01652	0.01267	0.01818	0.01047	0.01047	0.03470	0.02038	0.71026	0.02809	0.02424	0.01763	0.00881	0.00716	0.00220	0.00606	0.00716	0.00881	0.01212
15	0.03146	0.01291	0.01701	0.01304	0.01857	0.01164	0.01077	0.09982	0.02170	0.64329	0.02699	0.02352	0.01707	0.00879	0.00716	0.00220	0.00624	0.00709	0.00864	0.01212
16	0.01477	0.01266	0.01477	0.01055	0.01687	0.00949	0.00844	0.01793	0.01477	0.02320	0.01266	0.01477	0.01055	0.00527	0.00527	0.00105	0.00527	0.00422	0.00422	0.79328
17	0.01762	0.01692	0.02890	0.04371	0.70533	0.01692	0.02185	0.02185	0.01621	0.02326	0.01339	0.01762	0.01128	0.00634	0.00705	0.00211	0.00846	0.00634	0.00352	0.01128
18	0.01477	0.01266	0.01477	0.01055	0.01687	0.00949	0.00844	0.01793	0.01477	0.02320	0.01266	0.01477	0.01055	0.00527	0.00527	0.00105	0.00527	0.00422	0.00422	0.79328
19	0.01477	0.01266	0.01477	0.01055	0.01687	0.00949	0.00844	0.01793	0.01477	0.02320	0.01266	0.01477	0.01055	0.00527	0.00527	0.00105	0.00527	0.00422	0.00422	0.79328
20	0.01764	0.01411	0.01912	0.04205	0.14631	0.01231	0.03451	0.06546	0.01684	0.08395	0.01449	0.01656	0.01137	0.00609	0.00606	0.00151	0.00647	0.00523	0.00463	0.47528
21	0.03195	0.01212	0.01652	0.01267	0.01818	0.01047	0.01047	0.03470	0.02038	0.71026	0.02809	0.02424	0.01763	0.00881	0.00716	0.00220	0.00606	0.00716	0.00881	0.01212
22	0.01124	0.00803	0.01120	0.01284	0.01438	0.00799	0.01106	0.01434	0.01616	0.02104	0.03783	0.13660	0.04150	0.01989	0.00977	0.00325	0.00635	0.60347	0.00656	0.00649
23	0.01017	0.00763	0.01144	0.01144	0.01272	0.00890	0.00890	0.01272	0.01144	0.01653	0.01907	0.02797	0.01780	0.05340	0.72153	0.01144	0.01907	0.00763	0.00381	0.00636
24	0.02045	0.01595	0.01783	0.01568	0.04575	0.01785	0.01196	0.31592	0.24986	0.03356	0.02152	0.02348	0.01687	0.06095	0.09590	0.00366	0.00843	0.00736	0.00644	0.01060
25	0.00925	0.00759	0.00819	0.00798	0.01027	0.00671	0.00600	0.01227	0.04760	0.02204	0.22790	0.06280	0.51270	0.01679	0.00836	0.00236	0.00364	0.01418	0.00695	0.00642
26	0.01624	0.01310	0.01434	0.01293	0.01643	0.01456	0.01002	0.03130	0.49231	0.05582	0.18170	0.03387	0.05453	0.01101	0.00754	0.00237	0.00507	0.00933	0.00742	0.01010
27	0.01440	0.03598	0.68044	0.02076	0.03113	0.01661	0.05787	0.02256	0.01512	0.02256	0.01286	0.01524	0.00911	0.00673	0.00684	0.00226	0.01060	0.00541	0.00304	0.01048
28	0.80005	0.01377	0.01047	0.00936	0.01377	0.01597	0.00771	0.02093	0.01212	0.03195	0.00991	0.01157	0.00771	0.00661	0.00441	0.00220	0.00551	0.00386	0.00441	0.00771
29	0.01147	0.00820	0.01147	0.01311	0.01475	0.00820	0.01147	0.01475	0.01639	0.02131	0.03770	0.08032	0.04098	0.01967	0.00984	0.00328	0.00656	0.65741	0.00656	0.00656
30	0.01720	0.01649	0.02814	0.11326	0.63908	0.01681	0.02164	0.02148	0.01601	0.02275	0.01332	0.01776	0.01110	0.00642	0.00706	0.00214	0.00856	0.00634	0.00349	0.01094
31	0.00994	0.00717	0.00939	0.00905	0.01061	0.00663	0.00671	0.01309	0.01951	0.02753	0.63616	0.12153	0.06520	0.01532	0.00847	0.00230	0.00344	0.01360	0.00772	0.00663
32	0.80005	0.01377	0.01047	0.00936	0.01377	0.01597	0.00771	0.02093	0.01212	0.03195	0.00991	0.01157	0.00771	0.00661	0.00441	0.00220	0.00551	0.00386	0.00441	0.00771
33	0.80005	0.01377	0.01047	0.00936	0.01377	0.01597	0.00771	0.02093	0.01212	0.03195	0.00991	0.01157	0.00771	0.00661	0.00441	0.00220	0.00551	0.00386	0.00441	0.00771
34	0.01762	0.01692	0.02890	0.04371	0.70533	0.01692	0.02185	0.02185	0.01621	0.02326	0.01339	0.01762	0.01128	0.00634	0.00705	0.00211	0.00846	0.00634	0.00352	0.01128
35	0.01345	0.01266	0.02136	0.73264	0.04904	0.01582	0.01978	0.01819	0.01424	0.01819	0.01266	0.01898	0.00949	0.00712	0.00712	0.00237	0.00949	0.00633	0.00316	0.00791
36	0.01709	0.01480	0.01589	0.04357	0.01934	0.01707	0.01134	0.03570	0.63200	0.02880	0.03040	0.02828	0.05413	0.00996	0.00730	0.00241	0.00570	0.00832	0.00705	0.01088
37	0.01008	0.00728	0.00952	0.00896	0.01064	0.00672	0.00672	0.01344	0.02016	0.02855	0.70158	0.05319	0.06719	0.01456	0.00840	0.00224	0.00336	0.01288	0.00784	0.00672
38	0.00842	0.00721	0.00721	0.00721	0.00962	0.00601	0.00541	0.01022	0.01623	0.01924	0.07213	0.06853	0.70244	0.01803	0.00842	0.00240	0.00361	0.01503	0.00661	0.00601
39	0.01001	0.00728	0.00943	0.00889	0.01060	0.00669	0.00667	0.01331	0.02000	0.02819	0.67679	0.05379	0.09220	0.01469	0.00840	0.00225	0.00337	0.01296	0.00779	0.00669
40	0.01507	0.01293	0.01490	0.01096	0.01705	0.01034	0.00873	0.01999	0.08505	0.02389	0.01435	0.01599	0.01171	0.00573	0.00548	0.00120	0.00531	0.00462	0.00453	0.71218
41	0.01477	0.01266	0.01477	0.01055	0.01687	0.00949	0.00844	0.01793	0.01477	0.02320	0.01266	0.01477	0.01055	0.00527	0.00527	0.00105	0.00527	0.00422	0.00422	0.79328
42	0.01428	0.03683	0.71286	0.02030	0.03082	0.01654	0.02631	0.02255	0.01503	0.02255	0.01278	0.01503	0.00902	0.00677	0.00677	0.00226	0.01052	0.00526	0.00301	0.01052
43	0.03110	0.01373	0.01720	0.01412	0.04226	0.05779	0.01108	0.03384	0.02022	0.64052	0.02645	0.02325	0.01685	0.00863	0.00711	0.00218	0.00659	0.00696	0.00829	0.01183
44	0.80005	0.01377	0.01047	0.00936	0.01377	0.01597	0.00771	0.02093	0.01212	0.03195	0.00991	0.01157	0.00771	0.00661	0.00441	0.00220	0.00551	0.00386	0.00441	0.00771
45	0.01017	0.00763	0.01144	0.01144	0.01272	0.00890	0.00890	0.01272	0.01144	0.01653	0.01907	0.02797	0.01780	0.05340	0.72153	0.01144	0.01907	0.00763	0.00381	0.00636
46	0.76585	0.04619	0.01164	0.00949	0.01397	0.01651	0.00791	0.02095	0.01222	0.03128	0.00991	0.01156	0.00777	0.00659	0.00441	0.00217	0.00560	0.00385	0.00435	0.00777
47	0.01794	0.01813	0.05169	0.02843	0.19931	0.01697	0.30424	0.11739	0.01871	0.02601	0.01515	0.04245	0.01226	0.00695	0.00752	0.00216	0.00948	0.00746	0.00424	0.09351
48	0.01680	0.01608	0.02741	0.17992	0.57557	0.01670	0.02144	0.02113	0.01582	0.02226	0.01325	0.01789	0.01093	0.00650	0.00706	0.00217	0.00866	0.00634	0.00345	0.01061
49	0.76560	0.01372	0.01094	0.04104	0.01532	0.01597	0.00824	0.02081	0.01221	0.03135	0.01003	0.01189	0.00779	0.00663	0.00453	0.00221	0.00568	0.00396	0.00435	0.00772
50	0.01226	0.00879	0.01197	0.01328	0.01512	0.00890	0.01158	0.04839	0.01725	0.02250	0.03666	0.07713	0.03952	0.01911	0.00970	0.00322	0.00662	0.62457	0.00659	0.00684
51	0.02686	0.03248	0.02006	0.01802	0.02184	0.66532	0.01360	0.05106	0.02064	0.04949	0.01198	0.01350	0.00965	0.00745	0.00648	0.00186	0.01237	0.00476	0.00402	0.00856
52	0.01428	0.03683	0.71286	0.02030	0.03082	0.01654	0.02631	0.02255	0.01503	0.02255	0.01278	0.01503	0.00902	0.00677	0.00677	0.00226	0.01052	0.00526	0.00301	0.01052
53	0.00842	0.00721	0.00721	0.00721	0.00962	0.00601	0.00541	0.01022	0.01623	0.01924	0.07213	0.06853	0.70244	0.01803	0.00842	0.00240	0.00361	0.01503	0.00661	0.00601
54	0.01477	0.01266	0.01477	0.01055	0.01687	0.00949	0.00844	0.01793	0.01477	0.02320	0.01266	0.01477	0.01055	0.00527	0.00527	0.00105	0.00527	0.00422	0.00422	0.79328
55	0.01477	0.01266	0.01477	0.01055	0.01687	0.00949	0.00844	0.01793	0.01477	0.02320	0.01266	0.01477	0.01055	0.00527	0.00527	0.00105	0.00527	0.00422	0.00422	0.79328
56	0.80005	0.01377	0.01047	0.00936	0.01377	0.01597	0.00771	0.02093	0.01212	0.03195	0.00991	0.01157	0.00771	0.00661	0.00441	0.00220	0.00551	0.00386	0.00441	0.00771
57	0.08476	0.01253	0.01629	0.01258	0.01802	0.01129	0.01039	0.05846	0.02031	0.63805	0.02642	0.02309	0.01673	0.00865	0.00697	0.00220	0.00609	0.00690	0.00844	0.01181
58	0.01745	0.01691	0.06836	0.01493	0.01944	0.01762	0.01240	0.03669	0.64166	0.02924	0.02777	0.02570	0.02078	0.00944	0.00721	0.00240	0.00600	0.00784	0.00693	0.01121
59	0.01036	0.00690	0.00777	0.00777	0.00777	0.00690	0.00431	0.01036	0.01036	0.01381	0.02244	0.04660	0.02589	0.74975	0.03624	0.00690	0.00690	0.01036	0.00431	0.00431
60	0.01607	0.14685	0.49755	0.01909	0.02801	0.06133	0.05414	0.02350	0.04952	0.02171	0.01312	0.01512	0.00978	0.00680	0.00650	0.00213	0.01003	0.00529	0.00330	0.01016
61	0.00879	0.00628	0.00839	0.01005	0.01051	0.00588	0.00681	0.01011	0.01375	0.01831	0.03918	0.71786	0.04685	0.02220	0.00912	0.00291	0.00423	0.04636	0.00661	0.00582
62	0.02625	0.06818	0.02105	0.01797	0.02184	0.66029	0.01367	0.05368	0.02042	0.01847	0.01119	0.01294	0.00929	0.00732	0.00636	0.00183	0.01239	0.00462	0.00377	0.00845
63	0.00867	0.00711	0.00764	0.00774	0.00983	0.00608	0.00572	0.01062	0.01647	0.02037	0.15284	0.13970	0.54648	0.01803	0.00849	0.00244	0.00363	0.01530	0.00678	0.00608
64	0.01428	0.03683	0.71286	0.02030	0.03082	0.01654	0.02631	0.02255	0.01503	0.02255	0.01278	0.01503	0.00902	0.00677	0.00677	0.00226	0.01052	0.00526	0.00301	0.01052
65	0.00866	0.00625	0.00821	0.00978	0.01029	0.00580	0.00655	0.00993	0.01376	0.01823	0.04091	0.71098	0.08015	0.02209	0.00905	0.00287	0.00410	0.01998	0.00661	0.00580
66	0.00868	0.00620	0.00826	0.00991	0.01033	0.00578	0.00661	0.00991	0.01363	0.01818	0.03925	0.74510	0.04710	0.02231	0.00909	0.00289	0.00413	0.02024	0.00661	0.00578
67	0.01621	0.02180	0.15583	0.06757	0.05887	0.01760	0.50896	0.02248	0.01634	0.02252	0.01400	0.01842	0.01044	0.00621	0.00801	0.00236	0.01149	0.00768	0.00347	0.00972
68	0.00989	0.00724	0.00928	0.00885	0.01054	0.00663	0.00661	0.01305	0.01960	0.02742	0.62614	0.07868	0.11922	0.01512	0.00842	0.00228	0.00341	0.01331	0.00769	0.00663
69	0.01409	0.03775	0.04760	0.01841	0.14954	0.01304	0.01253	0.02222	0.21016	0.02416	0.09431	0.11359	0.09946	0.01280	0.00788	0.00247	0.00601	0.09900	0.00602	0.00897
70	0.01847	0.01444	0.01963	0.07276	0.04288	0.01323	0.08061	0.13328	0.01867	0.09090	0.01596	0.04133	0.01266	0.00699	0.00642	0.00169	0.00688	0.00607	0.00506	0.39207
71	0.01613	0.01314	0.01518	0.01122	0.01726	0.01076	0.00897	0.04188	0.08400	0.05148	0.01505	0.01640	0.01200	0.00596	0.00561	0.00127	0.00542	0.00479	0.00480	0.65867

[dist]
# distance from previous block
# <min> <max>
0	5

# created by:
# /st0/software/busco_prod/Augustus/scripts/msa2prfl.pl ./align_prep/145607.fa
