[name]
unknown

[dist]
# distance from previous block
# <min> <max>
40	62

[block]
# block no. 0 follows, 29 sequences, length 15
# corresponding to MSA columns:
# 73-87
name=unknown_A
#
# <colnr> <probs for GDERKNQSTAVLIFYWHMCP>
#	G	D	E	R	K	N	Q	S	T	A	V	L	I	F	Y	W	H	M	C	P
0	0.04373	0.01820	0.01941	0.09928	0.12027	0.13405	0.01380	0.18878	0.06713	0.07710	0.04123	0.01951	0.01446	0.00794	0.00672	0.00205	0.00799	0.00631	0.06132	0.05070
1	0.01418	0.01110	0.01404	0.08337	0.06385	0.01101	0.00975	0.08145	0.05106	0.02310	0.05976	0.09439	0.02191	0.16389	0.03625	0.00327	0.00660	0.00854	0.06097	0.18152
2	0.07372	0.03460	0.04282	0.01945	0.18096	0.03485	0.01270	0.13001	0.09493	0.02800	0.01784	0.02095	0.01434	0.04611	0.00778	0.00223	0.00665	0.00636	0.17028	0.05540
3	0.01570	0.01119	0.01432	0.01320	0.05006	0.01099	0.03898	0.13460	0.01683	0.06943	0.02280	0.15175	0.02332	0.28933	0.01827	0.00396	0.00668	0.01014	0.00543	0.09302
4	0.02118	0.02002	0.05305	0.11600	0.26869	0.15330	0.01720	0.08733	0.01876	0.10721	0.01491	0.01733	0.01135	0.00710	0.00684	0.00205	0.00899	0.00593	0.00452	0.05825
5	0.01673	0.01572	0.01277	0.01210	0.01436	0.21827	0.00876	0.04680	0.01710	0.06849	0.06450	0.20162	0.12552	0.13055	0.01225	0.00303	0.00733	0.01139	0.00562	0.00709
6	0.01792	0.01283	0.01569	0.06409	0.01846	0.01351	0.02920	0.26296	0.02269	0.07053	0.16922	0.11391	0.05369	0.08976	0.01078	0.00279	0.00634	0.01020	0.00662	0.00882
7	0.07475	0.01610	0.02068	0.26112	0.14927	0.05362	0.01600	0.20458	0.01998	0.02770	0.01427	0.01784	0.01093	0.00803	0.00750	0.02989	0.00831	0.00610	0.04388	0.00945
8	0.04307	0.00875	0.01127	0.01133	0.05235	0.00805	0.00798	0.01668	0.01854	0.13066	0.37767	0.09294	0.16500	0.01402	0.00803	0.00230	0.00425	0.01214	0.00731	0.00767
9	0.02578	0.02002	0.02047	0.01602	0.02136	0.06846	0.01306	0.58393	0.03103	0.04105	0.01754	0.04998	0.01345	0.00898	0.00710	0.00211	0.00792	0.00684	0.00677	0.03810
10	0.10435	0.01978	0.09016	0.02239	0.18396	0.08690	0.04240	0.13248	0.07581	0.12813	0.03398	0.01882	0.01377	0.00770	0.00681	0.00217	0.00812	0.00632	0.00536	0.01060
11	0.01935	0.01121	0.01508	0.06340	0.01828	0.01072	0.04312	0.08002	0.04179	0.25593	0.15375	0.06307	0.16985	0.01198	0.00777	0.00230	0.00569	0.01025	0.00724	0.00920
12	0.11340	0.01827	0.12797	0.04139	0.23171	0.01532	0.05852	0.08655	0.01789	0.10960	0.04914	0.02239	0.06074	0.00811	0.00695	0.00221	0.00776	0.00699	0.00494	0.01017
13	0.01818	0.01325	0.04045	0.06638	0.01978	0.01199	0.02752	0.08772	0.08761	0.15430	0.07804	0.06909	0.06754	0.01000	0.00712	0.00206	0.00610	0.03147	0.00621	0.19519
14	0.01987	0.01539	0.02070	0.01588	0.02117	0.01525	0.11986	0.24280	0.06136	0.08560	0.02210	0.05170	0.06127	0.01110	0.04434	0.00252	0.00788	0.00766	0.00588	0.16767

[dist]
# distance from previous block
# <min> <max>
6	21

[block]
# block no. 1 follows, 29 sequences, length 69
# corresponding to MSA columns:
# 109-177
name=unknown_B
#
# <colnr> <probs for GDERKNQSTAVLIFYWHMCP>
#	G	D	E	R	K	N	Q	S	T	A	V	L	I	F	Y	W	H	M	C	P
0	0.06557	0.06118	0.32171	0.02028	0.09179	0.01651	0.07956	0.09282	0.01647	0.02423	0.01440	0.01914	0.01174	0.07563	0.05614	0.00322	0.00994	0.00623	0.00382	0.00962
1	0.01275	0.05614	0.13647	0.01164	0.01493	0.01019	0.01046	0.01544	0.01366	0.06356	0.04850	0.18165	0.04578	0.20193	0.10117	0.00456	0.00812	0.01053	0.00491	0.04761
2	0.01724	0.13705	0.44212	0.01876	0.02701	0.05962	0.04456	0.06593	0.01644	0.04390	0.01286	0.01498	0.00960	0.00720	0.00753	0.00217	0.05405	0.00532	0.00353	0.01015
3	0.01847	0.44140	0.06784	0.01264	0.01785	0.02098	0.01208	0.02184	0.03820	0.10281	0.01486	0.01715	0.01240	0.01636	0.15312	0.00373	0.00989	0.00524	0.00406	0.00909
4	0.01030	0.00964	0.07420	0.01208	0.03666	0.00736	0.00908	0.01246	0.01444	0.04076	0.07396	0.59016	0.04260	0.01946	0.00870	0.00275	0.00489	0.01755	0.00631	0.00666
5	0.05344	0.01862	0.12797	0.01660	0.06069	0.01569	0.01431	0.21113	0.07709	0.27230	0.04501	0.02116	0.01609	0.00846	0.00703	0.00221	0.00725	0.00676	0.00680	0.01139
6	0.16879	0.01534	0.08943	0.01340	0.01909	0.01228	0.07158	0.02087	0.03544	0.08251	0.07616	0.02248	0.01735	0.00774	0.00627	0.00188	0.00646	0.03946	0.00498	0.28848
7	0.02168	0.47187	0.03092	0.01549	0.04381	0.27433	0.01308	0.02387	0.01656	0.01722	0.01042	0.01215	0.00923	0.00654	0.00532	0.00165	0.00950	0.00417	0.00328	0.00890
8	0.62719	0.01780	0.12200	0.01153	0.01699	0.01645	0.01101	0.06295	0.01393	0.03128	0.01082	0.01246	0.00820	0.00676	0.00495	0.00221	0.00645	0.00424	0.00436	0.00843
9	0.01320	0.08121	0.17418	0.01216	0.01644	0.01109	0.01196	0.01742	0.01807	0.07055	0.39454	0.08274	0.04405	0.01212	0.00764	0.00222	0.00562	0.01040	0.00628	0.00811
10	0.01165	0.00799	0.01026	0.00947	0.01148	0.00755	0.00718	0.01595	0.05914	0.06380	0.62784	0.05015	0.06200	0.01398	0.00827	0.00225	0.00363	0.01230	0.00785	0.00726
11	0.01019	0.00758	0.01118	0.01118	0.01236	0.00876	0.00857	0.01254	0.01137	0.01633	0.01932	0.02932	0.01839	0.10368	0.67206	0.01112	0.01819	0.00783	0.00385	0.00621
12	0.01632	0.05978	0.03419	0.15080	0.19409	0.01762	0.35523	0.02134	0.01600	0.02165	0.01433	0.03925	0.01164	0.00675	0.00767	0.00229	0.01027	0.00764	0.00356	0.00957
13	0.01818	0.01901	0.05211	0.06195	0.60013	0.07973	0.02122	0.02235	0.01646	0.02256	0.01314	0.01715	0.01096	0.00647	0.00699	0.00210	0.00896	0.00615	0.00351	0.01088
14	0.01771	0.01530	0.01610	0.01449	0.01852	0.01771	0.01127	0.03784	0.69247	0.02979	0.02898	0.02657	0.02174	0.00966	0.00725	0.00242	0.00564	0.00805	0.00725	0.01127
15	0.00868	0.00620	0.00826	0.00991	0.01033	0.00578	0.00661	0.00991	0.01363	0.01818	0.03925	0.74510	0.04710	0.02231	0.00909	0.00289	0.00413	0.02024	0.00661	0.00578
16	0.01659	0.01320	0.02260	0.55567	0.04321	0.01522	0.08164	0.02115	0.01542	0.12396	0.01517	0.01981	0.01086	0.00727	0.00725	0.00235	0.00921	0.00665	0.00407	0.00871
17	0.00882	0.00630	0.00842	0.01007	0.01055	0.00590	0.00685	0.01016	0.01377	0.01833	0.03917	0.71192	0.04679	0.02218	0.00913	0.00291	0.00425	0.05204	0.00661	0.00582
18	0.01008	0.00728	0.00952	0.00896	0.01064	0.00672	0.00672	0.01344	0.02016	0.02855	0.70158	0.05319	0.06719	0.01456	0.00840	0.00224	0.00336	0.01288	0.00784	0.00672
19	0.01428	0.03683	0.71286	0.02030	0.03082	0.01654	0.02631	0.02255	0.01503	0.02255	0.01278	0.01503	0.00902	0.00677	0.00677	0.00226	0.01052	0.00526	0.00301	0.01052
20	0.10359	0.00794	0.00762	0.00731	0.00943	0.00827	0.00561	0.04167	0.01530	0.02784	0.02148	0.02449	0.01682	0.00811	0.00499	0.00174	0.00374	0.00631	0.67078	0.00696
21	0.02885	0.01709	0.01961	0.01503	0.02066	0.01785	0.01242	0.44596	0.02871	0.28724	0.02110	0.01970	0.01412	0.00864	0.00714	0.00216	0.00719	0.00668	0.00774	0.01211
22	0.01147	0.00820	0.01147	0.01311	0.01475	0.00820	0.01147	0.01475	0.01639	0.02131	0.03770	0.08032	0.04098	0.01967	0.00984	0.00328	0.00656	0.65741	0.00656	0.00656
23	0.01036	0.00690	0.00777	0.00777	0.00777	0.00690	0.00431	0.01036	0.01036	0.01381	0.02244	0.04660	0.02589	0.74975	0.03624	0.00690	0.00690	0.01036	0.00431	0.00431
24	0.03195	0.01212	0.01652	0.01267	0.01818	0.01047	0.01047	0.03470	0.02038	0.71026	0.02809	0.02424	0.01763	0.00881	0.00716	0.00220	0.00606	0.00716	0.00881	0.01212
25	0.03195	0.01212	0.01652	0.01267	0.01818	0.01047	0.01047	0.03470	0.02038	0.71026	0.02809	0.02424	0.01763	0.00881	0.00716	0.00220	0.00606	0.00716	0.00881	0.01212
26	0.00953	0.00686	0.00903	0.00933	0.01052	0.00636	0.00668	0.01207	0.01763	0.02453	0.44462	0.32163	0.05939	0.01756	0.00867	0.00249	0.00366	0.01574	0.00736	0.00636
27	0.10682	0.01722	0.01712	0.01458	0.01912	0.05359	0.01159	0.20919	0.38632	0.05390	0.02276	0.02161	0.01685	0.00888	0.00686	0.00228	0.00659	0.00695	0.00677	0.01098
28	0.80005	0.01377	0.01047	0.00936	0.01377	0.01597	0.00771	0.02093	0.01212	0.03195	0.00991	0.01157	0.00771	0.00661	0.00441	0.00220	0.00551	0.00386	0.00441	0.00771
29	0.00868	0.00620	0.00826	0.00991	0.01033	0.00578	0.00661	0.00991	0.01363	0.01818	0.03925	0.74510	0.04710	0.02231	0.00909	0.00289	0.00413	0.02024	0.00661	0.00578
30	0.01790	0.00922	0.01216	0.01043	0.01351	0.00838	0.00817	0.02161	0.04256	0.26448	0.44621	0.04229	0.04853	0.01241	0.00793	0.00223	0.00437	0.01074	0.00816	0.00874
31	0.01018	0.00759	0.01124	0.01124	0.01244	0.00879	0.00865	0.01258	0.01138	0.01638	0.01926	0.02900	0.01825	0.09193	0.68362	0.01119	0.01840	0.00778	0.00384	0.00624
32	0.00984	0.00677	0.00796	0.00832	0.00864	0.00658	0.00506	0.01042	0.01201	0.01599	0.06840	0.21550	0.06827	0.49506	0.02669	0.00544	0.00586	0.01311	0.00519	0.00489
33	0.00868	0.00620	0.00826	0.00991	0.01033	0.00578	0.00661	0.00991	0.01363	0.01818	0.03925	0.74510	0.04710	0.02231	0.00909	0.00289	0.00413	0.02024	0.00661	0.00578
34	0.02707	0.01995	0.02137	0.01638	0.02208	0.02208	0.01353	0.68159	0.03348	0.04488	0.01710	0.01710	0.01211	0.00855	0.00712	0.00214	0.00784	0.00641	0.00712	0.01211
35	0.02665	0.03240	0.02031	0.01813	0.02202	0.64457	0.01373	0.10000	0.02164	0.02043	0.01167	0.01331	0.00949	0.00747	0.00650	0.00187	0.01229	0.00479	0.00405	0.00868
36	0.02707	0.01995	0.02137	0.01638	0.02208	0.02208	0.01353	0.68159	0.03348	0.04488	0.01710	0.01710	0.01211	0.00855	0.00712	0.00214	0.00784	0.00641	0.00712	0.01211
37	0.00868	0.00620	0.00826	0.00991	0.01033	0.00578	0.00661	0.00991	0.01363	0.01818	0.03925	0.74510	0.04710	0.02231	0.00909	0.00289	0.00413	0.02024	0.00661	0.00578
38	0.05666	0.01399	0.01716	0.01328	0.01873	0.03331	0.01093	0.13110	0.02206	0.56744	0.02533	0.02241	0.01622	0.00866	0.00704	0.00218	0.00651	0.00686	0.00826	0.01186
39	0.00843	0.00716	0.00727	0.00735	0.00965	0.00600	0.00547	0.01020	0.01610	0.01918	0.07049	0.10230	0.66973	0.01825	0.00845	0.00243	0.00363	0.01529	0.00661	0.00600
40	0.01428	0.03683	0.71286	0.02030	0.03082	0.01654	0.02631	0.02255	0.01503	0.02255	0.01278	0.01503	0.00902	0.00677	0.00677	0.00226	0.01052	0.00526	0.00301	0.01052
41	0.02610	0.03300	0.02066	0.01975	0.05982	0.68220	0.01421	0.02807	0.01996	0.01775	0.01114	0.01311	0.00929	0.00728	0.00646	0.00185	0.01260	0.00468	0.00366	0.00842
42	0.01017	0.00763	0.01144	0.01144	0.01272	0.00890	0.00890	0.01272	0.01144	0.01653	0.01907	0.02797	0.01780	0.05340	0.72153	0.01144	0.01907	0.00763	0.00381	0.00636
43	0.01036	0.00690	0.00777	0.00777	0.00777	0.00690	0.00431	0.01036	0.01036	0.01381	0.02244	0.04660	0.02589	0.74975	0.03624	0.00690	0.00690	0.01036	0.00431	0.00431
44	0.68341	0.01427	0.01185	0.01022	0.01481	0.01626	0.00842	0.08506	0.01462	0.07072	0.01161	0.01280	0.00868	0.00692	0.00482	0.00220	0.00576	0.00428	0.00491	0.00838
45	0.01327	0.00664	0.00664	0.00664	0.00830	0.00664	0.00498	0.01659	0.01493	0.02655	0.02323	0.02655	0.01825	0.00830	0.00498	0.00166	0.00332	0.00664	0.78928	0.00664
46	0.01035	0.00692	0.00783	0.00781	0.00787	0.00690	0.00440	0.01046	0.01070	0.01433	0.04645	0.04683	0.02735	0.72375	0.03526	0.00674	0.00678	0.01044	0.00444	0.00440
47	0.01036	0.00690	0.00777	0.00777	0.00777	0.00690	0.00431	0.01036	0.01036	0.01381	0.02244	0.04660	0.02589	0.74975	0.03624	0.00690	0.00690	0.01036	0.00431	0.00431
48	0.05180	0.01588	0.01831	0.01416	0.01954	0.01636	0.01167	0.36277	0.02653	0.31678	0.02170	0.02033	0.01455	0.00859	0.00695	0.00214	0.00681	0.00665	0.04677	0.01171
49	0.00868	0.00620	0.00826	0.00991	0.01033	0.00578	0.00661	0.00991	0.01363	0.01818	0.03925	0.74510	0.04710	0.02231	0.00909	0.00289	0.00413	0.02024	0.00661	0.00578
50	0.01477	0.01266	0.01477	0.01055	0.01687	0.00949	0.00844	0.01793	0.01477	0.02320	0.01266	0.01477	0.01055	0.00527	0.00527	0.00105	0.00527	0.00422	0.00422	0.79328
51	0.00842	0.00721	0.00721	0.00721	0.00962	0.00601	0.00541	0.01022	0.01623	0.01924	0.07213	0.06853	0.70244	0.01803	0.00842	0.00240	0.00361	0.01503	0.00661	0.00601
52	0.01008	0.00728	0.00952	0.00896	0.01064	0.00672	0.00672	0.01344	0.02016	0.02855	0.70158	0.05319	0.06719	0.01456	0.00840	0.00224	0.00336	0.01288	0.00784	0.00672
53	0.00892	0.00717	0.00772	0.00789	0.00981	0.00626	0.00579	0.01066	0.01566	0.01925	0.10091	0.11116	0.50914	0.09837	0.01159	0.00297	0.00415	0.05027	0.00643	0.00588
54	0.02644	0.01963	0.02102	0.01626	0.02184	0.02179	0.01338	0.63852	0.07757	0.04387	0.01789	0.01773	0.01275	0.00862	0.00713	0.00216	0.00769	0.00652	0.00713	0.01205
55	0.02655	0.01969	0.02108	0.01628	0.02188	0.02184	0.01341	0.64597	0.06994	0.04404	0.01775	0.01762	0.01264	0.00861	0.00713	0.00215	0.00771	0.00650	0.00713	0.01206
56	0.01088	0.00801	0.01065	0.01197	0.01376	0.00777	0.01030	0.01388	0.01636	0.02091	0.04435	0.07804	0.16866	0.01935	0.00956	0.00311	0.00599	0.53341	0.00657	0.00645
57	0.01345	0.01266	0.02136	0.73264	0.04904	0.01582	0.01978	0.01819	0.01424	0.01819	0.01266	0.01898	0.00949	0.00712	0.00712	0.00237	0.00949	0.00633	0.00316	0.00791
58	0.01237	0.00618	0.00928	0.00928	0.00928	0.00618	0.00618	0.00928	0.00928	0.01237	0.01237	0.02165	0.01237	0.02474	0.02783	0.79283	0.00618	0.00618	0.00309	0.00309
59	0.63770	0.05514	0.01338	0.01093	0.01530	0.12789	0.00890	0.02214	0.01351	0.02887	0.01009	0.01176	0.00802	0.00670	0.00473	0.00211	0.00677	0.00397	0.00422	0.00787
60	0.00931	0.00719	0.00849	0.00829	0.01020	0.00637	0.00617	0.01190	0.01815	0.02410	0.40267	0.09965	0.32894	0.01645	0.00845	0.00235	0.00351	0.01419	0.00726	0.00637
61	0.02917	0.08369	0.01856	0.01274	0.01812	0.01294	0.01069	0.08633	0.02090	0.55302	0.06017	0.02390	0.01891	0.00883	0.00697	0.00213	0.00622	0.00707	0.00807	0.01155
62	0.15136	0.01210	0.01486	0.01178	0.01680	0.01131	0.00967	0.03135	0.04126	0.53207	0.02491	0.02248	0.01624	0.00846	0.00657	0.00217	0.00576	0.00663	0.06320	0.01101
63	0.80005	0.01377	0.01047	0.00936	0.01377	0.01597	0.00771	0.02093	0.01212	0.03195	0.00991	0.01157	0.00771	0.00661	0.00441	0.00220	0.00551	0.00386	0.00441	0.00771
64	0.01345	0.01266	0.02136	0.73264	0.04904	0.01582	0.01978	0.01819	0.01424	0.01819	0.01266	0.01898	0.00949	0.00712	0.00712	0.00237	0.00949	0.00633	0.00316	0.00791
65	0.01762	0.01692	0.02890	0.04371	0.70533	0.01692	0.02185	0.02185	0.01621	0.02326	0.01339	0.01762	0.01128	0.00634	0.00705	0.00211	0.00846	0.00634	0.00352	0.01128
66	0.01765	0.01557	0.01793	0.01559	0.01984	0.01773	0.05847	0.03678	0.64474	0.02929	0.02795	0.02605	0.02096	0.00940	0.00733	0.00241	0.00609	0.00808	0.00699	0.01115
67	0.01097	0.00784	0.01088	0.01246	0.01389	0.00775	0.01052	0.01391	0.01605	0.02101	0.05798	0.19023	0.04279	0.01996	0.00967	0.00318	0.00606	0.53184	0.00660	0.00643
68	0.01008	0.00728	0.00952	0.00896	0.01064	0.00672	0.00672	0.01344	0.02016	0.02855	0.70158	0.05319	0.06719	0.01456	0.00840	0.00224	0.00336	0.01288	0.00784	0.00672

[dist]
# distance from previous block
# <min> <max>
0	9

[block]
# block no. 2 follows, 29 sequences, length 35
# corresponding to MSA columns:
# 187-221
name=unknown_C
#
# <colnr> <probs for GDERKNQSTAVLIFYWHMCP>
#	G	D	E	R	K	N	Q	S	T	A	V	L	I	F	Y	W	H	M	C	P
0	0.03195	0.01212	0.01652	0.01267	0.01818	0.01047	0.01047	0.03470	0.02038	0.71026	0.02809	0.02424	0.01763	0.00881	0.00716	0.00220	0.00606	0.00716	0.00881	0.01212
1	0.01771	0.01530	0.01610	0.01449	0.01852	0.01771	0.01127	0.03784	0.69247	0.02979	0.02898	0.02657	0.02174	0.00966	0.00725	0.00242	0.00564	0.00805	0.00725	0.01127
2	0.01825	0.01042	0.01295	0.01120	0.01446	0.01018	0.00872	0.02487	0.16271	0.23204	0.33347	0.03865	0.04126	0.03771	0.00876	0.00243	0.00477	0.01005	0.00788	0.00921
3	0.01066	0.00794	0.01019	0.01073	0.01251	0.00767	0.00867	0.01438	0.04943	0.02349	0.25534	0.11919	0.14584	0.01752	0.00899	0.00275	0.00487	0.27613	0.00701	0.00669
4	0.00868	0.00620	0.00826	0.00991	0.01033	0.00578	0.00661	0.00991	0.01363	0.01818	0.03925	0.74510	0.04710	0.02231	0.00909	0.00289	0.00413	0.02024	0.00661	0.00578
5	0.00868	0.00620	0.00826	0.00991	0.01033	0.00578	0.00661	0.00991	0.01363	0.01818	0.03925	0.74510	0.04710	0.02231	0.00909	0.00289	0.00413	0.02024	0.00661	0.00578
6	0.00969	0.00669	0.00796	0.00850	0.00880	0.00648	0.00521	0.01029	0.01202	0.01596	0.04984	0.28413	0.06566	0.44864	0.02497	0.00520	0.00571	0.01399	0.00530	0.00496
7	0.00983	0.00727	0.00917	0.00870	0.01048	0.00661	0.00652	0.01295	0.01957	0.02715	0.60680	0.05550	0.16284	0.01508	0.00840	0.00226	0.00340	0.01320	0.00765	0.00661
8	0.00868	0.00620	0.00826	0.00991	0.01033	0.00578	0.00661	0.00991	0.01363	0.01818	0.03925	0.74510	0.04710	0.02231	0.00909	0.00289	0.00413	0.02024	0.00661	0.00578
9	0.02752	0.01922	0.02092	0.01604	0.02172	0.02101	0.01325	0.62193	0.03227	0.10624	0.01811	0.01775	0.01262	0.00857	0.00713	0.00214	0.00767	0.00648	0.00728	0.01211
10	0.80005	0.01377	0.01047	0.00936	0.01377	0.01597	0.00771	0.02093	0.01212	0.03195	0.00991	0.01157	0.00771	0.00661	0.00441	0.00220	0.00551	0.00386	0.00441	0.00771
11	0.01477	0.01266	0.01477	0.01055	0.01687	0.00949	0.00844	0.01793	0.01477	0.02320	0.01266	0.01477	0.01055	0.00527	0.00527	0.00105	0.00527	0.00422	0.00422	0.79328
12	0.00978	0.00716	0.00917	0.00890	0.01051	0.00656	0.00659	0.01277	0.01911	0.02661	0.57404	0.12720	0.12366	0.01569	0.00847	0.00232	0.00346	0.01385	0.00760	0.00656
13	0.01762	0.01692	0.02890	0.04371	0.70533	0.01692	0.02185	0.02185	0.01621	0.02326	0.01339	0.01762	0.01128	0.00634	0.00705	0.00211	0.00846	0.00634	0.00352	0.01128
14	0.03195	0.01212	0.01652	0.01267	0.01818	0.01047	0.01047	0.03470	0.02038	0.71026	0.02809	0.02424	0.01763	0.00881	0.00716	0.00220	0.00606	0.00716	0.00881	0.01212
15	0.00929	0.00671	0.00866	0.01002	0.01070	0.00634	0.00679	0.03266	0.01442	0.01913	0.03990	0.69155	0.07393	0.02166	0.00899	0.00285	0.00423	0.01955	0.00663	0.00601
16	0.02097	0.02082	0.01735	0.01559	0.01956	0.23048	0.01199	0.03486	0.46209	0.05314	0.02350	0.02232	0.01777	0.00892	0.00699	0.00223	0.00783	0.00697	0.00622	0.01039
17	0.01017	0.00763	0.01144	0.01144	0.01272	0.00890	0.00890	0.01272	0.01144	0.01653	0.01907	0.02797	0.01780	0.05340	0.72153	0.01144	0.01907	0.00763	0.00381	0.00636
18	0.00963	0.00681	0.00899	0.01031	0.01099	0.00655	0.00741	0.01124	0.01401	0.01861	0.05871	0.46005	0.04314	0.13096	0.01333	0.00356	0.00509	0.16852	0.00629	0.00578
19	0.00864	0.00634	0.00812	0.00954	0.01023	0.00582	0.00644	0.00996	0.01399	0.01832	0.04381	0.65116	0.13810	0.02171	0.00900	0.00282	0.00406	0.01952	0.00661	0.00582
20	0.01458	0.01571	0.11311	0.04445	0.12770	0.01370	0.01501	0.02372	0.22183	0.02401	0.02700	0.09622	0.02539	0.01250	0.00803	0.00263	0.00704	0.19245	0.00568	0.00927
21	0.01687	0.01777	0.02112	0.01832	0.01889	0.11834	0.01503	0.01851	0.01222	0.01715	0.01001	0.01575	0.00970	0.01358	0.05228	0.00331	0.60407	0.00607	0.00322	0.00779
22	0.69140	0.01421	0.01303	0.01413	0.10980	0.01611	0.00968	0.02106	0.01269	0.03074	0.01040	0.01241	0.00821	0.00657	0.00477	0.00219	0.00592	0.00420	0.00428	0.00821
23	0.00879	0.00653	0.00809	0.00915	0.01007	0.00595	0.00624	0.01024	0.01449	0.01891	0.09048	0.51537	0.19259	0.05535	0.01018	0.00293	0.00409	0.01812	0.00658	0.00583
24	0.11912	0.00768	0.00906	0.00946	0.01093	0.00757	0.00681	0.01284	0.01600	0.02419	0.29662	0.37012	0.04956	0.01707	0.00817	0.00254	0.00402	0.01506	0.00679	0.00642
25	0.69080	0.01278	0.00993	0.00899	0.01301	0.01468	0.00733	0.02033	0.01251	0.03120	0.01176	0.01365	0.00918	0.00684	0.00449	0.00213	0.00520	0.00424	0.11339	0.00756
26	0.00961	0.00659	0.00798	0.00871	0.00890	0.00641	0.00533	0.01016	0.01180	0.01573	0.02985	0.35448	0.03524	0.42912	0.02427	0.00514	0.00568	0.01471	0.00533	0.00496
27	0.02142	0.11694	0.01908	0.01356	0.01821	0.01710	0.01110	0.05937	0.37905	0.19488	0.05439	0.02466	0.02054	0.00912	0.00690	0.00222	0.00600	0.00738	0.00707	0.01102
28	0.01064	0.00767	0.01047	0.01202	0.01342	0.00751	0.00998	0.01336	0.01575	0.02046	0.04016	0.23296	0.08274	0.02018	0.00958	0.00314	0.00582	0.47123	0.00657	0.00635
29	0.69016	0.01272	0.01016	0.00944	0.01329	0.01456	0.00756	0.01940	0.01233	0.03004	0.01399	0.11343	0.01318	0.00879	0.00506	0.00230	0.00532	0.00613	0.00471	0.00744
30	0.04674	0.01680	0.01842	0.01461	0.01952	0.01824	0.01190	0.44342	0.09752	0.10236	0.11417	0.02358	0.02113	0.00946	0.00724	0.00219	0.00676	0.00747	0.00731	0.01115
31	0.00875	0.00623	0.00824	0.00982	0.01021	0.00584	0.00650	0.00994	0.01348	0.01797	0.03847	0.71266	0.04611	0.05609	0.01035	0.00308	0.00426	0.01978	0.00650	0.00572
32	0.01311	0.00745	0.01022	0.01000	0.01056	0.00778	0.00689	0.01324	0.10414	0.01479	0.01468	0.02233	0.01367	0.02264	0.02497	0.68307	0.00611	0.00644	0.00367	0.00423
33	0.01434	0.01231	0.01931	0.58362	0.04157	0.01497	0.01730	0.06262	0.01563	0.02115	0.01442	0.01991	0.01088	0.00738	0.00682	0.00226	0.00852	0.00638	0.11259	0.00802
34	0.01383	0.01002	0.01229	0.01237	0.01439	0.01033	0.00965	0.17001	0.01912	0.02539	0.03357	0.38069	0.03706	0.01829	0.00884	0.00283	0.00571	0.20139	0.00672	0.00750

[dist]
# distance from previous block
# <min> <max>
0	16

[block]
# block no. 3 follows, 29 sequences, length 86
# corresponding to MSA columns:
# 238-323
name=unknown_D
#
# <colnr> <probs for GDERKNQSTAVLIFYWHMCP>
#	G	D	E	R	K	N	Q	S	T	A	V	L	I	F	Y	W	H	M	C	P
0	0.45615	0.01481	0.03789	0.11393	0.14126	0.01580	0.04236	0.02052	0.01365	0.02731	0.01268	0.01779	0.01055	0.00732	0.00578	0.00228	0.00706	0.04025	0.00412	0.00847
1	0.06848	0.01231	0.01537	0.01245	0.01721	0.01176	0.01008	0.03231	0.14917	0.47059	0.09849	0.02706	0.02312	0.00946	0.00716	0.00225	0.00566	0.00776	0.00817	0.01115
2	0.02588	0.11590	0.02280	0.01673	0.02159	0.32783	0.01347	0.31581	0.02535	0.02946	0.01356	0.01455	0.01046	0.00772	0.00650	0.00193	0.00999	0.00530	0.00512	0.01006
3	0.01316	0.00693	0.00993	0.00966	0.00997	0.00705	0.00658	0.04568	0.01059	0.01413	0.01262	0.02140	0.01235	0.02386	0.02671	0.75002	0.00627	0.00620	0.00331	0.00358
4	0.39626	0.01688	0.01563	0.13324	0.02235	0.09032	0.01164	0.13941	0.06466	0.03027	0.01309	0.01497	0.00992	0.00733	0.00575	0.00220	0.00736	0.00509	0.00480	0.00883
5	0.01494	0.00948	0.01233	0.01285	0.05080	0.00921	0.00888	0.01972	0.11831	0.14338	0.09595	0.38381	0.03697	0.01593	0.00819	0.00254	0.00489	0.01419	0.00697	0.03066
6	0.02604	0.01940	0.02120	0.05510	0.02343	0.02161	0.01380	0.62541	0.05318	0.04296	0.01723	0.01750	0.01227	0.00851	0.00713	0.00216	0.00786	0.00646	0.00691	0.01186
7	0.00906	0.00768	0.00836	0.00810	0.01027	0.00697	0.00616	0.01108	0.01654	0.02054	0.16480	0.06332	0.56797	0.01720	0.00922	0.00242	0.04326	0.01422	0.00661	0.00622
8	0.05744	0.00739	0.00824	0.00827	0.00891	0.00734	0.00510	0.01148	0.01158	0.01678	0.04766	0.14708	0.02866	0.52285	0.02729	0.00550	0.00611	0.01121	0.03135	0.02973
9	0.00916	0.00676	0.00865	0.00997	0.01080	0.00639	0.00693	0.01130	0.03848	0.01914	0.05933	0.59976	0.10961	0.02110	0.00898	0.00283	0.00425	0.05384	0.00666	0.00607
10	0.01525	0.04871	0.01008	0.00811	0.01050	0.00967	0.00640	0.09717	0.01715	0.02823	0.02177	0.02459	0.01702	0.00821	0.00521	0.00171	0.00410	0.00646	0.65224	0.00743
11	0.02132	0.01461	0.01633	0.01405	0.01838	0.01595	0.01108	0.10420	0.43901	0.17912	0.02808	0.06395	0.02119	0.01004	0.00731	0.00237	0.00588	0.00834	0.00754	0.01125
12	0.00959	0.00786	0.01014	0.01007	0.01214	0.00707	0.04322	0.01177	0.01575	0.01971	0.07333	0.18434	0.38900	0.04309	0.00973	0.00280	0.00480	0.13296	0.00640	0.00623
13	0.01881	0.00921	0.01232	0.01044	0.01365	0.00821	0.00821	0.02193	0.02025	0.30076	0.43266	0.04163	0.04740	0.01226	0.00790	0.00223	0.00444	0.01059	0.00823	0.00887
14	0.01345	0.01266	0.02136	0.73264	0.04904	0.01582	0.01978	0.01819	0.01424	0.01819	0.01266	0.01898	0.00949	0.00712	0.00712	0.00237	0.00949	0.00633	0.00316	0.00791
15	0.03108	0.01351	0.01739	0.01333	0.01887	0.01254	0.01101	0.15010	0.02272	0.59157	0.02613	0.02296	0.01664	0.00877	0.00715	0.00219	0.00638	0.00703	0.00851	0.01212
16	0.01020	0.00731	0.00888	0.00934	0.01083	0.00677	0.00678	0.01254	0.03365	0.04287	0.14204	0.29419	0.22937	0.08069	0.01106	0.00300	0.00443	0.07311	0.00668	0.00628
17	0.76674	0.01347	0.01030	0.00925	0.01354	0.01558	0.00760	0.02075	0.01224	0.03172	0.01048	0.01220	0.00816	0.00668	0.00443	0.00218	0.00542	0.00397	0.03763	0.00767
18	0.02786	0.01197	0.01572	0.01261	0.01734	0.01088	0.01017	0.09432	0.02062	0.53779	0.02874	0.13520	0.02165	0.01088	0.00746	0.00230	0.00593	0.00911	0.00831	0.01114
19	0.01084	0.00796	0.01006	0.01039	0.01206	0.00764	0.00803	0.05228	0.01790	0.02401	0.25795	0.23941	0.13105	0.01782	0.00883	0.00266	0.00459	0.16280	0.00703	0.00667
20	0.71236	0.01358	0.01116	0.00974	0.01427	0.01535	0.00803	0.02250	0.01306	0.10939	0.01199	0.01301	0.00884	0.00686	0.00472	0.00220	0.00557	0.00423	0.00491	0.00821
21	0.01108	0.00901	0.01163	0.01153	0.01283	0.04757	0.00880	0.01338	0.01183	0.01636	0.01890	0.02864	0.01798	0.10655	0.62779	0.01056	0.01776	0.00768	0.00385	0.00630
22	0.01002	0.00728	0.00944	0.00890	0.01060	0.00670	0.00668	0.01333	0.02003	0.02825	0.68096	0.05369	0.08800	0.01467	0.00840	0.00224	0.00337	0.01295	0.00780	0.00670
23	0.00893	0.00657	0.00825	0.00921	0.01012	0.00602	0.00630	0.01052	0.01486	0.01967	0.14309	0.49185	0.15747	0.05950	0.01033	0.00293	0.00408	0.01774	0.00667	0.00588
24	0.01190	0.00973	0.01088	0.01073	0.01318	0.00999	0.00820	0.01977	0.23199	0.02367	0.12000	0.16393	0.24536	0.01582	0.00828	0.00255	0.00459	0.07470	0.00695	0.00778
25	0.02418	0.01754	0.01915	0.01533	0.02028	0.01933	0.01244	0.48253	0.13296	0.07620	0.02093	0.06277	0.01619	0.01116	0.03281	0.00256	0.00758	0.00757	0.00709	0.01140
26	0.02707	0.01995	0.02137	0.01638	0.02208	0.02208	0.01353	0.68159	0.03348	0.04488	0.01710	0.01710	0.01211	0.00855	0.00712	0.00214	0.00784	0.00641	0.00712	0.01211
27	0.01035	0.00694	0.00797	0.00797	0.00804	0.00701	0.00456	0.01048	0.01041	0.01396	0.02225	0.04558	0.02545	0.71180	0.07360	0.00715	0.00757	0.01021	0.00429	0.00443
28	0.00868	0.00620	0.00826	0.00991	0.01033	0.00578	0.00661	0.00991	0.01363	0.01818	0.03925	0.74510	0.04710	0.02231	0.00909	0.00289	0.00413	0.02024	0.00661	0.00578
29	0.00842	0.00721	0.00721	0.00721	0.00962	0.00601	0.00541	0.01022	0.01623	0.01924	0.07213	0.06853	0.70244	0.01803	0.00842	0.00240	0.00361	0.01503	0.00661	0.00601
30	0.18387	0.01310	0.01900	0.55601	0.04065	0.01603	0.01699	0.03757	0.01432	0.02192	0.01219	0.01733	0.00918	0.00705	0.00653	0.00233	0.00858	0.00580	0.00354	0.00799
31	0.01428	0.03683	0.71286	0.02030	0.03082	0.01654	0.02631	0.02255	0.01503	0.02255	0.01278	0.01503	0.00902	0.00677	0.00677	0.00226	0.01052	0.00526	0.00301	0.01052
32	0.02660	0.03394	0.02018	0.01834	0.02201	0.72116	0.01376	0.02843	0.02018	0.01743	0.01101	0.01284	0.00917	0.00734	0.00642	0.00183	0.01284	0.00459	0.00367	0.00825
33	0.00843	0.00715	0.00728	0.00737	0.00966	0.00600	0.00548	0.01020	0.01608	0.01917	0.07017	0.10889	0.66335	0.01829	0.00846	0.00243	0.00364	0.01534	0.00661	0.00600
34	0.00890	0.00629	0.00820	0.00963	0.00999	0.00593	0.00630	0.00997	0.01320	0.01760	0.03701	0.65215	0.04427	0.11911	0.01270	0.00343	0.00450	0.01893	0.00630	0.00559
35	0.07681	0.04429	0.01745	0.01277	0.01825	0.01253	0.01063	0.08819	0.02075	0.58399	0.02530	0.02233	0.01621	0.00854	0.00688	0.00217	0.00624	0.00676	0.00816	0.01173
36	0.00885	0.00633	0.00842	0.00980	0.01037	0.00590	0.00662	0.01035	0.01444	0.01946	0.12099	0.65971	0.04958	0.02135	0.00900	0.00281	0.00404	0.01933	0.00676	0.00590
37	0.00842	0.00721	0.00721	0.00721	0.00962	0.00601	0.00541	0.01022	0.01623	0.01924	0.07213	0.06853	0.70244	0.01803	0.00842	0.00240	0.00361	0.01503	0.00661	0.00601
38	0.01771	0.01530	0.01610	0.01449	0.01852	0.01771	0.01127	0.03784	0.69247	0.02979	0.02898	0.02657	0.02174	0.00966	0.00725	0.00242	0.00564	0.00805	0.00725	0.01127
39	0.00860	0.00719	0.00749	0.00749	0.00975	0.00608	0.00559	0.01055	0.01656	0.02019	0.13783	0.08980	0.61284	0.01781	0.00844	0.00240	0.00360	0.01498	0.00674	0.00608
40	0.02660	0.03394	0.02018	0.01834	0.02201	0.72116	0.01376	0.02843	0.02018	0.01743	0.01101	0.01284	0.00917	0.00734	0.00642	0.00183	0.01284	0.00459	0.00367	0.00825
41	0.00866	0.00712	0.00763	0.00772	0.00983	0.00608	0.00571	0.01062	0.01649	0.02036	0.15230	0.13550	0.55131	0.01801	0.00848	0.00243	0.00363	0.01527	0.00677	0.00608
42	0.01558	0.01558	0.02181	0.01869	0.01869	0.02181	0.01558	0.01714	0.01091	0.01714	0.00935	0.01558	0.00935	0.01246	0.02337	0.00312	0.73672	0.00623	0.00312	0.00779
43	0.03195	0.01212	0.01652	0.01267	0.01818	0.01047	0.01047	0.03470	0.02038	0.71026	0.02809	0.02424	0.01763	0.00881	0.00716	0.00220	0.00606	0.00716	0.00881	0.01212
44	0.02467	0.01801	0.01944	0.01530	0.02043	0.01972	0.01249	0.55858	0.06023	0.05953	0.02242	0.06046	0.05578	0.00992	0.00731	0.00221	0.00723	0.00777	0.00712	0.01136
45	0.00956	0.00654	0.00855	0.00976	0.01057	0.00602	0.00666	0.01102	0.01443	0.04357	0.07746	0.63007	0.09706	0.02108	0.00893	0.00279	0.00412	0.01898	0.00676	0.00608
46	0.02187	0.01700	0.01818	0.01517	0.01990	0.01917	0.01213	0.28967	0.41106	0.05949	0.02430	0.02278	0.01783	0.00920	0.00719	0.00230	0.00651	0.00738	0.00725	0.01163
47	0.01054	0.00752	0.00988	0.00998	0.01078	0.00808	0.00697	0.03241	0.01207	0.01665	0.02342	0.14644	0.02523	0.30873	0.33057	0.00811	0.01182	0.01058	0.00454	0.00568
48	0.00898	0.00722	0.00805	0.00817	0.01023	0.00629	0.00618	0.01116	0.01686	0.02120	0.19542	0.11423	0.48124	0.01774	0.00856	0.00247	0.00380	0.05917	0.00686	0.00618
49	0.01044	0.00721	0.00856	0.00899	0.00940	0.00714	0.00562	0.03995	0.01266	0.01690	0.02878	0.31875	0.03358	0.43209	0.02432	0.00512	0.00586	0.01405	0.00534	0.00524
50	0.02174	0.01590	0.01683	0.01447	0.01892	0.04785	0.01142	0.09298	0.47200	0.16537	0.02697	0.02467	0.01953	0.00929	0.00718	0.00232	0.00623	0.00758	0.00739	0.01138
51	0.03021	0.01490	0.01825	0.01399	0.01957	0.01460	0.01156	0.26494	0.02504	0.47344	0.02418	0.02169	0.01566	0.00872	0.00715	0.00218	0.00669	0.00689	0.00821	0.01212
52	0.01491	0.01004	0.01199	0.01133	0.01373	0.01008	0.00879	0.13810	0.03781	0.07306	0.05703	0.17789	0.14656	0.06058	0.01174	0.06991	0.00565	0.12685	0.00647	0.00746
53	0.80005	0.01377	0.01047	0.00936	0.01377	0.01597	0.00771	0.02093	0.01212	0.03195	0.00991	0.01157	0.00771	0.00661	0.00441	0.00220	0.00551	0.00386	0.00441	0.00771
54	0.01201	0.00910	0.01025	0.00957	0.01183	0.00881	0.00713	0.11946	0.01904	0.02493	0.19968	0.16207	0.28588	0.07498	0.01054	0.00276	0.00458	0.01359	0.00679	0.00699
55	0.02119	0.02460	0.01834	0.01614	0.01972	0.42761	0.04626	0.04660	0.03690	0.01933	0.01759	0.04610	0.05054	0.05569	0.05621	0.00284	0.01105	0.00659	0.00424	0.07246
56	0.01333	0.01097	0.01186	0.01115	0.01396	0.01159	0.00843	0.05493	0.29038	0.02522	0.09707	0.14287	0.22784	0.03667	0.00882	0.00259	0.00479	0.01220	0.00692	0.00842
57	0.00955	0.00736	0.00879	0.00874	0.01072	0.00660	0.00676	0.01225	0.01805	0.02376	0.35614	0.06296	0.32989	0.01664	0.00858	0.00244	0.00386	0.09333	0.00717	0.00640
58	0.01477	0.01266	0.01477	0.01055	0.01687	0.00949	0.00844	0.01793	0.01477	0.02320	0.01266	0.01477	0.01055	0.00527	0.00527	0.00105	0.00527	0.00422	0.00422	0.79328
59	0.02707	0.01995	0.02137	0.01638	0.02208	0.02208	0.01353	0.68159	0.03348	0.04488	0.01710	0.01710	0.01211	0.00855	0.00712	0.00214	0.00784	0.00641	0.00712	0.01211
60	0.01147	0.00820	0.01147	0.01311	0.01475	0.00820	0.01147	0.01475	0.01639	0.02131	0.03770	0.08032	0.04098	0.01967	0.00984	0.00328	0.00656	0.65741	0.00656	0.00656
61	0.04730	0.05501	0.04702	0.01748	0.02179	0.52240	0.01384	0.10893	0.06131	0.02214	0.01283	0.01419	0.01024	0.00754	0.00645	0.00192	0.01132	0.00500	0.00428	0.00901
62	0.01330	0.00829	0.01009	0.00980	0.01125	0.00815	0.00674	0.01654	0.08478	0.10457	0.12474	0.22578	0.03587	0.28629	0.01857	0.00414	0.00544	0.01267	0.00628	0.00673
63	0.00842	0.00721	0.00721	0.00721	0.00962	0.00601	0.00541	0.01022	0.01623	0.01924	0.07213	0.06853	0.70244	0.01803	0.00842	0.00240	0.00361	0.01503	0.00661	0.00601
64	0.01017	0.00763	0.01144	0.01144	0.01272	0.00890	0.00890	0.01272	0.01144	0.01653	0.01907	0.02797	0.01780	0.05340	0.72153	0.01144	0.01907	0.00763	0.00381	0.00636
65	0.05578	0.01214	0.01437	0.01251	0.01644	0.01233	0.01003	0.04652	0.22056	0.27170	0.05282	0.03591	0.06408	0.05143	0.00909	0.00267	0.00583	0.08835	0.00742	0.01002
66	0.00854	0.00671	0.00773	0.00854	0.00997	0.00590	0.00600	0.01007	0.01496	0.01872	0.05599	0.40070	0.38069	0.02013	0.00875	0.00264	0.00386	0.01759	0.00661	0.00590
67	0.01036	0.00690	0.00777	0.00777	0.00777	0.00690	0.00431	0.01036	0.01036	0.01381	0.02244	0.04660	0.02589	0.74975	0.03624	0.00690	0.00690	0.01036	0.00431	0.00431
68	0.71889	0.01400	0.01127	0.00991	0.01439	0.01607	0.00814	0.04734	0.03460	0.05610	0.01143	0.01269	0.00867	0.00686	0.00470	0.00221	0.00562	0.00420	0.00475	0.00815
69	0.01571	0.01324	0.01399	0.01266	0.01615	0.01474	0.00974	0.05759	0.47709	0.02762	0.06563	0.03591	0.14485	0.05166	0.00908	0.00264	0.00534	0.00956	0.00699	0.00979
70	0.00895	0.00641	0.00851	0.00973	0.01039	0.00597	0.00663	0.01061	0.01492	0.02022	0.16984	0.60868	0.05106	0.02078	0.00895	0.00276	0.00398	0.01879	0.00685	0.00597
71	0.00999	0.00739	0.00941	0.00993	0.01114	0.00716	0.00705	0.01365	0.07375	0.02319	0.29528	0.41577	0.05274	0.01823	0.00866	0.00260	0.00396	0.01635	0.00714	0.00661
72	0.00915	0.00627	0.00830	0.00965	0.00999	0.00593	0.00635	0.00990	0.01294	0.01726	0.03532	0.61520	0.04207	0.09388	0.01334	0.07030	0.00458	0.01808	0.00609	0.00541
73	0.00873	0.00660	0.00787	0.00882	0.00987	0.00596	0.00601	0.01005	0.01423	0.01816	0.04893	0.45737	0.26661	0.08258	0.01117	0.00307	0.00419	0.01764	0.00642	0.00574
74	0.02555	0.03418	0.07894	0.01851	0.02276	0.66139	0.01482	0.02793	0.01974	0.01786	0.01116	0.01303	0.00916	0.00729	0.00645	0.00187	0.01264	0.00464	0.00361	0.00845
75	0.02148	0.07749	0.01748	0.01256	0.01685	0.01710	0.01037	0.38889	0.02527	0.03597	0.01867	0.01998	0.01404	0.00825	0.00614	0.00191	0.00621	0.00627	0.28516	0.00991
76	0.39885	0.01314	0.01257	0.01074	0.01488	0.01429	0.00858	0.09181	0.06996	0.14563	0.01943	0.02140	0.04229	0.07102	0.00827	0.00260	0.00581	0.00614	0.03381	0.00880
77	0.01340	0.00885	0.00953	0.00877	0.01022	0.00907	0.00596	0.11376	0.01542	0.02191	0.02602	0.03938	0.07944	0.40522	0.02230	0.00460	0.00594	0.00930	0.18474	0.00617
78	0.01102	0.07026	0.01029	0.00823	0.00877	0.00866	0.00508	0.01127	0.01084	0.01424	0.02208	0.07318	0.02536	0.65587	0.03241	0.00628	0.00685	0.01022	0.00430	0.00479
79	0.01101	0.00783	0.00993	0.00953	0.01150	0.00733	0.00737	0.01480	0.04513	0.04812	0.50729	0.05603	0.13715	0.01516	0.00847	0.00238	0.00391	0.08254	0.00756	0.00696
80	0.01124	0.00789	0.00892	0.00884	0.00940	0.00811	0.00545	0.03143	0.06927	0.01657	0.02492	0.13028	0.02777	0.57643	0.02962	0.00589	0.00648	0.01127	0.00493	0.00530
81	0.00944	0.00697	0.00893	0.01030	0.01102	0.00680	0.00701	0.01228	0.07122	0.01916	0.03838	0.68415	0.04494	0.02124	0.00893	0.00285	0.00426	0.01921	0.00666	0.00625
82	0.00879	0.00629	0.00837	0.00983	0.01035	0.00586	0.00662	0.01021	0.01419	0.01906	0.09544	0.68641	0.04880	0.02165	0.00903	0.00284	0.00407	0.01962	0.00671	0.00586
83	0.01697	0.01529	0.02136	0.01818	0.01865	0.02085	0.01514	0.01863	0.01171	0.07594	0.01094	0.01631	0.01005	0.01215	0.02199	0.00304	0.67473	0.00631	0.00360	0.00816
84	0.07585	0.00707	0.00837	0.00951	0.01063	0.00676	0.00665	0.01105	0.01403	0.01962	0.04230	0.54783	0.15487	0.02017	0.00860	0.00276	0.00423	0.03727	0.00642	0.00601
85	0.00942	0.00715	0.00997	0.01266	0.06926	0.00674	0.00785	0.01094	0.01397	0.01866	0.03851	0.65339	0.07312	0.02076	0.00889	0.00280	0.00448	0.01883	0.00635	0.00626

[dist]
# distance from previous block
# <min> <max>
0	1

[block]
# block no. 4 follows, 29 sequences, length 9
# corresponding to MSA columns:
# 325-333
name=unknown_E
#
# <colnr> <probs for GDERKNQSTAVLIFYWHMCP>
#	G	D	E	R	K	N	Q	S	T	A	V	L	I	F	Y	W	H	M	C	P
0	0.01514	0.01558	0.01408	0.01353	0.01553	0.22416	0.01037	0.01747	0.01408	0.01680	0.01664	0.02340	0.01519	0.03948	0.50541	0.00854	0.01719	0.00671	0.00377	0.00693
1	0.02354	0.01355	0.01620	0.01292	0.01734	0.01362	0.01047	0.26714	0.02515	0.25854	0.22757	0.03035	0.03057	0.01045	0.00752	0.00219	0.00590	0.00861	0.00789	0.01048
2	0.01579	0.01548	0.01261	0.01191	0.01438	0.22265	0.00895	0.01813	0.01861	0.05716	0.24818	0.11951	0.15961	0.01374	0.00786	0.00225	0.00660	0.03310	0.00623	0.00722
3	0.00977	0.00700	0.00760	0.00760	0.00833	0.00663	0.00465	0.01031	0.01213	0.01545	0.03746	0.05323	0.23036	0.52861	0.02783	0.00554	0.00591	0.01177	0.00501	0.00483
4	0.00888	0.00628	0.00820	0.00966	0.01002	0.00592	0.00634	0.00997	0.01324	0.01766	0.03725	0.66200	0.04457	0.10886	0.01232	0.00337	0.00446	0.01907	0.00634	0.00561
5	0.02134	0.01710	0.01814	0.01523	0.01990	0.01941	0.01215	0.28753	0.43686	0.03564	0.02437	0.02289	0.01800	0.00923	0.00720	0.00231	0.00649	0.00741	0.00720	0.01160
6	0.01429	0.02057	0.23141	0.41984	0.13643	0.01619	0.02204	0.02003	0.01476	0.02023	0.01280	0.01760	0.00960	0.00690	0.00700	0.00230	0.00966	0.00601	0.00317	0.00918
7	0.01613	0.00828	0.01086	0.01053	0.01262	0.00754	0.00774	0.01783	0.01554	0.22700	0.03513	0.34474	0.06953	0.12078	0.01237	0.00325	0.00525	0.06036	0.00695	0.00756
8	0.56630	0.01987	0.01340	0.01208	0.01626	0.22910	0.00954	0.02320	0.01455	0.02756	0.01024	0.01195	0.00815	0.00683	0.00502	0.00209	0.00772	0.00408	0.00418	0.00788

[dist]
# distance from previous block
# <min> <max>
0	2

[block]
# block no. 5 follows, 29 sequences, length 13
# corresponding to MSA columns:
# 336-348
name=unknown_F
#
# <colnr> <probs for GDERKNQSTAVLIFYWHMCP>
#	G	D	E	R	K	N	Q	S	T	A	V	L	I	F	Y	W	H	M	C	P
0	0.02464	0.03379	0.04591	0.01269	0.01742	0.01336	0.01081	0.15213	0.06395	0.33016	0.02339	0.02255	0.01616	0.00865	0.00705	0.00210	0.02571	0.00677	0.17212	0.01064
1	0.02360	0.01914	0.02250	0.02218	0.16540	0.04482	0.01522	0.42671	0.08330	0.03647	0.01664	0.01776	0.01248	0.00837	0.00806	0.00220	0.05119	0.00646	0.00602	0.01147
2	0.00996	0.00756	0.00963	0.01005	0.01171	0.00656	0.00699	0.01160	0.01387	0.01924	0.03365	0.59137	0.03940	0.01872	0.00829	0.00251	0.00437	0.01687	0.00611	0.17155
3	0.01445	0.01295	0.01906	0.39595	0.09390	0.03704	0.01668	0.04731	0.04931	0.02149	0.05314	0.03357	0.01984	0.01026	0.00773	0.00251	0.00833	0.14374	0.00453	0.00822
4	0.00876	0.00651	0.00820	0.00950	0.01039	0.00595	0.00660	0.01022	0.01431	0.01855	0.04609	0.57021	0.18475	0.02128	0.00898	0.00281	0.00414	0.05027	0.00661	0.00587
5	0.01449	0.01266	0.01615	0.16255	0.02365	0.01082	0.01082	0.01799	0.01465	0.02215	0.01266	0.01565	0.01032	0.00566	0.00566	0.00133	0.00616	0.00466	0.00400	0.62796
6	0.07054	0.01281	0.01962	0.42951	0.07498	0.01428	0.01631	0.02355	0.01606	0.22757	0.01716	0.02000	0.01193	0.00755	0.00695	0.00230	0.00814	0.00642	0.00497	0.00936
7	0.01237	0.00618	0.00928	0.00928	0.00928	0.00618	0.00618	0.00928	0.00928	0.01237	0.01237	0.02165	0.01237	0.02474	0.02783	0.79283	0.00618	0.00618	0.00309	0.00309
8	0.00910	0.00659	0.00886	0.00998	0.01062	0.00653	0.00688	0.01055	0.01303	0.01756	0.03501	0.51901	0.06368	0.08085	0.16098	0.00496	0.00746	0.01669	0.00586	0.00581
9	0.02103	0.07908	0.30911	0.01783	0.05104	0.01689	0.01833	0.16333	0.02011	0.17139	0.01796	0.02048	0.01316	0.00815	0.00692	0.00221	0.00853	0.03823	0.00529	0.01092
10	0.02083	0.01482	0.02137	0.08568	0.31342	0.04870	0.01584	0.02478	0.03766	0.22097	0.02411	0.02617	0.07892	0.00873	0.00727	0.00222	0.00748	0.02506	0.00551	0.01047
11	0.02866	0.01325	0.01672	0.01327	0.01848	0.01268	0.01082	0.07374	0.16263	0.52755	0.02763	0.02430	0.01816	0.00898	0.00718	0.00224	0.00608	0.00730	0.00838	0.01194
12	0.00865	0.00689	0.00779	0.00847	0.01011	0.00603	0.00613	0.01032	0.01529	0.01894	0.05851	0.31659	0.43214	0.01967	0.00873	0.00262	0.00393	0.04661	0.00661	0.00595

[dist]
# distance from previous block
# <min> <max>
0	65

# created by:
# /st0/software/busco_prod/Augustus/scripts/msa2prfl.pl ./align_prep/145884.fa
