[name]
unknown

[dist]
# distance from previous block
# <min> <max>
0	50

[block]
# block no. 0 follows, 25 sequences, length 6
# corresponding to MSA columns:
# 54-59
name=unknown_A
#
# <colnr> <probs for GDERKNQSTAVLIFYWHMCP>
#	G	D	E	R	K	N	Q	S	T	A	V	L	I	F	Y	W	H	M	C	P
0	0.06171	0.10212	0.13242	0.01547	0.01978	0.05615	0.01485	0.04526	0.01767	0.02492	0.07892	0.04076	0.02621	0.01296	0.00983	0.00270	0.08275	0.18612	0.06061	0.00879
1	0.07324	0.13261	0.26874	0.08552	0.02740	0.01876	0.01917	0.06349	0.01783	0.06452	0.05554	0.02458	0.01699	0.00941	0.00814	0.00246	0.04300	0.05371	0.00468	0.01022
2	0.07570	0.16232	0.26623	0.12571	0.05892	0.02058	0.05124	0.08274	0.01798	0.02563	0.01566	0.01839	0.03141	0.00778	0.00697	0.00231	0.00973	0.00616	0.00403	0.01050
3	0.01760	0.17753	0.33631	0.08809	0.03173	0.05527	0.08342	0.02366	0.01625	0.02203	0.01301	0.01634	0.01013	0.00773	0.00859	0.00237	0.07026	0.00590	0.00341	0.01039
4	0.01835	0.13584	0.40761	0.02237	0.03195	0.01970	0.15453	0.02543	0.01713	0.07411	0.01510	0.01750	0.01096	0.00726	0.00742	0.00237	0.01096	0.00637	0.00390	0.01116
5	0.02081	0.06680	0.35196	0.01927	0.02809	0.01683	0.06821	0.02841	0.06468	0.17771	0.01900	0.01970	0.01327	0.00789	0.00739	0.00233	0.00949	0.00652	0.00522	0.06641

[dist]
# distance from previous block
# <min> <max>
4	14

[block]
# block no. 1 follows, 25 sequences, length 14
# corresponding to MSA columns:
# 75-88
name=unknown_B
#
# <colnr> <probs for GDERKNQSTAVLIFYWHMCP>
#	G	D	E	R	K	N	Q	S	T	A	V	L	I	F	Y	W	H	M	C	P
0	0.01108	0.00831	0.01246	0.01246	0.01385	0.00969	0.00969	0.01385	0.01246	0.01800	0.02077	0.03046	0.01938	0.05815	0.69678	0.01246	0.02077	0.00831	0.00415	0.00692
1	0.01119	0.00786	0.01017	0.01017	0.01077	0.00845	0.00684	0.01238	0.01178	0.01631	0.02286	0.04204	0.02441	0.44051	0.32130	0.00964	0.01320	0.01000	0.00446	0.00565
2	0.01097	0.00793	0.01036	0.00975	0.01158	0.00732	0.00732	0.01463	0.02195	0.03109	0.67505	0.05792	0.07316	0.01585	0.00914	0.00244	0.00366	0.01402	0.00854	0.00732
3	0.01809	0.02240	0.09523	0.03186	0.03999	0.01948	0.60298	0.02481	0.01815	0.02481	0.01555	0.02056	0.01161	0.00660	0.00901	0.00260	0.01295	0.00889	0.00387	0.01053
4	0.02947	0.02172	0.02327	0.01784	0.02404	0.02404	0.01474	0.65329	0.03646	0.04887	0.01862	0.01862	0.01319	0.00931	0.00776	0.00233	0.00853	0.00698	0.00776	0.01319
5	0.01608	0.01378	0.01608	0.01148	0.01837	0.01034	0.00919	0.01952	0.01608	0.02527	0.01378	0.01608	0.01148	0.00574	0.00574	0.00115	0.00574	0.00459	0.00459	0.77491
6	0.02792	0.02095	0.02240	0.01753	0.02345	0.02332	0.01436	0.56001	0.13226	0.04636	0.02059	0.02019	0.01478	0.00949	0.00778	0.00237	0.00817	0.00725	0.00778	0.01305
7	0.02112	0.01757	0.01857	0.01615	0.02086	0.02014	0.01272	0.15166	0.55168	0.03540	0.02922	0.02707	0.02178	0.01030	0.00787	0.00258	0.00657	0.00844	0.00787	0.01244
8	0.06736	0.01053	0.01125	0.01112	0.01347	0.03323	0.00834	0.01840	0.11682	0.02644	0.22948	0.19632	0.16732	0.01693	0.00880	0.00269	0.00494	0.04130	0.00741	0.00783
9	0.02199	0.01597	0.01750	0.01420	0.01815	0.01726	0.01103	0.39124	0.02778	0.03748	0.12015	0.03285	0.02617	0.19457	0.01610	0.00368	0.00753	0.00916	0.00709	0.01011
10	0.01876	0.01754	0.02365	0.05279	0.02249	0.02348	0.01684	0.11543	0.01579	0.02332	0.01164	0.01739	0.01064	0.01264	0.02191	0.00319	0.57240	0.00682	0.00406	0.00920
11	0.02782	0.19837	0.02466	0.01474	0.01992	0.01856	0.01276	0.03128	0.04585	0.38484	0.02244	0.02148	0.01564	0.00948	0.00977	0.00237	0.11471	0.00675	0.00697	0.01161
12	0.02191	0.02524	0.01824	0.01636	0.02019	0.39288	0.01239	0.02429	0.01862	0.02005	0.01596	0.06355	0.01470	0.01791	0.13474	0.00385	0.01304	0.00664	0.00435	0.15508
13	0.08022	0.02677	0.14493	0.01833	0.02500	0.12473	0.01680	0.37349	0.05303	0.03817	0.01667	0.01746	0.01214	0.00864	0.00736	0.00232	0.00963	0.00632	0.00615	0.01185

[dist]
# distance from previous block
# <min> <max>
0	24

[block]
# block no. 2 follows, 25 sequences, length 9
# corresponding to MSA columns:
# 113-121
name=unknown_C
#
# <colnr> <probs for GDERKNQSTAVLIFYWHMCP>
#	G	D	E	R	K	N	Q	S	T	A	V	L	I	F	Y	W	H	M	C	P
0	0.02508	0.01850	0.02264	0.01754	0.02300	0.01963	0.08140	0.42947	0.02968	0.08210	0.02515	0.05721	0.06748	0.05242	0.00997	0.00273	0.00830	0.00892	0.00722	0.01157
1	0.07792	0.01936	0.13797	0.01777	0.02332	0.01603	0.11964	0.07351	0.10766	0.08367	0.05724	0.02954	0.06043	0.09583	0.01247	0.00315	0.04010	0.00868	0.00572	0.00998
2	0.01246	0.00837	0.00986	0.00971	0.01022	0.00905	0.00650	0.01371	0.01301	0.01946	0.02531	0.12220	0.02694	0.38698	0.02591	0.00512	0.08216	0.01107	0.19604	0.00593
3	0.01720	0.01766	0.02761	0.02252	0.02389	0.02302	0.12821	0.01974	0.01300	0.01974	0.01114	0.01766	0.01046	0.01234	0.02259	0.00326	0.59045	0.00720	0.00349	0.00883
4	0.02797	0.02115	0.02333	0.01814	0.02360	0.02401	0.01500	0.57719	0.03351	0.04524	0.01760	0.01842	0.01283	0.00982	0.00988	0.00245	0.09305	0.00696	0.00723	0.01262
5	0.01566	0.01368	0.01692	0.05768	0.02041	0.01197	0.01070	0.01890	0.01551	0.02386	0.01522	0.06096	0.01378	0.00788	0.00826	0.00161	0.08213	0.00608	0.00455	0.59423
6	0.01838	0.01271	0.01462	0.01338	0.01690	0.01325	0.01047	0.09088	0.22511	0.11817	0.06777	0.15986	0.11935	0.01512	0.00870	0.00273	0.00585	0.06890	0.00785	0.00999
7	0.01617	0.01525	0.02412	0.28234	0.03579	0.01529	0.12633	0.02225	0.06665	0.02366	0.01549	0.01968	0.01204	0.00702	0.00727	0.00207	0.00881	0.00659	0.00429	0.28889
8	0.02087	0.01723	0.02606	0.11857	0.02987	0.01797	0.17129	0.24149	0.02357	0.05831	0.02012	0.09606	0.01701	0.01250	0.04602	0.00301	0.00991	0.00909	0.00583	0.05523

[dist]
# distance from previous block
# <min> <max>
33	129

[block]
# block no. 3 follows, 25 sequences, length 6
# corresponding to MSA columns:
# 270-275
name=unknown_D
#
# <colnr> <probs for GDERKNQSTAVLIFYWHMCP>
#	G	D	E	R	K	N	Q	S	T	A	V	L	I	F	Y	W	H	M	C	P
0	0.01649	0.06983	0.02663	0.34578	0.20497	0.01798	0.05609	0.02205	0.04802	0.02234	0.01742	0.02667	0.01491	0.00886	0.00790	0.00254	0.00953	0.06805	0.00414	0.00979
1	0.08820	0.00905	0.01206	0.08092	0.01654	0.01012	0.00945	0.01426	0.01322	0.01985	0.02469	0.19113	0.02604	0.13578	0.30542	0.00760	0.01258	0.01137	0.00493	0.00678
2	0.01143	0.00738	0.00877	0.00904	0.00994	0.00713	0.00602	0.01332	0.01558	0.02266	0.17973	0.20142	0.04221	0.25608	0.01877	0.00418	0.00514	0.01355	0.16145	0.00618
3	0.02318	0.01752	0.01954	0.01597	0.02126	0.01851	0.01323	0.37837	0.07965	0.03875	0.02338	0.03281	0.02004	0.01127	0.00804	0.00242	0.00763	0.13075	0.00715	0.13053
4	0.01230	0.00939	0.01163	0.01061	0.01303	0.00854	0.00752	0.01415	0.01366	0.01962	0.02419	0.17074	0.02609	0.23996	0.15251	0.00571	0.00898	0.01085	0.00506	0.23545
5	0.21030	0.01327	0.01638	0.19924	0.05695	0.01497	0.01312	0.10256	0.01762	0.02775	0.02235	0.22783	0.02254	0.01272	0.00764	0.00266	0.00720	0.01074	0.00550	0.00865

[dist]
# distance from previous block
# <min> <max>
1	2

[block]
# block no. 4 follows, 25 sequences, length 39
# corresponding to MSA columns:
# 278-308,310-317
name=unknown_E
#
# <colnr> <probs for GDERKNQSTAVLIFYWHMCP>
#	G	D	E	R	K	N	Q	S	T	A	V	L	I	F	Y	W	H	M	C	P
0	0.02647	0.01976	0.02159	0.01666	0.02260	0.02130	0.01368	0.52792	0.03217	0.04368	0.01817	0.01916	0.01343	0.01242	0.05763	0.00292	0.00908	0.00678	0.00710	0.10751
1	0.02486	0.38779	0.03166	0.01622	0.02191	0.24952	0.01407	0.12752	0.02115	0.02343	0.01244	0.01395	0.01049	0.00751	0.00609	0.00188	0.01021	0.00488	0.00426	0.01016
2	0.02886	0.02136	0.02294	0.01755	0.02379	0.02342	0.01448	0.62434	0.03552	0.04779	0.01839	0.01850	0.01311	0.00914	0.00766	0.00227	0.00840	0.00687	0.00761	0.04798
3	0.07266	0.01321	0.01250	0.04298	0.01583	0.07581	0.00917	0.04745	0.13525	0.02859	0.02304	0.02569	0.01809	0.01260	0.05646	0.00285	0.00695	0.00713	0.38509	0.00866
4	0.02127	0.01092	0.01425	0.01195	0.01561	0.00993	0.00929	0.06251	0.02021	0.25797	0.21278	0.06965	0.03451	0.01450	0.01161	0.12250	0.00571	0.00983	0.00763	0.07737
5	0.01347	0.00673	0.01010	0.01010	0.01010	0.00673	0.00673	0.01010	0.01010	0.01347	0.01347	0.02357	0.01347	0.02694	0.03030	0.77441	0.00673	0.00673	0.00337	0.00337
6	0.00918	0.00780	0.00791	0.00800	0.01051	0.00653	0.00596	0.01111	0.01753	0.02089	0.07677	0.10684	0.64493	0.01987	0.00920	0.00264	0.00396	0.01665	0.00720	0.00653
7	0.01585	0.00959	0.01154	0.01056	0.01284	0.00949	0.00793	0.09469	0.02022	0.07692	0.24523	0.11417	0.04020	0.04020	0.01105	0.07111	0.00496	0.01127	0.18429	0.00789
8	0.00976	0.00703	0.00909	0.01049	0.01119	0.00656	0.00713	0.01128	0.01535	0.02037	0.08330	0.56667	0.09477	0.07154	0.01185	0.00338	0.00471	0.04212	0.00711	0.00630
9	0.01830	0.02092	0.04575	0.03268	0.04052	0.01961	0.65098	0.02484	0.01830	0.02484	0.01569	0.02092	0.01176	0.00654	0.00915	0.00261	0.01307	0.00915	0.00392	0.01046
10	0.00982	0.00778	0.00885	0.00898	0.01109	0.00682	0.00670	0.01222	0.01848	0.02363	0.23338	0.15112	0.41123	0.01926	0.00931	0.00267	0.00405	0.04031	0.00756	0.00675
11	0.07739	0.01600	0.01711	0.01452	0.01867	0.01764	0.01142	0.30906	0.14281	0.03658	0.02456	0.13119	0.02158	0.03463	0.00961	0.03283	0.00686	0.00958	0.05740	0.01056
12	0.01319	0.00673	0.01003	0.01015	0.01018	0.00670	0.00677	0.01015	0.01043	0.01390	0.01547	0.07148	0.01606	0.02675	0.02890	0.72154	0.00658	0.00778	0.00363	0.00357
13	0.01464	0.01378	0.02326	0.70887	0.05340	0.01723	0.02153	0.01981	0.01550	0.01981	0.01378	0.02067	0.01034	0.00775	0.00775	0.00258	0.01034	0.00689	0.00345	0.00861
14	0.01434	0.00828	0.01053	0.01058	0.01221	0.00764	0.00745	0.01597	0.01613	0.13179	0.08296	0.32197	0.09731	0.18131	0.01621	0.00394	0.00554	0.04148	0.00712	0.00722
15	0.01012	0.00769	0.00944	0.01028	0.01191	0.00700	0.00774	0.01240	0.01735	0.02238	0.14228	0.29255	0.26683	0.02100	0.00969	0.00295	0.00467	0.12968	0.00737	0.00668
16	0.01055	0.00747	0.00954	0.00981	0.01083	0.00704	0.00674	0.01272	0.01749	0.02419	0.34038	0.26650	0.05693	0.16595	0.01566	0.00372	0.00472	0.01599	0.00732	0.00645
17	0.02947	0.02172	0.02327	0.01784	0.02404	0.02404	0.01474	0.65329	0.03646	0.04887	0.01862	0.01862	0.01319	0.00931	0.00776	0.00233	0.00853	0.00698	0.00776	0.01319
18	0.01081	0.00753	0.00962	0.01078	0.01138	0.00735	0.00754	0.01220	0.01427	0.01889	0.03581	0.33446	0.04149	0.27443	0.02063	0.00481	0.00619	0.15958	0.00629	0.00592
19	0.50451	0.01262	0.01086	0.01008	0.01403	0.01385	0.00818	0.02008	0.01466	0.05309	0.02665	0.03080	0.13364	0.01135	0.00706	0.02992	0.00567	0.05204	0.03301	0.00791
20	0.01179	0.00807	0.01005	0.00959	0.01153	0.00733	0.00705	0.01464	0.01981	0.06091	0.43512	0.10707	0.17443	0.07425	0.01158	0.00293	0.00423	0.01449	0.00794	0.00719
21	0.03479	0.01320	0.01799	0.01380	0.01979	0.01140	0.01140	0.03779	0.02219	0.68451	0.03059	0.02639	0.01919	0.00960	0.00780	0.00240	0.00660	0.00780	0.00960	0.01320
22	0.00958	0.00680	0.00896	0.01063	0.01104	0.00639	0.00702	0.01083	0.01459	0.01945	0.04140	0.67359	0.04960	0.07544	0.01205	0.00347	0.00472	0.02126	0.00702	0.00618
23	0.00972	0.00696	0.00925	0.01061	0.01131	0.00648	0.00722	0.01150	0.01614	0.02185	0.15795	0.60137	0.05527	0.02275	0.00976	0.00302	0.00435	0.02058	0.00744	0.00648
24	0.01099	0.00790	0.01023	0.00967	0.01137	0.00733	0.00714	0.01440	0.02122	0.02999	0.63045	0.05743	0.07008	0.06464	0.01122	0.00279	0.00392	0.01383	0.00827	0.00714
25	0.01128	0.00752	0.00846	0.00846	0.00846	0.00752	0.00470	0.01128	0.01128	0.01503	0.02443	0.05074	0.02819	0.72751	0.03946	0.00752	0.00752	0.01128	0.00470	0.00470
26	0.01125	0.00825	0.01219	0.01219	0.01360	0.00956	0.00947	0.01406	0.01266	0.01856	0.02100	0.03038	0.01941	0.05561	0.66105	0.01191	0.01988	0.00825	0.04377	0.00694
27	0.00948	0.00766	0.00846	0.00893	0.01097	0.00664	0.00657	0.01146	0.01725	0.02131	0.09932	0.22264	0.47236	0.02059	0.00940	0.00278	0.00419	0.04616	0.00727	0.00656
28	0.02929	0.01244	0.01642	0.01298	0.01814	0.01104	0.01057	0.06064	0.02250	0.51402	0.12802	0.03397	0.07187	0.01119	0.00809	0.00242	0.00607	0.00926	0.00919	0.01188
29	0.01976	0.01689	0.01780	0.01588	0.02034	0.01951	0.01239	0.06989	0.63566	0.03320	0.03095	0.02844	0.02318	0.01046	0.00788	0.00262	0.00625	0.00868	0.00788	0.01232
30	0.01956	0.01977	0.03321	0.04385	0.54599	0.05353	0.12096	0.02433	0.01798	0.02493	0.01462	0.01919	0.01208	0.00691	0.00787	0.00234	0.01006	0.00716	0.00386	0.01183
31	0.01608	0.01378	0.01608	0.01148	0.01837	0.01034	0.00919	0.01952	0.01608	0.02527	0.01378	0.01608	0.01148	0.00574	0.00574	0.00115	0.00574	0.00459	0.00459	0.77491
32	0.01608	0.01378	0.01608	0.01148	0.01837	0.01034	0.00919	0.01952	0.01608	0.02527	0.01378	0.01608	0.01148	0.00574	0.00574	0.00115	0.00574	0.00459	0.00459	0.77491
33	0.02070	0.01579	0.02025	0.01619	0.04833	0.01480	0.04105	0.11891	0.01963	0.10722	0.01626	0.01815	0.01257	0.00770	0.00870	0.00184	0.08460	0.00589	0.00548	0.41593
34	0.01608	0.01378	0.01608	0.01148	0.01837	0.01034	0.00919	0.01952	0.01608	0.02527	0.01378	0.01608	0.01148	0.00574	0.00574	0.00115	0.00574	0.00459	0.00459	0.77491
35	0.01940	0.09739	0.08428	0.02905	0.28141	0.14643	0.01866	0.02312	0.01762	0.02223	0.01930	0.05643	0.04892	0.00983	0.00886	0.00239	0.06083	0.03939	0.00423	0.01022
36	0.01025	0.00788	0.00933	0.00963	0.01154	0.00710	0.00729	0.01271	0.01818	0.02352	0.22415	0.14753	0.32204	0.05464	0.01097	0.00301	0.00455	0.10156	0.00742	0.00671
37	0.02947	0.02172	0.02327	0.01784	0.02404	0.02404	0.01474	0.65329	0.03646	0.04887	0.01862	0.01862	0.01319	0.00931	0.00776	0.00233	0.00853	0.00698	0.00776	0.01319
38	0.00993	0.00742	0.00904	0.00957	0.01093	0.00673	0.00671	0.01198	0.01730	0.02288	0.22638	0.31907	0.21932	0.07216	0.01166	0.00313	0.00434	0.01754	0.00739	0.00653

[dist]
# distance from previous block
# <min> <max>
0	3

[block]
# block no. 5 follows, 25 sequences, length 62
# corresponding to MSA columns:
# 321-382
name=unknown_F
#
# <colnr> <probs for GDERKNQSTAVLIFYWHMCP>
#	G	D	E	R	K	N	Q	S	T	A	V	L	I	F	Y	W	H	M	C	P
0	0.01744	0.02343	0.20230	0.15027	0.37847	0.01817	0.05190	0.02338	0.01699	0.02419	0.01432	0.01877	0.01129	0.00715	0.00767	0.00240	0.01015	0.00669	0.00363	0.01138
1	0.01014	0.00806	0.00921	0.00939	0.01169	0.00713	0.00735	0.01276	0.01865	0.02358	0.20367	0.07316	0.43338	0.01911	0.00943	0.00274	0.00443	0.12183	0.00748	0.00682
2	0.26561	0.04848	0.01710	0.01307	0.01849	0.01578	0.01079	0.05284	0.11629	0.33099	0.02322	0.02154	0.01586	0.00884	0.00674	0.00240	0.00648	0.00662	0.00748	0.01140
3	0.40569	0.01617	0.05501	0.25206	0.02976	0.01754	0.01444	0.02351	0.07222	0.02883	0.01385	0.01705	0.01051	0.00769	0.00624	0.00249	0.00782	0.00562	0.00452	0.00899
4	0.01229	0.00830	0.00957	0.00902	0.01131	0.00735	0.00661	0.01453	0.01832	0.08203	0.23687	0.06187	0.34521	0.12647	0.01369	0.00330	0.00464	0.01415	0.00741	0.00707
5	0.12352	0.02238	0.02191	0.21813	0.05282	0.23993	0.05222	0.04498	0.01831	0.02365	0.01308	0.01671	0.01034	0.00746	0.00693	0.00217	0.01044	0.00575	0.00413	0.10514
6	0.01746	0.03102	0.35727	0.02692	0.03635	0.05076	0.31771	0.02499	0.01753	0.02442	0.01465	0.01837	0.01073	0.00701	0.00818	0.00251	0.01233	0.00729	0.00361	0.01088
7	0.01128	0.00752	0.00846	0.00846	0.00846	0.00752	0.00470	0.01128	0.01128	0.01503	0.02443	0.05074	0.02819	0.72751	0.03946	0.00752	0.00752	0.01128	0.00470	0.00470
8	0.31266	0.01618	0.08728	0.01675	0.07054	0.01450	0.06922	0.02049	0.01653	0.02926	0.12109	0.03442	0.05755	0.01100	0.00737	0.00259	0.00715	0.09116	0.00549	0.00878
9	0.00945	0.00675	0.00900	0.01080	0.01125	0.00630	0.00720	0.01080	0.01484	0.01979	0.04274	0.72245	0.05128	0.02429	0.00990	0.00315	0.00450	0.02204	0.00720	0.00630
10	0.43119	0.01778	0.09445	0.14126	0.02601	0.01688	0.04582	0.02422	0.01524	0.10240	0.01415	0.01646	0.01028	0.00755	0.00619	0.00245	0.00785	0.00552	0.00486	0.00943
11	0.01555	0.04011	0.68733	0.02210	0.03356	0.01801	0.02865	0.02455	0.01637	0.02455	0.01391	0.01637	0.00982	0.00737	0.00737	0.00246	0.01146	0.00573	0.00327	0.01146
12	0.78228	0.01499	0.01140	0.01020	0.01499	0.01739	0.00840	0.02279	0.01320	0.03479	0.01080	0.01260	0.00840	0.00720	0.00480	0.00240	0.00600	0.00420	0.00480	0.00840
13	0.01086	0.00784	0.01026	0.00983	0.01156	0.00724	0.00731	0.01435	0.02143	0.03027	0.62877	0.10656	0.07156	0.01647	0.00920	0.00249	0.00372	0.01461	0.00844	0.00724
14	0.02073	0.73217	0.04063	0.01327	0.01990	0.03068	0.01327	0.02322	0.01575	0.01824	0.01078	0.01244	0.00995	0.00663	0.00498	0.00166	0.00829	0.00415	0.00332	0.00995
15	0.32091	0.01760	0.01736	0.06982	0.05917	0.07776	0.01242	0.15099	0.02021	0.10488	0.01744	0.06842	0.01420	0.00923	0.00669	0.00241	0.00770	0.00690	0.00586	0.01003
16	0.02204	0.01827	0.02033	0.01717	0.02139	0.02149	0.01381	0.22585	0.36298	0.03520	0.02402	0.02376	0.01820	0.01065	0.01077	0.00266	0.12450	0.00789	0.00710	0.01192
17	0.78228	0.01499	0.01140	0.01020	0.01499	0.01739	0.00840	0.02279	0.01320	0.03479	0.01080	0.01260	0.00840	0.00720	0.00480	0.00240	0.00600	0.00420	0.00480	0.00840
18	0.01199	0.00815	0.01069	0.00993	0.01193	0.00749	0.00749	0.01562	0.02196	0.05886	0.64767	0.05658	0.07087	0.01559	0.00909	0.00244	0.00378	0.01376	0.00858	0.00757
19	0.06796	0.02029	0.01866	0.01595	0.02077	0.14248	0.01254	0.13642	0.28552	0.10293	0.04761	0.02381	0.01939	0.00956	0.00747	0.00236	0.00790	0.00743	0.00704	0.04392
20	0.01929	0.01666	0.01753	0.01578	0.02016	0.01929	0.01227	0.04120	0.66513	0.03243	0.03156	0.02893	0.02367	0.01052	0.00789	0.00263	0.00614	0.00877	0.00789	0.01227
21	0.01960	0.01949	0.02880	0.04177	0.55234	0.08768	0.02188	0.02385	0.01812	0.02448	0.01667	0.02473	0.01492	0.00831	0.00788	0.00238	0.00952	0.06193	0.00415	0.01148
22	0.01036	0.00785	0.00880	0.00916	0.01071	0.00720	0.00657	0.01190	0.01550	0.01933	0.05369	0.10147	0.34115	0.24781	0.01918	0.00436	0.00559	0.10694	0.00639	0.00603
23	0.00945	0.00675	0.00900	0.01080	0.01125	0.00630	0.00720	0.01080	0.01484	0.01979	0.04274	0.72245	0.05128	0.02429	0.00990	0.00315	0.00450	0.02204	0.00720	0.00630
24	0.02051	0.01727	0.01822	0.01603	0.02063	0.01986	0.01257	0.11488	0.58945	0.03441	0.03000	0.02769	0.02241	0.01037	0.00787	0.00259	0.00642	0.00855	0.00787	0.01238
25	0.01441	0.00785	0.00836	0.00817	0.00994	0.00806	0.00606	0.03928	0.01620	0.02745	0.02458	0.03054	0.02030	0.07456	0.06995	0.00326	0.00564	0.00766	0.61052	0.00719
26	0.02896	0.03695	0.02197	0.01998	0.02397	0.69638	0.01498	0.03096	0.02197	0.01898	0.01199	0.01398	0.00999	0.00799	0.00699	0.00200	0.01398	0.00499	0.00400	0.00899
27	0.01447	0.00825	0.00847	0.00813	0.01032	0.00823	0.00619	0.05604	0.01761	0.02860	0.03291	0.03532	0.11999	0.01212	0.02652	0.00228	0.00447	0.00864	0.58394	0.00748
28	0.02837	0.02117	0.02265	0.01762	0.02363	0.02353	0.01447	0.58719	0.10434	0.04709	0.02001	0.01973	0.01432	0.00944	0.00777	0.00236	0.00827	0.00717	0.00777	0.01309
29	0.01242	0.00962	0.01174	0.01225	0.01448	0.00966	0.00984	0.01850	0.12574	0.02508	0.13936	0.14136	0.16746	0.01877	0.00962	0.00302	0.00555	0.25020	0.00749	0.00781
30	0.02407	0.21167	0.04702	0.05226	0.09928	0.18666	0.01527	0.10269	0.02087	0.09901	0.01913	0.02028	0.05275	0.00854	0.00690	0.00211	0.00955	0.00636	0.00504	0.01052
31	0.00953	0.00682	0.00908	0.01074	0.01127	0.00636	0.00720	0.01102	0.01525	0.02044	0.07920	0.68413	0.05254	0.02380	0.00985	0.00311	0.00445	0.02158	0.00727	0.00636
32	0.01251	0.01117	0.01554	0.01379	0.01664	0.03224	0.10453	0.01647	0.06473	0.02280	0.11025	0.20458	0.24784	0.01771	0.01022	0.03916	0.00616	0.03954	0.00660	0.00753
33	0.01045	0.00822	0.00948	0.00911	0.01139	0.00741	0.00685	0.01401	0.04380	0.02650	0.37838	0.06448	0.34707	0.01739	0.00911	0.00253	0.00387	0.01490	0.00790	0.00715
34	0.02017	0.49686	0.20102	0.01608	0.02369	0.08678	0.01727	0.02424	0.01646	0.01989	0.01167	0.01356	0.00992	0.00694	0.00575	0.00189	0.00959	0.00462	0.00337	0.01024
35	0.02720	0.03436	0.02072	0.01890	0.02277	0.63496	0.01417	0.02920	0.02159	0.01915	0.01791	0.01938	0.06929	0.00903	0.00718	0.00205	0.01309	0.00601	0.00428	0.00877
36	0.01858	0.01888	0.05697	0.09339	0.56922	0.01863	0.02343	0.02324	0.01711	0.02451	0.01424	0.01906	0.01192	0.00737	0.00869	0.00239	0.04999	0.00685	0.00376	0.01176
37	0.02947	0.02172	0.02327	0.01784	0.02404	0.02404	0.01474	0.65329	0.03646	0.04887	0.01862	0.01862	0.01319	0.00931	0.00776	0.00233	0.00853	0.00698	0.00776	0.01319
38	0.02138	0.02144	0.02852	0.09204	0.46292	0.13159	0.02135	0.08072	0.01988	0.02594	0.01445	0.01839	0.01183	0.00737	0.00758	0.00228	0.01003	0.00660	0.00418	0.01153
39	0.00994	0.00714	0.00923	0.01024	0.01108	0.00665	0.00697	0.01177	0.01639	0.02218	0.19431	0.48266	0.08182	0.07704	0.01200	0.00330	0.00451	0.01903	0.00732	0.00643
40	0.01126	0.00759	0.00881	0.00881	0.00894	0.00771	0.00514	0.01150	0.01138	0.01530	0.02410	0.04893	0.02740	0.66791	0.09799	0.00796	0.00870	0.01101	0.00465	0.00490
41	0.78228	0.01499	0.01140	0.01020	0.01499	0.01739	0.00840	0.02279	0.01320	0.03479	0.01080	0.01260	0.00840	0.00720	0.00480	0.00240	0.00600	0.00420	0.00480	0.00840
42	0.00945	0.00675	0.00900	0.01080	0.01125	0.00630	0.00720	0.01080	0.01484	0.01979	0.04274	0.72245	0.05128	0.02429	0.00990	0.00315	0.00450	0.02204	0.00720	0.00630
43	0.01527	0.01443	0.02035	0.01794	0.01830	0.01961	0.01470	0.01718	0.01201	0.01837	0.01336	0.02153	0.01313	0.04837	0.19818	0.00585	0.51250	0.00732	0.00363	0.00796
44	0.01078	0.00883	0.00919	0.00882	0.01157	0.00787	0.00668	0.05834	0.01921	0.02359	0.11093	0.09455	0.56472	0.01882	0.00909	0.00261	0.00427	0.01575	0.00733	0.00707
45	0.01755	0.01759	0.02392	0.07776	0.02442	0.06237	0.06654	0.04177	0.01465	0.02087	0.01347	0.05808	0.01288	0.01207	0.01857	0.00296	0.43819	0.00760	0.00394	0.06482
46	0.01591	0.01330	0.01567	0.03410	0.01884	0.01033	0.00932	0.01943	0.01607	0.02535	0.01462	0.01717	0.01206	0.00605	0.00578	0.00124	0.00574	0.00486	0.06062	0.69353
47	0.01603	0.01613	0.07584	0.01243	0.01973	0.01102	0.01092	0.01997	0.01610	0.02520	0.01379	0.01610	0.01134	0.00589	0.00589	0.00126	0.00625	0.00469	0.00448	0.70693
48	0.01853	0.01314	0.01496	0.01359	0.01699	0.01389	0.01039	0.14142	0.20789	0.09480	0.05841	0.25474	0.07741	0.01547	0.00864	0.00271	0.00586	0.01334	0.00778	0.01003
49	0.01073	0.00809	0.01018	0.01113	0.01294	0.00753	0.00889	0.01341	0.01772	0.02278	0.12502	0.19389	0.24644	0.02074	0.00990	0.00307	0.00527	0.25811	0.00733	0.00682
50	0.01838	0.23412	0.22199	0.02422	0.13572	0.02241	0.08771	0.02521	0.07411	0.02322	0.01465	0.01732	0.01173	0.00762	0.00800	0.00228	0.05033	0.00616	0.00387	0.01095
51	0.01125	0.00810	0.01052	0.01170	0.01303	0.00784	0.00919	0.01361	0.01633	0.02126	0.07038	0.20299	0.11607	0.13898	0.01509	0.00399	0.00617	0.31019	0.00681	0.00651
52	0.01724	0.01295	0.01627	0.03464	0.06846	0.01413	0.01122	0.20295	0.01982	0.02704	0.02122	0.05667	0.02021	0.21000	0.22535	0.00678	0.01194	0.00904	0.00543	0.00864
53	0.01128	0.00752	0.00846	0.00846	0.00846	0.00752	0.00470	0.01128	0.01128	0.01503	0.02443	0.05074	0.02819	0.72751	0.03946	0.00752	0.00752	0.01128	0.00470	0.00470
54	0.62568	0.04636	0.01444	0.01179	0.01670	0.07890	0.00968	0.07283	0.01590	0.03381	0.01151	0.01318	0.00898	0.00741	0.00523	0.00233	0.00700	0.00448	0.00490	0.00889
55	0.01720	0.01686	0.02057	0.35653	0.03628	0.10151	0.01636	0.04134	0.01710	0.02211	0.01619	0.02056	0.03763	0.00801	0.00789	0.00215	0.03757	0.00642	0.00411	0.21361
56	0.00999	0.00744	0.00966	0.01070	0.01150	0.00720	0.00741	0.01168	0.01581	0.02121	0.12926	0.52407	0.10742	0.04604	0.01135	0.00316	0.03299	0.01948	0.00714	0.00649
57	0.01880	0.01798	0.01737	0.01317	0.01955	0.12504	0.01039	0.04892	0.01794	0.02524	0.01369	0.01584	0.01131	0.00627	0.00604	0.00134	0.00723	0.00476	0.00463	0.61447
58	0.01067	0.00749	0.00841	0.00863	0.00916	0.00719	0.00522	0.01119	0.01287	0.01668	0.03646	0.13593	0.14861	0.51430	0.03040	0.00610	0.00650	0.01350	0.00545	0.00523
59	0.02622	0.01136	0.01490	0.01205	0.01675	0.00984	0.00972	0.02914	0.02132	0.45679	0.14394	0.04035	0.14842	0.01245	0.00827	0.00245	0.00563	0.01038	0.00898	0.01102
60	0.01599	0.01303	0.01699	0.01989	0.14742	0.01359	0.01270	0.09180	0.13974	0.02668	0.03334	0.18965	0.07762	0.07083	0.01121	0.00315	0.00674	0.09372	0.00652	0.00938
61	0.02994	0.01824	0.02088	0.01633	0.02218	0.01917	0.01350	0.40799	0.05227	0.24590	0.02393	0.02486	0.01700	0.01005	0.00792	0.00242	0.00778	0.03849	0.00831	0.01285

[dist]
# distance from previous block
# <min> <max>
0	1

[block]
# block no. 6 follows, 25 sequences, length 8
# corresponding to MSA columns:
# 384-391
name=unknown_G
#
# <colnr> <probs for GDERKNQSTAVLIFYWHMCP>
#	G	D	E	R	K	N	Q	S	T	A	V	L	I	F	Y	W	H	M	C	P
0	0.01768	0.02221	0.13317	0.02892	0.16024	0.04998	0.21792	0.02272	0.01653	0.02319	0.01510	0.04383	0.01284	0.01020	0.03237	0.00289	0.13195	0.00779	0.00387	0.04660
1	0.68969	0.01520	0.01214	0.01087	0.01562	0.01762	0.00887	0.02503	0.09231	0.03450	0.01332	0.01458	0.01025	0.00760	0.00517	0.00243	0.00601	0.00475	0.00517	0.00887
2	0.05297	0.01735	0.08591	0.11895	0.02666	0.01409	0.05309	0.04306	0.05929	0.02606	0.01510	0.01786	0.01187	0.00676	0.00658	0.00178	0.00759	0.00567	0.00458	0.42480
3	0.01930	0.02697	0.31347	0.06241	0.29123	0.01734	0.02429	0.02564	0.01755	0.10473	0.01620	0.01891	0.01197	0.00747	0.00756	0.00239	0.00992	0.00650	0.00427	0.01187
4	0.00996	0.00711	0.00958	0.01138	0.01205	0.00674	0.00808	0.01168	0.01535	0.02036	0.04245	0.61607	0.05017	0.02381	0.01003	0.00322	0.00494	0.12338	0.00719	0.00644
5	0.01207	0.00971	0.01412	0.01355	0.01462	0.01192	0.01062	0.01450	0.01229	0.01794	0.01921	0.02938	0.01835	0.08965	0.54605	0.01065	0.13601	0.00823	0.00406	0.00705
6	0.07650	0.01242	0.01631	0.01290	0.01812	0.01108	0.01053	0.03299	0.02160	0.53532	0.13734	0.03083	0.02757	0.01050	0.00784	0.00241	0.00607	0.00862	0.00913	0.01192
7	0.13180	0.02087	0.16309	0.15023	0.04915	0.01726	0.04908	0.14002	0.01974	0.05966	0.01796	0.08605	0.01501	0.00940	0.00744	0.00247	0.00879	0.00779	0.00514	0.03906

[dist]
# distance from previous block
# <min> <max>
1	2

[block]
# block no. 7 follows, 25 sequences, length 31
# corresponding to MSA columns:
# 394-424
name=unknown_H
#
# <colnr> <probs for GDERKNQSTAVLIFYWHMCP>
#	G	D	E	R	K	N	Q	S	T	A	V	L	I	F	Y	W	H	M	C	P
0	0.50518	0.05286	0.20349	0.01397	0.02078	0.01839	0.01455	0.04735	0.01509	0.03174	0.01197	0.01388	0.00905	0.00730	0.00564	0.00238	0.00773	0.00473	0.00442	0.00951
1	0.02117	0.01632	0.01923	0.04586	0.02171	0.01699	0.03125	0.28337	0.10370	0.03405	0.02064	0.08423	0.01747	0.01164	0.00976	0.07621	0.00735	0.00813	0.00636	0.16455
2	0.02106	0.01748	0.01933	0.08264	0.02419	0.02013	0.01370	0.17263	0.46578	0.03481	0.02703	0.02589	0.02011	0.00999	0.00785	0.00256	0.00706	0.00820	0.00743	0.01212
3	0.01524	0.01510	0.08053	0.07399	0.08148	0.01395	0.01368	0.07068	0.13838	0.02633	0.10510	0.08576	0.07527	0.05074	0.11475	0.00429	0.00917	0.01024	0.00596	0.00935
4	0.01174	0.00812	0.00914	0.00893	0.00948	0.00814	0.00542	0.03535	0.01288	0.01700	0.02923	0.05090	0.08930	0.60206	0.06563	0.00708	0.00782	0.01147	0.00503	0.00529
5	0.07639	0.02086	0.12256	0.08318	0.19364	0.01836	0.20272	0.02445	0.06898	0.02542	0.01676	0.04807	0.01374	0.00825	0.00877	0.00255	0.04245	0.00794	0.00427	0.01064
6	0.00942	0.00685	0.00889	0.01051	0.01117	0.00632	0.00707	0.01083	0.01512	0.01990	0.04617	0.66037	0.11114	0.02385	0.00983	0.00310	0.00444	0.02150	0.00720	0.00632
7	0.01688	0.01487	0.01805	0.01572	0.01876	0.08203	0.06920	0.11180	0.06879	0.02408	0.02031	0.02803	0.01802	0.10167	0.34707	0.00779	0.01518	0.00818	0.00499	0.00858
8	0.08530	0.00891	0.01023	0.00986	0.01219	0.00855	0.00740	0.01582	0.04326	0.04720	0.35449	0.14275	0.19244	0.01658	0.00874	0.00257	0.00423	0.01427	0.00772	0.00748
9	0.69773	0.01598	0.04160	0.01096	0.01614	0.01701	0.00949	0.02389	0.01395	0.07849	0.01228	0.01370	0.00919	0.00737	0.00512	0.00240	0.00628	0.00451	0.00506	0.00886
10	0.01957	0.01609	0.01721	0.01541	0.01974	0.01837	0.01200	0.03979	0.60646	0.06090	0.06208	0.03019	0.02582	0.01073	0.00795	0.00261	0.00604	0.00897	0.00799	0.01208
11	0.01787	0.01674	0.02509	0.30532	0.27420	0.04194	0.02041	0.05176	0.08801	0.02460	0.01741	0.02377	0.01418	0.00845	0.00785	0.00250	0.00937	0.03558	0.00445	0.01050
12	0.02615	0.13201	0.06296	0.02165	0.08672	0.45414	0.01634	0.07107	0.02135	0.02182	0.01262	0.01471	0.01041	0.00775	0.00685	0.00203	0.01221	0.00523	0.00410	0.00986
13	0.01840	0.01778	0.03081	0.15515	0.54617	0.01828	0.05340	0.02319	0.01733	0.02440	0.01451	0.01952	0.01194	0.00703	0.00776	0.00236	0.00958	0.00701	0.00378	0.01159
14	0.02818	0.01340	0.01732	0.01298	0.01929	0.01102	0.01062	0.03133	0.02003	0.45158	0.02465	0.02275	0.01647	0.00823	0.00707	0.00196	0.00630	0.00667	0.00783	0.28233
15	0.01206	0.00861	0.01200	0.01378	0.01538	0.00855	0.01174	0.01531	0.01742	0.02272	0.04129	0.17796	0.04557	0.02183	0.01059	0.00351	0.00676	0.54074	0.00715	0.00702
16	0.01108	0.00831	0.01246	0.01246	0.01385	0.00969	0.00969	0.01385	0.01246	0.01800	0.02077	0.03046	0.01938	0.05815	0.69678	0.01246	0.02077	0.00831	0.00415	0.00692
17	0.78228	0.01499	0.01140	0.01020	0.01499	0.01739	0.00840	0.02279	0.01320	0.03479	0.01080	0.01260	0.00840	0.00720	0.00480	0.00240	0.00600	0.00420	0.00480	0.00840
18	0.03479	0.01320	0.01799	0.01380	0.01979	0.01140	0.01140	0.03779	0.02219	0.68451	0.03059	0.02639	0.01919	0.00960	0.00780	0.00240	0.00660	0.00780	0.00960	0.01320
19	0.78228	0.01499	0.01140	0.01020	0.01499	0.01739	0.00840	0.02279	0.01320	0.03479	0.01080	0.01260	0.00840	0.00720	0.00480	0.00240	0.00600	0.00420	0.00480	0.00840
20	0.01496	0.01398	0.02287	0.66177	0.05114	0.01737	0.02090	0.02126	0.05965	0.02067	0.01499	0.02123	0.01124	0.00794	0.00776	0.00259	0.01005	0.00702	0.00375	0.00886
21	0.02270	0.02829	0.17271	0.01785	0.02368	0.24999	0.01643	0.15598	0.02290	0.05175	0.04404	0.06743	0.07195	0.01046	0.00771	0.00233	0.01020	0.00802	0.00544	0.01016
22	0.01249	0.00892	0.01249	0.01428	0.01606	0.00892	0.01249	0.01606	0.01785	0.02320	0.04105	0.08746	0.04462	0.02142	0.01071	0.00357	0.00714	0.62695	0.00714	0.00714
23	0.01926	0.05065	0.19076	0.02780	0.03609	0.06522	0.41147	0.02575	0.01820	0.05568	0.01557	0.01936	0.01149	0.00698	0.00838	0.00249	0.01229	0.00784	0.00403	0.01070
24	0.02073	0.73217	0.04063	0.01327	0.01990	0.03068	0.01327	0.02322	0.01575	0.01824	0.01078	0.01244	0.00995	0.00663	0.00498	0.00166	0.00829	0.00415	0.00332	0.00995
25	0.01218	0.00896	0.01260	0.01495	0.04435	0.00884	0.01190	0.01539	0.01737	0.02268	0.04166	0.18243	0.06980	0.02115	0.01039	0.00341	0.00669	0.48103	0.00701	0.00721
26	0.00945	0.00675	0.00900	0.01080	0.01125	0.00630	0.00720	0.01080	0.01484	0.01979	0.04274	0.72245	0.05128	0.02429	0.00990	0.00315	0.00450	0.02204	0.00720	0.00630
27	0.01823	0.17464	0.27092	0.02217	0.03020	0.08525	0.19109	0.02403	0.01720	0.02247	0.01552	0.06455	0.01321	0.00820	0.00749	0.00234	0.01101	0.00737	0.00379	0.01029
28	0.05304	0.02067	0.02206	0.01721	0.02306	0.02289	0.01412	0.58250	0.05805	0.04656	0.01986	0.04876	0.01504	0.00992	0.00776	0.00238	0.00819	0.00760	0.00764	0.01270
29	0.44960	0.08563	0.05018	0.11012	0.05436	0.01944	0.01306	0.09025	0.01662	0.03171	0.01238	0.01484	0.00958	0.00744	0.00580	0.00234	0.00750	0.00507	0.00467	0.00942
30	0.02057	0.01788	0.07452	0.09113	0.23911	0.03582	0.07923	0.02596	0.04675	0.14702	0.02231	0.03147	0.01860	0.00992	0.00828	0.00259	0.00905	0.10327	0.00553	0.01098

[dist]
# distance from previous block
# <min> <max>
0	1

[block]
# block no. 8 follows, 25 sequences, length 39
# corresponding to MSA columns:
# 426-464
name=unknown_I
#
# <colnr> <probs for GDERKNQSTAVLIFYWHMCP>
#	G	D	E	R	K	N	Q	S	T	A	V	L	I	F	Y	W	H	M	C	P
0	0.78228	0.01499	0.01140	0.01020	0.01499	0.01739	0.00840	0.02279	0.01320	0.03479	0.01080	0.01260	0.00840	0.00720	0.00480	0.00240	0.00600	0.00420	0.00480	0.00840
1	0.00954	0.00682	0.00908	0.01073	0.01127	0.00636	0.00720	0.01102	0.01527	0.02046	0.08015	0.68312	0.05258	0.02379	0.00985	0.00311	0.00445	0.02157	0.00728	0.00636
2	0.01745	0.01635	0.06098	0.01285	0.01997	0.01228	0.01105	0.08662	0.01824	0.02771	0.01430	0.01636	0.01155	0.00622	0.00606	0.00136	0.00641	0.00492	0.00484	0.64446
3	0.00942	0.00686	0.00888	0.01051	0.01117	0.00632	0.00707	0.01083	0.01512	0.01991	0.04625	0.65884	0.11262	0.02383	0.00982	0.00310	0.00444	0.02148	0.00720	0.00632
4	0.01186	0.00876	0.01105	0.05341	0.01472	0.00846	0.00834	0.01587	0.06123	0.04949	0.28855	0.21530	0.18842	0.01761	0.00911	0.00267	0.00460	0.01543	0.00761	0.00753
5	0.00961	0.00761	0.00865	0.00895	0.01089	0.00665	0.00650	0.01178	0.01790	0.02280	0.19505	0.22480	0.40148	0.01995	0.00933	0.00271	0.00401	0.01722	0.00748	0.00665
6	0.06291	0.01484	0.02444	0.53806	0.04697	0.01766	0.08654	0.02226	0.06820	0.02229	0.01524	0.02087	0.01145	0.00781	0.00773	0.00258	0.01002	0.00711	0.00394	0.00909
7	0.01140	0.00827	0.01078	0.01123	0.01276	0.00801	0.00859	0.01509	0.04507	0.02594	0.32661	0.19553	0.05694	0.06437	0.01157	0.00319	0.00502	0.16488	0.00766	0.00710
8	0.02212	0.02030	0.02434	0.07986	0.16811	0.09731	0.03488	0.19258	0.11299	0.03053	0.01828	0.02253	0.01477	0.00959	0.00986	0.00253	0.09022	0.03252	0.00552	0.01115
9	0.01126	0.00813	0.01000	0.01087	0.01190	0.00789	0.00742	0.06284	0.01640	0.02168	0.04145	0.53754	0.09412	0.10396	0.01308	0.00355	0.00513	0.01914	0.00695	0.00669
10	0.01974	0.01598	0.01942	0.17019	0.05090	0.01778	0.01434	0.26154	0.09157	0.03263	0.03237	0.03306	0.16665	0.01149	0.00853	0.00251	0.02517	0.00931	0.00643	0.01039
11	0.02897	0.02147	0.02298	0.01774	0.02385	0.02381	0.01461	0.62283	0.06774	0.04805	0.01926	0.01913	0.01371	0.00937	0.00776	0.00234	0.00841	0.00707	0.00776	0.01314
12	0.02280	0.15988	0.04920	0.06123	0.02394	0.13882	0.01477	0.19628	0.11483	0.02900	0.01717	0.01904	0.01358	0.01268	0.06351	0.00307	0.03780	0.00639	0.00536	0.01066
13	0.01111	0.00768	0.00916	0.00916	0.00958	0.00786	0.00569	0.01174	0.01189	0.01595	0.02710	0.04848	0.06666	0.56028	0.15879	0.00813	0.00974	0.01104	0.00475	0.00522
14	0.01612	0.01750	0.06592	0.32562	0.06532	0.01980	0.10076	0.02051	0.01479	0.02058	0.01287	0.01915	0.01052	0.00948	0.01379	0.00284	0.24475	0.00708	0.00349	0.00912
15	0.01097	0.00793	0.01036	0.00975	0.01158	0.00732	0.00732	0.01463	0.02195	0.03109	0.67505	0.05792	0.07316	0.01585	0.00914	0.00244	0.00366	0.01402	0.00854	0.00732
16	0.01083	0.00792	0.01016	0.00960	0.01149	0.00725	0.00720	0.01435	0.02160	0.03027	0.62681	0.05927	0.12191	0.01616	0.00915	0.00245	0.00368	0.01421	0.00843	0.00725
17	0.06334	0.01094	0.05375	0.04368	0.01543	0.00924	0.00935	0.01400	0.01221	0.01820	0.01454	0.04820	0.01389	0.01962	0.02095	0.47091	0.00688	0.00673	0.00383	0.14434
18	0.17941	0.05984	0.02239	0.02294	0.15875	0.26477	0.01519	0.05073	0.08363	0.02594	0.01437	0.01649	0.01164	0.00804	0.00738	0.00225	0.03585	0.00571	0.00460	0.01007
19	0.00967	0.00704	0.00873	0.00997	0.01071	0.00652	0.00662	0.01092	0.01479	0.01929	0.04597	0.51690	0.15112	0.12664	0.01411	0.00370	0.00485	0.01953	0.00683	0.00610
20	0.00949	0.00787	0.00831	0.00820	0.01068	0.00669	0.00615	0.01177	0.01845	0.02279	0.18724	0.07158	0.56615	0.01895	0.00916	0.00259	0.00388	0.01594	0.00744	0.00669
21	0.02191	0.02199	0.02613	0.03176	0.31992	0.15802	0.01886	0.10659	0.04171	0.02659	0.03866	0.01947	0.01423	0.00884	0.01014	0.00241	0.11032	0.00683	0.00462	0.01100
22	0.01685	0.01406	0.01631	0.01189	0.01841	0.01126	0.00952	0.07048	0.01809	0.02753	0.05510	0.01887	0.01544	0.00666	0.00612	0.00132	0.00584	0.00537	0.00509	0.66580
23	0.01905	0.02013	0.06239	0.15481	0.37470	0.06241	0.07298	0.04924	0.01794	0.02442	0.01421	0.01894	0.01153	0.00765	0.00892	0.00244	0.05641	0.00690	0.00389	0.01103
24	0.01115	0.00770	0.00955	0.00962	0.01001	0.00806	0.00613	0.01195	0.01173	0.01601	0.02412	0.07005	0.02668	0.52188	0.21485	0.00868	0.01096	0.01088	0.00464	0.00535
25	0.01688	0.01695	0.02477	0.06516	0.02345	0.02313	0.04768	0.01903	0.01242	0.01903	0.01067	0.01739	0.01026	0.01286	0.02353	0.00330	0.63457	0.00691	0.00342	0.00859
26	0.01681	0.01675	0.02372	0.06563	0.02253	0.02332	0.01726	0.01874	0.01211	0.01874	0.01042	0.01721	0.01019	0.01319	0.02428	0.00334	0.66709	0.00679	0.00340	0.00849
27	0.01821	0.02020	0.06613	0.16808	0.08753	0.04660	0.27679	0.05304	0.01748	0.02368	0.01416	0.01943	0.01114	0.00827	0.01134	0.00267	0.13369	0.00766	0.00388	0.01000
28	0.02092	0.01017	0.01327	0.01121	0.01494	0.00895	0.00886	0.02405	0.02144	0.30962	0.31365	0.04680	0.13620	0.01371	0.00857	0.00245	0.00496	0.01169	0.00880	0.00973
29	0.01650	0.05964	0.42023	0.05619	0.03458	0.01933	0.17902	0.02387	0.01641	0.02368	0.01392	0.01758	0.01036	0.00765	0.00919	0.00254	0.06844	0.00664	0.00345	0.01078
30	0.01445	0.00723	0.00723	0.00723	0.00903	0.00723	0.00542	0.01807	0.01626	0.02891	0.02529	0.02891	0.01987	0.00903	0.00542	0.00181	0.00361	0.00723	0.77055	0.00723
31	0.01034	0.00761	0.00949	0.01068	0.01173	0.00716	0.00735	0.04078	0.01628	0.02132	0.04703	0.59162	0.14405	0.02289	0.00969	0.00303	0.00460	0.02048	0.00722	0.00666
32	0.00975	0.00698	0.00927	0.01059	0.01131	0.00650	0.00722	0.01155	0.01624	0.02201	0.16675	0.59212	0.05557	0.02264	0.00975	0.00301	0.00433	0.02047	0.00746	0.00650
33	0.01015	0.00731	0.00923	0.00988	0.01088	0.00680	0.00676	0.01206	0.01673	0.02263	0.23474	0.36674	0.10964	0.12323	0.01389	0.00352	0.00463	0.01755	0.00724	0.00640
34	0.00945	0.00675	0.00900	0.01080	0.01125	0.00630	0.00720	0.01080	0.01484	0.01979	0.04274	0.72245	0.05128	0.02429	0.00990	0.00315	0.00450	0.02204	0.00720	0.00630
35	0.07354	0.11273	0.02499	0.04331	0.08834	0.15515	0.01561	0.11877	0.01962	0.07674	0.01406	0.01684	0.01136	0.00936	0.01145	0.00246	0.18465	0.00605	0.00477	0.01022
36	0.02200	0.06972	0.02495	0.13431	0.19191	0.25587	0.01759	0.06405	0.04472	0.02293	0.01468	0.01837	0.01206	0.01161	0.06000	0.00299	0.01172	0.00624	0.00422	0.01005
37	0.02531	0.01679	0.01989	0.02019	0.12889	0.06744	0.01359	0.06328	0.19924	0.25904	0.02571	0.02655	0.01902	0.06733	0.01030	0.00283	0.00764	0.00795	0.00726	0.01178
38	0.04978	0.08333	0.07007	0.01371	0.01650	0.01371	0.01197	0.01637	0.01310	0.01940	0.01807	0.02582	0.01657	0.04367	0.49672	0.00952	0.06255	0.00739	0.00398	0.00776

[dist]
# distance from previous block
# <min> <max>
1	5

[block]
# block no. 9 follows, 25 sequences, length 11
# corresponding to MSA columns:
# 470-480
name=unknown_J
#
# <colnr> <probs for GDERKNQSTAVLIFYWHMCP>
#	G	D	E	R	K	N	Q	S	T	A	V	L	I	F	Y	W	H	M	C	P
0	0.02126	0.01548	0.01722	0.01476	0.01916	0.01693	0.01166	0.14280	0.35889	0.10980	0.15183	0.03236	0.03075	0.01122	0.00809	0.00251	0.00614	0.00934	0.00819	0.01159
1	0.01676	0.01685	0.03089	0.02368	0.02935	0.01641	0.34974	0.02528	0.14773	0.02560	0.02416	0.12131	0.02174	0.01071	0.00888	0.00266	0.00963	0.05339	0.00543	0.05980
2	0.02025	0.01206	0.01595	0.01584	0.07173	0.01174	0.01165	0.06565	0.07649	0.20724	0.19774	0.04761	0.06563	0.01378	0.00877	0.00265	0.00614	0.13099	0.00800	0.01006
3	0.01277	0.00841	0.01114	0.01077	0.01235	0.00871	0.00790	0.01479	0.01418	0.07166	0.06930	0.04279	0.11062	0.21976	0.34072	0.00849	0.01298	0.01043	0.00539	0.00682
4	0.02320	0.12302	0.02495	0.20545	0.03115	0.37920	0.01665	0.02610	0.01873	0.01908	0.01219	0.01578	0.01009	0.00811	0.00813	0.00220	0.05777	0.00551	0.00372	0.00898
5	0.02432	0.02625	0.20401	0.02300	0.11485	0.02165	0.01972	0.39843	0.02849	0.03912	0.01680	0.01809	0.01215	0.00846	0.00764	0.00236	0.00942	0.00663	0.00602	0.01260
6	0.01971	0.01745	0.02173	0.02325	0.15920	0.02006	0.01551	0.08025	0.39387	0.03031	0.02414	0.02450	0.01867	0.01008	0.01020	0.00264	0.10221	0.00797	0.00642	0.01183
7	0.01445	0.00723	0.00723	0.00723	0.00903	0.00723	0.00542	0.01807	0.01626	0.02891	0.02529	0.02891	0.01987	0.00903	0.00542	0.00181	0.00361	0.00723	0.77055	0.00723
8	0.01910	0.01575	0.01795	0.20313	0.05355	0.10546	0.01389	0.02498	0.11447	0.11770	0.02799	0.10688	0.07475	0.05813	0.01010	0.00286	0.00824	0.00982	0.00590	0.00934
9	0.01292	0.01025	0.01352	0.01287	0.01519	0.01015	0.05032	0.06670	0.07788	0.02509	0.10926	0.32257	0.14028	0.03837	0.01018	0.00300	0.00563	0.06084	0.00716	0.00783
10	0.01541	0.01219	0.01459	0.01466	0.05848	0.01270	0.01034	0.10580	0.16573	0.03043	0.23149	0.16421	0.10218	0.01506	0.00872	0.00260	0.00540	0.01309	0.00762	0.00928

[dist]
# distance from previous block
# <min> <max>
0	5

# created by:
# /st0/software/busco_prod/Augustus/scripts/msa2prfl.pl ./align_prep/145904.fa
