[name]
unknown

[dist]
# distance from previous block
# <min> <max>
8	52

[block]
# block no. 0 follows, 28 sequences, length 29
# corresponding to MSA columns:
# 62-90
name=unknown_A
#
# <colnr> <probs for GDERKNQSTAVLIFYWHMCP>
#	G	D	E	R	K	N	Q	S	T	A	V	L	I	F	Y	W	H	M	C	P
0	0.03802	0.19042	0.18035	0.01426	0.02015	0.05440	0.01427	0.02305	0.03707	0.12496	0.12372	0.04447	0.02161	0.00900	0.00710	0.00207	0.02759	0.00699	0.00514	0.05534
1	0.07728	0.23299	0.24956	0.03416	0.02366	0.03975	0.01691	0.11289	0.01832	0.08050	0.04033	0.01664	0.01262	0.00745	0.00623	0.00205	0.00852	0.00547	0.00446	0.01020
2	0.05342	0.66806	0.08236	0.01287	0.01932	0.02740	0.01322	0.02183	0.01470	0.01819	0.01031	0.01192	0.00926	0.00629	0.00481	0.00164	0.00788	0.00399	0.00317	0.00936
3	0.01979	0.71593	0.03728	0.01273	0.01883	0.06046	0.01251	0.02210	0.01504	0.01713	0.01016	0.01173	0.00933	0.00628	0.00475	0.00157	0.00802	0.00392	0.00314	0.00929
4	0.01880	0.68787	0.06708	0.01272	0.01892	0.02733	0.01287	0.02137	0.01476	0.01743	0.01141	0.04025	0.01084	0.00690	0.00495	0.00164	0.00777	0.00461	0.00325	0.00926
5	0.01674	0.01436	0.05576	0.03136	0.01885	0.01200	0.01069	0.02417	0.17302	0.08612	0.02069	0.08377	0.01732	0.00846	0.00652	0.00178	0.00587	0.00708	0.00557	0.39985
6	0.01414	0.01193	0.01408	0.01067	0.01622	0.00912	0.00833	0.01708	0.01490	0.02292	0.01699	0.12373	0.01636	0.00799	0.00597	0.00136	0.00521	0.00676	0.00467	0.67157
7	0.01794	0.01170	0.01458	0.05102	0.01811	0.01220	0.01103	0.07441	0.17611	0.15011	0.14848	0.07116	0.03395	0.01331	0.00828	0.00260	0.00596	0.16232	0.00737	0.00935
8	0.00886	0.00633	0.00843	0.01012	0.01054	0.00590	0.00675	0.01012	0.01392	0.01856	0.04006	0.73979	0.04808	0.02277	0.00928	0.00295	0.00422	0.02066	0.00675	0.00590
9	0.02763	0.02036	0.02182	0.01672	0.02254	0.02254	0.01382	0.67496	0.03418	0.04581	0.01745	0.01745	0.01236	0.00873	0.00727	0.00218	0.00800	0.00654	0.00727	0.01236
10	0.02387	0.01776	0.01934	0.01510	0.02033	0.01898	0.01222	0.51297	0.02922	0.03959	0.01896	0.07780	0.01565	0.03807	0.00836	0.00230	0.00733	0.00759	0.00675	0.10783
11	0.01588	0.01968	0.11807	0.02360	0.02813	0.01906	0.29022	0.02031	0.01422	0.02057	0.01282	0.01823	0.01070	0.01207	0.06237	0.00334	0.29107	0.00725	0.00342	0.00898
12	0.03013	0.01330	0.01707	0.01342	0.01882	0.01245	0.01098	0.07057	0.12301	0.56576	0.02821	0.02471	0.01833	0.00911	0.00732	0.00228	0.00622	0.00741	0.00866	0.01224
13	0.00899	0.00649	0.00855	0.01014	0.01074	0.00605	0.00694	0.01040	0.01422	0.01879	0.04186	0.66724	0.08405	0.02239	0.00928	0.00295	0.00432	0.05390	0.00674	0.00596
14	0.02527	0.05243	0.22982	0.01510	0.02212	0.01318	0.01553	0.02983	0.01885	0.42758	0.05918	0.02287	0.01765	0.00855	0.00714	0.00224	0.00751	0.00688	0.00686	0.01144
15	0.03261	0.01237	0.01687	0.01293	0.01856	0.01068	0.01068	0.03543	0.02081	0.70423	0.02868	0.02474	0.01799	0.00900	0.00731	0.00225	0.00619	0.00731	0.00900	0.01237
16	0.00886	0.00633	0.00843	0.01012	0.01054	0.00590	0.00675	0.01012	0.01392	0.01856	0.04006	0.73979	0.04808	0.02277	0.00928	0.00295	0.00422	0.02066	0.00675	0.00590
17	0.01676	0.01689	0.03112	0.18925	0.35802	0.01750	0.19415	0.02158	0.01608	0.02227	0.01364	0.01865	0.01092	0.00678	0.00816	0.00233	0.03517	0.00703	0.00352	0.01018
18	0.01489	0.03542	0.62636	0.02192	0.03225	0.01706	0.10518	0.02305	0.01557	0.02305	0.01325	0.01586	0.00943	0.00681	0.00711	0.00232	0.01093	0.00576	0.00314	0.01063
19	0.01047	0.00701	0.00796	0.00805	0.00807	0.00698	0.00454	0.01055	0.01076	0.01434	0.02386	0.08634	0.02764	0.70411	0.03545	0.00682	0.00689	0.01114	0.00454	0.00449
20	0.00884	0.00637	0.00839	0.01000	0.01051	0.00591	0.00669	0.01014	0.01404	0.01860	0.04159	0.70945	0.07744	0.02258	0.00925	0.00293	0.00419	0.02042	0.00675	0.00591
21	0.02760	0.01616	0.07084	0.01568	0.03910	0.01413	0.04242	0.16200	0.04657	0.40958	0.02396	0.02236	0.01589	0.00859	0.00721	0.00222	0.00707	0.00705	0.04981	0.01177
22	0.01619	0.14307	0.56002	0.01921	0.02893	0.01905	0.02381	0.06716	0.01654	0.02368	0.01290	0.01494	0.00944	0.00693	0.00659	0.00218	0.01011	0.00523	0.00336	0.01064
23	0.01716	0.01961	0.04289	0.03064	0.03799	0.01838	0.67279	0.02328	0.01716	0.02328	0.01471	0.01961	0.01103	0.00613	0.00858	0.00245	0.01225	0.00858	0.00368	0.00980
24	0.02494	0.04894	0.02302	0.04001	0.02422	0.37375	0.07090	0.19225	0.08469	0.02652	0.01482	0.01621	0.01146	0.00786	0.00695	0.00206	0.01080	0.00585	0.00493	0.00984
25	0.05772	0.01649	0.02909	0.17929	0.17945	0.01763	0.22827	0.05561	0.01625	0.02310	0.01388	0.01959	0.01131	0.04053	0.01044	0.00263	0.07832	0.00719	0.00378	0.00942
26	0.02036	0.01729	0.04878	0.06473	0.05219	0.07319	0.01337	0.11270	0.17062	0.11605	0.02095	0.07190	0.01688	0.00961	0.00855	0.00226	0.06830	0.00756	0.00589	0.09882
27	0.01556	0.03858	0.09522	0.01492	0.01880	0.04537	0.06619	0.13367	0.03867	0.02648	0.14807	0.19382	0.06860	0.01333	0.00889	0.00246	0.04539	0.01141	0.00598	0.00859
28	0.05082	0.17213	0.09097	0.01370	0.01902	0.07985	0.01242	0.04889	0.11369	0.14881	0.10452	0.02396	0.03782	0.00890	0.00665	0.00206	0.00715	0.00692	0.00581	0.04591

[dist]
# distance from previous block
# <min> <max>
1	14

[block]
# block no. 1 follows, 28 sequences, length 36
# corresponding to MSA columns:
# 105-140
name=unknown_B
#
# <colnr> <probs for GDERKNQSTAVLIFYWHMCP>
#	G	D	E	R	K	N	Q	S	T	A	V	L	I	F	Y	W	H	M	C	P
0	0.15754	0.13034	0.25240	0.01646	0.02371	0.04869	0.04031	0.14499	0.01896	0.08196	0.01415	0.01538	0.01035	0.00728	0.00630	0.00215	0.00869	0.00536	0.00463	0.01033
1	0.10398	0.23246	0.12223	0.01679	0.07089	0.02104	0.01469	0.18167	0.06026	0.05554	0.01577	0.04637	0.01282	0.00803	0.00625	0.00207	0.00775	0.00605	0.00495	0.01038
2	0.01944	0.12240	0.29474	0.02248	0.16562	0.01723	0.01965	0.05100	0.01732	0.14485	0.01832	0.01948	0.04050	0.00766	0.00682	0.00216	0.00868	0.00622	0.00457	0.01088
3	0.01088	0.00806	0.01041	0.00964	0.01183	0.00726	0.00741	0.01428	0.01972	0.02802	0.57545	0.05251	0.06068	0.01431	0.00837	0.00225	0.00388	0.06193	0.00753	0.08558
4	0.02692	0.01810	0.10863	0.01493	0.02128	0.01504	0.01356	0.21296	0.04864	0.35055	0.02227	0.02079	0.01485	0.00840	0.00710	0.00215	0.00722	0.00664	0.00731	0.07267
5	0.00886	0.00633	0.00843	0.01012	0.01054	0.00590	0.00675	0.01012	0.01392	0.01856	0.04006	0.73979	0.04808	0.02277	0.00928	0.00295	0.00422	0.02066	0.00675	0.00590
6	0.00990	0.00726	0.00929	0.00911	0.01071	0.00664	0.00671	0.01285	0.01918	0.02661	0.53488	0.15828	0.12871	0.01640	0.00868	0.00240	0.00357	0.01449	0.00769	0.00664
7	0.02395	0.01696	0.01867	0.01504	0.02027	0.01827	0.01214	0.30640	0.26336	0.13161	0.02301	0.02175	0.01654	0.00891	0.00717	0.00221	0.00674	0.00708	0.00733	0.07260
8	0.01458	0.03760	0.70688	0.02072	0.03146	0.01688	0.02686	0.02302	0.01535	0.02302	0.01304	0.01535	0.00921	0.00691	0.00691	0.00230	0.01074	0.00537	0.00307	0.01074
9	0.02008	0.68898	0.03662	0.01297	0.01898	0.08637	0.01257	0.02238	0.01526	0.01716	0.01020	0.01178	0.00933	0.00633	0.00482	0.00158	0.00822	0.00395	0.00316	0.00925
10	0.01263	0.00631	0.00947	0.00947	0.00947	0.00631	0.00631	0.00947	0.00947	0.01263	0.01263	0.02210	0.01263	0.02525	0.02841	0.78851	0.00631	0.00631	0.00316	0.00316
11	0.01485	0.01474	0.02170	0.66764	0.04775	0.07481	0.01967	0.01945	0.01504	0.01851	0.01278	0.01885	0.00966	0.00729	0.00721	0.00238	0.00998	0.00631	0.00327	0.00810
12	0.00935	0.00668	0.00900	0.01069	0.01133	0.00633	0.00761	0.01098	0.01440	0.01911	0.03979	0.62584	0.04700	0.02231	0.00941	0.00302	0.00465	0.12974	0.00674	0.00604
13	0.02763	0.02036	0.02182	0.01672	0.02254	0.02254	0.01382	0.67496	0.03418	0.04581	0.01745	0.01745	0.01236	0.00873	0.00727	0.00218	0.00800	0.00654	0.00727	0.01236
14	0.01716	0.01961	0.04289	0.03064	0.03799	0.01838	0.67279	0.02328	0.01716	0.02328	0.01471	0.01961	0.01103	0.00613	0.00858	0.00245	0.01225	0.00858	0.00368	0.00980
15	0.01057	0.00705	0.00793	0.00793	0.00793	0.00705	0.00440	0.01057	0.01057	0.01409	0.02290	0.04757	0.02643	0.74454	0.03700	0.00705	0.00705	0.01057	0.00440	0.00440
16	0.01263	0.00631	0.00947	0.00947	0.00947	0.00631	0.00631	0.00947	0.00947	0.01263	0.01263	0.02210	0.01263	0.02525	0.02841	0.78851	0.00631	0.00631	0.00316	0.00316
17	0.01038	0.00779	0.01168	0.01168	0.01298	0.00909	0.00909	0.01298	0.01168	0.01687	0.01947	0.02856	0.01817	0.05452	0.71573	0.01168	0.01947	0.00779	0.00389	0.00649
18	0.02024	0.44949	0.12177	0.01541	0.02194	0.08045	0.04255	0.10145	0.04606	0.02219	0.01248	0.01394	0.01029	0.00686	0.00570	0.00183	0.00872	0.00484	0.00386	0.00992
19	0.01677	0.01304	0.01782	0.23545	0.02776	0.01259	0.01292	0.02036	0.01534	0.10204	0.01458	0.01761	0.01121	0.00684	0.00732	0.00176	0.05074	0.00546	0.00446	0.40594
20	0.01424	0.03040	0.50840	0.01963	0.02767	0.01640	0.04944	0.02094	0.01497	0.02221	0.04183	0.07341	0.01470	0.00918	0.00944	0.00247	0.10416	0.00713	0.00359	0.00981
21	0.01808	0.01561	0.01644	0.01479	0.01890	0.01808	0.01151	0.03863	0.68606	0.03041	0.02959	0.02712	0.02219	0.00986	0.00740	0.00247	0.00575	0.00822	0.00740	0.01151
22	0.03261	0.01237	0.01687	0.01293	0.01856	0.01068	0.01068	0.03543	0.02081	0.70423	0.02868	0.02474	0.01799	0.00900	0.00731	0.00225	0.00619	0.00731	0.00900	0.01237
23	0.01516	0.05015	0.44357	0.06181	0.08603	0.04229	0.06218	0.02169	0.01560	0.02199	0.01762	0.02015	0.06312	0.00799	0.00782	0.00232	0.04056	0.00647	0.00348	0.01000
24	0.01882	0.01598	0.01686	0.01494	0.01919	0.01843	0.01169	0.08823	0.63524	0.03161	0.02864	0.02637	0.02142	0.00977	0.00739	0.00244	0.00593	0.00809	0.00739	0.01157
25	0.00997	0.00728	0.00936	0.00913	0.01074	0.00668	0.00674	0.01298	0.01938	0.02700	0.55982	0.14637	0.11503	0.01619	0.00867	0.00239	0.00355	0.01431	0.00774	0.00668
26	0.03207	0.01324	0.01741	0.01335	0.01899	0.01198	0.01103	0.10535	0.02227	0.63224	0.02745	0.02394	0.01738	0.00897	0.00731	0.00224	0.00638	0.00723	0.00881	0.01237
27	0.01920	0.06648	0.18456	0.05316	0.10375	0.12632	0.24959	0.02451	0.01721	0.06516	0.01424	0.01733	0.01071	0.00678	0.00738	0.00223	0.01092	0.00659	0.00383	0.01005
28	0.01458	0.03760	0.70688	0.02072	0.03146	0.01688	0.02686	0.02302	0.01535	0.02302	0.01304	0.01535	0.00921	0.00691	0.00691	0.00230	0.01074	0.00537	0.00307	0.01074
29	0.01111	0.00762	0.00992	0.00923	0.01113	0.00698	0.00696	0.01446	0.02044	0.05560	0.64663	0.05369	0.08906	0.01476	0.00852	0.00229	0.00355	0.01299	0.00800	0.00705
30	0.01105	0.00827	0.00974	0.01028	0.01136	0.03460	0.00720	0.01273	0.01545	0.04649	0.15084	0.43938	0.09643	0.07593	0.01151	0.00306	0.02606	0.01662	0.00664	0.00638
31	0.02322	0.01763	0.01824	0.01539	0.01992	0.07371	0.01225	0.17424	0.35366	0.14491	0.02454	0.02306	0.01783	0.00940	0.00794	0.00235	0.03574	0.00735	0.00718	0.01145
32	0.00886	0.00633	0.00843	0.01012	0.01054	0.00590	0.00675	0.01012	0.01392	0.01856	0.04006	0.73979	0.04808	0.02277	0.00928	0.00295	0.00422	0.02066	0.00675	0.00590
33	0.01455	0.00890	0.01011	0.05237	0.01333	0.00937	0.00756	0.10214	0.01734	0.02731	0.02462	0.13634	0.02183	0.01246	0.03396	0.00239	0.00513	0.00893	0.48392	0.00744
34	0.14670	0.05020	0.07373	0.09371	0.06728	0.07291	0.09733	0.23046	0.04769	0.03107	0.01459	0.01670	0.01094	0.00751	0.00680	0.00222	0.00886	0.00609	0.00498	0.01024
35	0.14273	0.09578	0.02124	0.10919	0.04371	0.07396	0.01368	0.20944	0.04611	0.05270	0.01496	0.03676	0.01200	0.00868	0.00839	0.00228	0.08741	0.00617	0.00508	0.00974

[dist]
# distance from previous block
# <min> <max>
2	7

[block]
# block no. 2 follows, 28 sequences, length 87
# corresponding to MSA columns:
# 148-234
name=unknown_C
#
# <colnr> <probs for GDERKNQSTAVLIFYWHMCP>
#	G	D	E	R	K	N	Q	S	T	A	V	L	I	F	Y	W	H	M	C	P
0	0.01802	0.01233	0.01467	0.04015	0.01735	0.01168	0.00954	0.12081	0.04322	0.10194	0.03798	0.02248	0.01627	0.03801	0.07651	0.00285	0.00714	0.00639	0.12070	0.28194
1	0.01820	0.01421	0.02143	0.47557	0.07767	0.01631	0.01785	0.11864	0.01830	0.09946	0.01539	0.01945	0.01116	0.00756	0.00720	0.00230	0.00882	0.00649	0.00454	0.03944
2	0.01101	0.00762	0.00976	0.00911	0.01106	0.00694	0.00687	0.01424	0.02017	0.05523	0.60365	0.05475	0.13215	0.01500	0.00852	0.00230	0.00357	0.01314	0.00791	0.00700
3	0.03239	0.01273	0.01709	0.01311	0.01874	0.01122	0.01083	0.06451	0.02141	0.67429	0.02817	0.02441	0.01774	0.00898	0.00731	0.00225	0.00627	0.00728	0.00892	0.01237
4	0.01355	0.00678	0.00678	0.00678	0.00847	0.00678	0.00508	0.01694	0.01524	0.02710	0.02371	0.02710	0.01863	0.00847	0.00508	0.00169	0.00339	0.00678	0.78489	0.00678
5	0.00888	0.00733	0.00779	0.00776	0.01002	0.00625	0.00579	0.01096	0.01712	0.02114	0.17364	0.09385	0.56836	0.01800	0.00862	0.00245	0.00366	0.01519	0.00695	0.00625
6	0.03230	0.01288	0.01718	0.01317	0.01881	0.01143	0.01088	0.07582	0.02165	0.66264	0.02797	0.02428	0.01764	0.00898	0.00731	0.00224	0.00630	0.00726	0.00889	0.01237
7	0.01355	0.00678	0.00678	0.00678	0.00847	0.00678	0.00508	0.01694	0.01524	0.02710	0.02371	0.02710	0.01863	0.00847	0.00508	0.00169	0.00339	0.00678	0.78489	0.00678
8	0.01507	0.01292	0.01507	0.01077	0.01723	0.00969	0.00861	0.01830	0.01507	0.02369	0.01292	0.01507	0.01077	0.00538	0.00538	0.00108	0.00538	0.00431	0.00431	0.78898
9	0.01876	0.01595	0.01682	0.01493	0.01916	0.01840	0.01167	0.08403	0.63955	0.03151	0.02872	0.02643	0.02149	0.00978	0.00739	0.00245	0.00591	0.00810	0.00739	0.01157
10	0.00886	0.00633	0.00843	0.01012	0.01054	0.00590	0.00675	0.01012	0.01392	0.01856	0.04006	0.73979	0.04808	0.02277	0.00928	0.00295	0.00422	0.02066	0.00675	0.00590
11	0.01040	0.00774	0.01145	0.01145	0.01266	0.00896	0.00879	0.01283	0.01161	0.01670	0.01969	0.02976	0.01869	0.09810	0.67286	0.01139	0.01869	0.00796	0.00393	0.00636
12	0.02356	0.01060	0.01410	0.01166	0.01568	0.00952	0.00929	0.02724	0.04933	0.42224	0.23611	0.07918	0.03576	0.01172	0.00783	0.00231	0.00519	0.01000	0.00848	0.01022
13	0.01057	0.00806	0.01204	0.01193	0.01319	0.00953	0.00932	0.01313	0.01166	0.01690	0.01913	0.02813	0.01788	0.05310	0.69231	0.01139	0.04357	0.00774	0.00387	0.00654
14	0.00896	0.00645	0.00853	0.01015	0.01070	0.00601	0.00690	0.01033	0.01413	0.01872	0.04124	0.68870	0.07174	0.02250	0.00928	0.00295	0.00430	0.04572	0.00675	0.00594
15	0.01799	0.01727	0.02950	0.04462	0.69919	0.01727	0.02231	0.02231	0.01655	0.02375	0.01367	0.01799	0.01151	0.00648	0.00720	0.00216	0.00864	0.00648	0.00360	0.01151
16	0.01847	0.01880	0.02897	0.10025	0.52525	0.08657	0.07086	0.02273	0.01682	0.02267	0.01344	0.01775	0.01111	0.00662	0.00724	0.00218	0.00945	0.00646	0.00359	0.01078
17	0.01188	0.01006	0.01200	0.09656	0.03657	0.03338	0.00978	0.04411	0.03461	0.02103	0.04581	0.15818	0.28708	0.04459	0.00968	0.00281	0.00584	0.12292	0.00608	0.00702
18	0.08038	0.40412	0.05636	0.04733	0.04531	0.07599	0.01350	0.02191	0.01487	0.05019	0.01196	0.01454	0.01028	0.01018	0.05179	0.00254	0.07123	0.00484	0.00361	0.00907
19	0.01604	0.01370	0.01617	0.01190	0.01776	0.01168	0.00961	0.06509	0.01610	0.02474	0.01296	0.01531	0.01078	0.00625	0.00709	0.00133	0.06737	0.00464	0.00442	0.66706
20	0.02382	0.08880	0.07822	0.01928	0.04929	0.34416	0.04507	0.14974	0.06365	0.02471	0.01381	0.01545	0.01089	0.00780	0.00734	0.00206	0.03605	0.00555	0.00451	0.00979
21	0.01360	0.00809	0.01047	0.01000	0.01221	0.00731	0.00760	0.01628	0.01854	0.13798	0.33187	0.18643	0.13869	0.01623	0.00859	0.00250	0.00428	0.05417	0.00767	0.00749
22	0.02122	0.01781	0.02169	0.01661	0.02203	0.04223	0.09026	0.30084	0.07441	0.03269	0.01646	0.01872	0.01281	0.03499	0.00896	0.00218	0.04826	0.00643	0.00565	0.20575
23	0.01503	0.00870	0.01148	0.01027	0.01295	0.00782	0.00801	0.01826	0.01994	0.16345	0.47048	0.06784	0.05354	0.01381	0.00829	0.00231	0.00430	0.05203	0.00791	0.04357
24	0.01719	0.01950	0.04228	0.03127	0.06813	0.01833	0.64314	0.02324	0.01713	0.02331	0.01466	0.01953	0.01105	0.00614	0.00852	0.00244	0.01209	0.00848	0.00367	0.00988
25	0.00882	0.00646	0.00830	0.00976	0.01045	0.00593	0.00659	0.01016	0.01426	0.01870	0.04443	0.65264	0.13241	0.02221	0.00919	0.00289	0.00415	0.01997	0.00675	0.00593
26	0.00886	0.00633	0.00843	0.01012	0.01054	0.00590	0.00675	0.01012	0.01392	0.01856	0.04006	0.73979	0.04808	0.02277	0.00928	0.00295	0.00422	0.02066	0.00675	0.00590
27	0.01458	0.03760	0.70688	0.02072	0.03146	0.01688	0.02686	0.02302	0.01535	0.02302	0.01304	0.01535	0.00921	0.00691	0.00691	0.00230	0.01074	0.00537	0.00307	0.01074
28	0.01061	0.00812	0.01212	0.01199	0.01323	0.00963	0.00937	0.01317	0.01166	0.01690	0.01906	0.02803	0.01782	0.05279	0.68711	0.01133	0.04892	0.00773	0.00386	0.00655
29	0.01943	0.74891	0.03809	0.01244	0.01866	0.02876	0.01244	0.02177	0.01477	0.01710	0.01011	0.01166	0.00933	0.00622	0.00466	0.00155	0.00777	0.00389	0.00311	0.00933
30	0.01694	0.01602	0.02468	0.07938	0.46915	0.04808	0.01934	0.02159	0.04150	0.02300	0.01890	0.03056	0.01755	0.00933	0.00773	0.00240	0.00843	0.13088	0.00432	0.01022
31	0.01382	0.01304	0.02182	0.69778	0.04878	0.01640	0.02001	0.01853	0.01439	0.01853	0.01278	0.01924	0.00968	0.00749	0.00795	0.00245	0.03954	0.00646	0.00323	0.00807
32	0.01057	0.00705	0.00793	0.00793	0.00793	0.00705	0.00440	0.01057	0.01057	0.01409	0.02290	0.04757	0.02643	0.74454	0.03700	0.00705	0.00705	0.01057	0.00440	0.00440
33	0.01581	0.07946	0.55255	0.02189	0.06191	0.01801	0.07438	0.05137	0.01633	0.02369	0.01321	0.01565	0.00960	0.00686	0.00692	0.00225	0.01045	0.00562	0.00333	0.01069
34	0.01668	0.01853	0.03925	0.13404	0.06587	0.01801	0.55074	0.02255	0.01675	0.02261	0.01440	0.01951	0.01085	0.00631	0.00833	0.00244	0.01173	0.00818	0.00361	0.00962
35	0.01063	0.00814	0.01214	0.01201	0.01325	0.00966	0.00938	0.01318	0.01166	0.01690	0.01904	0.02800	0.01780	0.05269	0.68554	0.01131	0.05053	0.00773	0.00386	0.00655
36	0.79588	0.01406	0.01068	0.00956	0.01406	0.01631	0.00787	0.02137	0.01237	0.03261	0.01012	0.01181	0.00787	0.00675	0.00450	0.00225	0.00562	0.00394	0.00450	0.00787
37	0.02686	0.02120	0.02171	0.01767	0.04361	0.07795	0.01400	0.57353	0.06217	0.04216	0.01738	0.01756	0.01254	0.00861	0.00722	0.00217	0.00833	0.00647	0.00688	0.01198
38	0.01733	0.44002	0.32851	0.01603	0.02422	0.02360	0.01870	0.02231	0.01502	0.01967	0.01138	0.01326	0.00928	0.00652	0.00564	0.00188	0.00906	0.00453	0.00309	0.00994
39	0.01054	0.00715	0.00847	0.00847	0.00866	0.00734	0.00508	0.01092	0.01073	0.01450	0.02241	0.04483	0.02524	0.64510	0.13481	0.00772	0.00884	0.01017	0.00433	0.00471
40	0.01838	0.01515	0.01611	0.01442	0.01854	0.01728	0.01124	0.03739	0.62997	0.06071	0.03124	0.02866	0.04794	0.01015	0.00744	0.00246	0.00569	0.00845	0.00744	0.01134
41	0.01057	0.00705	0.00793	0.00793	0.00793	0.00705	0.00440	0.01057	0.01057	0.01409	0.02290	0.04757	0.02643	0.74454	0.03700	0.00705	0.00705	0.01057	0.00440	0.00440
42	0.01038	0.00779	0.01168	0.01168	0.01298	0.00909	0.00909	0.01298	0.01168	0.01687	0.01947	0.02856	0.01817	0.05452	0.71573	0.01168	0.01947	0.00779	0.00389	0.00649
43	0.01943	0.74891	0.03809	0.01244	0.01866	0.02876	0.01244	0.02177	0.01477	0.01710	0.01011	0.01166	0.00933	0.00622	0.00466	0.00155	0.00777	0.00389	0.00311	0.00933
44	0.01038	0.00779	0.01168	0.01168	0.01298	0.00909	0.00909	0.01298	0.01168	0.01687	0.01947	0.02856	0.01817	0.05452	0.71573	0.01168	0.01947	0.00779	0.00389	0.00649
45	0.02715	0.03464	0.02060	0.01873	0.02247	0.71536	0.01404	0.02903	0.02060	0.01779	0.01124	0.01311	0.00936	0.00749	0.00655	0.00187	0.01311	0.00468	0.00375	0.00843
46	0.01445	0.02008	0.18535	0.07344	0.02976	0.01544	0.27572	0.01971	0.01577	0.02204	0.06086	0.13626	0.01999	0.01013	0.00941	0.00254	0.06615	0.00974	0.00423	0.00894
47	0.01507	0.01292	0.01507	0.01077	0.01723	0.00969	0.00861	0.01830	0.01507	0.02369	0.01292	0.01507	0.01077	0.00538	0.00538	0.00108	0.00538	0.00431	0.00431	0.78898
48	0.01480	0.08952	0.59307	0.02005	0.02981	0.01734	0.05426	0.02233	0.01532	0.02237	0.01416	0.04906	0.01111	0.00756	0.00692	0.00228	0.01028	0.00612	0.00327	0.01037
49	0.01707	0.40188	0.36437	0.01648	0.02490	0.02297	0.01947	0.02238	0.01505	0.01999	0.01154	0.01346	0.00927	0.00655	0.00576	0.00192	0.00922	0.00461	0.00309	0.01002
50	0.00884	0.00640	0.00835	0.00991	0.01049	0.00592	0.00665	0.01015	0.01412	0.01864	0.04262	0.68876	0.09746	0.02244	0.00923	0.00291	0.00418	0.02026	0.00675	0.00592
51	0.01525	0.04243	0.01600	0.01083	0.01728	0.01045	0.00877	0.01844	0.01506	0.02342	0.01281	0.01494	0.01071	0.00542	0.00535	0.00110	0.00548	0.00429	0.00426	0.75771
52	0.01874	0.01555	0.05945	0.01415	0.01811	0.01514	0.01170	0.32334	0.05132	0.03219	0.02588	0.25189	0.02572	0.04085	0.00906	0.00265	0.00671	0.03922	0.00663	0.03172
53	0.01792	0.05375	0.36737	0.02032	0.02881	0.01825	0.12469	0.15141	0.05058	0.02771	0.01483	0.01684	0.01083	0.00716	0.00709	0.00221	0.00977	0.00613	0.00427	0.06006
54	0.00953	0.00681	0.00921	0.01089	0.01161	0.00648	0.00792	0.01129	0.01458	0.01931	0.03969	0.58474	0.04661	0.02214	0.00946	0.00305	0.00480	0.16908	0.00673	0.00609
55	0.01799	0.01727	0.02950	0.04462	0.69919	0.01727	0.02231	0.02231	0.01655	0.02375	0.01367	0.01799	0.01151	0.00648	0.00720	0.00216	0.00864	0.00648	0.00360	0.01151
56	0.01595	0.01604	0.02303	0.01951	0.01978	0.02212	0.04014	0.01771	0.01135	0.01771	0.00973	0.01604	0.00960	0.01248	0.02329	0.00315	0.70471	0.00644	0.00320	0.00802
57	0.10391	0.01604	0.01704	0.01364	0.01858	0.04643	0.01110	0.27411	0.06174	0.23741	0.02125	0.02059	0.01478	0.00859	0.00672	0.00215	0.00676	0.00655	0.10158	0.01102
58	0.01085	0.00727	0.00908	0.00908	0.00973	0.00772	0.00609	0.01213	0.01149	0.01655	0.02182	0.03867	0.02269	0.42246	0.26637	0.00802	0.01089	0.00918	0.09450	0.00539
59	0.04714	0.06916	0.02967	0.05662	0.10081	0.01837	0.24120	0.05061	0.01593	0.02304	0.01288	0.01705	0.01052	0.00749	0.01024	0.00226	0.14491	0.00656	0.00381	0.13175
60	0.00926	0.00739	0.00828	0.00806	0.01023	0.00642	0.00605	0.01172	0.01814	0.02336	0.31703	0.06383	0.45053	0.01702	0.00858	0.00239	0.00358	0.01448	0.00724	0.00642
61	0.00964	0.00741	0.00882	0.00847	0.01046	0.00658	0.00635	0.01247	0.01905	0.02554	0.45920	0.06025	0.30700	0.01621	0.00858	0.00235	0.00353	0.01398	0.00753	0.00658
62	0.01016	0.00743	0.00954	0.00901	0.01078	0.00680	0.00676	0.01347	0.02028	0.02844	0.64877	0.05547	0.11562	0.01513	0.00857	0.00230	0.00345	0.01331	0.00791	0.00680
63	0.03086	0.01198	0.01631	0.01264	0.01795	0.01038	0.01038	0.03372	0.02079	0.65131	0.08094	0.02706	0.02196	0.00946	0.00741	0.00225	0.00597	0.00777	0.00892	0.01194
64	0.01943	0.74891	0.03809	0.01244	0.01866	0.02876	0.01244	0.02177	0.01477	0.01710	0.01011	0.01166	0.00933	0.00622	0.00466	0.00155	0.00777	0.00389	0.00311	0.00933
65	0.01507	0.01292	0.01507	0.01077	0.01723	0.00969	0.00861	0.01830	0.01507	0.02369	0.01292	0.01507	0.01077	0.00538	0.00538	0.00108	0.00538	0.00431	0.00431	0.78898
66	0.01507	0.01292	0.01507	0.01077	0.01723	0.00969	0.00861	0.01830	0.01507	0.02369	0.01292	0.01507	0.01077	0.00538	0.00538	0.00108	0.00538	0.00431	0.00431	0.78898
67	0.01038	0.00779	0.01168	0.01168	0.01298	0.00909	0.00909	0.01298	0.01168	0.01687	0.01947	0.02856	0.01817	0.05452	0.71573	0.01168	0.01947	0.00779	0.00389	0.00649
68	0.00886	0.00633	0.00843	0.01012	0.01054	0.00590	0.00675	0.01012	0.01392	0.01856	0.04006	0.73979	0.04808	0.02277	0.00928	0.00295	0.00422	0.02066	0.00675	0.00590
69	0.02763	0.02036	0.02182	0.01672	0.02254	0.02254	0.01382	0.67496	0.03418	0.04581	0.01745	0.01745	0.01236	0.00873	0.00727	0.00218	0.00800	0.00654	0.00727	0.01236
70	0.04882	0.01767	0.07158	0.16109	0.37976	0.01684	0.12520	0.02152	0.01604	0.02299	0.01447	0.02054	0.01198	0.00713	0.00741	0.00231	0.00934	0.03141	0.00367	0.01024
71	0.01458	0.03760	0.70688	0.02072	0.03146	0.01688	0.02686	0.02302	0.01535	0.02302	0.01304	0.01535	0.00921	0.00691	0.00691	0.00230	0.01074	0.00537	0.00307	0.01074
72	0.01355	0.00678	0.00678	0.00678	0.00847	0.00678	0.00508	0.01694	0.01524	0.02710	0.02371	0.02710	0.01863	0.00847	0.00508	0.00169	0.00339	0.00678	0.78489	0.00678
73	0.00886	0.00633	0.00843	0.01012	0.01054	0.00590	0.00675	0.01012	0.01392	0.01856	0.04006	0.73979	0.04808	0.02277	0.00928	0.00295	0.00422	0.02066	0.00675	0.00590
74	0.01499	0.06440	0.63769	0.02190	0.07314	0.01738	0.02600	0.02293	0.01540	0.02283	0.01297	0.01537	0.00936	0.00685	0.00684	0.00226	0.01049	0.00538	0.00310	0.01074
75	0.01736	0.01663	0.02837	0.14540	0.60333	0.01711	0.02200	0.02176	0.01625	0.02298	0.01356	0.01820	0.01124	0.00659	0.00721	0.00220	0.00879	0.00647	0.00354	0.01101
76	0.01029	0.00743	0.00972	0.00914	0.01086	0.00686	0.00686	0.01372	0.02058	0.02915	0.69536	0.05430	0.06859	0.01486	0.00857	0.00229	0.00343	0.01315	0.00800	0.00686
77	0.05350	0.01506	0.01781	0.01414	0.01947	0.01530	0.01153	0.19444	0.15715	0.38366	0.02546	0.02298	0.01710	0.00903	0.00723	0.00228	0.00653	0.00719	0.00810	0.01205
78	0.01648	0.02424	0.22851	0.02919	0.12356	0.01798	0.37413	0.02283	0.01630	0.02302	0.01387	0.01802	0.01051	0.00668	0.00859	0.00240	0.04272	0.00729	0.00347	0.01022
79	0.01874	0.01547	0.01646	0.01471	0.01889	0.01774	0.01147	0.03848	0.65581	0.06105	0.02954	0.02701	0.02200	0.00982	0.00739	0.00246	0.00577	0.00818	0.00747	0.01154
80	0.00917	0.00766	0.00802	0.00788	0.01029	0.00666	0.00593	0.01190	0.04066	0.02140	0.16262	0.06617	0.58118	0.01759	0.00855	0.00243	0.00372	0.01477	0.00696	0.00643
81	0.06098	0.01789	0.02097	0.10407	0.06754	0.01967	0.01438	0.45162	0.02796	0.09203	0.01792	0.04072	0.01334	0.00878	0.00720	0.00224	0.00787	0.00691	0.00654	0.01138
82	0.01044	0.00699	0.00797	0.00810	0.00813	0.00696	0.00458	0.01054	0.01083	0.01443	0.02421	0.10031	0.02808	0.68955	0.03489	0.00674	0.00683	0.01134	0.00458	0.00452
83	0.00886	0.00633	0.00843	0.01012	0.01054	0.00590	0.00675	0.01012	0.01392	0.01856	0.04006	0.73979	0.04808	0.02277	0.00928	0.00295	0.00422	0.02066	0.00675	0.00590
84	0.02644	0.01327	0.01714	0.03795	0.05090	0.01277	0.01153	0.11163	0.07787	0.42120	0.04844	0.02934	0.07080	0.01004	0.00751	0.00231	0.00635	0.02524	0.00794	0.01133
85	0.01732	0.01669	0.02910	0.23714	0.08246	0.01783	0.25320	0.11779	0.04325	0.02509	0.01753	0.02153	0.04237	0.00784	0.00845	0.00241	0.03836	0.00770	0.00432	0.00960
86	0.01650	0.01387	0.01613	0.01179	0.01790	0.01166	0.00951	0.09098	0.01702	0.02587	0.01327	0.01537	0.01089	0.00607	0.00640	0.00129	0.03734	0.00464	0.00459	0.66891

[dist]
# distance from previous block
# <min> <max>
0	1

[block]
# block no. 3 follows, 28 sequences, length 56
# corresponding to MSA columns:
# 236-291
name=unknown_D
#
# <colnr> <probs for GDERKNQSTAVLIFYWHMCP>
#	G	D	E	R	K	N	Q	S	T	A	V	L	I	F	Y	W	H	M	C	P
0	0.01749	0.18379	0.28933	0.02508	0.16702	0.06522	0.10853	0.02303	0.01606	0.02159	0.01265	0.01553	0.00996	0.00660	0.00669	0.00210	0.01003	0.00567	0.00331	0.01032
1	0.02378	0.01658	0.01837	0.01433	0.01948	0.01739	0.01163	0.41057	0.05683	0.10187	0.06853	0.02233	0.01795	0.03288	0.00803	0.00221	0.00687	0.00704	0.03690	0.10644
2	0.01143	0.00915	0.01273	0.01283	0.03182	0.01077	0.00922	0.01305	0.01179	0.01677	0.02148	0.14025	0.02301	0.20806	0.29403	0.00737	0.14547	0.01015	0.00432	0.00631
3	0.00903	0.00646	0.00859	0.01000	0.01058	0.00602	0.00676	0.01055	0.01472	0.01983	0.11864	0.65760	0.05054	0.02182	0.00919	0.00287	0.00412	0.01976	0.00690	0.00602
4	0.00886	0.00633	0.00843	0.01012	0.01054	0.00590	0.00675	0.01012	0.01392	0.01856	0.04006	0.73979	0.04808	0.02277	0.00928	0.00295	0.00422	0.02066	0.00675	0.00590
5	0.00886	0.00633	0.00843	0.01012	0.01054	0.00590	0.00675	0.01012	0.01392	0.01856	0.04006	0.73979	0.04808	0.02277	0.00928	0.00295	0.00422	0.02066	0.00675	0.00590
6	0.00886	0.00633	0.00843	0.01012	0.01054	0.00590	0.00675	0.01012	0.01392	0.01856	0.04006	0.73979	0.04808	0.02277	0.00928	0.00295	0.00422	0.02066	0.00675	0.00590
7	0.01808	0.01561	0.01644	0.01479	0.01890	0.01808	0.01151	0.03863	0.68606	0.03041	0.02959	0.02712	0.02219	0.00986	0.00740	0.00247	0.00575	0.00822	0.00740	0.01151
8	0.79588	0.01406	0.01068	0.00956	0.01406	0.01631	0.00787	0.02137	0.01237	0.03261	0.01012	0.01181	0.00787	0.00675	0.00450	0.00225	0.00562	0.00394	0.00450	0.00787
9	0.01706	0.08422	0.55957	0.01957	0.02930	0.01706	0.04511	0.02435	0.01599	0.10013	0.01467	0.01630	0.01028	0.00707	0.00685	0.00225	0.01006	0.00559	0.00377	0.01080
10	0.01029	0.00743	0.00972	0.00914	0.01086	0.00686	0.00686	0.01372	0.02058	0.02915	0.69536	0.05430	0.06859	0.01486	0.00857	0.00229	0.00343	0.01315	0.00800	0.00686
11	0.01716	0.01961	0.04289	0.03064	0.03799	0.01838	0.67279	0.02328	0.01716	0.02328	0.01471	0.01961	0.01103	0.00613	0.00858	0.00245	0.01225	0.00858	0.00368	0.00980
12	0.01719	0.01532	0.02487	0.30170	0.34083	0.01687	0.02004	0.06104	0.01681	0.04588	0.01468	0.02046	0.01188	0.00762	0.00793	0.00234	0.03579	0.02481	0.00394	0.01001
13	0.06506	0.38726	0.29649	0.01584	0.02339	0.02302	0.01797	0.02200	0.01465	0.02038	0.01122	0.01333	0.00920	0.00687	0.00655	0.00198	0.04727	0.00460	0.00318	0.00972
14	0.01435	0.01328	0.02143	0.57830	0.06593	0.01646	0.01896	0.04338	0.01502	0.01969	0.01418	0.05511	0.01177	0.00856	0.00884	0.00250	0.07326	0.00717	0.00357	0.00823
15	0.03182	0.01220	0.01662	0.01280	0.01828	0.01055	0.01055	0.03466	0.02080	0.68030	0.05231	0.02579	0.01979	0.00920	0.00735	0.00225	0.00609	0.00752	0.00896	0.01218
16	0.06022	0.01377	0.01747	0.01344	0.01906	0.01288	0.01110	0.14223	0.02274	0.56870	0.02610	0.02304	0.01667	0.00887	0.00720	0.00224	0.00647	0.00706	0.00854	0.01220
17	0.01508	0.03461	0.60721	0.02423	0.12971	0.01694	0.02619	0.02292	0.01552	0.02313	0.01314	0.01574	0.00955	0.00684	0.00695	0.00228	0.01043	0.00553	0.00315	0.01086
18	0.00901	0.00656	0.00852	0.00993	0.01066	0.00607	0.00682	0.01052	0.01461	0.01931	0.07611	0.61664	0.11094	0.02186	0.00921	0.00289	0.00422	0.04333	0.00681	0.00600
19	0.00925	0.00661	0.00889	0.01057	0.01116	0.00624	0.00743	0.01080	0.01430	0.01900	0.03985	0.64926	0.04722	0.02240	0.00938	0.00301	0.00456	0.10732	0.00674	0.00601
20	0.79588	0.01406	0.01068	0.00956	0.01406	0.01631	0.00787	0.02137	0.01237	0.03261	0.01012	0.01181	0.00787	0.00675	0.00450	0.00225	0.00562	0.00394	0.00450	0.00787
21	0.00924	0.00660	0.00874	0.01002	0.01067	0.00618	0.00687	0.01087	0.01493	0.02016	0.14051	0.58655	0.05028	0.04590	0.01014	0.00300	0.00428	0.04218	0.00686	0.00603
22	0.01441	0.01395	0.02250	0.35585	0.03459	0.01776	0.06534	0.01798	0.01325	0.01837	0.01252	0.01909	0.01058	0.01382	0.08390	0.00362	0.26446	0.00671	0.00331	0.00800
23	0.01601	0.01289	0.01517	0.01088	0.01730	0.00974	0.00872	0.01921	0.01538	0.05988	0.01376	0.01559	0.01115	0.00558	0.00549	0.00114	0.00543	0.00447	0.00456	0.74768
24	0.01355	0.00678	0.00678	0.00678	0.00847	0.00678	0.00508	0.01694	0.01524	0.02710	0.02371	0.02710	0.01863	0.00847	0.00508	0.00169	0.00339	0.00678	0.78489	0.00678
25	0.42731	0.01432	0.01294	0.01124	0.01521	0.07195	0.03014	0.04163	0.01627	0.08010	0.13978	0.02357	0.04344	0.00895	0.00600	0.00222	0.00603	0.00665	0.03408	0.00817
26	0.01057	0.00705	0.00793	0.00793	0.00793	0.00705	0.00440	0.01057	0.01057	0.01409	0.02290	0.04757	0.02643	0.74454	0.03700	0.00705	0.00705	0.01057	0.00440	0.00440
27	0.01433	0.01324	0.02233	0.58363	0.14804	0.01580	0.01978	0.01866	0.01458	0.01905	0.01302	0.01931	0.01013	0.00810	0.00838	0.04419	0.00935	0.00645	0.00328	0.00834
28	0.01507	0.01292	0.01507	0.01077	0.01723	0.00969	0.00861	0.01830	0.01507	0.02369	0.01292	0.01507	0.01077	0.00538	0.00538	0.00108	0.00538	0.00431	0.00431	0.78898
29	0.01609	0.06445	0.11206	0.10961	0.05470	0.01897	0.29651	0.02093	0.01509	0.02095	0.01367	0.04008	0.01140	0.00829	0.01119	0.00254	0.16328	0.00749	0.00350	0.00922
30	0.01590	0.01590	0.02226	0.01908	0.01908	0.02226	0.01590	0.01749	0.01113	0.01749	0.00954	0.01590	0.00954	0.01272	0.02385	0.00318	0.73123	0.00636	0.00318	0.00795
31	0.02715	0.02012	0.02155	0.01663	0.02236	0.02232	0.01370	0.64302	0.06689	0.04504	0.01806	0.01794	0.01286	0.00878	0.00728	0.00220	0.00789	0.00663	0.00728	0.01232
32	0.05581	0.02065	0.02136	0.01654	0.02223	0.04765	0.01361	0.62735	0.03288	0.04430	0.01696	0.01709	0.01209	0.00861	0.00714	0.00217	0.00810	0.00638	0.00704	0.01205
33	0.01799	0.01727	0.02950	0.04462	0.69919	0.01727	0.02231	0.02231	0.01655	0.02375	0.01367	0.01799	0.01151	0.00648	0.00720	0.00216	0.00864	0.00648	0.00360	0.01151
34	0.00886	0.00633	0.00843	0.01012	0.01054	0.00590	0.00675	0.01012	0.01392	0.01856	0.04006	0.73979	0.04808	0.02277	0.00928	0.00295	0.00422	0.02066	0.00675	0.00590
35	0.79588	0.01406	0.01068	0.00956	0.01406	0.01631	0.00787	0.02137	0.01237	0.03261	0.01012	0.01181	0.00787	0.00675	0.00450	0.00225	0.00562	0.00394	0.00450	0.00787
36	0.02715	0.03464	0.02060	0.01873	0.02247	0.71536	0.01404	0.02903	0.02060	0.01779	0.01124	0.01311	0.00936	0.00749	0.00655	0.00187	0.01311	0.00468	0.00375	0.00843
37	0.01458	0.03760	0.70688	0.02072	0.03146	0.01688	0.02686	0.02302	0.01535	0.02302	0.01304	0.01535	0.00921	0.00691	0.00691	0.00230	0.01074	0.00537	0.00307	0.01074
38	0.01057	0.00705	0.00793	0.00793	0.00793	0.00705	0.00440	0.01057	0.01057	0.01409	0.02290	0.04757	0.02643	0.74454	0.03700	0.00705	0.00705	0.01057	0.00440	0.00440
39	0.01373	0.01292	0.02180	0.72707	0.05006	0.01615	0.02019	0.01857	0.01453	0.01857	0.01292	0.01938	0.00969	0.00727	0.00727	0.00242	0.00969	0.00646	0.00323	0.00807
40	0.00893	0.00638	0.00850	0.01007	0.01056	0.00595	0.00675	0.01031	0.01427	0.01912	0.07491	0.70334	0.04917	0.02235	0.00924	0.00292	0.00418	0.02026	0.00681	0.00595
41	0.01055	0.00713	0.00837	0.00837	0.00852	0.00729	0.00495	0.01085	0.01070	0.01442	0.02250	0.04534	0.02546	0.66361	0.11661	0.00759	0.00850	0.01024	0.00434	0.00465
42	0.01759	0.01480	0.01564	0.01390	0.01789	0.01669	0.01085	0.09534	0.52051	0.03058	0.05847	0.03222	0.10175	0.01094	0.00757	0.00243	0.00564	0.00907	0.00733	0.01079
43	0.02699	0.05819	0.02160	0.01794	0.02234	0.50076	0.01392	0.20424	0.02406	0.02538	0.01288	0.01423	0.01018	0.00778	0.00668	0.00194	0.01152	0.00516	0.00468	0.00953
44	0.01038	0.00779	0.01168	0.01168	0.01298	0.00909	0.00909	0.01298	0.01168	0.01687	0.01947	0.02856	0.01817	0.05452	0.71573	0.01168	0.01947	0.00779	0.00389	0.00649
45	0.02071	0.63102	0.03520	0.01348	0.01929	0.14209	0.01270	0.02296	0.01573	0.01722	0.01029	0.01190	0.00933	0.00643	0.00498	0.00161	0.00865	0.00402	0.00321	0.00918
46	0.01507	0.01292	0.01507	0.01077	0.01723	0.00969	0.00861	0.01830	0.01507	0.02369	0.01292	0.01507	0.01077	0.00538	0.00538	0.00108	0.00538	0.00431	0.00431	0.78898
47	0.66115	0.01649	0.08222	0.01201	0.03918	0.01618	0.01039	0.02210	0.01314	0.05695	0.01125	0.01287	0.00852	0.00684	0.00494	0.00225	0.00627	0.00430	0.00449	0.00846
48	0.01595	0.06339	0.10363	0.01470	0.01917	0.01607	0.01313	0.02947	0.39515	0.02631	0.02983	0.06207	0.04987	0.01178	0.00772	0.00255	0.00653	0.11622	0.00641	0.01005
49	0.01392	0.01311	0.02214	0.69697	0.07869	0.01620	0.02028	0.01874	0.01462	0.01880	0.01295	0.01932	0.00977	0.00723	0.00726	0.00241	0.00964	0.00646	0.00325	0.00823
50	0.00937	0.00703	0.00945	0.01078	0.01117	0.00710	0.00742	0.01066	0.01371	0.01848	0.03783	0.68681	0.04526	0.02204	0.01034	0.00297	0.05743	0.01962	0.00649	0.00605
51	0.66993	0.01471	0.03762	0.01039	0.01489	0.01588	0.00881	0.05341	0.01369	0.03188	0.01279	0.06551	0.01109	0.00803	0.00508	0.00230	0.00583	0.00535	0.00475	0.00806
52	0.73849	0.01364	0.01076	0.00984	0.01413	0.01573	0.00815	0.02091	0.01269	0.03182	0.01220	0.01695	0.01036	0.00772	0.00490	0.00233	0.00570	0.05124	0.00466	0.00779
53	0.01222	0.00680	0.00972	0.00967	0.01020	0.00650	0.00655	0.01022	0.01057	0.01435	0.01688	0.13229	0.01796	0.02342	0.02377	0.60970	0.00592	0.00838	0.00379	0.06110
54	0.03832	0.10945	0.53027	0.01922	0.02837	0.01740	0.05570	0.02191	0.01518	0.02237	0.01470	0.06808	0.01212	0.00795	0.00685	0.00228	0.00987	0.00645	0.00342	0.01010
55	0.01610	0.02058	0.15642	0.05020	0.15187	0.03814	0.24812	0.02142	0.01632	0.02312	0.04130	0.04543	0.01468	0.00774	0.00815	0.00229	0.03657	0.00766	0.06099	0.03290

[dist]
# distance from previous block
# <min> <max>
0	47

# created by:
# /st0/software/busco_prod/Augustus/scripts/msa2prfl.pl ./align_prep/146073.fa
