[name]
unknown

[dist]
# distance from previous block
# <min> <max>
0	1

[block]
# block no. 0 follows, 29 sequences, length 7
# corresponding to MSA columns:
# 1-7
name=unknown_A
#
# <colnr> <probs for GDERKNQSTAVLIFYWHMCP>
#	G	D	E	R	K	N	Q	S	T	A	V	L	I	F	Y	W	H	M	C	P
0	0.01444	0.01043	0.01335	0.01373	0.01615	0.01083	0.01187	0.14142	0.01964	0.02579	0.03379	0.06831	0.03550	0.01756	0.00932	0.00306	0.00680	0.53375	0.00666	0.00761
1	0.17389	0.01877	0.01930	0.01505	0.02050	0.02092	0.01243	0.55610	0.02942	0.04242	0.01573	0.01605	0.01127	0.00818	0.00661	0.00215	0.00739	0.00593	0.00661	0.01127
2	0.80005	0.01377	0.01047	0.00936	0.01377	0.01597	0.00771	0.02093	0.01212	0.03195	0.00991	0.01157	0.00771	0.00661	0.00441	0.00220	0.00551	0.00386	0.00441	0.00771
3	0.54220	0.01583	0.01410	0.01171	0.01654	0.01801	0.00965	0.24131	0.01924	0.03626	0.01231	0.01341	0.00918	0.00726	0.00531	0.00218	0.00628	0.00471	0.00531	0.00918
4	0.01869	0.01578	0.01665	0.01469	0.01889	0.01817	0.01151	0.10504	0.62368	0.03136	0.02774	0.02558	0.02073	0.00954	0.00723	0.00239	0.00587	0.00788	0.00723	0.01136
5	0.01519	0.01304	0.01496	0.01111	0.01711	0.01067	0.00884	0.02079	0.11210	0.02415	0.01500	0.01646	0.01215	0.00590	0.00556	0.00125	0.00533	0.00477	0.00465	0.68096
6	0.04583	0.00965	0.01215	0.06588	0.01570	0.00928	0.00859	0.01792	0.07065	0.06782	0.42829	0.03950	0.04564	0.01160	0.00752	0.00209	0.00454	0.01004	0.00683	0.12050

[dist]
# distance from previous block
# <min> <max>
0	6

[block]
# block no. 1 follows, 29 sequences, length 27
# corresponding to MSA columns:
# 14-40
name=unknown_B
#
# <colnr> <probs for GDERKNQSTAVLIFYWHMCP>
#	G	D	E	R	K	N	Q	S	T	A	V	L	I	F	Y	W	H	M	C	P
0	0.67496	0.01552	0.01211	0.06084	0.01699	0.07978	0.00910	0.02142	0.01300	0.02967	0.01021	0.01220	0.00797	0.00671	0.00478	0.00218	0.00645	0.00410	0.00425	0.00777
1	0.01011	0.00738	0.01045	0.01056	0.01150	0.00827	0.00777	0.01203	0.01136	0.01606	0.02113	0.07951	0.02147	0.19998	0.52801	0.00991	0.01548	0.00905	0.00411	0.00588
2	0.01071	0.00783	0.01041	0.01128	0.01303	0.00753	0.00947	0.01381	0.01730	0.02282	0.20646	0.07200	0.13794	0.01818	0.00929	0.00290	0.00536	0.41027	0.00688	0.00652
3	0.01345	0.01266	0.02136	0.73264	0.04904	0.01582	0.01978	0.01819	0.01424	0.01819	0.01266	0.01898	0.00949	0.00712	0.00712	0.00237	0.00949	0.00633	0.00316	0.00791
4	0.01681	0.01921	0.04202	0.03001	0.03721	0.01801	0.67947	0.02281	0.01681	0.02281	0.01441	0.01921	0.01080	0.00600	0.00840	0.00240	0.01200	0.00840	0.00360	0.00960
5	0.01345	0.01266	0.02136	0.73264	0.04904	0.01582	0.01978	0.01819	0.01424	0.01819	0.01266	0.01898	0.00949	0.00712	0.00712	0.00237	0.00949	0.00633	0.00316	0.00791
6	0.01418	0.01364	0.01899	0.01678	0.01693	0.01845	0.01368	0.01578	0.01182	0.01789	0.04954	0.13549	0.01841	0.01416	0.02029	0.00303	0.58077	0.00884	0.00392	0.00741
7	0.02707	0.01995	0.02137	0.01638	0.02208	0.02208	0.01353	0.68159	0.03348	0.04488	0.01710	0.01710	0.01211	0.00855	0.00712	0.00214	0.00784	0.00641	0.00712	0.01211
8	0.01633	0.01779	0.03804	0.02741	0.03393	0.01662	0.59360	0.02140	0.01605	0.02188	0.01416	0.01926	0.01094	0.00767	0.01004	0.07388	0.01123	0.00805	0.00358	0.03814
9	0.80005	0.01377	0.01047	0.00936	0.01377	0.01597	0.00771	0.02093	0.01212	0.03195	0.00991	0.01157	0.00771	0.00661	0.00441	0.00220	0.00551	0.00386	0.00441	0.00771
10	0.01017	0.00763	0.01144	0.01144	0.01272	0.00890	0.00890	0.01272	0.01144	0.01653	0.01907	0.02797	0.01780	0.05340	0.72153	0.01144	0.01907	0.00763	0.00381	0.00636
11	0.19455	0.01311	0.01554	0.01228	0.01751	0.01268	0.01011	0.07482	0.04478	0.49614	0.02353	0.02115	0.01530	0.00836	0.00658	0.00221	0.00604	0.00644	0.00770	0.01115
12	0.02707	0.01995	0.02137	0.01638	0.02208	0.02208	0.01353	0.68159	0.03348	0.04488	0.01710	0.01710	0.01211	0.00855	0.00712	0.00214	0.00784	0.00641	0.00712	0.01211
13	0.33629	0.01748	0.01701	0.01358	0.01876	0.01964	0.01120	0.41730	0.02493	0.03970	0.01422	0.01488	0.01035	0.00777	0.00604	0.00216	0.00690	0.00539	0.00604	0.01035
14	0.70177	0.01562	0.01176	0.01041	0.01482	0.06990	0.00847	0.05525	0.01382	0.03150	0.01036	0.01195	0.00805	0.00676	0.00470	0.00217	0.00618	0.00404	0.00449	0.00798
15	0.01840	0.65812	0.12766	0.01327	0.01995	0.02662	0.01407	0.02149	0.01454	0.01753	0.01028	0.01191	0.00912	0.00618	0.00486	0.00162	0.00800	0.00400	0.00304	0.00932
16	0.01904	0.75404	0.03731	0.01218	0.01828	0.02818	0.01218	0.02132	0.01447	0.01675	0.00990	0.01142	0.00914	0.00609	0.00457	0.00152	0.00761	0.00381	0.00305	0.00914
17	0.00866	0.00624	0.00822	0.00980	0.01030	0.00579	0.00656	0.00993	0.01374	0.01822	0.04065	0.71626	0.07503	0.02213	0.00906	0.00287	0.00411	0.02002	0.00661	0.00579
18	0.01428	0.03683	0.71286	0.02030	0.03082	0.01654	0.02631	0.02255	0.01503	0.02255	0.01278	0.01503	0.00902	0.00677	0.00677	0.00226	0.01052	0.00526	0.00301	0.01052
19	0.01904	0.75404	0.03731	0.01218	0.01828	0.02818	0.01218	0.02132	0.01447	0.01675	0.00990	0.01142	0.00914	0.00609	0.00457	0.00152	0.00761	0.00381	0.00305	0.00914
20	0.01904	0.75404	0.03731	0.01218	0.01828	0.02818	0.01218	0.02132	0.01447	0.01675	0.00990	0.01142	0.00914	0.00609	0.00457	0.00152	0.00761	0.00381	0.00305	0.00914
21	0.03195	0.01212	0.01652	0.01267	0.01818	0.01047	0.01047	0.03470	0.02038	0.71026	0.02809	0.02424	0.01763	0.00881	0.00716	0.00220	0.00606	0.00716	0.00881	0.01212
22	0.01452	0.00784	0.00797	0.00752	0.00954	0.00803	0.00575	0.07677	0.01661	0.02821	0.02267	0.02569	0.01770	0.00832	0.00517	0.00170	0.00373	0.00662	0.71850	0.00713
23	0.02707	0.01995	0.02137	0.01638	0.02208	0.02208	0.01353	0.68159	0.03348	0.04488	0.01710	0.01710	0.01211	0.00855	0.00712	0.00214	0.00784	0.00641	0.00712	0.01211
24	0.01363	0.01268	0.02125	0.61769	0.10578	0.01531	0.01919	0.01823	0.01471	0.01914	0.03824	0.02236	0.01288	0.00778	0.00726	0.00238	0.00907	0.03080	0.00349	0.00812
25	0.01400	0.01231	0.01625	0.01330	0.01662	0.03558	0.08196	0.03529	0.01427	0.02011	0.01896	0.08376	0.01938	0.19870	0.01590	0.00325	0.07388	0.05534	0.00449	0.26665
26	0.01454	0.01391	0.02428	0.15553	0.02850	0.01472	0.22919	0.04439	0.05982	0.02352	0.14225	0.03253	0.04689	0.01024	0.00937	0.00249	0.06696	0.06749	0.00497	0.00842

[dist]
# distance from previous block
# <min> <max>
3	5

[block]
# block no. 2 follows, 29 sequences, length 81
# corresponding to MSA columns:
# 46-126
name=unknown_C
#
# <colnr> <probs for GDERKNQSTAVLIFYWHMCP>
#	G	D	E	R	K	N	Q	S	T	A	V	L	I	F	Y	W	H	M	C	P
0	0.06539	0.01167	0.01410	0.01158	0.01552	0.01101	0.00912	0.01918	0.03420	0.12110	0.02208	0.13211	0.05193	0.03123	0.00944	0.00211	0.09725	0.00816	0.00533	0.32750
1	0.02155	0.04531	0.09953	0.04168	0.02157	0.01578	0.01324	0.23802	0.02167	0.14337	0.01718	0.03635	0.01289	0.00785	0.00702	0.00191	0.02778	0.00609	0.00574	0.21548
2	0.01896	0.01513	0.01535	0.01299	0.01667	0.05842	0.01019	0.31116	0.07797	0.03114	0.05775	0.05626	0.15281	0.09475	0.01083	0.00280	0.00670	0.03450	0.00650	0.00913
3	0.01439	0.01226	0.01437	0.01051	0.01648	0.00927	0.00833	0.01744	0.01470	0.02290	0.01428	0.05929	0.01277	0.00631	0.00551	0.00117	0.00520	0.00520	0.00436	0.74528
4	0.01446	0.01330	0.02120	0.58325	0.08857	0.01574	0.01857	0.04217	0.04163	0.02026	0.01350	0.01883	0.01026	0.00709	0.00699	0.00226	0.00892	0.00625	0.00356	0.06320
5	0.05045	0.01459	0.03344	0.03784	0.01815	0.03912	0.01070	0.14447	0.18302	0.11308	0.11238	0.02785	0.06011	0.00969	0.00698	0.00214	0.00602	0.00787	0.05776	0.06433
6	0.01458	0.01308	0.02203	0.42356	0.24455	0.01485	0.01857	0.01810	0.01417	0.01895	0.01284	0.01893	0.01043	0.00927	0.00991	0.10958	0.00873	0.00631	0.00326	0.00829
7	0.01917	0.01608	0.01738	0.01583	0.04351	0.01836	0.01200	0.13761	0.56569	0.03191	0.02657	0.02477	0.01986	0.00937	0.00722	0.00236	0.00608	0.00773	0.00709	0.01140
8	0.01274	0.00710	0.01097	0.03895	0.05451	0.00723	0.00769	0.01041	0.00990	0.01327	0.01244	0.02129	0.01219	0.02291	0.02574	0.71309	0.00645	0.00620	0.00312	0.00379
9	0.01182	0.00968	0.01135	0.05549	0.01487	0.00999	0.00841	0.01921	0.19757	0.02525	0.27961	0.08603	0.21482	0.01411	0.00805	0.00237	0.00446	0.01214	0.00700	0.00777
10	0.01428	0.03683	0.71286	0.02030	0.03082	0.01654	0.02631	0.02255	0.01503	0.02255	0.01278	0.01503	0.00902	0.00677	0.00677	0.00226	0.01052	0.00526	0.00301	0.01052
11	0.00902	0.00733	0.00806	0.00813	0.01033	0.00636	0.00627	0.01125	0.01693	0.02108	0.17818	0.06709	0.52274	0.01760	0.00856	0.00247	0.00387	0.08172	0.00682	0.00619
12	0.01078	0.00704	0.00945	0.01031	0.01146	0.00658	0.00750	0.01280	0.01572	0.06413	0.17072	0.47544	0.04847	0.01957	0.00893	0.00277	0.00441	0.10047	0.00699	0.00647
13	0.01428	0.03683	0.71286	0.02030	0.03082	0.01654	0.02631	0.02255	0.01503	0.02255	0.01278	0.01503	0.00902	0.00677	0.00677	0.00226	0.01052	0.00526	0.00301	0.01052
14	0.02663	0.03317	0.02024	0.01824	0.02202	0.68266	0.01375	0.06441	0.02091	0.01894	0.01134	0.01308	0.00933	0.00740	0.00646	0.00185	0.01257	0.00469	0.00386	0.00847
15	0.01086	0.00730	0.00909	0.00869	0.00996	0.00685	0.00605	0.01300	0.01667	0.04855	0.41224	0.07732	0.07621	0.24669	0.01716	0.00374	0.00462	0.01224	0.00667	0.00610
16	0.00866	0.00626	0.00820	0.00975	0.01028	0.00580	0.00653	0.00993	0.01380	0.01824	0.04131	0.70260	0.08826	0.02204	0.00905	0.00286	0.00410	0.01992	0.00661	0.00580
17	0.01237	0.00618	0.00928	0.00928	0.00928	0.00618	0.00618	0.00928	0.00928	0.01237	0.01237	0.02165	0.01237	0.02474	0.02783	0.79283	0.00618	0.00618	0.00309	0.00309
18	0.00858	0.00690	0.00766	0.00814	0.00989	0.00598	0.00585	0.01029	0.01564	0.01940	0.09486	0.27593	0.46762	0.01917	0.00862	0.00255	0.00376	0.01652	0.00668	0.00598
19	0.09080	0.01194	0.01561	0.01218	0.01736	0.01066	0.01001	0.03229	0.01972	0.61426	0.06897	0.02506	0.01996	0.00900	0.00702	0.00221	0.00585	0.00726	0.00841	0.01143
20	0.02707	0.01995	0.02137	0.01638	0.02208	0.02208	0.01353	0.68159	0.03348	0.04488	0.01710	0.01710	0.01211	0.00855	0.00712	0.00214	0.00784	0.00641	0.00712	0.01211
21	0.03195	0.01212	0.01652	0.01267	0.01818	0.01047	0.01047	0.03470	0.02038	0.71026	0.02809	0.02424	0.01763	0.00881	0.00716	0.00220	0.00606	0.00716	0.00881	0.01212
22	0.01421	0.00833	0.01059	0.00979	0.01221	0.00759	0.00741	0.01745	0.04244	0.16090	0.33787	0.16513	0.14781	0.01507	0.00823	0.00237	0.00414	0.01313	0.00762	0.00769
23	0.05996	0.00733	0.00794	0.00787	0.00814	0.00747	0.00453	0.01102	0.01047	0.01495	0.02165	0.04440	0.02475	0.70307	0.03424	0.00661	0.00682	0.00995	0.00432	0.00453
24	0.00842	0.00721	0.00721	0.00721	0.00962	0.00601	0.00541	0.01022	0.01623	0.01924	0.07213	0.06853	0.70244	0.01803	0.00842	0.00240	0.00361	0.01503	0.00661	0.00601
25	0.00961	0.00721	0.00894	0.00889	0.01061	0.00654	0.00668	0.01236	0.01827	0.02472	0.43531	0.13092	0.22029	0.01655	0.00857	0.00241	0.00370	0.05466	0.00733	0.00644
26	0.01008	0.00761	0.01122	0.01122	0.01255	0.00875	0.00872	0.01258	0.01170	0.01667	0.02186	0.03011	0.05380	0.05154	0.68404	0.01097	0.01826	0.00802	0.00396	0.00634
27	0.01011	0.00714	0.00936	0.00953	0.01011	0.00763	0.00648	0.01130	0.01115	0.01540	0.02274	0.11001	0.02465	0.38301	0.32139	0.00840	0.01173	0.01022	0.00434	0.00532
28	0.80005	0.01377	0.01047	0.00936	0.01377	0.01597	0.00771	0.02093	0.01212	0.03195	0.00991	0.01157	0.00771	0.00661	0.00441	0.00220	0.00551	0.00386	0.00441	0.00771
29	0.01904	0.75404	0.03731	0.01218	0.01828	0.02818	0.01218	0.02132	0.01447	0.01675	0.00990	0.01142	0.00914	0.00609	0.00457	0.00152	0.00761	0.00381	0.00305	0.00914
30	0.04251	0.01266	0.02087	0.41781	0.05527	0.01452	0.08519	0.05884	0.01486	0.02002	0.01369	0.02078	0.01118	0.01060	0.01098	0.14566	0.00880	0.02463	0.00359	0.00753
31	0.01621	0.01644	0.02339	0.06179	0.11418	0.04785	0.03975	0.01847	0.01237	0.01823	0.01032	0.01606	0.00966	0.01092	0.01908	0.00286	0.54459	0.00626	0.00321	0.00835
32	0.02466	0.01880	0.02102	0.01651	0.02109	0.02159	0.01365	0.54587	0.02898	0.03948	0.01591	0.01710	0.01180	0.00923	0.00991	0.00229	0.13560	0.00639	0.02893	0.01119
33	0.02660	0.03394	0.02018	0.01834	0.02201	0.72116	0.01376	0.02843	0.02018	0.01743	0.01101	0.01284	0.00917	0.00734	0.00642	0.00183	0.01284	0.00459	0.00367	0.00825
34	0.00966	0.00684	0.00913	0.01060	0.01132	0.00659	0.00775	0.01135	0.01407	0.01860	0.03699	0.47962	0.04306	0.10002	0.01223	0.00344	0.00512	0.20142	0.00635	0.00585
35	0.00871	0.00727	0.00762	0.00767	0.00998	0.00618	0.00584	0.01071	0.01653	0.02004	0.11712	0.06804	0.61869	0.01786	0.00849	0.00244	0.00375	0.05025	0.00670	0.00609
36	0.01137	0.00915	0.01278	0.01211	0.01281	0.01117	0.00923	0.01309	0.01107	0.01601	0.01780	0.02977	0.01793	0.21061	0.40956	0.00859	0.16901	0.00798	0.00378	0.00618
37	0.00871	0.00643	0.00816	0.00941	0.01023	0.00587	0.00642	0.01016	0.01442	0.01892	0.08119	0.59460	0.15707	0.02117	0.00894	0.00277	0.00400	0.01897	0.00668	0.00587
38	0.00889	0.00633	0.00840	0.00991	0.01039	0.00594	0.00669	0.01022	0.01383	0.01848	0.06165	0.67140	0.04678	0.04962	0.01012	0.00304	0.00429	0.04166	0.00656	0.00579
39	0.01159	0.00630	0.00876	0.00905	0.00937	0.00620	0.00609	0.01037	0.01117	0.01565	0.04566	0.16356	0.02231	0.05055	0.02142	0.49695	0.00541	0.00936	0.08608	0.00417
40	0.01551	0.01548	0.02179	0.04285	0.01972	0.02161	0.01572	0.01717	0.01102	0.01717	0.00946	0.01569	0.00935	0.01228	0.02282	0.00309	0.71211	0.00623	0.00312	0.00779
41	0.01904	0.75404	0.03731	0.01218	0.01828	0.02818	0.01218	0.02132	0.01447	0.01675	0.00990	0.01142	0.00914	0.00609	0.00457	0.00152	0.00761	0.00381	0.00305	0.00914
42	0.22202	0.29931	0.08134	0.01430	0.05625	0.04470	0.01257	0.04653	0.01577	0.12901	0.01342	0.01431	0.01029	0.00684	0.00540	0.00193	0.00731	0.00471	0.00447	0.00953
43	0.01345	0.01266	0.02136	0.73264	0.04904	0.01582	0.01978	0.01819	0.01424	0.01819	0.01266	0.01898	0.00949	0.00712	0.00712	0.00237	0.00949	0.00633	0.00316	0.00791
44	0.00848	0.00722	0.00730	0.00728	0.00965	0.00604	0.00546	0.01033	0.01637	0.01957	0.09473	0.06798	0.67964	0.01791	0.00842	0.00240	0.00360	0.01495	0.00666	0.00604
45	0.01425	0.01348	0.02281	0.60025	0.17516	0.01603	0.02017	0.01890	0.01462	0.01917	0.01280	0.01872	0.00984	0.00697	0.00711	0.00232	0.00929	0.00633	0.00323	0.00856
46	0.01345	0.01266	0.02136	0.73264	0.04904	0.01582	0.01978	0.01819	0.01424	0.01819	0.01266	0.01898	0.00949	0.00712	0.00712	0.00237	0.00949	0.00633	0.00316	0.00791
47	0.00940	0.00702	0.00889	0.01003	0.01132	0.00651	0.00758	0.01139	0.01526	0.01967	0.07352	0.37464	0.21042	0.02024	0.00909	0.00284	0.00460	0.18485	0.00665	0.00608
48	0.01477	0.01266	0.01477	0.01055	0.01687	0.00949	0.00844	0.01793	0.01477	0.02320	0.01266	0.01477	0.01055	0.00527	0.00527	0.00105	0.00527	0.00422	0.00422	0.79328
49	0.00868	0.00620	0.00826	0.00991	0.01033	0.00578	0.00661	0.00991	0.01363	0.01818	0.03925	0.74510	0.04710	0.02231	0.00909	0.00289	0.00413	0.02024	0.00661	0.00578
50	0.01017	0.00763	0.01144	0.01144	0.01272	0.00890	0.00890	0.01272	0.01144	0.01653	0.01907	0.02797	0.01780	0.05340	0.72153	0.01144	0.01907	0.00763	0.00381	0.00636
51	0.00881	0.00653	0.00795	0.00900	0.00985	0.00597	0.00604	0.01004	0.01389	0.01792	0.04536	0.49631	0.20586	0.10697	0.01212	0.00324	0.00433	0.01779	0.00634	0.00567
52	0.80005	0.01377	0.01047	0.00936	0.01377	0.01597	0.00771	0.02093	0.01212	0.03195	0.00991	0.01157	0.00771	0.00661	0.00441	0.00220	0.00551	0.00386	0.00441	0.00771
53	0.01135	0.00819	0.01110	0.01244	0.01398	0.00822	0.01048	0.01493	0.04170	0.02125	0.06270	0.13332	0.04101	0.05771	0.01100	0.00336	0.00620	0.51797	0.00652	0.00656
54	0.05291	0.00804	0.00933	0.00905	0.01075	0.00769	0.00643	0.03704	0.01610	0.05992	0.21084	0.18248	0.16447	0.17648	0.01430	0.00341	0.00475	0.01312	0.00645	0.00643
55	0.74530	0.01347	0.01064	0.00951	0.01384	0.01544	0.00779	0.02115	0.01249	0.05861	0.01153	0.03440	0.00931	0.00718	0.00466	0.00222	0.00549	0.00449	0.00465	0.00783
56	0.01130	0.00764	0.00937	0.00872	0.01092	0.00680	0.00662	0.01414	0.01898	0.07945	0.45740	0.05556	0.25614	0.01516	0.00831	0.00229	0.00365	0.01308	0.00754	0.00693
57	0.52086	0.01335	0.01213	0.01041	0.01465	0.01478	0.00848	0.09802	0.01657	0.09287	0.11848	0.01972	0.01823	0.00825	0.00558	0.00220	0.00550	0.00583	0.00564	0.00846
58	0.00900	0.00641	0.00842	0.00962	0.01020	0.00600	0.00647	0.01049	0.01441	0.01948	0.13983	0.59168	0.04875	0.07023	0.01082	0.00306	0.00420	0.01844	0.00664	0.00583
59	0.02662	0.03320	0.02024	0.01824	0.02202	0.68441	0.01375	0.06278	0.02088	0.01887	0.01133	0.01306	0.00933	0.00740	0.00646	0.00185	0.01258	0.00468	0.00385	0.00846
60	0.01182	0.00818	0.00956	0.00897	0.01132	0.00750	0.00675	0.01547	0.06473	0.08360	0.29511	0.08221	0.30733	0.04418	0.00933	0.00252	0.00402	0.01308	0.00721	0.00710
61	0.01217	0.00769	0.00943	0.00927	0.01142	0.00682	0.00696	0.01437	0.01701	0.11450	0.19055	0.22409	0.28265	0.01717	0.00848	0.00250	0.00416	0.04664	0.00717	0.00696
62	0.00905	0.00718	0.00774	0.00774	0.00945	0.00649	0.00546	0.01048	0.01435	0.01766	0.05512	0.05945	0.47423	0.20017	0.08064	0.00433	0.00583	0.01321	0.00579	0.00563
63	0.01006	0.00695	0.00768	0.00768	0.00805	0.00677	0.00448	0.01033	0.01126	0.01464	0.03007	0.04997	0.12979	0.63737	0.03197	0.00621	0.00640	0.01107	0.00467	0.00458
64	0.00964	0.00683	0.00765	0.00801	0.00909	0.00633	0.00534	0.01095	0.01376	0.01832	0.06570	0.21195	0.24436	0.25215	0.01713	0.00388	0.00474	0.01381	0.08485	0.00550
65	0.01047	0.00807	0.01202	0.01185	0.01305	0.00962	0.00927	0.01296	0.01141	0.01656	0.01853	0.02729	0.01733	0.05114	0.68289	0.01098	0.05879	0.00755	0.00378	0.00644
66	0.01839	0.01920	0.12379	0.01563	0.02087	0.01810	0.01387	0.11870	0.50325	0.03063	0.02496	0.02357	0.01854	0.00907	0.00716	0.00235	0.00667	0.00741	0.00658	0.01126
67	0.02567	0.01922	0.02100	0.05571	0.02332	0.02143	0.01372	0.60029	0.07824	0.04236	0.01768	0.01786	0.01263	0.00855	0.00713	0.00217	0.00777	0.00652	0.00691	0.01182
68	0.01101	0.00795	0.01068	0.01190	0.01350	0.00780	0.01008	0.01392	0.01620	0.02105	0.08225	0.07510	0.10604	0.06994	0.01144	0.00338	0.00609	0.50881	0.00649	0.00636
69	0.01294	0.00933	0.01119	0.01125	0.01282	0.00953	0.00809	0.15612	0.01775	0.02369	0.03279	0.49479	0.03726	0.08749	0.01124	0.00312	0.00529	0.04174	0.00650	0.00705
70	0.02728	0.01291	0.01625	0.01283	0.01772	0.01221	0.01045	0.16596	0.02258	0.46092	0.07496	0.06437	0.04789	0.01022	0.00739	0.00224	0.00605	0.00839	0.00819	0.01117
71	0.01229	0.00672	0.00957	0.00966	0.00996	0.00673	0.00654	0.03550	0.01098	0.01465	0.01727	0.14841	0.01845	0.02368	0.02374	0.62351	0.00589	0.00866	0.00387	0.00391
72	0.29290	0.01795	0.01758	0.04262	0.02029	0.04101	0.01178	0.40755	0.02494	0.03852	0.01426	0.01514	0.01040	0.00779	0.00617	0.00216	0.00725	0.00547	0.00592	0.01031
73	0.01145	0.00766	0.00975	0.00941	0.01136	0.00701	0.00723	0.01431	0.01849	0.07267	0.42643	0.08231	0.15949	0.04396	0.00958	0.00259	0.00412	0.08796	0.00738	0.00684
74	0.06331	0.01330	0.02201	0.60772	0.09809	0.01599	0.04287	0.01882	0.01435	0.01962	0.01260	0.01842	0.00957	0.00699	0.00699	0.00234	0.00925	0.00625	0.00329	0.00822
75	0.01489	0.01413	0.02396	0.49522	0.27521	0.01620	0.02049	0.01945	0.01492	0.01994	0.01291	0.01852	0.01011	0.00685	0.00710	0.00228	0.00914	0.00633	0.00329	0.00907
76	0.01541	0.01087	0.01194	0.01048	0.01223	0.01150	0.00722	0.21559	0.01754	0.02346	0.02140	0.06243	0.02243	0.49722	0.02637	0.00530	0.00709	0.00950	0.00526	0.00675
77	0.01826	0.49965	0.02940	0.01256	0.01740	0.08689	0.01152	0.04613	0.01522	0.01826	0.01241	0.01527	0.01113	0.01469	0.13065	0.00332	0.00994	0.00476	0.03394	0.00859
78	0.01454	0.07634	0.67564	0.01985	0.03013	0.01718	0.02553	0.02248	0.01500	0.02223	0.01262	0.01483	0.00903	0.00673	0.00664	0.00221	0.01036	0.00518	0.00301	0.01045
79	0.01788	0.01751	0.02784	0.04131	0.64551	0.05364	0.02107	0.02195	0.01643	0.02289	0.01411	0.01954	0.01220	0.00686	0.00711	0.00214	0.00862	0.02878	0.00364	0.01096
80	0.01223	0.00618	0.00924	0.00930	0.00932	0.00617	0.00620	0.00930	0.00944	0.01259	0.01337	0.04861	0.01366	0.02465	0.02713	0.76338	0.00611	0.00671	0.00322	0.00319

[dist]
# distance from previous block
# <min> <max>
0	5

[block]
# block no. 3 follows, 29 sequences, length 60
# corresponding to MSA columns:
# 132-191
name=unknown_D
#
# <colnr> <probs for GDERKNQSTAVLIFYWHMCP>
#	G	D	E	R	K	N	Q	S	T	A	V	L	I	F	Y	W	H	M	C	P
0	0.01456	0.07861	0.67351	0.01982	0.03009	0.01721	0.02549	0.02248	0.01500	0.02221	0.01261	0.01482	0.00903	0.00673	0.00664	0.00221	0.01035	0.00518	0.00301	0.01044
1	0.00959	0.00734	0.00866	0.00931	0.01084	0.00676	0.00674	0.03974	0.01589	0.02030	0.07412	0.39049	0.29757	0.01964	0.00876	0.00267	0.00421	0.05449	0.00667	0.00622
2	0.02144	0.01447	0.01605	0.01334	0.01724	0.03895	0.01043	0.26301	0.09450	0.13415	0.02168	0.10177	0.01832	0.04439	0.01112	0.10265	0.00669	0.00819	0.00641	0.05520
3	0.12796	0.01778	0.01842	0.01458	0.01970	0.01974	0.01195	0.49696	0.07474	0.04043	0.01914	0.01921	0.03643	0.00869	0.00672	0.00215	0.00703	0.00649	0.04087	0.01102
4	0.01229	0.00966	0.01052	0.00997	0.01279	0.00946	0.00753	0.01905	0.19658	0.05333	0.07358	0.14944	0.34776	0.01539	0.00802	0.00241	0.00439	0.01307	0.00683	0.03793
5	0.02714	0.04179	0.01981	0.01478	0.02025	0.01822	0.01223	0.42597	0.05382	0.23155	0.02247	0.02119	0.03939	0.00893	0.00710	0.00216	0.00708	0.00692	0.00745	0.01175
6	0.02868	0.01139	0.01548	0.01211	0.01705	0.00991	0.00991	0.03152	0.02035	0.60839	0.12874	0.02856	0.02503	0.00967	0.00735	0.00221	0.00566	0.00802	0.00867	0.01131
7	0.00868	0.00620	0.00826	0.00991	0.01033	0.00578	0.00661	0.00991	0.01363	0.01818	0.03925	0.74510	0.04710	0.02231	0.00909	0.00289	0.00413	0.02024	0.00661	0.00578
8	0.01477	0.01266	0.01477	0.01055	0.01687	0.00949	0.00844	0.01793	0.01477	0.02320	0.01266	0.01477	0.01055	0.00527	0.00527	0.00105	0.00527	0.00422	0.00422	0.79328
9	0.01005	0.00706	0.00871	0.00883	0.00936	0.00727	0.00574	0.01092	0.01129	0.01521	0.02635	0.09418	0.07373	0.46535	0.20859	0.00746	0.00960	0.01071	0.00452	0.00507
10	0.01090	0.00752	0.00903	0.00862	0.01076	0.00664	0.00647	0.01345	0.01815	0.07317	0.35808	0.10917	0.30957	0.01608	0.00837	0.00235	0.00371	0.01386	0.00734	0.00676
11	0.01771	0.01530	0.01610	0.01449	0.01852	0.01771	0.01127	0.03784	0.69247	0.02979	0.02898	0.02657	0.02174	0.00966	0.00725	0.00242	0.00564	0.00805	0.00725	0.01127
12	0.03920	0.00704	0.00892	0.00973	0.01090	0.00661	0.00690	0.01209	0.01539	0.04528	0.17171	0.48544	0.09327	0.01933	0.00869	0.00269	0.00415	0.03952	0.00685	0.00631
13	0.00886	0.00627	0.00821	0.00968	0.01005	0.00590	0.00636	0.00996	0.01328	0.01771	0.03744	0.67000	0.04482	0.10052	0.01201	0.00332	0.00443	0.01918	0.00636	0.00563
14	0.80005	0.01377	0.01047	0.00936	0.01377	0.01597	0.00771	0.02093	0.01212	0.03195	0.00991	0.01157	0.00771	0.00661	0.00441	0.00220	0.00551	0.00386	0.00441	0.00771
15	0.00958	0.00684	0.00845	0.00912	0.01044	0.00615	0.00643	0.01137	0.01561	0.04236	0.15639	0.42758	0.22461	0.01946	0.00873	0.00263	0.00393	0.01722	0.00688	0.00620
16	0.00947	0.00740	0.00863	0.00869	0.01052	0.00674	0.00637	0.01253	0.04739	0.02278	0.28555	0.19551	0.31797	0.01728	0.00849	0.00244	0.00371	0.01499	0.00707	0.00645
17	0.02732	0.01955	0.02112	0.01619	0.02188	0.02149	0.01338	0.64854	0.03281	0.07887	0.01766	0.01746	0.01239	0.00856	0.00713	0.00214	0.00774	0.00645	0.00721	0.01211
18	0.01036	0.00690	0.00777	0.00777	0.00777	0.00690	0.00431	0.01036	0.01036	0.01381	0.02244	0.04660	0.02589	0.74975	0.03624	0.00690	0.00690	0.01036	0.00431	0.00431
19	0.09118	0.00809	0.00830	0.00821	0.01007	0.00836	0.00607	0.05640	0.01534	0.02600	0.02467	0.16795	0.02288	0.04327	0.00723	0.00222	0.00413	0.00921	0.47361	0.00681
20	0.00879	0.00628	0.00839	0.01004	0.01050	0.00588	0.00680	0.01010	0.01374	0.01830	0.03919	0.71900	0.04686	0.02220	0.00912	0.00291	0.00423	0.04526	0.00661	0.00581
21	0.00970	0.00663	0.00796	0.00860	0.00876	0.00647	0.00521	0.01018	0.01163	0.01550	0.02896	0.31770	0.03412	0.46742	0.02570	0.00535	0.00583	0.01419	0.00521	0.00488
22	0.02138	0.01426	0.01519	0.01235	0.01638	0.01545	0.00997	0.37082	0.05529	0.05824	0.02039	0.02146	0.01513	0.00851	0.00629	0.00196	0.00591	0.00660	0.31450	0.00992
23	0.01053	0.00695	0.00826	0.00826	0.00848	0.00711	0.00500	0.01084	0.01061	0.01456	0.02159	0.04239	0.02398	0.60191	0.12118	0.04249	0.00827	0.00969	0.03331	0.00460
24	0.03195	0.01212	0.01652	0.01267	0.01818	0.01047	0.01047	0.03470	0.02038	0.71026	0.02809	0.02424	0.01763	0.00881	0.00716	0.00220	0.00606	0.00716	0.00881	0.01212
25	0.00884	0.00631	0.00845	0.01010	0.01059	0.00592	0.00689	0.01020	0.01379	0.01836	0.03916	0.70638	0.04674	0.02215	0.00913	0.00291	0.00427	0.05735	0.00661	0.00583
26	0.01237	0.00618	0.00928	0.00928	0.00928	0.00618	0.00618	0.00928	0.00928	0.01237	0.01237	0.02165	0.01237	0.02474	0.02783	0.79283	0.00618	0.00618	0.00309	0.00309
27	0.01477	0.01266	0.01477	0.01055	0.01687	0.00949	0.00844	0.01793	0.01477	0.02320	0.01266	0.01477	0.01055	0.00527	0.00527	0.00105	0.00527	0.00422	0.00422	0.79328
28	0.00850	0.00722	0.00733	0.00730	0.00967	0.00605	0.00548	0.01038	0.01643	0.01971	0.10429	0.06774	0.66999	0.01786	0.00841	0.00240	0.00359	0.01492	0.00668	0.00605
29	0.01237	0.00618	0.00928	0.00928	0.00928	0.00618	0.00618	0.00928	0.00928	0.01237	0.01237	0.02165	0.01237	0.02474	0.02783	0.79283	0.00618	0.00618	0.00309	0.00309
30	0.21488	0.01844	0.01872	0.01468	0.02006	0.02060	0.01212	0.52107	0.02829	0.04174	0.01535	0.01575	0.01104	0.00808	0.00646	0.00215	0.00727	0.00579	0.00646	0.01104
31	0.01008	0.00680	0.00791	0.00815	0.00827	0.00672	0.00476	0.01039	0.01122	0.01501	0.04869	0.15801	0.03070	0.60843	0.03095	0.00610	0.00634	0.01202	0.00480	0.00463
32	0.00868	0.00620	0.00826	0.00991	0.01033	0.00578	0.00661	0.00991	0.01363	0.01818	0.03925	0.74510	0.04710	0.02231	0.00909	0.00289	0.00413	0.02024	0.00661	0.00578
33	0.01771	0.01530	0.01610	0.01449	0.01852	0.01771	0.01127	0.03784	0.69247	0.02979	0.02898	0.02657	0.02174	0.00966	0.00725	0.00242	0.00564	0.00805	0.00725	0.01127
34	0.00865	0.00628	0.00818	0.00970	0.01027	0.00580	0.00651	0.00994	0.01384	0.01826	0.04189	0.69072	0.09978	0.02196	0.00903	0.00285	0.00409	0.01982	0.00661	0.00580
35	0.01477	0.01266	0.01477	0.01055	0.01687	0.00949	0.00844	0.01793	0.01477	0.02320	0.01266	0.01477	0.01055	0.00527	0.00527	0.00105	0.00527	0.00422	0.00422	0.79328
36	0.00868	0.00620	0.00826	0.00991	0.01033	0.00578	0.00661	0.00991	0.01363	0.01818	0.03925	0.74510	0.04710	0.02231	0.00909	0.00289	0.00413	0.02024	0.00661	0.00578
37	0.00911	0.00653	0.00865	0.00962	0.01042	0.00608	0.00664	0.01101	0.01567	0.02141	0.24566	0.52947	0.05336	0.01989	0.00887	0.00269	0.00389	0.01795	0.00699	0.00608
38	0.01036	0.00690	0.00777	0.00777	0.00777	0.00690	0.00431	0.01036	0.01036	0.01381	0.02244	0.04660	0.02589	0.74975	0.03624	0.00690	0.00690	0.01036	0.00431	0.00431
39	0.01771	0.01530	0.01610	0.01449	0.01852	0.01771	0.01127	0.03784	0.69247	0.02979	0.02898	0.02657	0.02174	0.00966	0.00725	0.00242	0.00564	0.00805	0.00725	0.01127
40	0.00879	0.00628	0.00840	0.01005	0.01051	0.00588	0.00681	0.01012	0.01375	0.01831	0.03918	0.71723	0.04684	0.02220	0.00912	0.00291	0.00423	0.04696	0.00661	0.00582
41	0.01026	0.00686	0.00780	0.00789	0.00792	0.00684	0.00445	0.01033	0.01055	0.01406	0.02342	0.08728	0.02712	0.70738	0.03466	0.00667	0.00674	0.01093	0.00445	0.00440
42	0.01147	0.00820	0.01147	0.01311	0.01475	0.00820	0.01147	0.01475	0.01639	0.02131	0.03770	0.08032	0.04098	0.01967	0.00984	0.00328	0.00656	0.65741	0.00656	0.00656
43	0.03195	0.01212	0.01652	0.01267	0.01818	0.01047	0.01047	0.03470	0.02038	0.71026	0.02809	0.02424	0.01763	0.00881	0.00716	0.00220	0.00606	0.00716	0.00881	0.01212
44	0.09138	0.00792	0.00766	0.00733	0.00944	0.00823	0.00562	0.04603	0.01546	0.02788	0.02165	0.02466	0.01695	0.00814	0.00501	0.00173	0.00373	0.00635	0.67784	0.00698
45	0.01064	0.00771	0.01044	0.01193	0.01340	0.00752	0.00995	0.01338	0.01584	0.02050	0.04133	0.20764	0.10610	0.02002	0.00955	0.00312	0.00580	0.47219	0.00657	0.00635
46	0.01008	0.00728	0.00952	0.00896	0.01064	0.00672	0.00672	0.01344	0.02016	0.02855	0.70158	0.05319	0.06719	0.01456	0.00840	0.00224	0.00336	0.01288	0.00784	0.00672
47	0.01002	0.00739	0.00857	0.00825	0.01040	0.00647	0.00619	0.01248	0.01792	0.04962	0.33054	0.08540	0.38825	0.01639	0.00839	0.00235	0.00362	0.01403	0.00721	0.00653
48	0.01117	0.00791	0.00932	0.00943	0.01047	0.00792	0.00642	0.06656	0.01425	0.01901	0.03242	0.24366	0.10327	0.31134	0.06689	0.00492	0.00654	0.03556	0.02711	0.00584
49	0.01477	0.01266	0.01477	0.01055	0.01687	0.00949	0.00844	0.01793	0.01477	0.02320	0.01266	0.01477	0.01055	0.00527	0.00527	0.00105	0.00527	0.00422	0.00422	0.79328
50	0.01362	0.01290	0.01594	0.01466	0.01570	0.07973	0.01172	0.01575	0.01207	0.01683	0.01487	0.02217	0.01400	0.03459	0.40719	0.00759	0.27324	0.00685	0.00355	0.00704
51	0.00956	0.00717	0.00872	0.00956	0.01082	0.00667	0.00676	0.03959	0.01552	0.02012	0.07232	0.48666	0.21828	0.02020	0.00882	0.00272	0.00421	0.03944	0.00668	0.00618
52	0.01112	0.00831	0.01048	0.01094	0.01291	0.00805	0.00898	0.03717	0.03634	0.02350	0.19820	0.09093	0.18593	0.01757	0.00901	0.00278	0.00512	0.30899	0.00691	0.00678
53	0.01014	0.00808	0.00882	0.00892	0.01088	0.00759	0.00644	0.04225	0.06542	0.02048	0.05416	0.24212	0.39813	0.07076	0.01045	0.00285	0.00432	0.01519	0.00652	0.00649
54	0.53895	0.01496	0.08113	0.06244	0.01740	0.01446	0.01012	0.01930	0.01334	0.02829	0.04037	0.02100	0.09796	0.00836	0.00547	0.00225	0.00599	0.00588	0.00457	0.00776
55	0.01637	0.01444	0.01806	0.09580	0.13694	0.01619	0.01363	0.03021	0.43091	0.02638	0.02762	0.02949	0.06023	0.00984	0.00740	0.00240	0.00645	0.04117	0.00611	0.01036
56	0.01000	0.00668	0.00786	0.00835	0.00856	0.00656	0.00503	0.01054	0.01157	0.01576	0.02750	0.25425	0.03183	0.49455	0.02653	0.00544	0.00589	0.01312	0.04510	0.00487
57	0.01472	0.01396	0.02322	0.45488	0.21961	0.01591	0.04224	0.02016	0.05443	0.02042	0.01620	0.02102	0.03794	0.00745	0.00720	0.00231	0.00885	0.00685	0.00365	0.00899
58	0.01537	0.01327	0.01867	0.01530	0.06803	0.01082	0.09059	0.01880	0.01523	0.04671	0.01538	0.06861	0.01352	0.00679	0.00612	0.00147	0.00626	0.00614	0.00443	0.55851
59	0.01651	0.01919	0.06320	0.02774	0.03497	0.01711	0.58969	0.02232	0.01654	0.02284	0.01417	0.01862	0.01072	0.00596	0.00803	0.00226	0.01128	0.00788	0.00364	0.08733

[dist]
# distance from previous block
# <min> <max>
1	2

[block]
# block no. 4 follows, 29 sequences, length 6
# corresponding to MSA columns:
# 194-199
name=unknown_E
#
# <colnr> <probs for GDERKNQSTAVLIFYWHMCP>
#	G	D	E	R	K	N	Q	S	T	A	V	L	I	F	Y	W	H	M	C	P
0	0.08171	0.54111	0.17883	0.01368	0.02058	0.02470	0.01482	0.02155	0.01440	0.01923	0.01051	0.01220	0.00900	0.00628	0.00502	0.00173	0.00806	0.00412	0.00315	0.00932
1	0.01353	0.01696	0.21739	0.01344	0.01783	0.01093	0.01327	0.01922	0.08204	0.07190	0.15415	0.15107	0.03238	0.09262	0.01095	0.00295	0.00663	0.05873	0.00575	0.00825
2	0.00939	0.00650	0.00805	0.00899	0.00923	0.00626	0.00563	0.01010	0.01223	0.01631	0.03205	0.44600	0.03801	0.33380	0.02072	0.00461	0.00532	0.01601	0.00563	0.00515
3	0.01345	0.01266	0.02136	0.73264	0.04904	0.01582	0.01978	0.01819	0.01424	0.01819	0.01266	0.01898	0.00949	0.00712	0.00712	0.00237	0.00949	0.00633	0.00316	0.00791
4	0.01265	0.01078	0.01134	0.01076	0.01372	0.01129	0.00818	0.02271	0.32256	0.02392	0.04956	0.11143	0.33387	0.01463	0.00795	0.00245	0.00457	0.01234	0.00690	0.00837
5	0.01904	0.75404	0.03731	0.01218	0.01828	0.02818	0.01218	0.02132	0.01447	0.01675	0.00990	0.01142	0.00914	0.00609	0.00457	0.00152	0.00761	0.00381	0.00305	0.00914

[dist]
# distance from previous block
# <min> <max>
0	11

# created by:
# /st0/software/busco_prod/Augustus/scripts/msa2prfl.pl ./align_prep/146139.fa
