[name]
unknown

[dist]
# distance from previous block
# <min> <max>
1	53

[block]
# block no. 0 follows, 27 sequences, length 24
# corresponding to MSA columns:
# 57-80
name=unknown_A
#
# <colnr> <probs for GDERKNQSTAVLIFYWHMCP>
#	G	D	E	R	K	N	Q	S	T	A	V	L	I	F	Y	W	H	M	C	P
0	0.00963	0.00712	0.00886	0.00964	0.01083	0.00656	0.00687	0.01153	0.01602	0.02111	0.16773	0.36002	0.18719	0.07678	0.01148	0.00314	0.00447	0.06787	0.00694	0.00621
1	0.01681	0.05885	0.05192	0.24076	0.41487	0.01762	0.02132	0.02137	0.01615	0.02220	0.01447	0.02080	0.01217	0.00738	0.00732	0.00230	0.00909	0.03059	0.00364	0.01038
2	0.02198	0.02215	0.02362	0.21597	0.09420	0.21325	0.05596	0.17026	0.06295	0.02656	0.01500	0.01792	0.01147	0.00784	0.00730	0.00224	0.01030	0.00635	0.00471	0.00999
3	0.00935	0.00685	0.00878	0.00976	0.01075	0.00628	0.00677	0.01122	0.01611	0.02158	0.19434	0.49730	0.13184	0.02085	0.00922	0.00280	0.00406	0.01867	0.00719	0.00628
4	0.01500	0.01385	0.02277	0.64341	0.09055	0.01689	0.02043	0.05135	0.01597	0.02068	0.01347	0.01960	0.01015	0.00744	0.00742	0.00244	0.00974	0.00660	0.00353	0.00869
5	0.01261	0.00937	0.01422	0.26092	0.04504	0.01031	0.01181	0.01411	0.01371	0.01818	0.04641	0.08359	0.10420	0.01630	0.01459	0.25315	0.00695	0.00908	0.04926	0.00620
6	0.07010	0.01499	0.01640	0.01364	0.01799	0.01605	0.01086	0.25444	0.16302	0.08698	0.09413	0.05254	0.06724	0.01156	0.00857	0.04103	0.00629	0.00863	0.00712	0.03842
7	0.06962	0.01457	0.01664	0.01354	0.01841	0.01501	0.01097	0.20250	0.12543	0.25976	0.03086	0.02913	0.10552	0.01246	0.03875	0.00277	0.00698	0.00830	0.00766	0.01112
8	0.00997	0.00748	0.00925	0.01007	0.01158	0.00691	0.00765	0.01216	0.01636	0.02113	0.12768	0.25158	0.24136	0.06179	0.01101	0.00312	0.00484	0.17283	0.00689	0.00633
9	0.00973	0.00742	0.00867	0.00859	0.01033	0.00665	0.00620	0.01203	0.01773	0.02338	0.32045	0.12186	0.30658	0.09324	0.01187	0.00297	0.00406	0.01472	0.00717	0.00637
10	0.01070	0.00699	0.00923	0.01032	0.01128	0.00643	0.00710	0.01230	0.01535	0.06309	0.09616	0.60408	0.07593	0.02149	0.00926	0.00289	0.00434	0.01936	0.00715	0.00654
11	0.67932	0.01331	0.01066	0.00965	0.01376	0.01520	0.00780	0.02031	0.01301	0.03142	0.04336	0.01703	0.03896	0.00885	0.00638	0.04792	0.00560	0.00506	0.00477	0.00764
12	0.01112	0.00803	0.00972	0.00956	0.01144	0.00750	0.00700	0.01475	0.05945	0.04782	0.33167	0.18756	0.20163	0.04665	0.00997	0.00271	0.00411	0.01480	0.00748	0.00703
13	0.02631	0.01522	0.01762	0.01413	0.01904	0.01571	0.01144	0.29196	0.07705	0.26217	0.02512	0.07947	0.01887	0.01022	0.00741	0.00229	0.00662	0.00826	0.07960	0.01150
14	0.02773	0.03538	0.02104	0.01913	0.02295	0.70930	0.01434	0.02964	0.02104	0.01817	0.01148	0.01339	0.00956	0.00765	0.00669	0.00191	0.01339	0.00478	0.00383	0.00861
15	0.01942	0.01021	0.01299	0.01174	0.01468	0.00972	0.00912	0.08088	0.01917	0.23675	0.10229	0.18174	0.03356	0.08742	0.01127	0.00304	0.00576	0.08874	0.05268	0.00882
16	0.05199	0.00899	0.01167	0.01100	0.01352	0.00826	0.00818	0.01973	0.01742	0.23834	0.14241	0.34298	0.04026	0.03778	0.00933	0.00276	0.00497	0.01441	0.00766	0.00835
17	0.01000	0.00750	0.00926	0.00896	0.01081	0.00677	0.00667	0.01298	0.01962	0.02677	0.50166	0.10027	0.21837	0.01654	0.00880	0.00242	0.00361	0.01443	0.00779	0.00677
18	0.01108	0.00776	0.00902	0.00892	0.01085	0.00695	0.00654	0.01309	0.01679	0.06043	0.17904	0.11862	0.33071	0.13111	0.01340	0.00330	0.00464	0.05433	0.00690	0.00652
19	0.00938	0.00722	0.00847	0.00882	0.01042	0.00643	0.00629	0.01141	0.01690	0.02193	0.21755	0.25803	0.31890	0.05129	0.01027	0.00282	0.00401	0.01646	0.00711	0.00631
20	0.01231	0.00903	0.01098	0.01129	0.01306	0.00894	0.00854	0.09846	0.01813	0.02384	0.08188	0.33292	0.13477	0.06144	0.01087	0.00312	0.00536	0.14109	0.00689	0.00707
21	0.69781	0.01603	0.01223	0.01078	0.01542	0.05884	0.00880	0.06264	0.01453	0.03324	0.01087	0.01250	0.00842	0.00706	0.00490	0.00227	0.00636	0.00423	0.00472	0.00836
22	0.29258	0.01209	0.01169	0.01037	0.01402	0.01294	0.00820	0.07569	0.07651	0.07020	0.11998	0.03263	0.13114	0.02961	0.00743	0.00243	0.00521	0.00845	0.07042	0.00842
23	0.03412	0.00754	0.00872	0.00874	0.00991	0.00726	0.00590	0.01186	0.01468	0.01996	0.17060	0.12097	0.18221	0.29801	0.06365	0.00491	0.00615	0.01304	0.00598	0.00579

[dist]
# distance from previous block
# <min> <max>
4	10

[block]
# block no. 1 follows, 27 sequences, length 6
# corresponding to MSA columns:
# 91-96
name=unknown_B
#
# <colnr> <probs for GDERKNQSTAVLIFYWHMCP>
#	G	D	E	R	K	N	Q	S	T	A	V	L	I	F	Y	W	H	M	C	P
0	0.06645	0.01564	0.05886	0.13583	0.02472	0.01433	0.01315	0.11386	0.01822	0.08724	0.01640	0.05439	0.01333	0.00813	0.00747	0.00196	0.04304	0.00639	0.00508	0.29549
1	0.16576	0.11757	0.01906	0.09018	0.02081	0.04853	0.01180	0.12650	0.05941	0.02677	0.01829	0.11608	0.01691	0.01405	0.06795	0.00312	0.03018	0.00782	0.00509	0.03413
2	0.01644	0.00973	0.01030	0.00928	0.01181	0.01026	0.00724	0.14518	0.01912	0.03069	0.02265	0.02584	0.01773	0.01208	0.05621	0.00256	0.00557	0.00695	0.57235	0.00802
3	0.10824	0.29287	0.04698	0.04419	0.01969	0.04234	0.04546	0.06114	0.04977	0.02439	0.01500	0.01727	0.01219	0.00755	0.00629	0.00196	0.03317	0.00547	0.15694	0.00908
4	0.21734	0.01619	0.06098	0.12134	0.10518	0.01679	0.01437	0.10528	0.01671	0.02752	0.01494	0.05363	0.01293	0.03601	0.00962	0.00256	0.08731	0.00666	0.03173	0.04292
5	0.07556	0.10024	0.08083	0.15805	0.02692	0.12486	0.01579	0.02393	0.04917	0.08208	0.01406	0.01704	0.01105	0.00856	0.00999	0.00235	0.14788	0.00580	0.00423	0.04161

[dist]
# distance from previous block
# <min> <max>
0	1

[block]
# block no. 2 follows, 27 sequences, length 37
# corresponding to MSA columns:
# 98-134
name=unknown_C
#
# <colnr> <probs for GDERKNQSTAVLIFYWHMCP>
#	G	D	E	R	K	N	Q	S	T	A	V	L	I	F	Y	W	H	M	C	P
0	0.08974	0.13212	0.02654	0.05919	0.10168	0.01691	0.18110	0.04640	0.01652	0.02306	0.02512	0.05630	0.12466	0.04009	0.02706	0.00275	0.00858	0.00877	0.00454	0.00887
1	0.01211	0.00832	0.01020	0.01031	0.01227	0.00784	0.00764	0.01590	0.07194	0.07471	0.19425	0.28870	0.18609	0.01814	0.00889	0.00268	0.00443	0.05083	0.00741	0.00732
2	0.01390	0.00835	0.01045	0.01023	0.01203	0.00787	0.00735	0.03419	0.01609	0.12301	0.09077	0.26007	0.12886	0.16626	0.05174	0.00409	0.00608	0.03485	0.00672	0.00708
3	0.01652	0.01297	0.01538	0.01126	0.01760	0.00991	0.00907	0.01979	0.01587	0.07157	0.01538	0.01884	0.01279	0.00636	0.00583	0.00128	0.00561	0.03035	0.00483	0.69877
4	0.01076	0.00736	0.00917	0.00939	0.01054	0.00694	0.00646	0.01250	0.01554	0.04514	0.20078	0.25228	0.12515	0.19585	0.05465	0.00426	0.00567	0.01480	0.00655	0.00620
5	0.01361	0.00808	0.01018	0.01000	0.01175	0.00750	0.00722	0.01541	0.01591	0.12456	0.12388	0.21041	0.13438	0.18657	0.03989	0.00405	0.00582	0.05710	0.00675	0.00693
6	0.07345	0.01011	0.01250	0.01096	0.01408	0.00955	0.00844	0.04824	0.01903	0.24254	0.22090	0.11207	0.06405	0.08939	0.01115	0.00293	0.00534	0.02894	0.00761	0.00873
7	0.01126	0.00787	0.01002	0.00961	0.01164	0.00719	0.00741	0.01447	0.01998	0.05354	0.50159	0.05958	0.16535	0.01604	0.00885	0.00247	0.00397	0.07420	0.00788	0.00709
8	0.01991	0.01416	0.01583	0.01369	0.01738	0.01525	0.01111	0.32086	0.06110	0.03396	0.02705	0.06700	0.05907	0.01338	0.00933	0.05751	0.00665	0.12037	0.10687	0.00950
9	0.01025	0.00733	0.00942	0.01047	0.01144	0.00702	0.00767	0.01209	0.01513	0.01997	0.09610	0.31988	0.09765	0.15784	0.01495	0.00382	0.00541	0.18100	0.00653	0.00605
10	0.02165	0.01022	0.01343	0.01160	0.01518	0.00922	0.00910	0.02498	0.04410	0.35161	0.17011	0.13585	0.07227	0.03920	0.00927	0.00264	0.00535	0.03637	0.00821	0.00965
11	0.02998	0.01537	0.01845	0.01426	0.01979	0.01529	0.01174	0.27801	0.02610	0.40014	0.02452	0.02257	0.01621	0.00904	0.00729	0.00223	0.00683	0.00713	0.06283	0.01223
12	0.17056	0.01029	0.01119	0.00999	0.01301	0.01013	0.00748	0.01956	0.04195	0.13232	0.11342	0.09139	0.06714	0.14996	0.01279	0.00319	0.00543	0.00958	0.05352	0.06709
13	0.00984	0.00764	0.00900	0.00912	0.01095	0.00696	0.00666	0.01293	0.04433	0.02371	0.28457	0.21679	0.29408	0.01818	0.00888	0.00256	0.00388	0.01583	0.00738	0.00670
14	0.01510	0.01430	0.02422	0.55384	0.21012	0.01678	0.02115	0.01991	0.01535	0.02028	0.01339	0.01944	0.01036	0.00722	0.00740	0.00241	0.00963	0.00660	0.00339	0.00912
15	0.00924	0.00734	0.00817	0.00835	0.01024	0.00641	0.00604	0.01122	0.01690	0.02135	0.17937	0.17779	0.43422	0.05695	0.01042	0.00281	0.00399	0.01590	0.00700	0.00627
16	0.23715	0.01062	0.01107	0.01006	0.01319	0.01085	0.00785	0.04402	0.01704	0.11432	0.15531	0.06364	0.11258	0.07668	0.00984	0.00282	0.00525	0.04237	0.04747	0.00788
17	0.02384	0.01206	0.01511	0.01255	0.01692	0.01158	0.01002	0.03095	0.17121	0.36926	0.17904	0.03441	0.05752	0.01111	0.00783	0.00236	0.00548	0.00934	0.00850	0.01092
18	0.01179	0.00849	0.01172	0.01333	0.01509	0.00842	0.01161	0.01512	0.01708	0.02210	0.04129	0.08306	0.07843	0.02041	0.01017	0.00337	0.00667	0.60822	0.00684	0.00680
19	0.01068	0.00761	0.00886	0.00881	0.01084	0.00669	0.00644	0.01282	0.01738	0.05978	0.20867	0.18738	0.36060	0.04722	0.00999	0.00274	0.00408	0.01550	0.00723	0.00668
20	0.15493	0.01656	0.02529	0.21159	0.17216	0.04436	0.13496	0.02219	0.01575	0.05014	0.01360	0.01778	0.01057	0.00716	0.00772	0.00233	0.03801	0.00640	0.00399	0.04451
21	0.01810	0.01379	0.01510	0.01341	0.01714	0.01515	0.01044	0.10396	0.37720	0.06806	0.11626	0.07691	0.05902	0.01171	0.00774	0.00244	0.00554	0.00986	0.04777	0.01042
22	0.47350	0.01396	0.01376	0.01136	0.01645	0.01473	0.00937	0.05319	0.01679	0.28579	0.01782	0.01730	0.01214	0.00784	0.00580	0.00229	0.00606	0.00543	0.00645	0.00997
23	0.01087	0.00873	0.00926	0.00886	0.01116	0.00823	0.00648	0.03657	0.07964	0.02217	0.12690	0.06010	0.43134	0.13143	0.01321	0.00322	0.00463	0.01365	0.00673	0.00681
24	0.02934	0.01443	0.05251	0.01379	0.01944	0.01238	0.01180	0.06323	0.09165	0.52716	0.06291	0.02629	0.02084	0.00948	0.00752	0.00232	0.00645	0.00774	0.00857	0.01216
25	0.01752	0.02003	0.04380	0.03129	0.03880	0.01877	0.66583	0.02378	0.01752	0.02378	0.01502	0.02003	0.01126	0.00626	0.00876	0.00250	0.01252	0.00876	0.00375	0.01001
26	0.01619	0.02660	0.34992	0.10359	0.03383	0.01650	0.19861	0.02298	0.01644	0.06071	0.04024	0.01993	0.01312	0.00934	0.03703	0.00280	0.01110	0.00702	0.00389	0.01016
27	0.02523	0.04760	0.05416	0.01435	0.01886	0.01399	0.01225	0.05566	0.05577	0.38691	0.02601	0.11438	0.02030	0.01132	0.00987	0.00250	0.10378	0.00885	0.00733	0.01089
28	0.02079	0.01340	0.01560	0.01395	0.01806	0.01418	0.01122	0.03307	0.36107	0.20529	0.03396	0.03858	0.06205	0.01202	0.00804	0.00260	0.00603	0.11137	0.00783	0.01088
29	0.03331	0.01263	0.01723	0.01321	0.01895	0.01091	0.01091	0.03618	0.02125	0.69794	0.02929	0.02527	0.01838	0.00919	0.00747	0.00230	0.00632	0.00747	0.00919	0.01263
30	0.01710	0.01449	0.01832	0.07795	0.14796	0.04054	0.01414	0.13775	0.09832	0.02722	0.03031	0.08940	0.09485	0.01300	0.00829	0.00261	0.00733	0.14491	0.00604	0.00946
31	0.01826	0.01388	0.01544	0.01393	0.01753	0.01520	0.01086	0.14440	0.32148	0.06533	0.05365	0.16463	0.05185	0.01336	0.00812	0.00259	0.00592	0.04587	0.00745	0.01025
32	0.00908	0.00753	0.00794	0.00784	0.01021	0.00640	0.00588	0.01124	0.01764	0.02176	0.18274	0.06864	0.58119	0.01817	0.00877	0.00248	0.00372	0.01527	0.00712	0.00640
33	0.01093	0.00876	0.01276	0.01257	0.01437	0.00842	0.06621	0.01451	0.05823	0.02200	0.12046	0.40347	0.09875	0.01919	0.00924	0.00286	0.00532	0.09816	0.00681	0.00699
34	0.06077	0.23814	0.09976	0.01711	0.02308	0.08169	0.08711	0.07237	0.13767	0.06179	0.01642	0.01753	0.01273	0.00782	0.00719	0.00215	0.03556	0.00602	0.00479	0.01032
35	0.02477	0.10599	0.02559	0.01871	0.05021	0.04712	0.06009	0.41908	0.08343	0.03731	0.01708	0.01791	0.01275	0.00854	0.00786	0.00222	0.03688	0.00658	0.00623	0.01165
36	0.05881	0.01478	0.01885	0.01456	0.02005	0.01398	0.07692	0.14624	0.06607	0.06435	0.01890	0.08184	0.01607	0.01036	0.03423	0.00228	0.00727	0.00733	0.00561	0.32152

[dist]
# distance from previous block
# <min> <max>
1	15

[block]
# block no. 3 follows, 27 sequences, length 41
# corresponding to MSA columns:
# 150-190
name=unknown_D
#
# <colnr> <probs for GDERKNQSTAVLIFYWHMCP>
#	G	D	E	R	K	N	Q	S	T	A	V	L	I	F	Y	W	H	M	C	P
0	0.01698	0.01039	0.01530	0.01318	0.01618	0.00979	0.07688	0.02012	0.03670	0.19565	0.13984	0.22688	0.09555	0.05383	0.01068	0.00284	0.03046	0.01317	0.00713	0.00847
1	0.01366	0.01239	0.01155	0.01094	0.01373	0.08247	0.00832	0.06884	0.09023	0.02290	0.05141	0.09647	0.37466	0.04620	0.03364	0.00300	0.00620	0.03933	0.00649	0.00757
2	0.01596	0.01503	0.02220	0.62377	0.04723	0.05430	0.01973	0.07460	0.01688	0.02128	0.01349	0.01928	0.01011	0.00756	0.00738	0.00242	0.00994	0.00651	0.00368	0.00864
3	0.01413	0.01355	0.02010	0.08587	0.02193	0.04276	0.11020	0.01657	0.01385	0.01898	0.02083	0.20840	0.02235	0.09961	0.01665	0.00333	0.21935	0.01102	0.00449	0.03603
4	0.01652	0.04688	0.20057	0.10324	0.08790	0.01877	0.30634	0.02252	0.01608	0.02248	0.01368	0.01818	0.01050	0.00723	0.00938	0.00248	0.07659	0.00718	0.00348	0.01001
5	0.01459	0.01364	0.02227	0.63113	0.08290	0.01671	0.02005	0.02074	0.06587	0.02018	0.01454	0.02032	0.01097	0.00758	0.00743	0.00246	0.00953	0.00674	0.00364	0.00870
6	0.01462	0.01381	0.02336	0.62761	0.14007	0.01665	0.02092	0.01950	0.01513	0.01970	0.01330	0.01960	0.01015	0.00731	0.00741	0.00244	0.00975	0.00660	0.00335	0.00873
7	0.01466	0.00934	0.01281	0.09391	0.03944	0.00900	0.01016	0.01749	0.01753	0.13820	0.13553	0.18111	0.17131	0.01600	0.00868	0.00266	0.00557	0.10176	0.00695	0.00791
8	0.01621	0.01479	0.02390	0.33497	0.28563	0.01641	0.01989	0.04899	0.04046	0.02295	0.01713	0.02641	0.01474	0.00870	0.00771	0.00247	0.00894	0.07583	0.00416	0.00973
9	0.01061	0.00795	0.01193	0.01193	0.01326	0.00928	0.00928	0.01326	0.01193	0.01723	0.01988	0.02916	0.01856	0.05568	0.70968	0.01193	0.01988	0.00795	0.00398	0.00663
10	0.01735	0.01659	0.02828	0.20490	0.54149	0.01737	0.02227	0.02188	0.01642	0.02301	0.01378	0.01871	0.01132	0.00680	0.00737	0.00227	0.00907	0.00661	0.00359	0.01093
11	0.01882	0.01536	0.02290	0.22761	0.25517	0.01678	0.01791	0.02760	0.19218	0.09987	0.01976	0.02202	0.01485	0.00805	0.00744	0.00238	0.00807	0.00718	0.00521	0.01085
12	0.01220	0.00645	0.00948	0.00979	0.00987	0.00637	0.00653	0.00979	0.01049	0.01399	0.01794	0.15073	0.01941	0.02533	0.02550	0.64337	0.00606	0.00909	0.00388	0.00373
13	0.00903	0.00652	0.00855	0.01018	0.01073	0.00604	0.00682	0.01035	0.01436	0.01901	0.04283	0.69732	0.08480	0.02301	0.00944	0.00299	0.00428	0.02080	0.00689	0.00604
14	0.01237	0.00688	0.00988	0.04914	0.01207	0.00698	0.00718	0.01114	0.01142	0.01593	0.01919	0.15113	0.01991	0.02245	0.02170	0.51478	0.00593	0.00915	0.08836	0.00441
15	0.01289	0.00645	0.00967	0.00967	0.00967	0.00645	0.00645	0.00967	0.00967	0.01289	0.01289	0.02257	0.01289	0.02579	0.02901	0.78401	0.00645	0.00645	0.00322	0.00322
16	0.02156	0.01823	0.01848	0.01584	0.02049	0.05440	0.01252	0.20827	0.47272	0.03464	0.02594	0.02432	0.01930	0.00964	0.00748	0.00241	0.00687	0.00775	0.00733	0.01183
17	0.01402	0.01319	0.02227	0.72126	0.05113	0.01649	0.02062	0.01897	0.01484	0.01897	0.01319	0.01979	0.00990	0.00742	0.00742	0.00247	0.00990	0.00660	0.00330	0.00825
18	0.01372	0.00901	0.00995	0.00917	0.01068	0.00893	0.00613	0.08398	0.01538	0.05622	0.03248	0.04679	0.14382	0.44483	0.02558	0.00520	0.00640	0.01080	0.05465	0.00629
19	0.03181	0.01373	0.01775	0.01375	0.01942	0.01271	0.01131	0.10507	0.06443	0.58490	0.02810	0.02461	0.01802	0.00921	0.00747	0.00230	0.00649	0.00744	0.00889	0.01258
20	0.01742	0.01176	0.01411	0.01330	0.01639	0.01213	0.01085	0.13701	0.09973	0.10028	0.03569	0.10434	0.08958	0.05603	0.01046	0.00307	0.00646	0.24534	0.00716	0.00886
21	0.01098	0.00769	0.00953	0.00901	0.01081	0.00703	0.00660	0.01377	0.01913	0.04778	0.48456	0.05643	0.16989	0.10006	0.01210	0.00293	0.00407	0.01331	0.00756	0.00677
22	0.00913	0.00733	0.00815	0.00838	0.01035	0.00635	0.00612	0.01118	0.01711	0.02153	0.17547	0.19574	0.45905	0.01902	0.00891	0.00257	0.00382	0.01632	0.00712	0.00635
23	0.01820	0.01500	0.01600	0.01437	0.01843	0.01700	0.01118	0.03666	0.58842	0.05750	0.06040	0.03118	0.06122	0.01073	0.00767	0.00250	0.00568	0.00897	0.00761	0.01128
24	0.01012	0.00735	0.00952	0.01001	0.01134	0.00685	0.00740	0.01265	0.01767	0.02404	0.32800	0.26834	0.10938	0.04807	0.01035	0.00290	0.00435	0.09780	0.00735	0.00652
25	0.00955	0.00686	0.00887	0.01008	0.01083	0.00644	0.00696	0.01114	0.01495	0.01991	0.10649	0.51074	0.08920	0.09094	0.01214	0.00335	0.00465	0.06405	0.00679	0.00605
26	0.01752	0.02003	0.04380	0.03129	0.03880	0.01877	0.66583	0.02378	0.01752	0.02378	0.01502	0.02003	0.01126	0.00626	0.00876	0.00250	0.01252	0.00876	0.00375	0.01001
27	0.01009	0.00707	0.00813	0.00853	0.00900	0.00679	0.00522	0.01067	0.01249	0.01629	0.03510	0.21110	0.12991	0.46669	0.02693	0.00553	0.00602	0.01391	0.00541	0.00511
28	0.01150	0.00759	0.00964	0.01029	0.01192	0.00691	0.00763	0.01354	0.01641	0.07626	0.10618	0.37539	0.19415	0.01998	0.00919	0.00283	0.00462	0.10195	0.00719	0.00682
29	0.51019	0.01413	0.01269	0.01108	0.01530	0.01581	0.00886	0.12407	0.01671	0.06846	0.01626	0.08684	0.01439	0.04822	0.00746	0.00262	0.00610	0.00668	0.00551	0.00863
30	0.07108	0.01324	0.01723	0.01328	0.01898	0.01197	0.01097	0.07549	0.02168	0.62329	0.02761	0.02413	0.01749	0.00906	0.00732	0.00229	0.00641	0.00724	0.00885	0.01240
31	0.01452	0.01129	0.01269	0.01179	0.01445	0.01189	0.00891	0.10427	0.18997	0.02756	0.16095	0.14164	0.12384	0.09098	0.01149	0.00304	0.00540	0.03974	0.00712	0.00845
32	0.01064	0.00782	0.01124	0.01124	0.01233	0.00890	0.00842	0.01281	0.01173	0.01672	0.02052	0.03266	0.02008	0.17875	0.58869	0.01108	0.01760	0.00847	0.00407	0.00624
33	0.00904	0.00646	0.00861	0.01034	0.01077	0.00603	0.00689	0.01034	0.01421	0.01895	0.04092	0.73426	0.04910	0.02326	0.00948	0.00301	0.00431	0.02110	0.00689	0.00603
34	0.00997	0.00730	0.00934	0.01016	0.01141	0.00681	0.00751	0.01220	0.01659	0.02208	0.20256	0.32067	0.14495	0.05832	0.01085	0.00307	0.00463	0.12815	0.00707	0.00636
35	0.01037	0.00710	0.00854	0.00887	0.00919	0.00700	0.00546	0.01110	0.01260	0.01702	0.09200	0.20090	0.03576	0.48221	0.05542	0.00598	0.00670	0.01323	0.00537	0.00517
36	0.02034	0.05938	0.02123	0.15202	0.02614	0.19766	0.01482	0.11729	0.07938	0.02433	0.06137	0.02036	0.01578	0.01087	0.03277	0.00267	0.12296	0.00666	0.00477	0.00920
37	0.01358	0.00992	0.01215	0.01135	0.01375	0.00989	0.00894	0.12629	0.02202	0.03013	0.38651	0.10934	0.08525	0.01579	0.00883	0.00255	0.00491	0.11332	0.00766	0.00783
38	0.05865	0.01362	0.01632	0.01363	0.01823	0.01382	0.01098	0.08998	0.20279	0.32810	0.05164	0.02888	0.02154	0.01104	0.00871	0.04409	0.00627	0.04265	0.00789	0.01116
39	0.01994	0.04708	0.02487	0.16421	0.21183	0.17158	0.05204	0.07792	0.06496	0.02349	0.01502	0.01869	0.01206	0.01052	0.05171	0.00283	0.01065	0.00644	0.00422	0.00994
40	0.01334	0.01217	0.01408	0.01346	0.01435	0.08089	0.01016	0.01501	0.01293	0.01732	0.02110	0.15480	0.02253	0.14691	0.24785	0.00658	0.17528	0.01014	0.00441	0.00671

[dist]
# distance from previous block
# <min> <max>
2	8

[block]
# block no. 4 follows, 27 sequences, length 7
# corresponding to MSA columns:
# 199-205
name=unknown_E
#
# <colnr> <probs for GDERKNQSTAVLIFYWHMCP>
#	G	D	E	R	K	N	Q	S	T	A	V	L	I	F	Y	W	H	M	C	P
0	0.02514	0.01870	0.01969	0.01538	0.02110	0.05707	0.01248	0.36464	0.10616	0.10989	0.01932	0.01911	0.01397	0.00836	0.00704	0.00204	0.00748	0.00643	0.00686	0.15917
1	0.02352	0.02398	0.02112	0.10683	0.02563	0.27282	0.01494	0.19065	0.11323	0.02729	0.01569	0.01762	0.01221	0.00889	0.00913	0.00230	0.09288	0.00619	0.00512	0.00996
2	0.04241	0.10410	0.05761	0.04245	0.06370	0.13323	0.07784	0.02381	0.08798	0.04206	0.01730	0.02051	0.03500	0.01411	0.08772	0.00343	0.12650	0.00672	0.00430	0.00922
3	0.01384	0.00692	0.00692	0.00692	0.00865	0.00692	0.00519	0.01730	0.01557	0.02768	0.02422	0.02768	0.01903	0.00865	0.00519	0.00173	0.00346	0.00692	0.78031	0.00692
4	0.01390	0.00871	0.01077	0.01057	0.01241	0.00842	0.00754	0.01777	0.08839	0.11412	0.15181	0.29687	0.07590	0.13189	0.01332	0.00338	0.00504	0.01458	0.00712	0.00750
5	0.01302	0.01122	0.04640	0.09759	0.01860	0.01059	0.01064	0.11563	0.01816	0.02427	0.07406	0.42552	0.06979	0.01758	0.00871	0.00273	0.00584	0.01558	0.00644	0.00765
6	0.51768	0.07835	0.06116	0.01171	0.01693	0.01773	0.01047	0.09255	0.01627	0.06161	0.04667	0.01570	0.01236	0.00760	0.00542	0.00223	0.00646	0.00503	0.00507	0.00901

[dist]
# distance from previous block
# <min> <max>
0	8

[block]
# block no. 5 follows, 27 sequences, length 68
# corresponding to MSA columns:
# 214-281
name=unknown_F
#
# <colnr> <probs for GDERKNQSTAVLIFYWHMCP>
#	G	D	E	R	K	N	Q	S	T	A	V	L	I	F	Y	W	H	M	C	P
0	0.01833	0.01920	0.02846	0.03411	0.37837	0.11056	0.13207	0.02227	0.01716	0.02250	0.01857	0.06124	0.05145	0.00862	0.00852	0.00233	0.04393	0.00806	0.00405	0.01022
1	0.01599	0.01561	0.02715	0.34283	0.11785	0.01781	0.15251	0.04849	0.01603	0.02166	0.01453	0.04826	0.01210	0.00856	0.01008	0.00256	0.10748	0.00763	0.00376	0.00911
2	0.01942	0.01913	0.02334	0.06049	0.24762	0.11817	0.03821	0.06330	0.18861	0.02539	0.01914	0.05806	0.01604	0.00915	0.00869	0.00238	0.05963	0.00764	0.00503	0.01056
3	0.01125	0.00741	0.00982	0.01090	0.01215	0.00699	0.00815	0.01344	0.01602	0.05455	0.10109	0.43019	0.06993	0.02037	0.00928	0.00293	0.00486	0.16282	0.04117	0.00668
4	0.01068	0.00862	0.01380	0.01346	0.01503	0.00815	0.09598	0.01294	0.01514	0.02023	0.06000	0.50365	0.04310	0.04798	0.01055	0.00313	0.00582	0.09867	0.00642	0.00664
5	0.03881	0.00886	0.01013	0.00946	0.01168	0.00848	0.00706	0.06937	0.01958	0.02680	0.34517	0.09048	0.23467	0.07374	0.01086	0.00280	0.00440	0.01335	0.00726	0.00706
6	0.01455	0.00927	0.01151	0.01100	0.01303	0.00908	0.00802	0.07093	0.05451	0.10325	0.21273	0.29932	0.04458	0.08893	0.01159	0.00307	0.00502	0.01449	0.00735	0.00777
7	0.01078	0.00728	0.00850	0.00850	0.00864	0.00741	0.00500	0.01105	0.01091	0.01469	0.02302	0.04655	0.02611	0.66769	0.10799	0.00769	0.00852	0.01050	0.00444	0.00472
8	0.01047	0.00784	0.00982	0.01067	0.01223	0.00746	0.00823	0.01347	0.04059	0.02181	0.13013	0.25181	0.18835	0.05025	0.01059	0.00310	0.00502	0.20460	0.00696	0.00659
9	0.00925	0.00748	0.00822	0.00816	0.01035	0.00645	0.00607	0.01154	0.01788	0.02261	0.23824	0.10239	0.48923	0.01806	0.00881	0.00249	0.00372	0.01535	0.00724	0.00645
10	0.01250	0.00994	0.01150	0.01170	0.01389	0.01033	0.00892	0.02015	0.21234	0.02360	0.07356	0.21712	0.15204	0.05786	0.01048	0.00306	0.00527	0.13088	0.00700	0.00788
11	0.01330	0.00826	0.01050	0.00955	0.01197	0.00741	0.00730	0.01643	0.02033	0.11887	0.49179	0.05415	0.17154	0.01500	0.00858	0.00236	0.00393	0.01301	0.00809	0.00764
12	0.01831	0.01123	0.01169	0.01008	0.01311	0.01192	0.00796	0.21947	0.02158	0.03361	0.02223	0.02462	0.01704	0.00873	0.00588	0.00188	0.00492	0.00685	0.54019	0.00869
13	0.01287	0.00877	0.01033	0.00991	0.01102	0.00922	0.00679	0.08225	0.01439	0.02008	0.02363	0.07400	0.02482	0.41476	0.14687	0.00666	0.00902	0.03102	0.07748	0.00612
14	0.01175	0.00792	0.00999	0.00928	0.01144	0.00714	0.00703	0.01492	0.02029	0.07363	0.53330	0.05627	0.17817	0.01542	0.00867	0.00236	0.00374	0.01342	0.00801	0.00726
15	0.05285	0.01267	0.01652	0.01286	0.01835	0.01125	0.01052	0.03354	0.05765	0.55698	0.05919	0.02570	0.02022	0.00918	0.00730	0.00222	0.00608	0.00747	0.00854	0.07091
16	0.01066	0.00802	0.01005	0.01015	0.01197	0.00709	0.00722	0.01262	0.01530	0.02112	0.12308	0.38584	0.07435	0.08566	0.01134	0.00298	0.00479	0.04898	0.00640	0.14238
17	0.01399	0.00806	0.01073	0.01039	0.01236	0.00733	0.00765	0.01656	0.01853	0.14380	0.33145	0.30247	0.05313	0.01712	0.00880	0.00258	0.00430	0.01523	0.00788	0.00764
18	0.01752	0.02003	0.04380	0.03129	0.03880	0.01877	0.66583	0.02378	0.01752	0.02378	0.01502	0.02003	0.01126	0.00626	0.00876	0.00250	0.01252	0.00876	0.00375	0.01001
19	0.01384	0.00692	0.00692	0.00692	0.00865	0.00692	0.00519	0.01730	0.01557	0.02768	0.02422	0.02768	0.01903	0.00865	0.00519	0.00173	0.00346	0.00692	0.78031	0.00692
20	0.01075	0.00713	0.00806	0.00820	0.00840	0.00706	0.00477	0.01110	0.01152	0.01564	0.02649	0.10392	0.04927	0.61970	0.03285	0.00642	0.00666	0.01158	0.04568	0.00481
21	0.02363	0.01422	0.01648	0.01388	0.01856	0.01483	0.01105	0.07113	0.33924	0.27643	0.05638	0.02974	0.05975	0.01036	0.00763	0.00241	0.00596	0.00855	0.00813	0.01164
22	0.75095	0.01470	0.01152	0.01015	0.01482	0.01699	0.00836	0.05618	0.01382	0.03402	0.01073	0.01237	0.00828	0.00700	0.00474	0.00229	0.00587	0.00416	0.00474	0.00828
23	0.02768	0.01846	0.02056	0.01597	0.02169	0.01971	0.01318	0.48658	0.05366	0.15849	0.02087	0.02178	0.01501	0.00929	0.00747	0.00225	0.00761	0.02993	0.00760	0.04221
24	0.01956	0.70275	0.07721	0.01319	0.01981	0.02867	0.01355	0.02230	0.01512	0.01782	0.01049	0.01213	0.00952	0.00639	0.00490	0.00163	0.00811	0.00406	0.00317	0.00961
25	0.01021	0.00758	0.00952	0.00903	0.01091	0.00688	0.00677	0.01344	0.02032	0.02812	0.58497	0.05816	0.17498	0.01579	0.00876	0.00236	0.00355	0.01381	0.00796	0.00688
26	0.00902	0.00656	0.00851	0.01007	0.01070	0.00605	0.00677	0.01037	0.01447	0.01905	0.04411	0.67247	0.10883	0.02284	0.00941	0.00297	0.00426	0.02060	0.00689	0.00605
27	0.01571	0.01536	0.02736	0.43942	0.22910	0.01712	0.10790	0.02068	0.01578	0.02109	0.01366	0.01943	0.01060	0.00704	0.00758	0.00240	0.00995	0.00689	0.00347	0.00947
28	0.01289	0.00645	0.00967	0.00967	0.00967	0.00645	0.00645	0.00967	0.00967	0.01289	0.01289	0.02257	0.01289	0.02579	0.02901	0.78401	0.00645	0.00645	0.00322	0.00322
29	0.01402	0.01319	0.02227	0.72126	0.05113	0.01649	0.02062	0.01897	0.01484	0.01897	0.01319	0.01979	0.00990	0.00742	0.00742	0.00247	0.00990	0.00660	0.00330	0.00825
30	0.02659	0.01952	0.02095	0.01624	0.02163	0.02154	0.01321	0.60656	0.03265	0.04376	0.01834	0.02070	0.01397	0.07721	0.01027	0.00269	0.00808	0.00707	0.00715	0.01186
31	0.01079	0.00724	0.00830	0.00830	0.00837	0.00731	0.00475	0.01093	0.01086	0.01454	0.02321	0.04756	0.02654	0.70307	0.07321	0.00745	0.00787	0.01065	0.00447	0.00461
32	0.01061	0.00795	0.01193	0.01193	0.01326	0.00928	0.00928	0.01326	0.01193	0.01723	0.01988	0.02916	0.01856	0.05568	0.70968	0.01193	0.01988	0.00795	0.00398	0.00663
33	0.02847	0.05486	0.08336	0.01503	0.02121	0.01404	0.04049	0.05705	0.08943	0.47704	0.02587	0.02342	0.01701	0.00880	0.00735	0.00229	0.00712	0.00722	0.00784	0.01211
34	0.01957	0.01681	0.01707	0.01531	0.01949	0.05692	0.01201	0.07067	0.55455	0.04944	0.02896	0.02928	0.02234	0.01040	0.00764	0.00251	0.00648	0.04181	0.00734	0.01138
35	0.01677	0.02367	0.19248	0.02790	0.05990	0.01891	0.40513	0.02288	0.01624	0.02293	0.01387	0.01844	0.01065	0.00737	0.01043	0.00256	0.10868	0.00761	0.00354	0.01005
36	0.02029	0.70363	0.03789	0.01306	0.01927	0.06772	0.01280	0.02265	0.01542	0.01751	0.01039	0.01199	0.00953	0.00642	0.00487	0.00161	0.00825	0.00402	0.00321	0.00947
37	0.02157	0.35541	0.03012	0.01762	0.05833	0.19966	0.01439	0.05771	0.01709	0.01966	0.01112	0.01373	0.00987	0.00801	0.00902	0.00203	0.13681	0.00492	0.00361	0.00933
38	0.03029	0.01197	0.01626	0.01270	0.01791	0.01039	0.01039	0.03325	0.02122	0.60958	0.11651	0.02926	0.02521	0.00998	0.00764	0.00230	0.00594	0.00825	0.00905	0.01189
39	0.01289	0.00645	0.00967	0.00967	0.00967	0.00645	0.00645	0.00967	0.00967	0.01289	0.01289	0.02257	0.01289	0.02579	0.02901	0.78401	0.00645	0.00645	0.00322	0.00322
40	0.01799	0.01724	0.02943	0.10577	0.63562	0.01754	0.02259	0.02244	0.01672	0.02378	0.01390	0.01850	0.01159	0.00669	0.00736	0.00223	0.00892	0.00661	0.00364	0.01145
41	0.02960	0.01281	0.01677	0.01323	0.01821	0.01208	0.01085	0.06030	0.05232	0.53752	0.02727	0.02478	0.01791	0.00938	0.00821	0.00231	0.04667	0.00737	0.08059	0.01180
42	0.01624	0.01624	0.02274	0.01949	0.01949	0.02274	0.01624	0.01787	0.01137	0.01787	0.00975	0.01624	0.00975	0.01299	0.02436	0.00325	0.72552	0.00650	0.00325	0.00812
43	0.01061	0.00795	0.01193	0.01193	0.01326	0.00928	0.00928	0.01326	0.01193	0.01723	0.01988	0.02916	0.01856	0.05568	0.70968	0.01193	0.01988	0.00795	0.00398	0.00663
44	0.01679	0.01656	0.02914	0.24943	0.05672	0.01860	0.23100	0.07578	0.01712	0.02336	0.04331	0.02056	0.01326	0.00853	0.01111	0.00259	0.14528	0.00760	0.00402	0.00923
45	0.01489	0.03840	0.70064	0.02116	0.03213	0.01724	0.02743	0.02351	0.01567	0.02351	0.01332	0.01567	0.00940	0.00705	0.00705	0.00235	0.01097	0.00549	0.00313	0.01097
46	0.01025	0.00758	0.00957	0.00907	0.01094	0.00690	0.00681	0.01352	0.02042	0.02836	0.59959	0.05778	0.16021	0.01570	0.00876	0.00236	0.00354	0.01375	0.00799	0.00690
47	0.01080	0.00720	0.00810	0.00810	0.00810	0.00720	0.00450	0.01080	0.01080	0.01439	0.02339	0.04858	0.02699	0.73910	0.03779	0.00720	0.00720	0.01080	0.00450	0.00450
48	0.01985	0.74357	0.03890	0.01270	0.01905	0.02937	0.01270	0.02223	0.01508	0.01747	0.01032	0.01191	0.00953	0.00635	0.00476	0.00159	0.00794	0.00397	0.00318	0.00953
49	0.01672	0.01722	0.02095	0.04375	0.02015	0.10272	0.01516	0.01865	0.01273	0.01785	0.01155	0.01790	0.01101	0.01834	0.12096	0.00432	0.51214	0.00651	0.00342	0.00797
50	0.74814	0.01445	0.01124	0.01006	0.01463	0.01676	0.00825	0.02281	0.05006	0.03318	0.01145	0.01294	0.00886	0.00707	0.00476	0.00231	0.00575	0.00427	0.00476	0.00825
51	0.00880	0.00742	0.00762	0.00777	0.01009	0.00625	0.00575	0.01063	0.01668	0.01995	0.07211	0.13132	0.63191	0.01920	0.00884	0.00255	0.00381	0.01616	0.00689	0.00625
52	0.01402	0.01319	0.02227	0.72126	0.05113	0.01649	0.02062	0.01897	0.01484	0.01897	0.01319	0.01979	0.00990	0.00742	0.00742	0.00247	0.00990	0.00660	0.00330	0.00825
53	0.01489	0.03840	0.70064	0.02116	0.03213	0.01724	0.02743	0.02351	0.01567	0.02351	0.01332	0.01567	0.00940	0.00705	0.00705	0.00235	0.01097	0.00549	0.00313	0.01097
54	0.02603	0.01193	0.01538	0.01249	0.01716	0.01101	0.01006	0.03140	0.11019	0.45541	0.14459	0.03334	0.06547	0.01087	0.00777	0.00235	0.00563	0.00907	0.00866	0.01120
55	0.00921	0.00658	0.00880	0.01052	0.01103	0.00617	0.00718	0.01062	0.01437	0.01913	0.04083	0.69774	0.04874	0.02310	0.00952	0.00304	0.00445	0.05601	0.00689	0.00608
56	0.01384	0.00692	0.00692	0.00692	0.00865	0.00692	0.00519	0.01730	0.01557	0.02768	0.02422	0.02768	0.01903	0.00865	0.00519	0.00173	0.00346	0.00692	0.78031	0.00692
57	0.01384	0.00692	0.00692	0.00692	0.00865	0.00692	0.00519	0.01730	0.01557	0.02768	0.02422	0.02768	0.01903	0.00865	0.00519	0.00173	0.00346	0.00692	0.78031	0.00692
58	0.00980	0.00697	0.00934	0.01096	0.01166	0.00666	0.00790	0.01150	0.01467	0.01943	0.03957	0.54917	0.04642	0.06282	0.01124	0.00334	0.00504	0.16064	0.00674	0.00613
59	0.79154	0.01436	0.01091	0.00976	0.01436	0.01665	0.00804	0.02182	0.01263	0.03331	0.01034	0.01206	0.00804	0.00689	0.00459	0.00230	0.00574	0.00402	0.00459	0.00804
60	0.01402	0.01319	0.02227	0.72126	0.05113	0.01649	0.02062	0.01897	0.01484	0.01897	0.01319	0.01979	0.00990	0.00742	0.00742	0.00247	0.00990	0.00660	0.00330	0.00825
61	0.01347	0.00925	0.01226	0.10546	0.01734	0.00921	0.00925	0.03965	0.01881	0.08263	0.32812	0.04951	0.12606	0.09711	0.01183	0.00299	0.00541	0.04723	0.00692	0.00747
62	0.01758	0.02599	0.27114	0.03548	0.42193	0.05152	0.02404	0.02338	0.01666	0.02369	0.01361	0.01716	0.01080	0.00682	0.00721	0.00224	0.00982	0.00612	0.00349	0.01132
63	0.01061	0.00795	0.01193	0.01193	0.01326	0.00928	0.00928	0.01326	0.01193	0.01723	0.01988	0.02916	0.01856	0.05568	0.70968	0.01193	0.01988	0.00795	0.00398	0.00663
64	0.00960	0.00683	0.00915	0.01080	0.01142	0.00649	0.00763	0.01119	0.01455	0.01930	0.03994	0.59883	0.04714	0.05202	0.01076	0.00325	0.00484	0.12337	0.00678	0.00610
65	0.18791	0.01651	0.01747	0.04240	0.05594	0.01882	0.01231	0.15341	0.35211	0.03372	0.02205	0.02164	0.01652	0.00888	0.00687	0.00240	0.00659	0.00696	0.00652	0.01098
66	0.01589	0.01038	0.01216	0.01084	0.01353	0.04561	0.00833	0.02006	0.05345	0.14879	0.50241	0.04645	0.05525	0.01345	0.00836	0.00231	0.00465	0.01165	0.00809	0.00833
67	0.01480	0.00992	0.01188	0.01154	0.01403	0.00968	0.00890	0.12081	0.01928	0.08752	0.04370	0.30433	0.18634	0.01818	0.00891	0.00276	0.00537	0.10697	0.00719	0.00789

[dist]
# distance from previous block
# <min> <max>
0	1

[block]
# block no. 6 follows, 27 sequences, length 87
# corresponding to MSA columns:
# 283-369
name=unknown_G
#
# <colnr> <probs for GDERKNQSTAVLIFYWHMCP>
#	G	D	E	R	K	N	Q	S	T	A	V	L	I	F	Y	W	H	M	C	P
0	0.01489	0.03840	0.70064	0.02116	0.03213	0.01724	0.02743	0.02351	0.01567	0.02351	0.01332	0.01567	0.00940	0.00705	0.00705	0.00235	0.01097	0.00549	0.00313	0.01097
1	0.01540	0.09283	0.61735	0.02098	0.03142	0.01827	0.05678	0.02342	0.01572	0.02305	0.01317	0.01559	0.00950	0.00696	0.00696	0.00230	0.01081	0.00552	0.00317	0.01081
2	0.01985	0.74357	0.03890	0.01270	0.01905	0.02937	0.01270	0.02223	0.01508	0.01747	0.01032	0.01191	0.00953	0.00635	0.00476	0.00159	0.00794	0.00397	0.00318	0.00953
3	0.01513	0.07210	0.66902	0.02075	0.03151	0.01782	0.02672	0.02345	0.01565	0.02322	0.01318	0.01549	0.00941	0.00702	0.00694	0.00231	0.01083	0.00541	0.00314	0.01090
4	0.01044	0.00759	0.00982	0.00926	0.01105	0.00697	0.00695	0.01387	0.02084	0.02937	0.66341	0.05612	0.09576	0.01533	0.00876	0.00234	0.00351	0.01352	0.00812	0.00697
5	0.01293	0.00916	0.01033	0.01010	0.01142	0.04349	0.00750	0.01535	0.01352	0.02070	0.02124	0.03054	0.01933	0.14873	0.27192	0.00649	0.04084	0.00783	0.29202	0.00654
6	0.02822	0.02079	0.02228	0.01708	0.02302	0.02302	0.01411	0.66804	0.03490	0.04679	0.01782	0.01782	0.01262	0.00891	0.00743	0.00223	0.00817	0.00668	0.00743	0.01262
7	0.01044	0.00754	0.00987	0.00938	0.01108	0.00696	0.00700	0.01385	0.02072	0.02930	0.66076	0.08491	0.06914	0.01553	0.00879	0.00236	0.00354	0.01376	0.00812	0.00696
8	0.03331	0.01263	0.01723	0.01321	0.01895	0.01091	0.01091	0.03618	0.02125	0.69794	0.02929	0.02527	0.01838	0.00919	0.00747	0.00230	0.00632	0.00747	0.00919	0.01263
9	0.01583	0.01624	0.03113	0.38647	0.12355	0.01747	0.25818	0.02119	0.01608	0.02137	0.01396	0.01971	0.01062	0.00690	0.00791	0.00245	0.01073	0.00740	0.00351	0.00932
10	0.00919	0.00656	0.00878	0.01050	0.01100	0.00616	0.00714	0.01059	0.01436	0.01911	0.04084	0.70185	0.04878	0.02312	0.00951	0.00303	0.00443	0.05207	0.00689	0.00607
11	0.00904	0.00646	0.00861	0.01034	0.01077	0.00603	0.00689	0.01034	0.01421	0.01895	0.04092	0.73426	0.04910	0.02326	0.00948	0.00301	0.00431	0.02110	0.00689	0.00603
12	0.79154	0.01436	0.01091	0.00976	0.01436	0.01665	0.00804	0.02182	0.01263	0.03331	0.01034	0.01206	0.00804	0.00689	0.00459	0.00230	0.00574	0.00402	0.00459	0.00804
13	0.01985	0.74357	0.03890	0.01270	0.01905	0.02937	0.01270	0.02223	0.01508	0.01747	0.01032	0.01191	0.00953	0.00635	0.00476	0.00159	0.00794	0.00397	0.00318	0.00953
14	0.00904	0.00646	0.00861	0.01034	0.01077	0.00603	0.00689	0.01034	0.01421	0.01895	0.04092	0.73426	0.04910	0.02326	0.00948	0.00301	0.00431	0.02110	0.00689	0.00603
15	0.01051	0.00759	0.00992	0.00934	0.01109	0.00700	0.00700	0.01401	0.02101	0.02977	0.68888	0.05545	0.07005	0.01518	0.00876	0.00233	0.00350	0.01343	0.00817	0.00700
16	0.02766	0.01447	0.01752	0.01412	0.01931	0.01450	0.01143	0.12302	0.20407	0.39974	0.05304	0.02606	0.02073	0.00962	0.00753	0.00235	0.00634	0.00784	0.00846	0.01218
17	0.01061	0.00795	0.01193	0.01193	0.01326	0.00928	0.00928	0.01326	0.01193	0.01723	0.01988	0.02916	0.01856	0.05568	0.70968	0.01193	0.01988	0.00795	0.00398	0.00663
18	0.01402	0.01319	0.02227	0.72126	0.05113	0.01649	0.02062	0.01897	0.01484	0.01897	0.01319	0.01979	0.00990	0.00742	0.00742	0.00247	0.00990	0.00660	0.00330	0.00825
19	0.03306	0.01302	0.01747	0.01339	0.01915	0.01149	0.01106	0.06637	0.02190	0.66682	0.02874	0.02491	0.01810	0.00918	0.00746	0.00229	0.00641	0.00743	0.00910	0.01263
20	0.02814	0.01994	0.02163	0.01669	0.02253	0.02188	0.01375	0.58967	0.06466	0.09584	0.01929	0.01886	0.01354	0.00899	0.00744	0.00225	0.00792	0.00683	0.00757	0.01258
21	0.76010	0.01431	0.01137	0.03853	0.01584	0.01665	0.00855	0.02171	0.01272	0.03273	0.01045	0.01237	0.00811	0.00691	0.00471	0.00230	0.00591	0.00412	0.00454	0.00805
22	0.01846	0.01609	0.01793	0.01771	0.07681	0.01839	0.01269	0.03802	0.62282	0.03047	0.02883	0.02690	0.02173	0.00978	0.00754	0.00249	0.00613	0.00824	0.00722	0.01175
23	0.79154	0.01436	0.01091	0.00976	0.01436	0.01665	0.00804	0.02182	0.01263	0.03331	0.01034	0.01206	0.00804	0.00689	0.00459	0.00230	0.00574	0.00402	0.00459	0.00804
24	0.01624	0.01624	0.02274	0.01949	0.01949	0.02274	0.01624	0.01787	0.01137	0.01787	0.00975	0.01624	0.00975	0.01299	0.02436	0.00325	0.72552	0.00650	0.00325	0.00812
25	0.00918	0.00656	0.00877	0.01050	0.01099	0.00615	0.00713	0.01058	0.01435	0.01911	0.04084	0.70317	0.04880	0.02313	0.00951	0.00303	0.00443	0.05081	0.00689	0.00607
26	0.01489	0.03840	0.70064	0.02116	0.03213	0.01724	0.02743	0.02351	0.01567	0.02351	0.01332	0.01567	0.00940	0.00705	0.00705	0.00235	0.01097	0.00549	0.00313	0.01097
27	0.00946	0.00663	0.00849	0.00981	0.01014	0.00630	0.00633	0.01044	0.01341	0.01788	0.03680	0.57316	0.04391	0.19144	0.01613	0.00400	0.00499	0.01868	0.00633	0.00567
28	0.00925	0.00668	0.00881	0.01043	0.01108	0.00624	0.00721	0.01074	0.01459	0.01926	0.04272	0.64721	0.08466	0.02280	0.00950	0.00302	0.00447	0.06835	0.00689	0.00610
29	0.03214	0.01289	0.01719	0.01336	0.01898	0.01150	0.01098	0.03644	0.07287	0.64563	0.02936	0.02546	0.01871	0.00926	0.00747	0.00231	0.00628	0.00754	0.00906	0.01256
30	0.70133	0.01415	0.01166	0.01017	0.01490	0.01597	0.00838	0.02353	0.01366	0.11238	0.01259	0.01363	0.00927	0.00716	0.00494	0.00230	0.00581	0.00443	0.00514	0.00859
31	0.00913	0.00652	0.00869	0.01028	0.01079	0.00608	0.00690	0.01054	0.01460	0.01956	0.07737	0.69606	0.05028	0.02280	0.00943	0.00298	0.00426	0.02067	0.00696	0.00608
32	0.03331	0.01263	0.01723	0.01321	0.01895	0.01091	0.01091	0.03618	0.02125	0.69794	0.02929	0.02527	0.01838	0.00919	0.00747	0.00230	0.00632	0.00747	0.00919	0.01263
33	0.00904	0.00646	0.00861	0.01034	0.01077	0.00603	0.00689	0.01034	0.01421	0.01895	0.04092	0.73426	0.04910	0.02326	0.00948	0.00301	0.00431	0.02110	0.00689	0.00603
34	0.00916	0.00654	0.00874	0.01046	0.01094	0.00613	0.00708	0.01053	0.01432	0.01907	0.04086	0.70953	0.04886	0.02315	0.00950	0.00303	0.00440	0.04474	0.00689	0.00606
35	0.01722	0.01919	0.04040	0.08400	0.06600	0.01877	0.55305	0.02304	0.01695	0.02310	0.01454	0.01973	0.01109	0.00674	0.00948	0.00253	0.05228	0.00838	0.00369	0.00984
36	0.02153	0.02381	0.02133	0.17732	0.10859	0.32902	0.01637	0.06283	0.04708	0.02172	0.01626	0.02373	0.01415	0.00901	0.00739	0.00228	0.01075	0.07335	0.00438	0.00908
37	0.01922	0.02158	0.05384	0.02153	0.07372	0.16755	0.09250	0.04240	0.01611	0.02119	0.01197	0.01614	0.01030	0.00909	0.01339	0.00241	0.27510	0.00606	0.00376	0.12213
38	0.17873	0.05600	0.07313	0.05571	0.02257	0.05447	0.01373	0.34856	0.02497	0.03666	0.01538	0.01667	0.01136	0.00807	0.00653	0.00219	0.00797	0.00583	0.05083	0.01064
39	0.09619	0.01846	0.03237	0.05648	0.08356	0.01891	0.34764	0.13693	0.01963	0.02828	0.01561	0.02109	0.01236	0.00778	0.00877	0.00248	0.04559	0.03319	0.00456	0.01012
40	0.01805	0.01210	0.01382	0.01203	0.01473	0.01265	0.00897	0.22683	0.02041	0.08084	0.02670	0.09983	0.05655	0.27823	0.05379	0.00465	0.00763	0.03772	0.00623	0.00822
41	0.01885	0.01537	0.01750	0.01389	0.01888	0.01557	0.01115	0.18961	0.13769	0.03079	0.05046	0.04751	0.01765	0.00894	0.00822	0.00195	0.06529	0.00693	0.00592	0.31783
42	0.01709	0.02503	0.25941	0.03330	0.37563	0.04737	0.02304	0.02258	0.01628	0.02321	0.01455	0.04683	0.01231	0.00781	0.00812	0.00233	0.04382	0.00674	0.00361	0.01094
43	0.02291	0.01705	0.01853	0.01496	0.01966	0.01845	0.01196	0.46152	0.06017	0.03861	0.02448	0.12053	0.05206	0.04307	0.00903	0.00254	0.00717	0.00928	0.00709	0.04094
44	0.01385	0.07531	0.01692	0.01335	0.01560	0.01344	0.03855	0.07208	0.01448	0.02037	0.01834	0.02679	0.01696	0.09614	0.41778	0.00827	0.06999	0.00760	0.03668	0.00751
45	0.01614	0.06573	0.60651	0.02091	0.03126	0.01751	0.05746	0.02410	0.01602	0.05687	0.01408	0.01621	0.00995	0.00709	0.00706	0.00232	0.01069	0.00568	0.00347	0.01095
46	0.21170	0.16097	0.29612	0.01577	0.02297	0.05346	0.01737	0.02307	0.01506	0.04472	0.01268	0.01473	0.00975	0.00727	0.00662	0.00218	0.03712	0.00496	0.03387	0.00963
47	0.01801	0.01242	0.01379	0.01202	0.01501	0.01317	0.00930	0.26765	0.02294	0.03231	0.09087	0.12319	0.02764	0.09948	0.01113	0.00289	0.00602	0.04113	0.17232	0.00873
48	0.01124	0.00860	0.01176	0.03539	0.05220	0.00831	0.01004	0.01436	0.01783	0.02371	0.22319	0.12243	0.15064	0.01779	0.00929	0.00284	0.00542	0.26099	0.00693	0.00705
49	0.01459	0.06519	0.47644	0.01772	0.02606	0.01517	0.02135	0.02136	0.01668	0.04407	0.10872	0.02811	0.05875	0.00960	0.00746	0.00238	0.00904	0.04297	0.00441	0.00992
50	0.02772	0.01164	0.01551	0.01235	0.01720	0.01029	0.01003	0.03129	0.04382	0.52796	0.14823	0.03264	0.05579	0.01068	0.00775	0.00232	0.00570	0.00890	0.00886	0.01134
