[name]
unknown

[dist]
# distance from previous block
# <min> <max>
0	49

[block]
# block no. 0 follows, 28 sequences, length 17
# corresponding to MSA columns:
# 49-65
name=unknown_A
#
# <colnr> <probs for GDERKNQSTAVLIFYWHMCP>
#	G	D	E	R	K	N	Q	S	T	A	V	L	I	F	Y	W	H	M	C	P
0	0.01876	0.02204	0.20062	0.01628	0.02213	0.05185	0.03619	0.22694	0.07083	0.03026	0.08808	0.02640	0.02023	0.07627	0.01008	0.00269	0.00827	0.03194	0.00557	0.03456
1	0.14057	0.04839	0.08832	0.01461	0.01956	0.14681	0.01276	0.09962	0.12132	0.07900	0.04917	0.02465	0.03907	0.00928	0.00680	0.00222	0.00787	0.04708	0.00561	0.03728
2	0.01532	0.14596	0.60499	0.01946	0.02951	0.01869	0.02466	0.02283	0.01526	0.02212	0.01260	0.01479	0.00923	0.00680	0.00656	0.00219	0.01029	0.00515	0.00308	0.01053
3	0.01607	0.25577	0.50175	0.01818	0.02753	0.02053	0.02243	0.02264	0.01517	0.02121	0.01214	0.01422	0.00924	0.00670	0.00622	0.00207	0.00983	0.00492	0.00308	0.01031
4	0.00921	0.00648	0.00833	0.00966	0.01000	0.00614	0.00626	0.01022	0.01322	0.01762	0.03647	0.59500	0.04355	0.17374	0.01508	0.00381	0.00481	0.01855	0.00626	0.00559
5	0.01458	0.03760	0.70688	0.02072	0.03146	0.01688	0.02686	0.02302	0.01535	0.02302	0.01304	0.01535	0.00921	0.00691	0.00691	0.00230	0.01074	0.00537	0.00307	0.01074
6	0.01575	0.01332	0.01544	0.01109	0.01751	0.01038	0.00889	0.05363	0.01610	0.02488	0.01316	0.01520	0.01085	0.00556	0.00548	0.00114	0.00552	0.00443	0.00447	0.74719
7	0.00886	0.00633	0.00843	0.01012	0.01054	0.00590	0.00675	0.01012	0.01392	0.01856	0.04006	0.73979	0.04808	0.02277	0.00928	0.00295	0.00422	0.02066	0.00675	0.00590
8	0.01057	0.00705	0.00793	0.00793	0.00793	0.00705	0.00440	0.01057	0.01057	0.01409	0.02290	0.04757	0.02643	0.74454	0.03700	0.00705	0.00705	0.01057	0.00440	0.00440
9	0.01943	0.74891	0.03809	0.01244	0.01866	0.02876	0.01244	0.02177	0.01477	0.01710	0.01011	0.01166	0.00933	0.00622	0.00466	0.00155	0.00777	0.00389	0.00311	0.00933
10	0.01038	0.00779	0.01168	0.01168	0.01298	0.00909	0.00909	0.01298	0.01168	0.01687	0.01947	0.02856	0.01817	0.05452	0.71573	0.01168	0.01947	0.00779	0.00389	0.00649
11	0.01867	0.01580	0.02223	0.40910	0.07187	0.01874	0.01790	0.23444	0.02085	0.02771	0.01421	0.01843	0.01065	0.00809	0.00843	0.00238	0.05979	0.00648	0.00457	0.00965
12	0.01387	0.01292	0.02111	0.65294	0.04667	0.01548	0.01899	0.01854	0.01459	0.01910	0.01292	0.01893	0.00980	0.00707	0.00707	0.00228	0.00924	0.00624	0.00334	0.08889
13	0.01014	0.00732	0.00958	0.00925	0.01083	0.00676	0.00685	0.01335	0.01989	0.02805	0.62754	0.12524	0.06646	0.01568	0.00865	0.00236	0.00351	0.01392	0.00787	0.00676
14	0.01716	0.01961	0.04289	0.03064	0.03799	0.01838	0.67279	0.02328	0.01716	0.02328	0.01471	0.01961	0.01103	0.00613	0.00858	0.00245	0.01225	0.00858	0.00368	0.00980
15	0.01507	0.01292	0.01507	0.01077	0.01723	0.00969	0.00861	0.01830	0.01507	0.02369	0.01292	0.01507	0.01077	0.00538	0.00538	0.00108	0.00538	0.00431	0.00431	0.78898
16	0.01580	0.01138	0.01452	0.05122	0.08622	0.03565	0.01031	0.06354	0.01650	0.10234	0.07290	0.23321	0.02929	0.14672	0.01395	0.00330	0.03742	0.01171	0.00585	0.03816

[dist]
# distance from previous block
# <min> <max>
0	5

[block]
# block no. 1 follows, 28 sequences, length 6
# corresponding to MSA columns:
# 71-76
name=unknown_B
#
# <colnr> <probs for GDERKNQSTAVLIFYWHMCP>
#	G	D	E	R	K	N	Q	S	T	A	V	L	I	F	Y	W	H	M	C	P
0	0.01169	0.00802	0.00955	0.00891	0.01046	0.00733	0.00596	0.01310	0.01415	0.04665	0.15763	0.11407	0.06963	0.36960	0.02203	0.00453	0.00564	0.01141	0.00564	0.10402
1	0.00963	0.00738	0.00865	0.00835	0.01025	0.00658	0.00616	0.01219	0.01830	0.02433	0.40137	0.06011	0.31681	0.06544	0.01050	0.00267	0.00377	0.01385	0.00726	0.00640
2	0.01730	0.11352	0.01480	0.01004	0.01330	0.01283	0.00820	0.12069	0.01795	0.06416	0.02033	0.02383	0.01631	0.04255	0.06259	0.00277	0.00636	0.00651	0.38876	0.03719
3	0.00903	0.00674	0.00840	0.00935	0.01043	0.00611	0.00649	0.01078	0.01560	0.02052	0.15439	0.47831	0.19632	0.02051	0.00901	0.00273	0.00397	0.01825	0.00695	0.00611
4	0.01724	0.51884	0.17206	0.01388	0.02037	0.02374	0.01475	0.02071	0.01479	0.01848	0.01410	0.09480	0.01369	0.00823	0.00565	0.00187	0.00798	0.00609	0.00351	0.00923
5	0.01875	0.64923	0.13182	0.01360	0.02045	0.02710	0.01446	0.02194	0.01485	0.01793	0.01052	0.01218	0.00931	0.00632	0.00498	0.00166	0.00819	0.00409	0.00310	0.00953

[dist]
# distance from previous block
# <min> <max>
7	11

[block]
# block no. 2 follows, 28 sequences, length 10
# corresponding to MSA columns:
# 88-97
name=unknown_C
#
# <colnr> <probs for GDERKNQSTAVLIFYWHMCP>
#	G	D	E	R	K	N	Q	S	T	A	V	L	I	F	Y	W	H	M	C	P
0	0.01694	0.01230	0.01392	0.01132	0.01539	0.01183	0.00889	0.17469	0.04769	0.06121	0.16349	0.03352	0.10223	0.05575	0.00895	0.00226	0.00545	0.00873	0.05359	0.19186
1	0.01864	0.08779	0.02138	0.01966	0.16154	0.08070	0.01307	0.09785	0.07615	0.02547	0.01744	0.01905	0.04374	0.00727	0.00635	0.00174	0.00727	0.00587	0.00471	0.28432
2	0.09315	0.01681	0.02647	0.03846	0.56983	0.01725	0.01991	0.02373	0.07832	0.02522	0.01481	0.01824	0.01215	0.00682	0.00695	0.00220	0.00808	0.00639	0.00404	0.01116
3	0.01499	0.01421	0.02408	0.52529	0.24199	0.01648	0.02081	0.01968	0.01513	0.02010	0.01314	0.01897	0.01023	0.00703	0.00725	0.00234	0.00938	0.00646	0.00334	0.00909
4	0.01952	0.01552	0.02545	0.22109	0.28456	0.01626	0.07680	0.05095	0.05794	0.13402	0.01711	0.02014	0.01271	0.00737	0.00737	0.00229	0.00865	0.00690	0.00476	0.01060
5	0.01616	0.01507	0.02528	0.16901	0.47492	0.01564	0.02000	0.02044	0.01647	0.02300	0.06383	0.02574	0.01754	0.00826	0.00753	0.00231	0.00832	0.05627	0.00408	0.01016
6	0.01521	0.01377	0.01574	0.01786	0.14420	0.06248	0.01130	0.04556	0.19461	0.02462	0.10369	0.06635	0.17657	0.06393	0.00985	0.00268	0.00623	0.01035	0.00609	0.00891
7	0.02195	0.12398	0.02047	0.01406	0.01879	0.01874	0.01151	0.25838	0.17995	0.09887	0.02196	0.06534	0.01790	0.06168	0.00910	0.00252	0.00688	0.00770	0.00654	0.03368
8	0.05340	0.09021	0.06463	0.01928	0.06893	0.14580	0.10304	0.11980	0.08336	0.02486	0.01659	0.04631	0.01436	0.07668	0.01044	0.00266	0.03847	0.00709	0.00468	0.00942
9	0.05720	0.12029	0.02304	0.01589	0.02119	0.10646	0.09176	0.08885	0.13097	0.11905	0.01882	0.04575	0.01476	0.00815	0.00671	0.00204	0.00793	0.00670	0.00554	0.10892

[dist]
# distance from previous block
# <min> <max>
15	27

[block]
# block no. 3 follows, 28 sequences, length 12
# corresponding to MSA columns:
# 132-143
name=unknown_D
#
# <colnr> <probs for GDERKNQSTAVLIFYWHMCP>
#	G	D	E	R	K	N	Q	S	T	A	V	L	I	F	Y	W	H	M	C	P
0	0.01672	0.29458	0.38922	0.02031	0.09969	0.02125	0.02111	0.02249	0.01527	0.02094	0.01204	0.01429	0.00950	0.00661	0.00612	0.00201	0.00943	0.00495	0.00314	0.01031
1	0.01553	0.24623	0.44860	0.01735	0.02587	0.01947	0.02086	0.02155	0.01505	0.02088	0.01448	0.07607	0.01256	0.00806	0.00644	0.00214	0.00930	0.00624	0.00340	0.00991
2	0.02028	0.67094	0.03618	0.01312	0.01907	0.10372	0.01261	0.02256	0.01541	0.01718	0.01023	0.01182	0.00933	0.00636	0.00487	0.00159	0.00836	0.00397	0.00318	0.00923
3	0.01263	0.00631	0.00947	0.00947	0.00947	0.00631	0.00631	0.00947	0.00947	0.01263	0.01263	0.02210	0.01263	0.02525	0.02841	0.78851	0.00631	0.00631	0.00316	0.00316
4	0.00886	0.00633	0.00843	0.01012	0.01054	0.00590	0.00675	0.01012	0.01392	0.01856	0.04006	0.73979	0.04808	0.02277	0.00928	0.00295	0.00422	0.02066	0.00675	0.00590
5	0.01592	0.01315	0.04836	0.01120	0.01701	0.00959	0.00936	0.01910	0.01569	0.09394	0.02100	0.07967	0.06186	0.00817	0.00620	0.00151	0.00552	0.00678	0.00510	0.55086
6	0.01667	0.01386	0.01593	0.01152	0.01790	0.01132	0.00927	0.10165	0.01750	0.02649	0.01350	0.01538	0.01097	0.00581	0.00562	0.00122	0.00572	0.00459	0.00468	0.69040
7	0.01804	0.01392	0.01614	0.01175	0.01806	0.01156	0.00948	0.11134	0.01814	0.07378	0.01464	0.01607	0.01149	0.00610	0.00578	0.00131	0.00580	0.00483	0.00505	0.62671
8	0.01470	0.01249	0.01465	0.01064	0.01673	0.00947	0.00848	0.01794	0.01551	0.02412	0.06666	0.01816	0.01532	0.00613	0.00563	0.00117	0.00523	0.00500	0.00460	0.72738
9	0.02005	0.01844	0.05351	0.03482	0.47207	0.07274	0.01937	0.04662	0.01806	0.09841	0.03938	0.02163	0.01497	0.00768	0.00729	0.00220	0.00855	0.02862	0.00456	0.01103
10	0.01371	0.01142	0.01138	0.01044	0.01286	0.08526	0.00787	0.06170	0.02008	0.04901	0.36876	0.06946	0.19142	0.04312	0.00936	0.00248	0.00512	0.01216	0.00707	0.00732
11	0.01986	0.04308	0.01734	0.01484	0.05016	0.01548	0.01125	0.28587	0.07022	0.08020	0.09916	0.13749	0.08184	0.01249	0.00780	0.00236	0.00629	0.02736	0.00700	0.00992

[dist]
# distance from previous block
# <min> <max>
0	5

[block]
# block no. 4 follows, 28 sequences, length 37
# corresponding to MSA columns:
# 151-187
name=unknown_E
#
# <colnr> <probs for GDERKNQSTAVLIFYWHMCP>
#	G	D	E	R	K	N	Q	S	T	A	V	L	I	F	Y	W	H	M	C	P
0	0.02180	0.02209	0.04583	0.07858	0.29581	0.18343	0.01787	0.17196	0.02130	0.02707	0.01420	0.01702	0.01122	0.00736	0.00699	0.00210	0.00953	0.00604	0.02925	0.01056
1	0.01733	0.04352	0.11268	0.09115	0.24887	0.07259	0.05817	0.07075	0.03914	0.02377	0.02052	0.04639	0.07629	0.00855	0.00726	0.00220	0.00868	0.00751	0.00432	0.04030
2	0.01289	0.05341	0.01336	0.05429	0.01562	0.01050	0.00886	0.09805	0.01732	0.02305	0.05748	0.36944	0.12005	0.01629	0.00808	0.00244	0.00528	0.01424	0.00616	0.09318
3	0.30250	0.06544	0.11333	0.01221	0.01687	0.01489	0.01139	0.03978	0.01552	0.02762	0.15155	0.05538	0.02283	0.00946	0.00727	0.00222	0.05161	0.00705	0.00501	0.06806
4	0.01458	0.03760	0.70688	0.02072	0.03146	0.01688	0.02686	0.02302	0.01535	0.02302	0.01304	0.01535	0.00921	0.00691	0.00691	0.00230	0.01074	0.00537	0.00307	0.01074
5	0.02043	0.65667	0.03583	0.01325	0.01915	0.11743	0.01265	0.02270	0.01552	0.01719	0.01025	0.01185	0.00933	0.00638	0.00491	0.00160	0.00846	0.00399	0.00319	0.00921
6	0.02667	0.01979	0.02130	0.01627	0.02214	0.02156	0.01342	0.62466	0.03271	0.04412	0.01710	0.01727	0.01224	0.00847	0.00713	0.00210	0.00780	0.00637	0.00704	0.07185
7	0.01855	0.01425	0.01548	0.01387	0.01790	0.01584	0.01088	0.03485	0.52864	0.10181	0.03382	0.03279	0.08370	0.01092	0.00759	0.00247	0.00565	0.03257	0.00748	0.01093
8	0.00868	0.00702	0.00771	0.00827	0.01006	0.00606	0.00592	0.01033	0.01570	0.01928	0.06267	0.28887	0.48441	0.01984	0.00882	0.00262	0.00386	0.01708	0.00675	0.00606
9	0.01785	0.01707	0.02880	0.06641	0.65429	0.01726	0.02187	0.02274	0.03932	0.02380	0.01419	0.01835	0.01182	0.00662	0.00721	0.00218	0.00857	0.00654	0.00372	0.01140
10	0.02039	0.02787	0.38166	0.02159	0.09170	0.05682	0.06584	0.02646	0.01728	0.19512	0.01707	0.01813	0.01178	0.00738	0.00713	0.00226	0.00963	0.00615	0.00470	0.01103
11	0.00881	0.00651	0.00824	0.00963	0.01041	0.00595	0.00653	0.01018	0.01439	0.01875	0.04607	0.61990	0.16409	0.02199	0.00916	0.00286	0.00412	0.01971	0.00675	0.00595
12	0.01373	0.01292	0.02180	0.72707	0.05006	0.01615	0.02019	0.01857	0.01453	0.01857	0.01292	0.01938	0.00969	0.00727	0.00727	0.00242	0.00969	0.00646	0.00323	0.00807
13	0.01207	0.00884	0.01108	0.03676	0.01390	0.00897	0.00837	0.11821	0.01722	0.02298	0.03543	0.59700	0.04092	0.01994	0.00888	0.00281	0.00503	0.01787	0.00671	0.00703
14	0.01696	0.01622	0.02788	0.08880	0.57566	0.01637	0.04628	0.02115	0.01623	0.02297	0.01568	0.07344	0.01417	0.00777	0.00741	0.00225	0.00851	0.00764	0.00382	0.01078
15	0.01772	0.01700	0.02902	0.08747	0.65843	0.01720	0.02218	0.02207	0.01642	0.02342	0.01363	0.01808	0.01140	0.00653	0.00720	0.00218	0.00870	0.00648	0.00358	0.01130
16	0.01573	0.01645	0.03309	0.02779	0.11570	0.01591	0.41587	0.02063	0.01649	0.02248	0.01987	0.09436	0.01854	0.00981	0.00925	0.00261	0.03781	0.09411	0.00433	0.00918
17	0.01458	0.03760	0.70688	0.02072	0.03146	0.01688	0.02686	0.02302	0.01535	0.02302	0.01304	0.01535	0.00921	0.00691	0.00691	0.00230	0.01074	0.00537	0.00307	0.01074
18	0.00886	0.00633	0.00843	0.01012	0.01054	0.00590	0.00675	0.01012	0.01392	0.01856	0.04006	0.73979	0.04808	0.02277	0.00928	0.00295	0.00422	0.02066	0.00675	0.00590
19	0.01922	0.01385	0.10155	0.01453	0.01896	0.01047	0.06262	0.02292	0.01799	0.26125	0.09840	0.14576	0.03080	0.01336	0.00832	0.00259	0.00673	0.13440	0.00696	0.00932
20	0.02514	0.01882	0.02024	0.01598	0.02126	0.02086	0.01303	0.54501	0.12044	0.04230	0.04490	0.04199	0.01685	0.00953	0.00740	0.00225	0.00741	0.00744	0.00730	0.01185
21	0.01037	0.00702	0.00830	0.00850	0.00912	0.00687	0.00544	0.01149	0.01311	0.01813	0.11176	0.15599	0.07400	0.40520	0.06023	0.00537	0.00632	0.01233	0.06512	0.00534
22	0.02840	0.01269	0.01634	0.01306	0.01814	0.01188	0.01060	0.03468	0.14971	0.53125	0.07072	0.02706	0.02198	0.00953	0.00741	0.00229	0.00593	0.00785	0.00862	0.01186
23	0.01675	0.02288	0.18391	0.03009	0.18665	0.03682	0.30453	0.02245	0.01626	0.02271	0.01439	0.03752	0.01161	0.00726	0.00877	0.00239	0.05380	0.00747	0.00358	0.01015
24	0.02608	0.01959	0.02094	0.01641	0.02195	0.02182	0.01344	0.57179	0.13986	0.04331	0.01942	0.01902	0.01396	0.00891	0.00729	0.00223	0.00763	0.00682	0.00729	0.01222
25	0.07769	0.01218	0.01554	0.01242	0.01734	0.01128	0.01011	0.03213	0.08446	0.51182	0.11054	0.02781	0.02404	0.00966	0.00729	0.00227	0.00576	0.00791	0.00843	0.01131
26	0.04223	0.04133	0.13244	0.08430	0.36695	0.01565	0.01931	0.02169	0.01681	0.06400	0.10653	0.02259	0.01894	0.00789	0.00718	0.00221	0.00808	0.00709	0.00441	0.01036
27	0.01992	0.46681	0.03281	0.01676	0.06051	0.14323	0.05363	0.02246	0.01585	0.01811	0.01302	0.01511	0.03407	0.00729	0.00672	0.00183	0.05429	0.00503	0.00342	0.00913
28	0.01082	0.01112	0.09815	0.01134	0.01389	0.00809	0.01000	0.01383	0.01685	0.02310	0.27359	0.17974	0.10527	0.01727	0.01025	0.06282	0.00527	0.11536	0.00645	0.00680
29	0.00956	0.00684	0.00906	0.01050	0.01126	0.00650	0.00754	0.01126	0.01461	0.01936	0.06528	0.52221	0.06665	0.06488	0.01103	0.00323	0.00482	0.14272	0.00665	0.00601
30	0.01564	0.01626	0.03187	0.30399	0.12136	0.01695	0.31680	0.02088	0.01595	0.02134	0.01474	0.04363	0.01181	0.00718	0.00792	0.00242	0.01054	0.00790	0.00360	0.00920
31	0.02304	0.15966	0.19994	0.01567	0.02247	0.05409	0.01571	0.07869	0.09989	0.23091	0.01948	0.01897	0.01372	0.00794	0.00668	0.00213	0.00811	0.00608	0.00576	0.01107
32	0.01460	0.00838	0.01110	0.00988	0.01234	0.00760	0.00760	0.01791	0.02062	0.15942	0.56671	0.04859	0.05882	0.01373	0.00833	0.00228	0.00396	0.01202	0.00819	0.00792
33	0.01493	0.07387	0.64713	0.02066	0.03104	0.01756	0.05044	0.02297	0.01539	0.02272	0.01295	0.01532	0.00928	0.00684	0.00685	0.00227	0.01065	0.00542	0.00309	0.01063
34	0.01572	0.09106	0.61507	0.01985	0.02995	0.01813	0.02498	0.06154	0.01642	0.02392	0.01308	0.01519	0.00940	0.00696	0.00676	0.00224	0.01035	0.00533	0.00332	0.01073
35	0.02759	0.01900	0.02086	0.01595	0.02178	0.02043	0.01316	0.56281	0.03155	0.12501	0.01859	0.01822	0.01297	0.00859	0.00718	0.00213	0.00764	0.00652	0.00733	0.05270
36	0.01998	0.01371	0.09806	0.01234	0.01686	0.01041	0.01107	0.06309	0.02070	0.27615	0.30287	0.03707	0.06339	0.01150	0.00783	0.00227	0.00562	0.00974	0.00767	0.00966

[dist]
# distance from previous block
# <min> <max>
0	1

[block]
# block no. 5 follows, 28 sequences, length 7
# corresponding to MSA columns:
# 189-195
name=unknown_F
#
# <colnr> <probs for GDERKNQSTAVLIFYWHMCP>
#	G	D	E	R	K	N	Q	S	T	A	V	L	I	F	Y	W	H	M	C	P
0	0.01437	0.01333	0.02275	0.34578	0.19328	0.01464	0.07417	0.01866	0.01570	0.02113	0.08041	0.02826	0.01899	0.05545	0.00956	0.00270	0.00870	0.04942	0.00411	0.00860
1	0.01714	0.22044	0.36671	0.02076	0.10629	0.02042	0.02077	0.05423	0.06574	0.02316	0.01377	0.01566	0.01062	0.00698	0.00640	0.00209	0.00921	0.00538	0.00366	0.01059
2	0.01368	0.01010	0.01130	0.01092	0.01289	0.05389	0.00798	0.05000	0.01774	0.07262	0.22312	0.29840	0.04385	0.07012	0.01053	0.00282	0.00525	0.03334	0.00681	0.04463
3	0.12503	0.08917	0.09992	0.01604	0.04503	0.09470	0.03902	0.16769	0.06908	0.02842	0.03726	0.04734	0.01563	0.05635	0.00855	0.00247	0.00805	0.00681	0.03393	0.00951
4	0.08776	0.06121	0.07681	0.01541	0.02075	0.14754	0.01330	0.23655	0.05882	0.13035	0.06625	0.01994	0.01642	0.00859	0.00685	0.00214	0.00826	0.00642	0.00612	0.01052
5	0.02575	0.01933	0.02078	0.01608	0.02178	0.02112	0.01319	0.56356	0.09465	0.04263	0.01825	0.01819	0.01317	0.00857	0.00714	0.00212	0.00758	0.00653	0.00705	0.07251
6	0.01520	0.01130	0.01387	0.06868	0.01759	0.01194	0.01029	0.20742	0.02114	0.02840	0.12846	0.31700	0.03709	0.01603	0.00848	0.00262	0.00584	0.06364	0.00681	0.00818

[dist]
# distance from previous block
# <min> <max>
8	15

[block]
# block no. 6 follows, 28 sequences, length 15
# corresponding to MSA columns:
# 213-227
name=unknown_G
#
# <colnr> <probs for GDERKNQSTAVLIFYWHMCP>
#	G	D	E	R	K	N	Q	S	T	A	V	L	I	F	Y	W	H	M	C	P
0	0.01781	0.01899	0.08369	0.02947	0.35839	0.07466	0.01768	0.06712	0.01795	0.02484	0.05908	0.05081	0.01639	0.00785	0.00703	0.00203	0.00814	0.00696	0.00435	0.12672
1	0.05764	0.01410	0.05679	0.01437	0.06573	0.01088	0.03939	0.01824	0.01539	0.02403	0.05969	0.08123	0.01760	0.00779	0.00624	0.00159	0.00601	0.00669	0.00462	0.49197
2	0.02074	0.01517	0.01983	0.04096	0.02149	0.01532	0.06748	0.14290	0.09903	0.14587	0.02040	0.02117	0.03765	0.00849	0.00864	0.00207	0.08113	0.00674	0.00591	0.21898
3	0.01998	0.01657	0.01627	0.01519	0.06135	0.11918	0.01109	0.17744	0.10839	0.05884	0.07828	0.02683	0.06654	0.01071	0.02470	0.00232	0.00720	0.00765	0.13437	0.03709
4	0.01613	0.23687	0.48243	0.01966	0.06341	0.02025	0.02255	0.02263	0.01525	0.02139	0.01225	0.01445	0.00936	0.00669	0.00629	0.00208	0.00979	0.00501	0.00311	0.01039
5	0.01373	0.01292	0.02180	0.72707	0.05006	0.01615	0.02019	0.01857	0.01453	0.01857	0.01292	0.01938	0.00969	0.00727	0.00727	0.00242	0.00969	0.00646	0.00323	0.00807
6	0.02699	0.01433	0.01636	0.01293	0.01813	0.07789	0.01042	0.03059	0.04861	0.45118	0.07803	0.02462	0.02029	0.00881	0.00705	0.00205	0.00648	0.00711	0.00763	0.13052
7	0.01799	0.01727	0.02950	0.04462	0.69919	0.01727	0.02231	0.02231	0.01655	0.02375	0.01367	0.01799	0.01151	0.00648	0.00720	0.00216	0.00864	0.00648	0.00360	0.01151
8	0.00889	0.00737	0.00782	0.00798	0.01023	0.00630	0.00604	0.01089	0.01667	0.02027	0.10668	0.10676	0.58403	0.01854	0.00871	0.00253	0.00388	0.05339	0.00682	0.00620
9	0.01019	0.00735	0.00963	0.00921	0.01084	0.00679	0.00685	0.01346	0.02011	0.02840	0.64930	0.10248	0.06715	0.01542	0.00862	0.00233	0.00348	0.01367	0.00791	0.00679
10	0.00870	0.00723	0.00760	0.00781	0.00996	0.00613	0.00574	0.01052	0.01637	0.01988	0.09431	0.15943	0.58362	0.01885	0.00868	0.00251	0.00374	0.01597	0.00680	0.00613
11	0.05051	0.01850	0.01959	0.01555	0.02077	0.02060	0.01269	0.50038	0.14890	0.04151	0.01975	0.01957	0.01434	0.00885	0.00707	0.00221	0.00724	0.00677	0.05347	0.01173
12	0.00913	0.00736	0.00800	0.00785	0.00999	0.00637	0.00581	0.01129	0.01729	0.02180	0.23130	0.06475	0.49942	0.05542	0.01007	0.00265	0.00379	0.01453	0.00695	0.00623
13	0.01645	0.01839	0.03949	0.07476	0.03716	0.01750	0.59118	0.02220	0.01680	0.02270	0.01608	0.06192	0.01312	0.00718	0.00853	0.00248	0.01162	0.00915	0.00383	0.00946
14	0.08754	0.63799	0.03456	0.01260	0.01851	0.07281	0.01215	0.02221	0.01494	0.01850	0.01018	0.01177	0.00920	0.00635	0.00477	0.00164	0.00794	0.00394	0.00327	0.00914

[dist]
# distance from previous block
# <min> <max>
0	2

[block]
# block no. 7 follows, 28 sequences, length 64
# corresponding to MSA columns:
# 230-293
name=unknown_H
#
# <colnr> <probs for GDERKNQSTAVLIFYWHMCP>
#	G	D	E	R	K	N	Q	S	T	A	V	L	I	F	Y	W	H	M	C	P
0	0.01799	0.01727	0.02950	0.04462	0.69919	0.01727	0.02231	0.02231	0.01655	0.02375	0.01367	0.01799	0.01151	0.00648	0.00720	0.00216	0.00864	0.00648	0.00360	0.01151
1	0.04402	0.58489	0.09034	0.01479	0.05629	0.02572	0.01391	0.02269	0.01519	0.05877	0.01163	0.01308	0.00990	0.00647	0.00513	0.00171	0.00790	0.00435	0.00352	0.00970
2	0.41353	0.06297	0.29213	0.01419	0.02120	0.01690	0.01572	0.02180	0.01397	0.02780	0.03416	0.01464	0.01051	0.00705	0.00561	0.00223	0.00773	0.00482	0.00397	0.00907
3	0.01704	0.01278	0.01796	0.01581	0.03992	0.01284	0.10013	0.07718	0.16204	0.10136	0.05643	0.18772	0.05279	0.01277	0.00803	0.00247	0.00642	0.04565	0.02925	0.04142
4	0.01799	0.01727	0.02950	0.04462	0.69919	0.01727	0.02231	0.02231	0.01655	0.02375	0.01367	0.01799	0.01151	0.00648	0.00720	0.00216	0.00864	0.00648	0.00360	0.01151
5	0.01681	0.01862	0.03881	0.02823	0.03477	0.01798	0.57365	0.02349	0.06095	0.02332	0.01658	0.05128	0.01332	0.00736	0.00915	0.00250	0.04047	0.00899	0.00404	0.00967
6	0.01028	0.00716	0.00841	0.00846	0.00891	0.00720	0.00525	0.01088	0.01145	0.01520	0.02820	0.07064	0.09456	0.55021	0.12719	0.00708	0.00833	0.01101	0.00465	0.00492
7	0.01373	0.01292	0.02180	0.72707	0.05006	0.01615	0.02019	0.01857	0.01453	0.01857	0.01292	0.01938	0.00969	0.00727	0.00727	0.00242	0.00969	0.00646	0.00323	0.00807
8	0.00985	0.00745	0.00915	0.00909	0.01096	0.00675	0.00695	0.01268	0.01864	0.02499	0.40777	0.09520	0.25518	0.01686	0.00876	0.00248	0.00388	0.07937	0.00743	0.00658
9	0.01048	0.00741	0.00979	0.00979	0.01043	0.00806	0.00672	0.01176	0.01112	0.01547	0.02120	0.03816	0.02234	0.40290	0.37305	0.00934	0.01320	0.00919	0.00415	0.00544
10	0.01852	0.01025	0.01461	0.01552	0.07958	0.00964	0.01159	0.02171	0.01833	0.23514	0.11273	0.08190	0.03507	0.01483	0.00871	0.00275	0.00622	0.28670	0.00728	0.00890
11	0.01943	0.74891	0.03809	0.01244	0.01866	0.02876	0.01244	0.02177	0.01477	0.01710	0.01011	0.01166	0.00933	0.00622	0.00466	0.00155	0.00777	0.00389	0.00311	0.00933
12	0.01834	0.58818	0.18922	0.01431	0.02155	0.02608	0.01570	0.02205	0.01490	0.01844	0.01077	0.01249	0.00930	0.00637	0.00517	0.00172	0.00844	0.00422	0.00310	0.00965
13	0.01865	0.01832	0.02775	0.10969	0.55583	0.07240	0.02113	0.04675	0.01733	0.02358	0.01355	0.01772	0.01119	0.00672	0.00716	0.00216	0.00907	0.00634	0.00371	0.01096
14	0.01049	0.00701	0.00795	0.00804	0.00806	0.00699	0.00452	0.01055	0.01074	0.01431	0.02375	0.08173	0.02750	0.70892	0.03563	0.00685	0.00691	0.01107	0.00452	0.00448
15	0.04389	0.07182	0.64797	0.01989	0.03018	0.01745	0.02544	0.02290	0.01521	0.02309	0.01279	0.01503	0.00916	0.00687	0.00671	0.00226	0.01041	0.00524	0.00312	0.01057
16	0.01449	0.01389	0.02406	0.59586	0.13527	0.01643	0.05878	0.01934	0.01496	0.01953	0.01312	0.01921	0.01001	0.00710	0.00733	0.00239	0.00970	0.00659	0.00330	0.00863
17	0.00913	0.00670	0.00846	0.00944	0.01037	0.00615	0.00648	0.01079	0.01529	0.02030	0.15402	0.49342	0.14888	0.05219	0.01026	0.00294	0.00413	0.01816	0.00686	0.00603
18	0.01028	0.00712	0.00797	0.00793	0.00839	0.00691	0.00473	0.01077	0.01210	0.01591	0.07655	0.05116	0.12276	0.59275	0.03107	0.00608	0.00633	0.01141	0.00498	0.00482
19	0.01864	0.01748	0.02899	0.04274	0.65377	0.01763	0.02174	0.06612	0.01773	0.02523	0.01393	0.01795	0.01157	0.00663	0.00720	0.00216	0.00859	0.00648	0.00384	0.01157
20	0.01349	0.01030	0.01320	0.01445	0.05486	0.01060	0.01081	0.08622	0.08646	0.02463	0.05792	0.23201	0.06921	0.01747	0.00900	0.00288	0.00596	0.26598	0.00671	0.00785
21	0.01039	0.00775	0.01148	0.01148	0.01271	0.00898	0.00883	0.01285	0.01162	0.01672	0.01966	0.02958	0.01862	0.09180	0.67906	0.01143	0.01880	0.00794	0.00392	0.00638
22	0.03064	0.01281	0.01681	0.01319	0.01860	0.01169	0.01080	0.03586	0.11129	0.61258	0.02880	0.02506	0.01856	0.00911	0.00732	0.00228	0.00613	0.00743	0.00878	0.01225
23	0.01933	0.64053	0.07381	0.01419	0.02063	0.05363	0.05204	0.02220	0.01516	0.01781	0.01058	0.01238	0.00942	0.00630	0.00509	0.00166	0.00840	0.00427	0.00316	0.00940
24	0.01749	0.01676	0.02861	0.12406	0.62363	0.01714	0.02206	0.02187	0.01632	0.02315	0.01359	0.01815	0.01130	0.00657	0.00720	0.00219	0.00876	0.00647	0.00356	0.01111
25	0.01602	0.01033	0.03512	0.03465	0.01516	0.00921	0.00916	0.04226	0.04874	0.17181	0.35563	0.12553	0.06919	0.01373	0.00819	0.00237	0.00483	0.01195	0.00765	0.00846
26	0.01931	0.01977	0.02822	0.04089	0.60177	0.11777	0.02112	0.02328	0.01713	0.02289	0.01332	0.01729	0.01120	0.00662	0.00710	0.00212	0.00928	0.00622	0.00362	0.01107
27	0.00962	0.00688	0.00891	0.04815	0.01240	0.00660	0.00717	0.01143	0.01459	0.01990	0.06239	0.53323	0.11323	0.01974	0.00864	0.00272	0.00434	0.01765	0.08623	0.00617
28	0.01974	0.57623	0.09211	0.01552	0.05686	0.09763	0.01435	0.02265	0.01551	0.01803	0.01066	0.01246	0.00944	0.00642	0.00518	0.00168	0.00862	0.00423	0.00320	0.00947
29	0.01163	0.01015	0.01509	0.03413	0.01696	0.00895	0.10171	0.01447	0.01590	0.02173	0.11003	0.25476	0.15940	0.01447	0.00807	0.00229	0.00558	0.01313	0.00582	0.17571
30	0.01737	0.02381	0.17964	0.03082	0.17702	0.05874	0.35801	0.02336	0.01685	0.02300	0.01393	0.01798	0.01065	0.00645	0.00781	0.00232	0.01121	0.00722	0.00353	0.01029
31	0.02460	0.02615	0.02349	0.05102	0.05020	0.34362	0.08192	0.20772	0.05014	0.02691	0.01417	0.01610	0.01099	0.00792	0.00762	0.00212	0.03468	0.00594	0.00482	0.00987
32	0.00885	0.00655	0.00828	0.00960	0.01042	0.00598	0.00653	0.01029	0.01460	0.01908	0.06637	0.59826	0.16514	0.02174	0.00913	0.00284	0.00410	0.01948	0.00679	0.00598
33	0.01271	0.00798	0.01044	0.00951	0.01168	0.00726	0.00724	0.01602	0.02048	0.10372	0.60243	0.05150	0.08215	0.01432	0.00843	0.00229	0.00374	0.01257	0.00807	0.00745
34	0.01040	0.00697	0.00798	0.00815	0.00820	0.00693	0.00464	0.01052	0.01091	0.01455	0.02466	0.11840	0.02864	0.67068	0.03416	0.00663	0.00676	0.01160	0.00464	0.00456
35	0.01904	0.01356	0.01485	0.04740	0.01757	0.01466	0.01018	0.29612	0.07333	0.03391	0.05926	0.05064	0.08896	0.01040	0.00695	0.00214	0.00588	0.00840	0.21726	0.00947
36	0.01057	0.00705	0.00793	0.00793	0.00793	0.00705	0.00440	0.01057	0.01057	0.01409	0.02290	0.04757	0.02643	0.74454	0.03700	0.00705	0.00705	0.01057	0.00440	0.00440
37	0.01943	0.74891	0.03809	0.01244	0.01866	0.02876	0.01244	0.02177	0.01477	0.01710	0.01011	0.01166	0.00933	0.00622	0.00466	0.00155	0.00777	0.00389	0.00311	0.00933
38	0.79588	0.01406	0.01068	0.00956	0.01406	0.01631	0.00787	0.02137	0.01237	0.03261	0.01012	0.01181	0.00787	0.00675	0.00450	0.00225	0.00562	0.00394	0.00450	0.00787
39	0.01943	0.74891	0.03809	0.01244	0.01866	0.02876	0.01244	0.02177	0.01477	0.01710	0.01011	0.01166	0.00933	0.00622	0.00466	0.00155	0.00777	0.00389	0.00311	0.00933
40	0.01799	0.01727	0.02950	0.04462	0.69919	0.01727	0.02231	0.02231	0.01655	0.02375	0.01367	0.01799	0.01151	0.00648	0.00720	0.00216	0.00864	0.00648	0.00360	0.01151
41	0.00867	0.00733	0.00749	0.00752	0.00988	0.00616	0.00562	0.01056	0.01665	0.01999	0.09819	0.09004	0.65035	0.01840	0.00861	0.00246	0.00369	0.01542	0.00680	0.00616
42	0.10959	0.18433	0.02363	0.01535	0.02054	0.20967	0.01277	0.25335	0.02318	0.06295	0.01390	0.01474	0.01067	0.00764	0.00620	0.00197	0.00898	0.00521	0.00518	0.01014
43	0.01663	0.01341	0.01556	0.01141	0.01755	0.01089	0.00913	0.08568	0.01715	0.04555	0.01487	0.04317	0.01256	0.00649	0.00578	0.00130	0.00563	0.00525	0.00484	0.65712
44	0.02552	0.05612	0.04170	0.01573	0.02102	0.11134	0.01305	0.26751	0.17808	0.16287	0.02107	0.02015	0.01506	0.00869	0.00707	0.00219	0.00789	0.00666	0.00683	0.01144
45	0.02633	0.05406	0.11894	0.01489	0.02095	0.05244	0.01363	0.07068	0.13177	0.38308	0.02405	0.02208	0.01620	0.00860	0.00709	0.00224	0.00733	0.00683	0.00719	0.01163
46	0.01881	0.01566	0.01661	0.01480	0.01900	0.01799	0.01155	0.05778	0.64630	0.05117	0.02919	0.02676	0.02177	0.00980	0.00739	0.00245	0.00583	0.00814	0.00744	0.01156
47	0.01507	0.01292	0.01507	0.01077	0.01723	0.00969	0.00861	0.01830	0.01507	0.02369	0.01292	0.01507	0.01077	0.00538	0.00538	0.00108	0.00538	0.00431	0.00431	0.78898
48	0.06243	0.13505	0.05265	0.01611	0.02207	0.01901	0.08399	0.25824	0.02358	0.19519	0.04764	0.01976	0.01519	0.00820	0.00691	0.00214	0.00778	0.00663	0.00636	0.01108
49	0.12469	0.05048	0.06593	0.01668	0.02251	0.06923	0.05545	0.37966	0.06521	0.05629	0.01635	0.01697	0.01190	0.00808	0.00683	0.00219	0.00830	0.00614	0.00606	0.01107
50	0.00886	0.00633	0.00843	0.01012	0.01054	0.00590	0.00675	0.01012	0.01392	0.01856	0.04006	0.73979	0.04808	0.02277	0.00928	0.00295	0.00422	0.02066	0.00675	0.00590
51	0.62544	0.08052	0.10529	0.01129	0.01676	0.01746	0.01078	0.02162	0.01297	0.03001	0.01051	0.01226	0.00817	0.00672	0.00483	0.00220	0.00649	0.00412	0.00419	0.00838
52	0.01171	0.00837	0.01171	0.01339	0.01506	0.00837	0.01171	0.01506	0.01673	0.02175	0.03849	0.08199	0.04183	0.02008	0.01004	0.00335	0.00669	0.65027	0.00669	0.00669
53	0.01479	0.06854	0.67778	0.02036	0.03090	0.01740	0.02623	0.02297	0.01532	0.02276	0.01292	0.01519	0.00921	0.00688	0.00681	0.00227	0.01061	0.00531	0.00307	0.01068
54	0.01925	0.72261	0.06282	0.01274	0.01913	0.02832	0.01297	0.02181	0.01479	0.01732	0.01021	0.01180	0.00932	0.00624	0.00475	0.00158	0.00788	0.00394	0.00311	0.00938
55	0.07363	0.38851	0.13941	0.01531	0.02100	0.12302	0.01511	0.02244	0.01507	0.01929	0.01067	0.01301	0.00924	0.00737	0.00771	0.00197	0.10025	0.00456	0.00330	0.00915
56	0.01943	0.74891	0.03809	0.01244	0.01866	0.02876	0.01244	0.02177	0.01477	0.01710	0.01011	0.01166	0.00933	0.00622	0.00466	0.00155	0.00777	0.00389	0.00311	0.00933
57	0.00928	0.00752	0.00837	0.00883	0.01099	0.00660	0.00693	0.01141	0.01645	0.02003	0.06408	0.11188	0.51693	0.01903	0.00894	0.00268	0.00436	0.15271	0.00674	0.00624
58	0.00880	0.00733	0.00768	0.00768	0.00997	0.00621	0.00573	0.01080	0.01693	0.02071	0.14504	0.09513	0.59665	0.01817	0.00862	0.00245	0.00367	0.01530	0.00690	0.00621
59	0.01458	0.03760	0.70688	0.02072	0.03146	0.01688	0.02686	0.02302	0.01535	0.02302	0.01304	0.01535	0.00921	0.00691	0.00691	0.00230	0.01074	0.00537	0.00307	0.01074
60	0.01029	0.00743	0.00972	0.00914	0.01086	0.00686	0.00686	0.01372	0.02058	0.02915	0.69536	0.05430	0.06859	0.01486	0.00857	0.00229	0.00343	0.01315	0.00800	0.00686
61	0.01633	0.01665	0.02216	0.05728	0.02092	0.05562	0.01604	0.01811	0.01178	0.01757	0.00981	0.01596	0.00954	0.01217	0.02212	0.00308	0.65738	0.00629	0.00321	0.00798
62	0.01302	0.01205	0.07544	0.01147	0.01469	0.01022	0.00978	0.02012	0.15148	0.05527	0.39034	0.04407	0.09902	0.01513	0.04303	0.00280	0.00549	0.01112	0.00717	0.00829
63	0.01800	0.01714	0.02848	0.04228	0.64589	0.01733	0.02146	0.02359	0.06901	0.02427	0.01492	0.01871	0.01235	0.00674	0.00721	0.00218	0.00841	0.00661	0.00390	0.01151

[dist]
# distance from previous block
# <min> <max>
0	13

# created by:
# /st0/software/busco_prod/Augustus/scripts/msa2prfl.pl ./align_prep/146743.fa
