[name]
unknown

[dist]
# distance from previous block
# <min> <max>
1	71

[block]
# block no. 0 follows, 30 sequences, length 8
# corresponding to MSA columns:
# 76-83
name=unknown_A
#
# <colnr> <probs for GDERKNQSTAVLIFYWHMCP>
#	G	D	E	R	K	N	Q	S	T	A	V	L	I	F	Y	W	H	M	C	P
0	0.01644	0.01410	0.01902	0.13712	0.13504	0.04976	0.05306	0.14116	0.01796	0.02439	0.01969	0.08015	0.03279	0.06194	0.00991	0.00258	0.04375	0.04704	0.08559	0.00850
1	0.01552	0.01353	0.01624	0.01278	0.01756	0.04375	0.06264	0.10814	0.04135	0.02477	0.04205	0.12696	0.05838	0.00934	0.00659	0.00174	0.00607	0.00806	0.00514	0.37940
2	0.12363	0.02064	0.07656	0.02712	0.22638	0.12907	0.21207	0.02244	0.01598	0.02285	0.01251	0.01586	0.00993	0.00628	0.00674	0.00208	0.00958	0.00602	0.00361	0.05066
3	0.01318	0.01028	0.01151	0.01215	0.06674	0.04102	0.00773	0.06332	0.05381	0.04147	0.05554	0.10831	0.14881	0.31398	0.01898	0.00411	0.00615	0.01090	0.00538	0.00664
4	0.01462	0.01235	0.01585	0.01386	0.06636	0.01073	0.04262	0.09021	0.01665	0.02396	0.02219	0.13557	0.07685	0.00935	0.00650	0.00169	0.00568	0.00812	0.00494	0.42192
5	0.08596	0.01320	0.04537	0.01264	0.01607	0.01328	0.01040	0.11830	0.12825	0.12684	0.16098	0.12788	0.02909	0.01172	0.00854	0.00236	0.06396	0.00953	0.00659	0.00903
6	0.01773	0.01759	0.02222	0.06241	0.25516	0.12326	0.07313	0.09296	0.04215	0.02353	0.02262	0.02454	0.11909	0.00842	0.00703	0.00205	0.00817	0.00736	0.00449	0.06607
7	0.01789	0.01486	0.01924	0.01682	0.06857	0.01581	0.06992	0.20609	0.12459	0.02756	0.01764	0.02241	0.01483	0.11142	0.04789	0.00317	0.06616	0.00696	0.00519	0.12296

[dist]
# distance from previous block
# <min> <max>
24	44

[block]
# block no. 1 follows, 30 sequences, length 89
# corresponding to MSA columns:
# 129-217
name=unknown_B
#
# <colnr> <probs for GDERKNQSTAVLIFYWHMCP>
#	G	D	E	R	K	N	Q	S	T	A	V	L	I	F	Y	W	H	M	C	P
0	0.06711	0.01717	0.05055	0.01479	0.02032	0.01680	0.04909	0.37421	0.02501	0.08146	0.07794	0.01975	0.01637	0.00810	0.00671	0.00197	0.00699	0.00648	0.00619	0.13301
1	0.05500	0.01830	0.01992	0.01532	0.02083	0.01989	0.01265	0.57604	0.03033	0.13400	0.01795	0.01750	0.01244	0.00834	0.00689	0.00211	0.00736	0.00629	0.00711	0.01171
2	0.04419	0.01285	0.01471	0.01090	0.01678	0.01063	0.00873	0.04083	0.07181	0.05897	0.01452	0.01585	0.01154	0.00584	0.00545	0.00127	0.00532	0.00464	0.00470	0.64046
3	0.80405	0.01350	0.01026	0.00918	0.01350	0.01565	0.00756	0.02051	0.01188	0.03131	0.00972	0.01134	0.00756	0.00648	0.00432	0.00216	0.00540	0.00378	0.00432	0.00756
4	0.00938	0.00682	0.00866	0.00983	0.01064	0.00648	0.00673	0.04343	0.01452	0.01919	0.03981	0.66230	0.09435	0.02088	0.00876	0.00276	0.00419	0.01878	0.00650	0.00599
5	0.00997	0.00748	0.01121	0.01121	0.01246	0.00872	0.00872	0.01246	0.01121	0.01620	0.01869	0.02741	0.01745	0.05234	0.72710	0.01121	0.01869	0.00748	0.00374	0.00623
6	0.02653	0.01955	0.02094	0.01606	0.02164	0.02164	0.01326	0.68796	0.03281	0.04398	0.01675	0.01675	0.01187	0.00838	0.00698	0.00209	0.00768	0.00628	0.00698	0.01187
7	0.03091	0.01251	0.01659	0.01272	0.01813	0.01120	0.01051	0.08810	0.02103	0.66046	0.02664	0.02317	0.01683	0.00862	0.00701	0.00215	0.00608	0.00696	0.00850	0.01188
8	0.01655	0.01896	0.08803	0.03387	0.33485	0.01731	0.29198	0.02154	0.01568	0.02215	0.01321	0.01756	0.01056	0.00652	0.00852	0.00226	0.06000	0.00695	0.00342	0.01009
9	0.01672	0.01840	0.06710	0.02973	0.21160	0.01724	0.35433	0.02476	0.13999	0.02370	0.01637	0.01952	0.01257	0.00666	0.00760	0.00227	0.00964	0.00748	0.00413	0.01019
10	0.01006	0.00675	0.00775	0.00783	0.00789	0.00677	0.00448	0.01020	0.01034	0.01383	0.02271	0.08040	0.02617	0.69653	0.05536	0.00670	0.00699	0.01055	0.00433	0.00436
11	0.01531	0.23974	0.52646	0.01765	0.02674	0.01942	0.02188	0.02176	0.01458	0.02050	0.01173	0.01374	0.00887	0.00644	0.00602	0.00201	0.00951	0.00476	0.00296	0.00993
12	0.00850	0.00607	0.00810	0.00972	0.01012	0.00567	0.00648	0.00972	0.01336	0.01781	0.03846	0.75020	0.04615	0.02186	0.00891	0.00283	0.00405	0.01984	0.00648	0.00567
13	0.01779	0.01591	0.01598	0.01439	0.01832	0.05290	0.01117	0.03662	0.66461	0.02858	0.02752	0.02536	0.02068	0.00935	0.00706	0.00234	0.00588	0.00772	0.00692	0.01090
14	0.01904	0.01201	0.01466	0.01199	0.03706	0.01049	0.00922	0.05598	0.06807	0.20414	0.07984	0.02358	0.04282	0.00794	0.00629	0.00168	0.00530	0.00655	0.04513	0.33822
15	0.04467	0.02221	0.21031	0.04549	0.10731	0.01674	0.25144	0.10199	0.01751	0.02517	0.01355	0.01666	0.01017	0.00641	0.00706	0.00213	0.00960	0.00638	0.00386	0.08136
16	0.02607	0.03326	0.01978	0.01798	0.02157	0.72674	0.01348	0.02787	0.01978	0.01708	0.01079	0.01258	0.00899	0.00719	0.00629	0.00180	0.01258	0.00449	0.00360	0.00809
17	0.00988	0.00713	0.00933	0.00878	0.01043	0.00658	0.00658	0.01317	0.01975	0.02798	0.70754	0.05213	0.06584	0.01427	0.00823	0.00219	0.00329	0.01262	0.00768	0.00658
18	0.01892	0.73353	0.03598	0.01215	0.01804	0.05211	0.01199	0.02114	0.01438	0.01644	0.00974	0.01124	0.00896	0.00601	0.00454	0.00150	0.00764	0.00376	0.00301	0.00892
19	0.01077	0.00815	0.01074	0.01235	0.04668	0.00813	0.00857	0.03387	0.07387	0.02113	0.09014	0.46802	0.04193	0.01860	0.00865	0.00274	0.00480	0.11760	0.00649	0.00678
20	0.00988	0.00713	0.00933	0.00878	0.01043	0.00658	0.00658	0.01317	0.01975	0.02798	0.70754	0.05213	0.06584	0.01427	0.00823	0.00219	0.00329	0.01262	0.00768	0.00658
21	0.00850	0.00607	0.00810	0.00972	0.01012	0.00567	0.00648	0.00972	0.01336	0.01781	0.03846	0.75020	0.04615	0.02186	0.00891	0.00283	0.00405	0.01984	0.00648	0.00567
22	0.01469	0.12421	0.60110	0.01938	0.02900	0.01768	0.05678	0.02196	0.01475	0.02141	0.01225	0.01450	0.00894	0.00651	0.00644	0.00213	0.01003	0.00513	0.00298	0.01010
23	0.01858	0.65408	0.10067	0.01300	0.01926	0.06126	0.01333	0.02136	0.01451	0.01699	0.01002	0.01160	0.00895	0.00609	0.00477	0.00158	0.00799	0.00390	0.00301	0.00904
24	0.00988	0.00713	0.00933	0.00878	0.01043	0.00658	0.00658	0.01317	0.01975	0.02798	0.70754	0.05213	0.06584	0.01427	0.00823	0.00219	0.00329	0.01262	0.00768	0.00658
25	0.01318	0.01240	0.02093	0.73798	0.04806	0.01550	0.01938	0.01783	0.01395	0.01783	0.01240	0.01860	0.00930	0.00698	0.00698	0.00233	0.00930	0.00620	0.00310	0.00775
26	0.01447	0.01240	0.01447	0.01034	0.01654	0.00930	0.00827	0.01757	0.01447	0.02274	0.01240	0.01447	0.01034	0.00517	0.00517	0.00103	0.00517	0.00413	0.00413	0.79742
27	0.01000	0.00737	0.01068	0.01068	0.01174	0.00843	0.00805	0.01212	0.01106	0.01580	0.01918	0.03014	0.01863	0.15717	0.62388	0.01055	0.01691	0.00788	0.00381	0.00593
28	0.00850	0.00607	0.00810	0.00972	0.01012	0.00567	0.00648	0.00972	0.01336	0.01781	0.03846	0.75020	0.04615	0.02186	0.00891	0.00283	0.00405	0.01984	0.00648	0.00567
29	0.00833	0.00707	0.00718	0.00715	0.00948	0.00593	0.00537	0.01017	0.01610	0.01930	0.10224	0.06641	0.67656	0.01750	0.00825	0.00235	0.00352	0.01462	0.00654	0.00593
30	0.02935	0.01501	0.01814	0.01391	0.01938	0.01491	0.01149	0.30159	0.02523	0.44106	0.02312	0.02089	0.01506	0.00853	0.00700	0.00213	0.00665	0.00672	0.00796	0.01187
31	0.01866	0.75896	0.03657	0.01194	0.01791	0.02761	0.01194	0.02090	0.01418	0.01642	0.00970	0.01119	0.00896	0.00597	0.00448	0.00149	0.00746	0.00373	0.00299	0.00896
32	0.80405	0.01350	0.01026	0.00918	0.01350	0.01565	0.00756	0.02051	0.01188	0.03131	0.00972	0.01134	0.00756	0.00648	0.00432	0.00216	0.00540	0.00378	0.00432	0.00756
33	0.80405	0.01350	0.01026	0.00918	0.01350	0.01565	0.00756	0.02051	0.01188	0.03131	0.00972	0.01134	0.00756	0.00648	0.00432	0.00216	0.00540	0.00378	0.00432	0.00756
34	0.02607	0.03326	0.01978	0.01798	0.02157	0.72674	0.01348	0.02787	0.01978	0.01708	0.01079	0.01258	0.00899	0.00719	0.00629	0.00180	0.01258	0.00449	0.00360	0.00809
35	0.00981	0.00713	0.00924	0.00871	0.01039	0.00656	0.00653	0.01304	0.01960	0.02762	0.68196	0.05273	0.09166	0.01440	0.00823	0.00220	0.00330	0.01270	0.00763	0.00656
36	0.05725	0.67250	0.08199	0.01235	0.01853	0.02624	0.01267	0.02096	0.01410	0.01754	0.00990	0.01144	0.00888	0.00604	0.00462	0.00157	0.00756	0.00383	0.00305	0.00898
37	0.00988	0.00713	0.00933	0.00878	0.01043	0.00658	0.00658	0.01317	0.01975	0.02798	0.70754	0.05213	0.06584	0.01427	0.00823	0.00219	0.00329	0.01262	0.00768	0.00658
38	0.00982	0.00709	0.00928	0.00881	0.01041	0.00655	0.00658	0.01304	0.01951	0.02760	0.68238	0.07838	0.06510	0.01455	0.00826	0.00222	0.00332	0.01289	0.00764	0.00655
39	0.02653	0.01955	0.02094	0.01606	0.02164	0.02164	0.01326	0.68796	0.03281	0.04398	0.01675	0.01675	0.01187	0.00838	0.00698	0.00209	0.00768	0.00628	0.00698	0.01187
40	0.00988	0.00713	0.00933	0.00878	0.01043	0.00658	0.00658	0.01317	0.01975	0.02798	0.70754	0.05213	0.06584	0.01427	0.00823	0.00219	0.00329	0.01262	0.00768	0.00658
41	0.01504	0.03361	0.63333	0.02023	0.03006	0.01602	0.07419	0.02271	0.01512	0.05650	0.01339	0.01548	0.00939	0.00667	0.00677	0.00222	0.01020	0.00548	0.00327	0.01032
42	0.01950	0.67606	0.03465	0.01263	0.01833	0.10748	0.01212	0.02169	0.01482	0.01649	0.00983	0.01135	0.00896	0.00611	0.00468	0.00153	0.00805	0.00382	0.00305	0.00886
43	0.80405	0.01350	0.01026	0.00918	0.01350	0.01565	0.00756	0.02051	0.01188	0.03131	0.00972	0.01134	0.00756	0.00648	0.00432	0.00216	0.00540	0.00378	0.00432	0.00756
44	0.00971	0.00713	0.00909	0.00860	0.01032	0.00651	0.00645	0.01284	0.01936	0.02704	0.64183	0.05368	0.13214	0.01462	0.00823	0.00221	0.00332	0.01284	0.00756	0.00651
45	0.00953	0.00712	0.00884	0.00841	0.01021	0.00643	0.00631	0.01249	0.01892	0.02601	0.57020	0.05537	0.20442	0.01500	0.00823	0.00223	0.00334	0.01307	0.00742	0.00643
46	0.02611	0.01934	0.02071	0.01597	0.02148	0.02145	0.01316	0.65860	0.06285	0.04331	0.01728	0.01717	0.01229	0.00843	0.00699	0.00211	0.00758	0.00636	0.00699	0.01183
47	0.00856	0.00612	0.00815	0.00968	0.01013	0.00570	0.00648	0.00986	0.01362	0.01822	0.06534	0.72216	0.04694	0.02156	0.00888	0.00281	0.00402	0.01955	0.00653	0.00570
48	0.01670	0.01679	0.03097	0.10089	0.47918	0.01676	0.19197	0.02134	0.01587	0.02224	0.01332	0.01779	0.01078	0.00620	0.00726	0.00217	0.00927	0.00673	0.00344	0.01034
49	0.00850	0.00607	0.00810	0.00972	0.01012	0.00567	0.00648	0.00972	0.01336	0.01781	0.03846	0.75020	0.04615	0.02186	0.00891	0.00283	0.00405	0.01984	0.00648	0.00567
50	0.01612	0.01927	0.07361	0.02821	0.03524	0.01718	0.62919	0.02202	0.01650	0.02254	0.03853	0.01980	0.01245	0.00622	0.00816	0.00234	0.01139	0.00824	0.00365	0.00936
51	0.80405	0.01350	0.01026	0.00918	0.01350	0.01565	0.00756	0.02051	0.01188	0.03131	0.00972	0.01134	0.00756	0.00648	0.00432	0.00216	0.00540	0.00378	0.00432	0.00756
52	0.03131	0.01188	0.01619	0.01242	0.01781	0.01026	0.01026	0.03401	0.01997	0.71606	0.02753	0.02375	0.01727	0.00864	0.00702	0.00216	0.00594	0.00702	0.00864	0.01188
53	0.01301	0.00650	0.00650	0.00650	0.00813	0.00650	0.00488	0.01626	0.01463	0.02602	0.02276	0.02602	0.01789	0.00813	0.00488	0.00163	0.00325	0.00650	0.79350	0.00650
54	0.34017	0.02421	0.32209	0.01475	0.02163	0.03840	0.01615	0.02339	0.09434	0.02657	0.01318	0.01460	0.00979	0.00692	0.00572	0.00219	0.00780	0.00489	0.00402	0.00919
55	0.02607	0.01932	0.02068	0.01596	0.02147	0.02143	0.01315	0.65535	0.06617	0.04324	0.01734	0.01722	0.01234	0.00843	0.00699	0.00211	0.00757	0.00636	0.00699	0.01183
56	0.01301	0.00650	0.00650	0.00650	0.00813	0.00650	0.00488	0.01626	0.01463	0.02602	0.02276	0.02602	0.01789	0.00813	0.00488	0.00163	0.00325	0.00650	0.79350	0.00650
57	0.01447	0.01240	0.01447	0.01034	0.01654	0.00930	0.00827	0.01757	0.01447	0.02274	0.01240	0.01447	0.01034	0.00517	0.00517	0.00103	0.00517	0.00413	0.00413	0.79742
58	0.02653	0.01955	0.02094	0.01606	0.02164	0.02164	0.01326	0.68796	0.03281	0.04398	0.01675	0.01675	0.01187	0.00838	0.00698	0.00209	0.00768	0.00628	0.00698	0.01187
59	0.02685	0.01902	0.02062	0.01581	0.02138	0.02086	0.01306	0.64315	0.03193	0.09003	0.01749	0.01723	0.01224	0.00839	0.00698	0.00210	0.00756	0.00633	0.00709	0.01187
60	0.01873	0.01567	0.01655	0.01448	0.01867	0.01800	0.01138	0.13422	0.59925	0.03140	0.02666	0.02465	0.01989	0.00930	0.00708	0.00233	0.00584	0.00765	0.00708	0.01117
61	0.01736	0.01499	0.01578	0.01420	0.01815	0.01736	0.01105	0.03708	0.69862	0.02919	0.02840	0.02604	0.02130	0.00947	0.00710	0.00237	0.00552	0.00789	0.00710	0.01105
62	0.01736	0.01499	0.01578	0.01420	0.01815	0.01736	0.01105	0.03708	0.69862	0.02919	0.02840	0.02604	0.02130	0.00947	0.00710	0.00237	0.00552	0.00789	0.00710	0.01105
63	0.01124	0.00803	0.01124	0.01285	0.01446	0.00803	0.01124	0.01446	0.01606	0.02088	0.03695	0.07871	0.04016	0.01928	0.00964	0.00321	0.00643	0.66426	0.00643	0.00643
64	0.01764	0.01640	0.02551	0.03463	0.49984	0.01700	0.04005	0.05189	0.17614	0.02513	0.01687	0.01935	0.01347	0.00705	0.00700	0.00215	0.00773	0.00668	0.00445	0.01103
65	0.01111	0.00793	0.01109	0.01270	0.01424	0.00791	0.01101	0.01422	0.01593	0.02073	0.03702	0.11207	0.04046	0.01941	0.00960	0.00319	0.00631	0.63225	0.00643	0.00639
66	0.80405	0.01350	0.01026	0.00918	0.01350	0.01565	0.00756	0.02051	0.01188	0.03131	0.00972	0.01134	0.00756	0.00648	0.00432	0.00216	0.00540	0.00378	0.00432	0.00756
67	0.00825	0.00707	0.00707	0.00707	0.00943	0.00589	0.00530	0.01001	0.01591	0.01885	0.07069	0.06716	0.70839	0.01767	0.00825	0.00236	0.00353	0.01473	0.00648	0.00589
68	0.01400	0.03610	0.71860	0.01989	0.03020	0.01621	0.02578	0.02210	0.01473	0.02210	0.01252	0.01473	0.00884	0.00663	0.00663	0.00221	0.01031	0.00516	0.00295	0.01031
69	0.01353	0.01276	0.02156	0.67873	0.10459	0.01560	0.01955	0.01814	0.01412	0.01825	0.01246	0.01849	0.00945	0.00691	0.00697	0.00230	0.00922	0.00620	0.00313	0.00803
70	0.00988	0.00713	0.00933	0.00878	0.01043	0.00658	0.00658	0.01317	0.01975	0.02798	0.70754	0.05213	0.06584	0.01427	0.00823	0.00219	0.00329	0.01262	0.00768	0.00658
71	0.00850	0.00607	0.00810	0.00972	0.01012	0.00567	0.00648	0.00972	0.01336	0.01781	0.03846	0.75020	0.04615	0.02186	0.00891	0.00283	0.00405	0.01984	0.00648	0.00567
72	0.01727	0.01658	0.02832	0.04283	0.71123	0.01658	0.02142	0.02142	0.01589	0.02280	0.01313	0.01727	0.01105	0.00622	0.00691	0.00207	0.00829	0.00622	0.00345	0.01105
73	0.01400	0.03610	0.71860	0.01989	0.03020	0.01621	0.02578	0.02210	0.01473	0.02210	0.01252	0.01473	0.00884	0.00663	0.00663	0.00221	0.01031	0.00516	0.00295	0.01031
74	0.01727	0.01658	0.02832	0.04283	0.71123	0.01658	0.02142	0.02142	0.01589	0.02280	0.01313	0.01727	0.01105	0.00622	0.00691	0.00207	0.00829	0.00622	0.00345	0.01105
75	0.01015	0.00677	0.00761	0.00761	0.00761	0.00677	0.00423	0.01015	0.01015	0.01353	0.02199	0.04567	0.02537	0.75476	0.03552	0.00677	0.00677	0.01015	0.00423	0.00423
76	0.80405	0.01350	0.01026	0.00918	0.01350	0.01565	0.00756	0.02051	0.01188	0.03131	0.00972	0.01134	0.00756	0.00648	0.00432	0.00216	0.00540	0.00378	0.00432	0.00756
77	0.01818	0.59043	0.16043	0.01370	0.02034	0.06055	0.01455	0.02146	0.01456	0.01749	0.01027	0.01191	0.00894	0.00615	0.00496	0.00164	0.00824	0.00403	0.00301	0.00916
78	0.03069	0.01286	0.01681	0.01288	0.01831	0.01172	0.01064	0.11828	0.02163	0.62945	0.02614	0.02285	0.01658	0.00860	0.00701	0.00215	0.00616	0.00692	0.00842	0.01187
79	0.00893	0.00689	0.00815	0.00828	0.00995	0.00611	0.00604	0.01116	0.01685	0.02214	0.30840	0.20319	0.32433	0.01724	0.00838	0.00239	0.00355	0.01498	0.00694	0.00611
80	0.01727	0.01658	0.02832	0.04283	0.71123	0.01658	0.02142	0.02142	0.01589	0.02280	0.01313	0.01727	0.01105	0.00622	0.00691	0.00207	0.00829	0.00622	0.00345	0.01105
81	0.01821	0.68979	0.10183	0.01270	0.01909	0.02652	0.01326	0.02101	0.01423	0.01696	0.00997	0.01153	0.00894	0.00603	0.00468	0.00156	0.00774	0.00387	0.00298	0.00909
82	0.00825	0.00707	0.00707	0.00707	0.00943	0.00589	0.00530	0.01001	0.01591	0.01885	0.07069	0.06716	0.70839	0.01767	0.00825	0.00236	0.00353	0.01473	0.00648	0.00589
83	0.01302	0.01175	0.01972	0.56129	0.04021	0.01397	0.05576	0.01749	0.01474	0.01981	0.08314	0.02261	0.01578	0.00774	0.00700	0.00225	0.00833	0.00699	0.07076	0.00763
84	0.01647	0.01882	0.04118	0.02941	0.03647	0.01765	0.68588	0.02235	0.01647	0.02235	0.01412	0.01882	0.01059	0.00588	0.00824	0.00235	0.01176	0.00824	0.00353	0.00941
85	0.00988	0.00713	0.00933	0.00878	0.01043	0.00658	0.00658	0.01317	0.01975	0.02798	0.70754	0.05213	0.06584	0.01427	0.00823	0.00219	0.00329	0.01262	0.00768	0.00658
86	0.01088	0.00879	0.01063	0.01053	0.01165	0.05003	0.00773	0.01268	0.01166	0.01571	0.02139	0.03286	0.05008	0.22221	0.48121	0.00916	0.01470	0.00829	0.00398	0.00583
87	0.01916	0.70923	0.03542	0.01235	0.01816	0.07551	0.01205	0.02137	0.01456	0.01646	0.00978	0.01129	0.00896	0.00605	0.00460	0.00151	0.00781	0.00378	0.00303	0.00890
88	0.01624	0.15275	0.47789	0.01917	0.02797	0.03857	0.09312	0.02268	0.01523	0.05542	0.01292	0.01497	0.00947	0.00656	0.00645	0.00209	0.00985	0.00532	0.00332	0.01000

[dist]
# distance from previous block
# <min> <max>
0	1

[block]
# block no. 2 follows, 30 sequences, length 32
# corresponding to MSA columns:
# 219-250
name=unknown_C
#
# <colnr> <probs for GDERKNQSTAVLIFYWHMCP>
#	G	D	E	R	K	N	Q	S	T	A	V	L	I	F	Y	W	H	M	C	P
0	0.01509	0.02658	0.36512	0.02307	0.03102	0.01697	0.28007	0.02154	0.01503	0.02174	0.01283	0.01636	0.00960	0.00679	0.00868	0.00230	0.07733	0.00640	0.00323	0.04026
1	0.01503	0.01166	0.03099	0.01116	0.01469	0.04419	0.02572	0.04600	0.04946	0.10428	0.36845	0.03726	0.06727	0.01113	0.00738	0.00200	0.00502	0.00957	0.00670	0.13203
2	0.10097	0.01535	0.04656	0.18447	0.22862	0.06460	0.01557	0.02095	0.04318	0.06218	0.12946	0.02302	0.01993	0.00811	0.00682	0.00216	0.00752	0.00697	0.00460	0.00900
3	0.04285	0.06873	0.49531	0.01931	0.02787	0.01649	0.09359	0.02213	0.01482	0.06068	0.01342	0.01588	0.00981	0.00858	0.03511	0.00256	0.03396	0.00559	0.00341	0.00989
4	0.01642	0.01459	0.01471	0.01335	0.01706	0.04319	0.01034	0.03293	0.57673	0.02727	0.03364	0.03128	0.11707	0.01053	0.00723	0.00234	0.00552	0.00872	0.00688	0.01021
5	0.01822	0.01597	0.01623	0.01445	0.01848	0.04570	0.01127	0.07323	0.63437	0.02954	0.02705	0.02498	0.02028	0.00932	0.00706	0.00233	0.00592	0.00766	0.00695	0.01097
6	0.01361	0.00828	0.01080	0.00947	0.01205	0.00737	0.00729	0.01679	0.01939	0.13647	0.54814	0.04483	0.05402	0.01270	0.00781	0.00210	0.00385	0.01110	0.00757	0.06636
7	0.01411	0.03533	0.68872	0.02031	0.03048	0.01627	0.05490	0.02211	0.01481	0.02211	0.01259	0.01491	0.00892	0.00660	0.00670	0.00222	0.01038	0.00529	0.00297	0.01027
8	0.02962	0.01180	0.01587	0.01228	0.01742	0.01039	0.01010	0.05505	0.02040	0.64412	0.07538	0.02552	0.02053	0.00903	0.00710	0.00216	0.00581	0.00739	0.00851	0.01150
9	0.00988	0.00713	0.00933	0.00878	0.01043	0.00658	0.00658	0.01317	0.01975	0.02798	0.70754	0.05213	0.06584	0.01427	0.00823	0.00219	0.00329	0.01262	0.00768	0.00658
10	0.02577	0.06211	0.02044	0.01774	0.02143	0.69895	0.01342	0.02759	0.01955	0.01705	0.01074	0.01253	0.00899	0.00714	0.00622	0.00179	0.01238	0.00446	0.00357	0.00812
11	0.14995	0.01627	0.01757	0.21369	0.02645	0.11481	0.01316	0.10126	0.04045	0.21470	0.01690	0.01802	0.01184	0.00762	0.00646	0.00215	0.00790	0.00586	0.00546	0.00948
12	0.01527	0.01527	0.02137	0.01832	0.01832	0.02137	0.01527	0.01679	0.01069	0.01679	0.00916	0.01527	0.00916	0.01221	0.02290	0.00305	0.74198	0.00611	0.00305	0.00763
13	0.00850	0.00607	0.00810	0.00972	0.01012	0.00567	0.00648	0.00972	0.01336	0.01781	0.03846	0.75020	0.04615	0.02186	0.00891	0.00283	0.00405	0.01984	0.00648	0.00567
14	0.01807	0.66804	0.12235	0.01294	0.01946	0.02618	0.01368	0.02105	0.01425	0.01713	0.01006	0.01164	0.00894	0.00605	0.00475	0.00158	0.00782	0.00391	0.00298	0.00913
15	0.00836	0.00707	0.00722	0.00718	0.00949	0.00594	0.00539	0.01022	0.01616	0.01945	0.11276	0.06616	0.66595	0.01745	0.00825	0.00235	0.00352	0.01459	0.00656	0.00594
16	0.00850	0.00607	0.00810	0.00972	0.01012	0.00567	0.00648	0.00972	0.01336	0.01781	0.03846	0.75020	0.04615	0.02186	0.00891	0.00283	0.00405	0.01984	0.00648	0.00567
17	0.01318	0.01240	0.02093	0.73798	0.04806	0.01550	0.01938	0.01783	0.01395	0.01783	0.01240	0.01860	0.00930	0.00698	0.00698	0.00233	0.00930	0.00620	0.00310	0.00775
18	0.01447	0.01240	0.01447	0.01034	0.01654	0.00930	0.00827	0.01757	0.01447	0.02274	0.01240	0.01447	0.01034	0.00517	0.00517	0.00103	0.00517	0.00413	0.00413	0.79742
19	0.03131	0.01188	0.01619	0.01242	0.01781	0.01026	0.01026	0.03401	0.01997	0.71606	0.02753	0.02375	0.01727	0.00864	0.00702	0.00216	0.00594	0.00702	0.00864	0.01188
20	0.00825	0.00707	0.00707	0.00707	0.00943	0.00589	0.00530	0.01001	0.01591	0.01885	0.07069	0.06716	0.70839	0.01767	0.00825	0.00236	0.00353	0.01473	0.00648	0.00589
21	0.01843	0.01596	0.02686	0.06976	0.61706	0.01593	0.02027	0.02246	0.01619	0.08830	0.01446	0.01794	0.01157	0.00648	0.00692	0.00209	0.00811	0.00629	0.00393	0.01099
22	0.02607	0.03326	0.01978	0.01798	0.02157	0.72674	0.01348	0.02787	0.01978	0.01708	0.01079	0.01258	0.00899	0.00719	0.00629	0.00180	0.01258	0.00449	0.00360	0.00809
23	0.01004	0.00720	0.00983	0.00983	0.01060	0.00797	0.00700	0.01157	0.01081	0.01518	0.01995	0.03441	0.02048	0.32150	0.46209	0.00951	0.01412	0.00850	0.00393	0.00546
24	0.80405	0.01350	0.01026	0.00918	0.01350	0.01565	0.00756	0.02051	0.01188	0.03131	0.00972	0.01134	0.00756	0.00648	0.00432	0.00216	0.00540	0.00378	0.00432	0.00756
25	0.76930	0.01377	0.01073	0.00948	0.01386	0.01592	0.00781	0.05035	0.01281	0.03188	0.01003	0.01158	0.00775	0.00656	0.00444	0.00216	0.00550	0.00389	0.00444	0.00775
26	0.02564	0.02072	0.07042	0.01633	0.02225	0.02126	0.01415	0.64074	0.03153	0.04243	0.01645	0.01661	0.01165	0.00825	0.00696	0.00210	0.00787	0.00620	0.00669	0.01176
27	0.00988	0.00713	0.00933	0.00878	0.01043	0.00658	0.00658	0.01317	0.01975	0.02798	0.70754	0.05213	0.06584	0.01427	0.00823	0.00219	0.00329	0.01262	0.00768	0.00658
28	0.01464	0.11982	0.61116	0.01935	0.02902	0.01760	0.05123	0.02197	0.01474	0.02145	0.01226	0.01449	0.00892	0.00652	0.00644	0.00213	0.01004	0.00512	0.00297	0.01012
29	0.00988	0.00713	0.00933	0.00878	0.01043	0.00658	0.00658	0.01317	0.01975	0.02798	0.70754	0.05213	0.06584	0.01427	0.00823	0.00219	0.00329	0.01262	0.00768	0.00658
30	0.00859	0.00628	0.00809	0.00933	0.01007	0.00577	0.00635	0.01005	0.01421	0.01882	0.10084	0.61122	0.12324	0.02072	0.00877	0.00272	0.00392	0.01862	0.00658	0.00577
31	0.02687	0.01900	0.02061	0.01580	0.02137	0.02083	0.01305	0.64158	0.03190	0.09164	0.01752	0.01725	0.01225	0.00840	0.00698	0.00210	0.00756	0.00633	0.00710	0.01187

[dist]
# distance from previous block
# <min> <max>
0	2

[block]
# block no. 3 follows, 30 sequences, length 37
# corresponding to MSA columns:
# 253-289
name=unknown_D
#
# <colnr> <probs for GDERKNQSTAVLIFYWHMCP>
#	G	D	E	R	K	N	Q	S	T	A	V	L	I	F	Y	W	H	M	C	P
0	0.00937	0.00711	0.00862	0.00825	0.01011	0.00637	0.00618	0.01219	0.01855	0.02514	0.50914	0.05681	0.26602	0.01533	0.00824	0.00225	0.00337	0.01328	0.00731	0.00637
1	0.01513	0.06799	0.58661	0.01952	0.05053	0.04354	0.02326	0.02223	0.01530	0.04238	0.04125	0.01636	0.01151	0.00698	0.00660	0.00215	0.00978	0.00546	0.00335	0.01008
2	0.42759	0.07579	0.15669	0.01254	0.01843	0.01665	0.01239	0.08424	0.01546	0.10453	0.01289	0.01387	0.00939	0.00688	0.00534	0.00211	0.00682	0.00464	0.00466	0.00909
3	0.61375	0.01820	0.15936	0.01153	0.01714	0.01560	0.01147	0.02127	0.01273	0.05082	0.01086	0.01244	0.00813	0.00658	0.00489	0.00217	0.00645	0.00417	0.00417	0.00827
4	0.01998	0.38140	0.18840	0.01525	0.02162	0.19367	0.01542	0.02348	0.01594	0.05099	0.01146	0.01294	0.00933	0.00654	0.00553	0.00176	0.00929	0.00440	0.00339	0.00920
5	0.01301	0.00650	0.00650	0.00650	0.00813	0.00650	0.00488	0.01626	0.01463	0.02602	0.02276	0.02602	0.01789	0.00813	0.00488	0.00163	0.00325	0.00650	0.79350	0.00650
6	0.01426	0.01359	0.01399	0.03457	0.03712	0.12741	0.01008	0.04444	0.04973	0.02276	0.25141	0.16223	0.06732	0.01343	0.00976	0.00237	0.10138	0.01097	0.00582	0.00737
7	0.00988	0.00713	0.00933	0.00878	0.01043	0.00658	0.00658	0.01317	0.01975	0.02798	0.70754	0.05213	0.06584	0.01427	0.00823	0.00219	0.00329	0.01262	0.00768	0.00658
8	0.01797	0.01747	0.04991	0.07250	0.59181	0.03629	0.02061	0.04749	0.01664	0.04287	0.01356	0.01728	0.01105	0.00645	0.00689	0.00208	0.00843	0.00616	0.00371	0.01084
9	0.00997	0.00748	0.01121	0.01121	0.01246	0.00872	0.00872	0.01246	0.01121	0.01620	0.01869	0.02741	0.01745	0.05234	0.72710	0.01121	0.01869	0.00748	0.00374	0.00623
10	0.05110	0.01185	0.05971	0.01105	0.01419	0.01076	0.00921	0.08202	0.11908	0.04798	0.40067	0.03994	0.06499	0.03652	0.00852	0.00236	0.00481	0.01023	0.00692	0.00809
11	0.80405	0.01350	0.01026	0.00918	0.01350	0.01565	0.00756	0.02051	0.01188	0.03131	0.00972	0.01134	0.00756	0.00648	0.00432	0.00216	0.00540	0.00378	0.00432	0.00756
12	0.01447	0.01240	0.01447	0.01034	0.01654	0.00930	0.00827	0.01757	0.01447	0.02274	0.01240	0.01447	0.01034	0.00517	0.00517	0.00103	0.00517	0.00413	0.00413	0.79742
13	0.01510	0.20665	0.55768	0.01801	0.02730	0.01890	0.02252	0.02182	0.01460	0.02076	0.01186	0.01390	0.00887	0.00647	0.00612	0.00204	0.00964	0.00482	0.00296	0.00999
14	0.02574	0.01915	0.02050	0.01590	0.02134	0.02127	0.01307	0.63197	0.09008	0.04271	0.01776	0.01755	0.01268	0.00847	0.00699	0.00212	0.00749	0.00642	0.00699	0.01180
15	0.00825	0.00707	0.00707	0.00707	0.00943	0.00589	0.00530	0.01001	0.01591	0.01885	0.07069	0.06716	0.70839	0.01767	0.00825	0.00236	0.00353	0.01473	0.00648	0.00589
16	0.76877	0.01342	0.01053	0.00932	0.01369	0.01541	0.00768	0.02113	0.01225	0.06257	0.01053	0.01190	0.00800	0.00658	0.00444	0.00216	0.00542	0.00393	0.00452	0.00775
17	0.02352	0.01746	0.01909	0.01543	0.02029	0.01927	0.01279	0.53596	0.08272	0.03936	0.02069	0.02675	0.01684	0.01009	0.00739	0.00228	0.00732	0.10485	0.00691	0.01099
18	0.80405	0.01350	0.01026	0.00918	0.01350	0.01565	0.00756	0.02051	0.01188	0.03131	0.00972	0.01134	0.00756	0.00648	0.00432	0.00216	0.00540	0.00378	0.00432	0.00756
19	0.00864	0.00708	0.00761	0.00748	0.00967	0.00606	0.00561	0.01078	0.01683	0.02106	0.22444	0.06353	0.55327	0.01685	0.00824	0.00232	0.00348	0.01422	0.00677	0.00606
20	0.01660	0.01600	0.02761	0.15229	0.58251	0.01645	0.04457	0.02088	0.01560	0.02200	0.01305	0.01754	0.01076	0.00633	0.00697	0.00212	0.00857	0.00629	0.00340	0.01047
21	0.03131	0.01188	0.01619	0.01242	0.01781	0.01026	0.01026	0.03401	0.01997	0.71606	0.02753	0.02375	0.01727	0.00864	0.00702	0.00216	0.00594	0.00702	0.00864	0.01188
22	0.03131	0.01188	0.01619	0.01242	0.01781	0.01026	0.01026	0.03401	0.01997	0.71606	0.02753	0.02375	0.01727	0.00864	0.00702	0.00216	0.00594	0.00702	0.00864	0.01188
23	0.00825	0.00707	0.00707	0.00707	0.00943	0.00589	0.00530	0.01001	0.01591	0.01885	0.07069	0.06716	0.70839	0.01767	0.00825	0.00236	0.00353	0.01473	0.00648	0.00589
24	0.01727	0.01658	0.02832	0.04283	0.71123	0.01658	0.02142	0.02142	0.01589	0.02280	0.01313	0.01727	0.01105	0.00622	0.00691	0.00207	0.00829	0.00622	0.00345	0.01105
25	0.01400	0.03610	0.71860	0.01989	0.03020	0.01621	0.02578	0.02210	0.01473	0.02210	0.01252	0.01473	0.00884	0.00663	0.00663	0.00221	0.01031	0.00516	0.00295	0.01031
26	0.01667	0.01597	0.02724	0.14473	0.61402	0.01642	0.02112	0.02089	0.01561	0.02207	0.01302	0.01747	0.01080	0.00633	0.00692	0.00211	0.00844	0.00622	0.00340	0.01057
27	0.01015	0.00677	0.00761	0.00761	0.00761	0.00677	0.00423	0.01015	0.01015	0.01353	0.02199	0.04567	0.02537	0.75476	0.03552	0.00677	0.00677	0.01015	0.00423	0.00423
28	0.01489	0.01303	0.01654	0.01520	0.12047	0.01039	0.01024	0.01815	0.01468	0.02275	0.01251	0.01489	0.01044	0.00533	0.00543	0.00119	0.00564	0.00445	0.00403	0.67976
29	0.01844	0.72492	0.06868	0.01231	0.01849	0.02707	0.01259	0.02095	0.01421	0.01669	0.00983	0.01136	0.00895	0.00600	0.00458	0.00153	0.00760	0.00380	0.00298	0.00902
30	0.00831	0.00707	0.00716	0.00714	0.00947	0.00592	0.00535	0.01014	0.01606	0.01922	0.09631	0.06655	0.68254	0.01754	0.00825	0.00235	0.00352	0.01464	0.00653	0.00592
31	0.01537	0.01366	0.04654	0.01306	0.01634	0.04639	0.03444	0.15083	0.12498	0.02851	0.24771	0.13966	0.03697	0.01273	0.00781	0.00233	0.00583	0.04165	0.00666	0.00851
32	0.02571	0.06794	0.02058	0.01769	0.02140	0.69333	0.01341	0.02753	0.01951	0.01705	0.01073	0.01252	0.00899	0.00713	0.00621	0.00178	0.01234	0.00446	0.00357	0.00813
33	0.00980	0.00713	0.00922	0.00870	0.01038	0.00655	0.00652	0.01302	0.01957	0.02755	0.67741	0.05284	0.09625	0.01443	0.00823	0.00220	0.00330	0.01272	0.00762	0.00655
34	0.01201	0.01044	0.03996	0.01058	0.01318	0.00988	0.00844	0.01977	0.20342	0.02712	0.43969	0.04399	0.08046	0.03946	0.00884	0.00241	0.00432	0.01104	0.00715	0.00783
35	0.00990	0.00666	0.00768	0.00792	0.00798	0.00660	0.00456	0.01008	0.01062	0.01416	0.02442	0.14980	0.02844	0.64643	0.03158	0.00618	0.00636	0.01158	0.00456	0.00444
36	0.01964	0.01499	0.01630	0.01395	0.01814	0.01673	0.01104	0.17410	0.44136	0.08300	0.09027	0.02635	0.02321	0.00963	0.00718	0.00228	0.00580	0.00793	0.00724	0.01086

[dist]
# distance from previous block
# <min> <max>
0	1

# created by:
# /st0/software/busco_prod/Augustus/scripts/msa2prfl.pl ./align_prep/146793.fa
