[name]
unknown

[dist]
# distance from previous block
# <min> <max>
12	33

[block]
# block no. 0 follows, 28 sequences, length 11
# corresponding to MSA columns:
# 48-58
name=unknown_A
#
# <colnr> <probs for GDERKNQSTAVLIFYWHMCP>
#	G	D	E	R	K	N	Q	S	T	A	V	L	I	F	Y	W	H	M	C	P
0	0.03897	0.01367	0.01751	0.11503	0.05871	0.01484	0.01254	0.18053	0.04478	0.13881	0.10269	0.06557	0.05060	0.04960	0.01029	0.00263	0.05859	0.00875	0.00631	0.00958
1	0.08621	0.01912	0.01703	0.01494	0.01775	0.20918	0.03088	0.07400	0.08120	0.02236	0.02244	0.02703	0.09714	0.11091	0.01396	0.00301	0.13230	0.00762	0.00480	0.00812
2	0.01796	0.01269	0.01478	0.01220	0.01582	0.01260	0.00936	0.20056	0.01993	0.07712	0.05849	0.12364	0.02273	0.13583	0.01344	0.02455	0.03267	0.00908	0.00596	0.18060
3	0.04780	0.01613	0.02313	0.07486	0.05007	0.06117	0.12642	0.01885	0.01412	0.02018	0.01701	0.05937	0.05575	0.01063	0.01407	0.00260	0.30093	0.00772	0.00389	0.07529
4	0.01186	0.00912	0.01324	0.13669	0.07284	0.00920	0.01043	0.01507	0.01771	0.04641	0.33795	0.17411	0.08827	0.01439	0.00833	0.00243	0.00519	0.01281	0.00654	0.00740
5	0.01721	0.01671	0.02510	0.04413	0.02566	0.05806	0.23225	0.08485	0.01789	0.02476	0.01610	0.07664	0.01396	0.00760	0.00710	0.00190	0.00849	0.00741	0.00452	0.30967
6	0.01669	0.01293	0.01524	0.01438	0.05898	0.01351	0.01033	0.23939	0.02143	0.02875	0.06125	0.17591	0.13824	0.06922	0.01094	0.00275	0.04227	0.01135	0.00630	0.05014
7	0.02012	0.01596	0.01784	0.05878	0.02039	0.05386	0.04614	0.31533	0.02393	0.03215	0.02431	0.02727	0.09514	0.07265	0.00966	0.00253	0.00734	0.00784	0.09600	0.05277
8	0.01746	0.01485	0.01682	0.01362	0.04228	0.03855	0.01035	0.13331	0.01820	0.02638	0.01481	0.03893	0.01286	0.04395	0.00854	0.00181	0.04657	0.00571	0.00480	0.49021
9	0.05308	0.04243	0.01707	0.01305	0.01737	0.01463	0.04284	0.22915	0.03663	0.06654	0.01972	0.06067	0.01642	0.05079	0.04691	0.00277	0.00717	0.00731	0.14229	0.11318
10	0.01487	0.01140	0.01692	0.21180	0.04714	0.01219	0.04748	0.09771	0.01771	0.06669	0.06793	0.30080	0.02925	0.01396	0.00820	0.00257	0.00685	0.01256	0.00580	0.00816

[dist]
# distance from previous block
# <min> <max>
8	31

[block]
# block no. 1 follows, 28 sequences, length 12
# corresponding to MSA columns:
# 90-101
name=unknown_B
#
# <colnr> <probs for GDERKNQSTAVLIFYWHMCP>
#	G	D	E	R	K	N	Q	S	T	A	V	L	I	F	Y	W	H	M	C	P
0	0.01890	0.01522	0.01936	0.08394	0.02235	0.01730	0.04184	0.19998	0.12089	0.05048	0.01950	0.07899	0.01645	0.01182	0.03431	0.00273	0.13710	0.00792	0.03432	0.06661
1	0.14860	0.01436	0.01775	0.22825	0.09220	0.03326	0.01395	0.14143	0.04290	0.02777	0.01742	0.08214	0.01480	0.00897	0.00674	0.00228	0.00741	0.00736	0.08343	0.00898
2	0.05104	0.04429	0.05901	0.06497	0.02324	0.14387	0.07851	0.04419	0.01576	0.05276	0.01343	0.01742	0.01112	0.01270	0.07341	0.00316	0.19633	0.00607	0.02175	0.06699
3	0.01765	0.01367	0.01884	0.21542	0.04902	0.06519	0.06013	0.02083	0.01625	0.14624	0.04727	0.10825	0.05609	0.05039	0.01024	0.00265	0.05272	0.00914	0.00525	0.03477
4	0.02129	0.02004	0.02097	0.02014	0.10691	0.19889	0.06265	0.10177	0.07867	0.08998	0.02334	0.02460	0.09185	0.01166	0.04282	0.00271	0.05931	0.00749	0.00528	0.00965
5	0.05465	0.01012	0.01302	0.14475	0.02001	0.01045	0.01013	0.04020	0.06569	0.02271	0.08137	0.31616	0.05888	0.01460	0.00787	0.00245	0.00563	0.01285	0.00584	0.10263
6	0.06114	0.01561	0.01818	0.10763	0.09858	0.05279	0.01345	0.11105	0.23459	0.07234	0.02480	0.07157	0.04612	0.01017	0.00739	0.00239	0.00712	0.02885	0.00609	0.01015
7	0.01532	0.01135	0.01612	0.01417	0.04964	0.01016	0.07314	0.03830	0.03765	0.09995	0.18115	0.14368	0.07619	0.01191	0.00767	0.00213	0.00564	0.01067	0.00631	0.18885
8	0.05062	0.00825	0.01061	0.01025	0.01233	0.00780	0.00796	0.01603	0.01892	0.09406	0.43080	0.12936	0.05458	0.01550	0.00854	0.00250	0.00436	0.10260	0.00761	0.00733
9	0.08043	0.01198	0.01594	0.08891	0.08525	0.01121	0.01118	0.02256	0.01720	0.20944	0.11100	0.05779	0.02234	0.00899	0.00681	0.00201	0.00598	0.00759	0.03777	0.18562
10	0.01959	0.01870	0.02635	0.16396	0.40633	0.11749	0.04386	0.02361	0.01710	0.07276	0.01434	0.01811	0.01133	0.00694	0.00718	0.00218	0.00943	0.00635	0.00396	0.01043
11	0.02991	0.01476	0.01811	0.01410	0.01962	0.01448	0.01158	0.20175	0.08867	0.46809	0.02585	0.02308	0.01694	0.00901	0.00731	0.00225	0.00661	0.00720	0.00839	0.01228

[dist]
# distance from previous block
# <min> <max>
6	12

[block]
# block no. 2 follows, 28 sequences, length 63
# corresponding to MSA columns:
# 114-176
name=unknown_C
#
# <colnr> <probs for GDERKNQSTAVLIFYWHMCP>
#	G	D	E	R	K	N	Q	S	T	A	V	L	I	F	Y	W	H	M	C	P
0	0.09619	0.40366	0.12870	0.01332	0.01953	0.02191	0.01345	0.04362	0.03633	0.05236	0.03866	0.04601	0.01391	0.00768	0.00563	0.00188	0.00747	0.00555	0.00415	0.03997
1	0.04358	0.19393	0.13613	0.01444	0.02029	0.05877	0.01380	0.04761	0.10744	0.12941	0.01770	0.01882	0.01356	0.01278	0.08554	0.00307	0.00914	0.00586	0.00500	0.06313
2	0.06312	0.20152	0.50917	0.01812	0.02743	0.01961	0.02235	0.02263	0.01503	0.02223	0.01218	0.01428	0.00915	0.00674	0.00624	0.00213	0.00974	0.00494	0.00317	0.01024
3	0.01934	0.61558	0.11870	0.01386	0.02047	0.07190	0.01430	0.02239	0.01522	0.01787	0.01054	0.01221	0.00932	0.00639	0.00506	0.00167	0.00848	0.00412	0.00315	0.00944
4	0.79588	0.01406	0.01068	0.00956	0.01406	0.01631	0.00787	0.02137	0.01237	0.03261	0.01012	0.01181	0.00787	0.00675	0.00450	0.00225	0.00562	0.00394	0.00450	0.00787
5	0.01016	0.00743	0.00954	0.00901	0.01078	0.00680	0.00676	0.01347	0.02027	0.02842	0.64773	0.05550	0.11667	0.01513	0.00857	0.00230	0.00345	0.01331	0.00791	0.00680
6	0.02523	0.01876	0.02022	0.01600	0.02121	0.02074	0.01302	0.56577	0.08556	0.04221	0.02039	0.08052	0.01624	0.01003	0.00745	0.00227	0.00749	0.00790	0.00724	0.01174
7	0.00886	0.00633	0.00843	0.01012	0.01054	0.00590	0.00675	0.01012	0.01392	0.01856	0.04006	0.73979	0.04808	0.02277	0.00928	0.00295	0.00422	0.02066	0.00675	0.00590
8	0.79588	0.01406	0.01068	0.00956	0.01406	0.01631	0.00787	0.02137	0.01237	0.03261	0.01012	0.01181	0.00787	0.00675	0.00450	0.00225	0.00562	0.00394	0.00450	0.00787
9	0.01808	0.01561	0.01644	0.01479	0.01890	0.01808	0.01151	0.03863	0.68606	0.03041	0.02959	0.02712	0.02219	0.00986	0.00740	0.00247	0.00575	0.00822	0.00740	0.01151
10	0.01123	0.00803	0.01112	0.01262	0.01413	0.00792	0.01067	0.01431	0.01668	0.02194	0.09223	0.16522	0.04483	0.02000	0.00982	0.00321	0.00611	0.51652	0.00681	0.00660
11	0.01799	0.01727	0.02950	0.04462	0.69919	0.01727	0.02231	0.02231	0.01655	0.02375	0.01367	0.01799	0.01151	0.00648	0.00720	0.00216	0.00864	0.00648	0.00360	0.01151
12	0.00886	0.00633	0.00843	0.01012	0.01054	0.00590	0.00675	0.01012	0.01392	0.01856	0.04006	0.73979	0.04808	0.02277	0.00928	0.00295	0.00422	0.02066	0.00675	0.00590
13	0.01507	0.01292	0.01507	0.01077	0.01723	0.00969	0.00861	0.01830	0.01507	0.02369	0.01292	0.01507	0.01077	0.00538	0.00538	0.00108	0.00538	0.00431	0.00431	0.78898
14	0.08899	0.04697	0.01672	0.01491	0.06584	0.01469	0.01095	0.21459	0.04342	0.06710	0.08543	0.16894	0.05060	0.01230	0.00749	0.00234	0.00616	0.03351	0.00646	0.04259
15	0.02315	0.40512	0.02967	0.01546	0.02049	0.35923	0.01321	0.02526	0.01758	0.01743	0.01065	0.01236	0.00935	0.00683	0.00557	0.00171	0.01034	0.00427	0.00342	0.00889
16	0.01565	0.01345	0.01414	0.01291	0.01655	0.01497	0.00998	0.03134	0.51007	0.02795	0.06565	0.03777	0.17482	0.01197	0.00771	0.00246	0.00520	0.01001	0.00728	0.01012
17	0.01943	0.74891	0.03809	0.01244	0.01866	0.02876	0.01244	0.02177	0.01477	0.01710	0.01011	0.01166	0.00933	0.00622	0.00466	0.00155	0.00777	0.00389	0.00311	0.00933
18	0.00902	0.00680	0.00823	0.00908	0.01024	0.00614	0.00628	0.01065	0.01532	0.01989	0.12411	0.42825	0.24475	0.05343	0.01025	0.00291	0.00410	0.01774	0.00678	0.00601
19	0.02397	0.04197	0.02374	0.01694	0.02315	0.03483	0.17337	0.02765	0.01831	0.32787	0.02026	0.02033	0.01397	0.00728	0.00704	0.00198	0.00776	0.00670	0.00619	0.19667
20	0.01352	0.01264	0.02123	0.69653	0.04838	0.01571	0.01961	0.01821	0.01451	0.01857	0.01408	0.05007	0.01133	0.00793	0.00735	0.00245	0.00946	0.00707	0.00338	0.00798
21	0.01057	0.00705	0.00793	0.00793	0.00793	0.00705	0.00440	0.01057	0.01057	0.01409	0.02290	0.04757	0.02643	0.74454	0.03700	0.00705	0.00705	0.01057	0.00440	0.00440
22	0.01544	0.11521	0.55009	0.02101	0.03083	0.01840	0.10475	0.02291	0.01550	0.02239	0.01292	0.01546	0.00945	0.00673	0.00686	0.00224	0.01060	0.00560	0.00315	0.01047
23	0.01890	0.01544	0.01637	0.01415	0.01837	0.01728	0.01116	0.18412	0.42778	0.03270	0.05656	0.03098	0.10243	0.01080	0.00755	0.00239	0.00595	0.00886	0.00731	0.01089
24	0.00886	0.00633	0.00843	0.01012	0.01054	0.00590	0.00675	0.01012	0.01392	0.01856	0.04006	0.73979	0.04808	0.02277	0.00928	0.00295	0.00422	0.02066	0.00675	0.00590
25	0.00886	0.00633	0.00843	0.01012	0.01054	0.00590	0.00675	0.01012	0.01392	0.01856	0.04006	0.73979	0.04808	0.02277	0.00928	0.00295	0.00422	0.02066	0.00675	0.00590
26	0.01057	0.00705	0.00793	0.00793	0.00793	0.00705	0.00440	0.01057	0.01057	0.01409	0.02290	0.04757	0.02643	0.74454	0.03700	0.00705	0.00705	0.01057	0.00440	0.00440
27	0.01716	0.01961	0.04289	0.03064	0.03799	0.01838	0.67279	0.02328	0.01716	0.02328	0.01471	0.01961	0.01103	0.00613	0.00858	0.00245	0.01225	0.00858	0.00368	0.00980
28	0.01263	0.00631	0.00947	0.00947	0.00947	0.00631	0.00631	0.00947	0.00947	0.01263	0.01263	0.02210	0.01263	0.02525	0.02841	0.78851	0.00631	0.00631	0.00316	0.00316
29	0.06674	0.01245	0.01659	0.01278	0.01835	0.01094	0.01056	0.03480	0.02043	0.67420	0.02785	0.02416	0.01754	0.00890	0.00718	0.00225	0.00616	0.00716	0.00880	0.01217
30	0.02715	0.03464	0.02060	0.01873	0.02247	0.71536	0.01404	0.02903	0.02060	0.01779	0.01124	0.01311	0.00936	0.00749	0.00655	0.00187	0.01311	0.00468	0.00375	0.00843
31	0.02763	0.02036	0.02182	0.01672	0.02254	0.02254	0.01382	0.67496	0.03418	0.04581	0.01745	0.01745	0.01236	0.00873	0.00727	0.00218	0.00800	0.00654	0.00727	0.01236
32	0.00886	0.00633	0.00843	0.01012	0.01054	0.00590	0.00675	0.01012	0.01392	0.01856	0.04006	0.73979	0.04808	0.02277	0.00928	0.00295	0.00422	0.02066	0.00675	0.00590
33	0.01506	0.00851	0.00793	0.00767	0.00964	0.04527	0.00579	0.01834	0.01576	0.05414	0.02324	0.02625	0.01810	0.00844	0.00525	0.00173	0.00403	0.00668	0.71108	0.00709
34	0.01716	0.01961	0.04289	0.03064	0.03799	0.01838	0.67279	0.02328	0.01716	0.02328	0.01471	0.01961	0.01103	0.00613	0.00858	0.00245	0.01225	0.00858	0.00368	0.00980
35	0.79588	0.01406	0.01068	0.00956	0.01406	0.01631	0.00787	0.02137	0.01237	0.03261	0.01012	0.01181	0.00787	0.00675	0.00450	0.00225	0.00562	0.00394	0.00450	0.00787
36	0.03239	0.01273	0.01709	0.01310	0.01873	0.01121	0.01082	0.06401	0.02140	0.67479	0.02818	0.02442	0.01774	0.00898	0.00731	0.00225	0.00627	0.00728	0.00892	0.01237
37	0.02322	0.02814	0.02088	0.01876	0.02243	0.51372	0.07337	0.02577	0.01953	0.01906	0.01688	0.02718	0.01587	0.00983	0.00742	0.00221	0.01178	0.13140	0.00432	0.00821
38	0.00890	0.00641	0.00844	0.00998	0.01053	0.00595	0.00671	0.01027	0.01426	0.01899	0.06585	0.68960	0.07256	0.02232	0.00923	0.00291	0.00417	0.02019	0.00679	0.00595
39	0.01507	0.01292	0.01507	0.01077	0.01723	0.00969	0.00861	0.01830	0.01507	0.02369	0.01292	0.01507	0.01077	0.00538	0.00538	0.00108	0.00538	0.00431	0.00431	0.78898
40	0.00895	0.00636	0.00841	0.01000	0.01040	0.00597	0.00662	0.01015	0.01374	0.01831	0.03914	0.70235	0.04691	0.06182	0.01078	0.00317	0.00437	0.02012	0.00662	0.00582
41	0.01527	0.04645	0.01612	0.01084	0.01729	0.01056	0.00879	0.01846	0.01506	0.02339	0.01279	0.01492	0.01070	0.00542	0.00535	0.00110	0.00549	0.00429	0.00425	0.75346
42	0.01172	0.00817	0.01047	0.01016	0.01212	0.00772	0.00789	0.04102	0.01975	0.04994	0.44973	0.11033	0.10605	0.01607	0.00875	0.00250	0.00428	0.10860	0.00762	0.00712
43	0.01507	0.01292	0.01507	0.01077	0.01723	0.00969	0.00861	0.01830	0.01507	0.02369	0.01292	0.01507	0.01077	0.00538	0.00538	0.00108	0.00538	0.00431	0.00431	0.78898
44	0.00886	0.00633	0.00843	0.01012	0.01054	0.00590	0.00675	0.01012	0.01392	0.01856	0.04006	0.73979	0.04808	0.02277	0.00928	0.00295	0.00422	0.02066	0.00675	0.00590
45	0.01799	0.01727	0.02950	0.04462	0.69919	0.01727	0.02231	0.02231	0.01655	0.02375	0.01367	0.01799	0.01151	0.00648	0.00720	0.00216	0.00864	0.00648	0.00360	0.01151
46	0.01010	0.00742	0.00945	0.00895	0.01074	0.00678	0.00671	0.01335	0.02013	0.02809	0.62616	0.05604	0.13845	0.01526	0.00858	0.00230	0.00346	0.01339	0.00786	0.00678
47	0.01943	0.74891	0.03809	0.01244	0.01866	0.02876	0.01244	0.02177	0.01477	0.01710	0.01011	0.01166	0.00933	0.00622	0.00466	0.00155	0.00777	0.00389	0.00311	0.00933
48	0.01731	0.01658	0.02828	0.15334	0.59578	0.01709	0.02197	0.02171	0.01623	0.02292	0.01355	0.01821	0.01122	0.00660	0.00721	0.00220	0.00880	0.00647	0.00354	0.01097
49	0.00865	0.00737	0.00745	0.00743	0.00986	0.00616	0.00557	0.01056	0.01672	0.01999	0.09694	0.06937	0.67272	0.01828	0.00859	0.00245	0.00367	0.01526	0.00680	0.00616
50	0.02143	0.01617	0.08030	0.03723	0.02129	0.01274	0.03279	0.10750	0.01915	0.21157	0.01786	0.01832	0.01277	0.00702	0.00645	0.00174	0.00678	0.00571	0.00580	0.35738
51	0.65774	0.01413	0.01266	0.11057	0.01943	0.01651	0.00982	0.04508	0.01348	0.03113	0.01078	0.01308	0.00829	0.00689	0.00499	0.00227	0.00628	0.00439	0.00442	0.00807
52	0.79588	0.01406	0.01068	0.00956	0.01406	0.01631	0.00787	0.02137	0.01237	0.03261	0.01012	0.01181	0.00787	0.00675	0.00450	0.00225	0.00562	0.00394	0.00450	0.00787
53	0.02632	0.01178	0.01538	0.01240	0.01705	0.01083	0.01002	0.03145	0.10305	0.48506	0.16292	0.03098	0.02869	0.01028	0.00757	0.00228	0.00558	0.00860	0.00860	0.01115
54	0.01373	0.01292	0.02180	0.72707	0.05006	0.01615	0.02019	0.01857	0.01453	0.01857	0.01292	0.01938	0.00969	0.00727	0.00727	0.00242	0.00969	0.00646	0.00323	0.00807
55	0.00896	0.00641	0.00853	0.01005	0.01057	0.00597	0.00676	0.01038	0.01440	0.01932	0.08750	0.69017	0.04956	0.02220	0.00923	0.00290	0.00416	0.02012	0.00684	0.00597
56	0.70845	0.01324	0.01025	0.00925	0.01343	0.01524	0.00756	0.02087	0.01269	0.03200	0.01164	0.01352	0.00907	0.00694	0.00456	0.00219	0.00537	0.00425	0.09172	0.00775
57	0.01057	0.00705	0.00793	0.00793	0.00793	0.00705	0.00440	0.01057	0.01057	0.01409	0.02290	0.04757	0.02643	0.74454	0.03700	0.00705	0.00705	0.01057	0.00440	0.00440
58	0.00962	0.00796	0.00828	0.00810	0.01062	0.00696	0.00619	0.03910	0.01754	0.02135	0.10349	0.06735	0.60740	0.01787	0.00859	0.00247	0.00397	0.03984	0.00684	0.00646
59	0.01799	0.01612	0.05344	0.01444	0.01875	0.01677	0.01189	0.12836	0.43922	0.03209	0.14035	0.02967	0.02793	0.01038	0.00755	0.00238	0.00596	0.00865	0.00725	0.01080
60	0.00942	0.00751	0.00852	0.00859	0.01075	0.00661	0.00665	0.01186	0.01761	0.02233	0.22754	0.06751	0.45268	0.01772	0.00877	0.00253	0.00400	0.09594	0.00706	0.00639
61	0.41221	0.14362	0.24235	0.01368	0.02050	0.01856	0.01482	0.02197	0.01374	0.02691	0.01107	0.01294	0.00855	0.00671	0.00531	0.00215	0.00765	0.00440	0.00380	0.00905
62	0.01976	0.71865	0.03735	0.01270	0.01882	0.05785	0.01251	0.02207	0.01502	0.01713	0.01015	0.01172	0.00933	0.00627	0.00474	0.00157	0.00800	0.00392	0.00314	0.00929

[dist]
# distance from previous block
# <min> <max>
0	1

[block]
# block no. 3 follows, 28 sequences, length 18
# corresponding to MSA columns:
# 178-195
name=unknown_D
#
# <colnr> <probs for GDERKNQSTAVLIFYWHMCP>
#	G	D	E	R	K	N	Q	S	T	A	V	L	I	F	Y	W	H	M	C	P
0	0.59488	0.01567	0.06849	0.01108	0.01628	0.01534	0.00992	0.02403	0.01413	0.15272	0.01370	0.01442	0.00980	0.00717	0.00520	0.00225	0.00614	0.00466	0.00519	0.00892
1	0.01599	0.02088	0.17904	0.03259	0.36502	0.01597	0.11834	0.02125	0.01656	0.02343	0.04952	0.02353	0.06928	0.00787	0.00751	0.00226	0.00900	0.00757	0.00395	0.01044
2	0.01808	0.01561	0.01644	0.01479	0.01890	0.01808	0.01151	0.03863	0.68606	0.03041	0.02959	0.02712	0.02219	0.00986	0.00740	0.00247	0.00575	0.00822	0.00740	0.01151
3	0.01566	0.18765	0.47505	0.08634	0.05345	0.01938	0.02297	0.02231	0.01519	0.02135	0.01242	0.01502	0.00936	0.00678	0.00647	0.00215	0.00993	0.00519	0.00311	0.01021
4	0.01029	0.00743	0.00972	0.00914	0.01086	0.00686	0.00686	0.01372	0.02058	0.02915	0.69536	0.05430	0.06859	0.01486	0.00857	0.00229	0.00343	0.01315	0.00800	0.00686
5	0.01141	0.07808	0.01280	0.01017	0.01286	0.00905	0.00762	0.01345	0.01497	0.02046	0.07763	0.38932	0.09748	0.01611	0.00780	0.00228	0.00473	0.01417	0.00590	0.19371
6	0.05724	0.00829	0.01046	0.00954	0.01179	0.00777	0.00729	0.01626	0.02013	0.09474	0.59171	0.04901	0.06022	0.01383	0.00822	0.00228	0.00382	0.01206	0.00790	0.00745
7	0.01083	0.00845	0.01254	0.01228	0.01348	0.01016	0.00964	0.01335	0.01164	0.01692	0.01866	0.02753	0.01747	0.05111	0.65939	0.01099	0.07743	0.00767	0.00384	0.00661
8	0.00859	0.00736	0.00736	0.00736	0.00982	0.00614	0.00552	0.01043	0.01657	0.01964	0.07364	0.06996	0.69624	0.01841	0.00859	0.00245	0.00368	0.01534	0.00675	0.00614
9	0.01943	0.74891	0.03809	0.01244	0.01866	0.02876	0.01244	0.02177	0.01477	0.01710	0.01011	0.01166	0.00933	0.00622	0.00466	0.00155	0.00777	0.00389	0.00311	0.00933
10	0.01355	0.00678	0.00678	0.00678	0.00847	0.00678	0.00508	0.01694	0.01524	0.02710	0.02371	0.02710	0.01863	0.00847	0.00508	0.00169	0.00339	0.00678	0.78489	0.00678
11	0.00997	0.00786	0.01204	0.01236	0.01365	0.00738	0.07009	0.01197	0.01465	0.01942	0.03859	0.57058	0.06518	0.02074	0.00928	0.00294	0.00526	0.09522	0.00645	0.00637
12	0.01148	0.00769	0.01010	0.00935	0.01127	0.00706	0.00706	0.01487	0.02059	0.06508	0.65987	0.05272	0.06589	0.01455	0.00851	0.00228	0.00358	0.01284	0.00805	0.00715
13	0.01158	0.00815	0.00976	0.00936	0.01029	0.00845	0.00626	0.05647	0.01361	0.01847	0.08754	0.04339	0.05821	0.45543	0.16614	0.00698	0.00909	0.01020	0.00494	0.00567
14	0.01724	0.01449	0.01936	0.01471	0.04150	0.01215	0.08432	0.08153	0.01737	0.05125	0.01416	0.01626	0.01124	0.00595	0.00605	0.00141	0.00653	0.00518	0.00467	0.57461
15	0.05327	0.01349	0.01707	0.08023	0.02144	0.01289	0.01143	0.07247	0.09931	0.37512	0.02320	0.02192	0.01574	0.00822	0.00688	0.00209	0.00642	0.00665	0.00718	0.14499
16	0.02021	0.04327	0.05768	0.01576	0.02049	0.09797	0.01300	0.11996	0.46488	0.03016	0.02434	0.02309	0.01829	0.00916	0.00717	0.00232	0.00723	0.00730	0.00658	0.01116
17	0.17202	0.20128	0.16942	0.01593	0.02246	0.10673	0.05955	0.05915	0.01698	0.09480	0.01351	0.01486	0.01020	0.00704	0.00602	0.00205	0.00880	0.00513	0.00432	0.00974

[dist]
# distance from previous block
# <min> <max>
1	5

[block]
# block no. 4 follows, 28 sequences, length 36
# corresponding to MSA columns:
# 201-236
name=unknown_E
#
# <colnr> <probs for GDERKNQSTAVLIFYWHMCP>
#	G	D	E	R	K	N	Q	S	T	A	V	L	I	F	Y	W	H	M	C	P
0	0.36160	0.01271	0.01240	0.01037	0.01484	0.01297	0.00825	0.03951	0.04620	0.12620	0.02066	0.02293	0.06806	0.07199	0.00842	0.00249	0.00570	0.00626	0.00550	0.14293
1	0.01441	0.01220	0.01436	0.01065	0.01647	0.00929	0.00840	0.01750	0.01520	0.02351	0.04208	0.07173	0.01590	0.00708	0.00581	0.00127	0.00522	0.00590	0.00464	0.69838
2	0.01008	0.00785	0.00929	0.00931	0.01142	0.00721	0.00729	0.01342	0.04167	0.02386	0.29338	0.06479	0.33040	0.01710	0.00879	0.00255	0.00418	0.12349	0.00722	0.00669
3	0.01057	0.00705	0.00793	0.00793	0.00793	0.00705	0.00440	0.01057	0.01057	0.01409	0.02290	0.04757	0.02643	0.74454	0.03700	0.00705	0.00705	0.01057	0.00440	0.00440
4	0.01449	0.01407	0.02491	0.58726	0.10498	0.01651	0.09590	0.01944	0.01501	0.01957	0.01319	0.01929	0.01000	0.00707	0.00741	0.00240	0.00990	0.00671	0.00331	0.00857
5	0.03261	0.01237	0.01687	0.01293	0.01856	0.01068	0.01068	0.03543	0.02081	0.70423	0.02868	0.02474	0.01799	0.00900	0.00731	0.00225	0.00619	0.00731	0.00900	0.01237
6	0.01188	0.00984	0.01048	0.00979	0.01264	0.00972	0.00749	0.04495	0.17418	0.02486	0.16794	0.05511	0.40290	0.01541	0.00825	0.00242	0.00430	0.01294	0.00714	0.00777
7	0.01373	0.01292	0.02180	0.72707	0.05006	0.01615	0.02019	0.01857	0.01453	0.01857	0.01292	0.01938	0.00969	0.00727	0.00727	0.00242	0.00969	0.00646	0.00323	0.00807
8	0.02533	0.03265	0.05299	0.01973	0.04574	0.60203	0.01508	0.02757	0.01944	0.01821	0.01126	0.01361	0.00944	0.00786	0.00801	0.00201	0.07184	0.00491	0.00366	0.00860
9	0.79588	0.01406	0.01068	0.00956	0.01406	0.01631	0.00787	0.02137	0.01237	0.03261	0.01012	0.01181	0.00787	0.00675	0.00450	0.00225	0.00562	0.00394	0.00450	0.00787
10	0.01539	0.01264	0.01666	0.20028	0.02557	0.01157	0.01176	0.03792	0.01620	0.05146	0.07290	0.02008	0.01584	0.00695	0.00629	0.00162	0.00646	0.00583	0.00462	0.45994
11	0.01444	0.01112	0.01609	0.02048	0.19837	0.01106	0.01223	0.08254	0.01720	0.05120	0.03004	0.38953	0.03283	0.01616	0.00849	0.00266	0.00607	0.06503	0.00604	0.00841
12	0.01726	0.01652	0.02818	0.16218	0.58737	0.01708	0.02194	0.02166	0.01620	0.02286	0.01354	0.01823	0.01120	0.00661	0.00721	0.00220	0.00882	0.00647	0.00353	0.01092
13	0.01994	0.66337	0.05874	0.01326	0.01941	0.08793	0.01306	0.02244	0.01529	0.01736	0.01030	0.01191	0.00933	0.00635	0.00490	0.00161	0.00833	0.00400	0.00316	0.00930
14	0.01699	0.01703	0.03145	0.11327	0.43096	0.01704	0.19271	0.02173	0.01640	0.02289	0.01479	0.04402	0.01248	0.00704	0.00764	0.00229	0.00955	0.00753	0.00369	0.01050
15	0.02289	0.01382	0.01631	0.01320	0.01772	0.01399	0.01062	0.20702	0.11557	0.23099	0.19226	0.03005	0.02939	0.01036	0.00755	0.00222	0.00590	0.00856	0.00785	0.04373
16	0.01612	0.01247	0.01481	0.01090	0.01693	0.00954	0.00867	0.01919	0.01547	0.07856	0.01586	0.06021	0.01364	0.00674	0.00578	0.00129	0.00538	0.00555	0.00484	0.67807
17	0.01453	0.01235	0.01450	0.01071	0.01665	0.00936	0.00845	0.01759	0.01497	0.02324	0.01527	0.07794	0.01400	0.00689	0.00572	0.00124	0.00528	0.00573	0.00452	0.72104
18	0.79588	0.01406	0.01068	0.00956	0.01406	0.01631	0.00787	0.02137	0.01237	0.03261	0.01012	0.01181	0.00787	0.00675	0.00450	0.00225	0.00562	0.00394	0.00450	0.00787
19	0.01458	0.03760	0.70688	0.02072	0.03146	0.01688	0.02686	0.02302	0.01535	0.02302	0.01304	0.01535	0.00921	0.00691	0.00691	0.00230	0.01074	0.00537	0.00307	0.01074
20	0.01517	0.01708	0.11871	0.01384	0.02100	0.01145	0.06515	0.01940	0.01528	0.02356	0.01308	0.01548	0.01056	0.00567	0.00587	0.00137	0.00673	0.00481	0.00407	0.61174
21	0.01373	0.01292	0.02180	0.72707	0.05006	0.01615	0.02019	0.01857	0.01453	0.01857	0.01292	0.01938	0.00969	0.00727	0.00727	0.00242	0.00969	0.00646	0.00323	0.00807
22	0.00861	0.00727	0.00746	0.00760	0.00988	0.00612	0.00563	0.01041	0.01634	0.01954	0.07073	0.12806	0.64002	0.01879	0.00865	0.00250	0.00373	0.01580	0.00675	0.00612
23	0.01171	0.00837	0.01171	0.01339	0.01506	0.00837	0.01171	0.01506	0.01673	0.02175	0.03849	0.08199	0.04183	0.02008	0.01004	0.00335	0.00669	0.65027	0.00669	0.00669
24	0.01430	0.01350	0.02283	0.63609	0.13660	0.01630	0.02047	0.01907	0.01480	0.01926	0.01302	0.01919	0.00993	0.00716	0.00726	0.00239	0.00955	0.00646	0.00328	0.00853
25	0.02760	0.02123	0.02174	0.01685	0.02254	0.06494	0.01383	0.63542	0.03335	0.04410	0.01707	0.01719	0.01218	0.00865	0.00723	0.00216	0.00831	0.00643	0.00706	0.01212
26	0.00886	0.00633	0.00843	0.01012	0.01054	0.00590	0.00675	0.01012	0.01392	0.01856	0.04006	0.73979	0.04808	0.02277	0.00928	0.00295	0.00422	0.02066	0.00675	0.00590
27	0.00923	0.00660	0.00887	0.01055	0.01114	0.00623	0.00740	0.01077	0.01429	0.01898	0.03986	0.65294	0.04725	0.02242	0.00938	0.00300	0.00454	0.10380	0.00674	0.00601
28	0.28987	0.04700	0.02597	0.01878	0.02473	0.01645	0.27294	0.02516	0.01618	0.17225	0.01592	0.01767	0.01136	0.00696	0.00673	0.00230	0.00847	0.00650	0.00508	0.00967
29	0.03261	0.01237	0.01687	0.01293	0.01856	0.01068	0.01068	0.03543	0.02081	0.70423	0.02868	0.02474	0.01799	0.00900	0.00731	0.00225	0.00619	0.00731	0.00900	0.01237
30	0.00886	0.00633	0.00843	0.01012	0.01054	0.00590	0.00675	0.01012	0.01392	0.01856	0.04006	0.73979	0.04808	0.02277	0.00928	0.00295	0.00422	0.02066	0.00675	0.00590
31	0.01756	0.01847	0.03636	0.03746	0.36073	0.01784	0.35528	0.02281	0.01686	0.02351	0.01420	0.01882	0.01127	0.00630	0.00790	0.00231	0.01049	0.00755	0.00364	0.01064
32	0.01817	0.01810	0.02776	0.13327	0.55800	0.07373	0.02136	0.02236	0.01661	0.02258	0.01338	0.01778	0.01110	0.00666	0.00715	0.00217	0.00914	0.00633	0.00356	0.01081
33	0.02692	0.01855	0.02216	0.01688	0.02262	0.01980	0.06642	0.50054	0.03004	0.13968	0.01914	0.01910	0.01334	0.00854	0.00729	0.00219	0.00788	0.00683	0.04014	0.01192
34	0.01153	0.00843	0.01050	0.00969	0.01173	0.00805	0.00734	0.06699	0.02116	0.02948	0.57506	0.08048	0.10191	0.01491	0.00850	0.00232	0.00385	0.01306	0.00781	0.00722
35	0.01512	0.03411	0.58395	0.02367	0.08628	0.01707	0.09263	0.02299	0.01563	0.02311	0.01327	0.01600	0.00958	0.00679	0.00710	0.00231	0.01073	0.00579	0.00317	0.01071

[dist]
# distance from previous block
# <min> <max>
0	5

# created by:
# /st0/software/busco_prod/Augustus/scripts/msa2prfl.pl ./align_prep/146965.fa
