[name]
unknown

[dist]
# distance from previous block
# <min> <max>
59	122

[block]
# block no. 0 follows, 29 sequences, length 15
# corresponding to MSA columns:
# 152-166
name=unknown_A
#
# <colnr> <probs for GDERKNQSTAVLIFYWHMCP>
#	G	D	E	R	K	N	Q	S	T	A	V	L	I	F	Y	W	H	M	C	P
0	0.01767	0.04880	0.06746	0.05210	0.04331	0.19514	0.05604	0.02199	0.06851	0.04584	0.02449	0.07103	0.11655	0.00996	0.00790	0.00212	0.04713	0.00797	0.00468	0.09131
1	0.04716	0.11702	0.15411	0.11698	0.02906	0.17184	0.12930	0.08952	0.03810	0.02294	0.01310	0.01578	0.01008	0.00698	0.00671	0.00210	0.01018	0.00576	0.00387	0.00942
2	0.02124	0.07643	0.04517	0.07347	0.02341	0.20252	0.06048	0.13116	0.10951	0.07063	0.01963	0.04657	0.04377	0.00866	0.00691	0.00210	0.00883	0.00691	0.00518	0.03743
3	0.01038	0.00857	0.05558	0.00991	0.01085	0.00716	0.00728	0.01098	0.01171	0.01587	0.02564	0.28613	0.02919	0.25754	0.07268	0.15111	0.00691	0.01255	0.00478	0.00517
4	0.04715	0.02449	0.04170	0.02323	0.16432	0.34383	0.04173	0.02342	0.01668	0.01921	0.01216	0.01680	0.01077	0.05743	0.01124	0.00248	0.12538	0.00575	0.00360	0.00865
5	0.04239	0.00966	0.01164	0.01088	0.01329	0.00978	0.00860	0.08109	0.07334	0.04711	0.38139	0.05012	0.06305	0.04127	0.00928	0.00260	0.00483	0.12479	0.00724	0.00765
6	0.07222	0.02792	0.39176	0.02444	0.08250	0.01700	0.23759	0.02247	0.01549	0.02337	0.01315	0.01634	0.00968	0.00647	0.00715	0.00229	0.01049	0.00627	0.00334	0.01008
7	0.00960	0.00707	0.00901	0.00909	0.01058	0.00647	0.00669	0.01229	0.01807	0.02478	0.44869	0.20739	0.14665	0.01690	0.00860	0.00244	0.00368	0.03822	0.00736	0.00641
8	0.51970	0.01440	0.01482	0.06584	0.06435	0.01642	0.03862	0.02385	0.13268	0.02960	0.01390	0.01548	0.01068	0.00714	0.00545	0.00226	0.00629	0.00513	0.00472	0.00867
9	0.02485	0.02426	0.01956	0.01646	0.02100	0.29590	0.01294	0.31737	0.10039	0.03103	0.01895	0.01921	0.04879	0.00870	0.00693	0.00206	0.00934	0.00633	0.00575	0.01017
10	0.01569	0.01321	0.01526	0.01099	0.01727	0.01044	0.00882	0.06794	0.01618	0.02484	0.01299	0.01494	0.01066	0.00552	0.00541	0.00114	0.00547	0.00438	0.00444	0.73442
11	0.01683	0.01594	0.02174	0.04647	0.14474	0.08727	0.13006	0.11946	0.01969	0.02571	0.14422	0.06047	0.08998	0.03501	0.00868	0.00239	0.00786	0.00927	0.00532	0.00888
12	0.01316	0.00996	0.01134	0.01038	0.01277	0.01007	0.00778	0.12606	0.08227	0.02689	0.25525	0.13239	0.17157	0.08477	0.01082	0.00280	0.00480	0.01244	0.00694	0.00756
13	0.05346	0.01243	0.01377	0.03212	0.01665	0.04044	0.00862	0.01712	0.01486	0.02263	0.04038	0.13194	0.01807	0.00851	0.00605	0.00152	0.00549	0.00712	0.00468	0.54415
14	0.04318	0.01509	0.01734	0.01342	0.01840	0.01522	0.01086	0.23686	0.04785	0.10463	0.01655	0.01861	0.01285	0.04491	0.00935	0.00210	0.07348	0.00589	0.00570	0.28771

[dist]
# distance from previous block
# <min> <max>
4	10

[block]
# block no. 1 follows, 29 sequences, length 157
# corresponding to MSA columns:
# 177-333
name=unknown_B
#
# <colnr> <probs for GDERKNQSTAVLIFYWHMCP>
#	G	D	E	R	K	N	Q	S	T	A	V	L	I	F	Y	W	H	M	C	P
0	0.00929	0.00656	0.00857	0.00994	0.01044	0.00626	0.00682	0.01057	0.01342	0.01783	0.03625	0.54799	0.04281	0.14347	0.01371	0.00361	0.00489	0.09571	0.00622	0.00563
1	0.02581	0.01932	0.02066	0.01613	0.02160	0.02150	0.01323	0.59528	0.12184	0.04285	0.01869	0.01837	0.01340	0.00870	0.00714	0.00217	0.00754	0.00663	0.00714	0.01200
2	0.01016	0.00735	0.00948	0.04314	0.01231	0.00730	0.00720	0.04619	0.01417	0.01887	0.03404	0.55624	0.03996	0.14235	0.01343	0.00350	0.00504	0.01721	0.00610	0.00597
3	0.08308	0.02011	0.02038	0.01589	0.02137	0.06274	0.01304	0.57720	0.03078	0.06073	0.01652	0.01664	0.01177	0.00834	0.00689	0.00213	0.00791	0.00614	0.00677	0.01156
4	0.01904	0.75404	0.03731	0.01218	0.01828	0.02818	0.01218	0.02132	0.01447	0.01675	0.00990	0.01142	0.00914	0.00609	0.00457	0.00152	0.00761	0.00381	0.00305	0.00914
5	0.01673	0.01894	0.04096	0.05127	0.06012	0.01791	0.63775	0.02264	0.01671	0.02269	0.01432	0.01915	0.01078	0.00605	0.00832	0.00239	0.01181	0.00827	0.00359	0.00961
6	0.03195	0.01212	0.01652	0.01267	0.01818	0.01047	0.01047	0.03470	0.02038	0.71026	0.02809	0.02424	0.01763	0.00881	0.00716	0.00220	0.00606	0.00716	0.00881	0.01212
7	0.01030	0.00688	0.00778	0.00784	0.00785	0.00687	0.00439	0.01034	0.01046	0.01395	0.02299	0.06949	0.02658	0.72591	0.03535	0.00677	0.00681	0.01068	0.00439	0.00436
8	0.00993	0.00676	0.00805	0.00846	0.00861	0.00671	0.00508	0.01035	0.01121	0.01500	0.02643	0.21773	0.03076	0.54030	0.05946	0.00611	0.00675	0.01267	0.00486	0.00477
9	0.00868	0.00620	0.00826	0.00991	0.01033	0.00578	0.00661	0.00991	0.01363	0.01818	0.03925	0.74510	0.04710	0.02231	0.00909	0.00289	0.00413	0.02024	0.00661	0.00578
10	0.00907	0.00638	0.00855	0.01010	0.01059	0.00603	0.00694	0.01031	0.01363	0.01813	0.03781	0.64804	0.04491	0.04230	0.01049	0.02785	0.00447	0.07224	0.00643	0.00572
11	0.02893	0.01321	0.01675	0.01325	0.01849	0.01257	0.01081	0.07569	0.14921	0.53912	0.02758	0.02423	0.01806	0.00896	0.00717	0.00224	0.00609	0.00728	0.00841	0.01196
12	0.01036	0.00690	0.00777	0.00777	0.00777	0.00690	0.00431	0.01036	0.01036	0.01381	0.02244	0.04660	0.02589	0.74975	0.03624	0.00690	0.00690	0.01036	0.00431	0.00431
13	0.00842	0.00721	0.00721	0.00721	0.00962	0.00601	0.00541	0.01022	0.01623	0.01924	0.07213	0.06853	0.70244	0.01803	0.00842	0.00240	0.00361	0.01503	0.00661	0.00601
14	0.05488	0.01194	0.01583	0.01236	0.01752	0.01062	0.01014	0.03287	0.04199	0.61854	0.07450	0.02592	0.02090	0.00917	0.00716	0.00221	0.00584	0.00748	0.00855	0.01157
15	0.01480	0.00838	0.00867	0.00807	0.01015	0.00864	0.00612	0.10317	0.01712	0.02811	0.02293	0.05044	0.01875	0.04115	0.00676	0.00199	0.00409	0.00723	0.62620	0.00722
16	0.01771	0.01530	0.01610	0.01449	0.01852	0.01771	0.01127	0.03784	0.69247	0.02979	0.02898	0.02657	0.02174	0.00966	0.00725	0.00242	0.00564	0.00805	0.00725	0.01127
17	0.01839	0.01515	0.01612	0.01440	0.01850	0.01737	0.01123	0.03769	0.66055	0.06210	0.02894	0.02646	0.02154	0.00962	0.00724	0.00241	0.00566	0.00801	0.00732	0.01131
18	0.02662	0.01972	0.02112	0.01629	0.02191	0.02187	0.01343	0.65102	0.06478	0.04416	0.01766	0.01755	0.01257	0.00860	0.00713	0.00215	0.00773	0.00649	0.00713	0.01207
19	0.01248	0.00783	0.01018	0.00927	0.01144	0.00710	0.00707	0.01567	0.01994	0.10602	0.58518	0.05083	0.10117	0.01412	0.00826	0.00225	0.00368	0.01236	0.00787	0.00729
20	0.03195	0.01212	0.01652	0.01267	0.01818	0.01047	0.01047	0.03470	0.02038	0.71026	0.02809	0.02424	0.01763	0.00881	0.00716	0.00220	0.00606	0.00716	0.00881	0.01212
21	0.01036	0.00690	0.00777	0.00777	0.00777	0.00690	0.00431	0.01036	0.01036	0.01381	0.02244	0.04660	0.02589	0.74975	0.03624	0.00690	0.00690	0.01036	0.00431	0.00431
22	0.02015	0.01424	0.01584	0.01383	0.01803	0.01568	0.01087	0.03592	0.52258	0.16564	0.06446	0.02751	0.02333	0.00975	0.00729	0.00236	0.00560	0.00813	0.00759	0.01120
23	0.15654	0.01891	0.01954	0.01521	0.02069	0.02106	0.01256	0.57093	0.02990	0.04271	0.01589	0.01617	0.01137	0.00822	0.00667	0.00215	0.00745	0.00598	0.00667	0.01137
24	0.00919	0.00645	0.00829	0.00955	0.00992	0.00615	0.00628	0.01023	0.01298	0.01729	0.03524	0.55228	0.04185	0.19281	0.01549	0.00385	0.00489	0.04572	0.00607	0.00547
25	0.01008	0.00728	0.00952	0.00896	0.01064	0.00672	0.00672	0.01344	0.02016	0.02855	0.70158	0.05319	0.06719	0.01456	0.00840	0.00224	0.00336	0.01288	0.00784	0.00672
26	0.01258	0.00787	0.00937	0.00885	0.01115	0.00700	0.00669	0.01487	0.01718	0.11739	0.21842	0.08695	0.30581	0.07449	0.01045	0.00273	0.00430	0.04348	0.03347	0.00694
27	0.02947	0.01207	0.01606	0.01258	0.01774	0.01080	0.01030	0.03363	0.07336	0.61431	0.06995	0.02622	0.02103	0.00924	0.00724	0.00222	0.00586	0.00759	0.00863	0.01172
28	0.03042	0.01268	0.01664	0.01296	0.01834	0.01154	0.01064	0.05599	0.08552	0.62316	0.02782	0.02423	0.01784	0.00889	0.00717	0.00222	0.00608	0.00722	0.00861	0.01204
29	0.00980	0.00727	0.00914	0.00867	0.01047	0.00660	0.00650	0.01291	0.01951	0.02702	0.59787	0.05572	0.17185	0.01513	0.00840	0.00227	0.00340	0.01323	0.00764	0.00660
30	0.01477	0.01266	0.01477	0.01055	0.01687	0.00949	0.00844	0.01793	0.01477	0.02320	0.01266	0.01477	0.01055	0.00527	0.00527	0.00105	0.00527	0.00422	0.00422	0.79328
31	0.01903	0.01500	0.01614	0.01432	0.01848	0.01704	0.01120	0.03755	0.63034	0.09269	0.02890	0.02635	0.02136	0.00958	0.00724	0.00240	0.00567	0.00797	0.00739	0.01135
32	0.00867	0.00624	0.00822	0.00981	0.01030	0.00579	0.00656	0.00993	0.01373	0.01822	0.04053	0.71864	0.07273	0.02214	0.00906	0.00287	0.00411	0.02004	0.00661	0.00579
33	0.01256	0.00942	0.01081	0.01026	0.01137	0.03329	0.00728	0.06248	0.01427	0.01988	0.08767	0.09487	0.02696	0.30691	0.13725	0.00561	0.05524	0.00987	0.07785	0.00616
34	0.03195	0.01212	0.01652	0.01267	0.01818	0.01047	0.01047	0.03470	0.02038	0.71026	0.02809	0.02424	0.01763	0.00881	0.00716	0.00220	0.00606	0.00716	0.00881	0.01212
35	0.01131	0.00814	0.01125	0.01280	0.01448	0.00808	0.01115	0.01451	0.01638	0.02120	0.03954	0.07969	0.07626	0.01958	0.00976	0.00323	0.00640	0.62315	0.00656	0.00653
36	0.40096	0.01353	0.01586	0.32065	0.02946	0.01602	0.01326	0.05157	0.01431	0.04812	0.01201	0.01542	0.00900	0.00699	0.00579	0.00227	0.00735	0.00514	0.00414	0.00815
37	0.01565	0.01622	0.02116	0.61314	0.04452	0.13382	0.01877	0.01991	0.01523	0.01807	0.01238	0.01796	0.00944	0.00716	0.00700	0.00228	0.01005	0.00604	0.00325	0.00797
38	0.03195	0.01212	0.01652	0.01267	0.01818	0.01047	0.01047	0.03470	0.02038	0.71026	0.02809	0.02424	0.01763	0.00881	0.00716	0.00220	0.00606	0.00716	0.00881	0.01212
39	0.03195	0.01212	0.01652	0.01267	0.01818	0.01047	0.01047	0.03470	0.02038	0.71026	0.02809	0.02424	0.01763	0.00881	0.00716	0.00220	0.00606	0.00716	0.00881	0.01212
40	0.01420	0.01250	0.01264	0.01206	0.03354	0.04933	0.00895	0.07280	0.23901	0.02507	0.07539	0.06525	0.32372	0.01364	0.00781	0.00236	0.00523	0.01134	0.00667	0.00849
41	0.02707	0.01995	0.02137	0.01638	0.02208	0.02208	0.01353	0.68159	0.03348	0.04488	0.01710	0.01710	0.01211	0.00855	0.00712	0.00214	0.00784	0.00641	0.00712	0.01211
42	0.00920	0.00642	0.00811	0.00924	0.00952	0.00613	0.00589	0.01005	0.01260	0.01681	0.03397	0.52598	0.04044	0.25051	0.01761	0.00415	0.00500	0.01714	0.00589	0.00532
43	0.02874	0.01726	0.01971	0.01511	0.02074	0.01810	0.01248	0.46002	0.02899	0.27278	0.02086	0.01954	0.01400	0.00864	0.00714	0.00216	0.00723	0.00667	0.00770	0.01211
44	0.01762	0.01692	0.02890	0.04371	0.70533	0.01692	0.02185	0.02185	0.01621	0.02326	0.01339	0.01762	0.01128	0.00634	0.00705	0.00211	0.00846	0.00634	0.00352	0.01128
45	0.00868	0.00620	0.00826	0.00991	0.01033	0.00578	0.00661	0.00991	0.01363	0.01818	0.03925	0.74510	0.04710	0.02231	0.00909	0.00289	0.00413	0.02024	0.00661	0.00578
46	0.03195	0.01212	0.01652	0.01267	0.01818	0.01047	0.01047	0.03470	0.02038	0.71026	0.02809	0.02424	0.01763	0.00881	0.00716	0.00220	0.00606	0.00716	0.00881	0.01212
47	0.01904	0.75404	0.03731	0.01218	0.01828	0.02818	0.01218	0.02132	0.01447	0.01675	0.00990	0.01142	0.00914	0.00609	0.00457	0.00152	0.00761	0.00381	0.00305	0.00914
48	0.01771	0.01530	0.01610	0.01449	0.01852	0.01771	0.01127	0.03784	0.69247	0.02979	0.02898	0.02657	0.02174	0.00966	0.00725	0.00242	0.00564	0.00805	0.00725	0.01127
49	0.03195	0.01212	0.01652	0.01267	0.01818	0.01047	0.01047	0.03470	0.02038	0.71026	0.02809	0.02424	0.01763	0.00881	0.00716	0.00220	0.00606	0.00716	0.00881	0.01212
50	0.01345	0.01266	0.02136	0.73264	0.04904	0.01582	0.01978	0.01819	0.01424	0.01819	0.01266	0.01898	0.00949	0.00712	0.00712	0.00237	0.00949	0.00633	0.00316	0.00791
51	0.01477	0.03171	0.54014	0.02343	0.09989	0.01641	0.10143	0.02219	0.01554	0.02286	0.03694	0.01711	0.01148	0.00690	0.00704	0.00226	0.01024	0.00600	0.00330	0.01036
52	0.01428	0.03683	0.71286	0.02030	0.03082	0.01654	0.02631	0.02255	0.01503	0.02255	0.01278	0.01503	0.00902	0.00677	0.00677	0.00226	0.01052	0.00526	0.00301	0.01052
53	0.00873	0.00622	0.00825	0.00985	0.01025	0.00582	0.00654	0.00993	0.01353	0.01804	0.03871	0.72300	0.04642	0.04533	0.00995	0.00302	0.00422	0.01993	0.00654	0.00574
54	0.01477	0.01266	0.01477	0.01055	0.01687	0.00949	0.00844	0.01793	0.01477	0.02320	0.01266	0.01477	0.01055	0.00527	0.00527	0.00105	0.00527	0.00422	0.00422	0.79328
55	0.11371	0.01925	0.02015	0.01560	0.02115	0.02140	0.01288	0.60754	0.03108	0.04343	0.01629	0.01648	0.01162	0.00833	0.00682	0.00214	0.00757	0.00612	0.00682	0.01162
56	0.01771	0.01530	0.01610	0.01449	0.01852	0.01771	0.01127	0.03784	0.69247	0.02979	0.02898	0.02657	0.02174	0.00966	0.00725	0.00242	0.00564	0.00805	0.00725	0.01127
57	0.01106	0.00790	0.01100	0.01264	0.01410	0.00784	0.01075	0.01404	0.01598	0.02085	0.03793	0.17892	0.04189	0.02006	0.00972	0.00322	0.00620	0.56290	0.00656	0.00644
58	0.02933	0.01242	0.01626	0.01282	0.01801	0.01137	0.01047	0.03453	0.11417	0.59567	0.04760	0.02540	0.01963	0.00910	0.00721	0.00223	0.00592	0.00745	0.00857	0.01184
59	0.03195	0.01212	0.01652	0.01267	0.01818	0.01047	0.01047	0.03470	0.02038	0.71026	0.02809	0.02424	0.01763	0.00881	0.00716	0.00220	0.00606	0.00716	0.00881	0.01212
60	0.00859	0.00718	0.00748	0.00749	0.00974	0.00607	0.00558	0.01053	0.01652	0.02012	0.13302	0.09197	0.61560	0.01785	0.00844	0.00241	0.00360	0.01501	0.00673	0.00607
61	0.01345	0.01266	0.02136	0.73264	0.04904	0.01582	0.01978	0.01819	0.01424	0.01819	0.01266	0.01898	0.00949	0.00712	0.00712	0.00237	0.00949	0.00633	0.00316	0.00791
62	0.00868	0.00620	0.00826	0.00991	0.01033	0.00578	0.00661	0.00991	0.01363	0.01818	0.03925	0.74510	0.04710	0.02231	0.00909	0.00289	0.00413	0.02024	0.00661	0.00578
63	0.02707	0.01995	0.02137	0.01638	0.02208	0.02208	0.01353	0.68159	0.03348	0.04488	0.01710	0.01710	0.01211	0.00855	0.00712	0.00214	0.00784	0.00641	0.00712	0.01211
64	0.80005	0.01377	0.01047	0.00936	0.01377	0.01597	0.00771	0.02093	0.01212	0.03195	0.00991	0.01157	0.00771	0.00661	0.00441	0.00220	0.00551	0.00386	0.00441	0.00771
65	0.01131	0.00814	0.01125	0.01280	0.01448	0.00808	0.01115	0.01451	0.01638	0.02120	0.03953	0.07970	0.07605	0.01958	0.00976	0.00323	0.00640	0.62335	0.00656	0.00653
66	0.01428	0.03683	0.71286	0.02030	0.03082	0.01654	0.02631	0.02255	0.01503	0.02255	0.01278	0.01503	0.00902	0.00677	0.00677	0.00226	0.01052	0.00526	0.00301	0.01052
67	0.00850	0.00722	0.00734	0.00731	0.00967	0.00605	0.00548	0.01039	0.01644	0.01973	0.10550	0.06771	0.66877	0.01785	0.00841	0.00240	0.00359	0.01491	0.00668	0.00605
68	0.02707	0.01995	0.02137	0.01638	0.02208	0.02208	0.01353	0.68159	0.03348	0.04488	0.01710	0.01710	0.01211	0.00855	0.00712	0.00214	0.00784	0.00641	0.00712	0.01211
69	0.01904	0.75404	0.03731	0.01218	0.01828	0.02818	0.01218	0.02132	0.01447	0.01675	0.00990	0.01142	0.00914	0.00609	0.00457	0.00152	0.00761	0.00381	0.00305	0.00914
70	0.00868	0.00620	0.00826	0.00991	0.01033	0.00578	0.00661	0.00991	0.01363	0.01818	0.03925	0.74510	0.04710	0.02231	0.00909	0.00289	0.00413	0.02024	0.00661	0.00578
71	0.01771	0.01530	0.01610	0.01449	0.01852	0.01771	0.01127	0.03784	0.69247	0.02979	0.02898	0.02657	0.02174	0.00966	0.00725	0.00242	0.00564	0.00805	0.00725	0.01127
72	0.00875	0.00625	0.00833	0.00986	0.01034	0.00583	0.00662	0.01010	0.01398	0.01873	0.07436	0.70842	0.04816	0.02190	0.00905	0.00286	0.00409	0.01985	0.00668	0.00583
73	0.01428	0.03683	0.71286	0.02030	0.03082	0.01654	0.02631	0.02255	0.01503	0.02255	0.01278	0.01503	0.00902	0.00677	0.00677	0.00226	0.01052	0.00526	0.00301	0.01052
74	0.00868	0.00620	0.00826	0.00991	0.01033	0.00578	0.00661	0.00991	0.01363	0.01818	0.03925	0.74510	0.04710	0.02231	0.00909	0.00289	0.00413	0.02024	0.00661	0.00578
75	0.04798	0.02078	0.02099	0.01633	0.02185	0.07194	0.01339	0.61695	0.03195	0.04256	0.01647	0.01664	0.01178	0.00841	0.00700	0.00212	0.00813	0.00621	0.00680	0.01171
76	0.01882	0.72105	0.06838	0.01256	0.01885	0.02764	0.01283	0.02138	0.01449	0.01702	0.01003	0.01159	0.00913	0.00612	0.00467	0.00156	0.00775	0.00387	0.00304	0.00920
77	0.00868	0.00620	0.00826	0.00991	0.01033	0.00578	0.00661	0.00991	0.01363	0.01818	0.03925	0.74510	0.04710	0.02231	0.00909	0.00289	0.00413	0.02024	0.00661	0.00578
78	0.02707	0.01995	0.02137	0.01638	0.02208	0.02208	0.01353	0.68159	0.03348	0.04488	0.01710	0.01710	0.01211	0.00855	0.00712	0.00214	0.00784	0.00641	0.00712	0.01211
79	0.01667	0.01881	0.03983	0.02878	0.03521	0.01842	0.60749	0.02219	0.01617	0.02219	0.01386	0.01881	0.01065	0.00670	0.01003	0.00248	0.09058	0.00817	0.00355	0.00941
80	0.01477	0.11022	0.64373	0.01947	0.02954	0.01773	0.02486	0.02242	0.01498	0.02196	0.01248	0.01466	0.00903	0.00670	0.00654	0.00218	0.01023	0.00511	0.00301	0.01038
81	0.00859	0.00718	0.00748	0.00749	0.00975	0.00607	0.00558	0.01053	0.01652	0.02012	0.13344	0.09196	0.61518	0.01785	0.00844	0.00241	0.00360	0.01501	0.00673	0.00607
82	0.06452	0.01366	0.01664	0.01327	0.01843	0.01343	0.01082	0.09974	0.16393	0.46712	0.02632	0.02342	0.01748	0.00886	0.00705	0.00224	0.00612	0.00712	0.00810	0.01173
83	0.05264	0.65073	0.10303	0.01286	0.01932	0.02649	0.01339	0.02143	0.01442	0.01799	0.01019	0.01179	0.00906	0.00618	0.00478	0.00163	0.00781	0.00395	0.00310	0.00921
84	0.80005	0.01377	0.01047	0.00936	0.01377	0.01597	0.00771	0.02093	0.01212	0.03195	0.00991	0.01157	0.00771	0.00661	0.00441	0.00220	0.00551	0.00386	0.00441	0.00771
85	0.00986	0.00725	0.00912	0.00866	0.01036	0.00663	0.00643	0.01285	0.01916	0.02659	0.58360	0.05498	0.15211	0.04957	0.00971	0.00248	0.00356	0.01305	0.00751	0.00651
86	0.02670	0.03089	0.02044	0.01792	0.02203	0.56898	0.01371	0.17062	0.02307	0.02340	0.01233	0.01377	0.00981	0.00760	0.00657	0.00190	0.01175	0.00498	0.00442	0.00909
87	0.01839	0.01666	0.02824	0.04205	0.66869	0.01657	0.02125	0.02254	0.01644	0.05990	0.01418	0.01798	0.01162	0.00648	0.00706	0.00212	0.00833	0.00639	0.00381	0.01132
88	0.02707	0.01995	0.02137	0.01638	0.02208	0.02208	0.01353	0.68159	0.03348	0.04488	0.01710	0.01710	0.01211	0.00855	0.00712	0.00214	0.00784	0.00641	0.00712	0.01211
89	0.02886	0.01292	0.01655	0.01303	0.01820	0.01212	0.01064	0.08554	0.10403	0.54402	0.05671	0.02522	0.01986	0.00915	0.00722	0.00223	0.00603	0.00746	0.00844	0.01178
90	0.01644	0.01762	0.03571	0.14796	0.18854	0.01741	0.42456	0.02184	0.01625	0.02216	0.01389	0.01882	0.01070	0.00626	0.00789	0.00233	0.01080	0.00760	0.00351	0.00970
91	0.03002	0.01169	0.01591	0.01234	0.01751	0.01014	0.01014	0.03283	0.02036	0.65025	0.08739	0.02679	0.02199	0.00932	0.00727	0.00221	0.00582	0.00766	0.00873	0.01164
92	0.00992	0.00716	0.00938	0.00907	0.01060	0.00661	0.00671	0.01304	0.01941	0.02737	0.62609	0.13205	0.06490	0.01544	0.00848	0.00231	0.00345	0.01372	0.00770	0.00661
93	0.01677	0.01909	0.04138	0.02966	0.03663	0.01813	0.65862	0.02263	0.01662	0.02263	0.01425	0.01909	0.01076	0.00621	0.00887	0.00242	0.03477	0.00834	0.00359	0.00955
94	0.03145	0.01223	0.01651	0.01273	0.01819	0.01072	0.01049	0.03481	0.04371	0.68665	0.02812	0.02432	0.01777	0.00884	0.00716	0.00221	0.00604	0.00719	0.00876	0.01209
95	0.03195	0.01212	0.01652	0.01267	0.01818	0.01047	0.01047	0.03470	0.02038	0.71026	0.02809	0.02424	0.01763	0.00881	0.00716	0.00220	0.00606	0.00716	0.00881	0.01212
96	0.01460	0.03491	0.64676	0.02256	0.09601	0.01657	0.02588	0.02248	0.01515	0.02262	0.01284	0.01528	0.00924	0.00672	0.00679	0.00224	0.01032	0.00537	0.00306	0.01060
97	0.02921	0.03500	0.01685	0.01275	0.01791	0.01163	0.01047	0.05439	0.06529	0.58494	0.02783	0.06198	0.01902	0.00949	0.00719	0.00223	0.00603	0.00779	0.00836	0.01163
98	0.75832	0.01394	0.01145	0.01120	0.05065	0.01602	0.00847	0.02098	0.01234	0.03148	0.01010	0.01189	0.00790	0.00660	0.00455	0.00220	0.00567	0.00399	0.00436	0.00790
99	0.00867	0.00721	0.00760	0.00775	0.00998	0.00615	0.00586	0.01060	0.01629	0.01973	0.09845	0.10451	0.60226	0.01818	0.00853	0.00247	0.00378	0.04926	0.00667	0.00606
100	0.01434	0.01350	0.02330	0.53807	0.16648	0.01572	0.05454	0.01872	0.01452	0.01911	0.01287	0.01886	0.01001	0.00769	0.00808	0.03681	0.00929	0.00643	0.00325	0.00840
101	0.01665	0.01890	0.04105	0.06302	0.03777	0.01790	0.64848	0.02259	0.01669	0.02259	0.01432	0.01920	0.01074	0.00605	0.00834	0.00240	0.01189	0.00831	0.00358	0.00952
102	0.00867	0.00721	0.00748	0.00760	0.00978	0.00615	0.00567	0.01043	0.01585	0.01901	0.06686	0.08863	0.61521	0.05726	0.00999	0.00270	0.00394	0.04512	0.00649	0.00594
103	0.75883	0.01410	0.01105	0.00974	0.01421	0.01630	0.00802	0.05616	0.01326	0.03264	0.01030	0.01186	0.00795	0.00671	0.00455	0.00220	0.00563	0.00399	0.00455	0.00795
104	0.02460	0.01802	0.01946	0.01556	0.02075	0.01998	0.01265	0.44433	0.23013	0.08591	0.02141	0.02042	0.01537	0.00890	0.00716	0.00222	0.00705	0.00695	0.00728	0.01186
105	0.00951	0.00712	0.00978	0.07017	0.01400	0.00699	0.00814	0.01154	0.01491	0.01984	0.12108	0.49593	0.08059	0.01959	0.00888	0.00278	0.00470	0.08180	0.00647	0.00617
106	0.03195	0.01212	0.01652	0.01267	0.01818	0.01047	0.01047	0.03470	0.02038	0.71026	0.02809	0.02424	0.01763	0.00881	0.00716	0.00220	0.00606	0.00716	0.00881	0.01212
107	0.01496	0.01492	0.02469	0.31765	0.06606	0.01858	0.10760	0.01857	0.01334	0.01863	0.01160	0.01758	0.00970	0.00908	0.01383	0.00266	0.30251	0.00657	0.00322	0.00825
108	0.01647	0.02098	0.11520	0.02840	0.03563	0.01803	0.57575	0.02251	0.01633	0.02251	0.01399	0.01857	0.01054	0.00639	0.00893	0.00242	0.04626	0.00795	0.00351	0.00962
109	0.01657	0.01840	0.03806	0.05291	0.06693	0.01838	0.53942	0.02187	0.01592	0.02194	0.01364	0.01865	0.01059	0.00690	0.01025	0.00248	0.10623	0.00795	0.00352	0.00939
110	0.01771	0.01530	0.01610	0.01449	0.01852	0.01771	0.01127	0.03784	0.69247	0.02979	0.02898	0.02657	0.02174	0.00966	0.00725	0.00242	0.00564	0.00805	0.00725	0.01127
111	0.01172	0.00932	0.04766	0.01154	0.01376	0.00780	0.00984	0.01452	0.01611	0.06496	0.07324	0.21856	0.15470	0.01835	0.00902	0.00287	0.00553	0.29703	0.00659	0.00687
112	0.02707	0.01995	0.02137	0.01638	0.02208	0.02208	0.01353	0.68159	0.03348	0.04488	0.01710	0.01710	0.01211	0.00855	0.00712	0.00214	0.00784	0.00641	0.00712	0.01211
113	0.01147	0.00820	0.01147	0.01311	0.01475	0.00820	0.01147	0.01475	0.01639	0.02131	0.03770	0.08032	0.04098	0.01967	0.00984	0.00328	0.00656	0.65741	0.00656	0.00656
114	0.00842	0.00721	0.00721	0.00721	0.00962	0.00601	0.00541	0.01022	0.01623	0.01924	0.07213	0.06853	0.70244	0.01803	0.00842	0.00240	0.00361	0.01503	0.00661	0.00601
115	0.01628	0.05738	0.20848	0.02678	0.03475	0.01811	0.48650	0.02268	0.01626	0.02247	0.01379	0.01781	0.01028	0.00620	0.00782	0.00232	0.01143	0.00741	0.00343	0.00981
116	0.01428	0.03683	0.71286	0.02030	0.03082	0.01654	0.02631	0.02255	0.01503	0.02255	0.01278	0.01503	0.00902	0.00677	0.00677	0.00226	0.01052	0.00526	0.00301	0.01052
117	0.01345	0.01266	0.02136	0.73264	0.04904	0.01582	0.01978	0.01819	0.01424	0.01819	0.01266	0.01898	0.00949	0.00712	0.00712	0.00237	0.00949	0.00633	0.00316	0.00791
118	0.03195	0.01212	0.01652	0.01267	0.01818	0.01047	0.01047	0.03470	0.02038	0.71026	0.02809	0.02424	0.01763	0.00881	0.00716	0.00220	0.00606	0.00716	0.00881	0.01212
119	0.02564	0.14355	0.02367	0.01620	0.02144	0.20163	0.01337	0.40681	0.02697	0.03327	0.01436	0.01508	0.01087	0.00784	0.00653	0.00196	0.00908	0.00552	0.00557	0.01064
120	0.00868	0.00620	0.00826	0.00991	0.01033	0.00578	0.00661	0.00991	0.01363	0.01818	0.03925	0.74510	0.04710	0.02231	0.00909	0.00289	0.00413	0.02024	0.00661	0.00578
121	0.01477	0.01266	0.01477	0.01055	0.01687	0.00949	0.00844	0.01793	0.01477	0.02320	0.01266	0.01477	0.01055	0.00527	0.00527	0.00105	0.00527	0.00422	0.00422	0.79328
122	0.01046	0.01455	0.18230	0.01107	0.01522	0.00886	0.01104	0.01441	0.01733	0.02337	0.28169	0.04985	0.30491	0.01401	0.00800	0.00231	0.00523	0.01185	0.00616	0.00738
123	0.00842	0.00721	0.00721	0.00721	0.00962	0.00601	0.00541	0.01022	0.01623	0.01924	0.07213	0.06853	0.70244	0.01803	0.00842	0.00240	0.00361	0.01503	0.00661	0.00601
124	0.02707	0.01995	0.02137	0.01638	0.02208	0.02208	0.01353	0.68159	0.03348	0.04488	0.01710	0.01710	0.01211	0.00855	0.00712	0.00214	0.00784	0.00641	0.00712	0.01211
125	0.00881	0.00635	0.00838	0.00996	0.01053	0.00592	0.00681	0.01019	0.01390	0.01839	0.04073	0.67773	0.07790	0.02197	0.00910	0.00289	0.00423	0.05377	0.00661	0.00584
126	0.01685	0.01910	0.04140	0.03066	0.06860	0.01796	0.64858	0.02276	0.01678	0.02283	0.01436	0.01913	0.01083	0.00602	0.00834	0.00239	0.01184	0.00831	0.00360	0.00968
127	0.01477	0.01266	0.01477	0.01055	0.01687	0.00949	0.00844	0.01793	0.01477	0.02320	0.01266	0.01477	0.01055	0.00527	0.00527	0.00105	0.00527	0.00422	0.00422	0.79328
128	0.01376	0.00809	0.01070	0.00958	0.01191	0.00735	0.00735	0.01701	0.02019	0.14322	0.58829	0.04832	0.05885	0.01359	0.00819	0.00223	0.00381	0.01192	0.00800	0.00763
129	0.01008	0.00728	0.00952	0.00896	0.01064	0.00672	0.00672	0.01344	0.02016	0.02855	0.70158	0.05319	0.06719	0.01456	0.00840	0.00224	0.00336	0.01288	0.00784	0.00672
130	0.02761	0.01275	0.01615	0.01279	0.01780	0.01200	0.01043	0.09531	0.09734	0.50038	0.07009	0.02731	0.04737	0.00960	0.00729	0.00223	0.00592	0.00785	0.00833	0.01145
131	0.80005	0.01377	0.01047	0.00936	0.01377	0.01597	0.00771	0.02093	0.01212	0.03195	0.00991	0.01157	0.00771	0.00661	0.00441	0.00220	0.00551	0.00386	0.00441	0.00771
132	0.03091	0.01189	0.01619	0.01249	0.01782	0.01029	0.01029	0.03369	0.02037	0.67789	0.06008	0.02561	0.01998	0.00909	0.00722	0.00221	0.00593	0.00743	0.00877	0.01186
133	0.03195	0.01212	0.01652	0.01267	0.01818	0.01047	0.01047	0.03470	0.02038	0.71026	0.02809	0.02424	0.01763	0.00881	0.00716	0.00220	0.00606	0.00716	0.00881	0.01212
134	0.01616	0.01840	0.11416	0.21184	0.45640	0.01660	0.02190	0.02103	0.01557	0.02191	0.01313	0.01763	0.01055	0.00659	0.00703	0.00220	0.00898	0.00620	0.00337	0.01035
135	0.01743	0.01672	0.02856	0.07539	0.67515	0.01687	0.02176	0.02168	0.01612	0.02303	0.01336	0.01769	0.01120	0.00638	0.00705	0.00213	0.00851	0.00634	0.00351	0.01112
136	0.01771	0.01530	0.01610	0.01449	0.01852	0.01771	0.01127	0.03784	0.69247	0.02979	0.02898	0.02657	0.02174	0.00966	0.00725	0.00242	0.00564	0.00805	0.00725	0.01127
137	0.02613	0.01948	0.02084	0.01619	0.02172	0.02164	0.01331	0.61701	0.09958	0.04336	0.01829	0.01805	0.01308	0.00866	0.00714	0.00216	0.00761	0.00658	0.00714	0.01203
138	0.01425	0.01404	0.02392	0.39869	0.03719	0.01713	0.11947	0.01820	0.01369	0.01859	0.01316	0.04224	0.01114	0.01021	0.03336	0.00286	0.19339	0.00712	0.00335	0.00802
139	0.03195	0.01212	0.01652	0.01267	0.01818	0.01047	0.01047	0.03470	0.02038	0.71026	0.02809	0.02424	0.01763	0.00881	0.00716	0.00220	0.00606	0.00716	0.00881	0.01212
140	0.00979	0.00723	0.00914	0.00874	0.01048	0.00658	0.00653	0.01285	0.01935	0.02684	0.58708	0.08090	0.15734	0.01534	0.00843	0.00229	0.00342	0.01346	0.00762	0.00658
141	0.67340	0.01465	0.01210	0.01046	0.01503	0.01685	0.00860	0.11131	0.03368	0.03365	0.01141	0.01273	0.00869	0.00696	0.00485	0.00220	0.00583	0.00432	0.00485	0.00841
142	0.01706	0.01796	0.05261	0.16807	0.08925	0.01824	0.34154	0.08865	0.01731	0.02361	0.01370	0.01833	0.01052	0.00718	0.00936	0.00241	0.08359	0.00731	0.00380	0.00950
143	0.03109	0.01193	0.01625	0.01252	0.01788	0.01032	0.01032	0.03387	0.02037	0.68360	0.05443	0.02537	0.01956	0.00904	0.00721	0.00220	0.00595	0.00738	0.00878	0.01191
144	0.01814	0.01551	0.01634	0.01458	0.01868	0.01791	0.01137	0.06745	0.66216	0.03048	0.02844	0.02613	0.02129	0.00961	0.00724	0.00240	0.00574	0.00798	0.00724	0.01131
145	0.01646	0.01573	0.02680	0.23597	0.52218	0.01661	0.02127	0.02083	0.01566	0.02185	0.01319	0.01800	0.01078	0.00656	0.00707	0.00219	0.00875	0.00634	0.00342	0.01034
146	0.01840	0.01623	0.01898	0.20701	0.05419	0.05088	0.01440	0.12809	0.35531	0.02813	0.02141	0.02214	0.01604	0.00858	0.00715	0.00232	0.00744	0.00712	0.00583	0.01036
147	0.00914	0.00659	0.00793	0.00880	0.00943	0.00616	0.00570	0.01010	0.01308	0.01703	0.03975	0.41630	0.15280	0.24340	0.01725	0.00403	0.00489	0.01634	0.00591	0.00537
148	0.01083	0.00786	0.01038	0.01162	0.01317	0.00767	0.00972	0.01350	0.01567	0.02016	0.04120	0.09680	0.13523	0.09275	0.01225	0.00350	0.00609	0.47902	0.00634	0.00623
149	0.02630	0.03336	0.02047	0.01920	0.04508	0.69739	0.01403	0.02821	0.02005	0.01762	0.01109	0.01300	0.00924	0.00730	0.00644	0.00184	0.01269	0.00465	0.00366	0.00836
150	0.00969	0.00754	0.00890	0.00958	0.01150	0.00688	0.00770	0.01194	0.01589	0.01970	0.05524	0.09534	0.39180	0.05760	0.01046	0.00299	0.00492	0.25972	0.00647	0.00612
151	0.00842	0.00719	0.00724	0.00729	0.00964	0.00600	0.00544	0.01021	0.01616	0.01921	0.07122	0.08731	0.68425	0.01815	0.00843	0.00242	0.00362	0.01517	0.00661	0.00600
152	0.02485	0.01934	0.02007	0.01598	0.02115	0.05139	0.01300	0.51748	0.14952	0.04010	0.01901	0.01894	0.01387	0.01010	0.02956	0.00247	0.00802	0.00666	0.00689	0.01161
153	0.52263	0.01392	0.01602	0.20657	0.02524	0.01610	0.06655	0.02035	0.01308	0.02747	0.01103	0.01420	0.00845	0.00670	0.00547	0.00227	0.00712	0.00490	0.00400	0.00792
154	0.51303	0.01362	0.01442	0.21908	0.04463	0.01604	0.01178	0.02097	0.04516	0.02762	0.01171	0.01460	0.00900	0.00689	0.00540	0.00226	0.00675	0.00484	0.00416	0.00804
155	0.04214	0.19320	0.40169	0.01929	0.02771	0.06845	0.10890	0.02267	0.01541	0.02124	0.01214	0.01452	0.00925	0.00655	0.00639	0.00208	0.01007	0.00526	0.00319	0.00984
156	0.05826	0.07020	0.01806	0.04142	0.11868	0.03726	0.01190	0.15348	0.01796	0.02462	0.02222	0.16813	0.03974	0.10108	0.01179	0.00293	0.05087	0.03784	0.00517	0.00840

[dist]
# distance from previous block
# <min> <max>
3	16

# created by:
# /st0/software/busco_prod/Augustus/scripts/msa2prfl.pl ./align_prep/147060.fa
