[name]
unknown

[dist]
# distance from previous block
# <min> <max>
41	63

[block]
# block no. 0 follows, 26 sequences, length 9
# corresponding to MSA columns:
# 80-88
name=unknown_A
#
# <colnr> <probs for GDERKNQSTAVLIFYWHMCP>
#	G	D	E	R	K	N	Q	S	T	A	V	L	I	F	Y	W	H	M	C	P
0	0.03430	0.01297	0.01896	0.17055	0.07915	0.01470	0.04150	0.01816	0.04725	0.02108	0.02396	0.14908	0.06906	0.05043	0.01291	0.00290	0.14716	0.01018	0.00474	0.07095
1	0.01605	0.01393	0.02279	0.48260	0.04226	0.01621	0.06595	0.04740	0.01670	0.05693	0.04421	0.04936	0.01502	0.00881	0.00852	0.00251	0.04094	0.00774	0.00430	0.03778
2	0.01132	0.00822	0.01053	0.04073	0.01348	0.00821	0.00797	0.06434	0.01617	0.02162	0.06272	0.53699	0.04376	0.10099	0.01263	0.00344	0.00526	0.01823	0.00671	0.00667
3	0.01761	0.01110	0.01358	0.06471	0.05136	0.01176	0.00987	0.11419	0.01978	0.07580	0.10601	0.02867	0.02361	0.00974	0.00735	0.00211	0.03435	0.00786	0.38180	0.00876
4	0.02313	0.01796	0.01813	0.01503	0.01939	0.06536	0.01188	0.37127	0.11042	0.03712	0.02248	0.08299	0.01880	0.05424	0.00935	0.00261	0.00748	0.00846	0.09313	0.01077
5	0.01675	0.01191	0.01315	0.01131	0.01481	0.01192	0.00887	0.18689	0.04846	0.07097	0.17910	0.04823	0.27083	0.03344	0.00912	0.00254	0.00531	0.01184	0.03569	0.00887
6	0.10572	0.05634	0.01848	0.06769	0.02119	0.37198	0.01237	0.02367	0.01734	0.01965	0.01485	0.04422	0.01414	0.12795	0.03172	0.00327	0.03079	0.00660	0.00413	0.00790
7	0.37597	0.01833	0.01688	0.06187	0.02108	0.08044	0.01177	0.21377	0.02135	0.09164	0.01479	0.01589	0.01078	0.00796	0.00620	0.00230	0.00765	0.00547	0.00579	0.01007
8	0.14699	0.22738	0.05214	0.01635	0.02082	0.12085	0.03618	0.06235	0.04903	0.02367	0.01235	0.01499	0.01045	0.00865	0.01010	0.00231	0.16651	0.00538	0.00410	0.00941

[dist]
# distance from previous block
# <min> <max>
9	17

[block]
# block no. 1 follows, 26 sequences, length 8
# corresponding to MSA columns:
# 109-116
name=unknown_B
#
# <colnr> <probs for GDERKNQSTAVLIFYWHMCP>
#	G	D	E	R	K	N	Q	S	T	A	V	L	I	F	Y	W	H	M	C	P
0	0.04166	0.09493	0.12284	0.01768	0.02289	0.06643	0.10464	0.11057	0.01834	0.02501	0.01915	0.04770	0.05020	0.07295	0.01198	0.00278	0.08972	0.00769	0.02503	0.04780
1	0.01607	0.09214	0.39286	0.02548	0.15825	0.01798	0.07890	0.02269	0.01648	0.02336	0.01890	0.02136	0.06652	0.00799	0.00736	0.00233	0.01003	0.00686	0.00369	0.01075
2	0.52570	0.08668	0.01653	0.01246	0.01732	0.12977	0.01025	0.07968	0.01653	0.03122	0.01142	0.01304	0.00902	0.00730	0.00531	0.00221	0.00756	0.00447	0.00468	0.00886
3	0.02209	0.02033	0.13377	0.01606	0.02225	0.01726	0.01490	0.26732	0.10138	0.10084	0.02547	0.02864	0.06277	0.01028	0.00770	0.00236	0.00772	0.05649	0.00669	0.07566
4	0.08390	0.06565	0.04774	0.11759	0.02393	0.01704	0.01354	0.15188	0.12685	0.08631	0.06654	0.03142	0.05873	0.01071	0.00759	0.00247	0.00728	0.06428	0.00637	0.01014
5	0.09927	0.02585	0.32729	0.01713	0.02407	0.05232	0.01856	0.02239	0.01595	0.07143	0.01852	0.10227	0.01648	0.01020	0.00848	0.00246	0.05803	0.03472	0.00456	0.07003
6	0.12835	0.10485	0.08270	0.04778	0.19507	0.11122	0.01641	0.08287	0.01910	0.06286	0.06634	0.01951	0.01574	0.00802	0.00682	0.00219	0.00871	0.00632	0.00480	0.01033
7	0.11024	0.06596	0.02542	0.02822	0.29261	0.09043	0.01710	0.19159	0.02213	0.06381	0.01516	0.01730	0.01177	0.00763	0.00698	0.00220	0.00878	0.00615	0.00513	0.01138

[dist]
# distance from previous block
# <min> <max>
5	34

[block]
# block no. 2 follows, 26 sequences, length 78
# corresponding to MSA columns:
# 151-169,174-179,182-191,220-262
name=unknown_C
#
# <colnr> <probs for GDERKNQSTAVLIFYWHMCP>
#	G	D	E	R	K	N	Q	S	T	A	V	L	I	F	Y	W	H	M	C	P
0	0.01400	0.01045	0.01187	0.01125	0.01318	0.03291	0.00813	0.04610	0.04892	0.04441	0.08764	0.19531	0.03357	0.22135	0.01753	0.00392	0.02835	0.05619	0.03301	0.08192
1	0.06530	0.01507	0.01698	0.01572	0.05173	0.01646	0.01169	0.15611	0.28488	0.07824	0.12159	0.08202	0.02845	0.01140	0.00782	0.00248	0.00617	0.00954	0.00747	0.01087
2	0.02424	0.01790	0.01937	0.01540	0.02034	0.01938	0.01235	0.49673	0.03022	0.04047	0.02353	0.08322	0.05191	0.07017	0.01031	0.00273	0.00760	0.00881	0.00716	0.03814
3	0.06075	0.02695	0.11900	0.02255	0.13290	0.26243	0.01685	0.08010	0.12422	0.02549	0.01645	0.01897	0.01316	0.03778	0.00840	0.00243	0.01024	0.00626	0.00476	0.01032
4	0.01671	0.10867	0.42325	0.01977	0.05402	0.03988	0.02181	0.05062	0.08066	0.02459	0.01927	0.04470	0.04639	0.00869	0.00719	0.00234	0.00963	0.00688	0.00420	0.01073
5	0.01052	0.00822	0.00971	0.01014	0.01211	0.00770	0.00773	0.01418	0.06194	0.02309	0.16565	0.20639	0.29767	0.01919	0.00927	0.00279	0.00456	0.11488	0.00731	0.00696
6	0.00973	0.00679	0.00916	0.01082	0.01135	0.00641	0.00747	0.01097	0.01450	0.01929	0.03997	0.63081	0.04742	0.02367	0.01093	0.04892	0.00475	0.07416	0.00681	0.00606
7	0.01776	0.01947	0.10394	0.03389	0.38378	0.01740	0.05815	0.02610	0.14530	0.02584	0.01976	0.02624	0.01664	0.00872	0.00786	0.00246	0.00872	0.06186	0.00475	0.01138
8	0.01771	0.01711	0.02965	0.19856	0.50888	0.01781	0.05466	0.02244	0.01682	0.02352	0.01414	0.01919	0.01155	0.00693	0.00760	0.00233	0.00945	0.00686	0.00367	0.01111
9	0.00924	0.00660	0.00880	0.01056	0.01100	0.00616	0.00704	0.01056	0.01452	0.01936	0.04181	0.72848	0.05017	0.02376	0.00968	0.00308	0.00440	0.02156	0.00704	0.00616
10	0.01634	0.01517	0.02549	0.36864	0.33861	0.01681	0.02114	0.02106	0.01617	0.02237	0.01450	0.02004	0.01153	0.00728	0.00741	0.00236	0.00922	0.00677	0.04911	0.00998
11	0.01540	0.01424	0.02356	0.64456	0.04990	0.01737	0.04403	0.06144	0.01661	0.02142	0.01386	0.02010	0.01034	0.00764	0.00763	0.00251	0.01009	0.00683	0.00366	0.00878
12	0.01084	0.00813	0.01219	0.01219	0.01354	0.00948	0.00948	0.01354	0.01219	0.01761	0.02032	0.02980	0.01896	0.05689	0.70337	0.01219	0.02032	0.00813	0.00406	0.00677
13	0.78701	0.01467	0.01115	0.00997	0.01467	0.01702	0.00821	0.02230	0.01291	0.03403	0.01056	0.01232	0.00821	0.00704	0.00469	0.00235	0.00587	0.00411	0.00469	0.00821
14	0.01149	0.00830	0.00981	0.00959	0.01178	0.00761	0.00712	0.01510	0.05720	0.05819	0.28254	0.17349	0.28431	0.01764	0.00894	0.00258	0.00410	0.01527	0.00767	0.00729
15	0.03019	0.01907	0.02141	0.01642	0.02243	0.02029	0.01356	0.49765	0.03201	0.21613	0.02127	0.02020	0.01444	0.00918	0.00760	0.00229	0.00785	0.00704	0.00806	0.01290
16	0.78701	0.01467	0.01115	0.00997	0.01467	0.01702	0.00821	0.02230	0.01291	0.03403	0.01056	0.01232	0.00821	0.00704	0.00469	0.00235	0.00587	0.00411	0.00469	0.00821
17	0.00945	0.00756	0.00846	0.00854	0.01062	0.00656	0.00629	0.01172	0.01800	0.02289	0.22738	0.15466	0.44343	0.01886	0.00905	0.00258	0.00385	0.01615	0.00738	0.00656
18	0.00924	0.00660	0.00880	0.01056	0.01100	0.00616	0.00704	0.01056	0.01452	0.01936	0.04181	0.72848	0.05017	0.02376	0.00968	0.00308	0.00440	0.02156	0.00704	0.00616
19	0.02883	0.02125	0.02276	0.01745	0.02352	0.02352	0.01442	0.66082	0.03566	0.04780	0.01821	0.01821	0.01290	0.00911	0.00759	0.00228	0.00835	0.00683	0.00759	0.01290
20	0.01084	0.00813	0.01219	0.01219	0.01354	0.00948	0.00948	0.01354	0.01219	0.01761	0.02032	0.02980	0.01896	0.05689	0.70337	0.01219	0.02032	0.00813	0.00406	0.00677
21	0.78701	0.01467	0.01115	0.00997	0.01467	0.01702	0.00821	0.02230	0.01291	0.03403	0.01056	0.01232	0.00821	0.00704	0.00469	0.00235	0.00587	0.00411	0.00469	0.00821
22	0.00923	0.00664	0.00876	0.01044	0.01097	0.00617	0.00699	0.01057	0.01463	0.01941	0.04323	0.70190	0.07583	0.02358	0.00965	0.00306	0.00438	0.02134	0.00704	0.00617
23	0.00924	0.00660	0.00880	0.01056	0.01100	0.00616	0.00704	0.01056	0.01452	0.01936	0.04181	0.72848	0.05017	0.02376	0.00968	0.00308	0.00440	0.02156	0.00704	0.00616
24	0.02833	0.03615	0.02149	0.01954	0.02345	0.70298	0.01466	0.03029	0.02149	0.01856	0.01172	0.01368	0.00977	0.00782	0.00684	0.00195	0.01368	0.00489	0.00391	0.00879
25	0.01887	0.01629	0.01715	0.01544	0.01972	0.01887	0.01201	0.04031	0.67241	0.03173	0.03087	0.02830	0.02315	0.01029	0.00772	0.00257	0.00600	0.00858	0.00772	0.01201
26	0.02840	0.01194	0.01598	0.01273	0.01765	0.01061	0.01033	0.03223	0.04836	0.52221	0.17017	0.03255	0.03031	0.01074	0.00791	0.00236	0.00582	0.00898	0.00910	0.01163
27	0.01084	0.00813	0.01219	0.01219	0.01354	0.00948	0.00948	0.01354	0.01219	0.01761	0.02032	0.02980	0.01896	0.05689	0.70337	0.01219	0.02032	0.00813	0.00406	0.00677
28	0.01084	0.00813	0.01219	0.01219	0.01354	0.00948	0.00948	0.01354	0.01219	0.01761	0.02032	0.02980	0.01896	0.05689	0.70337	0.01219	0.02032	0.00813	0.00406	0.00677
29	0.01412	0.01021	0.01217	0.01210	0.01389	0.01046	0.00869	0.16898	0.01947	0.02602	0.03500	0.51542	0.03976	0.06207	0.01088	0.00314	0.00554	0.01735	0.00703	0.00771
30	0.01827	0.01484	0.01645	0.01563	0.04527	0.01656	0.01164	0.06303	0.46556	0.05306	0.03288	0.03525	0.06966	0.05853	0.00997	0.00290	0.00625	0.04604	0.00732	0.01091
31	0.02228	0.01553	0.01725	0.01500	0.01964	0.01713	0.01181	0.03955	0.52605	0.18010	0.03066	0.02774	0.02217	0.01009	0.00770	0.00252	0.00610	0.00836	0.00809	0.01221
32	0.01103	0.00735	0.00827	0.00827	0.00827	0.00735	0.00460	0.01103	0.01103	0.01471	0.02390	0.04964	0.02758	0.73343	0.03861	0.00735	0.00735	0.01103	0.00460	0.00460
33	0.00924	0.00660	0.00880	0.01056	0.01100	0.00616	0.00704	0.01056	0.01452	0.01936	0.04181	0.72848	0.05017	0.02376	0.00968	0.00308	0.00440	0.02156	0.00704	0.00616
34	0.00952	0.00701	0.00862	0.00962	0.01054	0.00644	0.00649	0.01099	0.01521	0.01991	0.09825	0.45834	0.17745	0.10911	0.01302	0.00344	0.00458	0.01852	0.00685	0.00610
35	0.01182	0.00799	0.01049	0.00973	0.01171	0.00734	0.00734	0.01537	0.02148	0.06125	0.65169	0.05522	0.06911	0.01522	0.00888	0.00238	0.00371	0.01343	0.00840	0.00743
36	0.01318	0.00659	0.00988	0.00988	0.00988	0.00659	0.00659	0.00988	0.00988	0.01318	0.01318	0.02306	0.01318	0.02635	0.02964	0.77931	0.00659	0.00659	0.00329	0.00329
37	0.01103	0.00735	0.00827	0.00827	0.00827	0.00735	0.00460	0.01103	0.01103	0.01471	0.02390	0.04964	0.02758	0.73343	0.03861	0.00735	0.00735	0.01103	0.00460	0.00460
38	0.01107	0.00847	0.01264	0.01251	0.01381	0.01005	0.00977	0.01374	0.01217	0.01763	0.01989	0.02926	0.01859	0.05510	0.67553	0.01183	0.04901	0.00807	0.00403	0.00683
39	0.01026	0.00770	0.00929	0.00891	0.01077	0.00696	0.00655	0.01307	0.01941	0.02628	0.45545	0.06068	0.24048	0.07738	0.01146	0.00286	0.00397	0.01414	0.00766	0.00673
40	0.03251	0.01257	0.01712	0.01324	0.01884	0.01089	0.01089	0.03549	0.02169	0.64821	0.07251	0.02783	0.02222	0.00979	0.00771	0.00235	0.00627	0.00803	0.00932	0.01253
41	0.01573	0.01348	0.01573	0.01123	0.01798	0.01011	0.00899	0.01910	0.01573	0.02472	0.01348	0.01573	0.01123	0.00562	0.00562	0.00112	0.00562	0.00449	0.00449	0.77980
42	0.03066	0.01370	0.01763	0.01371	0.01917	0.01272	0.01125	0.13570	0.02395	0.51526	0.09879	0.02793	0.02355	0.01001	0.00776	0.00234	0.00645	0.00816	0.00898	0.01228
43	0.01584	0.01384	0.01723	0.01231	0.01910	0.01058	0.04265	0.01937	0.01584	0.02469	0.01358	0.01597	0.01125	0.00566	0.00579	0.00120	0.00599	0.00472	0.00446	0.73992
44	0.73380	0.01454	0.01160	0.01022	0.01500	0.01660	0.00842	0.02333	0.01353	0.08048	0.01193	0.01328	0.00896	0.00721	0.00490	0.00235	0.00591	0.00436	0.00503	0.00855
45	0.01680	0.01601	0.02723	0.34283	0.40525	0.01750	0.02230	0.02155	0.01634	0.02239	0.01392	0.01942	0.01117	0.00712	0.00754	0.00237	0.00950	0.00675	0.00358	0.01042
46	0.01203	0.00859	0.01200	0.01375	0.01541	0.00856	0.01188	0.01538	0.01727	0.02248	0.04027	0.12754	0.04408	0.02114	0.01042	0.00347	0.00682	0.59500	0.00699	0.00693
47	0.78701	0.01467	0.01115	0.00997	0.01467	0.01702	0.00821	0.02230	0.01291	0.03403	0.01056	0.01232	0.00821	0.00704	0.00469	0.00235	0.00587	0.00411	0.00469	0.00821
48	0.01084	0.00813	0.01219	0.01219	0.01354	0.00948	0.00948	0.01354	0.01219	0.01761	0.02032	0.02980	0.01896	0.05689	0.70337	0.01219	0.02032	0.00813	0.00406	0.00677
49	0.01230	0.00796	0.01042	0.01124	0.01247	0.00769	0.00812	0.01491	0.04951	0.06804	0.07802	0.43307	0.04374	0.06961	0.01240	0.03952	0.00523	0.10188	0.00698	0.00688
50	0.03097	0.01346	0.01755	0.01351	0.01921	0.01206	0.01110	0.09592	0.02269	0.54621	0.06620	0.02624	0.02083	0.00948	0.00757	0.00226	0.00642	0.00771	0.00884	0.06178
51	0.03369	0.01345	0.01794	0.01375	0.01963	0.01196	0.01136	0.07770	0.02262	0.64935	0.02916	0.02532	0.01839	0.00937	0.00763	0.00234	0.00658	0.00758	0.00927	0.01291
52	0.01652	0.00903	0.01199	0.01052	0.01333	0.00815	0.00815	0.01994	0.02153	0.19456	0.52015	0.04900	0.05846	0.01399	0.00862	0.00238	0.00429	0.01221	0.00861	0.00859
53	0.01695	0.03161	0.43942	0.02729	0.14054	0.01825	0.13568	0.05591	0.01753	0.02539	0.01425	0.01735	0.01050	0.00709	0.00758	0.00240	0.01098	0.00643	0.00362	0.01126
54	0.01432	0.01348	0.02275	0.71520	0.05224	0.01685	0.02107	0.01938	0.01517	0.01938	0.01348	0.02022	0.01011	0.00758	0.00758	0.00253	0.01011	0.00674	0.00337	0.00843
55	0.01103	0.00735	0.00827	0.00827	0.00827	0.00735	0.00460	0.01103	0.01103	0.01471	0.02390	0.04964	0.02758	0.73343	0.03861	0.00735	0.00735	0.01103	0.00460	0.00460
56	0.00952	0.00682	0.00888	0.01020	0.01083	0.00636	0.00685	0.01103	0.01518	0.02035	0.11427	0.58553	0.07297	0.06901	0.01146	0.00326	0.00448	0.01980	0.00703	0.00618
57	0.01877	0.01802	0.03079	0.04656	0.68612	0.01802	0.02328	0.02328	0.01727	0.02478	0.01427	0.01877	0.01201	0.00676	0.00751	0.00225	0.00901	0.00676	0.00375	0.01201
58	0.01025	0.00756	0.00958	0.00945	0.01113	0.00689	0.00695	0.01323	0.01976	0.02724	0.49381	0.16894	0.15235	0.01737	0.00907	0.00252	0.00375	0.01532	0.00796	0.00689
59	0.01187	0.00848	0.01182	0.01357	0.01516	0.00843	0.01162	0.01511	0.01712	0.02231	0.04035	0.16086	0.04442	0.02128	0.01038	0.00344	0.00668	0.56321	0.00699	0.00689
60	0.03403	0.01291	0.01760	0.01350	0.01936	0.01115	0.01115	0.03697	0.02171	0.69137	0.02992	0.02582	0.01878	0.00939	0.00763	0.00235	0.00645	0.00763	0.00939	0.01291
61	0.01222	0.00873	0.01222	0.01397	0.01572	0.00873	0.01222	0.01572	0.01746	0.02270	0.04016	0.08556	0.04365	0.02095	0.01048	0.00349	0.00698	0.63506	0.00698	0.00698
62	0.01066	0.00775	0.01004	0.00947	0.01129	0.00713	0.00710	0.01417	0.02130	0.03001	0.65728	0.05733	0.09665	0.01566	0.00895	0.00239	0.00359	0.01381	0.00830	0.00713
63	0.01318	0.00659	0.00988	0.00988	0.00988	0.00659	0.00659	0.00988	0.00988	0.01318	0.01318	0.02306	0.01318	0.02635	0.02964	0.77931	0.00659	0.00659	0.00329	0.00329
64	0.03403	0.01291	0.01760	0.01350	0.01936	0.01115	0.01115	0.03697	0.02171	0.69137	0.02992	0.02582	0.01878	0.00939	0.00763	0.00235	0.00645	0.00763	0.00939	0.01291
65	0.78701	0.01467	0.01115	0.00997	0.01467	0.01702	0.00821	0.02230	0.01291	0.03403	0.01056	0.01232	0.00821	0.00704	0.00469	0.00235	0.00587	0.00411	0.00469	0.00821
66	0.02883	0.02125	0.02276	0.01745	0.02352	0.02352	0.01442	0.66082	0.03566	0.04780	0.01821	0.01821	0.01290	0.00911	0.00759	0.00228	0.00835	0.00683	0.00759	0.01290
67	0.01790	0.02046	0.04476	0.03197	0.03964	0.01918	0.65857	0.02430	0.01790	0.02430	0.01535	0.02046	0.01151	0.00639	0.00895	0.00256	0.01279	0.00895	0.00384	0.01023
68	0.01074	0.00775	0.01014	0.00954	0.01133	0.00716	0.00716	0.01431	0.02147	0.03042	0.68211	0.05666	0.07157	0.01551	0.00895	0.00239	0.00358	0.01372	0.00835	0.00716
69	0.01887	0.01629	0.01715	0.01544	0.01972	0.01887	0.01201	0.04031	0.67241	0.03173	0.03087	0.02830	0.02315	0.01029	0.00772	0.00257	0.00600	0.00858	0.00772	0.01201
70	0.01877	0.01802	0.03079	0.04656	0.68612	0.01802	0.02328	0.02328	0.01727	0.02478	0.01427	0.01877	0.01201	0.00676	0.00751	0.00225	0.00901	0.00676	0.00375	0.01201
71	0.00921	0.00671	0.00869	0.01028	0.01093	0.00618	0.00691	0.01059	0.01480	0.01947	0.04527	0.66360	0.11281	0.02331	0.00961	0.00303	0.00435	0.02101	0.00704	0.00618
72	0.01104	0.00793	0.00919	0.00881	0.01105	0.00697	0.00655	0.01352	0.01867	0.05864	0.29698	0.08642	0.36457	0.05333	0.01040	0.00274	0.00407	0.01466	0.00753	0.00692
73	0.01432	0.01348	0.02275	0.71520	0.05224	0.01685	0.02107	0.01938	0.01517	0.01938	0.01348	0.02022	0.01011	0.00758	0.00758	0.00253	0.01011	0.00674	0.00337	0.00843
74	0.02956	0.01198	0.01583	0.01246	0.01774	0.01030	0.01019	0.03232	0.02092	0.57177	0.03829	0.03423	0.13720	0.01114	0.00787	0.00239	0.00599	0.00912	0.00897	0.01175
75	0.60271	0.01424	0.01273	0.01084	0.01582	0.01558	0.00893	0.02589	0.01506	0.19492	0.01530	0.01562	0.01080	0.00762	0.00541	0.00235	0.00601	0.00497	0.00584	0.00936
76	0.74134	0.01419	0.01107	0.00997	0.01439	0.01640	0.00812	0.02156	0.01273	0.03280	0.01072	0.01296	0.00851	0.00818	0.00617	0.04820	0.00591	0.00425	0.00461	0.00792
77	0.03332	0.01390	0.04311	0.01380	0.01987	0.01139	0.01178	0.03648	0.02150	0.66621	0.02931	0.02545	0.01843	0.00931	0.00761	0.00235	0.00663	0.00755	0.00915	0.01284

[dist]
# distance from previous block
# <min> <max>
0	48

[block]
# block no. 3 follows, 26 sequences, length 30
# corresponding to MSA columns:
# 311-340
name=unknown_D
#
# <colnr> <probs for GDERKNQSTAVLIFYWHMCP>
#	G	D	E	R	K	N	Q	S	T	A	V	L	I	F	Y	W	H	M	C	P
0	0.00947	0.00678	0.00901	0.01040	0.01105	0.00632	0.00706	0.01115	0.01561	0.02109	0.14173	0.62364	0.05351	0.02247	0.00957	0.00297	0.00427	0.02034	0.00725	0.00632
1	0.03403	0.01291	0.01760	0.01350	0.01936	0.01115	0.01115	0.03697	0.02171	0.69137	0.02992	0.02582	0.01878	0.00939	0.00763	0.00235	0.00645	0.00763	0.00939	0.01291
2	0.00937	0.00669	0.00894	0.01070	0.01120	0.00627	0.00726	0.01078	0.01464	0.01950	0.04174	0.70177	0.04990	0.02365	0.00971	0.00310	0.00451	0.04705	0.00704	0.00620
3	0.03403	0.01291	0.01760	0.01350	0.01936	0.01115	0.01115	0.03697	0.02171	0.69137	0.02992	0.02582	0.01878	0.00939	0.00763	0.00235	0.00645	0.00763	0.00939	0.01291
4	0.01573	0.01348	0.01573	0.01123	0.01798	0.01011	0.00899	0.01910	0.01573	0.02472	0.01348	0.01573	0.01123	0.00562	0.00562	0.00112	0.00562	0.00449	0.00449	0.77980
5	0.01039	0.00733	0.00836	0.00857	0.00920	0.00700	0.00531	0.01115	0.01330	0.01739	0.07736	0.14935	0.15148	0.46032	0.02735	0.00558	0.00607	0.01357	0.00562	0.00530
6	0.01074	0.00775	0.01014	0.00954	0.01133	0.00716	0.00716	0.01431	0.02147	0.03042	0.68211	0.05666	0.07157	0.01551	0.00895	0.00239	0.00358	0.01372	0.00835	0.00716
7	0.02011	0.65760	0.03875	0.01673	0.09391	0.02867	0.01413	0.02278	0.01562	0.01862	0.01096	0.01291	0.00999	0.00652	0.00516	0.00169	0.00821	0.00436	0.00330	0.00999
8	0.01541	0.01446	0.02377	0.55113	0.16072	0.01719	0.02084	0.02148	0.05999	0.02116	0.01480	0.02052	0.01133	0.00762	0.00758	0.00248	0.00964	0.00687	0.00373	0.00929
9	0.75341	0.01459	0.01144	0.01013	0.01488	0.01675	0.00835	0.02295	0.01330	0.06336	0.01143	0.01292	0.00869	0.00715	0.00482	0.00235	0.00589	0.00426	0.00490	0.00842
10	0.00924	0.00660	0.00880	0.01056	0.01100	0.00616	0.00704	0.01056	0.01452	0.01936	0.04181	0.72848	0.05017	0.02376	0.00968	0.00308	0.00440	0.02156	0.00704	0.00616
11	0.02883	0.02125	0.02276	0.01745	0.02352	0.02352	0.01442	0.66082	0.03566	0.04780	0.01821	0.01821	0.01290	0.00911	0.00759	0.00228	0.00835	0.00683	0.00759	0.01290
12	0.09958	0.00749	0.01002	0.00989	0.01042	0.00775	0.00677	0.01127	0.01022	0.01550	0.01288	0.02186	0.01262	0.02419	0.02686	0.69256	0.00651	0.00631	0.00345	0.00384
13	0.01103	0.00735	0.00827	0.00827	0.00827	0.00735	0.00460	0.01103	0.01103	0.01471	0.02390	0.04964	0.02758	0.73343	0.03861	0.00735	0.00735	0.01103	0.00460	0.00460
14	0.01888	0.01603	0.01708	0.01543	0.01963	0.01843	0.01212	0.06544	0.60381	0.03185	0.03091	0.03147	0.02400	0.01091	0.00789	0.00262	0.00617	0.04793	0.00767	0.01173
15	0.01474	0.10458	0.01544	0.01154	0.01430	0.03433	0.00901	0.01990	0.10309	0.06782	0.31236	0.18645	0.04743	0.01478	0.00826	0.00244	0.00516	0.01280	0.00725	0.00832
16	0.01849	0.01774	0.03029	0.08836	0.64649	0.01795	0.02314	0.02303	0.01714	0.02444	0.01422	0.01886	0.01190	0.00681	0.00751	0.00227	0.00908	0.00676	0.00373	0.01179
17	0.01155	0.00757	0.00901	0.00924	0.00981	0.00770	0.00614	0.01271	0.01258	0.01771	0.02577	0.04972	0.02782	0.48584	0.09456	0.00662	0.00807	0.09109	0.10106	0.00542
18	0.04805	0.01972	0.02854	0.04044	0.54357	0.09094	0.02133	0.02363	0.01715	0.02400	0.01355	0.01784	0.01149	0.00735	0.00857	0.00230	0.06004	0.00645	0.00377	0.01127
19	0.01103	0.00735	0.00827	0.00827	0.00827	0.00735	0.00460	0.01103	0.01103	0.01471	0.02390	0.04964	0.02758	0.73343	0.03861	0.00735	0.00735	0.01103	0.00460	0.00460
20	0.04101	0.03038	0.40660	0.02824	0.15909	0.01801	0.16096	0.02388	0.01656	0.02454	0.01401	0.01737	0.01043	0.00694	0.00756	0.00240	0.01095	0.00649	0.00349	0.01106
21	0.02808	0.02087	0.02234	0.01730	0.02324	0.02317	0.01424	0.61406	0.08365	0.04659	0.01917	0.01897	0.01367	0.00919	0.00760	0.00230	0.00817	0.00696	0.00760	0.01283
22	0.01738	0.02212	0.11589	0.07352	0.03967	0.01886	0.54831	0.02396	0.01752	0.02396	0.01504	0.01995	0.01121	0.00656	0.00867	0.00254	0.01244	0.00844	0.00374	0.01023
23	0.62909	0.01601	0.06076	0.03983	0.01765	0.01636	0.01029	0.02284	0.01368	0.07345	0.01220	0.01409	0.00921	0.00782	0.00595	0.02631	0.00648	0.00462	0.00479	0.00858
24	0.01877	0.01802	0.03079	0.04656	0.68612	0.01802	0.02328	0.02328	0.01727	0.02478	0.01427	0.01877	0.01201	0.00676	0.00751	0.00225	0.00901	0.00676	0.00375	0.01201
25	0.03143	0.01233	0.01677	0.01305	0.01847	0.01070	0.01070	0.03444	0.02168	0.61756	0.10275	0.02926	0.02467	0.01007	0.00777	0.00235	0.00613	0.00831	0.00927	0.01227
26	0.01472	0.00974	0.01091	0.00991	0.01109	0.01003	0.00639	0.11361	0.01530	0.04665	0.02325	0.04378	0.02493	0.59159	0.03253	0.00636	0.00747	0.01024	0.00525	0.00622
27	0.13847	0.09264	0.01616	0.01247	0.01617	0.01380	0.01047	0.06178	0.04601	0.13360	0.03078	0.06677	0.07809	0.05858	0.00980	0.00296	0.00658	0.18953	0.00653	0.00881
28	0.02256	0.01108	0.01416	0.01182	0.01591	0.01016	0.00941	0.02742	0.08589	0.34760	0.23578	0.04082	0.10962	0.01246	0.00819	0.00241	0.00523	0.01053	0.00864	0.01032
29	0.01217	0.00824	0.00942	0.00918	0.01178	0.00713	0.00703	0.01440	0.01794	0.09640	0.12472	0.12785	0.45040	0.01829	0.00898	0.00263	0.00436	0.05444	0.00743	0.00722

[dist]
# distance from previous block
# <min> <max>
0	1

[block]
# block no. 4 follows, 26 sequences, length 20
# corresponding to MSA columns:
# 342-361
name=unknown_E
#
# <colnr> <probs for GDERKNQSTAVLIFYWHMCP>
#	G	D	E	R	K	N	Q	S	T	A	V	L	I	F	Y	W	H	M	C	P
0	0.01364	0.00820	0.01079	0.01030	0.01236	0.00746	0.00765	0.01651	0.01964	0.12211	0.40882	0.21904	0.08027	0.01680	0.00894	0.00256	0.00420	0.01487	0.00813	0.00771
1	0.56039	0.01620	0.01436	0.01201	0.01710	0.01832	0.00990	0.18104	0.01899	0.07151	0.01346	0.01448	0.00992	0.00767	0.00556	0.00233	0.00651	0.00496	0.00565	0.00962
2	0.01255	0.00998	0.01381	0.01785	0.17668	0.00971	0.00974	0.01436	0.01445	0.01961	0.05277	0.10731	0.13511	0.31978	0.02113	0.00453	0.00665	0.01169	0.03524	0.00705
3	0.01332	0.00733	0.00834	0.00834	0.01000	0.00767	0.00634	0.01665	0.01499	0.02564	0.02365	0.02865	0.01932	0.02073	0.17802	0.00435	0.00769	0.00733	0.58466	0.00700
4	0.00996	0.00720	0.00829	0.00884	0.00961	0.00675	0.00565	0.01085	0.01367	0.01759	0.04257	0.26661	0.19678	0.33593	0.02227	0.00484	0.00557	0.01554	0.00596	0.00553
5	0.49191	0.01465	0.01409	0.01167	0.01684	0.01571	0.00963	0.07812	0.01747	0.23962	0.01720	0.01699	0.01188	0.00794	0.00584	0.00234	0.00625	0.00542	0.00639	0.01005
6	0.00972	0.00697	0.00926	0.01044	0.01126	0.00650	0.00726	0.01168	0.01635	0.02222	0.20017	0.53804	0.05522	0.02161	0.00953	0.00292	0.00429	0.04273	0.00736	0.00644
7	0.02911	0.01146	0.01500	0.01191	0.01676	0.01014	0.00970	0.03219	0.02027	0.52730	0.02864	0.02643	0.01894	0.00925	0.00705	0.00220	0.00573	0.00749	0.19895	0.01146
8	0.01130	0.00772	0.00975	0.01060	0.01185	0.00729	0.00781	0.01311	0.01545	0.04598	0.06007	0.28996	0.13988	0.16161	0.01538	0.00390	0.00560	0.16968	0.00667	0.00638
9	0.01239	0.01039	0.01360	0.01330	0.01477	0.01173	0.01085	0.01550	0.03624	0.02224	0.12969	0.10984	0.17151	0.01783	0.01337	0.00304	0.18193	0.19817	0.00631	0.00730
10	0.00966	0.00691	0.00922	0.01065	0.01137	0.00648	0.00741	0.01144	0.01571	0.02115	0.13231	0.58968	0.05275	0.02240	0.00963	0.00301	0.00446	0.06217	0.00722	0.00636
11	0.01098	0.00754	0.00924	0.00924	0.00958	0.00788	0.00580	0.01165	0.01132	0.01542	0.02301	0.04473	0.02544	0.56604	0.20309	0.00855	0.01056	0.01031	0.00446	0.00513
12	0.01171	0.00965	0.01263	0.01250	0.01318	0.01103	0.00927	0.01375	0.03135	0.01985	0.08349	0.32977	0.08670	0.10953	0.01696	0.00358	0.18172	0.03067	0.00593	0.00676
13	0.04672	0.01193	0.01955	0.01547	0.01953	0.01102	0.16879	0.02004	0.01976	0.12585	0.31877	0.04338	0.12196	0.01246	0.00858	0.00244	0.00641	0.01153	0.00708	0.00872
14	0.01053	0.00775	0.00985	0.00933	0.01121	0.00707	0.00700	0.01392	0.02099	0.02927	0.61207	0.05855	0.14233	0.01594	0.00895	0.00241	0.00361	0.01398	0.00820	0.00707
15	0.01887	0.01629	0.01715	0.01544	0.01972	0.01887	0.01201	0.04031	0.67241	0.03173	0.03087	0.02830	0.02315	0.01029	0.00772	0.00257	0.00600	0.00858	0.00772	0.01201
16	0.01160	0.01019	0.01792	0.01593	0.01830	0.00955	0.16846	0.01441	0.01593	0.02144	0.07725	0.48352	0.04175	0.01881	0.00948	0.00292	0.00652	0.04240	0.00633	0.00727
17	0.00916	0.00691	0.00848	0.00974	0.01079	0.00623	0.00668	0.01065	0.01531	0.01968	0.05180	0.54155	0.23065	0.02246	0.00948	0.00293	0.00424	0.01998	0.00704	0.00623
18	0.01960	0.01641	0.01496	0.01357	0.01557	0.18179	0.00992	0.12620	0.01716	0.02043	0.01368	0.01991	0.01229	0.01882	0.02023	0.45415	0.00864	0.00621	0.00418	0.00630
19	0.02807	0.01195	0.01595	0.01267	0.01753	0.01063	0.01028	0.05486	0.02218	0.50359	0.19085	0.03316	0.03162	0.01089	0.00795	0.00235	0.00581	0.00910	0.00906	0.01149

[dist]
# distance from previous block
# <min> <max>
0	29

# created by:
# /st0/software/busco_prod/Augustus/scripts/msa2prfl.pl ./align_prep/147003.fa
