[name]
unknown

[dist]
# distance from previous block
# <min> <max>
0	89

[block]
# block no. 0 follows, 29 sequences, length 23
# corresponding to MSA columns:
# 89-111
name=unknown_A
#
# <colnr> <probs for GDERKNQSTAVLIFYWHMCP>
#	G	D	E	R	K	N	Q	S	T	A	V	L	I	F	Y	W	H	M	C	P
0	0.07705	0.06346	0.06773	0.05253	0.34787	0.01539	0.01658	0.02083	0.05661	0.02460	0.14172	0.02574	0.02256	0.00855	0.00702	0.00218	0.00717	0.02807	0.00463	0.00970
1	0.32171	0.03963	0.13521	0.01525	0.04402	0.11849	0.01354	0.16026	0.01870	0.03019	0.03434	0.01504	0.01113	0.00738	0.00589	0.00213	0.00799	0.00511	0.00468	0.00932
2	0.01689	0.01828	0.03485	0.07107	0.15945	0.04072	0.41923	0.02194	0.01623	0.02218	0.01363	0.01821	0.01067	0.00646	0.00857	0.00228	0.04787	0.00739	0.00358	0.06049
3	0.26124	0.01629	0.01795	0.06457	0.13001	0.04354	0.01294	0.17625	0.08663	0.03062	0.01738	0.01890	0.04579	0.00822	0.00705	0.00224	0.03950	0.00613	0.00513	0.00962
4	0.13929	0.06106	0.01987	0.01534	0.01970	0.10984	0.01256	0.29129	0.09033	0.05403	0.01538	0.01639	0.01170	0.00859	0.00860	0.00223	0.10222	0.00582	0.00560	0.01015
5	0.01017	0.00763	0.01144	0.01144	0.01272	0.00890	0.00890	0.01272	0.01144	0.01653	0.01907	0.02797	0.01780	0.05340	0.72153	0.01144	0.01907	0.00763	0.00381	0.00636
6	0.01365	0.00895	0.01127	0.01026	0.01266	0.00857	0.00799	0.07900	0.02075	0.09027	0.47240	0.07295	0.08668	0.01428	0.00830	0.00233	0.00431	0.06009	0.00766	0.00764
7	0.01497	0.01331	0.01750	0.01250	0.01892	0.01035	0.07579	0.01842	0.01497	0.02316	0.01283	0.01521	0.01057	0.00535	0.00559	0.00119	0.00595	0.00464	0.00416	0.71462
8	0.01477	0.01266	0.01477	0.01055	0.01687	0.00949	0.00844	0.01793	0.01477	0.02320	0.01266	0.01477	0.01055	0.00527	0.00527	0.00105	0.00527	0.00422	0.00422	0.79328
9	0.02012	0.01308	0.01642	0.08868	0.02105	0.01152	0.01062	0.06665	0.03913	0.20808	0.01760	0.01828	0.01279	0.00677	0.00616	0.00162	0.00611	0.00550	0.00562	0.42421
10	0.01106	0.08255	0.01404	0.01152	0.01327	0.01084	0.00923	0.01358	0.01175	0.01655	0.01815	0.02631	0.01693	0.04866	0.64957	0.01045	0.01792	0.00725	0.00374	0.00664
11	0.00890	0.00723	0.00789	0.00772	0.00992	0.00622	0.00579	0.01116	0.01738	0.02196	0.25605	0.06405	0.51683	0.01702	0.00841	0.00236	0.00353	0.01440	0.00697	0.00622
12	0.01552	0.01263	0.01484	0.01064	0.01693	0.00953	0.00853	0.01866	0.01501	0.05322	0.01333	0.01518	0.01086	0.00543	0.00536	0.00110	0.00531	0.00435	0.00442	0.75915
13	0.00866	0.00626	0.00819	0.00974	0.01028	0.00580	0.00653	0.00993	0.01380	0.01825	0.04138	0.70124	0.08959	0.02203	0.00905	0.00286	0.00410	0.01990	0.00661	0.00580
14	0.41995	0.15931	0.01856	0.09818	0.01995	0.01909	0.01096	0.06447	0.05883	0.02743	0.01194	0.01393	0.00948	0.00713	0.00587	0.00214	0.03528	0.00468	0.00430	0.00854
15	0.01622	0.02003	0.10025	0.02774	0.03465	0.01745	0.55718	0.02211	0.01640	0.02249	0.01542	0.02223	0.01233	0.00710	0.00889	0.00246	0.03834	0.04555	0.00370	0.00944
16	0.02522	0.01857	0.02005	0.01573	0.02090	0.02045	0.01284	0.61417	0.03149	0.04220	0.01932	0.09017	0.01562	0.00993	0.00732	0.00221	0.00746	0.00780	0.00707	0.01147
17	0.01858	0.68529	0.10207	0.01296	0.01948	0.02706	0.01354	0.02144	0.01452	0.01731	0.01018	0.01177	0.00913	0.00616	0.00478	0.00159	0.00789	0.00395	0.00304	0.00927
18	0.02404	0.01741	0.07735	0.01595	0.02154	0.01600	0.06339	0.26578	0.02315	0.22990	0.02036	0.06336	0.01524	0.00908	0.00800	0.00220	0.04398	0.00736	0.00656	0.06935
19	0.08335	0.14491	0.46412	0.01729	0.02600	0.01792	0.02071	0.04176	0.01570	0.08616	0.01361	0.01508	0.00980	0.00688	0.00627	0.00213	0.00916	0.00512	0.00378	0.01026
20	0.01921	0.05604	0.08545	0.01270	0.01720	0.01271	0.01111	0.08080	0.10703	0.20183	0.15642	0.08650	0.02842	0.04294	0.00856	0.00240	0.00601	0.00900	0.00676	0.04893
21	0.01772	0.14480	0.28225	0.01654	0.02369	0.01685	0.05648	0.05537	0.01664	0.10172	0.04564	0.01960	0.01408	0.00777	0.00730	0.00206	0.04065	0.02636	0.00439	0.10009
22	0.03990	0.04924	0.03661	0.05454	0.01767	0.01313	0.04448	0.03898	0.10572	0.02295	0.12131	0.12886	0.15727	0.01306	0.00958	0.00243	0.09487	0.01073	0.00566	0.03300

[dist]
# distance from previous block
# <min> <max>
4	12

[block]
# block no. 1 follows, 29 sequences, length 81
# corresponding to MSA columns:
# 124-204
name=unknown_B
#
# <colnr> <probs for GDERKNQSTAVLIFYWHMCP>
#	G	D	E	R	K	N	Q	S	T	A	V	L	I	F	Y	W	H	M	C	P
0	0.04541	0.05931	0.12237	0.05999	0.02076	0.04819	0.06111	0.01765	0.01538	0.02146	0.07393	0.07724	0.13004	0.01027	0.00796	0.00209	0.05224	0.00843	0.00459	0.16158
1	0.02001	0.01683	0.12213	0.01398	0.02036	0.01226	0.04196	0.09093	0.01817	0.19792	0.01868	0.06111	0.01445	0.00777	0.00653	0.00181	0.00676	0.00648	0.00561	0.31625
2	0.06812	0.06701	0.01792	0.01467	0.05640	0.08404	0.01109	0.18035	0.05484	0.12404	0.08232	0.05414	0.07855	0.00977	0.00689	0.00207	0.00675	0.00779	0.00616	0.06708
3	0.02006	0.01723	0.02540	0.01902	0.02453	0.01770	0.20710	0.28429	0.02243	0.03114	0.01540	0.01810	0.01179	0.00975	0.04358	0.00255	0.05679	0.00670	0.03144	0.13501
4	0.06750	0.05007	0.06459	0.10483	0.04728	0.13608	0.17451	0.11456	0.01872	0.02486	0.04107	0.01769	0.01244	0.00730	0.00743	0.00212	0.03170	0.00634	0.00425	0.06666
5	0.08881	0.06221	0.04549	0.06768	0.07378	0.05730	0.11616	0.12322	0.03705	0.05345	0.01750	0.02085	0.04587	0.00841	0.00849	0.00222	0.08048	0.02315	0.00466	0.06321
6	0.06656	0.01517	0.01883	0.02034	0.17189	0.01624	0.01334	0.19132	0.17197	0.05044	0.02256	0.06029	0.04028	0.01176	0.04254	0.00272	0.00738	0.03376	0.00590	0.03671
7	0.09254	0.05720	0.02292	0.07308	0.13302	0.18730	0.06733	0.17111	0.03777	0.02724	0.05260	0.01796	0.01379	0.00767	0.00675	0.00209	0.00906	0.00616	0.00474	0.00967
8	0.04385	0.40341	0.04787	0.01489	0.02059	0.10644	0.07210	0.07582	0.01761	0.08611	0.04091	0.01574	0.01264	0.00706	0.00579	0.00182	0.00834	0.00524	0.00427	0.00949
9	0.33412	0.21767	0.02064	0.01215	0.01676	0.01791	0.06267	0.04321	0.01519	0.02609	0.09242	0.02287	0.03751	0.00851	0.00576	0.00210	0.00645	0.04514	0.00465	0.00818
10	0.01762	0.01388	0.01827	0.01384	0.01912	0.01268	0.06981	0.10712	0.01751	0.08352	0.01655	0.07406	0.01417	0.00799	0.00769	0.00172	0.06383	0.00656	0.00504	0.42900
11	0.05592	0.01089	0.01379	0.07299	0.03937	0.01070	0.00983	0.07635	0.04119	0.16876	0.16283	0.13836	0.09783	0.01232	0.00756	0.00228	0.00543	0.01053	0.00673	0.05634
12	0.01641	0.01981	0.08808	0.02725	0.03438	0.01730	0.55188	0.02218	0.01630	0.02263	0.01397	0.01840	0.01060	0.00621	0.00852	0.00230	0.03563	0.00774	0.00359	0.07680
13	0.01237	0.00618	0.00928	0.00928	0.00928	0.00618	0.00618	0.00928	0.00928	0.01237	0.01237	0.02165	0.01237	0.02474	0.02783	0.79283	0.00618	0.00618	0.00309	0.00309
14	0.02707	0.01995	0.02137	0.01638	0.02208	0.02208	0.01353	0.68159	0.03348	0.04488	0.01710	0.01710	0.01211	0.00855	0.00712	0.00214	0.00784	0.00641	0.00712	0.01211
15	0.02707	0.01995	0.02137	0.01638	0.02208	0.02208	0.01353	0.68159	0.03348	0.04488	0.01710	0.01710	0.01211	0.00855	0.00712	0.00214	0.00784	0.00641	0.00712	0.01211
16	0.80005	0.01377	0.01047	0.00936	0.01377	0.01597	0.00771	0.02093	0.01212	0.03195	0.00991	0.01157	0.00771	0.00661	0.00441	0.00220	0.00551	0.00386	0.00441	0.00771
17	0.00848	0.00722	0.00731	0.00728	0.00966	0.00604	0.00546	0.01035	0.01639	0.01961	0.09772	0.06790	0.67662	0.01789	0.00842	0.00240	0.00360	0.01494	0.00666	0.00604
18	0.01327	0.00664	0.00664	0.00664	0.00830	0.00664	0.00498	0.01659	0.01493	0.02655	0.02323	0.02655	0.01825	0.00830	0.00498	0.00166	0.00332	0.00664	0.78928	0.00664
19	0.03195	0.01212	0.01652	0.01267	0.01818	0.01047	0.01047	0.03470	0.02038	0.71026	0.02809	0.02424	0.01763	0.00881	0.00716	0.00220	0.00606	0.00716	0.00881	0.01212
20	0.01327	0.00664	0.00664	0.00664	0.00830	0.00664	0.00498	0.01659	0.01493	0.02655	0.02323	0.02655	0.01825	0.00830	0.00498	0.00166	0.00332	0.00664	0.78928	0.00664
21	0.01156	0.00679	0.00730	0.00730	0.00798	0.00679	0.00459	0.01292	0.01224	0.01905	0.02276	0.03835	0.02275	0.44462	0.02338	0.00475	0.00543	0.00882	0.32735	0.00527
22	0.01904	0.75404	0.03731	0.01218	0.01828	0.02818	0.01218	0.02132	0.01447	0.01675	0.00990	0.01142	0.00914	0.00609	0.00457	0.00152	0.00761	0.00381	0.00305	0.00914
23	0.01904	0.75404	0.03731	0.01218	0.01828	0.02818	0.01218	0.02132	0.01447	0.01675	0.00990	0.01142	0.00914	0.00609	0.00457	0.00152	0.00761	0.00381	0.00305	0.00914
24	0.01251	0.00973	0.01217	0.01233	0.01500	0.00951	0.01025	0.01806	0.11717	0.02251	0.03486	0.11028	0.07485	0.01609	0.00862	0.00273	0.00587	0.37520	0.00631	0.12597
25	0.01668	0.01881	0.04036	0.02883	0.03598	0.01749	0.63868	0.02251	0.01668	0.02283	0.01430	0.01894	0.01079	0.00596	0.00821	0.00232	0.01160	0.00815	0.00364	0.05724
26	0.02707	0.01995	0.02137	0.01638	0.02208	0.02208	0.01353	0.68159	0.03348	0.04488	0.01710	0.01710	0.01211	0.00855	0.00712	0.00214	0.00784	0.00641	0.00712	0.01211
27	0.01327	0.00664	0.00664	0.00664	0.00830	0.00664	0.00498	0.01659	0.01493	0.02655	0.02323	0.02655	0.01825	0.00830	0.00498	0.00166	0.00332	0.00664	0.78928	0.00664
28	0.01222	0.00711	0.00764	0.00760	0.00896	0.00711	0.00536	0.03123	0.01424	0.02268	0.02713	0.07266	0.07139	0.17799	0.04800	0.00345	0.00508	0.00886	0.45515	0.00615
29	0.00898	0.00724	0.00799	0.00780	0.00996	0.00625	0.00585	0.01130	0.01755	0.02238	0.28437	0.06336	0.48825	0.01686	0.00841	0.00235	0.00352	0.01430	0.00703	0.00625
30	0.80005	0.01377	0.01047	0.00936	0.01377	0.01597	0.00771	0.02093	0.01212	0.03195	0.00991	0.01157	0.00771	0.00661	0.00441	0.00220	0.00551	0.00386	0.00441	0.00771
31	0.01054	0.00729	0.00904	0.00995	0.01084	0.00713	0.00682	0.05968	0.01499	0.02059	0.03509	0.58173	0.04056	0.06769	0.01036	0.00299	0.00451	0.01736	0.07660	0.00623
32	0.00996	0.00679	0.00807	0.00836	0.00864	0.00664	0.00508	0.01061	0.01217	0.01642	0.10304	0.19777	0.03514	0.50976	0.02724	0.00551	0.00590	0.01277	0.00521	0.00490
33	0.01304	0.00666	0.00673	0.00673	0.00825	0.00666	0.00492	0.01610	0.01457	0.02553	0.02317	0.02814	0.01886	0.06731	0.00747	0.00208	0.00360	0.00693	0.72681	0.00645
34	0.01477	0.01266	0.01477	0.01055	0.01687	0.00949	0.00844	0.01793	0.01477	0.02320	0.01266	0.01477	0.01055	0.00527	0.00527	0.00105	0.00527	0.00422	0.00422	0.79328
35	0.01324	0.00662	0.00673	0.00673	0.00833	0.00662	0.00502	0.01635	0.01474	0.02607	0.02286	0.02638	0.01805	0.00885	0.00575	0.02827	0.00341	0.00662	0.76284	0.00652
36	0.01027	0.00725	0.00954	0.00954	0.01016	0.00787	0.00653	0.01150	0.01088	0.01512	0.02081	0.03759	0.02198	0.41310	0.36755	0.00910	0.01279	0.00904	0.00407	0.00530
37	0.00863	0.00636	0.00810	0.00949	0.01022	0.00582	0.00642	0.00996	0.01404	0.01834	0.04442	0.63867	0.15020	0.02164	0.00898	0.00282	0.00405	0.01942	0.00661	0.00582
38	0.01036	0.00690	0.00777	0.00777	0.00777	0.00690	0.00431	0.01036	0.01036	0.01381	0.02244	0.04660	0.02589	0.74975	0.03624	0.00690	0.00690	0.01036	0.00431	0.00431
39	0.72597	0.01361	0.01105	0.00968	0.01420	0.01544	0.00798	0.02226	0.01292	0.09737	0.01167	0.01279	0.00867	0.00682	0.00467	0.00220	0.00556	0.00417	0.00483	0.00814
40	0.01762	0.01692	0.02890	0.04371	0.70533	0.01692	0.02185	0.02185	0.01621	0.02326	0.01339	0.01762	0.01128	0.00634	0.00705	0.00211	0.00846	0.00634	0.00352	0.01128
41	0.02660	0.03394	0.02018	0.01834	0.02201	0.72116	0.01376	0.02843	0.02018	0.01743	0.01101	0.01284	0.00917	0.00734	0.00642	0.00183	0.01284	0.00459	0.00367	0.00825
42	0.03195	0.01212	0.01652	0.01267	0.01818	0.01047	0.01047	0.03470	0.02038	0.71026	0.02809	0.02424	0.01763	0.00881	0.00716	0.00220	0.00606	0.00716	0.00881	0.01212
43	0.01485	0.09197	0.60723	0.02042	0.03033	0.01757	0.07621	0.02247	0.01513	0.02211	0.01268	0.01508	0.00917	0.00665	0.00672	0.00221	0.01041	0.00539	0.00306	0.01034
44	0.01045	0.00716	0.00827	0.00841	0.00877	0.00709	0.00509	0.02908	0.01207	0.01608	0.04753	0.17195	0.05196	0.55311	0.02883	0.00577	0.00622	0.01224	0.00498	0.00492
45	0.00880	0.00629	0.00841	0.01006	0.01053	0.00589	0.00683	0.01013	0.01376	0.01832	0.03918	0.71548	0.04682	0.02219	0.00912	0.00291	0.00424	0.04863	0.00661	0.00582
46	0.74256	0.01546	0.06186	0.01016	0.01502	0.01602	0.00907	0.02105	0.01233	0.03126	0.01012	0.01182	0.00781	0.00662	0.00458	0.00221	0.00588	0.00396	0.00430	0.00792
47	0.02707	0.01995	0.02137	0.01638	0.02208	0.02208	0.01353	0.68159	0.03348	0.04488	0.01710	0.01710	0.01211	0.00855	0.00712	0.00214	0.00784	0.00641	0.00712	0.01211
48	0.70436	0.01552	0.01275	0.01105	0.01554	0.06767	0.04169	0.02157	0.01294	0.03043	0.01022	0.01204	0.00797	0.00663	0.00475	0.00219	0.00637	0.00414	0.00431	0.00785
49	0.01941	0.01648	0.01712	0.01568	0.04096	0.05256	0.01187	0.08383	0.56226	0.05742	0.02669	0.02481	0.01991	0.00932	0.00719	0.00235	0.00626	0.00767	0.00700	0.01122
50	0.01024	0.00676	0.00835	0.00907	0.00963	0.00641	0.00583	0.01109	0.01278	0.04438	0.03402	0.41562	0.07053	0.29934	0.01935	0.00437	0.00524	0.01568	0.00582	0.00549
51	0.01492	0.00899	0.01140	0.01119	0.01370	0.00855	0.00901	0.01874	0.06680	0.15444	0.09356	0.11913	0.15490	0.05282	0.01001	0.00292	0.00541	0.22875	0.00705	0.00771
52	0.80005	0.01377	0.01047	0.00936	0.01377	0.01597	0.00771	0.02093	0.01212	0.03195	0.00991	0.01157	0.00771	0.00661	0.00441	0.00220	0.00551	0.00386	0.00441	0.00771
53	0.02288	0.01746	0.01912	0.01439	0.02031	0.01779	0.01180	0.45541	0.02710	0.03749	0.01558	0.01630	0.01158	0.00743	0.00649	0.00177	0.00696	0.00566	0.00613	0.27834
54	0.01327	0.00664	0.00664	0.00664	0.00830	0.00664	0.00498	0.01659	0.01493	0.02655	0.02323	0.02655	0.01825	0.00830	0.00498	0.00166	0.00332	0.00664	0.78928	0.00664
55	0.01462	0.01040	0.01238	0.01202	0.01470	0.01072	0.00955	0.05389	0.18832	0.08205	0.09751	0.15500	0.11553	0.01543	0.00841	0.00266	0.00534	0.17606	0.00708	0.00832
56	0.01666	0.01425	0.01520	0.01394	0.01768	0.01626	0.01093	0.03436	0.59882	0.02849	0.03228	0.03329	0.06461	0.01095	0.00752	0.00248	0.00558	0.05894	0.00715	0.01058
57	0.01558	0.01558	0.02181	0.01869	0.01869	0.02181	0.01558	0.01714	0.01091	0.01714	0.00935	0.01558	0.00935	0.01246	0.02337	0.00312	0.73672	0.00623	0.00312	0.00779
58	0.01058	0.00676	0.00766	0.00788	0.00820	0.00671	0.00473	0.01128	0.01152	0.01641	0.02486	0.13888	0.02758	0.53371	0.02761	0.00553	0.00596	0.01112	0.12812	0.00488
59	0.00852	0.00712	0.00743	0.00755	0.00974	0.00602	0.00559	0.01035	0.01618	0.01960	0.10021	0.13159	0.60916	0.01826	0.00848	0.00244	0.00364	0.01541	0.00667	0.00602
60	0.01228	0.00894	0.01096	0.01140	0.01290	0.00908	0.00837	0.11713	0.03981	0.02300	0.03463	0.49994	0.03923	0.04533	0.00978	0.00295	0.00516	0.09548	0.00662	0.00701
61	0.01243	0.00622	0.00908	0.00908	0.00920	0.00622	0.00610	0.00981	0.00969	0.01341	0.01316	0.02200	0.01280	0.02353	0.02616	0.73494	0.00597	0.00622	0.06061	0.00335
62	0.13420	0.01336	0.01634	0.01271	0.01809	0.01271	0.01049	0.11680	0.02097	0.53306	0.02423	0.02161	0.01558	0.00848	0.00679	0.00219	0.00622	0.00662	0.00800	0.01153
63	0.00906	0.00653	0.00822	0.00920	0.00989	0.00608	0.00614	0.01040	0.01411	0.01875	0.11282	0.49115	0.11303	0.13420	0.01317	0.00339	0.00442	0.01736	0.00639	0.00568
64	0.01126	0.00782	0.00953	0.00895	0.01071	0.00737	0.00650	0.01461	0.05143	0.05508	0.43085	0.05143	0.14034	0.14748	0.01332	0.00311	0.00427	0.01221	0.00705	0.00666
65	0.02660	0.03394	0.02018	0.01834	0.02201	0.72116	0.01376	0.02843	0.02018	0.01743	0.01101	0.01284	0.00917	0.00734	0.00642	0.00183	0.01284	0.00459	0.00367	0.00825
66	0.06582	0.01547	0.01607	0.01429	0.01844	0.01786	0.01119	0.07438	0.61265	0.03080	0.02713	0.02510	0.02032	0.00941	0.00707	0.00239	0.00576	0.00770	0.00707	0.01110
67	0.01140	0.00756	0.00905	0.00863	0.01059	0.00676	0.00631	0.01360	0.01713	0.08384	0.29281	0.11003	0.27044	0.10604	0.01176	0.00292	0.00418	0.01337	0.00698	0.00659
68	0.01307	0.00665	0.00671	0.00671	0.00826	0.00665	0.00493	0.01617	0.01462	0.02568	0.02317	0.02791	0.01877	0.05888	0.00711	0.00202	0.00356	0.00689	0.73573	0.00648
69	0.01327	0.00664	0.00664	0.00664	0.00830	0.00664	0.00498	0.01659	0.01493	0.02655	0.02323	0.02655	0.01825	0.00830	0.00498	0.00166	0.00332	0.00664	0.78928	0.00664
70	0.00994	0.00672	0.00820	0.00883	0.00930	0.00652	0.00572	0.01102	0.01294	0.01776	0.08680	0.30526	0.03743	0.34244	0.02083	0.00455	0.00535	0.04283	0.05229	0.00530
71	0.01248	0.00732	0.00968	0.01034	0.01177	0.00668	0.00742	0.01412	0.01505	0.12732	0.03981	0.54262	0.09004	0.01972	0.00878	0.00277	0.00454	0.05573	0.00695	0.00684
72	0.01938	0.01550	0.01658	0.01454	0.01880	0.01764	0.01142	0.09273	0.59522	0.07244	0.02791	0.02561	0.02066	0.00951	0.00723	0.00238	0.00585	0.00786	0.00733	0.01139
73	0.07617	0.37019	0.18128	0.01607	0.02280	0.10453	0.06830	0.04935	0.01605	0.02084	0.01131	0.01324	0.00927	0.00652	0.00566	0.00186	0.00907	0.00469	0.00342	0.00939
74	0.75222	0.01334	0.01023	0.00920	0.01344	0.01541	0.00755	0.02067	0.01229	0.03162	0.01072	0.01248	0.00835	0.00671	0.00444	0.00217	0.00538	0.00402	0.05212	0.00765
75	0.01120	0.00804	0.00943	0.00925	0.01131	0.00734	0.00668	0.01423	0.05994	0.05981	0.13088	0.24926	0.25069	0.07883	0.01062	0.00281	0.00438	0.01428	0.00660	0.05444
76	0.00911	0.00655	0.00843	0.00961	0.01024	0.00621	0.00654	0.01043	0.01363	0.01806	0.05728	0.52437	0.09144	0.12031	0.03766	0.00369	0.00509	0.04944	0.00624	0.00569
77	0.00886	0.00620	0.00831	0.00988	0.01028	0.00580	0.00659	0.00988	0.01342	0.01789	0.03790	0.70899	0.04536	0.02243	0.01002	0.04233	0.00423	0.01954	0.00643	0.00565
78	0.62330	0.01429	0.01175	0.01025	0.01466	0.05004	0.00835	0.02290	0.01399	0.12472	0.04059	0.01507	0.01157	0.00727	0.00505	0.00219	0.00586	0.00472	0.00512	0.00831
79	0.00904	0.00646	0.00845	0.00976	0.01036	0.00606	0.00666	0.01047	0.01411	0.01885	0.09061	0.58773	0.06550	0.07467	0.01104	0.00314	0.00438	0.05035	0.00654	0.00579
80	0.01477	0.01266	0.01477	0.01055	0.01687	0.00949	0.00844	0.01793	0.01477	0.02320	0.01266	0.01477	0.01055	0.00527	0.00527	0.00105	0.00527	0.00422	0.00422	0.79328

[dist]
# distance from previous block
# <min> <max>
0	2

[block]
# block no. 2 follows, 29 sequences, length 53
# corresponding to MSA columns:
# 207-259
name=unknown_C
#
# <colnr> <probs for GDERKNQSTAVLIFYWHMCP>
#	G	D	E	R	K	N	Q	S	T	A	V	L	I	F	Y	W	H	M	C	P
0	0.75591	0.01412	0.01109	0.00976	0.01425	0.01632	0.00804	0.05866	0.01334	0.03269	0.01032	0.01188	0.00796	0.00672	0.00456	0.00220	0.00564	0.00400	0.00456	0.00796
1	0.01317	0.00665	0.00668	0.00668	0.00828	0.00665	0.00495	0.01637	0.01477	0.02610	0.02320	0.02725	0.01852	0.03426	0.00607	0.00184	0.00344	0.00677	0.76179	0.00656
2	0.01018	0.00683	0.00782	0.00799	0.00803	0.00679	0.00455	0.01031	0.01069	0.01426	0.02417	0.11863	0.02807	0.67474	0.03344	0.00649	0.00662	0.01137	0.00455	0.00447
3	0.01013	0.00763	0.00942	0.00905	0.01088	0.00714	0.00675	0.01401	0.05619	0.02636	0.51450	0.10296	0.16749	0.01540	0.00839	0.00232	0.00358	0.01348	0.00752	0.00679
4	0.02862	0.01655	0.01916	0.01479	0.02033	0.01716	0.01218	0.38913	0.05842	0.31459	0.02211	0.02043	0.01479	0.00871	0.00714	0.00218	0.00701	0.00679	0.00782	0.01207
5	0.01313	0.00668	0.00685	0.00685	0.00850	0.00674	0.00515	0.01642	0.01478	0.02610	0.02304	0.02661	0.01823	0.01033	0.03725	0.00210	0.00403	0.00668	0.75390	0.00662
6	0.01017	0.00763	0.01144	0.01144	0.01272	0.00890	0.00890	0.01272	0.01144	0.01653	0.01907	0.02797	0.01780	0.05340	0.72153	0.01144	0.01907	0.00763	0.00381	0.00636
7	0.03195	0.01212	0.01652	0.01267	0.01818	0.01047	0.01047	0.03470	0.02038	0.71026	0.02809	0.02424	0.01763	0.00881	0.00716	0.00220	0.00606	0.00716	0.00881	0.01212
8	0.01327	0.00664	0.00664	0.00664	0.00830	0.00664	0.00498	0.01659	0.01493	0.02655	0.02323	0.02655	0.01825	0.00830	0.00498	0.00166	0.00332	0.00664	0.78928	0.00664
9	0.75588	0.01492	0.01102	0.00988	0.01424	0.05624	0.00806	0.02136	0.01258	0.03112	0.00998	0.01164	0.00779	0.00665	0.00452	0.00218	0.00593	0.00390	0.00436	0.00774
10	0.01017	0.00763	0.01144	0.01144	0.01272	0.00890	0.00890	0.01272	0.01144	0.01653	0.01907	0.02797	0.01780	0.05340	0.72153	0.01144	0.01907	0.00763	0.00381	0.00636
11	0.01345	0.01266	0.02136	0.73264	0.04904	0.01582	0.01978	0.01819	0.01424	0.01819	0.01266	0.01898	0.00949	0.00712	0.00712	0.00237	0.00949	0.00633	0.00316	0.00791
12	0.01495	0.01419	0.02408	0.48430	0.28561	0.01622	0.02052	0.01951	0.01495	0.02002	0.01292	0.01849	0.01014	0.00684	0.00709	0.00228	0.00912	0.00633	0.00329	0.00912
13	0.02487	0.01470	0.04401	0.01388	0.01887	0.01407	0.01168	0.13647	0.18809	0.34080	0.05464	0.02772	0.02083	0.00976	0.00736	0.00231	0.00633	0.04455	0.00776	0.01130
14	0.00868	0.00620	0.00826	0.00991	0.01033	0.00578	0.00661	0.00991	0.01363	0.01818	0.03925	0.74510	0.04710	0.02231	0.00909	0.00289	0.00413	0.02024	0.00661	0.00578
15	0.01345	0.01266	0.02136	0.73264	0.04904	0.01582	0.01978	0.01819	0.01424	0.01819	0.01266	0.01898	0.00949	0.00712	0.00712	0.00237	0.00949	0.00633	0.00316	0.00791
16	0.02525	0.01875	0.07930	0.01552	0.02127	0.01814	0.01351	0.35418	0.15628	0.18997	0.02150	0.02036	0.01495	0.00867	0.00712	0.00222	0.00724	0.00680	0.00717	0.01181
17	0.01717	0.01646	0.02809	0.11818	0.63439	0.01680	0.02163	0.02146	0.01600	0.02272	0.01331	0.01777	0.01109	0.00643	0.00706	0.00214	0.00857	0.00634	0.00349	0.01091
18	0.01018	0.00759	0.01124	0.01124	0.01244	0.00879	0.00865	0.01258	0.01138	0.01638	0.01926	0.02900	0.01825	0.09187	0.68368	0.01119	0.01840	0.00778	0.00384	0.00624
19	0.02660	0.03394	0.02018	0.01834	0.02201	0.72116	0.01376	0.02843	0.02018	0.01743	0.01101	0.01284	0.00917	0.00734	0.00642	0.00183	0.01284	0.00459	0.00367	0.00825
20	0.00868	0.00620	0.00826	0.00991	0.01033	0.00578	0.00661	0.00991	0.01363	0.01818	0.03925	0.74510	0.04710	0.02231	0.00909	0.00289	0.00413	0.02024	0.00661	0.00578
21	0.01624	0.01857	0.06680	0.02526	0.03242	0.01606	0.50106	0.02172	0.01627	0.02288	0.01394	0.01803	0.01067	0.00588	0.00764	0.00210	0.01045	0.00733	0.00371	0.18297
22	0.01428	0.03683	0.71286	0.02030	0.03082	0.01654	0.02631	0.02255	0.01503	0.02255	0.01278	0.01503	0.00902	0.00677	0.00677	0.00226	0.01052	0.00526	0.00301	0.01052
23	0.03195	0.01212	0.01652	0.01267	0.01818	0.01047	0.01047	0.03470	0.02038	0.71026	0.02809	0.02424	0.01763	0.00881	0.00716	0.00220	0.00606	0.00716	0.00881	0.01212
24	0.01477	0.01266	0.01477	0.01055	0.01687	0.00949	0.00844	0.01793	0.01477	0.02320	0.01266	0.01477	0.01055	0.00527	0.00527	0.00105	0.00527	0.00422	0.00422	0.79328
25	0.01327	0.00664	0.00664	0.00664	0.00830	0.00664	0.00498	0.01659	0.01493	0.02655	0.02323	0.02655	0.01825	0.00830	0.00498	0.00166	0.00332	0.00664	0.78928	0.00664
26	0.76537	0.01479	0.04146	0.00985	0.01452	0.01600	0.00853	0.02100	0.01225	0.03153	0.01004	0.01172	0.00777	0.00662	0.00451	0.00221	0.00573	0.00392	0.00434	0.00784
27	0.01904	0.75404	0.03731	0.01218	0.01828	0.02818	0.01218	0.02132	0.01447	0.01675	0.00990	0.01142	0.00914	0.00609	0.00457	0.00152	0.00761	0.00381	0.00305	0.00914
28	0.01022	0.00685	0.00780	0.00793	0.00797	0.00682	0.00449	0.01032	0.01061	0.01415	0.02375	0.10103	0.02754	0.69307	0.03413	0.00659	0.00669	0.01113	0.00449	0.00443
29	0.01586	0.00930	0.01177	0.01036	0.01322	0.00881	0.00804	0.02095	0.09781	0.18327	0.44288	0.04420	0.07870	0.01284	0.00798	0.00226	0.00425	0.01111	0.00794	0.00844
30	0.01771	0.01530	0.01610	0.01449	0.01852	0.01771	0.01127	0.03784	0.69247	0.02979	0.02898	0.02657	0.02174	0.00966	0.00725	0.00242	0.00564	0.00805	0.00725	0.01127
31	0.01558	0.01558	0.02181	0.01869	0.01869	0.02181	0.01558	0.01714	0.01091	0.01714	0.00935	0.01558	0.00935	0.01246	0.02337	0.00312	0.73672	0.00623	0.00312	0.00779
32	0.01026	0.00686	0.00779	0.00789	0.00791	0.00684	0.00444	0.01033	0.01054	0.01405	0.02336	0.08519	0.02706	0.70957	0.03474	0.00668	0.00675	0.01090	0.00444	0.00440
33	0.01082	0.00686	0.00759	0.00759	0.00785	0.00686	0.00442	0.01134	0.01108	0.01582	0.02256	0.04342	0.02468	0.63233	0.03129	0.00607	0.00634	0.00977	0.12863	0.00468
34	0.01327	0.00664	0.00664	0.00664	0.00830	0.00664	0.00498	0.01659	0.01493	0.02655	0.02323	0.02655	0.01825	0.00830	0.00498	0.00166	0.00332	0.00664	0.78928	0.00664
35	0.01558	0.01558	0.02181	0.01869	0.01869	0.02181	0.01558	0.01714	0.01091	0.01714	0.00935	0.01558	0.00935	0.01246	0.02337	0.00312	0.73672	0.00623	0.00312	0.00779
36	0.00962	0.00741	0.01062	0.01103	0.01223	0.00678	0.04508	0.01122	0.01378	0.01864	0.03542	0.62935	0.04178	0.04514	0.00972	0.00287	0.00475	0.01812	0.00619	0.06025
37	0.01327	0.00664	0.00664	0.00664	0.00830	0.00664	0.00498	0.01659	0.01493	0.02655	0.02323	0.02655	0.01825	0.00830	0.00498	0.00166	0.00332	0.00664	0.78928	0.00664
38	0.03195	0.01212	0.01652	0.01267	0.01818	0.01047	0.01047	0.03470	0.02038	0.71026	0.02809	0.02424	0.01763	0.00881	0.00716	0.00220	0.00606	0.00716	0.00881	0.01212
39	0.01028	0.00950	0.00877	0.00858	0.01089	0.06821	0.00640	0.01233	0.01713	0.02060	0.17136	0.08773	0.50967	0.01669	0.00827	0.00235	0.00439	0.01397	0.00656	0.00632
40	0.01327	0.00664	0.00664	0.00664	0.00830	0.00664	0.00498	0.01659	0.01493	0.02655	0.02323	0.02655	0.01825	0.00830	0.00498	0.00166	0.00332	0.00664	0.78928	0.00664
41	0.01681	0.01921	0.04202	0.03001	0.03721	0.01801	0.67947	0.02281	0.01681	0.02281	0.01441	0.01921	0.01080	0.00600	0.00840	0.00240	0.01200	0.00840	0.00360	0.00960
42	0.01428	0.03683	0.71286	0.02030	0.03082	0.01654	0.02631	0.02255	0.01503	0.02255	0.01278	0.01503	0.00902	0.00677	0.00677	0.00226	0.01052	0.00526	0.00301	0.01052
43	0.01018	0.00760	0.01128	0.01128	0.01250	0.00881	0.00870	0.01261	0.01140	0.01641	0.01922	0.02879	0.01815	0.08383	0.69159	0.01125	0.01854	0.00775	0.00384	0.00627
44	0.01345	0.01266	0.02136	0.73264	0.04904	0.01582	0.01978	0.01819	0.01424	0.01819	0.01266	0.01898	0.00949	0.00712	0.00712	0.00237	0.00949	0.00633	0.00316	0.00791
45	0.01428	0.03683	0.71286	0.02030	0.03082	0.01654	0.02631	0.02255	0.01503	0.02255	0.01278	0.01503	0.00902	0.00677	0.00677	0.00226	0.01052	0.00526	0.00301	0.01052
46	0.00842	0.00721	0.00721	0.00721	0.00962	0.00601	0.00541	0.01022	0.01623	0.01924	0.07213	0.06853	0.70244	0.01803	0.00842	0.00240	0.00361	0.01503	0.00661	0.00601
47	0.01364	0.01227	0.02042	0.58873	0.04247	0.01494	0.04660	0.01816	0.01434	0.01942	0.01396	0.01984	0.01065	0.00738	0.00740	0.00231	0.03092	0.00645	0.10227	0.00782
48	0.01450	0.06977	0.68183	0.01992	0.03024	0.01707	0.02566	0.02249	0.01501	0.02228	0.01265	0.01487	0.00903	0.00673	0.00666	0.00222	0.01039	0.00519	0.00301	0.01046
49	0.01416	0.01350	0.02299	0.59954	0.13231	0.01622	0.04055	0.01878	0.01447	0.01896	0.01270	0.01871	0.00976	0.00715	0.00766	0.00236	0.03218	0.00639	0.00322	0.00839
50	0.02559	0.01797	0.01995	0.04683	0.02206	0.01971	0.01298	0.50712	0.08771	0.10990	0.01925	0.01974	0.01387	0.03394	0.00813	0.00234	0.00750	0.00676	0.00704	0.01159
51	0.42040	0.01465	0.03599	0.03186	0.01675	0.01552	0.00980	0.16145	0.01774	0.08146	0.01570	0.05580	0.01254	0.00821	0.00564	0.00219	0.00605	0.00590	0.07349	0.00886
52	0.17100	0.42480	0.05761	0.01249	0.01804	0.09075	0.01173	0.04737	0.01543	0.02143	0.01330	0.01464	0.04024	0.00695	0.00511	0.00177	0.00760	0.00458	0.00372	0.03144

[dist]
# distance from previous block
# <min> <max>
2	3

[block]
# block no. 3 follows, 29 sequences, length 17
# corresponding to MSA columns:
# 263-279
name=unknown_D
#
# <colnr> <probs for GDERKNQSTAVLIFYWHMCP>
#	G	D	E	R	K	N	Q	S	T	A	V	L	I	F	Y	W	H	M	C	P
0	0.04847	0.01362	0.01599	0.04120	0.01867	0.01326	0.01037	0.10310	0.11546	0.10086	0.04477	0.04644	0.01646	0.00820	0.00729	0.00183	0.04610	0.00647	0.00564	0.33578
1	0.04305	0.56349	0.07094	0.01356	0.01918	0.05160	0.01326	0.05186	0.01519	0.01890	0.01038	0.01232	0.00925	0.00689	0.00660	0.00177	0.07504	0.00426	0.00330	0.00915
2	0.01188	0.00776	0.01056	0.01133	0.01250	0.00771	0.00853	0.01379	0.01493	0.08290	0.06193	0.46735	0.04163	0.01962	0.00989	0.00290	0.04819	0.15326	0.00664	0.00669
3	0.02174	0.05461	0.02366	0.08902	0.22770	0.15007	0.01635	0.21580	0.08172	0.02828	0.01518	0.01721	0.01180	0.00752	0.00686	0.00209	0.00890	0.00607	0.00487	0.01055
4	0.00972	0.00748	0.01083	0.01143	0.01271	0.00703	0.04729	0.01177	0.01484	0.01955	0.06609	0.48608	0.10489	0.02015	0.00910	0.00287	0.00498	0.14051	0.00647	0.00621
5	0.02234	0.01125	0.01442	0.01153	0.01601	0.01003	0.00925	0.04635	0.05694	0.35966	0.21481	0.03089	0.03057	0.00995	0.00723	0.00205	0.00522	0.00836	0.00773	0.12540
6	0.01271	0.01247	0.12178	0.01083	0.01444	0.00854	0.00998	0.01650	0.01864	0.09647	0.40664	0.04693	0.16942	0.01336	0.00801	0.00227	0.00482	0.01147	0.00695	0.00775
7	0.01121	0.00872	0.01036	0.00970	0.01191	0.00861	0.00735	0.01738	0.14150	0.02737	0.48435	0.05068	0.15506	0.01420	0.00819	0.00230	0.00381	0.01233	0.00755	0.00744
8	0.01938	0.07895	0.01830	0.01458	0.01882	0.08679	0.01155	0.03538	0.53724	0.06071	0.02559	0.02384	0.01925	0.00909	0.00694	0.00227	0.00652	0.00731	0.00662	0.01084
9	0.02775	0.01203	0.01590	0.01211	0.01762	0.01013	0.00992	0.03061	0.01928	0.55005	0.05200	0.02356	0.01824	0.00836	0.00684	0.00198	0.00580	0.00682	0.00789	0.16310
10	0.01477	0.01266	0.01477	0.01055	0.01687	0.00949	0.00844	0.01793	0.01477	0.02320	0.01266	0.01477	0.01055	0.00527	0.00527	0.00105	0.00527	0.00422	0.00422	0.79328
11	0.01587	0.02985	0.01833	0.04910	0.02034	0.01264	0.09292	0.04255	0.14548	0.06310	0.02298	0.12615	0.04358	0.00955	0.00695	0.00197	0.00634	0.00852	0.00543	0.27836
12	0.01445	0.00881	0.01103	0.01004	0.01261	0.00828	0.00767	0.01892	0.08305	0.15028	0.38150	0.11089	0.12571	0.01417	0.00813	0.00233	0.00417	0.01231	0.00770	0.00796
13	0.01681	0.01921	0.04202	0.03001	0.03721	0.01801	0.67947	0.02281	0.01681	0.02281	0.01441	0.01921	0.01080	0.00600	0.00840	0.00240	0.01200	0.00840	0.00360	0.00960
14	0.01809	0.01519	0.01817	0.01947	0.14261	0.01686	0.01297	0.03394	0.51722	0.06061	0.02745	0.02613	0.04064	0.00928	0.00724	0.00235	0.00610	0.00791	0.00663	0.01115
15	0.01147	0.00820	0.01147	0.01311	0.01475	0.00820	0.01147	0.01475	0.01639	0.02131	0.03770	0.08032	0.04098	0.01967	0.00984	0.00328	0.00656	0.65741	0.00656	0.00656
16	0.04626	0.10075	0.57731	0.01977	0.02942	0.01769	0.06839	0.02239	0.01498	0.02241	0.01251	0.01484	0.00910	0.00665	0.00658	0.00220	0.01016	0.00528	0.00311	0.01022

[dist]
# distance from previous block
# <min> <max>
0	6

# created by:
# /st0/software/busco_prod/Augustus/scripts/msa2prfl.pl ./align_prep/147042.fa
