[name]
unknown

[dist]
# distance from previous block
# <min> <max>
8	46

[block]
# block no. 0 follows, 29 sequences, length 27
# corresponding to MSA columns:
# 55-81
name=unknown_A
#
# <colnr> <probs for GDERKNQSTAVLIFYWHMCP>
#	G	D	E	R	K	N	Q	S	T	A	V	L	I	F	Y	W	H	M	C	P
0	0.06162	0.03693	0.16474	0.01479	0.02000	0.06404	0.07653	0.02057	0.04277	0.08682	0.11364	0.10617	0.08564	0.01066	0.00727	0.00222	0.00722	0.00914	0.00534	0.06387
1	0.01430	0.15634	0.13952	0.04108	0.01861	0.03535	0.01245	0.01909	0.06580	0.04102	0.12972	0.13524	0.06680	0.01286	0.03410	0.00250	0.00703	0.00933	0.00514	0.05375
2	0.04693	0.07254	0.27874	0.03772	0.02405	0.01648	0.01720	0.13596	0.01893	0.17234	0.01725	0.04212	0.01273	0.00816	0.00736	0.00218	0.03645	0.00626	0.00517	0.04142
3	0.01510	0.20984	0.46115	0.01743	0.02587	0.01853	0.04099	0.02113	0.01472	0.02051	0.01471	0.01793	0.03383	0.04995	0.00804	0.00235	0.00941	0.00563	0.00323	0.00964
4	0.04470	0.28616	0.38337	0.01651	0.02452	0.06099	0.01920	0.02205	0.01523	0.02079	0.03833	0.01500	0.01128	0.00686	0.00595	0.00197	0.00918	0.00496	0.00330	0.00966
5	0.01642	0.29209	0.27702	0.01581	0.02274	0.02018	0.04053	0.04081	0.09291	0.02123	0.01528	0.04343	0.01302	0.05043	0.00788	0.00230	0.00844	0.00603	0.00385	0.00958
6	0.01307	0.12672	0.11092	0.01443	0.01870	0.01359	0.10620	0.01758	0.05736	0.02043	0.06787	0.12212	0.12834	0.05501	0.06991	0.00334	0.00810	0.03350	0.00491	0.00789
7	0.01307	0.22714	0.14129	0.01286	0.01689	0.01466	0.01239	0.01617	0.01418	0.01869	0.02404	0.27011	0.02603	0.01765	0.07630	0.00325	0.00794	0.07495	0.00467	0.00772
8	0.01242	0.03756	0.01319	0.01207	0.01397	0.00931	0.04724	0.01567	0.07683	0.04294	0.05084	0.24425	0.07195	0.04330	0.01235	0.11538	0.00582	0.16239	0.00587	0.00664
9	0.01016	0.00772	0.00937	0.00981	0.01151	0.00714	0.00725	0.03729	0.01552	0.02028	0.06384	0.34727	0.21756	0.04455	0.02980	0.00303	0.00499	0.09480	0.00636	0.05175
10	0.01156	0.09496	0.01504	0.01272	0.03815	0.01160	0.00960	0.01379	0.01221	0.01696	0.02029	0.12784	0.02060	0.06701	0.44663	0.00811	0.05311	0.00897	0.00410	0.00677
11	0.75086	0.01370	0.01115	0.05459	0.01598	0.01596	0.00847	0.02076	0.01225	0.03109	0.01009	0.01203	0.00782	0.00664	0.00458	0.00221	0.00576	0.00401	0.00433	0.00772
12	0.05769	0.01590	0.01850	0.01435	0.01973	0.01640	0.01183	0.35604	0.02622	0.32296	0.02153	0.02035	0.01451	0.01050	0.03750	0.00256	0.00748	0.00668	0.00759	0.01170
13	0.18676	0.07809	0.51533	0.01738	0.02627	0.01717	0.02132	0.02212	0.01436	0.02424	0.01197	0.01404	0.00874	0.00669	0.00611	0.00220	0.00924	0.00486	0.00332	0.00982
14	0.02707	0.01995	0.02137	0.01638	0.02208	0.02208	0.01353	0.68159	0.03348	0.04488	0.01710	0.01710	0.01211	0.00855	0.00712	0.00214	0.00784	0.00641	0.00712	0.01211
15	0.80005	0.01377	0.01047	0.00936	0.01377	0.01597	0.00771	0.02093	0.01212	0.03195	0.00991	0.01157	0.00771	0.00661	0.00441	0.00220	0.00551	0.00386	0.00441	0.00771
16	0.01237	0.00618	0.00928	0.00928	0.00928	0.00618	0.00618	0.00928	0.00928	0.01237	0.01237	0.02165	0.01237	0.02474	0.02783	0.79283	0.00618	0.00618	0.00309	0.00309
17	0.01008	0.00728	0.00952	0.00896	0.01064	0.00672	0.00672	0.01344	0.02016	0.02855	0.70158	0.05319	0.06719	0.01456	0.00840	0.00224	0.00336	0.01288	0.00784	0.00672
18	0.01468	0.05991	0.62766	0.02091	0.03098	0.01707	0.08611	0.02253	0.01518	0.02237	0.01283	0.01529	0.00919	0.00667	0.00684	0.00224	0.01056	0.00550	0.00306	0.01039
19	0.02770	0.01225	0.01609	0.01214	0.01786	0.01023	0.00996	0.03056	0.01899	0.54055	0.02428	0.02190	0.01588	0.00794	0.00669	0.00192	0.00587	0.00643	0.00768	0.20508
20	0.01339	0.01236	0.02059	0.52010	0.14431	0.01451	0.01815	0.01754	0.01445	0.01897	0.01669	0.12581	0.01531	0.00924	0.00740	0.00241	0.00854	0.00838	0.00373	0.00812
21	0.05304	0.01627	0.01746	0.01578	0.04518	0.01853	0.01200	0.17227	0.49877	0.03281	0.02507	0.02359	0.01871	0.00917	0.00709	0.00234	0.00620	0.00746	0.00696	0.01130
22	0.02009	0.01628	0.02027	0.01661	0.01945	0.01958	0.03104	0.30201	0.04651	0.02915	0.01423	0.01783	0.01167	0.01332	0.04241	0.08362	0.27514	0.00648	0.00503	0.00929
23	0.01308	0.00670	0.00694	0.00694	0.00857	0.00678	0.00522	0.01635	0.01471	0.02592	0.02297	0.02664	0.01822	0.01112	0.04979	0.00227	0.00430	0.00670	0.74016	0.00662
24	0.01885	0.71457	0.03648	0.01253	0.01830	0.02784	0.01237	0.02110	0.01428	0.01677	0.00987	0.01164	0.00915	0.00643	0.00557	0.00161	0.04659	0.00394	0.00305	0.00907
25	0.01558	0.01558	0.02181	0.01869	0.01869	0.02181	0.01558	0.01714	0.01091	0.01714	0.00935	0.01558	0.00935	0.01246	0.02337	0.00312	0.73672	0.00623	0.00312	0.00779
26	0.00868	0.00620	0.00826	0.00991	0.01033	0.00578	0.00661	0.00991	0.01363	0.01818	0.03925	0.74510	0.04710	0.02231	0.00909	0.00289	0.00413	0.02024	0.00661	0.00578

[dist]
# distance from previous block
# <min> <max>
0	1

[block]
# block no. 1 follows, 29 sequences, length 60
# corresponding to MSA columns:
# 83-142
name=unknown_B
#
# <colnr> <probs for GDERKNQSTAVLIFYWHMCP>
#	G	D	E	R	K	N	Q	S	T	A	V	L	I	F	Y	W	H	M	C	P
0	0.10155	0.12914	0.01942	0.01302	0.01823	0.13729	0.01075	0.02772	0.05463	0.27078	0.01815	0.01768	0.01299	0.00741	0.00607	0.00186	0.00727	0.00546	0.00579	0.13479
1	0.02516	0.01841	0.01991	0.01559	0.02086	0.02029	0.01279	0.56340	0.07998	0.06144	0.02046	0.02038	0.03939	0.01076	0.03519	0.00253	0.00790	0.00693	0.00703	0.01159
2	0.00873	0.00624	0.00831	0.00988	0.01034	0.00582	0.00661	0.01005	0.01389	0.01859	0.06537	0.71781	0.04789	0.02200	0.00906	0.00287	0.00410	0.01995	0.00666	0.00582
3	0.02601	0.01916	0.02050	0.01589	0.02134	0.02123	0.01307	0.62001	0.06882	0.04332	0.01799	0.01799	0.01288	0.00860	0.00704	0.00213	0.00754	0.00651	0.03811	0.01185
4	0.02548	0.01770	0.01961	0.01489	0.02068	0.01843	0.01225	0.48479	0.02856	0.12222	0.01765	0.01755	0.01251	0.00800	0.00680	0.00195	0.00716	0.00611	0.00681	0.15084
5	0.01904	0.75404	0.03731	0.01218	0.01828	0.02818	0.01218	0.02132	0.01447	0.01675	0.00990	0.01142	0.00914	0.00609	0.00457	0.00152	0.00761	0.00381	0.00305	0.00914
6	0.00888	0.00631	0.00836	0.00992	0.01036	0.00594	0.00668	0.01013	0.01356	0.01806	0.03827	0.68064	0.04569	0.06203	0.01060	0.00313	0.00438	0.04484	0.00648	0.00573
7	0.02050	0.01339	0.01533	0.01290	0.01690	0.01397	0.01022	0.21416	0.16094	0.16397	0.12080	0.10094	0.08115	0.01175	0.00762	0.00232	0.00573	0.00981	0.00748	0.01010
8	0.01549	0.01546	0.02179	0.04870	0.01997	0.02156	0.01576	0.01718	0.01105	0.01718	0.00949	0.01572	0.00935	0.01224	0.02269	0.00308	0.70615	0.00624	0.00312	0.00779
9	0.00846	0.00704	0.00740	0.00768	0.00974	0.00597	0.00562	0.01017	0.01578	0.01905	0.06643	0.18595	0.58870	0.01878	0.00853	0.00249	0.00370	0.01593	0.00661	0.00597
10	0.01524	0.01314	0.01601	0.01147	0.01782	0.01022	0.03406	0.03965	0.01545	0.02389	0.01287	0.01501	0.01061	0.00541	0.00545	0.00114	0.00561	0.00445	0.00429	0.73820
11	0.01698	0.01547	0.01525	0.01349	0.01759	0.06837	0.01046	0.03161	0.48361	0.02687	0.03046	0.02878	0.09548	0.00989	0.00707	0.00220	0.00591	0.00810	0.00654	0.10586
12	0.01477	0.01266	0.01477	0.01055	0.01687	0.00949	0.00844	0.01793	0.01477	0.02320	0.01266	0.01477	0.01055	0.00527	0.00527	0.00105	0.00527	0.00422	0.00422	0.79328
13	0.05043	0.44704	0.05188	0.01441	0.01976	0.17005	0.04091	0.04407	0.01619	0.01890	0.01193	0.03718	0.01080	0.00858	0.02927	0.00207	0.00918	0.00497	0.00353	0.00886
14	0.01771	0.01530	0.01610	0.01449	0.01852	0.01771	0.01127	0.03784	0.69247	0.02979	0.02898	0.02657	0.02174	0.00966	0.00725	0.00242	0.00564	0.00805	0.00725	0.01127
15	0.01682	0.01396	0.01560	0.01139	0.01755	0.03257	0.00914	0.07989	0.01684	0.04745	0.01352	0.01523	0.01088	0.00575	0.00554	0.00122	0.00577	0.00453	0.00462	0.67172
16	0.01327	0.00664	0.00664	0.00664	0.00830	0.00664	0.00498	0.01659	0.01493	0.02655	0.02323	0.02655	0.01825	0.00830	0.00498	0.00166	0.00332	0.00664	0.78928	0.00664
17	0.02376	0.02501	0.01982	0.01705	0.02050	0.35924	0.01330	0.21244	0.02185	0.02502	0.01338	0.01675	0.01121	0.05044	0.03194	0.00267	0.11625	0.00575	0.00462	0.00902
18	0.01452	0.01352	0.02206	0.59949	0.06665	0.01631	0.04701	0.04202	0.06896	0.02036	0.01420	0.01949	0.01067	0.00730	0.00718	0.00236	0.00920	0.00656	0.00365	0.00850
19	0.01327	0.00664	0.00664	0.00664	0.00830	0.00664	0.00498	0.01659	0.01493	0.02655	0.02323	0.02655	0.01825	0.00830	0.00498	0.00166	0.00332	0.00664	0.78928	0.00664
20	0.01620	0.02107	0.13555	0.02641	0.03270	0.01853	0.45611	0.02167	0.01541	0.02167	0.01319	0.01790	0.01026	0.00736	0.01106	0.00252	0.15204	0.00753	0.00342	0.00939
21	0.01831	0.02013	0.02141	0.01861	0.01952	0.19501	0.01513	0.01993	0.01320	0.01721	0.00976	0.01490	0.00930	0.01119	0.01917	0.00280	0.55744	0.00582	0.00325	0.00790
22	0.01477	0.01266	0.01477	0.01055	0.01687	0.00949	0.00844	0.01793	0.01477	0.02320	0.01266	0.01477	0.01055	0.00527	0.00527	0.00105	0.00527	0.00422	0.00422	0.79328
23	0.02282	0.01508	0.01804	0.01609	0.07310	0.01575	0.01195	0.30703	0.08056	0.16687	0.16780	0.02709	0.02580	0.00981	0.00741	0.00219	0.00640	0.00808	0.00733	0.01081
24	0.01428	0.03683	0.71286	0.02030	0.03082	0.01654	0.02631	0.02255	0.01503	0.02255	0.01278	0.01503	0.00902	0.00677	0.00677	0.00226	0.01052	0.00526	0.00301	0.01052
25	0.02660	0.03394	0.02018	0.01834	0.02201	0.72116	0.01376	0.02843	0.02018	0.01743	0.01101	0.01284	0.00917	0.00734	0.00642	0.00183	0.01284	0.00459	0.00367	0.00825
26	0.01237	0.00618	0.00928	0.00928	0.00928	0.00618	0.00618	0.00928	0.00928	0.01237	0.01237	0.02165	0.01237	0.02474	0.02783	0.79283	0.00618	0.00618	0.00309	0.00309
27	0.00879	0.00628	0.00840	0.01005	0.01052	0.00589	0.00682	0.01012	0.01375	0.01831	0.03918	0.71683	0.04684	0.02220	0.00912	0.00291	0.00423	0.04735	0.00661	0.00582
28	0.01327	0.00664	0.00664	0.00664	0.00830	0.00664	0.00498	0.01659	0.01493	0.02655	0.02323	0.02655	0.01825	0.00830	0.00498	0.00166	0.00332	0.00664	0.78928	0.00664
29	0.00868	0.00620	0.00826	0.00991	0.01033	0.00578	0.00661	0.00991	0.01363	0.01818	0.03925	0.74510	0.04710	0.02231	0.00909	0.00289	0.00413	0.02024	0.00661	0.00578
30	0.01710	0.01060	0.01109	0.00962	0.01233	0.01123	0.00745	0.21278	0.02002	0.03085	0.02134	0.02551	0.01710	0.07349	0.00836	0.00226	0.00497	0.00690	0.48894	0.00805
31	0.01327	0.00664	0.00664	0.00664	0.00830	0.00664	0.00498	0.01659	0.01493	0.02655	0.02323	0.02655	0.01825	0.00830	0.00498	0.00166	0.00332	0.00664	0.78928	0.00664
32	0.01762	0.01692	0.02890	0.04371	0.70533	0.01692	0.02185	0.02185	0.01621	0.02326	0.01339	0.01762	0.01128	0.00634	0.00705	0.00211	0.00846	0.00634	0.00352	0.01128
33	0.01557	0.21929	0.46218	0.01860	0.02743	0.01933	0.07394	0.02195	0.01520	0.02128	0.03495	0.01570	0.01112	0.00679	0.00638	0.00208	0.00965	0.00539	0.00322	0.00997
34	0.01008	0.00728	0.00952	0.00896	0.01064	0.00672	0.00672	0.01344	0.02016	0.02855	0.70158	0.05319	0.06719	0.01456	0.00840	0.00224	0.00336	0.01288	0.00784	0.00672
35	0.00875	0.00623	0.00824	0.00982	0.01022	0.00583	0.00651	0.00993	0.01349	0.01799	0.03853	0.71541	0.04619	0.05324	0.01024	0.00306	0.00425	0.01982	0.00651	0.00572
36	0.01327	0.00664	0.00664	0.00664	0.00830	0.00664	0.00498	0.01659	0.01493	0.02655	0.02323	0.02655	0.01825	0.00830	0.00498	0.00166	0.00332	0.00664	0.78928	0.00664
37	0.08750	0.01946	0.02052	0.01583	0.02143	0.02160	0.01308	0.62994	0.03181	0.04387	0.01653	0.01666	0.01177	0.00840	0.00691	0.00214	0.00765	0.00621	0.00691	0.01177
38	0.01345	0.01266	0.02136	0.73264	0.04904	0.01582	0.01978	0.01819	0.01424	0.01819	0.01266	0.01898	0.00949	0.00712	0.00712	0.00237	0.00949	0.00633	0.00316	0.00791
39	0.01036	0.00690	0.00777	0.00777	0.00777	0.00690	0.00431	0.01036	0.01036	0.01381	0.02244	0.04660	0.02589	0.74975	0.03624	0.00690	0.00690	0.01036	0.00431	0.00431
40	0.00992	0.00727	0.00929	0.00879	0.01054	0.00665	0.00659	0.01312	0.01977	0.02765	0.64034	0.05468	0.12899	0.01490	0.00840	0.00226	0.00338	0.01309	0.00772	0.00665
41	0.02660	0.03394	0.02018	0.01834	0.02201	0.72116	0.01376	0.02843	0.02018	0.01743	0.01101	0.01284	0.00917	0.00734	0.00642	0.00183	0.01284	0.00459	0.00367	0.00825
42	0.01674	0.01601	0.02730	0.19028	0.56570	0.01668	0.02141	0.02107	0.01579	0.02218	0.01324	0.01791	0.01090	0.00651	0.00706	0.00217	0.00868	0.00634	0.00345	0.01056
43	0.01558	0.01558	0.02181	0.01869	0.01869	0.02181	0.01558	0.01714	0.01091	0.01714	0.00935	0.01558	0.00935	0.01246	0.02337	0.00312	0.73672	0.00623	0.00312	0.00779
44	0.01147	0.00820	0.01147	0.01311	0.01475	0.00820	0.01147	0.01475	0.01639	0.02131	0.03770	0.08032	0.04098	0.01967	0.00984	0.00328	0.00656	0.65741	0.00656	0.00656
45	0.00866	0.00624	0.00822	0.00980	0.01030	0.00579	0.00656	0.00993	0.01374	0.01822	0.04064	0.71633	0.07496	0.02213	0.00906	0.00287	0.00411	0.02002	0.00661	0.00579
46	0.01568	0.02272	0.26974	0.02143	0.02793	0.01580	0.22172	0.02133	0.01564	0.05945	0.01805	0.02821	0.01562	0.00952	0.00969	0.00257	0.09179	0.11962	0.00414	0.00933
47	0.01558	0.01558	0.02181	0.01869	0.01869	0.02181	0.01558	0.01714	0.01091	0.01714	0.00935	0.01558	0.00935	0.01246	0.02337	0.00312	0.73672	0.00623	0.00312	0.00779
48	0.01128	0.00910	0.01293	0.01231	0.01312	0.01116	0.00951	0.01322	0.01116	0.01622	0.01767	0.02845	0.01740	0.15537	0.47404	0.00907	0.16015	0.00778	0.00375	0.00632
49	0.01638	0.01945	0.09992	0.02922	0.17041	0.01779	0.34730	0.02209	0.04303	0.02229	0.01465	0.03840	0.01199	0.00760	0.00991	0.00244	0.10600	0.00770	0.00369	0.00976
50	0.01574	0.04754	0.09000	0.02507	0.05126	0.01778	0.39842	0.02049	0.01521	0.02113	0.01549	0.08561	0.01374	0.00874	0.01079	0.00252	0.13909	0.00862	0.00372	0.00904
51	0.01794	0.01559	0.01907	0.03736	0.05831	0.01738	0.06535	0.09917	0.47321	0.02972	0.04787	0.02644	0.04134	0.00941	0.00738	0.00236	0.00650	0.00814	0.00662	0.01082
52	0.16825	0.09232	0.02037	0.01585	0.01998	0.32615	0.03704	0.05253	0.08581	0.05171	0.01350	0.01491	0.01071	0.00770	0.00716	0.00206	0.05550	0.00515	0.00442	0.00888
53	0.01572	0.04483	0.02242	0.01844	0.01868	0.02206	0.01544	0.01730	0.01105	0.01712	0.00937	0.01541	0.00934	0.01221	0.02262	0.00305	0.70784	0.00614	0.00311	0.00784
54	0.01865	0.01249	0.01253	0.01065	0.01378	0.03890	0.00838	0.25774	0.02166	0.03233	0.02052	0.02342	0.01600	0.03840	0.00708	0.00205	0.00546	0.00663	0.44475	0.00859
55	0.00888	0.00649	0.00836	0.00945	0.01030	0.00597	0.00649	0.01054	0.01503	0.02005	0.15488	0.55156	0.12473	0.02051	0.00890	0.00273	0.00394	0.01841	0.00682	0.00597
56	0.03102	0.01191	0.01623	0.01251	0.01786	0.01031	0.01031	0.03380	0.02037	0.68128	0.05673	0.02547	0.01973	0.00906	0.00721	0.00220	0.00594	0.00740	0.00877	0.01189
57	0.00868	0.00620	0.00826	0.00991	0.01033	0.00578	0.00661	0.00991	0.01363	0.01818	0.03925	0.74510	0.04710	0.02231	0.00909	0.00289	0.00413	0.02024	0.00661	0.00578
58	0.02707	0.01995	0.02137	0.01638	0.02208	0.02208	0.01353	0.68159	0.03348	0.04488	0.01710	0.01710	0.01211	0.00855	0.00712	0.00214	0.00784	0.00641	0.00712	0.01211
59	0.01024	0.00736	0.01007	0.01007	0.01087	0.00816	0.00719	0.01184	0.01104	0.01552	0.02032	0.03491	0.02081	0.31261	0.46644	0.00975	0.01454	0.00864	0.00400	0.00560

[dist]
# distance from previous block
# <min> <max>
0	31

[block]
# block no. 2 follows, 29 sequences, length 41
# corresponding to MSA columns:
# 174-214
name=unknown_C
#
# <colnr> <probs for GDERKNQSTAVLIFYWHMCP>
#	G	D	E	R	K	N	Q	S	T	A	V	L	I	F	Y	W	H	M	C	P
0	0.02707	0.01995	0.02137	0.01638	0.02208	0.02208	0.01353	0.68159	0.03348	0.04488	0.01710	0.01710	0.01211	0.00855	0.00712	0.00214	0.00784	0.00641	0.00712	0.01211
1	0.01904	0.75404	0.03731	0.01218	0.01828	0.02818	0.01218	0.02132	0.01447	0.01675	0.00990	0.01142	0.00914	0.00609	0.00457	0.00152	0.00761	0.00381	0.00305	0.00914
2	0.00868	0.00620	0.00826	0.00991	0.01033	0.00578	0.00661	0.00991	0.01363	0.01818	0.03925	0.74510	0.04710	0.02231	0.00909	0.00289	0.00413	0.02024	0.00661	0.00578
3	0.02707	0.01995	0.02137	0.01638	0.02208	0.02208	0.01353	0.68159	0.03348	0.04488	0.01710	0.01710	0.01211	0.00855	0.00712	0.00214	0.00784	0.00641	0.00712	0.01211
4	0.00997	0.00726	0.00928	0.00878	0.01044	0.00668	0.00652	0.01307	0.01946	0.02726	0.62740	0.05402	0.11142	0.04579	0.00957	0.00245	0.00353	0.01293	0.00760	0.00657
5	0.01237	0.00618	0.00928	0.00928	0.00928	0.00618	0.00618	0.00928	0.00928	0.01237	0.01237	0.02165	0.01237	0.02474	0.02783	0.79283	0.00618	0.00618	0.00309	0.00309
6	0.01327	0.00664	0.00664	0.00664	0.00830	0.00664	0.00498	0.01659	0.01493	0.02655	0.02323	0.02655	0.01825	0.00830	0.00498	0.00166	0.00332	0.00664	0.78928	0.00664
7	0.01036	0.00690	0.00777	0.00777	0.00777	0.00690	0.00431	0.01036	0.01036	0.01381	0.02244	0.04660	0.02589	0.74975	0.03624	0.00690	0.00690	0.01036	0.00431	0.00431
8	0.02508	0.01662	0.01821	0.01433	0.01930	0.01796	0.01172	0.45206	0.07507	0.13183	0.02031	0.02010	0.01442	0.00863	0.00683	0.00210	0.00679	0.00666	0.12073	0.01126
9	0.01327	0.00664	0.00664	0.00664	0.00830	0.00664	0.00498	0.01659	0.01493	0.02655	0.02323	0.02655	0.01825	0.00830	0.00498	0.00166	0.00332	0.00664	0.78928	0.00664
10	0.02031	0.46302	0.13078	0.01496	0.02106	0.20651	0.01464	0.02335	0.01603	0.01777	0.01060	0.01231	0.00913	0.00651	0.00537	0.00171	0.00939	0.00422	0.00320	0.00911
11	0.03089	0.01310	0.01704	0.01314	0.01862	0.01201	0.01083	0.10599	0.04647	0.61209	0.02691	0.02354	0.01717	0.00882	0.00716	0.00220	0.00624	0.00711	0.00857	0.01209
12	0.01017	0.00763	0.01144	0.01144	0.01272	0.00890	0.00890	0.01272	0.01144	0.01653	0.01907	0.02797	0.01780	0.05340	0.72153	0.01144	0.01907	0.00763	0.00381	0.00636
13	0.00866	0.00624	0.00821	0.00979	0.01029	0.00579	0.00655	0.00993	0.01376	0.01823	0.04080	0.71310	0.07810	0.02211	0.00906	0.00287	0.00411	0.02000	0.00661	0.00579
14	0.01937	0.72230	0.03656	0.01246	0.01844	0.05871	0.01225	0.02164	0.01472	0.01678	0.00995	0.01148	0.00914	0.00615	0.00465	0.00154	0.00785	0.00384	0.00307	0.00910
15	0.03088	0.01188	0.01618	0.01249	0.01781	0.01028	0.01028	0.03366	0.02037	0.67685	0.06110	0.02566	0.02006	0.00909	0.00722	0.00221	0.00593	0.00744	0.00877	0.01185
16	0.01681	0.01921	0.04202	0.03001	0.03721	0.01801	0.67947	0.02281	0.01681	0.02281	0.01441	0.01921	0.01080	0.00600	0.00840	0.00240	0.01200	0.00840	0.00360	0.00960
17	0.01302	0.00787	0.01018	0.00959	0.01175	0.00711	0.00727	0.01579	0.01864	0.12862	0.40573	0.15304	0.13167	0.01541	0.00836	0.00238	0.00402	0.03463	0.00762	0.00731
18	0.00857	0.00717	0.00745	0.00749	0.00974	0.00606	0.00558	0.01047	0.01643	0.01996	0.12295	0.09926	0.61859	0.01795	0.00845	0.00241	0.00361	0.01510	0.00671	0.00606
19	0.01351	0.01163	0.01693	0.06194	0.01991	0.01117	0.09945	0.03774	0.09437	0.02301	0.05851	0.20300	0.02758	0.01262	0.00779	0.00232	0.00638	0.09972	0.00557	0.18684
20	0.01587	0.01749	0.06676	0.02358	0.05555	0.01507	0.39321	0.03986	0.01645	0.02316	0.01603	0.07826	0.01373	0.00732	0.00758	0.00211	0.00949	0.00814	0.00406	0.18626
21	0.00891	0.00636	0.00853	0.01018	0.01070	0.00598	0.00701	0.01032	0.01386	0.01844	0.03912	0.68979	0.04659	0.02209	0.00915	0.00292	0.00433	0.07325	0.00661	0.00585
22	0.01432	0.01430	0.02620	0.54047	0.04509	0.01657	0.17365	0.01923	0.01471	0.01923	0.01293	0.01890	0.00979	0.00707	0.00806	0.00241	0.03870	0.00681	0.00326	0.00830
23	0.01620	0.01304	0.01489	0.01117	0.01648	0.01126	0.00877	0.13158	0.01770	0.02607	0.04130	0.02035	0.01479	0.09255	0.00931	0.00197	0.00583	0.00565	0.00487	0.53623
24	0.01186	0.00768	0.00986	0.00908	0.01110	0.00699	0.00684	0.01489	0.01945	0.08703	0.55931	0.05183	0.12022	0.04117	0.00931	0.00242	0.00375	0.01248	0.00768	0.00704
25	0.01381	0.01297	0.01841	0.01632	0.01674	0.01758	0.01339	0.01569	0.01108	0.01694	0.01253	0.01964	0.01212	0.02587	0.25206	0.00584	0.50165	0.00669	0.00334	0.00732
26	0.01392	0.02593	0.39719	0.01987	0.02729	0.01479	0.16890	0.01996	0.01443	0.02079	0.01512	0.02180	0.01269	0.12214	0.07103	0.00375	0.01102	0.00693	0.00340	0.00904
27	0.01744	0.01252	0.01410	0.01266	0.01619	0.01349	0.00980	0.03013	0.40753	0.12668	0.12500	0.09034	0.06978	0.01173	0.00761	0.00240	0.00514	0.00998	0.00747	0.01001
28	0.03076	0.01238	0.01649	0.01282	0.01821	0.01107	0.01053	0.03496	0.07630	0.65365	0.02817	0.02443	0.01797	0.00888	0.00717	0.00222	0.00602	0.00723	0.00868	0.01205
29	0.01017	0.00763	0.01144	0.01144	0.01272	0.00890	0.00890	0.01272	0.01144	0.01653	0.01907	0.02797	0.01780	0.05340	0.72153	0.01144	0.01907	0.00763	0.00381	0.00636
30	0.00869	0.00714	0.00764	0.00769	0.00983	0.00610	0.00570	0.01068	0.01662	0.02055	0.16416	0.11940	0.55545	0.01785	0.00847	0.00242	0.00361	0.01511	0.00680	0.00610
31	0.00877	0.00632	0.00834	0.00992	0.01047	0.00589	0.00675	0.01011	0.01385	0.01834	0.04057	0.69099	0.07448	0.02203	0.00909	0.00289	0.00420	0.04456	0.00661	0.00582
32	0.01762	0.01692	0.02890	0.04371	0.70533	0.01692	0.02185	0.02185	0.01621	0.02326	0.01339	0.01762	0.01128	0.00634	0.00705	0.00211	0.00846	0.00634	0.00352	0.01128
33	0.01036	0.00690	0.00777	0.00777	0.00777	0.00690	0.00431	0.01036	0.01036	0.01381	0.02244	0.04660	0.02589	0.74975	0.03624	0.00690	0.00690	0.01036	0.00431	0.00431
34	0.61945	0.01848	0.01273	0.01146	0.01570	0.18064	0.00912	0.02268	0.01400	0.02856	0.01017	0.01186	0.00805	0.00678	0.00488	0.00212	0.00722	0.00403	0.00423	0.00784
35	0.01460	0.03463	0.62912	0.02151	0.03162	0.01672	0.10784	0.02258	0.01525	0.02258	0.01298	0.01555	0.00924	0.00667	0.00697	0.00227	0.01071	0.00565	0.00308	0.01041
36	0.02565	0.01259	0.01607	0.01205	0.01785	0.01054	0.00985	0.05203	0.01885	0.44148	0.02220	0.02060	0.01491	0.00754	0.00649	0.00179	0.00584	0.00609	0.00712	0.29047
37	0.01477	0.01266	0.01477	0.01055	0.01687	0.00949	0.00844	0.01793	0.01477	0.02320	0.01266	0.01477	0.01055	0.00527	0.00527	0.00105	0.00527	0.00422	0.00422	0.79328
38	0.01483	0.01290	0.01535	0.01122	0.01703	0.01052	0.00903	0.01786	0.01444	0.02270	0.01238	0.01483	0.01045	0.00587	0.00678	0.00123	0.06613	0.00439	0.00413	0.72793
39	0.00962	0.00697	0.00857	0.00913	0.00965	0.00687	0.00599	0.01061	0.01301	0.01733	0.08025	0.35120	0.09914	0.28971	0.01953	0.00429	0.03192	0.01510	0.00572	0.00540
40	0.03649	0.01261	0.01902	0.48872	0.03788	0.01428	0.01612	0.01786	0.01423	0.01972	0.01472	0.01957	0.03636	0.00734	0.00739	0.00210	0.04024	0.00611	0.00357	0.18567

[dist]
# distance from previous block
# <min> <max>
0	20

# created by:
# /st0/software/busco_prod/Augustus/scripts/msa2prfl.pl ./align_prep/147218.fa
