[name]
unknown

[dist]
# distance from previous block
# <min> <max>
48	76

[block]
# block no. 0 follows, 27 sequences, length 23
# corresponding to MSA columns:
# 100-122
name=unknown_A
#
# <colnr> <probs for GDERKNQSTAVLIFYWHMCP>
#	G	D	E	R	K	N	Q	S	T	A	V	L	I	F	Y	W	H	M	C	P
0	0.08397	0.07191	0.01632	0.01261	0.01599	0.01532	0.00993	0.24326	0.02090	0.02916	0.02522	0.15990	0.06145	0.10055	0.09637	0.00409	0.00827	0.01011	0.00596	0.00871
1	0.05575	0.01949	0.02048	0.01604	0.02160	0.05912	0.01311	0.47578	0.03024	0.15941	0.01996	0.04124	0.01446	0.00927	0.00736	0.00225	0.00793	0.00707	0.00742	0.01203
2	0.61436	0.01582	0.04237	0.01126	0.01637	0.01671	0.00971	0.08265	0.01565	0.09855	0.01299	0.01403	0.00952	0.00731	0.00524	0.00229	0.00625	0.00466	0.00524	0.00903
3	0.02716	0.01953	0.02316	0.01752	0.02361	0.02080	0.06605	0.52005	0.03113	0.10684	0.01846	0.01859	0.01299	0.00854	0.00743	0.00220	0.00820	0.00680	0.00714	0.05378
4	0.01716	0.01261	0.01435	0.01264	0.01565	0.01303	0.00950	0.26349	0.02207	0.02988	0.05396	0.28934	0.03023	0.10836	0.01201	0.00308	0.00622	0.01267	0.00665	0.06708
5	0.02572	0.01943	0.02090	0.01624	0.02202	0.02116	0.01329	0.52407	0.11609	0.04257	0.01897	0.01886	0.01376	0.00873	0.00726	0.00216	0.00761	0.00668	0.00715	0.08733
6	0.02822	0.02079	0.02228	0.01708	0.02302	0.02302	0.01411	0.66804	0.03490	0.04679	0.01782	0.01782	0.01262	0.00891	0.00743	0.00223	0.00817	0.00668	0.00743	0.01262
7	0.02626	0.01390	0.01687	0.01377	0.01870	0.01391	0.01109	0.09094	0.22195	0.37687	0.08915	0.02812	0.02391	0.00998	0.00761	0.00236	0.00609	0.00823	0.00844	0.01185
8	0.01430	0.01374	0.02399	0.66592	0.05014	0.01668	0.07237	0.01935	0.01506	0.01935	0.01334	0.01981	0.01001	0.00733	0.00753	0.00248	0.01011	0.00677	0.00334	0.00839
9	0.02229	0.01512	0.01691	0.01444	0.01899	0.01638	0.01143	0.12107	0.39128	0.18063	0.03061	0.05726	0.04849	0.01063	0.00765	0.00245	0.00613	0.00878	0.00785	0.01160
10	0.01735	0.01968	0.04272	0.06601	0.03942	0.01866	0.63336	0.02354	0.01739	0.02354	0.01493	0.02001	0.01120	0.00632	0.00869	0.00250	0.01238	0.00865	0.00373	0.00992
11	0.00902	0.00656	0.00851	0.01006	0.01070	0.00605	0.00677	0.01037	0.01448	0.01906	0.04424	0.67001	0.11120	0.02283	0.00941	0.00297	0.00425	0.02058	0.00689	0.00605
12	0.08269	0.62804	0.03521	0.01298	0.01899	0.08283	0.01246	0.02279	0.01536	0.01880	0.01041	0.01204	0.00941	0.00650	0.00490	0.00167	0.00820	0.00404	0.00334	0.00933
13	0.00904	0.00646	0.00861	0.01034	0.01077	0.00603	0.00689	0.01034	0.01421	0.01895	0.04092	0.73426	0.04910	0.02326	0.00948	0.00301	0.00431	0.02110	0.00689	0.00603
14	0.00904	0.00646	0.00861	0.01034	0.01077	0.00603	0.00689	0.01034	0.01421	0.01895	0.04092	0.73426	0.04910	0.02326	0.00948	0.00301	0.00431	0.02110	0.00689	0.00603
15	0.01625	0.23229	0.51869	0.01883	0.02853	0.02058	0.02338	0.02316	0.01551	0.02185	0.01250	0.01464	0.00944	0.00686	0.00642	0.00214	0.01014	0.00507	0.00315	0.01057
16	0.01731	0.01962	0.04252	0.07229	0.03953	0.01864	0.62749	0.02349	0.01736	0.02349	0.01491	0.02001	0.01118	0.00633	0.00868	0.00250	0.01236	0.00863	0.00373	0.00991
17	0.00904	0.00646	0.00861	0.01034	0.01077	0.00603	0.00689	0.01034	0.01421	0.01895	0.04092	0.73426	0.04910	0.02326	0.00948	0.00301	0.00431	0.02110	0.00689	0.00603
18	0.02049	0.01696	0.01793	0.01552	0.02008	0.01941	0.01224	0.17019	0.54533	0.03433	0.02764	0.02564	0.02057	0.00983	0.00753	0.00246	0.00635	0.00804	0.00753	0.01193
19	0.02826	0.01937	0.02129	0.01629	0.02223	0.02082	0.01344	0.55510	0.03220	0.12977	0.01908	0.01867	0.01329	0.00878	0.00734	0.00218	0.00780	0.00667	0.00751	0.04990
20	0.09072	0.01789	0.01824	0.01534	0.02020	0.04150	0.01225	0.24579	0.35843	0.06406	0.02372	0.02249	0.01745	0.00929	0.00722	0.00237	0.00688	0.00729	0.00720	0.01165
21	0.10278	0.01841	0.01997	0.05350	0.02281	0.02042	0.01326	0.42965	0.12082	0.09423	0.01949	0.01934	0.01389	0.00881	0.00716	0.00229	0.00755	0.00672	0.00708	0.01181
22	0.02582	0.08557	0.02323	0.01622	0.02219	0.02109	0.03561	0.44288	0.06802	0.09293	0.01830	0.01834	0.01321	0.00839	0.00707	0.00211	0.00778	0.00648	0.00680	0.07795

[dist]
# distance from previous block
# <min> <max>
0	6

[block]
# block no. 1 follows, 27 sequences, length 6
# corresponding to MSA columns:
# 129-134
name=unknown_B
#
# <colnr> <probs for GDERKNQSTAVLIFYWHMCP>
#	G	D	E	R	K	N	Q	S	T	A	V	L	I	F	Y	W	H	M	C	P
0	0.79154	0.01436	0.01091	0.00976	0.01436	0.01665	0.00804	0.02182	0.01263	0.03331	0.01034	0.01206	0.00804	0.00689	0.00459	0.00230	0.00574	0.00402	0.00459	0.00804
1	0.01061	0.00795	0.01193	0.01193	0.01326	0.00928	0.00928	0.01326	0.01193	0.01723	0.01988	0.02916	0.01856	0.05568	0.70968	0.01193	0.01988	0.00795	0.00398	0.00663
2	0.01418	0.02865	0.45573	0.01926	0.02733	0.01504	0.07113	0.02182	0.05077	0.02365	0.05621	0.10865	0.02016	0.01028	0.00777	0.00251	0.00939	0.04324	0.00434	0.00990
3	0.02813	0.02346	0.02205	0.01745	0.02301	0.14824	0.01415	0.55156	0.03237	0.04156	0.01666	0.01701	0.01207	0.00868	0.00729	0.00217	0.00912	0.00634	0.00677	0.01189
4	0.01985	0.74357	0.03890	0.01270	0.01905	0.02937	0.01270	0.02223	0.01508	0.01747	0.01032	0.01191	0.00953	0.00635	0.00476	0.00159	0.00794	0.00397	0.00318	0.00953
5	0.41636	0.06375	0.01709	0.01270	0.01796	0.01903	0.01062	0.23654	0.02097	0.10073	0.01463	0.01522	0.01065	0.00774	0.00582	0.00223	0.00674	0.00523	0.00588	0.01009

[dist]
# distance from previous block
# <min> <max>
0	4

[block]
# block no. 2 follows, 27 sequences, length 17
# corresponding to MSA columns:
# 139-155
name=unknown_C
#
# <colnr> <probs for GDERKNQSTAVLIFYWHMCP>
#	G	D	E	R	K	N	Q	S	T	A	V	L	I	F	Y	W	H	M	C	P
0	0.26140	0.01371	0.01772	0.23642	0.02795	0.01547	0.05536	0.07849	0.01691	0.02796	0.10687	0.02236	0.01837	0.01025	0.03468	0.00271	0.00796	0.00686	0.00485	0.03368
1	0.13516	0.01993	0.09646	0.03432	0.44414	0.03904	0.01996	0.04972	0.04588	0.02656	0.01414	0.01737	0.01139	0.00698	0.00690	0.00224	0.00857	0.00613	0.00408	0.01105
2	0.01233	0.00966	0.01180	0.03977	0.01492	0.00927	0.00847	0.04805	0.08012	0.02231	0.03324	0.41513	0.06116	0.04847	0.00960	0.00272	0.00520	0.01489	0.00629	0.14660
3	0.01846	0.01595	0.01679	0.01511	0.01930	0.01846	0.01175	0.03945	0.67938	0.03105	0.03022	0.02770	0.02266	0.01007	0.00755	0.00252	0.00588	0.00839	0.00755	0.01175
4	0.00889	0.00741	0.00776	0.00791	0.01016	0.00628	0.00584	0.01079	0.01684	0.02043	0.10240	0.14023	0.59141	0.01909	0.00885	0.00255	0.00380	0.01613	0.00696	0.00628
5	0.01402	0.01319	0.02227	0.72126	0.05113	0.01649	0.02062	0.01897	0.01484	0.01897	0.01319	0.01979	0.00990	0.00742	0.00742	0.00247	0.00990	0.00660	0.00330	0.00825
6	0.01833	0.27404	0.36228	0.01797	0.02644	0.04902	0.04588	0.02457	0.03850	0.05873	0.01375	0.01542	0.01047	0.00703	0.00637	0.00208	0.00967	0.00528	0.00368	0.01047
7	0.01761	0.01977	0.04237	0.03279	0.10746	0.01865	0.59832	0.02368	0.01746	0.02383	0.01491	0.01985	0.01132	0.00630	0.00861	0.00247	0.01213	0.00854	0.00375	0.01020
8	0.00904	0.00646	0.00861	0.01034	0.01077	0.00603	0.00689	0.01034	0.01421	0.01895	0.04092	0.73426	0.04910	0.02326	0.00948	0.00301	0.00431	0.02110	0.00689	0.00603
9	0.02864	0.01163	0.01554	0.01226	0.01729	0.01006	0.01000	0.03146	0.02077	0.56540	0.09469	0.03289	0.09362	0.01075	0.00772	0.00232	0.00579	0.00887	0.00885	0.01145
10	0.10663	0.02214	0.10095	0.04802	0.09327	0.12121	0.29352	0.02312	0.01676	0.02332	0.01467	0.04873	0.01215	0.00807	0.00830	0.02767	0.01072	0.00747	0.00389	0.00939
11	0.00904	0.00646	0.00861	0.01034	0.01077	0.00603	0.00689	0.01034	0.01421	0.01895	0.04092	0.73426	0.04910	0.02326	0.00948	0.00301	0.00431	0.02110	0.00689	0.00603
12	0.01046	0.00756	0.00970	0.00918	0.01084	0.00699	0.00677	0.01365	0.02013	0.02830	0.61795	0.05559	0.09100	0.06662	0.01081	0.00269	0.00377	0.01333	0.00786	0.00680
13	0.73644	0.01427	0.01172	0.06018	0.01696	0.01664	0.00893	0.02162	0.01279	0.03229	0.01054	0.01261	0.00817	0.00693	0.00479	0.00231	0.00604	0.00420	0.00450	0.00805
14	0.09628	0.50410	0.13013	0.01506	0.04521	0.02559	0.01480	0.05728	0.01606	0.02174	0.01129	0.01302	0.00961	0.00665	0.00531	0.00183	0.00820	0.00444	0.00356	0.00984
15	0.01441	0.06210	0.02338	0.67382	0.04898	0.01736	0.02009	0.01919	0.01486	0.01887	0.01300	0.01926	0.00987	0.00735	0.00724	0.00241	0.00977	0.00642	0.00329	0.00833
16	0.01926	0.67009	0.03723	0.08398	0.02228	0.02808	0.01350	0.02190	0.01506	0.01762	0.01061	0.01270	0.00956	0.00646	0.00503	0.00168	0.00814	0.00423	0.00319	0.00940

[dist]
# distance from previous block
# <min> <max>
0	2

[block]
# block no. 3 follows, 27 sequences, length 9
# corresponding to MSA columns:
# 158-166
name=unknown_D
#
# <colnr> <probs for GDERKNQSTAVLIFYWHMCP>
#	G	D	E	R	K	N	Q	S	T	A	V	L	I	F	Y	W	H	M	C	P
0	0.14290	0.55642	0.10049	0.01308	0.01961	0.02613	0.01343	0.02229	0.01475	0.02061	0.01062	0.01231	0.00928	0.00651	0.00496	0.00178	0.00789	0.00413	0.00340	0.00943
1	0.01991	0.62296	0.10380	0.01400	0.02064	0.07627	0.01429	0.02288	0.01556	0.01812	0.01070	0.01239	0.00952	0.00651	0.00513	0.00169	0.00863	0.00418	0.00322	0.00961
2	0.01080	0.00720	0.00810	0.00810	0.00810	0.00720	0.00450	0.01080	0.01080	0.01439	0.02339	0.04858	0.02699	0.73910	0.03779	0.00720	0.00720	0.01080	0.00450	0.00450
3	0.02361	0.01860	0.01931	0.01588	0.02077	0.04877	0.01282	0.41123	0.18295	0.03857	0.02474	0.05508	0.04610	0.01064	0.00769	0.00238	0.00745	0.03472	0.00724	0.01146
4	0.00898	0.00736	0.00792	0.00814	0.01025	0.00630	0.00597	0.01092	0.01687	0.02079	0.12707	0.17679	0.52855	0.01918	0.00889	0.00257	0.00382	0.01633	0.00701	0.00630
5	0.01527	0.01319	0.01602	0.07540	0.02063	0.01049	0.00987	0.01872	0.01534	0.02372	0.01319	0.01579	0.01090	0.00567	0.00567	0.00122	0.00590	0.00460	0.00430	0.71410
6	0.00904	0.00646	0.00861	0.01034	0.01077	0.00603	0.00689	0.01034	0.01421	0.01895	0.04092	0.73426	0.04910	0.02326	0.00948	0.00301	0.00431	0.02110	0.00689	0.00603
7	0.79154	0.01436	0.01091	0.00976	0.01436	0.01665	0.00804	0.02182	0.01263	0.03331	0.01034	0.01206	0.00804	0.00689	0.00459	0.00230	0.00574	0.00402	0.00459	0.00804
8	0.01837	0.01764	0.03013	0.04557	0.69279	0.01764	0.02278	0.02278	0.01690	0.02425	0.01396	0.01837	0.01176	0.00661	0.00735	0.00220	0.00882	0.00661	0.00367	0.01176

[dist]
# distance from previous block
# <min> <max>
0	3

[block]
# block no. 4 follows, 27 sequences, length 62
# corresponding to MSA columns:
# 170-231
name=unknown_E
#
# <colnr> <probs for GDERKNQSTAVLIFYWHMCP>
#	G	D	E	R	K	N	Q	S	T	A	V	L	I	F	Y	W	H	M	C	P
0	0.01814	0.01740	0.02971	0.08152	0.65865	0.01758	0.02267	0.02258	0.01679	0.02397	0.01392	0.01845	0.01166	0.00666	0.00735	0.00222	0.00888	0.00661	0.00365	0.01157
1	0.01749	0.01662	0.02822	0.07907	0.61117	0.01677	0.02156	0.02171	0.01661	0.02360	0.01580	0.06829	0.01426	0.00782	0.00750	0.00228	0.00856	0.00762	0.00388	0.01117
2	0.01129	0.00820	0.01112	0.01185	0.05818	0.00779	0.00788	0.01394	0.01842	0.02587	0.48142	0.05092	0.05533	0.12139	0.01416	0.04932	0.00471	0.03448	0.00698	0.00674
3	0.02517	0.01883	0.02025	0.01596	0.02128	0.02076	0.01303	0.52818	0.10410	0.04285	0.06810	0.02359	0.04371	0.00985	0.00758	0.00228	0.00742	0.00769	0.00747	0.01189
4	0.02192	0.01487	0.06726	0.01257	0.01918	0.01082	0.01096	0.02546	0.01756	0.27085	0.01910	0.01903	0.01358	0.00697	0.00633	0.00163	0.00621	0.00560	0.00606	0.44407
5	0.01837	0.01764	0.03013	0.04557	0.69279	0.01764	0.02278	0.02278	0.01690	0.02425	0.01396	0.01837	0.01176	0.00661	0.00735	0.00220	0.00882	0.00661	0.00367	0.01176
6	0.01081	0.00838	0.03486	0.00886	0.00946	0.00748	0.00576	0.01153	0.01210	0.01639	0.08168	0.09564	0.03157	0.59868	0.03213	0.00630	0.00682	0.01154	0.00493	0.00507
7	0.00904	0.00646	0.00861	0.01034	0.01077	0.00603	0.00689	0.01034	0.01421	0.01895	0.04092	0.73426	0.04910	0.02326	0.00948	0.00301	0.00431	0.02110	0.00689	0.00603
8	0.01893	0.01618	0.01705	0.01520	0.01948	0.01868	0.01186	0.06948	0.64859	0.03181	0.02962	0.02723	0.02218	0.01002	0.00755	0.00250	0.00598	0.00831	0.00755	0.01179
9	0.01109	0.00909	0.00996	0.00947	0.01206	0.00874	0.00718	0.01698	0.14006	0.02505	0.25487	0.05850	0.37724	0.01609	0.00854	0.00246	0.00407	0.01364	0.00741	0.00750
10	0.02822	0.02079	0.02228	0.01708	0.02302	0.02302	0.01411	0.66804	0.03490	0.04679	0.01782	0.01782	0.01262	0.00891	0.00743	0.00223	0.00817	0.00668	0.00743	0.01262
11	0.01752	0.02003	0.04380	0.03129	0.03880	0.01877	0.66583	0.02378	0.01752	0.02378	0.01502	0.02003	0.01126	0.00626	0.00876	0.00250	0.01252	0.00876	0.00375	0.01001
12	0.01818	0.01744	0.02979	0.07528	0.66458	0.01759	0.02269	0.02262	0.01681	0.02402	0.01393	0.01844	0.01168	0.00665	0.00735	0.00222	0.00887	0.00661	0.00366	0.01160
13	0.01402	0.01319	0.02227	0.72126	0.05113	0.01649	0.02062	0.01897	0.01484	0.01897	0.01319	0.01979	0.00990	0.00742	0.00742	0.00247	0.00990	0.00660	0.00330	0.00825
14	0.02773	0.03538	0.02104	0.01913	0.02295	0.70930	0.01434	0.02964	0.02104	0.01817	0.01148	0.01339	0.00956	0.00765	0.00669	0.00191	0.01339	0.00478	0.00383	0.00861
15	0.00886	0.00752	0.00764	0.00761	0.01008	0.00630	0.00571	0.01082	0.01713	0.02055	0.10637	0.07063	0.65831	0.01862	0.00877	0.00250	0.00375	0.01555	0.00696	0.00630
16	0.01615	0.01537	0.02611	0.39124	0.36453	0.01705	0.02167	0.02083	0.01585	0.02155	0.01357	0.01910	0.01081	0.00703	0.00739	0.00234	0.00937	0.00661	0.00348	0.00996
17	0.01402	0.01319	0.02227	0.72126	0.05113	0.01649	0.02062	0.01897	0.01484	0.01897	0.01319	0.01979	0.00990	0.00742	0.00742	0.00247	0.00990	0.00660	0.00330	0.00825
18	0.01752	0.02003	0.04380	0.03129	0.03880	0.01877	0.66583	0.02378	0.01752	0.02378	0.01502	0.02003	0.01126	0.00626	0.00876	0.00250	0.01252	0.00876	0.00375	0.01001
19	0.03032	0.01455	0.01807	0.01417	0.01973	0.01413	0.01160	0.14937	0.11586	0.48836	0.02737	0.02428	0.01795	0.00926	0.00747	0.00232	0.00659	0.00746	0.00865	0.01251
20	0.01061	0.00795	0.01193	0.01193	0.01326	0.00928	0.00928	0.01326	0.01193	0.01723	0.01988	0.02916	0.01856	0.05568	0.70968	0.01193	0.01988	0.00795	0.00398	0.00663
21	0.00917	0.00655	0.00875	0.01047	0.01096	0.00613	0.00710	0.01055	0.01433	0.01909	0.04085	0.70739	0.04884	0.02314	0.00951	0.00303	0.00441	0.04678	0.00689	0.00606
22	0.02614	0.13785	0.04770	0.01827	0.02271	0.58650	0.01457	0.02835	0.01999	0.01826	0.01137	0.01325	0.00955	0.00744	0.00643	0.00188	0.01251	0.00469	0.00371	0.00882
23	0.01489	0.03840	0.70064	0.02116	0.03213	0.01724	0.02743	0.02351	0.01567	0.02351	0.01332	0.01567	0.00940	0.00705	0.00705	0.00235	0.01097	0.00549	0.00313	0.01097
24	0.01051	0.00759	0.00992	0.00934	0.01109	0.00700	0.00700	0.01401	0.02101	0.02977	0.68888	0.05545	0.07005	0.01518	0.00876	0.00233	0.00350	0.01343	0.00817	0.00700
25	0.02822	0.02079	0.02228	0.01708	0.02302	0.02302	0.01411	0.66804	0.03490	0.04679	0.01782	0.01782	0.01262	0.00891	0.00743	0.00223	0.00817	0.00668	0.00743	0.01262
26	0.01715	0.01974	0.06566	0.10589	0.11785	0.01834	0.49554	0.02314	0.01709	0.02331	0.01463	0.01963	0.01110	0.00646	0.00838	0.00246	0.01174	0.00815	0.00367	0.01007
27	0.01402	0.01319	0.02227	0.72126	0.05113	0.01649	0.02062	0.01897	0.01484	0.01897	0.01319	0.01979	0.00990	0.00742	0.00742	0.00247	0.00990	0.00660	0.00330	0.00825
28	0.02773	0.03538	0.02104	0.01913	0.02295	0.70930	0.01434	0.02964	0.02104	0.01817	0.01148	0.01339	0.00956	0.00765	0.00669	0.00191	0.01339	0.00478	0.00383	0.00861
29	0.01985	0.74357	0.03890	0.01270	0.01905	0.02937	0.01270	0.02223	0.01508	0.01747	0.01032	0.01191	0.00953	0.00635	0.00476	0.00159	0.00794	0.00397	0.00318	0.00953
30	0.02670	0.02004	0.02142	0.01677	0.02244	0.02231	0.01374	0.57008	0.13534	0.04433	0.01975	0.01936	0.01419	0.00909	0.00745	0.00227	0.00781	0.00695	0.00745	0.01249
31	0.01334	0.01123	0.01210	0.01120	0.01360	0.05824	0.00849	0.02031	0.15580	0.02923	0.50687	0.04684	0.05613	0.01361	0.00837	0.00234	0.00468	0.01179	0.00774	0.00809
32	0.01080	0.00720	0.00810	0.00810	0.00810	0.00720	0.00450	0.01080	0.01080	0.01439	0.02339	0.04858	0.02699	0.73910	0.03779	0.00720	0.00720	0.01080	0.00450	0.00450
33	0.01080	0.00720	0.00810	0.00810	0.00810	0.00720	0.00450	0.01080	0.01080	0.01439	0.02339	0.04858	0.02699	0.73910	0.03779	0.00720	0.00720	0.01080	0.00450	0.00450
34	0.03331	0.01263	0.01723	0.01321	0.01895	0.01091	0.01091	0.03618	0.02125	0.69794	0.02929	0.02527	0.01838	0.00919	0.00747	0.00230	0.00632	0.00747	0.00919	0.01263
35	0.01779	0.01536	0.01614	0.01458	0.01866	0.01762	0.01133	0.03744	0.63327	0.03029	0.03335	0.03074	0.06910	0.01068	0.00764	0.00252	0.00573	0.00890	0.00751	0.01137
36	0.00889	0.00752	0.00768	0.00764	0.01010	0.00631	0.00573	0.01087	0.01719	0.02068	0.11481	0.07041	0.64979	0.01857	0.00877	0.00250	0.00374	0.01552	0.00698	0.00631
37	0.79154	0.01436	0.01091	0.00976	0.01436	0.01665	0.00804	0.02182	0.01263	0.03331	0.01034	0.01206	0.00804	0.00689	0.00459	0.00230	0.00574	0.00402	0.00459	0.00804
38	0.06953	0.01272	0.01693	0.01304	0.01873	0.01119	0.01077	0.03549	0.02084	0.66618	0.02838	0.02464	0.01788	0.00908	0.00733	0.00230	0.00629	0.00730	0.00897	0.01241
39	0.01080	0.00720	0.00810	0.00810	0.00810	0.00720	0.00450	0.01080	0.01080	0.01439	0.02339	0.04858	0.02699	0.73910	0.03779	0.00720	0.00720	0.01080	0.00450	0.00450
40	0.01042	0.00758	0.00980	0.00925	0.01104	0.00697	0.00694	0.01384	0.02081	0.02928	0.65771	0.05627	0.10152	0.01536	0.00876	0.00234	0.00352	0.01354	0.00811	0.00697
41	0.00885	0.00723	0.00782	0.00829	0.01023	0.00620	0.00598	0.01057	0.01619	0.01975	0.06589	0.25142	0.51581	0.02001	0.00896	0.00264	0.00391	0.01714	0.00689	0.00620
42	0.00933	0.00668	0.00887	0.01014	0.01083	0.00622	0.00691	0.01106	0.01556	0.02109	0.16929	0.59977	0.05325	0.02166	0.00933	0.00288	0.00415	0.01958	0.00714	0.00622
43	0.01539	0.01319	0.01539	0.01100	0.01759	0.00990	0.00880	0.01869	0.01539	0.02419	0.01319	0.01539	0.01100	0.00550	0.00550	0.00110	0.00550	0.00440	0.00440	0.78449
44	0.01539	0.01319	0.01539	0.01100	0.01759	0.00990	0.00880	0.01869	0.01539	0.02419	0.01319	0.01539	0.01100	0.00550	0.00550	0.00110	0.00550	0.00440	0.00440	0.78449
45	0.00936	0.00687	0.00834	0.00929	0.01014	0.00633	0.00620	0.01064	0.01446	0.01882	0.07186	0.44188	0.18278	0.15023	0.01437	0.00363	0.00467	0.01778	0.00652	0.00585
46	0.00963	0.00740	0.00881	0.00878	0.01063	0.00658	0.00646	0.01220	0.01849	0.02451	0.36152	0.15625	0.30650	0.01770	0.00886	0.00250	0.00371	0.01536	0.00750	0.00658
47	0.00877	0.00752	0.00752	0.00752	0.01003	0.00627	0.00564	0.01065	0.01692	0.02005	0.07520	0.07144	0.68978	0.01880	0.00877	0.00251	0.00376	0.01567	0.00689	0.00627
48	0.00904	0.00646	0.00861	0.01034	0.01077	0.00603	0.00689	0.01034	0.01421	0.01895	0.04092	0.73426	0.04910	0.02326	0.00948	0.00301	0.00431	0.02110	0.00689	0.00603
49	0.72092	0.01420	0.01150	0.01008	0.01478	0.01612	0.00831	0.02316	0.01344	0.09521	0.01210	0.01329	0.00900	0.00711	0.00486	0.00230	0.00580	0.00434	0.00502	0.00847
50	0.00889	0.00753	0.00769	0.00765	0.01010	0.00632	0.00574	0.01089	0.01721	0.02073	0.11793	0.07033	0.64664	0.01855	0.00877	0.00249	0.00374	0.01551	0.00698	0.00632
51	0.03331	0.01263	0.01723	0.01321	0.01895	0.01091	0.01091	0.03618	0.02125	0.69794	0.02929	0.02527	0.01838	0.00919	0.00747	0.00230	0.00632	0.00747	0.00919	0.01263
52	0.00885	0.00748	0.00765	0.00769	0.01010	0.00629	0.00574	0.01077	0.01698	0.02040	0.09803	0.09509	0.64201	0.01882	0.00880	0.00252	0.00377	0.01578	0.00694	0.00629
53	0.01905	0.00914	0.01205	0.01120	0.01407	0.00808	0.00841	0.02107	0.01744	0.30005	0.04006	0.36437	0.11033	0.01692	0.00856	0.00266	0.00508	0.01483	0.00784	0.00879
54	0.01846	0.01595	0.01679	0.01511	0.01930	0.01846	0.01175	0.03945	0.67938	0.03105	0.03022	0.02770	0.02266	0.01007	0.00755	0.00252	0.00588	0.00839	0.00755	0.01175
55	0.79154	0.01436	0.01091	0.00976	0.01436	0.01665	0.00804	0.02182	0.01263	0.03331	0.01034	0.01206	0.00804	0.00689	0.00459	0.00230	0.00574	0.00402	0.00459	0.00804
56	0.01061	0.00795	0.01193	0.01193	0.01326	0.00928	0.00928	0.01326	0.01193	0.01723	0.01988	0.02916	0.01856	0.05568	0.70968	0.01193	0.01988	0.00795	0.00398	0.00663
57	0.01051	0.00759	0.00992	0.00934	0.01109	0.00700	0.00700	0.01401	0.02101	0.02977	0.68888	0.05545	0.07005	0.01518	0.00876	0.00233	0.00350	0.01343	0.00817	0.00700
58	0.01766	0.06283	0.04351	0.03019	0.03763	0.01940	0.62719	0.02369	0.01738	0.02341	0.01474	0.01954	0.01116	0.00626	0.00852	0.00245	0.01224	0.00848	0.00372	0.00998
59	0.00913	0.00653	0.00869	0.01028	0.01079	0.00609	0.00690	0.01055	0.01462	0.01959	0.07925	0.69410	0.05034	0.02278	0.00943	0.00297	0.00426	0.02065	0.00697	0.00609
60	0.01268	0.00869	0.00971	0.00920	0.00989	0.00892	0.00568	0.08463	0.01366	0.01823	0.02354	0.07528	0.02635	0.62557	0.03313	0.00645	0.00718	0.01079	0.00493	0.00548
61	0.01591	0.01333	0.01541	0.01120	0.01741	0.01053	0.00888	0.05669	0.01630	0.02501	0.01401	0.01730	0.01194	0.04473	0.00733	0.00149	0.00575	0.00487	0.00458	0.69732

[dist]
# distance from previous block
# <min> <max>
0	3

# created by:
# /st0/software/busco_prod/Augustus/scripts/msa2prfl.pl ./align_prep/147232.fa
