[name]
unknown

[dist]
# distance from previous block
# <min> <max>
0	3

[block]
# block no. 0 follows, 28 sequences, length 10
# corresponding to MSA columns:
# 3-12
name=unknown_A
#
# <colnr> <probs for GDERKNQSTAVLIFYWHMCP>
#	G	D	E	R	K	N	Q	S	T	A	V	L	I	F	Y	W	H	M	C	P
0	0.02022	0.01069	0.01418	0.01338	0.01680	0.01035	0.01131	0.02536	0.09554	0.27658	0.03381	0.05436	0.03070	0.01478	0.00872	0.00284	0.00640	0.33700	0.00763	0.00936
1	0.06442	0.01330	0.01642	0.01297	0.01820	0.01265	0.01061	0.10708	0.08202	0.48558	0.02990	0.02683	0.06705	0.00963	0.00728	0.00228	0.00615	0.00774	0.00828	0.01162
2	0.02478	0.01428	0.01663	0.01356	0.01843	0.01457	0.01094	0.15970	0.20945	0.30629	0.03191	0.02919	0.09638	0.01027	0.00747	0.00232	0.00613	0.00834	0.00795	0.01141
3	0.00949	0.00659	0.00825	0.00932	0.00958	0.00632	0.00589	0.01029	0.01269	0.01692	0.03376	0.48539	0.04012	0.28803	0.01947	0.00446	0.00526	0.01696	0.00589	0.00535
4	0.10643	0.01939	0.02004	0.01563	0.02120	0.05065	0.01285	0.50452	0.02978	0.12126	0.01777	0.01755	0.01244	0.00850	0.00696	0.00218	0.00776	0.00629	0.00704	0.01173
5	0.01132	0.00850	0.00936	0.00916	0.01087	0.00817	0.00640	0.08455	0.01630	0.02079	0.04611	0.20148	0.29530	0.21957	0.01647	0.00380	0.00521	0.01418	0.00616	0.00630
6	0.51083	0.01611	0.01550	0.01474	0.07860	0.01813	0.01084	0.20390	0.01884	0.03549	0.01249	0.01394	0.00946	0.00728	0.00552	0.00222	0.00656	0.00489	0.00519	0.00946
7	0.01039	0.00767	0.00873	0.00887	0.01013	0.00727	0.00600	0.04523	0.01513	0.01954	0.08492	0.23439	0.23701	0.25118	0.01779	0.00403	0.00511	0.01461	0.00611	0.00589
8	0.07160	0.01347	0.01684	0.01327	0.01865	0.01282	0.01087	0.08204	0.10822	0.53158	0.02697	0.02382	0.01758	0.00897	0.00717	0.00227	0.00623	0.00719	0.00842	0.01201
9	0.10974	0.01426	0.01461	0.01256	0.01632	0.05310	0.00983	0.10578	0.16866	0.14693	0.04908	0.03155	0.11679	0.08180	0.01062	0.00280	0.03102	0.00850	0.00661	0.00945

[dist]
# distance from previous block
# <min> <max>
9	16

[block]
# block no. 1 follows, 28 sequences, length 10
# corresponding to MSA columns:
# 30-39
name=unknown_B
#
# <colnr> <probs for GDERKNQSTAVLIFYWHMCP>
#	G	D	E	R	K	N	Q	S	T	A	V	L	I	F	Y	W	H	M	C	P
0	0.01701	0.01346	0.01686	0.12860	0.02238	0.01388	0.03552	0.19281	0.04628	0.02762	0.02199	0.08016	0.05420	0.08535	0.01011	0.00257	0.00691	0.00823	0.05294	0.16308
1	0.01946	0.01686	0.02189	0.25129	0.17539	0.07438	0.01693	0.09711	0.12797	0.07643	0.01736	0.01989	0.01305	0.00777	0.00716	0.00225	0.00852	0.00661	0.00495	0.03473
2	0.01701	0.01439	0.01679	0.11040	0.02120	0.05030	0.01207	0.13359	0.12527	0.02450	0.02230	0.05567	0.07074	0.04154	0.01337	0.09676	0.10841	0.00801	0.00516	0.05253
3	0.01436	0.01148	0.01580	0.26553	0.02638	0.01306	0.01248	0.06415	0.06573	0.04408	0.02277	0.08159	0.05679	0.17692	0.04019	0.00381	0.04164	0.00907	0.00480	0.02939
4	0.01501	0.01325	0.01942	0.33114	0.11185	0.01442	0.01560	0.05073	0.08012	0.02388	0.11240	0.02418	0.01980	0.00828	0.00716	0.00215	0.00754	0.00725	0.00471	0.13110
5	0.04329	0.01639	0.01759	0.01425	0.01914	0.07945	0.04779	0.11879	0.17665	0.02747	0.01962	0.06922	0.01665	0.03690	0.00788	0.00211	0.00695	0.00718	0.00556	0.26712
6	0.01740	0.01616	0.02220	0.24137	0.22442	0.04760	0.01731	0.05790	0.18140	0.02464	0.01738	0.02022	0.01348	0.00764	0.00712	0.00223	0.00820	0.00668	0.00466	0.06198
7	0.00859	0.00736	0.00736	0.00736	0.00982	0.00614	0.00552	0.01043	0.01657	0.01964	0.07364	0.06996	0.69624	0.01841	0.00859	0.00245	0.00368	0.01534	0.00675	0.00614
8	0.02003	0.01504	0.01855	0.19730	0.02674	0.01685	0.01370	0.29631	0.08019	0.06115	0.04976	0.10749	0.01964	0.01040	0.00751	0.00235	0.00737	0.00868	0.03095	0.01000
9	0.01524	0.00840	0.00858	0.00797	0.01015	0.00866	0.00613	0.09576	0.01751	0.02934	0.02296	0.02594	0.01788	0.00850	0.00534	0.00175	0.00394	0.00675	0.69174	0.00744

[dist]
# distance from previous block
# <min> <max>
0	4

[block]
# block no. 2 follows, 28 sequences, length 9
# corresponding to MSA columns:
# 49-57
name=unknown_C
#
# <colnr> <probs for GDERKNQSTAVLIFYWHMCP>
#	G	D	E	R	K	N	Q	S	T	A	V	L	I	F	Y	W	H	M	C	P
0	0.31901	0.02432	0.23320	0.01819	0.05758	0.08879	0.08523	0.02366	0.04364	0.02658	0.01264	0.01483	0.00957	0.00693	0.00615	0.00225	0.00884	0.00526	0.00397	0.00937
1	0.01245	0.00638	0.00934	0.00934	0.00934	0.00638	0.00615	0.00957	0.00957	0.01275	0.01352	0.02431	0.01383	0.08776	0.02916	0.72060	0.00638	0.00668	0.00327	0.00327
2	0.01943	0.74891	0.03809	0.01244	0.01866	0.02876	0.01244	0.02177	0.01477	0.01710	0.01011	0.01166	0.00933	0.00622	0.00466	0.00155	0.00777	0.00389	0.00311	0.00933
3	0.01507	0.01292	0.01507	0.01077	0.01723	0.00969	0.00861	0.01830	0.01507	0.02369	0.01292	0.01507	0.01077	0.00538	0.00538	0.00108	0.00538	0.00431	0.00431	0.78898
4	0.01583	0.13850	0.50229	0.02327	0.13478	0.01868	0.02403	0.02272	0.01545	0.02227	0.01271	0.01522	0.00959	0.00674	0.00662	0.00217	0.00998	0.00533	0.00316	0.01066
5	0.79588	0.01406	0.01068	0.00956	0.01406	0.01631	0.00787	0.02137	0.01237	0.03261	0.01012	0.01181	0.00787	0.00675	0.00450	0.00225	0.00562	0.00394	0.00450	0.00787
6	0.00927	0.00705	0.00854	0.00889	0.01042	0.00631	0.00639	0.01149	0.01711	0.02263	0.28149	0.28280	0.26406	0.01858	0.00881	0.00256	0.00377	0.01630	0.00719	0.00631
7	0.00946	0.00658	0.00826	0.00935	0.00962	0.00631	0.00592	0.01028	0.01274	0.01699	0.03403	0.49652	0.04047	0.27643	0.01902	0.00439	0.00521	0.01712	0.00592	0.00538
8	0.71536	0.01394	0.01183	0.08343	0.01776	0.01629	0.00914	0.02108	0.01259	0.03117	0.01041	0.01259	0.00806	0.00680	0.00478	0.00227	0.00604	0.00420	0.00437	0.00789

[dist]
# distance from previous block
# <min> <max>
0	1

[block]
# block no. 3 follows, 28 sequences, length 68
# corresponding to MSA columns:
# 59-126
name=unknown_D
#
# <colnr> <probs for GDERKNQSTAVLIFYWHMCP>
#	G	D	E	R	K	N	Q	S	T	A	V	L	I	F	Y	W	H	M	C	P
0	0.01800	0.01376	0.01745	0.07297	0.07372	0.01188	0.01125	0.06980	0.01719	0.09742	0.01500	0.01686	0.01163	0.00626	0.00603	0.00148	0.00627	0.00514	0.00489	0.52301
1	0.01828	0.01282	0.01562	0.03361	0.01850	0.01008	0.00936	0.02148	0.01612	0.14956	0.01584	0.01700	0.01207	0.00611	0.00580	0.00134	0.00567	0.00493	0.00514	0.62068
2	0.04830	0.01973	0.03760	0.02940	0.09758	0.04110	0.49974	0.08751	0.01871	0.02573	0.01459	0.01874	0.01103	0.00648	0.00810	0.00237	0.01127	0.00788	0.00406	0.01010
3	0.07027	0.01584	0.01643	0.01458	0.01883	0.01827	0.01142	0.08148	0.59636	0.03162	0.02746	0.02544	0.02056	0.00958	0.00720	0.00243	0.00590	0.00782	0.00720	0.01132
4	0.74445	0.06274	0.01250	0.00975	0.01436	0.01713	0.00817	0.02139	0.01253	0.03159	0.01012	0.01180	0.00797	0.00671	0.00451	0.00220	0.00577	0.00393	0.00441	0.00797
5	0.01590	0.01590	0.02226	0.01908	0.01908	0.02226	0.01590	0.01749	0.01113	0.01749	0.00954	0.01590	0.00954	0.01272	0.02385	0.00318	0.73123	0.00636	0.00318	0.00795
6	0.00868	0.00703	0.00770	0.00824	0.01005	0.00606	0.00591	0.01033	0.01573	0.01929	0.06299	0.28241	0.49067	0.01979	0.00881	0.00261	0.00385	0.01703	0.00675	0.00606
7	0.03228	0.01290	0.01720	0.01318	0.01882	0.01147	0.01089	0.07779	0.02169	0.66061	0.02793	0.02426	0.01762	0.00898	0.00731	0.00224	0.00631	0.00726	0.00888	0.01237
8	0.01373	0.01292	0.02180	0.72707	0.05006	0.01615	0.02019	0.01857	0.01453	0.01857	0.01292	0.01938	0.00969	0.00727	0.00727	0.00242	0.00969	0.00646	0.00323	0.00807
9	0.01163	0.00988	0.01322	0.18610	0.04289	0.03762	0.01098	0.03380	0.01513	0.01957	0.03194	0.46699	0.05748	0.01729	0.00853	0.00271	0.00614	0.01550	0.00569	0.00692
10	0.01458	0.03760	0.70688	0.02072	0.03146	0.01688	0.02686	0.02302	0.01535	0.02302	0.01304	0.01535	0.00921	0.00691	0.00691	0.00230	0.01074	0.00537	0.00307	0.01074
11	0.01057	0.00705	0.00793	0.00793	0.00793	0.00705	0.00440	0.01057	0.01057	0.01409	0.02290	0.04757	0.02643	0.74454	0.03700	0.00705	0.00705	0.01057	0.00440	0.00440
12	0.01707	0.01711	0.03147	0.15649	0.42838	0.01735	0.18050	0.02192	0.01636	0.02276	0.01380	0.01862	0.01109	0.00653	0.00755	0.00227	0.00970	0.00699	0.00356	0.01052
13	0.01459	0.01392	0.02369	0.57928	0.12263	0.01649	0.05787	0.02009	0.04234	0.01992	0.01379	0.01955	0.01049	0.00722	0.00734	0.00240	0.00956	0.00666	0.00347	0.00871
14	0.01373	0.01292	0.02180	0.72707	0.05006	0.01615	0.02019	0.01857	0.01453	0.01857	0.01292	0.01938	0.00969	0.00727	0.00727	0.00242	0.00969	0.00646	0.00323	0.00807
15	0.00886	0.00633	0.00843	0.01012	0.01054	0.00590	0.00675	0.01012	0.01392	0.01856	0.04006	0.73979	0.04808	0.02277	0.00928	0.00295	0.00422	0.02066	0.00675	0.00590
16	0.01505	0.08368	0.62412	0.02074	0.03099	0.01776	0.06331	0.02295	0.01541	0.02264	0.01295	0.01535	0.00932	0.00682	0.00685	0.00226	0.01063	0.00546	0.00311	0.01059
17	0.01681	0.01677	0.02517	0.35810	0.34006	0.07742	0.02061	0.02116	0.01597	0.02084	0.01311	0.01821	0.01048	0.00693	0.00717	0.00226	0.00951	0.00631	0.00344	0.00965
18	0.01943	0.74891	0.03809	0.01244	0.01866	0.02876	0.01244	0.02177	0.01477	0.01710	0.01011	0.01166	0.00933	0.00622	0.00466	0.00155	0.00777	0.00389	0.00311	0.00933
19	0.03120	0.01464	0.01827	0.01401	0.01969	0.01405	0.01157	0.21710	0.02460	0.51719	0.02549	0.02267	0.01639	0.00892	0.00730	0.00223	0.00670	0.00709	0.00851	0.01237
20	0.08791	0.19875	0.39993	0.01679	0.02526	0.01882	0.01972	0.02416	0.01564	0.10951	0.01409	0.01537	0.01024	0.00700	0.00622	0.00212	0.00901	0.00514	0.00396	0.01036
21	0.03154	0.01210	0.01649	0.01281	0.01819	0.01047	0.01051	0.03428	0.02049	0.67330	0.02919	0.05700	0.01935	0.00962	0.00740	0.00228	0.00610	0.00791	0.00890	0.01208
22	0.01415	0.01335	0.02256	0.65960	0.11424	0.01626	0.02040	0.01894	0.01473	0.01908	0.01299	0.01924	0.00987	0.00719	0.00726	0.00240	0.00959	0.00646	0.00327	0.00841
23	0.01493	0.08867	0.65886	0.02012	0.03054	0.01773	0.02582	0.02293	0.01531	0.02260	0.01283	0.01508	0.00922	0.00686	0.00675	0.00225	0.01053	0.00526	0.00307	0.01064
24	0.02846	0.08894	0.12835	0.01412	0.02061	0.01345	0.01342	0.03211	0.01935	0.52853	0.02437	0.02196	0.01575	0.00839	0.00699	0.00219	0.00706	0.00667	0.00748	0.01181
25	0.01049	0.00705	0.00811	0.00818	0.00825	0.00708	0.00470	0.01065	0.01077	0.01441	0.02354	0.07801	0.02706	0.68348	0.06378	0.00705	0.00743	0.01091	0.00449	0.00456
26	0.01540	0.03206	0.50665	0.02451	0.07172	0.01727	0.18321	0.02304	0.01586	0.02313	0.01348	0.01653	0.00978	0.00669	0.00733	0.00233	0.01099	0.00621	0.00325	0.01056
27	0.01521	0.01526	0.02832	0.45138	0.13873	0.01688	0.18841	0.02031	0.01549	0.02052	0.01349	0.01924	0.01029	0.00686	0.00759	0.00239	0.01020	0.00701	0.00340	0.00901
28	0.01680	0.01856	0.03707	0.02738	0.03265	0.01948	0.48736	0.02165	0.01546	0.02165	0.01325	0.01856	0.01061	0.00799	0.01289	0.00266	0.21522	0.00795	0.00354	0.00928
29	0.01083	0.00740	0.00955	0.00938	0.01105	0.00676	0.00689	0.01361	0.01875	0.05641	0.46486	0.20768	0.11605	0.01667	0.00868	0.00245	0.00375	0.01475	0.00766	0.00683
30	0.01335	0.01333	0.04070	0.50553	0.04091	0.01504	0.07150	0.01773	0.01470	0.01910	0.01941	0.08746	0.05897	0.00955	0.00838	0.00251	0.04159	0.00847	0.00381	0.00796
31	0.01479	0.06809	0.67821	0.02036	0.03091	0.01739	0.02624	0.02297	0.01532	0.02277	0.01292	0.01519	0.00921	0.00688	0.00681	0.00227	0.01062	0.00531	0.00307	0.01068
32	0.01478	0.06703	0.67921	0.02038	0.03093	0.01737	0.02626	0.02297	0.01532	0.02278	0.01292	0.01519	0.00921	0.00688	0.00681	0.00227	0.01062	0.00531	0.00307	0.01068
33	0.01843	0.01731	0.02871	0.10841	0.54739	0.03844	0.05902	0.02277	0.01670	0.05220	0.01423	0.01836	0.01152	0.00667	0.00727	0.00220	0.00898	0.00658	0.00380	0.01102
34	0.01499	0.08413	0.64072	0.02050	0.03083	0.01772	0.04716	0.02295	0.01537	0.02264	0.01290	0.01524	0.00928	0.00683	0.00681	0.00226	0.01060	0.00538	0.00309	0.01062
35	0.01373	0.01292	0.02180	0.72707	0.05006	0.01615	0.02019	0.01857	0.01453	0.01857	0.01292	0.01938	0.00969	0.00727	0.00727	0.00242	0.00969	0.00646	0.00323	0.00807
36	0.01331	0.01224	0.02036	0.63827	0.04546	0.01504	0.01885	0.01785	0.01464	0.01878	0.01619	0.06525	0.01404	0.00901	0.00757	0.00251	0.00917	0.04993	0.00366	0.00786
37	0.01495	0.01618	0.05717	0.41071	0.06986	0.01666	0.24250	0.02024	0.01552	0.02057	0.01442	0.04195	0.01141	0.00732	0.00776	0.00243	0.01039	0.00759	0.00350	0.00884
38	0.02878	0.01433	0.01667	0.01334	0.01833	0.07079	0.01079	0.05943	0.06760	0.50713	0.09108	0.02647	0.02220	0.00948	0.00737	0.00223	0.00655	0.00768	0.00828	0.01145
39	0.00921	0.00672	0.00914	0.04075	0.01227	0.00644	0.00734	0.01086	0.01464	0.01966	0.10700	0.63768	0.04856	0.02129	0.00912	0.00286	0.00437	0.01927	0.00673	0.00610
40	0.01373	0.01292	0.02180	0.72707	0.05006	0.01615	0.02019	0.01857	0.01453	0.01857	0.01292	0.01938	0.00969	0.00727	0.00727	0.00242	0.00969	0.00646	0.00323	0.00807
41	0.01631	0.02521	0.30429	0.05568	0.03296	0.01640	0.30163	0.02279	0.01631	0.06209	0.01646	0.06626	0.01312	0.00777	0.00782	0.00241	0.01065	0.00793	0.00393	0.00999
42	0.02809	0.02052	0.02125	0.01648	0.02214	0.06727	0.01352	0.56901	0.03196	0.10897	0.01815	0.01788	0.01272	0.00867	0.00723	0.00217	0.00816	0.00650	0.00721	0.01210
43	0.01373	0.01292	0.02180	0.72707	0.05006	0.01615	0.02019	0.01857	0.01453	0.01857	0.01292	0.01938	0.00969	0.00727	0.00727	0.00242	0.00969	0.00646	0.00323	0.00807
44	0.04394	0.07343	0.06085	0.01026	0.01329	0.00990	0.00881	0.01589	0.01911	0.05065	0.49490	0.04627	0.09882	0.01328	0.00791	0.00223	0.00451	0.01139	0.00704	0.00752
45	0.01346	0.00815	0.01025	0.00961	0.01202	0.00727	0.00736	0.01614	0.01868	0.13711	0.32362	0.12954	0.21831	0.01590	0.00851	0.00244	0.00418	0.04231	0.00765	0.00747
46	0.01507	0.01292	0.01507	0.01077	0.01723	0.00969	0.00861	0.01830	0.01507	0.02369	0.01292	0.01507	0.01077	0.00538	0.00538	0.00108	0.00538	0.00431	0.00431	0.78898
47	0.04949	0.69664	0.03635	0.01234	0.01848	0.02769	0.01221	0.02220	0.01488	0.04030	0.01072	0.01210	0.00956	0.00633	0.00474	0.00160	0.00764	0.00400	0.00336	0.00937
48	0.01880	0.01721	0.01730	0.01633	0.04697	0.07397	0.01215	0.03719	0.60535	0.02912	0.02746	0.02562	0.02072	0.00953	0.00732	0.00241	0.00646	0.00786	0.00695	0.01126
49	0.01920	0.04434	0.06176	0.01207	0.01777	0.01145	0.01046	0.05974	0.01843	0.18307	0.13115	0.02390	0.02206	0.00814	0.00654	0.00172	0.00585	0.00667	0.00605	0.34962
50	0.02161	0.02638	0.39283	0.01733	0.02562	0.01466	0.01956	0.02893	0.07188	0.27828	0.02023	0.01982	0.01355	0.00793	0.00710	0.00230	0.00863	0.00633	0.00564	0.01141
51	0.20658	0.05757	0.40996	0.02061	0.09831	0.01732	0.04752	0.02250	0.01480	0.02522	0.01235	0.01479	0.00921	0.00676	0.00633	0.00225	0.00921	0.00521	0.00350	0.01003
52	0.00945	0.00685	0.00901	0.01057	0.01124	0.00657	0.00734	0.01162	0.03979	0.01927	0.03953	0.65793	0.04657	0.02206	0.00927	0.00297	0.00448	0.07253	0.00677	0.00618
53	0.00909	0.00738	0.00806	0.00789	0.01013	0.00635	0.00592	0.01141	0.01776	0.02246	0.25790	0.06532	0.51022	0.01736	0.00859	0.00240	0.00361	0.01469	0.00712	0.00635
54	0.01458	0.03760	0.70688	0.02072	0.03146	0.01688	0.02686	0.02302	0.01535	0.02302	0.01304	0.01535	0.00921	0.00691	0.00691	0.00230	0.01074	0.00537	0.00307	0.01074
55	0.01041	0.00770	0.01125	0.01125	0.01240	0.00885	0.00854	0.01270	0.01155	0.01655	0.01987	0.03076	0.01913	0.13443	0.63713	0.01115	0.01803	0.00811	0.00395	0.00625
56	0.01050	0.00702	0.00795	0.00802	0.00804	0.00700	0.00450	0.01055	0.01071	0.01428	0.02361	0.07620	0.02732	0.71468	0.03585	0.00688	0.00693	0.01099	0.00450	0.00447
57	0.00886	0.00633	0.00843	0.01012	0.01054	0.00590	0.00675	0.01012	0.01392	0.01856	0.04006	0.73979	0.04808	0.02277	0.00928	0.00295	0.00422	0.02066	0.00675	0.00590
58	0.02001	0.69531	0.03678	0.01291	0.01894	0.08029	0.01256	0.02231	0.01521	0.01715	0.01019	0.01177	0.00933	0.00631	0.00481	0.00158	0.00817	0.00395	0.00316	0.00926
59	0.01808	0.01561	0.01644	0.01479	0.01890	0.01808	0.01151	0.03863	0.68606	0.03041	0.02959	0.02712	0.02219	0.00986	0.00740	0.00247	0.00575	0.00822	0.00740	0.01151
60	0.01458	0.03760	0.70688	0.02072	0.03146	0.01688	0.02686	0.02302	0.01535	0.02302	0.01304	0.01535	0.00921	0.00691	0.00691	0.00230	0.01074	0.00537	0.00307	0.01074
61	0.03261	0.01237	0.01687	0.01293	0.01856	0.01068	0.01068	0.03543	0.02081	0.70423	0.02868	0.02474	0.01799	0.00900	0.00731	0.00225	0.00619	0.00731	0.00900	0.01237
62	0.01693	0.01916	0.04149	0.07702	0.03879	0.01823	0.62933	0.02297	0.01698	0.02297	0.01459	0.01959	0.01094	0.00620	0.00849	0.00245	0.01208	0.00844	0.00365	0.00969
63	0.01477	0.06601	0.68016	0.02039	0.03095	0.01736	0.02628	0.02297	0.01532	0.02278	0.01293	0.01520	0.00921	0.00688	0.00682	0.00227	0.01062	0.00531	0.00307	0.01069
64	0.00869	0.00721	0.00753	0.00777	0.00986	0.00613	0.00566	0.01039	0.01600	0.01931	0.06725	0.16395	0.58298	0.04245	0.00960	0.00267	0.00387	0.01594	0.00667	0.00605
65	0.01478	0.06649	0.67971	0.02038	0.03094	0.01736	0.02627	0.02297	0.01532	0.02278	0.01293	0.01520	0.00921	0.00688	0.00682	0.00227	0.01062	0.00531	0.00307	0.01069
66	0.01082	0.00740	0.00851	0.00846	0.00870	0.00759	0.00501	0.01173	0.03406	0.01488	0.02287	0.04539	0.02564	0.66561	0.08857	0.00725	0.00797	0.01027	0.00447	0.00481
67	0.01451	0.03652	0.68271	0.02033	0.03070	0.01652	0.02615	0.02255	0.01514	0.02266	0.01303	0.01558	0.00933	0.00754	0.00765	0.02954	0.01059	0.00540	0.00307	0.01048

[dist]
# distance from previous block
# <min> <max>
0	2

[block]
# block no. 4 follows, 28 sequences, length 80
# corresponding to MSA columns:
# 129-208
name=unknown_E
#
# <colnr> <probs for GDERKNQSTAVLIFYWHMCP>
#	G	D	E	R	K	N	Q	S	T	A	V	L	I	F	Y	W	H	M	C	P
0	0.00875	0.00731	0.00763	0.00768	0.00995	0.00618	0.00571	0.01069	0.01675	0.02038	0.12470	0.10811	0.60448	0.01836	0.00863	0.00247	0.00369	0.01547	0.00686	0.00618
1	0.03128	0.01332	0.01731	0.01340	0.01895	0.01224	0.01103	0.09629	0.06130	0.60203	0.02767	0.02419	0.01771	0.00902	0.00731	0.00226	0.00633	0.00729	0.00874	0.01232
2	0.01352	0.01260	0.02109	0.68474	0.04775	0.01560	0.01940	0.01829	0.01489	0.01920	0.05316	0.02144	0.01316	0.00772	0.00734	0.00241	0.00932	0.00685	0.00351	0.00800
3	0.00992	0.00716	0.00961	0.01119	0.01220	0.00685	0.00855	0.01200	0.01513	0.01982	0.04145	0.45251	0.08394	0.02150	0.00952	0.00307	0.00512	0.25752	0.00673	0.00622
4	0.01354	0.01257	0.02098	0.68467	0.04758	0.01561	0.01926	0.01810	0.01430	0.01831	0.01351	0.02104	0.01068	0.05074	0.00902	0.00270	0.00953	0.00670	0.00330	0.00786
5	0.11528	0.01383	0.01703	0.03491	0.01928	0.01295	0.04979	0.05334	0.03934	0.02525	0.01368	0.01646	0.01123	0.00934	0.04869	0.00221	0.05101	0.00517	0.00443	0.45677
6	0.01387	0.01320	0.02270	0.69743	0.04955	0.01624	0.04796	0.01877	0.01465	0.01877	0.01300	0.01939	0.00975	0.00722	0.00732	0.00242	0.00980	0.00655	0.00325	0.00815
7	0.00886	0.00633	0.00843	0.01012	0.01054	0.00590	0.00675	0.01012	0.01392	0.01856	0.04006	0.73979	0.04808	0.02277	0.00928	0.00295	0.00422	0.02066	0.00675	0.00590
8	0.02472	0.23009	0.02526	0.01686	0.02130	0.50281	0.01352	0.02736	0.04194	0.01804	0.01156	0.01319	0.00980	0.00722	0.00606	0.00181	0.01139	0.00459	0.00370	0.00878
9	0.01765	0.25476	0.17424	0.02657	0.24020	0.02101	0.09364	0.02307	0.04337	0.02170	0.01318	0.01598	0.01072	0.00658	0.00649	0.00204	0.00909	0.00573	0.00350	0.01046
10	0.07172	0.07894	0.58069	0.01931	0.02897	0.05370	0.02395	0.02314	0.01537	0.02308	0.01256	0.01475	0.00913	0.00688	0.00658	0.00223	0.01032	0.00514	0.00321	0.01033
11	0.01057	0.00705	0.00793	0.00793	0.00793	0.00705	0.00440	0.01057	0.01057	0.01409	0.02290	0.04757	0.02643	0.74454	0.03700	0.00705	0.00705	0.01057	0.00440	0.00440
12	0.01057	0.00705	0.00793	0.00793	0.00793	0.00705	0.00440	0.01057	0.01057	0.01409	0.02290	0.04757	0.02643	0.74454	0.03700	0.00705	0.00705	0.01057	0.00440	0.00440
13	0.02756	0.12612	0.02301	0.01628	0.05566	0.01928	0.01302	0.33286	0.02596	0.25762	0.01987	0.01902	0.01372	0.00833	0.00689	0.00211	0.00740	0.00640	0.00703	0.01187
14	0.01603	0.01652	0.02849	0.02237	0.02508	0.01974	0.24689	0.01933	0.01345	0.01990	0.01233	0.01817	0.01078	0.01189	0.04530	0.00320	0.41983	0.00722	0.03498	0.00850
15	0.00891	0.00660	0.00833	0.00954	0.01043	0.00602	0.00653	0.01044	0.01489	0.01952	0.09359	0.56543	0.17044	0.02139	0.00910	0.00281	0.00406	0.01913	0.00684	0.00602
16	0.01656	0.01703	0.03261	0.21730	0.27729	0.01740	0.27024	0.02171	0.01626	0.02222	0.01387	0.01897	0.01085	0.00655	0.00774	0.00234	0.01029	0.00728	0.00353	0.00996
17	0.01212	0.00856	0.01018	0.00997	0.01112	0.00866	0.00678	0.09331	0.01603	0.02170	0.12750	0.25283	0.03724	0.30643	0.04112	0.00464	0.00615	0.01341	0.00599	0.00627
18	0.01458	0.03760	0.70688	0.02072	0.03146	0.01688	0.02686	0.02302	0.01535	0.02302	0.01304	0.01535	0.00921	0.00691	0.00691	0.00230	0.01074	0.00537	0.00307	0.01074
19	0.00905	0.00695	0.00863	0.03062	0.01169	0.00640	0.00698	0.01070	0.01493	0.01906	0.05010	0.47020	0.25737	0.02077	0.00903	0.00279	0.00432	0.04769	0.00664	0.00608
20	0.79588	0.01406	0.01068	0.00956	0.01406	0.01631	0.00787	0.02137	0.01237	0.03261	0.01012	0.01181	0.00787	0.00675	0.00450	0.00225	0.00562	0.00394	0.00450	0.00787
21	0.01716	0.02029	0.08200	0.03270	0.16468	0.01807	0.50721	0.02308	0.01693	0.02336	0.01440	0.01903	0.01101	0.00624	0.00821	0.00239	0.01146	0.00797	0.00362	0.01019
22	0.00878	0.00663	0.00813	0.00932	0.01033	0.00597	0.00639	0.01021	0.01468	0.01887	0.04977	0.54619	0.23542	0.02151	0.00908	0.00281	0.00406	0.01913	0.00675	0.00597
23	0.01373	0.01292	0.02180	0.72707	0.05006	0.01615	0.02019	0.01857	0.01453	0.01857	0.01292	0.01938	0.00969	0.00727	0.00727	0.00242	0.00969	0.00646	0.00323	0.00807
24	0.01057	0.00705	0.00793	0.00793	0.00793	0.00705	0.00440	0.01057	0.01057	0.01409	0.02290	0.04757	0.02643	0.74454	0.03700	0.00705	0.00705	0.01057	0.00440	0.00440
25	0.03157	0.01405	0.01791	0.01373	0.01939	0.01317	0.01134	0.16954	0.02361	0.56616	0.02632	0.02321	0.01681	0.00894	0.00730	0.00224	0.00657	0.00715	0.00864	0.01237
26	0.01036	0.00748	0.00982	0.00936	0.01108	0.00694	0.00711	0.01379	0.02038	0.02877	0.66137	0.05573	0.06720	0.01513	0.00865	0.00234	0.00360	0.04611	0.00793	0.00685
27	0.02494	0.02207	0.02005	0.01746	0.04574	0.19564	0.01334	0.30789	0.15810	0.06809	0.01943	0.04112	0.01492	0.00901	0.00718	0.00219	0.00866	0.00688	0.00634	0.01097
28	0.01799	0.01727	0.02950	0.04462	0.69919	0.01727	0.02231	0.02231	0.01655	0.02375	0.01367	0.01799	0.01151	0.00648	0.00720	0.00216	0.00864	0.00648	0.00360	0.01151
29	0.01837	0.01576	0.01660	0.01485	0.01901	0.01822	0.01158	0.05825	0.66596	0.03088	0.02921	0.02682	0.02189	0.00983	0.00739	0.00246	0.00582	0.00817	0.00739	0.01153
30	0.01897	0.02573	0.31375	0.02322	0.03165	0.01632	0.28109	0.02544	0.01709	0.15018	0.01662	0.01880	0.01157	0.00699	0.00765	0.00235	0.01049	0.00701	0.00442	0.01067
31	0.01950	0.39952	0.18766	0.01487	0.02140	0.02224	0.01564	0.02327	0.01535	0.11328	0.01369	0.01532	0.01088	0.00922	0.03620	0.00236	0.06076	0.00504	0.00395	0.00986
32	0.01281	0.03365	0.01257	0.01227	0.01443	0.05064	0.01027	0.03812	0.01836	0.02370	0.18841	0.06604	0.10367	0.01716	0.00910	0.00284	0.00613	0.36603	0.00673	0.00706
33	0.01458	0.03760	0.70688	0.02072	0.03146	0.01688	0.02686	0.02302	0.01535	0.02302	0.01304	0.01535	0.00921	0.00691	0.00691	0.00230	0.01074	0.00537	0.00307	0.01074
34	0.01908	0.69775	0.08619	0.01303	0.01958	0.02791	0.01347	0.02186	0.01481	0.01753	0.01032	0.01193	0.00932	0.00627	0.00483	0.00161	0.00799	0.00399	0.00311	0.00943
35	0.01386	0.01305	0.02204	0.70640	0.06972	0.01618	0.02025	0.01869	0.01460	0.01873	0.01294	0.01934	0.00975	0.00724	0.00727	0.00241	0.00966	0.00646	0.00324	0.00818
36	0.00959	0.00750	0.01095	0.01123	0.01248	0.00693	0.05455	0.01150	0.01515	0.02019	0.11482	0.54762	0.10926	0.02028	0.00908	0.00279	0.00466	0.01845	0.00667	0.00631
37	0.00905	0.00727	0.00764	0.00768	0.00958	0.00633	0.00546	0.01064	0.01566	0.01919	0.10014	0.09222	0.51685	0.14434	0.01355	0.00326	0.00427	0.01460	0.00642	0.00587
38	0.01458	0.03760	0.70688	0.02072	0.03146	0.01688	0.02686	0.02302	0.01535	0.02302	0.01304	0.01535	0.00921	0.00691	0.00691	0.00230	0.01074	0.00537	0.00307	0.01074
39	0.00886	0.00633	0.00843	0.01012	0.01054	0.00590	0.00675	0.01012	0.01392	0.01856	0.04006	0.73979	0.04808	0.02277	0.00928	0.00295	0.00422	0.02066	0.00675	0.00590
40	0.01458	0.03760	0.70688	0.02072	0.03146	0.01688	0.02686	0.02302	0.01535	0.02302	0.01304	0.01535	0.00921	0.00691	0.00691	0.00230	0.01074	0.00537	0.00307	0.01074
41	0.02903	0.01383	0.01725	0.01370	0.01901	0.01341	0.01116	0.09776	0.16410	0.49692	0.02779	0.02455	0.01835	0.00916	0.00732	0.00229	0.00627	0.00743	0.00849	0.01219
42	0.00886	0.00633	0.00843	0.01012	0.01054	0.00590	0.00675	0.01012	0.01392	0.01856	0.04006	0.73979	0.04808	0.02277	0.00928	0.00295	0.00422	0.02066	0.00675	0.00590
43	0.01731	0.02170	0.11799	0.02890	0.03658	0.01839	0.57038	0.05142	0.01769	0.02423	0.01463	0.01903	0.01088	0.00633	0.00833	0.00242	0.01190	0.00812	0.00376	0.01002
44	0.01781	0.01702	0.02867	0.07249	0.64506	0.01725	0.02180	0.02279	0.04255	0.02379	0.01426	0.01841	0.01185	0.00664	0.00721	0.00218	0.00857	0.00654	0.00373	0.01137
45	0.03261	0.01237	0.01687	0.01293	0.01856	0.01068	0.01068	0.03543	0.02081	0.70423	0.02868	0.02474	0.01799	0.00900	0.00731	0.00225	0.00619	0.00731	0.00900	0.01237
46	0.00883	0.00644	0.00831	0.00981	0.01046	0.00593	0.00661	0.01016	0.01422	0.01868	0.04391	0.66312	0.12227	0.02227	0.00920	0.00290	0.00416	0.02006	0.00675	0.00593
47	0.01450	0.02121	0.21035	0.02313	0.02973	0.01502	0.34337	0.02008	0.01591	0.02209	0.02030	0.18991	0.01937	0.01030	0.00830	0.00253	0.00994	0.01061	0.00425	0.00912
48	0.01458	0.03760	0.70688	0.02072	0.03146	0.01688	0.02686	0.02302	0.01535	0.02302	0.01304	0.01535	0.00921	0.00691	0.00691	0.00230	0.01074	0.00537	0.00307	0.01074
49	0.71752	0.01388	0.01132	0.00991	0.01452	0.01573	0.00816	0.02281	0.01324	0.10156	0.01203	0.01314	0.00891	0.00698	0.00479	0.00225	0.00568	0.00428	0.00496	0.00833
50	0.01337	0.01152	0.01193	0.01110	0.01439	0.01215	0.00854	0.02463	0.35372	0.02506	0.05145	0.04838	0.35680	0.01411	0.00799	0.00246	0.00472	0.01175	0.00708	0.00884
51	0.01458	0.03760	0.70688	0.02072	0.03146	0.01688	0.02686	0.02302	0.01535	0.02302	0.01304	0.01535	0.00921	0.00691	0.00691	0.00230	0.01074	0.00537	0.00307	0.01074
52	0.03261	0.01237	0.01687	0.01293	0.01856	0.01068	0.01068	0.03543	0.02081	0.70423	0.02868	0.02474	0.01799	0.00900	0.00731	0.00225	0.00619	0.00731	0.00900	0.01237
53	0.01107	0.00889	0.01205	0.01197	0.01337	0.03817	0.00929	0.01364	0.01205	0.01691	0.01913	0.02792	0.01781	0.05258	0.68653	0.01128	0.01921	0.00766	0.00389	0.00657
54	0.01928	0.72681	0.05887	0.01270	0.01905	0.02839	0.01289	0.02181	0.01479	0.01729	0.01020	0.01177	0.00932	0.00624	0.00473	0.00158	0.00787	0.00393	0.00311	0.00937
55	0.01795	0.01811	0.04791	0.07276	0.63477	0.03544	0.02213	0.02234	0.01654	0.02335	0.01356	0.01785	0.01131	0.00655	0.00717	0.00217	0.00886	0.00640	0.00357	0.01126
56	0.01106	0.00790	0.01096	0.01264	0.01402	0.00780	0.01057	0.01393	0.01609	0.02102	0.03885	0.23283	0.04327	0.02070	0.00987	0.00326	0.00613	0.50590	0.00671	0.00651
57	0.01716	0.01961	0.04289	0.03064	0.03799	0.01838	0.67279	0.02328	0.01716	0.02328	0.01471	0.01961	0.01103	0.00613	0.00858	0.00245	0.01225	0.00858	0.00368	0.00980
58	0.10270	0.01780	0.01736	0.06602	0.04254	0.15854	0.01209	0.05758	0.11357	0.25504	0.04358	0.02301	0.04077	0.00889	0.00696	0.00222	0.00773	0.00691	0.00646	0.01025
59	0.01754	0.32287	0.38333	0.01723	0.02560	0.07773	0.02004	0.02300	0.01554	0.02022	0.01172	0.01369	0.00927	0.00668	0.00598	0.00197	0.00974	0.00472	0.00314	0.00999
60	0.00883	0.00641	0.00835	0.00990	0.01048	0.00592	0.00665	0.01015	0.01413	0.01864	0.04276	0.68601	0.10012	0.02242	0.00922	0.00291	0.00417	0.02024	0.00675	0.00592
61	0.00994	0.00758	0.00924	0.00929	0.01127	0.00688	0.00728	0.01278	0.01841	0.02433	0.34801	0.06513	0.29059	0.01712	0.00885	0.00254	0.00413	0.13277	0.00731	0.00657
62	0.02042	0.01612	0.02239	0.02752	0.31302	0.01695	0.01617	0.06064	0.27770	0.11820	0.02203	0.02241	0.01656	0.00823	0.00729	0.00229	0.00716	0.00727	0.00596	0.01166
63	0.03112	0.01270	0.01682	0.01312	0.01859	0.01144	0.01077	0.03575	0.08910	0.63505	0.02877	0.02499	0.01842	0.00909	0.00732	0.00227	0.00614	0.00740	0.00883	0.01228
64	0.01661	0.01554	0.02455	0.26252	0.35976	0.01705	0.01960	0.02413	0.14076	0.02330	0.01639	0.02015	0.01291	0.00737	0.00726	0.00230	0.00844	0.00680	0.00419	0.01039
65	0.02122	0.02698	0.18646	0.02562	0.18546	0.21777	0.07255	0.05433	0.04703	0.07200	0.01483	0.01694	0.01127	0.00726	0.00708	0.00215	0.01039	0.00601	0.00423	0.01040
66	0.05129	0.02393	0.02112	0.04578	0.02337	0.21950	0.01395	0.44365	0.02882	0.03631	0.01527	0.01611	0.01126	0.00825	0.00698	0.00211	0.00945	0.00593	0.00602	0.01093
67	0.00886	0.00633	0.00843	0.01012	0.01054	0.00590	0.00675	0.01012	0.01392	0.01856	0.04006	0.73979	0.04808	0.02277	0.00928	0.00295	0.00422	0.02066	0.00675	0.00590
68	0.01842	0.01516	0.01625	0.01465	0.01872	0.01735	0.01148	0.03747	0.62883	0.05870	0.02993	0.02939	0.02286	0.01027	0.00751	0.00249	0.00581	0.03593	0.00743	0.01133
69	0.01736	0.02018	0.13022	0.06069	0.58103	0.01718	0.02293	0.02231	0.01631	0.02349	0.01356	0.01764	0.01112	0.00656	0.00716	0.00219	0.00898	0.00631	0.00351	0.01130
70	0.00871	0.00729	0.00758	0.00767	0.00993	0.00616	0.00569	0.01060	0.01660	0.02011	0.10724	0.11885	0.61161	0.01853	0.00864	0.00248	0.00371	0.01561	0.00682	0.00616
71	0.00915	0.00645	0.00835	0.00974	0.01009	0.00610	0.00634	0.01020	0.01334	0.01778	0.03708	0.61949	0.04431	0.14821	0.01410	0.00366	0.00471	0.01891	0.00634	0.00564
72	0.01910	0.01612	0.01701	0.01500	0.01929	0.01856	0.01175	0.10672	0.61630	0.03206	0.02829	0.02609	0.02114	0.00974	0.00738	0.00244	0.00599	0.00804	0.00738	0.01160
73	0.02786	0.01999	0.02159	0.01655	0.02236	0.02199	0.01367	0.64532	0.03356	0.07632	0.01797	0.01779	0.01262	0.00874	0.00727	0.00218	0.00791	0.00658	0.00735	0.01236
74	0.01785	0.01790	0.05846	0.03795	0.54137	0.01740	0.02050	0.02538	0.14137	0.02496	0.01661	0.01957	0.01340	0.00713	0.00722	0.00222	0.00820	0.00675	0.00428	0.01148
75	0.01971	0.72316	0.03746	0.01266	0.01879	0.05352	0.01250	0.02203	0.01498	0.01713	0.01015	0.01171	0.00933	0.00626	0.00473	0.00157	0.00797	0.00392	0.00313	0.00930
76	0.00972	0.00744	0.00892	0.00865	0.01064	0.00665	0.00656	0.01255	0.01894	0.02533	0.43870	0.06121	0.30018	0.01638	0.00864	0.00239	0.00365	0.03936	0.00749	0.00658
77	0.01846	0.01817	0.02904	0.04328	0.66418	0.05339	0.02188	0.02266	0.01676	0.02344	0.01355	0.01774	0.01140	0.00653	0.00716	0.00214	0.00887	0.00638	0.00361	0.01135
78	0.02936	0.01422	0.04194	0.01371	0.01928	0.01271	0.01156	0.06858	0.12861	0.53690	0.02768	0.02441	0.01806	0.00905	0.00731	0.00228	0.00637	0.00735	0.00844	0.01217
79	0.01868	0.01548	0.01645	0.01472	0.01889	0.01778	0.01147	0.03849	0.65867	0.05815	0.02955	0.02702	0.02202	0.00983	0.00739	0.00246	0.00577	0.00818	0.00746	0.01154

[dist]
# distance from previous block
# <min> <max>
0	4

[block]
# block no. 5 follows, 28 sequences, length 50
# corresponding to MSA columns:
# 213-262
name=unknown_F
#
# <colnr> <probs for GDERKNQSTAVLIFYWHMCP>
#	G	D	E	R	K	N	Q	S	T	A	V	L	I	F	Y	W	H	M	C	P
0	0.00886	0.00633	0.00843	0.01012	0.01054	0.00590	0.00675	0.01012	0.01392	0.01856	0.04006	0.73979	0.04808	0.02277	0.00928	0.00295	0.00422	0.02066	0.00675	0.00590
1	0.00886	0.00633	0.00843	0.01012	0.01054	0.00590	0.00675	0.01012	0.01392	0.01856	0.04006	0.73979	0.04808	0.02277	0.00928	0.00295	0.00422	0.02066	0.00675	0.00590
2	0.05317	0.41366	0.32018	0.01581	0.02387	0.02315	0.01834	0.02228	0.01490	0.02032	0.01135	0.01323	0.00921	0.00653	0.00561	0.00190	0.00893	0.00452	0.00316	0.00986
3	0.01105	0.00789	0.01095	0.01263	0.01401	0.00779	0.01056	0.01391	0.01608	0.02101	0.03885	0.23533	0.04329	0.02071	0.00986	0.00325	0.00612	0.50351	0.00671	0.00651
4	0.01023	0.00739	0.00966	0.00918	0.01085	0.00682	0.00685	0.01357	0.02031	0.02872	0.66893	0.08195	0.06776	0.01518	0.00860	0.00231	0.00346	0.01345	0.00795	0.00682
5	0.04667	0.03663	0.67828	0.02026	0.03075	0.01686	0.02608	0.02295	0.01522	0.02341	0.01292	0.01520	0.00915	0.00690	0.00681	0.00230	0.01053	0.00531	0.00313	0.01062
6	0.06019	0.01642	0.02756	0.22548	0.29375	0.01747	0.13222	0.06358	0.04785	0.02444	0.01442	0.01870	0.01127	0.00695	0.00732	0.00230	0.00921	0.00678	0.00397	0.01012
7	0.02717	0.03409	0.02065	0.01865	0.02247	0.68834	0.01404	0.05421	0.02113	0.01888	0.01148	0.01328	0.00948	0.00754	0.00658	0.00188	0.01291	0.00475	0.00388	0.00858
8	0.01637	0.03271	0.55074	0.02302	0.09324	0.01657	0.06701	0.02387	0.01597	0.07250	0.01434	0.01655	0.01018	0.00697	0.00707	0.00229	0.01031	0.00582	0.00359	0.01087
9	0.00876	0.00671	0.00804	0.00910	0.01027	0.00599	0.00629	0.01024	0.01490	0.01896	0.05256	0.49048	0.28933	0.02115	0.00902	0.00277	0.00402	0.01868	0.00675	0.00599
10	0.02715	0.03464	0.02060	0.01873	0.02247	0.71536	0.01404	0.02903	0.02060	0.01779	0.01124	0.01311	0.00936	0.00749	0.00655	0.00187	0.01311	0.00468	0.00375	0.00843
11	0.01409	0.01329	0.02246	0.66903	0.10527	0.01625	0.02037	0.01889	0.01471	0.01901	0.01298	0.01926	0.00985	0.00720	0.00726	0.00240	0.00960	0.00646	0.00326	0.00837
12	0.02531	0.01899	0.02057	0.01563	0.02156	0.02017	0.01286	0.55379	0.03065	0.04173	0.01662	0.01701	0.01207	0.00811	0.00692	0.00198	0.00752	0.00613	0.00672	0.15566
13	0.00891	0.00635	0.00842	0.01005	0.01046	0.00594	0.00667	0.01014	0.01381	0.01841	0.03950	0.71705	0.04737	0.04649	0.01019	0.00309	0.00431	0.02033	0.00667	0.00585
14	0.00892	0.00637	0.00849	0.01008	0.01056	0.00594	0.00675	0.01027	0.01420	0.01900	0.06779	0.71079	0.04894	0.02244	0.00925	0.00292	0.00418	0.02035	0.00680	0.00594
15	0.02207	0.01472	0.01656	0.01428	0.01881	0.01605	0.01128	0.03775	0.50340	0.21542	0.02934	0.02647	0.02104	0.00962	0.00737	0.00241	0.00587	0.00797	0.00784	0.01174
16	0.00884	0.00637	0.00839	0.00999	0.01051	0.00591	0.00669	0.01014	0.01404	0.01861	0.04161	0.70891	0.07796	0.02257	0.00925	0.00293	0.00419	0.02042	0.00675	0.00591
17	0.00886	0.00633	0.00843	0.01012	0.01054	0.00590	0.00675	0.01012	0.01392	0.01856	0.04006	0.73979	0.04808	0.02277	0.00928	0.00295	0.00422	0.02066	0.00675	0.00590
18	0.01943	0.74891	0.03809	0.01244	0.01866	0.02876	0.01244	0.02177	0.01477	0.01710	0.01011	0.01166	0.00933	0.00622	0.00466	0.00155	0.00777	0.00389	0.00311	0.00933
19	0.01458	0.03760	0.70688	0.02072	0.03146	0.01688	0.02686	0.02302	0.01535	0.02302	0.01304	0.01535	0.00921	0.00691	0.00691	0.00230	0.01074	0.00537	0.00307	0.01074
20	0.02715	0.03464	0.02060	0.01873	0.02247	0.71536	0.01404	0.02903	0.02060	0.01779	0.01124	0.01311	0.00936	0.00749	0.00655	0.00187	0.01311	0.00468	0.00375	0.00843
21	0.00859	0.00736	0.00736	0.00736	0.00982	0.00614	0.00552	0.01043	0.01657	0.01964	0.07364	0.06996	0.69624	0.01841	0.00859	0.00245	0.00368	0.01534	0.00675	0.00614
22	0.03243	0.01267	0.01706	0.01308	0.01871	0.01113	0.01080	0.05949	0.02131	0.67945	0.02826	0.02447	0.01778	0.00899	0.00731	0.00225	0.00625	0.00728	0.00893	0.01237
23	0.06026	0.02627	0.01962	0.01697	0.02138	0.37333	0.01317	0.18790	0.13737	0.04957	0.01640	0.01688	0.01250	0.00821	0.00681	0.00208	0.01005	0.00579	0.00543	0.01001
24	0.03261	0.01237	0.01687	0.01293	0.01856	0.01068	0.01068	0.03543	0.02081	0.70423	0.02868	0.02474	0.01799	0.00900	0.00731	0.00225	0.00619	0.00731	0.00900	0.01237
25	0.01578	0.01649	0.02664	0.05292	0.02561	0.06453	0.23133	0.01925	0.01403	0.01934	0.01367	0.01984	0.01190	0.01902	0.16711	0.00466	0.25875	0.00729	0.00354	0.00828
26	0.06413	0.01637	0.02654	0.18325	0.26789	0.01733	0.12251	0.11629	0.01854	0.02616	0.01564	0.02231	0.01294	0.00783	0.00747	0.00235	0.00904	0.04900	0.00432	0.01008
27	0.36384	0.05819	0.01632	0.01225	0.01719	0.01738	0.01019	0.21286	0.02062	0.12876	0.06452	0.01832	0.01507	0.00819	0.00600	0.00219	0.00636	0.00583	0.00610	0.00982
28	0.02560	0.13432	0.04929	0.01793	0.02228	0.59293	0.01431	0.02778	0.01959	0.01789	0.01115	0.01299	0.00935	0.00729	0.00630	0.00184	0.01227	0.00460	0.00363	0.00864
29	0.01716	0.01961	0.04289	0.03064	0.03799	0.01838	0.67279	0.02328	0.01716	0.02328	0.01471	0.01961	0.01103	0.00613	0.00858	0.00245	0.01225	0.00858	0.00368	0.00980
30	0.01826	0.01870	0.05378	0.04155	0.62108	0.04682	0.02174	0.02321	0.04100	0.02371	0.01412	0.01802	0.01173	0.00666	0.00717	0.00216	0.00880	0.00642	0.00372	0.01135
31	0.01657	0.05239	0.21438	0.02772	0.07993	0.01807	0.41496	0.02295	0.01649	0.02302	0.01397	0.01794	0.01051	0.00634	0.00780	0.00232	0.01124	0.00729	0.00351	0.03259
32	0.02964	0.01172	0.01585	0.01237	0.01751	0.01016	0.01014	0.03247	0.02063	0.61586	0.09254	0.02918	0.04787	0.00989	0.00748	0.00226	0.00584	0.00815	0.00882	0.01163
33	0.13745	0.01242	0.01574	0.01232	0.01764	0.01132	0.01015	0.03265	0.01963	0.58540	0.05162	0.02408	0.01853	0.00891	0.00697	0.00225	0.00600	0.00707	0.00834	0.01154
34	0.02206	0.22244	0.26822	0.01620	0.02386	0.01809	0.04095	0.02686	0.01709	0.25061	0.01756	0.01766	0.01226	0.00739	0.00649	0.00209	0.00845	0.00574	0.00510	0.01087
35	0.01047	0.00746	0.01004	0.01004	0.01077	0.00820	0.00704	0.01193	0.01120	0.01566	0.02097	0.03686	0.02178	0.35592	0.41926	0.00966	0.01404	0.00900	0.00412	0.00558
36	0.01171	0.00837	0.01171	0.01339	0.01506	0.00837	0.01171	0.01506	0.01673	0.02175	0.03849	0.08199	0.04183	0.02008	0.01004	0.00335	0.00669	0.65027	0.00669	0.00669
37	0.01458	0.03760	0.70688	0.02072	0.03146	0.01688	0.02686	0.02302	0.01535	0.02302	0.01304	0.01535	0.00921	0.00691	0.00691	0.00230	0.01074	0.00537	0.00307	0.01074
38	0.01799	0.01727	0.02950	0.04462	0.69919	0.01727	0.02231	0.02231	0.01655	0.02375	0.01367	0.01799	0.01151	0.00648	0.00720	0.00216	0.00864	0.00648	0.00360	0.01151
39	0.00933	0.00661	0.00851	0.00953	0.01037	0.00609	0.00653	0.01051	0.01466	0.01936	0.11659	0.49291	0.14634	0.02144	0.01088	0.07608	0.00424	0.01766	0.00655	0.00579
40	0.01341	0.01241	0.02067	0.66009	0.04641	0.01528	0.01894	0.01812	0.01510	0.01956	0.07658	0.02264	0.01518	0.00798	0.00739	0.00241	0.00911	0.00708	0.00368	0.00796
41	0.37870	0.01395	0.01472	0.03681	0.01801	0.01461	0.01005	0.09187	0.01807	0.30935	0.01857	0.01795	0.01254	0.00789	0.00603	0.00225	0.00623	0.00567	0.00658	0.01017
42	0.02633	0.01350	0.01734	0.08007	0.02133	0.01338	0.01177	0.18411	0.02247	0.38607	0.02610	0.12246	0.02007	0.01070	0.00757	0.00235	0.00667	0.00891	0.00773	0.01106
43	0.01071	0.00744	0.00963	0.00944	0.01111	0.00699	0.00724	0.01406	0.01944	0.02779	0.53783	0.07564	0.06025	0.01510	0.00844	0.00237	0.00382	0.08559	0.08029	0.00680
44	0.00928	0.00643	0.00822	0.00964	0.01031	0.00600	0.00652	0.01078	0.01420	0.01942	0.04054	0.63332	0.08403	0.02118	0.00885	0.00281	0.00411	0.01905	0.07934	0.00600
45	0.01763	0.01674	0.02762	0.10099	0.57947	0.01725	0.02112	0.02351	0.07883	0.02392	0.01509	0.01896	0.01235	0.00686	0.00722	0.00221	0.00846	0.00664	0.00392	0.01122
46	0.01023	0.00772	0.01111	0.01111	0.01246	0.00872	0.00854	0.01263	0.01209	0.01701	0.02468	0.03327	0.08180	0.08200	0.61942	0.01061	0.01744	0.00862	0.00418	0.00636
47	0.00950	0.00710	0.00896	0.01006	0.01135	0.00656	0.00751	0.01151	0.01565	0.02025	0.09361	0.38162	0.21206	0.02054	0.00922	0.00286	0.00456	0.15404	0.00682	0.00620
48	0.01788	0.01564	0.01698	0.01519	0.01892	0.01847	0.01192	0.03665	0.62310	0.02920	0.02772	0.02607	0.02101	0.01013	0.00893	0.00253	0.07343	0.00805	0.00700	0.01117
49	0.01109	0.00761	0.00997	0.00928	0.01114	0.00700	0.00700	0.01450	0.02058	0.05347	0.67134	0.05323	0.06676	0.01465	0.00853	0.00228	0.00353	0.01294	0.00804	0.00706

[dist]
# distance from previous block
# <min> <max>
0	18

# created by:
# /st0/software/busco_prod/Augustus/scripts/msa2prfl.pl ./align_prep/147267.fa
