[name]
unknown

[dist]
# distance from previous block
# <min> <max>
0	24

[block]
# block no. 0 follows, 29 sequences, length 10
# corresponding to MSA columns:
# 24-33
name=unknown_A
#
# <colnr> <probs for GDERKNQSTAVLIFYWHMCP>
#	G	D	E	R	K	N	Q	S	T	A	V	L	I	F	Y	W	H	M	C	P
0	0.14422	0.01455	0.01675	0.07980	0.13948	0.09568	0.01357	0.02116	0.03807	0.07530	0.02267	0.03907	0.02158	0.01156	0.00755	0.00254	0.00764	0.23511	0.00524	0.00846
1	0.53026	0.01455	0.01322	0.01106	0.01586	0.01608	0.00908	0.12362	0.04504	0.10652	0.01390	0.01455	0.01017	0.00721	0.00528	0.00215	0.00592	0.00479	0.00541	0.04535
2	0.06741	0.02070	0.01818	0.04941	0.02127	0.21273	0.01247	0.15011	0.23007	0.11519	0.01987	0.01953	0.01461	0.00841	0.00682	0.00216	0.00827	0.00636	0.00608	0.01033
3	0.00990	0.00740	0.00944	0.00951	0.01118	0.00658	0.00681	0.01218	0.01632	0.02268	0.28423	0.37033	0.08088	0.01723	0.00835	0.00241	0.00395	0.01538	0.00679	0.09845
4	0.01676	0.01604	0.02735	0.18569	0.57008	0.01669	0.02143	0.02110	0.01581	0.02222	0.01324	0.01790	0.01091	0.00650	0.00706	0.00217	0.00867	0.00634	0.00345	0.01058
5	0.12198	0.01231	0.01581	0.01228	0.01766	0.01111	0.01014	0.03309	0.01941	0.63075	0.02596	0.02275	0.01646	0.00855	0.00684	0.00220	0.00599	0.00677	0.00830	0.01160
6	0.01008	0.00728	0.00952	0.00896	0.01064	0.00672	0.00672	0.01344	0.02016	0.02855	0.70158	0.05319	0.06719	0.01456	0.00840	0.00224	0.00336	0.01288	0.00784	0.00672
7	0.03032	0.01176	0.01600	0.01239	0.01761	0.01019	0.01019	0.03311	0.02036	0.65938	0.07836	0.02640	0.02133	0.00924	0.00725	0.00221	0.00586	0.00759	0.00874	0.01172
8	0.00907	0.00656	0.00857	0.00950	0.01038	0.00607	0.00658	0.01095	0.01566	0.02124	0.23277	0.50994	0.08659	0.01984	0.00885	0.00268	0.00388	0.01784	0.00697	0.00607
9	0.00855	0.00722	0.00739	0.00735	0.00970	0.00607	0.00551	0.01047	0.01654	0.01996	0.12113	0.06733	0.65300	0.01776	0.00841	0.00239	0.00359	0.01486	0.00671	0.00607

[dist]
# distance from previous block
# <min> <max>
2	4

[block]
# block no. 1 follows, 29 sequences, length 14
# corresponding to MSA columns:
# 38-51
name=unknown_B
#
# <colnr> <probs for GDERKNQSTAVLIFYWHMCP>
#	G	D	E	R	K	N	Q	S	T	A	V	L	I	F	Y	W	H	M	C	P
0	0.14075	0.39844	0.08973	0.01357	0.01936	0.12101	0.01294	0.04500	0.03570	0.04940	0.01186	0.01312	0.00973	0.00670	0.00527	0.00181	0.00817	0.00440	0.00383	0.00920
1	0.02218	0.09781	0.02073	0.01706	0.06118	0.29144	0.01277	0.11346	0.07185	0.05685	0.01515	0.01708	0.01218	0.01280	0.08984	0.00299	0.01068	0.00558	0.00465	0.06371
2	0.11590	0.02590	0.01980	0.01771	0.04561	0.37536	0.01341	0.20355	0.02206	0.02675	0.01250	0.01421	0.00989	0.00790	0.00757	0.00206	0.06069	0.00517	0.00465	0.00931
3	0.00979	0.00727	0.00912	0.00866	0.01046	0.00660	0.00649	0.01288	0.01948	0.02694	0.59256	0.05585	0.17721	0.01516	0.00840	0.00227	0.00340	0.01325	0.00763	0.00660
4	0.04290	0.01439	0.02434	0.44767	0.26713	0.01628	0.04685	0.01970	0.01493	0.02057	0.01288	0.01827	0.01008	0.00680	0.00705	0.00228	0.00911	0.00633	0.00335	0.00910
5	0.80005	0.01377	0.01047	0.00936	0.01377	0.01597	0.00771	0.02093	0.01212	0.03195	0.00991	0.01157	0.00771	0.00661	0.00441	0.00220	0.00551	0.00386	0.00441	0.00771
6	0.02355	0.01563	0.01712	0.01363	0.01808	0.01682	0.01093	0.41464	0.05808	0.11602	0.02033	0.02283	0.01552	0.08891	0.01000	0.00261	0.00682	0.00703	0.11093	0.01050
7	0.00881	0.00644	0.00828	0.00948	0.01028	0.00592	0.00648	0.01036	0.01470	0.01951	0.12046	0.58384	0.12743	0.02090	0.00893	0.00276	0.00398	0.01876	0.00675	0.00592
8	0.01619	0.02031	0.11501	0.02591	0.03161	0.01883	0.42902	0.02129	0.01505	0.02129	0.01289	0.01777	0.01021	0.00779	0.01214	0.00257	0.20202	0.00747	0.00340	0.00924
9	0.01036	0.00690	0.00777	0.00777	0.00777	0.00690	0.00431	0.01036	0.01036	0.01381	0.02244	0.04660	0.02589	0.74975	0.03624	0.00690	0.00690	0.01036	0.00431	0.00431
10	0.01088	0.00838	0.00977	0.00933	0.01137	0.00808	0.00693	0.03894	0.08383	0.02504	0.34518	0.11774	0.22787	0.05287	0.00972	0.00260	0.00406	0.01331	0.00713	0.00696
11	0.01681	0.01921	0.04202	0.03001	0.03721	0.01801	0.67947	0.02281	0.01681	0.02281	0.01441	0.01921	0.01080	0.00600	0.00840	0.00240	0.01200	0.00840	0.00360	0.00960
12	0.04852	0.25146	0.14531	0.04630	0.02513	0.04213	0.16999	0.02062	0.01475	0.01984	0.01450	0.01830	0.03565	0.03564	0.02670	0.00252	0.06412	0.00618	0.00345	0.00888
13	0.11002	0.01445	0.01557	0.01224	0.01757	0.01415	0.00985	0.15990	0.13578	0.06456	0.01992	0.02016	0.04840	0.00770	0.00615	0.00178	0.00585	0.00600	0.00572	0.32424

[dist]
# distance from previous block
# <min> <max>
3	9

[block]
# block no. 2 follows, 29 sequences, length 32
# corresponding to MSA columns:
# 61-92
name=unknown_C
#
# <colnr> <probs for GDERKNQSTAVLIFYWHMCP>
#	G	D	E	R	K	N	Q	S	T	A	V	L	I	F	Y	W	H	M	C	P
0	0.01734	0.01490	0.01578	0.01422	0.01813	0.01717	0.01105	0.03664	0.65951	0.02973	0.06195	0.02787	0.02396	0.00990	0.00730	0.00241	0.00552	0.00829	0.00727	0.01105
1	0.01550	0.01566	0.02353	0.01960	0.02040	0.02092	0.08474	0.01756	0.01154	0.01771	0.01025	0.01643	0.00982	0.01334	0.04829	0.00336	0.63371	0.00651	0.00319	0.00792
2	0.01001	0.00728	0.00942	0.00888	0.01059	0.00669	0.00666	0.01330	0.01999	0.02816	0.67463	0.05385	0.09438	0.01471	0.00840	0.00225	0.00337	0.01297	0.00779	0.00669
3	0.01746	0.01788	0.07476	0.16199	0.21124	0.03982	0.03835	0.06912	0.24291	0.02560	0.01861	0.02054	0.01423	0.00780	0.00713	0.00228	0.00808	0.00684	0.00490	0.01047
4	0.80005	0.01377	0.01047	0.00936	0.01377	0.01597	0.00771	0.02093	0.01212	0.03195	0.00991	0.01157	0.00771	0.00661	0.00441	0.00220	0.00551	0.00386	0.00441	0.00771
5	0.01537	0.01462	0.02483	0.41581	0.35086	0.01633	0.02073	0.01988	0.01515	0.02052	0.01300	0.01836	0.01031	0.00676	0.00709	0.00225	0.00902	0.00634	0.00333	0.00946
6	0.00842	0.00721	0.00721	0.00721	0.00962	0.00601	0.00541	0.01022	0.01623	0.01924	0.07213	0.06853	0.70244	0.01803	0.00842	0.00240	0.00361	0.01503	0.00661	0.00601
7	0.01914	0.01541	0.01673	0.04047	0.01958	0.01724	0.01165	0.23430	0.35305	0.03249	0.02987	0.03065	0.09450	0.01064	0.00746	0.00237	0.00629	0.04061	0.00695	0.01059
8	0.80005	0.01377	0.01047	0.00936	0.01377	0.01597	0.00771	0.02093	0.01212	0.03195	0.00991	0.01157	0.00771	0.00661	0.00441	0.00220	0.00551	0.00386	0.00441	0.00771
9	0.00868	0.00620	0.00826	0.00991	0.01033	0.00578	0.00661	0.00991	0.01363	0.01818	0.03925	0.74510	0.04710	0.02231	0.00909	0.00289	0.00413	0.02024	0.00661	0.00578
10	0.02593	0.01874	0.02044	0.01746	0.06489	0.05382	0.01336	0.43344	0.11428	0.13419	0.01964	0.01914	0.01392	0.00853	0.00711	0.00217	0.00759	0.00663	0.00698	0.01176
11	0.01477	0.01266	0.01477	0.01055	0.01687	0.00949	0.00844	0.01793	0.01477	0.02320	0.01266	0.01477	0.01055	0.00527	0.00527	0.00105	0.00527	0.00422	0.00422	0.79328
12	0.80005	0.01377	0.01047	0.00936	0.01377	0.01597	0.00771	0.02093	0.01212	0.03195	0.00991	0.01157	0.00771	0.00661	0.00441	0.00220	0.00551	0.00386	0.00441	0.00771
13	0.00933	0.00673	0.00868	0.00978	0.01008	0.00667	0.00645	0.01030	0.01279	0.01715	0.03428	0.55881	0.04083	0.18603	0.01578	0.00381	0.03360	0.01746	0.00595	0.00553
14	0.01558	0.01558	0.02181	0.01869	0.01869	0.02181	0.01558	0.01714	0.01091	0.01714	0.00935	0.01558	0.00935	0.01246	0.02337	0.00312	0.73672	0.00623	0.00312	0.00779
15	0.74133	0.01364	0.01093	0.00962	0.01411	0.01555	0.00792	0.02198	0.01275	0.08380	0.01130	0.01254	0.00847	0.00678	0.00462	0.00220	0.00555	0.00411	0.00474	0.00805
16	0.01036	0.00690	0.00777	0.00777	0.00777	0.00690	0.00431	0.01036	0.01036	0.01381	0.02244	0.04660	0.02589	0.74975	0.03624	0.00690	0.00690	0.01036	0.00431	0.00431
17	0.01558	0.01558	0.02181	0.01869	0.01869	0.02181	0.01558	0.01714	0.01091	0.01714	0.00935	0.01558	0.00935	0.01246	0.02337	0.00312	0.73672	0.00623	0.00312	0.00779
18	0.00842	0.00721	0.00721	0.00721	0.00962	0.00601	0.00541	0.01022	0.01623	0.01924	0.07213	0.06853	0.70244	0.01803	0.00842	0.00240	0.00361	0.01503	0.00661	0.00601
19	0.01558	0.01558	0.02181	0.01869	0.01869	0.02181	0.01558	0.01714	0.01091	0.01714	0.00935	0.01558	0.00935	0.01246	0.02337	0.00312	0.73672	0.00623	0.00312	0.00779
20	0.03114	0.01342	0.01733	0.01329	0.01882	0.01239	0.01097	0.14200	0.02255	0.59990	0.02627	0.02305	0.01671	0.00877	0.00715	0.00219	0.00635	0.00704	0.00853	0.01212
21	0.00914	0.00639	0.00813	0.00932	0.00962	0.00609	0.00598	0.01004	0.01273	0.01697	0.03462	0.55271	0.04125	0.22267	0.01657	0.00400	0.00489	0.01752	0.00598	0.00538
22	0.80005	0.01377	0.01047	0.00936	0.01377	0.01597	0.00771	0.02093	0.01212	0.03195	0.00991	0.01157	0.00771	0.00661	0.00441	0.00220	0.00551	0.00386	0.00441	0.00771
23	0.01904	0.75404	0.03731	0.01218	0.01828	0.02818	0.01218	0.02132	0.01447	0.01675	0.00990	0.01142	0.00914	0.00609	0.00457	0.00152	0.00761	0.00381	0.00305	0.00914
24	0.01771	0.01530	0.01610	0.01449	0.01852	0.01771	0.01127	0.03784	0.69247	0.02979	0.02898	0.02657	0.02174	0.00966	0.00725	0.00242	0.00564	0.00805	0.00725	0.01127
25	0.01853	0.01570	0.01656	0.01466	0.01883	0.01810	0.01147	0.09443	0.63454	0.03111	0.02794	0.02573	0.02089	0.00956	0.00723	0.00239	0.00583	0.00791	0.00723	0.01134
26	0.02660	0.03394	0.02018	0.01834	0.02201	0.72116	0.01376	0.02843	0.02018	0.01743	0.01101	0.01284	0.00917	0.00734	0.00642	0.00183	0.01284	0.00459	0.00367	0.00825
27	0.80005	0.01377	0.01047	0.00936	0.01377	0.01597	0.00771	0.02093	0.01212	0.03195	0.00991	0.01157	0.00771	0.00661	0.00441	0.00220	0.00551	0.00386	0.00441	0.00771
28	0.01327	0.00664	0.00664	0.00664	0.00830	0.00664	0.00498	0.01659	0.01493	0.02655	0.02323	0.02655	0.01825	0.00830	0.00498	0.00166	0.00332	0.00664	0.78928	0.00664
29	0.02210	0.02713	0.01709	0.01586	0.01908	0.53933	0.01192	0.02395	0.01905	0.01791	0.02366	0.06116	0.12873	0.01033	0.00701	0.00204	0.01063	0.03091	0.00442	0.00769
30	0.02707	0.01995	0.02137	0.01638	0.02208	0.02208	0.01353	0.68159	0.03348	0.04488	0.01710	0.01710	0.01211	0.00855	0.00712	0.00214	0.00784	0.00641	0.00712	0.01211
31	0.01771	0.01530	0.01610	0.01449	0.01852	0.01771	0.01127	0.03784	0.69247	0.02979	0.02898	0.02657	0.02174	0.00966	0.00725	0.00242	0.00564	0.00805	0.00725	0.01127

[dist]
# distance from previous block
# <min> <max>
0	29

[block]
# block no. 3 follows, 29 sequences, length 33
# corresponding to MSA columns:
# 122-154
name=unknown_D
#
# <colnr> <probs for GDERKNQSTAVLIFYWHMCP>
#	G	D	E	R	K	N	Q	S	T	A	V	L	I	F	Y	W	H	M	C	P
0	0.80005	0.01377	0.01047	0.00936	0.01377	0.01597	0.00771	0.02093	0.01212	0.03195	0.00991	0.01157	0.00771	0.00661	0.00441	0.00220	0.00551	0.00386	0.00441	0.00771
1	0.01477	0.01266	0.01477	0.01055	0.01687	0.00949	0.00844	0.01793	0.01477	0.02320	0.01266	0.01477	0.01055	0.00527	0.00527	0.00105	0.00527	0.00422	0.00422	0.79328
2	0.01558	0.01558	0.02181	0.01869	0.01869	0.02181	0.01558	0.01714	0.01091	0.01714	0.00935	0.01558	0.00935	0.01246	0.02337	0.00312	0.73672	0.00623	0.00312	0.00779
3	0.01034	0.00695	0.00799	0.00799	0.00807	0.00703	0.00460	0.01050	0.01042	0.01397	0.02223	0.04546	0.02539	0.70707	0.07824	0.00718	0.00765	0.01019	0.00428	0.00444
4	0.02660	0.03394	0.02018	0.01834	0.02201	0.72116	0.01376	0.02843	0.02018	0.01743	0.01101	0.01284	0.00917	0.00734	0.00642	0.00183	0.01284	0.00459	0.00367	0.00825
5	0.01477	0.01266	0.01477	0.01055	0.01687	0.00949	0.00844	0.01793	0.01477	0.02320	0.01266	0.01477	0.01055	0.00527	0.00527	0.00105	0.00527	0.00422	0.00422	0.79328
6	0.00887	0.00631	0.00838	0.00997	0.01042	0.00594	0.00673	0.01015	0.01362	0.01813	0.03848	0.68662	0.04594	0.05256	0.01026	0.00308	0.00435	0.04793	0.00651	0.00576
7	0.01989	0.02122	0.02670	0.03729	0.53243	0.19512	0.01980	0.02352	0.01722	0.02179	0.01279	0.01641	0.01075	0.00660	0.00689	0.00204	0.00957	0.00590	0.00356	0.01051
8	0.01703	0.01665	0.02679	0.20235	0.52436	0.04637	0.02103	0.02128	0.01592	0.02184	0.01312	0.01774	0.01078	0.00657	0.00704	0.00216	0.00888	0.00627	0.00345	0.01037
9	0.05094	0.44276	0.02750	0.01246	0.01702	0.11779	0.01119	0.02049	0.01621	0.01996	0.15440	0.02049	0.02121	0.00827	0.00627	0.00180	0.03275	0.00589	0.00419	0.00841
10	0.01558	0.01558	0.02181	0.01869	0.01869	0.02181	0.01558	0.01714	0.01091	0.01714	0.00935	0.01558	0.00935	0.01246	0.02337	0.00312	0.73672	0.00623	0.00312	0.00779
11	0.80005	0.01377	0.01047	0.00936	0.01377	0.01597	0.00771	0.02093	0.01212	0.03195	0.00991	0.01157	0.00771	0.00661	0.00441	0.00220	0.00551	0.00386	0.00441	0.00771
12	0.11979	0.01321	0.01600	0.01230	0.01783	0.01214	0.01011	0.09650	0.01978	0.44430	0.02217	0.02038	0.01468	0.00792	0.00651	0.00200	0.00604	0.00619	0.00733	0.14481
13	0.01477	0.01266	0.01477	0.01055	0.01687	0.00949	0.00844	0.01793	0.01477	0.02320	0.01266	0.01477	0.01055	0.00527	0.00527	0.00105	0.00527	0.00422	0.00422	0.79328
14	0.05330	0.06834	0.01927	0.01478	0.01914	0.08855	0.03956	0.24842	0.12623	0.06947	0.02236	0.05317	0.04112	0.05520	0.00890	0.00252	0.00754	0.04619	0.00610	0.00984
15	0.01828	0.56075	0.15096	0.01419	0.02057	0.05054	0.01486	0.02153	0.01455	0.01779	0.01040	0.01234	0.00913	0.00664	0.00616	0.00176	0.05298	0.00423	0.00307	0.00926
16	0.07222	0.19424	0.26544	0.02029	0.11332	0.03856	0.04763	0.06898	0.04643	0.04995	0.01362	0.01543	0.01044	0.00686	0.00626	0.00206	0.00879	0.00537	0.00392	0.01021
17	0.01426	0.03059	0.55275	0.01825	0.02680	0.01508	0.02234	0.02131	0.01580	0.04512	0.11821	0.02117	0.01818	0.00827	0.00776	0.00229	0.04147	0.00653	0.00393	0.00987
18	0.01345	0.01266	0.02136	0.73264	0.04904	0.01582	0.01978	0.01819	0.01424	0.01819	0.01266	0.01898	0.00949	0.00712	0.00712	0.00237	0.00949	0.00633	0.00316	0.00791
19	0.01558	0.01558	0.02181	0.01869	0.01869	0.02181	0.01558	0.01714	0.01091	0.01714	0.00935	0.01558	0.00935	0.01246	0.02337	0.00312	0.73672	0.00623	0.00312	0.00779
20	0.03009	0.01171	0.01593	0.01235	0.01754	0.01015	0.01015	0.03289	0.02036	0.65221	0.08544	0.02670	0.02185	0.00930	0.00727	0.00221	0.00583	0.00765	0.00873	0.01166
21	0.80005	0.01377	0.01047	0.00936	0.01377	0.01597	0.00771	0.02093	0.01212	0.03195	0.00991	0.01157	0.00771	0.00661	0.00441	0.00220	0.00551	0.00386	0.00441	0.00771
22	0.01904	0.75404	0.03731	0.01218	0.01828	0.02818	0.01218	0.02132	0.01447	0.01675	0.00990	0.01142	0.00914	0.00609	0.00457	0.00152	0.00761	0.00381	0.00305	0.00914
23	0.00868	0.00620	0.00826	0.00991	0.01033	0.00578	0.00661	0.00991	0.01363	0.01818	0.03925	0.74510	0.04710	0.02231	0.00909	0.00289	0.00413	0.02024	0.00661	0.00578
24	0.80005	0.01377	0.01047	0.00936	0.01377	0.01597	0.00771	0.02093	0.01212	0.03195	0.00991	0.01157	0.00771	0.00661	0.00441	0.00220	0.00551	0.00386	0.00441	0.00771
25	0.02660	0.03394	0.02018	0.01834	0.02201	0.72116	0.01376	0.02843	0.02018	0.01743	0.01101	0.01284	0.00917	0.00734	0.00642	0.00183	0.01284	0.00459	0.00367	0.00825
26	0.00862	0.00722	0.00749	0.00742	0.00974	0.00610	0.00557	0.01061	0.01670	0.02036	0.14811	0.06668	0.62576	0.01761	0.00841	0.00238	0.00358	0.01477	0.00676	0.00610
27	0.01018	0.00751	0.00952	0.00940	0.01094	0.00719	0.00694	0.01364	0.04767	0.02485	0.44143	0.14783	0.10066	0.06336	0.03951	0.00306	0.00457	0.03806	0.00712	0.00657
28	0.03016	0.01211	0.01620	0.01262	0.01788	0.01075	0.01036	0.03400	0.06156	0.63987	0.05649	0.02560	0.01996	0.00911	0.00722	0.00222	0.00592	0.00746	0.00868	0.01184
29	0.76338	0.01473	0.01093	0.00979	0.01416	0.04941	0.00800	0.02129	0.01250	0.03126	0.00997	0.01163	0.00778	0.00664	0.00450	0.00219	0.00586	0.00389	0.00437	0.00774
30	0.01855	0.01629	0.04829	0.01449	0.02054	0.01452	0.06656	0.22320	0.04528	0.02984	0.01588	0.04678	0.01292	0.00728	0.00640	0.00168	0.00681	0.00609	0.00522	0.39339
31	0.01958	0.70235	0.03608	0.01263	0.01854	0.07791	0.01230	0.02183	0.01488	0.01680	0.00998	0.01152	0.00914	0.00618	0.00470	0.00155	0.00799	0.00386	0.00309	0.00907
32	0.80005	0.01377	0.01047	0.00936	0.01377	0.01597	0.00771	0.02093	0.01212	0.03195	0.00991	0.01157	0.00771	0.00661	0.00441	0.00220	0.00551	0.00386	0.00441	0.00771

[dist]
# distance from previous block
# <min> <max>
0	34

[block]
# block no. 4 follows, 29 sequences, length 44
# corresponding to MSA columns:
# 189-232
name=unknown_E
#
# <colnr> <probs for GDERKNQSTAVLIFYWHMCP>
#	G	D	E	R	K	N	Q	S	T	A	V	L	I	F	Y	W	H	M	C	P
0	0.00982	0.00727	0.00917	0.00869	0.01048	0.00661	0.00652	0.01294	0.01956	0.02713	0.60524	0.05554	0.16442	0.01509	0.00840	0.00226	0.00340	0.01321	0.00765	0.00661
1	0.03177	0.01240	0.01670	0.01280	0.01832	0.01089	0.01058	0.05811	0.02085	0.68619	0.02769	0.02398	0.01743	0.00880	0.00716	0.00220	0.00612	0.00713	0.00875	0.01212
2	0.01483	0.03484	0.62587	0.01977	0.02921	0.05238	0.02459	0.02233	0.01528	0.02225	0.03445	0.01616	0.01089	0.00728	0.00750	0.00227	0.04120	0.00551	0.00320	0.01017
3	0.00917	0.00724	0.00825	0.00800	0.01008	0.00633	0.00600	0.01167	0.01800	0.02345	0.35651	0.06160	0.41544	0.01646	0.00841	0.00233	0.00349	0.01406	0.00717	0.00633
4	0.02640	0.02005	0.02086	0.01624	0.02166	0.05114	0.01330	0.63015	0.03221	0.04277	0.01762	0.04266	0.01322	0.00898	0.00716	0.00215	0.00792	0.00682	0.00696	0.01172
5	0.00849	0.00715	0.00735	0.00743	0.00969	0.00602	0.00553	0.01031	0.01621	0.01949	0.09152	0.10842	0.64175	0.01817	0.00846	0.00243	0.00363	0.01527	0.00665	0.00602
6	0.02082	0.01749	0.08261	0.08766	0.26623	0.01623	0.01714	0.16048	0.04804	0.13999	0.05810	0.02097	0.01589	0.00793	0.00715	0.00219	0.00779	0.00685	0.00547	0.01096
7	0.01904	0.75404	0.03731	0.01218	0.01828	0.02818	0.01218	0.02132	0.01447	0.01675	0.00990	0.01142	0.00914	0.00609	0.00457	0.00152	0.00761	0.00381	0.00305	0.00914
8	0.01562	0.03678	0.01927	0.13809	0.18438	0.01452	0.01485	0.06309	0.13701	0.02362	0.04112	0.03427	0.02102	0.01179	0.00930	0.06464	0.00732	0.14930	0.00509	0.00890
9	0.01532	0.01629	0.03282	0.05396	0.03099	0.01632	0.44890	0.02010	0.01575	0.02147	0.01830	0.07661	0.01675	0.00957	0.01029	0.00262	0.09381	0.08735	0.00409	0.00869
10	0.00842	0.00721	0.00721	0.00721	0.00962	0.00601	0.00541	0.01022	0.01623	0.01924	0.07213	0.06853	0.70244	0.01803	0.00842	0.00240	0.00361	0.01503	0.00661	0.00601
11	0.01589	0.01345	0.01634	0.01191	0.01802	0.01099	0.03629	0.08479	0.01670	0.02521	0.01403	0.03865	0.01189	0.00618	0.00571	0.00128	0.00577	0.00513	0.00456	0.65722
12	0.00868	0.00620	0.00826	0.00991	0.01033	0.00578	0.00661	0.00991	0.01363	0.01818	0.03925	0.74510	0.04710	0.02231	0.00909	0.00289	0.00413	0.02024	0.00661	0.00578
13	0.02328	0.01796	0.01960	0.01659	0.04973	0.01990	0.01289	0.45143	0.20354	0.03871	0.02284	0.02221	0.04978	0.00923	0.00722	0.00222	0.00707	0.00727	0.00698	0.01154
14	0.80005	0.01377	0.01047	0.00936	0.01377	0.01597	0.00771	0.02093	0.01212	0.03195	0.00991	0.01157	0.00771	0.00661	0.00441	0.00220	0.00551	0.00386	0.00441	0.00771
15	0.01488	0.01515	0.02887	0.02110	0.02690	0.01365	0.38376	0.01968	0.01709	0.02415	0.16456	0.02567	0.02310	0.00772	0.00771	0.00207	0.00862	0.00846	0.00467	0.18221
16	0.01451	0.01400	0.01976	0.01726	0.01751	0.01925	0.01426	0.01626	0.01101	0.01702	0.01127	0.01803	0.01102	0.02057	0.16161	0.00476	0.59462	0.00651	0.00325	0.00751
17	0.02707	0.01995	0.02137	0.01638	0.02208	0.02208	0.01353	0.68159	0.03348	0.04488	0.01710	0.01710	0.01211	0.00855	0.00712	0.00214	0.00784	0.00641	0.00712	0.01211
18	0.00842	0.00721	0.00721	0.00721	0.00962	0.00601	0.00541	0.01022	0.01623	0.01924	0.07213	0.06853	0.70244	0.01803	0.00842	0.00240	0.00361	0.01503	0.00661	0.00601
19	0.00865	0.00630	0.00816	0.00964	0.01026	0.00581	0.00649	0.00995	0.01390	0.01828	0.04259	0.67642	0.11362	0.02187	0.00902	0.00284	0.00408	0.01971	0.00661	0.00581
20	0.80005	0.01377	0.01047	0.00936	0.01377	0.01597	0.00771	0.02093	0.01212	0.03195	0.00991	0.01157	0.00771	0.00661	0.00441	0.00220	0.00551	0.00386	0.00441	0.00771
21	0.01345	0.01266	0.02136	0.73264	0.04904	0.01582	0.01978	0.01819	0.01424	0.01819	0.01266	0.01898	0.00949	0.00712	0.00712	0.00237	0.00949	0.00633	0.00316	0.00791
22	0.03195	0.01212	0.01652	0.01267	0.01818	0.01047	0.01047	0.03470	0.02038	0.71026	0.02809	0.02424	0.01763	0.00881	0.00716	0.00220	0.00606	0.00716	0.00881	0.01212
23	0.01008	0.00728	0.00952	0.00896	0.01064	0.00672	0.00672	0.01344	0.02016	0.02855	0.70158	0.05319	0.06719	0.01456	0.00840	0.00224	0.00336	0.01288	0.00784	0.00672
24	0.01008	0.00728	0.00952	0.00896	0.01064	0.00672	0.00672	0.01344	0.02016	0.02855	0.70158	0.05319	0.06719	0.01456	0.00840	0.00224	0.00336	0.01288	0.00784	0.00672
25	0.00999	0.00728	0.00940	0.00887	0.01059	0.00668	0.00665	0.01327	0.01996	0.02808	0.66948	0.05397	0.09958	0.01473	0.00840	0.00225	0.00337	0.01299	0.00778	0.00668
26	0.01558	0.01558	0.02181	0.01869	0.01869	0.02181	0.01558	0.01714	0.01091	0.01714	0.00935	0.01558	0.00935	0.01246	0.02337	0.00312	0.73672	0.00623	0.00312	0.00779
27	0.08106	0.01222	0.01614	0.01246	0.01790	0.01082	0.01029	0.03382	0.01985	0.66690	0.02693	0.02343	0.01699	0.00867	0.00698	0.00220	0.00602	0.00695	0.00853	0.01184
28	0.01904	0.75404	0.03731	0.01218	0.01828	0.02818	0.01218	0.02132	0.01447	0.01675	0.00990	0.01142	0.00914	0.00609	0.00457	0.00152	0.00761	0.00381	0.00305	0.00914
29	0.01593	0.01280	0.01516	0.03343	0.01796	0.01033	0.00910	0.05821	0.01606	0.05326	0.01471	0.04667	0.01247	0.00641	0.00569	0.00129	0.00554	0.00523	0.00466	0.65509
30	0.01904	0.75404	0.03731	0.01218	0.01828	0.02818	0.01218	0.02132	0.01447	0.01675	0.00990	0.01142	0.00914	0.00609	0.00457	0.00152	0.00761	0.00381	0.00305	0.00914
31	0.01904	0.75404	0.03731	0.01218	0.01828	0.02818	0.01218	0.02132	0.01447	0.01675	0.00990	0.01142	0.00914	0.00609	0.00457	0.00152	0.00761	0.00381	0.00305	0.00914
32	0.00868	0.00620	0.00826	0.00991	0.01033	0.00578	0.00661	0.00991	0.01363	0.01818	0.03925	0.74510	0.04710	0.02231	0.00909	0.00289	0.00413	0.02024	0.00661	0.00578
33	0.80005	0.01377	0.01047	0.00936	0.01377	0.01597	0.00771	0.02093	0.01212	0.03195	0.00991	0.01157	0.00771	0.00661	0.00441	0.00220	0.00551	0.00386	0.00441	0.00771
34	0.01567	0.01493	0.02537	0.36589	0.39842	0.01641	0.02088	0.02014	0.01529	0.02089	0.01305	0.01826	0.01044	0.00671	0.00708	0.00224	0.00894	0.00634	0.00336	0.00970
35	0.70506	0.01656	0.09537	0.01069	0.01583	0.01604	0.00996	0.02113	0.01247	0.03081	0.01026	0.01199	0.00787	0.00663	0.00469	0.00221	0.00611	0.00403	0.00424	0.00805
36	0.70548	0.01396	0.01115	0.00998	0.01434	0.01618	0.00814	0.02298	0.09436	0.03169	0.01222	0.01338	0.00941	0.00698	0.00475	0.00223	0.00552	0.00436	0.00475	0.00814
37	0.01691	0.01780	0.02161	0.01865	0.01910	0.10635	0.01536	0.01850	0.01203	0.01717	0.00955	0.01525	0.00933	0.01184	0.02132	0.00296	0.64921	0.00603	0.00318	0.00785
38	0.01694	0.03071	0.52118	0.02305	0.13531	0.01586	0.02369	0.02391	0.01587	0.10580	0.01473	0.01655	0.01042	0.00695	0.00686	0.00223	0.00966	0.00566	0.00379	0.01084
39	0.00966	0.00777	0.01234	0.01234	0.01358	0.00726	0.08795	0.01147	0.01402	0.01874	0.03624	0.65736	0.04271	0.02034	0.00901	0.00283	0.00508	0.01881	0.00625	0.00625
40	0.02501	0.01841	0.01994	0.01549	0.02070	0.02022	0.01271	0.60082	0.03187	0.04290	0.09984	0.02146	0.01877	0.00927	0.00728	0.00215	0.00729	0.00719	0.00721	0.01146
41	0.01779	0.10602	0.02992	0.03990	0.62228	0.01828	0.02068	0.02179	0.01600	0.02248	0.01297	0.01687	0.01102	0.00631	0.00675	0.00204	0.00836	0.00604	0.00347	0.01102
42	0.01971	0.01547	0.01684	0.01473	0.01892	0.01740	0.01182	0.19233	0.42788	0.05447	0.02710	0.03067	0.02158	0.01057	0.00753	0.00244	0.00630	0.08612	0.00718	0.01093
43	0.01879	0.01755	0.01659	0.01496	0.01894	0.10275	0.01157	0.03670	0.61120	0.02829	0.02681	0.02491	0.02022	0.00938	0.00715	0.00234	0.00651	0.00763	0.00681	0.01091

[dist]
# distance from previous block
# <min> <max>
0	2

[block]
# block no. 5 follows, 29 sequences, length 7
# corresponding to MSA columns:
# 235-241
name=unknown_F
#
# <colnr> <probs for GDERKNQSTAVLIFYWHMCP>
#	G	D	E	R	K	N	Q	S	T	A	V	L	I	F	Y	W	H	M	C	P
0	0.03013	0.01503	0.01833	0.01405	0.01963	0.01478	0.01161	0.27521	0.02525	0.46288	0.02400	0.02158	0.01558	0.00871	0.00715	0.00218	0.00672	0.00688	0.00818	0.01211
1	0.51447	0.01316	0.01272	0.01059	0.01541	0.01393	0.00874	0.02605	0.01519	0.28414	0.01667	0.01628	0.01140	0.00743	0.00543	0.00220	0.00571	0.00508	0.00604	0.00935
2	0.06507	0.01461	0.02121	0.02434	0.27375	0.01408	0.01481	0.08116	0.01947	0.36712	0.02083	0.02056	0.01432	0.00776	0.00698	0.00217	0.00707	0.00663	0.00649	0.01158
3	0.01470	0.01509	0.02904	0.47140	0.04465	0.01663	0.26505	0.01991	0.01519	0.01991	0.01331	0.01907	0.00998	0.00670	0.00760	0.00238	0.01043	0.00710	0.00333	0.00854
4	0.00934	0.00687	0.00874	0.00908	0.01039	0.00628	0.00650	0.01170	0.01721	0.02346	0.37157	0.31248	0.14425	0.01790	0.00866	0.00250	0.00368	0.01590	0.00722	0.00628
5	0.69240	0.01354	0.01131	0.00983	0.01439	0.01520	0.00810	0.02286	0.01328	0.12702	0.01246	0.01334	0.00910	0.00692	0.00479	0.00220	0.00559	0.00432	0.00502	0.00833
6	0.01260	0.00722	0.00844	0.00904	0.01070	0.00722	0.00739	0.01591	0.01548	0.02460	0.02861	0.04654	0.02670	0.01252	0.00678	0.00226	0.00452	0.24859	0.49827	0.00661

[dist]
# distance from previous block
# <min> <max>
0	6

[block]
# block no. 6 follows, 29 sequences, length 9
# corresponding to MSA columns:
# 248-256
name=unknown_G
#
# <colnr> <probs for GDERKNQSTAVLIFYWHMCP>
#	G	D	E	R	K	N	Q	S	T	A	V	L	I	F	Y	W	H	M	C	P
0	0.50049	0.14267	0.16585	0.01218	0.01819	0.01814	0.01246	0.02134	0.01314	0.02739	0.01053	0.01229	0.00823	0.00656	0.00494	0.00210	0.00694	0.00415	0.00388	0.00855
1	0.01083	0.14302	0.01351	0.00915	0.01161	0.01018	0.00724	0.01300	0.01636	0.02095	0.21539	0.19953	0.27225	0.01588	0.00786	0.00231	0.00439	0.01355	0.00628	0.00671
2	0.01044	0.00848	0.00944	0.00941	0.01156	0.00821	0.00695	0.01572	0.13948	0.02249	0.16260	0.20366	0.33134	0.01685	0.00834	0.00248	0.00405	0.01452	0.00693	0.00704
3	0.35971	0.01546	0.01557	0.01334	0.01708	0.01843	0.01088	0.13449	0.16162	0.03095	0.01511	0.01645	0.01176	0.00866	0.00892	0.00240	0.13909	0.00562	0.00524	0.00923
4	0.00933	0.00652	0.00802	0.00894	0.00928	0.00624	0.00564	0.01010	0.01245	0.01649	0.03410	0.43647	0.06907	0.31085	0.01984	0.00446	0.00521	0.01608	0.00570	0.00521
5	0.14696	0.02064	0.17492	0.04134	0.04759	0.01571	0.26693	0.02139	0.01518	0.02424	0.01291	0.01617	0.00983	0.00618	0.00674	0.00208	0.00920	0.00609	0.00371	0.15220
6	0.02162	0.01440	0.01562	0.01261	0.01647	0.01548	0.00996	0.38484	0.02478	0.07844	0.02001	0.02452	0.01609	0.13261	0.01154	0.00284	0.00660	0.00717	0.17478	0.00963
7	0.02524	0.01570	0.01832	0.01454	0.01938	0.01671	0.01191	0.39453	0.02612	0.20969	0.02026	0.02090	0.01456	0.01678	0.13724	0.00385	0.00943	0.00682	0.00695	0.01106
8	0.01284	0.00827	0.00989	0.00875	0.01104	0.00744	0.00635	0.01534	0.01601	0.06542	0.26157	0.03858	0.03604	0.18474	0.01374	0.00303	0.00467	0.00935	0.14877	0.13816

[dist]
# distance from previous block
# <min> <max>
0	12

# created by:
# /st0/software/busco_prod/Augustus/scripts/msa2prfl.pl ./align_prep/147683.fa
