[name]
unknown

[dist]
# distance from previous block
# <min> <max>
7	34

[block]
# block no. 0 follows, 27 sequences, length 8
# corresponding to MSA columns:
# 41-48
name=unknown_A
#
# <colnr> <probs for GDERKNQSTAVLIFYWHMCP>
#	G	D	E	R	K	N	Q	S	T	A	V	L	I	F	Y	W	H	M	C	P
0	0.01971	0.09384	0.02028	0.01406	0.01922	0.01572	0.04345	0.20765	0.02117	0.07434	0.01997	0.12679	0.01801	0.01215	0.04300	0.00248	0.00750	0.00817	0.00579	0.22670
1	0.04760	0.01488	0.01920	0.27775	0.03115	0.01571	0.01440	0.14424	0.06384	0.02737	0.01512	0.01821	0.01157	0.00723	0.00669	0.00197	0.00769	0.00591	0.00479	0.26469
2	0.01852	0.01597	0.02334	0.33596	0.10836	0.01809	0.04740	0.19554	0.02050	0.02754	0.01535	0.04147	0.01220	0.00833	0.00817	0.00236	0.03955	0.00707	0.00465	0.04963
3	0.02689	0.01880	0.02063	0.01600	0.02178	0.02022	0.01312	0.48197	0.10208	0.11967	0.02020	0.01960	0.01428	0.00884	0.00731	0.00219	0.00752	0.00681	0.00744	0.06465
4	0.01800	0.01257	0.01648	0.01337	0.01783	0.01142	0.05451	0.11811	0.01930	0.12179	0.05785	0.22186	0.02598	0.01208	0.00758	0.00214	0.00607	0.01064	0.00638	0.24605
5	0.02072	0.01544	0.01685	0.01482	0.01925	0.01731	0.01162	0.03895	0.57917	0.13260	0.03007	0.02733	0.02201	0.00994	0.00754	0.00248	0.00594	0.00825	0.00780	0.01188
6	0.01735	0.01435	0.01644	0.01192	0.01842	0.01189	0.00961	0.11757	0.01836	0.02763	0.01390	0.01576	0.01124	0.00602	0.00579	0.00127	0.00590	0.00475	0.00486	0.66695
7	0.01960	0.01805	0.02758	0.03932	0.55280	0.05059	0.02057	0.02561	0.08937	0.05928	0.01640	0.01950	0.01318	0.00717	0.00735	0.00223	0.00859	0.00676	0.00439	0.01165

[dist]
# distance from previous block
# <min> <max>
0	2

[block]
# block no. 1 follows, 27 sequences, length 17
# corresponding to MSA columns:
# 51-67
name=unknown_B
#
# <colnr> <probs for GDERKNQSTAVLIFYWHMCP>
#	G	D	E	R	K	N	Q	S	T	A	V	L	I	F	Y	W	H	M	C	P
0	0.04442	0.14959	0.37363	0.02039	0.08468	0.01826	0.04777	0.02310	0.01583	0.04864	0.01343	0.01566	0.01018	0.00676	0.00651	0.00207	0.00934	0.00536	0.00364	0.10073
1	0.00993	0.00725	0.00933	0.00947	0.01090	0.00665	0.00685	0.01264	0.01866	0.02575	0.44541	0.25583	0.11797	0.01786	0.00897	0.00255	0.00376	0.01587	0.00769	0.00665
2	0.01604	0.06518	0.30664	0.13271	0.03694	0.01837	0.27228	0.02284	0.01623	0.02259	0.01380	0.01779	0.01021	0.00677	0.00765	0.00239	0.01124	0.00684	0.00340	0.01010
3	0.01289	0.00645	0.00967	0.00967	0.00967	0.00645	0.00645	0.00967	0.00967	0.01289	0.01289	0.02257	0.01289	0.02579	0.02901	0.78401	0.00645	0.00645	0.00322	0.00322
4	0.01017	0.00736	0.00950	0.00939	0.01086	0.00680	0.00682	0.01305	0.01916	0.02670	0.51432	0.18061	0.09288	0.04657	0.01008	0.00267	0.00381	0.01483	0.00773	0.00669
5	0.01539	0.01319	0.01539	0.01100	0.01759	0.00990	0.00880	0.01869	0.01539	0.02419	0.01319	0.01539	0.01100	0.00550	0.00550	0.00110	0.00550	0.00440	0.00440	0.78449
6	0.00904	0.00646	0.00861	0.01034	0.01077	0.00603	0.00689	0.01034	0.01421	0.01895	0.04092	0.73426	0.04910	0.02326	0.00948	0.00301	0.00431	0.02110	0.00689	0.00603
7	0.01830	0.01907	0.03574	0.02748	0.06805	0.04246	0.43715	0.02414	0.04700	0.04980	0.01540	0.01953	0.01185	0.00728	0.00994	0.00244	0.08747	0.00789	0.00413	0.06489
8	0.02389	0.05740	0.02304	0.02165	0.11446	0.29184	0.01529	0.15692	0.09763	0.02619	0.01501	0.01686	0.01201	0.00856	0.00884	0.00222	0.08714	0.00598	0.00487	0.01020
9	0.01624	0.01624	0.02274	0.01949	0.01949	0.02274	0.01624	0.01787	0.01137	0.01787	0.00975	0.01624	0.00975	0.01299	0.02436	0.00325	0.72552	0.00650	0.00325	0.00812
10	0.01528	0.01319	0.01594	0.06778	0.02027	0.01042	0.00974	0.01871	0.01535	0.02377	0.01319	0.01575	0.01091	0.00565	0.00565	0.00121	0.00585	0.00457	0.00431	0.72242
11	0.00996	0.00727	0.00936	0.00946	0.01091	0.00668	0.00686	0.01272	0.01881	0.02599	0.45981	0.24249	0.11664	0.01769	0.00895	0.00254	0.00374	0.01572	0.00771	0.00668
12	0.01080	0.00720	0.00810	0.00810	0.00810	0.00720	0.00450	0.01080	0.01080	0.01439	0.02339	0.04858	0.02699	0.73910	0.03779	0.00720	0.00720	0.01080	0.00450	0.00450
13	0.02330	0.01617	0.01808	0.01499	0.01966	0.01773	0.01198	0.25584	0.27302	0.13943	0.02466	0.02473	0.01830	0.03956	0.06473	0.00330	0.00792	0.00770	0.00737	0.01152
14	0.08634	0.01891	0.04746	0.01532	0.02098	0.04508	0.01285	0.30422	0.15040	0.12423	0.02023	0.01973	0.01452	0.00857	0.00701	0.00219	0.00738	0.00657	0.00687	0.08116
15	0.02029	0.01282	0.01610	0.01438	0.04542	0.01267	0.01080	0.05454	0.13040	0.21323	0.05267	0.13299	0.04735	0.01160	0.00881	0.00232	0.05923	0.00956	0.00690	0.13793
16	0.07968	0.06361	0.01870	0.03776	0.02027	0.11119	0.01170	0.09669	0.18437	0.13096	0.04370	0.02105	0.01675	0.00842	0.00674	0.00208	0.00733	0.00649	0.00619	0.12632

[dist]
# distance from previous block
# <min> <max>
1	16

[block]
# block no. 2 follows, 27 sequences, length 94
# corresponding to MSA columns:
# 84-177
name=unknown_C
#
# <colnr> <probs for GDERKNQSTAVLIFYWHMCP>
#	G	D	E	R	K	N	Q	S	T	A	V	L	I	F	Y	W	H	M	C	P
0	0.02101	0.01715	0.05367	0.01672	0.02162	0.07547	0.12241	0.09873	0.05224	0.17062	0.09328	0.02981	0.08047	0.04659	0.00994	0.00256	0.03508	0.00867	0.00628	0.03768
1	0.10079	0.01397	0.01874	0.25213	0.02974	0.01505	0.03635	0.04764	0.12684	0.12586	0.01926	0.04382	0.01467	0.00833	0.00700	0.00225	0.00749	0.00700	0.00545	0.11763
2	0.07157	0.01074	0.01330	0.01286	0.05118	0.01015	0.00917	0.01991	0.04061	0.14016	0.05649	0.04043	0.02533	0.22349	0.01632	0.00373	0.00647	0.11293	0.00594	0.12924
3	0.01528	0.01217	0.01513	0.01308	0.05329	0.01014	0.00954	0.04027	0.01628	0.04959	0.05552	0.10482	0.01978	0.01227	0.05979	0.00236	0.00664	0.00748	0.00512	0.49144
4	0.04294	0.01522	0.05552	0.47000	0.16036	0.01613	0.01981	0.02087	0.01554	0.05690	0.01409	0.01915	0.01064	0.00724	0.00720	0.00234	0.00921	0.00640	0.00377	0.04668
5	0.02773	0.03538	0.02104	0.01913	0.02295	0.70930	0.01434	0.02964	0.02104	0.01817	0.01148	0.01339	0.00956	0.00765	0.00669	0.00191	0.01339	0.00478	0.00383	0.00861
6	0.00934	0.00661	0.00865	0.01008	0.01048	0.00629	0.00664	0.01049	0.01367	0.01827	0.03783	0.61736	0.04508	0.12260	0.03596	0.00388	0.00521	0.01926	0.00647	0.00584
7	0.01020	0.00734	0.00987	0.01135	0.01243	0.00702	0.00869	0.01244	0.01586	0.02094	0.08727	0.42095	0.07660	0.02149	0.00968	0.00309	0.00515	0.24626	0.00696	0.00640
8	0.03103	0.01236	0.01654	0.01290	0.01827	0.01093	0.01058	0.03472	0.04929	0.61753	0.05650	0.02671	0.02073	0.00946	0.00744	0.00229	0.00608	0.00773	0.03675	0.01216
9	0.01353	0.00704	0.01019	0.00998	0.01022	0.00713	0.00677	0.03698	0.01072	0.01430	0.01310	0.02237	0.01288	0.02509	0.02812	0.75158	0.00652	0.00646	0.00340	0.00361
10	0.01985	0.74357	0.03890	0.01270	0.01905	0.02937	0.01270	0.02223	0.01508	0.01747	0.01032	0.01191	0.00953	0.00635	0.00476	0.00159	0.00794	0.00397	0.00318	0.00953
11	0.79154	0.01436	0.01091	0.00976	0.01436	0.01665	0.00804	0.02182	0.01263	0.03331	0.01034	0.01206	0.00804	0.00689	0.00459	0.00230	0.00574	0.00402	0.00459	0.00804
12	0.02994	0.13733	0.02125	0.01349	0.01928	0.01528	0.01149	0.07939	0.05293	0.50357	0.02529	0.02258	0.01667	0.00873	0.00701	0.00218	0.00670	0.00686	0.00796	0.01206
13	0.02822	0.02079	0.02228	0.01708	0.02302	0.02302	0.01411	0.66804	0.03490	0.04679	0.01782	0.01782	0.01262	0.00891	0.00743	0.00223	0.00817	0.00668	0.00743	0.01262
14	0.01402	0.01319	0.02227	0.72126	0.05113	0.01649	0.02062	0.01897	0.01484	0.01897	0.01319	0.01979	0.00990	0.00742	0.00742	0.00247	0.00990	0.00660	0.00330	0.00825
15	0.00915	0.00661	0.00866	0.01011	0.01075	0.00612	0.00683	0.01065	0.01491	0.01989	0.09531	0.64402	0.08479	0.02237	0.00938	0.00293	0.00421	0.02019	0.00700	0.00612
16	0.01062	0.00789	0.01160	0.01160	0.01281	0.00910	0.00887	0.01305	0.01183	0.01699	0.02019	0.03083	0.01928	0.11433	0.65202	0.01152	0.01880	0.00820	0.00402	0.00645
17	0.01064	0.00747	0.00967	0.00974	0.01030	0.00799	0.00653	0.01177	0.01140	0.01574	0.02275	0.07108	0.02457	0.43165	0.30766	0.00892	0.01219	0.01011	0.00439	0.00543
18	0.01289	0.00645	0.00967	0.00967	0.00967	0.00645	0.00645	0.00967	0.00967	0.01289	0.01289	0.02257	0.01289	0.02579	0.02901	0.78401	0.00645	0.00645	0.00322	0.00322
19	0.01985	0.74357	0.03890	0.01270	0.01905	0.02937	0.01270	0.02223	0.01508	0.01747	0.01032	0.01191	0.00953	0.00635	0.00476	0.00159	0.00794	0.00397	0.00318	0.00953
20	0.02443	0.01816	0.02053	0.01596	0.02148	0.01931	0.03565	0.46960	0.05674	0.06280	0.02246	0.05584	0.05187	0.00979	0.00747	0.00220	0.00749	0.00783	0.00703	0.08334
21	0.02036	0.07845	0.05682	0.11414	0.04629	0.25329	0.01476	0.02563	0.09702	0.05347	0.04143	0.02026	0.01501	0.01390	0.08971	0.00332	0.03609	0.00639	0.00453	0.00912
22	0.01951	0.02097	0.08458	0.14928	0.31166	0.11044	0.03885	0.05171	0.07100	0.04777	0.01548	0.01873	0.01207	0.00738	0.00731	0.00226	0.00956	0.00651	0.00425	0.01069
23	0.01636	0.01584	0.02351	0.09970	0.08291	0.06412	0.13372	0.07132	0.01637	0.02201	0.01766	0.10507	0.01661	0.01835	0.13000	0.00421	0.14043	0.00881	0.00432	0.00869
24	0.01334	0.00765	0.00818	0.00818	0.00980	0.00765	0.00592	0.05090	0.01604	0.02577	0.02874	0.15060	0.05228	0.07542	0.00904	0.00249	0.00420	0.01001	0.50697	0.00684
25	0.00903	0.00650	0.00857	0.01023	0.01074	0.00604	0.00684	0.01035	0.01432	0.01899	0.04221	0.70921	0.07331	0.02309	0.00945	0.00300	0.00429	0.02090	0.00689	0.00604
26	0.01680	0.01717	0.02266	0.01947	0.01966	0.05597	0.01615	0.01844	0.01184	0.01788	0.00983	0.01610	0.00974	0.01273	0.02351	0.00318	0.69105	0.00641	0.00328	0.00814
27	0.01414	0.01343	0.02301	0.69741	0.05070	0.01657	0.04292	0.01913	0.01494	0.01913	0.01326	0.01980	0.00994	0.00738	0.00747	0.00248	0.00999	0.00667	0.00331	0.00831
28	0.00895	0.00713	0.00793	0.00855	0.01022	0.00622	0.00605	0.01055	0.01572	0.01945	0.06095	0.30880	0.43476	0.04732	0.01011	0.00286	0.00409	0.01744	0.00680	0.00612
29	0.02822	0.02079	0.02228	0.01708	0.02302	0.02302	0.01411	0.66804	0.03490	0.04679	0.01782	0.01782	0.01262	0.00891	0.00743	0.00223	0.00817	0.00668	0.00743	0.01262
30	0.00931	0.00714	0.00853	0.00904	0.01057	0.00636	0.00645	0.01137	0.01691	0.02205	0.21458	0.31856	0.29321	0.01959	0.00904	0.00266	0.00390	0.01717	0.00721	0.00636
31	0.01402	0.01319	0.02227	0.72126	0.05113	0.01649	0.02062	0.01897	0.01484	0.01897	0.01319	0.01979	0.00990	0.00742	0.00742	0.00247	0.00990	0.00660	0.00330	0.00825
32	0.00914	0.00650	0.00859	0.01021	0.01062	0.00609	0.00676	0.01036	0.01403	0.01870	0.03996	0.69672	0.04789	0.06245	0.01103	0.00324	0.00447	0.02054	0.00676	0.00595
33	0.79154	0.01436	0.01091	0.00976	0.01436	0.01665	0.00804	0.02182	0.01263	0.03331	0.01034	0.01206	0.00804	0.00689	0.00459	0.00230	0.00574	0.00402	0.00459	0.00804
34	0.01610	0.21105	0.53862	0.01909	0.02893	0.02021	0.02382	0.02320	0.01553	0.02203	0.01259	0.01475	0.00943	0.00688	0.00649	0.00216	0.01023	0.00511	0.00314	0.01062
35	0.01539	0.01319	0.01539	0.01100	0.01759	0.00990	0.00880	0.01869	0.01539	0.02419	0.01319	0.01539	0.01100	0.00550	0.00550	0.00110	0.00550	0.00440	0.00440	0.78449
36	0.01746	0.34778	0.38927	0.01739	0.02611	0.04391	0.02056	0.02314	0.01558	0.02069	0.01195	0.01395	0.00946	0.00676	0.00604	0.00200	0.00972	0.00480	0.00317	0.01026
37	0.01539	0.01319	0.01539	0.01100	0.01759	0.00990	0.00880	0.01869	0.01539	0.02419	0.01319	0.01539	0.01100	0.00550	0.00550	0.00110	0.00550	0.00440	0.00440	0.78449
38	0.02092	0.01665	0.01779	0.01537	0.01995	0.01891	0.01213	0.15162	0.53247	0.06603	0.02796	0.02582	0.02066	0.00982	0.00753	0.00246	0.00631	0.00804	0.00761	0.01195
39	0.02822	0.02079	0.02228	0.01708	0.02302	0.02302	0.01411	0.66804	0.03490	0.04679	0.01782	0.01782	0.01262	0.00891	0.00743	0.00223	0.00817	0.00668	0.00743	0.01262
40	0.01025	0.00758	0.00957	0.00907	0.01094	0.00690	0.00681	0.01352	0.02042	0.02835	0.59926	0.05779	0.16054	0.01571	0.00876	0.00236	0.00354	0.01375	0.00799	0.00690
41	0.00994	0.00719	0.00923	0.01045	0.01128	0.00682	0.00715	0.03880	0.01560	0.02080	0.07761	0.63628	0.07705	0.02199	0.00932	0.00292	0.00440	0.01982	0.00699	0.00638
42	0.03308	0.01299	0.01745	0.01338	0.01913	0.01145	0.01105	0.06413	0.02185	0.66913	0.02878	0.02494	0.01812	0.00918	0.00746	0.00229	0.00640	0.00743	0.00911	0.01263
43	0.03184	0.04180	0.01900	0.01392	0.01972	0.01390	0.01158	0.15518	0.02360	0.54904	0.02640	0.02335	0.01695	0.00903	0.00736	0.00226	0.00673	0.00719	0.00863	0.01251
44	0.02151	0.01587	0.01729	0.01403	0.01827	0.01722	0.01115	0.39643	0.07965	0.03779	0.13550	0.03040	0.05006	0.08438	0.01072	0.00277	0.00679	0.00872	0.03108	0.01037
45	0.01585	0.01347	0.01564	0.01121	0.01779	0.01037	0.00899	0.04199	0.01609	0.02500	0.01336	0.01548	0.01105	0.00562	0.00557	0.00114	0.00559	0.00448	0.00451	0.75679
46	0.02793	0.02013	0.02173	0.01679	0.02262	0.02219	0.01383	0.60304	0.06953	0.07744	0.01906	0.01872	0.01345	0.00899	0.00744	0.00225	0.00795	0.00682	0.00752	0.01258
47	0.01837	0.01764	0.03013	0.04557	0.69279	0.01764	0.02278	0.02278	0.01690	0.02425	0.01396	0.01837	0.01176	0.00661	0.00735	0.00220	0.00882	0.00661	0.00367	0.01176
48	0.01161	0.00783	0.01028	0.00953	0.01147	0.00719	0.00719	0.01508	0.02103	0.06211	0.65695	0.05399	0.06755	0.01489	0.00869	0.00233	0.00364	0.01314	0.00822	0.00728
49	0.00989	0.00707	0.00959	0.01131	0.01211	0.00676	0.00836	0.01180	0.01505	0.01990	0.04045	0.54526	0.04725	0.02246	0.00970	0.00313	0.00504	0.20174	0.00688	0.00626
50	0.01660	0.01815	0.03788	0.16305	0.06827	0.01785	0.49211	0.02235	0.01687	0.02271	0.01552	0.04461	0.01233	0.00708	0.00847	0.00250	0.01157	0.00868	0.00377	0.00961
51	0.02745	0.01292	0.01667	0.01261	0.01856	0.01087	0.01031	0.03108	0.04217	0.47403	0.02452	0.02241	0.01632	0.00812	0.00688	0.00195	0.00606	0.00658	0.00770	0.24280
52	0.01961	0.70955	0.07082	0.01311	0.01968	0.02879	0.01341	0.02229	0.01511	0.01776	0.01047	0.01209	0.00952	0.00639	0.00487	0.00162	0.00809	0.00404	0.00317	0.00960
53	0.01229	0.00837	0.01135	0.04546	0.03378	0.00793	0.00870	0.01522	0.01847	0.07594	0.33910	0.19930	0.10894	0.01660	0.00884	0.00259	0.00466	0.06774	0.00738	0.00734
54	0.01832	0.04916	0.17917	0.02379	0.08134	0.04016	0.25390	0.02385	0.01750	0.09051	0.06186	0.02091	0.01549	0.00734	0.00761	0.00222	0.00983	0.00732	0.00450	0.08519
55	0.01014	0.00768	0.00959	0.01032	0.01177	0.00710	0.00731	0.01286	0.04739	0.02108	0.09799	0.49086	0.12114	0.02008	0.00899	0.00276	0.00443	0.04128	0.00686	0.06039
56	0.02332	0.29192	0.02671	0.01582	0.02071	0.30810	0.01315	0.02894	0.13958	0.04368	0.01510	0.01588	0.01225	0.00767	0.00617	0.00192	0.00976	0.00524	0.00445	0.00966
57	0.01065	0.00722	0.00805	0.00805	0.00824	0.00713	0.00458	0.01079	0.01124	0.01481	0.02719	0.05026	0.07554	0.68634	0.03566	0.00685	0.00695	0.01115	0.00467	0.00463
58	0.01719	0.13080	0.18657	0.01497	0.02044	0.01671	0.01498	0.12955	0.02044	0.05129	0.21138	0.03109	0.02971	0.01074	0.00837	0.00231	0.04538	0.04277	0.00575	0.00956
59	0.01051	0.00759	0.00992	0.00934	0.01109	0.00700	0.00700	0.01401	0.02101	0.02977	0.68888	0.05545	0.07005	0.01518	0.00876	0.00233	0.00350	0.01343	0.00817	0.00700
60	0.02228	0.12331	0.02789	0.02009	0.02467	0.25218	0.13986	0.09396	0.07577	0.02323	0.01402	0.01657	0.01135	0.00832	0.00954	0.00226	0.11453	0.00620	0.00434	0.00963
61	0.01777	0.01797	0.02820	0.24278	0.39285	0.07379	0.07539	0.02229	0.01668	0.02215	0.01362	0.01853	0.01099	0.00691	0.00744	0.00229	0.00982	0.00664	0.00358	0.01031
62	0.00877	0.00752	0.00752	0.00752	0.01003	0.00627	0.00564	0.01065	0.01692	0.02005	0.07520	0.07144	0.68978	0.01880	0.00877	0.00251	0.00376	0.01567	0.00689	0.00627
63	0.02769	0.02053	0.02198	0.01697	0.02282	0.02277	0.01398	0.63363	0.07019	0.04592	0.01850	0.01836	0.01317	0.00898	0.00743	0.00224	0.00804	0.00678	0.00743	0.01258
64	0.00885	0.00752	0.00762	0.00760	0.01007	0.00630	0.00570	0.01079	0.01709	0.02046	0.10064	0.07078	0.66409	0.01865	0.00877	0.00250	0.00375	0.01557	0.00695	0.00630
65	0.02773	0.03538	0.02104	0.01913	0.02295	0.70930	0.01434	0.02964	0.02104	0.01817	0.01148	0.01339	0.00956	0.00765	0.00669	0.00191	0.01339	0.00478	0.00383	0.00861
66	0.01568	0.01472	0.02479	0.52263	0.18215	0.01711	0.04755	0.04783	0.01624	0.02146	0.01363	0.01942	0.01046	0.00727	0.00746	0.00241	0.00971	0.00669	0.00357	0.00923
67	0.02719	0.03186	0.02134	0.01880	0.02277	0.55534	0.01441	0.13726	0.02286	0.02301	0.01246	0.01430	0.01009	0.00816	0.00779	0.00204	0.05149	0.00520	0.00440	0.00926
68	0.79154	0.01436	0.01091	0.00976	0.01436	0.01665	0.00804	0.02182	0.01263	0.03331	0.01034	0.01206	0.00804	0.00689	0.00459	0.00230	0.00574	0.00402	0.00459	0.00804
69	0.02636	0.01987	0.02123	0.01670	0.02231	0.02215	0.01366	0.54830	0.15767	0.04379	0.02018	0.01970	0.01454	0.00913	0.00745	0.00228	0.00773	0.00701	0.00745	0.01246
70	0.03331	0.01263	0.01723	0.01321	0.01895	0.01091	0.01091	0.03618	0.02125	0.69794	0.02929	0.02527	0.01838	0.00919	0.00747	0.00230	0.00632	0.00747	0.00919	0.01263
71	0.00937	0.00691	0.00881	0.00986	0.01090	0.00634	0.00693	0.01123	0.01592	0.02110	0.15617	0.48605	0.15403	0.02106	0.00928	0.00284	0.00419	0.04564	0.00711	0.00627
72	0.01039	0.00688	0.00893	0.01005	0.01067	0.00646	0.00666	0.01161	0.01417	0.04673	0.05993	0.56716	0.04487	0.14163	0.01408	0.00366	0.00484	0.01856	0.00663	0.00608
73	0.00903	0.00652	0.00856	0.01019	0.01073	0.00604	0.00682	0.01035	0.01436	0.01901	0.04274	0.69910	0.08309	0.02302	0.00944	0.00299	0.00428	0.02082	0.00689	0.00604
74	0.02323	0.01481	0.05294	0.01316	0.01755	0.04903	0.01094	0.13077	0.02143	0.28354	0.13064	0.03204	0.04936	0.09271	0.04114	0.00324	0.00739	0.00871	0.00730	0.01006
75	0.79154	0.01436	0.01091	0.00976	0.01436	0.01665	0.00804	0.02182	0.01263	0.03331	0.01034	0.01206	0.00804	0.00689	0.00459	0.00230	0.00574	0.00402	0.00459	0.00804
76	0.02417	0.01696	0.01881	0.01528	0.01994	0.01832	0.01224	0.47494	0.02925	0.08417	0.02388	0.18241	0.02137	0.01222	0.00790	0.00241	0.00716	0.01004	0.00742	0.01111
77	0.07757	0.55186	0.16464	0.01411	0.02122	0.02606	0.01519	0.02245	0.01501	0.01984	0.01090	0.01265	0.00939	0.00653	0.00519	0.00179	0.00836	0.00427	0.00328	0.00969
78	0.63607	0.05510	0.01370	0.05955	0.01754	0.01749	0.00945	0.02298	0.06348	0.03126	0.01204	0.01377	0.00936	0.00714	0.00502	0.00229	0.00616	0.00453	0.00465	0.00842
79	0.00914	0.00681	0.00855	0.00988	0.01085	0.00622	0.00688	0.01068	0.01497	0.01937	0.04852	0.55106	0.19248	0.02211	0.00936	0.00292	0.00432	0.05287	0.00689	0.00613
80	0.01430	0.00909	0.01123	0.11665	0.01684	0.00996	0.00878	0.06593	0.01612	0.02552	0.02136	0.02707	0.01751	0.05436	0.11427	0.00372	0.00748	0.00722	0.44519	0.00738
81	0.01023	0.00758	0.00955	0.00905	0.01092	0.00689	0.00679	0.01348	0.02037	0.02825	0.59257	0.05796	0.16731	0.01575	0.00876	0.00236	0.00354	0.01378	0.00797	0.00689
82	0.01169	0.00846	0.01158	0.01315	0.01492	0.00835	0.01142	0.01498	0.01708	0.02203	0.04238	0.08269	0.09806	0.02036	0.01013	0.00334	0.00657	0.58919	0.00684	0.00679
83	0.01061	0.00795	0.01193	0.01193	0.01326	0.00928	0.00928	0.01326	0.01193	0.01723	0.01988	0.02916	0.01856	0.05568	0.70968	0.01193	0.01988	0.00795	0.00398	0.00663
84	0.00904	0.00646	0.00861	0.01034	0.01077	0.00603	0.00689	0.01034	0.01421	0.01895	0.04092	0.73426	0.04910	0.02326	0.00948	0.00301	0.00431	0.02110	0.00689	0.00603
85	0.01064	0.00783	0.01128	0.01128	0.01238	0.00893	0.00847	0.01284	0.01174	0.01675	0.02048	0.03246	0.01999	0.17157	0.59575	0.01113	0.01773	0.00844	0.00407	0.00627
86	0.79154	0.01436	0.01091	0.00976	0.01436	0.01665	0.00804	0.02182	0.01263	0.03331	0.01034	0.01206	0.00804	0.00689	0.00459	0.00230	0.00574	0.00402	0.00459	0.00804
87	0.05621	0.01390	0.02170	0.59148	0.04523	0.01734	0.01926	0.05457	0.01556	0.02117	0.01303	0.01900	0.00994	0.00790	0.00856	0.00251	0.06412	0.00646	0.00359	0.00847
88	0.02608	0.01788	0.01876	0.01543	0.02052	0.07214	0.01237	0.21074	0.26398	0.22288	0.02506	0.02316	0.01765	0.00931	0.00743	0.00233	0.00722	0.00738	0.00769	0.01199
89	0.02769	0.02085	0.02169	0.01680	0.02251	0.04804	0.01380	0.62122	0.03370	0.04504	0.01781	0.01801	0.01274	0.00886	0.00732	0.00220	0.00820	0.00662	0.03463	0.01227
90	0.02186	0.04125	0.01938	0.01775	0.09312	0.04072	0.01273	0.18187	0.20390	0.12545	0.13570	0.02764	0.02560	0.00994	0.00757	0.00230	0.00674	0.00824	0.00715	0.01109
91	0.01688	0.01822	0.08083	0.09018	0.35764	0.04649	0.05016	0.04440	0.04267	0.02416	0.04786	0.02686	0.10354	0.00889	0.00762	0.00230	0.00847	0.00806	0.00448	0.01030
92	0.01729	0.39492	0.30803	0.01663	0.02469	0.02297	0.04093	0.02241	0.01570	0.02075	0.04455	0.01583	0.01247	0.00706	0.00603	0.00197	0.00912	0.00521	0.00342	0.01001
93	0.05704	0.14867	0.02291	0.01716	0.04379	0.35856	0.01324	0.12315	0.02163	0.02454	0.08697	0.01856	0.01670	0.00838	0.00664	0.00198	0.01009	0.00592	0.00477	0.00928

[dist]
# distance from previous block
# <min> <max>
0	1

[block]
# block no. 3 follows, 27 sequences, length 45
# corresponding to MSA columns:
# 179-223
name=unknown_D
#
# <colnr> <probs for GDERKNQSTAVLIFYWHMCP>
#	G	D	E	R	K	N	Q	S	T	A	V	L	I	F	Y	W	H	M	C	P
0	0.02594	0.02056	0.01851	0.01580	0.02049	0.19881	0.01240	0.09061	0.26449	0.21682	0.02394	0.02238	0.01713	0.00908	0.00729	0.00227	0.00818	0.00703	0.00702	0.01125
1	0.01027	0.00826	0.00926	0.00912	0.01134	0.00767	0.00678	0.01445	0.08369	0.02381	0.24305	0.13777	0.37271	0.01740	0.00873	0.00252	0.00396	0.01492	0.00733	0.00700
2	0.00896	0.00748	0.00781	0.00782	0.01017	0.00633	0.00583	0.01098	0.01722	0.02098	0.13525	0.09796	0.60049	0.01863	0.00880	0.00251	0.00376	0.01567	0.00702	0.00633
3	0.01384	0.00692	0.00692	0.00692	0.00865	0.00692	0.00519	0.01730	0.01557	0.02768	0.02422	0.02768	0.01903	0.00865	0.00519	0.00173	0.00346	0.00692	0.78031	0.00692
4	0.01402	0.01319	0.02227	0.72126	0.05113	0.01649	0.02062	0.01897	0.01484	0.01897	0.01319	0.01979	0.00990	0.00742	0.00742	0.00247	0.00990	0.00660	0.00330	0.00825
5	0.01760	0.01486	0.01594	0.01431	0.01820	0.01690	0.01112	0.05662	0.55911	0.03139	0.12860	0.03153	0.02943	0.01080	0.00773	0.00248	0.00560	0.00909	0.00764	0.01107
6	0.01152	0.00786	0.00997	0.00928	0.01137	0.00711	0.00702	0.01474	0.02042	0.06556	0.56054	0.05616	0.15965	0.01538	0.00869	0.00236	0.00370	0.01343	0.00804	0.00721
7	0.02302	0.01777	0.01963	0.05627	0.02259	0.01964	0.01312	0.39864	0.18488	0.03823	0.02187	0.07029	0.01732	0.00992	0.00749	0.00230	0.00730	0.00797	0.00701	0.05472
8	0.00995	0.00757	0.00915	0.00876	0.01075	0.00677	0.00657	0.01293	0.01970	0.02665	0.49182	0.06059	0.26905	0.01634	0.00876	0.00239	0.00359	0.01415	0.00776	0.00677
9	0.79154	0.01436	0.01091	0.00976	0.01436	0.01665	0.00804	0.02182	0.01263	0.03331	0.01034	0.01206	0.00804	0.00689	0.00459	0.00230	0.00574	0.00402	0.00459	0.00804
10	0.02648	0.01976	0.02134	0.01625	0.02228	0.02124	0.01339	0.57982	0.03225	0.04372	0.01719	0.01749	0.01240	0.00845	0.00716	0.00207	0.00781	0.00637	0.00701	0.11749
11	0.01644	0.07259	0.30474	0.04926	0.03452	0.01891	0.32038	0.02317	0.01628	0.02287	0.01376	0.01761	0.01030	0.00690	0.00842	0.00241	0.04080	0.00698	0.00343	0.01023
12	0.01086	0.00858	0.00899	0.00862	0.01139	0.00772	0.00655	0.01478	0.08352	0.04958	0.10630	0.06420	0.55773	0.01731	0.00860	0.00249	0.00406	0.01447	0.00713	0.00712
13	0.01119	0.00860	0.01265	0.01238	0.01361	0.01031	0.00971	0.01378	0.01201	0.01766	0.01920	0.02804	0.01784	0.05046	0.62768	0.01085	0.07786	0.00780	0.03160	0.00676
14	0.01638	0.01328	0.05130	0.01209	0.01482	0.01289	0.00941	0.18593	0.08001	0.02621	0.02370	0.07883	0.02333	0.32883	0.02076	0.00449	0.00713	0.03235	0.05029	0.00797
15	0.06858	0.13602	0.02328	0.01779	0.05843	0.23875	0.01363	0.22080	0.07047	0.02889	0.01587	0.04596	0.01312	0.00856	0.00671	0.00209	0.00935	0.00623	0.00525	0.01023
16	0.31595	0.04306	0.14732	0.07259	0.07773	0.01847	0.03689	0.13587	0.03788	0.03110	0.01348	0.01559	0.01014	0.00735	0.00623	0.00229	0.00802	0.00546	0.00466	0.00993
17	0.10385	0.13412	0.02312	0.01734	0.03875	0.30970	0.01364	0.16120	0.04521	0.02623	0.01316	0.01477	0.01058	0.00801	0.00741	0.00208	0.05123	0.00526	0.00466	0.00970
18	0.02744	0.07120	0.02248	0.01807	0.02275	0.44069	0.01417	0.24274	0.02533	0.02770	0.01353	0.01479	0.01058	0.00800	0.00683	0.00200	0.01133	0.00537	0.00499	0.01000
19	0.02113	0.09400	0.01665	0.01167	0.01562	0.01219	0.00948	0.07515	0.02075	0.26968	0.25019	0.06043	0.05624	0.04261	0.00899	0.00246	0.00559	0.00988	0.00767	0.00961
20	0.00877	0.00752	0.00752	0.00752	0.01003	0.00627	0.00564	0.01065	0.01692	0.02005	0.07520	0.07144	0.68978	0.01880	0.00877	0.00251	0.00376	0.01567	0.00689	0.00627
21	0.01490	0.01436	0.02234	0.59745	0.06651	0.03837	0.01985	0.01995	0.03539	0.01939	0.01340	0.01950	0.01033	0.00796	0.00884	0.00252	0.07046	0.00659	0.00345	0.00846
22	0.01478	0.01123	0.01258	0.01185	0.01485	0.01174	0.00904	0.02478	0.29148	0.07186	0.11702	0.14813	0.18364	0.01484	0.00832	0.00258	0.00495	0.02983	0.00747	0.00903
23	0.00904	0.00646	0.00861	0.01034	0.01077	0.00603	0.00689	0.01034	0.01421	0.01895	0.04092	0.73426	0.04910	0.02326	0.00948	0.00301	0.00431	0.02110	0.00689	0.00603
24	0.01749	0.02057	0.07003	0.03224	0.10157	0.01860	0.57707	0.02367	0.01738	0.02381	0.01485	0.01968	0.01123	0.00633	0.00855	0.00247	0.01209	0.00842	0.00372	0.01022
25	0.01545	0.00871	0.01137	0.01006	0.01276	0.00782	0.00777	0.01869	0.02076	0.17770	0.49583	0.04994	0.10530	0.01412	0.00847	0.00234	0.00415	0.01227	0.00830	0.00820
26	0.02211	0.01568	0.01726	0.01438	0.01856	0.01697	0.01140	0.40041	0.06382	0.06041	0.02490	0.18837	0.02253	0.01235	0.00773	0.00239	0.00666	0.01023	0.07332	0.01053
27	0.01289	0.00645	0.00967	0.00967	0.00967	0.00645	0.00645	0.00967	0.00967	0.01289	0.01289	0.02257	0.01289	0.02579	0.02901	0.78401	0.00645	0.00645	0.00322	0.00322
28	0.01624	0.01624	0.02274	0.01949	0.01949	0.02274	0.01624	0.01787	0.01137	0.01787	0.00975	0.01624	0.00975	0.01299	0.02436	0.00325	0.72552	0.00650	0.00325	0.00812
29	0.01539	0.01319	0.01539	0.01100	0.01759	0.00990	0.00880	0.01869	0.01539	0.02419	0.01319	0.01539	0.01100	0.00550	0.00550	0.00110	0.00550	0.00440	0.00440	0.78449
30	0.02123	0.12546	0.02206	0.01743	0.02031	0.03889	0.01328	0.04269	0.01830	0.02565	0.02434	0.03364	0.02241	0.04073	0.42188	0.00917	0.04762	0.00919	0.03439	0.01132
31	0.02606	0.01918	0.02077	0.01613	0.02156	0.02106	0.01324	0.58814	0.03321	0.04471	0.09981	0.02242	0.01964	0.00968	0.00759	0.00224	0.00760	0.00751	0.00752	0.01194
32	0.01919	0.59141	0.05491	0.01345	0.01923	0.06553	0.01316	0.02186	0.01569	0.01827	0.01402	0.02088	0.01358	0.00818	0.00562	0.00185	0.00821	0.08211	0.00366	0.00919
33	0.02426	0.01950	0.02035	0.01874	0.02281	0.02023	0.01370	0.03822	0.52087	0.03498	0.05906	0.03992	0.05091	0.05697	0.01237	0.00409	0.00829	0.01095	0.00947	0.01430
34	0.01572	0.01530	0.02142	0.01878	0.01899	0.02100	0.01572	0.01756	0.01207	0.01840	0.01336	0.02449	0.01377	0.01391	0.02264	0.00327	0.63771	0.08424	0.00369	0.00796
35	0.01153	0.01024	0.01026	0.01107	0.01226	0.09212	0.00773	0.01328	0.01628	0.02060	0.13943	0.49667	0.09097	0.01980	0.00898	0.00274	0.00526	0.01756	0.00671	0.00651
36	0.65440	0.01720	0.09553	0.01135	0.01678	0.01641	0.01057	0.02283	0.01349	0.06915	0.01176	0.01324	0.00878	0.00704	0.00505	0.00230	0.00641	0.00439	0.00467	0.00865
37	0.00902	0.00753	0.00787	0.00778	0.01018	0.00637	0.00584	0.01114	0.01751	0.02145	0.16326	0.06915	0.60086	0.01828	0.00877	0.00248	0.00372	0.01535	0.00708	0.00637
38	0.00924	0.00664	0.00902	0.01053	0.01107	0.00643	0.00718	0.01069	0.01393	0.01874	0.03835	0.64811	0.04537	0.02722	0.09502	0.00410	0.00621	0.01950	0.00654	0.00610
39	0.02623	0.01930	0.02102	0.01666	0.02209	0.02125	0.01385	0.58830	0.03273	0.04378	0.02045	0.02588	0.01630	0.01033	0.00777	0.00237	0.00801	0.08440	0.00735	0.01192
40	0.02584	0.01917	0.02048	0.01591	0.02143	0.02097	0.01308	0.58773	0.03271	0.04352	0.02483	0.02437	0.09536	0.01012	0.00759	0.00226	0.00763	0.00778	0.00736	0.01185
41	0.01985	0.74357	0.03890	0.01270	0.01905	0.02937	0.01270	0.02223	0.01508	0.01747	0.01032	0.01191	0.00953	0.00635	0.00476	0.00159	0.00794	0.00397	0.00318	0.00953
42	0.02683	0.01800	0.02026	0.01587	0.02122	0.01953	0.01304	0.49327	0.03005	0.14084	0.01979	0.02033	0.01421	0.01467	0.09323	0.00342	0.00932	0.00696	0.00727	0.01189
43	0.01033	0.00745	0.00976	0.00946	0.01105	0.00689	0.00699	0.01356	0.02018	0.02845	0.60971	0.13838	0.06749	0.01616	0.00884	0.00242	0.00360	0.01436	0.00802	0.00689
44	0.01292	0.00886	0.00983	0.00919	0.00992	0.00913	0.00567	0.09109	0.01374	0.01835	0.02271	0.04482	0.02523	0.64989	0.03408	0.00659	0.00732	0.01029	0.00486	0.00549

[dist]
# distance from previous block
# <min> <max>
0	1

[block]
# block no. 4 follows, 27 sequences, length 97
# corresponding to MSA columns:
# 225-294,300-326
name=unknown_E
#
# <colnr> <probs for GDERKNQSTAVLIFYWHMCP>
#	G	D	E	R	K	N	Q	S	T	A	V	L	I	F	Y	W	H	M	C	P
0	0.01508	0.01316	0.02199	0.68232	0.04936	0.01619	0.02008	0.01991	0.01520	0.05630	0.01408	0.02009	0.01036	0.00752	0.00742	0.00246	0.00970	0.00665	0.00362	0.00849
1	0.00944	0.00715	0.00932	0.04881	0.01289	0.00676	0.00744	0.01129	0.01551	0.02038	0.11934	0.49937	0.16364	0.02067	0.00916	0.00282	0.00443	0.01846	0.00684	0.00631
2	0.01068	0.00722	0.00846	0.00856	0.00870	0.00732	0.00505	0.01099	0.01108	0.01490	0.02405	0.08457	0.02746	0.63949	0.09546	0.00738	0.00816	0.01111	0.00458	0.00477
3	0.02130	0.46935	0.03144	0.01470	0.01972	0.21927	0.01301	0.02346	0.01654	0.01776	0.01230	0.05225	0.01172	0.00796	0.00649	0.00184	0.04305	0.00526	0.00357	0.00901
4	0.00903	0.00652	0.00855	0.01018	0.01073	0.00604	0.00682	0.01035	0.01436	0.01901	0.04280	0.69781	0.08433	0.02301	0.00944	0.00299	0.00428	0.02081	0.00689	0.00604
5	0.02807	0.01874	0.02078	0.01603	0.02170	0.02017	0.01320	0.52941	0.03192	0.15165	0.05659	0.02110	0.01672	0.00930	0.00751	0.00225	0.00761	0.00718	0.00775	0.01232
6	0.02442	0.01753	0.01936	0.01534	0.02032	0.01909	0.01250	0.47760	0.06070	0.07219	0.13128	0.02532	0.02317	0.01167	0.03237	0.00260	0.00761	0.00797	0.00752	0.01143
7	0.06576	0.48700	0.03137	0.01322	0.01920	0.06221	0.01227	0.05968	0.01750	0.14932	0.01439	0.01485	0.01129	0.00713	0.00552	0.00181	0.00782	0.00483	0.00466	0.01015
8	0.01410	0.00909	0.01148	0.01071	0.01345	0.00798	0.00791	0.01700	0.03732	0.11609	0.14542	0.33578	0.06992	0.01604	0.00825	0.00241	0.00469	0.01418	0.00699	0.15119
9	0.20050	0.04508	0.15264	0.01232	0.01660	0.01215	0.01182	0.01716	0.01557	0.02518	0.12529	0.18880	0.08630	0.01356	0.00749	0.00253	0.00615	0.04739	0.00560	0.00788
10	0.01558	0.01692	0.03557	0.02626	0.03222	0.01583	0.51140	0.02076	0.01705	0.02304	0.04335	0.14461	0.04068	0.00984	0.00888	0.00259	0.01055	0.01123	0.00453	0.00912
11	0.01539	0.01319	0.01539	0.01100	0.01759	0.00990	0.00880	0.01869	0.01539	0.02419	0.01319	0.01539	0.01100	0.00550	0.00550	0.00110	0.00550	0.00440	0.00440	0.78449
12	0.01489	0.03840	0.70064	0.02116	0.03213	0.01724	0.02743	0.02351	0.01567	0.02351	0.01332	0.01567	0.00940	0.00705	0.00705	0.00235	0.01097	0.00549	0.00313	0.01097
13	0.01752	0.02003	0.04380	0.03129	0.03880	0.01877	0.66583	0.02378	0.01752	0.02378	0.01502	0.02003	0.01126	0.00626	0.00876	0.00250	0.01252	0.00876	0.00375	0.01001
14	0.01576	0.03719	0.66847	0.02078	0.03151	0.01694	0.02665	0.02411	0.01594	0.05526	0.01407	0.01613	0.00983	0.00715	0.00707	0.00235	0.01075	0.00558	0.00342	0.01105
15	0.01073	0.00789	0.01161	0.01161	0.01290	0.00912	0.00896	0.01332	0.01203	0.01753	0.02017	0.02980	0.01888	0.07823	0.65921	0.01138	0.01881	0.00802	0.03327	0.00656
16	0.01061	0.00795	0.01193	0.01193	0.01326	0.00928	0.00928	0.01326	0.01193	0.01723	0.01988	0.02916	0.01856	0.05568	0.70968	0.01193	0.01988	0.00795	0.00398	0.00663
17	0.00904	0.00646	0.00861	0.01034	0.01077	0.00603	0.00689	0.01034	0.01421	0.01895	0.04092	0.73426	0.04910	0.02326	0.00948	0.00301	0.00431	0.02110	0.00689	0.00603
18	0.01752	0.02003	0.04380	0.03129	0.03880	0.01877	0.66583	0.02378	0.01752	0.02378	0.01502	0.02003	0.01126	0.00626	0.00876	0.00250	0.01252	0.00876	0.00375	0.01001
19	0.01539	0.01319	0.01539	0.01100	0.01759	0.00990	0.00880	0.01869	0.01539	0.02419	0.01319	0.01539	0.01100	0.00550	0.00550	0.00110	0.00550	0.00440	0.00440	0.78449
20	0.09335	0.00870	0.01034	0.00973	0.01186	0.00859	0.00736	0.01603	0.05473	0.02977	0.55616	0.07683	0.06014	0.01436	0.00828	0.00237	0.00390	0.01248	0.00771	0.00733
21	0.05639	0.05588	0.58954	0.02117	0.03138	0.01769	0.07993	0.02341	0.01565	0.02388	0.01322	0.01574	0.00949	0.00696	0.00700	0.00234	0.01074	0.00564	0.00327	0.01069
22	0.01703	0.01419	0.01654	0.03721	0.01951	0.01186	0.00992	0.10403	0.01794	0.02697	0.01380	0.01587	0.01117	0.00602	0.00582	0.00130	0.00601	0.00478	0.00476	0.65528
23	0.79154	0.01436	0.01091	0.00976	0.01436	0.01665	0.00804	0.02182	0.01263	0.03331	0.01034	0.01206	0.00804	0.00689	0.00459	0.00230	0.00574	0.00402	0.00459	0.00804
24	0.01721	0.01526	0.02373	0.51173	0.08345	0.01794	0.04907	0.14614	0.01901	0.02494	0.01423	0.01933	0.01060	0.00761	0.00748	0.00241	0.00961	0.00671	0.00415	0.00939
25	0.02694	0.01982	0.02136	0.01654	0.02209	0.02193	0.01355	0.61997	0.03317	0.04450	0.01812	0.01948	0.01342	0.04126	0.03043	0.00274	0.00849	0.00690	0.00720	0.01210
26	0.01446	0.01346	0.02197	0.57739	0.07499	0.01682	0.01951	0.01894	0.01458	0.01949	0.01335	0.01969	0.01039	0.00808	0.00925	0.00252	0.09109	0.00660	0.03912	0.00833
27	0.02567	0.03130	0.02036	0.04344	0.02334	0.56766	0.01413	0.03092	0.13230	0.02038	0.01471	0.01604	0.01179	0.00805	0.00687	0.00204	0.01199	0.00546	0.00444	0.00913
28	0.03260	0.01266	0.01716	0.01312	0.01890	0.01087	0.01083	0.03549	0.02102	0.67141	0.02865	0.02488	0.01809	0.00904	0.00739	0.00225	0.00628	0.00734	0.00900	0.04303
29	0.02695	0.01709	0.01929	0.01541	0.02081	0.01826	0.01253	0.31010	0.21175	0.22954	0.02459	0.02273	0.01709	0.00932	0.00747	0.00233	0.00699	0.00739	0.00797	0.01238
30	0.02845	0.02042	0.02205	0.01690	0.02283	0.02246	0.01396	0.63892	0.03427	0.07680	0.01835	0.01817	0.01289	0.00892	0.00743	0.00223	0.00808	0.00672	0.00751	0.01263
31	0.00908	0.00758	0.00794	0.00799	0.01039	0.00645	0.00608	0.01117	0.01725	0.02093	0.12152	0.07084	0.60681	0.01861	0.00885	0.00254	0.00390	0.04871	0.00699	0.00636
32	0.01330	0.00743	0.00859	0.04584	0.01169	0.00783	0.00670	0.01670	0.01491	0.02544	0.02290	0.02751	0.01846	0.01655	0.12460	0.00350	0.00658	0.00708	0.60745	0.00694
33	0.01551	0.01330	0.01545	0.01116	0.01766	0.01023	0.00891	0.01951	0.04154	0.02446	0.01386	0.01588	0.01146	0.00568	0.00558	0.00116	0.00551	0.00456	0.00452	0.75406
34	0.01525	0.00867	0.01152	0.01034	0.01290	0.00788	0.00804	0.01862	0.02088	0.16634	0.52313	0.05060	0.05817	0.01420	0.00856	0.00238	0.00424	0.04183	0.00832	0.00815
35	0.06067	0.67751	0.03658	0.01264	0.01881	0.02829	0.01242	0.02286	0.04000	0.01882	0.01107	0.01251	0.00994	0.00652	0.00486	0.00166	0.00774	0.00414	0.00342	0.00953
36	0.01080	0.00720	0.00810	0.00810	0.00810	0.00720	0.00450	0.01080	0.01080	0.01439	0.02339	0.04858	0.02699	0.73910	0.03779	0.00720	0.00720	0.01080	0.00450	0.00450
37	0.02655	0.01949	0.02092	0.01622	0.02159	0.02151	0.01319	0.60519	0.03260	0.04369	0.01836	0.02076	0.01400	0.07873	0.01033	0.00270	0.00808	0.00708	0.00715	0.01185
38	0.01079	0.00722	0.00822	0.00822	0.00826	0.00726	0.00465	0.01087	0.01083	0.01448	0.02328	0.04798	0.02673	0.71802	0.05852	0.00734	0.00759	0.01071	0.00448	0.00456
39	0.79154	0.01436	0.01091	0.00976	0.01436	0.01665	0.00804	0.02182	0.01263	0.03331	0.01034	0.01206	0.00804	0.00689	0.00459	0.00230	0.00574	0.00402	0.00459	0.00804
40	0.65055	0.01580	0.04396	0.03963	0.01738	0.01694	0.00993	0.06633	0.01463	0.05233	0.01165	0.01331	0.00879	0.00712	0.00510	0.00230	0.00633	0.00447	0.00480	0.00863
41	0.01977	0.64876	0.09642	0.01374	0.02039	0.05964	0.01408	0.02268	0.01541	0.01803	0.01064	0.01231	0.00952	0.00647	0.00505	0.00167	0.00846	0.00414	0.00320	0.00961
42	0.01624	0.01624	0.02274	0.01949	0.01949	0.02274	0.01624	0.01787	0.01137	0.01787	0.00975	0.01624	0.00975	0.01299	0.02436	0.00325	0.72552	0.00650	0.00325	0.00812
43	0.00913	0.00652	0.00872	0.01044	0.01091	0.00611	0.00705	0.01049	0.01430	0.01905	0.04087	0.71427	0.04890	0.02317	0.00950	0.00303	0.00438	0.04020	0.00689	0.00605
44	0.01289	0.00645	0.00967	0.00967	0.00967	0.00645	0.00645	0.00967	0.00967	0.01289	0.01289	0.02257	0.01289	0.02579	0.02901	0.78401	0.00645	0.00645	0.00322	0.00322
45	0.01985	0.74357	0.03890	0.01270	0.01905	0.02937	0.01270	0.02223	0.01508	0.01747	0.01032	0.01191	0.00953	0.00635	0.00476	0.00159	0.00794	0.00397	0.00318	0.00953
46	0.01441	0.01325	0.02210	0.56957	0.13446	0.01581	0.01967	0.01908	0.01513	0.02009	0.01486	0.04672	0.01205	0.00796	0.00738	0.00242	0.00924	0.00716	0.04006	0.00858
47	0.01080	0.00720	0.00810	0.00810	0.00810	0.00720	0.00450	0.01080	0.01080	0.01439	0.02339	0.04858	0.02699	0.73910	0.03779	0.00720	0.00720	0.01080	0.00450	0.00450
48	0.02657	0.01997	0.02135	0.01675	0.02239	0.02225	0.01371	0.56160	0.14403	0.04412	0.01992	0.01950	0.01432	0.00911	0.00745	0.00228	0.00778	0.00697	0.00745	0.01248
49	0.01051	0.00759	0.00992	0.00934	0.01109	0.00700	0.00700	0.01401	0.02101	0.02977	0.68888	0.05545	0.07005	0.01518	0.00876	0.00233	0.00350	0.01343	0.00817	0.00700
50	0.01080	0.00720	0.00810	0.00810	0.00810	0.00720	0.00450	0.01080	0.01080	0.01439	0.02339	0.04858	0.02699	0.73910	0.03779	0.00720	0.00720	0.01080	0.00450	0.00450
51	0.00958	0.00755	0.00864	0.00837	0.01052	0.00661	0.00627	0.01221	0.01882	0.02457	0.36043	0.06401	0.40174	0.01712	0.00877	0.00243	0.00364	0.01463	0.00749	0.00661
52	0.01047	0.00689	0.00923	0.01065	0.01142	0.00641	0.00734	0.01194	0.01472	0.05507	0.04022	0.66608	0.04717	0.02238	0.00941	0.00300	0.00453	0.04965	0.00701	0.00642
53	0.01079	0.00722	0.00824	0.00824	0.00828	0.00727	0.00467	0.01088	0.01084	0.01450	0.02326	0.04788	0.02668	0.71437	0.06210	0.00737	0.00766	0.01069	0.00448	0.00458
54	0.05337	0.02011	0.02070	0.01649	0.02195	0.04755	0.01342	0.49195	0.16604	0.04200	0.01987	0.01948	0.01441	0.00903	0.00732	0.00228	0.00781	0.00687	0.00722	0.01213
55	0.02047	0.68792	0.03750	0.01321	0.01936	0.08280	0.01283	0.02281	0.01555	0.01752	0.01041	0.01202	0.00953	0.00645	0.00492	0.00161	0.00837	0.00403	0.00323	0.00945
56	0.79154	0.01436	0.01091	0.00976	0.01436	0.01665	0.00804	0.02182	0.01263	0.03331	0.01034	0.01206	0.00804	0.00689	0.00459	0.00230	0.00574	0.00402	0.00459	0.00804
57	0.02829	0.01820	0.02041	0.01585	0.02145	0.01941	0.01301	0.49222	0.03075	0.18918	0.02163	0.05887	0.01590	0.00976	0.00755	0.00229	0.00755	0.00765	0.00779	0.01226
58	0.01047	0.00816	0.00931	0.00880	0.01112	0.00738	0.00666	0.04250	0.01964	0.02577	0.35582	0.06159	0.37251	0.01667	0.00870	0.00241	0.00384	0.01422	0.00751	0.00690
59	0.01061	0.00795	0.01193	0.01193	0.01326	0.00928	0.00928	0.01326	0.01193	0.01723	0.01988	0.02916	0.01856	0.05568	0.70968	0.01193	0.01988	0.00795	0.00398	0.00663
60	0.00899	0.00747	0.00786	0.00789	0.01019	0.00634	0.00587	0.01104	0.01726	0.02115	0.14640	0.10465	0.58211	0.01861	0.00881	0.00251	0.00376	0.01569	0.00705	0.00634
61	0.00902	0.00657	0.00851	0.01006	0.01069	0.00605	0.00677	0.01037	0.01448	0.01906	0.04431	0.66860	0.11257	0.02282	0.00941	0.00296	0.00425	0.02057	0.00689	0.00605
62	0.01384	0.00692	0.00692	0.00692	0.00865	0.00692	0.00519	0.01730	0.01557	0.02768	0.02422	0.02768	0.01903	0.00865	0.00519	0.00173	0.00346	0.00692	0.78031	0.00692
63	0.01539	0.01319	0.01539	0.01100	0.01759	0.00990	0.00880	0.01869	0.01539	0.02419	0.01319	0.01539	0.01100	0.00550	0.00550	0.00110	0.00550	0.00440	0.00440	0.78449
64	0.01014	0.00757	0.00941	0.00895	0.01087	0.00685	0.00672	0.01330	0.02015	0.02771	0.55902	0.05884	0.20119	0.01594	0.00876	0.00237	0.00356	0.01390	0.00790	0.00685
65	0.01044	0.00759	0.00983	0.00927	0.01105	0.00698	0.00695	0.01388	0.02086	0.02941	0.66590	0.05605	0.09325	0.01531	0.00876	0.00234	0.00351	0.01351	0.00812	0.00698
66	0.01539	0.01319	0.01539	0.01100	0.01759	0.00990	0.00880	0.01869	0.01539	0.02419	0.01319	0.01539	0.01100	0.00550	0.00550	0.00110	0.00550	0.00440	0.00440	0.78449
67	0.01080	0.00720	0.00810	0.00810	0.00810	0.00720	0.00450	0.01080	0.01080	0.01439	0.02339	0.04858	0.02699	0.73910	0.03779	0.00720	0.00720	0.01080	0.00450	0.00450
68	0.75588	0.01430	0.01143	0.04239	0.01604	0.01665	0.00862	0.02169	0.01274	0.03265	0.01047	0.01241	0.00812	0.00692	0.00472	0.00231	0.00593	0.00414	0.00453	0.00805
69	0.06890	0.02045	0.02167	0.01669	0.02256	0.02268	0.01379	0.63360	0.03372	0.04607	0.01742	0.01752	0.01238	0.00880	0.00728	0.00223	0.00804	0.00654	0.00728	0.01238
70	0.01144	0.00800	0.01012	0.00972	0.01154	0.00751	0.00718	0.01520	0.04984	0.05225	0.48540	0.14311	0.10111	0.04221	0.00980	0.00262	0.00397	0.01403	0.00780	0.00717
71	0.01096	0.00860	0.01220	0.01190	0.01311	0.01005	0.00919	0.01324	0.01226	0.01733	0.02441	0.03347	0.08109	0.10207	0.52936	0.00989	0.08130	0.00877	0.00422	0.00656
72	0.01831	0.01785	0.02856	0.07907	0.60035	0.04909	0.02184	0.02260	0.01699	0.02361	0.01483	0.02086	0.01281	0.00727	0.00744	0.00225	0.00901	0.03223	0.00379	0.01123
