[name]
unknown

[dist]
# distance from previous block
# <min> <max>
2	21

[block]
# block no. 0 follows, 27 sequences, length 26
# corresponding to MSA columns:
# 21-46
name=unknown_A
#
# <colnr> <probs for GDERKNQSTAVLIFYWHMCP>
#	G	D	E	R	K	N	Q	S	T	A	V	L	I	F	Y	W	H	M	C	P
0	0.02272	0.01759	0.01995	0.17684	0.02747	0.06754	0.01428	0.30747	0.05359	0.08911	0.01924	0.06260	0.01535	0.03623	0.00856	0.00247	0.00833	0.00760	0.00614	0.03693
1	0.01213	0.00821	0.00991	0.00972	0.01160	0.00762	0.00703	0.04567	0.01784	0.06959	0.21473	0.25120	0.20328	0.08309	0.01144	0.00300	0.00455	0.01521	0.00719	0.00698
2	0.06573	0.01313	0.01477	0.01243	0.01619	0.01358	0.00976	0.22528	0.05214	0.12607	0.16091	0.08819	0.09142	0.06458	0.01000	0.00272	0.00596	0.01028	0.00736	0.00952
3	0.02782	0.01822	0.02093	0.06978	0.02411	0.01968	0.01380	0.45293	0.05859	0.18636	0.02052	0.02003	0.01411	0.00891	0.00744	0.00227	0.00780	0.00692	0.00750	0.01226
4	0.02335	0.01651	0.01823	0.01446	0.01949	0.01736	0.01170	0.40394	0.05218	0.08705	0.05830	0.07017	0.05423	0.01042	0.00745	0.00219	0.00681	0.00835	0.03361	0.08419
5	0.02045	0.01425	0.01517	0.01282	0.01673	0.05922	0.01004	0.15626	0.09671	0.15539	0.07096	0.03472	0.13429	0.07533	0.06365	0.00342	0.00760	0.00918	0.00688	0.03693
6	0.11474	0.01171	0.01314	0.06261	0.01744	0.01261	0.00974	0.02412	0.22792	0.08031	0.08245	0.16956	0.11724	0.01349	0.00778	0.00255	0.00542	0.01143	0.00683	0.00891
7	0.01351	0.01044	0.01208	0.04578	0.01510	0.01061	0.00864	0.12493	0.06524	0.02661	0.16947	0.16602	0.22105	0.06392	0.01044	0.00282	0.00523	0.01337	0.00694	0.00780
8	0.01499	0.01372	0.02227	0.67294	0.04920	0.01694	0.02017	0.06350	0.01622	0.02088	0.01351	0.01966	0.01008	0.00752	0.00742	0.00246	0.00978	0.00660	0.00358	0.00855
9	0.01401	0.01272	0.02110	0.66685	0.04789	0.01576	0.01944	0.01884	0.01490	0.01963	0.01403	0.02039	0.01059	0.00752	0.00725	0.00242	0.00941	0.00662	0.06248	0.00815
10	0.05438	0.01448	0.02211	0.53714	0.09371	0.01734	0.01917	0.08779	0.04009	0.02340	0.01419	0.01937	0.01067	0.00758	0.00728	0.00242	0.00929	0.00654	0.00397	0.00908
11	0.00931	0.00670	0.00841	0.00966	0.01024	0.00625	0.00635	0.01045	0.01392	0.01830	0.04158	0.54802	0.11318	0.14397	0.01419	0.00367	0.00474	0.01878	0.00649	0.00580
12	0.01539	0.01319	0.01539	0.01100	0.01759	0.00990	0.00880	0.01869	0.01539	0.02419	0.01319	0.01539	0.01100	0.00550	0.00550	0.00110	0.00550	0.00440	0.00440	0.78449
13	0.00918	0.00704	0.00805	0.00875	0.01004	0.00631	0.00598	0.01055	0.01491	0.01877	0.05359	0.33722	0.33121	0.12754	0.01337	0.00341	0.00449	0.01715	0.00654	0.00591
14	0.01040	0.00751	0.00983	0.00941	0.01107	0.00693	0.00700	0.01375	0.02053	0.02899	0.64235	0.10419	0.06854	0.01576	0.00881	0.00238	0.00356	0.01398	0.00808	0.00693
15	0.79154	0.01436	0.01091	0.00976	0.01436	0.01665	0.00804	0.02182	0.01263	0.03331	0.01034	0.01206	0.00804	0.00689	0.00459	0.00230	0.00574	0.00402	0.00459	0.00804
16	0.03078	0.01250	0.01670	0.01307	0.01843	0.01113	0.01070	0.03487	0.06401	0.60874	0.07460	0.02750	0.02220	0.00966	0.00756	0.00231	0.00610	0.00793	0.00901	0.01219
17	0.01064	0.00722	0.00805	0.00805	0.00824	0.00713	0.00459	0.01078	0.01126	0.01483	0.02734	0.05032	0.07747	0.68424	0.03558	0.00684	0.00694	0.01117	0.00468	0.00463
18	0.01384	0.00692	0.00692	0.00692	0.00865	0.00692	0.00519	0.01730	0.01557	0.02768	0.02422	0.02768	0.01903	0.00865	0.00519	0.00173	0.00346	0.00692	0.78031	0.00692
19	0.01076	0.00775	0.01028	0.01009	0.01183	0.00727	0.00786	0.01425	0.02034	0.02846	0.57657	0.06034	0.06532	0.01610	0.00901	0.00252	0.00408	0.12224	0.00794	0.00698
20	0.00904	0.00646	0.00861	0.01034	0.01077	0.00603	0.00689	0.01034	0.01421	0.01895	0.04092	0.73426	0.04910	0.02326	0.00948	0.00301	0.00431	0.02110	0.00689	0.00603
21	0.08034	0.01900	0.01995	0.01601	0.02138	0.02131	0.01303	0.44880	0.21051	0.04149	0.02069	0.02012	0.01506	0.00909	0.00726	0.00231	0.00736	0.00696	0.00726	0.01206
22	0.01136	0.00837	0.00979	0.01023	0.01112	0.00861	0.00674	0.01545	0.12542	0.01914	0.03194	0.33423	0.03558	0.31378	0.02073	0.00464	0.00575	0.01474	0.00602	0.00637
23	0.65908	0.01302	0.01052	0.00986	0.01375	0.01486	0.00785	0.01988	0.01290	0.03088	0.01551	0.13431	0.01499	0.00966	0.00542	0.00242	0.00550	0.00691	0.00498	0.00770
24	0.01269	0.00925	0.01061	0.01044	0.01204	0.00924	0.00730	0.12184	0.01729	0.02269	0.03822	0.32900	0.14325	0.20213	0.01621	0.00386	0.00561	0.01514	0.00637	0.00680
25	0.02333	0.01763	0.01891	0.01480	0.02016	0.01874	0.01207	0.47120	0.05268	0.03950	0.02752	0.02701	0.12745	0.01029	0.00747	0.00218	0.00708	0.00804	0.00705	0.08687

[dist]
# distance from previous block
# <min> <max>
4	11

[block]
# block no. 1 follows, 27 sequences, length 7
# corresponding to MSA columns:
# 58-64
name=unknown_B
#
# <colnr> <probs for GDERKNQSTAVLIFYWHMCP>
#	G	D	E	R	K	N	Q	S	T	A	V	L	I	F	Y	W	H	M	C	P
0	0.01406	0.01113	0.01284	0.01188	0.01469	0.01125	0.00873	0.06071	0.18421	0.02403	0.02856	0.25986	0.02901	0.10902	0.04729	0.00349	0.00632	0.01205	0.00620	0.14466
1	0.02030	0.01875	0.02542	0.07169	0.35565	0.06360	0.01866	0.13825	0.10456	0.02789	0.01619	0.01906	0.01290	0.00808	0.00869	0.00233	0.06525	0.00673	0.00479	0.01122
2	0.01845	0.01499	0.01630	0.01432	0.01838	0.01646	0.01111	0.15447	0.38330	0.03141	0.02831	0.14906	0.02441	0.01179	0.00770	0.00243	0.00601	0.00997	0.00716	0.07396
3	0.47235	0.01271	0.01122	0.01029	0.01393	0.01422	0.00813	0.08867	0.01568	0.03151	0.01830	0.14171	0.01716	0.01021	0.00583	0.00234	0.00546	0.00768	0.10458	0.00804
4	0.02067	0.01253	0.01383	0.01151	0.01484	0.01309	0.00887	0.24455	0.02198	0.11721	0.02246	0.02849	0.01845	0.16765	0.01335	0.00316	0.00628	0.00775	0.24421	0.00911
5	0.02485	0.01297	0.01843	0.13959	0.07364	0.01205	0.01297	0.02830	0.01883	0.38835	0.05242	0.02354	0.01752	0.00835	0.00718	0.00213	0.00687	0.00702	0.00692	0.13808
6	0.01739	0.01629	0.02641	0.06111	0.02626	0.01802	0.21062	0.13287	0.01818	0.02521	0.01820	0.13579	0.01723	0.01133	0.01257	0.00268	0.19817	0.00954	0.00478	0.03732

[dist]
# distance from previous block
# <min> <max>
5	25

[block]
# block no. 2 follows, 27 sequences, length 7
# corresponding to MSA columns:
# 93-99
name=unknown_C
#
# <colnr> <probs for GDERKNQSTAVLIFYWHMCP>
#	G	D	E	R	K	N	Q	S	T	A	V	L	I	F	Y	W	H	M	C	P
0	0.01814	0.01739	0.04340	0.03947	0.02106	0.10221	0.04202	0.14471	0.01909	0.02494	0.02036	0.03415	0.01933	0.01852	0.10827	0.00403	0.15238	0.15669	0.00510	0.00873
1	0.02121	0.02168	0.17963	0.05958	0.02472	0.01799	0.01624	0.23306	0.16929	0.09308	0.02129	0.04685	0.01625	0.03500	0.00852	0.00255	0.00809	0.00750	0.00623	0.01125
2	0.19644	0.01061	0.01046	0.00965	0.01299	0.01077	0.00753	0.01919	0.10803	0.06675	0.12226	0.04675	0.32437	0.01379	0.00754	0.00243	0.00464	0.01116	0.00673	0.00791
3	0.01619	0.01484	0.02212	0.26459	0.22089	0.01553	0.01722	0.02281	0.10723	0.02337	0.01576	0.01944	0.01245	0.00710	0.00697	0.00208	0.00800	0.00633	0.00425	0.19283
4	0.01327	0.01125	0.01947	0.01783	0.02090	0.01096	0.16620	0.01736	0.01719	0.02259	0.03358	0.06871	0.03530	0.01715	0.00990	0.00320	0.00818	0.49326	0.00611	0.00759
5	0.20063	0.02917	0.44367	0.01737	0.02612	0.01623	0.02058	0.02486	0.01573	0.11886	0.01482	0.01614	0.01032	0.00731	0.00653	0.00233	0.00910	0.00541	0.00431	0.01051
6	0.23388	0.01826	0.09281	0.01427	0.02027	0.01668	0.01285	0.19819	0.04951	0.24341	0.01941	0.01877	0.01325	0.00829	0.00664	0.00229	0.00715	0.00615	0.00674	0.01117

[dist]
# distance from previous block
# <min> <max>
1	4

[block]
# block no. 3 follows, 27 sequences, length 18
# corresponding to MSA columns:
# 104-121
name=unknown_D
#
# <colnr> <probs for GDERKNQSTAVLIFYWHMCP>
#	G	D	E	R	K	N	Q	S	T	A	V	L	I	F	Y	W	H	M	C	P
0	0.10069	0.02205	0.02143	0.04320	0.04730	0.16206	0.03714	0.33930	0.05288	0.07784	0.01662	0.01739	0.01214	0.00829	0.00705	0.00220	0.00904	0.00622	0.00612	0.01104
1	0.07181	0.02195	0.02129	0.02392	0.19891	0.22850	0.01516	0.03062	0.20344	0.08265	0.01883	0.01965	0.01447	0.00814	0.00704	0.00222	0.00898	0.00646	0.00534	0.01063
2	0.01722	0.01402	0.01488	0.01343	0.01735	0.01553	0.01043	0.03328	0.50694	0.06361	0.03954	0.03669	0.16147	0.01184	0.00780	0.00250	0.00546	0.00986	0.00750	0.01065
3	0.01051	0.00759	0.00992	0.00934	0.01109	0.00700	0.00700	0.01401	0.02101	0.02977	0.68888	0.05545	0.07005	0.01518	0.00876	0.00233	0.00350	0.01343	0.00817	0.00700
4	0.01539	0.01319	0.01539	0.01100	0.01759	0.00990	0.00880	0.01869	0.01539	0.02419	0.01319	0.01539	0.01100	0.00550	0.00550	0.00110	0.00550	0.00440	0.00440	0.78449
5	0.02822	0.02079	0.02228	0.01708	0.02302	0.02302	0.01411	0.66804	0.03490	0.04679	0.01782	0.01782	0.01262	0.00891	0.00743	0.00223	0.00817	0.00668	0.00743	0.01262
6	0.00896	0.00753	0.00778	0.00772	0.01014	0.00635	0.00579	0.01101	0.01736	0.02109	0.14087	0.06973	0.62347	0.01841	0.00877	0.00249	0.00373	0.01543	0.00703	0.00635
7	0.01051	0.00759	0.00992	0.00934	0.01109	0.00700	0.00700	0.01401	0.02101	0.02977	0.68888	0.05545	0.07005	0.01518	0.00876	0.00233	0.00350	0.01343	0.00817	0.00700
8	0.01051	0.00759	0.00992	0.00934	0.01109	0.00700	0.00700	0.01401	0.02101	0.02977	0.68888	0.05545	0.07005	0.01518	0.00876	0.00233	0.00350	0.01343	0.00817	0.00700
9	0.01061	0.00795	0.01193	0.01193	0.01326	0.00928	0.00928	0.01326	0.01193	0.01723	0.01988	0.02916	0.01856	0.05568	0.70968	0.01193	0.01988	0.00795	0.00398	0.00663
10	0.01051	0.00759	0.00992	0.00934	0.01109	0.00700	0.00700	0.01401	0.02101	0.02977	0.68888	0.05545	0.07005	0.01518	0.00876	0.00233	0.00350	0.01343	0.00817	0.00700
11	0.01846	0.01595	0.01679	0.01511	0.01930	0.01846	0.01175	0.03945	0.67938	0.03105	0.03022	0.02770	0.02266	0.01007	0.00755	0.00252	0.00588	0.00839	0.00755	0.01175
12	0.01051	0.00759	0.00992	0.00934	0.01109	0.00700	0.00700	0.01401	0.02101	0.02977	0.68888	0.05545	0.07005	0.01518	0.00876	0.00233	0.00350	0.01343	0.00817	0.00700
13	0.01539	0.01319	0.01539	0.01100	0.01759	0.00990	0.00880	0.01869	0.01539	0.02419	0.01319	0.01539	0.01100	0.00550	0.00550	0.00110	0.00550	0.00440	0.00440	0.78449
14	0.02776	0.03452	0.02111	0.01900	0.02295	0.66879	0.01433	0.06733	0.02186	0.01986	0.01185	0.01365	0.00974	0.00772	0.00674	0.00193	0.01308	0.00489	0.00404	0.00884
15	0.01671	0.01594	0.02713	0.30375	0.44762	0.01720	0.02196	0.02133	0.01612	0.02223	0.01367	0.01892	0.01105	0.00692	0.00738	0.00231	0.00923	0.00661	0.00353	0.01042
16	0.01596	0.19012	0.55826	0.01934	0.02932	0.01985	0.02426	0.02323	0.01555	0.02221	0.01268	0.01486	0.00943	0.00690	0.00656	0.00219	0.01032	0.00516	0.00314	0.01066
17	0.02797	0.01131	0.01537	0.01252	0.01714	0.00987	0.01002	0.03060	0.02000	0.54721	0.06232	0.15129	0.02620	0.01194	0.00788	0.00243	0.00583	0.01014	0.00874	0.01121

[dist]
# distance from previous block
# <min> <max>
0	22

[block]
# block no. 4 follows, 27 sequences, length 66
# corresponding to MSA columns:
# 144-209
name=unknown_E
#
# <colnr> <probs for GDERKNQSTAVLIFYWHMCP>
#	G	D	E	R	K	N	Q	S	T	A	V	L	I	F	Y	W	H	M	C	P
0	0.79154	0.01436	0.01091	0.00976	0.01436	0.01665	0.00804	0.02182	0.01263	0.03331	0.01034	0.01206	0.00804	0.00689	0.00459	0.00230	0.00574	0.00402	0.00459	0.00804
1	0.01766	0.01690	0.02865	0.10010	0.61469	0.01713	0.02198	0.02202	0.01673	0.02366	0.01614	0.02043	0.03643	0.00713	0.00741	0.00224	0.00872	0.00694	0.00376	0.01127
2	0.01837	0.01764	0.03013	0.04557	0.69279	0.01764	0.02278	0.02278	0.01690	0.02425	0.01396	0.01837	0.01176	0.00661	0.00735	0.00220	0.00882	0.00661	0.00367	0.01176
3	0.00904	0.00646	0.00861	0.01034	0.01077	0.00603	0.00689	0.01034	0.01421	0.01895	0.04092	0.73426	0.04910	0.02326	0.00948	0.00301	0.00431	0.02110	0.00689	0.00603
4	0.03290	0.01329	0.01764	0.01352	0.01928	0.01189	0.01117	0.08718	0.02235	0.64538	0.02836	0.02467	0.01791	0.00917	0.00746	0.00229	0.00647	0.00740	0.00905	0.01263
5	0.15300	0.03215	0.41609	0.01916	0.02728	0.13255	0.04634	0.02404	0.01595	0.02414	0.01243	0.01485	0.00928	0.00731	0.00727	0.00231	0.03712	0.00528	0.00353	0.00992
6	0.02822	0.02079	0.02228	0.01708	0.02302	0.02302	0.01411	0.66804	0.03490	0.04679	0.01782	0.01782	0.01262	0.00891	0.00743	0.00223	0.00817	0.00668	0.00743	0.01262
7	0.00881	0.00737	0.00767	0.00791	0.01013	0.00623	0.00581	0.01061	0.01655	0.01990	0.07045	0.16341	0.60089	0.01942	0.00887	0.00258	0.00384	0.01642	0.00689	0.00623
8	0.01035	0.00758	0.00971	0.00918	0.01100	0.00694	0.00688	0.01371	0.02065	0.02890	0.63420	0.05688	0.12527	0.01550	0.00876	0.00235	0.00353	0.01363	0.00806	0.00694
9	0.01801	0.01749	0.03038	0.12321	0.44309	0.01791	0.12856	0.04377	0.05789	0.02465	0.01516	0.01938	0.01214	0.00694	0.00761	0.00231	0.00937	0.00708	0.00400	0.01106
10	0.01568	0.03729	0.67123	0.02082	0.03156	0.01697	0.02672	0.02406	0.01591	0.05253	0.01401	0.01609	0.00979	0.00714	0.00707	0.00235	0.01077	0.00557	0.00340	0.01104
11	0.01785	0.01710	0.02918	0.12727	0.61520	0.01750	0.02252	0.02232	0.01665	0.02361	0.01387	0.01855	0.01153	0.00671	0.00736	0.00224	0.00895	0.00661	0.00363	0.01133
12	0.00904	0.00646	0.00861	0.01034	0.01077	0.00603	0.00689	0.01034	0.01421	0.01895	0.04092	0.73426	0.04910	0.02326	0.00948	0.00301	0.00431	0.02110	0.00689	0.00603
13	0.03331	0.01263	0.01723	0.01321	0.01895	0.01091	0.01091	0.03618	0.02125	0.69794	0.02929	0.02527	0.01838	0.00919	0.00747	0.00230	0.00632	0.00747	0.00919	0.01263
14	0.03331	0.01263	0.01723	0.01321	0.01895	0.01091	0.01091	0.03618	0.02125	0.69794	0.02929	0.02527	0.01838	0.00919	0.00747	0.00230	0.00632	0.00747	0.00919	0.01263
15	0.01384	0.00692	0.00692	0.00692	0.00865	0.00692	0.00519	0.01730	0.01557	0.02768	0.02422	0.02768	0.01903	0.00865	0.00519	0.00173	0.00346	0.00692	0.78031	0.00692
16	0.01051	0.00759	0.00992	0.00934	0.01109	0.00700	0.00700	0.01401	0.02101	0.02977	0.68888	0.05545	0.07005	0.01518	0.00876	0.00233	0.00350	0.01343	0.00817	0.00700
17	0.02773	0.03538	0.02104	0.01913	0.02295	0.70930	0.01434	0.02964	0.02104	0.01817	0.01148	0.01339	0.00956	0.00765	0.00669	0.00191	0.01339	0.00478	0.00383	0.00861
18	0.01158	0.01055	0.01540	0.38884	0.03199	0.01173	0.01364	0.01510	0.01581	0.01947	0.04208	0.04385	0.32655	0.01272	0.00805	0.00249	0.00704	0.01082	0.00497	0.00732
19	0.01051	0.00759	0.00992	0.00934	0.01109	0.00700	0.00700	0.01401	0.02101	0.02977	0.68888	0.05545	0.07005	0.01518	0.00876	0.00233	0.00350	0.01343	0.00817	0.00700
20	0.01539	0.01319	0.01539	0.01100	0.01759	0.00990	0.00880	0.01869	0.01539	0.02419	0.01319	0.01539	0.01100	0.00550	0.00550	0.00110	0.00550	0.00440	0.00440	0.78449
21	0.79154	0.01436	0.01091	0.00976	0.01436	0.01665	0.00804	0.02182	0.01263	0.03331	0.01034	0.01206	0.00804	0.00689	0.00459	0.00230	0.00574	0.00402	0.00459	0.00804
22	0.00926	0.00745	0.00825	0.00824	0.01037	0.00644	0.00611	0.01152	0.01778	0.02254	0.23540	0.12206	0.47210	0.01821	0.00883	0.00250	0.00374	0.01552	0.00723	0.00644
23	0.01502	0.03750	0.66835	0.02166	0.03246	0.01732	0.05881	0.02352	0.01576	0.02352	0.01341	0.01589	0.00950	0.00701	0.00714	0.00236	0.01105	0.00565	0.00317	0.01092
24	0.02822	0.02079	0.02228	0.01708	0.02302	0.02302	0.01411	0.66804	0.03490	0.04679	0.01782	0.01782	0.01262	0.00891	0.00743	0.00223	0.00817	0.00668	0.00743	0.01262
25	0.01035	0.00758	0.00970	0.00917	0.01099	0.00694	0.00688	0.01370	0.02064	0.02888	0.63290	0.05691	0.12657	0.01551	0.00876	0.00235	0.00353	0.01363	0.00806	0.00694
26	0.01061	0.00795	0.01193	0.01193	0.01326	0.00928	0.00928	0.01326	0.01193	0.01723	0.01988	0.02916	0.01856	0.05568	0.70968	0.01193	0.01988	0.00795	0.00398	0.00663
27	0.01514	0.02879	0.40883	0.02265	0.03082	0.01704	0.19090	0.02188	0.01566	0.02269	0.01606	0.08429	0.01364	0.00886	0.00915	0.00253	0.06952	0.00789	0.00366	0.01002
28	0.01289	0.00645	0.00967	0.00967	0.00967	0.00645	0.00645	0.00967	0.00967	0.01289	0.01289	0.02257	0.01289	0.02579	0.02901	0.78401	0.00645	0.00645	0.00322	0.00322
29	0.01689	0.02872	0.34741	0.02922	0.17997	0.04570	0.19808	0.02367	0.01666	0.02353	0.01385	0.01735	0.01043	0.00677	0.00756	0.00234	0.01101	0.00659	0.00345	0.01079
30	0.79154	0.01436	0.01091	0.00976	0.01436	0.01665	0.00804	0.02182	0.01263	0.03331	0.01034	0.01206	0.00804	0.00689	0.00459	0.00230	0.00574	0.00402	0.00459	0.00804
31	0.01656	0.02833	0.37233	0.03243	0.32411	0.01749	0.05679	0.02320	0.01631	0.02385	0.01369	0.01708	0.01054	0.00682	0.00727	0.00229	0.01010	0.00615	0.00340	0.01127
32	0.00938	0.00754	0.00837	0.00816	0.01040	0.00653	0.00612	0.01184	0.01836	0.02348	0.29149	0.06581	0.47136	0.01752	0.00877	0.00245	0.00367	0.01488	0.00734	0.00653
33	0.01823	0.02225	0.07599	0.02976	0.03714	0.07585	0.57879	0.02425	0.01772	0.02330	0.01464	0.01925	0.01103	0.00641	0.00850	0.00245	0.01251	0.00826	0.00373	0.00995
34	0.02090	0.01715	0.01815	0.01560	0.02023	0.01960	0.01234	0.19607	0.51881	0.03497	0.02713	0.02524	0.02016	0.00978	0.00752	0.00245	0.00645	0.00797	0.00752	0.01197
35	0.01985	0.74357	0.03890	0.01270	0.01905	0.02937	0.01270	0.02223	0.01508	0.01747	0.01032	0.01191	0.00953	0.00635	0.00476	0.00159	0.00794	0.00397	0.00318	0.00953
36	0.02638	0.01971	0.02092	0.01601	0.02198	0.04303	0.01313	0.51634	0.03075	0.07026	0.01737	0.01761	0.01251	0.00834	0.00710	0.00204	0.00784	0.00629	0.00690	0.13548
37	0.01489	0.03840	0.70064	0.02116	0.03213	0.01724	0.02743	0.02351	0.01567	0.02351	0.01332	0.01567	0.00940	0.00705	0.00705	0.00235	0.01097	0.00549	0.00313	0.01097
38	0.01489	0.03840	0.70064	0.02116	0.03213	0.01724	0.02743	0.02351	0.01567	0.02351	0.01332	0.01567	0.00940	0.00705	0.00705	0.00235	0.01097	0.00549	0.00313	0.01097
39	0.00918	0.00656	0.00877	0.01049	0.01098	0.00615	0.00712	0.01057	0.01435	0.01910	0.04084	0.70430	0.04881	0.02313	0.00951	0.00303	0.00442	0.04974	0.00689	0.00607
40	0.00904	0.00646	0.00861	0.01034	0.01077	0.00603	0.00689	0.01034	0.01421	0.01895	0.04092	0.73426	0.04910	0.02326	0.00948	0.00301	0.00431	0.02110	0.00689	0.00603
41	0.00877	0.00752	0.00752	0.00752	0.01003	0.00627	0.00564	0.01065	0.01692	0.02005	0.07520	0.07144	0.68978	0.01880	0.00877	0.00251	0.00376	0.01567	0.00689	0.00627
42	0.00877	0.00752	0.00752	0.00752	0.01003	0.00627	0.00564	0.01065	0.01692	0.02005	0.07520	0.07144	0.68978	0.01880	0.00877	0.00251	0.00376	0.01567	0.00689	0.00627
43	0.01837	0.01764	0.03013	0.04557	0.69279	0.01764	0.02278	0.02278	0.01690	0.02425	0.01396	0.01837	0.01176	0.00661	0.00735	0.00220	0.00882	0.00661	0.00367	0.01176
44	0.01846	0.01595	0.01679	0.01511	0.01930	0.01846	0.01175	0.03945	0.67938	0.03105	0.03022	0.02770	0.02266	0.01007	0.00755	0.00252	0.00588	0.00839	0.00755	0.01175
45	0.01402	0.01319	0.02227	0.72126	0.05113	0.01649	0.02062	0.01897	0.01484	0.01897	0.01319	0.01979	0.00990	0.00742	0.00742	0.00247	0.00990	0.00660	0.00330	0.00825
46	0.01675	0.05429	0.25992	0.02723	0.03583	0.01868	0.43013	0.02363	0.01682	0.02344	0.01428	0.01828	0.01058	0.00652	0.00804	0.00242	0.01183	0.00750	0.00353	0.01031
47	0.02822	0.02079	0.02228	0.01708	0.02302	0.02302	0.01411	0.66804	0.03490	0.04679	0.01782	0.01782	0.01262	0.00891	0.00743	0.00223	0.00817	0.00668	0.00743	0.01262
48	0.00904	0.00646	0.00861	0.01034	0.01077	0.00603	0.00689	0.01034	0.01421	0.01895	0.04092	0.73426	0.04910	0.02326	0.00948	0.00301	0.00431	0.02110	0.00689	0.00603
49	0.00920	0.00653	0.00857	0.01014	0.01053	0.00613	0.00668	0.01038	0.01391	0.01854	0.03935	0.67286	0.04712	0.08736	0.01201	0.00339	0.00457	0.02018	0.00668	0.00589
50	0.07307	0.12091	0.57039	0.01930	0.02925	0.01865	0.02423	0.02323	0.01538	0.02351	0.01274	0.01496	0.00932	0.00696	0.00660	0.00226	0.01022	0.00520	0.00325	0.01058
51	0.03046	0.01391	0.01772	0.01362	0.01939	0.01276	0.01119	0.11880	0.05088	0.52519	0.02643	0.02354	0.01717	0.00887	0.00730	0.00220	0.00647	0.00714	0.00847	0.07848
52	0.00904	0.00646	0.00861	0.01034	0.01077	0.00603	0.00689	0.01034	0.01421	0.01895	0.04092	0.73426	0.04910	0.02326	0.00948	0.00301	0.00431	0.02110	0.00689	0.00603
53	0.01846	0.01603	0.01744	0.01661	0.05244	0.01842	0.01229	0.03863	0.64679	0.03072	0.02942	0.02724	0.02213	0.00990	0.00754	0.00250	0.00602	0.00831	0.00736	0.01175
54	0.01641	0.12481	0.53569	0.02067	0.03057	0.01867	0.07994	0.02383	0.01596	0.04738	0.01367	0.01592	0.00991	0.00697	0.00693	0.00227	0.01055	0.00565	0.00341	0.01077
55	0.01624	0.01624	0.02274	0.01949	0.01949	0.02274	0.01624	0.01787	0.01137	0.01787	0.00975	0.01624	0.00975	0.01299	0.02436	0.00325	0.72552	0.00650	0.00325	0.00812
56	0.01051	0.00759	0.00992	0.00934	0.01109	0.00700	0.00700	0.01401	0.02101	0.02977	0.68888	0.05545	0.07005	0.01518	0.00876	0.00233	0.00350	0.01343	0.00817	0.00700
57	0.01964	0.02004	0.02890	0.04200	0.60232	0.11106	0.02164	0.02371	0.01746	0.02343	0.01363	0.01770	0.01146	0.00675	0.00726	0.00217	0.00944	0.00637	0.00370	0.01133
58	0.03215	0.01430	0.05110	0.01379	0.01980	0.01182	0.01188	0.06661	0.02164	0.63275	0.02794	0.02443	0.01765	0.00907	0.00744	0.00230	0.00664	0.00733	0.00880	0.01255
59	0.02773	0.03538	0.02104	0.01913	0.02295	0.70930	0.01434	0.02964	0.02104	0.01817	0.01148	0.01339	0.00956	0.00765	0.00669	0.00191	0.01339	0.00478	0.00383	0.00861
60	0.01624	0.01624	0.02274	0.01949	0.01949	0.02274	0.01624	0.01787	0.01137	0.01787	0.00975	0.01624	0.00975	0.01299	0.02436	0.00325	0.72552	0.00650	0.00325	0.00812
61	0.01498	0.03384	0.57678	0.01932	0.02950	0.01591	0.02406	0.02264	0.01562	0.02363	0.01330	0.01562	0.00969	0.00677	0.00677	0.00212	0.00998	0.00529	0.00336	0.15079
62	0.01061	0.00795	0.01193	0.01193	0.01326	0.00928	0.00928	0.01326	0.01193	0.01723	0.01988	0.02916	0.01856	0.05568	0.70968	0.01193	0.01988	0.00795	0.00398	0.00663
63	0.01889	0.60720	0.16688	0.01434	0.02158	0.02703	0.01555	0.02248	0.01520	0.01863	0.01090	0.01264	0.00950	0.00649	0.00521	0.00174	0.00853	0.00426	0.00317	0.00981
64	0.01276	0.00830	0.01083	0.00976	0.01210	0.00749	0.00744	0.01619	0.02077	0.08862	0.59823	0.05087	0.06265	0.01418	0.00849	0.00227	0.00385	0.01247	0.00808	0.04465
65	0.01509	0.01287	0.01507	0.01096	0.01727	0.00971	0.00871	0.01829	0.01534	0.02394	0.01452	0.04974	0.01282	0.00635	0.00569	0.00119	0.00544	0.00520	0.00452	0.74729

[dist]
# distance from previous block
# <min> <max>
0	1

[block]
# block no. 5 follows, 27 sequences, length 10
# corresponding to MSA columns:
# 211-220
name=unknown_F
#
# <colnr> <probs for GDERKNQSTAVLIFYWHMCP>
#	G	D	E	R	K	N	Q	S	T	A	V	L	I	F	Y	W	H	M	C	P
0	0.01059	0.00748	0.00943	0.00900	0.01027	0.00706	0.00632	0.01313	0.01823	0.02558	0.50743	0.05358	0.05831	0.21256	0.01667	0.00366	0.00451	0.01271	0.00717	0.00632
1	0.01139	0.01028	0.01369	0.01789	0.19619	0.00937	0.01031	0.01396	0.01692	0.02120	0.05851	0.05697	0.50492	0.01548	0.00839	0.00242	0.00514	0.01320	0.00602	0.00776
2	0.09026	0.01603	0.01875	0.01449	0.02022	0.01620	0.01197	0.28750	0.02603	0.38609	0.02323	0.02127	0.01527	0.00890	0.00723	0.00227	0.00701	0.00689	0.00813	0.01227
3	0.01031	0.00737	0.01007	0.01179	0.01277	0.00712	0.00910	0.01253	0.01546	0.02037	0.04022	0.45154	0.04633	0.02206	0.00981	0.00319	0.00541	0.29131	0.00687	0.00638
4	0.01526	0.02007	0.20223	0.01377	0.02156	0.01190	0.01388	0.02001	0.01547	0.02400	0.01323	0.01547	0.01056	0.00592	0.00592	0.00144	0.00699	0.00469	0.00405	0.57358
5	0.00877	0.00752	0.00752	0.00752	0.01003	0.00627	0.00564	0.01065	0.01692	0.02005	0.07520	0.07144	0.68978	0.01880	0.00877	0.00251	0.00376	0.01567	0.00689	0.00627
6	0.02061	0.02224	0.01939	0.01696	0.02088	0.27662	0.06285	0.03047	0.27487	0.02543	0.12731	0.02615	0.02442	0.00968	0.00752	0.00226	0.00884	0.00787	0.00595	0.00967
7	0.52317	0.01995	0.01417	0.01259	0.01706	0.20505	0.00999	0.02509	0.01561	0.08188	0.01215	0.01347	0.00927	0.00728	0.00539	0.00219	0.00787	0.00450	0.00475	0.00856
8	0.54155	0.01516	0.01648	0.01970	0.19957	0.01663	0.01221	0.02283	0.01424	0.06519	0.01231	0.01446	0.00959	0.00693	0.00549	0.00227	0.00661	0.00491	0.00458	0.00929
9	0.02542	0.02333	0.02413	0.02532	0.20562	0.18133	0.01653	0.34348	0.02677	0.03398	0.01529	0.01694	0.01168	0.00799	0.00723	0.00215	0.00956	0.00622	0.00557	0.01145

[dist]
# distance from previous block
# <min> <max>
0	17

[block]
# block no. 6 follows, 27 sequences, length 13
# corresponding to MSA columns:
# 238-250
name=unknown_G
#
# <colnr> <probs for GDERKNQSTAVLIFYWHMCP>
#	G	D	E	R	K	N	Q	S	T	A	V	L	I	F	Y	W	H	M	C	P
0	0.01292	0.11374	0.01548	0.01150	0.01420	0.01101	0.02941	0.03951	0.01595	0.03884	0.05177	0.41592	0.08790	0.01696	0.00816	0.00249	0.00535	0.01497	0.00612	0.08782
1	0.02025	0.01972	0.06018	0.02583	0.16850	0.03843	0.18257	0.19013	0.02151	0.02976	0.01498	0.01780	0.01153	0.00695	0.00734	0.00207	0.00919	0.00664	0.00479	0.16183
2	0.01058	0.00786	0.01141	0.01126	0.01269	0.00869	0.00869	0.01345	0.01429	0.02049	0.19370	0.03599	0.03194	0.04515	0.52757	0.00944	0.01563	0.00938	0.00507	0.00673
3	0.01534	0.00811	0.01080	0.01096	0.01286	0.00731	0.00788	0.01707	0.01616	0.19541	0.03945	0.52000	0.07016	0.01940	0.00892	0.00281	0.00480	0.01731	0.00749	0.00776
4	0.01592	0.03216	0.49605	0.02797	0.20409	0.01741	0.05575	0.02333	0.01608	0.02372	0.01357	0.01658	0.01010	0.00690	0.00721	0.00232	0.01048	0.00593	0.00330	0.01113
5	0.01289	0.00645	0.00967	0.00967	0.00967	0.00645	0.00645	0.00967	0.00967	0.01289	0.01289	0.02257	0.01289	0.02579	0.02901	0.78401	0.00645	0.00645	0.00322	0.00322
6	0.00906	0.00676	0.00843	0.00965	0.01062	0.00613	0.00661	0.01060	0.01517	0.01975	0.08163	0.54978	0.19511	0.02184	0.00928	0.00287	0.00414	0.01948	0.00696	0.00613
7	0.01747	0.02303	0.20434	0.03923	0.52114	0.01754	0.02399	0.02297	0.01658	0.02406	0.01380	0.01767	0.01115	0.00673	0.00727	0.00224	0.00938	0.00632	0.00353	0.01155
8	0.02367	0.02679	0.06682	0.01755	0.04460	0.36263	0.01388	0.07726	0.02017	0.06066	0.01364	0.01525	0.01074	0.00720	0.00653	0.00179	0.01021	0.00509	0.00451	0.21101
9	0.02321	0.01789	0.01866	0.01544	0.01983	0.05705	0.01225	0.46140	0.02875	0.03795	0.02347	0.20371	0.02193	0.01257	0.00792	0.00241	0.00746	0.01032	0.00709	0.01069
10	0.01640	0.01378	0.01500	0.01361	0.01717	0.01549	0.01052	0.03284	0.50833	0.03072	0.20134	0.03491	0.03497	0.01140	0.00787	0.00247	0.00526	0.00970	0.00771	0.01052
11	0.01591	0.20334	0.02726	0.47913	0.09791	0.01994	0.01875	0.02014	0.01508	0.01903	0.01251	0.01762	0.00996	0.00707	0.00673	0.00222	0.00930	0.00592	0.00330	0.00888
12	0.06089	0.31487	0.12561	0.01624	0.04071	0.08336	0.01517	0.19052	0.02081	0.02708	0.01472	0.01597	0.02938	0.00761	0.00613	0.00197	0.00870	0.00537	0.00452	0.01036

[dist]
# distance from previous block
# <min> <max>
0	58

# created by:
# /st0/software/busco_prod/Augustus/scripts/msa2prfl.pl ./align_prep/148591.fa
