[name]
unknown

[dist]
# distance from previous block
# <min> <max>
0	12

[block]
# block no. 0 follows, 26 sequences, length 8
# corresponding to MSA columns:
# 12-19
name=unknown_A
#
# <colnr> <probs for GDERKNQSTAVLIFYWHMCP>
#	G	D	E	R	K	N	Q	S	T	A	V	L	I	F	Y	W	H	M	C	P
0	0.01831	0.01393	0.01473	0.01465	0.01751	0.10510	0.01230	0.07585	0.01997	0.09678	0.03253	0.06071	0.03251	0.01630	0.00917	0.00297	0.00779	0.39666	0.04384	0.00839
1	0.01320	0.01054	0.01324	0.01198	0.01513	0.00990	0.04139	0.09254	0.01968	0.02581	0.12385	0.12483	0.26569	0.01650	0.00884	0.00259	0.00555	0.11911	0.00688	0.07274
2	0.02454	0.01975	0.01915	0.04703	0.02188	0.11538	0.01290	0.31297	0.14316	0.06769	0.02082	0.02123	0.01536	0.00904	0.00719	0.00223	0.00800	0.00693	0.11361	0.01115
3	0.00996	0.00725	0.00949	0.01054	0.01106	0.00715	0.00714	0.01138	0.01474	0.01997	0.11133	0.53320	0.04797	0.11486	0.01401	0.00357	0.03484	0.01866	0.00672	0.00616
4	0.02568	0.01946	0.02105	0.01619	0.02222	0.02076	0.01326	0.49530	0.08582	0.04238	0.01844	0.01862	0.01347	0.00859	0.00725	0.00210	0.00767	0.00656	0.00705	0.14812
5	0.00997	0.00720	0.00922	0.01028	0.01111	0.00662	0.00683	0.01124	0.01411	0.01908	0.03719	0.57948	0.04411	0.12462	0.01355	0.00355	0.00491	0.01882	0.00651	0.06159
6	0.01474	0.01231	0.01441	0.01087	0.01641	0.00952	0.00837	0.01760	0.01513	0.02324	0.01669	0.07185	0.01586	0.08555	0.00948	0.00194	0.00572	0.00646	0.00469	0.63914
7	0.02466	0.01621	0.01837	0.01463	0.01968	0.01675	0.01169	0.32532	0.07534	0.15939	0.02329	0.08376	0.01887	0.06224	0.00980	0.00262	0.00711	0.00843	0.00734	0.09448

[dist]
# distance from previous block
# <min> <max>
15	36

[block]
# block no. 1 follows, 26 sequences, length 24
# corresponding to MSA columns:
# 58-81
name=unknown_B
#
# <colnr> <probs for GDERKNQSTAVLIFYWHMCP>
#	G	D	E	R	K	N	Q	S	T	A	V	L	I	F	Y	W	H	M	C	P
0	0.02045	0.01642	0.01728	0.01436	0.01834	0.09698	0.01140	0.12047	0.03971	0.11223	0.09697	0.07229	0.05962	0.01116	0.00986	0.00225	0.10462	0.00853	0.00621	0.16085
1	0.01548	0.05871	0.01328	0.01179	0.01366	0.08311	0.00849	0.01699	0.01585	0.10671	0.03282	0.43108	0.03635	0.10448	0.01227	0.00328	0.00626	0.01553	0.00647	0.00737
2	0.07067	0.20157	0.05458	0.06556	0.22933	0.09805	0.04453	0.05498	0.04797	0.02382	0.01361	0.01652	0.01122	0.00735	0.00718	0.00215	0.03061	0.00583	0.00402	0.01045
3	0.01955	0.33237	0.03198	0.17539	0.02940	0.07430	0.08416	0.02384	0.04724	0.04814	0.01356	0.01663	0.01105	0.00757	0.00763	0.00214	0.05586	0.00579	0.00386	0.00957
4	0.01727	0.01800	0.02011	0.39882	0.03723	0.17169	0.01692	0.02267	0.07831	0.02035	0.01843	0.11234	0.01651	0.01001	0.00770	0.00247	0.00979	0.00843	0.00438	0.00855
5	0.01033	0.00804	0.01113	0.01416	0.08333	0.00755	0.00879	0.01215	0.01528	0.02021	0.04339	0.54401	0.12882	0.02125	0.00938	0.00294	0.00491	0.04079	0.00669	0.00685
6	0.00978	0.00784	0.00851	0.00861	0.01061	0.00702	0.00619	0.01233	0.04156	0.02118	0.12738	0.15304	0.44167	0.09554	0.01218	0.00312	0.00435	0.01568	0.00694	0.00647
7	0.01950	0.01874	0.02299	0.30769	0.05300	0.14385	0.04724	0.05874	0.01740	0.06508	0.01438	0.01913	0.01129	0.01102	0.04369	0.00298	0.12336	0.00662	0.00416	0.00912
8	0.01668	0.01682	0.05461	0.06537	0.02401	0.01936	0.09417	0.08689	0.01586	0.02267	0.01699	0.13112	0.01688	0.01301	0.01670	0.00298	0.36334	0.00928	0.00443	0.00883
9	0.01755	0.00976	0.01240	0.01158	0.01398	0.00936	0.00856	0.05757	0.01754	0.20159	0.03766	0.32890	0.10071	0.09410	0.01260	0.00325	0.03261	0.01465	0.00730	0.00833
10	0.02613	0.14789	0.04848	0.01984	0.05455	0.53858	0.01527	0.02852	0.02013	0.01893	0.01172	0.01376	0.00987	0.00753	0.00657	0.00193	0.01248	0.00487	0.00377	0.00918
11	0.09272	0.01441	0.06627	0.01252	0.01652	0.04360	0.01051	0.02487	0.09754	0.18921	0.22728	0.03560	0.03445	0.08843	0.01101	0.00291	0.00625	0.00937	0.00717	0.00936
12	0.61412	0.01482	0.01403	0.01431	0.08711	0.01642	0.01018	0.02417	0.01444	0.11218	0.01329	0.01464	0.00989	0.00729	0.00535	0.00234	0.00627	0.00481	0.00516	0.00919
13	0.01896	0.16178	0.03195	0.08740	0.02859	0.10989	0.18728	0.02239	0.01564	0.01993	0.01207	0.01672	0.01032	0.00887	0.01275	0.00253	0.23369	0.00653	0.00352	0.00917
14	0.00933	0.00688	0.00874	0.01001	0.01091	0.00629	0.00685	0.01095	0.01559	0.02054	0.10528	0.56309	0.15315	0.02229	0.00950	0.00293	0.00424	0.01997	0.00716	0.00629
15	0.01836	0.04906	0.02622	0.20511	0.11582	0.09321	0.07399	0.05168	0.01630	0.02152	0.01261	0.01771	0.01054	0.00906	0.01258	0.00258	0.22087	0.00653	0.00373	0.03252
16	0.16935	0.02054	0.11955	0.03433	0.39301	0.01790	0.09102	0.02330	0.01631	0.02644	0.01357	0.01731	0.01088	0.00684	0.00707	0.00233	0.00911	0.00632	0.00387	0.01096
17	0.03403	0.01291	0.01760	0.01350	0.01936	0.01115	0.01115	0.03697	0.02171	0.69137	0.02992	0.02582	0.01878	0.00939	0.00763	0.00235	0.00645	0.00763	0.00939	0.01291
18	0.00974	0.00786	0.00877	0.00896	0.01127	0.00688	0.00699	0.01216	0.01794	0.02233	0.16174	0.07253	0.49035	0.01893	0.00920	0.00268	0.00430	0.11351	0.00723	0.00661
19	0.02464	0.01892	0.02089	0.01666	0.02138	0.02147	0.01357	0.46420	0.08943	0.03988	0.02144	0.02305	0.04596	0.04501	0.01124	0.00269	0.09349	0.00760	0.00692	0.01156
20	0.02066	0.01637	0.01694	0.06078	0.02094	0.08896	0.01204	0.05106	0.33906	0.12673	0.05406	0.11095	0.02506	0.01151	0.00788	0.00251	0.00694	0.00963	0.00721	0.01069
21	0.00921	0.00673	0.00867	0.01022	0.01091	0.00619	0.00689	0.01060	0.01486	0.01950	0.04602	0.64956	0.12636	0.02322	0.00960	0.00302	0.00433	0.02089	0.00704	0.00619
22	0.02040	0.49766	0.10842	0.01495	0.02142	0.09932	0.01473	0.02579	0.09523	0.02029	0.01346	0.01470	0.01134	0.00717	0.00568	0.00186	0.00880	0.00486	0.00385	0.01007
23	0.01185	0.00970	0.01291	0.01268	0.01407	0.01043	0.02826	0.01622	0.09483	0.02291	0.15326	0.38608	0.06838	0.01862	0.01119	0.00289	0.09538	0.01610	0.00679	0.00745

[dist]
# distance from previous block
# <min> <max>
2	4

[block]
# block no. 2 follows, 26 sequences, length 42
# corresponding to MSA columns:
# 88-129
name=unknown_C
#
# <colnr> <probs for GDERKNQSTAVLIFYWHMCP>
#	G	D	E	R	K	N	Q	S	T	A	V	L	I	F	Y	W	H	M	C	P
0	0.13756	0.05166	0.04213	0.11460	0.07418	0.04150	0.07257	0.07217	0.01737	0.04889	0.01885	0.03066	0.01716	0.01078	0.00971	0.00267	0.09311	0.13033	0.00491	0.00919
1	0.43628	0.01677	0.01469	0.01383	0.05070	0.10949	0.03176	0.02291	0.01587	0.08143	0.02292	0.02362	0.11444	0.00919	0.00618	0.00233	0.00707	0.00664	0.00525	0.00865
2	0.01697	0.01346	0.01569	0.12222	0.02171	0.03571	0.01157	0.12647	0.15933	0.04947	0.05637	0.18103	0.05502	0.08670	0.01132	0.00308	0.00688	0.01143	0.00649	0.00907
3	0.01799	0.01638	0.01971	0.01654	0.01952	0.04374	0.01342	0.02496	0.17546	0.04670	0.01668	0.01948	0.01380	0.01040	0.01487	0.00254	0.32549	0.00658	0.00491	0.19081
4	0.01580	0.01362	0.01643	0.01258	0.01856	0.01144	0.03154	0.02176	0.10773	0.02542	0.01971	0.02390	0.03667	0.00770	0.00644	0.00157	0.00594	0.04537	0.00516	0.57265
5	0.02009	0.68076	0.04015	0.01449	0.02108	0.02915	0.06447	0.02284	0.01561	0.01836	0.01093	0.01283	0.00988	0.00648	0.00519	0.00170	0.00848	0.00445	0.00329	0.00977
6	0.01313	0.00971	0.01170	0.01197	0.01366	0.00992	0.00859	0.11417	0.07062	0.02531	0.06859	0.52939	0.04327	0.02001	0.00916	0.00288	0.00510	0.01785	0.00724	0.00772
7	0.01670	0.03681	0.01715	0.01406	0.01775	0.04895	0.04637	0.02464	0.19668	0.06929	0.13548	0.06937	0.12082	0.01231	0.00928	0.00241	0.06298	0.01016	0.00659	0.08221
8	0.02153	0.01870	0.01844	0.01595	0.02055	0.07405	0.01254	0.17945	0.45250	0.03393	0.02810	0.02643	0.04324	0.01014	0.00766	0.00246	0.00707	0.00815	0.00736	0.01175
9	0.01073	0.00791	0.01090	0.01090	0.01203	0.00873	0.00802	0.01273	0.01232	0.01715	0.02568	0.03797	0.07398	0.21503	0.48964	0.01027	0.01592	0.00945	0.00443	0.00622
10	0.02708	0.01992	0.02144	0.01689	0.02260	0.02208	0.01380	0.51218	0.16075	0.07163	0.02120	0.02052	0.01517	0.00935	0.00762	0.00234	0.00780	0.00721	0.00769	0.01272
11	0.01293	0.00958	0.01164	0.01151	0.01338	0.00967	0.00840	0.09540	0.07292	0.02733	0.23536	0.37555	0.04991	0.01829	0.00903	0.00272	0.00477	0.01624	0.00757	0.00779
12	0.00934	0.00664	0.00877	0.01043	0.01085	0.00623	0.00690	0.01059	0.01433	0.01910	0.04081	0.69062	0.04891	0.06335	0.01129	0.00332	0.00457	0.02098	0.00690	0.00607
13	0.00924	0.00660	0.00880	0.01056	0.01100	0.00616	0.00704	0.01056	0.01452	0.01936	0.04181	0.72848	0.05017	0.02376	0.00968	0.00308	0.00440	0.02156	0.00704	0.00616
14	0.01877	0.01802	0.03079	0.04656	0.68612	0.01802	0.02328	0.02328	0.01727	0.02478	0.01427	0.01877	0.01201	0.00676	0.00751	0.00225	0.00901	0.00676	0.00375	0.01201
15	0.02884	0.02015	0.02265	0.01864	0.06002	0.02186	0.01455	0.55689	0.03311	0.11705	0.01927	0.01908	0.01349	0.00901	0.00759	0.00228	0.00818	0.00691	0.00757	0.01285
16	0.01414	0.00707	0.00707	0.00707	0.00884	0.00707	0.00530	0.01767	0.01591	0.02828	0.02474	0.02828	0.01944	0.00884	0.00530	0.00177	0.00353	0.00707	0.77554	0.00707
17	0.00898	0.00762	0.00775	0.00785	0.01029	0.00639	0.00584	0.01087	0.01713	0.02042	0.07477	0.11167	0.64570	0.01948	0.00901	0.00259	0.00387	0.01634	0.00704	0.00639
18	0.01432	0.01348	0.02275	0.71520	0.05224	0.01685	0.02107	0.01938	0.01517	0.01938	0.01348	0.02022	0.01011	0.00758	0.00758	0.00253	0.01011	0.00674	0.00337	0.00843
19	0.02430	0.01709	0.01883	0.01563	0.02063	0.01876	0.01251	0.25539	0.32100	0.13933	0.02676	0.05393	0.02003	0.01030	0.00774	0.00246	0.00682	0.00837	0.00790	0.01221
20	0.01552	0.01551	0.02442	0.61544	0.04936	0.06169	0.07150	0.02048	0.01580	0.01972	0.01352	0.01982	0.01020	0.00750	0.00764	0.00249	0.01056	0.00680	0.00344	0.00859
21	0.02590	0.16541	0.02497	0.05894	0.02408	0.44060	0.01459	0.06330	0.02044	0.05301	0.01280	0.01472	0.01040	0.00788	0.00718	0.00201	0.03505	0.00514	0.00420	0.00936
22	0.01088	0.00733	0.00848	0.00862	0.00871	0.00735	0.00500	0.01110	0.01136	0.01520	0.02518	0.10295	0.02901	0.64828	0.06435	0.00722	0.00767	0.01175	0.00477	0.00481
23	0.01816	0.12191	0.08081	0.13285	0.05964	0.02033	0.28651	0.02310	0.01636	0.05448	0.01424	0.01864	0.01109	0.00768	0.00994	0.00248	0.10080	0.00724	0.00384	0.00990
24	0.00975	0.00712	0.00948	0.01149	0.03448	0.00671	0.00732	0.01107	0.01437	0.01912	0.04032	0.61057	0.06989	0.09484	0.01251	0.00346	0.00484	0.01977	0.00668	0.00622
25	0.74259	0.01456	0.01153	0.01018	0.01495	0.01667	0.00839	0.02316	0.01343	0.07281	0.01170	0.01312	0.00884	0.00718	0.00487	0.00235	0.00590	0.00431	0.00497	0.00849
26	0.01778	0.01966	0.09520	0.12566	0.44118	0.01800	0.08536	0.02391	0.05348	0.02436	0.01514	0.01938	0.01211	0.00707	0.00764	0.00235	0.00957	0.00696	0.00388	0.01131
27	0.00960	0.00706	0.00958	0.04506	0.01317	0.00679	0.00788	0.01120	0.01476	0.01953	0.04153	0.64714	0.06915	0.02271	0.00959	0.00305	0.00476	0.04426	0.00686	0.00631
28	0.01029	0.00746	0.00971	0.00973	0.01121	0.00688	0.00708	0.01324	0.01956	0.02726	0.49789	0.22749	0.08835	0.01773	0.00913	0.00257	0.00380	0.01579	0.00797	0.00688
29	0.01659	0.01659	0.02323	0.01991	0.01991	0.02323	0.01659	0.01825	0.01162	0.01825	0.00996	0.01659	0.00996	0.01328	0.02489	0.00332	0.71955	0.00664	0.00332	0.00830
30	0.02584	0.07232	0.05942	0.10613	0.02590	0.10651	0.01485	0.23638	0.04624	0.17700	0.01918	0.01968	0.01358	0.00854	0.00721	0.00224	0.00874	0.00654	0.03246	0.01125
31	0.01864	0.01768	0.02402	0.21470	0.27249	0.10365	0.01882	0.02244	0.01665	0.05428	0.01552	0.04172	0.01303	0.00995	0.02982	0.00270	0.07579	0.00707	0.03121	0.00983
32	0.00929	0.00675	0.00866	0.01015	0.01080	0.00624	0.00680	0.01062	0.01468	0.01929	0.04489	0.62833	0.11841	0.05304	0.01082	0.00320	0.00446	0.02051	0.00694	0.00612
33	0.02023	0.04424	0.01759	0.01556	0.04403	0.14584	0.01165	0.06653	0.24931	0.07995	0.09536	0.03321	0.12194	0.01124	0.00773	0.00235	0.00727	0.00907	0.00677	0.01013
34	0.01693	0.11390	0.28313	0.15744	0.03469	0.02000	0.13320	0.05507	0.01677	0.02317	0.01346	0.01730	0.01025	0.00762	0.00869	0.00242	0.06584	0.00636	0.00358	0.01017
35	0.02593	0.01900	0.02047	0.01607	0.02118	0.02090	0.01293	0.55717	0.03185	0.04269	0.01974	0.04667	0.01602	0.10012	0.01154	0.00294	0.00809	0.00786	0.00720	0.01163
36	0.17201	0.06456	0.09499	0.04670	0.11878	0.07693	0.11693	0.06079	0.01715	0.02630	0.01306	0.01622	0.01039	0.00732	0.00777	0.00223	0.05113	0.00590	0.00414	0.08670
37	0.00918	0.00685	0.00855	0.00991	0.01083	0.00622	0.00675	0.01063	0.01515	0.01962	0.04973	0.58022	0.19331	0.02273	0.00952	0.00296	0.00427	0.02031	0.00704	0.00622
38	0.01540	0.03299	0.51416	0.06409	0.05588	0.01725	0.10695	0.02326	0.01653	0.02413	0.04798	0.01900	0.01313	0.00753	0.00755	0.00242	0.01088	0.00655	0.00358	0.01074
39	0.01303	0.01056	0.01272	0.01083	0.01483	0.00847	0.00802	0.01545	0.01503	0.02217	0.02477	0.28807	0.02685	0.04967	0.00884	0.00218	0.00524	0.01131	0.00547	0.44649
40	0.02151	0.63042	0.03695	0.01398	0.02008	0.13316	0.01324	0.02387	0.01634	0.01796	0.01073	0.01240	0.00974	0.00669	0.00517	0.00167	0.00896	0.00418	0.00335	0.00959
41	0.02632	0.05602	0.02192	0.01633	0.02208	0.02160	0.01345	0.43991	0.15863	0.08666	0.02096	0.02033	0.01511	0.00910	0.00741	0.00227	0.00764	0.00700	0.00741	0.03985

[dist]
# distance from previous block
# <min> <max>
0	2

[block]
# block no. 3 follows, 26 sequences, length 28
# corresponding to MSA columns:
# 132-159
name=unknown_D
#
# <colnr> <probs for GDERKNQSTAVLIFYWHMCP>
#	G	D	E	R	K	N	Q	S	T	A	V	L	I	F	Y	W	H	M	C	P
0	0.00999	0.00759	0.00919	0.00908	0.01095	0.00680	0.00670	0.01276	0.01929	0.02590	0.41103	0.14408	0.26365	0.01770	0.00904	0.00253	0.00376	0.01541	0.00777	0.00680
1	0.01018	0.00780	0.00942	0.00987	0.01155	0.00723	0.00724	0.01332	0.04664	0.02343	0.22366	0.28150	0.24212	0.01942	0.00923	0.00274	0.00425	0.05616	0.00742	0.00681
2	0.00977	0.00699	0.00941	0.01061	0.01118	0.00696	0.00723	0.01120	0.01365	0.01847	0.03546	0.51075	0.04135	0.11400	0.14976	0.00538	0.00788	0.01767	0.00617	0.00610
3	0.02833	0.03615	0.02149	0.01954	0.02345	0.70298	0.01466	0.03029	0.02149	0.01856	0.01172	0.01368	0.00977	0.00782	0.00684	0.00195	0.01368	0.00489	0.00391	0.00879
4	0.02883	0.02125	0.02276	0.01745	0.02352	0.02352	0.01442	0.66082	0.03566	0.04780	0.01821	0.01821	0.01290	0.00911	0.00759	0.00228	0.00835	0.00683	0.00759	0.01290
5	0.00924	0.00660	0.00880	0.01056	0.01100	0.00616	0.00704	0.01056	0.01452	0.01936	0.04181	0.72848	0.05017	0.02376	0.00968	0.00308	0.00440	0.02156	0.00704	0.00616
6	0.00896	0.00768	0.00768	0.00768	0.01025	0.00640	0.00576	0.01089	0.01729	0.02049	0.07684	0.07300	0.68304	0.01921	0.00896	0.00256	0.00384	0.01601	0.00704	0.00640
7	0.02757	0.02062	0.02205	0.01720	0.02304	0.02293	0.01411	0.58191	0.11664	0.04576	0.01982	0.01949	0.01420	0.00926	0.00760	0.00231	0.00805	0.00705	0.00760	0.01279
8	0.00933	0.00667	0.00888	0.01050	0.01102	0.00622	0.00705	0.01078	0.01493	0.02001	0.07937	0.68907	0.05142	0.02328	0.00964	0.00304	0.00435	0.02110	0.00712	0.00622
9	0.01084	0.00813	0.01219	0.01219	0.01354	0.00948	0.00948	0.01354	0.01219	0.01761	0.02032	0.02980	0.01896	0.05689	0.70337	0.01219	0.02032	0.00813	0.00406	0.00677
10	0.02937	0.02039	0.02223	0.01704	0.02309	0.02225	0.01408	0.59646	0.03422	0.11420	0.01942	0.01900	0.01351	0.00913	0.00759	0.00228	0.00815	0.00691	0.00777	0.01290
11	0.01877	0.01802	0.03079	0.04656	0.68612	0.01802	0.02328	0.02328	0.01727	0.02478	0.01427	0.01877	0.01201	0.00676	0.00751	0.00225	0.00901	0.00676	0.00375	0.01201
12	0.02055	0.01338	0.01484	0.01284	0.01651	0.01424	0.01053	0.28004	0.02447	0.06122	0.02516	0.03476	0.02126	0.01123	0.00729	0.00232	0.00625	0.12405	0.28940	0.00966
13	0.72000	0.01570	0.01210	0.03701	0.01652	0.05129	0.00902	0.02259	0.01342	0.03271	0.01073	0.01269	0.00836	0.00710	0.00491	0.00233	0.00642	0.00425	0.00460	0.00825
14	0.02118	0.49028	0.08620	0.01581	0.02216	0.09122	0.04327	0.08212	0.01785	0.02145	0.01179	0.01371	0.01011	0.00719	0.00650	0.00189	0.03871	0.00483	0.00373	0.01001
15	0.01357	0.00842	0.01105	0.01074	0.01184	0.00836	0.00745	0.05464	0.03921	0.01841	0.02136	0.18425	0.02267	0.06416	0.02179	0.42648	0.00617	0.01021	0.00475	0.05447
16	0.02199	0.04984	0.19014	0.04880	0.07675	0.06505	0.05810	0.05285	0.06342	0.19771	0.08095	0.02358	0.01910	0.00877	0.00756	0.00233	0.00876	0.00737	0.00590	0.01105
17	0.04226	0.01859	0.07927	0.07936	0.29791	0.01800	0.01843	0.05281	0.23416	0.02766	0.02162	0.02326	0.03607	0.00851	0.00752	0.00240	0.00800	0.00747	0.00527	0.01143
18	0.03403	0.01291	0.01760	0.01350	0.01936	0.01115	0.01115	0.03697	0.02171	0.69137	0.02992	0.02582	0.01878	0.00939	0.00763	0.00235	0.00645	0.00763	0.00939	0.01291
19	0.01794	0.02604	0.23410	0.09549	0.22230	0.11839	0.02147	0.02391	0.04602	0.02280	0.01593	0.06285	0.01359	0.00864	0.00817	0.00239	0.03849	0.00714	0.00393	0.01041
20	0.02020	0.15966	0.08052	0.05715	0.16895	0.01965	0.04164	0.15316	0.03940	0.05345	0.01889	0.02175	0.03956	0.03585	0.00816	0.00236	0.00828	0.00687	0.05385	0.01065
21	0.00942	0.00763	0.00836	0.00832	0.01056	0.00657	0.00619	0.01171	0.01814	0.02286	0.22337	0.11058	0.49260	0.01859	0.00901	0.00255	0.00381	0.01580	0.00736	0.00657
22	0.01103	0.00735	0.00827	0.00827	0.00827	0.00735	0.00460	0.01103	0.01103	0.01471	0.02390	0.04964	0.02758	0.73343	0.03861	0.00735	0.00735	0.01103	0.00460	0.00460
23	0.05565	0.15075	0.33753	0.02182	0.05152	0.01985	0.15331	0.04974	0.01706	0.02440	0.01594	0.01847	0.03609	0.00743	0.00714	0.00229	0.01026	0.00645	0.00376	0.01052
24	0.05450	0.05804	0.02104	0.07552	0.02399	0.18121	0.01385	0.24230	0.16561	0.03226	0.01859	0.01934	0.01405	0.00871	0.00710	0.00224	0.00895	0.00650	0.03541	0.01080
25	0.01207	0.00863	0.01201	0.01352	0.01527	0.00857	0.01171	0.01557	0.01787	0.02349	0.10575	0.08261	0.04650	0.02040	0.01032	0.00338	0.00664	0.57158	0.00712	0.00700
26	0.65336	0.06250	0.06308	0.03717	0.01769	0.01788	0.01044	0.02234	0.01338	0.03173	0.01089	0.01287	0.00848	0.00704	0.00499	0.00231	0.00656	0.00431	0.00444	0.00854
27	0.05186	0.21063	0.15173	0.12850	0.07024	0.12266	0.01765	0.07691	0.01812	0.02338	0.01281	0.01552	0.01021	0.00720	0.00646	0.00206	0.00967	0.00532	0.00389	0.05519

[dist]
# distance from previous block
# <min> <max>
0	2

[block]
# block no. 4 follows, 26 sequences, length 31
# corresponding to MSA columns:
# 162-192
name=unknown_E
#
# <colnr> <probs for GDERKNQSTAVLIFYWHMCP>
#	G	D	E	R	K	N	Q	S	T	A	V	L	I	F	Y	W	H	M	C	P
0	0.01931	0.01728	0.02847	0.08364	0.55729	0.01753	0.02154	0.05859	0.01824	0.05250	0.01612	0.04613	0.01367	0.00769	0.00761	0.00231	0.00876	0.00736	0.00430	0.01166
1	0.01464	0.01380	0.02332	0.66797	0.09702	0.01693	0.02122	0.01966	0.01532	0.01976	0.01354	0.02012	0.01025	0.00753	0.00758	0.00251	0.01003	0.00674	0.00340	0.00868
2	0.02151	0.63108	0.03697	0.01398	0.02007	0.13253	0.01323	0.02387	0.01634	0.01795	0.01072	0.01240	0.00974	0.00669	0.00517	0.00167	0.00896	0.00418	0.00335	0.00959
3	0.01027	0.00816	0.00945	0.01049	0.01161	0.03363	0.00738	0.01209	0.01626	0.02112	0.13196	0.48751	0.14445	0.02124	0.00940	0.00288	0.00467	0.04387	0.00709	0.00647
4	0.01064	0.00775	0.01000	0.00944	0.01127	0.00711	0.00708	0.01412	0.02124	0.02986	0.64842	0.05757	0.10560	0.01571	0.00895	0.00240	0.00359	0.01384	0.00828	0.00711
5	0.02883	0.02125	0.02276	0.01745	0.02352	0.02352	0.01442	0.66082	0.03566	0.04780	0.01821	0.01821	0.01290	0.00911	0.00759	0.00228	0.00835	0.00683	0.00759	0.01290
6	0.01298	0.00672	0.01007	0.01007	0.01019	0.00683	0.00683	0.01019	0.01007	0.01354	0.01377	0.02362	0.01366	0.02889	0.08566	0.71554	0.00773	0.00672	0.00336	0.00358
7	0.02801	0.02083	0.02230	0.01728	0.02321	0.02314	0.01422	0.60924	0.08860	0.04647	0.01926	0.01905	0.01375	0.00920	0.00760	0.00230	0.00815	0.00697	0.00760	0.01283
8	0.03308	0.01443	0.01854	0.01422	0.02012	0.01340	0.01174	0.15070	0.02425	0.57404	0.02779	0.02443	0.01770	0.00934	0.00762	0.00233	0.00680	0.00748	0.00906	0.01291
9	0.01176	0.00848	0.01164	0.01328	0.01496	0.00836	0.01137	0.01497	0.01719	0.02227	0.04258	0.14091	0.08382	0.02109	0.01031	0.00340	0.00656	0.54316	0.00699	0.00688
10	0.00981	0.00788	0.00886	0.00907	0.01137	0.00693	0.00710	0.01226	0.01797	0.02242	0.16499	0.07263	0.47649	0.01893	0.00922	0.00270	0.00435	0.12318	0.00724	0.00662
11	0.02865	0.01956	0.02152	0.01658	0.02243	0.02119	0.01366	0.55141	0.03323	0.12890	0.05053	0.02096	0.01637	0.00944	0.00766	0.00229	0.00788	0.00725	0.00785	0.01263
12	0.06295	0.00845	0.00833	0.00792	0.01014	0.00874	0.00607	0.05924	0.01699	0.02989	0.02345	0.02664	0.01833	0.00874	0.00541	0.00184	0.00399	0.00687	0.67850	0.00751
13	0.01095	0.00766	0.00982	0.00982	0.01035	0.00819	0.00652	0.01202	0.01149	0.01585	0.02248	0.04180	0.02418	0.46634	0.30105	0.00926	0.01247	0.00988	0.00439	0.00546
14	0.12812	0.01318	0.01654	0.01298	0.01844	0.01221	0.01067	0.06231	0.02122	0.53572	0.06878	0.02573	0.02055	0.00947	0.00734	0.00235	0.00628	0.00753	0.00864	0.01194
15	0.02394	0.02852	0.02171	0.01935	0.02206	0.43810	0.01506	0.02726	0.06739	0.01946	0.01261	0.01569	0.01084	0.00972	0.01257	0.00243	0.23469	0.00571	0.00401	0.00888
16	0.02499	0.02915	0.01912	0.06196	0.02277	0.51519	0.01344	0.04878	0.02060	0.02129	0.01432	0.01678	0.01158	0.00802	0.00665	0.00197	0.01151	0.00545	0.13784	0.00861
17	0.50866	0.08918	0.01678	0.04569	0.05300	0.07964	0.01083	0.02265	0.01434	0.02908	0.01153	0.01391	0.00930	0.00735	0.00592	0.00225	0.03203	0.00464	0.03464	0.00859
18	0.01296	0.01027	0.01531	0.07996	0.11837	0.01048	0.01367	0.01637	0.01674	0.02205	0.03498	0.12052	0.06259	0.04492	0.01072	0.00330	0.00723	0.38578	0.00610	0.00768
19	0.10461	0.03348	0.49851	0.02031	0.02991	0.04526	0.06448	0.04312	0.01658	0.02571	0.01343	0.01584	0.00974	0.00715	0.00696	0.00233	0.01048	0.00561	0.00363	0.04286
20	0.01191	0.00860	0.01078	0.05394	0.01374	0.00875	0.00774	0.06568	0.01585	0.02127	0.09339	0.34094	0.03929	0.25127	0.01870	0.00430	0.00596	0.01525	0.00619	0.00645
21	0.01764	0.22566	0.35191	0.06079	0.09908	0.05289	0.04640	0.02363	0.01626	0.02191	0.01281	0.01555	0.01000	0.00698	0.00667	0.00217	0.01024	0.00546	0.00334	0.01059
22	0.03340	0.01392	0.01823	0.01398	0.01987	0.01265	0.01154	0.11267	0.02340	0.61328	0.02850	0.02489	0.01806	0.00935	0.00762	0.00234	0.00668	0.00753	0.00917	0.01291
23	0.00956	0.00751	0.00864	0.00877	0.01072	0.00659	0.00642	0.01189	0.01810	0.02338	0.25879	0.18384	0.38104	0.01886	0.00909	0.00260	0.00386	0.01628	0.00745	0.00659
24	0.03832	0.03838	0.04701	0.06518	0.08289	0.04388	0.01182	0.04328	0.01643	0.02293	0.09372	0.25130	0.03149	0.07302	0.01165	0.00298	0.05234	0.01225	0.05325	0.00789
25	0.01474	0.01184	0.01419	0.01466	0.04233	0.01274	0.01090	0.04442	0.27253	0.02719	0.10706	0.20112	0.03808	0.01591	0.00885	0.00283	0.00576	0.13840	0.00733	0.00915
26	0.01101	0.00742	0.00861	0.00861	0.00873	0.00754	0.00502	0.01125	0.01113	0.01496	0.02359	0.04790	0.02682	0.67437	0.09664	0.00778	0.00849	0.01078	0.00455	0.00479
27	0.01015	0.00745	0.00931	0.00943	0.01082	0.00691	0.00670	0.01253	0.01778	0.02420	0.34732	0.21108	0.15591	0.09832	0.03469	0.00343	0.00476	0.01539	0.00730	0.00652
28	0.04741	0.33816	0.30865	0.04928	0.02620	0.02288	0.01945	0.02265	0.01532	0.02112	0.01223	0.01484	0.00993	0.00862	0.02776	0.00240	0.03466	0.00504	0.00332	0.01009
29	0.01177	0.00831	0.01125	0.01270	0.01403	0.00828	0.01047	0.01447	0.01610	0.02103	0.03747	0.13277	0.04140	0.14495	0.01530	0.00413	0.00683	0.47566	0.00657	0.00650
30	0.00946	0.00697	0.00886	0.00993	0.01094	0.00637	0.00686	0.01126	0.01617	0.02146	0.15845	0.50749	0.15474	0.02161	0.00944	0.00288	0.00417	0.01932	0.00727	0.00637

[dist]
# distance from previous block
# <min> <max>
0	1

[block]
# block no. 5 follows, 26 sequences, length 59
# corresponding to MSA columns:
# 194-252
name=unknown_F
#
# <colnr> <probs for GDERKNQSTAVLIFYWHMCP>
#	G	D	E	R	K	N	Q	S	T	A	V	L	I	F	Y	W	H	M	C	P
0	0.01619	0.08743	0.47946	0.05405	0.10093	0.04377	0.02438	0.02333	0.01658	0.02357	0.05071	0.01839	0.01336	0.00761	0.00716	0.00231	0.01035	0.00609	0.00359	0.01074
1	0.01752	0.11756	0.06257	0.01438	0.01755	0.12672	0.01194	0.08941	0.01727	0.02152	0.02072	0.13658	0.02140	0.14321	0.07229	0.00411	0.06410	0.02818	0.00485	0.00812
2	0.78701	0.01467	0.01115	0.00997	0.01467	0.01702	0.00821	0.02230	0.01291	0.03403	0.01056	0.01232	0.00821	0.00704	0.00469	0.00235	0.00587	0.00411	0.00469	0.00821
3	0.01205	0.01757	0.22969	0.01337	0.01720	0.01067	0.01307	0.01539	0.01336	0.01881	0.02330	0.15387	0.02479	0.30692	0.09244	0.00552	0.00943	0.01080	0.00451	0.00722
4	0.01384	0.01089	0.01333	0.05075	0.01580	0.05524	0.00988	0.01640	0.01496	0.05052	0.11916	0.06418	0.02728	0.10445	0.28139	0.00674	0.07131	0.00936	0.05731	0.00722
5	0.01692	0.01344	0.01585	0.01138	0.01807	0.01018	0.00913	0.02026	0.01612	0.06799	0.01455	0.01638	0.01172	0.00586	0.00575	0.00120	0.00567	0.00470	0.00481	0.73002
6	0.02833	0.03615	0.02149	0.01954	0.02345	0.70298	0.01466	0.03029	0.02149	0.01856	0.01172	0.01368	0.00977	0.00782	0.00684	0.00195	0.01368	0.00489	0.00391	0.00879
7	0.01695	0.17154	0.38591	0.02278	0.03208	0.02049	0.19932	0.02384	0.01642	0.02288	0.01349	0.01649	0.01016	0.00684	0.00723	0.00229	0.01104	0.00622	0.00339	0.01065
8	0.01091	0.00783	0.01067	0.01067	0.01150	0.00866	0.00759	0.01257	0.01174	0.01649	0.02170	0.03748	0.02230	0.31872	0.44610	0.01032	0.01530	0.00925	0.00427	0.00593
9	0.01414	0.00707	0.00707	0.00707	0.00884	0.00707	0.00530	0.01767	0.01591	0.02828	0.02474	0.02828	0.01944	0.00884	0.00530	0.00177	0.00353	0.00707	0.77554	0.00707
10	0.01097	0.00759	0.00948	0.00948	0.00989	0.00801	0.00610	0.01180	0.01139	0.01560	0.02280	0.04354	0.02493	0.52550	0.24291	0.00884	0.01134	0.01014	0.00443	0.00526
11	0.02647	0.01758	0.01959	0.01583	0.02122	0.01905	0.01281	0.29794	0.25894	0.18878	0.02538	0.02353	0.01789	0.00959	0.00764	0.00240	0.00708	0.00763	0.00804	0.01258
12	0.07484	0.01387	0.01778	0.01371	0.01954	0.01275	0.01133	0.10087	0.02267	0.58852	0.02765	0.02429	0.01759	0.00923	0.00746	0.00234	0.00662	0.00735	0.00894	0.01265
13	0.01482	0.00884	0.01155	0.01045	0.01294	0.00816	0.00798	0.01877	0.04285	0.14035	0.51815	0.08546	0.06002	0.01474	0.00872	0.00242	0.00418	0.01294	0.00843	0.00823
14	0.01062	0.00827	0.00862	0.00834	0.01109	0.00714	0.00632	0.01341	0.04308	0.05340	0.09737	0.06835	0.60088	0.01824	0.00885	0.00254	0.00404	0.01523	0.00723	0.00696
15	0.01549	0.01545	0.02810	0.48838	0.08308	0.01778	0.16212	0.02062	0.01570	0.02071	0.01374	0.01999	0.01052	0.00759	0.00883	0.00256	0.04960	0.00723	0.00349	0.00902
16	0.03347	0.01381	0.01816	0.01392	0.01981	0.01248	0.01150	0.10422	0.02321	0.62199	0.02866	0.02500	0.01814	0.00936	0.00762	0.00234	0.00666	0.00754	0.00919	0.01291
17	0.01414	0.00707	0.00707	0.00707	0.00884	0.00707	0.00530	0.01767	0.01591	0.02828	0.02474	0.02828	0.01944	0.00884	0.00530	0.00177	0.00353	0.00707	0.77554	0.00707
18	0.02477	0.01733	0.01843	0.01458	0.01946	0.01898	0.01190	0.48308	0.03020	0.04241	0.02002	0.02099	0.01471	0.00903	0.00696	0.00214	0.00702	0.00690	0.21982	0.01129
19	0.02643	0.02933	0.02123	0.01939	0.04946	0.44455	0.01438	0.16092	0.07790	0.02654	0.04680	0.01809	0.01457	0.00861	0.00719	0.00210	0.01127	0.00609	0.00519	0.00996
20	0.12668	0.01583	0.03812	0.12464	0.04945	0.01584	0.01338	0.16354	0.04637	0.14075	0.06981	0.02198	0.01741	0.00855	0.00702	0.00220	0.00724	0.00682	0.00619	0.11821
21	0.05858	0.13261	0.50654	0.02148	0.06419	0.01938	0.04908	0.02372	0.01590	0.02377	0.01312	0.01560	0.00975	0.00704	0.00683	0.00229	0.01044	0.00550	0.00334	0.01085
22	0.01839	0.01909	0.01457	0.01378	0.01585	0.26953	0.00977	0.05050	0.04161	0.01924	0.02179	0.13424	0.02290	0.25327	0.05889	0.00455	0.01005	0.00984	0.00493	0.00721
23	0.15088	0.00961	0.01080	0.00978	0.01236	0.00943	0.00730	0.01796	0.01766	0.11881	0.29986	0.04445	0.09132	0.15211	0.01374	0.00335	0.00513	0.01083	0.00702	0.00759
24	0.14207	0.05515	0.05270	0.07277	0.02080	0.01616	0.01216	0.19908	0.01988	0.07275	0.01627	0.04519	0.01335	0.01264	0.01184	0.17434	0.00745	0.00662	0.00531	0.04348
25	0.00967	0.00768	0.00873	0.00862	0.01072	0.00682	0.00640	0.01205	0.01795	0.02307	0.25166	0.08962	0.41848	0.04308	0.04871	0.00322	0.00482	0.01493	0.00719	0.00658
26	0.78701	0.01467	0.01115	0.00997	0.01467	0.01702	0.00821	0.02230	0.01291	0.03403	0.01056	0.01232	0.00821	0.00704	0.00469	0.00235	0.00587	0.00411	0.00469	0.00821
27	0.01410	0.08074	0.16981	0.16611	0.05182	0.04130	0.01669	0.01822	0.01543	0.02051	0.02325	0.25329	0.02427	0.01335	0.00868	0.00263	0.03559	0.03102	0.00468	0.00852
28	0.07946	0.01128	0.04251	0.01078	0.01418	0.00993	0.00893	0.04325	0.05084	0.09897	0.26968	0.05070	0.22811	0.01453	0.00832	0.00248	0.00493	0.03541	0.00743	0.00828
29	0.00967	0.00792	0.00856	0.00847	0.01082	0.00695	0.00632	0.01254	0.03945	0.02286	0.19890	0.10220	0.50191	0.01839	0.00896	0.00255	0.00389	0.01558	0.00734	0.00673
30	0.01060	0.00721	0.00855	0.00896	0.00911	0.00716	0.00536	0.01102	0.01189	0.01591	0.02796	0.20793	0.03254	0.54114	0.05739	0.00654	0.00716	0.01339	0.00515	0.00505
31	0.78701	0.01467	0.01115	0.00997	0.01467	0.01702	0.00821	0.02230	0.01291	0.03403	0.01056	0.01232	0.00821	0.00704	0.00469	0.00235	0.00587	0.00411	0.00469	0.00821
32	0.01346	0.00928	0.01045	0.00986	0.01077	0.00958	0.00639	0.09729	0.01471	0.01960	0.02420	0.04781	0.02668	0.59137	0.03268	0.00643	0.00746	0.05098	0.00515	0.00585
33	0.01169	0.00762	0.00997	0.01019	0.01172	0.00697	0.00733	0.01414	0.01820	0.07336	0.32135	0.35331	0.08744	0.01890	0.00918	0.00270	0.00417	0.01686	0.00778	0.00710
34	0.00998	0.00775	0.00920	0.00964	0.01160	0.00696	0.00743	0.01246	0.01782	0.02282	0.19154	0.16118	0.34997	0.01938	0.00934	0.00277	0.00445	0.13179	0.00730	0.00664
35	0.01877	0.01802	0.03079	0.04656	0.68612	0.01802	0.02328	0.02328	0.01727	0.02478	0.01427	0.01877	0.01201	0.00676	0.00751	0.00225	0.00901	0.00676	0.00375	0.01201
36	0.02058	0.01675	0.01715	0.01492	0.01924	0.03967	0.01173	0.16275	0.44042	0.03414	0.02694	0.02580	0.02019	0.00979	0.00736	0.00239	0.00641	0.00792	0.10439	0.01146
37	0.78701	0.01467	0.01115	0.00997	0.01467	0.01702	0.00821	0.02230	0.01291	0.03403	0.01056	0.01232	0.00821	0.00704	0.00469	0.00235	0.00587	0.00411	0.00469	0.00821
38	0.01154	0.00916	0.01354	0.01313	0.01432	0.01116	0.01035	0.01412	0.01212	0.01769	0.01905	0.02819	0.01787	0.05157	0.62069	0.01111	0.10553	0.00795	0.00397	0.00696
39	0.01051	0.00713	0.00843	0.00894	0.00907	0.00700	0.00531	0.01089	0.01205	0.01607	0.02914	0.24835	0.03419	0.52570	0.03014	0.00610	0.00649	0.01411	0.00531	0.00505
40	0.08305	0.12827	0.45282	0.01920	0.02818	0.11885	0.02243	0.02462	0.01647	0.02326	0.01268	0.01486	0.00953	0.00719	0.00663	0.00223	0.01071	0.00517	0.00344	0.01041
41	0.02832	0.02017	0.02183	0.01682	0.02261	0.02212	0.01380	0.59747	0.03379	0.08166	0.01911	0.02004	0.01388	0.04155	0.00898	0.00251	0.00820	0.00706	0.00755	0.01253
42	0.01958	0.60066	0.03660	0.01430	0.01955	0.02872	0.01367	0.02186	0.01469	0.01792	0.01043	0.01301	0.00978	0.00778	0.00868	0.00195	0.14355	0.00455	0.00326	0.00946
43	0.01114	0.00841	0.01037	0.00988	0.01190	0.00801	0.00740	0.01592	0.07615	0.02874	0.51933	0.09307	0.13904	0.01596	0.00888	0.00246	0.00386	0.01398	0.00807	0.00743
44	0.01535	0.00955	0.00830	0.00813	0.01008	0.06646	0.00610	0.01875	0.01638	0.02745	0.02363	0.02703	0.01862	0.00875	0.00543	0.00178	0.00440	0.00688	0.70969	0.00722
45	0.01062	0.00775	0.00998	0.00942	0.01126	0.00711	0.00707	0.01409	0.02120	0.02977	0.64283	0.05772	0.11126	0.01575	0.00895	0.00240	0.00360	0.01387	0.00826	0.00711
46	0.78701	0.01467	0.01115	0.00997	0.01467	0.01702	0.00821	0.02230	0.01291	0.03403	0.01056	0.01232	0.00821	0.00704	0.00469	0.00235	0.00587	0.00411	0.00469	0.00821
47	0.01509	0.00799	0.00809	0.00774	0.00979	0.00814	0.00589	0.05942	0.01719	0.02955	0.02432	0.02763	0.01902	0.00885	0.00545	0.00180	0.00385	0.00705	0.72569	0.00745
48	0.06078	0.01672	0.05396	0.01491	0.02106	0.01523	0.01284	0.21318	0.02504	0.44814	0.02499	0.02262	0.01622	0.00910	0.00748	0.00233	0.00722	0.00716	0.00837	0.01264
49	0.00938	0.00670	0.00896	0.01072	0.01122	0.00628	0.00728	0.01080	0.01466	0.01952	0.04173	0.69907	0.04987	0.02363	0.00972	0.00310	0.00452	0.04963	0.00704	0.00620
50	0.00906	0.00764	0.00785	0.00790	0.01033	0.00643	0.00588	0.01103	0.01736	0.02089	0.10295	0.10172	0.62661	0.01925	0.00900	0.00258	0.00386	0.01615	0.00710	0.00643
51	0.02028	0.73799	0.03975	0.01298	0.01947	0.03001	0.01298	0.02271	0.01541	0.01785	0.01055	0.01217	0.00973	0.00649	0.00487	0.00162	0.00811	0.00406	0.00324	0.00973
52	0.01126	0.00804	0.01112	0.01287	0.01420	0.00790	0.01055	0.01406	0.01651	0.02162	0.04069	0.29265	0.04575	0.02186	0.01022	0.00336	0.00615	0.43745	0.00700	0.00672
53	0.01102	0.00740	0.00849	0.00849	0.00857	0.00747	0.00487	0.01117	0.01110	0.01487	0.02370	0.04853	0.02709	0.69564	0.07574	0.00762	0.00808	0.01087	0.00457	0.00472
54	0.02234	0.01106	0.01439	0.01189	0.01580	0.01018	0.00947	0.07484	0.02269	0.32076	0.34498	0.04016	0.04389	0.01233	0.00826	0.00236	0.00521	0.01052	0.00874	0.01012
55	0.01877	0.01802	0.03079	0.04656	0.68612	0.01802	0.02328	0.02328	0.01727	0.02478	0.01427	0.01877	0.01201	0.00676	0.00751	0.00225	0.00901	0.00676	0.00375	0.01201
56	0.78701	0.01467	0.01115	0.00997	0.01467	0.01702	0.00821	0.02230	0.01291	0.03403	0.01056	0.01232	0.00821	0.00704	0.00469	0.00235	0.00587	0.00411	0.00469	0.00821
57	0.05908	0.04059	0.09655	0.04125	0.01957	0.07422	0.01240	0.20881	0.02069	0.02826	0.01948	0.06511	0.01813	0.20285	0.01552	0.00363	0.00832	0.00823	0.04837	0.00892
58	0.33202	0.01839	0.01574	0.01341	0.01777	0.11937	0.01078	0.16693	0.02027	0.06487	0.04048	0.01786	0.01355	0.00850	0.00693	0.00226	0.03940	0.00576	0.07627	0.00944

[dist]
# distance from previous block
# <min> <max>
0	3

[block]
# block no. 6 follows, 26 sequences, length 45
# corresponding to MSA columns:
# 256-300
name=unknown_G
#
# <colnr> <probs for GDERKNQSTAVLIFYWHMCP>
#	G	D	E	R	K	N	Q	S	T	A	V	L	I	F	Y	W	H	M	C	P
0	0.02090	0.54975	0.11518	0.01486	0.02166	0.08782	0.01501	0.06152	0.01723	0.02043	0.01147	0.01312	0.00991	0.00685	0.00548	0.00178	0.00899	0.00448	0.00356	0.01001
1	0.00974	0.00690	0.00904	0.01038	0.01096	0.00652	0.00704	0.01122	0.01491	0.02001	0.09842	0.55592	0.04920	0.10447	0.01298	0.00353	0.00480	0.05098	0.00688	0.00611
2	0.06293	0.10995	0.37694	0.09600	0.08300	0.01834	0.02192	0.04388	0.01684	0.02477	0.06441	0.01921	0.01464	0.00782	0.00700	0.00231	0.00956	0.00622	0.00390	0.01037
3	0.06958	0.10643	0.02230	0.01592	0.02102	0.10458	0.01303	0.39330	0.02768	0.03648	0.01887	0.10118	0.01631	0.01026	0.00725	0.00226	0.00835	0.00786	0.00639	0.01095
4	0.03403	0.01291	0.01760	0.01350	0.01936	0.01115	0.01115	0.03697	0.02171	0.69137	0.02992	0.02582	0.01878	0.00939	0.00763	0.00235	0.00645	0.00763	0.00939	0.01291
5	0.01382	0.01163	0.01815	0.11756	0.18751	0.01296	0.01413	0.01700	0.01394	0.01999	0.01798	0.02713	0.01651	0.10678	0.28452	0.00677	0.04881	0.00777	0.04885	0.00817
6	0.01798	0.01717	0.02960	0.04219	0.58104	0.01707	0.05816	0.02250	0.01753	0.02494	0.04975	0.02416	0.01662	0.00790	0.00781	0.00234	0.00885	0.03882	0.00416	0.01141
7	0.01074	0.00775	0.01014	0.00954	0.01133	0.00716	0.00716	0.01431	0.02147	0.03042	0.68211	0.05666	0.07157	0.01551	0.00895	0.00239	0.00358	0.01372	0.00835	0.00716
8	0.01103	0.00735	0.00827	0.00827	0.00827	0.00735	0.00460	0.01103	0.01103	0.01471	0.02390	0.04964	0.02758	0.73343	0.03861	0.00735	0.00735	0.01103	0.00460	0.00460
9	0.01946	0.54834	0.18903	0.01523	0.02270	0.05538	0.01650	0.02333	0.01581	0.01929	0.01130	0.01311	0.00971	0.00671	0.00549	0.00182	0.00906	0.00445	0.00326	0.01003
10	0.01817	0.01885	0.05140	0.19019	0.40463	0.05777	0.06133	0.02391	0.05544	0.02357	0.01496	0.01937	0.01200	0.00720	0.00758	0.00234	0.00966	0.00685	0.00390	0.01089
11	0.01222	0.00873	0.01222	0.01397	0.01572	0.00873	0.01222	0.01572	0.01746	0.02270	0.04016	0.08556	0.04365	0.02095	0.01048	0.00349	0.00698	0.63506	0.00698	0.00698
12	0.02088	0.01676	0.01834	0.04894	0.02155	0.05265	0.01152	0.18330	0.04479	0.07063	0.01619	0.01753	0.01240	0.00711	0.00648	0.00166	0.00704	0.00555	0.00560	0.43109
13	0.01623	0.09362	0.62026	0.02067	0.03133	0.01838	0.02628	0.02434	0.01615	0.04536	0.01390	0.01603	0.00992	0.00722	0.00704	0.00234	0.01081	0.00555	0.00341	0.01115
14	0.01519	0.01390	0.02196	0.36545	0.19569	0.01579	0.01844	0.02151	0.09398	0.02216	0.01994	0.12579	0.01806	0.01010	0.00789	0.00255	0.00851	0.00916	0.00453	0.00939
15	0.02737	0.11987	0.02367	0.01876	0.02297	0.62270	0.01446	0.02938	0.02077	0.01848	0.01158	0.01350	0.00977	0.00766	0.00660	0.00191	0.01301	0.00479	0.00383	0.00891
16	0.01704	0.01030	0.01268	0.01131	0.01434	0.00986	0.00870	0.07154	0.06622	0.16265	0.29523	0.13984	0.11946	0.01496	0.00859	0.00250	0.00485	0.01292	0.00813	0.00889
17	0.01074	0.00775	0.01014	0.00954	0.01133	0.00716	0.00716	0.01431	0.02147	0.03042	0.68211	0.05666	0.07157	0.01551	0.00895	0.00239	0.00358	0.01372	0.00835	0.00716
18	0.04810	0.01582	0.01699	0.01500	0.01950	0.01785	0.01176	0.03925	0.56861	0.11322	0.03003	0.02742	0.02208	0.01006	0.00760	0.00254	0.00605	0.00830	0.00782	0.01198
19	0.01318	0.00659	0.00988	0.00988	0.00988	0.00659	0.00659	0.00988	0.00988	0.01318	0.01318	0.02306	0.01318	0.02635	0.02964	0.77931	0.00659	0.00659	0.00329	0.00329
20	0.01995	0.01759	0.01771	0.01576	0.02014	0.05354	0.01229	0.07745	0.60105	0.03204	0.02914	0.02695	0.02186	0.01009	0.00767	0.00252	0.00653	0.00828	0.00752	0.01190
21	0.00924	0.00660	0.00880	0.01056	0.01100	0.00616	0.00704	0.01056	0.01452	0.01936	0.04181	0.72848	0.05017	0.02376	0.00968	0.00308	0.00440	0.02156	0.00704	0.00616
22	0.01192	0.00852	0.01188	0.01362	0.01524	0.00847	0.01170	0.01519	0.01716	0.02236	0.04033	0.15054	0.04431	0.02124	0.01040	0.00345	0.00672	0.57306	0.00699	0.00690
23	0.00911	0.00773	0.00789	0.00797	0.01049	0.00651	0.00605	0.01110	0.01730	0.02059	0.07519	0.07356	0.65423	0.01929	0.00903	0.00260	0.00398	0.04390	0.00704	0.00643
24	0.02000	0.01686	0.01779	0.01567	0.02016	0.01940	0.01228	0.11088	0.60000	0.03356	0.02943	0.02715	0.02199	0.01016	0.00770	0.00254	0.00627	0.00838	0.00770	0.01211
25	0.01432	0.01348	0.02275	0.71520	0.05224	0.01685	0.02107	0.01938	0.01517	0.01938	0.01348	0.02022	0.01011	0.00758	0.00758	0.00253	0.01011	0.00674	0.00337	0.00843
26	0.01174	0.00720	0.00845	0.00880	0.00967	0.00729	0.00594	0.01358	0.01356	0.02072	0.02725	0.17260	0.02807	0.25611	0.10519	0.00518	0.00708	0.01134	0.27418	0.00604
27	0.02231	0.01465	0.01989	0.01651	0.02119	0.01492	0.08549	0.13722	0.14867	0.19489	0.06820	0.03899	0.02630	0.01201	0.00848	0.00265	0.00735	0.14193	0.00755	0.01082
28	0.01785	0.02030	0.04385	0.03146	0.03881	0.01935	0.63165	0.02404	0.01764	0.02404	0.01512	0.02030	0.01144	0.00668	0.00962	0.00259	0.04242	0.00885	0.00381	0.01015
29	0.01068	0.00755	0.01009	0.01161	0.01251	0.00735	0.00877	0.01268	0.01521	0.02005	0.03869	0.37905	0.04447	0.12001	0.01397	0.00383	0.00584	0.26468	0.00668	0.00627
30	0.75239	0.01497	0.01168	0.01032	0.01507	0.01731	0.00850	0.05145	0.01395	0.03466	0.01091	0.01259	0.00843	0.00714	0.00483	0.00234	0.00598	0.00423	0.00483	0.00843
31	0.01675	0.03439	0.01340	0.01136	0.01363	0.01124	0.00873	0.06910	0.01597	0.11447	0.02228	0.03078	0.01955	0.16802	0.22487	0.00623	0.04296	0.00812	0.16027	0.00790
32	0.02020	0.05597	0.01896	0.01349	0.01904	0.01472	0.01111	0.12247	0.01902	0.11232	0.01623	0.01811	0.01271	0.01042	0.04863	0.00235	0.07559	0.00566	0.00540	0.39760
33	0.16400	0.01609	0.05218	0.40654	0.12410	0.01760	0.01868	0.07152	0.01667	0.02535	0.01341	0.01817	0.01019	0.00748	0.00700	0.00243	0.00907	0.00619	0.00400	0.00933
34	0.07954	0.41462	0.21437	0.01864	0.09320	0.02435	0.01778	0.02310	0.01557	0.02154	0.01177	0.01392	0.00982	0.00676	0.00577	0.00196	0.00887	0.00477	0.00340	0.01026
35	0.03403	0.01291	0.01760	0.01350	0.01936	0.01115	0.01115	0.03697	0.02171	0.69137	0.02992	0.02582	0.01878	0.00939	0.00763	0.00235	0.00645	0.00763	0.00939	0.01291
36	0.00953	0.00765	0.00850	0.00841	0.01062	0.00662	0.00626	0.01193	0.01845	0.02352	0.26303	0.10142	0.46079	0.01829	0.00900	0.00253	0.00379	0.01558	0.00745	0.00662
37	0.14280	0.21916	0.13086	0.20317	0.02964	0.05875	0.01688	0.02187	0.01509	0.02192	0.01219	0.01584	0.00989	0.00906	0.03037	0.00256	0.04192	0.00533	0.00358	0.00915
38	0.00951	0.00671	0.00872	0.01022	0.01060	0.00634	0.00668	0.01063	0.01400	0.01867	0.03915	0.62788	0.04682	0.12893	0.01397	0.00371	0.00484	0.02000	0.00668	0.00593
39	0.01102	0.00740	0.00850	0.00850	0.00858	0.00748	0.00488	0.01118	0.01110	0.01488	0.02369	0.04847	0.02707	0.69378	0.07757	0.00764	0.00811	0.01086	0.00456	0.00472
40	0.01224	0.00980	0.01094	0.01158	0.01301	0.04841	0.00833	0.06449	0.01768	0.02301	0.10678	0.48455	0.08178	0.02038	0.00928	0.00287	0.00530	0.05551	0.00704	0.00702
41	0.02007	0.38841	0.18693	0.01618	0.02321	0.02517	0.01684	0.11751	0.05476	0.02448	0.01348	0.01510	0.01093	0.00765	0.00713	0.00205	0.05019	0.00522	0.00413	0.01058
