[name]
unknown

[dist]
# distance from previous block
# <min> <max>
0	9

[block]
# block no. 0 follows, 30 sequences, length 24
# corresponding to MSA columns:
# 9-32
name=unknown_A
#
# <colnr> <probs for GDERKNQSTAVLIFYWHMCP>
#	G	D	E	R	K	N	Q	S	T	A	V	L	I	F	Y	W	H	M	C	P
0	0.01203	0.00812	0.00998	0.01010	0.01217	0.00768	0.00780	0.01568	0.07134	0.08748	0.13792	0.22162	0.21599	0.01697	0.00845	0.00259	0.00455	0.13563	0.00689	0.00702
1	0.00967	0.00667	0.00764	0.00793	0.00824	0.00648	0.00473	0.01006	0.01129	0.01482	0.02974	0.17247	0.09684	0.55190	0.02810	0.00563	0.00596	0.01232	0.00485	0.00465
2	0.02416	0.01739	0.03877	0.01471	0.01994	0.01812	0.01229	0.44152	0.11490	0.13048	0.02394	0.02290	0.06992	0.00925	0.00709	0.00216	0.00691	0.00724	0.00706	0.01124
3	0.02605	0.01875	0.02026	0.01570	0.02115	0.02066	0.01292	0.59899	0.08581	0.08025	0.01829	0.01789	0.01293	0.00848	0.00699	0.00212	0.00741	0.00645	0.00708	0.01180
4	0.02512	0.01575	0.01778	0.01421	0.01919	0.01677	0.01155	0.31501	0.19380	0.23162	0.02294	0.02140	0.01597	0.00871	0.00694	0.00216	0.00648	0.00690	0.03622	0.01147
5	0.09086	0.01531	0.01761	0.01374	0.01904	0.01574	0.01131	0.29818	0.06597	0.34644	0.02178	0.02005	0.01454	0.00841	0.00679	0.00215	0.00657	0.00651	0.00752	0.01147
6	0.00871	0.00620	0.00825	0.00980	0.01026	0.00584	0.00665	0.00999	0.01338	0.01782	0.03776	0.68770	0.04505	0.04948	0.00995	0.00300	0.00428	0.05385	0.00639	0.00565
7	0.00861	0.00645	0.00793	0.00889	0.00990	0.00584	0.00612	0.01012	0.01451	0.01889	0.10734	0.48993	0.21887	0.04062	0.00942	0.00276	0.00392	0.01758	0.00653	0.00577
8	0.02340	0.01772	0.01889	0.01513	0.02009	0.01980	0.01229	0.47824	0.21696	0.03910	0.02025	0.01973	0.01475	0.00867	0.00692	0.00215	0.00689	0.00674	0.04089	0.01141
9	0.00924	0.00697	0.01022	0.01112	0.01202	0.00657	0.04326	0.01093	0.01383	0.01840	0.03699	0.63550	0.04358	0.02072	0.00895	0.00285	0.00473	0.09186	0.00631	0.00595
10	0.80405	0.01350	0.01026	0.00918	0.01350	0.01565	0.00756	0.02051	0.01188	0.03131	0.00972	0.01134	0.00756	0.00648	0.00432	0.00216	0.00540	0.00378	0.00432	0.00756
11	0.00951	0.00708	0.00888	0.00993	0.01090	0.00687	0.00697	0.01245	0.06924	0.01940	0.07670	0.52876	0.09581	0.04993	0.00981	0.00291	0.00434	0.05785	0.00650	0.00616
12	0.00997	0.00748	0.01121	0.01121	0.01246	0.00872	0.00872	0.01246	0.01121	0.01620	0.01869	0.02741	0.01745	0.05234	0.72710	0.01121	0.01869	0.00748	0.00374	0.00623
13	0.01517	0.01514	0.02135	0.05026	0.01964	0.02111	0.01545	0.01684	0.01083	0.01684	0.00930	0.01542	0.00917	0.01198	0.02219	0.00302	0.70947	0.00611	0.00306	0.00764
14	0.00956	0.00696	0.00893	0.01016	0.01100	0.00671	0.00711	0.03578	0.03111	0.01930	0.03860	0.63358	0.07034	0.02072	0.00881	0.00280	0.00436	0.06157	0.00651	0.00609
15	0.00908	0.00752	0.00800	0.00780	0.01011	0.00667	0.00588	0.01215	0.05472	0.02123	0.19398	0.06190	0.54332	0.01654	0.00818	0.00233	0.00360	0.01393	0.00675	0.00632
16	0.01945	0.01229	0.01330	0.01109	0.01444	0.01304	0.00875	0.29631	0.02218	0.07800	0.02120	0.05461	0.01709	0.06238	0.00826	0.00228	0.00556	0.00728	0.32359	0.00889
17	0.01924	0.01443	0.01576	0.01382	0.01792	0.01614	0.01084	0.05950	0.55744	0.12051	0.05500	0.02644	0.02220	0.00951	0.00713	0.00232	0.00557	0.00790	0.00732	0.01101
18	0.01481	0.01240	0.01322	0.01211	0.01517	0.01383	0.00915	0.02862	0.47777	0.02587	0.08683	0.03518	0.09870	0.11172	0.01116	0.00295	0.00530	0.00931	0.00669	0.00921
19	0.01301	0.01171	0.01908	0.43014	0.16102	0.01343	0.01628	0.01656	0.01373	0.01816	0.01671	0.10273	0.01587	0.10981	0.01104	0.00294	0.00819	0.00824	0.00369	0.00766
20	0.02418	0.02938	0.01983	0.01776	0.02096	0.56900	0.01359	0.05124	0.05356	0.01865	0.01168	0.01379	0.00974	0.00803	0.00861	0.00201	0.11088	0.00495	0.00383	0.00832
21	0.01202	0.01049	0.01556	0.05733	0.01661	0.01276	0.04647	0.01411	0.01204	0.01727	0.06170	0.07831	0.02047	0.13774	0.23068	0.00590	0.23128	0.00864	0.00401	0.00659
22	0.00885	0.00660	0.00876	0.01007	0.01053	0.00651	0.00690	0.01010	0.01332	0.01780	0.03820	0.68385	0.07079	0.02118	0.00962	0.00283	0.04311	0.01891	0.00630	0.00578
23	0.01642	0.01567	0.02639	0.08777	0.59311	0.01617	0.02017	0.02031	0.01536	0.02189	0.01422	0.05608	0.01270	0.00740	0.00783	0.00218	0.04546	0.00693	0.00357	0.01037

[dist]
# distance from previous block
# <min> <max>
2	4

[block]
# block no. 1 follows, 30 sequences, length 13
# corresponding to MSA columns:
# 38-50
name=unknown_B
#
# <colnr> <probs for GDERKNQSTAVLIFYWHMCP>
#	G	D	E	R	K	N	Q	S	T	A	V	L	I	F	Y	W	H	M	C	P
0	0.12384	0.01603	0.02780	0.16363	0.03135	0.01730	0.30347	0.07529	0.01591	0.02367	0.01366	0.04268	0.01110	0.00769	0.00909	0.00240	0.09530	0.00722	0.00389	0.00870
1	0.02217	0.26553	0.02516	0.01432	0.01954	0.02247	0.01242	0.30715	0.13183	0.05888	0.01640	0.01661	0.01252	0.00791	0.00680	0.00198	0.03641	0.00571	0.00558	0.01059
2	0.00998	0.00741	0.01090	0.01090	0.01203	0.00855	0.00833	0.01226	0.01112	0.01596	0.01898	0.02902	0.01814	0.11428	0.66612	0.01082	0.01764	0.00771	0.00378	0.00605
3	0.02121	0.01343	0.01542	0.01265	0.01651	0.01406	0.00996	0.25930	0.11159	0.17089	0.10775	0.02854	0.04083	0.09322	0.01138	0.04243	0.00621	0.00807	0.00690	0.00966
4	0.02955	0.01272	0.01647	0.01285	0.01811	0.01176	0.01054	0.07871	0.09062	0.59982	0.02689	0.02351	0.01732	0.00870	0.00702	0.00218	0.00601	0.00706	0.00837	0.01179
5	0.01638	0.01567	0.02672	0.19407	0.56695	0.01635	0.02097	0.02064	0.01547	0.02172	0.01297	0.01756	0.01067	0.00638	0.00692	0.00213	0.00851	0.00621	0.00338	0.01034
6	0.01413	0.01204	0.01411	0.01030	0.01617	0.00910	0.00817	0.01712	0.01441	0.02246	0.01388	0.05629	0.01237	0.00612	0.00538	0.00114	0.00510	0.00503	0.00427	0.75241
7	0.01052	0.00802	0.01117	0.01088	0.01166	0.00938	0.00808	0.01222	0.01087	0.01551	0.01871	0.03138	0.01888	0.24546	0.46624	0.00919	0.08413	0.00810	0.00381	0.00580
8	0.01451	0.01415	0.01992	0.01730	0.01748	0.01956	0.01433	0.01617	0.01076	0.01671	0.01053	0.01701	0.01035	0.01796	0.12381	0.00422	0.63834	0.00630	0.00315	0.00743
9	0.01542	0.01283	0.01642	0.01177	0.01799	0.00993	0.05581	0.01870	0.01488	0.05619	0.01325	0.01522	0.01069	0.00539	0.00547	0.00118	0.00567	0.00456	0.00431	0.70431
10	0.01026	0.00716	0.00835	0.00865	0.00918	0.00705	0.00544	0.04157	0.01260	0.01666	0.03010	0.27171	0.07445	0.43841	0.02393	0.00501	0.00573	0.01337	0.00522	0.00515
11	0.05778	0.01533	0.01625	0.01256	0.01807	0.03813	0.01008	0.18711	0.12606	0.02925	0.01579	0.01662	0.01225	0.00677	0.00591	0.00159	0.00611	0.00525	0.00529	0.41381
12	0.01661	0.01222	0.01547	0.11638	0.01998	0.01334	0.01096	0.16211	0.05145	0.06747	0.01915	0.10311	0.01763	0.10111	0.04853	0.05886	0.06632	0.00817	0.00512	0.08602

[dist]
# distance from previous block
# <min> <max>
1	19

[block]
# block no. 2 follows, 30 sequences, length 29
# corresponding to MSA columns:
# 70-98
name=unknown_C
#
# <colnr> <probs for GDERKNQSTAVLIFYWHMCP>
#	G	D	E	R	K	N	Q	S	T	A	V	L	I	F	Y	W	H	M	C	P
0	0.01455	0.01422	0.02504	0.47021	0.18604	0.01626	0.10271	0.01911	0.01453	0.01940	0.01263	0.01820	0.00983	0.00691	0.00783	0.00231	0.04189	0.00645	0.00323	0.00865
1	0.01459	0.01438	0.01683	0.12190	0.04205	0.11203	0.01254	0.01700	0.01331	0.01768	0.01509	0.07486	0.01453	0.04790	0.16320	0.00435	0.18919	0.00716	0.00372	0.09768
2	0.00947	0.00651	0.00827	0.00935	0.01034	0.00591	0.00643	0.01085	0.01412	0.04897	0.04384	0.59376	0.16531	0.02051	0.00870	0.00272	0.00404	0.01834	0.00657	0.00598
3	0.01554	0.01584	0.02859	0.02053	0.02695	0.01406	0.36048	0.02003	0.01538	0.02233	0.01318	0.01676	0.01043	0.00579	0.00739	0.00179	0.03472	0.00633	0.00378	0.36011
4	0.00849	0.00611	0.00806	0.00961	0.01009	0.00568	0.00643	0.00973	0.01346	0.01786	0.03977	0.72249	0.07303	0.02169	0.00888	0.00281	0.00403	0.01963	0.00648	0.00568
5	0.00986	0.00738	0.01057	0.01057	0.01178	0.00833	0.00804	0.01206	0.01147	0.01615	0.02291	0.03211	0.07014	0.11564	0.60817	0.01013	0.01643	0.00827	0.00399	0.00602
6	0.00996	0.00697	0.00843	0.00907	0.01028	0.00644	0.00626	0.01189	0.03586	0.04973	0.06036	0.43070	0.20691	0.09944	0.01148	0.00308	0.00433	0.01638	0.00638	0.00604
7	0.01206	0.00861	0.01029	0.01035	0.01216	0.00849	0.00751	0.08241	0.06853	0.05195	0.09605	0.43079	0.13819	0.01773	0.00834	0.00257	0.00447	0.01565	0.00677	0.00708
8	0.00916	0.00730	0.00804	0.00830	0.01019	0.00652	0.00604	0.03877	0.01600	0.01993	0.08112	0.26891	0.45813	0.01841	0.00839	0.00248	0.00386	0.01583	0.00654	0.00610
9	0.01166	0.00772	0.00962	0.00979	0.01128	0.00733	0.00687	0.01459	0.06642	0.07832	0.11389	0.40223	0.07378	0.11136	0.01175	0.00308	0.00459	0.01496	0.00648	0.03428
10	0.05105	0.01099	0.01168	0.01009	0.01292	0.01166	0.00772	0.18008	0.07036	0.07384	0.02136	0.02647	0.01753	0.13957	0.01106	0.00276	0.00538	0.00711	0.32024	0.00814
11	0.00856	0.00610	0.00808	0.00964	0.01003	0.00571	0.00640	0.00973	0.01324	0.01766	0.03787	0.72484	0.04541	0.04825	0.00986	0.00298	0.00415	0.01949	0.00640	0.00562
12	0.01102	0.00786	0.00948	0.00976	0.01082	0.00779	0.00674	0.08014	0.01520	0.02028	0.08263	0.37276	0.06644	0.21806	0.01587	0.00377	0.00519	0.04415	0.00601	0.00603
13	0.00902	0.00707	0.00800	0.00778	0.00970	0.00622	0.00574	0.01128	0.01705	0.02212	0.32032	0.05975	0.40743	0.06575	0.01007	0.00259	0.00366	0.01358	0.00681	0.00605
14	0.02963	0.01457	0.01786	0.01370	0.01916	0.01426	0.01131	0.26405	0.02449	0.47964	0.02374	0.02129	0.01537	0.00855	0.00700	0.00214	0.00655	0.00676	0.00805	0.01187
15	0.01074	0.00770	0.00867	0.00853	0.00955	0.00754	0.00558	0.06162	0.01394	0.01822	0.06475	0.15832	0.16464	0.40405	0.02256	0.00472	0.00561	0.01239	0.00539	0.00547
16	0.01331	0.00788	0.00965	0.00942	0.01152	0.00720	0.00691	0.01593	0.04390	0.14616	0.10415	0.29457	0.20716	0.04466	0.00911	0.00261	0.00432	0.01414	0.04028	0.00713
17	0.01527	0.01527	0.02137	0.01832	0.01832	0.02137	0.01527	0.01679	0.01069	0.01679	0.00916	0.01527	0.00916	0.01221	0.02290	0.00305	0.74198	0.00611	0.00305	0.00763
18	0.01611	0.04702	0.10107	0.02592	0.03199	0.01854	0.48062	0.02129	0.01520	0.02113	0.01293	0.01753	0.01011	0.00707	0.01054	0.00243	0.14056	0.00740	0.00337	0.00917
19	0.01786	0.01290	0.01431	0.01261	0.01609	0.01386	0.00975	0.16609	0.26927	0.09636	0.03169	0.15768	0.09380	0.04400	0.00872	0.00256	0.00561	0.01038	0.00693	0.00953
20	0.00899	0.00681	0.00813	0.00896	0.01005	0.00633	0.00615	0.01108	0.04183	0.01858	0.07149	0.44610	0.22416	0.08416	0.01096	0.00300	0.00418	0.01683	0.00635	0.00586
21	0.01153	0.00904	0.01004	0.00937	0.01184	0.00875	0.00712	0.09296	0.06847	0.02486	0.22459	0.12319	0.34096	0.01551	0.00808	0.00233	0.00416	0.01319	0.00690	0.00713
22	0.02738	0.01819	0.02010	0.01541	0.02096	0.01962	0.01273	0.57196	0.03053	0.16320	0.01867	0.01800	0.01283	0.00842	0.00699	0.00211	0.00737	0.00641	0.00727	0.01187
23	0.01730	0.01209	0.01350	0.01172	0.01444	0.01290	0.00869	0.21981	0.12021	0.07087	0.04880	0.11363	0.02406	0.26089	0.01685	0.00380	0.00636	0.00965	0.00615	0.00828
24	0.01667	0.50921	0.02913	0.01240	0.01692	0.02281	0.01148	0.02024	0.06531	0.01737	0.01280	0.01569	0.01153	0.01550	0.14383	0.00352	0.05872	0.00492	0.00345	0.00851
25	0.02494	0.04690	0.01839	0.01352	0.01883	0.01575	0.01110	0.29075	0.06926	0.25545	0.02033	0.02012	0.01440	0.03447	0.00766	0.00213	0.00659	0.00637	0.00688	0.11615
26	0.01922	0.70389	0.03529	0.01240	0.01819	0.08066	0.01206	0.02142	0.01460	0.01647	0.00978	0.01130	0.00896	0.00606	0.00462	0.00152	0.00785	0.00379	0.00303	0.00889
27	0.01407	0.01198	0.01404	0.01029	0.01611	0.00906	0.00815	0.01704	0.01440	0.02241	0.01415	0.06381	0.01274	0.00629	0.00542	0.00115	0.00509	0.00519	0.00429	0.74432
28	0.00850	0.00607	0.00810	0.00972	0.01012	0.00567	0.00648	0.00972	0.01336	0.01781	0.03846	0.75020	0.04615	0.02186	0.00891	0.00283	0.00405	0.01984	0.00648	0.00567

[dist]
# distance from previous block
# <min> <max>
0	4

[block]
# block no. 3 follows, 30 sequences, length 28
# corresponding to MSA columns:
# 103-130
name=unknown_D
#
# <colnr> <probs for GDERKNQSTAVLIFYWHMCP>
#	G	D	E	R	K	N	Q	S	T	A	V	L	I	F	Y	W	H	M	C	P
0	0.01859	0.01560	0.01647	0.01445	0.01861	0.01793	0.01134	0.12436	0.60934	0.03117	0.02684	0.02479	0.02004	0.00932	0.00708	0.00233	0.00581	0.00767	0.00708	0.01116
1	0.01447	0.01240	0.01447	0.01034	0.01654	0.00930	0.00827	0.01757	0.01447	0.02274	0.01240	0.01447	0.01034	0.00517	0.00517	0.00103	0.00517	0.00413	0.00413	0.79742
2	0.00979	0.00707	0.00925	0.00884	0.01041	0.00653	0.00658	0.01295	0.01934	0.02733	0.66475	0.09678	0.06458	0.01475	0.00827	0.00224	0.00334	0.01308	0.00760	0.00653
3	0.01527	0.01527	0.02137	0.01832	0.01832	0.02137	0.01527	0.01679	0.01069	0.01679	0.00916	0.01527	0.00916	0.01221	0.02290	0.00305	0.74198	0.00611	0.00305	0.00763
4	0.01283	0.01172	0.01907	0.42112	0.13075	0.01381	0.01642	0.01644	0.01380	0.01841	0.01781	0.16750	0.01732	0.01174	0.03228	0.00274	0.05563	0.00902	0.00386	0.00773
5	0.00993	0.00667	0.00768	0.00790	0.00795	0.00662	0.00453	0.01009	0.01058	0.01411	0.02421	0.14085	0.02818	0.65574	0.03192	0.00623	0.00640	0.01146	0.00453	0.00442
6	0.01809	0.01427	0.01533	0.01345	0.01734	0.01587	0.01053	0.14701	0.43780	0.06012	0.03104	0.08021	0.08628	0.01091	0.00731	0.00234	0.00563	0.00907	0.00704	0.01035
7	0.02608	0.01932	0.02069	0.01597	0.02147	0.02143	0.01316	0.65622	0.06528	0.04326	0.01732	0.01721	0.01233	0.00843	0.00699	0.00211	0.00757	0.00636	0.00699	0.01183
8	0.00850	0.00607	0.00810	0.00972	0.01012	0.00567	0.00648	0.00972	0.01336	0.01781	0.03846	0.75020	0.04615	0.02186	0.00891	0.00283	0.00405	0.01984	0.00648	0.00567
9	0.01775	0.02033	0.03574	0.02638	0.03243	0.11221	0.52050	0.02376	0.06026	0.02182	0.01435	0.01828	0.01099	0.00659	0.00862	0.00231	0.04709	0.00761	0.00374	0.00925
10	0.02631	0.01730	0.01940	0.01505	0.02031	0.01864	0.01240	0.52013	0.02896	0.16800	0.01890	0.01878	0.01325	0.01138	0.05532	0.00272	0.00809	0.00650	0.00707	0.01149
11	0.03022	0.01164	0.01585	0.01223	0.01744	0.01007	0.01007	0.03295	0.01996	0.68120	0.06198	0.02519	0.01973	0.00892	0.00708	0.00216	0.00580	0.00730	0.00859	0.01161
12	0.09585	0.01232	0.01537	0.01218	0.01701	0.01161	0.00994	0.10779	0.02048	0.49488	0.07542	0.05579	0.02064	0.00941	0.00695	0.00218	0.00582	0.00762	0.00790	0.01083
13	0.01152	0.00814	0.01010	0.00945	0.01145	0.00776	0.00711	0.05075	0.04380	0.05167	0.49040	0.12760	0.11390	0.01472	0.00816	0.00228	0.00381	0.01290	0.00742	0.00706
14	0.01112	0.00821	0.00958	0.00965	0.01117	0.00801	0.00683	0.09896	0.01642	0.02153	0.08187	0.37235	0.18020	0.11630	0.01202	0.00312	0.00473	0.01524	0.00632	0.00639
15	0.00989	0.00669	0.00780	0.00800	0.00817	0.00659	0.00472	0.01029	0.01126	0.01513	0.07042	0.14949	0.03114	0.59751	0.02978	0.00588	0.00613	0.01174	0.00479	0.00460
16	0.01322	0.00960	0.01146	0.01138	0.01314	0.00985	0.00826	0.18741	0.01846	0.02467	0.03277	0.55805	0.03717	0.01833	0.00840	0.00264	0.00500	0.01629	0.00661	0.00729
17	0.01015	0.00677	0.00761	0.00761	0.00761	0.00677	0.00423	0.01015	0.01015	0.01353	0.02199	0.04567	0.02537	0.75476	0.03552	0.00677	0.00677	0.01015	0.00423	0.00423
18	0.00881	0.00632	0.00810	0.00921	0.00982	0.00590	0.00616	0.01013	0.01381	0.01842	0.10596	0.55482	0.09024	0.10344	0.01179	0.00318	0.00424	0.01768	0.00635	0.00561
19	0.00846	0.00654	0.00763	0.00846	0.00971	0.00581	0.00586	0.00987	0.01434	0.01808	0.05187	0.41987	0.33556	0.05217	0.00978	0.00280	0.00394	0.01717	0.00638	0.00570
20	0.00877	0.00645	0.00827	0.00949	0.01036	0.00595	0.00667	0.01037	0.01442	0.01897	0.09421	0.54669	0.14472	0.02047	0.00881	0.00274	0.00409	0.06615	0.00657	0.00583
21	0.02275	0.01441	0.01637	0.01326	0.01770	0.01522	0.01071	0.28388	0.14921	0.18957	0.11575	0.02547	0.02257	0.00942	0.00704	0.00214	0.00600	0.00762	0.06026	0.01064
22	0.00884	0.00645	0.00833	0.00922	0.01014	0.00593	0.00640	0.01066	0.01529	0.02061	0.21882	0.50174	0.11286	0.01946	0.00867	0.00262	0.00380	0.01745	0.00680	0.00593
23	0.06272	0.01300	0.01536	0.01250	0.01673	0.01329	0.01006	0.21361	0.04621	0.27614	0.02526	0.02627	0.06699	0.06139	0.10460	0.00366	0.00796	0.00750	0.00680	0.00995
24	0.00869	0.00641	0.00830	0.00940	0.01024	0.00602	0.00651	0.01024	0.01402	0.01858	0.09083	0.54158	0.13913	0.02324	0.06856	0.00342	0.00514	0.01755	0.00634	0.00581
25	0.00850	0.00607	0.00810	0.00972	0.01012	0.00567	0.00648	0.00972	0.01336	0.01781	0.03846	0.75020	0.04615	0.02186	0.00891	0.00283	0.00405	0.01984	0.00648	0.00567
26	0.00843	0.00635	0.00781	0.00899	0.00993	0.00573	0.00615	0.00980	0.01406	0.01810	0.04732	0.56243	0.22821	0.02071	0.00873	0.00270	0.00391	0.01843	0.00648	0.00573
27	0.02543	0.01821	0.01981	0.01530	0.02078	0.01973	0.01257	0.55047	0.07993	0.08982	0.01811	0.01780	0.01286	0.00827	0.00688	0.00205	0.00724	0.00632	0.00693	0.06151

[dist]
# distance from previous block
# <min> <max>
0	6

[block]
# block no. 4 follows, 30 sequences, length 151
# corresponding to MSA columns:
# 137-287
name=unknown_E
#
# <colnr> <probs for GDERKNQSTAVLIFYWHMCP>
#	G	D	E	R	K	N	Q	S	T	A	V	L	I	F	Y	W	H	M	C	P
0	0.01021	0.00753	0.00920	0.00991	0.01106	0.00732	0.00691	0.06134	0.03587	0.02046	0.06636	0.54120	0.11696	0.04879	0.00966	0.00284	0.00438	0.01722	0.00649	0.00630
1	0.01420	0.01200	0.01422	0.04061	0.01728	0.00964	0.00868	0.04329	0.01515	0.02285	0.01686	0.07175	0.04106	0.00712	0.00572	0.00132	0.00529	0.00590	0.00447	0.64258
2	0.00875	0.00620	0.00809	0.00943	0.00984	0.00583	0.00622	0.00991	0.01324	0.01772	0.06340	0.63947	0.04450	0.10759	0.01200	0.00327	0.00434	0.01841	0.00626	0.00554
3	0.01519	0.01304	0.01588	0.01140	0.01761	0.01029	0.03575	0.05319	0.01552	0.02385	0.01270	0.01477	0.01043	0.00537	0.00539	0.00114	0.00557	0.00441	0.00426	0.72425
4	0.02161	0.01821	0.01824	0.01466	0.01914	0.13131	0.01180	0.25752	0.02159	0.07906	0.01492	0.01670	0.01157	0.01115	0.06187	0.00259	0.08622	0.00562	0.00524	0.19097
5	0.01847	0.73067	0.06326	0.01225	0.01839	0.02717	0.01248	0.02094	0.01420	0.01664	0.00981	0.01133	0.00895	0.00600	0.00456	0.00152	0.00757	0.00379	0.00298	0.00901
6	0.00855	0.00618	0.00800	0.00943	0.00997	0.00573	0.00630	0.00976	0.01342	0.01771	0.04018	0.66997	0.09470	0.05199	0.00996	0.00296	0.00412	0.01905	0.00638	0.00562
7	0.01322	0.00851	0.00990	0.00934	0.01057	0.00850	0.00622	0.08995	0.01453	0.06992	0.04734	0.16996	0.04838	0.43603	0.02365	0.00490	0.00611	0.01145	0.00545	0.00605
8	0.01015	0.00677	0.00761	0.00761	0.00761	0.00677	0.00423	0.01015	0.01015	0.01353	0.02199	0.04567	0.02537	0.75476	0.03552	0.00677	0.00677	0.01015	0.00423	0.00423
9	0.10009	0.01227	0.01540	0.01206	0.01697	0.01141	0.00980	0.08410	0.01954	0.54637	0.02461	0.02368	0.01655	0.06409	0.00889	0.00250	0.00609	0.00689	0.00778	0.01091
10	0.00893	0.00645	0.00826	0.00958	0.01012	0.00614	0.00637	0.01062	0.03458	0.01780	0.03763	0.63989	0.06447	0.08995	0.01132	0.00317	0.00433	0.01839	0.00629	0.00571
11	0.12696	0.01161	0.01479	0.01179	0.01664	0.01056	0.00961	0.03033	0.01841	0.57296	0.02617	0.08118	0.01839	0.00944	0.00683	0.00221	0.00572	0.00765	0.00792	0.01083
12	0.02734	0.01824	0.02013	0.01544	0.02099	0.01970	0.01275	0.57671	0.03063	0.15831	0.01859	0.01794	0.01279	0.00842	0.00699	0.00211	0.00738	0.00641	0.00726	0.01187
13	0.19176	0.01232	0.01406	0.01161	0.01589	0.01238	0.00936	0.11698	0.04034	0.31361	0.10678	0.08268	0.02288	0.00993	0.00674	0.00222	0.00557	0.00798	0.00714	0.00977
14	0.12482	0.00800	0.00961	0.00997	0.01170	0.00778	0.00717	0.01486	0.01442	0.11865	0.06820	0.50597	0.03764	0.01741	0.00795	0.00261	0.00447	0.01537	0.00654	0.00686
15	0.01007	0.00673	0.00763	0.00771	0.00773	0.00671	0.00433	0.01013	0.01030	0.01373	0.02276	0.07889	0.02635	0.72019	0.03426	0.00658	0.00664	0.01060	0.00433	0.00430
16	0.00993	0.00678	0.00851	0.00876	0.00909	0.00698	0.00561	0.01053	0.01083	0.01470	0.02343	0.14966	0.02636	0.46250	0.17844	0.03884	0.00886	0.01091	0.00442	0.00483
17	0.00920	0.00657	0.00851	0.00982	0.01038	0.00627	0.00659	0.03275	0.01385	0.01848	0.03685	0.68808	0.04389	0.06014	0.01025	0.00302	0.00432	0.01887	0.00638	0.00580
18	0.01732	0.01748	0.03046	0.02314	0.02714	0.01969	0.32450	0.10873	0.01630	0.02298	0.01246	0.01711	0.01018	0.00878	0.01401	0.00260	0.30719	0.00711	0.00380	0.00902
19	0.01460	0.01085	0.01364	0.01223	0.01479	0.01212	0.00966	0.18175	0.04027	0.02400	0.01856	0.02481	0.01621	0.05918	0.45454	0.00786	0.01419	0.00713	0.02901	0.03459
20	0.02372	0.01679	0.01851	0.01475	0.01948	0.01837	0.01195	0.49479	0.07663	0.08817	0.02001	0.06567	0.01580	0.03364	0.04601	0.00278	0.00772	0.00748	0.00683	0.01089
21	0.01504	0.00953	0.01182	0.01061	0.01315	0.00931	0.00812	0.10844	0.04163	0.12173	0.37584	0.17160	0.04683	0.01395	0.00798	0.00230	0.00446	0.01218	0.00747	0.00800
22	0.02648	0.01710	0.02095	0.01594	0.02143	0.01789	0.06683	0.44223	0.02744	0.21778	0.01952	0.01961	0.01358	0.03023	0.00793	0.00227	0.00753	0.00675	0.00705	0.01145
23	0.02340	0.05036	0.01980	0.01506	0.01994	0.01982	0.01238	0.49870	0.12376	0.03783	0.01862	0.02057	0.01422	0.00982	0.00822	0.05005	0.00722	0.03281	0.00656	0.01087
24	0.07432	0.01825	0.01930	0.01500	0.02038	0.04982	0.01233	0.48852	0.02842	0.17603	0.01822	0.01764	0.01256	0.00826	0.00680	0.00210	0.00741	0.00620	0.00700	0.01144
25	0.02511	0.01415	0.01789	0.12079	0.02300	0.01462	0.01235	0.25720	0.02301	0.32220	0.02243	0.07955	0.01656	0.00937	0.00715	0.00222	0.00689	0.00768	0.00707	0.01076
26	0.03034	0.01343	0.01716	0.01315	0.01859	0.01257	0.01087	0.16675	0.02258	0.57963	0.02534	0.02233	0.01618	0.00858	0.00701	0.00215	0.00629	0.00687	0.00830	0.01187
27	0.02520	0.01642	0.01962	0.01532	0.02045	0.01730	0.04746	0.40865	0.06864	0.19751	0.02148	0.07380	0.01621	0.00938	0.00721	0.00220	0.00708	0.00767	0.00716	0.01123
28	0.00930	0.00683	0.00860	0.00872	0.01006	0.00626	0.00625	0.01166	0.01703	0.02327	0.40658	0.23572	0.14987	0.05586	0.00985	0.00263	0.00371	0.01467	0.00701	0.00612
29	0.01588	0.01787	0.03871	0.02794	0.03450	0.01675	0.63519	0.02141	0.01624	0.02201	0.01593	0.07340	0.01324	0.00707	0.00829	0.00239	0.01119	0.00910	0.00375	0.00913
30	0.01748	0.01510	0.01556	0.01401	0.01783	0.04056	0.01100	0.08250	0.54745	0.02882	0.02970	0.03033	0.05766	0.01035	0.00728	0.00238	0.00587	0.04877	0.00690	0.01045
31	0.02653	0.01955	0.02094	0.01606	0.02164	0.02164	0.01326	0.68796	0.03281	0.04398	0.01675	0.01675	0.01187	0.00838	0.00698	0.00209	0.00768	0.00628	0.00698	0.01187
32	0.01990	0.62022	0.03290	0.01224	0.01796	0.02516	0.01175	0.07568	0.01609	0.06999	0.01250	0.03605	0.01098	0.00687	0.00501	0.00163	0.00726	0.00469	0.00383	0.00930
33	0.00847	0.00619	0.00797	0.00940	0.01004	0.00569	0.00634	0.00975	0.01367	0.01794	0.04234	0.66792	0.12593	0.02136	0.00883	0.00278	0.00399	0.01922	0.00648	0.00569
34	0.01589	0.02285	0.19900	0.02719	0.03501	0.01731	0.53210	0.02229	0.01607	0.02229	0.01375	0.01787	0.01018	0.00606	0.00786	0.00232	0.01143	0.00752	0.00339	0.00962
35	0.03095	0.01245	0.01655	0.01269	0.01810	0.01111	0.01048	0.08280	0.02093	0.66591	0.02673	0.02323	0.01687	0.00862	0.00701	0.00215	0.00607	0.00696	0.00851	0.01188
36	0.01688	0.01632	0.02697	0.03805	0.57615	0.01751	0.02022	0.02052	0.01488	0.02163	0.01235	0.01688	0.01068	0.00739	0.01003	0.00226	0.15132	0.00620	0.00338	0.01039
37	0.01267	0.00647	0.00662	0.00674	0.00828	0.00644	0.00500	0.01577	0.01454	0.02540	0.02394	0.08005	0.02000	0.00915	0.00518	0.00172	0.00331	0.00750	0.73477	0.00644
38	0.01847	0.64961	0.03323	0.01223	0.01761	0.07817	0.01165	0.02060	0.01454	0.01657	0.01189	0.06547	0.01168	0.00723	0.00494	0.00161	0.00759	0.00497	0.00329	0.00865
39	0.02526	0.01880	0.02011	0.01562	0.02098	0.02081	0.01284	0.61870	0.08004	0.04208	0.01938	0.01910	0.03570	0.00876	0.00703	0.00212	0.00739	0.00668	0.00697	0.01161
40	0.01009	0.00771	0.00937	0.00931	0.01102	0.00741	0.00683	0.01441	0.09025	0.02426	0.37602	0.21642	0.15836	0.01609	0.00827	0.00239	0.00375	0.01415	0.00714	0.00674
41	0.02575	0.01894	0.02031	0.01566	0.02098	0.02094	0.01284	0.65599	0.03174	0.04254	0.01700	0.01812	0.01250	0.04358	0.00833	0.00231	0.00764	0.00647	0.00685	0.01151
42	0.15131	0.01332	0.01601	0.01248	0.01774	0.01287	0.01030	0.13380	0.02071	0.50434	0.02307	0.02072	0.01491	0.00826	0.00659	0.00215	0.00612	0.00640	0.00770	0.01120
43	0.01592	0.01547	0.02037	0.39082	0.08715	0.09889	0.04240	0.04749	0.09521	0.02098	0.01633	0.04552	0.01342	0.00817	0.00704	0.00226	0.00875	0.02734	0.02795	0.00850
44	0.00853	0.00696	0.00755	0.00766	0.00967	0.00597	0.00565	0.01048	0.01621	0.02017	0.16724	0.14699	0.52737	0.01764	0.00832	0.00239	0.00356	0.01501	0.00667	0.00597
45	0.02653	0.01955	0.02094	0.01606	0.02164	0.02164	0.01326	0.68796	0.03281	0.04398	0.01675	0.01675	0.01187	0.00838	0.00698	0.00209	0.00768	0.00628	0.00698	0.01187
46	0.02712	0.01173	0.01532	0.01224	0.01681	0.01071	0.00983	0.09680	0.02004	0.53167	0.02746	0.11002	0.02052	0.04536	0.00858	0.00245	0.00593	0.00861	0.00800	0.01078
47	0.00871	0.00636	0.00819	0.00926	0.01010	0.00585	0.00637	0.01034	0.01473	0.01965	0.15554	0.55623	0.12273	0.02011	0.00872	0.00267	0.00386	0.01805	0.00668	0.00585
48	0.02352	0.01479	0.01652	0.01316	0.01762	0.01564	0.01069	0.39636	0.02593	0.15844	0.04758	0.05558	0.01759	0.00924	0.00676	0.00206	0.00626	0.00734	0.14448	0.01044
49	0.06429	0.01751	0.01936	0.01490	0.02038	0.01876	0.01231	0.50747	0.02890	0.19653	0.01888	0.01809	0.01290	0.00835	0.00686	0.00211	0.00717	0.00633	0.00723	0.01167
50	0.03348	0.00668	0.00797	0.00874	0.00950	0.00634	0.00578	0.01041	0.01324	0.01790	0.07898	0.40955	0.13224	0.20829	0.01546	0.00372	0.00467	0.01571	0.00591	0.00544
51	0.00862	0.00616	0.00823	0.00978	0.01026	0.00577	0.00662	0.00996	0.01364	0.01823	0.05968	0.70866	0.04661	0.02155	0.00891	0.00282	0.00409	0.03819	0.00651	0.00572
52	0.01595	0.00934	0.00965	0.00858	0.01107	0.00980	0.00670	0.16255	0.01859	0.02993	0.02146	0.02400	0.01658	0.00818	0.00534	0.00173	0.00422	0.00646	0.62220	0.00767
53	0.00871	0.00628	0.00813	0.00935	0.00997	0.00583	0.00630	0.01010	0.01398	0.01865	0.10517	0.60160	0.08865	0.05959	0.01021	0.00295	0.00409	0.01830	0.00648	0.00570
54	0.01042	0.00720	0.00871	0.00906	0.01062	0.00658	0.00645	0.01273	0.03847	0.06397	0.13198	0.36100	0.23981	0.04783	0.00951	0.00271	0.00408	0.01580	0.00670	0.00637
55	0.00856	0.00627	0.00807	0.00948	0.01018	0.00578	0.00649	0.00992	0.01378	0.01805	0.04254	0.63991	0.13079	0.02124	0.00885	0.00279	0.00406	0.04105	0.00648	0.00572
56	0.03030	0.01194	0.01608	0.01239	0.01764	0.01048	0.01021	0.05434	0.02038	0.66701	0.05416	0.02465	0.01903	0.00885	0.00706	0.00216	0.00589	0.00722	0.00855	0.01167
57	0.01259	0.00678	0.00744	0.00737	0.00874	0.00665	0.00522	0.01504	0.01428	0.05013	0.07768	0.08583	0.02519	0.15486	0.01148	0.00278	0.00410	0.00871	0.48892	0.00622
58	0.01408	0.01336	0.02216	0.14396	0.05795	0.03701	0.20299	0.03960	0.01455	0.01950	0.01849	0.11806	0.01817	0.16500	0.01441	0.00331	0.05267	0.00931	0.02796	0.00748
59	0.01587	0.01323	0.01522	0.01100	0.01713	0.01073	0.00885	0.09540	0.01660	0.02520	0.01291	0.01474	0.01051	0.00554	0.00538	0.00116	0.00546	0.00438	0.00446	0.70622
60	0.01402	0.01321	0.02205	0.59430	0.16224	0.01575	0.01947	0.01906	0.03604	0.01905	0.01304	0.01861	0.00999	0.00692	0.00697	0.00228	0.00901	0.00626	0.00329	0.00843
61	0.00882	0.00630	0.00843	0.00986	0.01046	0.00592	0.00683	0.01036	0.01411	0.01892	0.09678	0.64143	0.04745	0.02101	0.00890	0.00281	0.00415	0.06509	0.00658	0.00580
62	0.01013	0.00684	0.00799	0.00799	0.00813	0.00697	0.00471	0.01039	0.01026	0.01381	0.02164	0.04373	0.02453	0.68008	0.10904	0.00724	0.00803	0.00986	0.00418	0.00444
63	0.01001	0.00777	0.00942	0.00878	0.01110	0.00671	0.00654	0.01261	0.01709	0.02356	0.35403	0.15632	0.19946	0.01479	0.00786	0.00215	0.00375	0.01289	0.00668	0.12849
64	0.02971	0.01152	0.01568	0.01214	0.01726	0.00998	0.00998	0.03245	0.01996	0.66472	0.07827	0.02587	0.02090	0.00906	0.00711	0.00216	0.00574	0.00744	0.00857	0.01148
65	0.01852	0.73812	0.05623	0.01217	0.01826	0.02728	0.01234	0.02093	0.01420	0.01658	0.00978	0.01130	0.00895	0.00599	0.00454	0.00151	0.00754	0.00377	0.00298	0.00899
66	0.01682	0.00865	0.01153	0.00999	0.01282	0.00775	0.00778	0.01985	0.01962	0.25191	0.46476	0.06496	0.04939	0.01267	0.00786	0.00220	0.00418	0.01102	0.00795	0.00828
67	0.29736	0.01213	0.01371	0.01115	0.01591	0.01188	0.00912	0.02806	0.01682	0.44233	0.02195	0.05785	0.01544	0.00859	0.00618	0.00219	0.00565	0.00657	0.00703	0.01005
68	0.00850	0.00607	0.00810	0.00972	0.01012	0.00567	0.00648	0.00972	0.01336	0.01781	0.03846	0.75020	0.04615	0.02186	0.00891	0.00283	0.00405	0.01984	0.00648	0.00567
69	0.30263	0.01241	0.01374	0.01108	0.01590	0.01232	0.00912	0.04909	0.01724	0.41682	0.02066	0.01927	0.01371	0.00784	0.00595	0.00213	0.00566	0.00583	0.04854	0.01007
70	0.28440	0.01299	0.01461	0.01163	0.01669	0.01289	0.00960	0.07909	0.01829	0.44058	0.02087	0.01915	0.01368	0.00791	0.00613	0.00215	0.00589	0.00590	0.00710	0.01046
71	0.02592	0.01612	0.01822	0.01438	0.01950	0.01712	0.01174	0.36577	0.14184	0.23579	0.02206	0.02066	0.01524	0.00863	0.00694	0.00214	0.00666	0.00678	0.03293	0.01156
72	0.00899	0.00672	0.00779	0.00830	0.00940	0.00615	0.00566	0.01029	0.01393	0.01784	0.08742	0.27141	0.27317	0.20292	0.01530	0.00362	0.00457	0.03503	0.00599	0.00547
73	0.01294	0.00694	0.00700	0.00686	0.00863	0.00690	0.00515	0.03538	0.01517	0.02565	0.02662	0.02968	0.07622	0.02658	0.00595	0.00182	0.00349	0.00728	0.68519	0.00656
74	0.00850	0.00607	0.00810	0.00972	0.01012	0.00567	0.00648	0.00972	0.01336	0.01781	0.03846	0.75020	0.04615	0.02186	0.00891	0.00283	0.00405	0.01984	0.00648	0.00567
75	0.01559	0.01723	0.03649	0.13797	0.03702	0.01675	0.55085	0.02106	0.01593	0.02144	0.01500	0.05328	0.01207	0.00681	0.00807	0.00237	0.01102	0.00847	0.00360	0.00898
76	0.80405	0.01350	0.01026	0.00918	0.01350	0.01565	0.00756	0.02051	0.01188	0.03131	0.00972	0.01134	0.00756	0.00648	0.00432	0.00216	0.00540	0.00378	0.00432	0.00756
77	0.00879	0.00626	0.00831	0.00984	0.01031	0.00590	0.00671	0.01009	0.01339	0.01782	0.03748	0.66286	0.04461	0.06040	0.01037	0.00307	0.00437	0.06741	0.00635	0.00565
78	0.01212	0.00606	0.00909	0.00909	0.00909	0.00606	0.00606	0.00909	0.00909	0.01212	0.01212	0.02121	0.01212	0.02424	0.02727	0.79697	0.00606	0.00606	0.00303	0.00303
79	0.01859	0.01666	0.13701	0.01554	0.02083	0.01299	0.10819	0.11462	0.04177	0.17396	0.23055	0.02935	0.02920	0.00963	0.00750	0.00220	0.00692	0.00852	0.00638	0.00961
80	0.00885	0.00629	0.00832	0.00982	0.01029	0.00595	0.00671	0.01014	0.01335	0.01775	0.03711	0.64183	0.04410	0.07633	0.01095	0.00316	0.00445	0.07267	0.00631	0.00562
81	0.01647	0.01882	0.04118	0.02941	0.03647	0.01765	0.68588	0.02235	0.01647	0.02235	0.01412	0.01882	0.01059	0.00588	0.00824	0.00235	0.01176	0.00824	0.00353	0.00941
82	0.01736	0.01499	0.01578	0.01420	0.01815	0.01736	0.01105	0.03708	0.69862	0.02919	0.02840	0.02604	0.02130	0.00947	0.00710	0.00237	0.00552	0.00789	0.00710	0.01105
83	0.80405	0.01350	0.01026	0.00918	0.01350	0.01565	0.00756	0.02051	0.01188	0.03131	0.00972	0.01134	0.00756	0.00648	0.00432	0.00216	0.00540	0.00378	0.00432	0.00756
84	0.00871	0.00622	0.00833	0.00995	0.01045	0.00584	0.00683	0.01007	0.01356	0.01804	0.03835	0.70010	0.04571	0.02167	0.00896	0.00286	0.00423	0.06792	0.00647	0.00572
85	0.02543	0.01854	0.01994	0.01547	0.02083	0.02040	0.01272	0.60471	0.06689	0.06341	0.01995	0.01956	0.04147	0.00883	0.00704	0.00212	0.00734	0.00674	0.00702	0.01158
86	0.00850	0.00607	0.00810	0.00972	0.01012	0.00567	0.00648	0.00972	0.01336	0.01781	0.03846	0.75020	0.04615	0.02186	0.00891	0.00283	0.00405	0.01984	0.00648	0.00567
87	0.00997	0.00748	0.01121	0.01121	0.01246	0.00872	0.00872	0.01246	0.01121	0.01620	0.01869	0.02741	0.01745	0.05234	0.72710	0.01121	0.01869	0.00748	0.00374	0.00623
88	0.01319	0.00787	0.01039	0.00934	0.01157	0.00715	0.00715	0.01639	0.01979	0.13430	0.60247	0.04774	0.05834	0.01340	0.00804	0.00219	0.00370	0.01175	0.00783	0.00740
89	0.01719	0.53101	0.25164	0.01445	0.02179	0.02402	0.01631	0.02128	0.01435	0.01821	0.01059	0.01231	0.00892	0.00618	0.00516	0.00172	0.00836	0.00418	0.00297	0.00938
90	0.17535	0.01204	0.01466	0.01149	0.01661	0.01106	0.00944	0.02931	0.01799	0.50343	0.04935	0.02175	0.01676	0.00817	0.00640	0.00207	0.00567	0.00639	0.00742	0.07465
91	0.01015	0.00677	0.00761	0.00761	0.00761	0.00677	0.00423	0.01015	0.01015	0.01353	0.02199	0.04567	0.02537	0.75476	0.03552	0.00677	0.00677	0.01015	0.00423	0.00423
92	0.00846	0.00708	0.00736	0.00729	0.00955	0.00598	0.00547	0.01042	0.01640	0.02002	0.15187	0.06524	0.62649	0.01724	0.00825	0.00234	0.00350	0.01446	0.00663	0.00598
93	0.01447	0.01240	0.01447	0.01034	0.01654	0.00930	0.00827	0.01757	0.01447	0.02274	0.01240	0.01447	0.01034	0.00517	0.00517	0.00103	0.00517	0.00413	0.00413	0.79742
94	0.01530	0.21788	0.51042	0.01838	0.02743	0.01917	0.05717	0.02181	0.01468	0.02068	0.01189	0.01405	0.00896	0.00642	0.00617	0.00204	0.00967	0.00496	0.00299	0.00992
95	0.80405	0.01350	0.01026	0.00918	0.01350	0.01565	0.00756	0.02051	0.01188	0.03131	0.00972	0.01134	0.00756	0.00648	0.00432	0.00216	0.00540	0.00378	0.00432	0.00756
96	0.01301	0.00650	0.00650	0.00650	0.00813	0.00650	0.00488	0.01626	0.01463	0.02602	0.02276	0.02602	0.01789	0.00813	0.00488	0.00163	0.00325	0.00650	0.79350	0.00650
97	0.01527	0.01527	0.02137	0.01832	0.01832	0.02137	0.01527	0.01679	0.01069	0.01679	0.00916	0.01527	0.00916	0.01221	0.02290	0.00305	0.74198	0.00611	0.00305	0.00763
98	0.01487	0.01393	0.02361	0.41477	0.32787	0.01559	0.01973	0.01901	0.01459	0.01972	0.01270	0.01814	0.01015	0.00733	0.00774	0.03309	0.00875	0.00620	0.00325	0.00897
99	0.00859	0.00614	0.00820	0.00982	0.01026	0.00574	0.00663	0.00987	0.01345	0.01791	0.03841	0.72848	0.04596	0.02178	0.00893	0.00285	0.00413	0.04069	0.00648	0.00569
100	0.00850	0.00607	0.00810	0.00972	0.01012	0.00567	0.00648	0.00972	0.01336	0.01781	0.03846	0.75020	0.04615	0.02186	0.00891	0.00283	0.00405	0.01984	0.00648	0.00567
101	0.01832	0.70635	0.08620	0.01252	0.01881	0.02678	0.01295	0.02098	0.01422	0.01683	0.00991	0.01145	0.00895	0.00602	0.00463	0.00154	0.00767	0.00384	0.00298	0.00905
102	0.00993	0.00717	0.00940	0.00894	0.01058	0.00664	0.00677	0.01322	0.01961	0.02771	0.68149	0.05316	0.06485	0.01446	0.00829	0.00223	0.00341	0.03794	0.00763	0.00658
103	0.01204	0.00928	0.01387	0.01334	0.06450	0.00877	0.06426	0.03590	0.01940	0.04676	0.53693	0.06750	0.05357	0.01289	0.00808	0.00222	0.00460	0.01167	0.00699	0.00743
104	0.04771	0.01986	0.01927	0.07351	0.04542	0.15433	0.01322	0.28945	0.15694	0.08291	0.01801	0.01829	0.01320	0.00814	0.00679	0.00212	0.00815	0.00622	0.00597	0.01050
105	0.80405	0.01350	0.01026	0.00918	0.01350	0.01565	0.00756	0.02051	0.01188	0.03131	0.00972	0.01134	0.00756	0.00648	0.00432	0.00216	0.00540	0.00378	0.00432	0.00756
106	0.00980	0.00713	0.00922	0.00870	0.01038	0.00655	0.00652	0.01302	0.01957	0.02755	0.67751	0.05284	0.09615	0.01443	0.00823	0.00220	0.00330	0.01272	0.00763	0.00655
107	0.03880	0.08933	0.64578	0.01896	0.02877	0.01704	0.02419	0.02196	0.01460	0.02196	0.01223	0.01436	0.00881	0.00658	0.00640	0.00215	0.00995	0.00501	0.00299	0.01013
108	0.80405	0.01350	0.01026	0.00918	0.01350	0.01565	0.00756	0.02051	0.01188	0.03131	0.00972	0.01134	0.00756	0.00648	0.00432	0.00216	0.00540	0.00378	0.00432	0.00756
109	0.02653	0.01955	0.02094	0.01606	0.02164	0.02164	0.01326	0.68796	0.03281	0.04398	0.01675	0.01675	0.01187	0.00838	0.00698	0.00209	0.00768	0.00628	0.00698	0.01187
110	0.01736	0.01499	0.01578	0.01420	0.01815	0.01736	0.01105	0.03708	0.69862	0.02919	0.02840	0.02604	0.02130	0.00947	0.00710	0.00237	0.00552	0.00789	0.00710	0.01105
111	0.01686	0.01690	0.03104	0.07633	0.51310	0.01678	0.18190	0.02145	0.01593	0.02243	0.01333	0.01772	0.01085	0.00618	0.00723	0.00215	0.00918	0.00670	0.00345	0.01048
112	0.01301	0.00650	0.00650	0.00650	0.00813	0.00650	0.00488	0.01626	0.01463	0.02602	0.02276	0.02602	0.01789	0.00813	0.00488	0.00163	0.00325	0.00650	0.79350	0.00650
113	0.01816	0.68205	0.10913	0.01279	0.01922	0.02640	0.01341	0.02102	0.01424	0.01702	0.01000	0.01157	0.00894	0.00604	0.00471	0.00157	0.00777	0.00388	0.00298	0.00910
114	0.00851	0.00622	0.00802	0.00939	0.01005	0.00572	0.00635	0.00985	0.01384	0.01824	0.06222	0.65270	0.12090	0.02116	0.00881	0.00276	0.00397	0.01905	0.00651	0.00572
115	0.01606	0.26878	0.34873	0.01935	0.02754	0.02025	0.16430	0.02176	0.01493	0.02030	0.01195	0.01446	0.00926	0.00625	0.00627	0.00201	0.00970	0.00536	0.00309	0.00967
116	0.01563	0.28908	0.47990	0.01711	0.02590	0.02020	0.02094	0.02168	0.01454	0.02011	0.01154	0.01349	0.00888	0.00640	0.00588	0.00196	0.00932	0.00466	0.00296	0.00984
117	0.02672	0.01924	0.02075	0.01591	0.02149	0.02118	0.01314	0.66170	0.03229	0.07097	0.01719	0.01703	0.01208	0.00839	0.00698	0.00210	0.00761	0.00631	0.00705	0.01187
118	0.01635	0.01573	0.02711	0.19535	0.54388	0.01638	0.04208	0.02066	0.01548	0.02169	0.01300	0.01761	0.01065	0.00637	0.00697	0.00214	0.00862	0.00628	0.00338	0.01027
119	0.00965	0.06242	0.01011	0.00938	0.01010	0.00757	0.00635	0.01065	0.01266	0.01669	0.03239	0.52726	0.03843	0.19523	0.01491	0.00367	0.00495	0.01633	0.00568	0.00557
120	0.01318	0.01240	0.02093	0.73798	0.04806	0.01550	0.01938	0.01783	0.01395	0.01783	0.01240	0.01860	0.00930	0.00698	0.00698	0.00233	0.00930	0.00620	0.00310	0.00775
121	0.03131	0.01188	0.01619	0.01242	0.01781	0.01026	0.01026	0.03401	0.01997	0.71606	0.02753	0.02375	0.01727	0.00864	0.00702	0.00216	0.00594	0.00702	0.00864	0.01188
122	0.00995	0.00812	0.03070	0.00945	0.01128	0.00707	0.00735	0.01347	0.03946	0.02539	0.49485	0.16088	0.10306	0.01547	0.00830	0.00235	0.00381	0.03518	0.00721	0.00664
123	0.03063	0.01297	0.01687	0.01293	0.01836	0.01187	0.01068	0.12693	0.02180	0.62057	0.02600	0.02276	0.01651	0.00860	0.00701	0.00215	0.00619	0.00691	0.00840	0.01187
124	0.00835	0.00707	0.00721	0.00717	0.00949	0.00593	0.00538	0.01021	0.01614	0.01941	0.10959	0.06624	0.66915	0.01746	0.00825	0.00235	0.00352	0.01460	0.00655	0.00593
125	0.00850	0.00607	0.00810	0.00972	0.01012	0.00567	0.00648	0.00972	0.01336	0.01781	0.03846	0.75020	0.04615	0.02186	0.00891	0.00283	0.00405	0.01984	0.00648	0.00567
126	0.01894	0.73076	0.03591	0.01217	0.01805	0.05477	0.01200	0.02117	0.01440	0.01644	0.00974	0.01125	0.00896	0.00602	0.00455	0.00150	0.00766	0.00376	0.00301	0.00892
127	0.00855	0.00609	0.00808	0.00966	0.01005	0.00570	0.00641	0.00973	0.01327	0.01769	0.03800	0.73028	0.04557	0.04259	0.00966	0.00295	0.00413	0.01956	0.00641	0.00563
128	0.01724	0.00884	0.01191	0.01104	0.01383	0.00806	0.00890	0.02005	0.01815	0.25693	0.22676	0.12236	0.06063	0.01448	0.00823	0.00250	0.00503	0.16931	0.00754	0.00821
129	0.01015	0.00677	0.00761	0.00761	0.00761	0.00677	0.00423	0.01015	0.01015	0.01353	0.02199	0.04567	0.02537	0.75476	0.03552	0.00677	0.00677	0.01015	0.00423	0.00423
130	0.01061	0.00799	0.00995	0.00978	0.01145	0.00789	0.00719	0.01573	0.11466	0.02568	0.44827	0.21825	0.05472	0.01543	0.00823	0.00237	0.00379	0.01370	0.00731	0.00700
131	0.00934	0.00689	0.00873	0.00874	0.01021	0.00628	0.00638	0.01195	0.01779	0.02442	0.46819	0.20828	0.15408	0.01643	0.00838	0.00236	0.00349	0.01452	0.00724	0.00628
132	0.01454	0.01420	0.01998	0.01734	0.01751	0.01963	0.01437	0.01620	0.01076	0.01671	0.01047	0.01694	0.01030	0.01773	0.11975	0.00418	0.64251	0.00630	0.00315	0.00744
133	0.01207	0.00762	0.01003	0.00915	0.01118	0.00696	0.00696	0.01530	0.01978	0.09826	0.63809	0.04923	0.06088	0.01369	0.00811	0.00219	0.00356	0.01205	0.00778	0.00712
134	0.01075	0.00785	0.01008	0.01084	0.01229	0.00774	0.00854	0.02999	0.04240	0.02133	0.13292	0.21541	0.09141	0.08169	0.01124	0.00317	0.00527	0.28426	0.00647	0.00637
135	0.00970	0.00666	0.00766	0.00796	0.00821	0.00650	0.00472	0.01006	0.01117	0.01471	0.02865	0.17664	0.08015	0.56518	0.02860	0.00571	0.00603	0.01227	0.00481	0.00462
136	0.01062	0.00724	0.00951	0.00899	0.01070	0.00666	0.00672	0.01374	0.01928	0.05453	0.63064	0.10309	0.06245	0.01461	0.00823	0.00224	0.00345	0.01294	0.00763	0.00673
137	0.00963	0.00696	0.00909	0.00946	0.01074	0.00651	0.00704	0.01217	0.01705	0.02341	0.38626	0.24248	0.08610	0.04174	0.00951	0.00266	0.00404	0.10192	0.00702	0.00621
138	0.00879	0.00660	0.00807	0.00872	0.00992	0.00596	0.00611	0.01057	0.01536	0.02019	0.19337	0.38725	0.23183	0.04223	0.00942	0.00269	0.00383	0.01655	0.00667	0.00588
139	0.00843	0.00679	0.00752	0.00795	0.00969	0.00587	0.00573	0.01014	0.01544	0.01918	0.10491	0.26298	0.47365	0.01865	0.00844	0.00248	0.00367	0.01606	0.00656	0.00587
140	0.00954	0.00693	0.00883	0.00871	0.01011	0.00639	0.00631	0.01216	0.01778	0.02466	0.50270	0.16555	0.11330	0.06348	0.01010	0.00261	0.00366	0.01380	0.00717	0.00623
141	0.01024	0.00748	0.00923	0.01002	0.01121	0.00727	0.00750	0.02680	0.02961	0.01882	0.03900	0.24947	0.14672	0.17864	0.01471	0.00370	0.00539	0.21231	0.00600	0.00588
142	0.01073	0.00724	0.00928	0.00894	0.01070	0.00658	0.00664	0.01349	0.01833	0.06545	0.49139	0.16128	0.13253	0.01551	0.00827	0.00231	0.00359	0.01366	0.00741	0.00667
