[name]
unknown

[dist]
# distance from previous block
# <min> <max>
2	47

[block]
# block no. 0 follows, 27 sequences, length 9
# corresponding to MSA columns:
# 55-63
name=unknown_A
#
# <colnr> <probs for GDERKNQSTAVLIFYWHMCP>
#	G	D	E	R	K	N	Q	S	T	A	V	L	I	F	Y	W	H	M	C	P
0	0.01912	0.10842	0.13501	0.01713	0.05429	0.09841	0.05412	0.07447	0.01809	0.05748	0.01587	0.05176	0.01319	0.00770	0.00653	0.00188	0.00833	0.00622	0.04178	0.21020
1	0.01774	0.01798	0.10011	0.11238	0.05710	0.05002	0.03596	0.05411	0.08943	0.08066	0.02372	0.02527	0.09339	0.00940	0.00886	0.00226	0.07588	0.00744	0.00510	0.13321
2	0.05815	0.07548	0.07718	0.21456	0.08330	0.01757	0.06968	0.04434	0.01606	0.07462	0.01404	0.01774	0.01086	0.00771	0.00886	0.00226	0.09154	0.00613	0.00414	0.10578
3	0.09005	0.01354	0.02058	0.51534	0.04130	0.01641	0.01788	0.02007	0.01470	0.05752	0.01349	0.01880	0.01022	0.00786	0.00855	0.00244	0.07223	0.00627	0.00380	0.04894
4	0.01402	0.01319	0.02227	0.72126	0.05113	0.01649	0.02062	0.01897	0.01484	0.01897	0.01319	0.01979	0.00990	0.00742	0.00742	0.00247	0.00990	0.00660	0.00330	0.00825
5	0.01834	0.01553	0.02342	0.08357	0.15473	0.01539	0.11516	0.11511	0.06562	0.06409	0.06208	0.02619	0.07645	0.00877	0.00754	0.00218	0.00780	0.00801	0.00542	0.12461
6	0.01080	0.00919	0.00985	0.07654	0.01460	0.03940	0.00769	0.01324	0.01699	0.02150	0.12543	0.11739	0.40974	0.01631	0.00829	0.00243	0.00478	0.01377	0.07538	0.00668
7	0.01448	0.00861	0.00931	0.00885	0.01063	0.00946	0.00683	0.01932	0.07424	0.02704	0.02337	0.02659	0.01847	0.00919	0.00723	0.00194	0.07257	0.00701	0.63741	0.00746
8	0.08143	0.08142	0.01891	0.01420	0.01868	0.07000	0.01139	0.23796	0.14622	0.03206	0.05347	0.08951	0.02035	0.03601	0.00816	0.00240	0.00713	0.00813	0.00628	0.05627

[dist]
# distance from previous block
# <min> <max>
0	4

[block]
# block no. 1 follows, 27 sequences, length 13
# corresponding to MSA columns:
# 68-80
name=unknown_B
#
# <colnr> <probs for GDERKNQSTAVLIFYWHMCP>
#	G	D	E	R	K	N	Q	S	T	A	V	L	I	F	Y	W	H	M	C	P
0	0.18051	0.01344	0.01444	0.01073	0.01690	0.01133	0.00864	0.01936	0.01481	0.02613	0.01259	0.01468	0.01037	0.00579	0.00531	0.00135	0.00555	0.00432	0.00444	0.61931
1	0.22100	0.01588	0.03891	0.01480	0.05991	0.09684	0.02905	0.02253	0.08449	0.07663	0.06730	0.12348	0.09746	0.01154	0.00714	0.00240	0.00674	0.00940	0.00581	0.00870
2	0.01876	0.01747	0.02458	0.07802	0.10015	0.08312	0.15210	0.02329	0.03807	0.07384	0.01515	0.01803	0.01180	0.00680	0.00745	0.00191	0.02998	0.00621	0.00446	0.28883
3	0.01030	0.00749	0.00916	0.00879	0.01029	0.00693	0.00626	0.01280	0.01820	0.02498	0.45158	0.05649	0.15755	0.16975	0.01493	0.00340	0.00433	0.01322	0.00719	0.00636
4	0.01798	0.00813	0.00911	0.00826	0.01084	0.00777	0.00641	0.02131	0.01678	0.17027	0.02530	0.02716	0.01889	0.00876	0.00567	0.00185	0.00407	0.00704	0.61627	0.00813
5	0.00903	0.00653	0.00854	0.01016	0.01072	0.00605	0.00681	0.01036	0.01439	0.01902	0.04312	0.69173	0.09020	0.02297	0.00943	0.00298	0.00427	0.02076	0.00689	0.00605
6	0.01276	0.00705	0.00705	0.00705	0.00894	0.00678	0.00529	0.01588	0.01586	0.02606	0.03506	0.03699	0.16172	0.01081	0.00595	0.00190	0.00352	0.00878	0.61578	0.00678
7	0.04874	0.07032	0.05111	0.03735	0.02092	0.04034	0.01470	0.08964	0.01680	0.16630	0.01539	0.01821	0.01203	0.01168	0.03427	0.00293	0.32810	0.00640	0.00502	0.00974
8	0.01768	0.01226	0.01489	0.04392	0.04502	0.01261	0.01045	0.09944	0.16176	0.12263	0.24004	0.04001	0.12347	0.01232	0.00805	0.00238	0.00547	0.01046	0.00753	0.00961
9	0.00925	0.00711	0.00847	0.00903	0.01055	0.00633	0.00643	0.01124	0.01671	0.02168	0.19206	0.33277	0.30205	0.01981	0.00905	0.00267	0.00392	0.01736	0.00716	0.00633
10	0.01503	0.01281	0.01501	0.01096	0.01720	0.00968	0.00869	0.01822	0.01533	0.02389	0.01478	0.05639	0.01317	0.00651	0.00572	0.00121	0.00543	0.00535	0.00454	0.74009
11	0.02533	0.01933	0.01852	0.04434	0.02126	0.16305	0.01236	0.17403	0.11095	0.19842	0.03873	0.04328	0.01756	0.03099	0.00820	0.00235	0.00818	0.00731	0.00672	0.04909
12	0.01645	0.11818	0.18638	0.05035	0.02811	0.01826	0.18758	0.02358	0.09099	0.02330	0.03669	0.03758	0.01452	0.00791	0.00810	0.00224	0.04581	0.00711	0.00420	0.09267

[dist]
# distance from previous block
# <min> <max>
0	9

[block]
# block no. 2 follows, 27 sequences, length 49
# corresponding to MSA columns:
# 90-138
name=unknown_C
#
# <colnr> <probs for GDERKNQSTAVLIFYWHMCP>
#	G	D	E	R	K	N	Q	S	T	A	V	L	I	F	Y	W	H	M	C	P
0	0.01523	0.01336	0.01703	0.01382	0.05172	0.01100	0.03228	0.01846	0.01525	0.02349	0.01499	0.06429	0.01355	0.00717	0.00696	0.00145	0.04368	0.00590	0.00445	0.62591
1	0.00936	0.00808	0.00955	0.00903	0.01150	0.00695	0.04039	0.01133	0.01642	0.01987	0.06660	0.12066	0.56839	0.05587	0.01033	0.00279	0.00444	0.01549	0.00660	0.00635
2	0.05886	0.01637	0.02188	0.01725	0.04482	0.01580	0.11503	0.15666	0.10858	0.07448	0.01764	0.01885	0.01329	0.00728	0.00683	0.00192	0.00739	0.00635	0.00564	0.28510
3	0.01842	0.01616	0.01821	0.01596	0.02033	0.01848	0.04614	0.03862	0.64458	0.03067	0.02942	0.02729	0.02206	0.00987	0.00762	0.00252	0.00622	0.00841	0.00735	0.01166
4	0.02079	0.01745	0.02098	0.06765	0.09919	0.12642	0.08649	0.05900	0.08733	0.14541	0.06829	0.03016	0.11795	0.01006	0.00775	0.00231	0.00819	0.00866	0.00602	0.00991
5	0.02009	0.01694	0.01721	0.01528	0.01960	0.05452	0.01192	0.05894	0.58761	0.06783	0.02878	0.02649	0.02141	0.00986	0.00750	0.00246	0.00637	0.00810	0.00744	0.01166
6	0.01611	0.01922	0.11264	0.28620	0.18815	0.01750	0.20853	0.02176	0.01618	0.02209	0.01391	0.01904	0.01065	0.00686	0.00775	0.00241	0.01054	0.00709	0.00349	0.00987
7	0.00908	0.00756	0.00795	0.00793	0.01033	0.00643	0.00601	0.01120	0.01741	0.02127	0.14622	0.06996	0.59597	0.01843	0.00882	0.00252	0.00383	0.03569	0.00704	0.00637
8	0.00943	0.00719	0.00850	0.00889	0.01040	0.00644	0.00629	0.01142	0.01672	0.02180	0.21677	0.26977	0.29138	0.06730	0.01092	0.00293	0.00409	0.01645	0.00706	0.00626
9	0.00887	0.00752	0.00765	0.00762	0.01009	0.00631	0.00572	0.01084	0.01715	0.02059	0.10920	0.07056	0.65545	0.01860	0.00877	0.00250	0.00375	0.01554	0.00696	0.00631
10	0.00917	0.00685	0.00853	0.00957	0.01064	0.00621	0.00662	0.01088	0.01570	0.02058	0.13127	0.49607	0.19845	0.02121	0.00922	0.00281	0.00408	0.01888	0.00705	0.00621
11	0.01642	0.01705	0.02856	0.07900	0.02740	0.02114	0.19727	0.01960	0.01336	0.01960	0.01149	0.01758	0.01018	0.01067	0.01867	0.00298	0.46986	0.00713	0.00339	0.00866
12	0.01624	0.01624	0.02274	0.01949	0.01949	0.02274	0.01624	0.01787	0.01137	0.01787	0.00975	0.01624	0.00975	0.01299	0.02436	0.00325	0.72552	0.00650	0.00325	0.00812
13	0.01539	0.01319	0.01539	0.01100	0.01759	0.00990	0.00880	0.01869	0.01539	0.02419	0.01319	0.01539	0.01100	0.00550	0.00550	0.00110	0.00550	0.00440	0.00440	0.78449
14	0.01629	0.01639	0.02357	0.01995	0.02025	0.02258	0.04177	0.01810	0.01161	0.01810	0.00995	0.01639	0.00980	0.01273	0.02375	0.00322	0.69749	0.00659	0.00327	0.00820
15	0.01489	0.03840	0.70064	0.02116	0.03213	0.01724	0.02743	0.02351	0.01567	0.02351	0.01332	0.01567	0.00940	0.00705	0.00705	0.00235	0.01097	0.00549	0.00313	0.01097
16	0.02609	0.01740	0.02428	0.09007	0.02711	0.01821	0.11781	0.29493	0.02533	0.22548	0.01989	0.02045	0.01367	0.00856	0.00826	0.00235	0.03450	0.00722	0.00677	0.01160
17	0.01546	0.04058	0.02546	0.50044	0.06971	0.04106	0.08853	0.01999	0.01507	0.01950	0.01291	0.01891	0.01008	0.00781	0.00920	0.00250	0.08418	0.00667	0.00337	0.00862
18	0.01624	0.01624	0.02274	0.01949	0.01949	0.02274	0.01624	0.01787	0.01137	0.01787	0.00975	0.01624	0.00975	0.01299	0.02436	0.00325	0.72552	0.00650	0.00325	0.00812
19	0.01822	0.01741	0.02937	0.04377	0.65776	0.01724	0.02206	0.02257	0.01683	0.02425	0.01392	0.01822	0.01172	0.00656	0.00725	0.00215	0.00865	0.00650	0.00371	0.05185
20	0.00904	0.00646	0.00861	0.01034	0.01077	0.00603	0.00689	0.01034	0.01421	0.01895	0.04092	0.73426	0.04910	0.02326	0.00948	0.00301	0.00431	0.02110	0.00689	0.00603
21	0.02938	0.02363	0.02054	0.01676	0.02193	0.25347	0.01335	0.28564	0.02662	0.20718	0.01866	0.01826	0.01309	0.00855	0.00719	0.00214	0.00946	0.00624	0.00666	0.01126
22	0.01846	0.01595	0.01679	0.01511	0.01930	0.01846	0.01175	0.03945	0.67938	0.03105	0.03022	0.02770	0.02266	0.01007	0.00755	0.00252	0.00588	0.00839	0.00755	0.01175
23	0.01638	0.01248	0.01416	0.01274	0.01610	0.01351	0.00985	0.02936	0.37958	0.07568	0.28554	0.03829	0.04074	0.01199	0.00801	0.00243	0.00499	0.01028	0.00790	0.00997
24	0.01530	0.01319	0.01586	0.05906	0.01986	0.01034	0.00960	0.01871	0.01536	0.02384	0.01319	0.01569	0.01092	0.00563	0.00563	0.00119	0.00580	0.00455	0.00432	0.73196
25	0.00948	0.00715	0.00878	0.00922	0.01068	0.00644	0.00659	0.01171	0.01734	0.02305	0.27801	0.31513	0.23096	0.01920	0.00903	0.00264	0.00388	0.01692	0.00734	0.00644
26	0.00903	0.00651	0.00856	0.01021	0.01073	0.00604	0.00683	0.01035	0.01434	0.01900	0.04246	0.70440	0.07796	0.02306	0.00944	0.00299	0.00428	0.02086	0.00689	0.00604
27	0.02256	0.01876	0.01843	0.01564	0.02023	0.09373	0.01237	0.22189	0.34054	0.06755	0.06882	0.02498	0.02125	0.00977	0.00750	0.00234	0.00723	0.00779	0.00723	0.01139
28	0.01813	0.01739	0.02970	0.08300	0.65724	0.01758	0.02266	0.02257	0.01679	0.02396	0.01392	0.01845	0.01166	0.00666	0.00735	0.00222	0.00888	0.00661	0.00365	0.01156
29	0.02024	0.01346	0.01415	0.01184	0.01553	0.01460	0.00946	0.29206	0.07686	0.03596	0.02202	0.02354	0.01663	0.00887	0.00632	0.00200	0.00563	0.00694	0.39418	0.00970
30	0.00914	0.00654	0.00870	0.01027	0.01079	0.00610	0.00690	0.01059	0.01467	0.01968	0.08476	0.68832	0.05052	0.02271	0.00943	0.00297	0.00425	0.02058	0.00698	0.00610
31	0.01373	0.06965	0.01678	0.23490	0.02546	0.01290	0.01243	0.05979	0.03849	0.03918	0.02750	0.36029	0.02941	0.01513	0.00819	0.00264	0.00672	0.01340	0.00558	0.00782
32	0.02453	0.02920	0.02275	0.06105	0.06781	0.47677	0.03738	0.05998	0.01976	0.02024	0.01196	0.01490	0.00996	0.00829	0.00920	0.00217	0.10574	0.00546	0.00389	0.00898
33	0.02158	0.01133	0.01344	0.01121	0.01501	0.01102	0.00894	0.12102	0.04534	0.24704	0.13608	0.03286	0.07140	0.01065	0.00716	0.00217	0.00521	0.00876	0.21002	0.00977
34	0.01837	0.10903	0.07875	0.01612	0.02121	0.01967	0.04718	0.06889	0.41870	0.02832	0.02587	0.02508	0.04495	0.00954	0.00788	0.00240	0.03303	0.00774	0.00625	0.01102
35	0.01830	0.01397	0.01620	0.08502	0.02081	0.01535	0.01158	0.12734	0.29229	0.07725	0.14920	0.03390	0.08430	0.01122	0.00783	0.00242	0.00606	0.00940	0.00727	0.01027
36	0.00959	0.00794	0.00911	0.00910	0.01096	0.00745	0.00678	0.01160	0.01670	0.02119	0.15797	0.18073	0.43808	0.01863	0.00995	0.00262	0.05266	0.01565	0.00684	0.00646
37	0.01404	0.01097	0.01259	0.01120	0.01427	0.01082	0.00850	0.09210	0.12487	0.02795	0.23596	0.12672	0.11673	0.05004	0.00954	0.00254	0.00498	0.01178	0.00701	0.10738
38	0.33155	0.01706	0.01652	0.01363	0.01845	0.05421	0.01114	0.19507	0.06126	0.14827	0.01678	0.01708	0.01208	0.00839	0.00721	0.00232	0.04677	0.00575	0.00619	0.01029
39	0.01402	0.01319	0.02227	0.72126	0.05113	0.01649	0.02062	0.01897	0.01484	0.01897	0.01319	0.01979	0.00990	0.00742	0.00742	0.00247	0.00990	0.00660	0.00330	0.00825
40	0.01485	0.01404	0.02377	0.59233	0.17357	0.01671	0.02103	0.01970	0.01524	0.01998	0.01334	0.01952	0.01025	0.00727	0.00741	0.00242	0.00969	0.00660	0.00337	0.00892
41	0.00903	0.00650	0.00857	0.01022	0.01074	0.00604	0.00684	0.01035	0.01432	0.01899	0.04229	0.70775	0.07472	0.02308	0.00945	0.00299	0.00429	0.02089	0.00689	0.00604
42	0.01364	0.01229	0.01940	0.40005	0.11029	0.01434	0.01672	0.01859	0.05927	0.02033	0.02122	0.19791	0.02071	0.01162	0.00844	0.00260	0.02942	0.01033	0.00452	0.00832
43	0.01434	0.01302	0.01927	0.26382	0.02974	0.01420	0.03695	0.01799	0.01417	0.02035	0.01385	0.01942	0.01165	0.01523	0.12113	0.00366	0.10868	0.00618	0.00376	0.25260
44	0.46256	0.01634	0.01545	0.10314	0.02105	0.06418	0.01160	0.06614	0.04818	0.02950	0.01221	0.01478	0.00961	0.00800	0.00769	0.00241	0.08889	0.00508	0.00456	0.00861
45	0.05473	0.12833	0.01881	0.01390	0.01577	0.01662	0.01123	0.04032	0.04063	0.02115	0.05596	0.27193	0.02718	0.01510	0.01289	0.00274	0.22815	0.01156	0.00516	0.00785
46	0.02074	0.01545	0.01693	0.01406	0.01812	0.01669	0.01121	0.40083	0.02687	0.03587	0.03127	0.15822	0.12876	0.01326	0.00848	0.00243	0.02896	0.01078	0.03099	0.01007
47	0.02077	0.06171	0.06440	0.01611	0.05622	0.03907	0.03596	0.12839	0.06454	0.11064	0.01696	0.01790	0.01277	0.00712	0.00650	0.00177	0.00725	0.00575	0.00545	0.32072
48	0.01407	0.08525	0.01414	0.01142	0.01395	0.06658	0.00868	0.03420	0.06138	0.04413	0.07852	0.28482	0.13424	0.05241	0.00967	0.00274	0.00582	0.03646	0.00628	0.03524

[dist]
# distance from previous block
# <min> <max>
2	16

[block]
# block no. 3 follows, 27 sequences, length 11
# corresponding to MSA columns:
# 155-165
name=unknown_D
#
# <colnr> <probs for GDERKNQSTAVLIFYWHMCP>
#	G	D	E	R	K	N	Q	S	T	A	V	L	I	F	Y	W	H	M	C	P
0	0.01686	0.01345	0.01662	0.09524	0.02137	0.01295	0.01114	0.07762	0.06907	0.05930	0.01831	0.08062	0.01610	0.03644	0.00894	0.00207	0.05290	0.00714	0.00517	0.37869
1	0.01831	0.01386	0.01846	0.19894	0.02708	0.01391	0.01322	0.05050	0.05291	0.11687	0.01626	0.01877	0.01233	0.00756	0.00809	0.00194	0.06871	0.00590	0.00498	0.33141
2	0.02571	0.01316	0.01627	0.01333	0.01808	0.01293	0.01071	0.06361	0.19858	0.38938	0.12647	0.03003	0.02689	0.01030	0.00768	0.00236	0.00587	0.00856	0.00852	0.01156
3	0.01140	0.00786	0.00890	0.00858	0.01083	0.00687	0.00630	0.01341	0.01719	0.07926	0.16880	0.10886	0.41455	0.09000	0.01162	0.00297	0.00432	0.01447	0.00707	0.00675
4	0.01065	0.00777	0.01102	0.01102	0.01203	0.00878	0.00814	0.01267	0.01166	0.01656	0.02072	0.03380	0.02057	0.21869	0.54942	0.01080	0.01686	0.00863	0.00410	0.00612
5	0.00904	0.00646	0.00861	0.01034	0.01077	0.00603	0.00689	0.01034	0.01421	0.01895	0.04092	0.73426	0.04910	0.02326	0.00948	0.00301	0.00431	0.02110	0.00689	0.00603
6	0.01080	0.00720	0.00810	0.00810	0.00810	0.00720	0.00450	0.01080	0.01080	0.01439	0.02339	0.04858	0.02699	0.73910	0.03779	0.00720	0.00720	0.01080	0.00450	0.00450
7	0.01539	0.01319	0.01539	0.01100	0.01759	0.00990	0.00880	0.01869	0.01539	0.02419	0.01319	0.01539	0.01100	0.00550	0.00550	0.00110	0.00550	0.00440	0.00440	0.78449
8	0.30980	0.01537	0.01529	0.01193	0.01762	0.01544	0.00973	0.16849	0.01882	0.03279	0.01318	0.01470	0.01026	0.00680	0.00560	0.00181	0.00620	0.00478	0.00516	0.31623
9	0.02512	0.01727	0.01912	0.01540	0.02073	0.01862	0.01246	0.30323	0.25715	0.15770	0.02401	0.02251	0.01710	0.00921	0.00739	0.00229	0.00691	0.00732	0.00765	0.04884
10	0.02003	0.21141	0.06664	0.01638	0.06756	0.04138	0.01350	0.08772	0.08649	0.07197	0.01561	0.01687	0.01234	0.00741	0.00704	0.00186	0.04286	0.00548	0.00483	0.20265

[dist]
# distance from previous block
# <min> <max>
2	14

[block]
# block no. 4 follows, 27 sequences, length 6
# corresponding to MSA columns:
# 180-185
name=unknown_E
#
# <colnr> <probs for GDERKNQSTAVLIFYWHMCP>
#	G	D	E	R	K	N	Q	S	T	A	V	L	I	F	Y	W	H	M	C	P
0	0.01921	0.12504	0.14771	0.01683	0.02223	0.07135	0.01572	0.09217	0.22550	0.02617	0.01799	0.01903	0.01403	0.00892	0.00932	0.00233	0.11127	0.00635	0.00508	0.04377
1	0.00887	0.00713	0.00792	0.00855	0.01030	0.00618	0.00610	0.01054	0.01593	0.01965	0.06269	0.31344	0.45587	0.02043	0.00903	0.00269	0.00396	0.01765	0.00689	0.00618
2	0.02744	0.08357	0.02347	0.01704	0.02268	0.13387	0.01403	0.51142	0.03102	0.03973	0.01618	0.01662	0.01187	0.00849	0.00709	0.00212	0.00899	0.00615	0.00649	0.01172
3	0.02009	0.25455	0.16417	0.01847	0.02483	0.02195	0.10982	0.07331	0.01718	0.09588	0.01414	0.01639	0.01099	0.00799	0.00927	0.00225	0.11831	0.00593	0.00424	0.01024
4	0.01081	0.00706	0.00937	0.00983	0.01059	0.00661	0.00662	0.01110	0.01341	0.01828	0.10021	0.34797	0.03688	0.10548	0.01770	0.21266	0.00520	0.01417	0.00562	0.05044
5	0.01770	0.01773	0.02510	0.15654	0.41236	0.09116	0.01929	0.02167	0.01690	0.02233	0.01823	0.02198	0.06337	0.00774	0.00729	0.00217	0.00891	0.00697	0.00392	0.05865

[dist]
# distance from previous block
# <min> <max>
1	13

[block]
# block no. 5 follows, 27 sequences, length 30
# corresponding to MSA columns:
# 199-228
name=unknown_F
#
# <colnr> <probs for GDERKNQSTAVLIFYWHMCP>
#	G	D	E	R	K	N	Q	S	T	A	V	L	I	F	Y	W	H	M	C	P
0	0.04648	0.07790	0.07864	0.01466	0.02055	0.07892	0.01281	0.15243	0.13864	0.07612	0.01995	0.02016	0.03698	0.00815	0.00665	0.00197	0.00747	0.00625	0.00572	0.18955
1	0.12628	0.09796	0.02010	0.04008	0.07955	0.16586	0.01197	0.02226	0.01632	0.02324	0.01218	0.01453	0.01015	0.00642	0.00578	0.00164	0.00796	0.00465	0.00407	0.32901
2	0.01115	0.00771	0.01015	0.01073	0.01191	0.00769	0.00762	0.01410	0.05295	0.04868	0.12649	0.41361	0.04295	0.06578	0.12745	0.00458	0.00712	0.01597	0.00659	0.00678
3	0.01090	0.00837	0.01178	0.12613	0.01761	0.00844	0.00922	0.01437	0.01917	0.02667	0.49850	0.13305	0.05761	0.01490	0.00863	0.00244	0.00465	0.01325	0.00722	0.00709
4	0.00912	0.00652	0.00868	0.01029	0.01078	0.00608	0.00690	0.01051	0.01454	0.01947	0.07223	0.70145	0.05011	0.02287	0.00944	0.00298	0.00427	0.02073	0.00695	0.00608
5	0.00885	0.00752	0.00762	0.00760	0.01007	0.00630	0.00570	0.01080	0.01710	0.02047	0.10166	0.07075	0.66306	0.01864	0.00877	0.00250	0.00375	0.01557	0.00695	0.00630
6	0.02394	0.01052	0.01418	0.01169	0.01573	0.00926	0.00931	0.02694	0.02076	0.42530	0.26074	0.07639	0.03821	0.01209	0.00803	0.00235	0.00522	0.01033	0.00870	0.01029
7	0.01080	0.00720	0.00810	0.00810	0.00810	0.00720	0.00450	0.01080	0.01080	0.01439	0.02339	0.04858	0.02699	0.73910	0.03779	0.00720	0.00720	0.01080	0.00450	0.00450
8	0.01985	0.74357	0.03890	0.01270	0.01905	0.02937	0.01270	0.02223	0.01508	0.01747	0.01032	0.01191	0.00953	0.00635	0.00476	0.00159	0.00794	0.00397	0.00318	0.00953
9	0.23086	0.01308	0.01558	0.01231	0.01775	0.01241	0.01016	0.03244	0.01900	0.52477	0.02435	0.02183	0.01568	0.00859	0.00672	0.00230	0.00617	0.00657	0.00799	0.01144
10	0.01846	0.01595	0.01679	0.01511	0.01930	0.01846	0.01175	0.03945	0.67938	0.03105	0.03022	0.02770	0.02266	0.01007	0.00755	0.00252	0.00588	0.00839	0.00755	0.01175
11	0.01289	0.00645	0.00967	0.00967	0.00967	0.00645	0.00645	0.00967	0.00967	0.01289	0.01289	0.02257	0.01289	0.02579	0.02901	0.78401	0.00645	0.00645	0.00322	0.00322
12	0.01813	0.01762	0.03077	0.07248	0.62041	0.01767	0.06779	0.02270	0.01686	0.02400	0.01401	0.01855	0.01165	0.00662	0.00745	0.00224	0.00912	0.00676	0.00366	0.01149
13	0.01624	0.01624	0.02274	0.01949	0.01949	0.02274	0.01624	0.01787	0.01137	0.01787	0.00975	0.01624	0.00975	0.01299	0.02436	0.00325	0.72552	0.00650	0.00325	0.00812
14	0.03331	0.01263	0.01723	0.01321	0.01895	0.01091	0.01091	0.03618	0.02125	0.69794	0.02929	0.02527	0.01838	0.00919	0.00747	0.00230	0.00632	0.00747	0.00919	0.01263
15	0.01687	0.01610	0.02742	0.27881	0.47129	0.01724	0.02204	0.02147	0.01619	0.02243	0.01370	0.01886	0.01112	0.00689	0.00737	0.00230	0.00919	0.00661	0.00354	0.01055
16	0.01489	0.03840	0.70064	0.02116	0.03213	0.01724	0.02743	0.02351	0.01567	0.02351	0.01332	0.01567	0.00940	0.00705	0.00705	0.00235	0.01097	0.00549	0.00313	0.01097
17	0.01196	0.00854	0.01196	0.01367	0.01538	0.00854	0.01196	0.01538	0.01709	0.02222	0.03931	0.08374	0.04272	0.02051	0.01025	0.00342	0.00684	0.64283	0.00684	0.00684
18	0.01075	0.00775	0.01026	0.01006	0.01181	0.00726	0.00783	0.01424	0.02036	0.02851	0.58061	0.06017	0.06549	0.01607	0.00901	0.00252	0.00406	0.11833	0.00795	0.00698
19	0.04717	0.05804	0.02550	0.19561	0.26084	0.01866	0.04218	0.14533	0.01936	0.02720	0.01464	0.01851	0.01153	0.00757	0.00766	0.00226	0.03384	0.00647	0.04725	0.01036
20	0.03283	0.01340	0.01770	0.01357	0.01933	0.01205	0.01121	0.09549	0.02253	0.63681	0.02821	0.02457	0.01784	0.00916	0.00746	0.00229	0.00649	0.00739	0.00902	0.01263
21	0.02822	0.02079	0.02228	0.01708	0.02302	0.02302	0.01411	0.66804	0.03490	0.04679	0.01782	0.01782	0.01262	0.00891	0.00743	0.00223	0.00817	0.00668	0.00743	0.01262
22	0.01453	0.02869	0.48217	0.01778	0.02569	0.01404	0.02103	0.02085	0.01542	0.06066	0.02042	0.16452	0.01898	0.05097	0.00927	0.00275	0.00914	0.00908	0.00432	0.00970
23	0.27333	0.04741	0.20336	0.01582	0.04367	0.04281	0.01525	0.12976	0.01826	0.03052	0.03664	0.01609	0.01185	0.00743	0.00614	0.00215	0.00793	0.00534	0.00467	0.08157
24	0.01068	0.00744	0.00930	0.00913	0.00987	0.00751	0.00606	0.01215	0.01393	0.01930	0.21363	0.04713	0.03785	0.41096	0.14795	0.00664	0.00837	0.01105	0.00546	0.00559
25	0.00904	0.00646	0.00861	0.01034	0.01077	0.00603	0.00689	0.01034	0.01421	0.01895	0.04092	0.73426	0.04910	0.02326	0.00948	0.00301	0.00431	0.02110	0.00689	0.00603
26	0.02416	0.01995	0.05451	0.13476	0.07881	0.02110	0.01637	0.45902	0.05330	0.03884	0.01702	0.01845	0.01233	0.00845	0.00741	0.00228	0.00855	0.00667	0.00627	0.01173
27	0.10835	0.02173	0.18260	0.09046	0.31463	0.01765	0.02062	0.05420	0.07264	0.02631	0.01487	0.01788	0.01157	0.00722	0.00698	0.00230	0.00878	0.00620	0.00413	0.01087
28	0.01375	0.00790	0.00942	0.00891	0.00988	0.00761	0.00565	0.01457	0.01328	0.10558	0.07820	0.07246	0.02992	0.53298	0.02929	0.00582	0.00655	0.01085	0.03149	0.00590
29	0.19315	0.01300	0.01590	0.01248	0.01798	0.01212	0.01031	0.03315	0.01943	0.55783	0.02529	0.02248	0.01620	0.00870	0.00686	0.00230	0.00620	0.00674	0.00822	0.01167

[dist]
# distance from previous block
# <min> <max>
0	1

[block]
# block no. 6 follows, 27 sequences, length 6
# corresponding to MSA columns:
# 230-235
name=unknown_G
#
# <colnr> <probs for GDERKNQSTAVLIFYWHMCP>
#	G	D	E	R	K	N	Q	S	T	A	V	L	I	F	Y	W	H	M	C	P
0	0.01834	0.01116	0.01391	0.07333	0.01817	0.01108	0.00995	0.04639	0.12598	0.20447	0.16651	0.07314	0.17065	0.01300	0.00809	0.00243	0.00544	0.01103	0.00756	0.00937
1	0.01356	0.01350	0.02406	0.34882	0.03695	0.01438	0.18773	0.01804	0.01611	0.02053	0.03014	0.03357	0.19075	0.01013	0.00814	0.00249	0.00896	0.00958	0.00437	0.00819
2	0.01256	0.00936	0.01337	0.19837	0.02206	0.00967	0.01070	0.01624	0.01897	0.06398	0.40858	0.04592	0.11509	0.01315	0.00833	0.00239	0.00539	0.01150	0.00680	0.00758
3	0.02170	0.01213	0.01477	0.04500	0.01702	0.01295	0.01020	0.13140	0.01979	0.20728	0.02231	0.02370	0.01629	0.00928	0.00849	0.00217	0.08870	0.00696	0.32029	0.00959
4	0.01032	0.00658	0.00816	0.00943	0.01021	0.00627	0.00644	0.01218	0.01457	0.02127	0.03648	0.54668	0.04112	0.01938	0.00834	0.00267	0.00408	0.01734	0.21222	0.00627
5	0.07275	0.34122	0.06806	0.01253	0.01738	0.05106	0.01144	0.01910	0.01502	0.02013	0.01899	0.20436	0.02007	0.01090	0.00631	0.00203	0.00701	0.00870	0.00442	0.08852

[dist]
# distance from previous block
# <min> <max>
2	4

[block]
# block no. 7 follows, 27 sequences, length 64
# corresponding to MSA columns:
# 240-279,281-304
name=unknown_H
#
# <colnr> <probs for GDERKNQSTAVLIFYWHMCP>
#	G	D	E	R	K	N	Q	S	T	A	V	L	I	F	Y	W	H	M	C	P
0	0.01582	0.02512	0.38963	0.01618	0.02344	0.01311	0.01852	0.02179	0.01738	0.11187	0.17048	0.02997	0.05278	0.05056	0.00928	0.00262	0.00818	0.00824	0.00528	0.00974
1	0.19565	0.07879	0.06086	0.01737	0.06112	0.13077	0.01398	0.29663	0.02402	0.03426	0.01407	0.01528	0.01064	0.00782	0.00645	0.00215	0.00865	0.00550	0.00542	0.01058
2	0.01513	0.01482	0.05140	0.03868	0.01643	0.12966	0.01024	0.03782	0.02021	0.05321	0.38733	0.10174	0.06688	0.01351	0.00823	0.00233	0.00620	0.01152	0.00683	0.00784
3	0.09822	0.23826	0.10497	0.01495	0.02107	0.02238	0.01406	0.22150	0.11332	0.03106	0.04142	0.01801	0.01442	0.00812	0.00637	0.00210	0.00769	0.00595	0.00541	0.01071
4	0.79154	0.01436	0.01091	0.00976	0.01436	0.01665	0.00804	0.02182	0.01263	0.03331	0.01034	0.01206	0.00804	0.00689	0.00459	0.00230	0.00574	0.00402	0.00459	0.00804
5	0.74656	0.05686	0.01254	0.00993	0.01463	0.01740	0.00831	0.02185	0.01278	0.03238	0.01034	0.01205	0.00813	0.00686	0.00460	0.00226	0.00587	0.00402	0.00451	0.00813
6	0.02524	0.01931	0.02060	0.01648	0.02189	0.02163	0.01339	0.47592	0.23188	0.04198	0.02161	0.02084	0.01569	0.00927	0.00747	0.00232	0.00747	0.00721	0.00747	0.01236
7	0.00877	0.00752	0.00752	0.00752	0.01003	0.00627	0.00564	0.01065	0.01692	0.02005	0.07520	0.07144	0.68978	0.01880	0.00877	0.00251	0.00376	0.01567	0.00689	0.00627
8	0.01065	0.00778	0.01105	0.01105	0.01206	0.00880	0.00817	0.01269	0.01167	0.01658	0.02069	0.03365	0.02051	0.21357	0.55445	0.01084	0.01695	0.00861	0.00410	0.00614
9	0.02101	0.47772	0.07700	0.01610	0.04890	0.16837	0.01438	0.02488	0.05516	0.01908	0.01207	0.01365	0.01039	0.00689	0.00558	0.00179	0.00918	0.00461	0.00358	0.00965
10	0.02782	0.05394	0.02298	0.01696	0.02284	0.04919	0.01406	0.61484	0.03349	0.04438	0.01725	0.01739	0.01237	0.00875	0.00728	0.00219	0.00836	0.00649	0.00710	0.01233
11	0.01588	0.17927	0.56845	0.01947	0.02952	0.01966	0.02449	0.02325	0.01556	0.02230	0.01272	0.01492	0.00943	0.00691	0.00660	0.00220	0.01037	0.00518	0.00314	0.01068
12	0.00904	0.00646	0.00861	0.01034	0.01077	0.00603	0.00689	0.01034	0.01421	0.01895	0.04092	0.73426	0.04910	0.02326	0.00948	0.00301	0.00431	0.02110	0.00689	0.00603
13	0.01001	0.00798	0.00892	0.00869	0.01086	0.00726	0.00644	0.01344	0.05653	0.02363	0.27287	0.08574	0.39330	0.04919	0.01001	0.00268	0.00397	0.01447	0.00725	0.00674
14	0.00904	0.00646	0.00861	0.01034	0.01077	0.00603	0.00689	0.01034	0.01421	0.01895	0.04092	0.73426	0.04910	0.02326	0.00948	0.00301	0.00431	0.02110	0.00689	0.00603
15	0.01402	0.01319	0.02227	0.72126	0.05113	0.01649	0.02062	0.01897	0.01484	0.01897	0.01319	0.01979	0.00990	0.00742	0.00742	0.00247	0.00990	0.00660	0.00330	0.00825
16	0.01809	0.01724	0.02933	0.04415	0.66275	0.01724	0.02230	0.02245	0.01691	0.02416	0.01509	0.02127	0.01313	0.00723	0.00748	0.00226	0.00873	0.03483	0.00381	0.01154
17	0.01489	0.03840	0.70064	0.02116	0.03213	0.01724	0.02743	0.02351	0.01567	0.02351	0.01332	0.01567	0.00940	0.00705	0.00705	0.00235	0.01097	0.00549	0.00313	0.01097
18	0.01539	0.01319	0.01539	0.01100	0.01759	0.00990	0.00880	0.01869	0.01539	0.02419	0.01319	0.01539	0.01100	0.00550	0.00550	0.00110	0.00550	0.00440	0.00440	0.78449
19	0.01121	0.00762	0.00905	0.00890	0.00925	0.00799	0.00561	0.01196	0.01175	0.01651	0.05207	0.04403	0.02675	0.55253	0.10304	0.00690	0.03601	0.01016	0.06348	0.00515
20	0.48728	0.01581	0.01545	0.05307	0.04931	0.01778	0.01100	0.17183	0.01866	0.07879	0.01363	0.01497	0.01005	0.00753	0.00572	0.00229	0.00671	0.00512	0.00544	0.00958
21	0.79154	0.01436	0.01091	0.00976	0.01436	0.01665	0.00804	0.02182	0.01263	0.03331	0.01034	0.01206	0.00804	0.00689	0.00459	0.00230	0.00574	0.00402	0.00459	0.00804
22	0.01384	0.00692	0.00692	0.00692	0.00865	0.00692	0.00519	0.01730	0.01557	0.02768	0.02422	0.02768	0.01903	0.00865	0.00519	0.00173	0.00346	0.00692	0.78031	0.00692
23	0.01089	0.00784	0.01046	0.01049	0.01223	0.00741	0.00832	0.01437	0.01997	0.02776	0.51638	0.06296	0.06279	0.01659	0.00915	0.00262	0.00439	0.18057	0.00782	0.00696
24	0.02689	0.02013	0.02153	0.01681	0.02252	0.02240	0.01379	0.58240	0.12271	0.04464	0.01951	0.01917	0.01399	0.00907	0.00744	0.00227	0.00786	0.00692	0.00744	0.01251
25	0.01846	0.01595	0.01679	0.01511	0.01930	0.01846	0.01175	0.03945	0.67938	0.03105	0.03022	0.02770	0.02266	0.01007	0.00755	0.00252	0.00588	0.00839	0.00755	0.01175
26	0.01493	0.00872	0.01202	0.01273	0.01481	0.00831	0.01047	0.01770	0.01707	0.13911	0.03798	0.24143	0.04013	0.01925	0.00957	0.00312	0.00609	0.37167	0.00726	0.00764
27	0.01489	0.03840	0.70064	0.02116	0.03213	0.01724	0.02743	0.02351	0.01567	0.02351	0.01332	0.01567	0.00940	0.00705	0.00705	0.00235	0.01097	0.00549	0.00313	0.01097
28	0.03331	0.01263	0.01723	0.01321	0.01895	0.01091	0.01091	0.03618	0.02125	0.69794	0.02929	0.02527	0.01838	0.00919	0.00747	0.00230	0.00632	0.00747	0.00919	0.01263
29	0.01168	0.00787	0.01019	0.00945	0.01147	0.00718	0.00714	0.01505	0.02079	0.06656	0.61623	0.05470	0.10328	0.01505	0.00868	0.00234	0.00367	0.01322	0.00815	0.00728
30	0.03331	0.01263	0.01723	0.01321	0.01895	0.01091	0.01091	0.03618	0.02125	0.69794	0.02929	0.02527	0.01838	0.00919	0.00747	0.00230	0.00632	0.00747	0.00919	0.01263
31	0.01440	0.01372	0.02235	0.60016	0.04567	0.01757	0.01986	0.01878	0.01424	0.01878	0.01260	0.01918	0.00987	0.00838	0.01035	0.00261	0.13339	0.00658	0.00329	0.00823
32	0.01857	0.00869	0.01032	0.00920	0.01189	0.00829	0.00710	0.02195	0.03964	0.19596	0.07802	0.02889	0.02259	0.01071	0.00801	0.06384	0.00450	0.00759	0.43600	0.00824
33	0.00904	0.00646	0.00861	0.01034	0.01077	0.00603	0.00689	0.01034	0.01421	0.01895	0.04092	0.73426	0.04910	0.02326	0.00948	0.00301	0.00431	0.02110	0.00689	0.00603
34	0.31164	0.01364	0.01792	0.44892	0.03705	0.01655	0.01580	0.02006	0.01400	0.02446	0.01210	0.01683	0.00919	0.00722	0.00634	0.00241	0.00831	0.00561	0.00379	0.00817
35	0.01772	0.00923	0.01170	0.01014	0.01330	0.00815	0.00785	0.02045	0.01958	0.24944	0.29009	0.04870	0.19348	0.05449	0.00995	0.00263	0.00471	0.01181	0.00801	0.00857
36	0.00953	0.00733	0.00879	0.00965	0.01105	0.00674	0.00687	0.01200	0.04055	0.02072	0.10134	0.41508	0.25768	0.02059	0.00915	0.00279	0.00422	0.04247	0.00701	0.00643
37	0.01489	0.03840	0.70064	0.02116	0.03213	0.01724	0.02743	0.02351	0.01567	0.02351	0.01332	0.01567	0.00940	0.00705	0.00705	0.00235	0.01097	0.00549	0.00313	0.01097
38	0.01586	0.04673	0.04219	0.01288	0.04592	0.01113	0.01017	0.01928	0.01586	0.04746	0.04471	0.04547	0.01526	0.00689	0.00597	0.00139	0.00584	0.00567	0.00470	0.59662
39	0.02536	0.20972	0.02587	0.01873	0.05219	0.50996	0.01432	0.02750	0.01938	0.01827	0.01130	0.01325	0.00965	0.00728	0.00625	0.00185	0.01183	0.00466	0.00366	0.00898
40	0.79154	0.01436	0.01091	0.00976	0.01436	0.01665	0.00804	0.02182	0.01263	0.03331	0.01034	0.01206	0.00804	0.00689	0.00459	0.00230	0.00574	0.00402	0.00459	0.00804
41	0.01595	0.07786	0.15881	0.01306	0.01873	0.03875	0.01268	0.02047	0.03796	0.08888	0.12083	0.05253	0.13805	0.01064	0.00720	0.00206	0.00662	0.00872	0.00560	0.16459
42	0.01717	0.20679	0.45684	0.01813	0.02719	0.01975	0.02181	0.04942	0.01675	0.04949	0.04164	0.01688	0.01245	0.00738	0.00660	0.00216	0.00963	0.00557	0.00376	0.01059
43	0.00922	0.00774	0.00842	0.03373	0.01168	0.00675	0.00639	0.01146	0.01746	0.02147	0.16466	0.06718	0.57246	0.01785	0.00872	0.00248	0.00394	0.01500	0.00695	0.00645
44	0.01509	0.03701	0.65100	0.02192	0.03263	0.01736	0.07567	0.02353	0.01581	0.02353	0.01345	0.01600	0.00954	0.00699	0.00718	0.00236	0.01109	0.00573	0.00318	0.01090
45	0.10203	0.02076	0.14554	0.19445	0.05375	0.01861	0.01763	0.25226	0.02242	0.07940	0.01573	0.01787	0.01125	0.00793	0.00706	0.00232	0.00875	0.00622	0.00530	0.01071
46	0.01824	0.01641	0.02352	0.21599	0.28121	0.04498	0.01820	0.12635	0.04063	0.02713	0.09623	0.02323	0.01868	0.00839	0.00753	0.00229	0.00845	0.00742	0.00485	0.01025
47	0.00904	0.00646	0.00861	0.01034	0.01077	0.00603	0.00689	0.01034	0.01421	0.01895	0.04092	0.73426	0.04910	0.02326	0.00948	0.00301	0.00431	0.02110	0.00689	0.00603
48	0.00897	0.00747	0.00784	0.00787	0.01018	0.00633	0.00585	0.01099	0.01720	0.02102	0.13823	0.10680	0.58838	0.01867	0.00881	0.00252	0.00376	0.01573	0.00703	0.00633
49	0.32199	0.02308	0.19555	0.07319	0.02432	0.05685	0.01577	0.15749	0.01873	0.03153	0.01298	0.01492	0.00959	0.00744	0.00618	0.00229	0.00839	0.00521	0.00465	0.00981
50	0.01025	0.00752	0.00961	0.00922	0.01097	0.00688	0.00687	0.01347	0.02022	0.02819	0.59139	0.09658	0.12913	0.01600	0.00880	0.00239	0.00357	0.01409	0.00797	0.00688
51	0.00904	0.00646	0.00861	0.01034	0.01077	0.00603	0.00689	0.01034	0.01421	0.01895	0.04092	0.73426	0.04910	0.02326	0.00948	0.00301	0.00431	0.02110	0.00689	0.00603
52	0.01518	0.01438	0.02437	0.54052	0.22277	0.01680	0.02120	0.01999	0.01540	0.02038	0.01340	0.01941	0.01039	0.00721	0.00740	0.00240	0.00961	0.00660	0.00340	0.00919
53	0.01797	0.12817	0.47203	0.01912	0.02838	0.01989	0.02263	0.13512	0.04194	0.02699	0.01429	0.01596	0.01044	0.00739	0.00683	0.00223	0.00991	0.00559	0.00403	0.01109
54	0.01196	0.00854	0.01196	0.01367	0.01538	0.00854	0.01196	0.01538	0.01709	0.02222	0.03931	0.08374	0.04272	0.02051	0.01025	0.00342	0.00684	0.64283	0.00684	0.00684
55	0.01051	0.00759	0.00992	0.00934	0.01109	0.00700	0.00700	0.01401	0.02101	0.02977	0.68888	0.05545	0.07005	0.01518	0.00876	0.00233	0.00350	0.01343	0.00817	0.00700
56	0.01733	0.01483	0.02439	0.42979	0.25131	0.01667	0.02036	0.04398	0.01667	0.07214	0.01480	0.01968	0.01121	0.00735	0.00740	0.00237	0.00923	0.00667	0.00400	0.00984
57	0.01040	0.00728	0.00899	0.00987	0.01038	0.00710	0.00639	0.03697	0.01392	0.01857	0.03420	0.47900	0.04033	0.25906	0.01874	0.00436	0.00542	0.01712	0.00612	0.00579
58	0.01752	0.02003	0.04380	0.03129	0.03880	0.01877	0.66583	0.02378	0.01752	0.02378	0.01502	0.02003	0.01126	0.00626	0.00876	0.00250	0.01252	0.00876	0.00375	0.01001
59	0.03242	0.01406	0.01811	0.01388	0.01966	0.01302	0.01147	0.14628	0.02363	0.58448	0.02729	0.02397	0.01737	0.00914	0.00746	0.00229	0.00664	0.00733	0.00888	0.01263
60	0.26684	0.01835	0.07170	0.06874	0.08926	0.01828	0.06554	0.21438	0.02064	0.03358	0.01454	0.01677	0.01090	0.00757	0.00646	0.00227	0.00787	0.00591	0.05030	0.01010
61	0.01107	0.00783	0.00957	0.00939	0.00961	0.00842	0.00597	0.01161	0.01102	0.01507	0.02203	0.04347	0.02459	0.58230	0.15129	0.00778	0.04951	0.01007	0.00434	0.00506
62	0.00910	0.00650	0.00866	0.01030	0.01078	0.00606	0.00690	0.01047	0.01446	0.01934	0.06400	0.71007	0.04985	0.02297	0.00945	0.00299	0.00428	0.02083	0.00694	0.00606
63	0.01837	0.01764	0.03013	0.04557	0.69279	0.01764	0.02278	0.02278	0.01690	0.02425	0.01396	0.01837	0.01176	0.00661	0.00735	0.00220	0.00882	0.00661	0.00367	0.01176

[dist]
# distance from previous block
# <min> <max>
0	1

[block]
# block no. 8 follows, 27 sequences, length 17
# corresponding to MSA columns:
# 306-322
name=unknown_I
#
# <colnr> <probs for GDERKNQSTAVLIFYWHMCP>
#	G	D	E	R	K	N	Q	S	T	A	V	L	I	F	Y	W	H	M	C	P
0	0.01539	0.01319	0.01539	0.01100	0.01759	0.00990	0.00880	0.01869	0.01539	0.02419	0.01319	0.01539	0.01100	0.00550	0.00550	0.00110	0.00550	0.00440	0.00440	0.78449
1	0.01205	0.00824	0.01130	0.01217	0.01392	0.00799	0.01012	0.01529	0.01809	0.04739	0.22059	0.12810	0.05005	0.01886	0.00967	0.00304	0.00568	0.39315	0.00730	0.00702
2	0.01874	0.01851	0.02925	0.07347	0.62470	0.05899	0.02218	0.02303	0.01706	0.02366	0.01378	0.01814	0.01155	0.00671	0.00731	0.00220	0.00914	0.00650	0.00367	0.01142
3	0.01584	0.01346	0.01582	0.01168	0.01769	0.01102	0.00934	0.05171	0.01616	0.02485	0.01436	0.04374	0.01252	0.00672	0.00663	0.00133	0.03900	0.00527	0.00460	0.67826
4	0.01402	0.01319	0.02227	0.72126	0.05113	0.01649	0.02062	0.01897	0.01484	0.01897	0.01319	0.01979	0.00990	0.00742	0.00742	0.00247	0.00990	0.00660	0.00330	0.00825
5	0.01565	0.01390	0.01546	0.01172	0.01735	0.04230	0.00930	0.01964	0.04606	0.02453	0.08017	0.01983	0.01721	0.00705	0.00670	0.00141	0.03386	0.00557	0.00484	0.60746
6	0.01837	0.01764	0.03013	0.04557	0.69279	0.01764	0.02278	0.02278	0.01690	0.02425	0.01396	0.01837	0.01176	0.00661	0.00735	0.00220	0.00882	0.00661	0.00367	0.01176
7	0.00985	0.00729	0.01014	0.06541	0.01446	0.00719	0.00858	0.01179	0.01492	0.01984	0.06723	0.56854	0.04622	0.02134	0.00938	0.00299	0.00502	0.09680	0.00666	0.00634
8	0.01049	0.00787	0.00970	0.01036	0.01183	0.00724	0.00724	0.04516	0.01574	0.02095	0.04220	0.55246	0.13059	0.02055	0.00897	0.00276	0.00453	0.01834	0.00673	0.06631
9	0.01837	0.01764	0.03013	0.04557	0.69279	0.01764	0.02278	0.02278	0.01690	0.02425	0.01396	0.01837	0.01176	0.00661	0.00735	0.00220	0.00882	0.00661	0.00367	0.01176
10	0.12204	0.01693	0.02364	0.03304	0.43962	0.05760	0.01785	0.02260	0.05034	0.02503	0.02017	0.02514	0.06545	0.00854	0.00721	0.00230	0.00804	0.03965	0.00442	0.01039
11	0.26077	0.07252	0.02013	0.14017	0.11104	0.04976	0.01380	0.15194	0.01854	0.02933	0.01365	0.01763	0.01109	0.05117	0.00811	0.00252	0.00796	0.00578	0.00467	0.00941
12	0.01693	0.01489	0.02497	0.18096	0.39733	0.01543	0.04042	0.02086	0.01604	0.05680	0.01731	0.07272	0.01557	0.06619	0.00998	0.00273	0.00859	0.00809	0.00418	0.01002
13	0.01636	0.06021	0.22697	0.07649	0.03159	0.01795	0.23919	0.05511	0.01693	0.02367	0.03323	0.05543	0.01399	0.00833	0.00903	0.00243	0.06591	0.00773	0.00396	0.03549
14	0.14203	0.05843	0.12400	0.05722	0.24754	0.10640	0.01748	0.04353	0.01698	0.02456	0.01876	0.02113	0.07552	0.00813	0.00679	0.00221	0.00874	0.00653	0.00415	0.00987
15	0.05785	0.03986	0.19233	0.04738	0.14787	0.04353	0.12928	0.02406	0.05623	0.05483	0.01630	0.02081	0.01294	0.00756	0.00724	0.00224	0.00929	0.03447	0.00428	0.09166
16	0.01589	0.04934	0.13094	0.07454	0.05778	0.01444	0.09430	0.07439	0.05044	0.05507	0.07929	0.05379	0.11333	0.06690	0.01021	0.00279	0.00792	0.03416	0.00537	0.00911

[dist]
# distance from previous block
# <min> <max>
0	22

# created by:
# /st0/software/busco_prod/Augustus/scripts/msa2prfl.pl ./align_prep/149062.fa
