[name]
unknown

[dist]
# distance from previous block
# <min> <max>
1	22

[block]
# block no. 0 follows, 27 sequences, length 7
# corresponding to MSA columns:
# 23-29
name=unknown_A
#
# <colnr> <probs for GDERKNQSTAVLIFYWHMCP>
#	G	D	E	R	K	N	Q	S	T	A	V	L	I	F	Y	W	H	M	C	P
0	0.06865	0.01561	0.01732	0.01441	0.01881	0.01672	0.01146	0.34911	0.07057	0.12194	0.02521	0.19018	0.02248	0.01233	0.00776	0.00245	0.00671	0.01019	0.00737	0.01072
1	0.06924	0.01169	0.01485	0.01379	0.05573	0.01101	0.04485	0.02185	0.09919	0.14773	0.04073	0.10435	0.23528	0.01288	0.00777	0.00235	0.00562	0.01099	0.00664	0.08344
2	0.00970	0.00759	0.00860	0.00891	0.01060	0.00694	0.00632	0.01232	0.04597	0.02100	0.13955	0.24309	0.34463	0.08652	0.01162	0.00306	0.00429	0.01605	0.00687	0.00638
3	0.02001	0.01512	0.04265	0.20149	0.02780	0.01588	0.01439	0.08928	0.23639	0.15062	0.02664	0.02836	0.05534	0.00987	0.00764	0.00247	0.00733	0.03166	0.00649	0.01055
4	0.00898	0.00671	0.00835	0.00966	0.01059	0.00609	0.00659	0.01041	0.01486	0.01921	0.04910	0.57599	0.20208	0.02219	0.00931	0.00289	0.00418	0.01981	0.00689	0.00609
5	0.02286	0.01684	0.01825	0.01437	0.01895	0.01802	0.01132	0.45035	0.02732	0.03694	0.01872	0.02494	0.01590	0.18294	0.01449	0.00331	0.00769	0.00745	0.00644	0.08290
6	0.02406	0.01755	0.01889	0.01494	0.01946	0.01924	0.01182	0.51111	0.02915	0.03905	0.01915	0.02517	0.01605	0.18326	0.01468	0.00341	0.00794	0.00767	0.00673	0.01068

[dist]
# distance from previous block
# <min> <max>
1	7

[block]
# block no. 1 follows, 27 sequences, length 10
# corresponding to MSA columns:
# 37-46
name=unknown_B
#
# <colnr> <probs for GDERKNQSTAVLIFYWHMCP>
#	G	D	E	R	K	N	Q	S	T	A	V	L	I	F	Y	W	H	M	C	P
0	0.09332	0.40566	0.06231	0.01610	0.04914	0.22464	0.01388	0.02443	0.01669	0.01972	0.01096	0.01281	0.00949	0.00682	0.00553	0.00181	0.00950	0.00440	0.00352	0.00929
1	0.25236	0.14222	0.02039	0.01500	0.05586	0.09319	0.01170	0.14622	0.01917	0.04666	0.04764	0.01740	0.01373	0.00937	0.02657	0.00240	0.02931	0.00561	0.03577	0.00943
2	0.09357	0.07666	0.02268	0.01770	0.06259	0.05703	0.01381	0.44853	0.02873	0.08260	0.01677	0.01715	0.01215	0.00835	0.00693	0.00217	0.00813	0.00619	0.00655	0.01173
3	0.01902	0.08293	0.02005	0.01378	0.01900	0.01677	0.01146	0.17829	0.01955	0.02829	0.01398	0.01629	0.01139	0.00768	0.00877	0.00178	0.11623	0.00534	0.03573	0.37369
4	0.01592	0.07924	0.01685	0.08914	0.04236	0.01357	0.01076	0.12976	0.01812	0.05128	0.04527	0.14869	0.07535	0.11807	0.07865	0.00393	0.00803	0.01037	0.00556	0.03909
5	0.01957	0.08447	0.02555	0.23358	0.08269	0.04516	0.08651	0.20728	0.02154	0.02797	0.01826	0.02372	0.03838	0.00874	0.00750	0.00234	0.00915	0.04274	0.00491	0.00994
6	0.05760	0.36300	0.21837	0.01554	0.02255	0.07665	0.01645	0.02448	0.07731	0.02167	0.03494	0.01595	0.01258	0.00731	0.00593	0.00197	0.00877	0.00517	0.00385	0.00991
7	0.08058	0.44991	0.10798	0.01430	0.02065	0.06375	0.01414	0.10048	0.01757	0.02297	0.01202	0.01383	0.01013	0.00881	0.03340	0.00224	0.00892	0.00468	0.00386	0.00978
8	0.01802	0.12681	0.21667	0.05570	0.20856	0.01877	0.05279	0.04892	0.01662	0.06093	0.01448	0.01779	0.01142	0.01044	0.05324	0.00287	0.04533	0.00616	0.00390	0.01055
9	0.01739	0.24567	0.02288	0.11303	0.02189	0.06324	0.01211	0.02388	0.15110	0.05123	0.06545	0.02968	0.13373	0.01012	0.00687	0.00216	0.00710	0.00800	0.00531	0.00916

[dist]
# distance from previous block
# <min> <max>
20	66

[block]
# block no. 2 follows, 27 sequences, length 9
# corresponding to MSA columns:
# 127-135
name=unknown_C
#
# <colnr> <probs for GDERKNQSTAVLIFYWHMCP>
#	G	D	E	R	K	N	Q	S	T	A	V	L	I	F	Y	W	H	M	C	P
0	0.65793	0.01849	0.12957	0.01172	0.01741	0.01675	0.01138	0.02211	0.01316	0.03162	0.01085	0.01268	0.00827	0.00692	0.00502	0.00231	0.00664	0.00427	0.00434	0.00854
1	0.01979	0.16566	0.09276	0.02688	0.26677	0.13482	0.01790	0.06286	0.01795	0.02264	0.01661	0.01917	0.05290	0.00800	0.00764	0.00212	0.04506	0.00624	0.00396	0.01025
2	0.05804	0.01985	0.11278	0.12117	0.15070	0.03869	0.15299	0.07720	0.05910	0.02612	0.01562	0.01899	0.01197	0.00722	0.00724	0.00225	0.00926	0.00673	0.04938	0.05471
3	0.17564	0.08566	0.11828	0.08260	0.06684	0.10896	0.01527	0.06107	0.10729	0.08682	0.01621	0.01748	0.01214	0.00774	0.00649	0.00223	0.00848	0.00578	0.00494	0.01009
4	0.21970	0.27027	0.12587	0.01589	0.07302	0.06042	0.01398	0.02176	0.01537	0.02394	0.05585	0.04638	0.01484	0.00797	0.00584	0.00206	0.00777	0.00580	0.00409	0.00917
5	0.24158	0.02107	0.06839	0.05944	0.17175	0.15572	0.01548	0.02507	0.05428	0.05897	0.01380	0.01621	0.01083	0.00767	0.00742	0.00228	0.05045	0.00556	0.00438	0.00965
6	0.07282	0.02071	0.06572	0.02861	0.30472	0.14793	0.04581	0.02440	0.04823	0.05910	0.05903	0.02276	0.05146	0.00830	0.00726	0.00222	0.00892	0.00713	0.00465	0.01024
7	0.10438	0.04401	0.03751	0.01268	0.04546	0.01168	0.00959	0.07053	0.01836	0.13369	0.18028	0.11274	0.07511	0.09840	0.01119	0.00294	0.00581	0.01055	0.00662	0.00848
8	0.02378	0.13544	0.02249	0.09016	0.07069	0.03870	0.01349	0.08866	0.14428	0.23741	0.04519	0.02248	0.01739	0.00866	0.00704	0.00222	0.00734	0.00697	0.00652	0.01111

[dist]
# distance from previous block
# <min> <max>
1	12

[block]
# block no. 3 follows, 27 sequences, length 20
# corresponding to MSA columns:
# 149-168
name=unknown_D
#
# <colnr> <probs for GDERKNQSTAVLIFYWHMCP>
#	G	D	E	R	K	N	Q	S	T	A	V	L	I	F	Y	W	H	M	C	P
0	0.01903	0.12735	0.10058	0.01734	0.04325	0.01859	0.06581	0.12660	0.03934	0.07313	0.06958	0.02356	0.05959	0.00958	0.00975	0.00228	0.11793	0.00730	0.00519	0.06423
1	0.01845	0.06638	0.05797	0.03034	0.26694	0.07682	0.15969	0.02354	0.05131	0.02278	0.01440	0.01836	0.01181	0.00778	0.00972	0.00235	0.10950	0.00680	0.03482	0.01024
2	0.21310	0.06122	0.21670	0.01854	0.09795	0.04478	0.01657	0.02642	0.01667	0.19699	0.01648	0.01723	0.01163	0.00749	0.00644	0.00225	0.00819	0.00564	0.00513	0.01058
3	0.12711	0.01618	0.05122	0.01498	0.02101	0.01454	0.08804	0.11203	0.05742	0.10216	0.03719	0.01919	0.01425	0.00859	0.02475	0.00218	0.00740	0.00616	0.00552	0.27009
4	0.04956	0.09352	0.05047	0.02011	0.11941	0.21816	0.01457	0.17716	0.02218	0.05511	0.02117	0.02209	0.08724	0.00894	0.00698	0.00211	0.00921	0.00676	0.00516	0.01010
5	0.01822	0.15268	0.02493	0.04137	0.02080	0.06735	0.01503	0.04332	0.08906	0.02029	0.01266	0.01672	0.01125	0.01076	0.01656	0.00271	0.41728	0.00614	0.00390	0.00898
6	0.02552	0.01907	0.02069	0.01590	0.02171	0.02037	0.01302	0.54468	0.03116	0.04229	0.01811	0.04757	0.01392	0.00901	0.00723	0.00209	0.00761	0.00695	0.00696	0.12613
7	0.01072	0.00766	0.00940	0.00898	0.01089	0.00691	0.00665	0.01354	0.01923	0.04586	0.46004	0.08248	0.21742	0.05498	0.01030	0.00266	0.00388	0.01393	0.00765	0.00682
8	0.01233	0.00661	0.00925	0.00962	0.00999	0.00654	0.00662	0.01103	0.01153	0.01624	0.02024	0.14416	0.02109	0.02292	0.02183	0.51732	0.00573	0.03878	0.10386	0.00433
9	0.01873	0.01437	0.05157	0.01511	0.03837	0.01406	0.01202	0.06333	0.29134	0.13459	0.03097	0.16311	0.02744	0.01316	0.00814	0.00264	0.00624	0.07725	0.00726	0.01032
10	0.00928	0.00664	0.00882	0.01018	0.01082	0.00618	0.00691	0.01092	0.01529	0.02066	0.14319	0.62711	0.05241	0.02198	0.00936	0.00291	0.00418	0.01989	0.00709	0.00618
11	0.02554	0.01902	0.02062	0.01596	0.02162	0.02045	0.01305	0.55245	0.03137	0.04245	0.01878	0.06353	0.01478	0.00945	0.00734	0.00215	0.00762	0.00735	0.00705	0.09942
12	0.02822	0.02079	0.02228	0.01708	0.02302	0.02302	0.01411	0.66804	0.03490	0.04679	0.01782	0.01782	0.01262	0.00891	0.00743	0.00223	0.00817	0.00668	0.00743	0.01262
13	0.01985	0.74357	0.03890	0.01270	0.01905	0.02937	0.01270	0.02223	0.01508	0.01747	0.01032	0.01191	0.00953	0.00635	0.00476	0.00159	0.00794	0.00397	0.00318	0.00953
14	0.02625	0.01926	0.02068	0.01607	0.02134	0.02123	0.01302	0.59377	0.03218	0.04313	0.01845	0.02130	0.01425	0.09142	0.01086	0.00279	0.00806	0.00715	0.00710	0.01171
15	0.01489	0.03840	0.70064	0.02116	0.03213	0.01724	0.02743	0.02351	0.01567	0.02351	0.01332	0.01567	0.00940	0.00705	0.00705	0.00235	0.01097	0.00549	0.00313	0.01097
16	0.02304	0.01750	0.01939	0.01513	0.02059	0.01849	0.01233	0.42564	0.06221	0.03791	0.01775	0.01912	0.01349	0.01355	0.08639	0.00310	0.00882	0.00644	0.00641	0.17270
17	0.05019	0.01713	0.09351	0.01513	0.05388	0.01534	0.01244	0.25475	0.02186	0.03189	0.01814	0.02284	0.01486	0.09617	0.03548	0.00298	0.00765	0.00677	0.13677	0.09223
18	0.06005	0.01547	0.01863	0.04329	0.02004	0.01733	0.01257	0.19946	0.01943	0.02844	0.01651	0.09754	0.01521	0.01070	0.01177	0.00235	0.20667	0.00758	0.00517	0.19180
19	0.07940	0.40358	0.07312	0.01402	0.02036	0.02443	0.01335	0.16538	0.04411	0.04822	0.01363	0.01462	0.01092	0.00719	0.00570	0.00187	0.00779	0.00496	0.00462	0.04270

[dist]
# distance from previous block
# <min> <max>
7	45

[block]
# block no. 4 follows, 27 sequences, length 13
# corresponding to MSA columns:
# 215-227
name=unknown_E
#
# <colnr> <probs for GDERKNQSTAVLIFYWHMCP>
#	G	D	E	R	K	N	Q	S	T	A	V	L	I	F	Y	W	H	M	C	P
0	0.05174	0.01912	0.08806	0.04371	0.02235	0.01807	0.01385	0.36924	0.05001	0.03643	0.04693	0.08771	0.01808	0.00990	0.00733	0.00222	0.00750	0.00793	0.00638	0.09343
1	0.01753	0.02093	0.14832	0.03842	0.51416	0.01729	0.02262	0.02357	0.05301	0.02442	0.01563	0.02071	0.01303	0.00737	0.00741	0.00229	0.00897	0.02895	0.00390	0.01144
2	0.14190	0.02591	0.31471	0.05225	0.12724	0.01720	0.08347	0.05918	0.01695	0.07272	0.01444	0.01687	0.01053	0.00715	0.00693	0.00233	0.00945	0.00598	0.00417	0.01062
3	0.01867	0.02112	0.09660	0.03902	0.52844	0.08636	0.02193	0.02321	0.01720	0.02348	0.01478	0.02051	0.01268	0.00738	0.00738	0.00224	0.00941	0.03467	0.00378	0.01114
4	0.08061	0.02213	0.09046	0.01698	0.02334	0.02199	0.01504	0.55700	0.03138	0.04347	0.01684	0.01720	0.01197	0.00858	0.00719	0.00225	0.00828	0.00637	0.00679	0.01213
5	0.01623	0.01318	0.01526	0.01180	0.01723	0.01120	0.00927	0.11473	0.01812	0.02668	0.01866	0.13947	0.01780	0.00907	0.00647	0.00160	0.00569	0.00762	0.00528	0.53464
6	0.01700	0.01653	0.02925	0.10178	0.45990	0.01659	0.11764	0.02156	0.01682	0.02338	0.01840	0.02551	0.04250	0.00811	0.00783	0.00237	0.00912	0.05111	0.00401	0.01060
7	0.01839	0.01733	0.02772	0.04006	0.57111	0.01779	0.02079	0.02579	0.13659	0.02548	0.01690	0.02006	0.01373	0.00724	0.00739	0.00226	0.00829	0.00694	0.00438	0.01176
8	0.06655	0.01653	0.02931	0.17984	0.34032	0.01707	0.16248	0.02159	0.01621	0.02339	0.01501	0.05061	0.01269	0.00747	0.00759	0.00237	0.00946	0.00756	0.00382	0.01014
9	0.01366	0.01022	0.01413	0.01357	0.04373	0.00956	0.05387	0.06656	0.01814	0.06345	0.12674	0.28644	0.14110	0.01631	0.00861	0.00255	0.00547	0.03834	0.00672	0.06084
10	0.01908	0.12882	0.07696	0.03688	0.49571	0.04527	0.02094	0.04766	0.01739	0.02382	0.01343	0.01701	0.01121	0.00673	0.00692	0.00211	0.00898	0.00607	0.00371	0.01129
11	0.01783	0.01634	0.08484	0.01993	0.12922	0.01461	0.04136	0.16899	0.04998	0.05738	0.14156	0.08428	0.05371	0.01197	0.00816	0.00247	0.00716	0.07397	0.00634	0.00990
12	0.10999	0.11813	0.40584	0.04735	0.02848	0.01933	0.05002	0.09350	0.01739	0.02632	0.01316	0.01538	0.00971	0.00713	0.00661	0.00225	0.00969	0.00545	0.00382	0.01047

[dist]
# distance from previous block
# <min> <max>
11	65

[block]
# block no. 5 follows, 27 sequences, length 19
# corresponding to MSA columns:
# 294-312
name=unknown_F
#
# <colnr> <probs for GDERKNQSTAVLIFYWHMCP>
#	G	D	E	R	K	N	Q	S	T	A	V	L	I	F	Y	W	H	M	C	P
0	0.17278	0.24098	0.02452	0.01720	0.08637	0.18757	0.01298	0.02291	0.01610	0.02201	0.04176	0.01604	0.01265	0.01013	0.04307	0.00253	0.05235	0.00522	0.00393	0.00889
1	0.23476	0.19554	0.13713	0.04070	0.02061	0.01944	0.01355	0.02475	0.14191	0.02613	0.04013	0.01983	0.04164	0.00818	0.00604	0.00219	0.00720	0.00599	0.00473	0.00951
2	0.08486	0.42918	0.13270	0.01546	0.05275	0.05410	0.01471	0.02318	0.01598	0.06147	0.04521	0.01579	0.01297	0.00717	0.00566	0.00189	0.00818	0.00504	0.00395	0.00975
3	0.04102	0.01657	0.06719	0.01490	0.04493	0.11939	0.01194	0.03884	0.09543	0.06796	0.25545	0.05924	0.03782	0.01252	0.00806	0.00243	0.00687	0.08408	0.00660	0.00877
4	0.01661	0.16817	0.27474	0.01850	0.07941	0.09064	0.01785	0.02235	0.05020	0.02201	0.05522	0.02545	0.11064	0.00917	0.00694	0.00217	0.00879	0.00720	0.00427	0.00968
5	0.01443	0.03980	0.04530	0.01024	0.01347	0.00884	0.00852	0.01752	0.01921	0.13889	0.32851	0.07337	0.22389	0.01466	0.00832	0.00237	0.00462	0.01251	0.00751	0.00802
6	0.01929	0.01419	0.10571	0.01312	0.01763	0.01064	0.01170	0.02429	0.07279	0.24629	0.14615	0.16210	0.03299	0.01291	0.00803	0.00245	0.00601	0.03685	0.00729	0.04958
7	0.03776	0.09442	0.52190	0.02150	0.08238	0.01783	0.02407	0.02423	0.01605	0.07280	0.01421	0.01617	0.01022	0.00711	0.00685	0.00227	0.01006	0.00555	0.00366	0.01095
8	0.01544	0.08211	0.57613	0.05300	0.08272	0.01804	0.02581	0.02317	0.01569	0.02297	0.01317	0.01581	0.00961	0.00699	0.00694	0.00229	0.01056	0.00552	0.00319	0.01082
9	0.05601	0.17647	0.23028	0.01599	0.02225	0.11719	0.04424	0.02161	0.01744	0.02321	0.15925	0.02483	0.04363	0.00906	0.00689	0.00213	0.00866	0.00715	0.00454	0.00914
10	0.01908	0.01398	0.01531	0.01437	0.04702	0.04684	0.01064	0.02988	0.31136	0.15010	0.10736	0.03676	0.14200	0.01171	0.00783	0.00241	0.00582	0.00978	0.00745	0.01029
11	0.01834	0.01413	0.01571	0.01309	0.01717	0.01447	0.01014	0.21960	0.12817	0.02996	0.02269	0.08274	0.02084	0.14361	0.01288	0.00306	0.00667	0.04046	0.00617	0.18013
12	0.07544	0.24877	0.37017	0.01660	0.02486	0.01996	0.01940	0.02307	0.01587	0.05747	0.05350	0.01713	0.01344	0.00742	0.00629	0.00211	0.00897	0.00549	0.00387	0.01016
13	0.01842	0.07346	0.03192	0.04188	0.58770	0.01863	0.07459	0.02282	0.01681	0.02369	0.01377	0.01801	0.01155	0.00657	0.00727	0.00218	0.00905	0.00659	0.00364	0.01145
14	0.01692	0.01717	0.02576	0.06420	0.08025	0.07698	0.18587	0.02055	0.01550	0.02167	0.01518	0.05940	0.01344	0.00919	0.01156	0.00240	0.18477	0.00756	0.06337	0.10827
15	0.01890	0.01327	0.01490	0.03961	0.01779	0.01374	0.01023	0.18248	0.14637	0.11731	0.08599	0.04091	0.24178	0.01279	0.00799	0.00240	0.00580	0.01052	0.00740	0.00982
16	0.24982	0.06468	0.21226	0.02003	0.13484	0.01643	0.04288	0.02143	0.01578	0.02715	0.11059	0.02077	0.01829	0.00804	0.00654	0.00227	0.00782	0.00643	0.00443	0.00952
17	0.01718	0.01462	0.01835	0.03912	0.02084	0.01298	0.05507	0.10664	0.06762	0.02729	0.01627	0.04475	0.01353	0.00710	0.00635	0.00157	0.00647	0.00602	0.00505	0.51317
18	0.02219	0.04414	0.02304	0.01837	0.02243	0.22995	0.08284	0.13256	0.01988	0.05429	0.01432	0.01747	0.01165	0.01306	0.07677	0.00316	0.13428	0.00619	0.00461	0.06882

[dist]
# distance from previous block
# <min> <max>
2	4

[block]
# block no. 6 follows, 27 sequences, length 21
# corresponding to MSA columns:
# 317-337
name=unknown_G
#
# <colnr> <probs for GDERKNQSTAVLIFYWHMCP>
#	G	D	E	R	K	N	Q	S	T	A	V	L	I	F	Y	W	H	M	C	P
0	0.02768	0.02052	0.02197	0.01697	0.02282	0.02277	0.01398	0.63312	0.07071	0.04591	0.01851	0.01837	0.01318	0.00898	0.00743	0.00224	0.00804	0.00678	0.00743	0.01258
1	0.03857	0.01303	0.01991	0.42887	0.08133	0.01526	0.01771	0.05424	0.04681	0.02251	0.01995	0.03384	0.01794	0.01044	0.00796	0.00265	0.00875	0.14711	0.00456	0.00855
2	0.00914	0.00672	0.00860	0.01005	0.01086	0.00618	0.00693	0.01062	0.01477	0.01927	0.04618	0.60136	0.14857	0.02244	0.00940	0.00295	0.00434	0.04864	0.00689	0.00610
3	0.01539	0.01319	0.01539	0.01100	0.01759	0.00990	0.00880	0.01869	0.01539	0.02419	0.01319	0.01539	0.01100	0.00550	0.00550	0.00110	0.00550	0.00440	0.00440	0.78449
4	0.00904	0.00646	0.00861	0.01034	0.01077	0.00603	0.00689	0.01034	0.01421	0.01895	0.04092	0.73426	0.04910	0.02326	0.00948	0.00301	0.00431	0.02110	0.00689	0.00603
5	0.01040	0.00748	0.00994	0.01023	0.01167	0.00702	0.00774	0.01338	0.01886	0.02614	0.44152	0.21457	0.06108	0.01784	0.00915	0.00266	0.00420	0.11169	0.00768	0.00676
6	0.00904	0.00646	0.00861	0.01034	0.01077	0.00603	0.00689	0.01034	0.01421	0.01895	0.04092	0.73426	0.04910	0.02326	0.00948	0.00301	0.00431	0.02110	0.00689	0.00603
7	0.02513	0.01849	0.02029	0.01535	0.02145	0.01912	0.01260	0.47353	0.02929	0.06864	0.01712	0.01751	0.01245	0.00804	0.00693	0.00194	0.00740	0.00613	0.00672	0.21190
8	0.01624	0.23047	0.52040	0.01886	0.02857	0.02055	0.02342	0.02316	0.01551	0.02186	0.01250	0.01465	0.00944	0.00686	0.00643	0.00214	0.01015	0.00507	0.00315	0.01058
9	0.01837	0.01764	0.03013	0.04557	0.69279	0.01764	0.02278	0.02278	0.01690	0.02425	0.01396	0.01837	0.01176	0.00661	0.00735	0.00220	0.00882	0.00661	0.00367	0.01176
10	0.01039	0.00758	0.00976	0.00922	0.01102	0.00695	0.00691	0.01378	0.02073	0.02910	0.64687	0.05655	0.11246	0.01542	0.00876	0.00235	0.00352	0.01358	0.00808	0.00695
11	0.04863	0.02097	0.03046	0.02344	0.02806	0.11313	0.27601	0.12320	0.01885	0.02535	0.01337	0.01747	0.01072	0.00871	0.01237	0.00258	0.20571	0.00711	0.00423	0.00964
12	0.01411	0.01319	0.02180	0.67265	0.04883	0.01604	0.01981	0.01895	0.01488	0.01932	0.01319	0.01949	0.00997	0.00729	0.00729	0.00238	0.00960	0.00645	0.00337	0.06138
13	0.02108	0.01684	0.01790	0.01528	0.01981	0.01906	0.01210	0.23912	0.42504	0.03552	0.02646	0.05177	0.02034	0.01016	0.00751	0.00242	0.00647	0.00829	0.03317	0.01165
14	0.01837	0.01764	0.03013	0.04557	0.69279	0.01764	0.02278	0.02278	0.01690	0.02425	0.01396	0.01837	0.01176	0.00661	0.00735	0.00220	0.00882	0.00661	0.00367	0.01176
15	0.02670	0.01117	0.01511	0.01209	0.01667	0.00978	0.00978	0.02975	0.02118	0.50421	0.22053	0.03402	0.03336	0.01092	0.00784	0.00231	0.00550	0.00919	0.00889	0.01100
16	0.13088	0.00769	0.00897	0.01025	0.01133	0.00768	0.00707	0.01213	0.01397	0.02119	0.03616	0.62181	0.04271	0.02071	0.00872	0.00290	0.00453	0.01844	0.00653	0.00634
17	0.01007	0.00740	0.00942	0.00927	0.01091	0.00676	0.00682	0.01302	0.01945	0.02689	0.51246	0.16311	0.14306	0.01688	0.00887	0.00246	0.00366	0.01490	0.00782	0.00676
18	0.01566	0.14820	0.59760	0.01984	0.03009	0.01913	0.02514	0.02331	0.01558	0.02257	0.01285	0.01509	0.00942	0.00694	0.00670	0.00223	0.01050	0.00525	0.00314	0.01075
19	0.01334	0.00708	0.00770	0.00770	0.00937	0.00729	0.00583	0.01667	0.01500	0.02605	0.02354	0.02791	0.01895	0.01597	0.11488	0.00332	0.00602	0.00708	0.65944	0.00687
20	0.01478	0.05493	0.46971	0.02058	0.02943	0.01630	0.12164	0.02203	0.01677	0.02432	0.11867	0.02241	0.01914	0.00817	0.00750	0.00235	0.00994	0.00717	0.00402	0.01016

[dist]
# distance from previous block
# <min> <max>
0	11

[block]
# block no. 7 follows, 27 sequences, length 20
# corresponding to MSA columns:
# 349-368
name=unknown_H
#
# <colnr> <probs for GDERKNQSTAVLIFYWHMCP>
#	G	D	E	R	K	N	Q	S	T	A	V	L	I	F	Y	W	H	M	C	P
0	0.60690	0.05368	0.01196	0.00962	0.01348	0.01565	0.00766	0.01984	0.01244	0.02899	0.01270	0.01868	0.01156	0.13971	0.01063	0.00315	0.00613	0.00525	0.00450	0.00748
1	0.01779	0.45343	0.15474	0.01330	0.01959	0.02267	0.01403	0.02219	0.03904	0.02092	0.01411	0.01603	0.01170	0.00703	0.00536	0.00179	0.00761	0.00494	0.14432	0.00940
2	0.02398	0.01835	0.01914	0.01558	0.02016	0.05377	0.01240	0.48877	0.02943	0.03892	0.02193	0.14889	0.01970	0.04238	0.00905	0.00257	0.00769	0.00938	0.00702	0.01088
3	0.01028	0.00911	0.01049	0.00985	0.01183	0.00932	0.00768	0.01225	0.01626	0.02048	0.11537	0.06007	0.51385	0.01744	0.01160	0.00263	0.13469	0.01381	0.00634	0.00667
4	0.01879	0.61105	0.03588	0.14126	0.02487	0.02704	0.01414	0.02164	0.01504	0.01774	0.01084	0.01334	0.00959	0.00655	0.00525	0.00175	0.00829	0.00445	0.00320	0.00929
5	0.00936	0.00659	0.00852	0.00993	0.01028	0.00624	0.00646	0.01042	0.01359	0.01812	0.03774	0.60985	0.04509	0.15314	0.01461	0.00377	0.00483	0.01923	0.00646	0.00575
6	0.02580	0.02399	0.14536	0.01782	0.02467	0.02197	0.01653	0.55110	0.03141	0.04256	0.01701	0.01743	0.01204	0.00857	0.00736	0.00225	0.00868	0.00647	0.00665	0.01232
7	0.65044	0.01301	0.01019	0.00925	0.01332	0.01489	0.00752	0.02100	0.01317	0.03229	0.01286	0.01489	0.01003	0.00721	0.00470	0.00219	0.00533	0.00455	0.14534	0.00784
8	0.01985	0.74357	0.03890	0.01270	0.01905	0.02937	0.01270	0.02223	0.01508	0.01747	0.01032	0.01191	0.00953	0.00635	0.00476	0.00159	0.00794	0.00397	0.00318	0.00953
9	0.01144	0.00820	0.01127	0.01238	0.01404	0.00802	0.01042	0.01478	0.01798	0.02404	0.20957	0.10712	0.05018	0.01924	0.00982	0.00312	0.00584	0.44849	0.00719	0.00684
10	0.79154	0.01436	0.01091	0.00976	0.01436	0.01665	0.00804	0.02182	0.01263	0.03331	0.01034	0.01206	0.00804	0.00689	0.00459	0.00230	0.00574	0.00402	0.00459	0.00804
11	0.03245	0.01401	0.01808	0.01386	0.01964	0.01296	0.01145	0.14287	0.02355	0.58798	0.02735	0.02401	0.01741	0.00914	0.00746	0.00229	0.00663	0.00733	0.00889	0.01263
12	0.01051	0.00759	0.00992	0.00934	0.01109	0.00700	0.00700	0.01401	0.02101	0.02977	0.68888	0.05545	0.07005	0.01518	0.00876	0.00233	0.00350	0.01343	0.00817	0.00700
13	0.79154	0.01436	0.01091	0.00976	0.01436	0.01665	0.00804	0.02182	0.01263	0.03331	0.01034	0.01206	0.00804	0.00689	0.00459	0.00230	0.00574	0.00402	0.00459	0.00804
14	0.01402	0.01319	0.02227	0.72126	0.05113	0.01649	0.02062	0.01897	0.01484	0.01897	0.01319	0.01979	0.00990	0.00742	0.00742	0.00247	0.00990	0.00660	0.00330	0.00825
15	0.00983	0.00756	0.00898	0.00863	0.01067	0.00672	0.00647	0.01270	0.01941	0.02597	0.44897	0.06170	0.31233	0.01659	0.00876	0.00240	0.00360	0.01430	0.00767	0.00672
16	0.01006	0.00757	0.00930	0.00887	0.01082	0.00681	0.00665	0.01314	0.01996	0.02726	0.53046	0.05958	0.23003	0.01611	0.00876	0.00238	0.00357	0.01400	0.00784	0.00681
17	0.00948	0.00755	0.00850	0.00826	0.01046	0.00657	0.00619	0.01202	0.01858	0.02400	0.32446	0.06495	0.43806	0.01733	0.00877	0.00244	0.00366	0.01476	0.00741	0.00657
18	0.02424	0.01837	0.02000	0.01543	0.02120	0.01935	0.01258	0.47089	0.06590	0.04008	0.01842	0.04533	0.01424	0.00881	0.00711	0.00204	0.00733	0.00685	0.00677	0.17508
19	0.05049	0.68364	0.06666	0.01295	0.01944	0.02834	0.01316	0.02227	0.01501	0.01836	0.01045	0.01208	0.00946	0.00640	0.00486	0.00165	0.00798	0.00404	0.00323	0.00953

[dist]
# distance from previous block
# <min> <max>
0	4

[block]
# block no. 8 follows, 27 sequences, length 10
# corresponding to MSA columns:
# 373-382
name=unknown_I
#
# <colnr> <probs for GDERKNQSTAVLIFYWHMCP>
#	G	D	E	R	K	N	Q	S	T	A	V	L	I	F	Y	W	H	M	C	P
0	0.02223	0.13143	0.06383	0.02174	0.13191	0.30201	0.01567	0.02927	0.16643	0.02226	0.01601	0.01732	0.01284	0.00780	0.00673	0.00207	0.01002	0.00581	0.00450	0.01010
1	0.15444	0.02016	0.08025	0.01964	0.02380	0.07590	0.14182	0.05912	0.01550	0.02422	0.01195	0.01602	0.00993	0.00908	0.01307	0.00259	0.26604	0.00619	0.00392	0.04636
2	0.01666	0.29072	0.46386	0.01813	0.02745	0.02158	0.02216	0.02305	0.01546	0.02135	0.01225	0.01433	0.00945	0.00680	0.00623	0.00208	0.00989	0.00494	0.00315	0.01045
3	0.01153	0.00825	0.01142	0.01283	0.01444	0.00814	0.01090	0.01479	0.01737	0.02294	0.12440	0.13316	0.04682	0.02003	0.00999	0.00324	0.00619	0.50974	0.00702	0.00679
4	0.01076	0.00719	0.00926	0.00973	0.01056	0.00750	0.00679	0.01254	0.01288	0.01874	0.02717	0.22522	0.02899	0.20539	0.23899	0.00666	0.00984	0.01205	0.13375	0.00600
5	0.00944	0.00668	0.00877	0.01029	0.01075	0.00633	0.00694	0.01072	0.01400	0.01863	0.03874	0.61062	0.04607	0.10767	0.01287	0.00354	0.00481	0.06061	0.00660	0.00590
6	0.01985	0.74357	0.03890	0.01270	0.01905	0.02937	0.01270	0.02223	0.01508	0.01747	0.01032	0.01191	0.00953	0.00635	0.00476	0.00159	0.00794	0.00397	0.00318	0.00953
7	0.00904	0.00646	0.00861	0.01034	0.01077	0.00603	0.00689	0.01034	0.01421	0.01895	0.04092	0.73426	0.04910	0.02326	0.00948	0.00301	0.00431	0.02110	0.00689	0.00603
8	0.01837	0.01764	0.03013	0.04557	0.69279	0.01764	0.02278	0.02278	0.01690	0.02425	0.01396	0.01837	0.01176	0.00661	0.00735	0.00220	0.00882	0.00661	0.00367	0.01176
9	0.79154	0.01436	0.01091	0.00976	0.01436	0.01665	0.00804	0.02182	0.01263	0.03331	0.01034	0.01206	0.00804	0.00689	0.00459	0.00230	0.00574	0.00402	0.00459	0.00804

[dist]
# distance from previous block
# <min> <max>
0	15

[block]
# block no. 9 follows, 27 sequences, length 16
# corresponding to MSA columns:
# 398-413
name=unknown_J
#
# <colnr> <probs for GDERKNQSTAVLIFYWHMCP>
#	G	D	E	R	K	N	Q	S	T	A	V	L	I	F	Y	W	H	M	C	P
0	0.01846	0.01595	0.01679	0.01511	0.01930	0.01846	0.01175	0.03945	0.67938	0.03105	0.03022	0.02770	0.02266	0.01007	0.00755	0.00252	0.00588	0.00839	0.00755	0.01175
1	0.00880	0.00742	0.00763	0.00780	0.01010	0.00624	0.00576	0.01062	0.01665	0.01995	0.07183	0.13668	0.62672	0.01924	0.00884	0.00256	0.00381	0.01620	0.00689	0.00624
2	0.01061	0.00795	0.01193	0.01193	0.01326	0.00928	0.00928	0.01326	0.01193	0.01723	0.01988	0.02916	0.01856	0.05568	0.70968	0.01193	0.01988	0.00795	0.00398	0.00663
3	0.01757	0.01682	0.02869	0.16984	0.57478	0.01743	0.02238	0.02208	0.01652	0.02328	0.01382	0.01863	0.01142	0.00676	0.00736	0.00225	0.00902	0.00661	0.00361	0.01111
4	0.02127	0.01611	0.01754	0.01519	0.01972	0.01805	0.01207	0.14308	0.47792	0.09893	0.02845	0.02826	0.02144	0.01025	0.00764	0.00249	0.00634	0.03582	0.00766	0.01177
5	0.01856	0.01550	0.01711	0.01598	0.05141	0.01741	0.01189	0.11687	0.47214	0.03221	0.09442	0.03042	0.05190	0.01060	0.00769	0.00245	0.00600	0.00887	0.00738	0.01118
6	0.00877	0.00752	0.00752	0.00752	0.01003	0.00627	0.00564	0.01065	0.01692	0.02005	0.07520	0.07144	0.68978	0.01880	0.00877	0.00251	0.00376	0.01567	0.00689	0.00627
7	0.00996	0.00730	0.00934	0.00939	0.01090	0.00669	0.00683	0.01274	0.01890	0.02606	0.46335	0.22464	0.13119	0.01756	0.00894	0.00252	0.00373	0.01556	0.00772	0.00669
8	0.01539	0.01319	0.01539	0.01100	0.01759	0.00990	0.00880	0.01869	0.01539	0.02419	0.01319	0.01539	0.01100	0.00550	0.00550	0.00110	0.00550	0.00440	0.00440	0.78449
9	0.02570	0.01837	0.01959	0.01530	0.02051	0.02020	0.01255	0.55417	0.03152	0.04344	0.01894	0.01955	0.01375	0.00887	0.00703	0.00214	0.00734	0.00672	0.14268	0.01163
10	0.01426	0.01366	0.02373	0.67451	0.05029	0.01665	0.06433	0.01929	0.01503	0.01929	0.01332	0.01981	0.00999	0.00734	0.00751	0.00248	0.01007	0.00674	0.00333	0.00837
11	0.01846	0.01595	0.01679	0.01511	0.01930	0.01846	0.01175	0.03945	0.67938	0.03105	0.03022	0.02770	0.02266	0.01007	0.00755	0.00252	0.00588	0.00839	0.00755	0.01175
12	0.01080	0.00720	0.00810	0.00810	0.00810	0.00720	0.00450	0.01080	0.01080	0.01439	0.02339	0.04858	0.02699	0.73910	0.03779	0.00720	0.00720	0.01080	0.00450	0.00450
13	0.01384	0.00692	0.00692	0.00692	0.00865	0.00692	0.00519	0.01730	0.01557	0.02768	0.02422	0.02768	0.01903	0.00865	0.00519	0.00173	0.00346	0.00692	0.78031	0.00692
14	0.01010	0.00757	0.00936	0.00891	0.01084	0.00683	0.00668	0.01322	0.02005	0.02749	0.54471	0.05921	0.21564	0.01603	0.00876	0.00238	0.00356	0.01395	0.00787	0.00683
15	0.01051	0.00759	0.00992	0.00934	0.01109	0.00700	0.00700	0.01401	0.02101	0.02977	0.68888	0.05545	0.07005	0.01518	0.00876	0.00233	0.00350	0.01343	0.00817	0.00700

[dist]
# distance from previous block
# <min> <max>
0	9

[block]
# block no. 10 follows, 27 sequences, length 42
# corresponding to MSA columns:
# 423-464
name=unknown_K
#
# <colnr> <probs for GDERKNQSTAVLIFYWHMCP>
#	G	D	E	R	K	N	Q	S	T	A	V	L	I	F	Y	W	H	M	C	P
0	0.01489	0.03840	0.70064	0.02116	0.03213	0.01724	0.02743	0.02351	0.01567	0.02351	0.01332	0.01567	0.00940	0.00705	0.00705	0.00235	0.01097	0.00549	0.00313	0.01097
1	0.03284	0.01338	0.01769	0.01356	0.01932	0.01202	0.01120	0.09394	0.02250	0.63841	0.02824	0.02459	0.01785	0.00916	0.00746	0.00229	0.00649	0.00739	0.00903	0.01263
2	0.00886	0.00752	0.00764	0.00761	0.01008	0.00630	0.00571	0.01082	0.01712	0.02052	0.10474	0.07067	0.65995	0.01863	0.00877	0.00250	0.00375	0.01556	0.00696	0.00630
3	0.01196	0.00854	0.01196	0.01367	0.01538	0.00854	0.01196	0.01538	0.01709	0.02222	0.03931	0.08374	0.04272	0.02051	0.01025	0.00342	0.00684	0.64283	0.00684	0.00684
4	0.02744	0.06237	0.02178	0.01880	0.02280	0.65834	0.01427	0.05219	0.02130	0.01917	0.01166	0.01349	0.00967	0.00764	0.00664	0.00191	0.01299	0.00482	0.00393	0.00879
5	0.01985	0.74357	0.03890	0.01270	0.01905	0.02937	0.01270	0.02223	0.01508	0.01747	0.01032	0.01191	0.00953	0.00635	0.00476	0.00159	0.00794	0.00397	0.00318	0.00953
6	0.01078	0.00726	0.00843	0.00843	0.00855	0.00738	0.00492	0.01101	0.01090	0.01464	0.02308	0.04688	0.02625	0.67906	0.09681	0.00761	0.00831	0.01055	0.00445	0.00469
7	0.00888	0.00752	0.00767	0.00763	0.01009	0.00631	0.00573	0.01086	0.01718	0.02066	0.11332	0.07045	0.65129	0.01858	0.00877	0.00250	0.00374	0.01553	0.00697	0.00631
8	0.01752	0.02003	0.04380	0.03129	0.03880	0.01877	0.66583	0.02378	0.01752	0.02378	0.01502	0.02003	0.01126	0.00626	0.00876	0.00250	0.01252	0.00876	0.00375	0.01001
9	0.00904	0.00646	0.00861	0.01034	0.01077	0.00603	0.00689	0.01034	0.01421	0.01895	0.04092	0.73426	0.04910	0.02326	0.00948	0.00301	0.00431	0.02110	0.00689	0.00603
10	0.01940	0.01858	0.02581	0.03507	0.45720	0.07233	0.01905	0.06585	0.13313	0.02620	0.01901	0.02146	0.03777	0.00787	0.00739	0.00225	0.00845	0.00711	0.00471	0.01137
11	0.02056	0.01434	0.01683	0.01237	0.01871	0.01221	0.01003	0.12755	0.01958	0.14353	0.01671	0.01748	0.01253	0.00669	0.00615	0.00149	0.00607	0.00530	0.00571	0.52616
12	0.01665	0.01835	0.03841	0.02788	0.03443	0.01740	0.54697	0.02220	0.01710	0.02350	0.04036	0.05998	0.01537	0.00776	0.00931	0.00249	0.04202	0.00930	0.00409	0.04642
13	0.02682	0.01957	0.02096	0.01623	0.02172	0.02160	0.01329	0.60997	0.03299	0.04454	0.01836	0.01956	0.01352	0.03905	0.00857	0.00241	0.00791	0.00686	0.04404	0.01202
14	0.02722	0.03441	0.02153	0.02057	0.05959	0.67147	0.01481	0.02927	0.02081	0.01850	0.01161	0.01366	0.00968	0.00759	0.00673	0.00193	0.01314	0.00488	0.00382	0.00878
15	0.01034	0.00754	0.00972	0.00927	0.01101	0.00692	0.00692	0.01364	0.02047	0.02870	0.62294	0.08559	0.10764	0.01575	0.00879	0.00237	0.00355	0.01389	0.00804	0.00692
16	0.01232	0.04893	0.01375	0.01200	0.01386	0.01108	0.00947	0.05448	0.01362	0.01936	0.01950	0.02808	0.01798	0.06998	0.58153	0.01025	0.01753	0.00771	0.03148	0.00710
17	0.01597	0.12843	0.59237	0.02001	0.03014	0.04291	0.02509	0.02356	0.01578	0.02255	0.01287	0.01511	0.00943	0.00698	0.00675	0.00224	0.01067	0.00527	0.00316	0.01070
18	0.03331	0.01263	0.01723	0.01321	0.01895	0.01091	0.01091	0.03618	0.02125	0.69794	0.02929	0.02527	0.01838	0.00919	0.00747	0.00230	0.00632	0.00747	0.00919	0.01263
19	0.01489	0.03840	0.70064	0.02116	0.03213	0.01724	0.02743	0.02351	0.01567	0.02351	0.01332	0.01567	0.00940	0.00705	0.00705	0.00235	0.01097	0.00549	0.00313	0.01097
20	0.01837	0.01596	0.01704	0.01529	0.01931	0.01865	0.01194	0.03853	0.65103	0.03049	0.02935	0.02721	0.02211	0.01020	0.00827	0.00255	0.03642	0.00831	0.00737	0.01160
21	0.01196	0.00854	0.01196	0.01367	0.01538	0.00854	0.01196	0.01538	0.01709	0.02222	0.03931	0.08374	0.04272	0.02051	0.01025	0.00342	0.00684	0.64283	0.00684	0.00684
22	0.01043	0.00759	0.00982	0.00926	0.01105	0.00697	0.00695	0.01387	0.02084	0.02936	0.66283	0.05613	0.09635	0.01533	0.00876	0.00234	0.00351	0.01352	0.00812	0.00697
23	0.01489	0.03840	0.70064	0.02116	0.03213	0.01724	0.02743	0.02351	0.01567	0.02351	0.01332	0.01567	0.00940	0.00705	0.00705	0.00235	0.01097	0.00549	0.00313	0.01097
24	0.79154	0.01436	0.01091	0.00976	0.01436	0.01665	0.00804	0.02182	0.01263	0.03331	0.01034	0.01206	0.00804	0.00689	0.00459	0.00230	0.00574	0.00402	0.00459	0.00804
25	0.01800	0.01554	0.01634	0.01474	0.01886	0.01788	0.01146	0.03806	0.64750	0.03053	0.03238	0.02980	0.05477	0.01049	0.00761	0.00252	0.00577	0.00874	0.00752	0.01149
26	0.00904	0.00646	0.00861	0.01034	0.01077	0.00603	0.00689	0.01034	0.01421	0.01895	0.04092	0.73426	0.04910	0.02326	0.00948	0.00301	0.00431	0.02110	0.00689	0.00603
27	0.01761	0.42495	0.33790	0.01652	0.02496	0.02389	0.01936	0.02281	0.01535	0.02020	0.01168	0.01361	0.00947	0.00667	0.00580	0.00193	0.00931	0.00465	0.00316	0.01018
28	0.79154	0.01436	0.01091	0.00976	0.01436	0.01665	0.00804	0.02182	0.01263	0.03331	0.01034	0.01206	0.00804	0.00689	0.00459	0.00230	0.00574	0.00402	0.00459	0.00804
29	0.01080	0.00720	0.00810	0.00810	0.00810	0.00720	0.00450	0.01080	0.01080	0.01439	0.02339	0.04858	0.02699	0.73910	0.03779	0.00720	0.00720	0.01080	0.00450	0.00450
30	0.02415	0.01842	0.01967	0.01587	0.02088	0.02057	0.01274	0.43910	0.21954	0.03991	0.02181	0.02289	0.01656	0.06165	0.00964	0.00267	0.00744	0.00747	0.00725	0.01179
31	0.01080	0.00720	0.00810	0.00810	0.00810	0.00720	0.00450	0.01080	0.01080	0.01439	0.02339	0.04858	0.02699	0.73910	0.03779	0.00720	0.00720	0.01080	0.00450	0.00450
32	0.07912	0.56355	0.15233	0.01395	0.02097	0.02626	0.01491	0.02242	0.01500	0.01976	0.01085	0.01258	0.00939	0.00652	0.00515	0.00178	0.00830	0.00424	0.00328	0.00966
33	0.02822	0.02079	0.02228	0.01708	0.02302	0.02302	0.01411	0.66804	0.03490	0.04679	0.01782	0.01782	0.01262	0.00891	0.00743	0.00223	0.00817	0.00668	0.00743	0.01262
34	0.01829	0.52201	0.24682	0.01536	0.02316	0.02556	0.01733	0.02263	0.01527	0.01936	0.01126	0.01309	0.00949	0.00657	0.00548	0.00183	0.00889	0.00445	0.00316	0.00998
35	0.01771	0.43934	0.32439	0.01635	0.02470	0.02414	0.01906	0.02278	0.01534	0.02007	0.01162	0.01353	0.00947	0.00665	0.00575	0.00192	0.00925	0.00462	0.00316	0.01015
36	0.01489	0.03840	0.70064	0.02116	0.03213	0.01724	0.02743	0.02351	0.01567	0.02351	0.01332	0.01567	0.00940	0.00705	0.00705	0.00235	0.01097	0.00549	0.00313	0.01097
37	0.05775	0.01378	0.01685	0.01316	0.01869	0.03721	0.01076	0.05613	0.04158	0.53914	0.02819	0.02518	0.04078	0.00918	0.00726	0.00222	0.00647	0.00734	0.00833	0.06000
38	0.10041	0.25731	0.24361	0.01626	0.02343	0.13911	0.01708	0.02507	0.01657	0.07994	0.01312	0.01454	0.01010	0.00710	0.00605	0.00202	0.00948	0.00490	0.00394	0.00995
39	0.02084	0.04951	0.02812	0.03752	0.49502	0.19613	0.02023	0.02453	0.01790	0.02243	0.01319	0.01685	0.01111	0.00687	0.00708	0.00211	0.00996	0.00604	0.00369	0.01086
40	0.01436	0.01352	0.01374	0.04184	0.04454	0.12888	0.01109	0.01759	0.03803	0.02142	0.07476	0.20141	0.08844	0.01642	0.00875	0.00272	0.00706	0.21066	0.00608	0.03869
41	0.01981	0.01527	0.02108	0.06114	0.02372	0.01482	0.10837	0.09316	0.15891	0.11855	0.04695	0.02216	0.01697	0.00794	0.00713	0.00202	0.00721	0.00704	0.00601	0.24175

[dist]
# distance from previous block
# <min> <max>
2	6

[block]
# block no. 11 follows, 27 sequences, length 9
# corresponding to MSA columns:
# 471-479
name=unknown_L
#
# <colnr> <probs for GDERKNQSTAVLIFYWHMCP>
#	G	D	E	R	K	N	Q	S	T	A	V	L	I	F	Y	W	H	M	C	P
0	0.26512	0.01548	0.01452	0.01239	0.01710	0.07029	0.00986	0.02809	0.17327	0.15111	0.02363	0.02297	0.06341	0.00884	0.00639	0.00220	0.00632	0.00664	0.00622	0.09614
1	0.02230	0.59355	0.03464	0.01316	0.01927	0.06704	0.01254	0.02473	0.01635	0.11800	0.01319	0.01397	0.01084	0.00685	0.00528	0.00171	0.00802	0.00453	0.00410	0.00993
2	0.01804	0.20720	0.04114	0.02569	0.03240	0.02178	0.45353	0.02299	0.01648	0.02175	0.01345	0.01767	0.01071	0.00673	0.00876	0.00232	0.05865	0.00737	0.00357	0.00976
3	0.07604	0.02499	0.05130	0.02066	0.07256	0.29684	0.10190	0.08979	0.02071	0.12383	0.01764	0.01889	0.03556	0.00806	0.00715	0.00217	0.01044	0.00640	0.00508	0.00999
4	0.06778	0.09953	0.37860	0.01735	0.02564	0.01757	0.01975	0.09642	0.01867	0.12605	0.05172	0.01885	0.01425	0.00793	0.00687	0.00225	0.00895	0.00609	0.00487	0.01086
5	0.33998	0.22326	0.02095	0.01244	0.01708	0.12373	0.01061	0.02226	0.01525	0.02530	0.05992	0.01567	0.01338	0.00767	0.00615	0.00204	0.03849	0.00492	0.00427	0.03663
6	0.10161	0.10783	0.01722	0.01189	0.01642	0.04510	0.00973	0.02451	0.10480	0.14704	0.17238	0.02886	0.04989	0.00976	0.00683	0.00206	0.00588	0.00782	0.00645	0.12394
7	0.01670	0.17832	0.39128	0.02024	0.02900	0.02010	0.11693	0.02506	0.08973	0.02315	0.01484	0.01688	0.01118	0.00713	0.00689	0.00223	0.01001	0.00598	0.00373	0.01062
8	0.14364	0.02660	0.30804	0.01745	0.02422	0.06484	0.01838	0.02731	0.18711	0.02623	0.01679	0.01809	0.01265	0.00835	0.00821	0.00243	0.06876	0.00604	0.00457	0.01030

[dist]
# distance from previous block
# <min> <max>
2	7

[block]
# block no. 12 follows, 27 sequences, length 9
# corresponding to MSA columns:
# 487-495
name=unknown_M
#
# <colnr> <probs for GDERKNQSTAVLIFYWHMCP>
#	G	D	E	R	K	N	Q	S	T	A	V	L	I	F	Y	W	H	M	C	P
0	0.54466	0.01434	0.01325	0.01211	0.04195	0.01567	0.00932	0.02475	0.07410	0.10428	0.01457	0.01543	0.01087	0.00730	0.00536	0.00221	0.00592	0.00492	0.00531	0.07368
1	0.01998	0.02090	0.02789	0.07823	0.52427	0.15442	0.02099	0.02393	0.01761	0.02275	0.01343	0.01747	0.01122	0.00686	0.00722	0.00216	0.00978	0.00625	0.00368	0.01094
2	0.05074	0.09365	0.01922	0.01355	0.01849	0.01626	0.01120	0.16342	0.12970	0.25292	0.12706	0.02690	0.02460	0.00982	0.00728	0.00225	0.00635	0.00788	0.00759	0.01112
3	0.01939	0.01957	0.02914	0.04269	0.61994	0.09286	0.02187	0.02353	0.01735	0.02359	0.01369	0.01783	0.01152	0.00673	0.00728	0.00217	0.00932	0.00642	0.00369	0.01142
4	0.32715	0.01476	0.01570	0.12537	0.02250	0.04854	0.01156	0.02771	0.06682	0.24434	0.01847	0.01880	0.01285	0.00799	0.00630	0.00232	0.00697	0.00591	0.00606	0.00986
5	0.01805	0.01731	0.02955	0.09582	0.64508	0.01755	0.02262	0.02250	0.01675	0.02386	0.01391	0.01848	0.01162	0.00667	0.00735	0.00222	0.00890	0.00661	0.00365	0.01150
6	0.18346	0.01374	0.01622	0.01278	0.01828	0.01323	0.01051	0.07750	0.05065	0.45822	0.02401	0.02177	0.01577	0.00859	0.00681	0.00225	0.00628	0.00663	0.00786	0.04547
7	0.01696	0.19086	0.36707	0.02600	0.21159	0.02007	0.02284	0.02302	0.01588	0.02236	0.01283	0.01557	0.01008	0.00677	0.00662	0.00214	0.00970	0.00546	0.00329	0.01086
8	0.01909	0.01877	0.02778	0.03976	0.55808	0.06998	0.02077	0.02538	0.09997	0.02464	0.01581	0.01916	0.01296	0.00712	0.00733	0.00222	0.00880	0.00670	0.00417	0.01152

[dist]
# distance from previous block
# <min> <max>
2	7

[block]
# block no. 13 follows, 27 sequences, length 11
# corresponding to MSA columns:
# 503-513
name=unknown_N
#
# <colnr> <probs for GDERKNQSTAVLIFYWHMCP>
#	G	D	E	R	K	N	Q	S	T	A	V	L	I	F	Y	W	H	M	C	P
0	0.21955	0.02154	0.22776	0.01485	0.02169	0.01528	0.01526	0.06214	0.05955	0.17880	0.04887	0.01961	0.01497	0.00809	0.00658	0.00227	0.00752	0.00612	0.00567	0.04386
1	0.01673	0.01686	0.03135	0.25970	0.30582	0.01758	0.19897	0.02183	0.01641	0.02242	0.01401	0.01929	0.01102	0.00678	0.00776	0.00237	0.01018	0.00720	0.00358	0.01015
2	0.01849	0.01835	0.02848	0.12950	0.56303	0.06732	0.02190	0.02279	0.01694	0.02314	0.01369	0.01819	0.01136	0.00679	0.00731	0.00222	0.00929	0.00648	0.00364	0.01109
3	0.01647	0.01570	0.02669	0.34107	0.41217	0.01714	0.02184	0.02111	0.01600	0.02194	0.01363	0.01899	0.01094	0.00697	0.00738	0.00232	0.00929	0.00661	0.00351	0.01022
4	0.62825	0.01360	0.01169	0.01020	0.01473	0.01513	0.00835	0.02316	0.01445	0.12317	0.06543	0.01721	0.01424	0.00784	0.00531	0.00230	0.00565	0.00522	0.00549	0.00858
5	0.01718	0.01642	0.02797	0.23150	0.51622	0.01732	0.02219	0.02173	0.01634	0.02280	0.01375	0.01876	0.01125	0.00684	0.00737	0.00228	0.00912	0.00661	0.00357	0.01079
6	0.01962	0.06364	0.02109	0.02002	0.14164	0.06571	0.01357	0.11581	0.23889	0.02858	0.02143	0.02190	0.03821	0.00834	0.00693	0.00206	0.00724	0.00682	0.00569	0.15282
7	0.31316	0.01491	0.01478	0.01263	0.01718	0.01655	0.01016	0.12182	0.19964	0.10765	0.08173	0.02264	0.01958	0.00907	0.00652	0.00235	0.00599	0.00685	0.00665	0.01013
8	0.49032	0.01394	0.01458	0.01547	0.11378	0.01502	0.01053	0.02341	0.01535	0.13271	0.07723	0.01905	0.01596	0.00798	0.00582	0.00229	0.00607	0.00580	0.00549	0.00918
9	0.30457	0.01840	0.11774	0.07508	0.16989	0.01646	0.01561	0.05102	0.03827	0.07137	0.04555	0.01820	0.01343	0.00762	0.00638	0.00230	0.00755	0.00592	0.00476	0.00987
10	0.04477	0.01478	0.02266	0.06098	0.41579	0.01505	0.01721	0.02156	0.08572	0.02404	0.02670	0.08249	0.11657	0.01012	0.00765	0.00236	0.00734	0.00917	0.00483	0.01021

[dist]
# distance from previous block
# <min> <max>
6	16

[block]
# block no. 14 follows, 27 sequences, length 11
# corresponding to MSA columns:
# 532-542
name=unknown_O
#
# <colnr> <probs for GDERKNQSTAVLIFYWHMCP>
#	G	D	E	R	K	N	Q	S	T	A	V	L	I	F	Y	W	H	M	C	P
0	0.02228	0.01565	0.01747	0.01548	0.05706	0.06366	0.01153	0.11641	0.15226	0.18678	0.12236	0.02652	0.02407	0.00941	0.00731	0.00212	0.00659	0.00773	0.00704	0.12827
1	0.01870	0.01716	0.03065	0.02236	0.02882	0.01599	0.35152	0.10600	0.01964	0.06561	0.05392	0.04569	0.01634	0.00769	0.00788	0.00218	0.00939	0.00822	0.00502	0.16722
2	0.14746	0.01145	0.01318	0.01120	0.01498	0.01134	0.00891	0.07027	0.05126	0.21450	0.28059	0.03686	0.07468	0.01167	0.00756	0.00233	0.00511	0.00963	0.00770	0.00931
3	0.02300	0.01781	0.02394	0.01792	0.02412	0.01774	0.13452	0.32568	0.02545	0.08452	0.01795	0.02089	0.01364	0.00812	0.00735	0.00207	0.00818	0.03228	0.00615	0.18865
4	0.01837	0.01764	0.03013	0.04557	0.69279	0.01764	0.02278	0.02278	0.01690	0.02425	0.01396	0.01837	0.01176	0.00661	0.00735	0.00220	0.00882	0.00661	0.00367	0.01176
5	0.01822	0.01800	0.02610	0.19200	0.41592	0.07786	0.02035	0.02435	0.08955	0.02328	0.01536	0.01928	0.01235	0.00727	0.00733	0.00227	0.00914	0.00665	0.00403	0.01069
