[name]
unknown

[dist]
# distance from previous block
# <min> <max>
0	24

[block]
# block no. 0 follows, 28 sequences, length 7
# corresponding to MSA columns:
# 26-32
name=unknown_A
#
# <colnr> <probs for GDERKNQSTAVLIFYWHMCP>
#	G	D	E	R	K	N	Q	S	T	A	V	L	I	F	Y	W	H	M	C	P
0	0.01171	0.00837	0.01171	0.01339	0.01506	0.00837	0.01171	0.01506	0.01673	0.02175	0.03849	0.08199	0.04183	0.02008	0.01004	0.00335	0.00669	0.65027	0.00669	0.00669
1	0.01908	0.67518	0.03650	0.01311	0.01870	0.02811	0.01279	0.02134	0.01440	0.01714	0.01005	0.01209	0.00935	0.00687	0.00659	0.00172	0.08055	0.00414	0.00312	0.00919
2	0.00949	0.00671	0.00870	0.00980	0.01040	0.00636	0.00664	0.01095	0.01440	0.01940	0.12449	0.49691	0.04686	0.14193	0.01385	0.00357	0.00472	0.05249	0.00652	0.00582
3	0.01523	0.01398	0.02097	0.48304	0.09272	0.01675	0.01803	0.02423	0.19422	0.02214	0.01743	0.02134	0.01317	0.00790	0.00730	0.00241	0.00855	0.00693	0.00437	0.00926
4	0.01371	0.01287	0.02123	0.56629	0.12627	0.01523	0.01890	0.01817	0.01500	0.01933	0.01944	0.02456	0.08259	0.00835	0.00740	0.00239	0.00892	0.00740	0.00365	0.00830
5	0.01085	0.00835	0.01029	0.01072	0.01148	0.00888	0.00740	0.01389	0.08411	0.01866	0.03357	0.40184	0.06505	0.19903	0.01716	0.00391	0.06716	0.01539	0.00593	0.00631
6	0.02133	0.01583	0.02071	0.07718	0.17555	0.01666	0.01463	0.26096	0.05815	0.10008	0.04260	0.09655	0.01862	0.00975	0.00745	0.00226	0.00733	0.00832	0.00616	0.03987

[dist]
# distance from previous block
# <min> <max>
3	19

[block]
# block no. 1 follows, 28 sequences, length 13
# corresponding to MSA columns:
# 52-64
name=unknown_B
#
# <colnr> <probs for GDERKNQSTAVLIFYWHMCP>
#	G	D	E	R	K	N	Q	S	T	A	V	L	I	F	Y	W	H	M	C	P
0	0.01627	0.01257	0.01464	0.01236	0.01597	0.01294	0.00965	0.17739	0.07090	0.02677	0.02250	0.06867	0.05218	0.08298	0.15999	0.00447	0.02684	0.00810	0.02775	0.17707
1	0.01667	0.01318	0.01598	0.04620	0.01849	0.01318	0.01063	0.11203	0.05731	0.05975	0.02258	0.12639	0.05881	0.01065	0.00904	0.00206	0.09688	0.00843	0.00546	0.29627
2	0.00940	0.00717	0.00789	0.00799	0.00943	0.00647	0.00545	0.01080	0.01493	0.01889	0.12258	0.12603	0.36247	0.23861	0.01727	0.00388	0.00473	0.01417	0.00617	0.00567
3	0.02066	0.01659	0.02070	0.10413	0.17395	0.04976	0.01514	0.08952	0.28652	0.11231	0.02205	0.02237	0.01636	0.00849	0.00728	0.00231	0.00745	0.00720	0.00609	0.01115
4	0.01373	0.01292	0.02180	0.72707	0.05006	0.01615	0.02019	0.01857	0.01453	0.01857	0.01292	0.01938	0.00969	0.00727	0.00727	0.00242	0.00969	0.00646	0.00323	0.00807
5	0.01558	0.01462	0.01665	0.16509	0.02438	0.07886	0.01151	0.01891	0.01542	0.02172	0.01437	0.05883	0.01262	0.00702	0.00613	0.00155	0.00698	0.00578	0.00417	0.49982
6	0.01055	0.00789	0.00977	0.01032	0.01183	0.00728	0.00723	0.05040	0.01548	0.02077	0.03924	0.56444	0.10297	0.01986	0.00872	0.00268	0.00450	0.01775	0.00654	0.08178
7	0.01713	0.01427	0.01732	0.05808	0.11870	0.01580	0.01251	0.03064	0.41977	0.05346	0.02819	0.02971	0.05921	0.08049	0.01028	0.00285	0.00642	0.00847	0.00634	0.01035
8	0.04732	0.01289	0.01632	0.01330	0.01662	0.01372	0.07292	0.20688	0.02029	0.05301	0.05932	0.02563	0.01856	0.07933	0.01169	0.05021	0.04321	0.00748	0.22278	0.00853
9	0.05470	0.00991	0.01139	0.01011	0.01274	0.00981	0.00776	0.11725	0.02107	0.04913	0.39873	0.04750	0.15017	0.05613	0.00977	0.00257	0.00459	0.01165	0.00733	0.00768
10	0.02073	0.01435	0.01645	0.05111	0.01982	0.01525	0.01128	0.13027	0.29951	0.15857	0.03006	0.05233	0.08101	0.01034	0.00741	0.00231	0.00612	0.00854	0.00720	0.05734
11	0.02180	0.01708	0.01968	0.05446	0.06511	0.03460	0.01331	0.37346	0.05045	0.03437	0.01722	0.02011	0.01350	0.03968	0.06684	0.00313	0.05186	0.00668	0.04231	0.05436
12	0.02046	0.01756	0.01696	0.01439	0.01892	0.10553	0.01124	0.12010	0.32815	0.07050	0.02407	0.02408	0.03634	0.03690	0.00813	0.00231	0.00697	0.00720	0.00643	0.12374

[dist]
# distance from previous block
# <min> <max>
8	44

[block]
# block no. 2 follows, 28 sequences, length 45
# corresponding to MSA columns:
# 109-153
name=unknown_C
#
# <colnr> <probs for GDERKNQSTAVLIFYWHMCP>
#	G	D	E	R	K	N	Q	S	T	A	V	L	I	F	Y	W	H	M	C	P
0	0.08849	0.10810	0.02167	0.05926	0.04001	0.04259	0.06258	0.13907	0.07063	0.07768	0.04789	0.04621	0.01600	0.00818	0.00659	0.00200	0.00729	0.00670	0.00539	0.14365
1	0.01873	0.01618	0.04452	0.01584	0.04254	0.04063	0.06442	0.24286	0.04936	0.03038	0.06433	0.10723	0.02139	0.06784	0.00967	0.00252	0.00724	0.00878	0.03377	0.11177
2	0.02289	0.31969	0.02825	0.01639	0.02132	0.35341	0.04141	0.02663	0.07156	0.01876	0.01240	0.01393	0.01045	0.00711	0.00595	0.00182	0.01034	0.00481	0.00378	0.00910
3	0.03548	0.04550	0.02586	0.14805	0.05940	0.01536	0.22553	0.01825	0.01493	0.02068	0.01973	0.19738	0.01970	0.01117	0.00967	0.00255	0.08383	0.01042	0.00432	0.03221
4	0.12341	0.04766	0.02088	0.07331	0.02309	0.16073	0.04146	0.17962	0.02058	0.09830	0.01451	0.01633	0.01097	0.00824	0.00860	0.00221	0.09394	0.00576	0.00512	0.04529
5	0.00957	0.00705	0.00931	0.01024	0.01130	0.00653	0.00709	0.01124	0.01424	0.01949	0.07666	0.58141	0.04391	0.02342	0.06566	0.00346	0.00549	0.01784	0.00640	0.06970
6	0.01142	0.00980	0.01414	0.19361	0.02208	0.01118	0.01154	0.01384	0.01415	0.01907	0.05609	0.34655	0.07839	0.01608	0.01077	0.00273	0.11610	0.01364	0.00528	0.03355
7	0.04696	0.07071	0.12816	0.02905	0.32621	0.10908	0.01874	0.02470	0.09835	0.02333	0.01597	0.04833	0.01347	0.00778	0.00691	0.00218	0.00883	0.00663	0.00414	0.01047
8	0.01653	0.01146	0.01499	0.14943	0.02093	0.01268	0.01103	0.17826	0.04320	0.02374	0.01708	0.07582	0.01532	0.01623	0.01588	0.31991	0.00708	0.00759	0.03576	0.00707
9	0.00972	0.00699	0.00921	0.00953	0.01073	0.00648	0.00681	0.01229	0.01794	0.02496	0.43614	0.32546	0.06047	0.01799	0.00885	0.00255	0.00374	0.01612	0.00751	0.00648
10	0.02265	0.01616	0.01791	0.01416	0.01906	0.01700	0.01137	0.36547	0.10010	0.09048	0.07942	0.02429	0.01971	0.06317	0.00936	0.00245	0.00681	0.00740	0.00692	0.10612
11	0.02698	0.01937	0.02088	0.01614	0.02174	0.02133	0.01329	0.60275	0.05598	0.07090	0.01856	0.01844	0.01316	0.00877	0.00720	0.00218	0.00768	0.00664	0.03590	0.01213
12	0.01050	0.00754	0.00913	0.00902	0.01101	0.00674	0.00682	0.01308	0.01816	0.05106	0.33050	0.13646	0.28984	0.01711	0.00870	0.00248	0.00392	0.05387	0.00737	0.00670
13	0.00886	0.00633	0.00843	0.01012	0.01054	0.00590	0.00675	0.01012	0.01392	0.01856	0.04006	0.73979	0.04808	0.02277	0.00928	0.00295	0.00422	0.02066	0.00675	0.00590
14	0.02690	0.02000	0.02140	0.01658	0.02226	0.02220	0.01364	0.62618	0.08415	0.04463	0.01838	0.01819	0.01312	0.00881	0.00728	0.00220	0.00783	0.00667	0.00728	0.01230
15	0.08496	0.04663	0.02260	0.05238	0.19338	0.33151	0.01580	0.06582	0.04613	0.02273	0.01285	0.01541	0.01052	0.00754	0.00739	0.00209	0.04320	0.00546	0.00407	0.00952
16	0.04951	0.01487	0.01884	0.12409	0.05497	0.01415	0.03381	0.14994	0.01883	0.02767	0.01380	0.01636	0.01084	0.00647	0.00620	0.00165	0.00695	0.00531	0.00469	0.42104
17	0.02249	0.01845	0.01957	0.05939	0.02201	0.07469	0.01302	0.39108	0.02650	0.03519	0.07017	0.02211	0.04707	0.00947	0.00853	0.00217	0.06548	0.00708	0.00618	0.07932
18	0.00931	0.00659	0.00853	0.00965	0.01018	0.00621	0.00640	0.01068	0.01430	0.01930	0.12605	0.54053	0.04752	0.13280	0.01345	0.00349	0.00455	0.01809	0.00656	0.00580
19	0.02113	0.62169	0.03478	0.01319	0.01909	0.10623	0.01251	0.02344	0.01581	0.05960	0.01138	0.01263	0.00987	0.00654	0.00504	0.00163	0.00829	0.00419	0.00355	0.00941
20	0.02454	0.01859	0.02170	0.01679	0.02220	0.02028	0.05377	0.53520	0.02985	0.04029	0.01737	0.01882	0.01291	0.01385	0.09075	0.00328	0.00953	0.00674	0.00655	0.03698
21	0.02264	0.02105	0.10002	0.01619	0.02147	0.07460	0.01412	0.41706	0.04530	0.03587	0.02057	0.13860	0.01802	0.01081	0.00751	0.00231	0.00804	0.00868	0.00641	0.01075
22	0.01717	0.01798	0.05598	0.03806	0.46045	0.01691	0.19008	0.02199	0.01660	0.02338	0.01554	0.04101	0.01341	0.00734	0.00770	0.00230	0.00945	0.03013	0.00380	0.01071
23	0.01373	0.00786	0.00796	0.00759	0.00971	0.00781	0.00579	0.06340	0.01684	0.02720	0.03166	0.03361	0.13213	0.01016	0.00583	0.00186	0.00377	0.00820	0.59783	0.00707
24	0.01787	0.01758	0.04915	0.11199	0.58383	0.01737	0.02187	0.04990	0.01706	0.02414	0.01374	0.01803	0.01129	0.00667	0.00720	0.00219	0.00878	0.00644	0.00370	0.01118
25	0.02131	0.18962	0.08599	0.02040	0.05017	0.01997	0.20792	0.14674	0.02003	0.11848	0.01671	0.04127	0.01292	0.00765	0.00709	0.00216	0.00907	0.00699	0.00499	0.01053
26	0.00906	0.00668	0.00832	0.00936	0.01026	0.00612	0.00637	0.01056	0.01483	0.01948	0.10877	0.50049	0.16983	0.07069	0.01098	0.00308	0.00423	0.01825	0.00671	0.00594
27	0.00889	0.00687	0.00814	0.00903	0.01040	0.00612	0.00640	0.01055	0.01538	0.01952	0.07888	0.41069	0.32109	0.02055	0.00899	0.00273	0.00404	0.03887	0.00679	0.00606
28	0.01859	0.01408	0.01600	0.01270	0.01808	0.01330	0.01008	0.07883	0.22572	0.09659	0.02098	0.04448	0.01644	0.00800	0.00649	0.00178	0.00575	0.00656	0.00606	0.37949
29	0.01493	0.01437	0.01906	0.06040	0.02007	0.06360	0.06554	0.04103	0.04171	0.02075	0.07246	0.20255	0.02459	0.01395	0.01430	0.00279	0.28457	0.01065	0.00485	0.00784
30	0.00883	0.00641	0.00835	0.00990	0.01048	0.00592	0.00665	0.01015	0.01413	0.01864	0.04276	0.68599	0.10014	0.02242	0.00922	0.00291	0.00417	0.02024	0.00675	0.00592
31	0.02562	0.01953	0.02037	0.01610	0.02143	0.04201	0.01313	0.53340	0.13136	0.04190	0.01935	0.01916	0.01400	0.00885	0.00718	0.00220	0.00763	0.00675	0.03814	0.01189
32	0.01547	0.01315	0.01528	0.01095	0.01739	0.01009	0.00878	0.03889	0.01567	0.02438	0.01306	0.01515	0.01082	0.00549	0.00544	0.00111	0.00547	0.00438	0.00440	0.76462
33	0.01559	0.01532	0.04508	0.07549	0.02348	0.01723	0.12695	0.08358	0.01582	0.02232	0.05849	0.11461	0.01945	0.04334	0.01540	0.00295	0.28288	0.00919	0.00449	0.00833
34	0.01622	0.08218	0.32756	0.02501	0.03373	0.01852	0.34584	0.02306	0.01620	0.02271	0.01365	0.01718	0.01012	0.00647	0.00757	0.00232	0.01127	0.00685	0.00337	0.01017
35	0.01057	0.00705	0.00793	0.00793	0.00793	0.00705	0.00440	0.01057	0.01057	0.01409	0.02290	0.04757	0.02643	0.74454	0.03700	0.00705	0.00705	0.01057	0.00440	0.00440
36	0.01943	0.74891	0.03809	0.01244	0.01866	0.02876	0.01244	0.02177	0.01477	0.01710	0.01011	0.01166	0.00933	0.00622	0.00466	0.00155	0.00777	0.00389	0.00311	0.00933
37	0.01836	0.01476	0.02301	0.32290	0.03493	0.01648	0.11291	0.11525	0.07088	0.09368	0.01792	0.04419	0.01368	0.00841	0.00797	0.00239	0.03086	0.00749	0.03443	0.00952
38	0.01037	0.00713	0.00851	0.00885	0.01033	0.00647	0.00626	0.01232	0.01600	0.04565	0.16810	0.29257	0.23097	0.07281	0.01066	0.00288	0.00414	0.01550	0.06416	0.00633
39	0.01057	0.00705	0.00793	0.00793	0.00793	0.00705	0.00440	0.01057	0.01057	0.01409	0.02290	0.04757	0.02643	0.74454	0.03700	0.00705	0.00705	0.01057	0.00440	0.00440
40	0.01201	0.00835	0.00993	0.00956	0.01106	0.00798	0.00653	0.05414	0.01402	0.01954	0.02714	0.22766	0.05348	0.25570	0.04062	0.06728	0.00608	0.01183	0.05915	0.09794
41	0.02230	0.07973	0.24052	0.01666	0.02406	0.01697	0.03909	0.15693	0.05103	0.19533	0.01835	0.01846	0.01279	0.00772	0.00687	0.00213	0.00825	0.00613	0.00569	0.07101
42	0.00943	0.00765	0.00855	0.00844	0.01023	0.00707	0.00616	0.01125	0.01603	0.02025	0.15671	0.11192	0.44284	0.10347	0.01268	0.00304	0.03724	0.01443	0.00650	0.00611
43	0.07635	0.01642	0.04837	0.26235	0.05418	0.03775	0.01698	0.08881	0.01548	0.02247	0.01217	0.01725	0.01004	0.01043	0.03076	0.00285	0.25869	0.00618	0.00378	0.00867
44	0.04923	0.01905	0.01981	0.03534	0.02129	0.07567	0.01305	0.43736	0.02700	0.03628	0.01699	0.04889	0.01373	0.02995	0.03594	0.00272	0.06396	0.00696	0.00614	0.04063

[dist]
# distance from previous block
# <min> <max>
0	1

[block]
# block no. 3 follows, 28 sequences, length 62
# corresponding to MSA columns:
# 155-216
name=unknown_D
#
# <colnr> <probs for GDERKNQSTAVLIFYWHMCP>
#	G	D	E	R	K	N	Q	S	T	A	V	L	I	F	Y	W	H	M	C	P
0	0.02171	0.02309	0.06276	0.04709	0.12495	0.22511	0.01537	0.17366	0.09505	0.02691	0.01855	0.06057	0.03286	0.00918	0.00769	0.00222	0.03094	0.00715	0.00511	0.01004
1	0.01215	0.00767	0.01002	0.00967	0.01152	0.00699	0.00715	0.01492	0.01880	0.09564	0.43661	0.21490	0.09331	0.01633	0.00861	0.00245	0.00391	0.01445	0.00774	0.00716
2	0.02361	0.05619	0.06178	0.02584	0.21190	0.45637	0.01701	0.02655	0.01896	0.01972	0.01198	0.01454	0.00995	0.00713	0.00668	0.00196	0.01153	0.00519	0.00364	0.00945
3	0.01504	0.01222	0.01452	0.01096	0.01673	0.00941	0.00875	0.01814	0.01528	0.04462	0.01663	0.06356	0.01516	0.00745	0.00597	0.00137	0.00542	0.04490	0.00475	0.66912
4	0.01639	0.01532	0.02241	0.08509	0.38846	0.05507	0.01717	0.05555	0.01714	0.02302	0.02232	0.15194	0.05278	0.01075	0.00772	0.00237	0.00783	0.03438	0.00462	0.00966
5	0.01942	0.01842	0.01705	0.01537	0.01943	0.12091	0.01188	0.03721	0.58792	0.02855	0.02688	0.02505	0.02030	0.00951	0.00727	0.00238	0.00684	0.00770	0.00686	0.01105
6	0.02465	0.01232	0.01532	0.01265	0.01714	0.01200	0.01014	0.03243	0.20288	0.39519	0.12556	0.02978	0.02652	0.01007	0.00743	0.00229	0.00556	0.00839	0.03858	0.01112
7	0.00892	0.00635	0.00842	0.01004	0.01044	0.00595	0.00666	0.01014	0.01379	0.01839	0.03941	0.71356	0.04726	0.05013	0.01033	0.00311	0.00432	0.02028	0.00666	0.00585
8	0.02007	0.19253	0.02807	0.06746	0.25923	0.19039	0.01713	0.02305	0.01638	0.01972	0.01173	0.01516	0.01015	0.00743	0.00836	0.00208	0.09256	0.00542	0.00345	0.00964
9	0.01048	0.00701	0.00796	0.00805	0.00807	0.00698	0.00453	0.01055	0.01076	0.01434	0.02385	0.08595	0.02763	0.70452	0.03546	0.00682	0.00689	0.01113	0.00453	0.00449
10	0.01057	0.00705	0.00793	0.00793	0.00793	0.00705	0.00440	0.01057	0.01057	0.01409	0.02290	0.04757	0.02643	0.74454	0.03700	0.00705	0.00705	0.01057	0.00440	0.00440
11	0.01304	0.01181	0.01833	0.20311	0.02528	0.01496	0.03511	0.01606	0.01245	0.01770	0.01479	0.02228	0.01327	0.02872	0.31110	0.00655	0.21743	0.00706	0.00351	0.00743
12	0.00997	0.00691	0.00832	0.00871	0.00917	0.00666	0.00547	0.01091	0.01322	0.01780	0.12938	0.24564	0.06339	0.40504	0.02388	0.00501	0.00558	0.01399	0.00569	0.00526
13	0.07692	0.01247	0.01651	0.01274	0.01829	0.01101	0.01052	0.03461	0.02032	0.66524	0.02760	0.02399	0.01741	0.00887	0.00715	0.00225	0.00615	0.00711	0.00874	0.01211
14	0.06916	0.01820	0.01959	0.01530	0.02075	0.01981	0.01257	0.50331	0.06272	0.11019	0.02205	0.02141	0.05287	0.00926	0.00720	0.00222	0.00732	0.00707	0.00727	0.01171
15	0.15794	0.22027	0.13280	0.07153	0.02604	0.09736	0.12635	0.04961	0.01626	0.02320	0.01198	0.01458	0.00949	0.00673	0.00615	0.00207	0.00935	0.00531	0.00370	0.00930
16	0.02381	0.01824	0.02174	0.05207	0.02360	0.02032	0.05366	0.44093	0.11147	0.05724	0.01869	0.01965	0.01375	0.01135	0.04733	0.00282	0.03844	0.00696	0.00656	0.01138
17	0.01173	0.00699	0.00772	0.00772	0.00847	0.00707	0.00498	0.01322	0.01247	0.01937	0.02300	0.03831	0.02283	0.41105	0.06895	0.00525	0.00643	0.00890	0.31006	0.00547
18	0.24032	0.02000	0.02133	0.04381	0.21466	0.14179	0.03581	0.15050	0.01949	0.02933	0.01299	0.01537	0.01021	0.00718	0.00638	0.00215	0.00860	0.00552	0.00459	0.00995
19	0.01055	0.00711	0.00827	0.00827	0.00838	0.00723	0.00483	0.01079	0.01067	0.01434	0.02259	0.04586	0.02568	0.68247	0.09805	0.00746	0.00816	0.01032	0.00436	0.00459
20	0.01967	0.01606	0.02115	0.19392	0.07582	0.01770	0.03394	0.26389	0.02194	0.03039	0.01511	0.01816	0.01154	0.00797	0.00822	0.00214	0.06515	0.00627	0.05247	0.11850
21	0.01057	0.00705	0.00793	0.00793	0.00793	0.00705	0.00440	0.01057	0.01057	0.01409	0.02290	0.04757	0.02643	0.74454	0.03700	0.00705	0.00705	0.01057	0.00440	0.00440
22	0.02153	0.01733	0.01838	0.01549	0.02022	0.01969	0.01234	0.26873	0.45034	0.03598	0.02520	0.02362	0.01864	0.00945	0.00735	0.00236	0.00656	0.00761	0.00735	0.01182
23	0.00968	0.00705	0.00889	0.00913	0.01038	0.00650	0.00645	0.01196	0.01718	0.02346	0.36322	0.26452	0.13066	0.08372	0.01136	0.00294	0.00403	0.01546	0.00715	0.00626
24	0.01458	0.01393	0.02353	0.56862	0.11030	0.01669	0.05580	0.01989	0.03938	0.01973	0.01357	0.01941	0.01039	0.00743	0.00798	0.00243	0.03764	0.00664	0.00344	0.00863
25	0.02705	0.02007	0.02149	0.01661	0.02232	0.02227	0.01367	0.63604	0.07404	0.04487	0.01819	0.01804	0.01296	0.00880	0.00728	0.00220	0.00786	0.00665	0.00728	0.01231
26	0.01039	0.00775	0.01147	0.01147	0.01269	0.00897	0.00882	0.01284	0.01162	0.01671	0.01967	0.02965	0.01865	0.09416	0.67673	0.01142	0.01876	0.00795	0.00392	0.00637
27	0.01355	0.00678	0.00678	0.00678	0.00847	0.00678	0.00508	0.01694	0.01524	0.02710	0.02371	0.02710	0.01863	0.00847	0.00508	0.00169	0.00339	0.00678	0.78489	0.00678
28	0.01170	0.00844	0.00999	0.01017	0.01210	0.00815	0.00739	0.01631	0.11491	0.06166	0.12568	0.34290	0.20677	0.01802	0.00863	0.00263	0.00433	0.01581	0.00713	0.00728
29	0.00886	0.00633	0.00843	0.01012	0.01054	0.00590	0.00675	0.01012	0.01392	0.01856	0.04006	0.73979	0.04808	0.02277	0.00928	0.00295	0.00422	0.02066	0.00675	0.00590
30	0.00917	0.00716	0.00812	0.00845	0.01013	0.00634	0.00608	0.01101	0.01608	0.02038	0.15166	0.20732	0.38875	0.08192	0.01125	0.00296	0.00415	0.03629	0.00673	0.00606
31	0.10123	0.01240	0.01839	0.42005	0.03475	0.01538	0.01592	0.01732	0.01368	0.01999	0.01662	0.13812	0.01586	0.01062	0.00979	0.00261	0.11712	0.00853	0.00395	0.00767
32	0.01116	0.00805	0.01008	0.01093	0.01202	0.00795	0.00762	0.09182	0.01641	0.02191	0.03729	0.65103	0.04369	0.02105	0.00903	0.00286	0.00468	0.01893	0.00681	0.00670
33	0.00886	0.00633	0.00843	0.01012	0.01054	0.00590	0.00675	0.01012	0.01392	0.01856	0.04006	0.73979	0.04808	0.02277	0.00928	0.00295	0.00422	0.02066	0.00675	0.00590
34	0.00943	0.00703	0.00878	0.00912	0.01053	0.00637	0.00654	0.01177	0.01740	0.02345	0.33575	0.29922	0.19116	0.01838	0.00883	0.00256	0.00376	0.01625	0.00730	0.00637
35	0.09626	0.14006	0.01866	0.01316	0.04097	0.01526	0.01033	0.10173	0.01829	0.18346	0.06244	0.11084	0.02153	0.05000	0.00900	0.00247	0.03437	0.00837	0.05352	0.00930
36	0.02781	0.01905	0.02154	0.01773	0.05949	0.02056	0.01384	0.54766	0.03129	0.13839	0.01884	0.01852	0.01312	0.00864	0.00727	0.00219	0.00778	0.00665	0.00731	0.01232
37	0.08186	0.11533	0.02299	0.01988	0.09290	0.45426	0.01425	0.07729	0.01993	0.02161	0.01176	0.01370	0.00971	0.00727	0.00630	0.00192	0.01105	0.00487	0.00398	0.00913
38	0.01207	0.01049	0.01333	0.05627	0.01518	0.03723	0.00984	0.01341	0.01279	0.01736	0.02572	0.33684	0.02963	0.16139	0.01847	0.00375	0.20149	0.01335	0.00500	0.00638
39	0.01447	0.15760	0.06406	0.01231	0.01566	0.01393	0.01058	0.11469	0.01812	0.02389	0.08892	0.31078	0.05760	0.01526	0.00786	0.00246	0.00600	0.05180	0.00597	0.00803
40	0.02220	0.08506	0.06038	0.01440	0.02044	0.01795	0.01255	0.33683	0.02494	0.07200	0.05669	0.01882	0.01519	0.00793	0.00662	0.00186	0.00710	0.00611	0.00604	0.20688
41	0.01906	0.01354	0.01746	0.16393	0.02495	0.01247	0.01193	0.08436	0.01779	0.14357	0.01611	0.01791	0.01195	0.00674	0.00630	0.00167	0.00669	0.00550	0.00518	0.41289
42	0.03261	0.01237	0.01687	0.01293	0.01856	0.01068	0.01068	0.03543	0.02081	0.70423	0.02868	0.02474	0.01799	0.00900	0.00731	0.00225	0.00619	0.00731	0.00900	0.01237
43	0.01373	0.01292	0.02180	0.72707	0.05006	0.01615	0.02019	0.01857	0.01453	0.01857	0.01292	0.01938	0.00969	0.00727	0.00727	0.00242	0.00969	0.00646	0.00323	0.00807
44	0.01031	0.00718	0.00921	0.01010	0.01083	0.00695	0.00684	0.04321	0.01486	0.01997	0.09041	0.53223	0.04366	0.09521	0.01312	0.05132	0.00475	0.01743	0.00642	0.00598
45	0.00935	0.00674	0.00875	0.01004	0.01066	0.00641	0.00675	0.01129	0.03410	0.01951	0.09309	0.61977	0.04770	0.06564	0.01085	0.00313	0.00437	0.01906	0.00673	0.00606
46	0.00921	0.00655	0.00867	0.01014	0.01067	0.00617	0.00691	0.01063	0.01421	0.01900	0.07122	0.62315	0.04737	0.06687	0.01100	0.00320	0.00450	0.05797	0.00666	0.00591
47	0.01060	0.00922	0.01009	0.01076	0.05313	0.00863	0.00745	0.01543	0.11810	0.02152	0.06331	0.06030	0.55236	0.01639	0.00833	0.00244	0.00430	0.01372	0.00666	0.00728
48	0.01391	0.01469	0.06453	0.65645	0.04845	0.01628	0.04629	0.01903	0.01469	0.01903	0.01300	0.01914	0.00971	0.00720	0.00730	0.00242	0.00986	0.00648	0.00324	0.00831
49	0.00886	0.00633	0.00843	0.01012	0.01054	0.00590	0.00675	0.01012	0.01392	0.01856	0.04006	0.73979	0.04808	0.02277	0.00928	0.00295	0.00422	0.02066	0.00675	0.00590
50	0.00859	0.00736	0.00736	0.00736	0.00982	0.00614	0.00552	0.01043	0.01657	0.01964	0.07364	0.06996	0.69624	0.01841	0.00859	0.00245	0.00368	0.01534	0.00675	0.00614
51	0.01966	0.62315	0.03431	0.01300	0.01859	0.10460	0.01227	0.02187	0.01537	0.01727	0.01207	0.05635	0.01170	0.00737	0.00516	0.00168	0.00816	0.00500	0.00340	0.00902
52	0.69661	0.04289	0.01274	0.07269	0.01740	0.01678	0.00913	0.02114	0.01266	0.03077	0.01037	0.01247	0.00809	0.00677	0.00475	0.00224	0.00606	0.00416	0.00433	0.00795
53	0.02027	0.02183	0.02645	0.03532	0.45516	0.20597	0.01950	0.02368	0.01715	0.02158	0.01264	0.01649	0.01076	0.00732	0.00853	0.00217	0.07524	0.00598	0.00360	0.01036
54	0.00962	0.00690	0.00918	0.01001	0.01102	0.00646	0.00718	0.01187	0.01666	0.02282	0.28852	0.42842	0.05537	0.01956	0.00907	0.00273	0.00411	0.06696	0.00722	0.00633
55	0.01584	0.01337	0.01548	0.01113	0.01755	0.01047	0.00893	0.05825	0.01624	0.02503	0.01320	0.01522	0.01086	0.00559	0.00550	0.00114	0.00554	0.00444	0.00449	0.74173
56	0.01666	0.01014	0.01259	0.01121	0.01419	0.00997	0.00865	0.02340	0.15953	0.17504	0.36773	0.08792	0.04654	0.01307	0.00810	0.00236	0.00457	0.01135	0.00801	0.00896
57	0.01390	0.01016	0.01201	0.01148	0.01356	0.01022	0.00832	0.16842	0.01873	0.02531	0.05626	0.43286	0.03607	0.08649	0.01117	0.00302	0.00542	0.01508	0.00655	0.05497
58	0.01361	0.01048	0.01162	0.01068	0.01255	0.03698	0.00750	0.09739	0.01517	0.02047	0.02280	0.14372	0.02438	0.32640	0.12241	0.00559	0.00858	0.01029	0.00503	0.09437
59	0.04589	0.18734	0.02201	0.05373	0.04490	0.01732	0.01202	0.06698	0.01697	0.17835	0.01822	0.06208	0.01483	0.00909	0.00854	0.00213	0.10072	0.00670	0.07061	0.06160
60	0.11213	0.23112	0.02407	0.01629	0.05872	0.26544	0.01268	0.07576	0.03757	0.04242	0.01312	0.01467	0.01066	0.00724	0.00584	0.00188	0.00912	0.00491	0.04713	0.00922
61	0.01885	0.06478	0.05935	0.09420	0.04410	0.18048	0.01353	0.04126	0.05420	0.04701	0.01568	0.05702	0.01368	0.03695	0.00894	0.00218	0.05923	0.00642	0.00438	0.17777

[dist]
# distance from previous block
# <min> <max>
0	4

[block]
# block no. 4 follows, 28 sequences, length 17
# corresponding to MSA columns:
# 221-237
name=unknown_E
#
# <colnr> <probs for GDERKNQSTAVLIFYWHMCP>
#	G	D	E	R	K	N	Q	S	T	A	V	L	I	F	Y	W	H	M	C	P
0	0.01932	0.17243	0.02613	0.08599	0.11155	0.16936	0.08280	0.06421	0.06154	0.02226	0.04669	0.02215	0.06862	0.00835	0.00687	0.00208	0.00905	0.00687	0.00441	0.00932
1	0.04189	0.05142	0.02212	0.34716	0.17122	0.04531	0.01722	0.07913	0.01665	0.02220	0.01540	0.06182	0.01351	0.05445	0.00899	0.00260	0.00875	0.00727	0.00401	0.00888
2	0.01454	0.01403	0.02008	0.10575	0.02164	0.01896	0.01503	0.01653	0.01193	0.01774	0.01417	0.10788	0.01473	0.01485	0.04551	0.00337	0.52372	0.00823	0.00366	0.00766
3	0.01203	0.01008	0.01098	0.05947	0.01435	0.04955	0.00801	0.05080	0.01838	0.02374	0.27935	0.05214	0.24644	0.10290	0.01177	0.00292	0.00528	0.02848	0.00653	0.00682
4	0.01713	0.03229	0.54098	0.02095	0.03064	0.01629	0.10273	0.02460	0.01624	0.10779	0.01519	0.01703	0.01052	0.00707	0.00716	0.00231	0.01036	0.00600	0.00388	0.01083
5	0.00891	0.00739	0.00783	0.00793	0.01022	0.00631	0.00602	0.01094	0.01681	0.02047	0.11943	0.09103	0.58916	0.01837	0.00869	0.00251	0.00385	0.05107	0.00685	0.00622
6	0.07881	0.01264	0.01647	0.01282	0.01830	0.01140	0.01055	0.03472	0.05350	0.62930	0.02758	0.02407	0.01758	0.00890	0.00714	0.00226	0.00613	0.00715	0.00864	0.01205
7	0.01888	0.10647	0.01798	0.01319	0.01715	0.07933	0.01066	0.14439	0.15741	0.06950	0.10654	0.07601	0.10930	0.01169	0.00744	0.00227	0.00652	0.02928	0.00653	0.00946
8	0.02439	0.01286	0.01637	0.01322	0.01776	0.01242	0.03051	0.15950	0.04191	0.33805	0.08998	0.07653	0.06564	0.01116	0.00766	0.00232	0.00611	0.02635	0.03666	0.01060
9	0.01003	0.00715	0.00928	0.01055	0.01140	0.00688	0.00776	0.01173	0.01433	0.01879	0.03856	0.37039	0.08285	0.15338	0.01453	0.00379	0.00546	0.21097	0.00630	0.00589
10	0.04850	0.01137	0.01454	0.01225	0.01623	0.01064	0.00974	0.08645	0.01982	0.39095	0.06813	0.13878	0.02675	0.05831	0.00963	0.00272	0.00596	0.05132	0.00786	0.01006
11	0.06670	0.30561	0.32222	0.04175	0.02535	0.02186	0.01876	0.08007	0.01658	0.02322	0.01212	0.01405	0.00947	0.00681	0.00594	0.00201	0.00900	0.00486	0.00355	0.01007
12	0.00956	0.00696	0.00892	0.01021	0.01087	0.00673	0.00688	0.01196	0.05317	0.01938	0.06436	0.62620	0.04598	0.06843	0.01093	0.00316	0.00446	0.01899	0.00668	0.00617
13	0.02435	0.02482	0.02020	0.01724	0.02099	0.31718	0.01348	0.23738	0.06509	0.02745	0.01488	0.01777	0.01216	0.05169	0.01080	0.00248	0.10126	0.00607	0.00509	0.00961
14	0.04787	0.01485	0.03735	0.10338	0.02227	0.03678	0.05774	0.18034	0.09831	0.02834	0.08679	0.15660	0.02556	0.05912	0.00965	0.00273	0.00720	0.01016	0.00598	0.00898
15	0.13418	0.00983	0.01082	0.01007	0.01267	0.01008	0.00768	0.04527	0.08154	0.04981	0.27999	0.13778	0.04012	0.01279	0.00732	0.00228	0.00443	0.01086	0.10376	0.02872
16	0.04206	0.01443	0.01563	0.01300	0.01643	0.01567	0.00994	0.34773	0.06136	0.03275	0.06345	0.07067	0.02247	0.22321	0.01601	0.00366	0.00702	0.00896	0.00638	0.00916

[dist]
# distance from previous block
# <min> <max>
2	7

[block]
# block no. 5 follows, 28 sequences, length 67
# corresponding to MSA columns:
# 245-311
name=unknown_F
#
# <colnr> <probs for GDERKNQSTAVLIFYWHMCP>
#	G	D	E	R	K	N	Q	S	T	A	V	L	I	F	Y	W	H	M	C	P
0	0.01335	0.01228	0.01378	0.07608	0.01708	0.08864	0.01030	0.01681	0.03889	0.02411	0.35706	0.08921	0.06825	0.01376	0.01034	0.00246	0.10263	0.03136	0.00627	0.00734
1	0.12138	0.01484	0.02396	0.24867	0.11654	0.01567	0.14352	0.02248	0.04276	0.08278	0.01581	0.02061	0.01221	0.00739	0.00711	0.00229	0.00866	0.02596	0.00438	0.06299
2	0.12161	0.01554	0.10629	0.01324	0.01798	0.01322	0.01199	0.02671	0.19073	0.16366	0.10803	0.03394	0.06810	0.01094	0.00738	0.00243	0.00616	0.06557	0.00672	0.00977
3	0.01284	0.00874	0.01045	0.01001	0.01141	0.00870	0.00694	0.09252	0.01700	0.04487	0.18646	0.22389	0.04006	0.27178	0.01852	0.00411	0.00554	0.01320	0.00636	0.00660
4	0.01943	0.74891	0.03809	0.01244	0.01866	0.02876	0.01244	0.02177	0.01477	0.01710	0.01011	0.01166	0.00933	0.00622	0.00466	0.00155	0.00777	0.00389	0.00311	0.00933
5	0.00983	0.00713	0.00944	0.01093	0.01178	0.00689	0.00793	0.01231	0.04039	0.01997	0.05883	0.55970	0.04644	0.02150	0.00934	0.00299	0.00475	0.14673	0.00680	0.00631
6	0.00884	0.00637	0.00839	0.01000	0.01051	0.00591	0.00669	0.01014	0.01403	0.01860	0.04155	0.71014	0.07677	0.02258	0.00925	0.00293	0.00419	0.02043	0.00675	0.00591
7	0.00931	0.00712	0.00846	0.00868	0.01029	0.00636	0.00625	0.01150	0.01709	0.02246	0.27859	0.22961	0.29503	0.04386	0.00976	0.00268	0.00385	0.01573	0.00710	0.00627
8	0.01547	0.01813	0.10471	0.01891	0.02028	0.02095	0.01689	0.01794	0.01167	0.01813	0.01046	0.01647	0.00993	0.01411	0.05645	0.00350	0.60827	0.00631	0.00320	0.00822
9	0.00976	0.00719	0.00913	0.00911	0.01065	0.00656	0.00666	0.01252	0.01863	0.02563	0.47318	0.20184	0.14817	0.01701	0.00873	0.00245	0.00363	0.01503	0.00757	0.00656
10	0.01088	0.00737	0.01016	0.01038	0.01165	0.00815	0.00788	0.01348	0.01277	0.01937	0.02317	0.12335	0.02227	0.04005	0.46343	0.00830	0.01386	0.00929	0.17772	0.00648
11	0.01682	0.00917	0.00966	0.00865	0.01120	0.00939	0.00674	0.11754	0.01844	0.07059	0.02306	0.02550	0.01765	0.00854	0.00555	0.00180	0.00425	0.00677	0.62073	0.00796
12	0.01936	0.01625	0.01716	0.01505	0.01939	0.01868	0.01181	0.12372	0.59888	0.03247	0.02796	0.02583	0.02088	0.00971	0.00738	0.00243	0.00605	0.00799	0.00738	0.01162
13	0.01683	0.02035	0.08171	0.06492	0.03820	0.01818	0.60133	0.02303	0.01692	0.02303	0.01452	0.01934	0.01085	0.00623	0.00841	0.00244	0.01204	0.00828	0.00362	0.00977
14	0.01041	0.00711	0.00825	0.00829	0.00854	0.00716	0.00494	0.01077	0.01105	0.01473	0.02558	0.06344	0.06027	0.62861	0.09574	0.00713	0.00792	0.01080	0.00453	0.00472
15	0.01763	0.01704	0.02951	0.09598	0.62060	0.01723	0.05083	0.02207	0.01642	0.02333	0.01366	0.01817	0.01135	0.00652	0.00726	0.00219	0.00888	0.00657	0.00357	0.01118
16	0.02375	0.06240	0.04796	0.10374	0.02530	0.35467	0.01516	0.10401	0.01989	0.06859	0.01320	0.01554	0.01037	0.00826	0.00877	0.00216	0.09720	0.00549	0.00434	0.00921
17	0.01455	0.07455	0.01352	0.01161	0.03865	0.00960	0.00826	0.01662	0.01623	0.12807	0.18048	0.25217	0.03955	0.13097	0.01273	0.00319	0.00535	0.02990	0.00657	0.00744
18	0.79588	0.01406	0.01068	0.00956	0.01406	0.01631	0.00787	0.02137	0.01237	0.03261	0.01012	0.01181	0.00787	0.00675	0.00450	0.00225	0.00562	0.00394	0.00450	0.00787
19	0.01128	0.00744	0.00860	0.00870	0.00926	0.00751	0.00549	0.03680	0.01268	0.01780	0.02559	0.16278	0.02827	0.46716	0.06172	0.00574	0.00678	0.01156	0.09948	0.00536
20	0.29531	0.14177	0.01791	0.10770	0.01988	0.01710	0.01105	0.02015	0.06195	0.02392	0.01530	0.06659	0.01375	0.01525	0.10950	0.00362	0.04046	0.00639	0.00430	0.00809
21	0.01611	0.01001	0.01183	0.01084	0.01329	0.04017	0.00815	0.03772	0.01612	0.14151	0.09135	0.15169	0.02759	0.07010	0.13509	0.03886	0.00795	0.01004	0.10029	0.06128
22	0.03105	0.01202	0.01637	0.01267	0.01802	0.01042	0.01042	0.03390	0.02079	0.65691	0.07540	0.02681	0.02154	0.00941	0.00740	0.00225	0.00599	0.00772	0.00893	0.01198
23	0.01133	0.00831	0.00969	0.00977	0.01126	0.00808	0.00701	0.07069	0.01624	0.02117	0.08833	0.22016	0.18966	0.20963	0.01626	0.00384	0.00538	0.08065	0.00626	0.00629
24	0.05388	0.66107	0.08847	0.01295	0.01944	0.02729	0.01335	0.02185	0.01471	0.01825	0.01033	0.01195	0.00925	0.00630	0.00483	0.00164	0.00791	0.00400	0.00317	0.00937
25	0.01128	0.00769	0.00958	0.00901	0.01110	0.00690	0.00679	0.01421	0.01938	0.07021	0.48012	0.08371	0.21150	0.01563	0.00852	0.00235	0.00370	0.01359	0.00772	0.00701
26	0.01055	0.00707	0.00805	0.00801	0.00813	0.00703	0.00457	0.01079	0.01126	0.01513	0.06915	0.04803	0.02933	0.69436	0.03504	0.00672	0.00680	0.01075	0.00465	0.00457
27	0.01496	0.01391	0.04429	0.23378	0.06263	0.01390	0.05919	0.08885	0.04658	0.02340	0.03997	0.05847	0.07711	0.06408	0.03171	0.00287	0.00814	0.00833	0.00473	0.10310
28	0.01191	0.00903	0.01096	0.01110	0.01267	0.00926	0.00820	0.07049	0.06539	0.02298	0.11177	0.34400	0.10859	0.07141	0.01145	0.00307	0.03171	0.07233	0.00667	0.00703
29	0.00982	0.00700	0.00873	0.00975	0.01041	0.00670	0.00654	0.02608	0.01395	0.01841	0.03783	0.48467	0.08653	0.18745	0.01558	0.00386	0.00504	0.04968	0.00622	0.00577
30	0.03027	0.01391	0.01755	0.01370	0.01919	0.01326	0.01124	0.13063	0.09640	0.53203	0.02711	0.02392	0.01762	0.00905	0.00731	0.00226	0.00641	0.00730	0.00856	0.01227
31	0.10825	0.09966	0.06992	0.04274	0.13078	0.18577	0.01532	0.18146	0.02078	0.02745	0.01342	0.01565	0.01064	0.00936	0.03655	0.00246	0.00976	0.00549	0.00454	0.00998
32	0.01708	0.01682	0.02729	0.24808	0.44991	0.04776	0.04526	0.02152	0.01615	0.02191	0.01338	0.01825	0.01085	0.00675	0.00724	0.00224	0.00928	0.00647	0.00350	0.01028
33	0.66489	0.01437	0.01259	0.05358	0.01690	0.01695	0.00940	0.04679	0.01328	0.03125	0.01054	0.01277	0.00827	0.00727	0.00611	0.00232	0.05586	0.00436	0.00444	0.00807
34	0.01118	0.00773	0.00985	0.01033	0.01199	0.00724	0.00783	0.01412	0.03787	0.05714	0.20382	0.28871	0.15230	0.01856	0.00898	0.00273	0.00454	0.13109	0.00718	0.00682
35	0.01053	0.00717	0.00856	0.00853	0.00881	0.00732	0.00521	0.01110	0.01133	0.01539	0.06280	0.04532	0.02781	0.60442	0.13002	0.00741	0.00856	0.01034	0.00455	0.00484
36	0.01507	0.01292	0.01507	0.01077	0.01723	0.00969	0.00861	0.01830	0.01507	0.02369	0.01292	0.01507	0.01077	0.00538	0.00538	0.00108	0.00538	0.00431	0.00431	0.78898
37	0.02539	0.01860	0.01993	0.01548	0.02088	0.02036	0.01270	0.55837	0.06086	0.04246	0.01836	0.01865	0.01329	0.00861	0.00700	0.00210	0.00737	0.00654	0.07685	0.04620
38	0.01167	0.00896	0.01203	0.03643	0.07444	0.00901	0.00912	0.05837	0.04419	0.02160	0.06320	0.50038	0.03967	0.06230	0.01044	0.00301	0.00524	0.01651	0.00633	0.00711
39	0.01829	0.01791	0.02669	0.09423	0.51789	0.06528	0.02026	0.02445	0.09781	0.02373	0.01537	0.01887	0.01251	0.00702	0.00718	0.00220	0.00868	0.00656	0.00404	0.01102
40	0.01808	0.01561	0.01644	0.01479	0.01890	0.01808	0.01151	0.03863	0.68606	0.03041	0.02959	0.02712	0.02219	0.00986	0.00740	0.00247	0.00575	0.00822	0.00740	0.01151
41	0.04818	0.00710	0.00695	0.00690	0.00872	0.00720	0.00520	0.01713	0.01512	0.02734	0.02311	0.02642	0.01816	0.00839	0.00506	0.00172	0.00349	0.00665	0.75035	0.00682
42	0.02675	0.03379	0.02041	0.01855	0.02231	0.68409	0.01393	0.02946	0.05044	0.01836	0.01206	0.01374	0.00994	0.00760	0.00659	0.00190	0.01278	0.00484	0.00391	0.00857
43	0.01027	0.00706	0.00788	0.00794	0.00825	0.00690	0.00462	0.01054	0.01142	0.01492	0.02966	0.07468	0.10837	0.63109	0.03258	0.00635	0.00654	0.01150	0.00477	0.00467
44	0.00902	0.00640	0.00839	0.00991	0.01029	0.00601	0.00652	0.01016	0.01360	0.01813	0.03842	0.67330	0.04600	0.09210	0.01194	0.00335	0.00449	0.01970	0.00652	0.00576
45	0.00917	0.00655	0.00880	0.01048	0.01104	0.00618	0.00730	0.01067	0.01423	0.01891	0.03989	0.66684	0.04738	0.02247	0.00936	0.00300	0.00449	0.09050	0.00674	0.00599
46	0.02555	0.02041	0.02057	0.01646	0.02176	0.07328	0.01334	0.49066	0.17259	0.04043	0.01958	0.01920	0.01424	0.00888	0.00724	0.00222	0.00790	0.00676	0.00704	0.01189
47	0.02625	0.01895	0.02042	0.01589	0.02128	0.02087	0.01299	0.57204	0.07147	0.06747	0.01895	0.01968	0.01385	0.03695	0.00837	0.00238	0.00765	0.00683	0.02583	0.01187
48	0.00886	0.00633	0.00843	0.01012	0.01054	0.00590	0.00675	0.01012	0.01392	0.01856	0.04006	0.73979	0.04808	0.02277	0.00928	0.00295	0.00422	0.02066	0.00675	0.00590
49	0.01023	0.00738	0.00966	0.00919	0.01085	0.00682	0.00685	0.01356	0.02029	0.02870	0.66755	0.08339	0.06772	0.01520	0.00860	0.00231	0.00346	0.01346	0.00795	0.00682
50	0.01748	0.01666	0.02792	0.12583	0.58646	0.01718	0.02151	0.02267	0.04983	0.02345	0.01438	0.01862	0.01183	0.00674	0.00721	0.00221	0.00862	0.00656	0.00374	0.01110
51	0.02953	0.01679	0.11373	0.01445	0.02081	0.01289	0.01329	0.10587	0.02155	0.53485	0.02523	0.02261	0.01613	0.00867	0.00725	0.00225	0.00703	0.00695	0.00797	0.01214
52	0.06549	0.07586	0.02101	0.01775	0.02170	0.61542	0.01355	0.02852	0.04192	0.01892	0.01172	0.01342	0.00971	0.00746	0.00636	0.00189	0.01216	0.00471	0.00387	0.00856
53	0.01419	0.03545	0.65885	0.01999	0.03002	0.01613	0.02547	0.02213	0.01525	0.02271	0.01490	0.06517	0.01188	0.00800	0.00707	0.00235	0.01029	0.00642	0.00332	0.01041
54	0.00975	0.00716	0.00932	0.01016	0.01063	0.00720	0.00690	0.01106	0.01392	0.01892	0.11054	0.49538	0.04430	0.14861	0.01496	0.00361	0.04828	0.01716	0.00626	0.00587
55	0.01581	0.02082	0.17410	0.05486	0.08079	0.01711	0.27711	0.02043	0.01476	0.02090	0.01313	0.01827	0.01057	0.00964	0.01281	0.09342	0.12607	0.00703	0.00338	0.00899
56	0.01752	0.01669	0.02840	0.07807	0.63857	0.01685	0.02177	0.02183	0.01646	0.02340	0.01464	0.02064	0.01264	0.00707	0.00731	0.00222	0.00861	0.03245	0.00370	0.01114
57	0.04931	0.01667	0.01786	0.01420	0.01905	0.01819	0.01158	0.43822	0.07628	0.08598	0.02006	0.02031	0.01451	0.00871	0.00678	0.00212	0.00675	0.00668	0.15566	0.01109
58	0.01127	0.00812	0.01124	0.01102	0.01228	0.00940	0.00853	0.01380	0.01238	0.01868	0.02143	0.02960	0.03984	0.07292	0.49032	0.00884	0.06453	0.00788	0.14138	0.00654
59	0.01492	0.05113	0.52746	0.05220	0.03124	0.01706	0.09782	0.02201	0.01508	0.02203	0.01300	0.01623	0.00960	0.00785	0.00864	0.03759	0.03712	0.00582	0.00315	0.01004
60	0.01476	0.00846	0.01092	0.00971	0.01234	0.00757	0.00749	0.01786	0.02011	0.16990	0.47506	0.05010	0.13880	0.01408	0.00831	0.00230	0.00404	0.01220	0.00805	0.00792
61	0.01057	0.00705	0.00793	0.00793	0.00793	0.00705	0.00440	0.01057	0.01057	0.01409	0.02290	0.04757	0.02643	0.74454	0.03700	0.00705	0.00705	0.01057	0.00440	0.00440
62	0.10902	0.20247	0.30213	0.01651	0.02348	0.06698	0.03819	0.02159	0.01490	0.02168	0.01367	0.05806	0.01185	0.00977	0.03485	0.00253	0.03350	0.00594	0.00357	0.00932
63	0.01262	0.00902	0.01068	0.00994	0.01248	0.00867	0.00764	0.01815	0.11898	0.07384	0.36348	0.05323	0.22117	0.01481	0.00837	0.00239	0.00415	0.03503	0.00761	0.00775
64	0.01105	0.00820	0.01061	0.01143	0.01300	0.00813	0.00899	0.01532	0.07680	0.02322	0.18739	0.25522	0.07092	0.01869	0.00921	0.00289	0.00507	0.24988	0.00707	0.00692
65	0.01702	0.01230	0.01658	0.09723	0.11400	0.01303	0.04498	0.15006	0.01919	0.02890	0.02000	0.04990	0.01610	0.00853	0.00640	0.00203	0.00624	0.00727	0.36140	0.00883
66	0.01524	0.10066	0.06459	0.36386	0.11915	0.01782	0.10676	0.01982	0.01517	0.01992	0.01588	0.02056	0.04494	0.00766	0.00785	0.00232	0.03855	0.00684	0.00349	0.00891

[dist]
# distance from previous block
# <min> <max>
1	2

[block]
# block no. 6 follows, 28 sequences, length 131
# corresponding to MSA columns:
# 314-444
name=unknown_G
#
# <colnr> <probs for GDERKNQSTAVLIFYWHMCP>
#	G	D	E	R	K	N	Q	S	T	A	V	L	I	F	Y	W	H	M	C	P
0	0.01115	0.00807	0.01030	0.00959	0.01146	0.00765	0.00722	0.04853	0.02102	0.02960	0.63275	0.08035	0.06478	0.01486	0.00853	0.00231	0.00370	0.01310	0.00791	0.00711
1	0.01901	0.01538	0.03576	0.01750	0.08971	0.01568	0.04610	0.27630	0.07082	0.03361	0.16748	0.06594	0.02777	0.03344	0.00853	0.00240	0.00672	0.00906	0.04884	0.00995
2	0.01441	0.01222	0.01437	0.01070	0.01651	0.00929	0.00841	0.01743	0.01495	0.02314	0.01581	0.09225	0.01474	0.00724	0.00580	0.00128	0.00526	0.00605	0.00457	0.70559
3	0.01943	0.74891	0.03809	0.01244	0.01866	0.02876	0.01244	0.02177	0.01477	0.01710	0.01011	0.01166	0.00933	0.00622	0.00466	0.00155	0.00777	0.00389	0.00311	0.00933
4	0.01029	0.00743	0.00972	0.00914	0.01086	0.00686	0.00686	0.01372	0.02058	0.02915	0.69536	0.05430	0.06859	0.01486	0.00857	0.00229	0.00343	0.01315	0.00800	0.00686
5	0.01150	0.00935	0.01144	0.01131	0.01249	0.05408	0.00838	0.01349	0.01201	0.01633	0.01969	0.03172	0.01941	0.20231	0.52176	0.01004	0.01635	0.00820	0.00400	0.00616
6	0.01061	0.00780	0.00983	0.01092	0.01193	0.00773	0.00763	0.04833	0.06165	0.02097	0.03806	0.62858	0.04413	0.02102	0.00907	0.00289	0.00461	0.04075	0.00682	0.00667
7	0.01071	0.00704	0.00806	0.00812	0.00833	0.00709	0.00478	0.01113	0.01108	0.01532	0.02340	0.07028	0.02623	0.62983	0.06962	0.00677	0.00734	0.01052	0.05960	0.00474
8	0.02298	0.01805	0.01919	0.01578	0.02077	0.02037	0.01269	0.36483	0.35188	0.03830	0.02337	0.02216	0.01715	0.00928	0.00733	0.00232	0.00690	0.00736	0.00733	0.01194
9	0.01890	0.01622	0.01634	0.01455	0.01866	0.05509	0.01134	0.06509	0.55432	0.05297	0.03084	0.02859	0.06427	0.01020	0.00742	0.00241	0.00614	0.00838	0.00721	0.01106
10	0.02768	0.01137	0.01550	0.01266	0.01738	0.01002	0.01049	0.03062	0.02021	0.54786	0.08969	0.03544	0.02587	0.01108	0.00781	0.00241	0.00601	0.09826	0.00858	0.01108
11	0.00871	0.00737	0.00753	0.00749	0.00989	0.00619	0.00562	0.01066	0.01685	0.02030	0.11716	0.06886	0.65230	0.01816	0.00859	0.00244	0.00366	0.01519	0.00684	0.00619
12	0.02715	0.03464	0.02060	0.01873	0.02247	0.71536	0.01404	0.02903	0.02060	0.01779	0.01124	0.01311	0.00936	0.00749	0.00655	0.00187	0.01311	0.00468	0.00375	0.00843
13	0.09117	0.01315	0.01679	0.01298	0.01853	0.01207	0.01072	0.08590	0.02123	0.59927	0.02634	0.02315	0.01676	0.00880	0.00709	0.00224	0.00629	0.00699	0.00851	0.01202
14	0.01023	0.00693	0.00816	0.00849	0.00862	0.00690	0.00503	0.01057	0.01126	0.01506	0.02613	0.18182	0.03036	0.57958	0.05548	0.00641	0.00693	0.01244	0.00484	0.00477
15	0.01373	0.00729	0.00744	0.00726	0.00891	0.00737	0.00532	0.03983	0.01541	0.02634	0.02340	0.02900	0.01926	0.08928	0.00866	0.00230	0.00395	0.00718	0.67134	0.00672
16	0.01760	0.01672	0.02811	0.07036	0.62491	0.01694	0.02147	0.02247	0.03979	0.02370	0.01507	0.02062	0.01288	0.00711	0.00731	0.00222	0.00851	0.02919	0.00382	0.01120
17	0.70768	0.05179	0.01278	0.05398	0.01652	0.01694	0.00887	0.02122	0.01263	0.03095	0.01029	0.01227	0.00806	0.00675	0.00468	0.00222	0.00598	0.00409	0.00435	0.00796
18	0.72636	0.01504	0.03748	0.01047	0.01497	0.01663	0.00900	0.02123	0.01242	0.03147	0.01020	0.01215	0.00801	0.00706	0.00558	0.00230	0.04314	0.00411	0.00438	0.00798
19	0.01586	0.01510	0.02566	0.38522	0.37522	0.01671	0.02125	0.02044	0.01555	0.02116	0.01330	0.01868	0.01060	0.00687	0.00723	0.00229	0.00916	0.00647	0.00341	0.00980
20	0.01029	0.00770	0.00963	0.00933	0.01124	0.00714	0.00716	0.01384	0.03579	0.02676	0.50564	0.05900	0.18083	0.01586	0.00868	0.00242	0.00382	0.07041	0.00764	0.00682
21	0.09723	0.26924	0.29948	0.01982	0.09054	0.02093	0.06528	0.02238	0.01509	0.02212	0.01194	0.01431	0.00946	0.00656	0.00606	0.00204	0.00913	0.00506	0.00332	0.00998
22	0.01737	0.41861	0.31086	0.01757	0.06081	0.02328	0.01886	0.02231	0.01510	0.01988	0.01150	0.01351	0.00940	0.00651	0.00572	0.00189	0.00903	0.00463	0.00312	0.01002
