[name]
unknown

[dist]
# distance from previous block
# <min> <max>
0	29

[block]
# block no. 0 follows, 29 sequences, length 8
# corresponding to MSA columns:
# 29-36
name=unknown_A
#
# <colnr> <probs for GDERKNQSTAVLIFYWHMCP>
#	G	D	E	R	K	N	Q	S	T	A	V	L	I	F	Y	W	H	M	C	P
0	0.01306	0.00941	0.01221	0.01294	0.01490	0.00963	0.01082	0.10473	0.01819	0.02392	0.03519	0.19945	0.03822	0.01866	0.00932	0.00305	0.00627	0.44622	0.00664	0.00717
1	0.05572	0.01148	0.01824	0.55405	0.03967	0.01390	0.01658	0.01675	0.01401	0.01895	0.01762	0.15811	0.01662	0.01001	0.00735	0.00246	0.00824	0.00887	0.00389	0.00749
2	0.06851	0.01587	0.01462	0.01382	0.03780	0.14819	0.01022	0.02607	0.19461	0.13826	0.03144	0.12644	0.12108	0.01173	0.00731	0.00231	0.00667	0.00961	0.00635	0.00909
3	0.00980	0.01229	0.14346	0.01135	0.01401	0.00795	0.01007	0.01242	0.01415	0.01895	0.03867	0.45500	0.14679	0.05834	0.01001	0.00291	0.00542	0.01596	0.00579	0.00665
4	0.02495	0.01522	0.01543	0.01314	0.01716	0.14644	0.01027	0.02831	0.05554	0.38283	0.08897	0.12313	0.02485	0.01095	0.00740	0.00224	0.00683	0.00903	0.00735	0.00996
5	0.02909	0.01555	0.01851	0.01431	0.01981	0.01570	0.01178	0.30281	0.06532	0.39467	0.02359	0.02142	0.01558	0.00875	0.00715	0.00219	0.00677	0.00690	0.00802	0.01206
6	0.06673	0.01618	0.02640	0.24202	0.22201	0.01765	0.13378	0.11058	0.01757	0.02486	0.01345	0.01776	0.01046	0.00712	0.00791	0.00230	0.04303	0.00655	0.00396	0.00970
7	0.01177	0.01000	0.01419	0.01281	0.01511	0.00997	0.09874	0.01726	0.14461	0.02089	0.05788	0.28960	0.12603	0.12251	0.01247	0.00323	0.00580	0.01388	0.00603	0.00721

[dist]
# distance from previous block
# <min> <max>
0	4

[block]
# block no. 1 follows, 29 sequences, length 8
# corresponding to MSA columns:
# 41-48
name=unknown_B
#
# <colnr> <probs for GDERKNQSTAVLIFYWHMCP>
#	G	D	E	R	K	N	Q	S	T	A	V	L	I	F	Y	W	H	M	C	P
0	0.01921	0.01819	0.01958	0.01723	0.06639	0.12277	0.06158	0.11088	0.21681	0.02670	0.01826	0.01980	0.01439	0.03181	0.00763	0.00207	0.00763	0.00634	0.00531	0.20741
1	0.01222	0.01034	0.01429	0.01341	0.01446	0.01289	0.01056	0.01581	0.07084	0.01783	0.01879	0.07336	0.01819	0.06975	0.38799	0.00759	0.21225	0.00826	0.00413	0.00704
2	0.00922	0.00662	0.00858	0.00947	0.01017	0.00636	0.00643	0.01068	0.01387	0.01868	0.11602	0.45379	0.08112	0.13114	0.07953	0.00418	0.00581	0.01643	0.00616	0.00575
3	0.01426	0.00896	0.01060	0.07523	0.01400	0.00958	0.00760	0.10062	0.01560	0.02365	0.01997	0.02822	0.01755	0.16173	0.04301	0.08808	0.00613	0.00732	0.34129	0.00660
4	0.01445	0.01317	0.02095	0.49409	0.13730	0.01547	0.01811	0.04492	0.06089	0.02073	0.01635	0.08261	0.01396	0.00856	0.00729	0.00237	0.00855	0.00766	0.00394	0.00860
5	0.10888	0.01373	0.02009	0.44850	0.10027	0.01608	0.01702	0.05682	0.06479	0.06514	0.01477	0.01875	0.01098	0.00735	0.00680	0.00231	0.00835	0.00622	0.00420	0.00893
6	0.07061	0.01947	0.04919	0.18568	0.26171	0.14791	0.01761	0.02448	0.11172	0.02252	0.01473	0.01779	0.01164	0.00721	0.00679	0.00217	0.00899	0.00605	0.00404	0.00969
7	0.01746	0.01485	0.01459	0.01159	0.01645	0.11419	0.00906	0.04799	0.01692	0.08251	0.04245	0.02380	0.10104	0.00898	0.00739	0.04393	0.00635	0.00637	0.00502	0.40907

[dist]
# distance from previous block
# <min> <max>
4	13

[block]
# block no. 2 follows, 29 sequences, length 7
# corresponding to MSA columns:
# 62-68
name=unknown_C
#
# <colnr> <probs for GDERKNQSTAVLIFYWHMCP>
#	G	D	E	R	K	N	Q	S	T	A	V	L	I	F	Y	W	H	M	C	P
0	0.02264	0.01499	0.01729	0.01351	0.01819	0.01537	0.01084	0.31216	0.02321	0.15624	0.01874	0.02202	0.01466	0.10350	0.03492	0.00291	0.03695	0.00669	0.00629	0.14890
1	0.01442	0.01433	0.02631	0.53965	0.08369	0.01636	0.16439	0.01941	0.01491	0.01949	0.01308	0.01896	0.00988	0.00683	0.00740	0.00236	0.00998	0.00678	0.00328	0.00847
2	0.02076	0.05180	0.02133	0.20605	0.02888	0.38392	0.04588	0.02487	0.06379	0.01865	0.01329	0.01659	0.01073	0.01020	0.05129	0.00263	0.01162	0.00562	0.00376	0.00835
3	0.01122	0.01241	0.13650	0.01032	0.01253	0.00878	0.00884	0.01332	0.01213	0.01723	0.05881	0.03858	0.02407	0.47472	0.07849	0.00581	0.00805	0.00913	0.05320	0.00588
4	0.02378	0.01784	0.02050	0.14627	0.02618	0.02003	0.01417	0.52171	0.02889	0.03894	0.01665	0.01799	0.01199	0.00827	0.00700	0.00215	0.00787	0.00641	0.05233	0.01102
5	0.02299	0.01683	0.01852	0.01446	0.01983	0.01767	0.01176	0.38822	0.13107	0.08351	0.04763	0.02015	0.01601	0.00839	0.00686	0.00199	0.00672	0.00659	0.00676	0.15404
6	0.01680	0.01267	0.01467	0.01232	0.01590	0.01302	0.00959	0.25105	0.02023	0.02786	0.02199	0.10934	0.04557	0.09445	0.15554	0.00442	0.00896	0.00862	0.00555	0.15145

[dist]
# distance from previous block
# <min> <max>
0	12

[block]
# block no. 3 follows, 29 sequences, length 111
# corresponding to MSA columns:
# 81-191
name=unknown_D
#
# <colnr> <probs for GDERKNQSTAVLIFYWHMCP>
#	G	D	E	R	K	N	Q	S	T	A	V	L	I	F	Y	W	H	M	C	P
0	0.01865	0.69619	0.09180	0.01284	0.01929	0.02724	0.01332	0.02142	0.01451	0.01722	0.01013	0.01171	0.00913	0.00615	0.00475	0.00158	0.00785	0.00392	0.00304	0.00925
1	0.01497	0.18097	0.54235	0.01803	0.02727	0.01840	0.02245	0.02172	0.01498	0.02122	0.01501	0.01683	0.04189	0.00716	0.00640	0.00211	0.00961	0.00543	0.00319	0.01003
2	0.01261	0.00994	0.01574	0.21646	0.02446	0.01053	0.06827	0.01624	0.04665	0.06255	0.02842	0.39844	0.03031	0.01517	0.00826	0.00264	0.00651	0.01390	0.00555	0.00737
3	0.02418	0.01668	0.04487	0.04087	0.02098	0.01707	0.01261	0.29586	0.17330	0.19647	0.02223	0.02207	0.01591	0.03152	0.02990	0.00265	0.00741	0.00706	0.00707	0.01131
4	0.00887	0.00684	0.00816	0.00905	0.01045	0.00613	0.00656	0.01061	0.01520	0.01928	0.07689	0.37747	0.32024	0.02001	0.00885	0.00270	0.00411	0.07595	0.00665	0.00598
5	0.01428	0.03683	0.71286	0.02030	0.03082	0.01654	0.02631	0.02255	0.01503	0.02255	0.01278	0.01503	0.00902	0.00677	0.00677	0.00226	0.01052	0.00526	0.00301	0.01052
6	0.05675	0.02721	0.36149	0.02529	0.08282	0.01711	0.28148	0.02252	0.01567	0.02320	0.01331	0.01668	0.00982	0.00643	0.00731	0.00230	0.01069	0.00650	0.00335	0.01007
7	0.01523	0.17948	0.57849	0.01868	0.02832	0.01885	0.02350	0.02231	0.01492	0.02140	0.01221	0.01432	0.00904	0.00663	0.00633	0.00211	0.00995	0.00497	0.00301	0.01025
8	0.03001	0.01169	0.01590	0.01234	0.01751	0.01013	0.01013	0.03281	0.02036	0.64971	0.08791	0.02681	0.02203	0.00932	0.00727	0.00221	0.00582	0.00767	0.00873	0.01164
9	0.01447	0.06565	0.68572	0.01997	0.03032	0.01700	0.02574	0.02250	0.01501	0.02232	0.01266	0.01489	0.00902	0.00674	0.00668	0.00223	0.01041	0.00520	0.00301	0.01047
10	0.01405	0.01327	0.02231	0.59027	0.16475	0.01575	0.01975	0.01863	0.01464	0.01912	0.01441	0.02009	0.02871	0.00728	0.00714	0.00233	0.00915	0.00657	0.00332	0.00846
11	0.01762	0.01692	0.02890	0.04371	0.70533	0.01692	0.02185	0.02185	0.01621	0.02326	0.01339	0.01762	0.01128	0.00634	0.00705	0.00211	0.00846	0.00634	0.00352	0.01128
12	0.00927	0.00724	0.00817	0.00805	0.00993	0.00641	0.00593	0.01143	0.01686	0.02172	0.26764	0.06167	0.40145	0.09588	0.01146	0.00287	0.00399	0.03719	0.00676	0.00608
13	0.80005	0.01377	0.01047	0.00936	0.01377	0.01597	0.00771	0.02093	0.01212	0.03195	0.00991	0.01157	0.00771	0.00661	0.00441	0.00220	0.00551	0.00386	0.00441	0.00771
14	0.01237	0.00618	0.00928	0.00928	0.00928	0.00618	0.00618	0.00928	0.00928	0.01237	0.01237	0.02165	0.01237	0.02474	0.02783	0.79283	0.00618	0.00618	0.00309	0.00309
15	0.00934	0.00642	0.00833	0.00959	0.01024	0.00606	0.00657	0.01096	0.01428	0.01973	0.09463	0.57670	0.04543	0.04647	0.00968	0.00289	0.00418	0.03993	0.07265	0.00591
16	0.00877	0.00624	0.00823	0.00980	0.01019	0.00585	0.00648	0.00994	0.01345	0.01794	0.03832	0.70643	0.04592	0.06259	0.01059	0.00311	0.00428	0.01970	0.00648	0.00570
17	0.01762	0.01692	0.02890	0.04371	0.70533	0.01692	0.02185	0.02185	0.01621	0.02326	0.01339	0.01762	0.01128	0.00634	0.00705	0.00211	0.00846	0.00634	0.00352	0.01128
18	0.00996	0.00759	0.00919	0.01014	0.01125	0.00749	0.00701	0.01379	0.10664	0.01969	0.04081	0.53936	0.11667	0.05246	0.00997	0.00295	0.00440	0.01755	0.00660	0.00649
19	0.00910	0.00697	0.00778	0.00820	0.00955	0.00629	0.00568	0.01040	0.01422	0.01775	0.05110	0.20661	0.36312	0.20230	0.01560	0.00368	0.00468	0.04539	0.00603	0.00556
20	0.01036	0.00690	0.00777	0.00777	0.00777	0.00690	0.00431	0.01036	0.01036	0.01381	0.02244	0.04660	0.02589	0.74975	0.03624	0.00690	0.00690	0.01036	0.00431	0.00431
21	0.02769	0.01113	0.01481	0.01170	0.01628	0.00973	0.00934	0.03002	0.01878	0.57673	0.02976	0.02975	0.05668	0.11068	0.01121	0.00286	0.00604	0.00803	0.00808	0.01071
22	0.73343	0.01322	0.01039	0.00933	0.01351	0.01519	0.00763	0.02030	0.01280	0.03166	0.06824	0.01508	0.01273	0.00728	0.00474	0.00221	0.00533	0.00462	0.00470	0.00763
23	0.01820	0.01554	0.01638	0.01459	0.01870	0.01794	0.01139	0.07161	0.65790	0.03058	0.02836	0.02607	0.02123	0.00960	0.00724	0.00240	0.00575	0.00796	0.00724	0.01131
24	0.03195	0.01212	0.01652	0.01267	0.01818	0.01047	0.01047	0.03470	0.02038	0.71026	0.02809	0.02424	0.01763	0.00881	0.00716	0.00220	0.00606	0.00716	0.00881	0.01212
25	0.08414	0.01493	0.01549	0.01374	0.01785	0.01701	0.01078	0.07322	0.54190	0.04902	0.02891	0.02688	0.05558	0.00975	0.00706	0.00237	0.00566	0.00794	0.00701	0.01077
26	0.01281	0.00782	0.01026	0.00982	0.01151	0.00767	0.00729	0.01503	0.01533	0.10447	0.20309	0.08830	0.07303	0.16521	0.17507	0.00530	0.00814	0.04079	0.03233	0.00672
27	0.05613	0.00823	0.00961	0.00886	0.01144	0.00744	0.00679	0.01541	0.01801	0.11807	0.30747	0.07926	0.29684	0.01494	0.00804	0.00232	0.00397	0.01269	0.00727	0.00721
28	0.59155	0.01332	0.01211	0.01026	0.01497	0.01448	0.00846	0.02467	0.01436	0.21607	0.01485	0.01501	0.01040	0.00721	0.00515	0.00220	0.00566	0.00475	0.00560	0.00891
29	0.01017	0.00763	0.01144	0.01144	0.01272	0.00890	0.00890	0.01272	0.01144	0.01653	0.01907	0.02797	0.01780	0.05340	0.72153	0.01144	0.01907	0.00763	0.00381	0.00636
30	0.01775	0.02038	0.03671	0.02710	0.03290	0.09864	0.51089	0.02266	0.01637	0.02140	0.01331	0.01798	0.01041	0.00706	0.01027	0.00244	0.11334	0.00767	0.00354	0.00920
31	0.00962	0.00702	0.00756	0.00756	0.00847	0.00656	0.00473	0.01030	0.01259	0.01587	0.04136	0.05495	0.28349	0.47115	0.02565	0.00519	0.00565	0.01213	0.00519	0.00496
32	0.01038	0.00697	0.00806	0.00824	0.00837	0.00696	0.00492	0.01066	0.01092	0.01452	0.02416	0.07415	0.02776	0.66987	0.03332	0.00649	0.00678	0.05837	0.00456	0.00453
33	0.01477	0.01266	0.01477	0.01055	0.01687	0.00949	0.00844	0.01793	0.01477	0.02320	0.01266	0.01477	0.01055	0.00527	0.00527	0.00105	0.00527	0.00422	0.00422	0.79328
34	0.01017	0.00763	0.01144	0.01144	0.01272	0.00890	0.00890	0.01272	0.01144	0.01653	0.01907	0.02797	0.01780	0.05340	0.72153	0.01144	0.01907	0.00763	0.00381	0.00636
35	0.01083	0.00774	0.01074	0.01238	0.01374	0.00764	0.01036	0.01364	0.01576	0.02059	0.03806	0.23309	0.04239	0.02028	0.00966	0.00319	0.00600	0.51098	0.00657	0.00638
36	0.80005	0.01377	0.01047	0.00936	0.01377	0.01597	0.00771	0.02093	0.01212	0.03195	0.00991	0.01157	0.00771	0.00661	0.00441	0.00220	0.00551	0.00386	0.00441	0.00771
37	0.01818	0.62545	0.15843	0.01364	0.02052	0.02609	0.01472	0.02154	0.01457	0.01779	0.01042	0.01207	0.00912	0.00621	0.00496	0.00165	0.00814	0.00407	0.00304	0.00939
38	0.02604	0.03277	0.01992	0.01810	0.02179	0.67698	0.01360	0.02902	0.06241	0.01820	0.01214	0.01370	0.00996	0.00748	0.00647	0.00187	0.01239	0.00480	0.00389	0.00844
39	0.00872	0.00628	0.00828	0.00978	0.01032	0.00583	0.00657	0.01007	0.01399	0.01863	0.06709	0.69298	0.07142	0.02184	0.00904	0.00285	0.00408	0.01976	0.00666	0.00583
40	0.01014	0.00757	0.00971	0.01072	0.01240	0.00715	0.00875	0.01276	0.01632	0.02099	0.10809	0.16597	0.22100	0.01913	0.00922	0.00290	0.00514	0.33903	0.00670	0.00632
41	0.01659	0.01858	0.03850	0.02804	0.03399	0.01867	0.56384	0.02182	0.01578	0.02182	0.01352	0.01858	0.01055	0.00713	0.01101	0.00253	0.13823	0.00803	0.00352	0.00929
42	0.01681	0.01921	0.04202	0.03001	0.03721	0.01801	0.67947	0.02281	0.01681	0.02281	0.01441	0.01921	0.01080	0.00600	0.00840	0.00240	0.01200	0.00840	0.00360	0.00960
43	0.02707	0.01995	0.02137	0.01638	0.02208	0.02208	0.01353	0.68159	0.03348	0.04488	0.01710	0.01710	0.01211	0.00855	0.00712	0.00214	0.00784	0.00641	0.00712	0.01211
44	0.00981	0.00723	0.00917	0.00877	0.01049	0.00659	0.00655	0.01288	0.01939	0.02694	0.59387	0.08296	0.14822	0.01532	0.00843	0.00229	0.00342	0.01345	0.00763	0.00659
45	0.02629	0.01956	0.02093	0.01623	0.02179	0.02172	0.01335	0.62827	0.08806	0.04363	0.01808	0.01788	0.01291	0.00864	0.00713	0.00216	0.00765	0.00655	0.00713	0.01204
46	0.00868	0.00620	0.00826	0.00991	0.01033	0.00578	0.00661	0.00991	0.01363	0.01818	0.03925	0.74510	0.04710	0.02231	0.00909	0.00289	0.00413	0.02024	0.00661	0.00578
47	0.00868	0.00620	0.00826	0.00991	0.01033	0.00578	0.00661	0.00991	0.01363	0.01818	0.03925	0.74510	0.04710	0.02231	0.00909	0.00289	0.00413	0.02024	0.00661	0.00578
48	0.01624	0.01791	0.05041	0.17694	0.05104	0.05750	0.24533	0.02094	0.03727	0.02010	0.01277	0.01782	0.01033	0.00836	0.01226	0.00256	0.22304	0.00694	0.00347	0.00876
49	0.01008	0.00728	0.00952	0.00896	0.01064	0.00672	0.00672	0.01344	0.02016	0.02855	0.70158	0.05319	0.06719	0.01456	0.00840	0.00224	0.00336	0.01288	0.00784	0.00672
50	0.01743	0.01672	0.02855	0.07567	0.67488	0.01687	0.02176	0.02168	0.01612	0.02303	0.01336	0.01769	0.01120	0.00638	0.00705	0.00213	0.00851	0.00634	0.00351	0.01112
51	0.01904	0.75404	0.03731	0.01218	0.01828	0.02818	0.01218	0.02132	0.01447	0.01675	0.00990	0.01142	0.00914	0.00609	0.00457	0.00152	0.00761	0.00381	0.00305	0.00914
52	0.01477	0.01266	0.01477	0.01055	0.01687	0.00949	0.00844	0.01793	0.01477	0.02320	0.01266	0.01477	0.01055	0.00527	0.00527	0.00105	0.00527	0.00422	0.00422	0.79328
53	0.00883	0.00626	0.00822	0.00972	0.01009	0.00589	0.00640	0.00996	0.01333	0.01778	0.03770	0.68095	0.04515	0.08913	0.01158	0.00326	0.00439	0.01933	0.00640	0.00565
54	0.01036	0.00690	0.00777	0.00777	0.00777	0.00690	0.00431	0.01036	0.01036	0.01381	0.02244	0.04660	0.02589	0.74975	0.03624	0.00690	0.00690	0.01036	0.00431	0.00431
55	0.01762	0.01692	0.02890	0.04371	0.70533	0.01692	0.02185	0.02185	0.01621	0.02326	0.01339	0.01762	0.01128	0.00634	0.00705	0.00211	0.00846	0.00634	0.00352	0.01128
56	0.01345	0.01266	0.02136	0.73264	0.04904	0.01582	0.01978	0.01819	0.01424	0.01819	0.01266	0.01898	0.00949	0.00712	0.00712	0.00237	0.00949	0.00633	0.00316	0.00791
57	0.01179	0.00874	0.01154	0.01268	0.01459	0.00886	0.01085	0.01653	0.07866	0.02229	0.06986	0.07338	0.08197	0.01841	0.00944	0.00310	0.00614	0.52751	0.00668	0.00696
58	0.80005	0.01377	0.01047	0.00936	0.01377	0.01597	0.00771	0.02093	0.01212	0.03195	0.00991	0.01157	0.00771	0.00661	0.00441	0.00220	0.00551	0.00386	0.00441	0.00771
59	0.03195	0.01212	0.01652	0.01267	0.01818	0.01047	0.01047	0.03470	0.02038	0.71026	0.02809	0.02424	0.01763	0.00881	0.00716	0.00220	0.00606	0.00716	0.00881	0.01212
60	0.02707	0.01995	0.02137	0.01638	0.02208	0.02208	0.01353	0.68159	0.03348	0.04488	0.01710	0.01710	0.01211	0.00855	0.00712	0.00214	0.00784	0.00641	0.00712	0.01211
61	0.01345	0.01266	0.02136	0.73264	0.04904	0.01582	0.01978	0.01819	0.01424	0.01819	0.01266	0.01898	0.00949	0.00712	0.00712	0.00237	0.00949	0.00633	0.00316	0.00791
62	0.00868	0.00620	0.00826	0.00991	0.01033	0.00578	0.00661	0.00991	0.01363	0.01818	0.03925	0.74510	0.04710	0.02231	0.00909	0.00289	0.00413	0.02024	0.00661	0.00578
63	0.02871	0.01366	0.01707	0.01338	0.01862	0.01316	0.01095	0.14680	0.09780	0.49365	0.05077	0.02431	0.01893	0.00907	0.00721	0.00222	0.00622	0.00734	0.00831	0.01183
64	0.01369	0.01314	0.02288	0.68088	0.04817	0.01598	0.06837	0.01853	0.01443	0.01853	0.01279	0.01900	0.00959	0.00704	0.00721	0.00238	0.00968	0.00648	0.00320	0.00803
65	0.01038	0.00687	0.00775	0.00781	0.00787	0.00686	0.00441	0.01052	0.01060	0.01432	0.02303	0.06996	0.02640	0.70386	0.03443	0.00662	0.00671	0.01059	0.02659	0.00443
66	0.03176	0.01242	0.01671	0.01281	0.01833	0.01091	0.01058	0.05951	0.02088	0.68475	0.02767	0.02396	0.01741	0.00880	0.00716	0.00220	0.00613	0.00713	0.00875	0.01212
67	0.01022	0.00882	0.01015	0.01127	0.07231	0.00811	0.00752	0.01405	0.07827	0.02135	0.11627	0.05888	0.52515	0.01594	0.00819	0.00237	0.00420	0.01344	0.00650	0.00702
68	0.01942	0.71927	0.03656	0.01238	0.01846	0.02789	0.01225	0.05260	0.01537	0.01809	0.01024	0.01169	0.00928	0.00621	0.00469	0.00155	0.00763	0.00393	0.00324	0.00928
69	0.01904	0.75404	0.03731	0.01218	0.01828	0.02818	0.01218	0.02132	0.01447	0.01675	0.00990	0.01142	0.00914	0.00609	0.00457	0.00152	0.00761	0.00381	0.00305	0.00914
70	0.01463	0.03470	0.63760	0.02245	0.08404	0.01661	0.04690	0.02250	0.01518	0.02261	0.01288	0.01537	0.00925	0.00671	0.00684	0.00225	0.01041	0.00545	0.00307	0.01055
71	0.01448	0.01336	0.02193	0.64294	0.09728	0.01623	0.01961	0.05327	0.01540	0.01998	0.01294	0.01878	0.00976	0.00714	0.00711	0.00234	0.00933	0.00633	0.00340	0.00839
72	0.01345	0.01266	0.02136	0.73264	0.04904	0.01582	0.01978	0.01819	0.01424	0.01819	0.01266	0.01898	0.00949	0.00712	0.00712	0.00237	0.00949	0.00633	0.00316	0.00791
73	0.01227	0.00932	0.01372	0.01705	0.10371	0.00932	0.01281	0.01567	0.01637	0.02156	0.03457	0.07225	0.03715	0.01795	0.00948	0.00313	0.00680	0.57354	0.00617	0.00717
74	0.01759	0.01701	0.02943	0.04316	0.67844	0.01696	0.04832	0.02189	0.01624	0.02324	0.01343	0.01769	0.01126	0.00633	0.00710	0.00213	0.00860	0.00643	0.00353	0.01121
75	0.00874	0.00723	0.00766	0.00755	0.00982	0.00615	0.00566	0.01085	0.01699	0.02105	0.19458	0.06554	0.57887	0.01736	0.00841	0.00237	0.00356	0.01461	0.00685	0.00615
76	0.00980	0.00717	0.00920	0.00890	0.01052	0.00657	0.00660	0.01282	0.01919	0.02676	0.58429	0.12156	0.11881	0.01560	0.00847	0.00232	0.00346	0.01377	0.00762	0.00657
77	0.01455	0.07773	0.67434	0.01983	0.03010	0.01720	0.02550	0.02248	0.01500	0.02222	0.01261	0.01483	0.00903	0.00673	0.00664	0.00221	0.01036	0.00518	0.00301	0.01044
78	0.01006	0.00766	0.00997	0.01159	0.03959	0.00721	0.00855	0.01230	0.01545	0.01988	0.06341	0.25671	0.21580	0.04729	0.01012	0.00301	0.00511	0.24357	0.00641	0.00631
79	0.80005	0.01377	0.01047	0.00936	0.01377	0.01597	0.00771	0.02093	0.01212	0.03195	0.00991	0.01157	0.00771	0.00661	0.00441	0.00220	0.00551	0.00386	0.00441	0.00771
80	0.80005	0.01377	0.01047	0.00936	0.01377	0.01597	0.00771	0.02093	0.01212	0.03195	0.00991	0.01157	0.00771	0.00661	0.00441	0.00220	0.00551	0.00386	0.00441	0.00771
81	0.02995	0.01205	0.01613	0.01258	0.01780	0.01070	0.01032	0.03377	0.06031	0.63406	0.06348	0.02589	0.02047	0.00916	0.00723	0.00222	0.00589	0.00751	0.00867	0.01178
82	0.01647	0.02038	0.09581	0.05750	0.03717	0.01780	0.59973	0.02260	0.01656	0.02260	0.01420	0.01886	0.01061	0.00611	0.00822	0.00239	0.01178	0.00806	0.00354	0.00961
83	0.01467	0.03282	0.57584	0.02139	0.05111	0.01723	0.06112	0.02193	0.01470	0.02197	0.01250	0.01541	0.00923	0.00735	0.00875	0.00236	0.09279	0.00558	0.00307	0.01019
84	0.00868	0.00620	0.00826	0.00991	0.01033	0.00578	0.00661	0.00991	0.01363	0.01818	0.03925	0.74510	0.04710	0.02231	0.00909	0.00289	0.00413	0.02024	0.00661	0.00578
85	0.00913	0.00669	0.00858	0.00926	0.01035	0.00614	0.00651	0.01117	0.01621	0.02191	0.27327	0.42487	0.13138	0.01911	0.00877	0.00261	0.00380	0.01707	0.00704	0.00614
86	0.02384	0.06997	0.02105	0.01782	0.02092	0.54629	0.01377	0.02563	0.01814	0.01736	0.01149	0.03440	0.01030	0.00855	0.00920	0.00206	0.13217	0.00527	0.00363	0.00816
87	0.01147	0.00820	0.01147	0.01311	0.01475	0.00820	0.01147	0.01475	0.01639	0.02131	0.03770	0.08032	0.04098	0.01967	0.00984	0.00328	0.00656	0.65741	0.00656	0.00656
88	0.00868	0.00620	0.00826	0.00991	0.01033	0.00578	0.00661	0.00991	0.01363	0.01818	0.03925	0.74510	0.04710	0.02231	0.00909	0.00289	0.00413	0.02024	0.00661	0.00578
89	0.32742	0.02097	0.20640	0.06067	0.02223	0.03599	0.01467	0.09977	0.01677	0.08823	0.03649	0.01618	0.01159	0.00739	0.00598	0.00221	0.00760	0.00531	0.00474	0.00938
90	0.08928	0.07678	0.01870	0.01393	0.01870	0.09538	0.01135	0.18887	0.13875	0.18914	0.07065	0.02168	0.01821	0.00875	0.00674	0.00213	0.00706	0.00672	0.00665	0.01053
91	0.03195	0.01212	0.01652	0.01267	0.01818	0.01047	0.01047	0.03470	0.02038	0.71026	0.02809	0.02424	0.01763	0.00881	0.00716	0.00220	0.00606	0.00716	0.00881	0.01212
92	0.01690	0.01612	0.02719	0.16319	0.56974	0.01675	0.02117	0.02170	0.03647	0.02258	0.01374	0.01813	0.01129	0.00658	0.00707	0.00217	0.00855	0.00639	0.00358	0.01069
93	0.01883	0.72213	0.06737	0.01254	0.01883	0.02766	0.01281	0.02138	0.01449	0.01701	0.01003	0.01158	0.00913	0.00612	0.00467	0.00156	0.00774	0.00387	0.00304	0.00920
94	0.01851	0.67507	0.11169	0.01308	0.01966	0.02689	0.01374	0.02146	0.01453	0.01739	0.01022	0.01182	0.00913	0.00617	0.00481	0.00160	0.00794	0.00397	0.00304	0.00929
95	0.01674	0.01616	0.02268	0.45193	0.16617	0.08156	0.01892	0.08033	0.01681	0.02148	0.01295	0.01789	0.01003	0.00728	0.00751	0.00228	0.03052	0.00618	0.00364	0.00895
96	0.01771	0.01530	0.01610	0.01449	0.01852	0.01771	0.01127	0.03784	0.69247	0.02979	0.02898	0.02657	0.02174	0.00966	0.00725	0.00242	0.00564	0.00805	0.00725	0.01127
97	0.01341	0.01267	0.02162	0.68794	0.04748	0.01558	0.04052	0.01809	0.01430	0.01834	0.01353	0.04127	0.01069	0.00755	0.00722	0.00239	0.00941	0.00682	0.00328	0.00790
98	0.01678	0.01603	0.02691	0.04035	0.64143	0.01592	0.02034	0.02078	0.01622	0.02289	0.01879	0.02230	0.07476	0.00742	0.00717	0.00214	0.00801	0.00714	0.00381	0.01080
99	0.01832	0.03118	0.55365	0.01855	0.02793	0.01515	0.02269	0.02533	0.01626	0.17979	0.01628	0.01714	0.01099	0.00723	0.00686	0.00224	0.00950	0.00570	0.00433	0.01089
100	0.03179	0.01237	0.01668	0.01279	0.01830	0.01083	0.01056	0.05514	0.02079	0.68925	0.02774	0.02401	0.01745	0.00880	0.00716	0.00220	0.00612	0.00714	0.00876	0.01212
101	0.00868	0.00620	0.00826	0.00991	0.01033	0.00578	0.00661	0.00991	0.01363	0.01818	0.03925	0.74510	0.04710	0.02231	0.00909	0.00289	0.00413	0.02024	0.00661	0.00578
102	0.01888	0.01963	0.02872	0.03880	0.54781	0.12130	0.07611	0.02291	0.01685	0.02236	0.01313	0.01705	0.01093	0.00646	0.00707	0.00210	0.00941	0.00626	0.00355	0.01069
103	0.03195	0.01212	0.01652	0.01267	0.01818	0.01047	0.01047	0.03470	0.02038	0.71026	0.02809	0.02424	0.01763	0.00881	0.00716	0.00220	0.00606	0.00716	0.00881	0.01212
104	0.00866	0.00625	0.00820	0.00977	0.01029	0.00580	0.00654	0.00993	0.01378	0.01824	0.04107	0.70764	0.08338	0.02207	0.00905	0.00286	0.00410	0.01995	0.00661	0.00580
105	0.02154	0.07407	0.01613	0.01176	0.01551	0.01260	0.00935	0.13641	0.01979	0.26931	0.11809	0.05586	0.02540	0.13981	0.03960	0.00333	0.00669	0.00859	0.00685	0.00931
106	0.03039	0.01328	0.05285	0.01296	0.01862	0.01068	0.01119	0.03345	0.02009	0.65450	0.04674	0.02459	0.01861	0.00887	0.00718	0.00221	0.00622	0.00723	0.00848	0.01188
107	0.00860	0.00651	0.00794	0.00909	0.01011	0.00585	0.00624	0.01001	0.01443	0.01850	0.04934	0.53739	0.24830	0.02100	0.00888	0.00274	0.00397	0.01864	0.00661	0.00585
108	0.02664	0.01899	0.02060	0.01593	0.02142	0.02082	0.01310	0.62029	0.03200	0.08071	0.01854	0.04511	0.01374	0.00908	0.00720	0.00217	0.00760	0.00698	0.00720	0.01187
109	0.01639	0.01615	0.02483	0.06864	0.31150	0.03696	0.04453	0.01954	0.01398	0.02020	0.01206	0.01727	0.01067	0.01088	0.04697	0.00291	0.28121	0.00633	0.00340	0.03560
110	0.02707	0.01995	0.02137	0.01638	0.02208	0.02208	0.01353	0.68159	0.03348	0.04488	0.01710	0.01710	0.01211	0.00855	0.00712	0.00214	0.00784	0.00641	0.00712	0.01211

[dist]
# distance from previous block
# <min> <max>
0	2

[block]
# block no. 4 follows, 29 sequences, length 46
# corresponding to MSA columns:
# 194-239
name=unknown_E
#
# <colnr> <probs for GDERKNQSTAVLIFYWHMCP>
#	G	D	E	R	K	N	Q	S	T	A	V	L	I	F	Y	W	H	M	C	P
0	0.05045	0.65609	0.05408	0.01210	0.01798	0.02599	0.01207	0.02085	0.01474	0.01828	0.05324	0.01415	0.01271	0.00666	0.00487	0.00162	0.00735	0.00442	0.00340	0.00897
1	0.01561	0.03351	0.60106	0.02085	0.03072	0.01632	0.09342	0.02331	0.01554	0.06395	0.01387	0.01602	0.00972	0.00681	0.00696	0.00227	0.01041	0.00570	0.00342	0.01052
2	0.03076	0.01185	0.01614	0.01247	0.01777	0.01026	0.01026	0.03354	0.02037	0.67312	0.06479	0.02581	0.02033	0.00913	0.00723	0.00221	0.00591	0.00747	0.00876	0.01182
3	0.01937	0.00921	0.01231	0.01070	0.01386	0.00818	0.00831	0.02206	0.01903	0.32511	0.27645	0.16004	0.05827	0.01347	0.00798	0.00234	0.00468	0.01170	0.00802	0.00890
4	0.35585	0.01536	0.01530	0.04184	0.10902	0.09471	0.01125	0.02285	0.01580	0.12700	0.07503	0.02187	0.01680	0.00837	0.00612	0.00221	0.00683	0.03981	0.00522	0.00876
5	0.02130	0.01080	0.01364	0.01129	0.01472	0.01031	0.00875	0.10450	0.01962	0.30957	0.17628	0.03434	0.02966	0.15553	0.04434	0.00352	0.00641	0.00899	0.00729	0.00914
6	0.00887	0.00634	0.00849	0.01014	0.01064	0.00595	0.00695	0.01025	0.01382	0.01840	0.03914	0.69886	0.04667	0.02213	0.00914	0.00292	0.00430	0.06457	0.00661	0.00584
7	0.13766	0.04352	0.02064	0.01700	0.01791	0.02115	0.01423	0.01789	0.01123	0.01942	0.00946	0.01480	0.00908	0.01131	0.01970	0.00291	0.59518	0.00577	0.00331	0.00783
8	0.01993	0.02082	0.05797	0.06199	0.05836	0.10303	0.23974	0.17731	0.01990	0.02617	0.01358	0.01709	0.01055	0.00795	0.01018	0.00237	0.13223	0.00678	0.00430	0.00975
9	0.04934	0.01546	0.01709	0.01457	0.04804	0.11761	0.01118	0.03189	0.01979	0.53176	0.02615	0.02365	0.04272	0.00879	0.00702	0.00215	0.00707	0.00696	0.00761	0.01115
10	0.80005	0.01377	0.01047	0.00936	0.01377	0.01597	0.00771	0.02093	0.01212	0.03195	0.00991	0.01157	0.00771	0.00661	0.00441	0.00220	0.00551	0.00386	0.00441	0.00771
11	0.07234	0.01184	0.01568	0.01232	0.01745	0.01047	0.01007	0.03240	0.01951	0.63003	0.02780	0.06862	0.01893	0.00954	0.00713	0.00225	0.00591	0.00780	0.00844	0.01148
12	0.00996	0.00731	0.00827	0.00839	0.01048	0.00634	0.00624	0.01190	0.01632	0.05613	0.12217	0.19620	0.45627	0.01811	0.00853	0.00250	0.00392	0.03772	0.00684	0.00637
13	0.02555	0.01849	0.02009	0.01557	0.02102	0.02007	0.01276	0.57113	0.04885	0.07039	0.01861	0.04940	0.01405	0.00901	0.00711	0.00212	0.00740	0.00697	0.00702	0.05437
14	0.00913	0.00724	0.00821	0.00797	0.01006	0.00632	0.00598	0.01161	0.01793	0.02327	0.34441	0.06189	0.42765	0.01653	0.00841	0.00233	0.00350	0.01410	0.00714	0.00632
15	0.00898	0.00729	0.00799	0.00797	0.01017	0.00631	0.00608	0.01122	0.01711	0.02144	0.21016	0.06585	0.51961	0.01736	0.00850	0.00242	0.00374	0.05472	0.00688	0.00620
16	0.01587	0.01485	0.02480	0.33098	0.38246	0.01623	0.02032	0.03786	0.01586	0.02164	0.01420	0.02080	0.01179	0.00729	0.00720	0.00227	0.00880	0.03351	0.00360	0.00969
17	0.05937	0.01859	0.02005	0.01547	0.02098	0.02033	0.01277	0.57610	0.03086	0.10421	0.01797	0.01779	0.01260	0.00848	0.00695	0.00213	0.00745	0.00638	0.02974	0.01177
18	0.01867	0.01401	0.01529	0.01361	0.01759	0.01555	0.01061	0.03460	0.53419	0.11912	0.03197	0.05710	0.06475	0.01057	0.00738	0.00241	0.00551	0.00885	0.00739	0.01084
19	0.01509	0.01298	0.01599	0.03344	0.01858	0.01034	0.03222	0.04195	0.01547	0.02369	0.01355	0.03372	0.01151	0.00591	0.00560	0.00123	0.00570	0.00492	0.00433	0.69378
20	0.06827	0.41014	0.14018	0.01440	0.02047	0.13051	0.01427	0.05809	0.01629	0.02034	0.01215	0.04316	0.01078	0.00723	0.00553	0.00182	0.00862	0.00499	0.00359	0.00916
21	0.02582	0.01914	0.02057	0.01596	0.02139	0.02118	0.01312	0.61693	0.06994	0.04333	0.04695	0.01917	0.01500	0.00887	0.00718	0.00216	0.00752	0.00678	0.00716	0.01183
22	0.06153	0.00953	0.01132	0.01055	0.01300	0.00915	0.00771	0.06772	0.03582	0.09798	0.08565	0.32103	0.03314	0.10225	0.01113	0.00292	0.00515	0.01280	0.00634	0.09527
23	0.01461	0.08573	0.66680	0.01974	0.02996	0.01733	0.02535	0.02247	0.01500	0.02216	0.01258	0.01479	0.00903	0.00672	0.00662	0.00221	0.01033	0.00516	0.00301	0.01043
24	0.01815	0.58927	0.08789	0.01306	0.01887	0.02534	0.01316	0.03761	0.01471	0.01823	0.01106	0.01320	0.00985	0.00859	0.03619	0.00210	0.04331	0.00435	0.02600	0.00907
25	0.02850	0.01459	0.01724	0.01366	0.01881	0.04329	0.01121	0.17761	0.04735	0.45612	0.02670	0.02605	0.03809	0.00948	0.00728	0.00223	0.00668	0.03562	0.00799	0.01149
26	0.01581	0.24442	0.48656	0.01896	0.05670	0.01994	0.02201	0.02216	0.01492	0.02090	0.01197	0.01410	0.00915	0.00655	0.00614	0.00204	0.00959	0.00489	0.00304	0.01015
27	0.01051	0.00749	0.00870	0.00834	0.01057	0.00654	0.00627	0.01292	0.01780	0.06583	0.29981	0.09549	0.39105	0.01640	0.00837	0.00236	0.00370	0.01402	0.00720	0.00664
28	0.18912	0.02535	0.27925	0.04485	0.07194	0.06457	0.04615	0.15004	0.01844	0.02848	0.01298	0.01503	0.00959	0.00707	0.00640	0.00219	0.00895	0.00538	0.00422	0.00998
29	0.07234	0.01783	0.05128	0.09844	0.26315	0.08902	0.01634	0.02580	0.18127	0.04178	0.01948	0.02245	0.03518	0.00818	0.00697	0.00224	0.00795	0.02547	0.00477	0.01006
30	0.01051	0.00775	0.01096	0.01088	0.01188	0.00891	0.00818	0.01258	0.01147	0.01659	0.02012	0.05646	0.01986	0.16406	0.52189	0.00961	0.04644	0.00844	0.03734	0.00607
31	0.01736	0.01665	0.02843	0.08679	0.66429	0.01685	0.02172	0.02162	0.01609	0.02295	0.01335	0.01771	0.01117	0.00639	0.00705	0.00213	0.00852	0.00634	0.00350	0.01107
32	0.02199	0.01613	0.01769	0.01438	0.01864	0.01754	0.01147	0.49004	0.02813	0.03780	0.06957	0.14626	0.02262	0.04295	0.00879	0.00248	0.00684	0.00942	0.00697	0.01031
33	0.17716	0.05728	0.01961	0.01701	0.04877	0.38927	0.01280	0.15264	0.02077	0.02579	0.01202	0.01355	0.00954	0.00733	0.00611	0.00196	0.01003	0.00484	0.00445	0.00906
34	0.00871	0.00645	0.00815	0.00948	0.01032	0.00590	0.00652	0.01011	0.01422	0.01847	0.04557	0.59487	0.17385	0.02140	0.00898	0.00281	0.00410	0.03763	0.00661	0.00585
35	0.00915	0.00653	0.00880	0.01045	0.01107	0.00619	0.00743	0.01073	0.01410	0.01870	0.03899	0.63353	0.04607	0.02187	0.00921	0.00296	0.00454	0.12718	0.00660	0.00591
36	0.04148	0.01975	0.10620	0.03458	0.45597	0.01781	0.05215	0.13760	0.01901	0.02720	0.01392	0.01713	0.01104	0.00677	0.00702	0.00215	0.00867	0.00626	0.00413	0.01115
37	0.01426	0.01348	0.02282	0.59920	0.17615	0.01603	0.02018	0.01890	0.01462	0.01918	0.01280	0.01872	0.00984	0.00697	0.00711	0.00232	0.00929	0.00633	0.00323	0.00856
38	0.01003	0.00677	0.00786	0.00818	0.00826	0.00669	0.00476	0.01027	0.01099	0.01465	0.02569	0.18189	0.03000	0.60886	0.03098	0.00613	0.00637	0.01227	0.00476	0.00460
39	0.01634	0.10493	0.06994	0.08627	0.03395	0.01861	0.46227	0.02164	0.01616	0.02173	0.04172	0.01934	0.01268	0.00673	0.00830	0.00231	0.03655	0.00764	0.00363	0.00927
40	0.01852	0.60992	0.12726	0.01347	0.01996	0.05557	0.01404	0.02161	0.01491	0.01783	0.02571	0.01290	0.01041	0.00642	0.00503	0.00165	0.00814	0.00424	0.00317	0.00923
41	0.01054	0.00837	0.01241	0.01661	0.14515	0.00806	0.00980	0.01246	0.01427	0.01931	0.03416	0.57220	0.03986	0.01909	0.00873	0.00276	0.00509	0.04822	0.00601	0.00689
42	0.01784	0.04963	0.04728	0.41134	0.10334	0.09847	0.01818	0.12731	0.01826	0.02301	0.01314	0.01737	0.01002	0.00724	0.00691	0.00221	0.00946	0.00600	0.00389	0.00910
43	0.01037	0.00803	0.01162	0.01166	0.01261	0.00937	0.00889	0.01248	0.01178	0.01681	0.02224	0.16642	0.02301	0.06793	0.49794	0.00889	0.07929	0.01004	0.00431	0.00630
44	0.03875	0.59380	0.03287	0.01244	0.01833	0.02523	0.01191	0.05200	0.04007	0.09840	0.01298	0.01368	0.01066	0.00665	0.00507	0.00168	0.00733	0.00446	0.00407	0.00965
45	0.01162	0.05623	0.04075	0.00969	0.01256	0.00950	0.00799	0.07042	0.01905	0.02519	0.31702	0.08131	0.28270	0.01476	0.00802	0.00227	0.00443	0.01252	0.00678	0.00720

[dist]
# distance from previous block
# <min> <max>
0	18

# created by:
# /st0/software/busco_prod/Augustus/scripts/msa2prfl.pl ./align_prep/149408.fa
