[name]
unknown

[dist]
# distance from previous block
# <min> <max>
0	4

[block]
# block no. 0 follows, 28 sequences, length 8
# corresponding to MSA columns:
# 4-11
name=unknown_A
#
# <colnr> <probs for GDERKNQSTAVLIFYWHMCP>
#	G	D	E	R	K	N	Q	S	T	A	V	L	I	F	Y	W	H	M	C	P
0	0.01418	0.01124	0.01323	0.05333	0.01699	0.01199	0.01027	0.09235	0.18383	0.02573	0.06953	0.13207	0.14447	0.03864	0.00938	0.00282	0.00582	0.14904	0.00674	0.00833
1	0.01025	0.00799	0.00927	0.06675	0.01364	0.00722	0.00715	0.01253	0.01689	0.05033	0.13297	0.09552	0.50975	0.01692	0.00846	0.00245	0.00428	0.01429	0.00670	0.00663
2	0.02456	0.01884	0.02009	0.01610	0.02137	0.02111	0.01307	0.47044	0.24369	0.04086	0.02135	0.02056	0.01552	0.00909	0.00731	0.00227	0.00728	0.00708	0.00731	0.01209
3	0.01408	0.01328	0.02243	0.67136	0.10305	0.01624	0.02036	0.01888	0.01470	0.01899	0.01298	0.01927	0.00984	0.00720	0.00726	0.00240	0.00960	0.00646	0.00326	0.00836
4	0.01588	0.01524	0.02202	0.53645	0.11254	0.07332	0.01906	0.05037	0.01597	0.02010	0.01306	0.01874	0.01009	0.00798	0.00803	0.03322	0.00965	0.00631	0.00350	0.00847
5	0.00930	0.00662	0.00819	0.00925	0.00975	0.00624	0.00598	0.01028	0.01325	0.01743	0.03852	0.48471	0.10385	0.22178	0.01687	0.00404	0.00495	0.01737	0.00610	0.00551
6	0.02036	0.01493	0.01708	0.08340	0.02137	0.01630	0.01193	0.22555	0.22864	0.10062	0.06920	0.03030	0.10712	0.01057	0.00756	0.00234	0.00646	0.00865	0.00707	0.01055
7	0.02251	0.01756	0.01817	0.01483	0.01940	0.05132	0.01179	0.39536	0.13565	0.03631	0.02121	0.07605	0.01753	0.05205	0.00895	0.00248	0.00723	0.00795	0.03653	0.04713

[dist]
# distance from previous block
# <min> <max>
1	5

[block]
# block no. 1 follows, 28 sequences, length 8
# corresponding to MSA columns:
# 17-24
name=unknown_B
#
# <colnr> <probs for GDERKNQSTAVLIFYWHMCP>
#	G	D	E	R	K	N	Q	S	T	A	V	L	I	F	Y	W	H	M	C	P
0	0.01079	0.00775	0.00937	0.00999	0.01093	0.00757	0.00674	0.06634	0.01512	0.01998	0.03714	0.47597	0.09219	0.17695	0.01503	0.00373	0.00510	0.01687	0.00629	0.00614
1	0.01163	0.00817	0.01077	0.05557	0.01430	0.00752	0.00793	0.01355	0.01470	0.05833	0.07500	0.45172	0.03821	0.07195	0.01050	0.00287	0.00501	0.01538	0.00620	0.12070
2	0.01678	0.01710	0.04957	0.20437	0.42074	0.04908	0.02027	0.02180	0.04501	0.02220	0.01545	0.05698	0.01331	0.00775	0.00729	0.00227	0.00881	0.00718	0.00383	0.01021
3	0.01690	0.01545	0.01762	0.07954	0.02136	0.08864	0.03513	0.04968	0.01631	0.04323	0.01591	0.08809	0.01443	0.00843	0.00789	0.00179	0.06815	0.00670	0.00455	0.40021
4	0.01937	0.01430	0.01618	0.01326	0.01712	0.01529	0.01056	0.30886	0.02277	0.03218	0.01965	0.08582	0.01718	0.04944	0.06197	0.00304	0.05328	0.00782	0.11400	0.11794
5	0.06870	0.01703	0.01871	0.04969	0.06417	0.08143	0.01291	0.21218	0.02039	0.02827	0.01843	0.10169	0.03607	0.01043	0.00977	0.00229	0.12594	0.00779	0.00522	0.10889
6	0.02010	0.01489	0.01643	0.01325	0.01735	0.01554	0.01031	0.36521	0.02456	0.03346	0.05613	0.08588	0.02089	0.15228	0.01301	0.00304	0.00689	0.00856	0.00631	0.11590
7	0.01940	0.01425	0.01599	0.01311	0.01708	0.01498	0.01031	0.33182	0.02326	0.03221	0.02007	0.08548	0.01794	0.09698	0.09599	0.00376	0.00830	0.00809	0.05658	0.11439

[dist]
# distance from previous block
# <min> <max>
24	144

[block]
# block no. 2 follows, 28 sequences, length 8
# corresponding to MSA columns:
# 229-236
name=unknown_C
#
# <colnr> <probs for GDERKNQSTAVLIFYWHMCP>
#	G	D	E	R	K	N	Q	S	T	A	V	L	I	F	Y	W	H	M	C	P
0	0.06069	0.02037	0.02238	0.07682	0.19122	0.13027	0.01583	0.29888	0.02419	0.03195	0.01585	0.04945	0.01287	0.00840	0.00709	0.00218	0.00881	0.00674	0.00534	0.01069
1	0.01847	0.01646	0.01656	0.01292	0.01843	0.09320	0.01020	0.13884	0.05325	0.02702	0.01619	0.06380	0.01394	0.00761	0.00622	0.00156	0.00669	0.00604	0.00510	0.46751
2	0.01525	0.01484	0.02626	0.46684	0.22015	0.01670	0.09566	0.02010	0.01537	0.02048	0.01332	0.01904	0.01033	0.00693	0.00740	0.00236	0.00971	0.00671	0.00338	0.00918
3	0.01284	0.00940	0.01255	0.01137	0.01293	0.01005	0.04143	0.08471	0.01410	0.01965	0.02067	0.03495	0.02072	0.33979	0.27865	0.00772	0.01178	0.00883	0.04143	0.00642
4	0.01334	0.00944	0.01095	0.01046	0.01177	0.00980	0.00715	0.13855	0.01616	0.02166	0.02672	0.24426	0.02965	0.35486	0.05831	0.00515	0.00704	0.01262	0.00562	0.00649
5	0.02743	0.01912	0.02086	0.01616	0.02182	0.02090	0.01330	0.55582	0.08347	0.11627	0.01962	0.01900	0.01374	0.00884	0.00729	0.00221	0.00763	0.00676	0.00747	0.01230
6	0.02151	0.01768	0.05195	0.01698	0.02228	0.01815	0.08457	0.17037	0.36856	0.10990	0.02454	0.02345	0.01782	0.00898	0.00747	0.00237	0.00721	0.00767	0.00695	0.01157
7	0.05592	0.01955	0.06659	0.01605	0.04223	0.04349	0.01334	0.39441	0.02638	0.05702	0.01880	0.01930	0.04503	0.00831	0.00684	0.00201	0.00758	0.00635	0.00614	0.14467

[dist]
# distance from previous block
# <min> <max>
1	35

[block]
# block no. 3 follows, 28 sequences, length 68
# corresponding to MSA columns:
# 273-340
name=unknown_D
#
# <colnr> <probs for GDERKNQSTAVLIFYWHMCP>
#	G	D	E	R	K	N	Q	S	T	A	V	L	I	F	Y	W	H	M	C	P
0	0.02368	0.09580	0.14704	0.01841	0.05499	0.07437	0.01637	0.39348	0.04801	0.03524	0.01568	0.01651	0.01154	0.00799	0.00690	0.00213	0.00882	0.00598	0.00567	0.01141
1	0.01818	0.02887	0.35731	0.01990	0.05181	0.08536	0.06429	0.12224	0.01886	0.02613	0.01365	0.01579	0.01015	0.00693	0.00681	0.00205	0.00975	0.00557	0.00403	0.13230
2	0.01474	0.05532	0.05264	0.01655	0.06288	0.04334	0.04441	0.07068	0.01529	0.02119	0.04461	0.02365	0.01662	0.03079	0.35087	0.00680	0.08168	0.00713	0.00417	0.03664
3	0.01596	0.04238	0.07279	0.01520	0.08123	0.01254	0.01179	0.05175	0.04943	0.02459	0.01508	0.04628	0.01286	0.00675	0.00600	0.00149	0.00630	0.00556	0.00450	0.51751
4	0.02280	0.07818	0.09830	0.01730	0.02392	0.02020	0.07692	0.39832	0.02630	0.03582	0.01550	0.01664	0.01143	0.00761	0.00688	0.00201	0.00831	0.00609	0.00573	0.12174
5	0.01639	0.02557	0.27929	0.02827	0.12857	0.01767	0.31525	0.02380	0.04892	0.02360	0.01468	0.01821	0.01098	0.00664	0.00772	0.00236	0.01088	0.00711	0.00363	0.01047
6	0.02099	0.02648	0.07274	0.01768	0.02165	0.40828	0.06787	0.02473	0.05824	0.01951	0.01928	0.10346	0.03766	0.04078	0.00855	0.00239	0.01066	0.02626	0.00446	0.00832
7	0.01632	0.08330	0.02003	0.05304	0.02100	0.01263	0.06516	0.01978	0.01543	0.05122	0.01346	0.01578	0.01089	0.00578	0.00577	0.00136	0.00646	0.00487	0.00428	0.57344
8	0.08983	0.14240	0.22329	0.02202	0.14569	0.19057	0.01836	0.02457	0.04007	0.02206	0.01257	0.01479	0.01002	0.00695	0.00632	0.00205	0.00984	0.00514	0.00362	0.00986
9	0.01069	0.00725	0.00864	0.00902	0.00934	0.00723	0.00584	0.01136	0.01185	0.01570	0.02657	0.08816	0.03028	0.57798	0.03076	0.00618	0.00684	0.12649	0.00493	0.00489
10	0.01799	0.01727	0.02950	0.04462	0.69919	0.01727	0.02231	0.02231	0.01655	0.02375	0.01367	0.01799	0.01151	0.00648	0.00720	0.00216	0.00864	0.00648	0.00360	0.01151
11	0.01590	0.01590	0.02226	0.01908	0.01908	0.02226	0.01590	0.01749	0.01113	0.01749	0.00954	0.01590	0.00954	0.01272	0.02385	0.00318	0.73123	0.00636	0.00318	0.00795
12	0.01716	0.01961	0.04289	0.03064	0.03799	0.01838	0.67279	0.02328	0.01716	0.02328	0.01471	0.01961	0.01103	0.00613	0.00858	0.00245	0.01225	0.00858	0.00368	0.00980
13	0.01480	0.07055	0.67590	0.02033	0.03087	0.01743	0.02619	0.02296	0.01532	0.02275	0.01291	0.01518	0.00921	0.00687	0.00680	0.00227	0.01061	0.00530	0.00307	0.01068
14	0.00859	0.00736	0.00736	0.00736	0.00982	0.00614	0.00552	0.01043	0.01657	0.01964	0.07364	0.06996	0.69624	0.01841	0.00859	0.00245	0.00368	0.01534	0.00675	0.00614
15	0.01559	0.03125	0.50753	0.01901	0.02783	0.01723	0.02242	0.02753	0.20900	0.02515	0.01782	0.01875	0.01296	0.00776	0.00705	0.00235	0.00930	0.00619	0.00432	0.01096
16	0.79588	0.01406	0.01068	0.00956	0.01406	0.01631	0.00787	0.02137	0.01237	0.03261	0.01012	0.01181	0.00787	0.00675	0.00450	0.00225	0.00562	0.00394	0.00450	0.00787
17	0.01507	0.01292	0.01507	0.01077	0.01723	0.00969	0.00861	0.01830	0.01507	0.02369	0.01292	0.01507	0.01077	0.00538	0.00538	0.00108	0.00538	0.00431	0.00431	0.78898
18	0.01808	0.01561	0.01644	0.01479	0.01890	0.01808	0.01151	0.03863	0.68606	0.03041	0.02959	0.02712	0.02219	0.00986	0.00740	0.00247	0.00575	0.00822	0.00740	0.01151
19	0.01029	0.00743	0.00972	0.00914	0.01086	0.00686	0.00686	0.01372	0.02058	0.02915	0.69536	0.05430	0.06859	0.01486	0.00857	0.00229	0.00343	0.01315	0.00800	0.00686
20	0.01504	0.10435	0.64412	0.01994	0.03026	0.01800	0.02550	0.02290	0.01529	0.02246	0.01277	0.01500	0.00922	0.00684	0.00670	0.00223	0.01046	0.00523	0.00307	0.01061
21	0.01373	0.01292	0.02180	0.72707	0.05006	0.01615	0.02019	0.01857	0.01453	0.01857	0.01292	0.01938	0.00969	0.00727	0.00727	0.00242	0.00969	0.00646	0.00323	0.00807
22	0.01943	0.74891	0.03809	0.01244	0.01866	0.02876	0.01244	0.02177	0.01477	0.01710	0.01011	0.01166	0.00933	0.00622	0.00466	0.00155	0.00777	0.00389	0.00311	0.00933
23	0.00979	0.00717	0.00926	0.01010	0.01111	0.00687	0.00705	0.01277	0.05372	0.02228	0.22874	0.50164	0.05254	0.01976	0.00897	0.00273	0.00408	0.01779	0.00715	0.00650
24	0.02621	0.01966	0.02102	0.01644	0.02200	0.02188	0.01347	0.58038	0.13107	0.04352	0.01926	0.01889	0.01382	0.00889	0.00729	0.00222	0.00767	0.00679	0.00729	0.01223
25	0.02557	0.03922	0.01682	0.01223	0.01788	0.01114	0.01002	0.04646	0.01890	0.42333	0.02354	0.05669	0.01685	0.00849	0.00673	0.00191	0.00596	0.00693	0.00722	0.24409
26	0.00886	0.00633	0.00843	0.01012	0.01054	0.00590	0.00675	0.01012	0.01392	0.01856	0.04006	0.73979	0.04808	0.02277	0.00928	0.00295	0.00422	0.02066	0.00675	0.00590
27	0.24365	0.01284	0.01516	0.01200	0.01731	0.01224	0.00991	0.03154	0.01847	0.51853	0.02355	0.02117	0.01520	0.00837	0.00653	0.00225	0.00603	0.00638	0.00775	0.01113
28	0.02674	0.03236	0.02060	0.01924	0.04608	0.63440	0.01410	0.02942	0.04459	0.04866	0.01275	0.01430	0.01028	0.00761	0.00664	0.00192	0.01238	0.00499	0.00410	0.00882
29	0.01458	0.03760	0.70688	0.02072	0.03146	0.01688	0.02686	0.02302	0.01535	0.02302	0.01304	0.01535	0.00921	0.00691	0.00691	0.00230	0.01074	0.00537	0.00307	0.01074
30	0.01808	0.01561	0.01644	0.01479	0.01890	0.01808	0.01151	0.03863	0.68606	0.03041	0.02959	0.02712	0.02219	0.00986	0.00740	0.00247	0.00575	0.00822	0.00740	0.01151
31	0.01373	0.01292	0.02180	0.72707	0.05006	0.01615	0.02019	0.01857	0.01453	0.01857	0.01292	0.01938	0.00969	0.00727	0.00727	0.00242	0.00969	0.00646	0.00323	0.00807
32	0.01610	0.09655	0.33768	0.02220	0.05739	0.01786	0.18959	0.04568	0.04126	0.02411	0.06874	0.01983	0.01514	0.00743	0.00730	0.00226	0.00990	0.00687	0.00395	0.01017
33	0.01029	0.00743	0.00972	0.00914	0.01086	0.00686	0.00686	0.01372	0.02058	0.02915	0.69536	0.05430	0.06859	0.01486	0.00857	0.00229	0.00343	0.01315	0.00800	0.00686
34	0.00906	0.00643	0.00845	0.00991	0.01036	0.00604	0.00657	0.01032	0.01397	0.01870	0.06909	0.65444	0.04735	0.07829	0.01139	0.00324	0.00440	0.01953	0.00662	0.00583
35	0.05913	0.11332	0.59520	0.01919	0.02909	0.01814	0.02423	0.02279	0.01512	0.02292	0.01256	0.01475	0.00915	0.00682	0.00653	0.00222	0.01013	0.00513	0.00315	0.01043
36	0.24927	0.01541	0.04291	0.08625	0.14677	0.01595	0.04557	0.02546	0.15461	0.07860	0.01851	0.05936	0.01493	0.00844	0.00663	0.00235	0.00705	0.00701	0.00519	0.00975
37	0.01202	0.00900	0.01347	0.01436	0.01635	0.00893	0.04897	0.01552	0.01676	0.02184	0.03715	0.07848	0.04010	0.01929	0.00996	0.00330	0.00701	0.61411	0.00652	0.00687
38	0.01284	0.00860	0.01167	0.01282	0.01464	0.00853	0.01072	0.01660	0.04899	0.06549	0.03771	0.19700	0.04050	0.01937	0.00960	0.00316	0.00616	0.46156	0.00689	0.00715
39	0.01765	0.01692	0.02889	0.09939	0.64709	0.01718	0.02214	0.02201	0.01639	0.02333	0.01361	0.01810	0.01137	0.00654	0.00720	0.00218	0.00872	0.00648	0.00357	0.01124
40	0.02395	0.02699	0.01966	0.01825	0.04524	0.42194	0.01351	0.07362	0.23509	0.02386	0.01762	0.01806	0.01375	0.00830	0.00689	0.00209	0.01026	0.00600	0.00514	0.00978
41	0.01119	0.00806	0.01014	0.01080	0.01290	0.00750	0.00899	0.01398	0.01719	0.04569	0.11383	0.07300	0.27873	0.01859	0.00928	0.00289	0.00528	0.33834	0.00692	0.00671
42	0.01064	0.00819	0.01216	0.01204	0.01324	0.00972	0.00939	0.01313	0.01173	0.01697	0.01963	0.05285	0.01874	0.05105	0.65191	0.01090	0.05904	0.00816	0.00395	0.00655
43	0.16540	0.01913	0.01926	0.10531	0.02417	0.08471	0.01335	0.36180	0.05771	0.05702	0.01590	0.01696	0.01158	0.00813	0.00671	0.00221	0.00809	0.00599	0.00599	0.01059
44	0.00886	0.00633	0.00843	0.01012	0.01054	0.00590	0.00675	0.01012	0.01392	0.01856	0.04006	0.73979	0.04808	0.02277	0.00928	0.00295	0.00422	0.02066	0.00675	0.00590
45	0.02763	0.02036	0.02182	0.01672	0.02254	0.02254	0.01382	0.67496	0.03418	0.04581	0.01745	0.01745	0.01236	0.00873	0.00727	0.00218	0.00800	0.00654	0.00727	0.01236
46	0.15734	0.01563	0.02328	0.16892	0.35486	0.01732	0.01816	0.02194	0.05269	0.02420	0.01345	0.01750	0.01094	0.00737	0.00807	0.00233	0.06614	0.00610	0.00387	0.00989
47	0.07169	0.01217	0.01519	0.01232	0.01690	0.01159	0.00995	0.06142	0.09270	0.41707	0.16767	0.03010	0.02823	0.01018	0.00742	0.00228	0.00561	0.00840	0.00826	0.01085
48	0.01032	0.00728	0.00949	0.01024	0.01122	0.00702	0.00755	0.01240	0.01563	0.02113	0.20330	0.24963	0.04712	0.17343	0.01518	0.00375	0.00525	0.17747	0.00656	0.00603
49	0.16952	0.01250	0.01550	0.01219	0.01747	0.01156	0.01004	0.03211	0.01928	0.55885	0.04923	0.02347	0.01798	0.00880	0.00685	0.00225	0.00599	0.00691	0.00815	0.01136
50	0.05363	0.00838	0.01076	0.01035	0.01249	0.00778	0.00763	0.01730	0.01721	0.17247	0.22838	0.32378	0.04485	0.03902	0.00926	0.00269	0.00457	0.01438	0.00743	0.00765
51	0.00908	0.00649	0.00869	0.01038	0.01090	0.00610	0.00714	0.01051	0.01414	0.01881	0.03994	0.68836	0.04759	0.02256	0.00934	0.00298	0.00441	0.06989	0.00674	0.00597
52	0.79588	0.01406	0.01068	0.00956	0.01406	0.01631	0.00787	0.02137	0.01237	0.03261	0.01012	0.01181	0.00787	0.00675	0.00450	0.00225	0.00562	0.00394	0.00450	0.00787
53	0.00886	0.00633	0.00843	0.01012	0.01054	0.00590	0.00675	0.01012	0.01392	0.01856	0.04006	0.73979	0.04808	0.02277	0.00928	0.00295	0.00422	0.02066	0.00675	0.00590
54	0.01123	0.00856	0.01016	0.00958	0.01152	0.00841	0.00705	0.01651	0.11514	0.02622	0.43505	0.05152	0.13668	0.10636	0.01198	0.00293	0.00425	0.01239	0.00730	0.00713
55	0.01727	0.01933	0.03692	0.02732	0.03273	0.04850	0.48488	0.02211	0.01583	0.02164	0.01330	0.01843	0.01060	0.00779	0.01222	0.00260	0.18779	0.00787	0.00356	0.00929
56	0.00886	0.00633	0.00843	0.01012	0.01054	0.00590	0.00675	0.01012	0.01392	0.01856	0.04006	0.73979	0.04808	0.02277	0.00928	0.00295	0.00422	0.02066	0.00675	0.00590
57	0.49458	0.01246	0.01118	0.00987	0.01398	0.01355	0.00798	0.02207	0.04427	0.11732	0.07343	0.02395	0.08577	0.00906	0.00575	0.00226	0.00526	0.00654	0.03239	0.00832
58	0.00914	0.00663	0.00863	0.00972	0.01056	0.00612	0.00669	0.01091	0.01552	0.02088	0.18157	0.54763	0.09750	0.02079	0.00908	0.00278	0.00401	0.01870	0.00701	0.00612
59	0.79588	0.01406	0.01068	0.00956	0.01406	0.01631	0.00787	0.02137	0.01237	0.03261	0.01012	0.01181	0.00787	0.00675	0.00450	0.00225	0.00562	0.00394	0.00450	0.00787
60	0.16732	0.01267	0.01578	0.01234	0.01776	0.01168	0.01019	0.03294	0.01932	0.58570	0.02540	0.02246	0.01621	0.00860	0.00681	0.00225	0.00609	0.00671	0.00820	0.01158
61	0.01450	0.00783	0.01084	0.01039	0.01128	0.00805	0.00730	0.01464	0.08739	0.06079	0.01587	0.02308	0.01427	0.02348	0.04958	0.61846	0.00672	0.00665	0.00405	0.00484
62	0.00875	0.00730	0.00755	0.00762	0.00984	0.00619	0.00561	0.01056	0.01638	0.01980	0.09727	0.10645	0.60786	0.04453	0.00965	0.00264	0.00382	0.01538	0.00672	0.00609
63	0.02117	0.01633	0.01774	0.01502	0.01935	0.01815	0.01198	0.34251	0.24855	0.03588	0.02552	0.12354	0.02183	0.01153	0.00771	0.00243	0.00667	0.03595	0.00722	0.01094
64	0.01038	0.00779	0.01168	0.01168	0.01298	0.00909	0.00909	0.01298	0.01168	0.01687	0.01947	0.02856	0.01817	0.05452	0.71573	0.01168	0.01947	0.00779	0.00389	0.00649
65	0.01594	0.01053	0.01425	0.05579	0.05546	0.00999	0.03871	0.02024	0.07253	0.16573	0.11842	0.07173	0.27074	0.01367	0.00814	0.00243	0.00549	0.03475	0.00689	0.00856
66	0.01779	0.01555	0.01618	0.01474	0.01864	0.03676	0.01152	0.03643	0.61431	0.02923	0.02922	0.02950	0.02269	0.01163	0.02847	0.00277	0.00641	0.04000	0.00716	0.01103
67	0.06130	0.01665	0.02739	0.30976	0.24679	0.05165	0.13989	0.02128	0.01582	0.02182	0.01324	0.01824	0.01038	0.00679	0.00729	0.00231	0.00977	0.00662	0.00353	0.00947

[dist]
# distance from previous block
# <min> <max>
0	3

[block]
# block no. 4 follows, 28 sequences, length 84
# corresponding to MSA columns:
# 344-427
name=unknown_E
#
# <colnr> <probs for GDERKNQSTAVLIFYWHMCP>
#	G	D	E	R	K	N	Q	S	T	A	V	L	I	F	Y	W	H	M	C	P
0	0.02430	0.14452	0.02370	0.01609	0.02121	0.10626	0.01339	0.36687	0.11800	0.03407	0.01675	0.01721	0.01270	0.00851	0.00757	0.00213	0.04363	0.00609	0.00596	0.01104
1	0.01588	0.01299	0.01519	0.01100	0.01734	0.01002	0.00880	0.01971	0.03890	0.05125	0.01414	0.01589	0.01146	0.00569	0.00553	0.00117	0.00543	0.00456	0.00460	0.73045
2	0.00963	0.00755	0.00889	0.00949	0.01146	0.00680	0.00751	0.01197	0.01665	0.02085	0.10754	0.14037	0.39644	0.01906	0.00907	0.00275	0.00457	0.19624	0.00683	0.00633
3	0.05619	0.01411	0.01706	0.01563	0.08117	0.01386	0.01127	0.04393	0.16988	0.09766	0.02110	0.02169	0.04642	0.00820	0.00771	0.00193	0.05817	0.00644	0.00557	0.30202
4	0.01442	0.03644	0.68017	0.02027	0.03067	0.01650	0.02609	0.02266	0.01555	0.02326	0.03918	0.01684	0.01148	0.00721	0.00697	0.00230	0.01046	0.00567	0.00326	0.01059
5	0.01015	0.00757	0.00953	0.00946	0.01133	0.00695	0.00737	0.01322	0.01907	0.02586	0.45141	0.06229	0.20078	0.01650	0.00882	0.00250	0.00402	0.11898	0.00751	0.00667
6	0.02562	0.01936	0.02068	0.01632	0.02178	0.02160	0.01333	0.54109	0.17131	0.04257	0.02000	0.01949	0.01443	0.00896	0.00730	0.00224	0.00753	0.00690	0.00730	0.01218
7	0.00932	0.00750	0.00837	0.00845	0.01065	0.00655	0.00653	0.01167	0.01744	0.02191	0.20174	0.06804	0.48601	0.01785	0.00876	0.00252	0.00398	0.08934	0.00701	0.00636
8	0.01716	0.01961	0.04289	0.03064	0.03799	0.01838	0.67279	0.02328	0.01716	0.02328	0.01471	0.01961	0.01103	0.00613	0.00858	0.00245	0.01225	0.00858	0.00368	0.00980
9	0.02761	0.02104	0.02176	0.01682	0.02254	0.05527	0.01383	0.64444	0.03354	0.04449	0.01716	0.01725	0.01222	0.00867	0.00724	0.00217	0.00824	0.00646	0.00711	0.01218
10	0.01139	0.00714	0.00813	0.00817	0.00921	0.00683	0.00540	0.01287	0.01391	0.04125	0.09061	0.13533	0.11510	0.32220	0.01988	0.00428	0.00517	0.01181	0.16557	0.00577
11	0.01040	0.00712	0.00897	0.00948	0.01090	0.00643	0.00674	0.01238	0.01641	0.05758	0.20329	0.40332	0.18138	0.01927	0.00887	0.00266	0.00403	0.01709	0.00717	0.00652
12	0.03261	0.01237	0.01687	0.01293	0.01856	0.01068	0.01068	0.03543	0.02081	0.70423	0.02868	0.02474	0.01799	0.00900	0.00731	0.00225	0.00619	0.00731	0.00900	0.01237
13	0.01057	0.00705	0.00793	0.00793	0.00793	0.00705	0.00440	0.01057	0.01057	0.01409	0.02290	0.04757	0.02643	0.74454	0.03700	0.00705	0.00705	0.01057	0.00440	0.00440
14	0.70123	0.01385	0.01145	0.00998	0.01462	0.01561	0.00822	0.02311	0.01342	0.11590	0.01242	0.01341	0.00913	0.00703	0.00485	0.00225	0.00569	0.00435	0.00506	0.00843
15	0.01077	0.00741	0.00872	0.00905	0.00945	0.00737	0.00560	0.04032	0.01274	0.01700	0.02834	0.27559	0.03297	0.47226	0.02647	0.00547	0.00615	0.01373	0.00531	0.00526
16	0.01507	0.01292	0.01507	0.01077	0.01723	0.00969	0.00861	0.01830	0.01507	0.02369	0.01292	0.01507	0.01077	0.00538	0.00538	0.00108	0.00538	0.00431	0.00431	0.78898
17	0.01051	0.00706	0.00791	0.00791	0.00799	0.00702	0.00444	0.01057	0.01076	0.01427	0.02451	0.04828	0.04759	0.72159	0.03610	0.00690	0.00694	0.01072	0.00448	0.00446
18	0.02699	0.01782	0.01981	0.01557	0.02105	0.01923	0.01274	0.42570	0.14739	0.18305	0.02200	0.02072	0.01531	0.00899	0.00730	0.00225	0.00721	0.00701	0.00766	0.01221
19	0.00969	0.00693	0.00936	0.01083	0.01168	0.00660	0.00798	0.01168	0.01524	0.02035	0.10200	0.51309	0.04849	0.02136	0.00940	0.00299	0.00475	0.17454	0.00685	0.00619
20	0.03242	0.01269	0.01707	0.01308	0.01871	0.01116	0.01081	0.06086	0.02134	0.67804	0.02823	0.02445	0.01777	0.00899	0.00731	0.00225	0.00626	0.00728	0.00893	0.01237
21	0.01021	0.00689	0.00804	0.00839	0.00848	0.00680	0.00490	0.01048	0.01128	0.01504	0.02655	0.19474	0.03103	0.59109	0.03110	0.00618	0.00645	0.01272	0.00490	0.00472
22	0.01144	0.00828	0.01133	0.01286	0.01460	0.00817	0.01117	0.01465	0.01672	0.02157	0.04157	0.08094	0.09915	0.01993	0.00991	0.00327	0.00643	0.59466	0.00670	0.00664
23	0.00923	0.00660	0.00881	0.01020	0.01088	0.00619	0.00708	0.01091	0.01498	0.02016	0.12621	0.60716	0.05037	0.02156	0.00923	0.00289	0.00427	0.06027	0.00691	0.00608
24	0.01373	0.01292	0.02180	0.72707	0.05006	0.01615	0.02019	0.01857	0.01453	0.01857	0.01292	0.01938	0.00969	0.00727	0.00727	0.00242	0.00969	0.00646	0.00323	0.00807
25	0.01506	0.01551	0.02998	0.45707	0.04538	0.01702	0.27319	0.02040	0.01555	0.02040	0.01361	0.01947	0.01021	0.00683	0.00778	0.00243	0.01068	0.00728	0.00340	0.00875
26	0.02905	0.01809	0.02041	0.01565	0.02141	0.01917	0.01293	0.49320	0.03038	0.23294	0.02064	0.01952	0.01396	0.00880	0.00728	0.00220	0.00748	0.00676	0.00776	0.01236
27	0.00893	0.00638	0.00850	0.01007	0.01056	0.00595	0.00675	0.01030	0.01424	0.01907	0.07210	0.70628	0.04908	0.02239	0.00924	0.00292	0.00418	0.02030	0.00681	0.00595
28	0.01799	0.01727	0.02950	0.04462	0.69919	0.01727	0.02231	0.02231	0.01655	0.02375	0.01367	0.01799	0.01151	0.00648	0.00720	0.00216	0.00864	0.00648	0.00360	0.01151
29	0.01486	0.01267	0.01483	0.01069	0.01694	0.00956	0.00853	0.01810	0.01532	0.02393	0.04363	0.01684	0.01337	0.00581	0.00553	0.00113	0.00530	0.00470	0.00447	0.75378
30	0.01085	0.00806	0.01051	0.01164	0.01351	0.00772	0.00989	0.01382	0.01690	0.02161	0.08214	0.07748	0.20911	0.01938	0.00960	0.00306	0.00576	0.45565	0.00678	0.00656
31	0.01297	0.04386	0.01501	0.01317	0.01482	0.04057	0.01057	0.04110	0.01367	0.01901	0.05377	0.02848	0.01960	0.03930	0.46441	0.00843	0.11644	0.03344	0.00422	0.00716
32	0.01057	0.00705	0.00793	0.00793	0.00793	0.00705	0.00440	0.01057	0.01057	0.01409	0.02290	0.04757	0.02643	0.74454	0.03700	0.00705	0.00705	0.01057	0.00440	0.00440
33	0.01057	0.00705	0.00793	0.00793	0.00793	0.00705	0.00440	0.01057	0.01057	0.01409	0.02290	0.04757	0.02643	0.74454	0.03700	0.00705	0.00705	0.01057	0.00440	0.00440
34	0.01664	0.01589	0.02706	0.26162	0.49279	0.01691	0.02163	0.02112	0.01591	0.02210	0.01343	0.01843	0.01093	0.00673	0.00722	0.00224	0.00897	0.00647	0.00348	0.01042
35	0.01768	0.01684	0.02863	0.04309	0.66574	0.01684	0.02179	0.02195	0.01656	0.02365	0.01489	0.02112	0.01300	0.00714	0.00734	0.00222	0.00854	0.03795	0.00375	0.01128
36	0.01171	0.00837	0.01171	0.01339	0.01506	0.00837	0.01171	0.01506	0.01673	0.02175	0.03849	0.08199	0.04183	0.02008	0.01004	0.00335	0.00669	0.65027	0.00669	0.00669
37	0.01458	0.03760	0.70688	0.02072	0.03146	0.01688	0.02686	0.02302	0.01535	0.02302	0.01304	0.01535	0.00921	0.00691	0.00691	0.00230	0.01074	0.00537	0.00307	0.01074
38	0.01499	0.09818	0.64992	0.02001	0.03037	0.01789	0.02563	0.02291	0.01530	0.02252	0.01279	0.01503	0.00922	0.00685	0.00672	0.00224	0.01049	0.00524	0.00307	0.01062
39	0.01566	0.01589	0.03274	0.05912	0.03134	0.01505	0.45767	0.02052	0.01663	0.04838	0.04328	0.16734	0.02070	0.00997	0.00861	0.00254	0.00997	0.01104	0.00463	0.00893
40	0.69506	0.01488	0.01214	0.01050	0.01517	0.01713	0.00865	0.10714	0.01523	0.03435	0.01108	0.01255	0.00846	0.00701	0.00486	0.00224	0.00593	0.00428	0.00486	0.00846
41	0.01373	0.01292	0.02180	0.72707	0.05006	0.01615	0.02019	0.01857	0.01453	0.01857	0.01292	0.01938	0.00969	0.00727	0.00727	0.00242	0.00969	0.00646	0.00323	0.00807
42	0.00886	0.00633	0.00843	0.01012	0.01054	0.00590	0.00675	0.01012	0.01392	0.01856	0.04006	0.73979	0.04808	0.02277	0.00928	0.00295	0.00422	0.02066	0.00675	0.00590
43	0.01716	0.01961	0.04289	0.03064	0.03799	0.01838	0.67279	0.02328	0.01716	0.02328	0.01471	0.01961	0.01103	0.00613	0.00858	0.00245	0.01225	0.00858	0.00368	0.00980
44	0.00859	0.00736	0.00736	0.00736	0.00982	0.00614	0.00552	0.01043	0.01657	0.01964	0.07364	0.06996	0.69624	0.01841	0.00859	0.00245	0.00368	0.01534	0.00675	0.00614
45	0.00898	0.00641	0.00858	0.01026	0.01074	0.00601	0.00696	0.01033	0.01404	0.01869	0.04000	0.71136	0.04781	0.02266	0.00931	0.00297	0.00432	0.04788	0.00675	0.00594
46	0.01808	0.01561	0.01644	0.01479	0.01890	0.01808	0.01151	0.03863	0.68606	0.03041	0.02959	0.02712	0.02219	0.00986	0.00740	0.00247	0.00575	0.00822	0.00740	0.01151
47	0.00912	0.00668	0.00895	0.01045	0.01086	0.00651	0.00709	0.01039	0.01381	0.01852	0.03894	0.71306	0.04665	0.02240	0.00982	0.00296	0.03106	0.02014	0.00662	0.00598
48	0.02027	0.01563	0.01687	0.01474	0.01913	0.01764	0.01159	0.08466	0.57017	0.10081	0.02861	0.02617	0.02104	0.00969	0.00738	0.00242	0.00596	0.00800	0.00755	0.01166
49	0.00886	0.00633	0.00843	0.01012	0.01054	0.00590	0.00675	0.01012	0.01392	0.01856	0.04006	0.73979	0.04808	0.02277	0.00928	0.00295	0.00422	0.02066	0.00675	0.00590
50	0.01716	0.01961	0.04289	0.03064	0.03799	0.01838	0.67279	0.02328	0.01716	0.02328	0.01471	0.01961	0.01103	0.00613	0.00858	0.00245	0.01225	0.00858	0.00368	0.00980
51	0.01336	0.00924	0.01114	0.01011	0.01269	0.00893	0.00775	0.03745	0.10410	0.08418	0.43885	0.04982	0.15560	0.01412	0.00829	0.00233	0.00412	0.01220	0.00779	0.00795
52	0.06235	0.01221	0.01628	0.01262	0.01801	0.01073	0.01039	0.03383	0.02045	0.64524	0.05942	0.02562	0.01998	0.00918	0.00726	0.00225	0.00603	0.00745	0.00877	0.01193
53	0.01799	0.01727	0.02950	0.04462	0.69919	0.01727	0.02231	0.02231	0.01655	0.02375	0.01367	0.01799	0.01151	0.00648	0.00720	0.00216	0.00864	0.00648	0.00360	0.01151
54	0.02408	0.02929	0.02757	0.02232	0.02729	0.46545	0.21821	0.05883	0.02020	0.02086	0.01262	0.01534	0.01003	0.00713	0.00722	0.00207	0.01259	0.00598	0.00390	0.00905
55	0.00909	0.00650	0.00869	0.01027	0.01083	0.00610	0.00705	0.01058	0.01439	0.01923	0.06946	0.66933	0.04862	0.02226	0.00929	0.00295	0.00433	0.05825	0.00680	0.00599
56	0.02675	0.07242	0.02152	0.01839	0.02227	0.67904	0.01396	0.02864	0.02029	0.01775	0.01118	0.01303	0.00936	0.00742	0.00645	0.00186	0.01283	0.00464	0.00371	0.00847
57	0.01426	0.00851	0.01084	0.01034	0.01259	0.00792	0.00770	0.01787	0.06154	0.14832	0.26521	0.26438	0.10910	0.01629	0.00849	0.00252	0.00436	0.01433	0.00763	0.00780
58	0.00963	0.00669	0.00839	0.00943	0.00975	0.00644	0.00608	0.01050	0.01278	0.01701	0.03352	0.45000	0.03963	0.29517	0.01978	0.00452	0.00539	0.04407	0.00586	0.00537
59	0.01057	0.00705	0.00793	0.00793	0.00793	0.00705	0.00440	0.01057	0.01057	0.01409	0.02290	0.04757	0.02643	0.74454	0.03700	0.00705	0.00705	0.01057	0.00440	0.00440
60	0.01340	0.00813	0.01065	0.00962	0.01192	0.00738	0.00735	0.01669	0.02046	0.12489	0.57750	0.05067	0.08456	0.01416	0.00839	0.00229	0.00383	0.01240	0.00810	0.00762
61	0.01373	0.01292	0.02180	0.72707	0.05006	0.01615	0.02019	0.01857	0.01453	0.01857	0.01292	0.01938	0.00969	0.00727	0.00727	0.00242	0.00969	0.00646	0.00323	0.00807
62	0.01790	0.00900	0.01183	0.01040	0.01321	0.00808	0.00791	0.02051	0.01889	0.26196	0.30973	0.11701	0.06612	0.08100	0.01083	0.00279	0.00482	0.01175	0.00784	0.00843
63	0.01490	0.01497	0.02508	0.55629	0.04561	0.04460	0.12203	0.01968	0.01503	0.01923	0.01297	0.01900	0.00988	0.00736	0.00823	0.00244	0.04431	0.00672	0.00332	0.00835
64	0.43911	0.01219	0.01128	0.01013	0.01369	0.01346	0.00806	0.06273	0.04364	0.03185	0.22932	0.04993	0.02928	0.01009	0.00625	0.00229	0.00505	0.00774	0.00598	0.00793
65	0.01029	0.00743	0.00972	0.00914	0.01086	0.00686	0.00686	0.01372	0.02058	0.02915	0.69536	0.05430	0.06859	0.01486	0.00857	0.00229	0.00343	0.01315	0.00800	0.00686
66	0.02647	0.01936	0.02085	0.01630	0.02186	0.02143	0.01336	0.55846	0.12667	0.07006	0.01963	0.01912	0.01399	0.00890	0.00729	0.00222	0.00761	0.00681	0.00736	0.01224
67	0.00968	0.00728	0.00934	0.00958	0.01089	0.00727	0.00694	0.01162	0.01419	0.01895	0.11605	0.17397	0.19601	0.12131	0.24667	0.00616	0.00940	0.01296	0.00566	0.00608
68	0.01278	0.00915	0.01130	0.01167	0.01321	0.00927	0.00857	0.13424	0.01782	0.02375	0.03473	0.51084	0.03953	0.01996	0.00966	0.03047	0.00526	0.08396	0.00671	0.00709
69	0.01355	0.00678	0.00678	0.00678	0.00847	0.00678	0.00508	0.01694	0.01524	0.02710	0.02371	0.02710	0.01863	0.00847	0.00508	0.00169	0.00339	0.00678	0.78489	0.00678
70	0.00945	0.00740	0.00855	0.00826	0.01034	0.00650	0.00620	0.01209	0.01860	0.02445	0.38804	0.06204	0.37884	0.01661	0.00858	0.00237	0.00355	0.01423	0.00738	0.00650
71	0.08175	0.01117	0.01417	0.01155	0.01574	0.01031	0.00918	0.02797	0.04600	0.43190	0.15531	0.03175	0.02797	0.07995	0.01017	0.00272	0.00568	0.00853	0.00797	0.01018
72	0.53995	0.01239	0.01110	0.00981	0.01380	0.01360	0.00793	0.02109	0.01509	0.10100	0.16670	0.02273	0.02262	0.00881	0.00571	0.00226	0.00519	0.00636	0.00575	0.00811
73	0.01548	0.00920	0.01173	0.01142	0.01373	0.00894	0.00858	0.02029	0.11250	0.16335	0.14050	0.33891	0.04105	0.01666	0.00854	0.00266	0.00488	0.05583	0.00750	0.00824
74	0.02557	0.01735	0.01893	0.01479	0.01989	0.01877	0.01212	0.50393	0.02995	0.10400	0.04790	0.02091	0.01606	0.00898	0.00705	0.00213	0.00705	0.00692	0.10627	0.01142
75	0.01304	0.00818	0.01010	0.00968	0.01163	0.00767	0.00712	0.04590	0.01816	0.09235	0.27727	0.21876	0.11848	0.06023	0.01004	0.00271	0.00436	0.01374	0.06338	0.00720
76	0.77022	0.01400	0.01089	0.00967	0.01421	0.01612	0.00797	0.02184	0.01265	0.05520	0.01075	0.01224	0.00821	0.00682	0.00459	0.00225	0.00564	0.00405	0.00465	0.00802
77	0.01221	0.01129	0.01064	0.01117	0.01247	0.12346	0.00785	0.01399	0.01635	0.02044	0.16637	0.43437	0.07121	0.04140	0.00954	0.00275	0.00560	0.01599	0.00643	0.00647
78	0.08381	0.00732	0.00863	0.00957	0.01081	0.00702	0.00669	0.01161	0.01483	0.02114	0.10947	0.50439	0.13887	0.01981	0.00865	0.00275	0.00419	0.01754	0.00666	0.00622
79	0.01118	0.00799	0.00951	0.00948	0.01038	0.00816	0.00630	0.04090	0.04185	0.01863	0.07630	0.16532	0.06689	0.38475	0.10556	0.00589	0.00756	0.01216	0.00538	0.00582
80	0.01974	0.01333	0.01572	0.01357	0.01678	0.07068	0.03454	0.04560	0.08013	0.21524	0.14608	0.14801	0.05733	0.01286	0.00940	0.00246	0.07169	0.01067	0.00699	0.00917
81	0.01176	0.00782	0.01066	0.01146	0.04118	0.00727	0.00791	0.01434	0.01775	0.07435	0.34557	0.31512	0.05372	0.01726	0.00873	0.00256	0.00426	0.03381	0.00736	0.00709
82	0.01320	0.00791	0.01007	0.01030	0.01161	0.00752	0.00711	0.04241	0.01526	0.10972	0.05635	0.45204	0.03891	0.16490	0.01447	0.00363	0.00518	0.01601	0.00664	0.00677
83	0.02380	0.01726	0.01981	0.01574	0.02057	0.01886	0.03304	0.47443	0.04927	0.07004	0.01972	0.05299	0.01566	0.03961	0.09121	0.00351	0.00911	0.00761	0.00673	0.01101

[dist]
# distance from previous block
# <min> <max>
0	10

# created by:
# /st0/software/busco_prod/Augustus/scripts/msa2prfl.pl ./align_prep/149660.fa
