[name]
unknown

[dist]
# distance from previous block
# <min> <max>
0	662

[block]
# block no. 0 follows, 29 sequences, length 16
# corresponding to MSA columns:
# 662-677
name=unknown_A
#
# <colnr> <probs for GDERKNQSTAVLIFYWHMCP>
#	G	D	E	R	K	N	Q	S	T	A	V	L	I	F	Y	W	H	M	C	P
0	0.03806	0.08825	0.02337	0.02034	0.09286	0.30550	0.05905	0.10363	0.03329	0.02250	0.01448	0.02010	0.01266	0.00867	0.00831	0.00216	0.07542	0.05799	0.00428	0.00908
1	0.02565	0.05706	0.02160	0.02000	0.07695	0.57822	0.01433	0.08506	0.02082	0.02029	0.01169	0.01355	0.00960	0.00732	0.00647	0.00187	0.01186	0.00486	0.00394	0.00887
2	0.01601	0.01362	0.01654	0.01393	0.07781	0.01116	0.01003	0.07175	0.01640	0.02495	0.01308	0.01520	0.01074	0.00563	0.00558	0.00124	0.00576	0.00458	0.00439	0.66160
3	0.01734	0.01628	0.04646	0.14938	0.37485	0.03663	0.06770	0.02221	0.03973	0.06912	0.07527	0.02162	0.01651	0.00749	0.00727	0.00220	0.00838	0.00710	0.00432	0.01014
4	0.00922	0.00680	0.00932	0.05670	0.01289	0.00659	0.00748	0.01105	0.01477	0.01993	0.14911	0.58137	0.04804	0.02002	0.00884	0.00275	0.00435	0.01810	0.00659	0.00608
5	0.03195	0.01212	0.01652	0.01267	0.01818	0.01047	0.01047	0.03470	0.02038	0.71026	0.02809	0.02424	0.01763	0.00881	0.00716	0.00220	0.00606	0.00716	0.00881	0.01212
6	0.01237	0.00618	0.00928	0.00928	0.00928	0.00618	0.00618	0.00928	0.00928	0.01237	0.01237	0.02165	0.01237	0.02474	0.02783	0.79283	0.00618	0.00618	0.00309	0.00309
7	0.01671	0.01769	0.03235	0.08005	0.03169	0.04836	0.40435	0.05548	0.01670	0.02235	0.01605	0.04462	0.01383	0.00866	0.01030	0.00254	0.10916	0.05615	0.00400	0.00896
8	0.00862	0.00643	0.00802	0.00929	0.01016	0.00584	0.00633	0.00999	0.01424	0.01842	0.04689	0.58779	0.19947	0.02131	0.00893	0.00278	0.00401	0.01903	0.00661	0.00584
9	0.01005	0.00683	0.00809	0.00833	0.00855	0.00677	0.00501	0.01056	0.01156	0.01556	0.06767	0.16403	0.03176	0.55645	0.05424	0.00610	0.00665	0.01208	0.00490	0.00479
10	0.01804	0.01743	0.02570	0.18232	0.44694	0.06927	0.01987	0.06505	0.04356	0.02343	0.01391	0.01787	0.01121	0.00685	0.00703	0.00216	0.00885	0.00628	0.00384	0.01041
11	0.01370	0.01309	0.02229	0.66697	0.04704	0.01621	0.04855	0.01834	0.01419	0.01834	0.01257	0.01883	0.00954	0.00733	0.00797	0.00241	0.04505	0.00641	0.00318	0.00798
12	0.01301	0.01006	0.01083	0.01002	0.01305	0.01002	0.00770	0.02075	0.22777	0.06836	0.12020	0.05100	0.38073	0.01447	0.00797	0.00238	0.00437	0.01212	0.00708	0.00812
13	0.01150	0.00785	0.01056	0.01063	0.01205	0.00738	0.03484	0.03246	0.01476	0.06705	0.03813	0.43944	0.11574	0.12470	0.01273	0.00334	0.00513	0.03899	0.00632	0.00642
14	0.02406	0.01779	0.01916	0.01513	0.02012	0.01945	0.01232	0.57243	0.03045	0.04061	0.02314	0.08528	0.06638	0.01047	0.00739	0.00222	0.00719	0.00827	0.00704	0.01110
15	0.02132	0.01770	0.01753	0.01473	0.01898	0.08712	0.01166	0.32881	0.19636	0.03417	0.07386	0.08021	0.04465	0.01055	0.00738	0.00225	0.00701	0.00850	0.00681	0.01042

[dist]
# distance from previous block
# <min> <max>
5	13

[block]
# block no. 1 follows, 29 sequences, length 27
# corresponding to MSA columns:
# 691-717
name=unknown_B
#
# <colnr> <probs for GDERKNQSTAVLIFYWHMCP>
#	G	D	E	R	K	N	Q	S	T	A	V	L	I	F	Y	W	H	M	C	P
0	0.01802	0.05035	0.02311	0.15837	0.02670	0.04755	0.09215	0.08303	0.01610	0.08024	0.01436	0.03802	0.01188	0.01048	0.03291	0.00269	0.22419	0.00672	0.00426	0.05887
1	0.02523	0.01655	0.01858	0.01480	0.01973	0.01769	0.01199	0.44378	0.06452	0.16527	0.02250	0.10753	0.01792	0.01033	0.00738	0.00226	0.00693	0.00832	0.00738	0.01130
2	0.01236	0.00812	0.00979	0.00946	0.01168	0.00747	0.00704	0.01580	0.06282	0.10480	0.22497	0.21518	0.25043	0.01644	0.00834	0.00245	0.00409	0.01426	0.00725	0.00723
3	0.01525	0.01286	0.01478	0.01123	0.01686	0.01078	0.00888	0.04918	0.09586	0.02461	0.01657	0.06524	0.01439	0.00708	0.00585	0.00139	0.00535	0.00584	0.00487	0.61313
4	0.01282	0.01082	0.01210	0.01098	0.01404	0.01101	0.00842	0.02097	0.23825	0.02428	0.12889	0.10547	0.21680	0.01334	0.00828	0.00228	0.03387	0.01118	0.00653	0.10967
5	0.00945	0.00773	0.00844	0.00863	0.01074	0.00706	0.00643	0.01280	0.07110	0.02060	0.10270	0.18485	0.46264	0.01795	0.00850	0.00252	0.00397	0.04068	0.00674	0.00647
6	0.02393	0.01419	0.01644	0.01362	0.01834	0.01479	0.01092	0.11520	0.31107	0.29694	0.02951	0.02676	0.05602	0.00965	0.00726	0.00230	0.00596	0.00788	0.00781	0.01142
7	0.04284	0.01293	0.02092	0.56080	0.04186	0.01561	0.04579	0.01834	0.01410	0.01943	0.01283	0.01856	0.00988	0.00735	0.00796	0.00232	0.05713	0.00622	0.03441	0.05071
8	0.00842	0.00721	0.00721	0.00721	0.00962	0.00601	0.00541	0.01022	0.01623	0.01924	0.07213	0.06853	0.70244	0.01803	0.00842	0.00240	0.00361	0.01503	0.00661	0.00601
9	0.00868	0.00620	0.00826	0.00991	0.01033	0.00578	0.00661	0.00991	0.01363	0.01818	0.03925	0.74510	0.04710	0.02231	0.00909	0.00289	0.00413	0.02024	0.00661	0.00578
10	0.01096	0.00743	0.00899	0.00882	0.01082	0.00657	0.00653	0.01327	0.01740	0.07854	0.28096	0.19926	0.29015	0.01695	0.00845	0.00243	0.00383	0.01472	0.00722	0.00671
11	0.11450	0.03564	0.02035	0.48345	0.06057	0.04480	0.01700	0.03884	0.03010	0.04872	0.01320	0.01777	0.00997	0.00733	0.00716	0.00231	0.03019	0.00595	0.00378	0.00840
12	0.02791	0.01494	0.05054	0.01404	0.01934	0.01377	0.01202	0.18254	0.02223	0.45068	0.02351	0.02207	0.01564	0.01178	0.05563	0.00284	0.03454	0.00689	0.00760	0.01149
13	0.01899	0.02068	0.02985	0.05953	0.35463	0.15808	0.18203	0.02310	0.01688	0.02157	0.01299	0.01703	0.01060	0.00671	0.00786	0.00218	0.03723	0.00650	0.00354	0.01001
14	0.01147	0.00820	0.01147	0.01311	0.01475	0.00820	0.01147	0.01475	0.01639	0.02131	0.03770	0.08032	0.04098	0.01967	0.00984	0.00328	0.00656	0.65741	0.00656	0.00656
15	0.01199	0.01053	0.01496	0.04307	0.01562	0.01281	0.03227	0.01358	0.01220	0.01722	0.02345	0.25020	0.04440	0.12484	0.07467	0.00418	0.27125	0.01164	0.00455	0.00656
16	0.01728	0.05188	0.10838	0.04995	0.03805	0.03465	0.05118	0.14093	0.04817	0.02584	0.01609	0.07559	0.01391	0.00839	0.00776	0.00196	0.05796	0.00674	0.00468	0.24061
17	0.01518	0.03058	0.47506	0.02374	0.03309	0.01706	0.25784	0.02264	0.01566	0.02264	0.01336	0.01651	0.00965	0.00649	0.00735	0.00231	0.01105	0.00638	0.00322	0.01020
18	0.00846	0.00704	0.00740	0.00768	0.00974	0.00597	0.00562	0.01017	0.01578	0.01905	0.06642	0.18619	0.58847	0.01878	0.00853	0.00249	0.00370	0.01594	0.00661	0.00597
19	0.01800	0.35555	0.11678	0.01659	0.02144	0.08345	0.05552	0.02103	0.01419	0.01801	0.01048	0.01361	0.00928	0.00802	0.01039	0.00213	0.20848	0.00500	0.00315	0.00890
20	0.05139	0.06977	0.14879	0.01578	0.02055	0.07617	0.01460	0.09998	0.17319	0.05552	0.01928	0.02111	0.03912	0.03879	0.01049	0.00252	0.12161	0.00663	0.00503	0.00971
21	0.00866	0.00624	0.00821	0.00979	0.01030	0.00579	0.00655	0.00993	0.01375	0.01823	0.04075	0.71410	0.07713	0.02211	0.00906	0.00287	0.00411	0.02000	0.00661	0.00579
22	0.01549	0.01539	0.02268	0.09453	0.02317	0.02015	0.06427	0.01853	0.03918	0.01846	0.01101	0.01661	0.01002	0.01097	0.01904	0.00286	0.54253	0.00638	0.00337	0.04534
23	0.02191	0.02252	0.05846	0.04215	0.08143	0.18454	0.15613	0.19427	0.02132	0.05175	0.01473	0.03218	0.01158	0.00803	0.00852	0.00223	0.06697	0.00665	0.00470	0.00994
24	0.00968	0.00738	0.01035	0.01089	0.01150	0.00736	0.03522	0.01093	0.01307	0.01759	0.03377	0.55850	0.03998	0.14199	0.01435	0.00355	0.04484	0.01733	0.00591	0.00581
25	0.00873	0.00651	0.00816	0.00944	0.01035	0.00593	0.00654	0.01018	0.01432	0.01854	0.04652	0.56706	0.19294	0.02125	0.00897	0.00280	0.00411	0.04516	0.00661	0.00587
26	0.00957	0.04211	0.00997	0.01008	0.01102	0.00737	0.00703	0.01172	0.04132	0.01900	0.06310	0.63353	0.06650	0.02060	0.00875	0.00277	0.00431	0.01853	0.00651	0.00621

[dist]
# distance from previous block
# <min> <max>
5	9

[block]
# block no. 2 follows, 29 sequences, length 11
# corresponding to MSA columns:
# 727-737
name=unknown_C
#
# <colnr> <probs for GDERKNQSTAVLIFYWHMCP>
#	G	D	E	R	K	N	Q	S	T	A	V	L	I	F	Y	W	H	M	C	P
0	0.01432	0.06791	0.01859	0.04684	0.01780	0.01570	0.03715	0.01706	0.04201	0.04665	0.02080	0.17250	0.04150	0.04618	0.05884	0.00342	0.29318	0.00967	0.00450	0.02536
1	0.01856	0.06940	0.01877	0.01354	0.01835	0.01651	0.01112	0.20126	0.10975	0.02925	0.06675	0.01967	0.01644	0.00828	0.00818	0.00188	0.08519	0.00616	0.00548	0.27546
2	0.02288	0.01670	0.01816	0.01446	0.01919	0.01824	0.01175	0.48713	0.05567	0.03852	0.01912	0.05076	0.01495	0.01178	0.05079	0.00266	0.00769	0.00709	0.08808	0.04439
3	0.04613	0.00860	0.01319	0.01264	0.01439	0.00818	0.10027	0.01260	0.01426	0.01957	0.03598	0.48546	0.08529	0.04873	0.00990	0.00295	0.00554	0.06391	0.00599	0.00641
4	0.00992	0.00935	0.06211	0.01039	0.01223	0.00773	0.00828	0.01269	0.03097	0.01986	0.13923	0.28151	0.12754	0.08909	0.14104	0.00458	0.00743	0.01380	0.00583	0.00643
5	0.02418	0.01817	0.01893	0.01536	0.02021	0.05663	0.01236	0.42013	0.16231	0.08795	0.02160	0.07280	0.01686	0.00974	0.00726	0.00224	0.00726	0.00771	0.00705	0.01127
6	0.00902	0.00668	0.00847	0.00949	0.01055	0.00613	0.00674	0.01081	0.01524	0.02006	0.13844	0.47233	0.17400	0.02022	0.00892	0.00273	0.00409	0.06328	0.00678	0.00601
7	0.00986	0.00720	0.00927	0.00889	0.01054	0.00661	0.00661	0.01297	0.01944	0.02719	0.61192	0.09904	0.11317	0.01532	0.00844	0.00229	0.00343	0.01351	0.00767	0.00661
8	0.01742	0.01582	0.02292	0.34287	0.20091	0.03769	0.01837	0.12797	0.05416	0.02429	0.01417	0.01836	0.01099	0.00765	0.00814	0.00231	0.05585	0.00638	0.00412	0.00960
9	0.01007	0.06225	0.01045	0.00878	0.01084	0.00830	0.00655	0.01275	0.04660	0.02040	0.15445	0.19733	0.33840	0.06852	0.01017	0.00273	0.00429	0.01429	0.00641	0.00643
10	0.00901	0.00643	0.00819	0.00935	0.00990	0.00603	0.00618	0.01020	0.01365	0.01814	0.07639	0.55336	0.08513	0.13691	0.01331	0.00346	0.00449	0.01794	0.00632	0.00562

[dist]
# distance from previous block
# <min> <max>
0	1

[block]
# block no. 3 follows, 29 sequences, length 20
# corresponding to MSA columns:
# 739-758
name=unknown_D
#
# <colnr> <probs for GDERKNQSTAVLIFYWHMCP>
#	G	D	E	R	K	N	Q	S	T	A	V	L	I	F	Y	W	H	M	C	P
0	0.03112	0.01251	0.01793	0.01362	0.01922	0.01088	0.04727	0.03405	0.02018	0.67245	0.02734	0.02396	0.01725	0.00866	0.00723	0.00221	0.00639	0.00723	0.00853	0.01198
1	0.01946	0.05107	0.02737	0.08414	0.32710	0.09514	0.09929	0.10739	0.07309	0.02517	0.01477	0.01778	0.01171	0.00700	0.00707	0.00214	0.00911	0.00644	0.00426	0.01050
2	0.02222	0.01596	0.01886	0.05461	0.02075	0.01801	0.01270	0.39546	0.02466	0.08205	0.01756	0.05040	0.01404	0.01420	0.06675	0.05904	0.08957	0.00712	0.00601	0.01003
3	0.46977	0.08204	0.04290	0.01202	0.01672	0.14051	0.01022	0.05534	0.01536	0.05855	0.01179	0.01321	0.00912	0.00694	0.00514	0.00206	0.00725	0.00439	0.02826	0.00842
4	0.01195	0.01041	0.01433	0.01359	0.01390	0.01306	0.01045	0.01337	0.01185	0.01706	0.02221	0.26895	0.02507	0.09841	0.11377	0.00456	0.31437	0.01162	0.00453	0.00655
5	0.01108	0.00854	0.00948	0.00881	0.01105	0.00788	0.00642	0.06897	0.01708	0.02229	0.16314	0.10147	0.32117	0.14666	0.01312	0.00310	0.00466	0.01276	0.00631	0.05604
6	0.01892	0.44885	0.06117	0.04197	0.02097	0.04691	0.03988	0.05857	0.01545	0.04267	0.01156	0.01405	0.00995	0.00870	0.02863	0.00220	0.11196	0.00489	0.00355	0.00914
7	0.01629	0.12965	0.10689	0.05369	0.24927	0.04680	0.01656	0.01989	0.01529	0.04380	0.01803	0.09135	0.01739	0.05030	0.00928	0.00252	0.03575	0.06393	0.00414	0.00918
8	0.03195	0.01212	0.01652	0.01267	0.01818	0.01047	0.01047	0.03470	0.02038	0.71026	0.02809	0.02424	0.01763	0.00881	0.00716	0.00220	0.00606	0.00716	0.00881	0.01212
9	0.00955	0.00700	0.00800	0.00806	0.00916	0.00649	0.00536	0.01089	0.01442	0.01884	0.17601	0.12419	0.23875	0.30991	0.01959	0.00422	0.00493	0.01325	0.00594	0.00545
10	0.02389	0.01787	0.01934	0.01505	0.02032	0.01923	0.01222	0.52495	0.05917	0.03948	0.01817	0.04593	0.01423	0.03815	0.00815	0.00224	0.00727	0.00691	0.00667	0.10078
11	0.01464	0.01480	0.02656	0.02095	0.02399	0.01649	0.27862	0.01800	0.01398	0.02006	0.01774	0.15642	0.01755	0.01155	0.01377	0.00272	0.27162	0.00979	0.04266	0.00808
12	0.01026	0.00686	0.00779	0.00789	0.00791	0.00684	0.00444	0.01033	0.01054	0.01405	0.02339	0.08618	0.02709	0.70853	0.03470	0.00668	0.00675	0.01092	0.00444	0.00440
13	0.01649	0.01695	0.03241	0.17424	0.32142	0.01712	0.27204	0.02150	0.01605	0.02209	0.01363	0.01850	0.01075	0.00637	0.00758	0.00227	0.01001	0.00713	0.00348	0.00998
14	0.02382	0.05370	0.01980	0.01489	0.01977	0.01964	0.01210	0.46735	0.11153	0.06636	0.01974	0.04077	0.01550	0.07065	0.00949	0.00256	0.00730	0.00723	0.00676	0.01104
15	0.01108	0.00862	0.01001	0.01023	0.01183	0.00879	0.00725	0.01680	0.16920	0.02168	0.11937	0.32368	0.12566	0.10788	0.01186	0.00314	0.00466	0.01467	0.00662	0.00700
16	0.01345	0.01266	0.02136	0.73264	0.04904	0.01582	0.01978	0.01819	0.01424	0.01819	0.01266	0.01898	0.00949	0.00712	0.00712	0.00237	0.00949	0.00633	0.00316	0.00791
17	0.02492	0.01742	0.01895	0.01663	0.06646	0.07321	0.01251	0.31885	0.08006	0.18804	0.04181	0.04440	0.04503	0.00943	0.00723	0.00219	0.00729	0.00752	0.00698	0.01108
18	0.01534	0.01627	0.04569	0.26575	0.06109	0.04106	0.13322	0.01914	0.01389	0.01904	0.01255	0.01934	0.01068	0.00914	0.01306	0.00263	0.26387	0.02652	0.00335	0.00835
19	0.01095	0.00800	0.00966	0.00930	0.00938	0.00877	0.00594	0.01132	0.01092	0.01496	0.04638	0.07148	0.02615	0.59817	0.03245	0.00608	0.10047	0.01032	0.00438	0.00491

[dist]
# distance from previous block
# <min> <max>
1	4

[block]
# block no. 4 follows, 29 sequences, length 100
# corresponding to MSA columns:
# 763-862
name=unknown_E
#
# <colnr> <probs for GDERKNQSTAVLIFYWHMCP>
#	G	D	E	R	K	N	Q	S	T	A	V	L	I	F	Y	W	H	M	C	P
0	0.03726	0.01326	0.01664	0.01361	0.06477	0.01079	0.02991	0.01841	0.01474	0.02327	0.01259	0.01503	0.01049	0.00561	0.00597	0.00126	0.02624	0.00454	0.00413	0.67148
1	0.01422	0.01208	0.01418	0.01049	0.01629	0.00916	0.00827	0.01721	0.01466	0.02275	0.01504	0.08022	0.01382	0.00680	0.00562	0.00122	0.00517	0.00565	0.00443	0.72271
2	0.10146	0.01763	0.01833	0.04494	0.04224	0.07069	0.01204	0.31213	0.02307	0.03293	0.01450	0.01604	0.01106	0.00748	0.00684	0.00189	0.03254	0.00549	0.03361	0.19509
3	0.04741	0.00735	0.00822	0.00834	0.01025	0.00665	0.00612	0.01158	0.01661	0.02224	0.23820	0.19553	0.36160	0.01736	0.00835	0.00245	0.00373	0.01492	0.00685	0.00625
4	0.01653	0.01267	0.01616	0.01369	0.01686	0.01385	0.04392	0.23620	0.01961	0.02717	0.02120	0.06005	0.04739	0.04732	0.27153	0.00574	0.04108	0.00805	0.04251	0.03848
5	0.00899	0.00640	0.00820	0.00943	0.00992	0.00601	0.00621	0.01017	0.01355	0.01805	0.07021	0.57572	0.07203	0.13386	0.01321	0.00346	0.00450	0.01814	0.00632	0.00561
6	0.01017	0.00763	0.01144	0.01144	0.01272	0.00890	0.00890	0.01272	0.01144	0.01653	0.01907	0.02797	0.01780	0.05340	0.72153	0.01144	0.01907	0.00763	0.00381	0.00636
7	0.02604	0.03301	0.02026	0.01836	0.02185	0.68590	0.01385	0.02786	0.01971	0.01741	0.01092	0.01298	0.00918	0.00760	0.00728	0.00190	0.04934	0.00467	0.00364	0.00823
8	0.00983	0.00711	0.00920	0.00990	0.01093	0.00683	0.00707	0.01256	0.04229	0.02184	0.24620	0.39183	0.05036	0.07265	0.01086	0.00300	0.00435	0.07010	0.00685	0.00625
9	0.00873	0.00624	0.00831	0.00988	0.01034	0.00582	0.00661	0.01005	0.01389	0.01858	0.06504	0.71816	0.04788	0.02201	0.00906	0.00287	0.00410	0.01996	0.00666	0.00582
10	0.00900	0.00672	0.00811	0.00894	0.01000	0.00613	0.00618	0.01048	0.01456	0.01884	0.09608	0.39642	0.23086	0.10673	0.01209	0.00319	0.00434	0.03911	0.00643	0.00577
11	0.03270	0.02243	0.25379	0.24993	0.05500	0.04172	0.08891	0.02032	0.01450	0.02038	0.01268	0.01726	0.00980	0.00938	0.03868	0.00277	0.09141	0.00611	0.00324	0.00899
12	0.06767	0.01664	0.01940	0.01832	0.11761	0.01788	0.01300	0.38131	0.05600	0.10036	0.01845	0.01907	0.01342	0.00817	0.00671	0.00210	0.00699	0.00643	0.09941	0.01106
13	0.02090	0.01441	0.01526	0.01247	0.01642	0.01574	0.01001	0.37342	0.07597	0.03622	0.02036	0.02207	0.01545	0.02980	0.00719	0.00212	0.00601	0.00673	0.28959	0.00985
14	0.00888	0.00670	0.00795	0.00870	0.00984	0.00605	0.00597	0.01034	0.01465	0.01886	0.09975	0.38898	0.26558	0.09959	0.01177	0.00312	0.00420	0.01685	0.00646	0.00577
15	0.01600	0.04886	0.02913	0.29181	0.30111	0.01724	0.15169	0.02068	0.01553	0.02102	0.01317	0.01816	0.01043	0.00655	0.00723	0.00224	0.00951	0.00664	0.00339	0.00962
16	0.06369	0.02340	0.28814	0.01953	0.04902	0.04203	0.13051	0.01977	0.01401	0.02073	0.01419	0.02143	0.01248	0.14426	0.01440	0.00322	0.10028	0.00678	0.00349	0.00865
17	0.04930	0.13141	0.05171	0.14166	0.04721	0.38030	0.03905	0.04348	0.01798	0.01934	0.01153	0.01424	0.00937	0.00703	0.00633	0.00195	0.01086	0.00502	0.00358	0.00864
18	0.01423	0.04044	0.01865	0.29839	0.08320	0.04629	0.01458	0.01734	0.01368	0.01868	0.01551	0.05041	0.01409	0.09061	0.04225	0.00322	0.11816	0.00721	0.08551	0.00756
19	0.01419	0.01069	0.01291	0.01057	0.01452	0.00933	0.00830	0.07550	0.01881	0.05054	0.29313	0.06347	0.03636	0.01065	0.00708	0.00182	0.00476	0.03217	0.00628	0.31890
20	0.02056	0.40760	0.11730	0.01533	0.02102	0.20824	0.01462	0.04902	0.01661	0.01879	0.01081	0.01269	0.00926	0.00692	0.00638	0.00180	0.04613	0.00442	0.00337	0.00913
21	0.01144	0.04369	0.01016	0.00899	0.00989	0.00859	0.00604	0.03787	0.01252	0.01738	0.02372	0.14145	0.02587	0.41816	0.11349	0.00594	0.00776	0.01062	0.08087	0.00555
22	0.00986	0.00717	0.00921	0.00904	0.01056	0.00662	0.00669	0.01274	0.01863	0.02588	0.53161	0.13198	0.10914	0.04449	0.00961	0.00254	0.00371	0.03662	0.00743	0.00646
23	0.01971	0.01511	0.01744	0.01448	0.01860	0.01618	0.03716	0.34999	0.10838	0.03336	0.02539	0.16320	0.04564	0.03541	0.00856	0.00248	0.00668	0.03311	0.00665	0.04248
24	0.01281	0.00688	0.00980	0.00969	0.01001	0.00695	0.00659	0.04323	0.01085	0.01448	0.01478	0.07982	0.01516	0.02372	0.02527	0.68918	0.00610	0.00733	0.00358	0.00376
25	0.00868	0.00620	0.00826	0.00991	0.01033	0.00578	0.00661	0.00991	0.01363	0.01818	0.03925	0.74510	0.04710	0.02231	0.00909	0.00289	0.00413	0.02024	0.00661	0.00578
26	0.01017	0.00763	0.01144	0.01144	0.01272	0.00890	0.00890	0.01272	0.01144	0.01653	0.01907	0.02797	0.01780	0.05340	0.72153	0.01144	0.01907	0.00763	0.00381	0.00636
27	0.01743	0.01811	0.05469	0.09357	0.43211	0.04565	0.09806	0.02395	0.10048	0.02334	0.01527	0.01874	0.01220	0.00684	0.00720	0.00220	0.00887	0.00669	0.00395	0.01065
28	0.01904	0.75404	0.03731	0.01218	0.01828	0.02818	0.01218	0.02132	0.01447	0.01675	0.00990	0.01142	0.00914	0.00609	0.00457	0.00152	0.00761	0.00381	0.00305	0.00914
29	0.01121	0.00806	0.01114	0.01271	0.01432	0.00799	0.01098	0.01433	0.01626	0.02108	0.03932	0.10959	0.07099	0.01972	0.00974	0.00322	0.00632	0.59996	0.00656	0.00650
30	0.00990	0.00736	0.00845	0.00811	0.01015	0.00649	0.00601	0.01223	0.01752	0.04245	0.32099	0.05955	0.37977	0.06730	0.01031	0.00265	0.00381	0.01361	0.00701	0.00635
31	0.03452	0.01018	0.01315	0.01158	0.01425	0.00998	0.04180	0.11516	0.01923	0.10263	0.21923	0.20823	0.08400	0.07048	0.01026	0.00275	0.00529	0.01254	0.00690	0.00784
32	0.02906	0.01332	0.01664	0.01291	0.01809	0.01267	0.01061	0.17613	0.02275	0.49680	0.02519	0.02288	0.01647	0.00870	0.00694	0.00214	0.00619	0.00694	0.08399	0.01159
33	0.44778	0.01413	0.01507	0.12954	0.07615	0.01631	0.01154	0.09218	0.01525	0.02957	0.01224	0.01495	0.00949	0.00720	0.00607	0.00221	0.03279	0.00500	0.05408	0.00845
34	0.00980	0.00723	0.00908	0.00881	0.01047	0.00661	0.00656	0.01268	0.01873	0.02579	0.52328	0.08982	0.16506	0.04374	0.00954	0.00251	0.00367	0.03277	0.00741	0.00646
35	0.02449	0.01928	0.02013	0.04452	0.07294	0.10286	0.01352	0.36221	0.10349	0.10485	0.02058	0.02054	0.04033	0.00871	0.00710	0.00216	0.00794	0.00679	0.00646	0.01109
36	0.01457	0.01240	0.01445	0.01042	0.01647	0.00938	0.00825	0.01759	0.01457	0.02278	0.01310	0.01620	0.01124	0.03874	0.00667	0.00132	0.00535	0.00449	0.00422	0.75781
37	0.01456	0.05274	0.38879	0.02115	0.02923	0.01592	0.21319	0.02123	0.01629	0.02331	0.11565	0.02180	0.01820	0.00768	0.00741	0.00227	0.00979	0.00726	0.00390	0.00964
38	0.01802	0.01500	0.01589	0.01419	0.01824	0.01713	0.01107	0.05480	0.62534	0.05043	0.03041	0.02797	0.04962	0.00995	0.00729	0.00240	0.00563	0.00827	0.00726	0.01110
39	0.01018	0.00760	0.01129	0.01129	0.01251	0.00882	0.00871	0.01262	0.01140	0.01642	0.01921	0.02873	0.01813	0.08169	0.69370	0.01126	0.01858	0.00774	0.00383	0.00627
40	0.01771	0.01530	0.01610	0.01449	0.01852	0.01771	0.01127	0.03784	0.69247	0.02979	0.02898	0.02657	0.02174	0.00966	0.00725	0.00242	0.00564	0.00805	0.00725	0.01127
41	0.01021	0.00684	0.00781	0.00795	0.00798	0.00681	0.00451	0.01032	0.01063	0.01417	0.02385	0.10521	0.02767	0.68872	0.03396	0.00657	0.00667	0.01118	0.00451	0.00444
42	0.02660	0.03394	0.02018	0.01834	0.02201	0.72116	0.01376	0.02843	0.02018	0.01743	0.01101	0.01284	0.00917	0.00734	0.00642	0.00183	0.01284	0.00459	0.00367	0.00825
43	0.00867	0.00623	0.00823	0.00984	0.01031	0.00579	0.00658	0.00992	0.01371	0.01821	0.04019	0.72568	0.06591	0.02219	0.00907	0.00288	0.00412	0.02009	0.00661	0.00579
44	0.00875	0.00623	0.00824	0.00982	0.01021	0.00583	0.00651	0.00993	0.01349	0.01798	0.03849	0.71379	0.04615	0.05492	0.01031	0.00307	0.00426	0.01980	0.00651	0.00572
45	0.00842	0.00721	0.00721	0.00721	0.00962	0.00601	0.00541	0.01022	0.01623	0.01924	0.07213	0.06853	0.70244	0.01803	0.00842	0.00240	0.00361	0.01503	0.00661	0.00601
46	0.13253	0.10391	0.04536	0.21190	0.02727	0.01689	0.07110	0.06297	0.01578	0.08115	0.01462	0.01780	0.01113	0.00757	0.00746	0.00219	0.06132	0.00591	0.09442	0.00873
47	0.36878	0.01371	0.01411	0.01162	0.01637	0.01441	0.00950	0.12711	0.01836	0.26725	0.01903	0.06012	0.01414	0.00860	0.00605	0.00223	0.00598	0.00636	0.00648	0.00980
48	0.00868	0.00620	0.00826	0.00991	0.01033	0.00578	0.00661	0.00991	0.01363	0.01818	0.03925	0.74510	0.04710	0.02231	0.00909	0.00289	0.00413	0.02024	0.00661	0.00578
49	0.01327	0.00664	0.00664	0.00664	0.00830	0.00664	0.00498	0.01659	0.01493	0.02655	0.02323	0.02655	0.01825	0.00830	0.00498	0.00166	0.00332	0.00664	0.78928	0.00664
50	0.01885	0.50176	0.14513	0.03992	0.02188	0.07831	0.01505	0.04864	0.01565	0.01896	0.01083	0.01275	0.00926	0.00664	0.00586	0.00177	0.03176	0.00438	0.00326	0.00933
51	0.02346	0.01658	0.01825	0.01475	0.01934	0.01799	0.01195	0.50036	0.02855	0.07167	0.02193	0.13000	0.01891	0.01102	0.00744	0.00228	0.00698	0.03141	0.03639	0.01075
52	0.44178	0.11926	0.01760	0.06530	0.01906	0.07863	0.01069	0.12880	0.01676	0.02968	0.01138	0.01310	0.00888	0.00695	0.00524	0.00208	0.00710	0.00451	0.00450	0.00869
53	0.01610	0.01170	0.01744	0.33868	0.03022	0.01384	0.01436	0.04592	0.01510	0.10612	0.01707	0.04570	0.01368	0.01264	0.06255	0.02571	0.09552	0.00703	0.10252	0.00810
54	0.00914	0.00648	0.00847	0.00966	0.01023	0.00611	0.00653	0.01057	0.01417	0.01909	0.12014	0.55679	0.04700	0.10353	0.01210	0.00328	0.00443	0.04002	0.00650	0.00576
55	0.09700	0.26278	0.33330	0.04596	0.02503	0.02069	0.01846	0.08061	0.01617	0.02345	0.01194	0.01387	0.00922	0.00671	0.00586	0.00201	0.00879	0.00480	0.00354	0.00982
56	0.02018	0.51838	0.03123	0.01316	0.01819	0.04877	0.01226	0.02245	0.01516	0.10398	0.03582	0.01502	0.01221	0.00756	0.00743	0.00184	0.09829	0.00487	0.00396	0.00923
57	0.03195	0.01212	0.01652	0.01267	0.01818	0.01047	0.01047	0.03470	0.02038	0.71026	0.02809	0.02424	0.01763	0.00881	0.00716	0.00220	0.00606	0.00716	0.00881	0.01212
58	0.01285	0.01185	0.01973	0.64260	0.04422	0.01457	0.01814	0.01716	0.01416	0.01819	0.01597	0.10945	0.01418	0.00901	0.00736	0.00244	0.00882	0.00806	0.00359	0.00765
59	0.03910	0.02707	0.31360	0.02463	0.10837	0.08334	0.17602	0.02243	0.01552	0.02188	0.01260	0.01607	0.00972	0.00722	0.00894	0.00233	0.09193	0.00613	0.00332	0.00980
60	0.00909	0.00652	0.00864	0.00963	0.01042	0.00606	0.00664	0.01096	0.01557	0.02126	0.23597	0.53959	0.05306	0.02001	0.00888	0.00270	0.00390	0.01806	0.00697	0.00606
61	0.01022	0.00685	0.00781	0.00794	0.00798	0.00681	0.00450	0.01032	0.01062	0.01417	0.02382	0.10398	0.02763	0.68999	0.03401	0.00657	0.00668	0.01117	0.00450	0.00444
62	0.01881	0.71918	0.07015	0.01258	0.01889	0.02761	0.01287	0.02138	0.01450	0.01703	0.01004	0.01160	0.00913	0.00612	0.00468	0.00156	0.00776	0.00388	0.00304	0.00921
63	0.01533	0.01716	0.11009	0.08878	0.43802	0.01478	0.01938	0.01976	0.01609	0.02287	0.08564	0.08411	0.01966	0.00868	0.00733	0.00223	0.00790	0.00808	0.00414	0.00998
64	0.01147	0.00820	0.01147	0.01311	0.01475	0.00820	0.01147	0.01475	0.01639	0.02131	0.03770	0.08032	0.04098	0.01967	0.00984	0.00328	0.00656	0.65741	0.00656	0.00656
65	0.04854	0.01476	0.01793	0.17219	0.02536	0.01471	0.01237	0.20615	0.01985	0.02857	0.01381	0.01624	0.01065	0.00666	0.00617	0.00170	0.00694	0.00529	0.00482	0.36729
66	0.01671	0.15349	0.38287	0.01962	0.05929	0.01822	0.06935	0.02249	0.01542	0.07323	0.04016	0.01707	0.01222	0.00745	0.00784	0.00219	0.06283	0.00581	0.00372	0.01002
67	0.01696	0.01624	0.02770	0.15373	0.60053	0.01674	0.02152	0.02127	0.01590	0.02245	0.01328	0.01784	0.01099	0.00647	0.00706	0.00216	0.00862	0.00634	0.00347	0.01074
68	0.80005	0.01377	0.01047	0.00936	0.01377	0.01597	0.00771	0.02093	0.01212	0.03195	0.00991	0.01157	0.00771	0.00661	0.00441	0.00220	0.00551	0.00386	0.00441	0.00771
69	0.01327	0.00664	0.00664	0.00664	0.00830	0.00664	0.00498	0.01659	0.01493	0.02655	0.02323	0.02655	0.01825	0.00830	0.00498	0.00166	0.00332	0.00664	0.78928	0.00664
70	0.01495	0.01612	0.07456	0.11185	0.18198	0.03568	0.08195	0.01862	0.01473	0.02086	0.05830	0.09743	0.01792	0.01019	0.01118	0.00248	0.17836	0.00829	0.03587	0.00868
71	0.01477	0.01266	0.01477	0.01055	0.01687	0.00949	0.00844	0.01793	0.01477	0.02320	0.01266	0.01477	0.01055	0.00527	0.00527	0.00105	0.00527	0.00422	0.00422	0.79328
72	0.02660	0.03394	0.02018	0.01834	0.02201	0.72116	0.01376	0.02843	0.02018	0.01743	0.01101	0.01284	0.00917	0.00734	0.00642	0.00183	0.01284	0.00459	0.00367	0.00825
73	0.01468	0.08832	0.63468	0.01964	0.02940	0.01761	0.02483	0.02223	0.01482	0.02190	0.01243	0.01479	0.00904	0.00695	0.00730	0.00224	0.04063	0.00520	0.00301	0.01031
74	0.01032	0.00704	0.00846	0.00846	0.00870	0.00728	0.00518	0.01080	0.01056	0.01432	0.02180	0.04307	0.02435	0.61772	0.16618	0.00776	0.00921	0.00984	0.00422	0.00470
75	0.02194	0.01740	0.01848	0.01535	0.02013	0.01969	0.01229	0.32886	0.39456	0.03661	0.02361	0.02229	0.01738	0.00916	0.00719	0.00229	0.00663	0.00731	0.00719	0.01165
76	0.01008	0.00686	0.00810	0.00824	0.00856	0.00672	0.00500	0.01076	0.01230	0.01665	0.12799	0.14397	0.03509	0.53763	0.02826	0.00564	0.00598	0.01210	0.00517	0.00488
77	0.74366	0.01365	0.01091	0.00961	0.01409	0.01557	0.00791	0.02194	0.01272	0.08174	0.01125	0.01250	0.00844	0.00677	0.00461	0.00220	0.00555	0.00410	0.00473	0.00804
78	0.00842	0.00721	0.00721	0.00721	0.00962	0.00601	0.00541	0.01022	0.01623	0.01924	0.07213	0.06853	0.70244	0.01803	0.00842	0.00240	0.00361	0.01503	0.00661	0.00601
79	0.00868	0.00620	0.00826	0.00991	0.01033	0.00578	0.00661	0.00991	0.01363	0.01818	0.03925	0.74510	0.04710	0.02231	0.00909	0.00289	0.00413	0.02024	0.00661	0.00578
80	0.01057	0.00748	0.00915	0.00861	0.01068	0.00668	0.00650	0.01345	0.01901	0.05646	0.48583	0.05641	0.25214	0.01532	0.00835	0.00229	0.00355	0.01325	0.00752	0.00675
81	0.04871	0.01271	0.02087	0.70021	0.04746	0.01583	0.01923	0.01832	0.01414	0.01881	0.01253	0.01865	0.00941	0.00710	0.00700	0.00237	0.00931	0.00622	0.00322	0.00790
82	0.76799	0.01370	0.01072	0.00950	0.01395	0.01574	0.00783	0.02151	0.01246	0.06026	0.01067	0.01210	0.00813	0.00670	0.00452	0.00220	0.00553	0.00399	0.00459	0.00790
83	0.01007	0.00749	0.01102	0.01115	0.01229	0.00857	0.00850	0.01239	0.01155	0.01651	0.02074	0.08210	0.02038	0.08621	0.63414	0.01058	0.01735	0.00870	0.00405	0.00621
84	0.01327	0.00664	0.00664	0.00664	0.00830	0.00664	0.00498	0.01659	0.01493	0.02655	0.02323	0.02655	0.01825	0.00830	0.00498	0.00166	0.00332	0.00664	0.78928	0.00664
85	0.01439	0.01442	0.04695	0.55752	0.19173	0.01608	0.02046	0.01914	0.01470	0.01945	0.01282	0.01855	0.00987	0.00694	0.00709	0.00231	0.00930	0.00629	0.00324	0.00874
86	0.02334	0.01166	0.01398	0.01164	0.01536	0.04174	0.00901	0.02682	0.06877	0.39678	0.06539	0.03166	0.04627	0.15695	0.04507	0.00355	0.00684	0.00836	0.00722	0.00957
87	0.76182	0.01372	0.01100	0.04452	0.01549	0.01597	0.00830	0.02080	0.01222	0.03128	0.01005	0.01193	0.00780	0.00663	0.00454	0.00221	0.00570	0.00398	0.00435	0.00772
88	0.01016	0.00785	0.01101	0.06543	0.04844	0.00815	0.00862	0.01175	0.01318	0.01775	0.03131	0.47423	0.03637	0.12896	0.04145	0.00376	0.03864	0.03122	0.00559	0.00613
89	0.05234	0.01342	0.01597	0.01284	0.01748	0.01336	0.01032	0.11773	0.13628	0.28662	0.07317	0.02474	0.02004	0.03904	0.00867	0.00231	0.03160	0.00724	0.00711	0.10972
90	0.05574	0.15211	0.02023	0.04315	0.07741	0.06444	0.01193	0.15158	0.07010	0.02561	0.04177	0.18675	0.02250	0.01152	0.00707	0.00225	0.00694	0.03451	0.00543	0.00896
91	0.01679	0.04937	0.16171	0.07990	0.25037	0.04231	0.25132	0.02228	0.01614	0.02217	0.01337	0.01738	0.01041	0.00638	0.00736	0.00223	0.01028	0.00670	0.00342	0.01013
92	0.64568	0.01344	0.01168	0.01003	0.01466	0.01487	0.00827	0.02370	0.01378	0.16827	0.01357	0.01411	0.00970	0.00705	0.00496	0.00220	0.00562	0.00452	0.00529	0.00860
93	0.00903	0.00649	0.00861	0.01005	0.01074	0.00608	0.00703	0.01062	0.01444	0.01923	0.08634	0.61100	0.07094	0.02137	0.00909	0.00287	0.00429	0.07916	0.00669	0.00593
94	0.01485	0.08367	0.50797	0.02246	0.12887	0.01673	0.02328	0.02170	0.01543	0.02244	0.04216	0.01906	0.01291	0.00744	0.00682	0.00222	0.00957	0.02877	0.00341	0.01024
95	0.00889	0.00637	0.00826	0.00957	0.01012	0.00594	0.00639	0.01020	0.01392	0.01857	0.08390	0.61512	0.07399	0.07917	0.01116	0.00315	0.00428	0.01875	0.00651	0.00574
96	0.00895	0.00640	0.00853	0.00991	0.01053	0.00599	0.00680	0.01053	0.01454	0.01958	0.12171	0.63499	0.04938	0.02125	0.00903	0.00282	0.00412	0.04224	0.00676	0.00593
97	0.04474	0.45385	0.08195	0.01462	0.02024	0.24231	0.01360	0.02361	0.01621	0.01786	0.01046	0.01214	0.00910	0.00655	0.00530	0.00170	0.00939	0.00416	0.00328	0.00892
98	0.04780	0.03993	0.18784	0.07209	0.04771	0.10326	0.05596	0.08960	0.06744	0.03988	0.04475	0.07987	0.01752	0.01132	0.03919	0.00269	0.00920	0.02996	0.00472	0.00927
99	0.01285	0.00944	0.01298	0.01479	0.04996	0.00958	0.01198	0.06440	0.01756	0.02305	0.03500	0.09523	0.03755	0.01826	0.00947	0.00312	0.00666	0.55449	0.00645	0.00718

[dist]
# distance from previous block
# <min> <max>
0	11

[block]
# block no. 5 follows, 29 sequences, length 109
# corresponding to MSA columns:
# 874-982
name=unknown_F
#
# <colnr> <probs for GDERKNQSTAVLIFYWHMCP>
#	G	D	E	R	K	N	Q	S	T	A	V	L	I	F	Y	W	H	M	C	P
0	0.01588	0.01143	0.01321	0.01227	0.01487	0.01211	0.00976	0.20978	0.05001	0.02726	0.02898	0.09603	0.05755	0.13683	0.03121	0.00354	0.00674	0.19545	0.05915	0.00794
1	0.53522	0.04435	0.02936	0.01210	0.04686	0.10011	0.00939	0.02144	0.01375	0.02840	0.01176	0.01374	0.00931	0.00686	0.00490	0.00207	0.00648	0.00440	0.09157	0.00794
2	0.01179	0.00838	0.01040	0.03583	0.01265	0.00818	0.00744	0.04141	0.01746	0.06139	0.28823	0.13462	0.19938	0.09132	0.01172	0.00287	0.03044	0.01295	0.00673	0.00680
3	0.03861	0.01014	0.01219	0.04822	0.01501	0.03710	0.02534	0.05894	0.01661	0.11047	0.08831	0.23930	0.07889	0.07554	0.03728	0.00310	0.00609	0.01198	0.07942	0.00744
4	0.01646	0.01222	0.01461	0.01069	0.01659	0.00941	0.00856	0.01959	0.01580	0.10425	0.06238	0.01855	0.01532	0.00633	0.00571	0.00127	0.00523	0.00517	0.00501	0.64686
5	0.02660	0.03394	0.02018	0.01834	0.02201	0.72116	0.01376	0.02843	0.02018	0.01743	0.01101	0.01284	0.00917	0.00734	0.00642	0.00183	0.01284	0.00459	0.00367	0.00825
6	0.01430	0.01368	0.01945	0.29407	0.19976	0.06608	0.01591	0.01809	0.01634	0.02131	0.14030	0.06148	0.07055	0.00973	0.00746	0.00227	0.00773	0.00862	0.00452	0.00833
7	0.00975	0.00727	0.00906	0.00861	0.01043	0.00658	0.00646	0.01279	0.01937	0.02669	0.57555	0.05626	0.19437	0.01525	0.00840	0.00227	0.00341	0.01331	0.00759	0.00658
8	0.01066	0.00748	0.00905	0.00859	0.01069	0.00664	0.00646	0.01336	0.01854	0.06278	0.41803	0.08359	0.28631	0.01575	0.00836	0.00232	0.00363	0.01360	0.00742	0.00673
9	0.01019	0.00757	0.01113	0.01113	0.01230	0.00873	0.00851	0.01252	0.01135	0.01630	0.01936	0.02955	0.01849	0.11246	0.66342	0.01106	0.01804	0.00786	0.00386	0.00618
10	0.02660	0.03394	0.02018	0.01834	0.02201	0.72116	0.01376	0.02843	0.02018	0.01743	0.01101	0.01284	0.00917	0.00734	0.00642	0.00183	0.01284	0.00459	0.00367	0.00825
11	0.01771	0.01530	0.01610	0.01449	0.01852	0.01771	0.01127	0.03784	0.69247	0.02979	0.02898	0.02657	0.02174	0.00966	0.00725	0.00242	0.00564	0.00805	0.00725	0.01127
12	0.00879	0.00644	0.00816	0.00937	0.01013	0.00592	0.00634	0.01017	0.01424	0.01873	0.08024	0.57683	0.14473	0.05171	0.01009	0.00295	0.00413	0.01864	0.00658	0.00581
13	0.00911	0.00724	0.00817	0.00794	0.01004	0.00631	0.00596	0.01156	0.01787	0.02312	0.33434	0.06214	0.43781	0.01659	0.00841	0.00234	0.00350	0.01413	0.00712	0.00631
14	0.05739	0.01843	0.02016	0.01551	0.02112	0.01994	0.01281	0.55032	0.03052	0.15345	0.01862	0.01806	0.01285	0.00852	0.00703	0.00215	0.00746	0.00644	0.00730	0.01194
15	0.02637	0.01883	0.02078	0.04858	0.02286	0.02076	0.01349	0.57496	0.06229	0.09085	0.01824	0.01814	0.01284	0.00855	0.00713	0.00217	0.00768	0.00654	0.00707	0.01188
16	0.01020	0.00684	0.00781	0.00796	0.00800	0.00680	0.00453	0.01031	0.01066	0.01421	0.02398	0.11078	0.02784	0.68291	0.03375	0.00653	0.00665	0.01126	0.00453	0.00445
17	0.01327	0.00664	0.00664	0.00664	0.00830	0.00664	0.00498	0.01659	0.01493	0.02655	0.02323	0.02655	0.01825	0.00830	0.00498	0.00166	0.00332	0.00664	0.78928	0.00664
18	0.05955	0.01515	0.02506	0.29927	0.42162	0.01646	0.02029	0.02043	0.01525	0.02185	0.01292	0.01780	0.01041	0.00665	0.00693	0.00222	0.00868	0.00620	0.00344	0.00982
19	0.01610	0.13688	0.42922	0.02308	0.11428	0.04267	0.09648	0.02251	0.01548	0.02165	0.01256	0.01523	0.00953	0.00655	0.00665	0.00213	0.01009	0.00551	0.00317	0.01024
20	0.68393	0.04479	0.06248	0.01052	0.01549	0.01672	0.00944	0.04571	0.01322	0.03116	0.01039	0.01202	0.00803	0.00667	0.00468	0.00218	0.00604	0.00405	0.00435	0.00813
21	0.01638	0.13407	0.02545	0.21119	0.22516	0.07783	0.05373	0.02004	0.01562	0.01985	0.01619	0.07376	0.01509	0.00873	0.00705	0.00222	0.00871	0.05615	0.00382	0.00895
22	0.01976	0.04914	0.01727	0.01487	0.01849	0.27781	0.01144	0.02963	0.30757	0.02412	0.10537	0.02581	0.04936	0.00959	0.00702	0.00214	0.00803	0.00747	0.00580	0.00930
23	0.03824	0.58618	0.08891	0.01305	0.01901	0.02548	0.01316	0.04731	0.01533	0.01927	0.04114	0.01396	0.01180	0.00688	0.00574	0.00172	0.03568	0.00453	0.00346	0.00917
24	0.01645	0.25663	0.47704	0.01749	0.02645	0.01988	0.02133	0.02266	0.01507	0.04827	0.01250	0.01429	0.00940	0.00664	0.00610	0.00203	0.00945	0.00489	0.00325	0.01016
25	0.03122	0.01328	0.01724	0.01322	0.01876	0.01219	0.01092	0.13085	0.02233	0.61137	0.02646	0.02318	0.01681	0.00877	0.00716	0.00219	0.00632	0.00705	0.00856	0.01212
26	0.01428	0.03683	0.71286	0.02030	0.03082	0.01654	0.02631	0.02255	0.01503	0.02255	0.01278	0.01503	0.00902	0.00677	0.00677	0.00226	0.01052	0.00526	0.00301	0.01052
27	0.01654	0.01675	0.05454	0.19955	0.52901	0.01665	0.02156	0.02105	0.01572	0.02208	0.01320	0.01783	0.01078	0.00654	0.00705	0.00218	0.00878	0.00630	0.00342	0.01048
28	0.00885	0.00632	0.00847	0.01012	0.01061	0.00594	0.00692	0.01022	0.01381	0.01838	0.03915	0.70296	0.04671	0.02214	0.00914	0.00292	0.00428	0.06064	0.00661	0.00583
29	0.01008	0.00728	0.00952	0.00896	0.01064	0.00672	0.00672	0.01344	0.02016	0.02855	0.70158	0.05319	0.06719	0.01456	0.00840	0.00224	0.00336	0.01288	0.00784	0.00672
30	0.01504	0.12534	0.58565	0.01990	0.02966	0.01809	0.06620	0.02241	0.01508	0.02184	0.01252	0.01485	0.00915	0.00663	0.00660	0.00217	0.01025	0.00528	0.00305	0.01029
31	0.01444	0.01344	0.02257	0.47428	0.22972	0.01543	0.01960	0.01891	0.01499	0.01990	0.01514	0.02418	0.01286	0.00804	0.00735	0.00238	0.00894	0.06553	0.00357	0.00873
32	0.01133	0.00815	0.01128	0.01284	0.01451	0.00809	0.01119	0.01454	0.01638	0.02121	0.03930	0.07977	0.07173	0.01959	0.00977	0.00324	0.00642	0.62755	0.00656	0.00653
33	0.01460	0.01336	0.02167	0.65223	0.07459	0.01632	0.01941	0.06609	0.01571	0.02033	0.01301	0.01879	0.00976	0.00719	0.00712	0.00235	0.00933	0.00633	0.00346	0.00835
34	0.06500	0.08617	0.53371	0.01986	0.05804	0.01695	0.04356	0.02176	0.01485	0.02256	0.01366	0.04797	0.01083	0.00737	0.00662	0.00222	0.00965	0.00589	0.00330	0.01003
35	0.01752	0.46777	0.15325	0.01452	0.04657	0.02208	0.01431	0.02104	0.01539	0.05069	0.07542	0.04349	0.01626	0.00771	0.00569	0.00182	0.00758	0.00575	0.00389	0.00926
36	0.77568	0.01397	0.01081	0.00959	0.01403	0.01617	0.00790	0.04176	0.01279	0.03236	0.01014	0.01174	0.00785	0.00667	0.00449	0.00220	0.00558	0.00394	0.00449	0.00785
37	0.00899	0.00651	0.00855	0.01001	0.01073	0.00608	0.00701	0.01055	0.01433	0.01894	0.06562	0.60522	0.09392	0.02146	0.00909	0.00287	0.00431	0.08325	0.00665	0.00591
38	0.01383	0.01009	0.01124	0.01053	0.01232	0.04129	0.00762	0.10171	0.01806	0.05279	0.23084	0.17743	0.04003	0.20152	0.01534	0.00355	0.00564	0.03282	0.00642	0.00693
39	0.01477	0.01266	0.01477	0.01055	0.01687	0.00949	0.00844	0.01793	0.01477	0.02320	0.01266	0.01477	0.01055	0.00527	0.00527	0.00105	0.00527	0.00422	0.00422	0.79328
40	0.02021	0.60175	0.03377	0.01349	0.01893	0.14713	0.01259	0.02238	0.01531	0.01688	0.01007	0.01183	0.00915	0.00655	0.00561	0.00164	0.03658	0.00403	0.00316	0.00893
41	0.01101	0.00789	0.00972	0.00908	0.01117	0.00734	0.00687	0.01499	0.05681	0.05233	0.52266	0.05347	0.18030	0.01471	0.00829	0.00228	0.00363	0.01279	0.00762	0.00704
42	0.01087	0.00892	0.03700	0.00964	0.01184	0.00769	0.00771	0.04041	0.02037	0.02870	0.62868	0.05074	0.08192	0.01412	0.00829	0.00224	0.00382	0.01239	0.00759	0.00706
43	0.01771	0.01530	0.01610	0.01449	0.01852	0.01771	0.01127	0.03784	0.69247	0.02979	0.02898	0.02657	0.02174	0.00966	0.00725	0.00242	0.00564	0.00805	0.00725	0.01127
44	0.01036	0.00690	0.00777	0.00777	0.00777	0.00690	0.00431	0.01036	0.01036	0.01381	0.02244	0.04660	0.02589	0.74975	0.03624	0.00690	0.00690	0.01036	0.00431	0.00431
45	0.02660	0.03394	0.02018	0.01834	0.02201	0.72116	0.01376	0.02843	0.02018	0.01743	0.01101	0.01284	0.00917	0.00734	0.00642	0.00183	0.01284	0.00459	0.00367	0.00825
46	0.02636	0.01829	0.01988	0.01542	0.02081	0.01997	0.01268	0.55781	0.05884	0.10479	0.01895	0.01868	0.01336	0.00861	0.00701	0.00213	0.00733	0.00656	0.05076	0.01177
47	0.01345	0.01266	0.02136	0.73264	0.04904	0.01582	0.01978	0.01819	0.01424	0.01819	0.01266	0.01898	0.00949	0.00712	0.00712	0.00237	0.00949	0.00633	0.00316	0.00791
48	0.00842	0.00721	0.00721	0.00721	0.00962	0.00601	0.00541	0.01022	0.01623	0.01924	0.07213	0.06853	0.70244	0.01803	0.00842	0.00240	0.00361	0.01503	0.00661	0.00601
49	0.06169	0.01924	0.02062	0.01587	0.02150	0.02117	0.01310	0.61627	0.03180	0.08128	0.01739	0.01725	0.01222	0.00848	0.00700	0.00214	0.00763	0.00634	0.00710	0.01191
50	0.05835	0.01218	0.01632	0.01256	0.01803	0.01066	0.01037	0.03423	0.02010	0.68695	0.02747	0.02380	0.01729	0.00874	0.00707	0.00220	0.00604	0.00705	0.00866	0.01197
51	0.00868	0.00620	0.00826	0.00991	0.01033	0.00578	0.00661	0.00991	0.01363	0.01818	0.03925	0.74510	0.04710	0.02231	0.00909	0.00289	0.00413	0.02024	0.00661	0.00578
52	0.01327	0.00664	0.00664	0.00664	0.00830	0.00664	0.00498	0.01659	0.01493	0.02655	0.02323	0.02655	0.01825	0.00830	0.00498	0.00166	0.00332	0.00664	0.78928	0.00664
53	0.07155	0.01851	0.02367	0.09307	0.32184	0.07972	0.01726	0.21027	0.02118	0.05394	0.01448	0.01703	0.01117	0.00724	0.00686	0.00213	0.00848	0.00608	0.00478	0.01074
54	0.02509	0.01973	0.15048	0.01612	0.02255	0.01605	0.04551	0.25228	0.04544	0.27774	0.04207	0.02082	0.01550	0.00841	0.00717	0.00221	0.00769	0.00681	0.00682	0.01150
55	0.80005	0.01377	0.01047	0.00936	0.01377	0.01597	0.00771	0.02093	0.01212	0.03195	0.00991	0.01157	0.00771	0.00661	0.00441	0.00220	0.00551	0.00386	0.00441	0.00771
56	0.01758	0.01705	0.02963	0.04295	0.66820	0.01698	0.05840	0.02191	0.01625	0.02324	0.01345	0.01771	0.01125	0.00633	0.00712	0.00213	0.00866	0.00646	0.00353	0.01119
57	0.00916	0.00728	0.00825	0.00812	0.01022	0.00637	0.00616	0.01161	0.01768	0.02276	0.30229	0.06341	0.43922	0.01683	0.00847	0.00238	0.00365	0.04279	0.00706	0.00630
58	0.00915	0.00677	0.00916	0.03329	0.01177	0.00673	0.00727	0.01046	0.01342	0.01797	0.03664	0.66773	0.04368	0.05009	0.01062	0.00304	0.03116	0.01890	0.00628	0.00587
59	0.01499	0.14343	0.61245	0.01909	0.02895	0.01827	0.02421	0.02237	0.01495	0.02169	0.01235	0.01450	0.00904	0.00667	0.00644	0.00215	0.01009	0.00505	0.00301	0.01032
60	0.03195	0.01212	0.01652	0.01267	0.01818	0.01047	0.01047	0.03470	0.02038	0.71026	0.02809	0.02424	0.01763	0.00881	0.00716	0.00220	0.00606	0.00716	0.00881	0.01212
61	0.02707	0.01995	0.02137	0.01638	0.02208	0.02208	0.01353	0.68159	0.03348	0.04488	0.01710	0.01710	0.01211	0.00855	0.00712	0.00214	0.00784	0.00641	0.00712	0.01211
