[name]
unknown

[dist]
# distance from previous block
# <min> <max>
1	45

[block]
# block no. 0 follows, 26 sequences, length 7
# corresponding to MSA columns:
# 51-57
name=unknown_A
#
# <colnr> <probs for GDERKNQSTAVLIFYWHMCP>
#	G	D	E	R	K	N	Q	S	T	A	V	L	I	F	Y	W	H	M	C	P
0	0.06855	0.01408	0.01576	0.19883	0.02485	0.08711	0.01243	0.07611	0.04651	0.02362	0.02102	0.14083	0.01987	0.04294	0.05956	0.04269	0.00872	0.00923	0.07934	0.00798
1	0.01790	0.01764	0.02759	0.26387	0.43815	0.05938	0.02203	0.02243	0.01684	0.02263	0.01386	0.01894	0.01125	0.00709	0.00749	0.00232	0.00966	0.00664	0.00364	0.01064
2	0.01255	0.00853	0.00980	0.00964	0.01052	0.00863	0.00624	0.07428	0.01498	0.02052	0.05915	0.19184	0.03264	0.43011	0.02584	0.00535	0.00639	0.01277	0.05421	0.00602
3	0.01179	0.00942	0.01024	0.00995	0.01234	0.00915	0.00733	0.05389	0.10358	0.02371	0.10241	0.16998	0.35566	0.07240	0.01110	0.00298	0.00474	0.01486	0.00707	0.00740
4	0.02656	0.02017	0.02255	0.01914	0.07346	0.02194	0.01459	0.52950	0.07629	0.04350	0.01847	0.01878	0.01342	0.00879	0.00747	0.00222	0.00807	0.00679	0.00711	0.06119
5	0.02503	0.01869	0.02033	0.01622	0.02131	0.02079	0.01314	0.49386	0.10452	0.04132	0.02016	0.02219	0.01545	0.05423	0.07385	0.00351	0.00913	0.00738	0.00711	0.01176
6	0.01177	0.00762	0.00966	0.01008	0.01169	0.00686	0.00720	0.01379	0.01706	0.08401	0.17043	0.40698	0.17435	0.01996	0.00921	0.00278	0.00432	0.01769	0.00751	0.00702

[dist]
# distance from previous block
# <min> <max>
0	1

[block]
# block no. 1 follows, 26 sequences, length 7
# corresponding to MSA columns:
# 59-65
name=unknown_B
#
# <colnr> <probs for GDERKNQSTAVLIFYWHMCP>
#	G	D	E	R	K	N	Q	S	T	A	V	L	I	F	Y	W	H	M	C	P
0	0.02797	0.01409	0.01745	0.01383	0.01918	0.01353	0.01123	0.11460	0.12394	0.41161	0.08369	0.02730	0.02281	0.00980	0.00763	0.00231	0.00633	0.00802	0.00853	0.05615
1	0.01715	0.01387	0.01311	0.01228	0.01474	0.13382	0.00907	0.02023	0.05349	0.11106	0.10747	0.13070	0.10597	0.11934	0.09927	0.00434	0.00868	0.01127	0.00627	0.00787
2	0.01332	0.00863	0.01051	0.01017	0.01200	0.00826	0.00724	0.01685	0.07046	0.09146	0.21265	0.19930	0.11775	0.16898	0.01517	0.00362	0.00508	0.01409	0.00717	0.00730
3	0.07109	0.11443	0.22639	0.18594	0.03388	0.04276	0.11266	0.02246	0.01596	0.02275	0.01315	0.01681	0.01007	0.00696	0.00693	0.00223	0.01001	0.00594	0.00358	0.07599
4	0.05494	0.02719	0.01975	0.01815	0.04390	0.41164	0.01349	0.11134	0.06053	0.04808	0.04697	0.02053	0.03984	0.01104	0.03766	0.00256	0.01128	0.00644	0.00516	0.00950
5	0.01757	0.01481	0.01883	0.01461	0.02013	0.01380	0.07124	0.12302	0.11221	0.02914	0.05648	0.08682	0.02016	0.00914	0.00710	0.00190	0.00655	0.00796	0.00583	0.36270
6	0.02298	0.01872	0.05164	0.01594	0.02080	0.01947	0.01337	0.42599	0.02780	0.03756	0.02288	0.06101	0.06295	0.06004	0.01130	0.00274	0.06892	0.00837	0.00662	0.04090

[dist]
# distance from previous block
# <min> <max>
3	14

[block]
# block no. 2 follows, 26 sequences, length 9
# corresponding to MSA columns:
# 80-83,85-89
name=unknown_C
#
# <colnr> <probs for GDERKNQSTAVLIFYWHMCP>
#	G	D	E	R	K	N	Q	S	T	A	V	L	I	F	Y	W	H	M	C	P
0	0.01394	0.09920	0.07449	0.01177	0.01505	0.01292	0.00980	0.01717	0.05013	0.01945	0.04204	0.03256	0.02096	0.30950	0.07782	0.00498	0.04015	0.00816	0.00450	0.13539
1	0.01543	0.01227	0.01718	0.01412	0.01683	0.01237	0.11496	0.14254	0.01781	0.02366	0.02686	0.08397	0.07749	0.36464	0.02323	0.00488	0.00797	0.01094	0.00542	0.00743
2	0.05474	0.28832	0.02779	0.04665	0.02251	0.25415	0.01384	0.10450	0.01975	0.02289	0.01214	0.01413	0.01017	0.00756	0.00681	0.00193	0.03784	0.00492	0.00414	0.04522
3	0.01824	0.01361	0.01606	0.01181	0.01827	0.01086	0.00947	0.02282	0.06265	0.10851	0.01676	0.01787	0.01302	0.00642	0.00602	0.00138	0.00575	0.00517	0.00533	0.62999
4	0.01381	0.01011	0.01171	0.01096	0.01291	0.01043	0.00791	0.13829	0.01807	0.02398	0.06102	0.16351	0.13766	0.22711	0.11326	0.00529	0.00809	0.01258	0.00609	0.00719
5	0.04794	0.02124	0.03040	0.08148	0.07742	0.15216	0.26647	0.04700	0.01809	0.02341	0.04034	0.03993	0.01428	0.00861	0.01007	0.00250	0.09717	0.00783	0.00418	0.00948
6	0.01056	0.00737	0.00855	0.00872	0.00922	0.00722	0.00538	0.01123	0.01264	0.01668	0.05699	0.12676	0.11075	0.50341	0.06775	0.00638	0.00718	0.01274	0.00528	0.00521
7	0.01004	0.00700	0.00879	0.00965	0.01011	0.00669	0.00622	0.01119	0.01419	0.01915	0.11567	0.41167	0.04509	0.26617	0.01951	0.00446	0.00531	0.01697	0.00637	0.00575
8	0.02196	0.02116	0.01830	0.11457	0.02418	0.24315	0.01319	0.10765	0.09991	0.07987	0.02932	0.02953	0.14404	0.01060	0.00763	0.00230	0.00905	0.00824	0.00583	0.00953

[dist]
# distance from previous block
# <min> <max>
4	8

[block]
# block no. 3 follows, 26 sequences, length 17
# corresponding to MSA columns:
# 98-114
name=unknown_D
#
# <colnr> <probs for GDERKNQSTAVLIFYWHMCP>
#	G	D	E	R	K	N	Q	S	T	A	V	L	I	F	Y	W	H	M	C	P
0	0.01364	0.01004	0.01297	0.01221	0.03257	0.01066	0.04057	0.04932	0.01595	0.02354	0.03242	0.06091	0.15051	0.09954	0.07805	0.00383	0.08206	0.00991	0.25396	0.00733
1	0.08012	0.01765	0.01674	0.01447	0.01894	0.09829	0.01140	0.12661	0.28003	0.10602	0.03169	0.03001	0.11395	0.01076	0.00753	0.00241	0.00700	0.00850	0.00711	0.01076
2	0.01182	0.00905	0.01144	0.01125	0.01253	0.00954	0.00829	0.01429	0.03705	0.04400	0.15322	0.27859	0.16264	0.08214	0.01406	0.00324	0.10811	0.01516	0.00661	0.00697
3	0.01853	0.01828	0.07470	0.32695	0.16452	0.01867	0.05152	0.14846	0.05482	0.02727	0.01559	0.01968	0.01175	0.00778	0.00762	0.00242	0.00955	0.00688	0.00452	0.01048
4	0.02179	0.08948	0.10813	0.02151	0.11875	0.22558	0.01643	0.09353	0.12423	0.02611	0.06685	0.02063	0.01721	0.00858	0.00718	0.00219	0.00966	0.00663	0.00506	0.01046
5	0.01913	0.01518	0.01661	0.01437	0.01900	0.01639	0.01125	0.03561	0.49356	0.08074	0.06262	0.02779	0.02365	0.00982	0.00747	0.00234	0.00585	0.00818	0.00741	0.12302
6	0.01730	0.02165	0.16802	0.14895	0.41223	0.01779	0.02335	0.02365	0.04937	0.02409	0.01483	0.01891	0.01176	0.00716	0.00747	0.00234	0.00950	0.00660	0.00377	0.01126
7	0.01016	0.00800	0.00859	0.00857	0.01072	0.00724	0.00626	0.01322	0.05159	0.02222	0.14104	0.11754	0.43479	0.07233	0.01101	0.00290	0.00422	0.01492	0.04799	0.00667
8	0.01375	0.00878	0.01056	0.01051	0.01263	0.00814	0.00763	0.06028	0.01760	0.10639	0.04807	0.37573	0.22512	0.04530	0.01011	0.00294	0.00489	0.01677	0.00729	0.00751
9	0.01680	0.01721	0.02664	0.02182	0.02304	0.02259	0.11829	0.01921	0.01261	0.01921	0.01081	0.01721	0.01020	0.01219	0.02237	0.00320	0.60758	0.00700	0.00340	0.00860
10	0.06587	0.01469	0.01753	0.01423	0.01956	0.01479	0.01152	0.08453	0.22621	0.40369	0.02838	0.02536	0.01918	0.00953	0.00751	0.00241	0.00643	0.00769	0.00850	0.01239
11	0.01644	0.01645	0.02457	0.02198	0.06207	0.02171	0.06526	0.01862	0.01260	0.01917	0.01231	0.05446	0.01232	0.01290	0.02181	0.00318	0.58439	0.00761	0.00358	0.00856
12	0.00947	0.00670	0.00873	0.01027	0.01065	0.00631	0.00673	0.01062	0.01408	0.01877	0.03953	0.64209	0.04729	0.11408	0.01336	0.00362	0.00478	0.02022	0.00673	0.00596
13	0.00918	0.00685	0.00854	0.00990	0.01083	0.00622	0.00675	0.01064	0.01516	0.01962	0.04991	0.57694	0.19648	0.02271	0.00952	0.00296	0.00427	0.02028	0.00704	0.00622
14	0.01728	0.01649	0.02808	0.27166	0.47272	0.01763	0.02253	0.02197	0.01656	0.02296	0.01400	0.01926	0.01137	0.00704	0.00753	0.00235	0.00938	0.00675	0.00363	0.01081
15	0.01996	0.01583	0.01907	0.12759	0.05803	0.01782	0.01394	0.14592	0.32500	0.06701	0.06549	0.04795	0.02226	0.01016	0.00779	0.00249	0.00705	0.00855	0.00691	0.01117
16	0.02220	0.03834	0.02146	0.01666	0.02105	0.04274	0.10513	0.09351	0.05956	0.20748	0.02161	0.02386	0.01623	0.01909	0.15594	0.00445	0.05671	0.00757	0.05619	0.01022

[dist]
# distance from previous block
# <min> <max>
0	1

[block]
# block no. 4 follows, 26 sequences, length 18
# corresponding to MSA columns:
# 116-133
name=unknown_E
#
# <colnr> <probs for GDERKNQSTAVLIFYWHMCP>
#	G	D	E	R	K	N	Q	S	T	A	V	L	I	F	Y	W	H	M	C	P
0	0.01005	0.00721	0.00930	0.01046	0.01124	0.00672	0.00709	0.01141	0.01422	0.01912	0.03740	0.54193	0.04416	0.13530	0.01412	0.00369	0.00510	0.05931	0.00652	0.04566
1	0.01623	0.02050	0.13933	0.05664	0.02774	0.03798	0.17425	0.02077	0.01522	0.02189	0.01444	0.04598	0.01247	0.01112	0.04234	0.00290	0.18840	0.00727	0.00383	0.14071
2	0.06484	0.01599	0.01760	0.01578	0.06166	0.01735	0.01154	0.34419	0.06084	0.03575	0.02281	0.02759	0.05064	0.13292	0.01257	0.00313	0.00727	0.00798	0.07933	0.01023
3	0.02433	0.30012	0.02789	0.01666	0.02140	0.41064	0.01374	0.02651	0.01869	0.01824	0.01175	0.01398	0.01026	0.00999	0.04403	0.00239	0.01193	0.00475	0.00367	0.00904
4	0.01302	0.01026	0.01155	0.01043	0.01371	0.00962	0.00797	0.01926	0.14371	0.04678	0.19484	0.08813	0.26659	0.01472	0.00826	0.00235	0.00456	0.01251	0.00720	0.11456
5	0.01264	0.01143	0.06089	0.01163	0.01300	0.01089	0.00898	0.03898	0.01332	0.01861	0.06645	0.03968	0.02542	0.41903	0.12892	0.00669	0.09275	0.00972	0.00465	0.00633
6	0.01681	0.00971	0.01208	0.01112	0.01366	0.00918	0.00833	0.07212	0.01912	0.16634	0.16400	0.20112	0.10275	0.11520	0.01288	0.00328	0.00548	0.04112	0.00750	0.00820
7	0.02699	0.01423	0.01728	0.01407	0.01914	0.01411	0.01146	0.13596	0.14756	0.36684	0.05337	0.03177	0.05905	0.01086	0.00790	0.00245	0.00646	0.04014	0.00849	0.01187
8	0.02670	0.03306	0.02308	0.02415	0.13646	0.58617	0.01613	0.02909	0.02077	0.01962	0.01216	0.01455	0.01015	0.00764	0.00695	0.00201	0.01288	0.00520	0.00388	0.00934
9	0.02660	0.02105	0.02109	0.01681	0.02210	0.08843	0.01365	0.50790	0.05130	0.04149	0.01837	0.01931	0.01360	0.01246	0.05774	0.00295	0.00948	0.00679	0.03708	0.01180
10	0.00942	0.00674	0.00896	0.01044	0.01104	0.00628	0.00705	0.01100	0.01534	0.02066	0.11683	0.64977	0.05267	0.02280	0.00960	0.00300	0.00430	0.02064	0.00719	0.00628
11	0.00944	0.00692	0.00889	0.01026	0.01113	0.00637	0.00711	0.01108	0.01548	0.02039	0.08847	0.56811	0.13590	0.02249	0.00957	0.00298	0.00439	0.04761	0.00712	0.00630
12	0.05511	0.35120	0.02936	0.06566	0.02233	0.09326	0.01392	0.11968	0.01838	0.02336	0.01258	0.01538	0.01077	0.01093	0.05036	0.00268	0.08603	0.00529	0.00411	0.00963
13	0.03905	0.01235	0.01303	0.07708	0.01654	0.09091	0.00920	0.05702	0.01517	0.05479	0.01738	0.02544	0.01547	0.10666	0.01885	0.28016	0.00743	0.00704	0.13001	0.00644
14	0.01085	0.00808	0.01195	0.01195	0.01322	0.00935	0.00918	0.01339	0.01212	0.01743	0.02054	0.03102	0.01949	0.09847	0.66251	0.01189	0.01952	0.00831	0.00410	0.00664
15	0.12589	0.01197	0.01236	0.01088	0.01398	0.01298	0.00849	0.18799	0.02007	0.03211	0.02160	0.06425	0.01835	0.06056	0.05873	0.00318	0.00665	0.00774	0.31368	0.00854
16	0.01857	0.02146	0.09492	0.08300	0.41970	0.09704	0.06021	0.02320	0.01753	0.02332	0.01776	0.02144	0.05260	0.00773	0.00758	0.00229	0.00976	0.00713	0.00390	0.01086
17	0.02332	0.01586	0.01792	0.01459	0.01886	0.01723	0.01167	0.39184	0.02668	0.08431	0.02053	0.04317	0.01651	0.05762	0.10401	0.04621	0.00921	0.00772	0.06228	0.01047

[dist]
# distance from previous block
# <min> <max>
0	1

[block]
# block no. 5 follows, 26 sequences, length 113
# corresponding to MSA columns:
# 135-247
name=unknown_F
#
# <colnr> <probs for GDERKNQSTAVLIFYWHMCP>
#	G	D	E	R	K	N	Q	S	T	A	V	L	I	F	Y	W	H	M	C	P
0	0.05158	0.09392	0.02318	0.08290	0.04480	0.02009	0.01429	0.29330	0.02518	0.19936	0.01895	0.01937	0.01339	0.00889	0.00836	0.00232	0.05517	0.00662	0.00668	0.01166
1	0.01164	0.00835	0.01137	0.01292	0.01447	0.00823	0.01086	0.01460	0.01676	0.02175	0.04143	0.15611	0.07819	0.06101	0.01188	0.00361	0.00654	0.49670	0.00686	0.00673
2	0.05029	0.32500	0.10594	0.01296	0.01839	0.01911	0.01255	0.02208	0.01691	0.11169	0.12887	0.05132	0.02406	0.06037	0.00876	0.00243	0.00721	0.00750	0.00522	0.00935
3	0.04059	0.25495	0.08049	0.01444	0.01866	0.10579	0.01318	0.02059	0.01564	0.02035	0.04496	0.02228	0.05778	0.01509	0.09250	0.00336	0.10900	0.00652	0.05520	0.00864
4	0.03403	0.01291	0.01760	0.01350	0.01936	0.01115	0.01115	0.03697	0.02171	0.69137	0.02992	0.02582	0.01878	0.00939	0.00763	0.00235	0.00645	0.00763	0.00939	0.01291
5	0.01749	0.00931	0.01243	0.01149	0.01390	0.00885	0.00864	0.01974	0.01754	0.22326	0.15056	0.25023	0.06487	0.06661	0.05654	0.00360	0.03554	0.01355	0.00747	0.00840
6	0.01817	0.01766	0.03071	0.06450	0.56524	0.01788	0.07588	0.02264	0.01696	0.02415	0.01508	0.04215	0.01309	0.00755	0.00833	0.00235	0.03497	0.00742	0.00384	0.01142
7	0.00955	0.00684	0.00907	0.01035	0.01107	0.00636	0.00706	0.01133	0.01594	0.02161	0.17226	0.59161	0.05453	0.02208	0.00953	0.00294	0.00423	0.01996	0.00731	0.00636
8	0.01081	0.00726	0.00834	0.00856	0.00862	0.00720	0.00490	0.01097	0.01147	0.01529	0.02615	0.13500	0.03042	0.64419	0.03497	0.00682	0.00698	0.01235	0.00490	0.00479
9	0.01973	0.66183	0.11107	0.01392	0.02092	0.02866	0.01462	0.02286	0.01548	0.01852	0.01088	0.01259	0.00972	0.00657	0.00512	0.00171	0.00845	0.00422	0.00324	0.00989
10	0.01823	0.02147	0.18019	0.02028	0.07442	0.01734	0.07733	0.03167	0.32655	0.06501	0.04742	0.02545	0.01965	0.03033	0.00865	0.00263	0.00808	0.00798	0.00601	0.01131
11	0.01045	0.00850	0.00949	0.00984	0.01230	0.00781	0.00787	0.01402	0.05854	0.02178	0.06420	0.07352	0.47160	0.01911	0.00929	0.00281	0.00481	0.18007	0.00707	0.00691
12	0.01900	0.01334	0.01597	0.01183	0.01807	0.01062	0.00947	0.04752	0.01748	0.13762	0.01791	0.05445	0.01459	0.00733	0.00625	0.00148	0.00581	0.00600	0.00557	0.57970
13	0.01885	0.09178	0.11318	0.04416	0.04971	0.14276	0.15210	0.05701	0.01799	0.02277	0.04360	0.09113	0.01707	0.00993	0.00973	0.00245	0.09375	0.00827	0.00435	0.00943
14	0.01521	0.01334	0.01770	0.10623	0.04864	0.01131	0.03377	0.01879	0.01569	0.02356	0.01588	0.07457	0.01429	0.00742	0.00640	0.00156	0.00650	0.00642	0.00450	0.55820
15	0.02560	0.15645	0.02409	0.01782	0.02223	0.48953	0.01399	0.03036	0.11125	0.02027	0.01419	0.01545	0.01163	0.00793	0.00662	0.00198	0.01163	0.00525	0.00432	0.00941
16	0.01308	0.01066	0.03199	0.01108	0.01374	0.00990	0.00873	0.09229	0.06109	0.02956	0.37613	0.13965	0.14097	0.01577	0.00876	0.00250	0.00467	0.01369	0.00772	0.00802
17	0.01130	0.00966	0.00987	0.00945	0.01170	0.04624	0.00701	0.01461	0.04743	0.02441	0.30498	0.05991	0.33726	0.06016	0.01059	0.00275	0.00460	0.01386	0.00726	0.00697
18	0.02817	0.02092	0.02239	0.01732	0.02327	0.02321	0.01426	0.61963	0.07794	0.04674	0.01905	0.01888	0.01358	0.00918	0.00760	0.00230	0.00819	0.00694	0.00760	0.01284
19	0.01334	0.00667	0.00939	0.00939	0.00970	0.00667	0.00636	0.01125	0.01094	0.01582	0.01520	0.02397	0.01427	0.02328	0.02538	0.64297	0.00605	0.00667	0.13871	0.00396
20	0.02833	0.03615	0.02149	0.01954	0.02345	0.70298	0.01466	0.03029	0.02149	0.01856	0.01172	0.01368	0.00977	0.00782	0.00684	0.00195	0.01368	0.00489	0.00391	0.00879
21	0.01079	0.00861	0.00973	0.00991	0.01196	0.00824	0.00726	0.01541	0.10592	0.02293	0.14019	0.22684	0.31177	0.04457	0.01009	0.00287	0.00446	0.03409	0.00722	0.00716
22	0.01134	0.00829	0.01107	0.01244	0.01416	0.00803	0.01044	0.01437	0.01733	0.02243	0.08054	0.15183	0.13957	0.02071	0.01009	0.00325	0.00606	0.44414	0.00707	0.00682
23	0.00911	0.00769	0.00788	0.00783	0.01033	0.00646	0.00587	0.01116	0.01762	0.02129	0.12544	0.07169	0.63394	0.01891	0.00896	0.00255	0.00382	0.01582	0.00715	0.00646
24	0.02702	0.02002	0.02155	0.01689	0.02249	0.02213	0.01380	0.58551	0.06724	0.04508	0.02043	0.06589	0.01590	0.01014	0.00773	0.00235	0.00796	0.00790	0.00756	0.01241
25	0.64841	0.01695	0.01222	0.01102	0.01545	0.10272	0.00886	0.02304	0.01416	0.03176	0.01150	0.01338	0.00904	0.00724	0.00500	0.00227	0.00672	0.00437	0.04769	0.00822
26	0.01419	0.01050	0.01369	0.01265	0.01438	0.01224	0.00987	0.09576	0.01546	0.02260	0.01984	0.02858	0.01809	0.10438	0.38574	0.00813	0.09239	0.00794	0.10604	0.00754
27	0.02492	0.10628	0.02426	0.04687	0.11624	0.48540	0.01558	0.02739	0.01988	0.01946	0.01444	0.01667	0.03519	0.00794	0.00683	0.00200	0.01194	0.00554	0.00391	0.00924
28	0.06096	0.01993	0.05821	0.07932	0.15577	0.09100	0.19040	0.02229	0.01602	0.02234	0.01375	0.01886	0.01141	0.01221	0.06914	0.00336	0.13464	0.00704	0.00374	0.00959
29	0.02712	0.05327	0.02126	0.01816	0.02194	0.50204	0.01402	0.02924	0.02015	0.10346	0.01426	0.01596	0.01126	0.00855	0.00860	0.00212	0.08200	0.00545	0.03190	0.00923
30	0.01678	0.01324	0.01774	0.08585	0.07313	0.01429	0.03855	0.18593	0.01984	0.02671	0.02429	0.18743	0.02484	0.14480	0.04240	0.00388	0.03143	0.03445	0.00575	0.00864
31	0.01052	0.00772	0.01044	0.05050	0.01422	0.00762	0.00861	0.03246	0.01580	0.02103	0.06251	0.57363	0.04682	0.02179	0.00956	0.00304	0.00509	0.08513	0.00689	0.00663
32	0.01119	0.00805	0.01031	0.01021	0.01065	0.00880	0.00686	0.01218	0.01157	0.01600	0.02277	0.06900	0.02485	0.45361	0.24693	0.00850	0.04823	0.01031	0.00446	0.00554
33	0.01733	0.14774	0.42066	0.01912	0.02785	0.01812	0.06305	0.02372	0.01640	0.08157	0.01728	0.08279	0.01433	0.00877	0.00720	0.00234	0.00975	0.00723	0.00415	0.01058
34	0.04932	0.34355	0.18538	0.04483	0.11358	0.02272	0.01763	0.05030	0.01698	0.02307	0.05679	0.01747	0.01421	0.00747	0.00625	0.00203	0.00864	0.00564	0.00390	0.01024
35	0.02943	0.02029	0.02217	0.01700	0.02304	0.02210	0.01404	0.58904	0.03406	0.12185	0.01956	0.01909	0.01358	0.00914	0.00759	0.00228	0.00813	0.00692	0.00779	0.01290
36	0.01220	0.00661	0.00949	0.00994	0.01013	0.00650	0.00665	0.01038	0.01132	0.01538	0.02100	0.20445	0.02293	0.02497	0.02352	0.54806	0.00590	0.01045	0.03593	0.00419
37	0.08636	0.01821	0.11178	0.42882	0.06156	0.06170	0.01930	0.02054	0.01579	0.02193	0.04132	0.05088	0.01414	0.00850	0.00736	0.00247	0.00956	0.00715	0.00388	0.00878
38	0.01260	0.00944	0.01081	0.01072	0.01218	0.03068	0.00775	0.04979	0.03583	0.02162	0.12887	0.13566	0.11009	0.20048	0.05590	0.06965	0.00684	0.07855	0.00609	0.00646
39	0.01103	0.00735	0.00827	0.00827	0.00827	0.00735	0.00460	0.01103	0.01103	0.01471	0.02390	0.04964	0.02758	0.73343	0.03861	0.00735	0.00735	0.01103	0.00460	0.00460
40	0.01723	0.01105	0.01269	0.10256	0.01789	0.01198	0.00947	0.16067	0.02015	0.03109	0.02250	0.05319	0.01800	0.00933	0.00629	0.00203	0.00550	0.00756	0.47231	0.00851
41	0.01626	0.01502	0.02548	0.38532	0.23133	0.01675	0.06269	0.04412	0.01654	0.02215	0.01503	0.02243	0.01232	0.00881	0.00891	0.04272	0.00960	0.03129	0.00381	0.00944
42	0.01222	0.00873	0.01222	0.01397	0.01572	0.00873	0.01222	0.01572	0.01746	0.02270	0.04016	0.08556	0.04365	0.02095	0.01048	0.00349	0.00698	0.63506	0.00698	0.00698
43	0.01616	0.01576	0.02259	0.10737	0.02356	0.02170	0.01672	0.01803	0.01199	0.01817	0.01054	0.01734	0.01012	0.01313	0.02291	0.03715	0.59868	0.00665	0.00332	0.00809
44	0.01567	0.01217	0.01285	0.01203	0.01404	0.05694	0.00890	0.13983	0.01815	0.02379	0.02727	0.09203	0.05462	0.27502	0.09287	0.00532	0.00879	0.08879	0.03360	0.00730
45	0.01650	0.01139	0.01405	0.05842	0.01761	0.01185	0.01031	0.18074	0.02050	0.07129	0.03227	0.38994	0.03459	0.04706	0.01010	0.00299	0.00619	0.04873	0.00700	0.00847
46	0.73702	0.01455	0.01158	0.01021	0.01498	0.01663	0.00841	0.02327	0.01349	0.07767	0.01185	0.01322	0.00892	0.00720	0.00489	0.00235	0.00591	0.00434	0.00501	0.00853
47	0.01113	0.00765	0.00897	0.00875	0.00928	0.00753	0.00534	0.01186	0.01262	0.01725	0.10985	0.04838	0.03236	0.57876	0.06971	0.00676	0.00750	0.01101	0.00506	0.03023
48	0.05797	0.16845	0.32842	0.01935	0.05995	0.01857	0.06963	0.02222	0.01596	0.02361	0.04357	0.01892	0.01374	0.01022	0.04563	0.00275	0.00998	0.00613	0.05492	0.01002
49	0.01898	0.01289	0.01577	0.01249	0.01809	0.01076	0.01028	0.05640	0.01819	0.14248	0.02175	0.03105	0.01888	0.00941	0.00701	0.00186	0.00617	0.12632	0.00600	0.45523
50	0.02598	0.24168	0.02684	0.01762	0.02228	0.50591	0.01416	0.02807	0.01971	0.01835	0.01138	0.01324	0.00976	0.00743	0.00626	0.00186	0.01205	0.00464	0.00371	0.00907
51	0.03940	0.08433	0.42589	0.02067	0.02945	0.01736	0.10569	0.02339	0.01654	0.05109	0.01752	0.02534	0.01448	0.00886	0.00761	0.00250	0.01029	0.08511	0.00406	0.01042
52	0.01032	0.00753	0.00843	0.00840	0.00943	0.00717	0.00543	0.01132	0.01372	0.01762	0.07529	0.05644	0.24624	0.41591	0.07043	0.00582	0.00684	0.01263	0.00557	0.00547
53	0.02211	0.01790	0.01898	0.01609	0.02096	0.02038	0.01279	0.24214	0.46530	0.03696	0.02675	0.02502	0.01982	0.00991	0.00768	0.00248	0.00677	0.00801	0.00768	0.01230
54	0.01101	0.00807	0.01192	0.01192	0.01330	0.00936	0.00926	0.01376	0.01238	0.01816	0.02055	0.02972	0.01899	0.05440	0.66721	0.01165	0.01945	0.00807	0.04403	0.00679
55	0.72209	0.01457	0.01212	0.06923	0.01783	0.01700	0.00929	0.02205	0.01310	0.03280	0.01081	0.01299	0.00837	0.00709	0.00494	0.00236	0.00622	0.00433	0.00458	0.00823
56	0.06098	0.02073	0.02121	0.01668	0.02231	0.05200	0.01364	0.53895	0.07555	0.04409	0.01868	0.01881	0.01349	0.00903	0.00735	0.00227	0.00813	0.00675	0.03713	0.01223
57	0.01463	0.00882	0.01145	0.01028	0.01282	0.00811	0.00789	0.01857	0.04050	0.13557	0.53766	0.05148	0.08318	0.01451	0.00870	0.00239	0.00412	0.01267	0.00845	0.00819
58	0.00923	0.00692	0.00857	0.00980	0.01082	0.00626	0.00672	0.01078	0.01548	0.02006	0.07454	0.53756	0.21112	0.02230	0.00947	0.00292	0.00423	0.01986	0.00709	0.00626
59	0.02883	0.02125	0.02276	0.01745	0.02352	0.02352	0.01442	0.66082	0.03566	0.04780	0.01821	0.01821	0.01290	0.00911	0.00759	0.00228	0.00835	0.00683	0.00759	0.01290
60	0.07612	0.01301	0.01724	0.01330	0.01910	0.01148	0.01098	0.03615	0.02122	0.65462	0.02884	0.02506	0.01819	0.00926	0.00746	0.00235	0.00642	0.00743	0.00913	0.01265
61	0.01414	0.00707	0.00707	0.00707	0.00884	0.00707	0.00530	0.01767	0.01591	0.02828	0.02474	0.02828	0.01944	0.00884	0.00530	0.00177	0.00353	0.00707	0.77554	0.00707
62	0.11941	0.01519	0.01645	0.01355	0.01821	0.01620	0.01092	0.23358	0.12835	0.14460	0.10788	0.02865	0.06001	0.01044	0.00740	0.00235	0.00629	0.00828	0.04143	0.01083
63	0.07363	0.01316	0.01707	0.01324	0.01892	0.01182	0.01091	0.06258	0.02167	0.59984	0.03028	0.02668	0.04519	0.00965	0.00752	0.00235	0.00640	0.00775	0.00896	0.01239
64	0.01063	0.00768	0.00979	0.01101	0.01197	0.00740	0.00774	0.04738	0.01598	0.02114	0.04158	0.57855	0.07958	0.04573	0.01054	0.00318	0.00491	0.07165	0.00699	0.00657
65	0.08407	0.02231	0.12967	0.09968	0.03445	0.05670	0.32410	0.02590	0.09940	0.02518	0.01623	0.01969	0.01216	0.00727	0.00791	0.00248	0.01087	0.00753	0.00426	0.01015
66	0.02806	0.01656	0.01902	0.01513	0.02003	0.04647	0.01226	0.24103	0.05034	0.31207	0.05034	0.02483	0.01866	0.05024	0.01052	0.00266	0.05466	0.00765	0.00777	0.01168
67	0.01726	0.01411	0.01538	0.01238	0.01760	0.04207	0.00969	0.02431	0.15975	0.07007	0.05997	0.06251	0.04913	0.00911	0.00682	0.00180	0.00585	0.00755	0.00596	0.40868
68	0.04258	0.01267	0.01351	0.01456	0.05900	0.07591	0.01002	0.08910	0.03779	0.02455	0.06453	0.35921	0.09974	0.01750	0.00873	0.00273	0.00618	0.04720	0.00658	0.00792
69	0.01217	0.00887	0.01037	0.05651	0.01295	0.03852	0.00720	0.01281	0.01251	0.01669	0.02371	0.14023	0.02597	0.36066	0.08514	0.10334	0.00819	0.01100	0.04773	0.00543
70	0.65346	0.01524	0.01254	0.01086	0.01562	0.01748	0.00893	0.10788	0.01609	0.03565	0.01217	0.01377	0.00930	0.00739	0.00511	0.00231	0.00610	0.00459	0.03670	0.00880
71	0.01681	0.02773	0.34543	0.03336	0.34788	0.01745	0.02508	0.02332	0.01668	0.02433	0.01502	0.02021	0.01217	0.00756	0.00749	0.00237	0.00997	0.03209	0.00363	0.01142
72	0.01522	0.01602	0.03313	0.02512	0.03049	0.01504	0.44473	0.02006	0.01695	0.02286	0.02395	0.21826	0.02386	0.01195	0.00923	0.00275	0.01017	0.04638	0.00489	0.00894
73	0.01028	0.00760	0.00960	0.00939	0.01113	0.00692	0.00693	0.01332	0.01995	0.02751	0.50898	0.14460	0.16145	0.01712	0.00904	0.00250	0.00372	0.01506	0.00799	0.00692
74	0.01131	0.00792	0.01117	0.01117	0.01248	0.00898	0.00852	0.01393	0.01262	0.01888	0.02121	0.03111	0.01969	0.10204	0.55477	0.01036	0.01698	0.00820	0.11200	0.00665
75	0.20550	0.01693	0.01710	0.01373	0.01872	0.01869	0.01124	0.37641	0.02636	0.06261	0.01794	0.01884	0.01314	0.00858	0.00650	0.00221	0.00685	0.00626	0.14162	0.01077
76	0.01070	0.00858	0.01215	0.01251	0.01324	0.00911	0.02966	0.01242	0.01480	0.02029	0.09019	0.54733	0.04497	0.02101	0.01177	0.00304	0.10669	0.01836	0.00652	0.00668
77	0.02184	0.01209	0.01492	0.01268	0.01671	0.01193	0.01002	0.03014	0.20261	0.28161	0.25348	0.03707	0.03807	0.01173	0.00810	0.00242	0.00534	0.00998	0.00857	0.01069
78	0.01221	0.00962	0.01141	0.01173	0.01402	0.00971	0.00926	0.01874	0.15275	0.02456	0.12963	0.15837	0.19509	0.01804	0.00924	0.00288	0.00523	0.19238	0.00733	0.00779
79	0.01854	0.01779	0.03037	0.08119	0.65328	0.01796	0.02316	0.02308	0.01716	0.02450	0.01423	0.01885	0.01192	0.00680	0.00751	0.00227	0.00907	0.00676	0.00373	0.01183
80	0.02462	0.10866	0.02188	0.01784	0.02165	0.50711	0.01404	0.02690	0.02012	0.01921	0.01658	0.02612	0.01571	0.00997	0.00726	0.00219	0.01189	0.11530	0.00437	0.00858
81	0.78701	0.01467	0.01115	0.00997	0.01467	0.01702	0.00821	0.02230	0.01291	0.03403	0.01056	0.01232	0.00821	0.00704	0.00469	0.00235	0.00587	0.00411	0.00469	0.00821
82	0.01085	0.00739	0.00885	0.00900	0.00922	0.00753	0.00547	0.01133	0.01149	0.01551	0.02499	0.10656	0.02840	0.58025	0.12537	0.00763	0.00884	0.01156	0.00474	0.00503
83	0.01234	0.00856	0.01004	0.00977	0.01050	0.00887	0.00628	0.06702	0.01365	0.01839	0.02488	0.11665	0.02768	0.51486	0.11255	0.00704	0.00868	0.01144	0.00505	0.00574
84	0.02276	0.05384	0.01932	0.01485	0.01938	0.01834	0.01187	0.38854	0.05580	0.06112	0.02364	0.15897	0.02159	0.05986	0.00986	0.00272	0.00725	0.00987	0.00704	0.03338
85	0.02433	0.17926	0.02424	0.01694	0.02128	0.39544	0.01358	0.09328	0.02046	0.02138	0.01332	0.01600	0.01133	0.01426	0.10007	0.00329	0.01283	0.00535	0.00418	0.00916
86	0.62388	0.04520	0.13195	0.01213	0.01803	0.01759	0.01186	0.02261	0.01354	0.03169	0.01110	0.01296	0.00851	0.00705	0.00514	0.00233	0.00689	0.00437	0.00438	0.00879
87	0.01104	0.00839	0.01226	0.01203	0.01340	0.00961	0.00935	0.01386	0.01380	0.01988	0.13596	0.03400	0.02784	0.04794	0.55525	0.01013	0.04454	0.00905	0.00479	0.00690
88	0.01074	0.00775	0.01014	0.00954	0.01133	0.00716	0.00716	0.01431	0.02147	0.03042	0.68211	0.05666	0.07157	0.01551	0.00895	0.00239	0.00358	0.01372	0.00835	0.00716
89	0.01765	0.01765	0.05191	0.50321	0.04885	0.01856	0.17239	0.02226	0.01730	0.02295	0.01637	0.02336	0.01280	0.00892	0.00890	0.00297	0.01144	0.00797	0.00435	0.01019
90	0.02468	0.01601	0.01778	0.01462	0.01950	0.01725	0.01176	0.23641	0.24747	0.17586	0.02583	0.02453	0.01846	0.00954	0.00735	0.00233	0.00654	0.00762	0.10458	0.01186
91	0.50374	0.01410	0.01406	0.11188	0.02085	0.01586	0.01062	0.04438	0.01567	0.12602	0.04878	0.01787	0.01343	0.00796	0.00584	0.00237	0.00652	0.00557	0.00546	0.00901
92	0.01263	0.00913	0.01223	0.01357	0.01535	0.00923	0.01140	0.04396	0.03731	0.02349	0.03920	0.19362	0.04283	0.02061	0.01013	0.00334	0.00656	0.48110	0.00704	0.00725
93	0.00915	0.00769	0.00794	0.00788	0.01036	0.00648	0.00591	0.01125	0.01773	0.02154	0.14111	0.07126	0.61811	0.01882	0.00896	0.00254	0.00381	0.01576	0.00718	0.00648
94	0.01964	0.65013	0.12203	0.01407	0.02115	0.02845	0.01487	0.02288	0.01549	0.01862	0.01093	0.01265	0.00972	0.00658	0.00516	0.00172	0.00850	0.00425	0.00324	0.00992
95	0.01279	0.00794	0.01040	0.01115	0.01246	0.00748	0.00788	0.03679	0.01629	0.09204	0.06073	0.55928	0.04529	0.04252	0.01026	0.00310	0.00493	0.04425	0.00728	0.00714
96	0.01096	0.00732	0.00829	0.00836	0.00838	0.00731	0.00469	0.01101	0.01117	0.01489	0.02459	0.07600	0.02845	0.70587	0.03748	0.00719	0.00724	0.01144	0.00469	0.00466
97	0.02941	0.01619	0.01908	0.01491	0.02040	0.01646	0.01220	0.32495	0.02756	0.32706	0.02493	0.06166	0.01782	0.01004	0.00763	0.00233	0.00710	0.00801	0.03998	0.01229
98	0.01788	0.01711	0.02918	0.18025	0.55938	0.01779	0.02284	0.02250	0.01685	0.02370	0.01411	0.01906	0.01163	0.00692	0.00752	0.00231	0.00923	0.00675	0.00368	0.01130
99	0.02497	0.06195	0.02009	0.01625	0.02053	0.31040	0.01275	0.21829	0.04866	0.02934	0.01725	0.04049	0.01396	0.00889	0.00686	0.00207	0.00967	0.00643	0.12129	0.00986
100	0.14892	0.01046	0.01104	0.05643	0.01472	0.01130	0.00811	0.09345	0.01702	0.02844	0.02306	0.12380	0.02119	0.08134	0.00949	0.00271	0.00544	0.00892	0.31648	0.00768
101	0.01989	0.01795	0.02114	0.29425	0.09202	0.12763	0.01688	0.12449	0.02039	0.05472	0.04395	0.02512	0.01616	0.00913	0.00761	0.00239	0.00939	0.04850	0.03889	0.00951
102	0.01147	0.00794	0.00898	0.00890	0.00930	0.00806	0.00532	0.01313	0.05563	0.01686	0.06074	0.07391	0.03051	0.62001	0.03387	0.00661	0.00695	0.01141	0.00510	0.00529
103	0.07194	0.12009	0.24966	0.13640	0.07276	0.05663	0.04575	0.04429	0.01638	0.02301	0.01458	0.05347	0.01223	0.00890	0.00797	0.03629	0.00964	0.00657	0.00380	0.00966
104	0.01974	0.66379	0.10924	0.01390	0.02089	0.02870	0.01458	0.02285	0.01548	0.01850	0.01087	0.01258	0.00972	0.00657	0.00512	0.00171	0.00844	0.00422	0.00324	0.00989
105	0.03403	0.01291	0.01760	0.01350	0.01936	0.01115	0.01115	0.03697	0.02171	0.69137	0.02992	0.02582	0.01878	0.00939	0.00763	0.00235	0.00645	0.00763	0.00939	0.01291
106	0.00962	0.00691	0.00937	0.01072	0.01130	0.00681	0.00734	0.01111	0.01392	0.01880	0.03707	0.56913	0.04347	0.06808	0.13289	0.00491	0.00735	0.01864	0.00639	0.00618
107	0.04089	0.01479	0.02461	0.50552	0.22787	0.01718	0.02126	0.02056	0.01568	0.02137	0.01361	0.01956	0.01058	0.00734	0.00747	0.00245	0.00967	0.00666	0.00352	0.00942
108	0.01064	0.00761	0.00983	0.00949	0.01098	0.00709	0.00688	0.01365	0.01978	0.02782	0.55841	0.11237	0.06510	0.09244	0.01216	0.00297	0.00405	0.01409	0.00784	0.00680
109	0.01091	0.00730	0.00831	0.00842	0.00845	0.00727	0.00476	0.01100	0.01126	0.01502	0.02509	0.09470	0.02908	0.68632	0.03669	0.00707	0.00716	0.01173	0.00476	0.00470
110	0.01364	0.01208	0.01629	0.13689	0.02205	0.06103	0.03286	0.01679	0.01378	0.01904	0.01780	0.02546	0.01580	0.03595	0.40135	0.00795	0.07573	0.00748	0.06059	0.00747
111	0.01976	0.66681	0.10641	0.01386	0.02083	0.02875	0.01451	0.02285	0.01547	0.01847	0.01086	0.01256	0.00972	0.00656	0.00511	0.00170	0.00843	0.00421	0.00324	0.00988
112	0.01674	0.01353	0.05127	0.01244	0.01570	0.05668	0.01018	0.04375	0.11227	0.09833	0.29712	0.03765	0.03981	0.01580	0.05435	0.04513	0.00673	0.00992	0.05385	0.00874

[dist]
# distance from previous block
# <min> <max>
1	2

[block]
# block no. 6 follows, 26 sequences, length 32
# corresponding to MSA columns:
# 250-281
name=unknown_G
#
# <colnr> <probs for GDERKNQSTAVLIFYWHMCP>
#	G	D	E	R	K	N	Q	S	T	A	V	L	I	F	Y	W	H	M	C	P
0	0.01748	0.01323	0.06515	0.06954	0.01756	0.01233	0.01039	0.16024	0.02021	0.03151	0.02150	0.02443	0.01646	0.00867	0.00614	0.00199	0.00574	0.00688	0.48176	0.00879
1	0.06097	0.21801	0.24481	0.04601	0.02566	0.01917	0.04283	0.02608	0.01700	0.17292	0.01635	0.01733	0.01180	0.00741	0.00655	0.00213	0.00879	0.00569	0.00477	0.04572
2	0.02833	0.03615	0.02149	0.01954	0.02345	0.70298	0.01466	0.03029	0.02149	0.01856	0.01172	0.01368	0.00977	0.00782	0.00684	0.00195	0.01368	0.00489	0.00391	0.00879
3	0.01065	0.00769	0.01007	0.00960	0.01131	0.00710	0.00715	0.01411	0.02109	0.02981	0.64719	0.09330	0.07040	0.01596	0.00899	0.00242	0.00362	0.01415	0.00828	0.00710
4	0.01375	0.00850	0.01155	0.01063	0.01285	0.00818	0.00818	0.01705	0.01945	0.11241	0.45237	0.04677	0.05318	0.02385	0.16202	0.00454	0.00764	0.01170	0.00754	0.00781
5	0.01516	0.00829	0.00842	0.00797	0.01014	0.00843	0.00609	0.07165	0.01763	0.02960	0.02639	0.02931	0.04685	0.00930	0.00565	0.00184	0.00395	0.00743	0.67837	0.00753
6	0.01318	0.00659	0.00988	0.00988	0.00988	0.00659	0.00659	0.00988	0.00988	0.01318	0.01318	0.02306	0.01318	0.02635	0.02964	0.77931	0.00659	0.00659	0.00329	0.00329
7	0.02833	0.03615	0.02149	0.01954	0.02345	0.70298	0.01466	0.03029	0.02149	0.01856	0.01172	0.01368	0.00977	0.00782	0.00684	0.00195	0.01368	0.00489	0.00391	0.00879
8	0.06256	0.01474	0.01797	0.01424	0.01981	0.01448	0.01163	0.12418	0.13725	0.45798	0.02763	0.02462	0.01827	0.00941	0.00751	0.00238	0.00662	0.00753	0.00864	0.01255
9	0.00946	0.00774	0.00843	0.00874	0.01102	0.00670	0.00671	0.01160	0.01729	0.02111	0.09582	0.12065	0.53299	0.01959	0.00920	0.00271	0.00426	0.09240	0.00709	0.00649
10	0.00913	0.00769	0.00791	0.00786	0.01035	0.00647	0.00589	0.01120	0.01768	0.02141	0.13293	0.07148	0.62637	0.01887	0.00896	0.00255	0.00382	0.01580	0.00716	0.00647
11	0.02915	0.01863	0.02082	0.01612	0.02192	0.01991	0.01326	0.46665	0.06079	0.19731	0.02173	0.02076	0.01494	0.00922	0.00753	0.00229	0.00765	0.00710	0.03152	0.01268
12	0.61797	0.01357	0.01155	0.01029	0.01466	0.01517	0.00834	0.02245	0.01451	0.09361	0.06975	0.04945	0.01636	0.00871	0.00554	0.00238	0.00566	0.00602	0.00554	0.00847
13	0.09245	0.01305	0.01710	0.01322	0.01900	0.01160	0.01092	0.03583	0.02103	0.64037	0.02842	0.02477	0.01796	0.00921	0.00740	0.00235	0.00641	0.00735	0.00902	0.01254
14	0.01014	0.00749	0.00947	0.00949	0.01109	0.00682	0.00692	0.01297	0.01930	0.02647	0.44893	0.20740	0.15967	0.01789	0.00911	0.00257	0.00380	0.01580	0.00786	0.00682
15	0.01698	0.01610	0.02687	0.31474	0.39727	0.01759	0.02183	0.02255	0.04900	0.02295	0.01478	0.01983	0.01180	0.00727	0.00755	0.00238	0.00931	0.00684	0.00380	0.01057
16	0.02613	0.03006	0.02078	0.01838	0.02237	0.48206	0.01410	0.11992	0.07666	0.02391	0.01711	0.01839	0.04200	0.00901	0.00805	0.00215	0.04847	0.00607	0.00486	0.00951
17	0.34233	0.01883	0.07057	0.13564	0.07443	0.05318	0.15664	0.02286	0.01535	0.02731	0.01263	0.01620	0.00970	0.00702	0.00660	0.00240	0.00910	0.00594	0.00407	0.00920
18	0.01799	0.18656	0.46848	0.01952	0.02879	0.10920	0.02311	0.02456	0.01660	0.02201	0.01272	0.01490	0.00966	0.00713	0.00666	0.00218	0.01088	0.00518	0.00330	0.01058
19	0.01925	0.05734	0.01854	0.01578	0.01856	0.24970	0.01239	0.07408	0.01745	0.02051	0.01589	0.02139	0.01414	0.03014	0.31850	0.00663	0.07067	0.00658	0.00420	0.00825
20	0.24467	0.01114	0.01389	0.09370	0.01849	0.01224	0.03866	0.04345	0.01351	0.02294	0.01598	0.07507	0.01525	0.01636	0.01549	0.29949	0.00699	0.03189	0.00436	0.00644
21	0.01659	0.00982	0.01305	0.06571	0.01688	0.00941	0.00956	0.04823	0.02030	0.16981	0.30385	0.13151	0.09403	0.01486	0.00866	0.00254	0.00521	0.04360	0.00782	0.00856
22	0.11259	0.01197	0.01524	0.01223	0.01707	0.01092	0.00994	0.03034	0.02068	0.47244	0.17170	0.03112	0.02925	0.01048	0.00759	0.00236	0.00575	0.00858	0.00864	0.01112
23	0.00961	0.00685	0.00860	0.00983	0.01034	0.00644	0.00640	0.01069	0.01397	0.01842	0.04057	0.52782	0.09428	0.18002	0.01601	0.00398	0.00501	0.01881	0.00650	0.00583
24	0.02010	0.46825	0.14223	0.01675	0.05191	0.11770	0.01598	0.02361	0.01629	0.01925	0.01176	0.01399	0.01018	0.00878	0.03317	0.00224	0.00989	0.00470	0.00338	0.00983
25	0.00917	0.00688	0.00852	0.00983	0.01081	0.00622	0.00671	0.01064	0.01523	0.01965	0.05076	0.56098	0.21189	0.02260	0.00950	0.00295	0.00426	0.02014	0.00704	0.00622
26	0.01103	0.00735	0.00827	0.00827	0.00827	0.00735	0.00460	0.01103	0.01103	0.01471	0.02390	0.04964	0.02758	0.73343	0.03861	0.00735	0.00735	0.01103	0.00460	0.00460
27	0.01804	0.01737	0.02077	0.21669	0.02927	0.12174	0.04849	0.10498	0.01870	0.02394	0.06362	0.02397	0.03583	0.01547	0.09513	0.00367	0.10310	0.00751	0.02293	0.00877
28	0.01622	0.02381	0.21464	0.12250	0.03802	0.01774	0.36575	0.02281	0.01683	0.02328	0.01604	0.05715	0.01287	0.00771	0.00833	0.00254	0.01154	0.00842	0.00377	0.01003
29	0.01222	0.00873	0.01222	0.01397	0.01572	0.00873	0.01222	0.01572	0.01746	0.02270	0.04016	0.08556	0.04365	0.02095	0.01048	0.00349	0.00698	0.63506	0.00698	0.00698
30	0.04747	0.00926	0.01106	0.08381	0.01518	0.01034	0.00847	0.03758	0.01529	0.02566	0.02021	0.02487	0.01627	0.01098	0.00997	0.08973	0.06453	0.00681	0.48537	0.00712
31	0.19382	0.01517	0.01969	0.18505	0.07356	0.04275	0.06384	0.06679	0.01709	0.02730	0.07513	0.02173	0.01661	0.00875	0.00834	0.00241	0.06720	0.00690	0.07903	0.00885

[dist]
# distance from previous block
# <min> <max>
0	2

[block]
# block no. 7 follows, 26 sequences, length 37
# corresponding to MSA columns:
# 284-320
name=unknown_H
#
# <colnr> <probs for GDERKNQSTAVLIFYWHMCP>
#	G	D	E	R	K	N	Q	S	T	A	V	L	I	F	Y	W	H	M	C	P
0	0.01783	0.01197	0.01361	0.01185	0.01433	0.01245	0.00860	0.21397	0.02072	0.07203	0.08390	0.12113	0.02914	0.31069	0.02078	0.00449	0.00690	0.01102	0.00647	0.00814
1	0.01278	0.01063	0.01691	0.01431	0.01715	0.00988	0.12847	0.03535	0.01732	0.02400	0.20608	0.23692	0.04062	0.07909	0.01233	0.03611	0.00632	0.01352	0.00622	0.07600
2	0.01465	0.01301	0.03994	0.05879	0.19273	0.01241	0.01442	0.07403	0.01848	0.02477	0.05733	0.16460	0.11220	0.01509	0.00880	0.00274	0.00698	0.15426	0.00594	0.00884
3	0.01573	0.01348	0.01573	0.01123	0.01798	0.01011	0.00899	0.01910	0.01573	0.02472	0.01348	0.01573	0.01123	0.00562	0.00562	0.00112	0.00562	0.00449	0.00449	0.77980
4	0.02686	0.16614	0.02494	0.01824	0.02271	0.55067	0.01433	0.05402	0.02093	0.01960	0.01176	0.01358	0.00989	0.00762	0.00650	0.00191	0.01243	0.00481	0.00393	0.00913
5	0.02647	0.02338	0.10961	0.02043	0.08345	0.04863	0.01678	0.46010	0.03011	0.07949	0.01770	0.01825	0.01262	0.00862	0.00750	0.00228	0.00888	0.00663	0.00664	0.01244
6	0.01097	0.00761	0.00956	0.00956	0.01000	0.00805	0.00620	0.01186	0.01141	0.01566	0.02272	0.04312	0.02475	0.51132	0.25685	0.00894	0.01161	0.01008	0.00442	0.00531
7	0.01834	0.01584	0.01665	0.01502	0.01922	0.01820	0.01167	0.03874	0.63760	0.03113	0.03331	0.03067	0.05822	0.01076	0.00778	0.00257	0.00589	0.00897	0.00768	0.01171
8	0.01074	0.00751	0.00877	0.00877	0.00930	0.00754	0.00546	0.01138	0.01201	0.01588	0.03019	0.04974	0.11075	0.54230	0.13218	0.00744	0.00880	0.01125	0.00483	0.00515
9	0.02448	0.01866	0.02042	0.01539	0.02168	0.01906	0.01261	0.44750	0.02904	0.04013	0.01664	0.01739	0.01235	0.00795	0.00693	0.00189	0.00744	0.00605	0.00656	0.26784
10	0.07842	0.02033	0.02145	0.01676	0.02257	0.02264	0.01377	0.55879	0.09517	0.04534	0.01891	0.01879	0.01357	0.00908	0.00741	0.00231	0.00796	0.00681	0.00741	0.01250
11	0.01028	0.00766	0.00957	0.00926	0.01110	0.00694	0.00688	0.01338	0.02016	0.02770	0.51878	0.10813	0.18852	0.01682	0.00900	0.00247	0.00369	0.01473	0.00800	0.00694
12	0.00940	0.00667	0.00875	0.01036	0.01076	0.00627	0.00682	0.01060	0.01421	0.01895	0.04021	0.66806	0.04816	0.08693	0.01226	0.00346	0.00466	0.02063	0.00682	0.00602
13	0.09615	0.01833	0.01754	0.01503	0.01975	0.10547	0.01188	0.10943	0.30460	0.15447	0.02655	0.02495	0.04307	0.00970	0.00733	0.00239	0.00726	0.00758	0.00721	0.01130
14	0.03403	0.01291	0.01760	0.01350	0.01936	0.01115	0.01115	0.03697	0.02171	0.69137	0.02992	0.02582	0.01878	0.00939	0.00763	0.00235	0.00645	0.00763	0.00939	0.01291
15	0.01414	0.00707	0.00707	0.00707	0.00884	0.00707	0.00530	0.01767	0.01591	0.02828	0.02474	0.02828	0.01944	0.00884	0.00530	0.00177	0.00353	0.00707	0.77554	0.00707
16	0.08182	0.01246	0.01541	0.01241	0.01724	0.01167	0.01007	0.07415	0.04192	0.42020	0.11467	0.03162	0.06885	0.01065	0.00758	0.00234	0.00586	0.00867	0.04129	0.01112
17	0.03015	0.01597	0.02022	0.01770	0.07992	0.01582	0.01322	0.21396	0.06988	0.40324	0.02525	0.02319	0.01680	0.00914	0.00761	0.00233	0.00719	0.00739	0.00826	0.01276
18	0.00977	0.00671	0.00873	0.01019	0.01083	0.00630	0.00689	0.01142	0.01506	0.02081	0.07806	0.62653	0.04869	0.02195	0.00925	0.00292	0.00428	0.01981	0.07552	0.00630
19	0.04591	0.02810	0.38492	0.02531	0.14300	0.01638	0.10073	0.02212	0.01615	0.02398	0.01745	0.10867	0.01543	0.00916	0.00769	0.00248	0.00993	0.00821	0.00393	0.01046
20	0.01689	0.10469	0.46697	0.02451	0.10801	0.04615	0.08156	0.02408	0.01649	0.02330	0.01346	0.01626	0.01008	0.00703	0.00715	0.00230	0.01088	0.00585	0.00336	0.01097
21	0.01019	0.05561	0.01103	0.01059	0.01174	0.00795	0.00758	0.01189	0.01541	0.02029	0.08895	0.55728	0.09405	0.02156	0.00929	0.00291	0.00466	0.04562	0.00688	0.00652
22	0.07654	0.17648	0.15206	0.15027	0.03136	0.06091	0.12986	0.02247	0.01587	0.02186	0.01348	0.01862	0.01109	0.00789	0.00824	0.00236	0.06115	0.02636	0.00364	0.00948
23	0.01019	0.00742	0.00877	0.00923	0.01023	0.00702	0.00626	0.01151	0.01446	0.01878	0.08405	0.20389	0.19618	0.28720	0.04581	0.00486	0.00607	0.05618	0.00610	0.00578
24	0.78701	0.01467	0.01115	0.00997	0.01467	0.01702	0.00821	0.02230	0.01291	0.03403	0.01056	0.01232	0.00821	0.00704	0.00469	0.00235	0.00587	0.00411	0.00469	0.00821
25	0.01755	0.01677	0.02857	0.23068	0.51157	0.01770	0.02267	0.02220	0.01669	0.02329	0.01405	0.01917	0.01149	0.00699	0.00753	0.00233	0.00931	0.00675	0.00365	0.01103
26	0.25229	0.01735	0.07976	0.01571	0.06277	0.05538	0.01263	0.07069	0.06117	0.11237	0.06110	0.08741	0.02117	0.01062	0.00709	0.00247	0.00711	0.04725	0.00602	0.00964
27	0.01045	0.00774	0.00974	0.00924	0.01116	0.00703	0.00693	0.01376	0.02079	0.02881	0.58409	0.05930	0.17059	0.01611	0.00895	0.00241	0.00362	0.01409	0.00814	0.00703
28	0.01725	0.01854	0.03404	0.02597	0.02982	0.02120	0.33890	0.02129	0.01477	0.02129	0.01266	0.01854	0.01074	0.00982	0.01689	0.00294	0.36472	0.00780	0.00358	0.00927
29	0.67127	0.01440	0.01214	0.01052	0.01539	0.01611	0.00867	0.02455	0.01426	0.13507	0.01354	0.01440	0.00984	0.00740	0.00514	0.00235	0.00596	0.00465	0.00542	0.00894
