[name]
unknown

[dist]
# distance from previous block
# <min> <max>
0	19

[block]
# block no. 0 follows, 29 sequences, length 71
# corresponding to MSA columns:
# 19-89
name=unknown_A
#
# <colnr> <probs for GDERKNQSTAVLIFYWHMCP>
#	G	D	E	R	K	N	Q	S	T	A	V	L	I	F	Y	W	H	M	C	P
0	0.32858	0.01591	0.09475	0.03491	0.01875	0.01445	0.01195	0.08403	0.03493	0.16676	0.01902	0.02520	0.01531	0.00916	0.00640	0.00236	0.00669	0.09584	0.00572	0.00927
1	0.70123	0.01487	0.03679	0.01026	0.01500	0.01611	0.00880	0.05643	0.01367	0.05828	0.01109	0.01247	0.00837	0.00680	0.00474	0.00220	0.00583	0.00417	0.00467	0.00822
2	0.80005	0.01377	0.01047	0.00936	0.01377	0.01597	0.00771	0.02093	0.01212	0.03195	0.00991	0.01157	0.00771	0.00661	0.00441	0.00220	0.00551	0.00386	0.00441	0.00771
3	0.01771	0.01530	0.01610	0.01449	0.01852	0.01771	0.01127	0.03784	0.69247	0.02979	0.02898	0.02657	0.02174	0.00966	0.00725	0.00242	0.00564	0.00805	0.00725	0.01127
4	0.01532	0.03538	0.67201	0.01985	0.03008	0.01618	0.02538	0.02326	0.01535	0.06289	0.01368	0.01557	0.00952	0.00689	0.00679	0.00225	0.01026	0.00537	0.00335	0.01062
5	0.02978	0.01161	0.01572	0.01223	0.01725	0.01010	0.00995	0.03239	0.01978	0.64117	0.05567	0.02675	0.02016	0.05251	0.00892	0.00248	0.00600	0.00758	0.00851	0.01144
6	0.01034	0.00698	0.00815	0.00815	0.00829	0.00711	0.00480	0.01060	0.01047	0.01409	0.02208	0.04464	0.02504	0.67667	0.10816	0.00738	0.00818	0.01007	0.00426	0.00453
7	0.01477	0.01266	0.01477	0.01055	0.01687	0.00949	0.00844	0.01793	0.01477	0.02320	0.01266	0.01477	0.01055	0.00527	0.00527	0.00105	0.00527	0.00422	0.00422	0.79328
8	0.01879	0.71613	0.07302	0.01261	0.01894	0.02756	0.01293	0.02139	0.01450	0.01706	0.01005	0.01161	0.00913	0.00613	0.00469	0.00156	0.00777	0.00388	0.00304	0.00921
9	0.00868	0.00620	0.00826	0.00991	0.01033	0.00578	0.00661	0.00991	0.01363	0.01818	0.03925	0.74510	0.04710	0.02231	0.00909	0.00289	0.00413	0.02024	0.00661	0.00578
10	0.80005	0.01377	0.01047	0.00936	0.01377	0.01597	0.00771	0.02093	0.01212	0.03195	0.00991	0.01157	0.00771	0.00661	0.00441	0.00220	0.00551	0.00386	0.00441	0.00771
11	0.01722	0.01945	0.15615	0.28799	0.15631	0.01680	0.08115	0.09829	0.01755	0.06004	0.01431	0.01807	0.01058	0.00707	0.00716	0.00227	0.00936	0.00637	0.00400	0.00988
12	0.01558	0.01558	0.02181	0.01869	0.01869	0.02181	0.01558	0.01714	0.01091	0.01714	0.00935	0.01558	0.00935	0.01246	0.02337	0.00312	0.73672	0.00623	0.00312	0.00779
13	0.01327	0.00664	0.00664	0.00664	0.00830	0.00664	0.00498	0.01659	0.01493	0.02655	0.02323	0.02655	0.01825	0.00830	0.00498	0.00166	0.00332	0.00664	0.78928	0.00664
14	0.01681	0.01921	0.04202	0.03001	0.03721	0.01801	0.67947	0.02281	0.01681	0.02281	0.01441	0.01921	0.01080	0.00600	0.00840	0.00240	0.01200	0.00840	0.00360	0.00960
15	0.01647	0.04032	0.02051	0.04326	0.01961	0.14072	0.04120	0.01830	0.01333	0.01746	0.01442	0.11241	0.01498	0.04056	0.01724	0.00290	0.40702	0.00796	0.00374	0.00759
16	0.02158	0.01682	0.01962	0.06128	0.02237	0.01726	0.03352	0.39787	0.02547	0.03510	0.01617	0.04176	0.01265	0.00788	0.00668	0.00187	0.00719	0.00630	0.00588	0.24274
17	0.04879	0.67371	0.05992	0.01260	0.01857	0.02706	0.01264	0.02120	0.01427	0.01756	0.00998	0.01170	0.00909	0.00636	0.00531	0.00163	0.03348	0.00395	0.00310	0.00908
18	0.01327	0.00664	0.00664	0.00664	0.00830	0.00664	0.00498	0.01659	0.01493	0.02655	0.02323	0.02655	0.01825	0.00830	0.00498	0.00166	0.00332	0.00664	0.78928	0.00664
19	0.01813	0.01965	0.02147	0.08847	0.13254	0.20601	0.01585	0.02058	0.01460	0.01824	0.01170	0.01670	0.01045	0.01359	0.08250	0.00335	0.28847	0.00595	0.00340	0.00835
20	0.01514	0.01654	0.03509	0.02588	0.03169	0.01550	0.54130	0.02016	0.01615	0.02186	0.01951	0.16827	0.01826	0.00935	0.00854	0.00250	0.01039	0.01083	0.00422	0.00882
21	0.00868	0.00620	0.00826	0.00991	0.01033	0.00578	0.00661	0.00991	0.01363	0.01818	0.03925	0.74510	0.04710	0.02231	0.00909	0.00289	0.00413	0.02024	0.00661	0.00578
22	0.01904	0.75404	0.03731	0.01218	0.01828	0.02818	0.01218	0.02132	0.01447	0.01675	0.00990	0.01142	0.00914	0.00609	0.00457	0.00152	0.00761	0.00381	0.00305	0.00914
23	0.01036	0.00690	0.00777	0.00777	0.00777	0.00690	0.00431	0.01036	0.01036	0.01381	0.02244	0.04660	0.02589	0.74975	0.03624	0.00690	0.00690	0.01036	0.00431	0.00431
24	0.00868	0.00620	0.00826	0.00991	0.01033	0.00578	0.00661	0.00991	0.01363	0.01818	0.03925	0.74510	0.04710	0.02231	0.00909	0.00289	0.00413	0.02024	0.00661	0.00578
25	0.01477	0.01266	0.01477	0.01055	0.01687	0.00949	0.00844	0.01793	0.01477	0.02320	0.01266	0.01477	0.01055	0.00527	0.00527	0.00105	0.00527	0.00422	0.00422	0.79328
26	0.01036	0.00690	0.00777	0.00777	0.00777	0.00690	0.00431	0.01036	0.01036	0.01381	0.02244	0.04660	0.02589	0.74975	0.03624	0.00690	0.00690	0.01036	0.00431	0.00431
27	0.01781	0.04742	0.02254	0.02457	0.23773	0.05868	0.05637	0.02943	0.33951	0.02557	0.02308	0.02359	0.04497	0.00844	0.00715	0.00225	0.00735	0.00744	0.00543	0.01068
28	0.01327	0.00664	0.00664	0.00664	0.00830	0.00664	0.00498	0.01659	0.01493	0.02655	0.02323	0.02655	0.01825	0.00830	0.00498	0.00166	0.00332	0.00664	0.78928	0.00664
29	0.01939	0.50308	0.03324	0.01501	0.02025	0.09096	0.07414	0.02193	0.01500	0.04012	0.01123	0.01357	0.00985	0.00827	0.02798	0.00210	0.07678	0.00475	0.00337	0.00899
30	0.51241	0.01321	0.01318	0.07860	0.01833	0.01443	0.00962	0.02450	0.01461	0.21905	0.01522	0.01579	0.01063	0.00727	0.00543	0.00222	0.00604	0.00501	0.00551	0.00895
31	0.01327	0.00664	0.00664	0.00664	0.00830	0.00664	0.00498	0.01659	0.01493	0.02655	0.02323	0.02655	0.01825	0.00830	0.00498	0.00166	0.00332	0.00664	0.78928	0.00664
32	0.01559	0.01684	0.05526	0.08233	0.16206	0.01754	0.23912	0.01964	0.01458	0.02062	0.01478	0.07971	0.01344	0.00930	0.01203	0.00257	0.20378	0.00815	0.00366	0.00903
33	0.01654	0.04020	0.02643	0.03519	0.49452	0.04475	0.06593	0.02025	0.01595	0.02196	0.01742	0.13463	0.01686	0.00893	0.00737	0.00223	0.00817	0.00858	0.00402	0.01008
34	0.01008	0.00728	0.00952	0.00896	0.01064	0.00672	0.00672	0.01344	0.02016	0.02855	0.70158	0.05319	0.06719	0.01456	0.00840	0.00224	0.00336	0.01288	0.00784	0.00672
35	0.01036	0.00690	0.00777	0.00777	0.00777	0.00690	0.00431	0.01036	0.01036	0.01381	0.02244	0.04660	0.02589	0.74975	0.03624	0.00690	0.00690	0.01036	0.00431	0.00431
36	0.01327	0.00664	0.00664	0.00664	0.00830	0.00664	0.00498	0.01659	0.01493	0.02655	0.02323	0.02655	0.01825	0.00830	0.00498	0.00166	0.00332	0.00664	0.78928	0.00664
37	0.01076	0.00724	0.00940	0.00991	0.01107	0.00683	0.00697	0.03416	0.01633	0.05240	0.22557	0.47046	0.04967	0.04236	0.00961	0.00278	0.00421	0.01680	0.00700	0.00649
38	0.01476	0.10962	0.64429	0.01947	0.02955	0.01772	0.02488	0.02243	0.01498	0.02196	0.01249	0.01467	0.00903	0.00670	0.00654	0.00218	0.01023	0.00511	0.00301	0.01038
39	0.01558	0.01558	0.02181	0.01869	0.01869	0.02181	0.01558	0.01714	0.01091	0.01714	0.00935	0.01558	0.00935	0.01246	0.02337	0.00312	0.73672	0.00623	0.00312	0.00779
40	0.01345	0.01266	0.02136	0.73264	0.04904	0.01582	0.01978	0.01819	0.01424	0.01819	0.01266	0.01898	0.00949	0.00712	0.00712	0.00237	0.00949	0.00633	0.00316	0.00791
41	0.05039	0.01848	0.01968	0.01560	0.02079	0.02055	0.01272	0.53654	0.12936	0.04110	0.01954	0.04879	0.01485	0.00922	0.00713	0.00221	0.00728	0.00715	0.00703	0.01158
42	0.01166	0.00801	0.01064	0.01038	0.01180	0.00894	0.00787	0.04849	0.01312	0.01954	0.02014	0.02940	0.01856	0.12729	0.46913	0.00861	0.01411	0.00771	0.14816	0.00646
43	0.01738	0.01667	0.02846	0.08412	0.66684	0.01685	0.02173	0.02164	0.01610	0.02297	0.01335	0.01770	0.01117	0.00639	0.00705	0.00213	0.00852	0.00634	0.00350	0.01108
44	0.02605	0.01930	0.02105	0.01695	0.04456	0.02127	0.01343	0.63121	0.03193	0.04285	0.01719	0.01835	0.01266	0.03950	0.00834	0.00234	0.00782	0.00657	0.00688	0.01176
45	0.01558	0.01558	0.02181	0.01869	0.01869	0.02181	0.01558	0.01714	0.01091	0.01714	0.00935	0.01558	0.00935	0.01246	0.02337	0.00312	0.73672	0.00623	0.00312	0.00779
46	0.05210	0.14053	0.43394	0.01839	0.02689	0.06482	0.05568	0.04620	0.01621	0.06313	0.01324	0.01503	0.00970	0.00684	0.00643	0.00212	0.00974	0.00525	0.00363	0.01014
47	0.01327	0.00664	0.00664	0.00664	0.00830	0.00664	0.00498	0.01659	0.01493	0.02655	0.02323	0.02655	0.01825	0.00830	0.00498	0.00166	0.00332	0.00664	0.78928	0.00664
48	0.01604	0.01357	0.01580	0.01233	0.03783	0.01142	0.00948	0.06888	0.08041	0.02543	0.01455	0.01614	0.01174	0.00596	0.00565	0.00129	0.00559	0.00481	0.00470	0.63836
49	0.05282	0.02040	0.07425	0.03425	0.47463	0.13083	0.01927	0.02225	0.01660	0.02241	0.01625	0.01938	0.05116	0.00723	0.00689	0.00210	0.00891	0.00638	0.00373	0.01027
50	0.02397	0.01779	0.01948	0.01473	0.02059	0.01841	0.01210	0.48691	0.02814	0.05922	0.01626	0.01670	0.01186	0.00769	0.00664	0.00185	0.00711	0.00585	0.00641	0.21830
51	0.01868	0.70040	0.08783	0.01279	0.01921	0.02731	0.01324	0.02141	0.01451	0.01719	0.01011	0.01169	0.00913	0.00614	0.00473	0.00158	0.00783	0.00392	0.00304	0.00924
52	0.01413	0.05667	0.01958	0.03913	0.01782	0.01749	0.03638	0.01599	0.01248	0.01785	0.03781	0.02654	0.10547	0.08096	0.01933	0.00313	0.43163	0.00784	0.00388	0.03588
53	0.14873	0.02611	0.02012	0.08240	0.13308	0.43337	0.01460	0.02528	0.01773	0.02077	0.01136	0.01393	0.00930	0.00704	0.00626	0.00199	0.01066	0.00490	0.00372	0.00862
54	0.02704	0.02068	0.02131	0.01649	0.02208	0.05903	0.01355	0.64707	0.03278	0.04343	0.01677	0.01687	0.01195	0.00848	0.00709	0.00212	0.00810	0.00631	0.00694	0.01191
55	0.01345	0.01266	0.02136	0.73264	0.04904	0.01582	0.01978	0.01819	0.01424	0.01819	0.01266	0.01898	0.00949	0.00712	0.00712	0.00237	0.00949	0.00633	0.00316	0.00791
56	0.01675	0.01566	0.02487	0.10368	0.48722	0.01632	0.01909	0.02348	0.12507	0.02363	0.01849	0.02277	0.03616	0.00774	0.00722	0.00223	0.00789	0.02681	0.00428	0.01064
57	0.01008	0.00728	0.00952	0.00896	0.01064	0.00672	0.00672	0.01344	0.02016	0.02855	0.70158	0.05319	0.06719	0.01456	0.00840	0.00224	0.00336	0.01288	0.00784	0.00672
58	0.01213	0.00904	0.01064	0.01004	0.01220	0.00882	0.00752	0.11963	0.01986	0.02668	0.29639	0.22451	0.18269	0.01625	0.00837	0.00242	0.00433	0.01413	0.00716	0.00721
59	0.00975	0.00727	0.00906	0.00861	0.01043	0.00658	0.00646	0.01279	0.01937	0.02669	0.57588	0.05625	0.19405	0.01525	0.00840	0.00227	0.00341	0.01331	0.00759	0.00658
60	0.01327	0.00664	0.00664	0.00664	0.00830	0.00664	0.00498	0.01659	0.01493	0.02655	0.02323	0.02655	0.01825	0.00830	0.00498	0.00166	0.00332	0.00664	0.78928	0.00664
61	0.01448	0.03548	0.66132	0.02104	0.03131	0.01665	0.07649	0.02257	0.01517	0.02257	0.01290	0.01535	0.00916	0.00671	0.00689	0.00227	0.01064	0.00550	0.00305	0.01045
62	0.01362	0.01220	0.03631	0.01094	0.01433	0.03485	0.00878	0.02216	0.25192	0.05405	0.09179	0.04721	0.34638	0.01373	0.00783	0.00236	0.00496	0.01142	0.00678	0.00839
63	0.01327	0.00664	0.00664	0.00664	0.00830	0.00664	0.00498	0.01659	0.01493	0.02655	0.02323	0.02655	0.01825	0.00830	0.00498	0.00166	0.00332	0.00664	0.78928	0.00664
64	0.02707	0.01995	0.02137	0.01638	0.02208	0.02208	0.01353	0.68159	0.03348	0.04488	0.01710	0.01710	0.01211	0.00855	0.00712	0.00214	0.00784	0.00641	0.00712	0.01211
65	0.01448	0.01094	0.01367	0.01436	0.05567	0.01142	0.01091	0.04542	0.19688	0.05556	0.11655	0.07652	0.07929	0.01471	0.00847	0.00269	0.00578	0.25135	0.00684	0.00849
66	0.02848	0.01769	0.01997	0.01531	0.02096	0.01873	0.01265	0.49487	0.02970	0.23694	0.02027	0.01916	0.01370	0.00862	0.00713	0.00216	0.00732	0.00663	0.00761	0.01211
67	0.00899	0.00738	0.00801	0.00826	0.01051	0.00640	0.00646	0.01110	0.01642	0.01996	0.09254	0.06984	0.56704	0.01816	0.00865	0.00254	0.00408	0.12087	0.00665	0.00613
68	0.01428	0.03683	0.71286	0.02030	0.03082	0.01654	0.02631	0.02255	0.01503	0.02255	0.01278	0.01503	0.00902	0.00677	0.00677	0.00226	0.01052	0.00526	0.00301	0.01052
69	0.01654	0.01359	0.01440	0.01300	0.01677	0.01512	0.01010	0.03234	0.53160	0.05776	0.03732	0.03461	0.15364	0.01125	0.00747	0.00240	0.00526	0.00937	0.00719	0.01029
70	0.01747	0.01512	0.01620	0.03515	0.01934	0.01734	0.01141	0.03651	0.64685	0.02920	0.02788	0.02589	0.02095	0.00942	0.00717	0.00236	0.00573	0.00785	0.00701	0.04114

[dist]
# distance from previous block
# <min> <max>
4	10

[block]
# block no. 1 follows, 29 sequences, length 17
# corresponding to MSA columns:
# 100-116
name=unknown_B
#
# <colnr> <probs for GDERKNQSTAVLIFYWHMCP>
#	G	D	E	R	K	N	Q	S	T	A	V	L	I	F	Y	W	H	M	C	P
0	0.01600	0.06201	0.06137	0.08775	0.42127	0.01586	0.01877	0.02080	0.04177	0.02267	0.05176	0.02773	0.01809	0.00874	0.00733	0.00228	0.00798	0.09364	0.00420	0.00998
1	0.02044	0.01131	0.01523	0.05908	0.05990	0.01105	0.01091	0.09147	0.03851	0.27423	0.08565	0.19913	0.02883	0.01287	0.00787	0.00244	0.00594	0.04848	0.00718	0.00950
2	0.01098	0.00759	0.00907	0.00940	0.01147	0.00677	0.00728	0.01308	0.01620	0.07414	0.07816	0.20399	0.36387	0.01837	0.00873	0.00265	0.00447	0.14038	0.00682	0.00658
3	0.01000	0.00776	0.01151	0.01386	0.07272	0.00740	0.03116	0.01185	0.01422	0.01907	0.03599	0.59524	0.04216	0.02011	0.00896	0.00284	0.00500	0.07746	0.00623	0.00647
4	0.08884	0.02786	0.41828	0.04271	0.07202	0.01626	0.13177	0.02323	0.01553	0.07750	0.01403	0.01641	0.01003	0.00677	0.00688	0.00227	0.00980	0.00590	0.00373	0.01021
5	0.01652	0.01580	0.02692	0.22499	0.53264	0.01663	0.02131	0.02089	0.01569	0.02193	0.01320	0.01798	0.01081	0.00655	0.00707	0.00218	0.00873	0.00634	0.00343	0.01039
6	0.01558	0.01558	0.02181	0.01869	0.01869	0.02181	0.01558	0.01714	0.01091	0.01714	0.00935	0.01558	0.00935	0.01246	0.02337	0.00312	0.73672	0.00623	0.00312	0.00779
7	0.01632	0.02457	0.34200	0.05780	0.10930	0.01566	0.06161	0.04171	0.01597	0.08292	0.03467	0.07169	0.01469	0.00875	0.00857	0.00236	0.07009	0.00724	0.00416	0.00993
8	0.08008	0.01847	0.08602	0.11573	0.39200	0.01760	0.01941	0.13841	0.01861	0.02712	0.01363	0.01698	0.01073	0.00689	0.00684	0.00217	0.00842	0.00606	0.00414	0.01068
9	0.02707	0.01995	0.02137	0.01638	0.02208	0.02208	0.01353	0.68159	0.03348	0.04488	0.01710	0.01710	0.01211	0.00855	0.00712	0.00214	0.00784	0.00641	0.00712	0.01211
10	0.73130	0.01405	0.01209	0.01238	0.07454	0.01606	0.00895	0.02101	0.01248	0.03118	0.01022	0.01210	0.00803	0.00659	0.00464	0.00220	0.00577	0.00407	0.00433	0.00803
11	0.02011	0.49594	0.09265	0.01607	0.06310	0.14552	0.01435	0.04521	0.01626	0.01874	0.01081	0.01257	0.00937	0.00647	0.00532	0.00170	0.00883	0.00432	0.00332	0.00934
12	0.01327	0.00664	0.00664	0.00664	0.00830	0.00664	0.00498	0.01659	0.01493	0.02655	0.02323	0.02655	0.01825	0.00830	0.00498	0.00166	0.00332	0.00664	0.78928	0.00664
13	0.01822	0.68511	0.03492	0.01212	0.01776	0.02640	0.01188	0.02053	0.01419	0.01673	0.01075	0.01295	0.00994	0.01046	0.07077	0.00244	0.00867	0.00416	0.00312	0.00888
14	0.01677	0.01330	0.01546	0.01119	0.01742	0.01070	0.00901	0.08006	0.01678	0.05998	0.01385	0.01546	0.01105	0.00575	0.00554	0.00121	0.00555	0.00457	0.00472	0.68161
15	0.02054	0.02010	0.02263	0.18653	0.20824	0.17015	0.01699	0.15786	0.08062	0.02582	0.01486	0.01759	0.01152	0.00748	0.00696	0.00214	0.00926	0.00613	0.00454	0.01003
16	0.01701	0.01618	0.02751	0.09652	0.62196	0.01643	0.02121	0.02124	0.01607	0.02277	0.01445	0.02061	0.01250	0.00702	0.00718	0.00219	0.00845	0.03625	0.00364	0.01080

[dist]
# distance from previous block
# <min> <max>
0	1

[block]
# block no. 2 follows, 29 sequences, length 47
# corresponding to MSA columns:
# 118-164
name=unknown_C
#
# <colnr> <probs for GDERKNQSTAVLIFYWHMCP>
#	G	D	E	R	K	N	Q	S	T	A	V	L	I	F	Y	W	H	M	C	P
0	0.01759	0.01702	0.02950	0.04308	0.67471	0.01697	0.05199	0.02190	0.01624	0.02324	0.01344	0.01770	0.01126	0.00633	0.00711	0.00213	0.00862	0.00644	0.00353	0.01120
1	0.01786	0.01817	0.04956	0.04203	0.65886	0.04347	0.02168	0.02212	0.01633	0.02302	0.01329	0.01736	0.01113	0.00639	0.00702	0.00211	0.00869	0.00624	0.00351	0.01114
2	0.01762	0.01692	0.02890	0.04371	0.70533	0.01692	0.02185	0.02185	0.01621	0.02326	0.01339	0.01762	0.01128	0.00634	0.00705	0.00211	0.00846	0.00634	0.00352	0.01128
3	0.01484	0.01291	0.01581	0.01129	0.01765	0.00982	0.03406	0.01812	0.01484	0.02319	0.01272	0.01494	0.01056	0.00530	0.00539	0.00111	0.00553	0.00438	0.00420	0.76335
4	0.01547	0.01348	0.01609	0.04332	0.01889	0.01472	0.05713	0.05816	0.40338	0.02718	0.07441	0.03583	0.16875	0.01133	0.00763	0.00239	0.00578	0.00970	0.00671	0.00967
5	0.01327	0.00664	0.00664	0.00664	0.00830	0.00664	0.00498	0.01659	0.01493	0.02655	0.02323	0.02655	0.01825	0.00830	0.00498	0.00166	0.00332	0.00664	0.78928	0.00664
6	0.08306	0.01299	0.01476	0.01080	0.01689	0.01057	0.00869	0.04402	0.01559	0.06730	0.01354	0.01517	0.01080	0.00573	0.00539	0.00126	0.00544	0.00445	0.00463	0.64893
7	0.01069	0.00744	0.00959	0.00896	0.01082	0.00679	0.00675	0.01392	0.01989	0.05076	0.63479	0.05330	0.11014	0.01461	0.00836	0.00225	0.00347	0.01284	0.00779	0.00685
8	0.01608	0.01527	0.02558	0.29749	0.43419	0.01654	0.02065	0.02116	0.04329	0.02165	0.01376	0.01849	0.01105	0.00677	0.00708	0.00222	0.00873	0.00641	0.00354	0.01003
9	0.06869	0.01273	0.02059	0.68184	0.04657	0.01583	0.01893	0.01839	0.01409	0.01916	0.01246	0.01846	0.00937	0.00708	0.00693	0.00236	0.00921	0.00615	0.00325	0.00790
10	0.01327	0.00664	0.00664	0.00664	0.00830	0.00664	0.00498	0.01659	0.01493	0.02655	0.02323	0.02655	0.01825	0.00830	0.00498	0.00166	0.00332	0.00664	0.78928	0.00664
11	0.01662	0.01589	0.02709	0.20942	0.54747	0.01665	0.02135	0.02097	0.01574	0.02204	0.01322	0.01795	0.01085	0.00653	0.00707	0.00218	0.00871	0.00634	0.00344	0.01047
12	0.07931	0.03239	0.55835	0.02080	0.03034	0.01670	0.11893	0.02245	0.01505	0.02336	0.01278	0.01535	0.00917	0.00664	0.00681	0.00227	0.01032	0.00560	0.00321	0.01016
13	0.01000	0.00821	0.00970	0.01012	0.04255	0.00763	0.00714	0.01353	0.05882	0.02248	0.23828	0.05648	0.40372	0.01850	0.05836	0.00298	0.00497	0.01308	0.00665	0.00680
14	0.00868	0.00620	0.00826	0.00991	0.01033	0.00578	0.00661	0.00991	0.01363	0.01818	0.03925	0.74510	0.04710	0.02231	0.00909	0.00289	0.00413	0.02024	0.00661	0.00578
15	0.01771	0.01530	0.01610	0.01449	0.01852	0.01771	0.01127	0.03784	0.69247	0.02979	0.02898	0.02657	0.02174	0.00966	0.00725	0.00242	0.00564	0.00805	0.00725	0.01127
16	0.01036	0.00690	0.00777	0.00777	0.00777	0.00690	0.00431	0.01036	0.01036	0.01381	0.02244	0.04660	0.02589	0.74975	0.03624	0.00690	0.00690	0.01036	0.00431	0.00431
17	0.02780	0.01877	0.02064	0.01583	0.02150	0.02034	0.01307	0.58458	0.03151	0.14466	0.01874	0.01817	0.01294	0.00859	0.00713	0.00215	0.00757	0.00652	0.00738	0.01211
18	0.02660	0.03394	0.02018	0.01834	0.02201	0.72116	0.01376	0.02843	0.02018	0.01743	0.01101	0.01284	0.00917	0.00734	0.00642	0.00183	0.01284	0.00459	0.00367	0.00825
19	0.01972	0.01743	0.01652	0.03765	0.01958	0.12218	0.01160	0.03470	0.49484	0.07522	0.02546	0.02410	0.01903	0.00912	0.00702	0.00228	0.00677	0.00736	0.03884	0.01058
20	0.02115	0.01549	0.01628	0.01356	0.01751	0.04257	0.01068	0.35358	0.09362	0.06505	0.02378	0.11086	0.03873	0.05878	0.00908	0.00252	0.00666	0.00875	0.08147	0.00991
21	0.01727	0.01330	0.01455	0.01295	0.01668	0.01462	0.01010	0.04996	0.46149	0.08663	0.12473	0.03367	0.09104	0.01101	0.00750	0.00236	0.00523	0.00924	0.00740	0.01025
22	0.01327	0.00664	0.00664	0.00664	0.00830	0.00664	0.00498	0.01659	0.01493	0.02655	0.02323	0.02655	0.01825	0.00830	0.00498	0.00166	0.00332	0.00664	0.78928	0.00664
23	0.01762	0.01692	0.02890	0.04371	0.70533	0.01692	0.02185	0.02185	0.01621	0.02326	0.01339	0.01762	0.01128	0.00634	0.00705	0.00211	0.00846	0.00634	0.00352	0.01128
24	0.01971	0.10448	0.01914	0.01408	0.01855	0.04017	0.01143	0.16699	0.36473	0.05241	0.02626	0.02516	0.06365	0.01079	0.02848	0.00250	0.00683	0.00752	0.00651	0.01062
25	0.01327	0.00664	0.00664	0.00664	0.00830	0.00664	0.00498	0.01659	0.01493	0.02655	0.02323	0.02655	0.01825	0.00830	0.00498	0.00166	0.00332	0.00664	0.78928	0.00664
26	0.16003	0.05557	0.04288	0.21502	0.03004	0.09921	0.13884	0.02063	0.01461	0.02140	0.01259	0.03953	0.01054	0.00795	0.00877	0.00235	0.10179	0.00634	0.00363	0.00828
27	0.01048	0.00814	0.00973	0.01004	0.01181	0.00795	0.00748	0.01518	0.11102	0.02279	0.20227	0.27012	0.19091	0.01752	0.00859	0.00260	0.00427	0.07524	0.00699	0.00690
28	0.01782	0.01873	0.05135	0.06429	0.50360	0.06150	0.10955	0.02281	0.03862	0.02284	0.01384	0.01780	0.01129	0.00651	0.00719	0.00216	0.00923	0.00653	0.00364	0.01071
29	0.01003	0.00719	0.00896	0.00856	0.00990	0.00672	0.00607	0.01250	0.01760	0.02449	0.50114	0.05264	0.09883	0.18742	0.01494	0.00335	0.00421	0.01243	0.00693	0.00611
30	0.01327	0.00664	0.00664	0.00664	0.00830	0.00664	0.00498	0.01659	0.01493	0.02655	0.02323	0.02655	0.01825	0.00830	0.00498	0.00166	0.00332	0.00664	0.78928	0.00664
31	0.00868	0.00620	0.00826	0.00991	0.01033	0.00578	0.00661	0.00991	0.01363	0.01818	0.03925	0.74510	0.04710	0.02231	0.00909	0.00289	0.00413	0.02024	0.00661	0.00578
32	0.01830	0.01841	0.02756	0.08184	0.59653	0.08900	0.02090	0.02231	0.01650	0.02237	0.01311	0.01721	0.01096	0.00649	0.00699	0.00210	0.00897	0.00616	0.00352	0.01077
33	0.01554	0.01543	0.02145	0.01827	0.01860	0.02118	0.01521	0.01718	0.01110	0.01745	0.00952	0.01554	0.00941	0.01209	0.02244	0.00301	0.69905	0.00613	0.00317	0.04824
34	0.01345	0.01266	0.02136	0.73264	0.04904	0.01582	0.01978	0.01819	0.01424	0.01819	0.01266	0.01898	0.00949	0.00712	0.00712	0.00237	0.00949	0.00633	0.00316	0.00791
35	0.01024	0.00685	0.00780	0.00792	0.00795	0.00682	0.00448	0.01032	0.01059	0.01411	0.02362	0.09565	0.02738	0.69866	0.03434	0.00662	0.00671	0.01105	0.00448	0.00442
36	0.01532	0.01342	0.01684	0.01227	0.01821	0.01114	0.04363	0.03961	0.01523	0.02349	0.01267	0.01512	0.01053	0.00588	0.00667	0.00129	0.05330	0.00464	0.00421	0.67651
37	0.02779	0.01291	0.01629	0.01293	0.01799	0.01224	0.01054	0.08809	0.12213	0.50336	0.05417	0.02655	0.04249	0.00944	0.00726	0.00224	0.00596	0.00771	0.00833	0.01158
38	0.01825	0.63557	0.14890	0.01352	0.02035	0.02625	0.01452	0.02152	0.01456	0.01771	0.01038	0.01202	0.00912	0.00620	0.00493	0.00164	0.00810	0.00405	0.00304	0.00937
39	0.01558	0.01558	0.02181	0.01869	0.01869	0.02181	0.01558	0.01714	0.01091	0.01714	0.00935	0.01558	0.00935	0.01246	0.02337	0.00312	0.73672	0.00623	0.00312	0.00779
40	0.04873	0.01375	0.06680	0.01256	0.01730	0.01176	0.01084	0.09635	0.06461	0.31281	0.21015	0.03020	0.02976	0.01009	0.00732	0.00219	0.00577	0.00837	0.00755	0.03309
41	0.01328	0.00703	0.00759	0.05388	0.01095	0.00723	0.00594	0.01670	0.01489	0.02600	0.02254	0.02606	0.01768	0.00822	0.00512	0.00171	0.00372	0.00662	0.73812	0.00672
42	0.07318	0.02320	0.06811	0.04616	0.30697	0.23650	0.01760	0.07953	0.01852	0.02363	0.01340	0.01742	0.01115	0.00730	0.00675	0.00209	0.00968	0.02496	0.00398	0.00989
43	0.01731	0.01684	0.02630	0.16406	0.25004	0.04367	0.12746	0.05728	0.10836	0.02360	0.01535	0.01894	0.01209	0.00740	0.00830	0.00228	0.05629	0.00678	0.00416	0.03349
44	0.16681	0.04989	0.02090	0.04315	0.12320	0.06915	0.07677	0.04877	0.07852	0.11490	0.01742	0.06485	0.01428	0.00848	0.00747	0.00223	0.04509	0.00692	0.00505	0.03615
45	0.02104	0.03965	0.01811	0.08787	0.02156	0.05260	0.01210	0.27227	0.10340	0.09981	0.05832	0.09751	0.04056	0.01035	0.00728	0.00222	0.00699	0.00846	0.00647	0.03343
46	0.02035	0.01468	0.01664	0.04278	0.01905	0.01529	0.01099	0.32622	0.06392	0.08214	0.10820	0.06064	0.08625	0.01050	0.00731	0.00213	0.00627	0.00857	0.00680	0.09128

[dist]
# distance from previous block
# <min> <max>
2	13

[block]
# block no. 3 follows, 29 sequences, length 25
# corresponding to MSA columns:
# 178-202
name=unknown_D
#
# <colnr> <probs for GDERKNQSTAVLIFYWHMCP>
#	G	D	E	R	K	N	Q	S	T	A	V	L	I	F	Y	W	H	M	C	P
0	0.35898	0.01561	0.04346	0.06850	0.05822	0.01636	0.01157	0.16306	0.05032	0.03160	0.03967	0.04379	0.01355	0.00801	0.00595	0.00217	0.00654	0.00596	0.00513	0.05154
1	0.16029	0.01559	0.08337	0.31253	0.05704	0.01554	0.01589	0.07064	0.01577	0.07298	0.01487	0.05419	0.01192	0.00810	0.00722	0.00230	0.03486	0.00647	0.00431	0.03613
2	0.05771	0.01014	0.03799	0.01084	0.01296	0.00944	0.00831	0.06728	0.03868	0.10768	0.01580	0.02210	0.01364	0.05563	0.02053	0.46511	0.00641	0.00640	0.00446	0.02889
3	0.02589	0.02778	0.02052	0.02014	0.09667	0.48972	0.01410	0.05537	0.05251	0.10932	0.01459	0.01567	0.01122	0.00758	0.00665	0.00195	0.01093	0.00535	0.00463	0.00939
4	0.06608	0.20308	0.20652	0.05444	0.02439	0.29265	0.01666	0.02422	0.01668	0.01951	0.01123	0.01333	0.00906	0.00684	0.00599	0.00192	0.01039	0.00463	0.00336	0.00901
5	0.01630	0.01541	0.02581	0.19523	0.49584	0.01595	0.02029	0.02056	0.01570	0.02205	0.01411	0.02015	0.01197	0.00697	0.00708	0.00216	0.00845	0.03090	0.00360	0.05147
6	0.01036	0.00690	0.00777	0.00777	0.00777	0.00690	0.00431	0.01036	0.01036	0.01381	0.02244	0.04660	0.02589	0.74975	0.03624	0.00690	0.00690	0.01036	0.00431	0.00431
7	0.00934	0.00667	0.00900	0.01051	0.01125	0.00634	0.00761	0.01113	0.01461	0.01948	0.08106	0.56532	0.04712	0.02128	0.00920	0.00293	0.00458	0.14991	0.00668	0.00600
8	0.02192	0.01446	0.11087	0.01271	0.01768	0.01090	0.01152	0.02704	0.08229	0.35784	0.15613	0.03191	0.06358	0.03801	0.00851	0.00242	0.00602	0.00861	0.00739	0.01017
9	0.03023	0.01234	0.01641	0.01269	0.01796	0.01102	0.01044	0.07733	0.02126	0.62166	0.07018	0.02559	0.02040	0.00916	0.00724	0.00220	0.00601	0.00747	0.00864	0.01177
10	0.00920	0.00643	0.00853	0.00998	0.01045	0.00610	0.00682	0.01034	0.01343	0.01786	0.03669	0.60267	0.04348	0.08242	0.01212	0.03375	0.00465	0.07319	0.00628	0.00562
11	0.12663	0.01255	0.01517	0.01219	0.01687	0.01211	0.00990	0.11886	0.02072	0.41581	0.09945	0.06562	0.02274	0.00989	0.00705	0.00224	0.00583	0.00800	0.00778	0.01059
12	0.02355	0.01415	0.01657	0.01365	0.01790	0.01457	0.01086	0.32555	0.02462	0.22124	0.02599	0.21168	0.02289	0.01226	0.00765	0.00235	0.00637	0.01028	0.00745	0.01044
13	0.01345	0.01266	0.02136	0.73264	0.04904	0.01582	0.01978	0.01819	0.01424	0.01819	0.01266	0.01898	0.00949	0.00712	0.00712	0.00237	0.00949	0.00633	0.00316	0.00791
14	0.07279	0.02374	0.01822	0.01689	0.04506	0.35173	0.01275	0.13638	0.07042	0.05061	0.01924	0.02433	0.04221	0.00939	0.00696	0.00215	0.00956	0.07331	0.00517	0.00908
15	0.58844	0.01616	0.08644	0.01164	0.01694	0.01536	0.03230	0.02301	0.01369	0.12138	0.01280	0.01388	0.00928	0.00690	0.00516	0.00222	0.00633	0.00460	0.00482	0.00866
16	0.04590	0.01986	0.04806	0.03709	0.50361	0.11001	0.08736	0.02281	0.01662	0.02273	0.01304	0.01687	0.01076	0.00646	0.00700	0.00211	0.00936	0.00620	0.00357	0.01056
17	0.10647	0.44558	0.17534	0.01408	0.02080	0.05001	0.01481	0.06391	0.01575	0.02150	0.01101	0.01262	0.00914	0.00650	0.00525	0.00180	0.00820	0.00432	0.00347	0.00943
18	0.01303	0.00668	0.00708	0.00708	0.00863	0.00676	0.00529	0.01597	0.01442	0.02519	0.02241	0.02639	0.01792	0.01200	0.05172	0.04263	0.00447	0.00668	0.69923	0.00644
19	0.45180	0.01348	0.01337	0.01109	0.01593	0.01430	0.00911	0.05160	0.05169	0.27790	0.01777	0.01715	0.01220	0.00764	0.00566	0.00221	0.00580	0.00537	0.00625	0.00966
20	0.01857	0.01926	0.02536	0.15714	0.43174	0.14747	0.01948	0.02321	0.04901	0.02161	0.01357	0.01740	0.01108	0.00682	0.00695	0.00212	0.00932	0.00610	0.00367	0.01013
21	0.10896	0.05572	0.02265	0.06601	0.29105	0.10082	0.01589	0.10346	0.09092	0.02639	0.01499	0.01736	0.01190	0.00722	0.00650	0.00209	0.00808	0.00592	0.03393	0.01014
22	0.19712	0.07454	0.12514	0.04286	0.02179	0.03790	0.04738	0.15837	0.09042	0.05569	0.01797	0.01884	0.04442	0.00792	0.00633	0.00215	0.00754	0.00606	0.00511	0.03244
23	0.14259	0.01484	0.02006	0.31349	0.05825	0.01697	0.04040	0.14943	0.03770	0.05093	0.01407	0.01745	0.01053	0.00749	0.00728	0.00225	0.03656	0.00600	0.00453	0.04918
24	0.21420	0.04181	0.04354	0.04176	0.01890	0.01465	0.03589	0.10070	0.08065	0.11777	0.09194	0.03485	0.01873	0.00839	0.00634	0.00208	0.00626	0.00665	0.00577	0.10914

[dist]
# distance from previous block
# <min> <max>
10	17

# created by:
# /st0/software/busco_prod/Augustus/scripts/msa2prfl.pl ./align_prep/150179.fa
