[name]
unknown

[dist]
# distance from previous block
# <min> <max>
0	89

[block]
# block no. 0 follows, 29 sequences, length 6
# corresponding to MSA columns:
# 96-101
name=unknown_A
#
# <colnr> <probs for GDERKNQSTAVLIFYWHMCP>
#	G	D	E	R	K	N	Q	S	T	A	V	L	I	F	Y	W	H	M	C	P
0	0.01613	0.15185	0.01813	0.01407	0.01697	0.16552	0.01210	0.01892	0.01685	0.01963	0.02680	0.05302	0.02823	0.01450	0.00812	0.00264	0.00811	0.39571	0.00528	0.00740
1	0.01208	0.01410	0.14050	0.01246	0.01566	0.01066	0.01106	0.01873	0.16028	0.02165	0.07259	0.26336	0.05505	0.12257	0.01220	0.00321	0.00606	0.03423	0.00582	0.00772
2	0.28561	0.01147	0.01316	0.06651	0.01768	0.01195	0.01015	0.02267	0.01622	0.22097	0.07913	0.03403	0.02281	0.01075	0.00690	0.00245	0.00602	0.14656	0.00631	0.00865
3	0.01669	0.01977	0.17134	0.35746	0.12495	0.01728	0.02030	0.14245	0.01823	0.02473	0.01360	0.01761	0.01011	0.00721	0.00703	0.00227	0.00927	0.00612	0.00391	0.00969
4	0.15960	0.01356	0.01709	0.35220	0.06629	0.06800	0.01437	0.01865	0.01568	0.02318	0.16051	0.02444	0.02166	0.00860	0.00684	0.00226	0.00764	0.00715	0.00446	0.00782
5	0.01720	0.01469	0.01355	0.01252	0.01483	0.14219	0.00912	0.15921	0.01897	0.04895	0.05007	0.26379	0.02804	0.15797	0.01338	0.00327	0.00713	0.01167	0.00585	0.00759

[dist]
# distance from previous block
# <min> <max>
0	2

[block]
# block no. 1 follows, 29 sequences, length 8
# corresponding to MSA columns:
# 104-111
name=unknown_B
#
# <colnr> <probs for GDERKNQSTAVLIFYWHMCP>
#	G	D	E	R	K	N	Q	S	T	A	V	L	I	F	Y	W	H	M	C	P
0	0.01219	0.00736	0.00848	0.00824	0.00961	0.00690	0.00558	0.01364	0.01411	0.08177	0.08729	0.11175	0.15811	0.31200	0.01913	0.00413	0.00515	0.01155	0.11697	0.00600
1	0.01445	0.00782	0.01004	0.00977	0.01129	0.00725	0.00676	0.01583	0.01470	0.17012	0.09203	0.30704	0.03588	0.24382	0.01701	0.00392	0.00534	0.01363	0.00650	0.00681
2	0.01617	0.01570	0.02468	0.14935	0.33162	0.04703	0.08703	0.02003	0.01538	0.02122	0.01399	0.02004	0.01206	0.07418	0.00959	0.00246	0.00861	0.00654	0.00365	0.12066
3	0.05993	0.07233	0.01885	0.12582	0.14680	0.07882	0.01310	0.07426	0.03464	0.02385	0.12006	0.07158	0.11071	0.01045	0.00716	0.00220	0.00705	0.00877	0.00509	0.00854
4	0.02175	0.01810	0.02050	0.12633	0.02512	0.05573	0.01434	0.35093	0.10493	0.03285	0.01627	0.01800	0.01226	0.00884	0.00934	0.00229	0.11136	0.00640	0.00568	0.03899
5	0.06923	0.01417	0.01566	0.01203	0.01728	0.01366	0.00976	0.23394	0.02126	0.10372	0.01705	0.01799	0.01271	0.00722	0.00597	0.00168	0.00592	0.00556	0.11699	0.29820
6	0.10407	0.01510	0.01817	0.07256	0.07758	0.01651	0.01275	0.24776	0.09515	0.12912	0.01883	0.02030	0.01402	0.01457	0.10816	0.00352	0.00887	0.00659	0.00601	0.01034
7	0.02224	0.01560	0.01749	0.01386	0.01890	0.01620	0.01121	0.30438	0.15130	0.12245	0.09229	0.02324	0.02020	0.00892	0.00700	0.00204	0.00633	0.00716	0.00699	0.13220

[dist]
# distance from previous block
# <min> <max>
1	9

[block]
# block no. 2 follows, 29 sequences, length 7
# corresponding to MSA columns:
# 121-127
name=unknown_C
#
# <colnr> <probs for GDERKNQSTAVLIFYWHMCP>
#	G	D	E	R	K	N	Q	S	T	A	V	L	I	F	Y	W	H	M	C	P
0	0.08774	0.01485	0.02098	0.08587	0.26445	0.03316	0.03538	0.05855	0.03869	0.10813	0.09284	0.02191	0.01810	0.00780	0.00686	0.00208	0.00723	0.00683	0.00508	0.08348
1	0.01923	0.06243	0.03408	0.01526	0.07368	0.07153	0.01142	0.15159	0.04339	0.09549	0.08339	0.05680	0.07958	0.00948	0.00685	0.00194	0.00665	0.00771	0.00579	0.16372
2	0.07838	0.05291	0.01637	0.01488	0.08559	0.01338	0.01058	0.12259	0.07545	0.12626	0.24693	0.07190	0.03339	0.01095	0.00732	0.00222	0.00558	0.00925	0.00678	0.00930
3	0.06012	0.14425	0.23684	0.02001	0.13028	0.08942	0.01729	0.02234	0.05853	0.02227	0.06976	0.01911	0.01546	0.01046	0.05241	0.00267	0.00933	0.00600	0.00396	0.00950
4	0.01739	0.14829	0.37847	0.01655	0.02400	0.06776	0.01867	0.02273	0.01603	0.10226	0.04360	0.08138	0.01573	0.00862	0.00669	0.00215	0.00884	0.00682	0.00426	0.00975
5	0.35331	0.06908	0.22180	0.07797	0.02361	0.04781	0.03982	0.02218	0.01419	0.05479	0.01199	0.01411	0.00895	0.00677	0.00570	0.00218	0.00806	0.00483	0.00392	0.00893
6	0.08129	0.01718	0.04609	0.02518	0.24979	0.06130	0.07916	0.04363	0.17767	0.02633	0.10115	0.02335	0.02008	0.00827	0.00713	0.00222	0.00760	0.00740	0.00511	0.01007

[dist]
# distance from previous block
# <min> <max>
0	1

[block]
# block no. 3 follows, 29 sequences, length 93
# corresponding to MSA columns:
# 129-221
name=unknown_D
#
# <colnr> <probs for GDERKNQSTAVLIFYWHMCP>
#	G	D	E	R	K	N	Q	S	T	A	V	L	I	F	Y	W	H	M	C	P
0	0.13294	0.01619	0.02417	0.07037	0.46376	0.01690	0.01812	0.09646	0.01764	0.02695	0.04070	0.01816	0.01299	0.00700	0.00673	0.00215	0.00781	0.00625	0.00422	0.01049
1	0.05498	0.01646	0.01940	0.01674	0.05578	0.01815	0.03892	0.37759	0.11929	0.03466	0.01809	0.01991	0.01389	0.01490	0.09529	0.05390	0.00889	0.00674	0.00603	0.01038
2	0.01078	0.00681	0.00878	0.00882	0.00909	0.00696	0.00565	0.01053	0.01074	0.01458	0.04702	0.06254	0.02361	0.40502	0.13290	0.20995	0.00827	0.00933	0.00415	0.00445
3	0.66335	0.04293	0.01219	0.00983	0.01436	0.01561	0.00817	0.02229	0.01334	0.10668	0.02958	0.01403	0.01039	0.00704	0.00482	0.00218	0.00560	0.00445	0.00493	0.00823
4	0.03924	0.01366	0.04857	0.68056	0.04716	0.01585	0.01964	0.01846	0.01420	0.01882	0.01257	0.01858	0.00942	0.00709	0.00702	0.00236	0.00940	0.00620	0.00320	0.00801
5	0.01652	0.01566	0.02626	0.17432	0.52893	0.01633	0.02051	0.02133	0.03772	0.02271	0.04119	0.01959	0.01350	0.00693	0.00712	0.00218	0.00836	0.00666	0.00375	0.01045
6	0.02573	0.01077	0.01411	0.01137	0.01595	0.00927	0.00919	0.02820	0.01914	0.52712	0.03803	0.07153	0.16463	0.01148	0.00753	0.00228	0.00544	0.00952	0.00823	0.01049
7	0.01008	0.00728	0.00952	0.00896	0.01064	0.00672	0.00672	0.01344	0.02016	0.02855	0.70158	0.05319	0.06719	0.01456	0.00840	0.00224	0.00336	0.01288	0.00784	0.00672
8	0.02704	0.02084	0.02129	0.01651	0.02208	0.06681	0.01355	0.63980	0.03263	0.04312	0.01671	0.01682	0.01192	0.00847	0.00708	0.00212	0.00816	0.00629	0.00690	0.01186
9	0.22000	0.00925	0.00919	0.00881	0.01029	0.01005	0.00591	0.01488	0.04994	0.01970	0.01928	0.03498	0.02032	0.46594	0.06999	0.00569	0.00724	0.00833	0.00447	0.00574
10	0.03872	0.00921	0.01114	0.01029	0.01284	0.00899	0.00782	0.01955	0.11883	0.12332	0.33558	0.13880	0.10836	0.01414	0.00802	0.00236	0.00428	0.01226	0.00750	0.00800
11	0.00868	0.00620	0.00826	0.00991	0.01033	0.00578	0.00661	0.00991	0.01363	0.01818	0.03925	0.74510	0.04710	0.02231	0.00909	0.00289	0.00413	0.02024	0.00661	0.00578
12	0.00856	0.00711	0.00740	0.00754	0.00965	0.00604	0.00552	0.01029	0.01589	0.01922	0.08608	0.13110	0.59757	0.04437	0.00947	0.00261	0.00377	0.01529	0.00657	0.00595
13	0.01745	0.01363	0.01430	0.01279	0.01639	0.01545	0.00997	0.08730	0.47574	0.03030	0.02661	0.02576	0.02009	0.00924	0.00670	0.00221	0.00527	0.00758	0.19299	0.01024
14	0.00975	0.00732	0.00908	0.00917	0.01072	0.00682	0.00667	0.01299	0.04669	0.02421	0.38632	0.24512	0.16452	0.01705	0.00854	0.00245	0.00371	0.01505	0.00727	0.00654
15	0.01806	0.01547	0.01630	0.01456	0.01865	0.01787	0.01135	0.06170	0.66804	0.03035	0.02854	0.02622	0.02138	0.00962	0.00724	0.00240	0.00572	0.00799	0.00724	0.01130
16	0.80005	0.01377	0.01047	0.00936	0.01377	0.01597	0.00771	0.02093	0.01212	0.03195	0.00991	0.01157	0.00771	0.00661	0.00441	0.00220	0.00551	0.00386	0.00441	0.00771
17	0.80005	0.01377	0.01047	0.00936	0.01377	0.01597	0.00771	0.02093	0.01212	0.03195	0.00991	0.01157	0.00771	0.00661	0.00441	0.00220	0.00551	0.00386	0.00441	0.00771
18	0.01005	0.00732	0.00948	0.00905	0.01076	0.00675	0.00686	0.01333	0.01979	0.02775	0.63970	0.05517	0.09943	0.01496	0.00846	0.00229	0.00351	0.04095	0.00772	0.00667
19	0.03195	0.01212	0.01652	0.01267	0.01818	0.01047	0.01047	0.03470	0.02038	0.71026	0.02809	0.02424	0.01763	0.00881	0.00716	0.00220	0.00606	0.00716	0.00881	0.01212
20	0.00868	0.00620	0.00826	0.00991	0.01033	0.00578	0.00661	0.00991	0.01363	0.01818	0.03925	0.74510	0.04710	0.02231	0.00909	0.00289	0.00413	0.02024	0.00661	0.00578
21	0.02707	0.01995	0.02137	0.01638	0.02208	0.02208	0.01353	0.68159	0.03348	0.04488	0.01710	0.01710	0.01211	0.00855	0.00712	0.00214	0.00784	0.00641	0.00712	0.01211
22	0.03195	0.01212	0.01652	0.01267	0.01818	0.01047	0.01047	0.03470	0.02038	0.71026	0.02809	0.02424	0.01763	0.00881	0.00716	0.00220	0.00606	0.00716	0.00881	0.01212
23	0.00866	0.00626	0.00820	0.00976	0.01029	0.00580	0.00654	0.00993	0.01378	0.01824	0.04113	0.70637	0.08461	0.02206	0.00905	0.00286	0.00410	0.01994	0.00661	0.00580
24	0.01936	0.72300	0.03657	0.01245	0.01844	0.05805	0.01225	0.02163	0.01471	0.01678	0.00995	0.01148	0.00914	0.00615	0.00465	0.00154	0.00784	0.00384	0.00307	0.00910
25	0.01904	0.75404	0.03731	0.01218	0.01828	0.02818	0.01218	0.02132	0.01447	0.01675	0.00990	0.01142	0.00914	0.00609	0.00457	0.00152	0.00761	0.00381	0.00305	0.00914
26	0.00875	0.00623	0.00824	0.00982	0.01022	0.00583	0.00651	0.00993	0.01349	0.01799	0.03853	0.71517	0.04619	0.05349	0.01025	0.00306	0.00425	0.01982	0.00651	0.00572
27	0.02423	0.01355	0.01611	0.01285	0.01747	0.01349	0.01043	0.23840	0.04910	0.29889	0.13262	0.03070	0.08890	0.01052	0.00746	0.00221	0.00597	0.00858	0.00785	0.01067
28	0.00842	0.00721	0.00721	0.00721	0.00962	0.00601	0.00541	0.01022	0.01623	0.01924	0.07213	0.06853	0.70244	0.01803	0.00842	0.00240	0.00361	0.01503	0.00661	0.00601
29	0.01018	0.00759	0.01125	0.01125	0.01246	0.00880	0.00866	0.01259	0.01139	0.01639	0.01925	0.02895	0.01823	0.09000	0.68552	0.01121	0.01843	0.00777	0.00384	0.00625
30	0.01542	0.01591	0.02549	0.16684	0.02889	0.04850	0.17265	0.01878	0.01343	0.01865	0.01216	0.01813	0.01047	0.01329	0.07835	0.00349	0.32126	0.00682	0.00333	0.00813
31	0.43235	0.01596	0.01520	0.01235	0.01736	0.01777	0.01019	0.27388	0.02104	0.10159	0.01438	0.01488	0.01033	0.00756	0.00570	0.00218	0.00645	0.00514	0.00586	0.00981
32	0.01327	0.00664	0.00664	0.00664	0.00830	0.00664	0.00498	0.01659	0.01493	0.02655	0.02323	0.02655	0.01825	0.00830	0.00498	0.00166	0.00332	0.00664	0.78928	0.00664
33	0.02632	0.01957	0.02095	0.01623	0.02180	0.02173	0.01335	0.62980	0.08650	0.04366	0.01805	0.01786	0.01288	0.00864	0.00713	0.00216	0.00766	0.00654	0.00713	0.01204
34	0.02525	0.01897	0.02137	0.11191	0.02568	0.02125	0.01437	0.59311	0.03091	0.04132	0.01650	0.01735	0.01176	0.00836	0.00712	0.00217	0.00806	0.00640	0.00660	0.01155
35	0.01762	0.01692	0.02890	0.04371	0.70533	0.01692	0.02185	0.02185	0.01621	0.02326	0.01339	0.01762	0.01128	0.00634	0.00705	0.00211	0.00846	0.00634	0.00352	0.01128
36	0.03195	0.01212	0.01652	0.01267	0.01818	0.01047	0.01047	0.03470	0.02038	0.71026	0.02809	0.02424	0.01763	0.00881	0.00716	0.00220	0.00606	0.00716	0.00881	0.01212
37	0.01065	0.00765	0.01049	0.01198	0.01336	0.00749	0.00992	0.01340	0.01589	0.02081	0.06765	0.23639	0.06527	0.02002	0.00955	0.00311	0.00575	0.45763	0.00663	0.00636
38	0.01449	0.06757	0.68390	0.01995	0.03028	0.01704	0.02570	0.02250	0.01501	0.02230	0.01266	0.01488	0.00903	0.00674	0.00667	0.00222	0.01040	0.00520	0.00301	0.01046
39	0.01773	0.03771	0.02844	0.07975	0.62784	0.04031	0.02120	0.02185	0.01619	0.02261	0.01318	0.01737	0.01105	0.00641	0.00696	0.00210	0.00864	0.00622	0.00350	0.01094
40	0.02874	0.01141	0.01550	0.01212	0.01707	0.00992	0.00992	0.03158	0.02035	0.61028	0.12687	0.02848	0.02490	0.00966	0.00734	0.00221	0.00566	0.00800	0.00867	0.01133
41	0.04851	0.01700	0.01870	0.03863	0.02086	0.01866	0.01275	0.49942	0.02859	0.03856	0.02309	0.02939	0.05823	0.01065	0.00751	0.00233	0.00737	0.10233	0.00679	0.01064
42	0.01868	0.02007	0.05637	0.05935	0.51818	0.12090	0.02023	0.02358	0.05222	0.02255	0.01381	0.01732	0.01136	0.00671	0.00696	0.00210	0.00908	0.00613	0.00371	0.01069
43	0.02619	0.07779	0.02146	0.01764	0.02179	0.56623	0.01362	0.13132	0.02192	0.02173	0.01190	0.01342	0.00963	0.00745	0.00641	0.00186	0.01171	0.00483	0.00418	0.00892
44	0.01661	0.01842	0.06918	0.05706	0.26127	0.01657	0.32723	0.02179	0.01620	0.02283	0.01373	0.01797	0.01080	0.00612	0.00748	0.00215	0.00992	0.00702	0.00359	0.09407
45	0.07419	0.01260	0.01705	0.01332	0.01857	0.01146	0.04842	0.03069	0.06505	0.48238	0.04486	0.02549	0.01864	0.00886	0.00705	0.00218	0.00621	0.03112	0.00766	0.07419
46	0.00934	0.00728	0.00857	0.00882	0.01072	0.00650	0.00678	0.01174	0.01707	0.02199	0.23615	0.13241	0.36728	0.01774	0.00869	0.00254	0.00402	0.10917	0.00694	0.00626
47	0.00971	0.00855	0.01041	0.05751	0.08475	0.00777	0.00808	0.01193	0.01603	0.01956	0.06126	0.07937	0.56728	0.01624	0.00821	0.00239	0.00450	0.01371	0.00607	0.00668
48	0.01876	0.44636	0.22799	0.01538	0.02239	0.12363	0.01645	0.02269	0.01544	0.01851	0.01088	0.01266	0.00911	0.00646	0.00546	0.00178	0.00919	0.00433	0.00312	0.00941
49	0.03195	0.01212	0.01652	0.01267	0.01818	0.01047	0.01047	0.03470	0.02038	0.71026	0.02809	0.02424	0.01763	0.00881	0.00716	0.00220	0.00606	0.00716	0.00881	0.01212
50	0.00850	0.00707	0.00743	0.00764	0.00975	0.00600	0.00562	0.01028	0.01599	0.01938	0.08713	0.16242	0.59127	0.01852	0.00851	0.00247	0.00367	0.01569	0.00665	0.00600
51	0.80005	0.01377	0.01047	0.00936	0.01377	0.01597	0.00771	0.02093	0.01212	0.03195	0.00991	0.01157	0.00771	0.00661	0.00441	0.00220	0.00551	0.00386	0.00441	0.00771
52	0.01428	0.03683	0.71286	0.02030	0.03082	0.01654	0.02631	0.02255	0.01503	0.02255	0.01278	0.01503	0.00902	0.00677	0.00677	0.00226	0.01052	0.00526	0.00301	0.01052
53	0.01477	0.01266	0.01477	0.01055	0.01687	0.00949	0.00844	0.01793	0.01477	0.02320	0.01266	0.01477	0.01055	0.00527	0.00527	0.00105	0.00527	0.00422	0.00422	0.79328
54	0.00866	0.00722	0.00756	0.00747	0.00977	0.00612	0.00561	0.01070	0.01682	0.02063	0.16614	0.06624	0.60757	0.01751	0.00841	0.00238	0.00357	0.01471	0.00680	0.00612
55	0.01318	0.01397	0.13380	0.01649	0.11434	0.01007	0.01276	0.01720	0.01766	0.06874	0.31741	0.13079	0.04188	0.01297	0.00802	0.00237	0.00578	0.04811	0.00622	0.00824
56	0.01636	0.01563	0.02662	0.25178	0.50712	0.01659	0.02123	0.02075	0.01562	0.02173	0.01317	0.01803	0.01074	0.00658	0.00707	0.00219	0.00877	0.00634	0.00342	0.01026
57	0.80005	0.01377	0.01047	0.00936	0.01377	0.01597	0.00771	0.02093	0.01212	0.03195	0.00991	0.01157	0.00771	0.00661	0.00441	0.00220	0.00551	0.00386	0.00441	0.00771
58	0.01570	0.01321	0.01527	0.01099	0.01727	0.01045	0.00882	0.06835	0.01619	0.02485	0.01299	0.01494	0.01067	0.00552	0.00541	0.00114	0.00547	0.00439	0.00444	0.73394
59	0.01237	0.00618	0.00928	0.00928	0.00928	0.00618	0.00618	0.00928	0.00928	0.01237	0.01237	0.02165	0.01237	0.02474	0.02783	0.79283	0.00618	0.00618	0.00309	0.00309
60	0.01017	0.00763	0.01144	0.01144	0.01272	0.00890	0.00890	0.01272	0.01144	0.01653	0.01907	0.02797	0.01780	0.05340	0.72153	0.01144	0.01907	0.00763	0.00381	0.00636
61	0.02663	0.03314	0.02025	0.01823	0.02202	0.68114	0.01375	0.06582	0.02094	0.01900	0.01136	0.01308	0.00934	0.00741	0.00646	0.00185	0.01255	0.00469	0.00387	0.00848
62	0.03195	0.01212	0.01652	0.01267	0.01818	0.01047	0.01047	0.03470	0.02038	0.71026	0.02809	0.02424	0.01763	0.00881	0.00716	0.00220	0.00606	0.00716	0.00881	0.01212
63	0.02641	0.01990	0.02269	0.01726	0.02305	0.02182	0.05614	0.63945	0.03241	0.04346	0.01692	0.01723	0.01203	0.00839	0.00721	0.00215	0.00810	0.00654	0.00690	0.01195
64	0.00868	0.00620	0.00826	0.00991	0.01033	0.00578	0.00661	0.00991	0.01363	0.01818	0.03925	0.74510	0.04710	0.02231	0.00909	0.00289	0.00413	0.02024	0.00661	0.00578
65	0.08081	0.01267	0.01641	0.01267	0.01812	0.01148	0.01047	0.07085	0.02060	0.62878	0.02630	0.02302	0.01668	0.00866	0.00698	0.00220	0.00613	0.00691	0.00843	0.01184
66	0.01008	0.00728	0.00952	0.00896	0.01064	0.00672	0.00672	0.01344	0.02016	0.02855	0.70158	0.05319	0.06719	0.01456	0.00840	0.00224	0.00336	0.01288	0.00784	0.00672
67	0.02919	0.01372	0.01717	0.01348	0.01880	0.01321	0.01103	0.13003	0.11893	0.51484	0.02661	0.02352	0.01741	0.00890	0.00717	0.00222	0.00626	0.00718	0.00834	0.01200
68	0.01569	0.01591	0.02363	0.01972	0.02037	0.02147	0.07549	0.01765	0.01144	0.01765	0.00980	0.01591	0.00948	0.01188	0.02202	0.00305	0.67132	0.00643	0.00316	0.00795
69	0.01727	0.01792	0.03465	0.03770	0.41250	0.01740	0.31009	0.02227	0.01647	0.02306	0.01384	0.01832	0.01107	0.00619	0.00764	0.00224	0.01001	0.00725	0.00356	0.01054
70	0.01345	0.01266	0.02136	0.73264	0.04904	0.01582	0.01978	0.01819	0.01424	0.01819	0.01266	0.01898	0.00949	0.00712	0.00712	0.00237	0.00949	0.00633	0.00316	0.00791
71	0.06074	0.01623	0.02535	0.02051	0.02226	0.02069	0.15290	0.01853	0.01220	0.01916	0.01043	0.01610	0.00956	0.01079	0.01918	0.00292	0.54446	0.00655	0.00329	0.00816
72	0.02707	0.01995	0.02137	0.01638	0.02208	0.02208	0.01353	0.68159	0.03348	0.04488	0.01710	0.01710	0.01211	0.00855	0.00712	0.00214	0.00784	0.00641	0.00712	0.01211
73	0.01124	0.00749	0.00984	0.00923	0.01105	0.00687	0.00693	0.01443	0.01975	0.06691	0.62000	0.09648	0.06305	0.01473	0.00837	0.00228	0.00356	0.01303	0.00781	0.00697
74	0.02707	0.01995	0.02137	0.01638	0.02208	0.02208	0.01353	0.68159	0.03348	0.04488	0.01710	0.01710	0.01211	0.00855	0.00712	0.00214	0.00784	0.00641	0.00712	0.01211
75	0.01327	0.00664	0.00664	0.00664	0.00830	0.00664	0.00498	0.01659	0.01493	0.02655	0.02323	0.02655	0.01825	0.00830	0.00498	0.00166	0.00332	0.00664	0.78928	0.00664
76	0.02022	0.01665	0.01833	0.01687	0.06341	0.01883	0.01256	0.20953	0.47240	0.03342	0.02480	0.02345	0.01848	0.00915	0.00720	0.00232	0.00641	0.00750	0.00697	0.01150
77	0.01036	0.00690	0.00777	0.00777	0.00777	0.00690	0.00431	0.01036	0.01036	0.01381	0.02244	0.04660	0.02589	0.74975	0.03624	0.00690	0.00690	0.01036	0.00431	0.00431
78	0.01477	0.01266	0.01477	0.01055	0.01687	0.00949	0.00844	0.01793	0.01477	0.02320	0.01266	0.01477	0.01055	0.00527	0.00527	0.00105	0.00527	0.00422	0.00422	0.79328
79	0.01008	0.00728	0.00952	0.00896	0.01064	0.00672	0.00672	0.01344	0.02016	0.02855	0.70158	0.05319	0.06719	0.01456	0.00840	0.00224	0.00336	0.01288	0.00784	0.00672
80	0.02290	0.01709	0.01850	0.01470	0.01953	0.01871	0.01199	0.51251	0.05825	0.03894	0.04585	0.02526	0.09391	0.01275	0.05302	0.00278	0.00783	0.00776	0.00688	0.01083
81	0.80005	0.01377	0.01047	0.00936	0.01377	0.01597	0.00771	0.02093	0.01212	0.03195	0.00991	0.01157	0.00771	0.00661	0.00441	0.00220	0.00551	0.00386	0.00441	0.00771
82	0.01477	0.01266	0.01477	0.01055	0.01687	0.00949	0.00844	0.01793	0.01477	0.02320	0.01266	0.01477	0.01055	0.00527	0.00527	0.00105	0.00527	0.00422	0.00422	0.79328
83	0.01629	0.01784	0.03675	0.07964	0.09937	0.01762	0.50060	0.02156	0.01604	0.02197	0.01464	0.04264	0.01184	0.00711	0.00928	0.00244	0.06306	0.00829	0.00363	0.00939
84	0.80005	0.01377	0.01047	0.00936	0.01377	0.01597	0.00771	0.02093	0.01212	0.03195	0.00991	0.01157	0.00771	0.00661	0.00441	0.00220	0.00551	0.00386	0.00441	0.00771
85	0.05537	0.05089	0.01858	0.01509	0.01960	0.11905	0.01200	0.18224	0.36513	0.05335	0.02202	0.02106	0.01646	0.00876	0.00686	0.00221	0.00726	0.00679	0.00646	0.01082
86	0.80005	0.01377	0.01047	0.00936	0.01377	0.01597	0.00771	0.02093	0.01212	0.03195	0.00991	0.01157	0.00771	0.00661	0.00441	0.00220	0.00551	0.00386	0.00441	0.00771
87	0.00942	0.00753	0.00847	0.00818	0.01035	0.00672	0.00615	0.01251	0.04190	0.02341	0.32695	0.06079	0.41950	0.01632	0.00837	0.00234	0.00358	0.01390	0.00713	0.00649
88	0.00951	0.00659	0.00814	0.00891	0.00924	0.00634	0.00562	0.01037	0.01271	0.01708	0.08247	0.38996	0.03945	0.33664	0.02079	0.00458	0.00527	0.01540	0.00571	0.00522
89	0.01684	0.01882	0.06457	0.09777	0.03445	0.01854	0.44496	0.06365	0.01667	0.02291	0.01359	0.01834	0.01047	0.00726	0.01032	0.00248	0.11771	0.00761	0.00369	0.00937
90	0.00883	0.00631	0.00840	0.00981	0.01036	0.00588	0.00662	0.01029	0.01433	0.01929	0.11017	0.67102	0.04925	0.02148	0.00901	0.00282	0.00405	0.01945	0.00674	0.00588
91	0.01727	0.01656	0.02827	0.10149	0.65028	0.01683	0.02168	0.02155	0.01605	0.02284	0.01333	0.01774	0.01113	0.00641	0.00706	0.00214	0.00855	0.00634	0.00349	0.01100
92	0.03195	0.01212	0.01652	0.01267	0.01818	0.01047	0.01047	0.03470	0.02038	0.71026	0.02809	0.02424	0.01763	0.00881	0.00716	0.00220	0.00606	0.00716	0.00881	0.01212

[dist]
# distance from previous block
# <min> <max>
0	5

[block]
# block no. 4 follows, 29 sequences, length 8
# corresponding to MSA columns:
# 227-230,232-235
name=unknown_E
#
# <colnr> <probs for GDERKNQSTAVLIFYWHMCP>
#	G	D	E	R	K	N	Q	S	T	A	V	L	I	F	Y	W	H	M	C	P
0	0.01008	0.00728	0.00952	0.00896	0.01064	0.00672	0.00672	0.01344	0.02016	0.02855	0.70158	0.05319	0.06719	0.01456	0.00840	0.00224	0.00336	0.01288	0.00784	0.00672
1	0.01563	0.01382	0.02136	0.61802	0.04473	0.01682	0.01878	0.12435	0.01732	0.02246	0.01337	0.01868	0.00991	0.00735	0.00712	0.00234	0.00923	0.00634	0.00380	0.00858
2	0.02534	0.15896	0.02340	0.01694	0.02136	0.48683	0.01344	0.13170	0.02130	0.02170	0.01179	0.01327	0.00964	0.00731	0.00621	0.00183	0.01112	0.00474	0.00411	0.00903
3	0.68619	0.01392	0.01260	0.06399	0.06686	0.01603	0.00961	0.02080	0.01257	0.03032	0.01037	0.01254	0.00810	0.00663	0.00480	0.00221	0.00601	0.00422	0.00425	0.00799
4	0.01737	0.50252	0.27422	0.01503	0.02267	0.02409	0.01714	0.02175	0.01467	0.01879	0.01091	0.01269	0.00910	0.00633	0.00534	0.00178	0.00863	0.00432	0.00303	0.00962
5	0.01724	0.50626	0.18283	0.01369	0.02055	0.02322	0.01475	0.02096	0.01490	0.01907	0.04507	0.01453	0.01210	0.00660	0.00529	0.00169	0.00788	0.00461	0.00336	0.06541
6	0.07697	0.01903	0.02152	0.02431	0.23738	0.10113	0.01522	0.18748	0.18942	0.03010	0.01766	0.01873	0.01359	0.00785	0.00685	0.00217	0.00791	0.00640	0.00541	0.01087
7	0.01167	0.00653	0.00944	0.00960	0.01004	0.00642	0.00675	0.01046	0.01193	0.01612	0.12666	0.08083	0.02596	0.02251	0.02190	0.54471	0.00563	0.06430	0.00439	0.00415

[dist]
# distance from previous block
# <min> <max>
0	1

[block]
# block no. 5 follows, 29 sequences, length 20
# corresponding to MSA columns:
# 237-256
name=unknown_F
#
# <colnr> <probs for GDERKNQSTAVLIFYWHMCP>
#	G	D	E	R	K	N	Q	S	T	A	V	L	I	F	Y	W	H	M	C	P
0	0.13463	0.01837	0.01933	0.01508	0.02053	0.02025	0.01243	0.52187	0.05099	0.09082	0.01728	0.01715	0.01221	0.00833	0.00675	0.00216	0.00731	0.00616	0.00687	0.01147
1	0.01022	0.00712	0.00879	0.00879	0.00925	0.00743	0.00567	0.01102	0.01092	0.01482	0.02364	0.04225	0.05294	0.51999	0.22990	0.00800	0.01022	0.00978	0.00427	0.00497
2	0.00929	0.00653	0.00809	0.00901	0.00943	0.00621	0.00577	0.01022	0.01290	0.01715	0.06121	0.44548	0.07367	0.26999	0.01829	0.00421	0.00502	0.01632	0.00588	0.00533
3	0.06947	0.01178	0.01939	0.36342	0.03306	0.01312	0.10657	0.01655	0.01448	0.01992	0.02350	0.18190	0.07560	0.01117	0.00764	0.00248	0.00789	0.01022	0.00436	0.00751
4	0.01900	0.01479	0.02015	0.01482	0.02076	0.01338	0.10317	0.12393	0.01842	0.10594	0.01521	0.01689	0.01159	0.00666	0.00714	0.00165	0.04386	0.00559	0.00506	0.43201
5	0.01524	0.01385	0.02240	0.61210	0.04524	0.01667	0.05227	0.09729	0.01665	0.02160	0.01327	0.01877	0.00987	0.00723	0.00718	0.00235	0.00942	0.00644	0.00366	0.00849
6	0.01916	0.66652	0.08016	0.01306	0.01930	0.06687	0.01319	0.02181	0.01483	0.01717	0.01015	0.01174	0.00913	0.00621	0.00482	0.00159	0.00810	0.00395	0.00308	0.00918
7	0.01216	0.00626	0.00912	0.00912	0.00912	0.00626	0.00599	0.00939	0.00939	0.01251	0.01339	0.02418	0.01374	0.09833	0.02868	0.71305	0.00626	0.00661	0.00322	0.00322
8	0.01651	0.37301	0.39621	0.01649	0.02494	0.02199	0.01969	0.02197	0.01477	0.01983	0.01143	0.01334	0.00908	0.00645	0.00574	0.00191	0.00916	0.00458	0.00303	0.00987
9	0.00842	0.00721	0.00721	0.00721	0.00962	0.00601	0.00541	0.01022	0.01623	0.01924	0.07213	0.06853	0.70244	0.01803	0.00842	0.00240	0.00361	0.01503	0.00661	0.00601
10	0.00868	0.00620	0.00826	0.00991	0.01033	0.00578	0.00661	0.00991	0.01363	0.01818	0.03925	0.74510	0.04710	0.02231	0.00909	0.00289	0.00413	0.02024	0.00661	0.00578
11	0.00879	0.00719	0.00781	0.00806	0.01015	0.00620	0.00608	0.01077	0.01628	0.01999	0.11431	0.13690	0.53869	0.01832	0.00859	0.00251	0.00386	0.06273	0.00670	0.00608
12	0.01119	0.00799	0.01115	0.01279	0.01430	0.00795	0.01098	0.01426	0.01611	0.02099	0.03786	0.14780	0.04160	0.01994	0.00976	0.00324	0.00631	0.59273	0.00656	0.00648
13	0.01722	0.47974	0.29567	0.01529	0.02307	0.02372	0.01759	0.02179	0.01468	0.01897	0.01100	0.01280	0.00909	0.00635	0.00541	0.00180	0.00873	0.00436	0.00303	0.00967
14	0.03195	0.01212	0.01652	0.01267	0.01818	0.01047	0.01047	0.03470	0.02038	0.71026	0.02809	0.02424	0.01763	0.00881	0.00716	0.00220	0.00606	0.00716	0.00881	0.01212
15	0.00916	0.00677	0.00934	0.06221	0.01317	0.00661	0.00758	0.01087	0.01434	0.01923	0.10455	0.62224	0.04641	0.02042	0.00888	0.00279	0.00444	0.01849	0.00648	0.00603
16	0.00920	0.00656	0.00858	0.00949	0.01023	0.00613	0.00647	0.01095	0.01525	0.02081	0.22644	0.49764	0.05127	0.07284	0.01086	0.00300	0.00411	0.01743	0.00679	0.00594
17	0.01448	0.01354	0.01888	0.01653	0.01688	0.01844	0.01363	0.01634	0.01130	0.01775	0.01207	0.01854	0.01147	0.01915	0.14144	0.00443	0.55793	0.00650	0.06324	0.00746
18	0.00993	0.00727	0.00931	0.00880	0.01054	0.00665	0.00660	0.01314	0.01980	0.02770	0.64378	0.05460	0.12552	0.01488	0.00840	0.00225	0.00338	0.01308	0.00773	0.00665
19	0.01483	0.01288	0.01530	0.01117	0.01701	0.01043	0.00898	0.01787	0.01447	0.02274	0.01240	0.01483	0.01046	0.00582	0.00665	0.00121	0.06111	0.00437	0.00413	0.73332

[dist]
# distance from previous block
# <min> <max>
0	1

[block]
# block no. 6 follows, 29 sequences, length 16
# corresponding to MSA columns:
# 258-273
name=unknown_G
#
# <colnr> <probs for GDERKNQSTAVLIFYWHMCP>
#	G	D	E	R	K	N	Q	S	T	A	V	L	I	F	Y	W	H	M	C	P
0	0.36618	0.01932	0.15472	0.01348	0.01940	0.01658	0.01298	0.12478	0.08144	0.10594	0.01538	0.01591	0.01106	0.00747	0.00586	0.00222	0.00694	0.00529	0.00529	0.00977
1	0.02575	0.03232	0.02101	0.02075	0.08688	0.65431	0.01453	0.02781	0.01980	0.01798	0.01123	0.01330	0.00937	0.00724	0.00648	0.00186	0.01243	0.00475	0.00366	0.00854
2	0.01483	0.11942	0.63506	0.01936	0.02937	0.01788	0.02468	0.02241	0.01497	0.02188	0.01245	0.01462	0.00903	0.00669	0.00651	0.00217	0.01019	0.00509	0.00301	0.01036
3	0.26055	0.02618	0.39131	0.01850	0.08846	0.01589	0.01904	0.02150	0.01450	0.02587	0.04776	0.01618	0.01185	0.00708	0.00614	0.00222	0.00838	0.00532	0.00375	0.00952
4	0.01855	0.01742	0.02524	0.07903	0.42797	0.08225	0.04374	0.02241	0.01650	0.06140	0.01388	0.01726	0.01119	0.00645	0.00678	0.00196	0.00846	0.00598	0.00392	0.12961
5	0.01694	0.06785	0.10080	0.02662	0.07113	0.04509	0.41227	0.02199	0.01570	0.02138	0.01302	0.01744	0.01028	0.00712	0.01009	0.00240	0.11979	0.00722	0.00343	0.00944
6	0.01647	0.01819	0.03829	0.11788	0.09865	0.01764	0.53909	0.02215	0.01644	0.02228	0.01410	0.01904	0.01069	0.00617	0.00812	0.00237	0.01138	0.00796	0.00354	0.00955
7	0.01873	0.01532	0.01632	0.01448	0.01863	0.01753	0.01132	0.06151	0.63640	0.06243	0.02850	0.02611	0.02119	0.00958	0.00724	0.00239	0.00574	0.00795	0.00731	0.01134
8	0.00955	0.00672	0.00835	0.00920	0.00975	0.00643	0.00612	0.01066	0.01322	0.01754	0.07279	0.36950	0.07864	0.27675	0.01860	0.00426	0.00522	0.06544	0.00587	0.00539
9	0.01380	0.01281	0.02161	0.63886	0.11023	0.01555	0.01945	0.01820	0.01424	0.01845	0.01272	0.01896	0.00977	0.00773	0.00791	0.03287	0.00927	0.00632	0.00320	0.00805
10	0.00852	0.00722	0.00736	0.00733	0.00968	0.00606	0.00549	0.01043	0.01648	0.01983	0.11248	0.06754	0.66172	0.01781	0.00841	0.00239	0.00359	0.01489	0.00669	0.00606
11	0.06405	0.05125	0.02067	0.05872	0.06158	0.24229	0.01374	0.24010	0.12642	0.02933	0.01587	0.01683	0.01211	0.00793	0.00667	0.00208	0.00909	0.00584	0.00532	0.01013
12	0.00907	0.00687	0.00836	0.00876	0.01021	0.00617	0.00628	0.01120	0.01663	0.02200	0.27264	0.30394	0.25526	0.01838	0.00865	0.00252	0.00371	0.01616	0.00702	0.00617
13	0.02269	0.01630	0.01800	0.01451	0.01924	0.01750	0.01167	0.41552	0.10837	0.08263	0.04590	0.10906	0.01979	0.01041	0.00732	0.00221	0.00669	0.00845	0.00704	0.05672
14	0.01877	0.59564	0.12365	0.01380	0.02014	0.06803	0.01422	0.02178	0.01478	0.01756	0.01032	0.01210	0.00913	0.00644	0.00552	0.00168	0.03000	0.00412	0.00308	0.00923
15	0.01810	0.17027	0.02199	0.01864	0.14307	0.18484	0.01256	0.02140	0.05105	0.01934	0.01785	0.02361	0.04969	0.09433	0.02621	0.00266	0.00863	0.02688	0.00408	0.08480

[dist]
# distance from previous block
# <min> <max>
17	33

# created by:
# /st0/software/busco_prod/Augustus/scripts/msa2prfl.pl ./align_prep/150407.fa
