[name]
unknown

[dist]
# distance from previous block
# <min> <max>
18	110

[block]
# block no. 0 follows, 30 sequences, length 105
# corresponding to MSA columns:
# 143-247
name=unknown_A
#
# <colnr> <probs for GDERKNQSTAVLIFYWHMCP>
#	G	D	E	R	K	N	Q	S	T	A	V	L	I	F	Y	W	H	M	C	P
0	0.01430	0.08285	0.67449	0.01938	0.02941	0.01694	0.02489	0.02202	0.01470	0.02173	0.01234	0.01450	0.00885	0.00659	0.00649	0.00216	0.01013	0.00506	0.00295	0.01023
1	0.01583	0.32082	0.44995	0.01676	0.02536	0.02070	0.02033	0.02163	0.01451	0.01986	0.01141	0.01334	0.00889	0.00637	0.00578	0.00193	0.00919	0.00460	0.00296	0.00978
2	0.00879	0.00709	0.00782	0.00764	0.00976	0.00612	0.00573	0.01107	0.01719	0.02190	0.28364	0.06213	0.49354	0.01653	0.00824	0.00230	0.00345	0.01402	0.00688	0.00612
3	0.01443	0.08939	0.64323	0.01964	0.02951	0.01711	0.04862	0.02202	0.01475	0.02168	0.01237	0.01462	0.00891	0.00655	0.00653	0.00216	0.01015	0.00516	0.00297	0.01018
4	0.00997	0.00748	0.01121	0.01121	0.01246	0.00872	0.00872	0.01246	0.01121	0.01620	0.01869	0.02741	0.01745	0.05234	0.72710	0.01121	0.01869	0.00748	0.00374	0.00623
5	0.00850	0.00607	0.00810	0.00972	0.01012	0.00567	0.00648	0.00972	0.01336	0.01781	0.03846	0.75020	0.04615	0.02186	0.00891	0.00283	0.00405	0.01984	0.00648	0.00567
6	0.01866	0.75896	0.03657	0.01194	0.01791	0.02761	0.01194	0.02090	0.01418	0.01642	0.00970	0.01119	0.00896	0.00597	0.00448	0.00149	0.00746	0.00373	0.00299	0.00896
7	0.01400	0.03610	0.71860	0.01989	0.03020	0.01621	0.02578	0.02210	0.01473	0.02210	0.01252	0.01473	0.00884	0.00663	0.00663	0.00221	0.01031	0.00516	0.00295	0.01031
8	0.02593	0.01935	0.02142	0.01779	0.06624	0.02131	0.01379	0.64485	0.03172	0.04261	0.01652	0.01679	0.01181	0.00824	0.00698	0.00209	0.00772	0.00628	0.00675	0.01181
9	0.80405	0.01350	0.01026	0.00918	0.01350	0.01565	0.00756	0.02051	0.01188	0.03131	0.00972	0.01134	0.00756	0.00648	0.00432	0.00216	0.00540	0.00378	0.00432	0.00756
10	0.07154	0.01857	0.02046	0.03730	0.04961	0.02076	0.01343	0.55817	0.04956	0.04019	0.01614	0.01673	0.01169	0.00831	0.00740	0.00215	0.03410	0.00617	0.00643	0.01128
11	0.00983	0.00712	0.00918	0.00867	0.01028	0.00657	0.00644	0.01293	0.01923	0.02707	0.65675	0.05241	0.08744	0.04438	0.00934	0.00239	0.00344	0.01260	0.00750	0.00646
12	0.00830	0.00688	0.00727	0.00758	0.00956	0.00585	0.00553	0.00996	0.01541	0.01865	0.06446	0.19926	0.58031	0.01848	0.00837	0.00245	0.00363	0.01572	0.00648	0.00585
13	0.01080	0.00859	0.01238	0.01192	0.01284	0.01045	0.00925	0.01288	0.01102	0.01601	0.01759	0.02748	0.01702	0.12017	0.54696	0.00950	0.12769	0.00755	0.00369	0.00623
14	0.02299	0.01799	0.02096	0.04857	0.11559	0.01989	0.01420	0.44658	0.15641	0.03723	0.01830	0.01866	0.01345	0.00823	0.00699	0.00215	0.00742	0.00658	0.00637	0.01143
15	0.80405	0.01350	0.01026	0.00918	0.01350	0.01565	0.00756	0.02051	0.01188	0.03131	0.00972	0.01134	0.00756	0.00648	0.00432	0.00216	0.00540	0.00378	0.00432	0.00756
16	0.01727	0.01658	0.02832	0.04283	0.71123	0.01658	0.02142	0.02142	0.01589	0.02280	0.01313	0.01727	0.01105	0.00622	0.00691	0.00207	0.00829	0.00622	0.00345	0.01105
17	0.80405	0.01350	0.01026	0.00918	0.01350	0.01565	0.00756	0.02051	0.01188	0.03131	0.00972	0.01134	0.00756	0.00648	0.00432	0.00216	0.00540	0.00378	0.00432	0.00756
18	0.00861	0.00708	0.00757	0.00745	0.00965	0.00604	0.00558	0.01071	0.01675	0.02086	0.21080	0.06385	0.56703	0.01692	0.00824	0.00232	0.00348	0.01426	0.00674	0.00604
19	0.01318	0.01240	0.02093	0.73798	0.04806	0.01550	0.01938	0.01783	0.01395	0.01783	0.01240	0.01860	0.00930	0.00698	0.00698	0.00233	0.00930	0.00620	0.00310	0.00775
20	0.02563	0.01887	0.02030	0.01574	0.02106	0.02084	0.01292	0.65407	0.03184	0.04267	0.01784	0.05341	0.01358	0.00905	0.00708	0.00213	0.00750	0.00696	0.00696	0.01156
21	0.00988	0.00713	0.00933	0.00878	0.01043	0.00658	0.00658	0.01317	0.01975	0.02798	0.70754	0.05213	0.06584	0.01427	0.00823	0.00219	0.00329	0.01262	0.00768	0.00658
22	0.01408	0.06513	0.66095	0.01927	0.02904	0.01635	0.02461	0.02173	0.01476	0.02181	0.01341	0.01722	0.01014	0.00712	0.00666	0.00222	0.01003	0.03228	0.00309	0.01010
23	0.01447	0.01240	0.01447	0.01034	0.01654	0.00930	0.00827	0.01757	0.01447	0.02274	0.01240	0.01447	0.01034	0.00517	0.00517	0.00103	0.00517	0.00413	0.00413	0.79742
24	0.80405	0.01350	0.01026	0.00918	0.01350	0.01565	0.00756	0.02051	0.01188	0.03131	0.00972	0.01134	0.00756	0.00648	0.00432	0.00216	0.00540	0.00378	0.00432	0.00756
25	0.00913	0.00677	0.00882	0.04544	0.01177	0.00647	0.00680	0.01087	0.01463	0.01953	0.17084	0.43580	0.11861	0.08762	0.01109	0.00300	0.00436	0.01627	0.00634	0.00584
26	0.01866	0.75896	0.03657	0.01194	0.01791	0.02761	0.01194	0.02090	0.01418	0.01642	0.00970	0.01119	0.00896	0.00597	0.00448	0.00149	0.00746	0.00373	0.00299	0.00896
27	0.01866	0.75896	0.03657	0.01194	0.01791	0.02761	0.01194	0.02090	0.01418	0.01642	0.00970	0.01119	0.00896	0.00597	0.00448	0.00149	0.00746	0.00373	0.00299	0.00896
28	0.01527	0.01527	0.02137	0.01832	0.01832	0.02137	0.01527	0.01679	0.01069	0.01679	0.00916	0.01527	0.00916	0.01221	0.02290	0.00305	0.74198	0.00611	0.00305	0.00763
29	0.01012	0.03320	0.01019	0.00883	0.01065	0.00729	0.00672	0.01332	0.01942	0.02725	0.66032	0.05125	0.08711	0.01410	0.00810	0.00218	0.00345	0.01239	0.00748	0.00664
30	0.01113	0.00795	0.01111	0.01272	0.01427	0.00793	0.01104	0.01426	0.01595	0.02075	0.03701	0.10706	0.04041	0.01939	0.00961	0.00320	0.00633	0.63705	0.00643	0.00639
31	0.01076	0.00793	0.00981	0.00904	0.01103	0.00747	0.00686	0.05643	0.02013	0.02792	0.58603	0.05165	0.13988	0.01430	0.00815	0.00221	0.00361	0.01246	0.00749	0.00684
32	0.80405	0.01350	0.01026	0.00918	0.01350	0.01565	0.00756	0.02051	0.01188	0.03131	0.00972	0.01134	0.00756	0.00648	0.00432	0.00216	0.00540	0.00378	0.00432	0.00756
33	0.61084	0.06640	0.13907	0.01128	0.01678	0.01654	0.01111	0.02082	0.01254	0.02868	0.01022	0.01194	0.00788	0.00647	0.00474	0.00212	0.00642	0.00402	0.00398	0.00814
34	0.00872	0.00635	0.00822	0.00930	0.01011	0.00585	0.00639	0.01035	0.01472	0.01970	0.15933	0.56344	0.11148	0.02013	0.00873	0.00268	0.00387	0.01809	0.00669	0.00585
35	0.01687	0.01617	0.02759	0.11150	0.64572	0.01647	0.02122	0.02106	0.01570	0.02231	0.01305	0.01740	0.01088	0.00629	0.00692	0.00210	0.00839	0.00622	0.00342	0.01073
36	0.01708	0.01648	0.02842	0.07057	0.66377	0.01657	0.04162	0.02130	0.01583	0.02258	0.01313	0.01737	0.01097	0.00624	0.00695	0.00209	0.00844	0.00628	0.00344	0.01087
37	0.01447	0.01240	0.01447	0.01034	0.01654	0.00930	0.00827	0.01757	0.01447	0.02274	0.01240	0.01447	0.01034	0.00517	0.00517	0.00103	0.00517	0.00413	0.00413	0.79742
38	0.00956	0.00681	0.00787	0.00805	0.00868	0.00664	0.00509	0.01028	0.01177	0.01532	0.03345	0.12551	0.16653	0.46198	0.08805	0.00583	0.00686	0.01191	0.00489	0.00490
39	0.00973	0.00698	0.00922	0.01036	0.01130	0.00671	0.00757	0.03174	0.01528	0.02050	0.12479	0.51422	0.04658	0.01999	0.00889	0.00280	0.00449	0.13609	0.00664	0.00612
40	0.02607	0.03326	0.01978	0.01798	0.02157	0.72674	0.01348	0.02787	0.01978	0.01708	0.01079	0.01258	0.00899	0.00719	0.00629	0.00180	0.01258	0.00449	0.00360	0.00809
41	0.02786	0.01112	0.01503	0.01178	0.01661	0.00965	0.00963	0.03060	0.01981	0.60682	0.11346	0.02876	0.04687	0.00964	0.00721	0.00217	0.00553	0.00798	0.00844	0.01101
42	0.02448	0.01709	0.01881	0.01490	0.01976	0.01854	0.01210	0.54204	0.02911	0.09584	0.02059	0.11683	0.01696	0.01023	0.00725	0.00220	0.00704	0.00818	0.00705	0.01103
43	0.03052	0.01197	0.01614	0.01242	0.01771	0.01050	0.01024	0.05363	0.02036	0.67467	0.04754	0.02438	0.01856	0.00880	0.00705	0.00216	0.00591	0.00716	0.00856	0.01172
44	0.04253	0.00739	0.00923	0.00869	0.01049	0.00692	0.00655	0.01328	0.01919	0.02757	0.64007	0.05136	0.10248	0.01415	0.00807	0.00220	0.00339	0.01238	0.00747	0.00658
45	0.03131	0.01188	0.01619	0.01242	0.01781	0.01026	0.01026	0.03401	0.01997	0.71606	0.02753	0.02375	0.01727	0.00864	0.00702	0.00216	0.00594	0.00702	0.00864	0.01188
46	0.01727	0.01658	0.02832	0.04283	0.71123	0.01658	0.02142	0.02142	0.01589	0.02280	0.01313	0.01727	0.01105	0.00622	0.00691	0.00207	0.00829	0.00622	0.00345	0.01105
47	0.00830	0.00687	0.00728	0.00761	0.00957	0.00585	0.00554	0.00995	0.01538	0.01864	0.06409	0.20709	0.57272	0.01853	0.00838	0.00245	0.00364	0.01577	0.00648	0.00585
48	0.00988	0.00713	0.00933	0.00878	0.01043	0.00658	0.00658	0.01317	0.01975	0.02798	0.70754	0.05213	0.06584	0.01427	0.00823	0.00219	0.00329	0.01262	0.00768	0.00658
49	0.01419	0.06590	0.69048	0.01956	0.02970	0.01668	0.02521	0.02205	0.01471	0.02187	0.01241	0.01459	0.00884	0.00660	0.00654	0.00218	0.01020	0.00510	0.00295	0.01026
50	0.00932	0.00709	0.00845	0.00812	0.00993	0.00635	0.00602	0.01191	0.01793	0.02406	0.45031	0.05707	0.28879	0.05246	0.00960	0.00248	0.00355	0.01323	0.00709	0.00622
51	0.00988	0.00713	0.00933	0.00878	0.01043	0.00658	0.00658	0.01317	0.01975	0.02798	0.70754	0.05213	0.06584	0.01427	0.00823	0.00219	0.00329	0.01262	0.00768	0.00658
52	0.01738	0.01760	0.02872	0.06216	0.50779	0.06641	0.12165	0.02160	0.01619	0.02207	0.01407	0.01976	0.01198	0.00680	0.00718	0.00215	0.00908	0.03354	0.00359	0.01029
53	0.01318	0.01240	0.02093	0.73798	0.04806	0.01550	0.01938	0.01783	0.01395	0.01783	0.01240	0.01860	0.00930	0.00698	0.00698	0.00233	0.00930	0.00620	0.00310	0.00775
54	0.01212	0.00606	0.00909	0.00909	0.00909	0.00606	0.00606	0.00909	0.00909	0.01212	0.01212	0.02121	0.01212	0.02424	0.02727	0.79697	0.00606	0.00606	0.00303	0.00303
55	0.01661	0.01591	0.02714	0.15448	0.60472	0.01641	0.02109	0.02084	0.01558	0.02200	0.01301	0.01749	0.01077	0.00634	0.00692	0.00211	0.00845	0.00622	0.00340	0.01052
56	0.01212	0.00606	0.00909	0.00909	0.00909	0.00606	0.00606	0.00909	0.00909	0.01212	0.01212	0.02121	0.01212	0.02424	0.02727	0.79697	0.00606	0.00606	0.00303	0.00303
57	0.80405	0.01350	0.01026	0.00918	0.01350	0.01565	0.00756	0.02051	0.01188	0.03131	0.00972	0.01134	0.00756	0.00648	0.00432	0.00216	0.00540	0.00378	0.00432	0.00756
58	0.01447	0.01240	0.01447	0.01034	0.01654	0.00930	0.00827	0.01757	0.01447	0.02274	0.01240	0.01447	0.01034	0.00517	0.00517	0.00103	0.00517	0.00413	0.00413	0.79742
59	0.01496	0.18482	0.57827	0.01825	0.02767	0.01855	0.02293	0.02185	0.01462	0.02093	0.01194	0.01400	0.00886	0.00649	0.00619	0.00206	0.00973	0.00486	0.00295	0.01003
60	0.00935	0.00668	0.00907	0.01069	0.01147	0.00640	0.00796	0.01119	0.01420	0.01877	0.03799	0.54205	0.04430	0.02106	0.00913	0.00295	0.00479	0.21960	0.00646	0.00590
61	0.01400	0.03610	0.71860	0.01989	0.03020	0.01621	0.02578	0.02210	0.01473	0.02210	0.01252	0.01473	0.00884	0.00663	0.00663	0.00221	0.01031	0.00516	0.00295	0.01031
62	0.01858	0.01659	0.01640	0.01459	0.01862	0.06842	0.01136	0.07881	0.60667	0.02929	0.02638	0.02447	0.01981	0.00923	0.00703	0.00231	0.00617	0.00754	0.00684	0.01089
63	0.01637	0.01851	0.03945	0.02844	0.03489	0.01797	0.62739	0.02187	0.01597	0.02187	0.01369	0.01851	0.01046	0.00643	0.00951	0.00241	0.07545	0.00805	0.00349	0.00926
64	0.00850	0.00607	0.00810	0.00972	0.01012	0.00567	0.00648	0.00972	0.01336	0.01781	0.03846	0.75020	0.04615	0.02186	0.00891	0.00283	0.00405	0.01984	0.00648	0.00567
65	0.01849	0.73362	0.06047	0.01222	0.01834	0.02721	0.01243	0.02094	0.01420	0.01662	0.00980	0.01132	0.00895	0.00599	0.00455	0.00152	0.00756	0.00378	0.00298	0.00900
66	0.01727	0.01658	0.02832	0.04283	0.71123	0.01658	0.02142	0.02142	0.01589	0.02280	0.01313	0.01727	0.01105	0.00622	0.00691	0.00207	0.00829	0.00622	0.00345	0.01105
67	0.00850	0.00607	0.00810	0.00972	0.01012	0.00567	0.00648	0.00972	0.01336	0.01781	0.03846	0.75020	0.04615	0.02186	0.00891	0.00283	0.00405	0.01984	0.00648	0.00567
68	0.01642	0.01868	0.04035	0.02895	0.03571	0.01780	0.65788	0.02212	0.01623	0.02212	0.01391	0.01868	0.01053	0.00615	0.00885	0.00238	0.04226	0.00815	0.00351	0.00934
69	0.01015	0.00677	0.00761	0.00761	0.00761	0.00677	0.00423	0.01015	0.01015	0.01353	0.02199	0.04567	0.02537	0.75476	0.03552	0.00677	0.00677	0.01015	0.00423	0.00423
70	0.00993	0.00740	0.00929	0.00898	0.01075	0.00690	0.00680	0.01348	0.04193	0.02598	0.53400	0.08078	0.15229	0.01513	0.00830	0.00230	0.00360	0.04818	0.00738	0.00660
71	0.01447	0.01240	0.01447	0.01034	0.01654	0.00930	0.00827	0.01757	0.01447	0.02274	0.01240	0.01447	0.01034	0.00517	0.00517	0.00103	0.00517	0.00413	0.00413	0.79742
72	0.02561	0.03056	0.02042	0.01920	0.06213	0.59666	0.01392	0.11018	0.02118	0.02078	0.01167	0.01338	0.00947	0.00728	0.00641	0.00185	0.01172	0.00482	0.00401	0.00874
73	0.01124	0.00803	0.01124	0.01285	0.01446	0.00803	0.01124	0.01446	0.01606	0.02088	0.03695	0.07871	0.04016	0.01928	0.00964	0.00321	0.00643	0.66426	0.00643	0.00643
74	0.01435	0.01194	0.01291	0.01172	0.01492	0.01297	0.00906	0.05382	0.39072	0.02758	0.18647	0.03924	0.16124	0.01204	0.00756	0.00232	0.00474	0.01017	0.00711	0.00911
75	0.01535	0.01550	0.02265	0.01904	0.01949	0.02113	0.05864	0.01715	0.01106	0.01715	0.00948	0.01550	0.00925	0.01180	0.02195	0.00301	0.69475	0.00624	0.00308	0.00775
76	0.00877	0.00709	0.00780	0.00762	0.00975	0.00612	0.00572	0.01104	0.01715	0.02181	0.27679	0.06229	0.50046	0.01657	0.00824	0.00230	0.00346	0.01405	0.00687	0.00612
77	0.01559	0.01141	0.01342	0.01297	0.04092	0.01192	0.00984	0.04749	0.26964	0.09583	0.14308	0.04322	0.13906	0.01267	0.00780	0.00242	0.00520	0.10154	0.00701	0.00898
78	0.01647	0.01882	0.04118	0.02941	0.03647	0.01765	0.68588	0.02235	0.01647	0.02235	0.01412	0.01882	0.01059	0.00588	0.00824	0.00235	0.01176	0.00824	0.00353	0.00941
79	0.03058	0.01305	0.01692	0.01297	0.01840	0.01199	0.01071	0.13369	0.02193	0.61361	0.02589	0.02269	0.01645	0.00860	0.00701	0.00215	0.00620	0.00691	0.00838	0.01187
80	0.00877	0.00634	0.00835	0.00987	0.01052	0.00592	0.00689	0.01022	0.01380	0.01820	0.04039	0.63729	0.08837	0.02133	0.00894	0.00284	0.00426	0.08547	0.00647	0.00576
81	0.01727	0.01658	0.02832	0.04283	0.71123	0.01658	0.02142	0.02142	0.01589	0.02280	0.01313	0.01727	0.01105	0.00622	0.00691	0.00207	0.00829	0.00622	0.00345	0.01105
82	0.00902	0.00703	0.00818	0.00804	0.00993	0.00619	0.00597	0.01145	0.01750	0.02299	0.36188	0.10790	0.36612	0.01640	0.00829	0.00232	0.00346	0.01411	0.00703	0.00619
83	0.00973	0.00769	0.00890	0.00886	0.01097	0.00709	0.00689	0.01326	0.05751	0.02271	0.27002	0.06147	0.36571	0.01631	0.00837	0.00242	0.00398	0.10470	0.00690	0.00650
84	0.12170	0.05052	0.16994	0.02468	0.23088	0.19561	0.03567	0.02373	0.04457	0.02235	0.01251	0.01497	0.00995	0.00670	0.00631	0.00204	0.00937	0.00528	0.00363	0.00958
85	0.01792	0.64408	0.14495	0.01320	0.01986	0.02580	0.01414	0.02109	0.01427	0.01732	0.01015	0.01176	0.00894	0.00607	0.00482	0.00161	0.00792	0.00396	0.00298	0.00917
86	0.23539	0.01484	0.01533	0.01255	0.01702	0.01622	0.01020	0.28004	0.08495	0.10205	0.12225	0.02220	0.02031	0.00888	0.00646	0.00216	0.00602	0.00679	0.00653	0.00981
87	0.01786	0.63597	0.15261	0.01329	0.02000	0.02567	0.01430	0.02110	0.01427	0.01738	0.01018	0.01180	0.00894	0.00608	0.00484	0.00161	0.00795	0.00397	0.00298	0.00919
88	0.13987	0.01204	0.01500	0.01208	0.01700	0.01129	0.00998	0.03099	0.05743	0.53370	0.02564	0.02566	0.01759	0.00906	0.00681	0.00224	0.00587	0.04911	0.00779	0.01086
89	0.05370	0.01512	0.01729	0.04347	0.01960	0.01601	0.01149	0.36969	0.02524	0.20081	0.02087	0.04621	0.01556	0.00910	0.00684	0.00214	0.00666	0.02821	0.08134	0.01064
90	0.00998	0.00645	0.00862	0.00989	0.01062	0.00596	0.00672	0.01129	0.01379	0.06298	0.03775	0.70322	0.04429	0.02101	0.00878	0.00279	0.00417	0.01901	0.00662	0.00607
91	0.02624	0.01941	0.02078	0.01600	0.02153	0.02151	0.01320	0.66788	0.05335	0.04352	0.01711	0.01704	0.01216	0.00841	0.00698	0.00210	0.00761	0.00633	0.00698	0.01184
92	0.00861	0.00612	0.00807	0.00958	0.00996	0.00574	0.00633	0.00974	0.01315	0.01754	0.03740	0.70463	0.04481	0.06927	0.01063	0.00309	0.00422	0.01921	0.00633	0.00557
93	0.01014	0.00680	0.00779	0.00779	0.00785	0.00686	0.00445	0.01026	0.01020	0.01366	0.02182	0.04475	0.02497	0.71966	0.07008	0.00699	0.00736	0.01001	0.00420	0.00433
94	0.01331	0.01252	0.02129	0.61334	0.09995	0.01502	0.03774	0.01773	0.01415	0.01837	0.01420	0.06582	0.01187	0.00785	0.00713	0.00234	0.00895	0.00714	0.00336	0.00794
95	0.01212	0.00606	0.00909	0.00909	0.00909	0.00606	0.00606	0.00909	0.00909	0.01212	0.01212	0.02121	0.01212	0.02424	0.02727	0.79697	0.00606	0.00606	0.00303	0.00303
96	0.03034	0.01197	0.01610	0.01241	0.01767	0.01051	0.01022	0.05591	0.02041	0.66713	0.05249	0.02457	0.01890	0.00884	0.00706	0.00216	0.00590	0.00720	0.00854	0.01168
97	0.01707	0.01637	0.02796	0.07757	0.67809	0.01653	0.02131	0.02124	0.01579	0.02255	0.01309	0.01734	0.01097	0.00626	0.00691	0.00209	0.00834	0.00622	0.00344	0.01089
98	0.01380	0.01304	0.02206	0.63202	0.14915	0.01567	0.01969	0.01838	0.01425	0.01859	0.01251	0.01840	0.00957	0.00686	0.00697	0.00229	0.00915	0.00620	0.00315	0.00826
99	0.01647	0.01882	0.04118	0.02941	0.03647	0.01765	0.68588	0.02235	0.01647	0.02235	0.01412	0.01882	0.01059	0.00588	0.00824	0.00235	0.01176	0.00824	0.00353	0.00941
100	0.01976	0.01520	0.01794	0.01344	0.01926	0.01439	0.03885	0.24218	0.07087	0.07165	0.01599	0.01681	0.01207	0.00678	0.00615	0.00161	0.00635	0.00547	0.00554	0.39971
101	0.01212	0.00606	0.00909	0.00909	0.00909	0.00606	0.00606	0.00909	0.00909	0.01212	0.01212	0.02121	0.01212	0.02424	0.02727	0.79697	0.00606	0.00606	0.00303	0.00303
102	0.01019	0.00781	0.01164	0.01151	0.01271	0.00926	0.00900	0.01264	0.01119	0.01622	0.01829	0.02690	0.01710	0.05064	0.69737	0.01087	0.04923	0.00742	0.00371	0.00629
103	0.01615	0.01096	0.01456	0.01555	0.11149	0.01086	0.01027	0.13549	0.01981	0.11272	0.22065	0.22816	0.03719	0.01347	0.00786	0.00233	0.00530	0.01188	0.00675	0.00855
104	0.01439	0.01232	0.01454	0.01096	0.01642	0.01015	0.00880	0.01843	0.05542	0.02297	0.03682	0.01910	0.01399	0.00661	0.00632	0.00133	0.03629	0.03228	0.00448	0.65839

[dist]
# distance from previous block
# <min> <max>
0	1

[block]
# block no. 1 follows, 30 sequences, length 32
# corresponding to MSA columns:
# 249-280
name=unknown_B
#
# <colnr> <probs for GDERKNQSTAVLIFYWHMCP>
#	G	D	E	R	K	N	Q	S	T	A	V	L	I	F	Y	W	H	M	C	P
0	0.06431	0.07445	0.02062	0.01573	0.02024	0.22668	0.01273	0.35182	0.02472	0.03137	0.01397	0.01515	0.01069	0.00797	0.00726	0.00200	0.04921	0.00545	0.03573	0.00990
1	0.01843	0.72401	0.06954	0.01232	0.01850	0.02706	0.01261	0.02095	0.01421	0.01669	0.00984	0.01137	0.00895	0.00600	0.00458	0.00153	0.00760	0.00380	0.00298	0.00902
2	0.01647	0.16891	0.49946	0.01732	0.02607	0.01748	0.02107	0.02279	0.01530	0.09009	0.03409	0.01607	0.01139	0.00693	0.00631	0.00207	0.00913	0.00529	0.00366	0.01010
3	0.01301	0.00650	0.00650	0.00650	0.00813	0.00650	0.00488	0.01626	0.01463	0.02602	0.02276	0.02602	0.01789	0.00813	0.00488	0.00163	0.00325	0.00650	0.79350	0.00650
4	0.00998	0.00745	0.01107	0.01107	0.01227	0.00865	0.00855	0.01237	0.01117	0.01609	0.01882	0.02813	0.01776	0.07989	0.69997	0.01104	0.01822	0.00758	0.00376	0.00615
5	0.06872	0.05257	0.01112	0.00932	0.01161	0.00855	0.00714	0.01502	0.01704	0.09014	0.32845	0.19249	0.13234	0.01471	0.00776	0.00230	0.00413	0.01271	0.00685	0.00702
6	0.01235	0.00876	0.01091	0.01116	0.01315	0.00879	0.00872	0.01783	0.13551	0.06344	0.15644	0.22964	0.08732	0.01659	0.00851	0.00267	0.00489	0.18905	0.00691	0.00735
7	0.00850	0.00607	0.00810	0.00972	0.01012	0.00567	0.00648	0.00972	0.01336	0.01781	0.03846	0.75020	0.04615	0.02186	0.00891	0.00283	0.00405	0.01984	0.00648	0.00567
8	0.00995	0.00675	0.00760	0.00769	0.00785	0.00666	0.00441	0.01012	0.01065	0.01406	0.02568	0.08288	0.06648	0.67413	0.03256	0.00631	0.00644	0.01091	0.00448	0.00440
9	0.01866	0.75896	0.03657	0.01194	0.01791	0.02761	0.01194	0.02090	0.01418	0.01642	0.00970	0.01119	0.00896	0.00597	0.00448	0.00149	0.00746	0.00373	0.00299	0.00896
10	0.46682	0.01472	0.04884	0.07659	0.13585	0.01528	0.01197	0.02130	0.04497	0.04830	0.04759	0.01623	0.01225	0.00708	0.00550	0.00217	0.00637	0.00520	0.00443	0.00854
11	0.00850	0.00607	0.00810	0.00972	0.01012	0.00567	0.00648	0.00972	0.01336	0.01781	0.03846	0.75020	0.04615	0.02186	0.00891	0.00283	0.00405	0.01984	0.00648	0.00567
12	0.02609	0.03250	0.01984	0.01787	0.02158	0.68795	0.01347	0.06418	0.02049	0.01856	0.01111	0.01281	0.00915	0.00726	0.00633	0.00181	0.01231	0.00459	0.00378	0.00830
13	0.05198	0.01872	0.08403	0.06280	0.11188	0.01674	0.47172	0.02141	0.01582	0.02239	0.01460	0.04791	0.01177	0.00671	0.00776	0.00232	0.01054	0.00796	0.00362	0.00935
14	0.12600	0.01760	0.01875	0.08208	0.05869	0.05284	0.01288	0.41675	0.02543	0.03547	0.01927	0.02007	0.06668	0.00857	0.00669	0.00213	0.00746	0.00653	0.00588	0.01022
15	0.01360	0.01283	0.02169	0.66634	0.11641	0.01561	0.01959	0.01820	0.01415	0.01834	0.01248	0.01847	0.00948	0.00690	0.00697	0.00230	0.00920	0.00620	0.00314	0.00809
16	0.01869	0.70791	0.06396	0.01244	0.01852	0.04784	0.01255	0.02115	0.01437	0.01667	0.00985	0.01138	0.00895	0.00603	0.00462	0.00153	0.00773	0.00381	0.00300	0.00899
17	0.01015	0.00677	0.00761	0.00761	0.00761	0.00677	0.00423	0.01015	0.01015	0.01353	0.02199	0.04567	0.02537	0.75476	0.03552	0.00677	0.00677	0.01015	0.00423	0.00423
18	0.01714	0.57995	0.13663	0.01284	0.01906	0.02393	0.01352	0.02035	0.01478	0.01835	0.07534	0.01555	0.01425	0.00684	0.00515	0.00167	0.00750	0.00478	0.00342	0.00894
19	0.64018	0.01318	0.01175	0.04689	0.01595	0.01478	0.00859	0.02253	0.01328	0.14006	0.01270	0.01369	0.00920	0.00685	0.00489	0.00217	0.00568	0.00442	0.00495	0.00826
20	0.00849	0.00712	0.00741	0.00746	0.00974	0.00604	0.00568	0.01041	0.01613	0.01946	0.10401	0.06692	0.63900	0.01757	0.00832	0.00239	0.00367	0.04770	0.00654	0.00596
21	0.01599	0.01797	0.03833	0.02776	0.03406	0.01726	0.61195	0.02138	0.01597	0.02180	0.01507	0.05587	0.01232	0.00707	0.00913	0.00242	0.05419	0.00870	0.00365	0.00912
22	0.02423	0.01700	0.01911	0.01596	0.04649	0.01840	0.01244	0.48507	0.07242	0.10731	0.02066	0.09234	0.01647	0.00976	0.00718	0.00219	0.00702	0.00783	0.00697	0.01116
23	0.00894	0.00640	0.00852	0.00965	0.01039	0.00599	0.00672	0.01072	0.01494	0.02028	0.19124	0.55997	0.05038	0.02001	0.00879	0.00271	0.00398	0.04771	0.00675	0.00591
24	0.01015	0.00677	0.00761	0.00761	0.00761	0.00677	0.00423	0.01015	0.01015	0.01353	0.02199	0.04567	0.02537	0.75476	0.03552	0.00677	0.00677	0.01015	0.00423	0.00423
25	0.01736	0.55825	0.22594	0.01415	0.02132	0.02445	0.01578	0.02123	0.01433	0.01800	0.01048	0.01218	0.00892	0.00615	0.00508	0.00169	0.00825	0.00413	0.00297	0.00933
26	0.01487	0.17167	0.59069	0.01840	0.02790	0.01835	0.02319	0.02187	0.01463	0.02103	0.01199	0.01407	0.00886	0.00651	0.00623	0.00208	0.00978	0.00489	0.00295	0.01006
27	0.01081	0.00773	0.01073	0.01224	0.01369	0.00765	0.01039	0.01376	0.01587	0.02079	0.06786	0.16799	0.04214	0.01940	0.00948	0.00312	0.00596	0.54757	0.00649	0.00633
28	0.00939	0.00706	0.00869	0.00839	0.01015	0.00636	0.00625	0.01219	0.01845	0.02514	0.51109	0.09159	0.22859	0.01552	0.00827	0.00227	0.00339	0.01353	0.00731	0.00636
29	0.09307	0.01404	0.02360	0.14113	0.02723	0.01497	0.23746	0.07569	0.01590	0.02333	0.01800	0.14580	0.01671	0.00975	0.00857	0.00240	0.06448	0.00904	0.05063	0.00820
30	0.05385	0.68225	0.07599	0.01229	0.01844	0.02639	0.01257	0.02095	0.01411	0.01743	0.00987	0.01141	0.00889	0.00603	0.00460	0.00157	0.00754	0.00382	0.00304	0.00897
31	0.02529	0.01872	0.02012	0.01568	0.02096	0.02072	0.01285	0.62751	0.06199	0.04211	0.01827	0.05076	0.01386	0.00904	0.00707	0.00214	0.00742	0.00698	0.00696	0.01155

[dist]
# distance from previous block
# <min> <max>
2	6

[block]
# block no. 2 follows, 30 sequences, length 592
# corresponding to MSA columns:
# 288-879
name=unknown_C
#
# <colnr> <probs for GDERKNQSTAVLIFYWHMCP>
#	G	D	E	R	K	N	Q	S	T	A	V	L	I	F	Y	W	H	M	C	P
0	0.03783	0.07497	0.01400	0.01069	0.01371	0.01136	0.00862	0.07814	0.05139	0.11134	0.28200	0.07140	0.13182	0.01282	0.00800	0.00225	0.02666	0.03816	0.00680	0.00805
1	0.02065	0.01534	0.01704	0.01382	0.01804	0.01646	0.01107	0.43331	0.02583	0.03525	0.05322	0.15125	0.02063	0.01093	0.00764	0.00215	0.02824	0.00886	0.03245	0.07780
2	0.01889	0.01518	0.05013	0.01382	0.01765	0.01527	0.01127	0.38117	0.04622	0.03266	0.02503	0.29068	0.02482	0.01336	0.00769	0.00238	0.00638	0.01134	0.00660	0.00945
3	0.01141	0.00797	0.00916	0.00883	0.00971	0.00800	0.00573	0.07586	0.01417	0.01904	0.11227	0.13579	0.05560	0.46821	0.02491	0.00507	0.00595	0.01150	0.00530	0.00551
4	0.10133	0.02002	0.01674	0.01430	0.01837	0.22513	0.01125	0.20924	0.09268	0.07310	0.06093	0.02077	0.03655	0.01013	0.03164	0.00236	0.00840	0.00641	0.03127	0.00936
5	0.03086	0.01260	0.01664	0.01276	0.01818	0.01133	0.01054	0.09575	0.02118	0.65261	0.02651	0.02309	0.01676	0.00861	0.00701	0.00215	0.00610	0.00695	0.00848	0.01188
6	0.01045	0.00729	0.01030	0.01030	0.01155	0.00828	0.00790	0.01294	0.01170	0.01760	0.01949	0.02809	0.01790	0.07982	0.58040	0.00950	0.01570	0.00746	0.12716	0.00618
7	0.02609	0.03259	0.01983	0.01788	0.02158	0.69222	0.01347	0.06018	0.02041	0.01840	0.01108	0.01279	0.00913	0.00725	0.00633	0.00181	0.01234	0.00458	0.00376	0.00827
8	0.01422	0.01414	0.02571	0.51724	0.09072	0.01622	0.15931	0.01899	0.01451	0.01909	0.01271	0.01845	0.00969	0.00687	0.00776	0.00234	0.03387	0.00663	0.00321	0.00833
9	0.00980	0.00713	0.00922	0.00870	0.01038	0.00655	0.00652	0.01301	0.01956	0.02754	0.67637	0.05286	0.09730	0.01443	0.00823	0.00220	0.00330	0.01272	0.00762	0.00655
10	0.00839	0.00703	0.00729	0.00732	0.00953	0.00594	0.00545	0.01025	0.01610	0.01953	0.11960	0.09495	0.62957	0.01758	0.00827	0.00236	0.00354	0.01478	0.00657	0.00594
11	0.01596	0.01782	0.03801	0.14013	0.03828	0.01731	0.58174	0.02165	0.01608	0.02165	0.01385	0.01879	0.01039	0.00605	0.00804	0.00235	0.01138	0.00792	0.00346	0.00915
12	0.01097	0.03061	0.01229	0.01128	0.01265	0.00996	0.00875	0.03455	0.01188	0.01686	0.01835	0.02796	0.01750	0.11758	0.58917	0.00990	0.04200	0.00754	0.00385	0.00635
13	0.00850	0.00607	0.00810	0.00972	0.01012	0.00567	0.00648	0.00972	0.01336	0.01781	0.03846	0.75020	0.04615	0.02186	0.00891	0.00283	0.00405	0.01984	0.00648	0.00567
14	0.03131	0.01188	0.01619	0.01242	0.01781	0.01026	0.01026	0.03401	0.01997	0.71606	0.02753	0.02375	0.01727	0.00864	0.00702	0.00216	0.00594	0.00702	0.00864	0.01188
15	0.01727	0.01658	0.02832	0.04283	0.71123	0.01658	0.02142	0.02142	0.01589	0.02280	0.01313	0.01727	0.01105	0.00622	0.00691	0.00207	0.00829	0.00622	0.00345	0.01105
16	0.03131	0.01188	0.01619	0.01242	0.01781	0.01026	0.01026	0.03401	0.01997	0.71606	0.02753	0.02375	0.01727	0.00864	0.00702	0.00216	0.00594	0.00702	0.00864	0.01188
17	0.01462	0.13339	0.62680	0.01882	0.02855	0.01774	0.02392	0.02194	0.01466	0.02133	0.01214	0.01426	0.00886	0.00654	0.00634	0.00211	0.00993	0.00496	0.00295	0.01013
18	0.01702	0.01632	0.02787	0.08596	0.67008	0.01651	0.02129	0.02119	0.01577	0.02249	0.01308	0.01735	0.01094	0.00626	0.00691	0.00209	0.00835	0.00622	0.00343	0.01085
19	0.00892	0.00630	0.00823	0.00962	0.01004	0.00598	0.00646	0.01009	0.01307	0.01740	0.03599	0.60461	0.04276	0.12745	0.01279	0.00343	0.00460	0.06060	0.00615	0.00551
20	0.01400	0.03610	0.71860	0.01989	0.03020	0.01621	0.02578	0.02210	0.01473	0.02210	0.01252	0.01473	0.00884	0.00663	0.00663	0.00221	0.01031	0.00516	0.00295	0.01031
21	0.00983	0.00709	0.00931	0.00899	0.01055	0.00658	0.00675	0.01298	0.01919	0.02704	0.63814	0.10004	0.06358	0.01496	0.00833	0.00227	0.00346	0.03682	0.00756	0.00652
22	0.02762	0.01568	0.01821	0.01411	0.01940	0.01616	0.01161	0.36353	0.05505	0.32211	0.02195	0.02040	0.01474	0.00852	0.00692	0.00212	0.00670	0.00666	0.03686	0.01164
23	0.01013	0.00682	0.00790	0.00790	0.00799	0.00692	0.00458	0.01033	0.01023	0.01374	0.02173	0.04422	0.02474	0.69919	0.09023	0.00712	0.00771	0.00994	0.00419	0.00439
24	0.01291	0.00654	0.00666	0.00666	0.00827	0.00658	0.00500	0.01614	0.01452	0.02569	0.02263	0.02606	0.01787	0.00959	0.02865	0.00194	0.00376	0.00654	0.76750	0.00650
25	0.01301	0.00650	0.00650	0.00650	0.00813	0.00650	0.00488	0.01626	0.01463	0.02602	0.02276	0.02602	0.01789	0.00813	0.00488	0.00163	0.00325	0.00650	0.79350	0.00650
26	0.01014	0.00679	0.00773	0.00773	0.00777	0.00683	0.00437	0.01022	0.01018	0.01362	0.02188	0.04508	0.02511	0.73202	0.05790	0.00691	0.00715	0.01006	0.00421	0.00429
27	0.01727	0.01658	0.02832	0.04283	0.71123	0.01658	0.02142	0.02142	0.01589	0.02280	0.01313	0.01727	0.01105	0.00622	0.00691	0.00207	0.00829	0.00622	0.00345	0.01105
28	0.01727	0.01658	0.02832	0.04283	0.71123	0.01658	0.02142	0.02142	0.01589	0.02280	0.01313	0.01727	0.01105	0.00622	0.00691	0.00207	0.00829	0.00622	0.00345	0.01105
29	0.01346	0.00810	0.00946	0.00855	0.01141	0.00696	0.00661	0.01574	0.01756	0.16818	0.19241	0.05489	0.43021	0.01506	0.00798	0.00228	0.00399	0.01266	0.00718	0.00730
30	0.01570	0.01744	0.03698	0.02684	0.03297	0.01668	0.58556	0.02104	0.01629	0.02228	0.05929	0.04741	0.01536	0.00730	0.00896	0.00239	0.04576	0.00884	0.00388	0.00901
31	0.01678	0.46846	0.31065	0.01513	0.02285	0.02303	0.01750	0.02138	0.01440	0.01870	0.01084	0.01262	0.00891	0.00624	0.00534	0.00178	0.00861	0.00430	0.00297	0.00950
32	0.04862	0.01611	0.01795	0.01422	0.01899	0.01737	0.01161	0.45866	0.02711	0.13641	0.04069	0.05079	0.01619	0.01201	0.05467	0.00273	0.00767	0.00717	0.03026	0.01078
33	0.68341	0.10474	0.01376	0.00980	0.01429	0.04012	0.00828	0.02080	0.01241	0.02904	0.00975	0.01136	0.00777	0.00644	0.00440	0.00207	0.00588	0.00380	0.00413	0.00774
34	0.04011	0.00676	0.00685	0.00682	0.00829	0.00683	0.00494	0.01545	0.01383	0.02428	0.02183	0.02754	0.01815	0.09258	0.00913	0.03173	0.00383	0.00680	0.64807	0.00616
35	0.01544	0.01826	0.13077	0.03368	0.48129	0.01502	0.04441	0.01991	0.01574	0.02211	0.02138	0.02414	0.11133	0.00792	0.00711	0.00214	0.00804	0.00736	0.00382	0.01013
36	0.00896	0.00705	0.00809	0.00792	0.00989	0.00618	0.00591	0.01137	0.01746	0.02276	0.34484	0.08964	0.40232	0.01638	0.00827	0.00231	0.00345	0.01403	0.00700	0.00618
37	0.01846	0.72808	0.06570	0.01228	0.01844	0.02712	0.01253	0.02095	0.01420	0.01666	0.00982	0.01135	0.00895	0.00600	0.00457	0.00152	0.00758	0.00379	0.00298	0.00901
38	0.01787	0.01487	0.01579	0.01413	0.01813	0.01709	0.01102	0.03697	0.67344	0.05468	0.02837	0.02595	0.02115	0.00944	0.00710	0.00236	0.00554	0.00786	0.00716	0.01108
39	0.08585	0.02012	0.14540	0.05035	0.09405	0.01645	0.39194	0.02184	0.01564	0.04365	0.01452	0.04157	0.01140	0.00673	0.00745	0.00230	0.01013	0.00743	0.00373	0.00944
40	0.01769	0.01516	0.01597	0.01427	0.01827	0.01751	0.01113	0.06077	0.67439	0.02973	0.02798	0.02570	0.02096	0.00943	0.00710	0.00236	0.00560	0.00783	0.00710	0.01108
41	0.00997	0.00748	0.01121	0.01121	0.01246	0.00872	0.00872	0.01246	0.01121	0.01620	0.01869	0.02741	0.01745	0.05234	0.72710	0.01121	0.01869	0.00748	0.00374	0.00623
42	0.02607	0.03326	0.01978	0.01798	0.02157	0.72674	0.01348	0.02787	0.01978	0.01708	0.01079	0.01258	0.00899	0.00719	0.00629	0.00180	0.01258	0.00449	0.00360	0.00809
43	0.02482	0.04370	0.01925	0.01488	0.01950	0.12110	0.01211	0.38175	0.02588	0.12672	0.04234	0.01877	0.01435	0.00852	0.00738	0.00205	0.03905	0.00628	0.06108	0.01048
44	0.00855	0.00611	0.00814	0.00968	0.01013	0.00570	0.00648	0.00984	0.01360	0.01819	0.06329	0.72430	0.04688	0.02158	0.00888	0.00281	0.00402	0.01957	0.00652	0.00570
45	0.00921	0.00738	0.00840	0.00892	0.01103	0.00658	0.00720	0.01144	0.01596	0.01950	0.05990	0.07085	0.49476	0.01819	0.00869	0.00263	0.00446	0.22238	0.00646	0.00606
46	0.01630	0.01350	0.01478	0.01370	0.01717	0.01521	0.01089	0.07649	0.48453	0.02801	0.03085	0.06090	0.04740	0.01184	0.00765	0.00251	0.00572	0.12570	0.00693	0.00992
47	0.00933	0.00669	0.00872	0.00980	0.01057	0.00636	0.00673	0.03382	0.01496	0.02019	0.13426	0.62394	0.04780	0.02030	0.00874	0.00272	0.00407	0.01832	0.00667	0.00602
48	0.01015	0.00677	0.00761	0.00761	0.00761	0.00677	0.00423	0.01015	0.01015	0.01353	0.02199	0.04567	0.02537	0.75476	0.03552	0.00677	0.00677	0.01015	0.00423	0.00423
49	0.00859	0.00614	0.00820	0.00982	0.01026	0.00574	0.00663	0.00987	0.01345	0.01791	0.03841	0.72841	0.04596	0.02178	0.00893	0.00285	0.00413	0.04075	0.00648	0.00569
50	0.02534	0.06801	0.02043	0.01752	0.02125	0.66242	0.01330	0.02792	0.04831	0.01756	0.01148	0.01309	0.00951	0.00723	0.00624	0.00181	0.01203	0.00460	0.00371	0.00826
51	0.01854	0.01899	0.02709	0.03925	0.61171	0.11906	0.02027	0.02235	0.01645	0.02197	0.01279	0.01659	0.01076	0.00636	0.00682	0.00203	0.00891	0.00597	0.00347	0.01063
52	0.75254	0.01390	0.01096	0.00963	0.01403	0.01605	0.00794	0.06473	0.01326	0.03215	0.01018	0.01169	0.00784	0.00660	0.00449	0.00215	0.00555	0.00394	0.00449	0.00784
53	0.00850	0.00607	0.00810	0.00972	0.01012	0.00567	0.00648	0.00972	0.01336	0.01781	0.03846	0.75020	0.04615	0.02186	0.00891	0.00283	0.00405	0.01984	0.00648	0.00567
54	0.01447	0.01240	0.01447	0.01034	0.01654	0.00930	0.00827	0.01757	0.01447	0.02274	0.01240	0.01447	0.01034	0.00517	0.00517	0.00103	0.00517	0.00413	0.00413	0.79742
55	0.00998	0.00744	0.01104	0.01104	0.01222	0.00863	0.00850	0.01235	0.01116	0.01607	0.01885	0.02831	0.01783	0.08672	0.69325	0.01100	0.01811	0.00761	0.00376	0.00613
56	0.01727	0.01658	0.02832	0.04283	0.71123	0.01658	0.02142	0.02142	0.01589	0.02280	0.01313	0.01727	0.01105	0.00622	0.00691	0.00207	0.00829	0.00622	0.00345	0.01105
57	0.05519	0.01218	0.01616	0.01243	0.01780	0.01079	0.01027	0.05481	0.02014	0.67296	0.02663	0.02314	0.01680	0.00856	0.00693	0.00216	0.00598	0.00689	0.00845	0.01174
58	0.01014	0.00678	0.00768	0.00766	0.00773	0.00676	0.00433	0.01028	0.01056	0.01415	0.05127	0.04594	0.02710	0.72312	0.03435	0.00657	0.00662	0.01025	0.00438	0.00433
59	0.01400	0.03610	0.71860	0.01989	0.03020	0.01621	0.02578	0.02210	0.01473	0.02210	0.01252	0.01473	0.00884	0.00663	0.00663	0.00221	0.01031	0.00516	0.00295	0.01031
60	0.00861	0.00714	0.00758	0.00762	0.00986	0.00610	0.00582	0.01064	0.01633	0.01996	0.13660	0.06629	0.59680	0.01741	0.00833	0.00239	0.00369	0.05621	0.00661	0.00600
61	0.00997	0.00748	0.01121	0.01121	0.01246	0.00872	0.00872	0.01246	0.01121	0.01620	0.01869	0.02741	0.01745	0.05234	0.72710	0.01121	0.01869	0.00748	0.00374	0.00623
62	0.04001	0.03535	0.69528	0.01954	0.02965	0.01619	0.02518	0.02205	0.01464	0.02240	0.01243	0.01462	0.00880	0.00662	0.00655	0.00221	0.01015	0.00511	0.00299	0.01022
63	0.05966	0.02175	0.02028	0.01611	0.02128	0.14817	0.01306	0.54076	0.02957	0.03860	0.01538	0.01577	0.01117	0.00808	0.00674	0.00204	0.00846	0.00585	0.00626	0.01100
64	0.01124	0.00803	0.01124	0.01285	0.01446	0.00803	0.01124	0.01446	0.01606	0.02088	0.03695	0.07871	0.04016	0.01928	0.00964	0.00321	0.00643	0.66426	0.00643	0.00643
65	0.04312	0.02915	0.49158	0.02000	0.02878	0.01551	0.13291	0.02272	0.01558	0.08155	0.04345	0.01765	0.01222	0.00699	0.00692	0.00223	0.00972	0.00610	0.00377	0.01004
66	0.08731	0.05192	0.05285	0.02845	0.38477	0.01502	0.01656	0.02426	0.01640	0.20454	0.01724	0.04178	0.01332	0.00739	0.00665	0.00210	0.00734	0.00649	0.00494	0.01066
67	0.05326	0.04414	0.01653	0.04342	0.01848	0.01291	0.01055	0.06282	0.14353	0.40664	0.09116	0.02538	0.02141	0.00906	0.00694	0.00218	0.00588	0.00739	0.00755	0.01075
68	0.41420	0.14966	0.06850	0.01369	0.04025	0.12141	0.03468	0.02247	0.03941	0.02529	0.01103	0.01273	0.00883	0.00658	0.00512	0.00200	0.00748	0.00436	0.00393	0.00838
69	0.01546	0.00927	0.00910	0.00830	0.01059	0.02945	0.00641	0.11985	0.01758	0.02852	0.02150	0.02421	0.01671	0.00814	0.00524	0.00170	0.00420	0.00641	0.64998	0.00737
70	0.01957	0.01446	0.01646	0.01462	0.03881	0.01557	0.01114	0.41268	0.02508	0.03361	0.02474	0.26743	0.02450	0.01328	0.00773	0.00239	0.00642	0.03529	0.00668	0.00954
71	0.00850	0.00607	0.00810	0.00972	0.01012	0.00567	0.00648	0.00972	0.01336	0.01781	0.03846	0.75020	0.04615	0.02186	0.00891	0.00283	0.00405	0.01984	0.00648	0.00567
72	0.01893	0.73203	0.03594	0.01216	0.01805	0.05355	0.01200	0.02115	0.01439	0.01644	0.00974	0.01125	0.00896	0.00602	0.00454	0.00150	0.00765	0.00376	0.00301	0.00892
73	0.40445	0.01330	0.01384	0.01252	0.04952	0.01410	0.00963	0.09349	0.01703	0.21604	0.05627	0.02009	0.01521	0.00811	0.00585	0.00218	0.00584	0.02728	0.00598	0.00925
74	0.02611	0.01930	0.02072	0.01586	0.02146	0.02121	0.01309	0.66469	0.03217	0.04324	0.01660	0.01667	0.01181	0.00827	0.00692	0.00206	0.00759	0.00621	0.00688	0.03913
75	0.01868	0.01565	0.01652	0.01447	0.01865	0.01798	0.01137	0.13101	0.60254	0.03133	0.02672	0.02470	0.01994	0.00931	0.00708	0.00233	0.00583	0.00766	0.00708	0.01116
76	0.00998	0.00744	0.01104	0.01104	0.01223	0.00863	0.00851	0.01235	0.01116	0.01607	0.01885	0.02828	0.01782	0.08583	0.69412	0.01100	0.01812	0.00760	0.00376	0.00614
77	0.04020	0.06602	0.66634	0.01920	0.02913	0.01667	0.02460	0.02200	0.01462	0.02216	0.01231	0.01447	0.00880	0.00660	0.00646	0.00218	0.01003	0.00505	0.00299	0.01016
78	0.00862	0.00616	0.00823	0.00985	0.01031	0.00577	0.00668	0.00992	0.01348	0.01794	0.03840	0.72171	0.04590	0.02175	0.00894	0.00285	0.00415	0.04718	0.00648	0.00570
79	0.01071	0.00786	0.01050	0.01182	0.01356	0.00765	0.01019	0.01367	0.01604	0.02052	0.04296	0.07666	0.15913	0.01899	0.00939	0.00306	0.00591	0.54862	0.00644	0.00633
80	0.00835	0.00707	0.00722	0.00718	0.00949	0.00594	0.00539	0.01022	0.01616	0.01945	0.11235	0.06617	0.66636	0.01745	0.00825	0.00235	0.00352	0.01459	0.00656	0.00594
81	0.01447	0.01240	0.01447	0.01034	0.01654	0.00930	0.00827	0.01757	0.01447	0.02274	0.01240	0.01447	0.01034	0.00517	0.00517	0.00103	0.00517	0.00413	0.00413	0.79742
82	0.02529	0.02304	0.01940	0.01593	0.02054	0.25397	0.01266	0.41550	0.02704	0.03363	0.01526	0.01612	0.01140	0.00796	0.00658	0.00196	0.00895	0.00571	0.06889	0.01019
83	0.00850	0.00607	0.00810	0.00972	0.01012	0.00567	0.00648	0.00972	0.01336	0.01781	0.03846	0.75020	0.04615	0.02186	0.00891	0.00283	0.00405	0.01984	0.00648	0.00567
84	0.03131	0.01188	0.01619	0.01242	0.01781	0.01026	0.01026	0.03401	0.01997	0.71606	0.02753	0.02375	0.01727	0.00864	0.00702	0.00216	0.00594	0.00702	0.00864	0.01188
85	0.01698	0.01628	0.02779	0.09277	0.66359	0.01650	0.02127	0.02116	0.01575	0.02244	0.01307	0.01737	0.01093	0.00627	0.00691	0.00209	0.00836	0.00622	0.00343	0.01082
86	0.02653	0.01955	0.02094	0.01606	0.02164	0.02164	0.01326	0.68796	0.03281	0.04398	0.01675	0.01675	0.01187	0.00838	0.00698	0.00209	0.00768	0.00628	0.00698	0.01187
87	0.80405	0.01350	0.01026	0.00918	0.01350	0.01565	0.00756	0.02051	0.01188	0.03131	0.00972	0.01134	0.00756	0.00648	0.00432	0.00216	0.00540	0.00378	0.00432	0.00756
88	0.01318	0.01240	0.02093	0.73798	0.04806	0.01550	0.01938	0.01783	0.01395	0.01783	0.01240	0.01860	0.00930	0.00698	0.00698	0.00233	0.00930	0.00620	0.00310	0.00775
89	0.00849	0.00612	0.00805	0.00959	0.01009	0.00568	0.00642	0.00973	0.01348	0.01786	0.04004	0.71676	0.07857	0.02166	0.00887	0.00281	0.00402	0.01959	0.00648	0.00568
90	0.01866	0.75896	0.03657	0.01194	0.01791	0.02761	0.01194	0.02090	0.01418	0.01642	0.00970	0.01119	0.00896	0.00597	0.00448	0.00149	0.00746	0.00373	0.00299	0.00896
91	0.02896	0.01136	0.01544	0.01202	0.01700	0.00985	0.00985	0.03172	0.01995	0.64059	0.10212	0.02686	0.02260	0.00925	0.00715	0.00216	0.00565	0.00763	0.00853	0.01130
92	0.03131	0.01188	0.01619	0.01242	0.01781	0.01026	0.01026	0.03401	0.01997	0.71606	0.02753	0.02375	0.01727	0.00864	0.00702	0.00216	0.00594	0.00702	0.00864	0.01188
93	0.01106	0.00761	0.00869	0.00859	0.00916	0.00767	0.00540	0.05493	0.01243	0.01647	0.02564	0.11071	0.05195	0.57654	0.02897	0.00577	0.00644	0.04214	0.00480	0.00503
94	0.01727	0.01658	0.02832	0.04283	0.71123	0.01658	0.02142	0.02142	0.01589	0.02280	0.01313	0.01727	0.01105	0.00622	0.00691	0.00207	0.00829	0.00622	0.00345	0.01105
95	0.00850	0.00607	0.00810	0.00972	0.01012	0.00567	0.00648	0.00972	0.01336	0.01781	0.03846	0.75020	0.04615	0.02186	0.00891	0.00283	0.00405	0.01984	0.00648	0.00567
96	0.01015	0.00677	0.00761	0.00761	0.00761	0.00677	0.00423	0.01015	0.01015	0.01353	0.02199	0.04567	0.02537	0.75476	0.03552	0.00677	0.00677	0.01015	0.00423	0.00423
97	0.01647	0.01882	0.04118	0.02941	0.03647	0.01765	0.68588	0.02235	0.01647	0.02235	0.01412	0.01882	0.01059	0.00588	0.00824	0.00235	0.01176	0.00824	0.00353	0.00941
98	0.01483	0.03025	0.48929	0.02311	0.03232	0.01669	0.24922	0.02219	0.01532	0.02219	0.01306	0.01612	0.00943	0.00638	0.00717	0.00226	0.01080	0.00620	0.00314	0.01001
99	0.01124	0.00803	0.01124	0.01285	0.01446	0.00803	0.01124	0.01446	0.01606	0.02088	0.03695	0.07871	0.04016	0.01928	0.00964	0.00321	0.00643	0.66426	0.00643	0.00643
100	0.01727	0.01658	0.02832	0.04283	0.71123	0.01658	0.02142	0.02142	0.01589	0.02280	0.01313	0.01727	0.01105	0.00622	0.00691	0.00207	0.00829	0.00622	0.00345	0.01105
101	0.08905	0.05209	0.45407	0.01599	0.02358	0.01431	0.01899	0.02039	0.01568	0.04649	0.16032	0.02252	0.02111	0.00828	0.00669	0.00218	0.00811	0.00662	0.00427	0.00926
102	0.01619	0.01617	0.02286	0.44055	0.22882	0.09775	0.01909	0.03965	0.01571	0.01989	0.01255	0.01749	0.00983	0.00683	0.00688	0.00219	0.00935	0.00601	0.00337	0.00883
