[name]
unknown

[dist]
# distance from previous block
# <min> <max>
0	38

[block]
# block no. 0 follows, 28 sequences, length 14
# corresponding to MSA columns:
# 38-51
name=unknown_A
#
# <colnr> <probs for GDERKNQSTAVLIFYWHMCP>
#	G	D	E	R	K	N	Q	S	T	A	V	L	I	F	Y	W	H	M	C	P
0	0.07317	0.07206	0.01544	0.01397	0.06851	0.01261	0.01001	0.02097	0.14314	0.06501	0.03213	0.19697	0.10844	0.01331	0.00750	0.00238	0.00558	0.05218	0.00606	0.08057
1	0.14326	0.01292	0.01737	0.14876	0.02378	0.01398	0.07227	0.02441	0.15202	0.12281	0.05112	0.08385	0.02038	0.07031	0.00965	0.00280	0.00702	0.00853	0.00575	0.00899
2	0.52557	0.02004	0.13376	0.01262	0.01816	0.07415	0.01198	0.06070	0.01499	0.03009	0.01315	0.01470	0.03012	0.00732	0.00538	0.00223	0.00722	0.00476	0.00442	0.00863
3	0.44091	0.01525	0.01453	0.11370	0.02069	0.07977	0.03360	0.02180	0.05458	0.02835	0.09838	0.01955	0.01689	0.00808	0.00591	0.00226	0.00686	0.00594	0.00483	0.00811
4	0.22086	0.01513	0.01609	0.01317	0.01796	0.01617	0.01068	0.24423	0.07234	0.19175	0.04100	0.07307	0.01759	0.00960	0.00677	0.00230	0.00639	0.00743	0.00696	0.01052
5	0.01379	0.01081	0.01218	0.01330	0.07544	0.06642	0.00875	0.01595	0.01671	0.07728	0.16343	0.14467	0.17357	0.12937	0.01280	0.00316	0.00582	0.04308	0.00627	0.00720
6	0.48382	0.01383	0.01315	0.03716	0.01664	0.01545	0.00933	0.07986	0.06507	0.11482	0.01481	0.01616	0.01104	0.00898	0.00738	0.06715	0.00611	0.00519	0.00535	0.00871
7	0.01316	0.06940	0.01366	0.06928	0.01534	0.01041	0.00867	0.05401	0.01819	0.05428	0.33430	0.14106	0.04501	0.10751	0.01175	0.00293	0.00527	0.01193	0.00657	0.00728
8	0.02174	0.01648	0.01799	0.01441	0.01914	0.01776	0.01157	0.39231	0.13339	0.03770	0.12200	0.02568	0.02293	0.04126	0.00862	0.00236	0.00670	0.00781	0.00704	0.07311
9	0.02420	0.02207	0.08363	0.01674	0.02228	0.09484	0.01447	0.44089	0.08037	0.03710	0.01750	0.01847	0.01300	0.01230	0.06566	0.00297	0.00957	0.00647	0.00624	0.01124
10	0.01666	0.01112	0.01245	0.01103	0.01325	0.01169	0.00785	0.15075	0.09702	0.07760	0.02435	0.08766	0.02368	0.36495	0.02169	0.00460	0.00665	0.00980	0.03949	0.00770
11	0.01674	0.01524	0.01830	0.25478	0.02914	0.06592	0.01358	0.08121	0.07000	0.02428	0.03846	0.01893	0.01337	0.00717	0.00655	0.00185	0.00762	0.00589	0.00455	0.30644
12	0.02078	0.01449	0.01626	0.01352	0.01760	0.01534	0.01078	0.36233	0.02539	0.08952	0.03086	0.13986	0.12596	0.01606	0.06348	0.00310	0.00748	0.01029	0.00699	0.00992
13	0.02098	0.01483	0.01674	0.01382	0.01767	0.01614	0.01094	0.28748	0.10441	0.08815	0.02194	0.08232	0.01856	0.08165	0.01129	0.00273	0.06025	0.00825	0.07035	0.05147

[dist]
# distance from previous block
# <min> <max>
17	39

[block]
# block no. 1 follows, 28 sequences, length 18
# corresponding to MSA columns:
# 97-114
name=unknown_B
#
# <colnr> <probs for GDERKNQSTAVLIFYWHMCP>
#	G	D	E	R	K	N	Q	S	T	A	V	L	I	F	Y	W	H	M	C	P
0	0.02189	0.01836	0.05113	0.06389	0.13021	0.01895	0.01526	0.38746	0.02587	0.03508	0.01964	0.06102	0.04336	0.00947	0.00801	0.00226	0.03661	0.00758	0.00594	0.03802
1	0.01586	0.04916	0.02278	0.31412	0.13338	0.01642	0.04409	0.06128	0.01629	0.02251	0.04285	0.01965	0.01315	0.00774	0.00832	0.00220	0.06871	0.00646	0.03100	0.10403
2	0.06137	0.08437	0.04708	0.36244	0.10491	0.11820	0.01771	0.02080	0.01528	0.01971	0.01245	0.01726	0.01001	0.00921	0.03570	0.00263	0.04301	0.00584	0.00342	0.00861
3	0.02069	0.02227	0.01953	0.05509	0.08279	0.30833	0.04445	0.08584	0.03501	0.02307	0.05027	0.02426	0.08968	0.00929	0.00763	0.00211	0.03447	0.00716	0.06933	0.00873
4	0.01135	0.00868	0.01127	0.01031	0.01289	0.00785	0.05001	0.01460	0.04779	0.06166	0.18296	0.16084	0.35906	0.01664	0.00856	0.00249	0.00451	0.01449	0.00696	0.00709
5	0.01882	0.00972	0.01223	0.01088	0.01388	0.00919	0.00830	0.02321	0.08877	0.25871	0.16210	0.15802	0.05167	0.06011	0.00965	0.00267	0.00500	0.01124	0.07693	0.00890
6	0.01358	0.00784	0.00939	0.13206	0.01570	0.00841	0.00771	0.01722	0.01512	0.02562	0.02184	0.02576	0.01708	0.00826	0.00546	0.00182	0.00448	0.00672	0.64893	0.00700
7	0.01913	0.01335	0.01458	0.01224	0.01540	0.01445	0.00938	0.32838	0.02285	0.03183	0.02103	0.06014	0.01888	0.19307	0.05526	0.00388	0.00745	0.00829	0.14160	0.00880
8	0.03119	0.01298	0.01704	0.01325	0.01876	0.01181	0.01089	0.06306	0.07670	0.62002	0.02827	0.02463	0.01810	0.00906	0.00732	0.00226	0.00623	0.00735	0.00879	0.01230
9	0.01514	0.00836	0.01112	0.01019	0.01257	0.00756	0.00771	0.01804	0.01943	0.18185	0.42497	0.17066	0.05332	0.01494	0.00841	0.00240	0.00420	0.01316	0.00800	0.00795
10	0.01699	0.01909	0.04041	0.02907	0.03591	0.01827	0.60286	0.02270	0.01668	0.02293	0.01430	0.01918	0.01092	0.00652	0.00943	0.00244	0.05818	0.00826	0.00367	0.04220
11	0.01458	0.03760	0.70688	0.02072	0.03146	0.01688	0.02686	0.02302	0.01535	0.02302	0.01304	0.01535	0.00921	0.00691	0.00691	0.00230	0.01074	0.00537	0.00307	0.01074
12	0.02709	0.02009	0.02151	0.01661	0.02233	0.02229	0.01368	0.63855	0.07147	0.04493	0.01815	0.01801	0.01292	0.00879	0.00728	0.00220	0.00787	0.00664	0.00728	0.01231
13	0.02712	0.02010	0.02152	0.01662	0.02235	0.02230	0.01369	0.64058	0.06940	0.04498	0.01811	0.01797	0.01289	0.00879	0.00728	0.00220	0.00788	0.00663	0.00728	0.01232
14	0.02108	0.01592	0.01734	0.01467	0.01927	0.01751	0.01162	0.19802	0.39371	0.08965	0.02612	0.06212	0.02014	0.00996	0.00736	0.00233	0.00626	0.00818	0.00730	0.05143
15	0.02274	0.01661	0.01838	0.01450	0.01970	0.01736	0.01171	0.38517	0.09436	0.07589	0.04938	0.06902	0.01826	0.00949	0.00715	0.00208	0.00676	0.00761	0.00686	0.14699
16	0.02190	0.01429	0.01620	0.01374	0.01819	0.01524	0.01091	0.10175	0.36344	0.20879	0.07322	0.02952	0.05924	0.01029	0.00750	0.00237	0.00584	0.00850	0.00781	0.01124
17	0.01599	0.01137	0.01464	0.01249	0.01574	0.01151	0.04456	0.08021	0.15561	0.09765	0.39822	0.04075	0.04613	0.01226	0.00810	0.00232	0.00505	0.01074	0.00768	0.00899

[dist]
# distance from previous block
# <min> <max>
6	35

[block]
# block no. 2 follows, 28 sequences, length 7
# corresponding to MSA columns:
# 150-156
name=unknown_C
#
# <colnr> <probs for GDERKNQSTAVLIFYWHMCP>
#	G	D	E	R	K	N	Q	S	T	A	V	L	I	F	Y	W	H	M	C	P
0	0.01892	0.01947	0.16662	0.02765	0.28416	0.01462	0.07311	0.02375	0.01747	0.15447	0.07069	0.02450	0.05497	0.00832	0.00745	0.00226	0.00824	0.00758	0.00504	0.01073
1	0.01924	0.08635	0.10996	0.01861	0.12298	0.01558	0.01435	0.02765	0.19023	0.14945	0.10572	0.02503	0.02207	0.00883	0.00706	0.00217	0.00680	0.00740	0.00604	0.05446
2	0.06975	0.01504	0.10438	0.01283	0.01856	0.01108	0.01171	0.02710	0.01873	0.37171	0.12726	0.02596	0.02309	0.00898	0.00701	0.00209	0.00619	0.00733	0.00712	0.12406
3	0.02175	0.01519	0.07472	0.01559	0.08342	0.01137	0.01219	0.02537	0.01734	0.27369	0.01879	0.01892	0.01336	0.00694	0.00639	0.00171	0.00643	0.00570	0.00586	0.36524
4	0.02299	0.01824	0.14236	0.02163	0.18187	0.01357	0.01608	0.02805	0.04940	0.30215	0.02035	0.02033	0.01416	0.00760	0.00697	0.00210	0.00745	0.00642	0.00598	0.11229
5	0.01935	0.01645	0.02762	0.08382	0.58291	0.01647	0.02088	0.02353	0.01690	0.09905	0.01529	0.01883	0.01212	0.00681	0.00721	0.00219	0.00843	0.00657	0.00418	0.01139
6	0.02028	0.01276	0.01561	0.01141	0.01762	0.00998	0.00923	0.02338	0.01677	0.22559	0.01759	0.01794	0.01291	0.00646	0.00595	0.00142	0.00562	0.00520	0.00570	0.55857

[dist]
# distance from previous block
# <min> <max>
3	8

[block]
# block no. 3 follows, 28 sequences, length 25
# corresponding to MSA columns:
# 165-189
name=unknown_D
#
# <colnr> <probs for GDERKNQSTAVLIFYWHMCP>
#	G	D	E	R	K	N	Q	S	T	A	V	L	I	F	Y	W	H	M	C	P
0	0.02065	0.01638	0.02721	0.03886	0.57554	0.01607	0.02020	0.02469	0.01732	0.14737	0.01640	0.01922	0.01269	0.00693	0.00722	0.00218	0.00819	0.00663	0.00458	0.01167
1	0.03062	0.01193	0.01623	0.01259	0.01787	0.01034	0.01034	0.03349	0.02078	0.64393	0.08823	0.02738	0.02251	0.00952	0.00742	0.00225	0.00594	0.00783	0.00891	0.01188
2	0.01495	0.01190	0.01418	0.01056	0.01613	0.00922	0.00838	0.01820	0.01632	0.05371	0.13757	0.02261	0.02158	0.00726	0.00605	0.00135	0.00506	0.00604	0.00518	0.61376
3	0.02100	0.03257	0.01437	0.01138	0.01538	0.00958	0.00923	0.02410	0.01973	0.32723	0.27055	0.03839	0.03726	0.01153	0.00772	0.00222	0.00519	0.05548	0.00787	0.07923
4	0.01799	0.01727	0.02950	0.04462	0.69919	0.01727	0.02231	0.02231	0.01655	0.02375	0.01367	0.01799	0.01151	0.00648	0.00720	0.00216	0.00864	0.00648	0.00360	0.01151
5	0.01840	0.01394	0.01619	0.01181	0.01810	0.01162	0.00954	0.11374	0.01831	0.08641	0.01495	0.01626	0.01163	0.00618	0.00582	0.00134	0.00583	0.00489	0.00514	0.60991
6	0.00886	0.00633	0.00843	0.01012	0.01054	0.00590	0.00675	0.01012	0.01392	0.01856	0.04006	0.73979	0.04808	0.02277	0.00928	0.00295	0.00422	0.02066	0.00675	0.00590
7	0.01562	0.01308	0.01667	0.11307	0.04978	0.01094	0.01088	0.01911	0.01526	0.04693	0.01351	0.01614	0.01090	0.00582	0.00579	0.00135	0.00615	0.00480	0.00429	0.61991
8	0.01624	0.02492	0.24705	0.05283	0.03641	0.01784	0.44977	0.02303	0.01650	0.02303	0.01413	0.01828	0.01042	0.00641	0.00801	0.00240	0.01170	0.00751	0.00347	0.01003
9	0.01078	0.00770	0.01064	0.01232	0.01358	0.00756	0.01009	0.01344	0.01581	0.02071	0.03900	0.29733	0.04388	0.02096	0.00979	0.00322	0.00588	0.44416	0.00671	0.00644
10	0.01171	0.00837	0.01171	0.01339	0.01506	0.00837	0.01171	0.01506	0.01673	0.02175	0.03849	0.08199	0.04183	0.02008	0.01004	0.00335	0.00669	0.65027	0.00669	0.00669
11	0.01715	0.06172	0.56212	0.02063	0.06275	0.01661	0.02408	0.02445	0.01605	0.10611	0.01487	0.01648	0.01040	0.00711	0.00688	0.00226	0.00996	0.00560	0.00382	0.01092
12	0.01493	0.08895	0.65860	0.02012	0.03054	0.01774	0.02582	0.02293	0.01531	0.02259	0.01283	0.01508	0.00922	0.00686	0.00674	0.00225	0.01053	0.00526	0.00307	0.01064
13	0.01844	0.60369	0.17463	0.01413	0.02127	0.02634	0.01538	0.02202	0.01489	0.01831	0.01071	0.01241	0.00930	0.00636	0.00512	0.00171	0.00838	0.00419	0.00310	0.00962
14	0.01011	0.00742	0.00947	0.00896	0.01075	0.00678	0.00672	0.01338	0.02016	0.02816	0.63084	0.05592	0.13373	0.01523	0.00858	0.00230	0.00346	0.01337	0.00787	0.00678
15	0.00859	0.00736	0.00736	0.00736	0.00982	0.00614	0.00552	0.01043	0.01657	0.01964	0.07364	0.06996	0.69624	0.01841	0.00859	0.00245	0.00368	0.01534	0.00675	0.00614
16	0.01507	0.01292	0.01507	0.01077	0.01723	0.00969	0.00861	0.01830	0.01507	0.02369	0.01292	0.01507	0.01077	0.00538	0.00538	0.00108	0.00538	0.00431	0.00431	0.78898
17	0.02287	0.01730	0.01982	0.01484	0.02093	0.01724	0.03275	0.38901	0.02612	0.06168	0.01612	0.01692	0.01194	0.00743	0.00662	0.00179	0.00711	0.00582	0.00613	0.29756
18	0.00886	0.00633	0.00843	0.01012	0.01054	0.00590	0.00675	0.01012	0.01392	0.01856	0.04006	0.73979	0.04808	0.02277	0.00928	0.00295	0.00422	0.02066	0.00675	0.00590
19	0.01655	0.01572	0.02692	0.07367	0.55042	0.01578	0.04641	0.02057	0.01613	0.02279	0.01711	0.11211	0.01616	0.00862	0.00753	0.00229	0.00826	0.00841	0.00399	0.01054
20	0.02795	0.03912	0.08012	0.01460	0.02057	0.01506	0.01292	0.16596	0.09724	0.41149	0.02450	0.02227	0.01625	0.00877	0.00719	0.00224	0.00697	0.00698	0.00775	0.01203
21	0.00907	0.00778	0.00782	0.00774	0.01027	0.00673	0.00582	0.01184	0.05009	0.02018	0.07143	0.06781	0.66249	0.01798	0.00853	0.00246	0.00379	0.01498	0.00678	0.00641
22	0.00908	0.00647	0.00832	0.00971	0.01015	0.00607	0.00638	0.01020	0.01356	0.01798	0.03899	0.61843	0.07007	0.12223	0.01308	0.00350	0.00459	0.01907	0.00642	0.00571
23	0.01481	0.03599	0.64757	0.02160	0.03204	0.01702	0.08455	0.02304	0.01551	0.02304	0.01319	0.01573	0.00937	0.00684	0.00706	0.00232	0.01088	0.00566	0.00312	0.01066
24	0.02870	0.01444	0.01768	0.01389	0.01933	0.01412	0.01135	0.15727	0.13219	0.44582	0.02617	0.02342	0.01737	0.00897	0.00725	0.00223	0.00643	0.00721	0.00825	0.03789

[dist]
# distance from previous block
# <min> <max>
0	1

[block]
# block no. 4 follows, 28 sequences, length 13
# corresponding to MSA columns:
# 191-203
name=unknown_E
#
# <colnr> <probs for GDERKNQSTAVLIFYWHMCP>
#	G	D	E	R	K	N	Q	S	T	A	V	L	I	F	Y	W	H	M	C	P
0	0.01714	0.05668	0.07566	0.02924	0.03671	0.01882	0.60793	0.02320	0.01695	0.02296	0.01440	0.01900	0.01085	0.00617	0.00830	0.00240	0.01196	0.00819	0.00362	0.00983
1	0.01998	0.32917	0.12576	0.01814	0.02470	0.11625	0.15167	0.02395	0.01673	0.06753	0.03379	0.01622	0.01208	0.00692	0.00634	0.00196	0.00959	0.00569	0.00387	0.00963
2	0.01903	0.66651	0.07563	0.01397	0.02050	0.02749	0.05197	0.02193	0.01494	0.01779	0.01054	0.01233	0.00942	0.00625	0.00502	0.00165	0.00820	0.00424	0.00314	0.00944
3	0.00882	0.00694	0.00797	0.00863	0.01019	0.00609	0.00612	0.01053	0.01575	0.01985	0.10303	0.34671	0.38366	0.01997	0.00887	0.00265	0.00389	0.01740	0.00684	0.00609
4	0.02382	0.01799	0.01985	0.04432	0.02202	0.02010	0.01315	0.48773	0.12347	0.03951	0.01997	0.04641	0.01537	0.01254	0.05672	0.00292	0.00841	0.00739	0.00687	0.01142
5	0.01753	0.28102	0.36851	0.01695	0.02493	0.09402	0.01943	0.02291	0.01570	0.02064	0.01238	0.01444	0.00974	0.00681	0.00600	0.00197	0.00960	0.00486	0.04276	0.00981
6	0.00871	0.00689	0.00785	0.00863	0.01015	0.00603	0.00608	0.01029	0.01535	0.01914	0.05825	0.37697	0.39916	0.02041	0.00891	0.00268	0.00393	0.01778	0.00675	0.00603
7	0.01568	0.17948	0.53990	0.01955	0.02921	0.01934	0.05581	0.02278	0.01532	0.02185	0.01254	0.01482	0.00932	0.00673	0.00654	0.00216	0.01022	0.00523	0.00311	0.01041
8	0.00886	0.00633	0.00843	0.01012	0.01054	0.00590	0.00675	0.01012	0.01392	0.01856	0.04006	0.73979	0.04808	0.02277	0.00928	0.00295	0.00422	0.02066	0.00675	0.00590
9	0.02330	0.01645	0.01804	0.01430	0.01884	0.01779	0.01150	0.46811	0.02880	0.06779	0.11347	0.02601	0.02199	0.07537	0.01002	0.00261	0.00700	0.00787	0.04011	0.01064
10	0.01056	0.00709	0.00815	0.00815	0.00822	0.00717	0.00468	0.01071	0.01064	0.01426	0.02270	0.04647	0.02595	0.70457	0.07632	0.00732	0.00777	0.01041	0.00437	0.00453
11	0.01956	0.02523	0.11010	0.02764	0.11046	0.20239	0.32745	0.02447	0.01759	0.02167	0.01331	0.01710	0.01039	0.00683	0.00819	0.00227	0.03520	0.00687	0.00360	0.00969
12	0.01876	0.65036	0.13075	0.01359	0.02043	0.02712	0.01444	0.02194	0.01485	0.01792	0.01051	0.01217	0.00931	0.00631	0.00497	0.00166	0.00818	0.00409	0.00310	0.00952

[dist]
# distance from previous block
# <min> <max>
0	1

[block]
# block no. 5 follows, 28 sequences, length 23
# corresponding to MSA columns:
# 205-227
name=unknown_F
#
# <colnr> <probs for GDERKNQSTAVLIFYWHMCP>
#	G	D	E	R	K	N	Q	S	T	A	V	L	I	F	Y	W	H	M	C	P
0	0.02520	0.21566	0.02503	0.01713	0.02151	0.54135	0.01364	0.02719	0.01912	0.01762	0.01095	0.01274	0.00935	0.00717	0.00608	0.00179	0.01176	0.00448	0.00358	0.00866
1	0.01642	0.01565	0.02622	0.29047	0.38936	0.01696	0.04388	0.02218	0.06496	0.02234	0.01460	0.01922	0.01162	0.00700	0.00729	0.00229	0.00894	0.00667	0.00375	0.01020
2	0.00886	0.00633	0.00843	0.01012	0.01054	0.00590	0.00675	0.01012	0.01392	0.01856	0.04006	0.73979	0.04808	0.02277	0.00928	0.00295	0.00422	0.02066	0.00675	0.00590
3	0.01479	0.10114	0.60672	0.01945	0.02925	0.01754	0.02454	0.02234	0.01509	0.02213	0.01313	0.01575	0.00972	0.00950	0.04631	0.00276	0.01096	0.00537	0.00312	0.01038
4	0.79588	0.01406	0.01068	0.00956	0.01406	0.01631	0.00787	0.02137	0.01237	0.03261	0.01012	0.01181	0.00787	0.00675	0.00450	0.00225	0.00562	0.00394	0.00450	0.00787
5	0.02412	0.01766	0.01912	0.01507	0.01975	0.01944	0.01208	0.53850	0.02937	0.03941	0.01843	0.02285	0.01491	0.13113	0.04174	0.00338	0.00832	0.00726	0.00666	0.01081
6	0.01045	0.00700	0.00796	0.00808	0.00811	0.00697	0.00456	0.01054	0.01080	0.01440	0.02408	0.09498	0.02791	0.69511	0.03510	0.00677	0.00685	0.01126	0.00456	0.00451
7	0.01156	0.00878	0.01217	0.03490	0.03981	0.00872	0.02887	0.06490	0.01632	0.02186	0.07148	0.47227	0.04120	0.04589	0.01003	0.00299	0.00544	0.08947	0.00645	0.00690
8	0.01793	0.01744	0.03049	0.04359	0.65069	0.01735	0.07003	0.02238	0.01660	0.02371	0.01375	0.01811	0.01148	0.00645	0.00730	0.00218	0.00890	0.00663	0.00360	0.01139
9	0.01765	0.05939	0.11287	0.03995	0.58061	0.01785	0.02233	0.02237	0.01631	0.02330	0.01340	0.01732	0.01111	0.00652	0.00702	0.00214	0.00885	0.00620	0.00351	0.01130
10	0.61821	0.09496	0.01493	0.01086	0.01559	0.05713	0.00910	0.06513	0.01453	0.03098	0.01067	0.01224	0.00841	0.00686	0.00481	0.00215	0.00643	0.00415	0.00449	0.00836
11	0.01782	0.02002	0.01508	0.01530	0.06614	0.31006	0.01067	0.02069	0.04336	0.02033	0.07290	0.03794	0.27001	0.01202	0.00745	0.00215	0.00812	0.00946	0.03272	0.00777
12	0.01719	0.01452	0.01936	0.10490	0.02402	0.03490	0.07984	0.04089	0.01642	0.07341	0.01435	0.01682	0.01119	0.00614	0.00620	0.00154	0.00704	0.00533	0.00452	0.50144
13	0.01038	0.00779	0.01168	0.01168	0.01298	0.00909	0.00909	0.01298	0.01168	0.01687	0.01947	0.02856	0.01817	0.05452	0.71573	0.01168	0.01947	0.00779	0.00389	0.00649
14	0.02678	0.01970	0.02112	0.01629	0.02181	0.02177	0.01335	0.64175	0.03300	0.04423	0.01772	0.01896	0.01306	0.04550	0.00876	0.00242	0.00795	0.00675	0.00713	0.01196
15	0.01057	0.00705	0.00793	0.00793	0.00793	0.00705	0.00440	0.01057	0.01057	0.01409	0.02290	0.04757	0.02643	0.74454	0.03700	0.00705	0.00705	0.01057	0.00440	0.00440
16	0.01263	0.00631	0.00947	0.00947	0.00947	0.00631	0.00631	0.00947	0.00947	0.01263	0.01263	0.02210	0.01263	0.02525	0.02841	0.78851	0.00631	0.00631	0.00316	0.00316
17	0.03261	0.01237	0.01687	0.01293	0.01856	0.01068	0.01068	0.03543	0.02081	0.70423	0.02868	0.02474	0.01799	0.00900	0.00731	0.00225	0.00619	0.00731	0.00900	0.01237
18	0.01049	0.00701	0.00795	0.00803	0.00805	0.00699	0.00451	0.01055	0.01073	0.01430	0.02370	0.07960	0.02743	0.71114	0.03572	0.00686	0.00692	0.01104	0.00451	0.00447
19	0.01057	0.00705	0.00793	0.00793	0.00793	0.00705	0.00440	0.01057	0.01057	0.01409	0.02290	0.04757	0.02643	0.74454	0.03700	0.00705	0.00705	0.01057	0.00440	0.00440
20	0.01507	0.01292	0.01507	0.01077	0.01723	0.00969	0.00861	0.01830	0.01507	0.02369	0.01292	0.01507	0.01077	0.00538	0.00538	0.00108	0.00538	0.00431	0.00431	0.78898
21	0.02199	0.26891	0.02549	0.01518	0.02016	0.18492	0.01274	0.11961	0.21257	0.02511	0.01702	0.01727	0.01347	0.00792	0.00626	0.00198	0.00847	0.00569	0.00508	0.01017
22	0.79588	0.01406	0.01068	0.00956	0.01406	0.01631	0.00787	0.02137	0.01237	0.03261	0.01012	0.01181	0.00787	0.00675	0.00450	0.00225	0.00562	0.00394	0.00450	0.00787

[dist]
# distance from previous block
# <min> <max>
0	1

[block]
# block no. 6 follows, 28 sequences, length 6
# corresponding to MSA columns:
# 229-234
name=unknown_G
#
# <colnr> <probs for GDERKNQSTAVLIFYWHMCP>
#	G	D	E	R	K	N	Q	S	T	A	V	L	I	F	Y	W	H	M	C	P
0	0.00882	0.00648	0.00827	0.00971	0.01043	0.00594	0.00656	0.01017	0.01431	0.01872	0.04508	0.63968	0.14495	0.02212	0.00918	0.00288	0.00414	0.01987	0.00675	0.00594
1	0.01874	0.01472	0.01582	0.01408	0.01821	0.01653	0.01100	0.03629	0.57573	0.09229	0.03269	0.03000	0.07060	0.01040	0.00747	0.00244	0.00564	0.00865	0.00750	0.01120
2	0.79588	0.01406	0.01068	0.00956	0.01406	0.01631	0.00787	0.02137	0.01237	0.03261	0.01012	0.01181	0.00787	0.00675	0.00450	0.00225	0.00562	0.00394	0.00450	0.00787
3	0.01871	0.01771	0.14848	0.01335	0.02033	0.01176	0.01271	0.02387	0.05556	0.16188	0.01711	0.01779	0.01260	0.00667	0.00618	0.00163	0.00660	0.00535	0.00520	0.43649
4	0.01752	0.01740	0.03152	0.09140	0.52506	0.01740	0.14718	0.02223	0.01652	0.02328	0.01382	0.01840	0.01129	0.00647	0.00747	0.00223	0.00941	0.00688	0.00359	0.01094
5	0.64637	0.01468	0.01430	0.01630	0.14574	0.01649	0.01065	0.02155	0.01317	0.03091	0.01080	0.01300	0.00857	0.00670	0.00502	0.00223	0.00620	0.00442	0.00433	0.00857

[dist]
# distance from previous block
# <min> <max>
0	1

[block]
# block no. 7 follows, 28 sequences, length 44
# corresponding to MSA columns:
# 236-279
name=unknown_H
#
# <colnr> <probs for GDERKNQSTAVLIFYWHMCP>
#	G	D	E	R	K	N	Q	S	T	A	V	L	I	F	Y	W	H	M	C	P
0	0.01052	0.00703	0.00794	0.00799	0.00801	0.00701	0.00447	0.01056	0.01067	0.01423	0.02341	0.06810	0.02707	0.72314	0.03618	0.00693	0.00696	0.01087	0.00447	0.00445
1	0.02458	0.01989	0.02811	0.02086	0.02714	0.02091	0.21521	0.45605	0.02856	0.05915	0.01696	0.01834	0.01213	0.00794	0.00767	0.00227	0.00924	0.00719	0.00623	0.01158
2	0.00934	0.00672	0.00810	0.00899	0.00962	0.00629	0.00583	0.01031	0.01334	0.01737	0.04043	0.41609	0.14988	0.24273	0.01764	0.00412	0.00499	0.01669	0.00603	0.00548
3	0.02332	0.01763	0.01925	0.01457	0.02045	0.01808	0.01193	0.45213	0.02770	0.03842	0.01628	0.01705	0.01208	0.00770	0.00662	0.00183	0.00704	0.00587	0.03241	0.24964
4	0.02405	0.01900	0.02195	0.01745	0.02148	0.02246	0.01445	0.47393	0.02713	0.03715	0.01503	0.01698	0.01150	0.00995	0.01234	0.00249	0.22914	0.00649	0.00602	0.01101
5	0.01303	0.01061	0.01369	0.01302	0.01511	0.01253	0.01018	0.02106	0.21785	0.02104	0.02204	0.02745	0.01895	0.03867	0.46281	0.00842	0.05266	0.00784	0.00493	0.00810
6	0.70867	0.01639	0.01181	0.01060	0.01501	0.09561	0.00857	0.02224	0.01330	0.03093	0.01025	0.01196	0.00804	0.00683	0.00473	0.00221	0.00647	0.00402	0.00441	0.00794
7	0.06841	0.01950	0.02715	0.02056	0.02639	0.05057	0.22962	0.33039	0.05978	0.03436	0.01748	0.05047	0.01364	0.00839	0.00760	0.00231	0.00920	0.00769	0.00575	0.01075
8	0.42432	0.01516	0.10139	0.01109	0.01553	0.01356	0.01018	0.01990	0.04080	0.03022	0.22076	0.02584	0.02715	0.00937	0.00617	0.00228	0.00562	0.00710	0.00549	0.00807
9	0.05571	0.01234	0.01719	0.23052	0.02705	0.01235	0.01284	0.04136	0.01806	0.28033	0.09503	0.02433	0.01953	0.00853	0.00705	0.00215	0.00686	0.00713	0.00624	0.11540
10	0.02916	0.01792	0.02030	0.01557	0.02132	0.01892	0.01286	0.47941	0.03009	0.24713	0.02088	0.01968	0.01408	0.00881	0.00728	0.00220	0.00744	0.00678	0.00780	0.01236
11	0.01793	0.01572	0.01642	0.01380	0.01869	0.04214	0.01082	0.06028	0.42675	0.02856	0.02326	0.02248	0.01777	0.00835	0.00674	0.00201	0.00602	0.00681	0.00631	0.24915
12	0.01096	0.00706	0.00961	0.00927	0.01043	0.00667	0.00669	0.01232	0.01699	0.02380	0.46836	0.06354	0.05091	0.01826	0.01466	0.24270	0.00433	0.01127	0.00649	0.00570
13	0.01842	0.03670	0.49704	0.02011	0.02871	0.23045	0.02294	0.02486	0.01695	0.02142	0.01249	0.01466	0.00926	0.00708	0.00680	0.00217	0.01147	0.00516	0.00328	0.01003
14	0.01533	0.01383	0.01727	0.01331	0.01779	0.01353	0.01084	0.01806	0.01387	0.02179	0.01189	0.01533	0.01039	0.00763	0.01103	0.00172	0.22732	0.00493	0.00396	0.55017
15	0.01057	0.00705	0.00793	0.00793	0.00793	0.00705	0.00440	0.01057	0.01057	0.01409	0.02290	0.04757	0.02643	0.74454	0.03700	0.00705	0.00705	0.01057	0.00440	0.00440
16	0.00886	0.00633	0.00843	0.01012	0.01054	0.00590	0.00675	0.01012	0.01392	0.01856	0.04006	0.73979	0.04808	0.02277	0.00928	0.00295	0.00422	0.02066	0.00675	0.00590
17	0.01519	0.01137	0.01287	0.01105	0.01419	0.01149	0.00867	0.21513	0.02380	0.03202	0.34262	0.04670	0.19825	0.01382	0.00818	0.00229	0.00489	0.01164	0.00749	0.00837
18	0.01902	0.52470	0.03147	0.01316	0.01873	0.02550	0.01215	0.02692	0.22003	0.02117	0.01606	0.01639	0.01326	0.00733	0.00550	0.00183	0.00716	0.00521	0.00442	0.00999
19	0.01432	0.03005	0.49740	0.23669	0.03715	0.01666	0.02482	0.02166	0.01510	0.02166	0.01301	0.01658	0.00936	0.00702	0.00702	0.00234	0.01042	0.00570	0.00312	0.00993
20	0.25542	0.01586	0.02299	0.10083	0.42604	0.01687	0.01769	0.02165	0.01508	0.02595	0.01251	0.01624	0.01022	0.00664	0.00638	0.00221	0.00782	0.00570	0.00384	0.01006
21	0.02056	0.02235	0.02637	0.07323	0.45753	0.23066	0.01967	0.02416	0.01768	0.02165	0.01289	0.01657	0.01076	0.00683	0.00700	0.00209	0.01006	0.00593	0.00362	0.01039
22	0.01233	0.01184	0.01961	0.01521	0.01956	0.01046	0.21017	0.01592	0.01721	0.02283	0.14943	0.04490	0.29541	0.01239	0.00817	0.00225	0.00648	0.01149	0.00570	0.10865
23	0.01568	0.01299	0.01423	0.01345	0.01651	0.01456	0.01015	0.05815	0.45162	0.02747	0.03225	0.24460	0.02967	0.01376	0.00797	0.00260	0.00538	0.01195	0.00719	0.00983
24	0.04712	0.01315	0.01848	0.23138	0.02829	0.01329	0.01366	0.07319	0.01938	0.40794	0.02205	0.02192	0.01454	0.00827	0.00715	0.00226	0.00734	0.00680	0.00683	0.03695
25	0.01876	0.01847	0.02384	0.08709	0.35902	0.10014	0.01786	0.02779	0.22158	0.02466	0.01819	0.02032	0.01438	0.00770	0.00719	0.00224	0.00837	0.00680	0.00475	0.01087
26	0.01566	0.01453	0.01857	0.01648	0.01778	0.01878	0.01323	0.02296	0.21778	0.02145	0.01931	0.09681	0.01801	0.03582	0.01769	0.00306	0.40992	0.00857	0.00488	0.00871
27	0.00933	0.00703	0.00864	0.00900	0.01047	0.00633	0.00646	0.01159	0.01720	0.02292	0.30112	0.29413	0.23220	0.01854	0.00882	0.00256	0.00377	0.01633	0.00723	0.00633
28	0.01114	0.00722	0.00862	0.00827	0.01004	0.00677	0.00620	0.01443	0.01861	0.02773	0.43814	0.04729	0.10566	0.01320	0.00751	0.00212	0.00344	0.01138	0.24544	0.00677
29	0.01057	0.00705	0.00793	0.00793	0.00793	0.00705	0.00440	0.01057	0.01057	0.01409	0.02290	0.04757	0.02643	0.74454	0.03700	0.00705	0.00705	0.01057	0.00440	0.00440
30	0.25212	0.00868	0.00984	0.00950	0.01087	0.00937	0.00679	0.01311	0.01036	0.01874	0.01186	0.01895	0.01117	0.01959	0.02110	0.54810	0.00610	0.00559	0.00357	0.00460
31	0.01546	0.01138	0.01324	0.01133	0.01435	0.01160	0.00888	0.21565	0.02443	0.03352	0.44103	0.04422	0.09889	0.01325	0.00818	0.00227	0.00485	0.01129	0.00768	0.00849
32	0.01432	0.03005	0.49740	0.23669	0.03715	0.01666	0.02482	0.02166	0.01510	0.02166	0.01301	0.01658	0.00936	0.00702	0.00702	0.00234	0.01042	0.00570	0.00312	0.00993
33	0.02094	0.01822	0.02715	0.03609	0.49230	0.01888	0.01971	0.22187	0.02194	0.03049	0.01483	0.01783	0.01177	0.00716	0.00722	0.00217	0.00844	0.00650	0.00472	0.01177
34	0.01268	0.01124	0.01811	0.50755	0.03808	0.01331	0.01611	0.01709	0.01638	0.02181	0.22159	0.03006	0.02770	0.00959	0.00767	0.00238	0.00778	0.00850	0.00469	0.00770
35	0.00886	0.00633	0.00843	0.01012	0.01054	0.00590	0.00675	0.01012	0.01392	0.01856	0.04006	0.73979	0.04808	0.02277	0.00928	0.00295	0.00422	0.02066	0.00675	0.00590
36	0.02535	0.01052	0.01429	0.01207	0.01611	0.00922	0.00948	0.02769	0.01870	0.49457	0.03216	0.24338	0.02719	0.01321	0.00791	0.00246	0.00558	0.01139	0.00831	0.01039
37	0.02750	0.01345	0.01852	0.01481	0.01872	0.01422	0.01228	0.02994	0.01785	0.49425	0.02283	0.02204	0.01541	0.01014	0.01237	0.00253	0.22788	0.00702	0.00722	0.01102
38	0.01741	0.01889	0.03880	0.03491	0.24016	0.01804	0.47390	0.02299	0.01697	0.02343	0.01439	0.01911	0.01118	0.00623	0.00816	0.00236	0.01115	0.00794	0.00365	0.01033
39	0.79588	0.01406	0.01068	0.00956	0.01406	0.01631	0.00787	0.02137	0.01237	0.03261	0.01012	0.01181	0.00787	0.00675	0.00450	0.00225	0.00562	0.00394	0.00450	0.00787
40	0.01441	0.01134	0.01178	0.01023	0.01371	0.01115	0.00806	0.21362	0.02195	0.02764	0.05646	0.05390	0.48714	0.01545	0.00819	0.00237	0.00500	0.01265	0.00691	0.00804
41	0.01443	0.01125	0.01187	0.01045	0.01377	0.01113	0.00816	0.21359	0.02174	0.02755	0.05371	0.10873	0.43409	0.01581	0.00824	0.00241	0.00505	0.01309	0.00691	0.00802
42	0.01507	0.01292	0.01507	0.01077	0.01723	0.00969	0.00861	0.01830	0.01507	0.02369	0.01292	0.01507	0.01077	0.00538	0.00538	0.00108	0.00538	0.00431	0.00431	0.78898
43	0.01023	0.00731	0.00898	0.00863	0.00988	0.00686	0.00600	0.01249	0.01719	0.02376	0.43862	0.05353	0.10731	0.23826	0.01727	0.00376	0.00456	0.01254	0.00680	0.00605

[dist]
# distance from previous block
# <min> <max>
0	9

# created by:
# /st0/software/busco_prod/Augustus/scripts/msa2prfl.pl ./align_prep/150796.fa
