[name]
unknown

[dist]
# distance from previous block
# <min> <max>
14	58

[block]
# block no. 0 follows, 27 sequences, length 58
# corresponding to MSA columns:
# 83-140
name=unknown_A
#
# <colnr> <probs for GDERKNQSTAVLIFYWHMCP>
#	G	D	E	R	K	N	Q	S	T	A	V	L	I	F	Y	W	H	M	C	P
0	0.11633	0.04662	0.07100	0.01646	0.04552	0.07294	0.06525	0.13766	0.04518	0.06671	0.06175	0.13309	0.02126	0.01052	0.00728	0.00229	0.00761	0.00883	0.00572	0.05796
1	0.04699	0.02206	0.19275	0.04576	0.09000	0.05451	0.01683	0.08220	0.08777	0.13015	0.02013	0.02095	0.03967	0.00832	0.00751	0.00221	0.02768	0.00658	0.00534	0.09260
2	0.01703	0.04499	0.21140	0.15555	0.07466	0.01729	0.14883	0.05822	0.01708	0.04920	0.01539	0.02080	0.01209	0.00784	0.00825	0.00237	0.04144	0.03398	0.00404	0.05954
3	0.04088	0.04650	0.06577	0.02093	0.19171	0.03758	0.01376	0.01970	0.06582	0.02414	0.13670	0.09982	0.10351	0.01160	0.00836	0.00232	0.03821	0.00985	0.00540	0.05745
4	0.01578	0.04727	0.05188	0.02586	0.24390	0.03573	0.11089	0.04721	0.01799	0.02380	0.06293	0.03765	0.16741	0.01110	0.00807	0.00241	0.00796	0.06774	0.00503	0.00941
5	0.01489	0.03840	0.70064	0.02116	0.03213	0.01724	0.02743	0.02351	0.01567	0.02351	0.01332	0.01567	0.00940	0.00705	0.00705	0.00235	0.01097	0.00549	0.00313	0.01097
6	0.00888	0.00739	0.00777	0.00796	0.01017	0.00627	0.00586	0.01076	0.01675	0.02033	0.09729	0.15610	0.58052	0.01922	0.00886	0.00256	0.00382	0.01627	0.00695	0.00627
7	0.01402	0.01319	0.02227	0.72126	0.05113	0.01649	0.02062	0.01897	0.01484	0.01897	0.01319	0.01979	0.00990	0.00742	0.00742	0.00247	0.00990	0.00660	0.00330	0.00825
8	0.01046	0.00755	0.00988	0.00937	0.01108	0.00697	0.00700	0.01388	0.02077	0.02939	0.66606	0.07935	0.06931	0.01546	0.00878	0.00236	0.00353	0.01370	0.00813	0.00697
9	0.01384	0.00692	0.00692	0.00692	0.00865	0.00692	0.00519	0.01730	0.01557	0.02768	0.02422	0.02768	0.01903	0.00865	0.00519	0.00173	0.00346	0.00692	0.78031	0.00692
10	0.01830	0.01542	0.01645	0.01466	0.01872	0.01761	0.01143	0.07775	0.57142	0.03195	0.09551	0.02984	0.02676	0.01051	0.00767	0.00248	0.00579	0.00879	0.00761	0.01133
11	0.02610	0.07029	0.08784	0.01901	0.02365	0.60892	0.01553	0.02869	0.02023	0.01865	0.01160	0.01354	0.00955	0.00753	0.00663	0.00194	0.01289	0.00481	0.00373	0.00888
12	0.01442	0.01361	0.02300	0.65844	0.11078	0.01660	0.02082	0.01932	0.01504	0.01946	0.01327	0.01966	0.01007	0.00735	0.00742	0.00245	0.00980	0.00660	0.00333	0.00857
13	0.02002	0.01534	0.01669	0.01427	0.01892	0.01665	0.01126	0.10034	0.44589	0.09605	0.03007	0.02803	0.06175	0.00999	0.00742	0.00233	0.00599	0.00821	0.00736	0.08342
14	0.01384	0.00692	0.00692	0.00692	0.00865	0.00692	0.00519	0.01730	0.01557	0.02768	0.02422	0.02768	0.01903	0.00865	0.00519	0.00173	0.00346	0.00692	0.78031	0.00692
15	0.01481	0.01362	0.02227	0.68190	0.04956	0.01686	0.02025	0.05525	0.01597	0.02052	0.01345	0.01968	0.01005	0.00751	0.00742	0.00246	0.00980	0.00660	0.00353	0.00849
16	0.01552	0.01473	0.02498	0.48782	0.27282	0.01689	0.02137	0.02029	0.01556	0.02079	0.01346	0.01930	0.01054	0.00714	0.00740	0.00238	0.00952	0.00660	0.00343	0.00946
17	0.01758	0.01988	0.04295	0.03218	0.07961	0.01870	0.62571	0.02372	0.01748	0.02381	0.01495	0.01992	0.01129	0.00628	0.00867	0.00248	0.01228	0.00863	0.00375	0.01012
18	0.79154	0.01436	0.01091	0.00976	0.01436	0.01665	0.00804	0.02182	0.01263	0.03331	0.01034	0.01206	0.00804	0.00689	0.00459	0.00230	0.00574	0.00402	0.00459	0.00804
19	0.02822	0.02079	0.02228	0.01708	0.02302	0.02302	0.01411	0.66804	0.03490	0.04679	0.01782	0.01782	0.01262	0.00891	0.00743	0.00223	0.00817	0.00668	0.00743	0.01262
20	0.01167	0.00830	0.01016	0.01075	0.01172	0.00838	0.00764	0.04501	0.04388	0.01983	0.03242	0.27370	0.03653	0.28915	0.02004	0.00460	0.00618	0.14779	0.00604	0.00620
21	0.01742	0.19389	0.11103	0.02486	0.03215	0.02058	0.41313	0.02279	0.01660	0.02203	0.01486	0.04907	0.01232	0.00711	0.00766	0.00229	0.01090	0.00781	0.00369	0.00982
22	0.01746	0.01365	0.01462	0.01313	0.01706	0.01489	0.01022	0.03230	0.46364	0.08719	0.04085	0.03790	0.18115	0.01207	0.00784	0.00250	0.00541	0.01004	0.00754	0.01052
23	0.00912	0.00649	0.00859	0.01024	0.01066	0.00608	0.00679	0.01036	0.01407	0.01876	0.04019	0.70598	0.04819	0.05278	0.01064	0.00319	0.00443	0.02068	0.00679	0.00597
24	0.01615	0.05826	0.39536	0.02463	0.03364	0.01853	0.27057	0.02333	0.01618	0.02314	0.01371	0.01721	0.01013	0.00697	0.00833	0.00242	0.04091	0.00672	0.00338	0.01043
25	0.01512	0.01184	0.01325	0.01206	0.01526	0.01262	0.00929	0.02684	0.33883	0.05800	0.26312	0.04278	0.12448	0.01292	0.00812	0.00244	0.00480	0.01102	0.00775	0.00945
26	0.00922	0.00662	0.00870	0.01030	0.01085	0.00619	0.00698	0.01058	0.01432	0.01898	0.04156	0.65748	0.07261	0.04732	0.01045	0.00316	0.00449	0.04737	0.00681	0.00602
27	0.02246	0.01754	0.01930	0.04636	0.02209	0.01977	0.01323	0.34670	0.27309	0.03734	0.02352	0.02566	0.01814	0.01150	0.03121	0.00274	0.00771	0.04292	0.00715	0.01158
28	0.41954	0.09112	0.01657	0.01161	0.01684	0.01649	0.00981	0.06325	0.01697	0.24909	0.01694	0.01668	0.01183	0.00770	0.00571	0.00222	0.00630	0.00529	0.00610	0.00995
29	0.00913	0.00697	0.00839	0.00924	0.01055	0.00623	0.00647	0.01089	0.01598	0.02064	0.13117	0.42183	0.27431	0.02073	0.00914	0.00276	0.00402	0.01829	0.00705	0.00623
30	0.03177	0.01427	0.01764	0.01372	0.01926	0.04276	0.01124	0.09770	0.02258	0.58039	0.05017	0.02505	0.01920	0.00930	0.00747	0.00227	0.00671	0.00748	0.00874	0.01226
31	0.01588	0.01348	0.01566	0.01123	0.01780	0.01039	0.00900	0.04334	0.01613	0.02505	0.01337	0.01549	0.01106	0.00563	0.00557	0.00114	0.00560	0.00449	0.00451	0.75518
32	0.01690	0.01346	0.01577	0.01136	0.01788	0.01047	0.00912	0.04527	0.01649	0.06274	0.01428	0.01604	0.01147	0.00584	0.00568	0.00121	0.00565	0.00466	0.00479	0.71092
33	0.05197	0.12478	0.10189	0.01610	0.02038	0.19456	0.05482	0.02295	0.07025	0.02002	0.01580	0.02247	0.01436	0.14420	0.05230	0.00362	0.05036	0.00664	0.00409	0.00845
34	0.00997	0.00740	0.00929	0.00917	0.01085	0.00672	0.00674	0.01284	0.01923	0.02635	0.47849	0.16375	0.17763	0.01708	0.00887	0.00247	0.00367	0.01502	0.00774	0.00672
35	0.02358	0.01527	0.01862	0.12443	0.02458	0.01654	0.01319	0.16778	0.22906	0.21608	0.05368	0.02492	0.01945	0.00940	0.00753	0.00238	0.00700	0.00772	0.00734	0.01143
36	0.01030	0.00758	0.00964	0.00912	0.01096	0.00692	0.00684	0.01361	0.02053	0.02862	0.61629	0.05734	0.14336	0.01561	0.00876	0.00236	0.00353	0.01369	0.00802	0.00692
37	0.02290	0.02605	0.02452	0.03001	0.30771	0.35176	0.01770	0.02762	0.07947	0.02194	0.01425	0.01682	0.01170	0.00743	0.00705	0.00209	0.01076	0.00589	0.00410	0.01024
38	0.02551	0.01879	0.02071	0.01578	0.02165	0.01989	0.01299	0.49088	0.02968	0.06949	0.01714	0.01761	0.01246	0.00838	0.00759	0.00204	0.03078	0.00626	0.00677	0.16562
39	0.01545	0.00847	0.00864	0.00806	0.01026	0.00872	0.00619	0.09021	0.01773	0.02982	0.02350	0.02657	0.01831	0.00868	0.00544	0.00179	0.00399	0.00689	0.69372	0.00756
40	0.71810	0.01419	0.01152	0.01010	0.01480	0.01610	0.00832	0.02321	0.01347	0.09768	0.01217	0.01334	0.00904	0.00711	0.00487	0.00230	0.00580	0.00435	0.00504	0.00848
41	0.01384	0.00692	0.00692	0.00692	0.00865	0.00692	0.00519	0.01730	0.01557	0.02768	0.02422	0.02768	0.01903	0.00865	0.00519	0.00173	0.00346	0.00692	0.78031	0.00692
42	0.00904	0.00646	0.00861	0.01034	0.01077	0.00603	0.00689	0.01034	0.01421	0.01895	0.04092	0.73426	0.04910	0.02326	0.00948	0.00301	0.00431	0.02110	0.00689	0.00603
43	0.69700	0.01532	0.01203	0.01056	0.01523	0.04314	0.00865	0.04672	0.01420	0.06572	0.01158	0.01297	0.00877	0.00711	0.00492	0.00228	0.00615	0.00432	0.00489	0.00846
44	0.01480	0.01403	0.02348	0.58058	0.14595	0.01701	0.02070	0.01948	0.01496	0.01970	0.01312	0.01938	0.01017	0.00761	0.00835	0.00248	0.04948	0.00659	0.00335	0.00877
45	0.01384	0.00692	0.00692	0.00692	0.00865	0.00692	0.00519	0.01730	0.01557	0.02768	0.02422	0.02768	0.01903	0.00865	0.00519	0.00173	0.00346	0.00692	0.78031	0.00692
46	0.79154	0.01436	0.01091	0.00976	0.01436	0.01665	0.00804	0.02182	0.01263	0.03331	0.01034	0.01206	0.00804	0.00689	0.00459	0.00230	0.00574	0.00402	0.00459	0.00804
47	0.07910	0.01688	0.01800	0.01428	0.01962	0.08021	0.01162	0.21177	0.02426	0.36421	0.02600	0.02407	0.05714	0.00942	0.00728	0.00225	0.00731	0.00728	0.00774	0.01156
48	0.79154	0.01436	0.01091	0.00976	0.01436	0.01665	0.00804	0.02182	0.01263	0.03331	0.01034	0.01206	0.00804	0.00689	0.00459	0.00230	0.00574	0.00402	0.00459	0.00804
49	0.01539	0.01319	0.01539	0.01100	0.01759	0.00990	0.00880	0.01869	0.01539	0.02419	0.01319	0.01539	0.01100	0.00550	0.00550	0.00110	0.00550	0.00440	0.00440	0.78449
50	0.02773	0.03538	0.02104	0.01913	0.02295	0.70930	0.01434	0.02964	0.02104	0.01817	0.01148	0.01339	0.00956	0.00765	0.00669	0.00191	0.01339	0.00478	0.00383	0.00861
51	0.01095	0.00721	0.00946	0.01010	0.01133	0.00661	0.00711	0.01297	0.01665	0.06435	0.21992	0.47108	0.08426	0.01994	0.00912	0.00276	0.00418	0.01788	0.00739	0.00672
52	0.01522	0.00860	0.01140	0.01019	0.01272	0.00779	0.00782	0.01851	0.02081	0.16914	0.52694	0.07424	0.05846	0.01422	0.00851	0.00235	0.00412	0.01246	0.00834	0.00815
53	0.03930	0.00941	0.01234	0.01095	0.01393	0.00860	0.00854	0.02130	0.01961	0.25200	0.32524	0.10292	0.04570	0.04519	0.00962	0.00266	0.00494	0.05098	0.00807	0.00872
54	0.00903	0.00650	0.00857	0.01023	0.01074	0.00604	0.00684	0.01035	0.01431	0.01899	0.04221	0.70934	0.07319	0.02309	0.00945	0.00300	0.00429	0.02090	0.00689	0.00604
55	0.01539	0.01319	0.01539	0.01100	0.01759	0.00990	0.00880	0.01869	0.01539	0.02419	0.01319	0.01539	0.01100	0.00550	0.00550	0.00110	0.00550	0.00440	0.00440	0.78449
56	0.21362	0.26109	0.08287	0.01631	0.02239	0.02063	0.14190	0.02308	0.04064	0.05063	0.01472	0.05537	0.01255	0.00772	0.00618	0.00215	0.00819	0.00632	0.00426	0.00938
57	0.42591	0.04121	0.01449	0.01118	0.01640	0.01475	0.00924	0.02605	0.04011	0.21471	0.01666	0.01670	0.01186	0.00744	0.00562	0.00213	0.00596	0.00518	0.00589	0.10852

[dist]
# distance from previous block
# <min> <max>
0	4

[block]
# block no. 1 follows, 27 sequences, length 22
# corresponding to MSA columns:
# 145-166
name=unknown_B
#
# <colnr> <probs for GDERKNQSTAVLIFYWHMCP>
#	G	D	E	R	K	N	Q	S	T	A	V	L	I	F	Y	W	H	M	C	P
0	0.01262	0.00954	0.01231	0.01144	0.01377	0.00941	0.03781	0.01844	0.13301	0.05226	0.27468	0.19542	0.12316	0.04957	0.01001	0.00277	0.00482	0.01389	0.00731	0.00778
1	0.00986	0.00742	0.00898	0.00941	0.01080	0.00703	0.00681	0.01167	0.01507	0.01951	0.10189	0.18332	0.25636	0.15566	0.09859	0.00466	0.00670	0.07398	0.00621	0.00606
2	0.01004	0.00741	0.00921	0.00905	0.01066	0.00677	0.00658	0.01275	0.01876	0.02567	0.45523	0.14007	0.17538	0.06622	0.01083	0.00278	0.00390	0.01458	0.00754	0.00658
3	0.34831	0.01681	0.01846	0.10398	0.13584	0.04828	0.01363	0.14349	0.01863	0.06862	0.01379	0.01593	0.01039	0.00745	0.00618	0.00227	0.00759	0.00549	0.00503	0.00983
4	0.01624	0.01624	0.02274	0.01949	0.01949	0.02274	0.01624	0.01787	0.01137	0.01787	0.00975	0.01624	0.00975	0.01299	0.02436	0.00325	0.72552	0.00650	0.00325	0.00812
5	0.01335	0.00695	0.00723	0.00727	0.00894	0.00688	0.00541	0.01670	0.01591	0.02740	0.07556	0.06483	0.02440	0.00987	0.00567	0.00184	0.00350	0.00812	0.68327	0.00688
6	0.59696	0.01391	0.01253	0.01065	0.01554	0.01518	0.00878	0.02551	0.01484	0.20387	0.01520	0.01545	0.01069	0.00748	0.00533	0.00230	0.00589	0.00490	0.00577	0.00922
7	0.01846	0.01595	0.01679	0.01511	0.01930	0.01846	0.01175	0.03945	0.67938	0.03105	0.03022	0.02770	0.02266	0.01007	0.00755	0.00252	0.00588	0.00839	0.00755	0.01175
8	0.02387	0.01293	0.01622	0.01235	0.01825	0.01080	0.01005	0.02795	0.05489	0.34100	0.02253	0.02291	0.01613	0.00797	0.00669	0.00181	0.00595	0.02657	0.00690	0.35421
9	0.02859	0.01506	0.01810	0.01444	0.01983	0.01517	0.01175	0.16007	0.18932	0.40350	0.02729	0.02443	0.01833	0.00936	0.00748	0.00234	0.00657	0.00755	0.00843	0.01241
10	0.05068	0.01393	0.02208	0.61393	0.07483	0.01698	0.01971	0.06178	0.01614	0.02167	0.01340	0.01925	0.01007	0.00746	0.00729	0.00244	0.00955	0.00649	0.00364	0.00867
11	0.03161	0.01246	0.01665	0.01295	0.01840	0.01102	0.01063	0.03529	0.04928	0.63263	0.02905	0.02550	0.01860	0.00920	0.00735	0.00228	0.00614	0.00748	0.05121	0.01228
12	0.03053	0.01234	0.01655	0.01299	0.01823	0.01090	0.01060	0.05811	0.02138	0.59862	0.06593	0.06535	0.02269	0.01028	0.00764	0.00234	0.00612	0.00851	0.00894	0.01196
13	0.05014	0.09686	0.46851	0.05801	0.03026	0.01841	0.04970	0.06593	0.01706	0.05812	0.01407	0.01620	0.01012	0.00720	0.00688	0.00228	0.01006	0.00566	0.00382	0.01072
14	0.01009	0.00778	0.00928	0.00938	0.01117	0.00721	0.00685	0.01358	0.05675	0.02423	0.30413	0.22847	0.24777	0.01799	0.00887	0.00257	0.00392	0.01572	0.00743	0.00682
15	0.01034	0.00754	0.00982	0.01102	0.01232	0.00717	0.00855	0.01263	0.01604	0.02093	0.09285	0.29812	0.14023	0.06015	0.01117	0.00327	0.00530	0.25934	0.00684	0.00636
16	0.01859	0.01016	0.01276	0.01111	0.01413	0.00959	0.00862	0.07951	0.01981	0.21338	0.21855	0.04451	0.10286	0.10194	0.01300	0.04581	0.00558	0.05414	0.00745	0.00849
17	0.08757	0.04360	0.01808	0.06001	0.02001	0.01601	0.04133	0.22172	0.06684	0.08933	0.07633	0.02927	0.05007	0.13299	0.01245	0.00312	0.00721	0.00826	0.00627	0.00952
18	0.01100	0.04825	0.01192	0.01098	0.01222	0.00930	0.00802	0.01388	0.04870	0.02202	0.20141	0.41878	0.04772	0.04055	0.01077	0.00288	0.05171	0.01631	0.00674	0.00684
19	0.01459	0.04828	0.01077	0.00894	0.01092	0.00921	0.00674	0.04677	0.01601	0.05445	0.07996	0.06038	0.02445	0.10333	0.05710	0.03898	0.00576	0.00844	0.38785	0.00707
20	0.35982	0.05407	0.01453	0.03189	0.01639	0.06034	0.00965	0.04776	0.01536	0.09298	0.01904	0.15791	0.01819	0.03027	0.00798	0.00255	0.03930	0.00826	0.00539	0.00832
21	0.34475	0.10371	0.04120	0.07377	0.01953	0.06200	0.03274	0.02013	0.01452	0.02553	0.05269	0.05948	0.04166	0.03939	0.00813	0.00251	0.03887	0.00680	0.00453	0.00806

[dist]
# distance from previous block
# <min> <max>
0	22

[block]
# block no. 2 follows, 27 sequences, length 19
# corresponding to MSA columns:
# 189-207
name=unknown_C
#
# <colnr> <probs for GDERKNQSTAVLIFYWHMCP>
#	G	D	E	R	K	N	Q	S	T	A	V	L	I	F	Y	W	H	M	C	P
0	0.07003	0.20641	0.09309	0.01599	0.06575	0.04377	0.01359	0.10192	0.01931	0.16537	0.04873	0.05608	0.05120	0.00925	0.00672	0.00214	0.00749	0.00722	0.00566	0.01028
1	0.01955	0.01182	0.01439	0.01192	0.01557	0.01152	0.00938	0.16737	0.02240	0.16284	0.25659	0.03546	0.06702	0.01332	0.01027	0.09010	0.00559	0.00946	0.00734	0.05806
2	0.01936	0.04323	0.02409	0.21173	0.21322	0.05292	0.04206	0.06416	0.12303	0.08318	0.01845	0.04081	0.01447	0.00824	0.00740	0.00233	0.00860	0.00727	0.00498	0.01048
3	0.04792	0.13297	0.06197	0.13936	0.20124	0.01991	0.01716	0.08153	0.17472	0.02616	0.01727	0.01936	0.01349	0.00776	0.00689	0.00224	0.00810	0.00646	0.00478	0.01071
4	0.05653	0.01740	0.01875	0.01476	0.01995	0.04054	0.01206	0.39758	0.02828	0.18138	0.05330	0.02177	0.01696	0.00914	0.00717	0.00220	0.00720	0.00704	0.07647	0.01153
5	0.00904	0.00646	0.00861	0.01034	0.01077	0.00603	0.00689	0.01034	0.01421	0.01895	0.04092	0.73426	0.04910	0.02326	0.00948	0.00301	0.00431	0.02110	0.00689	0.00603
6	0.01823	0.18433	0.35177	0.01710	0.02516	0.01931	0.01929	0.06039	0.09669	0.07591	0.01921	0.01989	0.04531	0.00810	0.00675	0.00220	0.00884	0.00622	0.00455	0.01074
7	0.03331	0.01263	0.01723	0.01321	0.01895	0.01091	0.01091	0.03618	0.02125	0.69794	0.02929	0.02527	0.01838	0.00919	0.00747	0.00230	0.00632	0.00747	0.00919	0.01263
8	0.00904	0.00646	0.00861	0.01034	0.01077	0.00603	0.00689	0.01034	0.01421	0.01895	0.04092	0.73426	0.04910	0.02326	0.00948	0.00301	0.00431	0.02110	0.00689	0.00603
9	0.03297	0.01318	0.01757	0.01347	0.01922	0.01172	0.01112	0.07841	0.02216	0.65441	0.02852	0.02477	0.01799	0.00917	0.00746	0.00229	0.00644	0.00741	0.00907	0.01263
10	0.00932	0.00664	0.00881	0.01045	0.01095	0.00625	0.00711	0.01070	0.01424	0.01895	0.03996	0.65763	0.04760	0.05768	0.01090	0.00324	0.00462	0.06216	0.00677	0.00601
11	0.01516	0.01398	0.02146	0.54017	0.07360	0.01697	0.01883	0.02350	0.15638	0.02178	0.01685	0.02141	0.01270	0.00795	0.00745	0.00247	0.00899	0.00698	0.00422	0.00915
12	0.02075	0.02235	0.02615	0.03542	0.44472	0.22516	0.01950	0.02434	0.01816	0.02228	0.01495	0.02136	0.01322	0.00788	0.00735	0.00220	0.01006	0.04973	0.00394	0.01047
13	0.01732	0.01831	0.02270	0.51230	0.10165	0.16405	0.01947	0.02158	0.01634	0.01926	0.01290	0.01830	0.00999	0.00740	0.00726	0.00233	0.01054	0.00621	0.00344	0.00863
14	0.03331	0.01263	0.01723	0.01321	0.01895	0.01091	0.01091	0.03618	0.02125	0.69794	0.02929	0.02527	0.01838	0.00919	0.00747	0.00230	0.00632	0.00747	0.00919	0.01263
15	0.01431	0.09938	0.39823	0.05485	0.02780	0.01616	0.07371	0.02037	0.01541	0.02172	0.01903	0.16881	0.01804	0.01039	0.00750	0.00243	0.00932	0.00898	0.00400	0.00956
16	0.05583	0.12397	0.01839	0.01281	0.01708	0.10404	0.01046	0.11703	0.05579	0.12675	0.03144	0.05654	0.16038	0.01296	0.03605	0.00259	0.00752	0.00865	0.03238	0.00934
17	0.01505	0.03230	0.51334	0.02257	0.03208	0.01680	0.16190	0.02266	0.01597	0.02325	0.01558	0.06592	0.01252	0.00800	0.00758	0.00243	0.01084	0.00725	0.00352	0.01043
18	0.01068	0.00798	0.00943	0.00984	0.01143	0.00753	0.00732	0.03708	0.01631	0.02094	0.09228	0.19144	0.25455	0.14994	0.01440	0.00361	0.00524	0.13715	0.00656	0.00631

[dist]
# distance from previous block
# <min> <max>
0	1

[block]
# block no. 3 follows, 27 sequences, length 106
# corresponding to MSA columns:
# 209-314
name=unknown_D
#
# <colnr> <probs for GDERKNQSTAVLIFYWHMCP>
#	G	D	E	R	K	N	Q	S	T	A	V	L	I	F	Y	W	H	M	C	P
0	0.12430	0.22481	0.27217	0.01618	0.02366	0.02095	0.01761	0.10047	0.01763	0.07295	0.01362	0.01509	0.01028	0.00742	0.00678	0.00215	0.03409	0.00519	0.00428	0.01039
1	0.02350	0.04721	0.05163	0.05329	0.11902	0.32159	0.04882	0.02673	0.01949	0.11654	0.06713	0.02161	0.01675	0.00850	0.00725	0.00215	0.01033	0.02395	0.00490	0.00964
2	0.44269	0.03961	0.01573	0.08557	0.02022	0.08639	0.01108	0.02433	0.01506	0.13266	0.01367	0.01531	0.01015	0.00774	0.00678	0.00231	0.05178	0.00505	0.00497	0.00889
3	0.02616	0.11181	0.02369	0.02041	0.07307	0.58244	0.01480	0.02831	0.02007	0.01855	0.01154	0.01360	0.00972	0.00743	0.00653	0.00190	0.01244	0.00483	0.00374	0.00895
4	0.01068	0.00715	0.00813	0.00824	0.00827	0.00712	0.00465	0.01077	0.01101	0.01468	0.02451	0.09228	0.02840	0.69348	0.03598	0.00693	0.00701	0.01145	0.00465	0.00460
5	0.02599	0.01962	0.04610	0.01617	0.02199	0.02043	0.01363	0.48742	0.09848	0.08484	0.01970	0.01948	0.01406	0.00882	0.00727	0.00220	0.00764	0.00678	0.03364	0.04575
6	0.01564	0.06248	0.39841	0.02232	0.03094	0.01748	0.19619	0.02360	0.05904	0.02346	0.01674	0.06960	0.01365	0.00818	0.00761	0.00242	0.01043	0.00762	0.00386	0.01034
7	0.03331	0.01263	0.01723	0.01321	0.01895	0.01091	0.01091	0.03618	0.02125	0.69794	0.02929	0.02527	0.01838	0.00919	0.00747	0.00230	0.00632	0.00747	0.00919	0.01263
8	0.01535	0.09293	0.49603	0.01974	0.02798	0.01886	0.02342	0.02196	0.01471	0.02174	0.01274	0.01606	0.00989	0.01021	0.04150	0.00287	0.13500	0.00564	0.00320	0.01016
9	0.06110	0.01136	0.01521	0.13181	0.02137	0.01167	0.02883	0.08872	0.01860	0.15752	0.08993	0.20767	0.07182	0.03923	0.00911	0.00270	0.00636	0.01170	0.00661	0.00868
10	0.00923	0.00654	0.00856	0.01010	0.01049	0.00615	0.00664	0.01038	0.01386	0.01847	0.03908	0.66241	0.04678	0.09826	0.01244	0.00345	0.00461	0.02002	0.00664	0.00587
11	0.00915	0.00651	0.00858	0.01020	0.01060	0.00610	0.00674	0.01037	0.01400	0.01867	0.03983	0.69170	0.04773	0.06769	0.01123	0.00327	0.00449	0.02046	0.00674	0.00593
12	0.02573	0.01956	0.02088	0.01658	0.02207	0.02186	0.01351	0.50759	0.19941	0.04277	0.02099	0.02034	0.01519	0.00921	0.00746	0.00230	0.00758	0.00712	0.00746	0.01240
13	0.01713	0.02079	0.08502	0.07346	0.03913	0.01853	0.58442	0.02346	0.01724	0.02346	0.01480	0.01973	0.01106	0.00638	0.00857	0.00249	0.01225	0.00841	0.00369	0.00997
14	0.03331	0.01263	0.01723	0.01321	0.01895	0.01091	0.01091	0.03618	0.02125	0.69794	0.02929	0.02527	0.01838	0.00919	0.00747	0.00230	0.00632	0.00747	0.00919	0.01263
15	0.00890	0.00734	0.00782	0.00809	0.01020	0.00626	0.00592	0.01075	0.01664	0.02030	0.09692	0.18510	0.55132	0.01941	0.00889	0.00259	0.00384	0.01650	0.00695	0.00626
16	0.01987	0.32490	0.26157	0.01752	0.02532	0.06655	0.06932	0.02470	0.01650	0.08996	0.01374	0.01530	0.01053	0.00696	0.00626	0.00201	0.00952	0.00528	0.00387	0.01032
17	0.01064	0.00702	0.00917	0.01038	0.01138	0.00645	0.00722	0.01216	0.01501	0.06132	0.04327	0.60512	0.10557	0.02187	0.00932	0.00294	0.00448	0.04316	0.00703	0.00649
18	0.01807	0.01950	0.07042	0.09639	0.50461	0.06203	0.05074	0.02262	0.01695	0.02322	0.01566	0.01973	0.03244	0.00714	0.00740	0.00224	0.00935	0.00680	0.00372	0.01097
19	0.01539	0.01319	0.01539	0.01100	0.01759	0.00990	0.00880	0.01869	0.01539	0.02419	0.01319	0.01539	0.01100	0.00550	0.00550	0.00110	0.00550	0.00440	0.00440	0.78449
20	0.01141	0.00834	0.01057	0.00986	0.01123	0.00833	0.03563	0.03150	0.01359	0.01841	0.03259	0.04596	0.15534	0.36713	0.14324	0.00630	0.00868	0.01076	0.06522	0.00589
21	0.79154	0.01436	0.01091	0.00976	0.01436	0.01665	0.00804	0.02182	0.01263	0.03331	0.01034	0.01206	0.00804	0.00689	0.00459	0.00230	0.00574	0.00402	0.00459	0.00804
22	0.79154	0.01436	0.01091	0.00976	0.01436	0.01665	0.00804	0.02182	0.01263	0.03331	0.01034	0.01206	0.00804	0.00689	0.00459	0.00230	0.00574	0.00402	0.00459	0.00804
23	0.00957	0.00726	0.00887	0.00940	0.01095	0.00655	0.00688	0.01181	0.01717	0.02254	0.23204	0.28919	0.25806	0.01940	0.00911	0.00269	0.00409	0.06076	0.00724	0.00643
24	0.01624	0.01624	0.02274	0.01949	0.01949	0.02274	0.01624	0.01787	0.01137	0.01787	0.00975	0.01624	0.00975	0.01299	0.02436	0.00325	0.72552	0.00650	0.00325	0.00812
25	0.01031	0.00873	0.01114	0.10200	0.04535	0.00841	0.00881	0.01305	0.01709	0.02172	0.17491	0.05676	0.41398	0.01852	0.05395	0.00307	0.00577	0.01319	0.00634	0.00692
26	0.01180	0.00933	0.01062	0.01077	0.01318	0.00911	0.00847	0.05559	0.08883	0.02323	0.05343	0.16473	0.33151	0.01831	0.00901	0.00278	0.00505	0.15994	0.00698	0.00735
27	0.01040	0.00744	0.01004	0.01034	0.01105	0.00800	0.00722	0.01191	0.01194	0.01656	0.02473	0.15807	0.02675	0.28475	0.35755	0.00876	0.01283	0.01121	0.00466	0.00579
28	0.01838	0.01757	0.02955	0.04425	0.66359	0.01767	0.02230	0.02351	0.04563	0.02455	0.01467	0.01878	0.01223	0.00676	0.00736	0.00222	0.00869	0.00669	0.00384	0.01176
29	0.06561	0.40591	0.02828	0.01428	0.04599	0.02275	0.01221	0.02011	0.01455	0.02030	0.03324	0.05309	0.01436	0.00891	0.00865	0.00205	0.13088	0.00599	0.08406	0.00876
30	0.01402	0.01319	0.02227	0.72126	0.05113	0.01649	0.02062	0.01897	0.01484	0.01897	0.01319	0.01979	0.00990	0.00742	0.00742	0.00247	0.00990	0.00660	0.00330	0.00825
31	0.02774	0.01827	0.02011	0.01556	0.02110	0.01968	0.01281	0.51047	0.03103	0.14754	0.02020	0.01988	0.01410	0.00893	0.00723	0.00219	0.00746	0.00683	0.07676	0.01212
32	0.01717	0.00952	0.01229	0.04706	0.01528	0.00884	0.00859	0.03843	0.01905	0.21324	0.23022	0.11564	0.15314	0.06504	0.01039	0.00277	0.00514	0.01219	0.00757	0.00841
33	0.02631	0.01109	0.01499	0.01202	0.01654	0.00971	0.00971	0.02938	0.02118	0.49290	0.23169	0.03453	0.03423	0.01103	0.00786	0.00231	0.00545	0.00929	0.00888	0.01091
34	0.01492	0.01833	0.14123	0.48329	0.15856	0.01682	0.02217	0.02041	0.01534	0.02067	0.01335	0.01883	0.01013	0.00722	0.00735	0.00241	0.00990	0.00641	0.00334	0.00933
35	0.00903	0.00651	0.00856	0.01021	0.01073	0.00604	0.00683	0.01035	0.01433	0.01900	0.04246	0.70444	0.07792	0.02306	0.00944	0.00299	0.00428	0.02086	0.00689	0.00604
36	0.24584	0.01521	0.06083	0.01409	0.04396	0.01368	0.01168	0.03097	0.05934	0.39789	0.02234	0.02078	0.01487	0.00835	0.00662	0.00231	0.00653	0.00638	0.00718	0.01113
37	0.01194	0.00868	0.01134	0.01237	0.01411	0.00859	0.01013	0.05423	0.01768	0.02313	0.07075	0.22941	0.10043	0.02004	0.00970	0.00312	0.00591	0.37451	0.00695	0.00696
38	0.53766	0.01413	0.01154	0.01072	0.01426	0.05954	0.00847	0.02011	0.01379	0.02933	0.04070	0.11212	0.01660	0.00980	0.00642	0.00238	0.03672	0.00697	0.04101	0.00772
39	0.02541	0.18832	0.02551	0.01944	0.06550	0.51655	0.01453	0.02759	0.01947	0.01841	0.01139	0.01339	0.00970	0.00730	0.00632	0.00186	0.01191	0.00472	0.00367	0.00901
40	0.01219	0.00845	0.01188	0.01165	0.01293	0.00933	0.00878	0.01438	0.01360	0.06253	0.08401	0.15450	0.02869	0.10561	0.36955	0.00786	0.06116	0.01087	0.00520	0.00685
41	0.02698	0.01820	0.01954	0.01542	0.02072	0.04951	0.01255	0.43476	0.02928	0.17426	0.02477	0.05955	0.05941	0.01029	0.00759	0.00229	0.00754	0.00808	0.00756	0.01169
42	0.51357	0.13413	0.09988	0.01162	0.01719	0.01816	0.01113	0.02237	0.01381	0.05136	0.01193	0.01359	0.00927	0.00698	0.00504	0.00217	0.00666	0.00443	0.03798	0.00874
43	0.03331	0.01263	0.01723	0.01321	0.01895	0.01091	0.01091	0.03618	0.02125	0.69794	0.02929	0.02527	0.01838	0.00919	0.00747	0.00230	0.00632	0.00747	0.00919	0.01263
44	0.00909	0.00653	0.00855	0.01013	0.01064	0.00608	0.00675	0.01037	0.01422	0.01884	0.04186	0.68104	0.07716	0.04749	0.01041	0.00313	0.00438	0.02051	0.00681	0.00599
45	0.01658	0.07930	0.56841	0.02084	0.03094	0.01769	0.07091	0.02427	0.01613	0.06685	0.01429	0.01637	0.01013	0.00709	0.00706	0.00231	0.01059	0.00575	0.00357	0.01092
46	0.01985	0.74357	0.03890	0.01270	0.01905	0.02937	0.01270	0.02223	0.01508	0.01747	0.01032	0.01191	0.00953	0.00635	0.00476	0.00159	0.00794	0.00397	0.00318	0.00953
47	0.02684	0.01208	0.01543	0.01227	0.01716	0.01087	0.00998	0.08582	0.02169	0.47127	0.08774	0.03494	0.13776	0.01129	0.00779	0.00233	0.00582	0.00928	0.00856	0.01109
48	0.02071	0.01916	0.07081	0.14904	0.25723	0.08016	0.01826	0.11465	0.01988	0.10277	0.01982	0.02212	0.05588	0.00829	0.00740	0.00227	0.00887	0.00706	0.00495	0.01067
49	0.01544	0.03268	0.50939	0.06530	0.03480	0.01755	0.17352	0.02330	0.01605	0.02330	0.01370	0.01692	0.00986	0.00689	0.00747	0.00239	0.01126	0.00630	0.00329	0.01059
50	0.03136	0.01337	0.01739	0.01360	0.01917	0.01231	0.01115	0.06366	0.09841	0.59242	0.02890	0.02523	0.01863	0.00928	0.00747	0.00232	0.00634	0.00754	0.00892	0.01253
51	0.01029	0.00739	0.00950	0.01077	0.01156	0.00713	0.00736	0.05295	0.01555	0.02075	0.03942	0.68784	0.04674	0.02233	0.00934	0.00296	0.00456	0.02017	0.00693	0.00646
52	0.02305	0.01764	0.06424	0.03676	0.02064	0.08920	0.01262	0.03305	0.26606	0.24373	0.06858	0.02748	0.04383	0.00984	0.00751	0.00236	0.00709	0.00800	0.00726	0.01106
53	0.00914	0.00677	0.00867	0.00992	0.01080	0.00630	0.00683	0.01069	0.01475	0.01937	0.06576	0.55441	0.15893	0.02425	0.05279	0.00346	0.00515	0.01911	0.00675	0.00614
54	0.03267	0.01464	0.01774	0.01381	0.01943	0.06149	0.01131	0.06510	0.02187	0.61896	0.02748	0.02407	0.01748	0.00907	0.00741	0.00227	0.00691	0.00724	0.00872	0.01234
55	0.01533	0.01319	0.01570	0.04298	0.01910	0.01019	0.00933	0.01870	0.01537	0.02396	0.01319	0.01559	0.01095	0.00558	0.00558	0.00116	0.00570	0.00450	0.00435	0.74953
56	0.04640	0.02344	0.02360	0.11138	0.10029	0.30858	0.09943	0.02367	0.01756	0.02017	0.01477	0.06808	0.01326	0.01091	0.04001	0.00272	0.05592	0.00712	0.00395	0.00877
57	0.01061	0.00795	0.01193	0.01193	0.01326	0.00928	0.00928	0.01326	0.01193	0.01723	0.01988	0.02916	0.01856	0.05568	0.70968	0.01193	0.01988	0.00795	0.00398	0.00663
58	0.01898	0.01404	0.01656	0.01301	0.01808	0.01339	0.01046	0.13551	0.06325	0.09812	0.02080	0.04367	0.04602	0.01176	0.05416	0.00250	0.05356	0.00681	0.00574	0.35359
59	0.04820	0.03737	0.67106	0.02067	0.03137	0.01722	0.02660	0.02344	0.01554	0.02393	0.01319	0.01552	0.00935	0.00705	0.00695	0.00235	0.01075	0.00542	0.00320	0.01085
60	0.16167	0.01303	0.01582	0.01223	0.01792	0.01173	0.01005	0.03067	0.01874	0.46645	0.02323	0.02127	0.01531	0.00815	0.00663	0.00209	0.00608	0.00634	0.00757	0.14503
61	0.01116	0.00868	0.01364	0.03944	0.01573	0.00992	0.04012	0.01409	0.01242	0.01794	0.01955	0.02834	0.01791	0.05004	0.62786	0.01081	0.01864	0.00791	0.02898	0.00686
62	0.00929	0.00758	0.00831	0.00873	0.01092	0.00660	0.00673	0.01135	0.01670	0.02029	0.06654	0.13398	0.53146	0.01947	0.00907	0.00269	0.00428	0.11280	0.00688	0.00633
63	0.01399	0.00743	0.00751	0.00734	0.00918	0.00745	0.00549	0.03896	0.01611	0.02749	0.02626	0.03010	0.04928	0.03661	0.00665	0.00199	0.00377	0.00745	0.68994	0.00699
64	0.01735	0.02158	0.10600	0.03161	0.09787	0.01852	0.54545	0.02366	0.01729	0.02380	0.01476	0.01945	0.01113	0.00637	0.00847	0.00246	0.01203	0.00825	0.00369	0.01026
65	0.79154	0.01436	0.01091	0.00976	0.01436	0.01665	0.00804	0.02182	0.01263	0.03331	0.01034	0.01206	0.00804	0.00689	0.00459	0.00230	0.00574	0.00402	0.00459	0.00804
66	0.01985	0.74357	0.03890	0.01270	0.01905	0.02937	0.01270	0.02223	0.01508	0.01747	0.01032	0.01191	0.00953	0.00635	0.00476	0.00159	0.00794	0.00397	0.00318	0.00953
67	0.02290	0.01035	0.01378	0.01135	0.01533	0.00910	0.00906	0.02596	0.02089	0.39549	0.28917	0.03990	0.08018	0.01212	0.00805	0.00232	0.00506	0.01030	0.00865	0.01005
68	0.01041	0.00718	0.00886	0.00922	0.00953	0.00732	0.00581	0.01113	0.01169	0.01581	0.02636	0.18513	0.03005	0.47512	0.14795	0.00716	0.00880	0.01241	0.00490	0.00518
69	0.01041	0.00745	0.01012	0.01144	0.01258	0.00716	0.00884	0.01289	0.01648	0.02206	0.15211	0.36910	0.05028	0.02081	0.00965	0.00305	0.00513	0.25682	0.00709	0.00651
70	0.03047	0.01493	0.08393	0.01381	0.01989	0.01136	0.01236	0.03394	0.02069	0.60170	0.05742	0.02569	0.01982	0.00925	0.00748	0.00230	0.00665	0.00754	0.00855	0.01222
71	0.01320	0.01054	0.03594	0.01681	0.08582	0.00959	0.03668	0.01641	0.01659	0.05612	0.03643	0.21803	0.06661	0.01809	0.00941	0.00303	0.00664	0.32998	0.00641	0.00768
72	0.15315	0.31488	0.19833	0.01538	0.02223	0.11834	0.01590	0.04688	0.01635	0.02289	0.01151	0.01331	0.00936	0.00689	0.00568	0.00197	0.00909	0.00457	0.00365	0.00962
73	0.01724	0.01915	0.04002	0.03127	0.10292	0.01846	0.54216	0.02291	0.01709	0.02337	0.01663	0.02137	0.03395	0.00709	0.00950	0.00251	0.05191	0.00865	0.00382	0.00996
74	0.01058	0.00745	0.00960	0.00960	0.01033	0.00772	0.00652	0.01206	0.01312	0.01819	0.13880	0.08650	0.03330	0.36402	0.23268	0.00752	0.01019	0.01104	0.00513	0.00567
75	0.01914	0.62847	0.12302	0.01443	0.02141	0.02746	0.03772	0.02245	0.01525	0.01846	0.01087	0.01267	0.00957	0.00644	0.00520	0.00172	0.00849	0.00433	0.00319	0.00973
76	0.05761	0.03632	0.09192	0.01364	0.01849	0.01265	0.01198	0.10895	0.01990	0.30077	0.02782	0.21795	0.02439	0.01261	0.00776	0.00247	0.00654	0.01065	0.00727	0.01033
77	0.03331	0.01263	0.01723	0.01321	0.01895	0.01091	0.01091	0.03618	0.02125	0.69794	0.02929	0.02527	0.01838	0.00919	0.00747	0.00230	0.00632	0.00747	0.00919	0.01263
78	0.06542	0.03447	0.57923	0.02074	0.03036	0.01766	0.05275	0.02301	0.01525	0.02375	0.01295	0.01567	0.00942	0.00743	0.00821	0.00242	0.06187	0.00560	0.00326	0.01054
79	0.01842	0.06946	0.13145	0.05274	0.36723	0.09440	0.06610	0.02303	0.01685	0.02250	0.01518	0.01873	0.03201	0.00737	0.00778	0.00223	0.03373	0.00650	0.00366	0.01063
80	0.02822	0.02079	0.02228	0.01708	0.02302	0.02302	0.01411	0.66804	0.03490	0.04679	0.01782	0.01782	0.01262	0.00891	0.00743	0.00223	0.00817	0.00668	0.00743	0.01262
81	0.01061	0.00795	0.01193	0.01193	0.01326	0.00928	0.00928	0.01326	0.01193	0.01723	0.01988	0.02916	0.01856	0.05568	0.70968	0.01193	0.01988	0.00795	0.00398	0.00663
82	0.02063	0.01435	0.01630	0.01401	0.01764	0.01525	0.01094	0.35166	0.02527	0.07537	0.02740	0.26547	0.02711	0.04818	0.00964	0.00277	0.00665	0.03437	0.00720	0.00980
83	0.01640	0.01271	0.01687	0.01958	0.14226	0.01328	0.01340	0.02524	0.22037	0.07173	0.03362	0.04953	0.07409	0.01383	0.00859	0.00278	0.00666	0.24282	0.00664	0.00962
84	0.02581	0.01249	0.01491	0.01196	0.01642	0.01218	0.00971	0.16453	0.02229	0.33846	0.02518	0.02448	0.01737	0.00895	0.00671	0.00210	0.00577	0.00712	0.26283	0.01075
85	0.00904	0.00646	0.00861	0.01034	0.01077	0.00603	0.00689	0.01034	0.01421	0.01895	0.04092	0.73426	0.04910	0.02326	0.00948	0.00301	0.00431	0.02110	0.00689	0.00603
86	0.01596	0.13711	0.41467	0.02118	0.02988	0.01898	0.14310	0.02265	0.01596	0.02258	0.03182	0.01919	0.01246	0.00766	0.00781	0.00233	0.03633	0.02657	0.00351	0.01024
87	0.00947	0.00766	0.00849	0.00900	0.01087	0.00694	0.00647	0.01233	0.05707	0.02034	0.06016	0.30563	0.41939	0.01985	0.00895	0.00269	0.00409	0.01716	0.00693	0.00652
88	0.01991	0.65770	0.08430	0.01363	0.02017	0.06358	0.01382	0.02270	0.01543	0.01793	0.01059	0.01225	0.00952	0.00647	0.00502	0.00166	0.00843	0.00412	0.00321	0.00958
89	0.01539	0.01319	0.01539	0.01100	0.01759	0.00990	0.00880	0.01869	0.01539	0.02419	0.01319	0.01539	0.01100	0.00550	0.00550	0.00110	0.00550	0.00440	0.00440	0.78449
90	0.02735	0.02036	0.02179	0.01690	0.02269	0.02262	0.01390	0.61197	0.09240	0.04538	0.01893	0.01870	0.01352	0.00902	0.00744	0.00225	0.00796	0.00684	0.00744	0.01255
91	0.00892	0.00719	0.00787	0.00838	0.01018	0.00623	0.00597	0.01056	0.01591	0.01953	0.06323	0.26792	0.47649	0.04471	0.00997	0.00282	0.00404	0.01712	0.00681	0.00614
92	0.01401	0.01287	0.02147	0.68443	0.04894	0.01600	0.01982	0.01888	0.01488	0.01942	0.01376	0.02020	0.01037	0.00749	0.00731	0.00244	0.00956	0.00661	0.04336	0.00818
93	0.01454	0.01369	0.02196	0.60289	0.04579	0.01727	0.01959	0.02018	0.05754	0.01964	0.01394	0.01994	0.01071	0.00817	0.00918	0.00256	0.08369	0.00670	0.00357	0.00846
94	0.02822	0.02079	0.02228	0.01708	0.02302	0.02302	0.01411	0.66804	0.03490	0.04679	0.01782	0.01782	0.01262	0.00891	0.00743	0.00223	0.00817	0.00668	0.00743	0.01262
95	0.01817	0.01743	0.02977	0.07700	0.66295	0.01759	0.02268	0.02261	0.01681	0.02401	0.01393	0.01844	0.01167	0.00665	0.00735	0.00222	0.00887	0.00661	0.00366	0.01160
96	0.02627	0.01895	0.02075	0.01577	0.02181	0.01995	0.01297	0.51419	0.03061	0.08321	0.01772	0.01786	0.01269	0.00833	0.00709	0.00203	0.00758	0.00633	0.00700	0.14888
97	0.01080	0.00720	0.00810	0.00810	0.00810	0.00720	0.00450	0.01080	0.01080	0.01439	0.02339	0.04858	0.02699	0.73910	0.03779	0.00720	0.00720	0.01080	0.00450	0.00450
98	0.01798	0.01723	0.02941	0.10727	0.63420	0.01753	0.02259	0.02243	0.01672	0.02377	0.01389	0.01850	0.01159	0.00669	0.00736	0.00223	0.00892	0.00661	0.00364	0.01144
99	0.02800	0.07912	0.01826	0.01277	0.01792	0.01264	0.01062	0.05150	0.04290	0.49280	0.12627	0.02843	0.02529	0.00985	0.00741	0.00224	0.00609	0.00805	0.00838	0.01147
100	0.01402	0.01400	0.05061	0.57891	0.04509	0.01550	0.03992	0.01888	0.01499	0.01986	0.01481	0.05063	0.01197	0.00800	0.00737	0.00240	0.00935	0.00715	0.02825	0.04831
101	0.01005	0.00916	0.03880	0.04563	0.01334	0.00762	0.00778	0.01262	0.01709	0.02194	0.20917	0.06056	0.38291	0.09418	0.01179	0.00299	0.00480	0.03640	0.00659	0.00658
102	0.04998	0.01451	0.05062	0.01532	0.02034	0.01324	0.08007	0.03019	0.10591	0.35603	0.06919	0.04854	0.02141	0.00984	0.00842	0.00240	0.04382	0.00827	0.04096	0.01095
103	0.01793	0.01936	0.04827	0.10832	0.32254	0.15448	0.01750	0.02131	0.01666	0.02089	0.01838	0.05986	0.04365	0.08689	0.01065	0.00277	0.00932	0.00778	0.00403	0.00939
104	0.04405	0.00809	0.01062	0.01245	0.04089	0.00825	0.00826	0.01268	0.03528	0.02013	0.03649	0.61273	0.04285	0.02089	0.00988	0.00295	0.04180	0.01858	0.00649	0.00665
105	0.01693	0.01948	0.09760	0.05196	0.08672	0.05509	0.31372	0.02154	0.01636	0.04349	0.01781	0.10964	0.01597	0.00999	0.01019	0.03605	0.05475	0.00923	0.00419	0.00928

[dist]
# distance from previous block
# <min> <max>
3	64

# created by:
# /st0/software/busco_prod/Augustus/scripts/msa2prfl.pl ./align_prep/150876.fa
