[name]
unknown

[dist]
# distance from previous block
# <min> <max>
0	50

[block]
# block no. 0 follows, 29 sequences, length 10
# corresponding to MSA columns:
# 51-60
name=unknown_A
#
# <colnr> <probs for GDERKNQSTAVLIFYWHMCP>
#	G	D	E	R	K	N	Q	S	T	A	V	L	I	F	Y	W	H	M	C	P
0	0.04433	0.01330	0.03469	0.05040	0.06913	0.01316	0.01204	0.11960	0.10880	0.04174	0.03889	0.03827	0.02300	0.07599	0.01009	0.00277	0.00676	0.17936	0.00575	0.11194
1	0.01810	0.46838	0.18027	0.01727	0.08140	0.05722	0.01629	0.02178	0.01486	0.01862	0.01085	0.01299	0.00931	0.00660	0.00618	0.00182	0.04094	0.00449	0.00311	0.00952
2	0.09420	0.03750	0.01666	0.01352	0.01801	0.01571	0.01103	0.15191	0.24138	0.19313	0.05337	0.02800	0.02081	0.00990	0.00712	0.00233	0.00618	0.06142	0.00717	0.01065
3	0.01589	0.25757	0.46790	0.01831	0.02729	0.02021	0.05713	0.02218	0.01495	0.02077	0.01198	0.01414	0.00915	0.00652	0.00617	0.00204	0.00970	0.00498	0.00305	0.01005
4	0.01167	0.00870	0.01139	0.01255	0.01449	0.00878	0.01075	0.01625	0.07564	0.02181	0.04092	0.07424	0.11584	0.01860	0.00944	0.00310	0.00613	0.52614	0.00662	0.00691
5	0.01234	0.00922	0.01207	0.01309	0.01510	0.00956	0.01118	0.01819	0.11927	0.02300	0.07311	0.07066	0.03951	0.01787	0.00936	0.00309	0.00624	0.52313	0.00673	0.00728
6	0.01523	0.20228	0.51450	0.01799	0.02696	0.01876	0.02215	0.02181	0.01498	0.02113	0.01356	0.01800	0.01091	0.00736	0.00643	0.00214	0.00961	0.04300	0.00322	0.00997
7	0.02145	0.01415	0.01592	0.03996	0.01893	0.03921	0.01117	0.09447	0.27775	0.21924	0.03082	0.03221	0.07997	0.01068	0.00749	0.00237	0.00626	0.06014	0.00728	0.01052
8	0.04827	0.27083	0.40450	0.01686	0.02528	0.02081	0.01985	0.07709	0.01627	0.02288	0.01208	0.01388	0.00926	0.00669	0.00598	0.00200	0.00914	0.00482	0.00342	0.01009
9	0.02218	0.01596	0.04075	0.01407	0.01907	0.01587	0.01169	0.27348	0.14850	0.14335	0.04614	0.02517	0.01841	0.04417	0.00847	0.00236	0.00667	0.03587	0.00681	0.10100

[dist]
# distance from previous block
# <min> <max>
2	27

[block]
# block no. 1 follows, 29 sequences, length 59
# corresponding to MSA columns:
# 88-146
name=unknown_B
#
# <colnr> <probs for GDERKNQSTAVLIFYWHMCP>
#	G	D	E	R	K	N	Q	S	T	A	V	L	I	F	Y	W	H	M	C	P
0	0.04547	0.12033	0.06023	0.02542	0.10416	0.01923	0.35231	0.06258	0.05216	0.02389	0.01418	0.01755	0.01105	0.00660	0.00770	0.00220	0.02983	0.00693	0.00393	0.03427
1	0.06872	0.10746	0.09081	0.01467	0.01997	0.22114	0.01284	0.08079	0.03669	0.05874	0.01668	0.01778	0.05019	0.00770	0.00656	0.00185	0.02634	0.00548	0.00450	0.15111
2	0.10823	0.43683	0.06816	0.01331	0.01895	0.09232	0.01255	0.07748	0.05186	0.02224	0.03237	0.01429	0.01160	0.00695	0.00532	0.00179	0.00784	0.00468	0.00396	0.00926
3	0.01809	0.03346	0.01425	0.01158	0.01510	0.01189	0.00920	0.11196	0.12894	0.16483	0.31172	0.03797	0.07746	0.01177	0.00768	0.00223	0.00500	0.00996	0.00763	0.00927
4	0.08956	0.00935	0.01148	0.01001	0.01318	0.00862	0.00783	0.02030	0.01864	0.24392	0.30883	0.07908	0.12502	0.01285	0.00768	0.00228	0.00449	0.01089	0.00761	0.00839
5	0.07639	0.01403	0.04295	0.56758	0.12714	0.01599	0.01928	0.01900	0.01434	0.02005	0.01253	0.01810	0.00956	0.00697	0.00688	0.00232	0.00908	0.00610	0.00330	0.00839
6	0.14598	0.37774	0.12593	0.01590	0.06591	0.09715	0.01441	0.02207	0.01476	0.02057	0.01064	0.01268	0.00904	0.00666	0.00593	0.00187	0.03593	0.00437	0.00336	0.00910
7	0.00968	0.00669	0.00864	0.00974	0.01033	0.00641	0.00675	0.01068	0.01319	0.01738	0.03547	0.41607	0.07541	0.17167	0.01608	0.05962	0.00517	0.10971	0.00588	0.00542
8	0.00866	0.00626	0.00820	0.00975	0.01029	0.00580	0.00654	0.00993	0.01379	0.01824	0.04123	0.70435	0.08657	0.02205	0.00905	0.00286	0.00410	0.01993	0.00661	0.00580
9	0.02140	0.01696	0.06349	0.01468	0.01943	0.04114	0.01227	0.14314	0.33777	0.15766	0.02580	0.07409	0.01983	0.00993	0.00728	0.00233	0.00657	0.00816	0.00706	0.01103
10	0.01369	0.00863	0.01104	0.01115	0.01308	0.00844	0.00843	0.01805	0.09866	0.11684	0.13680	0.32542	0.04138	0.03994	0.00946	0.00283	0.00493	0.11659	0.00710	0.00754
11	0.03195	0.01212	0.01652	0.01267	0.01818	0.01047	0.01047	0.03470	0.02038	0.71026	0.02809	0.02424	0.01763	0.00881	0.00716	0.00220	0.00606	0.00716	0.00881	0.01212
12	0.01345	0.01266	0.02136	0.73264	0.04904	0.01582	0.01978	0.01819	0.01424	0.01819	0.01266	0.01898	0.00949	0.00712	0.00712	0.00237	0.00949	0.00633	0.00316	0.00791
13	0.01664	0.01844	0.03657	0.12660	0.07758	0.04031	0.49125	0.02198	0.01620	0.02172	0.01372	0.01868	0.01052	0.00657	0.00890	0.00240	0.05132	0.00775	0.00351	0.00933
14	0.00912	0.00674	0.00899	0.01032	0.01069	0.00671	0.00702	0.01033	0.01336	0.01795	0.03697	0.67853	0.04422	0.04933	0.01090	0.00306	0.04451	0.01910	0.00633	0.00584
15	0.00889	0.00714	0.00794	0.00794	0.00996	0.00618	0.00588	0.01107	0.01705	0.02168	0.24055	0.12823	0.46746	0.01749	0.00847	0.00241	0.00359	0.01493	0.00695	0.00618
16	0.04566	0.40718	0.06483	0.01479	0.01986	0.21850	0.01341	0.02380	0.04671	0.01835	0.01119	0.01299	0.00969	0.00710	0.00664	0.00182	0.06063	0.00447	0.00346	0.00892
17	0.01621	0.02015	0.10382	0.02795	0.03510	0.01721	0.57241	0.02224	0.01661	0.02268	0.01582	0.02292	0.01266	0.00699	0.00834	0.00245	0.01150	0.05172	0.00374	0.00949
18	0.72955	0.05229	0.01228	0.03692	0.01534	0.01660	0.00840	0.02085	0.01232	0.03064	0.01002	0.01184	0.00785	0.00660	0.00452	0.00217	0.00577	0.00395	0.00429	0.00779
19	0.01788	0.02074	0.10096	0.11337	0.45704	0.10284	0.04095	0.02236	0.01637	0.02190	0.01299	0.01696	0.01057	0.00659	0.00699	0.00213	0.00944	0.00607	0.00345	0.01041
20	0.01477	0.01266	0.01477	0.01055	0.01687	0.00949	0.00844	0.01793	0.01477	0.02320	0.01266	0.01477	0.01055	0.00527	0.00527	0.00105	0.00527	0.00422	0.00422	0.79328
21	0.02557	0.01920	0.02053	0.01608	0.02151	0.02138	0.01317	0.57853	0.13898	0.04246	0.01900	0.01861	0.01365	0.00873	0.00714	0.00218	0.00748	0.00667	0.00714	0.01198
22	0.01654	0.02107	0.11305	0.02898	0.03654	0.01785	0.61031	0.02278	0.01662	0.02278	0.01423	0.01877	0.01062	0.00608	0.00823	0.00239	0.01185	0.00807	0.00354	0.00970
23	0.03195	0.01212	0.01652	0.01267	0.01818	0.01047	0.01047	0.03470	0.02038	0.71026	0.02809	0.02424	0.01763	0.00881	0.00716	0.00220	0.00606	0.00716	0.00881	0.01212
24	0.00868	0.00620	0.00826	0.00991	0.01033	0.00578	0.00661	0.00991	0.01363	0.01818	0.03925	0.74510	0.04710	0.02231	0.00909	0.00289	0.00413	0.02024	0.00661	0.00578
25	0.01624	0.01814	0.03819	0.02781	0.03393	0.01771	0.57784	0.02155	0.01606	0.02200	0.01528	0.05876	0.01266	0.00753	0.00990	0.00250	0.08214	0.00884	0.00372	0.00922
26	0.03018	0.01193	0.01609	0.01250	0.01773	0.01047	0.01027	0.03352	0.04185	0.64746	0.06869	0.02605	0.02074	0.00919	0.00724	0.00221	0.00588	0.00753	0.00870	0.01177
27	0.01008	0.00728	0.00952	0.00896	0.01064	0.00672	0.00672	0.01344	0.02016	0.02855	0.70158	0.05319	0.06719	0.01456	0.00840	0.00224	0.00336	0.01288	0.00784	0.00672
28	0.01001	0.00720	0.00935	0.00895	0.01047	0.00667	0.00659	0.01307	0.01927	0.02719	0.62814	0.09260	0.06388	0.05330	0.00989	0.00252	0.00359	0.01317	0.00758	0.00654
29	0.01387	0.00959	0.01241	0.01284	0.01518	0.00982	0.01082	0.02000	0.13299	0.07348	0.11138	0.06395	0.03899	0.01658	0.00903	0.00293	0.00600	0.42536	0.00698	0.00779
30	0.03195	0.01212	0.01652	0.01267	0.01818	0.01047	0.01047	0.03470	0.02038	0.71026	0.02809	0.02424	0.01763	0.00881	0.00716	0.00220	0.00606	0.00716	0.00881	0.01212
31	0.01252	0.00903	0.01169	0.01250	0.01462	0.00912	0.01060	0.01766	0.09737	0.04465	0.07605	0.06954	0.09980	0.01770	0.00923	0.00300	0.00599	0.46489	0.00679	0.00726
32	0.06166	0.01357	0.02221	0.55143	0.17803	0.01605	0.01946	0.01909	0.01451	0.02003	0.01264	0.01827	0.00974	0.00693	0.00694	0.00231	0.00905	0.00618	0.00331	0.00857
33	0.02079	0.01865	0.01679	0.01478	0.01888	0.15921	0.01149	0.08916	0.39840	0.08179	0.02730	0.02575	0.06618	0.00962	0.00714	0.00226	0.00717	0.00763	0.00659	0.01043
34	0.01545	0.01584	0.04248	0.26696	0.22147	0.01626	0.18163	0.02131	0.06112	0.02165	0.01766	0.02181	0.04922	0.00739	0.00749	0.00231	0.00927	0.00741	0.00383	0.00943
35	0.80005	0.01377	0.01047	0.00936	0.01377	0.01597	0.00771	0.02093	0.01212	0.03195	0.00991	0.01157	0.00771	0.00661	0.00441	0.00220	0.00551	0.00386	0.00441	0.00771
36	0.74481	0.06613	0.01236	0.00956	0.01409	0.01684	0.00803	0.02096	0.01228	0.03087	0.00991	0.01156	0.00781	0.00657	0.00442	0.00216	0.00566	0.00385	0.00431	0.00781
37	0.01735	0.49893	0.27760	0.01507	0.02274	0.02404	0.01721	0.02176	0.01467	0.01882	0.01092	0.01271	0.00910	0.00633	0.00535	0.00178	0.00865	0.00432	0.00303	0.00963
38	0.07220	0.02723	0.41772	0.01873	0.02687	0.01555	0.09592	0.06243	0.01689	0.09036	0.05317	0.04097	0.01452	0.00788	0.00701	0.00227	0.00916	0.00666	0.00435	0.01011
39	0.03160	0.01267	0.01687	0.01293	0.01845	0.01129	0.01068	0.08046	0.02131	0.66320	0.02731	0.02373	0.01724	0.00879	0.00716	0.00220	0.00618	0.00711	0.00869	0.01212
40	0.01128	0.00755	0.00985	0.00912	0.01104	0.00691	0.00689	0.01456	0.02004	0.06743	0.64276	0.05202	0.08464	0.01434	0.00833	0.00224	0.00352	0.01262	0.00786	0.00701
41	0.01130	0.00717	0.00875	0.00880	0.00970	0.00679	0.00577	0.01244	0.01377	0.06679	0.13644	0.22199	0.07697	0.35706	0.02139	0.00457	0.00540	0.01327	0.00589	0.00571
42	0.01671	0.02046	0.11664	0.04907	0.07959	0.01763	0.46507	0.05634	0.01709	0.02352	0.01486	0.04087	0.01174	0.00696	0.00845	0.00238	0.03104	0.00804	0.00378	0.00974
43	0.02268	0.01461	0.01641	0.01319	0.01781	0.01513	0.01069	0.31689	0.08013	0.18165	0.07689	0.03160	0.14882	0.01090	0.00747	0.00223	0.00617	0.00878	0.00745	0.01052
44	0.00886	0.00633	0.00848	0.01013	0.01063	0.00595	0.00694	0.01024	0.01382	0.01839	0.03914	0.70043	0.04668	0.02213	0.00914	0.00292	0.00429	0.06306	0.00661	0.00584
45	0.02149	0.07320	0.02351	0.01858	0.02176	0.30588	0.07007	0.09552	0.01792	0.02074	0.01165	0.01505	0.00996	0.01028	0.03446	0.00259	0.22919	0.00565	0.00384	0.00865
46	0.01345	0.01266	0.02136	0.73264	0.04904	0.01582	0.01978	0.01819	0.01424	0.01819	0.01266	0.01898	0.00949	0.00712	0.00712	0.00237	0.00949	0.00633	0.00316	0.00791
47	0.02999	0.01256	0.01647	0.01292	0.01822	0.01146	0.01058	0.03513	0.11293	0.61656	0.02821	0.02456	0.01819	0.00893	0.00717	0.00223	0.00600	0.00728	0.00860	0.01200
48	0.01457	0.01460	0.02357	0.61420	0.04619	0.05659	0.09209	0.01929	0.01486	0.01866	0.01275	0.01866	0.00962	0.00701	0.00722	0.00235	0.00996	0.00646	0.00324	0.00812
49	0.01569	0.12448	0.58356	0.01917	0.02869	0.06532	0.02374	0.02280	0.01531	0.02150	0.01231	0.01444	0.00904	0.00672	0.00647	0.00214	0.01032	0.00504	0.00306	0.01020
50	0.00944	0.00705	0.00984	0.01222	0.05952	0.00666	0.00770	0.01108	0.01442	0.01949	0.09847	0.62987	0.04641	0.02046	0.00888	0.00278	0.00437	0.01858	0.00650	0.00626
51	0.01017	0.00763	0.01144	0.01144	0.01272	0.00890	0.00890	0.01272	0.01144	0.01653	0.01907	0.02797	0.01780	0.05340	0.72153	0.01144	0.01907	0.00763	0.00381	0.00636
52	0.01379	0.01303	0.02219	0.52221	0.13465	0.01510	0.05490	0.01833	0.01514	0.01992	0.06369	0.02299	0.03848	0.00786	0.00732	0.00233	0.00885	0.00722	0.00369	0.00832
53	0.02366	0.02392	0.02011	0.11674	0.06240	0.33738	0.01434	0.15164	0.06847	0.06597	0.01520	0.01684	0.01157	0.00777	0.00674	0.00204	0.00997	0.00573	0.03003	0.00950
54	0.01508	0.01433	0.02431	0.46288	0.30602	0.01625	0.02059	0.01963	0.01501	0.02018	0.01295	0.01845	0.01019	0.00682	0.00709	0.00227	0.00909	0.00633	0.00331	0.00923
55	0.00924	0.00694	0.00865	0.00949	0.01083	0.00635	0.00701	0.01127	0.01579	0.02060	0.15506	0.35365	0.22685	0.01952	0.00890	0.00271	0.00422	0.11003	0.00680	0.00611
56	0.01701	0.01935	0.03855	0.10458	0.03761	0.05818	0.57058	0.02264	0.01673	0.02201	0.01402	0.01882	0.01057	0.00620	0.00815	0.00237	0.01178	0.00796	0.00356	0.00934
57	0.01838	0.02772	0.42539	0.01838	0.02667	0.01598	0.05147	0.05050	0.12824	0.13969	0.01824	0.01874	0.01275	0.00761	0.00700	0.00228	0.00895	0.00623	0.00485	0.01093
58	0.02444	0.02488	0.01992	0.05807	0.02297	0.32928	0.01359	0.24236	0.14223	0.02859	0.01624	0.01699	0.01235	0.00813	0.00683	0.00207	0.00975	0.00589	0.00539	0.01002

[dist]
# distance from previous block
# <min> <max>
0	1

[block]
# block no. 2 follows, 29 sequences, length 18
# corresponding to MSA columns:
# 148-165
name=unknown_C
#
# <colnr> <probs for GDERKNQSTAVLIFYWHMCP>
#	G	D	E	R	K	N	Q	S	T	A	V	L	I	F	Y	W	H	M	C	P
0	0.02886	0.04027	0.06057	0.04548	0.02092	0.01347	0.01237	0.13273	0.02161	0.51128	0.02416	0.02190	0.01560	0.00848	0.00704	0.00218	0.00681	0.00678	0.00775	0.01173
1	0.01989	0.00955	0.01280	0.01114	0.01454	0.00856	0.00902	0.02290	0.01952	0.32898	0.27590	0.04509	0.07073	0.01293	0.00806	0.00238	0.00504	0.10587	0.00802	0.00905
2	0.01904	0.75404	0.03731	0.01218	0.01828	0.02818	0.01218	0.02132	0.01447	0.01675	0.00990	0.01142	0.00914	0.00609	0.00457	0.00152	0.00761	0.00381	0.00305	0.00914
3	0.01631	0.02282	0.18254	0.02853	0.06346	0.01765	0.51497	0.02272	0.01641	0.02277	0.01402	0.01826	0.01045	0.00618	0.00800	0.00236	0.01155	0.00766	0.00347	0.00987
4	0.00868	0.00620	0.00826	0.00991	0.01033	0.00578	0.00661	0.00991	0.01363	0.01818	0.03925	0.74510	0.04710	0.02231	0.00909	0.00289	0.00413	0.02024	0.00661	0.00578
5	0.03061	0.01182	0.01610	0.01244	0.01772	0.01024	0.01024	0.03340	0.02037	0.66858	0.06927	0.02601	0.02066	0.00916	0.00724	0.00221	0.00589	0.00751	0.00875	0.01179
6	0.02645	0.01868	0.02022	0.01565	0.02110	0.02048	0.01288	0.58622	0.05606	0.08778	0.01853	0.01833	0.01310	0.00860	0.00704	0.00213	0.00744	0.00653	0.04095	0.01184
7	0.00863	0.00636	0.00809	0.00948	0.01021	0.00582	0.00642	0.00996	0.01405	0.01835	0.04458	0.63547	0.15329	0.02162	0.00898	0.00281	0.00405	0.01940	0.00661	0.00582
8	0.01036	0.00690	0.00777	0.00777	0.00777	0.00690	0.00431	0.01036	0.01036	0.01381	0.02244	0.04660	0.02589	0.74975	0.03624	0.00690	0.00690	0.01036	0.00431	0.00431
9	0.03195	0.01212	0.01652	0.01267	0.01818	0.01047	0.01047	0.03470	0.02038	0.71026	0.02809	0.02424	0.01763	0.00881	0.00716	0.00220	0.00606	0.00716	0.00881	0.01212
10	0.01428	0.03683	0.71286	0.02030	0.03082	0.01654	0.02631	0.02255	0.01503	0.02255	0.01278	0.01503	0.00902	0.00677	0.00677	0.00226	0.01052	0.00526	0.00301	0.01052
11	0.01327	0.00664	0.00664	0.00664	0.00830	0.00664	0.00498	0.01659	0.01493	0.02655	0.02323	0.02655	0.01825	0.00830	0.00498	0.00166	0.00332	0.00664	0.78928	0.00664
12	0.03062	0.01182	0.01610	0.01244	0.01772	0.01024	0.01024	0.03341	0.02037	0.66878	0.06908	0.02600	0.02064	0.00916	0.00724	0.00221	0.00589	0.00751	0.00875	0.01179
13	0.00842	0.00721	0.00721	0.00721	0.00962	0.00601	0.00541	0.01022	0.01623	0.01924	0.07213	0.06853	0.70244	0.01803	0.00842	0.00240	0.00361	0.01503	0.00661	0.00601
14	0.02624	0.05875	0.04576	0.03941	0.01946	0.01296	0.01148	0.03212	0.12847	0.46656	0.06328	0.02487	0.01987	0.00896	0.00707	0.00221	0.00624	0.00731	0.00771	0.01128
15	0.01428	0.03683	0.71286	0.02030	0.03082	0.01654	0.02631	0.02255	0.01503	0.02255	0.01278	0.01503	0.00902	0.00677	0.00677	0.00226	0.01052	0.00526	0.00301	0.01052
16	0.02827	0.01130	0.01535	0.01205	0.01691	0.00984	0.00984	0.03113	0.02034	0.59571	0.14127	0.02910	0.02595	0.00978	0.00737	0.00221	0.00561	0.00812	0.00865	0.01121
17	0.01560	0.01910	0.12830	0.02361	0.02990	0.01566	0.40326	0.02140	0.03653	0.04406	0.02190	0.05579	0.07052	0.00895	0.00873	0.00247	0.03517	0.04557	0.00431	0.00918

[dist]
# distance from previous block
# <min> <max>
0	1

[block]
# block no. 3 follows, 29 sequences, length 7
# corresponding to MSA columns:
# 167-173
name=unknown_D
#
# <colnr> <probs for GDERKNQSTAVLIFYWHMCP>
#	G	D	E	R	K	N	Q	S	T	A	V	L	I	F	Y	W	H	M	C	P
0	0.01604	0.01353	0.01542	0.01150	0.01747	0.01150	0.00918	0.06765	0.10822	0.02563	0.01519	0.01654	0.01218	0.00610	0.00567	0.00132	0.00550	0.00489	0.00484	0.63163
1	0.01789	0.01218	0.01406	0.01242	0.01572	0.01268	0.00957	0.17510	0.15170	0.10717	0.09146	0.23483	0.03013	0.01323	0.00769	0.00237	0.00544	0.01137	0.03831	0.03666
2	0.09139	0.01564	0.06464	0.05072	0.14128	0.05818	0.04267	0.02276	0.10866	0.08676	0.09556	0.03182	0.10626	0.01016	0.00729	0.00230	0.00697	0.04223	0.00554	0.00917
3	0.01817	0.06448	0.01707	0.01298	0.01716	0.05679	0.01040	0.10507	0.13164	0.08320	0.04998	0.09036	0.06016	0.01015	0.00802	0.00205	0.06009	0.00801	0.00579	0.18845
4	0.09218	0.07806	0.35587	0.01923	0.02726	0.01835	0.11968	0.11298	0.06340	0.02661	0.01424	0.01614	0.01045	0.00703	0.00672	0.00222	0.00937	0.00585	0.00408	0.01029
5	0.01845	0.01469	0.06362	0.01223	0.01763	0.01210	0.01031	0.11466	0.06353	0.12056	0.01787	0.02155	0.01449	0.10784	0.01024	0.00234	0.00636	0.00610	0.00540	0.36003
6	0.02039	0.01528	0.01999	0.01559	0.02060	0.01541	0.10152	0.22772	0.12076	0.10424	0.04077	0.07080	0.01829	0.04192	0.00849	0.00232	0.00706	0.00796	0.00625	0.13464

[dist]
# distance from previous block
# <min> <max>
8	20

[block]
# block no. 4 follows, 29 sequences, length 51
# corresponding to MSA columns:
# 196-246
name=unknown_E
#
# <colnr> <probs for GDERKNQSTAVLIFYWHMCP>
#	G	D	E	R	K	N	Q	S	T	A	V	L	I	F	Y	W	H	M	C	P
0	0.01760	0.01355	0.03918	0.01176	0.01630	0.05496	0.00958	0.07196	0.01867	0.13531	0.17996	0.08637	0.02806	0.00989	0.00690	0.00185	0.00572	0.00830	0.00616	0.27791
1	0.01917	0.65661	0.08508	0.01316	0.01942	0.07118	0.01330	0.02186	0.01487	0.01721	0.01018	0.01177	0.00913	0.00622	0.00484	0.00160	0.00816	0.00396	0.00308	0.00918
2	0.06114	0.03710	0.06133	0.01334	0.01901	0.01302	0.01166	0.11858	0.02126	0.50056	0.05171	0.02296	0.01768	0.00871	0.00699	0.00218	0.00649	0.00693	0.00782	0.01152
3	0.10685	0.09389	0.04293	0.04111	0.02156	0.08785	0.08821	0.01973	0.01320	0.01962	0.01077	0.01541	0.00961	0.01118	0.04212	0.00292	0.35564	0.00582	0.00339	0.00819
4	0.60977	0.01419	0.03415	0.01040	0.01501	0.01515	0.00881	0.02335	0.05649	0.10828	0.03809	0.01556	0.01190	0.00734	0.00512	0.00222	0.00566	0.00486	0.00516	0.00849
5	0.01872	0.01634	0.01627	0.01506	0.04457	0.08667	0.01126	0.10348	0.39318	0.05304	0.05505	0.02986	0.10464	0.01036	0.00733	0.00230	0.00639	0.00846	0.00673	0.01028
6	0.02707	0.01995	0.02137	0.01638	0.02208	0.02208	0.01353	0.68159	0.03348	0.04488	0.01710	0.01710	0.01211	0.00855	0.00712	0.00214	0.00784	0.00641	0.00712	0.01211
7	0.00842	0.00721	0.00721	0.00721	0.00962	0.00601	0.00541	0.01022	0.01623	0.01924	0.07213	0.06853	0.70244	0.01803	0.00842	0.00240	0.00361	0.01503	0.00661	0.00601
8	0.00868	0.00620	0.00826	0.00991	0.01033	0.00578	0.00661	0.00991	0.01363	0.01818	0.03925	0.74510	0.04710	0.02231	0.00909	0.00289	0.00413	0.02024	0.00661	0.00578
9	0.02793	0.01696	0.12839	0.01433	0.02058	0.01289	0.01333	0.09309	0.05535	0.50328	0.02466	0.02222	0.01595	0.00850	0.00710	0.00222	0.00692	0.00683	0.00765	0.01182
10	0.01497	0.05695	0.58146	0.02378	0.13835	0.01698	0.02514	0.02240	0.01520	0.02248	0.01278	0.01533	0.00939	0.00668	0.00674	0.00221	0.01010	0.00539	0.00309	0.01060
11	0.02221	0.01701	0.01825	0.01516	0.01994	0.01911	0.01214	0.29748	0.39230	0.07052	0.02414	0.02263	0.01764	0.00917	0.00719	0.00229	0.00654	0.00734	0.00728	0.01165
12	0.80005	0.01377	0.01047	0.00936	0.01377	0.01597	0.00771	0.02093	0.01212	0.03195	0.00991	0.01157	0.00771	0.00661	0.00441	0.00220	0.00551	0.00386	0.00441	0.00771
13	0.01345	0.01266	0.02136	0.73264	0.04904	0.01582	0.01978	0.01819	0.01424	0.01819	0.01266	0.01898	0.00949	0.00712	0.00712	0.00237	0.00949	0.00633	0.00316	0.00791
14	0.01704	0.01471	0.01934	0.04649	0.22651	0.05871	0.01535	0.12530	0.04005	0.02559	0.02429	0.04333	0.02375	0.01237	0.00818	0.00260	0.00780	0.27397	0.00546	0.00917
15	0.01681	0.01921	0.04202	0.03001	0.03721	0.01801	0.67947	0.02281	0.01681	0.02281	0.01441	0.01921	0.01080	0.00600	0.00840	0.00240	0.01200	0.00840	0.00360	0.00960
16	0.00875	0.00723	0.00768	0.00757	0.00982	0.00615	0.00568	0.01087	0.01703	0.02113	0.19982	0.06542	0.57358	0.01733	0.00841	0.00237	0.00356	0.01459	0.00686	0.00615
17	0.01067	0.00767	0.01035	0.01072	0.01238	0.00734	0.00873	0.01399	0.01856	0.02549	0.42033	0.06468	0.05608	0.01672	0.00901	0.00268	0.00471	0.28593	0.00730	0.00665
18	0.00897	0.00638	0.00843	0.00986	0.01037	0.00600	0.00667	0.01033	0.01388	0.01857	0.07222	0.63725	0.04653	0.06795	0.01081	0.00313	0.00437	0.04599	0.00653	0.00577
19	0.01904	0.75404	0.03731	0.01218	0.01828	0.02818	0.01218	0.02132	0.01447	0.01675	0.00990	0.01142	0.00914	0.00609	0.00457	0.00152	0.00761	0.00381	0.00305	0.00914
20	0.03195	0.01212	0.01652	0.01267	0.01818	0.01047	0.01047	0.03470	0.02038	0.71026	0.02809	0.02424	0.01763	0.00881	0.00716	0.00220	0.00606	0.00716	0.00881	0.01212
21	0.01138	0.00778	0.00885	0.00846	0.00903	0.00784	0.00520	0.05321	0.01304	0.01762	0.10699	0.04556	0.03018	0.61096	0.03092	0.00602	0.00652	0.01042	0.00493	0.00511
22	0.02845	0.01773	0.02000	0.01533	0.02098	0.01879	0.01266	0.49830	0.02977	0.23340	0.02021	0.01912	0.01367	0.00862	0.00713	0.00216	0.00733	0.00662	0.00760	0.01211
23	0.01904	0.75404	0.03731	0.01218	0.01828	0.02818	0.01218	0.02132	0.01447	0.01675	0.00990	0.01142	0.00914	0.00609	0.00457	0.00152	0.00761	0.00381	0.00305	0.00914
24	0.80005	0.01377	0.01047	0.00936	0.01377	0.01597	0.00771	0.02093	0.01212	0.03195	0.00991	0.01157	0.00771	0.00661	0.00441	0.00220	0.00551	0.00386	0.00441	0.00771
25	0.02669	0.01976	0.02116	0.01631	0.02194	0.02190	0.01344	0.65543	0.06026	0.04426	0.01758	0.01748	0.01250	0.00859	0.00713	0.00215	0.00775	0.00648	0.00713	0.01208
26	0.02707	0.01995	0.02137	0.01638	0.02208	0.02208	0.01353	0.68159	0.03348	0.04488	0.01710	0.01710	0.01211	0.00855	0.00712	0.00214	0.00784	0.00641	0.00712	0.01211
27	0.01036	0.00690	0.00777	0.00777	0.00777	0.00690	0.00431	0.01036	0.01036	0.01381	0.02244	0.04660	0.02589	0.74975	0.03624	0.00690	0.00690	0.01036	0.00431	0.00431
28	0.00901	0.00724	0.00804	0.00784	0.00998	0.00626	0.00588	0.01137	0.01763	0.02257	0.29727	0.06304	0.47523	0.01679	0.00841	0.00235	0.00352	0.01426	0.00705	0.00626
29	0.01327	0.00664	0.00664	0.00664	0.00830	0.00664	0.00498	0.01659	0.01493	0.02655	0.02323	0.02655	0.01825	0.00830	0.00498	0.00166	0.00332	0.00664	0.78928	0.00664
30	0.00875	0.00625	0.00833	0.00987	0.01034	0.00583	0.00662	0.01010	0.01397	0.01871	0.07335	0.70947	0.04813	0.02191	0.00905	0.00286	0.00409	0.01986	0.00667	0.00583
31	0.01694	0.01884	0.03990	0.03222	0.14507	0.01783	0.57332	0.02265	0.01671	0.02288	0.01424	0.01895	0.01088	0.00606	0.00818	0.00235	0.01143	0.00807	0.00359	0.00987
32	0.01327	0.00664	0.00664	0.00664	0.00830	0.00664	0.00498	0.01659	0.01493	0.02655	0.02323	0.02655	0.01825	0.00830	0.00498	0.00166	0.00332	0.00664	0.78928	0.00664
33	0.80005	0.01377	0.01047	0.00936	0.01377	0.01597	0.00771	0.02093	0.01212	0.03195	0.00991	0.01157	0.00771	0.00661	0.00441	0.00220	0.00551	0.00386	0.00441	0.00771
34	0.80005	0.01377	0.01047	0.00936	0.01377	0.01597	0.00771	0.02093	0.01212	0.03195	0.00991	0.01157	0.00771	0.00661	0.00441	0.00220	0.00551	0.00386	0.00441	0.00771
35	0.00868	0.00620	0.00826	0.00991	0.01033	0.00578	0.00661	0.00991	0.01363	0.01818	0.03925	0.74510	0.04710	0.02231	0.00909	0.00289	0.00413	0.02024	0.00661	0.00578
36	0.01008	0.00728	0.00952	0.00896	0.01064	0.00672	0.00672	0.01344	0.02016	0.02855	0.70158	0.05319	0.06719	0.01456	0.00840	0.00224	0.00336	0.01288	0.00784	0.00672
37	0.02732	0.01955	0.02112	0.01619	0.02188	0.02149	0.01338	0.64866	0.03281	0.07875	0.01766	0.01746	0.01239	0.00856	0.00713	0.00214	0.00775	0.00645	0.00721	0.01211
38	0.02138	0.02438	0.01751	0.01654	0.04631	0.40588	0.01210	0.05954	0.12846	0.02174	0.04906	0.02567	0.12233	0.00968	0.00700	0.00206	0.00946	0.00725	0.00503	0.00865
39	0.01502	0.05384	0.05707	0.01791	0.01904	0.02009	0.03714	0.01707	0.01178	0.01769	0.01280	0.09068	0.01326	0.01264	0.01958	0.00294	0.56252	0.00757	0.00348	0.00785
40	0.01345	0.01266	0.02136	0.73264	0.04904	0.01582	0.01978	0.01819	0.01424	0.01819	0.01266	0.01898	0.00949	0.00712	0.00712	0.00237	0.00949	0.00633	0.00316	0.00791
41	0.01663	0.01591	0.02711	0.20728	0.54951	0.01666	0.02136	0.02098	0.01574	0.02206	0.01322	0.01795	0.01085	0.00653	0.00707	0.00218	0.00870	0.00634	0.00344	0.01048
42	0.01823	0.63232	0.15196	0.01356	0.02040	0.02620	0.01458	0.02153	0.01456	0.01774	0.01039	0.01204	0.00912	0.00621	0.00494	0.00165	0.00811	0.00405	0.00304	0.00937
43	0.01428	0.03683	0.71286	0.02030	0.03082	0.01654	0.02631	0.02255	0.01503	0.02255	0.01278	0.01503	0.00902	0.00677	0.00677	0.00226	0.01052	0.00526	0.00301	0.01052
44	0.01558	0.01558	0.02181	0.01869	0.01869	0.02181	0.01558	0.01714	0.01091	0.01714	0.00935	0.01558	0.00935	0.01246	0.02337	0.00312	0.73672	0.00623	0.00312	0.00779
45	0.01018	0.00758	0.01121	0.01121	0.01240	0.00877	0.00861	0.01257	0.01137	0.01636	0.01929	0.02915	0.01831	0.09747	0.67817	0.01116	0.01830	0.00780	0.00385	0.00623
46	0.03021	0.01359	0.01728	0.01339	0.01883	0.01282	0.01101	0.13919	0.06732	0.55761	0.02638	0.02324	0.01701	0.00883	0.00716	0.00221	0.00632	0.00710	0.00844	0.01206
47	0.01044	0.00775	0.01084	0.01072	0.01159	0.00886	0.00790	0.01224	0.01112	0.01580	0.01961	0.03262	0.01970	0.24395	0.50460	0.00986	0.04430	0.00833	0.00392	0.00585
48	0.01237	0.00618	0.00928	0.00928	0.00928	0.00618	0.00618	0.00928	0.00928	0.01237	0.01237	0.02165	0.01237	0.02474	0.02783	0.79283	0.00618	0.00618	0.00309	0.00309
49	0.01327	0.00664	0.00664	0.00664	0.00830	0.00664	0.00498	0.01659	0.01493	0.02655	0.02323	0.02655	0.01825	0.00830	0.00498	0.00166	0.00332	0.00664	0.78928	0.00664
50	0.11093	0.01118	0.01217	0.01030	0.01357	0.01180	0.03367	0.16661	0.01904	0.05984	0.02014	0.02227	0.01531	0.00808	0.00561	0.00188	0.00504	0.00635	0.45787	0.00833

[dist]
# distance from previous block
# <min> <max>
0	2

# created by:
# /st0/software/busco_prod/Augustus/scripts/msa2prfl.pl ./align_prep/151233.fa
