[name]
unknown

[dist]
# distance from previous block
# <min> <max>
0	24

[block]
# block no. 0 follows, 23 sequences, length 18
# corresponding to MSA columns:
# 24-41
name=unknown_A
#
# <colnr> <probs for GDERKNQSTAVLIFYWHMCP>
#	G	D	E	R	K	N	Q	S	T	A	V	L	I	F	Y	W	H	M	C	P
0	0.06169	0.01412	0.01779	0.01628	0.05598	0.01424	0.06137	0.12765	0.08061	0.05301	0.05664	0.07720	0.19861	0.04025	0.00983	0.00282	0.00682	0.03427	0.03823	0.03256
1	0.06405	0.25083	0.10557	0.01687	0.04433	0.02223	0.01538	0.10681	0.07686	0.16641	0.04220	0.02092	0.01651	0.00880	0.00702	0.00227	0.00826	0.00663	0.00618	0.01187
2	0.24396	0.07765	0.12107	0.01474	0.03939	0.01586	0.01344	0.02554	0.01853	0.16571	0.13616	0.02806	0.04831	0.01016	0.00721	0.00247	0.00710	0.00786	0.00647	0.01034
3	0.01905	0.03211	0.41192	0.02062	0.02987	0.01858	0.04118	0.15214	0.02182	0.03136	0.03564	0.02390	0.01557	0.00924	0.00796	0.00254	0.01035	0.04179	0.04072	0.03363
4	0.01213	0.00926	0.01308	0.01231	0.01450	0.00870	0.04494	0.01565	0.02056	0.02816	0.39272	0.06570	0.11263	0.07436	0.01249	0.00326	0.00552	0.13861	0.00790	0.00752
5	0.06479	0.01222	0.01473	0.01267	0.01701	0.01128	0.00980	0.02617	0.09024	0.21342	0.06317	0.19322	0.02957	0.01329	0.00806	0.00245	0.00579	0.01135	0.04341	0.15736
6	0.01106	0.00802	0.01033	0.01028	0.01186	0.00740	0.00745	0.01415	0.02076	0.02887	0.47706	0.19677	0.10054	0.04525	0.01094	0.00292	0.00418	0.01645	0.00841	0.00729
7	0.01228	0.00770	0.00921	0.00921	0.00921	0.00770	0.00536	0.01154	0.01154	0.01539	0.02317	0.04716	0.02628	0.57142	0.03930	0.16578	0.00770	0.01081	0.00463	0.00463
8	0.02227	0.01380	0.01639	0.01349	0.01861	0.01309	0.01069	0.03118	0.20032	0.21826	0.11962	0.03437	0.07408	0.01115	0.00804	0.00233	0.00595	0.00931	0.00810	0.16895
9	0.01871	0.35909	0.17446	0.01553	0.02175	0.05675	0.01584	0.02223	0.01583	0.01992	0.01504	0.02257	0.01438	0.15531	0.01421	0.00329	0.03539	0.00642	0.00380	0.00951
10	0.02018	0.01743	0.01835	0.01651	0.02110	0.02018	0.01284	0.04312	0.64956	0.03394	0.03303	0.03027	0.02477	0.01101	0.00826	0.00275	0.00642	0.00917	0.00826	0.01284
11	0.02691	0.05661	0.02406	0.16137	0.03137	0.47675	0.01703	0.06999	0.02236	0.02210	0.01335	0.01636	0.01075	0.00835	0.00746	0.00223	0.01325	0.00575	0.00430	0.00965
12	0.01280	0.15634	0.01676	0.01211	0.01433	0.01235	0.00955	0.01485	0.01646	0.02101	0.04076	0.41793	0.09671	0.02069	0.00934	0.00299	0.00589	0.10493	0.00668	0.00754
13	0.61509	0.01606	0.01327	0.01189	0.01682	0.01862	0.00963	0.02788	0.14659	0.03589	0.01584	0.01675	0.01213	0.00826	0.00570	0.00256	0.00631	0.00539	0.00570	0.00963
14	0.02357	0.01667	0.01845	0.01608	0.02102	0.01846	0.01265	0.04237	0.51874	0.16676	0.03281	0.02972	0.02379	0.01081	0.00824	0.00270	0.00652	0.00896	0.00863	0.01305
15	0.04489	0.01405	0.02048	0.35590	0.03609	0.01758	0.01721	0.04205	0.01625	0.02413	0.01618	0.02220	0.01289	0.00975	0.01150	0.00270	0.15838	0.00716	0.16176	0.00884
16	0.00988	0.00814	0.00872	0.00901	0.01140	0.00698	0.00674	0.01202	0.01833	0.02234	0.09969	0.15382	0.53269	0.02106	0.00976	0.00285	0.00434	0.04775	0.00759	0.00688
17	0.02966	0.01779	0.01795	0.01486	0.01974	0.15099	0.01177	0.03273	0.02312	0.39420	0.16577	0.03215	0.03047	0.01113	0.00829	0.00243	0.00784	0.00898	0.00857	0.01154

[dist]
# distance from previous block
# <min> <max>
0	2

[block]
# block no. 1 follows, 23 sequences, length 10
# corresponding to MSA columns:
# 44-53
name=unknown_B
#
# <colnr> <probs for GDERKNQSTAVLIFYWHMCP>
#	G	D	E	R	K	N	Q	S	T	A	V	L	I	F	Y	W	H	M	C	P
0	0.01464	0.00885	0.01150	0.01087	0.01321	0.00800	0.00812	0.01774	0.02115	0.12234	0.39624	0.18542	0.11493	0.01772	0.00952	0.00271	0.00448	0.01559	0.00870	0.00827
1	0.02230	0.01729	0.01883	0.01454	0.02052	0.01710	0.01179	0.32231	0.02765	0.03771	0.03029	0.03023	0.14098	0.01072	0.00775	0.00211	0.00707	0.00847	0.00698	0.24536
2	0.02158	0.01449	0.01765	0.04474	0.02109	0.01269	0.01116	0.10111	0.02061	0.15563	0.02208	0.10062	0.01866	0.00965	0.00731	0.00193	0.00662	0.00803	0.00652	0.39783
3	0.16901	0.30905	0.02805	0.01522	0.01959	0.09861	0.01326	0.02308	0.01584	0.02282	0.01423	0.07508	0.01393	0.01021	0.00992	0.00241	0.13952	0.00661	0.00423	0.00935
4	0.01389	0.01041	0.01086	0.01021	0.01319	0.01020	0.00779	0.07169	0.09542	0.02784	0.07662	0.08748	0.35394	0.01638	0.00856	0.00257	0.00476	0.01363	0.15622	0.00833
5	0.16861	0.01718	0.01779	0.01698	0.05130	0.01975	0.01263	0.03843	0.49338	0.03407	0.02787	0.02640	0.02104	0.01014	0.00761	0.00269	0.00655	0.00814	0.00741	0.01204
6	0.17836	0.01468	0.01730	0.01376	0.01936	0.01432	0.01128	0.10612	0.02314	0.40338	0.09209	0.02724	0.02300	0.01020	0.00768	0.00251	0.00670	0.00799	0.00870	0.01217
7	0.21159	0.15651	0.04494	0.07981	0.02382	0.05978	0.01354	0.05421	0.01929	0.23609	0.01883	0.01912	0.01332	0.00843	0.00673	0.00235	0.00820	0.00610	0.00623	0.01111
8	0.19648	0.31738	0.06013	0.01583	0.04017	0.02494	0.01414	0.08477	0.01826	0.07916	0.01397	0.01568	0.01123	0.00828	0.00776	0.00226	0.06869	0.00536	0.00483	0.01066
9	0.01146	0.00773	0.00895	0.00928	0.00936	0.00764	0.00538	0.01171	0.01246	0.01661	0.02893	0.16830	0.03374	0.59384	0.03587	0.00706	0.00731	0.01378	0.00538	0.00521

[dist]
# distance from previous block
# <min> <max>
1	17

[block]
# block no. 2 follows, 23 sequences, length 23
# corresponding to MSA columns:
# 73-95
name=unknown_C
#
# <colnr> <probs for GDERKNQSTAVLIFYWHMCP>
#	G	D	E	R	K	N	Q	S	T	A	V	L	I	F	Y	W	H	M	C	P
0	0.14358	0.01464	0.02223	0.57930	0.04907	0.01806	0.02020	0.02126	0.01582	0.02339	0.01389	0.02020	0.01047	0.00801	0.00759	0.00267	0.01005	0.00673	0.00385	0.00898
1	0.01745	0.11405	0.44332	0.02681	0.15787	0.01996	0.02613	0.02492	0.01758	0.02540	0.04288	0.01917	0.01374	0.00792	0.00757	0.00244	0.01078	0.00643	0.00379	0.01179
2	0.01214	0.00778	0.00988	0.01066	0.01142	0.00736	0.00699	0.01336	0.01527	0.05821	0.07434	0.42840	0.04558	0.23676	0.01973	0.00462	0.00576	0.01821	0.00696	0.00656
3	0.01627	0.04197	0.67279	0.02313	0.03512	0.01884	0.02998	0.02570	0.01713	0.02570	0.01456	0.01713	0.01028	0.00771	0.00771	0.00257	0.01199	0.00600	0.00343	0.01199
4	0.06241	0.01629	0.02480	0.34986	0.21713	0.01843	0.02044	0.06393	0.05983	0.02622	0.01948	0.02400	0.04553	0.00876	0.00799	0.00260	0.00946	0.00769	0.00461	0.01053
5	0.02164	0.01857	0.11515	0.04889	0.02436	0.01546	0.05532	0.03208	0.21182	0.19018	0.10610	0.03351	0.06831	0.01117	0.00848	0.00264	0.00758	0.00957	0.00754	0.01164
6	0.01775	0.01775	0.02485	0.02130	0.02130	0.02485	0.01775	0.01953	0.01243	0.01953	0.01065	0.01775	0.01065	0.01420	0.02663	0.00355	0.69998	0.00710	0.00355	0.00888
7	0.01788	0.01147	0.01463	0.01463	0.05299	0.01167	0.01005	0.09957	0.01941	0.11173	0.07973	0.22023	0.03407	0.15708	0.04582	0.00425	0.03102	0.01327	0.04173	0.00877
8	0.02672	0.12772	0.05675	0.05268	0.02569	0.20352	0.01575	0.24505	0.06436	0.05443	0.01924	0.02010	0.03450	0.00922	0.00751	0.00229	0.01031	0.00671	0.00597	0.01149
9	0.01540	0.00835	0.00847	0.00820	0.01027	0.00838	0.00613	0.04791	0.01787	0.03007	0.02938	0.03364	0.05862	0.04369	0.00772	0.00225	0.00424	0.00832	0.64339	0.00770
10	0.01137	0.00775	0.00925	0.00965	0.00985	0.00774	0.00583	0.01187	0.01269	0.01701	0.02943	0.19285	0.03409	0.52326	0.07714	0.00723	0.00811	0.01402	0.00544	0.00543
11	0.01806	0.01478	0.01717	0.01259	0.01926	0.01202	0.01003	0.08198	0.01857	0.02812	0.01491	0.01761	0.01233	0.00784	0.00791	0.05136	0.00637	0.00521	0.00506	0.63883
12	0.07167	0.10871	0.18917	0.02430	0.10907	0.12075	0.07993	0.08904	0.08072	0.02823	0.01619	0.01835	0.01249	0.00808	0.00750	0.00240	0.01065	0.00653	0.00472	0.01148
13	0.01402	0.00963	0.01140	0.01135	0.01336	0.00924	0.00813	0.08443	0.01914	0.06274	0.07048	0.35970	0.18270	0.08903	0.01281	0.00345	0.00546	0.01763	0.00754	0.00777
14	0.77215	0.01569	0.01193	0.01067	0.01569	0.01820	0.00879	0.02385	0.01381	0.03641	0.01130	0.01318	0.00879	0.00753	0.00502	0.00251	0.00628	0.00439	0.00502	0.00879
15	0.01761	0.05624	0.42234	0.02627	0.12046	0.06244	0.06993	0.02487	0.01771	0.02484	0.01694	0.07230	0.01423	0.00900	0.00799	0.00256	0.01128	0.00767	0.00393	0.01139
16	0.00961	0.00813	0.00831	0.00846	0.01102	0.00683	0.00627	0.01162	0.01826	0.02182	0.07924	0.12798	0.61295	0.02093	0.00965	0.00278	0.00416	0.01759	0.00753	0.00683
17	0.01919	0.02334	0.14705	0.14721	0.18611	0.01985	0.19465	0.07408	0.05687	0.02761	0.01670	0.02089	0.01268	0.00778	0.00844	0.00260	0.01114	0.00779	0.00444	0.01158
18	0.01475	0.00908	0.01151	0.01045	0.01315	0.00812	0.00799	0.01814	0.02216	0.12313	0.45947	0.05912	0.17884	0.01639	0.00937	0.00258	0.00433	0.01419	0.00883	0.00840
19	0.02209	0.10446	0.02492	0.01901	0.02179	0.18911	0.01556	0.09294	0.01856	0.02307	0.01359	0.01837	0.01213	0.01720	0.09906	0.00403	0.28370	0.00653	0.00432	0.00955
20	0.44178	0.01491	0.01570	0.05861	0.05264	0.01599	0.01134	0.02769	0.01728	0.21219	0.04838	0.02039	0.01552	0.00869	0.00647	0.00252	0.00681	0.00627	0.00647	0.01036
21	0.01020	0.00730	0.00970	0.01108	0.01184	0.00680	0.00756	0.01208	0.01699	0.02303	0.16521	0.58245	0.05815	0.02369	0.01020	0.00315	0.00454	0.02142	0.00781	0.00680
22	0.01325	0.00961	0.01315	0.01484	0.01677	0.00971	0.01280	0.01776	0.04762	0.02456	0.04259	0.11790	0.04602	0.02203	0.01103	0.00367	0.00729	0.55421	0.00751	0.00768

[dist]
# distance from previous block
# <min> <max>
0	6

[block]
# block no. 3 follows, 23 sequences, length 46
# corresponding to MSA columns:
# 102-124,126-148
name=unknown_D
#
# <colnr> <probs for GDERKNQSTAVLIFYWHMCP>
#	G	D	E	R	K	N	Q	S	T	A	V	L	I	F	Y	W	H	M	C	P
0	0.01135	0.00829	0.01066	0.01007	0.01204	0.00760	0.00755	0.01506	0.02266	0.03180	0.61948	0.06184	0.11748	0.01687	0.00957	0.00257	0.00385	0.01485	0.00883	0.00760
1	0.01867	0.02131	0.12046	0.13106	0.46799	0.01855	0.02457	0.02387	0.01766	0.02512	0.01500	0.02006	0.01227	0.00827	0.00896	0.03341	0.01002	0.00705	0.00386	0.01184
2	0.01607	0.01558	0.02750	0.57810	0.09701	0.01839	0.08940	0.02160	0.01670	0.02171	0.01470	0.02155	0.01112	0.00791	0.00827	0.00269	0.01105	0.00747	0.00369	0.00949
3	0.02111	0.02384	0.08154	0.08237	0.47654	0.12378	0.02371	0.02590	0.01895	0.02504	0.01473	0.01908	0.01215	0.00750	0.00790	0.00239	0.01069	0.00681	0.00397	0.01201
4	0.02973	0.02207	0.02376	0.01814	0.02469	0.02403	0.01496	0.58830	0.03646	0.04918	0.01908	0.01927	0.01366	0.00945	0.00795	0.00234	0.00870	0.00711	0.00785	0.07327
5	0.01599	0.01091	0.01507	0.06797	0.01820	0.01134	0.07527	0.06446	0.01768	0.02757	0.02342	0.03143	0.01984	0.11964	0.05928	0.00377	0.00767	0.00845	0.39393	0.00808
6	0.01139	0.00769	0.00897	0.00937	0.00947	0.00759	0.00548	0.01169	0.01260	0.01680	0.02966	0.19338	0.03466	0.56750	0.03469	0.00689	0.00719	0.01421	0.00548	0.00527
7	0.01159	0.00869	0.01304	0.01304	0.01449	0.01014	0.01014	0.01449	0.01304	0.01884	0.02173	0.03188	0.02029	0.06086	0.68268	0.01304	0.02173	0.00869	0.00435	0.00724
8	0.01672	0.01551	0.02061	0.10209	0.02350	0.04892	0.01549	0.04393	0.01480	0.02128	0.01537	0.02266	0.01393	0.02572	0.20373	0.00589	0.33488	0.00750	0.03887	0.00860
9	0.00989	0.00706	0.00942	0.01130	0.01177	0.00659	0.00753	0.01130	0.01554	0.02071	0.04472	0.70954	0.05367	0.02542	0.01036	0.00330	0.00471	0.02307	0.00753	0.00659
10	0.01993	0.01500	0.01745	0.01314	0.01947	0.01298	0.01054	0.11255	0.04363	0.08157	0.09129	0.02357	0.02077	0.00826	0.00698	0.00170	0.00627	0.00672	0.00630	0.48191
11	0.04922	0.26066	0.33140	0.01887	0.02760	0.09076	0.02123	0.04689	0.01808	0.02410	0.01425	0.03662	0.01173	0.00813	0.00684	0.00226	0.01062	0.00588	0.00387	0.01098
12	0.02868	0.02085	0.02259	0.01781	0.02372	0.02295	0.01452	0.51820	0.09135	0.07143	0.02289	0.06724	0.01772	0.01092	0.00828	0.00252	0.00834	0.00857	0.00816	0.01323
13	0.01162	0.00823	0.01085	0.01178	0.01298	0.00794	0.00889	0.01416	0.01782	0.02406	0.19836	0.24003	0.05336	0.13504	0.01549	0.00399	0.00588	0.20520	0.00744	0.00687
14	0.01736	0.01452	0.01677	0.01238	0.01906	0.01162	0.00986	0.06856	0.01852	0.02797	0.01863	0.05116	0.03716	0.00772	0.00650	0.00145	0.00611	0.00629	0.00529	0.64308
15	0.01018	0.00811	0.00923	0.00996	0.01203	0.00716	0.00752	0.01234	0.01782	0.02199	0.06744	0.22977	0.42506	0.02198	0.01001	0.00302	0.00475	0.10721	0.00752	0.00688
16	0.01987	0.01906	0.03254	0.07932	0.63640	0.01922	0.02479	0.02471	0.01837	0.02625	0.01522	0.02015	0.01276	0.00727	0.00804	0.00242	0.00969	0.00723	0.00400	0.01268
17	0.01558	0.01289	0.01751	0.01582	0.01729	0.01602	0.01261	0.08510	0.01556	0.02241	0.01847	0.02784	0.01737	0.08866	0.36626	0.00867	0.22080	0.00829	0.00457	0.00829
18	0.02375	0.01103	0.01446	0.01204	0.01616	0.00971	0.00951	0.02688	0.02214	0.34950	0.25433	0.04581	0.11350	0.04144	0.01012	0.00276	0.00556	0.01158	0.00917	0.01053
19	0.01180	0.00787	0.00885	0.00885	0.00885	0.00787	0.00492	0.01180	0.01180	0.01573	0.02557	0.05310	0.02950	0.71483	0.04130	0.00787	0.00787	0.01180	0.00492	0.00492
20	0.01775	0.01878	0.03668	0.12207	0.03807	0.01838	0.38648	0.02333	0.01779	0.02465	0.01675	0.05227	0.01384	0.00823	0.01000	0.00258	0.05681	0.00899	0.00426	0.12230
21	0.36815	0.12493	0.02208	0.04541	0.09380	0.02105	0.01361	0.02438	0.01532	0.07519	0.01328	0.01605	0.01070	0.00865	0.00912	0.00255	0.11558	0.00552	0.00474	0.00989
22	0.01641	0.04484	0.06994	0.01717	0.04613	0.08945	0.05355	0.06192	0.01948	0.02486	0.08129	0.19999	0.07239	0.06325	0.01139	0.00319	0.00819	0.10165	0.00626	0.00866
23	0.01791	0.02213	0.14206	0.13511	0.30469	0.01842	0.13925	0.02383	0.01810	0.02543	0.03888	0.04486	0.01563	0.00831	0.00841	0.00258	0.01061	0.00826	0.00416	0.01138
24	0.45297	0.06524	0.06846	0.01965	0.14727	0.01857	0.01389	0.02356	0.01590	0.03213	0.06373	0.01861	0.01520	0.00816	0.00620	0.00245	0.00735	0.00590	0.00490	0.00987
25	0.01990	0.07212	0.01967	0.01507	0.02022	0.01867	0.01216	0.11032	0.34066	0.03233	0.03155	0.03226	0.07869	0.01108	0.00789	0.00243	0.00669	0.03299	0.00723	0.12805
26	0.01426	0.00805	0.01245	0.10408	0.01676	0.00855	0.00916	0.01196	0.01134	0.01500	0.01414	0.02425	0.01365	0.02545	0.02849	0.65997	0.00756	0.00707	0.00353	0.00427
27	0.01332	0.00913	0.01031	0.01000	0.01064	0.00930	0.00614	0.06831	0.01458	0.01946	0.02705	0.11982	0.03065	0.57779	0.03501	0.00689	0.00763	0.01259	0.00548	0.00590
28	0.00981	0.00736	0.00910	0.01049	0.01156	0.00666	0.00718	0.01139	0.01631	0.02103	0.05452	0.54455	0.21234	0.02415	0.01016	0.00315	0.00455	0.02151	0.00753	0.00666
29	0.01722	0.01698	0.02401	0.04859	0.02226	0.02354	0.01742	0.01922	0.01263	0.01953	0.01158	0.01890	0.01133	0.01722	0.07180	0.00418	0.62400	0.00722	0.00361	0.00877
30	0.04936	0.01074	0.01320	0.01187	0.01520	0.01023	0.00926	0.02346	0.08289	0.17947	0.29737	0.09066	0.11819	0.01536	0.00904	0.00268	0.00514	0.03772	0.00866	0.00949
31	0.01712	0.08000	0.54267	0.02577	0.09926	0.01977	0.05364	0.02554	0.01731	0.02539	0.01451	0.01738	0.01064	0.00758	0.00767	0.00251	0.01162	0.00617	0.00352	0.01194
32	0.02886	0.01216	0.01629	0.01306	0.01808	0.01060	0.01056	0.03210	0.02288	0.47923	0.18406	0.03852	0.07244	0.01223	0.00858	0.00253	0.00600	0.01025	0.00963	0.01193
33	0.05065	0.01643	0.02419	0.24662	0.12945	0.01834	0.06361	0.13483	0.05902	0.02971	0.01822	0.02270	0.01411	0.01215	0.05510	0.00326	0.01018	0.00754	0.07332	0.01057
34	0.01941	0.01389	0.01907	0.01534	0.01978	0.01347	0.06704	0.04081	0.05993	0.12853	0.07536	0.09971	0.02488	0.03397	0.01108	0.00254	0.08500	0.00954	0.05228	0.20837
35	0.01253	0.00939	0.01266	0.01443	0.05701	0.00931	0.00954	0.05971	0.01834	0.02502	0.13376	0.45026	0.04847	0.02487	0.07072	0.00394	0.00676	0.01823	0.00727	0.00777
36	0.11313	0.02573	0.06235	0.02464	0.16038	0.21418	0.01687	0.11842	0.10087	0.02977	0.01722	0.02004	0.01383	0.03772	0.00886	0.00261	0.01027	0.00667	0.00532	0.01112
37	0.06891	0.15044	0.04868	0.09745	0.06887	0.08743	0.01454	0.11039	0.02051	0.04721	0.02256	0.02485	0.07173	0.01157	0.03519	0.00272	0.00914	0.00728	0.09046	0.01008
38	0.04610	0.01229	0.01465	0.01520	0.06065	0.01270	0.01049	0.16897	0.02185	0.03081	0.05664	0.33524	0.06433	0.01725	0.00885	0.00278	0.00600	0.01502	0.09113	0.00906
39	0.04873	0.12131	0.02713	0.01891	0.02401	0.14372	0.13359	0.08758	0.02053	0.06929	0.02174	0.02438	0.05893	0.01398	0.06933	0.00332	0.03593	0.00771	0.05983	0.01005
40	0.07202	0.06782	0.12698	0.12656	0.10799	0.01843	0.11158	0.04584	0.06408	0.02733	0.06596	0.04200	0.01844	0.00888	0.00788	0.00247	0.00939	0.00798	0.00489	0.06348
41	0.02002	0.01621	0.01906	0.01672	0.07089	0.01522	0.01216	0.18822	0.05194	0.03275	0.02366	0.07677	0.06012	0.00985	0.00743	0.00197	0.00688	0.00814	0.00620	0.35579
42	0.17282	0.04227	0.01497	0.03837	0.01734	0.05999	0.01004	0.11302	0.06457	0.03350	0.07101	0.02555	0.02054	0.00956	0.00657	0.00225	0.00642	0.00726	0.27455	0.00939
43	0.01614	0.01310	0.01395	0.01305	0.01584	0.05626	0.00971	0.13817	0.02201	0.02905	0.13551	0.32707	0.08943	0.01804	0.00922	0.00274	0.00612	0.01569	0.00745	0.06146
44	0.02539	0.02064	0.02677	0.02208	0.07682	0.02148	0.09623	0.37175	0.02919	0.04013	0.01747	0.01929	0.01308	0.00867	0.00869	0.00230	0.03765	0.00714	0.00648	0.14877
45	0.05596	0.02399	0.08400	0.04762	0.09000	0.15761	0.09186	0.06835	0.04431	0.02621	0.01671	0.02230	0.01393	0.00985	0.01115	0.00265	0.13197	0.03200	0.05928	0.01026

[dist]
# distance from previous block
# <min> <max>
18	170

[block]
# block no. 4 follows, 23 sequences, length 11
# corresponding to MSA columns:
# 349-359
name=unknown_E
#
# <colnr> <probs for GDERKNQSTAVLIFYWHMCP>
#	G	D	E	R	K	N	Q	S	T	A	V	L	I	F	Y	W	H	M	C	P
0	0.02070	0.01757	0.04846	0.10475	0.10743	0.01657	0.06042	0.15994	0.02164	0.05833	0.01780	0.04814	0.01455	0.01021	0.00974	0.06582	0.00858	0.00744	0.00543	0.19648
1	0.01829	0.01378	0.01933	0.07332	0.02318	0.01467	0.06871	0.07052	0.11788	0.09382	0.05633	0.13199	0.07023	0.01533	0.01054	0.00301	0.05328	0.12888	0.00709	0.00983
2	0.08863	0.07396	0.01989	0.01482	0.01929	0.05915	0.07001	0.02755	0.11875	0.13743	0.10634	0.03226	0.05539	0.04725	0.00942	0.00270	0.00726	0.00897	0.09083	0.01009
3	0.10299	0.09040	0.22586	0.02027	0.07696	0.01872	0.04454	0.09405	0.01895	0.02880	0.01911	0.10437	0.01705	0.01037	0.00823	0.00254	0.03574	0.00836	0.06210	0.01059
4	0.06199	0.16126	0.05442	0.01602	0.02115	0.07588	0.01384	0.18858	0.07537	0.05309	0.02293	0.07922	0.04787	0.01108	0.00869	0.00245	0.05400	0.00829	0.03302	0.01085
5	0.02042	0.01666	0.02313	0.07305	0.12944	0.01653	0.04367	0.06573	0.07151	0.08534	0.01772	0.02032	0.01384	0.00831	0.00939	0.00216	0.08182	0.00668	0.00540	0.28888
6	0.01928	0.05269	0.07590	0.12791	0.02745	0.06204	0.04077	0.12582	0.10241	0.02918	0.07041	0.02770	0.04705	0.01488	0.06946	0.00348	0.04048	0.00834	0.04447	0.01029
7	0.05460	0.03102	0.31157	0.02384	0.10307	0.09154	0.02239	0.08329	0.07266	0.07090	0.01723	0.01906	0.01273	0.00863	0.00859	0.00254	0.04297	0.00656	0.00492	0.01188
8	0.01756	0.05005	0.01826	0.12754	0.02379	0.01623	0.01292	0.12469	0.13930	0.02820	0.05108	0.04034	0.07629	0.11570	0.06214	0.00420	0.00883	0.06700	0.00634	0.00952
9	0.02353	0.01898	0.07763	0.01649	0.02161	0.01789	0.01405	0.34489	0.02819	0.08642	0.02773	0.23159	0.02619	0.01439	0.00877	0.00272	0.00776	0.01209	0.00766	0.01143
10	0.10791	0.02131	0.10074	0.01670	0.02308	0.01961	0.01489	0.29773	0.08686	0.07217	0.02157	0.07750	0.01736	0.01036	0.00774	0.00246	0.00806	0.00814	0.00696	0.07885

[dist]
# distance from previous block
# <min> <max>
5	12

[block]
# block no. 5 follows, 23 sequences, length 7
# corresponding to MSA columns:
# 372-378
name=unknown_F
#
# <colnr> <probs for GDERKNQSTAVLIFYWHMCP>
#	G	D	E	R	K	N	Q	S	T	A	V	L	I	F	Y	W	H	M	C	P
0	0.18957	0.01678	0.02518	0.26403	0.30637	0.01860	0.02042	0.02322	0.01664	0.02676	0.01407	0.01905	0.01122	0.00760	0.00738	0.00253	0.00928	0.00658	0.00410	0.01060
1	0.01828	0.01517	0.01603	0.01459	0.01747	0.09530	0.01144	0.14702	0.01992	0.02692	0.02065	0.02701	0.01778	0.03827	0.38693	0.00830	0.01628	0.00786	0.08587	0.00891
2	0.01441	0.01012	0.01164	0.01127	0.01251	0.01038	0.00751	0.11695	0.01741	0.02326	0.03056	0.25377	0.03445	0.37941	0.02599	0.00552	0.00705	0.01458	0.00628	0.00694
3	0.02290	0.01779	0.02049	0.01865	0.07164	0.01882	0.01364	0.31469	0.11650	0.03815	0.02521	0.15014	0.02255	0.01222	0.00830	0.00249	0.00749	0.01023	0.00731	0.10080
4	0.07581	0.02715	0.10052	0.01781	0.02405	0.22220	0.01548	0.18483	0.02476	0.07517	0.04507	0.01932	0.01501	0.00875	0.00740	0.00220	0.01012	0.00637	0.00585	0.11213
5	0.01390	0.01067	0.01299	0.01245	0.01405	0.01180	0.00930	0.05784	0.05135	0.02362	0.03614	0.18983	0.12588	0.11681	0.10201	0.00487	0.10017	0.01321	0.08539	0.00773
6	0.02851	0.11411	0.07528	0.01771	0.02376	0.22305	0.01527	0.17177	0.02506	0.16315	0.02161	0.02156	0.04497	0.00940	0.00756	0.00228	0.01023	0.00685	0.00633	0.01155

[dist]
# distance from previous block
# <min> <max>
11	62

[block]
# block no. 6 follows, 23 sequences, length 10
# corresponding to MSA columns:
# 449-458
name=unknown_G
#
# <colnr> <probs for GDERKNQSTAVLIFYWHMCP>
#	G	D	E	R	K	N	Q	S	T	A	V	L	I	F	Y	W	H	M	C	P
0	0.05051	0.01884	0.04903	0.01821	0.08183	0.05128	0.01364	0.09166	0.14098	0.07572	0.01961	0.02050	0.01500	0.00801	0.00711	0.00199	0.00753	0.00643	0.00602	0.31610
1	0.02101	0.02008	0.06284	0.06693	0.07066	0.01976	0.16435	0.19728	0.02330	0.03227	0.04536	0.05270	0.01702	0.00975	0.01027	0.00256	0.08020	0.00852	0.00555	0.08960
2	0.01278	0.00983	0.01010	0.01005	0.01075	0.05085	0.00636	0.01316	0.01347	0.01704	0.03124	0.07995	0.10231	0.46582	0.07450	0.06054	0.00854	0.01198	0.00516	0.00556
3	0.02305	0.01603	0.01975	0.01928	0.09629	0.01646	0.01378	0.13526	0.18775	0.14744	0.06314	0.03525	0.04918	0.01158	0.00843	0.00258	0.00716	0.06857	0.00771	0.07131
4	0.01973	0.01465	0.06174	0.01331	0.01826	0.01199	0.01108	0.04167	0.09190	0.15914	0.12065	0.07580	0.02950	0.09423	0.01187	0.00290	0.00655	0.00963	0.00708	0.19833
5	0.02145	0.01991	0.07000	0.09551	0.36242	0.01899	0.04331	0.09871	0.06118	0.07469	0.02032	0.02322	0.03635	0.00852	0.00816	0.00250	0.00937	0.00777	0.00525	0.01236
6	0.02266	0.01663	0.01901	0.06564	0.02362	0.01820	0.01327	0.06494	0.42789	0.13614	0.02952	0.02774	0.02156	0.01021	0.00806	0.00258	0.00690	0.00846	0.00794	0.06903
7	0.01823	0.01568	0.01926	0.01718	0.09592	0.01330	0.01198	0.05669	0.06453	0.02836	0.01616	0.01834	0.01315	0.00673	0.00653	0.00153	0.00663	0.00555	0.00515	0.57912
8	0.05329	0.01836	0.09997	0.06903	0.14082	0.01448	0.01607	0.04535	0.01839	0.10308	0.01910	0.07354	0.01603	0.00879	0.00736	0.00212	0.00786	0.00747	0.00537	0.27351
9	0.05628	0.01527	0.02452	0.34988	0.12015	0.01769	0.06755	0.02208	0.05693	0.02347	0.01901	0.10256	0.01703	0.01056	0.00971	0.00280	0.06114	0.00924	0.00453	0.00959

[dist]
# distance from previous block
# <min> <max>
8	52

[block]
# block no. 7 follows, 23 sequences, length 13
# corresponding to MSA columns:
# 516-528
name=unknown_H
#
# <colnr> <probs for GDERKNQSTAVLIFYWHMCP>
#	G	D	E	R	K	N	Q	S	T	A	V	L	I	F	Y	W	H	M	C	P
0	0.10530	0.02100	0.15766	0.13138	0.12707	0.01741	0.01943	0.04838	0.06413	0.07784	0.02195	0.02918	0.03584	0.01033	0.00878	0.00273	0.03680	0.06867	0.00532	0.01081
1	0.01156	0.00904	0.01079	0.01004	0.01283	0.00785	0.00771	0.01477	0.02052	0.02781	0.35678	0.06322	0.26168	0.01703	0.00926	0.00253	0.00439	0.04974	0.00791	0.09453
2	0.71819	0.01620	0.01283	0.01125	0.01638	0.01871	0.00927	0.06850	0.01558	0.03748	0.01189	0.01364	0.00915	0.00769	0.00525	0.00251	0.00647	0.00461	0.00525	0.00915
3	0.02267	0.02156	0.06768	0.06850	0.39103	0.05620	0.02169	0.11569	0.06333	0.06614	0.01776	0.02069	0.01380	0.00813	0.00801	0.00245	0.00964	0.00724	0.00518	0.01262
4	0.06048	0.01845	0.02441	0.39477	0.15264	0.09485	0.02024	0.06457	0.01859	0.02438	0.01495	0.02115	0.01194	0.03509	0.00911	0.00275	0.01056	0.00701	0.00418	0.00989
5	0.01004	0.00765	0.00923	0.01007	0.01155	0.00685	0.00708	0.01205	0.01772	0.02299	0.15430	0.39058	0.26591	0.02236	0.00997	0.00299	0.00436	0.01971	0.00775	0.00685
6	0.01167	0.00925	0.01066	0.01067	0.01290	0.00888	0.00784	0.01699	0.10726	0.02629	0.22819	0.21794	0.26265	0.01927	0.00958	0.00282	0.00450	0.01675	0.00803	0.00785
7	0.01681	0.01347	0.01884	0.01700	0.04516	0.01349	0.08286	0.15316	0.02377	0.03202	0.20237	0.12599	0.10708	0.01582	0.00951	0.00281	0.00696	0.09602	0.00749	0.00936
8	0.03641	0.01381	0.01883	0.01444	0.02071	0.01193	0.01193	0.03954	0.02322	0.66984	0.03201	0.02762	0.02009	0.01004	0.00816	0.00251	0.00690	0.00816	0.01004	0.01381
9	0.03058	0.01793	0.02066	0.01607	0.02174	0.01859	0.01300	0.35829	0.02995	0.26120	0.02452	0.02617	0.01778	0.09105	0.01195	0.00309	0.00811	0.00812	0.00842	0.01278
10	0.02431	0.05923	0.02654	0.05067	0.15234	0.27651	0.05204	0.09702	0.02157	0.02537	0.01497	0.01859	0.01236	0.01167	0.04884	0.00298	0.05920	0.00655	0.02875	0.01049
11	0.02838	0.07056	0.02536	0.02318	0.09832	0.40130	0.01648	0.16290	0.04922	0.02791	0.01507	0.01682	0.01200	0.00855	0.00749	0.00221	0.01217	0.00601	0.00513	0.01095
12	0.00993	0.00747	0.00901	0.01019	0.01132	0.00676	0.00694	0.01144	0.01619	0.02074	0.05490	0.47147	0.23802	0.07083	0.01223	0.00344	0.00474	0.02048	0.00736	0.00656

[dist]
# distance from previous block
# <min> <max>
17	48

# created by:
# /st0/software/busco_prod/Augustus/scripts/msa2prfl.pl ./align_prep/151290.fa
