[name]
unknown

[dist]
# distance from previous block
# <min> <max>
5	67

[block]
# block no. 0 follows, 29 sequences, length 17
# corresponding to MSA columns:
# 68-84
name=unknown_A
#
# <colnr> <probs for GDERKNQSTAVLIFYWHMCP>
#	G	D	E	R	K	N	Q	S	T	A	V	L	I	F	Y	W	H	M	C	P
0	0.01515	0.01145	0.01193	0.01156	0.03506	0.09323	0.00808	0.01724	0.01683	0.11229	0.21411	0.13775	0.08500	0.14821	0.01301	0.00309	0.00588	0.01124	0.00626	0.04266
1	0.01943	0.01326	0.01679	0.06019	0.01977	0.01263	0.03529	0.13206	0.01879	0.14132	0.01804	0.02082	0.01383	0.00772	0.00702	0.00180	0.03758	0.02685	0.10444	0.29237
2	0.07073	0.01301	0.01612	0.01355	0.01764	0.01321	0.03541	0.18395	0.05293	0.21770	0.08950	0.06690	0.02575	0.03269	0.00851	0.00255	0.00642	0.11650	0.00716	0.00976
3	0.00977	0.00797	0.01234	0.01196	0.01352	0.00737	0.08722	0.01186	0.01495	0.01993	0.10901	0.51918	0.10899	0.01912	0.00887	0.00272	0.00494	0.01754	0.00638	0.00636
4	0.01743	0.01964	0.03436	0.02748	0.08812	0.10184	0.44267	0.02208	0.01643	0.02140	0.01502	0.06368	0.01280	0.00780	0.00943	0.00240	0.07614	0.00832	0.00375	0.00918
5	0.00998	0.00691	0.00815	0.00838	0.00887	0.00670	0.00528	0.01081	0.01264	0.01687	0.11037	0.15268	0.08129	0.47722	0.02602	0.00531	0.00583	0.03634	0.00532	0.00502
6	0.01846	0.02059	0.06924	0.15211	0.35291	0.15091	0.04302	0.04233	0.01711	0.02182	0.01374	0.01891	0.01143	0.00719	0.00707	0.00216	0.00965	0.02779	0.00367	0.00989
7	0.01952	0.01526	0.01591	0.01502	0.06073	0.07962	0.01097	0.11374	0.25938	0.09704	0.09972	0.02739	0.04212	0.00962	0.00702	0.00217	0.00622	0.00788	0.10068	0.00998
8	0.01918	0.01234	0.01295	0.01081	0.01420	0.01325	0.00864	0.30150	0.02288	0.03440	0.02060	0.02250	0.01562	0.00840	0.00590	0.00186	0.00525	0.00654	0.45417	0.00898
9	0.07929	0.27404	0.09580	0.01319	0.01828	0.04846	0.01251	0.06619	0.01666	0.09816	0.05972	0.02266	0.01690	0.01379	0.09191	0.00313	0.00886	0.04673	0.00471	0.00902
10	0.00962	0.00733	0.00864	0.00899	0.01043	0.00668	0.00620	0.01166	0.03526	0.01913	0.08661	0.34565	0.21397	0.13223	0.01279	0.00321	0.00449	0.01547	0.00620	0.05542
11	0.01203	0.00833	0.00949	0.00922	0.00998	0.00851	0.00587	0.09079	0.01377	0.01839	0.02507	0.17926	0.02837	0.51900	0.02746	0.00555	0.00647	0.01181	0.00510	0.00554
12	0.67534	0.01410	0.01310	0.04185	0.09811	0.01608	0.00988	0.02093	0.01269	0.03037	0.01044	0.01258	0.00821	0.00660	0.00483	0.00220	0.00602	0.00425	0.00425	0.00815
13	0.01673	0.01439	0.01414	0.01256	0.01628	0.07152	0.00972	0.08824	0.29572	0.04960	0.03679	0.07948	0.19155	0.01195	0.00745	0.00227	0.00582	0.00986	0.00660	0.05934
14	0.08050	0.01693	0.01827	0.17610	0.04784	0.16008	0.05483	0.02202	0.06720	0.02223	0.01531	0.01876	0.01213	0.00785	0.00773	0.00212	0.06960	0.00602	0.16095	0.03353
15	0.01754	0.01282	0.01461	0.01253	0.01631	0.01294	0.01002	0.26746	0.02245	0.05307	0.05582	0.15988	0.11493	0.01337	0.00778	0.00231	0.00594	0.08805	0.00662	0.10555
16	0.02039	0.02060	0.02384	0.03143	0.40416	0.21771	0.01747	0.02366	0.01767	0.06539	0.04437	0.05105	0.01510	0.00786	0.00703	0.00208	0.00915	0.00680	0.00423	0.01002

[dist]
# distance from previous block
# <min> <max>
9	13

[block]
# block no. 1 follows, 29 sequences, length 9
# corresponding to MSA columns:
# 100-108
name=unknown_B
#
# <colnr> <probs for GDERKNQSTAVLIFYWHMCP>
#	G	D	E	R	K	N	Q	S	T	A	V	L	I	F	Y	W	H	M	C	P
0	0.01201	0.00848	0.01044	0.01131	0.05423	0.00841	0.00736	0.06179	0.01563	0.02185	0.12250	0.16605	0.07763	0.23995	0.01652	0.00376	0.00541	0.04534	0.10491	0.00644
1	0.01838	0.05737	0.04426	0.01652	0.02099	0.03141	0.14545	0.16671	0.06381	0.06482	0.07220	0.04396	0.01960	0.12075	0.01242	0.00292	0.04071	0.00810	0.00539	0.04426
2	0.01360	0.00963	0.01334	0.05524	0.08310	0.00965	0.01033	0.01798	0.08200	0.07855	0.22524	0.14005	0.06051	0.01491	0.00938	0.04666	0.00541	0.11018	0.00650	0.00773
3	0.01642	0.01511	0.02468	0.03587	0.52675	0.01526	0.01915	0.02147	0.05891	0.02329	0.01914	0.03047	0.01776	0.00916	0.00761	0.00236	0.00791	0.13397	0.00435	0.01035
4	0.01867	0.01497	0.01841	0.01390	0.01976	0.01396	0.06061	0.15177	0.12792	0.06372	0.01707	0.01794	0.01304	0.00685	0.00628	0.00165	0.00638	0.00573	0.00546	0.41591
5	0.01083	0.00761	0.00964	0.01023	0.01122	0.00748	0.00721	0.06141	0.01553	0.02090	0.11617	0.43121	0.04219	0.11352	0.01324	0.03884	0.00495	0.06535	0.00634	0.00613
6	0.01187	0.00830	0.01143	0.01224	0.06384	0.00777	0.00853	0.01507	0.01892	0.06450	0.47869	0.09769	0.07568	0.01478	0.00843	0.00239	0.00429	0.08101	0.00731	0.00726
7	0.01209	0.00793	0.00937	0.00886	0.01140	0.00695	0.00690	0.01456	0.01784	0.10903	0.23604	0.05972	0.38790	0.01605	0.00837	0.00241	0.00409	0.06625	0.00722	0.00702
8	0.01739	0.02869	0.39136	0.08040	0.05361	0.06487	0.12857	0.07605	0.01736	0.05449	0.01396	0.01655	0.01006	0.00693	0.00709	0.00224	0.01035	0.00602	0.00377	0.01023

[dist]
# distance from previous block
# <min> <max>
0	4

[block]
# block no. 2 follows, 29 sequences, length 64
# corresponding to MSA columns:
# 113-176
name=unknown_C
#
# <colnr> <probs for GDERKNQSTAVLIFYWHMCP>
#	G	D	E	R	K	N	Q	S	T	A	V	L	I	F	Y	W	H	M	C	P
0	0.09077	0.01413	0.01840	0.01608	0.07718	0.04289	0.03761	0.05227	0.01964	0.52011	0.02378	0.02175	0.01549	0.00825	0.00695	0.00219	0.00680	0.00674	0.00753	0.01143
1	0.01435	0.01358	0.02299	0.58390	0.19073	0.01606	0.02022	0.01898	0.01466	0.01929	0.01282	0.01869	0.00988	0.00695	0.00710	0.00232	0.00927	0.00633	0.00324	0.00864
2	0.20119	0.01416	0.01631	0.01291	0.01812	0.05851	0.03338	0.03083	0.01841	0.49068	0.02247	0.02051	0.01464	0.00813	0.00655	0.00219	0.00659	0.00630	0.00732	0.01080
3	0.02513	0.03138	0.01979	0.04585	0.02266	0.63590	0.01357	0.02718	0.01951	0.01792	0.01120	0.01324	0.00930	0.00716	0.00636	0.00179	0.01210	0.00463	0.00369	0.07166
4	0.02439	0.01551	0.01764	0.01450	0.01935	0.01657	0.01175	0.23570	0.26533	0.22801	0.02544	0.02543	0.01846	0.00953	0.00730	0.00231	0.00648	0.03712	0.00762	0.01156
5	0.01397	0.01319	0.02230	0.64689	0.13072	0.01596	0.02003	0.01865	0.01448	0.01882	0.01275	0.01881	0.00971	0.00702	0.00711	0.00234	0.00936	0.00633	0.00321	0.00833
6	0.01594	0.01391	0.01764	0.02024	0.18228	0.01506	0.01276	0.02846	0.38046	0.02759	0.15011	0.03089	0.05354	0.01008	0.00745	0.00231	0.00582	0.00879	0.00643	0.01024
7	0.01454	0.07603	0.67593	0.01985	0.03013	0.01717	0.02554	0.02248	0.01500	0.02223	0.01262	0.01484	0.00903	0.00673	0.00665	0.00222	0.01036	0.00518	0.00301	0.01045
8	0.02707	0.01995	0.02137	0.01638	0.02208	0.02208	0.01353	0.68159	0.03348	0.04488	0.01710	0.01710	0.01211	0.00855	0.00712	0.00214	0.00784	0.00641	0.00712	0.01211
9	0.02531	0.04614	0.01664	0.01185	0.01745	0.01082	0.00978	0.02819	0.01845	0.44541	0.05379	0.02220	0.01745	0.00791	0.00655	0.00184	0.00578	0.00641	0.00716	0.24089
10	0.01762	0.01692	0.02890	0.04371	0.70533	0.01692	0.02185	0.02185	0.01621	0.02326	0.01339	0.01762	0.01128	0.00634	0.00705	0.00211	0.00846	0.00634	0.00352	0.01128
11	0.01177	0.00969	0.01043	0.01002	0.01262	0.00972	0.00754	0.04656	0.19033	0.02355	0.09797	0.15832	0.35257	0.01589	0.00816	0.00246	0.00437	0.01351	0.00688	0.00764
12	0.01306	0.01223	0.02026	0.67617	0.04597	0.01506	0.01866	0.01757	0.01439	0.01827	0.01729	0.02284	0.06343	0.00797	0.00722	0.00238	0.00903	0.00701	0.00343	0.00776
13	0.02660	0.03394	0.02018	0.01834	0.02201	0.72116	0.01376	0.02843	0.02018	0.01743	0.01101	0.01284	0.00917	0.00734	0.00642	0.00183	0.01284	0.00459	0.00367	0.00825
14	0.01306	0.01223	0.02026	0.67617	0.04597	0.01506	0.01866	0.01757	0.01439	0.01827	0.01729	0.02284	0.06343	0.00797	0.00722	0.00238	0.00903	0.00701	0.00343	0.00776
15	0.01378	0.01300	0.02196	0.67735	0.10171	0.01591	0.01994	0.01849	0.01440	0.01860	0.01272	0.01888	0.00964	0.00706	0.00711	0.00235	0.00941	0.00633	0.00319	0.00818
16	0.01359	0.01059	0.01299	0.09517	0.01815	0.01105	0.01040	0.14048	0.04200	0.02463	0.03989	0.17009	0.20596	0.01578	0.00842	0.00263	0.00592	0.15829	0.00632	0.00765
17	0.01484	0.01480	0.02782	0.35593	0.03920	0.01587	0.26886	0.04955	0.01603	0.02117	0.01635	0.09606	0.01410	0.00837	0.00782	0.00243	0.00980	0.00860	0.00388	0.00852
18	0.01724	0.01652	0.02820	0.10767	0.64440	0.01682	0.02166	0.02151	0.01603	0.02279	0.01333	0.01775	0.01111	0.00642	0.00706	0.00214	0.00856	0.00634	0.00349	0.01097
19	0.01762	0.01692	0.02890	0.04371	0.70533	0.01692	0.02185	0.02185	0.01621	0.02326	0.01339	0.01762	0.01128	0.00634	0.00705	0.00211	0.00846	0.00634	0.00352	0.01128
20	0.01031	0.00710	0.00874	0.00874	0.00908	0.00743	0.00553	0.01098	0.01064	0.01453	0.02154	0.04166	0.02374	0.56518	0.21788	0.00811	0.01013	0.00963	0.00418	0.00486
21	0.02569	0.03203	0.01976	0.01795	0.02166	0.64917	0.01350	0.02940	0.08898	0.01869	0.01285	0.01425	0.01046	0.00758	0.00650	0.00189	0.01210	0.00494	0.00403	0.00856
22	0.80005	0.01377	0.01047	0.00936	0.01377	0.01597	0.00771	0.02093	0.01212	0.03195	0.00991	0.01157	0.00771	0.00661	0.00441	0.00220	0.00551	0.00386	0.00441	0.00771
23	0.01910	0.01596	0.01653	0.01463	0.01880	0.03815	0.01143	0.07261	0.60774	0.05972	0.02777	0.02555	0.02067	0.00950	0.00721	0.00237	0.00598	0.00782	0.00720	0.01127
24	0.01833	0.01406	0.02029	0.01468	0.02101	0.01170	0.13191	0.04741	0.01676	0.13228	0.01558	0.01716	0.01177	0.00609	0.00622	0.00152	0.00673	0.00553	0.00494	0.49602
25	0.01658	0.01826	0.12396	0.05737	0.07232	0.01691	0.01461	0.03215	0.47460	0.02714	0.02611	0.02534	0.04471	0.00915	0.00720	0.00237	0.00673	0.00767	0.00607	0.01077
26	0.01702	0.01621	0.02708	0.16738	0.48203	0.01734	0.04186	0.04603	0.01611	0.02265	0.01311	0.01774	0.01081	0.00705	0.00841	0.00225	0.06659	0.00640	0.00357	0.01036
27	0.01477	0.01266	0.01477	0.01055	0.01687	0.00949	0.00844	0.01793	0.01477	0.02320	0.01266	0.01477	0.01055	0.00527	0.00527	0.00105	0.00527	0.00422	0.00422	0.79328
28	0.01345	0.01266	0.02136	0.73264	0.04904	0.01582	0.01978	0.01819	0.01424	0.01819	0.01266	0.01898	0.00949	0.00712	0.00712	0.00237	0.00949	0.00633	0.00316	0.00791
29	0.00868	0.00620	0.00826	0.00991	0.01033	0.00578	0.00661	0.00991	0.01363	0.01818	0.03925	0.74510	0.04710	0.02231	0.00909	0.00289	0.00413	0.02024	0.00661	0.00578
30	0.02707	0.01995	0.02137	0.01638	0.02208	0.02208	0.01353	0.68159	0.03348	0.04488	0.01710	0.01710	0.01211	0.00855	0.00712	0.00214	0.00784	0.00641	0.00712	0.01211
31	0.01008	0.00728	0.00952	0.00896	0.01064	0.00672	0.00672	0.01344	0.02016	0.02855	0.70158	0.05319	0.06719	0.01456	0.00840	0.00224	0.00336	0.01288	0.00784	0.00672
32	0.01036	0.00690	0.00777	0.00777	0.00777	0.00690	0.00431	0.01036	0.01036	0.01381	0.02244	0.04660	0.02589	0.74975	0.03624	0.00690	0.00690	0.01036	0.00431	0.00431
33	0.01327	0.00664	0.00664	0.00664	0.00830	0.00664	0.00498	0.01659	0.01493	0.02655	0.02323	0.02655	0.01825	0.00830	0.00498	0.00166	0.00332	0.00664	0.78928	0.00664
34	0.02707	0.01995	0.02137	0.01638	0.02208	0.02208	0.01353	0.68159	0.03348	0.04488	0.01710	0.01710	0.01211	0.00855	0.00712	0.00214	0.00784	0.00641	0.00712	0.01211
35	0.06758	0.45547	0.17799	0.01396	0.02070	0.02313	0.01477	0.02358	0.06754	0.05787	0.01300	0.01409	0.01047	0.00670	0.00538	0.00183	0.00787	0.00464	0.00376	0.00968
36	0.01743	0.01672	0.02855	0.07548	0.67506	0.01687	0.02176	0.02168	0.01612	0.02303	0.01336	0.01769	0.01120	0.00638	0.00705	0.00213	0.00851	0.00634	0.00351	0.01112
37	0.01681	0.01921	0.04202	0.03001	0.03721	0.01801	0.67947	0.02281	0.01681	0.02281	0.01441	0.01921	0.01080	0.00600	0.00840	0.00240	0.01200	0.00840	0.00360	0.00960
38	0.00868	0.00620	0.00826	0.00991	0.01033	0.00578	0.00661	0.00991	0.01363	0.01818	0.03925	0.74510	0.04710	0.02231	0.00909	0.00289	0.00413	0.02024	0.00661	0.00578
39	0.01017	0.00763	0.01144	0.01144	0.01272	0.00890	0.00890	0.01272	0.01144	0.01653	0.01907	0.02797	0.01780	0.05340	0.72153	0.01144	0.01907	0.00763	0.00381	0.00636
40	0.03109	0.01193	0.01625	0.01252	0.01788	0.01032	0.01032	0.03387	0.02037	0.68349	0.05455	0.02537	0.01957	0.00904	0.00721	0.00220	0.00595	0.00739	0.00877	0.01191
41	0.01229	0.00924	0.01199	0.01305	0.01509	0.00956	0.01116	0.01809	0.12018	0.02252	0.03795	0.07152	0.06853	0.01806	0.00937	0.00311	0.00628	0.52809	0.00667	0.00726
42	0.00874	0.00625	0.00832	0.00987	0.01034	0.00583	0.00662	0.01008	0.01395	0.01868	0.07104	0.71189	0.04806	0.02194	0.00906	0.00286	0.00409	0.01989	0.00667	0.00583
43	0.01012	0.00821	0.03167	0.00922	0.01122	0.00699	0.00727	0.01355	0.01977	0.02784	0.64462	0.05284	0.10080	0.01450	0.00835	0.00225	0.00360	0.01276	0.00762	0.00680
44	0.01904	0.75404	0.03731	0.01218	0.01828	0.02818	0.01218	0.02132	0.01447	0.01675	0.00990	0.01142	0.00914	0.00609	0.00457	0.00152	0.00761	0.00381	0.00305	0.00914
45	0.01904	0.75404	0.03731	0.01218	0.01828	0.02818	0.01218	0.02132	0.01447	0.01675	0.00990	0.01142	0.00914	0.00609	0.00457	0.00152	0.00761	0.00381	0.00305	0.00914
46	0.01565	0.01638	0.03269	0.02779	0.14310	0.01591	0.41491	0.02027	0.01573	0.02171	0.04679	0.02379	0.01537	0.09426	0.03190	0.00315	0.03939	0.00838	0.00385	0.00898
47	0.02576	0.03226	0.02038	0.01932	0.05324	0.65504	0.01401	0.02858	0.05227	0.01829	0.01198	0.01372	0.00987	0.00740	0.00649	0.00188	0.01229	0.00483	0.00383	0.00854
48	0.01749	0.01705	0.02779	0.11678	0.61107	0.04134	0.02135	0.02169	0.01614	0.02252	0.01323	0.01760	0.01101	0.00646	0.00704	0.00213	0.00872	0.00628	0.00349	0.01081
49	0.01845	0.01751	0.02759	0.07832	0.59180	0.04137	0.02080	0.07429	0.01761	0.02450	0.01357	0.01749	0.01118	0.00660	0.00704	0.00212	0.00862	0.00629	0.00380	0.01106
50	0.01472	0.00886	0.00878	0.03919	0.01152	0.03642	0.00653	0.06104	0.01634	0.02703	0.02188	0.02505	0.01711	0.00822	0.00527	0.00173	0.00426	0.00653	0.67241	0.00712
51	0.00868	0.00620	0.00826	0.00991	0.01033	0.00578	0.00661	0.00991	0.01363	0.01818	0.03925	0.74510	0.04710	0.02231	0.00909	0.00289	0.00413	0.02024	0.00661	0.00578
52	0.01035	0.00693	0.00793	0.00793	0.00798	0.00699	0.00451	0.01046	0.01040	0.01392	0.02229	0.04579	0.02554	0.71959	0.06592	0.00710	0.00743	0.01024	0.00429	0.00440
53	0.01018	0.00760	0.01131	0.01131	0.01254	0.00883	0.00874	0.01263	0.01140	0.01643	0.01919	0.02864	0.01809	0.07840	0.69694	0.01128	0.01864	0.00773	0.00383	0.00628
54	0.69994	0.01358	0.01144	0.03807	0.01555	0.01547	0.00843	0.02206	0.01295	0.09253	0.01166	0.01300	0.00867	0.00683	0.00476	0.00221	0.00571	0.00425	0.00475	0.00812
55	0.02707	0.01995	0.02137	0.01638	0.02208	0.02208	0.01353	0.68159	0.03348	0.04488	0.01710	0.01710	0.01211	0.00855	0.00712	0.00214	0.00784	0.00641	0.00712	0.01211
56	0.01771	0.01530	0.01610	0.01449	0.01852	0.01771	0.01127	0.03784	0.69247	0.02979	0.02898	0.02657	0.02174	0.00966	0.00725	0.00242	0.00564	0.00805	0.00725	0.01127
57	0.00868	0.00620	0.00826	0.00991	0.01033	0.00578	0.00661	0.00991	0.01363	0.01818	0.03925	0.74510	0.04710	0.02231	0.00909	0.00289	0.00413	0.02024	0.00661	0.00578
58	0.01681	0.01921	0.04202	0.03001	0.03721	0.01801	0.67947	0.02281	0.01681	0.02281	0.01441	0.01921	0.01080	0.00600	0.00840	0.00240	0.01200	0.00840	0.00360	0.00960
59	0.01757	0.01707	0.02976	0.04281	0.66158	0.01699	0.06492	0.02192	0.01625	0.02323	0.01346	0.01773	0.01125	0.00632	0.00714	0.00213	0.00869	0.00648	0.00353	0.01117
60	0.02726	0.01963	0.02118	0.01624	0.02193	0.02162	0.01341	0.65591	0.03296	0.07129	0.01753	0.01738	0.01233	0.00856	0.00712	0.00214	0.00777	0.00644	0.00719	0.01211
61	0.00935	0.00751	0.00826	0.00847	0.01042	0.00679	0.00628	0.01202	0.04686	0.02004	0.10647	0.14863	0.44873	0.06957	0.01050	0.00283	0.00419	0.06031	0.00657	0.00620
62	0.01356	0.01282	0.02138	0.69361	0.04738	0.01615	0.01955	0.01814	0.01406	0.01814	0.01248	0.01880	0.00948	0.00741	0.00801	0.00241	0.04924	0.00632	0.00316	0.00790
63	0.37819	0.16698	0.02311	0.01564	0.05117	0.01902	0.12540	0.05242	0.04146	0.02710	0.01201	0.01408	0.00954	0.00655	0.00551	0.00206	0.00730	0.00504	0.00418	0.03323

[dist]
# distance from previous block
# <min> <max>
0	2

[block]
# block no. 3 follows, 29 sequences, length 7
# corresponding to MSA columns:
# 179-185
name=unknown_D
#
# <colnr> <probs for GDERKNQSTAVLIFYWHMCP>
#	G	D	E	R	K	N	Q	S	T	A	V	L	I	F	Y	W	H	M	C	P
0	0.02118	0.39773	0.05159	0.01438	0.01953	0.23621	0.01279	0.05508	0.05509	0.01969	0.01241	0.01385	0.01045	0.00692	0.00550	0.00173	0.00898	0.00460	0.04325	0.00905
1	0.01614	0.01405	0.01512	0.01156	0.01707	0.05353	0.00910	0.08592	0.01690	0.02458	0.01567	0.08792	0.01428	0.00744	0.00591	0.00140	0.00588	0.00607	0.00472	0.58675
2	0.01853	0.07271	0.01823	0.01262	0.01847	0.08249	0.01025	0.13717	0.04567	0.02624	0.01372	0.01521	0.01103	0.00629	0.00574	0.00141	0.00665	0.00476	0.00471	0.48811
3	0.01401	0.00808	0.00914	0.06807	0.01303	0.00848	0.00723	0.05790	0.01614	0.02659	0.02307	0.02944	0.01888	0.00908	0.00566	0.00187	0.00436	0.05628	0.61561	0.00708
4	0.02381	0.01929	0.01947	0.01586	0.02085	0.06812	0.01277	0.41536	0.25963	0.03781	0.02078	0.02007	0.01523	0.00885	0.00712	0.00221	0.00742	0.00685	0.00693	0.01156
5	0.01800	0.01415	0.01685	0.01732	0.10661	0.01545	0.01192	0.03215	0.45253	0.09351	0.08944	0.02927	0.05127	0.00993	0.00736	0.00234	0.00576	0.00846	0.00694	0.01073
6	0.01179	0.00828	0.00950	0.00912	0.01160	0.00748	0.00705	0.04817	0.01790	0.07668	0.16283	0.11563	0.40072	0.01673	0.00842	0.00246	0.00427	0.06741	0.00701	0.00695

[dist]
# distance from previous block
# <min> <max>
0	15

[block]
# block no. 4 follows, 29 sequences, length 31
# corresponding to MSA columns:
# 212-242
name=unknown_E
#
# <colnr> <probs for GDERKNQSTAVLIFYWHMCP>
#	G	D	E	R	K	N	Q	S	T	A	V	L	I	F	Y	W	H	M	C	P
0	0.01446	0.06301	0.68820	0.02000	0.03036	0.01696	0.02579	0.02251	0.01501	0.02234	0.01267	0.01490	0.00902	0.00674	0.00668	0.00223	0.01042	0.00521	0.00301	0.01047
1	0.03093	0.01189	0.01620	0.01250	0.01783	0.01029	0.01029	0.03371	0.02037	0.67852	0.05945	0.02558	0.01993	0.00908	0.00722	0.00220	0.00593	0.00743	0.00877	0.01187
2	0.03195	0.01212	0.01652	0.01267	0.01818	0.01047	0.01047	0.03470	0.02038	0.71026	0.02809	0.02424	0.01763	0.00881	0.00716	0.00220	0.00606	0.00716	0.00881	0.01212
3	0.01618	0.02382	0.25900	0.06172	0.32356	0.01696	0.15113	0.02212	0.01585	0.02273	0.01336	0.01713	0.01036	0.00645	0.00722	0.00223	0.00988	0.00638	0.00335	0.01056
4	0.01438	0.01196	0.01933	0.57785	0.04128	0.01456	0.01733	0.01866	0.01451	0.05733	0.01523	0.04341	0.01196	0.00800	0.00755	0.00234	0.03358	0.00685	0.07594	0.00795
5	0.00995	0.00718	0.00940	0.00905	0.01061	0.00663	0.00671	0.01311	0.01956	0.02760	0.64061	0.11688	0.06534	0.01527	0.00846	0.00230	0.00343	0.01356	0.00773	0.00663
6	0.80005	0.01377	0.01047	0.00936	0.01377	0.01597	0.00771	0.02093	0.01212	0.03195	0.00991	0.01157	0.00771	0.00661	0.00441	0.00220	0.00551	0.00386	0.00441	0.00771
7	0.01428	0.03683	0.71286	0.02030	0.03082	0.01654	0.02631	0.02255	0.01503	0.02255	0.01278	0.01503	0.00902	0.00677	0.00677	0.00226	0.01052	0.00526	0.00301	0.01052
8	0.01642	0.03010	0.49707	0.04567	0.14176	0.01610	0.04497	0.02336	0.01572	0.08199	0.01425	0.01651	0.01021	0.00686	0.00691	0.00224	0.00981	0.00574	0.00362	0.01068
9	0.00866	0.00624	0.00821	0.00979	0.01030	0.00579	0.00656	0.00993	0.01375	0.01823	0.04075	0.71420	0.07703	0.02211	0.00906	0.00287	0.00411	0.02000	0.00661	0.00579
10	0.00944	0.00725	0.00863	0.00829	0.01024	0.00645	0.00621	0.01220	0.01864	0.02496	0.45885	0.05910	0.31216	0.01590	0.00841	0.00230	0.00345	0.01371	0.00737	0.00645
11	0.01743	0.01746	0.03199	0.04048	0.54793	0.01718	0.17678	0.02208	0.01635	0.02316	0.01363	0.01800	0.01117	0.00626	0.00737	0.00218	0.00929	0.00683	0.00354	0.01088
12	0.02587	0.01197	0.01536	0.01244	0.01707	0.01126	0.01004	0.03201	0.14758	0.47595	0.13248	0.02916	0.02607	0.00986	0.00737	0.00225	0.00556	0.00821	0.00837	0.01112
13	0.01629	0.00885	0.00930	0.00837	0.01082	0.00907	0.00651	0.11309	0.01790	0.06712	0.02262	0.02506	0.01733	0.00836	0.00541	0.00176	0.00412	0.00663	0.63365	0.00773
14	0.03951	0.03431	0.01163	0.01010	0.01253	0.08528	0.00779	0.03629	0.01850	0.02414	0.32628	0.04868	0.26373	0.01413	0.00843	0.00226	0.03128	0.01166	0.00652	0.00697
15	0.01995	0.68707	0.03559	0.01252	0.01846	0.06253	0.01219	0.02223	0.01500	0.04531	0.01070	0.01202	0.00949	0.00627	0.00477	0.00157	0.00782	0.00398	0.00331	0.00922
16	0.00918	0.00695	0.00984	0.01088	0.01150	0.00675	0.02895	0.01059	0.01364	0.01829	0.03738	0.69570	0.04458	0.02143	0.00957	0.00288	0.03013	0.01936	0.00639	0.00598
17	0.05963	0.08845	0.02323	0.06111	0.12148	0.46599	0.03824	0.02578	0.01831	0.01912	0.01142	0.01392	0.00948	0.00700	0.00637	0.00192	0.01122	0.00497	0.00360	0.00877
18	0.00858	0.00722	0.00744	0.00738	0.00972	0.00608	0.00554	0.01053	0.01661	0.02014	0.13314	0.06704	0.64088	0.01770	0.00841	0.00239	0.00358	0.01482	0.00673	0.00608
19	0.04760	0.12773	0.06077	0.01844	0.06249	0.41395	0.01436	0.02543	0.04524	0.01890	0.01202	0.01440	0.01013	0.00941	0.03695	0.00236	0.06249	0.00498	0.00368	0.00868
20	0.01416	0.03561	0.68291	0.01999	0.03013	0.01618	0.02568	0.02222	0.01509	0.02250	0.01384	0.01782	0.01038	0.00732	0.00690	0.00230	0.01035	0.03310	0.00316	0.01035
21	0.00848	0.00718	0.00732	0.00737	0.00968	0.00603	0.00549	0.01031	0.01626	0.01949	0.09061	0.09247	0.65894	0.01808	0.00844	0.00242	0.00362	0.01515	0.00665	0.00603
22	0.02707	0.01995	0.02137	0.01638	0.02208	0.02208	0.01353	0.68159	0.03348	0.04488	0.01710	0.01710	0.01211	0.00855	0.00712	0.00214	0.00784	0.00641	0.00712	0.01211
23	0.02390	0.01709	0.01873	0.01489	0.01969	0.01882	0.01212	0.49144	0.07769	0.06980	0.01911	0.02039	0.01428	0.03276	0.07286	0.00311	0.00836	0.00679	0.04713	0.01103
24	0.01017	0.00763	0.01144	0.01144	0.01272	0.00890	0.00890	0.01272	0.01144	0.01653	0.01907	0.02797	0.01780	0.05340	0.72153	0.01144	0.01907	0.00763	0.00381	0.00636
25	0.01904	0.75404	0.03731	0.01218	0.01828	0.02818	0.01218	0.02132	0.01447	0.01675	0.00990	0.01142	0.00914	0.00609	0.00457	0.00152	0.00761	0.00381	0.00305	0.00914
26	0.01342	0.01159	0.01875	0.60388	0.04182	0.01419	0.01715	0.01791	0.01436	0.01967	0.01453	0.02033	0.01105	0.00733	0.00674	0.00225	0.00840	0.00638	0.14258	0.00768
27	0.02660	0.03394	0.02018	0.01834	0.02201	0.72116	0.01376	0.02843	0.02018	0.01743	0.01101	0.01284	0.00917	0.00734	0.00642	0.00183	0.01284	0.00459	0.00367	0.00825
28	0.76646	0.01347	0.01030	0.00925	0.01354	0.01558	0.00759	0.02075	0.01224	0.03172	0.01048	0.01221	0.00816	0.00668	0.00443	0.00218	0.00541	0.00397	0.03792	0.00767
29	0.01425	0.01165	0.01109	0.01040	0.01169	0.09263	0.00701	0.09519	0.01484	0.01898	0.02177	0.09876	0.02344	0.44837	0.06046	0.00543	0.00797	0.00980	0.03023	0.00604
30	0.04502	0.01296	0.01736	0.04452	0.06752	0.01245	0.01162	0.07826	0.01952	0.39904	0.08177	0.02382	0.01937	0.00889	0.00800	0.00215	0.05059	0.00710	0.00711	0.08293

[dist]
# distance from previous block
# <min> <max>
0	1

[block]
# block no. 5 follows, 29 sequences, length 19
# corresponding to MSA columns:
# 244-262
name=unknown_F
#
# <colnr> <probs for GDERKNQSTAVLIFYWHMCP>
#	G	D	E	R	K	N	Q	S	T	A	V	L	I	F	Y	W	H	M	C	P
0	0.01398	0.01279	0.01992	0.54351	0.04043	0.01562	0.01743	0.01929	0.05835	0.01958	0.01395	0.01929	0.01077	0.00769	0.00831	0.00232	0.07159	0.00632	0.04175	0.05710
1	0.73207	0.01577	0.07123	0.01031	0.01525	0.01602	0.00932	0.02107	0.01237	0.03114	0.01016	0.01187	0.00782	0.00662	0.00461	0.00221	0.00594	0.00398	0.00429	0.00795
2	0.01612	0.07941	0.60991	0.01912	0.02893	0.01673	0.02404	0.02353	0.01547	0.08224	0.01394	0.01561	0.00978	0.00690	0.00666	0.00220	0.00995	0.00534	0.00352	0.01058
3	0.01452	0.01375	0.02329	0.55626	0.21707	0.01610	0.02031	0.01913	0.01474	0.01949	0.01285	0.01864	0.00995	0.00692	0.00710	0.00231	0.00923	0.00633	0.00326	0.00877
4	0.01048	0.00762	0.01022	0.01154	0.01302	0.00737	0.00951	0.01318	0.01605	0.02089	0.08333	0.21244	0.11806	0.01970	0.00943	0.00304	0.00553	0.41557	0.00665	0.00635
5	0.01718	0.02164	0.11387	0.03033	0.13518	0.05624	0.47198	0.02295	0.01671	0.02255	0.01389	0.01816	0.01059	0.00621	0.00791	0.00231	0.01136	0.00754	0.00353	0.00988
6	0.03195	0.01212	0.01652	0.01267	0.01818	0.01047	0.01047	0.03470	0.02038	0.71026	0.02809	0.02424	0.01763	0.00881	0.00716	0.00220	0.00606	0.00716	0.00881	0.01212
7	0.01036	0.00690	0.00777	0.00777	0.00777	0.00690	0.00431	0.01036	0.01036	0.01381	0.02244	0.04660	0.02589	0.74975	0.03624	0.00690	0.00690	0.01036	0.00431	0.00431
8	0.01428	0.03683	0.71286	0.02030	0.03082	0.01654	0.02631	0.02255	0.01503	0.02255	0.01278	0.01503	0.00902	0.00677	0.00677	0.00226	0.01052	0.00526	0.00301	0.01052
9	0.00914	0.00769	0.00800	0.00790	0.01028	0.00679	0.00592	0.01220	0.05837	0.02066	0.12291	0.08534	0.58524	0.01735	0.00836	0.00241	0.00373	0.01457	0.00676	0.00639
10	0.02983	0.01184	0.01588	0.01225	0.01760	0.01015	0.01007	0.03254	0.01991	0.64117	0.03023	0.02662	0.05977	0.00925	0.00717	0.00217	0.00588	0.00754	0.00850	0.04164
11	0.00852	0.00711	0.00744	0.00758	0.00974	0.00602	0.00560	0.01034	0.01615	0.01958	0.09932	0.13871	0.60282	0.01831	0.00849	0.00245	0.00365	0.01547	0.00667	0.00602
12	0.02743	0.01872	0.02094	0.01682	0.04563	0.02024	0.01339	0.56563	0.03099	0.13944	0.01854	0.01814	0.01287	0.00851	0.00713	0.00215	0.00760	0.00652	0.00724	0.01208
13	0.01747	0.01961	0.09993	0.28627	0.03574	0.07376	0.14996	0.11877	0.01785	0.02338	0.01324	0.01752	0.01005	0.00759	0.00880	0.00236	0.07819	0.00649	0.00386	0.00917
14	0.01400	0.01320	0.01856	0.01636	0.01667	0.01791	0.01337	0.01571	0.01100	0.01681	0.01239	0.02024	0.01227	0.06267	0.19081	0.00531	0.52531	0.00679	0.00335	0.00726
15	0.80005	0.01377	0.01047	0.00936	0.01377	0.01597	0.00771	0.02093	0.01212	0.03195	0.00991	0.01157	0.00771	0.00661	0.00441	0.00220	0.00551	0.00386	0.00441	0.00771
16	0.01025	0.00686	0.00780	0.00790	0.00793	0.00683	0.00446	0.01033	0.01057	0.01409	0.02352	0.09168	0.02726	0.70280	0.03449	0.00664	0.00672	0.01099	0.00446	0.00441
17	0.00885	0.00632	0.00846	0.01011	0.01060	0.00593	0.00691	0.01022	0.01381	0.01837	0.03915	0.70364	0.04671	0.02214	0.00914	0.00292	0.00428	0.05999	0.00661	0.00583
18	0.01471	0.01260	0.01626	0.05697	0.01921	0.01088	0.05358	0.04299	0.04545	0.02268	0.01556	0.03828	0.01389	0.09917	0.00972	0.00211	0.00627	0.00605	0.00443	0.50919

[dist]
# distance from previous block
# <min> <max>
0	5

# created by:
# /st0/software/busco_prod/Augustus/scripts/msa2prfl.pl ./align_prep/151383.fa
