[name]
unknown

[dist]
# distance from previous block
# <min> <max>
8	57

[block]
# block no. 0 follows, 29 sequences, length 11
# corresponding to MSA columns:
# 60-70
name=unknown_A
#
# <colnr> <probs for GDERKNQSTAVLIFYWHMCP>
#	G	D	E	R	K	N	Q	S	T	A	V	L	I	F	Y	W	H	M	C	P
0	0.00931	0.00686	0.00828	0.00907	0.01040	0.00612	0.00631	0.01094	0.01441	0.01933	0.04438	0.48842	0.19950	0.01927	0.00841	0.00258	0.00402	0.01707	0.06262	0.05271
1	0.01266	0.01232	0.04740	0.05745	0.15299	0.01236	0.05478	0.01523	0.01375	0.01916	0.02403	0.31717	0.02653	0.07132	0.01280	0.00300	0.12227	0.01240	0.00475	0.00763
2	0.09024	0.01634	0.02821	0.14622	0.42462	0.01684	0.13132	0.02135	0.01562	0.02321	0.01312	0.01754	0.01058	0.00643	0.00704	0.00221	0.00894	0.00646	0.00356	0.01013
3	0.02599	0.01941	0.02076	0.01616	0.02167	0.02158	0.01327	0.60724	0.10959	0.04313	0.01847	0.01819	0.01322	0.00868	0.00714	0.00217	0.00758	0.00660	0.00714	0.01201
4	0.02146	0.02146	0.02573	0.04773	0.15586	0.20540	0.13661	0.08970	0.04764	0.07246	0.01454	0.01725	0.01134	0.00781	0.00902	0.00224	0.09317	0.00638	0.00441	0.00980
5	0.01036	0.00690	0.00777	0.00777	0.00777	0.00690	0.00431	0.01036	0.01036	0.01381	0.02244	0.04660	0.02589	0.74975	0.03624	0.00690	0.00690	0.01036	0.00431	0.00431
6	0.00878	0.00624	0.00823	0.00978	0.01017	0.00585	0.00647	0.00994	0.01343	0.01791	0.03820	0.70178	0.04578	0.06743	0.01077	0.00314	0.00430	0.01963	0.00647	0.00569
7	0.74660	0.01369	0.01076	0.00944	0.01398	0.01553	0.00776	0.02073	0.01230	0.03135	0.01010	0.01179	0.00790	0.00652	0.00447	0.00213	0.00549	0.00388	0.00439	0.06118
8	0.06332	0.01839	0.03514	0.14268	0.06981	0.04997	0.46970	0.02216	0.01624	0.02238	0.01365	0.01835	0.01036	0.00630	0.00780	0.00234	0.01108	0.00752	0.00358	0.00924
9	0.07898	0.06176	0.04106	0.01589	0.02055	0.24647	0.01289	0.19066	0.20768	0.02875	0.01738	0.01757	0.01325	0.00814	0.00659	0.00209	0.00875	0.00592	0.00550	0.01011
10	0.01681	0.05171	0.02027	0.10744	0.02258	0.12856	0.04479	0.05676	0.01619	0.02110	0.09073	0.05546	0.01883	0.01046	0.01185	0.00238	0.22072	0.02701	0.00434	0.07198

[dist]
# distance from previous block
# <min> <max>
16	22

[block]
# block no. 1 follows, 29 sequences, length 42
# corresponding to MSA columns:
# 94-135
name=unknown_B
#
# <colnr> <probs for GDERKNQSTAVLIFYWHMCP>
#	G	D	E	R	K	N	Q	S	T	A	V	L	I	F	Y	W	H	M	C	P
0	0.01223	0.00962	0.01189	0.01247	0.05865	0.00951	0.00848	0.06449	0.08368	0.02368	0.16207	0.22671	0.13978	0.06276	0.03929	0.00305	0.00546	0.01295	0.00636	0.04688
1	0.03922	0.01611	0.02211	0.14158	0.19372	0.07893	0.09040	0.02373	0.13842	0.04777	0.03995	0.02599	0.09353	0.00876	0.00731	0.00226	0.00807	0.00784	0.00483	0.00947
2	0.01693	0.01226	0.01409	0.01124	0.01610	0.01102	0.00880	0.02363	0.17300	0.12044	0.02529	0.02641	0.08515	0.05781	0.00838	0.00206	0.00541	0.00703	0.00582	0.36913
3	0.01505	0.01047	0.01157	0.01089	0.01356	0.01133	0.00865	0.08736	0.18791	0.02734	0.02817	0.03532	0.05486	0.01415	0.06073	0.00290	0.00601	0.09908	0.30635	0.00829
4	0.09806	0.01266	0.01625	0.01257	0.01800	0.01153	0.01038	0.06643	0.02033	0.61780	0.02596	0.02278	0.01649	0.00861	0.00692	0.00220	0.00610	0.00684	0.00835	0.01174
5	0.01852	0.01662	0.02813	0.04177	0.66237	0.01652	0.02114	0.02266	0.01647	0.06621	0.01431	0.01804	0.01168	0.00650	0.00706	0.00212	0.00831	0.00640	0.00386	0.01133
6	0.01019	0.00683	0.00782	0.00798	0.00802	0.00679	0.00454	0.01031	0.01068	0.01424	0.02409	0.11534	0.02797	0.67817	0.03357	0.00651	0.00663	0.01133	0.00454	0.00446
7	0.02288	0.38970	0.02873	0.01519	0.02017	0.34081	0.01297	0.05974	0.01806	0.01856	0.01078	0.01237	0.00931	0.00679	0.00554	0.00170	0.00999	0.00430	0.00354	0.00890
8	0.00896	0.00662	0.00849	0.00969	0.01059	0.00599	0.00659	0.01035	0.01394	0.01853	0.04100	0.64395	0.10722	0.02104	0.00883	0.00275	0.00414	0.01893	0.00649	0.04588
9	0.01408	0.00908	0.01151	0.01081	0.01241	0.00950	0.00785	0.11000	0.01532	0.06352	0.04356	0.15544	0.02455	0.18074	0.18374	0.11678	0.00914	0.01016	0.00523	0.00657
10	0.01503	0.03162	0.51432	0.02317	0.03271	0.01697	0.21961	0.02263	0.01556	0.02263	0.01326	0.01627	0.00955	0.00654	0.00725	0.00230	0.01096	0.00619	0.00318	0.01025
11	0.00958	0.00772	0.00826	0.00806	0.01030	0.00685	0.00600	0.04093	0.01719	0.02145	0.15446	0.10557	0.51698	0.04326	0.00938	0.00256	0.00391	0.01450	0.00673	0.00631
12	0.00936	0.00666	0.00892	0.01048	0.01113	0.00635	0.00752	0.01096	0.01404	0.01861	0.03802	0.56702	0.04467	0.06053	0.01069	0.00319	0.00479	0.15471	0.00648	0.00587
13	0.80005	0.01377	0.01047	0.00936	0.01377	0.01597	0.00771	0.02093	0.01212	0.03195	0.00991	0.01157	0.00771	0.00661	0.00441	0.00220	0.00551	0.00386	0.00441	0.00771
14	0.80005	0.01377	0.01047	0.00936	0.01377	0.01597	0.00771	0.02093	0.01212	0.03195	0.00991	0.01157	0.00771	0.00661	0.00441	0.00220	0.00551	0.00386	0.00441	0.00771
15	0.01345	0.01266	0.02136	0.73264	0.04904	0.01582	0.01978	0.01819	0.01424	0.01819	0.01266	0.01898	0.00949	0.00712	0.00712	0.00237	0.00949	0.00633	0.00316	0.00791
16	0.80005	0.01377	0.01047	0.00936	0.01377	0.01597	0.00771	0.02093	0.01212	0.03195	0.00991	0.01157	0.00771	0.00661	0.00441	0.00220	0.00551	0.00386	0.00441	0.00771
17	0.00868	0.00620	0.00826	0.00991	0.01033	0.00578	0.00661	0.00991	0.01363	0.01818	0.03925	0.74510	0.04710	0.02231	0.00909	0.00289	0.00413	0.02024	0.00661	0.00578
18	0.01292	0.00660	0.00676	0.00689	0.00845	0.00657	0.00510	0.01608	0.01483	0.02591	0.02445	0.08118	0.02044	0.00936	0.00529	0.00175	0.00338	0.00767	0.72978	0.00657
19	0.02589	0.03259	0.02087	0.02035	0.07598	0.66555	0.01440	0.02791	0.01987	0.01789	0.01120	0.01322	0.00934	0.00726	0.00647	0.00186	0.01250	0.00472	0.00366	0.00849
20	0.80005	0.01377	0.01047	0.00936	0.01377	0.01597	0.00771	0.02093	0.01212	0.03195	0.00991	0.01157	0.00771	0.00661	0.00441	0.00220	0.00551	0.00386	0.00441	0.00771
21	0.01428	0.03683	0.71286	0.02030	0.03082	0.01654	0.02631	0.02255	0.01503	0.02255	0.01278	0.01503	0.00902	0.00677	0.00677	0.00226	0.01052	0.00526	0.00301	0.01052
22	0.01623	0.02602	0.35676	0.09974	0.21339	0.01641	0.08929	0.02256	0.01572	0.05688	0.01386	0.01701	0.01029	0.00671	0.00706	0.00224	0.00979	0.00607	0.00351	0.01045
23	0.80005	0.01377	0.01047	0.00936	0.01377	0.01597	0.00771	0.02093	0.01212	0.03195	0.00991	0.01157	0.00771	0.00661	0.00441	0.00220	0.00551	0.00386	0.00441	0.00771
24	0.00870	0.00678	0.00790	0.00855	0.01003	0.00599	0.00606	0.01042	0.01552	0.01973	0.12217	0.35697	0.35681	0.01951	0.00870	0.00260	0.00381	0.01704	0.00674	0.00599
25	0.01423	0.02508	0.34782	0.02244	0.05961	0.01514	0.22741	0.02040	0.01553	0.02195	0.01962	0.11071	0.04930	0.00902	0.00767	0.00238	0.00975	0.00867	0.00385	0.00945
26	0.01617	0.01892	0.10838	0.03309	0.33891	0.01618	0.23814	0.02129	0.01645	0.02322	0.06049	0.04450	0.01580	0.00736	0.00762	0.00226	0.00938	0.00780	0.00388	0.01015
27	0.01428	0.03683	0.71286	0.02030	0.03082	0.01654	0.02631	0.02255	0.01503	0.02255	0.01278	0.01503	0.00902	0.00677	0.00677	0.00226	0.01052	0.00526	0.00301	0.01052
28	0.00868	0.00620	0.00826	0.00991	0.01033	0.00578	0.00661	0.00991	0.01363	0.01818	0.03925	0.74510	0.04710	0.02231	0.00909	0.00289	0.00413	0.02024	0.00661	0.00578
29	0.01824	0.01825	0.02833	0.03848	0.54792	0.06984	0.07347	0.02364	0.06809	0.02329	0.01448	0.01807	0.01188	0.00664	0.00713	0.00214	0.00886	0.00651	0.00383	0.01092
30	0.01518	0.01442	0.02448	0.44747	0.32069	0.01627	0.02064	0.01971	0.01506	0.02029	0.01296	0.01842	0.01023	0.00680	0.00709	0.00227	0.00906	0.00633	0.00331	0.00930
31	0.02211	0.08901	0.10280	0.01759	0.02314	0.28650	0.06479	0.14008	0.07463	0.02464	0.01402	0.01547	0.01092	0.00728	0.00654	0.00193	0.00995	0.00545	0.00447	0.07870
32	0.01087	0.00803	0.00955	0.00886	0.01120	0.00728	0.00672	0.01455	0.05248	0.04952	0.41574	0.05434	0.26557	0.01488	0.00819	0.00226	0.00372	0.01280	0.00731	0.03611
33	0.16172	0.09558	0.23754	0.01609	0.02313	0.01829	0.04934	0.17009	0.04158	0.07252	0.01452	0.01567	0.01060	0.00720	0.00627	0.00211	0.00816	0.00545	0.00477	0.03937
34	0.01786	0.13592	0.33265	0.01815	0.04501	0.07254	0.05374	0.04771	0.05067	0.07390	0.01522	0.01848	0.01196	0.06570	0.00890	0.00248	0.00932	0.00592	0.00402	0.00984
35	0.04179	0.17509	0.24134	0.04429	0.02606	0.06218	0.10852	0.04753	0.01657	0.09232	0.01392	0.01577	0.01039	0.00673	0.00640	0.00200	0.00913	0.00551	0.00402	0.07044
36	0.01908	0.07803	0.13570	0.01899	0.04987	0.01716	0.15094	0.13369	0.09175	0.07344	0.01639	0.01786	0.01222	0.00702	0.00681	0.00200	0.00831	0.00627	0.00490	0.14959
37	0.04832	0.04575	0.08331	0.02073	0.12341	0.01741	0.10044	0.24968	0.02199	0.03104	0.05741	0.01875	0.01448	0.00745	0.00685	0.00200	0.00793	0.00644	0.00513	0.13148
38	0.02014	0.01596	0.01950	0.01771	0.09131	0.06998	0.06794	0.11600	0.12929	0.12826	0.07228	0.02508	0.06100	0.00877	0.00709	0.00205	0.00706	0.00749	0.00603	0.12706
39	0.05191	0.01566	0.04450	0.01478	0.02038	0.01464	0.06413	0.19274	0.07515	0.25158	0.06019	0.02182	0.01727	0.00829	0.00696	0.00207	0.00682	0.00688	0.00680	0.11743
40	0.05745	0.08593	0.09898	0.01953	0.13025	0.09694	0.03317	0.13498	0.04010	0.04954	0.06553	0.01865	0.01516	0.00751	0.00651	0.00194	0.00797	0.00602	0.00481	0.11902
41	0.13905	0.08165	0.01826	0.01374	0.03867	0.01518	0.03494	0.13706	0.06844	0.13684	0.05676	0.08558	0.01867	0.00912	0.00653	0.00206	0.00625	0.00741	0.00596	0.11782

[dist]
# distance from previous block
# <min> <max>
3	22

[block]
# block no. 2 follows, 29 sequences, length 44
# corresponding to MSA columns:
# 158-201
name=unknown_C
#
# <colnr> <probs for GDERKNQSTAVLIFYWHMCP>
#	G	D	E	R	K	N	Q	S	T	A	V	L	I	F	Y	W	H	M	C	P
0	0.02057	0.12657	0.25349	0.01721	0.02443	0.01815	0.06668	0.12131	0.10695	0.14840	0.01796	0.01828	0.01280	0.00761	0.00676	0.00216	0.00841	0.00616	0.00524	0.01087
1	0.05552	0.07107	0.12617	0.01961	0.11817	0.09998	0.04148	0.10257	0.09268	0.08820	0.02175	0.02377	0.06964	0.00875	0.00694	0.00218	0.00818	0.02819	0.00514	0.01002
2	0.02165	0.01915	0.01959	0.01889	0.10396	0.17153	0.03449	0.19240	0.06249	0.08211	0.01990	0.10908	0.01749	0.00984	0.00721	0.00215	0.00820	0.02904	0.00566	0.06517
3	0.04425	0.01648	0.12139	0.04509	0.05098	0.01384	0.01322	0.12531	0.12334	0.11898	0.02545	0.17570	0.04270	0.01136	0.00739	0.00235	0.00666	0.00963	0.00609	0.03978
4	0.01925	0.01521	0.06823	0.01307	0.01751	0.03437	0.01102	0.11806	0.19056	0.15484	0.07735	0.05241	0.10332	0.04929	0.00886	0.00249	0.00622	0.00884	0.00676	0.04234
5	0.16930	0.07469	0.13912	0.01327	0.03785	0.01426	0.01201	0.08819	0.01604	0.05329	0.02100	0.04975	0.07091	0.11300	0.01052	0.00279	0.00693	0.02886	0.00479	0.07344
6	0.08145	0.05138	0.13066	0.01907	0.11684	0.06773	0.01516	0.24558	0.04370	0.03082	0.06816	0.02209	0.05940	0.00869	0.00686	0.00214	0.00785	0.00685	0.00535	0.01019
7	0.01275	0.04004	0.04266	0.00963	0.01232	0.00831	0.00783	0.01561	0.01807	0.10152	0.37322	0.07227	0.18003	0.06251	0.00988	0.00257	0.00447	0.01202	0.00701	0.00727
8	0.01715	0.01289	0.01665	0.01222	0.01804	0.01048	0.05568	0.04483	0.01629	0.10915	0.03796	0.01905	0.01406	0.03987	0.00730	0.00164	0.00595	0.00552	0.00498	0.55029
9	0.01420	0.06115	0.65677	0.01954	0.02944	0.01647	0.02491	0.02193	0.01495	0.02214	0.01387	0.04793	0.01075	0.00744	0.00679	0.00226	0.01013	0.00589	0.00317	0.01026
10	0.02030	0.59214	0.06955	0.01344	0.01942	0.11783	0.01306	0.02286	0.01549	0.04507	0.01093	0.01231	0.00948	0.00640	0.00503	0.00163	0.00839	0.00412	0.00336	0.00921
11	0.53017	0.01319	0.01259	0.01053	0.01532	0.01404	0.00868	0.02577	0.01502	0.27028	0.01630	0.01602	0.01120	0.00738	0.00537	0.00220	0.00570	0.00502	0.00595	0.00926
12	0.01036	0.00690	0.00777	0.00777	0.00777	0.00690	0.00431	0.01036	0.01036	0.01381	0.02244	0.04660	0.02589	0.74975	0.03624	0.00690	0.00690	0.01036	0.00431	0.00431
13	0.04059	0.20291	0.53321	0.01806	0.02735	0.01923	0.02243	0.02221	0.01481	0.02150	0.01202	0.01408	0.00901	0.00660	0.00618	0.00208	0.00969	0.00488	0.00306	0.01011
14	0.01762	0.01692	0.02890	0.04371	0.70533	0.01692	0.02185	0.02185	0.01621	0.02326	0.01339	0.01762	0.01128	0.00634	0.00705	0.00211	0.00846	0.00634	0.00352	0.01128
15	0.01428	0.03683	0.71286	0.02030	0.03082	0.01654	0.02631	0.02255	0.01503	0.02255	0.01278	0.01503	0.00902	0.00677	0.00677	0.00226	0.01052	0.00526	0.00301	0.01052
16	0.00982	0.00702	0.00958	0.01123	0.01214	0.00677	0.00860	0.01190	0.01476	0.01946	0.03861	0.47253	0.04459	0.02123	0.00939	0.00305	0.00513	0.28149	0.00659	0.00610
17	0.01177	0.00843	0.01151	0.01290	0.01456	0.00846	0.01104	0.03932	0.01674	0.02186	0.03709	0.14824	0.04054	0.01953	0.00965	0.00319	0.00635	0.56555	0.00658	0.00668
18	0.80005	0.01377	0.01047	0.00936	0.01377	0.01597	0.00771	0.02093	0.01212	0.03195	0.00991	0.01157	0.00771	0.00661	0.00441	0.00220	0.00551	0.00386	0.00441	0.00771
19	0.00890	0.00629	0.00820	0.00962	0.00998	0.00593	0.00630	0.00997	0.01319	0.01759	0.03698	0.65076	0.04423	0.12057	0.01276	0.00343	0.00451	0.01891	0.00630	0.00559
20	0.01721	0.01477	0.01567	0.01413	0.01800	0.01699	0.01097	0.03623	0.64825	0.02971	0.07322	0.02832	0.02473	0.00998	0.00732	0.00240	0.00549	0.00837	0.00728	0.01097
21	0.80005	0.01377	0.01047	0.00936	0.01377	0.01597	0.00771	0.02093	0.01212	0.03195	0.00991	0.01157	0.00771	0.00661	0.00441	0.00220	0.00551	0.00386	0.00441	0.00771
22	0.80005	0.01377	0.01047	0.00936	0.01377	0.01597	0.00771	0.02093	0.01212	0.03195	0.00991	0.01157	0.00771	0.00661	0.00441	0.00220	0.00551	0.00386	0.00441	0.00771
23	0.01036	0.00690	0.00777	0.00777	0.00777	0.00690	0.00431	0.01036	0.01036	0.01381	0.02244	0.04660	0.02589	0.74975	0.03624	0.00690	0.00690	0.01036	0.00431	0.00431
24	0.01477	0.01266	0.01477	0.01055	0.01687	0.00949	0.00844	0.01793	0.01477	0.02320	0.01266	0.01477	0.01055	0.00527	0.00527	0.00105	0.00527	0.00422	0.00422	0.79328
25	0.80005	0.01377	0.01047	0.00936	0.01377	0.01597	0.00771	0.02093	0.01212	0.03195	0.00991	0.01157	0.00771	0.00661	0.00441	0.00220	0.00551	0.00386	0.00441	0.00771
26	0.80005	0.01377	0.01047	0.00936	0.01377	0.01597	0.00771	0.02093	0.01212	0.03195	0.00991	0.01157	0.00771	0.00661	0.00441	0.00220	0.00551	0.00386	0.00441	0.00771
27	0.01428	0.03683	0.71286	0.02030	0.03082	0.01654	0.02631	0.02255	0.01503	0.02255	0.01278	0.01503	0.00902	0.00677	0.00677	0.00226	0.01052	0.00526	0.00301	0.01052
28	0.01763	0.01679	0.02788	0.04137	0.65043	0.01698	0.02101	0.02313	0.07027	0.02378	0.01464	0.01834	0.01212	0.00661	0.00707	0.00214	0.00823	0.00648	0.00382	0.01128
29	0.80005	0.01377	0.01047	0.00936	0.01377	0.01597	0.00771	0.02093	0.01212	0.03195	0.00991	0.01157	0.00771	0.00661	0.00441	0.00220	0.00551	0.00386	0.00441	0.00771
30	0.00868	0.00620	0.00826	0.00991	0.01033	0.00578	0.00661	0.00991	0.01363	0.01818	0.03925	0.74510	0.04710	0.02231	0.00909	0.00289	0.00413	0.02024	0.00661	0.00578
31	0.01596	0.01587	0.02911	0.15086	0.35024	0.01603	0.19233	0.02058	0.01605	0.02202	0.01747	0.02424	0.04134	0.00769	0.00764	0.00232	0.00924	0.04743	0.00380	0.00977
32	0.01782	0.04170	0.05549	0.03506	0.48606	0.01762	0.04119	0.04592	0.13966	0.02488	0.01624	0.01897	0.01303	0.00702	0.00704	0.00217	0.00810	0.00660	0.00428	0.01115
33	0.01036	0.00690	0.00777	0.00777	0.00777	0.00690	0.00431	0.01036	0.01036	0.01381	0.02244	0.04660	0.02589	0.74975	0.03624	0.00690	0.00690	0.01036	0.00431	0.00431
34	0.00849	0.00722	0.00732	0.00729	0.00966	0.00604	0.00547	0.01037	0.01641	0.01966	0.10093	0.06783	0.67339	0.01787	0.00841	0.00240	0.00360	0.01493	0.00667	0.00604
35	0.01569	0.03388	0.60872	0.02053	0.03042	0.01660	0.07255	0.04833	0.01609	0.05204	0.01370	0.01580	0.00963	0.00686	0.00691	0.00226	0.01034	0.00561	0.00345	0.01058
36	0.01586	0.02586	0.33309	0.06010	0.29182	0.01685	0.11007	0.02214	0.01569	0.02268	0.01322	0.01674	0.01014	0.00652	0.00710	0.00223	0.00988	0.00613	0.00329	0.01059
37	0.02660	0.03394	0.02018	0.01834	0.02201	0.72116	0.01376	0.02843	0.02018	0.01743	0.01101	0.01284	0.00917	0.00734	0.00642	0.00183	0.01284	0.00459	0.00367	0.00825
38	0.01477	0.01266	0.01477	0.01055	0.01687	0.00949	0.00844	0.01793	0.01477	0.02320	0.01266	0.01477	0.01055	0.00527	0.00527	0.00105	0.00527	0.00422	0.00422	0.79328
39	0.01445	0.01232	0.01443	0.01051	0.01653	0.00930	0.00834	0.01751	0.01471	0.02294	0.01405	0.05295	0.01246	0.00616	0.00547	0.00115	0.00521	0.00506	0.00434	0.75211
40	0.01484	0.01290	0.01576	0.01126	0.01762	0.00980	0.03302	0.01811	0.01484	0.02319	0.01272	0.01493	0.01056	0.00530	0.00539	0.00110	0.00552	0.00437	0.00420	0.76457
41	0.01778	0.01509	0.02339	0.05770	0.41908	0.01414	0.01685	0.02159	0.01605	0.07910	0.01435	0.01736	0.01151	0.00626	0.00653	0.00182	0.00735	0.00578	0.00415	0.24412
42	0.01618	0.01500	0.02361	0.06437	0.45037	0.01425	0.01729	0.01999	0.01559	0.02275	0.01451	0.05494	0.01287	0.00692	0.00667	0.00188	0.00741	0.00649	0.00386	0.22507
43	0.05702	0.03840	0.02055	0.01754	0.08669	0.01448	0.10672	0.02452	0.20501	0.02563	0.06730	0.02149	0.01770	0.00748	0.00661	0.00189	0.00660	0.00669	0.00514	0.26254

[dist]
# distance from previous block
# <min> <max>
7	14

[block]
# block no. 3 follows, 29 sequences, length 88
# corresponding to MSA columns:
# 216-303
name=unknown_D
#
# <colnr> <probs for GDERKNQSTAVLIFYWHMCP>
#	G	D	E	R	K	N	Q	S	T	A	V	L	I	F	Y	W	H	M	C	P
0	0.03780	0.00916	0.01407	0.01368	0.04738	0.00865	0.09342	0.01384	0.01645	0.02283	0.23306	0.28278	0.11277	0.01605	0.00851	0.00255	0.00524	0.04847	0.00636	0.00694
1	0.02368	0.01456	0.01691	0.01361	0.01828	0.01496	0.01096	0.27814	0.10129	0.22463	0.09694	0.07604	0.02314	0.01024	0.00735	0.00221	0.00623	0.00840	0.00752	0.04492
2	0.01813	0.01275	0.01449	0.03911	0.01718	0.03554	0.01018	0.17257	0.13211	0.11495	0.02915	0.31632	0.02849	0.01429	0.00793	0.00250	0.00595	0.01236	0.00690	0.00911
3	0.01787	0.10316	0.03920	0.01311	0.01718	0.01635	0.01093	0.22554	0.15011	0.03140	0.20573	0.08607	0.03121	0.01114	0.00733	0.00221	0.00597	0.00923	0.00668	0.00958
4	0.04528	0.01955	0.13348	0.09243	0.52472	0.01674	0.02187	0.02164	0.01573	0.02307	0.01311	0.01711	0.01066	0.00648	0.00691	0.00216	0.00875	0.00609	0.00345	0.01077
5	0.01762	0.01692	0.02890	0.04371	0.70533	0.01692	0.02185	0.02185	0.01621	0.02326	0.01339	0.01762	0.01128	0.00634	0.00705	0.00211	0.00846	0.00634	0.00352	0.01128
6	0.01535	0.01300	0.01508	0.01083	0.01712	0.01009	0.00868	0.04968	0.01566	0.02424	0.01287	0.01488	0.01062	0.00543	0.00536	0.00111	0.00540	0.00432	0.00436	0.75591
7	0.01736	0.01753	0.05438	0.06517	0.65867	0.01687	0.02195	0.02176	0.01611	0.02307	0.01335	0.01757	0.01114	0.00639	0.00704	0.00213	0.00857	0.00630	0.00349	0.01114
8	0.02167	0.01272	0.01567	0.01156	0.01755	0.01032	0.00939	0.04840	0.01756	0.28216	0.01862	0.01841	0.01326	0.00672	0.00605	0.00153	0.00566	0.00540	0.00605	0.47130
9	0.01477	0.01266	0.01477	0.01055	0.01687	0.00949	0.00844	0.01793	0.01477	0.02320	0.01266	0.01477	0.01055	0.00527	0.00527	0.00105	0.00527	0.00422	0.00422	0.79328
10	0.01499	0.05645	0.59000	0.02085	0.07481	0.01629	0.02414	0.02239	0.01550	0.04348	0.04614	0.01720	0.01222	0.00715	0.00680	0.00222	0.00981	0.00571	0.00345	0.01040
11	0.00884	0.00620	0.00831	0.00989	0.01028	0.00580	0.00659	0.00989	0.01344	0.01792	0.03808	0.71362	0.04558	0.02241	0.00990	0.03727	0.00422	0.01963	0.00646	0.00567
12	0.01477	0.01266	0.01477	0.01055	0.01687	0.00949	0.00844	0.01793	0.01477	0.02320	0.01266	0.01477	0.01055	0.00527	0.00527	0.00105	0.00527	0.00422	0.00422	0.79328
13	0.00886	0.00642	0.00842	0.00994	0.01060	0.00598	0.00687	0.01029	0.01403	0.01849	0.04165	0.64503	0.09682	0.02179	0.00909	0.00288	0.00427	0.06612	0.00661	0.00586
14	0.00868	0.00620	0.00826	0.00991	0.01033	0.00578	0.00661	0.00991	0.01363	0.01818	0.03925	0.74510	0.04710	0.02231	0.00909	0.00289	0.00413	0.02024	0.00661	0.00578
15	0.01005	0.00718	0.00983	0.01148	0.01249	0.00696	0.00899	0.01228	0.01498	0.01971	0.03849	0.41981	0.04410	0.02102	0.00945	0.00308	0.00532	0.33202	0.00658	0.00616
16	0.01477	0.01266	0.01477	0.01055	0.01687	0.00949	0.00844	0.01793	0.01477	0.02320	0.01266	0.01477	0.01055	0.00527	0.00527	0.00105	0.00527	0.00422	0.00422	0.79328
17	0.80005	0.01377	0.01047	0.00936	0.01377	0.01597	0.00771	0.02093	0.01212	0.03195	0.00991	0.01157	0.00771	0.00661	0.00441	0.00220	0.00551	0.00386	0.00441	0.00771
18	0.01147	0.00820	0.01147	0.01311	0.01475	0.00820	0.01147	0.01475	0.01639	0.02131	0.03770	0.08032	0.04098	0.01967	0.00984	0.00328	0.00656	0.65741	0.00656	0.00656
19	0.00850	0.00720	0.00724	0.00724	0.00954	0.00605	0.00536	0.01023	0.01597	0.01900	0.06997	0.06757	0.67300	0.04988	0.00963	0.00260	0.00375	0.01482	0.00651	0.00594
20	0.03195	0.01212	0.01652	0.01267	0.01818	0.01047	0.01047	0.03470	0.02038	0.71026	0.02809	0.02424	0.01763	0.00881	0.00716	0.00220	0.00606	0.00716	0.00881	0.01212
21	0.00843	0.00717	0.00726	0.00733	0.00965	0.00600	0.00546	0.01021	0.01612	0.01919	0.07071	0.09792	0.67397	0.01822	0.00844	0.00243	0.00363	0.01525	0.00661	0.00600
22	0.01008	0.00728	0.00952	0.00896	0.01064	0.00672	0.00672	0.01344	0.02016	0.02855	0.70158	0.05319	0.06719	0.01456	0.00840	0.00224	0.00336	0.01288	0.00784	0.00672
23	0.01933	0.01859	0.02741	0.03881	0.57893	0.07350	0.02033	0.09193	0.01835	0.02508	0.01359	0.01719	0.01120	0.00666	0.00701	0.00209	0.00874	0.00621	0.00392	0.01113
24	0.02660	0.03394	0.02018	0.01834	0.02201	0.72116	0.01376	0.02843	0.02018	0.01743	0.01101	0.01284	0.00917	0.00734	0.00642	0.00183	0.01284	0.00459	0.00367	0.00825
25	0.01855	0.01607	0.04353	0.04280	0.02234	0.01430	0.09002	0.17985	0.04045	0.05066	0.01494	0.01669	0.01143	0.00652	0.00633	0.00165	0.00706	0.00557	0.00501	0.40624
26	0.02662	0.03339	0.02023	0.01827	0.02202	0.69403	0.01375	0.05379	0.02070	0.01849	0.01124	0.01301	0.00929	0.00738	0.00645	0.00185	0.01265	0.00466	0.00380	0.00840
27	0.02674	0.02960	0.02055	0.01774	0.02203	0.50425	0.01369	0.23110	0.02431	0.02594	0.01290	0.01416	0.01008	0.00771	0.00664	0.00193	0.01129	0.00515	0.00474	0.00945
28	0.01477	0.01266	0.01477	0.01055	0.01687	0.00949	0.00844	0.01793	0.01477	0.02320	0.01266	0.01477	0.01055	0.00527	0.00527	0.00105	0.00527	0.00422	0.00422	0.79328
29	0.01021	0.00748	0.01071	0.01071	0.01173	0.00850	0.00798	0.01224	0.01123	0.01599	0.01975	0.03170	0.01942	0.19268	0.58447	0.01054	0.01664	0.00817	0.00391	0.00595
30	0.01136	0.00934	0.01359	0.01291	0.01387	0.01165	0.01022	0.01361	0.01129	0.01658	0.01705	0.02584	0.01620	0.06563	0.54849	0.00949	0.17518	0.00741	0.00368	0.00661
31	0.01176	0.00860	0.01229	0.01454	0.04698	0.00860	0.01196	0.01508	0.01638	0.02140	0.03657	0.07740	0.03959	0.01905	0.00971	0.00322	0.00665	0.62702	0.00642	0.00678
32	0.01017	0.00763	0.01144	0.01144	0.01272	0.00890	0.00890	0.01272	0.01144	0.01653	0.01907	0.02797	0.01780	0.05340	0.72153	0.01144	0.01907	0.00763	0.00381	0.00636
33	0.01327	0.00664	0.00664	0.00664	0.00830	0.00664	0.00498	0.01659	0.01493	0.02655	0.02323	0.02655	0.01825	0.00830	0.00498	0.00166	0.00332	0.00664	0.78928	0.00664
34	0.80005	0.01377	0.01047	0.00936	0.01377	0.01597	0.00771	0.02093	0.01212	0.03195	0.00991	0.01157	0.00771	0.00661	0.00441	0.00220	0.00551	0.00386	0.00441	0.00771
35	0.00842	0.00721	0.00721	0.00721	0.00962	0.00601	0.00541	0.01022	0.01623	0.01924	0.07213	0.06853	0.70244	0.01803	0.00842	0.00240	0.00361	0.01503	0.00661	0.00601
36	0.01008	0.00728	0.00952	0.00896	0.01064	0.00672	0.00672	0.01344	0.02016	0.02855	0.70158	0.05319	0.06719	0.01456	0.00840	0.00224	0.00336	0.01288	0.00784	0.00672
37	0.01681	0.01921	0.04202	0.03001	0.03721	0.01801	0.67947	0.02281	0.01681	0.02281	0.01441	0.01921	0.01080	0.00600	0.00840	0.00240	0.01200	0.00840	0.00360	0.00960
38	0.01345	0.01266	0.02136	0.73264	0.04904	0.01582	0.01978	0.01819	0.01424	0.01819	0.01266	0.01898	0.00949	0.00712	0.00712	0.00237	0.00949	0.00633	0.00316	0.00791
39	0.00842	0.00721	0.00721	0.00721	0.00962	0.00601	0.00541	0.01022	0.01623	0.01924	0.07213	0.06853	0.70244	0.01803	0.00842	0.00240	0.00361	0.01503	0.00661	0.00601
40	0.01771	0.01530	0.01610	0.01449	0.01852	0.01771	0.01127	0.03784	0.69247	0.02979	0.02898	0.02657	0.02174	0.00966	0.00725	0.00242	0.00564	0.00805	0.00725	0.01127
41	0.01904	0.75404	0.03731	0.01218	0.01828	0.02818	0.01218	0.02132	0.01447	0.01675	0.00990	0.01142	0.00914	0.00609	0.00457	0.00152	0.00761	0.00381	0.00305	0.00914
42	0.80005	0.01377	0.01047	0.00936	0.01377	0.01597	0.00771	0.02093	0.01212	0.03195	0.00991	0.01157	0.00771	0.00661	0.00441	0.00220	0.00551	0.00386	0.00441	0.00771
43	0.01733	0.01650	0.02807	0.04224	0.67230	0.01650	0.02136	0.02151	0.01622	0.02317	0.01456	0.02062	0.01270	0.00698	0.00718	0.00217	0.00837	0.03749	0.00367	0.01105
44	0.03195	0.01212	0.01652	0.01267	0.01818	0.01047	0.01047	0.03470	0.02038	0.71026	0.02809	0.02424	0.01763	0.00881	0.00716	0.00220	0.00606	0.00716	0.00881	0.01212
45	0.59236	0.01332	0.01210	0.01026	0.01496	0.01448	0.00846	0.02465	0.01435	0.21536	0.01483	0.01499	0.01039	0.00721	0.00515	0.00220	0.00566	0.00475	0.00560	0.00890
46	0.01008	0.00728	0.00952	0.00896	0.01064	0.00672	0.00672	0.01344	0.02016	0.02855	0.70158	0.05319	0.06719	0.01456	0.00840	0.00224	0.00336	0.01288	0.00784	0.00672
47	0.00868	0.00620	0.00826	0.00991	0.01033	0.00578	0.00661	0.00991	0.01363	0.01818	0.03925	0.74510	0.04710	0.02231	0.00909	0.00289	0.00413	0.02024	0.00661	0.00578
48	0.01036	0.00690	0.00777	0.00777	0.00777	0.00690	0.00431	0.01036	0.01036	0.01381	0.02244	0.04660	0.02589	0.74975	0.03624	0.00690	0.00690	0.01036	0.00431	0.00431
49	0.01428	0.03683	0.71286	0.02030	0.03082	0.01654	0.02631	0.02255	0.01503	0.02255	0.01278	0.01503	0.00902	0.00677	0.00677	0.00226	0.01052	0.00526	0.00301	0.01052
50	0.80005	0.01377	0.01047	0.00936	0.01377	0.01597	0.00771	0.02093	0.01212	0.03195	0.00991	0.01157	0.00771	0.00661	0.00441	0.00220	0.00551	0.00386	0.00441	0.00771
51	0.80005	0.01377	0.01047	0.00936	0.01377	0.01597	0.00771	0.02093	0.01212	0.03195	0.00991	0.01157	0.00771	0.00661	0.00441	0.00220	0.00551	0.00386	0.00441	0.00771
52	0.02660	0.03394	0.02018	0.01834	0.02201	0.72116	0.01376	0.02843	0.02018	0.01743	0.01101	0.01284	0.00917	0.00734	0.00642	0.00183	0.01284	0.00459	0.00367	0.00825
53	0.01237	0.00618	0.00928	0.00928	0.00928	0.00618	0.00618	0.00928	0.00928	0.01237	0.01237	0.02165	0.01237	0.02474	0.02783	0.79283	0.00618	0.00618	0.00309	0.00309
54	0.01904	0.75404	0.03731	0.01218	0.01828	0.02818	0.01218	0.02132	0.01447	0.01675	0.00990	0.01142	0.00914	0.00609	0.00457	0.00152	0.00761	0.00381	0.00305	0.00914
55	0.01383	0.01305	0.02205	0.66919	0.10949	0.01592	0.01997	0.01853	0.01442	0.01866	0.01272	0.01886	0.00966	0.00705	0.00711	0.00235	0.00940	0.00633	0.00320	0.00822
56	0.00868	0.00620	0.00826	0.00991	0.01033	0.00578	0.00661	0.00991	0.01363	0.01818	0.03925	0.74510	0.04710	0.02231	0.00909	0.00289	0.00413	0.02024	0.00661	0.00578
57	0.00842	0.00721	0.00721	0.00721	0.00962	0.00601	0.00541	0.01022	0.01623	0.01924	0.07213	0.06853	0.70244	0.01803	0.00842	0.00240	0.00361	0.01503	0.00661	0.00601
58	0.01956	0.01622	0.01714	0.01487	0.01922	0.01858	0.01172	0.16535	0.56194	0.03278	0.02663	0.02469	0.01983	0.00944	0.00722	0.00236	0.00607	0.00773	0.00722	0.01144
59	0.01036	0.00690	0.00777	0.00777	0.00777	0.00690	0.00431	0.01036	0.01036	0.01381	0.02244	0.04660	0.02589	0.74975	0.03624	0.00690	0.00690	0.01036	0.00431	0.00431
60	0.01436	0.01393	0.02193	0.64504	0.10176	0.04655	0.01968	0.01894	0.01466	0.01858	0.01265	0.01861	0.00962	0.00707	0.00708	0.00233	0.00955	0.00625	0.00322	0.00820
61	0.00868	0.00620	0.00826	0.00991	0.01033	0.00578	0.00661	0.00991	0.01363	0.01818	0.03925	0.74510	0.04710	0.02231	0.00909	0.00289	0.00413	0.02024	0.00661	0.00578
62	0.05222	0.22679	0.50014	0.01762	0.02668	0.01961	0.02168	0.02215	0.01475	0.02144	0.01188	0.01391	0.00899	0.00658	0.00607	0.00206	0.00951	0.00481	0.00308	0.01002
63	0.01428	0.03683	0.71286	0.02030	0.03082	0.01654	0.02631	0.02255	0.01503	0.02255	0.01278	0.01503	0.00902	0.00677	0.00677	0.00226	0.01052	0.00526	0.00301	0.01052
64	0.00868	0.00620	0.00826	0.00991	0.01033	0.00578	0.00661	0.00991	0.01363	0.01818	0.03925	0.74510	0.04710	0.02231	0.00909	0.00289	0.00413	0.02024	0.00661	0.00578
65	0.01440	0.03284	0.58632	0.02064	0.03013	0.01623	0.09362	0.02249	0.03759	0.02261	0.01472	0.04992	0.01141	0.00751	0.00706	0.00231	0.01022	0.00638	0.00338	0.01023
66	0.01345	0.01266	0.02136	0.73264	0.04904	0.01582	0.01978	0.01819	0.01424	0.01819	0.01266	0.01898	0.00949	0.00712	0.00712	0.00237	0.00949	0.00633	0.00316	0.00791
67	0.01345	0.01266	0.02136	0.73264	0.04904	0.01582	0.01978	0.01819	0.01424	0.01819	0.01266	0.01898	0.00949	0.00712	0.00712	0.00237	0.00949	0.00633	0.00316	0.00791
68	0.01450	0.07030	0.68133	0.01992	0.03023	0.01708	0.02565	0.02249	0.01501	0.02228	0.01264	0.01487	0.00903	0.00673	0.00666	0.00222	0.01039	0.00519	0.00301	0.01046
69	0.01798	0.01759	0.02856	0.04271	0.67851	0.04456	0.02154	0.02211	0.01637	0.02303	0.01330	0.01744	0.01120	0.00638	0.00702	0.00210	0.00863	0.00628	0.00353	0.01116
70	0.80005	0.01377	0.01047	0.00936	0.01377	0.01597	0.00771	0.02093	0.01212	0.03195	0.00991	0.01157	0.00771	0.00661	0.00441	0.00220	0.00551	0.00386	0.00441	0.00771
71	0.01477	0.01266	0.01477	0.01055	0.01687	0.00949	0.00844	0.01793	0.01477	0.02320	0.01266	0.01477	0.01055	0.00527	0.00527	0.00105	0.00527	0.00422	0.00422	0.79328
72	0.01477	0.01266	0.01477	0.01055	0.01687	0.00949	0.00844	0.01793	0.01477	0.02320	0.01266	0.01477	0.01055	0.00527	0.00527	0.00105	0.00527	0.00422	0.00422	0.79328
73	0.28444	0.01006	0.01102	0.01171	0.01427	0.01081	0.01001	0.01673	0.01482	0.02489	0.02813	0.07839	0.02966	0.01523	0.00793	0.00289	0.00611	0.41014	0.00581	0.00693
74	0.01469	0.01323	0.02107	0.06008	0.40203	0.01324	0.01590	0.01920	0.04393	0.02484	0.23572	0.03129	0.05544	0.00957	0.00754	0.00219	0.00658	0.00882	0.00515	0.00948
75	0.02667	0.03184	0.02036	0.01805	0.02202	0.61616	0.01372	0.12654	0.02218	0.02155	0.01192	0.01348	0.00961	0.00752	0.00653	0.00188	0.01209	0.00486	0.00419	0.00883
76	0.01501	0.01196	0.01406	0.01041	0.01613	0.00917	0.00824	0.01805	0.01493	0.05004	0.01535	0.05918	0.01337	0.00657	0.00556	0.00124	0.00514	0.00540	0.04210	0.67810
77	0.01593	0.01519	0.02584	0.32334	0.43895	0.01647	0.02101	0.02037	0.01541	0.02121	0.01309	0.01818	0.01055	0.00666	0.00708	0.00222	0.00888	0.00634	0.00338	0.00991
78	0.02707	0.01995	0.02137	0.01638	0.02208	0.02208	0.01353	0.68159	0.03348	0.04488	0.01710	0.01710	0.01211	0.00855	0.00712	0.00214	0.00784	0.00641	0.00712	0.01211
79	0.01846	0.00886	0.01146	0.00990	0.01290	0.00813	0.00778	0.02155	0.01865	0.26717	0.28297	0.03595	0.03664	0.01325	0.04493	0.00259	0.00513	0.00925	0.17585	0.00858
80	0.05100	0.00759	0.00841	0.00811	0.01029	0.00685	0.00612	0.01222	0.01776	0.02406	0.34951	0.05868	0.38246	0.01588	0.00820	0.00232	0.00360	0.01348	0.00704	0.00642
81	0.00920	0.04581	0.00972	0.00982	0.01069	0.00699	0.00681	0.01054	0.01388	0.01818	0.04027	0.65345	0.09630	0.02112	0.00880	0.00278	0.00427	0.01897	0.00642	0.00598
82	0.01399	0.03521	0.67561	0.01975	0.02974	0.01597	0.02527	0.02188	0.01496	0.02232	0.01418	0.05363	0.01103	0.00759	0.00689	0.00229	0.01019	0.00605	0.00320	0.01027
83	0.08633	0.04324	0.10053	0.01481	0.06004	0.06478	0.01232	0.04138	0.06725	0.06861	0.01462	0.01600	0.01136	0.00646	0.00587	0.00164	0.00690	0.00499	0.00458	0.36829
84	0.01101	0.00720	0.00948	0.01050	0.01144	0.00692	0.00768	0.01264	0.01409	0.05474	0.03485	0.38411	0.03959	0.16738	0.01466	0.00377	0.00546	0.19219	0.00625	0.00603
85	0.01045	0.00730	0.00898	0.00937	0.01092	0.00670	0.00671	0.01301	0.03953	0.05759	0.18506	0.37551	0.20524	0.01851	0.00862	0.00259	0.00400	0.01634	0.00701	0.00656
86	0.06554	0.05648	0.44710	0.02172	0.08729	0.01687	0.09591	0.02287	0.05111	0.02361	0.03686	0.01727	0.01198	0.00702	0.00682	0.00224	0.00958	0.00597	0.00360	0.01016
87	0.01781	0.01853	0.02937	0.03476	0.40905	0.09552	0.17320	0.02205	0.01655	0.02207	0.01462	0.02046	0.01244	0.00939	0.04517	0.00269	0.01026	0.03225	0.00369	0.01010

[dist]
# distance from previous block
# <min> <max>
0	30

# created by:
# /st0/software/busco_prod/Augustus/scripts/msa2prfl.pl ./align_prep/151508.fa
