[name]
unknown

[dist]
# distance from previous block
# <min> <max>
12	43

[block]
# block no. 0 follows, 26 sequences, length 32
# corresponding to MSA columns:
# 54-85
name=unknown_A
#
# <colnr> <probs for GDERKNQSTAVLIFYWHMCP>
#	G	D	E	R	K	N	Q	S	T	A	V	L	I	F	Y	W	H	M	C	P
0	0.01141	0.00784	0.00887	0.00851	0.00905	0.00757	0.00495	0.01167	0.01141	0.01551	0.02307	0.04693	0.02627	0.67533	0.03597	0.00686	0.00722	0.01051	0.00459	0.06648
1	0.01031	0.00774	0.00954	0.00909	0.01107	0.00697	0.00682	0.01348	0.02046	0.02801	0.53521	0.06062	0.21998	0.01641	0.00895	0.00243	0.00364	0.01427	0.00803	0.00697
2	0.02883	0.02125	0.02276	0.01745	0.02352	0.02352	0.01442	0.66082	0.03566	0.04780	0.01821	0.01821	0.01290	0.00911	0.00759	0.00228	0.00835	0.00683	0.00759	0.01290
3	0.01583	0.09352	0.59007	0.02176	0.03231	0.01873	0.07714	0.02394	0.01612	0.02355	0.01351	0.01606	0.00977	0.00708	0.00716	0.00235	0.01109	0.00575	0.00326	0.01101
4	0.01574	0.14746	0.48758	0.02009	0.02943	0.01880	0.06935	0.02276	0.01593	0.02268	0.01550	0.07260	0.01300	0.00835	0.00715	0.00234	0.01028	0.00687	0.00356	0.01050
5	0.01700	0.02085	0.09370	0.02943	0.03681	0.01802	0.55624	0.02318	0.01748	0.02388	0.01732	0.07663	0.01444	0.00785	0.00887	0.00259	0.01199	0.00969	0.00404	0.00998
6	0.00924	0.00660	0.00880	0.01056	0.01100	0.00616	0.00704	0.01056	0.01452	0.01936	0.04181	0.72848	0.05017	0.02376	0.00968	0.00308	0.00440	0.02156	0.00704	0.00616
7	0.01963	0.43610	0.16751	0.01452	0.02136	0.02300	0.01530	0.02351	0.01648	0.09151	0.05992	0.01824	0.01534	0.00979	0.03670	0.00238	0.00879	0.00560	0.00428	0.01006
8	0.01486	0.03387	0.55743	0.02114	0.03088	0.01649	0.08027	0.02276	0.01656	0.02438	0.06817	0.04645	0.01624	0.00842	0.00759	0.00244	0.01048	0.00714	0.00381	0.01061
9	0.03072	0.01462	0.01829	0.01426	0.01979	0.01402	0.01168	0.19810	0.02501	0.46931	0.04893	0.05828	0.02047	0.01020	0.00776	0.00236	0.00676	0.00828	0.00877	0.01240
10	0.01856	0.01781	0.03040	0.07852	0.65581	0.01797	0.02317	0.02309	0.01717	0.02452	0.01423	0.01884	0.01192	0.00680	0.00751	0.00227	0.00906	0.00676	0.00374	0.01184
11	0.01754	0.01731	0.02799	0.29186	0.39172	0.05023	0.05005	0.02222	0.01672	0.02247	0.01390	0.01914	0.01118	0.00710	0.00757	0.00235	0.00981	0.00676	0.00362	0.01046
12	0.02063	0.02022	0.12468	0.01783	0.05153	0.01849	0.01521	0.10348	0.41766	0.08701	0.02599	0.02466	0.01907	0.00945	0.00761	0.00248	0.00724	0.00776	0.00696	0.01205
13	0.01451	0.01373	0.02279	0.65972	0.04966	0.01736	0.02071	0.01929	0.01488	0.01929	0.01320	0.01993	0.01010	0.00804	0.00896	0.00259	0.06672	0.00673	0.00337	0.00842
14	0.78701	0.01467	0.01115	0.00997	0.01467	0.01702	0.00821	0.02230	0.01291	0.03403	0.01056	0.01232	0.00821	0.00704	0.00469	0.00235	0.00587	0.00411	0.00469	0.00821
15	0.01810	0.03200	0.50600	0.01907	0.02891	0.01569	0.02306	0.02534	0.01683	0.12427	0.01604	0.01745	0.01119	0.00733	0.00707	0.00223	0.00978	0.00577	0.00430	0.10957
16	0.01432	0.01348	0.02275	0.71520	0.05224	0.01685	0.02107	0.01938	0.01517	0.01938	0.01348	0.02022	0.01011	0.00758	0.00758	0.00253	0.01011	0.00674	0.00337	0.00843
17	0.01149	0.00784	0.01014	0.00972	0.01158	0.00716	0.00723	0.01464	0.02032	0.05864	0.52943	0.13950	0.11054	0.01651	0.00898	0.00248	0.00383	0.01457	0.00814	0.00724
18	0.01563	0.09610	0.64088	0.02092	0.03174	0.01862	0.02680	0.02391	0.01597	0.02352	0.01336	0.01570	0.00962	0.00715	0.00702	0.00234	0.01096	0.00548	0.00321	0.01109
19	0.02028	0.73799	0.03975	0.01298	0.01947	0.03001	0.01298	0.02271	0.01541	0.01785	0.01055	0.01217	0.00973	0.00649	0.00487	0.00162	0.00811	0.00406	0.00324	0.00973
20	0.78701	0.01467	0.01115	0.00997	0.01467	0.01702	0.00821	0.02230	0.01291	0.03403	0.01056	0.01232	0.00821	0.00704	0.00469	0.00235	0.00587	0.00411	0.00469	0.00821
21	0.01887	0.01629	0.01715	0.01544	0.01972	0.01887	0.01201	0.04031	0.67241	0.03173	0.03087	0.02830	0.02315	0.01029	0.00772	0.00257	0.00600	0.00858	0.00772	0.01201
22	0.03042	0.01204	0.01614	0.01268	0.01762	0.01055	0.01012	0.03289	0.02003	0.58513	0.02898	0.02956	0.02016	0.12307	0.01249	0.00313	0.00660	0.00816	0.00864	0.01160
23	0.01748	0.01954	0.04103	0.02982	0.03637	0.01926	0.56002	0.02319	0.01696	0.02335	0.01493	0.02039	0.01162	0.00916	0.03796	0.00302	0.09360	0.00866	0.00379	0.00987
24	0.01432	0.01348	0.02275	0.71520	0.05224	0.01685	0.02107	0.01938	0.01517	0.01938	0.01348	0.02022	0.01011	0.00758	0.00758	0.00253	0.01011	0.00674	0.00337	0.00843
25	0.02028	0.73799	0.03975	0.01298	0.01947	0.03001	0.01298	0.02271	0.01541	0.01785	0.01055	0.01217	0.00973	0.00649	0.00487	0.00162	0.00811	0.00406	0.00324	0.00973
26	0.01432	0.01348	0.02275	0.71520	0.05224	0.01685	0.02107	0.01938	0.01517	0.01938	0.01348	0.02022	0.01011	0.00758	0.00758	0.00253	0.01011	0.00674	0.00337	0.00843
27	0.01860	0.01339	0.01602	0.01159	0.01819	0.01027	0.00933	0.02190	0.01667	0.12938	0.01606	0.01731	0.01242	0.00621	0.00593	0.00132	0.00575	0.00499	0.00526	0.65940
28	0.00924	0.00660	0.00880	0.01056	0.01100	0.00616	0.00704	0.01056	0.01452	0.01936	0.04181	0.72848	0.05017	0.02376	0.00968	0.00308	0.00440	0.02156	0.00704	0.00616
29	0.01092	0.00781	0.01058	0.01058	0.01138	0.00861	0.00747	0.01251	0.01171	0.01642	0.02179	0.03796	0.02250	0.33509	0.43001	0.01020	0.01499	0.00932	0.00428	0.00588
30	0.01595	0.14022	0.59956	0.02037	0.03090	0.01941	0.02585	0.02383	0.01593	0.02313	0.01317	0.01546	0.00963	0.00710	0.00687	0.00229	0.01076	0.00538	0.00321	0.01100
31	0.00911	0.00769	0.00789	0.00784	0.01034	0.00647	0.00588	0.01117	0.01764	0.02132	0.12735	0.07163	0.63201	0.01890	0.00896	0.00255	0.00382	0.01582	0.00715	0.00647

[dist]
# distance from previous block
# <min> <max>
0	27

[block]
# block no. 1 follows, 26 sequences, length 27
# corresponding to MSA columns:
# 113-139
name=unknown_B
#
# <colnr> <probs for GDERKNQSTAVLIFYWHMCP>
#	G	D	E	R	K	N	Q	S	T	A	V	L	I	F	Y	W	H	M	C	P
0	0.00924	0.00660	0.00880	0.01056	0.01100	0.00616	0.00704	0.01056	0.01452	0.01936	0.04181	0.72848	0.05017	0.02376	0.00968	0.00308	0.00440	0.02156	0.00704	0.00616
1	0.01828	0.01754	0.03022	0.07103	0.60656	0.01762	0.04785	0.02284	0.01722	0.02446	0.01540	0.02178	0.01328	0.00739	0.00770	0.00233	0.00912	0.03394	0.00388	0.01159
2	0.01547	0.07495	0.66069	0.02118	0.03215	0.01825	0.02726	0.02395	0.01598	0.02371	0.01346	0.01582	0.00961	0.00717	0.00709	0.00236	0.01105	0.00553	0.00320	0.01113
3	0.02833	0.03615	0.02149	0.01954	0.02345	0.70298	0.01466	0.03029	0.02149	0.01856	0.01172	0.01368	0.00977	0.00782	0.00684	0.00195	0.01368	0.00489	0.00391	0.00879
4	0.01877	0.01802	0.03079	0.04656	0.68612	0.01802	0.02328	0.02328	0.01727	0.02478	0.01427	0.01877	0.01201	0.00676	0.00751	0.00225	0.00901	0.00676	0.00375	0.01201
5	0.02028	0.73799	0.03975	0.01298	0.01947	0.03001	0.01298	0.02271	0.01541	0.01785	0.01055	0.01217	0.00973	0.00649	0.00487	0.00162	0.00811	0.00406	0.00324	0.00973
6	0.01877	0.01802	0.03079	0.04656	0.68612	0.01802	0.02328	0.02328	0.01727	0.02478	0.01427	0.01877	0.01201	0.00676	0.00751	0.00225	0.00901	0.00676	0.00375	0.01201
7	0.01860	0.01781	0.03057	0.12458	0.53078	0.01821	0.07233	0.05034	0.01786	0.02508	0.01443	0.01906	0.01178	0.00693	0.00763	0.00231	0.00941	0.00693	0.00388	0.01148
8	0.02028	0.73799	0.03975	0.01298	0.01947	0.03001	0.01298	0.02271	0.01541	0.01785	0.01055	0.01217	0.00973	0.00649	0.00487	0.00162	0.00811	0.00406	0.00324	0.00973
9	0.03403	0.01291	0.01760	0.01350	0.01936	0.01115	0.01115	0.03697	0.02171	0.69137	0.02992	0.02582	0.01878	0.00939	0.00763	0.00235	0.00645	0.00763	0.00939	0.01291
10	0.01521	0.03923	0.69413	0.02162	0.03283	0.01762	0.02802	0.02402	0.01601	0.02402	0.01361	0.01601	0.00961	0.00721	0.00721	0.00240	0.01121	0.00560	0.00320	0.01121
11	0.01103	0.00735	0.00827	0.00827	0.00827	0.00735	0.00460	0.01103	0.01103	0.01471	0.02390	0.04964	0.02758	0.73343	0.03861	0.00735	0.00735	0.01103	0.00460	0.00460
12	0.02833	0.03615	0.02149	0.01954	0.02345	0.70298	0.01466	0.03029	0.02149	0.01856	0.01172	0.01368	0.00977	0.00782	0.00684	0.00195	0.01368	0.00489	0.00391	0.00879
13	0.01521	0.03923	0.69413	0.02162	0.03283	0.01762	0.02802	0.02402	0.01601	0.02402	0.01361	0.01601	0.00961	0.00721	0.00721	0.00240	0.01121	0.00560	0.00320	0.01121
14	0.01432	0.01348	0.02275	0.71520	0.05224	0.01685	0.02107	0.01938	0.01517	0.01938	0.01348	0.02022	0.01011	0.00758	0.00758	0.00253	0.01011	0.00674	0.00337	0.00843
15	0.01103	0.00735	0.00827	0.00827	0.00827	0.00735	0.00460	0.01103	0.01103	0.01471	0.02390	0.04964	0.02758	0.73343	0.03861	0.00735	0.00735	0.01103	0.00460	0.00460
16	0.01877	0.01802	0.03079	0.04656	0.68612	0.01802	0.02328	0.02328	0.01727	0.02478	0.01427	0.01877	0.01201	0.00676	0.00751	0.00225	0.00901	0.00676	0.00375	0.01201
17	0.01659	0.01659	0.02323	0.01991	0.01991	0.02323	0.01659	0.01825	0.01162	0.01825	0.00996	0.01659	0.00996	0.01328	0.02489	0.00332	0.71955	0.00664	0.00332	0.00830
18	0.01670	0.01536	0.02540	0.53952	0.04688	0.01803	0.09695	0.10583	0.01824	0.02378	0.01434	0.01998	0.01065	0.00764	0.00775	0.00250	0.01020	0.00702	0.00399	0.00924
19	0.01614	0.01409	0.01774	0.01596	0.10740	0.01117	0.01090	0.01966	0.01594	0.02472	0.01359	0.01614	0.01134	0.00577	0.00587	0.00127	0.00607	0.00480	0.00439	0.67703
20	0.01552	0.01262	0.01457	0.01068	0.01675	0.00970	0.00849	0.01891	0.01575	0.02519	0.01499	0.01741	0.01233	0.00605	0.00558	0.00121	0.00534	0.00484	0.10770	0.67637
21	0.01802	0.01649	0.02799	0.04165	0.59560	0.01649	0.02104	0.02149	0.01628	0.02323	0.01412	0.01935	0.01217	0.00938	0.01047	0.10626	0.00869	0.00674	0.00369	0.01085
22	0.03311	0.01439	0.01852	0.01420	0.02010	0.01334	0.01173	0.14752	0.02418	0.57732	0.02785	0.02447	0.01773	0.00934	0.00762	0.00233	0.00679	0.00749	0.00907	0.01291
23	0.00924	0.00660	0.00880	0.01056	0.01100	0.00616	0.00704	0.01056	0.01452	0.01936	0.04181	0.72848	0.05017	0.02376	0.00968	0.00308	0.00440	0.02156	0.00704	0.00616
24	0.01880	0.64010	0.03560	0.01266	0.01833	0.02682	0.01218	0.02109	0.01529	0.01805	0.01473	0.10804	0.01515	0.00880	0.00551	0.00182	0.00761	0.00640	0.00375	0.00926
25	0.01530	0.12966	0.51395	0.01883	0.02814	0.01789	0.02319	0.02254	0.01666	0.02404	0.10267	0.02093	0.01792	0.00822	0.00712	0.00229	0.00977	0.00648	0.00390	0.01047
26	0.02028	0.73799	0.03975	0.01298	0.01947	0.03001	0.01298	0.02271	0.01541	0.01785	0.01055	0.01217	0.00973	0.00649	0.00487	0.00162	0.00811	0.00406	0.00324	0.00973

[dist]
# distance from previous block
# <min> <max>
0	2

[block]
# block no. 2 follows, 26 sequences, length 29
# corresponding to MSA columns:
# 142-170
name=unknown_C
#
# <colnr> <probs for GDERKNQSTAVLIFYWHMCP>
#	G	D	E	R	K	N	Q	S	T	A	V	L	I	F	Y	W	H	M	C	P
0	0.01470	0.03643	0.63526	0.02067	0.03095	0.01663	0.02622	0.02286	0.01589	0.02362	0.01603	0.07722	0.01309	0.00863	0.00742	0.00246	0.01062	0.00698	0.00353	0.01078
1	0.01103	0.00735	0.00827	0.00827	0.00827	0.00735	0.00460	0.01103	0.01103	0.01471	0.02390	0.04964	0.02758	0.73343	0.03861	0.00735	0.00735	0.01103	0.00460	0.00460
2	0.00940	0.00667	0.00876	0.01036	0.01077	0.00626	0.00683	0.01060	0.01422	0.01896	0.04027	0.67017	0.04823	0.08472	0.01217	0.00345	0.00465	0.02066	0.00683	0.00603
3	0.01864	0.56081	0.14459	0.01433	0.02115	0.02622	0.01514	0.02214	0.01523	0.01884	0.01189	0.01431	0.01051	0.01094	0.06525	0.00266	0.00967	0.00466	0.00331	0.00972
4	0.01971	0.02013	0.02603	0.11517	0.32336	0.14505	0.05810	0.05901	0.04657	0.02404	0.01706	0.07944	0.01514	0.00877	0.00768	0.00233	0.00969	0.00789	0.00440	0.01042
5	0.00977	0.00687	0.00948	0.01081	0.01139	0.00678	0.00745	0.01105	0.01382	0.01867	0.03619	0.55981	0.04230	0.02986	0.13531	0.05244	0.00739	0.01823	0.00628	0.00609
6	0.01456	0.03542	0.61318	0.02028	0.03026	0.01629	0.02555	0.02255	0.01606	0.02383	0.03761	0.07853	0.01509	0.00890	0.00748	0.00246	0.01038	0.00724	0.00370	0.01065
7	0.01708	0.01187	0.01487	0.01594	0.05242	0.04038	0.01256	0.02269	0.10146	0.11795	0.03501	0.08453	0.03463	0.01675	0.00939	0.00307	0.00709	0.38642	0.00712	0.00877
8	0.02798	0.02082	0.02228	0.01728	0.02320	0.02312	0.01421	0.60760	0.09028	0.04642	0.01930	0.01908	0.01378	0.00921	0.00760	0.00230	0.00815	0.00698	0.00760	0.01282
9	0.01618	0.01538	0.02610	0.43625	0.31669	0.01734	0.02199	0.02101	0.01604	0.02163	0.01381	0.01962	0.01091	0.00724	0.00755	0.00241	0.00965	0.00675	0.00353	0.00992
10	0.01544	0.01462	0.02476	0.54809	0.21067	0.01714	0.02162	0.02035	0.01569	0.02073	0.01368	0.01986	0.01059	0.00738	0.00756	0.00246	0.00984	0.00675	0.00347	0.00932
11	0.01605	0.12104	0.55942	0.02149	0.03183	0.01923	0.08116	0.02389	0.01611	0.02331	0.01340	0.01594	0.00979	0.00705	0.00708	0.00232	0.01098	0.00571	0.00326	0.01095
12	0.01084	0.00813	0.01219	0.01219	0.01354	0.00948	0.00948	0.01354	0.01219	0.01761	0.02032	0.02980	0.01896	0.05689	0.70337	0.01219	0.02032	0.00813	0.00406	0.00677
13	0.01548	0.07602	0.65968	0.02116	0.03213	0.01827	0.02723	0.02395	0.01598	0.02370	0.01345	0.01581	0.00962	0.00717	0.00708	0.00236	0.01105	0.00552	0.00321	0.01113
14	0.01585	0.01591	0.02959	0.44753	0.13281	0.01762	0.18856	0.02119	0.01616	0.02138	0.01407	0.02009	0.01073	0.00716	0.00793	0.00250	0.01067	0.00732	0.00354	0.00937
15	0.01779	0.01951	0.04139	0.03208	0.10127	0.01843	0.56180	0.02385	0.01774	0.02455	0.01574	0.02071	0.01198	0.00656	0.00862	0.00249	0.01193	0.00864	0.04470	0.01024
16	0.01040	0.00773	0.00982	0.01029	0.01198	0.00715	0.00793	0.01319	0.01843	0.02461	0.29769	0.19234	0.18984	0.01900	0.00942	0.00279	0.00452	0.14858	0.00754	0.00678
17	0.03260	0.01259	0.01714	0.01325	0.01887	0.01090	0.01090	0.03557	0.02170	0.65073	0.07003	0.02771	0.02202	0.00976	0.00771	0.00235	0.00628	0.00800	0.00932	0.01255
18	0.02085	0.60527	0.08506	0.01437	0.02090	0.10780	0.01427	0.02369	0.01617	0.01838	0.01091	0.01262	0.00973	0.00670	0.00527	0.00172	0.00899	0.00427	0.00332	0.00973
19	0.01631	0.08055	0.60839	0.02111	0.03172	0.01818	0.04610	0.02443	0.01625	0.04867	0.01409	0.01628	0.01002	0.00722	0.00713	0.00236	0.01089	0.00569	0.00346	0.01115
20	0.01557	0.08866	0.64785	0.02101	0.03188	0.01849	0.02696	0.02393	0.01597	0.02358	0.01340	0.01574	0.00962	0.00716	0.00704	0.00235	0.01099	0.00550	0.00321	0.01111
21	0.02760	0.08353	0.17361	0.01515	0.02213	0.01415	0.01501	0.03186	0.01984	0.45317	0.04990	0.02356	0.01793	0.00887	0.00734	0.00230	0.00758	0.00708	0.00739	0.01201
22	0.01696	0.02630	0.25293	0.02797	0.03636	0.01890	0.41984	0.02387	0.01695	0.02387	0.01449	0.01881	0.01081	0.00704	0.00927	0.00255	0.05130	0.00774	0.00360	0.01044
23	0.01756	0.02287	0.12818	0.03064	0.03877	0.01898	0.57756	0.02426	0.01766	0.02426	0.01512	0.01989	0.01126	0.00650	0.00873	0.00254	0.01259	0.00852	0.00375	0.01036
24	0.00919	0.00679	0.00860	0.01005	0.01087	0.00620	0.00681	0.01062	0.01502	0.01956	0.04806	0.61141	0.16320	0.02295	0.00955	0.00299	0.00430	0.02057	0.00704	0.00620
25	0.01389	0.01288	0.02175	0.54578	0.07892	0.01532	0.04094	0.01837	0.01527	0.01983	0.01803	0.13120	0.01654	0.01004	0.00796	0.00260	0.00925	0.00914	0.00398	0.00832
26	0.02637	0.05565	0.02311	0.07791	0.02553	0.04559	0.01475	0.50480	0.08165	0.04165	0.01819	0.01872	0.01319	0.00889	0.00744	0.00228	0.00849	0.00676	0.00690	0.01215
27	0.01103	0.00735	0.00827	0.00827	0.00827	0.00735	0.00460	0.01103	0.01103	0.01471	0.02390	0.04964	0.02758	0.73343	0.03861	0.00735	0.00735	0.01103	0.00460	0.00460
28	0.01790	0.02046	0.04476	0.03197	0.03964	0.01918	0.65857	0.02430	0.01790	0.02430	0.01535	0.02046	0.01151	0.00639	0.00895	0.00256	0.01279	0.00895	0.00384	0.01023

[dist]
# distance from previous block
# <min> <max>
0	8

[block]
# block no. 3 follows, 26 sequences, length 9
# corresponding to MSA columns:
# 179-187
name=unknown_D
#
# <colnr> <probs for GDERKNQSTAVLIFYWHMCP>
#	G	D	E	R	K	N	Q	S	T	A	V	L	I	F	Y	W	H	M	C	P
0	0.03159	0.01632	0.10532	0.01455	0.02111	0.01199	0.01334	0.03529	0.02097	0.60484	0.02781	0.02455	0.01759	0.00911	0.00757	0.00235	0.00707	0.00737	0.00859	0.01269
1	0.03272	0.01474	0.06468	0.01406	0.02030	0.01160	0.01232	0.03606	0.02131	0.64494	0.02879	0.02513	0.01814	0.00924	0.00760	0.00235	0.00679	0.00749	0.00896	0.01279
2	0.01049	0.00769	0.00984	0.00942	0.01121	0.00703	0.00702	0.01380	0.02071	0.02891	0.59173	0.09334	0.12792	0.01629	0.00899	0.00244	0.00365	0.01434	0.00816	0.00703
3	0.03013	0.05951	0.08394	0.01404	0.02024	0.01271	0.01268	0.03364	0.02076	0.55059	0.06181	0.02567	0.02014	0.00932	0.00749	0.00231	0.00686	0.00754	0.00836	0.01224
4	0.03134	0.01323	0.01740	0.01351	0.01901	0.01197	0.01109	0.09512	0.02304	0.56706	0.09009	0.02798	0.02317	0.00994	0.00775	0.00234	0.00637	0.00812	0.00912	0.01237
5	0.01761	0.01930	0.04020	0.11316	0.13399	0.01875	0.49349	0.02358	0.01750	0.02380	0.01497	0.02019	0.01142	0.00658	0.00859	0.00251	0.01194	0.00838	0.00377	0.01028
6	0.02951	0.02016	0.02209	0.01694	0.02298	0.02192	0.01399	0.57993	0.03385	0.13125	0.01973	0.01920	0.01366	0.00914	0.00759	0.00229	0.00810	0.00693	0.00782	0.01290
7	0.02406	0.01930	0.02019	0.01680	0.02150	0.16589	0.07446	0.08091	0.15118	0.19021	0.06647	0.02968	0.05376	0.01034	0.00788	0.00239	0.00844	0.03905	0.00687	0.01060
8	0.01195	0.00986	0.01079	0.01042	0.01314	0.00978	0.00797	0.01913	0.18284	0.02517	0.17114	0.09178	0.34355	0.01661	0.00876	0.00260	0.00452	0.04457	0.00745	0.00797

[dist]
# distance from previous block
# <min> <max>
0	1

[block]
# block no. 4 follows, 26 sequences, length 9
# corresponding to MSA columns:
# 189-197
name=unknown_E
#
# <colnr> <probs for GDERKNQSTAVLIFYWHMCP>
#	G	D	E	R	K	N	Q	S	T	A	V	L	I	F	Y	W	H	M	C	P
0	0.01059	0.00788	0.01003	0.00981	0.01168	0.00706	0.00717	0.01343	0.01886	0.02630	0.41513	0.23507	0.10521	0.01723	0.00889	0.00249	0.00398	0.01528	0.00761	0.06631
1	0.01729	0.01815	0.02641	0.02244	0.04843	0.07777	0.14270	0.02008	0.01403	0.01971	0.01304	0.04011	0.01220	0.01458	0.06639	0.00362	0.42320	0.00752	0.00365	0.00869
2	0.01547	0.03773	0.64710	0.02339	0.07915	0.01764	0.02769	0.02397	0.01610	0.02407	0.01366	0.01621	0.00978	0.00717	0.00723	0.00239	0.01105	0.00569	0.00324	0.01127
3	0.01267	0.00875	0.01083	0.01061	0.01289	0.00781	0.00770	0.03782	0.01714	0.06938	0.11634	0.39557	0.12756	0.01830	0.00875	0.00260	0.00468	0.01618	0.00705	0.10739
4	0.01800	0.01955	0.08258	0.09714	0.45725	0.01810	0.11565	0.02395	0.04762	0.02452	0.01508	0.01937	0.01212	0.00697	0.00771	0.00235	0.00968	0.00707	0.00388	0.01139
5	0.01718	0.10871	0.57503	0.02011	0.03042	0.01839	0.02518	0.02488	0.01639	0.07482	0.01456	0.01638	0.01033	0.00730	0.00700	0.00232	0.01053	0.00560	0.00368	0.01119
6	0.01863	0.01302	0.01581	0.01531	0.07140	0.01270	0.01108	0.02714	0.21389	0.14847	0.03676	0.03907	0.15353	0.01184	0.00786	0.00237	0.00593	0.06310	0.00702	0.12508
7	0.02183	0.01523	0.01741	0.06195	0.02139	0.05486	0.01117	0.04739	0.07333	0.19728	0.01923	0.01965	0.01407	0.00737	0.00659	0.00175	0.00677	0.00590	0.00601	0.39082
8	0.01652	0.01339	0.01572	0.01241	0.01738	0.01206	0.00978	0.12169	0.01903	0.02778	0.06998	0.12908	0.02209	0.01010	0.00772	0.00181	0.03889	0.00831	0.00563	0.44061

[dist]
# distance from previous block
# <min> <max>
0	3

[block]
# block no. 5 follows, 26 sequences, length 6
# corresponding to MSA columns:
# 201-206
name=unknown_F
#
# <colnr> <probs for GDERKNQSTAVLIFYWHMCP>
#	G	D	E	R	K	N	Q	S	T	A	V	L	I	F	Y	W	H	M	C	P
0	0.01670	0.01016	0.01281	0.01104	0.01442	0.00909	0.00852	0.05434	0.02042	0.15707	0.31734	0.13005	0.07087	0.01377	0.00824	0.00229	0.00481	0.01195	0.00774	0.11837
1	0.01558	0.01277	0.01498	0.01144	0.01695	0.01047	0.00902	0.06900	0.01805	0.02697	0.11111	0.07496	0.02286	0.00866	0.00655	0.00154	0.00545	0.00727	0.00548	0.55090
2	0.01941	0.07037	0.01940	0.01917	0.16373	0.01301	0.01237	0.02356	0.04701	0.18340	0.19044	0.03410	0.08536	0.01065	0.00765	0.00220	0.00612	0.00915	0.00671	0.07618
3	0.01906	0.03951	0.01942	0.01537	0.01948	0.06435	0.10216	0.02574	0.13570	0.15121	0.22012	0.07138	0.05990	0.01182	0.00822	0.00242	0.00682	0.01049	0.00716	0.00966
4	0.01679	0.02253	0.16490	0.03074	0.16252	0.01756	0.35584	0.02290	0.01736	0.02401	0.02005	0.02376	0.06865	0.00772	0.00833	0.00247	0.01098	0.00848	0.00397	0.01044
5	0.01540	0.03262	0.49703	0.02318	0.03281	0.01715	0.17014	0.02312	0.01634	0.02375	0.01603	0.06816	0.01295	0.00821	0.00778	0.00249	0.01108	0.00751	0.00362	0.01062

[dist]
# distance from previous block
# <min> <max>
1	5

[block]
# block no. 6 follows, 26 sequences, length 7
# corresponding to MSA columns:
# 212-218
name=unknown_G
#
# <colnr> <probs for GDERKNQSTAVLIFYWHMCP>
#	G	D	E	R	K	N	Q	S	T	A	V	L	I	F	Y	W	H	M	C	P
0	0.02132	0.01656	0.02031	0.02030	0.13798	0.01704	0.01372	0.23369	0.13490	0.06607	0.02195	0.09490	0.01844	0.00986	0.00749	0.00222	0.00709	0.00831	0.00644	0.14142
1	0.01636	0.01228	0.01506	0.01343	0.01610	0.01361	0.01075	0.05563	0.15117	0.08754	0.21502	0.04318	0.11737	0.01403	0.01145	0.00268	0.13190	0.05626	0.00712	0.00905
2	0.38713	0.01482	0.06347	0.08944	0.07618	0.01469	0.01162	0.01961	0.01405	0.02724	0.06295	0.02386	0.01692	0.13660	0.01176	0.00325	0.00708	0.00666	0.00461	0.00806
3	0.01581	0.01667	0.08245	0.23024	0.32611	0.01576	0.01974	0.02005	0.01545	0.02137	0.01569	0.02443	0.01402	0.13597	0.01302	0.00325	0.00923	0.00741	0.00374	0.00959
4	0.01553	0.01708	0.09608	0.21321	0.32951	0.01557	0.02033	0.02008	0.01610	0.02232	0.01888	0.14479	0.01803	0.01004	0.00788	0.00249	0.00872	0.00926	0.00418	0.00995
5	0.02390	0.02802	0.02263	0.02293	0.11481	0.41333	0.01592	0.02825	0.08912	0.02079	0.01382	0.01648	0.01156	0.00890	0.01023	0.00230	0.13745	0.00585	0.00419	0.00950
6	0.01720	0.01448	0.01772	0.12046	0.02397	0.01288	0.01155	0.10198	0.01822	0.02687	0.01409	0.01674	0.01128	0.00637	0.00617	0.00149	0.00666	0.00514	0.00472	0.56200

[dist]
# distance from previous block
# <min> <max>
0	5

[block]
# block no. 7 follows, 26 sequences, length 15
# corresponding to MSA columns:
# 224-238
name=unknown_H
#
# <colnr> <probs for GDERKNQSTAVLIFYWHMCP>
#	G	D	E	R	K	N	Q	S	T	A	V	L	I	F	Y	W	H	M	C	P
0	0.01833	0.01529	0.01804	0.03733	0.02041	0.01418	0.01117	0.14495	0.01924	0.02847	0.01408	0.01645	0.01141	0.00707	0.00785	0.00160	0.07211	0.00523	0.00495	0.53184
1	0.01173	0.00843	0.01030	0.01074	0.01190	0.00820	0.00729	0.07099	0.01578	0.02124	0.03447	0.48439	0.04008	0.17347	0.01549	0.00383	0.00545	0.01715	0.00645	0.04261
2	0.37504	0.03694	0.01499	0.01449	0.07260	0.08415	0.01035	0.08100	0.01689	0.03037	0.01653	0.08175	0.01458	0.00906	0.00597	0.00226	0.00676	0.00668	0.11086	0.00873
3	0.01606	0.01057	0.01352	0.01345	0.01623	0.01075	0.01119	0.02298	0.14600	0.11131	0.14471	0.06194	0.04117	0.01649	0.00932	0.00298	0.00615	0.32879	0.00766	0.00875
4	0.00920	0.00763	0.00806	0.00809	0.01043	0.00648	0.00602	0.01130	0.01764	0.02167	0.15060	0.11085	0.56784	0.01902	0.00901	0.00257	0.00384	0.01606	0.00721	0.00648
5	0.00920	0.00769	0.00801	0.00793	0.01039	0.00650	0.00595	0.01134	0.01784	0.02179	0.15620	0.07086	0.60287	0.01872	0.00896	0.00254	0.00381	0.01571	0.00721	0.00650
6	0.01962	0.02004	0.02868	0.11224	0.52931	0.11199	0.02186	0.02384	0.01763	0.02337	0.01384	0.01822	0.01151	0.00699	0.00742	0.00224	0.00977	0.00650	0.00374	0.01120
7	0.01059	0.00775	0.00994	0.00939	0.01124	0.00710	0.00704	0.01404	0.02113	0.02961	0.63319	0.05798	0.12100	0.01581	0.00895	0.00240	0.00360	0.01390	0.00824	0.00710
8	0.01865	0.01836	0.03271	0.04455	0.59731	0.01818	0.11054	0.02342	0.01736	0.02471	0.01442	0.01900	0.01195	0.00671	0.00771	0.00229	0.00953	0.00706	0.00377	0.01177
9	0.01573	0.01348	0.01573	0.01123	0.01798	0.01011	0.00899	0.01910	0.01573	0.02472	0.01348	0.01573	0.01123	0.00562	0.00562	0.00112	0.00562	0.00449	0.00449	0.77980
10	0.01802	0.02013	0.04284	0.03397	0.12844	0.01902	0.57130	0.02416	0.01782	0.02436	0.01520	0.02023	0.01158	0.00644	0.00875	0.00252	0.01227	0.00865	0.00383	0.01048
11	0.02810	0.01371	0.01821	0.01575	0.06951	0.01219	0.01174	0.03293	0.08024	0.45690	0.02579	0.02365	0.01727	0.00858	0.00726	0.00213	0.00645	0.00707	0.00790	0.15462
12	0.01877	0.01802	0.03079	0.04656	0.68612	0.01802	0.02328	0.02328	0.01727	0.02478	0.01427	0.01877	0.01201	0.00676	0.00751	0.00225	0.00901	0.00676	0.00375	0.01201
13	0.01965	0.01736	0.02930	0.08476	0.59716	0.01743	0.02223	0.02408	0.01748	0.07481	0.01540	0.01939	0.01241	0.00701	0.00752	0.00228	0.00888	0.00682	0.00416	0.01186
14	0.02976	0.01386	0.01849	0.01620	0.06948	0.01291	0.01211	0.11915	0.02287	0.48605	0.05567	0.06563	0.02150	0.01023	0.00779	0.00237	0.00667	0.00851	0.00854	0.01221

[dist]
# distance from previous block
# <min> <max>
0	1

[block]
# block no. 8 follows, 26 sequences, length 6
# corresponding to MSA columns:
# 240-245
name=unknown_I
#
# <colnr> <probs for GDERKNQSTAVLIFYWHMCP>
#	G	D	E	R	K	N	Q	S	T	A	V	L	I	F	Y	W	H	M	C	P
0	0.01500	0.00978	0.01174	0.01104	0.01386	0.00931	0.00861	0.05149	0.07099	0.11755	0.18472	0.13726	0.22687	0.01659	0.00886	0.00265	0.00496	0.08275	0.00772	0.00827
1	0.12475	0.38222	0.17916	0.01484	0.02183	0.02391	0.01555	0.02537	0.10582	0.02338	0.01404	0.01527	0.01135	0.00725	0.00576	0.00203	0.00820	0.00503	0.00405	0.01017
2	0.01622	0.02128	0.22323	0.01831	0.02498	0.01406	0.12448	0.02138	0.01671	0.07316	0.07239	0.09992	0.02051	0.00977	0.00866	0.00229	0.05011	0.00858	0.00489	0.16908
3	0.21745	0.05391	0.12303	0.05262	0.07795	0.01619	0.06550	0.06197	0.01807	0.09741	0.12350	0.02341	0.02085	0.00874	0.00697	0.00234	0.00766	0.00716	0.00544	0.00983
4	0.08285	0.02401	0.13818	0.01698	0.02253	0.17423	0.03923	0.11225	0.08576	0.09549	0.07177	0.06469	0.01972	0.00976	0.00742	0.00234	0.00901	0.00773	0.00582	0.01023
5	0.04916	0.07387	0.14267	0.01781	0.08302	0.07050	0.01498	0.09976	0.05997	0.05941	0.10781	0.02654	0.06808	0.00947	0.00723	0.00217	0.00779	0.00761	0.00555	0.08660

[dist]
# distance from previous block
# <min> <max>
9	48

[block]
# block no. 9 follows, 26 sequences, length 17
# corresponding to MSA columns:
# 298-314
name=unknown_J
#
# <colnr> <probs for GDERKNQSTAVLIFYWHMCP>
#	G	D	E	R	K	N	Q	S	T	A	V	L	I	F	Y	W	H	M	C	P
0	0.01750	0.21169	0.07536	0.01340	0.01789	0.05810	0.01179	0.04725	0.04556	0.07133	0.04012	0.24900	0.02588	0.01289	0.00734	0.00228	0.00698	0.01077	0.00557	0.06930
1	0.04660	0.01012	0.01471	0.01260	0.01541	0.00965	0.08197	0.04213	0.02058	0.05145	0.45812	0.10356	0.07400	0.01442	0.00872	0.00246	0.00509	0.01299	0.00753	0.00787
2	0.15203	0.01498	0.01731	0.01463	0.01841	0.01698	0.01185	0.07892	0.15982	0.16279	0.04507	0.05049	0.01845	0.01062	0.01084	0.00257	0.15681	0.00761	0.00646	0.04338
3	0.30093	0.01589	0.04494	0.03774	0.18399	0.04346	0.02989	0.02117	0.01568	0.05538	0.02305	0.08988	0.08920	0.01005	0.00684	0.00241	0.00713	0.00819	0.00500	0.00917
4	0.05378	0.01567	0.02079	0.01726	0.02146	0.04500	0.14706	0.07109	0.24281	0.02723	0.03024	0.13960	0.07915	0.04214	0.00949	0.00279	0.00755	0.01094	0.00629	0.00967
5	0.48113	0.02049	0.15723	0.01356	0.01987	0.01746	0.01333	0.09743	0.01684	0.08184	0.01351	0.01477	0.00983	0.00749	0.00577	0.00235	0.00733	0.00500	0.00506	0.00973
6	0.00958	0.00692	0.00952	0.01091	0.01154	0.00686	0.00756	0.01119	0.01403	0.01899	0.03727	0.58090	0.04358	0.03076	0.15621	0.00500	0.00776	0.01873	0.00641	0.00629
7	0.01042	0.00751	0.00986	0.00976	0.01126	0.00695	0.00713	0.01352	0.02000	0.02808	0.54686	0.19857	0.06705	0.01725	0.00910	0.00253	0.00375	0.01537	0.00807	0.00695
8	0.02717	0.02000	0.02158	0.01687	0.02246	0.02205	0.01379	0.60561	0.03387	0.04539	0.02021	0.07852	0.01606	0.01035	0.00777	0.00234	0.00801	0.00808	0.00754	0.01233
9	0.01088	0.00796	0.01136	0.01136	0.01243	0.00903	0.00845	0.01301	0.01195	0.01700	0.02107	0.03399	0.02078	0.19979	0.56296	0.01117	0.01758	0.00874	0.00418	0.00631
10	0.02883	0.02125	0.02276	0.01745	0.02352	0.02352	0.01442	0.66082	0.03566	0.04780	0.01821	0.01821	0.01290	0.00911	0.00759	0.00228	0.00835	0.00683	0.00759	0.01290
11	0.01795	0.58351	0.03321	0.01247	0.01768	0.02497	0.01172	0.02015	0.01522	0.01817	0.01715	0.16347	0.01827	0.01014	0.00588	0.00193	0.00733	0.00775	0.00405	0.00898
12	0.04736	0.06137	0.47650	0.02644	0.16979	0.01824	0.04845	0.02375	0.01620	0.02434	0.01357	0.01645	0.01013	0.00705	0.00714	0.00234	0.01046	0.00585	0.00340	0.01116
13	0.02883	0.02125	0.02276	0.01745	0.02352	0.02352	0.01442	0.66082	0.03566	0.04780	0.01821	0.01821	0.01290	0.00911	0.00759	0.00228	0.00835	0.00683	0.00759	0.01290
14	0.01868	0.24789	0.29599	0.02388	0.16593	0.02201	0.02124	0.07753	0.01776	0.02430	0.01320	0.01560	0.01043	0.00705	0.00658	0.00212	0.00955	0.00548	0.00370	0.01107
15	0.01708	0.44582	0.13167	0.01342	0.01943	0.02231	0.01378	0.02077	0.01705	0.02199	0.18203	0.02408	0.02546	0.00889	0.00626	0.00194	0.00743	0.00675	0.00454	0.00930
16	0.01702	0.45499	0.15357	0.01406	0.02014	0.02269	0.01449	0.02039	0.01533	0.01930	0.01771	0.16418	0.01825	0.01027	0.00631	0.00207	0.00790	0.00804	0.00404	0.00925

[dist]
# distance from previous block
# <min> <max>
0	34

# created by:
# /st0/software/busco_prod/Augustus/scripts/msa2prfl.pl ./align_prep/151593.fa
