[name]
unknown

[dist]
# distance from previous block
# <min> <max>
0	45

[block]
# block no. 0 follows, 26 sequences, length 17
# corresponding to MSA columns:
# 58-71,76-78
name=unknown_A
#
# <colnr> <probs for GDERKNQSTAVLIFYWHMCP>
#	G	D	E	R	K	N	Q	S	T	A	V	L	I	F	Y	W	H	M	C	P
0	0.01274	0.06768	0.01286	0.01104	0.01260	0.01029	0.00799	0.07731	0.01663	0.02208	0.08157	0.37032	0.03958	0.17367	0.01532	0.00377	0.00580	0.04548	0.00636	0.00690
1	0.03985	0.01774	0.14639	0.50365	0.04387	0.01613	0.02074	0.01957	0.01494	0.02039	0.01420	0.03960	0.01127	0.00899	0.00869	0.04523	0.00982	0.00686	0.00348	0.00859
2	0.04509	0.01153	0.01488	0.10607	0.06605	0.01208	0.01093	0.09671	0.03977	0.07603	0.08167	0.16869	0.07268	0.14775	0.01387	0.00345	0.00667	0.01162	0.00616	0.00830
3	0.01778	0.15149	0.05629	0.34110	0.08213	0.06954	0.01768	0.02190	0.01623	0.05367	0.01453	0.03898	0.01184	0.00774	0.00691	0.00219	0.00927	0.00636	0.00391	0.07047
4	0.01396	0.00924	0.01121	0.01090	0.01313	0.00886	0.00811	0.06132	0.04816	0.09063	0.15700	0.27151	0.16353	0.05259	0.01042	0.00294	0.00498	0.04632	0.00745	0.00775
5	0.01056	0.00768	0.00950	0.00932	0.01083	0.00713	0.00675	0.01314	0.01844	0.02522	0.41265	0.08450	0.14939	0.15046	0.01459	0.00342	0.00454	0.04801	0.00734	0.00652
6	0.01520	0.10045	0.45154	0.02017	0.07652	0.01695	0.02182	0.02141	0.01512	0.02173	0.01528	0.02211	0.01315	0.14246	0.01285	0.00324	0.01002	0.00655	0.00351	0.00989
7	0.01207	0.00908	0.01106	0.01044	0.01044	0.01031	0.00683	0.01238	0.01114	0.01537	0.02130	0.04348	0.02429	0.59921	0.03605	0.00660	0.14010	0.01021	0.00436	0.00529
8	0.01057	0.00771	0.00975	0.01070	0.01124	0.00781	0.00725	0.01251	0.04124	0.01878	0.03524	0.45486	0.04109	0.21241	0.01796	0.00423	0.03288	0.05137	0.00627	0.00612
9	0.00902	0.00748	0.00789	0.00822	0.01039	0.00636	0.00600	0.01083	0.01677	0.02028	0.07031	0.19517	0.56508	0.02006	0.00910	0.00266	0.00395	0.01704	0.00704	0.00636
10	0.01605	0.01814	0.06899	0.05747	0.06209	0.01664	0.39715	0.02157	0.01785	0.02474	0.13926	0.02694	0.02268	0.00989	0.02803	0.00280	0.04625	0.00933	0.00460	0.00952
11	0.02566	0.01939	0.02287	0.02196	0.14572	0.02104	0.01526	0.48519	0.03049	0.04179	0.01805	0.01920	0.01331	0.00864	0.00737	0.00223	0.00805	0.00684	0.07471	0.01222
12	0.02727	0.01984	0.14456	0.01602	0.02268	0.01577	0.01502	0.14777	0.12270	0.34982	0.02491	0.02300	0.01668	0.00907	0.00756	0.00238	0.00761	0.00725	0.00765	0.01245
13	0.01749	0.02159	0.13612	0.02832	0.15224	0.01954	0.21926	0.02488	0.10203	0.02403	0.01576	0.01965	0.01250	0.00857	0.01164	0.00264	0.16160	0.00747	0.00412	0.01054
14	0.01585	0.09659	0.10276	0.21521	0.05537	0.01844	0.19640	0.02068	0.01573	0.02115	0.01650	0.09571	0.01481	0.00932	0.00936	0.00254	0.07192	0.00855	0.00388	0.00923
15	0.00924	0.00660	0.00880	0.01056	0.01100	0.00616	0.00704	0.01056	0.01452	0.01936	0.04181	0.72848	0.05017	0.02376	0.00968	0.00308	0.00440	0.02156	0.00704	0.00616
16	0.01655	0.06422	0.37198	0.05752	0.08094	0.01873	0.23443	0.02379	0.01666	0.02366	0.01407	0.01767	0.01043	0.00689	0.00771	0.00241	0.01138	0.00676	0.00346	0.01075

[dist]
# distance from previous block
# <min> <max>
0	1

[block]
# block no. 1 follows, 26 sequences, length 23
# corresponding to MSA columns:
# 80-102
name=unknown_B
#
# <colnr> <probs for GDERKNQSTAVLIFYWHMCP>
#	G	D	E	R	K	N	Q	S	T	A	V	L	I	F	Y	W	H	M	C	P
0	0.01288	0.00802	0.01055	0.01015	0.01198	0.00736	0.00745	0.01572	0.01946	0.09760	0.43756	0.20818	0.05918	0.04652	0.01020	0.00275	0.00423	0.01477	0.00800	0.00743
1	0.05498	0.01752	0.01914	0.01495	0.02071	0.01816	0.01213	0.34224	0.11189	0.07870	0.01986	0.04026	0.01513	0.00880	0.00708	0.00207	0.00705	0.00688	0.00684	0.19563
2	0.01697	0.01344	0.01586	0.01139	0.01807	0.01018	0.00913	0.02031	0.01613	0.06977	0.01459	0.01641	0.01174	0.00587	0.00575	0.00121	0.00567	0.00471	0.00482	0.72797
3	0.01041	0.00881	0.00914	0.00896	0.01162	0.00813	0.00674	0.01504	0.10663	0.02245	0.09817	0.09648	0.53429	0.01803	0.00883	0.00258	0.00415	0.01514	0.00720	0.00719
4	0.01107	0.01009	0.06092	0.01044	0.01293	0.00793	0.00871	0.01503	0.02107	0.02994	0.63249	0.05364	0.06697	0.01489	0.00882	0.00239	0.00414	0.01312	0.00797	0.00746
5	0.01877	0.01802	0.03079	0.04656	0.68612	0.01802	0.02328	0.02328	0.01727	0.02478	0.01427	0.01877	0.01201	0.00676	0.00751	0.00225	0.00901	0.00676	0.00375	0.01201
6	0.01084	0.00813	0.01219	0.01219	0.01354	0.00948	0.00948	0.01354	0.01219	0.01761	0.02032	0.02980	0.01896	0.05689	0.70337	0.01219	0.02032	0.00813	0.00406	0.00677
7	0.02616	0.01947	0.02093	0.01671	0.02225	0.02167	0.01359	0.45601	0.21922	0.06933	0.02235	0.02144	0.01610	0.00946	0.00763	0.00236	0.00759	0.00737	0.00770	0.01264
8	0.03376	0.01334	0.01787	0.01370	0.01958	0.01178	0.01132	0.06900	0.02243	0.65833	0.02932	0.02543	0.01847	0.00937	0.00763	0.00234	0.00655	0.00759	0.00930	0.01291
9	0.00952	0.00672	0.00872	0.01020	0.01057	0.00635	0.00665	0.01064	0.01397	0.01863	0.03897	0.62102	0.04659	0.13611	0.01426	0.00376	0.00487	0.01990	0.00665	0.00591
10	0.02883	0.02125	0.02276	0.01745	0.02352	0.02352	0.01442	0.66082	0.03566	0.04780	0.01821	0.01821	0.01290	0.00911	0.00759	0.00228	0.00835	0.00683	0.00759	0.01290
11	0.00949	0.00687	0.00857	0.00981	0.01047	0.00638	0.00648	0.01068	0.01435	0.01878	0.04375	0.53170	0.13283	0.13549	0.01416	0.00369	0.00479	0.01914	0.00665	0.00595
12	0.01087	0.00732	0.00848	0.00863	0.00872	0.00734	0.00500	0.01109	0.01137	0.01522	0.02526	0.10604	0.02913	0.64609	0.06323	0.00719	0.00763	0.01180	0.00478	0.00482
13	0.02842	0.01181	0.01571	0.01261	0.01728	0.01052	0.01003	0.03164	0.04226	0.52304	0.07388	0.05970	0.02475	0.08904	0.01117	0.00293	0.00626	0.00902	0.00864	0.01131
14	0.01900	0.57083	0.06760	0.01422	0.01977	0.02734	0.01391	0.02158	0.01488	0.01827	0.01211	0.04737	0.01170	0.00828	0.00794	0.00196	0.10503	0.00532	0.00344	0.00944
15	0.01432	0.01348	0.02275	0.71520	0.05224	0.01685	0.02107	0.01938	0.01517	0.01938	0.01348	0.02022	0.01011	0.00758	0.00758	0.00253	0.01011	0.00674	0.00337	0.00843
16	0.01103	0.00735	0.00827	0.00827	0.00827	0.00735	0.00460	0.01103	0.01103	0.01471	0.02390	0.04964	0.02758	0.73343	0.03861	0.00735	0.00735	0.01103	0.00460	0.00460
17	0.01119	0.00864	0.01267	0.11672	0.01831	0.00974	0.01020	0.01394	0.01364	0.01895	0.05851	0.11202	0.05634	0.08627	0.38820	0.00814	0.01402	0.01027	0.02544	0.00681
18	0.01689	0.01417	0.01635	0.01179	0.01847	0.01130	0.00947	0.07601	0.01750	0.02676	0.01390	0.01595	0.01138	0.00593	0.00579	0.00123	0.00586	0.00470	0.00477	0.71179
19	0.02454	0.01841	0.02009	0.11093	0.02500	0.05757	0.01374	0.40079	0.02803	0.07917	0.02140	0.02348	0.04615	0.04622	0.00908	0.00254	0.00825	0.00743	0.04617	0.01102
20	0.00999	0.00698	0.00890	0.00984	0.01071	0.00653	0.00672	0.01186	0.01597	0.02201	0.17975	0.46227	0.07695	0.07354	0.01137	0.00314	0.00437	0.01795	0.05481	0.00633
21	0.01910	0.01551	0.01638	0.01346	0.01804	0.04647	0.01063	0.22787	0.09593	0.03280	0.12510	0.07376	0.08996	0.01130	0.00762	0.00215	0.00636	0.00928	0.00681	0.17148
22	0.09396	0.01588	0.01966	0.27784	0.03196	0.01826	0.01528	0.18673	0.14627	0.03067	0.02031	0.02246	0.04057	0.00883	0.00731	0.00240	0.00803	0.00715	0.00560	0.04083

[dist]
# distance from previous block
# <min> <max>
0	6

[block]
# block no. 2 follows, 26 sequences, length 9
# corresponding to MSA columns:
# 109-117
name=unknown_C
#
# <colnr> <probs for GDERKNQSTAVLIFYWHMCP>
#	G	D	E	R	K	N	Q	S	T	A	V	L	I	F	Y	W	H	M	C	P
0	0.02381	0.07879	0.05159	0.05217	0.16063	0.24903	0.04695	0.10983	0.07331	0.05903	0.01575	0.01764	0.01224	0.00784	0.00718	0.00217	0.01036	0.00618	0.00483	0.01066
1	0.07719	0.21027	0.06020	0.08337	0.15594	0.05383	0.01644	0.13161	0.01965	0.07637	0.01447	0.01666	0.01133	0.00768	0.00722	0.00216	0.03442	0.00578	0.00469	0.01071
2	0.02216	0.01452	0.01870	0.01822	0.09709	0.01527	0.01307	0.14489	0.09724	0.19152	0.08821	0.06588	0.04998	0.01190	0.00961	0.00256	0.06975	0.05145	0.00719	0.01078
3	0.25613	0.02186	0.14761	0.06069	0.14716	0.07778	0.01665	0.07428	0.01745	0.05439	0.01505	0.05189	0.01234	0.00822	0.00665	0.00235	0.00855	0.00634	0.00462	0.01001
4	0.02361	0.02227	0.02139	0.01803	0.02164	0.17927	0.01448	0.25332	0.09250	0.03030	0.01613	0.01849	0.01288	0.01268	0.05123	0.00305	0.18629	0.00659	0.00549	0.01037
5	0.01318	0.00659	0.00988	0.00988	0.00988	0.00659	0.00659	0.00988	0.00988	0.01318	0.01318	0.02306	0.01318	0.02635	0.02964	0.77931	0.00659	0.00659	0.00329	0.00329
6	0.00924	0.00660	0.00880	0.01056	0.01100	0.00616	0.00704	0.01056	0.01452	0.01936	0.04181	0.72848	0.05017	0.02376	0.00968	0.00308	0.00440	0.02156	0.00704	0.00616
7	0.00924	0.00660	0.00880	0.01056	0.01100	0.00616	0.00704	0.01056	0.01452	0.01936	0.04181	0.72848	0.05017	0.02376	0.00968	0.00308	0.00440	0.02156	0.00704	0.00616
8	0.01716	0.01855	0.03759	0.17382	0.09822	0.01886	0.42939	0.02280	0.01688	0.02294	0.01452	0.02001	0.01117	0.00711	0.00956	0.00257	0.05711	0.00815	0.00370	0.00989

[dist]
# distance from previous block
# <min> <max>
0	1

[block]
# block no. 3 follows, 26 sequences, length 20
# corresponding to MSA columns:
# 119-138
name=unknown_D
#
# <colnr> <probs for GDERKNQSTAVLIFYWHMCP>
#	G	D	E	R	K	N	Q	S	T	A	V	L	I	F	Y	W	H	M	C	P
0	0.01753	0.01455	0.01669	0.01209	0.01874	0.01195	0.00973	0.10716	0.01846	0.02788	0.01413	0.01607	0.01146	0.00610	0.00589	0.00128	0.00599	0.00481	0.00492	0.67456
1	0.01005	0.00730	0.00960	0.01084	0.01193	0.00685	0.00799	0.01220	0.01642	0.02183	0.14264	0.43862	0.10764	0.02153	0.00967	0.00301	0.00475	0.14340	0.00723	0.00650
2	0.05539	0.01984	0.08135	0.25797	0.03238	0.10381	0.01675	0.02946	0.27161	0.02522	0.01990	0.02177	0.01500	0.00860	0.00737	0.00245	0.00886	0.00699	0.00518	0.01011
3	0.01552	0.06769	0.48920	0.02168	0.03102	0.01753	0.13052	0.02279	0.01584	0.02289	0.01471	0.01970	0.01161	0.07480	0.01031	0.00285	0.01096	0.00659	0.00344	0.01036
4	0.02756	0.02200	0.02198	0.01708	0.02300	0.08973	0.01393	0.53835	0.03240	0.04275	0.01713	0.01753	0.01243	0.00865	0.00733	0.00214	0.00862	0.00642	0.00693	0.08405
5	0.02523	0.03028	0.02098	0.01889	0.02237	0.50008	0.01445	0.03047	0.13111	0.02077	0.01476	0.01654	0.01207	0.00893	0.00928	0.00223	0.10206	0.00574	0.00448	0.00928
6	0.00942	0.00668	0.00875	0.01033	0.01073	0.00628	0.00680	0.01061	0.01418	0.01890	0.04003	0.66108	0.04792	0.09422	0.01255	0.00350	0.00469	0.02052	0.00680	0.00601
7	0.01777	0.02008	0.04262	0.03077	0.03768	0.01958	0.59483	0.02370	0.01728	0.02370	0.01481	0.02008	0.01135	0.00708	0.01053	0.00263	0.08296	0.00872	0.00378	0.01004
8	0.00924	0.00660	0.00880	0.01056	0.01100	0.00616	0.00704	0.01056	0.01452	0.01936	0.04181	0.72848	0.05017	0.02376	0.00968	0.00308	0.00440	0.02156	0.00704	0.00616
9	0.01103	0.00735	0.00827	0.00827	0.00827	0.00735	0.00460	0.01103	0.01103	0.01471	0.02390	0.04964	0.02758	0.73343	0.03861	0.00735	0.00735	0.01103	0.00460	0.00460
10	0.02898	0.01339	0.01714	0.01346	0.01863	0.01253	0.01099	0.13841	0.02403	0.46402	0.14488	0.03006	0.02725	0.01044	0.00786	0.00234	0.00626	0.00858	0.00890	0.01188
11	0.00924	0.00660	0.00880	0.01056	0.01100	0.00616	0.00704	0.01056	0.01452	0.01936	0.04181	0.72848	0.05017	0.02376	0.00968	0.00308	0.00440	0.02156	0.00704	0.00616
12	0.01134	0.00808	0.00917	0.00869	0.01125	0.00698	0.00659	0.01385	0.01891	0.07228	0.26226	0.06448	0.44407	0.01734	0.00886	0.00249	0.00395	0.01469	0.00762	0.00711
13	0.02997	0.01942	0.02163	0.01659	0.02261	0.02081	0.01370	0.52417	0.03261	0.18878	0.02078	0.01988	0.01419	0.00917	0.00760	0.00229	0.00793	0.00700	0.00798	0.01290
14	0.00911	0.00712	0.00827	0.00918	0.01064	0.00628	0.00643	0.01072	0.01585	0.01990	0.05857	0.41474	0.35309	0.02158	0.00934	0.00283	0.00413	0.01890	0.00704	0.00628
15	0.01318	0.00659	0.00988	0.00988	0.00988	0.00659	0.00659	0.00988	0.00988	0.01318	0.01318	0.02306	0.01318	0.02635	0.02964	0.77931	0.00659	0.00659	0.00329	0.00329
16	0.00913	0.00769	0.00791	0.00786	0.01035	0.00647	0.00589	0.01121	0.01768	0.02142	0.13380	0.07146	0.62550	0.01886	0.00896	0.00254	0.00382	0.01579	0.00717	0.00647
17	0.02932	0.02047	0.02228	0.01708	0.02313	0.02237	0.01411	0.60262	0.03436	0.10785	0.01930	0.01892	0.01345	0.00913	0.00759	0.00228	0.00817	0.00690	0.00776	0.01290
18	0.02431	0.01856	0.01910	0.01554	0.02048	0.04541	0.01253	0.39657	0.18302	0.04006	0.02192	0.02190	0.01616	0.00930	0.00726	0.00226	0.00729	0.00721	0.11945	0.01168
19	0.01877	0.01802	0.03079	0.04656	0.68612	0.01802	0.02328	0.02328	0.01727	0.02478	0.01427	0.01877	0.01201	0.00676	0.00751	0.00225	0.00901	0.00676	0.00375	0.01201

[dist]
# distance from previous block
# <min> <max>
0	35

[block]
# block no. 4 follows, 26 sequences, length 37
# corresponding to MSA columns:
# 174-209,216
name=unknown_E
#
# <colnr> <probs for GDERKNQSTAVLIFYWHMCP>
#	G	D	E	R	K	N	Q	S	T	A	V	L	I	F	Y	W	H	M	C	P
0	0.01168	0.00870	0.00975	0.00979	0.01241	0.00792	0.00768	0.01524	0.06235	0.06079	0.06278	0.10451	0.45536	0.01857	0.00910	0.00274	0.00471	0.12146	0.00722	0.00725
1	0.01638	0.05149	0.02329	0.01904	0.01946	0.02262	0.01593	0.01815	0.01184	0.01819	0.01070	0.01728	0.01056	0.01593	0.07044	0.00384	0.63661	0.00661	0.00337	0.00826
2	0.01967	0.41122	0.02815	0.01294	0.01788	0.08536	0.01159	0.05091	0.07651	0.02223	0.01581	0.01778	0.01327	0.01029	0.04452	0.00238	0.00834	0.00541	0.13637	0.00937
3	0.02714	0.02041	0.02181	0.01711	0.02288	0.02273	0.01401	0.55561	0.14363	0.04508	0.02036	0.01992	0.01464	0.00931	0.00761	0.00233	0.00795	0.00713	0.00761	0.01275
4	0.01484	0.01299	0.01876	0.31871	0.05785	0.01362	0.01482	0.01881	0.01528	0.02206	0.01558	0.05386	0.01325	0.00807	0.00776	0.00204	0.04580	0.00671	0.06315	0.27603
5	0.15083	0.01402	0.01538	0.01159	0.01766	0.01237	0.00937	0.07323	0.01747	0.09558	0.01544	0.01683	0.01192	0.00664	0.00581	0.00157	0.00589	0.00503	0.03403	0.47935
6	0.00952	0.00688	0.00909	0.01054	0.01125	0.00633	0.00711	0.01100	0.01485	0.02000	0.06728	0.67725	0.04976	0.02282	0.00952	0.00299	0.00441	0.02068	0.00701	0.03174
7	0.02768	0.02072	0.02256	0.01739	0.02313	0.02307	0.01437	0.60181	0.03359	0.04530	0.01757	0.01803	0.01267	0.00924	0.00855	0.00230	0.05034	0.00674	0.00723	0.03771
8	0.01058	0.00770	0.00998	0.00965	0.01139	0.00710	0.00723	0.01392	0.02064	0.02889	0.58572	0.10451	0.10205	0.01644	0.00905	0.00248	0.00376	0.03373	0.00815	0.00704
9	0.02043	0.01736	0.02910	0.03849	0.48778	0.01779	0.05933	0.02453	0.01725	0.10930	0.01586	0.01953	0.01262	0.00780	0.00954	0.00240	0.08786	0.00699	0.00443	0.01161
10	0.02283	0.01672	0.01843	0.01600	0.05186	0.01812	0.01220	0.40612	0.06629	0.03898	0.02573	0.06291	0.07012	0.01061	0.00746	0.00228	0.00692	0.00849	0.12692	0.01101
11	0.00987	0.00686	0.00862	0.00976	0.01005	0.00658	0.00618	0.01073	0.01330	0.01773	0.03553	0.49063	0.04225	0.27241	0.01982	0.00458	0.00544	0.01787	0.00618	0.00561
12	0.01877	0.01802	0.03079	0.04656	0.68612	0.01802	0.02328	0.02328	0.01727	0.02478	0.01427	0.01877	0.01201	0.00676	0.00751	0.00225	0.00901	0.00676	0.00375	0.01201
13	0.02618	0.01878	0.02035	0.01590	0.02131	0.02038	0.01291	0.50761	0.05979	0.07745	0.02222	0.02363	0.04385	0.06130	0.00982	0.00264	0.00780	0.00758	0.00737	0.03314
14	0.00960	0.00683	0.00861	0.00989	0.01038	0.00643	0.00644	0.01068	0.01398	0.01847	0.04048	0.54211	0.08886	0.17130	0.01566	0.00394	0.00498	0.01899	0.00653	0.00585
15	0.47126	0.01429	0.01408	0.01162	0.01682	0.01510	0.00959	0.05561	0.01720	0.28145	0.01817	0.01765	0.01238	0.00801	0.00592	0.00234	0.00620	0.00555	0.00658	0.01018
16	0.02073	0.69879	0.03873	0.01335	0.01969	0.06761	0.01307	0.02314	0.01575	0.01789	0.01061	0.01225	0.00974	0.00656	0.00498	0.00164	0.00842	0.00410	0.00328	0.00968
17	0.04416	0.02129	0.04599	0.03061	0.31498	0.14301	0.06186	0.06140	0.09733	0.02569	0.02038	0.02262	0.06029	0.00839	0.00752	0.00229	0.00933	0.00732	0.00472	0.01081
18	0.01609	0.01232	0.01365	0.01231	0.01530	0.01301	0.00950	0.15701	0.14687	0.02880	0.10866	0.04791	0.14976	0.14736	0.01409	0.00348	0.00620	0.08202	0.00698	0.00869
19	0.00896	0.00768	0.00768	0.00768	0.01025	0.00640	0.00576	0.01089	0.01729	0.02049	0.07684	0.07300	0.68304	0.01921	0.00896	0.00256	0.00384	0.01601	0.00704	0.00640
20	0.01980	0.01987	0.02775	0.03513	0.40445	0.09549	0.07209	0.02808	0.16891	0.02564	0.01790	0.02054	0.01429	0.00766	0.00760	0.00232	0.00915	0.00715	0.00469	0.01150
21	0.01606	0.15660	0.58422	0.02017	0.03058	0.01970	0.02550	0.02380	0.01591	0.02298	0.01310	0.01537	0.00963	0.00709	0.00681	0.00227	0.01069	0.00534	0.00321	0.01096
22	0.01772	0.02102	0.07033	0.03087	0.03826	0.01934	0.59670	0.02395	0.01747	0.02395	0.01497	0.02006	0.01134	0.00681	0.00977	0.00259	0.05221	0.00868	0.00378	0.01016
23	0.01533	0.01488	0.02076	0.01831	0.01839	0.02031	0.01496	0.01694	0.01211	0.01844	0.01542	0.13866	0.01685	0.01507	0.02228	0.00328	0.59692	0.00920	0.00396	0.00793
24	0.01100	0.00747	0.00884	0.00884	0.00904	0.00766	0.00530	0.01139	0.01120	0.01513	0.02338	0.04676	0.02633	0.63538	0.13495	0.00805	0.00923	0.01061	0.00452	0.00491
25	0.01777	0.01505	0.01634	0.01519	0.01906	0.01720	0.01204	0.03625	0.56448	0.03024	0.03240	0.03774	0.02653	0.01205	0.00817	0.00272	0.00616	0.11181	0.00760	0.01118
26	0.01843	0.01449	0.01685	0.01746	0.10198	0.04104	0.01192	0.02967	0.30707	0.10266	0.14467	0.03605	0.10203	0.01153	0.00800	0.00245	0.00608	0.00980	0.00729	0.01053
27	0.06042	0.01438	0.02281	0.53242	0.13653	0.01716	0.02000	0.02153	0.06040	0.02184	0.01461	0.02011	0.01116	0.00762	0.00741	0.00248	0.00943	0.00672	0.00380	0.00916
28	0.02131	0.64821	0.03741	0.01382	0.01998	0.11610	0.01319	0.02368	0.01619	0.01794	0.01070	0.01236	0.00974	0.00666	0.00512	0.00166	0.00882	0.00416	0.00333	0.00961
29	0.01090	0.00742	0.00889	0.00899	0.00922	0.00760	0.00546	0.01138	0.01141	0.01541	0.02441	0.08636	0.02762	0.59140	0.13572	0.00782	0.00911	0.01121	0.00466	0.00501
30	0.01150	0.00769	0.01003	0.01104	0.01213	0.00730	0.00774	0.04008	0.01635	0.05449	0.08397	0.59653	0.04828	0.02177	0.00947	0.00298	0.00470	0.03980	0.00727	0.00688
31	0.01640	0.20230	0.54142	0.01960	0.02971	0.02051	0.02451	0.02372	0.01587	0.02258	0.01290	0.01512	0.00964	0.00704	0.00666	0.00222	0.01049	0.00524	0.00321	0.01087
32	0.03403	0.01291	0.01760	0.01350	0.01936	0.01115	0.01115	0.03697	0.02171	0.69137	0.02992	0.02582	0.01878	0.00939	0.00763	0.00235	0.00645	0.00763	0.00939	0.01291
33	0.01474	0.03648	0.63418	0.02048	0.03090	0.01667	0.02614	0.02302	0.01631	0.02415	0.04575	0.02028	0.04165	0.00809	0.00736	0.00241	0.01055	0.00641	0.00360	0.01082
34	0.01105	0.00823	0.01061	0.04047	0.01364	0.00795	0.00817	0.04132	0.01867	0.02524	0.29308	0.29536	0.12428	0.01854	0.00918	0.00272	0.00459	0.05247	0.00742	0.00702
35	0.01132	0.00821	0.01066	0.01108	0.04101	0.00750	0.00772	0.01432	0.01963	0.04816	0.43838	0.14295	0.17717	0.01666	0.00894	0.00250	0.00406	0.01464	0.00777	0.00729
36	0.01058	0.00716	0.00841	0.00885	0.00896	0.00705	0.00521	0.01091	0.01191	0.01588	0.02840	0.22012	0.03325	0.55520	0.03134	0.00628	0.00661	0.01368	0.00521	0.00499

[dist]
# distance from previous block
# <min> <max>
0	2

[block]
# block no. 5 follows, 26 sequences, length 10
# corresponding to MSA columns:
# 219-228
name=unknown_F
#
# <colnr> <probs for GDERKNQSTAVLIFYWHMCP>
#	G	D	E	R	K	N	Q	S	T	A	V	L	I	F	Y	W	H	M	C	P
0	0.01695	0.01893	0.06521	0.16788	0.12897	0.01919	0.29990	0.02210	0.01608	0.02231	0.01380	0.01929	0.01094	0.00793	0.01119	0.00264	0.13563	0.00764	0.00361	0.00983
1	0.01253	0.00920	0.01169	0.01074	0.01292	0.00921	0.00825	0.08046	0.02111	0.02951	0.47071	0.04873	0.08368	0.02227	0.13063	0.00410	0.00702	0.01213	0.00746	0.00765
2	0.01105	0.00925	0.01539	0.01433	0.01625	0.00866	0.12155	0.01360	0.01603	0.02163	0.11062	0.50228	0.04559	0.01966	0.00950	0.00292	0.00588	0.04217	0.00663	0.00702
3	0.15775	0.08097	0.04504	0.04667	0.17359	0.33067	0.01601	0.02615	0.01818	0.02284	0.01213	0.01478	0.01001	0.00731	0.00650	0.00210	0.01062	0.00520	0.00392	0.00956
4	0.01101	0.00744	0.00873	0.00873	0.00889	0.00760	0.00517	0.01132	0.01117	0.01505	0.02348	0.04732	0.02657	0.65434	0.11632	0.00792	0.00887	0.01069	0.00453	0.00485
5	0.01532	0.07121	0.54218	0.14284	0.03554	0.01813	0.02602	0.02314	0.01583	0.02288	0.01343	0.01655	0.00970	0.00724	0.00715	0.00238	0.01086	0.00572	0.00323	0.01064
6	0.00915	0.00769	0.00794	0.00787	0.01036	0.00648	0.00591	0.01124	0.01772	0.02151	0.13903	0.07132	0.62021	0.01883	0.00896	0.00254	0.00381	0.01577	0.00718	0.00648
7	0.59536	0.01525	0.01288	0.01107	0.01578	0.01740	0.00908	0.13396	0.01713	0.03601	0.01298	0.01457	0.00989	0.00754	0.00525	0.00229	0.00613	0.00481	0.06369	0.00895
8	0.01617	0.01209	0.01399	0.01340	0.01645	0.01300	0.01044	0.02765	0.32589	0.07590	0.09930	0.16382	0.05556	0.01500	0.00863	0.00277	0.00560	0.10705	0.00765	0.00964
9	0.05658	0.01438	0.06596	0.01517	0.04849	0.03881	0.01189	0.11878	0.01936	0.09962	0.03043	0.32195	0.03162	0.01607	0.00855	0.00274	0.00668	0.07731	0.00669	0.00891

[dist]
# distance from previous block
# <min> <max>
5	11

[block]
# block no. 6 follows, 26 sequences, length 41
# corresponding to MSA columns:
# 241-281
name=unknown_G
#
# <colnr> <probs for GDERKNQSTAVLIFYWHMCP>
#	G	D	E	R	K	N	Q	S	T	A	V	L	I	F	Y	W	H	M	C	P
0	0.01119	0.00800	0.00993	0.02997	0.01149	0.00794	0.00651	0.01235	0.01284	0.01767	0.07360	0.12891	0.03089	0.43140	0.11607	0.00650	0.00835	0.01158	0.00507	0.05974
1	0.00974	0.00684	0.00874	0.00997	0.01036	0.00649	0.00646	0.01085	0.01402	0.01878	0.06806	0.53410	0.04579	0.19308	0.01656	0.00407	0.00507	0.01867	0.00652	0.00583
2	0.01584	0.09052	0.52224	0.02105	0.03083	0.01804	0.09479	0.02350	0.01617	0.02386	0.01434	0.01706	0.01052	0.00717	0.00708	0.00231	0.01060	0.00595	0.05744	0.01069
3	0.01707	0.30169	0.39957	0.06699	0.02914	0.02225	0.02185	0.02320	0.01573	0.02136	0.01244	0.01485	0.00969	0.00696	0.00635	0.00212	0.00996	0.00510	0.00323	0.01046
4	0.00967	0.00711	0.00976	0.05988	0.01378	0.00696	0.00792	0.01120	0.01442	0.01917	0.03908	0.65083	0.04643	0.05189	0.01073	0.00322	0.00492	0.02009	0.00668	0.00626
5	0.01131	0.00801	0.00974	0.01043	0.01111	0.02904	0.00718	0.01192	0.01396	0.01834	0.07991	0.30155	0.05941	0.15475	0.04189	0.15318	0.00630	0.06064	0.00576	0.00557
6	0.01338	0.01103	0.01156	0.01110	0.01375	0.03592	0.00853	0.08265	0.08555	0.02491	0.09491	0.12722	0.30659	0.05468	0.01041	0.00291	0.00548	0.08468	0.00701	0.00773
7	0.01740	0.01837	0.03628	0.06290	0.20221	0.01821	0.38116	0.02250	0.01674	0.02315	0.01524	0.02182	0.01260	0.05797	0.01163	0.00286	0.05676	0.00829	0.00382	0.01009
8	0.01067	0.00715	0.00830	0.00876	0.00913	0.00697	0.00535	0.01137	0.01262	0.01719	0.03145	0.22755	0.06756	0.45863	0.02711	0.00559	0.00613	0.01378	0.05943	0.00528
9	0.01918	0.01762	0.02850	0.15668	0.50208	0.01846	0.02188	0.09618	0.01904	0.02652	0.01459	0.01895	0.01179	0.00717	0.00753	0.00230	0.00912	0.00676	0.00413	0.01151
10	0.30876	0.02726	0.37240	0.04669	0.02573	0.01686	0.01919	0.02270	0.01506	0.02794	0.04432	0.01673	0.01205	0.00756	0.00635	0.00239	0.00876	0.00547	0.00402	0.00976
11	0.01073	0.00779	0.01014	0.00967	0.01148	0.00720	0.00733	0.01425	0.02114	0.02972	0.63198	0.05851	0.09288	0.01588	0.00901	0.00244	0.00374	0.04075	0.00824	0.00712
12	0.03403	0.01291	0.01760	0.01350	0.01936	0.01115	0.01115	0.03697	0.02171	0.69137	0.02992	0.02582	0.01878	0.00939	0.00763	0.00235	0.00645	0.00763	0.00939	0.01291
13	0.01749	0.01654	0.02771	0.19744	0.49018	0.01740	0.02193	0.02266	0.03937	0.02370	0.01573	0.02219	0.01327	0.00765	0.00766	0.00238	0.00908	0.03272	0.00394	0.01098
14	0.01188	0.00974	0.01081	0.01015	0.01212	0.05591	0.00761	0.01525	0.02125	0.02907	0.60337	0.05450	0.09929	0.01516	0.00880	0.00236	0.00430	0.01322	0.00797	0.00723
15	0.78701	0.01467	0.01115	0.00997	0.01467	0.01702	0.00821	0.02230	0.01291	0.03403	0.01056	0.01232	0.00821	0.00704	0.00469	0.00235	0.00587	0.00411	0.00469	0.00821
16	0.04736	0.07595	0.54154	0.02189	0.07960	0.01780	0.02487	0.02331	0.01623	0.02446	0.04840	0.01798	0.01299	0.00756	0.00708	0.00234	0.01024	0.00596	0.00358	0.01085
17	0.01264	0.01116	0.01852	0.01643	0.01858	0.01142	0.14585	0.03144	0.01557	0.02111	0.03148	0.41401	0.03550	0.04209	0.01213	0.00315	0.08338	0.06221	0.00589	0.00743
18	0.00974	0.00724	0.00908	0.00963	0.01098	0.00658	0.00684	0.01202	0.01763	0.02369	0.28636	0.35306	0.17966	0.01982	0.00927	0.00272	0.00399	0.01758	0.00753	0.00658
19	0.02628	0.10270	0.02431	0.06437	0.05651	0.34929	0.01523	0.22000	0.02455	0.02772	0.01381	0.01556	0.01085	0.00800	0.00694	0.00207	0.01102	0.00560	0.00491	0.01027
20	0.01122	0.00775	0.00880	0.00882	0.00942	0.00760	0.00544	0.03261	0.01306	0.01707	0.03254	0.12908	0.11784	0.50419	0.02989	0.03501	0.00654	0.01261	0.00526	0.00525
21	0.01521	0.03923	0.69413	0.02162	0.03283	0.01762	0.02802	0.02402	0.01601	0.02402	0.01361	0.01601	0.00961	0.00721	0.00721	0.00240	0.01121	0.00560	0.00320	0.01121
22	0.03082	0.01220	0.01657	0.01295	0.01826	0.01060	0.01060	0.03384	0.02168	0.60022	0.11987	0.03007	0.02606	0.01023	0.00781	0.00235	0.00606	0.00847	0.00924	0.01212
23	0.08400	0.00776	0.00744	0.00733	0.00936	0.00797	0.00557	0.01809	0.01564	0.02880	0.02346	0.02684	0.01843	0.00867	0.00525	0.00182	0.00375	0.00680	0.70587	0.00717
24	0.01226	0.00853	0.01171	0.01333	0.01503	0.00851	0.01152	0.01567	0.01724	0.02299	0.03907	0.10498	0.04209	0.02016	0.01006	0.00335	0.00663	0.56574	0.06417	0.00696
25	0.02001	0.70108	0.07431	0.01344	0.02017	0.02936	0.01377	0.02278	0.01544	0.01817	0.01071	0.01237	0.00973	0.00653	0.00499	0.00166	0.00828	0.00414	0.00324	0.00981
26	0.00982	0.00784	0.00887	0.00895	0.01122	0.00689	0.00694	0.01235	0.01833	0.02320	0.21992	0.07063	0.45127	0.01853	0.00916	0.00264	0.00418	0.09527	0.00735	0.00666
27	0.01222	0.00873	0.01222	0.01397	0.01572	0.00873	0.01222	0.01572	0.01746	0.02270	0.04016	0.08556	0.04365	0.02095	0.01048	0.00349	0.00698	0.63506	0.00698	0.00698
28	0.02028	0.73799	0.03975	0.01298	0.01947	0.03001	0.01298	0.02271	0.01541	0.01785	0.01055	0.01217	0.00973	0.00649	0.00487	0.00162	0.00811	0.00406	0.00324	0.00973
29	0.00924	0.00660	0.00880	0.01056	0.01100	0.00616	0.00704	0.01056	0.01452	0.01936	0.04181	0.72848	0.05017	0.02376	0.00968	0.00308	0.00440	0.02156	0.00704	0.00616
30	0.00931	0.00685	0.00873	0.01006	0.01091	0.00627	0.00686	0.01089	0.01544	0.02034	0.09419	0.58215	0.14520	0.02248	0.00952	0.00295	0.00426	0.02016	0.00714	0.00627
31	0.01084	0.00813	0.01219	0.01219	0.01354	0.00948	0.00948	0.01354	0.01219	0.01761	0.02032	0.02980	0.01896	0.05689	0.70337	0.01219	0.02032	0.00813	0.00406	0.00677
32	0.01521	0.03923	0.69413	0.02162	0.03283	0.01762	0.02802	0.02402	0.01601	0.02402	0.01361	0.01601	0.00961	0.00721	0.00721	0.00240	0.01121	0.00560	0.00320	0.01121
33	0.01981	0.01896	0.02945	0.06819	0.58143	0.05105	0.02212	0.07090	0.01876	0.02599	0.01441	0.01854	0.01190	0.00701	0.00749	0.00225	0.00923	0.00667	0.00403	0.01179
34	0.15574	0.08676	0.52142	0.01886	0.02854	0.01843	0.02331	0.02361	0.01541	0.02538	0.01283	0.01506	0.00936	0.00712	0.00658	0.00233	0.01001	0.00522	0.00348	0.01056
35	0.01602	0.10988	0.57326	0.02272	0.08376	0.01893	0.02609	0.02383	0.01605	0.02344	0.01335	0.01584	0.00981	0.00710	0.00699	0.00231	0.01071	0.00554	0.00325	0.01112
36	0.01645	0.01344	0.01440	0.01328	0.01701	0.01468	0.01039	0.03095	0.43475	0.05327	0.04324	0.04360	0.19333	0.01328	0.00822	0.00262	0.00553	0.05373	0.00756	0.01026
37	0.02859	0.02055	0.02220	0.01714	0.02310	0.02262	0.01412	0.59534	0.06831	0.08096	0.01949	0.01914	0.01375	0.00918	0.00760	0.00230	0.00812	0.00696	0.00769	0.01285
38	0.01458	0.01100	0.01353	0.06426	0.01722	0.01149	0.01004	0.13277	0.05981	0.02892	0.24101	0.16700	0.07136	0.05348	0.01036	0.00288	0.00574	0.06915	0.00719	0.00822
39	0.01036	0.00761	0.00994	0.01096	0.01137	0.00779	0.00755	0.01158	0.01377	0.01851	0.03556	0.48271	0.04195	0.17832	0.01713	0.00406	0.05466	0.06387	0.00624	0.00603
40	0.01426	0.01329	0.01321	0.01274	0.01416	0.13531	0.00936	0.01608	0.01355	0.01703	0.01936	0.03169	0.01927	0.22576	0.37813	0.00875	0.03901	0.00826	0.00415	0.00661

[dist]
# distance from previous block
# <min> <max>
0	2

[block]
# block no. 7 follows, 26 sequences, length 18
# corresponding to MSA columns:
# 284-293,301-308
name=unknown_H
#
# <colnr> <probs for GDERKNQSTAVLIFYWHMCP>
#	G	D	E	R	K	N	Q	S	T	A	V	L	I	F	Y	W	H	M	C	P
0	0.02824	0.02167	0.02200	0.01726	0.02293	0.08206	0.01410	0.55333	0.03287	0.06966	0.01820	0.01860	0.01311	0.01102	0.03683	0.00267	0.00924	0.00675	0.00719	0.01228
1	0.01907	0.01550	0.01751	0.01294	0.01941	0.01378	0.01045	0.17688	0.04997	0.03067	0.01542	0.01690	0.01217	0.00668	0.00619	0.00147	0.00630	0.00525	0.00539	0.55803
2	0.01535	0.01407	0.02215	0.26735	0.14450	0.01631	0.05043	0.02041	0.05414	0.02283	0.08192	0.02593	0.04302	0.00975	0.01048	0.00255	0.12339	0.00799	0.05840	0.00903
3	0.02310	0.01723	0.02006	0.01636	0.02025	0.01980	0.01327	0.36638	0.05076	0.06963	0.01909	0.04423	0.01569	0.05709	0.07984	0.00376	0.13863	0.00774	0.00638	0.01074
4	0.00924	0.00660	0.00880	0.01056	0.01100	0.00616	0.00704	0.01056	0.01452	0.01936	0.04181	0.72848	0.05017	0.02376	0.00968	0.00308	0.00440	0.02156	0.00704	0.00616
5	0.03403	0.01291	0.01760	0.01350	0.01936	0.01115	0.01115	0.03697	0.02171	0.69137	0.02992	0.02582	0.01878	0.00939	0.00763	0.00235	0.00645	0.00763	0.00939	0.01291
6	0.03403	0.01291	0.01760	0.01350	0.01936	0.01115	0.01115	0.03697	0.02171	0.69137	0.02992	0.02582	0.01878	0.00939	0.00763	0.00235	0.00645	0.00763	0.00939	0.01291
7	0.10232	0.02024	0.02141	0.01655	0.02248	0.02234	0.01367	0.57130	0.03284	0.07518	0.01799	0.01798	0.01271	0.00892	0.00731	0.00229	0.00802	0.00660	0.00739	0.01245
8	0.00993	0.00830	0.00872	0.00851	0.01107	0.00739	0.00641	0.01347	0.06362	0.02281	0.16728	0.06735	0.54242	0.01801	0.00887	0.00253	0.00395	0.01514	0.00729	0.00691
9	0.00970	0.00694	0.00926	0.01064	0.01139	0.00651	0.00743	0.01154	0.01586	0.02140	0.14597	0.57317	0.05319	0.02222	0.00962	0.00300	0.00445	0.06408	0.00725	0.00638
10	0.01065	0.00775	0.01001	0.00945	0.01128	0.00712	0.00709	0.01414	0.02126	0.02991	0.65135	0.05749	0.10265	0.01569	0.00895	0.00239	0.00359	0.01383	0.00828	0.00712
11	0.02978	0.01420	0.01781	0.01400	0.01941	0.01361	0.01144	0.14380	0.08012	0.46456	0.08526	0.02742	0.02277	0.00995	0.00774	0.00236	0.00649	0.00811	0.00884	0.01232
12	0.02830	0.01799	0.02033	0.01576	0.02137	0.01904	0.01295	0.45222	0.03102	0.19688	0.08510	0.02371	0.01994	0.00979	0.00773	0.00230	0.00744	0.00768	0.00808	0.01235
13	0.01084	0.00813	0.01219	0.01219	0.01354	0.00948	0.00948	0.01354	0.01219	0.01761	0.02032	0.02980	0.01896	0.05689	0.70337	0.01219	0.02032	0.00813	0.00406	0.00677
14	0.01364	0.00920	0.01128	0.01052	0.01287	0.00873	0.00792	0.07720	0.02089	0.07691	0.35634	0.18432	0.14752	0.01660	0.00886	0.00253	0.00445	0.01447	0.00790	0.00783
15	0.01019	0.00833	0.00914	0.00919	0.01165	0.00753	0.00715	0.01365	0.05588	0.02265	0.14347	0.07006	0.48520	0.01847	0.00909	0.00266	0.00435	0.09719	0.00723	0.00690
16	0.01887	0.01629	0.01715	0.01544	0.01972	0.01887	0.01201	0.04031	0.67241	0.03173	0.03087	0.02830	0.02315	0.01029	0.00772	0.00257	0.00600	0.00858	0.00772	0.01201
17	0.01074	0.00775	0.01014	0.00954	0.01133	0.00716	0.00716	0.01431	0.02147	0.03042	0.68211	0.05666	0.07157	0.01551	0.00895	0.00239	0.00358	0.01372	0.00835	0.00716

[dist]
# distance from previous block
# <min> <max>
0	2

[block]
# block no. 8 follows, 26 sequences, length 28
# corresponding to MSA columns:
# 311-338
name=unknown_I
#
# <colnr> <probs for GDERKNQSTAVLIFYWHMCP>
#	G	D	E	R	K	N	Q	S	T	A	V	L	I	F	Y	W	H	M	C	P
0	0.01573	0.01348	0.01573	0.01123	0.01798	0.01011	0.00899	0.01910	0.01573	0.02472	0.01348	0.01573	0.01123	0.00562	0.00562	0.00112	0.00562	0.00449	0.00449	0.77980
1	0.01638	0.01606	0.05249	0.07144	0.39465	0.01492	0.01826	0.02120	0.03954	0.02489	0.09212	0.07741	0.02174	0.00910	0.00762	0.00223	0.00771	0.00843	0.00470	0.09910
2	0.01794	0.02035	0.04414	0.03261	0.06809	0.01913	0.63061	0.02425	0.01788	0.02432	0.01530	0.02039	0.01153	0.00641	0.00889	0.00254	0.01262	0.00885	0.00383	0.01031
3	0.01634	0.01729	0.06346	0.31048	0.24260	0.01737	0.12929	0.02208	0.03830	0.02254	0.01554	0.04264	0.01263	0.00772	0.00784	0.00246	0.00996	0.00760	0.00382	0.01003
4	0.01500	0.00880	0.01158	0.01090	0.01200	0.00923	0.00779	0.10012	0.01424	0.01966	0.01650	0.04390	0.01560	0.04667	0.08713	0.49980	0.00784	0.00735	0.06057	0.00533
5	0.01592	0.11783	0.56757	0.04536	0.05990	0.01903	0.02585	0.02368	0.01597	0.02318	0.01328	0.01583	0.00974	0.00712	0.00696	0.00231	0.01072	0.00551	0.00324	0.01098
6	0.01103	0.00735	0.00827	0.00827	0.00827	0.00735	0.00460	0.01103	0.01103	0.01471	0.02390	0.04964	0.02758	0.73343	0.03861	0.00735	0.00735	0.01103	0.00460	0.00460
7	0.01573	0.01348	0.01573	0.01123	0.01798	0.01011	0.00899	0.01910	0.01573	0.02472	0.01348	0.01573	0.01123	0.00562	0.00562	0.00112	0.00562	0.00449	0.00449	0.77980
8	0.00989	0.00772	0.00896	0.00865	0.01081	0.00680	0.00649	0.01267	0.01947	0.02566	0.39201	0.06449	0.36464	0.01728	0.00895	0.00247	0.00370	0.01482	0.00772	0.00680
9	0.00944	0.00675	0.00897	0.01043	0.01104	0.00629	0.00706	0.01105	0.01542	0.02080	0.12489	0.64131	0.05294	0.02269	0.00959	0.00299	0.00429	0.02055	0.00721	0.00629
10	0.05117	0.01290	0.01510	0.01155	0.01726	0.01058	0.00914	0.04741	0.01709	0.09225	0.03725	0.09538	0.01787	0.00846	0.00640	0.00160	0.00564	0.00701	0.00551	0.53045
11	0.01318	0.00659	0.00988	0.00988	0.00988	0.00659	0.00659	0.00988	0.00988	0.01318	0.01318	0.02306	0.01318	0.02635	0.02964	0.77931	0.00659	0.00659	0.00329	0.00329
12	0.18738	0.00933	0.01037	0.00964	0.01209	0.00940	0.00740	0.01613	0.01952	0.03124	0.52930	0.04657	0.05715	0.01358	0.00798	0.00238	0.00410	0.01153	0.00752	0.00740
13	0.04263	0.01930	0.02613	0.03599	0.45950	0.11553	0.01941	0.02298	0.01792	0.02446	0.08871	0.02199	0.01817	0.00824	0.00840	0.00228	0.04616	0.00718	0.00430	0.01069
14	0.01357	0.01156	0.01200	0.08995	0.01606	0.08865	0.00873	0.01487	0.01364	0.01685	0.02371	0.04746	0.02592	0.46376	0.02733	0.00562	0.00834	0.10139	0.00473	0.00586
15	0.01293	0.00818	0.01053	0.00989	0.01206	0.00740	0.00743	0.01599	0.02023	0.10077	0.46857	0.13239	0.13210	0.01620	0.00889	0.00248	0.00402	0.01421	0.00817	0.00759
16	0.01771	0.01407	0.01526	0.01384	0.01751	0.01573	0.01064	0.03336	0.49584	0.05537	0.03413	0.03275	0.09776	0.01309	0.01032	0.08996	0.00584	0.00917	0.00721	0.01042
17	0.10635	0.02293	0.01951	0.01611	0.02108	0.19876	0.01285	0.35538	0.02749	0.03563	0.02230	0.02257	0.08699	0.00969	0.00724	0.00223	0.00897	0.00707	0.00626	0.01060
18	0.01403	0.00847	0.01037	0.01223	0.08656	0.00854	0.00771	0.01717	0.01528	0.02538	0.02370	0.03190	0.02041	0.10520	0.04720	0.00316	0.00566	0.02804	0.52169	0.00730
19	0.01789	0.02391	0.19416	0.15794	0.27008	0.07724	0.02202	0.02531	0.09230	0.02385	0.01565	0.01900	0.01214	0.00752	0.00741	0.00235	0.00983	0.00651	0.00401	0.01087
20	0.01525	0.03231	0.51612	0.02042	0.05172	0.01660	0.02367	0.02478	0.09218	0.02565	0.09084	0.02210	0.01822	0.00848	0.00747	0.00241	0.00968	0.00690	0.00432	0.01087
21	0.01597	0.10732	0.36851	0.06044	0.08653	0.01795	0.02103	0.02388	0.08930	0.02293	0.01645	0.02132	0.01346	0.09100	0.01066	0.00290	0.00958	0.00656	0.00393	0.01029
22	0.01723	0.40887	0.13396	0.01370	0.01938	0.04309	0.01377	0.02028	0.01523	0.01879	0.02003	0.02417	0.08754	0.09200	0.01052	0.00259	0.03951	0.00659	0.00384	0.00891
23	0.01034	0.00901	0.01245	0.01110	0.01385	0.00796	0.07963	0.01301	0.01784	0.02268	0.18129	0.13938	0.41809	0.01759	0.00904	0.00259	0.00486	0.01542	0.00693	0.00695
24	0.01045	0.00800	0.00965	0.00963	0.01148	0.00745	0.00706	0.01419	0.05727	0.02566	0.35636	0.19952	0.21944	0.01786	0.00903	0.00259	0.00396	0.01564	0.00771	0.00704
25	0.01479	0.13273	0.25950	0.06920	0.07245	0.01633	0.05135	0.01959	0.01538	0.02117	0.03634	0.13257	0.01997	0.09340	0.01103	0.00296	0.00887	0.00904	0.00419	0.00913
26	0.09927	0.01052	0.01341	0.01400	0.05030	0.01069	0.04301	0.01792	0.10577	0.02413	0.06676	0.31360	0.12468	0.01704	0.00862	0.00278	0.00554	0.05754	0.00658	0.00785
27	0.01254	0.00809	0.01041	0.00982	0.01192	0.00733	0.00736	0.01561	0.02022	0.08970	0.47949	0.13290	0.13298	0.01630	0.00891	0.00248	0.00397	0.01431	0.00815	0.00749

[dist]
# distance from previous block
# <min> <max>
0	4

[block]
# block no. 9 follows, 26 sequences, length 9
# corresponding to MSA columns:
# 343-351
name=unknown_J
#
# <colnr> <probs for GDERKNQSTAVLIFYWHMCP>
#	G	D	E	R	K	N	Q	S	T	A	V	L	I	F	Y	W	H	M	C	P
0	0.13807	0.01828	0.05360	0.13508	0.13864	0.01821	0.26388	0.02477	0.08721	0.02593	0.01575	0.01957	0.01205	0.00719	0.00765	0.00247	0.00989	0.00734	0.00428	0.01014
1	0.05221	0.23250	0.09091	0.18371	0.05468	0.08161	0.01608	0.03806	0.01604	0.02073	0.01464	0.05138	0.01293	0.01374	0.08759	0.00332	0.01058	0.00642	0.00381	0.00907
2	0.01305	0.01312	0.01093	0.01084	0.01352	0.13597	0.00839	0.01522	0.01810	0.02047	0.05920	0.06390	0.46113	0.01736	0.00880	0.00259	0.00614	0.10787	0.00645	0.00693
3	0.01391	0.01320	0.01481	0.01860	0.13813	0.11409	0.01121	0.01591	0.01609	0.02025	0.03213	0.48837	0.03696	0.01819	0.00885	0.00276	0.00666	0.01629	0.00596	0.00765
4	0.16130	0.01641	0.04080	0.03931	0.17822	0.03375	0.04616	0.04927	0.03197	0.07535	0.01971	0.04273	0.03269	0.01052	0.01011	0.00263	0.11587	0.07842	0.00504	0.00973
5	0.01825	0.01659	0.02195	0.01866	0.01987	0.02184	0.01541	0.13687	0.01624	0.02376	0.01347	0.05125	0.01282	0.01501	0.05218	0.00352	0.52155	0.00745	0.00432	0.00898
6	0.01084	0.00752	0.00961	0.00924	0.01085	0.00690	0.00678	0.01282	0.01850	0.02526	0.43889	0.05364	0.18109	0.01825	0.01279	0.14654	0.00419	0.01285	0.00715	0.00629
7	0.01066	0.00745	0.00945	0.01005	0.01085	0.00719	0.00701	0.01238	0.01539	0.02084	0.18481	0.24012	0.04639	0.26606	0.01960	0.00445	0.00562	0.10919	0.00649	0.00598
8	0.12503	0.05259	0.21748	0.05014	0.14705	0.01751	0.01850	0.02447	0.11477	0.02537	0.01646	0.01950	0.01304	0.01352	0.08843	0.00353	0.03166	0.00636	0.00431	0.01028

[dist]
# distance from previous block
# <min> <max>
0	17

# created by:
# /st0/software/busco_prod/Augustus/scripts/msa2prfl.pl ./align_prep/151600.fa
