[name]
unknown

[dist]
# distance from previous block
# <min> <max>
9	74

[block]
# block no. 0 follows, 29 sequences, length 16
# corresponding to MSA columns:
# 77-92
name=unknown_A
#
# <colnr> <probs for GDERKNQSTAVLIFYWHMCP>
#	G	D	E	R	K	N	Q	S	T	A	V	L	I	F	Y	W	H	M	C	P
0	0.05793	0.01719	0.01927	0.07931	0.11090	0.08983	0.01389	0.25309	0.04195	0.08239	0.06789	0.02690	0.01905	0.00962	0.00731	0.00227	0.00781	0.07742	0.00595	0.01002
1	0.01578	0.08522	0.01403	0.01114	0.03200	0.04047	0.00840	0.10264	0.01646	0.02441	0.01955	0.05756	0.01713	0.06782	0.04239	0.04933	0.03990	0.00715	0.34122	0.00741
2	0.09674	0.01163	0.01230	0.06402	0.06110	0.05255	0.00936	0.06237	0.04372	0.02455	0.03375	0.03680	0.20724	0.01247	0.02689	0.00243	0.00598	0.04089	0.18758	0.00762
3	0.01254	0.04295	0.01293	0.04117	0.01457	0.00955	0.03106	0.04243	0.05508	0.06095	0.06230	0.42999	0.03608	0.07212	0.03895	0.00330	0.00590	0.01488	0.00617	0.00707
4	0.10163	0.01671	0.01691	0.01390	0.01818	0.04424	0.01103	0.37864	0.11153	0.03541	0.01949	0.05449	0.01606	0.08350	0.00975	0.00266	0.00704	0.00734	0.04142	0.01009
5	0.05003	0.01037	0.01465	0.01570	0.11405	0.00996	0.03755	0.01840	0.03385	0.12456	0.19583	0.07440	0.12604	0.05796	0.03742	0.00299	0.00612	0.05565	0.00633	0.00814
6	0.07717	0.01734	0.02451	0.11536	0.40296	0.08433	0.04789	0.04896	0.01671	0.02386	0.01370	0.01753	0.01109	0.00676	0.00672	0.00211	0.00856	0.00610	0.05839	0.00996
7	0.02025	0.01373	0.01836	0.04776	0.02069	0.01284	0.07072	0.13033	0.05299	0.18154	0.04585	0.07747	0.01794	0.00867	0.00689	0.00193	0.00653	0.00749	0.00610	0.25191
8	0.05269	0.02446	0.01760	0.01572	0.01882	0.40824	0.01188	0.11159	0.01913	0.02111	0.01395	0.01934	0.01252	0.11040	0.07581	0.00349	0.04507	0.00592	0.00424	0.00804
9	0.29189	0.01995	0.14790	0.05942	0.08470	0.05157	0.06117	0.08324	0.01632	0.02765	0.05272	0.01693	0.01266	0.00753	0.00690	0.00224	0.03811	0.00571	0.00431	0.00909
10	0.05857	0.01147	0.01452	0.04523	0.01734	0.01126	0.02403	0.05404	0.11005	0.25039	0.13208	0.11082	0.04889	0.03200	0.00824	0.00241	0.00561	0.00963	0.00712	0.04630
11	0.01452	0.01187	0.01668	0.15878	0.14885	0.01273	0.01261	0.11487	0.01682	0.02257	0.04931	0.09394	0.06818	0.17522	0.04929	0.00378	0.00783	0.00939	0.00484	0.00793
12	0.01523	0.01409	0.02582	0.14759	0.02953	0.01364	0.27999	0.01989	0.03416	0.05371	0.08553	0.07319	0.01940	0.00908	0.00848	0.03386	0.00854	0.00858	0.00456	0.11514
13	0.02316	0.02487	0.01972	0.01927	0.09715	0.36789	0.01352	0.17394	0.05259	0.02507	0.02065	0.02151	0.09218	0.00886	0.00692	0.00203	0.00980	0.00658	0.00494	0.00934
14	0.02340	0.01577	0.02026	0.06085	0.14915	0.01636	0.01398	0.20821	0.13903	0.20171	0.02070	0.02059	0.01476	0.00812	0.00703	0.00215	0.00707	0.00674	0.00650	0.05762
15	0.06057	0.01357	0.02310	0.44850	0.13649	0.01542	0.09282	0.01886	0.01488	0.02067	0.05220	0.02041	0.01318	0.00781	0.00779	0.02603	0.00894	0.00679	0.00360	0.00836

[dist]
# distance from previous block
# <min> <max>
0	2

[block]
# block no. 1 follows, 29 sequences, length 10
# corresponding to MSA columns:
# 95-104
name=unknown_B
#
# <colnr> <probs for GDERKNQSTAVLIFYWHMCP>
#	G	D	E	R	K	N	Q	S	T	A	V	L	I	F	Y	W	H	M	C	P
0	0.01912	0.01799	0.01957	0.06405	0.18741	0.15275	0.01403	0.16345	0.03941	0.02542	0.04558	0.09958	0.01872	0.06981	0.02925	0.00282	0.00865	0.00819	0.00500	0.00920
1	0.01078	0.00785	0.00888	0.00892	0.01081	0.00724	0.00641	0.03695	0.03856	0.05043	0.07805	0.25036	0.34853	0.08959	0.01118	0.00296	0.00440	0.01505	0.00657	0.00648
2	0.01869	0.01230	0.01342	0.01142	0.01485	0.01284	0.00901	0.28119	0.02265	0.07416	0.02949	0.12617	0.10672	0.01158	0.00697	0.00215	0.00544	0.00951	0.22248	0.00896
3	0.01607	0.01043	0.01235	0.14497	0.01871	0.01146	0.00947	0.15009	0.01852	0.02865	0.02001	0.02323	0.01538	0.00813	0.00581	0.00189	0.00538	0.00653	0.48495	0.00797
4	0.06455	0.01815	0.01926	0.01728	0.08334	0.12508	0.01273	0.20609	0.02310	0.32766	0.02025	0.01933	0.01377	0.00818	0.00690	0.00212	0.00779	0.00633	0.00686	0.01123
5	0.00991	0.00765	0.00929	0.00995	0.01195	0.00703	0.00817	0.01250	0.01668	0.02105	0.11871	0.07215	0.35303	0.01840	0.00903	0.00277	0.00486	0.29384	0.00671	0.00632
6	0.02376	0.02689	0.02147	0.02048	0.08477	0.42331	0.01482	0.12023	0.01999	0.02189	0.01180	0.01441	0.00983	0.00838	0.00976	0.00214	0.14769	0.00532	0.00405	0.00901
7	0.01069	0.00789	0.01038	0.01142	0.01322	0.00758	0.00968	0.01369	0.01683	0.02179	0.12665	0.07461	0.17623	0.01871	0.00937	0.00298	0.00557	0.44952	0.00673	0.00647
8	0.02424	0.01871	0.14792	0.01511	0.02120	0.01516	0.01409	0.12666	0.19542	0.30865	0.02386	0.02208	0.01628	0.00861	0.00710	0.00226	0.00704	0.00693	0.00707	0.01160
9	0.02876	0.08634	0.01944	0.01345	0.01894	0.01489	0.01127	0.15513	0.06985	0.46930	0.02431	0.02181	0.01605	0.00856	0.00691	0.00214	0.00651	0.00676	0.00782	0.01177

[dist]
# distance from previous block
# <min> <max>
5	6

[block]
# block no. 2 follows, 29 sequences, length 160
# corresponding to MSA columns:
# 112-271
name=unknown_C
#
# <colnr> <probs for GDERKNQSTAVLIFYWHMCP>
#	G	D	E	R	K	N	Q	S	T	A	V	L	I	F	Y	W	H	M	C	P
0	0.01618	0.06639	0.01806	0.03776	0.01879	0.01368	0.01044	0.07492	0.01584	0.02366	0.01242	0.01498	0.01039	0.00658	0.00773	0.00149	0.09813	0.00471	0.00421	0.54364
1	0.24585	0.01956	0.17224	0.09363	0.13473	0.01698	0.01685	0.04873	0.01457	0.02514	0.01275	0.01764	0.01052	0.00806	0.00856	0.00238	0.10728	0.03160	0.00385	0.00909
2	0.01693	0.01636	0.02835	0.15114	0.57034	0.01680	0.05305	0.02132	0.01593	0.02245	0.01333	0.01791	0.01098	0.00645	0.00713	0.00217	0.00879	0.00644	0.00347	0.01067
3	0.01034	0.00699	0.00882	0.00949	0.01050	0.00655	0.00664	0.01188	0.01451	0.04675	0.11208	0.36372	0.11469	0.16597	0.01437	0.00358	0.00485	0.07595	0.00637	0.00595
4	0.02400	0.02752	0.02331	0.02342	0.14718	0.43787	0.06247	0.10173	0.04508	0.02245	0.01303	0.01515	0.01046	0.00728	0.00679	0.00198	0.01115	0.00551	0.00416	0.00945
5	0.00970	0.00667	0.00834	0.00916	0.00961	0.00642	0.00602	0.01049	0.01271	0.01686	0.05398	0.35661	0.06590	0.28988	0.02002	0.04340	0.00537	0.05803	0.00563	0.00520
6	0.05195	0.51230	0.17212	0.01461	0.02142	0.06566	0.03534	0.02202	0.01489	0.01880	0.01069	0.01248	0.00911	0.00632	0.00523	0.00175	0.00855	0.00429	0.00315	0.00932
7	0.02037	0.02211	0.02514	0.02044	0.02397	0.24592	0.16882	0.05609	0.04140	0.04297	0.01318	0.01683	0.01085	0.01064	0.04243	0.00279	0.21692	0.00637	0.00397	0.00878
8	0.00909	0.00675	0.00844	0.00932	0.01044	0.00618	0.00662	0.01089	0.01532	0.02014	0.15231	0.42090	0.19054	0.04341	0.00976	0.00284	0.00415	0.06020	0.00673	0.00599
9	0.01154	0.00881	0.01081	0.01201	0.06571	0.00820	0.00826	0.04044	0.03409	0.05082	0.07492	0.19014	0.36047	0.01699	0.00844	0.00254	0.00469	0.07748	0.00654	0.00710
10	0.01926	0.36824	0.09410	0.13194	0.02579	0.10588	0.04189	0.04362	0.01604	0.05201	0.01202	0.01440	0.00977	0.00688	0.00637	0.00191	0.03219	0.00495	0.00357	0.00918
11	0.01679	0.01633	0.02865	0.16862	0.52792	0.01681	0.07787	0.02127	0.01590	0.02230	0.01335	0.01801	0.01091	0.00646	0.00718	0.00219	0.00895	0.00652	0.00347	0.01052
12	0.07877	0.01241	0.01545	0.01247	0.01731	0.01187	0.01011	0.03256	0.14549	0.47984	0.08418	0.02628	0.02194	0.00931	0.00710	0.00225	0.00571	0.00759	0.00814	0.01121
13	0.01450	0.01385	0.02359	0.54224	0.18689	0.01631	0.03990	0.01907	0.01463	0.01937	0.01276	0.01859	0.00991	0.00709	0.00767	0.00234	0.03296	0.00639	0.00325	0.00867
14	0.01822	0.09798	0.07400	0.07468	0.37462	0.04109	0.05185	0.07702	0.03919	0.02367	0.01350	0.01693	0.01100	0.00704	0.00773	0.00215	0.04893	0.00610	0.00382	0.01049
15	0.00901	0.00646	0.00839	0.00951	0.01018	0.00602	0.00643	0.01053	0.01458	0.01962	0.14717	0.55862	0.07536	0.06950	0.01076	0.00303	0.00417	0.01817	0.00666	0.00585
16	0.01237	0.00618	0.00928	0.00928	0.00928	0.00618	0.00618	0.00928	0.00928	0.01237	0.01237	0.02165	0.01237	0.02474	0.02783	0.79283	0.00618	0.00618	0.00309	0.00309
17	0.01960	0.57718	0.10630	0.01391	0.02013	0.12420	0.01390	0.02245	0.01533	0.01746	0.01036	0.01200	0.00913	0.00634	0.00506	0.00164	0.00866	0.00407	0.00313	0.00916
18	0.10456	0.04867	0.02011	0.04354	0.02183	0.19283	0.01300	0.35170	0.08001	0.03353	0.01540	0.01612	0.01151	0.00800	0.00659	0.00208	0.00870	0.00574	0.00571	0.01037
19	0.02377	0.01777	0.01908	0.01529	0.02021	0.01971	0.01239	0.50477	0.14231	0.03990	0.02079	0.06768	0.01629	0.00965	0.00720	0.00222	0.00706	0.00762	0.03496	0.01135
20	0.01477	0.01266	0.01477	0.01055	0.01687	0.00949	0.00844	0.01793	0.01477	0.02320	0.01266	0.01477	0.01055	0.00527	0.00527	0.00105	0.00527	0.00422	0.00422	0.79328
21	0.01730	0.02142	0.18456	0.04799	0.07678	0.01647	0.33451	0.02438	0.07217	0.08201	0.01710	0.04268	0.01306	0.00730	0.00773	0.00235	0.01007	0.00775	0.00429	0.01010
22	0.01460	0.01244	0.01450	0.01044	0.01654	0.00940	0.00828	0.01765	0.01460	0.02285	0.01302	0.01595	0.01112	0.03304	0.00643	0.00127	0.00533	0.00445	0.00422	0.76385
23	0.00990	0.00727	0.00928	0.00878	0.01053	0.00665	0.00658	0.01310	0.01975	0.02758	0.63603	0.05479	0.13334	0.01492	0.00840	0.00226	0.00339	0.01310	0.00771	0.00665
24	0.01762	0.01692	0.02890	0.04371	0.70533	0.01692	0.02185	0.02185	0.01621	0.02326	0.01339	0.01762	0.01128	0.00634	0.00705	0.00211	0.00846	0.00634	0.00352	0.01128
25	0.01935	0.04553	0.10638	0.10688	0.02399	0.04446	0.01436	0.30524	0.04517	0.03085	0.02610	0.02798	0.13246	0.01004	0.00727	0.00224	0.00773	0.02842	0.00571	0.00985
26	0.01036	0.00690	0.00777	0.00777	0.00777	0.00690	0.00431	0.01036	0.01036	0.01381	0.02244	0.04660	0.02589	0.74975	0.03624	0.00690	0.00690	0.01036	0.00431	0.00431
27	0.01477	0.01266	0.01477	0.01055	0.01687	0.00949	0.00844	0.01793	0.01477	0.02320	0.01266	0.01477	0.01055	0.00527	0.00527	0.00105	0.00527	0.00422	0.00422	0.79328
28	0.01237	0.00618	0.00928	0.00928	0.00928	0.00618	0.00618	0.00928	0.00928	0.01237	0.01237	0.02165	0.01237	0.02474	0.02783	0.79283	0.00618	0.00618	0.00309	0.00309
29	0.02528	0.03144	0.02146	0.02207	0.12231	0.61780	0.01495	0.02747	0.01960	0.01828	0.01136	0.01354	0.00948	0.00719	0.00651	0.00188	0.01220	0.00484	0.00365	0.00870
30	0.01440	0.01472	0.05670	0.54573	0.16501	0.01613	0.02014	0.01983	0.04086	0.01977	0.01343	0.01884	0.01026	0.00706	0.00709	0.00232	0.00921	0.00634	0.00338	0.00878
31	0.02815	0.01200	0.01578	0.01251	0.01747	0.01092	0.01019	0.03295	0.09710	0.56495	0.09499	0.02737	0.02301	0.00948	0.00729	0.00223	0.00574	0.00783	0.00854	0.01149
32	0.04813	0.00715	0.00910	0.03169	0.01155	0.00699	0.00684	0.01187	0.01340	0.04619	0.05560	0.49838	0.03900	0.13867	0.01372	0.02866	0.00493	0.01620	0.00604	0.00590
33	0.12062	0.33458	0.27747	0.01525	0.02249	0.02091	0.03923	0.02122	0.01440	0.02115	0.01251	0.04818	0.01078	0.00718	0.00569	0.00197	0.00837	0.00529	0.00340	0.00931
34	0.02601	0.03236	0.02032	0.01828	0.02183	0.65440	0.01385	0.05413	0.02020	0.01852	0.01116	0.01316	0.00930	0.00767	0.00738	0.00192	0.05259	0.00475	0.00378	0.00838
35	0.01030	0.00692	0.00796	0.00801	0.00808	0.00697	0.00460	0.01045	0.01051	0.01407	0.02278	0.06670	0.02614	0.69452	0.06827	0.00700	0.00740	0.01052	0.00436	0.00446
36	0.00906	0.00722	0.00800	0.00782	0.00987	0.00629	0.00579	0.01129	0.01724	0.02205	0.27750	0.06241	0.46035	0.05196	0.00974	0.00257	0.00368	0.01409	0.00691	0.00616
37	0.01681	0.01921	0.04202	0.03001	0.03721	0.01801	0.67947	0.02281	0.01681	0.02281	0.01441	0.01921	0.01080	0.00600	0.00840	0.00240	0.01200	0.00840	0.00360	0.00960
38	0.00899	0.00663	0.00914	0.05822	0.01292	0.00645	0.00749	0.01047	0.01367	0.01818	0.03747	0.69657	0.04458	0.02129	0.00896	0.00286	0.00449	0.01931	0.00638	0.00593
39	0.00907	0.00746	0.00801	0.00783	0.01011	0.00651	0.00588	0.01176	0.03652	0.02172	0.21805	0.06374	0.53444	0.01698	0.00838	0.00237	0.00361	0.01433	0.00692	0.00633
40	0.00987	0.00655	0.00861	0.00987	0.01060	0.00606	0.00667	0.01117	0.01396	0.05228	0.03945	0.65835	0.07132	0.04631	0.00989	0.00298	0.00430	0.01905	0.00664	0.00606
41	0.01904	0.75404	0.03731	0.01218	0.01828	0.02818	0.01218	0.02132	0.01447	0.01675	0.00990	0.01142	0.00914	0.00609	0.00457	0.00152	0.00761	0.00381	0.00305	0.00914
42	0.00873	0.00644	0.00817	0.00940	0.01023	0.00588	0.00642	0.01020	0.01451	0.01905	0.08904	0.58509	0.15864	0.02107	0.00893	0.00277	0.00399	0.01887	0.00669	0.00588
43	0.01427	0.00963	0.01128	0.01014	0.01294	0.00939	0.00778	0.04090	0.13343	0.11198	0.30612	0.04732	0.20221	0.03968	0.00900	0.00247	0.00441	0.01156	0.00742	0.00809
44	0.00875	0.00657	0.00814	0.00929	0.01031	0.00596	0.00647	0.01028	0.01462	0.01889	0.06875	0.52261	0.21902	0.02085	0.00892	0.00276	0.00406	0.04121	0.00665	0.00590
45	0.02607	0.01431	0.01646	0.01329	0.01807	0.04360	0.01069	0.13758	0.13429	0.38280	0.04753	0.02673	0.05334	0.03175	0.00811	0.00236	0.00639	0.00774	0.00778	0.01111
46	0.01008	0.00728	0.00952	0.00896	0.01064	0.00672	0.00672	0.01344	0.02016	0.02855	0.70158	0.05319	0.06719	0.01456	0.00840	0.00224	0.00336	0.01288	0.00784	0.00672
47	0.01105	0.00865	0.01020	0.00967	0.01190	0.00847	0.00739	0.01689	0.13220	0.02642	0.42336	0.05318	0.19812	0.01470	0.00827	0.00235	0.00393	0.03851	0.00742	0.00732
48	0.01762	0.01692	0.02890	0.04371	0.70533	0.01692	0.02185	0.02185	0.01621	0.02326	0.01339	0.01762	0.01128	0.00634	0.00705	0.00211	0.00846	0.00634	0.00352	0.01128
49	0.01020	0.00751	0.01085	0.01085	0.01191	0.00858	0.00815	0.01233	0.01127	0.01609	0.01962	0.03100	0.01912	0.16666	0.61008	0.01071	0.01709	0.00807	0.00390	0.00603
50	0.00868	0.00620	0.00826	0.00991	0.01033	0.00578	0.00661	0.00991	0.01363	0.01818	0.03925	0.74510	0.04710	0.02231	0.00909	0.00289	0.00413	0.02024	0.00661	0.00578
51	0.01827	0.01203	0.01374	0.01171	0.01471	0.01297	0.00911	0.25688	0.02051	0.06965	0.02031	0.02654	0.01714	0.13834	0.15918	0.00474	0.00896	0.00740	0.16930	0.00851
52	0.01207	0.00771	0.00999	0.00924	0.01130	0.00700	0.00699	0.01517	0.01961	0.09524	0.56038	0.08110	0.10762	0.01457	0.00831	0.00228	0.00368	0.01278	0.00779	0.00716
53	0.01477	0.01266	0.01477	0.01055	0.01687	0.00949	0.00844	0.01793	0.01477	0.02320	0.01266	0.01477	0.01055	0.00527	0.00527	0.00105	0.00527	0.00422	0.00422	0.79328
54	0.00943	0.00688	0.00886	0.00915	0.01044	0.00632	0.00656	0.01188	0.01746	0.02399	0.40703	0.30365	0.11658	0.01766	0.00865	0.00249	0.00366	0.01572	0.00729	0.00632
55	0.00902	0.00634	0.00816	0.00947	0.00980	0.00602	0.00613	0.01001	0.01295	0.01727	0.03576	0.60026	0.04270	0.17316	0.01472	0.00372	0.00471	0.01819	0.00613	0.00548
56	0.02657	0.01113	0.01492	0.01198	0.01653	0.00988	0.00968	0.03002	0.04600	0.53510	0.14193	0.06483	0.02758	0.01048	0.00747	0.00225	0.00549	0.00880	0.00848	0.01086
57	0.00996	0.00727	0.00935	0.00883	0.01056	0.00667	0.00662	0.01320	0.01987	0.02788	0.65592	0.05430	0.11326	0.01481	0.00840	0.00225	0.00338	0.01303	0.00775	0.00667
58	0.02278	0.01782	0.01896	0.01552	0.02045	0.02008	0.01250	0.38685	0.33520	0.03797	0.02254	0.02143	0.01652	0.00906	0.00718	0.00226	0.00683	0.00716	0.00718	0.01173
59	0.02707	0.01995	0.02137	0.01638	0.02208	0.02208	0.01353	0.68159	0.03348	0.04488	0.01710	0.01710	0.01211	0.00855	0.00712	0.00214	0.00784	0.00641	0.00712	0.01211
60	0.00869	0.00665	0.00798	0.00885	0.01009	0.00594	0.00618	0.01030	0.01510	0.01939	0.10366	0.44293	0.28837	0.02013	0.00879	0.00266	0.00388	0.01775	0.00671	0.00594
61	0.02707	0.01995	0.02137	0.01638	0.02208	0.02208	0.01353	0.68159	0.03348	0.04488	0.01710	0.01710	0.01211	0.00855	0.00712	0.00214	0.00784	0.00641	0.00712	0.01211
62	0.01428	0.03683	0.71286	0.02030	0.03082	0.01654	0.02631	0.02255	0.01503	0.02255	0.01278	0.01503	0.00902	0.00677	0.00677	0.00226	0.01052	0.00526	0.00301	0.01052
63	0.01080	0.00772	0.01071	0.01235	0.01369	0.00762	0.01031	0.01360	0.01573	0.02056	0.03807	0.23941	0.04244	0.02030	0.00966	0.00319	0.00598	0.50493	0.00657	0.00637
64	0.02707	0.01995	0.02137	0.01638	0.02208	0.02208	0.01353	0.68159	0.03348	0.04488	0.01710	0.01710	0.01211	0.00855	0.00712	0.00214	0.00784	0.00641	0.00712	0.01211
65	0.01017	0.00763	0.01144	0.01144	0.01272	0.00890	0.00890	0.01272	0.01144	0.01653	0.01907	0.02797	0.01780	0.05340	0.72153	0.01144	0.01907	0.00763	0.00381	0.00636
66	0.01327	0.00664	0.00664	0.00664	0.00830	0.00664	0.00498	0.01659	0.01493	0.02655	0.02323	0.02655	0.01825	0.00830	0.00498	0.00166	0.00332	0.00664	0.78928	0.00664
67	0.03195	0.01212	0.01652	0.01267	0.01818	0.01047	0.01047	0.03470	0.02038	0.71026	0.02809	0.02424	0.01763	0.00881	0.00716	0.00220	0.00606	0.00716	0.00881	0.01212
68	0.01600	0.01635	0.02273	0.01923	0.01969	0.04445	0.04734	0.01778	0.01149	0.01742	0.00964	0.01566	0.00941	0.01199	0.02210	0.00304	0.67836	0.00628	0.00316	0.00789
69	0.01525	0.03306	0.58122	0.02123	0.03082	0.01668	0.10916	0.02283	0.01531	0.04589	0.01340	0.01590	0.00955	0.00692	0.00751	0.00230	0.03353	0.00576	0.00328	0.01037
70	0.01460	0.01383	0.02344	0.54217	0.23049	0.01612	0.02035	0.01921	0.01478	0.01959	0.01286	0.01861	0.00999	0.00690	0.00710	0.00230	0.00921	0.00633	0.00326	0.00884
71	0.01762	0.01692	0.02890	0.04371	0.70533	0.01692	0.02185	0.02185	0.01621	0.02326	0.01339	0.01762	0.01128	0.00634	0.00705	0.00211	0.00846	0.00634	0.00352	0.01128
72	0.00868	0.00620	0.00826	0.00991	0.01033	0.00578	0.00661	0.00991	0.01363	0.01818	0.03925	0.74510	0.04710	0.02231	0.00909	0.00289	0.00413	0.02024	0.00661	0.00578
73	0.01459	0.00877	0.01107	0.01036	0.01210	0.00890	0.00743	0.03786	0.05555	0.13106	0.06736	0.12134	0.02728	0.28020	0.16845	0.00590	0.00873	0.01034	0.00570	0.00701
74	0.00884	0.00658	0.00790	0.00886	0.00977	0.00600	0.00595	0.01006	0.01390	0.01786	0.04605	0.45852	0.22668	0.12328	0.01271	0.00332	0.00437	0.01740	0.00629	0.00564
75	0.01107	0.00858	0.01025	0.00967	0.01180	0.00843	0.00729	0.01695	0.13242	0.02705	0.47415	0.07556	0.15041	0.01451	0.00823	0.00232	0.00381	0.01264	0.00752	0.00735
76	0.01374	0.01157	0.01367	0.01044	0.01577	0.00887	0.00813	0.01658	0.01458	0.02236	0.01713	0.13758	0.01669	0.00814	0.00592	0.00136	0.00508	0.00691	0.00462	0.66085
77	0.00935	0.00683	0.00814	0.00854	0.00954	0.00632	0.00574	0.01080	0.01462	0.01929	0.17371	0.26715	0.19149	0.21716	0.01617	0.00374	0.00461	0.01493	0.00623	0.00562
78	0.01513	0.01287	0.01496	0.01072	0.01703	0.00986	0.00859	0.03740	0.01531	0.02384	0.01279	0.01483	0.01059	0.00537	0.00533	0.00109	0.00535	0.00428	0.00430	0.77037
79	0.00945	0.00669	0.00840	0.00901	0.00971	0.00632	0.00599	0.01092	0.01450	0.01966	0.20059	0.36415	0.07297	0.20970	0.01596	0.00376	0.00464	0.01563	0.00632	0.00564
80	0.00897	0.00654	0.00845	0.00943	0.01033	0.00602	0.00652	0.01075	0.01538	0.02066	0.19444	0.52045	0.11551	0.02011	0.00886	0.00269	0.00390	0.01804	0.00689	0.00602
81	0.01151	0.00761	0.00877	0.00848	0.01065	0.00666	0.00622	0.01340	0.01635	0.09779	0.14545	0.15016	0.38713	0.08430	0.01092	0.00284	0.00422	0.01411	0.00682	0.00661
82	0.80005	0.01377	0.01047	0.00936	0.01377	0.01597	0.00771	0.02093	0.01212	0.03195	0.00991	0.01157	0.00771	0.00661	0.00441	0.00220	0.00551	0.00386	0.00441	0.00771
83	0.01155	0.00768	0.00947	0.00926	0.01102	0.00710	0.00696	0.01383	0.01671	0.07085	0.27237	0.05739	0.18837	0.16709	0.01428	0.00340	0.00484	0.11469	0.00671	0.00643
84	0.05755	0.01120	0.01436	0.01166	0.01588	0.01034	0.00939	0.07531	0.02069	0.41556	0.21497	0.05814	0.03173	0.01081	0.00746	0.00223	0.00534	0.00905	0.00814	0.01018
85	0.00958	0.00716	0.00890	0.00868	0.01039	0.00647	0.00643	0.01240	0.01866	0.02552	0.50052	0.12653	0.20037	0.01608	0.00847	0.00234	0.00349	0.01408	0.00745	0.00647
86	0.11250	0.01217	0.01572	0.01233	0.01760	0.01097	0.01021	0.03260	0.01938	0.61626	0.02648	0.02471	0.01733	0.00893	0.00696	0.00224	0.00602	0.02784	0.00827	0.01147
87	0.66906	0.04301	0.10379	0.01090	0.01617	0.01648	0.01032	0.02116	0.01258	0.03017	0.01029	0.01202	0.00793	0.00661	0.00472	0.00219	0.00624	0.00404	0.00417	0.00813
88	0.00916	0.00715	0.00816	0.00807	0.00991	0.00631	0.00589	0.01138	0.01709	0.02219	0.29513	0.10755	0.38262	0.06531	0.01029	0.00267	0.00377	0.01429	0.00691	0.00614
89	0.00887	0.00632	0.00840	0.01000	0.01046	0.00594	0.00677	0.01017	0.01365	0.01818	0.03857	0.68737	0.04604	0.04808	0.01009	0.00305	0.00435	0.05139	0.00653	0.00577
90	0.01751	0.01750	0.02917	0.15201	0.43715	0.05082	0.12784	0.04063	0.01667	0.02270	0.01343	0.01786	0.01083	0.00653	0.00725	0.00219	0.00940	0.00659	0.00359	0.01034
91	0.07465	0.05043	0.36048	0.01749	0.02486	0.04661	0.05134	0.11285	0.03855	0.04613	0.03689	0.07675	0.01496	0.00862	0.00690	0.00226	0.00884	0.00699	0.00448	0.00991
92	0.02235	0.01426	0.01624	0.01390	0.01841	0.01535	0.01101	0.03682	0.47353	0.25146	0.02869	0.02581	0.02040	0.00938	0.00722	0.00235	0.00577	0.00776	0.00776	0.01155
93	0.03111	0.01194	0.01620	0.01248	0.01787	0.01031	0.01029	0.03384	0.02023	0.68580	0.02965	0.02580	0.04187	0.00914	0.00721	0.00221	0.00597	0.00744	0.00874	0.01190
94	0.00929	0.00712	0.01058	0.01121	0.01214	0.00665	0.05159	0.01095	0.01416	0.01898	0.06933	0.66342	0.04563	0.02085	0.00901	0.00283	0.00462	0.01910	0.00647	0.00608
95	0.01664	0.14240	0.43725	0.02265	0.13951	0.04417	0.02232	0.05504	0.01624	0.02270	0.01259	0.01493	0.00957	0.00670	0.00648	0.00210	0.00969	0.00525	0.00333	0.01043
96	0.01372	0.00941	0.01124	0.01081	0.01302	0.00924	0.00809	0.13249	0.01890	0.07015	0.11591	0.35394	0.14865	0.01727	0.00844	0.00257	0.00483	0.03683	0.00699	0.00751
97	0.02707	0.01995	0.02137	0.01638	0.02208	0.02208	0.01353	0.68159	0.03348	0.04488	0.01710	0.01710	0.01211	0.00855	0.00712	0.00214	0.00784	0.00641	0.00712	0.01211
98	0.01477	0.01266	0.01477	0.01055	0.01687	0.00949	0.00844	0.01793	0.01477	0.02320	0.01266	0.01477	0.01055	0.00527	0.00527	0.00105	0.00527	0.00422	0.00422	0.79328
99	0.01151	0.00933	0.01326	0.17974	0.02076	0.01048	0.01079	0.05092	0.01472	0.01970	0.05021	0.32451	0.06282	0.03957	0.10165	0.00390	0.05104	0.01300	0.00525	0.00684
100	0.00892	0.00669	0.00929	0.01039	0.01115	0.00620	0.02838	0.01035	0.01391	0.01840	0.04064	0.67632	0.08972	0.02149	0.00902	0.00284	0.00435	0.01951	0.00651	0.00592
101	0.01733	0.01662	0.02837	0.09272	0.65864	0.01684	0.02171	0.02159	0.01607	0.02290	0.01334	0.01772	0.01115	0.00640	0.00705	0.00213	0.00853	0.00634	0.00350	0.01104
102	0.01977	0.45580	0.14376	0.01552	0.02187	0.17213	0.04170	0.02308	0.01586	0.01808	0.01078	0.01262	0.00919	0.00646	0.00547	0.00174	0.00937	0.00439	0.00319	0.00920
103	0.08078	0.01194	0.01548	0.01229	0.01728	0.01084	0.01002	0.03206	0.05170	0.57726	0.04806	0.06002	0.02013	0.00955	0.00711	0.00225	0.00582	0.00780	0.00830	0.01130
104	0.01486	0.12435	0.63043	0.01931	0.02929	0.01796	0.02459	0.02240	0.01496	0.02184	0.01243	0.01459	0.00903	0.00668	0.00650	0.00217	0.01017	0.00508	0.00301	0.01035
105	0.01032	0.00753	0.00973	0.00913	0.01089	0.00707	0.00686	0.01422	0.04161	0.02859	0.68011	0.05234	0.06574	0.01440	0.00836	0.00225	0.00343	0.01272	0.00782	0.00686
106	0.01533	0.01264	0.01482	0.01062	0.01692	0.00952	0.00850	0.01848	0.01495	0.04562	0.01316	0.01507	0.01078	0.00539	0.00534	0.00109	0.00530	0.00431	0.00437	0.76779
107	0.01237	0.00618	0.00928	0.00928	0.00928	0.00618	0.00618	0.00928	0.00928	0.01237	0.01237	0.02165	0.01237	0.02474	0.02783	0.79283	0.00618	0.00618	0.00309	0.00309
108	0.01558	0.01558	0.02181	0.01869	0.01869	0.02181	0.01558	0.01714	0.01091	0.01714	0.00935	0.01558	0.00935	0.01246	0.02337	0.00312	0.73672	0.00623	0.00312	0.00779
109	0.00868	0.00620	0.00826	0.00991	0.01033	0.00578	0.00661	0.00991	0.01363	0.01818	0.03925	0.74510	0.04710	0.02231	0.00909	0.00289	0.00413	0.02024	0.00661	0.00578
110	0.00858	0.00717	0.00737	0.00740	0.00959	0.00607	0.00545	0.01034	0.01602	0.01932	0.09400	0.08983	0.62217	0.05311	0.00977	0.00263	0.00377	0.01489	0.00655	0.00595
111	0.07849	0.01222	0.01560	0.01232	0.01730	0.01129	0.01007	0.05952	0.05361	0.53390	0.09594	0.02621	0.02206	0.00929	0.00711	0.00221	0.00580	0.00755	0.00828	0.01123
112	0.01023	0.00810	0.00924	0.00937	0.01165	0.00748	0.00748	0.03414	0.03636	0.02200	0.13742	0.06670	0.42173	0.01747	0.00869	0.00259	0.00449	0.17149	0.00678	0.00658
113	0.18272	0.01153	0.01387	0.01190	0.01616	0.01118	0.00981	0.02702	0.04375	0.38208	0.04825	0.06272	0.02243	0.01093	0.00716	0.00242	0.00584	0.11303	0.00736	0.00984
114	0.00940	0.00749	0.00855	0.00900	0.01096	0.00679	0.00689	0.01210	0.04016	0.02039	0.10154	0.18170	0.41796	0.01849	0.00872	0.00262	0.00423	0.11999	0.00671	0.00630
115	0.01012	0.00685	0.00785	0.00800	0.00817	0.00676	0.00465	0.01039	0.01116	0.01484	0.04519	0.11776	0.05108	0.63185	0.03181	0.00622	0.00642	0.01157	0.00472	0.00459
116	0.01024	0.00686	0.00780	0.00791	0.00794	0.00683	0.00447	0.01033	0.01057	0.01410	0.02356	0.09328	0.02731	0.70113	0.03443	0.00664	0.00672	0.01102	0.00447	0.00441
117	0.01862	0.01531	0.01629	0.01447	0.01861	0.01754	0.01131	0.05807	0.64280	0.05945	0.02857	0.02617	0.02126	0.00959	0.00724	0.00240	0.00572	0.00796	0.00731	0.01133
118	0.00878	0.00626	0.00829	0.00980	0.01025	0.00586	0.00653	0.01006	0.01375	0.01839	0.06210	0.69574	0.04705	0.04793	0.01003	0.00301	0.00420	0.01963	0.00657	0.00576
119	0.00888	0.00701	0.00805	0.00881	0.01029	0.00632	0.00621	0.01107	0.03944	0.01910	0.05438	0.40005	0.35520	0.01983	0.00870	0.00264	0.00394	0.01734	0.00663	0.00609
120	0.01762	0.01692	0.02890	0.04371	0.70533	0.01692	0.02185	0.02185	0.01621	0.02326	0.01339	0.01762	0.01128	0.00634	0.00705	0.00211	0.00846	0.00634	0.00352	0.01128
121	0.00889	0.00633	0.00837	0.00973	0.01025	0.00592	0.00652	0.01028	0.01414	0.01901	0.10393	0.64682	0.04817	0.05274	0.01019	0.00300	0.00417	0.01909	0.00663	0.00581
122	0.01455	0.01243	0.01453	0.01052	0.01664	0.00936	0.00837	0.01764	0.01473	0.02302	0.01360	0.04077	0.01185	0.00588	0.00541	0.00112	0.00523	0.00479	0.00430	0.76524
123	0.80005	0.01377	0.01047	0.00936	0.01377	0.01597	0.00771	0.02093	0.01212	0.03195	0.00991	0.01157	0.00771	0.00661	0.00441	0.00220	0.00551	0.00386	0.00441	0.00771
124	0.01477	0.01266	0.01477	0.01055	0.01687	0.00949	0.00844	0.01793	0.01477	0.02320	0.01266	0.01477	0.01055	0.00527	0.00527	0.00105	0.00527	0.00422	0.00422	0.79328
125	0.01017	0.00763	0.01144	0.01144	0.01272	0.00890	0.00890	0.01272	0.01144	0.01653	0.01907	0.02797	0.01780	0.05340	0.72153	0.01144	0.01907	0.00763	0.00381	0.00636
126	0.01018	0.00759	0.01126	0.01126	0.01247	0.00880	0.00867	0.01260	0.01139	0.01640	0.01924	0.02889	0.01820	0.08783	0.68766	0.01122	0.01847	0.00776	0.00384	0.00626
127	0.01477	0.01266	0.01477	0.01055	0.01687	0.00949	0.00844	0.01793	0.01477	0.02320	0.01266	0.01477	0.01055	0.00527	0.00527	0.00105	0.00527	0.00422	0.00422	0.79328
128	0.01083	0.00808	0.01170	0.01151	0.01291	0.00934	0.00892	0.03850	0.01226	0.01753	0.01911	0.02819	0.01786	0.07545	0.67051	0.01093	0.01822	0.00768	0.00396	0.00651
129	0.01223	0.00618	0.00924	0.00930	0.00932	0.00617	0.00620	0.00930	0.00944	0.01259	0.01341	0.04962	0.01371	0.02464	0.02710	0.76228	0.00610	0.00673	0.00323	0.00320
130	0.80005	0.01377	0.01047	0.00936	0.01377	0.01597	0.00771	0.02093	0.01212	0.03195	0.00991	0.01157	0.00771	0.00661	0.00441	0.00220	0.00551	0.00386	0.00441	0.00771
131	0.01345	0.01266	0.02136	0.73264	0.04904	0.01582	0.01978	0.01819	0.01424	0.01819	0.01266	0.01898	0.00949	0.00712	0.00712	0.00237	0.00949	0.00633	0.00316	0.00791
132	0.00865	0.00699	0.00753	0.00784	0.00967	0.00605	0.00561	0.01027	0.01544	0.01895	0.08154	0.20059	0.50802	0.06768	0.01041	0.00280	0.00392	0.01568	0.00650	0.00587
133	0.00974	0.00676	0.00783	0.00823	0.00859	0.00653	0.00499	0.01023	0.01179	0.01546	0.03189	0.22011	0.10369	0.49298	0.02660	0.00544	0.00587	0.01328	0.00512	0.00486
134	0.00874	0.00723	0.00766	0.00755	0.00982	0.00615	0.00567	0.01085	0.01700	0.02106	0.19521	0.06553	0.57823	0.01735	0.00841	0.00237	0.00356	0.01461	0.00685	0.00615
135	0.01477	0.01266	0.01477	0.01055	0.01687	0.00949	0.00844	0.01793	0.01477	0.02320	0.01266	0.01477	0.01055	0.00527	0.00527	0.00105	0.00527	0.00422	0.00422	0.79328
136	0.01558	0.01558	0.02181	0.01869	0.01869	0.02181	0.01558	0.01714	0.01091	0.01714	0.00935	0.01558	0.00935	0.01246	0.02337	0.00312	0.73672	0.00623	0.00312	0.00779
137	0.00973	0.00681	0.00778	0.00811	0.00855	0.00655	0.00493	0.01025	0.01188	0.01548	0.03317	0.18816	0.13096	0.49663	0.02672	0.00544	0.00586	0.01301	0.00511	0.00486
138	0.03195	0.01212	0.01652	0.01267	0.01818	0.01047	0.01047	0.03470	0.02038	0.71026	0.02809	0.02424	0.01763	0.00881	0.00716	0.00220	0.00606	0.00716	0.00881	0.01212
139	0.02660	0.03394	0.02018	0.01834	0.02201	0.72116	0.01376	0.02843	0.02018	0.01743	0.01101	0.01284	0.00917	0.00734	0.00642	0.00183	0.01284	0.00459	0.00367	0.00825
140	0.80005	0.01377	0.01047	0.00936	0.01377	0.01597	0.00771	0.02093	0.01212	0.03195	0.00991	0.01157	0.00771	0.00661	0.00441	0.00220	0.00551	0.00386	0.00441	0.00771
141	0.26056	0.01105	0.01239	0.01045	0.01438	0.01094	0.00840	0.02357	0.01777	0.28068	0.24126	0.02975	0.03068	0.01000	0.00672	0.00222	0.00501	0.00800	0.00714	0.00901
142	0.00872	0.00626	0.00820	0.00973	0.01021	0.00583	0.00648	0.00994	0.01363	0.01807	0.04009	0.69237	0.07448	0.04682	0.00998	0.00301	0.00420	0.01968	0.00653	0.00574
143	0.00974	0.00646	0.00831	0.00914	0.00944	0.00622	0.00587	0.01013	0.01239	0.01661	0.06336	0.40546	0.03709	0.23873	0.01966	0.11060	0.00519	0.01504	0.00551	0.00503
144	0.01345	0.01266	0.02136	0.73264	0.04904	0.01582	0.01978	0.01819	0.01424	0.01819	0.01266	0.01898	0.00949	0.00712	0.00712	0.00237	0.00949	0.00633	0.00316	0.00791
145	0.01978	0.01438	0.01588	0.01388	0.01804	0.01592	0.01090	0.05414	0.51934	0.14081	0.07345	0.02770	0.02383	0.00982	0.00731	0.00236	0.00562	0.00818	0.00754	0.01113
146	0.00878	0.00628	0.00820	0.00969	0.01013	0.00587	0.00642	0.00995	0.01350	0.01792	0.03916	0.67702	0.06641	0.07079	0.01088	0.00314	0.00430	0.01942	0.00646	0.00569
147	0.01210	0.00625	0.00914	0.00914	0.00930	0.00617	0.00613	0.00934	0.00974	0.01283	0.01636	0.02478	0.05849	0.02429	0.02653	0.74000	0.00601	0.00678	0.00333	0.00329
148	0.01559	0.01101	0.01221	0.01078	0.01265	0.01167	0.00764	0.21777	0.01789	0.02390	0.02181	0.03975	0.02264	0.47224	0.02549	0.00519	0.00717	0.05238	0.00533	0.00687
149	0.02201	0.01010	0.01375	0.01223	0.01582	0.00918	0.01015	0.02486	0.01853	0.38243	0.09399	0.04674	0.03045	0.04960	0.00961	0.00280	0.00601	0.22461	0.00775	0.00937
150	0.01008	0.00697	0.00803	0.00807	0.00846	0.00690	0.00489	0.01058	0.01144	0.01516	0.04973	0.07259	0.09379	0.58169	0.07745	0.00647	0.00718	0.01107	0.00470	0.00475
151	0.00924	0.00648	0.00829	0.00951	0.00988	0.00619	0.00625	0.01026	0.01292	0.01720	0.03483	0.53294	0.04133	0.20996	0.01613	0.00395	0.00496	0.04823	0.00601	0.00544
152	0.01242	0.00649	0.00986	0.04395	0.01118	0.00665	0.00684	0.00970	0.00951	0.01265	0.01238	0.02152	0.01223	0.02389	0.02684	0.75494	0.00634	0.00619	0.00310	0.00332
153	0.01036	0.00785	0.01160	0.01150	0.01266	0.00922	0.00889	0.01274	0.01137	0.01641	0.01892	0.02849	0.01793	0.08650	0.66508	0.01095	0.04168	0.00772	0.00382	0.00630
154	0.01435	0.01379	0.02397	0.57363	0.15499	0.01615	0.06420	0.01910	0.01473	0.01933	0.01289	0.01878	0.00987	0.00692	0.00719	0.00233	0.00949	0.00647	0.00325	0.00857
155	0.01550	0.01431	0.02341	0.49698	0.22613	0.01654	0.01992	0.06353	0.01606	0.02136	0.01315	0.01849	0.01015	0.00700	0.00710	0.00229	0.00910	0.00634	0.00353	0.00911
156	0.01647	0.01342	0.01540	0.01148	0.01745	0.01135	0.00918	0.06125	0.10330	0.04869	0.01555	0.01675	0.01232	0.00616	0.00570	0.00133	0.00550	0.00494	0.00494	0.61882
157	0.01539	0.01514	0.02723	0.38863	0.26636	0.01654	0.12739	0.02016	0.01531	0.02063	0.01319	0.01857	0.01030	0.00668	0.00730	0.00229	0.00955	0.00667	0.00336	0.00931
158	0.02070	0.04718	0.04741	0.05547	0.39834	0.14736	0.01810	0.02430	0.01733	0.11129	0.01637	0.01878	0.03130	0.00722	0.00689	0.00207	0.00889	0.00624	0.00428	0.01045
159	0.04537	0.01513	0.04028	0.01346	0.01763	0.04081	0.01097	0.17924	0.19034	0.13664	0.10883	0.10028	0.04763	0.01114	0.00743	0.00231	0.00616	0.00922	0.00707	0.01006

[dist]
# distance from previous block
# <min> <max>
5	44

# created by:
# /st0/software/busco_prod/Augustus/scripts/msa2prfl.pl ./align_prep/152308.fa
