[name]
unknown

[dist]
# distance from previous block
# <min> <max>
0	37

[block]
# block no. 0 follows, 30 sequences, length 106
# corresponding to MSA columns:
# 40-145
name=unknown_A
#
# <colnr> <probs for GDERKNQSTAVLIFYWHMCP>
#	G	D	E	R	K	N	Q	S	T	A	V	L	I	F	Y	W	H	M	C	P
0	0.01372	0.01054	0.03257	0.01194	0.01447	0.01021	0.00967	0.07620	0.12942	0.06233	0.10494	0.23259	0.07644	0.01583	0.00834	0.00263	0.00535	0.16821	0.00675	0.00786
1	0.01496	0.09815	0.51302	0.04423	0.13010	0.01733	0.04385	0.02177	0.01488	0.02156	0.01240	0.01502	0.00924	0.00650	0.00653	0.00213	0.00977	0.00531	0.00305	0.01019
2	0.01426	0.01397	0.02144	0.64112	0.09804	0.05790	0.01919	0.01871	0.01445	0.01817	0.01236	0.01814	0.00942	0.00693	0.00693	0.00227	0.00942	0.00610	0.00316	0.00803
3	0.00997	0.00748	0.01121	0.01121	0.01246	0.00872	0.00872	0.01246	0.01121	0.01620	0.01869	0.02741	0.01745	0.05234	0.72710	0.01121	0.01869	0.00748	0.00374	0.00623
4	0.01570	0.01917	0.10199	0.13018	0.07194	0.01745	0.43538	0.02117	0.01543	0.02125	0.01326	0.01802	0.01014	0.00665	0.00903	0.00238	0.07093	0.00736	0.00337	0.00920
5	0.01903	0.01954	0.02455	0.03335	0.47123	0.16167	0.01810	0.05798	0.03761	0.02271	0.01671	0.01951	0.05246	0.00731	0.00687	0.00204	0.00877	0.00642	0.00396	0.01018
6	0.00850	0.00607	0.00810	0.00972	0.01012	0.00567	0.00648	0.00972	0.01336	0.01781	0.03846	0.75020	0.04615	0.02186	0.00891	0.00283	0.00405	0.01984	0.00648	0.00567
7	0.39407	0.01336	0.01537	0.07364	0.14233	0.01457	0.01174	0.05025	0.01494	0.09600	0.01546	0.02092	0.01271	0.00796	0.00587	0.00223	0.00640	0.06393	0.02955	0.00868
8	0.00891	0.00638	0.00830	0.00929	0.00999	0.00595	0.00631	0.01050	0.01458	0.01973	0.18259	0.53065	0.06674	0.07261	0.01065	0.00296	0.00407	0.01745	0.00658	0.00577
9	0.11049	0.01500	0.04432	0.24729	0.30241	0.01549	0.04334	0.02065	0.03333	0.04742	0.01596	0.01960	0.04094	0.00716	0.00673	0.00220	0.00808	0.00641	0.00385	0.00934
10	0.05846	0.15995	0.49404	0.01853	0.02725	0.01842	0.06819	0.02168	0.01449	0.02149	0.01190	0.01423	0.00892	0.00660	0.00667	0.00211	0.02914	0.00507	0.00307	0.00979
11	0.02731	0.01718	0.01927	0.01483	0.02024	0.01827	0.01223	0.50049	0.02897	0.21394	0.01968	0.01883	0.01343	0.00844	0.00692	0.00210	0.00710	0.00648	0.03262	0.01170
12	0.00893	0.00632	0.00831	0.00973	0.01019	0.00600	0.00662	0.01017	0.01321	0.01757	0.03640	0.61052	0.04320	0.10774	0.01210	0.00333	0.00457	0.07332	0.00621	0.00556
13	0.12447	0.01867	0.01944	0.01526	0.02054	0.09159	0.05394	0.34418	0.06256	0.07195	0.01583	0.01641	0.01159	0.00757	0.00645	0.00199	0.00765	0.00579	0.00585	0.09828
14	0.01622	0.01587	0.02421	0.28175	0.28643	0.06290	0.06859	0.04231	0.05347	0.02142	0.01497	0.05349	0.01255	0.00753	0.00710	0.00222	0.00882	0.00700	0.00380	0.00933
15	0.01702	0.01499	0.01357	0.01160	0.01529	0.14161	0.00904	0.13392	0.01968	0.05855	0.09071	0.03518	0.23064	0.01257	0.03124	0.00228	0.00673	0.00888	0.03217	0.11433
16	0.01194	0.01033	0.01496	0.05586	0.01621	0.01323	0.01127	0.01409	0.01114	0.01633	0.01533	0.02393	0.01467	0.07806	0.40853	0.00770	0.25915	0.00710	0.00350	0.00667
17	0.01441	0.01416	0.02473	0.29727	0.03368	0.01615	0.19357	0.04707	0.01486	0.02002	0.01676	0.08959	0.03476	0.00944	0.01039	0.00250	0.14046	0.00830	0.00380	0.00809
18	0.00997	0.00748	0.01121	0.01121	0.01246	0.00872	0.00872	0.01246	0.01121	0.01620	0.01869	0.02741	0.01745	0.05234	0.72710	0.01121	0.01869	0.00748	0.00374	0.00623
19	0.01558	0.01291	0.01490	0.01090	0.01676	0.01055	0.00874	0.09398	0.01688	0.02548	0.05425	0.01697	0.01381	0.00608	0.00556	0.00122	0.00534	0.00488	0.00467	0.66053
20	0.00893	0.00688	0.00783	0.00816	0.00966	0.00617	0.00582	0.01058	0.01502	0.01907	0.13379	0.19781	0.36379	0.12837	0.01252	0.00313	0.00423	0.04624	0.00629	0.00571
21	0.02945	0.01146	0.01560	0.01210	0.01717	0.00994	0.00994	0.03220	0.01995	0.65632	0.08657	0.02622	0.02149	0.00913	0.00712	0.00216	0.00571	0.00750	0.00855	0.01142
22	0.01340	0.00688	0.00692	0.00678	0.00852	0.00694	0.00512	0.03549	0.01515	0.02653	0.02259	0.02575	0.01771	0.00814	0.00494	0.00164	0.00338	0.00650	0.77098	0.00666
23	0.01830	0.07633	0.08089	0.06849	0.46622	0.12839	0.01970	0.02227	0.01618	0.02113	0.01242	0.01595	0.01032	0.00642	0.00661	0.00201	0.00911	0.00568	0.00338	0.01021
24	0.01433	0.08788	0.66974	0.01932	0.02932	0.01702	0.02479	0.02201	0.01469	0.02169	0.01232	0.01448	0.00885	0.00658	0.00648	0.00216	0.01011	0.00505	0.00295	0.01022
25	0.00850	0.00607	0.00810	0.00972	0.01012	0.00567	0.00648	0.00972	0.01336	0.01781	0.03846	0.75020	0.04615	0.02186	0.00891	0.00283	0.00405	0.01984	0.00648	0.00567
26	0.06393	0.01856	0.01980	0.01529	0.02069	0.02045	0.01262	0.61007	0.03075	0.06857	0.01701	0.01704	0.01205	0.00829	0.00679	0.00209	0.00737	0.00620	0.03095	0.01150
27	0.01433	0.01007	0.01123	0.01024	0.01197	0.01052	0.00717	0.19312	0.01727	0.02335	0.02519	0.17760	0.04370	0.35146	0.02030	0.00435	0.00621	0.01098	0.04421	0.00673
28	0.00833	0.00697	0.00725	0.00740	0.00953	0.00589	0.00546	0.01008	0.01577	0.01903	0.08764	0.13711	0.61965	0.01800	0.00831	0.00240	0.00358	0.01519	0.00652	0.00589
29	0.00852	0.00620	0.00798	0.00938	0.00998	0.00572	0.00629	0.00976	0.01355	0.01781	0.04147	0.65928	0.11620	0.04027	0.00952	0.00288	0.00406	0.01904	0.00642	0.00565
30	0.04039	0.04256	0.02194	0.51565	0.12523	0.10150	0.01828	0.01968	0.01484	0.01873	0.01212	0.01722	0.00941	0.00686	0.00671	0.00220	0.00938	0.00583	0.00324	0.00824
31	0.20552	0.01859	0.12936	0.01317	0.01720	0.14314	0.01170	0.03983	0.01531	0.06078	0.02035	0.23238	0.02042	0.01268	0.02735	0.00256	0.00761	0.00926	0.00490	0.00788
32	0.12817	0.01237	0.01563	0.01215	0.01742	0.01137	0.01003	0.05737	0.01945	0.60431	0.02488	0.02192	0.01585	0.00836	0.00668	0.00216	0.00594	0.00658	0.00803	0.01133
33	0.00999	0.00738	0.01072	0.01072	0.01179	0.00845	0.00810	0.01214	0.01107	0.01583	0.01915	0.02993	0.01854	0.14900	0.63193	0.01060	0.01705	0.00784	0.00381	0.00595
34	0.04740	0.01945	0.02061	0.04012	0.03846	0.11920	0.04020	0.35966	0.02446	0.07285	0.01742	0.01858	0.04156	0.00884	0.00885	0.00220	0.09788	0.00642	0.00567	0.01017
35	0.01639	0.01862	0.08967	0.10394	0.37434	0.03865	0.18793	0.02120	0.01579	0.02181	0.01396	0.03996	0.01159	0.00676	0.00727	0.00219	0.00944	0.00700	0.00349	0.00999
36	0.00938	0.00685	0.00824	0.00896	0.00985	0.00645	0.00601	0.03083	0.01400	0.01828	0.06202	0.43398	0.16674	0.16828	0.01407	0.00349	0.00459	0.01627	0.00608	0.00564
37	0.01447	0.01240	0.01447	0.01034	0.01654	0.00930	0.00827	0.01757	0.01447	0.02274	0.01240	0.01447	0.01034	0.00517	0.00517	0.00103	0.00517	0.00413	0.00413	0.79742
38	0.01727	0.01658	0.02832	0.04283	0.71123	0.01658	0.02142	0.02142	0.01589	0.02280	0.01313	0.01727	0.01105	0.00622	0.00691	0.00207	0.00829	0.00622	0.00345	0.01105
39	0.02384	0.05395	0.01979	0.01716	0.03867	0.47902	0.01293	0.13707	0.02089	0.02192	0.01395	0.01577	0.02890	0.01023	0.04925	0.00240	0.01134	0.00526	0.00424	0.03342
40	0.00873	0.00625	0.00831	0.00956	0.01017	0.00582	0.00650	0.01030	0.01444	0.01953	0.15168	0.63208	0.04949	0.02058	0.00879	0.00273	0.00392	0.01862	0.00668	0.00582
41	0.01664	0.01835	0.03846	0.03225	0.17910	0.01742	0.54543	0.02215	0.01635	0.02245	0.01391	0.01850	0.01069	0.00595	0.00795	0.00229	0.01103	0.00781	0.00351	0.00976
42	0.02671	0.01773	0.02005	0.05379	0.02233	0.01918	0.01303	0.52995	0.02940	0.16834	0.01854	0.01816	0.01274	0.00835	0.00699	0.00212	0.00744	0.00642	0.00708	0.01165
43	0.00870	0.00634	0.00805	0.00916	0.00991	0.00585	0.00620	0.01011	0.01409	0.01865	0.10510	0.55439	0.12987	0.06607	0.01041	0.00296	0.00408	0.01791	0.00645	0.00569
44	0.00869	0.00692	0.00779	0.00792	0.00978	0.00603	0.00581	0.01074	0.01644	0.02093	0.22227	0.17350	0.44354	0.01751	0.00835	0.00239	0.00356	0.01503	0.00678	0.00603
45	0.00996	0.00675	0.00796	0.00813	0.00828	0.00682	0.00484	0.01030	0.01057	0.01420	0.02341	0.11698	0.02686	0.62017	0.09066	0.00673	0.00748	0.01093	0.00442	0.00454
46	0.01604	0.09933	0.09252	0.11130	0.03426	0.01857	0.43888	0.02130	0.01543	0.02082	0.01301	0.01743	0.01003	0.00646	0.00842	0.00229	0.05432	0.00712	0.00334	0.00913
47	0.01828	0.68406	0.05347	0.01263	0.01827	0.02684	0.01256	0.02062	0.01393	0.01660	0.00974	0.01159	0.00897	0.00646	0.00592	0.00163	0.06262	0.00395	0.00299	0.00889
48	0.01852	0.01426	0.01542	0.01335	0.01730	0.01585	0.01052	0.14905	0.42562	0.06893	0.09008	0.02843	0.05333	0.00998	0.00715	0.00226	0.00556	0.00824	0.03573	0.01044
49	0.00863	0.00628	0.00814	0.00937	0.01009	0.00579	0.00638	0.01013	0.01432	0.01906	0.11683	0.60867	0.10933	0.02062	0.00877	0.00272	0.00392	0.01855	0.00661	0.00579
50	0.02240	0.01348	0.01557	0.01292	0.01698	0.01409	0.01012	0.17109	0.21691	0.24731	0.02502	0.05052	0.01943	0.11831	0.01126	0.00290	0.00625	0.00800	0.00712	0.01031
51	0.03131	0.01188	0.01619	0.01242	0.01781	0.01026	0.01026	0.03401	0.01997	0.71606	0.02753	0.02375	0.01727	0.00864	0.00702	0.00216	0.00594	0.00702	0.00864	0.01188
52	0.01001	0.00679	0.00757	0.00757	0.00774	0.00670	0.00431	0.01014	0.01056	0.01391	0.02547	0.04720	0.07417	0.70209	0.03357	0.00645	0.00653	0.01048	0.00439	0.00435
53	0.05204	0.01291	0.02015	0.58505	0.04153	0.01623	0.01788	0.01900	0.05424	0.01905	0.01289	0.01835	0.00992	0.00764	0.00850	0.00240	0.08473	0.00617	0.00339	0.00793
54	0.00896	0.00660	0.00846	0.00983	0.01051	0.00630	0.00666	0.01119	0.04994	0.01847	0.03949	0.67861	0.07689	0.02100	0.00878	0.00279	0.00410	0.01895	0.00651	0.00596
55	0.00850	0.00607	0.00810	0.00972	0.01012	0.00567	0.00648	0.00972	0.01336	0.01781	0.03846	0.75020	0.04615	0.02186	0.00891	0.00283	0.00405	0.01984	0.00648	0.00567
56	0.01447	0.01240	0.01447	0.01034	0.01654	0.00930	0.00827	0.01757	0.01447	0.02274	0.01240	0.01447	0.01034	0.00517	0.00517	0.00103	0.00517	0.00413	0.00413	0.79742
57	0.01502	0.13703	0.37283	0.04820	0.02964	0.01770	0.19718	0.02116	0.01501	0.02093	0.01390	0.05457	0.01132	0.00716	0.00687	0.00218	0.00990	0.00658	0.00330	0.00953
58	0.01065	0.00784	0.01042	0.01171	0.01346	0.00761	0.01007	0.01358	0.01603	0.02048	0.04361	0.07643	0.17210	0.01896	0.00936	0.00304	0.00585	0.53601	0.00644	0.00632
59	0.01736	0.02208	0.11685	0.02725	0.11149	0.10661	0.40342	0.02263	0.01649	0.02173	0.01329	0.01710	0.01021	0.00613	0.00746	0.00215	0.01090	0.00691	0.00349	0.05642
60	0.01834	0.01494	0.01594	0.01415	0.01822	0.01709	0.01106	0.05400	0.64503	0.06612	0.02805	0.02567	0.02084	0.00939	0.00709	0.00235	0.00560	0.00780	0.00718	0.01111
61	0.06934	0.01837	0.06115	0.08451	0.07481	0.01810	0.25340	0.24705	0.02130	0.03002	0.01479	0.01761	0.01096	0.00701	0.00715	0.00220	0.00912	0.00676	0.03634	0.01002
62	0.08951	0.01722	0.01858	0.01524	0.04074	0.05820	0.01205	0.34875	0.05141	0.24806	0.01951	0.01861	0.01336	0.00821	0.00674	0.00211	0.00718	0.00627	0.00698	0.01125
63	0.03131	0.01188	0.01619	0.01242	0.01781	0.01026	0.01026	0.03401	0.01997	0.71606	0.02753	0.02375	0.01727	0.00864	0.00702	0.00216	0.00594	0.00702	0.00864	0.01188
64	0.01090	0.00813	0.00938	0.00879	0.01084	0.02869	0.00663	0.01374	0.01880	0.05538	0.49680	0.05344	0.22307	0.01466	0.00812	0.00222	0.00375	0.01265	0.00730	0.00669
65	0.02543	0.01923	0.05733	0.01586	0.02134	0.01991	0.01357	0.55051	0.02935	0.10257	0.01775	0.03510	0.01293	0.00878	0.00762	0.00216	0.03571	0.00661	0.00675	0.01147
66	0.03105	0.01230	0.01646	0.01262	0.01802	0.01088	0.01042	0.06997	0.02068	0.67910	0.02694	0.02337	0.01698	0.00862	0.00702	0.00216	0.00603	0.00698	0.00855	0.01188
67	0.03001	0.01159	0.01578	0.01220	0.01737	0.01003	0.01003	0.03275	0.01996	0.67451	0.06859	0.02546	0.02021	0.00898	0.00709	0.00216	0.00578	0.00736	0.00858	0.01156
68	0.02033	0.02366	0.02212	0.05035	0.02274	0.34252	0.07541	0.02351	0.05333	0.01816	0.01155	0.01510	0.00989	0.00897	0.01242	0.00235	0.27016	0.00567	0.00357	0.00820
69	0.13194	0.00859	0.00955	0.00996	0.01148	0.00889	0.00712	0.05310	0.04031	0.02144	0.03091	0.40373	0.05496	0.12557	0.01195	0.00325	0.00504	0.04997	0.00587	0.00637
70	0.00850	0.00607	0.00810	0.00972	0.01012	0.00567	0.00648	0.00972	0.01336	0.01781	0.03846	0.75020	0.04615	0.02186	0.00891	0.00283	0.00405	0.01984	0.00648	0.00567
71	0.01192	0.00763	0.00996	0.01046	0.01163	0.00744	0.00739	0.04530	0.01502	0.08817	0.05930	0.57714	0.04070	0.03819	0.00971	0.00282	0.02700	0.01699	0.00660	0.00664
72	0.01634	0.01784	0.03629	0.05876	0.14056	0.01778	0.48527	0.02145	0.01568	0.02166	0.01338	0.01820	0.01046	0.00664	0.00951	0.00238	0.08732	0.00762	0.00345	0.00942
73	0.02740	0.01921	0.01994	0.01552	0.02091	0.07730	0.01271	0.50947	0.02930	0.16957	0.01831	0.01774	0.01266	0.00833	0.00693	0.00208	0.00775	0.00628	0.00702	0.01156
74	0.01968	0.00937	0.01244	0.01062	0.01404	0.00832	0.00852	0.02257	0.01928	0.34211	0.29595	0.04229	0.09158	0.01233	0.00778	0.00227	0.00476	0.05922	0.00793	0.00894
75	0.01450	0.11430	0.64481	0.01903	0.02887	0.01744	0.02429	0.02197	0.01467	0.02148	0.01222	0.01435	0.00885	0.00656	0.00640	0.00213	0.01000	0.00500	0.00295	0.01017
76	0.02863	0.01269	0.01644	0.01281	0.01788	0.01186	0.01053	0.13577	0.02148	0.54685	0.04607	0.02373	0.01791	0.01137	0.04988	0.00269	0.00689	0.00710	0.00805	0.01138
77	0.02376	0.01076	0.01414	0.01151	0.01567	0.00982	0.00925	0.02817	0.08101	0.45221	0.22725	0.03229	0.03190	0.01036	0.00738	0.00219	0.00512	0.00874	0.00822	0.01025
78	0.00861	0.00612	0.00806	0.00957	0.00995	0.00574	0.00633	0.00975	0.01314	0.01752	0.03735	0.70254	0.04475	0.07145	0.01071	0.00310	0.00423	0.01918	0.00633	0.00557
79	0.01447	0.01240	0.01447	0.01034	0.01654	0.00930	0.00827	0.01757	0.01447	0.02274	0.01240	0.01447	0.01034	0.00517	0.00517	0.00103	0.00517	0.00413	0.00413	0.79742
80	0.01786	0.01770	0.02775	0.04117	0.66497	0.06421	0.02088	0.02185	0.01615	0.02241	0.01297	0.01696	0.01092	0.00628	0.00687	0.00205	0.00858	0.00610	0.00346	0.01085
81	0.01625	0.01839	0.03982	0.07693	0.03725	0.01750	0.64118	0.02205	0.01630	0.02205	0.01400	0.01881	0.01050	0.00596	0.00815	0.00235	0.01160	0.00810	0.00350	0.00930
82	0.01711	0.01641	0.02803	0.07070	0.68464	0.01654	0.02133	0.02127	0.01581	0.02260	0.01310	0.01732	0.01098	0.00625	0.00691	0.00208	0.00833	0.00622	0.00344	0.01092
83	0.01607	0.01536	0.02616	0.24638	0.51704	0.01627	0.02082	0.02037	0.01532	0.02134	0.01291	0.01766	0.01054	0.00644	0.00693	0.00215	0.00859	0.00621	0.00335	0.01009
84	0.10450	0.02334	0.01704	0.01487	0.01889	0.38574	0.01149	0.06811	0.03523	0.16202	0.05142	0.01940	0.04180	0.00830	0.00647	0.00198	0.00923	0.00593	0.00529	0.00894
85	0.01078	0.00798	0.01133	0.01147	0.01299	0.00760	0.04907	0.04157	0.01551	0.03741	0.08234	0.47752	0.08168	0.01886	0.00875	0.00274	0.00497	0.10450	0.00645	0.00650
86	0.02786	0.01111	0.01509	0.01183	0.01663	0.00967	0.00967	0.03066	0.01994	0.60549	0.13681	0.02831	0.02508	0.00954	0.00721	0.00216	0.00551	0.00792	0.00848	0.01103
87	0.01444	0.00835	0.01042	0.00937	0.01204	0.00749	0.00721	0.01756	0.03790	0.18055	0.33448	0.08721	0.21720	0.01415	0.00797	0.00227	0.00406	0.01216	0.00751	0.00768
88	0.01770	0.01424	0.01710	0.01747	0.11710	0.01552	0.01196	0.12946	0.34079	0.05231	0.16023	0.02850	0.02716	0.00977	0.00728	0.00224	0.00582	0.00832	0.00672	0.01031
89	0.01407	0.03559	0.69873	0.02017	0.03039	0.01625	0.04514	0.02211	0.01478	0.02211	0.01257	0.01485	0.00889	0.00661	0.00668	0.00221	0.01036	0.00525	0.00296	0.01029
90	0.01011	0.00690	0.00828	0.00828	0.00851	0.00713	0.00506	0.01058	0.01035	0.01403	0.02138	0.04228	0.02390	0.62462	0.16365	0.00759	0.00897	0.00965	0.00414	0.00460
91	0.01727	0.01658	0.02832	0.04283	0.71123	0.01658	0.02142	0.02142	0.01589	0.02280	0.01313	0.01727	0.01105	0.00622	0.00691	0.00207	0.00829	0.00622	0.00345	0.01105
92	0.01670	0.01827	0.02942	0.02434	0.07682	0.09255	0.29991	0.02028	0.01462	0.01968	0.01329	0.05575	0.01186	0.00907	0.01301	0.00254	0.26221	0.00758	0.00352	0.00858
93	0.03070	0.01228	0.01637	0.01261	0.01798	0.01092	0.01040	0.06031	0.04071	0.66865	0.02712	0.02354	0.01718	0.00865	0.00702	0.00216	0.00600	0.00701	0.00852	0.01185
94	0.01373	0.01175	0.01855	0.02576	0.32224	0.01168	0.01539	0.01727	0.01598	0.02161	0.02842	0.05086	0.06704	0.01341	0.00835	0.00266	0.00708	0.33466	0.00512	0.00844
95	0.00974	0.00713	0.00913	0.00863	0.01034	0.00652	0.00647	0.01290	0.01942	0.02719	0.65243	0.05343	0.12145	0.01456	0.00823	0.00221	0.00331	0.01280	0.00758	0.00652
96	0.02832	0.01227	0.01596	0.01252	0.01754	0.01128	0.01024	0.07652	0.07185	0.56725	0.07835	0.02560	0.02089	0.00911	0.00711	0.00217	0.00582	0.00746	0.00834	0.01141
97	0.01429	0.01320	0.01876	0.01633	0.01722	0.01700	0.04570	0.05535	0.01291	0.01903	0.01626	0.15058	0.01698	0.01651	0.07399	0.00354	0.45391	0.00884	0.02212	0.00748
98	0.01637	0.01560	0.02614	0.14711	0.56621	0.01611	0.02028	0.02102	0.03732	0.02212	0.01527	0.01929	0.03253	0.00679	0.00697	0.00213	0.00821	0.00653	0.00361	0.01039
99	0.01340	0.01263	0.02134	0.69976	0.08453	0.01556	0.01949	0.01803	0.01406	0.01810	0.01244	0.01853	0.00940	0.00694	0.00697	0.00231	0.00925	0.00620	0.00312	0.00793
100	0.01380	0.01328	0.02253	0.58959	0.08406	0.01624	0.05576	0.01819	0.01390	0.01828	0.01223	0.01822	0.00946	0.00737	0.00855	0.00238	0.07869	0.00631	0.00314	0.00803
101	0.04454	0.01470	0.01741	0.14510	0.02323	0.01645	0.01241	0.32098	0.08574	0.06507	0.01756	0.01961	0.01312	0.01076	0.03034	0.06556	0.00744	0.00641	0.07398	0.00957
102	0.01690	0.01620	0.02766	0.10554	0.65141	0.01648	0.02123	0.02109	0.01571	0.02235	0.01306	0.01739	0.01090	0.00629	0.00691	0.00210	0.00838	0.00622	0.00342	0.01076
103	0.06573	0.01343	0.01582	0.04778	0.01866	0.03482	0.01065	0.13072	0.09871	0.33605	0.10859	0.04600	0.02260	0.00953	0.00706	0.00219	0.00612	0.00778	0.00737	0.01040
104	0.01521	0.01536	0.02312	0.21995	0.02922	0.05938	0.12563	0.01855	0.01367	0.01877	0.01299	0.02026	0.01137	0.00934	0.01300	0.00253	0.27891	0.04132	0.02531	0.04612
105	0.01542	0.04561	0.11196	0.06584	0.02875	0.04280	0.31196	0.02095	0.04844	0.02140	0.01613	0.08603	0.01395	0.00787	0.00784	0.00218	0.03249	0.00792	0.00393	0.10851

[dist]
# distance from previous block
# <min> <max>
3	7

[block]
# block no. 1 follows, 30 sequences, length 51
# corresponding to MSA columns:
# 153-203
name=unknown_B
#
# <colnr> <probs for GDERKNQSTAVLIFYWHMCP>
#	G	D	E	R	K	N	Q	S	T	A	V	L	I	F	Y	W	H	M	C	P
0	0.01740	0.01302	0.01568	0.12940	0.02126	0.01401	0.01140	0.26355	0.04435	0.05293	0.02718	0.15122	0.09297	0.04628	0.00882	0.00252	0.00657	0.03891	0.00603	0.03651
1	0.01917	0.01281	0.01477	0.01213	0.01635	0.01273	0.00961	0.18271	0.12017	0.14208	0.10661	0.09284	0.04732	0.01029	0.00700	0.00204	0.00550	0.00858	0.03378	0.14351
2	0.01749	0.02030	0.11697	0.02449	0.03097	0.01792	0.42119	0.13445	0.01853	0.02545	0.01501	0.04654	0.01190	0.00744	0.00882	0.00236	0.05854	0.00785	0.00413	0.00967
3	0.00884	0.00645	0.00843	0.00975	0.01053	0.00592	0.00670	0.01024	0.01364	0.01819	0.03886	0.66127	0.07505	0.02090	0.00876	0.00276	0.00417	0.04629	0.00638	0.03688
4	0.01447	0.01240	0.01447	0.01034	0.01654	0.00930	0.00827	0.01757	0.01447	0.02274	0.01240	0.01447	0.01034	0.00517	0.00517	0.00103	0.00517	0.00413	0.00413	0.79742
5	0.01629	0.02008	0.09047	0.02872	0.03601	0.01754	0.63785	0.02233	0.01634	0.02233	0.01400	0.01853	0.01046	0.00594	0.00812	0.00234	0.01166	0.00801	0.00349	0.00948
6	0.01866	0.75896	0.03657	0.01194	0.01791	0.02761	0.01194	0.02090	0.01418	0.01642	0.00970	0.01119	0.00896	0.00597	0.00448	0.00149	0.00746	0.00373	0.00299	0.00896
7	0.00941	0.00711	0.00868	0.00829	0.01014	0.00639	0.00622	0.01227	0.01865	0.02537	0.52530	0.05643	0.24972	0.01524	0.00824	0.00224	0.00336	0.01322	0.00734	0.00639
8	0.00850	0.00607	0.00810	0.00972	0.01012	0.00567	0.00648	0.00972	0.01336	0.01781	0.03846	0.75020	0.04615	0.02186	0.00891	0.00283	0.00405	0.01984	0.00648	0.00567
9	0.00932	0.00692	0.00869	0.00866	0.01019	0.00628	0.00634	0.01194	0.01784	0.02441	0.46579	0.18913	0.17607	0.01633	0.00836	0.00235	0.00348	0.01438	0.00724	0.00628
10	0.01527	0.01527	0.02137	0.01832	0.01832	0.02137	0.01527	0.01679	0.01069	0.01679	0.00916	0.01527	0.00916	0.01221	0.02290	0.00305	0.74198	0.00611	0.00305	0.00763
11	0.00870	0.00709	0.00769	0.00754	0.00970	0.00608	0.00566	0.01089	0.01697	0.02137	0.24665	0.06300	0.53086	0.01673	0.00824	0.00231	0.00347	0.01415	0.00681	0.00608
12	0.01015	0.00677	0.00761	0.00761	0.00761	0.00677	0.00423	0.01015	0.01015	0.01353	0.02199	0.04567	0.02537	0.75476	0.03552	0.00677	0.00677	0.01015	0.00423	0.00423
13	0.15054	0.01771	0.01871	0.05585	0.02136	0.01979	0.01240	0.51856	0.02772	0.03981	0.01558	0.01631	0.01124	0.00798	0.00648	0.00210	0.00725	0.00588	0.03397	0.01075
14	0.00998	0.00673	0.00782	0.00798	0.00807	0.00674	0.00465	0.01021	0.01051	0.01407	0.02346	0.11392	0.02705	0.65167	0.06368	0.00658	0.00703	0.01098	0.00443	0.00446
15	0.00850	0.00607	0.00810	0.00972	0.01012	0.00567	0.00648	0.00972	0.01336	0.01781	0.03846	0.75020	0.04615	0.02186	0.00891	0.00283	0.00405	0.01984	0.00648	0.00567
16	0.01847	0.73064	0.06328	0.01225	0.01839	0.02717	0.01248	0.02094	0.01420	0.01664	0.00981	0.01133	0.00895	0.00600	0.00456	0.00152	0.00757	0.00379	0.00298	0.00901
17	0.00960	0.00695	0.00905	0.01002	0.01113	0.00659	0.00755	0.01169	0.01522	0.02019	0.15348	0.32463	0.11192	0.07317	0.01088	0.00307	0.00473	0.19768	0.00650	0.00595
18	0.01757	0.01728	0.03116	0.05863	0.14255	0.01721	0.34840	0.11254	0.07328	0.02550	0.01547	0.01897	0.01187	0.00819	0.03250	0.00252	0.00998	0.00731	0.00429	0.04478
19	0.02621	0.01939	0.02077	0.01599	0.02152	0.02149	0.01319	0.66571	0.05557	0.04347	0.01715	0.01707	0.01219	0.00841	0.00698	0.00210	0.00761	0.00634	0.00698	0.01184
20	0.00849	0.00611	0.00806	0.00963	0.01010	0.00568	0.00644	0.00973	0.01344	0.01785	0.03951	0.72800	0.06768	0.02173	0.00889	0.00282	0.00403	0.01967	0.00648	0.00568
21	0.03740	0.00730	0.00901	0.00888	0.01060	0.00673	0.00654	0.01300	0.01750	0.05155	0.41251	0.20442	0.15669	0.01596	0.00820	0.00236	0.00367	0.01400	0.00716	0.00652
22	0.02526	0.01847	0.01990	0.01560	0.02091	0.02045	0.01277	0.55422	0.13949	0.07129	0.01911	0.01856	0.01363	0.00856	0.00700	0.00214	0.00725	0.00657	0.00707	0.01174
23	0.02421	0.01223	0.01531	0.01220	0.01658	0.01174	0.00989	0.17271	0.02275	0.37349	0.21686	0.03020	0.02977	0.01017	0.00735	0.00215	0.00558	0.00843	0.00800	0.01038
24	0.33038	0.01595	0.03910	0.01275	0.01775	0.01668	0.01085	0.25761	0.04044	0.13752	0.01670	0.01862	0.01241	0.00813	0.00605	0.00219	0.00650	0.03449	0.00603	0.00986
25	0.01267	0.01202	0.04594	0.04231	0.02001	0.01101	0.17425	0.07874	0.01629	0.02178	0.02976	0.38585	0.05916	0.01523	0.00840	0.00260	0.00681	0.04415	0.00554	0.00748
26	0.01066	0.00731	0.00958	0.00891	0.01070	0.00672	0.00672	0.01393	0.01976	0.05312	0.68270	0.05109	0.06407	0.01406	0.00819	0.00219	0.00339	0.01242	0.00772	0.00678
27	0.01674	0.01010	0.01048	0.00914	0.01185	0.01068	0.00719	0.20144	0.01964	0.03097	0.02111	0.02346	0.01623	0.00820	0.00546	0.00176	0.00447	0.00644	0.57667	0.00798
28	0.01274	0.00980	0.01608	0.43913	0.03208	0.01163	0.01392	0.01425	0.01196	0.01549	0.01229	0.01967	0.01046	0.01406	0.01530	0.32814	0.00797	0.00614	0.00307	0.00582
29	0.02586	0.01905	0.02047	0.01582	0.02122	0.02105	0.01301	0.66305	0.03210	0.04302	0.01755	0.04369	0.01313	0.00887	0.00705	0.00212	0.00755	0.00678	0.00696	0.01164
30	0.01212	0.00606	0.00909	0.00909	0.00909	0.00606	0.00606	0.00909	0.00909	0.01212	0.01212	0.02121	0.01212	0.02424	0.02727	0.79697	0.00606	0.00606	0.00303	0.00303
31	0.02584	0.03041	0.01982	0.01754	0.02146	0.58852	0.01336	0.13425	0.04572	0.02183	0.01236	0.01373	0.00988	0.00746	0.00643	0.00187	0.01155	0.00490	0.00426	0.00880
32	0.01227	0.01028	0.01542	0.01315	0.01586	0.01005	0.12248	0.06583	0.04857	0.02331	0.19459	0.14542	0.12890	0.08866	0.04270	0.00323	0.00647	0.03965	0.00599	0.00719
33	0.03131	0.01188	0.01619	0.01242	0.01781	0.01026	0.01026	0.03401	0.01997	0.71606	0.02753	0.02375	0.01727	0.00864	0.00702	0.00216	0.00594	0.00702	0.00864	0.01188
34	0.05119	0.01285	0.01619	0.01281	0.01794	0.01220	0.01047	0.06770	0.13560	0.54503	0.02661	0.02342	0.01740	0.00870	0.00695	0.00219	0.00594	0.00703	0.00817	0.01161
35	0.02225	0.07910	0.02108	0.07248	0.02201	0.13065	0.01338	0.33750	0.02342	0.03043	0.01426	0.01623	0.01102	0.00841	0.00877	0.00212	0.11173	0.00578	0.05963	0.00975
36	0.01807	0.53814	0.19618	0.01423	0.02106	0.07349	0.01531	0.02166	0.01470	0.01780	0.01044	0.01212	0.00893	0.00621	0.00511	0.00168	0.00849	0.00412	0.00302	0.00922
37	0.05161	0.09507	0.04538	0.01820	0.05309	0.52661	0.01391	0.07932	0.01970	0.02010	0.01130	0.01304	0.00926	0.00709	0.00616	0.00183	0.01121	0.00465	0.00381	0.00866
38	0.01715	0.01535	0.02068	0.06955	0.05204	0.04384	0.06048	0.16073	0.01685	0.02359	0.01365	0.01844	0.01160	0.01652	0.13022	0.00394	0.27738	0.00648	0.03295	0.00857
39	0.00857	0.00613	0.00816	0.00967	0.01014	0.00572	0.00648	0.00989	0.01369	0.01834	0.07280	0.71437	0.04716	0.02147	0.00887	0.00280	0.00401	0.01947	0.00654	0.00572
40	0.01212	0.00606	0.00909	0.00909	0.00909	0.00606	0.00606	0.00909	0.00909	0.01212	0.01212	0.02121	0.01212	0.02424	0.02727	0.79697	0.00606	0.00606	0.00303	0.00303
41	0.01575	0.01995	0.13091	0.12382	0.12882	0.01715	0.38992	0.02139	0.01561	0.02158	0.01335	0.01788	0.01019	0.00640	0.00818	0.00232	0.03675	0.00718	0.00336	0.00948
42	0.01785	0.01294	0.01492	0.03416	0.01721	0.01402	0.01047	0.27486	0.10832	0.05526	0.02626	0.24099	0.02527	0.01507	0.04087	0.00282	0.00662	0.04347	0.02951	0.00911
43	0.01339	0.01382	0.02718	0.02093	0.02531	0.01329	0.38289	0.01742	0.01528	0.02047	0.02633	0.17032	0.09795	0.01333	0.04087	0.00291	0.04307	0.04275	0.00457	0.00792
44	0.01098	0.00882	0.01259	0.01203	0.01287	0.01079	0.00931	0.01294	0.01097	0.01594	0.01739	0.02772	0.01702	0.14325	0.49988	0.00908	0.15096	0.00760	0.00368	0.00621
45	0.01806	0.11427	0.04083	0.01197	0.01610	0.04670	0.01008	0.05402	0.17522	0.15067	0.14329	0.03314	0.13555	0.01071	0.00704	0.00214	0.00576	0.00873	0.00651	0.00922
46	0.01458	0.01299	0.01279	0.04353	0.01577	0.08823	0.00916	0.10469	0.13802	0.02467	0.12353	0.13897	0.21807	0.01359	0.00771	0.00231	0.00569	0.01141	0.00634	0.00794
47	0.01128	0.00868	0.01099	0.01047	0.01112	0.00987	0.00748	0.01349	0.04741	0.01793	0.11142	0.10268	0.02851	0.32212	0.09968	0.00524	0.13197	0.01014	0.03362	0.00590
48	0.01098	0.00745	0.00845	0.00820	0.00854	0.00761	0.00488	0.04504	0.01136	0.01521	0.02158	0.04341	0.02434	0.68669	0.06336	0.00671	0.00732	0.00984	0.00435	0.00471
49	0.39170	0.03612	0.01476	0.03314	0.01729	0.12391	0.00995	0.11463	0.04043	0.05948	0.01312	0.01460	0.01008	0.00861	0.03025	0.00234	0.00740	0.00480	0.02398	0.04342
50	0.05191	0.13315	0.02367	0.13258	0.12538	0.16758	0.03621	0.04584	0.05087	0.02055	0.01258	0.01581	0.01039	0.00764	0.00850	0.00211	0.11017	0.00551	0.03074	0.00879

[dist]
# distance from previous block
# <min> <max>
7	31

[block]
# block no. 2 follows, 30 sequences, length 17
# corresponding to MSA columns:
# 235-251
name=unknown_C
#
# <colnr> <probs for GDERKNQSTAVLIFYWHMCP>
#	G	D	E	R	K	N	Q	S	T	A	V	L	I	F	Y	W	H	M	C	P
0	0.05695	0.07681	0.01602	0.01191	0.01608	0.01393	0.00960	0.11919	0.15461	0.11334	0.07538	0.09207	0.06778	0.01156	0.02912	0.00235	0.00598	0.00838	0.00623	0.11269
1	0.25971	0.05807	0.01604	0.01278	0.01664	0.11512	0.01034	0.15228	0.06957	0.02811	0.04385	0.02103	0.07657	0.01021	0.02837	0.00242	0.05893	0.00628	0.00509	0.00860
2	0.01004	0.00799	0.00918	0.00905	0.01102	0.00774	0.00670	0.01439	0.10342	0.02183	0.20862	0.13985	0.30419	0.04908	0.06216	0.00321	0.00504	0.01326	0.00655	0.00665
3	0.01876	0.50056	0.08129	0.01330	0.01865	0.08870	0.01275	0.06693	0.01558	0.01861	0.01140	0.01474	0.01040	0.06304	0.00808	0.00208	0.03831	0.00466	0.00341	0.00877
4	0.01212	0.00606	0.00909	0.00909	0.00909	0.00606	0.00606	0.00909	0.00909	0.01212	0.01212	0.02121	0.01212	0.02424	0.02727	0.79697	0.00606	0.00606	0.00303	0.00303
5	0.01509	0.01435	0.02438	0.41347	0.35764	0.01601	0.02033	0.01950	0.01486	0.02015	0.01274	0.01798	0.01012	0.00662	0.00694	0.00221	0.00883	0.00621	0.00327	0.00929
6	0.01598	0.23431	0.41704	0.06678	0.05780	0.05456	0.02070	0.02173	0.01483	0.02002	0.01167	0.01402	0.00901	0.00648	0.00605	0.00199	0.00948	0.00485	0.00302	0.00969
7	0.08436	0.01333	0.03644	0.04761	0.01925	0.01226	0.01101	0.08620	0.06092	0.47868	0.02633	0.02402	0.04997	0.00882	0.00687	0.00219	0.00619	0.00706	0.00755	0.01097
8	0.01011	0.00681	0.00783	0.00776	0.00797	0.00674	0.00453	0.01054	0.01138	0.01538	0.10984	0.04649	0.03056	0.65987	0.03202	0.00618	0.00632	0.01046	0.00467	0.00453
9	0.01685	0.01615	0.02756	0.11470	0.64267	0.01647	0.02121	0.02105	0.01569	0.02228	0.01305	0.01741	0.01087	0.00630	0.00692	0.00210	0.00839	0.00622	0.00342	0.01071
10	0.11737	0.01590	0.01972	0.34029	0.14577	0.10290	0.01610	0.06449	0.01623	0.02236	0.03362	0.01965	0.04207	0.00758	0.00663	0.00218	0.00851	0.00624	0.00391	0.00848
11	0.04563	0.04410	0.04927	0.01429	0.05387	0.01234	0.01150	0.07433	0.03551	0.49368	0.05252	0.04428	0.01857	0.00888	0.00693	0.00215	0.00625	0.00726	0.00753	0.01112
12	0.00998	0.00744	0.01104	0.01104	0.01222	0.00863	0.00850	0.01235	0.01116	0.01607	0.01885	0.02831	0.01783	0.08678	0.69319	0.01100	0.01811	0.00761	0.00376	0.00613
13	0.03975	0.01246	0.05006	0.10835	0.14524	0.01199	0.01249	0.01930	0.13082	0.03606	0.06324	0.12459	0.16075	0.02982	0.00818	0.00246	0.00611	0.02461	0.00540	0.00831
14	0.58044	0.01439	0.05871	0.01048	0.01521	0.01430	0.00920	0.02247	0.01354	0.14917	0.01431	0.04735	0.01109	0.00756	0.00515	0.00219	0.00576	0.00517	0.00508	0.00841
15	0.02011	0.03667	0.01558	0.01364	0.03708	0.14754	0.01033	0.08493	0.08719	0.17719	0.03013	0.08203	0.13875	0.01461	0.06945	0.00295	0.00797	0.00878	0.00610	0.00897
16	0.01975	0.01615	0.01652	0.03622	0.04951	0.10237	0.01109	0.28272	0.02195	0.04362	0.01931	0.11364	0.01749	0.07233	0.03339	0.00274	0.00767	0.00802	0.05848	0.06704

[dist]
# distance from previous block
# <min> <max>
2	4

[block]
# block no. 3 follows, 30 sequences, length 18
# corresponding to MSA columns:
# 256-273
name=unknown_D
#
# <colnr> <probs for GDERKNQSTAVLIFYWHMCP>
#	G	D	E	R	K	N	Q	S	T	A	V	L	I	F	Y	W	H	M	C	P
0	0.01085	0.00940	0.00958	0.01017	0.01121	0.08510	0.00705	0.01240	0.01476	0.01883	0.13689	0.42407	0.07789	0.09660	0.03892	0.00333	0.00569	0.01529	0.00601	0.00596
1	0.01812	0.01473	0.01811	0.11767	0.13077	0.04980	0.01362	0.04691	0.29425	0.10017	0.02532	0.02778	0.05527	0.00940	0.00721	0.00231	0.00687	0.04578	0.00590	0.01001
2	0.02332	0.01710	0.01841	0.01458	0.01929	0.01892	0.01183	0.52678	0.08092	0.03883	0.01844	0.02012	0.01398	0.05081	0.03613	0.00269	0.00757	0.00668	0.06282	0.01079
3	0.18583	0.06287	0.02228	0.01726	0.02174	0.26236	0.11495	0.13629	0.01888	0.02536	0.01191	0.01410	0.00943	0.00733	0.00737	0.00208	0.06157	0.00529	0.00424	0.00884
4	0.01318	0.01240	0.02093	0.73798	0.04806	0.01550	0.01938	0.01783	0.01395	0.01783	0.01240	0.01860	0.00930	0.00698	0.00698	0.00233	0.00930	0.00620	0.00310	0.00775
5	0.80405	0.01350	0.01026	0.00918	0.01350	0.01565	0.00756	0.02051	0.01188	0.03131	0.00972	0.01134	0.00756	0.00648	0.00432	0.00216	0.00540	0.00378	0.00432	0.00756
6	0.01022	0.00726	0.01014	0.01014	0.01115	0.00816	0.00752	0.01225	0.01124	0.01634	0.01966	0.03108	0.01911	0.19415	0.53318	0.00962	0.01514	0.00796	0.05984	0.00584
7	0.01301	0.00650	0.00650	0.00650	0.00813	0.00650	0.00488	0.01626	0.01463	0.02602	0.02276	0.02602	0.01789	0.00813	0.00488	0.00163	0.00325	0.00650	0.79350	0.00650
8	0.19692	0.01599	0.07220	0.09599	0.23717	0.03412	0.01515	0.07072	0.01587	0.02545	0.04239	0.01994	0.01370	0.01063	0.05742	0.00279	0.00826	0.02529	0.03095	0.00902
9	0.01473	0.05041	0.02300	0.10441	0.02362	0.04671	0.12084	0.01760	0.01293	0.01807	0.03549	0.01923	0.01270	0.01697	0.13647	0.00409	0.32484	0.00673	0.00343	0.00774
10	0.01301	0.00650	0.00650	0.00650	0.00813	0.00650	0.00488	0.01626	0.01463	0.02602	0.02276	0.02602	0.01789	0.00813	0.00488	0.00163	0.00325	0.00650	0.79350	0.00650
11	0.01990	0.23681	0.07545	0.07130	0.12932	0.25578	0.01570	0.02281	0.01603	0.01816	0.01094	0.01371	0.00932	0.00706	0.00734	0.00192	0.07144	0.00484	0.00327	0.00889
12	0.02243	0.01614	0.01777	0.01474	0.01938	0.01778	0.01198	0.32723	0.27299	0.10684	0.02378	0.02593	0.01819	0.00969	0.00725	0.00229	0.00661	0.06072	0.00715	0.01112
13	0.00964	0.00732	0.00784	0.00757	0.00999	0.00621	0.00573	0.01166	0.01663	0.05538	0.15495	0.06292	0.58620	0.01675	0.00818	0.00232	0.00362	0.01405	0.00675	0.00629
14	0.00988	0.00715	0.00924	0.00882	0.01041	0.00662	0.00660	0.01296	0.01901	0.02668	0.62583	0.05336	0.08563	0.05074	0.00962	0.00246	0.00359	0.03753	0.00742	0.00644
15	0.01315	0.00702	0.00994	0.00959	0.00999	0.00717	0.00657	0.05751	0.01078	0.01439	0.01245	0.02089	0.01210	0.02311	0.02583	0.74027	0.00618	0.00608	0.00331	0.00366
16	0.00965	0.00758	0.00990	0.01041	0.01103	0.00801	0.00742	0.01106	0.01359	0.01840	0.09765	0.47068	0.10378	0.07172	0.01260	0.00304	0.10546	0.01612	0.00596	0.00594
17	0.02323	0.19729	0.06735	0.01755	0.06153	0.26260	0.01427	0.22801	0.02193	0.02582	0.01261	0.01394	0.00998	0.00718	0.00614	0.00186	0.00950	0.00501	0.00444	0.00976

[dist]
# distance from previous block
# <min> <max>
11	15

[block]
# block no. 4 follows, 30 sequences, length 11
# corresponding to MSA columns:
# 289-299
name=unknown_E
#
# <colnr> <probs for GDERKNQSTAVLIFYWHMCP>
#	G	D	E	R	K	N	Q	S	T	A	V	L	I	F	Y	W	H	M	C	P
0	0.01658	0.01890	0.10213	0.02526	0.15108	0.04588	0.18761	0.02027	0.01412	0.04026	0.01223	0.01686	0.01019	0.00907	0.01353	0.03396	0.26316	0.00653	0.00342	0.00896
1	0.01660	0.08571	0.05987	0.02419	0.08848	0.01691	0.37275	0.05876	0.01665	0.02295	0.01440	0.04545	0.01183	0.00660	0.00720	0.00205	0.00948	0.00724	0.00385	0.12903
2	0.00890	0.00735	0.00787	0.00804	0.01010	0.00654	0.00591	0.01168	0.05458	0.01978	0.09886	0.18352	0.51679	0.01775	0.00830	0.00243	0.00372	0.01511	0.00658	0.00619
3	0.01584	0.15517	0.05893	0.02664	0.33720	0.03921	0.01637	0.01942	0.01582	0.02120	0.06248	0.05721	0.02021	0.00951	0.00703	0.00219	0.00758	0.11452	0.00423	0.00926
4	0.01279	0.01070	0.01313	0.05258	0.01665	0.00869	0.00844	0.01548	0.01414	0.02113	0.01940	0.21236	0.01990	0.00976	0.00628	0.00159	0.00511	0.00847	0.00470	0.53870
5	0.01103	0.00761	0.00956	0.00927	0.01122	0.00704	0.00709	0.01431	0.03843	0.06407	0.41683	0.11385	0.17526	0.01551	0.00831	0.00237	0.00389	0.07024	0.00729	0.00680
6	0.02132	0.01595	0.01741	0.01440	0.01861	0.01751	0.01146	0.45331	0.11282	0.03623	0.02310	0.18248	0.02076	0.01154	0.00743	0.00229	0.00659	0.00953	0.00688	0.01037
7	0.01747	0.01372	0.01434	0.01197	0.01637	0.06678	0.00933	0.04850	0.18114	0.11126	0.02617	0.09596	0.08188	0.00972	0.00668	0.00190	0.00576	0.00804	0.00593	0.26709
8	0.01540	0.01756	0.10452	0.09956	0.05751	0.05039	0.10406	0.05199	0.01439	0.02014	0.01403	0.04769	0.01275	0.07749	0.01442	0.00285	0.22886	0.00708	0.02589	0.03343
9	0.01653	0.01865	0.04018	0.03045	0.08879	0.01756	0.63436	0.02228	0.01643	0.02239	0.01404	0.01870	0.01062	0.00591	0.00813	0.00233	0.01150	0.00808	0.00352	0.00954
10	0.00929	0.00711	0.00851	0.00816	0.01006	0.00633	0.00612	0.01203	0.01836	0.02468	0.47725	0.05756	0.29820	0.01550	0.00824	0.00225	0.00338	0.01338	0.00725	0.00633

[dist]
# distance from previous block
# <min> <max>
0	6

[block]
# block no. 5 follows, 30 sequences, length 9
# corresponding to MSA columns:
# 306-314
name=unknown_F
#
# <colnr> <probs for GDERKNQSTAVLIFYWHMCP>
#	G	D	E	R	K	N	Q	S	T	A	V	L	I	F	Y	W	H	M	C	P
0	0.01388	0.00802	0.01061	0.00946	0.01181	0.00727	0.00727	0.01706	0.01979	0.15654	0.58050	0.04682	0.05677	0.01321	0.00800	0.00219	0.00379	0.01157	0.00786	0.00757
1	0.09024	0.23184	0.25016	0.01727	0.05422	0.20683	0.01687	0.02311	0.01570	0.02007	0.01106	0.01300	0.00890	0.00656	0.00575	0.00189	0.00959	0.00451	0.00328	0.00914
2	0.00999	0.00741	0.01086	0.01086	0.01198	0.00853	0.00827	0.01223	0.01111	0.01593	0.01902	0.02923	0.01824	0.12234	0.65818	0.01077	0.01750	0.00774	0.00379	0.00603
3	0.00874	0.00650	0.00815	0.00898	0.01004	0.00591	0.00626	0.01050	0.01522	0.02016	0.18529	0.46513	0.18477	0.01942	0.00863	0.00260	0.00379	0.01729	0.00673	0.00591
4	0.01018	0.04881	0.01049	0.01007	0.01144	0.00826	0.00733	0.01335	0.07783	0.01895	0.03900	0.46037	0.12417	0.05913	0.00993	0.00290	0.00466	0.07055	0.00622	0.00637
5	0.32054	0.26657	0.13190	0.01267	0.01817	0.05386	0.01255	0.02083	0.01340	0.02310	0.01047	0.01257	0.00868	0.00808	0.02877	0.00226	0.03936	0.00423	0.00355	0.00845
6	0.25509	0.23101	0.13943	0.01234	0.01787	0.01843	0.01223	0.02218	0.10617	0.02429	0.04728	0.01897	0.05405	0.00777	0.00554	0.00202	0.00664	0.00559	0.00435	0.00876
7	0.01912	0.09938	0.05968	0.01361	0.01807	0.01621	0.01194	0.26774	0.04535	0.05983	0.02018	0.02859	0.01753	0.04129	0.07175	0.00313	0.00807	0.10770	0.04531	0.04551
8	0.01664	0.01194	0.01324	0.01141	0.01481	0.01216	0.00886	0.22964	0.06811	0.06641	0.05220	0.16310	0.17818	0.03846	0.00845	0.00240	0.00540	0.01096	0.03596	0.05167

[dist]
# distance from previous block
# <min> <max>
0	10

[block]
# block no. 6 follows, 30 sequences, length 6
# corresponding to MSA columns:
# 325-330
name=unknown_G
#
# <colnr> <probs for GDERKNQSTAVLIFYWHMCP>
#	G	D	E	R	K	N	Q	S	T	A	V	L	I	F	Y	W	H	M	C	P
0	0.06893	0.09745	0.02106	0.01476	0.01993	0.02077	0.01230	0.52861	0.02819	0.03839	0.01718	0.06950	0.01382	0.00900	0.00670	0.00209	0.00726	0.00686	0.00636	0.01085
1	0.02018	0.52493	0.08650	0.01355	0.01977	0.02528	0.01335	0.18079	0.01869	0.02347	0.01161	0.01280	0.00964	0.00660	0.00525	0.00169	0.00774	0.00445	0.00394	0.00976
2	0.10734	0.25418	0.02477	0.01401	0.01958	0.02290	0.01223	0.40418	0.02464	0.03385	0.01376	0.01440	0.01048	0.00741	0.00590	0.00191	0.00737	0.00520	0.00542	0.01048
3	0.01757	0.59065	0.19536	0.01379	0.02077	0.02496	0.01516	0.02118	0.01431	0.01774	0.01036	0.01202	0.00893	0.00612	0.00498	0.00166	0.00813	0.00406	0.00298	0.00927
4	0.02376	0.02192	0.11216	0.01644	0.02235	0.05839	0.01466	0.48691	0.10929	0.03788	0.01727	0.01737	0.01244	0.00821	0.00691	0.00213	0.00803	0.00623	0.00628	0.01136
5	0.01840	0.46095	0.22378	0.01469	0.02181	0.02366	0.01596	0.10910	0.01679	0.02163	0.01141	0.01291	0.00931	0.00647	0.00540	0.00177	0.00828	0.00446	0.00350	0.00972

[dist]
# distance from previous block
# <min> <max>
5	10

[block]
# block no. 7 follows, 30 sequences, length 8
# corresponding to MSA columns:
# 341-348
name=unknown_H
#
# <colnr> <probs for GDERKNQSTAVLIFYWHMCP>
#	G	D	E	R	K	N	Q	S	T	A	V	L	I	F	Y	W	H	M	C	P
0	0.09674	0.03825	0.01636	0.08293	0.01944	0.01520	0.01075	0.25895	0.02009	0.02881	0.01811	0.12025	0.01693	0.08598	0.01003	0.00257	0.02786	0.00791	0.00535	0.11750
1	0.13927	0.01668	0.07386	0.22937	0.29345	0.01663	0.01816	0.08938	0.01639	0.02486	0.01272	0.01648	0.00994	0.00673	0.00651	0.00217	0.00821	0.00576	0.00382	0.00961
2	0.00880	0.00620	0.00801	0.00934	0.00967	0.00587	0.00607	0.00979	0.01278	0.01704	0.03549	0.62324	0.04241	0.15393	0.01370	0.00354	0.00454	0.01809	0.00607	0.00541
3	0.01212	0.00606	0.00909	0.00909	0.00909	0.00606	0.00606	0.00909	0.00909	0.01212	0.01212	0.02121	0.01212	0.02424	0.02727	0.79697	0.00606	0.00606	0.00303	0.00303
4	0.02761	0.01444	0.01763	0.01614	0.08765	0.06788	0.01173	0.03268	0.11093	0.49942	0.02489	0.02254	0.01654	0.00839	0.00696	0.00215	0.00664	0.00686	0.00752	0.01139
5	0.01046	0.00812	0.01180	0.01119	0.01292	0.00840	0.03368	0.01267	0.01203	0.01714	0.02163	0.15360	0.02223	0.11047	0.42872	0.00789	0.01325	0.00957	0.00430	0.08994
6	0.04031	0.01349	0.01583	0.03360	0.01828	0.01234	0.02928	0.13848	0.06435	0.04905	0.02090	0.02170	0.08548	0.00758	0.00613	0.00160	0.00582	0.00616	0.00519	0.42442
7	0.01302	0.01134	0.01764	0.22558	0.17759	0.01267	0.01434	0.01754	0.06531	0.01917	0.01859	0.07457	0.01730	0.07771	0.18121	0.00480	0.01038	0.02929	0.00406	0.00791

[dist]
# distance from previous block
# <min> <max>
0	167

# created by:
# /st0/software/busco_prod/Augustus/scripts/msa2prfl.pl ./align_prep/152326.fa
