[name]
unknown

[dist]
# distance from previous block
# <min> <max>
42	85

[block]
# block no. 0 follows, 30 sequences, length 55
# corresponding to MSA columns:
# 119-173
name=unknown_A
#
# <colnr> <probs for GDERKNQSTAVLIFYWHMCP>
#	G	D	E	R	K	N	Q	S	T	A	V	L	I	F	Y	W	H	M	C	P
0	0.04549	0.06303	0.19461	0.02037	0.13230	0.03730	0.06733	0.08412	0.01771	0.12738	0.04582	0.01822	0.01351	0.00712	0.00658	0.00199	0.00807	0.00601	0.00470	0.09833
1	0.01968	0.02111	0.14181	0.01528	0.03982	0.16243	0.01345	0.08565	0.04417	0.11741	0.04489	0.02157	0.06247	0.00944	0.02823	0.00218	0.00831	0.00634	0.00506	0.15071
2	0.02082	0.04823	0.17560	0.01938	0.10302	0.05849	0.04057	0.18010	0.08539	0.12252	0.04244	0.01907	0.01435	0.00775	0.00682	0.00210	0.00809	0.00632	0.00539	0.03358
3	0.01780	0.07098	0.01719	0.01320	0.01725	0.20151	0.03432	0.04162	0.08176	0.05036	0.15549	0.02718	0.08012	0.00925	0.00669	0.00186	0.00717	0.00743	0.00532	0.15349
4	0.04354	0.12821	0.19566	0.01477	0.02135	0.01731	0.01471	0.13656	0.12311	0.12335	0.01725	0.01742	0.01258	0.00737	0.00627	0.00197	0.00738	0.00566	0.00523	0.10030
5	0.01866	0.75896	0.03657	0.01194	0.01791	0.02761	0.01194	0.02090	0.01418	0.01642	0.00970	0.01119	0.00896	0.00597	0.00448	0.00149	0.00746	0.00373	0.00299	0.00896
6	0.01136	0.00876	0.01059	0.00994	0.01209	0.00879	0.00759	0.01790	0.15723	0.02749	0.51202	0.04858	0.08958	0.01365	0.00805	0.00228	0.00387	0.03533	0.00746	0.00745
7	0.00938	0.00675	0.00891	0.00932	0.01046	0.00628	0.00673	0.01184	0.01705	0.02364	0.41368	0.33188	0.05696	0.01750	0.00856	0.00249	0.00372	0.04149	0.00715	0.00621
8	0.00963	0.00709	0.00901	0.00860	0.01029	0.00647	0.00643	0.01267	0.01907	0.02654	0.60790	0.07721	0.14324	0.01493	0.00826	0.00224	0.00335	0.01312	0.00750	0.00647
9	0.01647	0.01882	0.04118	0.02941	0.03647	0.01765	0.68588	0.02235	0.01647	0.02235	0.01412	0.01882	0.01059	0.00588	0.00824	0.00235	0.01176	0.00824	0.00353	0.00941
10	0.00997	0.00748	0.01121	0.01121	0.01246	0.00872	0.00872	0.01246	0.01121	0.01620	0.01869	0.02741	0.01745	0.05234	0.72710	0.01121	0.01869	0.00748	0.00374	0.00623
11	0.00980	0.00713	0.00923	0.00870	0.01038	0.00655	0.00653	0.01303	0.01958	0.02758	0.67933	0.05279	0.09431	0.01442	0.00823	0.00220	0.00330	0.01271	0.00763	0.00655
12	0.00988	0.00713	0.00933	0.00878	0.01043	0.00658	0.00658	0.01317	0.01975	0.02798	0.70754	0.05213	0.06584	0.01427	0.00823	0.00219	0.00329	0.01262	0.00768	0.00658
13	0.00850	0.00607	0.00810	0.00972	0.01012	0.00567	0.00648	0.00972	0.01336	0.01781	0.03846	0.75020	0.04615	0.02186	0.00891	0.00283	0.00405	0.01984	0.00648	0.00567
14	0.01318	0.01240	0.02093	0.73798	0.04806	0.01550	0.01938	0.01783	0.01395	0.01783	0.01240	0.01860	0.00930	0.00698	0.00698	0.00233	0.00930	0.00620	0.00310	0.00775
15	0.01318	0.01240	0.02093	0.73798	0.04806	0.01550	0.01938	0.01783	0.01395	0.01783	0.01240	0.01860	0.00930	0.00698	0.00698	0.00233	0.00930	0.00620	0.00310	0.00775
16	0.01866	0.75896	0.03657	0.01194	0.01791	0.02761	0.01194	0.02090	0.01418	0.01642	0.00970	0.01119	0.00896	0.00597	0.00448	0.00149	0.00746	0.00373	0.00299	0.00896
17	0.00850	0.00607	0.00810	0.00972	0.01012	0.00567	0.00648	0.00972	0.01336	0.01781	0.03846	0.75020	0.04615	0.02186	0.00891	0.00283	0.00405	0.01984	0.00648	0.00567
18	0.00825	0.00707	0.00707	0.00707	0.00943	0.00589	0.00530	0.01001	0.01591	0.01885	0.07069	0.06716	0.70839	0.01767	0.00825	0.00236	0.00353	0.01473	0.00648	0.00589
19	0.01809	0.67060	0.11993	0.01291	0.01941	0.02622	0.01363	0.02104	0.01425	0.01711	0.01005	0.01163	0.00894	0.00605	0.00474	0.00158	0.00781	0.00391	0.00298	0.00912
20	0.02022	0.01591	0.01844	0.01803	0.10521	0.01765	0.01274	0.16975	0.42812	0.07953	0.02402	0.02286	0.01779	0.00878	0.00705	0.00226	0.00634	0.00729	0.00673	0.01127
21	0.01212	0.00606	0.00909	0.00909	0.00909	0.00606	0.00606	0.00909	0.00909	0.01212	0.01212	0.02121	0.01212	0.02424	0.02727	0.79697	0.00606	0.00606	0.00303	0.00303
22	0.01447	0.01240	0.01447	0.01034	0.01654	0.00930	0.00827	0.01757	0.01447	0.02274	0.01240	0.01447	0.01034	0.00517	0.00517	0.00103	0.00517	0.00413	0.00413	0.79742
23	0.00888	0.00643	0.00846	0.00997	0.01053	0.00612	0.00680	0.01076	0.03517	0.01829	0.03809	0.70266	0.04515	0.02137	0.00888	0.00283	0.00418	0.04306	0.00650	0.00587
24	0.80405	0.01350	0.01026	0.00918	0.01350	0.01565	0.00756	0.02051	0.01188	0.03131	0.00972	0.01134	0.00756	0.00648	0.00432	0.00216	0.00540	0.00378	0.00432	0.00756
25	0.02653	0.01955	0.02094	0.01606	0.02164	0.02164	0.01326	0.68796	0.03281	0.04398	0.01675	0.01675	0.01187	0.00838	0.00698	0.00209	0.00768	0.00628	0.00698	0.01187
26	0.00979	0.00713	0.00921	0.00869	0.01037	0.00655	0.00652	0.01300	0.01955	0.02750	0.67414	0.05291	0.09955	0.01444	0.00823	0.00220	0.00330	0.01273	0.00762	0.00655
27	0.00981	0.00713	0.00924	0.00871	0.01039	0.00656	0.00653	0.01305	0.01960	0.02763	0.68295	0.05271	0.09065	0.01440	0.00823	0.00220	0.00330	0.01270	0.00764	0.00656
28	0.01736	0.01499	0.01578	0.01420	0.01815	0.01736	0.01105	0.03708	0.69862	0.02919	0.02840	0.02604	0.02130	0.00947	0.00710	0.00237	0.00552	0.00789	0.00710	0.01105
29	0.01647	0.01882	0.04118	0.02941	0.03647	0.01765	0.68588	0.02235	0.01647	0.02235	0.01412	0.01882	0.01059	0.00588	0.00824	0.00235	0.01176	0.00824	0.00353	0.00941
30	0.80405	0.01350	0.01026	0.00918	0.01350	0.01565	0.00756	0.02051	0.01188	0.03131	0.00972	0.01134	0.00756	0.00648	0.00432	0.00216	0.00540	0.00378	0.00432	0.00756
31	0.01301	0.00650	0.00650	0.00650	0.00813	0.00650	0.00488	0.01626	0.01463	0.02602	0.02276	0.02602	0.01789	0.00813	0.00488	0.00163	0.00325	0.00650	0.79350	0.00650
32	0.01527	0.01527	0.02137	0.01832	0.01832	0.02137	0.01527	0.01679	0.01069	0.01679	0.00916	0.01527	0.00916	0.01221	0.02290	0.00305	0.74198	0.00611	0.00305	0.00763
33	0.03131	0.01188	0.01619	0.01242	0.01781	0.01026	0.01026	0.03401	0.01997	0.71606	0.02753	0.02375	0.01727	0.00864	0.00702	0.00216	0.00594	0.00702	0.00864	0.01188
34	0.02740	0.01814	0.02007	0.01539	0.02094	0.01956	0.01271	0.56824	0.03046	0.16701	0.01873	0.01803	0.01286	0.00842	0.00699	0.00211	0.00736	0.00642	0.00728	0.01187
35	0.00988	0.00713	0.00933	0.00878	0.01043	0.00658	0.00658	0.01317	0.01975	0.02798	0.70754	0.05213	0.06584	0.01427	0.00823	0.00219	0.00329	0.01262	0.00768	0.00658
36	0.02670	0.01361	0.01623	0.01269	0.01754	0.01352	0.01040	0.25345	0.02347	0.37510	0.02309	0.02174	0.01554	0.00847	0.00666	0.00205	0.00609	0.00668	0.13599	0.01100
37	0.03048	0.01169	0.01593	0.01228	0.01753	0.01011	0.01011	0.03320	0.01996	0.68954	0.05374	0.02485	0.01915	0.00885	0.00706	0.00216	0.00584	0.00723	0.00860	0.01167
38	0.00862	0.00708	0.00759	0.00746	0.00965	0.00605	0.00560	0.01074	0.01679	0.02094	0.21663	0.06371	0.56115	0.01689	0.00824	0.00232	0.00348	0.01424	0.00676	0.00605
39	0.01212	0.00606	0.00909	0.00909	0.00909	0.00606	0.00606	0.00909	0.00909	0.01212	0.01212	0.02121	0.01212	0.02424	0.02727	0.79697	0.00606	0.00606	0.00303	0.00303
40	0.02554	0.01893	0.04639	0.01615	0.02177	0.01965	0.03932	0.55176	0.02962	0.10649	0.01827	0.04197	0.01338	0.00869	0.00708	0.00214	0.00764	0.00684	0.00684	0.01151
41	0.01659	0.01753	0.01856	0.01637	0.01720	0.17037	0.01299	0.01801	0.01259	0.01636	0.01182	0.01961	0.01184	0.11782	0.05805	0.00373	0.44360	0.00640	0.00337	0.00718
42	0.01696	0.01626	0.02776	0.09600	0.66050	0.01650	0.02126	0.02114	0.01574	0.02242	0.01307	0.01737	0.01092	0.00628	0.00691	0.00209	0.00837	0.00622	0.00343	0.01080
43	0.01836	0.71312	0.07981	0.01244	0.01869	0.02689	0.01282	0.02097	0.01421	0.01678	0.00988	0.01142	0.00895	0.00601	0.00461	0.00154	0.00764	0.00382	0.00298	0.00904
44	0.01866	0.75896	0.03657	0.01194	0.01791	0.02761	0.01194	0.02090	0.01418	0.01642	0.00970	0.01119	0.00896	0.00597	0.00448	0.00149	0.00746	0.00373	0.00299	0.00896
45	0.01822	0.05809	0.04754	0.01145	0.01765	0.01135	0.00982	0.04698	0.01617	0.14872	0.01516	0.01606	0.01150	0.00603	0.00560	0.00136	0.00577	0.00476	0.00494	0.54283
46	0.01411	0.06607	0.01832	0.01428	0.01605	0.01590	0.03666	0.06187	0.01590	0.02248	0.23152	0.03072	0.08186	0.01233	0.01422	0.00253	0.32378	0.00873	0.00504	0.00762
47	0.01736	0.01499	0.01578	0.01420	0.01815	0.01736	0.01105	0.03708	0.69862	0.02919	0.02840	0.02604	0.02130	0.00947	0.00710	0.00237	0.00552	0.00789	0.00710	0.01105
48	0.00866	0.00638	0.00811	0.00916	0.01006	0.00584	0.00631	0.01026	0.01468	0.01944	0.13989	0.54186	0.15352	0.02011	0.00871	0.00267	0.00386	0.01799	0.00665	0.00584
49	0.01600	0.17662	0.10150	0.07165	0.03050	0.01872	0.36967	0.02137	0.03645	0.02068	0.01487	0.06274	0.01254	0.00716	0.00720	0.00218	0.00987	0.00755	0.00362	0.00910
50	0.00997	0.00748	0.01121	0.01121	0.01246	0.00872	0.00872	0.01246	0.01121	0.01620	0.01869	0.02741	0.01745	0.05234	0.72710	0.01121	0.01869	0.00748	0.00374	0.00623
51	0.01301	0.00650	0.00650	0.00650	0.00813	0.00650	0.00488	0.01626	0.01463	0.02602	0.02276	0.02602	0.01789	0.00813	0.00488	0.00163	0.00325	0.00650	0.79350	0.00650
52	0.02491	0.12320	0.02260	0.01512	0.02061	0.02191	0.01276	0.56872	0.02950	0.03942	0.01599	0.01632	0.01168	0.00803	0.00655	0.00199	0.00748	0.00593	0.03602	0.01126
53	0.01511	0.01238	0.01454	0.01041	0.01659	0.00934	0.00834	0.01819	0.01468	0.04892	0.01297	0.01482	0.01060	0.00530	0.00524	0.00108	0.00520	0.00424	0.00430	0.76775
54	0.01842	0.21707	0.20301	0.01854	0.02570	0.02038	0.16124	0.15729	0.03925	0.02534	0.01346	0.01543	0.01030	0.00668	0.00644	0.00199	0.00900	0.00572	0.00407	0.04067

[dist]
# distance from previous block
# <min> <max>
0	1

[block]
# block no. 1 follows, 30 sequences, length 7
# corresponding to MSA columns:
# 175-181
name=unknown_B
#
# <colnr> <probs for GDERKNQSTAVLIFYWHMCP>
#	G	D	E	R	K	N	Q	S	T	A	V	L	I	F	Y	W	H	M	C	P
0	0.02351	0.02632	0.02064	0.02028	0.09876	0.44755	0.01433	0.05684	0.05003	0.05669	0.01281	0.01488	0.01039	0.00800	0.00872	0.00206	0.10995	0.00528	0.00409	0.00888
1	0.00831	0.00683	0.00731	0.00770	0.00959	0.00584	0.00558	0.00994	0.01530	0.01860	0.06303	0.22949	0.55101	0.01867	0.00840	0.00247	0.00366	0.01594	0.00648	0.00584
2	0.01934	0.69175	0.03501	0.01250	0.01825	0.09236	0.01208	0.02154	0.01470	0.01648	0.00980	0.01132	0.00896	0.00608	0.00465	0.00152	0.00794	0.00380	0.00304	0.00888
3	0.02501	0.01836	0.01971	0.01527	0.02034	0.02026	0.01243	0.62519	0.03071	0.04116	0.01724	0.01943	0.01312	0.07750	0.00962	0.00253	0.00759	0.00664	0.00673	0.01116
4	0.01124	0.00803	0.01124	0.01285	0.01446	0.00803	0.01124	0.01446	0.01606	0.02088	0.03695	0.07871	0.04016	0.01928	0.00964	0.00321	0.00643	0.66426	0.00643	0.00643
5	0.01527	0.01527	0.02137	0.01832	0.01832	0.02137	0.01527	0.01679	0.01069	0.01679	0.00916	0.01527	0.00916	0.01221	0.02290	0.00305	0.74198	0.00611	0.00305	0.00763
6	0.01727	0.01658	0.02832	0.04283	0.71123	0.01658	0.02142	0.02142	0.01589	0.02280	0.01313	0.01727	0.01105	0.00622	0.00691	0.00207	0.00829	0.00622	0.00345	0.01105

[dist]
# distance from previous block
# <min> <max>
0	76

[block]
# block no. 2 follows, 30 sequences, length 60
# corresponding to MSA columns:
# 258-317
name=unknown_C
#
# <colnr> <probs for GDERKNQSTAVLIFYWHMCP>
#	G	D	E	R	K	N	Q	S	T	A	V	L	I	F	Y	W	H	M	C	P
0	0.00988	0.00713	0.00933	0.00878	0.01043	0.00658	0.00658	0.01317	0.01975	0.02798	0.70754	0.05213	0.06584	0.01427	0.00823	0.00219	0.00329	0.01262	0.00768	0.00658
1	0.01736	0.01499	0.01578	0.01420	0.01815	0.01736	0.01105	0.03708	0.69862	0.02919	0.02840	0.02604	0.02130	0.00947	0.00710	0.00237	0.00552	0.00789	0.00710	0.01105
2	0.00850	0.00607	0.00810	0.00972	0.01012	0.00567	0.00648	0.00972	0.01336	0.01781	0.03846	0.75020	0.04615	0.02186	0.00891	0.00283	0.00405	0.01984	0.00648	0.00567
3	0.01400	0.03610	0.71860	0.01989	0.03020	0.01621	0.02578	0.02210	0.01473	0.02210	0.01252	0.01473	0.00884	0.00663	0.00663	0.00221	0.01031	0.00516	0.00295	0.01031
4	0.00988	0.00713	0.00933	0.00878	0.01043	0.00658	0.00658	0.01317	0.01975	0.02798	0.70754	0.05213	0.06584	0.01427	0.00823	0.00219	0.00329	0.01262	0.00768	0.00658
5	0.01727	0.01658	0.02832	0.04283	0.71123	0.01658	0.02142	0.02142	0.01589	0.02280	0.01313	0.01727	0.01105	0.00622	0.00691	0.00207	0.00829	0.00622	0.00345	0.01105
6	0.80405	0.01350	0.01026	0.00918	0.01350	0.01565	0.00756	0.02051	0.01188	0.03131	0.00972	0.01134	0.00756	0.00648	0.00432	0.00216	0.00540	0.00378	0.00432	0.00756
7	0.01411	0.03531	0.68788	0.02032	0.03049	0.01627	0.05572	0.02211	0.01481	0.02211	0.01260	0.01492	0.00892	0.00660	0.00670	0.00222	0.01038	0.00530	0.00297	0.01027
8	0.01976	0.01325	0.01526	0.01261	0.01732	0.01324	0.01000	0.03070	0.34213	0.19667	0.05813	0.02413	0.02001	0.00852	0.00670	0.00200	0.00543	0.00705	0.00683	0.19026
9	0.01647	0.01882	0.04118	0.02941	0.03647	0.01765	0.68588	0.02235	0.01647	0.02235	0.01412	0.01882	0.01059	0.00588	0.00824	0.00235	0.01176	0.00824	0.00353	0.00941
10	0.00905	0.00723	0.00824	0.00880	0.01079	0.00643	0.00695	0.01114	0.01573	0.01929	0.05913	0.12949	0.47737	0.01845	0.00867	0.00262	0.00433	0.18381	0.00647	0.00601
11	0.01079	0.00955	0.04015	0.04520	0.12830	0.00864	0.01082	0.01330	0.01466	0.01993	0.08070	0.43572	0.03812	0.01722	0.00846	0.00267	0.00545	0.09758	0.00579	0.00698
12	0.02607	0.03326	0.01978	0.01798	0.02157	0.72674	0.01348	0.02787	0.01978	0.01708	0.01079	0.01258	0.00899	0.00719	0.00629	0.00180	0.01258	0.00449	0.00360	0.00809
13	0.00850	0.00607	0.00810	0.00972	0.01012	0.00567	0.00648	0.00972	0.01336	0.01781	0.03846	0.75020	0.04615	0.02186	0.00891	0.00283	0.00405	0.01984	0.00648	0.00567
14	0.02683	0.01753	0.01954	0.01505	0.02044	0.01879	0.01240	0.53137	0.02974	0.17723	0.04585	0.01953	0.01505	0.00866	0.00704	0.00211	0.00716	0.00668	0.00734	0.01166
15	0.01411	0.03542	0.69486	0.02068	0.05363	0.01622	0.02563	0.02208	0.01477	0.02212	0.01254	0.01482	0.00892	0.00662	0.00664	0.00221	0.01024	0.00519	0.00296	0.01034
16	0.01727	0.01658	0.02832	0.04283	0.71123	0.01658	0.02142	0.02142	0.01589	0.02280	0.01313	0.01727	0.01105	0.00622	0.00691	0.00207	0.00829	0.00622	0.00345	0.01105
17	0.00850	0.00607	0.00810	0.00972	0.01012	0.00567	0.00648	0.00972	0.01336	0.01781	0.03846	0.75020	0.04615	0.02186	0.00891	0.00283	0.00405	0.01984	0.00648	0.00567
18	0.01785	0.01625	0.02178	0.05594	0.34972	0.06739	0.01614	0.02624	0.21766	0.05557	0.04681	0.04372	0.01742	0.00819	0.00704	0.00218	0.00739	0.00730	0.00502	0.01040
19	0.02733	0.01351	0.01669	0.01321	0.01813	0.01316	0.01074	0.21057	0.04515	0.44211	0.02567	0.09225	0.01872	0.00987	0.00719	0.00221	0.00622	0.00809	0.00792	0.01125
20	0.61613	0.01416	0.01188	0.01024	0.01473	0.04978	0.00837	0.02349	0.01383	0.16303	0.01321	0.01380	0.00951	0.00693	0.00494	0.00214	0.00586	0.00444	0.00512	0.00842
21	0.70430	0.07519	0.04452	0.00989	0.01461	0.01665	0.00874	0.02062	0.01219	0.02968	0.00984	0.01148	0.00773	0.00644	0.00444	0.00211	0.00579	0.00384	0.00415	0.00780
22	0.00825	0.00707	0.00707	0.00707	0.00943	0.00589	0.00530	0.01001	0.01591	0.01885	0.07069	0.06716	0.70839	0.01767	0.00825	0.00236	0.00353	0.01473	0.00648	0.00589
23	0.02490	0.01298	0.03651	0.01241	0.01721	0.01172	0.01036	0.13912	0.04355	0.41709	0.06617	0.05602	0.09933	0.01039	0.00728	0.00221	0.00586	0.00852	0.00776	0.01060
24	0.01527	0.01527	0.02137	0.01832	0.01832	0.02137	0.01527	0.01679	0.01069	0.01679	0.00916	0.01527	0.00916	0.01221	0.02290	0.00305	0.74198	0.00611	0.00305	0.00763
25	0.01727	0.01658	0.02832	0.04283	0.71123	0.01658	0.02142	0.02142	0.01589	0.02280	0.01313	0.01727	0.01105	0.00622	0.00691	0.00207	0.00829	0.00622	0.00345	0.01105
26	0.00862	0.00617	0.00820	0.00963	0.01015	0.00575	0.00649	0.01002	0.01392	0.01870	0.09673	0.68941	0.04787	0.02120	0.00885	0.00278	0.00398	0.01921	0.00658	0.00575
27	0.01212	0.00606	0.00909	0.00909	0.00909	0.00606	0.00606	0.00909	0.00909	0.01212	0.01212	0.02121	0.01212	0.02424	0.02727	0.79697	0.00606	0.00606	0.00303	0.00303
28	0.00881	0.00723	0.00785	0.00810	0.01031	0.00627	0.00634	0.01087	0.01606	0.01949	0.08596	0.06861	0.57472	0.01783	0.00848	0.00250	0.00401	0.12404	0.00651	0.00600
29	0.01400	0.03610	0.71860	0.01989	0.03020	0.01621	0.02578	0.02210	0.01473	0.02210	0.01252	0.01473	0.00884	0.00663	0.00663	0.00221	0.01031	0.00516	0.00295	0.01031
30	0.01647	0.01882	0.04118	0.02941	0.03647	0.01765	0.68588	0.02235	0.01647	0.02235	0.01412	0.01882	0.01059	0.00588	0.00824	0.00235	0.01176	0.00824	0.00353	0.00941
31	0.01447	0.01240	0.01447	0.01034	0.01654	0.00930	0.00827	0.01757	0.01447	0.02274	0.01240	0.01447	0.01034	0.00517	0.00517	0.00103	0.00517	0.00413	0.00413	0.79742
32	0.01400	0.03610	0.71860	0.01989	0.03020	0.01621	0.02578	0.02210	0.01473	0.02210	0.01252	0.01473	0.00884	0.00663	0.00663	0.00221	0.01031	0.00516	0.00295	0.01031
33	0.02607	0.03326	0.01978	0.01798	0.02157	0.72674	0.01348	0.02787	0.01978	0.01708	0.01079	0.01258	0.00899	0.00719	0.00629	0.00180	0.01258	0.00449	0.00360	0.00809
34	0.00901	0.00745	0.00778	0.00768	0.00982	0.00666	0.00564	0.01158	0.04912	0.01914	0.08872	0.06111	0.55823	0.09069	0.03400	0.00307	0.00443	0.01362	0.00625	0.00602
35	0.01447	0.01240	0.01447	0.01034	0.01654	0.00930	0.00827	0.01757	0.01447	0.02274	0.01240	0.01447	0.01034	0.00517	0.00517	0.00103	0.00517	0.00413	0.00413	0.79742
36	0.01773	0.01517	0.01599	0.01428	0.01829	0.01753	0.01113	0.06328	0.67182	0.02979	0.02793	0.02566	0.02092	0.00942	0.00710	0.00236	0.00561	0.00782	0.00710	0.01108
37	0.01301	0.00650	0.00650	0.00650	0.00813	0.00650	0.00488	0.01626	0.01463	0.02602	0.02276	0.02602	0.01789	0.00813	0.00488	0.00163	0.00325	0.00650	0.79350	0.00650
38	0.00846	0.00624	0.00792	0.00927	0.01000	0.00571	0.00628	0.00977	0.01379	0.01799	0.04389	0.63518	0.15768	0.02116	0.00880	0.00275	0.00396	0.01898	0.00648	0.00571
39	0.03131	0.01188	0.01619	0.01242	0.01781	0.01026	0.01026	0.03401	0.01997	0.71606	0.02753	0.02375	0.01727	0.00864	0.00702	0.00216	0.00594	0.00702	0.00864	0.01188
40	0.01686	0.01432	0.01505	0.01360	0.01738	0.01646	0.01056	0.03520	0.64333	0.02871	0.02945	0.02733	0.04274	0.00966	0.00703	0.00233	0.00535	0.00804	0.04597	0.01066
41	0.01706	0.01636	0.02794	0.07914	0.67659	0.01652	0.02131	0.02123	0.01579	0.02254	0.01309	0.01734	0.01096	0.00626	0.00691	0.00209	0.00834	0.00622	0.00344	0.01088
42	0.01447	0.01240	0.01447	0.01034	0.01654	0.00930	0.00827	0.01757	0.01447	0.02274	0.01240	0.01447	0.01034	0.00517	0.00517	0.00103	0.00517	0.00413	0.00413	0.79742
43	0.00997	0.00748	0.01121	0.01121	0.01246	0.00872	0.00872	0.01246	0.01121	0.01620	0.01869	0.02741	0.01745	0.05234	0.72710	0.01121	0.01869	0.00748	0.00374	0.00623
44	0.01465	0.01239	0.01444	0.01051	0.01645	0.00959	0.00837	0.04115	0.01508	0.02329	0.01365	0.04526	0.01189	0.00598	0.00539	0.00115	0.00521	0.00487	0.00433	0.73636
45	0.01727	0.01658	0.02832	0.04283	0.71123	0.01658	0.02142	0.02142	0.01589	0.02280	0.01313	0.01727	0.01105	0.00622	0.00691	0.00207	0.00829	0.00622	0.00345	0.01105
46	0.02653	0.01955	0.02094	0.01606	0.02164	0.02164	0.01326	0.68796	0.03281	0.04398	0.01675	0.01675	0.01187	0.00838	0.00698	0.00209	0.00768	0.00628	0.00698	0.01187
47	0.01339	0.01013	0.01548	0.01312	0.01618	0.00952	0.12175	0.04020	0.04174	0.08760	0.21915	0.15416	0.16104	0.01406	0.00823	0.00241	0.00555	0.05215	0.00654	0.00762
48	0.00970	0.00707	0.00911	0.00871	0.01034	0.00649	0.00649	0.01278	0.01916	0.02684	0.62986	0.08959	0.10794	0.01489	0.00827	0.00224	0.00335	0.01314	0.00754	0.00649
49	0.02605	0.01931	0.02067	0.01596	0.02146	0.02142	0.01315	0.65397	0.06758	0.04321	0.01736	0.01724	0.01236	0.00843	0.00699	0.00211	0.00757	0.00637	0.00699	0.01182
50	0.02065	0.01520	0.01692	0.01356	0.01819	0.01576	0.01085	0.38898	0.04885	0.05635	0.03994	0.14360	0.01950	0.01033	0.00703	0.00205	0.00635	0.00848	0.00646	0.15096
51	0.01010	0.00693	0.00843	0.00841	0.00873	0.00717	0.00525	0.01074	0.01071	0.01460	0.04550	0.04207	0.02514	0.58157	0.17932	0.00754	0.00914	0.00968	0.00425	0.00473
52	0.01015	0.00677	0.00761	0.00761	0.00761	0.00677	0.00423	0.01015	0.01015	0.01353	0.02199	0.04567	0.02537	0.75476	0.03552	0.00677	0.00677	0.01015	0.00423	0.00423
53	0.01681	0.01611	0.02750	0.12042	0.63721	0.01646	0.02119	0.02102	0.01567	0.02224	0.01305	0.01742	0.01086	0.00630	0.00692	0.00210	0.00840	0.00622	0.00341	0.01069
54	0.01727	0.01658	0.02832	0.04283	0.71123	0.01658	0.02142	0.02142	0.01589	0.02280	0.01313	0.01727	0.01105	0.00622	0.00691	0.00207	0.00829	0.00622	0.00345	0.01105
55	0.00850	0.00607	0.00810	0.00972	0.01012	0.00567	0.00648	0.00972	0.01336	0.01781	0.03846	0.75020	0.04615	0.02186	0.00891	0.00283	0.00405	0.01984	0.00648	0.00567
56	0.01727	0.01658	0.02832	0.04283	0.71123	0.01658	0.02142	0.02142	0.01589	0.02280	0.01313	0.01727	0.01105	0.00622	0.00691	0.00207	0.00829	0.00622	0.00345	0.01105
57	0.00850	0.00607	0.00810	0.00972	0.01012	0.00567	0.00648	0.00972	0.01336	0.01781	0.03846	0.75020	0.04615	0.02186	0.00891	0.00283	0.00405	0.01984	0.00648	0.00567
58	0.01301	0.00650	0.00650	0.00650	0.00813	0.00650	0.00488	0.01626	0.01463	0.02602	0.02276	0.02602	0.01789	0.00813	0.00488	0.00163	0.00325	0.00650	0.79350	0.00650
59	0.01727	0.01658	0.02832	0.04283	0.71123	0.01658	0.02142	0.02142	0.01589	0.02280	0.01313	0.01727	0.01105	0.00622	0.00691	0.00207	0.00829	0.00622	0.00345	0.01105

[dist]
# distance from previous block
# <min> <max>
0	15

# created by:
# /st0/software/busco_prod/Augustus/scripts/msa2prfl.pl ./align_prep/152354.fa
