[name]
unknown

[dist]
# distance from previous block
# <min> <max>
0	65

[block]
# block no. 0 follows, 31 sequences, length 8
# corresponding to MSA columns:
# 65-72
name=unknown_A
#
# <colnr> <probs for GDERKNQSTAVLIFYWHMCP>
#	G	D	E	R	K	N	Q	S	T	A	V	L	I	F	Y	W	H	M	C	P
0	0.01102	0.00787	0.01102	0.01260	0.01417	0.00787	0.01102	0.01417	0.01575	0.02047	0.03622	0.07717	0.03937	0.01890	0.00945	0.00315	0.00630	0.67084	0.00630	0.00630
1	0.01693	0.01626	0.02777	0.04199	0.71689	0.01626	0.02100	0.02100	0.01558	0.02235	0.01287	0.01693	0.01084	0.00610	0.00677	0.00203	0.00813	0.00610	0.00339	0.01084
2	0.00927	0.00674	0.00888	0.00988	0.01100	0.00635	0.00745	0.01142	0.01527	0.02035	0.17787	0.37719	0.10823	0.01890	0.00872	0.00270	0.00436	0.18287	0.00658	0.00595
3	0.01815	0.01415	0.01521	0.01339	0.01738	0.01587	0.01050	0.07146	0.55819	0.09122	0.02993	0.02754	0.06690	0.00969	0.00702	0.00229	0.00544	0.00802	0.00705	0.01061
4	0.01188	0.00594	0.00891	0.00891	0.00891	0.00594	0.00594	0.00891	0.00891	0.01188	0.01188	0.02080	0.01188	0.02377	0.02674	0.80095	0.00594	0.00594	0.00297	0.00297
5	0.07144	0.02062	0.02426	0.03302	0.47641	0.21594	0.01793	0.02270	0.01638	0.02134	0.01201	0.01527	0.01005	0.00638	0.00644	0.00196	0.00912	0.00547	0.00348	0.00980
6	0.02048	0.02299	0.02432	0.03196	0.43032	0.31111	0.01779	0.02360	0.01715	0.02004	0.01192	0.01504	0.01000	0.00649	0.00652	0.00192	0.00986	0.00540	0.00344	0.00964
7	0.02051	0.09878	0.02671	0.02505	0.20066	0.31457	0.13558	0.02452	0.05250	0.01964	0.01252	0.01514	0.01022	0.00657	0.00652	0.00193	0.01026	0.00558	0.00359	0.00914

[dist]
# distance from previous block
# <min> <max>
25	62

[block]
# block no. 1 follows, 31 sequences, length 72
# corresponding to MSA columns:
# 141-212
name=unknown_B
#
# <colnr> <probs for GDERKNQSTAVLIFYWHMCP>
#	G	D	E	R	K	N	Q	S	T	A	V	L	I	F	Y	W	H	M	C	P
0	0.05771	0.09666	0.07903	0.08714	0.04321	0.10034	0.08387	0.15681	0.01848	0.04804	0.01434	0.05352	0.01184	0.00768	0.00697	0.00199	0.03497	0.00617	0.00440	0.08683
1	0.07886	0.24661	0.09822	0.01246	0.01699	0.08323	0.01140	0.08744	0.01603	0.02139	0.03864	0.13625	0.03395	0.05207	0.00767	0.00221	0.00708	0.00757	0.00436	0.03758
2	0.09408	0.33332	0.07351	0.01420	0.01981	0.02084	0.08131	0.14244	0.03816	0.02422	0.03739	0.01615	0.01229	0.03402	0.00667	0.00199	0.00748	0.00533	0.00418	0.03262
3	0.01773	0.17558	0.06818	0.01406	0.01911	0.03577	0.07171	0.17153	0.01874	0.05014	0.05313	0.10553	0.01777	0.03107	0.00726	0.00203	0.00705	0.00742	0.00492	0.12125
4	0.01803	0.33690	0.17415	0.06480	0.07300	0.02158	0.06330	0.13207	0.01729	0.02265	0.01194	0.01400	0.00951	0.00645	0.00581	0.00186	0.00840	0.00500	0.00364	0.00963
5	0.02190	0.03227	0.03579	0.04235	0.01862	0.04026	0.01107	0.09048	0.17859	0.27904	0.05100	0.04974	0.01902	0.03425	0.00832	0.00230	0.03172	0.00741	0.00667	0.03920
6	0.01661	0.01328	0.02077	0.06719	0.29524	0.01318	0.06687	0.02168	0.08736	0.11672	0.02723	0.02979	0.13916	0.02940	0.00797	0.00231	0.00694	0.02381	0.00505	0.00944
7	0.01742	0.04039	0.05473	0.07754	0.25241	0.10986	0.27619	0.02252	0.04169	0.02117	0.01334	0.01707	0.01053	0.00627	0.00713	0.00212	0.00999	0.00659	0.00351	0.00955
8	0.00834	0.00595	0.00794	0.00953	0.00992	0.00556	0.00635	0.00953	0.01310	0.01746	0.03771	0.75510	0.04525	0.02143	0.00873	0.00278	0.00397	0.01945	0.00635	0.00556
9	0.02583	0.01054	0.01419	0.01126	0.01557	0.00923	0.00904	0.02837	0.01882	0.55929	0.13431	0.02927	0.02501	0.06592	0.00917	0.00246	0.00548	0.00797	0.00800	0.01026
10	0.01491	0.17016	0.28213	0.04210	0.02407	0.04043	0.07856	0.02022	0.04214	0.01966	0.01539	0.07034	0.01389	0.00885	0.00825	0.00223	0.08590	0.04837	0.00361	0.00881
11	0.02357	0.01900	0.06648	0.01621	0.02172	0.01921	0.05615	0.53308	0.02794	0.06352	0.01663	0.01805	0.01222	0.03486	0.03695	0.00259	0.00829	0.00641	0.00622	0.01091
12	0.00984	0.00665	0.00743	0.00743	0.00756	0.00658	0.00421	0.00994	0.01027	0.01356	0.02427	0.04597	0.06397	0.71746	0.03330	0.00639	0.00645	0.01020	0.00427	0.00424
13	0.01507	0.01791	0.08281	0.17537	0.03673	0.01636	0.48063	0.02064	0.01564	0.02118	0.03939	0.01934	0.01201	0.00635	0.00771	0.00229	0.01063	0.00761	0.00348	0.00885
14	0.02596	0.01675	0.11853	0.01525	0.02135	0.01330	0.07356	0.12492	0.03896	0.44494	0.02226	0.02069	0.01454	0.00793	0.00693	0.00214	0.00717	0.00665	0.00696	0.01119
15	0.01568	0.01843	0.06260	0.02756	0.03427	0.01667	0.63513	0.02130	0.01594	0.02169	0.01496	0.05450	0.01203	0.00656	0.00805	0.00233	0.01111	0.00853	0.00358	0.00908
16	0.80789	0.01323	0.01006	0.00900	0.01323	0.01535	0.00741	0.02011	0.01164	0.03070	0.00953	0.01111	0.00741	0.00635	0.00423	0.00212	0.00529	0.00370	0.00423	0.00741
17	0.02193	0.33109	0.02584	0.01492	0.01942	0.38908	0.01242	0.02520	0.06875	0.01737	0.01144	0.01277	0.00971	0.00673	0.00550	0.00168	0.00976	0.00435	0.00354	0.00850
18	0.01819	0.01866	0.02543	0.03605	0.55489	0.13499	0.01904	0.02240	0.04116	0.02159	0.01373	0.01829	0.01172	0.00675	0.00676	0.00203	0.00867	0.02580	0.00363	0.01022
19	0.00844	0.00600	0.00791	0.00939	0.00976	0.00563	0.00621	0.00955	0.01290	0.01719	0.03667	0.70945	0.04394	0.06887	0.01041	0.00303	0.00414	0.01884	0.00621	0.00547
20	0.03070	0.01164	0.01588	0.01217	0.01746	0.01006	0.01006	0.03334	0.01958	0.72163	0.02699	0.02329	0.01694	0.00847	0.00688	0.00212	0.00582	0.00688	0.00847	0.01164
21	0.01342	0.03121	0.60758	0.01883	0.02773	0.01487	0.04777	0.02067	0.01479	0.02175	0.03774	0.02177	0.01350	0.00790	0.00689	0.00226	0.00957	0.06877	0.00339	0.00960
22	0.07600	0.32034	0.32169	0.01503	0.02231	0.04599	0.01701	0.04533	0.01501	0.02094	0.03590	0.01411	0.01071	0.00658	0.00555	0.00187	0.00839	0.00468	0.00334	0.00923
23	0.80789	0.01323	0.01006	0.00900	0.01323	0.01535	0.00741	0.02011	0.01164	0.03070	0.00953	0.01111	0.00741	0.00635	0.00423	0.00212	0.00529	0.00370	0.00423	0.00741
24	0.01669	0.01601	0.02733	0.08451	0.67627	0.01619	0.02088	0.02078	0.01546	0.02206	0.01283	0.01701	0.01073	0.00614	0.00678	0.00205	0.00819	0.00609	0.00337	0.01064
25	0.00980	0.00724	0.01051	0.01051	0.01157	0.00829	0.00795	0.01191	0.01085	0.01553	0.01876	0.02931	0.01816	0.14768	0.63752	0.01040	0.01673	0.00769	0.00373	0.00584
26	0.01409	0.01503	0.06668	0.52115	0.04206	0.01604	0.13699	0.04330	0.01472	0.01942	0.01250	0.01786	0.00940	0.00687	0.00760	0.00230	0.03619	0.00637	0.00324	0.00818
27	0.01382	0.03471	0.69669	0.01987	0.02986	0.01595	0.05202	0.02168	0.01451	0.02168	0.01234	0.01460	0.00874	0.00647	0.00656	0.00217	0.01017	0.00518	0.00291	0.01008
28	0.03070	0.01164	0.01588	0.01217	0.01746	0.01006	0.01006	0.03334	0.01958	0.72163	0.02699	0.02329	0.01694	0.00847	0.00688	0.00212	0.00582	0.00688	0.00847	0.01164
29	0.00834	0.00595	0.00794	0.00953	0.00992	0.00556	0.00635	0.00953	0.01310	0.01746	0.03771	0.75510	0.04525	0.02143	0.00873	0.00278	0.00397	0.01945	0.00635	0.00556
30	0.75712	0.01362	0.01074	0.00943	0.01375	0.01573	0.00777	0.06387	0.01298	0.03150	0.00997	0.01146	0.00768	0.00647	0.00440	0.00211	0.00544	0.00386	0.00440	0.00768
31	0.01693	0.01626	0.02777	0.04199	0.71689	0.01626	0.02100	0.02100	0.01558	0.02235	0.01287	0.01693	0.01084	0.00610	0.00677	0.00203	0.00813	0.00610	0.00339	0.01084
32	0.01188	0.00594	0.00891	0.00891	0.00891	0.00594	0.00594	0.00891	0.00891	0.01188	0.01188	0.02080	0.01188	0.02377	0.02674	0.80095	0.00594	0.00594	0.00297	0.00297
33	0.01372	0.03539	0.72412	0.01950	0.02961	0.01589	0.02528	0.02167	0.01444	0.02167	0.01228	0.01444	0.00867	0.00650	0.00650	0.00217	0.01011	0.00506	0.00289	0.01011
34	0.04960	0.01412	0.01665	0.01330	0.01826	0.01441	0.01082	0.18161	0.18915	0.38005	0.02431	0.02193	0.01643	0.00855	0.00681	0.00215	0.00609	0.00683	0.00761	0.01132
35	0.03070	0.01164	0.01588	0.01217	0.01746	0.01006	0.01006	0.03334	0.01958	0.72163	0.02699	0.02329	0.01694	0.00847	0.00688	0.00212	0.00582	0.00688	0.00847	0.01164
36	0.00828	0.00617	0.00771	0.00894	0.00977	0.00561	0.00609	0.00959	0.01366	0.01769	0.04482	0.59998	0.19578	0.02051	0.00859	0.00267	0.00386	0.01832	0.00635	0.00561
37	0.01879	0.01866	0.01507	0.01408	0.01715	0.26580	0.01074	0.02618	0.23439	0.06672	0.02531	0.14053	0.04542	0.01135	0.00718	0.00224	0.00765	0.05853	0.00568	0.00852
38	0.00841	0.00607	0.00798	0.00947	0.01002	0.00564	0.00643	0.00969	0.01333	0.01762	0.03958	0.69154	0.08562	0.02110	0.00872	0.00276	0.00401	0.04006	0.00635	0.00559
39	0.01332	0.00830	0.01154	0.03339	0.01475	0.00808	0.01019	0.01647	0.01693	0.11168	0.17455	0.06312	0.04082	0.01619	0.00876	0.00278	0.00569	0.42965	0.00674	0.00706
40	0.01419	0.01216	0.01419	0.01013	0.01621	0.00912	0.00811	0.01723	0.01419	0.02229	0.01216	0.01419	0.01013	0.00507	0.00507	0.00101	0.00507	0.00405	0.00405	0.80139
41	0.06989	0.26539	0.35664	0.01761	0.05249	0.01976	0.05947	0.04814	0.01494	0.02139	0.01149	0.01353	0.00893	0.00629	0.00579	0.00194	0.00879	0.00478	0.00321	0.00954
42	0.01870	0.08451	0.02080	0.15937	0.13067	0.24445	0.01432	0.08301	0.01823	0.02151	0.10247	0.03960	0.01757	0.00815	0.00661	0.00198	0.00880	0.00651	0.00425	0.00847
43	0.02870	0.01178	0.01570	0.01202	0.01735	0.01016	0.00989	0.03185	0.03791	0.63402	0.02556	0.02246	0.01638	0.00816	0.00670	0.00201	0.00574	0.00663	0.00799	0.08900
44	0.00986	0.00852	0.03474	0.00887	0.01115	0.00731	0.00706	0.01391	0.06436	0.02469	0.45361	0.05236	0.24928	0.01437	0.00794	0.00221	0.00369	0.01240	0.00698	0.00668
45	0.00832	0.00601	0.00788	0.00937	0.00988	0.00557	0.00628	0.00954	0.01325	0.01753	0.03962	0.71330	0.08581	0.02118	0.00869	0.00275	0.00394	0.01915	0.00635	0.00557
46	0.01475	0.01467	0.02052	0.01768	0.01769	0.02044	0.01468	0.01623	0.01057	0.01650	0.00994	0.03976	0.01020	0.01229	0.02199	0.00299	0.72215	0.00644	0.00311	0.00742
47	0.01372	0.03539	0.72412	0.01950	0.02961	0.01589	0.02528	0.02167	0.01444	0.02167	0.01228	0.01444	0.00867	0.00650	0.00650	0.00217	0.01011	0.00506	0.00289	0.01011
48	0.01615	0.01845	0.04037	0.02884	0.03576	0.01730	0.69204	0.02191	0.01615	0.02191	0.01384	0.01845	0.01038	0.00577	0.00807	0.00231	0.01153	0.00807	0.00346	0.00923
49	0.01693	0.01626	0.02777	0.04199	0.71689	0.01626	0.02100	0.02100	0.01558	0.02235	0.01287	0.01693	0.01084	0.00610	0.00677	0.00203	0.00813	0.00610	0.00339	0.01084
50	0.03070	0.01164	0.01588	0.01217	0.01746	0.01006	0.01006	0.03334	0.01958	0.72163	0.02699	0.02329	0.01694	0.00847	0.00688	0.00212	0.00582	0.00688	0.00847	0.01164
51	0.01615	0.01845	0.04037	0.02884	0.03576	0.01730	0.69204	0.02191	0.01615	0.02191	0.01384	0.01845	0.01038	0.00577	0.00807	0.00231	0.01153	0.00807	0.00346	0.00923
52	0.00918	0.00694	0.00848	0.00816	0.00993	0.00623	0.00610	0.01192	0.01808	0.02456	0.50796	0.07947	0.24756	0.01519	0.00810	0.00222	0.00332	0.01320	0.00716	0.00623
53	0.00843	0.00599	0.00791	0.00940	0.00977	0.00562	0.00622	0.00955	0.01291	0.01721	0.03673	0.71202	0.04401	0.06620	0.01031	0.00301	0.00413	0.01887	0.00622	0.00547
54	0.00833	0.00599	0.00790	0.00942	0.00990	0.00557	0.00630	0.00954	0.01320	0.01751	0.03899	0.72719	0.07233	0.02127	0.00871	0.00276	0.00395	0.01925	0.00635	0.00557
55	0.01372	0.03539	0.72412	0.01950	0.02961	0.01589	0.02528	0.02167	0.01444	0.02167	0.01228	0.01444	0.00867	0.00650	0.00650	0.00217	0.01011	0.00506	0.00289	0.01011
56	0.00830	0.00654	0.00750	0.00811	0.00959	0.00574	0.00576	0.00993	0.01486	0.01873	0.10376	0.34423	0.39524	0.01875	0.00835	0.00249	0.00365	0.01632	0.00644	0.00574
57	0.80789	0.01323	0.01006	0.00900	0.01323	0.01535	0.00741	0.02011	0.01164	0.03070	0.00953	0.01111	0.00741	0.00635	0.00423	0.00212	0.00529	0.00370	0.00423	0.00741
58	0.01672	0.51391	0.27190	0.01438	0.02169	0.02324	0.01636	0.02089	0.01409	0.01801	0.01046	0.01216	0.00874	0.00607	0.00511	0.00170	0.00827	0.00414	0.00291	0.00924
59	0.02566	0.01320	0.01612	0.01285	0.01784	0.01290	0.01042	0.09689	0.19987	0.43225	0.02530	0.02266	0.01705	0.00845	0.00679	0.00210	0.00583	0.00686	0.00765	0.05932
60	0.01188	0.00594	0.00891	0.00891	0.00891	0.00594	0.00594	0.00891	0.00891	0.01188	0.01188	0.02080	0.01188	0.02377	0.02674	0.80095	0.00594	0.00594	0.00297	0.00297
61	0.10712	0.02433	0.02066	0.02330	0.21649	0.37905	0.01468	0.06744	0.04577	0.02198	0.01217	0.01429	0.00990	0.00687	0.00621	0.00192	0.00981	0.00505	0.00391	0.00905
62	0.03026	0.01234	0.01631	0.01250	0.01781	0.01109	0.01033	0.09465	0.02075	0.65867	0.02601	0.02265	0.01644	0.00844	0.00688	0.00211	0.00598	0.00681	0.00832	0.01164
63	0.00836	0.00606	0.00791	0.00931	0.00989	0.00560	0.00627	0.00966	0.01349	0.01788	0.06348	0.68181	0.09324	0.02088	0.00866	0.00272	0.00391	0.01885	0.00639	0.00560
64	0.01632	0.01556	0.02682	0.03848	0.61386	0.01550	0.05503	0.02039	0.01562	0.02215	0.01516	0.02280	0.01355	0.00731	0.00710	0.00215	0.00813	0.07006	0.00367	0.01032
65	0.03070	0.01164	0.01588	0.01217	0.01746	0.01006	0.01006	0.03334	0.01958	0.72163	0.02699	0.02329	0.01694	0.00847	0.00688	0.00212	0.00582	0.00688	0.00847	0.01164
66	0.02992	0.01147	0.01563	0.01204	0.01720	0.00992	0.00992	0.03259	0.01957	0.69615	0.05217	0.02431	0.01868	0.00867	0.00692	0.00212	0.00573	0.00708	0.00843	0.01145
67	0.01751	0.01563	0.01558	0.01397	0.01781	0.05866	0.01085	0.05606	0.62005	0.02805	0.02784	0.02579	0.04279	0.00938	0.00695	0.00228	0.00582	0.00771	0.00674	0.01052
68	0.01297	0.01216	0.02026	0.71353	0.04587	0.01495	0.01856	0.01747	0.01370	0.01767	0.01216	0.01808	0.00916	0.00677	0.00677	0.00223	0.00896	0.00600	0.00308	0.03965
69	0.02957	0.01190	0.01582	0.01220	0.01729	0.01059	0.01000	0.07247	0.01996	0.65188	0.02613	0.02374	0.01693	0.03878	0.00801	0.00230	0.00596	0.00696	0.00819	0.01134
70	0.01694	0.01448	0.01532	0.01380	0.01758	0.01668	0.01071	0.05517	0.65626	0.02861	0.02790	0.05471	0.02159	0.00974	0.00703	0.00233	0.00542	0.00816	0.00693	0.01064
71	0.07215	0.05800	0.57615	0.01860	0.02764	0.01598	0.06635	0.02110	0.01437	0.02203	0.01414	0.01619	0.03416	0.00681	0.00642	0.00215	0.00951	0.00544	0.00315	0.00965

[dist]
# distance from previous block
# <min> <max>
0	16

[block]
# block no. 2 follows, 31 sequences, length 50
# corresponding to MSA columns:
# 229-278
name=unknown_C
#
# <colnr> <probs for GDERKNQSTAVLIFYWHMCP>
#	G	D	E	R	K	N	Q	S	T	A	V	L	I	F	Y	W	H	M	C	P
0	0.00842	0.00614	0.00776	0.00902	0.00964	0.00567	0.00603	0.00960	0.01320	0.01729	0.04080	0.60717	0.13508	0.07675	0.01062	0.00301	0.00410	0.01805	0.00618	0.00548
1	0.01511	0.26468	0.39990	0.01780	0.07372	0.01878	0.01921	0.02058	0.01472	0.02037	0.06450	0.01629	0.01309	0.00683	0.00596	0.00193	0.00855	0.00524	0.00329	0.00946
2	0.01433	0.01224	0.01509	0.03401	0.01760	0.00996	0.02695	0.04339	0.01468	0.02246	0.01284	0.01548	0.01069	0.00876	0.06033	0.00188	0.00647	0.00455	0.00409	0.66419
3	0.02419	0.01825	0.02014	0.04208	0.04198	0.02013	0.01312	0.57743	0.08131	0.03979	0.01689	0.01712	0.01217	0.00808	0.00679	0.00205	0.00736	0.00620	0.00652	0.03842
4	0.01161	0.00594	0.00884	0.00896	0.00899	0.00591	0.00597	0.00896	0.00923	0.01231	0.01384	0.07638	0.01441	0.02359	0.02537	0.74053	0.00579	0.00696	0.00323	0.00317
5	0.08785	0.04922	0.01584	0.01171	0.01657	0.01098	0.00966	0.02988	0.01820	0.57991	0.02558	0.07713	0.01794	0.00916	0.00669	0.00213	0.00572	0.00743	0.00770	0.01071
6	0.01501	0.03359	0.67051	0.01894	0.02869	0.01545	0.02412	0.02255	0.01483	0.07465	0.01339	0.01511	0.00929	0.00665	0.00653	0.00216	0.00979	0.00519	0.00331	0.01023
7	0.05609	0.01179	0.01567	0.01212	0.01733	0.01045	0.00999	0.03300	0.04089	0.67684	0.02644	0.02295	0.01674	0.00842	0.00679	0.00212	0.00579	0.00680	0.00828	0.01148
8	0.01188	0.00594	0.00891	0.00891	0.00891	0.00594	0.00594	0.00891	0.00891	0.01188	0.01188	0.02080	0.01188	0.02377	0.02674	0.80095	0.00594	0.00594	0.00297	0.00297
9	0.01003	0.00828	0.00897	0.00856	0.01096	0.00788	0.00649	0.01517	0.13487	0.02252	0.22739	0.05514	0.42844	0.01509	0.00789	0.00227	0.00374	0.01276	0.00676	0.00682
10	0.01702	0.01470	0.01547	0.01392	0.01779	0.01702	0.01083	0.03635	0.70453	0.02862	0.02785	0.02553	0.02088	0.00928	0.00696	0.00232	0.00541	0.00773	0.00696	0.01083
11	0.00834	0.00595	0.00794	0.00953	0.00992	0.00556	0.00635	0.00953	0.01310	0.01746	0.03771	0.75510	0.04525	0.02143	0.00873	0.00278	0.00397	0.01945	0.00635	0.00556
12	0.80789	0.01323	0.01006	0.00900	0.01323	0.01535	0.00741	0.02011	0.01164	0.03070	0.00953	0.01111	0.00741	0.00635	0.00423	0.00212	0.00529	0.00370	0.00423	0.00741
13	0.01292	0.01216	0.02052	0.74312	0.04712	0.01520	0.01900	0.01748	0.01368	0.01748	0.01216	0.01824	0.00912	0.00684	0.00684	0.00228	0.00912	0.00608	0.00304	0.00760
14	0.02934	0.01220	0.01602	0.01246	0.01764	0.01108	0.01024	0.05938	0.07853	0.63600	0.02665	0.02321	0.01707	0.00853	0.00689	0.00213	0.00585	0.00692	0.00828	0.01157
15	0.01615	0.01845	0.04037	0.02884	0.03576	0.01730	0.69204	0.02191	0.01615	0.02191	0.01384	0.01845	0.01038	0.00577	0.00807	0.00231	0.01153	0.00807	0.00346	0.00923
16	0.00834	0.00595	0.00794	0.00953	0.00992	0.00556	0.00635	0.00953	0.01310	0.01746	0.03771	0.75510	0.04525	0.02143	0.00873	0.00278	0.00397	0.01945	0.00635	0.00556
17	0.02556	0.03261	0.01939	0.01763	0.02115	0.73210	0.01322	0.02732	0.01939	0.01674	0.01058	0.01234	0.00881	0.00705	0.00617	0.00176	0.01234	0.00441	0.00353	0.00793
18	0.00991	0.00680	0.00831	0.00831	0.00860	0.00709	0.00520	0.01049	0.01020	0.01389	0.02078	0.04048	0.02301	0.58963	0.20221	0.00768	0.00944	0.00932	0.00403	0.00462
19	0.80789	0.01323	0.01006	0.00900	0.01323	0.01535	0.00741	0.02011	0.01164	0.03070	0.00953	0.01111	0.00741	0.00635	0.00423	0.00212	0.00529	0.00370	0.00423	0.00741
20	0.01372	0.03539	0.72412	0.01950	0.02961	0.01589	0.02528	0.02167	0.01444	0.02167	0.01228	0.01444	0.00867	0.00650	0.00650	0.00217	0.01011	0.00506	0.00289	0.01011
21	0.01419	0.01216	0.01419	0.01013	0.01621	0.00912	0.00811	0.01723	0.01419	0.02229	0.01216	0.01419	0.01013	0.00507	0.00507	0.00101	0.00507	0.00405	0.00405	0.80139
22	0.01829	0.76368	0.03585	0.01171	0.01756	0.02707	0.01171	0.02049	0.01390	0.01610	0.00951	0.01097	0.00878	0.00585	0.00439	0.00146	0.00732	0.00366	0.00293	0.00878
23	0.02357	0.01927	0.01871	0.01549	0.03811	0.11753	0.01217	0.49214	0.02765	0.03601	0.01987	0.02015	0.06474	0.00867	0.00672	0.00200	0.00765	0.00655	0.05263	0.01035
24	0.03070	0.01164	0.01588	0.01217	0.01746	0.01006	0.01006	0.03334	0.01958	0.72163	0.02699	0.02329	0.01694	0.00847	0.00688	0.00212	0.00582	0.00688	0.00847	0.01164
25	0.00836	0.00697	0.00730	0.00730	0.00951	0.00592	0.00552	0.01030	0.01601	0.01952	0.13855	0.06460	0.62134	0.01701	0.00813	0.00232	0.00353	0.03547	0.00648	0.00587
26	0.01508	0.02908	0.50811	0.09420	0.10806	0.01589	0.04127	0.04519	0.01534	0.04602	0.01302	0.01558	0.00939	0.00660	0.00663	0.00216	0.00959	0.00546	0.00331	0.01002
27	0.02601	0.01916	0.02053	0.01574	0.02122	0.02122	0.01300	0.69408	0.03217	0.04312	0.01643	0.01643	0.01163	0.00821	0.00684	0.00205	0.00753	0.00616	0.00684	0.01163
28	0.00968	0.00652	0.00754	0.00780	0.00787	0.00646	0.00451	0.00988	0.01047	0.01395	0.02420	0.16116	0.02821	0.63862	0.03055	0.00600	0.00620	0.01151	0.00451	0.00438
29	0.04832	0.60933	0.15303	0.01294	0.01946	0.02469	0.01387	0.02067	0.01391	0.01762	0.00999	0.01158	0.00871	0.00598	0.00475	0.00161	0.00772	0.00390	0.00297	0.00895
30	0.01593	0.01414	0.02174	0.38213	0.23005	0.01604	0.01779	0.10408	0.05903	0.02304	0.01423	0.01836	0.01095	0.00699	0.00675	0.00216	0.00820	0.00621	0.03300	0.00917
31	0.03070	0.01164	0.01588	0.01217	0.01746	0.01006	0.01006	0.03334	0.01958	0.72163	0.02699	0.02329	0.01694	0.00847	0.00688	0.00212	0.00582	0.00688	0.00847	0.01164
32	0.00834	0.00595	0.00794	0.00953	0.00992	0.00556	0.00635	0.00953	0.01310	0.01746	0.03771	0.75510	0.04525	0.02143	0.00873	0.00278	0.00397	0.01945	0.00635	0.00556
33	0.02821	0.01404	0.03767	0.01319	0.01850	0.01288	0.01112	0.19883	0.02237	0.50462	0.02427	0.04746	0.01637	0.00881	0.00693	0.00213	0.00631	0.00709	0.00782	0.01138
34	0.00817	0.00677	0.00716	0.00741	0.00938	0.00576	0.00542	0.00985	0.01528	0.01855	0.08101	0.18021	0.58564	0.01792	0.00819	0.00238	0.00354	0.01522	0.00638	0.00576
35	0.01841	0.01906	0.02633	0.03781	0.59742	0.13918	0.01966	0.02208	0.01623	0.02139	0.01247	0.01614	0.01049	0.00626	0.00667	0.00199	0.00885	0.00581	0.00341	0.01034
36	0.10795	0.01204	0.01369	0.01015	0.01577	0.00984	0.00816	0.01903	0.01463	0.09402	0.03907	0.01610	0.01250	0.00589	0.00526	0.00129	0.00510	0.00460	0.00465	0.60025
37	0.01814	0.57125	0.07808	0.01252	0.01801	0.07734	0.01224	0.02062	0.01448	0.04076	0.01269	0.07283	0.01205	0.00736	0.00511	0.00166	0.00756	0.00522	0.00344	0.00864
38	0.02131	0.01573	0.01809	0.01613	0.07550	0.01719	0.01204	0.46349	0.02596	0.03565	0.03637	0.04327	0.01521	0.01314	0.08316	0.00298	0.00808	0.00690	0.07965	0.01016
39	0.05890	0.01972	0.24362	0.11631	0.06804	0.01425	0.01682	0.02296	0.05307	0.16489	0.07725	0.02061	0.01608	0.00817	0.00799	0.00224	0.06837	0.00643	0.00479	0.00949
40	0.01365	0.09136	0.61013	0.01806	0.02703	0.01594	0.02264	0.02057	0.01429	0.02087	0.01414	0.07498	0.01168	0.00767	0.00651	0.00216	0.00938	0.00613	0.00318	0.00963
41	0.02745	0.01086	0.01477	0.01172	0.01636	0.00944	0.00951	0.03001	0.01903	0.61722	0.07393	0.08524	0.02246	0.00990	0.00711	0.00217	0.00550	0.00828	0.00823	0.01080
42	0.01513	0.01562	0.02835	0.22721	0.20756	0.03989	0.25816	0.01963	0.01518	0.02026	0.01498	0.07829	0.01296	0.00748	0.00740	0.00225	0.00942	0.00784	0.00357	0.00884
43	0.01849	0.49057	0.11865	0.01601	0.07696	0.11483	0.01433	0.02212	0.03941	0.01784	0.01092	0.01259	0.00937	0.00623	0.00517	0.00167	0.00831	0.00427	0.00318	0.00908
44	0.01811	0.70249	0.03622	0.01311	0.01905	0.02627	0.06757	0.02060	0.01409	0.01657	0.00987	0.01159	0.00891	0.00585	0.00469	0.00153	0.00766	0.00402	0.00297	0.00882
45	0.01260	0.01144	0.01819	0.53398	0.06058	0.01373	0.01622	0.01778	0.07037	0.01855	0.01786	0.14533	0.01635	0.00952	0.00717	0.00236	0.00790	0.00851	0.00394	0.00762
46	0.01591	0.01825	0.08847	0.07737	0.28976	0.01704	0.27120	0.02069	0.01504	0.02120	0.01273	0.01717	0.01018	0.00667	0.00889	0.00226	0.08749	0.00674	0.00331	0.00962
47	0.04163	0.01421	0.01576	0.01342	0.01771	0.01553	0.01065	0.10773	0.43598	0.18296	0.05031	0.02455	0.02018	0.00907	0.00690	0.00223	0.00566	0.00743	0.00723	0.01085
48	0.02896	0.01212	0.01653	0.07240	0.02012	0.01113	0.01096	0.07060	0.01983	0.62421	0.02516	0.02247	0.01598	0.00832	0.00687	0.00213	0.00619	0.00677	0.00793	0.01131
49	0.01123	0.00852	0.01224	0.01545	0.13196	0.00839	0.00943	0.03877	0.01411	0.01907	0.04421	0.39689	0.03355	0.07391	0.01184	0.06848	0.00542	0.08463	0.00544	0.00648

[dist]
# distance from previous block
# <min> <max>
0	2

[block]
# block no. 3 follows, 31 sequences, length 6
# corresponding to MSA columns:
# 281-286
name=unknown_D
#
# <colnr> <probs for GDERKNQSTAVLIFYWHMCP>
#	G	D	E	R	K	N	Q	S	T	A	V	L	I	F	Y	W	H	M	C	P
0	0.01620	0.19025	0.02782	0.07054	0.02355	0.06322	0.15615	0.01898	0.01334	0.01765	0.01166	0.04604	0.01076	0.00898	0.01256	0.00236	0.29222	0.00636	0.00325	0.00811
1	0.00959	0.00766	0.01041	0.01113	0.01145	0.00848	0.00798	0.01084	0.01260	0.01727	0.03226	0.61476	0.03837	0.01964	0.01133	0.00282	0.14487	0.01690	0.00571	0.00592
2	0.00876	0.00672	0.00806	0.00847	0.00999	0.00602	0.00621	0.01082	0.01589	0.02072	0.23227	0.26412	0.30403	0.01772	0.00835	0.00245	0.00371	0.05311	0.00667	0.00593
3	0.01855	0.02023	0.02778	0.07498	0.38667	0.18283	0.14631	0.02243	0.01646	0.02068	0.01248	0.01623	0.01018	0.00630	0.00688	0.00204	0.00981	0.00608	0.00341	0.00967
4	0.01424	0.01220	0.01968	0.33466	0.26458	0.01351	0.01637	0.01831	0.01448	0.02099	0.01476	0.01949	0.01166	0.00685	0.00634	0.00204	0.00741	0.00615	0.18788	0.00841
5	0.01311	0.01756	0.18411	0.57488	0.04305	0.01536	0.02046	0.01845	0.01386	0.01845	0.01219	0.01736	0.00901	0.00676	0.00676	0.00225	0.00935	0.00584	0.00300	0.00818

[dist]
# distance from previous block
# <min> <max>
0	5

[block]
# block no. 4 follows, 31 sequences, length 10
# corresponding to MSA columns:
# 292-301
name=unknown_E
#
# <colnr> <probs for GDERKNQSTAVLIFYWHMCP>
#	G	D	E	R	K	N	Q	S	T	A	V	L	I	F	Y	W	H	M	C	P
0	0.01563	0.02169	0.23744	0.09410	0.45308	0.01606	0.02212	0.02090	0.01508	0.02173	0.01263	0.01629	0.01004	0.00628	0.00670	0.00209	0.00881	0.00578	0.00321	0.01035
1	0.01517	0.01649	0.03410	0.02491	0.03028	0.01609	0.53860	0.01977	0.01480	0.02024	0.01453	0.02189	0.01232	0.11306	0.01305	0.00298	0.07168	0.00817	0.00352	0.00836
2	0.00834	0.00595	0.00794	0.00953	0.00992	0.00556	0.00635	0.00953	0.01310	0.01746	0.03771	0.75510	0.04525	0.02143	0.00873	0.00278	0.00397	0.01945	0.00635	0.00556
3	0.01536	0.01613	0.02742	0.02158	0.02388	0.01974	0.24034	0.01828	0.01236	0.01828	0.01060	0.01613	0.00945	0.00991	0.01767	0.00276	0.50222	0.00668	0.00315	0.00806
4	0.01900	0.01476	0.01582	0.01332	0.01736	0.01619	0.01058	0.33239	0.22746	0.03272	0.02947	0.10115	0.11730	0.01116	0.00725	0.00224	0.00596	0.00915	0.00676	0.00995
5	0.02217	0.01656	0.01774	0.01409	0.01879	0.01804	0.01146	0.53319	0.05829	0.03767	0.02551	0.06176	0.11327	0.01023	0.00712	0.00214	0.00668	0.00808	0.00675	0.01046
6	0.60360	0.01220	0.01036	0.00923	0.01298	0.01376	0.00747	0.05041	0.01423	0.03060	0.15743	0.01975	0.01959	0.00804	0.00516	0.00212	0.00496	0.00564	0.00505	0.00741
7	0.01441	0.00925	0.01496	0.01333	0.01586	0.00850	0.11730	0.01674	0.01508	0.16599	0.03156	0.44970	0.03343	0.01608	0.00827	0.00258	0.00569	0.04750	0.00633	0.00746
8	0.02099	0.13653	0.02166	0.05178	0.06764	0.04132	0.01270	0.38944	0.02410	0.03166	0.01770	0.12018	0.01567	0.00946	0.00669	0.00206	0.00726	0.00758	0.00562	0.00995
9	0.01807	0.05493	0.01592	0.01307	0.01680	0.05182	0.01041	0.07099	0.35525	0.09599	0.04228	0.03020	0.02151	0.06085	0.00888	0.00253	0.00616	0.07720	0.00635	0.04079

[dist]
# distance from previous block
# <min> <max>
0	1

[block]
# block no. 5 follows, 31 sequences, length 8
# corresponding to MSA columns:
# 303-310
name=unknown_F
#
# <colnr> <probs for GDERKNQSTAVLIFYWHMCP>
#	G	D	E	R	K	N	Q	S	T	A	V	L	I	F	Y	W	H	M	C	P
0	0.01743	0.01839	0.12797	0.04865	0.07157	0.03977	0.11377	0.14985	0.12110	0.05286	0.01727	0.01991	0.01332	0.01529	0.13772	0.00376	0.01034	0.00668	0.00475	0.00959
1	0.02004	0.01932	0.01545	0.01509	0.06912	0.28319	0.01072	0.11957	0.05787	0.02468	0.01664	0.01859	0.01308	0.00759	0.00588	0.00180	0.00776	0.00566	0.27965	0.00831
2	0.01274	0.01226	0.02200	0.49210	0.03887	0.01397	0.13818	0.01695	0.01403	0.01828	0.01672	0.14112	0.01537	0.00908	0.00738	0.00237	0.00870	0.00867	0.00367	0.00755
3	0.01076	0.00881	0.01426	0.01245	0.01404	0.00881	0.12947	0.01254	0.01183	0.01611	0.02213	0.15443	0.02391	0.34170	0.18223	0.00619	0.00970	0.01061	0.00428	0.00574
4	0.01345	0.00871	0.01223	0.13262	0.01823	0.00885	0.00986	0.01695	0.04623	0.12459	0.18602	0.23893	0.03760	0.01450	0.00801	0.00248	0.00531	0.10168	0.00640	0.00733
5	0.01053	0.00843	0.01113	0.01019	0.01155	0.00903	0.00791	0.01336	0.01753	0.02489	0.54567	0.04552	0.09558	0.01383	0.01066	0.00231	0.13728	0.01135	0.00664	0.00660
6	0.48024	0.01362	0.01287	0.13222	0.01948	0.05481	0.00989	0.04642	0.01441	0.05545	0.08948	0.01753	0.01469	0.00748	0.00541	0.00213	0.00621	0.00533	0.00463	0.00770
7	0.01661	0.38576	0.14645	0.01711	0.02287	0.02247	0.13707	0.02027	0.01382	0.01811	0.01065	0.01355	0.00908	0.00696	0.00841	0.00199	0.13186	0.00507	0.00303	0.00886

[dist]
# distance from previous block
# <min> <max>
0	29

# created by:
# /st0/software/busco_prod/Augustus/scripts/msa2prfl.pl ./align_prep/152656.fa
