[name]
unknown

[dist]
# distance from previous block
# <min> <max>
0	15

[block]
# block no. 0 follows, 30 sequences, length 39
# corresponding to MSA columns:
# 15-53
name=unknown_A
#
# <colnr> <probs for GDERKNQSTAVLIFYWHMCP>
#	G	D	E	R	K	N	Q	S	T	A	V	L	I	F	Y	W	H	M	C	P
0	0.01408	0.01105	0.01550	0.04950	0.04457	0.01140	0.04961	0.09349	0.05882	0.02409	0.02990	0.05762	0.03050	0.01510	0.00871	0.00282	0.00697	0.43299	0.00601	0.03727
1	0.02160	0.01517	0.01898	0.05562	0.04689	0.01541	0.03725	0.28376	0.02256	0.13872	0.01861	0.04802	0.01472	0.00865	0.00735	0.00202	0.02979	0.03760	0.00602	0.17125
2	0.01729	0.01557	0.02453	0.19793	0.15969	0.01607	0.13601	0.15608	0.01868	0.02565	0.01471	0.04472	0.01192	0.00721	0.00700	0.00206	0.00842	0.00679	0.00432	0.12535
3	0.00933	0.00692	0.00837	0.00888	0.01000	0.00625	0.00594	0.01053	0.01315	0.01745	0.03776	0.42308	0.14426	0.18171	0.01436	0.00347	0.00466	0.01555	0.00578	0.07253
4	0.01972	0.01509	0.01915	0.04031	0.04942	0.01579	0.06878	0.34802	0.02464	0.05470	0.11796	0.08422	0.06079	0.01035	0.00742	0.00217	0.00682	0.00884	0.00638	0.03943
5	0.02075	0.02205	0.02233	0.02747	0.31326	0.27770	0.01615	0.02614	0.11513	0.04565	0.01665	0.01849	0.03251	0.00746	0.00675	0.00202	0.00925	0.00610	0.00430	0.00984
6	0.01106	0.00801	0.00973	0.01026	0.01131	0.00805	0.00705	0.08278	0.04568	0.02042	0.03314	0.52988	0.03816	0.13451	0.01278	0.00335	0.00492	0.01635	0.00621	0.00634
7	0.00997	0.00748	0.01121	0.01121	0.01246	0.00872	0.00872	0.01246	0.01121	0.01620	0.01869	0.02741	0.01745	0.05234	0.72710	0.01121	0.01869	0.00748	0.00374	0.00623
8	0.00850	0.00607	0.00810	0.00972	0.01012	0.00567	0.00648	0.00972	0.01336	0.01781	0.03846	0.75020	0.04615	0.02186	0.00891	0.00283	0.00405	0.01984	0.00648	0.00567
9	0.00970	0.00659	0.00780	0.00822	0.00838	0.00646	0.00491	0.01013	0.01134	0.01517	0.04956	0.23531	0.03232	0.53271	0.02744	0.00555	0.00592	0.01284	0.00495	0.00469
10	0.06771	0.01345	0.01586	0.01299	0.01751	0.01368	0.01055	0.18408	0.11828	0.31107	0.07687	0.05363	0.02190	0.01000	0.00716	0.00225	0.00601	0.03885	0.00753	0.01062
11	0.00997	0.00748	0.01121	0.01121	0.01246	0.00872	0.00872	0.01246	0.01121	0.01620	0.01869	0.02741	0.01745	0.05234	0.72710	0.01121	0.01869	0.00748	0.00374	0.00623
12	0.02607	0.03326	0.01978	0.01798	0.02157	0.72674	0.01348	0.02787	0.01978	0.01708	0.01079	0.01258	0.00899	0.00719	0.00629	0.00180	0.01258	0.00449	0.00360	0.00809
13	0.02168	0.01579	0.01706	0.01366	0.01762	0.01725	0.01070	0.48971	0.02629	0.03522	0.01884	0.04897	0.01652	0.20194	0.01443	0.00333	0.00732	0.00774	0.00625	0.00968
14	0.01080	0.00668	0.00869	0.00954	0.01040	0.00624	0.00647	0.01213	0.01376	0.07595	0.05446	0.55884	0.04080	0.10704	0.01174	0.00318	0.00448	0.01691	0.03582	0.00607
15	0.01647	0.01882	0.04118	0.02941	0.03647	0.01765	0.68588	0.02235	0.01647	0.02235	0.01412	0.01882	0.01059	0.00588	0.00824	0.00235	0.01176	0.00824	0.00353	0.00941
16	0.06321	0.01145	0.01445	0.01164	0.01602	0.01068	0.00926	0.03005	0.08896	0.49924	0.02591	0.02627	0.01828	0.10353	0.01045	0.00275	0.00588	0.00734	0.03418	0.01043
17	0.01359	0.00925	0.01084	0.01001	0.01192	0.00928	0.00722	0.12969	0.01743	0.06163	0.13678	0.17720	0.10851	0.21945	0.04240	0.00391	0.00590	0.01196	0.00615	0.00688
18	0.61674	0.01394	0.01221	0.01036	0.01496	0.01559	0.00854	0.09493	0.01523	0.12370	0.01285	0.01358	0.00932	0.00697	0.00497	0.00215	0.00572	0.00448	0.00518	0.00860
19	0.01212	0.00606	0.00909	0.00909	0.00909	0.00606	0.00606	0.00909	0.00909	0.01212	0.01212	0.02121	0.01212	0.02424	0.02727	0.79697	0.00606	0.00606	0.00303	0.00303
20	0.02162	0.01355	0.01557	0.01330	0.01762	0.01432	0.01064	0.07882	0.36682	0.24700	0.03007	0.02945	0.05845	0.01005	0.00725	0.00232	0.00574	0.03903	0.00751	0.01086
21	0.00936	0.00722	0.00850	0.00844	0.01019	0.00658	0.00618	0.01227	0.04078	0.02278	0.33479	0.15477	0.29396	0.04140	0.00921	0.00250	0.00368	0.01416	0.00694	0.00628
22	0.02759	0.01548	0.01799	0.01390	0.01913	0.01589	0.01144	0.37079	0.02624	0.32178	0.02164	0.02029	0.01452	0.00847	0.00685	0.00209	0.00666	0.00660	0.06115	0.01151
23	0.00878	0.00618	0.00794	0.00932	0.00987	0.00577	0.00623	0.01006	0.01341	0.01806	0.03873	0.64465	0.08064	0.05572	0.00994	0.00294	0.00411	0.01847	0.04354	0.00565
24	0.01245	0.00820	0.00964	0.00927	0.01053	0.00818	0.00626	0.05686	0.03945	0.06572	0.05470	0.16517	0.08659	0.37685	0.05553	0.00497	0.00641	0.01164	0.00550	0.00607
25	0.01525	0.01393	0.01867	0.32895	0.11565	0.06455	0.01538	0.10007	0.01740	0.02226	0.04726	0.07649	0.07909	0.01000	0.00736	0.00231	0.00795	0.04460	0.00455	0.00827
26	0.00959	0.00782	0.00823	0.00803	0.01038	0.00697	0.00602	0.05623	0.01697	0.02088	0.09378	0.13339	0.56246	0.01731	0.00823	0.00238	0.00386	0.01458	0.00657	0.00631
27	0.00880	0.00625	0.00819	0.00942	0.00992	0.00587	0.00628	0.01013	0.01376	0.01852	0.10932	0.60979	0.04637	0.08856	0.01129	0.00313	0.00422	0.01816	0.00640	0.00563
28	0.08638	0.01662	0.01708	0.03713	0.01914	0.06684	0.01149	0.39324	0.02468	0.03373	0.04000	0.05591	0.05300	0.01479	0.09501	0.00325	0.00871	0.00738	0.00597	0.00965
29	0.09687	0.08027	0.02020	0.01555	0.02015	0.28631	0.01245	0.28778	0.04917	0.02963	0.01389	0.01481	0.01065	0.00761	0.00624	0.00194	0.00912	0.00525	0.02243	0.00968
30	0.00972	0.00661	0.00791	0.00830	0.00876	0.00639	0.00523	0.01069	0.01266	0.01733	0.11688	0.24808	0.05354	0.39650	0.02229	0.00470	0.00530	0.01320	0.04081	0.00509
31	0.00969	0.00726	0.00882	0.00911	0.01059	0.00674	0.00655	0.04293	0.01673	0.02223	0.23805	0.35110	0.20830	0.01803	0.00846	0.00250	0.00388	0.01589	0.00685	0.00628
32	0.02503	0.04045	0.01964	0.01483	0.02005	0.01914	0.01222	0.49289	0.08377	0.12221	0.04145	0.02087	0.03713	0.00890	0.00700	0.00212	0.00702	0.00689	0.00707	0.01136
33	0.01934	0.01733	0.01681	0.01480	0.01891	0.08683	0.01156	0.11686	0.55013	0.02985	0.02525	0.02358	0.01894	0.00911	0.00701	0.00228	0.00648	0.00736	0.00675	0.01086
34	0.01960	0.01805	0.02541	0.07657	0.45218	0.10544	0.03355	0.04170	0.01689	0.08744	0.01408	0.01730	0.01120	0.00695	0.00763	0.00211	0.04338	0.00612	0.00402	0.01038
35	0.02476	0.01774	0.01928	0.01525	0.02037	0.01950	0.01243	0.50676	0.14071	0.09249	0.02026	0.04438	0.01503	0.00905	0.00707	0.00217	0.00706	0.00708	0.00711	0.01152
36	0.00995	0.00769	0.00883	0.00862	0.01048	0.00718	0.00631	0.03217	0.04936	0.02267	0.27839	0.13904	0.30123	0.07419	0.01037	0.00270	0.00398	0.01369	0.00676	0.00639
37	0.02349	0.04948	0.01878	0.01612	0.02002	0.44153	0.01238	0.06077	0.17619	0.06003	0.01821	0.01845	0.03806	0.00820	0.00656	0.00197	0.00986	0.00585	0.00493	0.00911
38	0.69605	0.01423	0.03168	0.00992	0.01436	0.01565	0.00840	0.04540	0.03880	0.03131	0.03420	0.01356	0.01023	0.00693	0.00472	0.00217	0.00556	0.00436	0.00459	0.00789

[dist]
# distance from previous block
# <min> <max>
0	1

[block]
# block no. 1 follows, 30 sequences, length 47
# corresponding to MSA columns:
# 55-101
name=unknown_B
#
# <colnr> <probs for GDERKNQSTAVLIFYWHMCP>
#	G	D	E	R	K	N	Q	S	T	A	V	L	I	F	Y	W	H	M	C	P
0	0.02541	0.01256	0.01553	0.01268	0.01740	0.01225	0.01022	0.03351	0.23594	0.45213	0.04833	0.02689	0.04574	0.00940	0.00712	0.00223	0.00564	0.00774	0.00804	0.01124
1	0.00999	0.00738	0.01072	0.01072	0.01180	0.00845	0.00811	0.01214	0.01107	0.01583	0.01914	0.02991	0.01853	0.14842	0.63250	0.01061	0.01706	0.00784	0.00381	0.00596
2	0.02960	0.04096	0.01758	0.01296	0.01835	0.01274	0.01076	0.12160	0.05018	0.57047	0.02545	0.02244	0.01641	0.00854	0.00692	0.00213	0.00621	0.00683	0.00814	0.01173
3	0.02485	0.01694	0.01859	0.01450	0.01930	0.01833	0.01170	0.52154	0.02827	0.11644	0.01869	0.02147	0.01431	0.10959	0.01085	0.00273	0.00736	0.00689	0.00680	0.01083
4	0.02904	0.01200	0.01590	0.01239	0.01748	0.01078	0.01016	0.06035	0.04918	0.61117	0.07400	0.02551	0.02056	0.00905	0.00710	0.00217	0.00581	0.00741	0.00844	0.01148
5	0.80405	0.01350	0.01026	0.00918	0.01350	0.01565	0.00756	0.02051	0.01188	0.03131	0.00972	0.01134	0.00756	0.00648	0.00432	0.00216	0.00540	0.00378	0.00432	0.00756
6	0.01591	0.19882	0.26984	0.01677	0.05103	0.04593	0.01679	0.02327	0.13383	0.02087	0.01523	0.01788	0.01235	0.03389	0.06496	0.00294	0.04072	0.00569	0.00384	0.00944
7	0.00849	0.00614	0.00803	0.00954	0.01008	0.00568	0.00640	0.00974	0.01353	0.01788	0.04055	0.70591	0.08910	0.02159	0.00886	0.00280	0.00402	0.01951	0.00648	0.00568
8	0.00858	0.00708	0.00753	0.00741	0.00963	0.00603	0.00556	0.01065	0.01668	0.02070	0.19946	0.06412	0.57848	0.01698	0.00824	0.00232	0.00349	0.01430	0.00672	0.00603
9	0.01672	0.01065	0.01159	0.01011	0.01280	0.01144	0.00789	0.21002	0.04602	0.02936	0.02024	0.02365	0.01607	0.03202	0.06197	0.05422	0.00605	0.00663	0.40463	0.00793
10	0.00921	0.00654	0.00797	0.00861	0.00922	0.00618	0.00559	0.01032	0.01329	0.01769	0.11785	0.35201	0.10909	0.27334	0.01794	0.00406	0.00484	0.01509	0.00585	0.00531
11	0.00897	0.00629	0.00818	0.00959	0.01017	0.00593	0.00657	0.01036	0.01350	0.01818	0.03772	0.61326	0.06331	0.06157	0.01023	0.00301	0.00431	0.06204	0.04113	0.00568
12	0.01647	0.01882	0.04118	0.02941	0.03647	0.01765	0.68588	0.02235	0.01647	0.02235	0.01412	0.01882	0.01059	0.00588	0.00824	0.00235	0.01176	0.00824	0.00353	0.00941
13	0.01500	0.01037	0.01208	0.01264	0.06495	0.01097	0.00888	0.02324	0.23242	0.06099	0.02807	0.05915	0.05567	0.04227	0.00784	0.00234	0.00492	0.05733	0.28247	0.00840
14	0.02142	0.00943	0.01235	0.01040	0.01392	0.00840	0.00822	0.02415	0.01842	0.38828	0.16991	0.09964	0.05063	0.01124	0.00718	0.00216	0.00476	0.00954	0.12071	0.00925
15	0.05751	0.01266	0.01708	0.01307	0.01849	0.01144	0.03116	0.07714	0.02045	0.62562	0.02577	0.02270	0.01637	0.00846	0.00696	0.00216	0.00622	0.00689	0.00822	0.01165
16	0.01005	0.00683	0.00787	0.00778	0.00811	0.00671	0.00463	0.01062	0.01184	0.01598	0.13177	0.04735	0.05280	0.61509	0.03037	0.00591	0.00612	0.01068	0.00484	0.00465
17	0.00855	0.00615	0.00811	0.00958	0.01011	0.00572	0.00644	0.00987	0.01372	0.01829	0.06827	0.69643	0.07012	0.02139	0.00885	0.00279	0.00400	0.01935	0.00653	0.00572
18	0.01400	0.03610	0.71860	0.01989	0.03020	0.01621	0.02578	0.02210	0.01473	0.02210	0.01252	0.01473	0.00884	0.00663	0.00663	0.00221	0.01031	0.00516	0.00295	0.01031
19	0.01099	0.00760	0.00983	0.00912	0.01099	0.00711	0.00689	0.01484	0.04401	0.05506	0.65657	0.05008	0.06234	0.01387	0.00814	0.00220	0.00348	0.01223	0.00770	0.00695
20	0.00867	0.00687	0.00779	0.00801	0.00980	0.00600	0.00584	0.01066	0.01623	0.02068	0.20669	0.20700	0.42551	0.01779	0.00838	0.00242	0.00359	0.01533	0.00675	0.00600
21	0.01527	0.01527	0.02137	0.01832	0.01832	0.02137	0.01527	0.01679	0.01069	0.01679	0.00916	0.01527	0.00916	0.01221	0.02290	0.00305	0.74198	0.00611	0.00305	0.00763
22	0.80405	0.01350	0.01026	0.00918	0.01350	0.01565	0.00756	0.02051	0.01188	0.03131	0.00972	0.01134	0.00756	0.00648	0.00432	0.00216	0.00540	0.00378	0.00432	0.00756
23	0.03131	0.01188	0.01619	0.01242	0.01781	0.01026	0.01026	0.03401	0.01997	0.71606	0.02753	0.02375	0.01727	0.00864	0.00702	0.00216	0.00594	0.00702	0.00864	0.01188
24	0.00871	0.00697	0.00781	0.00802	0.00993	0.00608	0.00596	0.01074	0.01624	0.02045	0.18042	0.16631	0.46446	0.01774	0.00840	0.00243	0.00369	0.04295	0.00670	0.00601
25	0.80405	0.01350	0.01026	0.00918	0.01350	0.01565	0.00756	0.02051	0.01188	0.03131	0.00972	0.01134	0.00756	0.00648	0.00432	0.00216	0.00540	0.00378	0.00432	0.00756
26	0.00898	0.00756	0.00919	0.10679	0.01483	0.00714	0.00749	0.01100	0.01504	0.01847	0.05516	0.22235	0.45677	0.01722	0.00823	0.00247	0.00444	0.01478	0.00602	0.00609
27	0.01080	0.00813	0.01012	0.00958	0.01145	0.00799	0.00718	0.01619	0.11137	0.02749	0.57209	0.09385	0.05853	0.01411	0.00812	0.00226	0.00364	0.01245	0.00752	0.00713
28	0.12152	0.01255	0.01390	0.01018	0.01613	0.01016	0.00817	0.01797	0.01412	0.02390	0.01204	0.01405	0.00996	0.00535	0.00505	0.00119	0.00520	0.00409	0.00416	0.69033
29	0.02588	0.01923	0.02058	0.01593	0.02140	0.02134	0.01311	0.64236	0.07945	0.04294	0.01757	0.01740	0.01253	0.00845	0.00699	0.00211	0.00753	0.00640	0.00699	0.01181
30	0.69694	0.01656	0.10629	0.01063	0.01576	0.01573	0.01003	0.02073	0.01226	0.03006	0.01010	0.01180	0.00773	0.00650	0.00463	0.00217	0.00606	0.00397	0.00413	0.00793
31	0.01201	0.00815	0.01103	0.10764	0.01555	0.00809	0.00812	0.01476	0.01703	0.07816	0.40524	0.04471	0.07217	0.15214	0.01309	0.00308	0.00498	0.01092	0.00644	0.00669
32	0.00971	0.00719	0.01020	0.10818	0.01527	0.00725	0.00823	0.01162	0.01473	0.01993	0.19688	0.43300	0.04377	0.01814	0.00967	0.05410	0.00471	0.01533	0.00609	0.00600
33	0.01210	0.00884	0.01063	0.01039	0.01179	0.00907	0.00746	0.11448	0.01665	0.02242	0.12281	0.31724	0.06706	0.17221	0.01456	0.00346	0.02907	0.03710	0.00613	0.00654
34	0.01675	0.01233	0.01470	0.01062	0.01671	0.00943	0.00854	0.01980	0.01522	0.11673	0.01445	0.01573	0.01128	0.00564	0.00542	0.00119	0.00527	0.00453	0.00474	0.69092
35	0.01124	0.00805	0.00990	0.01045	0.01156	0.00805	0.00732	0.10189	0.01573	0.02099	0.03358	0.54510	0.03890	0.10375	0.01172	0.00320	0.00494	0.04098	0.00629	0.00637
36	0.01312	0.00945	0.01233	0.01306	0.01512	0.00971	0.01118	0.10543	0.01814	0.02379	0.03432	0.11848	0.03675	0.01798	0.00923	0.00303	0.00643	0.52883	0.00650	0.00711
37	0.01848	0.01788	0.03779	0.02711	0.03394	0.01665	0.59429	0.02393	0.01695	0.11640	0.01594	0.01949	0.01149	0.00626	0.00807	0.00233	0.01097	0.00807	0.00422	0.00975
38	0.01407	0.00789	0.01070	0.01004	0.01079	0.00817	0.00704	0.10113	0.01231	0.01644	0.01275	0.02061	0.01209	0.02209	0.02452	0.68921	0.00628	0.00609	0.00357	0.00423
39	0.31752	0.01362	0.01389	0.01182	0.01610	0.01471	0.00981	0.19551	0.01939	0.14377	0.01897	0.02485	0.01534	0.00916	0.00621	0.00225	0.00608	0.09467	0.05717	0.00916
40	0.80405	0.01350	0.01026	0.00918	0.01350	0.01565	0.00756	0.02051	0.01188	0.03131	0.00972	0.01134	0.00756	0.00648	0.00432	0.00216	0.00540	0.00378	0.00432	0.00756
41	0.01318	0.01240	0.02093	0.73798	0.04806	0.01550	0.01938	0.01783	0.01395	0.01783	0.01240	0.01860	0.00930	0.00698	0.00698	0.00233	0.00930	0.00620	0.00310	0.00775
42	0.01810	0.01459	0.01717	0.01758	0.11162	0.01611	0.01212	0.06038	0.47952	0.07669	0.05585	0.02673	0.04340	0.00939	0.00715	0.00229	0.00586	0.00796	0.00671	0.01078
43	0.01577	0.11629	0.02250	0.01688	0.01788	0.05238	0.01417	0.01738	0.01174	0.01682	0.01121	0.06225	0.01152	0.01177	0.01876	0.00277	0.56232	0.00660	0.00329	0.00771
44	0.01248	0.00853	0.00958	0.00890	0.00984	0.00885	0.00576	0.10252	0.01381	0.01884	0.04566	0.04034	0.02432	0.56442	0.05856	0.00593	0.00711	0.00944	0.03959	0.00553
45	0.00901	0.00661	0.00834	0.00909	0.01012	0.00609	0.00639	0.01081	0.01516	0.02021	0.19902	0.40676	0.15050	0.06685	0.01041	0.00288	0.00407	0.04522	0.00661	0.00586
46	0.00897	0.00637	0.00795	0.00894	0.00943	0.00601	0.00581	0.01000	0.01297	0.01720	0.06473	0.48923	0.08836	0.21184	0.01575	0.00380	0.00469	0.01665	0.00594	0.00535

[dist]
# distance from previous block
# <min> <max>
3	10

[block]
# block no. 2 follows, 30 sequences, length 16
# corresponding to MSA columns:
# 112-127
name=unknown_C
#
# <colnr> <probs for GDERKNQSTAVLIFYWHMCP>
#	G	D	E	R	K	N	Q	S	T	A	V	L	I	F	Y	W	H	M	C	P
0	0.21138	0.01794	0.06804	0.11247	0.08896	0.05111	0.28958	0.02121	0.01496	0.02367	0.01303	0.03311	0.01035	0.00667	0.00682	0.00225	0.00936	0.00661	0.00370	0.00879
1	0.00898	0.00752	0.00790	0.00803	0.01020	0.00673	0.00593	0.01203	0.06765	0.01948	0.06235	0.17237	0.55086	0.01771	0.00826	0.00243	0.00377	0.01502	0.00653	0.00625
2	0.01678	0.24630	0.02372	0.01686	0.11174	0.06440	0.02587	0.05616	0.01694	0.03808	0.16876	0.04107	0.04137	0.00937	0.00800	0.00201	0.07646	0.00730	0.00470	0.02411
3	0.01402	0.03142	0.57099	0.13125	0.03333	0.01618	0.06374	0.02146	0.01472	0.02146	0.01260	0.01557	0.00901	0.00664	0.00678	0.00224	0.01024	0.00550	0.00300	0.00986
4	0.01083	0.00827	0.01009	0.00956	0.01153	0.00814	0.00718	0.01642	0.12382	0.02688	0.51527	0.09378	0.10284	0.01425	0.00810	0.00227	0.00370	0.01250	0.00743	0.00717
5	0.01600	0.01773	0.03744	0.13937	0.07030	0.01727	0.55149	0.02161	0.01605	0.02168	0.01381	0.01872	0.01041	0.00607	0.00798	0.00234	0.01122	0.00783	0.00346	0.00923
6	0.01591	0.31618	0.42467	0.01721	0.02570	0.02070	0.04863	0.02164	0.01459	0.01990	0.01150	0.01353	0.00896	0.00634	0.00586	0.00194	0.00927	0.00473	0.00299	0.00975
7	0.01502	0.01114	0.01308	0.01212	0.01417	0.01199	0.00903	0.23459	0.01933	0.02600	0.02796	0.39632	0.03063	0.08739	0.01166	0.00298	0.04905	0.01361	0.00623	0.00770
8	0.01461	0.01625	0.12321	0.01209	0.01876	0.01096	0.01117	0.01969	0.06449	0.02311	0.01359	0.01536	0.01091	0.00571	0.00553	0.00131	0.00599	0.00457	0.00417	0.61853
9	0.02322	0.01466	0.01805	0.12556	0.02291	0.01578	0.01242	0.33672	0.02339	0.17944	0.01767	0.01925	0.01267	0.01072	0.01019	0.12769	0.00730	0.00639	0.00611	0.00984
10	0.01202	0.00885	0.01067	0.01009	0.01216	0.00869	0.00766	0.11622	0.01975	0.02682	0.34803	0.20117	0.12864	0.01565	0.00825	0.00239	0.00431	0.04441	0.00711	0.00711
11	0.01394	0.00973	0.01082	0.00994	0.01144	0.01026	0.00671	0.09678	0.11964	0.04621	0.02342	0.07534	0.02390	0.48340	0.02523	0.00514	0.00651	0.00973	0.00529	0.00656
12	0.00844	0.00693	0.00747	0.00785	0.00980	0.00595	0.00581	0.01017	0.01543	0.01875	0.06291	0.19826	0.54961	0.01855	0.00844	0.00249	0.00377	0.04702	0.00648	0.00587
13	0.01630	0.01466	0.01891	0.01607	0.02025	0.01612	0.11488	0.03173	0.50765	0.02699	0.02904	0.03093	0.05711	0.01006	0.00752	0.00243	0.00645	0.05625	0.00647	0.01019
14	0.01977	0.01389	0.01490	0.01474	0.01578	0.01242	0.00918	0.01737	0.01692	0.02357	0.03246	0.16516	0.03523	0.52986	0.03079	0.00714	0.00934	0.01396	0.00773	0.00978
15	0.01123	0.00830	0.01003	0.00999	0.01152	0.00826	0.00716	0.07042	0.06682	0.02358	0.23689	0.33026	0.07564	0.08377	0.01079	0.00288	0.00446	0.01453	0.00672	0.00674

[dist]
# distance from previous block
# <min> <max>
0	2

[block]
# block no. 3 follows, 30 sequences, length 12
# corresponding to MSA columns:
# 130-141
name=unknown_D
#
# <colnr> <probs for GDERKNQSTAVLIFYWHMCP>
#	G	D	E	R	K	N	Q	S	T	A	V	L	I	F	Y	W	H	M	C	P
0	0.02023	0.01452	0.01535	0.01274	0.01673	0.01605	0.01021	0.32727	0.19024	0.03497	0.02141	0.02180	0.01598	0.00857	0.00638	0.00202	0.00582	0.00674	0.24290	0.01006
1	0.01126	0.00858	0.01026	0.00980	0.01230	0.00759	0.00734	0.03995	0.01501	0.02080	0.03423	0.29628	0.13098	0.04904	0.00890	0.00245	0.00473	0.08317	0.04762	0.19971
2	0.15904	0.02072	0.18787	0.01484	0.02081	0.01713	0.01449	0.27778	0.06912	0.03236	0.02012	0.02275	0.06112	0.00892	0.00666	0.00223	0.00741	0.04121	0.00546	0.00996
3	0.20750	0.06478	0.51303	0.01689	0.02553	0.01661	0.02067	0.02165	0.01401	0.02408	0.01170	0.01373	0.00853	0.00656	0.00596	0.00216	0.00898	0.00475	0.00328	0.00957
4	0.00944	0.00721	0.00873	0.00862	0.01052	0.00650	0.00665	0.01217	0.01793	0.02385	0.39949	0.06062	0.29657	0.01608	0.00840	0.00237	0.00374	0.08769	0.00710	0.00631
5	0.01087	0.19102	0.01439	0.00834	0.01155	0.01124	0.00698	0.01282	0.01566	0.01867	0.08463	0.05279	0.50816	0.01466	0.00732	0.00214	0.00448	0.01194	0.00568	0.00667
6	0.01318	0.01240	0.02093	0.73798	0.04806	0.01550	0.01938	0.01783	0.01395	0.01783	0.01240	0.01860	0.00930	0.00698	0.00698	0.00233	0.00930	0.00620	0.00310	0.00775
7	0.01178	0.00931	0.01233	0.01195	0.01385	0.01084	0.00929	0.01848	0.17938	0.01938	0.02107	0.02708	0.01839	0.04185	0.55096	0.00905	0.01547	0.00758	0.00456	0.00741
8	0.01714	0.01370	0.01707	0.18995	0.02469	0.01425	0.01216	0.21863	0.03663	0.02696	0.01644	0.07001	0.01417	0.04736	0.00868	0.02516	0.00697	0.00685	0.00495	0.22822
9	0.01650	0.19774	0.02364	0.01570	0.01755	0.07027	0.01326	0.01877	0.03771	0.01691	0.01118	0.01699	0.01089	0.07150	0.01770	0.00287	0.42386	0.00581	0.00332	0.00783
10	0.00989	0.00754	0.01098	0.01122	0.01219	0.00863	0.00851	0.01201	0.01171	0.01663	0.02303	0.20361	0.02404	0.04280	0.51481	0.00874	0.05269	0.01043	0.00437	0.00617
11	0.02646	0.01794	0.18801	0.01432	0.02086	0.01203	0.01409	0.03123	0.04869	0.51593	0.02390	0.02165	0.01539	0.00818	0.00693	0.00218	0.00699	0.00660	0.00718	0.01146

[dist]
# distance from previous block
# <min> <max>
0	1

[block]
# block no. 4 follows, 30 sequences, length 14
# corresponding to MSA columns:
# 143-156
name=unknown_E
#
# <colnr> <probs for GDERKNQSTAVLIFYWHMCP>
#	G	D	E	R	K	N	Q	S	T	A	V	L	I	F	Y	W	H	M	C	P
0	0.01205	0.00864	0.01037	0.01055	0.01184	0.00875	0.00737	0.13367	0.01642	0.02194	0.03198	0.50864	0.03672	0.13133	0.01262	0.00330	0.00513	0.01588	0.00623	0.00658
1	0.02362	0.02459	0.01921	0.01661	0.02063	0.34555	0.01294	0.19866	0.18233	0.02681	0.01638	0.01694	0.01263	0.00827	0.00745	0.00207	0.04448	0.00583	0.00526	0.00973
2	0.01267	0.00744	0.00784	0.00783	0.00960	0.00752	0.00581	0.03488	0.06349	0.02500	0.02885	0.13554	0.07313	0.01096	0.00594	0.00192	0.00367	0.00917	0.54191	0.00681
3	0.01153	0.00976	0.01403	0.01247	0.01497	0.00939	0.10702	0.05359	0.05496	0.02075	0.04069	0.23821	0.22976	0.09244	0.01120	0.00298	0.00578	0.05773	0.00587	0.00686
4	0.67502	0.01507	0.01276	0.03473	0.04184	0.06426	0.02731	0.02101	0.01276	0.02935	0.01012	0.01208	0.00792	0.00652	0.00474	0.00214	0.00629	0.00412	0.00418	0.00778
5	0.04458	0.01832	0.01750	0.06563	0.03722	0.16199	0.01210	0.20698	0.07231	0.05266	0.03718	0.02208	0.01534	0.00845	0.00664	0.00198	0.00778	0.05075	0.03486	0.12565
6	0.01479	0.00980	0.01195	0.01311	0.11399	0.00946	0.00842	0.06306	0.01603	0.02626	0.01932	0.02230	0.01529	0.00740	0.00537	0.00163	0.00460	0.00608	0.50030	0.13086
7	0.01447	0.01240	0.01447	0.01034	0.01654	0.00930	0.00827	0.01757	0.01447	0.02274	0.01240	0.01447	0.01034	0.00517	0.00517	0.00103	0.00517	0.00413	0.00413	0.79742
8	0.01830	0.01492	0.01627	0.01383	0.01739	0.05720	0.01100	0.25349	0.12076	0.02827	0.01830	0.02182	0.01501	0.04370	0.23189	0.00505	0.03699	0.00674	0.00538	0.06370
9	0.01103	0.00620	0.00853	0.00886	0.00918	0.00604	0.00592	0.00969	0.01076	0.01450	0.02264	0.17501	0.06771	0.06938	0.02168	0.49194	0.00539	0.00975	0.04178	0.00401
10	0.00958	0.00737	0.00857	0.00912	0.01072	0.00681	0.00662	0.04909	0.01570	0.01992	0.05080	0.38278	0.32475	0.01917	0.00856	0.00261	0.00417	0.05100	0.00650	0.00616
11	0.13369	0.01556	0.01514	0.01362	0.01761	0.04794	0.01064	0.03424	0.56789	0.02898	0.02488	0.02328	0.01874	0.00893	0.00666	0.00231	0.00581	0.00714	0.00654	0.01040
12	0.01094	0.00911	0.01542	0.01368	0.01571	0.00992	0.10827	0.01378	0.01193	0.01695	0.01821	0.02722	0.01690	0.08682	0.58045	0.00965	0.01697	0.00775	0.00374	0.00658
13	0.00944	0.00715	0.00902	0.00953	0.01103	0.00628	0.00665	0.01110	0.01410	0.01921	0.07578	0.54444	0.09746	0.01861	0.00826	0.00249	0.00413	0.01668	0.00620	0.12244

[dist]
# distance from previous block
# <min> <max>
0	6

[block]
# block no. 5 follows, 30 sequences, length 14
# corresponding to MSA columns:
# 163-176
name=unknown_F
#
# <colnr> <probs for GDERKNQSTAVLIFYWHMCP>
#	G	D	E	R	K	N	Q	S	T	A	V	L	I	F	Y	W	H	M	C	P
0	0.01341	0.01264	0.02135	0.69838	0.08584	0.01557	0.01950	0.01803	0.01406	0.01811	0.01244	0.01853	0.00940	0.00693	0.00697	0.00231	0.00924	0.00620	0.00312	0.00794
1	0.00997	0.00748	0.01121	0.01121	0.01246	0.00872	0.00872	0.01246	0.01121	0.01620	0.01869	0.02741	0.01745	0.05234	0.72710	0.01121	0.01869	0.00748	0.00374	0.00623
2	0.01846	0.01617	0.01636	0.01452	0.01857	0.05004	0.01133	0.08665	0.61652	0.02977	0.02670	0.02471	0.02002	0.00928	0.00705	0.00232	0.00601	0.00761	0.00693	0.01097
3	0.16030	0.01166	0.01409	0.01162	0.01608	0.01120	0.00945	0.02857	0.07243	0.43415	0.08067	0.05290	0.02182	0.00969	0.00683	0.00224	0.00555	0.03303	0.00753	0.01019
4	0.01015	0.00677	0.00761	0.00761	0.00761	0.00677	0.00423	0.01015	0.01015	0.01353	0.02199	0.04567	0.02537	0.75476	0.03552	0.00677	0.00677	0.01015	0.00423	0.00423
5	0.00835	0.00700	0.00726	0.00736	0.00953	0.00591	0.00546	0.01015	0.01590	0.01922	0.09947	0.11888	0.62600	0.01783	0.00830	0.00239	0.00356	0.01502	0.00654	0.00591
6	0.01067	0.00749	0.00965	0.00940	0.01127	0.00677	0.00707	0.01340	0.01758	0.04956	0.40791	0.19391	0.09758	0.01563	0.00824	0.00234	0.00392	0.06313	0.00707	0.05742
7	0.00844	0.00630	0.00786	0.00912	0.00996	0.00572	0.00621	0.00978	0.01394	0.01805	0.04576	0.59554	0.19611	0.02091	0.00876	0.00273	0.00393	0.01868	0.00648	0.00572
8	0.00998	0.00742	0.01092	0.01092	0.01207	0.00856	0.00836	0.01227	0.01113	0.01598	0.01896	0.02890	0.01809	0.10954	0.67079	0.01085	0.01772	0.00769	0.00378	0.00607
9	0.01447	0.01240	0.01447	0.01034	0.01654	0.00930	0.00827	0.01757	0.01447	0.02274	0.01240	0.01447	0.01034	0.00517	0.00517	0.00103	0.00517	0.00413	0.00413	0.79742
10	0.01106	0.00897	0.01025	0.00974	0.01235	0.00850	0.00745	0.01642	0.13413	0.02288	0.17675	0.13643	0.25688	0.01487	0.00790	0.00231	0.00428	0.06018	0.00657	0.09209
11	0.80405	0.01350	0.01026	0.00918	0.01350	0.01565	0.00756	0.02051	0.01188	0.03131	0.00972	0.01134	0.00756	0.00648	0.00432	0.00216	0.00540	0.00378	0.00432	0.00756
12	0.00940	0.00690	0.00869	0.00910	0.01038	0.00639	0.00666	0.01160	0.01620	0.02177	0.29283	0.24792	0.15899	0.07774	0.01079	0.00288	0.00416	0.08484	0.00674	0.00601
13	0.21670	0.01012	0.01131	0.01018	0.01319	0.01017	0.00781	0.02064	0.03516	0.21722	0.09147	0.13543	0.02615	0.12420	0.01117	0.00301	0.00540	0.03640	0.00633	0.00794

[dist]
# distance from previous block
# <min> <max>
0	1

[block]
# block no. 6 follows, 30 sequences, length 17
# corresponding to MSA columns:
# 178-194
name=unknown_G
#
# <colnr> <probs for GDERKNQSTAVLIFYWHMCP>
#	G	D	E	R	K	N	Q	S	T	A	V	L	I	F	Y	W	H	M	C	P
0	0.76542	0.01380	0.01079	0.00952	0.01390	0.01595	0.00784	0.05367	0.01292	0.03194	0.01007	0.01161	0.00777	0.00657	0.00445	0.00216	0.00551	0.00390	0.00445	0.00777
1	0.01400	0.03610	0.71860	0.01989	0.03020	0.01621	0.02578	0.02210	0.01473	0.02210	0.01252	0.01473	0.00884	0.00663	0.00663	0.00221	0.01031	0.00516	0.00295	0.01031
2	0.01070	0.00808	0.01028	0.01133	0.01307	0.00797	0.00930	0.01462	0.06967	0.02065	0.04310	0.18034	0.17001	0.01860	0.00905	0.00292	0.00541	0.38184	0.00650	0.00657
3	0.01125	0.00606	0.00885	0.00924	0.00934	0.00597	0.00616	0.00924	0.01012	0.01350	0.01848	0.19717	0.02034	0.02367	0.02284	0.60529	0.00557	0.00939	0.00386	0.00367
4	0.00892	0.00683	0.00824	0.00925	0.01037	0.00636	0.00641	0.01129	0.05134	0.01871	0.04659	0.52684	0.22315	0.02006	0.00863	0.00268	0.00399	0.01781	0.00651	0.00602
5	0.01091	0.00784	0.01083	0.01237	0.01391	0.00776	0.01063	0.01390	0.01584	0.02056	0.03840	0.13229	0.06697	0.01942	0.00952	0.00315	0.00612	0.58682	0.00643	0.00634
6	0.01127	0.00952	0.01173	0.01159	0.01296	0.06640	0.00889	0.01359	0.01185	0.01614	0.01821	0.02709	0.01714	0.08228	0.63605	0.01024	0.01763	0.00736	0.00375	0.00628
7	0.01608	0.01910	0.08562	0.02994	0.14335	0.01691	0.49674	0.02167	0.01598	0.02209	0.01408	0.01873	0.01090	0.00842	0.04546	0.00276	0.01146	0.00765	0.00349	0.00957
8	0.07017	0.01274	0.01638	0.01262	0.01799	0.01170	0.01043	0.10024	0.02087	0.61242	0.02552	0.02240	0.01623	0.00850	0.00688	0.00215	0.00609	0.00678	0.00825	0.01166
9	0.00862	0.00620	0.00798	0.00935	0.00987	0.00577	0.00621	0.00977	0.01329	0.01755	0.03954	0.64247	0.09397	0.08052	0.01100	0.00311	0.00423	0.01868	0.00630	0.00557
10	0.01529	0.01249	0.01460	0.01058	0.01666	0.00967	0.00846	0.01905	0.04226	0.05207	0.01368	0.01533	0.01107	0.00549	0.00532	0.00113	0.00521	0.00441	0.00444	0.73280
11	0.01031	0.00766	0.00966	0.00939	0.01002	0.00832	0.00648	0.01142	0.01153	0.01577	0.06309	0.04092	0.08683	0.40661	0.20899	0.00696	0.06663	0.00970	0.00441	0.00529
12	0.01037	0.00750	0.00886	0.00881	0.01101	0.00667	0.00695	0.01284	0.01712	0.05704	0.22430	0.06320	0.39003	0.01663	0.00843	0.00246	0.00411	0.13031	0.00689	0.00647
13	0.01651	0.01566	0.02637	0.03948	0.63935	0.01560	0.02009	0.02049	0.01590	0.02251	0.01715	0.02305	0.04523	0.00749	0.00712	0.00215	0.00796	0.04356	0.00376	0.01055
14	0.01581	0.02307	0.27118	0.08469	0.37581	0.01642	0.02214	0.02241	0.05968	0.02260	0.01385	0.01704	0.01081	0.00663	0.00683	0.00216	0.00890	0.00595	0.00349	0.01054
15	0.03850	0.01603	0.02305	0.20131	0.33223	0.06661	0.03314	0.02277	0.11267	0.02199	0.01518	0.01891	0.01217	0.00934	0.04449	0.00264	0.00899	0.00637	0.00394	0.00966
16	0.06238	0.09295	0.02095	0.01682	0.02079	0.52972	0.01309	0.10491	0.02022	0.02088	0.01131	0.01297	0.00926	0.00733	0.00657	0.00186	0.03082	0.00465	0.00396	0.00858

[dist]
# distance from previous block
# <min> <max>
1	11

[block]
# block no. 7 follows, 30 sequences, length 40
# corresponding to MSA columns:
# 206-245
name=unknown_H
#
# <colnr> <probs for GDERKNQSTAVLIFYWHMCP>
#	G	D	E	R	K	N	Q	S	T	A	V	L	I	F	Y	W	H	M	C	P
0	0.07075	0.01973	0.01990	0.01565	0.02093	0.06424	0.01280	0.56431	0.07647	0.04058	0.01678	0.01682	0.01209	0.00827	0.00679	0.00210	0.00770	0.00614	0.00663	0.01133
1	0.01017	0.00778	0.01161	0.01149	0.01269	0.00921	0.00898	0.01263	0.01119	0.01622	0.01832	0.02694	0.01712	0.05078	0.69974	0.01090	0.04680	0.00742	0.00371	0.00629
2	0.01125	0.00842	0.01194	0.01154	0.01300	0.00984	0.00905	0.05101	0.01258	0.01825	0.01840	0.02628	0.01683	0.04624	0.62548	0.00994	0.04533	0.00731	0.04070	0.00662
3	0.02011	0.26917	0.06508	0.05722	0.02202	0.27010	0.03355	0.02510	0.10681	0.01892	0.01336	0.01514	0.01100	0.00876	0.03392	0.00221	0.00984	0.00505	0.00380	0.00884
4	0.01013	0.00680	0.00775	0.00771	0.00784	0.00675	0.00442	0.01039	0.01093	0.01471	0.07784	0.04619	0.02867	0.69443	0.03329	0.00639	0.00648	0.01035	0.00451	0.00442
5	0.00914	0.00664	0.00862	0.00910	0.01022	0.00612	0.00645	0.01138	0.01656	0.02271	0.35843	0.37481	0.09789	0.01799	0.00854	0.00250	0.00366	0.01608	0.00705	0.00612
6	0.01489	0.01316	0.02228	0.15981	0.24061	0.01380	0.10284	0.01926	0.07499	0.02014	0.01634	0.02457	0.01430	0.01124	0.01131	0.15681	0.00809	0.06341	0.00390	0.00826
7	0.07121	0.03169	0.01110	0.00936	0.01180	0.00836	0.00728	0.01654	0.01903	0.11339	0.54991	0.04432	0.05374	0.01273	0.00767	0.00217	0.00391	0.01100	0.00741	0.00739
8	0.06016	0.00722	0.00897	0.00903	0.01043	0.00690	0.00653	0.01252	0.01704	0.02471	0.44345	0.25117	0.05489	0.04412	0.00921	0.00255	0.00378	0.01405	0.00699	0.00629
9	0.00869	0.00617	0.00810	0.00951	0.00993	0.00579	0.00630	0.00988	0.01334	0.01785	0.06241	0.66642	0.04520	0.08128	0.01105	0.00313	0.00424	0.01878	0.00634	0.00559
10	0.00925	0.00659	0.00837	0.00892	0.00989	0.00613	0.00618	0.01117	0.01551	0.02129	0.27350	0.37232	0.09575	0.08685	0.01099	0.00291	0.00398	0.01568	0.02883	0.00589
11	0.01272	0.00798	0.00944	0.00902	0.01092	0.00777	0.00685	0.06062	0.01756	0.05485	0.25065	0.09476	0.08116	0.06632	0.00930	0.00250	0.00427	0.06384	0.22262	0.00686
12	0.00997	0.00748	0.01121	0.01121	0.01246	0.00872	0.00872	0.01246	0.01121	0.01620	0.01869	0.02741	0.01745	0.05234	0.72710	0.01121	0.01869	0.00748	0.00374	0.00623
13	0.01447	0.01240	0.01447	0.01034	0.01654	0.00930	0.00827	0.01757	0.01447	0.02274	0.01240	0.01447	0.01034	0.00517	0.00517	0.00103	0.00517	0.00413	0.00413	0.79742
14	0.00997	0.00669	0.00766	0.00784	0.00789	0.00664	0.00448	0.01010	0.01050	0.01400	0.02380	0.12312	0.02765	0.67419	0.03259	0.00633	0.00647	0.01121	0.00448	0.00439
15	0.01036	0.00655	0.00876	0.00994	0.01075	0.00604	0.00679	0.01170	0.01390	0.07470	0.03757	0.69102	0.04380	0.02078	0.00875	0.00278	0.00420	0.01879	0.00665	0.00617
16	0.01212	0.00612	0.00882	0.00882	0.00896	0.00612	0.00589	0.00973	0.00959	0.01334	0.01338	0.02252	0.01310	0.05007	0.02571	0.70102	0.00585	0.00625	0.06922	0.00337
17	0.00892	0.00637	0.00803	0.00918	0.00970	0.00600	0.00609	0.01000	0.01300	0.01713	0.03765	0.52621	0.09563	0.17175	0.01434	0.00361	0.00465	0.04032	0.00601	0.00542
18	0.01819	0.01880	0.02739	0.03739	0.54784	0.11590	0.06541	0.02205	0.01647	0.02185	0.01454	0.01817	0.03103	0.00666	0.00695	0.00206	0.00899	0.00636	0.00357	0.01038
19	0.00858	0.00613	0.00817	0.00966	0.01014	0.00572	0.00648	0.00992	0.01373	0.01840	0.07708	0.70991	0.04729	0.02142	0.00887	0.00280	0.00400	0.01942	0.00655	0.00572
20	0.00997	0.00748	0.01121	0.01121	0.01246	0.00872	0.00872	0.01246	0.01121	0.01620	0.01869	0.02741	0.01745	0.05234	0.72710	0.01121	0.01869	0.00748	0.00374	0.00623
21	0.00997	0.00717	0.00914	0.01023	0.01106	0.00697	0.00703	0.06497	0.01494	0.01995	0.03669	0.69045	0.04336	0.02076	0.00875	0.00277	0.00434	0.01873	0.00652	0.00617
22	0.01489	0.01500	0.02338	0.01929	0.02052	0.01946	0.11889	0.01720	0.01164	0.01760	0.01094	0.01711	0.01026	0.01547	0.09511	0.00381	0.55189	0.00658	0.00320	0.00776
23	0.00928	0.00663	0.00900	0.01061	0.01136	0.00634	0.00784	0.01107	0.01413	0.01869	0.03803	0.55865	0.04444	0.02112	0.00912	0.00294	0.00473	0.20367	0.00646	0.00588
24	0.00985	0.00667	0.00779	0.00804	0.00821	0.00656	0.00476	0.01025	0.01126	0.01511	0.06442	0.16841	0.03132	0.58472	0.02932	0.00582	0.00609	0.01197	0.00482	0.00461
25	0.01710	0.01640	0.02801	0.07238	0.68304	0.01653	0.02133	0.02126	0.01581	0.02259	0.01310	0.01733	0.01098	0.00625	0.00691	0.00208	0.00833	0.00622	0.00344	0.01091
26	0.01647	0.01882	0.04118	0.02941	0.03647	0.01765	0.68588	0.02235	0.01647	0.02235	0.01412	0.01882	0.01059	0.00588	0.00824	0.00235	0.01176	0.00824	0.00353	0.00941
27	0.01318	0.01240	0.02093	0.73798	0.04806	0.01550	0.01938	0.01783	0.01395	0.01783	0.01240	0.01860	0.00930	0.00698	0.00698	0.00233	0.00930	0.00620	0.00310	0.00775
28	0.07829	0.01314	0.02097	0.54282	0.14720	0.01545	0.01831	0.01860	0.01411	0.01989	0.01230	0.01765	0.00947	0.00675	0.00668	0.00222	0.00867	0.00593	0.00329	0.03827
29	0.02566	0.01809	0.01974	0.01537	0.02059	0.01975	0.01259	0.59552	0.03058	0.09031	0.01899	0.06661	0.01456	0.00930	0.00711	0.00215	0.00731	0.00725	0.00707	0.01145
30	0.01727	0.01658	0.02832	0.04283	0.71123	0.01658	0.02142	0.02142	0.01589	0.02280	0.01313	0.01727	0.01105	0.00622	0.00691	0.00207	0.00829	0.00622	0.00345	0.01105
31	0.00850	0.00607	0.00810	0.00972	0.01012	0.00567	0.00648	0.00972	0.01336	0.01781	0.03846	0.75020	0.04615	0.02186	0.00891	0.00283	0.00405	0.01984	0.00648	0.00567
32	0.62847	0.01264	0.01141	0.08012	0.01672	0.01478	0.00885	0.01925	0.01200	0.02812	0.01109	0.01404	0.00896	0.01224	0.09457	0.00330	0.00743	0.00447	0.00413	0.00741
33	0.01728	0.01647	0.02746	0.04087	0.66369	0.01663	0.02070	0.02249	0.06271	0.02324	0.01417	0.01787	0.01176	0.00644	0.00692	0.00209	0.00810	0.00633	0.00370	0.01105
34	0.01644	0.01457	0.02324	0.24685	0.03043	0.01740	0.12002	0.08424	0.01536	0.06105	0.01346	0.01840	0.01076	0.01191	0.06432	0.00316	0.22936	0.00664	0.00390	0.00850
35	0.01622	0.09131	0.11467	0.04123	0.04394	0.06799	0.14373	0.01969	0.01367	0.01889	0.01169	0.03295	0.01033	0.00908	0.01341	0.00247	0.31011	0.00633	0.00328	0.02902
36	0.04684	0.13533	0.22457	0.02851	0.34024	0.01792	0.02013	0.02112	0.01502	0.02173	0.01310	0.01766	0.01102	0.00695	0.00686	0.00209	0.02709	0.03031	0.00337	0.01012
37	0.01679	0.01620	0.02520	0.03387	0.47486	0.03684	0.04373	0.02236	0.09685	0.02251	0.01606	0.06196	0.01412	0.00813	0.00861	0.00225	0.07813	0.00725	0.00404	0.01026
38	0.01690	0.01653	0.02812	0.03810	0.55717	0.01740	0.06603	0.02076	0.01512	0.02183	0.01258	0.01707	0.01073	0.00713	0.00949	0.00224	0.12265	0.00634	0.00340	0.01041
39	0.13989	0.01648	0.02266	0.14227	0.38111	0.06109	0.01741	0.04590	0.06466	0.02419	0.01356	0.01687	0.01087	0.00675	0.00649	0.00213	0.00805	0.00585	0.00393	0.00983

[dist]
# distance from previous block
# <min> <max>
0	5

# created by:
# /st0/software/busco_prod/Augustus/scripts/msa2prfl.pl ./align_prep/152814.fa
