[name]
unknown

[dist]
# distance from previous block
# <min> <max>
0	21

[block]
# block no. 0 follows, 29 sequences, length 8
# corresponding to MSA columns:
# 21-28
name=unknown_A
#
# <colnr> <probs for GDERKNQSTAVLIFYWHMCP>
#	G	D	E	R	K	N	Q	S	T	A	V	L	I	F	Y	W	H	M	C	P
0	0.01116	0.00783	0.01043	0.01160	0.01278	0.00783	0.00945	0.01351	0.01469	0.01919	0.03339	0.07079	0.03672	0.22598	0.01730	0.00430	0.00665	0.47456	0.00592	0.00592
1	0.80005	0.01377	0.01047	0.00936	0.01377	0.01597	0.00771	0.02093	0.01212	0.03195	0.00991	0.01157	0.00771	0.00661	0.00441	0.00220	0.00551	0.00386	0.00441	0.00771
2	0.07498	0.01335	0.01762	0.01425	0.01806	0.01435	0.01177	0.02902	0.04838	0.44014	0.02169	0.02110	0.01485	0.00975	0.01157	0.00247	0.21248	0.00673	0.00685	0.01058
3	0.24493	0.01792	0.01797	0.01428	0.01952	0.02009	0.01175	0.45558	0.06769	0.04030	0.01579	0.01611	0.01145	0.00807	0.00636	0.00217	0.00704	0.00579	0.00636	0.01082
4	0.01373	0.12432	0.42383	0.01601	0.02344	0.01532	0.01889	0.01981	0.01641	0.02347	0.20704	0.02533	0.02547	0.00888	0.00693	0.00215	0.00811	0.00722	0.00438	0.00926
5	0.02180	0.01635	0.01737	0.01379	0.01856	0.01754	0.01124	0.49187	0.02861	0.03763	0.03265	0.03163	0.20719	0.01123	0.00749	0.00221	0.00664	0.00885	0.00698	0.01039
6	0.23990	0.01364	0.01387	0.01211	0.01621	0.01498	0.00969	0.09462	0.24278	0.10430	0.07764	0.02758	0.06333	0.00983	0.00667	0.00232	0.00560	0.02875	0.00658	0.00960
7	0.00871	0.00658	0.00789	0.00889	0.00992	0.00594	0.00606	0.01004	0.01424	0.01821	0.04873	0.47581	0.25834	0.07262	0.01080	0.00302	0.00416	0.01785	0.00645	0.00575

[dist]
# distance from previous block
# <min> <max>
2	6

[block]
# block no. 1 follows, 29 sequences, length 29
# corresponding to MSA columns:
# 35-63
name=unknown_B
#
# <colnr> <probs for GDERKNQSTAVLIFYWHMCP>
#	G	D	E	R	K	N	Q	S	T	A	V	L	I	F	Y	W	H	M	C	P
0	0.16158	0.01589	0.01835	0.35472	0.03272	0.08914	0.01503	0.06809	0.10729	0.04887	0.01504	0.01807	0.01125	0.00755	0.00657	0.00227	0.00835	0.00596	0.00447	0.00880
1	0.15700	0.01337	0.01554	0.04267	0.01846	0.01248	0.03621	0.10136	0.01685	0.02715	0.04372	0.06623	0.01508	0.00759	0.00595	0.00168	0.00593	0.00615	0.00486	0.40173
2	0.28139	0.09194	0.08501	0.01133	0.01641	0.01434	0.01042	0.04881	0.01615	0.17469	0.02701	0.02638	0.15062	0.00944	0.00618	0.00218	0.00606	0.00707	0.00564	0.00894
3	0.01904	0.75404	0.03731	0.01218	0.01828	0.02818	0.01218	0.02132	0.01447	0.01675	0.00990	0.01142	0.00914	0.00609	0.00457	0.00152	0.00761	0.00381	0.00305	0.00914
4	0.09142	0.07092	0.30913	0.04338	0.06715	0.01528	0.08949	0.02018	0.01605	0.02431	0.16111	0.02344	0.02180	0.00829	0.00695	0.00221	0.00829	0.00712	0.00429	0.00919
5	0.00842	0.00721	0.00721	0.00721	0.00962	0.00601	0.00541	0.01022	0.01623	0.01924	0.07213	0.06853	0.70244	0.01803	0.00842	0.00240	0.00361	0.01503	0.00661	0.00601
6	0.01844	0.01566	0.01651	0.01464	0.01879	0.01805	0.01145	0.08803	0.64109	0.03096	0.02806	0.02583	0.02099	0.00957	0.00724	0.00239	0.00581	0.00792	0.00724	0.01134
7	0.01730	0.01486	0.01575	0.01419	0.01809	0.01712	0.01102	0.03652	0.65612	0.02972	0.06535	0.02801	0.02419	0.00993	0.00731	0.00241	0.00551	0.00831	0.00728	0.01102
8	0.00956	0.00726	0.00880	0.00842	0.01032	0.00650	0.00631	0.01244	0.01893	0.02565	0.50565	0.05796	0.26493	0.01564	0.00840	0.00229	0.00344	0.01355	0.00746	0.00650
9	0.02616	0.01950	0.02086	0.01620	0.02174	0.02166	0.01332	0.61939	0.09716	0.04342	0.01824	0.01801	0.01304	0.00866	0.00714	0.00216	0.00762	0.00657	0.00714	0.01203
10	0.01458	0.02946	0.47824	0.02141	0.05601	0.01693	0.08772	0.02116	0.01445	0.02147	0.01290	0.01647	0.00990	0.01050	0.05577	0.00298	0.11118	0.00590	0.00315	0.00982
11	0.01372	0.01293	0.02185	0.68777	0.09178	0.01589	0.01991	0.01843	0.01437	0.01852	0.01270	0.01890	0.00961	0.00707	0.00711	0.00236	0.00942	0.00633	0.00319	0.00813
12	0.02074	0.01547	0.01701	0.01392	0.01818	0.01664	0.01112	0.42056	0.06758	0.03651	0.10286	0.12891	0.05186	0.01158	0.00756	0.00225	0.00640	0.00954	0.00703	0.03428
13	0.01509	0.03525	0.62466	0.04348	0.03110	0.05911	0.04880	0.02277	0.01538	0.02211	0.01273	0.01518	0.00911	0.00678	0.00681	0.00224	0.01068	0.00537	0.00307	0.01027
14	0.22575	0.09260	0.01679	0.04570	0.01787	0.01646	0.01027	0.14784	0.10454	0.09633	0.06388	0.02480	0.09090	0.00927	0.00637	0.00218	0.00609	0.00707	0.00595	0.00934
15	0.01336	0.00946	0.01138	0.01006	0.01261	0.00921	0.00778	0.11996	0.02182	0.05442	0.49450	0.04823	0.13161	0.01381	0.00815	0.00224	0.00420	0.01190	0.00762	0.00768
16	0.01904	0.75404	0.03731	0.01218	0.01828	0.02818	0.01218	0.02132	0.01447	0.01675	0.00990	0.01142	0.00914	0.00609	0.00457	0.00152	0.00761	0.00381	0.00305	0.00914
17	0.01477	0.01266	0.01477	0.01055	0.01687	0.00949	0.00844	0.01793	0.01477	0.02320	0.01266	0.01477	0.01055	0.00527	0.00527	0.00105	0.00527	0.00422	0.00422	0.79328
18	0.00880	0.00719	0.00777	0.00772	0.00988	0.00616	0.00575	0.01093	0.01700	0.02128	0.21166	0.09368	0.53253	0.01744	0.00844	0.00239	0.00357	0.01477	0.00689	0.00616
19	0.00868	0.00620	0.00826	0.00991	0.01033	0.00578	0.00661	0.00991	0.01363	0.01818	0.03925	0.74510	0.04710	0.02231	0.00909	0.00289	0.00413	0.02024	0.00661	0.00578
20	0.01459	0.05864	0.65081	0.02062	0.03081	0.01700	0.06529	0.02253	0.01512	0.02238	0.01279	0.01517	0.00913	0.00670	0.00679	0.00224	0.01052	0.00541	0.00304	0.01042
21	0.01833	0.01909	0.02235	0.32001	0.20588	0.19221	0.01792	0.04828	0.01703	0.02071	0.01306	0.01735	0.01034	0.00708	0.00684	0.00213	0.00974	0.00591	0.03676	0.00897
22	0.00866	0.00626	0.00819	0.00974	0.01028	0.00580	0.00653	0.00993	0.01380	0.01825	0.04139	0.70105	0.08977	0.02203	0.00904	0.00286	0.00410	0.01990	0.00661	0.00580
23	0.01756	0.01734	0.02872	0.10034	0.58339	0.04364	0.06107	0.02185	0.01623	0.02258	0.01330	0.01765	0.01102	0.00643	0.00711	0.00214	0.00893	0.00640	0.00350	0.01078
24	0.02746	0.01932	0.02099	0.01609	0.02177	0.02116	0.01329	0.63031	0.03244	0.09762	0.01797	0.01766	0.01255	0.00857	0.00713	0.00214	0.00769	0.00647	0.00726	0.01211
25	0.00868	0.00620	0.00826	0.00991	0.01033	0.00578	0.00661	0.00991	0.01363	0.01818	0.03925	0.74510	0.04710	0.02231	0.00909	0.00289	0.00413	0.02024	0.00661	0.00578
26	0.01795	0.01689	0.02959	0.05941	0.38690	0.01696	0.18520	0.02477	0.10965	0.05615	0.01646	0.01961	0.01283	0.00686	0.00742	0.00224	0.00889	0.00714	0.00429	0.01078
27	0.00872	0.00723	0.00764	0.00754	0.00981	0.00614	0.00565	0.01081	0.01696	0.02096	0.18843	0.06569	0.58508	0.01739	0.00841	0.00237	0.00356	0.01463	0.00684	0.00614
28	0.02411	0.01561	0.01763	0.01436	0.01920	0.01673	0.01158	0.25256	0.26123	0.20987	0.06112	0.02422	0.01989	0.00933	0.00724	0.00226	0.00636	0.00753	0.00764	0.01153

[dist]
# distance from previous block
# <min> <max>
0	4

[block]
# block no. 2 follows, 29 sequences, length 7
# corresponding to MSA columns:
# 68-74
name=unknown_C
#
# <colnr> <probs for GDERKNQSTAVLIFYWHMCP>
#	G	D	E	R	K	N	Q	S	T	A	V	L	I	F	Y	W	H	M	C	P
0	0.02021	0.01655	0.01849	0.11197	0.05835	0.06846	0.01307	0.13657	0.26291	0.08875	0.02055	0.02081	0.01526	0.00816	0.00688	0.00211	0.00718	0.00664	0.00597	0.11112
1	0.01624	0.01353	0.01556	0.01125	0.01750	0.01100	0.00905	0.09761	0.01701	0.02581	0.01319	0.01505	0.01073	0.00567	0.00550	0.00118	0.00558	0.00448	0.00457	0.69950
2	0.00857	0.00715	0.00747	0.00753	0.00975	0.00606	0.00559	0.01047	0.01639	0.01995	0.12255	0.10984	0.60821	0.01801	0.00846	0.00242	0.00362	0.01518	0.00671	0.00606
3	0.00868	0.00620	0.00826	0.00991	0.01033	0.00578	0.00661	0.00991	0.01363	0.01818	0.03925	0.74510	0.04710	0.02231	0.00909	0.00289	0.00413	0.02024	0.00661	0.00578
4	0.01739	0.01747	0.07199	0.02267	0.18401	0.01745	0.04875	0.03214	0.44703	0.02734	0.02333	0.02321	0.01775	0.00847	0.00722	0.00233	0.00699	0.00746	0.00586	0.01113
5	0.06664	0.01897	0.02027	0.01572	0.02126	0.02092	0.01295	0.57911	0.06664	0.07870	0.01794	0.01769	0.01269	0.00852	0.00699	0.00216	0.00750	0.00641	0.00708	0.01184
6	0.01515	0.01441	0.09761	0.01179	0.01754	0.00979	0.01045	0.01856	0.01509	0.08160	0.01856	0.14076	0.01724	0.00868	0.00627	0.00161	0.00578	0.00734	0.00488	0.49690

[dist]
# distance from previous block
# <min> <max>
0	1

[block]
# block no. 3 follows, 29 sequences, length 16
# corresponding to MSA columns:
# 76-91
name=unknown_D
#
# <colnr> <probs for GDERKNQSTAVLIFYWHMCP>
#	G	D	E	R	K	N	Q	S	T	A	V	L	I	F	Y	W	H	M	C	P
0	0.01493	0.01439	0.05988	0.01143	0.01788	0.01048	0.00977	0.01953	0.05895	0.02359	0.01373	0.01555	0.01118	0.00566	0.00550	0.00122	0.00564	0.00454	0.00434	0.69183
1	0.02367	0.01732	0.10739	0.03856	0.02140	0.01522	0.01345	0.10804	0.24833	0.29145	0.02463	0.02284	0.01700	0.00875	0.00713	0.00228	0.00681	0.00710	0.00715	0.01148
2	0.01480	0.08183	0.62586	0.02126	0.07284	0.01731	0.02511	0.02243	0.01507	0.02222	0.01263	0.01497	0.00917	0.00670	0.00664	0.00220	0.01020	0.00524	0.00304	0.01048
3	0.28395	0.01748	0.01773	0.05373	0.02081	0.01970	0.01194	0.42463	0.02529	0.03909	0.01446	0.01536	0.01050	0.00782	0.00622	0.00217	0.00715	0.00555	0.00600	0.01041
4	0.02592	0.01937	0.02072	0.01615	0.02164	0.02155	0.01326	0.60257	0.11437	0.04302	0.01855	0.01826	0.01329	0.00868	0.00714	0.00217	0.00757	0.00661	0.00714	0.01201
5	0.00868	0.00620	0.00826	0.00991	0.01033	0.00578	0.00661	0.00991	0.01363	0.01818	0.03925	0.74510	0.04710	0.02231	0.00909	0.00289	0.00413	0.02024	0.00661	0.00578
6	0.01771	0.01530	0.01610	0.01449	0.01852	0.01771	0.01127	0.03784	0.69247	0.02979	0.02898	0.02657	0.02174	0.00966	0.00725	0.00242	0.00564	0.00805	0.00725	0.01127
7	0.01904	0.75404	0.03731	0.01218	0.01828	0.02818	0.01218	0.02132	0.01447	0.01675	0.00990	0.01142	0.00914	0.00609	0.00457	0.00152	0.00761	0.00381	0.00305	0.00914
8	0.00845	0.00707	0.00736	0.00759	0.00972	0.00598	0.00558	0.01018	0.01587	0.01909	0.06760	0.16176	0.61214	0.01862	0.00851	0.00247	0.00368	0.01575	0.00661	0.00598
9	0.00868	0.00620	0.00826	0.00991	0.01033	0.00578	0.00661	0.00991	0.01363	0.01818	0.03925	0.74510	0.04710	0.02231	0.00909	0.00289	0.00413	0.02024	0.00661	0.00578
10	0.01029	0.00712	0.00933	0.00889	0.01038	0.00660	0.00656	0.01265	0.01840	0.02572	0.56558	0.04984	0.10103	0.01619	0.01108	0.11119	0.00376	0.01210	0.00710	0.00617
11	0.01632	0.01717	0.02152	0.55210	0.07861	0.15786	0.01867	0.02045	0.01554	0.01831	0.01236	0.01768	0.00952	0.00712	0.00697	0.00225	0.01011	0.00598	0.00328	0.00816
12	0.01584	0.01484	0.02490	0.16093	0.49337	0.01532	0.01940	0.02005	0.01641	0.02309	0.10809	0.02277	0.01867	0.00761	0.00725	0.00218	0.00794	0.00724	0.00406	0.01005
13	0.01848	0.01350	0.01647	0.01249	0.01771	0.01238	0.01015	0.06194	0.03742	0.13417	0.01546	0.01691	0.01196	0.00717	0.00824	0.00163	0.10636	0.00522	0.00508	0.48726
14	0.01994	0.01487	0.01622	0.01333	0.01745	0.01572	0.01056	0.40864	0.02569	0.03425	0.02853	0.15263	0.11383	0.04205	0.00872	0.00244	0.00643	0.01006	0.00669	0.05195
15	0.02278	0.01697	0.01849	0.01481	0.01950	0.01863	0.01199	0.48814	0.09622	0.03964	0.11383	0.06335	0.02260	0.01025	0.00742	0.00222	0.00679	0.00823	0.00721	0.01093

[dist]
# distance from previous block
# <min> <max>
2	18

[block]
# block no. 4 follows, 29 sequences, length 124
# corresponding to MSA columns:
# 110-233
name=unknown_E
#
# <colnr> <probs for GDERKNQSTAVLIFYWHMCP>
#	G	D	E	R	K	N	Q	S	T	A	V	L	I	F	Y	W	H	M	C	P
0	0.02304	0.11060	0.01927	0.01400	0.01826	0.17171	0.01126	0.13261	0.07220	0.18115	0.08640	0.08750	0.02158	0.00995	0.00697	0.00211	0.00758	0.00786	0.00626	0.00972
1	0.02294	0.01738	0.02361	0.02097	0.12012	0.01807	0.09265	0.31214	0.02383	0.11514	0.01655	0.01792	0.01214	0.00788	0.00821	0.00212	0.05921	0.00647	0.00580	0.09686
2	0.31507	0.01585	0.01440	0.01220	0.01647	0.10073	0.00979	0.12520	0.01889	0.15837	0.09838	0.02063	0.01801	0.01025	0.03482	0.00252	0.00715	0.00620	0.00595	0.00911
3	0.01674	0.01279	0.01357	0.01219	0.01576	0.01405	0.00949	0.05611	0.42503	0.06508	0.03452	0.03275	0.12920	0.01071	0.00710	0.00228	0.00509	0.00885	0.11885	0.00985
4	0.00996	0.00719	0.00941	0.00904	0.01061	0.00664	0.00671	0.01314	0.01960	0.02768	0.64554	0.11173	0.06549	0.01521	0.00846	0.00229	0.00342	0.01350	0.00773	0.00664
5	0.02266	0.40874	0.02910	0.01514	0.02007	0.36047	0.01294	0.02473	0.01721	0.01708	0.01043	0.01210	0.00915	0.00669	0.00546	0.00167	0.01012	0.00418	0.00334	0.00871
6	0.01477	0.01266	0.01477	0.01055	0.01687	0.00949	0.00844	0.01793	0.01477	0.02320	0.01266	0.01477	0.01055	0.00527	0.00527	0.00105	0.00527	0.00422	0.00422	0.79328
7	0.01793	0.01855	0.03116	0.06326	0.47127	0.06812	0.17973	0.02243	0.01657	0.02255	0.01344	0.01771	0.01095	0.00636	0.00733	0.00217	0.00967	0.00671	0.00354	0.01054
8	0.00977	0.00727	0.00909	0.00864	0.01045	0.00659	0.00648	0.01284	0.01943	0.02683	0.58506	0.05603	0.18478	0.01520	0.00840	0.00227	0.00341	0.01328	0.00761	0.00659
9	0.00866	0.00625	0.00821	0.00977	0.01029	0.00580	0.00654	0.00993	0.01377	0.01823	0.04103	0.70849	0.08257	0.02208	0.00905	0.00287	0.00410	0.01996	0.00661	0.00580
10	0.01003	0.00672	0.00893	0.01008	0.01089	0.00630	0.00704	0.01163	0.01456	0.04690	0.09851	0.56779	0.04626	0.05568	0.01031	0.00303	0.00446	0.06805	0.00670	0.00611
11	0.01454	0.07565	0.67630	0.01986	0.03014	0.01717	0.02554	0.02248	0.01500	0.02224	0.01262	0.01484	0.00903	0.00673	0.00665	0.00222	0.01037	0.00518	0.00301	0.01045
12	0.00868	0.00620	0.00826	0.00991	0.01033	0.00578	0.00661	0.00991	0.01363	0.01818	0.03925	0.74510	0.04710	0.02231	0.00909	0.00289	0.00413	0.02024	0.00661	0.00578
13	0.01034	0.00696	0.00805	0.00805	0.00815	0.00706	0.00467	0.01054	0.01044	0.01402	0.02217	0.04515	0.02526	0.69567	0.08946	0.00726	0.00785	0.01014	0.00428	0.00447
14	0.02658	0.01921	0.02073	0.01606	0.02162	0.02119	0.01321	0.60062	0.08403	0.07556	0.01855	0.01817	0.01312	0.00865	0.00713	0.00216	0.00758	0.00657	0.00721	0.01204
15	0.01129	0.00863	0.01076	0.01136	0.01341	0.00858	0.00936	0.01619	0.09649	0.02281	0.13856	0.08997	0.17850	0.01751	0.00901	0.00284	0.00530	0.33559	0.00683	0.00700
16	0.01018	0.00760	0.01132	0.01132	0.01255	0.00883	0.00875	0.01264	0.01141	0.01644	0.01919	0.02860	0.01807	0.07675	0.69856	0.01129	0.01867	0.00772	0.00383	0.00629
17	0.01371	0.01317	0.02296	0.67807	0.04812	0.01599	0.07101	0.01855	0.01444	0.01855	0.01279	0.01900	0.00959	0.00703	0.00722	0.00238	0.00969	0.00649	0.00320	0.00804
18	0.01721	0.31239	0.27589	0.01975	0.05568	0.04967	0.13341	0.02232	0.01538	0.02016	0.01189	0.01437	0.00948	0.00638	0.00619	0.00197	0.00965	0.00526	0.00317	0.00977
19	0.01237	0.00618	0.00928	0.00928	0.00928	0.00618	0.00618	0.00928	0.00928	0.01237	0.01237	0.02165	0.01237	0.02474	0.02783	0.79283	0.00618	0.00618	0.00309	0.00309
20	0.01681	0.01921	0.04202	0.03001	0.03721	0.01801	0.67947	0.02281	0.01681	0.02281	0.01441	0.01921	0.01080	0.00600	0.00840	0.00240	0.01200	0.00840	0.00360	0.00960
21	0.01484	0.12046	0.63409	0.01935	0.02936	0.01789	0.02466	0.02241	0.01497	0.02187	0.01244	0.01461	0.00903	0.00669	0.00651	0.00217	0.01018	0.00509	0.00301	0.01036
22	0.01718	0.06953	0.42330	0.02224	0.07541	0.04101	0.11492	0.10827	0.01790	0.02505	0.01340	0.01580	0.00984	0.00684	0.00693	0.00220	0.01016	0.00583	0.00368	0.01050
23	0.01820	0.01844	0.02888	0.06510	0.56973	0.07899	0.07214	0.02238	0.01654	0.02253	0.01324	0.01737	0.01099	0.00643	0.00710	0.00212	0.00916	0.00635	0.00353	0.01076
24	0.02297	0.01071	0.01403	0.01154	0.01557	0.00982	0.00923	0.02754	0.08223	0.40853	0.26432	0.03460	0.03538	0.01091	0.00760	0.00224	0.00507	0.00925	0.00833	0.01015
25	0.01649	0.01892	0.06135	0.05684	0.08882	0.01828	0.48990	0.02179	0.01582	0.02191	0.01353	0.01844	0.01054	0.00695	0.01016	0.00247	0.10707	0.00776	0.00349	0.00947
26	0.01763	0.04627	0.22265	0.06240	0.26440	0.07051	0.08689	0.02415	0.06876	0.04682	0.01472	0.01748	0.01131	0.00688	0.00700	0.00218	0.00945	0.00619	0.00384	0.01047
27	0.00868	0.00717	0.00745	0.00759	0.00968	0.00614	0.00559	0.01037	0.01566	0.01883	0.06553	0.09962	0.59606	0.07512	0.01066	0.00281	0.00399	0.03673	0.00643	0.00589
28	0.07870	0.01813	0.01702	0.01425	0.01862	0.10269	0.01136	0.29992	0.19157	0.03426	0.01967	0.01989	0.01471	0.00850	0.00657	0.00211	0.00708	0.00645	0.11818	0.01034
29	0.01783	0.01764	0.02880	0.04068	0.60879	0.04547	0.05267	0.02191	0.01611	0.02268	0.01313	0.01740	0.01107	0.00670	0.00797	0.00217	0.04822	0.00637	0.00351	0.01089
30	0.01581	0.01634	0.04429	0.44020	0.22856	0.07181	0.01982	0.02076	0.03621	0.02004	0.01324	0.01823	0.01033	0.00699	0.00704	0.00226	0.00938	0.00622	0.00343	0.00906
31	0.01681	0.01921	0.04202	0.03001	0.03721	0.01801	0.67947	0.02281	0.01681	0.02281	0.01441	0.01921	0.01080	0.00600	0.00840	0.00240	0.01200	0.00840	0.00360	0.00960
32	0.01428	0.03683	0.71286	0.02030	0.03082	0.01654	0.02631	0.02255	0.01503	0.02255	0.01278	0.01503	0.00902	0.00677	0.00677	0.00226	0.01052	0.00526	0.00301	0.01052
33	0.01559	0.23400	0.52714	0.01807	0.02737	0.01974	0.02243	0.02221	0.01488	0.02096	0.01199	0.01404	0.00905	0.00658	0.00616	0.00205	0.00972	0.00486	0.00302	0.01014
34	0.00854	0.00722	0.00739	0.00735	0.00970	0.00607	0.00551	0.01047	0.01654	0.01996	0.12102	0.06734	0.65311	0.01776	0.00841	0.00239	0.00359	0.01486	0.00671	0.00607
35	0.01428	0.03683	0.71286	0.02030	0.03082	0.01654	0.02631	0.02255	0.01503	0.02255	0.01278	0.01503	0.00902	0.00677	0.00677	0.00226	0.01052	0.00526	0.00301	0.01052
36	0.02634	0.05839	0.02076	0.01814	0.02189	0.69763	0.01370	0.02819	0.01998	0.01740	0.01097	0.01279	0.00917	0.00730	0.00636	0.00182	0.01266	0.00456	0.00365	0.00828
37	0.01733	0.01662	0.02837	0.09266	0.65870	0.01684	0.02171	0.02159	0.01607	0.02290	0.01334	0.01772	0.01115	0.00640	0.00705	0.00213	0.00853	0.00634	0.00350	0.01104
38	0.00842	0.00721	0.00721	0.00721	0.00962	0.00601	0.00541	0.01022	0.01623	0.01924	0.07213	0.06853	0.70244	0.01803	0.00842	0.00240	0.00361	0.01503	0.00661	0.00601
39	0.01445	0.06244	0.68874	0.02001	0.03037	0.01695	0.02580	0.02251	0.01501	0.02234	0.01268	0.01490	0.00902	0.00674	0.00669	0.00223	0.01042	0.00521	0.00301	0.01047
40	0.00982	0.00723	0.00918	0.00877	0.01050	0.00660	0.00655	0.01291	0.01943	0.02702	0.59899	0.07973	0.14622	0.01527	0.00843	0.00228	0.00342	0.01341	0.00764	0.00660
41	0.02768	0.01144	0.01533	0.01213	0.01693	0.01015	0.00987	0.03128	0.04924	0.56692	0.14085	0.02918	0.02610	0.00981	0.00737	0.00222	0.00559	0.00816	0.00858	0.01118
42	0.01962	0.69811	0.03598	0.01266	0.01857	0.08199	0.01231	0.02187	0.01491	0.01681	0.00999	0.01153	0.00914	0.00619	0.00471	0.00155	0.00802	0.00387	0.00309	0.00907
43	0.03195	0.01212	0.01652	0.01267	0.01818	0.01047	0.01047	0.03470	0.02038	0.71026	0.02809	0.02424	0.01763	0.00881	0.00716	0.00220	0.00606	0.00716	0.00881	0.01212
44	0.00868	0.00620	0.00826	0.00991	0.01033	0.00578	0.00661	0.00991	0.01363	0.01818	0.03925	0.74510	0.04710	0.02231	0.00909	0.00289	0.00413	0.02024	0.00661	0.00578
45	0.03168	0.01254	0.01679	0.01287	0.01839	0.01109	0.01063	0.06971	0.02109	0.67425	0.02750	0.02385	0.01733	0.00880	0.00716	0.00220	0.00616	0.00712	0.00872	0.01212
46	0.01379	0.00970	0.01146	0.01033	0.01306	0.00961	0.00796	0.04611	0.14680	0.08571	0.38980	0.04672	0.15365	0.01346	0.00803	0.00229	0.00424	0.01157	0.00758	0.00814
47	0.01762	0.01692	0.02890	0.04371	0.70533	0.01692	0.02185	0.02185	0.01621	0.02326	0.01339	0.01762	0.01128	0.00634	0.00705	0.00211	0.00846	0.00634	0.00352	0.01128
48	0.00867	0.00623	0.00823	0.00983	0.01031	0.00579	0.00657	0.00992	0.01371	0.01821	0.04026	0.72431	0.06724	0.02218	0.00907	0.00288	0.00412	0.02008	0.00661	0.00579
49	0.00947	0.00722	0.01035	0.01095	0.01174	0.00699	0.03897	0.01102	0.01395	0.01881	0.08137	0.59891	0.04431	0.06438	0.01107	0.00307	0.02695	0.01815	0.00631	0.00600
50	0.01687	0.01904	0.04103	0.03104	0.08760	0.01793	0.62988	0.02274	0.01676	0.02284	0.01433	0.01909	0.01084	0.00603	0.00830	0.00238	0.01174	0.00825	0.00360	0.00973
51	0.01378	0.01286	0.02095	0.67687	0.04667	0.01597	0.01911	0.01972	0.06691	0.01909	0.01392	0.01957	0.01044	0.00732	0.00713	0.00238	0.00919	0.00646	0.00348	0.00817
52	0.01025	0.00702	0.00853	0.00860	0.00888	0.00726	0.00534	0.01081	0.01072	0.01455	0.02248	0.07285	0.02516	0.57723	0.17408	0.00765	0.00925	0.01023	0.00431	0.00479
53	0.05117	0.03183	0.01954	0.01775	0.02147	0.64350	0.01337	0.02892	0.07213	0.01886	0.01237	0.01387	0.01010	0.00749	0.00642	0.00189	0.01204	0.00483	0.00397	0.00847
54	0.05582	0.01114	0.01476	0.01341	0.01469	0.01382	0.01063	0.06613	0.01292	0.01944	0.01598	0.02469	0.01525	0.11149	0.35070	0.00732	0.22358	0.00722	0.00396	0.00707
55	0.02707	0.01995	0.02137	0.01638	0.02208	0.02208	0.01353	0.68159	0.03348	0.04488	0.01710	0.01710	0.01211	0.00855	0.00712	0.00214	0.00784	0.00641	0.00712	0.01211
56	0.01212	0.00832	0.01043	0.00969	0.01166	0.00805	0.00722	0.01683	0.08858	0.06711	0.51551	0.07373	0.05564	0.07110	0.01039	0.00264	0.00406	0.01212	0.00752	0.00728
57	0.02589	0.01936	0.02071	0.01615	0.02163	0.02153	0.01325	0.60077	0.11621	0.04298	0.01859	0.01828	0.01332	0.00869	0.00714	0.00217	0.00756	0.00662	0.00714	0.01200
58	0.02855	0.01288	0.01642	0.01310	0.01826	0.01220	0.01066	0.03545	0.18087	0.54777	0.02830	0.02479	0.01861	0.00902	0.00718	0.00225	0.00596	0.00737	0.00844	0.01192
59	0.01129	0.00812	0.01122	0.01270	0.01437	0.00804	0.01103	0.01451	0.01655	0.02154	0.06763	0.07868	0.06870	0.01938	0.00972	0.00320	0.00630	0.60387	0.00661	0.00654
60	0.01680	0.01607	0.02741	0.18018	0.57533	0.01670	0.02144	0.02113	0.01582	0.02226	0.01325	0.01789	0.01093	0.00650	0.00706	0.00217	0.00866	0.00634	0.00345	0.01061
61	0.01841	0.01565	0.01650	0.01463	0.01878	0.01804	0.01144	0.08623	0.64293	0.03092	0.02809	0.02585	0.02101	0.00958	0.00724	0.00239	0.00580	0.00793	0.00724	0.01133
62	0.02197	0.01536	0.01698	0.01441	0.01898	0.01692	0.01145	0.13390	0.45883	0.16839	0.02702	0.02468	0.01947	0.00932	0.00721	0.00233	0.00605	0.00763	0.00754	0.01157
63	0.02723	0.01969	0.02121	0.01626	0.02196	0.02170	0.01343	0.66057	0.03305	0.06650	0.01745	0.01733	0.01229	0.00856	0.00712	0.00214	0.00778	0.00644	0.00718	0.01211
64	0.01770	0.01919	0.03476	0.05137	0.03255	0.07123	0.47031	0.07313	0.01768	0.02330	0.01528	0.05758	0.01260	0.00768	0.00920	0.00241	0.06237	0.00837	0.00399	0.00930
65	0.01550	0.01547	0.02179	0.04500	0.01981	0.02159	0.01573	0.01718	0.01103	0.01718	0.00947	0.01570	0.00935	0.01227	0.02277	0.00309	0.70992	0.00624	0.00312	0.00779
66	0.00874	0.00622	0.00824	0.00983	0.01023	0.00583	0.00652	0.00993	0.01350	0.01801	0.03859	0.71770	0.04626	0.05084	0.01015	0.00305	0.00424	0.01986	0.00652	0.00573
67	0.02593	0.01888	0.02043	0.01583	0.02109	0.02085	0.01296	0.62938	0.03160	0.04235	0.01673	0.01745	0.01213	0.00981	0.00873	0.06354	0.00771	0.00639	0.00681	0.01141
68	0.19446	0.02869	0.44323	0.01937	0.02796	0.01665	0.12812	0.02222	0.01465	0.02474	0.01239	0.01492	0.00901	0.00661	0.00649	0.00227	0.00962	0.00545	0.00342	0.00973
69	0.01008	0.00728	0.00952	0.00896	0.01064	0.00672	0.00672	0.01344	0.02016	0.02855	0.70158	0.05319	0.06719	0.01456	0.00840	0.00224	0.00336	0.01288	0.00784	0.00672
70	0.01595	0.01621	0.02102	0.01810	0.01855	0.06254	0.01495	0.01762	0.01159	0.01730	0.01001	0.01599	0.00978	0.01391	0.05527	0.00338	0.63847	0.00614	0.00321	0.03000
71	0.32767	0.01620	0.06904	0.01272	0.01813	0.01550	0.01119	0.13771	0.06202	0.23713	0.01803	0.01754	0.01243	0.00781	0.00606	0.00221	0.00646	0.00566	0.00626	0.01022
72	0.00868	0.00620	0.00826	0.00991	0.01033	0.00578	0.00661	0.00991	0.01363	0.01818	0.03925	0.74510	0.04710	0.02231	0.00909	0.00289	0.00413	0.02024	0.00661	0.00578
73	0.01670	0.01997	0.07086	0.02959	0.03694	0.01794	0.65139	0.02280	0.01673	0.02280	0.01434	0.01903	0.01073	0.00604	0.00833	0.00239	0.01194	0.00827	0.00358	0.00964
74	0.01003	0.00728	0.00945	0.00891	0.01061	0.00670	0.00668	0.01335	0.02004	0.02829	0.68374	0.05362	0.08518	0.01466	0.00840	0.00224	0.00337	0.01294	0.00780	0.00670
75	0.01437	0.03618	0.68814	0.02065	0.03105	0.01659	0.05038	0.02256	0.01510	0.02256	0.01284	0.01519	0.00909	0.00674	0.00683	0.00226	0.01058	0.00538	0.00303	0.01049
76	0.00876	0.00665	0.00798	0.00884	0.01001	0.00598	0.00612	0.01031	0.01489	0.01917	0.10118	0.43356	0.27040	0.04942	0.00990	0.00284	0.00400	0.01750	0.00661	0.00587
77	0.80005	0.01377	0.01047	0.00936	0.01377	0.01597	0.00771	0.02093	0.01212	0.03195	0.00991	0.01157	0.00771	0.00661	0.00441	0.00220	0.00551	0.00386	0.00441	0.00771
78	0.01418	0.06290	0.63730	0.01919	0.02892	0.01631	0.02439	0.02187	0.01537	0.02274	0.06071	0.01755	0.01308	0.00728	0.00679	0.00223	0.00991	0.00574	0.00335	0.01020
79	0.00868	0.00620	0.00826	0.00991	0.01033	0.00578	0.00661	0.00991	0.01363	0.01818	0.03925	0.74510	0.04710	0.02231	0.00909	0.00289	0.00413	0.02024	0.00661	0.00578
80	0.01762	0.01692	0.02890	0.04371	0.70533	0.01692	0.02185	0.02185	0.01621	0.02326	0.01339	0.01762	0.01128	0.00634	0.00705	0.00211	0.00846	0.00634	0.00352	0.01128
81	0.80005	0.01377	0.01047	0.00936	0.01377	0.01597	0.00771	0.02093	0.01212	0.03195	0.00991	0.01157	0.00771	0.00661	0.00441	0.00220	0.00551	0.00386	0.00441	0.00771
82	0.01345	0.01266	0.02136	0.73264	0.04904	0.01582	0.01978	0.01819	0.01424	0.01819	0.01266	0.01898	0.00949	0.00712	0.00712	0.00237	0.00949	0.00633	0.00316	0.00791
83	0.00868	0.00620	0.00826	0.00991	0.01033	0.00578	0.00661	0.00991	0.01363	0.01818	0.03925	0.74510	0.04710	0.02231	0.00909	0.00289	0.00413	0.02024	0.00661	0.00578
84	0.01802	0.01595	0.01624	0.01463	0.01864	0.04248	0.01136	0.03751	0.66880	0.02935	0.02835	0.02608	0.02129	0.00958	0.00722	0.00239	0.00589	0.00793	0.00712	0.01116
85	0.01428	0.03683	0.71286	0.02030	0.03082	0.01654	0.02631	0.02255	0.01503	0.02255	0.01278	0.01503	0.00902	0.00677	0.00677	0.00226	0.01052	0.00526	0.00301	0.01052
86	0.01008	0.00728	0.00952	0.00896	0.01064	0.00672	0.00672	0.01344	0.02016	0.02855	0.70158	0.05319	0.06719	0.01456	0.00840	0.00224	0.00336	0.01288	0.00784	0.00672
87	0.00843	0.00717	0.00725	0.00732	0.00965	0.00600	0.00546	0.01021	0.01613	0.01919	0.07084	0.09507	0.67674	0.01820	0.00844	0.00242	0.00363	0.01523	0.00661	0.00600
88	0.02704	0.02094	0.02129	0.01652	0.02208	0.07167	0.01355	0.63526	0.03254	0.04293	0.01666	0.01679	0.01190	0.00846	0.00707	0.00212	0.00819	0.00628	0.00688	0.01184
89	0.02660	0.03394	0.02018	0.01834	0.02201	0.72116	0.01376	0.02843	0.02018	0.01743	0.01101	0.01284	0.00917	0.00734	0.00642	0.00183	0.01284	0.00459	0.00367	0.00825
90	0.01327	0.00664	0.00664	0.00664	0.00830	0.00664	0.00498	0.01659	0.01493	0.02655	0.02323	0.02655	0.01825	0.00830	0.00498	0.00166	0.00332	0.00664	0.78928	0.00664
91	0.01904	0.75404	0.03731	0.01218	0.01828	0.02818	0.01218	0.02132	0.01447	0.01675	0.00990	0.01142	0.00914	0.00609	0.00457	0.00152	0.00761	0.00381	0.00305	0.00914
92	0.11575	0.01330	0.01594	0.01283	0.01790	0.01311	0.01045	0.05920	0.16547	0.45994	0.02579	0.02302	0.01718	0.00874	0.00687	0.00225	0.00597	0.00695	0.00791	0.01143
93	0.00885	0.00633	0.00842	0.00979	0.01037	0.00590	0.00662	0.01036	0.01445	0.01948	0.12239	0.65824	0.04962	0.02134	0.00900	0.00281	0.00403	0.01932	0.00676	0.00590
94	0.01327	0.00664	0.00664	0.00664	0.00830	0.00664	0.00498	0.01659	0.01493	0.02655	0.02323	0.02655	0.01825	0.00830	0.00498	0.00166	0.00332	0.00664	0.78928	0.00664
95	0.01708	0.01636	0.02791	0.13401	0.61931	0.01677	0.02158	0.02137	0.01595	0.02260	0.01330	0.01780	0.01104	0.00645	0.00706	0.00215	0.00859	0.00634	0.00348	0.01084
96	0.01345	0.01266	0.02136	0.73264	0.04904	0.01582	0.01978	0.01819	0.01424	0.01819	0.01266	0.01898	0.00949	0.00712	0.00712	0.00237	0.00949	0.00633	0.00316	0.00791
97	0.00842	0.00721	0.00721	0.00721	0.00962	0.00601	0.00541	0.01022	0.01623	0.01924	0.07213	0.06853	0.70244	0.01803	0.00842	0.00240	0.00361	0.01503	0.00661	0.00601
98	0.02600	0.06916	0.06533	0.01394	0.01909	0.12803	0.01200	0.08236	0.02062	0.36798	0.10149	0.02370	0.02047	0.00890	0.00698	0.00210	0.00740	0.00699	0.00693	0.01054
99	0.02927	0.01493	0.01765	0.01378	0.01908	0.04212	0.01128	0.19878	0.04623	0.46678	0.04750	0.02302	0.01770	0.00891	0.00717	0.00218	0.00668	0.00709	0.00809	0.01175
100	0.01498	0.07555	0.65156	0.01979	0.02983	0.04233	0.02510	0.02269	0.01519	0.02205	0.01256	0.01476	0.00903	0.00675	0.00663	0.00220	0.01045	0.00516	0.00303	0.01037
101	0.80005	0.01377	0.01047	0.00936	0.01377	0.01597	0.00771	0.02093	0.01212	0.03195	0.00991	0.01157	0.00771	0.00661	0.00441	0.00220	0.00551	0.00386	0.00441	0.00771
102	0.01516	0.01289	0.01498	0.01073	0.01704	0.00990	0.00860	0.03929	0.01537	0.02390	0.01280	0.01484	0.01060	0.00538	0.00533	0.00109	0.00536	0.00429	0.00431	0.76814
103	0.01462	0.05896	0.64141	0.02075	0.03088	0.01703	0.07392	0.02253	0.01515	0.02238	0.01280	0.01522	0.00916	0.00669	0.00681	0.00224	0.01054	0.00545	0.00305	0.01041
104	0.02541	0.01896	0.02048	0.01559	0.02138	0.02038	0.01285	0.59191	0.03095	0.04195	0.01650	0.01678	0.01190	0.00811	0.00687	0.00199	0.00749	0.00611	0.00673	0.11767
105	0.00868	0.00620	0.00826	0.00991	0.01033	0.00578	0.00661	0.00991	0.01363	0.01818	0.03925	0.74510	0.04710	0.02231	0.00909	0.00289	0.00413	0.02024	0.00661	0.00578
106	0.01413	0.01396	0.02550	0.53470	0.06861	0.01596	0.15799	0.01900	0.01483	0.01934	0.01400	0.04482	0.01117	0.00740	0.00746	0.00239	0.00979	0.00726	0.00339	0.00831
107	0.02764	0.01903	0.02080	0.01595	0.02162	0.02072	0.01317	0.60573	0.03194	0.12290	0.01839	0.01793	0.01276	0.00858	0.00713	0.00214	0.00763	0.00650	0.00732	0.01211
108	0.02456	0.01854	0.01986	0.01578	0.02096	0.02064	0.01284	0.53017	0.16331	0.04094	0.02024	0.04487	0.01526	0.00926	0.00722	0.00222	0.00727	0.00723	0.00713	0.01172
109	0.00917	0.00724	0.00826	0.00800	0.01008	0.00633	0.00600	0.01167	0.01800	0.02345	0.35666	0.06159	0.41529	0.01646	0.00841	0.00233	0.00349	0.01406	0.00717	0.00633
110	0.01788	0.01721	0.05384	0.03680	0.54219	0.01657	0.01982	0.02433	0.10729	0.04643	0.01592	0.01885	0.01278	0.00685	0.00701	0.00213	0.00799	0.00649	0.00420	0.03540
111	0.01477	0.01266	0.01477	0.01055	0.01687	0.00949	0.00844	0.01793	0.01477	0.02320	0.01266	0.01477	0.01055	0.00527	0.00527	0.00105	0.00527	0.00422	0.00422	0.79328
112	0.01008	0.00679	0.00785	0.00812	0.00819	0.00672	0.00469	0.01028	0.01090	0.01453	0.02522	0.16213	0.02940	0.62944	0.03175	0.00624	0.00644	0.01199	0.00469	0.00456
113	0.02166	0.01482	0.04177	0.01369	0.01825	0.01483	0.01129	0.14865	0.26841	0.20538	0.13508	0.02816	0.02585	0.00993	0.00737	0.00228	0.00595	0.00821	0.00756	0.01087
114	0.01689	0.00881	0.01123	0.01020	0.01306	0.00786	0.00778	0.01961	0.03374	0.25237	0.16814	0.21290	0.17826	0.01512	0.00813	0.00242	0.00456	0.01308	0.00760	0.00826
115	0.05470	0.01308	0.01652	0.03845	0.01912	0.01258	0.01085	0.10513	0.07944	0.49665	0.02554	0.02314	0.01677	0.00870	0.00696	0.00219	0.00619	0.00699	0.04551	0.01148
116	0.02168	0.01650	0.01863	0.01663	0.06822	0.01785	0.01243	0.28027	0.27677	0.07928	0.02375	0.02290	0.04136	0.00895	0.00709	0.00218	0.00661	0.00724	0.00681	0.06486
117	0.02482	0.01498	0.01749	0.01361	0.01909	0.01477	0.01107	0.21608	0.13352	0.27317	0.02206	0.02072	0.01533	0.00818	0.00679	0.00199	0.00634	0.00651	0.00717	0.16632
118	0.04181	0.49558	0.03151	0.03739	0.02046	0.09430	0.04426	0.02428	0.09514	0.03713	0.01304	0.01431	0.01090	0.00675	0.00540	0.00177	0.00807	0.00478	0.00382	0.00932
119	0.02004	0.01774	0.04540	0.04185	0.02258	0.04583	0.08857	0.27173	0.18481	0.03236	0.05753	0.07267	0.01934	0.00954	0.00740	0.00225	0.00754	0.00816	0.00622	0.03842
120	0.10721	0.04583	0.23052	0.01449	0.01997	0.05324	0.01469	0.09585	0.06084	0.02691	0.11289	0.02215	0.01936	0.00914	0.00779	0.02447	0.03669	0.00661	0.08233	0.00901
121	0.01750	0.07511	0.01594	0.01218	0.01571	0.04268	0.00973	0.18925	0.10470	0.05452	0.10580	0.03795	0.13977	0.09416	0.01068	0.00277	0.00627	0.05014	0.00637	0.00875
122	0.04701	0.02247	0.08354	0.01691	0.02205	0.18139	0.06803	0.26548	0.05985	0.03015	0.02006	0.02261	0.05723	0.00894	0.00707	0.00216	0.00891	0.03271	0.03356	0.00986
123	0.02032	0.01664	0.01715	0.05606	0.01970	0.10717	0.03727	0.29969	0.02321	0.03102	0.02015	0.11523	0.01769	0.03257	0.00783	0.00228	0.00739	0.00823	0.15123	0.00918

[dist]
# distance from previous block
# <min> <max>
6	107

# created by:
# /st0/software/busco_prod/Augustus/scripts/msa2prfl.pl ./align_prep/153018.fa
