[name]
unknown

[dist]
# distance from previous block
# <min> <max>
0	58

[block]
# block no. 0 follows, 30 sequences, length 10
# corresponding to MSA columns:
# 64-73
name=unknown_A
#
# <colnr> <probs for GDERKNQSTAVLIFYWHMCP>
#	G	D	E	R	K	N	Q	S	T	A	V	L	I	F	Y	W	H	M	C	P
0	0.02757	0.01191	0.01570	0.01232	0.01731	0.01065	0.01015	0.07821	0.02044	0.54866	0.07822	0.02757	0.02133	0.00939	0.00714	0.00215	0.00585	0.03853	0.00812	0.04876
1	0.02426	0.02947	0.01895	0.01719	0.02086	0.57968	0.01298	0.02978	0.16051	0.01959	0.01444	0.01537	0.01154	0.00766	0.00646	0.00192	0.01112	0.00520	0.00432	0.00870
2	0.01474	0.01328	0.01812	0.01294	0.01926	0.01044	0.10080	0.01822	0.01474	0.02269	0.01264	0.01506	0.01037	0.00527	0.00559	0.00121	0.00607	0.00469	0.00405	0.68981
3	0.01318	0.01240	0.02093	0.73798	0.04806	0.01550	0.01938	0.01783	0.01395	0.01783	0.01240	0.01860	0.00930	0.00698	0.00698	0.00233	0.00930	0.00620	0.00310	0.00775
4	0.01318	0.01240	0.02093	0.73798	0.04806	0.01550	0.01938	0.01783	0.01395	0.01783	0.01240	0.01860	0.00930	0.00698	0.00698	0.00233	0.00930	0.00620	0.00310	0.00775
5	0.05454	0.01557	0.01429	0.01277	0.01631	0.12472	0.00999	0.09623	0.22513	0.02654	0.11697	0.03410	0.11994	0.01102	0.00720	0.00220	0.00633	0.05031	0.00620	0.04964
6	0.02215	0.01638	0.01793	0.01431	0.01884	0.01787	0.01159	0.50092	0.05836	0.03911	0.14894	0.05750	0.02406	0.01016	0.00731	0.00216	0.00659	0.00817	0.00710	0.01055
7	0.01114	0.00942	0.01395	0.01237	0.01409	0.01011	0.08286	0.01374	0.03634	0.01723	0.02766	0.06529	0.13090	0.20798	0.24223	0.00631	0.07784	0.00978	0.00444	0.00631
8	0.05028	0.04190	0.10800	0.01332	0.01856	0.01536	0.01209	0.26161	0.07238	0.06628	0.05651	0.02891	0.15871	0.01007	0.00696	0.00211	0.00649	0.00799	0.00606	0.05643
9	0.02353	0.02485	0.01817	0.01580	0.01982	0.40850	0.01209	0.12757	0.08559	0.05891	0.01565	0.04068	0.01290	0.03215	0.00745	0.00205	0.00974	0.00588	0.00487	0.07379

[dist]
# distance from previous block
# <min> <max>
0	28

[block]
# block no. 1 follows, 30 sequences, length 39
# corresponding to MSA columns:
# 106-144
name=unknown_B
#
# <colnr> <probs for GDERKNQSTAVLIFYWHMCP>
#	G	D	E	R	K	N	Q	S	T	A	V	L	I	F	Y	W	H	M	C	P
0	0.01771	0.01559	0.01748	0.01442	0.01800	0.09980	0.07767	0.16326	0.06133	0.05620	0.04762	0.04976	0.16799	0.06635	0.01078	0.00258	0.06802	0.00897	0.00559	0.03089
1	0.01461	0.01225	0.01739	0.34202	0.03039	0.01397	0.02827	0.13906	0.03937	0.02357	0.05513	0.07492	0.08666	0.03184	0.03532	0.00280	0.00793	0.03154	0.00488	0.00807
2	0.01282	0.00961	0.01179	0.01096	0.01356	0.00908	0.00837	0.09825	0.01658	0.02299	0.07989	0.26289	0.03152	0.05323	0.03992	0.02432	0.00583	0.10249	0.00579	0.18010
3	0.02672	0.02006	0.02065	0.01601	0.02146	0.06625	0.01314	0.61507	0.03137	0.07373	0.01688	0.01681	0.01194	0.00831	0.00694	0.00208	0.00791	0.00620	0.00684	0.01163
4	0.01821	0.01376	0.01563	0.04514	0.01786	0.01441	0.01034	0.32217	0.02270	0.03055	0.06187	0.05810	0.12442	0.03079	0.00974	0.06088	0.02475	0.00832	0.00594	0.10444
5	0.00884	0.00655	0.00816	0.00889	0.00995	0.00597	0.00618	0.01060	0.01523	0.02023	0.20137	0.42230	0.18000	0.05009	0.00974	0.00276	0.00388	0.01673	0.00667	0.00587
6	0.01338	0.01161	0.01591	0.02008	0.21994	0.01180	0.01198	0.01994	0.16558	0.02307	0.09863	0.10343	0.16122	0.03357	0.00853	0.00249	0.00571	0.05879	0.00577	0.00859
7	0.01962	0.01875	0.01899	0.01612	0.01896	0.19514	0.06150	0.17733	0.01874	0.02313	0.01513	0.04096	0.01386	0.06613	0.01431	0.09922	0.13226	0.03738	0.00449	0.00796
8	0.00967	0.00656	0.00775	0.00823	0.00835	0.00644	0.00489	0.01002	0.01109	0.01479	0.02681	0.25209	0.03146	0.54002	0.02772	0.00561	0.00597	0.01299	0.00489	0.00465
9	0.00848	0.00614	0.00803	0.00954	0.01007	0.00568	0.00640	0.00974	0.01353	0.01788	0.04065	0.70372	0.09122	0.02158	0.00886	0.00280	0.00401	0.01949	0.00648	0.00568
10	0.01710	0.01707	0.03114	0.03989	0.56329	0.01681	0.16710	0.02162	0.01602	0.02270	0.01334	0.01761	0.01095	0.00614	0.00720	0.00213	0.00905	0.00666	0.00347	0.01069
11	0.01613	0.01541	0.02626	0.23693	0.52606	0.01628	0.02085	0.02041	0.01535	0.02141	0.01292	0.01764	0.01056	0.00643	0.00693	0.00214	0.00857	0.00621	0.00336	0.01013
12	0.01447	0.01240	0.01447	0.01034	0.01654	0.00930	0.00827	0.01757	0.01447	0.02274	0.01240	0.01447	0.01034	0.00517	0.00517	0.00103	0.00517	0.00413	0.00413	0.79742
13	0.01476	0.01519	0.02637	0.02093	0.02347	0.01793	0.24405	0.01782	0.01293	0.01874	0.01394	0.07821	0.01328	0.01357	0.06464	0.00335	0.38123	0.00807	0.00355	0.00798
14	0.02944	0.01307	0.01679	0.01282	0.01831	0.01191	0.01058	0.13177	0.02154	0.56726	0.02487	0.02206	0.01598	0.00836	0.00689	0.00207	0.00615	0.00671	0.00808	0.06533
15	0.00954	0.00672	0.00758	0.00783	0.00833	0.00643	0.00477	0.01006	0.01172	0.01518	0.03362	0.15726	0.15637	0.50491	0.02635	0.00534	0.00575	0.01248	0.00499	0.00476
16	0.01447	0.01240	0.01447	0.01034	0.01654	0.00930	0.00827	0.01757	0.01447	0.02274	0.01240	0.01447	0.01034	0.00517	0.00517	0.00103	0.00517	0.00413	0.00413	0.79742
17	0.00964	0.00668	0.00763	0.00791	0.00826	0.00647	0.00474	0.01006	0.01138	0.01490	0.03059	0.16957	0.10974	0.54133	0.02771	0.00557	0.00592	0.01236	0.00488	0.00467
18	0.00874	0.00625	0.00834	0.00974	0.01031	0.00585	0.00667	0.01023	0.01409	0.01892	0.10379	0.65668	0.04785	0.02102	0.00887	0.00279	0.00406	0.04342	0.00659	0.00579
19	0.00850	0.00607	0.00810	0.00972	0.01012	0.00567	0.00648	0.00972	0.01336	0.01781	0.03846	0.75020	0.04615	0.02186	0.00891	0.00283	0.00405	0.01984	0.00648	0.00567
20	0.02370	0.01681	0.01843	0.01455	0.01926	0.01826	0.01178	0.53078	0.02890	0.07569	0.06601	0.06905	0.01871	0.04463	0.00853	0.00237	0.00701	0.00782	0.00696	0.01074
21	0.00954	0.00702	0.00785	0.00803	0.00981	0.00614	0.00573	0.01112	0.01511	0.04785	0.08658	0.21859	0.43124	0.09004	0.01101	0.00288	0.00406	0.01503	0.00641	0.00596
22	0.01000	0.00670	0.00766	0.00781	0.00784	0.00666	0.00444	0.01011	0.01045	0.01393	0.02351	0.11082	0.02729	0.68698	0.03306	0.00640	0.00651	0.01104	0.00444	0.00436
23	0.00874	0.00628	0.00834	0.00983	0.01043	0.00588	0.00680	0.01019	0.01384	0.01840	0.06052	0.65650	0.06774	0.02130	0.00892	0.00283	0.00418	0.06702	0.00651	0.00576
24	0.00942	0.00651	0.00778	0.00841	0.00867	0.00630	0.00515	0.00997	0.01166	0.01544	0.03061	0.32169	0.06424	0.43544	0.02390	0.00503	0.00556	0.01414	0.00521	0.00487
25	0.00849	0.00613	0.00804	0.00957	0.01008	0.00568	0.00641	0.00973	0.01350	0.01787	0.04026	0.71212	0.08308	0.02163	0.00887	0.00281	0.00402	0.01955	0.00648	0.00568
26	0.02109	0.01464	0.01625	0.01395	0.01833	0.01612	0.01104	0.08446	0.50067	0.18088	0.02735	0.02485	0.01972	0.00920	0.00707	0.00230	0.00577	0.00758	0.00743	0.01129
27	0.01212	0.00606	0.00909	0.00909	0.00909	0.00606	0.00606	0.00909	0.00909	0.01212	0.01212	0.02121	0.01212	0.02424	0.02727	0.79697	0.00606	0.00606	0.00303	0.00303
28	0.00911	0.00696	0.00819	0.00815	0.00980	0.00623	0.00591	0.01134	0.01683	0.02225	0.33588	0.13822	0.30634	0.07112	0.01033	0.00267	0.00373	0.01408	0.00683	0.00604
29	0.02389	0.01769	0.01897	0.01491	0.01971	0.01955	0.01202	0.55866	0.07997	0.03925	0.01825	0.02089	0.01418	0.09717	0.01038	0.00267	0.00741	0.00686	0.00666	0.01090
30	0.00862	0.00612	0.00806	0.00956	0.00994	0.00575	0.00631	0.00975	0.01312	0.01750	0.03725	0.69819	0.04462	0.07597	0.01087	0.00312	0.00425	0.01912	0.00631	0.00556
31	0.01343	0.01266	0.02139	0.69465	0.08940	0.01557	0.01951	0.01805	0.01407	0.01814	0.01245	0.01852	0.00941	0.00693	0.00697	0.00231	0.00924	0.00620	0.00312	0.00796
32	0.01136	0.00832	0.00978	0.00986	0.01115	0.00838	0.00683	0.07826	0.06180	0.02099	0.08779	0.35215	0.08407	0.19866	0.01503	0.00361	0.00507	0.01438	0.00611	0.00638
33	0.01560	0.01680	0.03510	0.02571	0.03166	0.01603	0.54599	0.04377	0.01630	0.02217	0.01645	0.07359	0.01393	0.01169	0.07849	0.00325	0.01173	0.00895	0.00389	0.00891
34	0.01520	0.01378	0.02055	0.18229	0.02522	0.01773	0.04522	0.04085	0.01304	0.04767	0.01336	0.05670	0.01222	0.01360	0.06287	0.00331	0.39776	0.00709	0.00369	0.00787
35	0.02196	0.01611	0.01837	0.06833	0.02134	0.01703	0.01204	0.42780	0.02654	0.06765	0.10023	0.02118	0.01826	0.00853	0.00687	0.00197	0.00682	0.00677	0.00643	0.12577
36	0.02541	0.01932	0.01989	0.01557	0.02079	0.07289	0.01272	0.54820	0.02943	0.07121	0.01676	0.01726	0.01215	0.01054	0.04538	0.00253	0.00847	0.00617	0.00653	0.03880
37	0.01808	0.04515	0.02062	0.08536	0.02180	0.01862	0.02943	0.17864	0.04674	0.04558	0.01419	0.03769	0.01199	0.01086	0.03215	0.00264	0.28670	0.00646	0.00456	0.08273
38	0.01614	0.01241	0.01572	0.01309	0.01618	0.01297	0.05649	0.14918	0.10077	0.05444	0.08495	0.09943	0.02411	0.17096	0.01442	0.00320	0.05533	0.00918	0.00571	0.08533

[dist]
# distance from previous block
# <min> <max>
6	28

[block]
# block no. 2 follows, 30 sequences, length 13
# corresponding to MSA columns:
# 173-185
name=unknown_C
#
# <colnr> <probs for GDERKNQSTAVLIFYWHMCP>
#	G	D	E	R	K	N	Q	S	T	A	V	L	I	F	Y	W	H	M	C	P
0	0.06050	0.28855	0.14233	0.06384	0.02186	0.02061	0.01450	0.14862	0.01735	0.02367	0.01348	0.04471	0.01154	0.01071	0.05547	0.00261	0.04076	0.00565	0.00403	0.00921
1	0.01866	0.75896	0.03657	0.01194	0.01791	0.02761	0.01194	0.02090	0.01418	0.01642	0.00970	0.01119	0.00896	0.00597	0.00448	0.00149	0.00746	0.00373	0.00299	0.00896
2	0.03579	0.11115	0.10642	0.06507	0.05793	0.03791	0.09576	0.06661	0.01636	0.09753	0.05337	0.07805	0.01754	0.05132	0.04132	0.00285	0.04386	0.00767	0.00465	0.00884
3	0.01755	0.07401	0.05403	0.02877	0.37145	0.07986	0.01706	0.05367	0.01687	0.04400	0.01809	0.07467	0.01703	0.00926	0.00715	0.00221	0.00807	0.09221	0.00434	0.00969
4	0.02760	0.01105	0.01501	0.01179	0.01653	0.00962	0.00962	0.03040	0.01993	0.59694	0.14525	0.02866	0.02568	0.00961	0.00723	0.00217	0.00548	0.00799	0.00847	0.01096
5	0.02607	0.03326	0.01978	0.01798	0.02157	0.72674	0.01348	0.02787	0.01978	0.01708	0.01079	0.01258	0.00899	0.00719	0.00629	0.00180	0.01258	0.00449	0.00360	0.00809
6	0.00868	0.00626	0.00825	0.00968	0.01030	0.00583	0.00664	0.01011	0.01392	0.01850	0.07306	0.65278	0.07880	0.02117	0.00887	0.00280	0.00409	0.04796	0.00654	0.00576
7	0.00962	0.00741	0.00936	0.05717	0.01251	0.00697	0.00696	0.01234	0.01756	0.02367	0.42650	0.08031	0.23225	0.05518	0.00966	0.00252	0.00398	0.01290	0.00682	0.00631
8	0.01346	0.01269	0.02143	0.69085	0.09303	0.01558	0.01952	0.01807	0.01408	0.01817	0.01245	0.01851	0.00942	0.00693	0.00697	0.00231	0.00923	0.00620	0.00312	0.00798
9	0.01015	0.00677	0.00761	0.00761	0.00761	0.00677	0.00423	0.01015	0.01015	0.01353	0.02199	0.04567	0.02537	0.75476	0.03552	0.00677	0.00677	0.01015	0.00423	0.00423
10	0.10213	0.07188	0.02054	0.05801	0.14753	0.01722	0.01332	0.21358	0.01942	0.02836	0.01487	0.06551	0.01282	0.00822	0.00744	0.00202	0.05734	0.00639	0.00480	0.12862
11	0.02405	0.04372	0.01872	0.01417	0.01916	0.01726	0.01158	0.40785	0.05646	0.15650	0.02093	0.09523	0.01665	0.00961	0.00699	0.00211	0.00674	0.00769	0.00691	0.05765
12	0.30431	0.05749	0.01728	0.01297	0.01763	0.01801	0.01084	0.25104	0.02036	0.14211	0.01490	0.01548	0.01079	0.00793	0.00724	0.00217	0.06857	0.00534	0.00573	0.00980

[dist]
# distance from previous block
# <min> <max>
0	5

[block]
# block no. 3 follows, 30 sequences, length 17
# corresponding to MSA columns:
# 191-207
name=unknown_D
#
# <colnr> <probs for GDERKNQSTAVLIFYWHMCP>
#	G	D	E	R	K	N	Q	S	T	A	V	L	I	F	Y	W	H	M	C	P
0	0.01264	0.00861	0.00959	0.00876	0.01132	0.00790	0.00659	0.07252	0.01761	0.09379	0.13249	0.07467	0.40764	0.09159	0.01084	0.00276	0.00447	0.01261	0.00666	0.00694
1	0.01891	0.01087	0.01463	0.12363	0.04803	0.01097	0.01055	0.02368	0.10517	0.25971	0.07428	0.06537	0.06456	0.12461	0.01165	0.00296	0.00620	0.00892	0.00640	0.00890
2	0.01809	0.01674	0.02685	0.03860	0.60503	0.01708	0.02002	0.08107	0.06223	0.02508	0.01445	0.01780	0.01180	0.00662	0.00693	0.00209	0.00805	0.00633	0.00400	0.01112
3	0.01866	0.75896	0.03657	0.01194	0.01791	0.02761	0.01194	0.02090	0.01418	0.01642	0.00970	0.01119	0.00896	0.00597	0.00448	0.00149	0.00746	0.00373	0.00299	0.00896
4	0.01912	0.13362	0.02746	0.06582	0.42983	0.16627	0.01821	0.02251	0.01635	0.02039	0.01208	0.01543	0.01022	0.00642	0.00641	0.00194	0.00911	0.00548	0.00340	0.00996
5	0.01318	0.01240	0.02093	0.73798	0.04806	0.01550	0.01938	0.01783	0.01395	0.01783	0.01240	0.01860	0.00930	0.00698	0.00698	0.00233	0.00930	0.00620	0.00310	0.00775
6	0.80405	0.01350	0.01026	0.00918	0.01350	0.01565	0.00756	0.02051	0.01188	0.03131	0.00972	0.01134	0.00756	0.00648	0.00432	0.00216	0.00540	0.00378	0.00432	0.00756
7	0.01212	0.00606	0.00909	0.00909	0.00909	0.00606	0.00606	0.00909	0.00909	0.01212	0.01212	0.02121	0.01212	0.02424	0.02727	0.79697	0.00606	0.00606	0.00303	0.00303
8	0.00863	0.00628	0.00818	0.00964	0.01030	0.00582	0.00664	0.01002	0.01376	0.01809	0.04152	0.64525	0.11034	0.02131	0.00888	0.00281	0.00413	0.05618	0.00647	0.00573
9	0.00889	0.00640	0.00820	0.00933	0.01000	0.00598	0.00635	0.01028	0.01389	0.01846	0.09805	0.53210	0.09805	0.09897	0.01166	0.00317	0.00433	0.04390	0.00634	0.00564
10	0.02121	0.50897	0.03078	0.01402	0.01917	0.26845	0.01247	0.02330	0.01611	0.01665	0.01008	0.01167	0.00897	0.00639	0.00510	0.00160	0.00923	0.00399	0.00320	0.00866
11	0.01447	0.01240	0.01447	0.01034	0.01654	0.00930	0.00827	0.01757	0.01447	0.02274	0.01240	0.01447	0.01034	0.00517	0.00517	0.00103	0.00517	0.00413	0.00413	0.79742
12	0.01093	0.00752	0.00877	0.00822	0.01056	0.00655	0.00625	0.01339	0.01780	0.08382	0.32132	0.05733	0.39090	0.01552	0.00813	0.00227	0.00365	0.01321	0.00715	0.00669
13	0.02427	0.01650	0.01815	0.01418	0.01919	0.01759	0.01162	0.49052	0.02850	0.13040	0.05192	0.02527	0.10026	0.00978	0.00719	0.00214	0.00676	0.00767	0.00717	0.01093
14	0.01110	0.00689	0.00906	0.00973	0.01094	0.00629	0.00683	0.01277	0.01503	0.09375	0.12513	0.54385	0.08346	0.01923	0.00858	0.00265	0.00412	0.01725	0.00686	0.00646
15	0.03131	0.01188	0.01619	0.01242	0.01781	0.01026	0.01026	0.03401	0.01997	0.71606	0.02753	0.02375	0.01727	0.00864	0.00702	0.00216	0.00594	0.00702	0.00864	0.01188
16	0.01063	0.00841	0.01187	0.12214	0.01747	0.00862	0.03015	0.05594	0.01502	0.01976	0.03477	0.51409	0.08837	0.01787	0.00841	0.00266	0.00529	0.01610	0.00590	0.00653

[dist]
# distance from previous block
# <min> <max>
1	12

[block]
# block no. 4 follows, 30 sequences, length 47
# corresponding to MSA columns:
# 220-266
name=unknown_E
#
# <colnr> <probs for GDERKNQSTAVLIFYWHMCP>
#	G	D	E	R	K	N	Q	S	T	A	V	L	I	F	Y	W	H	M	C	P
0	0.80405	0.01350	0.01026	0.00918	0.01350	0.01565	0.00756	0.02051	0.01188	0.03131	0.00972	0.01134	0.00756	0.00648	0.00432	0.00216	0.00540	0.00378	0.00432	0.00756
1	0.80405	0.01350	0.01026	0.00918	0.01350	0.01565	0.00756	0.02051	0.01188	0.03131	0.00972	0.01134	0.00756	0.00648	0.00432	0.00216	0.00540	0.00378	0.00432	0.00756
2	0.03131	0.01188	0.01619	0.01242	0.01781	0.01026	0.01026	0.03401	0.01997	0.71606	0.02753	0.02375	0.01727	0.00864	0.00702	0.00216	0.00594	0.00702	0.00864	0.01188
3	0.01665	0.00895	0.01251	0.01080	0.01370	0.00808	0.03099	0.01971	0.01917	0.23860	0.40809	0.08854	0.04685	0.01292	0.00795	0.00227	0.00455	0.03370	0.00771	0.00824
4	0.08235	0.01590	0.01612	0.01346	0.01773	0.04370	0.01076	0.29995	0.20877	0.03379	0.08492	0.02729	0.09514	0.01001	0.00702	0.00220	0.00626	0.00793	0.00668	0.01004
5	0.01301	0.00650	0.00650	0.00650	0.00813	0.00650	0.00488	0.01626	0.01463	0.02602	0.02276	0.02602	0.01789	0.00813	0.00488	0.00163	0.00325	0.00650	0.79350	0.00650
6	0.02478	0.01183	0.01508	0.01213	0.01654	0.01116	0.00979	0.10677	0.06354	0.43118	0.16483	0.05226	0.02768	0.01023	0.00733	0.00219	0.00552	0.00854	0.00808	0.01055
7	0.02602	0.01951	0.02196	0.01673	0.02239	0.02144	0.04723	0.65434	0.03198	0.04289	0.01662	0.01686	0.01180	0.00825	0.00704	0.00211	0.00789	0.00638	0.00681	0.01174
8	0.00913	0.00680	0.00836	0.00858	0.00995	0.00618	0.00612	0.01130	0.01653	0.02220	0.33364	0.25052	0.20734	0.05908	0.00997	0.00267	0.00376	0.01499	0.00687	0.00603
9	0.01527	0.01527	0.02137	0.01832	0.01832	0.02137	0.01527	0.01679	0.01069	0.01679	0.00916	0.01527	0.00916	0.01221	0.02290	0.00305	0.74198	0.00611	0.00305	0.00763
10	0.00919	0.00675	0.00862	0.00891	0.01020	0.00618	0.00639	0.01157	0.01703	0.02328	0.39394	0.30117	0.13619	0.01737	0.00847	0.00244	0.00359	0.01543	0.00711	0.00618
11	0.80405	0.01350	0.01026	0.00918	0.01350	0.01565	0.00756	0.02051	0.01188	0.03131	0.00972	0.01134	0.00756	0.00648	0.00432	0.00216	0.00540	0.00378	0.00432	0.00756
12	0.01400	0.03610	0.71860	0.01989	0.03020	0.01621	0.02578	0.02210	0.01473	0.02210	0.01252	0.01473	0.00884	0.00663	0.00663	0.00221	0.01031	0.00516	0.00295	0.01031
13	0.00831	0.00707	0.00716	0.00714	0.00946	0.00592	0.00535	0.01014	0.01606	0.01921	0.09555	0.06657	0.68331	0.01754	0.00825	0.00235	0.00353	0.01465	0.00653	0.00592
14	0.04542	0.01370	0.02390	0.54816	0.10906	0.01590	0.10742	0.01888	0.01439	0.01944	0.01259	0.01822	0.00957	0.00674	0.00703	0.00230	0.00938	0.00638	0.00324	0.00828
15	0.01586	0.01327	0.01558	0.04778	0.01875	0.01111	0.00943	0.09873	0.01666	0.02506	0.01293	0.01496	0.01047	0.00565	0.00548	0.00123	0.00568	0.00450	0.00443	0.66245
16	0.73256	0.01364	0.01123	0.05065	0.01573	0.01585	0.00842	0.04332	0.01271	0.03098	0.01011	0.01193	0.00780	0.00657	0.00456	0.00217	0.00570	0.00400	0.00434	0.00772
17	0.39619	0.05251	0.03673	0.01589	0.12087	0.01620	0.01133	0.08588	0.05514	0.10122	0.01436	0.01548	0.01076	0.00705	0.00550	0.00210	0.00629	0.00509	0.03217	0.00926
18	0.00945	0.00707	0.00954	0.05920	0.01318	0.00685	0.00779	0.01171	0.01559	0.02091	0.21622	0.38755	0.10412	0.01821	0.00862	0.00263	0.00441	0.08423	0.00656	0.00615
19	0.01318	0.01240	0.02093	0.73798	0.04806	0.01550	0.01938	0.01783	0.01395	0.01783	0.01240	0.01860	0.00930	0.00698	0.00698	0.00233	0.00930	0.00620	0.00310	0.00775
20	0.76033	0.01340	0.01059	0.00936	0.01374	0.01535	0.00771	0.02128	0.01233	0.07005	0.01072	0.01204	0.00811	0.00660	0.00447	0.00216	0.00543	0.00396	0.00456	0.00780
21	0.02607	0.03326	0.01978	0.01798	0.02157	0.72674	0.01348	0.02787	0.01978	0.01708	0.01079	0.01258	0.00899	0.00719	0.00629	0.00180	0.01258	0.00449	0.00360	0.00809
22	0.01527	0.01527	0.02137	0.01832	0.01832	0.02137	0.01527	0.01679	0.01069	0.01679	0.00916	0.01527	0.00916	0.01221	0.02290	0.00305	0.74198	0.00611	0.00305	0.00763
23	0.01318	0.01240	0.02093	0.73798	0.04806	0.01550	0.01938	0.01783	0.01395	0.01783	0.01240	0.01860	0.00930	0.00698	0.00698	0.00233	0.00930	0.00620	0.00310	0.00775
24	0.01527	0.01527	0.02137	0.01832	0.01832	0.02137	0.01527	0.01679	0.01069	0.01679	0.00916	0.01527	0.00916	0.01221	0.02290	0.00305	0.74198	0.00611	0.00305	0.00763
25	0.01381	0.01312	0.01857	0.01636	0.01671	0.01789	0.01346	0.01560	0.01083	0.01663	0.01179	0.01862	0.01144	0.02327	0.21699	0.00530	0.54263	0.00648	0.00324	0.00725
26	0.04854	0.10216	0.01867	0.01400	0.01825	0.01878	0.01134	0.09205	0.48759	0.05084	0.02378	0.02247	0.01795	0.00891	0.00722	0.00225	0.03113	0.00701	0.00641	0.01065
27	0.01284	0.00649	0.00656	0.00662	0.00820	0.00647	0.00494	0.01602	0.01459	0.02571	0.02335	0.05287	0.01893	0.00864	0.00503	0.00167	0.00328	0.00700	0.76432	0.00647
28	0.02607	0.03326	0.01978	0.01798	0.02157	0.72674	0.01348	0.02787	0.01978	0.01708	0.01079	0.01258	0.00899	0.00719	0.00629	0.00180	0.01258	0.00449	0.00360	0.00809
29	0.01400	0.03610	0.71860	0.01989	0.03020	0.01621	0.02578	0.02210	0.01473	0.02210	0.01252	0.01473	0.00884	0.00663	0.00663	0.00221	0.01031	0.00516	0.00295	0.01031
30	0.01736	0.01499	0.01578	0.01420	0.01815	0.01736	0.01105	0.03708	0.69862	0.02919	0.02840	0.02604	0.02130	0.00947	0.00710	0.00237	0.00552	0.00789	0.00710	0.01105
31	0.01015	0.00677	0.00761	0.00761	0.00761	0.00677	0.00423	0.01015	0.01015	0.01353	0.02199	0.04567	0.02537	0.75476	0.03552	0.00677	0.00677	0.01015	0.00423	0.00423
32	0.00957	0.00698	0.00899	0.00879	0.01031	0.00641	0.00648	0.01246	0.01859	0.02592	0.56887	0.15017	0.10926	0.01557	0.00833	0.00230	0.00341	0.01377	0.00743	0.00641
33	0.00828	0.00695	0.00719	0.00738	0.00951	0.00586	0.00544	0.00998	0.01560	0.01873	0.06688	0.14790	0.63011	0.01817	0.00833	0.00241	0.00360	0.01533	0.00648	0.00586
34	0.01212	0.00606	0.00909	0.00909	0.00909	0.00606	0.00606	0.00909	0.00909	0.01212	0.01212	0.02121	0.01212	0.02424	0.02727	0.79697	0.00606	0.00606	0.00303	0.00303
35	0.80405	0.01350	0.01026	0.00918	0.01350	0.01565	0.00756	0.02051	0.01188	0.03131	0.00972	0.01134	0.00756	0.00648	0.00432	0.00216	0.00540	0.00378	0.00432	0.00756
36	0.03131	0.01188	0.01619	0.01242	0.01781	0.01026	0.01026	0.03401	0.01997	0.71606	0.02753	0.02375	0.01727	0.00864	0.00702	0.00216	0.00594	0.00702	0.00864	0.01188
37	0.01853	0.01707	0.07242	0.11050	0.49053	0.01598	0.01994	0.05120	0.01678	0.09791	0.01472	0.01792	0.01142	0.00668	0.00691	0.00212	0.00825	0.00623	0.00409	0.01078
38	0.01629	0.01407	0.01476	0.01337	0.01713	0.01602	0.01037	0.03392	0.61889	0.02798	0.03334	0.03084	0.10154	0.01043	0.00723	0.00237	0.00529	0.00869	0.00703	0.01044
39	0.01472	0.01271	0.02074	0.16104	0.35275	0.01310	0.01635	0.01839	0.01591	0.04819	0.11322	0.11551	0.02392	0.00997	0.00745	0.00228	0.00711	0.03297	0.00465	0.00902
40	0.01015	0.00677	0.00761	0.00761	0.00761	0.00677	0.00423	0.01015	0.01015	0.01353	0.02199	0.04567	0.02537	0.75476	0.03552	0.00677	0.00677	0.01015	0.00423	0.00423
41	0.01318	0.01240	0.02093	0.73798	0.04806	0.01550	0.01938	0.01783	0.01395	0.01783	0.01240	0.01860	0.00930	0.00698	0.00698	0.00233	0.00930	0.00620	0.00310	0.00775
42	0.00971	0.00650	0.00865	0.00968	0.01050	0.00602	0.00666	0.01133	0.01470	0.04962	0.14818	0.60389	0.04815	0.02004	0.00871	0.00270	0.00401	0.01810	0.00677	0.00609
43	0.01400	0.03610	0.71860	0.01989	0.03020	0.01621	0.02578	0.02210	0.01473	0.02210	0.01252	0.01473	0.00884	0.00663	0.00663	0.00221	0.01031	0.00516	0.00295	0.01031
44	0.02609	0.03248	0.01984	0.01787	0.02158	0.68685	0.01347	0.06521	0.02051	0.01860	0.01112	0.01282	0.00915	0.00726	0.00633	0.00181	0.01231	0.00460	0.00379	0.00830
45	0.04506	0.13042	0.02250	0.03639	0.02078	0.21721	0.01346	0.20963	0.04531	0.02535	0.01263	0.01472	0.01024	0.00841	0.00956	0.00214	0.15708	0.00536	0.00448	0.00927
46	0.01959	0.01965	0.15172	0.04856	0.14293	0.04015	0.20444	0.02435	0.01663	0.18604	0.01734	0.04355	0.01300	0.00755	0.00781	0.00225	0.03241	0.00718	0.00469	0.01015

[dist]
# distance from previous block
# <min> <max>
1	2

[block]
# block no. 5 follows, 30 sequences, length 42
# corresponding to MSA columns:
# 269-310
name=unknown_F
#
# <colnr> <probs for GDERKNQSTAVLIFYWHMCP>
#	G	D	E	R	K	N	Q	S	T	A	V	L	I	F	Y	W	H	M	C	P
0	0.15246	0.35539	0.15197	0.01702	0.10126	0.07930	0.01491	0.02168	0.01454	0.02079	0.01070	0.01268	0.00895	0.00630	0.00527	0.00183	0.00814	0.00435	0.00331	0.00914
1	0.01644	0.07652	0.02555	0.07950	0.49469	0.04940	0.01819	0.02006	0.01581	0.02121	0.01966	0.02268	0.09514	0.00768	0.00685	0.00206	0.00791	0.00696	0.00377	0.00991
2	0.77252	0.01356	0.01048	0.00938	0.01368	0.01572	0.00770	0.02118	0.03940	0.03122	0.01047	0.01193	0.00811	0.00660	0.00443	0.00217	0.00540	0.00394	0.00443	0.00770
3	0.00998	0.00743	0.01097	0.01097	0.01214	0.00859	0.00842	0.01231	0.01114	0.01602	0.01891	0.02863	0.01797	0.09923	0.68093	0.01092	0.01790	0.00765	0.00377	0.00610
4	0.03054	0.01205	0.01617	0.01251	0.01783	0.01065	0.01030	0.03418	0.05759	0.67799	0.02758	0.02388	0.01750	0.00868	0.00702	0.00217	0.00591	0.00707	0.00855	0.01183
5	0.01416	0.03494	0.67337	0.02053	0.03062	0.01630	0.06985	0.02212	0.01485	0.02212	0.01263	0.01501	0.00896	0.00658	0.00674	0.00222	0.01041	0.00536	0.00299	0.01025
6	0.00992	0.00716	0.00939	0.00892	0.01056	0.00663	0.00674	0.01321	0.01963	0.02774	0.68443	0.05304	0.06496	0.01444	0.00828	0.00223	0.00340	0.03508	0.00764	0.00658
7	0.01240	0.01105	0.03236	0.01096	0.01388	0.01092	0.00870	0.02159	0.28580	0.02380	0.10567	0.10042	0.25500	0.02910	0.00842	0.00251	0.00477	0.04784	0.00668	0.00810
8	0.00845	0.00699	0.00741	0.00750	0.00960	0.00595	0.00555	0.01034	0.01611	0.01978	0.13909	0.12645	0.57736	0.01767	0.00830	0.00238	0.00355	0.01495	0.00661	0.00595
9	0.67702	0.05485	0.01232	0.00980	0.01422	0.01621	0.00814	0.02218	0.05818	0.05779	0.01168	0.01281	0.00894	0.00674	0.00462	0.00214	0.00554	0.00418	0.00460	0.00804
10	0.02388	0.03308	0.12766	0.16055	0.02564	0.01253	0.01446	0.02783	0.01779	0.42550	0.04513	0.02198	0.01581	0.00812	0.00693	0.00219	0.00725	0.00668	0.00646	0.01054
11	0.01889	0.73609	0.03604	0.01213	0.01803	0.04964	0.01199	0.02112	0.01436	0.01644	0.00974	0.01124	0.00896	0.00601	0.00453	0.00150	0.00762	0.00376	0.00300	0.00893
12	0.01457	0.12442	0.63526	0.01892	0.02870	0.01760	0.02409	0.02195	0.01467	0.02141	0.01218	0.01430	0.00885	0.00655	0.00637	0.00212	0.00996	0.00498	0.00295	0.01015
13	0.00974	0.00713	0.00914	0.00864	0.01034	0.00653	0.00648	0.01291	0.01944	0.02724	0.65558	0.05335	0.11828	0.01454	0.00823	0.00221	0.00331	0.01279	0.00758	0.00653
14	0.02784	0.01111	0.01508	0.01183	0.01662	0.00966	0.00966	0.03064	0.01994	0.60470	0.13759	0.02834	0.02513	0.00955	0.00721	0.00216	0.00551	0.00792	0.00848	0.01102
15	0.00966	0.00712	0.00902	0.00855	0.01029	0.00649	0.00641	0.01274	0.01923	0.02675	0.62163	0.05415	0.15252	0.01473	0.00823	0.00222	0.00332	0.01290	0.00752	0.00649
16	0.03003	0.01161	0.01569	0.01212	0.01735	0.01001	0.00998	0.03268	0.01975	0.67742	0.02992	0.02616	0.05558	0.00914	0.00709	0.00217	0.00580	0.00744	0.00852	0.01154
17	0.04478	0.01050	0.01355	0.01114	0.01503	0.00969	0.00892	0.04547	0.05129	0.38436	0.28380	0.03401	0.03538	0.01073	0.00740	0.00218	0.00496	0.00906	0.00803	0.00971
18	0.02653	0.01955	0.02094	0.01606	0.02164	0.02164	0.01326	0.68796	0.03281	0.04398	0.01675	0.01675	0.01187	0.00838	0.00698	0.00209	0.00768	0.00628	0.00698	0.01187
19	0.01448	0.01257	0.01536	0.03454	0.01808	0.00972	0.02599	0.01770	0.01450	0.02257	0.01245	0.01472	0.01031	0.00525	0.00531	0.00111	0.00547	0.00431	0.00409	0.75150
20	0.02292	0.01611	0.01929	0.03701	0.02056	0.01755	0.03693	0.41467	0.02612	0.11877	0.07521	0.07236	0.01904	0.00997	0.00837	0.00225	0.05780	0.00790	0.00669	0.01049
21	0.61832	0.05046	0.01339	0.01094	0.01513	0.10160	0.00895	0.04468	0.01362	0.02883	0.01007	0.01181	0.00800	0.00682	0.00535	0.00212	0.03382	0.00404	0.00422	0.00784
22	0.01735	0.01512	0.01682	0.01658	0.07584	0.01729	0.01191	0.03578	0.64179	0.02866	0.02713	0.02531	0.02045	0.00920	0.00708	0.00234	0.00575	0.00775	0.00680	0.01105
23	0.05453	0.01192	0.01602	0.01232	0.01768	0.01042	0.01018	0.03360	0.01973	0.69548	0.02700	0.02338	0.01698	0.00857	0.00694	0.00216	0.00592	0.00692	0.00851	0.01175
24	0.01527	0.01527	0.02137	0.01832	0.01832	0.02137	0.01527	0.01679	0.01069	0.01679	0.00916	0.01527	0.00916	0.01221	0.02290	0.00305	0.74198	0.00611	0.00305	0.00763
25	0.02976	0.01148	0.01564	0.01223	0.01729	0.00994	0.01000	0.03236	0.01952	0.66861	0.02827	0.07311	0.01924	0.00954	0.00715	0.00221	0.00581	0.00789	0.00849	0.01145
26	0.00849	0.00613	0.00804	0.00956	0.01008	0.00568	0.00641	0.00973	0.01351	0.01788	0.04040	0.70913	0.08598	0.02161	0.00887	0.00281	0.00402	0.01953	0.00648	0.00568
27	0.00938	0.00711	0.00864	0.00826	0.01012	0.00637	0.00619	0.01221	0.01858	0.02521	0.51411	0.05669	0.26101	0.01530	0.00824	0.00224	0.00337	0.01326	0.00732	0.00637
28	0.02607	0.03326	0.01978	0.01798	0.02157	0.72674	0.01348	0.02787	0.01978	0.01708	0.01079	0.01258	0.00899	0.00719	0.00629	0.00180	0.01258	0.00449	0.00360	0.00809
29	0.01014	0.00731	0.00888	0.00862	0.01061	0.00654	0.00658	0.01281	0.01796	0.04929	0.39386	0.08105	0.28560	0.01583	0.00831	0.00234	0.00371	0.05689	0.00717	0.00650
30	0.01866	0.75896	0.03657	0.01194	0.01791	0.02761	0.01194	0.02090	0.01418	0.01642	0.00970	0.01119	0.00896	0.00597	0.00448	0.00149	0.00746	0.00373	0.00299	0.00896
31	0.01673	0.01321	0.01527	0.01125	0.01711	0.01104	0.00902	0.11741	0.01737	0.05393	0.01462	0.04224	0.01216	0.00640	0.00565	0.00130	0.00553	0.00515	0.00483	0.61978
32	0.02793	0.00835	0.00955	0.00924	0.01139	0.00812	0.00697	0.01564	0.11847	0.02438	0.32225	0.11375	0.25298	0.01521	0.00807	0.00235	0.00388	0.02749	0.00702	0.00697
33	0.01326	0.01246	0.02045	0.58365	0.07358	0.01548	0.01819	0.01734	0.01368	0.01796	0.01388	0.06792	0.01187	0.00848	0.00870	0.00242	0.08248	0.00712	0.00334	0.00775
34	0.02203	0.01759	0.01807	0.01478	0.01949	0.04765	0.01189	0.39487	0.24497	0.03602	0.02478	0.02380	0.07325	0.00946	0.00710	0.00219	0.00684	0.00744	0.00684	0.01095
35	0.01843	0.01329	0.01456	0.01278	0.01675	0.01441	0.01003	0.05093	0.45388	0.14172	0.03492	0.03220	0.13410	0.01066	0.00727	0.00232	0.00532	0.00883	0.00725	0.01035
36	0.01028	0.00695	0.00867	0.00871	0.00925	0.00733	0.00576	0.01137	0.01096	0.01555	0.02151	0.05955	0.02288	0.44921	0.24949	0.00761	0.01014	0.00930	0.07040	0.00509
37	0.00977	0.00677	0.00756	0.00765	0.00803	0.00657	0.00452	0.01010	0.01120	0.01458	0.03027	0.08942	0.12950	0.60153	0.02988	0.00587	0.00612	0.01140	0.00470	0.00456
38	0.01048	0.00813	0.00932	0.00948	0.01159	0.00762	0.00738	0.06787	0.01707	0.02155	0.07992	0.18316	0.37857	0.01779	0.00853	0.00258	0.00453	0.14139	0.00656	0.00649
39	0.73766	0.01340	0.01115	0.07036	0.01640	0.01564	0.00855	0.02029	0.01205	0.03018	0.00994	0.01195	0.00770	0.00652	0.00454	0.00217	0.00573	0.00398	0.00422	0.00757
40	0.01263	0.00647	0.00664	0.00677	0.00830	0.00643	0.00501	0.01571	0.01453	0.02533	0.02408	0.08681	0.02026	0.00928	0.00522	0.00173	0.00332	0.00762	0.72743	0.00643
41	0.01580	0.01775	0.03840	0.02776	0.03426	0.01664	0.62885	0.02129	0.01621	0.02197	0.01616	0.08022	0.01357	0.00722	0.00829	0.00239	0.01112	0.00921	0.00378	0.00910

[dist]
# distance from previous block
# <min> <max>
6	10

[block]
# block no. 6 follows, 30 sequences, length 10
# corresponding to MSA columns:
# 321-330
name=unknown_G
#
# <colnr> <probs for GDERKNQSTAVLIFYWHMCP>
#	G	D	E	R	K	N	Q	S	T	A	V	L	I	F	Y	W	H	M	C	P
0	0.02120	0.01912	0.02407	0.01892	0.02408	0.09864	0.18107	0.23345	0.20215	0.05151	0.01945	0.02140	0.01476	0.00825	0.00733	0.00223	0.00860	0.02751	0.00580	0.01044
1	0.02201	0.01730	0.01840	0.01514	0.01992	0.01953	0.01217	0.36767	0.36045	0.03670	0.02249	0.02132	0.01651	0.00891	0.00704	0.00223	0.00662	0.00707	0.00704	0.01146
2	0.02132	0.52952	0.03106	0.01348	0.01882	0.20167	0.01222	0.02348	0.01595	0.06117	0.01111	0.01234	0.00949	0.00645	0.00509	0.00161	0.00865	0.00413	0.00350	0.00892
3	0.00970	0.00671	0.00835	0.00876	0.00907	0.00683	0.00556	0.01044	0.01114	0.01506	0.02555	0.21906	0.02922	0.45094	0.14719	0.00654	0.00813	0.01212	0.00471	0.00493
4	0.01904	0.02112	0.01878	0.04799	0.17444	0.32212	0.01327	0.02101	0.01579	0.01749	0.01409	0.02230	0.01358	0.19453	0.01466	0.00319	0.04872	0.00645	0.00367	0.00775
5	0.01381	0.01023	0.01190	0.01035	0.01309	0.01025	0.00807	0.18177	0.02246	0.03064	0.44033	0.04549	0.14730	0.01329	0.00792	0.00219	0.00443	0.01134	0.00733	0.00781
6	0.01239	0.00765	0.01206	0.19171	0.01885	0.00843	0.00940	0.01128	0.01031	0.01355	0.01219	0.02056	0.01141	0.01992	0.02219	0.59788	0.00687	0.00610	0.00305	0.00421
7	0.01828	0.06583	0.05825	0.03689	0.55453	0.10308	0.02006	0.02219	0.01620	0.02168	0.01260	0.01621	0.01058	0.00634	0.00667	0.00201	0.00885	0.00581	0.00342	0.01053
8	0.01838	0.49230	0.20556	0.01452	0.02142	0.06230	0.01557	0.06324	0.01579	0.01960	0.01091	0.01250	0.00911	0.00635	0.00527	0.00173	0.00847	0.00429	0.00326	0.00943
9	0.01438	0.00760	0.01008	0.01018	0.01180	0.00693	0.00720	0.01585	0.01469	0.19232	0.03406	0.49712	0.03682	0.09248	0.01112	0.00306	0.00480	0.01565	0.00679	0.00708

[dist]
# distance from previous block
# <min> <max>
0	37

# created by:
# /st0/software/busco_prod/Augustus/scripts/msa2prfl.pl ./align_prep/153112.fa
