[name]
unknown

[dist]
# distance from previous block
# <min> <max>
0	1018

[block]
# block no. 0 follows, 27 sequences, length 34
# corresponding to MSA columns:
# 1018-1051
name=unknown_A
#
# <colnr> <probs for GDERKNQSTAVLIFYWHMCP>
#	G	D	E	R	K	N	Q	S	T	A	V	L	I	F	Y	W	H	M	C	P
0	0.01278	0.01077	0.05258	0.01424	0.01666	0.00963	0.01295	0.04175	0.01771	0.02327	0.03694	0.07715	0.03958	0.01926	0.00995	0.00331	0.00713	0.58038	0.00664	0.00731
1	0.02612	0.07326	0.11300	0.01712	0.02375	0.02211	0.01562	0.50653	0.03030	0.07362	0.01727	0.01749	0.01226	0.00850	0.00719	0.00220	0.00843	0.00637	0.00665	0.01219
2	0.01179	0.01213	0.08551	0.01264	0.01505	0.03671	0.01085	0.01498	0.01340	0.01903	0.05903	0.05664	0.02177	0.06990	0.48593	0.00904	0.01599	0.00847	0.03405	0.00710
3	0.00985	0.00840	0.03582	0.01073	0.01209	0.00723	0.00795	0.01262	0.04821	0.02028	0.06167	0.54914	0.12509	0.02111	0.00921	0.00290	0.00464	0.03966	0.00681	0.00659
4	0.00945	0.00814	0.04342	0.01101	0.01202	0.00669	0.00812	0.01119	0.01440	0.01931	0.03947	0.67283	0.04686	0.02234	0.00938	0.00300	0.00474	0.04462	0.00670	0.00631
5	0.01737	0.01776	0.05435	0.18372	0.12649	0.07545	0.01581	0.02610	0.19360	0.02427	0.01772	0.01999	0.01377	0.00760	0.00695	0.00209	0.00807	0.00639	0.00477	0.17773
6	0.01989	0.01751	0.01742	0.04273	0.02086	0.08298	0.01230	0.03757	0.55945	0.06211	0.02775	0.02593	0.02073	0.00970	0.00746	0.00245	0.00676	0.00794	0.00712	0.01136
7	0.00914	0.00650	0.00859	0.01021	0.01062	0.00609	0.00676	0.01036	0.01402	0.01870	0.03994	0.69624	0.04787	0.06295	0.01105	0.00325	0.00447	0.02053	0.00676	0.00594
8	0.01962	0.01645	0.01850	0.10996	0.02423	0.01902	0.01336	0.14924	0.47508	0.03225	0.02572	0.02487	0.01916	0.00951	0.00751	0.00246	0.00682	0.00785	0.00696	0.01144
9	0.01760	0.02019	0.11772	0.08137	0.49443	0.01763	0.06903	0.02336	0.04219	0.02406	0.01454	0.01859	0.01172	0.00683	0.00742	0.00227	0.00932	0.00669	0.00374	0.01132
10	0.01837	0.01764	0.03013	0.04557	0.69279	0.01764	0.02278	0.02278	0.01690	0.02425	0.01396	0.01837	0.01176	0.00661	0.00735	0.00220	0.00882	0.00661	0.00367	0.01176
11	0.04646	0.02224	0.24729	0.16430	0.13699	0.01592	0.05340	0.04607	0.03785	0.02412	0.04571	0.02493	0.08563	0.00874	0.00744	0.00237	0.00896	0.00752	0.00424	0.00982
12	0.01584	0.03707	0.66529	0.02075	0.03145	0.01691	0.02657	0.02417	0.01596	0.05839	0.01415	0.01617	0.00987	0.00716	0.00707	0.00235	0.01073	0.00559	0.00345	0.01106
13	0.00999	0.00757	0.00921	0.00880	0.01078	0.00679	0.00660	0.01301	0.01980	0.02689	0.50675	0.06020	0.25398	0.01625	0.00876	0.00239	0.00358	0.01409	0.00779	0.00679
14	0.01985	0.74357	0.03890	0.01270	0.01905	0.02937	0.01270	0.02223	0.01508	0.01747	0.01032	0.01191	0.00953	0.00635	0.00476	0.00159	0.00794	0.00397	0.00318	0.00953
15	0.02337	0.01775	0.02080	0.16128	0.02777	0.02007	0.01476	0.36304	0.17414	0.06952	0.02020	0.02080	0.01459	0.00888	0.00746	0.00235	0.00792	0.00709	0.00669	0.01153
16	0.01021	0.00766	0.00843	0.00853	0.01083	0.00658	0.00639	0.01218	0.01690	0.05363	0.09008	0.16704	0.51220	0.01892	0.00887	0.00260	0.00408	0.04122	0.00705	0.00660
17	0.00877	0.00752	0.00752	0.00752	0.01003	0.00627	0.00564	0.01065	0.01692	0.02005	0.07520	0.07144	0.68978	0.01880	0.00877	0.00251	0.00376	0.01567	0.00689	0.00627
18	0.01498	0.01465	0.02249	0.65526	0.07323	0.05699	0.02033	0.01973	0.01528	0.01912	0.01312	0.01937	0.00995	0.00741	0.00738	0.00243	0.01006	0.00649	0.00334	0.00840
19	0.02075	0.66433	0.03699	0.01331	0.01949	0.06874	0.01287	0.05652	0.01647	0.01904	0.01078	0.01230	0.00969	0.00656	0.00502	0.00164	0.00827	0.00416	0.00344	0.00964
20	0.01846	0.01595	0.01679	0.01511	0.01930	0.01846	0.01175	0.03945	0.67938	0.03105	0.03022	0.02770	0.02266	0.01007	0.00755	0.00252	0.00588	0.00839	0.00755	0.01175
21	0.00900	0.00743	0.00764	0.00772	0.00986	0.00635	0.00558	0.01065	0.01613	0.01939	0.06793	0.10220	0.58665	0.09622	0.01192	0.00303	0.00416	0.01542	0.00664	0.00607
22	0.01985	0.74357	0.03890	0.01270	0.01905	0.02937	0.01270	0.02223	0.01508	0.01747	0.01032	0.01191	0.00953	0.00635	0.00476	0.00159	0.00794	0.00397	0.00318	0.00953
23	0.01799	0.01990	0.10316	0.04291	0.62084	0.01760	0.02329	0.02286	0.01677	0.02417	0.01389	0.01808	0.01150	0.00666	0.00732	0.00222	0.00905	0.00649	0.00362	0.01167
24	0.01045	0.00754	0.00987	0.00938	0.01108	0.00697	0.00700	0.01386	0.02074	0.02933	0.66281	0.08277	0.06920	0.01550	0.00878	0.00236	0.00353	0.01373	0.00812	0.00697
25	0.00920	0.00658	0.00875	0.01023	0.01080	0.00613	0.00690	0.01073	0.01494	0.02011	0.11036	0.66151	0.05134	0.02239	0.00940	0.00294	0.00422	0.02028	0.00703	0.00613
26	0.01044	0.00759	0.00983	0.00927	0.01105	0.00697	0.00695	0.01387	0.02085	0.02938	0.66419	0.05610	0.09498	0.01532	0.00876	0.00234	0.00351	0.01352	0.00812	0.00697
27	0.00904	0.00646	0.00861	0.01034	0.01077	0.00603	0.00689	0.01034	0.01421	0.01895	0.04092	0.73426	0.04910	0.02326	0.00948	0.00301	0.00431	0.02110	0.00689	0.00603
28	0.01402	0.01319	0.02227	0.72126	0.05113	0.01649	0.02062	0.01897	0.01484	0.01897	0.01319	0.01979	0.00990	0.00742	0.00742	0.00247	0.00990	0.00660	0.00330	0.00825
29	0.01069	0.00715	0.00813	0.00823	0.00826	0.00713	0.00464	0.01077	0.01101	0.01467	0.02446	0.09058	0.02834	0.69525	0.03605	0.00694	0.00702	0.01143	0.00464	0.00459
30	0.79154	0.01436	0.01091	0.00976	0.01436	0.01665	0.00804	0.02182	0.01263	0.03331	0.01034	0.01206	0.00804	0.00689	0.00459	0.00230	0.00574	0.00402	0.00459	0.00804
31	0.01381	0.01292	0.02170	0.69179	0.04946	0.01606	0.02005	0.01861	0.01482	0.01897	0.01434	0.04941	0.01152	0.00808	0.00751	0.00250	0.00966	0.00720	0.00345	0.00815
32	0.05123	0.01582	0.04331	0.01380	0.01895	0.01532	0.01161	0.28251	0.02516	0.25042	0.05102	0.02626	0.05691	0.03208	0.00821	0.00239	0.00676	0.00773	0.06940	0.01112
33	0.02630	0.04066	0.02205	0.01763	0.04789	0.02175	0.01400	0.52124	0.09970	0.06346	0.01969	0.02073	0.01455	0.00919	0.00744	0.00227	0.00785	0.02413	0.00721	0.01225

[dist]
# distance from previous block
# <min> <max>
0	2

[block]
# block no. 1 follows, 27 sequences, length 115
# corresponding to MSA columns:
# 1054-1168
name=unknown_B
#
# <colnr> <probs for GDERKNQSTAVLIFYWHMCP>
#	G	D	E	R	K	N	Q	S	T	A	V	L	I	F	Y	W	H	M	C	P
0	0.01324	0.04356	0.01245	0.01076	0.01313	0.03599	0.00818	0.01826	0.09967	0.05724	0.37121	0.15423	0.10304	0.01514	0.00840	0.00242	0.00465	0.01315	0.00745	0.00781
1	0.01495	0.00799	0.00811	0.00770	0.00976	0.00816	0.00588	0.06754	0.01706	0.02915	0.02372	0.02692	0.01853	0.00867	0.00536	0.00177	0.00382	0.00690	0.72065	0.00736
2	0.00904	0.00646	0.00861	0.01034	0.01077	0.00603	0.00689	0.01034	0.01421	0.01895	0.04092	0.73426	0.04910	0.02326	0.00948	0.00301	0.00431	0.02110	0.00689	0.00603
3	0.01596	0.01716	0.03409	0.02565	0.03054	0.01762	0.43174	0.02050	0.01576	0.02183	0.01793	0.12916	0.01678	0.01025	0.01206	0.00273	0.15690	0.01020	0.00413	0.00901
4	0.01051	0.00862	0.01299	0.01302	0.01397	0.00888	0.06086	0.01224	0.01417	0.01922	0.03542	0.59825	0.04175	0.02077	0.01105	0.00300	0.08394	0.01851	0.00624	0.00658
5	0.01985	0.74357	0.03890	0.01270	0.01905	0.02937	0.01270	0.02223	0.01508	0.01747	0.01032	0.01191	0.00953	0.00635	0.00476	0.00159	0.00794	0.00397	0.00318	0.00953
6	0.01916	0.56050	0.11290	0.01498	0.02131	0.04824	0.03456	0.02230	0.01511	0.01840	0.01080	0.01298	0.00958	0.00700	0.00678	0.00185	0.06625	0.00452	0.00321	0.00957
7	0.01000	0.00770	0.00821	0.00806	0.01054	0.00652	0.00605	0.01205	0.01736	0.05011	0.12850	0.09872	0.57371	0.01826	0.00875	0.00251	0.00387	0.01536	0.00711	0.00660
8	0.00904	0.00646	0.00861	0.01034	0.01077	0.00603	0.00689	0.01034	0.01421	0.01895	0.04092	0.73426	0.04910	0.02326	0.00948	0.00301	0.00431	0.02110	0.00689	0.00603
9	0.05148	0.03902	0.04354	0.01401	0.01895	0.04675	0.01183	0.19888	0.02242	0.27305	0.02181	0.02224	0.01554	0.01537	0.10701	0.00357	0.00905	0.00686	0.06780	0.01082
10	0.01837	0.01764	0.03013	0.04557	0.69279	0.01764	0.02278	0.02278	0.01690	0.02425	0.01396	0.01837	0.01176	0.00661	0.00735	0.00220	0.00882	0.00661	0.00367	0.01176
11	0.02750	0.01851	0.02035	0.01587	0.02145	0.02006	0.01302	0.48616	0.09049	0.14460	0.02098	0.02028	0.01469	0.00905	0.00735	0.00224	0.00748	0.00697	0.04064	0.01230
12	0.02669	0.01293	0.04103	0.01283	0.01780	0.01105	0.01079	0.07496	0.02195	0.46369	0.18911	0.03177	0.03027	0.01055	0.00776	0.00230	0.00593	0.00879	0.00859	0.01120
13	0.01441	0.01353	0.02246	0.65991	0.08266	0.01663	0.02039	0.01994	0.04024	0.01970	0.01388	0.02002	0.01048	0.00748	0.00742	0.00246	0.00969	0.00667	0.00348	0.00856
14	0.01702	0.34114	0.41655	0.01753	0.02652	0.02245	0.02111	0.02296	0.01542	0.02092	0.01203	0.01406	0.00946	0.00675	0.00607	0.00202	0.00967	0.00483	0.00315	0.01035
15	0.01051	0.00759	0.00992	0.00934	0.01109	0.00700	0.00700	0.01401	0.02101	0.02977	0.68888	0.05545	0.07005	0.01518	0.00876	0.00233	0.00350	0.01343	0.00817	0.00700
16	0.02822	0.02079	0.02228	0.01708	0.02302	0.02302	0.01411	0.66804	0.03490	0.04679	0.01782	0.01782	0.01262	0.00891	0.00743	0.00223	0.00817	0.00668	0.00743	0.01262
17	0.01795	0.01721	0.02937	0.11117	0.63049	0.01753	0.02257	0.02241	0.01670	0.02374	0.01389	0.01851	0.01158	0.00669	0.00736	0.00223	0.00892	0.00661	0.00364	0.01142
18	0.01080	0.00720	0.00810	0.00810	0.00810	0.00720	0.00450	0.01080	0.01080	0.01439	0.02339	0.04858	0.02699	0.73910	0.03779	0.00720	0.00720	0.01080	0.00450	0.00450
19	0.03230	0.01286	0.01720	0.01334	0.01897	0.01142	0.01097	0.03640	0.06594	0.65265	0.02935	0.02543	0.01867	0.00925	0.00747	0.00231	0.00629	0.00753	0.00908	0.01257
20	0.02078	0.03944	0.05143	0.04288	0.09532	0.04841	0.01436	0.11420	0.38177	0.07437	0.02408	0.02338	0.01793	0.00905	0.00736	0.00237	0.00727	0.00744	0.00658	0.01156
21	0.01017	0.00758	0.00945	0.00898	0.01088	0.00686	0.00674	0.01335	0.02021	0.02787	0.56875	0.05858	0.19136	0.01589	0.00876	0.00237	0.00355	0.01386	0.00792	0.00686
22	0.03233	0.01242	0.01691	0.01304	0.01861	0.01074	0.01074	0.03522	0.02124	0.66915	0.05770	0.02657	0.02060	0.00945	0.00752	0.00230	0.00620	0.00772	0.00914	0.01239
23	0.00904	0.00646	0.00861	0.01034	0.01077	0.00603	0.00689	0.01034	0.01421	0.01895	0.04092	0.73426	0.04910	0.02326	0.00948	0.00301	0.00431	0.02110	0.00689	0.00603
24	0.01051	0.00759	0.00992	0.00934	0.01109	0.00700	0.00700	0.01401	0.02101	0.02977	0.68888	0.05545	0.07005	0.01518	0.00876	0.00233	0.00350	0.01343	0.00817	0.00700
25	0.01985	0.74357	0.03890	0.01270	0.01905	0.02937	0.01270	0.02223	0.01508	0.01747	0.01032	0.01191	0.00953	0.00635	0.00476	0.00159	0.00794	0.00397	0.00318	0.00953
26	0.00987	0.00765	0.00905	0.00894	0.01102	0.00682	0.00686	0.01265	0.01884	0.02477	0.35730	0.06514	0.34172	0.01727	0.00890	0.00251	0.00392	0.07261	0.00748	0.00666
27	0.01962	0.71108	0.06939	0.01309	0.01966	0.02882	0.01338	0.02229	0.01511	0.01774	0.01046	0.01208	0.00952	0.00638	0.00487	0.00162	0.00808	0.00404	0.00317	0.00959
28	0.02761	0.02161	0.05353	0.01727	0.02344	0.02276	0.01472	0.63834	0.03402	0.04571	0.01762	0.01772	0.01248	0.00883	0.00741	0.00223	0.00830	0.00663	0.00723	0.01255
29	0.05148	0.14030	0.48405	0.01810	0.02754	0.01813	0.02200	0.02264	0.01541	0.02314	0.01272	0.01491	0.00956	0.00675	0.00640	0.00208	0.00959	0.00505	0.00337	0.10680
30	0.01849	0.53541	0.20871	0.01557	0.02315	0.02586	0.04121	0.02262	0.01533	0.01925	0.01127	0.01318	0.00956	0.00653	0.00550	0.00182	0.00889	0.00454	0.00319	0.00992
31	0.01074	0.00778	0.00942	0.00902	0.01117	0.00695	0.00687	0.01365	0.01943	0.04870	0.42578	0.06119	0.28232	0.01646	0.00878	0.00244	0.00383	0.04082	0.00771	0.00693
32	0.01731	0.01931	0.04076	0.07305	0.07954	0.01873	0.55933	0.02318	0.01706	0.02327	0.01462	0.01975	0.01115	0.00664	0.00926	0.00251	0.04250	0.00840	0.00370	0.00994
33	0.01051	0.00759	0.00992	0.00934	0.01109	0.00700	0.00700	0.01401	0.02101	0.02977	0.68888	0.05545	0.07005	0.01518	0.00876	0.00233	0.00350	0.01343	0.00817	0.00700
34	0.01061	0.00795	0.01193	0.01193	0.01326	0.00928	0.00928	0.01326	0.01193	0.01723	0.01988	0.02916	0.01856	0.05568	0.70968	0.01193	0.01988	0.00795	0.00398	0.00663
35	0.01201	0.00786	0.01026	0.00965	0.01161	0.00718	0.00724	0.01520	0.02025	0.07843	0.55680	0.11668	0.08712	0.01561	0.00873	0.00240	0.00380	0.01377	0.00808	0.00731
36	0.01948	0.01984	0.02867	0.04111	0.57947	0.10592	0.02144	0.02345	0.01720	0.02321	0.01347	0.01765	0.01140	0.00701	0.00797	0.00221	0.03924	0.00638	0.00368	0.01121
37	0.01061	0.00795	0.01193	0.01193	0.01326	0.00928	0.00928	0.01326	0.01193	0.01723	0.01988	0.02916	0.01856	0.05568	0.70968	0.01193	0.01988	0.00795	0.00398	0.00663
38	0.01080	0.00720	0.00810	0.00810	0.00810	0.00720	0.00450	0.01080	0.01080	0.01439	0.02339	0.04858	0.02699	0.73910	0.03779	0.00720	0.00720	0.01080	0.00450	0.00450
39	0.01985	0.74357	0.03890	0.01270	0.01905	0.02937	0.01270	0.02223	0.01508	0.01747	0.01032	0.01191	0.00953	0.00635	0.00476	0.00159	0.00794	0.00397	0.00318	0.00953
40	0.00877	0.00752	0.00752	0.00752	0.01003	0.00627	0.00564	0.01065	0.01692	0.02005	0.07520	0.07144	0.68978	0.01880	0.00877	0.00251	0.00376	0.01567	0.00689	0.00627
41	0.01846	0.01595	0.01679	0.01511	0.01930	0.01846	0.01175	0.03945	0.67938	0.03105	0.03022	0.02770	0.02266	0.01007	0.00755	0.00252	0.00588	0.00839	0.00755	0.01175
42	0.00937	0.00660	0.00852	0.00992	0.01027	0.00625	0.00645	0.01042	0.01358	0.01810	0.03765	0.60660	0.04498	0.15653	0.01475	0.00379	0.00485	0.01919	0.00645	0.00574
43	0.01063	0.00801	0.00874	0.00852	0.01066	0.00722	0.00618	0.01333	0.04730	0.04504	0.14111	0.09284	0.42819	0.12394	0.01298	0.00319	0.00445	0.01428	0.00682	0.00657
44	0.01539	0.01319	0.01539	0.01100	0.01759	0.00990	0.00880	0.01869	0.01539	0.02419	0.01319	0.01539	0.01100	0.00550	0.00550	0.00110	0.00550	0.00440	0.00440	0.78449
45	0.02822	0.02079	0.02228	0.01708	0.02302	0.02302	0.01411	0.66804	0.03490	0.04679	0.01782	0.01782	0.01262	0.00891	0.00743	0.00223	0.00817	0.00668	0.00743	0.01262
46	0.01812	0.01565	0.01646	0.01484	0.01897	0.01803	0.01153	0.03842	0.65582	0.03066	0.03182	0.02925	0.04639	0.01038	0.00760	0.00252	0.00580	0.00865	0.00753	0.01156
47	0.00996	0.00757	0.00917	0.00877	0.01076	0.00677	0.00658	0.01296	0.01973	0.02672	0.49637	0.06047	0.26446	0.01631	0.00876	0.00239	0.00358	0.01413	0.00777	0.00677
48	0.01080	0.00720	0.00810	0.00810	0.00810	0.00720	0.00450	0.01080	0.01080	0.01439	0.02339	0.04858	0.02699	0.73910	0.03779	0.00720	0.00720	0.01080	0.00450	0.00450
49	0.01080	0.00720	0.00810	0.00810	0.00810	0.00720	0.00450	0.01080	0.01080	0.01439	0.02339	0.04858	0.02699	0.73910	0.03779	0.00720	0.00720	0.01080	0.00450	0.00450
50	0.01080	0.00720	0.00810	0.00810	0.00810	0.00720	0.00450	0.01080	0.01080	0.01439	0.02339	0.04858	0.02699	0.73910	0.03779	0.00720	0.00720	0.01080	0.00450	0.00450
51	0.02773	0.03538	0.02104	0.01913	0.02295	0.70930	0.01434	0.02964	0.02104	0.01817	0.01148	0.01339	0.00956	0.00765	0.00669	0.00191	0.01339	0.00478	0.00383	0.00861
52	0.03331	0.01263	0.01723	0.01321	0.01895	0.01091	0.01091	0.03618	0.02125	0.69794	0.02929	0.02527	0.01838	0.00919	0.00747	0.00230	0.00632	0.00747	0.00919	0.01263
53	0.01624	0.01624	0.02274	0.01949	0.01949	0.02274	0.01624	0.01787	0.01137	0.01787	0.00975	0.01624	0.00975	0.01299	0.02436	0.00325	0.72552	0.00650	0.00325	0.00812
54	0.01624	0.01624	0.02274	0.01949	0.01949	0.02274	0.01624	0.01787	0.01137	0.01787	0.00975	0.01624	0.00975	0.01299	0.02436	0.00325	0.72552	0.00650	0.00325	0.00812
55	0.01196	0.00854	0.01196	0.01367	0.01538	0.00854	0.01196	0.01538	0.01709	0.02222	0.03931	0.08374	0.04272	0.02051	0.01025	0.00342	0.00684	0.64283	0.00684	0.00684
56	0.01837	0.01764	0.03013	0.04557	0.69279	0.01764	0.02278	0.02278	0.01690	0.02425	0.01396	0.01837	0.01176	0.00661	0.00735	0.00220	0.00882	0.00661	0.00367	0.01176
57	0.01140	0.00814	0.01132	0.01303	0.01449	0.00806	0.01098	0.01441	0.01653	0.02159	0.03962	0.20953	0.04396	0.02104	0.01010	0.00334	0.00635	0.52261	0.00685	0.00668
58	0.01985	0.74357	0.03890	0.01270	0.01905	0.02937	0.01270	0.02223	0.01508	0.01747	0.01032	0.01191	0.00953	0.00635	0.00476	0.00159	0.00794	0.00397	0.00318	0.00953
59	0.02681	0.01976	0.02145	0.01667	0.02224	0.02192	0.01372	0.61543	0.03306	0.04441	0.01799	0.01873	0.01310	0.01267	0.06385	0.00301	0.00911	0.00679	0.00715	0.01214
60	0.79154	0.01436	0.01091	0.00976	0.01436	0.01665	0.00804	0.02182	0.01263	0.03331	0.01034	0.01206	0.00804	0.00689	0.00459	0.00230	0.00574	0.00402	0.00459	0.00804
61	0.02131	0.01736	0.01839	0.01568	0.02039	0.01980	0.01244	0.22299	0.49120	0.03565	0.02660	0.02481	0.01973	0.00973	0.00752	0.00243	0.00654	0.00789	0.00752	0.01201
62	0.03248	0.01266	0.01714	0.01311	0.01889	0.01086	0.01081	0.03537	0.02098	0.66668	0.02854	0.02481	0.01803	0.00902	0.00737	0.00224	0.00628	0.00732	0.00897	0.04844
63	0.01985	0.74357	0.03890	0.01270	0.01905	0.02937	0.01270	0.02223	0.01508	0.01747	0.01032	0.01191	0.00953	0.00635	0.00476	0.00159	0.00794	0.00397	0.00318	0.00953
64	0.01663	0.01689	0.02268	0.01948	0.01961	0.04601	0.01618	0.01827	0.01170	0.01788	0.00980	0.01614	0.00974	0.01281	0.02376	0.00320	0.70138	0.00644	0.00327	0.00814
65	0.01846	0.01595	0.01679	0.01511	0.01930	0.01846	0.01175	0.03945	0.67938	0.03105	0.03022	0.02770	0.02266	0.01007	0.00755	0.00252	0.00588	0.00839	0.00755	0.01175
66	0.01837	0.01764	0.03013	0.04557	0.69279	0.01764	0.02278	0.02278	0.01690	0.02425	0.01396	0.01837	0.01176	0.00661	0.00735	0.00220	0.00882	0.00661	0.00367	0.01176
67	0.01289	0.00645	0.00967	0.00967	0.00967	0.00645	0.00645	0.00967	0.00967	0.01289	0.01289	0.02257	0.01289	0.02579	0.02901	0.78401	0.00645	0.00645	0.00322	0.00322
68	0.00988	0.00756	0.00905	0.00868	0.01070	0.00674	0.00651	0.01279	0.01953	0.02624	0.46592	0.06126	0.29520	0.01649	0.00876	0.00240	0.00360	0.01424	0.00771	0.00674
69	0.79154	0.01436	0.01091	0.00976	0.01436	0.01665	0.00804	0.02182	0.01263	0.03331	0.01034	0.01206	0.00804	0.00689	0.00459	0.00230	0.00574	0.00402	0.00459	0.00804
70	0.03114	0.01418	0.04913	0.01490	0.04509	0.01184	0.01216	0.03526	0.05441	0.60738	0.02802	0.02469	0.01793	0.00904	0.00745	0.00231	0.00660	0.00739	0.00862	0.01248
71	0.01080	0.00720	0.00810	0.00810	0.00810	0.00720	0.00450	0.01080	0.01080	0.01439	0.02339	0.04858	0.02699	0.73910	0.03779	0.00720	0.00720	0.01080	0.00450	0.00450
72	0.01587	0.03835	0.02675	0.05025	0.02440	0.01998	0.17119	0.01872	0.01321	0.01919	0.01327	0.04608	0.01263	0.04371	0.04254	0.00344	0.42074	0.00775	0.00359	0.00834
73	0.01600	0.01817	0.11958	0.20412	0.16522	0.01611	0.06639	0.07340	0.07601	0.02451	0.02502	0.02751	0.11742	0.00924	0.00768	0.00239	0.00858	0.00818	0.00465	0.00983
74	0.01837	0.01764	0.03013	0.04557	0.69279	0.01764	0.02278	0.02278	0.01690	0.02425	0.01396	0.01837	0.01176	0.00661	0.00735	0.00220	0.00882	0.00661	0.00367	0.01176
75	0.01752	0.02003	0.04380	0.03129	0.03880	0.01877	0.66583	0.02378	0.01752	0.02378	0.01502	0.02003	0.01126	0.00626	0.00876	0.00250	0.01252	0.00876	0.00375	0.01001
76	0.02018	0.71340	0.03814	0.01298	0.01922	0.05834	0.01277	0.02255	0.01534	0.01750	0.01037	0.01197	0.00953	0.00641	0.00485	0.00160	0.00817	0.00400	0.00320	0.00949
77	0.01072	0.00716	0.00812	0.00820	0.00822	0.00714	0.00461	0.01077	0.01095	0.01460	0.02420	0.08012	0.02801	0.70618	0.03648	0.00700	0.00706	0.01127	0.00461	0.00457
78	0.00886	0.00752	0.00764	0.00761	0.01008	0.00630	0.00571	0.01083	0.01713	0.02055	0.10652	0.07063	0.65816	0.01862	0.00877	0.00250	0.00375	0.01555	0.00696	0.00630
79	0.02014	0.71757	0.03825	0.01294	0.01920	0.05434	0.01276	0.02250	0.01530	0.01749	0.01036	0.01196	0.00953	0.00640	0.00483	0.00160	0.00814	0.00400	0.00320	0.00949
80	0.01051	0.00759	0.00992	0.00934	0.01109	0.00700	0.00700	0.01401	0.02101	0.02977	0.68888	0.05545	0.07005	0.01518	0.00876	0.00233	0.00350	0.01343	0.00817	0.00700
81	0.01051	0.00759	0.00992	0.00934	0.01109	0.00700	0.00700	0.01401	0.02101	0.02977	0.68888	0.05545	0.07005	0.01518	0.00876	0.00233	0.00350	0.01343	0.00817	0.00700
82	0.01489	0.03840	0.70064	0.02116	0.03213	0.01724	0.02743	0.02351	0.01567	0.02351	0.01332	0.01567	0.00940	0.00705	0.00705	0.00235	0.01097	0.00549	0.00313	0.01097
83	0.02824	0.01454	0.06781	0.01371	0.01932	0.01196	0.01192	0.03376	0.09960	0.51150	0.08351	0.02737	0.02255	0.00964	0.00755	0.00233	0.00638	0.00793	0.00845	0.01193
84	0.00877	0.00752	0.00752	0.00752	0.01003	0.00627	0.00564	0.01065	0.01692	0.02005	0.07520	0.07144	0.68978	0.01880	0.00877	0.00251	0.00376	0.01567	0.00689	0.00627
85	0.01074	0.00743	0.00930	0.00930	0.00971	0.00785	0.00599	0.01156	0.01115	0.01528	0.02229	0.04251	0.02435	0.52546	0.24783	0.00868	0.01116	0.00991	0.00434	0.00516
86	0.01402	0.01319	0.02227	0.72126	0.05113	0.01649	0.02062	0.01897	0.01484	0.01897	0.01319	0.01979	0.00990	0.00742	0.00742	0.00247	0.00990	0.00660	0.00330	0.00825
87	0.79154	0.01436	0.01091	0.00976	0.01436	0.01665	0.00804	0.02182	0.01263	0.03331	0.01034	0.01206	0.00804	0.00689	0.00459	0.00230	0.00574	0.00402	0.00459	0.00804
88	0.03331	0.01263	0.01723	0.01321	0.01895	0.01091	0.01091	0.03618	0.02125	0.69794	0.02929	0.02527	0.01838	0.00919	0.00747	0.00230	0.00632	0.00747	0.00919	0.01263
89	0.01196	0.00854	0.01196	0.01367	0.01538	0.00854	0.01196	0.01538	0.01709	0.02222	0.03931	0.08374	0.04272	0.02051	0.01025	0.00342	0.00684	0.64283	0.00684	0.00684
90	0.01878	0.01840	0.02974	0.04443	0.66402	0.04735	0.02242	0.02308	0.01708	0.02399	0.01386	0.01816	0.01166	0.00666	0.00732	0.00219	0.00902	0.00654	0.00368	0.01162
91	0.79154	0.01436	0.01091	0.00976	0.01436	0.01665	0.00804	0.02182	0.01263	0.03331	0.01034	0.01206	0.00804	0.00689	0.00459	0.00230	0.00574	0.00402	0.00459	0.00804
92	0.01837	0.01764	0.03013	0.04557	0.69279	0.01764	0.02278	0.02278	0.01690	0.02425	0.01396	0.01837	0.01176	0.00661	0.00735	0.00220	0.00882	0.00661	0.00367	0.01176
93	0.00959	0.00685	0.00924	0.01096	0.01163	0.00650	0.00784	0.01128	0.01475	0.01956	0.04062	0.61290	0.04791	0.02274	0.00962	0.00309	0.00478	0.13709	0.00688	0.00618
94	0.00877	0.00752	0.00752	0.00752	0.01003	0.00627	0.00564	0.01065	0.01692	0.02005	0.07520	0.07144	0.68978	0.01880	0.00877	0.00251	0.00376	0.01567	0.00689	0.00627
95	0.01051	0.00759	0.00992	0.00934	0.01109	0.00700	0.00700	0.01401	0.02101	0.02977	0.68888	0.05545	0.07005	0.01518	0.00876	0.00233	0.00350	0.01343	0.00817	0.00700
96	0.02297	0.02483	0.02352	0.02070	0.05462	0.29367	0.08580	0.10940	0.14705	0.02510	0.01614	0.01802	0.01277	0.00877	0.00950	0.00232	0.10351	0.00646	0.00490	0.00995
97	0.01499	0.00803	0.00815	0.00774	0.00980	0.00821	0.00591	0.06958	0.01712	0.02921	0.02370	0.02689	0.01851	0.00867	0.00537	0.00177	0.00384	0.00690	0.71822	0.00738
98	0.01539	0.01319	0.01539	0.01100	0.01759	0.00990	0.00880	0.01869	0.01539	0.02419	0.01319	0.01539	0.01100	0.00550	0.00550	0.00110	0.00550	0.00440	0.00440	0.78449
99	0.00907	0.00663	0.00854	0.00997	0.01069	0.00609	0.00675	0.01051	0.01479	0.01949	0.06960	0.63058	0.12514	0.02243	0.00937	0.00293	0.00421	0.02017	0.00694	0.00609
100	0.01539	0.01319	0.01539	0.01100	0.01759	0.00990	0.00880	0.01869	0.01539	0.02419	0.01319	0.01539	0.01100	0.00550	0.00550	0.00110	0.00550	0.00440	0.00440	0.78449
101	0.01604	0.01384	0.01700	0.01219	0.01880	0.01087	0.03925	0.04690	0.01633	0.02515	0.01348	0.01571	0.01108	0.00568	0.00573	0.00121	0.00594	0.00470	0.00450	0.71561
102	0.01527	0.09302	0.64939	0.02050	0.03112	0.01818	0.02629	0.02341	0.01563	0.02304	0.01309	0.01538	0.00941	0.00700	0.00688	0.00229	0.01074	0.00537	0.00314	0.01086
103	0.01417	0.01349	0.02318	0.69187	0.05060	0.01659	0.04810	0.01917	0.01496	0.01917	0.01327	0.01980	0.00995	0.00737	0.00748	0.00248	0.01001	0.00669	0.00332	0.00832
104	0.00879	0.00747	0.00757	0.00765	0.01006	0.00626	0.00570	0.01064	0.01680	0.02000	0.07361	0.10219	0.66006	0.01901	0.00881	0.00253	0.00379	0.01592	0.00689	0.00626
105	0.01539	0.01319	0.01539	0.01100	0.01759	0.00990	0.00880	0.01869	0.01539	0.02419	0.01319	0.01539	0.01100	0.00550	0.00550	0.00110	0.00550	0.00440	0.00440	0.78449
106	0.01862	0.01824	0.02948	0.06732	0.64253	0.04706	0.02235	0.02295	0.01701	0.02381	0.01383	0.01821	0.01160	0.00669	0.00732	0.00220	0.00905	0.00654	0.00367	0.01151
107	0.01067	0.00770	0.01067	0.01067	0.01156	0.00859	0.00771	0.01245	0.01156	0.01630	0.02104	0.03555	0.02133	0.28058	0.48857	0.01037	0.01571	0.00889	0.00415	0.00593
108	0.01739	0.02096	0.07732	0.03077	0.03846	0.01870	0.63326	0.02377	0.01743	0.02377	0.01493	0.01980	0.01117	0.00630	0.00867	0.00250	0.01244	0.00859	0.00372	0.01006
109	0.00902	0.00655	0.00853	0.01011	0.01071	0.00605	0.00679	0.01036	0.01443	0.01904	0.04367	0.68101	0.10057	0.02290	0.00942	0.00297	0.00426	0.02067	0.00689	0.00605
110	0.00916	0.00656	0.00880	0.01037	0.01088	0.00620	0.00699	0.01059	0.01435	0.01926	0.06255	0.68132	0.04856	0.02433	0.03860	0.00336	0.00493	0.02029	0.00681	0.00609
111	0.01055	0.00783	0.01147	0.01154	0.01271	0.00896	0.00877	0.01292	0.01193	0.01707	0.02108	0.06108	0.02058	0.11185	0.62301	0.01115	0.01815	0.00876	0.00415	0.00642
112	0.05126	0.01717	0.02873	0.09391	0.61628	0.01751	0.02199	0.02246	0.01657	0.02425	0.01375	0.01821	0.01146	0.00669	0.00724	0.00223	0.00877	0.00650	0.00369	0.01134
113	0.02019	0.67618	0.03704	0.01313	0.01926	0.06360	0.01275	0.02335	0.04392	0.01809	0.01123	0.01266	0.01009	0.00658	0.00498	0.00164	0.00813	0.00420	0.00340	0.00958
114	0.01047	0.00761	0.00982	0.00974	0.01138	0.00708	0.00739	0.01352	0.01928	0.02665	0.48705	0.10578	0.11087	0.05024	0.01034	0.00275	0.00416	0.09149	0.00765	0.00674

[dist]
# distance from previous block
# <min> <max>
0	39

# created by:
# /st0/software/busco_prod/Augustus/scripts/msa2prfl.pl ./align_prep/153231.fa
