[name]
unknown

[dist]
# distance from previous block
# <min> <max>
5	52

[block]
# block no. 0 follows, 21 sequences, length 16
# corresponding to MSA columns:
# 57-72
name=unknown_A
#
# <colnr> <probs for GDERKNQSTAVLIFYWHMCP>
#	G	D	E	R	K	N	Q	S	T	A	V	L	I	F	Y	W	H	M	C	P
0	0.38761	0.01766	0.06516	0.11461	0.05439	0.01732	0.01430	0.02689	0.01765	0.13746	0.05885	0.02168	0.01661	0.00907	0.00698	0.00267	0.00785	0.00670	0.00603	0.01051
1	0.12635	0.01618	0.01731	0.01589	0.03538	0.06755	0.01219	0.07819	0.07279	0.07994	0.05026	0.02705	0.02019	0.02655	0.20998	0.00593	0.04184	0.00797	0.03989	0.04858
2	0.05038	0.01081	0.01304	0.01262	0.01454	0.01133	0.00921	0.06029	0.04527	0.04799	0.12933	0.23862	0.07331	0.13257	0.07677	0.00487	0.03847	0.01516	0.00723	0.00819
3	0.02057	0.01806	0.02442	0.01860	0.02477	0.01771	0.10563	0.11712	0.10294	0.03147	0.01912	0.02284	0.01555	0.04450	0.01139	0.00251	0.06915	0.00743	0.00583	0.32039
4	0.02459	0.01839	0.02171	0.07651	0.05244	0.02020	0.01527	0.36517	0.03036	0.04103	0.02536	0.11556	0.02263	0.01556	0.04041	0.00329	0.00928	0.04905	0.04126	0.01193
5	0.02091	0.01955	0.02697	0.08593	0.35831	0.08102	0.02015	0.02701	0.07922	0.04835	0.06434	0.02803	0.02090	0.06939	0.01154	0.00307	0.00969	0.00859	0.00530	0.01173
6	0.02341	0.01514	0.01691	0.01415	0.01782	0.01599	0.01059	0.21876	0.08233	0.11721	0.02642	0.03713	0.02331	0.28348	0.02217	0.00482	0.00814	0.00985	0.04200	0.01039
7	0.01754	0.07435	0.02333	0.11515	0.02753	0.01689	0.06994	0.07860	0.02064	0.02704	0.03079	0.05938	0.03121	0.01661	0.01127	0.00334	0.05141	0.30919	0.00637	0.00941
8	0.02163	0.03181	0.35185	0.08068	0.08787	0.01996	0.02498	0.10221	0.07651	0.09170	0.01948	0.02125	0.01388	0.00889	0.00830	0.00269	0.01082	0.00720	0.00540	0.01289
9	0.01326	0.01037	0.01409	0.06058	0.07786	0.01034	0.01084	0.05069	0.01808	0.02394	0.04277	0.42149	0.10917	0.07964	0.01301	0.00362	0.00635	0.01876	0.00707	0.00806
10	0.01912	0.01676	0.02461	0.28824	0.16489	0.01844	0.01961	0.09701	0.07290	0.02862	0.02072	0.08794	0.01791	0.01036	0.00854	0.00266	0.00938	0.00915	0.00538	0.07775
11	0.01771	0.01246	0.01926	0.01580	0.01888	0.01192	0.09872	0.07431	0.01622	0.02236	0.01574	0.02367	0.01415	0.02088	0.02337	0.45576	0.00845	0.00746	0.00446	0.11843
12	0.08971	0.01616	0.01787	0.01615	0.05814	0.07595	0.01187	0.02873	0.02186	0.24919	0.15171	0.03400	0.06285	0.01131	0.00823	0.00241	0.00721	0.00922	0.00790	0.11953
13	0.02271	0.01713	0.02221	0.14675	0.08482	0.01901	0.01642	0.17475	0.14398	0.08854	0.06507	0.02836	0.02186	0.01698	0.08921	0.00405	0.01039	0.00879	0.00700	0.01195
14	0.07025	0.01675	0.02167	0.17332	0.10547	0.01807	0.01621	0.18874	0.02489	0.03485	0.11572	0.03231	0.07945	0.01119	0.00851	0.00259	0.00830	0.00933	0.00654	0.05584
15	0.02082	0.01725	0.02402	0.30129	0.12330	0.03926	0.01881	0.10818	0.02096	0.06667	0.01814	0.02469	0.01458	0.07068	0.01135	0.00303	0.00992	0.00772	0.00522	0.09410

[dist]
# distance from previous block
# <min> <max>
2	25

[block]
# block no. 1 follows, 21 sequences, length 16
# corresponding to MSA columns:
# 98-113
name=unknown_B
#
# <colnr> <probs for GDERKNQSTAVLIFYWHMCP>
#	G	D	E	R	K	N	Q	S	T	A	V	L	I	F	Y	W	H	M	C	P
0	0.05942	0.01488	0.02156	0.14793	0.19176	0.01524	0.01649	0.02305	0.06023	0.05132	0.02420	0.15857	0.02330	0.04396	0.01010	0.00290	0.00815	0.01081	0.00565	0.11048
1	0.01875	0.01662	0.02263	0.12421	0.02926	0.01513	0.07108	0.05946	0.06178	0.02881	0.01700	0.02012	0.01347	0.00734	0.00732	0.00186	0.00811	0.00641	0.00522	0.46541
2	0.02036	0.01582	0.02108	0.25555	0.03447	0.01696	0.01619	0.09149	0.11671	0.08340	0.02325	0.08454	0.01915	0.01057	0.00832	0.00254	0.00848	0.00900	0.00627	0.15585
3	0.01987	0.01572	0.01921	0.05712	0.06768	0.01556	0.01328	0.19355	0.02454	0.03376	0.05724	0.14405	0.07168	0.01352	0.00870	0.00250	0.00736	0.03740	0.00694	0.19032
4	0.01292	0.01019	0.01223	0.01136	0.01460	0.00867	0.00857	0.01575	0.01882	0.02587	0.15334	0.18405	0.17351	0.05357	0.01113	0.00291	0.00543	0.06709	0.00727	0.20273
5	0.01765	0.01513	0.01765	0.01260	0.02017	0.01134	0.01008	0.02143	0.01765	0.02773	0.01513	0.01765	0.01260	0.00630	0.00630	0.00126	0.00630	0.00504	0.00504	0.75295
6	0.01099	0.00900	0.00976	0.00979	0.01235	0.00802	0.00725	0.01451	0.05227	0.02521	0.16411	0.14971	0.45494	0.02100	0.01008	0.00291	0.00447	0.01787	0.00817	0.00761
7	0.01355	0.00973	0.01266	0.01234	0.01360	0.01065	0.00882	0.05590	0.01514	0.02097	0.02532	0.07324	0.02616	0.29870	0.35402	0.01036	0.01550	0.01098	0.00522	0.00712
8	0.01006	0.00862	0.00862	0.00862	0.01149	0.00718	0.00647	0.01221	0.01940	0.02299	0.08621	0.08190	0.64438	0.02155	0.01006	0.00287	0.00431	0.01796	0.00790	0.00718
9	0.03235	0.02384	0.02554	0.01958	0.02639	0.02639	0.01618	0.61946	0.04001	0.05363	0.02043	0.02043	0.01447	0.01022	0.00851	0.00255	0.00936	0.00766	0.00851	0.01447
10	0.02241	0.01800	0.01928	0.01716	0.02210	0.02054	0.01340	0.04495	0.58808	0.08071	0.03456	0.03155	0.02562	0.01147	0.00865	0.00287	0.00677	0.00954	0.00880	0.01354
11	0.02504	0.12682	0.02547	0.05836	0.07081	0.36153	0.01583	0.02856	0.04789	0.02206	0.01946	0.12207	0.01885	0.01135	0.00800	0.00243	0.01185	0.00870	0.00496	0.00996
12	0.01894	0.01622	0.02051	0.01923	0.11758	0.01363	0.01292	0.06568	0.01950	0.02939	0.01702	0.04766	0.01476	0.00767	0.00699	0.00165	0.00706	0.00646	0.00529	0.55183
13	0.07106	0.02366	0.02492	0.05712	0.09452	0.10020	0.01691	0.35361	0.05960	0.08518	0.01989	0.02076	0.01448	0.00962	0.00823	0.00255	0.00984	0.00737	0.00727	0.01321
14	0.02100	0.41525	0.03676	0.01785	0.02205	0.03046	0.01628	0.02337	0.01549	0.02022	0.01155	0.01575	0.01103	0.01050	0.01496	0.00263	0.29517	0.00578	0.00368	0.01024
15	0.01181	0.00929	0.01075	0.01041	0.01289	0.00859	0.00779	0.01639	0.06642	0.02898	0.33701	0.10646	0.30362	0.01921	0.00999	0.00282	0.00439	0.01654	0.00863	0.00802

[dist]
# distance from previous block
# <min> <max>
0	2

[block]
# block no. 2 follows, 21 sequences, length 23
# corresponding to MSA columns:
# 116-138
name=unknown_C
#
# <colnr> <probs for GDERKNQSTAVLIFYWHMCP>
#	G	D	E	R	K	N	Q	S	T	A	V	L	I	F	Y	W	H	M	C	P
0	0.02827	0.12692	0.02762	0.02413	0.10429	0.44712	0.01698	0.05121	0.02293	0.02284	0.01675	0.01890	0.03876	0.00902	0.00760	0.00223	0.01314	0.00624	0.00456	0.01051
1	0.01672	0.01272	0.01524	0.01261	0.01767	0.01040	0.00961	0.04139	0.01849	0.06112	0.02921	0.23510	0.05206	0.01372	0.00810	0.00214	0.00596	0.01190	0.00649	0.41935
2	0.05998	0.10049	0.17750	0.08326	0.02894	0.04625	0.09427	0.02213	0.01757	0.02421	0.02653	0.10405	0.08594	0.04855	0.01121	0.00305	0.04108	0.01024	0.00488	0.00986
3	0.01961	0.14602	0.29144	0.07323	0.03111	0.02339	0.02331	0.02534	0.01678	0.05983	0.01460	0.01842	0.01155	0.01000	0.01318	0.00284	0.19749	0.00654	0.00405	0.01126
4	0.01037	0.00741	0.00987	0.01185	0.01234	0.00691	0.00790	0.01185	0.01629	0.02172	0.04690	0.69537	0.05629	0.02666	0.01086	0.00346	0.00494	0.02419	0.00790	0.00691
5	0.01837	0.01672	0.02668	0.43858	0.13547	0.01921	0.04800	0.08957	0.02027	0.02655	0.02109	0.02649	0.05787	0.00945	0.00868	0.00276	0.01057	0.00844	0.00470	0.01052
6	0.02215	0.39433	0.17728	0.01856	0.02583	0.10990	0.01905	0.02632	0.01782	0.02173	0.01270	0.01540	0.01092	0.00852	0.00891	0.00228	0.08820	0.00539	0.00373	0.01097
7	0.01037	0.00741	0.00987	0.01185	0.01234	0.00691	0.00790	0.01185	0.01629	0.02172	0.04690	0.69537	0.05629	0.02666	0.01086	0.00346	0.00494	0.02419	0.00790	0.00691
8	0.01242	0.00886	0.01239	0.01239	0.01361	0.00996	0.00918	0.01485	0.01364	0.01974	0.02395	0.03815	0.02340	0.19850	0.49406	0.01183	0.01856	0.00975	0.04765	0.00709
9	0.02761	0.02153	0.02203	0.01790	0.02369	0.05799	0.01443	0.36402	0.18190	0.06774	0.03050	0.02931	0.07932	0.01159	0.00866	0.00265	0.00847	0.00907	0.00834	0.01326
10	0.02482	0.07053	0.02322	0.06521	0.02456	0.01853	0.04573	0.13565	0.08003	0.17997	0.05113	0.08487	0.04705	0.01238	0.01022	0.00275	0.06461	0.01001	0.03701	0.01172
11	0.01732	0.00934	0.00949	0.00896	0.01137	0.00957	0.00685	0.07295	0.01981	0.03367	0.02711	0.03073	0.02116	0.00994	0.00618	0.00203	0.00444	0.00791	0.68265	0.00851
12	0.03113	0.08896	0.02561	0.02139	0.02598	0.62071	0.01631	0.03336	0.02362	0.02077	0.01306	0.01522	0.01096	0.00866	0.00751	0.00217	0.01489	0.00541	0.00433	0.00994
13	0.01617	0.01531	0.02149	0.05413	0.02149	0.02033	0.01587	0.01828	0.01414	0.02082	0.02186	0.13849	0.04887	0.02073	0.07351	0.00438	0.44984	0.01093	0.00470	0.00867
14	0.03231	0.02505	0.02544	0.01975	0.02638	0.07272	0.01619	0.57711	0.03886	0.05126	0.01991	0.02006	0.01422	0.01011	0.00845	0.00253	0.00980	0.00750	0.00821	0.01414
15	0.09456	0.01004	0.00990	0.00934	0.01207	0.01035	0.00706	0.02203	0.06557	0.03162	0.02590	0.03048	0.02085	0.04956	0.00827	0.00245	0.00483	0.00782	0.52946	0.04784
16	0.02120	0.02311	0.02755	0.06140	0.02697	0.15225	0.06560	0.02376	0.01602	0.02116	0.01227	0.01855	0.01128	0.01270	0.02138	0.00330	0.46074	0.00727	0.00390	0.00960
17	0.01607	0.01513	0.02552	0.68047	0.05861	0.01891	0.02363	0.02174	0.01702	0.02174	0.01513	0.02269	0.01134	0.00851	0.00851	0.00284	0.01134	0.00756	0.00378	0.00945
18	0.01187	0.00804	0.00943	0.00993	0.01006	0.00791	0.00585	0.01224	0.01337	0.01782	0.03190	0.21772	0.03736	0.53014	0.03509	0.00704	0.00741	0.01537	0.00585	0.00560
19	0.02098	0.01617	0.01879	0.01366	0.02106	0.01332	0.01102	0.09789	0.02094	0.07651	0.01713	0.01882	0.01345	0.00710	0.00674	0.00152	0.00675	0.00563	0.00588	0.60661
20	0.07576	0.06589	0.12592	0.02799	0.19656	0.12750	0.01986	0.05524	0.12775	0.02896	0.01997	0.05627	0.01668	0.00968	0.00802	0.00258	0.01015	0.00788	0.00534	0.01197
21	0.01573	0.01487	0.01626	0.10332	0.04790	0.11327	0.01278	0.01897	0.01933	0.02447	0.16254	0.17317	0.06669	0.02406	0.11179	0.00456	0.01033	0.04509	0.00645	0.00839
22	0.18030	0.29388	0.02739	0.01410	0.01982	0.09258	0.01232	0.05064	0.01951	0.02828	0.11076	0.02224	0.02163	0.00920	0.00657	0.00216	0.00823	0.00652	0.00528	0.06859

[dist]
# distance from previous block
# <min> <max>
1	14

[block]
# block no. 3 follows, 21 sequences, length 32
# corresponding to MSA columns:
# 153-184
name=unknown_D
#
# <colnr> <probs for GDERKNQSTAVLIFYWHMCP>
#	G	D	E	R	K	N	Q	S	T	A	V	L	I	F	Y	W	H	M	C	P
0	0.05057	0.06481	0.43502	0.06791	0.09005	0.05126	0.02691	0.02791	0.05801	0.02715	0.01619	0.01896	0.01199	0.00828	0.00793	0.00264	0.01162	0.00652	0.00410	0.01217
1	0.10515	0.01378	0.01559	0.01233	0.01813	0.01198	0.00982	0.02430	0.04857	0.12670	0.09498	0.03306	0.10519	0.01060	0.00754	0.00207	0.00599	0.00857	0.00693	0.33871
2	0.01209	0.00879	0.01143	0.01102	0.01307	0.00814	0.00843	0.01600	0.02347	0.03283	0.56466	0.06724	0.10602	0.01812	0.01018	0.00279	0.00435	0.06422	0.00916	0.00797
3	0.02204	0.61628	0.08430	0.01509	0.02275	0.03128	0.01541	0.02532	0.01736	0.02099	0.01228	0.01420	0.01102	0.00727	0.00569	0.00184	0.00915	0.00470	0.00373	0.05929
4	0.01168	0.00892	0.01102	0.01154	0.01368	0.00800	0.00874	0.01436	0.01910	0.02520	0.15312	0.27100	0.21369	0.02177	0.01035	0.00310	0.00524	0.12186	0.00793	0.05970
5	0.02443	0.21618	0.03290	0.02550	0.13668	0.16109	0.04183	0.02749	0.01878	0.06647	0.01446	0.01788	0.01224	0.00954	0.01177	0.00254	0.15830	0.00643	0.00443	0.01108
6	0.02106	0.02022	0.03454	0.05223	0.64784	0.02022	0.02612	0.02612	0.01938	0.02780	0.01601	0.02106	0.01348	0.00758	0.00842	0.00253	0.01011	0.00758	0.00421	0.01348
7	0.01037	0.00741	0.00987	0.01185	0.01234	0.00691	0.00790	0.01185	0.01629	0.02172	0.04690	0.69537	0.05629	0.02666	0.01086	0.00346	0.00494	0.02419	0.00790	0.00691
8	0.01842	0.01702	0.02676	0.46487	0.04816	0.02108	0.04924	0.08470	0.01887	0.02513	0.01508	0.02174	0.01172	0.00976	0.01201	0.00296	0.13047	0.00767	0.00429	0.01005
9	0.01444	0.01232	0.01622	0.07809	0.10572	0.01249	0.01234	0.02126	0.11788	0.02845	0.20805	0.08155	0.22600	0.01595	0.00950	0.00280	0.00609	0.01383	0.00753	0.00947
10	0.03818	0.01448	0.01975	0.01514	0.02172	0.01251	0.01251	0.04147	0.02436	0.65373	0.03357	0.02897	0.02107	0.01053	0.00856	0.00263	0.00724	0.00856	0.01053	0.01448
11	0.01043	0.00772	0.00975	0.01119	0.01222	0.00704	0.00765	0.01221	0.01740	0.02282	0.09586	0.54039	0.16403	0.02509	0.01066	0.00330	0.00476	0.02245	0.00800	0.00704
12	0.02935	0.02103	0.02385	0.08076	0.02794	0.02315	0.01594	0.47464	0.03484	0.08698	0.02301	0.07790	0.01812	0.01146	0.00871	0.00266	0.00904	0.00910	0.00815	0.01337
13	0.01928	0.01979	0.02588	0.08244	0.02592	0.06879	0.01893	0.02151	0.01415	0.02062	0.01167	0.01877	0.01117	0.01390	0.02478	0.00354	0.57841	0.00732	0.00377	0.00936
14	0.03235	0.02384	0.02554	0.01958	0.02639	0.02639	0.01618	0.61946	0.04001	0.05363	0.02043	0.02043	0.01447	0.01022	0.00851	0.00255	0.00936	0.00766	0.00851	0.01447
15	0.02424	0.14211	0.05550	0.01581	0.02126	0.02062	0.01373	0.20818	0.06594	0.10031	0.02235	0.02580	0.01776	0.06188	0.10095	0.00432	0.01040	0.00779	0.06948	0.01156
16	0.01194	0.00869	0.01123	0.01059	0.01265	0.00798	0.00795	0.01585	0.02384	0.03352	0.61322	0.06456	0.11080	0.01762	0.01004	0.00269	0.00403	0.01553	0.00929	0.00798
17	0.01219	0.00910	0.01140	0.01114	0.01316	0.00863	0.00823	0.01693	0.06188	0.03124	0.45849	0.16601	0.12168	0.01889	0.01008	0.00283	0.00437	0.01667	0.00896	0.00813
18	0.01424	0.00918	0.01208	0.01108	0.01347	0.00841	0.00841	0.01819	0.02411	0.08618	0.59212	0.06066	0.07532	0.01682	0.00991	0.00267	0.00429	0.01482	0.00947	0.00857
19	0.03235	0.02384	0.02554	0.01958	0.02639	0.02639	0.01618	0.61946	0.04001	0.05363	0.02043	0.02043	0.01447	0.01022	0.00851	0.00255	0.00936	0.00766	0.00851	0.01447
20	0.01388	0.00910	0.01196	0.01102	0.01335	0.00834	0.00834	0.01784	0.02411	0.07762	0.60054	0.06114	0.07614	0.01692	0.00993	0.00267	0.00424	0.01491	0.00945	0.00848
21	0.01238	0.00825	0.00928	0.00928	0.00928	0.00825	0.00516	0.01238	0.01238	0.01650	0.02681	0.05569	0.03094	0.70092	0.04331	0.00825	0.00825	0.01238	0.00516	0.00516
22	0.01837	0.01109	0.01161	0.01086	0.01384	0.01180	0.00833	0.02785	0.18778	0.06183	0.02993	0.03160	0.02293	0.01039	0.00682	0.00226	0.00488	0.00843	0.50963	0.00977
23	0.02127	0.02217	0.02938	0.27116	0.32190	0.13972	0.02343	0.02601	0.01941	0.02434	0.01516	0.02058	0.01225	0.00813	0.00832	0.00258	0.01152	0.00719	0.00409	0.01137
24	0.01710	0.05913	0.01846	0.01264	0.01933	0.01226	0.01011	0.02054	0.01746	0.02650	0.01875	0.09919	0.01777	0.00882	0.00680	0.00156	0.00632	0.00732	0.00530	0.61464
25	0.01940	0.06711	0.26462	0.08193	0.03465	0.07558	0.12325	0.02787	0.08105	0.02567	0.01713	0.02086	0.01322	0.01118	0.03644	0.00320	0.07365	0.00743	0.00437	0.01140
26	0.01824	0.22592	0.02838	0.01718	0.02022	0.02286	0.05242	0.02133	0.04379	0.02074	0.01854	0.07154	0.01907	0.15560	0.02106	0.00397	0.21650	0.00899	0.00455	0.00911
27	0.01837	0.05851	0.01593	0.01279	0.01598	0.03746	0.00998	0.02263	0.04836	0.13915	0.34015	0.11445	0.05379	0.01889	0.05203	0.00340	0.00681	0.01332	0.00849	0.00952
28	0.01942	0.16876	0.04813	0.01638	0.04623	0.04602	0.01318	0.08637	0.09256	0.02877	0.08364	0.14054	0.04907	0.01278	0.00809	0.00242	0.00756	0.01058	0.00639	0.11311
29	0.11552	0.10123	0.01913	0.01368	0.01832	0.05849	0.01097	0.08061	0.06384	0.03116	0.12657	0.11865	0.03067	0.01232	0.00777	0.00237	0.00694	0.01000	0.03448	0.13726
30	0.06773	0.11615	0.02277	0.01732	0.05081	0.01658	0.07708	0.02268	0.07011	0.05040	0.10780	0.15404	0.03251	0.05827	0.01161	0.00308	0.03849	0.01184	0.06116	0.00955
31	0.02397	0.11294	0.14818	0.01732	0.02426	0.07406	0.01655	0.12017	0.07104	0.12422	0.08462	0.02879	0.06196	0.01069	0.00812	0.00247	0.00897	0.00838	0.00676	0.04655

[dist]
# distance from previous block
# <min> <max>
0	23

[block]
# block no. 4 follows, 21 sequences, length 8
# corresponding to MSA columns:
# 208-215
name=unknown_E
#
# <colnr> <probs for GDERKNQSTAVLIFYWHMCP>
#	G	D	E	R	K	N	Q	S	T	A	V	L	I	F	Y	W	H	M	C	P
0	0.06166	0.02150	0.09698	0.04618	0.12206	0.08292	0.01699	0.13886	0.02340	0.03184	0.08628	0.12707	0.05262	0.01341	0.00890	0.00277	0.00895	0.04043	0.00641	0.01080
1	0.06504	0.08581	0.08533	0.02113	0.10964	0.05978	0.01598	0.14065	0.02277	0.08531	0.02406	0.07862	0.04986	0.04582	0.00979	0.00275	0.00887	0.00886	0.00616	0.07377
2	0.01798	0.04277	0.05337	0.01689	0.05135	0.01628	0.01314	0.09643	0.20900	0.03231	0.12552	0.13154	0.10621	0.01532	0.00925	0.00286	0.00676	0.03437	0.00782	0.01083
3	0.18470	0.01940	0.08504	0.01556	0.02040	0.05742	0.01368	0.14779	0.02313	0.03493	0.11768	0.12339	0.03200	0.01413	0.00859	0.00285	0.00790	0.07433	0.00697	0.01009
4	0.27684	0.01654	0.05085	0.01352	0.01801	0.01651	0.01119	0.12980	0.05938	0.03467	0.05898	0.11663	0.07404	0.07479	0.01100	0.00327	0.00706	0.01044	0.00673	0.00974
5	0.19969	0.01030	0.01102	0.01137	0.01365	0.01055	0.00848	0.01654	0.01763	0.02832	0.15279	0.25681	0.09788	0.06248	0.01138	0.00340	0.00559	0.06710	0.00734	0.00770
6	0.58870	0.01609	0.01504	0.10813	0.02301	0.01847	0.01159	0.02602	0.01573	0.09101	0.01427	0.01646	0.01059	0.00822	0.00603	0.00266	0.00733	0.00539	0.00552	0.00972
7	0.08721	0.50503	0.11009	0.01610	0.02353	0.09267	0.01622	0.02644	0.01779	0.02248	0.01236	0.01433	0.01076	0.00757	0.00596	0.00203	0.00989	0.00485	0.00385	0.01086

[dist]
# distance from previous block
# <min> <max>
3	9

[block]
# block no. 5 follows, 21 sequences, length 30
# corresponding to MSA columns:
# 225-254
name=unknown_F
#
# <colnr> <probs for GDERKNQSTAVLIFYWHMCP>
#	G	D	E	R	K	N	Q	S	T	A	V	L	I	F	Y	W	H	M	C	P
0	0.01871	0.01505	0.01806	0.04739	0.02205	0.01221	0.01104	0.04872	0.01884	0.05558	0.01797	0.05681	0.01546	0.00793	0.00687	0.00158	0.00666	0.00653	0.00553	0.60699
1	0.01146	0.00825	0.01085	0.01110	0.01259	0.00764	0.00798	0.01460	0.02138	0.02982	0.43626	0.28293	0.07196	0.02061	0.01032	0.00295	0.00434	0.01845	0.00886	0.00764
2	0.02499	0.05566	0.02217	0.01776	0.02321	0.04858	0.01420	0.17138	0.41496	0.06812	0.02938	0.02750	0.02180	0.01087	0.00842	0.00272	0.00781	0.00871	0.00829	0.01347
3	0.01765	0.01513	0.01765	0.01260	0.02017	0.01134	0.01008	0.02143	0.01765	0.02773	0.01513	0.01765	0.01260	0.00630	0.00630	0.00126	0.00630	0.00504	0.00504	0.75295
4	0.09283	0.02167	0.06759	0.01752	0.02373	0.02147	0.01500	0.38759	0.03119	0.10687	0.02228	0.05116	0.01757	0.07121	0.01135	0.00312	0.00886	0.00847	0.00776	0.01275
5	0.02938	0.10197	0.02603	0.06378	0.02777	0.49949	0.01657	0.06135	0.05404	0.02314	0.01458	0.01672	0.01190	0.00882	0.00760	0.00225	0.01376	0.00584	0.00469	0.01035
6	0.54829	0.06263	0.01728	0.01310	0.01884	0.02105	0.01097	0.13290	0.01972	0.06818	0.01440	0.01570	0.01082	0.00840	0.00602	0.00257	0.00728	0.00534	0.00599	0.01052
7	0.01915	0.02373	0.12081	0.15440	0.16040	0.02057	0.32201	0.02600	0.01912	0.02632	0.01636	0.02191	0.01246	0.00761	0.00921	0.00278	0.01277	0.00864	0.00410	0.01163
8	0.01037	0.00741	0.00987	0.01185	0.01234	0.00691	0.00790	0.01185	0.01629	0.02172	0.04690	0.69537	0.05629	0.02666	0.01086	0.00346	0.00494	0.02419	0.00790	0.00691
9	0.01190	0.00869	0.01118	0.01055	0.01263	0.00797	0.00792	0.01578	0.02375	0.03332	0.60289	0.06490	0.12126	0.01770	0.01004	0.00269	0.00404	0.01558	0.00926	0.00797
10	0.76103	0.01646	0.01251	0.01119	0.01646	0.01909	0.00922	0.02502	0.01448	0.03818	0.01185	0.01382	0.00922	0.00790	0.00527	0.00263	0.00658	0.00461	0.00527	0.00922
11	0.01238	0.00825	0.00928	0.00928	0.00928	0.00825	0.00516	0.01238	0.01238	0.01650	0.02681	0.05569	0.03094	0.70092	0.04331	0.00825	0.00825	0.01238	0.00516	0.00516
12	0.76103	0.01646	0.01251	0.01119	0.01646	0.01909	0.00922	0.02502	0.01448	0.03818	0.01185	0.01382	0.00922	0.00790	0.00527	0.00263	0.00658	0.00461	0.00527	0.00922
13	0.01607	0.01513	0.02552	0.68047	0.05861	0.01891	0.02363	0.02174	0.01702	0.02174	0.01513	0.02269	0.01134	0.00851	0.00851	0.00284	0.01134	0.00756	0.00378	0.00945
14	0.03818	0.01448	0.01975	0.01514	0.02172	0.01251	0.01251	0.04147	0.02436	0.65373	0.03357	0.02897	0.02107	0.01053	0.00856	0.00263	0.00724	0.00856	0.01053	0.01448
15	0.01207	0.00878	0.01180	0.01126	0.01317	0.00851	0.00851	0.01590	0.02216	0.03147	0.52861	0.05800	0.06938	0.02598	0.13154	0.00471	0.00749	0.01423	0.00848	0.00795
16	0.03235	0.02384	0.02554	0.01958	0.02639	0.02639	0.01618	0.61946	0.04001	0.05363	0.02043	0.02043	0.01447	0.01022	0.00851	0.00255	0.00936	0.00766	0.00851	0.01447
17	0.02275	0.70604	0.04459	0.01456	0.02184	0.03367	0.01456	0.02548	0.01729	0.02002	0.01183	0.01365	0.01092	0.00728	0.00546	0.00182	0.00910	0.00455	0.00364	0.01092
18	0.01597	0.01314	0.01688	0.01547	0.01801	0.04396	0.05841	0.09367	0.01920	0.02533	0.03229	0.19560	0.05891	0.12563	0.17905	0.00647	0.01187	0.05545	0.00630	0.00840
19	0.71837	0.01597	0.01225	0.01100	0.01608	0.01845	0.00903	0.02472	0.01468	0.03781	0.01276	0.01485	0.00994	0.00802	0.00531	0.00260	0.00643	0.00480	0.04780	0.00914
20	0.01070	0.00760	0.01005	0.01188	0.01242	0.00717	0.00803	0.01221	0.01619	0.02156	0.04534	0.61505	0.05403	0.07545	0.01327	0.00383	0.00534	0.05533	0.00770	0.00684
21	0.02117	0.01828	0.01924	0.01732	0.02213	0.02117	0.01347	0.04522	0.63246	0.03560	0.03464	0.03175	0.02598	0.01155	0.00866	0.00289	0.00673	0.00962	0.00866	0.01347
22	0.03818	0.01448	0.01975	0.01514	0.02172	0.01251	0.01251	0.04147	0.02436	0.65373	0.03357	0.02897	0.02107	0.01053	0.00856	0.00263	0.00724	0.00856	0.01053	0.01448
23	0.03310	0.02263	0.02479	0.01901	0.02579	0.02460	0.01570	0.54510	0.03800	0.13084	0.02212	0.02153	0.01532	0.01026	0.00852	0.00256	0.00909	0.00778	0.00877	0.01447
24	0.01006	0.00862	0.00862	0.00862	0.01149	0.00718	0.00647	0.01221	0.01940	0.02299	0.08621	0.08190	0.64438	0.02155	0.01006	0.00287	0.00431	0.01796	0.00790	0.00718
25	0.01419	0.01210	0.01757	0.01640	0.01744	0.01548	0.01314	0.01686	0.01347	0.01998	0.01914	0.02878	0.01810	0.04846	0.46646	0.01055	0.23084	0.00859	0.00430	0.00814
26	0.02275	0.70604	0.04459	0.01456	0.02184	0.03367	0.01456	0.02548	0.01729	0.02002	0.01183	0.01365	0.01092	0.00728	0.00546	0.00182	0.00910	0.00455	0.00364	0.01092
27	0.01158	0.00845	0.01088	0.01075	0.01255	0.00776	0.00788	0.01497	0.02227	0.03095	0.48868	0.18185	0.12079	0.01944	0.01019	0.00284	0.00421	0.01722	0.00898	0.00776
28	0.01360	0.00972	0.01356	0.01535	0.01731	0.00968	0.01334	0.01753	0.01988	0.02603	0.08405	0.09388	0.05102	0.02311	0.01164	0.00384	0.00759	0.55308	0.00794	0.00785
29	0.01204	0.00870	0.01138	0.01071	0.01271	0.00803	0.00803	0.01606	0.02409	0.03413	0.64335	0.06357	0.08030	0.01740	0.01004	0.00268	0.00401	0.01539	0.00937	0.00803

[dist]
# distance from previous block
# <min> <max>
0	17

[block]
# block no. 6 follows, 21 sequences, length 18
# corresponding to MSA columns:
# 272-289
name=unknown_G
#
# <colnr> <probs for GDERKNQSTAVLIFYWHMCP>
#	G	D	E	R	K	N	Q	S	T	A	V	L	I	F	Y	W	H	M	C	P
0	0.01247	0.00992	0.01187	0.01195	0.01399	0.00980	0.00910	0.04480	0.01966	0.02544	0.12100	0.24096	0.28955	0.02163	0.01165	0.00316	0.05445	0.07303	0.00778	0.00779
1	0.01765	0.01513	0.01765	0.01260	0.02017	0.01134	0.01008	0.02143	0.01765	0.02773	0.01513	0.01765	0.01260	0.00630	0.00630	0.00126	0.00630	0.00504	0.00504	0.75295
2	0.03246	0.02215	0.02431	0.01880	0.02545	0.02408	0.01548	0.50023	0.07580	0.13801	0.02322	0.02237	0.01615	0.01035	0.00853	0.00259	0.00889	0.00792	0.00881	0.01441
3	0.01037	0.00741	0.00987	0.01185	0.01234	0.00691	0.00790	0.01185	0.01629	0.02172	0.04690	0.69537	0.05629	0.02666	0.01086	0.00346	0.00494	0.02419	0.00790	0.00691
4	0.01836	0.01958	0.03958	0.31349	0.05056	0.02040	0.36141	0.02488	0.01876	0.02488	0.01632	0.02284	0.01224	0.00775	0.00938	0.00286	0.01305	0.00897	0.00408	0.01061
5	0.41728	0.01584	0.01851	0.32002	0.03591	0.01901	0.01587	0.02351	0.01565	0.03060	0.01336	0.01791	0.01020	0.00818	0.00676	0.00273	0.00878	0.00597	0.00458	0.00933
6	0.01454	0.01167	0.01787	0.24990	0.03207	0.01301	0.01721	0.01908	0.01868	0.02416	0.03451	0.07017	0.03572	0.01822	0.01061	0.00354	0.00907	0.38516	0.00641	0.00841
7	0.76103	0.01646	0.01251	0.01119	0.01646	0.01909	0.00922	0.02502	0.01448	0.03818	0.01185	0.01382	0.00922	0.00790	0.00527	0.00263	0.00658	0.00461	0.00527	0.00922
8	0.01006	0.00862	0.00862	0.00862	0.01149	0.00718	0.00647	0.01221	0.01940	0.02299	0.08621	0.08190	0.64438	0.02155	0.01006	0.00287	0.00431	0.01796	0.00790	0.00718
9	0.76103	0.01646	0.01251	0.01119	0.01646	0.01909	0.00922	0.02502	0.01448	0.03818	0.01185	0.01382	0.00922	0.00790	0.00527	0.00263	0.00658	0.00461	0.00527	0.00922
10	0.01821	0.01734	0.02886	0.39892	0.20175	0.01969	0.06612	0.02596	0.08891	0.02527	0.01775	0.02334	0.01369	0.00853	0.00862	0.00277	0.01072	0.00799	0.00449	0.01108
11	0.01410	0.01154	0.01680	0.02196	0.15931	0.01117	0.01412	0.01751	0.01895	0.02488	0.04701	0.17610	0.16184	0.02001	0.01050	0.00331	0.00716	0.24785	0.00703	0.00884
12	0.01006	0.00862	0.00862	0.00862	0.01149	0.00718	0.00647	0.01221	0.01940	0.02299	0.08621	0.08190	0.64438	0.02155	0.01006	0.00287	0.00431	0.01796	0.00790	0.00718
13	0.01184	0.00854	0.01119	0.01085	0.01267	0.00789	0.00801	0.01555	0.02314	0.03262	0.57082	0.14040	0.07738	0.01852	0.01014	0.00277	0.00413	0.01646	0.00919	0.00789
14	0.02302	0.02556	0.03782	0.03995	0.30165	0.15967	0.23219	0.02821	0.02065	0.02611	0.01582	0.02050	0.01274	0.00769	0.00883	0.00258	0.01273	0.00800	0.00428	0.01200
15	0.01694	0.01601	0.02710	0.57082	0.16145	0.01914	0.02407	0.02251	0.01743	0.02280	0.01528	0.02240	0.01172	0.00835	0.00849	0.00278	0.01113	0.00757	0.00386	0.01016
16	0.01031	0.00870	0.00898	0.00912	0.01193	0.00737	0.00698	0.01259	0.01941	0.02316	0.08332	0.08289	0.60252	0.02169	0.01018	0.00295	0.00456	0.05822	0.00790	0.00723
17	0.01362	0.00992	0.01155	0.01117	0.01383	0.00935	0.00834	0.01888	0.09272	0.06333	0.24318	0.16439	0.26909	0.01928	0.00993	0.00289	0.00477	0.01664	0.00859	0.00855

[dist]
# distance from previous block
# <min> <max>
0	32

[block]
# block no. 7 follows, 21 sequences, length 45
# corresponding to MSA columns:
# 322-325,328-368
name=unknown_H
#
# <colnr> <probs for GDERKNQSTAVLIFYWHMCP>
#	G	D	E	R	K	N	Q	S	T	A	V	L	I	F	Y	W	H	M	C	P
0	0.01607	0.01513	0.02552	0.68047	0.05861	0.01891	0.02363	0.02174	0.01702	0.02174	0.01513	0.02269	0.01134	0.00851	0.00851	0.00284	0.01134	0.00756	0.00378	0.00945
1	0.01272	0.00953	0.01174	0.01246	0.01455	0.00909	0.00975	0.04941	0.02023	0.02620	0.11123	0.25164	0.21294	0.02251	0.01070	0.00331	0.00581	0.19033	0.00805	0.00781
2	0.01037	0.00741	0.00987	0.01185	0.01234	0.00691	0.00790	0.01185	0.01629	0.02172	0.04690	0.69537	0.05629	0.02666	0.01086	0.00346	0.00494	0.02419	0.00790	0.00691
3	0.02189	0.01658	0.01826	0.01619	0.02083	0.01844	0.01264	0.04093	0.48275	0.10558	0.11524	0.03565	0.03262	0.01221	0.00883	0.00283	0.00643	0.01027	0.00897	0.01286
4	0.03214	0.03012	0.02500	0.02046	0.02636	0.26715	0.01628	0.39934	0.03404	0.04130	0.01770	0.01852	0.01315	0.00967	0.00820	0.00242	0.01161	0.00684	0.00696	0.01274
5	0.01712	0.01584	0.02579	0.51308	0.14373	0.01865	0.02257	0.04701	0.01850	0.02409	0.02014	0.02622	0.05327	0.00929	0.00860	0.00278	0.01061	0.00825	0.00432	0.01013
6	0.10352	0.57020	0.09647	0.01507	0.02261	0.03081	0.01550	0.02556	0.01704	0.02265	0.01214	0.01406	0.01072	0.00742	0.00568	0.00199	0.00914	0.00471	0.00382	0.01088
7	0.01017	0.00863	0.00877	0.00874	0.01156	0.00723	0.00655	0.01243	0.01966	0.02361	0.11732	0.08088	0.61289	0.02132	0.01006	0.00286	0.00429	0.01782	0.00798	0.00723
8	0.01217	0.00907	0.01344	0.01344	0.01488	0.01051	0.01034	0.01505	0.01361	0.01958	0.02301	0.03462	0.02179	0.09794	0.63379	0.01339	0.02202	0.00929	0.00459	0.00747
9	0.02275	0.70604	0.04459	0.01456	0.02184	0.03367	0.01456	0.02548	0.01729	0.02002	0.01183	0.01365	0.01092	0.00728	0.00546	0.00182	0.00910	0.00455	0.00364	0.01092
10	0.01006	0.00862	0.00862	0.00862	0.01149	0.00718	0.00647	0.01221	0.01940	0.02299	0.08621	0.08190	0.64438	0.02155	0.01006	0.00287	0.00431	0.01796	0.00790	0.00718
11	0.03780	0.01510	0.02013	0.01543	0.02203	0.01342	0.01275	0.07934	0.02538	0.61442	0.03271	0.02841	0.02063	0.01051	0.00856	0.00263	0.00738	0.00850	0.01040	0.01448
12	0.03818	0.01448	0.01975	0.01514	0.02172	0.01251	0.01251	0.04147	0.02436	0.65373	0.03357	0.02897	0.02107	0.01053	0.00856	0.00263	0.00724	0.00856	0.01053	0.01448
13	0.01056	0.00762	0.01000	0.01157	0.01235	0.00706	0.00785	0.01238	0.01738	0.02328	0.12102	0.59158	0.08520	0.02531	0.01073	0.00334	0.00480	0.02285	0.00808	0.00706
14	0.01586	0.00793	0.00793	0.00793	0.00991	0.00793	0.00595	0.01983	0.01785	0.03173	0.02776	0.03173	0.02181	0.00991	0.00595	0.00198	0.00397	0.00793	0.74817	0.00793
15	0.02920	0.02174	0.02246	0.01780	0.02338	0.06243	0.01425	0.44861	0.03401	0.07820	0.05031	0.02695	0.01970	0.09637	0.01286	0.00325	0.00924	0.00852	0.00799	0.01273
16	0.02019	0.20264	0.40140	0.07305	0.03357	0.02251	0.02504	0.02741	0.01827	0.07825	0.01597	0.01821	0.01174	0.00813	0.00751	0.00248	0.01117	0.00615	0.00421	0.01208
17	0.02499	0.12725	0.06777	0.02492	0.07701	0.31000	0.10073	0.02856	0.02048	0.02252	0.01525	0.04846	0.01353	0.00959	0.00977	0.00249	0.07463	0.00724	0.00431	0.01049
18	0.01735	0.04209	0.60121	0.02532	0.03753	0.01992	0.08513	0.02698	0.01816	0.02698	0.01545	0.01842	0.01098	0.00800	0.00826	0.00271	0.01274	0.00663	0.00366	0.01248
19	0.01733	0.01591	0.02611	0.53325	0.13319	0.01894	0.02312	0.04867	0.01849	0.02416	0.01703	0.02618	0.01372	0.00924	0.00867	0.00284	0.01091	0.03785	0.00426	0.01013
20	0.05472	0.01311	0.01653	0.01394	0.01822	0.01189	0.04470	0.07329	0.01910	0.02804	0.05273	0.24617	0.03124	0.06896	0.01126	0.00288	0.00668	0.01287	0.00646	0.26721
21	0.01229	0.00821	0.00931	0.00940	0.00942	0.00819	0.00528	0.01235	0.01255	0.01673	0.02770	0.08404	0.03206	0.67104	0.04188	0.00804	0.00810	0.01290	0.00528	0.00523
22	0.01238	0.00825	0.00928	0.00928	0.00928	0.00825	0.00516	0.01238	0.01238	0.01650	0.02681	0.05569	0.03094	0.70092	0.04331	0.00825	0.00825	0.01238	0.00516	0.00516
23	0.08817	0.02055	0.06001	0.11120	0.46974	0.02003	0.05618	0.02566	0.01866	0.02806	0.01557	0.02053	0.01272	0.00771	0.00822	0.00259	0.01025	0.00738	0.00424	0.01253
24	0.03561	0.01604	0.05903	0.01549	0.02223	0.01274	0.01347	0.03934	0.02395	0.58479	0.06186	0.02995	0.02328	0.01071	0.00860	0.00264	0.00742	0.00875	0.01004	0.01405
25	0.01586	0.00793	0.00793	0.00793	0.00991	0.00793	0.00595	0.01983	0.01785	0.03173	0.02776	0.03173	0.02181	0.00991	0.00595	0.00198	0.00397	0.00793	0.74817	0.00793
26	0.71949	0.01800	0.04849	0.01192	0.01760	0.01913	0.01046	0.02512	0.01468	0.03755	0.01204	0.01406	0.00930	0.00791	0.00542	0.00264	0.00692	0.00470	0.00517	0.00940
27	0.01238	0.00825	0.00928	0.00928	0.00928	0.00825	0.00516	0.01238	0.01238	0.01650	0.02681	0.05569	0.03094	0.70092	0.04331	0.00825	0.00825	0.01238	0.00516	0.00516
28	0.62604	0.01787	0.05134	0.06513	0.02122	0.01882	0.01180	0.02561	0.01533	0.06411	0.01329	0.01545	0.01001	0.00808	0.00584	0.00265	0.00734	0.00512	0.00529	0.00967
29	0.02262	0.62392	0.04148	0.01493	0.02169	0.06906	0.01443	0.02534	0.01746	0.02005	0.01259	0.01498	0.01157	0.01089	0.04681	0.00258	0.01032	0.00489	0.00374	0.01065
30	0.02275	0.70604	0.04459	0.01456	0.02184	0.03367	0.01456	0.02548	0.01729	0.02002	0.01183	0.01365	0.01092	0.00728	0.00546	0.00182	0.00910	0.00455	0.00364	0.01092
31	0.01155	0.00975	0.01216	0.12376	0.01982	0.00938	0.00976	0.01475	0.02010	0.02540	0.20553	0.06747	0.40327	0.01835	0.00979	0.00282	0.00544	0.01558	0.00755	0.00777
32	0.01113	0.00795	0.01075	0.01272	0.01355	0.00757	0.00923	0.01317	0.01705	0.02258	0.04648	0.55823	0.05461	0.02594	0.01107	0.00356	0.00560	0.15378	0.00789	0.00712
33	0.54691	0.01693	0.01391	0.01223	0.01716	0.04889	0.00990	0.06401	0.01805	0.06289	0.07197	0.02031	0.01721	0.00916	0.00620	0.00258	0.00686	0.00615	0.03904	0.00964
34	0.03235	0.02384	0.02554	0.01958	0.02639	0.02639	0.01618	0.61946	0.04001	0.05363	0.02043	0.02043	0.01447	0.01022	0.00851	0.00255	0.00936	0.00766	0.00851	0.01447
35	0.02117	0.01828	0.01924	0.01732	0.02213	0.02117	0.01347	0.04522	0.63246	0.03560	0.03464	0.03175	0.02598	0.01155	0.00866	0.00289	0.00673	0.00962	0.00866	0.01347
36	0.02274	0.01793	0.01929	0.01712	0.02209	0.02036	0.01338	0.04487	0.57610	0.09290	0.03454	0.03149	0.02552	0.01145	0.00865	0.00286	0.00678	0.00952	0.00883	0.01356
37	0.01371	0.00980	0.01371	0.01567	0.01763	0.00980	0.01371	0.01763	0.01959	0.02547	0.04506	0.09599	0.04898	0.02351	0.01175	0.00392	0.00784	0.59056	0.00784	0.00784
38	0.01418	0.01032	0.01406	0.01577	0.01791	0.01050	0.01370	0.01935	0.05777	0.02610	0.04441	0.09199	0.04754	0.02276	0.01156	0.00385	0.00777	0.55437	0.00789	0.00819
39	0.01219	0.00897	0.01293	0.01293	0.01419	0.01023	0.00970	0.01472	0.01345	0.01920	0.02348	0.03723	0.02292	0.17254	0.56073	0.01275	0.02031	0.00967	0.00466	0.00718
40	0.02235	0.01834	0.01998	0.04922	0.02414	0.02105	0.01410	0.08156	0.53916	0.06147	0.03273	0.03046	0.02432	0.01127	0.00864	0.00285	0.00715	0.00935	0.00849	0.01338
41	0.01692	0.01600	0.02706	0.57326	0.15916	0.01913	0.02406	0.02249	0.01742	0.02278	0.01528	0.02241	0.01171	0.00835	0.00849	0.00278	0.01113	0.00757	0.00385	0.01014
42	0.02763	0.02235	0.02274	0.01878	0.02451	0.06573	0.01517	0.35941	0.23336	0.04403	0.02596	0.02788	0.01989	0.01127	0.00868	0.00271	0.00881	0.03938	0.00825	0.01348
43	0.06302	0.01275	0.01595	0.01360	0.01782	0.01211	0.01068	0.08993	0.02406	0.27606	0.20455	0.15071	0.04239	0.01504	0.00919	0.00278	0.00613	0.01284	0.00927	0.01110
44	0.02803	0.02700	0.13213	0.01974	0.02721	0.05691	0.01811	0.43011	0.03358	0.04519	0.04898	0.02169	0.01675	0.00994	0.00836	0.00250	0.00982	0.00756	0.00733	0.04906

[dist]
# distance from previous block
# <min> <max>
1	194

# created by:
# /st0/software/busco_prod/Augustus/scripts/msa2prfl.pl ./align_prep/153352.fa
