[name]
unknown

[dist]
# distance from previous block
# <min> <max>
0	0

[block]
# block no. 0 follows, 30 sequences, length 42
# corresponding to MSA columns:
# 0-41
name=unknown_A
#
# <colnr> <probs for GDERKNQSTAVLIFYWHMCP>
#	G	D	E	R	K	N	Q	S	T	A	V	L	I	F	Y	W	H	M	C	P
0	0.01124	0.00803	0.01124	0.01285	0.01446	0.00803	0.01124	0.01446	0.01606	0.02088	0.03695	0.07871	0.04016	0.01928	0.00964	0.00321	0.00643	0.66426	0.00643	0.00643
1	0.62137	0.01311	0.01166	0.00994	0.01452	0.01438	0.00820	0.02370	0.01379	0.19319	0.01393	0.01427	0.00985	0.00699	0.00496	0.00216	0.00553	0.00454	0.00534	0.00858
2	0.38562	0.01292	0.01590	0.39477	0.03178	0.01557	0.01381	0.01909	0.01298	0.02418	0.01114	0.01518	0.00848	0.00674	0.00572	0.00225	0.00746	0.00506	0.00367	0.00766
3	0.02653	0.01955	0.02094	0.01606	0.02164	0.02164	0.01326	0.68796	0.03281	0.04398	0.01675	0.01675	0.01187	0.00838	0.00698	0.00209	0.00768	0.00628	0.00698	0.01187
4	0.01318	0.01240	0.02093	0.73798	0.04806	0.01550	0.01938	0.01783	0.01395	0.01783	0.01240	0.01860	0.00930	0.00698	0.00698	0.00233	0.00930	0.00620	0.00310	0.00775
5	0.01318	0.01240	0.02093	0.73798	0.04806	0.01550	0.01938	0.01783	0.01395	0.01783	0.01240	0.01860	0.00930	0.00698	0.00698	0.00233	0.00930	0.00620	0.00310	0.00775
6	0.01727	0.01658	0.02832	0.04283	0.71123	0.01658	0.02142	0.02142	0.01589	0.02280	0.01313	0.01727	0.01105	0.00622	0.00691	0.00207	0.00829	0.00622	0.00345	0.01105
7	0.01013	0.00775	0.01150	0.01145	0.01260	0.00913	0.00889	0.01251	0.01131	0.01632	0.01936	0.06693	0.01866	0.04883	0.65537	0.01038	0.05067	0.00810	0.00386	0.00626
8	0.01675	0.01605	0.02738	0.13186	0.62629	0.01644	0.02116	0.02096	0.01564	0.02216	0.01303	0.01744	0.01083	0.00631	0.00692	0.00210	0.00842	0.00622	0.00341	0.01063
9	0.01750	0.01893	0.05470	0.30779	0.10490	0.13870	0.18115	0.02196	0.01608	0.05214	0.01333	0.01757	0.01009	0.00673	0.00715	0.00220	0.01025	0.00640	0.00358	0.00884
10	0.02653	0.01955	0.02094	0.01606	0.02164	0.02164	0.01326	0.68796	0.03281	0.04398	0.01675	0.01675	0.01187	0.00838	0.00698	0.00209	0.00768	0.00628	0.00698	0.01187
11	0.01369	0.01292	0.02185	0.65149	0.13057	0.01564	0.01963	0.01828	0.01419	0.01845	0.01249	0.01844	0.00952	0.00688	0.00697	0.00229	0.00918	0.00620	0.00314	0.00816
12	0.02245	0.01360	0.01620	0.01318	0.01791	0.01376	0.01059	0.05763	0.27528	0.28838	0.02419	0.02248	0.01711	0.00856	0.00750	0.00210	0.04016	0.00682	0.00702	0.13508
13	0.01727	0.01658	0.02832	0.04283	0.71123	0.01658	0.02142	0.02142	0.01589	0.02280	0.01313	0.01727	0.01105	0.00622	0.00691	0.00207	0.00829	0.00622	0.00345	0.01105
14	0.00988	0.00713	0.00933	0.00878	0.01043	0.00658	0.00658	0.01317	0.01975	0.02798	0.70754	0.05213	0.06584	0.01427	0.00823	0.00219	0.00329	0.01262	0.00768	0.00658
15	0.01505	0.01462	0.02602	0.45506	0.15942	0.01634	0.14485	0.04668	0.01553	0.02061	0.01303	0.01834	0.00995	0.00670	0.00720	0.00228	0.00952	0.00659	0.00340	0.00880
16	0.00988	0.00713	0.00933	0.00878	0.01043	0.00658	0.00658	0.01317	0.01975	0.02798	0.70754	0.05213	0.06584	0.01427	0.00823	0.00219	0.00329	0.01262	0.00768	0.00658
17	0.53974	0.01330	0.01251	0.01045	0.01515	0.01434	0.00862	0.05572	0.01524	0.23388	0.01530	0.01525	0.01063	0.00720	0.00524	0.00216	0.00566	0.00485	0.00572	0.00903
18	0.00850	0.00607	0.00810	0.00972	0.01012	0.00567	0.00648	0.00972	0.01336	0.01781	0.03846	0.75020	0.04615	0.02186	0.00891	0.00283	0.00405	0.01984	0.00648	0.00567
19	0.01447	0.01240	0.01447	0.01034	0.01654	0.00930	0.00827	0.01757	0.01447	0.02274	0.01240	0.01447	0.01034	0.00517	0.00517	0.00103	0.00517	0.00413	0.00413	0.79742
20	0.01670	0.01599	0.02728	0.14067	0.61789	0.01643	0.02113	0.02091	0.01562	0.02210	0.01302	0.01746	0.01081	0.00632	0.00692	0.00211	0.00843	0.00622	0.00340	0.01059
21	0.01649	0.01578	0.02691	0.17601	0.58417	0.01637	0.02103	0.02073	0.01552	0.02185	0.01299	0.01753	0.01072	0.00636	0.00692	0.00212	0.00848	0.00621	0.00339	0.01042
22	0.02486	0.03112	0.02045	0.01970	0.06875	0.63888	0.01413	0.02681	0.01900	0.01746	0.01086	0.01305	0.00914	0.00740	0.00726	0.00189	0.05272	0.00470	0.00356	0.00827
23	0.01447	0.01240	0.01447	0.01034	0.01654	0.00930	0.00827	0.01757	0.01447	0.02274	0.01240	0.01447	0.01034	0.00517	0.00517	0.00103	0.00517	0.00413	0.00413	0.79742
24	0.02136	0.02531	0.02110	0.15822	0.10002	0.42957	0.01567	0.02392	0.01715	0.01780	0.01115	0.01456	0.00929	0.00765	0.00850	0.00208	0.09973	0.00520	0.00342	0.00829
25	0.00914	0.00695	0.00841	0.00837	0.01005	0.00622	0.00615	0.01161	0.01752	0.02346	0.39791	0.16415	0.27162	0.01654	0.00834	0.00235	0.00349	0.01441	0.00711	0.00622
26	0.01026	0.00709	0.00828	0.00819	0.00832	0.00727	0.00491	0.01061	0.01099	0.01487	0.07189	0.07134	0.02847	0.64508	0.03206	0.00614	0.03461	0.01054	0.00452	0.00458
27	0.01727	0.01658	0.02832	0.04283	0.71123	0.01658	0.02142	0.02142	0.01589	0.02280	0.01313	0.01727	0.01105	0.00622	0.00691	0.00207	0.00829	0.00622	0.00345	0.01105
28	0.01646	0.01234	0.01467	0.01058	0.01669	0.00942	0.00850	0.01951	0.01512	0.10472	0.01419	0.01557	0.01116	0.00558	0.00539	0.00117	0.00526	0.00448	0.00467	0.70453
29	0.02986	0.01283	0.01653	0.01274	0.01801	0.01184	0.01050	0.13267	0.02171	0.58674	0.02571	0.02278	0.01648	0.00858	0.00693	0.00213	0.00610	0.00689	0.03932	0.01166
30	0.01015	0.00677	0.00761	0.00761	0.00761	0.00677	0.00423	0.01015	0.01015	0.01353	0.02199	0.04567	0.02537	0.75476	0.03552	0.00677	0.00677	0.01015	0.00423	0.00423
31	0.02286	0.02264	0.01806	0.01562	0.01971	0.28998	0.01215	0.20642	0.21285	0.02829	0.01814	0.01839	0.01382	0.00821	0.00661	0.00202	0.00865	0.00606	0.05972	0.00982
32	0.00901	0.00656	0.00816	0.00905	0.00990	0.00610	0.00622	0.01045	0.01408	0.01854	0.10978	0.42386	0.15019	0.13311	0.01287	0.00332	0.00444	0.05251	0.00625	0.00562
33	0.01447	0.01240	0.01447	0.01034	0.01654	0.00930	0.00827	0.01757	0.01447	0.02274	0.01240	0.01447	0.01034	0.00517	0.00517	0.00103	0.00517	0.00413	0.00413	0.79742
34	0.01454	0.01264	0.01545	0.01104	0.01727	0.00961	0.03316	0.01775	0.01454	0.02272	0.01247	0.01463	0.01035	0.00519	0.00528	0.00108	0.00541	0.00428	0.00411	0.76847
35	0.01727	0.01658	0.02832	0.04283	0.71123	0.01658	0.02142	0.02142	0.01589	0.02280	0.01313	0.01727	0.01105	0.00622	0.00691	0.00207	0.00829	0.00622	0.00345	0.01105
36	0.00857	0.00610	0.00808	0.00964	0.01003	0.00571	0.00639	0.00973	0.01324	0.01765	0.03783	0.72325	0.04536	0.04990	0.00993	0.00298	0.00415	0.01947	0.00639	0.00561
37	0.01253	0.01142	0.01884	0.56476	0.07076	0.01369	0.01697	0.01661	0.01428	0.01862	0.05460	0.12215	0.01764	0.00942	0.00731	0.00238	0.00819	0.00845	0.00384	0.00755
38	0.02520	0.01656	0.02231	0.01805	0.06035	0.01693	0.10611	0.34420	0.02540	0.22782	0.05053	0.02064	0.01561	0.00825	0.00722	0.00215	0.00759	0.00704	0.00680	0.01124
39	0.01106	0.00806	0.00978	0.01029	0.01156	0.00795	0.00723	0.10409	0.01615	0.02136	0.03750	0.56093	0.09684	0.04998	0.00968	0.00285	0.00462	0.01712	0.00645	0.00649
40	0.01104	0.00766	0.00974	0.00996	0.01159	0.00725	0.00752	0.04421	0.01725	0.05037	0.25433	0.29153	0.12412	0.01744	0.00855	0.00257	0.00433	0.10695	0.00696	0.00663
41	0.07599	0.22037	0.08680	0.04406	0.02054	0.19179	0.01295	0.02495	0.04267	0.14127	0.01534	0.04271	0.01223	0.00758	0.00595	0.00190	0.00837	0.00551	0.00454	0.03448

[dist]
# distance from previous block
# <min> <max>
0	10

[block]
# block no. 1 follows, 30 sequences, length 25
# corresponding to MSA columns:
# 52-76
name=unknown_B
#
# <colnr> <probs for GDERKNQSTAVLIFYWHMCP>
#	G	D	E	R	K	N	Q	S	T	A	V	L	I	F	Y	W	H	M	C	P
0	0.01872	0.01413	0.01591	0.01222	0.01756	0.01340	0.00984	0.20029	0.10179	0.06778	0.04555	0.01903	0.01506	0.00724	0.00610	0.00161	0.00577	0.00577	0.03895	0.38328
1	0.01700	0.02115	0.15079	0.02850	0.26840	0.06555	0.13221	0.05777	0.01629	0.02241	0.01522	0.01865	0.04072	0.00771	0.00921	0.00227	0.10605	0.00661	0.00366	0.00981
2	0.01212	0.00606	0.00909	0.00909	0.00909	0.00606	0.00606	0.00909	0.00909	0.01212	0.01212	0.02121	0.01212	0.02424	0.02727	0.79697	0.00606	0.00606	0.00303	0.00303
3	0.01866	0.75896	0.03657	0.01194	0.01791	0.02761	0.01194	0.02090	0.01418	0.01642	0.00970	0.01119	0.00896	0.00597	0.00448	0.00149	0.00746	0.00373	0.00299	0.00896
4	0.06565	0.55771	0.08509	0.01238	0.01854	0.02363	0.01245	0.02214	0.01467	0.08712	0.01178	0.01284	0.00974	0.00629	0.00491	0.00164	0.00733	0.00418	0.00366	0.03823
5	0.01692	0.01962	0.09473	0.03385	0.36580	0.05384	0.23543	0.02183	0.01618	0.02221	0.01425	0.01984	0.01180	0.00674	0.00739	0.00221	0.00975	0.03394	0.00356	0.01011
6	0.48494	0.01283	0.01271	0.01051	0.01528	0.01343	0.00867	0.02609	0.01522	0.31408	0.01707	0.01646	0.01157	0.00737	0.00543	0.00216	0.00562	0.00512	0.00610	0.00934
7	0.02348	0.01803	0.01922	0.01544	0.02048	0.02022	0.01253	0.47136	0.25438	0.03906	0.02063	0.01984	0.01501	0.00874	0.00702	0.00218	0.00696	0.00682	0.00702	0.01159
8	0.00988	0.00713	0.00933	0.00878	0.01043	0.00658	0.00658	0.01317	0.01975	0.02798	0.70754	0.05213	0.06584	0.01427	0.00823	0.00219	0.00329	0.01262	0.00768	0.00658
9	0.01098	0.01042	0.00931	0.00908	0.01158	0.07871	0.00679	0.01457	0.08682	0.01967	0.05811	0.10519	0.52145	0.01607	0.00798	0.00234	0.00468	0.01336	0.00626	0.00663
10	0.01686	0.11704	0.11899	0.08073	0.08403	0.01867	0.27699	0.02151	0.01506	0.05686	0.01312	0.01691	0.01023	0.00715	0.00937	0.00229	0.11474	0.00656	0.00354	0.00934
11	0.02607	0.03326	0.01978	0.01798	0.02157	0.72674	0.01348	0.02787	0.01978	0.01708	0.01079	0.01258	0.00899	0.00719	0.00629	0.00180	0.01258	0.00449	0.00360	0.00809
12	0.00997	0.00748	0.01121	0.01121	0.01246	0.00872	0.00872	0.01246	0.01121	0.01620	0.01869	0.02741	0.01745	0.05234	0.72710	0.01121	0.01869	0.00748	0.00374	0.00623
13	0.01789	0.01661	0.02661	0.06173	0.54793	0.01754	0.01989	0.08986	0.01706	0.02422	0.01308	0.01706	0.01089	0.00706	0.00851	0.00218	0.08119	0.00621	0.00377	0.01068
14	0.02564	0.01933	0.02181	0.01669	0.02228	0.02126	0.04851	0.62780	0.05772	0.04227	0.01707	0.01722	0.01217	0.00829	0.00705	0.00212	0.00781	0.00645	0.00680	0.01171
15	0.01007	0.00676	0.00777	0.00784	0.00790	0.00679	0.00449	0.01022	0.01032	0.01381	0.02256	0.07470	0.02595	0.69718	0.06064	0.00677	0.00710	0.01046	0.00430	0.00437
16	0.80405	0.01350	0.01026	0.00918	0.01350	0.01565	0.00756	0.02051	0.01188	0.03131	0.00972	0.01134	0.00756	0.00648	0.00432	0.00216	0.00540	0.00378	0.00432	0.00756
17	0.00976	0.00701	0.00912	0.00880	0.01024	0.00651	0.00644	0.01268	0.01862	0.02623	0.60666	0.11760	0.06176	0.05580	0.00980	0.00251	0.00355	0.01316	0.00738	0.00637
18	0.00942	0.00689	0.00885	0.00883	0.01027	0.00632	0.00644	0.01211	0.01798	0.02488	0.49983	0.20883	0.12084	0.01627	0.00838	0.00235	0.00348	0.01442	0.00730	0.00632
19	0.02577	0.01910	0.02053	0.01570	0.02132	0.02086	0.01295	0.64569	0.03165	0.04264	0.01648	0.01661	0.01177	0.00817	0.00687	0.00203	0.00752	0.00615	0.00680	0.06140
20	0.02418	0.17982	0.02356	0.01784	0.05098	0.55380	0.01352	0.02617	0.01847	0.01719	0.01067	0.01251	0.00907	0.00690	0.00595	0.00175	0.01136	0.00441	0.00347	0.00840
21	0.01447	0.01240	0.01447	0.01034	0.01654	0.00930	0.00827	0.01757	0.01447	0.02274	0.01240	0.01447	0.01034	0.00517	0.00517	0.00103	0.00517	0.00413	0.00413	0.79742
22	0.02607	0.03326	0.01978	0.01798	0.02157	0.72674	0.01348	0.02787	0.01978	0.01708	0.01079	0.01258	0.00899	0.00719	0.00629	0.00180	0.01258	0.00449	0.00360	0.00809
23	0.01318	0.00949	0.01122	0.01090	0.01254	0.00979	0.00780	0.17256	0.01764	0.02366	0.05180	0.41426	0.03432	0.14091	0.03310	0.00352	0.00576	0.01440	0.00619	0.00696
24	0.00849	0.00613	0.00804	0.00956	0.01008	0.00568	0.00641	0.00973	0.01351	0.01788	0.04037	0.70976	0.08536	0.02161	0.00887	0.00281	0.00402	0.01954	0.00648	0.00568

[dist]
# distance from previous block
# <min> <max>
9	42

[block]
# block no. 2 follows, 30 sequences, length 88
# corresponding to MSA columns:
# 119-206
name=unknown_C
#
# <colnr> <probs for GDERKNQSTAVLIFYWHMCP>
#	G	D	E	R	K	N	Q	S	T	A	V	L	I	F	Y	W	H	M	C	P
0	0.01306	0.14657	0.01486	0.01005	0.01318	0.09312	0.00810	0.01568	0.03943	0.01930	0.09518	0.07059	0.32552	0.03873	0.00819	0.00227	0.00564	0.03613	0.00546	0.03896
1	0.01945	0.66035	0.03361	0.01186	0.01760	0.02518	0.01157	0.02178	0.01493	0.08070	0.03960	0.01400	0.01202	0.00655	0.00486	0.00158	0.00715	0.00439	0.00369	0.00913
2	0.02489	0.12238	0.02283	0.01522	0.02089	0.02192	0.01285	0.56476	0.02939	0.03918	0.01557	0.01588	0.01139	0.00790	0.00655	0.00196	0.00754	0.00583	0.00630	0.04678
3	0.75471	0.06033	0.01191	0.00935	0.01377	0.01641	0.00783	0.02054	0.01202	0.03037	0.00972	0.01133	0.00765	0.00645	0.00433	0.00212	0.00553	0.00378	0.00423	0.00765
4	0.02683	0.01906	0.02064	0.01583	0.02140	0.02093	0.01307	0.64687	0.03200	0.08620	0.01743	0.01719	0.01221	0.00839	0.00698	0.00210	0.00757	0.00633	0.00708	0.01187
5	0.01683	0.51152	0.22362	0.01387	0.02067	0.02314	0.01529	0.02055	0.01408	0.01781	0.01125	0.01434	0.00995	0.05319	0.00702	0.00202	0.00821	0.00453	0.00305	0.00903
6	0.00941	0.00863	0.05418	0.01089	0.01240	0.00695	0.03241	0.01163	0.01482	0.02025	0.16771	0.53994	0.04639	0.01883	0.00861	0.00265	0.00457	0.01707	0.00639	0.00628
7	0.01429	0.08151	0.67575	0.01939	0.02943	0.01692	0.02491	0.02202	0.01470	0.02174	0.01235	0.01451	0.00885	0.00659	0.00649	0.00216	0.01013	0.00507	0.00295	0.01023
8	0.01365	0.03421	0.67396	0.01925	0.02894	0.01554	0.02457	0.02132	0.01465	0.02183	0.01415	0.06094	0.01118	0.00759	0.00677	0.00225	0.00992	0.00608	0.00317	0.01002
9	0.01866	0.75896	0.03657	0.01194	0.01791	0.02761	0.01194	0.02090	0.01418	0.01642	0.00970	0.01119	0.00896	0.00597	0.00448	0.00149	0.00746	0.00373	0.00299	0.00896
10	0.01912	0.71336	0.03551	0.01232	0.01814	0.07153	0.01204	0.02133	0.01453	0.01646	0.00977	0.01128	0.00896	0.00605	0.00459	0.00151	0.00778	0.00378	0.00302	0.00890
11	0.00861	0.00615	0.00819	0.00964	0.01014	0.00574	0.00649	0.00998	0.01385	0.01860	0.09003	0.69640	0.04767	0.02128	0.00885	0.00278	0.00399	0.01928	0.00657	0.00574
12	0.01711	0.01641	0.02803	0.07100	0.68436	0.01654	0.02133	0.02127	0.01581	0.02260	0.01310	0.01733	0.01098	0.00625	0.00691	0.00208	0.00833	0.00622	0.00344	0.01092
13	0.02356	0.01807	0.01927	0.01546	0.02051	0.02026	0.01255	0.47743	0.24816	0.03920	0.02052	0.01976	0.01492	0.00873	0.00702	0.00218	0.00698	0.00680	0.00702	0.01160
14	0.03061	0.01230	0.01637	0.01263	0.01798	0.01097	0.01041	0.06062	0.04504	0.66399	0.02713	0.02355	0.01720	0.00866	0.00702	0.00216	0.00599	0.00702	0.00851	0.01185
15	0.00850	0.00607	0.00810	0.00972	0.01012	0.00567	0.00648	0.00972	0.01336	0.01781	0.03846	0.75020	0.04615	0.02186	0.00891	0.00283	0.00405	0.01984	0.00648	0.00567
16	0.80405	0.01350	0.01026	0.00918	0.01350	0.01565	0.00756	0.02051	0.01188	0.03131	0.00972	0.01134	0.00756	0.00648	0.00432	0.00216	0.00540	0.00378	0.00432	0.00756
17	0.01727	0.01658	0.02832	0.04283	0.71123	0.01658	0.02142	0.02142	0.01589	0.02280	0.01313	0.01727	0.01105	0.00622	0.00691	0.00207	0.00829	0.00622	0.00345	0.01105
18	0.01673	0.01666	0.03027	0.10367	0.51305	0.01670	0.15666	0.02128	0.01583	0.02225	0.01326	0.01771	0.01080	0.00622	0.00719	0.00215	0.00909	0.00663	0.00344	0.01042
19	0.01318	0.01240	0.02093	0.73798	0.04806	0.01550	0.01938	0.01783	0.01395	0.01783	0.01240	0.01860	0.00930	0.00698	0.00698	0.00233	0.00930	0.00620	0.00310	0.00775
20	0.01484	0.01313	0.02163	0.53671	0.16407	0.01533	0.01873	0.03792	0.01529	0.04602	0.04037	0.01981	0.01220	0.00723	0.00702	0.00226	0.00871	0.00649	0.00366	0.00857
21	0.01866	0.75896	0.03657	0.01194	0.01791	0.02761	0.01194	0.02090	0.01418	0.01642	0.00970	0.01119	0.00896	0.00597	0.00448	0.00149	0.00746	0.00373	0.00299	0.00896
22	0.80405	0.01350	0.01026	0.00918	0.01350	0.01565	0.00756	0.02051	0.01188	0.03131	0.00972	0.01134	0.00756	0.00648	0.00432	0.00216	0.00540	0.00378	0.00432	0.00756
23	0.01725	0.01691	0.02793	0.09124	0.61878	0.04031	0.04265	0.02141	0.01590	0.02224	0.01303	0.01726	0.01084	0.00629	0.00694	0.00209	0.00862	0.00622	0.00344	0.01066
24	0.05986	0.01799	0.01889	0.01574	0.04667	0.04475	0.01230	0.47736	0.07943	0.03794	0.01909	0.01930	0.03856	0.00847	0.00673	0.00206	0.00717	0.00647	0.04185	0.03938
25	0.02889	0.01230	0.01606	0.01265	0.01772	0.01127	0.01032	0.06277	0.08511	0.59349	0.02755	0.05150	0.01852	0.00921	0.00710	0.00220	0.00590	0.00756	0.00833	0.01156
26	0.01615	0.01259	0.01500	0.01132	0.01663	0.01071	0.00905	0.06784	0.01592	0.07252	0.01555	0.07016	0.01354	0.00730	0.00674	0.00144	0.04808	0.00578	0.00478	0.57888
27	0.01077	0.00822	0.01022	0.01016	0.01220	0.00728	0.00722	0.04313	0.01453	0.02021	0.03120	0.53967	0.03597	0.01723	0.00792	0.00237	0.00449	0.01544	0.00594	0.19583
28	0.01591	0.01779	0.03825	0.02843	0.05904	0.01672	0.61112	0.02138	0.01622	0.02203	0.01590	0.07325	0.01325	0.00708	0.00824	0.00238	0.01106	0.00903	0.00375	0.00919
29	0.01447	0.01240	0.01447	0.01034	0.01654	0.00930	0.00827	0.01757	0.01447	0.02274	0.01240	0.01447	0.01034	0.00517	0.00517	0.00103	0.00517	0.00413	0.00413	0.79742
30	0.00850	0.00607	0.00810	0.00972	0.01012	0.00567	0.00648	0.00972	0.01336	0.01781	0.03846	0.75020	0.04615	0.02186	0.00891	0.00283	0.00405	0.01984	0.00648	0.00567
31	0.01736	0.01499	0.01578	0.01420	0.01815	0.01736	0.01105	0.03708	0.69862	0.02919	0.02840	0.02604	0.02130	0.00947	0.00710	0.00237	0.00552	0.00789	0.00710	0.01105
32	0.02114	0.01525	0.01714	0.01529	0.04521	0.01681	0.01166	0.13855	0.45371	0.14646	0.02583	0.02385	0.01875	0.00903	0.00706	0.00228	0.00604	0.00743	0.00720	0.01131
33	0.00994	0.00754	0.00947	0.01046	0.01228	0.00707	0.00869	0.01248	0.01583	0.01992	0.04982	0.11652	0.29362	0.01883	0.00907	0.00286	0.00518	0.37778	0.00645	0.00618
34	0.01647	0.01882	0.04118	0.02941	0.03647	0.01765	0.68588	0.02235	0.01647	0.02235	0.01412	0.01882	0.01059	0.00588	0.00824	0.00235	0.01176	0.00824	0.00353	0.00941
35	0.01318	0.01240	0.02093	0.73798	0.04806	0.01550	0.01938	0.01783	0.01395	0.01783	0.01240	0.01860	0.00930	0.00698	0.00698	0.00233	0.00930	0.00620	0.00310	0.00775
36	0.01220	0.00936	0.01084	0.01050	0.01237	0.03388	0.00780	0.01701	0.11382	0.05598	0.30568	0.23933	0.08899	0.01533	0.00861	0.00242	0.02835	0.01333	0.00694	0.00725
37	0.01426	0.01380	0.01956	0.04050	0.01825	0.01895	0.01424	0.01606	0.01089	0.01672	0.01095	0.01752	0.01063	0.01914	0.14689	0.00447	0.59024	0.00635	0.00318	0.00739
38	0.00844	0.00703	0.00737	0.00738	0.00957	0.00596	0.00550	0.01035	0.01621	0.01981	0.13924	0.09726	0.60694	0.01749	0.00828	0.00236	0.00353	0.01473	0.00661	0.00596
39	0.42517	0.01429	0.01477	0.14818	0.02185	0.01637	0.01111	0.16718	0.01724	0.05731	0.01350	0.04124	0.01061	0.00763	0.00568	0.00220	0.00661	0.00549	0.00492	0.00864
40	0.01437	0.01281	0.02118	0.53732	0.10857	0.01467	0.03792	0.01870	0.01448	0.04614	0.01385	0.03883	0.01095	0.00720	0.00691	0.00220	0.00865	0.00650	0.00355	0.07521
41	0.00850	0.00607	0.00810	0.00972	0.01012	0.00567	0.00648	0.00972	0.01336	0.01781	0.03846	0.75020	0.04615	0.02186	0.00891	0.00283	0.00405	0.01984	0.00648	0.00567
42	0.00932	0.00711	0.00855	0.00819	0.01008	0.00635	0.00614	0.01208	0.01843	0.02484	0.48806	0.05731	0.28729	0.01544	0.00824	0.00225	0.00338	0.01335	0.00727	0.00635
43	0.01501	0.12696	0.60811	0.01882	0.02835	0.04272	0.02361	0.02215	0.01484	0.02121	0.01211	0.01421	0.00886	0.00657	0.00635	0.00211	0.01003	0.00495	0.00297	0.01006
44	0.01705	0.01785	0.07496	0.04018	0.63839	0.01658	0.02132	0.02206	0.04177	0.02299	0.01367	0.01743	0.01129	0.00637	0.00690	0.00209	0.00832	0.00621	0.00356	0.01100
45	0.01058	0.00838	0.01239	0.01204	0.01314	0.01019	0.00948	0.01296	0.01115	0.01627	0.01759	0.02601	0.01649	0.04769	0.64551	0.01027	0.10249	0.00732	0.00366	0.00639
46	0.77782	0.01344	0.01046	0.00929	0.01364	0.01547	0.00765	0.02097	0.01215	0.05455	0.01032	0.01176	0.00789	0.00655	0.00441	0.00216	0.00542	0.00389	0.00447	0.00770
47	0.01923	0.72537	0.03565	0.01196	0.01791	0.02683	0.01186	0.02149	0.01444	0.04787	0.01050	0.01176	0.00933	0.00609	0.00459	0.00152	0.00739	0.00388	0.00324	0.00909
48	0.04928	0.65624	0.03385	0.01245	0.01812	0.09880	0.01193	0.02160	0.01466	0.01705	0.00981	0.01134	0.00891	0.00611	0.00466	0.00155	0.00791	0.00381	0.00310	0.00881
49	0.00980	0.00730	0.01008	0.01008	0.01122	0.00804	0.00750	0.01176	0.01156	0.01601	0.02525	0.03532	0.09797	0.17774	0.51747	0.00938	0.01476	0.00880	0.00414	0.00582
50	0.01580	0.02302	0.21032	0.02661	0.03422	0.01743	0.49521	0.02208	0.01582	0.02208	0.01353	0.01766	0.01010	0.00631	0.00838	0.00234	0.03876	0.00738	0.00337	0.00957
51	0.14521	0.01568	0.01796	0.11442	0.02292	0.01711	0.01241	0.33977	0.02398	0.17017	0.04081	0.01876	0.01376	0.00814	0.00662	0.00215	0.00706	0.00625	0.00638	0.01045
52	0.01124	0.00803	0.01124	0.01285	0.01446	0.00803	0.01124	0.01446	0.01606	0.02088	0.03695	0.07871	0.04016	0.01928	0.00964	0.00321	0.00643	0.66426	0.00643	0.00643
53	0.01010	0.00692	0.00844	0.00867	0.00900	0.00707	0.00556	0.01079	0.01097	0.01476	0.02376	0.09135	0.02675	0.54983	0.12994	0.00686	0.00826	0.06170	0.00448	0.00478
54	0.01182	0.00934	0.01414	0.22948	0.02450	0.01026	0.01368	0.01547	0.01543	0.01997	0.02962	0.06076	0.03094	0.01560	0.00884	0.00295	0.00729	0.46766	0.00543	0.00682
55	0.01866	0.75896	0.03657	0.01194	0.01791	0.02761	0.01194	0.02090	0.01418	0.01642	0.00970	0.01119	0.00896	0.00597	0.00448	0.00149	0.00746	0.00373	0.00299	0.00896
56	0.01555	0.01330	0.01561	0.11678	0.04539	0.01495	0.01173	0.07274	0.38270	0.02645	0.05199	0.03296	0.12670	0.01067	0.00737	0.00235	0.00596	0.03096	0.00629	0.00955
57	0.01727	0.01658	0.02832	0.04283	0.71123	0.01658	0.02142	0.02142	0.01589	0.02280	0.01313	0.01727	0.01105	0.00622	0.00691	0.00207	0.00829	0.00622	0.00345	0.01105
58	0.00850	0.00607	0.00810	0.00972	0.01012	0.00567	0.00648	0.00972	0.01336	0.01781	0.03846	0.75020	0.04615	0.02186	0.00891	0.00283	0.00405	0.01984	0.00648	0.00567
59	0.02607	0.03326	0.01978	0.01798	0.02157	0.72674	0.01348	0.02787	0.01978	0.01708	0.01079	0.01258	0.00899	0.00719	0.00629	0.00180	0.01258	0.00449	0.00360	0.00809
60	0.02132	0.01513	0.02090	0.02350	0.26335	0.01483	0.01439	0.18225	0.02080	0.16349	0.06429	0.02040	0.01611	0.00761	0.00679	0.00195	0.00690	0.00653	0.00570	0.12377
61	0.01114	0.00796	0.01112	0.01273	0.01429	0.00794	0.01106	0.01427	0.01596	0.02076	0.03701	0.10493	0.04039	0.01938	0.00961	0.00320	0.00633	0.63910	0.00643	0.00640
62	0.01647	0.01882	0.04118	0.02941	0.03647	0.01765	0.68588	0.02235	0.01647	0.02235	0.01412	0.01882	0.01059	0.00588	0.00824	0.00235	0.01176	0.00824	0.00353	0.00941
63	0.01527	0.01527	0.02137	0.01832	0.01832	0.02137	0.01527	0.01679	0.01069	0.01679	0.00916	0.01527	0.00916	0.01221	0.02290	0.00305	0.74198	0.00611	0.00305	0.00763
64	0.02638	0.01915	0.02062	0.01588	0.02140	0.02113	0.01309	0.64546	0.05407	0.06539	0.01748	0.01728	0.01235	0.00842	0.00699	0.00211	0.00755	0.00636	0.00704	0.01184
65	0.00938	0.00711	0.00863	0.00825	0.01012	0.00637	0.00619	0.01220	0.01857	0.02517	0.51159	0.05675	0.26355	0.01531	0.00824	0.00224	0.00337	0.01327	0.00731	0.00637
66	0.15596	0.01214	0.01524	0.01189	0.01712	0.01113	0.00982	0.03183	0.01867	0.60560	0.02466	0.02175	0.01571	0.00829	0.00658	0.00216	0.00585	0.00650	0.00794	0.01118
67	0.01828	0.01605	0.01604	0.01439	0.01835	0.06155	0.01118	0.03642	0.63763	0.04717	0.02728	0.02513	0.02042	0.00930	0.00705	0.00233	0.00598	0.00765	0.00692	0.01088
68	0.00850	0.00607	0.00810	0.00972	0.01012	0.00567	0.00648	0.00972	0.01336	0.01781	0.03846	0.75020	0.04615	0.02186	0.00891	0.00283	0.00405	0.01984	0.00648	0.00567
69	0.01437	0.03031	0.52143	0.10404	0.06469	0.01633	0.10819	0.02161	0.01492	0.02168	0.01274	0.01581	0.00922	0.00656	0.00689	0.00223	0.01029	0.00571	0.00306	0.00994
70	0.01768	0.01736	0.02793	0.04168	0.67917	0.04959	0.02105	0.02172	0.01607	0.02253	0.01302	0.01705	0.01096	0.00626	0.00688	0.00206	0.00849	0.00614	0.00346	0.01092
71	0.00856	0.00610	0.00808	0.00964	0.01004	0.00571	0.00640	0.00973	0.01325	0.01767	0.03790	0.72602	0.04544	0.04702	0.00982	0.00297	0.00414	0.01951	0.00640	0.00562
72	0.01301	0.00650	0.00650	0.00650	0.00813	0.00650	0.00488	0.01626	0.01463	0.02602	0.02276	0.02602	0.01789	0.00813	0.00488	0.00163	0.00325	0.00650	0.79350	0.00650
73	0.01646	0.01486	0.02409	0.05682	0.40426	0.01506	0.07427	0.02263	0.11287	0.04955	0.02156	0.04947	0.06035	0.00862	0.00733	0.00225	0.00761	0.03725	0.00460	0.01010
74	0.01423	0.01296	0.02093	0.68136	0.04599	0.01599	0.01890	0.07039	0.01543	0.01988	0.01274	0.01846	0.00950	0.00709	0.00698	0.00231	0.00917	0.00621	0.00341	0.00807
75	0.00997	0.00748	0.01121	0.01121	0.01246	0.00872	0.00872	0.01246	0.01121	0.01620	0.01869	0.02741	0.01745	0.05234	0.72710	0.01121	0.01869	0.00748	0.00374	0.00623
76	0.01450	0.04244	0.02206	0.01783	0.01904	0.01870	0.08668	0.01669	0.01195	0.01778	0.03855	0.04349	0.01367	0.01615	0.09773	0.00378	0.50074	0.00712	0.00347	0.00761
77	0.01177	0.00912	0.01215	0.01209	0.01434	0.00897	0.04069	0.06033	0.04275	0.02259	0.08684	0.13426	0.17788	0.01713	0.00884	0.00278	0.00567	0.31843	0.00646	0.00693
78	0.01139	0.00870	0.01237	0.01180	0.01266	0.01059	0.00917	0.01315	0.01114	0.01657	0.01685	0.02556	0.01593	0.07978	0.43978	0.07533	0.15149	0.00718	0.06445	0.00613
79	0.06246	0.01613	0.02753	0.08181	0.55410	0.01635	0.07831	0.02106	0.01559	0.02290	0.01355	0.01863	0.01140	0.00657	0.00694	0.00215	0.00844	0.02213	0.00356	0.01039
80	0.01984	0.57497	0.03244	0.01348	0.01863	0.15910	0.01244	0.02195	0.01501	0.01657	0.00987	0.01171	0.00897	0.00660	0.00599	0.00165	0.05494	0.00403	0.00310	0.00871
81	0.01698	0.01635	0.02800	0.08640	0.62351	0.01657	0.04647	0.02165	0.03455	0.02264	0.01354	0.01766	0.01120	0.00634	0.00697	0.00211	0.00841	0.00634	0.00353	0.01078
82	0.02608	0.03279	0.01982	0.01791	0.02158	0.70262	0.01348	0.05044	0.02022	0.01800	0.01099	0.01273	0.00909	0.00723	0.00632	0.00181	0.01242	0.00456	0.00371	0.00822
83	0.01425	0.01217	0.01423	0.01031	0.01630	0.00917	0.00820	0.01728	0.01443	0.02255	0.01338	0.04204	0.01168	0.00579	0.00531	0.00110	0.00513	0.00472	0.00422	0.76775
84	0.00861	0.00632	0.00811	0.00944	0.01020	0.00582	0.00650	0.01004	0.01401	0.01837	0.06168	0.60721	0.14079	0.02095	0.00882	0.00276	0.00405	0.04407	0.00651	0.00575
85	0.00838	0.00657	0.00759	0.00840	0.00978	0.00578	0.00589	0.00986	0.01462	0.01833	0.05444	0.41158	0.37446	0.01979	0.00858	0.00260	0.00379	0.01730	0.00648	0.00578
86	0.00991	0.00717	0.00914	0.00923	0.01055	0.00676	0.00663	0.03465	0.01748	0.02412	0.40274	0.29072	0.08175	0.04497	0.00946	0.00259	0.00384	0.01487	0.00706	0.00633
87	0.25784	0.01455	0.01554	0.06608	0.01946	0.01532	0.01053	0.18152	0.06835	0.12123	0.01577	0.01643	0.01149	0.00723	0.00586	0.00197	0.00627	0.00534	0.00559	0.15364

[dist]
# distance from previous block
# <min> <max>
0	3

# created by:
# /st0/software/busco_prod/Augustus/scripts/msa2prfl.pl ./align_prep/153574.fa
