[name]
unknown

[dist]
# distance from previous block
# <min> <max>
14	31

[block]
# block no. 0 follows, 29 sequences, length 75
# corresponding to MSA columns:
# 38-112
name=unknown_A
#
# <colnr> <probs for GDERKNQSTAVLIFYWHMCP>
#	G	D	E	R	K	N	Q	S	T	A	V	L	I	F	Y	W	H	M	C	P
0	0.01128	0.00757	0.00930	0.00979	0.01099	0.00727	0.00684	0.05073	0.01522	0.04920	0.06175	0.43012	0.10151	0.12621	0.01265	0.00330	0.00481	0.03863	0.03650	0.00632
1	0.04243	0.00828	0.01015	0.03407	0.01248	0.00833	0.00739	0.03816	0.01522	0.06830	0.10127	0.30869	0.09563	0.12042	0.01256	0.00315	0.03034	0.01365	0.06285	0.00663
2	0.01285	0.00956	0.01036	0.01035	0.01186	0.04932	0.00723	0.06494	0.01559	0.04659	0.05258	0.37995	0.05460	0.15465	0.01340	0.00333	0.00548	0.01420	0.04752	0.03563
3	0.01103	0.00836	0.00972	0.00976	0.01172	0.00797	0.00741	0.07589	0.01744	0.02249	0.12215	0.20189	0.28842	0.06503	0.01043	0.00288	0.00474	0.10943	0.00664	0.00660
4	0.02076	0.01812	0.05322	0.01408	0.01820	0.10776	0.01160	0.33256	0.02451	0.03263	0.07164	0.10073	0.02081	0.03602	0.00808	0.00230	0.00730	0.00828	0.10192	0.00948
5	0.09103	0.00895	0.03839	0.00930	0.01078	0.00806	0.00669	0.01339	0.01281	0.05514	0.04815	0.23763	0.05090	0.33021	0.01988	0.00440	0.00576	0.01220	0.03036	0.00595
6	0.02213	0.01617	0.01831	0.08684	0.02210	0.01757	0.01239	0.44201	0.02696	0.06094	0.02349	0.06584	0.07703	0.00998	0.00721	0.00218	0.00707	0.00798	0.03962	0.03420
7	0.43932	0.01433	0.03417	0.03220	0.03687	0.01533	0.00987	0.11187	0.05504	0.05105	0.01650	0.09539	0.01462	0.03738	0.00699	0.00247	0.00611	0.00677	0.00521	0.00851
8	0.10322	0.01761	0.01869	0.01468	0.01973	0.01940	0.01201	0.51585	0.02850	0.06932	0.01734	0.01863	0.01282	0.03671	0.03170	0.00261	0.00770	0.00638	0.03613	0.01099
9	0.01865	0.00918	0.01226	0.01041	0.01359	0.00819	0.00819	0.02177	0.02024	0.29578	0.43758	0.04184	0.04776	0.01231	0.00791	0.00223	0.00442	0.01064	0.00822	0.00884
10	0.04297	0.25658	0.21111	0.01573	0.02207	0.01983	0.03605	0.04466	0.03481	0.13104	0.01470	0.01621	0.01120	0.00897	0.02938	0.00238	0.08269	0.00544	0.00429	0.00989
11	0.13691	0.01234	0.01570	0.01222	0.01758	0.01122	0.01009	0.03282	0.01925	0.61757	0.02561	0.02251	0.01627	0.00851	0.00678	0.00220	0.00598	0.00671	0.00821	0.01152
12	0.01017	0.00763	0.01144	0.01144	0.01272	0.00890	0.00890	0.01272	0.01144	0.01653	0.01907	0.02797	0.01780	0.05340	0.72153	0.01144	0.01907	0.00763	0.00381	0.00636
13	0.01759	0.01700	0.02940	0.04319	0.68020	0.01696	0.04659	0.02189	0.01624	0.02325	0.01343	0.01768	0.01126	0.00633	0.00710	0.00213	0.00859	0.00642	0.00353	0.01122
14	0.02660	0.03394	0.02018	0.01834	0.02201	0.72116	0.01376	0.02843	0.02018	0.01743	0.01101	0.01284	0.00917	0.00734	0.00642	0.00183	0.01284	0.00459	0.00367	0.00825
15	0.01040	0.00797	0.01189	0.01175	0.01297	0.00945	0.00919	0.01290	0.01142	0.01656	0.01866	0.02744	0.01744	0.05165	0.69162	0.01109	0.04982	0.00757	0.00378	0.00642
16	0.01771	0.01530	0.01610	0.01449	0.01852	0.01771	0.01127	0.03784	0.69247	0.02979	0.02898	0.02657	0.02174	0.00966	0.00725	0.00242	0.00564	0.00805	0.00725	0.01127
17	0.01008	0.00728	0.00952	0.00896	0.01064	0.00672	0.00672	0.01344	0.02016	0.02855	0.70158	0.05319	0.06719	0.01456	0.00840	0.00224	0.00336	0.01288	0.00784	0.00672
18	0.80005	0.01377	0.01047	0.00936	0.01377	0.01597	0.00771	0.02093	0.01212	0.03195	0.00991	0.01157	0.00771	0.00661	0.00441	0.00220	0.00551	0.00386	0.00441	0.00771
19	0.10146	0.59601	0.10925	0.01278	0.01919	0.02559	0.01327	0.02142	0.01428	0.01901	0.01022	0.01184	0.00897	0.00622	0.00479	0.00168	0.00771	0.00397	0.00319	0.00914
20	0.02679	0.06240	0.02211	0.01600	0.02171	0.02199	0.01334	0.61829	0.03187	0.06879	0.01710	0.01704	0.01215	0.00842	0.00698	0.00210	0.00775	0.00629	0.00695	0.01194
21	0.01001	0.00754	0.00942	0.01059	0.01154	0.00754	0.00730	0.01403	0.11371	0.01989	0.03773	0.63918	0.04336	0.02044	0.00882	0.00282	0.00435	0.01845	0.00670	0.00659
22	0.80005	0.01377	0.01047	0.00936	0.01377	0.01597	0.00771	0.02093	0.01212	0.03195	0.00991	0.01157	0.00771	0.00661	0.00441	0.00220	0.00551	0.00386	0.00441	0.00771
23	0.01237	0.00618	0.00928	0.00928	0.00928	0.00618	0.00618	0.00928	0.00928	0.01237	0.01237	0.02165	0.01237	0.02474	0.02783	0.79283	0.00618	0.00618	0.00309	0.00309
24	0.01028	0.00721	0.00930	0.00930	0.00983	0.00774	0.00623	0.01134	0.01081	0.01494	0.02103	0.03883	0.02252	0.45950	0.32189	0.00880	0.01198	0.00922	0.00411	0.00517
25	0.01963	0.69990	0.03614	0.01249	0.01856	0.02773	0.01228	0.07001	0.01587	0.01883	0.01043	0.01184	0.00936	0.00627	0.00476	0.00157	0.00763	0.00400	0.00335	0.00936
26	0.02144	0.02266	0.01951	0.02067	0.14402	0.30879	0.01371	0.06956	0.15231	0.04499	0.02258	0.02312	0.08807	0.00891	0.00698	0.00209	0.00908	0.00693	0.00506	0.00953
27	0.01216	0.01061	0.01703	0.01509	0.01760	0.01046	0.15456	0.03681	0.10058	0.02147	0.03184	0.47342	0.03489	0.01673	0.00865	0.00270	0.00616	0.01569	0.00605	0.00751
28	0.05602	0.03429	0.62922	0.02000	0.02973	0.01673	0.04770	0.02229	0.01480	0.02288	0.01257	0.01501	0.00902	0.00692	0.00725	0.00229	0.03458	0.00533	0.00311	0.01025
29	0.01793	0.01874	0.05017	0.11114	0.55151	0.08278	0.02103	0.02212	0.01634	0.02217	0.01307	0.01723	0.01082	0.00653	0.00699	0.00212	0.00904	0.00614	0.00348	0.01063
30	0.01628	0.01322	0.01530	0.01120	0.01732	0.01075	0.00898	0.05878	0.05554	0.04975	0.01443	0.01593	0.01155	0.00585	0.00557	0.00124	0.00547	0.00468	0.00473	0.67343
31	0.02176	0.08179	0.04727	0.01815	0.08364	0.10207	0.01384	0.19381	0.18078	0.08099	0.01911	0.04239	0.01497	0.00892	0.00800	0.00221	0.05717	0.00681	0.00575	0.01057
32	0.01313	0.00789	0.01037	0.00954	0.01169	0.00717	0.00722	0.01616	0.01949	0.12785	0.52442	0.11248	0.07564	0.01451	0.00828	0.00230	0.00383	0.01277	0.00784	0.00741
33	0.02502	0.18461	0.02376	0.01706	0.02123	0.57616	0.01343	0.02695	0.01898	0.01729	0.01077	0.01254	0.00917	0.00708	0.00603	0.00177	0.01175	0.00442	0.00354	0.00844
34	0.01017	0.00763	0.01144	0.01144	0.01272	0.00890	0.00890	0.01272	0.01144	0.01653	0.01907	0.02797	0.01780	0.05340	0.72153	0.01144	0.01907	0.00763	0.00381	0.00636
35	0.05832	0.08625	0.09479	0.05614	0.03423	0.01860	0.50156	0.02236	0.01609	0.02253	0.01355	0.01774	0.01029	0.00615	0.00766	0.00230	0.01103	0.00740	0.00353	0.00947
36	0.01760	0.01700	0.02934	0.04325	0.68285	0.01696	0.04399	0.02189	0.01623	0.02325	0.01343	0.01768	0.01126	0.00633	0.00710	0.00212	0.00858	0.00641	0.00353	0.01122
37	0.01237	0.00618	0.00928	0.00928	0.00928	0.00618	0.00618	0.00928	0.00928	0.01237	0.01237	0.02165	0.01237	0.02474	0.02783	0.79283	0.00618	0.00618	0.00309	0.00309
38	0.02340	0.01051	0.01390	0.01135	0.01544	0.00940	0.00911	0.02706	0.04896	0.43493	0.25062	0.03528	0.05629	0.01103	0.00761	0.00223	0.00508	0.00933	0.00835	0.01011
39	0.02655	0.26130	0.02454	0.01334	0.01908	0.01896	0.01172	0.17443	0.02133	0.33066	0.01957	0.01837	0.01357	0.00785	0.00629	0.00196	0.00697	0.00588	0.00651	0.01112
40	0.18212	0.06892	0.01928	0.01558	0.05907	0.06219	0.01202	0.24717	0.09760	0.14185	0.01763	0.01755	0.01274	0.00795	0.00637	0.00213	0.00717	0.00590	0.00615	0.01063
41	0.01762	0.01692	0.02890	0.04371	0.70533	0.01692	0.02185	0.02185	0.01621	0.02326	0.01339	0.01762	0.01128	0.00634	0.00705	0.00211	0.00846	0.00634	0.00352	0.01128
42	0.02254	0.02564	0.08140	0.02014	0.10328	0.30708	0.01509	0.15854	0.11517	0.02587	0.01774	0.01871	0.04099	0.00819	0.00687	0.00207	0.00972	0.00614	0.00491	0.00991
43	0.01036	0.00690	0.00777	0.00777	0.00777	0.00690	0.00431	0.01036	0.01036	0.01381	0.02244	0.04660	0.02589	0.74975	0.03624	0.00690	0.00690	0.01036	0.00431	0.00431
44	0.05929	0.01924	0.02040	0.01590	0.02139	0.02140	0.01307	0.59205	0.09525	0.04289	0.01792	0.01776	0.01284	0.00857	0.00702	0.00217	0.00753	0.00646	0.00702	0.01184
45	0.00868	0.00620	0.00826	0.00991	0.01033	0.00578	0.00661	0.00991	0.01363	0.01818	0.03925	0.74510	0.04710	0.02231	0.00909	0.00289	0.00413	0.02024	0.00661	0.00578
46	0.80005	0.01377	0.01047	0.00936	0.01377	0.01597	0.00771	0.02093	0.01212	0.03195	0.00991	0.01157	0.00771	0.00661	0.00441	0.00220	0.00551	0.00386	0.00441	0.00771
47	0.01904	0.75404	0.03731	0.01218	0.01828	0.02818	0.01218	0.02132	0.01447	0.01675	0.00990	0.01142	0.00914	0.00609	0.00457	0.00152	0.00761	0.00381	0.00305	0.00914
48	0.01036	0.00690	0.00777	0.00777	0.00777	0.00690	0.00431	0.01036	0.01036	0.01381	0.02244	0.04660	0.02589	0.74975	0.03624	0.00690	0.00690	0.01036	0.00431	0.00431
49	0.00868	0.00620	0.00826	0.00991	0.01033	0.00578	0.00661	0.00991	0.01363	0.01818	0.03925	0.74510	0.04710	0.02231	0.00909	0.00289	0.00413	0.02024	0.00661	0.00578
50	0.00851	0.00722	0.00735	0.00732	0.00968	0.00605	0.00549	0.01041	0.01646	0.01978	0.10879	0.06763	0.66545	0.01783	0.00841	0.00239	0.00359	0.01490	0.00668	0.00605
51	0.01036	0.00690	0.00777	0.00777	0.00777	0.00690	0.00431	0.01036	0.01036	0.01381	0.02244	0.04660	0.02589	0.74975	0.03624	0.00690	0.00690	0.01036	0.00431	0.00431
52	0.02660	0.03394	0.02018	0.01834	0.02201	0.72116	0.01376	0.02843	0.02018	0.01743	0.01101	0.01284	0.00917	0.00734	0.00642	0.00183	0.01284	0.00459	0.00367	0.00825
53	0.01771	0.01530	0.01610	0.01449	0.01852	0.01771	0.01127	0.03784	0.69247	0.02979	0.02898	0.02657	0.02174	0.00966	0.00725	0.00242	0.00564	0.00805	0.00725	0.01127
54	0.01950	0.70964	0.03626	0.01256	0.01851	0.07090	0.01228	0.02176	0.01482	0.01679	0.00997	0.01151	0.00914	0.00617	0.00468	0.00154	0.00794	0.00386	0.00308	0.00908
55	0.02489	0.02735	0.01959	0.01717	0.02132	0.43840	0.01321	0.16121	0.15922	0.02543	0.01587	0.01648	0.01231	0.00805	0.00673	0.00201	0.01038	0.00565	0.00509	0.00964
56	0.02660	0.03394	0.02018	0.01834	0.02201	0.72116	0.01376	0.02843	0.02018	0.01743	0.01101	0.01284	0.00917	0.00734	0.00642	0.00183	0.01284	0.00459	0.00367	0.00825
57	0.01558	0.01558	0.02181	0.01869	0.01869	0.02181	0.01558	0.01714	0.01091	0.01714	0.00935	0.01558	0.00935	0.01246	0.02337	0.00312	0.73672	0.00623	0.00312	0.00779
58	0.02603	0.01943	0.02078	0.01617	0.02169	0.02160	0.01328	0.61002	0.10675	0.04320	0.01842	0.01815	0.01318	0.00867	0.00714	0.00217	0.00759	0.00659	0.00714	0.01202
59	0.00994	0.00724	0.00935	0.00889	0.01057	0.00665	0.00664	0.01314	0.01973	0.02770	0.64497	0.07500	0.10351	0.01499	0.00842	0.00227	0.00340	0.01323	0.00773	0.00665
60	0.00994	0.00775	0.00907	0.00866	0.01075	0.00714	0.00652	0.01376	0.06060	0.02518	0.42629	0.05722	0.29988	0.01554	0.00833	0.00231	0.00359	0.01337	0.00735	0.00674
61	0.01681	0.01921	0.04202	0.03001	0.03721	0.01801	0.67947	0.02281	0.01681	0.02281	0.01441	0.01921	0.01080	0.00600	0.00840	0.00240	0.01200	0.00840	0.00360	0.00960
62	0.01807	0.01547	0.01630	0.01456	0.01865	0.01788	0.01136	0.06222	0.66751	0.03036	0.02853	0.02621	0.02137	0.00962	0.00724	0.00240	0.00572	0.00799	0.00724	0.01130
63	0.01019	0.00754	0.01099	0.01099	0.01210	0.00865	0.00833	0.01242	0.01131	0.01619	0.01949	0.03028	0.01880	0.13974	0.63657	0.01088	0.01756	0.00797	0.00388	0.00610
64	0.02548	0.14010	0.02270	0.01744	0.02146	0.61900	0.01353	0.02739	0.01934	0.01733	0.01084	0.01263	0.00917	0.00715	0.00615	0.00179	0.01207	0.00447	0.00358	0.00839
65	0.01245	0.00864	0.00978	0.00929	0.01019	0.00886	0.00598	0.10399	0.01432	0.01917	0.04453	0.13633	0.02806	0.52659	0.02770	0.00556	0.00655	0.01121	0.00512	0.00567
66	0.01819	0.01578	0.01827	0.01890	0.11996	0.01783	0.01295	0.06956	0.55788	0.02962	0.02605	0.02475	0.01969	0.00911	0.00721	0.00236	0.00617	0.00771	0.00669	0.01132
67	0.01691	0.01460	0.01533	0.01386	0.01775	0.01670	0.01076	0.03545	0.63404	0.02888	0.03271	0.03019	0.08055	0.01038	0.00735	0.00241	0.00546	0.00865	0.00719	0.01082
68	0.01017	0.00763	0.01144	0.01144	0.01272	0.00890	0.00890	0.01272	0.01144	0.01653	0.01907	0.02797	0.01780	0.05340	0.72153	0.01144	0.01907	0.00763	0.00381	0.00636
69	0.01817	0.02027	0.10579	0.03759	0.54062	0.05813	0.02125	0.05059	0.03584	0.02394	0.01377	0.01728	0.01122	0.00664	0.00699	0.00212	0.00885	0.00617	0.00373	0.01105
70	0.01514	0.04313	0.15726	0.01406	0.01799	0.03618	0.01284	0.16296	0.01837	0.02475	0.02542	0.33765	0.02702	0.03788	0.00927	0.00265	0.03124	0.01223	0.00558	0.00838
71	0.01327	0.00664	0.00664	0.00664	0.00830	0.00664	0.00498	0.01659	0.01493	0.02655	0.02323	0.02655	0.01825	0.00830	0.00498	0.00166	0.00332	0.00664	0.78928	0.00664
72	0.01904	0.75404	0.03731	0.01218	0.01828	0.02818	0.01218	0.02132	0.01447	0.01675	0.00990	0.01142	0.00914	0.00609	0.00457	0.00152	0.00761	0.00381	0.00305	0.00914
73	0.01184	0.07274	0.01407	0.01163	0.01350	0.01119	0.00926	0.04878	0.01283	0.01795	0.01830	0.02667	0.01706	0.07332	0.59581	0.00992	0.01703	0.00734	0.00394	0.00683
74	0.05317	0.40822	0.12104	0.01551	0.02168	0.15863	0.04956	0.06137	0.01677	0.02024	0.01115	0.01292	0.00933	0.00658	0.00556	0.00179	0.00916	0.00455	0.00348	0.00929

[dist]
# distance from previous block
# <min> <max>
0	3

[block]
# block no. 1 follows, 29 sequences, length 17
# corresponding to MSA columns:
# 116-132
name=unknown_B
#
# <colnr> <probs for GDERKNQSTAVLIFYWHMCP>
#	G	D	E	R	K	N	Q	S	T	A	V	L	I	F	Y	W	H	M	C	P
0	0.12721	0.35869	0.16577	0.01513	0.02167	0.09255	0.04706	0.06047	0.01604	0.02200	0.01122	0.01301	0.00917	0.00656	0.00550	0.00187	0.00865	0.00456	0.00355	0.00932
1	0.02427	0.12843	0.02390	0.02112	0.12307	0.46754	0.01473	0.07744	0.01985	0.02034	0.01169	0.01369	0.00971	0.00711	0.00632	0.00186	0.01109	0.00488	0.00383	0.00913
2	0.01974	0.68948	0.03591	0.01255	0.01861	0.02764	0.01230	0.07939	0.01614	0.01923	0.01053	0.01192	0.00940	0.00631	0.00479	0.00158	0.00763	0.00404	0.00340	0.00940
3	0.01859	0.01714	0.01650	0.01487	0.01886	0.08717	0.01152	0.03691	0.62609	0.02857	0.02721	0.02521	0.02050	0.00943	0.00716	0.00236	0.00635	0.00771	0.00689	0.01097
4	0.01248	0.01002	0.01146	0.01136	0.03914	0.01020	0.00812	0.05604	0.15797	0.02395	0.15697	0.04850	0.25258	0.11227	0.03308	0.00324	0.00541	0.03312	0.00648	0.00759
5	0.01547	0.02371	0.24525	0.02564	0.03339	0.01671	0.43276	0.02184	0.01604	0.02241	0.01563	0.06816	0.01277	0.00736	0.00795	0.00239	0.01101	0.00826	0.00363	0.00962
6	0.01196	0.00631	0.00941	0.00951	0.00964	0.00640	0.00645	0.00962	0.00972	0.01307	0.01452	0.06403	0.01486	0.02715	0.08843	0.67768	0.00721	0.00713	0.00336	0.00354
7	0.02647	0.01848	0.02022	0.01560	0.02104	0.02012	0.01285	0.58347	0.03151	0.10305	0.05967	0.01992	0.01595	0.00894	0.00720	0.00215	0.00741	0.00687	0.00732	0.01178
8	0.02848	0.04469	0.01977	0.01472	0.02023	0.04506	0.01216	0.34604	0.04625	0.31589	0.02146	0.01993	0.01443	0.00855	0.00702	0.00214	0.00723	0.00660	0.00753	0.01182
9	0.02410	0.01262	0.01540	0.01245	0.01725	0.01198	0.01001	0.08097	0.14378	0.37402	0.03085	0.05858	0.08620	0.01012	0.00721	0.00218	0.00573	0.00834	0.00767	0.08054
10	0.02036	0.62792	0.03431	0.01326	0.01893	0.14954	0.01246	0.02257	0.01547	0.01687	0.01009	0.01167	0.00914	0.00631	0.00489	0.00158	0.00853	0.00394	0.00316	0.00898
11	0.01534	0.01299	0.01507	0.01082	0.01712	0.01008	0.00867	0.04871	0.01563	0.02421	0.01286	0.01487	0.01062	0.00543	0.00536	0.00110	0.00539	0.00432	0.00435	0.75706
12	0.02702	0.02133	0.02125	0.01658	0.02208	0.09110	0.01356	0.61710	0.03217	0.04217	0.01649	0.01668	0.01182	0.00843	0.00705	0.00211	0.00833	0.00623	0.00678	0.01173
13	0.02843	0.02179	0.01951	0.01583	0.02086	0.23133	0.01266	0.28311	0.02539	0.24186	0.01864	0.01800	0.01292	0.00826	0.00692	0.00207	0.00881	0.00609	0.00659	0.01094
14	0.01971	0.01511	0.01639	0.01428	0.01853	0.01699	0.01123	0.09392	0.54298	0.09964	0.05103	0.02641	0.02203	0.00965	0.00727	0.00236	0.00580	0.00798	0.00741	0.01127
15	0.04374	0.05686	0.04869	0.01426	0.01929	0.03683	0.04326	0.25400	0.03923	0.17455	0.10961	0.02734	0.08123	0.00981	0.00722	0.00217	0.00686	0.00796	0.00678	0.01028
16	0.01417	0.01191	0.01324	0.01104	0.01533	0.01126	0.00862	0.04021	0.21665	0.02572	0.11950	0.03343	0.15066	0.01027	0.00691	0.00190	0.00489	0.00857	0.00612	0.28961

[dist]
# distance from previous block
# <min> <max>
0	2

[block]
# block no. 2 follows, 29 sequences, length 46
# corresponding to MSA columns:
# 135-180
name=unknown_C
#
# <colnr> <probs for GDERKNQSTAVLIFYWHMCP>
#	G	D	E	R	K	N	Q	S	T	A	V	L	I	F	Y	W	H	M	C	P
0	0.01051	0.03732	0.01089	0.00930	0.01115	0.00805	0.00715	0.01365	0.01933	0.02702	0.60516	0.05131	0.10805	0.01439	0.00877	0.00225	0.02905	0.01244	0.00740	0.00680
1	0.02203	0.01714	0.01847	0.01531	0.02000	0.01928	0.01236	0.36802	0.30208	0.03677	0.02285	0.02385	0.01739	0.01102	0.03236	0.00262	0.00728	0.03278	0.00703	0.01135
2	0.00982	0.00727	0.00918	0.00888	0.01064	0.00663	0.00670	0.01284	0.01912	0.02635	0.54644	0.08116	0.16983	0.01562	0.00849	0.00233	0.00356	0.04104	0.00754	0.00656
3	0.02697	0.04474	0.04012	0.01315	0.01883	0.01305	0.01120	0.13330	0.02096	0.43638	0.02271	0.02116	0.01519	0.00980	0.03364	0.00236	0.00693	0.00647	0.00732	0.11573
4	0.00996	0.00727	0.00935	0.00883	0.01056	0.00667	0.00662	0.01320	0.01987	0.02788	0.65590	0.05430	0.11328	0.01481	0.00840	0.00225	0.00338	0.01303	0.00775	0.00667
5	0.01477	0.01266	0.01477	0.01055	0.01687	0.00949	0.00844	0.01793	0.01477	0.02320	0.01266	0.01477	0.01055	0.00527	0.00527	0.00105	0.00527	0.00422	0.00422	0.79328
6	0.00868	0.00620	0.00826	0.00991	0.01033	0.00578	0.00661	0.00991	0.01363	0.01818	0.03925	0.74510	0.04710	0.02231	0.00909	0.00289	0.00413	0.02024	0.00661	0.00578
7	0.00979	0.00715	0.00976	0.04102	0.01281	0.00691	0.00801	0.01220	0.01623	0.02206	0.25262	0.38064	0.05100	0.01871	0.00890	0.00272	0.00451	0.12180	0.00685	0.00630
8	0.01762	0.01692	0.02890	0.04371	0.70533	0.01692	0.02185	0.02185	0.01621	0.02326	0.01339	0.01762	0.01128	0.00634	0.00705	0.00211	0.00846	0.00634	0.00352	0.01128
9	0.01338	0.02848	0.50593	0.01720	0.02522	0.01413	0.02074	0.02094	0.04607	0.02437	0.18618	0.02511	0.02416	0.00885	0.00720	0.00226	0.00851	0.00729	0.00440	0.00960
10	0.80005	0.01377	0.01047	0.00936	0.01377	0.01597	0.00771	0.02093	0.01212	0.03195	0.00991	0.01157	0.00771	0.00661	0.00441	0.00220	0.00551	0.00386	0.00441	0.00771
11	0.01505	0.01169	0.01415	0.01349	0.04217	0.01148	0.01040	0.07142	0.14636	0.04331	0.05574	0.06693	0.05461	0.04015	0.00879	0.00250	0.00593	0.19602	0.00613	0.18368
12	0.02122	0.02096	0.01782	0.01577	0.01988	0.21197	0.01221	0.10795	0.43287	0.02809	0.02269	0.02172	0.01719	0.00890	0.00700	0.00222	0.00787	0.00691	0.00625	0.01053
13	0.01017	0.00763	0.01144	0.01144	0.01272	0.00890	0.00890	0.01272	0.01144	0.01653	0.01907	0.02797	0.01780	0.05340	0.72153	0.01144	0.01907	0.00763	0.00381	0.00636
14	0.01036	0.00690	0.00777	0.00777	0.00777	0.00690	0.00431	0.01036	0.01036	0.01381	0.02244	0.04660	0.02589	0.74975	0.03624	0.00690	0.00690	0.01036	0.00431	0.00431
15	0.01036	0.00690	0.00777	0.00777	0.00777	0.00690	0.00431	0.01036	0.01036	0.01381	0.02244	0.04660	0.02589	0.74975	0.03624	0.00690	0.00690	0.01036	0.00431	0.00431
16	0.02707	0.01995	0.02137	0.01638	0.02208	0.02208	0.01353	0.68159	0.03348	0.04488	0.01710	0.01710	0.01211	0.00855	0.00712	0.00214	0.00784	0.00641	0.00712	0.01211
17	0.41885	0.01682	0.01584	0.01283	0.01787	0.01899	0.01058	0.34674	0.02265	0.03832	0.01346	0.01429	0.00988	0.00757	0.00575	0.00217	0.00666	0.00512	0.00575	0.00988
18	0.02041	0.58650	0.03317	0.01344	0.01899	0.15830	0.01244	0.02337	0.04478	0.01744	0.01093	0.01234	0.00969	0.00648	0.00503	0.00162	0.00851	0.00414	0.00334	0.00906
19	0.01017	0.00763	0.01144	0.01144	0.01272	0.00890	0.00890	0.01272	0.01144	0.01653	0.01907	0.02797	0.01780	0.05340	0.72153	0.01144	0.01907	0.00763	0.00381	0.00636
20	0.01904	0.75404	0.03731	0.01218	0.01828	0.02818	0.01218	0.02132	0.01447	0.01675	0.00990	0.01142	0.00914	0.00609	0.00457	0.00152	0.00761	0.00381	0.00305	0.00914
21	0.80005	0.01377	0.01047	0.00936	0.01377	0.01597	0.00771	0.02093	0.01212	0.03195	0.00991	0.01157	0.00771	0.00661	0.00441	0.00220	0.00551	0.00386	0.00441	0.00771
22	0.01538	0.21608	0.50696	0.01769	0.02657	0.01895	0.02173	0.02157	0.01460	0.02057	0.01203	0.01446	0.00922	0.00750	0.00728	0.04207	0.00957	0.00494	0.00302	0.00980
23	0.01681	0.01921	0.04202	0.03001	0.03721	0.01801	0.67947	0.02281	0.01681	0.02281	0.01441	0.01921	0.01080	0.00600	0.00840	0.00240	0.01200	0.00840	0.00360	0.00960
24	0.01327	0.00664	0.00664	0.00664	0.00830	0.00664	0.00498	0.01659	0.01493	0.02655	0.02323	0.02655	0.01825	0.00830	0.00498	0.00166	0.00332	0.00664	0.78928	0.00664
25	0.01671	0.01950	0.10559	0.10480	0.35257	0.05904	0.13889	0.02149	0.01616	0.02200	0.01504	0.04146	0.01290	0.00748	0.00740	0.00226	0.00949	0.03353	0.00367	0.01001
26	0.02362	0.02730	0.01851	0.01653	0.01968	0.49737	0.01239	0.09952	0.01973	0.01999	0.01336	0.01860	0.01206	0.12079	0.01190	0.00271	0.04799	0.00576	0.00413	0.00807
27	0.80005	0.01377	0.01047	0.00936	0.01377	0.01597	0.00771	0.02093	0.01212	0.03195	0.00991	0.01157	0.00771	0.00661	0.00441	0.00220	0.00551	0.00386	0.00441	0.00771
28	0.01637	0.01831	0.03954	0.02864	0.03539	0.01721	0.62522	0.02215	0.01677	0.02269	0.01630	0.02417	0.01325	0.00711	0.00852	0.00247	0.01156	0.06111	0.00384	0.00936
29	0.01679	0.01774	0.02441	0.06683	0.05136	0.09105	0.09825	0.01924	0.01300	0.01819	0.01052	0.01606	0.00960	0.01055	0.01810	0.00281	0.49769	0.00635	0.00325	0.00821
30	0.01018	0.00683	0.00782	0.00799	0.00804	0.00679	0.00456	0.01031	0.01070	0.01427	0.02421	0.12014	0.02812	0.67316	0.03338	0.00648	0.00661	0.01140	0.00456	0.00447
31	0.01792	0.01662	0.02564	0.03345	0.43674	0.04519	0.06478	0.09359	0.01835	0.02503	0.01794	0.02823	0.01634	0.00889	0.00760	0.00233	0.00849	0.11807	0.00445	0.01032
32	0.00843	0.00716	0.00727	0.00735	0.00965	0.00600	0.00547	0.01020	0.01610	0.01918	0.07047	0.10276	0.66928	0.01825	0.00845	0.00243	0.00363	0.01529	0.00661	0.00600
33	0.02660	0.03394	0.02018	0.01834	0.02201	0.72116	0.01376	0.02843	0.02018	0.01743	0.01101	0.01284	0.00917	0.00734	0.00642	0.00183	0.01284	0.00459	0.00367	0.00825
34	0.01008	0.00728	0.00952	0.00896	0.01064	0.00672	0.00672	0.01344	0.02016	0.02855	0.70158	0.05319	0.06719	0.01456	0.00840	0.00224	0.00336	0.01288	0.00784	0.00672
35	0.01849	0.01551	0.01649	0.01464	0.01875	0.01779	0.01153	0.10880	0.58992	0.03111	0.02803	0.02781	0.02148	0.00996	0.00734	0.00242	0.00592	0.03562	0.00720	0.01116
36	0.01390	0.01311	0.01859	0.01644	0.01684	0.01780	0.01350	0.01576	0.01107	0.01695	0.01237	0.01943	0.01197	0.02518	0.24021	0.00570	0.51382	0.00667	0.00333	0.00734
37	0.80005	0.01377	0.01047	0.00936	0.01377	0.01597	0.00771	0.02093	0.01212	0.03195	0.00991	0.01157	0.00771	0.00661	0.00441	0.00220	0.00551	0.00386	0.00441	0.00771
38	0.01650	0.02102	0.13170	0.05344	0.15806	0.01754	0.44883	0.02245	0.01637	0.02271	0.01394	0.01834	0.01060	0.00621	0.00789	0.00233	0.01108	0.00753	0.00349	0.00998
39	0.80005	0.01377	0.01047	0.00936	0.01377	0.01597	0.00771	0.02093	0.01212	0.03195	0.00991	0.01157	0.00771	0.00661	0.00441	0.00220	0.00551	0.00386	0.00441	0.00771
40	0.00868	0.00620	0.00826	0.00991	0.01033	0.00578	0.00661	0.00991	0.01363	0.01818	0.03925	0.74510	0.04710	0.02231	0.00909	0.00289	0.00413	0.02024	0.00661	0.00578
41	0.01477	0.01266	0.01477	0.01055	0.01687	0.00949	0.00844	0.01793	0.01477	0.02320	0.01266	0.01477	0.01055	0.00527	0.00527	0.00105	0.00527	0.00422	0.00422	0.79328
42	0.01736	0.07576	0.14042	0.15828	0.25192	0.01680	0.01874	0.07512	0.01690	0.04928	0.01365	0.01682	0.01062	0.00668	0.00662	0.00202	0.00841	0.00574	0.00391	0.10494
43	0.02548	0.03961	0.02047	0.01544	0.02086	0.02014	0.01271	0.53834	0.05946	0.08450	0.01891	0.04911	0.01425	0.00901	0.00707	0.00213	0.00736	0.00697	0.00699	0.04118
44	0.01059	0.03555	0.01049	0.01062	0.01171	0.00798	0.00754	0.06224	0.01530	0.02030	0.03637	0.63519	0.04273	0.02053	0.00880	0.00280	0.00464	0.04367	0.00651	0.00643
45	0.04818	0.03946	0.06560	0.16954	0.33621	0.01720	0.06325	0.09640	0.01773	0.02505	0.04369	0.01892	0.01311	0.00711	0.00703	0.00219	0.00858	0.00654	0.00405	0.01015

[dist]
# distance from previous block
# <min> <max>
3	14

[block]
# block no. 3 follows, 29 sequences, length 6
# corresponding to MSA columns:
# 195-200
name=unknown_D
#
# <colnr> <probs for GDERKNQSTAVLIFYWHMCP>
#	G	D	E	R	K	N	Q	S	T	A	V	L	I	F	Y	W	H	M	C	P
0	0.05444	0.36963	0.10617	0.01609	0.02251	0.02216	0.11431	0.05779	0.07536	0.07776	0.01440	0.01565	0.01125	0.00683	0.00595	0.00193	0.00821	0.00544	0.00423	0.00987
1	0.02967	0.01577	0.01878	0.01440	0.02000	0.01588	0.01190	0.33641	0.02649	0.39993	0.02296	0.02091	0.01505	0.00869	0.00714	0.00217	0.00689	0.00681	0.00803	0.01211
2	0.01384	0.01397	0.08093	0.01164	0.01739	0.00969	0.01023	0.01731	0.01482	0.02248	0.01740	0.09272	0.01657	0.00831	0.00618	0.00154	0.00577	0.06062	0.00454	0.57406
3	0.33923	0.01380	0.01473	0.01183	0.01692	0.01419	0.00976	0.11365	0.01878	0.35145	0.01937	0.01823	0.01293	0.00790	0.00605	0.00219	0.00607	0.00574	0.00683	0.01035
4	0.01477	0.01266	0.01477	0.01055	0.01687	0.00949	0.00844	0.01793	0.01477	0.02320	0.01266	0.01477	0.01055	0.00527	0.00527	0.00105	0.00527	0.00422	0.00422	0.79328
5	0.08755	0.04938	0.01396	0.01164	0.01500	0.11105	0.00930	0.05229	0.05718	0.10828	0.16007	0.04074	0.16924	0.01236	0.00744	0.00228	0.00613	0.07156	0.00638	0.00816

[dist]
# distance from previous block
# <min> <max>
0	1

[block]
# block no. 4 follows, 29 sequences, length 6
# corresponding to MSA columns:
# 202-207
name=unknown_E
#
# <colnr> <probs for GDERKNQSTAVLIFYWHMCP>
#	G	D	E	R	K	N	Q	S	T	A	V	L	I	F	Y	W	H	M	C	P
0	0.12858	0.05464	0.01967	0.01478	0.01991	0.07337	0.01216	0.44535	0.02737	0.06349	0.05929	0.01832	0.01487	0.00847	0.00667	0.00210	0.00755	0.00625	0.00641	0.01074
1	0.06873	0.01385	0.01777	0.01300	0.01915	0.01180	0.07230	0.07196	0.01688	0.10452	0.01477	0.01625	0.01132	0.00609	0.00587	0.00147	0.00621	0.00510	0.00493	0.51803
2	0.01672	0.39053	0.07826	0.01486	0.02038	0.06176	0.10925	0.02004	0.01610	0.01988	0.10930	0.02334	0.07568	0.00835	0.00623	0.00189	0.00785	0.00679	0.00411	0.00866
3	0.02108	0.01358	0.01586	0.01307	0.01689	0.01438	0.01036	0.27853	0.06588	0.15176	0.10460	0.02814	0.02275	0.09747	0.10885	0.00399	0.00828	0.00804	0.00675	0.00974
4	0.56038	0.01697	0.01324	0.06556	0.01808	0.12702	0.00984	0.02318	0.06472	0.02847	0.01173	0.01345	0.00913	0.00699	0.00514	0.00217	0.00697	0.00447	0.00441	0.00808
5	0.17515	0.45866	0.02855	0.01277	0.01816	0.12414	0.01161	0.06389	0.01602	0.02163	0.01051	0.01201	0.00905	0.00653	0.00496	0.00174	0.00796	0.00409	0.00366	0.00892

[dist]
# distance from previous block
# <min> <max>
0	2

[block]
# block no. 5 follows, 29 sequences, length 20
# corresponding to MSA columns:
# 211-219,221-231
name=unknown_F
#
# <colnr> <probs for GDERKNQSTAVLIFYWHMCP>
#	G	D	E	R	K	N	Q	S	T	A	V	L	I	F	Y	W	H	M	C	P
0	0.04927	0.25436	0.34312	0.01923	0.02747	0.02040	0.14888	0.02215	0.01508	0.02120	0.01209	0.01459	0.00935	0.00640	0.00631	0.00205	0.00970	0.00537	0.00319	0.00980
1	0.02462	0.01755	0.01928	0.01496	0.02027	0.01880	0.01225	0.50087	0.05783	0.08831	0.07745	0.02096	0.01757	0.00889	0.00710	0.00208	0.00704	0.00693	0.00709	0.07014
2	0.02648	0.01138	0.01508	0.01206	0.01669	0.01026	0.00977	0.03066	0.07070	0.52222	0.16355	0.03023	0.02790	0.01003	0.00742	0.00223	0.00548	0.00838	0.00850	0.01097
3	0.01477	0.01266	0.01477	0.01055	0.01687	0.00949	0.00844	0.01793	0.01477	0.02320	0.01266	0.01477	0.01055	0.00527	0.00527	0.00105	0.00527	0.00422	0.00422	0.79328
4	0.01941	0.60803	0.12092	0.01324	0.01985	0.02538	0.01384	0.02248	0.01498	0.06945	0.01163	0.01284	0.00976	0.00638	0.00504	0.00167	0.00787	0.00424	0.00347	0.00954
5	0.01682	0.01440	0.01533	0.01404	0.01771	0.01653	0.01081	0.03508	0.62537	0.02864	0.03000	0.09759	0.02424	0.01091	0.00743	0.00246	0.00549	0.00926	0.00718	0.01073
6	0.01156	0.00972	0.01000	0.00940	0.01185	0.04133	0.00711	0.06348	0.04729	0.02421	0.24741	0.09471	0.36414	0.01569	0.00821	0.00234	0.00440	0.01326	0.00690	0.00699
7	0.00984	0.00727	0.00919	0.00871	0.01049	0.00662	0.00653	0.01298	0.01960	0.02723	0.61178	0.05538	0.15782	0.01505	0.00840	0.00226	0.00339	0.01318	0.00766	0.00662
8	0.01595	0.01336	0.01540	0.01111	0.01737	0.01070	0.00893	0.08160	0.01656	0.02528	0.01308	0.01499	0.01070	0.00559	0.00545	0.00116	0.00552	0.00443	0.00450	0.71834
9	0.02883	0.01712	0.01962	0.01504	0.02067	0.01789	0.01243	0.44836	0.02876	0.28477	0.02106	0.01967	0.01410	0.00864	0.00714	0.00216	0.00720	0.00668	0.00773	0.01211
10	0.02512	0.09745	0.02174	0.01685	0.02133	0.39915	0.01330	0.20246	0.08962	0.02589	0.01430	0.01519	0.01119	0.00777	0.00651	0.00194	0.01030	0.00534	0.00488	0.00966
11	0.01036	0.00690	0.00777	0.00777	0.00777	0.00690	0.00431	0.01036	0.01036	0.01381	0.02244	0.04660	0.02589	0.74975	0.03624	0.00690	0.00690	0.01036	0.00431	0.00431
12	0.02341	0.34064	0.02762	0.01552	0.02042	0.35765	0.01306	0.08805	0.01901	0.01977	0.01112	0.01264	0.00944	0.00692	0.00570	0.00173	0.01013	0.00443	0.00373	0.00900
13	0.01907	0.05202	0.02270	0.02079	0.08749	0.22111	0.01554	0.02100	0.01423	0.01781	0.01024	0.01482	0.00948	0.01013	0.01613	0.00258	0.42754	0.00567	0.00331	0.00832
14	0.01477	0.01266	0.01477	0.01055	0.01687	0.00949	0.00844	0.01793	0.01477	0.02320	0.01266	0.01477	0.01055	0.00527	0.00527	0.00105	0.00527	0.00422	0.00422	0.79328
15	0.01594	0.01581	0.02549	0.23110	0.31353	0.04100	0.07356	0.01990	0.01513	0.02056	0.01565	0.02030	0.04577	0.00799	0.00942	0.00235	0.10673	0.00688	0.00354	0.00935
16	0.09560	0.30254	0.24833	0.01615	0.02316	0.11599	0.04453	0.02316	0.03416	0.02082	0.01169	0.01353	0.00938	0.00662	0.00574	0.00193	0.00917	0.00469	0.00339	0.00940
17	0.01373	0.12776	0.15416	0.01297	0.01762	0.08273	0.03649	0.01748	0.01725	0.02210	0.22037	0.03780	0.18904	0.01155	0.00731	0.00214	0.00672	0.00954	0.00531	0.00792
18	0.02101	0.05394	0.15168	0.01891	0.05602	0.08955	0.08133	0.27973	0.02314	0.03087	0.04117	0.01746	0.01294	0.00756	0.00687	0.00203	0.00885	0.00614	0.00507	0.08574
19	0.02376	0.27150	0.02559	0.01452	0.01994	0.09150	0.01250	0.24763	0.09788	0.10405	0.01657	0.01658	0.01248	0.00774	0.00620	0.00194	0.00781	0.00560	0.00558	0.01062

[dist]
# distance from previous block
# <min> <max>
21	34

[block]
# block no. 6 follows, 29 sequences, length 8
# corresponding to MSA columns:
# 267-274
name=unknown_G
#
# <colnr> <probs for GDERKNQSTAVLIFYWHMCP>
#	G	D	E	R	K	N	Q	S	T	A	V	L	I	F	Y	W	H	M	C	P
0	0.01130	0.00753	0.00942	0.00915	0.01095	0.00688	0.00681	0.01380	0.01763	0.07222	0.36410	0.12129	0.17534	0.08582	0.01112	0.00284	0.00422	0.05579	0.00714	0.00664
1	0.00954	0.00673	0.00868	0.00957	0.01025	0.00641	0.00659	0.01111	0.01445	0.01954	0.16263	0.41009	0.04605	0.17018	0.01461	0.00363	0.00477	0.07308	0.00637	0.00573
2	0.00932	0.00674	0.00862	0.00958	0.01047	0.00630	0.00674	0.01103	0.01488	0.01983	0.14830	0.43165	0.11208	0.09396	0.01173	0.00318	0.00447	0.07867	0.00657	0.00588
3	0.51997	0.01479	0.05085	0.01170	0.01648	0.01496	0.03520	0.05810	0.01515	0.10956	0.04284	0.01938	0.01360	0.00801	0.00562	0.00227	0.00619	0.04153	0.00522	0.00858
4	0.01020	0.00798	0.00981	0.05014	0.01327	0.00793	0.00766	0.01395	0.08691	0.02029	0.09281	0.34572	0.18728	0.06812	0.01047	0.00295	0.00472	0.04682	0.00642	0.00655
5	0.07460	0.00917	0.01069	0.00992	0.01205	0.00912	0.00720	0.04369	0.06089	0.11103	0.20185	0.14869	0.06393	0.18871	0.01453	0.00346	0.00517	0.01150	0.00655	0.00726
6	0.01498	0.00882	0.01033	0.00959	0.01153	0.00894	0.00703	0.09241	0.01641	0.08966	0.05779	0.13027	0.02539	0.16713	0.07907	0.00395	0.00642	0.00971	0.24339	0.00718
7	0.11124	0.01195	0.01409	0.01205	0.01547	0.01229	0.05261	0.15808	0.04401	0.06143	0.05974	0.09840	0.16675	0.06721	0.00955	0.00268	0.00589	0.03991	0.04845	0.00819

[dist]
# distance from previous block
# <min> <max>
0	6

# created by:
# /st0/software/busco_prod/Augustus/scripts/msa2prfl.pl ./align_prep/153664.fa
