[name]
unknown

[dist]
# distance from previous block
# <min> <max>
5	67

[block]
# block no. 0 follows, 24 sequences, length 8
# corresponding to MSA columns:
# 77-84
name=unknown_A
#
# <colnr> <probs for GDERKNQSTAVLIFYWHMCP>
#	G	D	E	R	K	N	Q	S	T	A	V	L	I	F	Y	W	H	M	C	P
0	0.01734	0.01469	0.01829	0.01399	0.01970	0.01305	0.03818	0.08995	0.01845	0.02740	0.01807	0.10194	0.01680	0.00919	0.00821	0.00179	0.05630	0.00750	0.00527	0.50389
1	0.02353	0.02067	0.01975	0.09952	0.02487	0.15044	0.01395	0.24349	0.10673	0.03339	0.01992	0.02195	0.01523	0.01211	0.04747	0.00292	0.00974	0.00708	0.11654	0.01069
2	0.02067	0.01534	0.01770	0.05507	0.02089	0.01673	0.01223	0.29526	0.07061	0.03511	0.02474	0.14651	0.02232	0.01813	0.09081	0.00373	0.00889	0.01009	0.07273	0.04243
3	0.01603	0.01115	0.01256	0.01155	0.01425	0.01103	0.00853	0.15238	0.02081	0.06836	0.04551	0.22354	0.22235	0.12819	0.01402	0.00352	0.00595	0.01477	0.00724	0.00826
4	0.01357	0.01005	0.01200	0.01163	0.01269	0.01073	0.00805	0.08874	0.01625	0.02181	0.03206	0.26433	0.06687	0.30751	0.02362	0.00494	0.06781	0.01449	0.00604	0.00683
5	0.02084	0.01430	0.01649	0.01327	0.01810	0.01381	0.01027	0.11958	0.12544	0.12714	0.02278	0.02786	0.01879	0.14511	0.03877	0.00346	0.00742	0.00770	0.00652	0.24232
6	0.02028	0.01645	0.02061	0.10217	0.10854	0.01671	0.01436	0.23637	0.02391	0.03274	0.02460	0.06919	0.08228	0.01021	0.00772	0.00221	0.00762	0.00851	0.00602	0.18949
7	0.02090	0.01659	0.01971	0.01712	0.04561	0.01756	0.01338	0.25420	0.04824	0.03364	0.02218	0.08742	0.02037	0.01199	0.01014	0.00247	0.08885	0.08216	0.00641	0.18103

[dist]
# distance from previous block
# <min> <max>
1	18

[block]
# block no. 1 follows, 24 sequences, length 7
# corresponding to MSA columns:
# 103-109
name=unknown_B
#
# <colnr> <probs for GDERKNQSTAVLIFYWHMCP>
#	G	D	E	R	K	N	Q	S	T	A	V	L	I	F	Y	W	H	M	C	P
0	0.02093	0.01694	0.01808	0.07186	0.02241	0.05527	0.01254	0.16704	0.23208	0.06459	0.03007	0.06494	0.07946	0.04891	0.00976	0.00276	0.00742	0.00940	0.00704	0.05852
1	0.02400	0.01718	0.01931	0.03890	0.02145	0.01862	0.01275	0.38920	0.06040	0.07259	0.08805	0.10944	0.02587	0.05255	0.01019	0.00282	0.00752	0.01008	0.00772	0.01135
2	0.01078	0.00819	0.00984	0.01012	0.01108	0.00812	0.00692	0.01211	0.01519	0.01993	0.09543	0.25918	0.19720	0.23181	0.02000	0.00439	0.05089	0.01611	0.00645	0.00624
3	0.01750	0.01502	0.02477	0.57487	0.04970	0.01785	0.05669	0.06348	0.01788	0.06374	0.01561	0.02138	0.01142	0.00808	0.00801	0.00262	0.01037	0.00724	0.00424	0.00952
4	0.01432	0.00798	0.00840	0.00857	0.01038	0.00810	0.00631	0.01895	0.06073	0.02835	0.02911	0.13725	0.02563	0.01179	0.00644	0.00212	0.00402	0.00988	0.59408	0.00760
5	0.01544	0.01436	0.02435	0.34504	0.03817	0.01673	0.11516	0.04230	0.01591	0.02134	0.01636	0.02508	0.01397	0.07972	0.11952	0.00474	0.07117	0.00803	0.00399	0.00864
6	0.15191	0.01378	0.01734	0.01353	0.01947	0.01262	0.01117	0.03624	0.02125	0.57669	0.02811	0.02478	0.01790	0.00943	0.00749	0.00245	0.00665	0.00740	0.00905	0.01273

[dist]
# distance from previous block
# <min> <max>
4	18

[block]
# block no. 2 follows, 24 sequences, length 12
# corresponding to MSA columns:
# 130-141
name=unknown_C
#
# <colnr> <probs for GDERKNQSTAVLIFYWHMCP>
#	G	D	E	R	K	N	Q	S	T	A	V	L	I	F	Y	W	H	M	C	P
0	0.01750	0.01247	0.01388	0.01210	0.01489	0.01282	0.00869	0.14598	0.09352	0.05446	0.02750	0.08463	0.05071	0.32909	0.02249	0.00476	0.00719	0.01058	0.00631	0.07042
1	0.02082	0.01796	0.02053	0.16753	0.02875	0.06203	0.01418	0.19471	0.02252	0.03088	0.01534	0.01806	0.01186	0.00750	0.00699	0.00189	0.00828	0.00593	0.00530	0.33894
2	0.01788	0.15166	0.02522	0.30333	0.08547	0.05465	0.01681	0.04877	0.01651	0.02086	0.01364	0.01924	0.01136	0.01095	0.01114	0.13170	0.00937	0.00628	0.00380	0.04137
3	0.01726	0.01064	0.01340	0.01246	0.01428	0.01112	0.00905	0.11448	0.08240	0.05325	0.02238	0.14127	0.02162	0.02172	0.02043	0.40517	0.00672	0.00984	0.00558	0.00692
4	0.01597	0.00872	0.01063	0.00994	0.01141	0.00820	0.00658	0.01660	0.01449	0.14335	0.03207	0.09711	0.08904	0.41355	0.02821	0.06266	0.00686	0.01183	0.00610	0.00668
5	0.02062	0.02150	0.02911	0.15501	0.05916	0.14389	0.18825	0.09234	0.01955	0.02451	0.01522	0.02147	0.01265	0.06170	0.01282	0.00298	0.09746	0.00765	0.00435	0.00975
6	0.01706	0.01244	0.01414	0.01247	0.01430	0.01359	0.00886	0.19097	0.01916	0.02584	0.02385	0.09795	0.02518	0.40694	0.02750	0.00549	0.05984	0.01091	0.00581	0.00769
7	0.09484	0.01333	0.01648	0.14458	0.02394	0.01330	0.01170	0.06370	0.03971	0.09564	0.04953	0.06583	0.01995	0.09692	0.01126	0.00284	0.00715	0.00809	0.00573	0.21548
8	0.02605	0.20900	0.02548	0.01516	0.02091	0.02166	0.01290	0.18452	0.15304	0.18314	0.02269	0.02279	0.01689	0.04081	0.00865	0.00251	0.00765	0.00712	0.00703	0.01202
9	0.02398	0.01262	0.01572	0.01318	0.01747	0.01211	0.01044	0.09912	0.07930	0.29950	0.18063	0.10426	0.07014	0.01337	0.00858	0.00256	0.00588	0.01134	0.00882	0.01096
10	0.03051	0.01737	0.02036	0.01583	0.02191	0.01761	0.01297	0.27693	0.10071	0.31859	0.02557	0.02354	0.01727	0.00958	0.00785	0.00238	0.00742	0.00757	0.00858	0.05745
11	0.06500	0.18919	0.02306	0.01416	0.01934	0.06690	0.01193	0.07510	0.10945	0.19666	0.12480	0.02677	0.02506	0.00996	0.00728	0.00227	0.00728	0.00775	0.00702	0.01102

[dist]
# distance from previous block
# <min> <max>
15	47

[block]
# block no. 3 follows, 24 sequences, length 88
# corresponding to MSA columns:
# 197-284
name=unknown_D
#
# <colnr> <probs for GDERKNQSTAVLIFYWHMCP>
#	G	D	E	R	K	N	Q	S	T	A	V	L	I	F	Y	W	H	M	C	P
0	0.01695	0.01977	0.11476	0.13386	0.29529	0.05344	0.02020	0.02153	0.01717	0.02352	0.01983	0.14780	0.01911	0.01055	0.00809	0.00250	0.00910	0.00952	0.00447	0.05256
1	0.01706	0.01633	0.02457	0.20281	0.32824	0.05490	0.01944	0.02109	0.01716	0.02306	0.01984	0.14838	0.01927	0.01058	0.00816	0.00252	0.00895	0.00971	0.00450	0.04345
2	0.01377	0.00689	0.01033	0.01033	0.01033	0.00689	0.00689	0.01033	0.01033	0.01377	0.01377	0.02410	0.01377	0.02755	0.03099	0.76928	0.00689	0.00689	0.00344	0.00344
3	0.03014	0.02221	0.02380	0.01825	0.02459	0.02459	0.01507	0.64541	0.03728	0.04998	0.01904	0.01904	0.01349	0.00952	0.00793	0.00238	0.00873	0.00714	0.00793	0.01349
4	0.01584	0.01497	0.02534	0.58138	0.16877	0.01784	0.02245	0.02101	0.01626	0.02130	0.01425	0.02086	0.01094	0.00777	0.00791	0.00259	0.01036	0.00705	0.00360	0.00950
5	0.02631	0.31348	0.03044	0.01725	0.02284	0.30016	0.01457	0.14197	0.02264	0.02476	0.01301	0.01454	0.01080	0.00786	0.00646	0.00196	0.01091	0.00513	0.00452	0.01038
6	0.15617	0.01445	0.02129	0.54508	0.04590	0.01774	0.01913	0.02176	0.04275	0.02364	0.01430	0.01997	0.01078	0.00794	0.00738	0.00261	0.00957	0.00662	0.00397	0.00893
7	0.01553	0.03839	0.62681	0.02159	0.03253	0.01754	0.02756	0.02430	0.01720	0.02565	0.06636	0.02013	0.01521	0.00823	0.00768	0.00251	0.01108	0.00654	0.00378	0.01138
8	0.07088	0.02184	0.02314	0.01782	0.02409	0.02422	0.01472	0.61149	0.03599	0.04919	0.01860	0.01870	0.01322	0.00940	0.00777	0.00238	0.00858	0.00698	0.00777	0.01322
9	0.01133	0.00850	0.01274	0.01274	0.01416	0.00991	0.00991	0.01416	0.01274	0.01841	0.02124	0.03115	0.01982	0.05947	0.68989	0.01274	0.02124	0.00850	0.00425	0.00708
10	0.00994	0.00707	0.00936	0.01110	0.01160	0.00666	0.00751	0.01136	0.01514	0.02015	0.04252	0.64333	0.05070	0.06520	0.01193	0.00350	0.00493	0.05439	0.00721	0.00639
11	0.02068	0.01347	0.01583	0.01362	0.01763	0.01399	0.01071	0.08892	0.23366	0.16235	0.26927	0.03919	0.04127	0.01250	0.00852	0.00254	0.00565	0.01061	0.00865	0.01093
12	0.08207	0.58507	0.03692	0.01417	0.02031	0.08409	0.01346	0.02418	0.01627	0.02009	0.01110	0.01304	0.01006	0.00722	0.00606	0.00185	0.03612	0.00442	0.00357	0.00991
13	0.02313	0.56830	0.03718	0.01514	0.02131	0.18225	0.01397	0.02556	0.01757	0.01883	0.01131	0.01308	0.01019	0.00710	0.00556	0.00178	0.00981	0.00444	0.00355	0.00995
14	0.39686	0.21432	0.07488	0.01343	0.01961	0.02260	0.01258	0.11640	0.01802	0.03223	0.01248	0.01406	0.00987	0.00754	0.00562	0.00224	0.00761	0.00483	0.00482	0.01001
15	0.02027	0.60583	0.15367	0.01515	0.02280	0.02910	0.01633	0.02399	0.01622	0.01979	0.01159	0.01343	0.01015	0.00692	0.00552	0.00184	0.00905	0.00452	0.00338	0.01045
16	0.02795	0.01350	0.01742	0.01312	0.01941	0.01111	0.01070	0.03120	0.02050	0.42468	0.04988	0.02455	0.01901	0.00868	0.00729	0.00201	0.00633	0.00708	0.00798	0.27759
17	0.00966	0.00690	0.00920	0.01104	0.01150	0.00644	0.00736	0.01104	0.01518	0.02024	0.04371	0.71614	0.05245	0.02484	0.01012	0.00322	0.00460	0.02254	0.00736	0.00644
18	0.01644	0.01409	0.01644	0.01175	0.01879	0.01057	0.00940	0.01997	0.01644	0.02584	0.01409	0.01644	0.01175	0.00587	0.00587	0.00117	0.00587	0.00470	0.00470	0.76979
19	0.00966	0.00690	0.00920	0.01104	0.01150	0.00644	0.00736	0.01104	0.01518	0.02024	0.04371	0.71614	0.05245	0.02484	0.01012	0.00322	0.00460	0.02254	0.00736	0.00644
20	0.01644	0.01409	0.01644	0.01175	0.01879	0.01057	0.00940	0.01997	0.01644	0.02584	0.01409	0.01644	0.01175	0.00587	0.00587	0.00117	0.00587	0.00470	0.00470	0.76979
21	0.01278	0.00913	0.01278	0.01460	0.01643	0.00913	0.01278	0.01643	0.01825	0.02373	0.04199	0.08945	0.04564	0.02191	0.01095	0.00365	0.00730	0.61847	0.00730	0.00730
22	0.02152	0.01788	0.01822	0.01621	0.02080	0.05559	0.01263	0.04129	0.57248	0.08359	0.03111	0.02855	0.02308	0.01054	0.00801	0.00264	0.00675	0.00868	0.00799	0.01244
23	0.01168	0.00901	0.01342	0.01321	0.01455	0.01075	0.01034	0.01445	0.01271	0.01845	0.02061	0.03035	0.01928	0.05682	0.65127	0.01220	0.06113	0.00841	0.00420	0.00717
24	0.01644	0.01409	0.01644	0.01175	0.01879	0.01057	0.00940	0.01997	0.01644	0.02584	0.01409	0.01644	0.01175	0.00587	0.00587	0.00117	0.00587	0.00470	0.00470	0.76979
25	0.02382	0.51229	0.03563	0.01570	0.02165	0.23579	0.01411	0.02620	0.01809	0.01889	0.01141	0.01321	0.01019	0.00722	0.00573	0.00180	0.01029	0.00451	0.00361	0.00987
26	0.02307	0.01869	0.01981	0.01681	0.02189	0.02128	0.01336	0.23560	0.45862	0.03856	0.02803	0.02620	0.02077	0.01036	0.00803	0.00259	0.00706	0.00838	0.00803	0.01285
27	0.02756	0.02014	0.02275	0.01969	0.07455	0.02200	0.01480	0.46842	0.09354	0.07929	0.02100	0.02239	0.01565	0.04936	0.00976	0.00271	0.00838	0.00760	0.00756	0.01284
28	0.01644	0.01409	0.01644	0.01175	0.01879	0.01057	0.00940	0.01997	0.01644	0.02584	0.01409	0.01644	0.01175	0.00587	0.00587	0.00117	0.00587	0.00470	0.00470	0.76979
29	0.01149	0.00803	0.01013	0.00960	0.01151	0.00743	0.00720	0.01513	0.02160	0.03099	0.56856	0.05713	0.10248	0.01571	0.00896	0.00244	0.00375	0.01376	0.08669	0.00743
30	0.13299	0.02016	0.02109	0.01657	0.02256	0.02221	0.01360	0.45721	0.09163	0.06662	0.01941	0.01935	0.01396	0.00921	0.00745	0.00238	0.00796	0.00685	0.00746	0.04132
31	0.01803	0.01451	0.01693	0.01220	0.01917	0.01138	0.00980	0.05488	0.01785	0.05569	0.01512	0.01705	0.01219	0.00624	0.00608	0.00130	0.00607	0.00497	0.00510	0.69544
32	0.01799	0.31112	0.42842	0.01904	0.02881	0.02353	0.02310	0.02457	0.01649	0.02257	0.01297	0.01516	0.01010	0.00724	0.00657	0.00219	0.01044	0.00522	0.00337	0.01111
33	0.01474	0.03286	0.51422	0.01947	0.02875	0.01571	0.02389	0.02260	0.01816	0.02677	0.17622	0.02728	0.02610	0.00969	0.00798	0.00251	0.00974	0.00796	0.00468	0.01067
34	0.00947	0.00804	0.00818	0.00814	0.01077	0.00674	0.00611	0.01158	0.01832	0.02200	0.11291	0.07537	0.63569	0.01987	0.00937	0.00267	0.00400	0.01660	0.00744	0.00674
35	0.02120	0.72609	0.04155	0.01357	0.02035	0.03138	0.01357	0.02374	0.01611	0.01866	0.01102	0.01272	0.01018	0.00678	0.00509	0.00170	0.00848	0.00424	0.00339	0.01018
36	0.05955	0.01623	0.02732	0.39775	0.26759	0.01819	0.05653	0.02214	0.01665	0.02338	0.01432	0.02016	0.01124	0.00753	0.00781	0.00253	0.01007	0.00703	0.00377	0.01021
37	0.01498	0.01409	0.02378	0.70226	0.05462	0.01762	0.02202	0.02026	0.01586	0.02026	0.01409	0.02114	0.01057	0.00793	0.00793	0.00264	0.01057	0.00705	0.00352	0.00881
38	0.00965	0.00696	0.00914	0.01087	0.01146	0.00646	0.00729	0.01106	0.01534	0.02031	0.04576	0.68027	0.08699	0.02458	0.01008	0.00319	0.00457	0.02222	0.00736	0.00646
39	0.01846	0.02082	0.07117	0.27620	0.04394	0.05827	0.30945	0.05861	0.01882	0.02453	0.01518	0.02049	0.01136	0.00743	0.00852	0.00260	0.01205	0.00794	0.00402	0.01013
40	0.01478	0.00739	0.00739	0.00739	0.00924	0.00739	0.00554	0.01848	0.01663	0.02956	0.02587	0.02956	0.02033	0.00924	0.00554	0.00185	0.00370	0.00739	0.76534	0.00739
41	0.02167	0.68750	0.04048	0.01395	0.02059	0.06827	0.01367	0.02419	0.01647	0.01870	0.01109	0.01281	0.01018	0.00686	0.00520	0.00172	0.00881	0.00429	0.00343	0.01012
42	0.01644	0.01409	0.01644	0.01175	0.01879	0.01057	0.00940	0.01997	0.01644	0.02584	0.01409	0.01644	0.01175	0.00587	0.00587	0.00117	0.00587	0.00470	0.00470	0.76979
43	0.01370	0.01570	0.10088	0.05770	0.08397	0.01244	0.12175	0.01839	0.01927	0.02639	0.24931	0.07043	0.15072	0.01321	0.00894	0.00258	0.00737	0.01210	0.00622	0.00893
44	0.01093	0.00855	0.00967	0.00932	0.01150	0.00787	0.00683	0.01457	0.05624	0.02545	0.29849	0.06429	0.33082	0.09558	0.01272	0.00316	0.00445	0.01478	0.00765	0.00713
45	0.01668	0.03560	0.50544	0.02559	0.03629	0.01887	0.19866	0.02519	0.01729	0.02519	0.01473	0.01802	0.01059	0.00730	0.00804	0.00256	0.01217	0.00683	0.00353	0.01144
46	0.02120	0.72609	0.04155	0.01357	0.02035	0.03138	0.01357	0.02374	0.01611	0.01866	0.01102	0.01272	0.01018	0.00678	0.00509	0.00170	0.00848	0.00424	0.00339	0.01018
47	0.01478	0.00739	0.00739	0.00739	0.00924	0.00739	0.00554	0.01848	0.01663	0.02956	0.02587	0.02956	0.02033	0.00924	0.00554	0.00185	0.00370	0.00739	0.76534	0.00739
48	0.01868	0.01788	0.03048	0.18129	0.54660	0.01859	0.02387	0.02351	0.01761	0.02476	0.01475	0.01993	0.01216	0.00724	0.00787	0.00241	0.00965	0.00706	0.00384	0.01180
49	0.01560	0.03375	0.50147	0.02157	0.03158	0.01687	0.08893	0.02351	0.01732	0.02535	0.05469	0.02289	0.05051	0.00853	0.00783	0.00246	0.01068	0.00723	0.00402	0.05520
50	0.01131	0.00817	0.01073	0.01025	0.01211	0.00758	0.00779	0.01505	0.02220	0.03133	0.63126	0.06099	0.07312	0.01654	0.00945	0.00256	0.00395	0.04949	0.00865	0.00747
51	0.01116	0.00808	0.01038	0.00982	0.01162	0.00746	0.00727	0.01462	0.02165	0.03045	0.60712	0.05954	0.09705	0.05588	0.01109	0.00279	0.00397	0.01428	0.00845	0.00730
52	0.01159	0.00888	0.01325	0.01310	0.01445	0.01054	0.01024	0.01438	0.01272	0.01844	0.02077	0.03055	0.01941	0.05748	0.66081	0.01234	0.05127	0.00843	0.00421	0.00715
53	0.01590	0.04102	0.68023	0.02260	0.03432	0.01842	0.02930	0.02511	0.01674	0.02511	0.01423	0.01674	0.01005	0.00753	0.00753	0.00251	0.01172	0.00586	0.00335	0.01172
54	0.01377	0.00689	0.01033	0.01033	0.01033	0.00689	0.00689	0.01033	0.01033	0.01377	0.01377	0.02410	0.01377	0.02755	0.03099	0.76928	0.00689	0.00689	0.00344	0.00344
55	0.01972	0.01703	0.01793	0.01614	0.02062	0.01972	0.01255	0.04214	0.65752	0.03317	0.03228	0.02959	0.02421	0.01076	0.00807	0.00269	0.00628	0.00897	0.00807	0.01255
56	0.77733	0.01534	0.01166	0.01043	0.01534	0.01779	0.00859	0.02331	0.01350	0.03558	0.01104	0.01288	0.00859	0.00736	0.00491	0.00245	0.00613	0.00429	0.00491	0.00859
57	0.01930	0.01953	0.05750	0.07326	0.62243	0.01878	0.02444	0.02421	0.01792	0.02565	0.01486	0.01957	0.01238	0.00712	0.00784	0.00237	0.00956	0.00702	0.00389	0.01238
58	0.01478	0.00739	0.00739	0.00739	0.00924	0.00739	0.00554	0.01848	0.01663	0.02956	0.02587	0.02956	0.02033	0.00924	0.00554	0.00185	0.00370	0.00739	0.76534	0.00739
59	0.01498	0.01409	0.02378	0.70226	0.05462	0.01762	0.02202	0.02026	0.01586	0.02026	0.01409	0.02114	0.01057	0.00793	0.00793	0.00264	0.01057	0.00705	0.00352	0.00881
60	0.03014	0.02221	0.02380	0.01825	0.02459	0.02459	0.01507	0.64541	0.03728	0.04998	0.01904	0.01904	0.01349	0.00952	0.00793	0.00238	0.00873	0.00714	0.00793	0.01349
61	0.01478	0.00739	0.00739	0.00739	0.00924	0.00739	0.00554	0.01848	0.01663	0.02956	0.02587	0.02956	0.02033	0.00924	0.00554	0.00185	0.00370	0.00739	0.76534	0.00739
62	0.01872	0.02139	0.04679	0.03342	0.04144	0.02005	0.64305	0.02540	0.01872	0.02540	0.01604	0.02139	0.01203	0.00668	0.00936	0.00267	0.01337	0.00936	0.00401	0.01070
63	0.77733	0.01534	0.01166	0.01043	0.01534	0.01779	0.00859	0.02331	0.01350	0.03558	0.01104	0.01288	0.00859	0.00736	0.00491	0.00245	0.00613	0.00429	0.00491	0.00859
64	0.02704	0.02067	0.02205	0.01762	0.02341	0.02314	0.01432	0.46595	0.22179	0.04498	0.02298	0.02218	0.01667	0.00989	0.00797	0.00247	0.00800	0.00768	0.00797	0.01321
65	0.77733	0.01534	0.01166	0.01043	0.01534	0.01779	0.00859	0.02331	0.01350	0.03558	0.01104	0.01288	0.00859	0.00736	0.00491	0.00245	0.00613	0.00429	0.00491	0.00859
66	0.01363	0.01009	0.01275	0.01251	0.01422	0.01096	0.00919	0.08697	0.06165	0.02312	0.02872	0.22750	0.03005	0.14064	0.27225	0.00738	0.01197	0.01283	0.00591	0.00767
67	0.01521	0.00948	0.01332	0.01160	0.01437	0.00865	0.03518	0.01898	0.02233	0.12882	0.54399	0.05276	0.06383	0.01484	0.00915	0.00250	0.00460	0.01317	0.00869	0.00853
68	0.02964	0.06165	0.02479	0.01798	0.02435	0.02497	0.01499	0.61057	0.03610	0.04822	0.01859	0.01868	0.01330	0.00937	0.00777	0.00234	0.00871	0.00698	0.00768	0.01330
69	0.01133	0.00850	0.01274	0.01274	0.01416	0.00991	0.00991	0.01416	0.01274	0.01841	0.02124	0.03115	0.01982	0.05947	0.68989	0.01274	0.02124	0.00850	0.00425	0.00708
70	0.01134	0.00846	0.01257	0.01257	0.01393	0.00982	0.00970	0.01405	0.01269	0.01828	0.02140	0.03202	0.02020	0.08708	0.66280	0.01253	0.02068	0.00862	0.00427	0.00699
71	0.02777	0.03429	0.02427	0.02565	0.14424	0.56545	0.01699	0.03031	0.02166	0.02061	0.01275	0.01529	0.01065	0.00797	0.00728	0.00210	0.01340	0.00547	0.00406	0.00982
72	0.01963	0.01884	0.03219	0.04867	0.67185	0.01884	0.02434	0.02434	0.01806	0.02591	0.01492	0.01963	0.01256	0.00707	0.00785	0.00236	0.00942	0.00707	0.00393	0.01256
73	0.01546	0.01458	0.02465	0.63485	0.11827	0.01774	0.02226	0.02068	0.01608	0.02084	0.01418	0.02099	0.01078	0.00784	0.00792	0.00261	0.01045	0.00705	0.00357	0.00920
74	0.77733	0.01534	0.01166	0.01043	0.01534	0.01779	0.00859	0.02331	0.01350	0.03558	0.01104	0.01288	0.00859	0.00736	0.00491	0.00245	0.00613	0.00429	0.00491	0.00859
75	0.01866	0.01786	0.03044	0.18443	0.54364	0.01859	0.02386	0.02349	0.01760	0.02473	0.01475	0.01994	0.01215	0.00724	0.00787	0.00241	0.00966	0.00706	0.00384	0.01178
76	0.01686	0.03888	0.60831	0.02296	0.03417	0.01885	0.06255	0.05989	0.01800	0.02652	0.01460	0.01713	0.01035	0.00760	0.00766	0.00251	0.01164	0.00613	0.00364	0.01176
77	0.01665	0.01461	0.01494	0.01368	0.01719	0.05189	0.01050	0.03027	0.36807	0.03061	0.21403	0.04265	0.11540	0.01326	0.00853	0.00260	0.00574	0.01119	0.00795	0.01024
78	0.01144	0.00967	0.01011	0.00984	0.01269	0.00918	0.00741	0.01735	0.13862	0.02414	0.10173	0.10379	0.47843	0.01839	0.00917	0.00270	0.00446	0.01548	0.00757	0.00783
79	0.01478	0.00739	0.00739	0.00739	0.00924	0.00739	0.00554	0.01848	0.01663	0.02956	0.02587	0.02956	0.02033	0.00924	0.00554	0.00185	0.00370	0.00739	0.76534	0.00739
80	0.01963	0.01884	0.03219	0.04867	0.67185	0.01884	0.02434	0.02434	0.01806	0.02591	0.01492	0.01963	0.01256	0.00707	0.00785	0.00236	0.00942	0.00707	0.00393	0.01256
81	0.01478	0.00739	0.00739	0.00739	0.00924	0.00739	0.00554	0.01848	0.01663	0.02956	0.02587	0.02956	0.02033	0.00924	0.00554	0.00185	0.00370	0.00739	0.76534	0.00739
82	0.00959	0.00800	0.00837	0.00837	0.01087	0.00677	0.00624	0.01178	0.01846	0.02256	0.14596	0.09942	0.57670	0.01983	0.00940	0.00268	0.00401	0.01669	0.00752	0.00677
83	0.01644	0.01409	0.01644	0.01175	0.01879	0.01057	0.00940	0.01997	0.01644	0.02584	0.01409	0.01644	0.01175	0.00587	0.00587	0.00117	0.00587	0.00470	0.00470	0.76979
84	0.01478	0.00739	0.00739	0.00739	0.00924	0.00739	0.00554	0.01848	0.01663	0.02956	0.02587	0.02956	0.02033	0.00924	0.00554	0.00185	0.00370	0.00739	0.76534	0.00739
85	0.01777	0.01417	0.02668	0.02114	0.02576	0.01314	0.27581	0.02177	0.01803	0.12719	0.03000	0.27997	0.02985	0.01465	0.00950	0.00289	0.00878	0.04716	0.00634	0.00940
86	0.77733	0.01534	0.01166	0.01043	0.01534	0.01779	0.00859	0.02331	0.01350	0.03558	0.01104	0.01288	0.00859	0.00736	0.00491	0.00245	0.00613	0.00429	0.00491	0.00859
87	0.00945	0.00804	0.00814	0.00811	0.01076	0.00673	0.00608	0.01153	0.01825	0.02184	0.10428	0.07562	0.64442	0.01993	0.00937	0.00267	0.00401	0.01664	0.00742	0.00673

[dist]
# distance from previous block
# <min> <max>
0	1

[block]
# block no. 4 follows, 24 sequences, length 17
# corresponding to MSA columns:
# 286-302
name=unknown_E
#
# <colnr> <probs for GDERKNQSTAVLIFYWHMCP>
#	G	D	E	R	K	N	Q	S	T	A	V	L	I	F	Y	W	H	M	C	P
0	0.77733	0.01534	0.01166	0.01043	0.01534	0.01779	0.00859	0.02331	0.01350	0.03558	0.01104	0.01288	0.00859	0.00736	0.00491	0.00245	0.00613	0.00429	0.00491	0.00859
1	0.01133	0.00850	0.01274	0.01274	0.01416	0.00991	0.00991	0.01416	0.01274	0.01841	0.02124	0.03115	0.01982	0.05947	0.68989	0.01274	0.02124	0.00850	0.00425	0.00708
2	0.01122	0.00811	0.01060	0.00998	0.01185	0.00748	0.00748	0.01496	0.02245	0.03180	0.66766	0.05923	0.07482	0.01621	0.00935	0.00249	0.00374	0.01434	0.00873	0.00748
3	0.01872	0.02139	0.04679	0.03342	0.04144	0.02005	0.64305	0.02540	0.01872	0.02540	0.01604	0.02139	0.01203	0.00668	0.00936	0.00267	0.01337	0.00936	0.00401	0.01070
4	0.01963	0.01884	0.03219	0.04867	0.67185	0.01884	0.02434	0.02434	0.01806	0.02591	0.01492	0.01963	0.01256	0.00707	0.00785	0.00236	0.00942	0.00707	0.00393	0.01256
5	0.00950	0.00796	0.00812	0.00821	0.01065	0.00673	0.00603	0.01137	0.01760	0.02106	0.07572	0.10688	0.60570	0.05572	0.01097	0.00296	0.00423	0.01676	0.00723	0.00659
6	0.01972	0.01703	0.01793	0.01614	0.02062	0.01972	0.01255	0.04214	0.65752	0.03317	0.03228	0.02959	0.02421	0.01076	0.00807	0.00269	0.00628	0.00897	0.00807	0.01255
7	0.02908	0.01460	0.01807	0.01467	0.01982	0.01423	0.01178	0.16675	0.07137	0.38794	0.03068	0.13585	0.02388	0.01223	0.00832	0.00258	0.00680	0.01020	0.00888	0.01229
8	0.01498	0.01409	0.02378	0.70226	0.05462	0.01762	0.02202	0.02026	0.01586	0.02026	0.01409	0.02114	0.01057	0.00793	0.00793	0.00264	0.01057	0.00705	0.00352	0.00881
9	0.02018	0.01906	0.02572	0.03361	0.36608	0.05366	0.01894	0.03216	0.28587	0.02861	0.02204	0.02352	0.01731	0.00867	0.00791	0.00248	0.00836	0.00776	0.00567	0.01238
10	0.02182	0.67546	0.04015	0.01407	0.02066	0.07978	0.01370	0.02433	0.01658	0.01871	0.01112	0.01284	0.01018	0.00689	0.00524	0.00172	0.00891	0.00430	0.00344	0.01010
11	0.00952	0.00801	0.00808	0.00808	0.01057	0.00676	0.00594	0.01139	0.01763	0.02101	0.07655	0.07465	0.62493	0.06798	0.01149	0.00302	0.00427	0.01638	0.00719	0.00657
12	0.05652	0.44806	0.26668	0.01662	0.02506	0.02611	0.01890	0.02421	0.01621	0.02178	0.01216	0.01416	0.01005	0.00708	0.00595	0.00202	0.00951	0.00482	0.00345	0.01065
13	0.01099	0.00793	0.01039	0.01013	0.01180	0.00733	0.00746	0.01438	0.02137	0.03009	0.57540	0.15637	0.07151	0.01749	0.00947	0.00260	0.00387	0.01555	0.00853	0.00733
14	0.01278	0.00913	0.01278	0.01460	0.01643	0.00913	0.01278	0.01643	0.01825	0.02373	0.04199	0.08945	0.04564	0.02191	0.01095	0.00365	0.00730	0.61847	0.00730	0.00730
15	0.01515	0.03575	0.57296	0.02058	0.03072	0.01666	0.02580	0.02349	0.01766	0.02618	0.11891	0.02355	0.02042	0.00892	0.00783	0.00251	0.01044	0.00722	0.00421	0.01104
16	0.07576	0.67480	0.03940	0.01334	0.01999	0.03040	0.01321	0.02371	0.01592	0.01988	0.01103	0.01273	0.01006	0.00683	0.00508	0.00175	0.00831	0.00424	0.00350	0.01006

[dist]
# distance from previous block
# <min> <max>
0	199

# created by:
# /st0/software/busco_prod/Augustus/scripts/msa2prfl.pl ./align_prep/153822.fa
