[name]
unknown

[dist]
# distance from previous block
# <min> <max>
21	41

[block]
# block no. 0 follows, 29 sequences, length 6
# corresponding to MSA columns:
# 47-52
name=unknown_A
#
# <colnr> <probs for GDERKNQSTAVLIFYWHMCP>
#	G	D	E	R	K	N	Q	S	T	A	V	L	I	F	Y	W	H	M	C	P
0	0.01364	0.01254	0.01813	0.12739	0.20957	0.04058	0.01404	0.01652	0.01493	0.02042	0.06890	0.25146	0.02600	0.01271	0.00932	0.00245	0.07958	0.01104	0.00475	0.04602
1	0.10128	0.01511	0.01699	0.11066	0.04982	0.04354	0.01219	0.24236	0.03827	0.03017	0.04299	0.08941	0.05118	0.01008	0.00701	0.00219	0.00698	0.03436	0.00565	0.08978
2	0.04870	0.05410	0.08214	0.30975	0.03190	0.01662	0.01605	0.08996	0.08748	0.05308	0.01609	0.04574	0.01275	0.00821	0.00759	0.00225	0.04324	0.00660	0.00448	0.06328
3	0.02055	0.01490	0.01987	0.09840	0.02389	0.01481	0.07654	0.18498	0.07731	0.13908	0.01906	0.05391	0.01467	0.00812	0.00690	0.00199	0.00715	0.00697	0.00586	0.20504
4	0.01774	0.01580	0.02217	0.07868	0.37280	0.07182	0.01645	0.05306	0.01674	0.06228	0.01764	0.10041	0.01633	0.05896	0.00914	0.00248	0.00798	0.00797	0.00443	0.04714
5	0.06568	0.00986	0.01016	0.00960	0.01196	0.03825	0.00713	0.01686	0.09699	0.05149	0.22341	0.08854	0.23780	0.08838	0.01070	0.00280	0.00476	0.01193	0.00661	0.00710

[dist]
# distance from previous block
# <min> <max>
2	6

[block]
# block no. 1 follows, 29 sequences, length 8
# corresponding to MSA columns:
# 59-66
name=unknown_B
#
# <colnr> <probs for GDERKNQSTAVLIFYWHMCP>
#	G	D	E	R	K	N	Q	S	T	A	V	L	I	F	Y	W	H	M	C	P
0	0.05727	0.01524	0.04380	0.25638	0.12894	0.04967	0.01539	0.13655	0.01759	0.02443	0.01413	0.01856	0.01115	0.00958	0.00941	0.10351	0.00813	0.00610	0.06562	0.00854
1	0.01290	0.01085	0.01173	0.08502	0.01569	0.07147	0.00856	0.04227	0.06720	0.01887	0.02576	0.25093	0.02783	0.24933	0.04595	0.00427	0.00718	0.01192	0.02580	0.00649
2	0.12648	0.01479	0.02313	0.09600	0.45007	0.01551	0.01792	0.02017	0.01498	0.02326	0.01440	0.02047	0.01248	0.01183	0.08040	0.00316	0.00915	0.03225	0.00377	0.00978
3	0.01121	0.00886	0.01008	0.01080	0.01194	0.04676	0.00771	0.05079	0.01608	0.02110	0.12151	0.49209	0.04423	0.04891	0.00989	0.00290	0.00503	0.06717	0.00654	0.00641
4	0.22745	0.05576	0.01811	0.37119	0.05844	0.01587	0.01443	0.03932	0.01441	0.02371	0.01301	0.01720	0.01004	0.00706	0.00601	0.00219	0.00758	0.00555	0.08461	0.00806
5	0.04896	0.01287	0.03587	0.01293	0.03712	0.01149	0.01033	0.10205	0.01993	0.38928	0.06106	0.02500	0.01908	0.04656	0.00828	0.00231	0.00601	0.00715	0.08800	0.05571
6	0.08651	0.00903	0.00953	0.00938	0.01064	0.03586	0.00652	0.03485	0.01286	0.01947	0.02202	0.11398	0.02288	0.30828	0.15335	0.00578	0.00851	0.00947	0.11515	0.00592
7	0.18979	0.01303	0.01733	0.14126	0.14717	0.01448	0.01324	0.04469	0.01443	0.02353	0.03626	0.09736	0.01569	0.01026	0.00950	0.04876	0.08196	0.00733	0.00427	0.06966

[dist]
# distance from previous block
# <min> <max>
19	102

[block]
# block no. 2 follows, 29 sequences, length 7
# corresponding to MSA columns:
# 172-178
name=unknown_C
#
# <colnr> <probs for GDERKNQSTAVLIFYWHMCP>
#	G	D	E	R	K	N	Q	S	T	A	V	L	I	F	Y	W	H	M	C	P
0	0.01668	0.02095	0.14338	0.20490	0.28489	0.09387	0.06225	0.02155	0.01614	0.02141	0.03795	0.01838	0.01222	0.00699	0.00708	0.00219	0.00959	0.00633	0.00352	0.00971
1	0.16700	0.01604	0.06256	0.26639	0.31297	0.01635	0.01869	0.02049	0.01469	0.02320	0.01244	0.01676	0.00986	0.00668	0.00655	0.00223	0.00836	0.00580	0.00354	0.00942
2	0.09142	0.01277	0.02028	0.66094	0.04555	0.01584	0.01858	0.01846	0.01403	0.01956	0.01238	0.01825	0.00932	0.00707	0.00685	0.00236	0.00910	0.00608	0.00329	0.00789
3	0.01237	0.01017	0.06878	0.01094	0.01355	0.00794	0.00935	0.01571	0.01809	0.08709	0.36173	0.14965	0.07692	0.01541	0.00847	0.00250	0.00481	0.11206	0.00710	0.00734
4	0.00964	0.00723	0.00876	0.00839	0.01015	0.00654	0.00619	0.01233	0.01838	0.02494	0.48037	0.05692	0.23818	0.06838	0.01041	0.00262	0.00368	0.01329	0.00725	0.00635
5	0.01209	0.00859	0.01234	0.07608	0.08233	0.00844	0.00938	0.01459	0.01615	0.06808	0.23537	0.29864	0.04292	0.06941	0.01036	0.00282	0.00512	0.01380	0.00636	0.00711
6	0.01316	0.00796	0.01051	0.00948	0.01170	0.00725	0.00725	0.01643	0.02019	0.12459	0.60670	0.04911	0.06021	0.01375	0.00822	0.00223	0.00374	0.01207	0.00798	0.00748

[dist]
# distance from previous block
# <min> <max>
2	5

[block]
# block no. 3 follows, 29 sequences, length 6
# corresponding to MSA columns:
# 184-189
name=unknown_D
#
# <colnr> <probs for GDERKNQSTAVLIFYWHMCP>
#	G	D	E	R	K	N	Q	S	T	A	V	L	I	F	Y	W	H	M	C	P
0	0.01033	0.00729	0.00861	0.00865	0.00941	0.00685	0.00538	0.01100	0.01172	0.01598	0.02617	0.23973	0.03030	0.47008	0.02548	0.00519	0.00596	0.01251	0.00495	0.08441
1	0.49968	0.01830	0.01589	0.01769	0.14788	0.15333	0.01160	0.02257	0.01447	0.02746	0.01079	0.01298	0.00868	0.00670	0.00530	0.00211	0.00750	0.00447	0.00409	0.00850
2	0.11387	0.00773	0.00817	0.00819	0.00881	0.00798	0.00499	0.01170	0.01091	0.01662	0.02247	0.11156	0.02561	0.57974	0.02936	0.00589	0.00644	0.01049	0.00456	0.00491
3	0.06348	0.15314	0.02105	0.01571	0.01940	0.47105	0.01223	0.02439	0.01791	0.01817	0.01447	0.10867	0.01407	0.00905	0.00635	0.00194	0.01041	0.00647	0.00399	0.00805
4	0.65560	0.01585	0.01242	0.01081	0.01532	0.06335	0.00881	0.10117	0.01523	0.03255	0.01085	0.01232	0.00834	0.00689	0.00487	0.00217	0.00627	0.00421	0.00469	0.00828
5	0.49577	0.04619	0.01297	0.04685	0.01606	0.01553	0.00883	0.09871	0.01562	0.02995	0.02163	0.02241	0.12793	0.00881	0.00557	0.00221	0.00576	0.00621	0.00499	0.00802

[dist]
# distance from previous block
# <min> <max>
2	20

[block]
# block no. 4 follows, 29 sequences, length 29
# corresponding to MSA columns:
# 210-238
name=unknown_E
#
# <colnr> <probs for GDERKNQSTAVLIFYWHMCP>
#	G	D	E	R	K	N	Q	S	T	A	V	L	I	F	Y	W	H	M	C	P
0	0.38565	0.01880	0.01658	0.01497	0.05773	0.11387	0.01134	0.24775	0.02075	0.03389	0.01272	0.01398	0.00962	0.00736	0.00576	0.00213	0.00747	0.00497	0.00518	0.00949
1	0.17744	0.02166	0.15354	0.01471	0.02033	0.13710	0.01369	0.07192	0.07924	0.17278	0.05677	0.01932	0.01535	0.00810	0.00648	0.00217	0.00793	0.00604	0.00558	0.00987
2	0.01982	0.06157	0.01831	0.01514	0.01930	0.14382	0.01188	0.06638	0.50161	0.02756	0.02410	0.02279	0.01830	0.00899	0.00694	0.00225	0.00714	0.00711	0.00636	0.01065
3	0.16181	0.01172	0.01399	0.01136	0.01580	0.01120	0.00922	0.06454	0.01948	0.39065	0.15964	0.02902	0.05140	0.00990	0.00697	0.00221	0.00544	0.00797	0.00766	0.01004
4	0.01345	0.01266	0.02136	0.73264	0.04904	0.01582	0.01978	0.01819	0.01424	0.01819	0.01266	0.01898	0.00949	0.00712	0.00712	0.00237	0.00949	0.00633	0.00316	0.00791
5	0.00926	0.00703	0.00856	0.00892	0.01050	0.00634	0.00658	0.01154	0.01688	0.02226	0.27497	0.24484	0.26700	0.01810	0.00869	0.00254	0.00386	0.05887	0.00702	0.00623
6	0.00887	0.00635	0.00844	0.00978	0.01037	0.00591	0.00662	0.01040	0.01453	0.01961	0.13043	0.64985	0.04986	0.02124	0.00899	0.00280	0.00402	0.01923	0.00678	0.00591
7	0.63256	0.01417	0.01188	0.01038	0.01476	0.01624	0.00848	0.08670	0.06088	0.03291	0.04541	0.01515	0.01198	0.00739	0.00506	0.00221	0.00564	0.00483	0.00503	0.00834
8	0.02660	0.03394	0.02018	0.01834	0.02201	0.72116	0.01376	0.02843	0.02018	0.01743	0.01101	0.01284	0.00917	0.00734	0.00642	0.00183	0.01284	0.00459	0.00367	0.00825
9	0.00876	0.00658	0.00813	0.00912	0.01018	0.00595	0.00631	0.01038	0.01502	0.01960	0.12091	0.49539	0.21708	0.02036	0.00884	0.00269	0.00391	0.01809	0.00675	0.00595
10	0.07842	0.01109	0.01446	0.01157	0.01610	0.00995	0.00940	0.02876	0.01977	0.50376	0.18583	0.03022	0.02866	0.01002	0.00727	0.00221	0.00538	0.00829	0.00829	0.01055
11	0.00878	0.00628	0.00836	0.00984	0.01035	0.00585	0.00662	0.01018	0.01413	0.01896	0.08946	0.69265	0.04862	0.02172	0.00904	0.00284	0.00407	0.01968	0.00670	0.00585
12	0.03195	0.01212	0.01652	0.01267	0.01818	0.01047	0.01047	0.03470	0.02038	0.71026	0.02809	0.02424	0.01763	0.00881	0.00716	0.00220	0.00606	0.00716	0.00881	0.01212
13	0.00963	0.00741	0.00803	0.00777	0.01015	0.00632	0.00586	0.01179	0.01718	0.04700	0.19803	0.06376	0.54808	0.01698	0.00837	0.00236	0.00365	0.01430	0.00694	0.00638
14	0.74685	0.01326	0.01032	0.00940	0.01354	0.01529	0.00764	0.02019	0.01222	0.03102	0.01189	0.06088	0.01036	0.00767	0.00472	0.00225	0.00542	0.00496	0.00455	0.00758
15	0.00868	0.00620	0.00826	0.00991	0.01033	0.00578	0.00661	0.00991	0.01363	0.01818	0.03925	0.74510	0.04710	0.02231	0.00909	0.00289	0.00413	0.02024	0.00661	0.00578
16	0.01771	0.01530	0.01610	0.01449	0.01852	0.01771	0.01127	0.03784	0.69247	0.02979	0.02898	0.02657	0.02174	0.00966	0.00725	0.00242	0.00564	0.00805	0.00725	0.01127
17	0.01017	0.00763	0.01144	0.01144	0.01272	0.00890	0.00890	0.01272	0.01144	0.01653	0.01907	0.02797	0.01780	0.05340	0.72153	0.01144	0.01907	0.00763	0.00381	0.00636
18	0.00875	0.00623	0.00824	0.00982	0.01022	0.00583	0.00651	0.00993	0.01349	0.01799	0.03854	0.71555	0.04620	0.05309	0.01024	0.00306	0.00425	0.01982	0.00651	0.00572
19	0.02570	0.01926	0.02060	0.01611	0.02156	0.02144	0.01320	0.58710	0.13020	0.04266	0.01884	0.01849	0.01352	0.00871	0.00714	0.00218	0.00751	0.00665	0.00714	0.01199
20	0.01281	0.00818	0.01111	0.01177	0.01354	0.00794	0.00974	0.01566	0.01664	0.08143	0.14102	0.09499	0.04192	0.08825	0.01188	0.00335	0.00594	0.41026	0.00674	0.00682
21	0.01771	0.01530	0.01610	0.01449	0.01852	0.01771	0.01127	0.03784	0.69247	0.02979	0.02898	0.02657	0.02174	0.00966	0.00725	0.00242	0.00564	0.00805	0.00725	0.01127
22	0.80005	0.01377	0.01047	0.00936	0.01377	0.01597	0.00771	0.02093	0.01212	0.03195	0.00991	0.01157	0.00771	0.00661	0.00441	0.00220	0.00551	0.00386	0.00441	0.00771
23	0.01681	0.01921	0.04202	0.03001	0.03721	0.01801	0.67947	0.02281	0.01681	0.02281	0.01441	0.01921	0.01080	0.00600	0.00840	0.00240	0.01200	0.00840	0.00360	0.00960
24	0.00868	0.00620	0.00826	0.00991	0.01033	0.00578	0.00661	0.00991	0.01363	0.01818	0.03925	0.74510	0.04710	0.02231	0.00909	0.00289	0.00413	0.02024	0.00661	0.00578
25	0.80005	0.01377	0.01047	0.00936	0.01377	0.01597	0.00771	0.02093	0.01212	0.03195	0.00991	0.01157	0.00771	0.00661	0.00441	0.00220	0.00551	0.00386	0.00441	0.00771
26	0.01237	0.00618	0.00928	0.00928	0.00928	0.00618	0.00618	0.00928	0.00928	0.01237	0.01237	0.02165	0.01237	0.02474	0.02783	0.79283	0.00618	0.00618	0.00309	0.00309
27	0.00932	0.00714	0.00854	0.00842	0.01023	0.00636	0.00623	0.01187	0.01801	0.02401	0.39876	0.13432	0.29766	0.01668	0.00848	0.00237	0.00353	0.01447	0.00726	0.00636
28	0.00885	0.00632	0.00816	0.00957	0.01002	0.00592	0.00631	0.00998	0.01337	0.01774	0.03871	0.64027	0.07126	0.10280	0.01207	0.00332	0.00442	0.01894	0.00636	0.00563

[dist]
# distance from previous block
# <min> <max>
0	7

[block]
# block no. 5 follows, 29 sequences, length 79
# corresponding to MSA columns:
# 246-324
name=unknown_F
#
# <colnr> <probs for GDERKNQSTAVLIFYWHMCP>
#	G	D	E	R	K	N	Q	S	T	A	V	L	I	F	Y	W	H	M	C	P
0	0.01904	0.75404	0.03731	0.01218	0.01828	0.02818	0.01218	0.02132	0.01447	0.01675	0.00990	0.01142	0.00914	0.00609	0.00457	0.00152	0.00761	0.00381	0.00305	0.00914
1	0.02735	0.01198	0.01548	0.01235	0.01727	0.01095	0.01004	0.03240	0.11084	0.53807	0.06007	0.02907	0.07117	0.00986	0.00732	0.00225	0.00571	0.00811	0.00840	0.01132
2	0.00934	0.00739	0.00764	0.00748	0.00997	0.00620	0.00564	0.01123	0.01653	0.04475	0.09439	0.06633	0.65344	0.01757	0.00837	0.00239	0.00369	0.01466	0.00674	0.00626
3	0.00978	0.00719	0.00916	0.00883	0.01050	0.00657	0.00656	0.01280	0.01921	0.02669	0.57851	0.10677	0.13985	0.01554	0.00845	0.00231	0.00345	0.01368	0.00760	0.00657
4	0.02707	0.01995	0.02137	0.01638	0.02208	0.02208	0.01353	0.68159	0.03348	0.04488	0.01710	0.01710	0.01211	0.00855	0.00712	0.00214	0.00784	0.00641	0.00712	0.01211
5	0.00919	0.00718	0.00832	0.00817	0.01012	0.00632	0.00608	0.01166	0.01786	0.02340	0.35594	0.10230	0.37456	0.01671	0.00845	0.00236	0.00353	0.01437	0.00717	0.00632
6	0.01347	0.00721	0.01018	0.00981	0.01024	0.00737	0.00673	0.05960	0.01109	0.01480	0.01272	0.02130	0.01235	0.02353	0.02628	0.73364	0.00631	0.00620	0.00339	0.00377
7	0.00871	0.00633	0.00821	0.00963	0.01028	0.00584	0.00651	0.01008	0.01412	0.01867	0.06733	0.65750	0.10731	0.02163	0.00900	0.00282	0.00405	0.01949	0.00666	0.00584
8	0.00885	0.00656	0.00813	0.00913	0.01006	0.00599	0.00623	0.01034	0.01461	0.01913	0.10835	0.49505	0.18581	0.06391	0.01050	0.00297	0.00411	0.01785	0.00659	0.00583
9	0.02437	0.01044	0.01410	0.01138	0.01556	0.00917	0.00917	0.02733	0.02030	0.47401	0.26149	0.03427	0.03480	0.01080	0.00759	0.00222	0.00512	0.00914	0.00848	0.01025
10	0.00988	0.00726	0.00917	0.00870	0.01041	0.00664	0.00647	0.01292	0.01932	0.02686	0.59831	0.05490	0.14609	0.04061	0.00937	0.00242	0.00351	0.01306	0.00756	0.00655
11	0.00859	0.00652	0.00793	0.00905	0.01010	0.00586	0.00623	0.01001	0.01446	0.01851	0.04972	0.52971	0.25573	0.02095	0.00887	0.00274	0.00396	0.01858	0.00661	0.00586
12	0.00931	0.00704	0.00859	0.00864	0.01028	0.00632	0.00631	0.01178	0.01769	0.02373	0.38316	0.19662	0.25032	0.01714	0.00854	0.00242	0.00359	0.01499	0.00723	0.00632
13	0.01477	0.01266	0.01477	0.01055	0.01687	0.00949	0.00844	0.01793	0.01477	0.02320	0.01266	0.01477	0.01055	0.00527	0.00527	0.00105	0.00527	0.00422	0.00422	0.79328
14	0.00871	0.00723	0.00762	0.00752	0.00980	0.00614	0.00564	0.01079	0.01693	0.02089	0.18387	0.06581	0.58968	0.01742	0.00841	0.00238	0.00356	0.01465	0.00683	0.00614
15	0.00971	0.00700	0.00919	0.00921	0.01056	0.00647	0.00669	0.01252	0.01846	0.02585	0.52888	0.23360	0.06195	0.01658	0.00858	0.00241	0.00356	0.01480	0.00752	0.00647
16	0.80005	0.01377	0.01047	0.00936	0.01377	0.01597	0.00771	0.02093	0.01212	0.03195	0.00991	0.01157	0.00771	0.00661	0.00441	0.00220	0.00551	0.00386	0.00441	0.00771
17	0.00906	0.00661	0.00831	0.00917	0.01005	0.00610	0.00625	0.01066	0.01492	0.01988	0.16750	0.45738	0.13839	0.08740	0.01137	0.00307	0.00417	0.01722	0.00663	0.00586
18	0.77205	0.01371	0.01069	0.00948	0.01393	0.01577	0.00781	0.02143	0.01242	0.05668	0.01058	0.01203	0.00807	0.00669	0.00451	0.00220	0.00553	0.00398	0.00457	0.00787
19	0.02808	0.01129	0.01510	0.01186	0.01680	0.00976	0.00970	0.03078	0.01994	0.59415	0.07724	0.03070	0.09121	0.01014	0.00737	0.00223	0.00563	0.00835	0.00852	0.01113
20	0.01024	0.00686	0.00780	0.00791	0.00794	0.00683	0.00447	0.01033	0.01057	0.01410	0.02355	0.09288	0.02729	0.70155	0.03444	0.00664	0.00672	0.01101	0.00447	0.00441
21	0.00864	0.00658	0.00787	0.00889	0.00999	0.00590	0.00611	0.01004	0.01445	0.01841	0.05038	0.48300	0.27886	0.04385	0.00971	0.00285	0.00403	0.01808	0.00654	0.00582
22	0.01237	0.00618	0.00928	0.00928	0.00928	0.00618	0.00618	0.00928	0.00928	0.01237	0.01237	0.02165	0.01237	0.02474	0.02783	0.79283	0.00618	0.00618	0.00309	0.00309
23	0.01237	0.00618	0.00928	0.00928	0.00928	0.00618	0.00618	0.00928	0.00928	0.01237	0.01237	0.02165	0.01237	0.02474	0.02783	0.79283	0.00618	0.00618	0.00309	0.00309
24	0.03195	0.01212	0.01652	0.01267	0.01818	0.01047	0.01047	0.03470	0.02038	0.71026	0.02809	0.02424	0.01763	0.00881	0.00716	0.00220	0.00606	0.00716	0.00881	0.01212
25	0.62770	0.01475	0.01599	0.03948	0.01889	0.01647	0.10992	0.04232	0.01359	0.03047	0.01093	0.01317	0.00839	0.00660	0.00520	0.00224	0.00671	0.00472	0.00433	0.00815
26	0.01385	0.01318	0.02262	0.66098	0.09209	0.01597	0.04433	0.01861	0.01446	0.01870	0.01277	0.01890	0.00966	0.00703	0.00716	0.00236	0.00952	0.00641	0.00320	0.00820
27	0.01904	0.75404	0.03731	0.01218	0.01828	0.02818	0.01218	0.02132	0.01447	0.01675	0.00990	0.01142	0.00914	0.00609	0.00457	0.00152	0.00761	0.00381	0.00305	0.00914
28	0.00905	0.00738	0.00810	0.00833	0.01055	0.00643	0.00652	0.01122	0.01655	0.02028	0.11351	0.06935	0.54460	0.01805	0.00865	0.00254	0.00408	0.12197	0.00669	0.00616
29	0.01000	0.00727	0.00946	0.00929	0.01091	0.00673	0.00704	0.01310	0.01911	0.02659	0.55683	0.10788	0.10167	0.01579	0.00858	0.00239	0.00371	0.06951	0.00756	0.00659
30	0.01681	0.01921	0.04202	0.03001	0.03721	0.01801	0.67947	0.02281	0.01681	0.02281	0.01441	0.01921	0.01080	0.00600	0.00840	0.00240	0.01200	0.00840	0.00360	0.00960
31	0.26587	0.19347	0.02178	0.01319	0.01858	0.02164	0.01140	0.31804	0.02228	0.03413	0.01314	0.01402	0.01003	0.00736	0.00567	0.00201	0.00706	0.00499	0.00530	0.01003
32	0.02324	0.02076	0.01859	0.01583	0.02034	0.18027	0.01246	0.22282	0.31001	0.06799	0.02134	0.02053	0.01583	0.00876	0.00702	0.00219	0.00795	0.00673	0.00647	0.01087
33	0.01327	0.00664	0.00664	0.00664	0.00830	0.00664	0.00498	0.01659	0.01493	0.02655	0.02323	0.02655	0.01825	0.00830	0.00498	0.00166	0.00332	0.00664	0.78928	0.00664
34	0.01477	0.01266	0.01477	0.01055	0.01687	0.00949	0.00844	0.01793	0.01477	0.02320	0.01266	0.01477	0.01055	0.00527	0.00527	0.00105	0.00527	0.00422	0.00422	0.79328
35	0.02660	0.03394	0.02018	0.01834	0.02201	0.72116	0.01376	0.02843	0.02018	0.01743	0.01101	0.01284	0.00917	0.00734	0.00642	0.00183	0.01284	0.00459	0.00367	0.00825
36	0.01327	0.00664	0.00664	0.00664	0.00830	0.00664	0.00498	0.01659	0.01493	0.02655	0.02323	0.02655	0.01825	0.00830	0.00498	0.00166	0.00332	0.00664	0.78928	0.00664
37	0.74148	0.01401	0.01185	0.01193	0.06554	0.01604	0.00877	0.02100	0.01242	0.03130	0.01018	0.01202	0.00798	0.00659	0.00460	0.00220	0.00573	0.00404	0.00434	0.00798
38	0.02608	0.03200	0.01997	0.01796	0.02170	0.64467	0.01358	0.07679	0.02088	0.01945	0.01174	0.01367	0.00968	0.00899	0.03073	0.00218	0.01268	0.00483	0.00393	0.00848
39	0.01628	0.33122	0.36136	0.01611	0.02403	0.02101	0.01872	0.02258	0.05580	0.02084	0.04180	0.01585	0.01230	0.00699	0.00595	0.00196	0.00872	0.00515	0.00348	0.00983
40	0.01036	0.00690	0.00777	0.00777	0.00777	0.00690	0.00431	0.01036	0.01036	0.01381	0.02244	0.04660	0.02589	0.74975	0.03624	0.00690	0.00690	0.01036	0.00431	0.00431
41	0.01681	0.01921	0.04202	0.03001	0.03721	0.01801	0.67947	0.02281	0.01681	0.02281	0.01441	0.01921	0.01080	0.00600	0.00840	0.00240	0.01200	0.00840	0.00360	0.00960
42	0.00956	0.00784	0.00850	0.00823	0.01056	0.00708	0.00620	0.01315	0.06791	0.02254	0.23859	0.06125	0.48024	0.01647	0.00832	0.00236	0.00369	0.01393	0.00699	0.00660
43	0.01023	0.00685	0.00780	0.00793	0.00796	0.00682	0.00449	0.01032	0.01060	0.01413	0.02369	0.09888	0.02748	0.69530	0.03421	0.00660	0.00670	0.01110	0.00449	0.00442
44	0.01707	0.01790	0.07363	0.09645	0.60891	0.01681	0.02198	0.02161	0.01598	0.02282	0.01330	0.01756	0.01099	0.00643	0.00704	0.00214	0.00868	0.00627	0.00346	0.01096
45	0.02707	0.01995	0.02137	0.01638	0.02208	0.02208	0.01353	0.68159	0.03348	0.04488	0.01710	0.01710	0.01211	0.00855	0.00712	0.00214	0.00784	0.00641	0.00712	0.01211
46	0.02067	0.01467	0.01634	0.01408	0.01818	0.01606	0.01119	0.18610	0.33450	0.12328	0.02677	0.05708	0.02153	0.04711	0.00890	0.00263	0.00629	0.05674	0.00721	0.01067
47	0.00927	0.00671	0.00886	0.01040	0.01106	0.00644	0.00727	0.01136	0.03695	0.01889	0.03874	0.65225	0.04561	0.02161	0.00910	0.00292	0.00443	0.08546	0.00663	0.00605
48	0.08249	0.11453	0.02095	0.01646	0.02052	0.49813	0.01281	0.02823	0.10393	0.02000	0.01307	0.01432	0.01065	0.00743	0.00616	0.00190	0.01077	0.00488	0.00410	0.00870
49	0.01829	0.56812	0.18528	0.01421	0.02118	0.05268	0.01535	0.02187	0.01482	0.01805	0.01058	0.01227	0.00911	0.00629	0.00512	0.00170	0.00846	0.00416	0.00306	0.00941
50	0.01558	0.23282	0.52826	0.01808	0.02739	0.01972	0.02245	0.02221	0.01488	0.02097	0.01199	0.01405	0.00905	0.00658	0.00617	0.00206	0.00973	0.00486	0.00302	0.01014
51	0.01213	0.00793	0.01022	0.01039	0.01194	0.00757	0.00756	0.05745	0.01741	0.07483	0.22623	0.42195	0.04810	0.01808	0.00864	0.00262	0.00438	0.03844	0.00716	0.00697
52	0.01681	0.01921	0.04202	0.03001	0.03721	0.01801	0.67947	0.02281	0.01681	0.02281	0.01441	0.01921	0.01080	0.00600	0.00840	0.00240	0.01200	0.00840	0.00360	0.00960
53	0.00942	0.00723	0.01075	0.01120	0.01217	0.00677	0.05486	0.01109	0.01415	0.01901	0.08064	0.61745	0.04492	0.05150	0.01015	0.00298	0.00476	0.01848	0.00638	0.00606
54	0.01327	0.00664	0.00664	0.00664	0.00830	0.00664	0.00498	0.01659	0.01493	0.02655	0.02323	0.02655	0.01825	0.00830	0.00498	0.00166	0.00332	0.00664	0.78928	0.00664
55	0.01477	0.01266	0.01477	0.01055	0.01687	0.00949	0.00844	0.01793	0.01477	0.02320	0.01266	0.01477	0.01055	0.00527	0.00527	0.00105	0.00527	0.00422	0.00422	0.79328
56	0.01028	0.00719	0.00922	0.00922	0.00972	0.00769	0.00612	0.01129	0.01078	0.01488	0.02111	0.03925	0.02270	0.47495	0.30668	0.00870	0.01171	0.00928	0.00412	0.00512
57	0.01327	0.00664	0.00664	0.00664	0.00830	0.00664	0.00498	0.01659	0.01493	0.02655	0.02323	0.02655	0.01825	0.00830	0.00498	0.00166	0.00332	0.00664	0.78928	0.00664
58	0.14902	0.01745	0.01791	0.01464	0.01959	0.01968	0.01186	0.36692	0.24280	0.03791	0.01977	0.01926	0.01451	0.00859	0.00672	0.00224	0.00675	0.00653	0.00672	0.01113
59	0.01681	0.01921	0.04202	0.03001	0.03721	0.01801	0.67947	0.02281	0.01681	0.02281	0.01441	0.01921	0.01080	0.00600	0.00840	0.00240	0.01200	0.00840	0.00360	0.00960
60	0.01477	0.01266	0.01477	0.01055	0.01687	0.00949	0.00844	0.01793	0.01477	0.02320	0.01266	0.01477	0.01055	0.00527	0.00527	0.00105	0.00527	0.00422	0.00422	0.79328
61	0.01036	0.00690	0.00777	0.00777	0.00777	0.00690	0.00431	0.01036	0.01036	0.01381	0.02244	0.04660	0.02589	0.74975	0.03624	0.00690	0.00690	0.01036	0.00431	0.00431
62	0.02707	0.01995	0.02137	0.01638	0.02208	0.02208	0.01353	0.68159	0.03348	0.04488	0.01710	0.01710	0.01211	0.00855	0.00712	0.00214	0.00784	0.00641	0.00712	0.01211
63	0.01008	0.00728	0.00952	0.00896	0.01064	0.00672	0.00672	0.01344	0.02016	0.02855	0.70158	0.05319	0.06719	0.01456	0.00840	0.00224	0.00336	0.01288	0.00784	0.00672
64	0.01128	0.01122	0.10010	0.01053	0.01346	0.00809	0.00935	0.01525	0.01950	0.04834	0.59276	0.04741	0.05822	0.01338	0.00815	0.00224	0.00436	0.01173	0.00725	0.00737
65	0.38643	0.31583	0.10889	0.01187	0.01772	0.02098	0.01184	0.02129	0.01343	0.02464	0.01027	0.01194	0.00845	0.00642	0.00477	0.00193	0.00698	0.00401	0.00368	0.00864
66	0.02341	0.33723	0.02740	0.01575	0.02044	0.42929	0.01310	0.02544	0.01777	0.01714	0.01054	0.01224	0.00916	0.00681	0.00564	0.00170	0.01064	0.00426	0.00341	0.00863
67	0.01616	0.02562	0.32778	0.03348	0.41059	0.01675	0.02380	0.02216	0.01570	0.02295	0.01313	0.01649	0.01029	0.00653	0.00693	0.00218	0.00936	0.00587	0.00330	0.01095
68	0.01036	0.00690	0.00777	0.00777	0.00777	0.00690	0.00431	0.01036	0.01036	0.01381	0.02244	0.04660	0.02589	0.74975	0.03624	0.00690	0.00690	0.01036	0.00431	0.00431
69	0.01001	0.00728	0.00943	0.00889	0.01060	0.00669	0.00667	0.01331	0.02000	0.02819	0.67700	0.05379	0.09200	0.01469	0.00840	0.00225	0.00337	0.01296	0.00779	0.00669
70	0.01592	0.01473	0.02465	0.31303	0.27926	0.01605	0.06867	0.06405	0.01665	0.02246	0.01582	0.02443	0.01351	0.00809	0.00746	0.00236	0.00891	0.07064	0.00393	0.00940
71	0.01759	0.41192	0.31348	0.01592	0.02367	0.06932	0.01809	0.02230	0.01508	0.01918	0.01115	0.01300	0.00909	0.00645	0.00559	0.00184	0.00916	0.00446	0.00307	0.00965
72	0.01975	0.01526	0.01720	0.01272	0.01879	0.01406	0.01034	0.25756	0.02169	0.05318	0.01475	0.01591	0.01134	0.00657	0.00600	0.00148	0.00622	0.00510	0.00541	0.48665
73	0.00999	0.00721	0.00944	0.00902	0.01062	0.00666	0.00671	0.01323	0.01976	0.02793	0.66170	0.09485	0.06598	0.01502	0.00844	0.00228	0.00341	0.01332	0.00776	0.00666
74	0.01831	0.01816	0.02534	0.05792	0.48986	0.09399	0.01907	0.02456	0.11434	0.02335	0.01607	0.02027	0.01337	0.00735	0.00709	0.00217	0.00851	0.02543	0.00416	0.01070
75	0.01134	0.00776	0.00897	0.00866	0.00914	0.00802	0.00534	0.05101	0.01186	0.01596	0.02177	0.04290	0.02422	0.63321	0.10526	0.00709	0.00822	0.00984	0.00443	0.00499
76	0.02625	0.01946	0.02093	0.01600	0.02174	0.02125	0.01320	0.63761	0.03224	0.04344	0.01680	0.01694	0.01201	0.00833	0.00700	0.00207	0.00767	0.00627	0.00693	0.06387
77	0.02577	0.03124	0.02111	0.02065	0.08807	0.60076	0.01452	0.07669	0.02079	0.02005	0.01169	0.01362	0.00960	0.00733	0.00653	0.00188	0.01204	0.00489	0.00391	0.00884
78	0.01641	0.02076	0.13250	0.12206	0.06169	0.01762	0.45159	0.04611	0.01680	0.02298	0.01401	0.01846	0.01044	0.00636	0.00791	0.00236	0.01118	0.00754	0.00358	0.00966

[dist]
# distance from previous block
# <min> <max>
0	1

[block]
# block no. 6 follows, 29 sequences, length 12
# corresponding to MSA columns:
# 326-337
name=unknown_G
#
# <colnr> <probs for GDERKNQSTAVLIFYWHMCP>
#	G	D	E	R	K	N	Q	S	T	A	V	L	I	F	Y	W	H	M	C	P
0	0.02278	0.01684	0.01817	0.01477	0.01938	0.01866	0.01178	0.38502	0.23371	0.07005	0.02183	0.02328	0.01671	0.08194	0.01003	0.00270	0.00698	0.00734	0.00697	0.01108
1	0.02022	0.01674	0.01715	0.01489	0.01923	0.04924	0.01171	0.14150	0.52790	0.06018	0.02623	0.02433	0.01945	0.00934	0.00719	0.00234	0.00633	0.00759	0.00713	0.01131
2	0.02090	0.04820	0.02057	0.02061	0.17468	0.01667	0.01362	0.11523	0.25475	0.13435	0.02136	0.02115	0.01585	0.00806	0.00687	0.00211	0.00668	0.00676	0.00616	0.08542
3	0.01278	0.00925	0.01333	0.01353	0.07965	0.00906	0.06586	0.01387	0.01203	0.05222	0.02114	0.04015	0.02268	0.57193	0.02938	0.00579	0.00746	0.00962	0.00441	0.00588
4	0.54372	0.05651	0.08603	0.01443	0.07740	0.07754	0.01161	0.02185	0.01359	0.02818	0.01061	0.01256	0.00836	0.00664	0.00506	0.00213	0.00702	0.00428	0.00405	0.00843
5	0.01640	0.02206	0.15077	0.02844	0.03618	0.01777	0.57359	0.02277	0.01652	0.02277	0.01414	0.01853	0.01052	0.00613	0.00814	0.00238	0.01176	0.00789	0.00351	0.00975
6	0.06294	0.06741	0.01832	0.01328	0.01856	0.05042	0.01098	0.09011	0.08433	0.47179	0.02422	0.02176	0.01605	0.00850	0.00682	0.00215	0.00661	0.00666	0.00764	0.01143
7	0.01321	0.00829	0.01014	0.00952	0.01086	0.00818	0.00643	0.04215	0.01309	0.08513	0.02374	0.11981	0.02503	0.42618	0.12198	0.00610	0.00813	0.01032	0.00507	0.04665
8	0.13776	0.09525	0.02101	0.05206	0.05211	0.38271	0.01335	0.12343	0.01998	0.02388	0.01184	0.01367	0.00950	0.00724	0.00612	0.00194	0.01017	0.00484	0.00420	0.00895
9	0.19159	0.42085	0.09574	0.01303	0.01904	0.05734	0.01279	0.07989	0.01596	0.02318	0.01087	0.01238	0.00908	0.00655	0.00506	0.00181	0.00771	0.00423	0.00373	0.00918
10	0.01017	0.00701	0.00814	0.00814	0.00850	0.00706	0.00494	0.01062	0.01099	0.01459	0.02633	0.04634	0.08328	0.60624	0.11300	0.00704	0.00802	0.01044	0.00445	0.00470
11	0.02344	0.01770	0.01905	0.01499	0.02009	0.01927	0.01210	0.48175	0.12714	0.03857	0.01884	0.02039	0.01437	0.06136	0.00906	0.00242	0.00722	0.00674	0.00669	0.07878

[dist]
# distance from previous block
# <min> <max>
9	14

[block]
# block no. 7 follows, 29 sequences, length 13
# corresponding to MSA columns:
# 352-364
name=unknown_H
#
# <colnr> <probs for GDERKNQSTAVLIFYWHMCP>
#	G	D	E	R	K	N	Q	S	T	A	V	L	I	F	Y	W	H	M	C	P
0	0.15400	0.04239	0.01762	0.12242	0.02262	0.01442	0.01178	0.11783	0.01927	0.32556	0.01943	0.01919	0.01316	0.00780	0.00646	0.00211	0.00674	0.00605	0.00644	0.06470
1	0.01312	0.00801	0.01017	0.00921	0.01160	0.00716	0.00705	0.01610	0.01948	0.13098	0.48493	0.05154	0.17446	0.01431	0.00821	0.00226	0.00382	0.01239	0.00777	0.00742
2	0.00971	0.00726	0.00901	0.00857	0.01041	0.00656	0.00643	0.01272	0.01928	0.02649	0.56188	0.05659	0.20817	0.01533	0.00840	0.00228	0.00341	0.01335	0.00757	0.00656
3	0.01904	0.75404	0.03731	0.01218	0.01828	0.02818	0.01218	0.02132	0.01447	0.01675	0.00990	0.01142	0.00914	0.00609	0.00457	0.00152	0.00761	0.00381	0.00305	0.00914
4	0.00912	0.00724	0.00819	0.00795	0.01005	0.00631	0.00596	0.01158	0.01789	0.02317	0.33814	0.06205	0.43398	0.01656	0.00841	0.00233	0.00350	0.01412	0.00713	0.00631
5	0.01428	0.03683	0.71286	0.02030	0.03082	0.01654	0.02631	0.02255	0.01503	0.02255	0.01278	0.01503	0.00902	0.00677	0.00677	0.00226	0.01052	0.00526	0.00301	0.01052
6	0.03195	0.01212	0.01652	0.01267	0.01818	0.01047	0.01047	0.03470	0.02038	0.71026	0.02809	0.02424	0.01763	0.00881	0.00716	0.00220	0.00606	0.00716	0.00881	0.01212
7	0.01428	0.03683	0.71286	0.02030	0.03082	0.01654	0.02631	0.02255	0.01503	0.02255	0.01278	0.01503	0.00902	0.00677	0.00677	0.00226	0.01052	0.00526	0.00301	0.01052
8	0.00953	0.00726	0.00876	0.00838	0.01030	0.00649	0.00629	0.01238	0.01886	0.02548	0.49387	0.05825	0.27681	0.01570	0.00840	0.00229	0.00344	0.01359	0.00743	0.00649
9	0.01692	0.01581	0.02511	0.09758	0.49562	0.01648	0.01912	0.02392	0.13389	0.02420	0.04823	0.02096	0.01556	0.00737	0.00715	0.00220	0.00782	0.00695	0.00434	0.01077
10	0.01904	0.75404	0.03731	0.01218	0.01828	0.02818	0.01218	0.02132	0.01447	0.01675	0.00990	0.01142	0.00914	0.00609	0.00457	0.00152	0.00761	0.00381	0.00305	0.00914
11	0.02667	0.01097	0.01471	0.01167	0.01633	0.00953	0.00949	0.02946	0.02006	0.54861	0.14359	0.03214	0.07330	0.01041	0.00745	0.00222	0.00544	0.00866	0.00850	0.01079
12	0.01811	0.61451	0.16874	0.01376	0.02072	0.02591	0.01493	0.02156	0.01458	0.01788	0.01046	0.01213	0.00912	0.00622	0.00500	0.00167	0.00818	0.00409	0.00304	0.00941

[dist]
# distance from previous block
# <min> <max>
0	0

# created by:
# /st0/software/busco_prod/Augustus/scripts/msa2prfl.pl ./align_prep/153887.fa
