[name]
unknown

[dist]
# distance from previous block
# <min> <max>
6	41

[block]
# block no. 0 follows, 28 sequences, length 7
# corresponding to MSA columns:
# 53-59
name=unknown_A
#
# <colnr> <probs for GDERKNQSTAVLIFYWHMCP>
#	G	D	E	R	K	N	Q	S	T	A	V	L	I	F	Y	W	H	M	C	P
0	0.02212	0.10361	0.08179	0.06456	0.04114	0.12668	0.04480	0.06909	0.14622	0.16020	0.05297	0.02129	0.01679	0.00838	0.00698	0.00217	0.00833	0.00673	0.00574	0.01039
1	0.18135	0.01524	0.01788	0.01888	0.14293	0.05287	0.04061	0.06168	0.13076	0.10312	0.02585	0.06462	0.09463	0.00984	0.00699	0.00232	0.00679	0.00814	0.00579	0.00972
2	0.07568	0.10068	0.05451	0.01884	0.12950	0.01757	0.01383	0.18172	0.06061	0.15258	0.03661	0.01908	0.01444	0.00781	0.00662	0.00204	0.00719	0.00620	0.00586	0.08864
3	0.15660	0.06433	0.05044	0.01276	0.01675	0.04487	0.01063	0.13755	0.05900	0.12300	0.01618	0.01874	0.01257	0.01285	0.01255	0.22452	0.00705	0.00592	0.00524	0.00847
4	0.02185	0.01707	0.05652	0.04621	0.02111	0.04155	0.01339	0.16396	0.11364	0.16818	0.02283	0.02319	0.05936	0.00992	0.01029	0.00238	0.14056	0.00723	0.00616	0.05460
5	0.02032	0.02063	0.17362	0.01922	0.10446	0.01638	0.01609	0.19870	0.09878	0.10458	0.02217	0.05910	0.04697	0.00919	0.00725	0.00223	0.00767	0.00756	0.00585	0.05924
6	0.06621	0.08167	0.06579	0.01749	0.09752	0.08660	0.01325	0.11009	0.01835	0.12151	0.01797	0.05885	0.01495	0.01680	0.13500	0.00382	0.01008	0.00687	0.00512	0.05205

[dist]
# distance from previous block
# <min> <max>
0	7

[block]
# block no. 1 follows, 28 sequences, length 6
# corresponding to MSA columns:
# 67-72
name=unknown_B
#
# <colnr> <probs for GDERKNQSTAVLIFYWHMCP>
#	G	D	E	R	K	N	Q	S	T	A	V	L	I	F	Y	W	H	M	C	P
0	0.01311	0.00902	0.01067	0.01011	0.01207	0.00888	0.00763	0.10771	0.01660	0.02119	0.03951	0.04722	0.27194	0.05283	0.01624	0.25554	0.00565	0.08243	0.00556	0.00607
1	0.02136	0.11988	0.01849	0.01241	0.01669	0.01459	0.01031	0.16413	0.02231	0.21102	0.23751	0.03094	0.03179	0.01260	0.04120	0.00260	0.00656	0.00854	0.00720	0.00987
2	0.05374	0.17904	0.37897	0.01878	0.02729	0.02026	0.07743	0.11793	0.01800	0.02559	0.01309	0.01510	0.00979	0.00696	0.00653	0.00214	0.00963	0.00545	0.00381	0.01047
3	0.07338	0.56136	0.08078	0.01359	0.01970	0.11108	0.01333	0.02271	0.01536	0.01867	0.01045	0.01211	0.00922	0.00646	0.00504	0.00169	0.00849	0.00409	0.00328	0.00922
4	0.00924	0.00652	0.00844	0.00969	0.01013	0.00616	0.00636	0.01044	0.01381	0.01854	0.08234	0.57648	0.04586	0.14326	0.01388	0.00359	0.00464	0.01845	0.00644	0.00572
5	0.01752	0.01713	0.03086	0.02256	0.02890	0.01604	0.37636	0.11626	0.01891	0.02625	0.01694	0.08112	0.01440	0.00780	0.00776	0.00216	0.00946	0.00842	0.00460	0.17655

[dist]
# distance from previous block
# <min> <max>
8	17

[block]
# block no. 2 follows, 28 sequences, length 7
# corresponding to MSA columns:
# 90-96
name=unknown_C
#
# <colnr> <probs for GDERKNQSTAVLIFYWHMCP>
#	G	D	E	R	K	N	Q	S	T	A	V	L	I	F	Y	W	H	M	C	P
0	0.02364	0.01732	0.01892	0.01506	0.01979	0.01907	0.01221	0.45580	0.08389	0.07046	0.02468	0.02555	0.08413	0.04988	0.00981	0.00255	0.04144	0.00783	0.00696	0.01101
1	0.00935	0.00679	0.00841	0.00934	0.01017	0.00632	0.00634	0.01075	0.01442	0.01895	0.09717	0.42696	0.14971	0.14864	0.01403	0.00355	0.00466	0.04220	0.00644	0.00579
2	0.01635	0.01795	0.03716	0.11017	0.03651	0.01790	0.51325	0.02168	0.01607	0.02185	0.01447	0.02059	0.01147	0.04108	0.01096	0.00272	0.06876	0.00825	0.00362	0.00920
3	0.01611	0.05202	0.13833	0.01935	0.02245	0.06358	0.07591	0.01940	0.01319	0.01888	0.01171	0.01704	0.01046	0.01470	0.08656	0.00366	0.39848	0.00632	0.00331	0.00853
4	0.02361	0.08247	0.02092	0.01660	0.02051	0.32220	0.01314	0.12446	0.12774	0.04689	0.01599	0.01718	0.01259	0.00856	0.00831	0.00212	0.08099	0.00581	0.04033	0.00959
5	0.02415	0.01775	0.01946	0.01573	0.02059	0.01945	0.01290	0.54171	0.03039	0.04066	0.02184	0.09539	0.01891	0.01128	0.00775	0.00238	0.00749	0.07387	0.00716	0.01114
6	0.02312	0.01788	0.01934	0.01512	0.02071	0.01903	0.01229	0.41030	0.16613	0.03815	0.01907	0.01899	0.01409	0.00829	0.00692	0.00202	0.00700	0.00644	0.00670	0.16842

[dist]
# distance from previous block
# <min> <max>
5	51

[block]
# block no. 3 follows, 28 sequences, length 61
# corresponding to MSA columns:
# 197-257
name=unknown_D
#
# <colnr> <probs for GDERKNQSTAVLIFYWHMCP>
#	G	D	E	R	K	N	Q	S	T	A	V	L	I	F	Y	W	H	M	C	P
0	0.04740	0.01071	0.01406	0.01276	0.04557	0.00966	0.00976	0.02492	0.01870	0.37411	0.08305	0.04062	0.16786	0.01407	0.03780	0.00278	0.00616	0.06260	0.00766	0.00976
1	0.04383	0.01281	0.04543	0.07922	0.15575	0.01212	0.01292	0.04192	0.06552	0.09768	0.10797	0.13491	0.08459	0.03992	0.00893	0.00260	0.00640	0.03260	0.00594	0.00892
2	0.06935	0.01662	0.01792	0.01444	0.01925	0.01816	0.01162	0.36277	0.15641	0.11632	0.02137	0.02236	0.01592	0.05918	0.00908	0.00256	0.00694	0.00710	0.04151	0.01114
3	0.01653	0.05376	0.05317	0.08027	0.11063	0.01790	0.41268	0.02141	0.01593	0.02173	0.01451	0.03931	0.01189	0.00799	0.00991	0.03717	0.05426	0.00798	0.00363	0.00936
4	0.01071	0.00782	0.01115	0.04232	0.01340	0.00888	0.00845	0.01292	0.01174	0.01684	0.02006	0.03193	0.01949	0.19002	0.51540	0.00989	0.01581	0.00825	0.03877	0.00615
5	0.01590	0.01467	0.02350	0.33716	0.23807	0.01648	0.03994	0.06471	0.03975	0.02256	0.01748	0.05274	0.03885	0.00852	0.00811	0.00238	0.03814	0.00756	0.00406	0.00941
6	0.02039	0.01792	0.05134	0.01604	0.04054	0.06490	0.01274	0.10693	0.40506	0.08497	0.02448	0.02353	0.01824	0.01066	0.03266	0.00263	0.00736	0.00733	0.00667	0.04561
7	0.01049	0.00772	0.01135	0.01135	0.01260	0.00892	0.00874	0.01298	0.01174	0.01705	0.01977	0.02944	0.01859	0.08692	0.66106	0.01115	0.01838	0.00789	0.02748	0.00640
8	0.01482	0.07243	0.67413	0.02031	0.03083	0.01746	0.02615	0.02296	0.01532	0.02273	0.01290	0.01517	0.00921	0.00687	0.00680	0.00227	0.01060	0.00530	0.00307	0.01067
9	0.01934	0.42268	0.19896	0.01582	0.02245	0.13813	0.01641	0.02307	0.01570	0.01869	0.01099	0.01300	0.00931	0.00690	0.00642	0.00187	0.04310	0.00450	0.00321	0.00946
10	0.02632	0.01175	0.01544	0.01253	0.01710	0.01085	0.01010	0.04894	0.07474	0.48096	0.11418	0.05900	0.02596	0.01263	0.04225	0.00276	0.00641	0.00870	0.00834	0.01103
11	0.01069	0.00701	0.00795	0.00800	0.00821	0.00697	0.00466	0.01112	0.01146	0.01582	0.05220	0.07730	0.02864	0.63113	0.03238	0.00630	0.00652	0.01087	0.05804	0.00474
12	0.01033	0.00713	0.00809	0.00802	0.00849	0.00693	0.00482	0.01094	0.01243	0.01653	0.11101	0.05073	0.10151	0.57891	0.03053	0.00598	0.00625	0.01139	0.00509	0.00489
13	0.05627	0.02124	0.02199	0.13731	0.13112	0.18765	0.01603	0.19615	0.05394	0.02749	0.01424	0.01690	0.01112	0.00814	0.00834	0.00224	0.06910	0.00602	0.00474	0.00997
14	0.01823	0.01781	0.02834	0.07034	0.61893	0.04836	0.02148	0.02302	0.03984	0.02350	0.01408	0.01815	0.01171	0.00667	0.00718	0.00217	0.00878	0.00646	0.00372	0.01124
15	0.00945	0.00726	0.00848	0.00841	0.01019	0.00647	0.00612	0.01176	0.01754	0.02306	0.32230	0.12979	0.32685	0.06706	0.01060	0.00275	0.00386	0.01465	0.00710	0.00629
16	0.01800	0.01703	0.02761	0.04029	0.60050	0.01739	0.02074	0.02468	0.11368	0.02471	0.01598	0.01932	0.01306	0.00697	0.00723	0.00220	0.00822	0.00673	0.00415	0.01151
17	0.01826	0.45827	0.27981	0.01546	0.02330	0.02365	0.01759	0.02282	0.01525	0.04962	0.01199	0.01358	0.00967	0.00659	0.00559	0.00186	0.00878	0.00458	0.00336	0.00998
18	0.24699	0.02984	0.47176	0.01782	0.02656	0.01677	0.04857	0.02254	0.01454	0.02588	0.01225	0.01448	0.00889	0.00683	0.00626	0.00229	0.00928	0.00508	0.00352	0.00985
19	0.00903	0.00646	0.00859	0.01000	0.01058	0.00602	0.00676	0.01056	0.01472	0.01984	0.11923	0.65698	0.05055	0.02182	0.00919	0.00287	0.00412	0.01976	0.00690	0.00602
20	0.01504	0.01054	0.01397	0.04351	0.06842	0.01063	0.01102	0.02110	0.12509	0.10181	0.19170	0.05167	0.09646	0.01425	0.00850	0.00262	0.00572	0.19242	0.00700	0.00852
21	0.01844	0.01493	0.01639	0.07149	0.02018	0.03464	0.01151	0.24804	0.17201	0.03108	0.05675	0.03233	0.15096	0.01500	0.07011	0.00315	0.00776	0.00895	0.00650	0.00977
22	0.11246	0.01218	0.01568	0.01235	0.01755	0.01099	0.01012	0.03234	0.01965	0.58678	0.04802	0.04999	0.01958	0.00944	0.00712	0.00228	0.00597	0.00761	0.00841	0.01149
23	0.01656	0.01452	0.02349	0.31715	0.30446	0.01591	0.01909	0.03838	0.04899	0.05390	0.01675	0.06867	0.01412	0.00826	0.00738	0.00234	0.00849	0.00757	0.00420	0.00979
24	0.01497	0.06806	0.63166	0.02103	0.03134	0.01751	0.07039	0.02298	0.01544	0.02277	0.01303	0.01547	0.00934	0.00682	0.00692	0.00228	0.01071	0.00552	0.00311	0.01062
25	0.01793	0.01928	0.02196	0.01902	0.01969	0.14707	0.01557	0.01957	0.01284	0.01755	0.00985	0.01540	0.00951	0.01178	0.02074	0.00295	0.60192	0.00606	0.00328	0.00804
26	0.01507	0.01292	0.01507	0.01077	0.01723	0.00969	0.00861	0.01830	0.01507	0.02369	0.01292	0.01507	0.01077	0.00538	0.00538	0.00108	0.00538	0.00431	0.00431	0.78898
27	0.08344	0.01224	0.01522	0.01239	0.01708	0.01168	0.01001	0.03151	0.12632	0.44150	0.13149	0.02877	0.02581	0.00988	0.00731	0.00229	0.00564	0.00812	0.00825	0.01104
28	0.01872	0.01243	0.06145	0.01281	0.01654	0.01062	0.01094	0.08390	0.04631	0.21742	0.06235	0.18642	0.08340	0.01473	0.00834	0.00262	0.00603	0.12858	0.00725	0.00912
29	0.07950	0.01390	0.01632	0.01336	0.01821	0.01416	0.01078	0.10026	0.21233	0.34821	0.07356	0.02585	0.02148	0.00947	0.00722	0.00231	0.00602	0.00767	0.00798	0.01142
30	0.21448	0.01005	0.01058	0.00958	0.01277	0.01002	0.00748	0.01907	0.03870	0.13070	0.20225	0.07365	0.17429	0.01259	0.00718	0.00232	0.00458	0.01029	0.04153	0.00791
31	0.76372	0.01399	0.01094	0.00970	0.01425	0.01607	0.00799	0.02196	0.01273	0.06091	0.01090	0.01235	0.00830	0.00684	0.00462	0.00225	0.00565	0.00408	0.00469	0.00806
32	0.00919	0.00735	0.00822	0.00809	0.01021	0.00638	0.00603	0.01156	0.01786	0.02290	0.28812	0.09014	0.45363	0.01734	0.00861	0.00242	0.00361	0.01478	0.00718	0.00638
33	0.32663	0.01380	0.01461	0.01204	0.01702	0.01438	0.00983	0.05649	0.11099	0.32260	0.02114	0.01976	0.01442	0.00823	0.00623	0.00228	0.00598	0.00610	0.00696	0.01050
34	0.00935	0.00710	0.00861	0.00885	0.01044	0.00636	0.00640	0.01166	0.01744	0.02316	0.31391	0.25028	0.26367	0.01820	0.00878	0.00253	0.00373	0.01594	0.00725	0.00636
35	0.02528	0.01499	0.01738	0.01432	0.01928	0.01574	0.01150	0.12794	0.32594	0.30336	0.02749	0.02479	0.01910	0.00935	0.00734	0.00234	0.00625	0.00761	0.00802	0.01198
36	0.02994	0.01297	0.01679	0.01327	0.01862	0.01204	0.01083	0.03601	0.14314	0.58032	0.02884	0.02518	0.01877	0.00916	0.00733	0.00229	0.00611	0.00748	0.00870	0.01221
37	0.34417	0.01276	0.01344	0.01113	0.01564	0.01311	0.00903	0.06308	0.01770	0.28480	0.09840	0.02327	0.01973	0.03518	0.00736	0.00242	0.00577	0.00667	0.00676	0.00958
38	0.00947	0.00658	0.00825	0.00934	0.00961	0.00631	0.00591	0.01028	0.01272	0.01697	0.03395	0.49304	0.04036	0.28005	0.01916	0.00441	0.00523	0.01707	0.00591	0.00537
39	0.00922	0.00659	0.00841	0.00957	0.01035	0.00611	0.00651	0.01081	0.01484	0.01999	0.11729	0.55141	0.10616	0.04831	0.01004	0.00294	0.00416	0.01848	0.03282	0.00601
40	0.00920	0.00655	0.00847	0.00968	0.01024	0.00615	0.00644	0.01054	0.01426	0.01911	0.10454	0.56727	0.06692	0.10933	0.01255	0.00337	0.00447	0.01853	0.00659	0.00582
41	0.01100	0.00800	0.01079	0.01229	0.01375	0.00790	0.01013	0.01422	0.03483	0.02107	0.04036	0.24929	0.07493	0.02040	0.00970	0.00318	0.00588	0.43895	0.00673	0.00660
42	0.01400	0.01292	0.02041	0.57933	0.04329	0.01482	0.01780	0.01852	0.01465	0.01963	0.01292	0.01849	0.00991	0.00688	0.00688	0.00214	0.00880	0.00602	0.00345	0.16914
43	0.71954	0.01389	0.01130	0.00990	0.01451	0.01574	0.00815	0.02277	0.01321	0.09979	0.01198	0.01310	0.00888	0.00697	0.00478	0.00225	0.00568	0.00427	0.00495	0.00832
44	0.01507	0.01292	0.01507	0.01077	0.01723	0.00969	0.00861	0.01830	0.01507	0.02369	0.01292	0.01507	0.01077	0.00538	0.00538	0.00108	0.00538	0.00431	0.00431	0.78898
45	0.01373	0.01292	0.02180	0.72707	0.05006	0.01615	0.02019	0.01857	0.01453	0.01857	0.01292	0.01938	0.00969	0.00727	0.00727	0.00242	0.00969	0.00646	0.00323	0.00807
46	0.01373	0.01292	0.02180	0.72707	0.05006	0.01615	0.02019	0.01857	0.01453	0.01857	0.01292	0.01938	0.00969	0.00727	0.00727	0.00242	0.00969	0.00646	0.00323	0.00807
47	0.01051	0.00702	0.00795	0.00801	0.00803	0.00700	0.00449	0.01055	0.01070	0.01426	0.02355	0.07376	0.02725	0.71723	0.03595	0.00689	0.00694	0.01095	0.00449	0.00446
48	0.00894	0.00636	0.00841	0.01001	0.01042	0.00596	0.00663	0.01014	0.01375	0.01834	0.03923	0.70597	0.04702	0.05804	0.01063	0.00315	0.00436	0.02017	0.00663	0.00583
49	0.01031	0.00713	0.00808	0.00808	0.00846	0.00705	0.00482	0.01069	0.01138	0.01495	0.02901	0.04924	0.10918	0.61408	0.07304	0.00675	0.00735	0.01100	0.00467	0.00474
50	0.01405	0.01350	0.02326	0.64961	0.04793	0.01656	0.06464	0.01885	0.01457	0.01885	0.01290	0.01925	0.00978	0.00742	0.00806	0.00246	0.04027	0.00660	0.00326	0.00819
51	0.01872	0.02121	0.02920	0.07212	0.02872	0.17554	0.24962	0.02221	0.01563	0.01970	0.01199	0.01684	0.01004	0.00883	0.01340	0.00258	0.26466	0.00678	0.00349	0.00873
52	0.01808	0.01561	0.01644	0.01479	0.01890	0.01808	0.01151	0.03863	0.68606	0.03041	0.02959	0.02712	0.02219	0.00986	0.00740	0.00247	0.00575	0.00822	0.00740	0.01151
53	0.00947	0.00662	0.00837	0.00939	0.00978	0.00631	0.00605	0.01050	0.01337	0.01794	0.07972	0.48451	0.04296	0.23952	0.01757	0.00414	0.00502	0.01711	0.00613	0.00552
54	0.75835	0.01437	0.01123	0.00991	0.01447	0.01661	0.00816	0.05330	0.01344	0.03326	0.01048	0.01208	0.00809	0.00684	0.00463	0.00225	0.00574	0.00406	0.00463	0.00809
55	0.01373	0.01292	0.02180	0.72707	0.05006	0.01615	0.02019	0.01857	0.01453	0.01857	0.01292	0.01938	0.00969	0.00727	0.00727	0.00242	0.00969	0.00646	0.00323	0.00807
56	0.00966	0.00667	0.00820	0.00909	0.00931	0.00644	0.00564	0.01033	0.01234	0.01645	0.03197	0.41332	0.03787	0.36318	0.02235	0.00488	0.00555	0.01590	0.00564	0.00520
57	0.01671	0.01885	0.04080	0.05240	0.03726	0.01780	0.62438	0.02259	0.01694	0.02294	0.01568	0.04905	0.01250	0.00685	0.00856	0.00247	0.01184	0.00900	0.00379	0.00959
58	0.02692	0.02060	0.02138	0.01667	0.02228	0.05055	0.01366	0.60253	0.08076	0.04355	0.01808	0.01797	0.01295	0.00876	0.00725	0.00219	0.00805	0.00659	0.00714	0.01214
59	0.01431	0.03614	0.67432	0.02022	0.03049	0.01637	0.02592	0.02242	0.01528	0.02281	0.01430	0.04911	0.01102	0.00765	0.00702	0.00233	0.01044	0.00608	0.00324	0.01052
60	0.01458	0.03760	0.70688	0.02072	0.03146	0.01688	0.02686	0.02302	0.01535	0.02302	0.01304	0.01535	0.00921	0.00691	0.00691	0.00230	0.01074	0.00537	0.00307	0.01074

[dist]
# distance from previous block
# <min> <max>
0	15

[block]
# block no. 4 follows, 28 sequences, length 88
# corresponding to MSA columns:
# 273-360
name=unknown_E
#
# <colnr> <probs for GDERKNQSTAVLIFYWHMCP>
#	G	D	E	R	K	N	Q	S	T	A	V	L	I	F	Y	W	H	M	C	P
0	0.03153	0.01213	0.01652	0.01275	0.01818	0.01050	0.01050	0.03437	0.02079	0.67150	0.06099	0.02617	0.02045	0.00928	0.00737	0.00225	0.00605	0.00759	0.00895	0.01210
1	0.01695	0.01744	0.03381	0.15239	0.21560	0.01747	0.33978	0.04412	0.01711	0.02331	0.01511	0.02141	0.01213	0.00703	0.00799	0.00239	0.01049	0.03171	0.00382	0.00994
2	0.01041	0.00726	0.00886	0.00886	0.00934	0.00752	0.00568	0.01118	0.01121	0.01514	0.02503	0.04400	0.06410	0.52350	0.21029	0.00797	0.01005	0.01014	0.00441	0.00505
3	0.01649	0.00978	0.01212	0.01092	0.01371	0.00929	0.00834	0.09987	0.02023	0.16576	0.24225	0.21649	0.11465	0.01525	0.00833	0.00245	0.00479	0.01324	0.00766	0.00836
4	0.01673	0.01564	0.02594	0.32391	0.39760	0.01708	0.02100	0.05412	0.01662	0.02275	0.01356	0.01853	0.01081	0.00692	0.00723	0.00227	0.00904	0.00647	0.00363	0.01014
5	0.03011	0.01259	0.01658	0.01303	0.01834	0.01144	0.01065	0.03507	0.10060	0.60054	0.05135	0.02603	0.02021	0.00930	0.00736	0.00228	0.00604	0.00762	0.00877	0.01208
6	0.01565	0.03610	0.66587	0.02026	0.03069	0.01651	0.02590	0.02376	0.01567	0.06350	0.01397	0.01591	0.00973	0.00703	0.00693	0.00230	0.01047	0.00549	0.00342	0.01084
7	0.01924	0.01964	0.02829	0.04109	0.60709	0.11229	0.02118	0.02322	0.01710	0.02294	0.01334	0.01733	0.01122	0.00661	0.00711	0.00212	0.00924	0.00623	0.00362	0.01109
8	0.02537	0.02906	0.02109	0.01844	0.02192	0.48044	0.01431	0.13919	0.02139	0.02260	0.01203	0.01432	0.00991	0.00857	0.00954	0.00214	0.13107	0.00528	0.00426	0.00903
9	0.01029	0.00743	0.00972	0.00914	0.01086	0.00686	0.00686	0.01372	0.02058	0.02915	0.69536	0.05430	0.06859	0.01486	0.00857	0.00229	0.00343	0.01315	0.00800	0.00686
10	0.01969	0.02100	0.02951	0.03767	0.47882	0.15511	0.10616	0.02376	0.01743	0.02251	0.01333	0.01724	0.01103	0.00663	0.00725	0.00214	0.00999	0.00640	0.00364	0.01068
11	0.01640	0.15944	0.41722	0.01870	0.02685	0.01844	0.06187	0.02253	0.01559	0.05790	0.03118	0.01967	0.01287	0.00802	0.00783	0.00228	0.05250	0.03692	0.00373	0.01006
12	0.00894	0.00636	0.00841	0.01001	0.01041	0.00596	0.00663	0.01014	0.01374	0.01833	0.03918	0.70411	0.04696	0.05998	0.01071	0.00316	0.00436	0.02014	0.00663	0.00583
13	0.06374	0.05455	0.05366	0.01755	0.02200	0.48213	0.01402	0.09432	0.08916	0.02288	0.01373	0.01497	0.01089	0.00775	0.00656	0.00199	0.01117	0.00520	0.00446	0.00925
14	0.00967	0.00726	0.01025	0.01124	0.01229	0.00682	0.03266	0.01156	0.01486	0.01964	0.06037	0.54359	0.08477	0.02120	0.00932	0.00295	0.00487	0.12377	0.00666	0.00622
15	0.02763	0.02036	0.02182	0.01672	0.02254	0.02254	0.01382	0.67496	0.03418	0.04581	0.01745	0.01745	0.01236	0.00873	0.00727	0.00218	0.00800	0.00654	0.00727	0.01236
16	0.03983	0.00768	0.00975	0.00916	0.01098	0.00721	0.00690	0.01401	0.02027	0.02928	0.66959	0.05270	0.06630	0.01456	0.00842	0.00228	0.00351	0.01280	0.00787	0.00690
17	0.05791	0.59114	0.08683	0.01421	0.02067	0.04987	0.05259	0.02218	0.01503	0.01871	0.01064	0.01247	0.00935	0.00633	0.00512	0.00171	0.00834	0.00431	0.00323	0.00936
18	0.00892	0.00642	0.00847	0.01009	0.01063	0.00598	0.00682	0.01026	0.01410	0.01868	0.04146	0.69427	0.07568	0.02252	0.00927	0.00294	0.00426	0.03655	0.00675	0.00593
19	0.01131	0.00808	0.01125	0.01292	0.01442	0.00802	0.01101	0.01436	0.01633	0.02130	0.03871	0.17559	0.04272	0.02046	0.00993	0.00329	0.00634	0.56069	0.00670	0.00658
20	0.01799	0.01727	0.02950	0.04462	0.69919	0.01727	0.02231	0.02231	0.01655	0.02375	0.01367	0.01799	0.01151	0.00648	0.00720	0.00216	0.00864	0.00648	0.00360	0.01151
21	0.01908	0.01958	0.02923	0.04053	0.57380	0.10410	0.06190	0.02320	0.01709	0.02298	0.01343	0.01748	0.01122	0.00658	0.00720	0.00214	0.00942	0.00638	0.00362	0.01102
22	0.01458	0.03760	0.70688	0.02072	0.03146	0.01688	0.02686	0.02302	0.01535	0.02302	0.01304	0.01535	0.00921	0.00691	0.00691	0.00230	0.01074	0.00537	0.00307	0.01074
23	0.05369	0.02015	0.02144	0.01648	0.02225	0.02233	0.01361	0.65278	0.03344	0.04536	0.01720	0.01726	0.01221	0.00866	0.00718	0.00218	0.00792	0.00646	0.00718	0.01221
24	0.08711	0.01633	0.06318	0.18228	0.30242	0.01601	0.01805	0.07432	0.01749	0.06129	0.04434	0.02199	0.04832	0.00796	0.00709	0.00226	0.00808	0.00695	0.00449	0.01004
25	0.01799	0.01727	0.02950	0.04462	0.69919	0.01727	0.02231	0.02231	0.01655	0.02375	0.01367	0.01799	0.01151	0.00648	0.00720	0.00216	0.00864	0.00648	0.00360	0.01151
26	0.00886	0.00633	0.00843	0.01012	0.01054	0.00590	0.00675	0.01012	0.01392	0.01856	0.04006	0.73979	0.04808	0.02277	0.00928	0.00295	0.00422	0.02066	0.00675	0.00590
27	0.00885	0.00636	0.00839	0.01002	0.01052	0.00591	0.00670	0.01013	0.01402	0.01860	0.04132	0.71480	0.07227	0.02261	0.00925	0.00293	0.00420	0.02047	0.00675	0.00591
28	0.01504	0.03436	0.58732	0.02250	0.03264	0.01715	0.14316	0.02307	0.01567	0.02307	0.01334	0.01611	0.00954	0.00677	0.00721	0.00233	0.01102	0.00595	0.00318	0.01057
29	0.01373	0.01292	0.02180	0.72707	0.05006	0.01615	0.02019	0.01857	0.01453	0.01857	0.01292	0.01938	0.00969	0.00727	0.00727	0.00242	0.00969	0.00646	0.00323	0.00807
30	0.02899	0.01388	0.01728	0.01372	0.01904	0.01348	0.01118	0.10167	0.16456	0.49252	0.02772	0.02450	0.01831	0.00915	0.00732	0.00229	0.00628	0.00743	0.00848	0.01218
31	0.07763	0.01454	0.01693	0.01339	0.01857	0.05002	0.01091	0.13298	0.02218	0.47574	0.05369	0.04207	0.01897	0.00934	0.00719	0.00224	0.00663	0.00744	0.00807	0.01147
32	0.00904	0.00646	0.00861	0.01010	0.01056	0.00616	0.00677	0.01032	0.01360	0.01821	0.03787	0.65863	0.04506	0.06307	0.05486	0.00371	0.00532	0.01932	0.00645	0.00586
33	0.03261	0.01237	0.01687	0.01293	0.01856	0.01068	0.01068	0.03543	0.02081	0.70423	0.02868	0.02474	0.01799	0.00900	0.00731	0.00225	0.00619	0.00731	0.00900	0.01237
34	0.04409	0.03671	0.68058	0.02030	0.03080	0.01686	0.02614	0.02296	0.01523	0.02338	0.01293	0.01521	0.00916	0.00690	0.00682	0.00230	0.01055	0.00532	0.00312	0.01063
35	0.01800	0.01712	0.02832	0.04192	0.63769	0.01734	0.02133	0.02378	0.07708	0.02435	0.01511	0.01882	0.01248	0.00678	0.00721	0.00219	0.00837	0.00663	0.00394	0.01151
36	0.01774	0.48742	0.23992	0.01536	0.02257	0.02475	0.01703	0.02188	0.01472	0.01892	0.01096	0.01304	0.00931	0.00683	0.00654	0.00188	0.05385	0.00449	0.00310	0.00967
37	0.01171	0.00837	0.01171	0.01339	0.01506	0.00837	0.01171	0.01506	0.01673	0.02175	0.03849	0.08199	0.04183	0.02008	0.01004	0.00335	0.00669	0.65027	0.00669	0.00669
38	0.01737	0.01617	0.02605	0.03663	0.52306	0.01628	0.03605	0.05651	0.05720	0.02477	0.02090	0.04751	0.07236	0.00837	0.00744	0.00224	0.00795	0.00788	0.00440	0.01086
39	0.01423	0.01277	0.01791	0.33188	0.03081	0.04825	0.01492	0.05200	0.01520	0.02036	0.05742	0.02347	0.01598	0.02077	0.19435	0.00485	0.08127	0.00714	0.02865	0.00778
40	0.79588	0.01406	0.01068	0.00956	0.01406	0.01631	0.00787	0.02137	0.01237	0.03261	0.01012	0.01181	0.00787	0.00675	0.00450	0.00225	0.00562	0.00394	0.00450	0.00787
41	0.01394	0.01447	0.04792	0.03982	0.02166	0.01623	0.14208	0.01675	0.01330	0.01909	0.01904	0.19924	0.02001	0.01606	0.05719	0.00343	0.31730	0.01044	0.00421	0.00782
42	0.06867	0.01901	0.01913	0.01704	0.05435	0.07901	0.01292	0.27564	0.31028	0.03493	0.02150	0.02092	0.01601	0.00888	0.00710	0.00228	0.00736	0.00694	0.00668	0.01135
43	0.01761	0.27103	0.42348	0.01750	0.02621	0.04686	0.02075	0.02349	0.01564	0.05703	0.01284	0.01454	0.00972	0.00681	0.00617	0.00204	0.00961	0.00496	0.00342	0.01027
44	0.00886	0.00633	0.00843	0.01012	0.01054	0.00590	0.00675	0.01012	0.01392	0.01856	0.04006	0.73979	0.04808	0.02277	0.00928	0.00295	0.00422	0.02066	0.00675	0.00590
45	0.01237	0.00981	0.01512	0.09642	0.07076	0.01009	0.03922	0.01588	0.01624	0.02132	0.03295	0.12644	0.03528	0.01731	0.00939	0.00308	0.00718	0.44793	0.00596	0.00726
46	0.08586	0.24540	0.02363	0.01461	0.01899	0.31368	0.01202	0.05733	0.01885	0.02185	0.10739	0.01858	0.01772	0.00814	0.00613	0.00188	0.00924	0.00567	0.00439	0.00864
47	0.02785	0.01399	0.01722	0.01361	0.01875	0.01371	0.01110	0.16754	0.10343	0.42600	0.08544	0.02612	0.02180	0.00956	0.00742	0.00226	0.00627	0.00778	0.00836	0.01178
48	0.79588	0.01406	0.01068	0.00956	0.01406	0.01631	0.00787	0.02137	0.01237	0.03261	0.01012	0.01181	0.00787	0.00675	0.00450	0.00225	0.00562	0.00394	0.00450	0.00787
49	0.11016	0.02416	0.01995	0.01851	0.07365	0.29169	0.01353	0.20600	0.08695	0.06385	0.01566	0.01648	0.01186	0.00797	0.00670	0.00210	0.00948	0.00572	0.00540	0.01018
50	0.01753	0.07301	0.06734	0.07112	0.03523	0.06070	0.48584	0.02293	0.01666	0.02193	0.01374	0.01827	0.01057	0.00664	0.00876	0.00238	0.04661	0.00763	0.00356	0.00953
51	0.00931	0.00756	0.00807	0.00809	0.01014	0.00671	0.00587	0.01178	0.04117	0.02035	0.12380	0.12023	0.49663	0.08432	0.01119	0.00290	0.00409	0.01487	0.00668	0.00623
52	0.01657	0.01791	0.03560	0.12447	0.09687	0.01858	0.42275	0.02165	0.01581	0.02179	0.01356	0.01885	0.01066	0.00734	0.01066	0.00253	0.12367	0.00775	0.00353	0.00944
53	0.01990	0.01722	0.02529	0.24845	0.06781	0.01959	0.11159	0.26578	0.02202	0.02963	0.01455	0.01824	0.01096	0.00820	0.00925	0.00240	0.08740	0.00679	0.00483	0.01010
54	0.00902	0.00649	0.00856	0.00992	0.01056	0.00603	0.00673	0.01057	0.01480	0.01988	0.12071	0.63684	0.06956	0.02168	0.00917	0.00286	0.00411	0.01959	0.00690	0.00603
55	0.05436	0.01340	0.01729	0.01330	0.01891	0.01230	0.01099	0.11341	0.02220	0.60385	0.02676	0.02347	0.01701	0.00890	0.00722	0.00224	0.00639	0.00712	0.00865	0.01224
56	0.01792	0.01743	0.02866	0.09637	0.63008	0.03698	0.02191	0.02221	0.01651	0.02318	0.01355	0.01796	0.01131	0.00657	0.00718	0.00217	0.00884	0.00642	0.00357	0.01116
57	0.02583	0.01963	0.02181	0.01696	0.02258	0.02173	0.03825	0.55633	0.12996	0.04269	0.01914	0.01896	0.01377	0.00880	0.00734	0.00223	0.00783	0.00687	0.00715	0.01214
58	0.01375	0.00870	0.01105	0.01011	0.01254	0.00811	0.00784	0.04977	0.02043	0.10991	0.45457	0.07534	0.12011	0.01479	0.00847	0.00238	0.00425	0.05236	0.00784	0.00769
59	0.01276	0.04656	0.01720	0.05874	0.01767	0.01422	0.03226	0.01514	0.01195	0.01717	0.01599	0.02476	0.01521	0.08420	0.37924	0.00769	0.21117	0.00735	0.00365	0.00708
60	0.01795	0.01738	0.03015	0.04394	0.66714	0.01733	0.05384	0.02236	0.01658	0.02373	0.01372	0.01807	0.01149	0.00646	0.00726	0.00217	0.00881	0.00658	0.00360	0.01143
61	0.01501	0.00875	0.01141	0.01013	0.01272	0.00809	0.00781	0.01906	0.04913	0.16202	0.53567	0.04732	0.05665	0.01349	0.00827	0.00229	0.00407	0.01179	0.00817	0.00814
62	0.01488	0.08202	0.66511	0.02020	0.03066	0.01762	0.02596	0.02294	0.01531	0.02265	0.01286	0.01512	0.00922	0.00686	0.00677	0.00226	0.01056	0.00528	0.00307	0.01065
63	0.06388	0.01668	0.01656	0.01375	0.01832	0.10549	0.01097	0.15052	0.14365	0.24755	0.02292	0.02198	0.01618	0.00873	0.00679	0.00215	0.00695	0.00675	0.10945	0.01074
64	0.01617	0.02242	0.18436	0.12862	0.08898	0.01765	0.38852	0.02248	0.01634	0.02259	0.01401	0.01852	0.01048	0.00649	0.00792	0.00239	0.01128	0.00741	0.00347	0.00989
65	0.03131	0.01208	0.01645	0.01271	0.01811	0.01046	0.01046	0.03415	0.02079	0.66467	0.06774	0.02647	0.02096	0.00934	0.00738	0.00225	0.00602	0.00765	0.00894	0.01205
66	0.05470	0.01316	0.01664	0.01467	0.05813	0.01274	0.01106	0.07863	0.12154	0.40084	0.08044	0.02830	0.05634	0.00981	0.00737	0.00229	0.00604	0.00808	0.00795	0.01127
67	0.07076	0.70034	0.03628	0.01225	0.01835	0.02794	0.01214	0.02174	0.01461	0.01813	0.01011	0.01167	0.00923	0.00625	0.00465	0.00160	0.00763	0.00389	0.00320	0.00923
68	0.00886	0.00633	0.00843	0.01012	0.01054	0.00590	0.00675	0.01012	0.01392	0.01856	0.04006	0.73979	0.04808	0.02277	0.00928	0.00295	0.00422	0.02066	0.00675	0.00590
69	0.01104	0.00800	0.01084	0.01214	0.01376	0.00780	0.01023	0.01408	0.01688	0.02209	0.11240	0.13799	0.09922	0.01962	0.00969	0.00312	0.00587	0.47179	0.00684	0.00659
70	0.01874	0.64025	0.11818	0.01364	0.02021	0.02713	0.01428	0.02178	0.01473	0.01783	0.01044	0.01224	0.00932	0.00651	0.00554	0.00170	0.03079	0.00414	0.00311	0.00946
71	0.37781	0.08331	0.01512	0.04960	0.07768	0.01472	0.00982	0.01859	0.01438	0.02680	0.11737	0.08753	0.02225	0.04855	0.00768	0.00251	0.00593	0.00756	0.00495	0.00784
72	0.00886	0.00633	0.00843	0.01012	0.01054	0.00590	0.00675	0.01012	0.01392	0.01856	0.04006	0.73979	0.04808	0.02277	0.00928	0.00295	0.00422	0.02066	0.00675	0.00590
73	0.01373	0.01292	0.02180	0.72707	0.05006	0.01615	0.02019	0.01857	0.01453	0.01857	0.01292	0.01938	0.00969	0.00727	0.00727	0.00242	0.00969	0.00646	0.00323	0.00807
74	0.01483	0.06813	0.49883	0.02072	0.02956	0.01716	0.10902	0.02189	0.01508	0.02200	0.01358	0.01694	0.01028	0.01131	0.07222	0.00317	0.03603	0.00597	0.00323	0.01006
75	0.00891	0.00757	0.00771	0.00775	0.01014	0.00650	0.00578	0.01131	0.03759	0.01992	0.07046	0.10416	0.64053	0.01837	0.00859	0.00248	0.00378	0.01540	0.00677	0.00629
76	0.01550	0.01317	0.01530	0.01097	0.01741	0.01013	0.00879	0.04068	0.01572	0.02444	0.01307	0.01515	0.01082	0.00550	0.00545	0.00111	0.00547	0.00438	0.00441	0.76251
77	0.61855	0.01662	0.01316	0.01137	0.01601	0.07151	0.00926	0.12208	0.01635	0.03348	0.01133	0.01277	0.00868	0.00711	0.00508	0.00221	0.00657	0.00439	0.00486	0.00860
78	0.06257	0.01299	0.02111	0.68226	0.04782	0.01616	0.01942	0.01875	0.01440	0.01945	0.01275	0.01891	0.00958	0.00723	0.00709	0.00241	0.00944	0.00630	0.00331	0.00806
79	0.01557	0.16231	0.55348	0.01978	0.02955	0.01906	0.05860	0.02281	0.01534	0.02199	0.01261	0.01492	0.00933	0.00674	0.00660	0.00218	0.01030	0.00528	0.00311	0.01044
80	0.03187	0.01254	0.01685	0.01303	0.01857	0.01106	0.01073	0.03559	0.05480	0.66980	0.02872	0.02486	0.01821	0.00904	0.00731	0.00226	0.00616	0.00736	0.00892	0.01233
81	0.00881	0.00650	0.00826	0.00967	0.01042	0.00594	0.00655	0.01017	0.01436	0.01873	0.04562	0.62904	0.15525	0.02205	0.00916	0.00287	0.00413	0.01978	0.00675	0.00594
82	0.01978	0.01643	0.02790	0.07999	0.53173	0.01632	0.05206	0.02400	0.01707	0.12024	0.01581	0.01911	0.01230	0.00687	0.00728	0.00220	0.00853	0.00670	0.00435	0.01135
83	0.00886	0.00633	0.00843	0.01012	0.01054	0.00590	0.00675	0.01012	0.01392	0.01856	0.04006	0.73979	0.04808	0.02277	0.00928	0.00295	0.00422	0.02066	0.00675	0.00590
84	0.01373	0.01292	0.02180	0.72707	0.05006	0.01615	0.02019	0.01857	0.01453	0.01857	0.01292	0.01938	0.00969	0.00727	0.00727	0.00242	0.00969	0.00646	0.00323	0.00807
85	0.07750	0.01322	0.01697	0.01309	0.01866	0.01213	0.01081	0.09474	0.02156	0.60239	0.02652	0.02329	0.01686	0.00884	0.00714	0.00224	0.00632	0.00704	0.00857	0.01210
86	0.01495	0.06695	0.63677	0.02098	0.03132	0.01748	0.06657	0.02298	0.01544	0.02278	0.01302	0.01545	0.00933	0.00683	0.00691	0.00228	0.01071	0.00551	0.00311	0.01062
87	0.01144	0.00768	0.01009	0.00934	0.01126	0.00706	0.00706	0.01484	0.02059	0.06395	0.66099	0.05277	0.06598	0.01456	0.00851	0.00228	0.00357	0.01285	0.00805	0.00714

[dist]
# distance from previous block
# <min> <max>
0	7

[block]
# block no. 5 follows, 28 sequences, length 28
# corresponding to MSA columns:
# 368-395
name=unknown_F
#
# <colnr> <probs for GDERKNQSTAVLIFYWHMCP>
#	G	D	E	R	K	N	Q	S	T	A	V	L	I	F	Y	W	H	M	C	P
0	0.03261	0.01237	0.01687	0.01293	0.01856	0.01068	0.01068	0.03543	0.02081	0.70423	0.02868	0.02474	0.01799	0.00900	0.00731	0.00225	0.00619	0.00731	0.00900	0.01237
1	0.05223	0.02008	0.02081	0.01625	0.02183	0.05418	0.01332	0.55007	0.06492	0.08553	0.01825	0.01802	0.01293	0.00868	0.00716	0.00219	0.00793	0.00651	0.00713	0.01199
2	0.01140	0.00815	0.01132	0.01281	0.01440	0.00807	0.01097	0.01461	0.01686	0.02215	0.09334	0.12434	0.04449	0.01983	0.00987	0.00323	0.00625	0.55443	0.00681	0.00665
3	0.02612	0.01317	0.01625	0.01333	0.01817	0.01299	0.01072	0.03511	0.25118	0.42656	0.07275	0.02751	0.02277	0.00968	0.00742	0.00233	0.00585	0.00801	0.00838	0.01171
4	0.02666	0.01988	0.02127	0.01653	0.02217	0.02209	0.01358	0.60998	0.10075	0.04424	0.01869	0.01844	0.01337	0.00884	0.00728	0.00221	0.00777	0.00672	0.00728	0.01227
5	0.01540	0.01498	0.05840	0.01369	0.01582	0.10309	0.01091	0.04864	0.04021	0.05510	0.06307	0.27816	0.02923	0.08960	0.01361	0.00310	0.12176	0.01208	0.00555	0.00760
6	0.00886	0.00633	0.00843	0.01012	0.01054	0.00590	0.00675	0.01012	0.01392	0.01856	0.04006	0.73979	0.04808	0.02277	0.00928	0.00295	0.00422	0.02066	0.00675	0.00590
7	0.01637	0.01562	0.02657	0.30429	0.45220	0.01684	0.02150	0.02089	0.01578	0.02178	0.01339	0.01852	0.01082	0.00678	0.00722	0.00226	0.00904	0.00647	0.00346	0.01021
8	0.01648	0.04430	0.03507	0.20387	0.07250	0.01813	0.41002	0.02299	0.05930	0.02236	0.01499	0.01966	0.01137	0.00667	0.00796	0.00240	0.01085	0.00775	0.00378	0.00955
9	0.01720	0.01889	0.03885	0.03218	0.15352	0.01850	0.50439	0.02264	0.01656	0.02290	0.01410	0.01902	0.01099	0.00672	0.00957	0.00246	0.06989	0.00803	0.00362	0.00996
10	0.01422	0.01342	0.02269	0.64878	0.12453	0.01628	0.02043	0.01900	0.01477	0.01917	0.01301	0.01922	0.00990	0.00718	0.00726	0.00239	0.00957	0.00646	0.00327	0.00847
11	0.01914	0.01448	0.01533	0.01328	0.01721	0.04016	0.01042	0.15428	0.27511	0.09746	0.09633	0.06715	0.12460	0.01182	0.00771	0.00237	0.00590	0.00978	0.00733	0.01015
12	0.08831	0.01121	0.01415	0.01183	0.01592	0.01048	0.00949	0.06227	0.01996	0.38226	0.16173	0.10421	0.03089	0.01176	0.00762	0.00236	0.00550	0.03198	0.00802	0.01003
13	0.00948	0.00694	0.00904	0.01042	0.01142	0.00649	0.00764	0.01134	0.01511	0.01976	0.06796	0.48712	0.13279	0.02134	0.00932	0.00295	0.00464	0.15332	0.00678	0.00614
14	0.02170	0.41656	0.12628	0.01515	0.02136	0.18981	0.01471	0.02482	0.01675	0.07536	0.01234	0.01362	0.01004	0.00685	0.00565	0.00179	0.00934	0.00457	0.00375	0.00957
15	0.01867	0.01878	0.02813	0.08328	0.59079	0.08849	0.02134	0.02277	0.01684	0.02283	0.01338	0.01758	0.01118	0.00663	0.00714	0.00215	0.00916	0.00629	0.00359	0.01099
16	0.01409	0.01355	0.02321	0.63606	0.04729	0.01669	0.06262	0.01881	0.01449	0.01881	0.01282	0.01917	0.00977	0.00754	0.00842	0.00247	0.05616	0.00659	0.00326	0.00818
17	0.01183	0.00870	0.01018	0.01104	0.06816	0.00753	0.00745	0.01397	0.01700	0.08989	0.06405	0.06101	0.56992	0.01645	0.00834	0.00241	0.00435	0.01378	0.00672	0.00722
18	0.01102	0.00808	0.01096	0.03550	0.01444	0.00794	0.00996	0.01407	0.01705	0.02252	0.17261	0.11400	0.10061	0.04093	0.01031	0.00312	0.00574	0.38775	0.00678	0.00661
19	0.06239	0.01688	0.02772	0.10887	0.54073	0.01740	0.04184	0.05403	0.01700	0.02481	0.01361	0.01780	0.01115	0.00667	0.00710	0.00220	0.00865	0.00640	0.00380	0.01095
20	0.00925	0.00739	0.00836	0.00869	0.01072	0.00650	0.00664	0.01143	0.01683	0.02105	0.14796	0.14432	0.45550	0.01864	0.00885	0.00260	0.00410	0.09798	0.00691	0.00628
21	0.02681	0.02085	0.02129	0.01669	0.02223	0.06522	0.01364	0.58179	0.08766	0.04279	0.01808	0.01799	0.01299	0.00874	0.00724	0.00219	0.00813	0.00657	0.00706	0.01205
22	0.01537	0.15356	0.59785	0.01937	0.02937	0.01882	0.02451	0.02282	0.01525	0.02206	0.01257	0.01475	0.00923	0.00679	0.00654	0.00218	0.01026	0.00513	0.00308	0.01051
23	0.00939	0.00670	0.00904	0.01073	0.01138	0.00636	0.00767	0.01104	0.01444	0.01915	0.03977	0.61780	0.04692	0.02227	0.00942	0.00303	0.00468	0.13743	0.00674	0.00605
24	0.79588	0.01406	0.01068	0.00956	0.01406	0.01631	0.00787	0.02137	0.01237	0.03261	0.01012	0.01181	0.00787	0.00675	0.00450	0.00225	0.00562	0.00394	0.00450	0.00787
25	0.00968	0.00731	0.00893	0.00873	0.01053	0.00657	0.00647	0.01246	0.01883	0.02548	0.45897	0.12066	0.24565	0.01659	0.00864	0.00239	0.00357	0.01445	0.00753	0.00657
26	0.01690	0.01362	0.01611	0.04536	0.01935	0.01128	0.00974	0.08241	0.01711	0.05189	0.01397	0.01588	0.01115	0.00594	0.00573	0.00129	0.00587	0.00474	0.00472	0.64694
27	0.00997	0.00731	0.00934	0.00906	0.01072	0.00669	0.00671	0.01301	0.01948	0.02709	0.56432	0.12591	0.13122	0.01603	0.00865	0.00237	0.00354	0.01414	0.00774	0.00669

[dist]
# distance from previous block
# <min> <max>
0	0

# created by:
# /st0/software/busco_prod/Augustus/scripts/msa2prfl.pl ./align_prep/154228.fa
