[name]
unknown

[dist]
# distance from previous block
# <min> <max>
75	122

[block]
# block no. 0 follows, 29 sequences, length 7
# corresponding to MSA columns:
# 178-184
name=unknown_A
#
# <colnr> <probs for GDERKNQSTAVLIFYWHMCP>
#	G	D	E	R	K	N	Q	S	T	A	V	L	I	F	Y	W	H	M	C	P
0	0.00864	0.00636	0.00810	0.00949	0.01022	0.00582	0.00642	0.00996	0.01404	0.01834	0.04437	0.63968	0.14921	0.02164	0.00898	0.00282	0.00405	0.01943	0.00661	0.00582
1	0.00885	0.00627	0.00821	0.00969	0.01007	0.00590	0.00637	0.00996	0.01330	0.01773	0.03752	0.67340	0.04492	0.09698	0.01188	0.00330	0.00442	0.01923	0.00637	0.00563
2	0.05198	0.31588	0.34438	0.01754	0.06490	0.02071	0.01882	0.02157	0.01496	0.02099	0.04012	0.01519	0.01156	0.00679	0.00588	0.00196	0.00873	0.00501	0.00332	0.00974
3	0.51943	0.01733	0.12075	0.01160	0.01674	0.01581	0.01092	0.08982	0.01483	0.03060	0.01237	0.01528	0.00984	0.04878	0.00688	0.00245	0.00652	0.00482	0.03686	0.00838
4	0.01368	0.00746	0.00814	0.00785	0.00959	0.00771	0.00594	0.05338	0.01524	0.02561	0.02172	0.02582	0.01745	0.01398	0.07881	0.05692	0.00536	0.00669	0.61197	0.00668
5	0.01264	0.12462	0.01431	0.01063	0.01275	0.01153	0.00803	0.07472	0.04903	0.02113	0.06690	0.37516	0.08054	0.09188	0.01082	0.00293	0.00530	0.01407	0.00596	0.00707
6	0.02251	0.02496	0.13030	0.02341	0.17424	0.18169	0.01733	0.25669	0.04961	0.02968	0.01466	0.01628	0.01114	0.00755	0.00689	0.00209	0.00946	0.00586	0.00489	0.01075

[dist]
# distance from previous block
# <min> <max>
0	2

[block]
# block no. 1 follows, 29 sequences, length 12
# corresponding to MSA columns:
# 187-198
name=unknown_B
#
# <colnr> <probs for GDERKNQSTAVLIFYWHMCP>
#	G	D	E	R	K	N	Q	S	T	A	V	L	I	F	Y	W	H	M	C	P
0	0.02047	0.02014	0.10157	0.01490	0.01978	0.10226	0.01305	0.33371	0.02405	0.03109	0.02416	0.02624	0.11125	0.05544	0.06671	0.00318	0.00902	0.00760	0.00570	0.00967
1	0.58497	0.01474	0.04311	0.01489	0.11328	0.01540	0.01057	0.02107	0.01321	0.05469	0.01274	0.05144	0.01071	0.00748	0.00523	0.00223	0.00609	0.00525	0.00450	0.00840
2	0.02395	0.01777	0.01958	0.01534	0.02045	0.01948	0.01258	0.54819	0.02926	0.03959	0.01713	0.01852	0.01283	0.01477	0.10908	0.00340	0.00929	0.00646	0.00648	0.05584
3	0.00890	0.00649	0.00800	0.00910	0.00979	0.00600	0.00603	0.01004	0.01355	0.01766	0.04220	0.51604	0.15653	0.13879	0.01335	0.00345	0.00449	0.01775	0.00624	0.00559
4	0.01366	0.08683	0.06491	0.01273	0.05081	0.01149	0.00995	0.04866	0.03419	0.03990	0.10937	0.17932	0.08393	0.08058	0.00990	0.00254	0.00575	0.01051	0.00547	0.13951
5	0.16961	0.31878	0.24791	0.01456	0.02157	0.02068	0.03745	0.02146	0.01429	0.02225	0.01162	0.01360	0.00932	0.00651	0.00539	0.00193	0.00808	0.00457	0.04122	0.00920
6	0.25869	0.01159	0.01209	0.01042	0.01417	0.01213	0.00833	0.05610	0.07989	0.17779	0.14622	0.02594	0.02398	0.00919	0.00623	0.00214	0.00503	0.00718	0.12404	0.00887
7	0.01520	0.01852	0.15857	0.15867	0.30514	0.01508	0.05190	0.01976	0.01514	0.02117	0.01536	0.02355	0.01332	0.00918	0.00890	0.06215	0.00887	0.06652	0.00361	0.00938
8	0.01879	0.01948	0.02669	0.10312	0.52600	0.13899	0.02026	0.02266	0.01672	0.02178	0.01291	0.01692	0.01075	0.00659	0.00695	0.00209	0.00932	0.00604	0.00352	0.01044
9	0.00862	0.00641	0.00805	0.00936	0.01018	0.00583	0.00636	0.00998	0.01417	0.01840	0.04601	0.60593	0.18190	0.02143	0.00895	0.00279	0.00402	0.01917	0.00661	0.00583
10	0.01552	0.01533	0.02174	0.01805	0.01929	0.01987	0.04524	0.01751	0.01173	0.01827	0.01005	0.01563	0.00959	0.01114	0.02009	0.00279	0.59873	0.00604	0.00330	0.12009
11	0.48231	0.01378	0.01278	0.01073	0.01526	0.01514	0.00880	0.12409	0.01701	0.14502	0.01524	0.01589	0.01099	0.00743	0.00533	0.00214	0.00575	0.00505	0.07824	0.00901

[dist]
# distance from previous block
# <min> <max>
11	26

[block]
# block no. 2 follows, 29 sequences, length 13
# corresponding to MSA columns:
# 225-237
name=unknown_C
#
# <colnr> <probs for GDERKNQSTAVLIFYWHMCP>
#	G	D	E	R	K	N	Q	S	T	A	V	L	I	F	Y	W	H	M	C	P
0	0.01033	0.00730	0.00998	0.01182	0.05387	0.00682	0.00761	0.01211	0.01500	0.04568	0.13325	0.52930	0.07184	0.03795	0.00945	0.00281	0.00441	0.01738	0.00662	0.00647
1	0.01897	0.39048	0.04755	0.01350	0.01838	0.04238	0.01228	0.10360	0.11606	0.02249	0.01449	0.01615	0.01205	0.00940	0.02506	0.03602	0.05306	0.00526	0.03347	0.00933
2	0.27782	0.09214	0.06169	0.01362	0.01889	0.07479	0.01191	0.25725	0.02140	0.05348	0.04464	0.01611	0.01261	0.00774	0.00596	0.00209	0.00736	0.00542	0.00538	0.00973
3	0.02711	0.01488	0.07934	0.01358	0.01915	0.01231	0.01195	0.06224	0.10939	0.49249	0.06126	0.02489	0.01971	0.00903	0.00720	0.00223	0.00635	0.00737	0.00795	0.01158
4	0.01053	0.00793	0.00987	0.03782	0.01237	0.00789	0.00742	0.03370	0.01638	0.02224	0.21698	0.22765	0.18064	0.06775	0.01092	0.00280	0.03577	0.03428	0.05064	0.00642
5	0.01820	0.01906	0.03012	0.03591	0.43089	0.09112	0.15919	0.02232	0.01627	0.02200	0.01299	0.01727	0.01078	0.00693	0.00875	0.00224	0.07557	0.00659	0.00352	0.01029
6	0.01044	0.00788	0.00978	0.00959	0.01148	0.00750	0.00736	0.01463	0.06655	0.02586	0.44878	0.09344	0.15780	0.01572	0.00851	0.00243	0.00395	0.08404	0.00740	0.00687
7	0.01003	0.00683	0.00780	0.00802	0.00821	0.00671	0.00468	0.01029	0.01112	0.01469	0.02744	0.13929	0.06681	0.61325	0.03112	0.00612	0.00635	0.01191	0.00474	0.00460
8	0.01870	0.70309	0.08530	0.01276	0.01917	0.02735	0.01319	0.02141	0.01451	0.01716	0.01010	0.01168	0.00913	0.00614	0.00472	0.00157	0.00782	0.00391	0.00304	0.00924
9	0.01797	0.36598	0.31775	0.01633	0.02398	0.10809	0.01828	0.02271	0.01540	0.01926	0.01124	0.01311	0.00909	0.00653	0.00571	0.00187	0.00947	0.00451	0.00311	0.00961
10	0.01171	0.00931	0.01094	0.01213	0.01359	0.05200	0.00987	0.01419	0.01563	0.01978	0.03674	0.17851	0.07379	0.08530	0.01182	0.00341	0.00644	0.42235	0.00619	0.00631
11	0.01737	0.01357	0.01578	0.01212	0.01737	0.01227	0.00967	0.15739	0.01864	0.05328	0.01701	0.09695	0.01517	0.00829	0.00689	0.00161	0.03529	0.00666	0.00523	0.47945
12	0.08866	0.03737	0.13116	0.01676	0.07154	0.12746	0.01394	0.11835	0.06155	0.02637	0.11094	0.02459	0.05814	0.01214	0.05465	0.00278	0.02226	0.00718	0.00507	0.00911

[dist]
# distance from previous block
# <min> <max>
0	12

[block]
# block no. 3 follows, 29 sequences, length 39
# corresponding to MSA columns:
# 250-288
name=unknown_D
#
# <colnr> <probs for GDERKNQSTAVLIFYWHMCP>
#	G	D	E	R	K	N	Q	S	T	A	V	L	I	F	Y	W	H	M	C	P
0	0.01030	0.00746	0.00954	0.04773	0.01304	0.00721	0.00800	0.01284	0.01593	0.02155	0.15267	0.20599	0.16981	0.04262	0.00945	0.00277	0.00477	0.16692	0.08507	0.00631
1	0.00923	0.00755	0.00926	0.08122	0.01418	0.00710	0.00766	0.01129	0.01531	0.01899	0.05417	0.25588	0.39585	0.01828	0.00859	0.00261	0.00458	0.06581	0.00626	0.00618
2	0.02012	0.01575	0.01985	0.04166	0.12256	0.04124	0.01388	0.23470	0.02038	0.08347	0.01698	0.04467	0.01426	0.04455	0.10547	0.00375	0.13465	0.00715	0.00522	0.00970
3	0.39385	0.01709	0.11841	0.04535	0.01901	0.01534	0.01192	0.10666	0.01652	0.08926	0.05741	0.01735	0.01343	0.00841	0.00677	0.03719	0.00669	0.00548	0.00503	0.00883
4	0.01229	0.00845	0.00969	0.00948	0.01046	0.00862	0.00625	0.10123	0.01465	0.01992	0.02654	0.24021	0.02966	0.40362	0.02294	0.00484	0.00605	0.01244	0.04677	0.00591
5	0.01793	0.01080	0.01319	0.01120	0.01477	0.01019	0.00875	0.09777	0.06065	0.19085	0.23100	0.11910	0.08093	0.01241	0.00765	0.00220	0.00496	0.01061	0.00736	0.08767
6	0.08186	0.01328	0.01680	0.11563	0.02200	0.01354	0.01166	0.16121	0.02126	0.33535	0.08970	0.02467	0.01983	0.03146	0.00795	0.00236	0.00663	0.00732	0.00710	0.01041
7	0.07457	0.05110	0.02264	0.13328	0.27790	0.12299	0.03615	0.02139	0.03572	0.02196	0.03914	0.02457	0.04766	0.00845	0.00700	0.00221	0.00853	0.05144	0.00414	0.00918
8	0.01899	0.01906	0.02763	0.03983	0.60258	0.10219	0.02063	0.04212	0.01720	0.02320	0.01321	0.01703	0.01105	0.00653	0.00698	0.00208	0.00897	0.00613	0.00365	0.01094
9	0.01002	0.00768	0.01081	0.11384	0.01671	0.00793	0.00928	0.01266	0.03669	0.01897	0.03490	0.53083	0.04008	0.01937	0.00884	0.00285	0.00526	0.10074	0.00613	0.00637
10	0.02205	0.01947	0.01799	0.01533	0.01957	0.15703	0.01210	0.25155	0.22769	0.05083	0.02160	0.02191	0.03502	0.01343	0.07874	0.00310	0.00911	0.00694	0.00618	0.01034
11	0.27493	0.16695	0.02015	0.03365	0.01869	0.08527	0.01113	0.18625	0.06861	0.02963	0.01364	0.01539	0.01085	0.02945	0.00654	0.00218	0.00736	0.00512	0.00491	0.00931
12	0.01526	0.02010	0.20250	0.16193	0.12567	0.01572	0.11841	0.02099	0.03669	0.04167	0.04054	0.02143	0.04026	0.00803	0.00844	0.00233	0.06378	0.00702	0.03988	0.00936
13	0.01240	0.00780	0.01020	0.00930	0.01142	0.00710	0.00708	0.01564	0.02005	0.10248	0.60661	0.05056	0.08360	0.01405	0.00826	0.00224	0.00366	0.01233	0.00790	0.00728
14	0.01145	0.00824	0.00987	0.01016	0.01122	0.00831	0.00692	0.07889	0.04624	0.02078	0.06706	0.41793	0.03788	0.21225	0.01595	0.00382	0.00526	0.01529	0.00615	0.00633
15	0.40540	0.03932	0.01482	0.06478	0.01845	0.09520	0.01024	0.13161	0.03847	0.03043	0.01327	0.01503	0.01020	0.00729	0.00543	0.00210	0.00687	0.00493	0.07758	0.00857
16	0.00885	0.00627	0.00821	0.00969	0.01006	0.00590	0.00637	0.00996	0.01328	0.01771	0.03746	0.67080	0.04484	0.09969	0.01198	0.00332	0.00443	0.01919	0.00637	0.00563
17	0.01023	0.00698	0.00835	0.00840	0.00868	0.00707	0.00514	0.01081	0.01126	0.01528	0.06482	0.08161	0.02858	0.58171	0.11604	0.00695	0.00801	0.01070	0.00459	0.00479
18	0.06850	0.01632	0.01945	0.11374	0.02407	0.01807	0.04339	0.36069	0.09022	0.05783	0.03816	0.04336	0.01558	0.00884	0.00702	0.00222	0.00736	0.00717	0.04760	0.01042
19	0.01417	0.01399	0.02555	0.53845	0.07143	0.01602	0.15626	0.01905	0.01483	0.01935	0.01383	0.04031	0.01094	0.00730	0.00744	0.00238	0.00981	0.00717	0.00337	0.00833
20	0.01147	0.00820	0.01147	0.01311	0.01475	0.00820	0.01147	0.01475	0.01639	0.02131	0.03770	0.08032	0.04098	0.01967	0.00984	0.00328	0.00656	0.65741	0.00656	0.00656
21	0.01016	0.00734	0.00891	0.00919	0.01082	0.00689	0.00690	0.01331	0.04013	0.02350	0.27007	0.20515	0.18346	0.01667	0.00832	0.00247	0.00398	0.08062	0.08558	0.00650
22	0.06268	0.13639	0.04478	0.13252	0.05529	0.08028	0.03447	0.04379	0.03726	0.20731	0.05950	0.02040	0.01571	0.00841	0.00722	0.02499	0.00779	0.00634	0.00533	0.00957
23	0.01598	0.10690	0.57708	0.01930	0.02870	0.08838	0.02366	0.02302	0.01549	0.02147	0.01232	0.01446	0.00905	0.00676	0.00652	0.00214	0.01047	0.00505	0.00308	0.01016
24	0.07437	0.11305	0.02129	0.01751	0.04397	0.52910	0.01317	0.02596	0.01834	0.01843	0.01138	0.01367	0.00967	0.00989	0.04914	0.00241	0.01199	0.00469	0.00365	0.00831
25	0.01009	0.00763	0.00972	0.00922	0.01094	0.00726	0.00703	0.01314	0.01906	0.02643	0.55500	0.05498	0.16126	0.01518	0.00904	0.00234	0.03253	0.03509	0.00742	0.00665
26	0.02139	0.04356	0.05197	0.05608	0.07232	0.22567	0.01431	0.16381	0.16223	0.02645	0.01847	0.01957	0.03520	0.00950	0.02386	0.00236	0.03183	0.00638	0.00513	0.00989
27	0.01415	0.01201	0.01411	0.01048	0.01622	0.00912	0.00825	0.01713	0.01465	0.02270	0.01532	0.08804	0.01421	0.00698	0.00566	0.00124	0.00516	0.00583	0.00446	0.71427
28	0.02164	0.50685	0.03148	0.01423	0.01956	0.24343	0.01272	0.04450	0.01685	0.01786	0.01047	0.01204	0.00924	0.00656	0.00523	0.00164	0.00925	0.00413	0.00337	0.00896
29	0.01492	0.13337	0.62193	0.01920	0.02913	0.01810	0.02441	0.02239	0.01496	0.02177	0.01239	0.01455	0.00904	0.00667	0.00647	0.00216	0.01013	0.00507	0.00301	0.01034
30	0.21306	0.01338	0.01430	0.11002	0.05066	0.05096	0.01065	0.07917	0.07635	0.04926	0.08830	0.02383	0.01896	0.05683	0.02946	0.00273	0.00684	0.00682	0.09010	0.00830
31	0.01914	0.01498	0.01614	0.01431	0.01848	0.01698	0.01119	0.03752	0.62503	0.09806	0.02889	0.02633	0.02132	0.00958	0.00724	0.00239	0.00568	0.00796	0.00740	0.01136
32	0.01030	0.00701	0.00827	0.00819	0.00851	0.00702	0.00497	0.01094	0.01174	0.01598	0.11296	0.04612	0.03082	0.60052	0.08269	0.00661	0.00732	0.01049	0.00475	0.00479
33	0.06318	0.01404	0.01712	0.01338	0.01866	0.01373	0.01098	0.18243	0.06654	0.46107	0.04660	0.02312	0.01779	0.00890	0.00708	0.00220	0.00633	0.00708	0.00810	0.01169
34	0.33933	0.01751	0.04991	0.01378	0.01866	0.06489	0.05106	0.20162	0.01927	0.06218	0.01400	0.01573	0.01055	0.00946	0.03079	0.02700	0.00771	0.00539	0.03201	0.00917
35	0.00972	0.00726	0.00902	0.00858	0.01042	0.00657	0.00644	0.01275	0.01931	0.02656	0.56657	0.05648	0.20344	0.01530	0.00840	0.00227	0.00341	0.01334	0.00758	0.00657
36	0.00868	0.00620	0.00826	0.00991	0.01033	0.00578	0.00661	0.00991	0.01363	0.01818	0.03925	0.74510	0.04710	0.02231	0.00909	0.00289	0.00413	0.02024	0.00661	0.00578
37	0.01496	0.01846	0.13139	0.36119	0.13235	0.01661	0.18157	0.02047	0.01525	0.02066	0.01320	0.01826	0.00998	0.00669	0.00737	0.00233	0.01012	0.00667	0.00330	0.00917
38	0.10116	0.01227	0.01598	0.01237	0.01778	0.01096	0.01022	0.03346	0.01964	0.64914	0.02645	0.02309	0.01673	0.00861	0.00691	0.00220	0.00601	0.00686	0.00842	0.01172

[dist]
# distance from previous block
# <min> <max>
2	9

[block]
# block no. 4 follows, 29 sequences, length 77
# corresponding to MSA columns:
# 298-374
name=unknown_E
#
# <colnr> <probs for GDERKNQSTAVLIFYWHMCP>
#	G	D	E	R	K	N	Q	S	T	A	V	L	I	F	Y	W	H	M	C	P
0	0.02141	0.09651	0.01910	0.11750	0.02180	0.01428	0.01179	0.07683	0.01734	0.24875	0.01813	0.01962	0.01323	0.01051	0.03400	0.05221	0.05021	0.00606	0.02941	0.12133
1	0.01038	0.00738	0.00866	0.00861	0.00884	0.00762	0.00533	0.01079	0.01133	0.01516	0.04554	0.11129	0.06929	0.57315	0.03047	0.00590	0.04935	0.01139	0.00470	0.00483
2	0.01644	0.13381	0.04486	0.13173	0.02765	0.04680	0.19568	0.05874	0.01580	0.02124	0.01412	0.01865	0.01152	0.01251	0.08840	0.00324	0.07875	0.00656	0.06488	0.00861
3	0.13041	0.01019	0.01080	0.01030	0.01210	0.05161	0.00781	0.01532	0.01365	0.02157	0.10868	0.03080	0.04362	0.12054	0.23775	0.00571	0.04454	0.00795	0.11012	0.00655
4	0.01001	0.00749	0.00931	0.00881	0.01068	0.00690	0.00662	0.01357	0.03813	0.02700	0.57589	0.05506	0.17396	0.01501	0.00837	0.00227	0.00346	0.01311	0.00761	0.00672
5	0.01521	0.03192	0.53014	0.05509	0.13033	0.03664	0.05712	0.02244	0.01540	0.02233	0.01289	0.01573	0.00946	0.00670	0.00689	0.00223	0.01032	0.00560	0.00314	0.01041
6	0.01669	0.02002	0.07307	0.02956	0.03692	0.01794	0.64924	0.02280	0.01672	0.02280	0.01433	0.01901	0.01072	0.00604	0.00833	0.00239	0.01194	0.00826	0.00357	0.00965
7	0.00861	0.00722	0.00748	0.00742	0.00974	0.00609	0.00556	0.01060	0.01669	0.02033	0.14619	0.06672	0.62770	0.01762	0.00841	0.00239	0.00358	0.01478	0.00676	0.00609
8	0.01558	0.01558	0.02181	0.01869	0.01869	0.02181	0.01558	0.01714	0.01091	0.01714	0.00935	0.01558	0.00935	0.01246	0.02337	0.00312	0.73672	0.00623	0.00312	0.00779
9	0.12077	0.01378	0.01588	0.01264	0.01770	0.05349	0.01031	0.05834	0.03742	0.51240	0.05601	0.02319	0.01816	0.00875	0.00685	0.00219	0.00633	0.00688	0.00783	0.01110
10	0.01451	0.01315	0.02134	0.35846	0.24276	0.01466	0.01777	0.04858	0.01563	0.02099	0.01784	0.14815	0.01688	0.00966	0.00745	0.00238	0.00814	0.00882	0.00407	0.00876
11	0.01120	0.00867	0.00949	0.00919	0.01182	0.00813	0.00715	0.01592	0.11283	0.05181	0.11901	0.06032	0.45604	0.01627	0.00833	0.00246	0.00425	0.07305	0.00691	0.00714
12	0.00922	0.00768	0.00815	0.00823	0.01053	0.00683	0.00625	0.01219	0.05416	0.02033	0.09484	0.10355	0.55658	0.01774	0.00848	0.00248	0.00393	0.05578	0.00670	0.00636
13	0.01501	0.01218	0.01687	0.24223	0.02595	0.01465	0.01340	0.11042	0.04027	0.02349	0.04822	0.02280	0.01569	0.01729	0.14238	0.00403	0.11074	0.00698	0.10930	0.00809
14	0.01392	0.04052	0.02047	0.04966	0.01964	0.01596	0.10103	0.01658	0.01242	0.01836	0.01447	0.02165	0.01325	0.05603	0.20268	0.00518	0.29757	0.00703	0.06612	0.00746
15	0.75449	0.01413	0.01111	0.00978	0.01426	0.01633	0.00805	0.05987	0.01338	0.03271	0.01034	0.01189	0.00797	0.00672	0.00457	0.00220	0.00565	0.00401	0.00457	0.00797
16	0.00971	0.00668	0.00820	0.00882	0.00906	0.00661	0.00549	0.01034	0.01167	0.01564	0.02859	0.31011	0.03339	0.42831	0.07096	0.00568	0.00665	0.01392	0.00515	0.00501
17	0.49052	0.08204	0.10710	0.02970	0.01806	0.01714	0.01143	0.07858	0.01494	0.05244	0.01251	0.03599	0.01000	0.00733	0.00527	0.00217	0.00663	0.00494	0.00452	0.00868
18	0.09582	0.05707	0.01656	0.01402	0.03344	0.08339	0.01064	0.12690	0.22868	0.05983	0.02320	0.13033	0.02059	0.05723	0.00882	0.00258	0.00670	0.00871	0.00607	0.00942
19	0.02341	0.01875	0.02267	0.04292	0.06688	0.03845	0.07143	0.44495	0.06691	0.03698	0.01692	0.01816	0.01248	0.00835	0.00790	0.00220	0.04273	0.00663	0.04017	0.01111
20	0.01484	0.01204	0.01414	0.04582	0.01731	0.01217	0.00976	0.09302	0.18598	0.02521	0.02493	0.22008	0.02396	0.01434	0.04932	0.00269	0.00634	0.01013	0.00588	0.21202
21	0.01045	0.00839	0.01089	0.04421	0.01349	0.00803	0.03992	0.03447	0.03140	0.02058	0.12705	0.21530	0.26528	0.12319	0.01248	0.00314	0.00506	0.01412	0.00615	0.00639
22	0.01270	0.00785	0.01022	0.00935	0.01152	0.00712	0.00711	0.01582	0.01973	0.11400	0.55541	0.07217	0.10074	0.01429	0.00826	0.00227	0.00374	0.01252	0.00785	0.00733
23	0.01653	0.00926	0.00970	0.00864	0.01119	0.00958	0.00675	0.13736	0.01850	0.05792	0.02232	0.02475	0.01712	0.00836	0.00545	0.00177	0.00425	0.00662	0.61607	0.00785
24	0.02660	0.03394	0.02018	0.01834	0.02201	0.72116	0.01376	0.02843	0.02018	0.01743	0.01101	0.01284	0.00917	0.00734	0.00642	0.00183	0.01284	0.00459	0.00367	0.00825
25	0.01384	0.01188	0.01498	0.11892	0.02092	0.01000	0.00992	0.01701	0.01455	0.02185	0.01584	0.10296	0.01477	0.00759	0.00601	0.00147	0.00577	0.00646	0.00435	0.58092
26	0.00868	0.00620	0.00826	0.00991	0.01033	0.00578	0.00661	0.00991	0.01363	0.01818	0.03925	0.74510	0.04710	0.02231	0.00909	0.00289	0.00413	0.02024	0.00661	0.00578
27	0.00869	0.00728	0.00759	0.00768	0.01000	0.00619	0.00587	0.01066	0.01641	0.01978	0.09722	0.06864	0.63140	0.01799	0.00851	0.00245	0.00379	0.05712	0.00666	0.00608
28	0.01906	0.67613	0.03507	0.01251	0.01823	0.06810	0.01212	0.02133	0.01466	0.01678	0.01040	0.01229	0.00955	0.00841	0.03874	0.00201	0.00847	0.00403	0.00312	0.00895
29	0.00875	0.00627	0.00820	0.00971	0.01018	0.00585	0.00645	0.00995	0.01356	0.01800	0.03958	0.68689	0.06919	0.05792	0.01040	0.00307	0.00425	0.01957	0.00650	0.00572
30	0.01027	0.00760	0.01130	0.01130	0.01258	0.00883	0.00878	0.01283	0.01155	0.01683	0.01920	0.02793	0.01782	0.05204	0.69991	0.01115	0.01860	0.00760	0.02752	0.00637
31	0.02359	0.01458	0.01678	0.01370	0.01800	0.01524	0.01093	0.31739	0.07068	0.20391	0.02413	0.09527	0.02002	0.08528	0.01037	0.00277	0.00674	0.03296	0.00720	0.01045
32	0.01674	0.01602	0.02731	0.18925	0.56668	0.01669	0.02141	0.02108	0.01580	0.02219	0.01324	0.01791	0.01090	0.00651	0.00706	0.00217	0.00868	0.00634	0.00345	0.01057
33	0.02609	0.03228	0.02075	0.01975	0.06229	0.64697	0.01422	0.05859	0.02057	0.01905	0.01143	0.01332	0.00943	0.00734	0.00649	0.00187	0.01235	0.00478	0.00382	0.00861
34	0.80005	0.01377	0.01047	0.00936	0.01377	0.01597	0.00771	0.02093	0.01212	0.03195	0.00991	0.01157	0.00771	0.00661	0.00441	0.00220	0.00551	0.00386	0.00441	0.00771
35	0.01098	0.00771	0.00938	0.00930	0.00979	0.00812	0.00611	0.03356	0.01180	0.01598	0.02317	0.08803	0.02580	0.51803	0.13619	0.00690	0.02882	0.04058	0.00455	0.00518
36	0.00920	0.00706	0.00843	0.00847	0.01020	0.00629	0.00620	0.01160	0.01753	0.02321	0.34711	0.18051	0.30400	0.01723	0.00853	0.00242	0.00359	0.01498	0.00716	0.00629
37	0.01948	0.57450	0.06187	0.04778	0.04494	0.11308	0.01365	0.02213	0.01525	0.01737	0.01041	0.01232	0.00923	0.00633	0.00510	0.00165	0.00850	0.00417	0.00314	0.00910
38	0.02201	0.05074	0.01921	0.03193	0.02003	0.01879	0.01214	0.44231	0.09600	0.03662	0.04229	0.11528	0.01938	0.01169	0.02592	0.00249	0.00730	0.00851	0.00672	0.01063
39	0.03195	0.01212	0.01652	0.01267	0.01818	0.01047	0.01047	0.03470	0.02038	0.71026	0.02809	0.02424	0.01763	0.00881	0.00716	0.00220	0.00606	0.00716	0.00881	0.01212
40	0.01606	0.01530	0.02569	0.18626	0.51506	0.01587	0.02019	0.02021	0.01580	0.02189	0.01762	0.02171	0.06245	0.00738	0.00717	0.00219	0.00832	0.00699	0.00368	0.01018
41	0.01638	0.01646	0.02642	0.11535	0.35006	0.06807	0.13087	0.02033	0.01568	0.02103	0.01551	0.06061	0.01391	0.04489	0.05083	0.00299	0.00982	0.00761	0.00373	0.00944
42	0.01015	0.00762	0.00944	0.00900	0.01086	0.00712	0.00674	0.01401	0.05236	0.02680	0.54744	0.08028	0.16122	0.01514	0.00837	0.00230	0.00354	0.01325	0.00758	0.00680
43	0.01036	0.00690	0.00777	0.00777	0.00777	0.00690	0.00431	0.01036	0.01036	0.01381	0.02244	0.04660	0.02589	0.74975	0.03624	0.00690	0.00690	0.01036	0.00431	0.00431
44	0.05487	0.41262	0.17182	0.01700	0.05594	0.10231	0.05484	0.02247	0.01534	0.01939	0.01105	0.01309	0.00926	0.00640	0.00557	0.00182	0.00900	0.00459	0.00323	0.00939
45	0.13333	0.13009	0.05428	0.11906	0.12378	0.13096	0.01475	0.10494	0.04906	0.02500	0.01344	0.01583	0.01062	0.00714	0.00612	0.00203	0.00842	0.00537	0.03640	0.00936
46	0.00922	0.00667	0.00883	0.01036	0.01116	0.00628	0.00750	0.01090	0.01436	0.01888	0.04123	0.56552	0.09146	0.02149	0.00919	0.00294	0.00458	0.14690	0.00660	0.00595
47	0.05015	0.07756	0.01740	0.10295	0.04346	0.01305	0.05456	0.03705	0.01480	0.02158	0.10020	0.02819	0.02143	0.06015	0.18827	0.00476	0.04158	0.02609	0.08934	0.00746
48	0.01270	0.04433	0.01376	0.01407	0.07995	0.01045	0.00974	0.04686	0.07068	0.02378	0.21669	0.15339	0.04036	0.09527	0.01136	0.00301	0.00555	0.13429	0.00630	0.00745
49	0.01588	0.01514	0.02575	0.33141	0.43126	0.01646	0.02099	0.02032	0.01539	0.02115	0.01309	0.01819	0.01053	0.00667	0.00708	0.00222	0.00889	0.00634	0.00337	0.00987
50	0.01940	0.71982	0.03650	0.01248	0.01845	0.06110	0.01226	0.02166	0.01474	0.01679	0.00995	0.01149	0.00914	0.00615	0.00466	0.00154	0.00786	0.00384	0.00308	0.00910
51	0.02437	0.02010	0.02053	0.01644	0.02098	0.09280	0.01341	0.47433	0.05321	0.03675	0.01815	0.01893	0.04014	0.00938	0.00927	0.00226	0.10527	0.00662	0.00622	0.01086
52	0.01550	0.01102	0.01299	0.01110	0.01407	0.01116	0.00871	0.20338	0.02376	0.05402	0.45737	0.04276	0.07943	0.01284	0.00800	0.00222	0.00472	0.01097	0.00761	0.00838
53	0.02622	0.01953	0.02089	0.01621	0.02176	0.02169	0.01333	0.62352	0.09292	0.04352	0.01817	0.01795	0.01298	0.00865	0.00713	0.00216	0.00764	0.00656	0.00713	0.01203
54	0.01237	0.00618	0.00928	0.00928	0.00928	0.00618	0.00618	0.00928	0.00928	0.01237	0.01237	0.02165	0.01237	0.02474	0.02783	0.79283	0.00618	0.00618	0.00309	0.00309
55	0.01003	0.00724	0.00947	0.00899	0.01063	0.00668	0.00671	0.01330	0.01991	0.02816	0.67664	0.07924	0.06643	0.01485	0.00842	0.00226	0.00339	0.01315	0.00779	0.00668
56	0.03195	0.01212	0.01652	0.01267	0.01818	0.01047	0.01047	0.03470	0.02038	0.71026	0.02809	0.02424	0.01763	0.00881	0.00716	0.00220	0.00606	0.00716	0.00881	0.01212
57	0.01131	0.00812	0.01124	0.01272	0.01439	0.00805	0.01105	0.01454	0.01656	0.02158	0.06962	0.07867	0.06435	0.01938	0.00972	0.00320	0.00631	0.60602	0.00662	0.00655
58	0.00874	0.00715	0.00777	0.00818	0.01021	0.00618	0.00616	0.01060	0.01586	0.01927	0.06395	0.17126	0.54165	0.01883	0.00865	0.00256	0.00396	0.07637	0.00661	0.00603
59	0.02707	0.01995	0.02137	0.01638	0.02208	0.02208	0.01353	0.68159	0.03348	0.04488	0.01710	0.01710	0.01211	0.00855	0.00712	0.00214	0.00784	0.00641	0.00712	0.01211
60	0.76423	0.01406	0.01097	0.00969	0.01416	0.01626	0.00798	0.05154	0.01311	0.03255	0.01025	0.01182	0.00792	0.00670	0.00453	0.00220	0.00562	0.00397	0.00453	0.00792
61	0.00935	0.00652	0.00823	0.00922	0.00952	0.00633	0.00589	0.01020	0.01236	0.01653	0.03229	0.46150	0.03814	0.28450	0.05183	0.00473	0.00582	0.01611	0.00566	0.00528
62	0.02500	0.01795	0.01916	0.01492	0.02001	0.01976	0.01225	0.58171	0.03069	0.04212	0.01802	0.01852	0.01303	0.00851	0.00680	0.00207	0.00716	0.00644	0.12460	0.01129
63	0.01676	0.01802	0.03659	0.09197	0.22762	0.01752	0.43850	0.02216	0.01643	0.02256	0.01397	0.01874	0.01083	0.00619	0.00791	0.00232	0.01079	0.00765	0.00354	0.00994
64	0.02665	0.03245	0.02031	0.01814	0.02202	0.64679	0.01373	0.09792	0.02159	0.02035	0.01165	0.01329	0.00948	0.00747	0.00650	0.00187	0.01231	0.00478	0.00404	0.00867
65	0.50256	0.07736	0.12972	0.01210	0.01737	0.07753	0.01150	0.02136	0.01340	0.02705	0.01110	0.01396	0.00906	0.04319	0.00655	0.00236	0.00721	0.00447	0.00400	0.00817
66	0.01271	0.01039	0.01600	0.18256	0.02255	0.01209	0.06245	0.01581	0.01337	0.01968	0.01905	0.09996	0.01772	0.05255	0.14205	0.00426	0.10897	0.00844	0.17230	0.00707
67	0.12531	0.03357	0.61361	0.01875	0.02841	0.01646	0.02368	0.02232	0.01462	0.02388	0.01237	0.01454	0.00884	0.00674	0.00643	0.00225	0.00981	0.00506	0.00320	0.01013
68	0.01525	0.04608	0.40414	0.07309	0.09418	0.01468	0.02046	0.02128	0.01585	0.07668	0.06706	0.05715	0.04612	0.00870	0.00709	0.00226	0.00868	0.00726	0.00421	0.00979
69	0.01557	0.18672	0.49616	0.01965	0.02887	0.01916	0.09506	0.02232	0.01511	0.02135	0.01235	0.01473	0.00924	0.00654	0.00648	0.00212	0.01007	0.00530	0.00308	0.01013
70	0.11729	0.01288	0.01589	0.01241	0.01763	0.01215	0.01022	0.10116	0.02059	0.53087	0.02464	0.02215	0.01595	0.00851	0.00674	0.00217	0.00606	0.00668	0.04463	0.01136
71	0.00869	0.00721	0.00763	0.00771	0.00993	0.00614	0.00580	0.01066	0.01648	0.02012	0.12774	0.09884	0.58988	0.01797	0.00850	0.00244	0.00371	0.03775	0.00672	0.00609
72	0.01071	0.00867	0.01262	0.19670	0.02101	0.00956	0.01061	0.02993	0.01418	0.01883	0.03040	0.50436	0.03470	0.01757	0.00921	0.00275	0.04042	0.01563	0.00557	0.00659
73	0.00910	0.00683	0.00979	0.03453	0.01249	0.00651	0.02892	0.01061	0.01376	0.01833	0.03756	0.69743	0.04467	0.02127	0.00900	0.00286	0.00456	0.01940	0.00640	0.00598
74	0.01032	0.00705	0.00850	0.00850	0.00875	0.00730	0.00523	0.01083	0.01057	0.01435	0.02177	0.04289	0.02428	0.61094	0.17285	0.00781	0.00933	0.00981	0.00421	0.00472
75	0.01414	0.00906	0.01119	0.01320	0.11419	0.00914	0.00830	0.05843	0.01619	0.02597	0.02509	0.06950	0.05923	0.01083	0.02823	0.00218	0.00493	0.00791	0.50470	0.00758
76	0.01652	0.27625	0.25406	0.07165	0.02953	0.02086	0.19351	0.02188	0.01525	0.02032	0.01221	0.01518	0.00957	0.00636	0.00647	0.00205	0.00984	0.00567	0.00319	0.00962

[dist]
# distance from previous block
# <min> <max>
0	1

[block]
# block no. 5 follows, 29 sequences, length 476
# corresponding to MSA columns:
# 376-421,423-852
name=unknown_F
#
# <colnr> <probs for GDERKNQSTAVLIFYWHMCP>
#	G	D	E	R	K	N	Q	S	T	A	V	L	I	F	Y	W	H	M	C	P
0	0.01147	0.00820	0.01147	0.01311	0.01475	0.00820	0.01147	0.01475	0.01639	0.02131	0.03770	0.08032	0.04098	0.01967	0.00984	0.00328	0.00656	0.65741	0.00656	0.00656
1	0.01406	0.01345	0.02027	0.17752	0.02488	0.01778	0.03573	0.01667	0.01194	0.01743	0.01218	0.01892	0.01111	0.01922	0.15824	0.00459	0.40855	0.00660	0.00328	0.00759
2	0.04327	0.01572	0.01738	0.02005	0.18748	0.11571	0.01250	0.02393	0.14536	0.08730	0.09667	0.03233	0.15172	0.01041	0.00732	0.00221	0.00681	0.00872	0.00579	0.00934
3	0.01818	0.06219	0.01643	0.01295	0.01599	0.01505	0.01008	0.28677	0.02143	0.04955	0.02409	0.24456	0.02456	0.11321	0.01233	0.00303	0.04370	0.01104	0.00616	0.00869
4	0.69315	0.01457	0.04024	0.01014	0.01491	0.01546	0.00875	0.02233	0.01304	0.09713	0.01179	0.01294	0.00872	0.00683	0.00477	0.00221	0.00577	0.00423	0.00477	0.00825
5	0.00970	0.00782	0.00871	0.00845	0.01067	0.00714	0.00634	0.01343	0.06946	0.02318	0.28149	0.08177	0.41343	0.01635	0.00834	0.00236	0.00370	0.01393	0.00708	0.00665
6	0.01236	0.00869	0.01078	0.05789	0.01421	0.00878	0.00833	0.06386	0.01595	0.04534	0.05835	0.12822	0.16422	0.15491	0.05658	0.00391	0.00648	0.11925	0.05525	0.00665
7	0.01472	0.01245	0.01449	0.01041	0.01659	0.00940	0.00832	0.01788	0.01477	0.02332	0.01301	0.01516	0.01081	0.00538	0.00526	0.00108	0.00521	0.00430	0.03070	0.76675
8	0.01771	0.01530	0.01610	0.01449	0.01852	0.01771	0.01127	0.03784	0.69247	0.02979	0.02898	0.02657	0.02174	0.00966	0.00725	0.00242	0.00564	0.00805	0.00725	0.01127
9	0.01477	0.01266	0.01477	0.01055	0.01687	0.00949	0.00844	0.01793	0.01477	0.02320	0.01266	0.01477	0.01055	0.00527	0.00527	0.00105	0.00527	0.00422	0.00422	0.79328
10	0.01017	0.00763	0.01144	0.01144	0.01272	0.00890	0.00890	0.01272	0.01144	0.01653	0.01907	0.02797	0.01780	0.05340	0.72153	0.01144	0.01907	0.00763	0.00381	0.00636
11	0.01594	0.00858	0.01103	0.00978	0.01259	0.00760	0.00755	0.01871	0.01911	0.22076	0.35647	0.09349	0.16173	0.01403	0.00809	0.00230	0.00422	0.01211	0.00782	0.00807
12	0.00984	0.00676	0.00784	0.00822	0.00847	0.00659	0.00491	0.01025	0.01150	0.01517	0.02961	0.20651	0.07644	0.53529	0.02820	0.00569	0.00605	0.01291	0.00499	0.00476
13	0.02707	0.01995	0.02137	0.01638	0.02208	0.02208	0.01353	0.68159	0.03348	0.04488	0.01710	0.01710	0.01211	0.00855	0.00712	0.00214	0.00784	0.00641	0.00712	0.01211
14	0.02707	0.01995	0.02137	0.01638	0.02208	0.02208	0.01353	0.68159	0.03348	0.04488	0.01710	0.01710	0.01211	0.00855	0.00712	0.00214	0.00784	0.00641	0.00712	0.01211
15	0.01123	0.00797	0.01008	0.00937	0.01136	0.00754	0.00708	0.01561	0.06458	0.05081	0.60504	0.05118	0.09238	0.01421	0.00828	0.00226	0.00361	0.01247	0.00777	0.00717
16	0.00860	0.00649	0.00796	0.00913	0.01012	0.00585	0.00626	0.01000	0.01439	0.01849	0.04883	0.54805	0.23797	0.02106	0.00889	0.00275	0.00398	0.01872	0.00661	0.00585
17	0.02707	0.01995	0.02137	0.01638	0.02208	0.02208	0.01353	0.68159	0.03348	0.04488	0.01710	0.01710	0.01211	0.00855	0.00712	0.00214	0.00784	0.00641	0.00712	0.01211
18	0.03173	0.01246	0.01674	0.01283	0.01835	0.01097	0.01060	0.06297	0.02095	0.68119	0.02761	0.02392	0.01739	0.00880	0.00716	0.00220	0.00614	0.00713	0.00874	0.01212
19	0.01518	0.00859	0.00886	0.00817	0.01039	0.00890	0.00629	0.11474	0.01764	0.02901	0.02279	0.04607	0.01818	0.00874	0.00541	0.00177	0.00401	0.00700	0.65082	0.00742
20	0.02031	0.01628	0.01892	0.01948	0.13341	0.03886	0.01325	0.09768	0.42749	0.09769	0.02458	0.02349	0.01825	0.00884	0.00717	0.00230	0.00659	0.00741	0.00666	0.01135
21	0.01762	0.01692	0.02890	0.04371	0.70533	0.01692	0.02185	0.02185	0.01621	0.02326	0.01339	0.01762	0.01128	0.00634	0.00705	0.00211	0.00846	0.00634	0.00352	0.01128
22	0.00929	0.00868	0.03224	0.00831	0.01101	0.00708	0.00668	0.01239	0.05097	0.02056	0.10886	0.06384	0.58367	0.01703	0.00834	0.00241	0.00401	0.03153	0.00660	0.00650
23	0.07016	0.07744	0.40649	0.02231	0.10544	0.05032	0.09314	0.02311	0.01560	0.05272	0.01322	0.01560	0.00977	0.00670	0.00667	0.00218	0.00983	0.00558	0.00351	0.01019
24	0.01558	0.00985	0.01190	0.01130	0.01342	0.00990	0.00821	0.12670	0.05205	0.11636	0.03121	0.39355	0.03307	0.11742	0.01213	0.00320	0.00547	0.01419	0.00671	0.00777
25	0.01012	0.00684	0.00800	0.00822	0.00834	0.00685	0.00483	0.01041	0.01084	0.01451	0.02451	0.13829	0.02832	0.62063	0.06485	0.00659	0.00711	0.01154	0.00460	0.00461
26	0.01790	0.14107	0.30492	0.02492	0.19615	0.13073	0.04333	0.02313	0.01612	0.02103	0.01226	0.01492	0.00969	0.00662	0.00650	0.00205	0.00998	0.00531	0.00327	0.01011
27	0.00941	0.00714	0.00877	0.00972	0.01089	0.00677	0.00684	0.01224	0.06016	0.01999	0.09122	0.49435	0.17619	0.01999	0.00881	0.00273	0.00415	0.03759	0.00674	0.00629
28	0.80005	0.01377	0.01047	0.00936	0.01377	0.01597	0.00771	0.02093	0.01212	0.03195	0.00991	0.01157	0.00771	0.00661	0.00441	0.00220	0.00551	0.00386	0.00441	0.00771
29	0.03624	0.03403	0.61859	0.02054	0.03048	0.01645	0.07767	0.02290	0.01526	0.04410	0.01331	0.01556	0.00939	0.00676	0.00685	0.00226	0.01037	0.00553	0.00327	0.01042
30	0.01681	0.01921	0.04202	0.03001	0.03721	0.01801	0.67947	0.02281	0.01681	0.02281	0.01441	0.01921	0.01080	0.00600	0.00840	0.00240	0.01200	0.00840	0.00360	0.00960
31	0.00882	0.00629	0.00833	0.00978	0.01026	0.00588	0.00654	0.01016	0.01396	0.01872	0.08263	0.67603	0.04773	0.04593	0.00994	0.00298	0.00417	0.01943	0.00662	0.00580
32	0.01562	0.01570	0.02246	0.01906	0.01929	0.02169	0.03709	0.01732	0.01110	0.01732	0.00951	0.01570	0.00939	0.01225	0.02288	0.00309	0.71324	0.00630	0.00313	0.00785
33	0.44610	0.01374	0.01313	0.01097	0.01558	0.01492	0.00899	0.11046	0.03920	0.18261	0.01647	0.01668	0.01171	0.00757	0.00550	0.00216	0.00578	0.00526	0.06387	0.00929
34	0.01122	0.00808	0.01002	0.01073	0.01184	0.00803	0.00748	0.10090	0.01622	0.02166	0.03574	0.62532	0.04171	0.04251	0.00965	0.00291	0.00472	0.01807	0.00661	0.00660
35	0.00935	0.00725	0.00851	0.00819	0.01019	0.00641	0.00615	0.01203	0.01844	0.02447	0.42592	0.05991	0.34539	0.01608	0.00841	0.00231	0.00347	0.01382	0.00730	0.00641
36	0.00977	0.00718	0.00942	0.00994	0.01053	0.00749	0.00686	0.01108	0.01249	0.01700	0.05062	0.32626	0.06138	0.21643	0.17286	0.00577	0.04009	0.01387	0.00529	0.00565
37	0.01722	0.01651	0.02818	0.10947	0.64269	0.01681	0.02165	0.02150	0.01603	0.02278	0.01332	0.01775	0.01111	0.00642	0.00706	0.00214	0.00856	0.00634	0.00349	0.01096
38	0.06260	0.00989	0.03846	0.01259	0.01450	0.00920	0.09050	0.03578	0.01253	0.01811	0.01851	0.16340	0.01897	0.02002	0.04085	0.38317	0.00700	0.00912	0.02928	0.00551
39	0.80005	0.01377	0.01047	0.00936	0.01377	0.01597	0.00771	0.02093	0.01212	0.03195	0.00991	0.01157	0.00771	0.00661	0.00441	0.00220	0.00551	0.00386	0.00441	0.00771
40	0.01019	0.00689	0.00789	0.00799	0.00812	0.00687	0.00462	0.01039	0.01075	0.01431	0.02476	0.09070	0.04550	0.66359	0.05372	0.00666	0.00699	0.01103	0.00451	0.00451
41	0.02326	0.01666	0.01848	0.01485	0.01922	0.01829	0.01193	0.48644	0.02768	0.07205	0.02068	0.11791	0.01791	0.05868	0.00996	0.00259	0.03747	0.00857	0.00679	0.01057
42	0.02319	0.01694	0.01825	0.01459	0.01916	0.01868	0.01173	0.49308	0.09037	0.03843	0.01948	0.04388	0.01538	0.05520	0.00953	0.02842	0.00710	0.00726	0.05864	0.01069
43	0.01730	0.21320	0.40694	0.01866	0.02694	0.11496	0.06443	0.02306	0.01571	0.02044	0.01193	0.01412	0.00919	0.00663	0.00628	0.00203	0.01021	0.00502	0.00315	0.00981
44	0.01520	0.01284	0.01385	0.01271	0.01604	0.01431	0.00978	0.03006	0.49023	0.02806	0.14053	0.06850	0.09394	0.01182	0.00763	0.00241	0.00501	0.01005	0.00725	0.00980
45	0.01044	0.00733	0.00994	0.00994	0.01083	0.00811	0.00716	0.01221	0.01132	0.01632	0.02043	0.03388	0.02044	0.27488	0.45309	0.00933	0.01411	0.00844	0.05608	0.00572
46	0.01008	0.00728	0.00952	0.00896	0.01064	0.00672	0.00672	0.01344	0.02016	0.02855	0.70158	0.05319	0.06719	0.01456	0.00840	0.00224	0.00336	0.01288	0.00784	0.00672
47	0.05653	0.00811	0.00805	0.00758	0.00972	0.00840	0.00582	0.07129	0.01630	0.02834	0.02201	0.02497	0.01718	0.00823	0.00512	0.00173	0.00381	0.00647	0.68320	0.00714
48	0.02660	0.03394	0.02018	0.01834	0.02201	0.72116	0.01376	0.02843	0.02018	0.01743	0.01101	0.01284	0.00917	0.00734	0.00642	0.00183	0.01284	0.00459	0.00367	0.00825
49	0.03195	0.01212	0.01652	0.01267	0.01818	0.01047	0.01047	0.03470	0.02038	0.71026	0.02809	0.02424	0.01763	0.00881	0.00716	0.00220	0.00606	0.00716	0.00881	0.01212
50	0.00897	0.00624	0.00816	0.00968	0.01014	0.00586	0.00645	0.01027	0.01359	0.01846	0.03788	0.68557	0.04493	0.04540	0.00977	0.00296	0.00418	0.01922	0.04648	0.00578
51	0.00999	0.00721	0.00943	0.00902	0.01062	0.00666	0.00671	0.01320	0.01972	0.02787	0.65764	0.09909	0.06585	0.01507	0.00844	0.00228	0.00341	0.01337	0.00776	0.00666
52	0.02053	0.01579	0.01702	0.01465	0.01908	0.01780	0.01158	0.14485	0.52312	0.09256	0.02692	0.02478	0.01977	0.00940	0.00722	0.00235	0.00604	0.00770	0.00736	0.01149
53	0.00868	0.00620	0.00826	0.00991	0.01033	0.00578	0.00661	0.00991	0.01363	0.01818	0.03925	0.74510	0.04710	0.02231	0.00909	0.00289	0.00413	0.02024	0.00661	0.00578
54	0.01017	0.00763	0.01144	0.01144	0.01272	0.00890	0.00890	0.01272	0.01144	0.01653	0.01907	0.02797	0.01780	0.05340	0.72153	0.01144	0.01907	0.00763	0.00381	0.00636
55	0.02337	0.01689	0.01813	0.01430	0.01878	0.01853	0.01143	0.52560	0.02840	0.03848	0.01839	0.02264	0.01481	0.13206	0.01183	0.00290	0.00738	0.00708	0.05854	0.01045
56	0.04033	0.01318	0.02107	0.58925	0.04280	0.01682	0.01867	0.01811	0.01361	0.01848	0.01201	0.01817	0.00941	0.00799	0.00974	0.00249	0.13056	0.00623	0.00320	0.00788
57	0.01764	0.01150	0.01322	0.01187	0.01472	0.01199	0.00919	0.24415	0.02116	0.07479	0.02707	0.25979	0.02647	0.01406	0.00814	0.02634	0.00557	0.04423	0.14961	0.00849
58	0.65460	0.01561	0.03675	0.04247	0.06206	0.04686	0.01006	0.02126	0.01293	0.02984	0.01041	0.01245	0.00813	0.00665	0.00486	0.00219	0.00636	0.00420	0.00422	0.00808
59	0.02314	0.11332	0.02144	0.01762	0.04872	0.47076	0.01324	0.06567	0.01898	0.01917	0.01245	0.01519	0.01061	0.01346	0.10313	0.00313	0.01258	0.00509	0.00382	0.00847
60	0.01025	0.00706	0.00888	0.00970	0.01026	0.00690	0.00640	0.04426	0.01360	0.01814	0.03243	0.49765	0.03808	0.19079	0.01654	0.05619	0.00510	0.01631	0.00587	0.00559
61	0.01234	0.01018	0.01100	0.01044	0.01331	0.01033	0.00816	0.04818	0.21035	0.02444	0.11238	0.05405	0.35359	0.01507	0.00816	0.00247	0.00464	0.07610	0.00692	0.00790
62	0.02258	0.01626	0.01802	0.01464	0.01889	0.01784	0.01179	0.47291	0.02736	0.05765	0.02129	0.11963	0.01871	0.04574	0.00934	0.00252	0.03215	0.02980	0.03251	0.01038
63	0.03099	0.01191	0.01622	0.01251	0.01785	0.01030	0.01030	0.03377	0.02037	0.68048	0.05752	0.02550	0.01979	0.00906	0.00721	0.00220	0.00594	0.00741	0.00877	0.01188
64	0.05433	0.03409	0.63180	0.01967	0.02947	0.01622	0.04562	0.02217	0.01511	0.02324	0.03592	0.01628	0.01097	0.00700	0.00675	0.00226	0.01007	0.00555	0.00326	0.01022
65	0.01530	0.01676	0.05228	0.05560	0.10214	0.01663	0.35389	0.01971	0.01514	0.02105	0.01691	0.12278	0.01573	0.00953	0.01075	0.00255	0.13113	0.00934	0.00391	0.00889
66	0.00904	0.00724	0.00808	0.00787	0.01000	0.00628	0.00590	0.01144	0.01771	0.02276	0.31002	0.06273	0.46236	0.01672	0.00841	0.00234	0.00351	0.01422	0.00708	0.00628
67	0.01036	0.00690	0.00777	0.00777	0.00777	0.00690	0.00431	0.01036	0.01036	0.01381	0.02244	0.04660	0.02589	0.74975	0.03624	0.00690	0.00690	0.01036	0.00431	0.00431
68	0.02202	0.01979	0.05458	0.07339	0.04382	0.10702	0.01373	0.38077	0.02624	0.03397	0.07633	0.02390	0.07395	0.00941	0.00723	0.00215	0.00804	0.00737	0.00606	0.01023
69	0.07247	0.04799	0.14763	0.05366	0.17123	0.19935	0.01704	0.02634	0.08794	0.08714	0.01530	0.01693	0.01163	0.00730	0.00661	0.00211	0.00927	0.00570	0.00438	0.00998
70	0.01147	0.00835	0.01134	0.01277	0.01453	0.00835	0.01107	0.01517	0.03708	0.02143	0.03967	0.07791	0.08331	0.01926	0.00966	0.00320	0.00634	0.59585	0.00658	0.00667
71	0.01876	0.01887	0.09895	0.04586	0.10422	0.04547	0.10945	0.16948	0.01947	0.05082	0.01692	0.04099	0.03352	0.00868	0.00878	0.02775	0.05440	0.00688	0.00471	0.11603
72	0.01467	0.01419	0.02598	0.12422	0.05046	0.01502	0.26866	0.04569	0.01510	0.02088	0.01674	0.06550	0.01498	0.06417	0.11510	0.00406	0.07888	0.00842	0.02906	0.00820
73	0.04243	0.01391	0.02312	0.51137	0.23424	0.01614	0.01994	0.01933	0.01472	0.02012	0.01277	0.01834	0.00994	0.00688	0.00700	0.00229	0.00906	0.00625	0.00331	0.00886
74	0.01904	0.75404	0.03731	0.01218	0.01828	0.02818	0.01218	0.02132	0.01447	0.01675	0.00990	0.01142	0.00914	0.00609	0.00457	0.00152	0.00761	0.00381	0.00305	0.00914
75	0.46244	0.01621	0.10090	0.09170	0.02069	0.01494	0.01193	0.02355	0.01435	0.16328	0.01417	0.01533	0.01003	0.00712	0.00555	0.00223	0.00669	0.00496	0.00496	0.00896
76	0.01003	0.00728	0.00945	0.00891	0.01061	0.00670	0.00668	0.01334	0.02004	0.02827	0.68249	0.05366	0.08645	0.01466	0.00840	0.00224	0.00337	0.01294	0.00780	0.00670
77	0.02305	0.01795	0.01911	0.01557	0.02055	0.02020	0.01256	0.40503	0.31659	0.03839	0.02220	0.02116	0.01625	0.00903	0.00718	0.00226	0.00689	0.00712	0.00718	0.01175
78	0.01017	0.00763	0.01144	0.01144	0.01272	0.00890	0.00890	0.01272	0.01144	0.01653	0.01907	0.02797	0.01780	0.05340	0.72153	0.01144	0.01907	0.00763	0.00381	0.00636
79	0.02660	0.03394	0.02018	0.01834	0.02201	0.72116	0.01376	0.02843	0.02018	0.01743	0.01101	0.01284	0.00917	0.00734	0.00642	0.00183	0.01284	0.00459	0.00367	0.00825
80	0.02466	0.01875	0.02001	0.01590	0.02116	0.02096	0.01295	0.51592	0.20307	0.04099	0.02015	0.01953	0.01459	0.00883	0.00715	0.00221	0.00727	0.00683	0.00715	0.01189
81	0.00877	0.00627	0.00838	0.01003	0.01048	0.00587	0.00678	0.01009	0.01373	0.01829	0.03919	0.72162	0.04688	0.02222	0.00912	0.00291	0.00422	0.04275	0.00661	0.00581
82	0.00842	0.00721	0.00721	0.00721	0.00962	0.00601	0.00541	0.01022	0.01623	0.01924	0.07213	0.06853	0.70244	0.01803	0.00842	0.00240	0.00361	0.01503	0.00661	0.00601
83	0.02731	0.02176	0.02085	0.01646	0.02181	0.13782	0.01337	0.52982	0.03039	0.08444	0.01681	0.01686	0.01199	0.00836	0.00701	0.00209	0.00855	0.00616	0.00666	0.01147
84	0.80005	0.01377	0.01047	0.00936	0.01377	0.01597	0.00771	0.02093	0.01212	0.03195	0.00991	0.01157	0.00771	0.00661	0.00441	0.00220	0.00551	0.00386	0.00441	0.00771
85	0.00873	0.00622	0.00825	0.00984	0.01024	0.00582	0.00653	0.00993	0.01352	0.01803	0.03867	0.72105	0.04637	0.04736	0.01002	0.00303	0.00423	0.01990	0.00653	0.00573
86	0.02920	0.01487	0.01806	0.01392	0.01934	0.01470	0.01147	0.27823	0.02532	0.43053	0.05193	0.02274	0.01760	0.00895	0.00720	0.00218	0.00662	0.00712	0.00813	0.01189
87	0.01549	0.01683	0.03544	0.02709	0.06171	0.01584	0.52822	0.02064	0.01633	0.02213	0.01882	0.12033	0.01716	0.00887	0.00850	0.00250	0.01053	0.04041	0.00414	0.00902
