[name]
unknown

[dist]
# distance from previous block
# <min> <max>
0	45

[block]
# block no. 0 follows, 29 sequences, length 14
# corresponding to MSA columns:
# 45-58
name=unknown_A
#
# <colnr> <probs for GDERKNQSTAVLIFYWHMCP>
#	G	D	E	R	K	N	Q	S	T	A	V	L	I	F	Y	W	H	M	C	P
0	0.01044	0.00751	0.01006	0.01031	0.01191	0.00713	0.00820	0.01366	0.01863	0.02573	0.45848	0.09844	0.05791	0.01657	0.00889	0.00260	0.00440	0.21512	0.00737	0.00662
1	0.01720	0.01649	0.02814	0.11300	0.63933	0.01681	0.02164	0.02149	0.01602	0.02275	0.01332	0.01776	0.01110	0.00642	0.00706	0.00214	0.00856	0.00634	0.00349	0.01094
2	0.01531	0.01282	0.01547	0.01122	0.01724	0.01018	0.03140	0.04883	0.01572	0.02442	0.01362	0.01581	0.01114	0.00565	0.00545	0.00119	0.00549	0.00462	0.05639	0.67804
3	0.01158	0.00819	0.01015	0.01042	0.01171	0.00818	0.00739	0.09652	0.01593	0.02119	0.05610	0.43378	0.09277	0.04879	0.04942	0.08446	0.00564	0.01531	0.00612	0.00635
4	0.02267	0.02367	0.04828	0.09369	0.05772	0.26987	0.08324	0.18624	0.02174	0.05324	0.01637	0.01831	0.03914	0.00803	0.00743	0.00212	0.02763	0.00629	0.00474	0.00958
5	0.00879	0.00624	0.00823	0.00977	0.01016	0.00586	0.00646	0.00994	0.01342	0.01789	0.03813	0.69879	0.04569	0.07054	0.01089	0.00316	0.00432	0.01959	0.00646	0.00569
6	0.01015	0.00686	0.00804	0.00824	0.00836	0.00689	0.00486	0.01044	0.01080	0.01448	0.02421	0.12756	0.02790	0.62291	0.07377	0.00670	0.00730	0.01135	0.00455	0.00461
7	0.10813	0.01816	0.06740	0.06493	0.02823	0.04609	0.29956	0.02043	0.01454	0.02175	0.01372	0.05776	0.01189	0.00871	0.01132	0.00254	0.18496	0.00756	0.00369	0.00863
8	0.01849	0.43149	0.16087	0.01747	0.06288	0.08991	0.05348	0.02214	0.01518	0.01865	0.01098	0.01324	0.00935	0.00665	0.00641	0.00185	0.04372	0.00468	0.00316	0.00940
9	0.01165	0.00707	0.00949	0.01036	0.01152	0.00653	0.00734	0.01331	0.01497	0.10029	0.07760	0.58125	0.04449	0.02011	0.00886	0.00279	0.00445	0.05433	0.00694	0.00663
10	0.01011	0.00788	0.01150	0.04578	0.01437	0.00770	0.04564	0.01293	0.03920	0.02066	0.13575	0.48855	0.04491	0.01885	0.00884	0.00275	0.00495	0.06664	0.00648	0.00650
11	0.01783	0.01764	0.02682	0.06838	0.57971	0.07501	0.02047	0.02182	0.01647	0.02245	0.01462	0.02104	0.01281	0.00726	0.00717	0.00217	0.00875	0.04527	0.00370	0.01060
12	0.05555	0.01515	0.01772	0.08452	0.02192	0.01640	0.01232	0.24487	0.17462	0.18877	0.02320	0.05513	0.01758	0.00961	0.00722	0.00231	0.00679	0.02845	0.00700	0.01087
13	0.01997	0.05160	0.02339	0.02689	0.28684	0.21867	0.01623	0.02582	0.12785	0.02203	0.01484	0.01718	0.01215	0.00747	0.00767	0.00206	0.05273	0.00588	0.00417	0.05658

[dist]
# distance from previous block
# <min> <max>
0	3

[block]
# block no. 1 follows, 29 sequences, length 50
# corresponding to MSA columns:
# 62-111
name=unknown_B
#
# <colnr> <probs for GDERKNQSTAVLIFYWHMCP>
#	G	D	E	R	K	N	Q	S	T	A	V	L	I	F	Y	W	H	M	C	P
0	0.05112	0.02035	0.21582	0.02073	0.12453	0.01443	0.08246	0.04619	0.06073	0.15908	0.11220	0.02355	0.02010	0.00834	0.00722	0.00224	0.00790	0.00731	0.00540	0.01031
1	0.07353	0.01539	0.02083	0.33918	0.05242	0.03976	0.04685	0.14821	0.01815	0.02536	0.01325	0.01714	0.01012	0.00724	0.00731	0.00214	0.03563	0.00591	0.00422	0.11736
2	0.62011	0.01531	0.01242	0.01073	0.01520	0.04583	0.00877	0.12341	0.01586	0.03316	0.01155	0.01301	0.00883	0.00700	0.00493	0.00216	0.00609	0.00438	0.03288	0.00838
3	0.01345	0.01266	0.02136	0.73264	0.04904	0.01582	0.01978	0.01819	0.01424	0.01819	0.01266	0.01898	0.00949	0.00712	0.00712	0.00237	0.00949	0.00633	0.00316	0.00791
4	0.00924	0.00651	0.00802	0.00899	0.00940	0.00618	0.00574	0.01009	0.01268	0.01675	0.03569	0.45942	0.08408	0.27194	0.01837	0.00424	0.00505	0.01649	0.00582	0.00529
5	0.00878	0.00632	0.00835	0.00994	0.01048	0.00589	0.00676	0.01012	0.01385	0.01835	0.04050	0.69119	0.07307	0.02203	0.00909	0.00289	0.00421	0.04577	0.00661	0.00582
6	0.80005	0.01377	0.01047	0.00936	0.01377	0.01597	0.00771	0.02093	0.01212	0.03195	0.00991	0.01157	0.00771	0.00661	0.00441	0.00220	0.00551	0.00386	0.00441	0.00771
7	0.00868	0.00620	0.00826	0.00991	0.01033	0.00578	0.00661	0.00991	0.01363	0.01818	0.03925	0.74510	0.04710	0.02231	0.00909	0.00289	0.00413	0.02024	0.00661	0.00578
8	0.01904	0.75404	0.03731	0.01218	0.01828	0.02818	0.01218	0.02132	0.01447	0.01675	0.00990	0.01142	0.00914	0.00609	0.00457	0.00152	0.00761	0.00381	0.00305	0.00914
9	0.01008	0.00728	0.00952	0.00896	0.01064	0.00672	0.00672	0.01344	0.02016	0.02855	0.70158	0.05319	0.06719	0.01456	0.00840	0.00224	0.00336	0.01288	0.00784	0.00672
10	0.80005	0.01377	0.01047	0.00936	0.01377	0.01597	0.00771	0.02093	0.01212	0.03195	0.00991	0.01157	0.00771	0.00661	0.00441	0.00220	0.00551	0.00386	0.00441	0.00771
11	0.01841	0.65902	0.12681	0.01326	0.01994	0.02663	0.01406	0.02148	0.01454	0.01752	0.01028	0.01190	0.00912	0.00618	0.00486	0.00162	0.00800	0.00400	0.00304	0.00932
12	0.01762	0.01692	0.02890	0.04371	0.70533	0.01692	0.02185	0.02185	0.01621	0.02326	0.01339	0.01762	0.01128	0.00634	0.00705	0.00211	0.00846	0.00634	0.00352	0.01128
13	0.01017	0.00763	0.01144	0.01144	0.01272	0.00890	0.00890	0.01272	0.01144	0.01653	0.01907	0.02797	0.01780	0.05340	0.72153	0.01144	0.01907	0.00763	0.00381	0.00636
14	0.01008	0.00728	0.00952	0.00896	0.01064	0.00672	0.00672	0.01344	0.02016	0.02855	0.70158	0.05319	0.06719	0.01456	0.00840	0.00224	0.00336	0.01288	0.00784	0.00672
15	0.80005	0.01377	0.01047	0.00936	0.01377	0.01597	0.00771	0.02093	0.01212	0.03195	0.00991	0.01157	0.00771	0.00661	0.00441	0.00220	0.00551	0.00386	0.00441	0.00771
16	0.00884	0.00632	0.00841	0.00980	0.01036	0.00589	0.00662	0.01032	0.01439	0.01938	0.11596	0.66496	0.04942	0.02141	0.00901	0.00282	0.00404	0.01939	0.00675	0.00589
17	0.03161	0.01266	0.01686	0.01293	0.01845	0.01127	0.01068	0.07940	0.02129	0.66429	0.02733	0.02374	0.01725	0.00879	0.00716	0.00220	0.00618	0.00711	0.00870	0.01212
18	0.00947	0.00706	0.00880	0.00878	0.01037	0.00640	0.00643	0.01211	0.01811	0.02467	0.44636	0.18660	0.19516	0.01674	0.00853	0.00240	0.00356	0.01471	0.00735	0.00640
19	0.02707	0.01995	0.02137	0.01638	0.02208	0.02208	0.01353	0.68159	0.03348	0.04488	0.01710	0.01710	0.01211	0.00855	0.00712	0.00214	0.00784	0.00641	0.00712	0.01211
20	0.01904	0.75404	0.03731	0.01218	0.01828	0.02818	0.01218	0.02132	0.01447	0.01675	0.00990	0.01142	0.00914	0.00609	0.00457	0.00152	0.00761	0.00381	0.00305	0.00914
21	0.01396	0.01104	0.01276	0.03423	0.01520	0.01034	0.00822	0.07001	0.08394	0.02285	0.02396	0.08742	0.07189	0.14957	0.03799	0.00307	0.00615	0.00838	0.03767	0.29134
22	0.01862	0.19958	0.08370	0.01675	0.04494	0.04800	0.01446	0.11506	0.14866	0.02408	0.01570	0.03679	0.01316	0.00918	0.01031	0.00229	0.17815	0.00626	0.00458	0.00972
23	0.02660	0.03394	0.02018	0.01834	0.02201	0.72116	0.01376	0.02843	0.02018	0.01743	0.01101	0.01284	0.00917	0.00734	0.00642	0.00183	0.01284	0.00459	0.00367	0.00825
24	0.01655	0.01560	0.02662	0.07138	0.55488	0.01570	0.04417	0.02074	0.01617	0.02274	0.01675	0.02640	0.01528	0.00821	0.00749	0.00230	0.00837	0.09633	0.00393	0.01041
25	0.00957	0.00775	0.00856	0.00827	0.01053	0.00700	0.00623	0.01307	0.06059	0.02306	0.28255	0.06066	0.44399	0.01632	0.00834	0.00235	0.00365	0.01386	0.00707	0.00659
26	0.03195	0.01212	0.01652	0.01267	0.01818	0.01047	0.01047	0.03470	0.02038	0.71026	0.02809	0.02424	0.01763	0.00881	0.00716	0.00220	0.00606	0.00716	0.00881	0.01212
27	0.02542	0.01894	0.02033	0.01594	0.02126	0.02099	0.01303	0.59287	0.09496	0.04234	0.01914	0.04819	0.01447	0.00922	0.00722	0.00219	0.00747	0.00714	0.00711	0.01177
28	0.01477	0.01266	0.01477	0.01055	0.01687	0.00949	0.00844	0.01793	0.01477	0.02320	0.01266	0.01477	0.01055	0.00527	0.00527	0.00105	0.00527	0.00422	0.00422	0.79328
29	0.00893	0.00630	0.00819	0.00959	0.00995	0.00595	0.00627	0.00998	0.01314	0.01753	0.03674	0.64086	0.04393	0.13087	0.01314	0.00349	0.00454	0.01877	0.00627	0.00556
30	0.02753	0.01816	0.02043	0.04163	0.02230	0.01959	0.01316	0.53151	0.03023	0.17354	0.01908	0.01856	0.01309	0.00855	0.00713	0.00216	0.00755	0.00655	0.00731	0.01196
31	0.01008	0.00728	0.00952	0.00896	0.01064	0.00672	0.00672	0.01344	0.02016	0.02855	0.70158	0.05319	0.06719	0.01456	0.00840	0.00224	0.00336	0.01288	0.00784	0.00672
32	0.00868	0.00620	0.00826	0.00991	0.01033	0.00578	0.00661	0.00991	0.01363	0.01818	0.03925	0.74510	0.04710	0.02231	0.00909	0.00289	0.00413	0.02024	0.00661	0.00578
33	0.00910	0.00663	0.00856	0.00936	0.01036	0.00610	0.00653	0.01106	0.01594	0.02157	0.25261	0.46306	0.11383	0.01945	0.00881	0.00264	0.00384	0.01742	0.00700	0.00610
34	0.01345	0.01266	0.02136	0.73264	0.04904	0.01582	0.01978	0.01819	0.01424	0.01819	0.01266	0.01898	0.00949	0.00712	0.00712	0.00237	0.00949	0.00633	0.00316	0.00791
35	0.01805	0.01772	0.02849	0.04251	0.67321	0.05003	0.02147	0.02216	0.01640	0.02299	0.01328	0.01740	0.01118	0.00639	0.00702	0.00210	0.00867	0.00626	0.00353	0.01114
36	0.01743	0.01692	0.02948	0.06605	0.64070	0.01695	0.06363	0.02179	0.01618	0.02306	0.01343	0.01777	0.01119	0.00635	0.00714	0.00214	0.00872	0.00647	0.00352	0.01106
37	0.02106	0.01886	0.01770	0.01506	0.01947	0.12478	0.01180	0.20444	0.34623	0.03086	0.02181	0.02201	0.01673	0.03759	0.00809	0.00234	0.00734	0.00694	0.00636	0.06053
38	0.02468	0.03003	0.02012	0.01938	0.06497	0.56995	0.01390	0.02944	0.12161	0.01967	0.01388	0.01522	0.01121	0.00763	0.00659	0.00194	0.01147	0.00522	0.00420	0.00890
39	0.00862	0.00717	0.00755	0.00771	0.00991	0.00610	0.00578	0.01049	0.01619	0.01961	0.09372	0.12083	0.60127	0.01829	0.00852	0.00247	0.00375	0.03931	0.00666	0.00604
40	0.08184	0.61598	0.03340	0.01250	0.01833	0.05452	0.01199	0.06703	0.01582	0.01992	0.01044	0.01188	0.00923	0.00635	0.00481	0.00163	0.00767	0.00402	0.00346	0.00919
41	0.00889	0.00635	0.00850	0.01016	0.01066	0.00596	0.00698	0.01028	0.01384	0.01841	0.03913	0.69519	0.04664	0.02211	0.00914	0.00292	0.00431	0.06808	0.00661	0.00584
42	0.01132	0.00809	0.01126	0.01266	0.01430	0.00803	0.01095	0.01461	0.01681	0.02211	0.11089	0.07733	0.04387	0.01911	0.00968	0.00316	0.00620	0.58635	0.00670	0.00657
43	0.03045	0.01181	0.01593	0.01232	0.01763	0.01018	0.01014	0.03314	0.02012	0.66629	0.03090	0.02706	0.06121	0.00940	0.00724	0.00222	0.00590	0.00766	0.00867	0.01173
44	0.01961	0.07479	0.10117	0.02069	0.15394	0.01803	0.01534	0.13338	0.22547	0.08209	0.02167	0.02188	0.04078	0.00856	0.00745	0.00223	0.02936	0.00695	0.00567	0.01092
45	0.01904	0.75404	0.03731	0.01218	0.01828	0.02818	0.01218	0.02132	0.01447	0.01675	0.00990	0.01142	0.00914	0.00609	0.00457	0.00152	0.00761	0.00381	0.00305	0.00914
46	0.01007	0.00678	0.00785	0.00813	0.00820	0.00671	0.00471	0.01028	0.01091	0.01455	0.02530	0.16563	0.02950	0.62579	0.03162	0.00622	0.00643	0.01204	0.00471	0.00456
47	0.01724	0.01904	0.06366	0.05507	0.08970	0.01750	0.52763	0.02357	0.04307	0.04782	0.01526	0.01938	0.01140	0.00634	0.00810	0.00236	0.01111	0.00798	0.00389	0.00987
48	0.07820	0.02194	0.02014	0.01703	0.04645	0.17175	0.01315	0.44602	0.02765	0.03610	0.01536	0.01694	0.01167	0.03612	0.00789	0.00226	0.00875	0.00599	0.00595	0.01065
49	0.00873	0.00624	0.00831	0.00988	0.01034	0.00582	0.00661	0.01006	0.01390	0.01861	0.06671	0.71641	0.04793	0.02199	0.00906	0.00286	0.00410	0.01994	0.00666	0.00582

[dist]
# distance from previous block
# <min> <max>
0	52

[block]
# block no. 2 follows, 29 sequences, length 46
# corresponding to MSA columns:
# 164-209
name=unknown_C
#
# <colnr> <probs for GDERKNQSTAVLIFYWHMCP>
#	G	D	E	R	K	N	Q	S	T	A	V	L	I	F	Y	W	H	M	C	P
0	0.01047	0.00753	0.00887	0.00849	0.01071	0.00664	0.00648	0.01306	0.01817	0.05876	0.34524	0.05998	0.36226	0.01610	0.00840	0.00236	0.00374	0.03883	0.00726	0.00666
1	0.02485	0.01883	0.02172	0.01974	0.11366	0.02055	0.01430	0.55823	0.03013	0.04059	0.01773	0.05441	0.01379	0.00895	0.00721	0.00217	0.00773	0.00711	0.00661	0.01167
2	0.01717	0.05716	0.47850	0.06193	0.10419	0.01616	0.02277	0.02382	0.01582	0.11494	0.01480	0.01665	0.01046	0.00699	0.00679	0.00221	0.00952	0.00564	0.00386	0.01062
3	0.00966	0.00675	0.00861	0.00926	0.00965	0.00681	0.00603	0.01059	0.01185	0.01602	0.02852	0.32070	0.03290	0.33920	0.14523	0.00610	0.00793	0.01380	0.00514	0.00526
4	0.02475	0.01938	0.01965	0.01574	0.02062	0.07701	0.01270	0.54524	0.02994	0.03934	0.01934	0.10686	0.01620	0.01015	0.00731	0.00221	0.00778	0.00797	0.00678	0.01101
5	0.00890	0.00637	0.00846	0.00976	0.01038	0.00593	0.00663	0.01048	0.01468	0.01984	0.14565	0.63395	0.05032	0.02106	0.00898	0.00279	0.00401	0.01906	0.00681	0.00593
6	0.12810	0.01476	0.05734	0.01788	0.13689	0.01407	0.01251	0.16925	0.02027	0.08998	0.14782	0.11383	0.02636	0.01065	0.00719	0.00227	0.00632	0.00897	0.00609	0.00946
7	0.68614	0.01353	0.01136	0.00985	0.01442	0.01516	0.00812	0.02297	0.01334	0.13254	0.01261	0.01345	0.00918	0.00694	0.00482	0.00220	0.00559	0.00435	0.00506	0.00837
8	0.01013	0.00681	0.00783	0.00806	0.00811	0.00675	0.00462	0.01030	0.01080	0.01440	0.02470	0.14083	0.02875	0.65161	0.03258	0.00636	0.00653	0.01169	0.00462	0.00451
9	0.00957	0.00726	0.00882	0.00843	0.01033	0.00650	0.00632	0.01246	0.01896	0.02573	0.51055	0.05784	0.25998	0.01561	0.00840	0.00229	0.00343	0.01353	0.00747	0.00650
10	0.00990	0.00722	0.00897	0.00856	0.01010	0.00665	0.00621	0.01258	0.01826	0.02524	0.52235	0.05431	0.14608	0.11820	0.01231	0.00292	0.00389	0.01281	0.00718	0.00629
11	0.80005	0.01377	0.01047	0.00936	0.01377	0.01597	0.00771	0.02093	0.01212	0.03195	0.00991	0.01157	0.00771	0.00661	0.00441	0.00220	0.00551	0.00386	0.00441	0.00771
12	0.01115	0.05227	0.01128	0.00996	0.01158	0.00901	0.00773	0.01366	0.01296	0.01920	0.02487	0.11363	0.05966	0.03448	0.38856	0.00707	0.01211	0.00908	0.18528	0.00650
13	0.01494	0.01282	0.01485	0.01078	0.01697	0.00999	0.00861	0.01913	0.05568	0.02360	0.01364	0.01548	0.01122	0.00554	0.00539	0.00114	0.00530	0.00445	0.00440	0.74607
14	0.01105	0.00765	0.00909	0.00908	0.00963	0.00785	0.00579	0.05106	0.01245	0.01675	0.02468	0.16492	0.02786	0.49961	0.10664	0.00642	0.00784	0.01154	0.00483	0.00527
15	0.12555	0.48952	0.02957	0.01284	0.01818	0.11799	0.01175	0.05934	0.01588	0.02048	0.01079	0.01255	0.00943	0.00817	0.03078	0.00205	0.00845	0.00420	0.00357	0.00890
16	0.01458	0.01342	0.02217	0.49393	0.19856	0.01563	0.01906	0.01955	0.04911	0.01964	0.01365	0.01921	0.01070	0.00807	0.00828	0.04713	0.00887	0.00641	0.00345	0.00860
17	0.01374	0.01382	0.02349	0.01880	0.02185	0.03907	0.25829	0.01671	0.01432	0.01921	0.02367	0.19396	0.06257	0.10377	0.01455	0.00318	0.13572	0.01129	0.00449	0.00748
18	0.01597	0.01777	0.06208	0.38856	0.13242	0.11125	0.05473	0.02019	0.01528	0.01924	0.01352	0.04701	0.01126	0.00790	0.00813	0.00232	0.05368	0.00671	0.00343	0.00858
19	0.06616	0.01806	0.01716	0.04728	0.08744	0.18179	0.01216	0.14502	0.03707	0.02691	0.13839	0.05057	0.05343	0.01012	0.00716	0.00213	0.00769	0.03680	0.00552	0.04913
20	0.02188	0.01598	0.01692	0.01363	0.01821	0.06740	0.01095	0.28458	0.05936	0.11831	0.11075	0.02371	0.02086	0.01166	0.05009	0.00256	0.00748	0.00714	0.03129	0.10723
21	0.06568	0.01942	0.11096	0.11490	0.02418	0.10165	0.01375	0.11160	0.03366	0.04962	0.01423	0.01634	0.01087	0.00686	0.00618	0.00181	0.00784	0.00526	0.03459	0.25059
22	0.05858	0.42962	0.09422	0.10292	0.02347	0.10305	0.01445	0.02236	0.04068	0.01883	0.01135	0.01354	0.00959	0.00674	0.00584	0.00184	0.02601	0.00457	0.00336	0.00899
23	0.02542	0.10325	0.01777	0.01203	0.01681	0.01240	0.01003	0.02928	0.06018	0.45650	0.15121	0.02818	0.02605	0.00960	0.00708	0.00214	0.00572	0.00786	0.00782	0.01069
24	0.04222	0.01176	0.09679	0.01058	0.01367	0.00903	0.00928	0.01679	0.06036	0.05249	0.35832	0.08092	0.10085	0.05072	0.00919	0.00250	0.00482	0.01116	0.05106	0.00749
25	0.01809	0.02003	0.03106	0.02448	0.05657	0.13105	0.36903	0.02473	0.10798	0.02245	0.01641	0.04659	0.01334	0.00765	0.00854	0.00230	0.04753	0.00783	0.00422	0.04012
26	0.00986	0.00714	0.00930	0.00903	0.01057	0.00658	0.00667	0.01291	0.01924	0.02701	0.60234	0.13926	0.08211	0.01561	0.00848	0.00232	0.00346	0.01385	0.00765	0.00658
27	0.01934	0.02018	0.02723	0.03885	0.57441	0.15186	0.02030	0.02311	0.01697	0.02214	0.01294	0.01671	0.01088	0.00653	0.00693	0.00206	0.00930	0.00601	0.00355	0.01070
28	0.00951	0.00703	0.00932	0.04626	0.01227	0.00672	0.00715	0.01172	0.01616	0.02200	0.29107	0.37146	0.09267	0.05084	0.00990	0.00277	0.00420	0.01596	0.00680	0.00620
29	0.01003	0.00677	0.00786	0.00819	0.00827	0.00668	0.00476	0.01027	0.01100	0.01466	0.02572	0.18301	0.03003	0.60769	0.03094	0.00612	0.00636	0.01229	0.00476	0.00460
30	0.00876	0.00723	0.00769	0.00757	0.00983	0.00616	0.00568	0.01088	0.01704	0.02115	0.20162	0.06537	0.57176	0.01732	0.00841	0.00237	0.00356	0.01459	0.00686	0.00616
31	0.01763	0.47053	0.14745	0.01354	0.01970	0.08932	0.01391	0.02083	0.01533	0.01812	0.01820	0.01924	0.09494	0.00780	0.00560	0.00179	0.00811	0.00552	0.00354	0.00890
32	0.04342	0.39762	0.14093	0.01574	0.02145	0.11872	0.04107	0.02201	0.01491	0.01854	0.01062	0.01302	0.00917	0.00717	0.00764	0.00194	0.09915	0.00463	0.00320	0.00905
33	0.00864	0.00632	0.00813	0.00958	0.01024	0.00581	0.00646	0.00995	0.01395	0.01831	0.04332	0.66136	0.12822	0.02178	0.00901	0.00283	0.00407	0.01960	0.00661	0.00581
34	0.11322	0.01156	0.01351	0.15611	0.02019	0.01319	0.01039	0.13300	0.01744	0.02818	0.01759	0.02090	0.01360	0.00813	0.00676	0.00204	0.04720	0.00617	0.35277	0.00804
35	0.01715	0.01605	0.04779	0.23935	0.45483	0.01621	0.02073	0.02157	0.01585	0.06198	0.01402	0.01832	0.01106	0.00673	0.00707	0.00220	0.00868	0.00635	0.00371	0.01033
36	0.01745	0.01528	0.01745	0.01791	0.10329	0.01730	0.01242	0.03512	0.59073	0.02870	0.02820	0.02658	0.03859	0.00947	0.00725	0.00238	0.00593	0.00803	0.00677	0.01113
37	0.37488	0.02021	0.14497	0.03319	0.09687	0.08397	0.01373	0.02163	0.01428	0.02640	0.01135	0.01359	0.00889	0.00653	0.00551	0.00203	0.00755	0.00457	0.00392	0.10593
38	0.01470	0.01651	0.11859	0.02964	0.37890	0.01359	0.01823	0.01893	0.01590	0.02238	0.04556	0.11955	0.02260	0.01100	0.00780	0.00244	0.00770	0.12194	0.00452	0.00950
39	0.00933	0.00703	0.00986	0.09929	0.01502	0.00707	0.00815	0.01096	0.01357	0.01800	0.03527	0.62689	0.04158	0.04994	0.00995	0.00299	0.00491	0.01812	0.00609	0.00599
40	0.01545	0.09380	0.36098	0.12435	0.14151	0.01775	0.10423	0.02175	0.01528	0.02156	0.01280	0.01619	0.00968	0.00659	0.00686	0.00220	0.00996	0.00584	0.00319	0.01004
41	0.52236	0.13910	0.01615	0.09921	0.01857	0.01747	0.00980	0.02040	0.01295	0.02734	0.01106	0.01337	0.00881	0.00669	0.00480	0.00208	0.00623	0.00432	0.05140	0.00791
42	0.01018	0.00694	0.00891	0.00929	0.01054	0.00656	0.00682	0.01280	0.01696	0.02416	0.34230	0.26155	0.05172	0.03549	0.00902	0.00257	0.00396	0.06990	0.10399	0.00635
43	0.01885	0.01994	0.05386	0.06287	0.51967	0.10894	0.04132	0.04768	0.01729	0.02310	0.01320	0.01698	0.01087	0.00659	0.00700	0.00210	0.00924	0.00614	0.00365	0.01071
44	0.00994	0.00737	0.01081	0.01108	0.01217	0.00833	0.00838	0.01219	0.01176	0.01671	0.02244	0.14456	0.02280	0.07055	0.58448	0.00992	0.01627	0.00976	0.00428	0.00620
45	0.01696	0.01488	0.04160	0.01408	0.01796	0.01594	0.01124	0.03369	0.55910	0.05200	0.02961	0.11499	0.02425	0.01109	0.00745	0.00246	0.00565	0.00942	0.00706	0.01059

[dist]
# distance from previous block
# <min> <max>
9	25

[block]
# block no. 3 follows, 29 sequences, length 11
# corresponding to MSA columns:
# 235-245
name=unknown_D
#
# <colnr> <probs for GDERKNQSTAVLIFYWHMCP>
#	G	D	E	R	K	N	Q	S	T	A	V	L	I	F	Y	W	H	M	C	P
0	0.06610	0.02781	0.01870	0.01664	0.02056	0.48739	0.01271	0.10929	0.08874	0.02296	0.01680	0.01767	0.04797	0.00826	0.00659	0.00198	0.01061	0.00568	0.00466	0.00889
1	0.01173	0.01017	0.06336	0.01018	0.01288	0.00819	0.00854	0.01624	0.05566	0.05940	0.54355	0.04845	0.09665	0.01365	0.00816	0.00226	0.00417	0.01191	0.00741	0.00746
2	0.01567	0.24662	0.51526	0.01792	0.02715	0.01994	0.02218	0.02219	0.01487	0.02085	0.01194	0.01398	0.00905	0.00657	0.00612	0.00204	0.00967	0.00484	0.00302	0.01012
3	0.01054	0.00784	0.01056	0.01104	0.01217	0.00760	0.03312	0.05390	0.01500	0.01991	0.03622	0.52640	0.06386	0.09324	0.01169	0.00324	0.00512	0.06601	0.00629	0.00626
4	0.00910	0.00657	0.00853	0.00994	0.01064	0.00617	0.00695	0.01056	0.01398	0.01837	0.04080	0.56118	0.10118	0.06826	0.01086	0.00315	0.00456	0.09692	0.00646	0.00580
5	0.00870	0.00644	0.00813	0.00936	0.01021	0.00587	0.00639	0.01015	0.01445	0.01890	0.07856	0.58346	0.17114	0.02112	0.00893	0.00277	0.00399	0.01890	0.00667	0.00587
6	0.01748	0.01887	0.06167	0.08960	0.45712	0.05465	0.15173	0.02215	0.01634	0.02245	0.01338	0.01766	0.01084	0.00641	0.00728	0.00218	0.00957	0.00661	0.00350	0.01050
7	0.01655	0.14797	0.07228	0.01208	0.01863	0.01445	0.01090	0.07579	0.01634	0.02386	0.01255	0.01439	0.01031	0.00581	0.00542	0.00132	0.00631	0.00441	0.00417	0.52646
8	0.00868	0.00620	0.00826	0.00991	0.01033	0.00578	0.00661	0.00991	0.01363	0.01818	0.03925	0.74510	0.04710	0.02231	0.00909	0.00289	0.00413	0.02024	0.00661	0.00578
9	0.02225	0.12890	0.02534	0.02534	0.24211	0.31032	0.01602	0.07469	0.05002	0.02184	0.01290	0.01514	0.01065	0.00704	0.00645	0.00193	0.00998	0.00534	0.00396	0.00979
10	0.00905	0.00642	0.00808	0.00925	0.00969	0.00606	0.00601	0.01004	0.01303	0.01723	0.03737	0.54273	0.08205	0.18996	0.01532	0.00379	0.00474	0.01764	0.00608	0.00546

[dist]
# distance from previous block
# <min> <max>
0	1

[block]
# block no. 4 follows, 29 sequences, length 19
# corresponding to MSA columns:
# 247-265
name=unknown_E
#
# <colnr> <probs for GDERKNQSTAVLIFYWHMCP>
#	G	D	E	R	K	N	Q	S	T	A	V	L	I	F	Y	W	H	M	C	P
0	0.01611	0.01548	0.02118	0.01814	0.01857	0.02112	0.01503	0.06543	0.01268	0.01921	0.01124	0.04795	0.01122	0.01261	0.02155	0.00303	0.65100	0.00686	0.00356	0.00802
1	0.01498	0.01285	0.01486	0.01084	0.01700	0.01009	0.00864	0.01939	0.06435	0.02368	0.01385	0.01563	0.01137	0.00559	0.00542	0.00115	0.00530	0.00450	0.00444	0.73607
2	0.06437	0.00887	0.01079	0.00988	0.01234	0.00862	0.00764	0.01795	0.07483	0.09553	0.48554	0.04699	0.08017	0.01339	0.00797	0.00229	0.00407	0.03355	0.00757	0.00766
3	0.01428	0.01822	0.13765	0.02122	0.02645	0.01507	0.30229	0.01956	0.03663	0.02219	0.08703	0.11761	0.04519	0.01034	0.00988	0.00251	0.09087	0.00985	0.00448	0.00869
4	0.02364	0.01919	0.14759	0.01547	0.02131	0.01602	0.01444	0.24878	0.05937	0.23385	0.02076	0.04173	0.01502	0.01176	0.05340	0.00284	0.03024	0.00699	0.00652	0.01108
5	0.01762	0.01692	0.02890	0.04371	0.70533	0.01692	0.02185	0.02185	0.01621	0.02326	0.01339	0.01762	0.01128	0.00634	0.00705	0.00211	0.00846	0.00634	0.00352	0.01128
6	0.01831	0.01559	0.01644	0.01461	0.01874	0.01799	0.01142	0.07908	0.65025	0.03075	0.02822	0.02596	0.02112	0.00959	0.00724	0.00240	0.00578	0.00795	0.00724	0.01132
7	0.01188	0.00845	0.01027	0.01060	0.01291	0.00801	0.00867	0.01565	0.06355	0.06543	0.07770	0.08870	0.29792	0.01751	0.00885	0.00275	0.00510	0.27223	0.00683	0.00701
8	0.01347	0.01023	0.01109	0.01109	0.01303	0.06019	0.00825	0.07273	0.01756	0.06711	0.10950	0.36438	0.12616	0.01752	0.00849	0.00260	0.00527	0.06750	0.00671	0.00713
9	0.01904	0.75404	0.03731	0.01218	0.01828	0.02818	0.01218	0.02132	0.01447	0.01675	0.00990	0.01142	0.00914	0.00609	0.00457	0.00152	0.00761	0.00381	0.00305	0.00914
10	0.01762	0.01692	0.02890	0.04371	0.70533	0.01692	0.02185	0.02185	0.01621	0.02326	0.01339	0.01762	0.01128	0.00634	0.00705	0.00211	0.00846	0.00634	0.00352	0.01128
11	0.01019	0.00683	0.00782	0.00798	0.00802	0.00679	0.00454	0.01031	0.01068	0.01424	0.02412	0.11658	0.02801	0.67687	0.03352	0.00650	0.00663	0.01135	0.00454	0.00446
12	0.03163	0.01263	0.01684	0.01291	0.01843	0.01122	0.01067	0.07690	0.02124	0.66686	0.02737	0.02377	0.01727	0.00880	0.00716	0.00220	0.00617	0.00711	0.00870	0.01212
13	0.03195	0.01212	0.01652	0.01267	0.01818	0.01047	0.01047	0.03470	0.02038	0.71026	0.02809	0.02424	0.01763	0.00881	0.00716	0.00220	0.00606	0.00716	0.00881	0.01212
14	0.01015	0.00733	0.00962	0.00918	0.01086	0.00680	0.00698	0.01351	0.01995	0.02816	0.66547	0.05467	0.06576	0.01484	0.00848	0.00230	0.00353	0.04793	0.00777	0.00671
15	0.61461	0.01324	0.01295	0.01102	0.01525	0.01474	0.06352	0.01995	0.01373	0.03067	0.11553	0.01854	0.01702	0.00777	0.00535	0.00223	0.00572	0.00561	0.00486	0.00772
16	0.00842	0.00721	0.00721	0.00721	0.00962	0.00601	0.00541	0.01022	0.01623	0.01924	0.07213	0.06853	0.70244	0.01803	0.00842	0.00240	0.00361	0.01503	0.00661	0.00601
17	0.00868	0.00620	0.00826	0.00991	0.01033	0.00578	0.00661	0.00991	0.01363	0.01818	0.03925	0.74510	0.04710	0.02231	0.00909	0.00289	0.00413	0.02024	0.00661	0.00578
18	0.01681	0.01921	0.04202	0.03001	0.03721	0.01801	0.67947	0.02281	0.01681	0.02281	0.01441	0.01921	0.01080	0.00600	0.00840	0.00240	0.01200	0.00840	0.00360	0.00960

[dist]
# distance from previous block
# <min> <max>
0	15

[block]
# block no. 5 follows, 29 sequences, length 11
# corresponding to MSA columns:
# 281-291
name=unknown_F
#
# <colnr> <probs for GDERKNQSTAVLIFYWHMCP>
#	G	D	E	R	K	N	Q	S	T	A	V	L	I	F	Y	W	H	M	C	P
0	0.38982	0.01630	0.10721	0.01220	0.01757	0.01433	0.01124	0.02602	0.07172	0.21816	0.01790	0.04084	0.01310	0.00801	0.00588	0.00225	0.00630	0.00585	0.00575	0.00955
1	0.00982	0.00725	0.01051	0.01091	0.01191	0.00806	0.00814	0.01193	0.01192	0.01680	0.02410	0.20216	0.02525	0.07787	0.51786	0.00917	0.01490	0.01080	0.00451	0.00613
2	0.01312	0.00952	0.01143	0.01148	0.01317	0.00972	0.00828	0.17226	0.01843	0.02463	0.03389	0.56914	0.03864	0.01898	0.00861	0.00271	0.00503	0.01690	0.00673	0.00731
3	0.02098	0.57660	0.03346	0.01320	0.01920	0.02670	0.01251	0.18091	0.01906	0.02355	0.01164	0.01279	0.00986	0.00669	0.00519	0.00167	0.00767	0.00444	0.00403	0.00986
4	0.01087	0.00877	0.01088	0.01106	0.01195	0.04275	0.00804	0.01256	0.01217	0.01651	0.02375	0.20341	0.02556	0.16784	0.36049	0.00773	0.04414	0.01096	0.00454	0.00600
5	0.08026	0.00861	0.01038	0.00933	0.01145	0.00825	0.00678	0.01711	0.01660	0.15145	0.31549	0.04235	0.04065	0.23236	0.01615	0.00362	0.00510	0.01031	0.00668	0.00709
6	0.02299	0.02688	0.01955	0.01924	0.07788	0.46163	0.01362	0.02948	0.18197	0.02086	0.01590	0.01721	0.01276	0.00980	0.03744	0.00241	0.01100	0.00570	0.00453	0.00916
7	0.01339	0.01197	0.01931	0.44412	0.14701	0.01385	0.01638	0.01690	0.01362	0.01797	0.01514	0.02543	0.01375	0.18649	0.01415	0.00343	0.00870	0.00730	0.00350	0.00760
8	0.01531	0.01494	0.01922	0.07176	0.29369	0.11025	0.01466	0.01825	0.01559	0.02028	0.02256	0.19619	0.05029	0.01472	0.06459	0.00303	0.00857	0.00995	0.02761	0.00855
9	0.03901	0.01105	0.03896	0.01263	0.01552	0.01034	0.07071	0.01601	0.03576	0.05217	0.18304	0.11271	0.19634	0.01426	0.00966	0.00248	0.07771	0.05945	0.00607	0.03610
10	0.01727	0.01625	0.05857	0.12636	0.18346	0.10797	0.01500	0.02117	0.04191	0.09771	0.02224	0.19607	0.02137	0.01133	0.00757	0.00237	0.00783	0.03158	0.00504	0.00894

[dist]
# distance from previous block
# <min> <max>
0	30

# created by:
# /st0/software/busco_prod/Augustus/scripts/msa2prfl.pl ./align_prep/154419.fa
