[name]
unknown

[dist]
# distance from previous block
# <min> <max>
10	29

[block]
# block no. 0 follows, 30 sequences, length 11
# corresponding to MSA columns:
# 39-49
name=unknown_A
#
# <colnr> <probs for GDERKNQSTAVLIFYWHMCP>
#	G	D	E	R	K	N	Q	S	T	A	V	L	I	F	Y	W	H	M	C	P
0	0.00986	0.00773	0.00997	0.00980	0.01105	0.00784	0.00731	0.01219	0.01652	0.02275	0.36184	0.23294	0.15040	0.01654	0.01000	0.00248	0.08361	0.01412	0.00669	0.00636
1	0.01588	0.22176	0.13939	0.23501	0.18467	0.01927	0.05082	0.02037	0.01469	0.01945	0.01193	0.01567	0.00959	0.00642	0.00628	0.00202	0.00885	0.00546	0.00314	0.00931
2	0.01572	0.30354	0.46626	0.01695	0.02565	0.02043	0.02066	0.02165	0.01453	0.02000	0.01148	0.01342	0.00888	0.00639	0.00583	0.00194	0.00926	0.00463	0.00296	0.00981
3	0.01025	0.08830	0.01161	0.00958	0.01113	0.00848	0.00693	0.01182	0.01399	0.01865	0.10179	0.45519	0.07195	0.08616	0.01056	0.00285	0.00464	0.01524	0.00587	0.05501
4	0.01076	0.00927	0.00916	0.00988	0.01072	0.08411	0.00661	0.01181	0.01355	0.01684	0.03465	0.44412	0.09880	0.18915	0.01471	0.00359	0.00555	0.01546	0.00565	0.00562
5	0.01508	0.30342	0.02358	0.01487	0.08586	0.03675	0.01141	0.01778	0.01580	0.02088	0.23737	0.02637	0.02809	0.01160	0.04220	0.00242	0.08649	0.00733	0.00462	0.00810
6	0.01993	0.30768	0.04327	0.01478	0.01889	0.28753	0.01269	0.02207	0.01585	0.01696	0.01372	0.01601	0.04428	0.01053	0.05201	0.00243	0.08465	0.00508	0.00344	0.00821
7	0.04604	0.07840	0.46164	0.01772	0.02618	0.01670	0.03824	0.09511	0.01727	0.09516	0.03415	0.01669	0.01166	0.00717	0.00657	0.00215	0.00905	0.00562	0.00417	0.01032
8	0.02130	0.09216	0.02014	0.01368	0.01941	0.01800	0.01138	0.36642	0.06149	0.03346	0.01526	0.01596	0.01159	0.00715	0.00614	0.00170	0.00672	0.00541	0.00566	0.26697
9	0.01469	0.01313	0.01705	0.01246	0.01815	0.01103	0.05802	0.01785	0.01426	0.02216	0.01223	0.01486	0.01025	0.00587	0.00704	0.00132	0.07404	0.00461	0.00399	0.66701
10	0.00935	0.00853	0.05956	0.00990	0.01106	0.00685	0.00739	0.01086	0.01271	0.01708	0.03327	0.46190	0.06893	0.19676	0.04906	0.00410	0.00582	0.01563	0.00556	0.00570

[dist]
# distance from previous block
# <min> <max>
15	48

[block]
# block no. 1 follows, 30 sequences, length 10
# corresponding to MSA columns:
# 98-107
name=unknown_B
#
# <colnr> <probs for GDERKNQSTAVLIFYWHMCP>
#	G	D	E	R	K	N	Q	S	T	A	V	L	I	F	Y	W	H	M	C	P
0	0.01684	0.01363	0.01898	0.15003	0.06358	0.01467	0.07407	0.23553	0.02071	0.02787	0.10183	0.10909	0.02307	0.08629	0.01038	0.00273	0.00735	0.00916	0.00549	0.00870
1	0.01432	0.01148	0.01269	0.01117	0.01365	0.04733	0.02501	0.13632	0.03806	0.02389	0.12777	0.14965	0.06288	0.20632	0.01482	0.00336	0.00606	0.01064	0.00574	0.07884
2	0.08475	0.01043	0.01114	0.01015	0.01315	0.01046	0.00788	0.12250	0.06986	0.02594	0.11589	0.13520	0.26495	0.01416	0.00759	0.00231	0.00475	0.03647	0.00643	0.04599
3	0.09578	0.07810	0.02171	0.01538	0.02095	0.02106	0.03531	0.53054	0.02829	0.03923	0.01533	0.01582	0.01115	0.00783	0.00652	0.00203	0.00752	0.00585	0.00621	0.03540
4	0.02310	0.01752	0.02036	0.01826	0.08589	0.10253	0.06652	0.13612	0.18939	0.19746	0.02080	0.02037	0.01493	0.00801	0.00694	0.00211	0.00758	0.00669	0.00626	0.04917
5	0.01106	0.00778	0.00982	0.00976	0.01138	0.00763	0.00714	0.01489	0.07809	0.05448	0.28405	0.24501	0.09398	0.05163	0.07734	0.00345	0.00545	0.01354	0.00672	0.00679
6	0.01477	0.08133	0.01580	0.01225	0.01503	0.01345	0.00995	0.17617	0.01739	0.02386	0.07267	0.02530	0.01918	0.03430	0.42755	0.00737	0.01374	0.00725	0.00477	0.00788
7	0.02357	0.01768	0.01953	0.01621	0.05314	0.01923	0.01248	0.53097	0.05967	0.03846	0.01737	0.01972	0.01341	0.07594	0.00948	0.00248	0.00740	0.00660	0.00642	0.05024
8	0.62500	0.01429	0.03973	0.01025	0.01453	0.01535	0.00869	0.08255	0.01371	0.03035	0.01072	0.01290	0.00844	0.00832	0.00680	0.07618	0.00587	0.00428	0.00439	0.00765
9	0.01720	0.01351	0.01558	0.01135	0.01741	0.01131	0.00916	0.12509	0.01765	0.05943	0.01382	0.01528	0.01091	0.00585	0.00555	0.00126	0.00560	0.00461	0.00480	0.63462

[dist]
# distance from previous block
# <min> <max>
2	5

[block]
# block no. 2 follows, 30 sequences, length 9
# corresponding to MSA columns:
# 113-121
name=unknown_C
#
# <colnr> <probs for GDERKNQSTAVLIFYWHMCP>
#	G	D	E	R	K	N	Q	S	T	A	V	L	I	F	Y	W	H	M	C	P
0	0.01648	0.12698	0.16473	0.02145	0.04463	0.04522	0.26942	0.04307	0.06894	0.02228	0.04027	0.04595	0.01415	0.00761	0.00775	0.00221	0.03826	0.00723	0.00397	0.00940
1	0.01848	0.65713	0.03372	0.01225	0.01794	0.02621	0.01182	0.02311	0.10785	0.01817	0.01226	0.01323	0.01065	0.00645	0.00484	0.00161	0.00720	0.00430	0.00355	0.00924
2	0.00905	0.00728	0.00793	0.00791	0.00986	0.00650	0.00577	0.01159	0.04237	0.02034	0.17299	0.12026	0.46129	0.07316	0.01033	0.00271	0.00386	0.01419	0.00654	0.00607
3	0.07780	0.07640	0.50214	0.01736	0.02605	0.01614	0.02091	0.02401	0.03951	0.11485	0.01468	0.01584	0.01031	0.00694	0.00638	0.00216	0.00900	0.00530	0.00396	0.01025
4	0.02363	0.08721	0.02228	0.01900	0.09002	0.26148	0.01397	0.26396	0.07144	0.02811	0.01425	0.01550	0.01111	0.00779	0.00721	0.00200	0.04049	0.00555	0.00497	0.01001
5	0.12524	0.15319	0.01878	0.01164	0.01672	0.01395	0.00995	0.02823	0.01783	0.44446	0.07360	0.02196	0.01816	0.00829	0.00629	0.00204	0.00596	0.00641	0.00695	0.01037
6	0.01118	0.00803	0.00988	0.01035	0.01150	0.00800	0.00722	0.10276	0.01608	0.02156	0.06919	0.55238	0.04070	0.08286	0.01090	0.00304	0.00474	0.01677	0.00642	0.00644
7	0.02303	0.01542	0.01835	0.11319	0.02288	0.01666	0.01255	0.38754	0.02563	0.15040	0.07237	0.04979	0.01832	0.03181	0.00802	0.00231	0.00710	0.00752	0.00668	0.01043
8	0.01550	0.06729	0.01441	0.01173	0.01457	0.01194	0.00947	0.11986	0.07766	0.07905	0.16607	0.11201	0.04842	0.06057	0.02819	0.00292	0.00599	0.13974	0.00653	0.00807

[dist]
# distance from previous block
# <min> <max>
11	19

[block]
# block no. 3 follows, 30 sequences, length 9
# corresponding to MSA columns:
# 142-150
name=unknown_D
#
# <colnr> <probs for GDERKNQSTAVLIFYWHMCP>
#	G	D	E	R	K	N	Q	S	T	A	V	L	I	F	Y	W	H	M	C	P
0	0.05768	0.01252	0.01922	0.45159	0.03610	0.01463	0.06181	0.01988	0.10807	0.02055	0.02114	0.05100	0.07955	0.00879	0.00713	0.00235	0.00799	0.00776	0.00420	0.00805
1	0.01533	0.01385	0.01244	0.02961	0.01461	0.14616	0.00860	0.05360	0.09594	0.05144	0.12283	0.09685	0.15769	0.13586	0.01217	0.00298	0.00650	0.01037	0.00582	0.00732
2	0.02188	0.09770	0.01973	0.01361	0.01864	0.01790	0.01123	0.39649	0.02486	0.06942	0.01899	0.06804	0.03205	0.04114	0.00786	0.00214	0.00683	0.00704	0.00607	0.11838
3	0.11859	0.03653	0.01084	0.03301	0.01307	0.00974	0.00769	0.05987	0.03084	0.02282	0.08872	0.25668	0.22643	0.01564	0.00768	0.00245	0.00471	0.04178	0.00608	0.00682
4	0.01041	0.00802	0.01120	0.01360	0.08754	0.00806	0.00854	0.01203	0.01352	0.01837	0.06866	0.40665	0.03731	0.15416	0.01427	0.00348	0.03950	0.07284	0.00563	0.00621
5	0.07089	0.11231	0.47091	0.01872	0.02718	0.09565	0.06727	0.02251	0.01515	0.02158	0.01194	0.01416	0.00890	0.00656	0.00631	0.00209	0.01001	0.00504	0.00316	0.00967
6	0.04685	0.01239	0.01989	0.53847	0.12638	0.01459	0.01759	0.01754	0.01432	0.01915	0.01879	0.02347	0.08632	0.00804	0.00699	0.00229	0.00837	0.00704	0.00357	0.00796
7	0.47355	0.05065	0.06445	0.01124	0.01569	0.04726	0.00974	0.09324	0.04107	0.02867	0.01280	0.01656	0.01074	0.08910	0.00841	0.00262	0.00657	0.00504	0.00451	0.00808
8	0.01145	0.00839	0.01021	0.01061	0.01192	0.00854	0.00752	0.07691	0.08289	0.02162	0.07336	0.47950	0.03903	0.07216	0.01097	0.02509	0.00481	0.03196	0.00640	0.00668

[dist]
# distance from previous block
# <min> <max>
2	15

[block]
# block no. 4 follows, 30 sequences, length 10
# corresponding to MSA columns:
# 166-175
name=unknown_E
#
# <colnr> <probs for GDERKNQSTAVLIFYWHMCP>
#	G	D	E	R	K	N	Q	S	T	A	V	L	I	F	Y	W	H	M	C	P
0	0.01393	0.04616	0.04946	0.01948	0.16348	0.01399	0.04209	0.03800	0.06722	0.02279	0.15212	0.05212	0.13562	0.01151	0.00994	0.00236	0.12087	0.02528	0.00515	0.00844
1	0.01686	0.11748	0.39372	0.01655	0.02393	0.07846	0.01867	0.05091	0.01669	0.07499	0.07865	0.05057	0.01654	0.00820	0.00663	0.00210	0.00880	0.00645	0.00421	0.00959
2	0.02320	0.17991	0.02312	0.01573	0.01981	0.28466	0.01290	0.10965	0.05523	0.09274	0.01376	0.01504	0.01088	0.00801	0.00830	0.00200	0.10609	0.00521	0.00453	0.00924
3	0.01650	0.01579	0.02693	0.17379	0.58629	0.01638	0.02103	0.02074	0.01552	0.02186	0.01299	0.01752	0.01072	0.00636	0.00692	0.00212	0.00848	0.00621	0.00339	0.01043
4	0.01075	0.00864	0.01135	0.01126	0.01252	0.04262	0.00861	0.01302	0.01154	0.01604	0.01857	0.02810	0.01765	0.10356	0.64039	0.01043	0.01750	0.00754	0.00377	0.00617
5	0.01747	0.01484	0.01573	0.01403	0.01794	0.01704	0.01094	0.07008	0.62976	0.02991	0.06169	0.02685	0.02303	0.00965	0.00715	0.00234	0.00552	0.00804	0.00712	0.01087
6	0.00848	0.00615	0.00802	0.00952	0.01007	0.00568	0.00639	0.00974	0.01355	0.01789	0.04087	0.69909	0.09571	0.02155	0.00886	0.00280	0.00401	0.01946	0.00648	0.00568
7	0.01601	0.01530	0.02605	0.25661	0.50728	0.01625	0.02079	0.02031	0.01529	0.02127	0.01290	0.01768	0.01051	0.00645	0.00693	0.00215	0.00860	0.00621	0.00335	0.01004
8	0.00883	0.00700	0.00793	0.00789	0.00983	0.00611	0.00585	0.01107	0.01700	0.02189	0.28647	0.12201	0.42964	0.01687	0.00830	0.00234	0.00350	0.01445	0.00689	0.00611
9	0.01699	0.01653	0.02891	0.07890	0.62451	0.01660	0.07186	0.02130	0.01583	0.02250	0.01316	0.01746	0.01092	0.00623	0.00701	0.00211	0.00861	0.00637	0.00344	0.01075

[dist]
# distance from previous block
# <min> <max>
4	6

[block]
# block no. 5 follows, 30 sequences, length 22
# corresponding to MSA columns:
# 182-203
name=unknown_F
#
# <colnr> <probs for GDERKNQSTAVLIFYWHMCP>
#	G	D	E	R	K	N	Q	S	T	A	V	L	I	F	Y	W	H	M	C	P
0	0.01122	0.00826	0.01100	0.01223	0.01398	0.00827	0.01043	0.01522	0.05612	0.02136	0.06376	0.09998	0.09028	0.01850	0.00931	0.00305	0.00595	0.52794	0.00652	0.00663
1	0.09884	0.01347	0.01567	0.01245	0.01739	0.03751	0.01017	0.10408	0.06012	0.47084	0.02388	0.02173	0.01577	0.00838	0.00661	0.00212	0.00612	0.00657	0.05732	0.01096
2	0.01866	0.75896	0.03657	0.01194	0.01791	0.02761	0.01194	0.02090	0.01418	0.01642	0.00970	0.01119	0.00896	0.00597	0.00448	0.00149	0.00746	0.00373	0.00299	0.00896
3	0.01866	0.75896	0.03657	0.01194	0.01791	0.02761	0.01194	0.02090	0.01418	0.01642	0.00970	0.01119	0.00896	0.00597	0.00448	0.00149	0.00746	0.00373	0.00299	0.00896
4	0.80405	0.01350	0.01026	0.00918	0.01350	0.01565	0.00756	0.02051	0.01188	0.03131	0.00972	0.01134	0.00756	0.00648	0.00432	0.00216	0.00540	0.00378	0.00432	0.00756
5	0.00997	0.00748	0.01121	0.01121	0.01246	0.00872	0.00872	0.01246	0.01121	0.01620	0.01869	0.02741	0.01745	0.05234	0.72710	0.01121	0.01869	0.00748	0.00374	0.00623
6	0.01727	0.01658	0.02832	0.04283	0.71123	0.01658	0.02142	0.02142	0.01589	0.02280	0.01313	0.01727	0.01105	0.00622	0.00691	0.00207	0.00829	0.00622	0.00345	0.01105
7	0.01212	0.00606	0.00909	0.00909	0.00909	0.00606	0.00606	0.00909	0.00909	0.01212	0.01212	0.02121	0.01212	0.02424	0.02727	0.79697	0.00606	0.00606	0.00303	0.00303
8	0.01318	0.01240	0.02093	0.73798	0.04806	0.01550	0.01938	0.01783	0.01395	0.01783	0.01240	0.01860	0.00930	0.00698	0.00698	0.00233	0.00930	0.00620	0.00310	0.00775
9	0.01727	0.01658	0.02832	0.04283	0.71123	0.01658	0.02142	0.02142	0.01589	0.02280	0.01313	0.01727	0.01105	0.00622	0.00691	0.00207	0.00829	0.00622	0.00345	0.01105
10	0.00997	0.00748	0.01121	0.01121	0.01246	0.00872	0.00872	0.01246	0.01121	0.01620	0.01869	0.02741	0.01745	0.05234	0.72710	0.01121	0.01869	0.00748	0.00374	0.00623
11	0.80405	0.01350	0.01026	0.00918	0.01350	0.01565	0.00756	0.02051	0.01188	0.03131	0.00972	0.01134	0.00756	0.00648	0.00432	0.00216	0.00540	0.00378	0.00432	0.00756
12	0.01647	0.01882	0.04118	0.02941	0.03647	0.01765	0.68588	0.02235	0.01647	0.02235	0.01412	0.01882	0.01059	0.00588	0.00824	0.00235	0.01176	0.00824	0.00353	0.00941
13	0.01727	0.01658	0.02832	0.04283	0.71123	0.01658	0.02142	0.02142	0.01589	0.02280	0.01313	0.01727	0.01105	0.00622	0.00691	0.00207	0.00829	0.00622	0.00345	0.01105
14	0.02600	0.01860	0.02009	0.01548	0.02091	0.02036	0.01276	0.62394	0.03140	0.07891	0.01964	0.01928	0.04194	0.00879	0.00704	0.00211	0.00741	0.00668	0.00705	0.01161
15	0.00825	0.00707	0.00707	0.00707	0.00943	0.00589	0.00530	0.01001	0.01591	0.01885	0.07069	0.06716	0.70839	0.01767	0.00825	0.00236	0.00353	0.01473	0.00648	0.00589
16	0.01727	0.01658	0.02832	0.04283	0.71123	0.01658	0.02142	0.02142	0.01589	0.02280	0.01313	0.01727	0.01105	0.00622	0.00691	0.00207	0.00829	0.00622	0.00345	0.01105
17	0.02607	0.03326	0.01978	0.01798	0.02157	0.72674	0.01348	0.02787	0.01978	0.01708	0.01079	0.01258	0.00899	0.00719	0.00629	0.00180	0.01258	0.00449	0.00360	0.00809
18	0.02653	0.01955	0.02094	0.01606	0.02164	0.02164	0.01326	0.68796	0.03281	0.04398	0.01675	0.01675	0.01187	0.00838	0.00698	0.00209	0.00768	0.00628	0.00698	0.01187
19	0.01638	0.01292	0.01507	0.01090	0.01700	0.01030	0.00877	0.06992	0.01620	0.06504	0.01362	0.01519	0.01086	0.00562	0.00542	0.00118	0.00541	0.00447	0.00462	0.69113
20	0.02151	0.02588	0.01760	0.01618	0.01895	0.51100	0.01222	0.02337	0.01713	0.01674	0.01279	0.01711	0.01140	0.04601	0.15880	0.00402	0.05271	0.00542	0.00362	0.00753
21	0.01447	0.01240	0.01447	0.01034	0.01654	0.00930	0.00827	0.01757	0.01447	0.02274	0.01240	0.01447	0.01034	0.00517	0.00517	0.00103	0.00517	0.00413	0.00413	0.79742

[dist]
# distance from previous block
# <min> <max>
0	1

[block]
# block no. 6 follows, 30 sequences, length 48
# corresponding to MSA columns:
# 205-252
name=unknown_G
#
# <colnr> <probs for GDERKNQSTAVLIFYWHMCP>
#	G	D	E	R	K	N	Q	S	T	A	V	L	I	F	Y	W	H	M	C	P
0	0.01318	0.01240	0.02093	0.73798	0.04806	0.01550	0.01938	0.01783	0.01395	0.01783	0.01240	0.01860	0.00930	0.00698	0.00698	0.00233	0.00930	0.00620	0.00310	0.00775
1	0.02653	0.01955	0.02094	0.01606	0.02164	0.02164	0.01326	0.68796	0.03281	0.04398	0.01675	0.01675	0.01187	0.00838	0.00698	0.00209	0.00768	0.00628	0.00698	0.01187
2	0.00997	0.00748	0.01121	0.01121	0.01246	0.00872	0.00872	0.01246	0.01121	0.01620	0.01869	0.02741	0.01745	0.05234	0.72710	0.01121	0.01869	0.00748	0.00374	0.00623
3	0.00998	0.00744	0.01103	0.01103	0.01221	0.00862	0.00849	0.01234	0.01116	0.01606	0.01886	0.02834	0.01785	0.08803	0.69196	0.01099	0.01809	0.00761	0.00376	0.00613
4	0.01571	0.01498	0.02550	0.30861	0.45768	0.01617	0.02064	0.02004	0.01515	0.02090	0.01285	0.01778	0.01038	0.00651	0.00693	0.00217	0.00868	0.00621	0.00332	0.00979
5	0.01301	0.00650	0.00650	0.00650	0.00813	0.00650	0.00488	0.01626	0.01463	0.02602	0.02276	0.02602	0.01789	0.00813	0.00488	0.00163	0.00325	0.00650	0.79350	0.00650
6	0.01769	0.01516	0.01597	0.01427	0.01827	0.01751	0.01113	0.06078	0.67437	0.02973	0.02798	0.02570	0.02096	0.00943	0.00710	0.00236	0.00560	0.00783	0.00710	0.01108
7	0.02607	0.03326	0.01978	0.01798	0.02157	0.72674	0.01348	0.02787	0.01978	0.01708	0.01079	0.01258	0.00899	0.00719	0.00629	0.00180	0.01258	0.00449	0.00360	0.00809
8	0.01508	0.01277	0.01480	0.01063	0.01680	0.00993	0.00852	0.05164	0.01540	0.02382	0.01262	0.01459	0.01041	0.00533	0.00526	0.00109	0.00530	0.00424	0.00428	0.75750
9	0.01229	0.01147	0.01821	0.56489	0.03925	0.01384	0.01644	0.01625	0.01421	0.01799	0.02377	0.02805	0.14717	0.00930	0.00787	0.00236	0.03763	0.00788	0.00377	0.00738
10	0.01301	0.00650	0.00650	0.00650	0.00813	0.00650	0.00488	0.01626	0.01463	0.02602	0.02276	0.02602	0.01789	0.00813	0.00488	0.00163	0.00325	0.00650	0.79350	0.00650
11	0.24024	0.02242	0.01762	0.01480	0.01938	0.25345	0.01177	0.28581	0.02274	0.03159	0.01284	0.01388	0.00973	0.00746	0.00602	0.00201	0.00868	0.00500	0.00513	0.00943
12	0.03131	0.01188	0.01619	0.01242	0.01781	0.01026	0.01026	0.03401	0.01997	0.71606	0.02753	0.02375	0.01727	0.00864	0.00702	0.00216	0.00594	0.00702	0.00864	0.01188
13	0.01727	0.01658	0.02832	0.04283	0.71123	0.01658	0.02142	0.02142	0.01589	0.02280	0.01313	0.01727	0.01105	0.00622	0.00691	0.00207	0.00829	0.00622	0.00345	0.01105
14	0.01727	0.01658	0.02832	0.04283	0.71123	0.01658	0.02142	0.02142	0.01589	0.02280	0.01313	0.01727	0.01105	0.00622	0.00691	0.00207	0.00829	0.00622	0.00345	0.01105
15	0.01642	0.01867	0.04035	0.02895	0.03571	0.01780	0.65786	0.02212	0.01623	0.02212	0.01391	0.01867	0.01053	0.00615	0.00885	0.00238	0.04228	0.00815	0.00351	0.00934
16	0.00988	0.00713	0.00933	0.00878	0.01043	0.00658	0.00658	0.01317	0.01975	0.02798	0.70754	0.05213	0.06584	0.01427	0.00823	0.00219	0.00329	0.01262	0.00768	0.00658
17	0.01400	0.03610	0.71860	0.01989	0.03020	0.01621	0.02578	0.02210	0.01473	0.02210	0.01252	0.01473	0.00884	0.00663	0.00663	0.00221	0.01031	0.00516	0.00295	0.01031
18	0.01351	0.01274	0.02152	0.68241	0.10108	0.01559	0.01954	0.01812	0.01411	0.01823	0.01246	0.01850	0.00944	0.00692	0.00697	0.00231	0.00922	0.00620	0.00313	0.00802
19	0.02653	0.01955	0.02094	0.01606	0.02164	0.02164	0.01326	0.68796	0.03281	0.04398	0.01675	0.01675	0.01187	0.00838	0.00698	0.00209	0.00768	0.00628	0.00698	0.01187
20	0.06355	0.01427	0.01481	0.09504	0.01939	0.05794	0.01055	0.24736	0.04904	0.02889	0.05477	0.03440	0.23876	0.01126	0.00718	0.00219	0.00635	0.00901	0.02657	0.00864
21	0.01727	0.48402	0.27365	0.01490	0.02231	0.04589	0.01681	0.02154	0.01455	0.01842	0.01072	0.01247	0.00892	0.00624	0.00529	0.00175	0.00862	0.00425	0.00299	0.00940
22	0.01706	0.51189	0.26968	0.01466	0.02211	0.02371	0.01667	0.02131	0.01437	0.01836	0.01067	0.01240	0.00892	0.00620	0.00521	0.00174	0.00844	0.00422	0.00297	0.00942
23	0.01626	0.01329	0.01678	0.01210	0.01828	0.01074	0.05395	0.06389	0.01611	0.05883	0.01357	0.01538	0.01080	0.00561	0.00559	0.00125	0.00582	0.00470	0.00451	0.65257
24	0.02003	0.48497	0.08465	0.01496	0.02073	0.19991	0.04850	0.02279	0.01573	0.01732	0.01042	0.01221	0.00904	0.00632	0.00529	0.00167	0.00918	0.00426	0.00316	0.00887
25	0.01768	0.01515	0.01596	0.01427	0.01827	0.01751	0.01112	0.06001	0.67517	0.02971	0.02799	0.02571	0.02097	0.00943	0.00710	0.00236	0.00560	0.00783	0.00710	0.01107
26	0.00912	0.00653	0.00857	0.00947	0.01003	0.00651	0.00641	0.01036	0.01237	0.01665	0.03243	0.43362	0.06280	0.18016	0.15606	0.00529	0.00748	0.01518	0.00547	0.00549
27	0.00841	0.00702	0.00733	0.00737	0.00956	0.00594	0.00548	0.01030	0.01613	0.01965	0.12878	0.10134	0.61358	0.01757	0.00828	0.00237	0.00354	0.01480	0.00659	0.00594
28	0.00836	0.00707	0.00722	0.00719	0.00949	0.00594	0.00539	0.01023	0.01617	0.01948	0.11446	0.06612	0.66424	0.01744	0.00825	0.00235	0.00352	0.01458	0.00656	0.00594
29	0.01736	0.01499	0.01578	0.01420	0.01815	0.01736	0.01105	0.03708	0.69862	0.02919	0.02840	0.02604	0.02130	0.00947	0.00710	0.00237	0.00552	0.00789	0.00710	0.01105
30	0.00997	0.00748	0.01121	0.01121	0.01246	0.00872	0.00872	0.01246	0.01121	0.01620	0.01869	0.02741	0.01745	0.05234	0.72710	0.01121	0.01869	0.00748	0.00374	0.00623
31	0.01400	0.03610	0.71860	0.01989	0.03020	0.01621	0.02578	0.02210	0.01473	0.02210	0.01252	0.01473	0.00884	0.00663	0.00663	0.00221	0.01031	0.00516	0.00295	0.01031
32	0.80405	0.01350	0.01026	0.00918	0.01350	0.01565	0.00756	0.02051	0.01188	0.03131	0.00972	0.01134	0.00756	0.00648	0.00432	0.00216	0.00540	0.00378	0.00432	0.00756
33	0.00883	0.00621	0.00800	0.00930	0.00963	0.00588	0.00603	0.00980	0.01273	0.01697	0.03521	0.61125	0.04205	0.16641	0.01416	0.00361	0.00458	0.01793	0.00603	0.00538
34	0.01527	0.01527	0.02137	0.01832	0.01832	0.02137	0.01527	0.01679	0.01069	0.01679	0.00916	0.01527	0.00916	0.01221	0.02290	0.00305	0.74198	0.00611	0.00305	0.00763
35	0.00869	0.00615	0.00804	0.00948	0.00984	0.00579	0.00622	0.00977	0.01300	0.01733	0.03659	0.67036	0.04380	0.10491	0.01192	0.00328	0.00436	0.01874	0.00622	0.00550
36	0.01527	0.01527	0.02137	0.01832	0.01832	0.02137	0.01527	0.01679	0.01069	0.01679	0.00916	0.01527	0.00916	0.01221	0.02290	0.00305	0.74198	0.00611	0.00305	0.00763
37	0.01012	0.00687	0.00814	0.00814	0.00833	0.00705	0.00489	0.01049	0.01031	0.01393	0.02150	0.04297	0.02420	0.65084	0.13783	0.00742	0.00853	0.00975	0.00416	0.00452
38	0.02533	0.01321	0.01568	0.01288	0.01754	0.04213	0.01039	0.03235	0.19124	0.43518	0.06097	0.02692	0.02097	0.00934	0.00711	0.00220	0.00598	0.03008	0.00779	0.03270
39	0.01041	0.04505	0.01236	0.01113	0.01257	0.00960	0.00873	0.01280	0.01133	0.01612	0.01836	0.02723	0.01729	0.07424	0.66710	0.01058	0.01772	0.00738	0.00372	0.00630
40	0.01447	0.01240	0.01447	0.01034	0.01654	0.00930	0.00827	0.01757	0.01447	0.02274	0.01240	0.01447	0.01034	0.00517	0.00517	0.00103	0.00517	0.00413	0.00413	0.79742
41	0.01057	0.00739	0.00927	0.00911	0.00958	0.00806	0.00612	0.01158	0.01080	0.01535	0.02044	0.03753	0.02175	0.46443	0.22788	0.00746	0.04820	0.00892	0.06044	0.00513
42	0.01066	0.00740	0.00838	0.00827	0.00887	0.00735	0.00512	0.04554	0.01254	0.01661	0.05649	0.11787	0.08521	0.54873	0.02790	0.00556	0.00612	0.01142	0.00493	0.00501
43	0.01304	0.01000	0.01219	0.01229	0.04130	0.01005	0.00866	0.06310	0.11461	0.04014	0.03107	0.32403	0.07040	0.07646	0.01056	0.00279	0.02573	0.03541	0.00600	0.09219
44	0.01131	0.00871	0.01056	0.01027	0.01254	0.00799	0.00760	0.04750	0.04389	0.02136	0.07179	0.36123	0.09055	0.04176	0.00889	0.00252	0.00472	0.06893	0.00606	0.16183
45	0.19112	0.24984	0.04815	0.01402	0.04089	0.16092	0.01172	0.06981	0.03528	0.02295	0.01275	0.04979	0.01121	0.00738	0.00548	0.00186	0.00784	0.00515	0.00405	0.04979
46	0.01821	0.01699	0.02618	0.04485	0.07468	0.05538	0.24247	0.08932	0.04651	0.06043	0.01472	0.01742	0.01129	0.00664	0.00757	0.00195	0.03930	0.00638	0.00442	0.21529
47	0.01774	0.05324	0.05475	0.01401	0.01937	0.04065	0.04899	0.06743	0.25005	0.06584	0.04097	0.02032	0.01616	0.00755	0.00640	0.00184	0.00645	0.00626	0.00552	0.25645

[dist]
# distance from previous block
# <min> <max>
2	9

[block]
# block no. 7 follows, 30 sequences, length 9
# corresponding to MSA columns:
# 262-270
name=unknown_H
#
# <colnr> <probs for GDERKNQSTAVLIFYWHMCP>
#	G	D	E	R	K	N	Q	S	T	A	V	L	I	F	Y	W	H	M	C	P
0	0.01525	0.01279	0.01460	0.01126	0.01659	0.01117	0.00890	0.06063	0.13452	0.02517	0.04755	0.04759	0.01624	0.00718	0.00590	0.00145	0.00525	0.00592	0.00507	0.54695
1	0.01717	0.01679	0.01455	0.01342	0.01656	0.18175	0.01032	0.06938	0.24961	0.02471	0.10666	0.08332	0.10169	0.01179	0.00744	0.00228	0.00682	0.05089	0.00617	0.00866
2	0.01728	0.01643	0.02713	0.04010	0.64506	0.01665	0.02043	0.02291	0.08106	0.02341	0.01458	0.01811	0.01203	0.00653	0.00693	0.00210	0.00803	0.00638	0.00380	0.01105
3	0.01727	0.01658	0.02832	0.04283	0.71123	0.01658	0.02142	0.02142	0.01589	0.02280	0.01313	0.01727	0.01105	0.00622	0.00691	0.00207	0.00829	0.00622	0.00345	0.01105
4	0.01679	0.01246	0.01517	0.08059	0.01935	0.01126	0.00983	0.08485	0.05449	0.09547	0.01753	0.06707	0.01491	0.04874	0.00774	0.00189	0.00592	0.00642	0.00510	0.42440
5	0.01664	0.01594	0.02719	0.14982	0.60916	0.01641	0.02110	0.02086	0.01559	0.02203	0.01301	0.01748	0.01078	0.00633	0.00692	0.00211	0.00845	0.00622	0.00340	0.01055
6	0.06654	0.01348	0.01739	0.11857	0.21186	0.05795	0.01327	0.01906	0.07338	0.02205	0.06164	0.10871	0.10972	0.01031	0.00707	0.00217	0.00667	0.00894	0.00480	0.06641
7	0.01843	0.01334	0.01631	0.01564	0.07645	0.01425	0.01128	0.07505	0.25730	0.14041	0.02738	0.09864	0.06815	0.01075	0.00855	0.00230	0.06855	0.00877	0.00638	0.06206
8	0.05199	0.05861	0.01860	0.01695	0.08832	0.20106	0.01211	0.10262	0.11298	0.05839	0.02166	0.05143	0.07830	0.00916	0.00724	0.00205	0.03506	0.00702	0.00512	0.06135

[dist]
# distance from previous block
# <min> <max>
15	56

[block]
# block no. 8 follows, 30 sequences, length 12
# corresponding to MSA columns:
# 328-339
name=unknown_I
#
# <colnr> <probs for GDERKNQSTAVLIFYWHMCP>
#	G	D	E	R	K	N	Q	S	T	A	V	L	I	F	Y	W	H	M	C	P
0	0.15010	0.05487	0.19457	0.01900	0.08299	0.01513	0.12833	0.02057	0.01509	0.04902	0.06072	0.02200	0.01545	0.00789	0.00711	0.00218	0.02945	0.05014	0.00418	0.07121
1	0.13128	0.04125	0.16916	0.06391	0.04052	0.06220	0.07637	0.06727	0.01640	0.07045	0.01793	0.04733	0.03101	0.00831	0.00646	0.00215	0.00780	0.03084	0.10052	0.00881
2	0.03648	0.01013	0.01351	0.13581	0.01967	0.01052	0.01080	0.01592	0.04139	0.02132	0.10657	0.10445	0.05622	0.03590	0.00952	0.00251	0.05521	0.15961	0.00527	0.14919
3	0.34442	0.01583	0.01787	0.05860	0.02069	0.07719	0.11243	0.08398	0.01650	0.08583	0.03929	0.01678	0.01214	0.00715	0.00592	0.00211	0.00732	0.00562	0.03712	0.03320
4	0.07451	0.01753	0.04798	0.04167	0.02332	0.01728	0.11196	0.31662	0.04968	0.09318	0.01634	0.01732	0.01180	0.00736	0.00672	0.00201	0.00769	0.00617	0.00574	0.12512
5	0.01577	0.01862	0.06934	0.02719	0.03366	0.01693	0.58199	0.02126	0.01594	0.02181	0.01547	0.06749	0.01283	0.00725	0.00882	0.00241	0.04163	0.00878	0.00368	0.00913
6	0.80405	0.01350	0.01026	0.00918	0.01350	0.01565	0.00756	0.02051	0.01188	0.03131	0.00972	0.01134	0.00756	0.00648	0.00432	0.00216	0.00540	0.00378	0.00432	0.00756
7	0.00850	0.00607	0.00810	0.00972	0.01012	0.00567	0.00648	0.00972	0.01336	0.01781	0.03846	0.75020	0.04615	0.02186	0.00891	0.00283	0.00405	0.01984	0.00648	0.00567
8	0.00850	0.00607	0.00810	0.00972	0.01012	0.00567	0.00648	0.00972	0.01336	0.01781	0.03846	0.75020	0.04615	0.02186	0.00891	0.00283	0.00405	0.01984	0.00648	0.00567
9	0.01421	0.03459	0.65949	0.02072	0.03075	0.01633	0.08338	0.02212	0.01488	0.02212	0.01266	0.01509	0.00899	0.00656	0.00677	0.00222	0.01044	0.00543	0.00300	0.01023
10	0.01866	0.75896	0.03657	0.01194	0.01791	0.02761	0.01194	0.02090	0.01418	0.01642	0.00970	0.01119	0.00896	0.00597	0.00448	0.00149	0.00746	0.00373	0.00299	0.00896
11	0.01032	0.00748	0.00995	0.01028	0.01195	0.00711	0.00834	0.01350	0.01810	0.02470	0.41011	0.06336	0.09115	0.01641	0.00878	0.00260	0.00453	0.26771	0.00712	0.00648

[dist]
# distance from previous block
# <min> <max>
0	1

[block]
# block no. 9 follows, 30 sequences, length 11
# corresponding to MSA columns:
# 341-351
name=unknown_J
#
# <colnr> <probs for GDERKNQSTAVLIFYWHMCP>
#	G	D	E	R	K	N	Q	S	T	A	V	L	I	F	Y	W	H	M	C	P
0	0.01678	0.00870	0.01164	0.01022	0.01305	0.00785	0.00808	0.01988	0.01957	0.24598	0.44473	0.04498	0.04863	0.01283	0.00794	0.00225	0.00435	0.05640	0.00790	0.00825
1	0.01447	0.01240	0.01447	0.01034	0.01654	0.00930	0.00827	0.01757	0.01447	0.02274	0.01240	0.01447	0.01034	0.00517	0.00517	0.00103	0.00517	0.00413	0.00413	0.79742
2	0.01663	0.00820	0.01080	0.01015	0.01206	0.00757	0.00732	0.01774	0.01441	0.23810	0.02837	0.23840	0.02834	0.20608	0.01679	0.07308	0.00565	0.04694	0.00628	0.00708
3	0.01118	0.00864	0.01273	0.01373	0.03945	0.00839	0.04687	0.01433	0.01623	0.02128	0.09625	0.10865	0.10361	0.01765	0.00917	0.00293	0.00610	0.44988	0.00628	0.00667
4	0.01148	0.00994	0.01305	0.01590	0.16231	0.00952	0.00965	0.01592	0.08589	0.02277	0.19450	0.04889	0.34620	0.01361	0.00784	0.00226	0.00471	0.01173	0.00615	0.00768
5	0.01650	0.01722	0.01972	0.45811	0.03711	0.17075	0.01649	0.02191	0.08298	0.01913	0.01363	0.01773	0.01049	0.00714	0.00671	0.00212	0.00936	0.00585	0.00368	0.06336
6	0.02087	0.02458	0.01742	0.01711	0.06634	0.44997	0.01213	0.02475	0.08619	0.01998	0.09028	0.02465	0.09819	0.00930	0.00684	0.00198	0.00959	0.00697	0.00468	0.00818
7	0.01417	0.01204	0.01397	0.01067	0.01607	0.00976	0.00837	0.01877	0.08364	0.02291	0.01660	0.08841	0.01499	0.00725	0.00573	0.00135	0.00509	0.00607	0.00467	0.63948
8	0.02127	0.01500	0.01697	0.01422	0.01835	0.03825	0.03140	0.22254	0.22065	0.14765	0.02471	0.09187	0.02029	0.05001	0.00883	0.00254	0.00661	0.03173	0.00687	0.01026
9	0.03208	0.01554	0.01788	0.20350	0.11721	0.12892	0.01413	0.05521	0.03999	0.02088	0.02309	0.05522	0.09992	0.01160	0.03343	0.00258	0.03320	0.05769	0.00445	0.03350
10	0.06248	0.09084	0.09165	0.01842	0.08628	0.20674	0.01465	0.09467	0.03200	0.04450	0.01494	0.01869	0.02682	0.01007	0.03424	0.00248	0.10733	0.02999	0.00420	0.00901

[dist]
# distance from previous block
# <min> <max>
6	59

# created by:
# /st0/software/busco_prod/Augustus/scripts/msa2prfl.pl ./align_prep/154467.fa
