[name]
unknown

[dist]
# distance from previous block
# <min> <max>
8	167

[block]
# block no. 0 follows, 30 sequences, length 48
# corresponding to MSA columns:
# 186-233
name=unknown_A
#
# <colnr> <probs for GDERKNQSTAVLIFYWHMCP>
#	G	D	E	R	K	N	Q	S	T	A	V	L	I	F	Y	W	H	M	C	P
0	0.07915	0.13378	0.36192	0.07853	0.09075	0.03737	0.01972	0.02256	0.01506	0.08053	0.01316	0.01521	0.00972	0.00670	0.00621	0.00208	0.00893	0.00516	0.00362	0.00983
1	0.04199	0.11887	0.59258	0.01933	0.04998	0.01753	0.02340	0.02188	0.01461	0.02178	0.01212	0.01428	0.00888	0.00653	0.00631	0.00212	0.00975	0.00498	0.00301	0.01008
2	0.01420	0.03467	0.66272	0.02068	0.03072	0.01633	0.08024	0.02212	0.01488	0.02212	0.01265	0.01507	0.00898	0.00657	0.00676	0.00222	0.01043	0.00541	0.00299	0.01024
3	0.03874	0.00830	0.01023	0.00931	0.01167	0.00783	0.00713	0.01671	0.05798	0.10211	0.50296	0.04781	0.12523	0.01349	0.00791	0.00222	0.00380	0.01167	0.00751	0.00737
4	0.01430	0.01343	0.02236	0.37122	0.31108	0.01481	0.01860	0.01843	0.01499	0.02016	0.03504	0.04246	0.05773	0.00796	0.00712	0.00224	0.00822	0.00730	0.00367	0.00888
5	0.34003	0.01541	0.01747	0.16080	0.02435	0.01757	0.04811	0.21874	0.04513	0.03176	0.01330	0.01539	0.00988	0.00723	0.00597	0.00219	0.00721	0.00541	0.00493	0.00911
6	0.01149	0.00926	0.01033	0.00969	0.01222	0.00921	0.00744	0.03885	0.16755	0.02517	0.28104	0.05162	0.29161	0.01443	0.00799	0.00232	0.00410	0.03116	0.00705	0.00747
7	0.00844	0.00633	0.00783	0.00903	0.00994	0.00573	0.00617	0.00979	0.01402	0.01808	0.04685	0.57252	0.21843	0.02077	0.00874	0.00271	0.00391	0.01851	0.00648	0.00573
8	0.01516	0.03108	0.53331	0.02264	0.06562	0.01632	0.15088	0.02247	0.01528	0.04307	0.01331	0.01591	0.00954	0.00653	0.00696	0.00223	0.01036	0.00585	0.00325	0.01023
9	0.01511	0.03690	0.01220	0.01005	0.01291	0.00919	0.00788	0.01987	0.09199	0.16304	0.41979	0.04348	0.10430	0.01262	0.00773	0.00219	0.00423	0.01085	0.00753	0.00814
10	0.01010	0.00794	0.00900	0.00891	0.01118	0.00727	0.00703	0.04909	0.01759	0.02231	0.18077	0.06358	0.43179	0.01680	0.00842	0.00246	0.00423	0.12835	0.00672	0.00645
11	0.03110	0.01221	0.01640	0.01258	0.01798	0.01076	0.01039	0.06283	0.02054	0.68643	0.02706	0.02344	0.01704	0.00863	0.00702	0.00216	0.00601	0.00699	0.00856	0.01188
12	0.02773	0.01762	0.01975	0.01514	0.02068	0.01878	0.01251	0.52360	0.02958	0.21290	0.01946	0.01851	0.01323	0.00844	0.00699	0.00211	0.00724	0.00647	0.00740	0.01187
13	0.01937	0.01689	0.01685	0.01474	0.01892	0.06378	0.01155	0.13960	0.54937	0.03075	0.02542	0.02370	0.01901	0.00915	0.00703	0.00229	0.00632	0.00742	0.00686	0.01099
14	0.80405	0.01350	0.01026	0.00918	0.01350	0.01565	0.00756	0.02051	0.01188	0.03131	0.00972	0.01134	0.00756	0.00648	0.00432	0.00216	0.00540	0.00378	0.00432	0.00756
15	0.01776	0.01773	0.02572	0.10708	0.52020	0.08851	0.01958	0.02296	0.07053	0.02223	0.01404	0.01763	0.01149	0.00665	0.00687	0.00209	0.00861	0.00617	0.00372	0.01042
16	0.01011	0.00692	0.00838	0.00838	0.00864	0.00718	0.00518	0.01064	0.01037	0.01410	0.02129	0.04179	0.02369	0.60575	0.18223	0.00771	0.00930	0.00958	0.00412	0.00465
17	0.01221	0.00632	0.00940	0.03610	0.01049	0.00643	0.00650	0.00978	0.00955	0.01304	0.01267	0.02136	0.01231	0.02278	0.02538	0.72698	0.00604	0.00609	0.04318	0.00338
18	0.01484	0.01571	0.04291	0.01904	0.02052	0.01946	0.10980	0.01719	0.01204	0.01790	0.01486	0.01989	0.06511	0.01159	0.01919	0.00287	0.55878	0.00707	0.00339	0.00782
19	0.01882	0.64885	0.08973	0.01301	0.01916	0.07725	0.01316	0.02150	0.01463	0.01692	0.01000	0.01158	0.00895	0.00611	0.00478	0.00157	0.00806	0.00390	0.00303	0.00900
20	0.01212	0.00606	0.00909	0.00909	0.00909	0.00606	0.00606	0.00909	0.00909	0.01212	0.01212	0.02121	0.01212	0.02424	0.02727	0.79697	0.00606	0.00606	0.00303	0.00303
21	0.04908	0.50518	0.22351	0.01401	0.02096	0.02338	0.01549	0.02095	0.01415	0.01859	0.01076	0.01268	0.00913	0.00761	0.02749	0.00202	0.00852	0.00424	0.00305	0.00919
22	0.01722	0.01923	0.08780	0.03707	0.53231	0.06226	0.07376	0.02162	0.01609	0.02221	0.01478	0.01841	0.03218	0.00664	0.00699	0.00210	0.00887	0.00644	0.00352	0.01051
23	0.00861	0.00616	0.00820	0.00964	0.01015	0.00574	0.00649	0.00999	0.01387	0.01862	0.09181	0.69454	0.04772	0.02126	0.00885	0.00278	0.00399	0.01926	0.00657	0.00574
24	0.01694	0.01625	0.02774	0.09823	0.65838	0.01649	0.02125	0.02113	0.01574	0.02240	0.01307	0.01738	0.01091	0.00628	0.00691	0.00209	0.00837	0.00622	0.00343	0.01079
25	0.27504	0.01770	0.01707	0.01377	0.01875	0.04271	0.01126	0.40024	0.07876	0.03785	0.01523	0.01562	0.01114	0.00782	0.00611	0.00213	0.00694	0.00555	0.00602	0.01030
26	0.01143	0.00869	0.01146	0.01291	0.03610	0.00870	0.01045	0.01585	0.07545	0.02151	0.06087	0.09200	0.12905	0.01772	0.00907	0.00294	0.00584	0.45664	0.00644	0.00688
27	0.00848	0.00614	0.00803	0.00953	0.01007	0.00568	0.00640	0.00974	0.01354	0.01789	0.04071	0.70265	0.09226	0.02157	0.00886	0.00280	0.00401	0.01948	0.00648	0.00568
28	0.02549	0.01877	0.02021	0.01569	0.02098	0.02073	0.01287	0.64911	0.03170	0.04248	0.01800	0.05876	0.01383	0.00915	0.00709	0.00214	0.00747	0.00706	0.00695	0.01151
29	0.01011	0.00676	0.00813	0.00822	0.00861	0.00676	0.00514	0.01066	0.01152	0.01570	0.07871	0.09971	0.05048	0.49115	0.08841	0.05028	0.00705	0.01070	0.02714	0.00475
30	0.01531	0.01537	0.02890	0.04415	0.08121	0.01657	0.32048	0.01850	0.01362	0.01915	0.01253	0.01835	0.01063	0.01159	0.03564	0.11625	0.20327	0.00712	0.00332	0.00802
31	0.00850	0.00607	0.00810	0.00972	0.01012	0.00567	0.00648	0.00972	0.01336	0.01781	0.03846	0.75020	0.04615	0.02186	0.00891	0.00283	0.00405	0.01984	0.00648	0.00567
32	0.01727	0.01658	0.02832	0.04283	0.71123	0.01658	0.02142	0.02142	0.01589	0.02280	0.01313	0.01727	0.01105	0.00622	0.00691	0.00207	0.00829	0.00622	0.00345	0.01105
33	0.01604	0.01750	0.03646	0.03042	0.15685	0.01659	0.51634	0.02127	0.01614	0.02211	0.01570	0.07142	0.01324	0.00710	0.00804	0.00234	0.01058	0.00871	0.00373	0.00944
34	0.00981	0.00713	0.00924	0.00871	0.01038	0.00656	0.00653	0.01304	0.01960	0.02761	0.68161	0.05274	0.09201	0.01440	0.00823	0.00220	0.00330	0.01271	0.00763	0.00656
35	0.00886	0.00618	0.00819	0.00948	0.01002	0.00576	0.00639	0.00988	0.01352	0.01800	0.07632	0.61740	0.07821	0.02140	0.01030	0.06609	0.00414	0.01807	0.00627	0.00552
36	0.08893	0.01841	0.01969	0.01520	0.02067	0.02019	0.01255	0.57906	0.03005	0.10019	0.01711	0.01692	0.01198	0.00825	0.00677	0.00210	0.00735	0.00615	0.00691	0.01152
37	0.01504	0.19722	0.56658	0.01812	0.02746	0.01875	0.02270	0.02183	0.01461	0.02083	0.01189	0.01394	0.00887	0.00648	0.00615	0.00205	0.00968	0.00484	0.00296	0.01001
38	0.00997	0.00748	0.01121	0.01121	0.01246	0.00872	0.00872	0.01246	0.01121	0.01620	0.01869	0.02741	0.01745	0.05234	0.72710	0.01121	0.01869	0.00748	0.00374	0.00623
39	0.01518	0.01282	0.01485	0.01067	0.01684	0.01002	0.00856	0.05679	0.01554	0.02398	0.01266	0.01460	0.01043	0.00536	0.00527	0.00110	0.00531	0.00426	0.00430	0.75146
40	0.01428	0.06024	0.66059	0.02010	0.03010	0.01667	0.05883	0.02207	0.01480	0.02192	0.01251	0.01482	0.00893	0.00657	0.00664	0.00219	0.01029	0.00526	0.00298	0.01022
41	0.05442	0.01216	0.01616	0.01243	0.01780	0.01077	0.01027	0.05390	0.02013	0.67459	0.02666	0.02316	0.01681	0.00856	0.00694	0.00216	0.00598	0.00690	0.00846	0.01175
42	0.01719	0.01763	0.07061	0.07926	0.58179	0.01671	0.02093	0.04736	0.03818	0.02349	0.01367	0.01745	0.01117	0.00647	0.00690	0.00211	0.00836	0.00621	0.00365	0.01085
43	0.01355	0.01009	0.01250	0.01389	0.03895	0.04971	0.01126	0.01700	0.03513	0.06580	0.03467	0.10347	0.05162	0.01727	0.00904	0.00296	0.00659	0.49308	0.00633	0.00711
44	0.01959	0.01573	0.01649	0.01438	0.01860	0.03496	0.01130	0.10968	0.55897	0.07919	0.02660	0.02450	0.01965	0.00923	0.00706	0.00231	0.00597	0.00756	0.00711	0.01112
45	0.04023	0.21461	0.02113	0.01285	0.01749	0.05903	0.01083	0.16821	0.18935	0.02657	0.02564	0.02509	0.12296	0.00927	0.00638	0.00200	0.00658	0.00711	0.00553	0.02913
46	0.01462	0.13328	0.62691	0.01882	0.02855	0.01774	0.02392	0.02194	0.01466	0.02134	0.01214	0.01426	0.00886	0.00654	0.00634	0.00211	0.00993	0.00496	0.00295	0.01013
47	0.01567	0.02250	0.19826	0.02665	0.03428	0.01698	0.51320	0.02195	0.01598	0.02217	0.01442	0.03803	0.01116	0.00650	0.00788	0.00233	0.01121	0.00784	0.00347	0.00952

[dist]
# distance from previous block
# <min> <max>
6	7

[block]
# block no. 1 follows, 30 sequences, length 68
# corresponding to MSA columns:
# 241-308
name=unknown_B
#
# <colnr> <probs for GDERKNQSTAVLIFYWHMCP>
#	G	D	E	R	K	N	Q	S	T	A	V	L	I	F	Y	W	H	M	C	P
0	0.02008	0.01566	0.01693	0.01443	0.01884	0.01749	0.01153	0.20965	0.43595	0.06426	0.02515	0.02555	0.01913	0.00946	0.00712	0.00228	0.00615	0.03803	0.00702	0.03526
1	0.01089	0.00879	0.01158	0.01137	0.01234	0.03356	0.00857	0.01280	0.01143	0.01596	0.01941	0.07476	0.01956	0.15714	0.48872	0.00898	0.07569	0.00847	0.00393	0.00606
2	0.01823	0.01458	0.04686	0.01345	0.01860	0.01302	0.05342	0.19593	0.03817	0.09091	0.05452	0.09216	0.05587	0.00928	0.00680	0.00189	0.00626	0.00787	0.00581	0.25637
3	0.01492	0.13034	0.54355	0.02001	0.02934	0.01791	0.10589	0.02197	0.01487	0.02137	0.01234	0.01477	0.00907	0.00645	0.00654	0.00213	0.01011	0.00535	0.00302	0.01002
4	0.00850	0.00607	0.00810	0.00972	0.01012	0.00567	0.00648	0.00972	0.01336	0.01781	0.03846	0.75020	0.04615	0.02186	0.00891	0.00283	0.00405	0.01984	0.00648	0.00567
5	0.01212	0.00760	0.01002	0.00920	0.01120	0.00694	0.00697	0.01528	0.01955	0.10122	0.61117	0.07376	0.05995	0.01393	0.00812	0.00221	0.00360	0.01228	0.00774	0.00712
6	0.02023	0.01905	0.02478	0.03277	0.45210	0.12300	0.01809	0.09472	0.06826	0.05711	0.01495	0.01746	0.01187	0.00694	0.00684	0.00206	0.00856	0.00613	0.00436	0.01073
7	0.01428	0.01323	0.02181	0.62247	0.12525	0.01591	0.01934	0.04918	0.01505	0.01962	0.01269	0.01836	0.00963	0.00695	0.00697	0.00228	0.00911	0.00621	0.00332	0.00833
8	0.00850	0.00607	0.00810	0.00972	0.01012	0.00567	0.00648	0.00972	0.01336	0.01781	0.03846	0.75020	0.04615	0.02186	0.00891	0.00283	0.00405	0.01984	0.00648	0.00567
9	0.01869	0.70104	0.06747	0.01251	0.01860	0.05074	0.01263	0.02119	0.01439	0.01670	0.00987	0.01140	0.00895	0.00604	0.00464	0.00154	0.00777	0.00382	0.00300	0.00899
10	0.01610	0.21963	0.49201	0.01772	0.02642	0.07322	0.02133	0.02223	0.01498	0.02027	0.01167	0.01367	0.00888	0.00650	0.00606	0.00200	0.00976	0.00474	0.00301	0.00980
11	0.02817	0.05002	0.08805	0.01302	0.01881	0.01156	0.01178	0.03142	0.01916	0.58728	0.04980	0.02326	0.01778	0.00851	0.00690	0.00213	0.00636	0.00687	0.00775	0.01139
12	0.00850	0.00607	0.00810	0.00972	0.01012	0.00567	0.00648	0.00972	0.01336	0.01781	0.03846	0.75020	0.04615	0.02186	0.00891	0.00283	0.00405	0.01984	0.00648	0.00567
13	0.01496	0.01504	0.01529	0.04509	0.01693	0.14849	0.01114	0.01865	0.09477	0.01855	0.02233	0.26490	0.02377	0.04823	0.01308	0.00280	0.20302	0.01082	0.00484	0.00731
14	0.06374	0.01744	0.01814	0.03649	0.01996	0.04082	0.01188	0.50952	0.02796	0.03893	0.01700	0.01783	0.01240	0.00816	0.00650	0.00202	0.00709	0.00613	0.12741	0.01058
15	0.01015	0.00677	0.00761	0.00761	0.00761	0.00677	0.00423	0.01015	0.01015	0.01353	0.02199	0.04567	0.02537	0.75476	0.03552	0.00677	0.00677	0.01015	0.00423	0.00423
16	0.01546	0.23342	0.01856	0.01052	0.01433	0.03836	0.00892	0.01978	0.09395	0.08662	0.16347	0.03703	0.21072	0.01140	0.00681	0.00203	0.00541	0.00920	0.00584	0.00816
17	0.01520	0.22209	0.54311	0.01784	0.02704	0.01914	0.02222	0.02179	0.01459	0.02064	0.01180	0.01382	0.00887	0.00646	0.00608	0.00203	0.00958	0.00479	0.00296	0.00996
18	0.80405	0.01350	0.01026	0.00918	0.01350	0.01565	0.00756	0.02051	0.01188	0.03131	0.00972	0.01134	0.00756	0.00648	0.00432	0.00216	0.00540	0.00378	0.00432	0.00756
19	0.01447	0.01240	0.01447	0.01034	0.01654	0.00930	0.00827	0.01757	0.01447	0.02274	0.01240	0.01447	0.01034	0.00517	0.00517	0.00103	0.00517	0.00413	0.00413	0.79742
20	0.01447	0.01240	0.01447	0.01034	0.01654	0.00930	0.00827	0.01757	0.01447	0.02274	0.01240	0.01447	0.01034	0.00517	0.00517	0.00103	0.00517	0.00413	0.00413	0.79742
21	0.01015	0.00677	0.00761	0.00761	0.00761	0.00677	0.00423	0.01015	0.01015	0.01353	0.02199	0.04567	0.02537	0.75476	0.03552	0.00677	0.00677	0.01015	0.00423	0.00423
22	0.01736	0.01499	0.01578	0.01420	0.01815	0.01736	0.01105	0.03708	0.69862	0.02919	0.02840	0.02604	0.02130	0.00947	0.00710	0.00237	0.00552	0.00789	0.00710	0.01105
23	0.00856	0.00610	0.00808	0.00964	0.01003	0.00571	0.00640	0.00973	0.01325	0.01766	0.03788	0.72531	0.04542	0.04776	0.00985	0.00297	0.00414	0.01950	0.00640	0.00562
24	0.01647	0.01882	0.04118	0.02941	0.03647	0.01765	0.68588	0.02235	0.01647	0.02235	0.01412	0.01882	0.01059	0.00588	0.00824	0.00235	0.01176	0.00824	0.00353	0.00941
25	0.01318	0.01240	0.02093	0.73798	0.04806	0.01550	0.01938	0.01783	0.01395	0.01783	0.01240	0.01860	0.00930	0.00698	0.00698	0.00233	0.00930	0.00620	0.00310	0.00775
26	0.00857	0.00620	0.00811	0.00949	0.01010	0.00574	0.00641	0.00996	0.01393	0.01853	0.08307	0.66233	0.08956	0.02111	0.00882	0.00276	0.00397	0.01905	0.00655	0.00574
27	0.01425	0.00770	0.00783	0.00738	0.00937	0.00789	0.00565	0.07797	0.01630	0.02767	0.02221	0.02517	0.01733	0.00815	0.00507	0.00167	0.00366	0.00648	0.72123	0.00700
28	0.01400	0.03610	0.71860	0.01989	0.03020	0.01621	0.02578	0.02210	0.01473	0.02210	0.01252	0.01473	0.00884	0.00663	0.00663	0.00221	0.01031	0.00516	0.00295	0.01031
29	0.00825	0.00707	0.00707	0.00707	0.00943	0.00589	0.00530	0.01001	0.01591	0.01885	0.07069	0.06716	0.70839	0.01767	0.00825	0.00236	0.00353	0.01473	0.00648	0.00589
30	0.00848	0.00615	0.00801	0.00950	0.01007	0.00569	0.00638	0.00974	0.01356	0.01790	0.04104	0.69548	0.09921	0.02153	0.00885	0.00280	0.00401	0.01943	0.00648	0.00569
31	0.00850	0.00607	0.00810	0.00972	0.01012	0.00567	0.00648	0.00972	0.01336	0.01781	0.03846	0.75020	0.04615	0.02186	0.00891	0.00283	0.00405	0.01984	0.00648	0.00567
32	0.02321	0.37177	0.05620	0.01321	0.01907	0.02108	0.01228	0.14411	0.04201	0.20925	0.01648	0.01619	0.01211	0.00726	0.00578	0.00184	0.00715	0.00527	0.00535	0.01038
33	0.06368	0.01194	0.01595	0.01228	0.01763	0.01048	0.01014	0.03344	0.01963	0.68737	0.02678	0.02323	0.01687	0.00855	0.00690	0.00216	0.00592	0.00688	0.00846	0.01169
34	0.01421	0.01364	0.02402	0.52285	0.15172	0.01565	0.09618	0.01888	0.01457	0.01939	0.01303	0.01864	0.00999	0.00676	0.00705	0.00227	0.00924	0.00645	0.02703	0.00843
35	0.04715	0.02121	0.01984	0.03505	0.02170	0.15134	0.01305	0.45597	0.10415	0.03629	0.01664	0.01692	0.01220	0.00819	0.00679	0.00208	0.00832	0.00606	0.00619	0.01084
36	0.00862	0.00734	0.00746	0.00747	0.00981	0.00634	0.00558	0.01109	0.04313	0.01922	0.06758	0.09548	0.65183	0.01753	0.00823	0.00238	0.00364	0.01468	0.00650	0.00609
37	0.00997	0.00748	0.01121	0.01121	0.01246	0.00872	0.00872	0.01246	0.01121	0.01620	0.01869	0.02741	0.01745	0.05234	0.72710	0.01121	0.01869	0.00748	0.00374	0.00623
38	0.01594	0.01327	0.01526	0.01103	0.01716	0.01080	0.00888	0.09902	0.01670	0.02532	0.01293	0.01475	0.01052	0.00556	0.00539	0.00116	0.00547	0.00440	0.00448	0.70198
39	0.02199	0.02440	0.02301	0.02756	0.29876	0.35241	0.01648	0.08327	0.01906	0.02173	0.01254	0.01538	0.01038	0.00854	0.03272	0.00228	0.01064	0.00545	0.00384	0.00955
40	0.00850	0.00607	0.00810	0.00972	0.01012	0.00567	0.00648	0.00972	0.01336	0.01781	0.03846	0.75020	0.04615	0.02186	0.00891	0.00283	0.00405	0.01984	0.00648	0.00567
41	0.02619	0.01938	0.02076	0.01599	0.02151	0.02149	0.01318	0.66438	0.05693	0.04344	0.01718	0.01709	0.01221	0.00842	0.00699	0.00210	0.00760	0.00634	0.00699	0.01184
42	0.01707	0.01638	0.02797	0.07620	0.67939	0.01653	0.02132	0.02124	0.01580	0.02256	0.01309	0.01734	0.01097	0.00625	0.00691	0.00208	0.00834	0.00622	0.00344	0.01090
43	0.00850	0.00607	0.00810	0.00972	0.01012	0.00567	0.00648	0.00972	0.01336	0.01781	0.03846	0.75020	0.04615	0.02186	0.00891	0.00283	0.00405	0.01984	0.00648	0.00567
44	0.03110	0.01220	0.01640	0.01257	0.01798	0.01074	0.01038	0.06191	0.02052	0.68738	0.02707	0.02345	0.01704	0.00863	0.00702	0.00216	0.00601	0.00699	0.00857	0.01188
45	0.00865	0.00613	0.00805	0.00953	0.00990	0.00576	0.00628	0.00975	0.01308	0.01744	0.03701	0.68818	0.04432	0.08638	0.01125	0.00318	0.00429	0.01898	0.00628	0.00554
46	0.03131	0.01188	0.01619	0.01242	0.01781	0.01026	0.01026	0.03401	0.01997	0.71606	0.02753	0.02375	0.01727	0.00864	0.00702	0.00216	0.00594	0.00702	0.00864	0.01188
47	0.00850	0.00607	0.00810	0.00972	0.01012	0.00567	0.00648	0.00972	0.01336	0.01781	0.03846	0.75020	0.04615	0.02186	0.00891	0.00283	0.00405	0.01984	0.00648	0.00567
48	0.01400	0.03610	0.71860	0.01989	0.03020	0.01621	0.02578	0.02210	0.01473	0.02210	0.01252	0.01473	0.00884	0.00663	0.00663	0.00221	0.01031	0.00516	0.00295	0.01031
49	0.01727	0.01658	0.02832	0.04283	0.71123	0.01658	0.02142	0.02142	0.01589	0.02280	0.01313	0.01727	0.01105	0.00622	0.00691	0.00207	0.00829	0.00622	0.00345	0.01105
50	0.02531	0.03214	0.01923	0.01751	0.02105	0.69598	0.01313	0.02710	0.01961	0.01715	0.01334	0.01491	0.03883	0.00764	0.00638	0.00182	0.01220	0.00493	0.00372	0.00800
51	0.00850	0.00607	0.00810	0.00972	0.01012	0.00567	0.00648	0.00972	0.01336	0.01781	0.03846	0.75020	0.04615	0.02186	0.00891	0.00283	0.00405	0.01984	0.00648	0.00567
52	0.01016	0.00731	0.00928	0.01030	0.01118	0.00714	0.00710	0.07203	0.01515	0.02022	0.03647	0.68281	0.04300	0.02062	0.00873	0.00277	0.00438	0.01859	0.00652	0.00624
53	0.00988	0.00713	0.00933	0.00878	0.01043	0.00658	0.00658	0.01317	0.01975	0.02798	0.70754	0.05213	0.06584	0.01427	0.00823	0.00219	0.00329	0.01262	0.00768	0.00658
54	0.01779	0.01520	0.01602	0.01429	0.01831	0.01756	0.01115	0.06755	0.66745	0.02988	0.02786	0.02560	0.02086	0.00942	0.00709	0.00235	0.00562	0.00781	0.00709	0.01108
55	0.02616	0.01936	0.02074	0.01598	0.02150	0.02147	0.01317	0.66190	0.05947	0.04339	0.01722	0.01713	0.01225	0.00842	0.00699	0.00211	0.00759	0.00635	0.00699	0.01183
56	0.01562	0.01301	0.01449	0.01382	0.01710	0.01470	0.01110	0.03064	0.50439	0.02683	0.03083	0.04103	0.02667	0.01226	0.00782	0.00261	0.00578	0.19467	0.00691	0.00973
57	0.00871	0.00622	0.00834	0.00995	0.01045	0.00585	0.00684	0.01008	0.01357	0.01805	0.03835	0.69929	0.04570	0.02167	0.00896	0.00286	0.00423	0.06870	0.00647	0.00573
58	0.02040	0.01469	0.01615	0.01399	0.01829	0.01632	0.01103	0.07371	0.53822	0.15388	0.02758	0.02509	0.02004	0.00926	0.00708	0.00231	0.00572	0.00764	0.00737	0.01124
59	0.01124	0.00835	0.00977	0.00998	0.04322	0.00749	0.00717	0.03933	0.01755	0.06480	0.18234	0.05787	0.45542	0.01565	0.00812	0.00233	0.00415	0.04163	0.00672	0.00689
60	0.02124	0.01464	0.01550	0.01253	0.01661	0.01599	0.01014	0.41602	0.05699	0.03683	0.01946	0.02052	0.01447	0.00834	0.00623	0.00194	0.00599	0.00644	0.29024	0.00990
61	0.02006	0.01515	0.01679	0.01494	0.03632	0.01684	0.01152	0.17701	0.42347	0.09398	0.02607	0.05885	0.02026	0.00991	0.00721	0.00232	0.00606	0.02523	0.00707	0.01093
62	0.01865	0.62137	0.11543	0.01331	0.01962	0.07704	0.01368	0.02154	0.01465	0.01713	0.01011	0.01171	0.00894	0.00614	0.00486	0.00160	0.00817	0.00395	0.00302	0.00905
63	0.01422	0.01236	0.01549	0.04154	0.01834	0.00972	0.03516	0.01740	0.01447	0.02229	0.01369	0.04925	0.01198	0.00605	0.00554	0.00122	0.00555	0.00512	0.00418	0.69644
64	0.01259	0.04345	0.01855	0.01499	0.01756	0.01241	0.12867	0.04638	0.01322	0.01855	0.01694	0.02451	0.01535	0.05814	0.47382	0.00819	0.05829	0.00739	0.00379	0.00720
65	0.01633	0.01262	0.01471	0.01130	0.01662	0.01086	0.00905	0.09015	0.06057	0.06563	0.05706	0.04365	0.01712	0.00759	0.00606	0.00151	0.00541	0.03157	0.00525	0.51696
66	0.01536	0.01766	0.09265	0.02184	0.02801	0.01498	0.38061	0.05852	0.04161	0.02329	0.02209	0.04675	0.08719	0.00839	0.00776	0.00225	0.00925	0.03413	0.00437	0.08328
67	0.01985	0.06187	0.01886	0.01411	0.01884	0.01577	0.05368	0.22295	0.14620	0.10364	0.05451	0.02879	0.07783	0.00979	0.00711	0.00214	0.00650	0.05173	0.00640	0.07943

[dist]
# distance from previous block
# <min> <max>
17	96

[block]
# block no. 2 follows, 30 sequences, length 7
# corresponding to MSA columns:
# 412-418
name=unknown_C
#
# <colnr> <probs for GDERKNQSTAVLIFYWHMCP>
#	G	D	E	R	K	N	Q	S	T	A	V	L	I	F	Y	W	H	M	C	P
0	0.01714	0.10465	0.16914	0.01274	0.01778	0.01219	0.01267	0.02106	0.01734	0.19463	0.18084	0.03598	0.08895	0.01101	0.00727	0.00222	0.00631	0.07305	0.00609	0.00892
1	0.05515	0.01997	0.14647	0.02077	0.02789	0.01561	0.30698	0.08463	0.01701	0.02491	0.01345	0.01648	0.01020	0.00610	0.00689	0.00197	0.00917	0.00628	0.00395	0.20613
2	0.02433	0.03367	0.12044	0.01825	0.02282	0.62439	0.01525	0.02703	0.01905	0.01780	0.01104	0.01289	0.00897	0.00711	0.00634	0.00186	0.01226	0.00459	0.00350	0.00841
3	0.70905	0.01273	0.01015	0.00913	0.01313	0.01457	0.00744	0.01963	0.01282	0.03091	0.09319	0.01622	0.01453	0.00741	0.00479	0.00216	0.00515	0.00484	0.00472	0.00744
4	0.05366	0.00818	0.00919	0.00859	0.01106	0.00758	0.00656	0.01484	0.05310	0.07056	0.31208	0.05320	0.33638	0.01470	0.00789	0.00227	0.00381	0.01244	0.00701	0.00692
5	0.01449	0.17393	0.53316	0.01759	0.02632	0.01763	0.02165	0.02094	0.01452	0.02068	0.01392	0.06918	0.01166	0.00764	0.00638	0.00212	0.00929	0.00598	0.00322	0.00970
6	0.01930	0.01310	0.01542	0.01170	0.01698	0.01174	0.00945	0.16461	0.02014	0.14704	0.11607	0.02198	0.01985	0.00777	0.00632	0.00162	0.00557	0.00632	0.00603	0.37898

[dist]
# distance from previous block
# <min> <max>
19	28

[block]
# block no. 3 follows, 30 sequences, length 9
# corresponding to MSA columns:
# 448-456
name=unknown_D
#
# <colnr> <probs for GDERKNQSTAVLIFYWHMCP>
#	G	D	E	R	K	N	Q	S	T	A	V	L	I	F	Y	W	H	M	C	P
0	0.00989	0.00732	0.00833	0.00832	0.01049	0.00639	0.00638	0.01204	0.01656	0.05305	0.16801	0.11332	0.46099	0.01714	0.00836	0.00243	0.00391	0.07398	0.00677	0.00632
1	0.01923	0.60078	0.11981	0.01298	0.01944	0.02461	0.01351	0.02224	0.01478	0.08080	0.01168	0.01278	0.00970	0.00630	0.00498	0.00164	0.00768	0.00421	0.00349	0.00939
2	0.01150	0.00851	0.01127	0.01239	0.01424	0.00861	0.01061	0.01603	0.07393	0.02188	0.07735	0.07203	0.07941	0.01806	0.00926	0.00303	0.00600	0.53254	0.00656	0.00679
3	0.01579	0.19543	0.48852	0.01741	0.02608	0.01879	0.02105	0.06984	0.01611	0.02264	0.03858	0.01551	0.01125	0.00690	0.00623	0.00204	0.00922	0.00520	0.00343	0.00998
4	0.02231	0.01318	0.01553	0.01294	0.01742	0.01349	0.01032	0.05755	0.32241	0.29399	0.08425	0.02646	0.02264	0.00931	0.00707	0.00220	0.00556	0.00772	0.00760	0.04806
5	0.01067	0.00852	0.00858	0.00859	0.00939	0.05279	0.00552	0.01139	0.01219	0.01529	0.03162	0.10074	0.15596	0.45966	0.07531	0.00562	0.00715	0.01122	0.00476	0.00505
6	0.08881	0.10173	0.52578	0.01898	0.02802	0.01738	0.08214	0.02186	0.01457	0.02244	0.01213	0.01444	0.00889	0.00649	0.00635	0.00215	0.00971	0.00517	0.00313	0.00984
7	0.06763	0.18524	0.32198	0.01782	0.07217	0.06325	0.01810	0.02396	0.01568	0.13186	0.01407	0.01524	0.01030	0.00681	0.00608	0.00201	0.00870	0.00509	0.00402	0.01001
8	0.01410	0.03248	0.01203	0.01009	0.01330	0.00933	0.00806	0.06301	0.01730	0.10864	0.08607	0.09814	0.29566	0.01407	0.00815	0.00225	0.02779	0.06995	0.00636	0.10320

[dist]
# distance from previous block
# <min> <max>
12	41

# created by:
# /st0/software/busco_prod/Augustus/scripts/msa2prfl.pl ./align_prep/154592.fa
