[name]
unknown

[dist]
# distance from previous block
# <min> <max>
0	35

[block]
# block no. 0 follows, 27 sequences, length 100
# corresponding to MSA columns:
# 41-140
name=unknown_A
#
# <colnr> <probs for GDERKNQSTAVLIFYWHMCP>
#	G	D	E	R	K	N	Q	S	T	A	V	L	I	F	Y	W	H	M	C	P
0	0.01742	0.02174	0.12619	0.02809	0.03560	0.01817	0.50594	0.05858	0.01821	0.02491	0.01647	0.02333	0.01307	0.00740	0.00856	0.00253	0.01172	0.04795	0.00407	0.01008
1	0.01232	0.00978	0.01082	0.01037	0.01287	0.00974	0.00777	0.08238	0.10261	0.02422	0.08594	0.18264	0.32295	0.04027	0.04792	0.00322	0.00556	0.01416	0.00687	0.00759
2	0.02429	0.01981	0.08897	0.01634	0.02200	0.01922	0.01441	0.44544	0.02807	0.08803	0.01857	0.02007	0.01372	0.01661	0.12546	0.00388	0.01028	0.00683	0.00654	0.01145
3	0.01029	0.00704	0.00906	0.01013	0.01108	0.00644	0.00687	0.01166	0.01449	0.04524	0.04082	0.59271	0.08997	0.06826	0.01106	0.00316	0.00457	0.01899	0.00674	0.03143
4	0.01068	0.00715	0.00813	0.00824	0.00827	0.00712	0.00465	0.01077	0.01102	0.01469	0.02453	0.09306	0.02842	0.69266	0.03595	0.00693	0.00701	0.01146	0.00465	0.00460
5	0.01279	0.01161	0.01858	0.38470	0.03388	0.01395	0.03585	0.01629	0.01429	0.01893	0.02205	0.19680	0.04201	0.01498	0.04967	0.00323	0.08785	0.01058	0.00434	0.00759
6	0.02436	0.02069	0.01990	0.01710	0.04655	0.13547	0.01296	0.39075	0.07069	0.03505	0.01819	0.02200	0.01474	0.10272	0.03267	0.00312	0.00916	0.00703	0.00621	0.01064
7	0.01398	0.01481	0.05012	0.21127	0.03363	0.01434	0.27509	0.01850	0.01576	0.02104	0.02211	0.23057	0.02200	0.01162	0.00855	0.00264	0.00933	0.01171	0.00454	0.00839
8	0.00917	0.00748	0.00811	0.00808	0.01030	0.00642	0.00601	0.01138	0.01768	0.02215	0.20930	0.10428	0.51730	0.01824	0.00881	0.00250	0.00373	0.01547	0.00718	0.00642
9	0.01730	0.02309	0.20232	0.06216	0.06945	0.04649	0.18719	0.04756	0.01643	0.04524	0.01547	0.06263	0.01304	0.00916	0.01101	0.00258	0.14738	0.00772	0.00399	0.00979
10	0.07170	0.09681	0.06515	0.04493	0.04954	0.17095	0.01403	0.18077	0.09612	0.02818	0.01850	0.09660	0.01617	0.00969	0.00702	0.00223	0.00872	0.00752	0.00537	0.00998
11	0.04465	0.01351	0.02216	0.59536	0.11834	0.01630	0.01984	0.01944	0.01501	0.02040	0.01355	0.01961	0.01034	0.00736	0.00723	0.00241	0.00940	0.00651	0.03004	0.00858
12	0.01621	0.01445	0.02257	0.59516	0.07137	0.01747	0.01977	0.11180	0.01779	0.02314	0.01388	0.01946	0.01036	0.00760	0.00742	0.00243	0.00961	0.00661	0.00390	0.00900
13	0.01069	0.00715	0.00813	0.00824	0.00826	0.00713	0.00465	0.01077	0.01101	0.01468	0.02447	0.09096	0.02836	0.69486	0.03604	0.00694	0.00702	0.01143	0.00465	0.00459
14	0.06998	0.52292	0.03234	0.01362	0.01925	0.14990	0.01250	0.04418	0.01665	0.01987	0.01122	0.01289	0.00985	0.00678	0.00520	0.00172	0.00864	0.00430	0.02890	0.00928
15	0.01878	0.48455	0.25334	0.01547	0.02330	0.02468	0.01742	0.02321	0.01553	0.04696	0.01206	0.01367	0.00984	0.00669	0.00562	0.00186	0.00886	0.00460	0.00341	0.01012
16	0.14933	0.07945	0.23158	0.03958	0.02332	0.01688	0.01619	0.11614	0.01929	0.14994	0.07386	0.02035	0.01646	0.00833	0.00675	0.00226	0.00795	0.00637	0.00552	0.01047
17	0.02219	0.01687	0.01820	0.01544	0.02020	0.01895	0.01227	0.19614	0.46145	0.09273	0.02704	0.02502	0.01978	0.00971	0.00751	0.00243	0.00649	0.00789	0.00766	0.01205
18	0.00908	0.00666	0.00853	0.00991	0.01068	0.00611	0.00673	0.01055	0.01490	0.01961	0.07622	0.61216	0.13707	0.02227	0.00935	0.00291	0.00419	0.02000	0.00695	0.00611
19	0.08658	0.01330	0.02121	0.65487	0.04770	0.01651	0.01944	0.01923	0.01464	0.02031	0.01293	0.01907	0.00972	0.00737	0.00716	0.00246	0.00951	0.00636	0.00342	0.00823
20	0.00921	0.00744	0.00796	0.00797	0.01003	0.00644	0.00578	0.01110	0.01673	0.02075	0.15034	0.10327	0.50879	0.08735	0.01158	0.00296	0.00408	0.01520	0.00684	0.00618
21	0.00904	0.00646	0.00861	0.01034	0.01077	0.00603	0.00689	0.01034	0.01421	0.01895	0.04092	0.73426	0.04910	0.02326	0.00948	0.00301	0.00431	0.02110	0.00689	0.00603
22	0.04503	0.09224	0.55855	0.05914	0.05641	0.01817	0.02495	0.02307	0.01551	0.02318	0.01298	0.01556	0.00948	0.00699	0.00681	0.00229	0.01039	0.00541	0.00322	0.01062
23	0.02195	0.01633	0.01794	0.01501	0.01925	0.01784	0.01187	0.42544	0.08926	0.03753	0.02544	0.21911	0.02376	0.01303	0.00801	0.00248	0.00687	0.01088	0.00729	0.01070
24	0.01364	0.00970	0.01143	0.01054	0.01284	0.00953	0.00786	0.12313	0.02053	0.04790	0.27704	0.17773	0.15215	0.07846	0.01113	0.00289	0.00488	0.01369	0.00731	0.00760
25	0.00939	0.00683	0.00899	0.01037	0.01114	0.00624	0.00700	0.01080	0.01428	0.01924	0.03940	0.69480	0.04701	0.02228	0.00926	0.00291	0.00437	0.02019	0.00675	0.04875
26	0.01702	0.00995	0.01258	0.01084	0.01389	0.00937	0.00847	0.08258	0.02224	0.17334	0.45558	0.04605	0.08082	0.01345	0.00835	0.00232	0.00457	0.01160	0.00826	0.00872
27	0.02830	0.01826	0.02048	0.01584	0.02138	0.01956	0.01299	0.50001	0.03059	0.17592	0.01983	0.01962	0.01380	0.01001	0.00877	0.05056	0.00769	0.00683	0.00752	0.01205
28	0.01809	0.06257	0.02575	0.06407	0.41649	0.08819	0.01878	0.02260	0.04395	0.02284	0.01944	0.02806	0.03896	0.00907	0.00755	0.00233	0.00874	0.08787	0.00431	0.01032
29	0.02149	0.59690	0.03526	0.01395	0.01986	0.14345	0.01303	0.04814	0.01684	0.01870	0.01080	0.01238	0.00965	0.00667	0.00519	0.00167	0.00886	0.00421	0.00345	0.00949
30	0.01330	0.00812	0.01069	0.00994	0.01190	0.00758	0.00739	0.01617	0.01899	0.11078	0.45173	0.10037	0.05464	0.08727	0.05477	0.00344	0.00529	0.01266	0.00759	0.00738
31	0.01813	0.05679	0.02928	0.09370	0.57010	0.01824	0.02146	0.02338	0.05301	0.02385	0.01460	0.01864	0.01209	0.00685	0.00723	0.00221	0.00869	0.00657	0.00383	0.01137
32	0.02629	0.01935	0.02090	0.01640	0.02179	0.02131	0.01338	0.60169	0.03282	0.04398	0.02015	0.09009	0.01630	0.01036	0.00763	0.00231	0.00778	0.00814	0.00737	0.01196
33	0.01354	0.00901	0.01095	0.01091	0.01235	0.00899	0.00766	0.09908	0.01679	0.05897	0.05479	0.36926	0.03725	0.20779	0.01652	0.00396	0.00577	0.04298	0.00650	0.00693
34	0.01487	0.07992	0.03840	0.01285	0.04056	0.03313	0.00999	0.08439	0.01826	0.06020	0.07453	0.17947	0.19467	0.04645	0.03082	0.00298	0.00644	0.05779	0.00626	0.00801
35	0.15179	0.15181	0.37975	0.01908	0.02769	0.01941	0.10677	0.02303	0.01529	0.02423	0.01252	0.01498	0.00943	0.00680	0.00646	0.00223	0.00975	0.00541	0.00348	0.01009
36	0.01054	0.00775	0.00991	0.00963	0.01132	0.00728	0.00712	0.01434	0.04481	0.02796	0.55169	0.14888	0.08826	0.01624	0.00881	0.00244	0.00371	0.01438	0.00792	0.00702
37	0.05073	0.01310	0.02175	0.48854	0.07739	0.01523	0.06418	0.01887	0.01602	0.02199	0.12009	0.02500	0.01952	0.00850	0.00759	0.00243	0.00882	0.00771	0.00418	0.00836
38	0.02538	0.01812	0.02018	0.06894	0.02323	0.01998	0.01340	0.51127	0.03035	0.06776	0.01925	0.04122	0.01438	0.00923	0.00728	0.00223	0.00766	0.00717	0.08144	0.01154
39	0.10135	0.01804	0.02057	0.13609	0.06409	0.07128	0.03602	0.22967	0.11255	0.08470	0.01991	0.02098	0.03490	0.00864	0.00718	0.00231	0.00819	0.00690	0.00597	0.01065
40	0.00914	0.00650	0.00859	0.01021	0.01062	0.00609	0.00676	0.01036	0.01403	0.01870	0.03995	0.69663	0.04789	0.06255	0.01103	0.00324	0.00447	0.02054	0.00676	0.00595
41	0.01701	0.01636	0.06035	0.27983	0.25795	0.01667	0.01940	0.05813	0.08048	0.04276	0.01898	0.02391	0.03887	0.00837	0.00753	0.00239	0.00868	0.02770	0.00446	0.01015
42	0.01742	0.22864	0.20776	0.05978	0.03054	0.04631	0.23320	0.02285	0.01648	0.02169	0.03876	0.01771	0.01240	0.00694	0.00704	0.00218	0.01037	0.00648	0.00358	0.00986
43	0.01057	0.00714	0.00831	0.00853	0.00863	0.00713	0.00498	0.01084	0.01127	0.01507	0.02543	0.13304	0.02940	0.62309	0.06085	0.00686	0.00734	0.01196	0.00478	0.00477
44	0.01033	0.00748	0.01003	0.01161	0.01278	0.00718	0.00907	0.01263	0.01572	0.02050	0.04290	0.38999	0.09685	0.02167	0.00977	0.00316	0.00540	0.29967	0.00687	0.00641
45	0.01429	0.01347	0.02275	0.67996	0.09035	0.01656	0.02075	0.01920	0.01497	0.01929	0.01324	0.01971	0.01001	0.00737	0.00742	0.00246	0.00983	0.00660	0.00332	0.00846
46	0.02357	0.05240	0.02085	0.01588	0.01996	0.04204	0.01294	0.38852	0.02570	0.06024	0.01715	0.02111	0.01390	0.08934	0.01342	0.00289	0.13067	0.00695	0.03196	0.01050
47	0.01504	0.03736	0.66342	0.02173	0.03251	0.01733	0.06360	0.02353	0.01578	0.02353	0.01342	0.01592	0.00951	0.00701	0.00715	0.00236	0.01106	0.00567	0.00317	0.01092
48	0.02769	0.02053	0.02198	0.01697	0.02282	0.02277	0.01398	0.63376	0.07005	0.04593	0.01850	0.01836	0.01317	0.00897	0.00743	0.00224	0.00804	0.00678	0.00743	0.01258
49	0.01153	0.00760	0.00981	0.01058	0.01180	0.00714	0.00741	0.03900	0.01630	0.06524	0.10604	0.56451	0.07310	0.02077	0.00916	0.00285	0.00449	0.01865	0.00719	0.00683
50	0.02078	0.01465	0.01799	0.16551	0.02519	0.01583	0.01299	0.27849	0.02408	0.09652	0.07142	0.05928	0.05728	0.01016	0.00746	0.00227	0.00713	0.00835	0.06497	0.03965
51	0.01188	0.00805	0.00945	0.00882	0.01134	0.00702	0.00671	0.01453	0.01902	0.09036	0.32211	0.06038	0.37020	0.01638	0.00864	0.00242	0.00390	0.01395	0.00764	0.00719
52	0.00925	0.00728	0.00782	0.00810	0.00973	0.00643	0.00560	0.01063	0.01516	0.01866	0.05851	0.17349	0.44359	0.17470	0.01514	0.00360	0.00459	0.01550	0.00638	0.00585
53	0.11479	0.01683	0.08735	0.46071	0.04146	0.01728	0.05915	0.07502	0.01651	0.02389	0.01335	0.01826	0.00993	0.00737	0.00711	0.00242	0.00949	0.00630	0.00383	0.00896
54	0.01642	0.03440	0.55763	0.02148	0.03125	0.01814	0.07459	0.08485	0.01747	0.02552	0.01373	0.01624	0.00987	0.00741	0.00793	0.00239	0.04025	0.00589	0.00360	0.01094
55	0.01083	0.00808	0.00879	0.00876	0.01108	0.00720	0.00643	0.01363	0.05280	0.05863	0.06208	0.17685	0.47810	0.05037	0.01003	0.00279	0.00427	0.01550	0.00695	0.00681
56	0.05787	0.01424	0.01767	0.01503	0.04856	0.01404	0.01160	0.14015	0.10293	0.38887	0.08719	0.02628	0.02201	0.00960	0.00747	0.00231	0.00640	0.00782	0.00817	0.01178
57	0.27214	0.12532	0.23747	0.01538	0.02257	0.01811	0.04100	0.04535	0.01608	0.12257	0.01441	0.01557	0.01043	0.00723	0.00606	0.00222	0.00814	0.00524	0.00464	0.01006
58	0.01719	0.02470	0.25821	0.03726	0.46807	0.01750	0.02436	0.02303	0.01649	0.02400	0.01375	0.01746	0.01096	0.00676	0.00725	0.00225	0.00955	0.00623	0.00349	0.01149
59	0.02401	0.01827	0.01891	0.01534	0.02053	0.06090	0.01232	0.29363	0.22863	0.09946	0.02210	0.02137	0.01611	0.00889	0.00717	0.00218	0.00721	0.00696	0.03086	0.08515
60	0.01325	0.04876	0.01224	0.01011	0.01265	0.00896	0.00797	0.01698	0.04059	0.08899	0.45490	0.05314	0.13407	0.01476	0.00848	0.00239	0.00432	0.05202	0.00773	0.00771
61	0.03937	0.20393	0.27388	0.01565	0.02201	0.01829	0.01701	0.02090	0.01639	0.04500	0.16308	0.02385	0.02322	0.00932	0.00845	0.00224	0.07648	0.00699	0.00452	0.00942
62	0.01864	0.04061	0.11208	0.05924	0.05254	0.01747	0.14977	0.02263	0.01574	0.13459	0.01925	0.04907	0.04524	0.01013	0.01260	0.00264	0.21551	0.00793	0.00467	0.00966
63	0.01809	0.01778	0.02915	0.04031	0.55354	0.04745	0.07201	0.02246	0.01737	0.02418	0.05152	0.02231	0.01575	0.00753	0.00760	0.00226	0.00896	0.02662	0.00403	0.01107
64	0.00904	0.00649	0.00858	0.01025	0.01075	0.00604	0.00685	0.01035	0.01429	0.01898	0.04191	0.71500	0.06771	0.02313	0.00946	0.00300	0.00429	0.02095	0.00689	0.00604
65	0.01510	0.01096	0.01293	0.01242	0.01460	0.01137	0.00923	0.20976	0.02071	0.02772	0.05484	0.43807	0.03762	0.04558	0.00994	0.00293	0.00568	0.04550	0.00700	0.00804
66	0.01023	0.00787	0.00901	0.00867	0.01085	0.00715	0.00652	0.01374	0.04608	0.02547	0.36151	0.06000	0.33713	0.01625	0.00855	0.00239	0.00371	0.01389	0.04411	0.00687
67	0.00969	0.00723	0.00906	0.01003	0.01112	0.00680	0.00697	0.01234	0.04711	0.02138	0.14742	0.50566	0.13605	0.02077	0.00918	0.00282	0.00418	0.01857	0.00713	0.00649
68	0.01598	0.19396	0.55466	0.01929	0.02925	0.01992	0.02418	0.02323	0.01554	0.02218	0.01266	0.01484	0.00943	0.00690	0.00655	0.00218	0.01030	0.00515	0.00314	0.01065
69	0.01080	0.00720	0.00810	0.00810	0.00810	0.00720	0.00450	0.01080	0.01080	0.01439	0.02339	0.04858	0.02699	0.73910	0.03779	0.00720	0.00720	0.01080	0.00450	0.00450
70	0.00991	0.00682	0.00836	0.00923	0.00945	0.00661	0.00571	0.01056	0.01252	0.01670	0.03225	0.39538	0.03817	0.37705	0.02347	0.00508	0.00574	0.01601	0.00571	0.00527
71	0.01426	0.00843	0.01104	0.00990	0.01236	0.00763	0.00760	0.01758	0.02086	0.14165	0.54895	0.05113	0.09068	0.01434	0.00854	0.00234	0.00399	0.01253	0.00828	0.00792
72	0.04637	0.01369	0.02187	0.58857	0.04495	0.01742	0.01945	0.01892	0.01424	0.01940	0.01257	0.01895	0.00980	0.00822	0.00980	0.00258	0.11515	0.00648	0.00334	0.00822
73	0.02779	0.01227	0.01607	0.01275	0.01763	0.01120	0.01036	0.07584	0.04348	0.49360	0.16403	0.03103	0.02873	0.01043	0.00773	0.00231	0.00585	0.00867	0.00880	0.01145
74	0.01080	0.00720	0.00810	0.00810	0.00810	0.00720	0.00450	0.01080	0.01080	0.01439	0.02339	0.04858	0.02699	0.73910	0.03779	0.00720	0.00720	0.01080	0.00450	0.00450
75	0.03331	0.01263	0.01723	0.01321	0.01895	0.01091	0.01091	0.03618	0.02125	0.69794	0.02929	0.02527	0.01838	0.00919	0.00747	0.00230	0.00632	0.00747	0.00919	0.01263
76	0.00923	0.00675	0.00858	0.00975	0.01058	0.00621	0.00663	0.01077	0.01512	0.02000	0.11078	0.54490	0.13717	0.05348	0.01056	0.00306	0.00428	0.01913	0.00692	0.00609
77	0.01061	0.00810	0.00898	0.00859	0.01103	0.00715	0.00648	0.03425	0.01866	0.04323	0.23635	0.08543	0.45980	0.01736	0.00871	0.00246	0.00393	0.01470	0.00732	0.00686
78	0.74781	0.05568	0.01250	0.00993	0.01462	0.01737	0.00830	0.02185	0.01277	0.03241	0.01034	0.01205	0.00812	0.00686	0.00460	0.00226	0.00587	0.00402	0.00451	0.00812
79	0.01985	0.74357	0.03890	0.01270	0.01905	0.02937	0.01270	0.02223	0.01508	0.01747	0.01032	0.01191	0.00953	0.00635	0.00476	0.00159	0.00794	0.00397	0.00318	0.00953
80	0.01244	0.00986	0.01261	0.01158	0.01425	0.00958	0.05039	0.01806	0.12842	0.04621	0.16204	0.13001	0.25311	0.05544	0.01027	0.00284	0.00516	0.05307	0.00697	0.00769
81	0.01506	0.03721	0.65803	0.02182	0.03256	0.01734	0.06884	0.02353	0.01579	0.02353	0.01343	0.01596	0.00952	0.00700	0.00716	0.00236	0.01107	0.00570	0.00317	0.01091
82	0.02765	0.02104	0.02223	0.04447	0.02411	0.04813	0.01437	0.61928	0.03361	0.04465	0.01741	0.01774	0.01241	0.00881	0.00740	0.00223	0.00843	0.00661	0.00713	0.01231
83	0.01384	0.00692	0.00692	0.00692	0.00865	0.00692	0.00519	0.01730	0.01557	0.02768	0.02422	0.02768	0.01903	0.00865	0.00519	0.00173	0.00346	0.00692	0.78031	0.00692
84	0.00904	0.00646	0.00861	0.01034	0.01077	0.00603	0.00689	0.01034	0.01421	0.01895	0.04092	0.73426	0.04910	0.02326	0.00948	0.00301	0.00431	0.02110	0.00689	0.00603
85	0.03308	0.01299	0.01745	0.01338	0.01913	0.01145	0.01105	0.06411	0.02185	0.66915	0.02878	0.02494	0.01812	0.00918	0.00746	0.00229	0.00640	0.00743	0.00911	0.01263
86	0.00950	0.00684	0.00909	0.01061	0.01136	0.00642	0.00752	0.01122	0.01508	0.02003	0.07869	0.58597	0.07312	0.02227	0.00951	0.00301	0.00457	0.10203	0.00696	0.00620
87	0.01420	0.01337	0.02258	0.69393	0.07709	0.01654	0.02070	0.01912	0.01493	0.01918	0.01323	0.01973	0.00997	0.00739	0.00742	0.00246	0.00985	0.00660	0.00331	0.00839
88	0.01061	0.00795	0.01193	0.01193	0.01326	0.00928	0.00928	0.01326	0.01193	0.01723	0.01988	0.02916	0.01856	0.05568	0.70968	0.01193	0.01988	0.00795	0.00398	0.00663
89	0.01489	0.03840	0.70064	0.02116	0.03213	0.01724	0.02743	0.02351	0.01567	0.02351	0.01332	0.01567	0.00940	0.00705	0.00705	0.00235	0.01097	0.00549	0.00313	0.01097
90	0.07627	0.01273	0.01687	0.01301	0.01869	0.01124	0.01075	0.03537	0.02076	0.66027	0.02821	0.02452	0.01779	0.00906	0.00730	0.00230	0.00628	0.00727	0.00893	0.01237
91	0.00911	0.00649	0.00859	0.01025	0.01066	0.00608	0.00680	0.01035	0.01408	0.01877	0.04022	0.70713	0.04823	0.05158	0.01060	0.00318	0.00442	0.02070	0.00680	0.00597
92	0.01363	0.01307	0.01211	0.01173	0.01370	0.13596	0.00868	0.01676	0.04520	0.02351	0.28473	0.20147	0.13152	0.01583	0.00909	0.00248	0.03319	0.01342	0.00671	0.00721
93	0.01049	0.00744	0.00999	0.01152	0.01246	0.00724	0.00881	0.01255	0.01507	0.01985	0.03831	0.38003	0.04394	0.10040	0.01291	0.00365	0.00571	0.28682	0.00661	0.00621
94	0.01402	0.01319	0.02227	0.72126	0.05113	0.01649	0.02062	0.01897	0.01484	0.01897	0.01319	0.01979	0.00990	0.00742	0.00742	0.00247	0.00990	0.00660	0.00330	0.00825
95	0.01646	0.19434	0.46073	0.01884	0.02782	0.05219	0.04302	0.02300	0.01615	0.02225	0.04969	0.01704	0.01283	0.00734	0.00667	0.00216	0.01004	0.00565	0.00347	0.01029
96	0.01293	0.01314	0.04922	0.01556	0.01808	0.04908	0.11353	0.01658	0.05274	0.02049	0.03160	0.38031	0.05946	0.04050	0.01109	0.00296	0.06363	0.03586	0.00572	0.00751
97	0.01793	0.01780	0.05458	0.04260	0.62886	0.01699	0.02203	0.02207	0.01645	0.02358	0.01388	0.01851	0.01173	0.00772	0.00857	0.04651	0.00877	0.00656	0.00363	0.01125
98	0.02801	0.01900	0.02091	0.01626	0.02199	0.02063	0.01336	0.50276	0.09975	0.14812	0.02092	0.02003	0.01458	0.00908	0.00745	0.00227	0.00764	0.00699	0.00772	0.01254
99	0.06292	0.01456	0.04230	0.01367	0.01861	0.01365	0.03761	0.07154	0.18430	0.19431	0.06435	0.02866	0.06182	0.04959	0.00893	0.00249	0.00636	0.00807	0.00689	0.10938

[dist]
# distance from previous block
# <min> <max>
0	1

[block]
# block no. 1 follows, 27 sequences, length 44
# corresponding to MSA columns:
# 142-185
name=unknown_B
#
# <colnr> <probs for GDERKNQSTAVLIFYWHMCP>
#	G	D	E	R	K	N	Q	S	T	A	V	L	I	F	Y	W	H	M	C	P
0	0.01734	0.16444	0.02255	0.01490	0.01821	0.10573	0.09161	0.02026	0.01537	0.02122	0.01615	0.02098	0.01385	0.04350	0.05133	0.00289	0.11520	0.00644	0.22993	0.00811
1	0.01497	0.01581	0.05658	0.04913	0.04616	0.01387	0.25439	0.01923	0.01579	0.02246	0.01924	0.16004	0.01850	0.00984	0.00860	0.00225	0.04276	0.00964	0.00448	0.21626
2	0.05624	0.01094	0.05396	0.10866	0.01887	0.01032	0.04150	0.04223	0.01238	0.01747	0.01314	0.02089	0.01193	0.01949	0.02155	0.51767	0.00751	0.00640	0.00351	0.00536
3	0.00911	0.00649	0.00859	0.01025	0.01066	0.00608	0.00680	0.01035	0.01408	0.01877	0.04023	0.70742	0.04823	0.05128	0.01058	0.00318	0.00442	0.02070	0.00680	0.00597
4	0.03549	0.01612	0.04930	0.24695	0.06731	0.01635	0.27396	0.02003	0.01571	0.02157	0.01749	0.11667	0.01579	0.00932	0.00895	0.00258	0.04420	0.00933	0.00401	0.00888
5	0.01051	0.00759	0.00992	0.00934	0.01109	0.00700	0.00700	0.01401	0.02101	0.02977	0.68888	0.05545	0.07005	0.01518	0.00876	0.00233	0.00350	0.01343	0.00817	0.00700
6	0.05869	0.01895	0.02028	0.01581	0.02143	0.02057	0.01292	0.51783	0.06616	0.04208	0.01867	0.04698	0.01430	0.00915	0.00721	0.00217	0.00753	0.00703	0.00700	0.08524
7	0.01389	0.01184	0.01602	0.01406	0.01581	0.01418	0.01136	0.01636	0.01271	0.01981	0.01543	0.02182	0.01403	0.02590	0.25437	0.00570	0.28124	0.00669	0.09112	0.13765
8	0.09252	0.01567	0.04435	0.01548	0.05460	0.01587	0.01195	0.23842	0.11356	0.06590	0.10886	0.12535	0.04241	0.01174	0.00765	0.00241	0.00645	0.00975	0.00689	0.01017
9	0.01489	0.03840	0.70064	0.02116	0.03213	0.01724	0.02743	0.02351	0.01567	0.02351	0.01332	0.01567	0.00940	0.00705	0.00705	0.00235	0.01097	0.00549	0.00313	0.01097
10	0.01289	0.00645	0.00967	0.00967	0.00967	0.00645	0.00645	0.00967	0.00967	0.01289	0.01289	0.02257	0.01289	0.02579	0.02901	0.78401	0.00645	0.00645	0.00322	0.00322
11	0.01086	0.00937	0.03979	0.01144	0.01300	0.00847	0.00859	0.01531	0.10756	0.02087	0.03887	0.50456	0.07120	0.05358	0.01043	0.00311	0.00507	0.05420	0.00671	0.00703
12	0.02269	0.02560	0.03968	0.07344	0.07501	0.33413	0.01500	0.06006	0.22973	0.02422	0.01808	0.01906	0.01405	0.00836	0.00712	0.00220	0.01009	0.00631	0.00510	0.01006
13	0.01080	0.00720	0.00810	0.00810	0.00810	0.00720	0.00450	0.01080	0.01080	0.01439	0.02339	0.04858	0.02699	0.73910	0.03779	0.00720	0.00720	0.01080	0.00450	0.00450
14	0.02932	0.01175	0.01595	0.01253	0.01758	0.01023	0.01023	0.03230	0.02121	0.58113	0.14459	0.03054	0.02741	0.01024	0.00769	0.00230	0.00582	0.00851	0.00901	0.01165
15	0.04966	0.03018	0.48055	0.02043	0.05663	0.01614	0.05240	0.02181	0.01621	0.02460	0.10772	0.02143	0.01804	0.00842	0.00811	0.00239	0.04440	0.00678	0.00396	0.01013
16	0.01736	0.17915	0.03465	0.02261	0.02715	0.02207	0.28482	0.02107	0.01483	0.02026	0.01299	0.03831	0.01150	0.00903	0.01309	0.00256	0.24853	0.00731	0.00355	0.00916
17	0.02726	0.01641	0.01881	0.01484	0.02002	0.01713	0.01208	0.39074	0.02806	0.23480	0.02364	0.08721	0.01801	0.01032	0.00752	0.00230	0.00705	0.00827	0.04377	0.01175
18	0.01059	0.00784	0.01051	0.01232	0.04462	0.00762	0.00830	0.01314	0.03815	0.02091	0.11533	0.42936	0.04566	0.09657	0.01233	0.00338	0.00514	0.10501	0.00665	0.00657
19	0.01719	0.25972	0.33473	0.10272	0.02909	0.06168	0.02059	0.02264	0.01549	0.02044	0.01207	0.01486	0.00953	0.00719	0.00718	0.00214	0.04448	0.00514	0.00321	0.00990
20	0.02765	0.03163	0.02108	0.01858	0.02264	0.55835	0.01422	0.11562	0.02257	0.05481	0.01313	0.01466	0.01041	0.00809	0.00747	0.00202	0.03798	0.00523	0.00455	0.00932
21	0.63666	0.01580	0.05312	0.07951	0.05037	0.01672	0.01105	0.02169	0.01322	0.03096	0.01095	0.01330	0.00847	0.00694	0.00513	0.00231	0.00658	0.00447	0.00434	0.00840
22	0.01078	0.00727	0.00847	0.00847	0.00860	0.00740	0.00496	0.01104	0.01091	0.01467	0.02305	0.04669	0.02617	0.67248	0.10329	0.00766	0.00843	0.01052	0.00445	0.00471
23	0.01339	0.01093	0.01373	0.01256	0.01427	0.03566	0.00985	0.01584	0.01313	0.01982	0.01826	0.04500	0.01695	0.06393	0.29744	0.00643	0.15846	0.00748	0.13296	0.09393
24	0.02780	0.01711	0.01941	0.01503	0.02065	0.01781	0.01235	0.39560	0.05203	0.23197	0.02300	0.02188	0.03126	0.00912	0.00731	0.00220	0.00716	0.00710	0.03563	0.04560
25	0.00933	0.00754	0.00829	0.00810	0.01037	0.00650	0.00608	0.01173	0.01823	0.02317	0.27183	0.06632	0.49121	0.01764	0.00877	0.00245	0.00368	0.01495	0.00730	0.00650
26	0.06718	0.01330	0.01715	0.01334	0.01895	0.01219	0.01098	0.06586	0.05990	0.59729	0.02792	0.02444	0.01788	0.00912	0.00734	0.00231	0.00635	0.00732	0.00880	0.01237
27	0.16365	0.01461	0.06800	0.05028	0.11033	0.01315	0.01259	0.02404	0.06979	0.17486	0.09697	0.03106	0.12007	0.01028	0.00721	0.00235	0.00637	0.00842	0.00626	0.00972
28	0.01809	0.01763	0.03096	0.07715	0.60362	0.01768	0.07969	0.02269	0.01686	0.02395	0.01402	0.01859	0.01162	0.00662	0.00748	0.00224	0.00920	0.00680	0.00366	0.01143
29	0.03331	0.01263	0.01723	0.01321	0.01895	0.01091	0.01091	0.03618	0.02125	0.69794	0.02929	0.02527	0.01838	0.00919	0.00747	0.00230	0.00632	0.00747	0.00919	0.01263
30	0.01642	0.00972	0.01030	0.00928	0.01181	0.01025	0.00724	0.14460	0.01909	0.03065	0.02264	0.02586	0.01774	0.01220	0.05801	0.00259	0.00560	0.00695	0.57103	0.00802
31	0.01559	0.13779	0.60737	0.01997	0.03029	0.01895	0.02535	0.02333	0.01559	0.02266	0.01290	0.01514	0.00942	0.00695	0.00673	0.00224	0.01054	0.00527	0.00314	0.01077
32	0.02326	0.02749	0.02403	0.02669	0.21358	0.42558	0.04778	0.02615	0.01899	0.02010	0.01300	0.01633	0.01096	0.01097	0.06080	0.00279	0.01254	0.00574	0.00379	0.00942
33	0.06897	0.01271	0.01693	0.01305	0.01873	0.01118	0.01078	0.03550	0.02084	0.66668	0.02840	0.02465	0.01789	0.00908	0.00733	0.00230	0.00629	0.00730	0.00897	0.01242
34	0.00943	0.00707	0.01020	0.01128	0.01203	0.00660	0.03663	0.01094	0.01436	0.01917	0.03975	0.70203	0.04739	0.02249	0.00944	0.00299	0.00468	0.02055	0.00675	0.00621
35	0.01752	0.01248	0.01475	0.04569	0.01756	0.01322	0.01036	0.23538	0.05782	0.06180	0.06177	0.33713	0.03255	0.03432	0.00918	0.00274	0.00608	0.01360	0.00705	0.00899
36	0.04438	0.01037	0.01111	0.00981	0.01268	0.01086	0.00770	0.14489	0.01884	0.03026	0.02137	0.02468	0.01689	0.01379	0.08538	0.00297	0.00644	0.00675	0.47067	0.05016
37	0.01059	0.00753	0.00923	0.00995	0.01073	0.00731	0.00662	0.04626	0.01489	0.01984	0.06675	0.45816	0.07078	0.20610	0.01658	0.00399	0.00520	0.01707	0.00636	0.00605
38	0.05134	0.05574	0.16216	0.09416	0.28236	0.01843	0.15049	0.02248	0.01607	0.02332	0.01345	0.01762	0.01067	0.00700	0.00814	0.00234	0.04360	0.00658	0.00355	0.01050
39	0.07489	0.01816	0.09687	0.18624	0.11099	0.06847	0.04835	0.02333	0.10814	0.02386	0.03647	0.03065	0.01866	0.00993	0.00769	0.00253	0.00874	0.11195	0.00478	0.00930
40	0.02408	0.16381	0.09652	0.02047	0.08666	0.38260	0.01619	0.08536	0.02025	0.02179	0.01227	0.01423	0.01003	0.00736	0.00650	0.00195	0.01122	0.00505	0.00395	0.00969
41	0.01933	0.26889	0.09636	0.05242	0.02149	0.07561	0.01370	0.14199	0.05041	0.02518	0.02272	0.02356	0.10387	0.00904	0.00649	0.00204	0.00796	0.00678	0.04251	0.00965
42	0.06077	0.06654	0.01468	0.05414	0.01652	0.01219	0.00947	0.05014	0.09903	0.09569	0.23633	0.11832	0.11042	0.01335	0.00787	0.00239	0.00527	0.01133	0.00699	0.00855
43	0.01987	0.13622	0.05220	0.01501	0.04799	0.01504	0.04345	0.05042	0.01835	0.20206	0.09406	0.06531	0.13086	0.01146	0.00877	0.00233	0.06144	0.00927	0.00628	0.00962

[dist]
# distance from previous block
# <min> <max>
6	27

[block]
# block no. 2 follows, 27 sequences, length 20
# corresponding to MSA columns:
# 215-234
name=unknown_C
#
# <colnr> <probs for GDERKNQSTAVLIFYWHMCP>
#	G	D	E	R	K	N	Q	S	T	A	V	L	I	F	Y	W	H	M	C	P
0	0.01879	0.07152	0.01511	0.01148	0.01511	0.01131	0.00928	0.02379	0.09543	0.22438	0.25374	0.06245	0.10182	0.01292	0.00800	0.00237	0.00518	0.04023	0.00776	0.00931
1	0.01329	0.00927	0.01080	0.04993	0.01461	0.00868	0.00809	0.04919	0.03925	0.09800	0.05646	0.14600	0.41452	0.01691	0.00858	0.00256	0.00486	0.03442	0.00700	0.00759
2	0.01790	0.05352	0.40849	0.05618	0.09627	0.01878	0.07718	0.13563	0.01924	0.02726	0.01421	0.01675	0.01038	0.00726	0.00723	0.00231	0.01025	0.00608	0.00400	0.01108
3	0.01923	0.02051	0.09052	0.09863	0.44666	0.05407	0.03879	0.09557	0.01886	0.02592	0.01417	0.01797	0.01134	0.00703	0.00734	0.00224	0.00938	0.00648	0.00402	0.01126
4	0.01032	0.00780	0.00841	0.00811	0.01066	0.00663	0.00613	0.01251	0.01780	0.05682	0.17065	0.06650	0.55611	0.01772	0.00870	0.00247	0.00385	0.01488	0.00722	0.00672
5	0.01760	0.01730	0.02600	0.14699	0.34768	0.06526	0.07180	0.02402	0.09798	0.02421	0.07211	0.02263	0.01746	0.00793	0.00757	0.00230	0.00882	0.00744	0.00448	0.01042
6	0.01677	0.01521	0.02231	0.44866	0.13139	0.03515	0.01872	0.10494	0.04912	0.02392	0.01782	0.02218	0.04583	0.00822	0.00747	0.00239	0.00911	0.00711	0.00429	0.00937
7	0.00904	0.00646	0.00861	0.01034	0.01077	0.00603	0.00689	0.01034	0.01421	0.01895	0.04092	0.73426	0.04910	0.02326	0.00948	0.00301	0.00431	0.02110	0.00689	0.00603
8	0.01755	0.01917	0.08282	0.19377	0.46355	0.04973	0.02228	0.02231	0.01653	0.02272	0.01362	0.01824	0.01105	0.00688	0.00731	0.00226	0.00945	0.00643	0.00355	0.01076
9	0.02086	0.51966	0.11188	0.01497	0.02135	0.16460	0.01474	0.02387	0.01635	0.01831	0.01090	0.01264	0.00952	0.00669	0.00542	0.00174	0.00938	0.00431	0.00330	0.00951
10	0.01609	0.01101	0.01284	0.01126	0.01389	0.01146	0.00866	0.16320	0.02077	0.06314	0.19353	0.07175	0.10036	0.09702	0.05159	0.00341	0.03345	0.01054	0.09784	0.00818
11	0.03202	0.01235	0.01681	0.01299	0.01851	0.01069	0.01069	0.03492	0.02123	0.66006	0.06668	0.02698	0.02131	0.00953	0.00754	0.00230	0.00616	0.00780	0.00913	0.01231
12	0.01387	0.00830	0.01078	0.01080	0.01297	0.00757	0.00837	0.01639	0.01779	0.13373	0.17757	0.23974	0.15304	0.01800	0.00903	0.00275	0.00488	0.13937	0.00752	0.00752
13	0.01962	0.01433	0.01598	0.07130	0.02012	0.04071	0.01130	0.13209	0.21271	0.12718	0.06438	0.09157	0.12261	0.01209	0.00788	0.00244	0.00637	0.01008	0.00716	0.01010
14	0.01996	0.01509	0.01764	0.04894	0.05130	0.01636	0.01220	0.34787	0.05889	0.03400	0.02604	0.26619	0.02558	0.01375	0.00814	0.00253	0.00683	0.01175	0.00688	0.01005
15	0.02370	0.01328	0.01586	0.01311	0.01765	0.01329	0.01050	0.10732	0.18576	0.30220	0.12611	0.03317	0.08259	0.01104	0.00778	0.00237	0.00581	0.00914	0.00823	0.01108
16	0.15663	0.01657	0.01807	0.01433	0.01970	0.01764	0.01175	0.30885	0.07961	0.22324	0.04511	0.02109	0.01635	0.00897	0.00702	0.00229	0.00689	0.00684	0.00748	0.01158
17	0.02747	0.01898	0.02060	0.01593	0.02151	0.02069	0.01311	0.56200	0.03218	0.09962	0.01930	0.01925	0.01363	0.00891	0.00725	0.00219	0.00763	0.00677	0.07083	0.01216
18	0.09997	0.01425	0.02158	0.20886	0.07121	0.01732	0.07627	0.01899	0.01385	0.02165	0.01418	0.04467	0.01236	0.01119	0.03537	0.00295	0.23136	0.00709	0.06855	0.00833
19	0.02822	0.02079	0.02228	0.01708	0.02302	0.02302	0.01411	0.66804	0.03490	0.04679	0.01782	0.01782	0.01262	0.00891	0.00743	0.00223	0.00817	0.00668	0.00743	0.01262

[dist]
# distance from previous block
# <min> <max>
0	8

[block]
# block no. 3 follows, 27 sequences, length 6
# corresponding to MSA columns:
# 243-248
name=unknown_D
#
# <colnr> <probs for GDERKNQSTAVLIFYWHMCP>
#	G	D	E	R	K	N	Q	S	T	A	V	L	I	F	Y	W	H	M	C	P
0	0.19907	0.00922	0.00991	0.00925	0.01177	0.00926	0.00711	0.01555	0.01856	0.02960	0.46047	0.04665	0.12012	0.01355	0.00775	0.00234	0.00407	0.01139	0.00717	0.00718
1	0.01732	0.01747	0.03285	0.02599	0.07134	0.01733	0.39890	0.02602	0.17661	0.02442	0.01840	0.02204	0.01422	0.00925	0.01051	0.08453	0.01005	0.00830	0.00461	0.00983
2	0.05831	0.01113	0.01412	0.01159	0.01550	0.01029	0.00895	0.02775	0.04894	0.41777	0.08139	0.03293	0.02446	0.18602	0.01478	0.00349	0.00625	0.00865	0.00770	0.00996
3	0.01477	0.01576	0.03137	0.02470	0.06850	0.01465	0.41462	0.01946	0.01707	0.02252	0.03160	0.09022	0.17833	0.01069	0.00874	0.00253	0.00951	0.01130	0.00476	0.00889
4	0.09549	0.01239	0.01526	0.01300	0.01722	0.01272	0.01043	0.03002	0.16327	0.32424	0.02545	0.02551	0.01840	0.02040	0.17692	0.00467	0.00944	0.00747	0.00714	0.01056
5	0.02535	0.01515	0.04602	0.02135	0.18183	0.01379	0.01431	0.08153	0.05922	0.34848	0.09274	0.02592	0.02159	0.00914	0.00756	0.00229	0.00693	0.00780	0.00728	0.01172

[dist]
# distance from previous block
# <min> <max>
0	4

[block]
# block no. 4 follows, 27 sequences, length 7
# corresponding to MSA columns:
# 253-259
name=unknown_E
#
# <colnr> <probs for GDERKNQSTAVLIFYWHMCP>
#	G	D	E	R	K	N	Q	S	T	A	V	L	I	F	Y	W	H	M	C	P
0	0.06334	0.11108	0.29506	0.02409	0.18715	0.01813	0.02048	0.02564	0.06416	0.09891	0.01594	0.01760	0.01186	0.00731	0.00679	0.00223	0.00891	0.00592	0.00434	0.01106
1	0.01099	0.00831	0.01183	0.01163	0.01262	0.00969	0.00876	0.01305	0.01167	0.01671	0.01996	0.03221	0.01969	0.18787	0.53551	0.01047	0.06028	0.00843	0.00404	0.00630
2	0.01054	0.00774	0.00936	0.01005	0.01127	0.00738	0.00708	0.04682	0.01585	0.02067	0.06649	0.39896	0.17068	0.11996	0.01317	0.00345	0.00496	0.06261	0.00663	0.00632
3	0.02137	0.01858	0.05349	0.15513	0.34903	0.08771	0.01938	0.02549	0.01777	0.15552	0.01657	0.01935	0.01241	0.00739	0.00730	0.00225	0.00908	0.00654	0.00469	0.01095
4	0.01879	0.01745	0.02393	0.11156	0.31111	0.09957	0.04532	0.08039	0.01743	0.02272	0.01376	0.01878	0.01156	0.01081	0.01162	0.15641	0.00913	0.00646	0.00391	0.00929
5	0.01966	0.02057	0.02733	0.12709	0.47832	0.15390	0.02084	0.02365	0.01745	0.02237	0.01337	0.01757	0.01109	0.00692	0.00723	0.00218	0.00986	0.00625	0.00366	0.01069
6	0.01916	0.02045	0.09737	0.15518	0.02685	0.13797	0.01528	0.09267	0.16293	0.05550	0.04432	0.10018	0.01964	0.01025	0.00756	0.00239	0.00858	0.00843	0.00555	0.00975

[dist]
# distance from previous block
# <min> <max>
13	16

[block]
# block no. 5 follows, 27 sequences, length 23
# corresponding to MSA columns:
# 276-298
name=unknown_F
#
# <colnr> <probs for GDERKNQSTAVLIFYWHMCP>
#	G	D	E	R	K	N	Q	S	T	A	V	L	I	F	Y	W	H	M	C	P
0	0.01752	0.01146	0.01241	0.01066	0.01360	0.01208	0.00828	0.19433	0.02025	0.03090	0.02185	0.05472	0.01829	0.06703	0.00928	0.00237	0.03187	0.00757	0.39704	0.05849
1	0.01899	0.01337	0.01539	0.01302	0.01694	0.01384	0.01024	0.17982	0.16353	0.09973	0.22486	0.08526	0.03521	0.01190	0.00787	0.00231	0.00562	0.01007	0.00760	0.06444
2	0.24128	0.01405	0.01789	0.01832	0.14413	0.01377	0.01234	0.02967	0.01804	0.38676	0.02114	0.02030	0.01426	0.00807	0.00665	0.00228	0.00663	0.00635	0.00688	0.01119
3	0.02606	0.02005	0.02358	0.02236	0.14860	0.02186	0.01566	0.52673	0.05226	0.04205	0.01750	0.01824	0.01279	0.00852	0.00742	0.00223	0.00822	0.00673	0.00673	0.01243
4	0.02030	0.02045	0.01697	0.01535	0.01910	0.22519	0.01189	0.08373	0.28136	0.02703	0.08295	0.03150	0.07305	0.01095	0.00764	0.00235	0.00804	0.04600	0.00638	0.00977
5	0.01122	0.00802	0.01035	0.04129	0.01358	0.00801	0.00821	0.06359	0.01611	0.02185	0.03682	0.57133	0.04240	0.02043	0.00901	0.00287	0.00493	0.05028	0.05295	0.00674
6	0.01045	0.00711	0.00847	0.00879	0.00897	0.00713	0.00529	0.01089	0.01152	0.01545	0.02643	0.17586	0.03053	0.55544	0.08096	0.00675	0.00757	0.01253	0.00491	0.00494
7	0.01337	0.01216	0.01977	0.54274	0.06304	0.01463	0.01782	0.01815	0.03688	0.01954	0.01899	0.15409	0.01774	0.01046	0.00781	0.00257	0.00868	0.00938	0.00413	0.00806
8	0.02466	0.18277	0.10281	0.01777	0.02319	0.40650	0.01547	0.10242	0.02080	0.02200	0.01219	0.01386	0.00990	0.00746	0.00642	0.00193	0.01135	0.00492	0.00403	0.00954
9	0.64829	0.01556	0.01304	0.01114	0.01598	0.01785	0.00918	0.14309	0.01681	0.03584	0.01174	0.01314	0.00890	0.00727	0.00513	0.00228	0.00620	0.00452	0.00513	0.00890
10	0.00882	0.00732	0.00773	0.00805	0.01017	0.00622	0.00588	0.01059	0.01641	0.01985	0.06877	0.19583	0.56955	0.01964	0.00891	0.00260	0.00386	0.01669	0.00689	0.00622
11	0.02002	0.02127	0.02638	0.09140	0.44566	0.18921	0.01983	0.02381	0.01794	0.02255	0.04220	0.01883	0.01356	0.00730	0.00725	0.00216	0.00981	0.00645	0.00387	0.01049
12	0.01566	0.01568	0.04289	0.19243	0.31569	0.04158	0.05722	0.01972	0.01609	0.02170	0.01943	0.15453	0.01894	0.01031	0.00789	0.00246	0.00863	0.02539	0.00427	0.00950
13	0.01742	0.01601	0.02616	0.37112	0.03951	0.01838	0.14608	0.14142	0.01876	0.02499	0.01441	0.01955	0.01100	0.00976	0.03597	0.00286	0.06600	0.00709	0.00419	0.00935
14	0.02317	0.02778	0.01881	0.01710	0.01975	0.49478	0.01272	0.02469	0.01795	0.01742	0.01350	0.02034	0.01285	0.14556	0.01466	0.00307	0.09807	0.00612	0.00388	0.00778
15	0.01503	0.03745	0.10134	0.06114	0.08632	0.01190	0.04981	0.01931	0.04143	0.09973	0.05501	0.10504	0.23595	0.01328	0.00813	0.00248	0.00670	0.03526	0.00590	0.00879
16	0.01428	0.01319	0.02098	0.58797	0.04484	0.01526	0.01840	0.01892	0.01495	0.01995	0.01319	0.01897	0.01010	0.00706	0.00706	0.00222	0.00907	0.00618	0.00351	0.15392
17	0.01818	0.01777	0.02697	0.05513	0.37107	0.05843	0.09676	0.02570	0.14150	0.02477	0.01908	0.02551	0.01613	0.00846	0.00776	0.00239	0.00885	0.06001	0.00467	0.01084
18	0.00945	0.00663	0.00849	0.00982	0.01015	0.00630	0.00634	0.01044	0.01342	0.01790	0.03686	0.57565	0.04399	0.18885	0.01602	0.00398	0.00498	0.01872	0.00634	0.00568
19	0.01695	0.10486	0.04611	0.01761	0.02212	0.07077	0.13594	0.04797	0.01616	0.02175	0.01800	0.08558	0.04198	0.01154	0.03689	0.00261	0.13666	0.00786	0.00429	0.15434
20	0.01628	0.11407	0.31615	0.05977	0.04231	0.01676	0.04248	0.02125	0.01487	0.06914	0.01584	0.02258	0.01355	0.14485	0.01372	0.00323	0.05320	0.00671	0.00389	0.00934
21	0.01329	0.01047	0.01380	0.03996	0.01566	0.01207	0.01029	0.09061	0.01586	0.02216	0.02735	0.34852	0.02993	0.02350	0.12125	0.00428	0.14065	0.01347	0.03945	0.00741
22	0.01579	0.01627	0.03203	0.29351	0.08033	0.01690	0.33126	0.02115	0.01627	0.02197	0.01554	0.04481	0.01240	0.00741	0.00804	0.00246	0.01064	0.00816	0.03588	0.00918

[dist]
# distance from previous block
# <min> <max>
0	55

# created by:
# /st0/software/busco_prod/Augustus/scripts/msa2prfl.pl ./align_prep/154588.fa
