[name]
unknown

[dist]
# distance from previous block
# <min> <max>
0	68

[block]
# block no. 0 follows, 26 sequences, length 11
# corresponding to MSA columns:
# 68-78
name=unknown_A
#
# <colnr> <probs for GDERKNQSTAVLIFYWHMCP>
#	G	D	E	R	K	N	Q	S	T	A	V	L	I	F	Y	W	H	M	C	P
0	0.02011	0.01703	0.08323	0.04882	0.02351	0.01523	0.06298	0.16785	0.06964	0.10599	0.02518	0.03810	0.02205	0.01168	0.00827	0.00257	0.00801	0.17906	0.00645	0.08422
1	0.01959	0.00867	0.00996	0.00883	0.01172	0.00819	0.00690	0.02296	0.01750	0.21003	0.02616	0.02760	0.01926	0.00899	0.00594	0.00193	0.00434	0.00722	0.56554	0.00867
2	0.01613	0.00913	0.01081	0.00959	0.01292	0.00783	0.00747	0.01860	0.01919	0.20602	0.16439	0.05735	0.39952	0.01590	0.00860	0.00247	0.00451	0.01333	0.00790	0.00831
3	0.01054	0.00715	0.00842	0.00890	0.00902	0.00703	0.00527	0.01090	0.01199	0.01598	0.02881	0.23571	0.03377	0.53891	0.03068	0.00618	0.00654	0.01392	0.00527	0.00502
4	0.01321	0.00726	0.00791	0.00775	0.00952	0.00709	0.00581	0.01675	0.01743	0.02886	0.20493	0.03606	0.03373	0.01067	0.00630	0.00194	0.00355	0.00889	0.56525	0.00709
5	0.02111	0.02711	0.13243	0.02675	0.05661	0.20598	0.33759	0.02642	0.01875	0.05217	0.01470	0.01812	0.01109	0.00705	0.00800	0.00235	0.01238	0.00721	0.00400	0.01016
6	0.01000	0.00809	0.00895	0.00970	0.04191	0.00722	0.00628	0.01152	0.01557	0.01911	0.05935	0.06401	0.47140	0.21438	0.01702	0.00386	0.00505	0.01420	0.00622	0.00618
7	0.02306	0.01042	0.01402	0.01173	0.01559	0.00921	0.00928	0.02613	0.02109	0.38234	0.28717	0.08939	0.04183	0.01285	0.00830	0.00242	0.00517	0.01104	0.00881	0.01015
8	0.05217	0.01270	0.01703	0.20981	0.02624	0.01457	0.01342	0.07887	0.07906	0.08546	0.02464	0.21494	0.02351	0.01314	0.00967	0.00269	0.07624	0.01094	0.02600	0.00890
9	0.06208	0.07465	0.02385	0.21234	0.11880	0.20633	0.01694	0.11823	0.05122	0.02528	0.01426	0.01733	0.01117	0.00778	0.00703	0.00222	0.01012	0.00600	0.00445	0.00991
10	0.02649	0.01690	0.02055	0.01785	0.08292	0.01687	0.01326	0.29993	0.02595	0.21712	0.02033	0.02033	0.01436	0.01003	0.03138	0.00244	0.00785	0.00669	0.00708	0.14164

[dist]
# distance from previous block
# <min> <max>
0	4

[block]
# block no. 1 follows, 26 sequences, length 6
# corresponding to MSA columns:
# 83-88
name=unknown_B
#
# <colnr> <probs for GDERKNQSTAVLIFYWHMCP>
#	G	D	E	R	K	N	Q	S	T	A	V	L	I	F	Y	W	H	M	C	P
0	0.01887	0.01666	0.01706	0.01588	0.01921	0.09472	0.01273	0.03126	0.35535	0.05685	0.02894	0.03890	0.02505	0.01274	0.00980	0.00277	0.07126	0.15499	0.00679	0.01017
1	0.02255	0.01639	0.01926	0.11990	0.02518	0.06237	0.03426	0.08789	0.21511	0.18394	0.02572	0.02531	0.04641	0.00928	0.00753	0.00232	0.00755	0.00768	0.00677	0.07457
2	0.01502	0.00822	0.01072	0.01088	0.01287	0.00736	0.00784	0.01680	0.01657	0.17724	0.04354	0.47901	0.12442	0.01980	0.00911	0.00284	0.00481	0.01758	0.00759	0.00778
3	0.00969	0.00695	0.00920	0.01026	0.01110	0.00646	0.00708	0.01169	0.01661	0.02268	0.23399	0.52684	0.05659	0.02129	0.00946	0.00287	0.00415	0.01921	0.00743	0.00646
4	0.01588	0.02134	0.17997	0.01980	0.02252	0.02099	0.01880	0.01929	0.01269	0.01956	0.01151	0.01734	0.01048	0.01477	0.06619	0.00370	0.50645	0.00650	0.00334	0.00888
5	0.02217	0.02343	0.18083	0.01897	0.02577	0.01941	0.08735	0.28913	0.10913	0.06401	0.01936	0.02172	0.01456	0.05773	0.00977	0.00272	0.00905	0.00732	0.00604	0.01153

[dist]
# distance from previous block
# <min> <max>
0	4

[block]
# block no. 2 follows, 26 sequences, length 41
# corresponding to MSA columns:
# 93-133
name=unknown_C
#
# <colnr> <probs for GDERKNQSTAVLIFYWHMCP>
#	G	D	E	R	K	N	Q	S	T	A	V	L	I	F	Y	W	H	M	C	P
0	0.02028	0.73799	0.03975	0.01298	0.01947	0.03001	0.01298	0.02271	0.01541	0.01785	0.01055	0.01217	0.00973	0.00649	0.00487	0.00162	0.00811	0.00406	0.00324	0.00973
1	0.01860	0.41493	0.27731	0.01678	0.02455	0.05492	0.01874	0.02330	0.01571	0.02016	0.01169	0.01386	0.00970	0.00715	0.00682	0.00201	0.04556	0.00479	0.00326	0.01016
2	0.01792	0.01703	0.02895	0.13003	0.57595	0.01746	0.02251	0.02245	0.01701	0.02400	0.01531	0.02191	0.01317	0.00749	0.00765	0.00234	0.00906	0.03456	0.00385	0.01134
3	0.01083	0.00781	0.01027	0.00981	0.01160	0.00725	0.00747	0.01440	0.02123	0.02995	0.64288	0.05843	0.06986	0.01584	0.00904	0.00245	0.00379	0.05169	0.00827	0.00715
4	0.01043	0.00774	0.00972	0.00922	0.01115	0.00703	0.00692	0.01373	0.02075	0.02871	0.57834	0.05946	0.17641	0.01614	0.00895	0.00242	0.00362	0.01411	0.00813	0.00703
5	0.03403	0.01291	0.01760	0.01350	0.01936	0.01115	0.01115	0.03697	0.02171	0.69137	0.02992	0.02582	0.01878	0.00939	0.00763	0.00235	0.00645	0.00763	0.00939	0.01291
6	0.01103	0.00735	0.00827	0.00827	0.00827	0.00735	0.00460	0.01103	0.01103	0.01471	0.02390	0.04964	0.02758	0.73343	0.03861	0.00735	0.00735	0.01103	0.00460	0.00460
7	0.01701	0.02042	0.09288	0.15262	0.07036	0.01827	0.44134	0.02317	0.01716	0.02344	0.01476	0.01981	0.01112	0.00666	0.00838	0.00248	0.01176	0.00803	0.00372	0.03663
8	0.02028	0.73799	0.03975	0.01298	0.01947	0.03001	0.01298	0.02271	0.01541	0.01785	0.01055	0.01217	0.00973	0.00649	0.00487	0.00162	0.00811	0.00406	0.00324	0.00973
9	0.00896	0.00768	0.00768	0.00768	0.01025	0.00640	0.00576	0.01089	0.01729	0.02049	0.07684	0.07300	0.68304	0.01921	0.00896	0.00256	0.00384	0.01601	0.00704	0.00640
10	0.02402	0.02752	0.02531	0.05540	0.28995	0.37883	0.01833	0.05027	0.02010	0.02216	0.01305	0.01612	0.01080	0.00743	0.00716	0.00211	0.01148	0.00577	0.00396	0.01022
11	0.01573	0.01348	0.01573	0.01123	0.01798	0.01011	0.00899	0.01910	0.01573	0.02472	0.01348	0.01573	0.01123	0.00562	0.00562	0.00112	0.00562	0.00449	0.00449	0.77980
12	0.03108	0.01765	0.02054	0.01574	0.02173	0.01818	0.01301	0.39155	0.02964	0.32559	0.02327	0.02149	0.01544	0.00923	0.00761	0.00231	0.00753	0.00717	0.00836	0.01290
13	0.03403	0.01291	0.01760	0.01350	0.01936	0.01115	0.01115	0.03697	0.02171	0.69137	0.02992	0.02582	0.01878	0.00939	0.00763	0.00235	0.00645	0.00763	0.00939	0.01291
14	0.01187	0.00921	0.01361	0.03657	0.01431	0.00915	0.08475	0.01341	0.01342	0.01819	0.10113	0.06817	0.03063	0.48004	0.05931	0.00609	0.00814	0.01118	0.00497	0.00587
15	0.01432	0.01348	0.02275	0.71520	0.05224	0.01685	0.02107	0.01938	0.01517	0.01938	0.01348	0.02022	0.01011	0.00758	0.00758	0.00253	0.01011	0.00674	0.00337	0.00843
16	0.01659	0.01659	0.02323	0.01991	0.01991	0.02323	0.01659	0.01825	0.01162	0.01825	0.00996	0.01659	0.00996	0.01328	0.02489	0.00332	0.71955	0.00664	0.00332	0.00830
17	0.01084	0.00809	0.01201	0.01201	0.01330	0.00938	0.00926	0.01343	0.01214	0.01747	0.02048	0.03071	0.01936	0.08794	0.67286	0.01197	0.01972	0.00826	0.00409	0.00667
18	0.00924	0.00660	0.00880	0.01056	0.01100	0.00616	0.00704	0.01056	0.01452	0.01936	0.04181	0.72848	0.05017	0.02376	0.00968	0.00308	0.00440	0.02156	0.00704	0.00616
19	0.01065	0.00775	0.01003	0.00946	0.01128	0.00712	0.00709	0.01416	0.02128	0.02996	0.65423	0.05741	0.09974	0.01568	0.00895	0.00239	0.00359	0.01382	0.00829	0.00712
20	0.00912	0.00769	0.00789	0.00784	0.01034	0.00647	0.00588	0.01118	0.01765	0.02134	0.12882	0.07159	0.63053	0.01889	0.00896	0.00255	0.00382	0.01581	0.00716	0.00647
21	0.01632	0.01383	0.01604	0.01151	0.01822	0.01071	0.00923	0.04796	0.01663	0.02575	0.01369	0.01584	0.01131	0.00577	0.00571	0.00118	0.00574	0.00460	0.00463	0.74531
22	0.01349	0.01151	0.01744	0.02291	0.25870	0.01106	0.01291	0.01722	0.01946	0.02724	0.36948	0.04459	0.11810	0.01271	0.00842	0.00236	0.00560	0.01142	0.00652	0.00885
23	0.01741	0.11335	0.41208	0.02371	0.06135	0.01912	0.16772	0.02448	0.01668	0.05344	0.01441	0.01714	0.01057	0.00702	0.00736	0.00234	0.01090	0.00632	0.00365	0.01093
24	0.01659	0.01659	0.02323	0.01991	0.01991	0.02323	0.01659	0.01825	0.01162	0.01825	0.00996	0.01659	0.00996	0.01328	0.02489	0.00332	0.71955	0.00664	0.00332	0.00830
25	0.00896	0.00768	0.00768	0.00768	0.01025	0.00640	0.00576	0.01089	0.01729	0.02049	0.07684	0.07300	0.68304	0.01921	0.00896	0.00256	0.00384	0.01601	0.00704	0.00640
26	0.01804	0.01403	0.01640	0.01187	0.01850	0.01120	0.00955	0.06892	0.01767	0.07455	0.01503	0.01664	0.01190	0.00615	0.00591	0.00130	0.00588	0.00490	0.00508	0.66648
27	0.01887	0.01629	0.01715	0.01544	0.01972	0.01887	0.01201	0.04031	0.67241	0.03173	0.03087	0.02830	0.02315	0.01029	0.00772	0.00257	0.00600	0.00858	0.00772	0.01201
28	0.01074	0.00775	0.01014	0.00954	0.01133	0.00716	0.00716	0.01431	0.02147	0.03042	0.68211	0.05666	0.07157	0.01551	0.00895	0.00239	0.00358	0.01372	0.00835	0.00716
29	0.02055	0.02232	0.02612	0.19746	0.33898	0.22083	0.02020	0.02443	0.01802	0.02165	0.01333	0.01761	0.01090	0.00727	0.00733	0.00223	0.01066	0.00620	0.00371	0.01021
30	0.02282	0.51752	0.03408	0.01495	0.02072	0.21261	0.01349	0.05126	0.01791	0.01928	0.01118	0.01283	0.00988	0.00696	0.00552	0.00174	0.00963	0.00440	0.00361	0.00961
31	0.00924	0.00660	0.00880	0.01056	0.01100	0.00616	0.00704	0.01056	0.01452	0.01936	0.04181	0.72848	0.05017	0.02376	0.00968	0.00308	0.00440	0.02156	0.00704	0.00616
32	0.01755	0.01948	0.04052	0.08214	0.06471	0.01935	0.52471	0.02332	0.01708	0.02338	0.01465	0.02001	0.01128	0.00715	0.01031	0.00262	0.07955	0.00848	0.00375	0.00998
33	0.04900	0.01376	0.02264	0.64986	0.08271	0.01692	0.02060	0.01971	0.01517	0.02031	0.01339	0.01980	0.01012	0.00752	0.00745	0.00251	0.00987	0.00662	0.00345	0.00860
34	0.06468	0.01559	0.02338	0.44601	0.15058	0.01816	0.01955	0.12587	0.01875	0.02586	0.01421	0.01917	0.01077	0.00766	0.00740	0.00243	0.00938	0.00660	0.00421	0.00975
35	0.02271	0.20714	0.05402	0.01443	0.02056	0.07551	0.01269	0.10235	0.09768	0.12994	0.01777	0.01801	0.01344	0.00765	0.00639	0.00188	0.00768	0.00571	0.00557	0.17886
36	0.01578	0.11785	0.62051	0.02065	0.03133	0.01901	0.02633	0.02387	0.01595	0.02333	0.01327	0.01558	0.00962	0.00713	0.00694	0.00231	0.01086	0.00543	0.00321	0.01104
37	0.02005	0.69390	0.03874	0.01340	0.01950	0.02960	0.01320	0.02244	0.01518	0.01787	0.01051	0.01244	0.00975	0.00690	0.00609	0.00173	0.05159	0.00421	0.00325	0.00965
38	0.01139	0.00862	0.01195	0.01167	0.01250	0.01002	0.00861	0.01319	0.01179	0.01679	0.02051	0.03467	0.02080	0.25803	0.44379	0.00996	0.07644	0.00888	0.00416	0.00624
39	0.02727	0.02007	0.02159	0.01695	0.02270	0.02226	0.01388	0.52930	0.14689	0.06834	0.02086	0.02026	0.01491	0.00932	0.00761	0.00233	0.00787	0.00716	0.00768	0.01274
40	0.00924	0.00660	0.00880	0.01056	0.01100	0.00616	0.00704	0.01056	0.01452	0.01936	0.04181	0.72848	0.05017	0.02376	0.00968	0.00308	0.00440	0.02156	0.00704	0.00616

[dist]
# distance from previous block
# <min> <max>
0	1

[block]
# block no. 3 follows, 26 sequences, length 13
# corresponding to MSA columns:
# 135-147
name=unknown_D
#
# <colnr> <probs for GDERKNQSTAVLIFYWHMCP>
#	G	D	E	R	K	N	Q	S	T	A	V	L	I	F	Y	W	H	M	C	P
0	0.01074	0.00775	0.01014	0.00954	0.01133	0.00716	0.00716	0.01431	0.02147	0.03042	0.68211	0.05666	0.07157	0.01551	0.00895	0.00239	0.00358	0.01372	0.00835	0.00716
1	0.05547	0.02209	0.02157	0.13564	0.02770	0.15151	0.01513	0.35260	0.08374	0.03546	0.01696	0.01833	0.01253	0.00862	0.00734	0.00229	0.00936	0.00649	0.00607	0.01109
2	0.01672	0.01698	0.02536	0.02111	0.02186	0.02283	0.08003	0.01885	0.01224	0.01885	0.01049	0.01698	0.01011	0.01260	0.02332	0.00324	0.64971	0.00687	0.00337	0.00849
3	0.01222	0.00873	0.01222	0.01397	0.01572	0.00873	0.01222	0.01572	0.01746	0.02270	0.04016	0.08556	0.04365	0.02095	0.01048	0.00349	0.00698	0.63506	0.00698	0.00698
4	0.00931	0.00676	0.00891	0.01045	0.01109	0.00636	0.00709	0.01074	0.01459	0.01935	0.04305	0.64574	0.09194	0.02524	0.04709	0.00354	0.00522	0.02046	0.00688	0.00621
5	0.05724	0.19401	0.16795	0.01751	0.02400	0.22414	0.01667	0.14009	0.04617	0.02599	0.01370	0.01514	0.01073	0.00767	0.00654	0.00207	0.01027	0.00530	0.00445	0.01036
6	0.01074	0.00775	0.01014	0.00954	0.01133	0.00716	0.00716	0.01431	0.02147	0.03042	0.68211	0.05666	0.07157	0.01551	0.00895	0.00239	0.00358	0.01372	0.00835	0.00716
7	0.78701	0.01467	0.01115	0.00997	0.01467	0.01702	0.00821	0.02230	0.01291	0.03403	0.01056	0.01232	0.00821	0.00704	0.00469	0.00235	0.00587	0.00411	0.00469	0.00821
8	0.01780	0.02050	0.08327	0.07654	0.26119	0.01854	0.36023	0.02364	0.01740	0.02415	0.01475	0.01956	0.01147	0.00664	0.00826	0.00244	0.01123	0.00784	0.00374	0.01080
9	0.01878	0.01995	0.13063	0.01725	0.02273	0.01794	0.04211	0.12624	0.34889	0.03127	0.02678	0.03249	0.02177	0.01094	0.00805	0.00263	0.00764	0.09600	0.00668	0.01123
10	0.00924	0.00660	0.00880	0.01056	0.01100	0.00616	0.00704	0.01056	0.01452	0.01936	0.04181	0.72848	0.05017	0.02376	0.00968	0.00308	0.00440	0.02156	0.00704	0.00616
11	0.01041	0.00748	0.00966	0.01084	0.01170	0.00717	0.00744	0.04552	0.01623	0.02180	0.09379	0.63477	0.04996	0.02230	0.00951	0.00298	0.00454	0.02013	0.00718	0.00660
12	0.01620	0.04301	0.02923	0.14730	0.03158	0.01807	0.24873	0.04844	0.01659	0.02274	0.05553	0.07984	0.01791	0.01176	0.03492	0.00301	0.15270	0.00910	0.00433	0.00899

[dist]
# distance from previous block
# <min> <max>
5	8

[block]
# block no. 4 follows, 26 sequences, length 27
# corresponding to MSA columns:
# 156-182
name=unknown_E
#
# <colnr> <probs for GDERKNQSTAVLIFYWHMCP>
#	G	D	E	R	K	N	Q	S	T	A	V	L	I	F	Y	W	H	M	C	P
0	0.01240	0.01047	0.01518	0.01431	0.01524	0.01325	0.01140	0.01475	0.01213	0.01787	0.01832	0.05693	0.01778	0.04302	0.47976	0.00926	0.21846	0.00830	0.00398	0.00718
1	0.01531	0.01411	0.02312	0.64691	0.08006	0.01726	0.02081	0.05387	0.01636	0.02115	0.01377	0.02005	0.01035	0.00763	0.00758	0.00250	0.00997	0.00675	0.00361	0.00883
2	0.01103	0.00735	0.00827	0.00827	0.00827	0.00735	0.00460	0.01103	0.01103	0.01471	0.02390	0.04964	0.02758	0.73343	0.03861	0.00735	0.00735	0.01103	0.00460	0.00460
3	0.78701	0.01467	0.01115	0.00997	0.01467	0.01702	0.00821	0.02230	0.01291	0.03403	0.01056	0.01232	0.00821	0.00704	0.00469	0.00235	0.00587	0.00411	0.00469	0.00821
4	0.01103	0.00735	0.00827	0.00827	0.00827	0.00735	0.00460	0.01103	0.01103	0.01471	0.02390	0.04964	0.02758	0.73343	0.03861	0.00735	0.00735	0.01103	0.00460	0.00460
5	0.01659	0.01659	0.02323	0.01991	0.01991	0.02323	0.01659	0.01825	0.01162	0.01825	0.00996	0.01659	0.00996	0.01328	0.02489	0.00332	0.71955	0.00664	0.00332	0.00830
6	0.01755	0.01977	0.04258	0.09955	0.04089	0.01895	0.59551	0.02381	0.01763	0.02381	0.01516	0.02044	0.01137	0.00651	0.00882	0.00255	0.01252	0.00873	0.00379	0.01005
7	0.01573	0.01348	0.01573	0.01123	0.01798	0.01011	0.00899	0.01910	0.01573	0.02472	0.01348	0.01573	0.01123	0.00562	0.00562	0.00112	0.00562	0.00449	0.00449	0.77980
8	0.01573	0.01348	0.01573	0.01123	0.01798	0.01011	0.00899	0.01910	0.01573	0.02472	0.01348	0.01573	0.01123	0.00562	0.00562	0.00112	0.00562	0.00449	0.00449	0.77980
9	0.01064	0.00724	0.00861	0.00915	0.00935	0.00713	0.00561	0.01116	0.01225	0.01630	0.02927	0.22266	0.03412	0.51713	0.02984	0.00607	0.00659	0.04644	0.00534	0.00512
10	0.02833	0.03615	0.02149	0.01954	0.02345	0.70298	0.01466	0.03029	0.02149	0.01856	0.01172	0.01368	0.00977	0.00782	0.00684	0.00195	0.01368	0.00489	0.00391	0.00879
11	0.02883	0.02125	0.02276	0.01745	0.02352	0.02352	0.01442	0.66082	0.03566	0.04780	0.01821	0.01821	0.01290	0.00911	0.00759	0.00228	0.00835	0.00683	0.00759	0.01290
12	0.01064	0.00775	0.01001	0.00945	0.01128	0.00712	0.00709	0.01414	0.02126	0.02991	0.65115	0.05749	0.10285	0.01570	0.00895	0.00239	0.00359	0.01383	0.00828	0.00712
13	0.02329	0.42734	0.03177	0.01589	0.02106	0.29577	0.01381	0.02550	0.01764	0.01815	0.01098	0.01297	0.00976	0.00733	0.00657	0.00183	0.04303	0.00450	0.00351	0.00930
14	0.01659	0.01659	0.02323	0.01991	0.01991	0.02323	0.01659	0.01825	0.01162	0.01825	0.00996	0.01659	0.00996	0.01328	0.02489	0.00332	0.71955	0.00664	0.00332	0.00830
15	0.00924	0.00660	0.00880	0.01056	0.01100	0.00616	0.00704	0.01056	0.01452	0.01936	0.04181	0.72848	0.05017	0.02376	0.00968	0.00308	0.00440	0.02156	0.00704	0.00616
16	0.01659	0.01659	0.02323	0.01991	0.01991	0.02323	0.01659	0.01825	0.01162	0.01825	0.00996	0.01659	0.00996	0.01328	0.02489	0.00332	0.71955	0.00664	0.00332	0.00830
17	0.00924	0.00660	0.00880	0.01056	0.01100	0.00616	0.00704	0.01056	0.01452	0.01936	0.04181	0.72848	0.05017	0.02376	0.00968	0.00308	0.00440	0.02156	0.00704	0.00616
18	0.01659	0.01659	0.02323	0.01991	0.01991	0.02323	0.01659	0.01825	0.01162	0.01825	0.00996	0.01659	0.00996	0.01328	0.02489	0.00332	0.71955	0.00664	0.00332	0.00830
19	0.01414	0.00707	0.00707	0.00707	0.00884	0.00707	0.00530	0.01767	0.01591	0.02828	0.02474	0.02828	0.01944	0.00884	0.00530	0.00177	0.00353	0.00707	0.77554	0.00707
20	0.01016	0.00699	0.00853	0.00939	0.00960	0.00677	0.00578	0.01080	0.01273	0.01697	0.03260	0.37962	0.03856	0.38846	0.02455	0.00528	0.00592	0.01615	0.00578	0.00536
21	0.03403	0.01291	0.01760	0.01350	0.01936	0.01115	0.01115	0.03697	0.02171	0.69137	0.02992	0.02582	0.01878	0.00939	0.00763	0.00235	0.00645	0.00763	0.00939	0.01291
22	0.00924	0.00660	0.00880	0.01056	0.01100	0.00616	0.00704	0.01056	0.01452	0.01936	0.04181	0.72848	0.05017	0.02376	0.00968	0.00308	0.00440	0.02156	0.00704	0.00616
23	0.01573	0.01348	0.01573	0.01123	0.01798	0.01011	0.00899	0.01910	0.01573	0.02472	0.01348	0.01573	0.01123	0.00562	0.00562	0.00112	0.00562	0.00449	0.00449	0.77980
24	0.01094	0.00773	0.01017	0.01017	0.01082	0.00838	0.00696	0.01225	0.01159	0.01611	0.02217	0.04004	0.02341	0.40629	0.36006	0.00969	0.01362	0.00963	0.00434	0.00565
25	0.01517	0.01177	0.01315	0.01222	0.01548	0.01236	0.00955	0.02602	0.30060	0.06272	0.17358	0.04900	0.18813	0.01425	0.00848	0.00260	0.00511	0.06274	0.00772	0.00936
26	0.01641	0.01388	0.01609	0.01156	0.01826	0.01081	0.00927	0.05235	0.01676	0.02591	0.01373	0.01586	0.01132	0.00580	0.00572	0.00118	0.00576	0.00461	0.00465	0.74006

[dist]
# distance from previous block
# <min> <max>
0	1

[block]
# block no. 5 follows, 26 sequences, length 11
# corresponding to MSA columns:
# 184-194
name=unknown_F
#
# <colnr> <probs for GDERKNQSTAVLIFYWHMCP>
#	G	D	E	R	K	N	Q	S	T	A	V	L	I	F	Y	W	H	M	C	P
0	0.01694	0.01488	0.02275	0.58951	0.04707	0.01805	0.01987	0.13493	0.01886	0.02450	0.01433	0.01986	0.01061	0.00786	0.00758	0.00248	0.00979	0.00676	0.00413	0.00923
1	0.01710	0.01026	0.01311	0.01178	0.01330	0.01083	0.00855	0.17291	0.01634	0.02185	0.01444	0.02184	0.01311	0.02203	0.02412	0.58470	0.00703	0.00665	0.00437	0.00570
2	0.01729	0.01671	0.02721	0.18012	0.38632	0.01908	0.02114	0.02120	0.01541	0.02201	0.01302	0.01853	0.01110	0.00856	0.01188	0.00258	0.18720	0.00672	0.00356	0.01033
3	0.01611	0.01111	0.03725	0.07680	0.01719	0.01104	0.02880	0.04168	0.03482	0.08051	0.04021	0.02931	0.01975	0.10764	0.04001	0.00325	0.04789	0.00785	0.34079	0.00800
4	0.00979	0.00746	0.00908	0.00979	0.01139	0.00675	0.00726	0.01202	0.01715	0.02222	0.17186	0.29220	0.27682	0.02028	0.00939	0.00282	0.00438	0.09551	0.00728	0.00653
5	0.01766	0.01688	0.02877	0.21402	0.52736	0.01773	0.02272	0.02230	0.01674	0.02343	0.01407	0.01914	0.01154	0.00696	0.00753	0.00232	0.00929	0.00675	0.00366	0.01112
6	0.01045	0.00771	0.01116	0.01160	0.01266	0.00855	0.00864	0.01268	0.01272	0.01791	0.02587	0.20573	0.02719	0.08060	0.49818	0.00968	0.01572	0.01163	0.00483	0.00652
7	0.01300	0.00993	0.01284	0.01451	0.05619	0.01007	0.01047	0.05711	0.07609	0.02355	0.03839	0.28678	0.08044	0.05620	0.01095	0.00326	0.00605	0.21970	0.00679	0.00769
8	0.02396	0.01693	0.01890	0.01489	0.01991	0.01793	0.01211	0.42537	0.03017	0.08372	0.18500	0.02820	0.02789	0.01055	0.00783	0.00225	0.00689	0.00848	0.00773	0.05130
9	0.01450	0.01431	0.01236	0.01299	0.01446	0.18107	0.00934	0.01621	0.01662	0.01963	0.05664	0.41478	0.03875	0.06345	0.01083	0.00308	0.00715	0.08084	0.00615	0.00685
10	0.59221	0.01265	0.01056	0.01012	0.01375	0.01430	0.00792	0.01936	0.01331	0.03036	0.01839	0.19169	0.01872	0.01123	0.00594	0.00253	0.00550	0.00848	0.00528	0.00770

[dist]
# distance from previous block
# <min> <max>
2	13

[block]
# block no. 6 follows, 26 sequences, length 14
# corresponding to MSA columns:
# 208-221
name=unknown_G
#
# <colnr> <probs for GDERKNQSTAVLIFYWHMCP>
#	G	D	E	R	K	N	Q	S	T	A	V	L	I	F	Y	W	H	M	C	P
0	0.58919	0.01436	0.01412	0.19052	0.02429	0.01697	0.01150	0.02155	0.01349	0.03028	0.01131	0.01434	0.00870	0.00718	0.00543	0.00239	0.00695	0.00478	0.00436	0.00827
1	0.01103	0.00735	0.00827	0.00827	0.00827	0.00735	0.00460	0.01103	0.01103	0.01471	0.02390	0.04964	0.02758	0.73343	0.03861	0.00735	0.00735	0.01103	0.00460	0.00460
2	0.00923	0.00734	0.00829	0.00880	0.01060	0.00640	0.00632	0.01112	0.01681	0.02111	0.12548	0.28392	0.41721	0.02032	0.00920	0.00271	0.00400	0.01758	0.00717	0.00640
3	0.01870	0.03463	0.52225	0.02055	0.03045	0.01913	0.02454	0.18705	0.02104	0.03011	0.01479	0.01658	0.01045	0.00769	0.00730	0.00237	0.01048	0.00592	0.00433	0.01164
4	0.03025	0.01207	0.01639	0.01285	0.01806	0.01050	0.01050	0.03329	0.02167	0.58420	0.13567	0.03082	0.02734	0.01038	0.00784	0.00235	0.00599	0.00862	0.00922	0.01198
5	0.06797	0.03141	0.42990	0.04670	0.03027	0.01912	0.04547	0.18677	0.02088	0.03058	0.01465	0.01666	0.01045	0.00767	0.00722	0.00238	0.01015	0.00599	0.00445	0.01131
6	0.01745	0.02268	0.19800	0.03483	0.40626	0.01741	0.02261	0.02477	0.08565	0.02518	0.01749	0.02332	0.01458	0.00815	0.00764	0.00240	0.00913	0.04671	0.00423	0.01149
7	0.00928	0.00692	0.00848	0.00969	0.01064	0.00629	0.00657	0.01067	0.01502	0.01937	0.04970	0.51989	0.21083	0.06522	0.01124	0.00320	0.00443	0.01951	0.00689	0.00613
8	0.01054	0.00836	0.01237	0.19096	0.02156	0.00890	0.01063	0.01282	0.01469	0.01937	0.03455	0.54716	0.03991	0.01962	0.00914	0.00294	0.00586	0.01777	0.00610	0.00674
9	0.08263	0.03259	0.46567	0.01959	0.02894	0.01908	0.02290	0.18691	0.02079	0.03094	0.01454	0.01627	0.01034	0.00768	0.00710	0.00237	0.01003	0.00579	0.00445	0.01139
10	0.01653	0.01573	0.02673	0.38376	0.36645	0.01743	0.02216	0.02131	0.01621	0.02206	0.01387	0.01950	0.01105	0.00717	0.00755	0.00239	0.00957	0.00675	0.00356	0.01020
11	0.00901	0.00749	0.00789	0.00821	0.01038	0.00636	0.00600	0.01083	0.01679	0.02029	0.07046	0.19231	0.56784	0.02004	0.00910	0.00266	0.00394	0.01702	0.00704	0.00636
12	0.02108	0.02001	0.05606	0.11558	0.38498	0.04888	0.02058	0.18638	0.02186	0.02974	0.01505	0.01846	0.01182	0.00752	0.00750	0.00228	0.00927	0.00664	0.00467	0.01164
13	0.01445	0.01202	0.01430	0.01080	0.01627	0.00935	0.00852	0.01787	0.01720	0.02618	0.18466	0.02621	0.02668	0.00815	0.00647	0.00145	0.00510	0.00686	0.00548	0.58199

[dist]
# distance from previous block
# <min> <max>
0	33

# created by:
# /st0/software/busco_prod/Augustus/scripts/msa2prfl.pl ./align_prep/154636.fa
