[name]
unknown

[dist]
# distance from previous block
# <min> <max>
0	38

[block]
# block no. 0 follows, 27 sequences, length 17
# corresponding to MSA columns:
# 44-60
name=unknown_A
#
# <colnr> <probs for GDERKNQSTAVLIFYWHMCP>
#	G	D	E	R	K	N	Q	S	T	A	V	L	I	F	Y	W	H	M	C	P
0	0.02074	0.01445	0.01913	0.01595	0.02017	0.01531	0.06919	0.22857	0.07280	0.12215	0.02377	0.03223	0.01991	0.02134	0.17024	0.00470	0.01063	0.10216	0.00647	0.01008
1	0.02679	0.05516	0.02242	0.01667	0.02227	0.05276	0.01378	0.57164	0.03203	0.04244	0.01730	0.01800	0.01268	0.01141	0.04748	0.00274	0.00906	0.00654	0.00687	0.01196
2	0.01304	0.00767	0.01177	0.07620	0.04470	0.00792	0.00853	0.01150	0.01147	0.01545	0.07223	0.02501	0.01758	0.02231	0.02428	0.60856	0.00661	0.00708	0.00368	0.00440
3	0.01080	0.00805	0.01014	0.01177	0.06909	0.00774	0.00687	0.01193	0.01354	0.01790	0.07284	0.17422	0.13960	0.38638	0.02360	0.00496	0.00604	0.01324	0.00546	0.00584
4	0.08319	0.01413	0.02250	0.56420	0.08297	0.01694	0.04271	0.04819	0.01575	0.02193	0.01326	0.01895	0.01001	0.00735	0.00722	0.00243	0.00949	0.00645	0.00363	0.00869
5	0.01464	0.01348	0.02161	0.58992	0.04496	0.01682	0.01922	0.04938	0.01546	0.02020	0.01453	0.05581	0.01201	0.00879	0.00901	0.00256	0.07227	0.00733	0.00367	0.00833
6	0.02457	0.01836	0.01998	0.05100	0.02252	0.02050	0.01325	0.47019	0.14335	0.04101	0.02029	0.02049	0.01478	0.00901	0.00725	0.00225	0.00745	0.00699	0.07500	0.01176
7	0.01304	0.00986	0.01167	0.01262	0.04681	0.03955	0.00834	0.04716	0.01587	0.05193	0.06982	0.37377	0.07743	0.14963	0.01454	0.00355	0.02598	0.01524	0.00626	0.00693
8	0.06115	0.01692	0.01857	0.01746	0.08414	0.04794	0.01240	0.36213	0.02530	0.03444	0.02125	0.14035	0.01983	0.09092	0.01091	0.00289	0.00759	0.00931	0.00635	0.01014
9	0.05620	0.04791	0.02367	0.41633	0.17618	0.04981	0.01904	0.04402	0.05479	0.02234	0.01415	0.01885	0.01099	0.00740	0.00712	0.00234	0.00924	0.00638	0.00385	0.00939
10	0.02120	0.05123	0.14646	0.01661	0.03611	0.07453	0.01498	0.17317	0.16062	0.09054	0.02313	0.04520	0.04995	0.00935	0.00724	0.00224	0.00797	0.00741	0.00604	0.05601
11	0.02245	0.01801	0.02087	0.02144	0.16490	0.06913	0.01422	0.20636	0.13110	0.09818	0.02253	0.02282	0.05363	0.00874	0.00725	0.00215	0.00759	0.00716	0.00619	0.09528
12	0.05788	0.01997	0.08779	0.18200	0.19754	0.07111	0.04073	0.10496	0.10250	0.03981	0.01623	0.01904	0.01236	0.00769	0.00724	0.00232	0.00909	0.00656	0.00466	0.01053
13	0.02014	0.05237	0.06693	0.02370	0.14802	0.19909	0.10351	0.04412	0.13949	0.02387	0.01987	0.02150	0.05229	0.00821	0.00728	0.00218	0.00961	0.00700	0.00470	0.04614
14	0.02132	0.01916	0.02087	0.01929	0.09071	0.10605	0.04657	0.20442	0.19374	0.03068	0.01958	0.02168	0.01544	0.04642	0.03323	0.00275	0.00863	0.00701	0.00586	0.08660
15	0.02144	0.01900	0.04673	0.02417	0.17981	0.08301	0.08033	0.12378	0.15320	0.10084	0.02140	0.07613	0.01735	0.00930	0.00765	0.00235	0.00839	0.00820	0.00586	0.01103
16	0.05741	0.08393	0.02316	0.01715	0.02184	0.10478	0.14114	0.02735	0.21129	0.05506	0.04006	0.02541	0.04469	0.05286	0.03447	0.00289	0.00878	0.00777	0.00543	0.03454

[dist]
# distance from previous block
# <min> <max>
4	24

[block]
# block no. 1 follows, 27 sequences, length 36
# corresponding to MSA columns:
# 85-120
name=unknown_B
#
# <colnr> <probs for GDERKNQSTAVLIFYWHMCP>
#	G	D	E	R	K	N	Q	S	T	A	V	L	I	F	Y	W	H	M	C	P
0	0.01664	0.04856	0.14439	0.03777	0.02654	0.08332	0.19568	0.02254	0.06481	0.02291	0.08133	0.02474	0.04921	0.02706	0.01023	0.00250	0.08612	0.00793	0.00445	0.04327
1	0.01694	0.07821	0.26775	0.05028	0.08490	0.04544	0.20482	0.03887	0.01713	0.02372	0.04303	0.01869	0.01298	0.00708	0.00738	0.00223	0.01033	0.00672	0.00380	0.05971
2	0.11251	0.19459	0.26722	0.06087	0.05937	0.01940	0.07152	0.02207	0.01517	0.02291	0.01263	0.01553	0.00998	0.00842	0.03099	0.00244	0.00955	0.00536	0.00352	0.05595
3	0.01775	0.20211	0.33013	0.02326	0.11103	0.06989	0.10058	0.02359	0.01629	0.02181	0.01276	0.01548	0.00996	0.00678	0.00673	0.00214	0.01034	0.00561	0.00334	0.01044
4	0.07156	0.11826	0.40618	0.01924	0.02752	0.01802	0.08780	0.02253	0.01551	0.04503	0.01532	0.06789	0.01270	0.00832	0.00754	0.00234	0.03361	0.00676	0.00378	0.01008
5	0.01532	0.05358	0.36431	0.05446	0.02907	0.01626	0.12269	0.06639	0.01699	0.02391	0.01884	0.14809	0.01722	0.01002	0.00772	0.00247	0.00963	0.00894	0.00423	0.00984
6	0.01211	0.01100	0.01482	0.01358	0.01546	0.05888	0.10044	0.01419	0.01534	0.01980	0.08062	0.36382	0.09369	0.11404	0.01328	0.00334	0.02760	0.01537	0.00589	0.00672
7	0.01056	0.00814	0.01141	0.01177	0.01250	0.00918	0.00867	0.01236	0.01272	0.01779	0.02764	0.31525	0.03067	0.08846	0.30635	0.00708	0.08460	0.01335	0.00512	0.00638
8	0.79154	0.01436	0.01091	0.00976	0.01436	0.01665	0.00804	0.02182	0.01263	0.03331	0.01034	0.01206	0.00804	0.00689	0.00459	0.00230	0.00574	0.00402	0.00459	0.00804
9	0.00995	0.00757	0.00914	0.00875	0.01075	0.00677	0.00656	0.01292	0.01969	0.02662	0.49011	0.06063	0.27078	0.01635	0.00876	0.00239	0.00359	0.01415	0.00776	0.00677
10	0.01952	0.01753	0.01731	0.01547	0.01971	0.06807	0.01203	0.06392	0.60647	0.03076	0.02838	0.02628	0.02132	0.00985	0.00749	0.00246	0.00650	0.00807	0.00728	0.01156
11	0.01799	0.35350	0.23138	0.01858	0.02593	0.02356	0.11374	0.03951	0.01584	0.02097	0.01204	0.01471	0.00985	0.00714	0.00766	0.00210	0.06675	0.00539	0.00337	0.00999
12	0.01668	0.07572	0.21074	0.05965	0.03472	0.01838	0.37420	0.02299	0.01658	0.02305	0.01402	0.01797	0.01057	0.00647	0.00773	0.00229	0.01115	0.00715	0.00358	0.06636
13	0.00904	0.00646	0.00861	0.01034	0.01077	0.00603	0.00689	0.01034	0.01421	0.01895	0.04092	0.73426	0.04910	0.02326	0.00948	0.00301	0.00431	0.02110	0.00689	0.00603
14	0.01011	0.00761	0.00838	0.00837	0.01065	0.00652	0.00621	0.01213	0.01720	0.05134	0.13747	0.16036	0.50023	0.01859	0.00881	0.00255	0.00392	0.01581	0.00714	0.00660
15	0.02137	0.42717	0.14916	0.01566	0.02222	0.18150	0.01556	0.02475	0.01681	0.04851	0.01194	0.01349	0.00990	0.00689	0.00572	0.00183	0.00964	0.00457	0.00358	0.00970
16	0.01237	0.01039	0.01401	0.03613	0.01442	0.01275	0.00997	0.01360	0.01196	0.01695	0.02184	0.18175	0.02453	0.25388	0.08480	0.00521	0.25341	0.01115	0.00450	0.00637
17	0.01080	0.00770	0.00931	0.00895	0.01104	0.00685	0.00669	0.01354	0.01910	0.05489	0.39878	0.10945	0.28205	0.01677	0.00876	0.00244	0.00377	0.01451	0.00768	0.00692
18	0.01854	0.01731	0.02860	0.12726	0.56537	0.01788	0.02189	0.06847	0.01794	0.02521	0.01414	0.01851	0.01159	0.00688	0.00736	0.00224	0.00891	0.00662	0.00390	0.01139
19	0.02717	0.02027	0.02169	0.01687	0.02262	0.02253	0.01386	0.60032	0.10434	0.04509	0.01916	0.01889	0.01371	0.00904	0.00744	0.00226	0.00792	0.00687	0.00744	0.01253
20	0.01073	0.00717	0.00812	0.00818	0.00820	0.00715	0.00459	0.01078	0.01093	0.01457	0.02406	0.07473	0.02783	0.71180	0.03671	0.00704	0.00709	0.01119	0.00459	0.00456
21	0.02108	0.05146	0.01926	0.01551	0.02026	0.02017	0.01241	0.20282	0.47978	0.03452	0.02604	0.02438	0.01942	0.00959	0.00739	0.00240	0.00657	0.00774	0.00731	0.01187
22	0.01016	0.00766	0.00898	0.00935	0.01084	0.00709	0.00658	0.03958	0.01662	0.02158	0.13902	0.32424	0.26029	0.08880	0.01177	0.00312	0.00446	0.01663	0.00686	0.00638
23	0.01929	0.57500	0.16367	0.01462	0.02173	0.06037	0.01558	0.02284	0.01549	0.01865	0.01095	0.01270	0.00951	0.00655	0.00529	0.00175	0.00878	0.00430	0.00320	0.00976
24	0.01887	0.01679	0.01697	0.01528	0.01946	0.04839	0.01186	0.03902	0.65086	0.03050	0.02940	0.02708	0.02209	0.00997	0.00752	0.00249	0.00620	0.00824	0.00739	0.01161
25	0.01080	0.00720	0.00810	0.00810	0.00810	0.00720	0.00450	0.01080	0.01080	0.01439	0.02339	0.04858	0.02699	0.73910	0.03779	0.00720	0.00720	0.01080	0.00450	0.00450
26	0.01744	0.01660	0.02783	0.19044	0.52377	0.01743	0.02182	0.02270	0.04612	0.02341	0.01453	0.01910	0.01184	0.00694	0.00737	0.00228	0.00892	0.00669	0.00377	0.01100
27	0.02747	0.06157	0.02187	0.01865	0.02281	0.60887	0.01425	0.09799	0.02230	0.02122	0.01211	0.01381	0.00989	0.00773	0.00670	0.00193	0.01261	0.00495	0.00419	0.00907
28	0.01078	0.00725	0.00837	0.00837	0.00847	0.00735	0.00484	0.01097	0.01088	0.01460	0.02314	0.04719	0.02639	0.69021	0.08585	0.00754	0.00810	0.01059	0.00446	0.00465
29	0.02057	0.01704	0.01864	0.01413	0.01990	0.04350	0.01147	0.25325	0.02236	0.03164	0.01454	0.01625	0.01144	0.00736	0.00761	0.00169	0.05904	0.00539	0.00538	0.41877
30	0.00990	0.00728	0.00919	0.01040	0.01119	0.00706	0.00705	0.01265	0.06264	0.02002	0.06809	0.58564	0.06679	0.07088	0.01122	0.00322	0.00457	0.01897	0.00683	0.00639
31	0.01693	0.01898	0.08620	0.02339	0.09767	0.04142	0.24680	0.04420	0.06541	0.02458	0.01940	0.05600	0.04414	0.00801	0.00759	0.00215	0.00910	0.00799	0.00453	0.17551
32	0.02013	0.58068	0.06581	0.01315	0.01924	0.05320	0.01293	0.02290	0.01618	0.06328	0.06101	0.01618	0.01450	0.00726	0.00542	0.00174	0.00787	0.00499	0.00396	0.00958
33	0.01701	0.26078	0.46230	0.01840	0.02761	0.05115	0.02221	0.02337	0.01572	0.02137	0.01229	0.01439	0.00945	0.00686	0.00631	0.00209	0.01012	0.00498	0.00318	0.01041
34	0.08002	0.17571	0.40803	0.01873	0.02729	0.10025	0.04692	0.02384	0.01601	0.02249	0.01234	0.01454	0.00941	0.00694	0.00643	0.00215	0.01029	0.00511	0.00337	0.01013
35	0.17644	0.22232	0.23589	0.04755	0.04959	0.01945	0.01663	0.02294	0.01538	0.07488	0.01603	0.01754	0.04198	0.00754	0.00606	0.00213	0.00824	0.00549	0.00411	0.00979

[dist]
# distance from previous block
# <min> <max>
4	24

[block]
# block no. 2 follows, 27 sequences, length 22
# corresponding to MSA columns:
# 146-167
name=unknown_C
#
# <colnr> <probs for GDERKNQSTAVLIFYWHMCP>
#	G	D	E	R	K	N	Q	S	T	A	V	L	I	F	Y	W	H	M	C	P
0	0.01668	0.06068	0.02614	0.43055	0.11470	0.01833	0.08744	0.07619	0.05410	0.02300	0.01463	0.01944	0.01117	0.00742	0.00740	0.00237	0.00956	0.00677	0.00397	0.00947
1	0.01861	0.02038	0.06888	0.09420	0.47099	0.10962	0.02088	0.02294	0.01744	0.02326	0.05114	0.01972	0.01441	0.00732	0.00733	0.00220	0.00936	0.00668	0.00388	0.01073
2	0.02034	0.69948	0.03779	0.01310	0.01930	0.07171	0.01280	0.02269	0.01545	0.01751	0.01039	0.01200	0.00953	0.00643	0.00488	0.00161	0.00828	0.00402	0.00322	0.00947
3	0.00904	0.00646	0.00861	0.01034	0.01077	0.00603	0.00689	0.01034	0.01421	0.01895	0.04092	0.73426	0.04910	0.02326	0.00948	0.00301	0.00431	0.02110	0.00689	0.00603
4	0.02822	0.02079	0.02228	0.01708	0.02302	0.02302	0.01411	0.66804	0.03490	0.04679	0.01782	0.01782	0.01262	0.00891	0.00743	0.00223	0.00817	0.00668	0.00743	0.01262
5	0.01790	0.38183	0.26575	0.01731	0.02499	0.04640	0.07381	0.02251	0.01546	0.01992	0.01191	0.01442	0.00978	0.00748	0.00702	0.03598	0.00950	0.00504	0.00324	0.00976
6	0.01304	0.00880	0.06065	0.01052	0.01133	0.00724	0.00800	0.01069	0.01011	0.01368	0.01293	0.02206	0.01264	0.02441	0.02739	0.72634	0.00678	0.00638	0.00322	0.00380
7	0.01744	0.01957	0.04190	0.06097	0.08756	0.01860	0.59162	0.02351	0.01737	0.02361	0.01487	0.01989	0.01124	0.00633	0.00860	0.00248	0.01213	0.00851	0.00373	0.01007
8	0.01994	0.03479	0.48348	0.02602	0.03576	0.01965	0.19264	0.02608	0.01874	0.02732	0.01816	0.02294	0.01421	0.00982	0.00934	0.00319	0.01250	0.00777	0.00488	0.01277
9	0.01554	0.01524	0.02676	0.43922	0.17961	0.01749	0.10565	0.02031	0.01537	0.02061	0.01334	0.01927	0.01045	0.00751	0.00883	0.00248	0.06282	0.00688	0.00343	0.00919
10	0.01624	0.01624	0.02274	0.01949	0.01949	0.02274	0.01624	0.01787	0.01137	0.01787	0.00975	0.01624	0.00975	0.01299	0.02436	0.00325	0.72552	0.00650	0.00325	0.00812
11	0.03331	0.01263	0.01723	0.01321	0.01895	0.01091	0.01091	0.03618	0.02125	0.69794	0.02929	0.02527	0.01838	0.00919	0.00747	0.00230	0.00632	0.00747	0.00919	0.01263
12	0.01101	0.00829	0.01012	0.01038	0.01197	0.00813	0.00764	0.01534	0.09009	0.02372	0.24528	0.22746	0.12288	0.08956	0.01186	0.00315	0.00473	0.08433	0.00712	0.00693
13	0.00902	0.00655	0.00852	0.01009	0.01070	0.00605	0.00678	0.01036	0.01445	0.01905	0.04395	0.67555	0.10585	0.02286	0.00941	0.00297	0.00426	0.02062	0.00689	0.00605
14	0.01041	0.00758	0.00978	0.00923	0.01103	0.00696	0.00693	0.01381	0.02078	0.02920	0.65320	0.05638	0.10608	0.01539	0.00876	0.00234	0.00352	0.01356	0.00810	0.00696
15	0.00903	0.00652	0.00856	0.01019	0.01073	0.00604	0.00683	0.01035	0.01435	0.01901	0.04268	0.70017	0.08205	0.02303	0.00944	0.00299	0.00428	0.02082	0.00689	0.00604
16	0.02751	0.02044	0.02188	0.01694	0.02275	0.02269	0.01394	0.62229	0.08181	0.04564	0.01873	0.01854	0.01336	0.00900	0.00744	0.00225	0.00800	0.00681	0.00744	0.01256
17	0.01856	0.01709	0.02681	0.12420	0.47474	0.01800	0.02042	0.07146	0.10535	0.02613	0.01629	0.01974	0.01303	0.00734	0.00739	0.00228	0.00852	0.00685	0.00441	0.01138
18	0.01375	0.01005	0.01210	0.01092	0.01336	0.01001	0.00834	0.14254	0.02273	0.03136	0.44921	0.13450	0.08156	0.01511	0.00859	0.00241	0.00454	0.01316	0.00781	0.00796
19	0.01837	0.01764	0.03013	0.04557	0.69279	0.01764	0.02278	0.02278	0.01690	0.02425	0.01396	0.01837	0.01176	0.00661	0.00735	0.00220	0.00882	0.00661	0.00367	0.01176
20	0.01489	0.03840	0.70064	0.02116	0.03213	0.01724	0.02743	0.02351	0.01567	0.02351	0.01332	0.01567	0.00940	0.00705	0.00705	0.00235	0.01097	0.00549	0.00313	0.01097
21	0.00920	0.00685	0.00861	0.00994	0.01093	0.00627	0.00697	0.01078	0.01504	0.01944	0.04863	0.53564	0.19486	0.02204	0.00937	0.00293	0.00437	0.06511	0.00689	0.00614

[dist]
# distance from previous block
# <min> <max>
0	16

[block]
# block no. 3 follows, 27 sequences, length 51
# corresponding to MSA columns:
# 184-234
name=unknown_D
#
# <colnr> <probs for GDERKNQSTAVLIFYWHMCP>
#	G	D	E	R	K	N	Q	S	T	A	V	L	I	F	Y	W	H	M	C	P
0	0.02753	0.01976	0.02141	0.01659	0.02226	0.02169	0.01363	0.60935	0.03333	0.07386	0.01942	0.05207	0.01460	0.00960	0.00753	0.00227	0.00791	0.00740	0.00748	0.01231
1	0.01928	0.02046	0.03992	0.02963	0.03558	0.02049	0.51212	0.02378	0.01746	0.02438	0.01601	0.02206	0.01297	0.00908	0.01274	0.00303	0.15707	0.00888	0.00439	0.01065
2	0.00904	0.00646	0.00861	0.01034	0.01077	0.00603	0.00689	0.01034	0.01421	0.01895	0.04092	0.73426	0.04910	0.02326	0.00948	0.00301	0.00431	0.02110	0.00689	0.00603
3	0.01402	0.01319	0.02227	0.72126	0.05113	0.01649	0.02062	0.01897	0.01484	0.01897	0.01319	0.01979	0.00990	0.00742	0.00742	0.00247	0.00990	0.00660	0.00330	0.00825
4	0.01073	0.00746	0.00941	0.00941	0.00986	0.00791	0.00613	0.01164	0.01118	0.01537	0.02219	0.04194	0.02411	0.50538	0.26757	0.00882	0.01154	0.00982	0.00432	0.00523
5	0.01705	0.01513	0.02519	0.17323	0.43684	0.01567	0.01989	0.02136	0.01699	0.05060	0.06620	0.02661	0.01830	0.00856	0.00769	0.00236	0.00839	0.05519	0.00439	0.01037
6	0.00904	0.00646	0.00861	0.01034	0.01077	0.00603	0.00689	0.01034	0.01421	0.01895	0.04092	0.73426	0.04910	0.02326	0.00948	0.00301	0.00431	0.02110	0.00689	0.00603
7	0.01384	0.00692	0.00692	0.00692	0.00865	0.00692	0.00519	0.01730	0.01557	0.02768	0.02422	0.02768	0.01903	0.00865	0.00519	0.00173	0.00346	0.00692	0.78031	0.00692
8	0.01539	0.01319	0.01539	0.01100	0.01759	0.00990	0.00880	0.01869	0.01539	0.02419	0.01319	0.01539	0.01100	0.00550	0.00550	0.00110	0.00550	0.00440	0.00440	0.78449
9	0.14592	0.01314	0.01959	0.54598	0.04206	0.01594	0.01754	0.02012	0.01477	0.05040	0.01378	0.01900	0.01027	0.00745	0.00687	0.00241	0.00882	0.00621	0.03138	0.00835
10	0.01420	0.01326	0.01720	0.01549	0.01614	0.04815	0.01235	0.01606	0.01259	0.01815	0.05680	0.04638	0.01861	0.09388	0.20378	0.00579	0.37183	0.00808	0.00400	0.00727
11	0.00941	0.00672	0.00903	0.01076	0.01135	0.00635	0.00753	0.01097	0.01457	0.01936	0.04071	0.65252	0.04830	0.02291	0.00957	0.00307	0.00462	0.09923	0.00688	0.00613
12	0.01898	0.01879	0.02954	0.04384	0.64914	0.06271	0.02223	0.02323	0.01717	0.02386	0.01380	0.01805	0.01162	0.00668	0.00731	0.00219	0.00912	0.00650	0.00368	0.01155
13	0.01519	0.08154	0.66016	0.02064	0.03133	0.01798	0.02653	0.02343	0.01564	0.02314	0.01314	0.01544	0.00941	0.00701	0.00691	0.00230	0.01079	0.00539	0.00314	0.01088
14	0.04456	0.06674	0.07476	0.23430	0.03170	0.09872	0.06514	0.02082	0.01459	0.01961	0.01171	0.01681	0.00978	0.00910	0.01276	0.00260	0.24808	0.00617	0.00340	0.00865
15	0.01760	0.07725	0.09093	0.03059	0.10526	0.01936	0.50028	0.02354	0.01713	0.02332	0.01442	0.01890	0.01104	0.00636	0.00818	0.00239	0.01166	0.00792	0.00366	0.01023
16	0.01080	0.00720	0.00810	0.00810	0.00810	0.00720	0.00450	0.01080	0.01080	0.01439	0.02339	0.04858	0.02699	0.73910	0.03779	0.00720	0.00720	0.01080	0.00450	0.00450
17	0.01289	0.00645	0.00967	0.00967	0.00967	0.00645	0.00645	0.00967	0.00967	0.01289	0.01289	0.02257	0.01289	0.02579	0.02901	0.78401	0.00645	0.00645	0.00322	0.00322
18	0.01547	0.01451	0.02362	0.45039	0.16028	0.01678	0.05009	0.02242	0.10181	0.02183	0.01656	0.02285	0.01312	0.00803	0.00759	0.00247	0.00920	0.02955	0.00407	0.00937
19	0.00885	0.00752	0.00762	0.00760	0.01007	0.00630	0.00570	0.01080	0.01709	0.02046	0.10109	0.07077	0.66364	0.01865	0.00877	0.00250	0.00375	0.01557	0.00695	0.00630
20	0.01061	0.00795	0.01193	0.01193	0.01326	0.00928	0.00928	0.01326	0.01193	0.01723	0.01988	0.02916	0.01856	0.05568	0.70968	0.01193	0.01988	0.00795	0.00398	0.00663
21	0.01080	0.00720	0.00810	0.00810	0.00810	0.00720	0.00450	0.01080	0.01080	0.01439	0.02339	0.04858	0.02699	0.73910	0.03779	0.00720	0.00720	0.01080	0.00450	0.00450
22	0.02012	0.01368	0.02019	0.01905	0.09023	0.01354	0.09489	0.08312	0.09665	0.17940	0.06042	0.06279	0.04939	0.01222	0.00841	0.00261	0.00730	0.14902	0.00686	0.01012
23	0.00904	0.00646	0.00861	0.01034	0.01077	0.00603	0.00689	0.01034	0.01421	0.01895	0.04092	0.73426	0.04910	0.02326	0.00948	0.00301	0.00431	0.02110	0.00689	0.00603
24	0.01301	0.00866	0.01107	0.01011	0.01238	0.00823	0.00770	0.01784	0.07275	0.08501	0.58271	0.05078	0.06206	0.01428	0.00855	0.00235	0.00392	0.01254	0.00821	0.00784
25	0.01732	0.01781	0.05186	0.22940	0.43616	0.04488	0.02174	0.02182	0.01622	0.02225	0.01345	0.01838	0.01099	0.00716	0.00805	0.00232	0.03967	0.00649	0.00354	0.01048
26	0.12850	0.07566	0.02300	0.02098	0.13322	0.17434	0.01469	0.28423	0.02437	0.03270	0.01421	0.01572	0.01096	0.00779	0.00667	0.00212	0.00909	0.00569	0.00531	0.01074
27	0.01255	0.03341	0.01664	0.01426	0.01566	0.01315	0.05919	0.01459	0.01282	0.01793	0.02416	0.11773	0.07452	0.13030	0.21911	0.00612	0.19633	0.01016	0.00442	0.00695
28	0.01013	0.00748	0.00946	0.00916	0.01091	0.00681	0.00679	0.01320	0.01983	0.02742	0.54342	0.11563	0.15942	0.01640	0.00882	0.00242	0.00361	0.01441	0.00787	0.00681
29	0.02853	0.03791	0.01662	0.01266	0.01763	0.01123	0.01028	0.03198	0.05057	0.54062	0.03136	0.08144	0.05013	0.03310	0.00852	0.00250	0.00612	0.00888	0.00848	0.01145
30	0.06652	0.02893	0.40988	0.04976	0.22589	0.01701	0.02386	0.02286	0.01580	0.02425	0.01331	0.01636	0.01009	0.00687	0.00693	0.00226	0.00975	0.00572	0.00344	0.04052
31	0.01061	0.00795	0.01193	0.01193	0.01326	0.00928	0.00928	0.01326	0.01193	0.01723	0.01988	0.02916	0.01856	0.05568	0.70968	0.01193	0.01988	0.00795	0.00398	0.00663
32	0.01489	0.03840	0.70064	0.02116	0.03213	0.01724	0.02743	0.02351	0.01567	0.02351	0.01332	0.01567	0.00940	0.00705	0.00705	0.00235	0.01097	0.00549	0.00313	0.01097
33	0.00993	0.00779	0.01169	0.01185	0.01313	0.00723	0.06220	0.01194	0.01546	0.02077	0.12194	0.56060	0.07565	0.02062	0.00929	0.00286	0.00487	0.01887	0.00679	0.00650
34	0.01449	0.01420	0.02438	0.35686	0.03690	0.01695	0.12965	0.01847	0.01446	0.01956	0.01625	0.10919	0.01505	0.01045	0.01166	0.00272	0.16793	0.00878	0.00382	0.00824
35	0.03105	0.01312	0.01762	0.01381	0.01901	0.01230	0.01137	0.03500	0.06338	0.60287	0.02786	0.02474	0.01800	0.00953	0.00875	0.00238	0.06087	0.00745	0.00863	0.01223
36	0.00909	0.00753	0.00796	0.00785	0.01022	0.00640	0.00589	0.01127	0.01767	0.02184	0.18803	0.06850	0.57584	0.01813	0.00877	0.00248	0.00371	0.01526	0.00713	0.00640
37	0.01610	0.01714	0.03475	0.21439	0.08988	0.01725	0.40261	0.02155	0.01655	0.02222	0.01614	0.06638	0.01340	0.00770	0.00834	0.00251	0.01100	0.00883	0.00383	0.00942
38	0.01167	0.01029	0.01758	0.07310	0.02022	0.01029	0.14039	0.01455	0.01553	0.02097	0.09087	0.41944	0.03841	0.01732	0.00973	0.00283	0.03548	0.03818	0.00594	0.00721
39	0.02648	0.19414	0.12497	0.01457	0.02097	0.01690	0.01407	0.03004	0.01845	0.39992	0.02138	0.02017	0.01448	0.00836	0.00754	0.00218	0.04115	0.00627	0.00654	0.01142
40	0.01806	0.01730	0.02914	0.08850	0.58120	0.01766	0.04353	0.02371	0.06239	0.02435	0.01507	0.01917	0.01237	0.00689	0.00742	0.00225	0.00881	0.00681	0.00392	0.01146
41	0.00899	0.00667	0.00840	0.00978	0.01062	0.00608	0.00664	0.01040	0.01475	0.01917	0.04774	0.60232	0.17663	0.02237	0.00934	0.00291	0.00420	0.02002	0.00689	0.00608
42	0.01803	0.01886	0.05840	0.13605	0.51804	0.04996	0.04773	0.02265	0.01678	0.02319	0.01375	0.01828	0.01128	0.00678	0.00737	0.00225	0.00942	0.00656	0.00361	0.01102
43	0.01759	0.02062	0.11303	0.27600	0.03994	0.05032	0.25375	0.09315	0.01841	0.02429	0.01430	0.01886	0.01062	0.00713	0.00783	0.00242	0.01095	0.00717	0.00392	0.00972
44	0.01237	0.01007	0.01169	0.01277	0.01476	0.05375	0.01081	0.01543	0.01748	0.02189	0.07116	0.07582	0.15458	0.01915	0.00970	0.00312	0.00659	0.46530	0.00671	0.00686
45	0.02642	0.03719	0.02097	0.17392	0.11032	0.01436	0.01480	0.07144	0.01999	0.39985	0.02247	0.02229	0.01502	0.00837	0.00735	0.00230	0.00759	0.00701	0.00689	0.01146
46	0.01274	0.00958	0.01330	0.01564	0.06815	0.00966	0.01185	0.03906	0.04162	0.02326	0.05784	0.18434	0.04047	0.01892	0.00964	0.00314	0.00646	0.42017	0.00669	0.00748
47	0.13446	0.03276	0.52462	0.02012	0.05496	0.01754	0.02342	0.06522	0.01651	0.02655	0.01319	0.01537	0.00950	0.00713	0.00671	0.00233	0.00991	0.00538	0.00366	0.01066
48	0.02335	0.20652	0.05698	0.01857	0.06529	0.35619	0.01461	0.06585	0.05078	0.02154	0.04478	0.01639	0.01335	0.00778	0.00646	0.00194	0.01049	0.00543	0.00422	0.00947
49	0.04394	0.09244	0.42754	0.02333	0.10767	0.01896	0.07401	0.08237	0.01757	0.02557	0.01358	0.01608	0.01009	0.00704	0.00698	0.00227	0.01014	0.00581	0.00369	0.01092
50	0.02036	0.02335	0.09810	0.07958	0.31114	0.18590	0.03932	0.02528	0.04674	0.05378	0.01656	0.01937	0.03237	0.00760	0.00726	0.00220	0.00996	0.00650	0.00415	0.01048

[dist]
# distance from previous block
# <min> <max>
2	4

[block]
# block no. 4 follows, 27 sequences, length 16
# corresponding to MSA columns:
# 239-254
name=unknown_E
#
# <colnr> <probs for GDERKNQSTAVLIFYWHMCP>
#	G	D	E	R	K	N	Q	S	T	A	V	L	I	F	Y	W	H	M	C	P
0	0.02128	0.01916	0.01889	0.01887	0.10368	0.15572	0.01310	0.11935	0.22169	0.07255	0.10595	0.02731	0.04997	0.00992	0.00753	0.00228	0.00773	0.00806	0.00645	0.01049
1	0.17144	0.04906	0.01835	0.01477	0.01913	0.17486	0.01187	0.18913	0.05362	0.08032	0.01821	0.01923	0.03826	0.01013	0.02740	0.00248	0.04777	0.00616	0.03803	0.00977
2	0.14891	0.01375	0.03733	0.01237	0.01737	0.01265	0.01034	0.09029	0.04288	0.27932	0.15234	0.02705	0.02535	0.00954	0.00703	0.00218	0.00591	0.00765	0.00732	0.09043
3	0.01176	0.00804	0.01090	0.01095	0.01228	0.00903	0.00854	0.01450	0.01326	0.02016	0.02272	0.03492	0.02126	0.07858	0.40100	0.00796	0.04104	0.07173	0.19475	0.00665
4	0.01515	0.03655	0.63451	0.02218	0.03280	0.01740	0.09170	0.02354	0.01586	0.02354	0.01349	0.01611	0.00959	0.00697	0.00722	0.00237	0.01113	0.00582	0.00320	0.01087
5	0.01027	0.00747	0.00966	0.00934	0.01100	0.00687	0.00692	0.01346	0.02011	0.02815	0.59012	0.12467	0.10179	0.01619	0.00883	0.00241	0.00360	0.01432	0.00797	0.00687
6	0.01489	0.03840	0.70064	0.02116	0.03213	0.01724	0.02743	0.02351	0.01567	0.02351	0.01332	0.01567	0.00940	0.00705	0.00705	0.00235	0.01097	0.00549	0.00313	0.01097
7	0.01196	0.00854	0.01196	0.01367	0.01538	0.00854	0.01196	0.01538	0.01709	0.02222	0.03931	0.08374	0.04272	0.02051	0.01025	0.00342	0.00684	0.64283	0.00684	0.00684
8	0.02783	0.01655	0.01910	0.01510	0.02046	0.01725	0.01230	0.34201	0.09371	0.27204	0.02453	0.06603	0.01792	0.01002	0.00758	0.00233	0.00705	0.00803	0.00802	0.01213
9	0.01507	0.03733	0.66607	0.02242	0.06619	0.01726	0.02719	0.02347	0.01574	0.02355	0.01336	0.01581	0.00953	0.00703	0.00707	0.00234	0.01086	0.00554	0.00316	0.01101
10	0.02497	0.01491	0.01790	0.06678	0.02188	0.01577	0.01230	0.09819	0.30653	0.29577	0.02738	0.02518	0.01904	0.00941	0.00750	0.00240	0.00657	0.00773	0.00787	0.01193
11	0.01912	0.01940	0.02828	0.10531	0.55083	0.10236	0.02155	0.02327	0.01722	0.02301	0.01359	0.01789	0.01132	0.00682	0.00728	0.00219	0.00948	0.00639	0.00366	0.01105
12	0.04457	0.06398	0.03385	0.04614	0.08833	0.01881	0.36183	0.02241	0.04811	0.02267	0.01568	0.04397	0.01331	0.03811	0.01136	0.00272	0.10246	0.00822	0.00398	0.00949
13	0.11866	0.01321	0.01563	0.10118	0.02117	0.01359	0.01107	0.05357	0.14763	0.21194	0.02797	0.02807	0.09013	0.03459	0.00812	0.00244	0.00636	0.00781	0.00663	0.08026
14	0.05230	0.04783	0.04077	0.01447	0.01883	0.09782	0.01180	0.14128	0.16573	0.13159	0.02612	0.11272	0.04734	0.01329	0.04164	0.00283	0.00790	0.00893	0.00660	0.01021
15	0.02105	0.10732	0.04920	0.01513	0.01945	0.01991	0.01284	0.32146	0.04587	0.03232	0.06058	0.02371	0.01780	0.09785	0.04122	0.00327	0.08781	0.00731	0.00583	0.01007

[dist]
# distance from previous block
# <min> <max>
0	17

# created by:
# /st0/software/busco_prod/Augustus/scripts/msa2prfl.pl ./align_prep/154652.fa
