[name]
unknown

[dist]
# distance from previous block
# <min> <max>
26	44

[block]
# block no. 0 follows, 29 sequences, length 6
# corresponding to MSA columns:
# 52-57
name=unknown_A
#
# <colnr> <probs for GDERKNQSTAVLIFYWHMCP>
#	G	D	E	R	K	N	Q	S	T	A	V	L	I	F	Y	W	H	M	C	P
0	0.05711	0.01624	0.02234	0.17848	0.29027	0.05286	0.01710	0.15051	0.01894	0.02607	0.01630	0.09125	0.01442	0.00863	0.00712	0.00224	0.00819	0.00755	0.00452	0.00983
1	0.01176	0.00850	0.01046	0.01100	0.01230	0.00852	0.00777	0.12265	0.01696	0.02266	0.03553	0.62291	0.04122	0.02000	0.00876	0.00277	0.00475	0.01792	0.00670	0.00685
2	0.01833	0.01745	0.02475	0.07237	0.44275	0.06450	0.01828	0.06585	0.08169	0.02459	0.01484	0.01790	0.01201	0.00680	0.00685	0.00203	0.00818	0.00617	0.00417	0.09048
3	0.05500	0.02116	0.02281	0.10770	0.27461	0.22928	0.01704	0.02453	0.08093	0.02146	0.01360	0.01675	0.01112	0.00754	0.00805	0.00217	0.06695	0.00585	0.00389	0.00955
4	0.01739	0.01466	0.02563	0.08166	0.14246	0.01402	0.22370	0.04610	0.01704	0.11054	0.02294	0.05806	0.08391	0.00988	0.02800	0.00248	0.00866	0.00848	0.00486	0.07952
5	0.02111	0.01712	0.01978	0.01587	0.02072	0.06240	0.07935	0.25478	0.18477	0.07809	0.02514	0.02499	0.08031	0.01095	0.03433	0.00254	0.00784	0.00771	0.00638	0.04581

[dist]
# distance from previous block
# <min> <max>
11	20

[block]
# block no. 1 follows, 29 sequences, length 92
# corresponding to MSA columns:
# 79-90,94-173
name=unknown_B
#
# <colnr> <probs for GDERKNQSTAVLIFYWHMCP>
#	G	D	E	R	K	N	Q	S	T	A	V	L	I	F	Y	W	H	M	C	P
0	0.03986	0.01268	0.01417	0.01122	0.01594	0.01159	0.00864	0.07570	0.12585	0.02483	0.01790	0.04531	0.01584	0.11550	0.01037	0.00232	0.00576	0.00643	0.00505	0.43504
1	0.01064	0.00757	0.00992	0.04354	0.01281	0.00727	0.00751	0.01373	0.04203	0.04764	0.31855	0.32351	0.09398	0.01710	0.00852	0.00252	0.00415	0.01523	0.00707	0.00672
2	0.00959	0.00726	0.00885	0.00845	0.01034	0.00651	0.00634	0.01250	0.01901	0.02584	0.51824	0.05766	0.25221	0.01557	0.00840	0.00229	0.00343	0.01350	0.00748	0.00651
3	0.01014	0.00697	0.00872	0.00894	0.00940	0.00718	0.00581	0.01113	0.01159	0.01600	0.04939	0.14504	0.02847	0.43371	0.18751	0.00703	0.00905	0.01117	0.02760	0.00516
4	0.03123	0.01327	0.01724	0.01322	0.01875	0.01218	0.01092	0.13015	0.02231	0.61209	0.02647	0.02318	0.01681	0.00877	0.00716	0.00219	0.00632	0.00705	0.00856	0.01212
5	0.02819	0.01181	0.01567	0.01244	0.01727	0.01059	0.01009	0.07409	0.02063	0.56215	0.06960	0.09037	0.02294	0.01036	0.00741	0.00226	0.00584	0.00864	0.00844	0.01122
6	0.01681	0.01921	0.04202	0.03001	0.03721	0.01801	0.67947	0.02281	0.01681	0.02281	0.01441	0.01921	0.01080	0.00600	0.00840	0.00240	0.01200	0.00840	0.00360	0.00960
7	0.04959	0.01878	0.01932	0.01525	0.02014	0.05026	0.01228	0.53834	0.05126	0.03941	0.01757	0.02025	0.01365	0.08901	0.01017	0.00265	0.00780	0.00673	0.00659	0.01093
8	0.02618	0.07997	0.02157	0.01755	0.02177	0.53947	0.01361	0.15390	0.02236	0.02267	0.01211	0.01357	0.00974	0.00749	0.00643	0.00187	0.01152	0.00489	0.00429	0.00906
9	0.01003	0.00688	0.00775	0.00787	0.00815	0.00673	0.00460	0.01031	0.01121	0.01470	0.02886	0.10036	0.09803	0.61981	0.03134	0.00614	0.00636	0.01157	0.00472	0.00460
10	0.00919	0.00650	0.00822	0.00927	0.00969	0.00624	0.00602	0.01017	0.01275	0.01695	0.03523	0.49096	0.06966	0.22373	0.04754	0.00435	0.00552	0.01674	0.00586	0.00541
11	0.01712	0.01640	0.02799	0.12745	0.62556	0.01679	0.02160	0.02141	0.01597	0.02265	0.01330	0.01779	0.01106	0.00644	0.00706	0.00215	0.00858	0.00634	0.00348	0.01087
12	0.01325	0.00798	0.01053	0.00950	0.01173	0.00726	0.00726	0.01652	0.02019	0.12732	0.60400	0.04900	0.06001	0.01373	0.00822	0.00223	0.00375	0.01205	0.00798	0.00750
13	0.01051	0.00698	0.00880	0.00938	0.01067	0.00633	0.00657	0.01220	0.01537	0.06744	0.13822	0.44116	0.16852	0.05087	0.00990	0.00283	0.00418	0.01690	0.00684	0.00633
14	0.01631	0.01824	0.03897	0.13368	0.03896	0.01768	0.58214	0.02213	0.01643	0.02213	0.01415	0.01917	0.01061	0.00617	0.00821	0.00240	0.01163	0.00810	0.00354	0.00935
15	0.01869	0.01743	0.01715	0.01629	0.05115	0.09534	0.01204	0.03605	0.58649	0.02812	0.02627	0.02463	0.01986	0.00925	0.00715	0.00234	0.00656	0.00759	0.00668	0.01094
16	0.02404	0.01037	0.01399	0.01133	0.01545	0.00911	0.00911	0.02701	0.02030	0.46363	0.27176	0.03471	0.03556	0.01089	0.00761	0.00222	0.00508	0.00923	0.00846	0.01016
17	0.01208	0.00625	0.00933	0.00941	0.00949	0.00629	0.00633	0.00947	0.00959	0.01285	0.01401	0.05753	0.01433	0.02596	0.05947	0.71729	0.00669	0.00694	0.00330	0.00338
18	0.01826	0.01855	0.02560	0.20165	0.42843	0.12214	0.01991	0.04116	0.01684	0.02182	0.01297	0.01721	0.01057	0.00674	0.00697	0.00213	0.00934	0.00608	0.00357	0.01006
19	0.01048	0.00746	0.00912	0.00859	0.01064	0.00666	0.00648	0.01335	0.01899	0.05371	0.48546	0.05660	0.25540	0.01536	0.00835	0.00229	0.00354	0.01329	0.00751	0.00673
20	0.76328	0.01369	0.01076	0.00952	0.01398	0.01571	0.00784	0.02159	0.01251	0.06442	0.01079	0.01217	0.00819	0.00672	0.00454	0.00220	0.00553	0.00401	0.00462	0.00792
21	0.01681	0.01609	0.02744	0.17742	0.57796	0.01671	0.02145	0.02114	0.01583	0.02228	0.01325	0.01789	0.01093	0.00649	0.00706	0.00216	0.00866	0.00634	0.00345	0.01063
22	0.01904	0.75404	0.03731	0.01218	0.01828	0.02818	0.01218	0.02132	0.01447	0.01675	0.00990	0.01142	0.00914	0.00609	0.00457	0.00152	0.00761	0.00381	0.00305	0.00914
23	0.77153	0.01371	0.01069	0.00949	0.01393	0.01577	0.00781	0.02144	0.01243	0.05714	0.01059	0.01204	0.00808	0.00669	0.00451	0.00220	0.00553	0.00398	0.00457	0.00788
24	0.00896	0.00723	0.00797	0.00778	0.00995	0.00624	0.00584	0.01127	0.01751	0.02228	0.27790	0.06351	0.49478	0.01690	0.00841	0.00235	0.00353	0.01433	0.00701	0.00624
25	0.01445	0.06188	0.68926	0.02001	0.03038	0.01694	0.02582	0.02251	0.01501	0.02235	0.01268	0.01491	0.00902	0.00674	0.00669	0.00223	0.01042	0.00521	0.00301	0.01048
26	0.03036	0.01201	0.01617	0.01256	0.01783	0.01056	0.01032	0.03380	0.04588	0.65180	0.06036	0.02571	0.02015	0.00912	0.00722	0.00221	0.00591	0.00747	0.00871	0.01183
27	0.80005	0.01377	0.01047	0.00936	0.01377	0.01597	0.00771	0.02093	0.01212	0.03195	0.00991	0.01157	0.00771	0.00661	0.00441	0.00220	0.00551	0.00386	0.00441	0.00771
28	0.01771	0.01530	0.01610	0.01449	0.01852	0.01771	0.01127	0.03784	0.69247	0.02979	0.02898	0.02657	0.02174	0.00966	0.00725	0.00242	0.00564	0.00805	0.00725	0.01127
29	0.02529	0.11693	0.02236	0.04238	0.02252	0.54800	0.01376	0.08952	0.02057	0.01999	0.01151	0.01329	0.00946	0.00730	0.00629	0.00185	0.01163	0.00473	0.00391	0.00871
30	0.00914	0.00653	0.00880	0.01045	0.01107	0.00619	0.00742	0.01072	0.01409	0.01870	0.03899	0.63403	0.04607	0.02187	0.00921	0.00296	0.00454	0.12670	0.00660	0.00591
31	0.01008	0.00728	0.00952	0.00896	0.01064	0.00672	0.00672	0.01344	0.02016	0.02855	0.70158	0.05319	0.06719	0.01456	0.00840	0.00224	0.00336	0.01288	0.00784	0.00672
32	0.01477	0.01266	0.01477	0.01055	0.01687	0.00949	0.00844	0.01793	0.01477	0.02320	0.01266	0.01477	0.01055	0.00527	0.00527	0.00105	0.00527	0.00422	0.00422	0.79328
33	0.05192	0.39529	0.13642	0.01348	0.01935	0.06818	0.01353	0.04997	0.01669	0.04290	0.11336	0.01890	0.01802	0.00774	0.00579	0.00184	0.00767	0.00565	0.00420	0.00910
34	0.02653	0.01761	0.01957	0.01524	0.02061	0.01896	0.01251	0.48347	0.08309	0.16579	0.04813	0.02065	0.01615	0.00893	0.00719	0.00218	0.00715	0.00695	0.00747	0.01182
35	0.00956	0.00726	0.00880	0.00841	0.01032	0.00650	0.00631	0.01243	0.01892	0.02563	0.50413	0.05800	0.26645	0.01565	0.00840	0.00229	0.00344	0.01355	0.00745	0.00650
36	0.01477	0.01266	0.01477	0.01055	0.01687	0.00949	0.00844	0.01793	0.01477	0.02320	0.01266	0.01477	0.01055	0.00527	0.00527	0.00105	0.00527	0.00422	0.00422	0.79328
37	0.01345	0.01266	0.02136	0.73264	0.04904	0.01582	0.01978	0.01819	0.01424	0.01819	0.01266	0.01898	0.00949	0.00712	0.00712	0.00237	0.00949	0.00633	0.00316	0.00791
38	0.01513	0.01287	0.01496	0.01072	0.01703	0.00987	0.00859	0.03782	0.01533	0.02385	0.01279	0.01484	0.01059	0.00537	0.00533	0.00109	0.00535	0.00428	0.00431	0.76986
39	0.00967	0.00738	0.00825	0.00795	0.01021	0.00638	0.00599	0.01202	0.01764	0.04328	0.27663	0.06217	0.47390	0.01662	0.00837	0.00234	0.00360	0.01409	0.00708	0.00643
40	0.03195	0.01212	0.01652	0.01267	0.01818	0.01047	0.01047	0.03470	0.02038	0.71026	0.02809	0.02424	0.01763	0.00881	0.00716	0.00220	0.00606	0.00716	0.00881	0.01212
41	0.01364	0.01285	0.02170	0.70144	0.07876	0.01587	0.01987	0.01836	0.01433	0.01842	0.01269	0.01892	0.00957	0.00708	0.00712	0.00236	0.00945	0.00633	0.00318	0.00806
42	0.00854	0.00712	0.00745	0.00757	0.00974	0.00603	0.00560	0.01038	0.01621	0.01968	0.10564	0.13155	0.60358	0.01824	0.00848	0.00244	0.00364	0.01540	0.00668	0.00603
43	0.02593	0.01837	0.01977	0.01531	0.02061	0.02016	0.01260	0.59323	0.03120	0.06838	0.01810	0.01827	0.01291	0.00853	0.00692	0.00209	0.00733	0.00646	0.08223	0.01158
44	0.01000	0.00728	0.00941	0.00887	0.01059	0.00668	0.00666	0.01328	0.01997	0.02811	0.67145	0.05392	0.09760	0.01472	0.00840	0.00225	0.00337	0.01298	0.00778	0.00668
45	0.12697	0.01523	0.01548	0.01384	0.01797	0.01761	0.01085	0.05567	0.57704	0.03056	0.02595	0.02418	0.01948	0.00920	0.00685	0.00238	0.00569	0.00741	0.00685	0.01080
46	0.00976	0.00749	0.00878	0.00843	0.01030	0.00684	0.00621	0.01285	0.03979	0.02413	0.40388	0.05718	0.28553	0.07492	0.01061	0.00268	0.00381	0.01327	0.00710	0.00642
47	0.01389	0.00808	0.01059	0.00963	0.01195	0.00730	0.00733	0.01690	0.01949	0.15209	0.49603	0.10367	0.08634	0.01429	0.00823	0.00229	0.00393	0.01252	0.00786	0.00760
48	0.20372	0.01273	0.01511	0.01200	0.01711	0.01224	0.00987	0.05558	0.03864	0.49092	0.04472	0.02209	0.01686	0.00851	0.00658	0.00221	0.00591	0.00659	0.00768	0.01093
49	0.06386	0.00829	0.01033	0.01052	0.01227	0.00798	0.00758	0.04747	0.01598	0.12007	0.08580	0.50575	0.04018	0.01810	0.00836	0.00266	0.00462	0.01607	0.00690	0.00720
50	0.02907	0.01493	0.01803	0.01394	0.01930	0.01484	0.01143	0.27274	0.04385	0.42371	0.02388	0.02237	0.01597	0.03197	0.00806	0.00233	0.00673	0.00701	0.00800	0.01185
51	0.01061	0.00726	0.00932	0.00903	0.01054	0.00671	0.00655	0.01327	0.01814	0.04951	0.49292	0.14872	0.08608	0.08612	0.01112	0.00278	0.00391	0.01355	0.00731	0.00652
52	0.05864	0.01478	0.01693	0.01365	0.01844	0.01543	0.01100	0.22913	0.16545	0.27297	0.05553	0.02435	0.01908	0.04134	0.00837	0.00243	0.00640	0.00739	0.00754	0.01115
53	0.00874	0.00623	0.00824	0.00983	0.01022	0.00583	0.00652	0.00993	0.01350	0.01800	0.03856	0.71647	0.04623	0.05213	0.01020	0.00306	0.00424	0.01984	0.00652	0.00572
54	0.01035	0.00694	0.00794	0.00794	0.00800	0.00700	0.00453	0.01047	0.01041	0.01394	0.02228	0.04571	0.02550	0.71642	0.06905	0.00712	0.00749	0.01022	0.00429	0.00441
55	0.01411	0.00808	0.01071	0.00979	0.01205	0.00733	0.00743	0.01710	0.01942	0.15827	0.49284	0.13052	0.05526	0.01438	0.00824	0.00231	0.00397	0.01266	0.00788	0.00764
56	0.00899	0.00637	0.00831	0.00959	0.01006	0.00599	0.00635	0.01026	0.01379	0.01853	0.09188	0.60713	0.04629	0.10597	0.01218	0.00330	0.00439	0.01849	0.00645	0.00569
57	0.01775	0.01682	0.02826	0.07662	0.64878	0.01705	0.02146	0.04511	0.01673	0.02378	0.01349	0.01767	0.01122	0.00646	0.00706	0.00213	0.00849	0.00635	0.00363	0.01114
58	0.02739	0.01942	0.02105	0.01614	0.02182	0.02131	0.01333	0.63832	0.03260	0.08938	0.01783	0.01757	0.01248	0.00857	0.00713	0.00214	0.00772	0.00646	0.00724	0.01211
59	0.01009	0.00686	0.00786	0.00801	0.00821	0.00674	0.00468	0.01041	0.01129	0.01501	0.05005	0.12035	0.05873	0.61692	0.03125	0.00613	0.00635	0.01167	0.00478	0.00462
60	0.00875	0.00631	0.00830	0.00974	0.01032	0.00585	0.00656	0.01015	0.01416	0.01888	0.08276	0.67170	0.07690	0.02163	0.00902	0.00283	0.00406	0.01955	0.00669	0.00585
61	0.02707	0.01995	0.02137	0.01638	0.02208	0.02208	0.01353	0.68159	0.03348	0.04488	0.01710	0.01710	0.01211	0.00855	0.00712	0.00214	0.00784	0.00641	0.00712	0.01211
62	0.01771	0.01530	0.01610	0.01449	0.01852	0.01771	0.01127	0.03784	0.69247	0.02979	0.02898	0.02657	0.02174	0.00966	0.00725	0.00242	0.00564	0.00805	0.00725	0.01127
63	0.02871	0.01140	0.01549	0.01212	0.01706	0.00991	0.00991	0.03156	0.02035	0.60942	0.12772	0.02852	0.02496	0.00966	0.00734	0.00221	0.00566	0.00801	0.00867	0.01132
64	0.01021	0.00684	0.00781	0.00795	0.00798	0.00681	0.00451	0.01032	0.01063	0.01417	0.02385	0.10538	0.02767	0.68854	0.03396	0.00657	0.00667	0.01119	0.00451	0.00444
65	0.01036	0.00690	0.00777	0.00777	0.00777	0.00690	0.00431	0.01036	0.01036	0.01381	0.02244	0.04660	0.02589	0.74975	0.03624	0.00690	0.00690	0.01036	0.00431	0.00431
66	0.01679	0.00909	0.01159	0.01009	0.01302	0.00830	0.00780	0.02046	0.05240	0.22957	0.36688	0.04466	0.11842	0.04751	0.00928	0.00247	0.00447	0.01106	0.00780	0.00836
67	0.00882	0.00631	0.00839	0.00982	0.01036	0.00588	0.00662	0.01027	0.01429	0.01923	0.10617	0.67519	0.04913	0.02153	0.00902	0.00283	0.00405	0.01950	0.00673	0.00588
68	0.21582	0.01266	0.01505	0.01196	0.01713	0.01213	0.00984	0.03154	0.04995	0.51535	0.02377	0.02130	0.01544	0.00832	0.00650	0.00221	0.00591	0.00641	0.00768	0.01102
69	0.01525	0.01258	0.01403	0.01324	0.01634	0.01406	0.01043	0.02918	0.44994	0.02723	0.10982	0.04100	0.03100	0.04856	0.00930	0.00278	0.00561	0.13313	0.00704	0.00949
70	0.01114	0.00809	0.01100	0.01246	0.01419	0.00795	0.01080	0.01425	0.01637	0.02108	0.04150	0.07902	0.11401	0.01949	0.00968	0.00318	0.00623	0.58648	0.00656	0.00650
71	0.80005	0.01377	0.01047	0.00936	0.01377	0.01597	0.00771	0.02093	0.01212	0.03195	0.00991	0.01157	0.00771	0.00661	0.00441	0.00220	0.00551	0.00386	0.00441	0.00771
72	0.01034	0.00681	0.00869	0.00932	0.01005	0.00643	0.00619	0.01166	0.01411	0.04856	0.14048	0.42059	0.04350	0.21061	0.01599	0.00381	0.00482	0.01591	0.00630	0.00582
73	0.01728	0.00979	0.01172	0.01004	0.01338	0.00902	0.00791	0.08431	0.02005	0.21121	0.22207	0.04546	0.24730	0.01323	0.00779	0.00225	0.00461	0.01109	0.04303	0.00848
74	0.01017	0.00763	0.01144	0.01144	0.01272	0.00890	0.00890	0.01272	0.01144	0.01653	0.01907	0.02797	0.01780	0.05340	0.72153	0.01144	0.01907	0.00763	0.00381	0.00636
75	0.01036	0.00690	0.00777	0.00777	0.00777	0.00690	0.00431	0.01036	0.01036	0.01381	0.02244	0.04660	0.02589	0.74975	0.03624	0.00690	0.00690	0.01036	0.00431	0.00431
76	0.14046	0.00995	0.01094	0.01017	0.01316	0.00993	0.00786	0.01984	0.10312	0.13146	0.13474	0.14509	0.18922	0.01387	0.00757	0.00242	0.00468	0.03066	0.00686	0.00799
77	0.01032	0.00705	0.00853	0.00853	0.00879	0.00732	0.00527	0.01084	0.01058	0.01437	0.02174	0.04273	0.02421	0.60529	0.17842	0.00785	0.00943	0.00979	0.00421	0.00474
78	0.00848	0.00697	0.00747	0.00787	0.00979	0.00596	0.00570	0.01015	0.01560	0.01898	0.06418	0.23227	0.54384	0.01907	0.00858	0.00252	0.00373	0.01629	0.00661	0.00596
79	0.03195	0.01212	0.01652	0.01267	0.01818	0.01047	0.01047	0.03470	0.02038	0.71026	0.02809	0.02424	0.01763	0.00881	0.00716	0.00220	0.00606	0.00716	0.00881	0.01212
80	0.00892	0.00630	0.00819	0.00960	0.00995	0.00595	0.00627	0.00998	0.01315	0.01754	0.03679	0.64317	0.04400	0.12846	0.01305	0.00348	0.00454	0.01880	0.00627	0.00557
81	0.02660	0.03394	0.02018	0.01834	0.02201	0.72116	0.01376	0.02843	0.02018	0.01743	0.01101	0.01284	0.00917	0.00734	0.00642	0.00183	0.01284	0.00459	0.00367	0.00825
82	0.01748	0.01677	0.02863	0.06818	0.68202	0.01688	0.02178	0.02172	0.01614	0.02308	0.01337	0.01767	0.01122	0.00637	0.00705	0.00212	0.00850	0.00634	0.00351	0.01116
83	0.01904	0.75404	0.03731	0.01218	0.01828	0.02818	0.01218	0.02132	0.01447	0.01675	0.00990	0.01142	0.00914	0.00609	0.00457	0.00152	0.00761	0.00381	0.00305	0.00914
84	0.01661	0.22778	0.34006	0.04123	0.08165	0.04608	0.10843	0.02229	0.01538	0.02075	0.01219	0.01484	0.00949	0.00648	0.00640	0.00205	0.00982	0.00537	0.00317	0.00992
85	0.58659	0.01371	0.01276	0.07005	0.01772	0.01543	0.00938	0.05265	0.01448	0.13147	0.01315	0.01430	0.00952	0.00706	0.00516	0.00221	0.00602	0.00466	0.00508	0.00858
86	0.01532	0.01299	0.01506	0.01081	0.01711	0.01006	0.00867	0.04798	0.01561	0.02418	0.01286	0.01487	0.01062	0.00542	0.00536	0.00110	0.00539	0.00432	0.00435	0.75791
87	0.01681	0.01572	0.02575	0.24397	0.45013	0.01686	0.02038	0.05024	0.04813	0.02302	0.01407	0.01842	0.01128	0.00682	0.00708	0.00221	0.00860	0.00642	0.00375	0.01032
88	0.56904	0.01285	0.01290	0.05734	0.01702	0.01446	0.05206	0.01919	0.01302	0.02855	0.03631	0.11040	0.01511	0.00892	0.00559	0.00232	0.00594	0.00676	0.00467	0.00756
89	0.53939	0.05250	0.01460	0.09411	0.01935	0.09464	0.01026	0.04077	0.03513	0.02831	0.01115	0.01318	0.00871	0.00687	0.00511	0.00215	0.00695	0.00442	0.00428	0.00810
90	0.62616	0.05062	0.01417	0.03425	0.01666	0.01674	0.03210	0.06092	0.01413	0.06368	0.01146	0.01300	0.00868	0.00680	0.00493	0.00218	0.00613	0.00440	0.00464	0.00833
91	0.45375	0.14296	0.08433	0.01332	0.05096	0.01858	0.01151	0.05357	0.06857	0.02846	0.01222	0.01364	0.00959	0.00686	0.00515	0.00210	0.00661	0.00456	0.00435	0.00889

[dist]
# distance from previous block
# <min> <max>
2	9

[block]
# block no. 2 follows, 29 sequences, length 17
# corresponding to MSA columns:
# 183-199
name=unknown_C
#
# <colnr> <probs for GDERKNQSTAVLIFYWHMCP>
#	G	D	E	R	K	N	Q	S	T	A	V	L	I	F	Y	W	H	M	C	P
0	0.07342	0.01705	0.01823	0.01438	0.01964	0.01820	0.01167	0.40941	0.11451	0.03711	0.01845	0.05129	0.01444	0.00865	0.00674	0.00203	0.00679	0.00673	0.00644	0.14484
1	0.01519	0.08774	0.04341	0.01308	0.01645	0.01339	0.01135	0.06335	0.16905	0.04914	0.14635	0.04805	0.03413	0.01357	0.00808	0.00258	0.00612	0.24383	0.00655	0.00860
2	0.01731	0.49318	0.28302	0.01513	0.02284	0.02394	0.01732	0.02177	0.01467	0.01886	0.01095	0.01274	0.00910	0.00634	0.00537	0.00179	0.00867	0.00434	0.00303	0.00964
3	0.01859	0.65672	0.08900	0.01295	0.01927	0.02668	0.01324	0.02234	0.05231	0.01793	0.01119	0.01255	0.00983	0.00634	0.00489	0.00163	0.00773	0.00416	0.00328	0.00937
4	0.02025	0.01541	0.01725	0.01313	0.01890	0.01482	0.01063	0.24369	0.10874	0.07068	0.01713	0.01761	0.01292	0.00714	0.00626	0.00166	0.00622	0.00562	0.00584	0.38610
5	0.00911	0.00660	0.00864	0.00967	0.01055	0.00612	0.00677	0.01098	0.01545	0.02084	0.19895	0.51319	0.08918	0.02010	0.00892	0.00272	0.00402	0.04522	0.00690	0.00605
6	0.01428	0.03683	0.71286	0.02030	0.03082	0.01654	0.02631	0.02255	0.01503	0.02255	0.01278	0.01503	0.00902	0.00677	0.00677	0.00226	0.01052	0.00526	0.00301	0.01052
7	0.01428	0.03683	0.71286	0.02030	0.03082	0.01654	0.02631	0.02255	0.01503	0.02255	0.01278	0.01503	0.00902	0.00677	0.00677	0.00226	0.01052	0.00526	0.00301	0.01052
8	0.03195	0.01212	0.01652	0.01267	0.01818	0.01047	0.01047	0.03470	0.02038	0.71026	0.02809	0.02424	0.01763	0.00881	0.00716	0.00220	0.00606	0.00716	0.00881	0.01212
9	0.01434	0.01357	0.02297	0.58551	0.18920	0.01605	0.02022	0.01897	0.01466	0.01928	0.01281	0.01869	0.00987	0.00695	0.00710	0.00232	0.00927	0.00633	0.00324	0.00863
10	0.01539	0.01464	0.02486	0.41256	0.35396	0.01633	0.02074	0.01989	0.01516	0.02055	0.01300	0.01835	0.01032	0.00676	0.00709	0.00225	0.00901	0.00634	0.00333	0.00948
11	0.00842	0.00721	0.00721	0.00721	0.00962	0.00601	0.00541	0.01022	0.01623	0.01924	0.07213	0.06853	0.70244	0.01803	0.00842	0.00240	0.00361	0.01503	0.00661	0.00601
12	0.01147	0.00820	0.01147	0.01311	0.01475	0.00820	0.01147	0.01475	0.01639	0.02131	0.03770	0.08032	0.04098	0.01967	0.00984	0.00328	0.00656	0.65741	0.00656	0.00656
13	0.01564	0.24132	0.52025	0.01798	0.02724	0.01986	0.02228	0.02220	0.01487	0.02090	0.01196	0.01400	0.00905	0.00657	0.00614	0.00205	0.00969	0.00485	0.00302	0.01013
14	0.01762	0.01692	0.02890	0.04371	0.70533	0.01692	0.02185	0.02185	0.01621	0.02326	0.01339	0.01762	0.01128	0.00634	0.00705	0.00211	0.00846	0.00634	0.00352	0.01128
15	0.01017	0.00763	0.01144	0.01144	0.01272	0.00890	0.00890	0.01272	0.01144	0.01653	0.01907	0.02797	0.01780	0.05340	0.72153	0.01144	0.01907	0.00763	0.00381	0.00636
16	0.01762	0.01692	0.02890	0.04371	0.70533	0.01692	0.02185	0.02185	0.01621	0.02326	0.01339	0.01762	0.01128	0.00634	0.00705	0.00211	0.00846	0.00634	0.00352	0.01128

[dist]
# distance from previous block
# <min> <max>
0	0

# created by:
# /st0/software/busco_prod/Augustus/scripts/msa2prfl.pl ./align_prep/154929.fa
