[name]
unknown

[dist]
# distance from previous block
# <min> <max>
0	47

[block]
# block no. 0 follows, 24 sequences, length 17
# corresponding to MSA columns:
# 47-63
name=unknown_A
#
# <colnr> <probs for GDERKNQSTAVLIFYWHMCP>
#	G	D	E	R	K	N	Q	S	T	A	V	L	I	F	Y	W	H	M	C	P
0	0.01407	0.02174	0.26940	0.01758	0.02307	0.01339	0.01886	0.01956	0.01710	0.02364	0.03034	0.05581	0.05121	0.04013	0.01143	0.00331	0.04735	0.30756	0.00549	0.00897
1	0.02231	0.31955	0.16201	0.02145	0.12630	0.06042	0.01820	0.02718	0.03769	0.11243	0.01580	0.01719	0.01227	0.00760	0.00662	0.00212	0.00929	0.00572	0.00454	0.01134
2	0.02177	0.21198	0.13820	0.08780	0.08216	0.15676	0.05299	0.02596	0.01790	0.06240	0.01393	0.01680	0.01111	0.00802	0.00834	0.00228	0.06124	0.00590	0.00402	0.01043
3	0.01878	0.02061	0.03506	0.06450	0.03360	0.07975	0.34812	0.02353	0.01710	0.02301	0.01439	0.01980	0.01166	0.01008	0.03420	0.00300	0.16363	0.00794	0.00393	0.06730
4	0.02139	0.01945	0.02222	0.01831	0.02200	0.08807	0.05911	0.16636	0.12877	0.02945	0.01859	0.02292	0.01544	0.06755	0.01495	0.00303	0.18518	0.00756	0.03159	0.05807
5	0.00978	0.00709	0.00924	0.01073	0.01148	0.00655	0.00728	0.01142	0.01604	0.02136	0.10224	0.61094	0.09911	0.02373	0.01000	0.00312	0.00448	0.02139	0.00748	0.00655
6	0.01223	0.00902	0.01125	0.01150	0.01232	0.00956	0.00801	0.04770	0.01530	0.02092	0.03450	0.36177	0.06432	0.20061	0.04693	0.00464	0.06913	0.01603	0.03756	0.00669
7	0.01821	0.02123	0.06728	0.08185	0.04031	0.02019	0.51714	0.02444	0.01784	0.02444	0.01532	0.02083	0.01170	0.00745	0.01067	0.00274	0.07520	0.00884	0.00390	0.01041
8	0.01730	0.01460	0.01691	0.01215	0.01916	0.01145	0.00975	0.05925	0.01775	0.02736	0.01440	0.01661	0.01185	0.00610	0.00600	0.00125	0.00605	0.00485	0.00490	0.72229
9	0.00998	0.00703	0.00911	0.01064	0.01102	0.00665	0.00693	0.01112	0.01457	0.01942	0.04054	0.60393	0.04846	0.14249	0.01523	0.00398	0.00512	0.02068	0.00693	0.00616
10	0.00997	0.00798	0.01051	0.01098	0.01260	0.00716	0.03625	0.01183	0.01640	0.02091	0.05580	0.45047	0.27552	0.02227	0.00981	0.00300	0.00479	0.01981	0.00721	0.00673
11	0.02489	0.06819	0.02550	0.01941	0.06329	0.01741	0.09438	0.11310	0.02111	0.21977	0.01956	0.02056	0.01415	0.00857	0.00926	0.00225	0.07655	0.00693	0.00630	0.16881
12	0.05943	0.01551	0.02034	0.07116	0.15407	0.01641	0.01466	0.05921	0.14809	0.02753	0.02165	0.11166	0.01951	0.01069	0.00917	0.00243	0.06529	0.00886	0.00558	0.15875
13	0.01984	0.01557	0.01906	0.01874	0.10235	0.01603	0.01296	0.05683	0.26617	0.08702	0.02542	0.02669	0.03625	0.03949	0.03932	0.00295	0.02829	0.00788	0.00652	0.17263
14	0.02519	0.01890	0.01916	0.01567	0.02104	0.09026	0.01249	0.18737	0.18647	0.15198	0.05215	0.02594	0.04178	0.00992	0.00774	0.00230	0.00762	0.00785	0.00749	0.10869
15	0.02009	0.01616	0.01876	0.01751	0.05980	0.01790	0.01298	0.05337	0.39232	0.08233	0.03078	0.02967	0.06726	0.01098	0.00957	0.00259	0.06912	0.00875	0.00722	0.07284
16	0.02434	0.02052	0.02223	0.02397	0.17802	0.13426	0.01549	0.17002	0.08177	0.11090	0.02656	0.05640	0.07920	0.01053	0.00803	0.00242	0.00876	0.00864	0.00646	0.01147

[dist]
# distance from previous block
# <min> <max>
0	30

[block]
# block no. 1 follows, 24 sequences, length 39
# corresponding to MSA columns:
# 94-132
name=unknown_B
#
# <colnr> <probs for GDERKNQSTAVLIFYWHMCP>
#	G	D	E	R	K	N	Q	S	T	A	V	L	I	F	Y	W	H	M	C	P
0	0.02354	0.04503	0.09913	0.01687	0.02285	0.02044	0.01499	0.38312	0.08689	0.03926	0.02703	0.08693	0.07536	0.01161	0.00813	0.00250	0.00806	0.00928	0.00715	0.01185
1	0.08448	0.02269	0.02343	0.01821	0.02436	0.08680	0.04396	0.47476	0.03201	0.04342	0.01737	0.01809	0.01264	0.00888	0.00758	0.00230	0.00912	0.00670	0.00697	0.05626
2	0.07929	0.15360	0.02424	0.01753	0.02203	0.41506	0.01394	0.02886	0.02034	0.07009	0.04708	0.01730	0.01413	0.00863	0.00753	0.00212	0.03836	0.00566	0.00466	0.00954
3	0.02370	0.01990	0.02043	0.01690	0.02141	0.10789	0.03408	0.26884	0.10814	0.06270	0.05501	0.02820	0.06715	0.04106	0.04850	0.00326	0.04654	0.00850	0.00682	0.01096
4	0.28733	0.02157	0.01824	0.01523	0.02042	0.15802	0.01222	0.21305	0.02385	0.10660	0.04133	0.01836	0.01417	0.00879	0.00679	0.00235	0.00858	0.00611	0.00633	0.01068
5	0.00947	0.00804	0.00817	0.00814	0.01077	0.00674	0.00610	0.01157	0.01831	0.02198	0.11167	0.07540	0.63695	0.01988	0.00937	0.00267	0.00400	0.01661	0.00744	0.00674
6	0.01010	0.00789	0.00892	0.00957	0.01116	0.00718	0.00665	0.01240	0.03980	0.02074	0.05823	0.32171	0.33461	0.09801	0.01299	0.00344	0.00473	0.01815	0.00711	0.00661
7	0.01062	0.00792	0.00993	0.01054	0.01136	0.00788	0.00721	0.01206	0.01504	0.02002	0.08851	0.35024	0.13549	0.18254	0.05681	0.00466	0.03930	0.01704	0.00652	0.00633
8	0.01498	0.01409	0.02378	0.70226	0.05462	0.01762	0.02202	0.02026	0.01586	0.02026	0.01409	0.02114	0.01057	0.00793	0.00793	0.00264	0.01057	0.00705	0.00352	0.00881
9	0.01018	0.00742	0.00905	0.01005	0.01096	0.00690	0.00678	0.01158	0.01540	0.02007	0.07232	0.40238	0.16845	0.16800	0.01625	0.00403	0.00520	0.04187	0.00688	0.00623
10	0.01195	0.00868	0.01049	0.01083	0.01205	0.00856	0.00742	0.04722	0.05003	0.02344	0.14658	0.35167	0.07621	0.17801	0.01652	0.00400	0.00542	0.01687	0.00709	0.00695
11	0.01785	0.01274	0.01493	0.01378	0.01676	0.01332	0.01056	0.20396	0.07109	0.05585	0.10815	0.31468	0.03972	0.01748	0.00920	0.00284	0.00611	0.05371	0.00783	0.00943
12	0.01067	0.00808	0.00984	0.00940	0.01151	0.00725	0.00705	0.01390	0.02115	0.02872	0.49350	0.06430	0.25091	0.01736	0.00936	0.00255	0.00382	0.01505	0.00832	0.00725
13	0.01324	0.00870	0.01010	0.01005	0.01202	0.00804	0.00707	0.01581	0.04935	0.09034	0.05088	0.23861	0.26212	0.16827	0.01592	0.00386	0.00536	0.01589	0.00712	0.00725
14	0.01232	0.00862	0.01008	0.01009	0.01095	0.00857	0.00653	0.05908	0.01565	0.02095	0.08954	0.22422	0.06276	0.39578	0.02606	0.00546	0.00646	0.01453	0.00616	0.00619
15	0.01278	0.00850	0.01011	0.00967	0.01218	0.00745	0.00726	0.01540	0.01968	0.09370	0.26637	0.14047	0.33050	0.01827	0.00931	0.00266	0.00428	0.01570	0.00808	0.00764
16	0.63178	0.01464	0.01233	0.01077	0.01570	0.01629	0.00884	0.02461	0.01500	0.11991	0.01798	0.01864	0.05051	0.00847	0.00559	0.00247	0.00609	0.00555	0.00571	0.00912
17	0.01402	0.00850	0.01064	0.01042	0.01258	0.00761	0.00760	0.01631	0.01858	0.12323	0.20075	0.26714	0.19654	0.05524	0.01099	0.00303	0.00474	0.01640	0.00794	0.00774
18	0.01064	0.00839	0.00969	0.00985	0.01198	0.00768	0.00734	0.01416	0.05283	0.02469	0.22390	0.18452	0.33549	0.01951	0.00951	0.00278	0.00434	0.04774	0.00776	0.00720
19	0.03041	0.02090	0.02288	0.01764	0.02388	0.02276	0.01454	0.54431	0.06071	0.12841	0.02112	0.02047	0.01470	0.00961	0.00794	0.00240	0.00838	0.00732	0.00818	0.01345
20	0.00989	0.00750	0.00890	0.00966	0.01103	0.00675	0.00670	0.01165	0.01674	0.02158	0.12616	0.36170	0.27110	0.07810	0.01220	0.00330	0.00454	0.01867	0.00731	0.00652
21	0.01359	0.00701	0.01051	0.01051	0.01062	0.00711	0.00711	0.01062	0.01051	0.01412	0.01433	0.02463	0.01423	0.02993	0.08012	0.71287	0.00796	0.00701	0.00350	0.00371
22	0.03558	0.01350	0.01840	0.01411	0.02024	0.01166	0.01166	0.03865	0.02270	0.67734	0.03128	0.02699	0.01963	0.00981	0.00797	0.00245	0.00675	0.00797	0.00981	0.01350
23	0.02899	0.08912	0.02389	0.01992	0.02420	0.64041	0.01519	0.03107	0.02200	0.01935	0.01217	0.01418	0.01021	0.00807	0.00700	0.00202	0.01387	0.00504	0.00403	0.00927
24	0.01471	0.01335	0.01829	0.06747	0.01993	0.03579	0.01378	0.01719	0.01330	0.01942	0.01737	0.06360	0.01680	0.03090	0.27254	0.00678	0.30742	0.00840	0.03505	0.00792
25	0.01590	0.04102	0.68023	0.02260	0.03432	0.01842	0.02930	0.02511	0.01674	0.02511	0.01423	0.01674	0.01005	0.00753	0.00753	0.00251	0.01172	0.00586	0.00335	0.01172
26	0.03401	0.01315	0.01790	0.01384	0.01970	0.01139	0.01139	0.03713	0.02268	0.63589	0.07215	0.02906	0.02317	0.01023	0.00806	0.00246	0.00655	0.00838	0.00975	0.01311
27	0.03014	0.02221	0.02380	0.01825	0.02459	0.02459	0.01507	0.64541	0.03728	0.04998	0.01904	0.01904	0.01349	0.00952	0.00793	0.00238	0.00873	0.00714	0.00793	0.01349
28	0.01942	0.01863	0.03182	0.07732	0.64479	0.01879	0.02424	0.02416	0.01796	0.02566	0.01488	0.01969	0.01247	0.00710	0.00785	0.00237	0.00947	0.00706	0.00391	0.01240
29	0.67675	0.01556	0.01249	0.01119	0.01604	0.01805	0.00911	0.02581	0.09899	0.03526	0.01386	0.01510	0.01066	0.00781	0.00533	0.00249	0.00615	0.00491	0.00533	0.00911
30	0.01152	0.00773	0.00887	0.00887	0.00894	0.00781	0.00508	0.01167	0.01160	0.01554	0.02479	0.05079	0.02835	0.68607	0.07495	0.00796	0.00841	0.01137	0.00478	0.00493
31	0.05413	0.23081	0.09247	0.01645	0.02304	0.05366	0.01522	0.28762	0.02596	0.06286	0.05247	0.01910	0.01554	0.00876	0.00698	0.00219	0.00873	0.00640	0.00598	0.01162
32	0.00949	0.00797	0.00824	0.00831	0.01082	0.00672	0.00618	0.01155	0.01814	0.02191	0.10949	0.11236	0.60143	0.02015	0.00941	0.00270	0.00404	0.01694	0.00744	0.00672
33	0.02028	0.01695	0.01852	0.01642	0.02066	0.01960	0.01302	0.11950	0.48133	0.03363	0.02955	0.03101	0.02313	0.01337	0.03713	0.00315	0.04039	0.04276	0.00763	0.01197
34	0.01110	0.00835	0.00897	0.00865	0.01140	0.00708	0.00655	0.01341	0.01895	0.05963	0.16010	0.07115	0.54884	0.01896	0.00929	0.00264	0.00413	0.01591	0.00769	0.00719
35	0.01078	0.00842	0.00983	0.00973	0.01187	0.00774	0.00719	0.01459	0.05641	0.02623	0.31554	0.15688	0.29858	0.01861	0.00939	0.00268	0.00412	0.01612	0.00797	0.00732
36	0.02962	0.03779	0.02247	0.02043	0.02451	0.68948	0.01532	0.03166	0.02247	0.01941	0.01226	0.01430	0.01021	0.00817	0.00715	0.00204	0.01430	0.00511	0.00409	0.00919
37	0.02096	0.41739	0.22624	0.01729	0.02511	0.13026	0.01846	0.02538	0.01729	0.02067	0.01216	0.01415	0.01014	0.00722	0.00613	0.00199	0.01034	0.00485	0.00349	0.01048
38	0.02703	0.01308	0.01641	0.01350	0.01849	0.01225	0.01097	0.06496	0.09994	0.40071	0.06837	0.03925	0.12079	0.01242	0.00842	0.00258	0.00628	0.04386	0.00894	0.01174

[dist]
# distance from previous block
# <min> <max>
0	1

[block]
# block no. 2 follows, 24 sequences, length 38
# corresponding to MSA columns:
# 134-171
name=unknown_C
#
# <colnr> <probs for GDERKNQSTAVLIFYWHMCP>
#	G	D	E	R	K	N	Q	S	T	A	V	L	I	F	Y	W	H	M	C	P
0	0.15144	0.04311	0.04666	0.06801	0.40973	0.01936	0.02000	0.05516	0.06243	0.02870	0.01545	0.01887	0.01247	0.00754	0.00726	0.00239	0.00869	0.00659	0.00452	0.01163
1	0.13630	0.34269	0.08634	0.01582	0.02211	0.11802	0.04529	0.02557	0.01709	0.06851	0.01365	0.01566	0.01116	0.00994	0.03976	0.00258	0.00998	0.00524	0.00424	0.01004
2	0.02462	0.01921	0.02046	0.01685	0.02206	0.02162	0.01346	0.34725	0.31115	0.04085	0.02520	0.02530	0.01898	0.04441	0.00956	0.00277	0.00759	0.00816	0.00784	0.01265
3	0.01686	0.01206	0.01427	0.01174	0.01603	0.01050	0.00886	0.07552	0.01828	0.07961	0.05746	0.15187	0.04736	0.11631	0.01236	0.00283	0.00608	0.01027	0.00620	0.32554
4	0.03303	0.01492	0.01908	0.01455	0.02080	0.01360	0.01199	0.13259	0.02444	0.52102	0.02784	0.02481	0.01797	0.00942	0.00778	0.00233	0.00698	0.00755	0.00907	0.08022
5	0.64158	0.01733	0.01435	0.01412	0.06252	0.06079	0.01043	0.05308	0.01550	0.03455	0.01177	0.01373	0.00920	0.00749	0.00540	0.00242	0.00700	0.00467	0.00493	0.00914
6	0.01815	0.01930	0.07753	0.16715	0.41808	0.01821	0.08651	0.02315	0.01729	0.02423	0.01478	0.02007	0.01200	0.00807	0.00895	0.03420	0.01010	0.00720	0.00380	0.01122
7	0.01580	0.01489	0.02526	0.53164	0.12009	0.01779	0.05333	0.02085	0.01610	0.02149	0.01459	0.02114	0.01127	0.00811	0.00879	0.00262	0.04465	0.00718	0.03513	0.00926
8	0.01153	0.00769	0.00865	0.00865	0.00865	0.00769	0.00480	0.01153	0.01153	0.01538	0.02499	0.05189	0.02883	0.72131	0.04036	0.00769	0.00769	0.01153	0.00480	0.00480
9	0.02386	0.18085	0.04571	0.01654	0.02162	0.05370	0.01427	0.10689	0.19514	0.13097	0.02110	0.02121	0.01595	0.00976	0.00980	0.00246	0.10540	0.00695	0.00629	0.01155
10	0.01029	0.00791	0.01181	0.01260	0.01358	0.00739	0.05155	0.01204	0.01543	0.02060	0.04178	0.66785	0.04964	0.02358	0.01007	0.00318	0.00521	0.02163	0.00713	0.00674
11	0.01138	0.00769	0.00901	0.00937	0.00955	0.00763	0.00568	0.01181	0.01246	0.01657	0.02853	0.13850	0.03298	0.58462	0.03449	0.00684	0.00727	0.05511	0.00530	0.00519
12	0.01138	0.00828	0.01165	0.01165	0.01269	0.00932	0.00855	0.01346	0.01242	0.01760	0.02224	0.03669	0.02223	0.23602	0.51662	0.01140	0.01763	0.00931	0.00440	0.00647
13	0.01229	0.01530	0.14362	0.01363	0.01788	0.01024	0.04329	0.01692	0.01998	0.02757	0.34628	0.05468	0.16767	0.01523	0.00913	0.00264	0.00613	0.06215	0.00707	0.00831
14	0.03068	0.02136	0.02327	0.01784	0.02417	0.02333	0.01474	0.58604	0.03586	0.11136	0.02024	0.01982	0.01409	0.00955	0.00794	0.00239	0.00853	0.00722	0.00812	0.01349
15	0.02711	0.18558	0.06041	0.01907	0.02413	0.51380	0.01567	0.02963	0.02081	0.01954	0.01209	0.01409	0.01020	0.00784	0.00673	0.00199	0.01292	0.00496	0.00390	0.00953
16	0.05614	0.65582	0.03856	0.01324	0.01968	0.02951	0.01302	0.02327	0.01632	0.02013	0.04482	0.01512	0.01343	0.00730	0.00530	0.00177	0.00813	0.00476	0.00374	0.00996
17	0.01906	0.02659	0.25886	0.03091	0.27261	0.01926	0.02314	0.07128	0.14454	0.02873	0.01837	0.02052	0.01402	0.00813	0.00779	0.00248	0.00957	0.00702	0.00481	0.01232
18	0.03352	0.01304	0.01774	0.01376	0.01953	0.01130	0.01130	0.03665	0.02268	0.62290	0.08495	0.02971	0.02428	0.01035	0.00809	0.00246	0.00649	0.00851	0.00972	0.01299
19	0.01692	0.01429	0.01540	0.01404	0.01781	0.01589	0.01084	0.03342	0.46244	0.03161	0.16237	0.04055	0.10503	0.01286	0.00846	0.00265	0.00553	0.01088	0.00812	0.01091
20	0.01498	0.01409	0.02378	0.70226	0.05462	0.01762	0.02202	0.02026	0.01586	0.02026	0.01409	0.02114	0.01057	0.00793	0.00793	0.00264	0.01057	0.00705	0.00352	0.00881
21	0.01024	0.00993	0.05563	0.01066	0.01299	0.00758	0.00857	0.01271	0.01722	0.02218	0.10885	0.32246	0.30555	0.02083	0.00960	0.00290	0.00489	0.04297	0.00720	0.00704
22	0.01035	0.00770	0.00964	0.00994	0.01151	0.00699	0.00716	0.01298	0.01921	0.02598	0.34792	0.27725	0.18465	0.01980	0.00961	0.00277	0.00408	0.01749	0.00801	0.00699
23	0.01117	0.00925	0.01522	0.01453	0.01626	0.00865	0.10795	0.01351	0.01610	0.02163	0.07025	0.57366	0.04716	0.02154	0.00996	0.00310	0.00595	0.02005	0.00690	0.00717
24	0.02202	0.13576	0.05317	0.16349	0.13802	0.21861	0.01863	0.05508	0.01894	0.02221	0.01312	0.01694	0.01084	0.00827	0.00885	0.00233	0.07370	0.00599	0.00394	0.01009
25	0.02499	0.01676	0.01875	0.01588	0.02100	0.01826	0.01263	0.11350	0.42252	0.19828	0.03044	0.02767	0.02176	0.01037	0.00803	0.00259	0.00669	0.00850	0.00849	0.01290
26	0.03014	0.02221	0.02380	0.01825	0.02459	0.02459	0.01507	0.64541	0.03728	0.04998	0.01904	0.01904	0.01349	0.00952	0.00793	0.00238	0.00873	0.00714	0.00793	0.01349
27	0.02145	0.05407	0.04912	0.05544	0.14090	0.11236	0.01517	0.16487	0.02158	0.05255	0.01975	0.07397	0.01809	0.12320	0.04000	0.00362	0.00981	0.00852	0.00542	0.01013
28	0.01133	0.00775	0.00874	0.00874	0.00902	0.00768	0.00509	0.01161	0.01215	0.01601	0.02973	0.05332	0.08483	0.63665	0.06015	0.00742	0.00783	0.01188	0.00501	0.00505
29	0.01331	0.00864	0.01083	0.00997	0.01246	0.00774	0.00759	0.01660	0.02151	0.09565	0.47274	0.05970	0.20031	0.01641	0.00922	0.00253	0.00411	0.01422	0.00854	0.00792
30	0.01746	0.03800	0.59914	0.02257	0.03369	0.01802	0.06074	0.02610	0.01727	0.07178	0.01555	0.01772	0.01084	0.00765	0.00766	0.00252	0.01145	0.00620	0.00385	0.01179
31	0.02236	0.02555	0.02636	0.15813	0.08884	0.29014	0.09132	0.02720	0.06320	0.02177	0.01446	0.01839	0.01170	0.00874	0.01004	0.00249	0.09874	0.00666	0.00415	0.00976
32	0.01019	0.00765	0.00898	0.00946	0.01078	0.00704	0.00649	0.01183	0.01615	0.02087	0.12201	0.25695	0.26099	0.16770	0.04306	0.00425	0.00560	0.01678	0.00686	0.00633
33	0.00965	0.00696	0.00914	0.01088	0.01146	0.00645	0.00729	0.01106	0.01534	0.02031	0.04566	0.68205	0.08528	0.02459	0.01008	0.00319	0.00457	0.02223	0.00736	0.00645
34	0.01134	0.00844	0.01245	0.01245	0.01377	0.00975	0.00955	0.01397	0.01266	0.01819	0.02151	0.03264	0.02047	0.10681	0.64343	0.01238	0.02027	0.00871	0.00429	0.00692
35	0.01707	0.12499	0.12478	0.01373	0.02147	0.01492	0.01316	0.02134	0.01644	0.02465	0.01366	0.01593	0.01124	0.00627	0.00602	0.00146	0.00718	0.00481	0.00429	0.53657
36	0.22593	0.02456	0.04525	0.04791	0.02218	0.26358	0.01317	0.08908	0.04240	0.02842	0.03989	0.02103	0.05624	0.00910	0.00688	0.00228	0.00961	0.00641	0.00517	0.04094
37	0.02031	0.15828	0.02412	0.01676	0.05195	0.04231	0.04603	0.16265	0.04276	0.05714	0.15195	0.03298	0.10221	0.01148	0.00876	0.00237	0.04205	0.00923	0.00643	0.01023

[dist]
# distance from previous block
# <min> <max>
2	9

[block]
# block no. 3 follows, 24 sequences, length 18
# corresponding to MSA columns:
# 182-199
name=unknown_D
#
# <colnr> <probs for GDERKNQSTAVLIFYWHMCP>
#	G	D	E	R	K	N	Q	S	T	A	V	L	I	F	Y	W	H	M	C	P
0	0.01862	0.01680	0.01671	0.04424	0.02013	0.10997	0.01152	0.12124	0.04566	0.02736	0.02698	0.16252	0.05961	0.01280	0.00798	0.00229	0.00753	0.05703	0.00608	0.22493
1	0.01770	0.01945	0.09364	0.26492	0.40196	0.01839	0.02405	0.02305	0.01719	0.02394	0.01457	0.01985	0.01165	0.00740	0.00785	0.00247	0.01003	0.00694	0.00373	0.01122
2	0.01963	0.01884	0.03219	0.04867	0.67185	0.01884	0.02434	0.02434	0.01806	0.02591	0.01492	0.01963	0.01256	0.00707	0.00785	0.00236	0.00942	0.00707	0.00393	0.01256
3	0.01734	0.03717	0.02830	0.06082	0.07873	0.07649	0.22751	0.02155	0.01777	0.02341	0.02416	0.09387	0.08265	0.01015	0.00877	0.00237	0.02931	0.00969	0.00475	0.14519
4	0.01049	0.00808	0.00958	0.00920	0.01140	0.00717	0.00690	0.01354	0.02071	0.02768	0.43429	0.06602	0.31077	0.01775	0.00936	0.00257	0.00385	0.01529	0.00819	0.00717
5	0.02170	0.10838	0.02833	0.02939	0.26277	0.19122	0.04913	0.05495	0.01960	0.02370	0.02026	0.02299	0.07664	0.00908	0.00857	0.00231	0.04871	0.00729	0.00442	0.01057
6	0.07883	0.02063	0.08826	0.01962	0.02258	0.02327	0.01735	0.16016	0.01833	0.02787	0.01277	0.01732	0.01092	0.01177	0.01851	0.00305	0.42748	0.00667	0.00457	0.01005
7	0.01111	0.00810	0.01044	0.00985	0.01178	0.00743	0.00739	0.01474	0.02217	0.03115	0.63079	0.06031	0.11210	0.01645	0.00935	0.00251	0.00376	0.01449	0.00864	0.00743
8	0.01630	0.01668	0.08142	0.01492	0.01913	0.01602	0.01277	0.02999	0.35383	0.02947	0.13851	0.03910	0.12435	0.01290	0.00964	0.00269	0.05395	0.01052	0.00729	0.01053
9	0.01008	0.00740	0.00946	0.01034	0.01150	0.00678	0.00722	0.01223	0.01768	0.02377	0.23073	0.44074	0.13943	0.02170	0.00980	0.00294	0.00427	0.01939	0.00776	0.00678
10	0.01641	0.01612	0.02826	0.45672	0.08698	0.01861	0.13795	0.02292	0.06021	0.02241	0.01558	0.02149	0.01189	0.00811	0.00905	0.00267	0.04340	0.00761	0.00395	0.00965
11	0.01003	0.00705	0.00909	0.01058	0.01095	0.00668	0.00686	0.01114	0.01447	0.01930	0.04006	0.58680	0.04785	0.16046	0.01601	0.00409	0.00520	0.02040	0.00686	0.00612
12	0.02335	0.01621	0.01764	0.01454	0.01921	0.04192	0.01163	0.23684	0.10914	0.12862	0.11021	0.03070	0.05639	0.01364	0.04560	0.00293	0.00767	0.00881	0.06061	0.04432
13	0.21669	0.09506	0.02077	0.07117	0.02269	0.02044	0.01273	0.24387	0.05510	0.03565	0.01767	0.06491	0.01469	0.00936	0.00684	0.00233	0.00756	0.00704	0.00601	0.06943
14	0.01937	0.05900	0.02487	0.31930	0.06733	0.14666	0.03943	0.04284	0.06741	0.02257	0.03526	0.02072	0.01375	0.00894	0.00952	0.00254	0.07965	0.00697	0.00430	0.00957
15	0.02532	0.07669	0.02267	0.08238	0.02569	0.39531	0.01492	0.09182	0.08581	0.02485	0.06569	0.02030	0.01696	0.00907	0.00742	0.00221	0.01138	0.00653	0.00513	0.00986
16	0.01498	0.01119	0.01348	0.01306	0.01501	0.01184	0.00968	0.13720	0.05216	0.02756	0.09706	0.36567	0.04146	0.07347	0.01267	0.00334	0.04007	0.04461	0.00725	0.00825
17	0.02158	0.13647	0.02583	0.04454	0.02465	0.12511	0.07580	0.07385	0.25476	0.02775	0.02053	0.02119	0.01594	0.00859	0.00732	0.00224	0.00888	0.00698	0.00574	0.09227

[dist]
# distance from previous block
# <min> <max>
6	18

[block]
# block no. 4 follows, 24 sequences, length 15
# corresponding to MSA columns:
# 218-232
name=unknown_E
#
# <colnr> <probs for GDERKNQSTAVLIFYWHMCP>
#	G	D	E	R	K	N	Q	S	T	A	V	L	I	F	Y	W	H	M	C	P
0	0.06290	0.12542	0.02409	0.04831	0.08733	0.25836	0.01482	0.05661	0.01923	0.02286	0.01856	0.02111	0.06556	0.01085	0.02985	0.00256	0.07303	0.00653	0.00444	0.04758
1	0.14122	0.21098	0.02597	0.07152	0.07620	0.12309	0.01466	0.02298	0.01636	0.02296	0.04738	0.01834	0.01414	0.01143	0.04353	0.00287	0.11688	0.00600	0.00413	0.00933
2	0.01880	0.12571	0.37798	0.02355	0.10867	0.04931	0.02340	0.08083	0.01903	0.02645	0.04162	0.01847	0.01343	0.00815	0.00793	0.00238	0.03252	0.00627	0.00410	0.01139
3	0.01225	0.00872	0.01132	0.01108	0.01205	0.00952	0.00776	0.04073	0.01326	0.01839	0.02289	0.04028	0.02374	0.36547	0.35739	0.00993	0.01438	0.00985	0.00467	0.00630
4	0.01614	0.00919	0.01195	0.01071	0.01350	0.00825	0.00822	0.01948	0.02178	0.16702	0.45140	0.08185	0.11788	0.01559	0.00910	0.00253	0.00444	0.01357	0.00877	0.00864
5	0.00993	0.00782	0.00901	0.00953	0.01145	0.00690	0.00702	0.01212	0.01793	0.02270	0.14954	0.24402	0.38234	0.02093	0.00967	0.00286	0.00435	0.05756	0.00755	0.00678
6	0.05049	0.10449	0.08408	0.10074	0.02650	0.09497	0.01698	0.11365	0.06819	0.02592	0.01489	0.01847	0.01218	0.01193	0.04077	0.00305	0.19149	0.00649	0.00461	0.01012
7	0.00949	0.00757	0.00851	0.00926	0.01103	0.00659	0.00657	0.01124	0.01689	0.02094	0.06539	0.33733	0.41726	0.02203	0.00968	0.00290	0.00425	0.01910	0.00736	0.00659
8	0.02690	0.02063	0.02118	0.01682	0.02225	0.06021	0.01366	0.48212	0.06577	0.04440	0.07672	0.02353	0.01968	0.01007	0.00786	0.00235	0.00815	0.00776	0.05765	0.01226
9	0.01985	0.01611	0.01827	0.01336	0.02023	0.01405	0.01081	0.17527	0.02162	0.03183	0.01532	0.01709	0.01218	0.00678	0.00638	0.00147	0.00658	0.00530	0.00550	0.58199
10	0.02439	0.01809	0.02009	0.01641	0.02157	0.01932	0.01343	0.43739	0.03051	0.04112	0.02436	0.10353	0.02187	0.01252	0.00839	0.00254	0.00784	0.09085	0.00750	0.07828
11	0.01170	0.00892	0.01037	0.01035	0.01244	0.00836	0.00758	0.06772	0.01978	0.02585	0.19362	0.27824	0.27597	0.01986	0.00949	0.00279	0.00456	0.01727	0.00772	0.00738
12	0.01372	0.00989	0.01261	0.01341	0.01519	0.01010	0.01073	0.07075	0.04110	0.02449	0.03767	0.20903	0.04120	0.11655	0.01442	0.00397	0.00687	0.33375	0.00706	0.00751
13	0.04462	0.14668	0.40638	0.02138	0.05489	0.05630	0.04905	0.04696	0.01749	0.02470	0.01415	0.01700	0.01086	0.01028	0.04420	0.00290	0.01153	0.00589	0.00371	0.01103
14	0.12596	0.19970	0.08040	0.09757	0.02476	0.02132	0.01457	0.08806	0.13174	0.07058	0.01837	0.02092	0.01451	0.04962	0.00866	0.00263	0.00816	0.00652	0.00540	0.01058

[dist]
# distance from previous block
# <min> <max>
3	6

[block]
# block no. 5 follows, 24 sequences, length 15
# corresponding to MSA columns:
# 239-253
name=unknown_F
#
# <colnr> <probs for GDERKNQSTAVLIFYWHMCP>
#	G	D	E	R	K	N	Q	S	T	A	V	L	I	F	Y	W	H	M	C	P
0	0.04152	0.12915	0.05752	0.19965	0.19354	0.09703	0.01923	0.06142	0.01858	0.02423	0.04080	0.01952	0.01373	0.00826	0.00823	0.00236	0.04411	0.00657	0.00418	0.01036
1	0.01806	0.01905	0.04975	0.11965	0.02537	0.14176	0.01589	0.05643	0.01720	0.02183	0.01842	0.02980	0.01718	0.02222	0.15840	0.00499	0.16391	0.08687	0.00451	0.00868
2	0.02702	0.13890	0.09666	0.06358	0.02390	0.04786	0.01461	0.03145	0.04014	0.35046	0.06751	0.02470	0.01979	0.00930	0.00749	0.00234	0.00800	0.00737	0.00715	0.01176
3	0.01145	0.00885	0.01070	0.01121	0.01332	0.00843	0.00880	0.01565	0.06602	0.02468	0.17038	0.16629	0.25249	0.01985	0.00981	0.00299	0.00510	0.17895	0.00765	0.00740
4	0.01599	0.01563	0.11144	0.11058	0.04969	0.01276	0.01391	0.04878	0.05604	0.07610	0.24543	0.03911	0.03723	0.11770	0.01322	0.00329	0.00727	0.01027	0.00645	0.00911
5	0.11972	0.01511	0.01719	0.01659	0.06415	0.01621	0.01194	0.22345	0.08320	0.06897	0.02767	0.24745	0.02685	0.01420	0.00826	0.00270	0.00675	0.01201	0.00718	0.01039
6	0.02991	0.01407	0.05343	0.01435	0.01994	0.01141	0.01247	0.03343	0.02179	0.51367	0.07659	0.03657	0.02627	0.01166	0.00842	0.00261	0.00688	0.08525	0.00907	0.01219
7	0.01181	0.00810	0.00978	0.01018	0.01208	0.00726	0.00746	0.01389	0.01757	0.06698	0.11965	0.28648	0.27884	0.05393	0.01111	0.00314	0.00479	0.06230	0.00755	0.00711
8	0.01531	0.01562	0.03050	0.14948	0.03414	0.01582	0.31334	0.01996	0.01685	0.02265	0.02352	0.22449	0.02352	0.01256	0.01010	0.00287	0.04272	0.01268	0.00488	0.00901
9	0.01614	0.01711	0.05968	0.48858	0.11440	0.01820	0.12917	0.02179	0.01661	0.02195	0.01452	0.02082	0.01100	0.00761	0.00815	0.00261	0.01099	0.00739	0.00364	0.00965
10	0.56127	0.01642	0.01462	0.01226	0.01757	0.01842	0.01011	0.14067	0.01888	0.10489	0.01463	0.01549	0.01065	0.00802	0.00579	0.00244	0.00668	0.00521	0.00598	0.01001
11	0.01266	0.00905	0.01262	0.01426	0.01609	0.00901	0.01238	0.01632	0.01857	0.02433	0.08847	0.08720	0.04781	0.02148	0.01083	0.00357	0.00704	0.57360	0.00741	0.00732
12	0.03043	0.01348	0.01756	0.01381	0.01917	0.01235	0.01127	0.10320	0.02431	0.48591	0.14832	0.03209	0.02920	0.01097	0.00823	0.00245	0.00641	0.00906	0.00940	0.01238
13	0.01615	0.01681	0.07057	0.55205	0.08337	0.01841	0.02209	0.05139	0.01691	0.02231	0.01421	0.02046	0.01078	0.00822	0.00879	0.00265	0.04470	0.00696	0.00375	0.00944
14	0.01002	0.00806	0.00894	0.00872	0.01111	0.00697	0.00654	0.01264	0.01961	0.02508	0.28719	0.07030	0.45949	0.01872	0.00937	0.00261	0.00392	0.01589	0.00784	0.00697

[dist]
# distance from previous block
# <min> <max>
9	18

[block]
# block no. 6 follows, 24 sequences, length 12
# corresponding to MSA columns:
# 274-285
name=unknown_G
#
# <colnr> <probs for GDERKNQSTAVLIFYWHMCP>
#	G	D	E	R	K	N	Q	S	T	A	V	L	I	F	Y	W	H	M	C	P
0	0.01030	0.00766	0.00959	0.00997	0.01150	0.00695	0.00715	0.01285	0.01899	0.02562	0.32868	0.29594	0.18556	0.02005	0.00963	0.00279	0.00410	0.01773	0.00797	0.00695
1	0.02628	0.29294	0.07718	0.01716	0.02349	0.20191	0.04572	0.02949	0.01951	0.17180	0.01651	0.01716	0.01245	0.00791	0.00669	0.00207	0.01011	0.00570	0.00509	0.01082
2	0.77733	0.01534	0.01166	0.01043	0.01534	0.01779	0.00859	0.02331	0.01350	0.03558	0.01104	0.01288	0.00859	0.00736	0.00491	0.00245	0.00613	0.00429	0.00491	0.00859
3	0.01169	0.00848	0.01142	0.01292	0.01454	0.00822	0.01064	0.01470	0.01785	0.02327	0.08560	0.22033	0.10866	0.02200	0.01052	0.00339	0.00618	0.39511	0.00741	0.00707
4	0.01328	0.00888	0.01129	0.01039	0.01276	0.00825	0.00789	0.01760	0.04869	0.08010	0.54334	0.05697	0.11835	0.01582	0.00920	0.00251	0.00410	0.01383	0.00867	0.00809
5	0.01590	0.04102	0.68023	0.02260	0.03432	0.01842	0.02930	0.02511	0.01674	0.02511	0.01423	0.01674	0.01005	0.00753	0.00753	0.00251	0.01172	0.00586	0.00335	0.01172
6	0.01179	0.00918	0.01363	0.01336	0.01467	0.01102	0.01048	0.01454	0.01270	0.01846	0.02041	0.03009	0.01910	0.05597	0.63891	0.01203	0.07389	0.00838	0.00419	0.00720
7	0.01056	0.00838	0.00961	0.01004	0.01212	0.00768	0.00752	0.01391	0.05298	0.02328	0.13734	0.22072	0.35872	0.02037	0.00962	0.00287	0.00456	0.07504	0.00756	0.00711
8	0.02371	0.01499	0.01927	0.08343	0.07585	0.01561	0.01361	0.10918	0.17151	0.21997	0.13685	0.03099	0.02800	0.01070	0.00821	0.00252	0.00695	0.00904	0.00790	0.01171
9	0.01802	0.08168	0.04621	0.01486	0.04362	0.01450	0.01205	0.12765	0.04861	0.07916	0.13559	0.09667	0.13225	0.01477	0.00870	0.00265	0.00658	0.09964	0.00720	0.00961
10	0.01995	0.06157	0.06930	0.05294	0.02083	0.07779	0.01285	0.02295	0.04346	0.12783	0.09346	0.29192	0.03655	0.01686	0.00947	0.00306	0.00773	0.01403	0.00742	0.01005
11	0.10992	0.01668	0.01879	0.05242	0.02235	0.07853	0.01251	0.07970	0.02242	0.46624	0.02554	0.02342	0.01664	0.00928	0.00757	0.00242	0.00776	0.00721	0.00828	0.01232

[dist]
# distance from previous block
# <min> <max>
2	20

[block]
# block no. 7 follows, 24 sequences, length 9
# corresponding to MSA columns:
# 347-355
name=unknown_H
#
# <colnr> <probs for GDERKNQSTAVLIFYWHMCP>
#	G	D	E	R	K	N	Q	S	T	A	V	L	I	F	Y	W	H	M	C	P
0	0.24934	0.09164	0.04244	0.06493	0.02123	0.12394	0.01232	0.06277	0.01782	0.09865	0.01702	0.06014	0.01453	0.04189	0.00937	0.04220	0.00845	0.00681	0.00526	0.00926
1	0.16266	0.05392	0.09134	0.06433	0.03978	0.05003	0.04878	0.02234	0.05353	0.02570	0.07242	0.02177	0.01730	0.01180	0.03036	0.05019	0.09652	0.00686	0.00467	0.07569
2	0.12416	0.01355	0.01527	0.06666	0.05858	0.04787	0.01096	0.08193	0.01839	0.08316	0.08195	0.06998	0.05405	0.16831	0.04685	0.00415	0.00811	0.03145	0.00603	0.00857
3	0.01547	0.03477	0.01110	0.00981	0.01145	0.03976	0.00743	0.01753	0.01521	0.02455	0.02127	0.02658	0.01764	0.01524	0.04373	0.14959	0.04780	0.00711	0.47707	0.00688
4	0.01319	0.00689	0.01017	0.01043	0.01050	0.00682	0.00695	0.01043	0.01102	0.01470	0.01805	0.12293	0.01930	0.02716	0.02801	0.65989	0.00656	0.00912	0.00400	0.00387
5	0.12675	0.05385	0.17000	0.03136	0.31897	0.01875	0.02109	0.02553	0.07401	0.02733	0.01691	0.02203	0.01399	0.00825	0.00741	0.00247	0.00903	0.03637	0.00445	0.01144
6	0.06234	0.43881	0.03355	0.01553	0.02129	0.09987	0.01406	0.12884	0.01990	0.02492	0.01246	0.01434	0.01067	0.00800	0.00749	0.00203	0.06609	0.00505	0.00432	0.01042
7	0.01867	0.06190	0.09017	0.13667	0.44960	0.01944	0.06209	0.02385	0.01755	0.02457	0.01458	0.01929	0.01188	0.00719	0.00776	0.00239	0.00998	0.00693	0.00379	0.01169
8	0.02043	0.45690	0.15890	0.01757	0.02511	0.06732	0.07264	0.02558	0.05002	0.02126	0.01324	0.01521	0.01105	0.00721	0.00620	0.00201	0.00976	0.00530	0.00372	0.01057

[dist]
# distance from previous block
# <min> <max>
0	3

[block]
# block no. 8 follows, 24 sequences, length 13
# corresponding to MSA columns:
# 359-371
name=unknown_I
#
# <colnr> <probs for GDERKNQSTAVLIFYWHMCP>
#	G	D	E	R	K	N	Q	S	T	A	V	L	I	F	Y	W	H	M	C	P
0	0.02096	0.01602	0.01915	0.01607	0.06408	0.01465	0.01197	0.15693	0.05317	0.07931	0.01770	0.01928	0.01372	0.00958	0.03615	0.00218	0.00747	0.00600	0.00587	0.42973
1	0.07082	0.01273	0.01834	0.34035	0.05413	0.01465	0.01573	0.02094	0.07896	0.02566	0.16745	0.03612	0.05460	0.01131	0.00827	0.00265	0.00780	0.04509	0.00563	0.00880
2	0.02004	0.01597	0.05591	0.01537	0.01916	0.04373	0.01293	0.08765	0.12376	0.13115	0.12707	0.07238	0.03048	0.01740	0.07178	0.00364	0.07533	0.05898	0.00710	0.01018
3	0.01188	0.00914	0.01100	0.01046	0.01272	0.00881	0.00785	0.01751	0.09988	0.02960	0.45646	0.09235	0.16896	0.01664	0.00924	0.00259	0.00415	0.01451	0.00834	0.00792
4	0.03148	0.01259	0.01709	0.01341	0.01883	0.01095	0.01095	0.03466	0.02265	0.56864	0.13844	0.03242	0.02892	0.01089	0.00821	0.00246	0.00624	0.00905	0.00963	0.01248
5	0.01797	0.01864	0.09526	0.22638	0.12846	0.01820	0.04682	0.08610	0.08884	0.02580	0.01763	0.02382	0.01429	0.01074	0.01123	0.06475	0.05912	0.03116	0.00467	0.01014
6	0.01183	0.00810	0.00969	0.01002	0.01054	0.00814	0.00640	0.01349	0.05105	0.01831	0.05366	0.18866	0.03485	0.42608	0.02900	0.06187	0.00674	0.04015	0.00569	0.00571
7	0.00966	0.00690	0.00920	0.01104	0.01150	0.00644	0.00736	0.01104	0.01518	0.02024	0.04371	0.71614	0.05245	0.02484	0.01012	0.00322	0.00460	0.02254	0.00736	0.00644
8	0.07219	0.16999	0.11330	0.10873	0.02778	0.23322	0.01727	0.02630	0.01798	0.05679	0.01329	0.01610	0.01065	0.00836	0.00859	0.00230	0.07770	0.00557	0.00408	0.00982
9	0.01308	0.03993	0.01588	0.01398	0.01576	0.03844	0.03261	0.01573	0.01335	0.01852	0.01993	0.03012	0.01889	0.09976	0.52390	0.01060	0.05964	0.00835	0.00419	0.00734
10	0.05571	0.00858	0.00945	0.00917	0.01101	0.00934	0.00708	0.01811	0.01559	0.02755	0.02344	0.02819	0.01903	0.01718	0.11252	0.00366	0.04797	0.00737	0.56158	0.00748
11	0.01633	0.09650	0.62851	0.02187	0.03319	0.01947	0.02802	0.02500	0.01669	0.02459	0.01397	0.01642	0.01006	0.00747	0.00734	0.00245	0.01146	0.00573	0.00335	0.01159
12	0.17642	0.01697	0.02313	0.25352	0.13095	0.05625	0.06765	0.05397	0.01814	0.05319	0.06296	0.02177	0.01582	0.00836	0.00747	0.00250	0.00917	0.00713	0.00480	0.00983

[dist]
# distance from previous block
# <min> <max>
2	11

[block]
# block no. 9 follows, 24 sequences, length 11
# corresponding to MSA columns:
# 383-393
name=unknown_J
#
# <colnr> <probs for GDERKNQSTAVLIFYWHMCP>
#	G	D	E	R	K	N	Q	S	T	A	V	L	I	F	Y	W	H	M	C	P
0	0.13988	0.02735	0.29095	0.10743	0.15562	0.04182	0.05418	0.02416	0.01666	0.02621	0.01385	0.01734	0.01052	0.00739	0.00724	0.00243	0.01021	0.00609	0.00384	0.03682
1	0.67743	0.01870	0.09937	0.01203	0.01783	0.01787	0.01131	0.02355	0.01392	0.03421	0.01146	0.01339	0.00878	0.00738	0.00525	0.00246	0.00687	0.00450	0.00470	0.00900
2	0.01149	0.00774	0.00890	0.00882	0.00907	0.00766	0.00516	0.01198	0.01296	0.01753	0.10930	0.05286	0.03486	0.62881	0.03629	0.00701	0.00717	0.01190	0.00532	0.00516
3	0.00982	0.00802	0.00850	0.00840	0.01077	0.00689	0.00619	0.01199	0.01841	0.02279	0.17558	0.07194	0.52944	0.06267	0.01128	0.00296	0.00420	0.01601	0.00744	0.00671
4	0.08955	0.01689	0.02971	0.34914	0.10212	0.01855	0.19875	0.02352	0.04930	0.02438	0.01536	0.02071	0.01168	0.00758	0.00805	0.00261	0.01063	0.00755	0.00406	0.00986
5	0.01542	0.01455	0.02459	0.63981	0.11358	0.01773	0.02224	0.02065	0.01607	0.02080	0.01417	0.02100	0.01076	0.00785	0.00792	0.00262	0.01046	0.00705	0.00356	0.00917
6	0.00966	0.00690	0.00920	0.01104	0.01150	0.00644	0.00736	0.01104	0.01518	0.02024	0.04371	0.71614	0.05245	0.02484	0.01012	0.00322	0.00460	0.02254	0.00736	0.00644
7	0.02962	0.03779	0.02247	0.02043	0.02451	0.68948	0.01532	0.03166	0.02247	0.01941	0.01226	0.01430	0.01021	0.00817	0.00715	0.00204	0.01430	0.00511	0.00409	0.00919
8	0.04636	0.02332	0.15001	0.07692	0.10260	0.01991	0.32882	0.02403	0.01710	0.02465	0.01460	0.01957	0.01131	0.00787	0.01066	0.00270	0.09727	0.00787	0.00382	0.01061
9	0.19812	0.01959	0.14941	0.01910	0.10663	0.01497	0.01573	0.02837	0.01876	0.25518	0.07961	0.02371	0.01933	0.00902	0.00729	0.00246	0.00767	0.00717	0.00653	0.01134
10	0.01231	0.00880	0.01221	0.01381	0.01550	0.00870	0.01173	0.01574	0.01832	0.02411	0.09971	0.15168	0.04903	0.02169	0.01072	0.00350	0.00669	0.50109	0.00744	0.00723

[dist]
# distance from previous block
# <min> <max>
0	1

[block]
# block no. 10 follows, 24 sequences, length 15
# corresponding to MSA columns:
# 395-409
name=unknown_K
#
# <colnr> <probs for GDERKNQSTAVLIFYWHMCP>
#	G	D	E	R	K	N	Q	S	T	A	V	L	I	F	Y	W	H	M	C	P
0	0.01711	0.01892	0.09435	0.34591	0.32369	0.01824	0.02378	0.02255	0.01691	0.02324	0.01447	0.02003	0.01139	0.00751	0.00785	0.00250	0.01018	0.00693	0.00368	0.01075
1	0.02012	0.13804	0.05952	0.01741	0.02133	0.20778	0.04333	0.04981	0.04278	0.02177	0.01997	0.15242	0.01987	0.01573	0.06180	0.00327	0.08182	0.00925	0.00483	0.00913
2	0.26905	0.01719	0.05441	0.18020	0.10668	0.01785	0.07966	0.02476	0.08948	0.02883	0.04797	0.02089	0.01503	0.00823	0.00713	0.00254	0.00847	0.00690	0.00485	0.00988
3	0.01377	0.00689	0.01033	0.01033	0.01033	0.00689	0.00689	0.01033	0.01033	0.01377	0.01377	0.02410	0.01377	0.02755	0.03099	0.76928	0.00689	0.00689	0.00344	0.00344
4	0.01887	0.22419	0.06982	0.07384	0.02528	0.02529	0.04405	0.05190	0.01538	0.02121	0.01178	0.01653	0.01055	0.01044	0.01579	0.00274	0.34281	0.00621	0.00369	0.00963
5	0.02000	0.48812	0.23247	0.01660	0.02474	0.05830	0.01837	0.02453	0.01660	0.02063	0.01205	0.01400	0.01014	0.00707	0.00592	0.00196	0.00973	0.00477	0.00341	0.01059
6	0.17521	0.01497	0.02247	0.31031	0.14579	0.01722	0.04839	0.02082	0.01529	0.02417	0.01438	0.03993	0.01204	0.00977	0.00991	0.05634	0.04289	0.00703	0.00401	0.00905
7	0.01839	0.01369	0.01643	0.01657	0.05768	0.01461	0.01246	0.03062	0.31540	0.09503	0.06816	0.04858	0.08251	0.01418	0.00892	0.00287	0.00646	0.15900	0.00778	0.01065
8	0.01079	0.00799	0.01012	0.01022	0.01200	0.00732	0.00768	0.01384	0.02015	0.02743	0.41072	0.17143	0.17067	0.01878	0.00962	0.00274	0.00424	0.06895	0.00815	0.00716
9	0.02079	0.59006	0.13747	0.01526	0.02266	0.06019	0.01603	0.02432	0.01651	0.01967	0.01157	0.01340	0.01016	0.00696	0.00556	0.00184	0.00924	0.00453	0.00342	0.01036
10	0.08839	0.27122	0.10372	0.01618	0.05216	0.08210	0.01424	0.02371	0.01723	0.08882	0.02136	0.12874	0.04068	0.01070	0.00693	0.00228	0.00829	0.00837	0.00503	0.00987
11	0.02735	0.01215	0.01595	0.01301	0.01779	0.01094	0.01044	0.03177	0.06598	0.44680	0.16174	0.06137	0.06448	0.01222	0.00841	0.00252	0.00590	0.01029	0.00926	0.01163
12	0.01290	0.00933	0.01151	0.01218	0.01357	0.00931	0.00858	0.11149	0.01868	0.02495	0.03980	0.60576	0.04628	0.02242	0.00977	0.00309	0.00525	0.02010	0.00745	0.00756
13	0.63301	0.01803	0.01388	0.01213	0.01712	0.07761	0.00986	0.08943	0.01679	0.03567	0.01199	0.01365	0.00925	0.00766	0.00542	0.00241	0.00713	0.00466	0.00515	0.00916
14	0.16041	0.01100	0.01373	0.01356	0.01621	0.01138	0.04817	0.01814	0.04811	0.02520	0.03506	0.13109	0.07744	0.08907	0.01234	0.00361	0.00691	0.26450	0.00644	0.00763

[dist]
# distance from previous block
# <min> <max>
0	4

[block]
# block no. 11 follows, 24 sequences, length 9
# corresponding to MSA columns:
# 414-422
name=unknown_L
#
# <colnr> <probs for GDERKNQSTAVLIFYWHMCP>
#	G	D	E	R	K	N	Q	S	T	A	V	L	I	F	Y	W	H	M	C	P
0	0.01579	0.00944	0.01183	0.01149	0.01392	0.00872	0.00837	0.01924	0.06321	0.14769	0.08349	0.35638	0.11187	0.05466	0.01079	0.00307	0.00522	0.01627	0.00773	0.04080
1	0.01478	0.00739	0.00739	0.00739	0.00924	0.00739	0.00554	0.01848	0.01663	0.02956	0.02587	0.02956	0.02033	0.00924	0.00554	0.00185	0.00370	0.00739	0.76534	0.00739
2	0.24503	0.08475	0.11659	0.11136	0.07312	0.01808	0.01589	0.02440	0.01658	0.10995	0.06002	0.02030	0.01559	0.00868	0.00784	0.00247	0.04779	0.00641	0.00508	0.01007
3	0.02412	0.01981	0.05671	0.01692	0.02227	0.02039	0.01414	0.39905	0.14295	0.04071	0.02520	0.13569	0.02163	0.01216	0.00830	0.00258	0.00778	0.00993	0.00761	0.01206
4	0.01305	0.01094	0.01431	0.11255	0.01937	0.04185	0.01096	0.01530	0.01345	0.01812	0.02154	0.08051	0.02194	0.21398	0.29908	0.00818	0.06376	0.00977	0.00444	0.00691
5	0.06282	0.06046	0.02561	0.07521	0.14080	0.37186	0.05982	0.02736	0.02019	0.02253	0.05029	0.01865	0.01437	0.00821	0.00740	0.00222	0.01181	0.00633	0.00428	0.00978
6	0.04592	0.12931	0.05258	0.06857	0.07310	0.13527	0.01454	0.10651	0.04774	0.07223	0.02284	0.02787	0.06412	0.07213	0.01031	0.00279	0.00916	0.02954	0.00543	0.01005
7	0.07918	0.01938	0.04375	0.01573	0.02057	0.06282	0.01292	0.34531	0.05102	0.03891	0.11467	0.08306	0.02587	0.03953	0.00931	0.00267	0.00782	0.00930	0.00723	0.01095
8	0.08309	0.01272	0.01762	0.03935	0.07823	0.01296	0.05802	0.08805	0.01937	0.07015	0.09258	0.12648	0.10064	0.01906	0.07679	0.02799	0.00837	0.05315	0.00638	0.00898

[dist]
# distance from previous block
# <min> <max>
0	17

# created by:
# /st0/software/busco_prod/Augustus/scripts/msa2prfl.pl ./align_prep/155025.fa
