[name]
unknown

[dist]
# distance from previous block
# <min> <max>
0	31

[block]
# block no. 0 follows, 29 sequences, length 16
# corresponding to MSA columns:
# 31-46
name=unknown_A
#
# <colnr> <probs for GDERKNQSTAVLIFYWHMCP>
#	G	D	E	R	K	N	Q	S	T	A	V	L	I	F	Y	W	H	M	C	P
0	0.01147	0.00820	0.01147	0.01311	0.01475	0.00820	0.01147	0.01475	0.01639	0.02131	0.03770	0.08032	0.04098	0.01967	0.00984	0.00328	0.00656	0.65741	0.00656	0.00656
1	0.00913	0.00662	0.00865	0.00982	0.01060	0.00607	0.00663	0.01054	0.01394	0.01887	0.07433	0.64421	0.04558	0.04625	0.00979	0.00290	0.00424	0.01866	0.00647	0.04669
2	0.68274	0.01354	0.01160	0.04245	0.01584	0.01538	0.00855	0.02227	0.01309	0.10348	0.01197	0.01325	0.00885	0.00687	0.00482	0.00221	0.00575	0.00432	0.00482	0.00819
3	0.01925	0.01898	0.02563	0.11672	0.42421	0.11315	0.01927	0.09273	0.01807	0.02385	0.01315	0.01696	0.01077	0.00715	0.00789	0.00217	0.04972	0.00610	0.00386	0.01037
4	0.02233	0.01709	0.02009	0.04807	0.02162	0.01892	0.04618	0.45972	0.04739	0.03605	0.01858	0.06124	0.01551	0.08818	0.01113	0.00276	0.04074	0.00774	0.00626	0.01039
5	0.00952	0.00682	0.00866	0.00936	0.01021	0.00636	0.00633	0.01101	0.01430	0.01940	0.14966	0.43201	0.06215	0.16043	0.01407	0.00348	0.00462	0.03136	0.00629	0.03395
6	0.02736	0.01435	0.01625	0.01275	0.01796	0.08898	0.01029	0.03011	0.01945	0.48460	0.06230	0.02312	0.01840	0.00841	0.00685	0.00198	0.00653	0.00673	0.00745	0.13612
7	0.02565	0.01917	0.02059	0.01591	0.02151	0.02104	0.01307	0.59413	0.08408	0.04249	0.01778	0.01771	0.01278	0.00845	0.00703	0.00210	0.00752	0.00642	0.00697	0.05560
8	0.01642	0.01306	0.01526	0.01101	0.01726	0.01030	0.00885	0.05863	0.01619	0.06113	0.01375	0.01541	0.01102	0.00566	0.00548	0.00118	0.00547	0.00451	0.00464	0.70478
9	0.01118	0.00696	0.00909	0.00992	0.01111	0.00634	0.00691	0.01271	0.01483	0.09227	0.06461	0.58034	0.10625	0.02020	0.00880	0.00275	0.00426	0.01810	0.00689	0.00651
10	0.01279	0.00761	0.00999	0.01058	0.01194	0.00712	0.00745	0.04080	0.01541	0.11925	0.03673	0.61136	0.04142	0.01980	0.00873	0.00276	0.00456	0.01779	0.00695	0.00696
11	0.01969	0.01513	0.01642	0.01422	0.01863	0.01680	0.01119	0.07859	0.54298	0.10282	0.02727	0.02509	0.02009	0.00927	0.00713	0.00230	0.00581	0.00765	0.00725	0.05166
12	0.01208	0.00885	0.00940	0.00925	0.01037	0.04399	0.00620	0.01299	0.01332	0.06155	0.03496	0.17076	0.16638	0.36041	0.02187	0.00458	0.02944	0.01243	0.00542	0.00575
13	0.15132	0.36111	0.02565	0.01311	0.01791	0.15949	0.01148	0.06493	0.01611	0.02125	0.01157	0.01386	0.01002	0.01162	0.08134	0.00279	0.00952	0.00455	0.00375	0.00862
14	0.02235	0.01704	0.01913	0.01501	0.01967	0.01870	0.01227	0.44358	0.02609	0.03599	0.01609	0.01827	0.01246	0.03101	0.04608	0.00268	0.08542	0.00626	0.03118	0.12072
15	0.22153	0.01230	0.01412	0.01148	0.01624	0.01207	0.00937	0.02913	0.06862	0.40175	0.02254	0.02121	0.01528	0.00954	0.02792	0.00243	0.00608	0.00629	0.05835	0.03376

[dist]
# distance from previous block
# <min> <max>
12	54

[block]
# block no. 1 follows, 29 sequences, length 6
# corresponding to MSA columns:
# 101-106
name=unknown_B
#
# <colnr> <probs for GDERKNQSTAVLIFYWHMCP>
#	G	D	E	R	K	N	Q	S	T	A	V	L	I	F	Y	W	H	M	C	P
0	0.01843	0.01390	0.01769	0.01439	0.01863	0.01430	0.06321	0.19101	0.10626	0.08562	0.02433	0.10778	0.05765	0.01461	0.07590	0.00307	0.03488	0.00874	0.00603	0.12356
1	0.01780	0.01557	0.02228	0.01891	0.07887	0.01575	0.12091	0.16679	0.01878	0.02664	0.01548	0.02168	0.01334	0.04265	0.01045	0.00228	0.10422	0.04440	0.00470	0.23850
2	0.12655	0.05476	0.02050	0.06616	0.05532	0.31121	0.01380	0.16244	0.02029	0.02540	0.01218	0.01438	0.00973	0.00781	0.00772	0.00209	0.07096	0.00518	0.00438	0.00911
3	0.01466	0.01272	0.06105	0.01262	0.01589	0.04401	0.04802	0.02043	0.11064	0.09585	0.35183	0.11340	0.04385	0.01276	0.00798	0.00232	0.00546	0.01125	0.00696	0.00829
4	0.01610	0.01336	0.01246	0.01152	0.01439	0.11402	0.00866	0.04788	0.12973	0.09456	0.07876	0.13992	0.22232	0.05245	0.00930	0.00259	0.00596	0.01152	0.00649	0.00803
5	0.16555	0.01512	0.02225	0.19822	0.22270	0.01658	0.07256	0.05359	0.09200	0.02533	0.01544	0.02017	0.01241	0.00751	0.00680	0.00230	0.00804	0.02963	0.00431	0.00951

[dist]
# distance from previous block
# <min> <max>
5	8

[block]
# block no. 2 follows, 29 sequences, length 11
# corresponding to MSA columns:
# 115-125
name=unknown_C
#
# <colnr> <probs for GDERKNQSTAVLIFYWHMCP>
#	G	D	E	R	K	N	Q	S	T	A	V	L	I	F	Y	W	H	M	C	P
0	0.01855	0.01387	0.01577	0.01298	0.01717	0.01446	0.01032	0.25141	0.11337	0.04845	0.05964	0.05547	0.01941	0.03284	0.11054	0.00345	0.00803	0.00753	0.03445	0.15229
1	0.01845	0.01509	0.01908	0.14849	0.04109	0.01603	0.04264	0.22029	0.12898	0.02948	0.01834	0.05006	0.01475	0.02585	0.00756	0.00216	0.00720	0.00701	0.02729	0.16016
2	0.01874	0.05746	0.02718	0.11128	0.48794	0.09983	0.01979	0.05256	0.01717	0.02269	0.01302	0.01686	0.01077	0.00663	0.00686	0.00208	0.00901	0.00601	0.00364	0.01049
3	0.01722	0.01692	0.02631	0.09410	0.52179	0.05586	0.02004	0.02106	0.01559	0.02167	0.01317	0.01785	0.01120	0.00944	0.04603	0.00269	0.06895	0.00630	0.00349	0.01029
4	0.01244	0.00661	0.01007	0.05650	0.01187	0.00681	0.00707	0.00986	0.00960	0.01275	0.01239	0.02147	0.01218	0.02359	0.02648	0.74122	0.00640	0.00619	0.00310	0.00341
5	0.05810	0.01415	0.08822	0.01736	0.14639	0.01193	0.01229	0.02074	0.11819	0.07736	0.11355	0.03856	0.23126	0.01162	0.00748	0.00229	0.00583	0.00982	0.00593	0.00893
6	0.00972	0.00740	0.00903	0.00953	0.01094	0.00703	0.00679	0.01315	0.07056	0.02203	0.21796	0.37947	0.17291	0.01846	0.00863	0.00259	0.00395	0.01636	0.00698	0.00651
7	0.01408	0.01341	0.01885	0.16205	0.02353	0.05411	0.06667	0.01665	0.01340	0.01845	0.05304	0.08012	0.01825	0.10117	0.04605	0.00352	0.24806	0.00836	0.03298	0.00725
8	0.02418	0.01716	0.01828	0.01434	0.01919	0.01884	0.01174	0.54220	0.02959	0.04103	0.01838	0.01908	0.01340	0.00850	0.00667	0.00204	0.00689	0.00646	0.17107	0.01096
9	0.02045	0.01608	0.01717	0.01463	0.01910	0.01811	0.01161	0.20882	0.46058	0.06238	0.02749	0.02561	0.04614	0.00966	0.00726	0.00233	0.00616	0.00785	0.00725	0.01132
10	0.02446	0.01300	0.01648	0.07099	0.02039	0.01289	0.01120	0.05518	0.19114	0.38057	0.06478	0.02531	0.02030	0.00902	0.00715	0.00221	0.00609	0.00746	0.00759	0.05379

[dist]
# distance from previous block
# <min> <max>
0	2

[block]
# block no. 3 follows, 29 sequences, length 146
# corresponding to MSA columns:
# 128-273
name=unknown_D
#
# <colnr> <probs for GDERKNQSTAVLIFYWHMCP>
#	G	D	E	R	K	N	Q	S	T	A	V	L	I	F	Y	W	H	M	C	P
0	0.01786	0.20543	0.24327	0.01837	0.04492	0.01916	0.10701	0.05053	0.10050	0.07175	0.01788	0.01903	0.03863	0.00750	0.00662	0.00211	0.00864	0.00627	0.00435	0.01017
1	0.02363	0.08748	0.06102	0.02009	0.04450	0.33951	0.12027	0.17239	0.02176	0.02479	0.01298	0.01494	0.01014	0.00723	0.00678	0.00200	0.01091	0.00562	0.00434	0.00961
2	0.01169	0.00871	0.00994	0.00955	0.01185	0.00831	0.00714	0.06283	0.06829	0.04759	0.18772	0.20085	0.30549	0.01658	0.00833	0.00245	0.00421	0.01427	0.00703	0.00716
3	0.01606	0.01576	0.14392	0.01289	0.01752	0.01208	0.01206	0.02355	0.16963	0.13979	0.11510	0.03767	0.20152	0.01185	0.00822	0.00235	0.03465	0.00970	0.00646	0.00923
4	0.01127	0.00881	0.01052	0.01123	0.01268	0.00921	0.00795	0.01794	0.20878	0.02151	0.03630	0.53854	0.03981	0.01867	0.00856	0.00275	0.00456	0.01674	0.00679	0.00736
5	0.02429	0.02033	0.01936	0.01595	0.02081	0.12680	0.01275	0.35679	0.23542	0.06225	0.02029	0.01967	0.01487	0.00872	0.00706	0.00218	0.00785	0.00667	0.00670	0.01126
6	0.04860	0.33574	0.18235	0.01580	0.02212	0.22251	0.01568	0.04652	0.01680	0.01977	0.01111	0.01284	0.00917	0.00670	0.00567	0.00182	0.00969	0.00445	0.00341	0.00925
7	0.01479	0.09470	0.63398	0.02045	0.05319	0.01750	0.02500	0.02243	0.01503	0.02210	0.01256	0.01483	0.00911	0.00670	0.00660	0.00219	0.01021	0.00518	0.00303	0.01044
8	0.01737	0.48605	0.26052	0.01562	0.02322	0.02390	0.04521	0.02179	0.01475	0.01892	0.01104	0.01295	0.00917	0.00631	0.00546	0.00180	0.00876	0.00448	0.00306	0.00962
9	0.04460	0.01487	0.02310	0.25135	0.23562	0.01565	0.06180	0.04077	0.07664	0.02315	0.01450	0.01828	0.01140	0.00677	0.00680	0.00208	0.00814	0.00621	0.00400	0.13428
10	0.01894	0.01870	0.05483	0.03792	0.54154	0.03889	0.04936	0.10692	0.01853	0.02582	0.01382	0.01738	0.01121	0.00666	0.00709	0.00213	0.00875	0.00635	0.00397	0.01119
11	0.01656	0.01360	0.01576	0.01600	0.07211	0.01502	0.01169	0.03078	0.45779	0.05196	0.03226	0.03731	0.07399	0.01156	0.00772	0.00252	0.00587	0.11047	0.00685	0.01017
12	0.01220	0.00618	0.00923	0.00931	0.00932	0.00617	0.00620	0.00931	0.00947	0.01263	0.01359	0.05460	0.01395	0.02463	0.02698	0.75685	0.00609	0.00682	0.00325	0.00321
13	0.01739	0.06302	0.51779	0.02008	0.04952	0.13868	0.02282	0.02397	0.01615	0.04819	0.01297	0.01495	0.00946	0.00690	0.00664	0.00215	0.01057	0.00520	0.00336	0.01016
14	0.05315	0.11959	0.13044	0.01421	0.02053	0.01572	0.01352	0.10938	0.04182	0.37834	0.02120	0.01977	0.01420	0.00803	0.00664	0.00212	0.00717	0.00622	0.00668	0.01127
15	0.01606	0.00932	0.00961	0.00860	0.01108	0.00975	0.00670	0.15071	0.01867	0.03024	0.02199	0.02464	0.01701	0.00835	0.00541	0.00176	0.00423	0.00659	0.63153	0.00774
16	0.01485	0.01421	0.02448	0.49578	0.24703	0.01624	0.04717	0.01949	0.01494	0.01991	0.01295	0.01858	0.01009	0.00684	0.00715	0.00230	0.00928	0.00642	0.00329	0.00900
17	0.01605	0.05870	0.27114	0.02588	0.03417	0.01797	0.42579	0.02265	0.01609	0.02244	0.01364	0.01743	0.01012	0.00627	0.00767	0.00231	0.01130	0.00712	0.00337	0.00990
18	0.03068	0.01247	0.01656	0.01280	0.01817	0.01115	0.01054	0.06728	0.03970	0.63779	0.04686	0.02477	0.01888	0.00899	0.00720	0.00221	0.00606	0.00731	0.00866	0.01194
19	0.00866	0.00624	0.00822	0.00981	0.01030	0.00579	0.00656	0.00993	0.01374	0.01822	0.04058	0.71765	0.07369	0.02214	0.00906	0.00287	0.00411	0.02003	0.00661	0.00579
20	0.02707	0.01995	0.02137	0.01638	0.02208	0.02208	0.01353	0.68159	0.03348	0.04488	0.01710	0.01710	0.01211	0.00855	0.00712	0.00214	0.00784	0.00641	0.00712	0.01211
21	0.02302	0.01217	0.01613	0.03886	0.01842	0.01192	0.04420	0.05758	0.13744	0.34063	0.10243	0.02746	0.02317	0.00933	0.00711	0.00219	0.00585	0.00790	0.10376	0.01040
22	0.01014	0.00685	0.00799	0.00820	0.00830	0.00685	0.00480	0.01040	0.01082	0.01448	0.02441	0.13376	0.02821	0.62781	0.06267	0.00660	0.00708	0.01148	0.00458	0.00459
23	0.05585	0.14164	0.07729	0.02299	0.17547	0.25702	0.04024	0.10611	0.01918	0.02326	0.01233	0.01456	0.00999	0.00694	0.00637	0.00195	0.00988	0.00524	0.00395	0.00975
24	0.01019	0.00693	0.00772	0.00772	0.00793	0.00683	0.00441	0.01034	0.01086	0.01427	0.02672	0.04849	0.08416	0.68673	0.03385	0.00652	0.00662	0.01076	0.00451	0.00446
25	0.02601	0.02047	0.02034	0.01618	0.02144	0.09481	0.01313	0.50037	0.11758	0.06899	0.01848	0.01819	0.01330	0.00858	0.00707	0.00214	0.00800	0.00647	0.00685	0.01159
26	0.01422	0.13339	0.01574	0.01035	0.01414	0.04406	0.00843	0.01810	0.06486	0.05215	0.22001	0.03813	0.18186	0.01141	0.00701	0.00195	0.00516	0.00940	0.00596	0.14367
27	0.01479	0.07572	0.61930	0.02117	0.05698	0.01727	0.05310	0.02246	0.01512	0.02226	0.01271	0.01511	0.00919	0.00668	0.00672	0.00221	0.01034	0.00536	0.00305	0.01044
28	0.01428	0.03683	0.71286	0.02030	0.03082	0.01654	0.02631	0.02255	0.01503	0.02255	0.01278	0.01503	0.00902	0.00677	0.00677	0.00226	0.01052	0.00526	0.00301	0.01052
29	0.08326	0.02477	0.30756	0.02796	0.24751	0.01649	0.11921	0.02191	0.01561	0.02384	0.03705	0.01752	0.01193	0.00678	0.00695	0.00223	0.00939	0.00622	0.00355	0.01026
30	0.01904	0.75404	0.03731	0.01218	0.01828	0.02818	0.01218	0.02132	0.01447	0.01675	0.00990	0.01142	0.00914	0.00609	0.00457	0.00152	0.00761	0.00381	0.00305	0.00914
31	0.01791	0.01745	0.02863	0.04291	0.68384	0.03907	0.02160	0.02206	0.01634	0.02308	0.01332	0.01747	0.01121	0.00638	0.00703	0.00211	0.00860	0.00629	0.00353	0.01118
32	0.00863	0.00728	0.00751	0.00762	0.00998	0.00616	0.00583	0.01054	0.01624	0.01938	0.06973	0.06935	0.65632	0.01815	0.00851	0.00247	0.00381	0.05982	0.00661	0.00605
33	0.00868	0.00620	0.00826	0.00991	0.01033	0.00578	0.00661	0.00991	0.01363	0.01818	0.03925	0.74510	0.04710	0.02231	0.00909	0.00289	0.00413	0.02024	0.00661	0.00578
34	0.80005	0.01377	0.01047	0.00936	0.01377	0.01597	0.00771	0.02093	0.01212	0.03195	0.00991	0.01157	0.00771	0.00661	0.00441	0.00220	0.00551	0.00386	0.00441	0.00771
35	0.01762	0.01692	0.02890	0.04371	0.70533	0.01692	0.02185	0.02185	0.01621	0.02326	0.01339	0.01762	0.01128	0.00634	0.00705	0.00211	0.00846	0.00634	0.00352	0.01128
36	0.03195	0.01212	0.01652	0.01267	0.01818	0.01047	0.01047	0.03470	0.02038	0.71026	0.02809	0.02424	0.01763	0.00881	0.00716	0.00220	0.00606	0.00716	0.00881	0.01212
37	0.01036	0.00690	0.00777	0.00777	0.00777	0.00690	0.00431	0.01036	0.01036	0.01381	0.02244	0.04660	0.02589	0.74975	0.03624	0.00690	0.00690	0.01036	0.00431	0.00431
38	0.80005	0.01377	0.01047	0.00936	0.01377	0.01597	0.00771	0.02093	0.01212	0.03195	0.00991	0.01157	0.00771	0.00661	0.00441	0.00220	0.00551	0.00386	0.00441	0.00771
39	0.01379	0.01327	0.02037	0.01736	0.01842	0.01650	0.10272	0.01574	0.01224	0.01783	0.01764	0.17548	0.01915	0.08049	0.01944	0.00331	0.41500	0.00991	0.00404	0.00729
40	0.00902	0.00712	0.00813	0.00813	0.01005	0.00623	0.00600	0.01130	0.01730	0.02235	0.28680	0.14068	0.40695	0.01732	0.00849	0.00240	0.00358	0.01488	0.00704	0.00623
41	0.01533	0.01524	0.02176	0.10250	0.02226	0.02111	0.01607	0.01726	0.01130	0.01726	0.00974	0.01598	0.00936	0.01184	0.02146	0.00303	0.65135	0.00624	0.00312	0.00780
42	0.02707	0.01995	0.02137	0.01638	0.02208	0.02208	0.01353	0.68159	0.03348	0.04488	0.01710	0.01710	0.01211	0.00855	0.00712	0.00214	0.00784	0.00641	0.00712	0.01211
43	0.01547	0.01263	0.01484	0.01063	0.01693	0.00953	0.00852	0.01862	0.01500	0.05137	0.01329	0.01515	0.01084	0.00542	0.00535	0.00110	0.00531	0.00434	0.00441	0.76126
44	0.01017	0.00763	0.01144	0.01144	0.01272	0.00890	0.00890	0.01272	0.01144	0.01653	0.01907	0.02797	0.01780	0.05340	0.72153	0.01144	0.01907	0.00763	0.00381	0.00636
45	0.01237	0.00618	0.00928	0.00928	0.00928	0.00618	0.00618	0.00928	0.00928	0.01237	0.01237	0.02165	0.01237	0.02474	0.02783	0.79283	0.00618	0.00618	0.00309	0.00309
46	0.47917	0.01343	0.01238	0.01108	0.01499	0.01550	0.00893	0.07337	0.12179	0.02994	0.01509	0.01722	0.01203	0.01534	0.12914	0.00383	0.00806	0.00537	0.00497	0.00838
47	0.01428	0.03683	0.71286	0.02030	0.03082	0.01654	0.02631	0.02255	0.01503	0.02255	0.01278	0.01503	0.00902	0.00677	0.00677	0.00226	0.01052	0.00526	0.00301	0.01052
48	0.01505	0.18687	0.54177	0.01805	0.02731	0.01856	0.02248	0.02179	0.01496	0.02119	0.01458	0.01644	0.03718	0.00708	0.00637	0.00211	0.00963	0.00535	0.00316	0.01005
49	0.01345	0.01266	0.02136	0.73264	0.04904	0.01582	0.01978	0.01819	0.01424	0.01819	0.01266	0.01898	0.00949	0.00712	0.00712	0.00237	0.00949	0.00633	0.00316	0.00791
50	0.01666	0.01700	0.05967	0.03416	0.48731	0.04315	0.01881	0.02193	0.06239	0.02403	0.10067	0.02450	0.01976	0.00811	0.00729	0.00219	0.00785	0.02973	0.00440	0.01039
51	0.01805	0.01689	0.02660	0.08841	0.50276	0.04847	0.04780	0.02323	0.06078	0.04968	0.01568	0.02052	0.01296	0.00719	0.00719	0.00220	0.00854	0.02829	0.00406	0.01070
52	0.01445	0.03290	0.59103	0.02209	0.08660	0.01613	0.05269	0.02204	0.01547	0.02293	0.04814	0.01738	0.01226	0.00710	0.00694	0.00225	0.01005	0.00588	0.00332	0.01035
53	0.01294	0.01184	0.01138	0.01060	0.01272	0.12069	0.00796	0.01667	0.04754	0.02641	0.53557	0.04638	0.08504	0.01337	0.00804	0.00219	0.00497	0.01146	0.00710	0.00712
54	0.01477	0.01266	0.01477	0.01055	0.01687	0.00949	0.00844	0.01793	0.01477	0.02320	0.01266	0.01477	0.01055	0.00527	0.00527	0.00105	0.00527	0.00422	0.00422	0.79328
55	0.01747	0.07910	0.08286	0.13492	0.40087	0.06683	0.04411	0.02248	0.04343	0.02179	0.01346	0.01719	0.01093	0.00666	0.00685	0.00212	0.00903	0.00607	0.00356	0.01029
56	0.01104	0.00795	0.00946	0.00932	0.01053	0.00789	0.00642	0.06450	0.01526	0.02044	0.13932	0.19598	0.11736	0.27472	0.07397	0.00473	0.00637	0.01291	0.00583	0.00600
57	0.01484	0.10103	0.62507	0.02047	0.05591	0.01761	0.02486	0.02241	0.01503	0.02205	0.01254	0.01481	0.00912	0.00669	0.00658	0.00218	0.01018	0.00517	0.00303	0.01043
58	0.01364	0.01051	0.01286	0.01135	0.01448	0.01050	0.04231	0.02143	0.21183	0.07352	0.23464	0.04645	0.24106	0.01337	0.00799	0.00235	0.00472	0.01152	0.00715	0.00834
59	0.00972	0.00710	0.00913	0.00897	0.01051	0.00651	0.00660	0.01262	0.01880	0.02615	0.54549	0.16440	0.11528	0.01607	0.00851	0.00236	0.00350	0.01422	0.00754	0.00651
60	0.02568	0.03032	0.02006	0.01861	0.04913	0.57618	0.01366	0.10598	0.02137	0.02137	0.01239	0.01417	0.01002	0.00749	0.00646	0.00187	0.01163	0.00497	0.03986	0.00877
61	0.15503	0.05518	0.39640	0.01854	0.02660	0.01674	0.10099	0.02309	0.01502	0.08235	0.01354	0.01560	0.00976	0.00700	0.00710	0.00226	0.03554	0.00554	0.00383	0.00990
62	0.00992	0.00868	0.01026	0.01200	0.09524	0.00777	0.00767	0.01270	0.03932	0.02042	0.08619	0.06031	0.57169	0.01619	0.00821	0.00236	0.00426	0.01365	0.00630	0.00686
63	0.00879	0.00633	0.00836	0.00995	0.01050	0.00590	0.00678	0.01015	0.01387	0.01836	0.04057	0.68607	0.07467	0.02201	0.00909	0.00289	0.00422	0.04904	0.00661	0.00583
64	0.05050	0.42793	0.23672	0.01510	0.02227	0.07102	0.01640	0.05092	0.01576	0.02038	0.01115	0.01285	0.00918	0.00651	0.00546	0.00182	0.00876	0.00441	0.00331	0.00956
65	0.01038	0.00777	0.01120	0.01109	0.01212	0.00900	0.00839	0.01248	0.01125	0.01612	0.01929	0.03053	0.01881	0.16275	0.58997	0.01045	0.04042	0.00802	0.00387	0.00608
66	0.00868	0.00620	0.00826	0.00991	0.01033	0.00578	0.00661	0.00991	0.01363	0.01818	0.03925	0.74510	0.04710	0.02231	0.00909	0.00289	0.00413	0.02024	0.00661	0.00578
67	0.01431	0.01331	0.02207	0.64295	0.11029	0.01614	0.01976	0.04117	0.01508	0.01958	0.01288	0.01879	0.00975	0.00709	0.00711	0.00234	0.00934	0.00633	0.00333	0.00837
68	0.06530	0.05147	0.02098	0.01578	0.02100	0.05005	0.01302	0.50420	0.07447	0.05884	0.01699	0.01718	0.01234	0.00853	0.00749	0.00216	0.03605	0.00622	0.00657	0.01137
69	0.00868	0.00620	0.00826	0.00991	0.01033	0.00578	0.00661	0.00991	0.01363	0.01818	0.03925	0.74510	0.04710	0.02231	0.00909	0.00289	0.00413	0.02024	0.00661	0.00578
70	0.31052	0.02157	0.01704	0.01435	0.01901	0.21399	0.01146	0.25781	0.02195	0.03251	0.01277	0.01389	0.00968	0.00750	0.00593	0.00208	0.00837	0.00497	0.00517	0.00943
71	0.00868	0.00620	0.00826	0.00991	0.01033	0.00578	0.00661	0.00991	0.01363	0.01818	0.03925	0.74510	0.04710	0.02231	0.00909	0.00289	0.00413	0.02024	0.00661	0.00578
72	0.02416	0.05041	0.02048	0.01554	0.02070	0.02076	0.01273	0.50709	0.14565	0.03967	0.01997	0.05573	0.01544	0.00934	0.00713	0.00220	0.00726	0.00729	0.00694	0.01151
73	0.01967	0.69367	0.03588	0.01270	0.01859	0.08627	0.01232	0.02192	0.01495	0.01681	0.00999	0.01154	0.00914	0.00620	0.00472	0.00155	0.00805	0.00387	0.00310	0.00906
74	0.01809	0.61176	0.17132	0.01379	0.02076	0.02587	0.01499	0.02157	0.01458	0.01790	0.01047	0.01214	0.00911	0.00623	0.00500	0.00167	0.00819	0.00410	0.00304	0.00941
75	0.01884	0.72355	0.06602	0.01253	0.01881	0.02768	0.01278	0.02137	0.01449	0.01700	0.01002	0.01158	0.00913	0.00612	0.00466	0.00155	0.00774	0.00387	0.00304	0.00920
76	0.00864	0.00635	0.00810	0.00950	0.01022	0.00582	0.00643	0.00996	0.01403	0.01834	0.04427	0.64175	0.14720	0.02166	0.00899	0.00282	0.00405	0.01945	0.00661	0.00582
77	0.07044	0.01543	0.01735	0.04396	0.01922	0.04179	0.01207	0.22180	0.12112	0.05899	0.01931	0.02144	0.03304	0.01547	0.10660	0.00359	0.12460	0.00684	0.03739	0.00953
78	0.01762	0.01692	0.02890	0.04371	0.70533	0.01692	0.02185	0.02185	0.01621	0.02326	0.01339	0.01762	0.01128	0.00634	0.00705	0.00211	0.00846	0.00634	0.00352	0.01128
79	0.00903	0.00647	0.00858	0.00967	0.01041	0.00602	0.00664	0.01080	0.01528	0.02080	0.20655	0.57033	0.05217	0.02035	0.00891	0.00273	0.00394	0.01838	0.00692	0.00602
80	0.00920	0.00658	0.00882	0.01019	0.01091	0.00620	0.00722	0.01096	0.01480	0.01989	0.12355	0.57517	0.04891	0.02100	0.00909	0.00286	0.00433	0.09758	0.00676	0.00600
81	0.01763	0.01686	0.02846	0.04269	0.68133	0.01695	0.02148	0.02241	0.03985	0.02349	0.01394	0.01794	0.01164	0.00646	0.00706	0.00213	0.00836	0.00640	0.00365	0.01128
82	0.01762	0.01692	0.02890	0.04371	0.70533	0.01692	0.02185	0.02185	0.01621	0.02326	0.01339	0.01762	0.01128	0.00634	0.00705	0.00211	0.00846	0.00634	0.00352	0.01128
83	0.01036	0.00690	0.00777	0.00777	0.00777	0.00690	0.00431	0.01036	0.01036	0.01381	0.02244	0.04660	0.02589	0.74975	0.03624	0.00690	0.00690	0.01036	0.00431	0.00431
84	0.01477	0.01266	0.01477	0.01055	0.01687	0.00949	0.00844	0.01793	0.01477	0.02320	0.01266	0.01477	0.01055	0.00527	0.00527	0.00105	0.00527	0.00422	0.00422	0.79328
85	0.01428	0.03683	0.71286	0.02030	0.03082	0.01654	0.02631	0.02255	0.01503	0.02255	0.01278	0.01503	0.00902	0.00677	0.00677	0.00226	0.01052	0.00526	0.00301	0.01052
86	0.00997	0.00727	0.00936	0.00884	0.01057	0.00667	0.00663	0.01322	0.01989	0.02792	0.65903	0.05423	0.11012	0.01479	0.00840	0.00225	0.00338	0.01302	0.00776	0.00667
87	0.00875	0.00625	0.00833	0.00987	0.01034	0.00583	0.00662	0.01010	0.01397	0.01871	0.07313	0.70971	0.04812	0.02191	0.00905	0.00286	0.00409	0.01987	0.00667	0.00583
88	0.80005	0.01377	0.01047	0.00936	0.01377	0.01597	0.00771	0.02093	0.01212	0.03195	0.00991	0.01157	0.00771	0.00661	0.00441	0.00220	0.00551	0.00386	0.00441	0.00771
89	0.01327	0.00664	0.00664	0.00664	0.00830	0.00664	0.00498	0.01659	0.01493	0.02655	0.02323	0.02655	0.01825	0.00830	0.00498	0.00166	0.00332	0.00664	0.78928	0.00664
90	0.02626	0.08678	0.02247	0.01648	0.02174	0.18763	0.01347	0.47027	0.02869	0.03596	0.01504	0.01560	0.01116	0.00805	0.00674	0.00201	0.00900	0.00575	0.00595	0.01094
91	0.00872	0.00630	0.00817	0.00964	0.01018	0.00584	0.00644	0.00995	0.01369	0.01808	0.04091	0.67021	0.09252	0.05029	0.01010	0.00301	0.00420	0.01949	0.00652	0.00574
92	0.01444	0.06010	0.69094	0.02003	0.03041	0.01691	0.02585	0.02251	0.01502	0.02236	0.01269	0.01492	0.00902	0.00674	0.00669	0.00223	0.01043	0.00521	0.00301	0.01048
93	0.01809	0.20760	0.22624	0.01873	0.04566	0.14336	0.04314	0.02207	0.01499	0.01907	0.01109	0.01412	0.00929	0.00790	0.00987	0.00219	0.16904	0.00515	0.00320	0.00918
94	0.01448	0.06731	0.68415	0.01995	0.03029	0.01703	0.02571	0.02250	0.01501	0.02230	0.01266	0.01488	0.00903	0.00674	0.00667	0.00222	0.01040	0.00520	0.00301	0.01046
95	0.00973	0.00700	0.00941	0.01078	0.01180	0.00668	0.00819	0.01187	0.01527	0.02024	0.10276	0.43221	0.07281	0.02053	0.00924	0.00294	0.00484	0.23085	0.00671	0.00614
96	0.01718	0.01646	0.02810	0.11744	0.63509	0.01680	0.02163	0.02146	0.01600	0.02272	0.01332	0.01777	0.01109	0.00643	0.00706	0.00214	0.00857	0.00634	0.00349	0.01092
97	0.09384	0.01980	0.01605	0.01402	0.01816	0.23910	0.01082	0.02766	0.21969	0.04798	0.08253	0.02134	0.01879	0.00837	0.00651	0.00197	0.00766	0.00637	0.00547	0.13386
98	0.02660	0.03394	0.02018	0.01834	0.02201	0.72116	0.01376	0.02843	0.02018	0.01743	0.01101	0.01284	0.00917	0.00734	0.00642	0.00183	0.01284	0.00459	0.00367	0.00825
99	0.00994	0.00754	0.00920	0.00873	0.01066	0.00692	0.00656	0.01350	0.04204	0.02639	0.52950	0.05592	0.21627	0.01522	0.00836	0.00228	0.00350	0.01322	0.00753	0.00671
100	0.14087	0.02190	0.18515	0.02689	0.14632	0.01717	0.31380	0.02229	0.01556	0.02428	0.01315	0.01679	0.00999	0.00633	0.00717	0.00229	0.01003	0.00662	0.00358	0.00980
101	0.00874	0.00719	0.00769	0.00765	0.00984	0.00614	0.00571	0.01082	0.01688	0.02097	0.19090	0.09150	0.55623	0.01753	0.00844	0.00239	0.00358	0.01482	0.00685	0.00614
102	0.00868	0.00620	0.00826	0.00991	0.01033	0.00578	0.00661	0.00991	0.01363	0.01818	0.03925	0.74510	0.04710	0.02231	0.00909	0.00289	0.00413	0.02024	0.00661	0.00578
103	0.05004	0.05813	0.50713	0.01893	0.05021	0.01586	0.02195	0.02464	0.01591	0.14902	0.01538	0.01653	0.01063	0.00709	0.00667	0.00221	0.00932	0.00553	0.00415	0.01067
104	0.01897	0.02284	0.11509	0.03568	0.48346	0.15618	0.02082	0.02324	0.01685	0.02202	0.01284	0.01634	0.01057	0.00660	0.00689	0.00208	0.00959	0.00586	0.00349	0.01058
105	0.01669	0.12935	0.16669	0.02606	0.05605	0.01917	0.43746	0.02251	0.01611	0.02189	0.01341	0.01724	0.01024	0.00617	0.00749	0.00224	0.01097	0.00708	0.00341	0.00977
106	0.01237	0.00618	0.00928	0.00928	0.00928	0.00618	0.00618	0.00928	0.00928	0.01237	0.01237	0.02165	0.01237	0.02474	0.02783	0.79283	0.00618	0.00618	0.00309	0.00309
107	0.75329	0.01414	0.01113	0.00979	0.01427	0.01634	0.00806	0.06089	0.01341	0.03273	0.01035	0.01190	0.00798	0.00673	0.00457	0.00220	0.00565	0.00401	0.00457	0.00798
108	0.00842	0.00721	0.00721	0.00721	0.00962	0.00601	0.00541	0.01022	0.01623	0.01924	0.07213	0.06853	0.70244	0.01803	0.00842	0.00240	0.00361	0.01503	0.00661	0.00601
109	0.01733	0.06964	0.22033	0.02801	0.28727	0.04143	0.04537	0.04452	0.13016	0.02418	0.01569	0.01789	0.01220	0.00709	0.00688	0.00217	0.00878	0.00619	0.00409	0.01079
110	0.80005	0.01377	0.01047	0.00936	0.01377	0.01597	0.00771	0.02093	0.01212	0.03195	0.00991	0.01157	0.00771	0.00661	0.00441	0.00220	0.00551	0.00386	0.00441	0.00771
111	0.01823	0.01807	0.02831	0.04199	0.65915	0.06452	0.02131	0.02230	0.01648	0.02287	0.01323	0.01730	0.01114	0.00641	0.00701	0.00210	0.00876	0.00623	0.00353	0.01107
112	0.02255	0.01788	0.02115	0.01666	0.02190	0.01955	0.07126	0.40202	0.20263	0.03698	0.01987	0.02011	0.01468	0.01033	0.03648	0.00257	0.00799	0.00698	0.00660	0.04180
113	0.00868	0.00620	0.00826	0.00991	0.01033	0.00578	0.00661	0.00991	0.01363	0.01818	0.03925	0.74510	0.04710	0.02231	0.00909	0.00289	0.00413	0.02024	0.00661	0.00578
114	0.01433	0.01345	0.02213	0.58589	0.14347	0.01610	0.01954	0.01998	0.05758	0.01967	0.01380	0.01927	0.01053	0.00717	0.00712	0.00234	0.00910	0.00644	0.00348	0.00862
115	0.02544	0.03120	0.02137	0.02160	0.11157	0.60363	0.01481	0.05115	0.02014	0.01918	0.01154	0.01362	0.00955	0.00725	0.00653	0.00188	0.01209	0.00488	0.00377	0.00879
116	0.00882	0.00630	0.00839	0.00982	0.01036	0.00588	0.00662	0.01027	0.01428	0.01921	0.10544	0.67596	0.04910	0.02153	0.00902	0.00283	0.00405	0.01951	0.00673	0.00588
117	0.00868	0.00620	0.00826	0.00991	0.01033	0.00578	0.00661	0.00991	0.01363	0.01818	0.03925	0.74510	0.04710	0.02231	0.00909	0.00289	0.00413	0.02024	0.00661	0.00578
118	0.00868	0.00620	0.00826	0.00991	0.01033	0.00578	0.00661	0.00991	0.01363	0.01818	0.03925	0.74510	0.04710	0.02231	0.00909	0.00289	0.00413	0.02024	0.00661	0.00578
119	0.01345	0.01266	0.02136	0.73264	0.04904	0.01582	0.01978	0.01819	0.01424	0.01819	0.01266	0.01898	0.00949	0.00712	0.00712	0.00237	0.00949	0.00633	0.00316	0.00791
120	0.02660	0.03394	0.02018	0.01834	0.02201	0.72116	0.01376	0.02843	0.02018	0.01743	0.01101	0.01284	0.00917	0.00734	0.00642	0.00183	0.01284	0.00459	0.00367	0.00825
121	0.01477	0.01266	0.01477	0.01055	0.01687	0.00949	0.00844	0.01793	0.01477	0.02320	0.01266	0.01477	0.01055	0.00527	0.00527	0.00105	0.00527	0.00422	0.00422	0.79328
122	0.01726	0.01655	0.02825	0.10304	0.64881	0.01682	0.02167	0.02154	0.01604	0.02283	0.01333	0.01774	0.01113	0.00641	0.00706	0.00214	0.00855	0.00634	0.00349	0.01099
123	0.01008	0.00728	0.00952	0.00896	0.01064	0.00672	0.00672	0.01344	0.02016	0.02855	0.70158	0.05319	0.06719	0.01456	0.00840	0.00224	0.00336	0.01288	0.00784	0.00672
124	0.00868	0.00620	0.00826	0.00991	0.01033	0.00578	0.00661	0.00991	0.01363	0.01818	0.03925	0.74510	0.04710	0.02231	0.00909	0.00289	0.00413	0.02024	0.00661	0.00578
125	0.80005	0.01377	0.01047	0.00936	0.01377	0.01597	0.00771	0.02093	0.01212	0.03195	0.00991	0.01157	0.00771	0.00661	0.00441	0.00220	0.00551	0.00386	0.00441	0.00771
126	0.01020	0.00753	0.01095	0.01095	0.01205	0.00863	0.00829	0.01240	0.01130	0.01616	0.01952	0.03047	0.01889	0.14682	0.62960	0.01083	0.01744	0.00799	0.00388	0.00608
127	0.02504	0.03156	0.01918	0.01751	0.02102	0.65731	0.01315	0.02690	0.01964	0.01749	0.01444	0.01627	0.04497	0.00965	0.03390	0.00223	0.01261	0.00524	0.00383	0.00807
128	0.00988	0.00727	0.00925	0.00875	0.01052	0.00664	0.00657	0.01306	0.01970	0.02747	0.62798	0.05498	0.14146	0.01496	0.00840	0.00226	0.00339	0.01313	0.00770	0.00664
129	0.01904	0.75404	0.03731	0.01218	0.01828	0.02818	0.01218	0.02132	0.01447	0.01675	0.00990	0.01142	0.00914	0.00609	0.00457	0.00152	0.00761	0.00381	0.00305	0.00914
130	0.01327	0.00664	0.00664	0.00664	0.00830	0.00664	0.00498	0.01659	0.01493	0.02655	0.02323	0.02655	0.01825	0.00830	0.00498	0.00166	0.00332	0.00664	0.78928	0.00664
131	0.01747	0.01676	0.02863	0.06882	0.68141	0.01688	0.02178	0.02172	0.01614	0.02308	0.01337	0.01767	0.01121	0.00637	0.00705	0.00212	0.00850	0.00634	0.00351	0.01116
132	0.80005	0.01377	0.01047	0.00936	0.01377	0.01597	0.00771	0.02093	0.01212	0.03195	0.00991	0.01157	0.00771	0.00661	0.00441	0.00220	0.00551	0.00386	0.00441	0.00771
133	0.01904	0.75404	0.03731	0.01218	0.01828	0.02818	0.01218	0.02132	0.01447	0.01675	0.00990	0.01142	0.00914	0.00609	0.00457	0.00152	0.00761	0.00381	0.00305	0.00914
134	0.01327	0.00664	0.00664	0.00664	0.00830	0.00664	0.00498	0.01659	0.01493	0.02655	0.02323	0.02655	0.01825	0.00830	0.00498	0.00166	0.00332	0.00664	0.78928	0.00664
135	0.01097	0.00902	0.03148	0.01266	0.04344	0.00809	0.01019	0.01420	0.01721	0.02279	0.19921	0.06723	0.15848	0.01722	0.00904	0.00280	0.00549	0.34701	0.00663	0.00682
136	0.03195	0.01212	0.01652	0.01267	0.01818	0.01047	0.01047	0.03470	0.02038	0.71026	0.02809	0.02424	0.01763	0.00881	0.00716	0.00220	0.00606	0.00716	0.00881	0.01212
137	0.01659	0.01799	0.03711	0.03231	0.19802	0.01712	0.48541	0.02192	0.01650	0.02268	0.01543	0.05596	0.01278	0.00692	0.00811	0.00236	0.01074	0.00851	0.00374	0.00982
138	0.01327	0.00664	0.00664	0.00664	0.00830	0.00664	0.00498	0.01659	0.01493	0.02655	0.02323	0.02655	0.01825	0.00830	0.00498	0.00166	0.00332	0.00664	0.78928	0.00664
139	0.01771	0.01530	0.01610	0.01449	0.01852	0.01771	0.01127	0.03784	0.69247	0.02979	0.02898	0.02657	0.02174	0.00966	0.00725	0.00242	0.00564	0.00805	0.00725	0.01127
140	0.01345	0.01266	0.02136	0.73264	0.04904	0.01582	0.01978	0.01819	0.01424	0.01819	0.01266	0.01898	0.00949	0.00712	0.00712	0.00237	0.00949	0.00633	0.00316	0.00791
141	0.01327	0.00664	0.00664	0.00664	0.00830	0.00664	0.00498	0.01659	0.01493	0.02655	0.02323	0.02655	0.01825	0.00830	0.00498	0.00166	0.00332	0.00664	0.78928	0.00664
142	0.01237	0.00618	0.00928	0.00928	0.00928	0.00618	0.00618	0.00928	0.00928	0.01237	0.01237	0.02165	0.01237	0.02474	0.02783	0.79283	0.00618	0.00618	0.00309	0.00309
143	0.01534	0.00844	0.01120	0.00985	0.01245	0.00762	0.00762	0.01855	0.02021	0.19258	0.53953	0.04622	0.05526	0.01318	0.00810	0.00223	0.00401	0.01150	0.00807	0.00802
144	0.01345	0.01266	0.02136	0.73264	0.04904	0.01582	0.01978	0.01819	0.01424	0.01819	0.01266	0.01898	0.00949	0.00712	0.00712	0.00237	0.00949	0.00633	0.00316	0.00791
145	0.01036	0.00690	0.00777	0.00777	0.00777	0.00690	0.00431	0.01036	0.01036	0.01381	0.02244	0.04660	0.02589	0.74975	0.03624	0.00690	0.00690	0.01036	0.00431	0.00431

[dist]
# distance from previous block
# <min> <max>
0	0

# created by:
# /st0/software/busco_prod/Augustus/scripts/msa2prfl.pl ./align_prep/155156.fa
