[name]
unknown

[dist]
# distance from previous block
# <min> <max>
7	96

[block]
# block no. 0 follows, 28 sequences, length 15
# corresponding to MSA columns:
# 116-130
name=unknown_A
#
# <colnr> <probs for GDERKNQSTAVLIFYWHMCP>
#	G	D	E	R	K	N	Q	S	T	A	V	L	I	F	Y	W	H	M	C	P
0	0.02487	0.08390	0.02265	0.02006	0.06782	0.55022	0.01467	0.02692	0.01898	0.01812	0.01115	0.01361	0.00952	0.00784	0.00814	0.00200	0.08235	0.00491	0.00363	0.00866
1	0.07093	0.01127	0.01440	0.14445	0.02066	0.01276	0.01116	0.11420	0.01675	0.02354	0.02767	0.31323	0.06329	0.03856	0.01055	0.00281	0.07796	0.01264	0.00558	0.00760
2	0.01870	0.01515	0.01859	0.01546	0.06646	0.03078	0.03083	0.11010	0.01814	0.07592	0.01452	0.01645	0.01145	0.00676	0.00730	0.00159	0.05638	0.00526	0.00490	0.47523
3	0.04371	0.00881	0.01018	0.00953	0.01118	0.00874	0.00653	0.03601	0.04536	0.10524	0.04631	0.09925	0.09948	0.38056	0.05398	0.00515	0.00672	0.01095	0.00573	0.00658
4	0.01784	0.08113	0.15752	0.12669	0.03417	0.01866	0.29813	0.07578	0.04677	0.05004	0.01516	0.01849	0.01122	0.00692	0.00756	0.00232	0.01038	0.00707	0.00411	0.01006
5	0.03163	0.01394	0.01784	0.01368	0.01934	0.01302	0.01130	0.16121	0.02344	0.57473	0.02647	0.02331	0.01689	0.00894	0.00730	0.00224	0.00654	0.00716	0.00866	0.01237
6	0.00920	0.00650	0.00842	0.00972	0.01015	0.00614	0.00638	0.01039	0.01375	0.01843	0.07294	0.59344	0.04578	0.13614	0.01361	0.00356	0.00462	0.01866	0.00645	0.00572
7	0.06913	0.14562	0.11115	0.10810	0.10927	0.05008	0.01612	0.15058	0.01971	0.10767	0.01684	0.01836	0.03127	0.00774	0.00661	0.00212	0.00834	0.00602	0.00492	0.01035
8	0.01180	0.00857	0.01121	0.04950	0.06806	0.00803	0.00853	0.01388	0.01594	0.06629	0.10061	0.19266	0.28460	0.07018	0.01107	0.02160	0.00508	0.03915	0.00631	0.00693
9	0.01037	0.00696	0.00799	0.00818	0.00823	0.00692	0.00467	0.01052	0.01096	0.01461	0.02488	0.12746	0.02893	0.66124	0.03380	0.00657	0.00672	0.01174	0.00467	0.00458
10	0.01748	0.01638	0.02702	0.09555	0.56936	0.01682	0.02065	0.02301	0.06599	0.02396	0.01519	0.01914	0.01244	0.00687	0.00713	0.00218	0.00830	0.00662	0.03485	0.01105
11	0.01844	0.06938	0.05422	0.05891	0.34454	0.15156	0.01762	0.02285	0.04715	0.02236	0.06963	0.05773	0.01774	0.00838	0.00712	0.00215	0.00880	0.00726	0.00424	0.00992
12	0.01694	0.02067	0.08678	0.06145	0.02941	0.11979	0.30156	0.02126	0.01606	0.02072	0.01656	0.11322	0.01525	0.00963	0.01039	0.00252	0.11613	0.00890	0.00395	0.00880
13	0.01022	0.00726	0.00916	0.03792	0.01172	0.00716	0.00680	0.03148	0.01384	0.01856	0.03440	0.46666	0.05929	0.20695	0.01612	0.00391	0.00524	0.01645	0.03103	0.00584
14	0.01661	0.01784	0.03531	0.13045	0.12482	0.01844	0.40445	0.02170	0.01589	0.02189	0.01362	0.01886	0.01070	0.00723	0.01027	0.00251	0.10865	0.00770	0.00354	0.00953

[dist]
# distance from previous block
# <min> <max>
5	8

[block]
# block no. 1 follows, 28 sequences, length 112
# corresponding to MSA columns:
# 140-220,232-262
name=unknown_B
#
# <colnr> <probs for GDERKNQSTAVLIFYWHMCP>
#	G	D	E	R	K	N	Q	S	T	A	V	L	I	F	Y	W	H	M	C	P
0	0.00967	0.00774	0.00872	0.00860	0.01082	0.00693	0.00658	0.01276	0.04076	0.02315	0.26542	0.06440	0.42978	0.01712	0.00865	0.00246	0.00388	0.05882	0.00716	0.00659
1	0.01999	0.69748	0.03683	0.01289	0.01893	0.07820	0.01255	0.02229	0.01519	0.01715	0.01019	0.01176	0.00933	0.00631	0.00480	0.00158	0.00816	0.00394	0.00316	0.00926
2	0.01485	0.06464	0.65859	0.02073	0.03118	0.01739	0.04798	0.02298	0.01539	0.02280	0.01299	0.01535	0.00927	0.00685	0.00688	0.00228	0.01068	0.00542	0.00309	0.01066
3	0.01292	0.04251	0.01153	0.00952	0.01174	0.00824	0.00732	0.01612	0.01978	0.09059	0.55238	0.04828	0.05774	0.03864	0.00911	0.00239	0.00401	0.01184	0.03794	0.00740
4	0.02071	0.01421	0.01591	0.01376	0.01804	0.01539	0.01085	0.06305	0.43883	0.17673	0.07378	0.02993	0.05535	0.01035	0.00750	0.00239	0.00570	0.00860	0.00775	0.01118
5	0.00973	0.00736	0.00903	0.00939	0.01088	0.00684	0.00674	0.01277	0.04654	0.02320	0.28784	0.31582	0.19019	0.01838	0.00879	0.00258	0.00388	0.01623	0.00724	0.00655
6	0.02931	0.01235	0.01597	0.01256	0.01767	0.01131	0.01027	0.06289	0.06658	0.55415	0.02769	0.02483	0.01809	0.00899	0.00707	0.00220	0.00593	0.00728	0.09315	0.01170
7	0.00879	0.00658	0.00817	0.00944	0.01036	0.00596	0.00645	0.01020	0.01457	0.01882	0.04832	0.57512	0.20742	0.02170	0.00911	0.00283	0.00409	0.01936	0.00675	0.00596
8	0.03116	0.01333	0.01733	0.01334	0.01886	0.01223	0.01100	0.12508	0.02269	0.58851	0.04947	0.02470	0.01890	0.00916	0.00735	0.00224	0.00635	0.00740	0.00872	0.01218
9	0.01070	0.00723	0.00933	0.01017	0.01115	0.00688	0.00700	0.01312	0.04460	0.05236	0.13408	0.52722	0.04707	0.06958	0.01089	0.00308	0.00445	0.01770	0.00691	0.00649
10	0.01799	0.01727	0.02950	0.04462	0.69919	0.01727	0.02231	0.02231	0.01655	0.02375	0.01367	0.01799	0.01151	0.00648	0.00720	0.00216	0.00864	0.00648	0.00360	0.01151
11	0.16612	0.03580	0.01645	0.01233	0.01777	0.01224	0.01025	0.03253	0.01914	0.56481	0.02484	0.02206	0.01595	0.00851	0.00673	0.00223	0.00614	0.00661	0.00802	0.01149
12	0.01484	0.00802	0.00815	0.00769	0.00976	0.00822	0.00588	0.07723	0.01698	0.02881	0.02314	0.02622	0.01806	0.00849	0.00528	0.00174	0.00381	0.00675	0.71364	0.00729
13	0.04014	0.04682	0.02126	0.34653	0.03352	0.03907	0.10790	0.01962	0.03237	0.02167	0.01683	0.05404	0.01376	0.00809	0.00686	0.00224	0.00829	0.00727	0.16562	0.00810
14	0.62422	0.01846	0.14224	0.03406	0.01846	0.01641	0.01183	0.02159	0.01300	0.03037	0.01076	0.01271	0.00818	0.00679	0.00504	0.00226	0.00671	0.00429	0.00419	0.00842
15	0.01840	0.46943	0.10052	0.04724	0.02110	0.10318	0.01397	0.02141	0.01519	0.01789	0.01251	0.03897	0.01144	0.01128	0.06765	0.00264	0.00968	0.00517	0.00338	0.00895
16	0.01344	0.01075	0.01324	0.01127	0.01480	0.00968	0.02508	0.05684	0.06383	0.02466	0.14881	0.19749	0.03237	0.06218	0.00939	0.00235	0.00522	0.01078	0.00596	0.28185
17	0.05434	0.02036	0.04483	0.06320	0.37074	0.17475	0.01775	0.02276	0.03420	0.02223	0.01873	0.04416	0.06429	0.00829	0.00710	0.00217	0.00904	0.00710	0.00408	0.00987
18	0.01125	0.00910	0.01281	0.06137	0.01610	0.00832	0.04727	0.01334	0.01402	0.01945	0.02875	0.40881	0.03254	0.09924	0.01140	0.00294	0.00565	0.01422	0.00552	0.17788
19	0.76010	0.01372	0.01050	0.00943	0.01380	0.01587	0.00774	0.02116	0.01250	0.03236	0.01074	0.01251	0.00836	0.00683	0.00453	0.00222	0.00552	0.00407	0.04019	0.00782
20	0.01873	0.01193	0.01381	0.08655	0.01813	0.01283	0.00990	0.17231	0.08459	0.09024	0.06177	0.02546	0.01948	0.00896	0.00644	0.00204	0.00559	0.00725	0.33484	0.00915
21	0.01690	0.01908	0.04143	0.02983	0.03692	0.01791	0.64189	0.02290	0.01714	0.02321	0.01582	0.02252	0.01247	0.00678	0.00865	0.00249	0.01199	0.03858	0.00382	0.00966
22	0.00899	0.00732	0.00798	0.00814	0.01027	0.00632	0.00610	0.01106	0.01687	0.02091	0.15256	0.13036	0.52160	0.01841	0.00872	0.00252	0.00384	0.04488	0.00692	0.00624
23	0.01590	0.01590	0.02226	0.01908	0.01908	0.02226	0.01590	0.01749	0.01113	0.01749	0.00954	0.01590	0.00954	0.01272	0.02385	0.00318	0.73123	0.00636	0.00318	0.00795
24	0.54292	0.01512	0.01401	0.01303	0.05620	0.01700	0.00986	0.14877	0.01726	0.05698	0.01293	0.01433	0.00974	0.00726	0.00532	0.00221	0.00619	0.00482	0.03699	0.00907
25	0.01004	0.00682	0.00809	0.00861	0.00874	0.00669	0.00513	0.01043	0.01161	0.01548	0.02823	0.26244	0.03315	0.52050	0.02839	0.00578	0.00617	0.01370	0.00513	0.00487
26	0.02957	0.01263	0.01654	0.01301	0.01814	0.01149	0.01061	0.10235	0.02175	0.55937	0.05111	0.07729	0.02131	0.01018	0.00749	0.00229	0.00614	0.00840	0.00861	0.01171
27	0.01009	0.00796	0.00905	0.00869	0.01083	0.00733	0.00648	0.01385	0.06489	0.02431	0.34062	0.05912	0.34469	0.04825	0.00975	0.00258	0.00386	0.01367	0.00724	0.00675
28	0.02095	0.01623	0.01794	0.06069	0.02137	0.01828	0.01237	0.24752	0.34881	0.05701	0.05533	0.02459	0.02001	0.00947	0.00732	0.00233	0.00658	0.00770	0.03430	0.01122
29	0.02646	0.01954	0.02090	0.01623	0.02178	0.02166	0.01334	0.60746	0.07790	0.04408	0.01851	0.01846	0.01326	0.00879	0.00720	0.00218	0.00768	0.00667	0.03580	0.01210
30	0.79588	0.01406	0.01068	0.00956	0.01406	0.01631	0.00787	0.02137	0.01237	0.03261	0.01012	0.01181	0.00787	0.00675	0.00450	0.00225	0.00562	0.00394	0.00450	0.00787
31	0.01018	0.00692	0.00819	0.00857	0.00872	0.00688	0.00512	0.01057	0.01136	0.01520	0.02658	0.20094	0.03091	0.55566	0.05853	0.00632	0.00692	0.01270	0.00491	0.00482
32	0.01210	0.06569	0.01231	0.00996	0.01262	0.01044	0.00780	0.03703	0.11117	0.02350	0.18637	0.05362	0.29181	0.07376	0.01047	0.00278	0.00486	0.05966	0.00665	0.00738
33	0.05971	0.05368	0.06558	0.01615	0.02181	0.02024	0.04424	0.46992	0.02814	0.03897	0.01767	0.04564	0.01357	0.00881	0.00698	0.00217	0.00778	0.00688	0.06089	0.01115
34	0.01148	0.00908	0.01241	0.06007	0.01436	0.01071	0.00897	0.01296	0.01152	0.01613	0.02024	0.08531	0.02158	0.31108	0.23729	0.00721	0.13000	0.00949	0.00414	0.00598
35	0.01148	0.00917	0.01098	0.04362	0.01406	0.00927	0.00813	0.01780	0.15235	0.02554	0.31436	0.14427	0.18039	0.01530	0.00838	0.00245	0.00435	0.01332	0.00723	0.00757
36	0.02058	0.01529	0.01644	0.01414	0.01843	0.01709	0.01118	0.15665	0.43526	0.08795	0.02657	0.02509	0.01960	0.00942	0.00711	0.00231	0.00596	0.00767	0.09202	0.01122
37	0.01029	0.00743	0.00972	0.00914	0.01086	0.00686	0.00686	0.01372	0.02058	0.02915	0.69536	0.05430	0.06859	0.01486	0.00857	0.00229	0.00343	0.01315	0.00800	0.00686
38	0.02304	0.01739	0.01900	0.01439	0.02022	0.01777	0.01178	0.43826	0.02730	0.03800	0.01632	0.01716	0.01215	0.00767	0.00658	0.00181	0.00696	0.00585	0.04266	0.25569
39	0.02715	0.03464	0.02060	0.01873	0.02247	0.71536	0.01404	0.02903	0.02060	0.01779	0.01124	0.01311	0.00936	0.00749	0.00655	0.00187	0.01311	0.00468	0.00375	0.00843
40	0.02834	0.01923	0.02112	0.01619	0.02198	0.02087	0.01337	0.58471	0.03229	0.13872	0.01904	0.01848	0.01316	0.00876	0.00728	0.00219	0.00774	0.00665	0.00752	0.01236
41	0.00901	0.00645	0.00857	0.01002	0.01058	0.00601	0.00676	0.01051	0.01464	0.01971	0.11130	0.66528	0.05031	0.02191	0.00920	0.00288	0.00413	0.01985	0.00688	0.00601
42	0.01171	0.00837	0.01171	0.01339	0.01506	0.00837	0.01171	0.01506	0.01673	0.02175	0.03849	0.08199	0.04183	0.02008	0.01004	0.00335	0.00669	0.65027	0.00669	0.00669
43	0.10955	0.02619	0.02110	0.02086	0.11721	0.35836	0.01448	0.19725	0.02271	0.02762	0.01310	0.01480	0.01029	0.00759	0.00661	0.00204	0.01032	0.00534	0.00473	0.00984
44	0.01245	0.00840	0.01166	0.01288	0.01470	0.00826	0.01107	0.01570	0.01716	0.05351	0.09558	0.09952	0.04330	0.01921	0.00976	0.00319	0.00630	0.54349	0.00692	0.00694
45	0.01038	0.00779	0.01168	0.01168	0.01298	0.00909	0.00909	0.01298	0.01168	0.01687	0.01947	0.02856	0.01817	0.05452	0.71573	0.01168	0.01947	0.00779	0.00389	0.00649
46	0.01745	0.01209	0.01290	0.08828	0.01734	0.03869	0.00943	0.16048	0.07104	0.03009	0.02118	0.02367	0.01624	0.00846	0.00602	0.00194	0.00561	0.00672	0.44382	0.00854
47	0.01799	0.01727	0.02950	0.04462	0.69919	0.01727	0.02231	0.02231	0.01655	0.02375	0.01367	0.01799	0.01151	0.00648	0.00720	0.00216	0.00864	0.00648	0.00360	0.01151
48	0.06330	0.01726	0.01869	0.01484	0.02019	0.05477	0.01209	0.28831	0.11508	0.28490	0.02256	0.02095	0.01540	0.00882	0.00714	0.00223	0.00719	0.00683	0.00761	0.01183
49	0.70017	0.01478	0.03595	0.07275	0.01782	0.01631	0.00961	0.02118	0.01266	0.03105	0.01047	0.01259	0.00808	0.00680	0.00482	0.00227	0.00616	0.00421	0.00434	0.00799
50	0.01843	0.05465	0.02973	0.12866	0.10815	0.17119	0.24708	0.02248	0.01681	0.02052	0.01476	0.06551	0.01284	0.00811	0.00847	0.00232	0.04982	0.00764	0.00377	0.00906
51	0.01021	0.00695	0.00798	0.00825	0.00843	0.00683	0.00483	0.01049	0.01137	0.01505	0.02787	0.15870	0.05938	0.59770	0.03134	0.00619	0.00645	0.01239	0.00488	0.00472
52	0.10252	0.33805	0.07591	0.01648	0.05270	0.13418	0.03584	0.12413	0.01865	0.02420	0.01195	0.01362	0.00980	0.00692	0.00575	0.00188	0.00883	0.00481	0.00404	0.00972
53	0.07858	0.01839	0.04324	0.12605	0.24792	0.13650	0.01638	0.04572	0.01669	0.02295	0.01594	0.08439	0.01435	0.00881	0.00766	0.00225	0.04044	0.00727	0.05728	0.00921
54	0.03261	0.01237	0.01687	0.01293	0.01856	0.01068	0.01068	0.03543	0.02081	0.70423	0.02868	0.02474	0.01799	0.00900	0.00731	0.00225	0.00619	0.00731	0.00900	0.01237
55	0.00967	0.00700	0.00945	0.01139	0.03361	0.00668	0.00757	0.01113	0.01396	0.01860	0.03713	0.56574	0.04379	0.10103	0.01233	0.00342	0.00495	0.09015	0.00638	0.00602
56	0.01405	0.00922	0.01130	0.11486	0.01686	0.01002	0.00886	0.06992	0.04597	0.02583	0.04578	0.10061	0.02168	0.01388	0.06481	0.00285	0.00620	0.00852	0.40126	0.00751
57	0.00946	0.00744	0.00857	0.00840	0.01050	0.00655	0.00638	0.01204	0.01828	0.02378	0.33649	0.06385	0.39899	0.01698	0.00865	0.00242	0.00371	0.04375	0.00728	0.00647
58	0.01057	0.00705	0.00793	0.00793	0.00793	0.00705	0.00440	0.01057	0.01057	0.01409	0.02290	0.04757	0.02643	0.74454	0.03700	0.00705	0.00705	0.01057	0.00440	0.00440
59	0.01686	0.13880	0.52458	0.01928	0.02850	0.10691	0.02318	0.02360	0.01593	0.02151	0.01240	0.01454	0.00924	0.00688	0.00654	0.00214	0.01062	0.00507	0.00316	0.01025
60	0.14914	0.05352	0.02053	0.01821	0.07156	0.27116	0.01349	0.19292	0.06054	0.02852	0.01378	0.01527	0.01081	0.00794	0.00724	0.00212	0.04315	0.00543	0.00492	0.00977
61	0.00911	0.00651	0.00871	0.01031	0.01087	0.00611	0.00709	0.01061	0.01438	0.01921	0.06670	0.66656	0.04848	0.02227	0.00930	0.00295	0.00436	0.06367	0.00680	0.00600
62	0.01955	0.09488	0.10011	0.01841	0.09531	0.16523	0.01446	0.11541	0.07094	0.02584	0.09100	0.02276	0.03951	0.00893	0.00742	0.00211	0.03308	0.00687	0.05864	0.00955
63	0.01683	0.16611	0.07347	0.04630	0.01845	0.15386	0.01212	0.01928	0.01485	0.01844	0.04625	0.02396	0.01655	0.15029	0.06263	0.00367	0.08751	0.00669	0.05510	0.00765
64	0.01499	0.01280	0.01486	0.01101	0.01703	0.01009	0.00873	0.01932	0.06118	0.02391	0.01532	0.04940	0.01328	0.00650	0.00570	0.00126	0.00535	0.00533	0.00463	0.69929
65	0.01943	0.74891	0.03809	0.01244	0.01866	0.02876	0.01244	0.02177	0.01477	0.01710	0.01011	0.01166	0.00933	0.00622	0.00466	0.00155	0.00777	0.00389	0.00311	0.00933
66	0.01174	0.00999	0.01235	0.14492	0.01946	0.01046	0.00986	0.01797	0.14158	0.02325	0.16640	0.05000	0.30420	0.01413	0.00817	0.00245	0.00526	0.03373	0.00643	0.00765
67	0.01029	0.00743	0.00972	0.00914	0.01086	0.00686	0.00686	0.01372	0.02058	0.02915	0.69536	0.05430	0.06859	0.01486	0.00857	0.00229	0.00343	0.01315	0.00800	0.00686
68	0.02763	0.02036	0.02182	0.01672	0.02254	0.02254	0.01382	0.67496	0.03418	0.04581	0.01745	0.01745	0.01236	0.00873	0.00727	0.00218	0.00800	0.00654	0.00727	0.01236
69	0.01199	0.00673	0.01009	0.01009	0.01046	0.00709	0.00709	0.01046	0.01009	0.01382	0.01456	0.02392	0.01419	0.03350	0.22218	0.56950	0.01002	0.00673	0.00336	0.00410
70	0.02715	0.03464	0.02060	0.01873	0.02247	0.71536	0.01404	0.02903	0.02060	0.01779	0.01124	0.01311	0.00936	0.00749	0.00655	0.00187	0.01311	0.00468	0.00375	0.00843
71	0.01808	0.01561	0.01644	0.01479	0.01890	0.01808	0.01151	0.03863	0.68606	0.03041	0.02959	0.02712	0.02219	0.00986	0.00740	0.00247	0.00575	0.00822	0.00740	0.01151
72	0.00934	0.00707	0.00863	0.00907	0.01057	0.00636	0.00657	0.01155	0.01699	0.02246	0.26513	0.29208	0.25035	0.01878	0.00886	0.00260	0.00387	0.03625	0.00716	0.00631
73	0.00886	0.00633	0.00843	0.01012	0.01054	0.00590	0.00675	0.01012	0.01392	0.01856	0.04006	0.73979	0.04808	0.02277	0.00928	0.00295	0.00422	0.02066	0.00675	0.00590
74	0.02675	0.01970	0.02119	0.01642	0.02198	0.02176	0.01349	0.64387	0.03323	0.04454	0.01851	0.05122	0.01403	0.00938	0.00737	0.00222	0.00782	0.00720	0.00725	0.01206
75	0.79588	0.01406	0.01068	0.00956	0.01406	0.01631	0.00787	0.02137	0.01237	0.03261	0.01012	0.01181	0.00787	0.00675	0.00450	0.00225	0.00562	0.00394	0.00450	0.00787
76	0.01049	0.00701	0.00795	0.00803	0.00805	0.00699	0.00451	0.01055	0.01073	0.01430	0.02371	0.08009	0.02744	0.71063	0.03570	0.00685	0.00691	0.01105	0.00451	0.00447
77	0.05275	0.15303	0.24981	0.07024	0.05972	0.01877	0.19263	0.02209	0.01556	0.02227	0.01284	0.01603	0.00990	0.00646	0.00676	0.00211	0.00980	0.00593	0.00343	0.06986
78	0.02031	0.20660	0.10353	0.06950	0.17190	0.21934	0.01711	0.02505	0.06305	0.02042	0.01306	0.01544	0.01071	0.00703	0.00637	0.00198	0.00980	0.00531	0.00370	0.00977
79	0.21295	0.04962	0.01926	0.01512	0.02015	0.15544	0.01226	0.33621	0.05598	0.03535	0.01475	0.01547	0.01103	0.00796	0.00637	0.00213	0.00830	0.00553	0.00576	0.01035
80	0.01617	0.12407	0.25470	0.02463	0.18411	0.04806	0.09062	0.02140	0.01623	0.02227	0.06136	0.07150	0.01686	0.00836	0.00712	0.00221	0.00913	0.00739	0.00390	0.00991
81	0.07059	0.29283	0.23380	0.01506	0.02175	0.07644	0.03400	0.02145	0.01569	0.02125	0.04278	0.01949	0.05996	0.00784	0.00604	0.00198	0.00845	0.00581	0.03561	0.00918
82	0.05381	0.01219	0.01635	0.01266	0.01806	0.01067	0.01042	0.03400	0.02055	0.65294	0.05946	0.02575	0.02008	0.00921	0.00729	0.00225	0.00604	0.00749	0.00882	0.01198
83	0.00903	0.00646	0.00862	0.01020	0.01073	0.00604	0.00695	0.01048	0.01434	0.01918	0.07079	0.68209	0.04880	0.02230	0.00927	0.00294	0.00428	0.04472	0.00680	0.00598
84	0.02420	0.02250	0.01923	0.04931	0.02165	0.25611	0.01302	0.28216	0.02469	0.05148	0.03891	0.04299	0.01486	0.00907	0.00761	0.00212	0.03724	0.00664	0.06640	0.00981
85	0.01057	0.00705	0.00793	0.00793	0.00793	0.00705	0.00440	0.01057	0.01057	0.01409	0.02290	0.04757	0.02643	0.74454	0.03700	0.00705	0.00705	0.01057	0.00440	0.00440
86	0.06234	0.01130	0.01492	0.01190	0.01656	0.01005	0.00967	0.02974	0.02037	0.51669	0.18270	0.03102	0.02928	0.01026	0.00747	0.00226	0.00552	0.00851	0.00856	0.01088
87	0.01226	0.00799	0.01053	0.06232	0.01387	0.00830	0.00810	0.01459	0.01531	0.05406	0.13193	0.30491	0.03625	0.01573	0.00947	0.02795	0.05126	0.01308	0.19532	0.00677
88	0.01553	0.01293	0.04088	0.36995	0.06401	0.01425	0.01570	0.06540	0.01500	0.05150	0.01449	0.02156	0.01203	0.06129	0.01404	0.15088	0.04230	0.00672	0.00387	0.00765
89	0.01171	0.00837	0.01171	0.01339	0.01506	0.00837	0.01171	0.01506	0.01673	0.02175	0.03849	0.08199	0.04183	0.02008	0.01004	0.00335	0.00669	0.65027	0.00669	0.00669
90	0.02064	0.02372	0.02200	0.10176	0.07166	0.31939	0.01604	0.02292	0.01597	0.01818	0.01095	0.01524	0.00962	0.00941	0.01335	0.00246	0.28916	0.00566	0.00346	0.00842
91	0.01917	0.01362	0.01560	0.01341	0.01655	0.01467	0.01034	0.31774	0.02339	0.06313	0.05674	0.23601	0.02719	0.09191	0.01183	0.00298	0.03835	0.01148	0.00675	0.00915
92	0.02191	0.01939	0.01720	0.06650	0.02077	0.20833	0.01188	0.18586	0.04515	0.10104	0.07631	0.02993	0.14359	0.01059	0.00742	0.00219	0.00813	0.00827	0.00615	0.00938
93	0.72391	0.01507	0.04315	0.01023	0.01507	0.01607	0.00888	0.02210	0.01290	0.06373	0.01113	0.01258	0.00841	0.00686	0.00474	0.00225	0.00589	0.00416	0.00464	0.00822
94	0.00989	0.00736	0.00888	0.00853	0.01021	0.00670	0.00620	0.01247	0.01825	0.02476	0.44859	0.05745	0.22435	0.11025	0.01226	0.00295	0.00396	0.01338	0.00721	0.00636
95	0.05139	0.01003	0.01323	0.01327	0.06861	0.00948	0.00937	0.01987	0.04856	0.14736	0.37304	0.06488	0.04539	0.01265	0.00795	0.00230	0.00483	0.04525	0.00735	0.04517
96	0.01050	0.00705	0.00812	0.00819	0.00826	0.00710	0.00471	0.01067	0.01075	0.01439	0.02339	0.07270	0.02685	0.68498	0.06785	0.00711	0.00752	0.01082	0.00447	0.00456
97	0.01943	0.74891	0.03809	0.01244	0.01866	0.02876	0.01244	0.02177	0.01477	0.01710	0.01011	0.01166	0.00933	0.00622	0.00466	0.00155	0.00777	0.00389	0.00311	0.00933
98	0.02658	0.01295	0.01746	0.01329	0.01878	0.01143	0.03311	0.05164	0.01952	0.45782	0.05089	0.02310	0.01775	0.00850	0.00763	0.00204	0.03435	0.00688	0.00748	0.17879
99	0.01032	0.00739	0.00952	0.00901	0.01054	0.00688	0.00659	0.01338	0.01949	0.02751	0.62226	0.05357	0.06400	0.09418	0.01166	0.00280	0.00382	0.01287	0.00761	0.00659
100	0.01988	0.01651	0.01745	0.01516	0.01959	0.01892	0.01194	0.15855	0.56321	0.03331	0.02730	0.02530	0.02034	0.00965	0.00737	0.00241	0.00618	0.00790	0.00737	0.01167
101	0.01096	0.00758	0.01065	0.01065	0.01197	0.00859	0.00818	0.01360	0.01228	0.01861	0.02037	0.02903	0.01858	0.07303	0.56121	0.00970	0.01609	0.00771	0.14474	0.00646
102	0.01947	0.01652	0.01669	0.01468	0.01884	0.05013	0.01149	0.12215	0.52159	0.03167	0.02670	0.02517	0.02003	0.00950	0.00718	0.00235	0.00623	0.00773	0.06072	0.01115
103	0.01814	0.01545	0.01636	0.01462	0.01869	0.01776	0.01139	0.06551	0.62658	0.03103	0.05982	0.02795	0.02390	0.01004	0.00745	0.00244	0.00574	0.00837	0.00742	0.01133
104	0.02372	0.01033	0.01394	0.01154	0.01551	0.00909	0.00917	0.02657	0.02010	0.43830	0.22957	0.09991	0.03595	0.01203	0.00787	0.00233	0.00518	0.01030	0.00849	0.01012
105	0.00884	0.00639	0.00837	0.00994	0.01050	0.00592	0.00667	0.01014	0.01409	0.01863	0.04223	0.69667	0.08981	0.02249	0.00923	0.00292	0.00418	0.02032	0.00675	0.00592
106	0.02937	0.01757	0.02009	0.01540	0.02115	0.01840	0.01272	0.45144	0.02950	0.27593	0.02138	0.02000	0.01433	0.00882	0.00729	0.00221	0.00737	0.00681	0.00787	0.01236
107	0.01221	0.00998	0.01274	0.01171	0.01188	0.01205	0.00842	0.01293	0.01108	0.01558	0.02071	0.03739	0.05118	0.44073	0.06331	0.00580	0.24316	0.00929	0.00409	0.00574
108	0.01355	0.00678	0.00678	0.00678	0.00847	0.00678	0.00508	0.01694	0.01524	0.02710	0.02371	0.02710	0.01863	0.00847	0.00508	0.00169	0.00339	0.00678	0.78489	0.00678
109	0.04763	0.01155	0.01364	0.01214	0.01513	0.01199	0.00924	0.11635	0.14460	0.14074	0.09861	0.15601	0.02802	0.03755	0.01162	0.11368	0.00574	0.01025	0.00679	0.00872
110	0.16171	0.40718	0.05382	0.03650	0.01981	0.10968	0.01268	0.02298	0.01518	0.05258	0.01130	0.01307	0.00949	0.00697	0.00606	0.00189	0.04194	0.00441	0.00372	0.00904
111	0.05309	0.14548	0.14985	0.03859	0.02047	0.08248	0.01444	0.06531	0.01598	0.02193	0.03770	0.04080	0.03776	0.04149	0.06908	0.00321	0.10855	0.00672	0.03847	0.00860

[dist]
# distance from previous block
# <min> <max>
0	6

[block]
# block no. 2 follows, 28 sequences, length 37
# corresponding to MSA columns:
# 269-305
name=unknown_C
#
# <colnr> <probs for GDERKNQSTAVLIFYWHMCP>
#	G	D	E	R	K	N	Q	S	T	A	V	L	I	F	Y	W	H	M	C	P
0	0.01542	0.06543	0.52851	0.02110	0.05379	0.01773	0.05446	0.04534	0.01579	0.02309	0.01377	0.03812	0.01073	0.00777	0.00812	0.00234	0.05864	0.00608	0.00339	0.01038
1	0.40262	0.11869	0.27446	0.01411	0.02116	0.01815	0.01556	0.02204	0.01380	0.02701	0.01121	0.01311	0.00856	0.00674	0.00542	0.00218	0.00782	0.00447	0.00378	0.00914
2	0.01047	0.00704	0.00795	0.00795	0.00820	0.00692	0.00461	0.01050	0.01114	0.01460	0.02765	0.04864	0.09510	0.63422	0.03364	0.04475	0.00666	0.01086	0.00459	0.00452
3	0.01286	0.04334	0.01252	0.07677	0.01582	0.00973	0.00888	0.07327	0.01621	0.05257	0.03334	0.46317	0.05688	0.04003	0.00923	0.00278	0.00535	0.01551	0.04457	0.00715
4	0.01014	0.00690	0.00817	0.00854	0.00876	0.00676	0.00514	0.01068	0.01207	0.01621	0.07340	0.21593	0.03458	0.51920	0.02832	0.00573	0.00611	0.01320	0.00522	0.00494
5	0.79588	0.01406	0.01068	0.00956	0.01406	0.01631	0.00787	0.02137	0.01237	0.03261	0.01012	0.01181	0.00787	0.00675	0.00450	0.00225	0.00562	0.00394	0.00450	0.00787
6	0.01168	0.00837	0.01012	0.01047	0.01184	0.00825	0.00749	0.08904	0.01623	0.02129	0.03829	0.38751	0.12880	0.10389	0.01337	0.05107	0.00523	0.06432	0.00632	0.00642
7	0.01716	0.01961	0.04289	0.03064	0.03799	0.01838	0.67279	0.02328	0.01716	0.02328	0.01471	0.01961	0.01103	0.00613	0.00858	0.00245	0.01225	0.00858	0.00368	0.00980
8	0.00904	0.00633	0.00849	0.01009	0.01049	0.00592	0.00673	0.01009	0.01370	0.01827	0.03872	0.70473	0.04634	0.02289	0.01021	0.04133	0.00432	0.01996	0.00657	0.00577
9	0.01601	0.01622	0.02405	0.02008	0.02072	0.02193	0.07278	0.01800	0.01165	0.01800	0.00999	0.01622	0.00967	0.01215	0.02253	0.00312	0.66898	0.00655	0.00322	0.00811
10	0.09135	0.01722	0.01823	0.01439	0.01944	0.01886	0.01179	0.46270	0.05157	0.08382	0.01886	0.01914	0.01357	0.00858	0.00673	0.00213	0.00695	0.00646	0.11705	0.01116
11	0.01122	0.00863	0.01024	0.03389	0.01319	0.03339	0.00793	0.01442	0.07287	0.04041	0.05550	0.56086	0.06996	0.01979	0.00884	0.00279	0.00487	0.01772	0.00668	0.00678
12	0.01152	0.00776	0.00977	0.00907	0.01120	0.00699	0.00687	0.01460	0.01984	0.07409	0.53290	0.05518	0.18252	0.01512	0.00849	0.00232	0.00367	0.01315	0.00784	0.00711
13	0.01116	0.00837	0.01065	0.04556	0.01379	0.00831	0.00832	0.04441	0.04073	0.02352	0.22606	0.25014	0.11518	0.06283	0.01058	0.00294	0.00494	0.09887	0.00683	0.00682
14	0.01735	0.01662	0.02835	0.14654	0.60224	0.01710	0.02199	0.02175	0.01625	0.02297	0.01356	0.01820	0.01124	0.00659	0.00721	0.00220	0.00879	0.00647	0.00354	0.01100
15	0.01583	0.01091	0.01187	0.01057	0.01285	0.01173	0.00774	0.15590	0.10238	0.02663	0.04278	0.03292	0.02189	0.26174	0.04924	0.00419	0.00664	0.00844	0.19803	0.00773
16	0.79588	0.01406	0.01068	0.00956	0.01406	0.01631	0.00787	0.02137	0.01237	0.03261	0.01012	0.01181	0.00787	0.00675	0.00450	0.00225	0.00562	0.00394	0.00450	0.00787
17	0.00958	0.00676	0.00880	0.00993	0.01054	0.00644	0.00681	0.01107	0.01438	0.01933	0.11415	0.48103	0.04622	0.14524	0.01401	0.00361	0.00483	0.07496	0.00649	0.00583
18	0.12157	0.31631	0.23570	0.01703	0.05453	0.04687	0.04384	0.02212	0.01490	0.02156	0.01175	0.01411	0.00960	0.00837	0.03240	0.00233	0.00925	0.00483	0.00338	0.00955
19	0.11026	0.05123	0.01604	0.01294	0.01682	0.15561	0.01028	0.18884	0.07661	0.03044	0.01794	0.01939	0.01382	0.00815	0.00604	0.00197	0.00716	0.00596	0.24134	0.00916
20	0.01639	0.30243	0.45788	0.01764	0.02669	0.02130	0.02149	0.02255	0.01513	0.02082	0.01195	0.01397	0.00925	0.00665	0.00607	0.00202	0.00964	0.00482	0.00308	0.01022
21	0.04309	0.00773	0.00955	0.00919	0.01109	0.00717	0.00685	0.01394	0.01892	0.05039	0.48490	0.13779	0.14083	0.01574	0.00845	0.00239	0.00374	0.01376	0.00758	0.00688
22	0.01052	0.00717	0.00854	0.00847	0.00882	0.00723	0.00520	0.01122	0.01197	0.01631	0.10893	0.04649	0.03100	0.58017	0.10283	0.00691	0.00785	0.01062	0.00481	0.00493
23	0.00991	0.00742	0.00920	0.00875	0.01063	0.00670	0.00656	0.01299	0.01969	0.02705	0.55830	0.05775	0.20696	0.01564	0.00858	0.00232	0.00349	0.01363	0.00773	0.00670
24	0.67044	0.01406	0.01268	0.01078	0.01553	0.01568	0.03343	0.02321	0.01361	0.11666	0.01263	0.01373	0.00926	0.00701	0.00501	0.00226	0.00595	0.00454	0.00503	0.00851
25	0.02715	0.03464	0.02060	0.01873	0.02247	0.71536	0.01404	0.02903	0.02060	0.01779	0.01124	0.01311	0.00936	0.00749	0.00655	0.00187	0.01311	0.00468	0.00375	0.00843
26	0.03197	0.01340	0.01750	0.01342	0.01907	0.01221	0.01109	0.11757	0.02252	0.61965	0.02724	0.02381	0.01727	0.00896	0.00731	0.00224	0.00642	0.00721	0.00878	0.01237
27	0.00908	0.00642	0.00837	0.00984	0.01021	0.00605	0.00645	0.01018	0.01349	0.01798	0.03786	0.65088	0.04530	0.11549	0.01284	0.00348	0.00458	0.01937	0.00645	0.00571
28	0.00936	0.00739	0.00843	0.00817	0.01029	0.00646	0.00613	0.01192	0.01839	0.02396	0.35613	0.06284	0.41106	0.01680	0.00858	0.00238	0.00357	0.01434	0.00732	0.00646
29	0.01903	0.01609	0.01697	0.01499	0.01927	0.01853	0.01174	0.10221	0.62092	0.03195	0.02837	0.02615	0.02121	0.00975	0.00738	0.00244	0.00598	0.00805	0.00738	0.01159
30	0.01125	0.00803	0.01118	0.01285	0.01432	0.00796	0.01090	0.01425	0.01627	0.02123	0.03874	0.18944	0.04285	0.02052	0.00992	0.00328	0.00629	0.54743	0.00670	0.00656
31	0.01038	0.00779	0.01168	0.01168	0.01298	0.00909	0.00909	0.01298	0.01168	0.01687	0.01947	0.02856	0.01817	0.05452	0.71573	0.01168	0.01947	0.00779	0.00389	0.00649
32	0.02733	0.01986	0.02138	0.01650	0.02223	0.02193	0.01360	0.62226	0.06577	0.06711	0.01842	0.01817	0.01303	0.00879	0.00728	0.00220	0.00783	0.00665	0.00734	0.01232
33	0.01515	0.01428	0.02414	0.46322	0.27568	0.01627	0.02063	0.01975	0.01532	0.02049	0.01409	0.02112	0.01147	0.00745	0.00734	0.00236	0.00922	0.02934	0.00348	0.00923
34	0.04745	0.00908	0.01185	0.01080	0.01236	0.00938	0.03146	0.10059	0.01449	0.02120	0.01723	0.07688	0.01608	0.01853	0.01842	0.42776	0.00607	0.00751	0.13721	0.00565
35	0.52938	0.04292	0.08589	0.05785	0.06488	0.01621	0.01164	0.02101	0.01359	0.02926	0.03725	0.01517	0.01107	0.00712	0.00529	0.00222	0.00654	0.00486	0.02944	0.00841
36	0.06950	0.01586	0.01995	0.25772	0.06156	0.08205	0.04002	0.13538	0.01839	0.02465	0.01646	0.02498	0.01416	0.01281	0.05743	0.03044	0.03255	0.07293	0.00451	0.00865

[dist]
# distance from previous block
# <min> <max>
0	1

[block]
# block no. 3 follows, 28 sequences, length 31
# corresponding to MSA columns:
# 307-337
name=unknown_D
#
# <colnr> <probs for GDERKNQSTAVLIFYWHMCP>
#	G	D	E	R	K	N	Q	S	T	A	V	L	I	F	Y	W	H	M	C	P
0	0.00943	0.00693	0.00853	0.00957	0.01054	0.00645	0.00674	0.01089	0.01435	0.01851	0.04471	0.39770	0.18932	0.13447	0.01356	0.00353	0.00485	0.09773	0.00637	0.00582
1	0.03427	0.08556	0.10277	0.15363	0.02299	0.01316	0.01310	0.04986	0.01737	0.05832	0.16879	0.11389	0.09525	0.01210	0.00762	0.00236	0.00664	0.02851	0.00559	0.00822
2	0.07953	0.19786	0.43190	0.01738	0.02564	0.01952	0.02063	0.02195	0.01493	0.02235	0.03675	0.01565	0.01131	0.00735	0.00719	0.00217	0.04938	0.00525	0.00338	0.00988
3	0.10182	0.01252	0.01631	0.01263	0.01815	0.01119	0.01043	0.03415	0.02004	0.64334	0.02700	0.02357	0.01708	0.00879	0.00706	0.00225	0.00613	0.00700	0.00859	0.01196
4	0.05280	0.05587	0.19471	0.47806	0.04204	0.01697	0.02087	0.01999	0.01464	0.02031	0.01267	0.01761	0.00946	0.00710	0.00691	0.00234	0.00966	0.00593	0.00325	0.00880
5	0.01591	0.01522	0.02353	0.48429	0.20972	0.04557	0.02002	0.04094	0.03525	0.02102	0.01366	0.01894	0.01058	0.00720	0.00722	0.00233	0.00940	0.00644	0.00359	0.00918
6	0.01015	0.00737	0.00956	0.00912	0.01080	0.00678	0.00680	0.01341	0.02009	0.02825	0.63835	0.08873	0.09251	0.01539	0.00861	0.00233	0.00348	0.01360	0.00789	0.00678
7	0.01057	0.00705	0.00793	0.00793	0.00793	0.00705	0.00440	0.01057	0.01057	0.01409	0.02290	0.04757	0.02643	0.74454	0.03700	0.00705	0.00705	0.01057	0.00440	0.00440
8	0.01820	0.51917	0.05616	0.01438	0.05205	0.07023	0.01272	0.02078	0.01505	0.01807	0.01380	0.07379	0.01335	0.01025	0.04188	0.00227	0.00847	0.00579	0.02465	0.00893
9	0.04118	0.07105	0.60576	0.02060	0.03068	0.01755	0.06875	0.02292	0.01534	0.02306	0.01291	0.01533	0.00929	0.00681	0.00683	0.00227	0.01052	0.00546	0.00316	0.01051
10	0.01201	0.00898	0.01280	0.01539	0.06593	0.00891	0.01216	0.01535	0.01671	0.02179	0.03858	0.07654	0.07590	0.01897	0.00975	0.00321	0.00667	0.56687	0.00647	0.00702
11	0.01558	0.01250	0.01510	0.05545	0.01867	0.01052	0.00949	0.06457	0.01690	0.04612	0.06693	0.07631	0.01833	0.00794	0.00624	0.00151	0.00562	0.00665	0.00507	0.54051
12	0.01732	0.01783	0.07099	0.03613	0.08000	0.11563	0.01304	0.09319	0.08727	0.02469	0.07297	0.02946	0.07486	0.07037	0.01134	0.00270	0.08041	0.02328	0.06976	0.00877
13	0.01633	0.01557	0.02650	0.31117	0.44566	0.01683	0.02148	0.02085	0.01576	0.02173	0.01338	0.01853	0.01080	0.00679	0.00722	0.00226	0.00905	0.00647	0.00345	0.01017
14	0.01943	0.74891	0.03809	0.01244	0.01866	0.02876	0.01244	0.02177	0.01477	0.01710	0.01011	0.01166	0.00933	0.00622	0.00466	0.00155	0.00777	0.00389	0.00311	0.00933
15	0.01286	0.00954	0.01199	0.05081	0.01546	0.00978	0.00942	0.12650	0.01832	0.02427	0.06336	0.40694	0.07566	0.01850	0.00887	0.00280	0.00550	0.11543	0.00669	0.00732
16	0.01002	0.00742	0.00935	0.00887	0.01070	0.00675	0.00665	0.01320	0.01995	0.02766	0.59800	0.05675	0.16687	0.01542	0.00858	0.00231	0.00347	0.01349	0.00781	0.00675
17	0.02692	0.02001	0.02141	0.01658	0.02227	0.02221	0.01364	0.62737	0.08293	0.04466	0.01836	0.01818	0.01310	0.00881	0.00728	0.00220	0.00783	0.00667	0.00728	0.01230
18	0.01263	0.00631	0.00947	0.00947	0.00947	0.00631	0.00631	0.00947	0.00947	0.01263	0.01263	0.02210	0.01263	0.02525	0.02841	0.78851	0.00631	0.00631	0.00316	0.00316
19	0.02718	0.03386	0.02067	0.01862	0.02248	0.67745	0.01403	0.06437	0.02134	0.01932	0.01158	0.01335	0.00953	0.00756	0.00659	0.00189	0.01283	0.00478	0.00394	0.00864
20	0.03144	0.01426	0.01804	0.01383	0.01950	0.01349	0.01142	0.18654	0.02396	0.54865	0.02603	0.02302	0.01666	0.00893	0.00730	0.00223	0.00661	0.00713	0.00859	0.01237
21	0.00982	0.00740	0.00929	0.01044	0.01196	0.00688	0.00817	0.01202	0.01579	0.02007	0.05012	0.28719	0.25110	0.02041	0.00934	0.00294	0.00495	0.24910	0.00673	0.00627
22	0.00878	0.00661	0.00814	0.00937	0.01034	0.00597	0.00641	0.01021	0.01464	0.01885	0.04927	0.55619	0.22574	0.02158	0.00909	0.00282	0.00407	0.01921	0.00675	0.00597
23	0.02617	0.01919	0.02051	0.01595	0.02140	0.02124	0.01310	0.59608	0.06858	0.04372	0.01854	0.01863	0.01332	0.00877	0.00713	0.00216	0.00757	0.00665	0.05934	0.01194
24	0.79588	0.01406	0.01068	0.00956	0.01406	0.01631	0.00787	0.02137	0.01237	0.03261	0.01012	0.01181	0.00787	0.00675	0.00450	0.00225	0.00562	0.00394	0.00450	0.00787
25	0.01014	0.00756	0.01117	0.01144	0.01260	0.00859	0.00872	0.01253	0.01203	0.01714	0.02270	0.13993	0.02286	0.04955	0.60511	0.01032	0.01708	0.00980	0.00434	0.00640
26	0.07847	0.01658	0.01793	0.01439	0.01949	0.05117	0.01167	0.25361	0.12365	0.26512	0.05572	0.02260	0.01807	0.00910	0.00715	0.00224	0.00692	0.00711	0.00755	0.01147
27	0.01665	0.01859	0.03984	0.03004	0.07286	0.01749	0.59208	0.02235	0.01691	0.02299	0.01635	0.06774	0.01354	0.00726	0.00855	0.00247	0.01152	0.00927	0.00388	0.00964
28	0.07361	0.12677	0.52942	0.01914	0.04632	0.01811	0.02287	0.02245	0.01523	0.02316	0.03192	0.01579	0.01088	0.00702	0.00649	0.00220	0.00971	0.00532	0.00334	0.01025
29	0.70978	0.04339	0.01256	0.03953	0.01598	0.01698	0.00874	0.04079	0.01321	0.03181	0.01046	0.01228	0.00814	0.00681	0.00470	0.00223	0.00595	0.00412	0.00447	0.00807
30	0.13528	0.09919	0.08738	0.06324	0.02283	0.21431	0.01408	0.14717	0.07471	0.02681	0.01618	0.01744	0.03575	0.00800	0.00642	0.00210	0.00910	0.00570	0.00476	0.00955

[dist]
# distance from previous block
# <min> <max>
0	1

[block]
# block no. 4 follows, 28 sequences, length 98
# corresponding to MSA columns:
# 339-436
name=unknown_E
#
# <colnr> <probs for GDERKNQSTAVLIFYWHMCP>
#	G	D	E	R	K	N	Q	S	T	A	V	L	I	F	Y	W	H	M	C	P
0	0.01247	0.01022	0.01283	0.01235	0.01369	0.04674	0.00949	0.04031	0.01317	0.01839	0.01974	0.07053	0.01917	0.09598	0.46823	0.00879	0.07994	0.00841	0.03280	0.00677
1	0.64711	0.01528	0.01284	0.01095	0.01570	0.01751	0.00902	0.14794	0.01659	0.03517	0.01154	0.01290	0.00874	0.00713	0.00504	0.00224	0.00608	0.00444	0.00504	0.00874
2	0.03098	0.00916	0.04566	0.03139	0.03134	0.00794	0.00812	0.01344	0.01402	0.04726	0.08498	0.33018	0.03561	0.19432	0.01582	0.02528	0.00558	0.01388	0.04867	0.00637
3	0.01513	0.03390	0.57333	0.02330	0.06072	0.01714	0.12872	0.02303	0.01568	0.02309	0.01333	0.01613	0.00959	0.00676	0.00718	0.00232	0.01089	0.00592	0.00319	0.01063
4	0.03161	0.01260	0.01684	0.01306	0.01858	0.01120	0.01074	0.03565	0.06696	0.65748	0.02874	0.02491	0.01828	0.00906	0.00732	0.00226	0.00616	0.00737	0.00889	0.01231
5	0.01192	0.00891	0.00996	0.00926	0.01194	0.00836	0.00708	0.03385	0.09284	0.06018	0.24834	0.05679	0.38208	0.01566	0.00835	0.00239	0.00409	0.01324	0.00732	0.00744
6	0.01307	0.01247	0.06004	0.04108	0.01567	0.05841	0.00986	0.06866	0.05092	0.02206	0.05756	0.40469	0.05697	0.03593	0.00968	0.02590	0.00596	0.01455	0.02925	0.00727
7	0.17107	0.01051	0.01142	0.01059	0.01356	0.01080	0.00812	0.03908	0.10164	0.10429	0.18431	0.17357	0.10592	0.01368	0.00757	0.00244	0.00479	0.01153	0.00694	0.00817
8	0.01050	0.00702	0.00795	0.00802	0.00804	0.00700	0.00450	0.01055	0.01071	0.01428	0.02361	0.07623	0.02732	0.71465	0.03585	0.00688	0.00693	0.01099	0.00450	0.00447
9	0.01098	0.00904	0.01206	0.20387	0.02119	0.00939	0.00999	0.01460	0.03582	0.02217	0.18472	0.07526	0.28243	0.01385	0.00798	0.00238	0.00532	0.01187	0.06007	0.00701
10	0.01697	0.08798	0.43475	0.02170	0.04972	0.10293	0.10311	0.02338	0.01598	0.02170	0.01264	0.01543	0.00955	0.00711	0.00778	0.00225	0.04801	0.00565	0.00325	0.01012
11	0.01171	0.00837	0.01171	0.01339	0.01506	0.00837	0.01171	0.01506	0.01673	0.02175	0.03849	0.08199	0.04183	0.02008	0.01004	0.00335	0.00669	0.65027	0.00669	0.00669
12	0.01126	0.00773	0.01023	0.01066	0.01236	0.00727	0.00842	0.01414	0.01791	0.05168	0.29912	0.18165	0.10413	0.01791	0.00911	0.00275	0.00472	0.21483	0.00731	0.00681
13	0.03851	0.01451	0.02312	0.48311	0.19705	0.01688	0.01968	0.06199	0.03439	0.02224	0.01375	0.01892	0.01057	0.00723	0.00717	0.00234	0.00911	0.00644	0.00372	0.00923
14	0.01838	0.02780	0.33521	0.04436	0.05941	0.06170	0.20621	0.05789	0.01764	0.07978	0.01493	0.01752	0.01073	0.00698	0.00743	0.00230	0.01069	0.00653	0.00401	0.01050
15	0.62856	0.01431	0.01363	0.07087	0.06484	0.01674	0.01039	0.02096	0.01276	0.02989	0.01056	0.01311	0.00838	0.00715	0.00615	0.00232	0.05251	0.00447	0.00425	0.00815
16	0.01061	0.00777	0.01020	0.01073	0.01246	0.00736	0.00870	0.01372	0.01821	0.02446	0.31867	0.09612	0.13418	0.01779	0.00921	0.00277	0.00485	0.27827	0.00725	0.00666
17	0.03641	0.01908	0.11812	0.10922	0.35967	0.05168	0.03886	0.02136	0.03618	0.02255	0.01700	0.10518	0.01553	0.00875	0.00736	0.00231	0.00868	0.00800	0.00401	0.01004
18	0.00994	0.00751	0.00943	0.00994	0.01145	0.00660	0.00685	0.01150	0.01410	0.01923	0.03689	0.54290	0.08227	0.05682	0.01003	0.00282	0.00452	0.01713	0.00623	0.13384
19	0.01943	0.74891	0.03809	0.01244	0.01866	0.02876	0.01244	0.02177	0.01477	0.01710	0.01011	0.01166	0.00933	0.00622	0.00466	0.00155	0.00777	0.00389	0.00311	0.00933
20	0.01793	0.01927	0.02197	0.01902	0.01969	0.14686	0.01557	0.01957	0.01283	0.01755	0.00985	0.01540	0.00951	0.01178	0.02074	0.00295	0.60213	0.00606	0.00328	0.00804
21	0.01011	0.00742	0.00947	0.00896	0.01075	0.00678	0.00672	0.01337	0.02016	0.02816	0.63037	0.05593	0.13420	0.01523	0.00858	0.00230	0.00346	0.01338	0.00787	0.00678
22	0.02699	0.01998	0.02147	0.01642	0.02227	0.02188	0.01355	0.64114	0.03319	0.04467	0.01722	0.01733	0.01228	0.00855	0.00717	0.00212	0.00786	0.00643	0.00712	0.05236
23	0.01013	0.00692	0.00800	0.00834	0.00855	0.00677	0.00493	0.01047	0.01155	0.01527	0.02895	0.18741	0.06526	0.56253	0.02998	0.00599	0.00631	0.01284	0.00499	0.00479
24	0.01808	0.01561	0.01644	0.01479	0.01890	0.01808	0.01151	0.03863	0.68606	0.03041	0.02959	0.02712	0.02219	0.00986	0.00740	0.00247	0.00575	0.00822	0.00740	0.01151
25	0.19108	0.01847	0.01911	0.01494	0.02046	0.02040	0.01234	0.49183	0.02862	0.08869	0.01667	0.01676	0.01180	0.00832	0.00669	0.00220	0.00737	0.00604	0.00680	0.01141
26	0.02779	0.01130	0.01532	0.01211	0.01689	0.00986	0.00986	0.03073	0.02076	0.55829	0.17280	0.03113	0.02893	0.01026	0.00758	0.00226	0.00559	0.00857	0.00878	0.01118
27	0.01061	0.00756	0.00921	0.00880	0.01084	0.00674	0.00660	0.01341	0.01899	0.05359	0.44026	0.09326	0.26103	0.01613	0.00856	0.00237	0.00366	0.01398	0.00759	0.00681
28	0.02632	0.01971	0.02108	0.01646	0.02204	0.02193	0.01350	0.58762	0.12365	0.04370	0.01912	0.01878	0.01371	0.00888	0.00729	0.00222	0.00769	0.00677	0.00729	0.01224
29	0.02926	0.01290	0.01665	0.01315	0.01838	0.01200	0.01073	0.06179	0.11266	0.54914	0.06266	0.02628	0.02094	0.00941	0.00739	0.00228	0.00606	0.00770	0.00865	0.01197
30	0.01427	0.00747	0.00755	0.00729	0.00919	0.00759	0.00553	0.05080	0.01622	0.02806	0.02339	0.02660	0.01831	0.00848	0.00519	0.00172	0.00362	0.00676	0.74487	0.00706
31	0.66565	0.01325	0.01048	0.00939	0.01354	0.01518	0.00767	0.04020	0.01341	0.03225	0.01220	0.01408	0.00948	0.00704	0.00466	0.00217	0.00539	0.00440	0.11169	0.00786
32	0.01593	0.01601	0.02421	0.01980	0.02168	0.04843	0.14586	0.01866	0.01308	0.01927	0.01260	0.01854	0.01131	0.01498	0.08655	0.00371	0.43676	0.00690	0.05761	0.00812
33	0.04674	0.07957	0.45488	0.01915	0.02767	0.01642	0.07879	0.02252	0.01591	0.05815	0.03675	0.02304	0.01454	0.00833	0.00716	0.00235	0.00964	0.06437	0.00397	0.01005
34	0.01564	0.01503	0.02218	0.41378	0.19145	0.05807	0.01878	0.02127	0.06729	0.02111	0.03624	0.02366	0.01454	0.00821	0.00740	0.00238	0.00900	0.04094	0.00399	0.00904
35	0.02252	0.12544	0.04815	0.01587	0.01997	0.36225	0.01291	0.07930	0.03966	0.04010	0.01760	0.06742	0.03858	0.00918	0.00711	0.00203	0.03113	0.00659	0.04537	0.00881
36	0.00908	0.00635	0.00846	0.01001	0.01040	0.00597	0.00664	0.01011	0.01360	0.01814	0.03827	0.68310	0.04578	0.05157	0.01116	0.03505	0.00441	0.01968	0.00651	0.00573
37	0.01710	0.11054	0.35910	0.04909	0.17167	0.07993	0.06774	0.02313	0.01610	0.02192	0.01280	0.01573	0.00987	0.00675	0.00681	0.00216	0.01024	0.00564	0.00329	0.01039
38	0.00985	0.00714	0.00920	0.01034	0.01128	0.00678	0.00729	0.03517	0.01561	0.02079	0.09969	0.56600	0.08730	0.02110	0.00915	0.00286	0.00442	0.06284	0.00688	0.00629
39	0.56636	0.01355	0.01254	0.01057	0.01541	0.01462	0.00872	0.02559	0.01491	0.23457	0.01570	0.01570	0.01092	0.00742	0.00534	0.00225	0.00579	0.00495	0.00585	0.00922
40	0.01555	0.01478	0.02510	0.43529	0.32760	0.01663	0.02109	0.02017	0.01540	0.02079	0.01324	0.01879	0.01047	0.00693	0.00724	0.00231	0.00924	0.00647	0.00339	0.00955
41	0.01658	0.01869	0.04050	0.02921	0.03609	0.01752	0.62658	0.02237	0.01693	0.02296	0.01647	0.06958	0.01360	0.00728	0.00863	0.00249	0.01170	0.00942	0.00389	0.00953
