[name]
unknown

[dist]
# distance from previous block
# <min> <max>
0	30

[block]
# block no. 0 follows, 30 sequences, length 45
# corresponding to MSA columns:
# 30-74
name=unknown_A
#
# <colnr> <probs for GDERKNQSTAVLIFYWHMCP>
#	G	D	E	R	K	N	Q	S	T	A	V	L	I	F	Y	W	H	M	C	P
0	0.01124	0.00803	0.01124	0.01285	0.01446	0.00803	0.01124	0.01446	0.01606	0.02088	0.03695	0.07871	0.04016	0.01928	0.00964	0.00321	0.00643	0.66426	0.00643	0.00643
1	0.00997	0.00748	0.01121	0.01121	0.01246	0.00872	0.00872	0.01246	0.01121	0.01620	0.01869	0.02741	0.01745	0.05234	0.72710	0.01121	0.01869	0.00748	0.00374	0.00623
2	0.01527	0.01527	0.02137	0.01832	0.01832	0.02137	0.01527	0.01679	0.01069	0.01679	0.00916	0.01527	0.00916	0.01221	0.02290	0.00305	0.74198	0.00611	0.00305	0.00763
3	0.01447	0.01240	0.01447	0.01034	0.01654	0.00930	0.00827	0.01757	0.01447	0.02274	0.01240	0.01447	0.01034	0.00517	0.00517	0.00103	0.00517	0.00413	0.00413	0.79742
4	0.01846	0.01554	0.01640	0.01442	0.01857	0.01787	0.01131	0.11555	0.61835	0.03097	0.02700	0.02492	0.02016	0.00934	0.00709	0.00233	0.00578	0.00770	0.00709	0.01114
5	0.01318	0.01240	0.02093	0.73798	0.04806	0.01550	0.01938	0.01783	0.01395	0.01783	0.01240	0.01860	0.00930	0.00698	0.00698	0.00233	0.00930	0.00620	0.00310	0.00775
6	0.77215	0.01345	0.01043	0.00922	0.01362	0.01540	0.00759	0.02039	0.01198	0.03096	0.00983	0.01146	0.00767	0.00642	0.00435	0.00211	0.00539	0.00379	0.00431	0.03947
7	0.80405	0.01350	0.01026	0.00918	0.01350	0.01565	0.00756	0.02051	0.01188	0.03131	0.00972	0.01134	0.00756	0.00648	0.00432	0.00216	0.00540	0.00378	0.00432	0.00756
8	0.00988	0.00713	0.00933	0.00878	0.01043	0.00658	0.00658	0.01317	0.01975	0.02798	0.70754	0.05213	0.06584	0.01427	0.00823	0.00219	0.00329	0.01262	0.00768	0.00658
9	0.01318	0.01240	0.02093	0.73798	0.04806	0.01550	0.01938	0.01783	0.01395	0.01783	0.01240	0.01860	0.00930	0.00698	0.00698	0.00233	0.00930	0.00620	0.00310	0.00775
10	0.80405	0.01350	0.01026	0.00918	0.01350	0.01565	0.00756	0.02051	0.01188	0.03131	0.00972	0.01134	0.00756	0.00648	0.00432	0.00216	0.00540	0.00378	0.00432	0.00756
11	0.80405	0.01350	0.01026	0.00918	0.01350	0.01565	0.00756	0.02051	0.01188	0.03131	0.00972	0.01134	0.00756	0.00648	0.00432	0.00216	0.00540	0.00378	0.00432	0.00756
12	0.01318	0.01240	0.02093	0.73798	0.04806	0.01550	0.01938	0.01783	0.01395	0.01783	0.01240	0.01860	0.00930	0.00698	0.00698	0.00233	0.00930	0.00620	0.00310	0.00775
13	0.01866	0.75896	0.03657	0.01194	0.01791	0.02761	0.01194	0.02090	0.01418	0.01642	0.00970	0.01119	0.00896	0.00597	0.00448	0.00149	0.00746	0.00373	0.00299	0.00896
14	0.01647	0.01882	0.04118	0.02941	0.03647	0.01765	0.68588	0.02235	0.01647	0.02235	0.01412	0.01882	0.01059	0.00588	0.00824	0.00235	0.01176	0.00824	0.00353	0.00941
15	0.01015	0.00677	0.00761	0.00761	0.00761	0.00677	0.00423	0.01015	0.01015	0.01353	0.02199	0.04567	0.02537	0.75476	0.03552	0.00677	0.00677	0.01015	0.00423	0.00423
16	0.02464	0.01968	0.02025	0.01680	0.04468	0.07190	0.01319	0.50838	0.14263	0.03883	0.01814	0.01802	0.01321	0.00840	0.00695	0.00212	0.00770	0.00642	0.00663	0.01143
17	0.01212	0.00606	0.00909	0.00909	0.00909	0.00606	0.00606	0.00909	0.00909	0.01212	0.01212	0.02121	0.01212	0.02424	0.02727	0.79697	0.00606	0.00606	0.00303	0.00303
18	0.01811	0.67349	0.11720	0.01288	0.01936	0.02626	0.01358	0.02104	0.01424	0.01709	0.01004	0.01161	0.00894	0.00605	0.00473	0.00158	0.00780	0.00390	0.00298	0.00912
19	0.01787	0.63770	0.15097	0.01327	0.01997	0.02570	0.01426	0.02110	0.01427	0.01737	0.01017	0.01179	0.00894	0.00608	0.00484	0.00161	0.00794	0.00397	0.00298	0.00918
20	0.00988	0.00713	0.00933	0.00878	0.01043	0.00658	0.00658	0.01317	0.01975	0.02798	0.70754	0.05213	0.06584	0.01427	0.00823	0.00219	0.00329	0.01262	0.00768	0.00658
21	0.01727	0.01658	0.02832	0.04283	0.71123	0.01658	0.02142	0.02142	0.01589	0.02280	0.01313	0.01727	0.01105	0.00622	0.00691	0.00207	0.00829	0.00622	0.00345	0.01105
22	0.01620	0.00853	0.01135	0.00985	0.01261	0.00767	0.00767	0.01932	0.01982	0.23102	0.50689	0.04375	0.05151	0.01261	0.00787	0.00218	0.00407	0.01097	0.00796	0.00815
23	0.01866	0.75896	0.03657	0.01194	0.01791	0.02761	0.01194	0.02090	0.01418	0.01642	0.00970	0.01119	0.00896	0.00597	0.00448	0.00149	0.00746	0.00373	0.00299	0.00896
24	0.01727	0.01658	0.02832	0.04283	0.71123	0.01658	0.02142	0.02142	0.01589	0.02280	0.01313	0.01727	0.01105	0.00622	0.00691	0.00207	0.00829	0.00622	0.00345	0.01105
25	0.01436	0.01393	0.01963	0.01710	0.01731	0.01920	0.01414	0.01605	0.01078	0.01669	0.01080	0.01735	0.01058	0.01910	0.14382	0.00445	0.61779	0.00634	0.00317	0.00739
26	0.01318	0.01240	0.02093	0.73798	0.04806	0.01550	0.01938	0.01783	0.01395	0.01783	0.01240	0.01860	0.00930	0.00698	0.00698	0.00233	0.00930	0.00620	0.00310	0.00775
27	0.01400	0.03610	0.71860	0.01989	0.03020	0.01621	0.02578	0.02210	0.01473	0.02210	0.01252	0.01473	0.00884	0.00663	0.00663	0.00221	0.01031	0.00516	0.00295	0.01031
28	0.02607	0.03326	0.01978	0.01798	0.02157	0.72674	0.01348	0.02787	0.01978	0.01708	0.01079	0.01258	0.00899	0.00719	0.00629	0.00180	0.01258	0.00449	0.00360	0.00809
29	0.00998	0.00745	0.01106	0.01106	0.01225	0.00864	0.00853	0.01236	0.01117	0.01608	0.01883	0.02820	0.01779	0.08253	0.69738	0.01102	0.01818	0.00759	0.00376	0.00614
30	0.00842	0.00638	0.00778	0.00891	0.00991	0.00574	0.00612	0.00981	0.01413	0.01813	0.04827	0.54240	0.24763	0.02059	0.00871	0.00269	0.00389	0.01828	0.00648	0.00574
31	0.80405	0.01350	0.01026	0.00918	0.01350	0.01565	0.00756	0.02051	0.01188	0.03131	0.00972	0.01134	0.00756	0.00648	0.00432	0.00216	0.00540	0.00378	0.00432	0.00756
32	0.01527	0.01527	0.02137	0.01832	0.01832	0.02137	0.01527	0.01679	0.01069	0.01679	0.00916	0.01527	0.00916	0.01221	0.02290	0.00305	0.74198	0.00611	0.00305	0.00763
33	0.02653	0.01955	0.02094	0.01606	0.02164	0.02164	0.01326	0.68796	0.03281	0.04398	0.01675	0.01675	0.01187	0.00838	0.00698	0.00209	0.00768	0.00628	0.00698	0.01187
34	0.00842	0.00694	0.00740	0.00758	0.00960	0.00592	0.00557	0.01023	0.01587	0.01946	0.11849	0.16085	0.56362	0.01798	0.00834	0.00241	0.00359	0.01526	0.00658	0.00592
35	0.01727	0.01658	0.02832	0.04283	0.71123	0.01658	0.02142	0.02142	0.01589	0.02280	0.01313	0.01727	0.01105	0.00622	0.00691	0.00207	0.00829	0.00622	0.00345	0.01105
36	0.03131	0.01188	0.01619	0.01242	0.01781	0.01026	0.01026	0.03401	0.01997	0.71606	0.02753	0.02375	0.01727	0.00864	0.00702	0.00216	0.00594	0.00702	0.00864	0.01188
37	0.01564	0.01237	0.01459	0.01048	0.01663	0.00937	0.00841	0.01872	0.01485	0.07103	0.01346	0.01512	0.01082	0.00541	0.00530	0.00111	0.00522	0.00434	0.00445	0.74270
38	0.00981	0.00713	0.00923	0.00871	0.01038	0.00655	0.00653	0.01303	0.01959	0.02759	0.68017	0.05277	0.09346	0.01441	0.00823	0.00220	0.00330	0.01271	0.00763	0.00655
39	0.80405	0.01350	0.01026	0.00918	0.01350	0.01565	0.00756	0.02051	0.01188	0.03131	0.00972	0.01134	0.00756	0.00648	0.00432	0.00216	0.00540	0.00378	0.00432	0.00756
40	0.01318	0.01240	0.02093	0.73798	0.04806	0.01550	0.01938	0.01783	0.01395	0.01783	0.01240	0.01860	0.00930	0.00698	0.00698	0.00233	0.00930	0.00620	0.00310	0.00775
41	0.01212	0.00606	0.00909	0.00909	0.00909	0.00606	0.00606	0.00909	0.00909	0.01212	0.01212	0.02121	0.01212	0.02424	0.02727	0.79697	0.00606	0.00606	0.00303	0.00303
42	0.01647	0.01882	0.04118	0.02941	0.03647	0.01765	0.68588	0.02235	0.01647	0.02235	0.01412	0.01882	0.01059	0.00588	0.00824	0.00235	0.01176	0.00824	0.00353	0.00941
43	0.01727	0.01658	0.02832	0.04283	0.71123	0.01658	0.02142	0.02142	0.01589	0.02280	0.01313	0.01727	0.01105	0.00622	0.00691	0.00207	0.00829	0.00622	0.00345	0.01105
44	0.76673	0.01456	0.04372	0.00968	0.01428	0.01568	0.00842	0.02059	0.01201	0.03087	0.00985	0.01150	0.00762	0.00648	0.00443	0.00216	0.00563	0.00384	0.00425	0.00769

[dist]
# distance from previous block
# <min> <max>
0	17

[block]
# block no. 1 follows, 30 sequences, length 13
# corresponding to MSA columns:
# 92-104
name=unknown_B
#
# <colnr> <probs for GDERKNQSTAVLIFYWHMCP>
#	G	D	E	R	K	N	Q	S	T	A	V	L	I	F	Y	W	H	M	C	P
0	0.01727	0.01658	0.02832	0.04283	0.71123	0.01658	0.02142	0.02142	0.01589	0.02280	0.01313	0.01727	0.01105	0.00622	0.00691	0.00207	0.00829	0.00622	0.00345	0.01105
1	0.01866	0.75896	0.03657	0.01194	0.01791	0.02761	0.01194	0.02090	0.01418	0.01642	0.00970	0.01119	0.00896	0.00597	0.00448	0.00149	0.00746	0.00373	0.00299	0.00896
2	0.00850	0.00607	0.00810	0.00972	0.01012	0.00567	0.00648	0.00972	0.01336	0.01781	0.03846	0.75020	0.04615	0.02186	0.00891	0.00283	0.00405	0.01984	0.00648	0.00567
3	0.01537	0.01551	0.01935	0.01687	0.01724	0.07821	0.01370	0.01684	0.01143	0.01648	0.01107	0.01860	0.01115	0.08300	0.06565	0.00379	0.56880	0.00643	0.00325	0.00727
4	0.01212	0.00606	0.00909	0.00909	0.00909	0.00606	0.00606	0.00909	0.00909	0.01212	0.01212	0.02121	0.01212	0.02424	0.02727	0.79697	0.00606	0.00606	0.00303	0.00303
5	0.00997	0.00748	0.01121	0.01121	0.01246	0.00872	0.00872	0.01246	0.01121	0.01620	0.01869	0.02741	0.01745	0.05234	0.72710	0.01121	0.01869	0.00748	0.00374	0.00623
6	0.02551	0.01554	0.01717	0.01401	0.01887	0.05330	0.01127	0.16201	0.24536	0.32205	0.02482	0.02254	0.01710	0.00878	0.00700	0.00220	0.00650	0.00703	0.00754	0.01140
7	0.01363	0.01286	0.02174	0.66211	0.12044	0.01562	0.01960	0.01822	0.01416	0.01837	0.01248	0.01846	0.00949	0.00689	0.00697	0.00230	0.00919	0.00620	0.00314	0.00811
8	0.05956	0.65512	0.09615	0.01251	0.01878	0.02596	0.01295	0.02098	0.01411	0.01771	0.00995	0.01152	0.00887	0.00606	0.00466	0.00159	0.00761	0.00386	0.00305	0.00900
9	0.01806	0.01807	0.02756	0.04061	0.64958	0.08006	0.02071	0.02199	0.01624	0.02229	0.01292	0.01685	0.01087	0.00630	0.00685	0.00205	0.00867	0.00606	0.00347	0.01079
10	0.01914	0.02029	0.02597	0.06977	0.51854	0.18277	0.01946	0.02276	0.01671	0.02123	0.01254	0.01624	0.01049	0.00648	0.00677	0.00202	0.00934	0.00581	0.00347	0.01020
11	0.07100	0.01781	0.02107	0.01624	0.02170	0.01921	0.07183	0.45285	0.09101	0.11815	0.01845	0.01830	0.01301	0.00818	0.00695	0.00215	0.00750	0.00654	0.00672	0.01132
12	0.08688	0.01918	0.12827	0.02625	0.19457	0.03790	0.23761	0.03980	0.01568	0.02288	0.01492	0.05327	0.01278	0.00837	0.00832	0.04497	0.00921	0.02612	0.00380	0.00920

[dist]
# distance from previous block
# <min> <max>
2	4

[block]
# block no. 2 follows, 30 sequences, length 72
# corresponding to MSA columns:
# 109-180
name=unknown_C
#
# <colnr> <probs for GDERKNQSTAVLIFYWHMCP>
#	G	D	E	R	K	N	Q	S	T	A	V	L	I	F	Y	W	H	M	C	P
0	0.01600	0.34725	0.42502	0.01647	0.02491	0.02112	0.01982	0.02158	0.01449	0.01965	0.01131	0.01321	0.00889	0.00635	0.00570	0.00190	0.00909	0.00454	0.00296	0.00973
1	0.03131	0.01188	0.01619	0.01242	0.01781	0.01026	0.01026	0.03401	0.01997	0.71606	0.02753	0.02375	0.01727	0.00864	0.00702	0.00216	0.00594	0.00702	0.00864	0.01188
2	0.02175	0.00974	0.01330	0.01186	0.01533	0.00875	0.00961	0.02429	0.01781	0.40474	0.05354	0.17959	0.02951	0.01374	0.00800	0.00252	0.00559	0.15332	0.00770	0.00929
3	0.01714	0.01645	0.02826	0.10098	0.59246	0.01670	0.06180	0.04081	0.01626	0.02297	0.01323	0.01747	0.01090	0.00633	0.00700	0.00211	0.00857	0.00634	0.00353	0.01069
4	0.01502	0.08915	0.64039	0.01901	0.02880	0.01683	0.02415	0.02247	0.01489	0.04861	0.01289	0.01482	0.00918	0.00666	0.00648	0.00215	0.00993	0.00512	0.00317	0.01027
5	0.01400	0.03610	0.71860	0.01989	0.03020	0.01621	0.02578	0.02210	0.01473	0.02210	0.01252	0.01473	0.00884	0.00663	0.00663	0.00221	0.01031	0.00516	0.00295	0.01031
6	0.00833	0.00707	0.00718	0.00715	0.00947	0.00592	0.00536	0.01017	0.01609	0.01929	0.10106	0.06644	0.67775	0.01751	0.00825	0.00235	0.00352	0.01463	0.00654	0.00592
7	0.01564	0.01567	0.02888	0.28251	0.31443	0.01646	0.18321	0.02039	0.01535	0.02095	0.01312	0.01812	0.01033	0.00640	0.00726	0.00223	0.00949	0.00671	0.00335	0.00950
8	0.01320	0.01235	0.02075	0.65372	0.08999	0.01506	0.01884	0.01764	0.01405	0.01816	0.01382	0.05692	0.01135	0.00771	0.00707	0.00234	0.00896	0.00692	0.00330	0.00786
9	0.00863	0.00708	0.00759	0.00747	0.00966	0.00605	0.00560	0.01075	0.01680	0.02097	0.21852	0.06367	0.55925	0.01688	0.00824	0.00232	0.00348	0.01424	0.00676	0.00605
10	0.01727	0.01658	0.02832	0.04283	0.71123	0.01658	0.02142	0.02142	0.01589	0.02280	0.01313	0.01727	0.01105	0.00622	0.00691	0.00207	0.00829	0.00622	0.00345	0.01105
11	0.01415	0.06042	0.69565	0.01962	0.02979	0.01659	0.02532	0.02206	0.01471	0.02191	0.01243	0.01461	0.00884	0.00661	0.00656	0.00219	0.01022	0.00511	0.00295	0.01027
12	0.01488	0.02992	0.47654	0.02329	0.03244	0.01672	0.26165	0.02219	0.01535	0.02219	0.01309	0.01619	0.00946	0.00636	0.00720	0.00226	0.01083	0.00626	0.00315	0.00999
13	0.01400	0.03610	0.71860	0.01989	0.03020	0.01621	0.02578	0.02210	0.01473	0.02210	0.01252	0.01473	0.00884	0.00663	0.00663	0.00221	0.01031	0.00516	0.00295	0.01031
14	0.01415	0.06059	0.69549	0.01962	0.02979	0.01659	0.02531	0.02206	0.01471	0.02191	0.01243	0.01461	0.00884	0.00661	0.00656	0.00219	0.01022	0.00511	0.00295	0.01027
15	0.01647	0.01882	0.04118	0.02941	0.03647	0.01765	0.68588	0.02235	0.01647	0.02235	0.01412	0.01882	0.01059	0.00588	0.00824	0.00235	0.01176	0.00824	0.00353	0.00941
16	0.03086	0.01260	0.01664	0.01276	0.01817	0.01133	0.01054	0.09572	0.02118	0.65264	0.02651	0.02309	0.01676	0.00861	0.00701	0.00215	0.00610	0.00695	0.00848	0.01188
17	0.01124	0.00803	0.01124	0.01285	0.01446	0.00803	0.01124	0.01446	0.01606	0.02088	0.03695	0.07871	0.04016	0.01928	0.00964	0.00321	0.00643	0.66426	0.00643	0.00643
18	0.01318	0.01240	0.02093	0.73798	0.04806	0.01550	0.01938	0.01783	0.01395	0.01783	0.01240	0.01860	0.00930	0.00698	0.00698	0.00233	0.00930	0.00620	0.00310	0.00775
19	0.01400	0.03610	0.71860	0.01989	0.03020	0.01621	0.02578	0.02210	0.01473	0.02210	0.01252	0.01473	0.00884	0.00663	0.00663	0.00221	0.01031	0.00516	0.00295	0.01031
20	0.03131	0.01188	0.01619	0.01242	0.01781	0.01026	0.01026	0.03401	0.01997	0.71606	0.02753	0.02375	0.01727	0.00864	0.00702	0.00216	0.00594	0.00702	0.00864	0.01188
21	0.00850	0.00607	0.00810	0.00972	0.01012	0.00567	0.00648	0.00972	0.01336	0.01781	0.03846	0.75020	0.04615	0.02186	0.00891	0.00283	0.00405	0.01984	0.00648	0.00567
22	0.80405	0.01350	0.01026	0.00918	0.01350	0.01565	0.00756	0.02051	0.01188	0.03131	0.00972	0.01134	0.00756	0.00648	0.00432	0.00216	0.00540	0.00378	0.00432	0.00756
23	0.00850	0.00607	0.00810	0.00972	0.01012	0.00567	0.00648	0.00972	0.01336	0.01781	0.03846	0.75020	0.04615	0.02186	0.00891	0.00283	0.00405	0.01984	0.00648	0.00567
24	0.03131	0.01188	0.01619	0.01242	0.01781	0.01026	0.01026	0.03401	0.01997	0.71606	0.02753	0.02375	0.01727	0.00864	0.00702	0.00216	0.00594	0.00702	0.00864	0.01188
25	0.01447	0.01240	0.01447	0.01034	0.01654	0.00930	0.00827	0.01757	0.01447	0.02274	0.01240	0.01447	0.01034	0.00517	0.00517	0.00103	0.00517	0.00413	0.00413	0.79742
26	0.01727	0.01658	0.02832	0.04283	0.71123	0.01658	0.02142	0.02142	0.01589	0.02280	0.01313	0.01727	0.01105	0.00622	0.00691	0.00207	0.00829	0.00622	0.00345	0.01105
27	0.01577	0.01369	0.02025	0.53234	0.03987	0.01657	0.01734	0.13516	0.05310	0.02318	0.01421	0.01879	0.01062	0.00754	0.00738	0.00229	0.02986	0.00631	0.02712	0.00860
28	0.02846	0.01556	0.01837	0.01418	0.01960	0.01584	0.01168	0.33627	0.05704	0.37404	0.02259	0.02062	0.01496	0.00855	0.00700	0.00214	0.00672	0.00672	0.00780	0.01183
29	0.06380	0.02010	0.01823	0.01521	0.01986	0.15550	0.01207	0.28913	0.23741	0.03246	0.01868	0.01847	0.01398	0.00824	0.00666	0.00208	0.00771	0.00621	0.00609	0.04812
30	0.01424	0.01370	0.02346	0.53450	0.12774	0.01607	0.07945	0.01954	0.04575	0.01935	0.01330	0.01871	0.01018	0.00704	0.00751	0.00232	0.02884	0.00646	0.00337	0.00846
31	0.04443	0.01445	0.01566	0.01164	0.01752	0.04437	0.00936	0.12092	0.01775	0.06838	0.01382	0.01519	0.01084	0.00600	0.00558	0.00134	0.00594	0.00464	0.00482	0.56735
32	0.01641	0.01864	0.04014	0.02883	0.03552	0.01784	0.65068	0.02206	0.01617	0.02206	0.01386	0.01864	0.01051	0.00621	0.00901	0.00239	0.05010	0.00812	0.00350	0.00932
33	0.77847	0.01354	0.01044	0.00934	0.01365	0.01571	0.00767	0.02105	0.03421	0.03124	0.01032	0.01181	0.00800	0.00657	0.00441	0.00217	0.00540	0.00391	0.00441	0.00767
34	0.02451	0.02932	0.01910	0.01721	0.02096	0.56586	0.01303	0.05982	0.14337	0.02051	0.01425	0.01521	0.01135	0.00766	0.00647	0.00191	0.01108	0.00519	0.00439	0.00880
35	0.01318	0.01240	0.02093	0.73798	0.04806	0.01550	0.01938	0.01783	0.01395	0.01783	0.01240	0.01860	0.00930	0.00698	0.00698	0.00233	0.00930	0.00620	0.00310	0.00775
36	0.00850	0.00607	0.00810	0.00972	0.01012	0.00567	0.00648	0.00972	0.01336	0.01781	0.03846	0.75020	0.04615	0.02186	0.00891	0.00283	0.00405	0.01984	0.00648	0.00567
37	0.01866	0.75896	0.03657	0.01194	0.01791	0.02761	0.01194	0.02090	0.01418	0.01642	0.00970	0.01119	0.00896	0.00597	0.00448	0.00149	0.00746	0.00373	0.00299	0.00896
38	0.01727	0.01658	0.02832	0.04283	0.71123	0.01658	0.02142	0.02142	0.01589	0.02280	0.01313	0.01727	0.01105	0.00622	0.00691	0.00207	0.00829	0.00622	0.00345	0.01105
39	0.01548	0.01588	0.02481	0.02025	0.02147	0.02073	0.13175	0.01776	0.01169	0.01776	0.01002	0.01588	0.00941	0.01111	0.02035	0.00293	0.61515	0.00648	0.00314	0.00794
40	0.01419	0.06603	0.69036	0.01956	0.02969	0.01668	0.02521	0.02205	0.01471	0.02186	0.01241	0.01459	0.00884	0.00660	0.00654	0.00218	0.01020	0.00510	0.00295	0.01026
41	0.00977	0.00664	0.00788	0.00825	0.00839	0.00661	0.00494	0.01015	0.01092	0.01462	0.02556	0.20394	0.02971	0.55786	0.06043	0.00608	0.00669	0.01222	0.00471	0.00464
42	0.02454	0.01788	0.02078	0.01718	0.05293	0.01945	0.04083	0.45628	0.14581	0.10170	0.01950	0.01912	0.01392	0.00839	0.00705	0.00216	0.00734	0.00671	0.00685	0.01159
43	0.01400	0.03610	0.71860	0.01989	0.03020	0.01621	0.02578	0.02210	0.01473	0.02210	0.01252	0.01473	0.00884	0.00663	0.00663	0.00221	0.01031	0.00516	0.00295	0.01031
44	0.00850	0.00607	0.00810	0.00972	0.01012	0.00567	0.00648	0.00972	0.01336	0.01781	0.03846	0.75020	0.04615	0.02186	0.00891	0.00283	0.00405	0.01984	0.00648	0.00567
45	0.00975	0.00713	0.00915	0.00865	0.01035	0.00653	0.00649	0.01292	0.01946	0.02728	0.65832	0.05329	0.11551	0.01453	0.00823	0.00221	0.00331	0.01278	0.00759	0.00653
46	0.01713	0.01643	0.02807	0.06708	0.68810	0.01654	0.02135	0.02129	0.01582	0.02262	0.01310	0.01732	0.01099	0.00624	0.00691	0.00208	0.00833	0.00622	0.00344	0.01094
47	0.01324	0.01240	0.02064	0.70539	0.04665	0.01523	0.01888	0.01782	0.01398	0.01805	0.01240	0.01842	0.00935	0.00690	0.00690	0.00227	0.00912	0.00611	0.00315	0.04312
48	0.73642	0.01343	0.01053	0.00934	0.01359	0.01549	0.00767	0.04796	0.01287	0.03160	0.01059	0.01222	0.00820	0.00663	0.00445	0.00213	0.00540	0.00400	0.03978	0.00769
49	0.02653	0.01955	0.02094	0.01606	0.02164	0.02164	0.01326	0.68796	0.03281	0.04398	0.01675	0.01675	0.01187	0.00838	0.00698	0.00209	0.00768	0.00628	0.00698	0.01187
50	0.01736	0.01499	0.01578	0.01420	0.01815	0.01736	0.01105	0.03708	0.69862	0.02919	0.02840	0.02604	0.02130	0.00947	0.00710	0.00237	0.00552	0.00789	0.00710	0.01105
51	0.03131	0.01188	0.01619	0.01242	0.01781	0.01026	0.01026	0.03401	0.01997	0.71606	0.02753	0.02375	0.01727	0.00864	0.00702	0.00216	0.00594	0.00702	0.00864	0.01188
52	0.01400	0.03610	0.71860	0.01989	0.03020	0.01621	0.02578	0.02210	0.01473	0.02210	0.01252	0.01473	0.00884	0.00663	0.00663	0.00221	0.01031	0.00516	0.00295	0.01031
53	0.01866	0.75896	0.03657	0.01194	0.01791	0.02761	0.01194	0.02090	0.01418	0.01642	0.00970	0.01119	0.00896	0.00597	0.00448	0.00149	0.00746	0.00373	0.00299	0.00896
54	0.00879	0.00628	0.00841	0.00992	0.01048	0.00590	0.00687	0.01026	0.01388	0.01855	0.07025	0.66304	0.04661	0.02129	0.00893	0.00283	0.00420	0.07119	0.00653	0.00577
55	0.76257	0.01468	0.04744	0.00974	0.01437	0.01568	0.00851	0.02060	0.01203	0.03083	0.00986	0.01151	0.00762	0.00649	0.00444	0.00216	0.00566	0.00385	0.00425	0.00770
56	0.08582	0.01698	0.16034	0.01371	0.02004	0.01189	0.01325	0.03054	0.01829	0.52174	0.02310	0.02096	0.01481	0.00806	0.00673	0.00217	0.00680	0.00639	0.00714	0.01123
57	0.80405	0.01350	0.01026	0.00918	0.01350	0.01565	0.00756	0.02051	0.01188	0.03131	0.00972	0.01134	0.00756	0.00648	0.00432	0.00216	0.00540	0.00378	0.00432	0.00756
58	0.01675	0.01765	0.02148	0.01937	0.04972	0.11214	0.01531	0.01843	0.01209	0.01710	0.00955	0.01501	0.00922	0.01130	0.02004	0.00285	0.61510	0.00590	0.00314	0.00785
59	0.03017	0.01371	0.01733	0.01329	0.01873	0.01298	0.01098	0.19041	0.02304	0.55532	0.02495	0.02208	0.01598	0.00857	0.00701	0.00214	0.00635	0.00684	0.00824	0.01187
60	0.01500	0.19158	0.57190	0.01818	0.02756	0.01866	0.02281	0.02184	0.01461	0.02088	0.01192	0.01397	0.00886	0.00649	0.00617	0.00206	0.00970	0.00485	0.00295	0.01002
61	0.03131	0.01188	0.01619	0.01242	0.01781	0.01026	0.01026	0.03401	0.01997	0.71606	0.02753	0.02375	0.01727	0.00864	0.00702	0.00216	0.00594	0.00702	0.00864	0.01188
62	0.02689	0.01090	0.01478	0.01167	0.01629	0.00950	0.00950	0.02971	0.01993	0.57413	0.16780	0.02960	0.02729	0.00980	0.00727	0.00217	0.00539	0.00817	0.00844	0.01078
63	0.01361	0.01193	0.02045	0.39026	0.06021	0.01398	0.08553	0.01619	0.01279	0.01699	0.01224	0.01891	0.01019	0.01158	0.01359	0.19879	0.07637	0.00637	0.00314	0.00688
64	0.00981	0.00708	0.00927	0.00882	0.01041	0.00654	0.00658	0.01300	0.01945	0.02750	0.67564	0.08542	0.06490	0.01463	0.00826	0.00223	0.00333	0.01296	0.00762	0.00654
65	0.01644	0.19429	0.03101	0.02015	0.02372	0.02174	0.21762	0.01946	0.01327	0.01839	0.01079	0.01537	0.00954	0.00880	0.01405	0.00247	0.34504	0.00618	0.00318	0.00849
66	0.80405	0.01350	0.01026	0.00918	0.01350	0.01565	0.00756	0.02051	0.01188	0.03131	0.00972	0.01134	0.00756	0.00648	0.00432	0.00216	0.00540	0.00378	0.00432	0.00756
67	0.00866	0.00624	0.00802	0.00932	0.00988	0.00580	0.00622	0.00989	0.01353	0.01792	0.06300	0.61890	0.09608	0.07798	0.01089	0.00308	0.00419	0.01844	0.00635	0.00561
68	0.80405	0.01350	0.01026	0.00918	0.01350	0.01565	0.00756	0.02051	0.01188	0.03131	0.00972	0.01134	0.00756	0.00648	0.00432	0.00216	0.00540	0.00378	0.00432	0.00756
69	0.01012	0.00689	0.00824	0.00824	0.00845	0.00711	0.00501	0.01055	0.01033	0.01399	0.02141	0.04250	0.02399	0.63275	0.15564	0.00754	0.00884	0.00968	0.00414	0.00458
70	0.02740	0.01592	0.01846	0.01434	0.01958	0.01647	0.01176	0.40341	0.02690	0.29845	0.02200	0.05792	0.01573	0.00918	0.00710	0.00216	0.00683	0.00727	0.00758	0.01155
71	0.05019	0.01407	0.02332	0.43604	0.30342	0.01593	0.01964	0.01934	0.01461	0.02036	0.01256	0.01776	0.00990	0.00666	0.00683	0.00222	0.00874	0.00610	0.00329	0.00902

[dist]
# distance from previous block
# <min> <max>
0	6

[block]
# block no. 3 follows, 30 sequences, length 16
# corresponding to MSA columns:
# 187-202
name=unknown_D
#
# <colnr> <probs for GDERKNQSTAVLIFYWHMCP>
#	G	D	E	R	K	N	Q	S	T	A	V	L	I	F	Y	W	H	M	C	P
0	0.09923	0.01390	0.09348	0.01253	0.01725	0.01120	0.01105	0.02670	0.08115	0.36200	0.04281	0.15439	0.02218	0.01082	0.00709	0.00231	0.00593	0.00904	0.00701	0.00994
1	0.01432	0.01192	0.01396	0.01044	0.01586	0.00948	0.00826	0.05105	0.01587	0.02408	0.08224	0.05721	0.01776	0.00711	0.00576	0.00130	0.00505	0.00591	0.00475	0.63767
2	0.01395	0.01288	0.02151	0.52109	0.19364	0.01500	0.01870	0.01837	0.01466	0.01971	0.04270	0.02004	0.01246	0.00716	0.00693	0.00223	0.00857	0.00649	0.03551	0.00839
3	0.01672	0.01341	0.01483	0.01112	0.01667	0.04630	0.00886	0.06341	0.01685	0.07686	0.07706	0.01866	0.01595	0.00657	0.00576	0.00133	0.00560	0.00529	0.00496	0.57378
4	0.12967	0.00735	0.00939	0.00949	0.01030	0.00764	0.00678	0.01132	0.01042	0.01615	0.01577	0.07334	0.01625	0.02099	0.02103	0.55371	0.00586	0.06658	0.00376	0.00419
5	0.01481	0.16221	0.59961	0.01850	0.02806	0.01820	0.02337	0.02189	0.01464	0.02111	0.01203	0.01412	0.00886	0.00651	0.00625	0.00208	0.00982	0.00491	0.00295	0.01008
6	0.01819	0.23620	0.36109	0.01725	0.02507	0.08870	0.05142	0.02342	0.01563	0.08322	0.01300	0.01455	0.00974	0.00665	0.00610	0.00197	0.00941	0.00501	0.00357	0.00981
7	0.01937	0.01518	0.01686	0.01271	0.01826	0.01458	0.01024	0.29722	0.04448	0.03134	0.01523	0.01738	0.01210	0.04463	0.00753	0.00181	0.00631	0.00546	0.00542	0.40389
8	0.16383	0.01728	0.01810	0.05145	0.02090	0.01948	0.01215	0.41688	0.14767	0.03771	0.01736	0.01754	0.01266	0.00816	0.00652	0.00217	0.00697	0.00612	0.00633	0.01073
9	0.02244	0.01707	0.01837	0.01496	0.01963	0.01899	0.01204	0.45661	0.19945	0.03767	0.02183	0.09110	0.01762	0.00998	0.00720	0.00224	0.00678	0.00802	0.00696	0.01105
10	0.01208	0.00919	0.01117	0.01047	0.01295	0.00842	0.00767	0.08874	0.01656	0.02310	0.10781	0.41574	0.03628	0.01559	0.00775	0.00226	0.00463	0.01383	0.00613	0.18963
11	0.03551	0.01533	0.02431	0.02263	0.15663	0.01493	0.18471	0.09868	0.08479	0.08047	0.01856	0.08519	0.01554	0.00817	0.00715	0.00210	0.00774	0.00785	0.00504	0.12465
12	0.04128	0.01319	0.01539	0.01201	0.01705	0.01221	0.00962	0.18243	0.01957	0.14653	0.01916	0.10030	0.01613	0.01010	0.03128	0.00207	0.00626	0.00704	0.00586	0.33254
13	0.13141	0.01635	0.01545	0.01306	0.01699	0.08758	0.01017	0.22357	0.16874	0.03023	0.05443	0.02317	0.01757	0.10776	0.01033	0.00270	0.00690	0.00683	0.00581	0.05096
14	0.01550	0.01254	0.01897	0.01476	0.01919	0.01168	0.14263	0.02045	0.07849	0.09170	0.15740	0.07374	0.02557	0.00939	0.00801	0.00200	0.04822	0.00844	0.00554	0.23578
15	0.01920	0.06533	0.08172	0.08550	0.23300	0.13412	0.01668	0.11208	0.08029	0.02439	0.01424	0.01654	0.01123	0.00696	0.00653	0.00197	0.00863	0.00569	0.00423	0.07167

[dist]
# distance from previous block
# <min> <max>
10	23

[block]
# block no. 4 follows, 30 sequences, length 27
# corresponding to MSA columns:
# 226-252
name=unknown_E
#
# <colnr> <probs for GDERKNQSTAVLIFYWHMCP>
#	G	D	E	R	K	N	Q	S	T	A	V	L	I	F	Y	W	H	M	C	P
0	0.07865	0.15938	0.31664	0.02089	0.14554	0.01856	0.01901	0.03788	0.09729	0.02325	0.01390	0.01567	0.01072	0.00680	0.00617	0.00207	0.00841	0.00533	0.00374	0.01010
1	0.16470	0.10978	0.36904	0.01807	0.07644	0.01733	0.01873	0.02080	0.01417	0.02316	0.04507	0.01573	0.01156	0.00726	0.00720	0.00217	0.06074	0.00524	0.00349	0.00932
2	0.01455	0.13851	0.40744	0.01640	0.02451	0.01597	0.04193	0.02040	0.01506	0.02183	0.06715	0.01725	0.01370	0.00684	0.00622	0.00189	0.00844	0.00545	0.00356	0.15289
3	0.02099	0.11604	0.02049	0.01565	0.06548	0.01766	0.01208	0.31960	0.02365	0.09024	0.09414	0.08506	0.02156	0.01021	0.00756	0.00216	0.03099	0.03024	0.00622	0.00999
4	0.01735	0.32113	0.36383	0.01627	0.02429	0.02139	0.01878	0.10174	0.01669	0.02248	0.01191	0.01357	0.00925	0.00658	0.00582	0.00191	0.00886	0.00473	0.00345	0.00996
5	0.07911	0.40544	0.13524	0.01282	0.01855	0.02083	0.01299	0.02161	0.07039	0.03774	0.08250	0.01797	0.01605	0.00898	0.03166	0.00217	0.00754	0.00540	0.00406	0.00896
6	0.01456	0.12308	0.63653	0.01893	0.02872	0.01758	0.02412	0.02195	0.01467	0.02142	0.01218	0.01431	0.00885	0.00655	0.00637	0.00212	0.00997	0.00499	0.00295	0.01015
7	0.02056	0.01906	0.10531	0.22389	0.10419	0.03942	0.01717	0.27922	0.02215	0.07876	0.01521	0.01746	0.01099	0.00752	0.00691	0.00217	0.00855	0.00611	0.00503	0.01031
8	0.05032	0.17737	0.02377	0.01679	0.06929	0.11009	0.01312	0.34271	0.02405	0.06228	0.01455	0.01554	0.01110	0.00885	0.02826	0.00221	0.00847	0.00550	0.00534	0.01040
9	0.01557	0.01667	0.02991	0.36149	0.06209	0.06199	0.30939	0.02055	0.01548	0.01991	0.01307	0.01827	0.00990	0.00649	0.00748	0.00230	0.01055	0.00698	0.00333	0.00860
10	0.01693	0.01767	0.06029	0.13725	0.55597	0.04748	0.02100	0.02123	0.01573	0.02182	0.01289	0.01713	0.01061	0.00639	0.00688	0.00210	0.00872	0.00609	0.00339	0.01043
11	0.01655	0.01585	0.02703	0.16460	0.59506	0.01639	0.02106	0.02079	0.01555	0.02193	0.01300	0.01750	0.01075	0.00635	0.00692	0.00212	0.00847	0.00621	0.00339	0.01048
12	0.01452	0.14849	0.02440	0.54747	0.09840	0.01780	0.01820	0.01869	0.01416	0.01799	0.01197	0.01715	0.00939	0.00673	0.00652	0.00215	0.00888	0.00575	0.00311	0.00825
13	0.05238	0.01402	0.02319	0.44328	0.29444	0.01591	0.01958	0.01930	0.01458	0.02033	0.01255	0.01776	0.00987	0.00667	0.00682	0.00222	0.00874	0.00609	0.00329	0.00898
14	0.01389	0.01294	0.01994	0.42857	0.03451	0.01684	0.01679	0.01734	0.01287	0.01812	0.01209	0.01803	0.00993	0.00890	0.01238	0.00252	0.26488	0.00619	0.06566	0.00761
15	0.01433	0.08765	0.66996	0.01932	0.02933	0.01702	0.02480	0.02201	0.01469	0.02169	0.01232	0.01448	0.00885	0.00658	0.00648	0.00216	0.01011	0.00505	0.00295	0.01022
16	0.01400	0.03610	0.71860	0.01989	0.03020	0.01621	0.02578	0.02210	0.01473	0.02210	0.01252	0.01473	0.00884	0.00663	0.00663	0.00221	0.01031	0.00516	0.00295	0.01031
17	0.01532	0.01459	0.02480	0.37374	0.39555	0.01607	0.02045	0.01971	0.01497	0.02043	0.01278	0.01791	0.01022	0.00658	0.00694	0.00219	0.00877	0.00621	0.00329	0.00948
18	0.01603	0.01531	0.02608	0.25412	0.50966	0.01625	0.02080	0.02033	0.01530	0.02129	0.01291	0.01768	0.01052	0.00645	0.00693	0.00215	0.00860	0.00621	0.00335	0.01005
19	0.01409	0.01587	0.09185	0.23998	0.05250	0.01482	0.13203	0.01833	0.01416	0.01995	0.01438	0.07496	0.01262	0.00825	0.00902	0.00221	0.10243	0.00714	0.00362	0.15179
20	0.01839	0.13812	0.41918	0.06303	0.02681	0.01659	0.01993	0.02422	0.01573	0.17127	0.01534	0.01640	0.01071	0.00699	0.00641	0.00210	0.00887	0.00541	0.00419	0.01028
21	0.01714	0.01650	0.02788	0.04126	0.66688	0.01689	0.02102	0.02112	0.01556	0.02241	0.01287	0.01714	0.01093	0.00660	0.00793	0.00214	0.05525	0.00621	0.00343	0.01083
22	0.01527	0.11006	0.12293	0.18854	0.02711	0.03687	0.01729	0.01857	0.01269	0.01776	0.01052	0.01541	0.00912	0.00928	0.01411	0.00254	0.35500	0.00566	0.00305	0.00822
23	0.01485	0.12733	0.57641	0.02069	0.08254	0.01770	0.02366	0.02189	0.01475	0.02143	0.01221	0.01448	0.00903	0.00651	0.00638	0.00211	0.00979	0.00506	0.00299	0.01020
24	0.01509	0.01702	0.10547	0.34506	0.34105	0.01606	0.02103	0.01992	0.01491	0.02054	0.01274	0.01756	0.01003	0.00660	0.00691	0.00220	0.00897	0.00609	0.00324	0.00952
25	0.01393	0.01747	0.14820	0.43164	0.06878	0.01686	0.01981	0.01856	0.01353	0.01862	0.01181	0.01717	0.00927	0.00793	0.01011	0.00244	0.15646	0.00599	0.00308	0.00834
26	0.01466	0.07781	0.59671	0.02208	0.10876	0.01694	0.02443	0.02195	0.01483	0.02184	0.01242	0.01481	0.00910	0.00654	0.00653	0.00215	0.00990	0.00519	0.00301	0.01032

[dist]
# distance from previous block
# <min> <max>
3	37

[block]
# block no. 5 follows, 30 sequences, length 12
# corresponding to MSA columns:
# 290-301
name=unknown_F
#
# <colnr> <probs for GDERKNQSTAVLIFYWHMCP>
#	G	D	E	R	K	N	Q	S	T	A	V	L	I	F	Y	W	H	M	C	P
0	0.08537	0.01727	0.02068	0.01827	0.08887	0.01867	0.05123	0.36279	0.13812	0.09952	0.01863	0.01869	0.01344	0.00808	0.00686	0.00216	0.00727	0.00653	0.00640	0.01117
1	0.09174	0.07171	0.02090	0.49282	0.03732	0.01706	0.01678	0.01805	0.01326	0.01886	0.01167	0.01711	0.00931	0.00882	0.02886	0.00259	0.10635	0.00579	0.00322	0.00777
2	0.01831	0.57271	0.10107	0.01358	0.01937	0.02554	0.01370	0.05855	0.01495	0.01858	0.01033	0.01226	0.00913	0.00679	0.00665	0.00175	0.08014	0.00425	0.00322	0.00912
3	0.02459	0.09798	0.02181	0.01515	0.02046	0.02143	0.01262	0.56193	0.05285	0.03908	0.01665	0.01785	0.01252	0.04339	0.00806	0.00226	0.00754	0.00625	0.00643	0.01117
4	0.01863	0.49196	0.11490	0.01364	0.01957	0.06823	0.01359	0.08655	0.01620	0.01985	0.01153	0.01356	0.00991	0.01009	0.06319	0.00244	0.00906	0.00451	0.00347	0.00913
5	0.01774	0.64089	0.11875	0.01288	0.01919	0.02547	0.01350	0.02071	0.01413	0.01710	0.01040	0.01227	0.00928	0.00789	0.03348	0.00197	0.00826	0.00405	0.00301	0.00901
6	0.01488	0.07491	0.09307	0.40827	0.23625	0.01684	0.02001	0.01953	0.01461	0.01958	0.01241	0.01725	0.00974	0.00664	0.00673	0.00218	0.00896	0.00591	0.00318	0.00906
7	0.01481	0.01407	0.02387	0.46118	0.31213	0.01593	0.02019	0.01926	0.01472	0.01981	0.01269	0.01807	0.01000	0.00667	0.00695	0.00222	0.00890	0.00621	0.00324	0.00907
8	0.01672	0.01577	0.02598	0.17990	0.49483	0.01695	0.02018	0.05046	0.01588	0.02231	0.01285	0.01737	0.01060	0.00691	0.00812	0.00220	0.06309	0.00621	0.00351	0.01017
9	0.03784	0.01479	0.02134	0.06973	0.02100	0.01946	0.05018	0.01719	0.01152	0.01794	0.01015	0.01588	0.00951	0.01205	0.03974	0.00305	0.56182	0.00607	0.00321	0.05753
10	0.01649	0.01535	0.02475	0.25321	0.40120	0.01685	0.01957	0.06269	0.04103	0.02252	0.01348	0.01786	0.01084	0.00702	0.00779	0.00221	0.04727	0.00627	0.00368	0.00991
11	0.01627	0.01562	0.02627	0.18508	0.52220	0.01671	0.02054	0.02033	0.01510	0.02132	0.01268	0.01740	0.01055	0.00682	0.00811	0.00220	0.06312	0.00621	0.00335	0.01011

[dist]
# distance from previous block
# <min> <max>
6	14

# created by:
# /st0/software/busco_prod/Augustus/scripts/msa2prfl.pl ./align_prep/155741.fa
