[name]
unknown

[dist]
# distance from previous block
# <min> <max>
0	58

[block]
# block no. 0 follows, 29 sequences, length 12
# corresponding to MSA columns:
# 69-80
name=unknown_A
#
# <colnr> <probs for GDERKNQSTAVLIFYWHMCP>
#	G	D	E	R	K	N	Q	S	T	A	V	L	I	F	Y	W	H	M	C	P
0	0.01689	0.01628	0.11429	0.15185	0.16133	0.01336	0.06089	0.02090	0.01553	0.11121	0.01698	0.04938	0.01400	0.00903	0.00840	0.05304	0.00800	0.03255	0.00440	0.12169
1	0.01263	0.01136	0.01766	0.43673	0.07499	0.01318	0.01556	0.01739	0.05615	0.01942	0.02501	0.13540	0.09299	0.01110	0.00765	0.00247	0.00765	0.03047	0.00444	0.00775
2	0.01506	0.01467	0.06631	0.04542	0.15004	0.01395	0.01389	0.02476	0.25869	0.02474	0.04652	0.10369	0.02436	0.01129	0.00763	0.00242	0.00655	0.10152	0.00574	0.06276
3	0.00872	0.00713	0.00770	0.00776	0.00986	0.00611	0.00574	0.01074	0.01666	0.02073	0.17674	0.12853	0.53314	0.01783	0.00848	0.00242	0.00361	0.01514	0.00682	0.00611
4	0.01687	0.01619	0.02475	0.09249	0.43474	0.05590	0.03970	0.04516	0.01651	0.02249	0.01695	0.08824	0.01592	0.00900	0.00805	0.00231	0.03696	0.04381	0.00408	0.00989
5	0.00908	0.00649	0.00873	0.01038	0.01097	0.00614	0.00732	0.01062	0.01404	0.01864	0.03902	0.64796	0.04620	0.02192	0.00920	0.00295	0.00449	0.11335	0.00660	0.00590
6	0.01173	0.00817	0.01006	0.04962	0.01237	0.00836	0.00694	0.07267	0.01383	0.01828	0.02772	0.23319	0.06659	0.31533	0.02190	0.09412	0.00610	0.01228	0.00514	0.00560
7	0.01327	0.00664	0.00664	0.00664	0.00830	0.00664	0.00498	0.01659	0.01493	0.02655	0.02323	0.02655	0.01825	0.00830	0.00498	0.00166	0.00332	0.00664	0.78928	0.00664
8	0.01624	0.01261	0.01492	0.01073	0.01699	0.00958	0.00861	0.01937	0.01525	0.08235	0.01399	0.01558	0.01116	0.00558	0.00544	0.00115	0.00534	0.00447	0.00461	0.72603
9	0.02230	0.01635	0.01801	0.01445	0.01904	0.01774	0.01168	0.48266	0.02752	0.03752	0.01967	0.09476	0.01650	0.01355	0.06685	0.00291	0.00800	0.00785	0.04853	0.05412
10	0.00913	0.00663	0.00861	0.00940	0.01038	0.00611	0.00656	0.01112	0.01601	0.02174	0.26445	0.46430	0.10033	0.01940	0.00881	0.00264	0.00383	0.01739	0.00702	0.00611
11	0.02508	0.01811	0.02042	0.07725	0.02365	0.01958	0.01339	0.51864	0.02919	0.08560	0.01704	0.01752	0.01211	0.00814	0.00695	0.00206	0.00762	0.00625	0.00663	0.08478

[dist]
# distance from previous block
# <min> <max>
2	5

[block]
# block no. 1 follows, 29 sequences, length 41
# corresponding to MSA columns:
# 87-127
name=unknown_B
#
# <colnr> <probs for GDERKNQSTAVLIFYWHMCP>
#	G	D	E	R	K	N	Q	S	T	A	V	L	I	F	Y	W	H	M	C	P
0	0.01911	0.07604	0.12921	0.06476	0.02544	0.01595	0.12028	0.11381	0.04320	0.10732	0.01579	0.01742	0.01164	0.00684	0.00662	0.00191	0.00807	0.00595	0.00483	0.20578
1	0.01028	0.00734	0.00944	0.00905	0.01018	0.00694	0.03022	0.01093	0.01309	0.01701	0.09444	0.08748	0.21111	0.27046	0.04707	0.13712	0.00605	0.01154	0.00513	0.00513
2	0.01268	0.00874	0.01142	0.01167	0.03788	0.00843	0.00867	0.04560	0.03403	0.06718	0.34705	0.11733	0.08471	0.03745	0.00936	0.00264	0.00477	0.13588	0.00716	0.00733
3	0.02486	0.01089	0.01448	0.01169	0.01602	0.00977	0.00943	0.02872	0.05650	0.47650	0.22289	0.03273	0.03218	0.01052	0.00752	0.00223	0.00526	0.00886	0.00845	0.01051
4	0.01368	0.00830	0.01159	0.06142	0.01374	0.00896	0.00822	0.07252	0.01244	0.01700	0.01457	0.04794	0.01388	0.02233	0.05995	0.53274	0.02971	0.00683	0.03935	0.00484
5	0.04462	0.21057	0.34146	0.06074	0.02633	0.13754	0.01912	0.02277	0.01560	0.02034	0.01166	0.01389	0.00911	0.00667	0.00606	0.00197	0.00980	0.00477	0.00322	0.03377
6	0.03824	0.45793	0.24066	0.01501	0.02228	0.05559	0.01648	0.04573	0.01552	0.01995	0.01108	0.01279	0.00917	0.00645	0.00541	0.00180	0.00869	0.00438	0.00324	0.00959
7	0.01627	0.02238	0.17383	0.02812	0.07078	0.01789	0.47334	0.02236	0.01606	0.02244	0.01372	0.01807	0.01039	0.00657	0.00892	0.00240	0.05573	0.00753	0.00345	0.00977
8	0.03791	0.01411	0.02349	0.38836	0.31173	0.01585	0.01960	0.01942	0.01481	0.02055	0.01327	0.01876	0.01067	0.00961	0.05059	0.00282	0.00954	0.00634	0.00339	0.00917
9	0.00872	0.00651	0.00813	0.00939	0.01032	0.00593	0.00650	0.01016	0.01435	0.01854	0.04702	0.55963	0.20288	0.02119	0.00896	0.00279	0.00410	0.04239	0.00661	0.00587
10	0.01904	0.75404	0.03731	0.01218	0.01828	0.02818	0.01218	0.02132	0.01447	0.01675	0.00990	0.01142	0.00914	0.00609	0.00457	0.00152	0.00761	0.00381	0.00305	0.00914
11	0.00893	0.00641	0.00808	0.00929	0.00983	0.00599	0.00611	0.01002	0.01333	0.01755	0.03961	0.56214	0.10705	0.14414	0.01359	0.00352	0.00455	0.01808	0.00622	0.00556
12	0.66803	0.01376	0.01261	0.10243	0.04683	0.01599	0.00982	0.02062	0.01256	0.02985	0.01041	0.01276	0.00808	0.00666	0.00486	0.00222	0.00614	0.00427	0.00421	0.00788
13	0.02527	0.01753	0.01928	0.01507	0.02004	0.01910	0.01224	0.53353	0.02926	0.10097	0.01865	0.02082	0.01408	0.07538	0.04278	0.00299	0.00811	0.00688	0.00688	0.01116
14	0.00842	0.00721	0.00721	0.00721	0.00962	0.00601	0.00541	0.01022	0.01623	0.01924	0.07213	0.06853	0.70244	0.01803	0.00842	0.00240	0.00361	0.01503	0.00661	0.00601
15	0.03093	0.01375	0.01753	0.01344	0.01899	0.01288	0.01110	0.16939	0.02311	0.57172	0.02580	0.02275	0.01648	0.00876	0.00715	0.00219	0.00643	0.00700	0.00846	0.01212
16	0.01830	0.01288	0.01998	0.51023	0.03963	0.01487	0.01703	0.04207	0.05103	0.17808	0.01716	0.02052	0.01206	0.00768	0.00714	0.00233	0.00846	0.00661	0.00478	0.00917
17	0.02167	0.01248	0.01419	0.01219	0.01615	0.04907	0.00966	0.02800	0.16462	0.31600	0.09075	0.06750	0.12011	0.01169	0.00760	0.00233	0.00569	0.03275	0.00763	0.00993
18	0.01036	0.00690	0.00777	0.00777	0.00777	0.00690	0.00431	0.01036	0.01036	0.01381	0.02244	0.04660	0.02589	0.74975	0.03624	0.00690	0.00690	0.01036	0.00431	0.00431
19	0.80005	0.01377	0.01047	0.00936	0.01377	0.01597	0.00771	0.02093	0.01212	0.03195	0.00991	0.01157	0.00771	0.00661	0.00441	0.00220	0.00551	0.00386	0.00441	0.00771
20	0.00868	0.00620	0.00826	0.00991	0.01033	0.00578	0.00661	0.00991	0.01363	0.01818	0.03925	0.74510	0.04710	0.02231	0.00909	0.00289	0.00413	0.02024	0.00661	0.00578
21	0.01844	0.57790	0.17099	0.01408	0.02095	0.05797	0.01507	0.02190	0.01485	0.01794	0.01052	0.01221	0.00912	0.00628	0.00509	0.00168	0.00844	0.00413	0.00307	0.00937
22	0.01477	0.01266	0.01477	0.01055	0.01687	0.00949	0.00844	0.01793	0.01477	0.02320	0.01266	0.01477	0.01055	0.00527	0.00527	0.00105	0.00527	0.00422	0.00422	0.79328
23	0.02422	0.01641	0.01785	0.01441	0.01899	0.04838	0.01154	0.39250	0.02614	0.15451	0.02180	0.12844	0.01820	0.01111	0.00809	0.03085	0.00705	0.00848	0.00695	0.03408
24	0.01855	0.01576	0.01681	0.01482	0.01887	0.01827	0.01164	0.09972	0.60538	0.03083	0.02716	0.02527	0.02038	0.00965	0.00778	0.00241	0.03055	0.00783	0.00709	0.01123
25	0.00914	0.00671	0.00858	0.00924	0.01035	0.00614	0.00650	0.01120	0.01626	0.02198	0.27750	0.41657	0.13546	0.01904	0.00876	0.00260	0.00379	0.01699	0.00704	0.00614
26	0.01651	0.01560	0.02642	0.14685	0.55207	0.01608	0.02074	0.02075	0.01592	0.02234	0.01514	0.02262	0.01328	0.00748	0.00727	0.00224	0.00847	0.05611	0.00370	0.01040
27	0.00864	0.00634	0.00811	0.00954	0.01023	0.00582	0.00644	0.00996	0.01400	0.01833	0.04387	0.64999	0.13923	0.02171	0.00899	0.00282	0.00406	0.01951	0.00661	0.00582
28	0.02660	0.03394	0.02018	0.01834	0.02201	0.72116	0.01376	0.02843	0.02018	0.01743	0.01101	0.01284	0.00917	0.00734	0.00642	0.00183	0.01284	0.00459	0.00367	0.00825
29	0.76035	0.01409	0.01103	0.00972	0.01420	0.01629	0.00801	0.05486	0.01322	0.03261	0.01028	0.01185	0.00794	0.00671	0.00455	0.00220	0.00563	0.00399	0.00455	0.00794
30	0.01516	0.01497	0.02122	0.06186	0.02022	0.02075	0.01548	0.01696	0.01114	0.01717	0.01007	0.01645	0.00981	0.01434	0.05997	0.00352	0.65372	0.00631	0.00316	0.00772
31	0.01036	0.00690	0.00777	0.00777	0.00777	0.00690	0.00431	0.01036	0.01036	0.01381	0.02244	0.04660	0.02589	0.74975	0.03624	0.00690	0.00690	0.01036	0.00431	0.00431
32	0.00854	0.00713	0.00745	0.00756	0.00974	0.00604	0.00560	0.01039	0.01625	0.01972	0.10837	0.12651	0.60590	0.01819	0.00847	0.00244	0.00364	0.01535	0.00669	0.00604
33	0.06677	0.01963	0.02081	0.01602	0.02166	0.02177	0.01324	0.64766	0.03238	0.04421	0.01673	0.01681	0.01188	0.00845	0.00698	0.00214	0.00772	0.00628	0.00698	0.01188
34	0.01378	0.01299	0.02195	0.67837	0.10074	0.01591	0.01994	0.01848	0.01439	0.01859	0.01271	0.01888	0.00963	0.00706	0.00711	0.00235	0.00941	0.00633	0.00319	0.00818
35	0.73936	0.07129	0.01255	0.00958	0.01412	0.01692	0.00806	0.02096	0.01230	0.03077	0.00991	0.01156	0.00782	0.00657	0.00442	0.00215	0.00567	0.00385	0.00430	0.00782
36	0.01197	0.00880	0.01130	0.07961	0.01519	0.00846	0.00816	0.04174	0.01803	0.04836	0.35857	0.08435	0.12429	0.07822	0.01043	0.00262	0.00476	0.01156	0.00659	0.06698
37	0.01904	0.75404	0.03731	0.01218	0.01828	0.02818	0.01218	0.02132	0.01447	0.01675	0.00990	0.01142	0.00914	0.00609	0.00457	0.00152	0.00761	0.00381	0.00305	0.00914
38	0.00911	0.00638	0.00813	0.00936	0.00966	0.00607	0.00601	0.01003	0.01278	0.01704	0.03487	0.56344	0.04158	0.21150	0.01615	0.00394	0.00485	0.01767	0.00601	0.00540
39	0.00909	0.00730	0.00815	0.00810	0.01025	0.00636	0.00619	0.01143	0.01734	0.02199	0.24628	0.06503	0.47939	0.01717	0.00851	0.00242	0.00374	0.05806	0.00695	0.00625
40	0.03023	0.01488	0.01823	0.01398	0.01955	0.01456	0.01155	0.26285	0.02500	0.47560	0.02421	0.02172	0.01568	0.00872	0.00715	0.00218	0.00669	0.00690	0.00822	0.01212

[dist]
# distance from previous block
# <min> <max>
0	1

[block]
# block no. 2 follows, 29 sequences, length 18
# corresponding to MSA columns:
# 129-146
name=unknown_C
#
# <colnr> <probs for GDERKNQSTAVLIFYWHMCP>
#	G	D	E	R	K	N	Q	S	T	A	V	L	I	F	Y	W	H	M	C	P
0	0.02460	0.01783	0.01902	0.01492	0.01997	0.01969	0.01222	0.55126	0.07035	0.04144	0.01865	0.01897	0.01353	0.00858	0.00683	0.00209	0.00708	0.00654	0.11511	0.01130
1	0.00989	0.00714	0.00935	0.00908	0.01060	0.00660	0.00670	0.01297	0.01930	0.02719	0.61440	0.14426	0.06454	0.01558	0.00849	0.00233	0.00346	0.01385	0.00768	0.00660
2	0.01771	0.01530	0.01610	0.01449	0.01852	0.01771	0.01127	0.03784	0.69247	0.02979	0.02898	0.02657	0.02174	0.00966	0.00725	0.00242	0.00564	0.00805	0.00725	0.01127
3	0.01237	0.00618	0.00928	0.00928	0.00928	0.00618	0.00618	0.00928	0.00928	0.01237	0.01237	0.02165	0.01237	0.02474	0.02783	0.79283	0.00618	0.00618	0.00309	0.00309
4	0.01897	0.02080	0.02567	0.19625	0.26939	0.21223	0.08154	0.02271	0.01668	0.02016	0.01249	0.01668	0.01015	0.00702	0.00770	0.00217	0.04054	0.00604	0.00347	0.00934
5	0.02707	0.01995	0.02137	0.01638	0.02208	0.02208	0.01353	0.68159	0.03348	0.04488	0.01710	0.01710	0.01211	0.00855	0.00712	0.00214	0.00784	0.00641	0.00712	0.01211
6	0.00868	0.00620	0.00826	0.00991	0.01033	0.00578	0.00661	0.00991	0.01363	0.01818	0.03925	0.74510	0.04710	0.02231	0.00909	0.00289	0.00413	0.02024	0.00661	0.00578
7	0.00864	0.00633	0.00813	0.00957	0.01024	0.00581	0.00646	0.00995	0.01396	0.01831	0.04343	0.65908	0.13042	0.02176	0.00900	0.00283	0.00406	0.01958	0.00661	0.00581
8	0.07207	0.01810	0.02030	0.04088	0.06062	0.01983	0.01341	0.47495	0.07931	0.10136	0.01821	0.01822	0.01294	0.00837	0.00697	0.00217	0.00746	0.00644	0.00679	0.01160
9	0.01035	0.00694	0.00796	0.00796	0.00803	0.00701	0.00456	0.01048	0.01041	0.01395	0.02226	0.04561	0.02546	0.71289	0.07252	0.00714	0.00755	0.01021	0.00429	0.00442
10	0.01036	0.00690	0.00777	0.00777	0.00777	0.00690	0.00431	0.01036	0.01036	0.01381	0.02244	0.04660	0.02589	0.74975	0.03624	0.00690	0.00690	0.01036	0.00431	0.00431
11	0.02707	0.01995	0.02137	0.01638	0.02208	0.02208	0.01353	0.68159	0.03348	0.04488	0.01710	0.01710	0.01211	0.00855	0.00712	0.00214	0.00784	0.00641	0.00712	0.01211
12	0.02912	0.01544	0.01843	0.01426	0.01976	0.01555	0.01174	0.29286	0.06739	0.40262	0.02376	0.02153	0.01568	0.00876	0.00715	0.00219	0.00674	0.00692	0.00804	0.01206
13	0.01567	0.01493	0.02537	0.36593	0.39838	0.01640	0.02088	0.02014	0.01529	0.02089	0.01305	0.01826	0.01044	0.00671	0.00708	0.00224	0.00894	0.00634	0.00336	0.00970
14	0.67693	0.04930	0.01294	0.05480	0.01658	0.01684	0.00895	0.05238	0.01338	0.03099	0.01043	0.01229	0.00810	0.00671	0.00471	0.00218	0.00597	0.00413	0.00439	0.00800
15	0.00898	0.00633	0.00817	0.00952	0.00986	0.00599	0.00619	0.00999	0.01304	0.01738	0.03620	0.61832	0.04325	0.15435	0.01402	0.00362	0.00463	0.01845	0.00619	0.00552
16	0.02217	0.01671	0.01825	0.01390	0.01940	0.01708	0.01130	0.42927	0.02622	0.03645	0.01623	0.01789	0.01241	0.03465	0.00754	0.00197	0.00684	0.00591	0.04022	0.24561
17	0.01618	0.01396	0.01464	0.01329	0.01705	0.01578	0.01030	0.03328	0.58097	0.02805	0.03610	0.03349	0.13397	0.01104	0.00744	0.00241	0.00530	0.00920	0.00714	0.01040

[dist]
# distance from previous block
# <min> <max>
0	6

[block]
# block no. 3 follows, 29 sequences, length 18
# corresponding to MSA columns:
# 153-170
name=unknown_D
#
# <colnr> <probs for GDERKNQSTAVLIFYWHMCP>
#	G	D	E	R	K	N	Q	S	T	A	V	L	I	F	Y	W	H	M	C	P
0	0.09181	0.38841	0.05282	0.04819	0.02039	0.08126	0.01315	0.06742	0.01598	0.06054	0.01171	0.01364	0.00974	0.00736	0.00736	0.00194	0.09057	0.00470	0.00385	0.00915
1	0.02624	0.01230	0.01594	0.01196	0.01774	0.01014	0.00979	0.02913	0.01852	0.48211	0.02297	0.02109	0.01528	0.00764	0.00653	0.00182	0.00580	0.00618	0.00729	0.27152
2	0.00866	0.00625	0.00821	0.00978	0.01029	0.00579	0.00655	0.00993	0.01376	0.01823	0.04083	0.71247	0.07871	0.02210	0.00906	0.00287	0.00411	0.01999	0.00661	0.00579
3	0.00937	0.00727	0.00895	0.03493	0.01183	0.00680	0.00689	0.01198	0.03734	0.02121	0.19793	0.33708	0.24565	0.01833	0.00860	0.00256	0.00404	0.01613	0.00679	0.00631
4	0.00990	0.00721	0.00932	0.00891	0.01056	0.00663	0.00664	0.01306	0.01956	0.02744	0.62841	0.09325	0.10203	0.01519	0.00844	0.00229	0.00342	0.01342	0.00770	0.00663
5	0.01778	0.37064	0.08852	0.01598	0.02157	0.02298	0.08902	0.02528	0.17950	0.02113	0.01525	0.01663	0.01240	0.00752	0.00736	0.00203	0.06687	0.00568	0.00413	0.00972
6	0.66521	0.01348	0.01153	0.00994	0.01454	0.01501	0.00820	0.02335	0.01357	0.15102	0.01311	0.01379	0.00945	0.00700	0.00489	0.00220	0.00560	0.00444	0.00518	0.00849
7	0.01864	0.01885	0.02791	0.04083	0.62792	0.09670	0.02094	0.02260	0.01666	0.02260	0.01312	0.01708	0.01104	0.00646	0.00698	0.00208	0.00896	0.00615	0.00354	0.01094
8	0.00899	0.00642	0.00846	0.00966	0.01028	0.00599	0.00654	0.01055	0.01465	0.01982	0.15484	0.59560	0.04977	0.05015	0.01006	0.00294	0.00411	0.01855	0.00673	0.00589
9	0.15687	0.01349	0.01366	0.01141	0.01517	0.01475	0.00914	0.29626	0.02222	0.03465	0.03835	0.04395	0.01634	0.02825	0.00683	0.00215	0.00572	0.00676	0.25499	0.00904
10	0.01871	0.02026	0.05184	0.09908	0.50278	0.14043	0.02041	0.02271	0.01669	0.02177	0.01289	0.01681	0.01067	0.00660	0.00693	0.00209	0.00940	0.00599	0.00350	0.01042
11	0.01274	0.01010	0.01378	0.01592	0.13375	0.00980	0.00997	0.07722	0.01878	0.02598	0.29829	0.20264	0.08730	0.01424	0.00809	0.00233	0.00494	0.01266	0.00652	0.03495
12	0.63310	0.01353	0.01138	0.00962	0.01443	0.01460	0.00787	0.02029	0.01268	0.03009	0.01050	0.01225	0.00831	0.00633	0.00459	0.00196	0.00546	0.00393	0.00437	0.17472
13	0.02377	0.01653	0.01776	0.01467	0.01935	0.04685	0.01173	0.27099	0.24114	0.17083	0.02438	0.07078	0.01857	0.00984	0.00727	0.00228	0.00673	0.00795	0.00732	0.01125
14	0.01686	0.01511	0.02499	0.03720	0.58297	0.01511	0.01889	0.02093	0.01599	0.02384	0.01512	0.01919	0.01250	0.00669	0.00669	0.00203	0.00756	0.00640	0.14146	0.01046
15	0.01669	0.01256	0.02051	0.60625	0.04362	0.01488	0.01814	0.02109	0.01532	0.13968	0.01537	0.01991	0.01092	0.00742	0.00713	0.00234	0.00889	0.00647	0.00416	0.00865
16	0.12849	0.01236	0.01413	0.04220	0.01670	0.01280	0.00953	0.16034	0.03649	0.17334	0.06361	0.08029	0.02199	0.14003	0.01212	0.00308	0.00633	0.02832	0.00635	0.03149
17	0.05240	0.01519	0.01926	0.03354	0.01890	0.04888	0.01356	0.06755	0.01483	0.14144	0.01487	0.04075	0.01260	0.01361	0.05722	0.00325	0.41204	0.00676	0.00463	0.00873

[dist]
# distance from previous block
# <min> <max>
4	54

[block]
# block no. 4 follows, 29 sequences, length 11
# corresponding to MSA columns:
# 228-238
name=unknown_E
#
# <colnr> <probs for GDERKNQSTAVLIFYWHMCP>
#	G	D	E	R	K	N	Q	S	T	A	V	L	I	F	Y	W	H	M	C	P
0	0.01506	0.01323	0.05837	0.07336	0.01858	0.01261	0.01096	0.14446	0.12938	0.04324	0.10462	0.17452	0.14542	0.01348	0.00786	0.00242	0.00582	0.01150	0.00647	0.00865
1	0.07453	0.10311	0.06048	0.01641	0.05723	0.31894	0.01282	0.02294	0.01677	0.02007	0.01286	0.04255	0.01134	0.00954	0.04144	0.00224	0.00992	0.00528	0.00383	0.15771
2	0.01419	0.01023	0.01257	0.01192	0.01371	0.01087	0.00887	0.15203	0.01834	0.05059	0.10072	0.40123	0.03669	0.04859	0.01091	0.00283	0.06716	0.01447	0.00653	0.00755
3	0.01283	0.01020	0.01096	0.01055	0.01252	0.04434	0.00761	0.10920	0.01754	0.02294	0.10613	0.31563	0.13073	0.10778	0.01171	0.00301	0.00534	0.01402	0.00628	0.04068
4	0.03872	0.01751	0.04721	0.06767	0.41780	0.04083	0.01873	0.13830	0.01919	0.02665	0.01629	0.02357	0.01412	0.00818	0.00725	0.00225	0.00835	0.07236	0.00446	0.01056
5	0.02411	0.02575	0.02151	0.04157	0.12073	0.36552	0.01492	0.18217	0.06888	0.02563	0.01404	0.01574	0.01105	0.00778	0.00724	0.00204	0.03121	0.00561	0.00468	0.00979
6	0.01878	0.01843	0.02610	0.03665	0.53442	0.09101	0.01938	0.06396	0.04468	0.02409	0.01643	0.01955	0.04014	0.00720	0.00705	0.00211	0.00857	0.00659	0.00404	0.01079
7	0.01700	0.07854	0.02790	0.10266	0.54619	0.01726	0.02023	0.02106	0.01589	0.02213	0.01445	0.02090	0.01267	0.00717	0.00701	0.00216	0.00837	0.04427	0.00363	0.01051
8	0.01024	0.00777	0.01009	0.08580	0.01451	0.00794	0.00796	0.01279	0.05067	0.01811	0.03468	0.36414	0.09200	0.18767	0.01505	0.00372	0.00554	0.05952	0.00575	0.00604
9	0.01708	0.01564	0.02500	0.19819	0.43777	0.01653	0.01947	0.08978	0.01758	0.02411	0.01729	0.02107	0.05417	0.00749	0.00716	0.00220	0.00833	0.00689	0.00401	0.01026
10	0.07942	0.17763	0.23317	0.01847	0.11907	0.01705	0.01625	0.02052	0.05172	0.02169	0.05424	0.03859	0.01520	0.03173	0.00902	0.06930	0.00786	0.00623	0.00387	0.00898

[dist]
# distance from previous block
# <min> <max>
3	21

[block]
# block no. 5 follows, 29 sequences, length 13
# corresponding to MSA columns:
# 261-273
name=unknown_F
#
# <colnr> <probs for GDERKNQSTAVLIFYWHMCP>
#	G	D	E	R	K	N	Q	S	T	A	V	L	I	F	Y	W	H	M	C	P
0	0.36190	0.09158	0.01645	0.03576	0.01748	0.01651	0.00982	0.12890	0.01722	0.09949	0.01558	0.01642	0.03471	0.00735	0.00549	0.00199	0.00620	0.00513	0.00517	0.10683
1	0.08176	0.01132	0.03875	0.03783	0.01518	0.04165	0.04737	0.05257	0.01557	0.02204	0.08476	0.29414	0.08047	0.10309	0.01124	0.00302	0.00596	0.01288	0.03354	0.00686
2	0.35707	0.05611	0.01505	0.06883	0.01829	0.12721	0.01016	0.10258	0.01675	0.02851	0.01324	0.01534	0.01033	0.00724	0.00537	0.00203	0.00704	0.00491	0.12568	0.00826
3	0.01491	0.01270	0.01159	0.01126	0.01296	0.12452	0.00798	0.10107	0.01674	0.02165	0.02621	0.29345	0.02828	0.17049	0.01364	0.00332	0.00651	0.01210	0.10383	0.00680
4	0.01762	0.01692	0.02890	0.04371	0.70533	0.01692	0.02185	0.02185	0.01621	0.02326	0.01339	0.01762	0.01128	0.00634	0.00705	0.00211	0.00846	0.00634	0.00352	0.01128
5	0.01345	0.01266	0.02136	0.73264	0.04904	0.01582	0.01978	0.01819	0.01424	0.01819	0.01266	0.01898	0.00949	0.00712	0.00712	0.00237	0.00949	0.00633	0.00316	0.00791
6	0.01736	0.01690	0.02961	0.07574	0.61900	0.01696	0.07564	0.02176	0.01617	0.02298	0.01344	0.01782	0.01115	0.00635	0.00716	0.00215	0.00880	0.00651	0.00351	0.01098
7	0.01435	0.01488	0.06669	0.01764	0.02119	0.04880	0.20616	0.04761	0.01549	0.02125	0.02203	0.23575	0.02230	0.01434	0.03351	0.04505	0.06529	0.01098	0.06895	0.00773
8	0.01391	0.01278	0.07086	0.05229	0.01870	0.01135	0.08926	0.11865	0.01732	0.02406	0.04790	0.29879	0.02800	0.04812	0.00979	0.02643	0.00652	0.01224	0.08535	0.00768
9	0.01331	0.06850	0.01301	0.01091	0.01305	0.01099	0.00823	0.11938	0.04785	0.02340	0.06024	0.33708	0.08869	0.08108	0.01053	0.00290	0.00532	0.04348	0.03476	0.00730
10	0.08455	0.15475	0.45668	0.01772	0.02643	0.01805	0.04508	0.02318	0.01517	0.07702	0.01332	0.01500	0.00968	0.00677	0.00628	0.00213	0.00929	0.00516	0.00362	0.01014
11	0.10363	0.46095	0.08358	0.01377	0.01902	0.02460	0.01341	0.05442	0.01465	0.02036	0.01040	0.01268	0.00916	0.00735	0.00789	0.00194	0.12529	0.00445	0.00341	0.00902
12	0.01558	0.01207	0.05039	0.01190	0.01520	0.01109	0.00983	0.13119	0.06083	0.08444	0.28512	0.09230	0.03852	0.03253	0.06519	0.00310	0.00642	0.02931	0.00683	0.03815

[dist]
# distance from previous block
# <min> <max>
0	1

[block]
# block no. 6 follows, 29 sequences, length 7
# corresponding to MSA columns:
# 275-281
name=unknown_G
#
# <colnr> <probs for GDERKNQSTAVLIFYWHMCP>
#	G	D	E	R	K	N	Q	S	T	A	V	L	I	F	Y	W	H	M	C	P
0	0.01414	0.01142	0.01604	0.07786	0.01944	0.01149	0.07702	0.14599	0.01805	0.02442	0.02748	0.39408	0.02971	0.01498	0.00810	0.00247	0.00624	0.01356	0.00588	0.08164
1	0.01078	0.00901	0.01376	0.01267	0.01433	0.00877	0.09378	0.01262	0.01357	0.01843	0.03130	0.43060	0.06015	0.12508	0.01360	0.00329	0.05103	0.01517	0.00552	0.05655
2	0.01762	0.01692	0.02890	0.04371	0.70533	0.01692	0.02185	0.02185	0.01621	0.02326	0.01339	0.01762	0.01128	0.00634	0.00705	0.00211	0.00846	0.00634	0.00352	0.01128
3	0.01597	0.01523	0.02592	0.31614	0.44581	0.01648	0.02103	0.02041	0.01543	0.02126	0.01310	0.01816	0.01057	0.00665	0.00708	0.00222	0.00887	0.00634	0.00338	0.00995
4	0.01242	0.00936	0.01107	0.01089	0.01287	0.00924	0.00782	0.10159	0.06643	0.02278	0.03366	0.45068	0.06792	0.06647	0.01013	0.00284	0.00499	0.01516	0.00636	0.07731
5	0.01674	0.01650	0.02576	0.27952	0.43704	0.05999	0.02064	0.02100	0.01578	0.02116	0.01299	0.01780	0.01053	0.00667	0.00703	0.00219	0.00909	0.00623	0.00341	0.00993
6	0.01116	0.00894	0.01026	0.01014	0.01226	0.00908	0.00763	0.01715	0.16333	0.02218	0.13113	0.13450	0.24756	0.06489	0.07377	0.00358	0.00585	0.05288	0.00651	0.00718

[dist]
# distance from previous block
# <min> <max>
0	1

[block]
# block no. 7 follows, 29 sequences, length 6
# corresponding to MSA columns:
# 283-288
name=unknown_H
#
# <colnr> <probs for GDERKNQSTAVLIFYWHMCP>
#	G	D	E	R	K	N	Q	S	T	A	V	L	I	F	Y	W	H	M	C	P
0	0.02198	0.18308	0.02365	0.01724	0.04961	0.34251	0.01341	0.08238	0.01842	0.02000	0.01416	0.01640	0.03966	0.00992	0.03522	0.00234	0.09200	0.00541	0.00391	0.00870
1	0.01685	0.07668	0.35907	0.02052	0.09898	0.07770	0.02018	0.02238	0.01597	0.06654	0.01699	0.02498	0.01450	0.00894	0.00769	0.00233	0.03592	0.10002	0.00402	0.00974
2	0.06522	0.14864	0.04496	0.01314	0.01781	0.01765	0.01128	0.11384	0.23708	0.10884	0.02104	0.02110	0.01587	0.01107	0.05051	0.00267	0.00713	0.00646	0.07555	0.01015
3	0.08885	0.32220	0.07220	0.01684	0.07983	0.16284	0.01384	0.08565	0.01726	0.02185	0.01180	0.01394	0.00995	0.00924	0.04423	0.00234	0.00938	0.00474	0.00376	0.00925
4	0.02446	0.01752	0.01925	0.01496	0.02029	0.01861	0.01220	0.51174	0.02893	0.08055	0.01907	0.07678	0.01513	0.00932	0.00708	0.00208	0.00713	0.00734	0.00685	0.10073
5	0.30847	0.19176	0.05433	0.01148	0.01553	0.01806	0.01016	0.05734	0.01384	0.02439	0.01284	0.01814	0.01163	0.11504	0.01103	0.00278	0.07058	0.00534	0.03935	0.00792

[dist]
# distance from previous block
# <min> <max>
1	56

# created by:
# /st0/software/busco_prod/Augustus/scripts/msa2prfl.pl ./align_prep/155801.fa
