[name]
unknown

[dist]
# distance from previous block
# <min> <max>
0	25

[block]
# block no. 0 follows, 29 sequences, length 8
# corresponding to MSA columns:
# 25-32
name=unknown_A
#
# <colnr> <probs for GDERKNQSTAVLIFYWHMCP>
#	G	D	E	R	K	N	Q	S	T	A	V	L	I	F	Y	W	H	M	C	P
0	0.01664	0.01210	0.01585	0.01355	0.01680	0.01220	0.06964	0.17692	0.04644	0.07551	0.04543	0.17951	0.06500	0.11240	0.01186	0.00306	0.00654	0.07624	0.00627	0.03804
1	0.02346	0.01747	0.02150	0.01687	0.02171	0.06582	0.09927	0.26736	0.08625	0.15996	0.08366	0.02261	0.01870	0.00908	0.00834	0.00226	0.05100	0.00744	0.00658	0.01067
2	0.02369	0.01575	0.01975	0.08008	0.02320	0.01656	0.05120	0.26591	0.13265	0.19940	0.02173	0.04644	0.01587	0.00885	0.00721	0.00221	0.00718	0.00736	0.00684	0.04813
3	0.01990	0.01455	0.01657	0.01417	0.04209	0.01481	0.01090	0.24656	0.12785	0.08996	0.02611	0.05138	0.08453	0.03156	0.00796	0.00223	0.00628	0.03371	0.00646	0.15241
4	0.04409	0.00907	0.01181	0.01100	0.01350	0.00834	0.04619	0.01446	0.05522	0.02175	0.10703	0.35754	0.11791	0.01591	0.00798	0.00239	0.00477	0.01419	0.00614	0.13070
5	0.01293	0.01086	0.01492	0.01195	0.01606	0.00900	0.07229	0.01544	0.01443	0.02117	0.05599	0.18331	0.02291	0.06200	0.00978	0.03888	0.00572	0.00919	0.00484	0.40833
6	0.01411	0.01050	0.01179	0.00988	0.01356	0.00936	0.00757	0.10009	0.01768	0.06243	0.05961	0.08600	0.26145	0.08274	0.01003	0.00245	0.00508	0.01038	0.00598	0.21929
7	0.01354	0.01063	0.01059	0.00992	0.01222	0.05790	0.00736	0.05502	0.06923	0.05359	0.09315	0.04916	0.26313	0.17212	0.01395	0.00331	0.00561	0.04943	0.04316	0.00697

[dist]
# distance from previous block
# <min> <max>
11	32

[block]
# block no. 1 follows, 29 sequences, length 13
# corresponding to MSA columns:
# 68-80
name=unknown_B
#
# <colnr> <probs for GDERKNQSTAVLIFYWHMCP>
#	G	D	E	R	K	N	Q	S	T	A	V	L	I	F	Y	W	H	M	C	P
0	0.05377	0.00955	0.01065	0.00958	0.01222	0.00926	0.00720	0.09305	0.01736	0.02402	0.15638	0.07598	0.22986	0.11702	0.06777	0.00355	0.00602	0.01103	0.00602	0.07970
1	0.04465	0.01030	0.01258	0.07046	0.04035	0.03200	0.00929	0.03718	0.07160	0.03593	0.09226	0.22482	0.03039	0.15346	0.07215	0.00407	0.03436	0.01161	0.00550	0.00705
2	0.01580	0.01462	0.02517	0.20930	0.37450	0.01520	0.07443	0.02004	0.01595	0.03859	0.04469	0.04747	0.03278	0.00821	0.00744	0.00229	0.00842	0.03140	0.00404	0.00964
3	0.01311	0.00952	0.01424	0.04882	0.07618	0.03241	0.06130	0.01276	0.01161	0.01530	0.01629	0.08159	0.01677	0.13419	0.02257	0.40925	0.00718	0.00809	0.00366	0.00515
4	0.54106	0.01974	0.15544	0.04205	0.01941	0.05494	0.01252	0.04166	0.01389	0.02906	0.01089	0.01282	0.00827	0.00676	0.00519	0.00220	0.00717	0.00436	0.00411	0.00846
5	0.01129	0.00823	0.01177	0.01134	0.01228	0.00860	0.04359	0.03649	0.01270	0.01728	0.02472	0.26903	0.02751	0.18311	0.13062	0.12638	0.04241	0.01214	0.00482	0.00568
6	0.26102	0.01362	0.01742	0.25617	0.05855	0.01551	0.04830	0.06259	0.06870	0.02571	0.01998	0.02249	0.08581	0.00835	0.00649	0.00230	0.00728	0.00675	0.00454	0.00842
7	0.14806	0.01395	0.02007	0.43054	0.12347	0.01644	0.01703	0.05294	0.06852	0.02338	0.01379	0.01806	0.01051	0.00720	0.00666	0.00230	0.00830	0.00605	0.00393	0.00878
8	0.03833	0.15745	0.13796	0.01768	0.05789	0.01860	0.04526	0.02050	0.07414	0.02041	0.01624	0.05541	0.01499	0.01300	0.05934	0.00306	0.18584	0.05109	0.00398	0.00880
9	0.01604	0.01639	0.03075	0.06203	0.06538	0.01674	0.36982	0.07174	0.01692	0.02298	0.02017	0.08136	0.06519	0.00931	0.01008	0.00249	0.10014	0.00922	0.00426	0.00900
10	0.19791	0.26834	0.05999	0.01474	0.04604	0.17101	0.01248	0.02191	0.01499	0.02103	0.01272	0.01489	0.03091	0.00919	0.03578	0.00233	0.04877	0.00481	0.00365	0.00850
11	0.13910	0.01533	0.01593	0.01332	0.01767	0.03870	0.01066	0.22557	0.17288	0.12191	0.10577	0.05071	0.02236	0.00976	0.00696	0.00225	0.00623	0.00775	0.00692	0.01023
12	0.13887	0.07226	0.05437	0.12205	0.10807	0.09113	0.01459	0.20318	0.02061	0.02911	0.06749	0.01848	0.01463	0.00786	0.00652	0.00212	0.00808	0.00608	0.00489	0.00961

[dist]
# distance from previous block
# <min> <max>
4	11

[block]
# block no. 2 follows, 29 sequences, length 6
# corresponding to MSA columns:
# 92-97
name=unknown_C
#
# <colnr> <probs for GDERKNQSTAVLIFYWHMCP>
#	G	D	E	R	K	N	Q	S	T	A	V	L	I	F	Y	W	H	M	C	P
0	0.36624	0.05985	0.01643	0.05316	0.01877	0.07058	0.01070	0.20974	0.01975	0.03261	0.06851	0.01704	0.01411	0.00786	0.00582	0.00213	0.00690	0.00551	0.00526	0.00902
1	0.16109	0.01663	0.06631	0.05687	0.02642	0.01595	0.27772	0.02002	0.01494	0.02383	0.06009	0.04632	0.01504	0.00811	0.00903	0.00234	0.09464	0.00741	0.00409	0.07313
2	0.02678	0.01391	0.06815	0.01289	0.01842	0.01108	0.01127	0.06595	0.02030	0.50038	0.09951	0.02570	0.02166	0.00904	0.00714	0.00213	0.00614	0.00741	0.00787	0.06428
3	0.00970	0.00697	0.00811	0.00818	0.00910	0.00655	0.00536	0.01098	0.01419	0.01881	0.19055	0.13498	0.17539	0.34630	0.02099	0.00444	0.00509	0.01305	0.00586	0.00539
4	0.01428	0.01429	0.02650	0.55758	0.04610	0.01637	0.18414	0.01934	0.01488	0.01934	0.01309	0.01904	0.00982	0.00684	0.00744	0.00238	0.01012	0.00685	0.00327	0.00833
5	0.01029	0.00778	0.00962	0.00948	0.01137	0.00733	0.00730	0.01418	0.05617	0.02548	0.43198	0.08894	0.18316	0.01593	0.00854	0.00244	0.00396	0.09192	0.00736	0.00677

[dist]
# distance from previous block
# <min> <max>
5	17

[block]
# block no. 3 follows, 29 sequences, length 68
# corresponding to MSA columns:
# 115-182
name=unknown_D
#
# <colnr> <probs for GDERKNQSTAVLIFYWHMCP>
#	G	D	E	R	K	N	Q	S	T	A	V	L	I	F	Y	W	H	M	C	P
0	0.06737	0.04429	0.02307	0.14374	0.28709	0.06385	0.03365	0.10021	0.01820	0.04685	0.04260	0.02191	0.06080	0.00799	0.00695	0.00216	0.00813	0.00690	0.00449	0.00977
1	0.06582	0.01853	0.02637	0.03780	0.56406	0.09372	0.01973	0.02310	0.04102	0.02339	0.01349	0.01706	0.01121	0.00659	0.00683	0.00210	0.00866	0.00606	0.00373	0.01073
2	0.01532	0.14557	0.49871	0.02128	0.09084	0.01819	0.04938	0.02206	0.01526	0.02188	0.03062	0.01588	0.01085	0.00680	0.00656	0.00213	0.00975	0.00546	0.00321	0.01024
3	0.01081	0.00766	0.00971	0.00907	0.01101	0.00710	0.00685	0.01451	0.04008	0.04829	0.60180	0.05295	0.12403	0.01456	0.00833	0.00226	0.00353	0.01276	0.00773	0.00695
4	0.00881	0.00719	0.00773	0.00779	0.00989	0.00619	0.00580	0.01077	0.01641	0.02029	0.15082	0.10232	0.53953	0.04313	0.00945	0.00259	0.00381	0.03474	0.00669	0.00605
5	0.01147	0.00820	0.01147	0.01311	0.01475	0.00820	0.01147	0.01475	0.01639	0.02131	0.03770	0.08032	0.04098	0.01967	0.00984	0.00328	0.00656	0.65741	0.00656	0.00656
6	0.01008	0.00728	0.00952	0.00896	0.01064	0.00672	0.00672	0.01344	0.02016	0.02855	0.70158	0.05319	0.06719	0.01456	0.00840	0.00224	0.00336	0.01288	0.00784	0.00672
7	0.01904	0.75404	0.03731	0.01218	0.01828	0.02818	0.01218	0.02132	0.01447	0.01675	0.00990	0.01142	0.00914	0.00609	0.00457	0.00152	0.00761	0.00381	0.00305	0.00914
8	0.01477	0.01266	0.01477	0.01055	0.01687	0.00949	0.00844	0.01793	0.01477	0.02320	0.01266	0.01477	0.01055	0.00527	0.00527	0.00105	0.00527	0.00422	0.00422	0.79328
9	0.00968	0.00696	0.00905	0.00989	0.01082	0.00660	0.00688	0.03440	0.01602	0.02181	0.21026	0.54009	0.05108	0.01982	0.00884	0.00270	0.00406	0.01785	0.00695	0.00625
10	0.01428	0.03683	0.71286	0.02030	0.03082	0.01654	0.02631	0.02255	0.01503	0.02255	0.01278	0.01503	0.00902	0.00677	0.00677	0.00226	0.01052	0.00526	0.00301	0.01052
11	0.03195	0.01212	0.01652	0.01267	0.01818	0.01047	0.01047	0.03470	0.02038	0.71026	0.02809	0.02424	0.01763	0.00881	0.00716	0.00220	0.00606	0.00716	0.00881	0.01212
12	0.01762	0.01692	0.02890	0.04371	0.70533	0.01692	0.02185	0.02185	0.01621	0.02326	0.01339	0.01762	0.01128	0.00634	0.00705	0.00211	0.00846	0.00634	0.00352	0.01128
13	0.01367	0.01288	0.02176	0.69576	0.08417	0.01588	0.01989	0.01839	0.01434	0.01846	0.01270	0.01891	0.00959	0.00708	0.00712	0.00236	0.00944	0.00633	0.00318	0.00809
14	0.00879	0.00628	0.00839	0.01004	0.01051	0.00588	0.00681	0.01011	0.01374	0.01830	0.03918	0.71843	0.04685	0.02220	0.00912	0.00291	0.00423	0.04581	0.00661	0.00581
15	0.03195	0.01212	0.01652	0.01267	0.01818	0.01047	0.01047	0.03470	0.02038	0.71026	0.02809	0.02424	0.01763	0.00881	0.00716	0.00220	0.00606	0.00716	0.00881	0.01212
16	0.09988	0.01386	0.01650	0.01291	0.01824	0.04619	0.01059	0.07776	0.02054	0.57031	0.02488	0.02206	0.01595	0.00853	0.00688	0.00218	0.00646	0.00669	0.00805	0.01154
17	0.01720	0.01648	0.02792	0.04204	0.67365	0.01642	0.02110	0.02132	0.01621	0.02308	0.01607	0.01994	0.04275	0.00688	0.00711	0.00213	0.00824	0.00674	0.00367	0.01104
18	0.01671	0.01991	0.06893	0.02962	0.03696	0.01795	0.65326	0.02280	0.01674	0.02280	0.01434	0.01904	0.01073	0.00603	0.00834	0.00240	0.01195	0.00828	0.00358	0.00964
19	0.01147	0.00820	0.01147	0.01311	0.01475	0.00820	0.01147	0.01475	0.01639	0.02131	0.03770	0.08032	0.04098	0.01967	0.00984	0.00328	0.00656	0.65741	0.00656	0.00656
20	0.01454	0.05378	0.43349	0.05374	0.04772	0.01616	0.15095	0.02136	0.01590	0.02286	0.08684	0.02006	0.01569	0.00743	0.00721	0.00226	0.00984	0.00672	0.00366	0.00979
21	0.01534	0.02933	0.48090	0.08719	0.08045	0.01597	0.08406	0.02228	0.01542	0.05539	0.01460	0.04128	0.01110	0.00733	0.00707	0.00229	0.00998	0.00633	0.00352	0.01017
22	0.00851	0.00713	0.00731	0.00744	0.00960	0.00603	0.00546	0.01020	0.01581	0.01895	0.06780	0.11830	0.62785	0.04602	0.00952	0.00261	0.00377	0.01524	0.00653	0.00593
23	0.01776	0.01792	0.03115	0.04023	0.55405	0.04020	0.14846	0.02225	0.01646	0.02298	0.01351	0.01777	0.01112	0.00631	0.00729	0.00216	0.00929	0.00668	0.00354	0.01086
24	0.15266	0.01255	0.01554	0.01224	0.01750	0.01172	0.01007	0.03269	0.05505	0.56656	0.02527	0.02236	0.01628	0.00851	0.00673	0.00221	0.00595	0.00669	0.00803	0.01138
25	0.01728	0.01684	0.02740	0.15177	0.57756	0.04146	0.02124	0.02151	0.01604	0.02226	0.01319	0.01767	0.01092	0.00650	0.00704	0.00215	0.00878	0.00628	0.00347	0.01064
26	0.01464	0.03447	0.62618	0.02214	0.06094	0.01668	0.08130	0.02254	0.01524	0.02260	0.01294	0.01550	0.00927	0.00668	0.00692	0.00226	0.01056	0.00557	0.00308	0.01048
27	0.01762	0.01688	0.02680	0.17153	0.52347	0.04260	0.02076	0.05335	0.01682	0.02314	0.01335	0.01768	0.01091	0.00663	0.00704	0.00215	0.00878	0.00628	0.00364	0.01057
28	0.01165	0.00893	0.01381	0.01209	0.01356	0.00872	0.11203	0.01310	0.01231	0.03507	0.02398	0.16212	0.02632	0.42783	0.08260	0.00574	0.00820	0.01146	0.00468	0.00579
29	0.01681	0.01854	0.06985	0.03591	0.38676	0.01695	0.27623	0.02186	0.01638	0.02291	0.01575	0.01983	0.03452	0.00663	0.00761	0.00224	0.00978	0.00738	0.00363	0.01041
30	0.01374	0.01296	0.02189	0.68432	0.09507	0.01590	0.01992	0.01845	0.01438	0.01855	0.01271	0.01889	0.00962	0.00706	0.00711	0.00235	0.00942	0.00633	0.00319	0.00815
31	0.01387	0.01323	0.02278	0.65638	0.09067	0.01599	0.04995	0.01864	0.01448	0.01873	0.01278	0.01891	0.00967	0.00702	0.00717	0.00236	0.00954	0.00642	0.00321	0.00820
32	0.01344	0.01244	0.02083	0.70645	0.04757	0.01549	0.01924	0.01814	0.01426	0.01849	0.01304	0.01926	0.00981	0.00716	0.00704	0.00235	0.00927	0.00634	0.03152	0.00786
33	0.01608	0.05068	0.14248	0.11706	0.03697	0.01791	0.46824	0.02212	0.01611	0.02194	0.01375	0.01822	0.01030	0.00627	0.00783	0.00234	0.01128	0.00747	0.00343	0.00951
34	0.00854	0.00722	0.00738	0.00734	0.00969	0.00606	0.00551	0.01045	0.01652	0.01992	0.11810	0.06741	0.65605	0.01778	0.00841	0.00239	0.00359	0.01487	0.00670	0.00606
35	0.01428	0.03683	0.71286	0.02030	0.03082	0.01654	0.02631	0.02255	0.01503	0.02255	0.01278	0.01503	0.00902	0.00677	0.00677	0.00226	0.01052	0.00526	0.00301	0.01052
36	0.03195	0.01212	0.01652	0.01267	0.01818	0.01047	0.01047	0.03470	0.02038	0.71026	0.02809	0.02424	0.01763	0.00881	0.00716	0.00220	0.00606	0.00716	0.00881	0.01212
37	0.00842	0.00721	0.00721	0.00721	0.00962	0.00601	0.00541	0.01022	0.01623	0.01924	0.07213	0.06853	0.70244	0.01803	0.00842	0.00240	0.00361	0.01503	0.00661	0.00601
38	0.02660	0.03394	0.02018	0.01834	0.02201	0.72116	0.01376	0.02843	0.02018	0.01743	0.01101	0.01284	0.00917	0.00734	0.00642	0.00183	0.01284	0.00459	0.00367	0.00825
39	0.80005	0.01377	0.01047	0.00936	0.01377	0.01597	0.00771	0.02093	0.01212	0.03195	0.00991	0.01157	0.00771	0.00661	0.00441	0.00220	0.00551	0.00386	0.00441	0.00771
40	0.03195	0.01212	0.01652	0.01267	0.01818	0.01047	0.01047	0.03470	0.02038	0.71026	0.02809	0.02424	0.01763	0.00881	0.00716	0.00220	0.00606	0.00716	0.00881	0.01212
41	0.01237	0.00618	0.00928	0.00928	0.00928	0.00618	0.00618	0.00928	0.00928	0.01237	0.01237	0.02165	0.01237	0.02474	0.02783	0.79283	0.00618	0.00618	0.00309	0.00309
42	0.03195	0.01212	0.01652	0.01267	0.01818	0.01047	0.01047	0.03470	0.02038	0.71026	0.02809	0.02424	0.01763	0.00881	0.00716	0.00220	0.00606	0.00716	0.00881	0.01212
43	0.01105	0.00804	0.01088	0.01224	0.01398	0.00787	0.01056	0.01415	0.01650	0.02130	0.06489	0.07793	0.12365	0.01929	0.00961	0.00313	0.00608	0.55574	0.00661	0.00649
44	0.00843	0.00718	0.00725	0.00732	0.00964	0.00600	0.00546	0.01021	0.01613	0.01920	0.07089	0.09411	0.67766	0.01820	0.00844	0.00242	0.00363	0.01523	0.00661	0.00600
45	0.80005	0.01377	0.01047	0.00936	0.01377	0.01597	0.00771	0.02093	0.01212	0.03195	0.00991	0.01157	0.00771	0.00661	0.00441	0.00220	0.00551	0.00386	0.00441	0.00771
46	0.00868	0.00620	0.00826	0.00991	0.01033	0.00578	0.00661	0.00991	0.01363	0.01818	0.03925	0.74510	0.04710	0.02231	0.00909	0.00289	0.00413	0.02024	0.00661	0.00578
47	0.01678	0.01428	0.01536	0.01418	0.01784	0.01636	0.01110	0.03461	0.60343	0.02855	0.03019	0.06041	0.02451	0.01108	0.00756	0.00251	0.00566	0.06780	0.00716	0.01062
48	0.02296	0.01048	0.01356	0.01112	0.01526	0.00933	0.00892	0.02653	0.05223	0.42530	0.17611	0.03742	0.13651	0.01152	0.00762	0.00225	0.00509	0.00964	0.00819	0.00998
49	0.76637	0.01370	0.01073	0.00951	0.01396	0.01573	0.00783	0.02154	0.01248	0.06169	0.01071	0.01212	0.00815	0.00671	0.00453	0.00220	0.00553	0.00400	0.00460	0.00790
50	0.00875	0.00623	0.00824	0.00982	0.01022	0.00583	0.00651	0.00993	0.01349	0.01799	0.03851	0.71448	0.04617	0.05421	0.01028	0.00307	0.00425	0.01981	0.00651	0.00572
51	0.00984	0.00727	0.00919	0.00871	0.01049	0.00662	0.00653	0.01299	0.01960	0.02724	0.61309	0.05535	0.15649	0.01505	0.00840	0.00226	0.00339	0.01318	0.00767	0.00662
52	0.00843	0.00716	0.00726	0.00734	0.00965	0.00600	0.00547	0.01020	0.01610	0.01918	0.07054	0.10130	0.67070	0.01824	0.00845	0.00243	0.00363	0.01528	0.00661	0.00600
53	0.01428	0.03683	0.71286	0.02030	0.03082	0.01654	0.02631	0.02255	0.01503	0.02255	0.01278	0.01503	0.00902	0.00677	0.00677	0.00226	0.01052	0.00526	0.00301	0.01052
54	0.57050	0.01299	0.01174	0.01002	0.01455	0.01413	0.00824	0.02406	0.01429	0.19718	0.01506	0.01546	0.01070	0.00724	0.00511	0.00217	0.00553	0.00481	0.04750	0.00873
55	0.05222	0.01805	0.03551	0.02691	0.05330	0.01876	0.47498	0.02139	0.01522	0.02193	0.01300	0.01797	0.01034	0.00753	0.01162	0.00255	0.17842	0.00763	0.00352	0.00915
56	0.01816	0.01552	0.01636	0.01458	0.01869	0.01792	0.01138	0.06901	0.66055	0.03052	0.02841	0.02611	0.02127	0.00961	0.00724	0.00240	0.00574	0.00797	0.00724	0.01131
57	0.80005	0.01377	0.01047	0.00936	0.01377	0.01597	0.00771	0.02093	0.01212	0.03195	0.00991	0.01157	0.00771	0.00661	0.00441	0.00220	0.00551	0.00386	0.00441	0.00771
58	0.01738	0.04252	0.02548	0.03421	0.47832	0.09899	0.03754	0.02087	0.01626	0.02158	0.01686	0.12494	0.01626	0.00881	0.00723	0.00219	0.00841	0.00817	0.00399	0.00998
59	0.37819	0.01782	0.01636	0.01329	0.01830	0.05318	0.01090	0.34982	0.02313	0.03767	0.01354	0.01438	0.00997	0.00761	0.00586	0.00215	0.00702	0.00516	0.00572	0.00992
60	0.00842	0.00721	0.00721	0.00721	0.00962	0.00601	0.00541	0.01022	0.01623	0.01924	0.07213	0.06853	0.70244	0.01803	0.00842	0.00240	0.00361	0.01503	0.00661	0.00601
61	0.01018	0.00790	0.01007	0.01033	0.01201	0.00717	0.00738	0.01190	0.01396	0.01926	0.03454	0.52346	0.07019	0.01836	0.00886	0.00253	0.03107	0.03609	0.00602	0.15872
62	0.06692	0.12173	0.07233	0.01369	0.01936	0.01634	0.01224	0.14565	0.08237	0.31756	0.04600	0.02103	0.01643	0.00839	0.00666	0.00212	0.00677	0.00652	0.00683	0.01106
63	0.01681	0.01921	0.04202	0.03001	0.03721	0.01801	0.67947	0.02281	0.01681	0.02281	0.01441	0.01921	0.01080	0.00600	0.00840	0.00240	0.01200	0.00840	0.00360	0.00960
64	0.00884	0.00632	0.00841	0.00980	0.01036	0.00589	0.00662	0.01032	0.01439	0.01938	0.11621	0.66470	0.04943	0.02141	0.00901	0.00282	0.00404	0.01939	0.00675	0.00589
65	0.02734	0.04497	0.03974	0.01634	0.05371	0.05093	0.07281	0.05438	0.04146	0.46561	0.04245	0.02270	0.01698	0.00837	0.00715	0.00218	0.00724	0.00707	0.00728	0.01130
66	0.44581	0.13982	0.05439	0.01161	0.01673	0.01838	0.01041	0.11870	0.01590	0.02976	0.01167	0.01346	0.00926	0.00904	0.03974	0.00249	0.00712	0.00450	0.00447	0.03673
67	0.03838	0.00781	0.01123	0.01119	0.01251	0.00906	0.00864	0.01289	0.01142	0.01695	0.01891	0.02829	0.01783	0.08547	0.66273	0.01089	0.01800	0.00763	0.00386	0.00631

[dist]
# distance from previous block
# <min> <max>
0	1

[block]
# block no. 4 follows, 29 sequences, length 9
# corresponding to MSA columns:
# 184-192
name=unknown_E
#
# <colnr> <probs for GDERKNQSTAVLIFYWHMCP>
#	G	D	E	R	K	N	Q	S	T	A	V	L	I	F	Y	W	H	M	C	P
0	0.07888	0.05094	0.01745	0.01333	0.01771	0.03957	0.01070	0.25865	0.04984	0.10861	0.01923	0.08567	0.01635	0.05530	0.00955	0.01978	0.03167	0.00743	0.00602	0.10334
1	0.02809	0.01302	0.01636	0.01289	0.01804	0.01228	0.01054	0.11042	0.09283	0.50672	0.03019	0.02696	0.06895	0.00957	0.00726	0.00223	0.00604	0.00776	0.00828	0.01157
2	0.01388	0.00922	0.01060	0.00956	0.01225	0.00864	0.00727	0.09390	0.01904	0.10379	0.19232	0.10331	0.30759	0.06417	0.01002	0.00265	0.00460	0.01270	0.00704	0.00747
3	0.00952	0.00705	0.00846	0.00844	0.00983	0.00645	0.00595	0.01160	0.01653	0.02216	0.33156	0.15124	0.21628	0.14743	0.01346	0.00320	0.00416	0.01398	0.00673	0.00598
4	0.12528	0.05164	0.01941	0.06428	0.02027	0.11712	0.01325	0.11896	0.01641	0.02353	0.01381	0.08165	0.01297	0.01060	0.01269	0.00252	0.27606	0.00688	0.00429	0.00838
5	0.01113	0.00863	0.01108	0.01265	0.09270	0.00817	0.00744	0.01246	0.01279	0.01727	0.02987	0.12366	0.12853	0.36276	0.05560	0.00486	0.00670	0.01105	0.00481	0.07785
6	0.06100	0.00886	0.01052	0.00969	0.01057	0.00955	0.00658	0.01423	0.01205	0.07993	0.06243	0.03912	0.02459	0.50347	0.02839	0.00545	0.09366	0.00933	0.00481	0.00580
7	0.01360	0.01012	0.01325	0.01444	0.09546	0.01011	0.00967	0.01954	0.13398	0.06724	0.30794	0.06220	0.08897	0.05847	0.00981	0.00265	0.00503	0.06250	0.00685	0.00814
8	0.08286	0.01427	0.02310	0.32498	0.13991	0.01532	0.10878	0.04128	0.01539	0.02227	0.01415	0.05118	0.01175	0.00734	0.00693	0.00219	0.00855	0.00681	0.00380	0.09913

[dist]
# distance from previous block
# <min> <max>
0	11

# created by:
# /st0/software/busco_prod/Augustus/scripts/msa2prfl.pl ./align_prep/155952.fa
