[name]
unknown

[dist]
# distance from previous block
# <min> <max>
20	58

[block]
# block no. 0 follows, 29 sequences, length 7
# corresponding to MSA columns:
# 65-71
name=unknown_A
#
# <colnr> <probs for GDERKNQSTAVLIFYWHMCP>
#	G	D	E	R	K	N	Q	S	T	A	V	L	I	F	Y	W	H	M	C	P
0	0.01183	0.00795	0.00917	0.00894	0.01012	0.00792	0.00595	0.01463	0.07655	0.05247	0.08502	0.11101	0.10106	0.38940	0.04312	0.00495	0.00606	0.01138	0.03644	0.00601
1	0.01379	0.01229	0.04339	0.01429	0.06075	0.01168	0.01048	0.06391	0.11432	0.02320	0.05205	0.24926	0.02772	0.06358	0.01060	0.00266	0.05327	0.03022	0.00565	0.13688
2	0.47851	0.04874	0.01213	0.01003	0.01361	0.01456	0.00797	0.08127	0.01451	0.02887	0.01653	0.12755	0.01593	0.05874	0.00754	0.00256	0.00562	0.00717	0.04055	0.00763
3	0.04709	0.03348	0.01604	0.04947	0.01715	0.01431	0.01093	0.12915	0.01894	0.07106	0.24026	0.03171	0.06114	0.01448	0.05736	0.00300	0.16134	0.00881	0.00595	0.00832
4	0.18778	0.01370	0.01544	0.09720	0.02034	0.01446	0.01082	0.13224	0.05194	0.07243	0.01973	0.05586	0.05861	0.00883	0.00713	0.00207	0.04224	0.00675	0.00530	0.17713
5	0.01626	0.06237	0.05198	0.07186	0.02193	0.06219	0.08032	0.10916	0.01713	0.02286	0.02060	0.15613	0.05112	0.01115	0.00976	0.00231	0.12040	0.00902	0.00471	0.09872
6	0.05756	0.01365	0.01695	0.16954	0.05535	0.03664	0.01284	0.11662	0.07844	0.08613	0.02095	0.05801	0.04399	0.01104	0.03243	0.00261	0.07311	0.00751	0.09767	0.00895

[dist]
# distance from previous block
# <min> <max>
9	25

[block]
# block no. 1 follows, 29 sequences, length 7
# corresponding to MSA columns:
# 99-105
name=unknown_B
#
# <colnr> <probs for GDERKNQSTAVLIFYWHMCP>
#	G	D	E	R	K	N	Q	S	T	A	V	L	I	F	Y	W	H	M	C	P
0	0.00959	0.00701	0.00861	0.00947	0.01021	0.00684	0.00631	0.01168	0.04978	0.01783	0.03710	0.44907	0.10245	0.19071	0.04574	0.00411	0.00544	0.01626	0.00599	0.00579
1	0.17653	0.01246	0.01375	0.07227	0.01771	0.01371	0.00991	0.14133	0.11477	0.03101	0.24673	0.06740	0.03256	0.01091	0.00711	0.00228	0.00550	0.00899	0.00646	0.00861
2	0.01058	0.00884	0.01327	0.01133	0.01391	0.00804	0.09534	0.01392	0.01879	0.02560	0.46261	0.05231	0.20923	0.01424	0.00840	0.00230	0.00456	0.01279	0.00699	0.00693
3	0.01279	0.00932	0.01088	0.01014	0.01185	0.00956	0.00722	0.09757	0.07854	0.02479	0.25896	0.13573	0.04085	0.24069	0.01680	0.00376	0.00532	0.01183	0.00645	0.00694
4	0.10106	0.01515	0.01646	0.01312	0.01828	0.10492	0.01065	0.03262	0.01960	0.55702	0.02418	0.02158	0.01561	0.00842	0.00681	0.00215	0.00691	0.00652	0.00773	0.01121
5	0.02353	0.01070	0.01412	0.01154	0.01565	0.00971	0.00925	0.02772	0.06765	0.43134	0.25635	0.03421	0.03471	0.01082	0.00759	0.00223	0.00511	0.00916	0.00837	0.01023
6	0.01964	0.01502	0.01739	0.01705	0.08437	0.01665	0.01218	0.03588	0.53622	0.12166	0.02737	0.02539	0.02017	0.00923	0.00722	0.00236	0.00596	0.00777	0.00710	0.01139

[dist]
# distance from previous block
# <min> <max>
4	17

[block]
# block no. 2 follows, 29 sequences, length 24
# corresponding to MSA columns:
# 123-146
name=unknown_C
#
# <colnr> <probs for GDERKNQSTAVLIFYWHMCP>
#	G	D	E	R	K	N	Q	S	T	A	V	L	I	F	Y	W	H	M	C	P
0	0.01469	0.03031	0.51270	0.01860	0.02782	0.01537	0.05185	0.02260	0.05445	0.02310	0.01377	0.01584	0.01012	0.00662	0.00659	0.00205	0.00934	0.00537	0.00350	0.15531
1	0.02171	0.01829	0.02055	0.02029	0.13918	0.05778	0.01397	0.28719	0.23869	0.03354	0.01965	0.01983	0.01478	0.00826	0.00700	0.00214	0.00737	0.00669	0.00618	0.05690
2	0.01021	0.01060	0.06625	0.01046	0.01360	0.00824	0.04707	0.01395	0.04776	0.02239	0.21237	0.08794	0.39167	0.01542	0.00826	0.00238	0.00470	0.01328	0.00647	0.00698
3	0.01477	0.01266	0.01477	0.01055	0.01687	0.00949	0.00844	0.01793	0.01477	0.02320	0.01266	0.01477	0.01055	0.00527	0.00527	0.00105	0.00527	0.00422	0.00422	0.79328
4	0.02410	0.01838	0.01972	0.01552	0.02091	0.02016	0.01265	0.49176	0.17328	0.03995	0.01930	0.01894	0.01405	0.00853	0.00700	0.00211	0.00716	0.00659	0.00692	0.07294
5	0.01237	0.00618	0.00928	0.00928	0.00928	0.00618	0.00618	0.00928	0.00928	0.01237	0.01237	0.02165	0.01237	0.02474	0.02783	0.79283	0.00618	0.00618	0.00309	0.00309
6	0.03195	0.01212	0.01652	0.01267	0.01818	0.01047	0.01047	0.03470	0.02038	0.71026	0.02809	0.02424	0.01763	0.00881	0.00716	0.00220	0.00606	0.00716	0.00881	0.01212
7	0.01783	0.01839	0.02668	0.20181	0.41766	0.11373	0.05848	0.02195	0.01633	0.02124	0.01295	0.01738	0.01054	0.00664	0.00706	0.00215	0.00951	0.00622	0.00346	0.00997
8	0.01543	0.01226	0.01450	0.01064	0.01658	0.00934	0.00845	0.01846	0.01503	0.06324	0.01506	0.05652	0.01302	0.00644	0.00560	0.00123	0.00526	0.00530	0.00462	0.70301
9	0.12110	0.62524	0.03305	0.01209	0.01786	0.05774	0.01167	0.02159	0.01442	0.01876	0.00995	0.01151	0.00895	0.00622	0.00463	0.00163	0.00758	0.00385	0.00325	0.00891
10	0.02639	0.01912	0.02063	0.01602	0.02155	0.02111	0.01317	0.58846	0.09672	0.07503	0.01877	0.01835	0.01330	0.00867	0.00714	0.00217	0.00754	0.00661	0.00722	0.01203
11	0.01863	0.60994	0.14285	0.01364	0.02041	0.02609	0.01446	0.04969	0.01537	0.01886	0.01066	0.01223	0.00925	0.00630	0.00502	0.00166	0.00808	0.00415	0.00321	0.00948
12	0.01404	0.03510	0.67158	0.01963	0.02963	0.01596	0.02516	0.02202	0.01533	0.02290	0.05320	0.01727	0.01243	0.00722	0.00686	0.00225	0.01010	0.00571	0.00329	0.01030
13	0.01477	0.01266	0.01477	0.01055	0.01687	0.00949	0.00844	0.01793	0.01477	0.02320	0.01266	0.01477	0.01055	0.00527	0.00527	0.00105	0.00527	0.00422	0.00422	0.79328
14	0.01477	0.01266	0.01477	0.01055	0.01687	0.00949	0.00844	0.01793	0.01477	0.02320	0.01266	0.01477	0.01055	0.00527	0.00527	0.00105	0.00527	0.00422	0.00422	0.79328
15	0.01477	0.01266	0.01477	0.01055	0.01687	0.00949	0.00844	0.01793	0.01477	0.02320	0.01266	0.01477	0.01055	0.00527	0.00527	0.00105	0.00527	0.00422	0.00422	0.79328
16	0.01237	0.00618	0.00928	0.00928	0.00928	0.00618	0.00618	0.00928	0.00928	0.01237	0.01237	0.02165	0.01237	0.02474	0.02783	0.79283	0.00618	0.00618	0.00309	0.00309
17	0.03195	0.01212	0.01652	0.01267	0.01818	0.01047	0.01047	0.03470	0.02038	0.71026	0.02809	0.02424	0.01763	0.00881	0.00716	0.00220	0.00606	0.00716	0.00881	0.01212
18	0.01557	0.01534	0.02748	0.38950	0.13312	0.01685	0.19204	0.04133	0.05644	0.02161	0.01433	0.01925	0.01089	0.00692	0.00745	0.00234	0.00973	0.00698	0.00369	0.00914
19	0.07091	0.27487	0.06448	0.01574	0.02075	0.37476	0.01355	0.05312	0.01804	0.01955	0.01093	0.01259	0.00919	0.00689	0.00572	0.00179	0.01029	0.00439	0.00361	0.00881
20	0.01428	0.03683	0.71286	0.02030	0.03082	0.01654	0.02631	0.02255	0.01503	0.02255	0.01278	0.01503	0.00902	0.00677	0.00677	0.00226	0.01052	0.00526	0.00301	0.01052
21	0.41518	0.01409	0.01424	0.05206	0.01813	0.01523	0.00992	0.10441	0.04779	0.18782	0.01610	0.01639	0.01138	0.00746	0.00569	0.00216	0.00614	0.00527	0.00580	0.04475
22	0.01878	0.01850	0.02970	0.08622	0.23505	0.08725	0.24282	0.05996	0.01779	0.05590	0.01536	0.02066	0.01236	0.00717	0.00753	0.00223	0.00986	0.03463	0.00414	0.03410
23	0.12083	0.02121	0.12047	0.02345	0.17298	0.09175	0.10007	0.14755	0.01927	0.04849	0.01539	0.05857	0.01265	0.00792	0.00691	0.00220	0.00884	0.00679	0.00462	0.01004

[dist]
# distance from previous block
# <min> <max>
1	5

[block]
# block no. 3 follows, 29 sequences, length 86
# corresponding to MSA columns:
# 152-237
name=unknown_D
#
# <colnr> <probs for GDERKNQSTAVLIFYWHMCP>
#	G	D	E	R	K	N	Q	S	T	A	V	L	I	F	Y	W	H	M	C	P
0	0.01993	0.02215	0.12107	0.02422	0.03128	0.04101	0.37074	0.22492	0.02180	0.02937	0.01492	0.01783	0.01092	0.00692	0.00774	0.00228	0.01056	0.00727	0.00461	0.01045
1	0.05158	0.02259	0.16588	0.02358	0.05488	0.01884	0.29515	0.22461	0.02136	0.02991	0.01469	0.01737	0.01074	0.00697	0.00748	0.00227	0.01004	0.00691	0.00459	0.01054
2	0.21954	0.01731	0.01710	0.01387	0.01883	0.04053	0.01130	0.35406	0.10597	0.07447	0.01942	0.01924	0.04097	0.00857	0.00649	0.00219	0.00687	0.00631	0.00642	0.01053
3	0.01018	0.00696	0.00789	0.00784	0.00818	0.00682	0.00463	0.01064	0.01175	0.01565	0.09203	0.04889	0.08075	0.62346	0.03145	0.00611	0.00631	0.01095	0.00483	0.00468
4	0.01504	0.05856	0.53225	0.02227	0.03186	0.01730	0.17796	0.02257	0.01543	0.02240	0.01305	0.01588	0.00944	0.00656	0.00707	0.00226	0.01076	0.00594	0.00315	0.01026
5	0.00935	0.00734	0.00852	0.00829	0.01035	0.00640	0.00616	0.01180	0.01759	0.02317	0.33015	0.11983	0.35598	0.01653	0.00836	0.00233	0.00361	0.01422	0.00704	0.03296
6	0.01477	0.01266	0.01477	0.01055	0.01687	0.00949	0.00844	0.01793	0.01477	0.02320	0.01266	0.01477	0.01055	0.00527	0.00527	0.00105	0.00527	0.00422	0.00422	0.79328
7	0.01036	0.00690	0.00777	0.00777	0.00777	0.00690	0.00431	0.01036	0.01036	0.01381	0.02244	0.04660	0.02589	0.74975	0.03624	0.00690	0.00690	0.01036	0.00431	0.00431
8	0.04435	0.00765	0.00990	0.00984	0.01109	0.00828	0.00721	0.01220	0.01208	0.01725	0.04777	0.03774	0.10676	0.21746	0.40933	0.00850	0.01304	0.00923	0.00444	0.00588
9	0.01313	0.00795	0.01049	0.00948	0.01169	0.00724	0.00724	0.01640	0.02019	0.12353	0.60775	0.04916	0.06028	0.01376	0.00823	0.00223	0.00374	0.01208	0.00797	0.00747
10	0.01017	0.00763	0.01144	0.01144	0.01272	0.00890	0.00890	0.01272	0.01144	0.01653	0.01907	0.02797	0.01780	0.05340	0.72153	0.01144	0.01907	0.00763	0.00381	0.00636
11	0.00868	0.00620	0.00826	0.00991	0.01033	0.00578	0.00661	0.00991	0.01363	0.01818	0.03925	0.74510	0.04710	0.02231	0.00909	0.00289	0.00413	0.02024	0.00661	0.00578
12	0.00969	0.00645	0.00862	0.01003	0.01067	0.00599	0.00678	0.01099	0.01393	0.04828	0.03876	0.71375	0.04581	0.02172	0.00900	0.00286	0.00422	0.01967	0.00671	0.00606
13	0.03084	0.01237	0.01649	0.01281	0.01820	0.01103	0.01053	0.03495	0.07259	0.65740	0.02816	0.02442	0.01795	0.00888	0.00717	0.00222	0.00603	0.00723	0.00869	0.01205
14	0.02707	0.01995	0.02137	0.01638	0.02208	0.02208	0.01353	0.68159	0.03348	0.04488	0.01710	0.01710	0.01211	0.00855	0.00712	0.00214	0.00784	0.00641	0.00712	0.01211
15	0.03114	0.01261	0.01673	0.01292	0.01837	0.01130	0.01064	0.06499	0.04853	0.65135	0.02762	0.02400	0.01754	0.00884	0.00716	0.00221	0.00612	0.00716	0.00867	0.01208
16	0.00918	0.00724	0.00828	0.00802	0.01009	0.00634	0.00601	0.01170	0.01804	0.02354	0.36274	0.06145	0.40916	0.01643	0.00841	0.00233	0.00349	0.01404	0.00718	0.00634
17	0.01771	0.01530	0.01610	0.01449	0.01852	0.01771	0.01127	0.03784	0.69247	0.02979	0.02898	0.02657	0.02174	0.00966	0.00725	0.00242	0.00564	0.00805	0.00725	0.01127
18	0.03195	0.01212	0.01652	0.01267	0.01818	0.01047	0.01047	0.03470	0.02038	0.71026	0.02809	0.02424	0.01763	0.00881	0.00716	0.00220	0.00606	0.00716	0.00881	0.01212
19	0.00842	0.00721	0.00721	0.00721	0.00962	0.00601	0.00541	0.01022	0.01623	0.01924	0.07213	0.06853	0.70244	0.01803	0.00842	0.00240	0.00361	0.01503	0.00661	0.00601
20	0.03195	0.01212	0.01652	0.01267	0.01818	0.01047	0.01047	0.03470	0.02038	0.71026	0.02809	0.02424	0.01763	0.00881	0.00716	0.00220	0.00606	0.00716	0.00881	0.01212
21	0.03195	0.01212	0.01652	0.01267	0.01818	0.01047	0.01047	0.03470	0.02038	0.71026	0.02809	0.02424	0.01763	0.00881	0.00716	0.00220	0.00606	0.00716	0.00881	0.01212
22	0.00857	0.00722	0.00743	0.00737	0.00971	0.00608	0.00553	0.01052	0.01659	0.02009	0.13001	0.06712	0.64403	0.01771	0.00841	0.00239	0.00358	0.01483	0.00673	0.00608
23	0.80005	0.01377	0.01047	0.00936	0.01377	0.01597	0.00771	0.02093	0.01212	0.03195	0.00991	0.01157	0.00771	0.00661	0.00441	0.00220	0.00551	0.00386	0.00441	0.00771
24	0.02707	0.01995	0.02137	0.01638	0.02208	0.02208	0.01353	0.68159	0.03348	0.04488	0.01710	0.01710	0.01211	0.00855	0.00712	0.00214	0.00784	0.00641	0.00712	0.01211
25	0.00947	0.00729	0.00868	0.00844	0.01041	0.00650	0.00640	0.01221	0.01842	0.02451	0.42092	0.06051	0.32016	0.01617	0.00847	0.00235	0.00360	0.04177	0.00729	0.00643
26	0.01036	0.00690	0.00777	0.00777	0.00777	0.00690	0.00431	0.01036	0.01036	0.01381	0.02244	0.04660	0.02589	0.74975	0.03624	0.00690	0.00690	0.01036	0.00431	0.00431
27	0.01428	0.03683	0.71286	0.02030	0.03082	0.01654	0.02631	0.02255	0.01503	0.02255	0.01278	0.01503	0.00902	0.00677	0.00677	0.00226	0.01052	0.00526	0.00301	0.01052
28	0.01017	0.00763	0.01144	0.01144	0.01272	0.00890	0.00890	0.01272	0.01144	0.01653	0.01907	0.02797	0.01780	0.05340	0.72153	0.01144	0.01907	0.00763	0.00381	0.00636
29	0.01624	0.01069	0.01275	0.01106	0.01413	0.01065	0.00863	0.12737	0.08443	0.11931	0.36193	0.06724	0.10037	0.01294	0.00795	0.00227	0.00471	0.01107	0.00765	0.00864
30	0.02668	0.03167	0.02037	0.01803	0.02202	0.60774	0.01372	0.13440	0.02234	0.02188	0.01199	0.01353	0.00965	0.00753	0.00653	0.00188	0.01203	0.00488	0.00423	0.00888
31	0.01677	0.04059	0.03676	0.03251	0.22488	0.01750	0.44473	0.02196	0.01644	0.02256	0.01501	0.04858	0.01239	0.00678	0.00793	0.00231	0.01054	0.00817	0.00369	0.00991
32	0.01899	0.02039	0.02480	0.20139	0.36869	0.20223	0.01922	0.02271	0.01679	0.02052	0.01259	0.01669	0.01030	0.00679	0.00690	0.00210	0.00986	0.00588	0.00348	0.00968
33	0.01477	0.01266	0.01477	0.01055	0.01687	0.00949	0.00844	0.01793	0.01477	0.02320	0.01266	0.01477	0.01055	0.00527	0.00527	0.00105	0.00527	0.00422	0.00422	0.79328
34	0.01008	0.00728	0.00952	0.00896	0.01064	0.00672	0.00672	0.01344	0.02016	0.02855	0.70158	0.05319	0.06719	0.01456	0.00840	0.00224	0.00336	0.01288	0.00784	0.00672
35	0.01036	0.00690	0.00777	0.00777	0.00777	0.00690	0.00431	0.01036	0.01036	0.01381	0.02244	0.04660	0.02589	0.74975	0.03624	0.00690	0.00690	0.01036	0.00431	0.00431
36	0.80005	0.01377	0.01047	0.00936	0.01377	0.01597	0.00771	0.02093	0.01212	0.03195	0.00991	0.01157	0.00771	0.00661	0.00441	0.00220	0.00551	0.00386	0.00441	0.00771
37	0.00955	0.00719	0.00884	0.00858	0.01036	0.00647	0.00638	0.01237	0.01869	0.02544	0.49397	0.10589	0.22817	0.01599	0.00845	0.00233	0.00348	0.01395	0.00744	0.00647
38	0.00871	0.00628	0.00825	0.00976	0.01030	0.00582	0.00656	0.01004	0.01395	0.01854	0.06097	0.69247	0.07827	0.02187	0.00904	0.00285	0.00408	0.01978	0.00665	0.00582
39	0.23411	0.11647	0.04324	0.01711	0.08854	0.22112	0.01280	0.07230	0.06572	0.02492	0.01285	0.01463	0.01036	0.00853	0.02778	0.00230	0.00895	0.00496	0.00427	0.00904
40	0.02672	0.01943	0.02092	0.01616	0.02176	0.02146	0.01331	0.62484	0.06928	0.06601	0.01811	0.01785	0.01282	0.00862	0.00713	0.00215	0.00766	0.00653	0.00719	0.01206
41	0.01878	0.71461	0.07445	0.01263	0.01897	0.02754	0.01296	0.02139	0.01450	0.01707	0.01006	0.01162	0.00913	0.00613	0.00469	0.00156	0.00777	0.00389	0.00304	0.00921
42	0.02705	0.02051	0.02132	0.01646	0.02208	0.05013	0.01354	0.65538	0.03295	0.04378	0.01685	0.01693	0.01199	0.00850	0.00710	0.00212	0.00804	0.00634	0.00698	0.01195
43	0.00896	0.00727	0.00797	0.00789	0.01008	0.00628	0.00599	0.01122	0.01723	0.02169	0.23072	0.06510	0.51446	0.01722	0.00847	0.00240	0.00366	0.04026	0.00692	0.00621
44	0.01028	0.00687	0.00779	0.00787	0.00789	0.00685	0.00442	0.01033	0.01051	0.01401	0.02322	0.07917	0.02688	0.71583	0.03498	0.00672	0.00677	0.01082	0.00442	0.00438
45	0.01017	0.00763	0.01144	0.01144	0.01272	0.00890	0.00890	0.01272	0.01144	0.01653	0.01907	0.02797	0.01780	0.05340	0.72153	0.01144	0.01907	0.00763	0.00381	0.00636
46	0.02964	0.01263	0.01646	0.01296	0.01823	0.01164	0.01060	0.03521	0.12942	0.59986	0.02824	0.02461	0.01829	0.00895	0.00717	0.00224	0.00599	0.00731	0.00856	0.01198
47	0.01477	0.01266	0.01477	0.01055	0.01687	0.00949	0.00844	0.01793	0.01477	0.02320	0.01266	0.01477	0.01055	0.00527	0.00527	0.00105	0.00527	0.00422	0.00422	0.79328
48	0.00916	0.00663	0.00865	0.00943	0.01040	0.00613	0.00658	0.01118	0.01608	0.02190	0.27498	0.46353	0.09022	0.01934	0.00881	0.00263	0.00383	0.01735	0.00704	0.00613
49	0.00868	0.00620	0.00826	0.00991	0.01033	0.00578	0.00661	0.00991	0.01363	0.01818	0.03925	0.74510	0.04710	0.02231	0.00909	0.00289	0.00413	0.02024	0.00661	0.00578
50	0.80005	0.01377	0.01047	0.00936	0.01377	0.01597	0.00771	0.02093	0.01212	0.03195	0.00991	0.01157	0.00771	0.00661	0.00441	0.00220	0.00551	0.00386	0.00441	0.00771
51	0.01036	0.00690	0.00777	0.00777	0.00777	0.00690	0.00431	0.01036	0.01036	0.01381	0.02244	0.04660	0.02589	0.74975	0.03624	0.00690	0.00690	0.01036	0.00431	0.00431
52	0.01036	0.00690	0.00777	0.00777	0.00777	0.00690	0.00431	0.01036	0.01036	0.01381	0.02244	0.04660	0.02589	0.74975	0.03624	0.00690	0.00690	0.01036	0.00431	0.00431
53	0.02513	0.01061	0.01434	0.01151	0.01583	0.00930	0.00930	0.02808	0.02031	0.49789	0.23790	0.03326	0.03307	0.01060	0.00755	0.00221	0.00522	0.00894	0.00851	0.01044
54	0.00998	0.00681	0.00782	0.00809	0.00829	0.00667	0.00475	0.01028	0.01121	0.01482	0.02791	0.16153	0.06654	0.59108	0.03029	0.00600	0.00627	0.01222	0.00481	0.00465
55	0.01771	0.01530	0.01610	0.01449	0.01852	0.01771	0.01127	0.03784	0.69247	0.02979	0.02898	0.02657	0.02174	0.00966	0.00725	0.00242	0.00564	0.00805	0.00725	0.01127
56	0.80005	0.01377	0.01047	0.00936	0.01377	0.01597	0.00771	0.02093	0.01212	0.03195	0.00991	0.01157	0.00771	0.00661	0.00441	0.00220	0.00551	0.00386	0.00441	0.00771
57	0.00860	0.00721	0.00739	0.00735	0.00961	0.00609	0.00545	0.01043	0.01625	0.01962	0.11118	0.06663	0.63326	0.04779	0.00956	0.00258	0.00373	0.01470	0.00660	0.00599
58	0.01477	0.01266	0.01477	0.01055	0.01687	0.00949	0.00844	0.01793	0.01477	0.02320	0.01266	0.01477	0.01055	0.00527	0.00527	0.00105	0.00527	0.00422	0.00422	0.79328
59	0.01873	0.01563	0.01658	0.01453	0.01870	0.01788	0.01140	0.12851	0.57078	0.03188	0.05514	0.02632	0.02225	0.00970	0.00728	0.00237	0.00585	0.00802	0.00725	0.01120
60	0.02784	0.01870	0.02060	0.01579	0.02146	0.02024	0.01305	0.57907	0.03140	0.15033	0.01884	0.01823	0.01298	0.00859	0.00713	0.00215	0.00755	0.00653	0.00739	0.01211
61	0.07004	0.01156	0.01504	0.01196	0.01673	0.01046	0.00974	0.03062	0.04772	0.53419	0.13640	0.02833	0.02529	0.00966	0.00721	0.00222	0.00557	0.00794	0.00835	0.01096
62	0.01034	0.00697	0.00811	0.00811	0.00822	0.00709	0.00474	0.01057	0.01046	0.01406	0.02213	0.04488	0.02514	0.68553	0.09944	0.00732	0.00803	0.01010	0.00427	0.00450
63	0.00868	0.00620	0.00826	0.00991	0.01033	0.00578	0.00661	0.00991	0.01363	0.01818	0.03925	0.74510	0.04710	0.02231	0.00909	0.00289	0.00413	0.02024	0.00661	0.00578
64	0.01237	0.00618	0.00928	0.00928	0.00928	0.00618	0.00618	0.00928	0.00928	0.01237	0.01237	0.02165	0.01237	0.02474	0.02783	0.79283	0.00618	0.00618	0.00309	0.00309
65	0.01028	0.00691	0.00799	0.00806	0.00814	0.00697	0.00466	0.01047	0.01055	0.01414	0.02295	0.07450	0.02632	0.68135	0.07279	0.00699	0.00746	0.01061	0.00438	0.00449
66	0.01762	0.01692	0.02890	0.04371	0.70533	0.01692	0.02185	0.02185	0.01621	0.02326	0.01339	0.01762	0.01128	0.00634	0.00705	0.00211	0.00846	0.00634	0.00352	0.01128
67	0.02724	0.01967	0.02120	0.01625	0.02195	0.02168	0.01343	0.65919	0.03303	0.06792	0.01748	0.01734	0.01230	0.00856	0.00712	0.00214	0.00777	0.00644	0.00718	0.01211
68	0.01008	0.00728	0.00952	0.00896	0.01064	0.00672	0.00672	0.01344	0.02016	0.02855	0.70158	0.05319	0.06719	0.01456	0.00840	0.00224	0.00336	0.01288	0.00784	0.00672
69	0.01593	0.02541	0.28078	0.02702	0.05797	0.01745	0.42389	0.02268	0.01615	0.02273	0.01379	0.01766	0.01018	0.00629	0.00777	0.00234	0.01135	0.00721	0.00339	0.00999
70	0.02135	0.01020	0.01341	0.01116	0.01488	0.00931	0.00887	0.02555	0.06605	0.36382	0.32464	0.03714	0.03972	0.01140	0.00771	0.00223	0.00484	0.00974	0.00828	0.00968
71	0.03195	0.01212	0.01652	0.01267	0.01818	0.01047	0.01047	0.03470	0.02038	0.71026	0.02809	0.02424	0.01763	0.00881	0.00716	0.00220	0.00606	0.00716	0.00881	0.01212
72	0.02660	0.03394	0.02018	0.01834	0.02201	0.72116	0.01376	0.02843	0.02018	0.01743	0.01101	0.01284	0.00917	0.00734	0.00642	0.00183	0.01284	0.00459	0.00367	0.00825
73	0.01762	0.01692	0.02890	0.04371	0.70533	0.01692	0.02185	0.02185	0.01621	0.02326	0.01339	0.01762	0.01128	0.00634	0.00705	0.00211	0.00846	0.00634	0.00352	0.01128
74	0.01428	0.03683	0.71286	0.02030	0.03082	0.01654	0.02631	0.02255	0.01503	0.02255	0.01278	0.01503	0.00902	0.00677	0.00677	0.00226	0.01052	0.00526	0.00301	0.01052
75	0.03195	0.01212	0.01652	0.01267	0.01818	0.01047	0.01047	0.03470	0.02038	0.71026	0.02809	0.02424	0.01763	0.00881	0.00716	0.00220	0.00606	0.00716	0.00881	0.01212
76	0.01587	0.06471	0.57301	0.02041	0.03009	0.01680	0.08880	0.02330	0.01553	0.06639	0.01379	0.01588	0.00975	0.00679	0.00686	0.00223	0.01026	0.00563	0.00344	0.01048
77	0.01450	0.07027	0.68136	0.01992	0.03023	0.01708	0.02565	0.02249	0.01501	0.02228	0.01264	0.01487	0.00903	0.00673	0.00666	0.00222	0.01039	0.00519	0.00301	0.01046
78	0.01681	0.01921	0.04202	0.03001	0.03721	0.01801	0.67947	0.02281	0.01681	0.02281	0.01441	0.01921	0.01080	0.00600	0.00840	0.00240	0.01200	0.00840	0.00360	0.00960
79	0.01904	0.75404	0.03731	0.01218	0.01828	0.02818	0.01218	0.02132	0.01447	0.01675	0.00990	0.01142	0.00914	0.00609	0.00457	0.00152	0.00761	0.00381	0.00305	0.00914
80	0.01544	0.01469	0.02495	0.40468	0.36146	0.01634	0.02076	0.01994	0.01518	0.02061	0.01301	0.01834	0.01034	0.00675	0.00709	0.00225	0.00900	0.00634	0.00334	0.00951
81	0.01398	0.01320	0.02231	0.64522	0.13232	0.01596	0.02004	0.01866	0.01449	0.01884	0.01275	0.01881	0.00972	0.00702	0.00711	0.00234	0.00936	0.00633	0.00321	0.00834
82	0.01904	0.75404	0.03731	0.01218	0.01828	0.02818	0.01218	0.02132	0.01447	0.01675	0.00990	0.01142	0.00914	0.00609	0.00457	0.00152	0.00761	0.00381	0.00305	0.00914
83	0.80005	0.01377	0.01047	0.00936	0.01377	0.01597	0.00771	0.02093	0.01212	0.03195	0.00991	0.01157	0.00771	0.00661	0.00441	0.00220	0.00551	0.00386	0.00441	0.00771
84	0.01021	0.00749	0.01075	0.01075	0.01178	0.00852	0.00803	0.01227	0.01124	0.01601	0.01971	0.03150	0.01933	0.18537	0.59167	0.01058	0.01677	0.00815	0.00391	0.00597
85	0.01083	0.00866	0.01298	0.19357	0.04928	0.00925	0.01137	0.01340	0.01428	0.01881	0.03060	0.38317	0.03425	0.04404	0.00965	0.00295	0.00621	0.13453	0.00552	0.00663

[dist]
# distance from previous block
# <min> <max>
0	0

# created by:
# /st0/software/busco_prod/Augustus/scripts/msa2prfl.pl ./align_prep/156266.fa
