[name]
unknown

[dist]
# distance from previous block
# <min> <max>
0	53

[block]
# block no. 0 follows, 26 sequences, length 11
# corresponding to MSA columns:
# 53-63
name=unknown_A
#
# <colnr> <probs for GDERKNQSTAVLIFYWHMCP>
#	G	D	E	R	K	N	Q	S	T	A	V	L	I	F	Y	W	H	M	C	P
0	0.01222	0.00873	0.01222	0.01397	0.01572	0.00873	0.01222	0.01572	0.01746	0.02270	0.04016	0.08556	0.04365	0.02095	0.01048	0.00349	0.00698	0.63506	0.00698	0.00698
1	0.09643	0.01305	0.01707	0.01320	0.01897	0.01163	0.01091	0.03575	0.02098	0.63690	0.02832	0.02470	0.01790	0.00919	0.00738	0.00235	0.00641	0.00734	0.00900	0.01252
2	0.01497	0.01056	0.01189	0.01073	0.01239	0.01098	0.00737	0.16172	0.01827	0.02464	0.10419	0.09598	0.03130	0.42321	0.02557	0.00524	0.00689	0.01120	0.00594	0.00695
3	0.02820	0.01284	0.01657	0.01328	0.01824	0.01194	0.01074	0.08457	0.06799	0.47009	0.12092	0.06026	0.02736	0.01091	0.00790	0.00239	0.00609	0.00909	0.00887	0.01175
4	0.01902	0.02084	0.02455	0.09517	0.02575	0.17031	0.06886	0.02149	0.01466	0.01893	0.01116	0.01666	0.01006	0.01092	0.01781	0.00288	0.43242	0.00646	0.00349	0.00858
5	0.01677	0.01219	0.01403	0.01258	0.01517	0.03548	0.00996	0.16522	0.01894	0.02763	0.02029	0.02554	0.01697	0.02876	0.29278	0.00623	0.04565	0.00735	0.22005	0.00841
6	0.01211	0.00912	0.01092	0.01105	0.01280	0.00882	0.00774	0.05612	0.06682	0.02216	0.03581	0.44620	0.06456	0.10913	0.01261	0.00331	0.00525	0.01638	0.00657	0.08250
7	0.01718	0.01048	0.01301	0.01191	0.01478	0.01001	0.00892	0.08861	0.04851	0.15119	0.13066	0.31826	0.03890	0.03593	0.00938	0.00271	0.00533	0.01410	0.00752	0.06259
8	0.02337	0.01279	0.01576	0.01309	0.01773	0.01211	0.01034	0.05715	0.14947	0.30673	0.06750	0.12935	0.02609	0.01152	0.00775	0.00234	0.00587	0.00976	0.00792	0.11336
9	0.01252	0.00824	0.01092	0.04317	0.01363	0.00777	0.00790	0.01548	0.01931	0.08059	0.43481	0.15504	0.08217	0.06132	0.01076	0.00282	0.00449	0.01401	0.00771	0.00734
10	0.01855	0.01622	0.02226	0.04748	0.02396	0.01519	0.10927	0.14204	0.01956	0.02839	0.01443	0.01717	0.01146	0.00699	0.00784	0.00177	0.05391	0.00585	0.00486	0.43280

[dist]
# distance from previous block
# <min> <max>
41	60

[block]
# block no. 1 follows, 26 sequences, length 7
# corresponding to MSA columns:
# 138-144
name=unknown_B
#
# <colnr> <probs for GDERKNQSTAVLIFYWHMCP>
#	G	D	E	R	K	N	Q	S	T	A	V	L	I	F	Y	W	H	M	C	P
0	0.02373	0.01735	0.15550	0.01413	0.02006	0.01197	0.01360	0.05774	0.02073	0.34636	0.14705	0.03141	0.05818	0.01049	0.00776	0.00235	0.00677	0.00867	0.03516	0.01099
1	0.10967	0.02019	0.11518	0.03452	0.39428	0.01736	0.08821	0.02459	0.01706	0.08536	0.01526	0.01847	0.01181	0.00705	0.00730	0.00232	0.00910	0.00661	0.00431	0.01136
2	0.02132	0.02291	0.23651	0.01603	0.02393	0.01486	0.01643	0.12542	0.02017	0.16273	0.01759	0.01825	0.01249	0.00744	0.00685	0.00197	0.00802	0.00585	0.00555	0.25566
3	0.01994	0.01658	0.03134	0.05488	0.11811	0.01555	0.31627	0.02489	0.01872	0.14986	0.09595	0.02523	0.01991	0.00808	0.00828	0.00238	0.00954	0.00865	0.00541	0.05044
4	0.02125	0.08004	0.32475	0.02058	0.02917	0.01912	0.11391	0.15731	0.02105	0.11568	0.01672	0.01812	0.01177	0.00771	0.00743	0.00234	0.01000	0.00650	0.00501	0.01153
5	0.09946	0.01729	0.01888	0.01435	0.02048	0.01737	0.01176	0.33127	0.02571	0.10726	0.01722	0.01766	0.01254	0.00784	0.00669	0.00193	0.00705	0.00592	0.00653	0.25279
6	0.04994	0.02945	0.34345	0.01908	0.02692	0.08480	0.04894	0.16386	0.02148	0.02989	0.09279	0.02109	0.01765	0.00861	0.00744	0.00233	0.00978	0.00685	0.00493	0.01071

[dist]
# distance from previous block
# <min> <max>
4	5

[block]
# block no. 2 follows, 26 sequences, length 71
# corresponding to MSA columns:
# 150-220
name=unknown_C
#
# <colnr> <probs for GDERKNQSTAVLIFYWHMCP>
#	G	D	E	R	K	N	Q	S	T	A	V	L	I	F	Y	W	H	M	C	P
0	0.11856	0.04359	0.01739	0.01293	0.01831	0.01304	0.01071	0.07303	0.02130	0.48011	0.08978	0.02619	0.02194	0.00957	0.00730	0.00232	0.00630	0.00761	0.00836	0.01167
1	0.06649	0.52353	0.12757	0.01399	0.02072	0.02552	0.01453	0.02297	0.01544	0.04872	0.01236	0.01429	0.01053	0.00956	0.04425	0.00240	0.00902	0.00466	0.00364	0.00982
2	0.03144	0.01430	0.01813	0.01420	0.01988	0.01357	0.01163	0.10812	0.10919	0.53134	0.02872	0.02528	0.01869	0.00948	0.00764	0.00237	0.00661	0.00766	0.00896	0.01279
3	0.01085	0.00733	0.00827	0.00836	0.00849	0.00725	0.00477	0.01100	0.01148	0.01519	0.02711	0.08345	0.05775	0.66747	0.03589	0.00693	0.00706	0.01176	0.00482	0.00475
4	0.02165	0.01833	0.01868	0.01609	0.02079	0.04946	0.01270	0.18799	0.49236	0.03500	0.02702	0.02526	0.02013	0.00990	0.00765	0.00248	0.00689	0.00800	0.00752	0.01208
5	0.02125	0.02870	0.16977	0.02205	0.02751	0.23782	0.12938	0.07603	0.01872	0.02301	0.01290	0.01634	0.01033	0.00871	0.01121	0.00247	0.16382	0.00627	0.00391	0.00978
6	0.01089	0.00746	0.00868	0.00861	0.00901	0.00740	0.00522	0.01154	0.01260	0.01695	0.10188	0.05047	0.06380	0.57874	0.07084	0.00682	0.00747	0.01142	0.00512	0.00510
7	0.01877	0.01802	0.03079	0.04656	0.68612	0.01802	0.02328	0.02328	0.01727	0.02478	0.01427	0.01877	0.01201	0.00676	0.00751	0.00225	0.00901	0.00676	0.00375	0.01201
8	0.01659	0.01659	0.02323	0.01991	0.01991	0.02323	0.01659	0.01825	0.01162	0.01825	0.00996	0.01659	0.00996	0.01328	0.02489	0.00332	0.71955	0.00664	0.00332	0.00830
9	0.00953	0.00683	0.00906	0.01036	0.01107	0.00635	0.00706	0.01129	0.01588	0.02152	0.16654	0.59761	0.05434	0.02216	0.00954	0.00295	0.00424	0.02003	0.00730	0.00635
10	0.00924	0.00660	0.00880	0.01056	0.01100	0.00616	0.00704	0.01056	0.01452	0.01936	0.04181	0.72848	0.05017	0.02376	0.00968	0.00308	0.00440	0.02156	0.00704	0.00616
11	0.00924	0.00660	0.00880	0.01056	0.01100	0.00616	0.00704	0.01056	0.01452	0.01936	0.04181	0.72848	0.05017	0.02376	0.00968	0.00308	0.00440	0.02156	0.00704	0.00616
12	0.01573	0.01348	0.01573	0.01123	0.01798	0.01011	0.00899	0.01910	0.01573	0.02472	0.01348	0.01573	0.01123	0.00562	0.00562	0.00112	0.00562	0.00449	0.00449	0.77980
13	0.00941	0.00770	0.00830	0.00815	0.01052	0.00659	0.00611	0.01175	0.01834	0.02298	0.22879	0.06890	0.52953	0.01828	0.00896	0.00252	0.00378	0.01543	0.00737	0.00659
14	0.01634	0.01403	0.01477	0.01348	0.01728	0.01562	0.01042	0.03271	0.50009	0.02921	0.06984	0.03934	0.16978	0.01247	0.00805	0.00256	0.00542	0.01043	0.00760	0.01056
15	0.02028	0.73799	0.03975	0.01298	0.01947	0.03001	0.01298	0.02271	0.01541	0.01785	0.01055	0.01217	0.00973	0.00649	0.00487	0.00162	0.00811	0.00406	0.00324	0.00973
16	0.07503	0.01387	0.02277	0.63097	0.04876	0.01696	0.04708	0.01982	0.01511	0.02074	0.01333	0.01961	0.01002	0.00749	0.00741	0.00251	0.00989	0.00663	0.00349	0.00849
17	0.02833	0.03615	0.02149	0.01954	0.02345	0.70298	0.01466	0.03029	0.02149	0.01856	0.01172	0.01368	0.00977	0.00782	0.00684	0.00195	0.01368	0.00489	0.00391	0.00879
18	0.01573	0.01348	0.01573	0.01123	0.01798	0.01011	0.00899	0.01910	0.01573	0.02472	0.01348	0.01573	0.01123	0.00562	0.00562	0.00112	0.00562	0.00449	0.00449	0.77980
19	0.01085	0.00808	0.01195	0.01195	0.01322	0.00935	0.00918	0.01339	0.01212	0.01743	0.02054	0.03101	0.01949	0.09824	0.66274	0.01189	0.01952	0.00830	0.00410	0.00664
20	0.00924	0.00660	0.00880	0.01056	0.01100	0.00616	0.00704	0.01056	0.01452	0.01936	0.04181	0.72848	0.05017	0.02376	0.00968	0.00308	0.00440	0.02156	0.00704	0.00616
21	0.02883	0.02125	0.02276	0.01745	0.02352	0.02352	0.01442	0.66082	0.03566	0.04780	0.01821	0.01821	0.01290	0.00911	0.00759	0.00228	0.00835	0.00683	0.00759	0.01290
22	0.01521	0.03923	0.69413	0.02162	0.03283	0.01762	0.02802	0.02402	0.01601	0.02402	0.01361	0.01601	0.00961	0.00721	0.00721	0.00240	0.01121	0.00560	0.00320	0.01121
23	0.78701	0.01467	0.01115	0.00997	0.01467	0.01702	0.00821	0.02230	0.01291	0.03403	0.01056	0.01232	0.00821	0.00704	0.00469	0.00235	0.00587	0.00411	0.00469	0.00821
24	0.02047	0.01709	0.01806	0.01576	0.02034	0.01962	0.01239	0.14031	0.56979	0.03432	0.02883	0.02667	0.02150	0.01010	0.00770	0.00252	0.00638	0.00829	0.00770	0.01215
25	0.01472	0.01388	0.02346	0.65628	0.10810	0.01696	0.02126	0.01972	0.01535	0.01986	0.01355	0.02009	0.01028	0.00751	0.00758	0.00250	0.01001	0.00674	0.00340	0.00874
26	0.01790	0.02046	0.04476	0.03197	0.03964	0.01918	0.65857	0.02430	0.01790	0.02430	0.01535	0.02046	0.01151	0.00639	0.00895	0.00256	0.01279	0.00895	0.00384	0.01023
27	0.03403	0.01291	0.01760	0.01350	0.01936	0.01115	0.01115	0.03697	0.02171	0.69137	0.02992	0.02582	0.01878	0.00939	0.00763	0.00235	0.00645	0.00763	0.00939	0.01291
28	0.02603	0.01157	0.01482	0.01201	0.01678	0.01021	0.00970	0.02973	0.05465	0.46186	0.07740	0.03879	0.17858	0.01209	0.00802	0.00241	0.00565	0.00999	0.00869	0.01101
29	0.03324	0.01346	0.01786	0.01377	0.01959	0.01206	0.01135	0.06967	0.04455	0.63533	0.02934	0.02550	0.01862	0.00940	0.00763	0.00235	0.00654	0.00762	0.00924	0.01288
30	0.01887	0.01629	0.01715	0.01544	0.01972	0.01887	0.01201	0.04031	0.67241	0.03173	0.03087	0.02830	0.02315	0.01029	0.00772	0.00257	0.00600	0.00858	0.00772	0.01201
31	0.02331	0.01497	0.01708	0.01459	0.01927	0.01605	0.01156	0.05872	0.41891	0.23067	0.06648	0.02879	0.02419	0.01027	0.00775	0.00248	0.00608	0.00852	0.00825	0.01204
32	0.03036	0.01419	0.01784	0.01418	0.01971	0.01364	0.01155	0.07783	0.16591	0.50470	0.02938	0.02587	0.01936	0.00957	0.00765	0.00239	0.00648	0.00779	0.00890	0.01271
33	0.03318	0.01427	0.01844	0.01414	0.02004	0.01317	0.01168	0.13876	0.02399	0.58635	0.02801	0.02458	0.01782	0.00934	0.00762	0.00234	0.00676	0.00750	0.00909	0.01291
34	0.00954	0.00681	0.00914	0.01090	0.01147	0.00642	0.00756	0.01108	0.01482	0.01970	0.04164	0.66411	0.04951	0.02348	0.00976	0.00312	0.00466	0.08299	0.00704	0.00624
35	0.03403	0.01291	0.01760	0.01350	0.01936	0.01115	0.01115	0.03697	0.02171	0.69137	0.02992	0.02582	0.01878	0.00939	0.00763	0.00235	0.00645	0.00763	0.00939	0.01291
36	0.02074	0.02175	0.02888	0.04100	0.54978	0.15894	0.02150	0.02472	0.01814	0.02350	0.01374	0.01772	0.01155	0.00698	0.00737	0.00219	0.00997	0.00637	0.00379	0.01135
37	0.01936	0.01913	0.03022	0.04491	0.64562	0.05988	0.02275	0.02371	0.01753	0.02440	0.01411	0.01846	0.01188	0.00682	0.00747	0.00223	0.00930	0.00664	0.00376	0.01182
38	0.01259	0.01093	0.01312	0.01293	0.01454	0.07893	0.01000	0.01522	0.01312	0.01770	0.01946	0.02818	0.01804	0.05197	0.63362	0.01117	0.01965	0.00780	0.00405	0.00697
39	0.78701	0.01467	0.01115	0.00997	0.01467	0.01702	0.00821	0.02230	0.01291	0.03403	0.01056	0.01232	0.00821	0.00704	0.00469	0.00235	0.00587	0.00411	0.00469	0.00821
40	0.03403	0.01291	0.01760	0.01350	0.01936	0.01115	0.01115	0.03697	0.02171	0.69137	0.02992	0.02582	0.01878	0.00939	0.00763	0.00235	0.00645	0.00763	0.00939	0.01291
41	0.01953	0.63526	0.13596	0.01425	0.02143	0.02819	0.01519	0.02290	0.01550	0.01875	0.01100	0.01273	0.00972	0.00659	0.00521	0.00174	0.00857	0.00428	0.00324	0.00995
42	0.00896	0.00768	0.00768	0.00768	0.01025	0.00640	0.00576	0.01089	0.01729	0.02049	0.07684	0.07300	0.68304	0.01921	0.00896	0.00256	0.00384	0.01601	0.00704	0.00640
43	0.01887	0.01629	0.01715	0.01544	0.01972	0.01887	0.01201	0.04031	0.67241	0.03173	0.03087	0.02830	0.02315	0.01029	0.00772	0.00257	0.00600	0.00858	0.00772	0.01201
44	0.01074	0.00775	0.01014	0.00954	0.01133	0.00716	0.00716	0.01431	0.02147	0.03042	0.68211	0.05666	0.07157	0.01551	0.00895	0.00239	0.00358	0.01372	0.00835	0.00716
45	0.01074	0.00775	0.01014	0.00954	0.01133	0.00716	0.00716	0.01431	0.02147	0.03042	0.68211	0.05666	0.07157	0.01551	0.00895	0.00239	0.00358	0.01372	0.00835	0.00716
46	0.01064	0.00768	0.01006	0.00960	0.01131	0.00710	0.00715	0.01408	0.02105	0.02974	0.64298	0.09772	0.07026	0.01601	0.00899	0.00243	0.00363	0.01420	0.00827	0.00710
47	0.00896	0.00768	0.00768	0.00768	0.01025	0.00640	0.00576	0.01089	0.01729	0.02049	0.07684	0.07300	0.68304	0.01921	0.00896	0.00256	0.00384	0.01601	0.00704	0.00640
48	0.02028	0.73799	0.03975	0.01298	0.01947	0.03001	0.01298	0.02271	0.01541	0.01785	0.01055	0.01217	0.00973	0.00649	0.00487	0.00162	0.00811	0.00406	0.00324	0.00973
49	0.05799	0.12992	0.50623	0.01908	0.02880	0.01865	0.02337	0.02497	0.01631	0.08661	0.01458	0.01623	0.01042	0.00731	0.00680	0.00229	0.01006	0.00551	0.00387	0.01101
50	0.01827	0.02339	0.16815	0.06694	0.42736	0.05378	0.08514	0.02373	0.01720	0.02402	0.01407	0.01816	0.01127	0.00691	0.00755	0.00231	0.01012	0.00663	0.00364	0.01136
51	0.04539	0.02330	0.18452	0.02958	0.14077	0.01773	0.33870	0.02331	0.01698	0.02453	0.01538	0.04172	0.01229	0.00719	0.00804	0.00242	0.01096	0.00787	0.00385	0.04549
52	0.01801	0.01739	0.03011	0.15500	0.55332	0.01788	0.05177	0.02269	0.01696	0.02388	0.01419	0.01909	0.01168	0.00688	0.00759	0.00231	0.00936	0.00686	0.00370	0.01135
53	0.01596	0.14195	0.59794	0.02035	0.03086	0.01944	0.02581	0.02383	0.01593	0.02311	0.01316	0.01545	0.00963	0.00710	0.00686	0.00229	0.01075	0.00538	0.00321	0.01099
54	0.02845	0.01902	0.02173	0.01813	0.05934	0.02041	0.01407	0.45147	0.08532	0.17077	0.02134	0.02057	0.01486	0.00913	0.00760	0.00231	0.00782	0.00713	0.00774	0.01278
55	0.01299	0.00981	0.01201	0.01185	0.01363	0.01019	0.00877	0.11759	0.01838	0.02460	0.07789	0.38613	0.12072	0.02313	0.07935	0.00376	0.03900	0.01595	0.00674	0.00751
56	0.01882	0.01483	0.01705	0.01243	0.01902	0.01253	0.01004	0.13341	0.01951	0.05678	0.01501	0.01659	0.01185	0.00639	0.00605	0.00138	0.00614	0.00504	0.00525	0.61190
57	0.01560	0.07490	0.63113	0.02163	0.03243	0.01833	0.05522	0.02397	0.01607	0.02371	0.01353	0.01601	0.00970	0.00713	0.00716	0.00237	0.01112	0.00567	0.00323	0.01109
58	0.01635	0.01623	0.02276	0.01958	0.01964	0.02264	0.01629	0.01805	0.01164	0.01823	0.01040	0.01716	0.01035	0.01516	0.05414	0.00370	0.68941	0.00670	0.00335	0.00823
59	0.01554	0.08442	0.65182	0.02106	0.03196	0.01842	0.02705	0.02394	0.01598	0.02362	0.01341	0.01577	0.00962	0.00716	0.00706	0.00235	0.01101	0.00550	0.00321	0.01111
60	0.02084	0.01813	0.01763	0.01573	0.02009	0.08917	0.01222	0.03905	0.56220	0.07379	0.02883	0.02662	0.02148	0.00998	0.00762	0.00249	0.00683	0.00813	0.00743	0.01173
61	0.01775	0.02016	0.04382	0.06093	0.04018	0.01908	0.63154	0.02409	0.01779	0.02409	0.01527	0.02045	0.01145	0.00644	0.00889	0.00256	0.01267	0.00886	0.00382	0.01015
62	0.00967	0.00692	0.00924	0.01061	0.01135	0.00649	0.00739	0.01150	0.01584	0.02138	0.14619	0.57818	0.05325	0.02224	0.00961	0.00299	0.00443	0.05909	0.00725	0.00638
63	0.03040	0.01873	0.02121	0.01626	0.02227	0.01979	0.01343	0.47281	0.03146	0.24176	0.02174	0.02050	0.01467	0.00919	0.00760	0.00230	0.00778	0.00707	0.00813	0.01290
64	0.02697	0.02279	0.02155	0.01743	0.02283	0.13356	0.01402	0.44675	0.14745	0.04015	0.01942	0.01928	0.01423	0.00911	0.00749	0.00228	0.00880	0.00682	0.00701	0.01207
65	0.00903	0.00769	0.00778	0.00776	0.01029	0.00643	0.00582	0.01102	0.01745	0.02088	0.10046	0.07236	0.65918	0.01907	0.00896	0.00255	0.00383	0.01592	0.00709	0.00643
66	0.01432	0.01348	0.02275	0.71520	0.05224	0.01685	0.02107	0.01938	0.01517	0.01938	0.01348	0.02022	0.01011	0.00758	0.00758	0.00253	0.01011	0.00674	0.00337	0.00843
67	0.01318	0.00659	0.00988	0.00988	0.00988	0.00659	0.00659	0.00988	0.00988	0.01318	0.01318	0.02306	0.01318	0.02635	0.02964	0.77931	0.00659	0.00659	0.00329	0.00329
68	0.01633	0.01621	0.02273	0.01956	0.01962	0.02261	0.01627	0.01804	0.01164	0.01822	0.01043	0.01719	0.01037	0.01526	0.05571	0.00372	0.68779	0.00671	0.00335	0.00823
69	0.00924	0.00660	0.00880	0.01056	0.01100	0.00616	0.00704	0.01056	0.01452	0.01936	0.04181	0.72848	0.05017	0.02376	0.00968	0.00308	0.00440	0.02156	0.00704	0.00616
70	0.02928	0.02054	0.02232	0.01712	0.02317	0.02247	0.01414	0.60772	0.03448	0.10258	0.01921	0.01886	0.01340	0.00913	0.00759	0.00228	0.00819	0.00690	0.00774	0.01290

[dist]
# distance from previous block
# <min> <max>
0	1

[block]
# block no. 3 follows, 26 sequences, length 16
# corresponding to MSA columns:
# 222-237
name=unknown_D
#
# <colnr> <probs for GDERKNQSTAVLIFYWHMCP>
#	G	D	E	R	K	N	Q	S	T	A	V	L	I	F	Y	W	H	M	C	P
0	0.01544	0.03768	0.64039	0.02248	0.03339	0.01775	0.08021	0.02404	0.01617	0.02404	0.01376	0.01638	0.00977	0.00714	0.00735	0.00241	0.01134	0.00588	0.00326	0.01113
1	0.74375	0.01504	0.01181	0.01040	0.01517	0.01739	0.00857	0.05873	0.01421	0.03482	0.01100	0.01266	0.00848	0.00716	0.00486	0.00234	0.00601	0.00426	0.00486	0.00848
2	0.78701	0.01467	0.01115	0.00997	0.01467	0.01702	0.00821	0.02230	0.01291	0.03403	0.01056	0.01232	0.00821	0.00704	0.00469	0.00235	0.00587	0.00411	0.00469	0.00821
3	0.01070	0.00734	0.00890	0.00920	0.00946	0.00745	0.00568	0.01130	0.01177	0.01589	0.02639	0.16014	0.03015	0.52126	0.12592	0.00731	0.00866	0.01239	0.00493	0.00516
4	0.01756	0.02192	0.12807	0.07154	0.16673	0.01859	0.37380	0.02466	0.05370	0.02449	0.01565	0.01994	0.01192	0.00686	0.00828	0.00247	0.01129	0.00791	0.00392	0.01071
5	0.01627	0.15434	0.53384	0.02099	0.03114	0.01981	0.07514	0.02382	0.01606	0.02301	0.01324	0.01572	0.00978	0.00702	0.00695	0.00228	0.01082	0.00561	0.00326	0.01089
6	0.01098	0.00755	0.00927	0.00927	0.00961	0.00789	0.00584	0.01167	0.01133	0.01544	0.02299	0.04459	0.02539	0.56147	0.20757	0.00858	0.01065	0.01029	0.00446	0.00515
7	0.02049	0.02183	0.02737	0.13463	0.43361	0.18605	0.02085	0.02445	0.01801	0.02249	0.01353	0.01773	0.01119	0.00713	0.00736	0.00222	0.01031	0.00630	0.00374	0.01072
8	0.00930	0.00671	0.00882	0.01038	0.01098	0.00622	0.00699	0.01077	0.01500	0.01997	0.07572	0.66525	0.07952	0.02314	0.00961	0.00302	0.00433	0.02092	0.00711	0.00622
9	0.00924	0.00660	0.00880	0.01056	0.01100	0.00616	0.00704	0.01056	0.01452	0.01936	0.04181	0.72848	0.05017	0.02376	0.00968	0.00308	0.00440	0.02156	0.00704	0.00616
10	0.01521	0.03923	0.69413	0.02162	0.03283	0.01762	0.02802	0.02402	0.01601	0.02402	0.01361	0.01601	0.00961	0.00721	0.00721	0.00240	0.01121	0.00560	0.00320	0.01121
11	0.01459	0.01376	0.02324	0.67471	0.09063	0.01692	0.02120	0.01962	0.01529	0.01971	0.01353	0.02013	0.01023	0.00753	0.00758	0.00251	0.01004	0.00674	0.00339	0.00864
12	0.00924	0.00660	0.00880	0.01056	0.01100	0.00616	0.00704	0.01056	0.01452	0.01936	0.04181	0.72848	0.05017	0.02376	0.00968	0.00308	0.00440	0.02156	0.00704	0.00616
13	0.78701	0.01467	0.01115	0.00997	0.01467	0.01702	0.00821	0.02230	0.01291	0.03403	0.01056	0.01232	0.00821	0.00704	0.00469	0.00235	0.00587	0.00411	0.00469	0.00821
14	0.01581	0.12138	0.61721	0.02060	0.03126	0.01907	0.02626	0.02387	0.01594	0.02330	0.01325	0.01556	0.00962	0.00712	0.00693	0.00231	0.01085	0.00542	0.00321	0.01104
15	0.72619	0.01458	0.01206	0.06548	0.01763	0.01700	0.00923	0.02207	0.01309	0.03288	0.01079	0.01294	0.00836	0.00708	0.00492	0.00236	0.00620	0.00431	0.00459	0.00823

[dist]
# distance from previous block
# <min> <max>
1	2

[block]
# block no. 4 follows, 26 sequences, length 48
# corresponding to MSA columns:
# 240-287
name=unknown_E
#
# <colnr> <probs for GDERKNQSTAVLIFYWHMCP>
#	G	D	E	R	K	N	Q	S	T	A	V	L	I	F	Y	W	H	M	C	P
0	0.01877	0.01802	0.03079	0.04656	0.68612	0.01802	0.02328	0.02328	0.01727	0.02478	0.01427	0.01877	0.01201	0.00676	0.00751	0.00225	0.00901	0.00676	0.00375	0.01201
1	0.01952	0.01336	0.01612	0.01170	0.01826	0.01033	0.00944	0.02280	0.01697	0.16293	0.01689	0.01782	0.01280	0.00640	0.00603	0.00138	0.00579	0.00514	0.00551	0.62081
2	0.01887	0.01629	0.01715	0.01544	0.01972	0.01887	0.01201	0.04031	0.67241	0.03173	0.03087	0.02830	0.02315	0.01029	0.00772	0.00257	0.00600	0.00858	0.00772	0.01201
3	0.03403	0.01291	0.01760	0.01350	0.01936	0.01115	0.01115	0.03697	0.02171	0.69137	0.02992	0.02582	0.01878	0.00939	0.00763	0.00235	0.00645	0.00763	0.00939	0.01291
4	0.00908	0.00769	0.00785	0.00781	0.01032	0.00645	0.00585	0.01111	0.01756	0.02114	0.11672	0.07192	0.64275	0.01897	0.00896	0.00255	0.00382	0.01586	0.00713	0.00645
5	0.00896	0.00768	0.00768	0.00768	0.01025	0.00640	0.00576	0.01089	0.01729	0.02049	0.07684	0.07300	0.68304	0.01921	0.00896	0.00256	0.00384	0.01601	0.00704	0.00640
6	0.78701	0.01467	0.01115	0.00997	0.01467	0.01702	0.00821	0.02230	0.01291	0.03403	0.01056	0.01232	0.00821	0.00704	0.00469	0.00235	0.00587	0.00411	0.00469	0.00821
7	0.01600	0.14803	0.59225	0.02027	0.03075	0.01955	0.02568	0.02382	0.01592	0.02306	0.01313	0.01542	0.00963	0.00709	0.00684	0.00228	0.01073	0.00536	0.00321	0.01098
8	0.01034	0.00774	0.00960	0.00913	0.01109	0.00699	0.00685	0.01355	0.02054	0.02822	0.54810	0.06028	0.20695	0.01633	0.00895	0.00242	0.00364	0.01422	0.00806	0.00699
9	0.03403	0.01291	0.01760	0.01350	0.01936	0.01115	0.01115	0.03697	0.02171	0.69137	0.02992	0.02582	0.01878	0.00939	0.00763	0.00235	0.00645	0.00763	0.00939	0.01291
10	0.02028	0.73799	0.03975	0.01298	0.01947	0.03001	0.01298	0.02271	0.01541	0.01785	0.01055	0.01217	0.00973	0.00649	0.00487	0.00162	0.00811	0.00406	0.00324	0.00973
11	0.01824	0.45657	0.30330	0.01646	0.02485	0.02502	0.01904	0.02324	0.01565	0.02033	0.01178	0.01372	0.00968	0.00678	0.00581	0.00194	0.00936	0.00468	0.00323	0.01033
12	0.01014	0.00724	0.00984	0.01159	0.01243	0.00694	0.00861	0.01212	0.01541	0.02037	0.04131	0.53417	0.04820	0.02291	0.00992	0.00320	0.00518	0.20698	0.00702	0.00641
13	0.07681	0.03087	0.02186	0.05280	0.08795	0.51086	0.01533	0.07499	0.02128	0.02237	0.01245	0.01471	0.01013	0.00775	0.00685	0.00206	0.01216	0.00524	0.00419	0.00935
14	0.01043	0.00764	0.00999	0.01152	0.01246	0.00748	0.00834	0.01349	0.05842	0.02080	0.04078	0.56203	0.04717	0.02235	0.00970	0.00312	0.00499	0.13551	0.00708	0.00670
15	0.01923	0.59313	0.17542	0.01477	0.02224	0.02744	0.01610	0.02298	0.01554	0.01913	0.01118	0.01296	0.00971	0.00664	0.00535	0.00178	0.00875	0.00438	0.00324	0.01004
16	0.00984	0.00704	0.00945	0.01094	0.01172	0.00664	0.00780	0.01172	0.01572	0.02108	0.11280	0.56072	0.05161	0.02244	0.00971	0.00306	0.00468	0.10945	0.00718	0.00639
17	0.01074	0.00775	0.01014	0.00954	0.01133	0.00716	0.00716	0.01431	0.02147	0.03042	0.68211	0.05666	0.07157	0.01551	0.00895	0.00239	0.00358	0.01372	0.00835	0.00716
18	0.01026	0.00773	0.00948	0.00905	0.01104	0.00696	0.00678	0.01340	0.02035	0.02776	0.52022	0.06103	0.23512	0.01650	0.00895	0.00243	0.00365	0.01433	0.00800	0.00696
19	0.01067	0.00800	0.01021	0.01145	0.01318	0.00754	0.00930	0.01327	0.01682	0.02139	0.05117	0.21108	0.23118	0.02101	0.00988	0.00314	0.00555	0.33151	0.00701	0.00665
20	0.02883	0.02125	0.02276	0.01745	0.02352	0.02352	0.01442	0.66082	0.03566	0.04780	0.01821	0.01821	0.01290	0.00911	0.00759	0.00228	0.00835	0.00683	0.00759	0.01290
21	0.01222	0.00873	0.01222	0.01397	0.01572	0.00873	0.01222	0.01572	0.01746	0.02270	0.04016	0.08556	0.04365	0.02095	0.01048	0.00349	0.00698	0.63506	0.00698	0.00698
22	0.01521	0.03923	0.69413	0.02162	0.03283	0.01762	0.02802	0.02402	0.01601	0.02402	0.01361	0.01601	0.00961	0.00721	0.00721	0.00240	0.01121	0.00560	0.00320	0.01121
23	0.03403	0.01291	0.01760	0.01350	0.01936	0.01115	0.01115	0.03697	0.02171	0.69137	0.02992	0.02582	0.01878	0.00939	0.00763	0.00235	0.00645	0.00763	0.00939	0.01291
24	0.00905	0.00769	0.00780	0.00777	0.01029	0.00644	0.00583	0.01104	0.01748	0.02094	0.10450	0.07225	0.65509	0.01904	0.00896	0.00255	0.00383	0.01590	0.00710	0.00644
25	0.01659	0.01659	0.02323	0.01991	0.01991	0.02323	0.01659	0.01825	0.01162	0.01825	0.00996	0.01659	0.00996	0.01328	0.02489	0.00332	0.71955	0.00664	0.00332	0.00830
26	0.02764	0.02065	0.02209	0.01721	0.02307	0.02297	0.01413	0.58658	0.11185	0.04588	0.01973	0.01942	0.01413	0.00925	0.00760	0.00231	0.00807	0.00704	0.00760	0.01279
27	0.01877	0.01802	0.03079	0.04656	0.68612	0.01802	0.02328	0.02328	0.01727	0.02478	0.01427	0.01877	0.01201	0.00676	0.00751	0.00225	0.00901	0.00676	0.00375	0.01201
28	0.01541	0.01479	0.02069	0.01805	0.01825	0.02024	0.01480	0.01711	0.01166	0.01793	0.01234	0.02064	0.01239	0.06690	0.12175	0.00484	0.57373	0.00714	0.00351	0.00784
29	0.01016	0.00773	0.00934	0.00893	0.01098	0.00691	0.00670	0.01319	0.02010	0.02717	0.48420	0.06200	0.27151	0.01672	0.00895	0.00244	0.00366	0.01447	0.00792	0.00691
30	0.02028	0.73799	0.03975	0.01298	0.01947	0.03001	0.01298	0.02271	0.01541	0.01785	0.01055	0.01217	0.00973	0.00649	0.00487	0.00162	0.00811	0.00406	0.00324	0.00973
31	0.03403	0.01291	0.01760	0.01350	0.01936	0.01115	0.01115	0.03697	0.02171	0.69137	0.02992	0.02582	0.01878	0.00939	0.00763	0.00235	0.00645	0.00763	0.00939	0.01291
32	0.02833	0.03615	0.02149	0.01954	0.02345	0.70298	0.01466	0.03029	0.02149	0.01856	0.01172	0.01368	0.00977	0.00782	0.00684	0.00195	0.01368	0.00489	0.00391	0.00879
33	0.00924	0.00660	0.00880	0.01056	0.01100	0.00616	0.00704	0.01056	0.01452	0.01936	0.04181	0.72848	0.05017	0.02376	0.00968	0.00308	0.00440	0.02156	0.00704	0.00616
34	0.00924	0.00660	0.00880	0.01056	0.01100	0.00616	0.00704	0.01056	0.01452	0.01936	0.04181	0.72848	0.05017	0.02376	0.00968	0.00308	0.00440	0.02156	0.00704	0.00616
35	0.03403	0.01291	0.01760	0.01350	0.01936	0.01115	0.01115	0.03697	0.02171	0.69137	0.02992	0.02582	0.01878	0.00939	0.00763	0.00235	0.00645	0.00763	0.00939	0.01291
36	0.01521	0.03923	0.69413	0.02162	0.03283	0.01762	0.02802	0.02402	0.01601	0.02402	0.01361	0.01601	0.00961	0.00721	0.00721	0.00240	0.01121	0.00560	0.00320	0.01121
37	0.01103	0.00735	0.00827	0.00827	0.00827	0.00735	0.00460	0.01103	0.01103	0.01471	0.02390	0.04964	0.02758	0.73343	0.03861	0.00735	0.00735	0.01103	0.00460	0.00460
38	0.00896	0.00768	0.00768	0.00768	0.01025	0.00640	0.00576	0.01089	0.01729	0.02049	0.07684	0.07300	0.68304	0.01921	0.00896	0.00256	0.00384	0.01601	0.00704	0.00640
39	0.01573	0.01348	0.01573	0.01123	0.01798	0.01011	0.00899	0.01910	0.01573	0.02472	0.01348	0.01573	0.01123	0.00562	0.00562	0.00112	0.00562	0.00449	0.00449	0.77980
40	0.01414	0.00707	0.00707	0.00707	0.00884	0.00707	0.00530	0.01767	0.01591	0.02828	0.02474	0.02828	0.01944	0.00884	0.00530	0.00177	0.00353	0.00707	0.77554	0.00707
41	0.01642	0.01389	0.01610	0.01156	0.01827	0.01082	0.00928	0.05318	0.01679	0.02594	0.01373	0.01586	0.01132	0.00580	0.00572	0.00118	0.00576	0.00462	0.00466	0.73907
42	0.01074	0.00775	0.01014	0.00954	0.01133	0.00716	0.00716	0.01431	0.02147	0.03042	0.68211	0.05666	0.07157	0.01551	0.00895	0.00239	0.00358	0.01372	0.00835	0.00716
43	0.00967	0.00705	0.00921	0.01078	0.01165	0.00658	0.00770	0.01139	0.01527	0.02000	0.04532	0.55895	0.11727	0.02284	0.00973	0.00309	0.00474	0.11543	0.00703	0.00631
44	0.00924	0.00660	0.00880	0.01056	0.01100	0.00616	0.00704	0.01056	0.01452	0.01936	0.04181	0.72848	0.05017	0.02376	0.00968	0.00308	0.00440	0.02156	0.00704	0.00616
45	0.00924	0.00660	0.00880	0.01056	0.01100	0.00616	0.00704	0.01056	0.01452	0.01936	0.04181	0.72848	0.05017	0.02376	0.00968	0.00308	0.00440	0.02156	0.00704	0.00616
46	0.01573	0.01348	0.01573	0.01123	0.01798	0.01011	0.00899	0.01910	0.01573	0.02472	0.01348	0.01573	0.01123	0.00562	0.00562	0.00112	0.00562	0.00449	0.00449	0.77980
47	0.00924	0.00660	0.00880	0.01056	0.01100	0.00616	0.00704	0.01056	0.01452	0.01936	0.04181	0.72848	0.05017	0.02376	0.00968	0.00308	0.00440	0.02156	0.00704	0.00616

[dist]
# distance from previous block
# <min> <max>
0	0

# created by:
# /st0/software/busco_prod/Augustus/scripts/msa2prfl.pl ./align_prep/156724.fa
