[name]
unknown

[dist]
# distance from previous block
# <min> <max>
0	18

[block]
# block no. 0 follows, 31 sequences, length 118
# corresponding to MSA columns:
# 19-136
name=unknown_A
#
# <colnr> <probs for GDERKNQSTAVLIFYWHMCP>
#	G	D	E	R	K	N	Q	S	T	A	V	L	I	F	Y	W	H	M	C	P
0	0.01700	0.46937	0.24447	0.01540	0.02254	0.04617	0.06089	0.02116	0.01439	0.01819	0.01067	0.01257	0.00885	0.00608	0.00533	0.00174	0.00861	0.00440	0.00297	0.00919
1	0.00843	0.00616	0.00782	0.00903	0.00972	0.00567	0.00609	0.00972	0.01355	0.01781	0.06816	0.59692	0.13986	0.05451	0.00981	0.00286	0.00399	0.01802	0.00630	0.00556
2	0.01497	0.01497	0.02095	0.01796	0.01796	0.02095	0.01497	0.01646	0.01048	0.01646	0.00898	0.01497	0.00898	0.01197	0.02245	0.00299	0.74704	0.00599	0.00299	0.00748
3	0.02653	0.01439	0.01652	0.01325	0.01810	0.05231	0.01072	0.13558	0.14898	0.42879	0.04451	0.02285	0.01779	0.00866	0.00689	0.00213	0.00629	0.00695	0.00764	0.01114
4	0.03009	0.01151	0.01568	0.01207	0.01726	0.00995	0.00995	0.03276	0.01958	0.70180	0.04659	0.02408	0.01830	0.00863	0.00691	0.00212	0.00575	0.00704	0.00844	0.01149
5	0.03070	0.01164	0.01588	0.01217	0.01746	0.01006	0.01006	0.03334	0.01958	0.72163	0.02699	0.02329	0.01694	0.00847	0.00688	0.00212	0.00582	0.00688	0.00847	0.01164
6	0.01292	0.01216	0.02052	0.74312	0.04712	0.01520	0.01900	0.01748	0.01368	0.01748	0.01216	0.01824	0.00912	0.00684	0.00684	0.00228	0.00912	0.00608	0.00304	0.00760
7	0.02578	0.01995	0.01983	0.01554	0.02069	0.09652	0.01268	0.57770	0.02981	0.06663	0.01638	0.01651	0.01171	0.00809	0.00672	0.00201	0.00786	0.00601	0.02850	0.01109
8	0.80789	0.01323	0.01006	0.00900	0.01323	0.01535	0.00741	0.02011	0.01164	0.03070	0.00953	0.01111	0.00741	0.00635	0.00423	0.00212	0.00529	0.00370	0.00423	0.00741
9	0.01801	0.71822	0.07881	0.01219	0.01831	0.02637	0.01255	0.02056	0.01393	0.01644	0.00968	0.01119	0.00877	0.00589	0.00452	0.00151	0.00749	0.00375	0.00292	0.00886
10	0.00838	0.00604	0.00794	0.00938	0.00991	0.00560	0.00631	0.00967	0.01345	0.01790	0.06583	0.69872	0.07360	0.02097	0.00868	0.00273	0.00392	0.01896	0.00640	0.00560
11	0.01986	0.01821	0.06101	0.03679	0.07051	0.13823	0.01249	0.16947	0.11950	0.09948	0.05357	0.04720	0.10452	0.00967	0.00698	0.00212	0.00733	0.00778	0.00580	0.00948
12	0.05922	0.01270	0.01761	0.01485	0.06247	0.01167	0.04007	0.05706	0.04590	0.56710	0.02447	0.02202	0.01584	0.00814	0.00682	0.00213	0.00624	0.00676	0.00764	0.01129
13	0.00960	0.00693	0.00907	0.00867	0.01020	0.00640	0.00645	0.01270	0.01897	0.02680	0.67056	0.09563	0.06333	0.01446	0.00811	0.00219	0.00327	0.01282	0.00746	0.00640
14	0.01522	0.01921	0.10737	0.02603	0.03289	0.01618	0.56596	0.02087	0.01593	0.02160	0.01836	0.02205	0.06962	0.00682	0.00791	0.00229	0.01071	0.00830	0.00365	0.00903
15	0.02065	0.01678	0.04976	0.01444	0.01898	0.01747	0.01199	0.41297	0.16376	0.03522	0.05121	0.11511	0.01998	0.01031	0.00715	0.00221	0.00658	0.00841	0.00665	0.01039
16	0.00820	0.00685	0.00716	0.00738	0.00946	0.00581	0.00549	0.00991	0.01532	0.01843	0.06489	0.14190	0.62133	0.01782	0.00820	0.00239	0.00360	0.03375	0.00635	0.00577
17	0.00965	0.00630	0.00749	0.00823	0.00933	0.00590	0.00578	0.01166	0.01437	0.02078	0.10310	0.39635	0.12650	0.01647	0.00750	0.00233	0.00362	0.01451	0.22423	0.00590
18	0.05798	0.01666	0.01756	0.03455	0.01952	0.06133	0.01149	0.36716	0.07307	0.17180	0.02168	0.02166	0.05290	0.03182	0.00764	0.00223	0.00703	0.00678	0.00664	0.01049
19	0.02310	0.04644	0.01893	0.01447	0.01935	0.01876	0.01183	0.44351	0.16114	0.08812	0.02150	0.04801	0.03507	0.00911	0.00688	0.00212	0.00673	0.00716	0.00680	0.01097
20	0.02510	0.07824	0.02042	0.01726	0.02093	0.68809	0.01312	0.02689	0.01905	0.01670	0.01051	0.01225	0.00881	0.00698	0.00606	0.00174	0.01202	0.00436	0.00349	0.00798
21	0.01419	0.01216	0.01419	0.01013	0.01621	0.00912	0.00811	0.01723	0.01419	0.02229	0.01216	0.01419	0.01013	0.00507	0.00507	0.00101	0.00507	0.00405	0.00405	0.80139
22	0.00901	0.00646	0.00842	0.00976	0.01036	0.00616	0.00661	0.03583	0.01383	0.01845	0.03689	0.72671	0.04396	0.02093	0.00866	0.00275	0.00411	0.01894	0.00637	0.00579
23	0.02950	0.01281	0.01699	0.01391	0.04798	0.01176	0.01090	0.11785	0.02103	0.60427	0.02502	0.02213	0.01599	0.00833	0.00687	0.00211	0.00614	0.00675	0.00804	0.01161
24	0.00957	0.00699	0.00899	0.00849	0.01015	0.00641	0.00637	0.01270	0.01911	0.02683	0.66950	0.05211	0.10871	0.01421	0.00807	0.00216	0.00324	0.01251	0.00745	0.00641
25	0.02556	0.03261	0.01939	0.01763	0.02115	0.73210	0.01322	0.02732	0.01939	0.01674	0.01058	0.01234	0.00881	0.00705	0.00617	0.00176	0.01234	0.00441	0.00353	0.00793
26	0.05933	0.01878	0.01994	0.01540	0.02078	0.02085	0.01270	0.64688	0.04995	0.04218	0.01645	0.01645	0.01171	0.00816	0.00674	0.00206	0.00737	0.00610	0.00674	0.01143
27	0.01292	0.01216	0.02052	0.74312	0.04712	0.01520	0.01900	0.01748	0.01368	0.01748	0.01216	0.01824	0.00912	0.00684	0.00684	0.00228	0.00912	0.00608	0.00304	0.00760
28	0.01829	0.76368	0.03585	0.01171	0.01756	0.02707	0.01171	0.02049	0.01390	0.01610	0.00951	0.01097	0.00878	0.00585	0.00439	0.00146	0.00732	0.00366	0.00293	0.00878
29	0.01658	0.01590	0.02714	0.10316	0.65846	0.01616	0.02082	0.02069	0.01541	0.02193	0.01281	0.01705	0.01069	0.00616	0.00678	0.00205	0.00821	0.00609	0.00336	0.01055
30	0.01478	0.01471	0.02058	0.01772	0.01773	0.02051	0.01472	0.01626	0.01055	0.01649	0.00981	0.03644	0.01003	0.01225	0.02205	0.00299	0.72548	0.00638	0.00309	0.00743
31	0.02601	0.01916	0.02053	0.01574	0.02122	0.02122	0.01300	0.69408	0.03217	0.04312	0.01643	0.01643	0.01163	0.00821	0.00684	0.00205	0.00753	0.00616	0.00684	0.01163
32	0.01292	0.01216	0.02052	0.74312	0.04712	0.01520	0.01900	0.01748	0.01368	0.01748	0.01216	0.01824	0.00912	0.00684	0.00684	0.00228	0.00912	0.00608	0.00304	0.00760
33	0.01702	0.01470	0.01547	0.01392	0.01779	0.01702	0.01083	0.03635	0.70453	0.02862	0.02785	0.02553	0.02088	0.00928	0.00696	0.00232	0.00541	0.00773	0.00696	0.01083
34	0.01419	0.01216	0.01419	0.01013	0.01621	0.00912	0.00811	0.01723	0.01419	0.02229	0.01216	0.01419	0.01013	0.00507	0.00507	0.00101	0.00507	0.00405	0.00405	0.80139
35	0.00834	0.00595	0.00794	0.00953	0.00992	0.00556	0.00635	0.00953	0.01310	0.01746	0.03771	0.75510	0.04525	0.02143	0.00873	0.00278	0.00397	0.01945	0.00635	0.00556
36	0.01497	0.01497	0.02095	0.01796	0.01796	0.02095	0.01497	0.01646	0.01048	0.01646	0.00898	0.01497	0.00898	0.01197	0.02245	0.00299	0.74704	0.00599	0.00299	0.00748
37	0.00844	0.00600	0.00791	0.00940	0.00977	0.00562	0.00621	0.00955	0.01290	0.01720	0.03670	0.71076	0.04398	0.06751	0.01036	0.00302	0.00414	0.01886	0.00621	0.00547
38	0.03070	0.01164	0.01588	0.01217	0.01746	0.01006	0.01006	0.03334	0.01958	0.72163	0.02699	0.02329	0.01694	0.00847	0.00688	0.00212	0.00582	0.00688	0.00847	0.01164
39	0.03048	0.01199	0.01609	0.01234	0.01764	0.01057	0.01019	0.06373	0.02016	0.69042	0.02650	0.02297	0.01669	0.00846	0.00688	0.00211	0.00590	0.00685	0.00839	0.01164
40	0.01165	0.00602	0.00874	0.00874	0.00874	0.00602	0.00573	0.00904	0.00904	0.01205	0.01303	0.02365	0.01343	0.11126	0.02770	0.70650	0.00602	0.00642	0.00311	0.00311
41	0.02796	0.01602	0.01859	0.01425	0.01965	0.01656	0.01177	0.41825	0.02691	0.32637	0.02084	0.01929	0.01385	0.00832	0.00686	0.00208	0.00682	0.00646	0.00752	0.01164
42	0.75832	0.01461	0.05463	0.00965	0.01425	0.01538	0.00852	0.02021	0.01182	0.03013	0.00970	0.01132	0.00749	0.00636	0.00438	0.00212	0.00559	0.00379	0.00415	0.00758
43	0.01566	0.01702	0.03238	0.02436	0.02843	0.01880	0.41341	0.01967	0.01381	0.01967	0.01184	0.01702	0.00980	0.00832	0.01399	0.00259	0.31422	0.00722	0.00327	0.00851
44	0.02464	0.01534	0.01605	0.01340	0.01786	0.10516	0.01065	0.04901	0.24425	0.36104	0.05101	0.02350	0.01887	0.00876	0.00686	0.00214	0.00647	0.00703	0.00726	0.01070
45	0.01518	0.02763	0.39547	0.02279	0.03079	0.04519	0.27184	0.02164	0.01501	0.02122	0.01257	0.01589	0.00933	0.00661	0.00813	0.00226	0.05960	0.00621	0.00313	0.00952
46	0.00938	0.00698	0.00873	0.00829	0.01004	0.00633	0.00622	0.01233	0.01865	0.02574	0.59165	0.05389	0.18724	0.01462	0.00807	0.00218	0.00327	0.01276	0.00731	0.00633
47	0.00962	0.00699	0.00906	0.00854	0.01018	0.00643	0.00641	0.01279	0.01922	0.02709	0.68853	0.05167	0.08952	0.01411	0.00807	0.00216	0.00324	0.01245	0.00749	0.00643
48	0.02366	0.17464	0.02289	0.01501	0.02004	0.15927	0.01250	0.34886	0.08534	0.05054	0.01519	0.01552	0.01147	0.00760	0.00622	0.00190	0.00818	0.00547	0.00545	0.01026
49	0.01081	0.00846	0.01118	0.01094	0.01235	0.02957	0.00839	0.03945	0.01219	0.01690	0.02037	0.02901	0.04599	0.10058	0.60006	0.00969	0.01623	0.00769	0.00393	0.00622
50	0.00834	0.00595	0.00794	0.00953	0.00992	0.00556	0.00635	0.00953	0.01310	0.01746	0.03771	0.75510	0.04525	0.02143	0.00873	0.00278	0.00397	0.01945	0.00635	0.00556
51	0.01317	0.00688	0.00700	0.00680	0.00854	0.00694	0.00514	0.04164	0.01517	0.02623	0.04213	0.02590	0.01867	0.00815	0.00496	0.00163	0.00335	0.00654	0.74457	0.00658
52	0.01812	0.01927	0.05487	0.03636	0.53563	0.10483	0.06464	0.04396	0.01659	0.02228	0.01274	0.01635	0.01050	0.00628	0.00678	0.00202	0.00893	0.00598	0.00350	0.01037
53	0.02215	0.02709	0.02206	0.01894	0.02205	0.49393	0.08862	0.02429	0.01704	0.01725	0.01058	0.01360	0.00902	0.00801	0.01002	0.00210	0.17671	0.00517	0.00340	0.00797
54	0.01693	0.01626	0.02777	0.04199	0.71689	0.01626	0.02100	0.02100	0.01558	0.02235	0.01287	0.01693	0.01084	0.00610	0.00677	0.00203	0.00813	0.00610	0.00339	0.01084
55	0.03070	0.01164	0.01588	0.01217	0.01746	0.01006	0.01006	0.03334	0.01958	0.72163	0.02699	0.02329	0.01694	0.00847	0.00688	0.00212	0.00582	0.00688	0.00847	0.01164
56	0.01874	0.71805	0.03482	0.01208	0.01778	0.07108	0.01180	0.02091	0.01424	0.01614	0.00958	0.01106	0.00878	0.00593	0.00450	0.00148	0.00763	0.00370	0.00296	0.00873
57	0.01147	0.00740	0.00965	0.00885	0.01082	0.00675	0.00672	0.01459	0.01923	0.08842	0.62606	0.04925	0.08714	0.01364	0.00796	0.00216	0.00347	0.01197	0.00757	0.00689
58	0.77815	0.01346	0.01045	0.00925	0.01353	0.01557	0.00762	0.04574	0.01242	0.03117	0.00979	0.01132	0.00757	0.00642	0.00433	0.00211	0.00538	0.00380	0.00433	0.00757
59	0.03070	0.01164	0.01588	0.01217	0.01746	0.01006	0.01006	0.03334	0.01958	0.72163	0.02699	0.02329	0.01694	0.00847	0.00688	0.00212	0.00582	0.00688	0.00847	0.01164
60	0.02994	0.01285	0.01662	0.01274	0.01807	0.01184	0.01053	0.13916	0.02160	0.61296	0.02530	0.02219	0.01609	0.00843	0.00687	0.00211	0.00609	0.00676	0.00821	0.01164
61	0.03070	0.01164	0.01588	0.01217	0.01746	0.01006	0.01006	0.03334	0.01958	0.72163	0.02699	0.02329	0.01694	0.00847	0.00688	0.00212	0.00582	0.00688	0.00847	0.01164
62	0.05110	0.00799	0.01045	0.01158	0.01336	0.00795	0.00994	0.01397	0.01581	0.02135	0.09049	0.07074	0.10262	0.01773	0.00895	0.00294	0.00575	0.52467	0.00630	0.00632
63	0.01874	0.71805	0.03482	0.01208	0.01778	0.07108	0.01180	0.02091	0.01424	0.01614	0.00958	0.01106	0.00878	0.00593	0.00450	0.00148	0.00763	0.00370	0.00296	0.00873
64	0.01829	0.76368	0.03585	0.01171	0.01756	0.02707	0.01171	0.02049	0.01390	0.01610	0.00951	0.01097	0.00878	0.00585	0.00439	0.00146	0.00732	0.00366	0.00293	0.00878
65	0.01102	0.00787	0.01102	0.01260	0.01417	0.00787	0.01102	0.01417	0.01575	0.02047	0.03622	0.07717	0.03937	0.01890	0.00945	0.00315	0.00630	0.67084	0.00630	0.00630
66	0.57174	0.01316	0.01246	0.01134	0.04465	0.01432	0.00876	0.04185	0.01422	0.19121	0.01392	0.01434	0.00989	0.00688	0.00503	0.00211	0.00560	0.00461	0.00525	0.00866
67	0.03070	0.01164	0.01588	0.01217	0.01746	0.01006	0.01006	0.03334	0.01958	0.72163	0.02699	0.02329	0.01694	0.00847	0.00688	0.00212	0.00582	0.00688	0.00847	0.01164
68	0.00818	0.00696	0.00706	0.00711	0.00940	0.00584	0.00539	0.00996	0.01560	0.01855	0.06823	0.06621	0.69222	0.01738	0.00813	0.00234	0.00356	0.03574	0.00635	0.00579
69	0.01497	0.01497	0.02095	0.01796	0.01796	0.02095	0.01497	0.01646	0.01048	0.01646	0.00898	0.01497	0.00898	0.01197	0.02245	0.00299	0.74704	0.00599	0.00299	0.00748
70	0.00995	0.00663	0.00746	0.00746	0.00746	0.00663	0.00415	0.00995	0.00995	0.01327	0.02156	0.04477	0.02487	0.75957	0.03482	0.00663	0.00663	0.00995	0.00415	0.00415
71	0.03070	0.01164	0.01588	0.01217	0.01746	0.01006	0.01006	0.03334	0.01958	0.72163	0.02699	0.02329	0.01694	0.00847	0.00688	0.00212	0.00582	0.00688	0.00847	0.01164
72	0.02931	0.01386	0.01725	0.01323	0.01857	0.01335	0.01093	0.22829	0.02329	0.52144	0.02387	0.02126	0.01537	0.00839	0.00687	0.00210	0.00633	0.00667	0.00799	0.01164
73	0.01615	0.01845	0.04037	0.02884	0.03576	0.01730	0.69204	0.02191	0.01615	0.02191	0.01384	0.01845	0.01038	0.00577	0.00807	0.00231	0.01153	0.00807	0.00346	0.00923
74	0.01693	0.01626	0.02777	0.04199	0.71689	0.01626	0.02100	0.02100	0.01558	0.02235	0.01287	0.01693	0.01084	0.00610	0.00677	0.00203	0.00813	0.00610	0.00339	0.01084
75	0.80789	0.01323	0.01006	0.00900	0.01323	0.01535	0.00741	0.02011	0.01164	0.03070	0.00953	0.01111	0.00741	0.00635	0.00423	0.00212	0.00529	0.00370	0.00423	0.00741
76	0.01497	0.01497	0.02095	0.01796	0.01796	0.02095	0.01497	0.01646	0.01048	0.01646	0.00898	0.01497	0.00898	0.01197	0.02245	0.00299	0.74704	0.00599	0.00299	0.00748
77	0.00838	0.00604	0.00795	0.00939	0.00991	0.00560	0.00631	0.00968	0.01346	0.01793	0.06794	0.69816	0.07200	0.02095	0.00868	0.00273	0.00392	0.01895	0.00640	0.00560
78	0.01402	0.06233	0.67041	0.02009	0.05633	0.01633	0.02459	0.02159	0.01447	0.02148	0.01220	0.01441	0.00876	0.00646	0.00643	0.00213	0.00993	0.00504	0.00291	0.01009
79	0.00962	0.00699	0.00906	0.00854	0.01018	0.00643	0.00641	0.01279	0.01922	0.02709	0.68832	0.05168	0.08973	0.01412	0.00807	0.00216	0.00324	0.01245	0.00749	0.00643
80	0.00951	0.00699	0.00890	0.00843	0.01011	0.00638	0.00632	0.01258	0.01896	0.02646	0.64346	0.05270	0.13498	0.01435	0.00807	0.00217	0.00325	0.01260	0.00740	0.00638
81	0.01356	0.01293	0.02223	0.62587	0.13170	0.01542	0.04587	0.01810	0.01402	0.01827	0.01232	0.01808	0.00939	0.00670	0.00688	0.00225	0.00909	0.00616	0.00310	0.00808
82	0.01670	0.01171	0.01332	0.01225	0.01552	0.01252	0.00952	0.02792	0.38101	0.13761	0.03336	0.14869	0.08460	0.01238	0.00748	0.00241	0.00514	0.05144	0.00701	0.00940
83	0.00834	0.00595	0.00794	0.00953	0.00992	0.00556	0.00635	0.00953	0.01310	0.01746	0.03771	0.75510	0.04525	0.02143	0.00873	0.00278	0.00397	0.01945	0.00635	0.00556
84	0.00890	0.00648	0.00839	0.00892	0.01000	0.00597	0.00631	0.01103	0.01603	0.02190	0.33520	0.39392	0.10583	0.01786	0.00839	0.00247	0.00361	0.01597	0.00687	0.00597
85	0.02501	0.01852	0.01989	0.01545	0.02069	0.02051	0.01269	0.64136	0.06247	0.04161	0.01765	0.04109	0.01316	0.00870	0.00691	0.00209	0.00731	0.00667	0.00683	0.01140
86	0.02451	0.01492	0.01711	0.01353	0.01820	0.01557	0.01101	0.39715	0.02586	0.22476	0.05887	0.07848	0.01881	0.00962	0.00699	0.00212	0.00638	0.00774	0.03767	0.01068
87	0.80789	0.01323	0.01006	0.00900	0.01323	0.01535	0.00741	0.02011	0.01164	0.03070	0.00953	0.01111	0.00741	0.00635	0.00423	0.00212	0.00529	0.00370	0.00423	0.00741
88	0.08611	0.00871	0.01090	0.00953	0.01229	0.00815	0.00744	0.01864	0.01873	0.20067	0.47953	0.04061	0.04759	0.01193	0.00743	0.00214	0.00406	0.01023	0.00747	0.00783
89	0.02564	0.01898	0.02032	0.01567	0.02107	0.02104	0.01291	0.66695	0.05990	0.04252	0.01690	0.01680	0.01202	0.00826	0.00685	0.00206	0.00744	0.00622	0.00685	0.01160
90	0.01013	0.00727	0.00900	0.00869	0.01036	0.00678	0.00638	0.01335	0.04467	0.04155	0.45946	0.12720	0.15351	0.05935	0.00966	0.00252	0.00370	0.01298	0.00703	0.00642
91	0.01680	0.01612	0.02752	0.06563	0.69431	0.01622	0.02093	0.02088	0.01551	0.02219	0.01284	0.01698	0.01078	0.00612	0.00678	0.00204	0.00816	0.00610	0.00337	0.01073
92	0.02788	0.01562	0.01828	0.01407	0.01942	0.01603	0.01160	0.37555	0.04547	0.35070	0.02154	0.01980	0.01430	0.00836	0.00686	0.00209	0.00669	0.00653	0.00758	0.01162
93	0.04762	0.01112	0.01207	0.01042	0.01368	0.01161	0.00821	0.16865	0.09660	0.09857	0.03064	0.03139	0.15401	0.03702	0.05137	0.00273	0.00583	0.00820	0.19184	0.00841
94	0.02112	0.02329	0.01735	0.01570	0.01940	0.36031	0.01198	0.03202	0.37561	0.02292	0.01955	0.01919	0.01509	0.00821	0.00658	0.00205	0.00874	0.00614	0.00531	0.00944
95	0.01305	0.01234	0.02055	0.69786	0.04530	0.01556	0.01875	0.01742	0.01348	0.01742	0.01196	0.01804	0.00911	0.00716	0.00781	0.00232	0.05518	0.00607	0.00304	0.00759
96	0.01693	0.01626	0.02777	0.04199	0.71689	0.01626	0.02100	0.02100	0.01558	0.02235	0.01287	0.01693	0.01084	0.00610	0.00677	0.00203	0.00813	0.00610	0.00339	0.01084
97	0.80789	0.01323	0.01006	0.00900	0.01323	0.01535	0.00741	0.02011	0.01164	0.03070	0.00953	0.01111	0.00741	0.00635	0.00423	0.00212	0.00529	0.00370	0.00423	0.00741
98	0.00978	0.00696	0.00943	0.01084	0.01182	0.00678	0.00846	0.01190	0.01436	0.01894	0.05673	0.35833	0.04164	0.06968	0.01081	0.00320	0.00525	0.33301	0.00621	0.00585
99	0.01760	0.01536	0.01577	0.01410	0.01802	0.03694	0.01098	0.06160	0.65953	0.02885	0.02693	0.02481	0.02019	0.00918	0.00693	0.00229	0.00569	0.00758	0.00686	0.01078
100	0.01793	0.01208	0.01452	0.01085	0.01638	0.00981	0.00869	0.06025	0.01630	0.16769	0.01707	0.06245	0.01382	0.00698	0.00578	0.00141	0.00530	0.00572	0.00527	0.54169
101	0.00832	0.00600	0.00789	0.00941	0.00989	0.00557	0.00630	0.00954	0.01321	0.01751	0.03916	0.72340	0.07601	0.02124	0.00870	0.00276	0.00395	0.01922	0.00635	0.00557
102	0.01497	0.01497	0.02095	0.01796	0.01796	0.02095	0.01497	0.01646	0.01048	0.01646	0.00898	0.01497	0.00898	0.01197	0.02245	0.00299	0.74704	0.00599	0.00299	0.00748
103	0.00979	0.00728	0.01073	0.01073	0.01187	0.00841	0.00823	0.01205	0.01092	0.01569	0.01856	0.02820	0.01768	0.10356	0.68099	0.01067	0.01746	0.00752	0.00370	0.00596
104	0.03070	0.01164	0.01588	0.01217	0.01746	0.01006	0.01006	0.03334	0.01958	0.72163	0.02699	0.02329	0.01694	0.00847	0.00688	0.00212	0.00582	0.00688	0.00847	0.01164
105	0.02081	0.00946	0.01271	0.01049	0.01406	0.00836	0.00836	0.02373	0.01948	0.39497	0.34992	0.03638	0.03934	0.01106	0.00744	0.00213	0.00460	0.00946	0.00803	0.00920
106	0.01615	0.01845	0.04037	0.02884	0.03576	0.01730	0.69204	0.02191	0.01615	0.02191	0.01384	0.01845	0.01038	0.00577	0.00807	0.00231	0.01153	0.00807	0.00346	0.00923
107	0.80789	0.01323	0.01006	0.00900	0.01323	0.01535	0.00741	0.02011	0.01164	0.03070	0.00953	0.01111	0.00741	0.00635	0.00423	0.00212	0.00529	0.00370	0.00423	0.00741
108	0.02559	0.01837	0.01977	0.01522	0.02052	0.02021	0.01255	0.64327	0.03099	0.06463	0.01703	0.01704	0.01206	0.00821	0.00676	0.00204	0.00729	0.00619	0.04085	0.01141
109	0.01570	0.04991	0.02044	0.01681	0.01766	0.06706	0.01393	0.04370	0.01214	0.01746	0.01042	0.01596	0.00995	0.01548	0.09688	0.00367	0.55607	0.00593	0.00325	0.00759
110	0.00994	0.00675	0.00861	0.00934	0.01030	0.00634	0.00643	0.02801	0.01450	0.04701	0.11977	0.52057	0.08735	0.07830	0.01057	0.00293	0.00422	0.01667	0.00642	0.00596
111	0.01433	0.13286	0.63200	0.01846	0.02800	0.01739	0.02346	0.02151	0.01437	0.02092	0.01191	0.01398	0.00868	0.00641	0.00622	0.00207	0.00974	0.00487	0.00289	0.00993
112	0.00845	0.00610	0.00800	0.00931	0.00992	0.00565	0.00630	0.00987	0.01383	0.01847	0.10425	0.65244	0.08106	0.02051	0.00864	0.00269	0.00387	0.01851	0.00646	0.00565
113	0.01019	0.00742	0.00904	0.00850	0.01049	0.00681	0.00642	0.01367	0.04563	0.04573	0.50358	0.05298	0.22504	0.01448	0.00799	0.00220	0.00345	0.01255	0.00724	0.00661
114	0.01682	0.01614	0.02757	0.06144	0.69831	0.01623	0.02094	0.02090	0.01553	0.02222	0.01285	0.01697	0.01079	0.00612	0.00677	0.00204	0.00816	0.00610	0.00338	0.01075
115	0.00971	0.00727	0.01081	0.01086	0.01206	0.00836	0.00840	0.01214	0.01136	0.01633	0.04250	0.05592	0.01979	0.04889	0.67998	0.01038	0.01726	0.00797	0.00390	0.00610
116	0.00834	0.00595	0.00794	0.00953	0.00992	0.00556	0.00635	0.00953	0.01310	0.01746	0.03771	0.75510	0.04525	0.02143	0.00873	0.00278	0.00397	0.01945	0.00635	0.00556
117	0.01303	0.00765	0.01006	0.00969	0.01158	0.00707	0.00716	0.01592	0.03691	0.14311	0.34213	0.28916	0.04845	0.01548	0.00806	0.00237	0.00399	0.01375	0.00727	0.00716

[dist]
# distance from previous block
# <min> <max>
0	1

[block]
# block no. 1 follows, 31 sequences, length 43
# corresponding to MSA columns:
# 138-180
name=unknown_B
#
# <colnr> <probs for GDERKNQSTAVLIFYWHMCP>
#	G	D	E	R	K	N	Q	S	T	A	V	L	I	F	Y	W	H	M	C	P
0	0.01693	0.01626	0.02777	0.04199	0.71689	0.01626	0.02100	0.02100	0.01558	0.02235	0.01287	0.01693	0.01084	0.00610	0.00677	0.00203	0.00813	0.00610	0.00339	0.01084
1	0.80789	0.01323	0.01006	0.00900	0.01323	0.01535	0.00741	0.02011	0.01164	0.03070	0.00953	0.01111	0.00741	0.00635	0.00423	0.00212	0.00529	0.00370	0.00423	0.00741
2	0.09000	0.01219	0.01569	0.01213	0.01735	0.01109	0.01002	0.06969	0.01968	0.63030	0.02505	0.02197	0.01591	0.00829	0.00668	0.00211	0.00588	0.00660	0.00805	0.01132
3	0.02543	0.05651	0.02044	0.01673	0.02103	0.45282	0.01308	0.26307	0.02370	0.02605	0.01260	0.01373	0.00981	0.00741	0.00634	0.00185	0.01044	0.00500	0.00468	0.00928
4	0.00948	0.00716	0.00960	0.01081	0.04735	0.00659	0.00717	0.01163	0.01555	0.02140	0.26893	0.40935	0.08185	0.01718	0.00822	0.00243	0.00395	0.01543	0.00650	0.03942
5	0.04042	0.04312	0.01979	0.15576	0.04948	0.21659	0.01385	0.19707	0.08777	0.08704	0.01552	0.01685	0.01152	0.00756	0.00653	0.00203	0.00878	0.00574	0.00504	0.00954
6	0.02391	0.01182	0.01462	0.01194	0.01638	0.01133	0.00961	0.06470	0.15718	0.42728	0.05420	0.04902	0.09652	0.01013	0.00712	0.00219	0.00543	0.00837	0.00776	0.01050
7	0.01676	0.01598	0.02621	0.06184	0.54670	0.01639	0.05410	0.02336	0.12494	0.02315	0.01527	0.01842	0.01235	0.00661	0.00687	0.00210	0.00791	0.00646	0.00395	0.01064
8	0.01986	0.02002	0.01681	0.01506	0.01890	0.22190	0.01161	0.06262	0.47890	0.02586	0.02240	0.02135	0.01702	0.00860	0.00673	0.00215	0.00749	0.00671	0.00597	0.01003
9	0.01693	0.01626	0.02777	0.04199	0.71689	0.01626	0.02100	0.02100	0.01558	0.02235	0.01287	0.01693	0.01084	0.00610	0.00677	0.00203	0.00813	0.00610	0.00339	0.01084
10	0.02991	0.01216	0.01611	0.01243	0.01768	0.01092	0.01024	0.06829	0.04735	0.65844	0.02647	0.02301	0.01681	0.00849	0.00688	0.00212	0.00590	0.00688	0.00832	0.01161
11	0.80789	0.01323	0.01006	0.00900	0.01323	0.01535	0.00741	0.02011	0.01164	0.03070	0.00953	0.01111	0.00741	0.00635	0.00423	0.00212	0.00529	0.00370	0.00423	0.00741
12	0.01690	0.01633	0.02822	0.04152	0.69262	0.01629	0.04491	0.02103	0.01560	0.02234	0.01290	0.01699	0.01082	0.00608	0.00682	0.00204	0.00825	0.00617	0.00339	0.01078
13	0.01937	0.04802	0.01747	0.01457	0.01867	0.11455	0.01147	0.11852	0.49810	0.02836	0.02331	0.02199	0.01758	0.00870	0.00674	0.00218	0.00670	0.00692	0.00632	0.01046
14	0.01694	0.01280	0.01564	0.01145	0.01723	0.01059	0.03115	0.08703	0.01683	0.09606	0.04387	0.01705	0.01329	0.00613	0.00566	0.00132	0.00553	0.00504	0.00491	0.58147
15	0.01204	0.00715	0.00915	0.00936	0.01096	0.00644	0.00669	0.01372	0.01507	0.13033	0.11088	0.42980	0.15003	0.04344	0.00917	0.00267	0.00420	0.01558	0.00673	0.00660
16	0.01811	0.73513	0.06283	0.01201	0.01803	0.02663	0.01224	0.02053	0.01392	0.01631	0.00962	0.01111	0.00878	0.00588	0.00447	0.00149	0.00743	0.00371	0.00293	0.00883
17	0.00848	0.00612	0.00804	0.00931	0.00993	0.00567	0.00632	0.00994	0.01394	0.01868	0.11889	0.64391	0.07462	0.02039	0.00863	0.00269	0.00386	0.01841	0.00649	0.00567
18	0.03070	0.01164	0.01588	0.01217	0.01746	0.01006	0.01006	0.03334	0.01958	0.72163	0.02699	0.02329	0.01694	0.00847	0.00688	0.00212	0.00582	0.00688	0.00847	0.01164
19	0.18286	0.01746	0.01789	0.03276	0.03614	0.03948	0.01188	0.44478	0.06720	0.03735	0.03678	0.01691	0.01280	0.00796	0.00634	0.00208	0.00701	0.00589	0.00607	0.01034
20	0.02496	0.05890	0.02042	0.04081	0.02187	0.48920	0.01329	0.20471	0.02238	0.02378	0.01214	0.01357	0.00957	0.00730	0.00630	0.00184	0.01074	0.00490	0.00437	0.00894
21	0.03939	0.15867	0.47043	0.01659	0.02505	0.01687	0.01989	0.02263	0.01487	0.10442	0.01346	0.01478	0.00969	0.00656	0.00605	0.00199	0.00877	0.00495	0.00365	0.04129
22	0.01358	0.03440	0.69917	0.01912	0.02893	0.01556	0.02462	0.02136	0.01462	0.02187	0.03674	0.01572	0.01062	0.00676	0.00655	0.00217	0.00987	0.00531	0.00305	0.00998
23	0.01013	0.00817	0.00906	0.00863	0.01085	0.00783	0.00647	0.01509	0.12602	0.02290	0.27937	0.05351	0.35316	0.04747	0.00907	0.00245	0.00383	0.01248	0.00675	0.00674
24	0.01552	0.01401	0.02265	0.41639	0.03672	0.01600	0.12362	0.14238	0.01735	0.02289	0.01523	0.07843	0.01275	0.00826	0.00760	0.00230	0.02787	0.00751	0.00408	0.00843
25	0.02237	0.01835	0.01859	0.01640	0.05603	0.10315	0.01247	0.37060	0.15304	0.05591	0.01998	0.06532	0.01614	0.00934	0.00698	0.00215	0.00742	0.02901	0.00629	0.01045
26	0.00966	0.00674	0.00768	0.00795	0.00867	0.00651	0.00508	0.01101	0.02967	0.01674	0.06305	0.19452	0.13982	0.38973	0.02140	0.00453	0.00518	0.01247	0.05447	0.00511
27	0.00834	0.00595	0.00794	0.00953	0.00992	0.00556	0.00635	0.00953	0.01310	0.01746	0.03771	0.75510	0.04525	0.02143	0.00873	0.00278	0.00397	0.01945	0.00635	0.00556
28	0.04695	0.04705	0.34028	0.12118	0.07987	0.01451	0.01850	0.05245	0.01588	0.02311	0.12335	0.05216	0.01931	0.00838	0.00676	0.00217	0.00806	0.00699	0.00408	0.00896
29	0.06335	0.05986	0.44994	0.02138	0.06913	0.01688	0.14549	0.05495	0.01551	0.02313	0.01252	0.01508	0.00919	0.00639	0.00660	0.00215	0.00972	0.00559	0.00330	0.00985
30	0.01352	0.00912	0.01046	0.03131	0.01252	0.00877	0.00692	0.07342	0.01471	0.02292	0.01843	0.02502	0.01607	0.13507	0.06736	0.02291	0.00600	0.00646	0.30674	0.19226
31	0.04695	0.02974	0.55198	0.01934	0.07209	0.01514	0.02192	0.02154	0.04913	0.02293	0.07283	0.01815	0.01414	0.00724	0.00658	0.00216	0.00896	0.00583	0.00358	0.00977
32	0.01483	0.01920	0.18753	0.14322	0.16036	0.01538	0.11097	0.02275	0.14172	0.02233	0.01713	0.05739	0.01387	0.00772	0.00697	0.00222	0.00834	0.00713	0.03148	0.00947
33	0.02361	0.01697	0.05838	0.01652	0.02209	0.01622	0.12015	0.32845	0.02405	0.21116	0.02128	0.05252	0.03839	0.00869	0.00716	0.00216	0.00756	0.00746	0.00648	0.01071
34	0.02339	0.04170	0.04824	0.01654	0.08393	0.01654	0.01280	0.34007	0.02386	0.17001	0.01708	0.01720	0.01214	0.00740	0.00646	0.00188	0.00694	0.00582	0.00609	0.14192
35	0.01718	0.05907	0.16604	0.14337	0.25722	0.01731	0.04774	0.14429	0.01804	0.02485	0.01379	0.01793	0.01091	0.00701	0.00674	0.00212	0.00863	0.02383	0.00392	0.01001
36	0.01881	0.04502	0.06984	0.03274	0.46988	0.09719	0.01868	0.05834	0.05116	0.05250	0.01399	0.01672	0.01120	0.00659	0.00662	0.00201	0.00844	0.00587	0.00393	0.01047
37	0.23324	0.08589	0.20242	0.03737	0.02040	0.01546	0.01379	0.08101	0.01633	0.14998	0.05238	0.01709	0.01315	0.00728	0.00586	0.00205	0.00704	0.00539	0.00488	0.02901
38	0.07269	0.10363	0.14436	0.02053	0.16597	0.13851	0.01569	0.06011	0.01734	0.17551	0.01507	0.01605	0.01104	0.00695	0.00622	0.00197	0.00838	0.00538	0.00462	0.00998
39	0.07661	0.01147	0.01412	0.01399	0.06509	0.04625	0.03817	0.05870	0.04436	0.09803	0.12739	0.27523	0.03127	0.01321	0.00784	0.00232	0.02481	0.01150	0.00600	0.03364
40	0.08744	0.11720	0.02176	0.04363	0.12852	0.38060	0.01368	0.04339	0.01752	0.04947	0.01167	0.01360	0.00947	0.00673	0.00592	0.00182	0.00977	0.00472	0.00379	0.02931
41	0.27157	0.13728	0.03453	0.01471	0.08188	0.12488	0.01109	0.02325	0.06840	0.08793	0.07153	0.01744	0.01485	0.00741	0.00561	0.00197	0.00695	0.00538	0.00468	0.00866
42	0.04225	0.08533	0.29548	0.04527	0.26164	0.01673	0.03614	0.04816	0.01562	0.05174	0.01297	0.01553	0.00993	0.00641	0.00638	0.00203	0.00864	0.00544	0.00354	0.03075

[dist]
# distance from previous block
# <min> <max>
14	64

[block]
# block no. 2 follows, 31 sequences, length 11
# corresponding to MSA columns:
# 247-257
name=unknown_C
#
# <colnr> <probs for GDERKNQSTAVLIFYWHMCP>
#	G	D	E	R	K	N	Q	S	T	A	V	L	I	F	Y	W	H	M	C	P
0	0.16570	0.01970	0.18970	0.05236	0.05895	0.01527	0.23444	0.02145	0.04430	0.04899	0.04468	0.04581	0.01372	0.00731	0.00679	0.00223	0.00863	0.00691	0.00407	0.00899
1	0.04678	0.24281	0.15638	0.04208	0.22202	0.08421	0.01706	0.05106	0.01588	0.04488	0.01205	0.01431	0.00972	0.00639	0.00588	0.00188	0.00845	0.00497	0.00352	0.00968
2	0.08430	0.33984	0.06841	0.01325	0.01856	0.11489	0.01217	0.15302	0.01845	0.04343	0.03661	0.01630	0.03981	0.00735	0.00556	0.00179	0.00770	0.00514	0.00432	0.00908
3	0.04442	0.02896	0.50699	0.02197	0.13804	0.01551	0.02226	0.02292	0.03884	0.07659	0.01395	0.01579	0.01003	0.00668	0.00651	0.00214	0.00912	0.00541	0.00359	0.01027
4	0.07784	0.14106	0.02197	0.13825	0.02435	0.24341	0.03758	0.15867	0.01923	0.02370	0.01242	0.01466	0.00977	0.00700	0.00600	0.00190	0.00907	0.00509	0.03932	0.00870
5	0.01186	0.01075	0.08613	0.01240	0.04705	0.00835	0.00976	0.01546	0.04559	0.07378	0.22677	0.32311	0.04187	0.01538	0.00803	0.00245	0.00491	0.04273	0.00636	0.00726
6	0.01834	0.01892	0.02640	0.03802	0.60354	0.13287	0.01973	0.02203	0.01620	0.02144	0.01250	0.01618	0.01051	0.00625	0.00667	0.00199	0.00881	0.00582	0.00341	0.01036
7	0.01357	0.01283	0.02170	0.62890	0.15623	0.01537	0.01933	0.01805	0.01399	0.01827	0.01228	0.01803	0.00940	0.00672	0.00683	0.00224	0.00896	0.00608	0.00310	0.00813
8	0.01628	0.01559	0.02659	0.15621	0.60778	0.01608	0.02067	0.02042	0.01527	0.02156	0.01275	0.01715	0.01056	0.00622	0.00678	0.00207	0.00829	0.00609	0.00333	0.01031
9	0.26471	0.10569	0.04735	0.01671	0.13070	0.04730	0.01208	0.10872	0.01718	0.11018	0.06623	0.01738	0.01423	0.00735	0.00578	0.00201	0.00669	0.00552	0.00494	0.00924
10	0.05314	0.41446	0.07543	0.01502	0.04983	0.09224	0.03168	0.10941	0.03963	0.02170	0.01165	0.01309	0.00966	0.00644	0.00533	0.00171	0.00795	0.00453	0.00375	0.03336

[dist]
# distance from previous block
# <min> <max>
0	8

[block]
# block no. 3 follows, 31 sequences, length 23
# corresponding to MSA columns:
# 266-288
name=unknown_D
#
# <colnr> <probs for GDERKNQSTAVLIFYWHMCP>
#	G	D	E	R	K	N	Q	S	T	A	V	L	I	F	Y	W	H	M	C	P
0	0.04181	0.01719	0.07442	0.03649	0.18917	0.07329	0.01423	0.08788	0.17095	0.09931	0.04117	0.04700	0.05941	0.00880	0.00687	0.00215	0.00710	0.00739	0.00543	0.00992
1	0.04140	0.02346	0.26597	0.11167	0.17156	0.09696	0.03707	0.02116	0.03605	0.02112	0.01555	0.01816	0.04607	0.00705	0.00653	0.00205	0.00890	0.00586	0.00352	0.05988
2	0.01360	0.08672	0.55916	0.05510	0.02753	0.01570	0.02191	0.02043	0.01489	0.02164	0.08671	0.01828	0.01465	0.00727	0.00652	0.00212	0.00911	0.00578	0.00339	0.00949
3	0.07258	0.08500	0.09153	0.01583	0.08266	0.06147	0.01275	0.04580	0.11036	0.27959	0.02252	0.02161	0.05210	0.00817	0.00646	0.00207	0.00687	0.00647	0.00596	0.01020
4	0.02107	0.01633	0.01733	0.04450	0.01932	0.05588	0.01147	0.45247	0.02636	0.03496	0.09882	0.10007	0.02156	0.03793	0.00818	0.00230	0.00695	0.00833	0.00643	0.00974
5	0.10214	0.01654	0.01992	0.01861	0.12303	0.01781	0.03954	0.39246	0.04407	0.05920	0.08300	0.01987	0.01658	0.00821	0.00674	0.00209	0.00702	0.00664	0.00606	0.01047
6	0.09134	0.02376	0.34160	0.02211	0.14698	0.01481	0.10517	0.02079	0.01517	0.04883	0.06382	0.01997	0.04109	0.00734	0.00672	0.00216	0.00858	0.00644	0.00384	0.00950
7	0.01615	0.01268	0.01633	0.04742	0.01902	0.01133	0.06066	0.04432	0.11301	0.09353	0.02165	0.02228	0.08027	0.00743	0.00618	0.00163	0.00580	0.00633	0.00513	0.40886
8	0.01693	0.01626	0.02777	0.04199	0.71689	0.01626	0.02100	0.02100	0.01558	0.02235	0.01287	0.01693	0.01084	0.00610	0.00677	0.00203	0.00813	0.00610	0.00339	0.01084
9	0.01648	0.01579	0.02694	0.12191	0.64054	0.01613	0.02077	0.02060	0.01536	0.02180	0.01279	0.01708	0.01064	0.00618	0.00678	0.00206	0.00824	0.00609	0.00335	0.01047
10	0.02159	0.01279	0.01653	0.04535	0.01909	0.01158	0.03475	0.09324	0.05607	0.28980	0.05364	0.02064	0.01609	0.00745	0.00638	0.00177	0.00595	0.00619	0.00627	0.27484
11	0.01577	0.01507	0.02566	0.24563	0.52236	0.01595	0.02042	0.01997	0.01503	0.02094	0.01266	0.01731	0.01034	0.00631	0.00679	0.00210	0.00842	0.00609	0.00329	0.00990
12	0.00944	0.00694	0.00883	0.00845	0.01009	0.00634	0.00630	0.01240	0.01865	0.02595	0.60811	0.08300	0.14062	0.01470	0.00810	0.00220	0.00329	0.01292	0.00734	0.00634
13	0.02202	0.01298	0.01733	0.05420	0.11795	0.01296	0.01195	0.15532	0.05200	0.28146	0.16147	0.02653	0.02447	0.00915	0.00710	0.00212	0.00611	0.00774	0.00689	0.01023
14	0.00834	0.00595	0.00794	0.00953	0.00992	0.00556	0.00635	0.00953	0.01310	0.01746	0.03771	0.75510	0.04525	0.02143	0.00873	0.00278	0.00397	0.01945	0.00635	0.00556
15	0.04630	0.02506	0.02035	0.04381	0.11446	0.39419	0.01408	0.16510	0.02069	0.02367	0.01215	0.01411	0.00970	0.00720	0.00677	0.00189	0.03091	0.00506	0.00421	0.04027
16	0.01497	0.01497	0.02095	0.01796	0.01796	0.02095	0.01497	0.01646	0.01048	0.01646	0.00898	0.01497	0.00898	0.01197	0.02245	0.00299	0.74704	0.00599	0.00299	0.00748
17	0.00834	0.00595	0.00794	0.00953	0.00992	0.00556	0.00635	0.00953	0.01310	0.01746	0.03771	0.75510	0.04525	0.02143	0.00873	0.00278	0.00397	0.01945	0.00635	0.00556
18	0.01211	0.01074	0.01788	0.01511	0.01797	0.01039	0.19099	0.05822	0.05149	0.02177	0.08837	0.37534	0.07065	0.01490	0.00825	0.00250	0.00621	0.01407	0.00574	0.00729
19	0.02339	0.11474	0.08879	0.01456	0.02024	0.01848	0.01307	0.30205	0.13041	0.17624	0.01911	0.01837	0.01352	0.00796	0.00652	0.00204	0.00707	0.00612	0.00631	0.01099
20	0.02438	0.06411	0.04908	0.01407	0.01936	0.01701	0.01202	0.30350	0.13675	0.23431	0.02221	0.02084	0.03375	0.00849	0.00674	0.00209	0.00667	0.00665	0.00690	0.01110
21	0.01829	0.76368	0.03585	0.01171	0.01756	0.02707	0.01171	0.02049	0.01390	0.01610	0.00951	0.01097	0.00878	0.00585	0.00439	0.00146	0.00732	0.00366	0.00293	0.00878
22	0.01791	0.68917	0.03367	0.01182	0.01739	0.02577	0.01154	0.02121	0.05786	0.01689	0.01099	0.01246	0.00985	0.00768	0.03028	0.00185	0.00758	0.00405	0.00321	0.00882

[dist]
# distance from previous block
# <min> <max>
5	96

# created by:
# /st0/software/busco_prod/Augustus/scripts/msa2prfl.pl ./align_prep/156871.fa
