[name]
unknown

[dist]
# distance from previous block
# <min> <max>
30	94

[block]
# block no. 0 follows, 25 sequences, length 17
# corresponding to MSA columns:
# 97-113
name=unknown_A
#
# <colnr> <probs for GDERKNQSTAVLIFYWHMCP>
#	G	D	E	R	K	N	Q	S	T	A	V	L	I	F	Y	W	H	M	C	P
0	0.01936	0.01294	0.01532	0.01350	0.01693	0.01333	0.01060	0.21443	0.05310	0.10353	0.18945	0.19138	0.03981	0.01520	0.00879	0.00265	0.00602	0.05594	0.00798	0.00974
1	0.16097	0.01541	0.01742	0.01393	0.01955	0.01558	0.01136	0.12764	0.12789	0.31861	0.02423	0.02245	0.01656	0.00900	0.00713	0.00233	0.00665	0.00697	0.00783	0.06851
2	0.60199	0.01471	0.01316	0.07515	0.01904	0.01637	0.00973	0.02205	0.01382	0.03204	0.01150	0.01384	0.00902	0.00704	0.00521	0.00224	0.00636	0.00450	0.00464	0.11758
3	0.01767	0.01687	0.02873	0.26856	0.47005	0.01802	0.02304	0.02246	0.01694	0.02349	0.01432	0.01969	0.01163	0.00719	0.00770	0.00240	0.00959	0.00690	0.00371	0.01106
4	0.01347	0.00673	0.01010	0.01010	0.01010	0.00673	0.00673	0.01010	0.01010	0.01347	0.01347	0.02357	0.01347	0.02694	0.03030	0.77441	0.00673	0.00673	0.00337	0.00337
5	0.78228	0.01499	0.01140	0.01020	0.01499	0.01739	0.00840	0.02279	0.01320	0.03479	0.01080	0.01260	0.00840	0.00720	0.00480	0.00240	0.00600	0.00420	0.00480	0.00840
6	0.02947	0.02172	0.02327	0.01784	0.02404	0.02404	0.01474	0.65329	0.03646	0.04887	0.01862	0.01862	0.01319	0.00931	0.00776	0.00233	0.00853	0.00698	0.00776	0.01319
7	0.17875	0.01920	0.01689	0.01522	0.01963	0.11532	0.01186	0.03593	0.43846	0.03101	0.02447	0.02342	0.01856	0.00947	0.00712	0.00249	0.00723	0.00728	0.00669	0.01100
8	0.01128	0.00752	0.00846	0.00846	0.00846	0.00752	0.00470	0.01128	0.01128	0.01503	0.02443	0.05074	0.02819	0.72751	0.03946	0.00752	0.00752	0.01128	0.00470	0.00470
9	0.01347	0.00673	0.01010	0.01010	0.01010	0.00673	0.00673	0.01010	0.01010	0.01347	0.01347	0.02357	0.01347	0.02694	0.03030	0.77441	0.00673	0.00673	0.00337	0.00337
10	0.01919	0.01842	0.03147	0.04759	0.67914	0.01842	0.02380	0.02380	0.01765	0.02533	0.01458	0.01919	0.01228	0.00691	0.00768	0.00230	0.00921	0.00691	0.00384	0.01228
11	0.12919	0.63003	0.03647	0.01283	0.01920	0.02879	0.01257	0.02316	0.01539	0.02060	0.01078	0.01246	0.00973	0.00671	0.00495	0.00176	0.00797	0.00415	0.00353	0.00973
12	0.01783	0.01049	0.01083	0.00961	0.01241	0.01101	0.00752	0.16090	0.02080	0.03339	0.02379	0.02659	0.01837	0.00910	0.00595	0.00192	0.00472	0.00717	0.59904	0.00857
13	0.01791	0.02365	0.13712	0.03117	0.03953	0.01938	0.56235	0.02480	0.01803	0.02480	0.01543	0.02027	0.01149	0.00665	0.00890	0.00259	0.01284	0.00866	0.00383	0.01060
14	0.01634	0.01402	0.01620	0.01184	0.01852	0.01107	0.00944	0.02131	0.06958	0.02586	0.01525	0.01714	0.01249	0.00614	0.00592	0.00127	0.00577	0.00494	0.00487	0.71204
15	0.01292	0.00990	0.01280	0.03789	0.01666	0.01003	0.01111	0.01865	0.10147	0.02507	0.13070	0.11668	0.08484	0.01826	0.00968	0.00307	0.00618	0.33106	0.00722	0.03581
16	0.48820	0.06683	0.01447	0.03701	0.01675	0.01693	0.00983	0.02190	0.04060	0.03026	0.01820	0.02374	0.04383	0.00945	0.00669	0.00248	0.03757	0.05667	0.05018	0.00842

[dist]
# distance from previous block
# <min> <max>
2	7

[block]
# block no. 1 follows, 25 sequences, length 7
# corresponding to MSA columns:
# 121-127
name=unknown_B
#
# <colnr> <probs for GDERKNQSTAVLIFYWHMCP>
#	G	D	E	R	K	N	Q	S	T	A	V	L	I	F	Y	W	H	M	C	P
0	0.22795	0.32782	0.13657	0.01481	0.02086	0.02405	0.01495	0.02272	0.01464	0.02387	0.01122	0.01372	0.00953	0.00782	0.00802	0.00222	0.10115	0.00477	0.00373	0.00958
1	0.12644	0.01947	0.02047	0.01574	0.02188	0.02081	0.01295	0.46133	0.02989	0.04296	0.01675	0.01739	0.01226	0.00842	0.00702	0.00213	0.00772	0.00620	0.00682	0.14334
2	0.41740	0.01685	0.05520	0.01297	0.01871	0.01654	0.01132	0.11045	0.01910	0.22717	0.01784	0.01767	0.01229	0.00819	0.00622	0.00239	0.00683	0.00572	0.00651	0.01062
3	0.01755	0.02592	0.24233	0.03221	0.20944	0.01917	0.22437	0.02388	0.01691	0.02429	0.01431	0.01864	0.01114	0.00757	0.00974	0.00255	0.07803	0.00724	0.00364	0.01108
4	0.01779	0.31773	0.35991	0.01835	0.02672	0.02370	0.02127	0.02343	0.01567	0.02142	0.01228	0.01484	0.00991	0.00769	0.00819	0.00223	0.07983	0.00519	0.00330	0.01055
5	0.02841	0.02119	0.02267	0.01762	0.02364	0.02355	0.01448	0.58923	0.10225	0.04715	0.01997	0.01969	0.01428	0.00943	0.00777	0.00236	0.00828	0.00717	0.00777	0.01309
6	0.01831	0.01840	0.03069	0.08002	0.43039	0.05343	0.12923	0.02282	0.01759	0.02402	0.01738	0.08909	0.01582	0.00868	0.00812	0.00244	0.00973	0.00869	0.00417	0.01098

[dist]
# distance from previous block
# <min> <max>
27	50

[block]
# block no. 2 follows, 25 sequences, length 26
# corresponding to MSA columns:
# 181-206
name=unknown_C
#
# <colnr> <probs for GDERKNQSTAVLIFYWHMCP>
#	G	D	E	R	K	N	Q	S	T	A	V	L	I	F	Y	W	H	M	C	P
0	0.02045	0.69462	0.07572	0.01375	0.02064	0.02999	0.01410	0.02329	0.01579	0.01858	0.01095	0.01265	0.00994	0.00667	0.00510	0.00170	0.00846	0.00423	0.00331	0.01003
1	0.05585	0.03879	0.65180	0.02147	0.03258	0.01797	0.02758	0.02446	0.01620	0.02509	0.01375	0.01617	0.00975	0.00736	0.00723	0.00245	0.01117	0.00565	0.00335	0.01130
2	0.01249	0.00892	0.01249	0.01428	0.01606	0.00892	0.01249	0.01606	0.01785	0.02320	0.04105	0.08746	0.04462	0.02142	0.01071	0.00357	0.00714	0.62695	0.00714	0.00714
3	0.01047	0.00751	0.00972	0.01116	0.01190	0.00720	0.00758	0.04354	0.01595	0.02127	0.04151	0.68658	0.04934	0.02353	0.00979	0.00311	0.00470	0.02127	0.00723	0.00665
4	0.02947	0.02172	0.02327	0.01784	0.02404	0.02404	0.01474	0.65329	0.03646	0.04887	0.01862	0.01862	0.01319	0.00931	0.00776	0.00233	0.00853	0.00698	0.00776	0.01319
5	0.02073	0.73217	0.04063	0.01327	0.01990	0.03068	0.01327	0.02322	0.01575	0.01824	0.01078	0.01244	0.00995	0.00663	0.00498	0.00166	0.00829	0.00415	0.00332	0.00995
6	0.01664	0.18519	0.55176	0.02025	0.03070	0.02066	0.02542	0.02427	0.01624	0.02323	0.01326	0.01555	0.00985	0.00721	0.00687	0.00229	0.01080	0.00540	0.00328	0.01114
7	0.01108	0.00831	0.01246	0.01246	0.01385	0.00969	0.00969	0.01385	0.01246	0.01800	0.02077	0.03046	0.01938	0.05815	0.69678	0.01246	0.02077	0.00831	0.00415	0.00692
8	0.01108	0.00831	0.01246	0.01246	0.01385	0.00969	0.00969	0.01385	0.01246	0.01800	0.02077	0.03046	0.01938	0.05815	0.69678	0.01246	0.02077	0.00831	0.00415	0.00692
9	0.01555	0.04011	0.68733	0.02210	0.03356	0.01801	0.02865	0.02455	0.01637	0.02455	0.01391	0.01637	0.00982	0.00737	0.00737	0.00246	0.01146	0.00573	0.00327	0.01146
10	0.01766	0.01989	0.04310	0.03110	0.03841	0.01865	0.60457	0.02382	0.01805	0.02447	0.01764	0.07149	0.01461	0.00782	0.00920	0.00265	0.01245	0.01008	0.00416	0.01016
11	0.02073	0.73217	0.04063	0.01327	0.01990	0.03068	0.01327	0.02322	0.01575	0.01824	0.01078	0.01244	0.00995	0.00663	0.00498	0.00166	0.00829	0.00415	0.00332	0.00995
12	0.63718	0.01975	0.13931	0.01245	0.01851	0.01751	0.01223	0.02313	0.01380	0.03285	0.01139	0.01331	0.00867	0.00723	0.00528	0.00241	0.00703	0.00449	0.00451	0.00898
13	0.01908	0.51134	0.24699	0.01609	0.02426	0.02664	0.01817	0.02364	0.01595	0.02026	0.01178	0.01369	0.00991	0.00687	0.00574	0.00191	0.00930	0.00465	0.00330	0.01043
14	0.02054	0.36701	0.25538	0.01752	0.02528	0.15238	0.01878	0.02513	0.01714	0.02051	0.01207	0.01406	0.00991	0.00714	0.00616	0.00199	0.01044	0.00484	0.00343	0.01028
15	0.01776	0.01974	0.04175	0.02999	0.03746	0.01829	0.57028	0.02383	0.01797	0.02468	0.01658	0.04788	0.01328	0.00716	0.00888	0.00251	0.01210	0.00926	0.00411	0.07648
16	0.08933	0.02139	0.02227	0.04806	0.02462	0.04834	0.01454	0.55114	0.03311	0.04532	0.01752	0.01805	0.01255	0.00902	0.00749	0.00233	0.00861	0.00668	0.00719	0.01244
17	0.02103	0.61634	0.09102	0.01456	0.02135	0.08729	0.01465	0.02400	0.01634	0.01881	0.01114	0.01289	0.00994	0.00681	0.00534	0.00175	0.00904	0.00435	0.00337	0.00999
18	0.02458	0.08134	0.02389	0.01727	0.02227	0.02314	0.01442	0.38601	0.07117	0.03748	0.01683	0.01827	0.01291	0.00968	0.01071	0.00240	0.14150	0.00663	0.00630	0.07320
19	0.01120	0.00836	0.01173	0.01401	0.06058	0.00801	0.00963	0.01382	0.01736	0.02355	0.18467	0.37457	0.05194	0.02045	0.00975	0.00302	0.00525	0.15770	0.00725	0.00715
20	0.01809	0.01891	0.02482	0.02081	0.02274	0.09977	0.09256	0.02066	0.01457	0.02018	0.01392	0.02315	0.01340	0.01234	0.01901	0.00303	0.44873	0.06044	0.00391	0.04895
21	0.01266	0.01064	0.01551	0.01459	0.01560	0.01348	0.01165	0.01514	0.01230	0.01818	0.01791	0.02682	0.01690	0.04612	0.51567	0.01001	0.20760	0.00790	0.00395	0.00734
22	0.05060	0.01532	0.02430	0.34306	0.22729	0.01780	0.02001	0.04436	0.01626	0.02294	0.01431	0.02027	0.01164	0.01210	0.06453	0.00335	0.07144	0.00688	0.00383	0.00970
23	0.43625	0.01381	0.01463	0.12769	0.02218	0.01527	0.01115	0.02468	0.01565	0.17213	0.01789	0.06811	0.01415	0.00904	0.00631	0.00248	0.00674	0.00672	0.00579	0.00932
24	0.01526	0.00909	0.01141	0.01103	0.01266	0.00909	0.00769	0.01822	0.06667	0.12689	0.03003	0.20821	0.03088	0.28904	0.11320	0.00588	0.00830	0.01277	0.00630	0.00738
25	0.16117	0.02422	0.02164	0.02103	0.10370	0.23815	0.01495	0.17292	0.02216	0.05074	0.01404	0.01619	0.01105	0.00868	0.00890	0.00235	0.08680	0.00584	0.00511	0.01035

[dist]
# distance from previous block
# <min> <max>
2	5

[block]
# block no. 3 follows, 25 sequences, length 13
# corresponding to MSA columns:
# 212-218,221-226
name=unknown_D
#
# <colnr> <probs for GDERKNQSTAVLIFYWHMCP>
#	G	D	E	R	K	N	Q	S	T	A	V	L	I	F	Y	W	H	M	C	P
0	0.08943	0.01218	0.01377	0.01293	0.01568	0.01321	0.00990	0.15141	0.08597	0.02832	0.03007	0.22045	0.05255	0.07232	0.11370	0.00456	0.00845	0.04997	0.00652	0.00861
1	0.02410	0.02645	0.01913	0.01708	0.02088	0.38297	0.01300	0.12097	0.08036	0.02450	0.02095	0.02386	0.06050	0.05285	0.07532	0.00345	0.01205	0.00709	0.00519	0.00931
2	0.02611	0.02139	0.02232	0.10231	0.02704	0.08664	0.01510	0.43524	0.07783	0.03990	0.01807	0.01904	0.01321	0.00888	0.00758	0.00228	0.00894	0.00678	0.00670	0.05463
3	0.01722	0.01621	0.02328	0.39050	0.13667	0.06462	0.03655	0.08105	0.01829	0.02351	0.01784	0.10588	0.01594	0.00979	0.00799	0.00255	0.00961	0.00869	0.00443	0.00940
4	0.01958	0.01484	0.01992	0.01564	0.02105	0.01382	0.08925	0.15931	0.02156	0.08964	0.02636	0.09188	0.06612	0.01111	0.00788	0.00221	0.00723	0.06810	0.00632	0.24818
5	0.01759	0.01684	0.02954	0.02408	0.07362	0.01641	0.28145	0.09800	0.01915	0.02653	0.02088	0.16106	0.01982	0.01076	0.00946	0.00252	0.04732	0.01061	0.00511	0.10927
6	0.02329	0.01854	0.02563	0.01887	0.02563	0.01803	0.15195	0.28048	0.02529	0.07929	0.01730	0.01887	0.01276	0.00763	0.00745	0.00203	0.00854	0.00678	0.00607	0.24557
7	0.01858	0.01712	0.02806	0.30743	0.30930	0.01871	0.06036	0.09949	0.01914	0.02598	0.01483	0.01982	0.01158	0.00752	0.00781	0.00244	0.00982	0.00705	0.00417	0.01081
8	0.09211	0.01447	0.01622	0.01302	0.01820	0.01412	0.01040	0.07499	0.15003	0.07781	0.09968	0.02446	0.02187	0.00895	0.00755	0.00200	0.03237	0.00706	0.00633	0.30836
9	0.12451	0.05766	0.01447	0.01159	0.01498	0.09511	0.00913	0.02078	0.01994	0.10809	0.32097	0.04122	0.10668	0.01273	0.00785	0.00234	0.00592	0.01041	0.00713	0.00847
10	0.02846	0.01593	0.01891	0.01456	0.02036	0.01561	0.01193	0.26320	0.02654	0.30697	0.05983	0.02409	0.01905	0.00935	0.00752	0.00220	0.00694	0.00743	0.03600	0.10512
11	0.02499	0.01536	0.01637	0.01352	0.01815	0.09520	0.01069	0.08379	0.02203	0.30125	0.12044	0.08178	0.07108	0.01166	0.00795	0.00231	0.00685	0.00959	0.00781	0.07918
12	0.02435	0.02362	0.01943	0.01661	0.02115	0.24282	0.01299	0.24359	0.12571	0.03210	0.05334	0.02753	0.10172	0.01066	0.00776	0.00231	0.00917	0.00810	0.00649	0.01056

[dist]
# distance from previous block
# <min> <max>
21	37

[block]
# block no. 4 follows, 25 sequences, length 9
# corresponding to MSA columns:
# 266-274
name=unknown_E
#
# <colnr> <probs for GDERKNQSTAVLIFYWHMCP>
#	G	D	E	R	K	N	Q	S	T	A	V	L	I	F	Y	W	H	M	C	P
0	0.10154	0.11996	0.36285	0.01831	0.02683	0.02028	0.02069	0.14795	0.01970	0.02930	0.01449	0.01670	0.01089	0.01049	0.04557	0.00288	0.01041	0.00576	0.00438	0.01102
1	0.01808	0.03657	0.59938	0.02101	0.03175	0.01714	0.02638	0.02629	0.01713	0.11127	0.01611	0.01769	0.01105	0.00766	0.00742	0.00245	0.01082	0.00600	0.00410	0.01169
2	0.02015	0.65405	0.11363	0.01426	0.02144	0.02925	0.01500	0.02337	0.01582	0.01895	0.01113	0.01288	0.00994	0.00672	0.00525	0.00175	0.00865	0.00432	0.00331	0.01012
3	0.19110	0.07825	0.49185	0.01882	0.02845	0.01867	0.02304	0.02407	0.01561	0.02649	0.01300	0.01526	0.00950	0.00728	0.00663	0.00239	0.01001	0.00528	0.00363	0.01066
4	0.02073	0.73217	0.04063	0.01327	0.01990	0.03068	0.01327	0.02322	0.01575	0.01824	0.01078	0.01244	0.00995	0.00663	0.00498	0.00166	0.00829	0.00415	0.00332	0.00995
5	0.02073	0.73217	0.04063	0.01327	0.01990	0.03068	0.01327	0.02322	0.01575	0.01824	0.01078	0.01244	0.00995	0.00663	0.00498	0.00166	0.00829	0.00415	0.00332	0.00995
6	0.01608	0.01378	0.01608	0.01148	0.01837	0.01034	0.00919	0.01952	0.01608	0.02527	0.01378	0.01608	0.01148	0.00574	0.00574	0.00115	0.00574	0.00459	0.00459	0.77491
7	0.02111	0.54516	0.15193	0.01486	0.02228	0.02670	0.01579	0.02478	0.01645	0.08023	0.01314	0.01440	0.01077	0.00703	0.00565	0.00187	0.00869	0.00476	0.00388	0.01051
8	0.02073	0.73217	0.04063	0.01327	0.01990	0.03068	0.01327	0.02322	0.01575	0.01824	0.01078	0.01244	0.00995	0.00663	0.00498	0.00166	0.00829	0.00415	0.00332	0.00995

[dist]
# distance from previous block
# <min> <max>
0	4

[block]
# block no. 5 follows, 25 sequences, length 6
# corresponding to MSA columns:
# 279-284
name=unknown_F
#
# <colnr> <probs for GDERKNQSTAVLIFYWHMCP>
#	G	D	E	R	K	N	Q	S	T	A	V	L	I	F	Y	W	H	M	C	P
0	0.01608	0.01378	0.01608	0.01148	0.01837	0.01034	0.00919	0.01952	0.01608	0.02527	0.01378	0.01608	0.01148	0.00574	0.00574	0.00115	0.00574	0.00459	0.00459	0.77491
1	0.01753	0.45371	0.11502	0.01417	0.02003	0.02354	0.01427	0.02091	0.01496	0.01898	0.01381	0.01769	0.01242	0.02031	0.18773	0.00461	0.01198	0.00544	0.00353	0.00934
2	0.01483	0.23203	0.02104	0.01250	0.01554	0.01639	0.01041	0.04765	0.01477	0.01951	0.01984	0.08761	0.01973	0.09179	0.33446	0.00740	0.01378	0.00843	0.00439	0.00793
3	0.35485	0.07536	0.01568	0.01173	0.01634	0.01598	0.00965	0.02643	0.09917	0.14789	0.13092	0.02488	0.02350	0.00948	0.00648	0.00237	0.00592	0.00710	0.00656	0.00969
4	0.08466	0.01338	0.01552	0.01302	0.01714	0.01367	0.01035	0.15935	0.08135	0.18281	0.24849	0.06554	0.03739	0.01222	0.00811	0.00245	0.00582	0.01018	0.00818	0.01039
5	0.04742	0.08805	0.07398	0.01460	0.02005	0.01723	0.01275	0.07124	0.26164	0.13805	0.08233	0.02800	0.04625	0.01003	0.00745	0.00235	0.00670	0.00810	0.00706	0.05670

[dist]
# distance from previous block
# <min> <max>
7	9

[block]
# block no. 6 follows, 25 sequences, length 13
# corresponding to MSA columns:
# 294-306
name=unknown_G
#
# <colnr> <probs for GDERKNQSTAVLIFYWHMCP>
#	G	D	E	R	K	N	Q	S	T	A	V	L	I	F	Y	W	H	M	C	P
0	0.13223	0.56551	0.03395	0.01275	0.01867	0.02696	0.01225	0.02237	0.01510	0.02066	0.01162	0.01398	0.01051	0.01105	0.06315	0.00268	0.00900	0.00450	0.00361	0.00947
1	0.01882	0.21009	0.13744	0.03098	0.24924	0.02188	0.17698	0.02402	0.01712	0.02323	0.01375	0.01741	0.01117	0.00681	0.00728	0.00223	0.01027	0.00656	0.00364	0.01109
2	0.13463	0.52172	0.03329	0.01341	0.01951	0.08348	0.01257	0.02474	0.01631	0.06356	0.01216	0.01349	0.01032	0.00702	0.00530	0.00184	0.00832	0.00446	0.00400	0.00985
3	0.01347	0.00673	0.01010	0.01010	0.01010	0.00673	0.00673	0.01010	0.01010	0.01347	0.01347	0.02357	0.01347	0.02694	0.03030	0.77441	0.00673	0.00673	0.00337	0.00337
4	0.08439	0.36439	0.23194	0.01651	0.02420	0.08241	0.01775	0.05779	0.01736	0.02324	0.01225	0.01411	0.00996	0.00716	0.00601	0.00203	0.00956	0.00485	0.00372	0.01037
5	0.48550	0.05531	0.01308	0.01039	0.01448	0.01503	0.00849	0.02103	0.01622	0.05751	0.20379	0.02623	0.02764	0.00976	0.00618	0.00237	0.00548	0.00718	0.00598	0.00836
6	0.14264	0.02925	0.34824	0.01941	0.02806	0.01921	0.05804	0.18045	0.02120	0.06050	0.01540	0.01702	0.01094	0.00787	0.00718	0.00242	0.00975	0.00609	0.00494	0.01141
7	0.02017	0.45573	0.22410	0.01655	0.02428	0.10161	0.01787	0.02447	0.01663	0.02014	0.01181	0.01374	0.00992	0.00700	0.00589	0.00193	0.00984	0.00470	0.00338	0.01028
8	0.02286	0.02390	0.18552	0.01797	0.02461	0.01982	0.01731	0.38836	0.02787	0.03801	0.02055	0.07176	0.01712	0.01265	0.03708	0.00292	0.00941	0.04422	0.00642	0.01166
9	0.01994	0.62670	0.13919	0.01461	0.02198	0.02875	0.01561	0.02342	0.01585	0.01920	0.01126	0.01304	0.00993	0.00675	0.00534	0.00178	0.00877	0.00439	0.00331	0.01018
10	0.01568	0.03359	0.52122	0.01947	0.02980	0.01611	0.02383	0.02331	0.01630	0.02473	0.01388	0.01630	0.01023	0.00696	0.00696	0.00213	0.01004	0.00545	0.00360	0.20039
11	0.01667	0.32669	0.27589	0.01596	0.02328	0.02111	0.01779	0.02160	0.01654	0.02209	0.08413	0.08886	0.02056	0.00961	0.00679	0.00218	0.00862	0.00753	0.00423	0.00988
12	0.02366	0.28154	0.02740	0.01578	0.02083	0.21936	0.01322	0.14099	0.06308	0.02533	0.04256	0.01924	0.01516	0.05052	0.00846	0.00232	0.00961	0.00604	0.00492	0.00999

[dist]
# distance from previous block
# <min> <max>
1	4

[block]
# block no. 7 follows, 25 sequences, length 9
# corresponding to MSA columns:
# 311-319
name=unknown_H
#
# <colnr> <probs for GDERKNQSTAVLIFYWHMCP>
#	G	D	E	R	K	N	Q	S	T	A	V	L	I	F	Y	W	H	M	C	P
0	0.09978	0.60287	0.08849	0.01364	0.02046	0.02830	0.01397	0.02328	0.01554	0.02047	0.01103	0.01276	0.00978	0.00675	0.00514	0.00180	0.00830	0.00428	0.00347	0.00991
1	0.01885	0.48108	0.27526	0.01647	0.02486	0.02608	0.01885	0.02370	0.01598	0.02053	0.01192	0.01386	0.00990	0.00690	0.00584	0.00195	0.00944	0.00472	0.00330	0.01050
2	0.00984	0.00740	0.00880	0.00938	0.01071	0.00670	0.00649	0.01162	0.01654	0.02152	0.16061	0.31656	0.25388	0.10786	0.01317	0.00339	0.00454	0.01751	0.00712	0.00636
3	0.14328	0.50433	0.10758	0.01410	0.02085	0.06024	0.01429	0.02368	0.01572	0.02165	0.01119	0.01298	0.00969	0.00687	0.00532	0.00188	0.00856	0.00437	0.00358	0.00982
4	0.00982	0.00755	0.00898	0.00933	0.01105	0.00671	0.00673	0.01213	0.01817	0.02379	0.25513	0.26266	0.30035	0.01984	0.00938	0.00272	0.00401	0.01732	0.00762	0.00671
5	0.02714	0.02016	0.02182	0.01687	0.02281	0.02181	0.01381	0.56004	0.03340	0.04510	0.01954	0.05800	0.01518	0.00983	0.00770	0.00227	0.00805	0.00761	0.00744	0.08140
6	0.02096	0.63923	0.08124	0.01430	0.02107	0.07592	0.01438	0.02384	0.01622	0.01870	0.01107	0.01280	0.00994	0.00677	0.00527	0.00173	0.00889	0.00431	0.00336	0.00998
7	0.01773	0.16965	0.35922	0.01820	0.02635	0.01998	0.02063	0.10770	0.01833	0.02553	0.01505	0.01819	0.01186	0.01576	0.11926	0.00391	0.01195	0.00600	0.00403	0.01065
8	0.01896	0.49589	0.26142	0.01628	0.02456	0.02635	0.01852	0.02367	0.01596	0.02040	0.01185	0.01378	0.00991	0.00688	0.00579	0.00193	0.00937	0.00469	0.00330	0.01047

[dist]
# distance from previous block
# <min> <max>
3	13

[block]
# block no. 8 follows, 25 sequences, length 6
# corresponding to MSA columns:
# 333-338
name=unknown_I
#
# <colnr> <probs for GDERKNQSTAVLIFYWHMCP>
#	G	D	E	R	K	N	Q	S	T	A	V	L	I	F	Y	W	H	M	C	P
0	0.02008	0.02062	0.02899	0.12839	0.50015	0.12030	0.02218	0.02436	0.01803	0.02367	0.01409	0.01860	0.01169	0.00718	0.00758	0.00229	0.01007	0.00662	0.00381	0.01131
1	0.09849	0.01807	0.01743	0.01340	0.01960	0.10126	0.01068	0.11641	0.01960	0.02898	0.01397	0.01583	0.01123	0.00672	0.00611	0.00156	0.00725	0.00496	0.00501	0.48345
2	0.01840	0.01736	0.02920	0.23526	0.35131	0.01824	0.08583	0.06998	0.01844	0.02544	0.01473	0.01961	0.01169	0.00724	0.00777	0.00237	0.00972	0.00703	0.00406	0.04632
3	0.44551	0.01394	0.01391	0.07783	0.01934	0.01533	0.01023	0.05583	0.01707	0.13322	0.08536	0.02290	0.04347	0.00911	0.00631	0.00243	0.00631	0.00664	0.00604	0.00922
4	0.06320	0.01593	0.02699	0.29840	0.28453	0.01729	0.08112	0.02170	0.01662	0.02355	0.01614	0.02468	0.01368	0.00831	0.00790	0.00254	0.00967	0.05368	0.00400	0.01006
5	0.01743	0.01891	0.03787	0.02773	0.03405	0.01849	0.46780	0.02274	0.01705	0.02380	0.01620	0.05700	0.01362	0.00832	0.01098	0.00259	0.10373	0.00905	0.00409	0.08854

[dist]
# distance from previous block
# <min> <max>
0	2

[block]
# block no. 9 follows, 25 sequences, length 10
# corresponding to MSA columns:
# 341-350
name=unknown_J
#
# <colnr> <probs for GDERKNQSTAVLIFYWHMCP>
#	G	D	E	R	K	N	Q	S	T	A	V	L	I	F	Y	W	H	M	C	P
0	0.34982	0.01873	0.01678	0.01581	0.06531	0.10404	0.01165	0.17457	0.02117	0.03453	0.07160	0.02140	0.04699	0.00909	0.00656	0.00234	0.00756	0.00656	0.00576	0.00973
1	0.01900	0.01892	0.02896	0.18613	0.49351	0.07244	0.02261	0.02352	0.01754	0.02365	0.01421	0.01909	0.01168	0.00717	0.00764	0.00234	0.00983	0.00675	0.00377	0.01124
2	0.53067	0.01456	0.01268	0.01105	0.01552	0.01633	0.00898	0.10796	0.01782	0.03540	0.10271	0.02312	0.05820	0.00938	0.00604	0.00241	0.00592	0.00661	0.00584	0.00880
3	0.45712	0.01326	0.01253	0.06043	0.01709	0.01490	0.00908	0.02240	0.05482	0.07614	0.04123	0.02382	0.01630	0.13886	0.01188	0.00336	0.00655	0.00659	0.00536	0.00828
4	0.01577	0.01392	0.02066	0.38825	0.03679	0.01684	0.01718	0.06404	0.01640	0.02264	0.01660	0.07785	0.01456	0.01018	0.01074	0.00260	0.13194	0.00798	0.05219	0.06287
5	0.08583	0.02527	0.02213	0.02283	0.14133	0.28064	0.01535	0.16630	0.06952	0.02969	0.05498	0.01954	0.01575	0.00867	0.00730	0.00223	0.01009	0.00653	0.00541	0.01060
6	0.01823	0.01179	0.01427	0.01243	0.01562	0.01178	0.00963	0.17462	0.02437	0.11435	0.32735	0.15560	0.04801	0.01488	0.00876	0.00253	0.00537	0.01286	0.00825	0.00932
7	0.02080	0.01875	0.02951	0.08044	0.52388	0.01938	0.02202	0.13798	0.02095	0.02929	0.01527	0.01917	0.01233	0.00739	0.00770	0.00232	0.00915	0.00692	0.00453	0.01223
8	0.02453	0.01761	0.01997	0.01565	0.02111	0.01839	0.01272	0.34584	0.05731	0.10260	0.02061	0.06940	0.01645	0.00997	0.00856	0.00222	0.04961	0.00771	0.00698	0.17277
9	0.13562	0.01808	0.01951	0.01868	0.09044	0.05073	0.01342	0.15513	0.26169	0.12178	0.02313	0.02244	0.01693	0.00917	0.00733	0.00244	0.00734	0.00724	0.00702	0.01185

[dist]
# distance from previous block
# <min> <max>
4	15

[block]
# block no. 10 follows, 25 sequences, length 8
# corresponding to MSA columns:
# 366-373
name=unknown_K
#
# <colnr> <probs for GDERKNQSTAVLIFYWHMCP>
#	G	D	E	R	K	N	Q	S	T	A	V	L	I	F	Y	W	H	M	C	P
0	0.08189	0.01662	0.01902	0.01508	0.02067	0.01725	0.01232	0.25802	0.11327	0.29235	0.05447	0.02441	0.01934	0.00973	0.00765	0.00241	0.00706	0.00767	0.00832	0.01246
1	0.02678	0.01991	0.02151	0.01652	0.02241	0.02142	0.01347	0.53965	0.03252	0.04402	0.01842	0.02032	0.01392	0.05368	0.00950	0.00251	0.00814	0.00697	0.00720	0.10113
2	0.10303	0.02059	0.01957	0.01601	0.02128	0.10973	0.01288	0.31451	0.11973	0.10651	0.02377	0.02315	0.05538	0.00976	0.00747	0.00236	0.00817	0.00736	0.00714	0.01161
3	0.01494	0.01437	0.02511	0.65310	0.05234	0.01742	0.07345	0.02023	0.01573	0.02023	0.01394	0.02069	0.01045	0.00765	0.00787	0.00259	0.01056	0.00708	0.00348	0.00877
4	0.01655	0.01733	0.03404	0.33143	0.04495	0.01801	0.33430	0.02230	0.01693	0.02263	0.01473	0.02053	0.01111	0.00703	0.00833	0.00252	0.01143	0.00788	0.00375	0.05422
5	0.01756	0.01676	0.02853	0.28413	0.45532	0.01799	0.02299	0.02237	0.01689	0.02336	0.01430	0.01972	0.01159	0.00721	0.00770	0.00240	0.00961	0.00690	0.00370	0.01097
6	0.01558	0.01473	0.02494	0.57311	0.18186	0.01747	0.02200	0.02063	0.01595	0.02094	0.01395	0.02037	0.01074	0.00758	0.00774	0.00253	0.01011	0.00689	0.00353	0.00937
7	0.52804	0.01491	0.01548	0.06449	0.11139	0.01658	0.01165	0.02340	0.01508	0.07941	0.04646	0.01737	0.01313	0.00781	0.00585	0.00240	0.00668	0.00552	0.00511	0.00925

[dist]
# distance from previous block
# <min> <max>
5	9

[block]
# block no. 11 follows, 25 sequences, length 16
# corresponding to MSA columns:
# 383-398
name=unknown_L
#
# <colnr> <probs for GDERKNQSTAVLIFYWHMCP>
#	G	D	E	R	K	N	Q	S	T	A	V	L	I	F	Y	W	H	M	C	P
0	0.01845	0.19916	0.45607	0.01952	0.02922	0.02169	0.02338	0.10051	0.01866	0.02603	0.01375	0.01573	0.01026	0.00743	0.00686	0.00225	0.01037	0.00551	0.00383	0.01132
1	0.06880	0.04216	0.01908	0.01502	0.01942	0.01897	0.01207	0.35802	0.06705	0.03614	0.01973	0.02445	0.01627	0.09494	0.14796	0.00489	0.01054	0.00754	0.00639	0.01058
2	0.02643	0.01979	0.02159	0.01657	0.02263	0.02116	0.01361	0.52112	0.03203	0.04358	0.01797	0.01882	0.01324	0.01125	0.04276	0.00266	0.00872	0.00667	0.00708	0.13232
3	0.02458	0.10826	0.22340	0.01619	0.02362	0.01549	0.01685	0.02941	0.01901	0.31955	0.02320	0.02613	0.01693	0.00934	0.00747	0.00236	0.00828	0.05669	0.00649	0.04676
4	0.01802	0.23404	0.34490	0.02053	0.06044	0.05263	0.02173	0.02358	0.01587	0.02170	0.01244	0.01536	0.01004	0.00804	0.00924	0.00233	0.10975	0.00545	0.00336	0.01054
5	0.02086	0.63421	0.08945	0.01438	0.02122	0.07226	0.01457	0.02382	0.01620	0.01878	0.01110	0.01284	0.00994	0.00678	0.00529	0.00174	0.00890	0.00432	0.00336	0.01001
6	0.02664	0.01970	0.02131	0.01690	0.02234	0.02170	0.01372	0.55075	0.05911	0.04468	0.02206	0.10441	0.01823	0.01117	0.00802	0.00244	0.00795	0.00888	0.00769	0.01231
7	0.01994	0.41651	0.27939	0.01660	0.02497	0.02440	0.01884	0.02489	0.01650	0.07452	0.01355	0.01503	0.01065	0.00715	0.00609	0.00201	0.00933	0.00503	0.00381	0.01077
8	0.06459	0.16538	0.02543	0.01757	0.02277	0.33522	0.01425	0.21365	0.02464	0.02848	0.01366	0.01499	0.01085	0.00808	0.00672	0.00205	0.01088	0.00538	0.00502	0.01039
9	0.06834	0.42269	0.25323	0.01604	0.02413	0.02472	0.01800	0.02430	0.01609	0.05199	0.01273	0.01440	0.01023	0.00705	0.00589	0.00201	0.00912	0.00484	0.00369	0.01050
10	0.02570	0.02049	0.02043	0.01655	0.02162	0.08574	0.01328	0.47425	0.03124	0.04067	0.02472	0.10712	0.05979	0.01166	0.00803	0.00241	0.00828	0.00921	0.00729	0.01152
11	0.01931	0.58960	0.11663	0.01405	0.02088	0.02725	0.01465	0.02268	0.01633	0.02005	0.06493	0.01660	0.01505	0.00747	0.00560	0.00182	0.00830	0.00514	0.00373	0.00992
12	0.12921	0.03638	0.58713	0.02033	0.03081	0.01792	0.02565	0.02429	0.01590	0.02607	0.01345	0.01581	0.00961	0.00734	0.00699	0.00245	0.01065	0.00550	0.00350	0.01101
13	0.19365	0.43392	0.02932	0.01262	0.01834	0.04947	0.01165	0.02398	0.01637	0.07686	0.05992	0.01691	0.01487	0.00771	0.00554	0.00195	0.00752	0.00519	0.00456	0.00964
14	0.01125	0.00755	0.00859	0.00855	0.00868	0.00750	0.00489	0.01152	0.01204	0.01618	0.07094	0.05125	0.03140	0.67664	0.03730	0.00715	0.00724	0.01147	0.00497	0.00489
15	0.12616	0.01671	0.02584	0.23662	0.37103	0.01817	0.02055	0.05046	0.01722	0.02608	0.01399	0.01867	0.01120	0.00731	0.00730	0.00240	0.00906	0.00652	0.00403	0.01069

[dist]
# distance from previous block
# <min> <max>
4	6

[block]
# block no. 12 follows, 25 sequences, length 8
# corresponding to MSA columns:
# 405-412
name=unknown_M
#
# <colnr> <probs for GDERKNQSTAVLIFYWHMCP>
#	G	D	E	R	K	N	Q	S	T	A	V	L	I	F	Y	W	H	M	C	P
0	0.12329	0.01349	0.01557	0.01301	0.01750	0.01373	0.01042	0.08888	0.13687	0.25324	0.19428	0.03248	0.03201	0.01104	0.00777	0.00244	0.00586	0.00904	0.00821	0.01088
1	0.02176	0.02306	0.02262	0.01911	0.02252	0.22048	0.04782	0.07271	0.11543	0.02403	0.01519	0.01811	0.01258	0.00998	0.01320	0.00252	0.23999	0.00647	0.00472	0.08768
2	0.01233	0.01067	0.01132	0.01142	0.01347	0.06698	0.00812	0.01434	0.01656	0.02181	0.10205	0.44170	0.08182	0.01879	0.00886	0.00263	0.00540	0.01663	0.00664	0.12847
3	0.05980	0.01445	0.02266	0.53829	0.04493	0.01847	0.01991	0.01977	0.01468	0.02047	0.01293	0.01950	0.01019	0.00882	0.01092	0.00273	0.14270	0.00671	0.00351	0.00858
4	0.01752	0.01678	0.02893	0.10805	0.45664	0.01679	0.07872	0.02198	0.01714	0.02417	0.01735	0.08902	0.01586	0.00862	0.00794	0.00238	0.00903	0.00849	0.00418	0.05040
5	0.06242	0.09076	0.02506	0.02574	0.21739	0.21152	0.01637	0.11255	0.02084	0.02597	0.01921	0.02136	0.06887	0.00894	0.00800	0.00224	0.04088	0.00679	0.00470	0.01039
6	0.05896	0.03197	0.02161	0.02008	0.04952	0.51506	0.01478	0.08836	0.08385	0.02391	0.01451	0.01598	0.01161	0.00827	0.00708	0.00212	0.01221	0.00558	0.00474	0.00979
7	0.41113	0.01663	0.01533	0.01277	0.01788	0.05962	0.01041	0.11934	0.01971	0.18937	0.04737	0.01893	0.01475	0.00853	0.00628	0.00236	0.00691	0.00596	0.00649	0.01023

[dist]
# distance from previous block
# <min> <max>
0	9

[block]
# block no. 13 follows, 25 sequences, length 11
# corresponding to MSA columns:
# 422-432
name=unknown_N
#
# <colnr> <probs for GDERKNQSTAVLIFYWHMCP>
#	G	D	E	R	K	N	Q	S	T	A	V	L	I	F	Y	W	H	M	C	P
0	0.02107	0.01645	0.01719	0.01455	0.01888	0.04253	0.01168	0.34223	0.05836	0.03576	0.03696	0.10386	0.17487	0.01404	0.00848	0.00257	0.00706	0.05574	0.00739	0.01033
1	0.58576	0.01508	0.01318	0.01130	0.01617	0.01689	0.00927	0.08882	0.01699	0.09767	0.05469	0.01734	0.01393	0.00818	0.00566	0.00239	0.00617	0.00544	0.00579	0.00928
2	0.01542	0.01529	0.02801	0.56584	0.05068	0.01773	0.15468	0.02087	0.01610	0.02087	0.01418	0.02072	0.01064	0.00749	0.00805	0.00259	0.01091	0.00737	0.00355	0.00900
3	0.10456	0.02741	0.02295	0.04497	0.02520	0.34463	0.07448	0.18084	0.02385	0.02860	0.01653	0.01828	0.03706	0.00854	0.00727	0.00222	0.01120	0.00631	0.00510	0.00999
4	0.09984	0.02578	0.02166	0.08925	0.02618	0.26642	0.01492	0.30191	0.02681	0.03368	0.01496	0.01657	0.01127	0.00847	0.00720	0.00224	0.01045	0.00598	0.00566	0.01073
5	0.01555	0.04011	0.68733	0.02210	0.03356	0.01801	0.02865	0.02455	0.01637	0.02455	0.01391	0.01637	0.00982	0.00737	0.00737	0.00246	0.01146	0.00573	0.00327	0.01146
6	0.01103	0.00856	0.01014	0.00994	0.01203	0.00809	0.00737	0.01561	0.08074	0.02671	0.35349	0.15586	0.23629	0.01764	0.00914	0.00261	0.00409	0.01535	0.00790	0.00742
7	0.01464	0.01378	0.02326	0.70887	0.05340	0.01723	0.02153	0.01981	0.01550	0.01981	0.01378	0.02067	0.01034	0.00775	0.00775	0.00258	0.01034	0.00689	0.00345	0.00861
8	0.02285	0.01720	0.01863	0.01594	0.02083	0.01929	0.01263	0.15286	0.47957	0.10694	0.02908	0.02676	0.02126	0.01020	0.00786	0.00255	0.00663	0.00833	0.00805	0.01254
9	0.02947	0.02172	0.02327	0.01784	0.02404	0.02404	0.01474	0.65329	0.03646	0.04887	0.01862	0.01862	0.01319	0.00931	0.00776	0.00233	0.00853	0.00698	0.00776	0.01319
10	0.08410	0.01876	0.02051	0.08794	0.02513	0.02130	0.01415	0.34333	0.23252	0.03953	0.02162	0.02163	0.01585	0.00937	0.00756	0.00246	0.00776	0.00732	0.00712	0.01205

[dist]
# distance from previous block
# <min> <max>
0	1

[block]
# block no. 14 follows, 25 sequences, length 12
# corresponding to MSA columns:
# 434-445
name=unknown_O
#
# <colnr> <probs for GDERKNQSTAVLIFYWHMCP>
#	G	D	E	R	K	N	Q	S	T	A	V	L	I	F	Y	W	H	M	C	P
0	0.01464	0.01378	0.02326	0.70887	0.05340	0.01723	0.02153	0.01981	0.01550	0.01981	0.01378	0.02067	0.01034	0.00775	0.00775	0.00258	0.01034	0.00689	0.00345	0.00861
1	0.02987	0.02109	0.02288	0.01754	0.02373	0.02311	0.01449	0.60776	0.03540	0.09588	0.01950	0.01919	0.01363	0.00933	0.00776	0.00233	0.00839	0.00704	0.00789	0.01319
2	0.01120	0.00846	0.01040	0.00982	0.01194	0.00794	0.00739	0.01573	0.06183	0.02950	0.53602	0.05884	0.16950	0.01614	0.00907	0.00248	0.00386	0.01408	0.00827	0.00750
3	0.01484	0.01374	0.02344	0.62225	0.04963	0.01668	0.05629	0.01998	0.01572	0.02072	0.01468	0.02125	0.01107	0.00777	0.00767	0.00253	0.01003	0.00704	0.05605	0.00862
4	0.01919	0.01842	0.03147	0.04759	0.67914	0.01842	0.02380	0.02380	0.01765	0.02533	0.01458	0.01919	0.01228	0.00691	0.00768	0.00230	0.00921	0.00691	0.00384	0.01228
5	0.01097	0.00793	0.01036	0.00975	0.01158	0.00732	0.00732	0.01463	0.02195	0.03109	0.67505	0.05792	0.07316	0.01585	0.00914	0.00244	0.00366	0.01402	0.00854	0.00732
6	0.02872	0.02134	0.02284	0.01769	0.02376	0.02369	0.01455	0.60801	0.08296	0.04765	0.01957	0.01938	0.01396	0.00940	0.00777	0.00235	0.00835	0.00711	0.00777	0.01312
7	0.01108	0.00831	0.01246	0.01246	0.01385	0.00969	0.00969	0.01385	0.01246	0.01800	0.02077	0.03046	0.01938	0.05815	0.69678	0.01246	0.02077	0.00831	0.00415	0.00692
8	0.02005	0.00993	0.01327	0.01129	0.01471	0.00887	0.00887	0.02345	0.02204	0.28005	0.42950	0.04591	0.05260	0.01347	0.00863	0.00242	0.00478	0.01165	0.00894	0.00956
9	0.01555	0.04011	0.68733	0.02210	0.03356	0.01801	0.02865	0.02455	0.01637	0.02455	0.01391	0.01637	0.00982	0.00737	0.00737	0.00246	0.01146	0.00573	0.00327	0.01146
10	0.02947	0.02172	0.02327	0.01784	0.02404	0.02404	0.01474	0.65329	0.03646	0.04887	0.01862	0.01862	0.01319	0.00931	0.00776	0.00233	0.00853	0.00698	0.00776	0.01319
11	0.01676	0.20126	0.53674	0.02004	0.03038	0.02096	0.02507	0.02424	0.01623	0.02308	0.01318	0.01545	0.00985	0.00720	0.00681	0.00227	0.01072	0.00536	0.00328	0.01111

[dist]
# distance from previous block
# <min> <max>
0	1

[block]
# block no. 15 follows, 25 sequences, length 150
# corresponding to MSA columns:
# 447-596
name=unknown_P
#
# <colnr> <probs for GDERKNQSTAVLIFYWHMCP>
#	G	D	E	R	K	N	Q	S	T	A	V	L	I	F	Y	W	H	M	C	P
0	0.02947	0.02172	0.02327	0.01784	0.02404	0.02404	0.01474	0.65329	0.03646	0.04887	0.01862	0.01862	0.01319	0.00931	0.00776	0.00233	0.00853	0.00698	0.00776	0.01319
1	0.01598	0.09788	0.63334	0.02136	0.03242	0.01906	0.02736	0.02444	0.01632	0.02403	0.01365	0.01604	0.00983	0.00731	0.00717	0.00239	0.01119	0.00560	0.00328	0.01133
2	0.01658	0.17704	0.55937	0.02035	0.03086	0.02051	0.02560	0.02429	0.01625	0.02331	0.01329	0.01559	0.00985	0.00722	0.00689	0.00230	0.01083	0.00542	0.00328	0.01116
3	0.01260	0.01038	0.01138	0.01148	0.03762	0.04227	0.00818	0.01493	0.01823	0.05297	0.18612	0.09172	0.36741	0.04829	0.01120	0.00281	0.04395	0.01410	0.00698	0.00736
4	0.02073	0.73217	0.04063	0.01327	0.01990	0.03068	0.01327	0.02322	0.01575	0.01824	0.01078	0.01244	0.00995	0.00663	0.00498	0.00166	0.00829	0.00415	0.00332	0.00995
5	0.01709	0.24636	0.49460	0.01947	0.02949	0.02178	0.02406	0.02416	0.01619	0.02267	0.01298	0.01520	0.00986	0.00715	0.00665	0.00222	0.01052	0.00526	0.00329	0.01101
6	0.58645	0.05588	0.01543	0.01193	0.01711	0.01949	0.00996	0.15169	0.01809	0.03675	0.01239	0.01382	0.00946	0.00760	0.00541	0.00234	0.00664	0.00476	0.00532	0.00946
7	0.01824	0.01760	0.03023	0.09661	0.56154	0.01773	0.05368	0.02284	0.01752	0.02463	0.01810	0.02245	0.04866	0.00766	0.00784	0.00236	0.00920	0.00754	0.00400	0.01159
8	0.02155	0.02330	0.03048	0.03924	0.45343	0.18806	0.08238	0.02569	0.01880	0.02369	0.01404	0.01806	0.01166	0.00714	0.00765	0.00226	0.01078	0.00665	0.00389	0.01128
9	0.05588	0.01769	0.02814	0.20922	0.47014	0.03963	0.02220	0.02298	0.01704	0.02422	0.01412	0.01907	0.01153	0.00717	0.00753	0.00237	0.00948	0.00671	0.00379	0.01107
10	0.01967	0.01934	0.03100	0.04622	0.64671	0.05198	0.02336	0.02415	0.01787	0.02502	0.01446	0.01893	0.01217	0.00696	0.00764	0.00229	0.00945	0.00681	0.00385	0.01212
11	0.13815	0.02101	0.02044	0.01653	0.02183	0.12010	0.04409	0.28144	0.09928	0.03565	0.01768	0.01966	0.01371	0.04312	0.00865	0.00249	0.00863	0.00659	0.00617	0.07478
12	0.01750	0.01930	0.04037	0.05636	0.06941	0.01874	0.51567	0.02326	0.01756	0.02397	0.01719	0.07062	0.01447	0.00825	0.00998	0.00268	0.05074	0.00974	0.00410	0.01007
13	0.01919	0.01842	0.03147	0.04759	0.67914	0.01842	0.02380	0.02380	0.01765	0.02533	0.01458	0.01919	0.01228	0.00691	0.00768	0.00230	0.00921	0.00691	0.00384	0.01228
14	0.01783	0.34490	0.40252	0.01821	0.02754	0.02359	0.02187	0.02397	0.01610	0.02177	0.01253	0.01464	0.00988	0.00704	0.00631	0.00210	0.01006	0.00503	0.00329	0.01079
15	0.01737	0.28288	0.46048	0.01900	0.02877	0.02245	0.02325	0.02409	0.01615	0.02234	0.01281	0.01499	0.00987	0.00711	0.00653	0.00218	0.01035	0.00517	0.00329	0.01093
16	0.01224	0.00934	0.00976	0.00965	0.01215	0.03328	0.00733	0.01435	0.01781	0.06749	0.08986	0.11024	0.44071	0.05887	0.01090	0.00297	0.00503	0.07378	0.00716	0.00707
17	0.01555	0.04011	0.68733	0.02210	0.03356	0.01801	0.02865	0.02455	0.01637	0.02455	0.01391	0.01637	0.00982	0.00737	0.00737	0.00246	0.01146	0.00573	0.00327	0.01146
18	0.01555	0.04011	0.68733	0.02210	0.03356	0.01801	0.02865	0.02455	0.01637	0.02455	0.01391	0.01637	0.00982	0.00737	0.00737	0.00246	0.01146	0.00573	0.00327	0.01146
19	0.01555	0.04011	0.68733	0.02210	0.03356	0.01801	0.02865	0.02455	0.01637	0.02455	0.01391	0.01637	0.00982	0.00737	0.00737	0.00246	0.01146	0.00573	0.00327	0.01146
20	0.02073	0.73217	0.04063	0.01327	0.01990	0.03068	0.01327	0.02322	0.01575	0.01824	0.01078	0.01244	0.00995	0.00663	0.00498	0.00166	0.00829	0.00415	0.00332	0.00995
21	0.46220	0.01294	0.01185	0.03225	0.01561	0.01408	0.00856	0.02341	0.01520	0.11476	0.01676	0.01839	0.01251	0.00787	0.00545	0.00222	0.00567	0.00543	0.17703	0.03779
22	0.02113	0.69800	0.03971	0.01360	0.02010	0.06341	0.01335	0.02360	0.01606	0.01828	0.01084	0.01251	0.00995	0.00670	0.00507	0.00168	0.00857	0.00419	0.00335	0.00990
23	0.02779	0.01682	0.01961	0.01550	0.02085	0.01762	0.01267	0.34446	0.05249	0.23591	0.07137	0.02523	0.02033	0.01400	0.06540	0.00321	0.00852	0.00792	0.00807	0.01220
24	0.00916	0.00785	0.00785	0.00785	0.01047	0.00655	0.00589	0.01113	0.01767	0.02095	0.07855	0.07462	0.67599	0.01964	0.00916	0.00262	0.00393	0.01636	0.00720	0.00655
25	0.01555	0.04011	0.68733	0.02210	0.03356	0.01801	0.02865	0.02455	0.01637	0.02455	0.01391	0.01637	0.00982	0.00737	0.00737	0.00246	0.01146	0.00573	0.00327	0.01146
26	0.01830	0.01751	0.02986	0.17773	0.55600	0.01819	0.02335	0.02301	0.01723	0.02424	0.01443	0.01948	0.01190	0.00707	0.00769	0.00236	0.00943	0.00690	0.00376	0.01156
27	0.01097	0.00793	0.01036	0.00975	0.01158	0.00732	0.00732	0.01463	0.02195	0.03109	0.67505	0.05792	0.07316	0.01585	0.00914	0.00244	0.00366	0.01402	0.00854	0.00732
28	0.00945	0.00675	0.00900	0.01080	0.01125	0.00630	0.00720	0.01080	0.01484	0.01979	0.04274	0.72245	0.05128	0.02429	0.00990	0.00315	0.00450	0.02204	0.00720	0.00630
29	0.01347	0.00673	0.01010	0.01010	0.01010	0.00673	0.00673	0.01010	0.01010	0.01347	0.01347	0.02357	0.01347	0.02694	0.03030	0.77441	0.00673	0.00673	0.00337	0.00337
30	0.01696	0.01696	0.02375	0.02036	0.02036	0.02375	0.01696	0.01866	0.01187	0.01866	0.01018	0.01696	0.01018	0.01357	0.02545	0.00339	0.71332	0.00679	0.00339	0.00848
31	0.01830	0.02092	0.04575	0.03268	0.04052	0.01961	0.65098	0.02484	0.01830	0.02484	0.01569	0.02092	0.01176	0.00654	0.00915	0.00261	0.01307	0.00915	0.00392	0.01046
32	0.01506	0.01272	0.01530	0.04578	0.01886	0.01011	0.00937	0.01820	0.01569	0.02391	0.01741	0.09406	0.01652	0.04263	0.00791	0.00174	0.00592	0.00691	0.00482	0.61706
33	0.01897	0.01819	0.03107	0.08010	0.64838	0.01836	0.02368	0.02360	0.01755	0.02506	0.01455	0.01926	0.01219	0.00695	0.00768	0.00232	0.00927	0.00691	0.00382	0.01210
34	0.78228	0.01499	0.01140	0.01020	0.01499	0.01739	0.00840	0.02279	0.01320	0.03479	0.01080	0.01260	0.00840	0.00720	0.00480	0.00240	0.00600	0.00420	0.00480	0.00840
35	0.01428	0.01103	0.01439	0.01597	0.04394	0.01161	0.01290	0.02196	0.16165	0.02534	0.03787	0.07168	0.03865	0.01841	0.00996	0.00331	0.00700	0.46439	0.00717	0.00849
36	0.14545	0.01385	0.01725	0.01344	0.01927	0.01286	0.01110	0.06331	0.02150	0.55946	0.02711	0.02399	0.01732	0.00923	0.00735	0.00240	0.00660	0.00723	0.00880	0.01248
37	0.05033	0.06772	0.63000	0.02120	0.03215	0.01851	0.02710	0.02442	0.01620	0.02475	0.01364	0.01604	0.00976	0.00733	0.00715	0.00242	0.01108	0.00559	0.00334	0.01126
38	0.01758	0.33705	0.37884	0.01775	0.02671	0.02300	0.02108	0.02354	0.01635	0.02212	0.04156	0.01650	0.01266	0.00742	0.00641	0.00211	0.00975	0.00541	0.00352	0.01063
39	0.03303	0.01281	0.01743	0.01350	0.01919	0.01109	0.01109	0.03608	0.02217	0.63625	0.07819	0.02872	0.02318	0.01006	0.00790	0.00240	0.00638	0.00826	0.00952	0.01276
40	0.01685	0.01129	0.01587	0.09809	0.02051	0.01169	0.03414	0.01948	0.01676	0.15364	0.03698	0.16135	0.15600	0.05044	0.01233	0.00301	0.09380	0.04696	0.00642	0.03441
41	0.01710	0.01480	0.02268	0.42498	0.13173	0.01723	0.01926	0.02527	0.14188	0.05581	0.01906	0.02456	0.01476	0.00871	0.00787	0.00258	0.00908	0.02785	0.00478	0.01001
42	0.02876	0.03449	0.02150	0.01939	0.02352	0.62031	0.01463	0.03191	0.05741	0.05739	0.01412	0.01551	0.01126	0.00822	0.00709	0.00206	0.01313	0.00536	0.00453	0.00941
43	0.05972	0.03444	0.02234	0.02193	0.07977	0.60978	0.01546	0.03000	0.02123	0.02018	0.01216	0.01437	0.01012	0.00786	0.00696	0.00204	0.01324	0.00512	0.00402	0.00925
44	0.01742	0.01676	0.02893	0.29900	0.41414	0.01802	0.04898	0.02232	0.01686	0.02321	0.01432	0.01983	0.01152	0.00721	0.00777	0.00242	0.00980	0.00699	0.00369	0.01081
45	0.02798	0.02070	0.02231	0.01724	0.02322	0.02264	0.01415	0.59653	0.03459	0.04652	0.01949	0.05023	0.01483	0.00983	0.00776	0.00231	0.00823	0.00755	0.00759	0.04629
46	0.02203	0.01518	0.01741	0.01598	0.04689	0.01634	0.01201	0.03713	0.43359	0.18295	0.03459	0.03179	0.07729	0.01092	0.00797	0.00256	0.00619	0.00910	0.00806	0.01200
47	0.01627	0.22690	0.33868	0.01783	0.02587	0.01958	0.05543	0.02228	0.01739	0.02406	0.14103	0.02356	0.02222	0.00876	0.00714	0.00224	0.00915	0.00708	0.00434	0.01018
48	0.01608	0.01378	0.01608	0.01148	0.01837	0.01034	0.00919	0.01952	0.01608	0.02527	0.01378	0.01608	0.01148	0.00574	0.00574	0.00115	0.00574	0.00459	0.00459	0.77491
