[name]
unknown

[dist]
# distance from previous block
# <min> <max>
0	57

[block]
# block no. 0 follows, 28 sequences, length 23
# corresponding to MSA columns:
# 57-79
name=unknown_A
#
# <colnr> <probs for GDERKNQSTAVLIFYWHMCP>
#	G	D	E	R	K	N	Q	S	T	A	V	L	I	F	Y	W	H	M	C	P
0	0.02048	0.29752	0.06397	0.03258	0.02040	0.01962	0.02852	0.06416	0.06731	0.13994	0.01784	0.03690	0.01457	0.00833	0.00679	0.00198	0.02970	0.03538	0.00509	0.08890
1	0.01621	0.01681	0.05345	0.19098	0.05870	0.08189	0.11860	0.02104	0.05296	0.03830	0.01804	0.07070	0.03098	0.03906	0.00913	0.00240	0.03625	0.00772	0.00428	0.13249
2	0.02225	0.01763	0.02326	0.03845	0.07420	0.05249	0.12236	0.27427	0.07369	0.10012	0.02113	0.10873	0.01759	0.00988	0.00771	0.00234	0.00823	0.00873	0.00624	0.01070
3	0.00990	0.00758	0.01071	0.01108	0.01230	0.00693	0.04155	0.01147	0.01393	0.01886	0.03537	0.59464	0.04165	0.07448	0.01101	0.00309	0.00494	0.01802	0.00622	0.06627
4	0.01368	0.01289	0.02209	0.01799	0.02096	0.01370	0.20520	0.04516	0.01575	0.02180	0.08720	0.17367	0.06289	0.01867	0.10424	0.00387	0.13610	0.01128	0.00498	0.00788
5	0.02452	0.02992	0.02084	0.01855	0.02201	0.55387	0.04099	0.04955	0.01962	0.01900	0.01303	0.04613	0.01156	0.01020	0.03312	0.00240	0.06647	0.00585	0.00396	0.00841
6	0.01584	0.01345	0.01422	0.01298	0.01644	0.01508	0.00992	0.03145	0.51176	0.02760	0.06437	0.03585	0.11833	0.06782	0.00989	0.00281	0.00546	0.00961	0.00710	0.01001
7	0.01607	0.04952	0.02299	0.01878	0.01906	0.02256	0.01574	0.01769	0.01130	0.01748	0.00957	0.01571	0.00953	0.01242	0.02297	0.00311	0.69806	0.00625	0.00318	0.00801
8	0.01480	0.00839	0.01102	0.00981	0.01218	0.00764	0.00744	0.01784	0.01985	0.16362	0.50965	0.04784	0.05518	0.06985	0.01051	0.00265	0.00426	0.01178	0.00792	0.00778
9	0.01799	0.01727	0.02950	0.04462	0.69919	0.01727	0.02231	0.02231	0.01655	0.02375	0.01367	0.01799	0.01151	0.00648	0.00720	0.00216	0.00864	0.00648	0.00360	0.01151
10	0.00886	0.00633	0.00843	0.01012	0.01054	0.00590	0.00675	0.01012	0.01392	0.01856	0.04006	0.73979	0.04808	0.02277	0.00928	0.00295	0.00422	0.02066	0.00675	0.00590
11	0.00949	0.00675	0.00894	0.01027	0.01094	0.00640	0.00720	0.01114	0.01469	0.01969	0.10510	0.53394	0.04771	0.07719	0.01144	0.00325	0.00467	0.09852	0.00669	0.00599
12	0.13784	0.01254	0.01564	0.01238	0.01758	0.01168	0.01015	0.03260	0.05440	0.54304	0.05749	0.02444	0.01917	0.00900	0.00698	0.00226	0.00595	0.00716	0.00824	0.01144
13	0.01205	0.00892	0.01152	0.15304	0.01737	0.00967	0.00825	0.04910	0.01289	0.01704	0.02168	0.08406	0.02365	0.50980	0.02762	0.00559	0.00745	0.01016	0.00448	0.00568
14	0.02005	0.69438	0.03687	0.01276	0.01895	0.02830	0.01254	0.07065	0.01622	0.01925	0.01066	0.01209	0.00956	0.00641	0.00486	0.00160	0.00779	0.00409	0.00342	0.00956
15	0.00935	0.00680	0.00802	0.00877	0.00952	0.00633	0.00570	0.01034	0.01344	0.01736	0.04227	0.35943	0.19133	0.25641	0.01813	0.00417	0.00501	0.01615	0.00599	0.00547
16	0.01412	0.01418	0.01574	0.01480	0.01620	0.13368	0.05282	0.01596	0.01496	0.01892	0.05277	0.38694	0.03162	0.01661	0.01181	0.00275	0.15994	0.01379	0.00532	0.00706
17	0.02286	0.01700	0.01977	0.14396	0.02591	0.01911	0.01393	0.36483	0.15710	0.07360	0.01994	0.02056	0.01442	0.00869	0.00719	0.00226	0.00755	0.00691	0.04325	0.01116
18	0.00891	0.00646	0.00842	0.00987	0.01050	0.00597	0.00666	0.01032	0.01444	0.01915	0.07438	0.65639	0.09758	0.02206	0.00919	0.00288	0.00414	0.01990	0.00681	0.00597
19	0.01797	0.01600	0.01906	0.05545	0.08817	0.04583	0.04487	0.08158	0.39607	0.02895	0.07902	0.05148	0.02331	0.00988	0.00754	0.00239	0.00680	0.00853	0.00649	0.01061
20	0.01632	0.01572	0.02616	0.01886	0.02546	0.01363	0.27029	0.05190	0.01679	0.02445	0.01463	0.03809	0.01203	0.00635	0.00685	0.00173	0.00818	0.00657	0.00427	0.42171
21	0.02000	0.03581	0.01703	0.01380	0.01797	0.06295	0.01093	0.27776	0.14971	0.03134	0.02810	0.06698	0.11665	0.01208	0.00898	0.06108	0.00681	0.00862	0.00639	0.04701
22	0.01773	0.01475	0.01724	0.03493	0.01952	0.01375	0.01069	0.15106	0.04356	0.02775	0.01419	0.01620	0.01138	0.00685	0.00732	0.00155	0.06193	0.00513	0.00490	0.51958

[dist]
# distance from previous block
# <min> <max>
0	9

[block]
# block no. 1 follows, 28 sequences, length 9
# corresponding to MSA columns:
# 89-97
name=unknown_B
#
# <colnr> <probs for GDERKNQSTAVLIFYWHMCP>
#	G	D	E	R	K	N	Q	S	T	A	V	L	I	F	Y	W	H	M	C	P
0	0.01798	0.33164	0.20665	0.01707	0.02443	0.07559	0.09629	0.02242	0.01570	0.02023	0.01185	0.01411	0.00968	0.00638	0.00595	0.00182	0.00921	0.00495	0.00336	0.10466
1	0.02028	0.10452	0.01974	0.01286	0.01890	0.01577	0.01070	0.17943	0.06647	0.08486	0.01612	0.01686	0.01236	0.00690	0.00605	0.00159	0.00640	0.00531	0.00547	0.38942
2	0.02107	0.02131	0.01740	0.01521	0.01888	0.27297	0.01182	0.12172	0.10023	0.04518	0.05078	0.02566	0.09919	0.01273	0.05132	0.00273	0.05348	0.00739	0.00541	0.04553
3	0.02101	0.01439	0.01599	0.01298	0.01750	0.01478	0.01033	0.26334	0.10917	0.11487	0.02685	0.06163	0.08032	0.04097	0.00837	0.00232	0.00620	0.00828	0.06549	0.10522
4	0.01052	0.00715	0.00845	0.00838	0.00869	0.00719	0.00508	0.01115	0.01188	0.01615	0.10458	0.04687	0.03091	0.60047	0.08778	0.00684	0.00760	0.01066	0.00480	0.00487
5	0.02201	0.01608	0.01748	0.01429	0.01861	0.01778	0.01147	0.41403	0.10784	0.03712	0.02099	0.05208	0.01678	0.03927	0.06334	0.00310	0.00786	0.00761	0.10167	0.01056
6	0.01262	0.01135	0.01816	0.47509	0.03676	0.01376	0.01610	0.01640	0.01466	0.01934	0.07273	0.16800	0.02217	0.01140	0.00893	0.00257	0.05826	0.00987	0.00432	0.00753
7	0.14589	0.05117	0.02210	0.12423	0.25688	0.08117	0.01595	0.07419	0.01741	0.07234	0.01564	0.06344	0.01324	0.00812	0.00674	0.00222	0.00816	0.00675	0.00455	0.00982
8	0.45715	0.10549	0.01643	0.01161	0.01636	0.06656	0.00971	0.11738	0.01697	0.06430	0.01289	0.01415	0.00987	0.00722	0.00523	0.00210	0.00666	0.00468	0.04632	0.00890

[dist]
# distance from previous block
# <min> <max>
0	2

[block]
# block no. 2 follows, 28 sequences, length 19
# corresponding to MSA columns:
# 100-118
name=unknown_C
#
# <colnr> <probs for GDERKNQSTAVLIFYWHMCP>
#	G	D	E	R	K	N	Q	S	T	A	V	L	I	F	Y	W	H	M	C	P
0	0.01762	0.01286	0.01677	0.05859	0.13784	0.03793	0.01215	0.07584	0.06641	0.12768	0.18490	0.05531	0.08565	0.01443	0.06055	0.00299	0.00726	0.00952	0.00639	0.00930
1	0.01652	0.01169	0.01481	0.12675	0.02076	0.01138	0.01048	0.10612	0.01748	0.07548	0.02035	0.13607	0.01843	0.01080	0.00809	0.05012	0.00613	0.00824	0.09665	0.23366
2	0.00948	0.00700	0.00871	0.00909	0.01036	0.00640	0.00641	0.01162	0.01681	0.02263	0.30306	0.30116	0.17408	0.06626	0.01069	0.00287	0.00399	0.01606	0.00709	0.00622
3	0.02683	0.01996	0.02136	0.01656	0.02224	0.02217	0.01362	0.62162	0.08882	0.04452	0.01847	0.01826	0.01319	0.00882	0.00728	0.00221	0.00781	0.00668	0.00728	0.01229
4	0.01371	0.01246	0.02068	0.67336	0.04696	0.01545	0.01906	0.01845	0.01459	0.01921	0.01372	0.01996	0.01036	0.00736	0.00710	0.00237	0.00922	0.00648	0.06151	0.00798
5	0.02487	0.01111	0.01467	0.01199	0.01629	0.01007	0.00961	0.02910	0.07009	0.45373	0.20158	0.05934	0.03252	0.01109	0.00772	0.00230	0.00537	0.00939	0.00854	0.01064
6	0.01458	0.03760	0.70688	0.02072	0.03146	0.01688	0.02686	0.02302	0.01535	0.02302	0.01304	0.01535	0.00921	0.00691	0.00691	0.00230	0.01074	0.00537	0.00307	0.01074
7	0.01479	0.01213	0.01292	0.01183	0.01525	0.01300	0.00913	0.02722	0.38999	0.04837	0.10078	0.04331	0.24541	0.01304	0.00788	0.00244	0.00489	0.01093	0.00729	0.00939
8	0.00976	0.00700	0.00915	0.00946	0.01060	0.00651	0.00670	0.01221	0.01760	0.02445	0.41678	0.31225	0.05887	0.05223	0.01018	0.00276	0.00390	0.01586	0.00736	0.00638
9	0.79588	0.01406	0.01068	0.00956	0.01406	0.01631	0.00787	0.02137	0.01237	0.03261	0.01012	0.01181	0.00787	0.00675	0.00450	0.00225	0.00562	0.00394	0.00450	0.00787
10	0.01338	0.01097	0.01232	0.01153	0.01431	0.01172	0.00879	0.02393	0.31200	0.02711	0.24056	0.08783	0.13744	0.01533	0.03717	0.00282	0.00520	0.01157	0.00730	0.00872
11	0.00964	0.00740	0.00882	0.00847	0.01046	0.00658	0.00635	0.01247	0.01905	0.02553	0.45855	0.06026	0.30766	0.01621	0.00858	0.00235	0.00353	0.01398	0.00753	0.00658
12	0.01343	0.01081	0.01239	0.01140	0.01413	0.01146	0.00872	0.02386	0.29513	0.02925	0.39314	0.04377	0.07707	0.01295	0.00809	0.00237	0.00440	0.01121	0.00770	0.00875
13	0.02224	0.01661	0.01807	0.01476	0.01909	0.01834	0.01171	0.43482	0.11829	0.03688	0.02168	0.08301	0.01845	0.09148	0.03782	0.00318	0.00771	0.00844	0.00680	0.01062
14	0.01372	0.01252	0.02082	0.67976	0.04733	0.01553	0.01920	0.01846	0.01458	0.01913	0.01363	0.01989	0.01028	0.00735	0.00712	0.00237	0.00928	0.00648	0.05456	0.00799
15	0.01832	0.58575	0.19150	0.01434	0.02159	0.02604	0.01575	0.02205	0.01490	0.01846	0.01078	0.01251	0.00930	0.00638	0.00518	0.00173	0.00845	0.00423	0.00310	0.00965
16	0.01167	0.00978	0.01383	0.01339	0.01405	0.01133	0.03390	0.01329	0.01303	0.01809	0.02756	0.32522	0.03152	0.12291	0.04062	0.00391	0.20312	0.08104	0.00523	0.00649
17	0.01890	0.01672	0.02671	0.03807	0.55235	0.01699	0.01993	0.02563	0.12031	0.06645	0.01705	0.01982	0.01356	0.00715	0.00723	0.00221	0.00804	0.00680	0.00452	0.01157
18	0.01547	0.01433	0.05767	0.01186	0.01805	0.01070	0.01014	0.01891	0.01497	0.04568	0.01357	0.01600	0.01116	0.00794	0.03556	0.00172	0.03862	0.00471	0.00432	0.64862

[dist]
# distance from previous block
# <min> <max>
0	1

[block]
# block no. 3 follows, 28 sequences, length 30
# corresponding to MSA columns:
# 120-149
name=unknown_D
#
# <colnr> <probs for GDERKNQSTAVLIFYWHMCP>
#	G	D	E	R	K	N	Q	S	T	A	V	L	I	F	Y	W	H	M	C	P
0	0.01616	0.01539	0.02599	0.27177	0.45247	0.01642	0.02089	0.02055	0.01588	0.02184	0.01596	0.02065	0.03987	0.00725	0.00728	0.00226	0.00878	0.00685	0.00361	0.01013
1	0.01057	0.00705	0.00793	0.00793	0.00793	0.00705	0.00440	0.01057	0.01057	0.01409	0.02290	0.04757	0.02643	0.74454	0.03700	0.00705	0.00705	0.01057	0.00440	0.00440
2	0.00894	0.00649	0.00847	0.01002	0.01066	0.00602	0.00684	0.01034	0.01425	0.01877	0.04281	0.65857	0.10206	0.02231	0.00925	0.00293	0.00427	0.04433	0.00675	0.00595
3	0.01651	0.01576	0.02682	0.28207	0.47334	0.01688	0.02157	0.02101	0.01585	0.02195	0.01341	0.01847	0.01088	0.00675	0.00722	0.00225	0.00900	0.00647	0.00347	0.01032
4	0.01057	0.00705	0.00793	0.00793	0.00793	0.00705	0.00440	0.01057	0.01057	0.01409	0.02290	0.04757	0.02643	0.74454	0.03700	0.00705	0.00705	0.01057	0.00440	0.00440
5	0.08586	0.18262	0.02150	0.01384	0.01879	0.02010	0.01158	0.10000	0.34185	0.09648	0.02216	0.02107	0.01661	0.00857	0.00651	0.00219	0.00648	0.00661	0.00632	0.01088
6	0.00907	0.00723	0.00813	0.00823	0.01020	0.00629	0.00605	0.01124	0.01722	0.02196	0.23070	0.16429	0.43748	0.01813	0.00869	0.00248	0.00369	0.01555	0.00708	0.00629
7	0.01943	0.74891	0.03809	0.01244	0.01866	0.02876	0.01244	0.02177	0.01477	0.01710	0.01011	0.01166	0.00933	0.00622	0.00466	0.00155	0.00777	0.00389	0.00311	0.00933
8	0.01943	0.74891	0.03809	0.01244	0.01866	0.02876	0.01244	0.02177	0.01477	0.01710	0.01011	0.01166	0.00933	0.00622	0.00466	0.00155	0.00777	0.00389	0.00311	0.00933
9	0.79588	0.01406	0.01068	0.00956	0.01406	0.01631	0.00787	0.02137	0.01237	0.03261	0.01012	0.01181	0.00787	0.00675	0.00450	0.00225	0.00562	0.00394	0.00450	0.00787
10	0.01808	0.01561	0.01644	0.01479	0.01890	0.01808	0.01151	0.03863	0.68606	0.03041	0.02959	0.02712	0.02219	0.00986	0.00740	0.00247	0.00575	0.00822	0.00740	0.01151
11	0.65316	0.01395	0.01215	0.01055	0.01492	0.01595	0.00870	0.02291	0.01336	0.11649	0.01243	0.01368	0.00925	0.00739	0.00600	0.00230	0.04884	0.00451	0.00499	0.00844
12	0.01562	0.00943	0.00895	0.00834	0.01055	0.04032	0.00639	0.08534	0.01744	0.02861	0.02251	0.02547	0.01757	0.00845	0.00537	0.00175	0.00430	0.00666	0.66951	0.00743
13	0.00936	0.00735	0.00846	0.00828	0.01031	0.00645	0.00617	0.01189	0.01824	0.02384	0.34971	0.09221	0.38775	0.01702	0.00861	0.00240	0.00359	0.01459	0.00731	0.00645
14	0.07194	0.01546	0.01721	0.01361	0.01897	0.03435	0.03546	0.12688	0.18908	0.04943	0.04709	0.02035	0.01636	0.00773	0.00647	0.00184	0.00632	0.00626	0.00582	0.30937
15	0.01355	0.00678	0.00678	0.00678	0.00847	0.00678	0.00508	0.01694	0.01524	0.02710	0.02371	0.02710	0.01863	0.00847	0.00508	0.00169	0.00339	0.00678	0.78489	0.00678
16	0.00944	0.00735	0.00857	0.00836	0.01036	0.00648	0.00623	0.01204	0.01843	0.02428	0.37853	0.09065	0.35952	0.01685	0.00861	0.00239	0.00358	0.01449	0.00737	0.00648
17	0.00902	0.00649	0.00860	0.01022	0.01079	0.00606	0.00701	0.01043	0.01419	0.01879	0.04119	0.67528	0.07125	0.02245	0.00930	0.00296	0.00435	0.05892	0.00674	0.00596
18	0.01263	0.00631	0.00947	0.00947	0.00947	0.00631	0.00631	0.00947	0.00947	0.01263	0.01263	0.02210	0.01263	0.02525	0.02841	0.78851	0.00631	0.00631	0.00316	0.00316
19	0.00896	0.00637	0.00840	0.00999	0.01039	0.00597	0.00661	0.01015	0.01372	0.01829	0.03903	0.69809	0.04677	0.06626	0.01095	0.00320	0.00439	0.02006	0.00661	0.00581
20	0.02715	0.03464	0.02060	0.01873	0.02247	0.71536	0.01404	0.02903	0.02060	0.01779	0.01124	0.01311	0.00936	0.00749	0.00655	0.00187	0.01311	0.00468	0.00375	0.00843
21	0.01637	0.01750	0.03214	0.06729	0.03003	0.02003	0.33149	0.02034	0.01423	0.02034	0.01222	0.01789	0.01026	0.00923	0.01552	0.00278	0.34263	0.00743	0.00342	0.00885
22	0.01161	0.01316	0.14303	0.01263	0.01547	0.00893	0.01120	0.04065	0.01535	0.04350	0.03354	0.52399	0.03796	0.01861	0.00870	0.00279	0.00578	0.03965	0.00614	0.00734
23	0.02088	0.04051	0.01883	0.05828	0.02176	0.07687	0.01269	0.15934	0.42420	0.05051	0.02408	0.02307	0.01795	0.00915	0.00721	0.00232	0.00711	0.00733	0.00673	0.01117
24	0.02763	0.02036	0.02182	0.01672	0.02254	0.02254	0.01382	0.67496	0.03418	0.04581	0.01745	0.01745	0.01236	0.00873	0.00727	0.00218	0.00800	0.00654	0.00727	0.01236
25	0.01711	0.01419	0.01722	0.10325	0.02221	0.01333	0.01129	0.14625	0.01853	0.02689	0.01491	0.04905	0.01259	0.00735	0.00687	0.00163	0.03413	0.00584	0.00482	0.47255
26	0.01177	0.00976	0.01409	0.01330	0.01420	0.01224	0.01050	0.01396	0.01148	0.01686	0.01720	0.02654	0.01652	0.08515	0.50321	0.00929	0.19585	0.00760	0.00375	0.00673
27	0.01060	0.00737	0.00873	0.00879	0.00888	0.00764	0.00533	0.01090	0.01101	0.01484	0.02413	0.12300	0.02782	0.60658	0.05911	0.00660	0.03784	0.01142	0.00460	0.00480
28	0.02781	0.01801	0.02016	0.01551	0.02124	0.01908	0.01277	0.47360	0.05677	0.19412	0.02030	0.01940	0.01397	0.00868	0.00720	0.00216	0.00738	0.00669	0.00753	0.04762
29	0.01570	0.01398	0.02180	0.62618	0.04616	0.01706	0.01928	0.11180	0.01732	0.02244	0.01356	0.01911	0.01007	0.00747	0.00727	0.00239	0.00945	0.00647	0.00380	0.00868

[dist]
# distance from previous block
# <min> <max>
0	1

[block]
# block no. 4 follows, 28 sequences, length 55
# corresponding to MSA columns:
# 151-205
name=unknown_E
#
# <colnr> <probs for GDERKNQSTAVLIFYWHMCP>
#	G	D	E	R	K	N	Q	S	T	A	V	L	I	F	Y	W	H	M	C	P
0	0.01350	0.01210	0.02034	0.57892	0.04266	0.01460	0.04247	0.01749	0.01411	0.01839	0.01447	0.04046	0.01200	0.04288	0.01011	0.05567	0.00911	0.00711	0.02606	0.00754
1	0.02174	0.17851	0.02540	0.08487	0.02403	0.14519	0.05922	0.21063	0.02133	0.02691	0.01407	0.01643	0.01113	0.00790	0.00766	0.00206	0.05990	0.00578	0.06758	0.00965
2	0.01630	0.01382	0.01598	0.01188	0.01784	0.01186	0.00954	0.06928	0.07196	0.02566	0.01451	0.01628	0.01178	0.00630	0.00643	0.00136	0.03479	0.00488	0.00474	0.63481
3	0.02392	0.03937	0.04345	0.01635	0.02243	0.01681	0.09091	0.24657	0.08076	0.18588	0.01959	0.01955	0.01387	0.00788	0.00704	0.00205	0.00754	0.00661	0.00649	0.14293
4	0.04904	0.40515	0.02820	0.01371	0.01878	0.06119	0.01218	0.02746	0.22142	0.03869	0.01659	0.01702	0.01345	0.00780	0.00655	0.00197	0.04076	0.00546	0.00466	0.00991
5	0.00982	0.00728	0.00916	0.00896	0.01064	0.00662	0.00662	0.01272	0.01907	0.02623	0.50886	0.14183	0.17241	0.01644	0.00866	0.00240	0.00357	0.01445	0.00763	0.00662
6	0.01309	0.01169	0.01955	0.50643	0.03928	0.01378	0.05476	0.01728	0.01464	0.01954	0.01850	0.14210	0.01700	0.00993	0.00751	0.00245	0.00840	0.00902	0.06734	0.00770
7	0.01004	0.00750	0.01021	0.01081	0.01192	0.00710	0.02863	0.03739	0.01578	0.02119	0.12328	0.57338	0.07413	0.02049	0.00906	0.00280	0.00451	0.01854	0.00683	0.00642
8	0.00899	0.00750	0.00831	0.00858	0.01042	0.00682	0.00630	0.01068	0.01567	0.01927	0.06246	0.23143	0.50592	0.01922	0.00946	0.00261	0.03736	0.01623	0.00658	0.00616
9	0.03146	0.01422	0.01801	0.01381	0.01948	0.01342	0.01141	0.18324	0.02390	0.55204	0.02608	0.02306	0.01669	0.00893	0.00730	0.00223	0.00660	0.00713	0.00860	0.01237
10	0.04931	0.26814	0.12968	0.05098	0.02640	0.02251	0.14038	0.18178	0.01995	0.02680	0.01333	0.01548	0.01034	0.00698	0.00648	0.00205	0.00911	0.00576	0.00429	0.01025
11	0.01757	0.01050	0.01332	0.01266	0.01556	0.01044	0.01018	0.06488	0.10422	0.17719	0.09625	0.18146	0.03578	0.01557	0.00862	0.00274	0.00576	0.20102	0.00747	0.00882
12	0.03261	0.01237	0.01687	0.01293	0.01856	0.01068	0.01068	0.03543	0.02081	0.70423	0.02868	0.02474	0.01799	0.00900	0.00731	0.00225	0.00619	0.00731	0.00900	0.01237
13	0.02151	0.02006	0.12782	0.16733	0.07537	0.09611	0.03664	0.02843	0.11975	0.20416	0.01959	0.02054	0.01386	0.00800	0.00719	0.00228	0.00872	0.00664	0.00548	0.01049
14	0.01650	0.13544	0.02310	0.16086	0.13473	0.04582	0.01515	0.06498	0.01585	0.02113	0.01711	0.02134	0.05151	0.01409	0.09187	0.00336	0.11460	0.00665	0.03715	0.00879
15	0.01428	0.01266	0.02126	0.01681	0.01970	0.01278	0.22262	0.06903	0.01490	0.02017	0.02026	0.08415	0.02087	0.35069	0.02261	0.00464	0.05086	0.01008	0.00450	0.00712
16	0.03125	0.01282	0.01691	0.01304	0.01844	0.01154	0.01068	0.08890	0.02151	0.61864	0.02747	0.02509	0.01787	0.04035	0.00857	0.00245	0.00638	0.00738	0.00865	0.01203
17	0.02717	0.04925	0.04730	0.04829	0.02271	0.01874	0.01357	0.38452	0.05391	0.22905	0.02044	0.01967	0.01398	0.00860	0.00716	0.00220	0.00757	0.00667	0.00724	0.01194
18	0.01562	0.14015	0.24834	0.06174	0.05317	0.04705	0.15216	0.02080	0.01571	0.02102	0.01748	0.11610	0.01622	0.00931	0.00735	0.00232	0.00950	0.03279	0.00389	0.00929
19	0.00945	0.00740	0.00856	0.00827	0.01035	0.00650	0.00620	0.01210	0.01860	0.02447	0.38922	0.06201	0.37764	0.01661	0.00858	0.00237	0.00355	0.01423	0.00739	0.00650
20	0.01632	0.01783	0.07044	0.19335	0.26880	0.01703	0.22179	0.02195	0.03359	0.02272	0.03544	0.02002	0.01287	0.00692	0.00767	0.00233	0.00988	0.00731	0.00374	0.01001
21	0.00902	0.00694	0.00815	0.00876	0.01018	0.00618	0.00616	0.01076	0.01578	0.02027	0.14346	0.34073	0.31616	0.05063	0.01008	0.00283	0.00401	0.01701	0.00682	0.00607
22	0.79588	0.01406	0.01068	0.00956	0.01406	0.01631	0.00787	0.02137	0.01237	0.03261	0.01012	0.01181	0.00787	0.00675	0.00450	0.00225	0.00562	0.00394	0.00450	0.00787
23	0.01778	0.03921	0.01431	0.01290	0.06107	0.00993	0.00922	0.04019	0.01955	0.21396	0.32706	0.06688	0.06858	0.05515	0.00962	0.00254	0.00511	0.01072	0.00745	0.00876
24	0.01229	0.00950	0.01066	0.01014	0.01211	0.04873	0.00755	0.04080	0.01972	0.04770	0.45068	0.16245	0.10863	0.01558	0.00848	0.00238	0.00441	0.01361	0.00745	0.00713
25	0.08074	0.01155	0.01488	0.01195	0.01660	0.01053	0.00969	0.02989	0.04539	0.48631	0.17091	0.03029	0.02833	0.01013	0.00739	0.00227	0.00554	0.00836	0.00841	0.01084
26	0.01373	0.01292	0.02180	0.72707	0.05006	0.01615	0.02019	0.01857	0.01453	0.01857	0.01292	0.01938	0.00969	0.00727	0.00727	0.00242	0.00969	0.00646	0.00323	0.00807
27	0.01029	0.00743	0.00972	0.00914	0.01086	0.00686	0.00686	0.01372	0.02058	0.02915	0.69536	0.05430	0.06859	0.01486	0.00857	0.00229	0.00343	0.01315	0.00800	0.00686
28	0.01373	0.01292	0.02180	0.72707	0.05006	0.01615	0.02019	0.01857	0.01453	0.01857	0.01292	0.01938	0.00969	0.00727	0.00727	0.00242	0.00969	0.00646	0.00323	0.00807
29	0.79588	0.01406	0.01068	0.00956	0.01406	0.01631	0.00787	0.02137	0.01237	0.03261	0.01012	0.01181	0.00787	0.00675	0.00450	0.00225	0.00562	0.00394	0.00450	0.00787
30	0.01507	0.01429	0.02422	0.51288	0.25380	0.01650	0.02085	0.01974	0.01517	0.02020	0.01316	0.01894	0.01026	0.00702	0.00725	0.00234	0.00936	0.00647	0.00335	0.00915
31	0.01016	0.00751	0.00865	0.00854	0.01068	0.00657	0.00640	0.01248	0.01766	0.04967	0.24995	0.12989	0.40398	0.01747	0.00864	0.00247	0.00384	0.03165	0.00721	0.00659
32	0.15286	0.01643	0.01684	0.01433	0.01899	0.01863	0.01144	0.19670	0.38177	0.06008	0.02318	0.02199	0.01712	0.00901	0.00687	0.00235	0.00632	0.00703	0.00693	0.01114
33	0.15770	0.01646	0.01765	0.03354	0.01985	0.01787	0.01167	0.38651	0.02615	0.11667	0.04755	0.05425	0.04332	0.00965	0.00700	0.00226	0.00690	0.00745	0.00687	0.01071
34	0.01043	0.00760	0.01074	0.01074	0.01171	0.00857	0.00791	0.01237	0.01140	0.01618	0.02033	0.03333	0.02025	0.22788	0.54521	0.01052	0.01635	0.00849	0.00402	0.00597
35	0.01407	0.01327	0.02243	0.67164	0.10279	0.01624	0.02036	0.01888	0.01470	0.01899	0.01298	0.01927	0.00984	0.00720	0.00726	0.00240	0.00960	0.00646	0.00326	0.00835
36	0.70471	0.01680	0.09193	0.01086	0.01609	0.01637	0.01009	0.02156	0.01272	0.03149	0.01046	0.01222	0.00803	0.00677	0.00478	0.00226	0.00622	0.00410	0.00433	0.00821
37	0.08440	0.07392	0.03449	0.01448	0.06136	0.08396	0.01084	0.07778	0.07426	0.09243	0.13860	0.03059	0.02568	0.09555	0.01047	0.00275	0.00687	0.03363	0.03912	0.00881
38	0.01015	0.00746	0.00965	0.01034	0.01172	0.00709	0.00779	0.01317	0.03732	0.02315	0.25995	0.30491	0.10816	0.01886	0.00908	0.00275	0.00444	0.14026	0.00717	0.00657
39	0.01725	0.01934	0.04133	0.03227	0.11515	0.01825	0.59688	0.02317	0.01709	0.02334	0.01459	0.01942	0.01109	0.00617	0.00842	0.00242	0.01183	0.00833	0.00367	0.01000
40	0.00982	0.00876	0.01185	0.01042	0.01327	0.00765	0.08361	0.01234	0.01704	0.02123	0.14473	0.08879	0.51038	0.01670	0.00861	0.00245	0.00467	0.01448	0.00655	0.00665
41	0.01697	0.01465	0.01538	0.01393	0.01784	0.01669	0.01081	0.03534	0.60793	0.02915	0.03473	0.03212	0.10085	0.01086	0.00754	0.00246	0.00551	0.00905	0.00732	0.01088
42	0.01635	0.01001	0.01527	0.01254	0.01584	0.00910	0.08547	0.01994	0.02023	0.18740	0.45897	0.04329	0.04996	0.01246	0.00828	0.00230	0.00511	0.01124	0.00773	0.00850
43	0.02349	0.14660	0.02276	0.01526	0.02049	0.04746	0.01271	0.34337	0.18518	0.05662	0.01989	0.04077	0.01534	0.00895	0.00688	0.00215	0.00744	0.00686	0.00648	0.01128
44	0.01774	0.51022	0.02971	0.01221	0.01707	0.05482	0.01121	0.04452	0.01639	0.01988	0.09846	0.10218	0.02128	0.00937	0.00587	0.00185	0.00708	0.00712	0.00432	0.00870
45	0.01092	0.00761	0.00971	0.00908	0.01102	0.00692	0.00685	0.01414	0.02012	0.05317	0.59799	0.05503	0.13995	0.01506	0.00853	0.00230	0.00356	0.01318	0.00789	0.00698
46	0.03779	0.00783	0.01009	0.00943	0.01116	0.00738	0.00693	0.01480	0.01804	0.07820	0.46853	0.06771	0.05221	0.07283	0.01291	0.09443	0.00436	0.01163	0.00708	0.00667
47	0.01241	0.01075	0.01022	0.00963	0.01196	0.08939	0.00720	0.01485	0.01856	0.04848	0.31078	0.05450	0.31380	0.04417	0.00943	0.00249	0.00491	0.01273	0.00689	0.00686
48	0.01610	0.03559	0.62693	0.02025	0.03042	0.01754	0.02534	0.09910	0.01754	0.02568	0.01356	0.01559	0.00958	0.00712	0.00695	0.00229	0.01042	0.00551	0.00356	0.01093
49	0.01429	0.04278	0.02253	0.64436	0.07204	0.01678	0.01961	0.01964	0.04126	0.01918	0.01350	0.01932	0.01024	0.00730	0.00717	0.00238	0.00942	0.00643	0.00340	0.00839
50	0.01853	0.66249	0.03501	0.01255	0.01824	0.02638	0.01235	0.02098	0.01500	0.01764	0.01342	0.01987	0.01312	0.00784	0.00529	0.00176	0.00765	0.07932	0.00353	0.00902
51	0.01541	0.01343	0.01676	0.01472	0.09681	0.01057	0.01021	0.01877	0.01525	0.02369	0.01301	0.01541	0.01085	0.00551	0.00559	0.00120	0.00576	0.00456	0.00422	0.69825
52	0.02688	0.06340	0.02149	0.01823	0.02232	0.60526	0.01395	0.10410	0.02194	0.02103	0.01191	0.01355	0.00971	0.00758	0.00656	0.00190	0.01229	0.00487	0.00413	0.00892
53	0.02674	0.01608	0.09770	0.01447	0.01999	0.01327	0.01308	0.11201	0.02113	0.43380	0.06572	0.02618	0.01977	0.00971	0.00840	0.00234	0.04910	0.03153	0.00760	0.01137
54	0.01516	0.03355	0.55751	0.02295	0.03293	0.01722	0.17216	0.02308	0.01575	0.02308	0.01342	0.01631	0.00962	0.00673	0.00728	0.00234	0.01108	0.00609	0.00321	0.01053

[dist]
# distance from previous block
# <min> <max>
0	8

[block]
# block no. 5 follows, 28 sequences, length 17
# corresponding to MSA columns:
# 214-230
name=unknown_F
#
# <colnr> <probs for GDERKNQSTAVLIFYWHMCP>
#	G	D	E	R	K	N	Q	S	T	A	V	L	I	F	Y	W	H	M	C	P
0	0.01238	0.01143	0.01680	0.01396	0.01762	0.01099	0.14573	0.01869	0.13701	0.02344	0.11961	0.05058	0.33965	0.01400	0.00843	0.00247	0.00592	0.03697	0.00636	0.00796
1	0.00904	0.00640	0.00838	0.00989	0.01027	0.00602	0.00650	0.01017	0.01356	0.01809	0.03826	0.66690	0.04580	0.09878	0.01220	0.00338	0.00452	0.01960	0.00650	0.00575
2	0.01616	0.01667	0.02655	0.02149	0.02302	0.02146	0.15250	0.01870	0.01239	0.01870	0.01062	0.01667	0.00985	0.01135	0.02068	0.00303	0.58173	0.00682	0.00328	0.00834
3	0.01275	0.00714	0.01080	0.08874	0.01412	0.00750	0.00799	0.01101	0.01055	0.01426	0.01411	0.02427	0.01366	0.02234	0.02437	0.63785	0.00657	0.03055	0.03742	0.00399
4	0.01056	0.00919	0.01549	0.01412	0.01618	0.00852	0.14513	0.01289	0.01485	0.01965	0.03810	0.52402	0.10426	0.01888	0.00906	0.00280	0.00584	0.01763	0.00611	0.00674
5	0.02018	0.29382	0.18265	0.01761	0.02447	0.06649	0.08091	0.15831	0.01939	0.02506	0.01279	0.01472	0.01011	0.00722	0.00696	0.00202	0.03764	0.00538	0.00406	0.01021
6	0.01383	0.00775	0.00851	0.00862	0.01050	0.00785	0.00687	0.04766	0.01645	0.02687	0.02649	0.03806	0.02316	0.01090	0.00622	0.00206	0.00429	0.14057	0.58630	0.00702
7	0.00953	0.00706	0.00899	0.00989	0.01115	0.00652	0.00729	0.01166	0.01621	0.02141	0.18012	0.37144	0.17589	0.01991	0.00912	0.00278	0.00433	0.11344	0.00700	0.00626
8	0.01842	0.01832	0.02473	0.29710	0.30514	0.11578	0.01968	0.07281	0.01774	0.02267	0.01334	0.01779	0.01059	0.00709	0.00714	0.00222	0.00962	0.00622	0.00377	0.00984
9	0.00915	0.00656	0.00870	0.00992	0.01061	0.00610	0.00677	0.01087	0.01530	0.02076	0.17633	0.59725	0.05234	0.02113	0.00913	0.00281	0.00405	0.01910	0.00701	0.00610
10	0.12017	0.01189	0.01472	0.01221	0.01663	0.01122	0.00975	0.07405	0.01930	0.43300	0.02799	0.17134	0.02262	0.01157	0.00737	0.00239	0.00584	0.00962	0.00786	0.01048
11	0.17684	0.01359	0.02083	0.41592	0.09072	0.01577	0.06559	0.01936	0.01439	0.02223	0.01373	0.02075	0.01117	0.00816	0.00755	0.02622	0.00871	0.03653	0.00372	0.00822
12	0.02139	0.02200	0.02512	0.10973	0.34570	0.21000	0.01861	0.11521	0.01991	0.02462	0.01345	0.01673	0.01084	0.00716	0.00704	0.00211	0.00989	0.00599	0.00411	0.01040
13	0.01244	0.00761	0.00920	0.08444	0.01330	0.00798	0.00697	0.01524	0.01447	0.02304	0.08524	0.03318	0.02396	0.16488	0.05672	0.00357	0.00583	0.00819	0.41729	0.00641
14	0.01179	0.01025	0.01817	0.01562	0.01818	0.01102	0.14710	0.01512	0.01282	0.01821	0.01848	0.02670	0.01669	0.04445	0.56869	0.00976	0.01797	0.00795	0.00385	0.00718
15	0.13011	0.22920	0.02568	0.10515	0.16334	0.12522	0.01477	0.02182	0.01529	0.02085	0.01195	0.01604	0.01045	0.04229	0.00813	0.00226	0.03958	0.00529	0.00359	0.00899
16	0.10344	0.00944	0.01174	0.03679	0.08967	0.00940	0.00879	0.01657	0.01668	0.05536	0.20340	0.11253	0.11323	0.01241	0.00720	0.00224	0.00470	0.01059	0.16825	0.00758

[dist]
# distance from previous block
# <min> <max>
0	19

# created by:
# /st0/software/busco_prod/Augustus/scripts/msa2prfl.pl ./align_prep/157865.fa
