[name]
unknown

[dist]
# distance from previous block
# <min> <max>
0	0

[block]
# block no. 0 follows, 29 sequences, length 20
# corresponding to MSA columns:
# 0-19
name=unknown_A
#
# <colnr> <probs for GDERKNQSTAVLIFYWHMCP>
#	G	D	E	R	K	N	Q	S	T	A	V	L	I	F	Y	W	H	M	C	P
0	0.01147	0.00820	0.01147	0.01311	0.01475	0.00820	0.01147	0.01475	0.01639	0.02131	0.03770	0.08032	0.04098	0.01967	0.00984	0.00328	0.00656	0.65741	0.00656	0.00656
1	0.70350	0.01318	0.01065	0.00948	0.01371	0.01499	0.00775	0.02093	0.01312	0.06117	0.06599	0.01545	0.01290	0.00734	0.00485	0.00221	0.00536	0.00472	0.00487	0.00782
2	0.70671	0.01357	0.01120	0.00977	0.01431	0.01530	0.00805	0.02260	0.01312	0.11438	0.01212	0.01311	0.00892	0.00688	0.00474	0.00220	0.00558	0.00426	0.00494	0.00825
3	0.01762	0.01692	0.02890	0.04371	0.70533	0.01692	0.02185	0.02185	0.01621	0.02326	0.01339	0.01762	0.01128	0.00634	0.00705	0.00211	0.00846	0.00634	0.00352	0.01128
4	0.80005	0.01377	0.01047	0.00936	0.01377	0.01597	0.00771	0.02093	0.01212	0.03195	0.00991	0.01157	0.00771	0.00661	0.00441	0.00220	0.00551	0.00386	0.00441	0.00771
5	0.01494	0.01418	0.02409	0.30295	0.32671	0.01524	0.05394	0.01923	0.01550	0.02088	0.01887	0.02564	0.06255	0.00826	0.00741	0.00232	0.00858	0.04566	0.00379	0.00923
6	0.01562	0.01487	0.02528	0.37466	0.39006	0.01639	0.02086	0.02010	0.01526	0.02083	0.01304	0.01828	0.01042	0.00672	0.00708	0.00224	0.00896	0.00634	0.00335	0.00966
7	0.01345	0.01266	0.02136	0.73264	0.04904	0.01582	0.01978	0.01819	0.01424	0.01819	0.01266	0.01898	0.00949	0.00712	0.00712	0.00237	0.00949	0.00633	0.00316	0.00791
8	0.01345	0.01266	0.02136	0.73264	0.04904	0.01582	0.01978	0.01819	0.01424	0.01819	0.01266	0.01898	0.00949	0.00712	0.00712	0.00237	0.00949	0.00633	0.00316	0.00791
9	0.01557	0.03504	0.66226	0.01974	0.02990	0.01610	0.02516	0.02343	0.01542	0.07253	0.01389	0.01570	0.00965	0.00691	0.00679	0.00225	0.01020	0.00540	0.00343	0.01064
10	0.01738	0.01667	0.02846	0.08453	0.66644	0.01685	0.02173	0.02164	0.01610	0.02296	0.01335	0.01770	0.01117	0.00639	0.00705	0.00213	0.00852	0.00634	0.00350	0.01108
11	0.02660	0.03394	0.02018	0.01834	0.02201	0.72116	0.01376	0.02843	0.02018	0.01743	0.01101	0.01284	0.00917	0.00734	0.00642	0.00183	0.01284	0.00459	0.00367	0.00825
12	0.01017	0.00763	0.01144	0.01144	0.01272	0.00890	0.00890	0.01272	0.01144	0.01653	0.01907	0.02797	0.01780	0.05340	0.72153	0.01144	0.01907	0.00763	0.00381	0.00636
13	0.01375	0.01301	0.02068	0.35266	0.16982	0.03858	0.05152	0.01748	0.01483	0.01943	0.01943	0.19852	0.01923	0.01068	0.00764	0.00243	0.00821	0.00983	0.00413	0.00816
14	0.02968	0.01529	0.10602	0.01365	0.01980	0.01125	0.01250	0.03314	0.01969	0.62187	0.02612	0.02305	0.01652	0.00855	0.00711	0.00221	0.00663	0.00692	0.00807	0.01191
15	0.03154	0.01277	0.01693	0.01298	0.01850	0.01143	0.01072	0.08824	0.02146	0.65520	0.02718	0.02365	0.01717	0.00879	0.00716	0.00220	0.00621	0.00710	0.00867	0.01212
16	0.01558	0.01558	0.02181	0.01869	0.01869	0.02181	0.01558	0.01714	0.01091	0.01714	0.00935	0.01558	0.00935	0.01246	0.02337	0.00312	0.73672	0.00623	0.00312	0.00779
17	0.80005	0.01377	0.01047	0.00936	0.01377	0.01597	0.00771	0.02093	0.01212	0.03195	0.00991	0.01157	0.00771	0.00661	0.00441	0.00220	0.00551	0.00386	0.00441	0.00771
18	0.71756	0.01453	0.04470	0.00988	0.01443	0.01548	0.00856	0.02059	0.01271	0.03130	0.04869	0.01406	0.01110	0.00706	0.00474	0.00221	0.00563	0.00443	0.00453	0.00779
19	0.14709	0.01208	0.01450	0.01351	0.04903	0.01297	0.01014	0.01950	0.10103	0.02288	0.01607	0.02014	0.01373	0.02196	0.23299	0.00494	0.07727	0.00602	0.00438	0.19976

[dist]
# distance from previous block
# <min> <max>
0	2

[block]
# block no. 1 follows, 29 sequences, length 32
# corresponding to MSA columns:
# 22-53
name=unknown_B
#
# <colnr> <probs for GDERKNQSTAVLIFYWHMCP>
#	G	D	E	R	K	N	Q	S	T	A	V	L	I	F	Y	W	H	M	C	P
0	0.02290	0.04593	0.04143	0.07419	0.02217	0.06759	0.01285	0.13613	0.27032	0.19556	0.02295	0.02190	0.01637	0.00866	0.00702	0.00223	0.00717	0.00692	0.00671	0.01101
1	0.04811	0.01295	0.02106	0.60279	0.08966	0.01551	0.01873	0.01977	0.01473	0.06998	0.01373	0.01897	0.01014	0.00717	0.00700	0.00234	0.00900	0.00629	0.00366	0.00844
2	0.00868	0.00620	0.00826	0.00991	0.01033	0.00578	0.00661	0.00991	0.01363	0.01818	0.03925	0.74510	0.04710	0.02231	0.00909	0.00289	0.00413	0.02024	0.00661	0.00578
3	0.01477	0.01266	0.01477	0.01055	0.01687	0.00949	0.00844	0.01793	0.01477	0.02320	0.01266	0.01477	0.01055	0.00527	0.00527	0.00105	0.00527	0.00422	0.00422	0.79328
4	0.01477	0.01266	0.01477	0.01055	0.01687	0.00949	0.00844	0.01793	0.01477	0.02320	0.01266	0.01477	0.01055	0.00527	0.00527	0.00105	0.00527	0.00422	0.00422	0.79328
5	0.01477	0.01266	0.01477	0.01055	0.01687	0.00949	0.00844	0.01793	0.01477	0.02320	0.01266	0.01477	0.01055	0.00527	0.00527	0.00105	0.00527	0.00422	0.00422	0.79328
6	0.01477	0.01266	0.01477	0.01055	0.01687	0.00949	0.00844	0.01793	0.01477	0.02320	0.01266	0.01477	0.01055	0.00527	0.00527	0.00105	0.00527	0.00422	0.00422	0.79328
7	0.01870	0.37932	0.02732	0.01563	0.07459	0.12674	0.01238	0.02386	0.11673	0.02085	0.10253	0.01979	0.01869	0.00792	0.00594	0.00184	0.00762	0.00593	0.00442	0.00919
8	0.01700	0.01329	0.01709	0.20049	0.02574	0.01350	0.01242	0.08023	0.12528	0.08013	0.01801	0.04312	0.01423	0.00927	0.03152	0.00223	0.00717	0.00646	0.00512	0.27769
9	0.02644	0.01963	0.02101	0.01626	0.02184	0.02179	0.01338	0.63807	0.07802	0.04386	0.01790	0.01774	0.01276	0.00862	0.00713	0.00216	0.00769	0.00652	0.00713	0.01205
10	0.02073	0.01904	0.03192	0.02765	0.16032	0.01929	0.30863	0.26421	0.02281	0.03099	0.01520	0.01813	0.01137	0.00700	0.00767	0.00225	0.00979	0.00728	0.00488	0.01085
11	0.01217	0.00939	0.01456	0.01260	0.01536	0.00847	0.11426	0.01492	0.01663	0.07275	0.18439	0.26204	0.17484	0.01554	0.00841	0.00246	0.00530	0.01415	0.00647	0.03529
12	0.01854	0.67953	0.10749	0.01303	0.01958	0.02697	0.01365	0.02145	0.01453	0.01736	0.01020	0.01180	0.00913	0.00616	0.00480	0.00160	0.00792	0.00396	0.00304	0.00928
13	0.02939	0.07260	0.01809	0.01268	0.01804	0.01241	0.01059	0.05281	0.04653	0.58197	0.05097	0.02413	0.01874	0.00883	0.00700	0.00216	0.00612	0.00711	0.00820	0.01164
14	0.00875	0.00645	0.00820	0.00941	0.01024	0.00590	0.00643	0.01025	0.01457	0.01919	0.09827	0.58199	0.15227	0.02100	0.00893	0.00276	0.00399	0.01882	0.00671	0.00590
15	0.01477	0.01266	0.01477	0.01055	0.01687	0.00949	0.00844	0.01793	0.01477	0.02320	0.01266	0.01477	0.01055	0.00527	0.00527	0.00105	0.00527	0.00422	0.00422	0.79328
16	0.02506	0.01856	0.01989	0.01555	0.02066	0.02054	0.01262	0.58275	0.07612	0.04130	0.01834	0.02017	0.01390	0.06971	0.00953	0.00255	0.00761	0.00685	0.00690	0.01141
17	0.01763	0.01684	0.02829	0.04230	0.67225	0.01696	0.02134	0.02262	0.04879	0.02358	0.01414	0.01805	0.01178	0.00650	0.00706	0.00213	0.00832	0.00643	0.00370	0.01128
18	0.00868	0.00620	0.00826	0.00991	0.01033	0.00578	0.00661	0.00991	0.01363	0.01818	0.03925	0.74510	0.04710	0.02231	0.00909	0.00289	0.00413	0.02024	0.00661	0.00578
19	0.01345	0.01266	0.02136	0.73264	0.04904	0.01582	0.01978	0.01819	0.01424	0.01819	0.01266	0.01898	0.00949	0.00712	0.00712	0.00237	0.00949	0.00633	0.00316	0.00791
20	0.01564	0.01613	0.03071	0.06267	0.25417	0.01578	0.30469	0.02028	0.01644	0.02251	0.05647	0.02564	0.08768	0.00809	0.00833	0.00232	0.03038	0.00851	0.00409	0.00949
21	0.00852	0.00681	0.00763	0.00828	0.00990	0.00592	0.00588	0.01010	0.01521	0.01882	0.05920	0.33453	0.44478	0.01971	0.00868	0.00260	0.00381	0.01708	0.00661	0.00592
22	0.01062	0.00779	0.01036	0.01172	0.01335	0.00754	0.00986	0.01340	0.01604	0.02058	0.04382	0.15654	0.15577	0.01970	0.00950	0.00308	0.00576	0.47162	0.00657	0.00637
23	0.07996	0.01976	0.01965	0.01662	0.05270	0.13038	0.01284	0.34782	0.02599	0.19672	0.01808	0.01776	0.01261	0.00818	0.00683	0.00211	0.00809	0.00612	0.00662	0.01116
24	0.01015	0.00705	0.00862	0.00869	0.00911	0.00728	0.00553	0.01088	0.01100	0.01487	0.02450	0.07500	0.05329	0.52431	0.19296	0.00759	0.00946	0.01037	0.00440	0.00493
25	0.02190	0.01621	0.01760	0.01480	0.01946	0.01809	0.01180	0.21432	0.43483	0.11150	0.02562	0.02370	0.01862	0.00926	0.00720	0.00231	0.00629	0.00750	0.00739	0.01160
26	0.21605	0.01751	0.01976	0.05083	0.07326	0.01943	0.04082	0.36711	0.06855	0.03687	0.01550	0.01657	0.01141	0.00780	0.00651	0.00219	0.00741	0.00596	0.00585	0.01060
27	0.06960	0.14625	0.02049	0.04305	0.01915	0.01717	0.01125	0.13403	0.03613	0.06123	0.01634	0.01789	0.04239	0.00783	0.00780	0.00184	0.08780	0.00556	0.00479	0.24941
28	0.13373	0.01532	0.01817	0.06158	0.02082	0.04520	0.06226	0.19129	0.04344	0.04976	0.03703	0.09226	0.01665	0.01157	0.04149	0.00265	0.05497	0.00760	0.00537	0.08885
29	0.09642	0.06269	0.04882	0.01853	0.13767	0.07289	0.03460	0.06986	0.03869	0.02453	0.01481	0.05658	0.01288	0.00868	0.02751	0.00208	0.00761	0.00603	0.00437	0.25476
30	0.11317	0.06533	0.01992	0.01606	0.06307	0.01532	0.06861	0.07053	0.01609	0.06023	0.06167	0.07730	0.01726	0.00922	0.00916	0.00212	0.12336	0.00717	0.00479	0.17962
31	0.08503	0.09503	0.04866	0.01606	0.04077	0.01728	0.07501	0.21221	0.04460	0.10614	0.01896	0.10298	0.01607	0.00935	0.00734	0.00217	0.02904	0.00769	0.00569	0.05990

[dist]
# distance from previous block
# <min> <max>
31	66

[block]
# block no. 2 follows, 29 sequences, length 22
# corresponding to MSA columns:
# 128-149
name=unknown_C
#
# <colnr> <probs for GDERKNQSTAVLIFYWHMCP>
#	G	D	E	R	K	N	Q	S	T	A	V	L	I	F	Y	W	H	M	C	P
0	0.06516	0.09518	0.29570	0.06199	0.18727	0.01792	0.13397	0.02199	0.01533	0.02257	0.01274	0.01599	0.00980	0.00648	0.00677	0.00218	0.00965	0.00588	0.00333	0.01010
1	0.01743	0.05475	0.02817	0.08453	0.59114	0.01747	0.02065	0.02244	0.05209	0.02295	0.01400	0.01787	0.01161	0.00656	0.00694	0.00212	0.00833	0.00630	0.00368	0.01095
2	0.03874	0.01640	0.05969	0.29057	0.34835	0.04148	0.01981	0.02031	0.01566	0.02170	0.04963	0.01953	0.01331	0.00713	0.00703	0.00222	0.00874	0.00649	0.00363	0.00955
3	0.01963	0.02060	0.02610	0.03610	0.50721	0.17384	0.01934	0.02439	0.06231	0.02240	0.01390	0.01716	0.01151	0.00679	0.00692	0.00207	0.00925	0.00607	0.00381	0.01060
4	0.01733	0.01694	0.02737	0.15045	0.57506	0.04520	0.02120	0.02155	0.01606	0.02223	0.01318	0.01764	0.01091	0.00651	0.00703	0.00214	0.00880	0.00627	0.00347	0.01063
5	0.01802	0.01768	0.02851	0.04258	0.67495	0.04823	0.02149	0.02215	0.01639	0.02300	0.01329	0.01741	0.01119	0.00639	0.00702	0.00210	0.00865	0.00627	0.00353	0.01114
6	0.07396	0.01306	0.02108	0.62657	0.09465	0.01591	0.01901	0.01867	0.01422	0.01962	0.01250	0.01832	0.00949	0.00702	0.00691	0.00234	0.00911	0.00614	0.00329	0.00814
7	0.01762	0.01692	0.02890	0.04371	0.70533	0.01692	0.02185	0.02185	0.01621	0.02326	0.01339	0.01762	0.01128	0.00634	0.00705	0.00211	0.00846	0.00634	0.00352	0.01128
8	0.07157	0.01297	0.02096	0.64263	0.08147	0.01589	0.01900	0.01859	0.01419	0.01948	0.01249	0.01837	0.00946	0.00704	0.00692	0.00235	0.00914	0.00615	0.00327	0.00808
9	0.07897	0.01960	0.02488	0.03451	0.48232	0.15567	0.01864	0.02272	0.01669	0.02267	0.01389	0.01939	0.01209	0.00724	0.00686	0.00213	0.00900	0.03876	0.00377	0.01017
10	0.04062	0.04863	0.21458	0.02756	0.09954	0.01780	0.40100	0.02254	0.01606	0.02286	0.01359	0.01746	0.01023	0.00626	0.00759	0.00230	0.01092	0.00708	0.00344	0.00993
11	0.01389	0.00852	0.01102	0.00987	0.01256	0.00759	0.00772	0.01702	0.01921	0.13466	0.44699	0.04886	0.09685	0.01358	0.00808	0.00224	0.00420	0.06190	0.00753	0.06771
12	0.01917	0.03982	0.07516	0.02594	0.26393	0.20945	0.01660	0.02543	0.12986	0.02229	0.03456	0.02083	0.04849	0.00816	0.00740	0.00213	0.02993	0.00660	0.00438	0.00986
13	0.01904	0.75404	0.03731	0.01218	0.01828	0.02818	0.01218	0.02132	0.01447	0.01675	0.00990	0.01142	0.00914	0.00609	0.00457	0.00152	0.00761	0.00381	0.00305	0.00914
14	0.00868	0.00620	0.00826	0.00991	0.01033	0.00578	0.00661	0.00991	0.01363	0.01818	0.03925	0.74510	0.04710	0.02231	0.00909	0.00289	0.00413	0.02024	0.00661	0.00578
15	0.01345	0.01266	0.02136	0.73264	0.04904	0.01582	0.01978	0.01819	0.01424	0.01819	0.01266	0.01898	0.00949	0.00712	0.00712	0.00237	0.00949	0.00633	0.00316	0.00791
16	0.01036	0.00690	0.00777	0.00777	0.00777	0.00690	0.00431	0.01036	0.01036	0.01381	0.02244	0.04660	0.02589	0.74975	0.03624	0.00690	0.00690	0.01036	0.00431	0.00431
17	0.07343	0.13236	0.46527	0.01846	0.02712	0.01764	0.07169	0.02228	0.01502	0.04725	0.01377	0.04039	0.01072	0.00722	0.00650	0.00218	0.00948	0.00579	0.00350	0.00994
18	0.02297	0.03407	0.01843	0.01632	0.06343	0.05274	0.03113	0.06560	0.24953	0.26081	0.02597	0.02830	0.01961	0.00970	0.00736	0.00233	0.00678	0.06693	0.00707	0.01091
19	0.01732	0.07677	0.29472	0.01578	0.02230	0.01551	0.01675	0.09380	0.09738	0.09675	0.07244	0.08589	0.02066	0.00987	0.00718	0.00229	0.00774	0.03149	0.00536	0.01000
20	0.07190	0.01772	0.23440	0.01372	0.01869	0.01092	0.01388	0.01850	0.01539	0.09785	0.06637	0.24539	0.02767	0.01315	0.00761	0.00246	0.00669	0.06314	0.00549	0.04906
21	0.13693	0.11093	0.21675	0.01400	0.01979	0.03940	0.01419	0.04048	0.01573	0.12420	0.01959	0.16134	0.01785	0.01010	0.00662	0.00223	0.00733	0.00812	0.00497	0.02944

[dist]
# distance from previous block
# <min> <max>
2	5

[block]
# block no. 3 follows, 29 sequences, length 18
# corresponding to MSA columns:
# 155-172
name=unknown_D
#
# <colnr> <probs for GDERKNQSTAVLIFYWHMCP>
#	G	D	E	R	K	N	Q	S	T	A	V	L	I	F	Y	W	H	M	C	P
0	0.14325	0.01543	0.01999	0.21464	0.02791	0.01785	0.05516	0.23077	0.02036	0.02995	0.06928	0.01965	0.01479	0.00856	0.00850	0.00234	0.08072	0.00661	0.00503	0.00922
1	0.02181	0.01801	0.06747	0.01513	0.02001	0.01801	0.01285	0.45914	0.06010	0.03729	0.05253	0.14241	0.02081	0.01108	0.00750	0.00229	0.00709	0.00905	0.00678	0.01064
2	0.01737	0.01659	0.02790	0.08434	0.63601	0.01689	0.02127	0.02232	0.04506	0.02323	0.01402	0.01809	0.01162	0.00653	0.00706	0.00214	0.00840	0.00642	0.00366	0.01107
3	0.01400	0.01322	0.02236	0.64077	0.13656	0.01597	0.02005	0.01868	0.01450	0.01887	0.01275	0.01880	0.00973	0.00702	0.00711	0.00234	0.00935	0.00633	0.00321	0.00836
4	0.01644	0.01572	0.02677	0.23825	0.52001	0.01661	0.02127	0.02082	0.01566	0.02183	0.01319	0.01801	0.01077	0.00656	0.00707	0.00219	0.00875	0.00634	0.00342	0.01033
5	0.01467	0.06309	0.63238	0.02077	0.03085	0.01711	0.07873	0.02252	0.01516	0.02235	0.01280	0.01523	0.00917	0.00668	0.00681	0.00224	0.01053	0.00546	0.00306	0.01040
6	0.01345	0.01266	0.02136	0.73264	0.04904	0.01582	0.01978	0.01819	0.01424	0.01819	0.01266	0.01898	0.00949	0.00712	0.00712	0.00237	0.00949	0.00633	0.00316	0.00791
7	0.01721	0.01649	0.02815	0.11240	0.63989	0.01681	0.02165	0.02149	0.01602	0.02276	0.01332	0.01776	0.01110	0.00642	0.00706	0.00214	0.00856	0.00634	0.00349	0.01094
8	0.01762	0.01692	0.02890	0.04371	0.70533	0.01692	0.02185	0.02185	0.01621	0.02326	0.01339	0.01762	0.01128	0.00634	0.00705	0.00211	0.00846	0.00634	0.00352	0.01128
9	0.01668	0.01832	0.08566	0.05944	0.45522	0.01654	0.15172	0.02155	0.01618	0.02283	0.01500	0.02158	0.01275	0.00715	0.00747	0.00226	0.00925	0.04625	0.00367	0.01049
10	0.01074	0.00849	0.01293	0.15740	0.01951	0.00992	0.01057	0.01343	0.01208	0.01677	0.01951	0.07976	0.01890	0.09822	0.46922	0.00861	0.01506	0.00850	0.00393	0.00647
11	0.01003	0.00738	0.01105	0.05470	0.01389	0.00721	0.04337	0.01125	0.01350	0.01807	0.06995	0.49730	0.03857	0.05393	0.01255	0.10443	0.00523	0.01608	0.00575	0.00576
12	0.01624	0.03224	0.56600	0.02193	0.08466	0.01609	0.05292	0.02359	0.01568	0.08409	0.01427	0.01625	0.01005	0.00688	0.00689	0.00225	0.01002	0.00566	0.00359	0.01069
13	0.02725	0.01722	0.13323	0.01434	0.02054	0.01309	0.01341	0.13094	0.02149	0.46205	0.05476	0.02293	0.01762	0.00869	0.00715	0.00220	0.00695	0.00699	0.00754	0.01160
14	0.01584	0.01476	0.02481	0.19410	0.46288	0.01547	0.01996	0.02005	0.01579	0.02186	0.01658	0.02657	0.01497	0.00835	0.00745	0.00233	0.00843	0.09606	0.00386	0.00987
15	0.01762	0.01692	0.02890	0.04371	0.70533	0.01692	0.02185	0.02185	0.01621	0.02326	0.01339	0.01762	0.01128	0.00634	0.00705	0.00211	0.00846	0.00634	0.00352	0.01128
16	0.01919	0.02050	0.02853	0.03574	0.45169	0.15601	0.10441	0.02304	0.01681	0.02176	0.01286	0.01679	0.01071	0.00679	0.00789	0.00214	0.04504	0.00626	0.00354	0.01030
17	0.01738	0.01667	0.02847	0.08310	0.66780	0.01686	0.02173	0.02164	0.01610	0.02297	0.01335	0.01770	0.01118	0.00639	0.00705	0.00213	0.00852	0.00634	0.00350	0.01109

[dist]
# distance from previous block
# <min> <max>
9	12

[block]
# block no. 4 follows, 29 sequences, length 21
# corresponding to MSA columns:
# 185-205
name=unknown_E
#
# <colnr> <probs for GDERKNQSTAVLIFYWHMCP>
#	G	D	E	R	K	N	Q	S	T	A	V	L	I	F	Y	W	H	M	C	P
0	0.01954	0.48303	0.16300	0.01488	0.02137	0.15508	0.01517	0.02288	0.01564	0.01798	0.01066	0.01238	0.00912	0.00645	0.00533	0.00172	0.00914	0.00423	0.00315	0.00924
1	0.01020	0.00684	0.00781	0.00796	0.00800	0.00680	0.00452	0.01032	0.01065	0.01420	0.02395	0.10947	0.02780	0.68427	0.03380	0.00654	0.00665	0.01125	0.00452	0.00445
2	0.01483	0.01289	0.01533	0.01120	0.01702	0.01048	0.00901	0.01787	0.01446	0.02272	0.01239	0.01483	0.01045	0.00585	0.00672	0.00122	0.06374	0.00438	0.00413	0.73049
3	0.54089	0.01446	0.01595	0.07717	0.18877	0.01620	0.01222	0.02094	0.01331	0.02866	0.01101	0.01368	0.00875	0.00659	0.00529	0.00220	0.00657	0.00468	0.00409	0.00862
4	0.01486	0.01434	0.02383	0.25317	0.03100	0.01748	0.14145	0.01850	0.01355	0.01958	0.01290	0.01857	0.01064	0.00904	0.01322	0.00258	0.28174	0.00672	0.08879	0.00805
5	0.01471	0.10139	0.65205	0.01957	0.02969	0.01758	0.02504	0.02244	0.01498	0.02203	0.01252	0.01471	0.00903	0.00670	0.00657	0.00219	0.01026	0.00513	0.00301	0.01040
6	0.01884	0.08240	0.20246	0.02733	0.19567	0.03955	0.14082	0.02285	0.01781	0.02495	0.07860	0.04495	0.01923	0.00990	0.00909	0.00278	0.03854	0.00811	0.00490	0.01119
7	0.00869	0.00722	0.00759	0.00750	0.00978	0.00613	0.00562	0.01074	0.01687	0.02075	0.17457	0.06603	0.59906	0.01747	0.00841	0.00238	0.00357	0.01468	0.00681	0.00613
8	0.01643	0.01699	0.06510	0.20947	0.50868	0.01663	0.02160	0.02100	0.01567	0.02199	0.01318	0.01781	0.01072	0.00656	0.00705	0.00219	0.00882	0.00628	0.00341	0.01042
9	0.01036	0.00690	0.00777	0.00777	0.00777	0.00690	0.00431	0.01036	0.01036	0.01381	0.02244	0.04660	0.02589	0.74975	0.03624	0.00690	0.00690	0.01036	0.00431	0.00431
10	0.80005	0.01377	0.01047	0.00936	0.01377	0.01597	0.00771	0.02093	0.01212	0.03195	0.00991	0.01157	0.00771	0.00661	0.00441	0.00220	0.00551	0.00386	0.00441	0.00771
11	0.01725	0.48467	0.29103	0.01523	0.02299	0.02380	0.01749	0.02178	0.01468	0.01893	0.01098	0.01278	0.00909	0.00634	0.00539	0.00180	0.00871	0.00435	0.00303	0.00966
12	0.00991	0.00727	0.00929	0.00879	0.01054	0.00665	0.00659	0.01312	0.01977	0.02763	0.63910	0.05471	0.13024	0.01490	0.00840	0.00226	0.00338	0.01309	0.00772	0.00665
13	0.01008	0.00728	0.00952	0.00896	0.01064	0.00672	0.00672	0.01344	0.02016	0.02855	0.70158	0.05319	0.06719	0.01456	0.00840	0.00224	0.00336	0.01288	0.00784	0.00672
14	0.01541	0.02547	0.31995	0.02615	0.10955	0.01648	0.27601	0.02195	0.01596	0.02263	0.01547	0.02216	0.01252	0.00745	0.00767	0.00238	0.01054	0.05872	0.00358	0.00994
15	0.03195	0.01212	0.01652	0.01267	0.01818	0.01047	0.01047	0.03470	0.02038	0.71026	0.02809	0.02424	0.01763	0.00881	0.00716	0.00220	0.00606	0.00716	0.00881	0.01212
16	0.01477	0.01266	0.01477	0.01055	0.01687	0.00949	0.00844	0.01793	0.01477	0.02320	0.01266	0.01477	0.01055	0.00527	0.00527	0.00105	0.00527	0.00422	0.00422	0.79328
17	0.01421	0.01207	0.01418	0.01049	0.01628	0.00916	0.00827	0.01720	0.01466	0.02275	0.01507	0.08109	0.01387	0.00682	0.00562	0.00122	0.00517	0.00567	0.00444	0.72177
18	0.01762	0.01692	0.02890	0.04371	0.70533	0.01692	0.02185	0.02185	0.01621	0.02326	0.01339	0.01762	0.01128	0.00634	0.00705	0.00211	0.00846	0.00634	0.00352	0.01128
19	0.00868	0.00620	0.00826	0.00991	0.01033	0.00578	0.00661	0.00991	0.01363	0.01818	0.03925	0.74510	0.04710	0.02231	0.00909	0.00289	0.00413	0.02024	0.00661	0.00578
20	0.01920	0.01145	0.01394	0.01176	0.01527	0.01138	0.00929	0.14688	0.07615	0.19842	0.31983	0.07188	0.03997	0.01201	0.00780	0.00226	0.00509	0.01024	0.00783	0.00938

[dist]
# distance from previous block
# <min> <max>
7	13

[block]
# block no. 5 follows, 29 sequences, length 35
# corresponding to MSA columns:
# 220-254
name=unknown_F
#
# <colnr> <probs for GDERKNQSTAVLIFYWHMCP>
#	G	D	E	R	K	N	Q	S	T	A	V	L	I	F	Y	W	H	M	C	P
0	0.08047	0.38261	0.05515	0.01362	0.01896	0.13074	0.01240	0.12281	0.01857	0.02355	0.06908	0.01616	0.01433	0.00743	0.00564	0.00181	0.00805	0.00515	0.00427	0.00920
1	0.03195	0.01212	0.01652	0.01267	0.01818	0.01047	0.01047	0.03470	0.02038	0.71026	0.02809	0.02424	0.01763	0.00881	0.00716	0.00220	0.00606	0.00716	0.00881	0.01212
2	0.02620	0.01927	0.02066	0.01594	0.02134	0.02129	0.01306	0.64672	0.03228	0.04326	0.01737	0.01863	0.01283	0.04705	0.00864	0.00238	0.00779	0.00662	0.00698	0.01170
3	0.01684	0.01766	0.03442	0.08613	0.30628	0.01756	0.34003	0.02186	0.01614	0.02243	0.01367	0.01841	0.01084	0.00648	0.00837	0.00231	0.03962	0.00734	0.00352	0.01008
4	0.01447	0.03550	0.66200	0.02103	0.03130	0.01665	0.07582	0.02257	0.01517	0.02257	0.01290	0.01535	0.00916	0.00671	0.00689	0.00227	0.01064	0.00550	0.00305	0.01045
5	0.01345	0.01266	0.02136	0.73264	0.04904	0.01582	0.01978	0.01819	0.01424	0.01819	0.01266	0.01898	0.00949	0.00712	0.00712	0.00237	0.00949	0.00633	0.00316	0.00791
6	0.00973	0.00778	0.01138	0.01218	0.04124	0.00721	0.05174	0.01176	0.01512	0.02015	0.12431	0.48771	0.13446	0.01900	0.00878	0.00268	0.00467	0.01724	0.00644	0.00642
7	0.01345	0.01266	0.02136	0.73264	0.04904	0.01582	0.01978	0.01819	0.01424	0.01819	0.01266	0.01898	0.00949	0.00712	0.00712	0.00237	0.00949	0.00633	0.00316	0.00791
8	0.00878	0.00628	0.00835	0.00984	0.01035	0.00585	0.00662	0.01017	0.01411	0.01894	0.08787	0.69431	0.04857	0.02174	0.00904	0.00284	0.00407	0.01970	0.00670	0.00585
9	0.01630	0.02178	0.15532	0.13425	0.07869	0.04560	0.39784	0.02224	0.01621	0.02188	0.01366	0.01809	0.01026	0.00638	0.00776	0.00233	0.01118	0.00726	0.00343	0.00956
10	0.03195	0.01212	0.01652	0.01267	0.01818	0.01047	0.01047	0.03470	0.02038	0.71026	0.02809	0.02424	0.01763	0.00881	0.00716	0.00220	0.00606	0.00716	0.00881	0.01212
11	0.00884	0.00723	0.00780	0.00766	0.00988	0.00619	0.00574	0.01104	0.01723	0.02161	0.23222	0.06463	0.54088	0.01715	0.00841	0.00236	0.00354	0.01448	0.00692	0.00619
12	0.01582	0.19135	0.53812	0.01846	0.02774	0.04863	0.02274	0.02253	0.01513	0.02109	0.01208	0.01416	0.00905	0.00664	0.00628	0.00208	0.00999	0.00492	0.00304	0.01013
13	0.06883	0.04498	0.09244	0.01460	0.04815	0.01239	0.01257	0.03160	0.01896	0.54429	0.02415	0.02179	0.01558	0.00827	0.00687	0.00218	0.00667	0.00662	0.00751	0.01156
14	0.01017	0.00763	0.01144	0.01144	0.01272	0.00890	0.00890	0.01272	0.01144	0.01653	0.01907	0.02797	0.01780	0.05340	0.72153	0.01144	0.01907	0.00763	0.00381	0.00636
15	0.01345	0.01266	0.02136	0.73264	0.04904	0.01582	0.01978	0.01819	0.01424	0.01819	0.01266	0.01898	0.00949	0.00712	0.00712	0.00237	0.00949	0.00633	0.00316	0.00791
16	0.02319	0.06297	0.02696	0.02311	0.11364	0.25201	0.14891	0.21213	0.02247	0.02705	0.01368	0.01588	0.01061	0.00722	0.00700	0.00205	0.01040	0.00606	0.00459	0.01006
17	0.01420	0.01331	0.02245	0.66531	0.04728	0.01620	0.05451	0.04628	0.01518	0.01956	0.01294	0.01892	0.00967	0.00712	0.00719	0.00236	0.00956	0.00644	0.00335	0.00818
18	0.01757	0.01742	0.02790	0.12980	0.55943	0.05679	0.04403	0.02179	0.01621	0.02227	0.01320	0.01758	0.01091	0.00649	0.00707	0.00214	0.00896	0.00631	0.00349	0.01062
19	0.69518	0.01400	0.01244	0.01270	0.07842	0.01583	0.00914	0.02159	0.01284	0.05933	0.01099	0.01266	0.00846	0.00668	0.00477	0.00220	0.00581	0.00423	0.00451	0.00823
20	0.01237	0.00618	0.00928	0.00928	0.00928	0.00618	0.00618	0.00928	0.00928	0.01237	0.01237	0.02165	0.01237	0.02474	0.02783	0.79283	0.00618	0.00618	0.00309	0.00309
21	0.02152	0.01624	0.01696	0.03823	0.01976	0.06804	0.01162	0.12748	0.37191	0.14654	0.04399	0.02555	0.04090	0.00949	0.00722	0.00229	0.00656	0.00769	0.00709	0.01092
22	0.02705	0.02027	0.04570	0.01624	0.02203	0.04335	0.01371	0.57631	0.03116	0.10547	0.01777	0.01755	0.01242	0.00847	0.00709	0.00214	0.00793	0.00638	0.00702	0.01193
23	0.01370	0.01315	0.02292	0.67938	0.04815	0.01599	0.06978	0.01854	0.01443	0.01854	0.01279	0.01900	0.00959	0.00703	0.00722	0.00238	0.00968	0.00649	0.00320	0.00804
24	0.01412	0.01198	0.01408	0.01048	0.01619	0.00910	0.00824	0.01709	0.01465	0.02267	0.01546	0.09171	0.01440	0.00707	0.00568	0.00125	0.00515	0.00591	0.00447	0.71031
25	0.74145	0.01424	0.01129	0.00990	0.01440	0.01644	0.00815	0.07101	0.01374	0.03293	0.01046	0.01199	0.00804	0.00676	0.00461	0.00220	0.00568	0.00405	0.00461	0.00804
26	0.01424	0.01203	0.01130	0.01059	0.01313	0.10853	0.00796	0.06083	0.01865	0.06908	0.18462	0.16270	0.26857	0.01523	0.00807	0.00234	0.00540	0.01284	0.00664	0.00727
27	0.01688	0.01722	0.03229	0.02579	0.08464	0.01785	0.36797	0.02121	0.01516	0.04489	0.01332	0.01789	0.01067	0.00773	0.01183	0.00243	0.19857	0.00724	0.00371	0.08271
28	0.00978	0.00830	0.01257	0.04075	0.01493	0.00772	0.08784	0.01188	0.01475	0.01902	0.04414	0.44420	0.21964	0.01857	0.00874	0.00268	0.00515	0.01684	0.00611	0.00639
29	0.01573	0.01304	0.01507	0.01116	0.01702	0.01065	0.00889	0.09178	0.01679	0.02529	0.01495	0.06423	0.01318	0.00679	0.00574	0.00130	0.00548	0.00554	0.00471	0.65266
30	0.01929	0.01561	0.01755	0.01353	0.01909	0.06190	0.04422	0.12120	0.10760	0.09284	0.01932	0.01984	0.04081	0.00737	0.00635	0.00168	0.00657	0.00601	0.00552	0.37371
31	0.01412	0.01089	0.01298	0.01070	0.01491	0.00942	0.00846	0.03677	0.06837	0.05393	0.18896	0.05855	0.06576	0.01043	0.00695	0.00182	0.00490	0.05526	0.00599	0.36083
32	0.04652	0.05108	0.04971	0.01209	0.03083	0.01177	0.00966	0.05438	0.13903	0.04929	0.22931	0.11823	0.10589	0.03162	0.00842	0.00246	0.00520	0.02969	0.00659	0.00824
33	0.07493	0.01358	0.04189	0.01293	0.01675	0.01384	0.01071	0.02760	0.36337	0.04660	0.06655	0.03800	0.08957	0.01169	0.00749	0.00245	0.00565	0.10771	0.00664	0.04204
34	0.02159	0.01976	0.13485	0.01786	0.02405	0.01710	0.11628	0.16358	0.21822	0.15834	0.02152	0.02119	0.01526	0.00824	0.00730	0.00229	0.00793	0.00715	0.00627	0.01122

[dist]
# distance from previous block
# <min> <max>
0	5

# created by:
# /st0/software/busco_prod/Augustus/scripts/msa2prfl.pl ./align_prep/158025.fa
