[name]
unknown

[dist]
# distance from previous block
# <min> <max>
1	15

[block]
# block no. 0 follows, 28 sequences, length 92
# corresponding to MSA columns:
# 15-106
name=unknown_A
#
# <colnr> <probs for GDERKNQSTAVLIFYWHMCP>
#	G	D	E	R	K	N	Q	S	T	A	V	L	I	F	Y	W	H	M	C	P
0	0.17018	0.01413	0.01718	0.09874	0.08494	0.01514	0.01251	0.16605	0.04023	0.13761	0.09401	0.05433	0.02110	0.00973	0.00707	0.00233	0.00673	0.03195	0.00624	0.00981
1	0.09238	0.01826	0.04893	0.01478	0.01985	0.04115	0.01251	0.40396	0.04685	0.05555	0.07508	0.02645	0.06543	0.01010	0.00730	0.00227	0.00725	0.03450	0.00676	0.01063
2	0.12380	0.01292	0.01700	0.26323	0.04815	0.01436	0.01347	0.09586	0.04803	0.07172	0.11223	0.07489	0.02194	0.00966	0.00714	0.00231	0.00704	0.00811	0.00542	0.04273
3	0.07068	0.01490	0.06613	0.20424	0.02682	0.01467	0.01409	0.08589	0.12952	0.13605	0.07190	0.02867	0.05928	0.00979	0.00737	0.00239	0.00719	0.03476	0.00600	0.00966
4	0.26897	0.01110	0.01189	0.01107	0.01451	0.01132	0.00892	0.04377	0.01607	0.12261	0.04810	0.15623	0.05467	0.01301	0.00720	0.00250	0.00557	0.12624	0.00622	0.06001
5	0.14113	0.08710	0.48163	0.01775	0.02655	0.01782	0.02132	0.02404	0.07423	0.02476	0.01381	0.01553	0.01015	0.00709	0.00639	0.00225	0.00925	0.00528	0.00369	0.01024
6	0.01025	0.00750	0.00992	0.01136	0.01270	0.00717	0.00906	0.01264	0.01571	0.02031	0.04413	0.31395	0.13859	0.02080	0.00956	0.00308	0.00538	0.33487	0.00672	0.00633
7	0.01458	0.03760	0.70688	0.02072	0.03146	0.01688	0.02686	0.02302	0.01535	0.02302	0.01304	0.01535	0.00921	0.00691	0.00691	0.00230	0.01074	0.00537	0.00307	0.01074
8	0.01709	0.01635	0.02787	0.18946	0.56142	0.01703	0.02186	0.02152	0.01612	0.02265	0.01351	0.01829	0.01113	0.00664	0.00721	0.00221	0.00886	0.00647	0.00352	0.01078
9	0.01139	0.00813	0.01134	0.01301	0.01454	0.00808	0.01115	0.01450	0.01641	0.02139	0.03867	0.15727	0.04255	0.02039	0.00995	0.00330	0.00641	0.57822	0.00670	0.00660
10	0.14507	0.01940	0.02011	0.01563	0.02125	0.02159	0.01291	0.57504	0.03084	0.04379	0.01633	0.01659	0.01168	0.00842	0.00685	0.00219	0.00764	0.00615	0.00685	0.01168
11	0.00996	0.00747	0.00931	0.00898	0.01084	0.00671	0.00665	0.01284	0.01888	0.02597	0.48126	0.13479	0.18165	0.01612	0.00855	0.00235	0.00363	0.01413	0.00750	0.03240
12	0.01549	0.17162	0.58086	0.01916	0.02905	0.01912	0.02414	0.02278	0.01524	0.02191	0.01249	0.01465	0.00923	0.00678	0.00648	0.00216	0.01018	0.00509	0.00308	0.01048
13	0.01711	0.01948	0.04219	0.03024	0.03735	0.01851	0.65041	0.02309	0.01695	0.02309	0.01453	0.01948	0.01098	0.00635	0.00910	0.00248	0.03675	0.00850	0.00366	0.00974
14	0.00891	0.00637	0.00848	0.01009	0.01055	0.00594	0.00675	0.01025	0.01416	0.01895	0.06436	0.71438	0.04884	0.02248	0.00925	0.00293	0.00419	0.02039	0.00679	0.00594
15	0.01769	0.01696	0.02896	0.09333	0.65286	0.01719	0.02216	0.02204	0.01641	0.02338	0.01362	0.01809	0.01138	0.00653	0.00720	0.00218	0.00871	0.00648	0.00357	0.01127
16	0.06495	0.01228	0.01639	0.01280	0.01822	0.01083	0.01060	0.03398	0.02027	0.64693	0.02827	0.02653	0.01853	0.00936	0.00730	0.00229	0.00618	0.03362	0.00871	0.01194
17	0.00963	0.00700	0.00890	0.00923	0.01043	0.00646	0.00651	0.01188	0.01708	0.02334	0.35093	0.30073	0.12071	0.07013	0.01086	0.00288	0.00399	0.01587	0.00717	0.00627
18	0.01799	0.01727	0.02950	0.04462	0.69919	0.01727	0.02231	0.02231	0.01655	0.02375	0.01367	0.01799	0.01151	0.00648	0.00720	0.00216	0.00864	0.00648	0.00360	0.01151
19	0.01458	0.03760	0.70688	0.02072	0.03146	0.01688	0.02686	0.02302	0.01535	0.02302	0.01304	0.01535	0.00921	0.00691	0.00691	0.00230	0.01074	0.00537	0.00307	0.01074
20	0.01716	0.01961	0.04289	0.03064	0.03799	0.01838	0.67279	0.02328	0.01716	0.02328	0.01471	0.01961	0.01103	0.00613	0.00858	0.00245	0.01225	0.00858	0.00368	0.00980
21	0.02607	0.01414	0.01693	0.01385	0.01880	0.01438	0.01115	0.09308	0.26990	0.37356	0.04850	0.02589	0.02061	0.00948	0.00738	0.00232	0.00610	0.00776	0.00822	0.01188
22	0.01943	0.74891	0.03809	0.01244	0.01866	0.02876	0.01244	0.02177	0.01477	0.01710	0.01011	0.01166	0.00933	0.00622	0.00466	0.00155	0.00777	0.00389	0.00311	0.00933
23	0.00959	0.00690	0.00923	0.01076	0.01161	0.00654	0.00789	0.01146	0.01496	0.01980	0.06847	0.53010	0.07049	0.02164	0.00941	0.00300	0.00476	0.17044	0.00679	0.00614
24	0.01478	0.06755	0.67871	0.02037	0.03092	0.01738	0.02625	0.02297	0.01532	0.02277	0.01292	0.01519	0.00921	0.00688	0.00681	0.00227	0.01062	0.00531	0.00307	0.01068
25	0.01018	0.00734	0.00962	0.00922	0.01083	0.00678	0.00685	0.01344	0.02005	0.02832	0.64390	0.10813	0.06698	0.01548	0.00863	0.00234	0.00349	0.01374	0.00790	0.00678
26	0.02715	0.03464	0.02060	0.01873	0.02247	0.71536	0.01404	0.02903	0.02060	0.01779	0.01124	0.01311	0.00936	0.00749	0.00655	0.00187	0.01311	0.00468	0.00375	0.00843
27	0.00886	0.00633	0.00843	0.01012	0.01054	0.00590	0.00675	0.01012	0.01392	0.01856	0.04006	0.73979	0.04808	0.02277	0.00928	0.00295	0.00422	0.02066	0.00675	0.00590
28	0.00893	0.00636	0.00841	0.01003	0.01043	0.00595	0.00665	0.01014	0.01377	0.01836	0.03932	0.70968	0.04714	0.05417	0.01048	0.00313	0.00434	0.02023	0.00665	0.00584
29	0.01745	0.01991	0.04057	0.02936	0.03605	0.04513	0.60089	0.02309	0.01686	0.02266	0.01421	0.01910	0.01086	0.00665	0.00959	0.00248	0.06361	0.00827	0.00364	0.00962
30	0.01943	0.74891	0.03809	0.01244	0.01866	0.02876	0.01244	0.02177	0.01477	0.01710	0.01011	0.01166	0.00933	0.00622	0.00466	0.00155	0.00777	0.00389	0.00311	0.00933
31	0.02763	0.02036	0.02182	0.01672	0.02254	0.02254	0.01382	0.67496	0.03418	0.04581	0.01745	0.01745	0.01236	0.00873	0.00727	0.00218	0.00800	0.00654	0.00727	0.01236
32	0.00886	0.00633	0.00843	0.01012	0.01054	0.00590	0.00675	0.01012	0.01392	0.01856	0.04006	0.73979	0.04808	0.02277	0.00928	0.00295	0.00422	0.02066	0.00675	0.00590
33	0.02539	0.03032	0.01983	0.01787	0.02177	0.54980	0.01354	0.05749	0.15195	0.02142	0.01510	0.01604	0.01201	0.00801	0.00675	0.00200	0.01145	0.00545	0.00461	0.00919
34	0.02715	0.03464	0.02060	0.01873	0.02247	0.71536	0.01404	0.02903	0.02060	0.01779	0.01124	0.01311	0.00936	0.00749	0.00655	0.00187	0.01311	0.00468	0.00375	0.00843
35	0.00865	0.00737	0.00745	0.00743	0.00986	0.00616	0.00557	0.01055	0.01672	0.01999	0.09687	0.06937	0.67279	0.01828	0.00859	0.00245	0.00367	0.01526	0.00680	0.00616
36	0.08301	0.01302	0.02082	0.66351	0.04688	0.01616	0.01910	0.01882	0.01434	0.01982	0.01267	0.01871	0.00953	0.00722	0.00702	0.00241	0.00933	0.00624	0.00334	0.00806
37	0.02014	0.01693	0.01728	0.01514	0.01948	0.05032	0.01187	0.11313	0.55500	0.05560	0.02728	0.02525	0.02029	0.00959	0.00734	0.00240	0.00637	0.00783	0.00727	0.01150
38	0.03261	0.01237	0.01687	0.01293	0.01856	0.01068	0.01068	0.03543	0.02081	0.70423	0.02868	0.02474	0.01799	0.00900	0.00731	0.00225	0.00619	0.00731	0.00900	0.01237
39	0.01842	0.01632	0.01659	0.01494	0.01903	0.04387	0.01160	0.03827	0.66145	0.02994	0.02891	0.02660	0.02171	0.00977	0.00737	0.00244	0.00602	0.00809	0.00726	0.01139
40	0.04822	0.01456	0.01611	0.01375	0.01800	0.01587	0.01090	0.13859	0.35003	0.13252	0.13287	0.02896	0.02683	0.01023	0.00745	0.00235	0.00581	0.00844	0.00761	0.01091
41	0.01373	0.01292	0.02180	0.72707	0.05006	0.01615	0.02019	0.01857	0.01453	0.01857	0.01292	0.01938	0.00969	0.00727	0.00727	0.00242	0.00969	0.00646	0.00323	0.00807
42	0.00886	0.00633	0.00843	0.01012	0.01054	0.00590	0.00675	0.01012	0.01392	0.01856	0.04006	0.73979	0.04808	0.02277	0.00928	0.00295	0.00422	0.02066	0.00675	0.00590
43	0.01589	0.21431	0.51548	0.01902	0.02851	0.01990	0.04721	0.02272	0.01527	0.02155	0.01237	0.01459	0.00931	0.00671	0.00641	0.00212	0.01006	0.00512	0.00310	0.01036
44	0.01451	0.01122	0.01124	0.01049	0.01329	0.06011	0.00793	0.09989	0.01891	0.08094	0.05055	0.20395	0.35609	0.01653	0.00832	0.00247	0.00526	0.01393	0.00679	0.00759
45	0.03261	0.01237	0.01687	0.01293	0.01856	0.01068	0.01068	0.03543	0.02081	0.70423	0.02868	0.02474	0.01799	0.00900	0.00731	0.00225	0.00619	0.00731	0.00900	0.01237
46	0.02755	0.01872	0.02058	0.01597	0.02161	0.02033	0.01313	0.52083	0.08987	0.14510	0.02024	0.01942	0.01409	0.00887	0.00729	0.00222	0.00752	0.00681	0.00755	0.01229
47	0.05388	0.01758	0.01784	0.01462	0.01952	0.08711	0.01174	0.23715	0.16862	0.20647	0.02598	0.02443	0.06304	0.00952	0.00723	0.00225	0.00717	0.00743	0.00725	0.01118
48	0.03240	0.01271	0.01708	0.01309	0.01872	0.01118	0.01082	0.06235	0.02137	0.67650	0.02820	0.02443	0.01776	0.00899	0.00731	0.00225	0.00626	0.00728	0.00892	0.01237
49	0.00886	0.00633	0.00843	0.01012	0.01054	0.00590	0.00675	0.01012	0.01392	0.01856	0.04006	0.73979	0.04808	0.02277	0.00928	0.00295	0.00422	0.02066	0.00675	0.00590
50	0.02028	0.02348	0.02525	0.02097	0.02364	0.27772	0.12991	0.02277	0.01568	0.01861	0.01107	0.01552	0.00974	0.00964	0.01479	0.00257	0.34031	0.00613	0.00348	0.00845
51	0.01943	0.74891	0.03809	0.01244	0.01866	0.02876	0.01244	0.02177	0.01477	0.01710	0.01011	0.01166	0.00933	0.00622	0.00466	0.00155	0.00777	0.00389	0.00311	0.00933
52	0.00886	0.00633	0.00843	0.01012	0.01054	0.00590	0.00675	0.01012	0.01392	0.01856	0.04006	0.73979	0.04808	0.02277	0.00928	0.00295	0.00422	0.02066	0.00675	0.00590
53	0.02787	0.01998	0.02158	0.01654	0.02235	0.02197	0.01367	0.64414	0.03353	0.07754	0.01799	0.01780	0.01263	0.00874	0.00727	0.00218	0.00791	0.00658	0.00735	0.01236
54	0.00898	0.00646	0.00852	0.00994	0.01055	0.00600	0.00672	0.01047	0.01463	0.01959	0.10278	0.65356	0.07107	0.02189	0.00919	0.00287	0.00413	0.01978	0.00687	0.00600
55	0.01373	0.01292	0.02180	0.72707	0.05006	0.01615	0.02019	0.01857	0.01453	0.01857	0.01292	0.01938	0.00969	0.00727	0.00727	0.00242	0.00969	0.00646	0.00323	0.00807
56	0.01619	0.01358	0.01567	0.01129	0.01770	0.01083	0.00907	0.07647	0.01677	0.02565	0.01332	0.01528	0.01091	0.00568	0.00555	0.00117	0.00561	0.00450	0.00457	0.72019
57	0.01666	0.01773	0.03587	0.02700	0.06023	0.01657	0.49954	0.04636	0.01730	0.02378	0.01685	0.08282	0.01436	0.00764	0.00823	0.00234	0.01059	0.00908	0.00414	0.08291
58	0.72410	0.01390	0.01127	0.00988	0.01448	0.01578	0.00814	0.02269	0.01316	0.09578	0.01187	0.01302	0.00882	0.00696	0.00476	0.00225	0.00568	0.00425	0.00492	0.00830
59	0.01992	0.01811	0.02710	0.06754	0.50536	0.04992	0.02012	0.11195	0.01902	0.04646	0.01436	0.01789	0.01158	0.00714	0.00771	0.00220	0.03170	0.00642	0.00424	0.01125
60	0.01737	0.01788	0.05763	0.08996	0.54152	0.01704	0.08309	0.02204	0.01637	0.02330	0.01367	0.01804	0.01122	0.00648	0.00726	0.00218	0.00903	0.00656	0.00358	0.03579
61	0.01114	0.00818	0.01092	0.01229	0.01410	0.00796	0.01058	0.01422	0.01670	0.02137	0.04491	0.07980	0.16134	0.01978	0.00978	0.00318	0.00614	0.53432	0.00670	0.00659
62	0.00886	0.00633	0.00843	0.01012	0.01054	0.00590	0.00675	0.01012	0.01392	0.01856	0.04006	0.73979	0.04808	0.02277	0.00928	0.00295	0.00422	0.02066	0.00675	0.00590
63	0.01029	0.00743	0.00972	0.00914	0.01086	0.00686	0.00686	0.01372	0.02058	0.02915	0.69536	0.05430	0.06859	0.01486	0.00857	0.00229	0.00343	0.01315	0.00800	0.00686
64	0.01507	0.01292	0.01507	0.01077	0.01723	0.00969	0.00861	0.01830	0.01507	0.02369	0.01292	0.01507	0.01077	0.00538	0.00538	0.00108	0.00538	0.00431	0.00431	0.78898
65	0.00886	0.00633	0.00843	0.01012	0.01054	0.00590	0.00675	0.01012	0.01392	0.01856	0.04006	0.73979	0.04808	0.02277	0.00928	0.00295	0.00422	0.02066	0.00675	0.00590
66	0.01808	0.01561	0.01644	0.01479	0.01890	0.01808	0.01151	0.03863	0.68606	0.03041	0.02959	0.02712	0.02219	0.00986	0.00740	0.00247	0.00575	0.00822	0.00740	0.01151
67	0.03261	0.01237	0.01687	0.01293	0.01856	0.01068	0.01068	0.03543	0.02081	0.70423	0.02868	0.02474	0.01799	0.00900	0.00731	0.00225	0.00619	0.00731	0.00900	0.01237
68	0.02763	0.02036	0.02182	0.01672	0.02254	0.02254	0.01382	0.67496	0.03418	0.04581	0.01745	0.01745	0.01236	0.00873	0.00727	0.00218	0.00800	0.00654	0.00727	0.01236
69	0.00886	0.00633	0.00843	0.01012	0.01054	0.00590	0.00675	0.01012	0.01392	0.01856	0.04006	0.73979	0.04808	0.02277	0.00928	0.00295	0.00422	0.02066	0.00675	0.00590
70	0.01038	0.00779	0.01168	0.01168	0.01298	0.00909	0.00909	0.01298	0.01168	0.01687	0.01947	0.02856	0.01817	0.05452	0.71573	0.01168	0.01947	0.00779	0.00389	0.00649
71	0.01029	0.00743	0.00972	0.00914	0.01086	0.00686	0.00686	0.01372	0.02058	0.02915	0.69536	0.05430	0.06859	0.01486	0.00857	0.00229	0.00343	0.01315	0.00800	0.00686
72	0.01507	0.01292	0.01507	0.01077	0.01723	0.00969	0.00861	0.01830	0.01507	0.02369	0.01292	0.01507	0.01077	0.00538	0.00538	0.00108	0.00538	0.00431	0.00431	0.78898
73	0.65649	0.01375	0.01181	0.01018	0.01488	0.01528	0.00839	0.02393	0.01391	0.15527	0.01351	0.01417	0.00972	0.00716	0.00501	0.00225	0.00573	0.00455	0.00532	0.00869
74	0.01758	0.01521	0.01679	0.04218	0.04289	0.01749	0.01200	0.03624	0.60921	0.02968	0.05738	0.02770	0.02338	0.00987	0.00744	0.00245	0.00590	0.00831	0.00714	0.01118
75	0.00886	0.00633	0.00843	0.01012	0.01054	0.00590	0.00675	0.01012	0.01392	0.01856	0.04006	0.73979	0.04808	0.02277	0.00928	0.00295	0.00422	0.02066	0.00675	0.00590
76	0.01864	0.56336	0.03579	0.01508	0.02033	0.02679	0.06782	0.02116	0.01435	0.01768	0.01039	0.01304	0.00951	0.00732	0.00826	0.00191	0.13156	0.00470	0.00317	0.00913
77	0.01822	0.57053	0.20580	0.01451	0.02187	0.02578	0.01605	0.02208	0.01491	0.01859	0.01084	0.01258	0.00930	0.00639	0.00523	0.00174	0.00852	0.00426	0.00310	0.00968
78	0.02953	0.01415	0.01769	0.01359	0.01925	0.01328	0.01117	0.16138	0.05198	0.48740	0.02518	0.02259	0.01646	0.00868	0.00715	0.00215	0.00646	0.00695	0.00819	0.07676
79	0.04704	0.46064	0.08377	0.01494	0.02039	0.02500	0.04256	0.02288	0.07744	0.01970	0.01228	0.01436	0.01058	0.00757	0.00804	0.00200	0.11283	0.00497	0.00360	0.00941
80	0.01755	0.01719	0.02913	0.03896	0.52808	0.01826	0.06728	0.02150	0.01560	0.02257	0.01299	0.01772	0.01112	0.00759	0.01034	0.00237	0.14086	0.00660	0.00353	0.01074
81	0.01029	0.00743	0.00972	0.00914	0.01086	0.00686	0.00686	0.01372	0.02058	0.02915	0.69536	0.05430	0.06859	0.01486	0.00857	0.00229	0.00343	0.01315	0.00800	0.00686
82	0.00886	0.00633	0.00843	0.01012	0.01054	0.00590	0.00675	0.01012	0.01392	0.01856	0.04006	0.73979	0.04808	0.02277	0.00928	0.00295	0.00422	0.02066	0.00675	0.00590
83	0.01013	0.00742	0.00950	0.00898	0.01076	0.00679	0.00673	0.01341	0.02020	0.02825	0.63689	0.05577	0.12762	0.01519	0.00858	0.00230	0.00345	0.01335	0.00788	0.00679
84	0.01943	0.74891	0.03809	0.01244	0.01866	0.02876	0.01244	0.02177	0.01477	0.01710	0.01011	0.01166	0.00933	0.00622	0.00466	0.00155	0.00777	0.00389	0.00311	0.00933
85	0.00972	0.00741	0.00893	0.00855	0.01051	0.00662	0.00641	0.01262	0.01924	0.02598	0.48799	0.05952	0.27794	0.01604	0.00858	0.00234	0.00351	0.01388	0.00758	0.00662
86	0.74012	0.01574	0.06038	0.01036	0.01530	0.01635	0.00923	0.02149	0.01258	0.03193	0.01033	0.01206	0.00797	0.00676	0.00467	0.00225	0.00599	0.00404	0.00440	0.00808
87	0.01752	0.01503	0.01596	0.01439	0.01833	0.01728	0.01117	0.03685	0.63856	0.03032	0.07711	0.02906	0.02550	0.01022	0.00748	0.00245	0.00559	0.00857	0.00744	0.01117
88	0.73969	0.01358	0.01045	0.00940	0.01375	0.01558	0.00770	0.02059	0.01267	0.03169	0.01466	0.01596	0.05701	0.00758	0.00479	0.00226	0.00548	0.00475	0.00466	0.00775
89	0.01093	0.00847	0.01295	0.01403	0.06196	0.00967	0.01003	0.01365	0.01203	0.01736	0.01906	0.02780	0.01770	0.05109	0.66516	0.01100	0.01870	0.00769	0.00387	0.00685
90	0.01055	0.00707	0.00806	0.00801	0.00814	0.00703	0.00458	0.01080	0.01128	0.01517	0.07090	0.04805	0.02944	0.69245	0.03497	0.00671	0.00679	0.01075	0.00466	0.00458
91	0.00930	0.00736	0.00819	0.00800	0.01003	0.00644	0.00589	0.01154	0.01747	0.02241	0.27704	0.06314	0.43943	0.06906	0.01061	0.00273	0.00384	0.01427	0.00700	0.00625

[dist]
# distance from previous block
# <min> <max>
0	9

[block]
# block no. 1 follows, 28 sequences, length 10
# corresponding to MSA columns:
# 116-125
name=unknown_B
#
# <colnr> <probs for GDERKNQSTAVLIFYWHMCP>
#	G	D	E	R	K	N	Q	S	T	A	V	L	I	F	Y	W	H	M	C	P
0	0.01458	0.03760	0.70688	0.02072	0.03146	0.01688	0.02686	0.02302	0.01535	0.02302	0.01304	0.01535	0.00921	0.00691	0.00691	0.00230	0.01074	0.00537	0.00307	0.01074
1	0.01670	0.01595	0.02717	0.25121	0.50269	0.01693	0.02167	0.02118	0.01594	0.02218	0.01345	0.01841	0.01096	0.00672	0.00722	0.00224	0.00895	0.00647	0.00349	0.01047
2	0.01849	0.01612	0.01636	0.01380	0.01865	0.06871	0.01079	0.03160	0.40310	0.05656	0.02309	0.02230	0.01757	0.00829	0.00672	0.00199	0.00622	0.00672	0.00625	0.24666
3	0.01639	0.01632	0.01440	0.01500	0.01730	0.22238	0.01242	0.01929	0.01790	0.02055	0.03024	0.06114	0.03200	0.01627	0.00898	0.00290	0.00864	0.45484	0.00580	0.00722
4	0.01912	0.11209	0.07330	0.02268	0.22488	0.01593	0.01513	0.04258	0.07116	0.11892	0.03718	0.05234	0.01603	0.00797	0.00671	0.00198	0.00718	0.00679	0.00505	0.14296
5	0.01630	0.11878	0.33629	0.02397	0.03268	0.01902	0.30420	0.02298	0.01606	0.02239	0.01340	0.01673	0.01001	0.00648	0.00735	0.00227	0.01102	0.00657	0.00334	0.01016
6	0.69709	0.01384	0.01148	0.01000	0.01464	0.01558	0.00824	0.02319	0.01346	0.11955	0.01252	0.01348	0.00918	0.00704	0.00486	0.00225	0.00570	0.00437	0.00508	0.00845
7	0.02091	0.01821	0.02718	0.03617	0.49436	0.01887	0.01974	0.21988	0.02189	0.03043	0.01482	0.01783	0.01177	0.00716	0.00722	0.00217	0.00844	0.00650	0.00471	0.01177
8	0.01811	0.52611	0.03112	0.01193	0.01822	0.02299	0.01128	0.02072	0.01486	0.01910	0.01096	0.01269	0.00976	0.00597	0.00488	0.00141	0.00705	0.00401	0.00347	0.24534
9	0.01271	0.01016	0.01312	0.01262	0.01477	0.01181	0.00982	0.02074	0.21583	0.02097	0.02253	0.02812	0.01939	0.04100	0.50131	0.00889	0.01532	0.00792	0.00495	0.00801

[dist]
# distance from previous block
# <min> <max>
0	1

[block]
# block no. 2 follows, 28 sequences, length 13
# corresponding to MSA columns:
# 127-139
name=unknown_C
#
# <colnr> <probs for GDERKNQSTAVLIFYWHMCP>
#	G	D	E	R	K	N	Q	S	T	A	V	L	I	F	Y	W	H	M	C	P
0	0.01974	0.07318	0.30054	0.02149	0.02888	0.26126	0.14752	0.02509	0.01750	0.02092	0.01257	0.01519	0.00962	0.00692	0.00698	0.00214	0.01169	0.00567	0.00343	0.00967
1	0.01521	0.01444	0.02449	0.48924	0.27628	0.01654	0.02093	0.01987	0.01524	0.02038	0.01318	0.01890	0.01033	0.00699	0.00724	0.00233	0.00932	0.00647	0.00336	0.00927
2	0.01651	0.01575	0.02682	0.28245	0.47298	0.01688	0.02157	0.02101	0.01585	0.02194	0.01341	0.01847	0.01088	0.00675	0.00722	0.00225	0.00900	0.00647	0.00347	0.01032
3	0.00913	0.00783	0.00788	0.00778	0.01033	0.00681	0.00586	0.01203	0.05449	0.02025	0.07114	0.06753	0.65806	0.01793	0.00852	0.00246	0.00380	0.01494	0.00679	0.00644
4	0.02612	0.03129	0.02033	0.01810	0.02190	0.58292	0.01378	0.10326	0.02168	0.02111	0.01413	0.01575	0.03426	0.00822	0.00737	0.00198	0.03941	0.00534	0.00424	0.00879
5	0.01540	0.01122	0.01310	0.01242	0.01472	0.01170	0.00921	0.24181	0.02098	0.02805	0.03218	0.48806	0.03563	0.01788	0.00858	0.00268	0.00554	0.01574	0.00693	0.00815
6	0.00936	0.00671	0.00888	0.00978	0.01065	0.00624	0.00679	0.01137	0.01624	0.02225	0.26843	0.50090	0.05522	0.02002	0.00903	0.00272	0.00394	0.01804	0.00718	0.00624
7	0.01626	0.01550	0.02637	0.32231	0.43506	0.01681	0.02145	0.02079	0.01573	0.02164	0.01337	0.01856	0.01077	0.00680	0.00723	0.00227	0.00906	0.00647	0.00345	0.01011
8	0.02430	0.01871	0.01994	0.01605	0.02127	0.02099	0.01301	0.45320	0.26135	0.04044	0.02168	0.02082	0.01579	0.00912	0.00732	0.00228	0.00722	0.00713	0.00732	0.01206
9	0.02732	0.02967	0.02102	0.01803	0.02250	0.47391	0.01397	0.25413	0.02533	0.02756	0.01340	0.01462	0.01041	0.00792	0.00680	0.00198	0.01133	0.00533	0.00497	0.00980
10	0.01333	0.01110	0.01673	0.02187	0.25024	0.01160	0.01199	0.01540	0.01289	0.01813	0.01850	0.03237	0.01898	0.32602	0.15660	0.00608	0.03833	0.00844	0.00398	0.00742
11	0.01471	0.33755	0.17120	0.01341	0.01858	0.01825	0.01355	0.01798	0.01460	0.01888	0.02118	0.26620	0.02281	0.01214	0.00675	0.00220	0.00717	0.01005	0.00437	0.00844
12	0.02064	0.02485	0.03512	0.02649	0.03258	0.26127	0.44322	0.02529	0.01836	0.02137	0.01350	0.01734	0.01045	0.00660	0.00787	0.00225	0.01255	0.00722	0.00370	0.00932

[dist]
# distance from previous block
# <min> <max>
0	8

[block]
# block no. 3 follows, 28 sequences, length 6
# corresponding to MSA columns:
# 148-153
name=unknown_D
#
# <colnr> <probs for GDERKNQSTAVLIFYWHMCP>
#	G	D	E	R	K	N	Q	S	T	A	V	L	I	F	Y	W	H	M	C	P
0	0.00886	0.00633	0.00843	0.01012	0.01054	0.00590	0.00675	0.01012	0.01392	0.01856	0.04006	0.73979	0.04808	0.02277	0.00928	0.00295	0.00422	0.02066	0.00675	0.00590
1	0.01012	0.00692	0.00853	0.00873	0.00974	0.00643	0.00596	0.01083	0.01435	0.01886	0.16462	0.17780	0.19993	0.15110	0.01777	0.15900	0.00486	0.01326	0.00585	0.00533
2	0.01775	0.13723	0.47676	0.01916	0.02788	0.15686	0.02229	0.02403	0.01631	0.02115	0.01227	0.01438	0.00926	0.00693	0.00652	0.00211	0.01079	0.00503	0.00321	0.01008
3	0.01141	0.12134	0.01383	0.00985	0.01200	0.01004	0.00770	0.01424	0.01836	0.02520	0.46012	0.18347	0.05540	0.01510	0.00811	0.00231	0.00425	0.01321	0.00700	0.00705
4	0.02642	0.01533	0.01575	0.01331	0.01725	0.14914	0.01034	0.02799	0.01843	0.40309	0.02373	0.08330	0.01804	0.01238	0.01058	0.12326	0.00741	0.00778	0.00687	0.00962
5	0.02461	0.01417	0.01675	0.01386	0.01842	0.01455	0.01105	0.19615	0.16356	0.28771	0.02774	0.13344	0.02207	0.01123	0.00762	0.00239	0.00626	0.00936	0.00787	0.01119

[dist]
# distance from previous block
# <min> <max>
7	13

[block]
# block no. 4 follows, 28 sequences, length 13
# corresponding to MSA columns:
# 168-180
name=unknown_E
#
# <colnr> <probs for GDERKNQSTAVLIFYWHMCP>
#	G	D	E	R	K	N	Q	S	T	A	V	L	I	F	Y	W	H	M	C	P
0	0.00911	0.00715	0.00825	0.00848	0.01027	0.00628	0.00617	0.01126	0.01706	0.02199	0.23579	0.21837	0.37707	0.01843	0.00874	0.00252	0.00373	0.01596	0.00709	0.00628
1	0.00975	0.01025	0.09318	0.01163	0.01339	0.00741	0.00953	0.01203	0.01429	0.01932	0.03668	0.60580	0.04293	0.02066	0.00904	0.00290	0.00518	0.06316	0.00630	0.00655
2	0.01668	0.01808	0.03655	0.02611	0.03326	0.01640	0.52140	0.02215	0.01668	0.02338	0.01430	0.01857	0.01097	0.00596	0.00785	0.00214	0.01069	0.00760	0.00382	0.18741
3	0.02438	0.01207	0.01813	0.01461	0.01913	0.01096	0.09008	0.05509	0.01923	0.41315	0.02944	0.18881	0.02460	0.01217	0.00801	0.00247	0.00657	0.03304	0.00769	0.01039
4	0.01780	0.01780	0.03256	0.04143	0.54848	0.01752	0.17058	0.02253	0.01669	0.02364	0.01391	0.01836	0.01140	0.00640	0.00751	0.00223	0.00946	0.00696	0.00362	0.01112
5	0.00996	0.01037	0.09320	0.01130	0.01314	0.00753	0.00926	0.01233	0.01469	0.02005	0.10491	0.49993	0.04373	0.07072	0.01090	0.00311	0.00524	0.04684	0.00627	0.00652
6	0.01560	0.01444	0.02425	0.14265	0.44238	0.01523	0.01897	0.01960	0.01513	0.02138	0.01488	0.02061	0.01275	0.01755	0.16872	0.00437	0.01127	0.00677	0.00361	0.00984
7	0.11158	0.01840	0.03594	0.03127	0.18581	0.01788	0.44406	0.02283	0.01644	0.02452	0.01392	0.01830	0.01076	0.00628	0.00777	0.00236	0.01063	0.00754	0.00376	0.00996
8	0.01124	0.00909	0.01220	0.01255	0.01312	0.01032	0.00932	0.03478	0.01411	0.01940	0.03226	0.51816	0.03777	0.01987	0.01257	0.00300	0.17019	0.04748	0.00595	0.00663
9	0.04381	0.02076	0.17760	0.01752	0.02424	0.01621	0.09013	0.12616	0.14036	0.23508	0.02153	0.02102	0.01485	0.00825	0.00730	0.00231	0.00809	0.00697	0.00638	0.01143
10	0.02005	0.01374	0.01787	0.09916	0.02270	0.01222	0.03323	0.08565	0.01818	0.17489	0.01688	0.01810	0.01239	0.00675	0.00632	0.00165	0.00656	0.00559	0.00547	0.42257
11	0.02356	0.01319	0.01704	0.01623	0.09908	0.01286	0.01111	0.12739	0.05589	0.29849	0.02322	0.02774	0.01820	0.17622	0.01399	0.00329	0.00691	0.00776	0.00676	0.04107
12	0.02085	0.01769	0.02330	0.02334	0.17666	0.03607	0.07858	0.18354	0.22216	0.05769	0.01993	0.02070	0.01503	0.00805	0.00727	0.00220	0.00776	0.00705	0.00589	0.06626

[dist]
# distance from previous block
# <min> <max>
0	30

# created by:
# /st0/software/busco_prod/Augustus/scripts/msa2prfl.pl ./align_prep/158190.fa
