[name]
unknown

[dist]
# distance from previous block
# <min> <max>
0	4

[block]
# block no. 0 follows, 29 sequences, length 58
# corresponding to MSA columns:
# 4-61
name=unknown_A
#
# <colnr> <probs for GDERKNQSTAVLIFYWHMCP>
#	G	D	E	R	K	N	Q	S	T	A	V	L	I	F	Y	W	H	M	C	P
0	0.01173	0.00854	0.01173	0.01292	0.01492	0.00830	0.01124	0.01500	0.01627	0.02146	0.03577	0.07527	0.03863	0.01856	0.00948	0.00311	0.00646	0.60704	0.00638	0.06722
1	0.05964	0.40097	0.26386	0.01520	0.02254	0.06691	0.01679	0.02261	0.01509	0.04235	0.01155	0.01317	0.00930	0.00652	0.00551	0.00185	0.00877	0.00446	0.00333	0.00958
2	0.02456	0.01715	0.01926	0.01503	0.02029	0.01835	0.01231	0.39628	0.10848	0.13454	0.01919	0.01892	0.01375	0.00853	0.00775	0.00210	0.04409	0.00644	0.00683	0.10616
3	0.01630	0.08830	0.48888	0.02095	0.08702	0.07166	0.02252	0.05198	0.01652	0.02301	0.03972	0.01640	0.01166	0.00711	0.00667	0.00215	0.00990	0.00554	0.00348	0.01023
4	0.01261	0.00936	0.01329	0.04398	0.10789	0.00937	0.01071	0.01642	0.06894	0.05732	0.05285	0.37376	0.03662	0.01709	0.00861	0.00275	0.00559	0.13903	0.00625	0.00756
5	0.01026	0.00738	0.00900	0.00858	0.01057	0.00659	0.00644	0.01304	0.01871	0.04851	0.45943	0.08179	0.26203	0.01572	0.00839	0.00231	0.00356	0.01361	0.00745	0.00665
6	0.01133	0.00825	0.01021	0.01019	0.01192	0.00813	0.00753	0.01622	0.11073	0.04256	0.32052	0.24230	0.07963	0.04162	0.00943	0.00267	0.00426	0.04820	0.00720	0.00711
7	0.01558	0.01558	0.02181	0.01869	0.01869	0.02181	0.01558	0.01714	0.01091	0.01714	0.00935	0.01558	0.00935	0.01246	0.02337	0.00312	0.73672	0.00623	0.00312	0.00779
8	0.02104	0.05029	0.15105	0.01909	0.07531	0.20098	0.01599	0.14310	0.20022	0.02691	0.01734	0.01798	0.01317	0.00794	0.00681	0.00213	0.00909	0.00606	0.00507	0.01042
9	0.80005	0.01377	0.01047	0.00936	0.01377	0.01597	0.00771	0.02093	0.01212	0.03195	0.00991	0.01157	0.00771	0.00661	0.00441	0.00220	0.00551	0.00386	0.00441	0.00771
10	0.80005	0.01377	0.01047	0.00936	0.01377	0.01597	0.00771	0.02093	0.01212	0.03195	0.00991	0.01157	0.00771	0.00661	0.00441	0.00220	0.00551	0.00386	0.00441	0.00771
11	0.01327	0.00664	0.00664	0.00664	0.00830	0.00664	0.00498	0.01659	0.01493	0.02655	0.02323	0.02655	0.01825	0.00830	0.00498	0.00166	0.00332	0.00664	0.78928	0.00664
12	0.01558	0.01558	0.02181	0.01869	0.01869	0.02181	0.01558	0.01714	0.01091	0.01714	0.00935	0.01558	0.00935	0.01246	0.02337	0.00312	0.73672	0.00623	0.00312	0.00779
13	0.01327	0.00664	0.00664	0.00664	0.00830	0.00664	0.00498	0.01659	0.01493	0.02655	0.02323	0.02655	0.01825	0.00830	0.00498	0.00166	0.00332	0.00664	0.78928	0.00664
14	0.17398	0.01516	0.02320	0.21876	0.39281	0.01644	0.01846	0.02070	0.01487	0.02367	0.01250	0.01676	0.01009	0.00660	0.00654	0.00220	0.00814	0.00584	0.00361	0.00967
15	0.01793	0.01723	0.02405	0.31943	0.28784	0.08726	0.01921	0.09946	0.01785	0.02318	0.01329	0.01764	0.01044	0.00702	0.00702	0.00220	0.00924	0.00617	0.00382	0.00970
16	0.00986	0.00727	0.00921	0.00873	0.01050	0.00662	0.00654	0.01301	0.01963	0.02731	0.61780	0.05523	0.15174	0.01502	0.00840	0.00226	0.00339	0.01316	0.00768	0.00662
17	0.01409	0.01331	0.02252	0.62634	0.15030	0.01599	0.02010	0.01876	0.01454	0.01898	0.01277	0.01877	0.00977	0.00700	0.00711	0.00233	0.00933	0.00633	0.00322	0.00843
18	0.01237	0.00618	0.00928	0.00928	0.00928	0.00618	0.00618	0.00928	0.00928	0.01237	0.01237	0.02165	0.01237	0.02474	0.02783	0.79283	0.00618	0.00618	0.00309	0.00309
19	0.01505	0.01537	0.04982	0.42212	0.24285	0.01659	0.06444	0.01971	0.01488	0.02013	0.01285	0.01830	0.01009	0.00704	0.00789	0.00233	0.04171	0.00643	0.00329	0.00912
20	0.01094	0.00747	0.00979	0.00910	0.01093	0.00687	0.00687	0.01427	0.02017	0.05533	0.67512	0.05205	0.06524	0.01433	0.00835	0.00224	0.00347	0.01265	0.00788	0.00693
21	0.01382	0.01755	0.15395	0.11724	0.13780	0.01400	0.15341	0.01869	0.01526	0.02139	0.07259	0.08144	0.01897	0.01538	0.11305	0.00369	0.01051	0.00842	0.00404	0.00880
22	0.03162	0.01264	0.01685	0.01292	0.01844	0.01124	0.01067	0.07808	0.02126	0.66564	0.02735	0.02376	0.01726	0.00880	0.00716	0.00220	0.00618	0.00711	0.00870	0.01212
23	0.01667	0.01311	0.01531	0.01107	0.01730	0.01039	0.00890	0.06300	0.01636	0.06813	0.01393	0.01552	0.01110	0.00571	0.00552	0.00120	0.00549	0.00455	0.00470	0.69203
24	0.02253	0.01692	0.01943	0.08946	0.07568	0.05309	0.01349	0.22950	0.20150	0.13182	0.02059	0.02055	0.01492	0.00833	0.00702	0.00217	0.00732	0.00673	0.00640	0.05253
25	0.06542	0.02022	0.02078	0.04022	0.04567	0.07631	0.01366	0.52856	0.05457	0.03989	0.01642	0.01691	0.01190	0.00827	0.00693	0.00213	0.00810	0.00619	0.00647	0.01139
26	0.00966	0.00714	0.00902	0.00882	0.01045	0.00650	0.00651	0.01253	0.01878	0.02590	0.52730	0.13978	0.15918	0.01602	0.00849	0.00234	0.00349	0.01409	0.00751	0.00650
27	0.00999	0.00832	0.03534	0.00923	0.01126	0.00696	0.00730	0.01327	0.01925	0.02685	0.57725	0.08328	0.13502	0.01499	0.00837	0.00229	0.00369	0.01315	0.00747	0.00674
28	0.02858	0.01171	0.01567	0.01232	0.01729	0.01040	0.01006	0.03233	0.05591	0.59280	0.10862	0.02782	0.02377	0.00954	0.00731	0.00222	0.00571	0.00789	0.00861	0.01143
29	0.01237	0.00618	0.00928	0.00928	0.00928	0.00618	0.00618	0.00928	0.00928	0.01237	0.01237	0.02165	0.01237	0.02474	0.02783	0.79283	0.00618	0.00618	0.00309	0.00309
30	0.02083	0.29433	0.03024	0.05880	0.13459	0.11229	0.07467	0.15011	0.01936	0.02396	0.01255	0.01481	0.01023	0.00681	0.00618	0.00190	0.00896	0.00537	0.00405	0.00993
31	0.01327	0.00664	0.00664	0.00664	0.00830	0.00664	0.00498	0.01659	0.01493	0.02655	0.02323	0.02655	0.01825	0.00830	0.00498	0.00166	0.00332	0.00664	0.78928	0.00664
32	0.02627	0.06495	0.02092	0.01808	0.02185	0.69132	0.01369	0.02813	0.01993	0.01740	0.01096	0.01278	0.00917	0.00728	0.00634	0.00182	0.01262	0.00455	0.00364	0.00829
33	0.01327	0.00664	0.00664	0.00664	0.00830	0.00664	0.00498	0.01659	0.01493	0.02655	0.02323	0.02655	0.01825	0.00830	0.00498	0.00166	0.00332	0.00664	0.78928	0.00664
34	0.02615	0.01949	0.02085	0.01620	0.02173	0.02165	0.01331	0.61807	0.09850	0.04339	0.01827	0.01803	0.01306	0.00866	0.00714	0.00216	0.00762	0.00657	0.00714	0.01203
35	0.02097	0.47986	0.03048	0.01401	0.01932	0.18420	0.01251	0.05422	0.08799	0.01954	0.01248	0.01359	0.01061	0.00686	0.00539	0.00172	0.00860	0.00455	0.00381	0.00929
36	0.01327	0.00664	0.00664	0.00664	0.00830	0.00664	0.00498	0.01659	0.01493	0.02655	0.02323	0.02655	0.01825	0.00830	0.00498	0.00166	0.00332	0.00664	0.78928	0.00664
37	0.02440	0.01828	0.01907	0.01514	0.01984	0.05781	0.01217	0.50886	0.02844	0.06298	0.01785	0.02090	0.01395	0.08874	0.05564	0.00321	0.00866	0.00683	0.00649	0.01072
38	0.01147	0.00820	0.01147	0.01311	0.01475	0.00820	0.01147	0.01475	0.01639	0.02131	0.03770	0.08032	0.04098	0.01967	0.00984	0.00328	0.00656	0.65741	0.00656	0.00656
39	0.01345	0.01266	0.02136	0.73264	0.04904	0.01582	0.01978	0.01819	0.01424	0.01819	0.01266	0.01898	0.00949	0.00712	0.00712	0.00237	0.00949	0.00633	0.00316	0.00791
40	0.47119	0.01353	0.01431	0.12869	0.04035	0.01504	0.01081	0.04311	0.01489	0.16730	0.01436	0.01568	0.01024	0.00719	0.00556	0.00223	0.00642	0.00507	0.00515	0.00887
41	0.02660	0.03394	0.02018	0.01834	0.02201	0.72116	0.01376	0.02843	0.02018	0.01743	0.01101	0.01284	0.00917	0.00734	0.00642	0.00183	0.01284	0.00459	0.00367	0.00825
42	0.01610	0.01230	0.01369	0.01230	0.01571	0.01332	0.00954	0.02898	0.40901	0.08313	0.20233	0.03682	0.09329	0.01157	0.00763	0.00235	0.00492	0.00982	0.00746	0.00972
43	0.01607	0.01639	0.02174	0.01868	0.01884	0.05290	0.01550	0.01764	0.01132	0.01715	0.00942	0.01546	0.00934	0.01224	0.02261	0.00306	0.70454	0.00616	0.00314	0.00781
44	0.01036	0.00690	0.00777	0.00777	0.00777	0.00690	0.00431	0.01036	0.01036	0.01381	0.02244	0.04660	0.02589	0.74975	0.03624	0.00690	0.00690	0.01036	0.00431	0.00431
45	0.00858	0.00722	0.00744	0.00738	0.00972	0.00608	0.00554	0.01053	0.01661	0.02014	0.13341	0.06703	0.64060	0.01770	0.00841	0.00239	0.00358	0.01482	0.00673	0.00608
46	0.01119	0.00752	0.00987	0.00915	0.01102	0.00691	0.00691	0.01452	0.02017	0.06324	0.66731	0.05172	0.06467	0.01426	0.00834	0.00224	0.00350	0.01259	0.00789	0.00699
47	0.01477	0.01266	0.01477	0.01055	0.01687	0.00949	0.00844	0.01793	0.01477	0.02320	0.01266	0.01477	0.01055	0.00527	0.00527	0.00105	0.00527	0.00422	0.00422	0.79328
48	0.02701	0.01760	0.01991	0.01547	0.02070	0.01902	0.01273	0.48969	0.02898	0.18708	0.01986	0.04249	0.01433	0.00923	0.00792	0.00222	0.03973	0.00702	0.00729	0.01171
49	0.07288	0.08866	0.36762	0.02012	0.08716	0.07282	0.02016	0.14301	0.01865	0.02647	0.01305	0.01494	0.00972	0.00703	0.00649	0.00213	0.00944	0.00530	0.00396	0.01040
50	0.01675	0.09999	0.02486	0.37469	0.10875	0.12840	0.06864	0.02073	0.01572	0.01897	0.01357	0.02016	0.01130	0.00751	0.00695	0.00221	0.00974	0.03906	0.00348	0.00852
51	0.01036	0.00690	0.00777	0.00777	0.00777	0.00690	0.00431	0.01036	0.01036	0.01381	0.02244	0.04660	0.02589	0.74975	0.03624	0.00690	0.00690	0.01036	0.00431	0.00431
52	0.01461	0.03383	0.61258	0.02178	0.07623	0.01697	0.02518	0.02209	0.01480	0.02218	0.01256	0.01525	0.00920	0.00718	0.00806	0.00231	0.06637	0.00541	0.00305	0.01036
53	0.00866	0.00624	0.00822	0.00979	0.01030	0.00579	0.00656	0.00993	0.01375	0.01822	0.04072	0.71483	0.07642	0.02212	0.00906	0.00287	0.00411	0.02001	0.00661	0.00579
54	0.00961	0.04653	0.01141	0.01078	0.01204	0.00761	0.04102	0.01121	0.01411	0.01845	0.03983	0.59940	0.11100	0.02018	0.00875	0.00274	0.00466	0.01823	0.00627	0.00618
55	0.53330	0.13528	0.05312	0.01111	0.01627	0.01817	0.01001	0.07272	0.01472	0.06450	0.01154	0.01280	0.00886	0.00680	0.00491	0.00209	0.00632	0.00429	0.00455	0.00865
56	0.08007	0.61984	0.03341	0.01263	0.01833	0.10145	0.01201	0.02205	0.01490	0.01800	0.01002	0.01159	0.00903	0.00627	0.00475	0.00161	0.00801	0.00389	0.00322	0.00893
57	0.02608	0.02125	0.07469	0.01669	0.02276	0.02165	0.01452	0.63078	0.03206	0.04316	0.01676	0.01694	0.01187	0.00841	0.00710	0.00215	0.00804	0.00632	0.00681	0.01199

[dist]
# distance from previous block
# <min> <max>
0	1

[block]
# block no. 1 follows, 29 sequences, length 76
# corresponding to MSA columns:
# 63-138
name=unknown_B
#
# <colnr> <probs for GDERKNQSTAVLIFYWHMCP>
#	G	D	E	R	K	N	Q	S	T	A	V	L	I	F	Y	W	H	M	C	P
0	0.06913	0.13374	0.22612	0.02413	0.15285	0.05379	0.13885	0.05350	0.01628	0.02310	0.01257	0.01551	0.00986	0.00675	0.00722	0.00215	0.03518	0.00578	0.00354	0.00997
1	0.01161	0.00866	0.00919	0.00896	0.00945	0.04143	0.00557	0.03187	0.01165	0.01524	0.02134	0.04194	0.02374	0.61132	0.11342	0.00705	0.00862	0.00965	0.00431	0.00497
2	0.00866	0.00658	0.00798	0.00899	0.01011	0.00590	0.00622	0.01019	0.01480	0.01903	0.08263	0.49074	0.26141	0.02053	0.00884	0.00270	0.00392	0.01818	0.00667	0.00590
3	0.01817	0.01553	0.01636	0.01458	0.01869	0.01793	0.01138	0.06960	0.65995	0.03053	0.02840	0.02610	0.02126	0.00961	0.00724	0.00240	0.00574	0.00797	0.00724	0.01131
4	0.01771	0.01530	0.01610	0.01449	0.01852	0.01771	0.01127	0.03784	0.69247	0.02979	0.02898	0.02657	0.02174	0.00966	0.00725	0.00242	0.00564	0.00805	0.00725	0.01127
5	0.01017	0.00763	0.01144	0.01144	0.01272	0.00890	0.00890	0.01272	0.01144	0.01653	0.01907	0.02797	0.01780	0.05340	0.72153	0.01144	0.01907	0.00763	0.00381	0.00636
6	0.01844	0.01566	0.01651	0.01464	0.01879	0.01805	0.01145	0.08793	0.64120	0.03096	0.02806	0.02583	0.02099	0.00957	0.00724	0.00239	0.00581	0.00792	0.00724	0.01134
7	0.01036	0.00690	0.00777	0.00777	0.00777	0.00690	0.00431	0.01036	0.01036	0.01381	0.02244	0.04660	0.02589	0.74975	0.03624	0.00690	0.00690	0.01036	0.00431	0.00431
8	0.80005	0.01377	0.01047	0.00936	0.01377	0.01597	0.00771	0.02093	0.01212	0.03195	0.00991	0.01157	0.00771	0.00661	0.00441	0.00220	0.00551	0.00386	0.00441	0.00771
9	0.01925	0.01569	0.01669	0.01463	0.01889	0.01793	0.01149	0.10789	0.59636	0.05602	0.02765	0.02545	0.02054	0.00951	0.00723	0.00238	0.00589	0.00784	0.00729	0.01139
10	0.01559	0.01574	0.02329	0.04464	0.02113	0.02132	0.06472	0.01759	0.01146	0.01759	0.00984	0.01597	0.00946	0.01180	0.02169	0.00304	0.65765	0.00640	0.00315	0.00793
11	0.01805	0.01547	0.01629	0.01456	0.01865	0.01787	0.01135	0.06124	0.66851	0.03034	0.02855	0.02622	0.02139	0.00962	0.00724	0.00241	0.00572	0.00799	0.00724	0.01130
12	0.03195	0.01212	0.01652	0.01267	0.01818	0.01047	0.01047	0.03470	0.02038	0.71026	0.02809	0.02424	0.01763	0.00881	0.00716	0.00220	0.00606	0.00716	0.00881	0.01212
13	0.01759	0.01703	0.02952	0.04307	0.67411	0.01697	0.05258	0.02190	0.01624	0.02324	0.01344	0.01770	0.01126	0.00633	0.00711	0.00213	0.00863	0.00644	0.00353	0.01120
14	0.01558	0.01558	0.02181	0.01869	0.01869	0.02181	0.01558	0.01714	0.01091	0.01714	0.00935	0.01558	0.00935	0.01246	0.02337	0.00312	0.73672	0.00623	0.00312	0.00779
15	0.01648	0.01424	0.01552	0.01489	0.04655	0.01608	0.01109	0.03337	0.56727	0.02807	0.03333	0.03257	0.09640	0.01077	0.00745	0.00243	0.00556	0.03039	0.00700	0.01054
16	0.01036	0.00690	0.00777	0.00777	0.00777	0.00690	0.00431	0.01036	0.01036	0.01381	0.02244	0.04660	0.02589	0.74975	0.03624	0.00690	0.00690	0.01036	0.00431	0.00431
17	0.01327	0.00664	0.00664	0.00664	0.00830	0.00664	0.00498	0.01659	0.01493	0.02655	0.02323	0.02655	0.01825	0.00830	0.00498	0.00166	0.00332	0.00664	0.78928	0.00664
18	0.01848	0.01854	0.02807	0.04128	0.64004	0.08421	0.02108	0.02248	0.01659	0.02271	0.01317	0.01717	0.01108	0.00644	0.00699	0.00209	0.00888	0.00618	0.00354	0.01099
19	0.01061	0.00858	0.00965	0.00912	0.01103	0.04185	0.00684	0.01363	0.01949	0.02641	0.56002	0.05382	0.17280	0.01479	0.00830	0.00225	0.00387	0.01284	0.00742	0.00667
20	0.01327	0.00664	0.00664	0.00664	0.00830	0.00664	0.00498	0.01659	0.01493	0.02655	0.02323	0.02655	0.01825	0.00830	0.00498	0.00166	0.00332	0.00664	0.78928	0.00664
21	0.80005	0.01377	0.01047	0.00936	0.01377	0.01597	0.00771	0.02093	0.01212	0.03195	0.00991	0.01157	0.00771	0.00661	0.00441	0.00220	0.00551	0.00386	0.00441	0.00771
22	0.00842	0.00721	0.00721	0.00721	0.00962	0.00601	0.00541	0.01022	0.01623	0.01924	0.07213	0.06853	0.70244	0.01803	0.00842	0.00240	0.00361	0.01503	0.00661	0.00601
23	0.01831	0.01516	0.01612	0.01441	0.01850	0.01741	0.01124	0.03771	0.66433	0.05828	0.02894	0.02647	0.02156	0.00963	0.00724	0.00241	0.00565	0.00801	0.00731	0.01131
24	0.02707	0.01995	0.02137	0.01638	0.02208	0.02208	0.01353	0.68159	0.03348	0.04488	0.01710	0.01710	0.01211	0.00855	0.00712	0.00214	0.00784	0.00641	0.00712	0.01211
25	0.01036	0.00690	0.00777	0.00777	0.00777	0.00690	0.00431	0.01036	0.01036	0.01381	0.02244	0.04660	0.02589	0.74975	0.03624	0.00690	0.00690	0.01036	0.00431	0.00431
26	0.01017	0.00763	0.01144	0.01144	0.01272	0.00890	0.00890	0.01272	0.01144	0.01653	0.01907	0.02797	0.01780	0.05340	0.72153	0.01144	0.01907	0.00763	0.00381	0.00636
27	0.01072	0.00913	0.01122	0.07038	0.04091	0.00932	0.00870	0.01532	0.09999	0.02005	0.04832	0.04863	0.38825	0.02315	0.15947	0.00431	0.00781	0.01153	0.00570	0.00710
28	0.01477	0.01266	0.01477	0.01055	0.01687	0.00949	0.00844	0.01793	0.01477	0.02320	0.01266	0.01477	0.01055	0.00527	0.00527	0.00105	0.00527	0.00422	0.00422	0.79328
29	0.01345	0.01266	0.02136	0.73264	0.04904	0.01582	0.01978	0.01819	0.01424	0.01819	0.01266	0.01898	0.00949	0.00712	0.00712	0.00237	0.00949	0.00633	0.00316	0.00791
30	0.02707	0.01995	0.02137	0.01638	0.02208	0.02208	0.01353	0.68159	0.03348	0.04488	0.01710	0.01710	0.01211	0.00855	0.00712	0.00214	0.00784	0.00641	0.00712	0.01211
31	0.02660	0.03394	0.02018	0.01834	0.02201	0.72116	0.01376	0.02843	0.02018	0.01743	0.01101	0.01284	0.00917	0.00734	0.00642	0.00183	0.01284	0.00459	0.00367	0.00825
32	0.01484	0.01290	0.01580	0.01128	0.01764	0.00981	0.03379	0.01811	0.01484	0.02319	0.01272	0.01493	0.01056	0.00530	0.00539	0.00111	0.00553	0.00438	0.00420	0.76367
33	0.01904	0.75404	0.03731	0.01218	0.01828	0.02818	0.01218	0.02132	0.01447	0.01675	0.00990	0.01142	0.00914	0.00609	0.00457	0.00152	0.00761	0.00381	0.00305	0.00914
34	0.80005	0.01377	0.01047	0.00936	0.01377	0.01597	0.00771	0.02093	0.01212	0.03195	0.00991	0.01157	0.00771	0.00661	0.00441	0.00220	0.00551	0.00386	0.00441	0.00771
35	0.00947	0.00725	0.00867	0.00832	0.01026	0.00646	0.00624	0.01225	0.01871	0.02512	0.46959	0.05884	0.30131	0.01584	0.00840	0.00230	0.00345	0.01367	0.00739	0.00646
36	0.03160	0.01268	0.01687	0.01293	0.01846	0.01130	0.01069	0.08094	0.02132	0.66271	0.02731	0.02373	0.01723	0.00879	0.00716	0.00220	0.00619	0.00711	0.00869	0.01212
37	0.00969	0.00726	0.00899	0.00855	0.01040	0.00656	0.00642	0.01269	0.01925	0.02640	0.55597	0.05674	0.21414	0.01536	0.00840	0.00228	0.00342	0.01338	0.00755	0.00656
38	0.01925	0.01565	0.01666	0.01461	0.01887	0.01787	0.01147	0.10428	0.59713	0.05889	0.02772	0.02549	0.02057	0.00951	0.00723	0.00238	0.00588	0.00785	0.00730	0.01139
39	0.00979	0.00687	0.00876	0.00914	0.00975	0.00683	0.00608	0.01113	0.01327	0.01818	0.15195	0.24804	0.03850	0.30356	0.12111	0.00553	0.00718	0.01330	0.00556	0.00548
40	0.01553	0.01355	0.02223	0.43241	0.22240	0.01538	0.01883	0.02042	0.04377	0.05280	0.01522	0.02158	0.01216	0.00808	0.00781	0.02530	0.00868	0.03104	0.00383	0.00898
41	0.01327	0.00664	0.00664	0.00664	0.00830	0.00664	0.00498	0.01659	0.01493	0.02655	0.02323	0.02655	0.01825	0.00830	0.00498	0.00166	0.00332	0.00664	0.78928	0.00664
42	0.00988	0.00718	0.00930	0.00896	0.01056	0.00660	0.00665	0.01297	0.01939	0.02719	0.61305	0.11566	0.09508	0.01541	0.00846	0.00231	0.00344	0.01364	0.00767	0.00660
43	0.01882	0.64051	0.03602	0.01704	0.12409	0.02644	0.01367	0.02140	0.01474	0.01776	0.01044	0.01238	0.00947	0.00613	0.00495	0.00161	0.00775	0.00420	0.00312	0.00947
44	0.01625	0.01357	0.01591	0.04607	0.01908	0.01138	0.00962	0.10136	0.01709	0.02569	0.01321	0.01526	0.01069	0.00577	0.00559	0.00125	0.00580	0.00460	0.00453	0.65725
45	0.80005	0.01377	0.01047	0.00936	0.01377	0.01597	0.00771	0.02093	0.01212	0.03195	0.00991	0.01157	0.00771	0.00661	0.00441	0.00220	0.00551	0.00386	0.00441	0.00771
46	0.01771	0.01530	0.01610	0.01449	0.01852	0.01771	0.01127	0.03784	0.69247	0.02979	0.02898	0.02657	0.02174	0.00966	0.00725	0.00242	0.00564	0.00805	0.00725	0.01127
47	0.00874	0.00625	0.00832	0.00987	0.01034	0.00583	0.00662	0.01008	0.01394	0.01866	0.07020	0.71277	0.04803	0.02195	0.00906	0.00286	0.00410	0.01990	0.00667	0.00583
48	0.01936	0.10618	0.01942	0.01525	0.05141	0.01824	0.01173	0.10933	0.40913	0.07566	0.02716	0.02566	0.06162	0.00940	0.00696	0.00224	0.00618	0.00763	0.00660	0.01083
49	0.01547	0.04613	0.02208	0.03973	0.01938	0.02144	0.01533	0.01719	0.01117	0.01713	0.00981	0.01595	0.00964	0.01348	0.04680	0.00332	0.65882	0.00618	0.00314	0.00780
50	0.00991	0.00727	0.00928	0.00878	0.01053	0.00665	0.00658	0.01310	0.01975	0.02759	0.63645	0.05478	0.13292	0.01492	0.00840	0.00226	0.00338	0.01310	0.00771	0.00665
51	0.01428	0.03683	0.71286	0.02030	0.03082	0.01654	0.02631	0.02255	0.01503	0.02255	0.01278	0.01503	0.00902	0.00677	0.00677	0.00226	0.01052	0.00526	0.00301	0.01052
52	0.00879	0.00723	0.00773	0.00760	0.00984	0.00617	0.00570	0.01093	0.01710	0.02131	0.21213	0.06512	0.56116	0.01726	0.00841	0.00237	0.00355	0.01455	0.00689	0.00617
53	0.01628	0.01555	0.02648	0.26466	0.49485	0.01657	0.02119	0.02068	0.01558	0.02164	0.01316	0.01806	0.01071	0.00659	0.00707	0.00220	0.00879	0.00634	0.00341	0.01020
54	0.01754	0.01517	0.02085	0.05086	0.02148	0.06398	0.12905	0.10213	0.03706	0.05584	0.01711	0.04445	0.01424	0.01405	0.08695	0.00334	0.16424	0.00730	0.12577	0.00859
55	0.01029	0.00715	0.00904	0.00904	0.00948	0.00759	0.00590	0.01117	0.01073	0.01475	0.02127	0.04015	0.02309	0.50884	0.27333	0.00847	0.01111	0.00941	0.00414	0.00502
56	0.01904	0.75404	0.03731	0.01218	0.01828	0.02818	0.01218	0.02132	0.01447	0.01675	0.00990	0.01142	0.00914	0.00609	0.00457	0.00152	0.00761	0.00381	0.00305	0.00914
57	0.80005	0.01377	0.01047	0.00936	0.01377	0.01597	0.00771	0.02093	0.01212	0.03195	0.00991	0.01157	0.00771	0.00661	0.00441	0.00220	0.00551	0.00386	0.00441	0.00771
58	0.01630	0.01730	0.06240	0.10035	0.25002	0.01627	0.26442	0.05328	0.01706	0.02356	0.04809	0.06581	0.01577	0.00782	0.00774	0.00231	0.00943	0.00825	0.00407	0.00977
59	0.02626	0.06797	0.02106	0.01795	0.02184	0.65466	0.01367	0.05903	0.02053	0.01870	0.01124	0.01297	0.00931	0.00734	0.00636	0.00183	0.01235	0.00464	0.00380	0.00848
60	0.01237	0.00618	0.00928	0.00928	0.00928	0.00618	0.00618	0.00928	0.00928	0.01237	0.01237	0.02165	0.01237	0.02474	0.02783	0.79283	0.00618	0.00618	0.00309	0.00309
61	0.01477	0.11071	0.64327	0.01946	0.02953	0.01774	0.02485	0.02242	0.01498	0.02195	0.01248	0.01466	0.00903	0.00670	0.00654	0.00218	0.01022	0.00511	0.00301	0.01038
62	0.17087	0.05367	0.01829	0.05869	0.04092	0.15455	0.01239	0.19480	0.04952	0.06293	0.03683	0.02289	0.01541	0.00897	0.00665	0.00220	0.00804	0.06756	0.00545	0.00938
63	0.02681	0.02018	0.05433	0.01630	0.02221	0.02096	0.01392	0.60210	0.03162	0.09291	0.01770	0.01752	0.01237	0.00848	0.00711	0.00215	0.00783	0.00641	0.00705	0.01203
64	0.01143	0.00939	0.01350	0.01278	0.01365	0.01169	0.01003	0.01352	0.01122	0.01643	0.01714	0.02678	0.01658	0.10573	0.50037	0.00913	0.18288	0.00755	0.00370	0.00651
65	0.05215	0.14533	0.09815	0.02244	0.18184	0.24486	0.01606	0.05548	0.04933	0.02177	0.01497	0.01686	0.03651	0.00738	0.00637	0.00197	0.00949	0.00556	0.00393	0.00957
66	0.01697	0.02171	0.16554	0.06145	0.11762	0.01794	0.32734	0.06967	0.04873	0.02421	0.01450	0.01820	0.01099	0.00692	0.00845	0.00235	0.04632	0.00717	0.00385	0.01008
67	0.01976	0.01631	0.01725	0.01491	0.01930	0.01867	0.01177	0.17878	0.54819	0.03309	0.02638	0.02449	0.01963	0.00942	0.00722	0.00235	0.00612	0.00769	0.00722	0.01145
68	0.68325	0.04309	0.04058	0.01057	0.01523	0.06805	0.00907	0.02156	0.01291	0.02995	0.01011	0.01180	0.00792	0.00665	0.00466	0.00215	0.00632	0.00396	0.00425	0.00792
69	0.00848	0.00722	0.00730	0.00728	0.00966	0.00604	0.00546	0.01034	0.01638	0.01959	0.09589	0.06795	0.67847	0.01790	0.00842	0.00240	0.00360	0.01495	0.00666	0.00604
70	0.02969	0.01513	0.01831	0.01411	0.01964	0.01501	0.01163	0.27538	0.04598	0.44181	0.02403	0.02165	0.01570	0.00874	0.00715	0.00219	0.00671	0.00691	0.00814	0.01209
71	0.02627	0.01833	0.02009	0.01552	0.02101	0.01978	0.01274	0.56480	0.03064	0.10646	0.01889	0.04817	0.01404	0.00902	0.00713	0.00213	0.00741	0.00697	0.00715	0.04346
72	0.01236	0.00796	0.01067	0.03144	0.01218	0.00808	0.05820	0.01495	0.01350	0.02150	0.02205	0.05193	0.02012	0.19971	0.08828	0.00412	0.00676	0.00820	0.40172	0.00627
73	0.02707	0.01995	0.02137	0.01638	0.02208	0.02208	0.01353	0.68159	0.03348	0.04488	0.01710	0.01710	0.01211	0.00855	0.00712	0.00214	0.00784	0.00641	0.00712	0.01211
74	0.01750	0.01767	0.05466	0.04282	0.67993	0.01690	0.02202	0.02188	0.01617	0.02324	0.01337	0.01753	0.01119	0.00636	0.00704	0.00212	0.00854	0.00630	0.00351	0.01125
75	0.04746	0.01573	0.17355	0.01350	0.03707	0.01070	0.01253	0.01938	0.05316	0.09474	0.26047	0.09275	0.06039	0.01191	0.00761	0.00229	0.00591	0.03436	0.00618	0.04029

[dist]
# distance from previous block
# <min> <max>
0	56

# created by:
# /st0/software/busco_prod/Augustus/scripts/msa2prfl.pl ./align_prep/158223.fa
