[name]
unknown

[dist]
# distance from previous block
# <min> <max>
0	60

[block]
# block no. 0 follows, 28 sequences, length 59
# corresponding to MSA columns:
# 64-122
name=unknown_A
#
# <colnr> <probs for GDERKNQSTAVLIFYWHMCP>
#	G	D	E	R	K	N	Q	S	T	A	V	L	I	F	Y	W	H	M	C	P
0	0.01475	0.01360	0.02184	0.63291	0.04617	0.01698	0.01949	0.05983	0.01553	0.02021	0.01297	0.01902	0.00985	0.00774	0.00843	0.00246	0.05997	0.00646	0.00348	0.00834
1	0.01832	0.02012	0.02624	0.02192	0.04772	0.15146	0.15764	0.02115	0.01465	0.01940	0.01133	0.01620	0.00997	0.00964	0.01558	0.00261	0.37076	0.00641	0.00348	0.05539
2	0.01507	0.01292	0.01507	0.01077	0.01723	0.00969	0.00861	0.01830	0.01507	0.02369	0.01292	0.01507	0.01077	0.00538	0.00538	0.00108	0.00538	0.00431	0.00431	0.78898
3	0.01480	0.06967	0.67672	0.02034	0.03088	0.01742	0.02621	0.02296	0.01532	0.02275	0.01291	0.01518	0.00921	0.00688	0.00681	0.00227	0.01061	0.00530	0.00307	0.01068
4	0.01019	0.00743	0.00958	0.00904	0.01080	0.00682	0.00678	0.01352	0.02034	0.02858	0.65809	0.05524	0.10621	0.01507	0.00857	0.00230	0.00344	0.01328	0.00793	0.00682
5	0.00886	0.00633	0.00843	0.01012	0.01054	0.00590	0.00675	0.01012	0.01392	0.01856	0.04006	0.73979	0.04808	0.02277	0.00928	0.00295	0.00422	0.02066	0.00675	0.00590
6	0.01263	0.00631	0.00947	0.00947	0.00947	0.00631	0.00631	0.00947	0.00947	0.01263	0.01263	0.02210	0.01263	0.02525	0.02841	0.78851	0.00631	0.00631	0.00316	0.00316
7	0.03261	0.01237	0.01687	0.01293	0.01856	0.01068	0.01068	0.03543	0.02081	0.70423	0.02868	0.02474	0.01799	0.00900	0.00731	0.00225	0.00619	0.00731	0.00900	0.01237
8	0.01716	0.01961	0.04289	0.03064	0.03799	0.01838	0.67279	0.02328	0.01716	0.02328	0.01471	0.01961	0.01103	0.00613	0.00858	0.00245	0.01225	0.00858	0.00368	0.00980
9	0.01373	0.01292	0.02180	0.72707	0.05006	0.01615	0.02019	0.01857	0.01453	0.01857	0.01292	0.01938	0.00969	0.00727	0.00727	0.00242	0.00969	0.00646	0.00323	0.00807
10	0.02795	0.01986	0.02150	0.01649	0.02229	0.02180	0.01362	0.63469	0.03333	0.08727	0.01816	0.01791	0.01272	0.00874	0.00727	0.00219	0.00788	0.00659	0.00738	0.01236
11	0.04933	0.55714	0.18971	0.01421	0.02140	0.02555	0.01555	0.02204	0.01481	0.01907	0.01078	0.01251	0.00924	0.00640	0.00517	0.00175	0.00837	0.00423	0.00316	0.00959
12	0.01770	0.01698	0.02899	0.09041	0.65564	0.01720	0.02217	0.02206	0.01642	0.02340	0.01362	0.01808	0.01139	0.00653	0.00720	0.00218	0.00871	0.00648	0.00357	0.01128
13	0.01003	0.00742	0.00937	0.00888	0.01070	0.00675	0.00666	0.01323	0.01998	0.02773	0.60252	0.05664	0.16231	0.01539	0.00858	0.00231	0.00347	0.01347	0.00781	0.00675
14	0.01038	0.00779	0.01168	0.01168	0.01298	0.00909	0.00909	0.01298	0.01168	0.01687	0.01947	0.02856	0.01817	0.05452	0.71573	0.01168	0.01947	0.00779	0.00389	0.00649
15	0.00886	0.00633	0.00843	0.01012	0.01054	0.00590	0.00675	0.01012	0.01392	0.01856	0.04006	0.73979	0.04808	0.02277	0.00928	0.00295	0.00422	0.02066	0.00675	0.00590
16	0.01808	0.01561	0.01644	0.01479	0.01890	0.01808	0.01151	0.03863	0.68606	0.03041	0.02959	0.02712	0.02219	0.00986	0.00740	0.00247	0.00575	0.00822	0.00740	0.01151
17	0.00948	0.00740	0.00860	0.00830	0.01037	0.00652	0.00623	0.01216	0.01868	0.02464	0.40047	0.06172	0.36629	0.01654	0.00858	0.00237	0.00355	0.01419	0.00741	0.00652
18	0.03056	0.01567	0.01891	0.01450	0.02020	0.01558	0.01198	0.29961	0.02633	0.43225	0.02404	0.02173	0.01567	0.00888	0.00729	0.00222	0.00693	0.00699	0.00828	0.01237
19	0.00886	0.00633	0.00843	0.01012	0.01054	0.00590	0.00675	0.01012	0.01392	0.01856	0.04006	0.73979	0.04808	0.02277	0.00928	0.00295	0.00422	0.02066	0.00675	0.00590
20	0.01526	0.01309	0.01516	0.01102	0.01733	0.01022	0.00880	0.01958	0.05732	0.02411	0.01397	0.01583	0.01149	0.00567	0.00551	0.00116	0.00541	0.00455	0.00450	0.74002
21	0.01992	0.70394	0.03699	0.01283	0.01890	0.07199	0.01254	0.02222	0.01514	0.01715	0.01018	0.01175	0.00933	0.00630	0.00478	0.00157	0.00811	0.00394	0.00315	0.00927
22	0.03261	0.01237	0.01687	0.01293	0.01856	0.01068	0.01068	0.03543	0.02081	0.70423	0.02868	0.02474	0.01799	0.00900	0.00731	0.00225	0.00619	0.00731	0.00900	0.01237
23	0.01843	0.01741	0.02916	0.04336	0.66869	0.01751	0.02193	0.05173	0.01735	0.02474	0.01384	0.01797	0.01155	0.00658	0.00720	0.00216	0.00861	0.00648	0.00376	0.01155
24	0.01998	0.69860	0.03686	0.01288	0.01893	0.07712	0.01255	0.02228	0.01518	0.01715	0.01019	0.01176	0.00933	0.00631	0.00480	0.00158	0.00815	0.00394	0.00315	0.00926
25	0.00931	0.00736	0.00838	0.00820	0.01028	0.00643	0.00612	0.01180	0.01816	0.02359	0.33316	0.08470	0.41255	0.01706	0.00861	0.00240	0.00359	0.01459	0.00727	0.00643
26	0.02546	0.01918	0.01970	0.01576	0.02075	0.06880	0.01269	0.47912	0.07579	0.08136	0.02013	0.06275	0.01588	0.03800	0.00850	0.00242	0.00783	0.00758	0.00700	0.01133
27	0.00990	0.00722	0.00931	0.00919	0.01072	0.00663	0.00674	0.01282	0.01906	0.02651	0.52932	0.18108	0.11121	0.01657	0.00870	0.00242	0.00359	0.01469	0.00768	0.00663
28	0.01798	0.01755	0.02766	0.06526	0.59847	0.04841	0.02094	0.02279	0.04349	0.02344	0.01592	0.01970	0.03169	0.00703	0.00722	0.00218	0.00861	0.00672	0.00384	0.01110
29	0.01355	0.00678	0.00678	0.00678	0.00847	0.00678	0.00508	0.01694	0.01524	0.02710	0.02371	0.02710	0.01863	0.00847	0.00508	0.00169	0.00339	0.00678	0.78489	0.00678
30	0.01516	0.12226	0.62727	0.01973	0.02994	0.01830	0.02514	0.02287	0.01528	0.02232	0.01269	0.01491	0.00922	0.00682	0.00664	0.00221	0.01039	0.00519	0.00307	0.01057
31	0.04593	0.01309	0.01614	0.01174	0.01802	0.01038	0.03109	0.02139	0.01599	0.13565	0.01546	0.01669	0.01186	0.00605	0.00577	0.00136	0.00575	0.00493	0.00506	0.60764
32	0.01709	0.11833	0.19088	0.04182	0.03030	0.05735	0.27509	0.02224	0.01554	0.02103	0.01263	0.01662	0.01001	0.00753	0.01010	0.00239	0.13157	0.00659	0.00337	0.00953
33	0.79588	0.01406	0.01068	0.00956	0.01406	0.01631	0.00787	0.02137	0.01237	0.03261	0.01012	0.01181	0.00787	0.00675	0.00450	0.00225	0.00562	0.00394	0.00450	0.00787
34	0.01058	0.00756	0.00958	0.01017	0.01126	0.00729	0.00710	0.05555	0.01648	0.02228	0.17433	0.47951	0.06843	0.04894	0.01063	0.02542	0.00446	0.01717	0.00685	0.00641
35	0.01048	0.00701	0.00796	0.00805	0.00807	0.00699	0.00453	0.01055	0.01075	0.01433	0.02382	0.08469	0.02759	0.70583	0.03551	0.00683	0.00690	0.01111	0.00453	0.00448
36	0.05041	0.02316	0.02124	0.01853	0.06256	0.19230	0.01403	0.41107	0.07537	0.03608	0.01633	0.01692	0.01213	0.00831	0.00701	0.00213	0.00906	0.00612	0.00610	0.01114
37	0.01057	0.00705	0.00793	0.00793	0.00793	0.00705	0.00440	0.01057	0.01057	0.01409	0.02290	0.04757	0.02643	0.74454	0.03700	0.00705	0.00705	0.01057	0.00440	0.00440
38	0.02696	0.01986	0.02135	0.01643	0.02209	0.02194	0.01355	0.64942	0.03365	0.04517	0.04363	0.01888	0.01453	0.00896	0.00732	0.00219	0.00782	0.00680	0.00730	0.01215
39	0.03261	0.01237	0.01687	0.01293	0.01856	0.01068	0.01068	0.03543	0.02081	0.70423	0.02868	0.02474	0.01799	0.00900	0.00731	0.00225	0.00619	0.00731	0.00900	0.01237
40	0.01324	0.01035	0.01316	0.01272	0.03723	0.01026	0.03435	0.11907	0.04424	0.02646	0.18827	0.22453	0.17024	0.01608	0.00854	0.00254	0.00519	0.04884	0.00691	0.00778
41	0.74083	0.01414	0.01175	0.03532	0.04027	0.01634	0.00882	0.02131	0.01260	0.03181	0.01035	0.01229	0.00807	0.00676	0.00469	0.00225	0.00587	0.00411	0.00442	0.00801
42	0.01505	0.00865	0.01123	0.01008	0.01278	0.00766	0.00768	0.01790	0.01903	0.17167	0.37189	0.14890	0.09314	0.01445	0.00822	0.00232	0.00427	0.01263	0.00772	0.05474
43	0.01820	0.02064	0.03537	0.05912	0.06054	0.12670	0.46613	0.02326	0.01737	0.02223	0.01521	0.04172	0.01221	0.00703	0.00803	0.00233	0.01152	0.00810	0.03496	0.00933
44	0.63970	0.10990	0.01507	0.01061	0.01501	0.01835	0.00903	0.02115	0.01260	0.02953	0.01008	0.01208	0.00818	0.00710	0.00589	0.00222	0.05712	0.00410	0.00422	0.00807
45	0.01601	0.12585	0.48789	0.02103	0.07501	0.01913	0.02324	0.04430	0.01561	0.02257	0.01254	0.01517	0.00952	0.00737	0.00818	0.00227	0.07524	0.00539	0.00326	0.01042
46	0.02242	0.01831	0.02036	0.07562	0.06368	0.06237	0.01372	0.37973	0.02575	0.03451	0.01702	0.06462	0.01393	0.00898	0.00767	0.00211	0.03340	0.00702	0.00589	0.12288
47	0.01052	0.00724	0.00888	0.00888	0.00921	0.00756	0.00559	0.01118	0.01085	0.01480	0.02203	0.04275	0.02433	0.56956	0.20912	0.00822	0.01020	0.00987	0.00428	0.00493
48	0.02019	0.21450	0.21371	0.01694	0.02341	0.10287	0.01701	0.14829	0.07903	0.02548	0.01414	0.01562	0.01104	0.00782	0.00759	0.00211	0.06015	0.00545	0.00435	0.01029
49	0.01071	0.00709	0.00814	0.00805	0.00842	0.00700	0.00483	0.01145	0.01242	0.01724	0.12843	0.04740	0.03257	0.58596	0.03063	0.00598	0.00626	0.01075	0.05176	0.00493
50	0.04955	0.01761	0.01877	0.01554	0.02041	0.01977	0.01260	0.36946	0.28170	0.03802	0.02310	0.02482	0.01773	0.00977	0.00739	0.00236	0.00698	0.04569	0.00719	0.01154
51	0.00886	0.00633	0.00843	0.01012	0.01054	0.00590	0.00675	0.01012	0.01392	0.01856	0.04006	0.73979	0.04808	0.02277	0.00928	0.00295	0.00422	0.02066	0.00675	0.00590
52	0.01586	0.08140	0.42569	0.02418	0.05935	0.01820	0.22687	0.02299	0.01592	0.02271	0.01338	0.01652	0.00988	0.00660	0.00728	0.00229	0.01092	0.00631	0.00328	0.01038
53	0.00902	0.00639	0.00839	0.00992	0.01030	0.00601	0.00653	0.01016	0.01360	0.01814	0.03846	0.67503	0.04605	0.09030	0.01187	0.00334	0.00448	0.01972	0.00653	0.00576
54	0.01042	0.00763	0.01089	0.01089	0.01192	0.00866	0.00810	0.01247	0.01145	0.01629	0.02019	0.03254	0.01990	0.19926	0.57336	0.01071	0.01686	0.00837	0.00400	0.00605
55	0.75495	0.01397	0.01102	0.00974	0.01430	0.01601	0.00802	0.02212	0.01282	0.06863	0.01112	0.01250	0.00842	0.00687	0.00465	0.00225	0.00565	0.00412	0.00474	0.00811
56	0.02658	0.02360	0.02341	0.02437	0.18417	0.22517	0.01590	0.18229	0.02360	0.10931	0.01775	0.01997	0.01386	0.00903	0.00782	0.00242	0.00993	0.00658	0.00598	0.06824
57	0.00969	0.00756	0.00802	0.00780	0.01027	0.00640	0.00588	0.01177	0.01724	0.04603	0.15220	0.06627	0.59033	0.01761	0.00854	0.00243	0.00374	0.01476	0.00699	0.00646
58	0.01424	0.01135	0.05536	0.01165	0.01458	0.00988	0.00964	0.09460	0.04227	0.07858	0.24429	0.19589	0.10542	0.01548	0.00845	0.00252	0.00518	0.06539	0.00716	0.00805

[dist]
# distance from previous block
# <min> <max>
3	4

[block]
# block no. 1 follows, 28 sequences, length 52
# corresponding to MSA columns:
# 127-178
name=unknown_B
#
# <colnr> <probs for GDERKNQSTAVLIFYWHMCP>
#	G	D	E	R	K	N	Q	S	T	A	V	L	I	F	Y	W	H	M	C	P
0	0.01729	0.01656	0.02824	0.15647	0.59280	0.01709	0.02196	0.02170	0.01622	0.02290	0.01355	0.01822	0.01122	0.00661	0.00721	0.00220	0.00881	0.00647	0.00354	0.01095
1	0.01849	0.01610	0.01882	0.01977	0.13056	0.01814	0.01338	0.06402	0.54757	0.03000	0.02644	0.02520	0.02001	0.00926	0.00736	0.00240	0.00632	0.00786	0.00677	0.01154
2	0.02197	0.02536	0.04536	0.03151	0.34029	0.31059	0.05498	0.04364	0.01875	0.02182	0.01280	0.01594	0.01054	0.00696	0.00700	0.00206	0.01076	0.00581	0.00375	0.01012
3	0.01394	0.00965	0.01165	0.01076	0.01343	0.00951	0.00841	0.03859	0.12801	0.08813	0.36102	0.05090	0.14023	0.01432	0.00837	0.00243	0.00452	0.07028	0.00768	0.00815
4	0.71128	0.01475	0.01191	0.01035	0.01499	0.01699	0.00853	0.09334	0.01477	0.03407	0.01093	0.01243	0.00837	0.00697	0.00480	0.00224	0.00588	0.00422	0.00480	0.00837
5	0.01256	0.00894	0.01098	0.01131	0.01272	0.00902	0.00804	0.13385	0.01744	0.02330	0.03431	0.56487	0.03943	0.02030	0.00998	0.04709	0.00504	0.01723	0.00664	0.00695
6	0.01373	0.01292	0.02180	0.72707	0.05006	0.01615	0.02019	0.01857	0.01453	0.01857	0.01292	0.01938	0.00969	0.00727	0.00727	0.00242	0.00969	0.00646	0.00323	0.00807
7	0.02590	0.03280	0.01970	0.01796	0.02162	0.66738	0.01347	0.02777	0.02033	0.01792	0.01546	0.01695	0.05583	0.00823	0.00669	0.00191	0.01247	0.00540	0.00395	0.00827
8	0.00869	0.00737	0.00750	0.00746	0.00988	0.00618	0.00560	0.01062	0.01679	0.02017	0.10868	0.06907	0.66087	0.01821	0.00859	0.00245	0.00367	0.01522	0.00682	0.00618
9	0.00888	0.00676	0.00809	0.00904	0.01021	0.00606	0.00624	0.01039	0.01498	0.01918	0.07657	0.45482	0.27412	0.04681	0.01000	0.00290	0.00410	0.01815	0.00671	0.00597
10	0.01306	0.00682	0.00696	0.00696	0.00838	0.00682	0.00497	0.01589	0.01448	0.02497	0.02358	0.03045	0.01991	0.12911	0.01031	0.00257	0.00399	0.00740	0.65697	0.00639
11	0.02676	0.01993	0.02132	0.01655	0.02221	0.02213	0.01360	0.61669	0.09387	0.04440	0.01856	0.01834	0.01326	0.00883	0.00728	0.00221	0.00779	0.00670	0.00728	0.01228
12	0.00892	0.00732	0.00786	0.00785	0.01005	0.00626	0.00584	0.01102	0.01716	0.02134	0.18697	0.10481	0.54339	0.01800	0.00863	0.00245	0.00367	0.01523	0.00698	0.00626
13	0.01688	0.01991	0.06691	0.02969	0.03698	0.01799	0.62648	0.02300	0.01707	0.02322	0.01543	0.02152	0.01198	0.00662	0.00856	0.00248	0.01201	0.02976	0.00375	0.00974
14	0.01799	0.01727	0.02950	0.04462	0.69919	0.01727	0.02231	0.02231	0.01655	0.02375	0.01367	0.01799	0.01151	0.00648	0.00720	0.00216	0.00864	0.00648	0.00360	0.01151
15	0.09097	0.06101	0.54065	0.02040	0.02999	0.01745	0.09504	0.02284	0.01523	0.02375	0.01283	0.01533	0.00928	0.00678	0.00677	0.00228	0.01030	0.00552	0.00328	0.01031
16	0.01602	0.02704	0.32627	0.02641	0.06340	0.01788	0.33371	0.02284	0.01605	0.02290	0.01369	0.01752	0.01019	0.00681	0.00857	0.00241	0.04770	0.00700	0.00339	0.01019
17	0.01734	0.01692	0.02734	0.20462	0.51973	0.04416	0.02149	0.02169	0.01623	0.02230	0.01340	0.01813	0.01100	0.00670	0.00719	0.00221	0.00906	0.00640	0.00352	0.01058
18	0.61532	0.01511	0.01315	0.01121	0.01579	0.01738	0.00925	0.12879	0.01617	0.05566	0.01189	0.01331	0.00900	0.00738	0.00579	0.00227	0.03417	0.00457	0.00505	0.00875
19	0.01263	0.00631	0.00947	0.00947	0.00947	0.00631	0.00631	0.00947	0.00947	0.01263	0.01263	0.02210	0.01263	0.02525	0.02841	0.78851	0.00631	0.00631	0.00316	0.00316
20	0.01263	0.00631	0.00947	0.00947	0.00947	0.00631	0.00631	0.00947	0.00947	0.01263	0.01263	0.02210	0.01263	0.02525	0.02841	0.78851	0.00631	0.00631	0.00316	0.00316
21	0.01731	0.01608	0.02484	0.03376	0.47295	0.01555	0.01804	0.02292	0.08004	0.02437	0.01501	0.01817	0.01236	0.00654	0.00679	0.00193	0.00759	0.00613	0.00413	0.19548
22	0.01373	0.01292	0.02180	0.72707	0.05006	0.01615	0.02019	0.01857	0.01453	0.01857	0.01292	0.01938	0.00969	0.00727	0.00727	0.00242	0.00969	0.00646	0.00323	0.00807
23	0.00882	0.00647	0.00829	0.00975	0.01044	0.00594	0.00658	0.01016	0.01428	0.01870	0.04464	0.64857	0.13635	0.02218	0.00918	0.00288	0.00414	0.01994	0.00675	0.00594
24	0.00886	0.00633	0.00843	0.01012	0.01054	0.00590	0.00675	0.01012	0.01392	0.01856	0.04006	0.73979	0.04808	0.02277	0.00928	0.00295	0.00422	0.02066	0.00675	0.00590
25	0.01755	0.01671	0.02843	0.06899	0.64452	0.01684	0.02176	0.02185	0.01648	0.02346	0.01474	0.02087	0.01278	0.00711	0.00732	0.00222	0.00859	0.03488	0.00372	0.01117
26	0.02622	0.01928	0.02074	0.01626	0.02179	0.02136	0.01332	0.54519	0.14268	0.06730	0.01989	0.01933	0.01421	0.00893	0.00729	0.00223	0.00756	0.00685	0.00736	0.01222
27	0.01500	0.07543	0.61084	0.02039	0.03056	0.01736	0.05796	0.02279	0.01540	0.02273	0.01296	0.01535	0.00936	0.00677	0.00681	0.00222	0.01046	0.00541	0.00315	0.03906
28	0.04582	0.06050	0.59473	0.02027	0.03024	0.01716	0.06104	0.02336	0.01550	0.04688	0.01346	0.01564	0.00957	0.00690	0.00684	0.00228	0.01036	0.00551	0.00337	0.01058
29	0.01799	0.01727	0.02950	0.04462	0.69919	0.01727	0.02231	0.02231	0.01655	0.02375	0.01367	0.01799	0.01151	0.00648	0.00720	0.00216	0.00864	0.00648	0.00360	0.01151
30	0.01578	0.01334	0.01545	0.01110	0.01753	0.01041	0.00891	0.05532	0.01615	0.02493	0.01318	0.01521	0.01086	0.00557	0.00549	0.00114	0.00553	0.00443	0.00447	0.74520
31	0.03261	0.01237	0.01687	0.01293	0.01856	0.01068	0.01068	0.03543	0.02081	0.70423	0.02868	0.02474	0.01799	0.00900	0.00731	0.00225	0.00619	0.00731	0.00900	0.01237
32	0.01507	0.01292	0.01507	0.01077	0.01723	0.00969	0.00861	0.01830	0.01507	0.02369	0.01292	0.01507	0.01077	0.00538	0.00538	0.00108	0.00538	0.00431	0.00431	0.78898
33	0.01038	0.00779	0.01168	0.01168	0.01298	0.00909	0.00909	0.01298	0.01168	0.01687	0.01947	0.02856	0.01817	0.05452	0.71573	0.01168	0.01947	0.00779	0.00389	0.00649
34	0.00871	0.00690	0.00784	0.00860	0.01014	0.00603	0.00607	0.01029	0.01538	0.01915	0.05864	0.36919	0.40669	0.02036	0.00890	0.00268	0.00392	0.01772	0.00675	0.00603
35	0.01799	0.01727	0.02950	0.04462	0.69919	0.01727	0.02231	0.02231	0.01655	0.02375	0.01367	0.01799	0.01151	0.00648	0.00720	0.00216	0.00864	0.00648	0.00360	0.01151
36	0.01029	0.00743	0.00972	0.00914	0.01086	0.00686	0.00686	0.01372	0.02058	0.02915	0.69536	0.05430	0.06859	0.01486	0.00857	0.00229	0.00343	0.01315	0.00800	0.00686
37	0.01943	0.74891	0.03809	0.01244	0.01866	0.02876	0.01244	0.02177	0.01477	0.01710	0.01011	0.01166	0.00933	0.00622	0.00466	0.00155	0.00777	0.00389	0.00311	0.00933
38	0.01263	0.00631	0.00947	0.00947	0.00947	0.00631	0.00631	0.00947	0.00947	0.01263	0.01263	0.02210	0.01263	0.02525	0.02841	0.78851	0.00631	0.00631	0.00316	0.00316
39	0.02715	0.03464	0.02060	0.01873	0.02247	0.71536	0.01404	0.02903	0.02060	0.01779	0.01124	0.01311	0.00936	0.00749	0.00655	0.00187	0.01311	0.00468	0.00375	0.00843
40	0.01822	0.01790	0.02863	0.08134	0.62889	0.05241	0.02177	0.02244	0.01664	0.02316	0.01351	0.01782	0.01130	0.00657	0.00717	0.00216	0.00892	0.00639	0.00359	0.01117
41	0.01263	0.00631	0.00947	0.00947	0.00947	0.00631	0.00631	0.00947	0.00947	0.01263	0.01263	0.02210	0.01263	0.02525	0.02841	0.78851	0.00631	0.00631	0.00316	0.00316
42	0.01356	0.00699	0.00731	0.03245	0.00995	0.00711	0.00562	0.01700	0.01522	0.02680	0.02333	0.02683	0.01831	0.00843	0.00516	0.00172	0.00361	0.00676	0.75703	0.00682
43	0.01943	0.74891	0.03809	0.01244	0.01866	0.02876	0.01244	0.02177	0.01477	0.01710	0.01011	0.01166	0.00933	0.00622	0.00466	0.00155	0.00777	0.00389	0.00311	0.00933
44	0.01458	0.03760	0.70688	0.02072	0.03146	0.01688	0.02686	0.02302	0.01535	0.02302	0.01304	0.01535	0.00921	0.00691	0.00691	0.00230	0.01074	0.00537	0.00307	0.01074
45	0.01943	0.74891	0.03809	0.01244	0.01866	0.02876	0.01244	0.02177	0.01477	0.01710	0.01011	0.01166	0.00933	0.00622	0.00466	0.00155	0.00777	0.00389	0.00311	0.00933
46	0.01667	0.34438	0.41843	0.01715	0.02594	0.02201	0.02064	0.02248	0.01510	0.02047	0.01178	0.01376	0.00926	0.00661	0.00594	0.00198	0.00946	0.00473	0.00309	0.01013
47	0.01513	0.03688	0.67808	0.02055	0.03109	0.01712	0.02631	0.05042	0.01614	0.02398	0.01323	0.01544	0.00934	0.00698	0.00692	0.00230	0.01063	0.00542	0.00325	0.01081
48	0.06626	0.10744	0.27993	0.01675	0.02379	0.01795	0.05029	0.17307	0.02043	0.02927	0.12547	0.02179	0.01970	0.00851	0.00694	0.00219	0.00832	0.00682	0.00498	0.01010
49	0.02237	0.10538	0.02113	0.01588	0.04180	0.11036	0.01254	0.27202	0.09035	0.06084	0.05519	0.02063	0.01650	0.01332	0.08071	0.00306	0.00921	0.00661	0.00587	0.03623
50	0.02462	0.08884	0.02215	0.01728	0.05872	0.10934	0.01338	0.33981	0.09092	0.08117	0.01762	0.01812	0.01313	0.00973	0.03048	0.00239	0.00860	0.00622	0.00613	0.04136
51	0.06427	0.19794	0.17837	0.01582	0.02246	0.02149	0.01567	0.27505	0.05609	0.03114	0.01585	0.04612	0.01267	0.00825	0.00650	0.00211	0.00816	0.00618	0.00516	0.01070

[dist]
# distance from previous block
# <min> <max>
3	10

[block]
# block no. 2 follows, 28 sequences, length 6
# corresponding to MSA columns:
# 189-194
name=unknown_C
#
# <colnr> <probs for GDERKNQSTAVLIFYWHMCP>
#	G	D	E	R	K	N	Q	S	T	A	V	L	I	F	Y	W	H	M	C	P
0	0.07064	0.29716	0.14180	0.01435	0.02035	0.09513	0.01412	0.02424	0.01609	0.14009	0.01496	0.01650	0.01166	0.01198	0.07912	0.00293	0.00965	0.00523	0.00438	0.00962
1	0.06736	0.16406	0.04747	0.01270	0.01716	0.01590	0.01106	0.12039	0.05551	0.13903	0.09181	0.10932	0.05508	0.01149	0.00716	0.00227	0.00634	0.05013	0.00632	0.00943
2	0.02318	0.09252	0.11356	0.05582	0.07094	0.01489	0.06187	0.02826	0.05869	0.31700	0.05209	0.02420	0.01777	0.00860	0.00721	0.00225	0.00762	0.02633	0.00631	0.01089
3	0.01192	0.00929	0.01220	0.01177	0.01316	0.01077	0.00884	0.01667	0.11544	0.01841	0.02121	0.03167	0.02007	0.19189	0.42397	0.00881	0.05413	0.00837	0.00450	0.00690
4	0.05011	0.07758	0.01570	0.01193	0.01565	0.05743	0.00963	0.02467	0.11566	0.19656	0.23994	0.03679	0.06857	0.01150	0.00751	0.00226	0.00570	0.03637	0.00720	0.00923
5	0.44284	0.09337	0.09692	0.01194	0.01711	0.05867	0.01109	0.06768	0.01529	0.02936	0.01245	0.01427	0.00970	0.00707	0.00518	0.00210	0.00683	0.00462	0.08491	0.00860

[dist]
# distance from previous block
# <min> <max>
2	3

[block]
# block no. 3 follows, 28 sequences, length 17
# corresponding to MSA columns:
# 198-214
name=unknown_D
#
# <colnr> <probs for GDERKNQSTAVLIFYWHMCP>
#	G	D	E	R	K	N	Q	S	T	A	V	L	I	F	Y	W	H	M	C	P
0	0.19081	0.09830	0.48819	0.01744	0.02636	0.01785	0.02125	0.02253	0.01462	0.02463	0.01211	0.01421	0.00892	0.00681	0.00616	0.00222	0.00932	0.00491	0.00339	0.00997
1	0.06338	0.02140	0.02118	0.01658	0.02214	0.08684	0.01356	0.58429	0.03190	0.04258	0.01653	0.01678	0.01187	0.00852	0.00708	0.00216	0.00836	0.00625	0.00681	0.01179
2	0.02573	0.01916	0.02061	0.01610	0.02152	0.02121	0.01319	0.57696	0.09415	0.04340	0.05823	0.02051	0.01657	0.00919	0.00736	0.00221	0.00752	0.00709	0.00733	0.01196
3	0.09821	0.60619	0.09897	0.01293	0.01941	0.02636	0.01334	0.02184	0.01458	0.01925	0.01039	0.01203	0.00917	0.00634	0.00486	0.00170	0.00784	0.00403	0.00325	0.00931
4	0.01943	0.74891	0.03809	0.01244	0.01866	0.02876	0.01244	0.02177	0.01477	0.01710	0.01011	0.01166	0.00933	0.00622	0.00466	0.00155	0.00777	0.00389	0.00311	0.00933
5	0.19535	0.34466	0.25393	0.01453	0.02186	0.02197	0.01618	0.02209	0.01441	0.02261	0.01109	0.01292	0.00896	0.00657	0.00537	0.00196	0.00827	0.00439	0.00341	0.00947
6	0.79588	0.01406	0.01068	0.00956	0.01406	0.01631	0.00787	0.02137	0.01237	0.03261	0.01012	0.01181	0.00787	0.00675	0.00450	0.00225	0.00562	0.00394	0.00450	0.00787
7	0.01101	0.00787	0.01091	0.01259	0.01395	0.00776	0.01050	0.01385	0.01604	0.02097	0.03887	0.24322	0.04336	0.02074	0.00985	0.00325	0.00609	0.49596	0.00671	0.00650
8	0.00886	0.00633	0.00843	0.01012	0.01054	0.00590	0.00675	0.01012	0.01392	0.01856	0.04006	0.73979	0.04808	0.02277	0.00928	0.00295	0.00422	0.02066	0.00675	0.00590
9	0.01038	0.00779	0.01168	0.01168	0.01298	0.00909	0.00909	0.01298	0.01168	0.01687	0.01947	0.02856	0.01817	0.05452	0.71573	0.01168	0.01947	0.00779	0.00389	0.00649
10	0.00886	0.00633	0.00843	0.01012	0.01054	0.00590	0.00675	0.01012	0.01392	0.01856	0.04006	0.73979	0.04808	0.02277	0.00928	0.00295	0.00422	0.02066	0.00675	0.00590
11	0.01507	0.01292	0.01507	0.01077	0.01723	0.00969	0.00861	0.01830	0.01507	0.02369	0.01292	0.01507	0.01077	0.00538	0.00538	0.00108	0.00538	0.00431	0.00431	0.78898
12	0.01943	0.74891	0.03809	0.01244	0.01866	0.02876	0.01244	0.02177	0.01477	0.01710	0.01011	0.01166	0.00933	0.00622	0.00466	0.00155	0.00777	0.00389	0.00311	0.00933
13	0.00886	0.00633	0.00843	0.01012	0.01054	0.00590	0.00675	0.01012	0.01392	0.01856	0.04006	0.73979	0.04808	0.02277	0.00928	0.00295	0.00422	0.02066	0.00675	0.00590
14	0.01490	0.03570	0.64373	0.02295	0.09371	0.01692	0.02643	0.02295	0.01546	0.02309	0.01310	0.01559	0.00942	0.00687	0.00693	0.00229	0.01055	0.00547	0.00312	0.01081
15	0.01799	0.01727	0.02950	0.04462	0.69919	0.01727	0.02231	0.02231	0.01655	0.02375	0.01367	0.01799	0.01151	0.00648	0.00720	0.00216	0.00864	0.00648	0.00360	0.01151
16	0.02923	0.01159	0.01575	0.01242	0.01740	0.01007	0.01011	0.03203	0.02046	0.60341	0.09724	0.06105	0.02456	0.01024	0.00753	0.00229	0.00581	0.00853	0.00879	0.01151

[dist]
# distance from previous block
# <min> <max>
0	9

# created by:
# /st0/software/busco_prod/Augustus/scripts/msa2prfl.pl ./align_prep/158308.fa
