[name]
unknown

[dist]
# distance from previous block
# <min> <max>
21	34

[block]
# block no. 0 follows, 31 sequences, length 26
# corresponding to MSA columns:
# 41-66
name=unknown_A
#
# <colnr> <probs for GDERKNQSTAVLIFYWHMCP>
#	G	D	E	R	K	N	Q	S	T	A	V	L	I	F	Y	W	H	M	C	P
0	0.02006	0.10845	0.13123	0.01642	0.02228	0.04126	0.07245	0.28521	0.14934	0.03071	0.04314	0.01853	0.01436	0.00784	0.00665	0.00207	0.00784	0.00633	0.00543	0.01040
1	0.01372	0.03539	0.72412	0.01950	0.02961	0.01589	0.02528	0.02167	0.01444	0.02167	0.01228	0.01444	0.00867	0.00650	0.00650	0.00217	0.01011	0.00506	0.00289	0.01011
2	0.09442	0.01306	0.05236	0.07117	0.03616	0.01204	0.01123	0.11881	0.01842	0.30153	0.02385	0.17565	0.02011	0.01070	0.00700	0.00226	0.00617	0.00898	0.00654	0.00953
3	0.11787	0.50567	0.08681	0.01281	0.01879	0.02288	0.04432	0.02103	0.04000	0.01948	0.01078	0.01235	0.00920	0.00605	0.00485	0.00165	0.00730	0.00416	0.00333	0.05065
4	0.01432	0.01247	0.01176	0.01069	0.01374	0.08265	0.00819	0.06435	0.19341	0.05001	0.08859	0.04377	0.33233	0.03303	0.00820	0.00234	0.00528	0.01063	0.00636	0.00789
5	0.00834	0.00595	0.00794	0.00953	0.00992	0.00556	0.00635	0.00953	0.01310	0.01746	0.03771	0.75510	0.04525	0.02143	0.00873	0.00278	0.00397	0.01945	0.00635	0.00556
6	0.00840	0.00607	0.00796	0.00933	0.00990	0.00562	0.00629	0.00975	0.01361	0.01812	0.08029	0.67512	0.08271	0.02076	0.00866	0.00272	0.00390	0.01875	0.00642	0.00562
7	0.01965	0.01719	0.02009	0.16303	0.05004	0.07655	0.05059	0.25240	0.20150	0.02942	0.01840	0.03938	0.01415	0.00828	0.00693	0.00218	0.00783	0.00688	0.00552	0.00998
8	0.00995	0.00663	0.00746	0.00746	0.00746	0.00663	0.00415	0.00995	0.00995	0.01327	0.02156	0.04477	0.02487	0.75957	0.03482	0.00663	0.00663	0.00995	0.00415	0.00415
9	0.01693	0.01626	0.02777	0.04199	0.71689	0.01626	0.02100	0.02100	0.01558	0.02235	0.01287	0.01693	0.01084	0.00610	0.00677	0.00203	0.00813	0.00610	0.00339	0.01084
10	0.02652	0.13265	0.02053	0.01368	0.01885	0.09675	0.01144	0.19807	0.04629	0.33664	0.01979	0.01849	0.01356	0.00787	0.00641	0.00197	0.00720	0.00595	0.00659	0.01075
11	0.02393	0.01731	0.01868	0.01461	0.01939	0.01903	0.01181	0.56507	0.06118	0.06093	0.01788	0.02025	0.01373	0.09232	0.00998	0.00258	0.00727	0.00668	0.00660	0.01076
12	0.00828	0.00692	0.00711	0.00707	0.00923	0.00586	0.00524	0.01004	0.01560	0.01887	0.11195	0.06387	0.63803	0.05037	0.00928	0.00249	0.00359	0.01409	0.00634	0.00575
13	0.01824	0.25979	0.16691	0.01806	0.07346	0.17728	0.07002	0.04083	0.01648	0.01995	0.06715	0.01636	0.01357	0.00697	0.00604	0.00185	0.00907	0.00540	0.00361	0.00894
14	0.01829	0.76368	0.03585	0.01171	0.01756	0.02707	0.01171	0.02049	0.01390	0.01610	0.00951	0.01097	0.00878	0.00585	0.00439	0.00146	0.00732	0.00366	0.00293	0.00878
15	0.01708	0.01394	0.01572	0.01170	0.01747	0.01248	0.00943	0.17110	0.07420	0.02749	0.01439	0.01561	0.01134	0.00612	0.00562	0.00135	0.00565	0.00483	0.00492	0.55957
16	0.01605	0.01475	0.02012	0.02670	0.35164	0.06338	0.01503	0.06873	0.09018	0.02286	0.02080	0.15891	0.02029	0.03082	0.00804	0.00238	0.00716	0.04810	0.00477	0.00926
17	0.15120	0.05090	0.01995	0.01992	0.13020	0.39500	0.01365	0.02366	0.01631	0.01987	0.01055	0.01312	0.00892	0.00730	0.00772	0.00199	0.09321	0.00471	0.00354	0.00829
18	0.02072	0.01334	0.01544	0.01296	0.01670	0.01408	0.01021	0.30182	0.07805	0.15969	0.02419	0.17763	0.02143	0.04659	0.05145	0.00297	0.00688	0.00949	0.00674	0.00962
19	0.00834	0.00595	0.00794	0.00953	0.00992	0.00556	0.00635	0.00953	0.01310	0.01746	0.03771	0.75510	0.04525	0.02143	0.00873	0.00278	0.00397	0.01945	0.00635	0.00556
20	0.02561	0.01838	0.01990	0.01532	0.02064	0.02018	0.01263	0.63986	0.03114	0.07222	0.04278	0.01801	0.01383	0.00844	0.00689	0.00206	0.00729	0.00642	0.00694	0.01144
21	0.14331	0.05864	0.01859	0.01418	0.01904	0.07638	0.01159	0.35809	0.14740	0.06080	0.01698	0.01689	0.01247	0.00791	0.00628	0.00206	0.00712	0.00582	0.00605	0.01039
22	0.01188	0.00594	0.00891	0.00891	0.00891	0.00594	0.00594	0.00891	0.00891	0.01188	0.01188	0.02080	0.01188	0.02377	0.02674	0.80095	0.00594	0.00594	0.00297	0.00297
23	0.02345	0.01723	0.01865	0.01465	0.01939	0.01892	0.01189	0.58956	0.02944	0.03953	0.05462	0.06040	0.01688	0.04294	0.00827	0.00230	0.00706	0.00739	0.00673	0.01069
24	0.02502	0.02941	0.02015	0.01906	0.07020	0.57333	0.01373	0.12846	0.02107	0.02116	0.01163	0.01328	0.00939	0.00716	0.00631	0.00183	0.01131	0.00479	0.00402	0.00870
25	0.04493	0.01575	0.01669	0.01505	0.03939	0.04484	0.01154	0.12923	0.44922	0.04520	0.02436	0.02338	0.03868	0.00926	0.00794	0.00229	0.05830	0.00725	0.00635	0.01035

[dist]
# distance from previous block
# <min> <max>
0	7

[block]
# block no. 1 follows, 31 sequences, length 13
# corresponding to MSA columns:
# 74-86
name=unknown_B
#
# <colnr> <probs for GDERKNQSTAVLIFYWHMCP>
#	G	D	E	R	K	N	Q	S	T	A	V	L	I	F	Y	W	H	M	C	P
0	0.01682	0.01470	0.01402	0.01254	0.01587	0.10542	0.00968	0.09639	0.28687	0.05296	0.13013	0.06883	0.12434	0.01129	0.00725	0.00221	0.00588	0.00932	0.00653	0.00896
1	0.01758	0.01605	0.02052	0.01736	0.01842	0.05522	0.01438	0.08647	0.01367	0.06283	0.01093	0.01550	0.00973	0.01114	0.01911	0.00278	0.59040	0.00598	0.00375	0.00818
2	0.01285	0.01541	0.13138	0.01525	0.01716	0.01531	0.01375	0.01540	0.01130	0.01690	0.01421	0.05824	0.01413	0.10109	0.16167	0.00484	0.36331	0.00722	0.00341	0.00718
3	0.01275	0.00638	0.00638	0.00638	0.00797	0.00638	0.00478	0.01594	0.01435	0.02551	0.02232	0.02551	0.01754	0.00797	0.00478	0.00159	0.00319	0.00638	0.79755	0.00638
4	0.02463	0.07737	0.04997	0.01725	0.02129	0.62558	0.01362	0.05749	0.01943	0.01813	0.01085	0.01253	0.00893	0.00701	0.00610	0.00177	0.01171	0.00447	0.00361	0.00825
5	0.01188	0.00594	0.00891	0.00891	0.00891	0.00594	0.00594	0.00891	0.00891	0.01188	0.01188	0.02080	0.01188	0.02377	0.02674	0.80095	0.00594	0.00594	0.00297	0.00297
6	0.01792	0.01515	0.01598	0.01411	0.01814	0.01744	0.01105	0.10277	0.63664	0.03008	0.02669	0.02461	0.01995	0.00917	0.00695	0.00229	0.00563	0.00758	0.00695	0.01091
7	0.80789	0.01323	0.01006	0.00900	0.01323	0.01535	0.00741	0.02011	0.01164	0.03070	0.00953	0.01111	0.00741	0.00635	0.00423	0.00212	0.00529	0.00370	0.00423	0.00741
8	0.00851	0.00695	0.00752	0.00737	0.00950	0.00596	0.00553	0.01064	0.01659	0.02085	0.23964	0.06194	0.54230	0.01644	0.00808	0.00227	0.00340	0.01389	0.00666	0.00596
9	0.01876	0.01481	0.01589	0.01367	0.01776	0.01662	0.01080	0.17546	0.46749	0.05959	0.06207	0.02650	0.05052	0.00960	0.00704	0.00225	0.00569	0.00788	0.00700	0.01060
10	0.01275	0.00638	0.00638	0.00638	0.00797	0.00638	0.00478	0.01594	0.01435	0.02551	0.02232	0.02551	0.01754	0.00797	0.00478	0.00159	0.00319	0.00638	0.79755	0.00638
11	0.01814	0.01404	0.01511	0.01296	0.01693	0.01544	0.01025	0.18723	0.37197	0.06535	0.07308	0.03047	0.11814	0.01040	0.00715	0.00223	0.00553	0.00854	0.00696	0.01009
12	0.02129	0.01659	0.01809	0.09295	0.05615	0.08511	0.01260	0.17802	0.22813	0.13399	0.01999	0.01988	0.01455	0.00799	0.00669	0.00207	0.00712	0.00642	0.00603	0.06634

[dist]
# distance from previous block
# <min> <max>
0	7

[block]
# block no. 2 follows, 31 sequences, length 69
# corresponding to MSA columns:
# 94-162
name=unknown_C
#
# <colnr> <probs for GDERKNQSTAVLIFYWHMCP>
#	G	D	E	R	K	N	Q	S	T	A	V	L	I	F	Y	W	H	M	C	P
0	0.02012	0.01488	0.01703	0.01417	0.01801	0.01676	0.01143	0.34328	0.14685	0.06697	0.01972	0.04449	0.01566	0.01795	0.15760	0.00402	0.04793	0.00714	0.00607	0.00993
1	0.00942	0.00698	0.00878	0.00833	0.01006	0.00634	0.00625	0.01241	0.01875	0.02597	0.60807	0.05351	0.17068	0.01453	0.00807	0.00218	0.00327	0.01271	0.00734	0.00634
2	0.02140	0.01642	0.01754	0.01440	0.01903	0.01831	0.01159	0.36370	0.31154	0.05459	0.02438	0.02312	0.05412	0.00917	0.00696	0.00218	0.00638	0.00729	0.00691	0.01098
3	0.02578	0.01822	0.01979	0.01531	0.02066	0.01998	0.01260	0.59263	0.07756	0.09962	0.01811	0.01764	0.01272	0.00831	0.00686	0.00208	0.00724	0.00633	0.00699	0.01158
4	0.00828	0.00655	0.00746	0.00805	0.00957	0.00573	0.00573	0.00989	0.01484	0.01862	0.09532	0.33641	0.41190	0.01874	0.00834	0.00249	0.00365	0.01629	0.00642	0.00573
5	0.02479	0.07774	0.02027	0.01712	0.02080	0.66171	0.01304	0.02722	0.04418	0.01714	0.01114	0.01274	0.00925	0.00706	0.00609	0.00176	0.01177	0.00448	0.00361	0.00809
6	0.00834	0.00595	0.00794	0.00953	0.00992	0.00556	0.00635	0.00953	0.01310	0.01746	0.03771	0.75510	0.04525	0.02143	0.00873	0.00278	0.00397	0.01945	0.00635	0.00556
7	0.01614	0.01731	0.03670	0.02637	0.03290	0.01610	0.60462	0.02151	0.01629	0.04632	0.03838	0.02100	0.03403	0.00646	0.00794	0.00226	0.01063	0.00825	0.00387	0.03293
8	0.05127	0.01894	0.01976	0.01535	0.02066	0.04640	0.01261	0.59432	0.04967	0.07689	0.01687	0.01672	0.01194	0.00815	0.00674	0.00206	0.00748	0.00610	0.00673	0.01134
9	0.00905	0.00637	0.00831	0.00959	0.01009	0.00611	0.00663	0.01030	0.01289	0.01711	0.03437	0.51674	0.04044	0.16328	0.01387	0.00358	0.00483	0.11513	0.00592	0.00540
10	0.02556	0.03261	0.01939	0.01763	0.02115	0.73210	0.01322	0.02732	0.01939	0.01674	0.01058	0.01234	0.00881	0.00705	0.00617	0.00176	0.01234	0.00441	0.00353	0.00793
11	0.00834	0.00595	0.00794	0.00953	0.00992	0.00556	0.00635	0.00953	0.01310	0.01746	0.03771	0.75510	0.04525	0.02143	0.00873	0.00278	0.00397	0.01945	0.00635	0.00556
12	0.02532	0.01866	0.02013	0.01554	0.02084	0.02068	0.01282	0.66532	0.03127	0.04197	0.01651	0.01687	0.01187	0.01003	0.03745	0.00243	0.00798	0.00621	0.00671	0.01140
13	0.80789	0.01323	0.01006	0.00900	0.01323	0.01535	0.00741	0.02011	0.01164	0.03070	0.00953	0.01111	0.00741	0.00635	0.00423	0.00212	0.00529	0.00370	0.00423	0.00741
14	0.01505	0.11556	0.60031	0.01838	0.02770	0.01749	0.02294	0.06647	0.01557	0.02248	0.01225	0.01419	0.00888	0.00654	0.00629	0.00208	0.00963	0.00497	0.00316	0.01006
15	0.00810	0.00688	0.00698	0.00706	0.00928	0.00576	0.00526	0.00980	0.01547	0.01843	0.06771	0.10071	0.68028	0.01753	0.00812	0.00233	0.00349	0.01469	0.00635	0.00576
16	0.02520	0.01869	0.02010	0.01536	0.02088	0.02039	0.01267	0.64798	0.03094	0.04170	0.01613	0.01627	0.01153	0.00800	0.00672	0.00198	0.00736	0.00602	0.00665	0.06541
17	0.02282	0.12651	0.02092	0.01356	0.01920	0.01828	0.01144	0.37838	0.02425	0.10690	0.01561	0.01587	0.01145	0.00721	0.00610	0.00175	0.00678	0.00541	0.00584	0.18171
18	0.02396	0.01783	0.01926	0.01509	0.02011	0.01975	0.01236	0.58540	0.08596	0.04032	0.05267	0.01924	0.01523	0.00988	0.02856	0.00235	0.00746	0.00664	0.00679	0.01114
19	0.00847	0.00681	0.00756	0.00767	0.00955	0.00589	0.00564	0.01046	0.01607	0.02031	0.20665	0.16043	0.47610	0.01717	0.00817	0.00234	0.00348	0.01469	0.00661	0.00589
20	0.01275	0.00638	0.00638	0.00638	0.00797	0.00638	0.00478	0.01594	0.01435	0.02551	0.02232	0.02551	0.01754	0.00797	0.00478	0.00159	0.00319	0.00638	0.79755	0.00638
21	0.03959	0.21304	0.26901	0.02027	0.05579	0.08611	0.18170	0.02189	0.01515	0.02015	0.01175	0.01435	0.00918	0.00619	0.00627	0.00198	0.00974	0.00538	0.00316	0.00931
22	0.00834	0.00595	0.00794	0.00953	0.00992	0.00556	0.00635	0.00953	0.01310	0.01746	0.03771	0.75510	0.04525	0.02143	0.00873	0.00278	0.00397	0.01945	0.00635	0.00556
23	0.01624	0.01316	0.01556	0.04971	0.01850	0.01172	0.00967	0.11682	0.03774	0.04386	0.03632	0.01653	0.01254	0.00632	0.00612	0.00139	0.02699	0.00498	0.00469	0.55112
24	0.01977	0.02239	0.01738	0.03981	0.04067	0.39824	0.01236	0.06093	0.01694	0.01822	0.01322	0.01728	0.01148	0.02024	0.21884	0.00456	0.05073	0.00555	0.00371	0.00767
25	0.00834	0.00595	0.00794	0.00953	0.00992	0.00556	0.00635	0.00953	0.01310	0.01746	0.03771	0.75510	0.04525	0.02143	0.00873	0.00278	0.00397	0.01945	0.00635	0.00556
26	0.02105	0.01428	0.01590	0.01308	0.01718	0.01533	0.01036	0.27478	0.20617	0.14360	0.07018	0.02685	0.04555	0.08239	0.00973	0.00260	0.00617	0.00778	0.00690	0.01013
27	0.01445	0.03593	0.01925	0.01602	0.01749	0.03664	0.05768	0.05084	0.03829	0.01887	0.03304	0.07221	0.01531	0.01931	0.15530	0.00431	0.37617	0.00749	0.00387	0.00755
28	0.00834	0.00595	0.00794	0.00953	0.00992	0.00556	0.00635	0.00953	0.01310	0.01746	0.03771	0.75510	0.04525	0.02143	0.00873	0.00278	0.00397	0.01945	0.00635	0.00556
29	0.02449	0.14029	0.02181	0.01675	0.02062	0.62826	0.01300	0.02631	0.01858	0.01665	0.01042	0.01214	0.00881	0.00687	0.00591	0.00172	0.01160	0.00430	0.00344	0.00806
30	0.00834	0.00595	0.00794	0.00953	0.00992	0.00556	0.00635	0.00953	0.01310	0.01746	0.03771	0.75510	0.04525	0.02143	0.00873	0.00278	0.00397	0.01945	0.00635	0.00556
31	0.02986	0.01298	0.01670	0.01281	0.01813	0.01203	0.01058	0.15053	0.02181	0.60129	0.02512	0.02207	0.01600	0.00842	0.00687	0.00211	0.00612	0.00675	0.00818	0.01164
32	0.01915	0.43596	0.05538	0.03870	0.03946	0.20711	0.03212	0.02162	0.01540	0.01694	0.01184	0.05544	0.01102	0.00713	0.00543	0.00171	0.00873	0.00510	0.00331	0.00845
33	0.02556	0.03261	0.01939	0.01763	0.02115	0.73210	0.01322	0.02732	0.01939	0.01674	0.01058	0.01234	0.00881	0.00705	0.00617	0.00176	0.01234	0.00441	0.00353	0.00793
34	0.00910	0.00661	0.00849	0.03263	0.01078	0.00639	0.00642	0.01052	0.01337	0.01782	0.11293	0.39531	0.09541	0.18068	0.03793	0.00377	0.00513	0.03542	0.00581	0.00548
35	0.00995	0.00663	0.00746	0.00746	0.00746	0.00663	0.00415	0.00995	0.00995	0.01327	0.02156	0.04477	0.02487	0.75957	0.03482	0.00663	0.00663	0.00995	0.00415	0.00415
36	0.02535	0.05377	0.01986	0.01745	0.02105	0.71169	0.01317	0.02712	0.01923	0.01673	0.01054	0.01230	0.00881	0.00702	0.00612	0.00175	0.01219	0.00438	0.00351	0.00796
37	0.01617	0.01838	0.03996	0.02926	0.05799	0.01727	0.67014	0.02188	0.01613	0.02193	0.01381	0.01840	0.01040	0.00578	0.00803	0.00230	0.01142	0.00801	0.00346	0.00928
38	0.01555	0.01243	0.01454	0.01048	0.01649	0.00968	0.00842	0.04662	0.01523	0.05982	0.01312	0.01476	0.01055	0.00538	0.00524	0.00112	0.00521	0.00429	0.00440	0.72669
39	0.00818	0.00696	0.00706	0.00711	0.00939	0.00584	0.00538	0.00995	0.01560	0.01854	0.06829	0.06619	0.69334	0.01737	0.00813	0.00234	0.00355	0.03465	0.00635	0.00579
40	0.01419	0.01216	0.01419	0.01013	0.01621	0.00912	0.00811	0.01723	0.01419	0.02229	0.01216	0.01419	0.01013	0.00507	0.00507	0.00101	0.00507	0.00405	0.00405	0.80139
41	0.00834	0.00595	0.00794	0.00953	0.00992	0.00556	0.00635	0.00953	0.01310	0.01746	0.03771	0.75510	0.04525	0.02143	0.00873	0.00278	0.00397	0.01945	0.00635	0.00556
42	0.01494	0.01615	0.05842	0.01838	0.01913	0.02057	0.03682	0.01691	0.01086	0.01691	0.00931	0.01505	0.00901	0.01149	0.02116	0.00293	0.68527	0.00600	0.00300	0.00768
43	0.00842	0.00599	0.00791	0.00942	0.00980	0.00561	0.00624	0.00955	0.01294	0.01725	0.03689	0.71917	0.04422	0.05877	0.01005	0.00297	0.00410	0.01897	0.00624	0.00549
44	0.02601	0.01916	0.02053	0.01574	0.02122	0.02122	0.01300	0.69408	0.03217	0.04312	0.01643	0.01643	0.01163	0.00821	0.00684	0.00205	0.00753	0.00616	0.00684	0.01163
45	0.01562	0.03871	0.13857	0.10719	0.03354	0.01656	0.42735	0.02108	0.01537	0.04381	0.01443	0.04419	0.01136	0.00686	0.00806	0.00229	0.03482	0.00758	0.00356	0.00905
46	0.01275	0.00638	0.00638	0.00638	0.00797	0.00638	0.00478	0.01594	0.01435	0.02551	0.02232	0.02551	0.01754	0.00797	0.00478	0.00159	0.00319	0.00638	0.79755	0.00638
47	0.06183	0.01723	0.05206	0.01388	0.01829	0.08827	0.01151	0.26432	0.11349	0.11882	0.08395	0.08587	0.02069	0.00978	0.00692	0.00215	0.00683	0.00784	0.00641	0.00985
48	0.02410	0.01822	0.01946	0.01536	0.02049	0.02033	0.01254	0.55464	0.17470	0.04004	0.01885	0.01835	0.01360	0.00844	0.00687	0.00211	0.00708	0.00649	0.00687	0.01146
49	0.00834	0.00595	0.00794	0.00953	0.00992	0.00556	0.00635	0.00953	0.01310	0.01746	0.03771	0.75510	0.04525	0.02143	0.00873	0.00278	0.00397	0.01945	0.00635	0.00556
50	0.01416	0.06728	0.47540	0.01908	0.04709	0.04158	0.08581	0.02059	0.01548	0.02204	0.11018	0.01977	0.01672	0.00745	0.00676	0.00212	0.00916	0.00630	0.00363	0.00939
51	0.01859	0.01537	0.01624	0.01407	0.01822	0.01752	0.01109	0.17225	0.54190	0.03130	0.02684	0.02497	0.04191	0.00933	0.00697	0.00226	0.00579	0.00763	0.00692	0.01083
52	0.00834	0.00595	0.00794	0.00953	0.00992	0.00556	0.00635	0.00953	0.01310	0.01746	0.03771	0.75510	0.04525	0.02143	0.00873	0.00278	0.00397	0.01945	0.00635	0.00556
53	0.02556	0.03261	0.01939	0.01763	0.02115	0.73210	0.01322	0.02732	0.01939	0.01674	0.01058	0.01234	0.00881	0.00705	0.00617	0.00176	0.01234	0.00441	0.00353	0.00793
54	0.00834	0.00595	0.00794	0.00953	0.00992	0.00556	0.00635	0.00953	0.01310	0.01746	0.03771	0.75510	0.04525	0.02143	0.00873	0.00278	0.00397	0.01945	0.00635	0.00556
55	0.02601	0.01916	0.02053	0.01574	0.02122	0.02122	0.01300	0.69408	0.03217	0.04312	0.01643	0.01643	0.01163	0.00821	0.00684	0.00205	0.00753	0.00616	0.00684	0.01163
56	0.02465	0.02826	0.01951	0.01772	0.04195	0.52665	0.01321	0.14350	0.07946	0.02249	0.01312	0.01430	0.01038	0.00741	0.00637	0.00187	0.01079	0.00504	0.00439	0.00891
57	0.02556	0.03261	0.01939	0.01763	0.02115	0.73210	0.01322	0.02732	0.01939	0.01674	0.01058	0.01234	0.00881	0.00705	0.00617	0.00176	0.01234	0.00441	0.00353	0.00793
58	0.00834	0.00595	0.00794	0.00953	0.00992	0.00556	0.00635	0.00953	0.01310	0.01746	0.03771	0.75510	0.04525	0.02143	0.00873	0.00278	0.00397	0.01945	0.00635	0.00556
59	0.00809	0.00693	0.00693	0.00693	0.00924	0.00578	0.00520	0.00982	0.01559	0.01848	0.06931	0.06584	0.71411	0.01733	0.00809	0.00231	0.00347	0.01444	0.00635	0.00578
60	0.01188	0.00594	0.00891	0.00891	0.00891	0.00594	0.00594	0.00891	0.00891	0.01188	0.01188	0.02080	0.01188	0.02377	0.02674	0.80095	0.00594	0.00594	0.00297	0.00297
61	0.80789	0.01323	0.01006	0.00900	0.01323	0.01535	0.00741	0.02011	0.01164	0.03070	0.00953	0.01111	0.00741	0.00635	0.00423	0.00212	0.00529	0.00370	0.00423	0.00741
62	0.01666	0.01437	0.01531	0.01344	0.01759	0.01601	0.01048	0.03392	0.61670	0.02781	0.02585	0.02408	0.01952	0.00875	0.00672	0.00215	0.00537	0.00727	0.00659	0.11141
63	0.00826	0.00691	0.00719	0.00719	0.00936	0.00584	0.00536	0.01013	0.01590	0.01937	0.13437	0.08671	0.62572	0.01712	0.00810	0.00231	0.00346	0.01439	0.00647	0.00584
64	0.01397	0.01193	0.01395	0.01011	0.01598	0.00899	0.00804	0.01694	0.01415	0.02211	0.01313	0.04220	0.01146	0.00569	0.00521	0.00108	0.00503	0.00464	0.00414	0.77130
65	0.01818	0.40048	0.17363	0.01397	0.02021	0.06675	0.01435	0.11759	0.01726	0.02169	0.03814	0.01628	0.04086	0.00717	0.00558	0.00177	0.00794	0.00511	0.00383	0.00921
66	0.01615	0.01845	0.04037	0.02884	0.03576	0.01730	0.69204	0.02191	0.01615	0.02191	0.01384	0.01845	0.01038	0.00577	0.00807	0.00231	0.01153	0.00807	0.00346	0.00923
67	0.00814	0.00693	0.00701	0.00699	0.00928	0.00580	0.00524	0.00993	0.01573	0.01880	0.09249	0.06531	0.69073	0.01721	0.00809	0.00230	0.00346	0.01436	0.00640	0.00580
68	0.02517	0.01798	0.01965	0.01524	0.02042	0.01978	0.01255	0.61388	0.03009	0.07686	0.01711	0.01748	0.01228	0.01111	0.05533	0.00265	0.00816	0.00628	0.00672	0.01127

[dist]
# distance from previous block
# <min> <max>
0	1

[block]
# block no. 3 follows, 31 sequences, length 43
# corresponding to MSA columns:
# 164-206
name=unknown_D
#
# <colnr> <probs for GDERKNQSTAVLIFYWHMCP>
#	G	D	E	R	K	N	Q	S	T	A	V	L	I	F	Y	W	H	M	C	P
0	0.00995	0.00663	0.00746	0.00746	0.00746	0.00663	0.00415	0.00995	0.00995	0.01327	0.02156	0.04477	0.02487	0.75957	0.03482	0.00663	0.00663	0.00995	0.00415	0.00415
1	0.22421	0.05542	0.06722	0.05191	0.09860	0.01711	0.06251	0.19435	0.04350	0.06565	0.04621	0.01720	0.01293	0.00733	0.00616	0.00209	0.00719	0.00583	0.00500	0.00957
2	0.02603	0.01848	0.02035	0.01691	0.06182	0.04127	0.01312	0.55267	0.02925	0.12457	0.01734	0.01717	0.01215	0.00808	0.00682	0.00205	0.00750	0.00619	0.00674	0.01148
3	0.00849	0.00607	0.00812	0.00971	0.01017	0.00569	0.00663	0.00980	0.01325	0.01764	0.03762	0.71508	0.04490	0.02128	0.00877	0.00280	0.00411	0.05791	0.00635	0.00560
4	0.01634	0.01792	0.11102	0.19220	0.43152	0.01636	0.02047	0.07162	0.01628	0.02277	0.01291	0.01688	0.01025	0.00647	0.00676	0.00210	0.00854	0.00597	0.00351	0.01009
5	0.00971	0.00710	0.00894	0.00856	0.01008	0.00664	0.00626	0.01284	0.03493	0.02510	0.55659	0.08445	0.10648	0.07981	0.01042	0.00259	0.00363	0.01253	0.00708	0.00627
6	0.00854	0.00615	0.00813	0.00952	0.01012	0.00573	0.00654	0.00998	0.01372	0.01830	0.08360	0.65307	0.06858	0.02068	0.00870	0.00274	0.00401	0.04977	0.00643	0.00566
7	0.01829	0.76368	0.03585	0.01171	0.01756	0.02707	0.01171	0.02049	0.01390	0.01610	0.00951	0.01097	0.00878	0.00585	0.00439	0.00146	0.00732	0.00366	0.00293	0.00878
8	0.00911	0.00628	0.00771	0.00854	0.00874	0.00607	0.00529	0.00973	0.01159	0.01545	0.02997	0.41477	0.03549	0.37508	0.02123	0.00463	0.00525	0.01490	0.00529	0.00488
9	0.11671	0.01847	0.01932	0.01496	0.02029	0.02054	0.01235	0.61589	0.02979	0.04168	0.01563	0.01581	0.01114	0.00800	0.00654	0.00206	0.00727	0.00587	0.00654	0.01114
10	0.06629	0.01408	0.02118	0.45343	0.16331	0.01635	0.01768	0.12509	0.01682	0.02326	0.01280	0.01726	0.00972	0.00689	0.00666	0.00219	0.00844	0.00594	0.00378	0.00882
11	0.02556	0.03261	0.01939	0.01763	0.02115	0.73210	0.01322	0.02732	0.01939	0.01674	0.01058	0.01234	0.00881	0.00705	0.00617	0.00176	0.01234	0.00441	0.00353	0.00793
12	0.01497	0.01497	0.02095	0.01796	0.01796	0.02095	0.01497	0.01646	0.01048	0.01646	0.00898	0.01497	0.00898	0.01197	0.02245	0.00299	0.74704	0.00599	0.00299	0.00748
13	0.00886	0.00680	0.00812	0.00813	0.00980	0.00605	0.00597	0.01120	0.01692	0.02244	0.36113	0.17232	0.30459	0.01646	0.00818	0.00231	0.00344	0.01431	0.00690	0.00605
14	0.01401	0.03335	0.64173	0.02062	0.03035	0.01606	0.10562	0.02170	0.01465	0.02170	0.01247	0.01493	0.00887	0.00641	0.00669	0.00218	0.01028	0.00542	0.00296	0.01000
15	0.80789	0.01323	0.01006	0.00900	0.01323	0.01535	0.00741	0.02011	0.01164	0.03070	0.00953	0.01111	0.00741	0.00635	0.00423	0.00212	0.00529	0.00370	0.00423	0.00741
16	0.01679	0.01716	0.02310	0.22753	0.36424	0.13287	0.01839	0.02054	0.01570	0.01995	0.01413	0.02126	0.01227	0.00746	0.00690	0.00214	0.00895	0.05795	0.00354	0.00912
17	0.00817	0.00690	0.00707	0.00710	0.00931	0.00580	0.00530	0.00995	0.01568	0.01886	0.09780	0.08969	0.66044	0.01732	0.00811	0.00232	0.00347	0.01452	0.00641	0.00580
18	0.01419	0.01216	0.01419	0.01013	0.01621	0.00912	0.00811	0.01723	0.01419	0.02229	0.01216	0.01419	0.01013	0.00507	0.00507	0.00101	0.00507	0.00405	0.00405	0.80139
19	0.05054	0.15051	0.46221	0.01947	0.05970	0.01763	0.08685	0.02119	0.01457	0.02135	0.02848	0.01510	0.01022	0.00647	0.00626	0.00206	0.00932	0.00528	0.00315	0.00963
20	0.25789	0.10898	0.01852	0.01315	0.01793	0.07987	0.01091	0.26821	0.10989	0.03198	0.01450	0.01500	0.01098	0.00741	0.00572	0.00201	0.00697	0.00517	0.00532	0.00960
21	0.00837	0.00665	0.00754	0.00807	0.00969	0.00582	0.00585	0.01008	0.01505	0.01883	0.10198	0.28751	0.43153	0.01848	0.00834	0.00248	0.00371	0.03781	0.00643	0.00577
22	0.74143	0.01422	0.04420	0.00961	0.01417	0.01518	0.00836	0.02067	0.01207	0.05580	0.01030	0.01172	0.00782	0.00644	0.00444	0.00212	0.00554	0.00389	0.00433	0.00769
23	0.02207	0.01518	0.01697	0.01386	0.01806	0.01628	0.01107	0.46186	0.02625	0.10085	0.02270	0.20030	0.02047	0.01152	0.00732	0.00224	0.00648	0.00952	0.00687	0.01013
24	0.00834	0.00595	0.00794	0.00953	0.00992	0.00556	0.00635	0.00953	0.01310	0.01746	0.03771	0.75510	0.04525	0.02143	0.00873	0.00278	0.00397	0.01945	0.00635	0.00556
25	0.01488	0.01419	0.02033	0.02461	0.29131	0.06892	0.06678	0.03438	0.01572	0.02118	0.11576	0.07408	0.04992	0.10121	0.01154	0.00273	0.05101	0.00865	0.00445	0.00833
26	0.02004	0.07849	0.11825	0.05150	0.06365	0.34961	0.01572	0.02362	0.04404	0.01817	0.01135	0.01409	0.00944	0.00782	0.00918	0.00209	0.14601	0.00504	0.00341	0.00848
27	0.00834	0.00595	0.00794	0.00953	0.00992	0.00556	0.00635	0.00953	0.01310	0.01746	0.03771	0.75510	0.04525	0.02143	0.00873	0.00278	0.00397	0.01945	0.00635	0.00556
28	0.01593	0.01899	0.08012	0.06176	0.10406	0.01702	0.55370	0.02161	0.01588	0.02174	0.01357	0.01805	0.01026	0.00589	0.00779	0.00227	0.01100	0.00760	0.00340	0.00937
29	0.03245	0.00715	0.00894	0.00845	0.01013	0.00667	0.00630	0.01277	0.01850	0.02631	0.61814	0.05083	0.11061	0.04226	0.00897	0.00233	0.00343	0.01219	0.00722	0.00634
30	0.00833	0.00599	0.00790	0.00942	0.00989	0.00557	0.00630	0.00954	0.01320	0.01751	0.03900	0.72681	0.07270	0.02127	0.00871	0.00276	0.00395	0.01924	0.00635	0.00557
31	0.02530	0.05871	0.01998	0.01741	0.02102	0.70692	0.01316	0.02707	0.01919	0.01672	0.01054	0.01229	0.00881	0.00701	0.00611	0.00175	0.01216	0.00438	0.00350	0.00796
32	0.00895	0.00629	0.00813	0.00937	0.00980	0.00602	0.00632	0.01007	0.01267	0.01684	0.03403	0.53366	0.04022	0.18265	0.01451	0.00366	0.00478	0.08085	0.00586	0.00532
33	0.70404	0.01307	0.01122	0.07204	0.01633	0.01509	0.00852	0.02049	0.01218	0.06134	0.01055	0.01228	0.00799	0.00649	0.00458	0.00213	0.00564	0.00405	0.00433	0.00762
34	0.02593	0.02159	0.02033	0.01608	0.02120	0.14950	0.01304	0.57376	0.02986	0.03836	0.01537	0.01569	0.01113	0.00800	0.00672	0.00200	0.00840	0.00584	0.00625	0.01097
35	0.02556	0.03261	0.01939	0.01763	0.02115	0.73210	0.01322	0.02732	0.01939	0.01674	0.01058	0.01234	0.00881	0.00705	0.00617	0.00176	0.01234	0.00441	0.00353	0.00793
36	0.00834	0.00595	0.00794	0.00953	0.00992	0.00556	0.00635	0.00953	0.01310	0.01746	0.03771	0.75510	0.04525	0.02143	0.00873	0.00278	0.00397	0.01945	0.00635	0.00556
37	0.00832	0.00603	0.00786	0.00932	0.00987	0.00557	0.00626	0.00955	0.01329	0.01754	0.04016	0.70162	0.09714	0.02112	0.00868	0.00274	0.00393	0.01906	0.00635	0.00557
38	0.02491	0.01862	0.01991	0.01552	0.02080	0.02070	0.01274	0.61374	0.11429	0.04135	0.01782	0.01754	0.01276	0.00834	0.00686	0.00209	0.00727	0.00635	0.00686	0.01154
39	0.80789	0.01323	0.01006	0.00900	0.01323	0.01535	0.00741	0.02011	0.01164	0.03070	0.00953	0.01111	0.00741	0.00635	0.00423	0.00212	0.00529	0.00370	0.00423	0.00741
40	0.01899	0.11250	0.10759	0.01423	0.01930	0.12581	0.01272	0.21015	0.08012	0.02632	0.02093	0.07245	0.07437	0.00912	0.00652	0.00197	0.00759	0.00709	0.00509	0.06715
41	0.00951	0.00689	0.00880	0.00849	0.00994	0.00636	0.00620	0.01226	0.01800	0.02514	0.57543	0.10294	0.09860	0.06914	0.01007	0.00253	0.00354	0.01283	0.00713	0.00618
42	0.01535	0.01285	0.01481	0.01069	0.01671	0.01031	0.00859	0.08405	0.01596	0.02435	0.01258	0.01441	0.01028	0.00538	0.00524	0.00112	0.00531	0.00426	0.00433	0.72342

[dist]
# distance from previous block
# <min> <max>
1	2

[block]
# block no. 4 follows, 31 sequences, length 49
# corresponding to MSA columns:
# 209-257
name=unknown_E
#
# <colnr> <probs for GDERKNQSTAVLIFYWHMCP>
#	G	D	E	R	K	N	Q	S	T	A	V	L	I	F	Y	W	H	M	C	P
0	0.03918	0.00775	0.00967	0.00881	0.01105	0.00709	0.00674	0.01516	0.01860	0.10924	0.51700	0.04848	0.14798	0.01353	0.00780	0.00217	0.00364	0.01171	0.00737	0.00701
1	0.00915	0.00650	0.00750	0.00794	0.00848	0.00617	0.00496	0.00981	0.01188	0.01541	0.03490	0.24822	0.15775	0.41527	0.02256	0.00475	0.00530	0.01345	0.00517	0.00484
2	0.61274	0.01390	0.01316	0.01103	0.01542	0.01571	0.03814	0.07903	0.01422	0.08804	0.01173	0.01304	0.00875	0.00687	0.00552	0.00215	0.03318	0.00445	0.00473	0.00820
3	0.02392	0.02951	0.02098	0.02225	0.15308	0.59635	0.01469	0.02612	0.01867	0.01781	0.01101	0.01321	0.00920	0.00687	0.00628	0.00181	0.01154	0.00473	0.00350	0.00848
4	0.00912	0.00630	0.00778	0.00856	0.00883	0.00608	0.00537	0.00986	0.01196	0.01601	0.05982	0.40574	0.03694	0.35235	0.02041	0.00448	0.00513	0.01488	0.00541	0.00496
5	0.01927	0.01581	0.01674	0.01438	0.01865	0.01807	0.01137	0.20097	0.53625	0.03225	0.02499	0.02325	0.01857	0.00901	0.00693	0.00225	0.00594	0.00734	0.00693	0.01103
6	0.01491	0.02923	0.47679	0.04175	0.14414	0.03644	0.11726	0.02165	0.01499	0.02157	0.01254	0.01545	0.00928	0.00635	0.00676	0.00216	0.01002	0.00566	0.00307	0.00999
7	0.00834	0.00595	0.00794	0.00953	0.00992	0.00556	0.00635	0.00953	0.01310	0.01746	0.03771	0.75510	0.04525	0.02143	0.00873	0.00278	0.00397	0.01945	0.00635	0.00556
8	0.01114	0.01067	0.09323	0.01026	0.01305	0.00787	0.00890	0.01476	0.04014	0.06455	0.29976	0.18943	0.16455	0.01483	0.00795	0.00234	0.00453	0.02847	0.00655	0.00704
9	0.00977	0.04293	0.00999	0.00851	0.01039	0.00729	0.00649	0.01262	0.01822	0.02499	0.54469	0.07931	0.17069	0.01446	0.00792	0.00217	0.00349	0.01258	0.00707	0.00642
10	0.00844	0.00603	0.00803	0.00946	0.00995	0.00563	0.00636	0.00978	0.01358	0.01822	0.08916	0.70148	0.04672	0.02087	0.00868	0.00273	0.00391	0.01891	0.00644	0.00563
11	0.01829	0.76368	0.03585	0.01171	0.01756	0.02707	0.01171	0.02049	0.01390	0.01610	0.00951	0.01097	0.00878	0.00585	0.00439	0.00146	0.00732	0.00366	0.00293	0.00878
12	0.00838	0.00599	0.00798	0.00950	0.00993	0.00559	0.00635	0.00964	0.01331	0.01780	0.06051	0.73134	0.04590	0.02118	0.00871	0.00276	0.00394	0.01921	0.00639	0.00559
13	0.02601	0.01916	0.02053	0.01574	0.02122	0.02122	0.01300	0.69408	0.03217	0.04312	0.01643	0.01643	0.01163	0.00821	0.00684	0.00205	0.00753	0.00616	0.00684	0.01163
14	0.01548	0.02353	0.27044	0.02429	0.03186	0.01634	0.40617	0.02164	0.01542	0.04218	0.01430	0.03981	0.01103	0.00674	0.00791	0.00229	0.03033	0.00731	0.00349	0.00944
15	0.02556	0.03261	0.01939	0.01763	0.02115	0.73210	0.01322	0.02732	0.01939	0.01674	0.01058	0.01234	0.00881	0.00705	0.00617	0.00176	0.01234	0.00441	0.00353	0.00793
16	0.02054	0.01381	0.01630	0.03256	0.01859	0.01251	0.01004	0.19008	0.01980	0.17261	0.01631	0.01675	0.01189	0.00661	0.00594	0.00154	0.00595	0.00522	0.00564	0.41728
17	0.01016	0.00775	0.00994	0.01003	0.01089	0.02898	0.00721	0.01176	0.01113	0.01529	0.02080	0.09793	0.02167	0.25256	0.44304	0.00871	0.01345	0.00911	0.00404	0.00554
18	0.00870	0.00617	0.00813	0.00956	0.01000	0.00584	0.00649	0.00993	0.01299	0.01727	0.03597	0.63141	0.04275	0.09543	0.01141	0.00319	0.00442	0.06874	0.00613	0.00547
19	0.01094	0.00821	0.03653	0.00963	0.01156	0.00695	0.00763	0.01394	0.01785	0.06709	0.48471	0.17685	0.05464	0.01499	0.00814	0.00232	0.00395	0.05020	0.00713	0.00674
20	0.05017	0.01852	0.01969	0.01534	0.02062	0.02061	0.01261	0.60636	0.09909	0.04126	0.01735	0.01717	0.01243	0.00826	0.00677	0.00208	0.00724	0.00624	0.00677	0.01142
21	0.01408	0.03123	0.60080	0.05621	0.02874	0.01551	0.02317	0.02117	0.01458	0.04275	0.04302	0.01653	0.01139	0.00717	0.00737	0.00221	0.04553	0.00553	0.00327	0.00974
22	0.00819	0.00691	0.00710	0.00711	0.00932	0.00581	0.00531	0.01000	0.01576	0.01901	0.10861	0.08393	0.65513	0.01723	0.00810	0.00231	0.00346	0.01445	0.00643	0.00581
23	0.01422	0.01229	0.01451	0.01051	0.01630	0.00968	0.00843	0.01719	0.01401	0.02202	0.01201	0.01422	0.01008	0.00540	0.00589	0.00111	0.04036	0.00415	0.00400	0.76363
24	0.09894	0.05247	0.06128	0.07061	0.06137	0.01755	0.01311	0.27688	0.12159	0.07250	0.03774	0.01835	0.01385	0.00778	0.00641	0.00205	0.00695	0.00608	0.00567	0.04884
25	0.06689	0.57698	0.05613	0.01166	0.01700	0.02368	0.01131	0.05779	0.01445	0.01848	0.01113	0.01458	0.01036	0.07657	0.00744	0.00205	0.00724	0.00444	0.00334	0.00847
26	0.00828	0.00687	0.00702	0.00707	0.00908	0.00586	0.00513	0.00982	0.01494	0.01792	0.06344	0.08561	0.62261	0.09310	0.01083	0.00277	0.00380	0.01414	0.00613	0.00560
27	0.70618	0.01325	0.01096	0.00952	0.01390	0.01499	0.00784	0.04178	0.01306	0.10052	0.01149	0.01250	0.00849	0.00662	0.00458	0.00211	0.00541	0.00410	0.00474	0.00796
28	0.01664	0.01793	0.08636	0.03967	0.63630	0.01626	0.04420	0.02108	0.01550	0.02228	0.01285	0.01678	0.01064	0.00612	0.00679	0.00205	0.00841	0.00608	0.00335	0.01072
29	0.00834	0.00595	0.00794	0.00953	0.00992	0.00556	0.00635	0.00953	0.01310	0.01746	0.03771	0.75510	0.04525	0.02143	0.00873	0.00278	0.00397	0.01945	0.00635	0.00556
30	0.08836	0.16401	0.19454	0.01572	0.06908	0.01696	0.01443	0.09664	0.08597	0.02491	0.09299	0.07235	0.01911	0.00871	0.00632	0.00206	0.00702	0.00697	0.00467	0.00917
31	0.01776	0.01798	0.02644	0.07248	0.60324	0.10036	0.01999	0.02157	0.01594	0.02146	0.01257	0.01645	0.01052	0.00624	0.00671	0.00201	0.00867	0.00590	0.00339	0.01034
32	0.00834	0.00595	0.00794	0.00953	0.00992	0.00556	0.00635	0.00953	0.01310	0.01746	0.03771	0.75510	0.04525	0.02143	0.00873	0.00278	0.00397	0.01945	0.00635	0.00556
33	0.01474	0.02878	0.46839	0.02488	0.13111	0.01626	0.17512	0.02162	0.01499	0.02182	0.01272	0.01571	0.00937	0.00628	0.00689	0.00218	0.01014	0.00589	0.00309	0.01002
34	0.01550	0.01713	0.05853	0.02897	0.18228	0.01591	0.41411	0.02047	0.01567	0.02158	0.01623	0.04106	0.01411	0.00775	0.00833	0.00236	0.03275	0.07434	0.00376	0.00918
35	0.00839	0.00599	0.00798	0.00949	0.00993	0.00559	0.00635	0.00965	0.01334	0.01784	0.06331	0.72842	0.04598	0.02115	0.00871	0.00275	0.00394	0.01918	0.00640	0.00559
36	0.00911	0.00631	0.00783	0.00874	0.00901	0.00609	0.00556	0.00986	0.01183	0.01576	0.03074	0.42878	0.03633	0.33770	0.01994	0.00444	0.00519	0.03641	0.00540	0.00498
37	0.00841	0.00598	0.00792	0.00944	0.00982	0.00560	0.00625	0.00954	0.01296	0.01728	0.03701	0.72423	0.04436	0.05351	0.00987	0.00295	0.00408	0.01904	0.00625	0.00550
38	0.01593	0.01780	0.03673	0.02680	0.03242	0.01799	0.56522	0.02089	0.01509	0.02089	0.01293	0.01780	0.01012	0.00693	0.01077	0.00244	0.14930	0.00768	0.00337	0.00890
39	0.02181	0.01692	0.02053	0.24888	0.02952	0.01929	0.01493	0.47722	0.02624	0.03490	0.01506	0.01701	0.01083	0.00777	0.00684	0.00213	0.00804	0.00613	0.00562	0.01034
40	0.02601	0.01916	0.02053	0.01574	0.02122	0.02122	0.01300	0.69408	0.03217	0.04312	0.01643	0.01643	0.01163	0.00821	0.00684	0.00205	0.00753	0.00616	0.00684	0.01163
41	0.66801	0.01429	0.01193	0.01020	0.01466	0.01640	0.00841	0.14068	0.01531	0.03292	0.01076	0.01206	0.00817	0.00668	0.00470	0.00211	0.00569	0.00414	0.00470	0.00817
42	0.00995	0.00663	0.00746	0.00746	0.00746	0.00663	0.00415	0.00995	0.00995	0.01327	0.02156	0.04477	0.02487	0.75957	0.03482	0.00663	0.00663	0.00995	0.00415	0.00415
43	0.01255	0.01168	0.01884	0.03935	0.01856	0.01414	0.11233	0.01509	0.01175	0.01704	0.01537	0.06099	0.01478	0.04798	0.29721	0.00609	0.26804	0.00766	0.00354	0.00701
44	0.80789	0.01323	0.01006	0.00900	0.01323	0.01535	0.00741	0.02011	0.01164	0.03070	0.00953	0.01111	0.00741	0.00635	0.00423	0.00212	0.00529	0.00370	0.00423	0.00741
45	0.05219	0.02867	0.50981	0.04275	0.08633	0.01533	0.04352	0.02114	0.01459	0.04578	0.02929	0.03689	0.01145	0.00724	0.00697	0.00220	0.02685	0.00587	0.00341	0.00972
46	0.00816	0.00685	0.00708	0.00719	0.00933	0.00578	0.00533	0.00989	0.01551	0.01869	0.08733	0.12132	0.63906	0.01755	0.00814	0.00234	0.00350	0.01478	0.00639	0.00578
47	0.01373	0.01164	0.01368	0.00998	0.01561	0.00885	0.00794	0.01679	0.01471	0.02281	0.08263	0.01790	0.01560	0.00596	0.00537	0.00113	0.00488	0.00489	0.00440	0.72149
48	0.03909	0.27875	0.12894	0.01510	0.04251	0.08511	0.03263	0.06753	0.09929	0.02191	0.01329	0.01459	0.01068	0.00654	0.00561	0.00173	0.00775	0.00485	0.00395	0.12015

[dist]
# distance from previous block
# <min> <max>
0	1

[block]
# block no. 5 follows, 31 sequences, length 22
# corresponding to MSA columns:
# 259-280
name=unknown_F
#
# <colnr> <probs for GDERKNQSTAVLIFYWHMCP>
#	G	D	E	R	K	N	Q	S	T	A	V	L	I	F	Y	W	H	M	C	P
0	0.02173	0.01592	0.01736	0.01397	0.01818	0.01738	0.01115	0.52141	0.02734	0.03668	0.04613	0.11879	0.01921	0.07093	0.00940	0.00252	0.00682	0.00848	0.00659	0.01002
1	0.00961	0.00660	0.00768	0.00801	0.00831	0.00646	0.00491	0.01008	0.01113	0.01466	0.02818	0.16353	0.07624	0.55230	0.02750	0.00554	0.00596	0.04394	0.00476	0.00459
2	0.01378	0.04209	0.08144	0.01511	0.07042	0.02974	0.07520	0.01788	0.03622	0.07932	0.32481	0.10065	0.03888	0.01168	0.00761	0.00221	0.00587	0.03309	0.00602	0.00797
3	0.69536	0.04093	0.06040	0.01008	0.01482	0.01602	0.00900	0.04668	0.01272	0.03006	0.00999	0.01155	0.00771	0.00642	0.00450	0.00210	0.00578	0.00389	0.00420	0.00781
4	0.00861	0.00615	0.00825	0.00984	0.01035	0.00579	0.00682	0.01000	0.01337	0.01777	0.03756	0.68652	0.04465	0.02118	0.00880	0.00282	0.00420	0.08534	0.00635	0.00563
5	0.01670	0.01597	0.02657	0.06130	0.27214	0.01664	0.18506	0.06953	0.13830	0.02455	0.05387	0.02062	0.01530	0.00747	0.00797	0.00222	0.04417	0.00722	0.00446	0.00994
6	0.04950	0.02093	0.06846	0.01591	0.02154	0.06482	0.01369	0.58548	0.02952	0.03962	0.01556	0.01587	0.01112	0.00796	0.00670	0.00204	0.00793	0.00590	0.00628	0.01117
7	0.00834	0.00595	0.00794	0.00953	0.00992	0.00556	0.00635	0.00953	0.01310	0.01746	0.03771	0.75510	0.04525	0.02143	0.00873	0.00278	0.00397	0.01945	0.00635	0.00556
8	0.01666	0.01366	0.01676	0.03831	0.14497	0.03391	0.01195	0.11012	0.23136	0.05502	0.19765	0.02990	0.05038	0.00985	0.00720	0.00217	0.00588	0.00845	0.00627	0.00952
9	0.01140	0.01001	0.01087	0.01013	0.01230	0.03147	0.00778	0.01665	0.14624	0.02135	0.15650	0.04698	0.33476	0.04424	0.03100	0.00276	0.08120	0.01128	0.00607	0.00703
10	0.00847	0.00610	0.00803	0.00933	0.00993	0.00566	0.00632	0.00990	0.01386	0.01857	0.11156	0.65398	0.07195	0.02048	0.00864	0.00269	0.00387	0.01850	0.00648	0.00566
11	0.01829	0.76368	0.03585	0.01171	0.01756	0.02707	0.01171	0.02049	0.01390	0.01610	0.00951	0.01097	0.00878	0.00585	0.00439	0.00146	0.00732	0.00366	0.00293	0.00878
12	0.00856	0.00605	0.00787	0.00924	0.00958	0.00571	0.00604	0.00959	0.01266	0.01687	0.03544	0.65523	0.04238	0.12522	0.01240	0.00332	0.00434	0.01811	0.00604	0.00536
13	0.02442	0.01763	0.01884	0.01462	0.01963	0.01944	0.01202	0.61288	0.03003	0.04101	0.01713	0.01751	0.01234	0.00818	0.00660	0.00200	0.00701	0.00619	0.10152	0.01101
14	0.01515	0.01882	0.10335	0.02356	0.02911	0.05361	0.43200	0.01991	0.01524	0.02052	0.01665	0.12640	0.01517	0.00872	0.00905	0.00239	0.06890	0.00908	0.00380	0.00857
15	0.02556	0.03261	0.01939	0.01763	0.02115	0.73210	0.01322	0.02732	0.01939	0.01674	0.01058	0.01234	0.00881	0.00705	0.00617	0.00176	0.01234	0.00441	0.00353	0.00793
16	0.02556	0.03261	0.01939	0.01763	0.02115	0.73210	0.01322	0.02732	0.01939	0.01674	0.01058	0.01234	0.00881	0.00705	0.00617	0.00176	0.01234	0.00441	0.00353	0.00793
17	0.00828	0.00617	0.00771	0.00894	0.00977	0.00561	0.00609	0.00959	0.01366	0.01769	0.04485	0.59940	0.19634	0.02051	0.00859	0.00267	0.00386	0.01832	0.00635	0.00561
18	0.01883	0.01560	0.01649	0.01429	0.01848	0.01786	0.01127	0.16879	0.56915	0.03154	0.02555	0.02369	0.01902	0.00907	0.00694	0.00227	0.00584	0.00742	0.00694	0.01099
19	0.73426	0.01308	0.01061	0.00930	0.01363	0.01485	0.00766	0.02136	0.01240	0.09615	0.01118	0.01227	0.00831	0.00655	0.00448	0.00212	0.00534	0.00401	0.00463	0.00781
20	0.09901	0.01838	0.20237	0.05594	0.08138	0.01395	0.01460	0.08306	0.10821	0.02597	0.14349	0.02572	0.05904	0.00940	0.00732	0.02407	0.00680	0.00736	0.00502	0.00890
21	0.00856	0.00647	0.00791	0.00856	0.00979	0.00582	0.00604	0.01037	0.01524	0.02000	0.19875	0.39477	0.24577	0.01856	0.00839	0.00250	0.00365	0.01639	0.00662	0.00582

[dist]
# distance from previous block
# <min> <max>
2	8

[block]
# block no. 6 follows, 31 sequences, length 27
# corresponding to MSA columns:
# 289-315
name=unknown_G
#
# <colnr> <probs for GDERKNQSTAVLIFYWHMCP>
#	G	D	E	R	K	N	Q	S	T	A	V	L	I	F	Y	W	H	M	C	P
0	0.02153	0.01453	0.01618	0.01283	0.01708	0.01520	0.01017	0.37473	0.04418	0.12294	0.04259	0.02542	0.04594	0.13684	0.01159	0.00279	0.00661	0.00734	0.00640	0.06510
1	0.02530	0.01861	0.01995	0.01537	0.02061	0.02057	0.01261	0.66378	0.03118	0.04179	0.01665	0.01768	0.01222	0.04149	0.00808	0.00226	0.00749	0.00633	0.00672	0.01130
2	0.00875	0.00626	0.00810	0.00928	0.00983	0.00582	0.00613	0.00986	0.01274	0.01710	0.03473	0.63785	0.04139	0.11504	0.01193	0.00321	0.00435	0.01768	0.00599	0.03395
3	0.05172	0.01667	0.08188	0.07909	0.41582	0.01483	0.06102	0.01997	0.01494	0.02219	0.01319	0.03452	0.01110	0.00639	0.00651	0.00194	0.00788	0.00605	0.00354	0.13072
4	0.02361	0.02742	0.02144	0.02305	0.18169	0.49213	0.01499	0.09602	0.01985	0.02081	0.01172	0.01383	0.00958	0.00695	0.00638	0.00186	0.01086	0.00498	0.00384	0.00899
5	0.00845	0.00604	0.00808	0.00966	0.01011	0.00566	0.00656	0.00973	0.01322	0.01760	0.03764	0.72497	0.04499	0.02132	0.00876	0.00279	0.00407	0.04840	0.00635	0.00559
6	0.00986	0.00822	0.04001	0.00908	0.01106	0.00686	0.00727	0.01329	0.01915	0.02719	0.68302	0.04952	0.06214	0.01366	0.00800	0.00215	0.00352	0.01206	0.00733	0.00661
7	0.02518	0.01856	0.02005	0.01550	0.02076	0.02057	0.01278	0.65937	0.03109	0.04173	0.01652	0.01696	0.01191	0.01041	0.04378	0.00251	0.00808	0.00622	0.00668	0.01135
8	0.00958	0.00648	0.00757	0.00794	0.00803	0.00638	0.00465	0.00985	0.01067	0.01423	0.02528	0.20845	0.02957	0.58948	0.02881	0.00574	0.00602	0.01214	0.00465	0.00447
9	0.01829	0.76368	0.03585	0.01171	0.01756	0.02707	0.01171	0.02049	0.01390	0.01610	0.00951	0.01097	0.00878	0.00585	0.00439	0.00146	0.00732	0.00366	0.00293	0.00878
10	0.01033	0.00716	0.00921	0.00860	0.01041	0.00653	0.00648	0.01341	0.01906	0.05228	0.63511	0.05129	0.11614	0.01406	0.00803	0.00216	0.00334	0.01234	0.00747	0.00659
11	0.02601	0.01916	0.02053	0.01574	0.02122	0.02122	0.01300	0.69408	0.03217	0.04312	0.01643	0.01643	0.01163	0.00821	0.00684	0.00205	0.00753	0.00616	0.00684	0.01163
