[name]
unknown

[dist]
# distance from previous block
# <min> <max>
0	39

[block]
# block no. 0 follows, 30 sequences, length 9
# corresponding to MSA columns:
# 39-47
name=unknown_A
#
# <colnr> <probs for GDERKNQSTAVLIFYWHMCP>
#	G	D	E	R	K	N	Q	S	T	A	V	L	I	F	Y	W	H	M	C	P
0	0.01577	0.01017	0.01238	0.01175	0.01431	0.01019	0.00897	0.11867	0.08353	0.12392	0.03266	0.36347	0.04973	0.01595	0.00813	0.00256	0.00526	0.07755	0.00686	0.02817
1	0.02529	0.01668	0.01868	0.01458	0.01981	0.01765	0.01191	0.44829	0.06850	0.17119	0.02039	0.05552	0.01513	0.00899	0.00699	0.00210	0.00688	0.00708	0.00712	0.05721
2	0.01625	0.00949	0.01208	0.01100	0.01277	0.00983	0.00806	0.11515	0.08067	0.08680	0.01850	0.09430	0.01688	0.01872	0.01852	0.44608	0.00604	0.00774	0.00490	0.00623
3	0.06322	0.01823	0.01926	0.01512	0.02040	0.04169	0.01238	0.48464	0.09508	0.13031	0.01881	0.01821	0.01322	0.00839	0.00685	0.00212	0.00728	0.00636	0.00698	0.01146
4	0.02350	0.01702	0.01894	0.05715	0.02176	0.01889	0.01267	0.39150	0.22814	0.10406	0.02102	0.02030	0.01505	0.00864	0.00702	0.00220	0.00696	0.00683	0.00695	0.01138
5	0.02155	0.01637	0.01772	0.01463	0.01902	0.01813	0.01168	0.42908	0.18590	0.03641	0.02289	0.13382	0.01945	0.01075	0.00731	0.00227	0.00660	0.00878	0.00693	0.01070
6	0.02134	0.01553	0.01683	0.01351	0.01781	0.01672	0.01078	0.45019	0.04501	0.03583	0.01973	0.08565	0.01672	0.06633	0.00902	0.00241	0.00664	0.00772	0.08250	0.05975
7	0.01309	0.00857	0.01150	0.01068	0.01220	0.00863	0.04330	0.09491	0.01504	0.02127	0.05505	0.21928	0.02536	0.05783	0.01464	0.22928	0.00546	0.01050	0.13742	0.00598
8	0.05389	0.04349	0.01095	0.01034	0.01173	0.00897	0.00740	0.08175	0.01497	0.02070	0.03106	0.52882	0.03588	0.04404	0.01032	0.05289	0.00488	0.01560	0.00596	0.00636

[dist]
# distance from previous block
# <min> <max>
4	9

[block]
# block no. 1 follows, 30 sequences, length 71
# corresponding to MSA columns:
# 57-127
name=unknown_B
#
# <colnr> <probs for GDERKNQSTAVLIFYWHMCP>
#	G	D	E	R	K	N	Q	S	T	A	V	L	I	F	Y	W	H	M	C	P
0	0.09197	0.01887	0.01565	0.01377	0.01757	0.21685	0.01067	0.05388	0.22906	0.04531	0.06487	0.02213	0.03919	0.00870	0.00689	0.00203	0.02657	0.00656	0.03195	0.07751
1	0.04167	0.01659	0.01579	0.01367	0.01699	0.17500	0.04724	0.08676	0.10811	0.10742	0.04721	0.08569	0.07471	0.11864	0.01128	0.00285	0.00757	0.00873	0.00570	0.00839
2	0.02277	0.02693	0.08388	0.02170	0.14526	0.39632	0.01546	0.09813	0.01981	0.04430	0.03128	0.01636	0.01187	0.02714	0.00736	0.00207	0.01045	0.00551	0.00417	0.00922
3	0.01507	0.05070	0.44279	0.02018	0.07496	0.01575	0.06773	0.02307	0.08689	0.04616	0.04123	0.05405	0.01461	0.00792	0.00693	0.00223	0.00897	0.00674	0.00400	0.01003
4	0.07702	0.01420	0.01497	0.01293	0.01682	0.03783	0.01021	0.08883	0.31468	0.10084	0.02585	0.05222	0.05824	0.00972	0.00753	0.00221	0.04185	0.00768	0.04264	0.06375
5	0.01768	0.01274	0.01504	0.03706	0.05097	0.01342	0.01045	0.17453	0.17235	0.09203	0.08769	0.13737	0.07787	0.01166	0.00738	0.00226	0.00565	0.00990	0.03364	0.03030
6	0.01740	0.01755	0.05248	0.03765	0.53276	0.01671	0.11576	0.05417	0.01671	0.02375	0.01340	0.01728	0.01093	0.00625	0.00703	0.00208	0.00871	0.00640	0.00365	0.03934
7	0.01079	0.00796	0.00951	0.00944	0.01080	0.00777	0.00651	0.03581	0.06700	0.02079	0.17072	0.27278	0.06666	0.21501	0.01551	0.00359	0.00489	0.01339	0.00607	0.04498
8	0.02248	0.01776	0.05366	0.01496	0.02078	0.01720	0.03503	0.40404	0.04429	0.08087	0.01706	0.03530	0.01281	0.00787	0.00665	0.00190	0.00712	0.00624	0.00613	0.18787
9	0.01799	0.33274	0.20650	0.01592	0.02229	0.15546	0.05447	0.02185	0.01546	0.01843	0.01359	0.01562	0.03615	0.00873	0.03556	0.00222	0.00973	0.00508	0.00329	0.00894
10	0.04833	0.01425	0.02219	0.39472	0.25894	0.03812	0.01843	0.02005	0.01520	0.05466	0.03982	0.01921	0.01235	0.00708	0.00687	0.00221	0.00852	0.00634	0.00373	0.00899
11	0.01774	0.01596	0.01930	0.37012	0.03356	0.08878	0.01560	0.09890	0.19353	0.05023	0.01743	0.01990	0.01296	0.00786	0.00694	0.00225	0.00835	0.00650	0.00483	0.00925
12	0.01936	0.01435	0.01635	0.05386	0.01914	0.01559	0.01126	0.30074	0.14024	0.05662	0.05598	0.06239	0.02153	0.07957	0.00997	0.00269	0.00666	0.06743	0.00644	0.03982
13	0.04339	0.04282	0.01451	0.01232	0.03464	0.05785	0.00950	0.07607	0.07987	0.09998	0.15578	0.03682	0.15992	0.01150	0.00779	0.00215	0.03227	0.04114	0.00622	0.07546
14	0.00966	0.00669	0.00838	0.00929	0.00971	0.00652	0.00625	0.01066	0.01238	0.01642	0.03099	0.33477	0.03609	0.34297	0.02070	0.00462	0.00562	0.11766	0.00548	0.00516
15	0.01328	0.01380	0.11815	0.01188	0.01570	0.01086	0.01063	0.02095	0.18174	0.05413	0.29254	0.06059	0.07746	0.03857	0.00853	0.00238	0.00526	0.00998	0.00646	0.04712
16	0.00919	0.00711	0.00837	0.00806	0.01000	0.00629	0.00604	0.01184	0.01813	0.02412	0.43836	0.05848	0.33743	0.01571	0.00824	0.00226	0.00339	0.01351	0.00717	0.00629
17	0.00981	0.00687	0.00862	0.00851	0.00959	0.00645	0.00591	0.01164	0.01595	0.02198	0.39131	0.12453	0.09734	0.18693	0.01572	0.04982	0.00435	0.01259	0.00640	0.00568
18	0.03087	0.01259	0.01664	0.01275	0.01817	0.01131	0.01054	0.09472	0.02116	0.65366	0.02653	0.02310	0.01677	0.00861	0.00701	0.00215	0.00610	0.00695	0.00848	0.01188
19	0.01647	0.01882	0.04118	0.02941	0.03647	0.01765	0.68588	0.02235	0.01647	0.02235	0.01412	0.01882	0.01059	0.00588	0.00824	0.00235	0.01176	0.00824	0.00353	0.00941
20	0.01709	0.01658	0.02884	0.06472	0.64990	0.01661	0.06044	0.02135	0.01586	0.02261	0.01316	0.01741	0.01097	0.00622	0.00699	0.00210	0.00853	0.00634	0.00345	0.01085
21	0.01727	0.01658	0.02832	0.04283	0.71123	0.01658	0.02142	0.02142	0.01589	0.02280	0.01313	0.01727	0.01105	0.00622	0.00691	0.00207	0.00829	0.00622	0.00345	0.01105
22	0.02738	0.01217	0.01558	0.01243	0.01738	0.01131	0.01011	0.03316	0.14487	0.54840	0.03023	0.02673	0.05867	0.00932	0.00711	0.00221	0.00572	0.00763	0.00823	0.01137
23	0.01735	0.01638	0.02730	0.04052	0.65908	0.01643	0.02054	0.04854	0.01659	0.02354	0.01522	0.01893	0.03462	0.00669	0.00696	0.00208	0.00810	0.00651	0.00370	0.01091
24	0.01727	0.01658	0.02832	0.04283	0.71123	0.01658	0.02142	0.02142	0.01589	0.02280	0.01313	0.01727	0.01105	0.00622	0.00691	0.00207	0.00829	0.00622	0.00345	0.01105
25	0.01504	0.01139	0.01268	0.01173	0.01475	0.01214	0.00895	0.05237	0.33016	0.07568	0.09476	0.16673	0.13785	0.01334	0.00770	0.00241	0.00487	0.01144	0.00704	0.00896
26	0.01331	0.01254	0.02117	0.71550	0.06951	0.01554	0.01945	0.01795	0.01402	0.01799	0.01243	0.01856	0.00936	0.00695	0.00697	0.00232	0.00927	0.00620	0.00311	0.00786
27	0.01728	0.01641	0.02695	0.03971	0.63554	0.01667	0.02028	0.02313	0.09044	0.02350	0.01479	0.01823	0.01217	0.00657	0.00693	0.00210	0.00799	0.00640	0.00385	0.01105
28	0.00849	0.00708	0.00741	0.00733	0.00958	0.00600	0.00550	0.01049	0.01649	0.02023	0.16674	0.06489	0.61149	0.01716	0.00824	0.00233	0.00350	0.01441	0.00666	0.00600
29	0.00831	0.00707	0.00715	0.00713	0.00946	0.00592	0.00535	0.01013	0.01605	0.01919	0.09415	0.06660	0.68473	0.01755	0.00825	0.00235	0.00353	0.01465	0.00652	0.00592
30	0.00850	0.00607	0.00810	0.00972	0.01012	0.00567	0.00648	0.00972	0.01336	0.01781	0.03846	0.75020	0.04615	0.02186	0.00891	0.00283	0.00405	0.01984	0.00648	0.00567
31	0.01691	0.01607	0.02644	0.03905	0.62634	0.01621	0.01992	0.02223	0.07149	0.02316	0.01670	0.02001	0.04015	0.00695	0.00698	0.00211	0.00787	0.00670	0.00387	0.01084
32	0.01400	0.03610	0.71860	0.01989	0.03020	0.01621	0.02578	0.02210	0.01473	0.02210	0.01252	0.01473	0.00884	0.00663	0.00663	0.00221	0.01031	0.00516	0.00295	0.01031
33	0.01866	0.75896	0.03657	0.01194	0.01791	0.02761	0.01194	0.02090	0.01418	0.01642	0.00970	0.01119	0.00896	0.00597	0.00448	0.00149	0.00746	0.00373	0.00299	0.00896
34	0.00970	0.00742	0.00895	0.00864	0.01058	0.00681	0.00657	0.01308	0.04120	0.02491	0.45896	0.05711	0.25766	0.01538	0.00827	0.00230	0.00359	0.04510	0.00724	0.00652
35	0.01926	0.03445	0.07857	0.01342	0.01819	0.03650	0.01156	0.10416	0.22549	0.14758	0.12048	0.04616	0.02379	0.00944	0.00698	0.00211	0.00615	0.00778	0.00657	0.08136
36	0.01756	0.43615	0.07685	0.01571	0.02134	0.08452	0.12290	0.02072	0.01479	0.01784	0.01241	0.03750	0.01115	0.01075	0.07004	0.00262	0.00970	0.00547	0.00330	0.00869
37	0.00871	0.00630	0.00823	0.00941	0.01013	0.00583	0.00643	0.01029	0.01454	0.01951	0.14811	0.59760	0.08828	0.02039	0.00876	0.00270	0.00390	0.01837	0.00667	0.00583
38	0.80405	0.01350	0.01026	0.00918	0.01350	0.01565	0.00756	0.02051	0.01188	0.03131	0.00972	0.01134	0.00756	0.00648	0.00432	0.00216	0.00540	0.00378	0.00432	0.00756
39	0.01727	0.01658	0.02832	0.04283	0.71123	0.01658	0.02142	0.02142	0.01589	0.02280	0.01313	0.01727	0.01105	0.00622	0.00691	0.00207	0.00829	0.00622	0.00345	0.01105
40	0.01709	0.01709	0.03122	0.03981	0.55925	0.01682	0.17107	0.02163	0.01602	0.02270	0.01335	0.01762	0.01095	0.00614	0.00721	0.00214	0.00907	0.00667	0.00347	0.01068
41	0.80405	0.01350	0.01026	0.00918	0.01350	0.01565	0.00756	0.02051	0.01188	0.03131	0.00972	0.01134	0.00756	0.00648	0.00432	0.00216	0.00540	0.00378	0.00432	0.00756
42	0.01618	0.10643	0.18773	0.02536	0.03301	0.01846	0.46621	0.02213	0.01583	0.02163	0.01327	0.01707	0.01002	0.00605	0.00746	0.00222	0.01096	0.00706	0.00334	0.00956
43	0.00850	0.00607	0.00810	0.00972	0.01012	0.00567	0.00648	0.00972	0.01336	0.01781	0.03846	0.75020	0.04615	0.02186	0.00891	0.00283	0.00405	0.01984	0.00648	0.00567
44	0.00870	0.00637	0.00854	0.03448	0.01140	0.00605	0.00687	0.01014	0.01373	0.01825	0.06443	0.67035	0.07298	0.02089	0.00879	0.00277	0.00418	0.01889	0.00641	0.00578
45	0.01966	0.66276	0.03445	0.01259	0.01840	0.06831	0.01213	0.06958	0.01586	0.01845	0.01028	0.01168	0.00917	0.00622	0.00477	0.00155	0.00778	0.00396	0.00331	0.00912
46	0.00988	0.00713	0.00933	0.00878	0.01043	0.00658	0.00658	0.01317	0.01975	0.02798	0.70754	0.05213	0.06584	0.01427	0.00823	0.00219	0.00329	0.01262	0.00768	0.00658
47	0.01651	0.01580	0.02695	0.17230	0.58771	0.01638	0.02104	0.02075	0.01553	0.02187	0.01299	0.01752	0.01073	0.00636	0.00692	0.00212	0.00848	0.00621	0.00339	0.01044
48	0.03032	0.01166	0.01588	0.01225	0.01747	0.01009	0.01009	0.03305	0.01996	0.68442	0.05880	0.02506	0.01951	0.00890	0.00707	0.00216	0.00582	0.00728	0.00859	0.01163
49	0.80405	0.01350	0.01026	0.00918	0.01350	0.01565	0.00756	0.02051	0.01188	0.03131	0.00972	0.01134	0.00756	0.00648	0.00432	0.00216	0.00540	0.00378	0.00432	0.00756
50	0.01007	0.00706	0.00909	0.00909	0.00960	0.00757	0.00607	0.01110	0.01059	0.01463	0.02063	0.03817	0.02212	0.46629	0.31954	0.00859	0.01166	0.00905	0.00403	0.00505
51	0.01008	0.00705	0.00907	0.00907	0.00958	0.00756	0.00605	0.01109	0.01058	0.01461	0.02065	0.03825	0.02215	0.46946	0.31641	0.00857	0.01161	0.00906	0.00403	0.00504
52	0.01318	0.01240	0.02093	0.73798	0.04806	0.01550	0.01938	0.01783	0.01395	0.01783	0.01240	0.01860	0.00930	0.00698	0.00698	0.00233	0.00930	0.00620	0.00310	0.00775
53	0.02607	0.03326	0.01978	0.01798	0.02157	0.72674	0.01348	0.02787	0.01978	0.01708	0.01079	0.01258	0.00899	0.00719	0.00629	0.00180	0.01258	0.00449	0.00360	0.00809
54	0.01006	0.00713	0.00947	0.00947	0.01012	0.00778	0.00655	0.01134	0.01070	0.01491	0.02028	0.03623	0.02127	0.39160	0.39308	0.00907	0.01293	0.00877	0.00397	0.00526
55	0.00850	0.00607	0.00810	0.00972	0.01012	0.00567	0.00648	0.00972	0.01336	0.01781	0.03846	0.75020	0.04615	0.02186	0.00891	0.00283	0.00405	0.01984	0.00648	0.00567
56	0.00949	0.00726	0.01006	0.01067	0.01120	0.00736	0.02862	0.01070	0.01280	0.01726	0.03313	0.57002	0.03927	0.12771	0.01380	0.00341	0.05867	0.01705	0.00580	0.00572
57	0.01447	0.01240	0.01447	0.01034	0.01654	0.00930	0.00827	0.01757	0.01447	0.02274	0.01240	0.01447	0.01034	0.00517	0.00517	0.00103	0.00517	0.00413	0.00413	0.79742
58	0.01496	0.01144	0.01345	0.01307	0.01572	0.01233	0.01050	0.14270	0.18875	0.02651	0.03145	0.20502	0.03161	0.01541	0.00835	0.00271	0.00590	0.23502	0.00671	0.00841
59	0.80405	0.01350	0.01026	0.00918	0.01350	0.01565	0.00756	0.02051	0.01188	0.03131	0.00972	0.01134	0.00756	0.00648	0.00432	0.00216	0.00540	0.00378	0.00432	0.00756
60	0.01642	0.01538	0.02592	0.03862	0.61326	0.01538	0.01999	0.02044	0.01591	0.02253	0.01648	0.02591	0.01515	0.00805	0.00729	0.00223	0.00803	0.09874	0.00387	0.01040
61	0.03131	0.01188	0.01619	0.01242	0.01781	0.01026	0.01026	0.03401	0.01997	0.71606	0.02753	0.02375	0.01727	0.00864	0.00702	0.00216	0.00594	0.00702	0.00864	0.01188
62	0.01619	0.01958	0.08021	0.05757	0.03657	0.01748	0.62004	0.02215	0.01627	0.02215	0.01395	0.01857	0.01043	0.00597	0.00809	0.00234	0.01158	0.00797	0.00348	0.00940
63	0.00832	0.00680	0.00734	0.00778	0.00961	0.00583	0.00562	0.00994	0.01523	0.01857	0.06208	0.24971	0.53140	0.01879	0.00842	0.00248	0.00367	0.01609	0.00648	0.00583
64	0.00991	0.00726	0.00938	0.00921	0.01093	0.00673	0.00715	0.01303	0.01879	0.02596	0.53967	0.05771	0.12931	0.01538	0.00844	0.00237	0.00379	0.11111	0.00737	0.00649
65	0.01736	0.01499	0.01578	0.01420	0.01815	0.01736	0.01105	0.03708	0.69862	0.02919	0.02840	0.02604	0.02130	0.00947	0.00710	0.00237	0.00552	0.00789	0.00710	0.01105
66	0.01679	0.01290	0.01507	0.01102	0.01703	0.01046	0.00886	0.06120	0.04227	0.08447	0.01460	0.01586	0.01145	0.00583	0.00551	0.00125	0.00540	0.00466	0.00481	0.65056
67	0.04173	0.04608	0.01492	0.01218	0.01548	0.03088	0.03353	0.10488	0.10873	0.12652	0.13940	0.19234	0.07861	0.01289	0.00755	0.00232	0.00552	0.01109	0.00672	0.00864
68	0.00848	0.00618	0.00799	0.00944	0.01005	0.00569	0.00635	0.00975	0.01363	0.01792	0.04184	0.67861	0.11557	0.02142	0.00884	0.00278	0.00399	0.01930	0.00648	0.00569
69	0.00845	0.00626	0.00790	0.00921	0.00999	0.00571	0.00625	0.00977	0.01384	0.01801	0.04459	0.62023	0.17217	0.02107	0.00878	0.00274	0.00395	0.01887	0.00648	0.00571
70	0.01727	0.01658	0.02832	0.04283	0.71123	0.01658	0.02142	0.02142	0.01589	0.02280	0.01313	0.01727	0.01105	0.00622	0.00691	0.00207	0.00829	0.00622	0.00345	0.01105

[dist]
# distance from previous block
# <min> <max>
0	43

[block]
# block no. 2 follows, 30 sequences, length 55
# corresponding to MSA columns:
# 171-225
name=unknown_C
#
# <colnr> <probs for GDERKNQSTAVLIFYWHMCP>
#	G	D	E	R	K	N	Q	S	T	A	V	L	I	F	Y	W	H	M	C	P
0	0.01400	0.03610	0.71860	0.01989	0.03020	0.01621	0.02578	0.02210	0.01473	0.02210	0.01252	0.01473	0.00884	0.00663	0.00663	0.00221	0.01031	0.00516	0.00295	0.01031
1	0.01096	0.00783	0.01092	0.01253	0.01401	0.00779	0.01075	0.01396	0.01578	0.02056	0.03711	0.14855	0.04078	0.01955	0.00956	0.00317	0.00618	0.59723	0.00643	0.00635
2	0.01659	0.01588	0.02709	0.15891	0.60049	0.01640	0.02108	0.02082	0.01557	0.02197	0.01301	0.01749	0.01076	0.00634	0.00692	0.00211	0.00846	0.00621	0.00340	0.01050
3	0.01053	0.00770	0.01028	0.01138	0.01305	0.00745	0.00961	0.01347	0.01642	0.02140	0.12944	0.09956	0.13881	0.01849	0.00923	0.00294	0.00551	0.46178	0.00660	0.00634
4	0.01409	0.03544	0.69285	0.02025	0.03044	0.01626	0.05087	0.02211	0.01480	0.02211	0.01258	0.01489	0.00891	0.00660	0.00669	0.00222	0.01037	0.00527	0.00297	0.01028
5	0.01655	0.34043	0.35565	0.01719	0.02520	0.04421	0.06999	0.02180	0.01480	0.01955	0.01140	0.01348	0.00903	0.00631	0.00583	0.00190	0.00929	0.00477	0.00303	0.00960
6	0.01426	0.06345	0.66908	0.01991	0.02994	0.01670	0.04780	0.02206	0.01477	0.02189	0.01247	0.01474	0.00890	0.00658	0.00660	0.00219	0.01025	0.00521	0.00297	0.01023
7	0.01348	0.01271	0.02147	0.68720	0.09651	0.01558	0.01953	0.01809	0.01409	0.01819	0.01246	0.01851	0.00943	0.00692	0.00697	0.00231	0.00923	0.00620	0.00313	0.00799
8	0.00831	0.00707	0.00716	0.00714	0.00947	0.00592	0.00535	0.01014	0.01606	0.01922	0.09675	0.06654	0.68210	0.01753	0.00825	0.00235	0.00352	0.01464	0.00653	0.00592
9	0.01415	0.06065	0.69543	0.01962	0.02978	0.01659	0.02531	0.02206	0.01471	0.02191	0.01243	0.01461	0.00884	0.00661	0.00656	0.00219	0.01022	0.00511	0.00295	0.01027
10	0.03131	0.01188	0.01619	0.01242	0.01781	0.01026	0.01026	0.03401	0.01997	0.71606	0.02753	0.02375	0.01727	0.00864	0.00702	0.00216	0.00594	0.00702	0.00864	0.01188
11	0.01400	0.03610	0.71860	0.01989	0.03020	0.01621	0.02578	0.02210	0.01473	0.02210	0.01252	0.01473	0.00884	0.00663	0.00663	0.00221	0.01031	0.00516	0.00295	0.01031
12	0.01727	0.01658	0.02832	0.04283	0.71123	0.01658	0.02142	0.02142	0.01589	0.02280	0.01313	0.01727	0.01105	0.00622	0.00691	0.00207	0.00829	0.00622	0.00345	0.01105
13	0.01602	0.01644	0.03136	0.07991	0.34908	0.01612	0.28248	0.02068	0.01589	0.02196	0.01652	0.04904	0.03679	0.00716	0.00756	0.00224	0.00939	0.00786	0.00369	0.00979
14	0.01318	0.01240	0.02093	0.73798	0.04806	0.01550	0.01938	0.01783	0.01395	0.01783	0.01240	0.01860	0.00930	0.00698	0.00698	0.00233	0.00930	0.00620	0.00310	0.00775
15	0.00988	0.00713	0.00933	0.00878	0.01043	0.00658	0.00658	0.01317	0.01975	0.02798	0.70754	0.05213	0.06584	0.01427	0.00823	0.00219	0.00329	0.01262	0.00768	0.00658
16	0.01693	0.01622	0.02753	0.04149	0.68485	0.01618	0.02081	0.02099	0.01589	0.02265	0.01529	0.01915	0.03726	0.00665	0.00696	0.00208	0.00811	0.00654	0.00357	0.01086
17	0.01487	0.17216	0.59022	0.01839	0.02789	0.01835	0.02318	0.02187	0.01463	0.02103	0.01199	0.01407	0.00886	0.00651	0.00622	0.00207	0.00978	0.00489	0.00295	0.01006
18	0.01400	0.03610	0.71860	0.01989	0.03020	0.01621	0.02578	0.02210	0.01473	0.02210	0.01252	0.01473	0.00884	0.00663	0.00663	0.00221	0.01031	0.00516	0.00295	0.01031
19	0.03131	0.01188	0.01619	0.01242	0.01781	0.01026	0.01026	0.03401	0.01997	0.71606	0.02753	0.02375	0.01727	0.00864	0.00702	0.00216	0.00594	0.00702	0.00864	0.01188
20	0.01496	0.01714	0.05978	0.02541	0.03140	0.01542	0.53684	0.02014	0.01605	0.02186	0.04140	0.12942	0.01774	0.00859	0.00828	0.00241	0.01027	0.01001	0.00409	0.00879
21	0.01647	0.01882	0.04118	0.02941	0.03647	0.01765	0.68588	0.02235	0.01647	0.02235	0.01412	0.01882	0.01059	0.00588	0.00824	0.00235	0.01176	0.00824	0.00353	0.00941
22	0.00861	0.00615	0.00823	0.00985	0.01030	0.00577	0.00667	0.00991	0.01347	0.01794	0.03840	0.72259	0.04591	0.02176	0.00894	0.00285	0.00415	0.04634	0.00648	0.00570
23	0.03131	0.01188	0.01619	0.01242	0.01781	0.01026	0.01026	0.03401	0.01997	0.71606	0.02753	0.02375	0.01727	0.00864	0.00702	0.00216	0.00594	0.00702	0.00864	0.01188
24	0.01047	0.00858	0.01294	0.18282	0.02077	0.00908	0.03638	0.01350	0.03623	0.01871	0.03203	0.43357	0.05805	0.01692	0.00842	0.00270	0.00586	0.08082	0.00558	0.00656
25	0.00876	0.00713	0.00782	0.00796	0.01007	0.00618	0.00609	0.01086	0.01634	0.02025	0.15311	0.09352	0.53068	0.01753	0.00840	0.00243	0.00380	0.07640	0.00664	0.00603
26	0.01015	0.00677	0.00761	0.00761	0.00761	0.00677	0.00423	0.01015	0.01015	0.01353	0.02199	0.04567	0.02537	0.75476	0.03552	0.00677	0.00677	0.01015	0.00423	0.00423
27	0.01419	0.03477	0.66671	0.02062	0.03068	0.01632	0.07634	0.02212	0.01487	0.02212	0.01265	0.01505	0.00897	0.00657	0.00675	0.00222	0.01042	0.00539	0.00299	0.01024
28	0.01736	0.01499	0.01578	0.01420	0.01815	0.01736	0.01105	0.03708	0.69862	0.02919	0.02840	0.02604	0.02130	0.00947	0.00710	0.00237	0.00552	0.00789	0.00710	0.01105
29	0.01006	0.00744	0.00942	0.00887	0.01066	0.00696	0.00667	0.01389	0.04662	0.02736	0.63386	0.05218	0.11101	0.01432	0.00819	0.00221	0.00340	0.01258	0.00757	0.00671
30	0.80405	0.01350	0.01026	0.00918	0.01350	0.01565	0.00756	0.02051	0.01188	0.03131	0.00972	0.01134	0.00756	0.00648	0.00432	0.00216	0.00540	0.00378	0.00432	0.00756
31	0.11075	0.01206	0.01552	0.01200	0.01732	0.01078	0.00990	0.03201	0.01893	0.61989	0.02513	0.02213	0.01601	0.00829	0.00667	0.00212	0.00585	0.00658	0.00803	0.04001
32	0.01015	0.00677	0.00761	0.00761	0.00761	0.00677	0.00423	0.01015	0.01015	0.01353	0.02199	0.04567	0.02537	0.75476	0.03552	0.00677	0.00677	0.01015	0.00423	0.00423
33	0.01727	0.01658	0.02832	0.04283	0.71123	0.01658	0.02142	0.02142	0.01589	0.02280	0.01313	0.01727	0.01105	0.00622	0.00691	0.00207	0.00829	0.00622	0.00345	0.01105
34	0.00981	0.00713	0.00923	0.00871	0.01038	0.00655	0.00653	0.01303	0.01959	0.02759	0.68036	0.05277	0.09327	0.01441	0.00823	0.00220	0.00330	0.01271	0.00763	0.00655
35	0.01727	0.01658	0.02832	0.04283	0.71123	0.01658	0.02142	0.02142	0.01589	0.02280	0.01313	0.01727	0.01105	0.00622	0.00691	0.00207	0.00829	0.00622	0.00345	0.01105
36	0.01318	0.01240	0.02093	0.73798	0.04806	0.01550	0.01938	0.01783	0.01395	0.01783	0.01240	0.01860	0.00930	0.00698	0.00698	0.00233	0.00930	0.00620	0.00310	0.00775
37	0.01727	0.01658	0.02832	0.04283	0.71123	0.01658	0.02142	0.02142	0.01589	0.02280	0.01313	0.01727	0.01105	0.00622	0.00691	0.00207	0.00829	0.00622	0.00345	0.01105
38	0.77600	0.01327	0.01014	0.00910	0.01335	0.01531	0.00748	0.02014	0.01202	0.03087	0.01187	0.01330	0.03226	0.00687	0.00446	0.00217	0.00533	0.00416	0.00439	0.00750
39	0.80405	0.01350	0.01026	0.00918	0.01350	0.01565	0.00756	0.02051	0.01188	0.03131	0.00972	0.01134	0.00756	0.00648	0.00432	0.00216	0.00540	0.00378	0.00432	0.00756
40	0.01727	0.01658	0.02832	0.04283	0.71123	0.01658	0.02142	0.02142	0.01589	0.02280	0.01313	0.01727	0.01105	0.00622	0.00691	0.00207	0.00829	0.00622	0.00345	0.01105
41	0.74458	0.01501	0.01098	0.00985	0.01411	0.07001	0.00801	0.02107	0.01248	0.03022	0.00980	0.01143	0.00767	0.00653	0.00447	0.00213	0.00595	0.00383	0.00426	0.00760
42	0.01727	0.01658	0.02832	0.04283	0.71123	0.01658	0.02142	0.02142	0.01589	0.02280	0.01313	0.01727	0.01105	0.00622	0.00691	0.00207	0.00829	0.00622	0.00345	0.01105
43	0.01513	0.01668	0.03561	0.02610	0.03204	0.01563	0.57163	0.02023	0.01595	0.02159	0.01821	0.14182	0.01657	0.00857	0.00835	0.00243	0.01047	0.01019	0.00403	0.00878
44	0.00825	0.00707	0.00707	0.00707	0.00943	0.00589	0.00530	0.01001	0.01591	0.01885	0.07069	0.06716	0.70839	0.01767	0.00825	0.00236	0.00353	0.01473	0.00648	0.00589
45	0.01015	0.00677	0.00761	0.00761	0.00761	0.00677	0.00423	0.01015	0.01015	0.01353	0.02199	0.04567	0.02537	0.75476	0.03552	0.00677	0.00677	0.01015	0.00423	0.00423
46	0.74826	0.01657	0.01363	0.01242	0.01690	0.01786	0.00958	0.02333	0.01485	0.03459	0.01455	0.01803	0.01218	0.00960	0.00645	0.00300	0.00699	0.00540	0.00587	0.00994
47	0.02915	0.02165	0.02293	0.01857	0.02403	0.02292	0.01461	0.56761	0.10798	0.04465	0.02234	0.02406	0.01720	0.01148	0.00892	0.00297	0.00886	0.00789	0.00834	0.01383
48	0.00988	0.00713	0.00933	0.00878	0.01043	0.00658	0.00658	0.01317	0.01975	0.02798	0.70754	0.05213	0.06584	0.01427	0.00823	0.00219	0.00329	0.01262	0.00768	0.00658
49	0.01696	0.01431	0.01527	0.01381	0.01745	0.01649	0.01066	0.03494	0.64591	0.02789	0.02716	0.02567	0.02060	0.01060	0.00864	0.06311	0.00556	0.00775	0.00679	0.01043
50	0.02837	0.01192	0.01568	0.01211	0.01715	0.01053	0.00983	0.06555	0.01955	0.58289	0.02558	0.02447	0.01717	0.06544	0.00908	0.00244	0.00604	0.00703	0.00793	0.06127
51	0.01632	0.01833	0.03914	0.02795	0.03495	0.01701	0.63409	0.02199	0.01632	0.02238	0.01399	0.01849	0.01057	0.00583	0.00800	0.00225	0.01126	0.00792	0.00358	0.06965
52	0.01788	0.70140	0.03439	0.01177	0.01732	0.02593	0.01152	0.02004	0.01412	0.01652	0.01190	0.06768	0.01180	0.00718	0.00482	0.00160	0.00720	0.00496	0.00325	0.00870
53	0.00873	0.00618	0.00808	0.00945	0.00984	0.00582	0.00622	0.00987	0.01318	0.01762	0.05637	0.64892	0.04436	0.10551	0.01193	0.00327	0.00434	0.01852	0.00626	0.00553
54	0.01006	0.00745	0.00942	0.00887	0.01067	0.00697	0.00667	0.01391	0.04738	0.02734	0.63093	0.05220	0.11313	0.01433	0.00819	0.00221	0.00340	0.01259	0.00757	0.00671

[dist]
# distance from previous block
# <min> <max>
0	6

[block]
# block no. 3 follows, 30 sequences, length 42
# corresponding to MSA columns:
# 232-273
name=unknown_D
#
# <colnr> <probs for GDERKNQSTAVLIFYWHMCP>
#	G	D	E	R	K	N	Q	S	T	A	V	L	I	F	Y	W	H	M	C	P
0	0.00914	0.00718	0.00844	0.00980	0.01049	0.03265	0.00664	0.01042	0.01382	0.01788	0.04022	0.66340	0.10218	0.02095	0.00875	0.00275	0.00432	0.01882	0.00637	0.00578
1	0.01730	0.01891	0.03851	0.05729	0.03562	0.04719	0.60499	0.02284	0.01664	0.04788	0.01441	0.01874	0.01072	0.00609	0.00806	0.00232	0.01148	0.00795	0.00371	0.00938
2	0.01335	0.01258	0.02124	0.70915	0.07557	0.01555	0.01946	0.01798	0.01403	0.01804	0.01243	0.01855	0.00937	0.00695	0.00697	0.00232	0.00926	0.00620	0.00312	0.00789
3	0.01752	0.58216	0.20338	0.01388	0.02092	0.02482	0.01533	0.02119	0.01431	0.01781	0.01039	0.01206	0.00893	0.00613	0.00500	0.00167	0.00816	0.00408	0.00298	0.00929
4	0.00938	0.00708	0.00867	0.00835	0.01014	0.00636	0.00623	0.01218	0.01847	0.02511	0.50887	0.08208	0.24058	0.01548	0.00826	0.00226	0.00339	0.01346	0.00731	0.00636
5	0.01866	0.75896	0.03657	0.01194	0.01791	0.02761	0.01194	0.02090	0.01418	0.01642	0.00970	0.01119	0.00896	0.00597	0.00448	0.00149	0.00746	0.00373	0.00299	0.00896
6	0.01727	0.01658	0.02832	0.04283	0.71123	0.01658	0.02142	0.02142	0.01589	0.02280	0.01313	0.01727	0.01105	0.00622	0.00691	0.00207	0.00829	0.00622	0.00345	0.01105
7	0.01422	0.01346	0.02281	0.56169	0.21624	0.01578	0.01990	0.01874	0.01444	0.01909	0.01259	0.01827	0.00975	0.00678	0.00696	0.00226	0.00905	0.00621	0.00319	0.00859
8	0.00835	0.00691	0.00732	0.00757	0.00958	0.00588	0.00554	0.01008	0.01562	0.01900	0.08756	0.17960	0.57647	0.01825	0.00836	0.00243	0.00361	0.01550	0.00652	0.00588
9	0.00988	0.00713	0.00933	0.00878	0.01043	0.00658	0.00658	0.01317	0.01975	0.02798	0.70754	0.05213	0.06584	0.01427	0.00823	0.00219	0.00329	0.01262	0.00768	0.00658
10	0.02267	0.08267	0.02007	0.01474	0.01942	0.08530	0.01198	0.40128	0.12342	0.03440	0.05471	0.02075	0.01637	0.05064	0.00839	0.00232	0.00752	0.00669	0.00622	0.01043
11	0.00856	0.00618	0.00810	0.00953	0.01010	0.00573	0.00642	0.00990	0.01381	0.01838	0.07362	0.67920	0.08213	0.02126	0.00884	0.00278	0.00398	0.01921	0.00654	0.00573
12	0.01447	0.01240	0.01447	0.01034	0.01654	0.00930	0.00827	0.01757	0.01447	0.02274	0.01240	0.01447	0.01034	0.00517	0.00517	0.00103	0.00517	0.00413	0.00413	0.79742
13	0.01464	0.13664	0.62374	0.01878	0.02849	0.01779	0.02386	0.02193	0.01466	0.02131	0.01213	0.01424	0.00886	0.00654	0.00633	0.00211	0.00992	0.00496	0.00295	0.01012
14	0.00825	0.00707	0.00707	0.00707	0.00943	0.00589	0.00530	0.01001	0.01591	0.01885	0.07069	0.06716	0.70839	0.01767	0.00825	0.00236	0.00353	0.01473	0.00648	0.00589
15	0.01318	0.01240	0.02093	0.73798	0.04806	0.01550	0.01938	0.01783	0.01395	0.01783	0.01240	0.01860	0.00930	0.00698	0.00698	0.00233	0.00930	0.00620	0.00310	0.00775
16	0.01400	0.03610	0.71860	0.01989	0.03020	0.01621	0.02578	0.02210	0.01473	0.02210	0.01252	0.01473	0.00884	0.00663	0.00663	0.00221	0.01031	0.00516	0.00295	0.01031
17	0.01619	0.01391	0.01469	0.01330	0.01700	0.01583	0.01032	0.03353	0.60577	0.02818	0.06224	0.03098	0.08660	0.01044	0.00726	0.00236	0.00524	0.00873	0.00707	0.01037
18	0.80405	0.01350	0.01026	0.00918	0.01350	0.01565	0.00756	0.02051	0.01188	0.03131	0.00972	0.01134	0.00756	0.00648	0.00432	0.00216	0.00540	0.00378	0.00432	0.00756
19	0.01400	0.03610	0.71860	0.01989	0.03020	0.01621	0.02578	0.02210	0.01473	0.02210	0.01252	0.01473	0.00884	0.00663	0.00663	0.00221	0.01031	0.00516	0.00295	0.01031
20	0.00997	0.00748	0.01121	0.01121	0.01246	0.00872	0.00872	0.01246	0.01121	0.01620	0.01869	0.02741	0.01745	0.05234	0.72710	0.01121	0.01869	0.00748	0.00374	0.00623
21	0.00870	0.00709	0.00769	0.00754	0.00970	0.00608	0.00565	0.01088	0.01696	0.02136	0.24574	0.06303	0.53178	0.01674	0.00824	0.00231	0.00347	0.01415	0.00681	0.00608
22	0.03024	0.01164	0.01585	0.01223	0.01744	0.01007	0.01007	0.03297	0.01996	0.68165	0.06153	0.02517	0.01970	0.00892	0.00708	0.00216	0.00581	0.00730	0.00859	0.01161
23	0.01412	0.03524	0.68515	0.02036	0.03051	0.01628	0.05838	0.02211	0.01482	0.02211	0.01260	0.01493	0.00893	0.00659	0.00671	0.00222	0.01038	0.00531	0.00298	0.01027
24	0.00850	0.00607	0.00810	0.00972	0.01012	0.00567	0.00648	0.00972	0.01336	0.01781	0.03846	0.75020	0.04615	0.02186	0.00891	0.00283	0.00405	0.01984	0.00648	0.00567
25	0.01710	0.01641	0.02802	0.07128	0.68409	0.01654	0.02133	0.02127	0.01581	0.02259	0.01310	0.01733	0.01098	0.00625	0.00691	0.00208	0.00833	0.00622	0.00344	0.01092
26	0.00850	0.00607	0.00810	0.00972	0.01012	0.00567	0.00648	0.00972	0.01336	0.01781	0.03846	0.75020	0.04615	0.02186	0.00891	0.00283	0.00405	0.01984	0.00648	0.00567
27	0.01527	0.01527	0.02137	0.01832	0.01832	0.02137	0.01527	0.01679	0.01069	0.01679	0.00916	0.01527	0.00916	0.01221	0.02290	0.00305	0.74198	0.00611	0.00305	0.00763
28	0.01447	0.01240	0.01447	0.01034	0.01654	0.00930	0.00827	0.01757	0.01447	0.02274	0.01240	0.01447	0.01034	0.00517	0.00517	0.00103	0.00517	0.00413	0.00413	0.79742
29	0.01583	0.32050	0.45026	0.01676	0.02537	0.02069	0.02034	0.02163	0.01452	0.01986	0.01141	0.01334	0.00889	0.00637	0.00578	0.00193	0.00919	0.00460	0.00296	0.00978
30	0.00988	0.00713	0.00933	0.00878	0.01043	0.00658	0.00658	0.01317	0.01975	0.02798	0.70754	0.05213	0.06584	0.01427	0.00823	0.00219	0.00329	0.01262	0.00768	0.00658
31	0.01792	0.01515	0.01597	0.01413	0.01818	0.01737	0.01106	0.09920	0.60989	0.03026	0.02877	0.02659	0.04474	0.00965	0.00713	0.00234	0.00566	0.00798	0.00707	0.01094
32	0.03131	0.01188	0.01619	0.01242	0.01781	0.01026	0.01026	0.03401	0.01997	0.71606	0.02753	0.02375	0.01727	0.00864	0.00702	0.00216	0.00594	0.00702	0.00864	0.01188
33	0.01417	0.01374	0.02424	0.55432	0.14966	0.01590	0.09105	0.01887	0.01452	0.01908	0.01270	0.01842	0.00971	0.00674	0.00710	0.00229	0.00941	0.00642	0.00320	0.00844
34	0.00980	0.00713	0.00922	0.00869	0.01038	0.00655	0.00652	0.01301	0.01956	0.02753	0.67609	0.05287	0.09758	0.01443	0.00823	0.00220	0.00330	0.01272	0.00762	0.00655
35	0.01393	0.01317	0.02228	0.61070	0.16949	0.01570	0.01975	0.01849	0.01431	0.01874	0.01254	0.01836	0.00962	0.00684	0.00696	0.00228	0.00912	0.00620	0.00317	0.00836
36	0.00892	0.00652	0.00839	0.00914	0.01015	0.00599	0.00639	0.01087	0.01570	0.02123	0.25945	0.45208	0.12146	0.01896	0.00862	0.00258	0.00375	0.01696	0.00687	0.00599
37	0.02153	0.02495	0.01714	0.01562	0.01908	0.44011	0.01177	0.02832	0.21037	0.02052	0.02130	0.02221	0.07334	0.03427	0.00769	0.00218	0.00962	0.00653	0.00485	0.00860
38	0.00988	0.00713	0.00933	0.00878	0.01043	0.00658	0.00658	0.01317	0.01975	0.02798	0.70754	0.05213	0.06584	0.01427	0.00823	0.00219	0.00329	0.01262	0.00768	0.00658
39	0.01263	0.00888	0.01036	0.00963	0.01078	0.00938	0.00653	0.11731	0.01433	0.01940	0.04485	0.06285	0.02409	0.47401	0.13973	0.00645	0.00860	0.00953	0.00478	0.00588
40	0.07214	0.01196	0.01588	0.01224	0.01759	0.01054	0.01011	0.03330	0.01955	0.67988	0.02659	0.02310	0.01676	0.00852	0.00687	0.00216	0.00591	0.00685	0.00841	0.01165
41	0.02607	0.03326	0.01978	0.01798	0.02157	0.72674	0.01348	0.02787	0.01978	0.01708	0.01079	0.01258	0.00899	0.00719	0.00629	0.00180	0.01258	0.00449	0.00360	0.00809

[dist]
# distance from previous block
# <min> <max>
0	0

# created by:
# /st0/software/busco_prod/Augustus/scripts/msa2prfl.pl ./align_prep/158630.fa
