[name]
unknown

[dist]
# distance from previous block
# <min> <max>
0	36

[block]
# block no. 0 follows, 31 sequences, length 70
# corresponding to MSA columns:
# 36-105
name=unknown_A
#
# <colnr> <probs for GDERKNQSTAVLIFYWHMCP>
#	G	D	E	R	K	N	Q	S	T	A	V	L	I	F	Y	W	H	M	C	P
0	0.03808	0.00939	0.01179	0.01247	0.01465	0.00974	0.01066	0.06103	0.08266	0.02295	0.03529	0.06540	0.07620	0.01677	0.00879	0.00291	0.00609	0.50170	0.00634	0.00709
1	0.00945	0.00692	0.00887	0.00851	0.01011	0.00634	0.00633	0.01242	0.01863	0.02599	0.61214	0.09566	0.12357	0.01475	0.00811	0.00220	0.00330	0.01300	0.00735	0.00634
2	0.01372	0.03539	0.72412	0.01950	0.02961	0.01589	0.02528	0.02167	0.01444	0.02167	0.01228	0.01444	0.00867	0.00650	0.00650	0.00217	0.01011	0.00506	0.00289	0.01011
3	0.00928	0.00698	0.00859	0.00819	0.00998	0.00629	0.00614	0.01214	0.01842	0.02520	0.55259	0.05478	0.22664	0.01482	0.00807	0.00219	0.00329	0.01289	0.00724	0.00629
4	0.01269	0.01185	0.01989	0.70634	0.04525	0.01472	0.01837	0.01708	0.01365	0.01748	0.01344	0.05519	0.01093	0.00757	0.00693	0.00230	0.00886	0.00675	0.00321	0.00750
5	0.00968	0.00699	0.00914	0.00861	0.01022	0.00646	0.00646	0.01291	0.01937	0.02743	0.71328	0.05110	0.06455	0.01399	0.00807	0.00215	0.00323	0.01237	0.00753	0.00646
6	0.01419	0.01216	0.01419	0.01013	0.01621	0.00912	0.00811	0.01723	0.01419	0.02229	0.01216	0.01419	0.01013	0.00507	0.00507	0.00101	0.00507	0.00405	0.00405	0.80139
7	0.02556	0.03261	0.01939	0.01763	0.02115	0.73210	0.01322	0.02732	0.01939	0.01674	0.01058	0.01234	0.00881	0.00705	0.00617	0.00176	0.01234	0.00441	0.00353	0.00793
8	0.00834	0.00595	0.00794	0.00953	0.00992	0.00556	0.00635	0.00953	0.01310	0.01746	0.03771	0.75510	0.04525	0.02143	0.00873	0.00278	0.00397	0.01945	0.00635	0.00556
9	0.01829	0.76368	0.03585	0.01171	0.01756	0.02707	0.01171	0.02049	0.01390	0.01610	0.00951	0.01097	0.00878	0.00585	0.00439	0.00146	0.00732	0.00366	0.00293	0.00878
10	0.01275	0.00638	0.00638	0.00638	0.00797	0.00638	0.00478	0.01594	0.01435	0.02551	0.02232	0.02551	0.01754	0.00797	0.00478	0.00159	0.00319	0.00638	0.79755	0.00638
11	0.01358	0.03357	0.67200	0.01909	0.02847	0.01572	0.02422	0.02104	0.01425	0.02132	0.01305	0.04058	0.00997	0.00724	0.00719	0.00222	0.03804	0.00560	0.00301	0.00985
12	0.80789	0.01323	0.01006	0.00900	0.01323	0.01535	0.00741	0.02011	0.01164	0.03070	0.00953	0.01111	0.00741	0.00635	0.00423	0.00212	0.00529	0.00370	0.00423	0.00741
13	0.01275	0.00638	0.00638	0.00638	0.00797	0.00638	0.00478	0.01594	0.01435	0.02551	0.02232	0.02551	0.01754	0.00797	0.00478	0.00159	0.00319	0.00638	0.79755	0.00638
14	0.03003	0.01150	0.01566	0.01206	0.01723	0.00994	0.00994	0.03269	0.01957	0.69963	0.04874	0.02417	0.01844	0.00864	0.00692	0.00212	0.00574	0.00705	0.00844	0.01148
15	0.02554	0.01859	0.01937	0.01516	0.02032	0.05766	0.01240	0.53964	0.07069	0.10372	0.01794	0.01763	0.01269	0.00823	0.00677	0.00205	0.00739	0.00623	0.02673	0.01126
16	0.01693	0.01626	0.02777	0.04199	0.71689	0.01626	0.02100	0.02100	0.01558	0.02235	0.01287	0.01693	0.01084	0.00610	0.00677	0.00203	0.00813	0.00610	0.00339	0.01084
17	0.00853	0.00600	0.00793	0.00939	0.00987	0.00561	0.00630	0.00985	0.01335	0.01806	0.05944	0.70756	0.04496	0.02074	0.00858	0.00272	0.00392	0.01878	0.03280	0.00561
18	0.01556	0.01486	0.02529	0.28139	0.48820	0.01589	0.02031	0.01980	0.01493	0.02069	0.01263	0.01738	0.01025	0.00635	0.00680	0.00212	0.00847	0.00609	0.00327	0.00973
19	0.01678	0.01632	0.02678	0.11292	0.62780	0.03738	0.02056	0.02082	0.01550	0.02169	0.01273	0.01693	0.01060	0.00620	0.00676	0.00205	0.00835	0.00604	0.00336	0.01042
20	0.02848	0.01214	0.01581	0.01246	0.01752	0.01118	0.01018	0.03383	0.13032	0.60958	0.02713	0.02365	0.01757	0.00860	0.00689	0.00215	0.00576	0.00702	0.00822	0.01151
21	0.00832	0.00602	0.00787	0.00936	0.00988	0.00557	0.00627	0.00955	0.01326	0.01753	0.03978	0.70979	0.08922	0.02116	0.00869	0.00275	0.00394	0.01912	0.00635	0.00557
22	0.00947	0.00647	0.00778	0.00824	0.00841	0.00642	0.00500	0.00994	0.01091	0.01461	0.02607	0.24948	0.03038	0.51040	0.06225	0.00574	0.00645	0.01257	0.00476	0.00465
23	0.01693	0.01626	0.02777	0.04199	0.71689	0.01626	0.02100	0.02100	0.01558	0.02235	0.01287	0.01693	0.01084	0.00610	0.00677	0.00203	0.00813	0.00610	0.00339	0.01084
24	0.00837	0.00603	0.00794	0.00940	0.00991	0.00560	0.00631	0.00966	0.01341	0.01786	0.06296	0.70475	0.07043	0.02102	0.00868	0.00274	0.00392	0.01901	0.00639	0.00560
25	0.01693	0.01626	0.02777	0.04199	0.71689	0.01626	0.02100	0.02100	0.01558	0.02235	0.01287	0.01693	0.01084	0.00610	0.00677	0.00203	0.00813	0.00610	0.00339	0.01084
26	0.80789	0.01323	0.01006	0.00900	0.01323	0.01535	0.00741	0.02011	0.01164	0.03070	0.00953	0.01111	0.00741	0.00635	0.00423	0.00212	0.00529	0.00370	0.00423	0.00741
27	0.01107	0.00730	0.00959	0.00884	0.01070	0.00669	0.00669	0.01426	0.01938	0.07317	0.66807	0.04927	0.06142	0.01362	0.00799	0.00215	0.00340	0.01201	0.00759	0.00680
28	0.01454	0.16620	0.60050	0.01810	0.02745	0.01790	0.02284	0.02145	0.01435	0.02067	0.01178	0.01382	0.00869	0.00638	0.00612	0.00204	0.00961	0.00480	0.00290	0.00987
29	0.01516	0.20483	0.44912	0.01649	0.02452	0.01818	0.01958	0.04469	0.05517	0.02185	0.05813	0.01671	0.01313	0.00705	0.00614	0.00200	0.00864	0.00539	0.00357	0.00965
30	0.00930	0.00700	0.00862	0.00829	0.01008	0.00632	0.00626	0.01213	0.01826	0.02486	0.52289	0.05578	0.23509	0.01502	0.00812	0.00222	0.00338	0.03291	0.00718	0.00627
31	0.01468	0.18790	0.57999	0.01787	0.02709	0.01823	0.02244	0.02142	0.01433	0.02050	0.01170	0.01372	0.00869	0.00636	0.00606	0.00202	0.00953	0.00476	0.00290	0.00983
32	0.00887	0.00696	0.00802	0.00776	0.00972	0.00611	0.00582	0.01134	0.01745	0.02289	0.38639	0.05858	0.39428	0.01568	0.00808	0.00223	0.00335	0.01342	0.00693	0.00611
33	0.01518	0.26757	0.50469	0.01701	0.02577	0.01945	0.02095	0.02129	0.01427	0.01989	0.01140	0.01334	0.00870	0.00629	0.00583	0.00194	0.00922	0.00461	0.00290	0.00969
34	0.01092	0.00784	0.01088	0.01240	0.01400	0.00780	0.01082	0.01402	0.01574	0.02040	0.03741	0.07677	0.06355	0.01884	0.00940	0.00312	0.00620	0.64732	0.00630	0.00628
35	0.01410	0.09493	0.66785	0.01886	0.02863	0.01680	0.02417	0.02157	0.01440	0.02121	0.01205	0.01416	0.00868	0.00645	0.00633	0.00211	0.00988	0.00494	0.00289	0.01000
36	0.01695	0.01207	0.01326	0.01205	0.01539	0.03740	0.00963	0.08200	0.22325	0.13218	0.05876	0.06428	0.15913	0.01269	0.00764	0.00239	0.00556	0.11967	0.00683	0.00887
37	0.01615	0.01845	0.04037	0.02884	0.03576	0.01730	0.69204	0.02191	0.01615	0.02191	0.01384	0.01845	0.01038	0.00577	0.00807	0.00231	0.01153	0.00807	0.00346	0.00923
38	0.01693	0.01626	0.02777	0.04199	0.71689	0.01626	0.02100	0.02100	0.01558	0.02235	0.01287	0.01693	0.01084	0.00610	0.00677	0.00203	0.00813	0.00610	0.00339	0.01084
39	0.00882	0.00693	0.00797	0.00777	0.00971	0.00608	0.00581	0.01123	0.01725	0.02256	0.36354	0.07891	0.39717	0.01591	0.00810	0.00225	0.00337	0.01364	0.00689	0.00608
40	0.01675	0.01430	0.01512	0.01355	0.01734	0.01639	0.01055	0.05711	0.63264	0.02874	0.05500	0.02752	0.04506	0.00969	0.00704	0.00230	0.00534	0.00808	0.00696	0.01052
41	0.01550	0.00829	0.01094	0.00954	0.01221	0.00744	0.00741	0.01850	0.01927	0.22138	0.49483	0.04392	0.07781	0.01258	0.00774	0.00215	0.00396	0.01092	0.00775	0.00788
42	0.01327	0.01252	0.02116	0.68119	0.10629	0.01529	0.01918	0.01779	0.01385	0.01791	0.01222	0.01812	0.00927	0.00677	0.00683	0.00226	0.00903	0.00608	0.00307	0.00789
43	0.80789	0.01323	0.01006	0.00900	0.01323	0.01535	0.00741	0.02011	0.01164	0.03070	0.00953	0.01111	0.00741	0.00635	0.00423	0.00212	0.00529	0.00370	0.00423	0.00741
44	0.00977	0.00733	0.01100	0.01100	0.01222	0.00855	0.00855	0.01222	0.01100	0.01588	0.01833	0.02688	0.01710	0.05131	0.73245	0.01100	0.01833	0.00733	0.00367	0.00611
45	0.44443	0.01242	0.01358	0.18622	0.02205	0.01399	0.01065	0.02155	0.01365	0.15502	0.01439	0.04138	0.01092	0.00739	0.00551	0.00218	0.00626	0.00542	0.00481	0.00817
46	0.00838	0.00599	0.00798	0.00949	0.00993	0.00559	0.00635	0.00965	0.01332	0.01782	0.06159	0.73022	0.04593	0.02117	0.00871	0.00276	0.00394	0.01920	0.00639	0.00559
47	0.01403	0.08464	0.67757	0.01897	0.02880	0.01664	0.02436	0.02159	0.01441	0.02129	0.01209	0.01421	0.00867	0.00646	0.00636	0.00212	0.00992	0.00496	0.00289	0.01002
48	0.01372	0.03539	0.72412	0.01950	0.02961	0.01589	0.02528	0.02167	0.01444	0.02167	0.01228	0.01444	0.00867	0.00650	0.00650	0.00217	0.01011	0.00506	0.00289	0.01011
49	0.01630	0.01561	0.02662	0.15306	0.61079	0.01609	0.02068	0.02044	0.01528	0.02158	0.01276	0.01714	0.01056	0.00621	0.00678	0.00207	0.00828	0.00609	0.00333	0.01032
50	0.01693	0.01626	0.02777	0.04199	0.71689	0.01626	0.02100	0.02100	0.01558	0.02235	0.01287	0.01693	0.01084	0.00610	0.00677	0.00203	0.00813	0.00610	0.00339	0.01084
51	0.00962	0.00699	0.00905	0.00854	0.01018	0.00643	0.00640	0.01278	0.01921	0.02707	0.68693	0.05171	0.09113	0.01412	0.00807	0.00216	0.00324	0.01246	0.00748	0.00643
52	0.00846	0.00611	0.00801	0.00930	0.00992	0.00566	0.00630	0.00988	0.01385	0.01852	0.10710	0.64988	0.08072	0.02048	0.00863	0.00269	0.00387	0.01849	0.00647	0.00566
53	0.01657	0.01588	0.02711	0.10577	0.65596	0.01616	0.02081	0.02068	0.01541	0.02191	0.01280	0.01705	0.01068	0.00616	0.00678	0.00205	0.00822	0.00609	0.00335	0.01054
54	0.03014	0.01177	0.01586	0.01224	0.01748	0.01034	0.01009	0.03346	0.04761	0.69327	0.02703	0.02338	0.01710	0.00850	0.00688	0.00213	0.00580	0.00691	0.00841	0.01161
55	0.00835	0.00691	0.00732	0.00729	0.00942	0.00588	0.00544	0.01031	0.01612	0.01989	0.17234	0.08705	0.58619	0.01693	0.00811	0.00230	0.00344	0.01428	0.00654	0.00588
56	0.01628	0.01559	0.02660	0.15535	0.60860	0.01608	0.02067	0.02043	0.01527	0.02156	0.01275	0.01714	0.01056	0.00622	0.00678	0.00207	0.00829	0.00609	0.00333	0.01031
57	0.01292	0.01216	0.02052	0.74312	0.04712	0.01520	0.01900	0.01748	0.01368	0.01748	0.01216	0.01824	0.00912	0.00684	0.00684	0.00228	0.00912	0.00608	0.00304	0.00760
58	0.02847	0.01214	0.01581	0.01246	0.01752	0.01119	0.01018	0.03383	0.13085	0.60905	0.02713	0.02365	0.01758	0.00860	0.00689	0.00215	0.00576	0.00702	0.00822	0.01151
59	0.80789	0.01323	0.01006	0.00900	0.01323	0.01535	0.00741	0.02011	0.01164	0.03070	0.00953	0.01111	0.00741	0.00635	0.00423	0.00212	0.00529	0.00370	0.00423	0.00741
60	0.01693	0.01626	0.02777	0.04199	0.71689	0.01626	0.02100	0.02100	0.01558	0.02235	0.01287	0.01693	0.01084	0.00610	0.00677	0.00203	0.00813	0.00610	0.00339	0.01084
61	0.02949	0.01138	0.01549	0.01197	0.01705	0.00985	0.00985	0.03217	0.01957	0.68177	0.06640	0.02488	0.01967	0.00878	0.00695	0.00212	0.00567	0.00720	0.00841	0.01135
62	0.02863	0.01119	0.01522	0.01182	0.01675	0.00970	0.00970	0.03134	0.01956	0.65352	0.09432	0.02602	0.02161	0.00901	0.00700	0.00212	0.00557	0.00742	0.00838	0.01113
63	0.01372	0.03539	0.72412	0.01950	0.02961	0.01589	0.02528	0.02167	0.01444	0.02167	0.01228	0.01444	0.00867	0.00650	0.00650	0.00217	0.01011	0.00506	0.00289	0.01011
64	0.04268	0.01163	0.01354	0.01011	0.01559	0.00906	0.00799	0.01721	0.01419	0.04683	0.01486	0.08036	0.01340	0.00669	0.00543	0.00125	0.00500	0.00551	0.00442	0.67424
65	0.01188	0.00594	0.00891	0.00891	0.00891	0.00594	0.00594	0.00891	0.00891	0.01188	0.01188	0.02080	0.01188	0.02377	0.02674	0.80095	0.00594	0.00594	0.00297	0.00297
66	0.01419	0.01216	0.01419	0.01013	0.01621	0.00912	0.00811	0.01723	0.01419	0.02229	0.01216	0.01419	0.01013	0.00507	0.00507	0.00101	0.00507	0.00405	0.00405	0.80139
67	0.00987	0.00694	0.00902	0.00902	0.00955	0.00748	0.00608	0.01095	0.01041	0.01442	0.02014	0.03690	0.02146	0.44808	0.34163	0.00855	0.01177	0.00880	0.00393	0.00501
68	0.01380	0.01197	0.01502	0.12862	0.02102	0.00999	0.00981	0.01703	0.01407	0.02137	0.01293	0.03731	0.01103	0.00585	0.00546	0.00127	0.00569	0.00485	0.00396	0.64891
69	0.44918	0.01119	0.01054	0.03304	0.01375	0.01230	0.00775	0.05075	0.01441	0.02792	0.13851	0.13903	0.02394	0.01020	0.00588	0.00220	0.00494	0.00799	0.00524	0.03124

[dist]
# distance from previous block
# <min> <max>
2	3

[block]
# block no. 1 follows, 31 sequences, length 20
# corresponding to MSA columns:
# 109-128
name=unknown_B
#
# <colnr> <probs for GDERKNQSTAVLIFYWHMCP>
#	G	D	E	R	K	N	Q	S	T	A	V	L	I	F	Y	W	H	M	C	P
0	0.01467	0.01453	0.02038	0.01756	0.01763	0.02024	0.01460	0.01622	0.01051	0.01643	0.00952	0.01565	0.00945	0.01424	0.06329	0.00345	0.70513	0.00606	0.00303	0.00740
1	0.00992	0.00675	0.00807	0.00807	0.00827	0.00696	0.00490	0.01034	0.01013	0.01371	0.02100	0.04171	0.02354	0.63844	0.15413	0.00738	0.00863	0.00950	0.00406	0.00448
2	0.02792	0.01324	0.01652	0.01298	0.01808	0.01279	0.01062	0.13360	0.12500	0.51440	0.02552	0.02259	0.01673	0.00855	0.00689	0.00214	0.00602	0.00690	0.00799	0.01152
3	0.02601	0.01916	0.02053	0.01574	0.02122	0.02122	0.01300	0.69408	0.03217	0.04312	0.01643	0.01643	0.01163	0.00821	0.00684	0.00205	0.00753	0.00616	0.00684	0.01163
4	0.00995	0.00663	0.00746	0.00746	0.00746	0.00663	0.00415	0.00995	0.00995	0.01327	0.02156	0.04477	0.02487	0.75957	0.03482	0.00663	0.00663	0.00995	0.00415	0.00415
5	0.00977	0.00733	0.01100	0.01100	0.01222	0.00855	0.00855	0.01222	0.01100	0.01588	0.01833	0.02688	0.01710	0.05131	0.73245	0.01100	0.01833	0.00733	0.00367	0.00611
6	0.01677	0.01672	0.03043	0.03921	0.57308	0.01648	0.16267	0.02119	0.01570	0.02226	0.01307	0.01725	0.01074	0.00603	0.00705	0.00209	0.00885	0.00651	0.00340	0.01050
7	0.00977	0.00733	0.01100	0.01100	0.01222	0.00855	0.00855	0.01222	0.01100	0.01588	0.01833	0.02688	0.01710	0.05131	0.73245	0.01100	0.01833	0.00733	0.00367	0.00611
8	0.01419	0.01216	0.01419	0.01013	0.01621	0.00912	0.00811	0.01723	0.01419	0.02229	0.01216	0.01419	0.01013	0.00507	0.00507	0.00101	0.00507	0.00405	0.00405	0.80139
9	0.02412	0.02132	0.01900	0.01570	0.02034	0.19799	0.01249	0.36367	0.17298	0.05611	0.01777	0.01759	0.01309	0.00816	0.00670	0.00204	0.00822	0.00608	0.00609	0.01053
10	0.01266	0.01116	0.01665	0.01470	0.01603	0.01393	0.05254	0.04328	0.01203	0.01761	0.01472	0.02178	0.01364	0.03303	0.41072	0.00730	0.27077	0.00686	0.00355	0.00701
11	0.00839	0.00694	0.00736	0.00725	0.00943	0.00591	0.00544	0.01041	0.01632	0.02021	0.19343	0.06300	0.58891	0.01668	0.00808	0.00228	0.00342	0.01404	0.00658	0.00591
12	0.01397	0.00912	0.01132	0.01084	0.03694	0.00872	0.00801	0.01904	0.11264	0.13498	0.33198	0.04585	0.18351	0.01303	0.00773	0.00223	0.00425	0.03079	0.00717	0.00788
13	0.02566	0.02943	0.01966	0.01718	0.02117	0.56438	0.01317	0.18463	0.02240	0.02297	0.01196	0.01330	0.00948	0.00732	0.00633	0.00183	0.01120	0.00482	0.00431	0.00881
14	0.01503	0.01529	0.02340	0.05146	0.02152	0.02024	0.10125	0.01720	0.01134	0.01720	0.00974	0.01556	0.00916	0.01096	0.01993	0.00287	0.62083	0.00626	0.00305	0.00771
15	0.00977	0.00733	0.01100	0.01100	0.01222	0.00855	0.00855	0.01222	0.01100	0.01588	0.01833	0.02688	0.01710	0.05131	0.73245	0.01100	0.01833	0.00733	0.00367	0.00611
16	0.00977	0.00733	0.01100	0.01100	0.01222	0.00855	0.00855	0.01222	0.01100	0.01588	0.01833	0.02688	0.01710	0.05131	0.73245	0.01100	0.01833	0.00733	0.00367	0.00611
17	0.01812	0.48048	0.08794	0.01302	0.01851	0.04547	0.01267	0.11242	0.01627	0.02028	0.01185	0.01408	0.01022	0.01205	0.09755	0.00283	0.00914	0.00461	0.00358	0.00892
18	0.01930	0.19242	0.02089	0.01360	0.01806	0.06258	0.01127	0.09768	0.36502	0.06746	0.02091	0.02028	0.01598	0.00974	0.03323	0.00237	0.00700	0.00634	0.00576	0.01012
19	0.02053	0.01311	0.01668	0.05796	0.01897	0.01449	0.01155	0.23413	0.01985	0.19111	0.01852	0.02108	0.01408	0.02116	0.22075	0.00479	0.07951	0.00665	0.00570	0.00939

[dist]
# distance from previous block
# <min> <max>
2	46

[block]
# block no. 2 follows, 31 sequences, length 39
# corresponding to MSA columns:
# 175-213
name=unknown_C
#
# <colnr> <probs for GDERKNQSTAVLIFYWHMCP>
#	G	D	E	R	K	N	Q	S	T	A	V	L	I	F	Y	W	H	M	C	P
0	0.05341	0.01587	0.01675	0.01377	0.01848	0.05367	0.01104	0.19754	0.28203	0.18554	0.02229	0.02086	0.01593	0.00836	0.00666	0.00210	0.00637	0.00661	0.00681	0.05591
1	0.18553	0.01977	0.01633	0.01360	0.01809	0.21926	0.01076	0.14864	0.05830	0.02651	0.01274	0.01413	0.01005	0.00700	0.00633	0.00180	0.03657	0.00476	0.00459	0.18523
2	0.52039	0.01658	0.01548	0.01275	0.01739	0.08231	0.06713	0.14900	0.01664	0.03103	0.01130	0.01286	0.00859	0.00672	0.00523	0.00209	0.00689	0.00461	0.00460	0.00841
3	0.01018	0.00701	0.00921	0.00883	0.01041	0.00646	0.00656	0.01313	0.01860	0.04807	0.60799	0.13742	0.06066	0.01473	0.00811	0.00223	0.00340	0.01308	0.00741	0.00651
4	0.01497	0.01497	0.02095	0.01796	0.01796	0.02095	0.01497	0.01646	0.01048	0.01646	0.00898	0.01497	0.00898	0.01197	0.02245	0.00299	0.74704	0.00599	0.00299	0.00748
5	0.01836	0.01495	0.01592	0.01400	0.01807	0.01708	0.01098	0.09212	0.61849	0.05909	0.02684	0.02466	0.01993	0.00916	0.00695	0.00229	0.00561	0.00756	0.00701	0.01093
6	0.00995	0.00663	0.00746	0.00746	0.00746	0.00663	0.00415	0.00995	0.00995	0.01327	0.02156	0.04477	0.02487	0.75957	0.03482	0.00663	0.00663	0.00995	0.00415	0.00415
7	0.00995	0.00663	0.00746	0.00746	0.00746	0.00663	0.00415	0.00995	0.00995	0.01327	0.02156	0.04477	0.02487	0.75957	0.03482	0.00663	0.00663	0.00995	0.00415	0.00415
8	0.01526	0.01583	0.02575	0.02065	0.02236	0.02005	0.18223	0.01781	0.01188	0.01781	0.01018	0.01583	0.00933	0.01044	0.01890	0.00282	0.56534	0.00650	0.00311	0.00791
9	0.01702	0.01470	0.01547	0.01392	0.01779	0.01702	0.01083	0.03635	0.70453	0.02862	0.02785	0.02553	0.02088	0.00928	0.00696	0.00232	0.00541	0.00773	0.00696	0.01083
10	0.01419	0.01216	0.01419	0.01013	0.01621	0.00912	0.00811	0.01723	0.01419	0.02229	0.01216	0.01419	0.01013	0.00507	0.00507	0.00101	0.00507	0.00405	0.00405	0.80139
11	0.02919	0.01405	0.01737	0.01331	0.01867	0.01363	0.01100	0.24481	0.02361	0.50447	0.02361	0.02109	0.01524	0.00839	0.00687	0.00210	0.00637	0.00665	0.00795	0.01164
12	0.01031	0.03300	0.00990	0.00870	0.01055	0.00711	0.00658	0.01313	0.01819	0.04631	0.53259	0.11043	0.13846	0.01458	0.00796	0.00220	0.00354	0.01276	0.00716	0.00653
13	0.00977	0.00733	0.01100	0.01100	0.01222	0.00855	0.00855	0.01222	0.01100	0.01588	0.01833	0.02688	0.01710	0.05131	0.73245	0.01100	0.01833	0.00733	0.00367	0.00611
14	0.02598	0.01993	0.02047	0.01585	0.02121	0.06167	0.01302	0.65614	0.03144	0.04162	0.01609	0.01619	0.01147	0.00815	0.00681	0.00204	0.00780	0.00606	0.00666	0.01142
15	0.00957	0.00690	0.00904	0.00869	0.01020	0.00638	0.00645	0.01262	0.01883	0.02659	0.65593	0.11087	0.06291	0.01462	0.00813	0.00220	0.00329	0.01297	0.00743	0.00638
16	0.03070	0.01164	0.01588	0.01217	0.01746	0.01006	0.01006	0.03334	0.01958	0.72163	0.02699	0.02329	0.01694	0.00847	0.00688	0.00212	0.00582	0.00688	0.00847	0.01164
17	0.00957	0.00690	0.00904	0.00869	0.01020	0.00638	0.00645	0.01262	0.01883	0.02659	0.65593	0.11087	0.06291	0.01462	0.00813	0.00220	0.00329	0.01297	0.00743	0.00638
18	0.02973	0.01307	0.03985	0.01272	0.01819	0.01120	0.01081	0.08905	0.02048	0.64072	0.02560	0.02241	0.01621	0.00838	0.00686	0.00211	0.00611	0.00676	0.00814	0.01159
19	0.14475	0.01826	0.01894	0.01472	0.02000	0.02032	0.01215	0.59172	0.02905	0.04123	0.01538	0.01562	0.01099	0.00793	0.00645	0.00206	0.00719	0.00579	0.00645	0.01099
20	0.01829	0.76368	0.03585	0.01171	0.01756	0.02707	0.01171	0.02049	0.01390	0.01610	0.00951	0.01097	0.00878	0.00585	0.00439	0.00146	0.00732	0.00366	0.00293	0.00878
21	0.01402	0.06439	0.63538	0.01904	0.02811	0.01679	0.02383	0.02117	0.01408	0.02099	0.01188	0.01434	0.00870	0.00694	0.00777	0.00221	0.07256	0.00508	0.00290	0.00983
22	0.02726	0.01093	0.01452	0.01138	0.01622	0.00941	0.00932	0.02977	0.01898	0.61484	0.03342	0.02975	0.12281	0.00981	0.00706	0.00215	0.00546	0.00803	0.00815	0.01075
23	0.01256	0.00764	0.00944	0.00862	0.01072	0.00688	0.00640	0.01492	0.01726	0.12891	0.37079	0.04926	0.19535	0.11733	0.01160	0.00280	0.00415	0.01166	0.00694	0.00677
24	0.03070	0.01164	0.01588	0.01217	0.01746	0.01006	0.01006	0.03334	0.01958	0.72163	0.02699	0.02329	0.01694	0.00847	0.00688	0.00212	0.00582	0.00688	0.00847	0.01164
25	0.02601	0.01916	0.02053	0.01574	0.02122	0.02122	0.01300	0.69408	0.03217	0.04312	0.01643	0.01643	0.01163	0.00821	0.00684	0.00205	0.00753	0.00616	0.00684	0.01163
26	0.00892	0.00641	0.00858	0.01011	0.01083	0.00607	0.00734	0.01056	0.01377	0.01816	0.03850	0.58143	0.06771	0.02073	0.00887	0.00284	0.00446	0.16262	0.00634	0.00573
27	0.00995	0.00663	0.00746	0.00746	0.00746	0.00663	0.00415	0.00995	0.00995	0.01327	0.02156	0.04477	0.02487	0.75957	0.03482	0.00663	0.00663	0.00995	0.00415	0.00415
28	0.02601	0.01916	0.02053	0.01574	0.02122	0.02122	0.01300	0.69408	0.03217	0.04312	0.01643	0.01643	0.01163	0.00821	0.00684	0.00205	0.00753	0.00616	0.00684	0.01163
29	0.01829	0.76368	0.03585	0.01171	0.01756	0.02707	0.01171	0.02049	0.01390	0.01610	0.00951	0.01097	0.00878	0.00585	0.00439	0.00146	0.00732	0.00366	0.00293	0.00878
30	0.01779	0.68387	0.11127	0.01256	0.01888	0.02585	0.01319	0.02062	0.01396	0.01671	0.00981	0.01135	0.00877	0.00592	0.00462	0.00154	0.00762	0.00381	0.00292	0.00893
31	0.02556	0.03261	0.01939	0.01763	0.02115	0.73210	0.01322	0.02732	0.01939	0.01674	0.01058	0.01234	0.00881	0.00705	0.00617	0.00176	0.01234	0.00441	0.00353	0.00793
32	0.01395	0.01189	0.01392	0.01005	0.01590	0.00898	0.00802	0.01700	0.01446	0.02256	0.04909	0.01613	0.01300	0.00554	0.00522	0.00107	0.00497	0.00449	0.00424	0.75951
33	0.01497	0.01497	0.02095	0.01796	0.01796	0.02095	0.01497	0.01646	0.01048	0.01646	0.00898	0.01497	0.00898	0.01197	0.02245	0.00299	0.74704	0.00599	0.00299	0.00748
34	0.03070	0.01164	0.01588	0.01217	0.01746	0.01006	0.01006	0.03334	0.01958	0.72163	0.02699	0.02329	0.01694	0.00847	0.00688	0.00212	0.00582	0.00688	0.00847	0.01164
35	0.01275	0.00638	0.00638	0.00638	0.00797	0.00638	0.00478	0.01594	0.01435	0.02551	0.02232	0.02551	0.01754	0.00797	0.00478	0.00159	0.00319	0.00638	0.79755	0.00638
36	0.02019	0.01627	0.01726	0.01456	0.01900	0.01850	0.01160	0.26867	0.46704	0.03374	0.02381	0.02231	0.01762	0.00890	0.00692	0.00223	0.00616	0.00718	0.00692	0.01111
37	0.00823	0.00690	0.00715	0.00716	0.00935	0.00583	0.00534	0.01007	0.01584	0.01922	0.12348	0.08697	0.63670	0.01717	0.00811	0.00231	0.00346	0.01442	0.00645	0.00583
38	0.01102	0.00787	0.01102	0.01260	0.01417	0.00787	0.01102	0.01417	0.01575	0.02047	0.03622	0.07717	0.03937	0.01890	0.00945	0.00315	0.00630	0.67084	0.00630	0.00630

[dist]
# distance from previous block
# <min> <max>
0	0

# created by:
# /st0/software/busco_prod/Augustus/scripts/msa2prfl.pl ./align_prep/158738.fa
