[name]
unknown

[dist]
# distance from previous block
# <min> <max>
0	17

[block]
# block no. 0 follows, 25 sequences, length 9
# corresponding to MSA columns:
# 17-25
name=unknown_A
#
# <colnr> <probs for GDERKNQSTAVLIFYWHMCP>
#	G	D	E	R	K	N	Q	S	T	A	V	L	I	F	Y	W	H	M	C	P
0	0.07039	0.01674	0.01762	0.01464	0.01957	0.08009	0.01196	0.19316	0.02441	0.26513	0.03108	0.03478	0.09266	0.01171	0.00802	0.00250	0.00755	0.07919	0.00775	0.01107
1	0.15907	0.06633	0.02142	0.01548	0.02144	0.02103	0.01294	0.39065	0.02848	0.16054	0.01894	0.01859	0.01325	0.00882	0.00707	0.00231	0.00773	0.00646	0.00729	0.01215
2	0.01826	0.01579	0.02305	0.43726	0.08835	0.01798	0.01888	0.15372	0.02014	0.02695	0.01486	0.01962	0.01121	0.00779	0.00752	0.00235	0.00936	0.00665	0.00451	0.09575
3	0.23074	0.02396	0.25970	0.21488	0.08336	0.01765	0.02058	0.02266	0.01533	0.02614	0.01305	0.01674	0.00976	0.00739	0.00678	0.00246	0.00944	0.00572	0.00379	0.00986
4	0.01717	0.01950	0.09199	0.09950	0.11986	0.01920	0.15071	0.02245	0.04446	0.02291	0.01404	0.01887	0.01153	0.00895	0.01297	0.00262	0.21653	0.00705	0.00389	0.09581
5	0.05689	0.01066	0.01062	0.03844	0.01391	0.05764	0.00779	0.01509	0.01718	0.05280	0.10511	0.15423	0.32586	0.08553	0.01165	0.00308	0.00556	0.01421	0.00666	0.00708
6	0.09875	0.01426	0.01896	0.12696	0.02520	0.01376	0.06622	0.02298	0.08941	0.05008	0.07977	0.02269	0.01856	0.00794	0.00690	0.00198	0.00702	0.00680	0.00530	0.31647
7	0.02144	0.01502	0.01836	0.01427	0.01952	0.01442	0.03636	0.19989	0.05348	0.10642	0.08150	0.02363	0.01958	0.01079	0.00986	0.08857	0.00685	0.00716	0.00643	0.24645
8	0.07839	0.01706	0.02010	0.09536	0.07364	0.03921	0.01411	0.24985	0.05435	0.11879	0.02069	0.06820	0.01649	0.01251	0.04721	0.00295	0.00871	0.00788	0.00649	0.04802

[dist]
# distance from previous block
# <min> <max>
0	6

[block]
# block no. 1 follows, 25 sequences, length 9
# corresponding to MSA columns:
# 32-40
name=unknown_B
#
# <colnr> <probs for GDERKNQSTAVLIFYWHMCP>
#	G	D	E	R	K	N	Q	S	T	A	V	L	I	F	Y	W	H	M	C	P
0	0.14323	0.07627	0.25486	0.02147	0.02917	0.04691	0.19783	0.02347	0.01620	0.02500	0.01427	0.01803	0.01109	0.01204	0.07456	0.00339	0.01181	0.00655	0.00383	0.01002
1	0.42558	0.06049	0.01891	0.22039	0.09808	0.01830	0.01424	0.02205	0.01452	0.02831	0.01208	0.01568	0.00949	0.00729	0.00599	0.00240	0.00777	0.00528	0.00420	0.00898
2	0.12137	0.01477	0.01979	0.32741	0.03446	0.01741	0.01665	0.14130	0.01946	0.02797	0.01892	0.03071	0.01662	0.01064	0.00869	0.00272	0.04158	0.11522	0.00510	0.00920
3	0.02308	0.01734	0.01979	0.01578	0.02075	0.01874	0.01284	0.33320	0.08100	0.06491	0.05542	0.02255	0.01772	0.01400	0.07129	0.00318	0.06517	0.00729	0.00673	0.12922
4	0.01480	0.01117	0.01302	0.01194	0.01500	0.01119	0.00905	0.04447	0.18762	0.05684	0.24509	0.15972	0.09809	0.01492	0.00857	0.00252	0.00493	0.01296	0.00773	0.07038
5	0.01910	0.02062	0.08893	0.09060	0.13130	0.01881	0.28430	0.13325	0.02092	0.02833	0.02075	0.02415	0.06506	0.00831	0.00841	0.00250	0.01058	0.00852	0.00475	0.01081
6	0.15884	0.01365	0.01651	0.07589	0.02110	0.01388	0.01148	0.07079	0.07536	0.31812	0.11907	0.02777	0.02437	0.00998	0.00747	0.00244	0.00649	0.00802	0.00778	0.01100
7	0.01882	0.01554	0.01884	0.12661	0.02534	0.01450	0.01243	0.16017	0.02051	0.02961	0.01485	0.01739	0.01167	0.00686	0.00652	0.00164	0.00711	0.00550	0.00511	0.48096
8	0.48338	0.01845	0.07537	0.01291	0.01881	0.01799	0.01155	0.14580	0.01834	0.03559	0.01293	0.01449	0.00979	0.00747	0.00571	0.00226	0.00696	0.00492	0.00522	0.09207

[dist]
# distance from previous block
# <min> <max>
15	29

[block]
# block no. 2 follows, 25 sequences, length 164
# corresponding to MSA columns:
# 75-193,224-268
name=unknown_C
#
# <colnr> <probs for GDERKNQSTAVLIFYWHMCP>
#	G	D	E	R	K	N	Q	S	T	A	V	L	I	F	Y	W	H	M	C	P
0	0.05423	0.17155	0.35649	0.02126	0.05437	0.04741	0.06637	0.02379	0.01600	0.02298	0.01281	0.01581	0.01006	0.00784	0.00888	0.00239	0.08802	0.00572	0.00346	0.01055
1	0.04662	0.00754	0.00920	0.01010	0.01137	0.00706	0.00707	0.01216	0.01658	0.02287	0.16886	0.45861	0.15150	0.02112	0.00939	0.00289	0.00432	0.01875	0.00734	0.00663
2	0.04822	0.00832	0.01119	0.08391	0.01632	0.00830	0.00895	0.01357	0.01498	0.04592	0.03582	0.54288	0.04121	0.02076	0.00998	0.03134	0.00538	0.01801	0.00657	0.02837
3	0.01662	0.17554	0.53557	0.02030	0.03038	0.02071	0.02519	0.02407	0.01608	0.02309	0.01316	0.01562	0.00986	0.00745	0.00756	0.00233	0.03665	0.00546	0.00329	0.01105
4	0.02735	0.06203	0.02249	0.01898	0.02329	0.55003	0.01457	0.07364	0.02198	0.02149	0.01247	0.01450	0.01032	0.00807	0.00754	0.00200	0.03797	0.00514	0.00425	0.06189
5	0.01841	0.06651	0.03049	0.17456	0.51151	0.01903	0.02263	0.02298	0.01710	0.02376	0.01417	0.01902	0.01174	0.00705	0.00751	0.00231	0.00937	0.00672	0.00373	0.01140
6	0.01137	0.00791	0.00912	0.00940	0.01131	0.00701	0.00675	0.01307	0.01646	0.06558	0.05752	0.25114	0.35657	0.10178	0.01282	0.00335	0.00481	0.04020	0.00707	0.00674
7	0.11048	0.01263	0.01623	0.01299	0.01823	0.01143	0.01056	0.03299	0.02066	0.53279	0.06024	0.08090	0.02314	0.01079	0.00771	0.00246	0.00623	0.00883	0.00885	0.01187
8	0.02704	0.01251	0.01638	0.01318	0.01791	0.01164	0.01067	0.09465	0.02294	0.41987	0.17912	0.03322	0.03118	0.01438	0.05574	0.00310	0.00709	0.00920	0.00878	0.01139
9	0.01752	0.01938	0.04092	0.17781	0.04329	0.01910	0.51588	0.02376	0.01770	0.02376	0.01528	0.02086	0.01146	0.00680	0.00885	0.00261	0.01248	0.00867	0.00382	0.01006
10	0.02899	0.01653	0.09248	0.01473	0.02084	0.01313	0.01322	0.08793	0.04909	0.45836	0.09667	0.02807	0.02358	0.01003	0.00789	0.00241	0.00698	0.00820	0.00854	0.01233
11	0.03179	0.01409	0.01871	0.06185	0.02230	0.01321	0.01235	0.11256	0.02351	0.53326	0.05376	0.02629	0.02000	0.00968	0.00784	0.00240	0.00698	0.00788	0.00890	0.01264
12	0.01601	0.06696	0.61583	0.02349	0.07732	0.01855	0.02768	0.02445	0.01643	0.02435	0.01383	0.01640	0.01000	0.00731	0.00729	0.00241	0.01117	0.00575	0.00331	0.01145
13	0.00945	0.00781	0.00834	0.00869	0.01099	0.00670	0.00655	0.01147	0.01735	0.02098	0.07149	0.15158	0.55454	0.02032	0.00937	0.00275	0.00424	0.06363	0.00720	0.00656
14	0.01711	0.19501	0.47133	0.02278	0.09850	0.02093	0.02464	0.02417	0.01637	0.02320	0.01327	0.01577	0.01011	0.00715	0.00686	0.00226	0.01050	0.00549	0.00334	0.01120
15	0.01654	0.01712	0.03211	0.32637	0.06931	0.01913	0.25713	0.02169	0.01611	0.02175	0.01400	0.02015	0.01093	0.00812	0.01089	0.00270	0.11516	0.00772	0.00363	0.00944
16	0.00952	0.00680	0.00906	0.01075	0.01126	0.00634	0.00720	0.01097	0.01517	0.02030	0.07128	0.69245	0.05227	0.02391	0.00986	0.00312	0.00446	0.02168	0.00726	0.00634
17	0.02853	0.01379	0.01737	0.01394	0.01902	0.01319	0.01126	0.13438	0.06640	0.41968	0.09957	0.07765	0.02662	0.01132	0.00809	0.00246	0.00642	0.00941	0.00890	0.01201
18	0.40476	0.01700	0.04290	0.11599	0.04927	0.04446	0.01303	0.10006	0.01770	0.03199	0.03869	0.02177	0.01438	0.00886	0.00647	0.00248	0.00761	0.04824	0.00513	0.00920
19	0.01973	0.59850	0.16554	0.01497	0.02254	0.02823	0.01624	0.02348	0.01587	0.01946	0.01138	0.01320	0.00993	0.00678	0.00544	0.00181	0.00890	0.00445	0.00331	0.01024
20	0.02758	0.03465	0.02218	0.02002	0.02355	0.61898	0.01521	0.02955	0.02081	0.01894	0.01178	0.01433	0.01001	0.00863	0.00911	0.00216	0.09445	0.00520	0.00393	0.00893
21	0.01677	0.01675	0.02390	0.23926	0.06241	0.04582	0.01866	0.01971	0.01366	0.01935	0.01159	0.01813	0.01032	0.01121	0.01834	0.00303	0.43213	0.00676	0.00345	0.00872
22	0.01675	0.01542	0.02518	0.50589	0.19744	0.01799	0.02158	0.06528	0.01748	0.02314	0.01431	0.02018	0.01099	0.00766	0.00773	0.00250	0.00995	0.00690	0.00384	0.00979
23	0.00957	0.00683	0.00914	0.01094	0.01144	0.00640	0.00741	0.01101	0.01496	0.01993	0.04267	0.69712	0.05102	0.02418	0.00993	0.00317	0.00460	0.04617	0.00720	0.00633
24	0.03387	0.01392	0.01835	0.01415	0.02010	0.01256	0.01166	0.08118	0.04574	0.61696	0.02978	0.02593	0.01893	0.00961	0.00780	0.00240	0.00672	0.00777	0.00941	0.01316
25	0.03043	0.04244	0.01990	0.01513	0.02084	0.04426	0.01239	0.15381	0.13268	0.40306	0.02700	0.02433	0.01809	0.00952	0.00767	0.00238	0.00725	0.00756	0.00850	0.01275
26	0.07722	0.01804	0.01913	0.01604	0.02112	0.02025	0.01292	0.27466	0.32478	0.06527	0.02545	0.02604	0.01921	0.01022	0.00773	0.00253	0.00711	0.03245	0.00766	0.01218
27	0.01437	0.01338	0.01947	0.01715	0.01813	0.01735	0.03859	0.01666	0.01274	0.01882	0.01889	0.02593	0.05925	0.02973	0.26490	0.00657	0.38818	0.00808	0.00395	0.00787
28	0.04238	0.00892	0.01166	0.01182	0.04011	0.00838	0.00846	0.01648	0.02046	0.07409	0.47065	0.11504	0.08541	0.01587	0.00896	0.00255	0.00441	0.03847	0.00804	0.00784
29	0.03123	0.09135	0.02057	0.01412	0.02000	0.01488	0.01182	0.05894	0.09896	0.51167	0.02814	0.02491	0.01852	0.00938	0.00750	0.00234	0.00680	0.00749	0.00865	0.01274
30	0.00966	0.00690	0.00924	0.01104	0.01158	0.00648	0.00756	0.01116	0.01505	0.02003	0.04262	0.67886	0.05082	0.02409	0.00995	0.00318	0.00468	0.06357	0.00719	0.00636
31	0.01643	0.01675	0.05523	0.40839	0.27578	0.01800	0.02244	0.02139	0.01614	0.02195	0.01390	0.01977	0.01101	0.00771	0.00855	0.00252	0.04357	0.00684	0.00358	0.01005
32	0.01748	0.05687	0.25992	0.02834	0.03734	0.01953	0.41654	0.02468	0.01755	0.02447	0.01489	0.01904	0.01104	0.00682	0.00838	0.00252	0.01233	0.00780	0.00368	0.01077
33	0.02104	0.48252	0.19625	0.01549	0.02323	0.02542	0.01682	0.02517	0.01663	0.09430	0.01376	0.01496	0.01095	0.00714	0.00588	0.00194	0.00888	0.00494	0.00401	0.01068
34	0.00993	0.00734	0.01017	0.05875	0.01426	0.00723	0.00829	0.01168	0.01504	0.02011	0.06199	0.62172	0.04789	0.02429	0.03876	0.00348	0.00556	0.02014	0.00686	0.00652
35	0.01756	0.01211	0.01426	0.01250	0.01581	0.01240	0.00971	0.12886	0.12909	0.09524	0.33204	0.09008	0.07013	0.01400	0.00863	0.00250	0.00524	0.01202	0.00826	0.00958
36	0.05672	0.04087	0.01640	0.01272	0.01730	0.01161	0.01045	0.05120	0.02172	0.38741	0.20204	0.03763	0.03437	0.01186	0.00812	0.00246	0.00596	0.05165	0.00863	0.01088
37	0.03360	0.01346	0.01796	0.01395	0.01982	0.01200	0.01146	0.03805	0.07142	0.63458	0.03066	0.02659	0.01954	0.00967	0.00780	0.00242	0.00656	0.00787	0.00947	0.01312
38	0.01978	0.10929	0.10704	0.06765	0.03233	0.04615	0.29939	0.02506	0.01820	0.09742	0.06135	0.02208	0.01615	0.00801	0.00870	0.00244	0.03600	0.00794	0.00468	0.01035
39	0.01632	0.02003	0.12199	0.28444	0.09384	0.01842	0.21348	0.02206	0.01629	0.02230	0.01438	0.02004	0.01111	0.00914	0.02925	0.00290	0.06314	0.00745	0.00361	0.00980
40	0.01638	0.11602	0.56998	0.02286	0.07635	0.01945	0.02659	0.02435	0.01639	0.02390	0.01361	0.01612	0.01001	0.00725	0.00712	0.00236	0.01095	0.00563	0.00332	0.01135
41	0.01382	0.00878	0.01097	0.01023	0.01270	0.00801	0.00773	0.01747	0.04370	0.11189	0.38388	0.12785	0.18006	0.01651	0.00901	0.00255	0.00427	0.01436	0.00824	0.00799
42	0.01781	0.02273	0.14002	0.02838	0.06041	0.01962	0.38371	0.04739	0.01756	0.02461	0.01563	0.04525	0.01275	0.00851	0.01127	0.00270	0.11875	0.00856	0.00400	0.01034
43	0.14261	0.01736	0.05292	0.23362	0.27884	0.01800	0.04490	0.02392	0.06830	0.02576	0.01511	0.01928	0.01186	0.00750	0.00729	0.00245	0.00902	0.00665	0.00418	0.01045
44	0.00980	0.00731	0.00959	0.03846	0.01289	0.00689	0.00763	0.01165	0.01605	0.02125	0.11958	0.53677	0.12936	0.02207	0.00963	0.00298	0.00457	0.01980	0.00720	0.00654
45	0.01808	0.04425	0.05654	0.25630	0.39805	0.01872	0.02249	0.05001	0.01766	0.02429	0.01433	0.01927	0.01151	0.00729	0.00759	0.00238	0.00960	0.00675	0.00384	0.01102
46	0.02727	0.05437	0.23916	0.01695	0.02479	0.01582	0.01751	0.10165	0.02160	0.36782	0.02291	0.02162	0.01504	0.00870	0.00753	0.00238	0.00848	0.00687	0.00704	0.01248
47	0.01677	0.01675	0.02412	0.02050	0.02085	0.02300	0.04097	0.01869	0.01215	0.01887	0.01084	0.01769	0.01063	0.01519	0.05320	0.00375	0.65718	0.00694	0.00345	0.00849
48	0.00951	0.00797	0.00834	0.00853	0.01106	0.00680	0.00659	0.01165	0.01769	0.02118	0.07460	0.07597	0.60961	0.01982	0.00933	0.00272	0.00427	0.08056	0.00719	0.00661
49	0.05169	0.01422	0.02336	0.62116	0.10298	0.01733	0.02109	0.02028	0.01557	0.02098	0.01370	0.02016	0.01040	0.00766	0.00760	0.00255	0.01004	0.00676	0.00354	0.00890
50	0.02823	0.02202	0.02418	0.02146	0.10173	0.05373	0.01582	0.55054	0.03357	0.04473	0.01784	0.01847	0.01293	0.00896	0.00771	0.00231	0.00886	0.00688	0.00712	0.01289
51	0.01392	0.01178	0.01218	0.01125	0.01470	0.01209	0.00867	0.05691	0.25193	0.02660	0.05836	0.05511	0.40494	0.01579	0.00863	0.00261	0.00497	0.01312	0.00748	0.00897
52	0.01747	0.02585	0.21800	0.02900	0.03730	0.01945	0.44060	0.02435	0.01735	0.02435	0.01484	0.01942	0.01113	0.00723	0.00974	0.00262	0.05891	0.00807	0.00371	0.01060
53	0.01942	0.01724	0.01794	0.04619	0.02175	0.04293	0.01277	0.03991	0.61422	0.03141	0.03010	0.02804	0.02261	0.01031	0.00785	0.00261	0.00659	0.00855	0.00756	0.01200
54	0.01640	0.15342	0.58144	0.02065	0.03132	0.02008	0.02613	0.02434	0.01627	0.02352	0.01340	0.01573	0.00984	0.00725	0.00697	0.00232	0.01094	0.00547	0.00328	0.01121
55	0.05968	0.02048	0.02219	0.01732	0.02278	0.02309	0.01430	0.54906	0.03264	0.04497	0.01784	0.01862	0.01299	0.00956	0.00902	0.00240	0.06719	0.00686	0.03667	0.01236
56	0.01988	0.61885	0.14652	0.01471	0.02214	0.02860	0.01579	0.02344	0.01586	0.01928	0.01129	0.01308	0.00993	0.00675	0.00537	0.00179	0.00881	0.00441	0.00331	0.01020
57	0.00916	0.00785	0.00785	0.00785	0.01047	0.00655	0.00589	0.01113	0.01767	0.02095	0.07855	0.07462	0.67599	0.01964	0.00916	0.00262	0.00393	0.01636	0.00720	0.00655
58	0.01830	0.02092	0.04575	0.03268	0.04052	0.01961	0.65098	0.02484	0.01830	0.02484	0.01569	0.02092	0.01176	0.00654	0.00915	0.00261	0.01307	0.00915	0.00392	0.01046
59	0.01083	0.00930	0.00958	0.00966	0.01209	0.03715	0.00752	0.01331	0.01858	0.02285	0.16712	0.07119	0.45348	0.01878	0.00930	0.00271	0.00481	0.10761	0.00727	0.00687
60	0.01464	0.01378	0.02326	0.70887	0.05340	0.01723	0.02153	0.01981	0.01550	0.01981	0.01378	0.02067	0.01034	0.00775	0.00775	0.00258	0.01034	0.00689	0.00345	0.00861
61	0.09984	0.00978	0.01145	0.01074	0.01350	0.00943	0.00831	0.04282	0.01967	0.10567	0.27593	0.14096	0.14989	0.01600	0.00865	0.00262	0.00485	0.05407	0.00773	0.00809
62	0.01118	0.00846	0.01053	0.01175	0.01290	0.00853	0.00824	0.01598	0.12144	0.02200	0.04084	0.58386	0.04650	0.02192	0.00960	0.00308	0.00487	0.04372	0.00731	0.00731
63	0.01096	0.00872	0.01312	0.03849	0.01538	0.00872	0.05876	0.01282	0.01475	0.01977	0.03615	0.51582	0.04222	0.09648	0.01359	0.00358	0.03578	0.04188	0.00637	0.00667
64	0.01911	0.51506	0.24351	0.01604	0.02419	0.02670	0.01809	0.02364	0.01595	0.02022	0.01176	0.01367	0.00991	0.00686	0.00573	0.00191	0.00929	0.00464	0.00330	0.01042
65	0.01902	0.01824	0.03116	0.07295	0.65514	0.01838	0.02371	0.02364	0.01757	0.02512	0.01455	0.01925	0.01221	0.00694	0.00768	0.00231	0.00925	0.00691	0.00382	0.01214
66	0.00973	0.00818	0.00852	0.00865	0.01116	0.00714	0.00652	0.01252	0.04339	0.02142	0.07257	0.11782	0.57944	0.01967	0.00923	0.00270	0.00420	0.04311	0.00722	0.00678
67	0.03247	0.01357	0.01824	0.04424	0.02118	0.01233	0.01188	0.07821	0.02287	0.58235	0.05813	0.02703	0.02083	0.00978	0.00785	0.00240	0.00676	0.00798	0.00915	0.01273
68	0.01986	0.01969	0.03082	0.04570	0.63416	0.06496	0.02319	0.02429	0.01795	0.02489	0.01441	0.01883	0.01212	0.00698	0.00763	0.00228	0.00954	0.00678	0.00385	0.01206
69	0.06675	0.00989	0.01357	0.03649	0.06637	0.01010	0.01236	0.01638	0.01680	0.02333	0.03566	0.15309	0.03879	0.04743	0.01102	0.00347	0.00700	0.41752	0.00653	0.00746
70	0.01608	0.09344	0.60870	0.02187	0.03279	0.01907	0.05462	0.02446	0.01641	0.02407	0.01375	0.01626	0.00992	0.00727	0.00726	0.00240	0.01128	0.00575	0.00331	0.01130
71	0.17394	0.01278	0.04270	0.01187	0.01604	0.01157	0.00986	0.04809	0.01988	0.19814	0.25453	0.08147	0.03746	0.01210	0.00772	0.00242	0.00555	0.01002	0.00756	0.03629
72	0.07079	0.38066	0.14493	0.01500	0.02125	0.02329	0.01542	0.04761	0.01668	0.02246	0.01827	0.02531	0.04415	0.00958	0.00734	0.00223	0.04205	0.07908	0.00423	0.00968
73	0.00961	0.00758	0.00867	0.00902	0.01090	0.00664	0.00653	0.01175	0.01779	0.02270	0.19027	0.24239	0.38847	0.02010	0.00935	0.00272	0.00402	0.01739	0.00747	0.00664
74	0.03777	0.01766	0.07175	0.42877	0.16685	0.04788	0.04646	0.02149	0.01657	0.02223	0.03992	0.02103	0.01313	0.00783	0.00770	0.00249	0.01009	0.00702	0.00379	0.00955
75	0.02986	0.01762	0.01790	0.01481	0.01979	0.14837	0.01175	0.03413	0.07267	0.43149	0.06859	0.05420	0.02245	0.01034	0.00781	0.00237	0.00776	0.00829	0.00818	0.01163
76	0.46689	0.01435	0.01426	0.12534	0.02170	0.01650	0.01112	0.08048	0.01671	0.03267	0.06222	0.02159	0.01586	0.00879	0.00615	0.00245	0.00673	0.03206	0.03541	0.00870
77	0.01634	0.14542	0.58893	0.02076	0.03148	0.01994	0.02631	0.02435	0.01628	0.02359	0.01344	0.01577	0.00984	0.00725	0.00700	0.00233	0.01098	0.00549	0.00328	0.01123
78	0.07995	0.05824	0.02217	0.04225	0.02345	0.21126	0.01422	0.30642	0.05361	0.03444	0.04175	0.01858	0.01438	0.00908	0.00794	0.00227	0.03667	0.00643	0.00599	0.01090
79	0.01182	0.00856	0.01060	0.01021	0.01234	0.00805	0.00772	0.01615	0.06114	0.04666	0.44320	0.11032	0.16434	0.01684	0.00915	0.00258	0.00415	0.04043	0.00814	0.00758
80	0.01731	0.01651	0.02808	0.32039	0.42101	0.01793	0.02286	0.02215	0.01677	0.02305	0.01425	0.01980	0.01148	0.00726	0.00771	0.00242	0.00968	0.00690	0.00368	0.01077
81	0.01849	0.01907	0.05563	0.18262	0.49740	0.04520	0.02317	0.02329	0.01733	0.02390	0.01429	0.01918	0.01169	0.00714	0.00765	0.00236	0.00972	0.00678	0.00374	0.01136
82	0.01887	0.41805	0.30958	0.01720	0.02574	0.04988	0.01974	0.02406	0.01624	0.02090	0.01213	0.01413	0.00990	0.00699	0.00605	0.00200	0.00982	0.00484	0.00332	0.01054
83	0.00983	0.00704	0.00934	0.01054	0.01133	0.00655	0.00723	0.01175	0.01662	0.02261	0.20037	0.55678	0.05674	0.02219	0.00971	0.00297	0.00429	0.02004	0.00753	0.00655
84	0.01790	0.02267	0.11772	0.05972	0.08244	0.01925	0.51254	0.02453	0.01792	0.02463	0.01533	0.02027	0.01152	0.00671	0.00879	0.00257	0.01252	0.00852	0.00382	0.01062
85	0.01721	0.02300	0.18138	0.02999	0.16270	0.01754	0.28052	0.04795	0.01804	0.02521	0.01853	0.10628	0.01638	0.00911	0.00849	0.00257	0.01069	0.00944	0.00432	0.01064
86	0.05321	0.01336	0.01773	0.01370	0.01952	0.01186	0.01129	0.05886	0.02247	0.62048	0.05335	0.02691	0.02068	0.00975	0.00777	0.00240	0.00654	0.00790	0.00937	0.01285
87	0.01636	0.01620	0.02185	0.01911	0.01935	0.04088	0.01570	0.01811	0.01242	0.01870	0.01330	0.06814	0.01375	0.01731	0.07100	0.00397	0.59394	0.00793	0.00373	0.00823
88	0.01243	0.01096	0.01383	0.01406	0.04165	0.04191	0.05333	0.01597	0.04330	0.02275	0.09438	0.17543	0.26112	0.01822	0.00941	0.00286	0.00611	0.14794	0.00680	0.00753
89	0.01566	0.03934	0.66167	0.02252	0.03384	0.01807	0.05354	0.02457	0.01645	0.02457	0.01399	0.01655	0.00990	0.00733	0.00744	0.00246	0.01152	0.00587	0.00330	0.01142
90	0.03315	0.01283	0.01747	0.01352	0.01923	0.01112	0.01112	0.03620	0.02218	0.63965	0.07483	0.02856	0.02290	0.01003	0.00789	0.00240	0.00640	0.00822	0.00952	0.01279
91	0.01727	0.01863	0.03662	0.17038	0.03910	0.01996	0.39166	0.02254	0.01642	0.02254	0.01417	0.02006	0.01115	0.00822	0.01217	0.00277	0.15477	0.00820	0.00372	0.00967
92	0.05331	0.02153	0.02182	0.13063	0.02792	0.12182	0.01525	0.34348	0.09223	0.06787	0.01842	0.01945	0.01341	0.00892	0.00755	0.00236	0.00922	0.00679	0.00648	0.01155
93	0.00945	0.00675	0.00900	0.01080	0.01125	0.00630	0.00720	0.01080	0.01484	0.01979	0.04274	0.72245	0.05128	0.02429	0.00990	0.00315	0.00450	0.02204	0.00720	0.00630
94	0.01741	0.00937	0.01229	0.01074	0.01377	0.00839	0.00834	0.02077	0.02172	0.21047	0.45650	0.05038	0.09967	0.01439	0.00877	0.00244	0.00449	0.01247	0.00874	0.00888
95	0.07654	0.01693	0.04834	0.13582	0.17201	0.01677	0.01674	0.10133	0.08053	0.22548	0.02099	0.02186	0.01483	0.00850	0.00754	0.00242	0.00812	0.00712	0.00637	0.01176
96	0.02807	0.04846	0.12901	0.01578	0.02244	0.01573	0.01474	0.12797	0.07920	0.37287	0.04791	0.02432	0.01865	0.00937	0.00766	0.00239	0.00761	0.00749	0.00784	0.01249
97	0.11282	0.01865	0.02187	0.46043	0.06851	0.15011	0.01872	0.02252	0.01657	0.02173	0.01309	0.01830	0.01011	0.00770	0.00723	0.00243	0.01047	0.00619	0.00374	0.00881
98	0.01643	0.02110	0.14240	0.02714	0.05871	0.01673	0.37615	0.02252	0.01775	0.02431	0.02129	0.05855	0.01933	0.01024	0.00913	0.00278	0.01118	0.12979	0.00456	0.00989
99	0.01576	0.06802	0.66125	0.02174	0.03301	0.01852	0.02803	0.02450	0.01635	0.02430	0.01379	0.01621	0.00983	0.00734	0.00727	0.00242	0.01133	0.00567	0.00328	0.01140
100	0.00945	0.00675	0.00900	0.01080	0.01125	0.00630	0.00720	0.01080	0.01484	0.01979	0.04274	0.72245	0.05128	0.02429	0.00990	0.00315	0.00450	0.02204	0.00720	0.00630
101	0.02287	0.01602	0.01792	0.04214	0.02100	0.01727	0.01220	0.20136	0.26553	0.14143	0.03431	0.03231	0.11840	0.01131	0.00803	0.00251	0.00669	0.00920	0.00785	0.01166
102	0.20834	0.01505	0.01533	0.01304	0.01749	0.03969	0.01034	0.12937	0.09736	0.17582	0.05285	0.07498	0.06591	0.04037	0.00863	0.00268	0.00657	0.00876	0.00715	0.01025
103	0.01840	0.02075	0.06611	0.03625	0.23362	0.01936	0.40762	0.02424	0.01775	0.02471	0.01504	0.02004	0.01177	0.00699	0.00934	0.00255	0.04241	0.00823	0.00385	0.01097
104	0.01064	0.00809	0.00888	0.00856	0.01112	0.00693	0.00646	0.01306	0.01891	0.05004	0.22454	0.06855	0.50020	0.01830	0.00910	0.00256	0.00397	0.01544	0.00763	0.00700
105	0.01817	0.02079	0.06813	0.09827	0.14276	0.04401	0.35110	0.02357	0.01712	0.02339	0.01438	0.01962	0.01135	0.00773	0.01075	0.00263	0.10420	0.00794	0.00376	0.01031
106	0.01621	0.01696	0.05557	0.10136	0.10431	0.01678	0.23645	0.04860	0.01713	0.02355	0.02097	0.18045	0.02051	0.01174	0.01074	0.00277	0.09067	0.01109	0.00470	0.00945
107	0.05706	0.01150	0.01513	0.01244	0.01698	0.01023	0.00995	0.02946	0.02083	0.45431	0.13944	0.10846	0.05482	0.01249	0.00818	0.00250	0.00576	0.01054	0.00888	0.01104
108	0.02063	0.01553	0.01834	0.01774	0.06944	0.01673	0.01326	0.22646	0.17760	0.06226	0.03075	0.09732	0.05094	0.01352	0.00861	0.00273	0.00713	0.13279	0.00738	0.01085
109	0.01826	0.05031	0.11282	0.03397	0.19893	0.01974	0.37192	0.02422	0.01755	0.02441	0.01479	0.01947	0.01154	0.00702	0.00909	0.00251	0.04082	0.00791	0.00378	0.01093
110	0.01591	0.06686	0.63375	0.02282	0.06031	0.01853	0.02783	0.02447	0.01640	0.02434	0.01382	0.01633	0.00993	0.00732	0.00728	0.00242	0.01124	0.00572	0.00330	0.01143
111	0.00953	0.00678	0.00897	0.01068	0.01111	0.00636	0.00708	0.01082	0.01467	0.01957	0.04186	0.69035	0.05018	0.05789	0.01131	0.00336	0.00464	0.02153	0.00708	0.00622
112	0.01829	0.02706	0.23882	0.03166	0.21199	0.07306	0.21000	0.02460	0.01795	0.02463	0.03765	0.01976	0.01331	0.00734	0.00801	0.00242	0.01125	0.00730	0.00386	0.01104
113	0.01894	0.01817	0.03102	0.08358	0.64509	0.01836	0.02367	0.02358	0.01754	0.02503	0.01454	0.01927	0.01218	0.00695	0.00768	0.00232	0.00927	0.00691	0.00382	0.01208
114	0.02155	0.01273	0.03966	0.01409	0.04316	0.01144	0.01094	0.05109	0.08883	0.25819	0.26120	0.03692	0.03796	0.01295	0.00982	0.05543	0.00585	0.00994	0.00807	0.01019
115	0.01613	0.01743	0.07503	0.22422	0.02883	0.08964	0.01597	0.01984	0.01573	0.02144	0.02087	0.05228	0.06520	0.01084	0.01142	0.00259	0.16666	0.00796	0.12953	0.00839
116	0.05609	0.01335	0.01594	0.01334	0.01776	0.01313	0.01059	0.16125	0.04902	0.28480	0.05918	0.16077	0.08413	0.01338	0.00824	0.00256	0.00622	0.01120	0.00823	0.01084
117	0.01968	0.59157	0.17202	0.01506	0.02268	0.02811	0.01639	0.02349	0.01588	0.01952	0.01142	0.01324	0.00992	0.00678	0.00546	0.00182	0.00894	0.00447	0.00331	0.01026
118	0.01529	0.00937	0.01174	0.01045	0.01327	0.00859	0.00806	0.04656	0.02194	0.13378	0.44545	0.05389	0.16078	0.01519	0.00887	0.00246	0.00439	0.01310	0.00845	0.00839
119	0.01911	0.05825	0.18434	0.03801	0.45172	0.03866	0.02381	0.04954	0.01815	0.02558	0.01433	0.01804	0.01157	0.00713	0.00746	0.00230	0.00980	0.00645	0.00384	0.01192
120	0.05612	0.01828	0.02341	0.09971	0.22962	0.04678	0.01705	0.23259	0.02332	0.03257	0.01877	0.02153	0.03936	0.00882	0.00822	0.00236	0.03926	0.00713	0.06400	0.01110
121	0.00938	0.00699	0.00874	0.01014	0.01107	0.00635	0.00691	0.01087	0.01548	0.02005	0.05072	0.57802	0.19056	0.02325	0.00973	0.00303	0.00437	0.02078	0.00720	0.00635
122	0.01697	0.01878	0.12680	0.01402	0.02134	0.01309	0.01307	0.06487	0.01739	0.02654	0.01400	0.01634	0.01128	0.00657	0.00694	0.00153	0.03509	0.00503	0.00455	0.56578
123	0.04438	0.27124	0.25745	0.01704	0.02479	0.04949	0.01840	0.04903	0.01780	0.13117	0.01542	0.01655	0.01150	0.00782	0.00726	0.00218	0.03740	0.00554	0.00457	0.01098
124	0.01408	0.01001	0.01245	0.01291	0.01481	0.01021	0.01009	0.11815	0.01933	0.02591	0.03668	0.32793	0.04041	0.05091	0.01093	0.00330	0.00617	0.22915	0.03887	0.00769
125	0.01871	0.01767	0.02614	0.02124	0.02353	0.02194	0.11636	0.12301	0.01712	0.02466	0.01467	0.06629	0.01374	0.01249	0.01890	0.00308	0.43833	0.00824	0.00445	0.00942
126	0.09565	0.01580	0.02253	0.01716	0.02327	0.01521	0.11629	0.10371	0.06486	0.40536	0.02514	0.02359	0.01666	0.00891	0.00776	0.00244	0.00779	0.00768	0.00793	0.01227
127	0.01555	0.04011	0.68733	0.02210	0.03356	0.01801	0.02865	0.02455	0.01637	0.02455	0.01391	0.01637	0.00982	0.00737	0.00737	0.00246	0.01146	0.00573	0.00327	0.01146
128	0.00945	0.00675	0.00900	0.01080	0.01125	0.00630	0.00720	0.01080	0.01484	0.01979	0.04274	0.72245	0.05128	0.02429	0.00990	0.00315	0.00450	0.02204	0.00720	0.00630
129	0.01982	0.51680	0.19582	0.01674	0.04861	0.02659	0.01733	0.02398	0.01616	0.03922	0.01225	0.01405	0.01028	0.00691	0.00574	0.00190	0.00904	0.00474	0.00351	0.01050
130	0.16585	0.07313	0.02158	0.12891	0.02626	0.04856	0.01419	0.30871	0.05895	0.03630	0.01786	0.01928	0.03061	0.00876	0.00701	0.00234	0.00830	0.00651	0.00600	0.01089
131	0.00977	0.00698	0.00937	0.01117	0.01176	0.00658	0.00776	0.01136	0.01517	0.02016	0.04256	0.65451	0.05057	0.02398	0.00998	0.00319	0.00478	0.08677	0.00719	0.00639
132	0.04510	0.01454	0.02373	0.34647	0.26316	0.01617	0.01986	0.02042	0.01668	0.02323	0.06273	0.05428	0.01842	0.00924	0.00792	0.00253	0.00894	0.03265	0.00429	0.00963
133	0.01639	0.02017	0.13686	0.07858	0.24901	0.01701	0.14152	0.02138	0.01651	0.02331	0.01872	0.13007	0.01764	0.01025	0.00969	0.00263	0.06622	0.00952	0.00423	0.01029
134	0.01555	0.04011	0.68733	0.02210	0.03356	0.01801	0.02865	0.02455	0.01637	0.02455	0.01391	0.01637	0.00982	0.00737	0.00737	0.00246	0.01146	0.00573	0.00327	0.01146
135	0.01624	0.01590	0.02236	0.01939	0.01956	0.02203	0.01607	0.01807	0.01195	0.01858	0.01148	0.01862	0.01131	0.01904	0.10776	0.00450	0.62840	0.00697	0.00349	0.00829
136	0.01832	0.02036	0.04261	0.03368	0.11610	0.01973	0.53440	0.02431	0.01781	0.02450	0.01520	0.02045	0.01172	0.00704	0.01003	0.00263	0.05797	0.00873	0.00388	0.01055
137	0.01564	0.01681	0.07743	0.51987	0.17930	0.01753	0.02256	0.02100	0.01601	0.02131	0.01396	0.02003	0.01069	0.00755	0.00771	0.00252	0.01020	0.00680	0.00351	0.00959
138	0.00943	0.00679	0.00895	0.01067	0.01121	0.00631	0.00714	0.01081	0.01496	0.01984	0.04422	0.69554	0.07723	0.02410	0.00987	0.00313	0.00447	0.02181	0.00720	0.00631
139	0.01464	0.01378	0.02326	0.70887	0.05340	0.01723	0.02153	0.01981	0.01550	0.01981	0.01378	0.02067	0.01034	0.00775	0.00775	0.00258	0.01034	0.00689	0.00345	0.00861
140	0.02355	0.04769	0.05380	0.02556	0.22787	0.01799	0.01664	0.14479	0.12177	0.16064	0.06307	0.02407	0.01924	0.00902	0.00772	0.00237	0.00781	0.00767	0.00657	0.01218
141	0.01977	0.09797	0.10275	0.01609	0.02160	0.01943	0.01436	0.03591	0.44299	0.07428	0.02740	0.02774	0.02098	0.01008	0.00761	0.00252	0.00710	0.03274	0.00690	0.01177
142	0.01184	0.00816	0.00909	0.00897	0.00928	0.00834	0.00523	0.01338	0.05724	0.01626	0.02493	0.04921	0.02787	0.67710	0.03724	0.00717	0.00742	0.01110	0.00492	0.00523
143	0.01598	0.03464	0.52511	0.02500	0.07914	0.01784	0.11648	0.02405	0.01668	0.02448	0.01525	0.04264	0.01177	0.00782	0.00773	0.00249	0.01128	0.00689	0.00355	0.01119
144	0.04757	0.01399	0.09434	0.01474	0.01711	0.01358	0.01293	0.01627	0.01276	0.01945	0.01772	0.02681	0.01660	0.08831	0.40838	0.00873	0.15134	0.00773	0.00397	0.00767
145	0.01525	0.03782	0.63961	0.02114	0.03179	0.01727	0.02696	0.02362	0.01601	0.02389	0.01465	0.01879	0.01111	0.05799	0.00962	0.00281	0.01118	0.00612	0.00337	0.01098
146	0.01869	0.01791	0.03057	0.12054	0.61012	0.01829	0.02355	0.02336	0.01742	0.02472	0.01450	0.01935	0.01207	0.00700	0.00768	0.00233	0.00934	0.00691	0.00379	0.01188
147	0.37913	0.01779	0.04007	0.04689	0.02057	0.01918	0.01202	0.26097	0.02202	0.03755	0.01420	0.01617	0.01071	0.00942	0.00794	0.05666	0.00741	0.00561	0.00570	0.00998
148	0.14076	0.01384	0.04270	0.07221	0.07834	0.01419	0.01283	0.09691	0.01778	0.02680	0.02764	0.24878	0.05497	0.01490	0.00944	0.00280	0.05641	0.05421	0.00584	0.00866
149	0.02772	0.03488	0.02102	0.01917	0.02288	0.64795	0.01426	0.02958	0.02122	0.01870	0.01286	0.01657	0.01127	0.05857	0.00927	0.00239	0.01353	0.00544	0.00404	0.00869
150	0.01176	0.00931	0.01035	0.00976	0.01244	0.00871	0.00750	0.05898	0.05127	0.02671	0.25701	0.06375	0.38725	0.01736	0.00905	0.00258	0.00439	0.03659	0.00769	0.00755
151	0.01746	0.11226	0.57108	0.02057	0.03113	0.01890	0.02579	0.02534	0.01671	0.07028	0.01475	0.01665	0.01049	0.00744	0.00714	0.00237	0.01078	0.00571	0.00372	0.01142
152	0.01721	0.01755	0.04970	0.03546	0.37112	0.01629	0.16034	0.02181	0.01723	0.02436	0.01897	0.12449	0.01787	0.00936	0.00819	0.00242	0.00919	0.00947	0.00440	0.06457
153	0.01062	0.00765	0.01004	0.01000	0.01150	0.00708	0.00729	0.01373	0.02029	0.02845	0.52706	0.21345	0.06804	0.01783	0.00932	0.00260	0.00385	0.01590	0.00822	0.00708
154	0.08250	0.05862	0.39545	0.07358	0.05357	0.01705	0.02201	0.02529	0.01678	0.10918	0.01566	0.01759	0.01115	0.00751	0.00703	0.00232	0.00968	0.00585	0.00434	0.06484
155	0.01716	0.01929	0.06286	0.05561	0.03509	0.01840	0.45751	0.02227	0.01667	0.02292	0.01600	0.05215	0.01336	0.00963	0.01234	0.05698	0.08922	0.00908	0.00393	0.00952
156	0.01104	0.00798	0.01076	0.01243	0.01374	0.00770	0.00990	0.01360	0.01663	0.02168	0.04436	0.34153	0.09168	0.02245	0.01027	0.00333	0.00585	0.34113	0.00717	0.00676
157	0.01779	0.02096	0.11049	0.03732	0.36389	0.01790	0.21273	0.02331	0.01770	0.02478	0.01934	0.02328	0.05850	0.00774	0.00819	0.00244	0.01027	0.00811	0.00403	0.01123
158	0.05386	0.01860	0.17230	0.01714	0.06625	0.01261	0.01520	0.02757	0.01878	0.32213	0.02905	0.13638	0.05261	0.01162	0.00797	0.00254	0.00742	0.00979	0.00704	0.01112
159	0.01505	0.01146	0.01485	0.01615	0.04482	0.01204	0.01309	0.06521	0.12273	0.02657	0.03686	0.07042	0.03772	0.01822	0.00992	0.00328	0.00716	0.45869	0.00717	0.00860
160	0.01555	0.04011	0.68733	0.02210	0.03356	0.01801	0.02865	0.02455	0.01637	0.02455	0.01391	0.01637	0.00982	0.00737	0.00737	0.00246	0.01146	0.00573	0.00327	0.01146
161	0.07192	0.01754	0.03003	0.12023	0.45431	0.01796	0.09738	0.02306	0.01717	0.02519	0.01544	0.02191	0.01304	0.00758	0.00778	0.00243	0.00950	0.03238	0.00400	0.01114
162	0.02338	0.12120	0.10262	0.05137	0.13039	0.34991	0.01815	0.02677	0.01887	0.02055	0.01241	0.01537	0.01036	0.00795	0.00821	0.00218	0.06122	0.00548	0.00374	0.00987
163	0.00975	0.00696	0.00869	0.01006	0.01096	0.00640	0.00686	0.01136	0.01541	0.02062	0.04737	0.56761	0.15136	0.02246	0.00946	0.00297	0.00434	0.02007	0.06086	0.00640

[dist]
# distance from previous block
# <min> <max>
0	5

[block]
# block no. 3 follows, 25 sequences, length 17
# corresponding to MSA columns:
# 274-290
name=unknown_D
#
# <colnr> <probs for GDERKNQSTAVLIFYWHMCP>
#	G	D	E	R	K	N	Q	S	T	A	V	L	I	F	Y	W	H	M	C	P
0	0.15364	0.03151	0.45895	0.02024	0.05924	0.01715	0.02283	0.02574	0.01655	0.10303	0.01533	0.01700	0.01077	0.00757	0.00698	0.00243	0.00982	0.00575	0.00430	0.01116
1	0.01289	0.00840	0.01026	0.00963	0.01209	0.00744	0.00727	0.01574	0.02004	0.09914	0.35771	0.10531	0.27091	0.01702	0.00905	0.00254	0.00413	0.01468	0.00811	0.00763
2	0.01922	0.03377	0.52139	0.02248	0.07788	0.01687	0.02524	0.02684	0.01749	0.14140	0.01691	0.01835	0.01166	0.00773	0.00747	0.00243	0.01044	0.00618	0.00443	0.01183
3	0.01567	0.01493	0.02252	0.18952	0.31522	0.03801	0.01801	0.01962	0.01731	0.02264	0.03141	0.03614	0.17867	0.01095	0.00817	0.00249	0.00823	0.03610	0.00473	0.00966
4	0.00972	0.00696	0.00924	0.01061	0.01131	0.00648	0.00722	0.01147	0.01610	0.02179	0.15463	0.60485	0.05515	0.02280	0.00976	0.00302	0.00435	0.02062	0.00743	0.00648
5	0.01456	0.01250	0.02044	0.52338	0.04243	0.01542	0.01814	0.01797	0.01437	0.01892	0.01389	0.02124	0.01119	0.01152	0.01268	0.13919	0.04957	0.00687	0.02810	0.00763
6	0.02779	0.05424	0.01956	0.01405	0.02001	0.01495	0.01162	0.15997	0.04702	0.34178	0.05811	0.02395	0.01909	0.00906	0.00735	0.00213	0.00677	0.00723	0.00787	0.14747
7	0.08487	0.06531	0.41829	0.02093	0.03031	0.01977	0.08451	0.13563	0.01981	0.02947	0.01450	0.01670	0.01049	0.00758	0.00728	0.00241	0.01048	0.00608	0.00426	0.01133
8	0.01472	0.01054	0.01240	0.01094	0.01385	0.01026	0.00848	0.12775	0.02364	0.05548	0.41249	0.05329	0.18531	0.01525	0.00885	0.00245	0.00468	0.01304	0.00816	0.00841
9	0.01450	0.00933	0.01149	0.01097	0.01352	0.00848	0.00811	0.05336	0.01869	0.10821	0.13717	0.32883	0.15585	0.01813	0.00896	0.00266	0.00487	0.01589	0.00754	0.06344
10	0.02192	0.02202	0.01778	0.01601	0.01987	0.25769	0.01231	0.07040	0.21131	0.05488	0.02767	0.02819	0.09124	0.01650	0.09396	0.00360	0.01069	0.00807	0.00602	0.00989
11	0.02594	0.01161	0.01511	0.01250	0.01716	0.01030	0.01017	0.02958	0.04560	0.43646	0.09691	0.04224	0.14221	0.01282	0.00837	0.00254	0.00589	0.05474	0.00884	0.01102
12	0.01670	0.18539	0.40726	0.13363	0.06415	0.02066	0.02391	0.02345	0.01615	0.02244	0.01324	0.01635	0.01005	0.00725	0.00692	0.00230	0.01048	0.00563	0.00334	0.01070
13	0.02317	0.02464	0.02725	0.06267	0.37742	0.24222	0.01996	0.08406	0.02072	0.02518	0.01407	0.01748	0.01153	0.00752	0.00746	0.00222	0.01077	0.00628	0.00424	0.01113
14	0.01410	0.01277	0.02083	0.41633	0.14049	0.01461	0.01824	0.01829	0.01594	0.02090	0.02310	0.15034	0.04676	0.01175	0.00833	0.00269	0.00870	0.04269	0.00452	0.00862
15	0.02790	0.19198	0.02269	0.01318	0.01895	0.01573	0.01142	0.03079	0.02001	0.42001	0.05073	0.02749	0.04776	0.00970	0.00720	0.00221	0.00678	0.02518	0.00761	0.04268
16	0.01429	0.01342	0.02078	0.04562	0.02135	0.04301	0.14306	0.01756	0.01639	0.02272	0.12950	0.19171	0.03171	0.01826	0.07272	0.00365	0.13276	0.01212	0.04136	0.00802

[dist]
# distance from previous block
# <min> <max>
2	107

# created by:
# /st0/software/busco_prod/Augustus/scripts/msa2prfl.pl ./align_prep/159192.fa
