[name]
unknown

[dist]
# distance from previous block
# <min> <max>
0	8

[block]
# block no. 0 follows, 22 sequences, length 23
# corresponding to MSA columns:
# 9-31
name=unknown_A
#
# <colnr> <probs for GDERKNQSTAVLIFYWHMCP>
#	G	D	E	R	K	N	Q	S	T	A	V	L	I	F	Y	W	H	M	C	P
0	0.02142	0.01398	0.01665	0.01549	0.01956	0.04779	0.01306	0.07662	0.02184	0.16109	0.03426	0.05988	0.03278	0.01632	0.00967	0.00304	0.00787	0.31899	0.00774	0.10196
1	0.02887	0.02197	0.02289	0.01794	0.02429	0.05713	0.01459	0.42111	0.11024	0.08023	0.02144	0.02123	0.01551	0.00964	0.00804	0.00238	0.00867	0.00736	0.00784	0.09862
2	0.02202	0.01625	0.01738	0.01551	0.02000	0.04377	0.01222	0.03695	0.38221	0.13963	0.06850	0.03991	0.08697	0.01292	0.00878	0.00280	0.00672	0.04696	0.00851	0.01199
3	0.01301	0.01135	0.01158	0.01179	0.01385	0.06290	0.00854	0.01709	0.07146	0.02532	0.18892	0.29187	0.20096	0.02008	0.00979	0.00291	0.00544	0.01749	0.00782	0.00783
4	0.01208	0.00805	0.00906	0.00906	0.00906	0.00805	0.00503	0.01208	0.01208	0.01611	0.02618	0.05436	0.03020	0.70804	0.04228	0.00805	0.00805	0.01208	0.00503	0.00503
5	0.01012	0.00833	0.00903	0.00917	0.01160	0.00724	0.00680	0.01235	0.01870	0.02303	0.12333	0.13957	0.51038	0.02346	0.04603	0.00342	0.00523	0.01748	0.00765	0.00708
6	0.03727	0.01414	0.01928	0.01478	0.02121	0.01221	0.01221	0.04049	0.02378	0.66198	0.03277	0.02828	0.02056	0.01028	0.00835	0.00257	0.00707	0.00835	0.01028	0.01414
7	0.01103	0.00793	0.01045	0.01095	0.01225	0.00735	0.00778	0.01385	0.02013	0.02793	0.38246	0.34677	0.06797	0.02100	0.01016	0.00295	0.00432	0.01884	0.00851	0.00735
8	0.01952	0.02214	0.04755	0.03419	0.04207	0.02129	0.58812	0.02620	0.01918	0.02620	0.01644	0.02214	0.01250	0.00747	0.01089	0.00285	0.05636	0.00965	0.00417	0.01107
9	0.01549	0.00774	0.00774	0.00774	0.00968	0.00774	0.00581	0.01936	0.01742	0.03097	0.02710	0.03097	0.02129	0.00968	0.00581	0.00194	0.00387	0.00774	0.75416	0.00774
10	0.01408	0.00797	0.00877	0.00877	0.01009	0.00814	0.00611	0.01672	0.01540	0.02531	0.02628	0.03796	0.02382	0.21871	0.09293	0.00502	0.00719	0.00914	0.45067	0.00692
11	0.01856	0.02896	0.25088	0.03056	0.03978	0.02068	0.39674	0.02615	0.01855	0.02615	0.01586	0.02057	0.01183	0.00771	0.01012	0.00279	0.05025	0.00846	0.00394	0.01144
12	0.01549	0.00774	0.00774	0.00774	0.00968	0.00774	0.00581	0.01936	0.01742	0.03097	0.02710	0.03097	0.02129	0.00968	0.00581	0.00194	0.00387	0.00774	0.75416	0.00774
13	0.02998	0.02202	0.02363	0.01829	0.02440	0.02431	0.01491	0.57807	0.03685	0.04939	0.02046	0.02276	0.01544	0.06711	0.01109	0.00295	0.00905	0.00786	0.00804	0.01338
14	0.02066	0.01785	0.01878	0.01691	0.02160	0.02066	0.01315	0.04414	0.64121	0.03475	0.03381	0.03099	0.02536	0.01127	0.00845	0.00282	0.00657	0.00939	0.00845	0.01315
15	0.01339	0.00956	0.01339	0.01530	0.01721	0.00956	0.01339	0.01721	0.01912	0.02486	0.04399	0.09371	0.04781	0.02295	0.01147	0.00382	0.00765	0.60031	0.00765	0.00765
16	0.01961	0.02241	0.04902	0.03501	0.04342	0.02101	0.62605	0.02661	0.01961	0.02661	0.01681	0.02241	0.01261	0.00700	0.00980	0.00280	0.01401	0.00980	0.00420	0.01120
17	0.01176	0.00849	0.01110	0.01045	0.01241	0.00784	0.00784	0.01568	0.02352	0.03331	0.65184	0.06206	0.07839	0.01698	0.00980	0.00261	0.00392	0.01502	0.00914	0.00784
18	0.02056	0.01974	0.03372	0.05099	0.65622	0.01974	0.02550	0.02550	0.01892	0.02714	0.01563	0.02056	0.01316	0.00740	0.00822	0.00247	0.00987	0.00740	0.00411	0.01316
19	0.01961	0.02241	0.04902	0.03501	0.04342	0.02101	0.62605	0.02661	0.01961	0.02661	0.01681	0.02241	0.01261	0.00700	0.00980	0.00280	0.01401	0.00980	0.00420	0.01120
20	0.01873	0.01924	0.03684	0.23768	0.24327	0.01983	0.25187	0.02463	0.01848	0.02515	0.01581	0.02174	0.01232	0.00752	0.00885	0.00268	0.01180	0.00830	0.00402	0.01123
21	0.02017	0.01938	0.03283	0.08582	0.59208	0.01994	0.02501	0.02499	0.01849	0.02647	0.01535	0.02054	0.01293	0.00779	0.00913	0.00254	0.04233	0.00739	0.00407	0.01274
22	0.02047	0.02001	0.03525	0.04939	0.59478	0.01987	0.08571	0.02561	0.01899	0.02709	0.01574	0.02075	0.01310	0.00736	0.00838	0.00250	0.01028	0.00764	0.00412	0.01296

[dist]
# distance from previous block
# <min> <max>
1	5

[block]
# block no. 1 follows, 22 sequences, length 44
# corresponding to MSA columns:
# 39-77,80-84
name=unknown_B
#
# <colnr> <probs for GDERKNQSTAVLIFYWHMCP>
#	G	D	E	R	K	N	Q	S	T	A	V	L	I	F	Y	W	H	M	C	P
0	0.07182	0.02352	0.02277	0.01812	0.02393	0.10145	0.01465	0.46958	0.03404	0.04543	0.05193	0.02237	0.01734	0.03392	0.00927	0.00265	0.00937	0.00761	0.00758	0.01266
1	0.03103	0.03959	0.02354	0.02140	0.02568	0.67469	0.01605	0.03317	0.02354	0.02033	0.01284	0.01498	0.01070	0.00856	0.00749	0.00214	0.01498	0.00535	0.00428	0.00963
2	0.02101	0.02059	0.03328	0.04972	0.62907	0.04794	0.02509	0.02583	0.01912	0.02685	0.01551	0.02032	0.01305	0.00745	0.00819	0.00245	0.01009	0.00731	0.00412	0.01301
3	0.01443	0.00722	0.01082	0.01082	0.01082	0.00722	0.00722	0.01082	0.01082	0.01443	0.01443	0.02525	0.01443	0.02886	0.03247	0.75830	0.00722	0.00722	0.00361	0.00361
4	0.02025	0.01819	0.01756	0.01567	0.01985	0.08856	0.01214	0.09090	0.34951	0.03344	0.14244	0.03829	0.09207	0.01278	0.00870	0.00268	0.00704	0.01053	0.00804	0.01135
5	0.01549	0.00774	0.00774	0.00774	0.00968	0.00774	0.00581	0.01936	0.01742	0.03097	0.02710	0.03097	0.02129	0.00968	0.00581	0.00194	0.00387	0.00774	0.75416	0.00774
6	0.01876	0.01004	0.01335	0.01164	0.01482	0.00904	0.00904	0.02248	0.02359	0.20581	0.48198	0.05279	0.06252	0.01514	0.00940	0.00260	0.00478	0.01319	0.00946	0.00957
7	0.01111	0.00837	0.01027	0.00999	0.01206	0.00753	0.00742	0.01435	0.02169	0.02944	0.45179	0.11656	0.23144	0.01878	0.00987	0.00272	0.00407	0.01637	0.00865	0.00753
8	0.01549	0.00774	0.00774	0.00774	0.00968	0.00774	0.00581	0.01936	0.01742	0.03097	0.02710	0.03097	0.02129	0.00968	0.00581	0.00194	0.00387	0.00774	0.75416	0.00774
9	0.03103	0.03959	0.02354	0.02140	0.02568	0.67469	0.01605	0.03317	0.02354	0.02033	0.01284	0.01498	0.01070	0.00856	0.00749	0.00214	0.01498	0.00535	0.00428	0.00963
10	0.01937	0.02440	0.11379	0.03504	0.09015	0.02073	0.51572	0.02649	0.01933	0.02662	0.01651	0.02174	0.01243	0.00713	0.00948	0.00276	0.01350	0.00923	0.00412	0.01147
11	0.02112	0.02102	0.03247	0.08206	0.57594	0.07047	0.02464	0.02587	0.01915	0.02630	0.01537	0.02021	0.01286	0.00754	0.00817	0.00246	0.01033	0.00724	0.00410	0.01268
12	0.01961	0.02241	0.04902	0.03501	0.04342	0.02101	0.62605	0.02661	0.01961	0.02661	0.01681	0.02241	0.01261	0.00700	0.00980	0.00280	0.01401	0.00980	0.00420	0.01120
13	0.03158	0.02327	0.02493	0.01911	0.02576	0.02576	0.01579	0.62852	0.03906	0.05236	0.01995	0.01995	0.01413	0.00997	0.00831	0.00249	0.00914	0.00748	0.00831	0.01413
14	0.01316	0.00875	0.01137	0.01071	0.01288	0.00799	0.00803	0.01675	0.02270	0.07203	0.53549	0.11052	0.10296	0.01747	0.00977	0.00268	0.00421	0.01540	0.00903	0.00811
15	0.01597	0.01495	0.02459	0.44849	0.10698	0.01731	0.05491	0.02228	0.06101	0.02314	0.02266	0.08039	0.05162	0.01048	0.00866	0.00279	0.00992	0.00953	0.00464	0.00968
16	0.01989	0.01925	0.03345	0.13105	0.54618	0.01965	0.05845	0.02501	0.01866	0.02636	0.01558	0.02086	0.01286	0.00749	0.00832	0.00252	0.01025	0.00753	0.00406	0.01255
17	0.01178	0.00846	0.01096	0.01035	0.01218	0.00785	0.00764	0.01542	0.02271	0.03210	0.60783	0.06151	0.07500	0.06559	0.01208	0.00300	0.00421	0.01482	0.00886	0.00764
18	0.01207	0.00811	0.00936	0.00936	0.00947	0.00822	0.00541	0.01227	0.01217	0.01633	0.02590	0.05284	0.02954	0.66263	0.08679	0.00843	0.00905	0.01186	0.00499	0.00520
19	0.03601	0.01383	0.01877	0.01449	0.02060	0.01200	0.01185	0.03907	0.02319	0.62972	0.03244	0.02958	0.02105	0.04513	0.01005	0.00284	0.00712	0.00854	0.01002	0.01368
20	0.01903	0.02297	0.08605	0.09875	0.04430	0.02065	0.52844	0.02606	0.01918	0.02606	0.01648	0.02207	0.01232	0.00719	0.00953	0.00279	0.01361	0.00933	0.00411	0.01108
21	0.58828	0.01657	0.01453	0.01233	0.01780	0.01851	0.01016	0.09088	0.01811	0.12473	0.01537	0.01621	0.01113	0.00831	0.00592	0.00256	0.00680	0.00535	0.00618	0.01025
22	0.01504	0.01139	0.01412	0.01275	0.01537	0.01187	0.00948	0.07128	0.05603	0.02350	0.02274	0.03509	0.02180	0.22417	0.29815	0.00843	0.01375	0.00909	0.00528	0.12066
23	0.01618	0.01418	0.02408	0.02770	0.19538	0.01394	0.10700	0.02078	0.01938	0.02621	0.06606	0.06142	0.03484	0.01601	0.01025	0.00324	0.00899	0.31842	0.00626	0.00969
24	0.03727	0.01414	0.01928	0.01478	0.02121	0.01221	0.01221	0.04049	0.02378	0.66198	0.03277	0.02828	0.02056	0.01028	0.00835	0.00257	0.00707	0.00835	0.01028	0.01414
25	0.02007	0.01914	0.03213	0.11486	0.56560	0.01965	0.02468	0.02591	0.04722	0.02688	0.01637	0.02120	0.01350	0.00767	0.00824	0.00251	0.00984	0.00749	0.00427	0.01275
26	0.02073	0.53461	0.20902	0.01673	0.02522	0.02926	0.01860	0.02526	0.01706	0.02135	0.01244	0.01445	0.01062	0.00732	0.00601	0.00200	0.00979	0.00489	0.00354	0.01109
27	0.01062	0.00797	0.00985	0.01040	0.01197	0.00720	0.00741	0.01310	0.01933	0.02577	0.26832	0.32347	0.21103	0.02161	0.01013	0.00297	0.00435	0.01909	0.00822	0.00720
28	0.01569	0.01477	0.02492	0.68808	0.05722	0.01846	0.02307	0.02123	0.01661	0.02123	0.01477	0.02215	0.01107	0.00831	0.00831	0.00277	0.01107	0.00738	0.00369	0.00923
29	0.01708	0.01608	0.02211	0.05152	0.27750	0.06082	0.01638	0.02021	0.01748	0.02348	0.02740	0.16268	0.07227	0.08021	0.01292	0.00318	0.04419	0.01154	0.00522	0.05774
30	0.01183	0.00809	0.00899	0.00899	0.00930	0.00794	0.00518	0.01206	0.01285	0.01682	0.03271	0.05725	0.10039	0.63061	0.03862	0.00746	0.00762	0.01270	0.00534	0.00526
31	0.01176	0.00849	0.01110	0.01045	0.01241	0.00784	0.00784	0.01568	0.02352	0.03331	0.65184	0.06206	0.07839	0.01698	0.00980	0.00261	0.00392	0.01502	0.00914	0.00784
32	0.01961	0.02241	0.04902	0.03501	0.04342	0.02101	0.62605	0.02661	0.01961	0.02661	0.01681	0.02241	0.01261	0.00700	0.00980	0.00280	0.01401	0.00980	0.00420	0.01120
33	0.02932	0.08106	0.02562	0.01849	0.02483	0.04855	0.01531	0.47882	0.11703	0.04612	0.02084	0.02069	0.01522	0.00986	0.00805	0.00246	0.00898	0.00740	0.00779	0.01355
34	0.01441	0.00987	0.01096	0.01026	0.01105	0.01017	0.00632	0.08566	0.01530	0.02043	0.02543	0.05026	0.02828	0.62472	0.03823	0.00739	0.00818	0.01153	0.00542	0.00612
35	0.03103	0.03959	0.02354	0.02140	0.02568	0.67469	0.01605	0.03317	0.02354	0.02033	0.01284	0.01498	0.01070	0.00856	0.00749	0.00214	0.01498	0.00535	0.00428	0.00963
36	0.01506	0.00979	0.01364	0.01505	0.01723	0.00961	0.01298	0.01870	0.01931	0.07407	0.04322	0.12253	0.04609	0.02214	0.01118	0.00370	0.00745	0.52229	0.00786	0.00810
37	0.03037	0.02259	0.02427	0.01865	0.02527	0.02476	0.01536	0.57280	0.06059	0.05029	0.02018	0.02021	0.01445	0.00981	0.00820	0.00244	0.00888	0.00741	0.00813	0.05533
38	0.01569	0.01477	0.02492	0.68808	0.05722	0.01846	0.02307	0.02123	0.01661	0.02123	0.01477	0.02215	0.01107	0.00831	0.00831	0.00277	0.01107	0.00738	0.00369	0.00923
39	0.02122	0.02189	0.03679	0.03969	0.33110	0.07078	0.23355	0.05947	0.02051	0.02758	0.01732	0.04908	0.01456	0.00827	0.00882	0.00260	0.01146	0.00876	0.00454	0.01199
40	0.01859	0.01309	0.01635	0.01397	0.01686	0.01358	0.04338	0.14275	0.06447	0.07025	0.09341	0.06930	0.03069	0.29207	0.06029	0.00542	0.00866	0.01121	0.00676	0.00891
41	0.02440	0.01565	0.01950	0.01604	0.02074	0.01611	0.04571	0.16368	0.14951	0.18544	0.10415	0.08520	0.03009	0.07087	0.01164	0.00314	0.00734	0.01075	0.00836	0.01168
42	0.02162	0.46779	0.10910	0.01972	0.02747	0.06578	0.13654	0.02584	0.01787	0.02170	0.01301	0.01565	0.01103	0.00725	0.00661	0.00209	0.01060	0.00573	0.00372	0.01088
43	0.02042	0.15784	0.16328	0.02557	0.03323	0.10076	0.26305	0.02604	0.01864	0.02390	0.01586	0.04689	0.01327	0.00857	0.00926	0.00256	0.04799	0.00798	0.00407	0.01083

[dist]
# distance from previous block
# <min> <max>
14	27

[block]
# block no. 2 follows, 22 sequences, length 21
# corresponding to MSA columns:
# 116-136
name=unknown_C
#
# <colnr> <probs for GDERKNQSTAVLIFYWHMCP>
#	G	D	E	R	K	N	Q	S	T	A	V	L	I	F	Y	W	H	M	C	P
0	0.01896	0.16914	0.13542	0.01865	0.04957	0.01993	0.05694	0.10778	0.02099	0.02897	0.11321	0.06140	0.02507	0.01395	0.04928	0.00312	0.03891	0.00882	0.04940	0.01051
1	0.13938	0.02114	0.02080	0.01986	0.07712	0.16107	0.05068	0.05169	0.11421	0.05362	0.02564	0.02693	0.08064	0.01055	0.00903	0.00257	0.05656	0.00805	0.06006	0.01038
2	0.15146	0.01706	0.02629	0.19052	0.13074	0.01861	0.11205	0.02305	0.01667	0.02675	0.01471	0.01975	0.01179	0.00836	0.00972	0.00258	0.08503	0.00697	0.03376	0.09415
3	0.10634	0.02056	0.02627	0.11367	0.19723	0.09311	0.06598	0.09275	0.06823	0.08585	0.01909	0.02321	0.01488	0.00896	0.00807	0.00259	0.00990	0.02602	0.00563	0.01165
4	0.01965	0.01856	0.02830	0.04063	0.47144	0.05154	0.02147	0.04603	0.01952	0.02679	0.02155	0.11579	0.02095	0.01108	0.00872	0.00266	0.00929	0.04925	0.00499	0.01179
5	0.01870	0.01816	0.03185	0.28248	0.38323	0.01938	0.07755	0.02403	0.01813	0.02493	0.01542	0.02130	0.01235	0.00770	0.00839	0.00261	0.01067	0.00761	0.00397	0.01155
6	0.01582	0.01494	0.02494	0.65384	0.05540	0.01882	0.02282	0.02116	0.01641	0.02116	0.01457	0.02194	0.01107	0.00863	0.00928	0.00281	0.04611	0.00738	0.00369	0.00922
7	0.02624	0.02375	0.02277	0.02084	0.06791	0.14058	0.01543	0.23923	0.28184	0.03759	0.02405	0.02362	0.01805	0.01007	0.00821	0.00256	0.00920	0.00787	0.00735	0.01285
8	0.02273	0.67356	0.04236	0.01464	0.02158	0.07050	0.01432	0.02536	0.01727	0.01959	0.01163	0.01342	0.01066	0.00719	0.00546	0.00180	0.00924	0.00450	0.00360	0.01060
9	0.01443	0.00722	0.01082	0.01082	0.01082	0.00722	0.00722	0.01082	0.01082	0.01443	0.01443	0.02525	0.01443	0.02886	0.03247	0.75830	0.00722	0.00722	0.00361	0.00361
10	0.02674	0.02233	0.02211	0.01835	0.02393	0.08073	0.01465	0.31966	0.30187	0.04181	0.02540	0.02436	0.01875	0.01042	0.00830	0.00260	0.00853	0.00813	0.00802	0.01330
11	0.01960	0.03750	0.52968	0.02346	0.03465	0.01851	0.07762	0.02818	0.01852	0.10930	0.01740	0.01934	0.01201	0.00813	0.00811	0.00264	0.01174	0.00673	0.00445	0.01243
12	0.01188	0.00885	0.01308	0.01308	0.01447	0.01024	0.01005	0.01466	0.01327	0.01908	0.02250	0.03401	0.02137	0.10318	0.63507	0.01302	0.02135	0.00910	0.00449	0.00727
13	0.01020	0.00743	0.00962	0.01119	0.01199	0.00685	0.00758	0.01188	0.01671	0.02214	0.09017	0.59952	0.11423	0.02494	0.01047	0.00327	0.00470	0.02245	0.00781	0.00685
14	0.02138	0.61321	0.13612	0.01562	0.02350	0.03085	0.01667	0.02509	0.01698	0.02055	0.01205	0.01395	0.01064	0.00722	0.00571	0.00190	0.00939	0.00469	0.00355	0.01090
15	0.02343	0.08070	0.02368	0.01692	0.02233	0.09610	0.06057	0.15919	0.02321	0.08123	0.05847	0.02550	0.01918	0.08649	0.01216	0.00283	0.03295	0.00768	0.00609	0.16128
16	0.04924	0.25632	0.41219	0.02126	0.05634	0.02365	0.02429	0.02574	0.01725	0.02462	0.01372	0.01615	0.01062	0.00761	0.00697	0.00235	0.01085	0.00558	0.00361	0.01166
17	0.04716	0.24778	0.12036	0.05656	0.02621	0.02281	0.05474	0.09365	0.07495	0.05484	0.02223	0.04926	0.05370	0.00969	0.00739	0.00236	0.00895	0.00771	0.00537	0.03426
18	0.02069	0.24560	0.09362	0.01824	0.02413	0.12030	0.05672	0.02435	0.01770	0.02248	0.03870	0.01855	0.01415	0.01090	0.03626	0.00266	0.10763	0.00617	0.00417	0.11698
19	0.02251	0.12919	0.07058	0.04447	0.06512	0.11297	0.06806	0.02619	0.01911	0.11391	0.07508	0.02540	0.04464	0.01066	0.01147	0.00262	0.13407	0.00797	0.00538	0.01059
20	0.02037	0.12796	0.11928	0.12743	0.02834	0.12287	0.01685	0.04710	0.06929	0.05877	0.11061	0.02953	0.06667	0.01060	0.00799	0.00246	0.00943	0.00842	0.00566	0.01035

[dist]
# distance from previous block
# <min> <max>
5	16

[block]
# block no. 3 follows, 22 sequences, length 13
# corresponding to MSA columns:
# 153-165
name=unknown_D
#
# <colnr> <probs for GDERKNQSTAVLIFYWHMCP>
#	G	D	E	R	K	N	Q	S	T	A	V	L	I	F	Y	W	H	M	C	P
0	0.09810	0.26896	0.10911	0.01591	0.02171	0.06562	0.04412	0.02273	0.01822	0.02505	0.10330	0.08729	0.02608	0.01144	0.00749	0.00244	0.00861	0.04890	0.00519	0.00972
1	0.16082	0.23957	0.21167	0.01563	0.02272	0.02098	0.01669	0.02309	0.01750	0.02709	0.11157	0.05921	0.02297	0.00997	0.00700	0.00239	0.00843	0.00759	0.00492	0.01017
2	0.05435	0.12505	0.07709	0.01262	0.01632	0.01510	0.01098	0.07211	0.01825	0.02635	0.08322	0.06638	0.02815	0.20103	0.01693	0.00395	0.00743	0.04292	0.11329	0.00848
3	0.09516	0.28102	0.37510	0.01898	0.02867	0.02411	0.02256	0.02560	0.01696	0.02500	0.01336	0.01561	0.01042	0.00759	0.00669	0.00232	0.01046	0.00536	0.00369	0.01136
4	0.01643	0.01259	0.01627	0.07344	0.02097	0.01139	0.01122	0.01978	0.01792	0.06903	0.09310	0.15121	0.02947	0.01272	0.00913	0.00226	0.04408	0.04003	0.00621	0.34273
5	0.01898	0.02104	0.09059	0.03998	0.45382	0.05291	0.02245	0.02367	0.01867	0.02576	0.02232	0.10393	0.04881	0.01039	0.00851	0.00259	0.00950	0.00959	0.00467	0.01182
6	0.01047	0.00841	0.00915	0.00898	0.01138	0.00730	0.00662	0.01290	0.01965	0.02481	0.22653	0.07359	0.46225	0.06691	0.01203	0.00311	0.00440	0.01651	0.00790	0.00709
7	0.01401	0.00899	0.01183	0.01083	0.01319	0.00822	0.00822	0.01787	0.02354	0.08879	0.59721	0.05907	0.07328	0.01639	0.00967	0.00261	0.00420	0.01444	0.00925	0.00839
8	0.02066	0.01785	0.01878	0.01691	0.02160	0.02066	0.01315	0.04414	0.64121	0.03475	0.03381	0.03099	0.02536	0.01127	0.00845	0.00282	0.00657	0.00939	0.00845	0.01315
9	0.01666	0.04297	0.66500	0.02368	0.03596	0.01929	0.03069	0.02631	0.01754	0.02631	0.01491	0.01754	0.01052	0.00789	0.00789	0.00263	0.01228	0.00614	0.00351	0.01228
10	0.01099	0.00786	0.01024	0.01182	0.01265	0.00748	0.00843	0.01276	0.01623	0.02136	0.04508	0.46869	0.08275	0.10944	0.01465	0.00401	0.00575	0.13571	0.00737	0.00673
11	0.01836	0.01694	0.05069	0.01359	0.02103	0.01299	0.01148	0.06400	0.05090	0.02916	0.01611	0.01814	0.01301	0.00677	0.00651	0.00147	0.00669	0.00539	0.00526	0.63152
12	0.02326	0.08432	0.09242	0.03344	0.32092	0.08074	0.02092	0.05381	0.06723	0.08923	0.01813	0.02050	0.01410	0.00816	0.00782	0.00238	0.00980	0.00698	0.00515	0.04068

[dist]
# distance from previous block
# <min> <max>
0	1

[block]
# block no. 4 follows, 22 sequences, length 13
# corresponding to MSA columns:
# 167-179
name=unknown_E
#
# <colnr> <probs for GDERKNQSTAVLIFYWHMCP>
#	G	D	E	R	K	N	Q	S	T	A	V	L	I	F	Y	W	H	M	C	P
0	0.13022	0.08058	0.26343	0.02297	0.11602	0.08114	0.02069	0.02623	0.01803	0.06573	0.01693	0.05675	0.01395	0.00890	0.00741	0.00246	0.01004	0.00695	0.00464	0.04694
1	0.01344	0.01034	0.01350	0.01527	0.04449	0.01047	0.01136	0.01931	0.10688	0.02588	0.09687	0.26583	0.07433	0.02093	0.01041	0.00333	0.00625	0.23498	0.00776	0.00839
2	0.01259	0.00827	0.00982	0.00966	0.01013	0.00802	0.00580	0.01238	0.01245	0.01684	0.02513	0.09071	0.02855	0.52582	0.03670	0.11394	0.00761	0.01173	0.00500	0.04883
3	0.01999	0.01916	0.03269	0.12533	0.58632	0.01959	0.02521	0.02500	0.01865	0.02645	0.01553	0.02075	0.01292	0.00751	0.00823	0.00250	0.01001	0.00740	0.00406	0.01270
4	0.02036	0.01844	0.02928	0.27769	0.34925	0.02013	0.02324	0.10962	0.02094	0.02858	0.01593	0.02105	0.01254	0.00810	0.00827	0.00258	0.01020	0.00741	0.00456	0.01187
5	0.12745	0.01671	0.01905	0.08649	0.02456	0.01608	0.01250	0.14973	0.02159	0.06171	0.01621	0.01829	0.01246	0.00759	0.00679	0.00191	0.00739	0.00582	0.00577	0.38191
6	0.02064	0.01858	0.02940	0.18925	0.39701	0.01977	0.02293	0.10976	0.02127	0.02926	0.01754	0.02468	0.01465	0.00879	0.00843	0.00261	0.00992	0.03860	0.00480	0.01211
7	0.01133	0.00861	0.01223	0.10772	0.01880	0.00872	0.01022	0.01384	0.01728	0.02316	0.12884	0.48012	0.05171	0.02203	0.01021	0.00320	0.00573	0.05159	0.00734	0.00731
8	0.02468	0.02460	0.02349	0.11402	0.10235	0.22183	0.01717	0.15949	0.09523	0.03075	0.05082	0.02636	0.01893	0.01025	0.00832	0.00254	0.01066	0.04139	0.00596	0.01116
9	0.11087	0.08649	0.05495	0.04299	0.21142	0.14653	0.01694	0.02626	0.01879	0.05669	0.01681	0.02006	0.01351	0.00980	0.02716	0.00262	0.00990	0.00646	0.11104	0.01070
10	0.02281	0.06031	0.04040	0.01915	0.05780	0.15698	0.01477	0.18306	0.02313	0.02959	0.01823	0.02262	0.01518	0.02433	0.19762	0.00548	0.04463	0.00723	0.04628	0.01040
11	0.07047	0.05332	0.02249	0.01731	0.02267	0.08938	0.01394	0.38134	0.07095	0.04068	0.01994	0.02323	0.01584	0.07566	0.04280	0.00347	0.00993	0.00756	0.00703	0.01200
12	0.11606	0.05496	0.01949	0.01648	0.05042	0.06939	0.01238	0.11905	0.06245	0.13408	0.04103	0.02342	0.01728	0.01310	0.01259	0.13261	0.03780	0.00726	0.04990	0.01022

[dist]
# distance from previous block
# <min> <max>
1	16

[block]
# block no. 5 follows, 22 sequences, length 18
# corresponding to MSA columns:
# 196-213
name=unknown_F
#
# <colnr> <probs for GDERKNQSTAVLIFYWHMCP>
#	G	D	E	R	K	N	Q	S	T	A	V	L	I	F	Y	W	H	M	C	P
0	0.02187	0.16730	0.09950	0.09813	0.13141	0.14970	0.01920	0.02576	0.01836	0.05125	0.01605	0.05700	0.01412	0.00971	0.00971	0.00250	0.08622	0.00721	0.00435	0.01065
1	0.13359	0.02178	0.12665	0.02315	0.10909	0.06220	0.08791	0.02393	0.01729	0.05410	0.03520	0.06100	0.01744	0.04740	0.01208	0.00300	0.09529	0.00831	0.05042	0.01017
2	0.01762	0.01593	0.01448	0.01379	0.01637	0.12756	0.00998	0.08799	0.05506	0.02540	0.03424	0.27574	0.07671	0.11044	0.01350	0.00346	0.00762	0.01427	0.03411	0.04575
3	0.01391	0.01301	0.06336	0.04894	0.08978	0.01222	0.01257	0.01672	0.01439	0.02062	0.02267	0.06887	0.02281	0.24074	0.21868	0.00753	0.04774	0.01001	0.04757	0.00786
4	0.01963	0.01869	0.03132	0.17166	0.51103	0.01954	0.02444	0.02556	0.04810	0.02637	0.01633	0.02136	0.01334	0.00776	0.00825	0.00254	0.00994	0.00749	0.00424	0.01240
5	0.01972	0.01551	0.01794	0.01335	0.02032	0.01300	0.01069	0.05612	0.09004	0.07246	0.01843	0.01969	0.01445	0.00721	0.00668	0.00157	0.00642	0.00580	0.00586	0.58474
6	0.01768	0.01357	0.01484	0.01366	0.01661	0.04976	0.01033	0.11630	0.09550	0.06008	0.25815	0.21632	0.04961	0.01683	0.00943	0.00279	0.00605	0.01461	0.00833	0.00953
7	0.01184	0.00803	0.00906	0.00917	0.00936	0.00792	0.00527	0.01204	0.01270	0.01677	0.03066	0.09425	0.06735	0.62825	0.03854	0.00748	0.00764	0.01308	0.00535	0.00525
8	0.09481	0.01916	0.02272	0.01794	0.02364	0.02061	0.05892	0.36809	0.02937	0.07140	0.02116	0.06278	0.01700	0.01627	0.08327	0.00375	0.01024	0.00845	0.00719	0.04323
9	0.02195	0.02316	0.02862	0.11341	0.38726	0.16971	0.02167	0.02699	0.04666	0.02502	0.01868	0.02251	0.04089	0.00854	0.00814	0.00246	0.01079	0.00746	0.00445	0.01163
10	0.01932	0.01644	0.02414	0.48295	0.04700	0.01959	0.02068	0.16560	0.02213	0.02889	0.01799	0.02649	0.01430	0.00970	0.00852	0.00277	0.01038	0.04776	0.00506	0.01029
11	0.06790	0.02702	0.02736	0.02422	0.08218	0.26486	0.13036	0.14613	0.02439	0.02999	0.01923	0.02162	0.04266	0.00904	0.00804	0.00241	0.01166	0.00743	0.04262	0.01087
12	0.01962	0.07016	0.09192	0.01494	0.01994	0.04407	0.01327	0.09770	0.13405	0.07138	0.03816	0.03881	0.17569	0.04851	0.01081	0.00288	0.03637	0.01016	0.05109	0.01047
13	0.06544	0.10107	0.05317	0.13719	0.09677	0.12223	0.01709	0.09619	0.06360	0.07501	0.02017	0.02216	0.04021	0.00903	0.00760	0.00239	0.00973	0.00704	0.00546	0.04844
14	0.07717	0.01938	0.02640	0.03414	0.35689	0.06257	0.01926	0.07565	0.02033	0.05586	0.01765	0.02326	0.01482	0.01086	0.03807	0.00287	0.00982	0.03255	0.00507	0.09737
15	0.01984	0.02091	0.10543	0.02658	0.12768	0.01818	0.15941	0.05928	0.04283	0.06617	0.08977	0.02553	0.02076	0.00955	0.01058	0.00259	0.08392	0.00852	0.00544	0.09701
16	0.01970	0.09294	0.02345	0.10410	0.02582	0.07520	0.04188	0.09866	0.08752	0.02825	0.09334	0.03105	0.08967	0.01150	0.01024	0.00255	0.08348	0.00896	0.00594	0.06574
17	0.01410	0.01422	0.06378	0.01510	0.01798	0.04221	0.07323	0.01841	0.06101	0.02343	0.09872	0.22377	0.06605	0.17508	0.01718	0.00415	0.00770	0.04942	0.00647	0.00799

[dist]
# distance from previous block
# <min> <max>
13	138

[block]
# block no. 6 follows, 22 sequences, length 25
# corresponding to MSA columns:
# 358-382
name=unknown_G
#
# <colnr> <probs for GDERKNQSTAVLIFYWHMCP>
#	G	D	E	R	K	N	Q	S	T	A	V	L	I	F	Y	W	H	M	C	P
0	0.07744	0.07080	0.09088	0.12078	0.06212	0.01964	0.08916	0.13961	0.05481	0.03146	0.07471	0.02880	0.02104	0.04424	0.00993	0.00290	0.00942	0.03573	0.00572	0.01081
1	0.07111	0.01731	0.06613	0.08271	0.09256	0.01604	0.06918	0.05746	0.10347	0.09023	0.05591	0.11026	0.02478	0.01184	0.00856	0.00269	0.00824	0.03928	0.00643	0.06582
2	0.05440	0.02254	0.07952	0.08158	0.03142	0.10470	0.19571	0.10254	0.02215	0.02969	0.09753	0.06026	0.02255	0.01001	0.00866	0.00257	0.01061	0.00929	0.00553	0.04872
3	0.02014	0.01823	0.02637	0.07346	0.19181	0.05019	0.10778	0.12711	0.04621	0.02982	0.02590	0.09027	0.06536	0.03881	0.01002	0.00284	0.00930	0.01020	0.04525	0.01093
4	0.05617	0.05250	0.13422	0.01568	0.04494	0.01486	0.01392	0.07289	0.06566	0.06256	0.10051	0.06881	0.07770	0.04790	0.00971	0.00276	0.00723	0.00981	0.09526	0.04692
5	0.01870	0.01715	0.02456	0.02573	0.17236	0.03964	0.08691	0.06171	0.07829	0.02783	0.02398	0.12735	0.02283	0.01187	0.00923	0.00256	0.03106	0.05533	0.00575	0.15716
6	0.06024	0.02239	0.12680	0.02499	0.13477	0.05084	0.09983	0.06943	0.02014	0.07269	0.01963	0.05686	0.01662	0.00939	0.00810	0.00242	0.00958	0.03887	0.00534	0.15106
7	0.02256	0.01877	0.05377	0.14021	0.12878	0.06201	0.01717	0.05780	0.12799	0.13960	0.05599	0.05889	0.02133	0.01031	0.00833	0.00257	0.00871	0.00877	0.00653	0.04989
8	0.01753	0.01329	0.01675	0.04831	0.08243	0.01377	0.01218	0.05674	0.17777	0.07680	0.18093	0.12014	0.11923	0.01490	0.00914	0.00276	0.00616	0.01293	0.00790	0.01033
9	0.02536	0.01782	0.02078	0.05581	0.10273	0.07258	0.01466	0.08072	0.17515	0.20599	0.03024	0.09318	0.04416	0.01179	0.00855	0.00267	0.00804	0.00991	0.00770	0.01216
10	0.10010	0.02280	0.08689	0.07682	0.16951	0.08384	0.01855	0.11058	0.12392	0.09613	0.02011	0.02153	0.01496	0.00893	0.00787	0.00256	0.00943	0.00721	0.00604	0.01223
11	0.12813	0.01507	0.01900	0.10269	0.11012	0.01489	0.01361	0.07367	0.01994	0.06371	0.08681	0.02926	0.08207	0.00992	0.00759	0.00226	0.00721	0.00817	0.00596	0.19990
12	0.02894	0.01699	0.01825	0.01497	0.02004	0.09435	0.01195	0.09460	0.04964	0.34097	0.15200	0.03499	0.06120	0.01191	0.00860	0.00254	0.00748	0.00968	0.00892	0.01197
13	0.03158	0.02327	0.02493	0.01911	0.02576	0.02576	0.01579	0.62852	0.03906	0.05236	0.01995	0.01995	0.01413	0.00997	0.00831	0.00249	0.00914	0.00748	0.00831	0.01413
14	0.02056	0.01974	0.03372	0.05099	0.65622	0.01974	0.02550	0.02550	0.01892	0.02714	0.01563	0.02056	0.01316	0.00740	0.00822	0.00247	0.00987	0.00740	0.00411	0.01316
15	0.01443	0.00722	0.01082	0.01082	0.01082	0.00722	0.00722	0.01082	0.01082	0.01443	0.01443	0.02525	0.01443	0.02886	0.03247	0.75830	0.00722	0.00722	0.00361	0.00361
16	0.02771	0.20203	0.02874	0.01975	0.05527	0.23430	0.01552	0.16737	0.08568	0.06193	0.01734	0.01821	0.01353	0.00881	0.00730	0.00223	0.01063	0.00626	0.00572	0.01166
17	0.06387	0.27589	0.15673	0.01644	0.02385	0.06988	0.01655	0.02945	0.01949	0.19244	0.04773	0.02052	0.01632	0.00870	0.00700	0.00226	0.00917	0.00638	0.00572	0.01161
18	0.01188	0.00884	0.01302	0.01302	0.01439	0.01020	0.00997	0.01462	0.01325	0.01904	0.02255	0.03431	0.02149	0.11198	0.62644	0.01294	0.02116	0.00915	0.00450	0.00723
19	0.01055	0.00820	0.00968	0.01046	0.01235	0.00733	0.00779	0.01284	0.01846	0.02342	0.12234	0.27366	0.33477	0.02244	0.01027	0.00309	0.00480	0.09261	0.00784	0.00709
20	0.01877	0.07023	0.01862	0.01479	0.01945	0.05193	0.01169	0.03355	0.38330	0.02966	0.04030	0.03818	0.15567	0.01251	0.00828	0.00258	0.00666	0.01020	0.00744	0.06619
21	0.01934	0.17432	0.27839	0.02290	0.06264	0.05079	0.09585	0.02649	0.05059	0.02498	0.01521	0.01800	0.01192	0.00790	0.00821	0.00236	0.03745	0.00636	0.00407	0.08224
22	0.07722	0.42750	0.15411	0.01606	0.02306	0.02662	0.01674	0.02387	0.01623	0.02218	0.01320	0.01629	0.01151	0.01312	0.07287	0.00324	0.04664	0.00535	0.00376	0.01044
23	0.05677	0.35454	0.29056	0.01974	0.05509	0.04947	0.02114	0.02576	0.01734	0.02350	0.01313	0.01541	0.01064	0.00752	0.00656	0.00220	0.01039	0.00529	0.00366	0.01130
24	0.12078	0.37679	0.06260	0.01497	0.02108	0.11921	0.01386	0.05224	0.01909	0.02497	0.06247	0.02061	0.04387	0.00890	0.00640	0.00212	0.00904	0.00616	0.00468	0.01016

[dist]
# distance from previous block
# <min> <max>
5	21

[block]
# block no. 7 follows, 22 sequences, length 6
# corresponding to MSA columns:
# 405-410
name=unknown_H
#
# <colnr> <probs for GDERKNQSTAVLIFYWHMCP>
#	G	D	E	R	K	N	Q	S	T	A	V	L	I	F	Y	W	H	M	C	P
0	0.02157	0.24821	0.05747	0.09203	0.02617	0.16692	0.01592	0.02565	0.04336	0.02176	0.01450	0.01797	0.01234	0.01151	0.04475	0.00283	0.08008	0.00592	0.02839	0.06267
1	0.09774	0.01215	0.01407	0.01286	0.01635	0.01220	0.01027	0.08583	0.04808	0.08576	0.19310	0.10403	0.04109	0.01494	0.00876	0.00273	0.00596	0.10896	0.06894	0.05619
2	0.23399	0.10528	0.07369	0.07529	0.02595	0.07583	0.06436	0.06816	0.01977	0.10846	0.06089	0.02109	0.01661	0.00884	0.00718	0.00248	0.00903	0.00680	0.00568	0.01062
3	0.05245	0.04600	0.12201	0.13845	0.12577	0.01924	0.09375	0.08740	0.01949	0.02785	0.01792	0.07909	0.01562	0.00983	0.00939	0.00263	0.05263	0.00850	0.00478	0.06718
4	0.01410	0.01050	0.06288	0.01158	0.01318	0.00849	0.00926	0.01375	0.01357	0.01891	0.02496	0.03770	0.07104	0.07011	0.02451	0.43469	0.00710	0.06012	0.08807	0.00549
5	0.11658	0.23655	0.03086	0.04785	0.02601	0.11260	0.06381	0.21463	0.02457	0.03271	0.01491	0.01676	0.01172	0.00831	0.00702	0.00227	0.00998	0.00608	0.00539	0.01139

[dist]
# distance from previous block
# <min> <max>
6	18

[block]
# block no. 8 follows, 22 sequences, length 6
# corresponding to MSA columns:
# 429-434
name=unknown_I
#
# <colnr> <probs for GDERKNQSTAVLIFYWHMCP>
#	G	D	E	R	K	N	Q	S	T	A	V	L	I	F	Y	W	H	M	C	P
0	0.02159	0.11647	0.08998	0.02082	0.10821	0.06871	0.03737	0.06098	0.04292	0.09706	0.08799	0.04811	0.02300	0.01025	0.00831	0.00241	0.02917	0.00835	0.10737	0.01090
1	0.02094	0.44999	0.06569	0.01556	0.02142	0.06250	0.01474	0.05628	0.01767	0.02168	0.01406	0.01756	0.01260	0.01728	0.12253	0.00397	0.04564	0.00565	0.00401	0.01023
2	0.01874	0.02696	0.19633	0.03085	0.03929	0.02107	0.41626	0.02583	0.01837	0.02583	0.01571	0.02077	0.01192	0.00802	0.01121	0.00285	0.08615	0.00864	0.00397	0.01124
3	0.01480	0.01462	0.05007	0.26680	0.09497	0.01481	0.01662	0.02145	0.09637	0.02407	0.03782	0.10999	0.17716	0.01363	0.00892	0.00281	0.00807	0.01184	0.00576	0.00945
4	0.01378	0.00884	0.01165	0.01095	0.01313	0.00809	0.00820	0.01736	0.02267	0.08643	0.52901	0.13223	0.07070	0.01743	0.00976	0.00270	0.00430	0.01543	0.00908	0.00826
5	0.01861	0.22907	0.42752	0.02373	0.09348	0.02316	0.02554	0.02583	0.01749	0.02449	0.01404	0.01665	0.01082	0.00762	0.00721	0.00237	0.01108	0.00579	0.00358	0.01191

[dist]
# distance from previous block
# <min> <max>
0	1

[block]
# block no. 9 follows, 22 sequences, length 8
# corresponding to MSA columns:
# 436-443
name=unknown_J
#
# <colnr> <probs for GDERKNQSTAVLIFYWHMCP>
#	G	D	E	R	K	N	Q	S	T	A	V	L	I	F	Y	W	H	M	C	P
0	0.02060	0.51912	0.22339	0.01695	0.02556	0.02894	0.01898	0.02529	0.01707	0.02150	0.01252	0.01455	0.01062	0.00733	0.00607	0.00202	0.00987	0.00493	0.00354	0.01113
1	0.02008	0.45562	0.28228	0.01785	0.02694	0.02766	0.02055	0.02543	0.01713	0.02214	0.01284	0.01494	0.01061	0.00741	0.00631	0.00210	0.01019	0.00509	0.00354	0.01128
2	0.01044	0.00844	0.00928	0.00907	0.01160	0.00728	0.00680	0.01313	0.02041	0.02595	0.26713	0.07418	0.46769	0.01973	0.00981	0.00274	0.00411	0.01672	0.00818	0.00728
3	0.01818	0.01818	0.02545	0.02181	0.02181	0.02545	0.01818	0.01999	0.01272	0.01999	0.01091	0.01818	0.01091	0.01454	0.02726	0.00364	0.69284	0.00727	0.00364	0.00909
4	0.01723	0.01477	0.01723	0.01230	0.01969	0.01107	0.00984	0.02092	0.01723	0.02707	0.01477	0.01723	0.01230	0.00615	0.00615	0.00123	0.00615	0.00492	0.00492	0.75883
5	0.02221	0.71304	0.04353	0.01421	0.02132	0.03287	0.01421	0.02488	0.01688	0.01955	0.01155	0.01333	0.01066	0.00711	0.00533	0.00178	0.00888	0.00444	0.00355	0.01066
6	0.01208	0.00805	0.00906	0.00906	0.00906	0.00805	0.00503	0.01208	0.01208	0.01611	0.02618	0.05436	0.03020	0.70804	0.04228	0.00805	0.00805	0.01208	0.00503	0.00503
7	0.01316	0.01008	0.01437	0.01694	0.05841	0.01042	0.01274	0.01618	0.01768	0.02355	0.04046	0.27407	0.04528	0.02232	0.01204	0.00358	0.05249	0.34124	0.00717	0.00783

[dist]
# distance from previous block
# <min> <max>
0	5

# created by:
# /st0/software/busco_prod/Augustus/scripts/msa2prfl.pl ./align_prep/159189.fa
