[name]
unknown

[dist]
# distance from previous block
# <min> <max>
0	32

[block]
# block no. 0 follows, 30 sequences, length 81
# corresponding to MSA columns:
# 32-112
name=unknown_A
#
# <colnr> <probs for GDERKNQSTAVLIFYWHMCP>
#	G	D	E	R	K	N	Q	S	T	A	V	L	I	F	Y	W	H	M	C	P
0	0.18713	0.04423	0.23234	0.01602	0.02204	0.09199	0.05466	0.04480	0.12604	0.02512	0.01665	0.02157	0.01362	0.00825	0.00648	0.00225	0.00829	0.06484	0.00446	0.00920
1	0.02003	0.01515	0.01642	0.01420	0.01851	0.01702	0.01121	0.11099	0.54352	0.11097	0.02697	0.02471	0.01976	0.00925	0.00708	0.00231	0.00582	0.00760	0.00727	0.01124
2	0.01180	0.00617	0.00885	0.00885	0.00885	0.00617	0.00576	0.00926	0.00926	0.01235	0.01372	0.02517	0.01426	0.14240	0.02861	0.66915	0.00617	0.00672	0.00322	0.00322
3	0.01408	0.01382	0.02487	0.56068	0.10599	0.01595	0.12737	0.01888	0.01454	0.01901	0.01275	0.01852	0.00967	0.00673	0.00717	0.00231	0.00961	0.00653	0.00320	0.00832
4	0.01235	0.00743	0.01165	0.16651	0.01751	0.00810	0.00894	0.01098	0.01014	0.01335	0.01218	0.02065	0.01151	0.02051	0.02289	0.62535	0.00676	0.00609	0.00305	0.00405
5	0.00841	0.00645	0.00771	0.00872	0.00986	0.00575	0.00603	0.00983	0.01432	0.01821	0.05064	0.49206	0.29644	0.02028	0.00866	0.00265	0.00385	0.01791	0.00648	0.00575
6	0.01257	0.00914	0.01121	0.00996	0.01224	0.00902	0.00766	0.12232	0.02187	0.03057	0.59581	0.04640	0.05711	0.01331	0.00803	0.00218	0.00400	0.01159	0.00757	0.00744
7	0.01480	0.01668	0.13240	0.45875	0.03823	0.03768	0.01859	0.02057	0.05482	0.05726	0.01610	0.02333	0.01283	0.00815	0.00712	0.00235	0.00894	0.05901	0.00389	0.00849
8	0.01560	0.01528	0.02723	0.30708	0.36631	0.01631	0.11034	0.02017	0.01523	0.02084	0.01298	0.01799	0.01032	0.00646	0.00711	0.00221	0.00915	0.00648	0.00333	0.00957
9	0.01810	0.01536	0.01620	0.01435	0.01843	0.01770	0.01123	0.08982	0.64467	0.03039	0.02746	0.02528	0.02054	0.00938	0.00709	0.00234	0.00570	0.00776	0.00709	0.01111
10	0.01432	0.01353	0.02272	0.52876	0.22531	0.01560	0.01958	0.01879	0.01449	0.01932	0.01260	0.01812	0.00980	0.00672	0.00690	0.00222	0.00890	0.00614	0.00323	0.03296
11	0.01909	0.52284	0.14588	0.01422	0.02052	0.13882	0.01446	0.02222	0.01518	0.01746	0.01034	0.01200	0.00894	0.00628	0.00512	0.00166	0.00876	0.00409	0.00308	0.00904
12	0.02653	0.01955	0.02094	0.01606	0.02164	0.02164	0.01326	0.68796	0.03281	0.04398	0.01675	0.01675	0.01187	0.00838	0.00698	0.00209	0.00768	0.00628	0.00698	0.01187
13	0.01672	0.01601	0.02732	0.13707	0.62133	0.01643	0.02114	0.02093	0.01563	0.02212	0.01303	0.01745	0.01082	0.00632	0.00692	0.00211	0.00843	0.00622	0.00341	0.01061
14	0.01956	0.01372	0.01602	0.01179	0.01774	0.01187	0.00957	0.15152	0.01895	0.13904	0.01570	0.01642	0.01176	0.00636	0.00582	0.00142	0.00578	0.00502	0.00542	0.51651
15	0.01015	0.00677	0.00761	0.00761	0.00761	0.00677	0.00423	0.01015	0.01015	0.01353	0.02199	0.04567	0.02537	0.75476	0.03552	0.00677	0.00677	0.01015	0.00423	0.00423
16	0.01015	0.00677	0.00761	0.00761	0.00761	0.00677	0.00423	0.01015	0.01015	0.01353	0.02199	0.04567	0.02537	0.75476	0.03552	0.00677	0.00677	0.01015	0.00423	0.00423
17	0.00947	0.00678	0.00836	0.00869	0.00946	0.00667	0.00582	0.01056	0.01253	0.01663	0.07437	0.20644	0.13951	0.29558	0.13514	0.02350	0.00734	0.01271	0.00520	0.00526
18	0.14129	0.01454	0.01591	0.01319	0.01791	0.01559	0.01064	0.13892	0.27696	0.24531	0.02344	0.02162	0.01646	0.00858	0.00664	0.00223	0.00598	0.00674	0.00714	0.01091
19	0.01015	0.00677	0.00761	0.00761	0.00761	0.00677	0.00423	0.01015	0.01015	0.01353	0.02199	0.04567	0.02537	0.75476	0.03552	0.00677	0.00677	0.01015	0.00423	0.00423
20	0.02835	0.01101	0.01463	0.01146	0.01625	0.00965	0.00939	0.03114	0.01911	0.60444	0.02676	0.02412	0.01737	0.00855	0.00667	0.00207	0.00550	0.00693	0.13559	0.01101
21	0.02004	0.01394	0.01562	0.01374	0.01787	0.01532	0.01089	0.03519	0.51519	0.17694	0.02868	0.02840	0.02146	0.00982	0.00722	0.00237	0.00566	0.04329	0.00740	0.01097
22	0.01006	0.00711	0.00889	0.00870	0.01042	0.00642	0.00643	0.01268	0.01792	0.04843	0.44238	0.16631	0.19628	0.01601	0.00830	0.00233	0.00356	0.01403	0.00727	0.00648
23	0.01228	0.00643	0.00676	0.00702	0.00845	0.00637	0.00514	0.01520	0.01443	0.02469	0.02530	0.14315	0.02246	0.01035	0.00553	0.00182	0.00338	0.00866	0.66620	0.00637
24	0.80405	0.01350	0.01026	0.00918	0.01350	0.01565	0.00756	0.02051	0.01188	0.03131	0.00972	0.01134	0.00756	0.00648	0.00432	0.00216	0.00540	0.00378	0.00432	0.00756
25	0.01252	0.00910	0.01116	0.00999	0.01223	0.00899	0.00766	0.12220	0.02164	0.03022	0.57247	0.07075	0.05643	0.01358	0.00805	0.00220	0.00403	0.01185	0.00753	0.00741
26	0.00917	0.00711	0.00835	0.00804	0.00999	0.00628	0.00603	0.01180	0.01808	0.02401	0.43042	0.05867	0.34544	0.01575	0.00824	0.00227	0.00340	0.01354	0.00716	0.00628
27	0.01447	0.01240	0.01447	0.01034	0.01654	0.00930	0.00827	0.01757	0.01447	0.02274	0.01240	0.01447	0.01034	0.00517	0.00517	0.00103	0.00517	0.00413	0.00413	0.79742
28	0.64800	0.01222	0.00998	0.00902	0.01281	0.01387	0.00731	0.01918	0.01325	0.03059	0.12305	0.01845	0.01735	0.00780	0.00497	0.00215	0.00498	0.00530	0.03239	0.00736
29	0.01113	0.00849	0.00975	0.00920	0.01154	0.00816	0.00696	0.01645	0.12799	0.04601	0.32896	0.07667	0.28269	0.01478	0.00804	0.00230	0.00385	0.01267	0.00715	0.00719
30	0.00842	0.00691	0.00741	0.00763	0.00962	0.00591	0.00559	0.01022	0.01580	0.01941	0.11580	0.17645	0.55050	0.01808	0.00835	0.00242	0.00360	0.01539	0.00657	0.00591
31	0.80405	0.01350	0.01026	0.00918	0.01350	0.01565	0.00756	0.02051	0.01188	0.03131	0.00972	0.01134	0.00756	0.00648	0.00432	0.00216	0.00540	0.00378	0.00432	0.00756
32	0.01000	0.00735	0.01056	0.01056	0.01157	0.00836	0.00790	0.01204	0.01102	0.01571	0.01929	0.03076	0.01890	0.18092	0.60050	0.01040	0.01651	0.00797	0.00383	0.00586
33	0.27182	0.00903	0.00831	0.00783	0.01010	0.00969	0.00579	0.01686	0.01289	0.04840	0.01848	0.02562	0.01619	0.17782	0.01175	0.00299	0.00485	0.00646	0.32861	0.00651
34	0.01109	0.00840	0.01037	0.00966	0.01167	0.00833	0.00731	0.01704	0.12956	0.02818	0.59769	0.04791	0.05864	0.01349	0.00805	0.00222	0.00365	0.01185	0.00759	0.00731
35	0.01124	0.00803	0.01124	0.01285	0.01446	0.00803	0.01124	0.01446	0.01606	0.02088	0.03695	0.07871	0.04016	0.01928	0.00964	0.00321	0.00643	0.66426	0.00643	0.00643
36	0.01786	0.01842	0.03579	0.02945	0.14320	0.01795	0.47412	0.10390	0.04082	0.02529	0.01475	0.01856	0.01117	0.00636	0.00783	0.00228	0.01050	0.00766	0.00406	0.01003
37	0.01534	0.00848	0.01079	0.01013	0.01216	0.00803	0.00737	0.01832	0.06093	0.18991	0.15717	0.22464	0.03653	0.17388	0.01394	0.00337	0.00511	0.02968	0.00679	0.00742
38	0.01736	0.01499	0.01578	0.01420	0.01815	0.01736	0.01105	0.03708	0.69862	0.02919	0.02840	0.02604	0.02130	0.00947	0.00710	0.00237	0.00552	0.00789	0.00710	0.01105
39	0.02608	0.03279	0.01982	0.01791	0.02158	0.70274	0.01348	0.05033	0.02022	0.01799	0.01099	0.01273	0.00909	0.00723	0.00632	0.00181	0.01242	0.00456	0.00371	0.00822
40	0.02479	0.01868	0.01996	0.01570	0.02098	0.02083	0.01284	0.56441	0.15919	0.04117	0.01896	0.01852	0.01366	0.00858	0.00700	0.00215	0.00727	0.00659	0.00700	0.01171
41	0.04501	0.01745	0.02046	0.38784	0.03503	0.13184	0.03401	0.13716	0.07982	0.02383	0.01429	0.01774	0.01075	0.00743	0.00682	0.00220	0.00914	0.00606	0.00426	0.00885
42	0.02584	0.03045	0.01983	0.01754	0.02147	0.59004	0.01337	0.13355	0.04496	0.02178	0.01234	0.01371	0.00987	0.00746	0.00643	0.00186	0.01156	0.00490	0.00426	0.00879
43	0.01754	0.08207	0.15095	0.01327	0.02013	0.01264	0.03534	0.02154	0.01545	0.13420	0.01470	0.01588	0.01106	0.00610	0.00579	0.00152	0.00669	0.00490	0.00452	0.42569
44	0.01774	0.02549	0.34957	0.02271	0.06669	0.01582	0.21847	0.02393	0.01606	0.13433	0.01537	0.01756	0.01085	0.00685	0.00758	0.00226	0.02794	0.00645	0.00407	0.01027
45	0.00850	0.00607	0.00810	0.00972	0.01012	0.00567	0.00648	0.00972	0.01336	0.01781	0.03846	0.75020	0.04615	0.02186	0.00891	0.00283	0.00405	0.01984	0.00648	0.00567
46	0.01400	0.03610	0.71860	0.01989	0.03020	0.01621	0.02578	0.02210	0.01473	0.02210	0.01252	0.01473	0.00884	0.00663	0.00663	0.00221	0.01031	0.00516	0.00295	0.01031
47	0.02861	0.01338	0.01680	0.01312	0.01832	0.01281	0.01076	0.14735	0.08609	0.51675	0.04343	0.02349	0.01798	0.00882	0.00705	0.00217	0.00613	0.00712	0.00818	0.01166
48	0.01448	0.01693	0.10947	0.39003	0.14058	0.01663	0.09148	0.01926	0.01424	0.01946	0.01235	0.01758	0.00963	0.00729	0.00883	0.00236	0.09122	0.00628	0.00318	0.00872
49	0.00850	0.00607	0.00810	0.00972	0.01012	0.00567	0.00648	0.00972	0.01336	0.01781	0.03846	0.75020	0.04615	0.02186	0.00891	0.00283	0.00405	0.01984	0.00648	0.00567
50	0.01318	0.01240	0.02093	0.73798	0.04806	0.01550	0.01938	0.01783	0.01395	0.01783	0.01240	0.01860	0.00930	0.00698	0.00698	0.00233	0.00930	0.00620	0.00310	0.00775
51	0.01689	0.01822	0.04992	0.15758	0.16122	0.04141	0.36467	0.06131	0.01696	0.02273	0.01363	0.01806	0.01042	0.00635	0.00758	0.00226	0.01043	0.00718	0.00363	0.00954
52	0.02514	0.02587	0.02056	0.01869	0.06762	0.37019	0.01379	0.27813	0.06440	0.02837	0.01424	0.01527	0.01094	0.00771	0.00664	0.00196	0.01002	0.00549	0.00508	0.00989
53	0.03048	0.01231	0.01639	0.01254	0.01798	0.01084	0.01035	0.06890	0.02048	0.65601	0.02643	0.02306	0.01674	0.00850	0.00695	0.00212	0.00601	0.00688	0.00839	0.03862
54	0.01406	0.13316	0.02346	0.62055	0.04318	0.01746	0.01818	0.01833	0.01399	0.01760	0.01197	0.01741	0.00925	0.00681	0.00657	0.00219	0.00900	0.00580	0.00308	0.00795
55	0.01450	0.01251	0.01472	0.01063	0.01660	0.00975	0.00853	0.01754	0.01433	0.02252	0.01228	0.01450	0.01029	0.00543	0.00582	0.00111	0.03234	0.00421	0.00409	0.76829
56	0.01737	0.25614	0.39752	0.01716	0.02506	0.13461	0.01957	0.02266	0.01538	0.01955	0.01138	0.01331	0.00890	0.00652	0.00592	0.00192	0.00981	0.00461	0.00306	0.00954
57	0.01951	0.01533	0.01656	0.01420	0.01821	0.01714	0.01117	0.28716	0.32744	0.03313	0.02547	0.13954	0.02163	0.01105	0.00735	0.00234	0.00613	0.00919	0.00695	0.01050
58	0.01083	0.00851	0.01057	0.05002	0.01396	0.00887	0.00816	0.01652	0.16555	0.02127	0.09553	0.46624	0.06169	0.01750	0.00832	0.00263	0.00458	0.01565	0.00654	0.00706
59	0.01238	0.00973	0.01466	0.04157	0.14509	0.00981	0.01323	0.01581	0.01610	0.02140	0.05646	0.06437	0.03470	0.01627	0.00899	0.00293	0.00675	0.49660	0.00581	0.00734
60	0.01102	0.00789	0.01093	0.01219	0.01381	0.00780	0.01049	0.01425	0.01666	0.02203	0.14542	0.07441	0.04431	0.01847	0.00941	0.00305	0.00592	0.55885	0.00663	0.00645
61	0.77555	0.01344	0.01048	0.00930	0.01365	0.01546	0.00766	0.02101	0.01217	0.05656	0.01037	0.01179	0.00792	0.00656	0.00442	0.00216	0.00542	0.00390	0.00448	0.00772
62	0.01703	0.01704	0.03040	0.03391	0.38361	0.01705	0.23196	0.02425	0.12651	0.02369	0.01591	0.01918	0.01256	0.00664	0.00736	0.00221	0.00895	0.00713	0.00407	0.01053
63	0.01433	0.00833	0.01089	0.00968	0.01214	0.00767	0.00746	0.01806	0.04295	0.16275	0.55124	0.04568	0.05481	0.01300	0.00795	0.00219	0.00389	0.01136	0.00785	0.00777
64	0.02466	0.03030	0.01913	0.01737	0.02102	0.61200	0.01309	0.02936	0.12958	0.01904	0.01364	0.01476	0.01098	0.00756	0.00642	0.00189	0.01144	0.00504	0.00416	0.00857
65	0.01651	0.01650	0.02945	0.12274	0.29940	0.01691	0.23119	0.02379	0.12626	0.02306	0.01582	0.01935	0.01234	0.00673	0.00737	0.00224	0.00908	0.00713	0.00402	0.01011
66	0.01721	0.09597	0.54480	0.01798	0.02711	0.01625	0.02205	0.02392	0.01553	0.13385	0.01470	0.01588	0.01021	0.00690	0.00650	0.00214	0.00935	0.00533	0.00387	0.01045
67	0.01384	0.01308	0.02213	0.62554	0.15533	0.01568	0.01971	0.01841	0.01427	0.01863	0.01252	0.01839	0.00959	0.00685	0.00697	0.00228	0.00914	0.00620	0.00316	0.00829
68	0.00895	0.00639	0.00861	0.01022	0.01082	0.00605	0.00725	0.01048	0.01380	0.01831	0.03822	0.64159	0.04518	0.02144	0.00903	0.00290	0.00443	0.12407	0.00647	0.00579
69	0.05450	0.01538	0.01659	0.01321	0.01829	0.12632	0.01069	0.03259	0.01969	0.58170	0.02427	0.02156	0.01563	0.00834	0.00682	0.00210	0.00700	0.00651	0.00769	0.01113
70	0.01400	0.03610	0.71860	0.01989	0.03020	0.01621	0.02578	0.02210	0.01473	0.02210	0.01252	0.01473	0.00884	0.00663	0.00663	0.00221	0.01031	0.00516	0.00295	0.01031
71	0.01001	0.00732	0.01042	0.01042	0.01139	0.00829	0.00773	0.01195	0.01098	0.01561	0.01942	0.03144	0.01919	0.20735	0.57448	0.01023	0.01606	0.00807	0.00385	0.00579
72	0.00850	0.00607	0.00810	0.00972	0.01012	0.00567	0.00648	0.00972	0.01336	0.01781	0.03846	0.75020	0.04615	0.02186	0.00891	0.00283	0.00405	0.01984	0.00648	0.00567
73	0.76215	0.01341	0.01058	0.00935	0.01373	0.01536	0.00770	0.02124	0.01231	0.06843	0.01068	0.01201	0.00808	0.00659	0.00446	0.00216	0.00543	0.00395	0.00455	0.00779
74	0.01400	0.03610	0.71860	0.01989	0.03020	0.01621	0.02578	0.02210	0.01473	0.02210	0.01252	0.01473	0.00884	0.00663	0.00663	0.00221	0.01031	0.00516	0.00295	0.01031
75	0.00849	0.00610	0.00807	0.00964	0.01010	0.00567	0.00644	0.00972	0.01343	0.01784	0.03937	0.73099	0.06478	0.02174	0.00889	0.00282	0.00403	0.01969	0.00648	0.00567
76	0.01663	0.01838	0.03865	0.03205	0.16929	0.01744	0.55509	0.02217	0.01636	0.02244	0.01392	0.01852	0.01068	0.00595	0.00797	0.00230	0.01108	0.00784	0.00351	0.00973
77	0.01362	0.01327	0.02367	0.64193	0.04649	0.01579	0.10973	0.01844	0.01429	0.01844	0.01264	0.01863	0.00948	0.00683	0.00715	0.00233	0.00964	0.00648	0.00316	0.00798
78	0.01727	0.01658	0.02832	0.04283	0.71123	0.01658	0.02142	0.02142	0.01589	0.02280	0.01313	0.01727	0.01105	0.00622	0.00691	0.00207	0.00829	0.00622	0.00345	0.01105
79	0.01438	0.03339	0.61253	0.02138	0.03118	0.01643	0.12914	0.02214	0.01501	0.02214	0.01277	0.01537	0.00911	0.00651	0.00688	0.00223	0.01054	0.00564	0.00304	0.01017
80	0.02046	0.44027	0.03064	0.01859	0.13106	0.21716	0.01390	0.02289	0.01599	0.01763	0.01055	0.01256	0.00930	0.00634	0.00537	0.00167	0.00900	0.00434	0.00323	0.00906

[dist]
# distance from previous block
# <min> <max>
0	2

[block]
# block no. 1 follows, 30 sequences, length 11
# corresponding to MSA columns:
# 115-125
name=unknown_B
#
# <colnr> <probs for GDERKNQSTAVLIFYWHMCP>
#	G	D	E	R	K	N	Q	S	T	A	V	L	I	F	Y	W	H	M	C	P
0	0.02015	0.01437	0.01586	0.01384	0.01808	0.01594	0.01089	0.03647	0.56289	0.16656	0.02823	0.02558	0.02050	0.00930	0.00708	0.00233	0.00561	0.00772	0.00741	0.01121
1	0.02459	0.17840	0.02313	0.01677	0.02084	0.58692	0.01317	0.02647	0.01866	0.01695	0.01057	0.01231	0.00898	0.00695	0.00593	0.00174	0.01156	0.00434	0.00347	0.00826
2	0.01866	0.75896	0.03657	0.01194	0.01791	0.02761	0.01194	0.02090	0.01418	0.01642	0.00970	0.01119	0.00896	0.00597	0.00448	0.00149	0.00746	0.00373	0.00299	0.00896
3	0.01318	0.01240	0.02093	0.73798	0.04806	0.01550	0.01938	0.01783	0.01395	0.01783	0.01240	0.01860	0.00930	0.00698	0.00698	0.00233	0.00930	0.00620	0.00310	0.00775
4	0.00997	0.00748	0.01121	0.01121	0.01246	0.00872	0.00872	0.01246	0.01121	0.01620	0.01869	0.02741	0.01745	0.05234	0.72710	0.01121	0.01869	0.00748	0.00374	0.00623
5	0.01016	0.00742	0.00912	0.00868	0.01015	0.00708	0.00623	0.01346	0.04943	0.02449	0.49276	0.05069	0.10186	0.16238	0.01364	0.00313	0.00411	0.01206	0.00688	0.00627
6	0.03131	0.01188	0.01619	0.01242	0.01781	0.01026	0.01026	0.03401	0.01997	0.71606	0.02753	0.02375	0.01727	0.00864	0.00702	0.00216	0.00594	0.00702	0.00864	0.01188
7	0.03131	0.01188	0.01619	0.01242	0.01781	0.01026	0.01026	0.03401	0.01997	0.71606	0.02753	0.02375	0.01727	0.00864	0.00702	0.00216	0.00594	0.00702	0.00864	0.01188
8	0.00850	0.00607	0.00810	0.00972	0.01012	0.00567	0.00648	0.00972	0.01336	0.01781	0.03846	0.75020	0.04615	0.02186	0.00891	0.00283	0.00405	0.01984	0.00648	0.00567
9	0.17260	0.01495	0.05341	0.35408	0.23566	0.01588	0.01791	0.01962	0.01414	0.02219	0.01208	0.01658	0.00945	0.00664	0.00641	0.00221	0.00827	0.00567	0.00344	0.00880
10	0.64566	0.01201	0.01002	0.00916	0.01261	0.01374	0.00726	0.01823	0.01132	0.02747	0.01020	0.01331	0.00847	0.01003	0.00891	0.16112	0.00553	0.00424	0.00406	0.00665

[dist]
# distance from previous block
# <min> <max>
0	1

[block]
# block no. 2 follows, 30 sequences, length 21
# corresponding to MSA columns:
# 127-147
name=unknown_C
#
# <colnr> <probs for GDERKNQSTAVLIFYWHMCP>
#	G	D	E	R	K	N	Q	S	T	A	V	L	I	F	Y	W	H	M	C	P
0	0.01734	0.01529	0.01817	0.01966	0.15037	0.01721	0.01302	0.03409	0.56837	0.02797	0.02549	0.02436	0.01935	0.00885	0.00706	0.00231	0.00605	0.00757	0.00640	0.01105
1	0.00974	0.00735	0.00943	0.00995	0.01151	0.00645	0.00700	0.01139	0.01367	0.01887	0.03343	0.58481	0.03910	0.01858	0.00822	0.00250	0.00435	0.04087	0.00603	0.15674
2	0.01689	0.01458	0.01533	0.01384	0.01770	0.01677	0.01075	0.03569	0.66361	0.02866	0.03057	0.02814	0.05653	0.00989	0.00716	0.00237	0.00542	0.00824	0.00707	0.01078
3	0.01396	0.01320	0.02234	0.60537	0.17458	0.01571	0.01977	0.01851	0.01432	0.01878	0.01254	0.01835	0.00964	0.00683	0.00696	0.00228	0.00911	0.00620	0.00317	0.00838
4	0.02095	0.02347	0.02419	0.03117	0.39220	0.31291	0.01764	0.02481	0.04833	0.02070	0.01284	0.01571	0.01065	0.00677	0.00666	0.00197	0.00996	0.00557	0.00368	0.00982
5	0.01447	0.01240	0.01447	0.01034	0.01654	0.00930	0.00827	0.01757	0.01447	0.02274	0.01240	0.01447	0.01034	0.00517	0.00517	0.00103	0.00517	0.00413	0.00413	0.79742
6	0.01313	0.00978	0.01307	0.01214	0.01421	0.01119	0.00959	0.14133	0.01533	0.02150	0.01832	0.02538	0.01638	0.04395	0.58972	0.00947	0.01659	0.00725	0.00436	0.00731
7	0.01237	0.01320	0.07401	0.01643	0.02053	0.01097	0.23208	0.01688	0.01829	0.02568	0.42577	0.03829	0.04327	0.01092	0.00811	0.00225	0.00662	0.01060	0.00595	0.00780
8	0.01572	0.01377	0.02093	0.60026	0.04302	0.01667	0.01821	0.14567	0.01755	0.02282	0.01323	0.01825	0.00979	0.00724	0.00698	0.00228	0.00899	0.00622	0.00384	0.00854
9	0.00999	0.00858	0.00873	0.00843	0.01109	0.00808	0.00640	0.01518	0.14615	0.02082	0.06262	0.05931	0.57732	0.01611	0.00803	0.00236	0.00391	0.01342	0.00660	0.00687
10	0.01647	0.01882	0.04118	0.02941	0.03647	0.01765	0.68588	0.02235	0.01647	0.02235	0.01412	0.01882	0.01059	0.00588	0.00824	0.00235	0.01176	0.00824	0.00353	0.00941
11	0.01447	0.01240	0.01447	0.01034	0.01654	0.00930	0.00827	0.01757	0.01447	0.02274	0.01240	0.01447	0.01034	0.00517	0.00517	0.00103	0.00517	0.00413	0.00413	0.79742
12	0.01147	0.15106	0.01416	0.00921	0.01209	0.01106	0.00755	0.01503	0.05972	0.02234	0.28232	0.04887	0.28449	0.01376	0.00749	0.00216	0.00440	0.02947	0.00628	0.00706
13	0.01430	0.01173	0.01439	0.01089	0.01608	0.00956	0.02767	0.01855	0.05855	0.04351	0.14649	0.02276	0.02181	0.00729	0.00601	0.00141	0.00504	0.00619	0.00511	0.55266
14	0.01761	0.02398	0.21072	0.03150	0.39135	0.11392	0.02084	0.02346	0.05888	0.02223	0.01360	0.01650	0.01082	0.00666	0.00676	0.00209	0.00925	0.00580	0.00357	0.01045
15	0.01905	0.01677	0.09404	0.01878	0.04606	0.01354	0.21180	0.02484	0.07690	0.18112	0.01847	0.03747	0.01373	0.00715	0.00697	0.00200	0.00792	0.00690	0.00516	0.19134
16	0.02400	0.11684	0.02209	0.01643	0.04379	0.16383	0.01300	0.33269	0.11926	0.05554	0.01651	0.01674	0.01238	0.00791	0.00653	0.00200	0.00830	0.00584	0.00574	0.01059
17	0.01922	0.28724	0.04325	0.15209	0.02469	0.13694	0.01369	0.04658	0.11702	0.05152	0.01435	0.01597	0.01136	0.00707	0.00592	0.00189	0.00831	0.00522	0.00414	0.03352
18	0.04510	0.03725	0.07212	0.01544	0.04298	0.15072	0.01257	0.04841	0.26229	0.06851	0.02317	0.02620	0.04509	0.00928	0.00687	0.00217	0.00745	0.05975	0.00561	0.05901
19	0.03312	0.01979	0.26833	0.01723	0.09614	0.01257	0.01587	0.01940	0.01605	0.09895	0.12352	0.03126	0.15154	0.01034	0.00820	0.00227	0.05304	0.00839	0.00501	0.00896
20	0.01917	0.03711	0.01544	0.01318	0.04712	0.03495	0.03086	0.04003	0.10941	0.24109	0.12030	0.05949	0.15548	0.01120	0.00735	0.00218	0.00560	0.00947	0.00689	0.03366

[dist]
# distance from previous block
# <min> <max>
0	11

# created by:
# /st0/software/busco_prod/Augustus/scripts/msa2prfl.pl ./align_prep/159280.fa
