[name]
unknown

[dist]
# distance from previous block
# <min> <max>
0	29

[block]
# block no. 0 follows, 27 sequences, length 6
# corresponding to MSA columns:
# 29-34
name=unknown_A
#
# <colnr> <probs for GDERKNQSTAVLIFYWHMCP>
#	G	D	E	R	K	N	Q	S	T	A	V	L	I	F	Y	W	H	M	C	P
0	0.01250	0.00951	0.01332	0.01440	0.01590	0.01033	0.01250	0.01569	0.01637	0.02167	0.03559	0.07526	0.03858	0.01956	0.01203	0.00340	0.09713	0.56288	0.00639	0.00700
1	0.21992	0.01350	0.01734	0.10244	0.02257	0.01394	0.05381	0.02804	0.07792	0.29068	0.02241	0.07079	0.01676	0.00926	0.00696	0.00240	0.00684	0.00760	0.00661	0.01020
2	0.01631	0.05189	0.08339	0.02479	0.03020	0.01863	0.37768	0.02117	0.01604	0.02238	0.05862	0.05409	0.01631	0.00913	0.01181	0.00262	0.16297	0.00870	0.00401	0.00928
3	0.01164	0.00774	0.00981	0.00946	0.01131	0.00703	0.00696	0.01436	0.01891	0.07283	0.42370	0.16330	0.14740	0.04960	0.01011	0.00269	0.00403	0.01442	0.00769	0.00703
4	0.01009	0.00746	0.00952	0.01043	0.01158	0.00715	0.00743	0.01320	0.05560	0.02233	0.18570	0.46385	0.08988	0.02026	0.00921	0.00283	0.00434	0.05529	0.00721	0.00665
5	0.02353	0.02602	0.02064	0.16747	0.02816	0.38365	0.01510	0.13027	0.05347	0.02368	0.01684	0.01895	0.04351	0.00846	0.00711	0.00214	0.01097	0.00617	0.00462	0.00922

[dist]
# distance from previous block
# <min> <max>
0	2

[block]
# block no. 1 follows, 27 sequences, length 6
# corresponding to MSA columns:
# 37-42
name=unknown_B
#
# <colnr> <probs for GDERKNQSTAVLIFYWHMCP>
#	G	D	E	R	K	N	Q	S	T	A	V	L	I	F	Y	W	H	M	C	P
0	0.01006	0.00778	0.01023	0.07393	0.01484	0.00778	0.00829	0.01299	0.05681	0.01984	0.04161	0.55104	0.11586	0.02050	0.00909	0.00288	0.00485	0.01839	0.00661	0.00662
1	0.11620	0.02132	0.01967	0.12968	0.02572	0.23387	0.05001	0.08495	0.10919	0.05871	0.02032	0.02166	0.06003	0.00875	0.00704	0.00225	0.00932	0.00677	0.00515	0.00939
2	0.01801	0.01385	0.01602	0.05621	0.01926	0.04046	0.01059	0.12076	0.01944	0.08621	0.08532	0.10676	0.04360	0.01032	0.00782	0.00198	0.03657	0.00845	0.00589	0.29247
3	0.06422	0.01290	0.01463	0.01150	0.01671	0.01125	0.00906	0.10051	0.01785	0.05389	0.02170	0.12698	0.05286	0.00954	0.00654	0.00173	0.00562	0.00790	0.00550	0.44912
4	0.13273	0.01756	0.01832	0.04984	0.02110	0.07994	0.03532	0.18680	0.10567	0.03097	0.04494	0.02171	0.04866	0.00891	0.00773	0.00217	0.04527	0.00676	0.00568	0.12992
5	0.01909	0.01546	0.01887	0.04696	0.02136	0.01500	0.05578	0.22761	0.05534	0.03129	0.02169	0.02286	0.07315	0.00829	0.00681	0.00185	0.00681	0.00685	0.03926	0.30568

[dist]
# distance from previous block
# <min> <max>
9	25

[block]
# block no. 2 follows, 27 sequences, length 27
# corresponding to MSA columns:
# 68-94
name=unknown_C
#
# <colnr> <probs for GDERKNQSTAVLIFYWHMCP>
#	G	D	E	R	K	N	Q	S	T	A	V	L	I	F	Y	W	H	M	C	P
0	0.01993	0.01552	0.02020	0.08049	0.02340	0.01659	0.05972	0.19444	0.09871	0.07967	0.04370	0.06513	0.01864	0.01013	0.00920	0.00234	0.07827	0.03179	0.00604	0.12609
1	0.04660	0.12259	0.10212	0.06346	0.04767	0.06691	0.11257	0.08531	0.03779	0.02411	0.01922	0.15579	0.01829	0.01021	0.00733	0.00228	0.00855	0.00894	0.00473	0.05552
2	0.02212	0.13889	0.10917	0.06476	0.02469	0.13987	0.01576	0.20384	0.12637	0.02869	0.01627	0.01748	0.01248	0.00831	0.00757	0.00219	0.03974	0.00603	0.00516	0.01061
3	0.07649	0.04148	0.01735	0.06901	0.02015	0.01566	0.01151	0.14204	0.11809	0.09379	0.10488	0.05120	0.05591	0.01044	0.00843	0.00229	0.05677	0.00824	0.00636	0.08991
4	0.05482	0.04205	0.06375	0.08482	0.07430	0.15202	0.03333	0.12416	0.08678	0.08478	0.01730	0.04511	0.01379	0.00910	0.00887	0.00235	0.08048	0.00686	0.00519	0.01013
5	0.01955	0.02017	0.02854	0.09539	0.07043	0.12269	0.22445	0.09898	0.05754	0.02465	0.01500	0.01889	0.01185	0.00996	0.03918	0.00279	0.09197	0.00711	0.00434	0.03652
6	0.02251	0.04796	0.04566	0.04698	0.12360	0.14995	0.01500	0.27439	0.02518	0.03229	0.12206	0.02282	0.02071	0.00910	0.00738	0.00217	0.00867	0.00724	0.00583	0.01050
7	0.01215	0.00671	0.00912	0.00912	0.00912	0.00671	0.00576	0.01007	0.01007	0.01342	0.01660	0.03176	0.01787	0.27775	0.03211	0.50962	0.00671	0.00798	0.00367	0.00367
8	0.02476	0.01743	0.01898	0.05813	0.02216	0.05494	0.01278	0.27850	0.17471	0.16728	0.05210	0.02472	0.04012	0.00965	0.00752	0.00232	0.00733	0.00769	0.00737	0.01151
9	0.02141	0.01493	0.01731	0.05565	0.02010	0.01609	0.01172	0.35677	0.02532	0.08602	0.02449	0.19542	0.02290	0.05933	0.03443	0.00309	0.00754	0.01055	0.00689	0.01005
10	0.00984	0.00753	0.01078	0.12331	0.01718	0.00769	0.00907	0.01171	0.01431	0.01895	0.03651	0.62072	0.04287	0.02074	0.00915	0.00293	0.00520	0.01880	0.00632	0.00638
11	0.01614	0.01610	0.02931	0.02256	0.02746	0.01623	0.34478	0.04939	0.12258	0.02488	0.05087	0.15709	0.02268	0.01095	0.00956	0.00263	0.05112	0.01101	0.00526	0.00941
12	0.01688	0.01552	0.02401	0.05837	0.05641	0.01780	0.14323	0.11338	0.04360	0.02415	0.01841	0.11909	0.01753	0.04026	0.04292	0.00330	0.22209	0.00930	0.00473	0.00900
13	0.01852	0.05895	0.07907	0.05440	0.19918	0.09325	0.06314	0.09964	0.05786	0.02507	0.02446	0.02626	0.11950	0.00943	0.00816	0.00230	0.03810	0.00788	0.00478	0.01003
14	0.01054	0.00797	0.00991	0.01109	0.01212	0.00801	0.00766	0.01496	0.11992	0.02087	0.03922	0.62198	0.04490	0.02116	0.00917	0.00294	0.00456	0.01908	0.00700	0.00694
15	0.01767	0.01741	0.02913	0.09326	0.48710	0.03811	0.08286	0.02199	0.01636	0.02289	0.01407	0.01902	0.01180	0.00986	0.04945	0.00287	0.04492	0.00684	0.00365	0.01074
16	0.01964	0.01252	0.01312	0.01102	0.01445	0.01342	0.00879	0.28003	0.02337	0.03539	0.02164	0.02370	0.01644	0.00876	0.00609	0.00193	0.00536	0.00682	0.46827	0.00922
17	0.02325	0.08789	0.02439	0.06815	0.16850	0.39532	0.01634	0.02703	0.05714	0.02021	0.01305	0.01567	0.01082	0.00763	0.00739	0.00207	0.03626	0.00549	0.00390	0.00951
18	0.57946	0.01437	0.01288	0.01085	0.01581	0.01572	0.00894	0.06177	0.01558	0.15200	0.01427	0.01489	0.01027	0.00736	0.00531	0.00224	0.00598	0.00480	0.00557	0.04194
19	0.01437	0.01355	0.02289	0.66762	0.10206	0.01658	0.02079	0.01927	0.01501	0.01939	0.01326	0.01968	0.01004	0.00736	0.00742	0.00245	0.00981	0.00660	0.00333	0.00853
20	0.01066	0.00725	0.00823	0.00818	0.00847	0.00713	0.00479	0.01108	0.01205	0.01610	0.08660	0.05044	0.06659	0.63459	0.03359	0.00650	0.00668	0.01130	0.00496	0.00482
21	0.02338	0.01722	0.01880	0.01514	0.01982	0.01896	0.01221	0.46604	0.07804	0.03978	0.05978	0.05870	0.01962	0.03597	0.04631	0.00296	0.00793	0.00814	0.04015	0.01107
22	0.01384	0.00692	0.00692	0.00692	0.00865	0.00692	0.00519	0.01730	0.01557	0.02768	0.02422	0.02768	0.01903	0.00865	0.00519	0.00173	0.00346	0.00692	0.78031	0.00692
23	0.00913	0.00655	0.00853	0.01007	0.01058	0.00611	0.00669	0.01038	0.01415	0.01874	0.04157	0.66219	0.07899	0.06461	0.01109	0.00323	0.00445	0.02024	0.00675	0.00595
24	0.01080	0.00720	0.00810	0.00810	0.00810	0.00720	0.00450	0.01080	0.01080	0.01439	0.02339	0.04858	0.02699	0.73910	0.03779	0.00720	0.00720	0.01080	0.00450	0.00450
25	0.02822	0.02079	0.02228	0.01708	0.02302	0.02302	0.01411	0.66804	0.03490	0.04679	0.01782	0.01782	0.01262	0.00891	0.00743	0.00223	0.00817	0.00668	0.00743	0.01262
26	0.26493	0.33839	0.02713	0.01406	0.01921	0.10578	0.04957	0.02280	0.01492	0.02296	0.01070	0.01289	0.00917	0.00710	0.00645	0.00201	0.05478	0.00453	0.00374	0.00888

[dist]
# distance from previous block
# <min> <max>
1	4

[block]
# block no. 3 follows, 27 sequences, length 36
# corresponding to MSA columns:
# 99-134
name=unknown_D
#
# <colnr> <probs for GDERKNQSTAVLIFYWHMCP>
#	G	D	E	R	K	N	Q	S	T	A	V	L	I	F	Y	W	H	M	C	P
0	0.01627	0.01571	0.02569	0.51328	0.07621	0.04073	0.11291	0.06945	0.01706	0.02199	0.01379	0.01939	0.01038	0.00734	0.00759	0.00243	0.01021	0.00686	0.00371	0.00901
1	0.01698	0.01684	0.05450	0.32535	0.35760	0.01746	0.02156	0.05903	0.01705	0.02333	0.01384	0.01882	0.01093	0.00711	0.00737	0.00232	0.00932	0.00656	0.00371	0.01031
2	0.01624	0.02915	0.37416	0.02702	0.07376	0.01793	0.30629	0.02359	0.01655	0.02367	0.01410	0.01773	0.01036	0.00668	0.00782	0.00241	0.01152	0.00698	0.00344	0.01060
3	0.01648	0.26390	0.48903	0.01845	0.02795	0.02112	0.02272	0.02310	0.01548	0.02158	0.01236	0.01447	0.00944	0.00683	0.00632	0.00211	0.01000	0.00500	0.00315	0.01051
4	0.01698	0.02384	0.18013	0.02919	0.03741	0.01846	0.53333	0.02372	0.01714	0.02372	0.01467	0.01912	0.01088	0.00642	0.00841	0.00247	0.01220	0.00808	0.00363	0.01021
5	0.03331	0.01263	0.01723	0.01321	0.01895	0.01091	0.01091	0.03618	0.02125	0.69794	0.02929	0.02527	0.01838	0.00919	0.00747	0.00230	0.00632	0.00747	0.00919	0.01263
6	0.01427	0.01346	0.02273	0.68167	0.08873	0.01656	0.02074	0.01919	0.01496	0.01928	0.01324	0.01971	0.01001	0.00737	0.00742	0.00246	0.00983	0.00660	0.00332	0.00845
7	0.01837	0.01764	0.03013	0.04557	0.69279	0.01764	0.02278	0.02278	0.01690	0.02425	0.01396	0.01837	0.01176	0.00661	0.00735	0.00220	0.00882	0.00661	0.00367	0.01176
8	0.03287	0.01333	0.01766	0.01354	0.01930	0.01194	0.01118	0.09006	0.02241	0.64241	0.02831	0.02463	0.01789	0.00916	0.00746	0.00229	0.00647	0.00740	0.00904	0.01263
9	0.00904	0.00646	0.00861	0.01034	0.01077	0.00603	0.00689	0.01034	0.01421	0.01895	0.04092	0.73426	0.04910	0.02326	0.00948	0.00301	0.00431	0.02110	0.00689	0.00603
10	0.01489	0.03840	0.70064	0.02116	0.03213	0.01724	0.02743	0.02351	0.01567	0.02351	0.01332	0.01567	0.00940	0.00705	0.00705	0.00235	0.01097	0.00549	0.00313	0.01097
11	0.20731	0.01928	0.01961	0.01536	0.02099	0.02153	0.01269	0.51642	0.02968	0.04362	0.01607	0.01647	0.01155	0.00844	0.00676	0.00224	0.00760	0.00606	0.00676	0.01155
12	0.03331	0.01263	0.01723	0.01321	0.01895	0.01091	0.01091	0.03618	0.02125	0.69794	0.02929	0.02527	0.01838	0.00919	0.00747	0.00230	0.00632	0.00747	0.00919	0.01263
13	0.00904	0.00646	0.00861	0.01034	0.01077	0.00603	0.00689	0.01034	0.01421	0.01895	0.04092	0.73426	0.04910	0.02326	0.00948	0.00301	0.00431	0.02110	0.00689	0.00603
14	0.70179	0.01511	0.01225	0.01062	0.01538	0.01740	0.00875	0.09781	0.01525	0.03489	0.01122	0.01274	0.00858	0.00713	0.00493	0.00229	0.00603	0.00433	0.00493	0.00858
15	0.75196	0.01558	0.04606	0.01034	0.01526	0.01668	0.00903	0.02191	0.01279	0.03281	0.01049	0.01224	0.00811	0.00690	0.00472	0.00230	0.00601	0.00409	0.00452	0.00819
16	0.01896	0.01874	0.02957	0.04392	0.65112	0.06067	0.02226	0.02321	0.01716	0.02387	0.01381	0.01806	0.01162	0.00668	0.00731	0.00219	0.00910	0.00650	0.00368	0.01156
17	0.01803	0.01729	0.02952	0.09824	0.64277	0.01755	0.02261	0.02249	0.01674	0.02384	0.01390	0.01848	0.01161	0.00668	0.00736	0.00223	0.00890	0.00661	0.00365	0.01149
18	0.02259	0.10272	0.06343	0.01660	0.02134	0.28489	0.01389	0.12819	0.13919	0.02553	0.02078	0.02379	0.05002	0.00944	0.00709	0.00218	0.00961	0.04364	0.00528	0.00981
19	0.01511	0.03711	0.65892	0.02268	0.07323	0.01727	0.02714	0.02346	0.01575	0.02356	0.01336	0.01584	0.00955	0.00703	0.00707	0.00234	0.01084	0.00556	0.00317	0.01102
20	0.01078	0.00726	0.00843	0.00843	0.00854	0.00738	0.00491	0.01101	0.01089	0.01464	0.02309	0.04690	0.02626	0.67980	0.09609	0.00761	0.00830	0.01055	0.00445	0.00468
21	0.01565	0.14606	0.59961	0.01987	0.03013	0.01909	0.02518	0.02331	0.01558	0.02259	0.01286	0.01510	0.00942	0.00695	0.00670	0.00223	0.01051	0.00525	0.00314	0.01075
22	0.01837	0.01764	0.03013	0.04557	0.69279	0.01764	0.02278	0.02278	0.01690	0.02425	0.01396	0.01837	0.01176	0.00661	0.00735	0.00220	0.00882	0.00661	0.00367	0.01176
23	0.01289	0.00645	0.00967	0.00967	0.00967	0.00645	0.00645	0.00967	0.00967	0.01289	0.01289	0.02257	0.01289	0.02579	0.02901	0.78401	0.00645	0.00645	0.00322	0.00322
24	0.05910	0.41820	0.03025	0.01521	0.02044	0.30850	0.01316	0.02526	0.01742	0.01849	0.01080	0.01252	0.00947	0.00691	0.00555	0.00175	0.01008	0.00431	0.00351	0.00908
25	0.01844	0.02035	0.09331	0.04214	0.60208	0.04660	0.02287	0.02314	0.01696	0.02393	0.01380	0.01791	0.01144	0.00670	0.00729	0.00221	0.00921	0.00643	0.00363	0.01155
26	0.01489	0.03840	0.70064	0.02116	0.03213	0.01724	0.02743	0.02351	0.01567	0.02351	0.01332	0.01567	0.00940	0.00705	0.00705	0.00235	0.01097	0.00549	0.00313	0.01097
27	0.00894	0.00757	0.00775	0.00784	0.01031	0.00639	0.00597	0.01090	0.01693	0.02017	0.07332	0.07209	0.65581	0.01889	0.00885	0.00255	0.00392	0.04860	0.00689	0.00630
28	0.01834	0.01773	0.03067	0.04500	0.66690	0.01768	0.04824	0.02282	0.01693	0.02423	0.01401	0.01844	0.01174	0.00660	0.00741	0.00222	0.00897	0.00670	0.00368	0.01169
29	0.01649	0.01585	0.02737	0.33142	0.39350	0.01720	0.04868	0.02121	0.01606	0.02199	0.01368	0.01904	0.01095	0.00694	0.00744	0.00233	0.00943	0.00670	0.00352	0.01020
30	0.01420	0.01337	0.02258	0.69399	0.07703	0.01654	0.02070	0.01912	0.01493	0.01918	0.01323	0.01973	0.00997	0.00739	0.00742	0.00246	0.00985	0.00660	0.00331	0.00839
31	0.01489	0.03840	0.70064	0.02116	0.03213	0.01724	0.02743	0.02351	0.01567	0.02351	0.01332	0.01567	0.00940	0.00705	0.00705	0.00235	0.01097	0.00549	0.00313	0.01097
32	0.01547	0.03764	0.67126	0.02098	0.03174	0.01749	0.02685	0.05142	0.01651	0.02452	0.01352	0.01577	0.00954	0.00713	0.00707	0.00235	0.01085	0.00554	0.00332	0.01104
33	0.02359	0.01169	0.01494	0.01244	0.01647	0.01100	0.00985	0.11807	0.02205	0.34604	0.17845	0.14299	0.03407	0.01272	0.00807	0.00241	0.00563	0.01085	0.00834	0.01032
34	0.79154	0.01436	0.01091	0.00976	0.01436	0.01665	0.00804	0.02182	0.01263	0.03331	0.01034	0.01206	0.00804	0.00689	0.00459	0.00230	0.00574	0.00402	0.00459	0.00804
35	0.79154	0.01436	0.01091	0.00976	0.01436	0.01665	0.00804	0.02182	0.01263	0.03331	0.01034	0.01206	0.00804	0.00689	0.00459	0.00230	0.00574	0.00402	0.00459	0.00804

[dist]
# distance from previous block
# <min> <max>
2	8

[block]
# block no. 4 follows, 27 sequences, length 6
# corresponding to MSA columns:
# 143-148
name=unknown_E
#
# <colnr> <probs for GDERKNQSTAVLIFYWHMCP>
#	G	D	E	R	K	N	Q	S	T	A	V	L	I	F	Y	W	H	M	C	P
0	0.24209	0.01541	0.01702	0.05673	0.02055	0.01655	0.01160	0.22702	0.02213	0.22468	0.01882	0.01914	0.01317	0.01120	0.04964	0.00288	0.00778	0.00623	0.00667	0.01070
1	0.79154	0.01436	0.01091	0.00976	0.01436	0.01665	0.00804	0.02182	0.01263	0.03331	0.01034	0.01206	0.00804	0.00689	0.00459	0.00230	0.00574	0.00402	0.00459	0.00804
2	0.70323	0.01422	0.01220	0.09057	0.01853	0.01664	0.00947	0.02150	0.01288	0.03168	0.01066	0.01294	0.00825	0.00695	0.00492	0.00232	0.00621	0.00431	0.00445	0.00806
3	0.79154	0.01436	0.01091	0.00976	0.01436	0.01665	0.00804	0.02182	0.01263	0.03331	0.01034	0.01206	0.00804	0.00689	0.00459	0.00230	0.00574	0.00402	0.00459	0.00804
4	0.79154	0.01436	0.01091	0.00976	0.01436	0.01665	0.00804	0.02182	0.01263	0.03331	0.01034	0.01206	0.00804	0.00689	0.00459	0.00230	0.00574	0.00402	0.00459	0.00804
5	0.01289	0.00645	0.00967	0.00967	0.00967	0.00645	0.00645	0.00967	0.00967	0.01289	0.01289	0.02257	0.01289	0.02579	0.02901	0.78401	0.00645	0.00645	0.00322	0.00322

[dist]
# distance from previous block
# <min> <max>
9	12

[block]
# block no. 5 follows, 27 sequences, length 59
# corresponding to MSA columns:
# 161-219
name=unknown_F
#
# <colnr> <probs for GDERKNQSTAVLIFYWHMCP>
#	G	D	E	R	K	N	Q	S	T	A	V	L	I	F	Y	W	H	M	C	P
0	0.14652	0.57036	0.08417	0.01286	0.01927	0.02637	0.01304	0.02226	0.01473	0.02053	0.01055	0.01222	0.00927	0.00649	0.00491	0.00176	0.00781	0.00409	0.00341	0.00939
1	0.01953	0.04768	0.02345	0.03981	0.02192	0.21330	0.03479	0.02150	0.01447	0.01814	0.01050	0.01551	0.00974	0.01091	0.01780	0.00277	0.46039	0.00600	0.00342	0.00837
2	0.01078	0.00726	0.00839	0.00839	0.00849	0.00736	0.00486	0.01098	0.01088	0.01461	0.02312	0.04710	0.02634	0.68682	0.08918	0.00756	0.00817	0.01058	0.00446	0.00466
3	0.01289	0.00645	0.00967	0.00967	0.00967	0.00645	0.00645	0.00967	0.00967	0.01289	0.01289	0.02257	0.01289	0.02579	0.02901	0.78401	0.00645	0.00645	0.00322	0.00322
4	0.01839	0.01990	0.03433	0.04732	0.08100	0.07570	0.37758	0.04717	0.01727	0.02321	0.01378	0.01837	0.01092	0.00750	0.01054	0.00244	0.11988	0.00749	0.00385	0.06335
5	0.01489	0.03840	0.70064	0.02116	0.03213	0.01724	0.02743	0.02351	0.01567	0.02351	0.01332	0.01567	0.00940	0.00705	0.00705	0.00235	0.01097	0.00549	0.00313	0.01097
6	0.03251	0.01314	0.01745	0.01346	0.01916	0.01177	0.01109	0.06597	0.04675	0.64217	0.02878	0.02501	0.01827	0.00921	0.00747	0.00230	0.00639	0.00746	0.00904	0.01260
7	0.01765	0.01965	0.04168	0.03351	0.14050	0.01860	0.56583	0.02362	0.01743	0.02385	0.01485	0.01977	0.01134	0.00631	0.00854	0.00246	0.01194	0.00843	0.00374	0.01028
8	0.01752	0.02003	0.04380	0.03129	0.03880	0.01877	0.66583	0.02378	0.01752	0.02378	0.01502	0.02003	0.01126	0.00626	0.00876	0.00250	0.01252	0.00876	0.00375	0.01001
9	0.02089	0.01168	0.01385	0.01182	0.01596	0.01127	0.00936	0.02822	0.19022	0.28562	0.09208	0.04108	0.21106	0.01256	0.00795	0.00242	0.00528	0.01045	0.00805	0.01020
10	0.11082	0.01803	0.01918	0.01526	0.02066	0.01978	0.01247	0.40803	0.13298	0.11450	0.02186	0.02109	0.03336	0.00918	0.00718	0.00230	0.00721	0.00700	0.00732	0.01180
11	0.00915	0.00660	0.00848	0.00994	0.01051	0.00613	0.00661	0.01040	0.01420	0.01872	0.04257	0.62917	0.10173	0.07404	0.01144	0.00327	0.00447	0.01991	0.00672	0.00594
12	0.02615	0.01423	0.01701	0.01412	0.01912	0.01456	0.01132	0.03776	0.33873	0.37623	0.02974	0.02644	0.02044	0.00961	0.00751	0.00240	0.00610	0.00791	0.00840	0.01221
13	0.00942	0.00719	0.00866	0.00905	0.01062	0.00642	0.00650	0.01163	0.01733	0.02281	0.26089	0.28902	0.27534	0.01913	0.00900	0.00262	0.00386	0.01677	0.00730	0.00642
14	0.00929	0.00658	0.00861	0.01006	0.01050	0.00619	0.00664	0.01053	0.01411	0.01888	0.06398	0.63557	0.04756	0.09873	0.01244	0.00343	0.00458	0.01972	0.00669	0.00591
15	0.55943	0.01345	0.01228	0.01052	0.01516	0.01461	0.00862	0.02451	0.01523	0.18489	0.06581	0.01835	0.01508	0.00804	0.00556	0.00230	0.00571	0.00552	0.00591	0.00901
16	0.00883	0.00731	0.00774	0.00809	0.01018	0.00622	0.00589	0.01059	0.01638	0.01983	0.06832	0.20453	0.56114	0.01970	0.00891	0.00261	0.00387	0.01676	0.00689	0.00622
17	0.01110	0.00762	0.00903	0.00908	0.01103	0.00673	0.00659	0.01314	0.01707	0.07250	0.17743	0.24288	0.32442	0.04465	0.00991	0.00277	0.00418	0.01591	0.00722	0.00676
18	0.01342	0.00808	0.01031	0.00983	0.01192	0.00729	0.00726	0.01594	0.01847	0.12708	0.32489	0.20327	0.14490	0.05067	0.01009	0.00273	0.00432	0.01442	0.00769	0.00742
19	0.01127	0.00815	0.01103	0.01210	0.01381	0.00791	0.01015	0.01449	0.01782	0.02363	0.19014	0.11096	0.09144	0.01932	0.00977	0.00309	0.00574	0.42523	0.00715	0.00679
20	0.01121	0.00852	0.01212	0.01199	0.01347	0.00987	0.00924	0.01512	0.06219	0.01814	0.02083	0.02997	0.01926	0.08433	0.62521	0.01100	0.01823	0.00812	0.00427	0.00691
21	0.00972	0.00695	0.00939	0.01111	0.01184	0.00661	0.00807	0.01151	0.01488	0.01971	0.04054	0.58296	0.04762	0.02262	0.00966	0.00311	0.00490	0.16570	0.00688	0.00622
22	0.00917	0.00729	0.00823	0.00852	0.01040	0.00635	0.00619	0.01122	0.01707	0.02165	0.18400	0.22142	0.42401	0.01914	0.00893	0.00259	0.00384	0.01650	0.00714	0.00635
23	0.01121	0.00776	0.00966	0.00920	0.01124	0.00697	0.00689	0.01413	0.01957	0.06214	0.46360	0.10871	0.20859	0.01630	0.00875	0.00242	0.00377	0.01421	0.00783	0.00706
24	0.03137	0.01270	0.01693	0.01321	0.01870	0.01134	0.01083	0.03563	0.07097	0.62357	0.05303	0.02653	0.02055	0.00947	0.00752	0.00232	0.00618	0.00775	0.00903	0.01237
25	0.01837	0.01764	0.03013	0.04557	0.69279	0.01764	0.02278	0.02278	0.01690	0.02425	0.01396	0.01837	0.01176	0.00661	0.00735	0.00220	0.00882	0.00661	0.00367	0.01176
26	0.79154	0.01436	0.01091	0.00976	0.01436	0.01665	0.00804	0.02182	0.01263	0.03331	0.01034	0.01206	0.00804	0.00689	0.00459	0.00230	0.00574	0.00402	0.00459	0.00804
27	0.05366	0.34946	0.37519	0.01688	0.02550	0.02258	0.02000	0.02286	0.01527	0.02130	0.01185	0.01384	0.00939	0.00673	0.00592	0.00201	0.00938	0.00475	0.00322	0.01019
28	0.01008	0.00725	0.00957	0.00984	0.01115	0.00674	0.00716	0.01285	0.01860	0.02588	0.44806	0.28177	0.06201	0.01807	0.00905	0.00260	0.00390	0.04102	0.00769	0.00667
29	0.01080	0.00782	0.01036	0.01175	0.01312	0.00758	0.00946	0.01328	0.01592	0.02061	0.04270	0.23716	0.11799	0.07300	0.01189	0.00349	0.00589	0.37409	0.00669	0.00641
30	0.01296	0.00748	0.00992	0.01062	0.01184	0.00688	0.00734	0.01440	0.01505	0.12458	0.03778	0.57191	0.04264	0.07502	0.01130	0.00322	0.00484	0.01820	0.00707	0.00695
31	0.03331	0.01263	0.01723	0.01321	0.01895	0.01091	0.01091	0.03618	0.02125	0.69794	0.02929	0.02527	0.01838	0.00919	0.00747	0.00230	0.00632	0.00747	0.00919	0.01263
32	0.01044	0.00752	0.00951	0.00926	0.01074	0.00702	0.00674	0.01319	0.01868	0.02590	0.48516	0.08297	0.10610	0.12899	0.01339	0.00318	0.00429	0.04303	0.00739	0.00651
33	0.01017	0.00796	0.00898	0.00867	0.01070	0.00730	0.00634	0.01345	0.05287	0.02363	0.29672	0.06052	0.34658	0.09929	0.01202	0.00298	0.00417	0.01389	0.00713	0.00663
34	0.00979	0.00700	0.00817	0.00877	0.00941	0.00661	0.00556	0.01061	0.01319	0.01710	0.03964	0.29358	0.16390	0.34761	0.02220	0.00482	0.00551	0.01536	0.00580	0.00538
35	0.02773	0.03538	0.02104	0.01913	0.02295	0.70930	0.01434	0.02964	0.02104	0.01817	0.01148	0.01339	0.00956	0.00765	0.00669	0.00191	0.01339	0.00478	0.00383	0.00861
36	0.01676	0.01315	0.01553	0.01116	0.01770	0.00997	0.00896	0.02003	0.01584	0.07573	0.01443	0.01615	0.01156	0.00578	0.00565	0.00119	0.00556	0.00463	0.00476	0.72544
37	0.01053	0.00757	0.00967	0.01086	0.01172	0.00735	0.00745	0.06139	0.01582	0.02111	0.03912	0.67865	0.04627	0.02214	0.00932	0.00295	0.00461	0.01998	0.00693	0.00654
38	0.00904	0.00646	0.00861	0.01034	0.01077	0.00603	0.00689	0.01034	0.01421	0.01895	0.04092	0.73426	0.04910	0.02326	0.00948	0.00301	0.00431	0.02110	0.00689	0.00603
39	0.01411	0.01176	0.01321	0.01242	0.01410	0.06441	0.00926	0.06541	0.06510	0.01988	0.02038	0.03152	0.01958	0.22062	0.34781	0.00814	0.04223	0.00833	0.00461	0.00713
40	0.02915	0.01277	0.01647	0.01314	0.01819	0.01188	0.01057	0.03481	0.12938	0.53604	0.02900	0.02743	0.01973	0.06435	0.00977	0.00270	0.00631	0.00787	0.00856	0.01187
41	0.00902	0.00654	0.00853	0.01012	0.01071	0.00605	0.00680	0.01036	0.01442	0.01904	0.04354	0.68356	0.09811	0.02292	0.00942	0.00298	0.00427	0.02069	0.00689	0.00605
42	0.01402	0.01319	0.02227	0.72126	0.05113	0.01649	0.02062	0.01897	0.01484	0.01897	0.01319	0.01979	0.00990	0.00742	0.00742	0.00247	0.00990	0.00660	0.00330	0.00825
43	0.57809	0.01394	0.01240	0.01064	0.01527	0.01540	0.00872	0.05768	0.01574	0.13470	0.06385	0.01758	0.01444	0.00796	0.00549	0.00230	0.00579	0.00538	0.00571	0.00890
44	0.01962	0.01365	0.01563	0.01350	0.01782	0.01426	0.01066	0.03238	0.37459	0.15462	0.11660	0.03179	0.02774	0.01051	0.00759	0.00234	0.00564	0.03245	0.00759	0.09103
45	0.01435	0.01353	0.02287	0.66957	0.10021	0.01658	0.02078	0.01926	0.01500	0.01937	0.01325	0.01968	0.01004	0.00736	0.00742	0.00245	0.00981	0.00660	0.00333	0.00852
46	0.02515	0.08745	0.12841	0.01897	0.02410	0.55174	0.01627	0.02815	0.01977	0.01895	0.01168	0.01364	0.00954	0.00746	0.00661	0.00196	0.01261	0.00483	0.00367	0.00904
47	0.59791	0.01469	0.01287	0.01096	0.01576	0.01645	0.00902	0.09584	0.01635	0.10969	0.03271	0.01544	0.01149	0.00761	0.00536	0.00229	0.00602	0.00498	0.00553	0.00904
48	0.00985	0.00691	0.00827	0.00902	0.00944	0.00660	0.00565	0.01058	0.01285	0.01690	0.03577	0.34952	0.09725	0.36122	0.02279	0.00495	0.00562	0.01573	0.00576	0.00533
49	0.04869	0.01669	0.01788	0.06840	0.02211	0.03922	0.01262	0.12124	0.45366	0.07755	0.02592	0.02461	0.01913	0.00947	0.00739	0.00243	0.00674	0.00770	0.00711	0.01144
50	0.01561	0.01114	0.01276	0.01140	0.01332	0.01194	0.00813	0.19868	0.01810	0.02440	0.02257	0.08760	0.02326	0.37565	0.12746	0.00618	0.00916	0.00996	0.00543	0.00725
51	0.01157	0.00803	0.00952	0.00932	0.01151	0.00724	0.00691	0.01458	0.04190	0.07498	0.24568	0.19052	0.30558	0.01754	0.00876	0.00254	0.00406	0.01517	0.00747	0.00713
52	0.02011	0.01643	0.01753	0.01526	0.01968	0.01864	0.01213	0.18421	0.47364	0.03393	0.02916	0.02968	0.04153	0.01062	0.00770	0.00250	0.00640	0.04185	0.00747	0.01153
53	0.02632	0.02023	0.02116	0.01671	0.02218	0.04656	0.01364	0.54235	0.11309	0.04268	0.01920	0.01932	0.01398	0.01081	0.03442	0.00263	0.00852	0.00688	0.00718	0.01214
54	0.01694	0.01636	0.02837	0.17396	0.43681	0.01695	0.08831	0.02210	0.04128	0.02314	0.01596	0.05713	0.01373	0.00775	0.00763	0.00234	0.00907	0.00767	0.00393	0.01058
55	0.00935	0.00738	0.00829	0.00853	0.01039	0.00650	0.00622	0.01133	0.01675	0.02115	0.16417	0.17124	0.42068	0.06734	0.01088	0.00291	0.00415	0.03955	0.00694	0.00625
56	0.01282	0.01057	0.01167	0.01252	0.01408	0.06144	0.00944	0.04629	0.06816	0.02196	0.03638	0.42882	0.04075	0.01969	0.00921	0.00296	0.00593	0.17343	0.00672	0.00718
57	0.26756	0.01554	0.02271	0.21548	0.25530	0.01709	0.06114	0.02151	0.01501	0.02573	0.01265	0.01682	0.01002	0.00690	0.00657	0.00233	0.00836	0.00592	0.00388	0.00949
58	0.05593	0.02049	0.02356	0.15075	0.29854	0.18958	0.01802	0.02448	0.06793	0.02251	0.01555	0.05141	0.01330	0.00807	0.00718	0.00224	0.00956	0.00685	0.00414	0.00992

[dist]
# distance from previous block
# <min> <max>
13	22

[block]
# block no. 6 follows, 27 sequences, length 13
# corresponding to MSA columns:
# 242-254
name=unknown_G
#
# <colnr> <probs for GDERKNQSTAVLIFYWHMCP>
#	G	D	E	R	K	N	Q	S	T	A	V	L	I	F	Y	W	H	M	C	P
0	0.02705	0.02021	0.02162	0.01684	0.02258	0.02248	0.01383	0.59264	0.11221	0.04490	0.01931	0.01901	0.01383	0.00905	0.00744	0.00226	0.00789	0.00689	0.00744	0.01252
1	0.03331	0.01263	0.01723	0.01321	0.01895	0.01091	0.01091	0.03618	0.02125	0.69794	0.02929	0.02527	0.01838	0.00919	0.00747	0.00230	0.00632	0.00747	0.00919	0.01263
2	0.01837	0.01764	0.03013	0.04557	0.69279	0.01764	0.02278	0.02278	0.01690	0.02425	0.01396	0.01837	0.01176	0.00661	0.00735	0.00220	0.00882	0.00661	0.00367	0.01176
3	0.01581	0.16910	0.57799	0.01959	0.02971	0.01949	0.02470	0.02327	0.01556	0.02239	0.01277	0.01498	0.00943	0.00692	0.00663	0.00221	0.01041	0.00520	0.00314	0.01070
4	0.02400	0.02177	0.05116	0.13667	0.06888	0.11468	0.01618	0.36622	0.06818	0.03488	0.01653	0.01811	0.01219	0.00834	0.00731	0.00225	0.00918	0.00646	0.00584	0.01117
5	0.01051	0.00759	0.00992	0.00934	0.01109	0.00700	0.00700	0.01401	0.02101	0.02977	0.68888	0.05545	0.07005	0.01518	0.00876	0.00233	0.00350	0.01343	0.00817	0.00700
6	0.01464	0.00832	0.01080	0.01043	0.01270	0.00748	0.00784	0.01707	0.01811	0.16438	0.22442	0.26976	0.13855	0.01729	0.00879	0.00262	0.00455	0.04674	0.00773	0.00776
7	0.01543	0.01415	0.02300	0.60849	0.10890	0.01706	0.02036	0.06526	0.01646	0.02143	0.01359	0.01952	0.01026	0.00745	0.00742	0.00243	0.00967	0.00661	0.00363	0.00888
8	0.01837	0.01764	0.03013	0.04557	0.69279	0.01764	0.02278	0.02278	0.01690	0.02425	0.01396	0.01837	0.01176	0.00661	0.00735	0.00220	0.00882	0.00661	0.00367	0.01176
9	0.01289	0.00645	0.00967	0.00967	0.00967	0.00645	0.00645	0.00967	0.00967	0.01289	0.01289	0.02257	0.01289	0.02579	0.02901	0.78401	0.00645	0.00645	0.00322	0.00322
10	0.70274	0.01415	0.01165	0.01017	0.01489	0.01598	0.00838	0.02350	0.01364	0.11115	0.01256	0.01361	0.00925	0.00716	0.00493	0.00230	0.00581	0.00442	0.00513	0.00858
11	0.08011	0.02036	0.02151	0.01658	0.02243	0.02259	0.01370	0.62411	0.03339	0.04587	0.01731	0.01743	0.01231	0.00877	0.00723	0.00223	0.00800	0.00650	0.00723	0.01231
12	0.05058	0.47021	0.10576	0.01502	0.02150	0.10567	0.03949	0.02439	0.01634	0.07305	0.01247	0.01387	0.01023	0.00682	0.00560	0.00183	0.00887	0.00469	0.00380	0.00978

[dist]
# distance from previous block
# <min> <max>
0	1

# created by:
# /st0/software/busco_prod/Augustus/scripts/msa2prfl.pl ./align_prep/159705.fa
