[name]
unknown

[dist]
# distance from previous block
# <min> <max>
36	63

[block]
# block no. 0 follows, 29 sequences, length 11
# corresponding to MSA columns:
# 74-84
name=unknown_A
#
# <colnr> <probs for GDERKNQSTAVLIFYWHMCP>
#	G	D	E	R	K	N	Q	S	T	A	V	L	I	F	Y	W	H	M	C	P
0	0.01575	0.01193	0.01403	0.07808	0.01818	0.03175	0.01043	0.08366	0.19160	0.06407	0.13485	0.10106	0.02926	0.01596	0.07848	0.00326	0.00712	0.04069	0.06113	0.00870
1	0.02417	0.02114	0.01891	0.01555	0.01990	0.18981	0.01229	0.40743	0.02648	0.03343	0.01637	0.01941	0.01305	0.07139	0.05013	0.00297	0.00947	0.00637	0.03171	0.01002
2	0.08524	0.01579	0.01744	0.01401	0.01836	0.01730	0.01136	0.37482	0.05547	0.09883	0.12827	0.02453	0.02193	0.03636	0.00901	0.00240	0.04414	0.00752	0.00687	0.01035
3	0.01012	0.00684	0.00830	0.00867	0.00950	0.00674	0.00585	0.01164	0.01332	0.01876	0.09257	0.22142	0.08833	0.25319	0.10339	0.00493	0.00660	0.01265	0.11159	0.00561
4	0.01180	0.00808	0.00975	0.00951	0.01039	0.00826	0.00636	0.07562	0.01407	0.01904	0.08592	0.16460	0.03034	0.36676	0.08140	0.06879	0.00712	0.01140	0.00518	0.00562
5	0.44717	0.01612	0.01391	0.01172	0.01648	0.06603	0.00946	0.12097	0.08467	0.03146	0.01334	0.01441	0.01026	0.00708	0.00535	0.00204	0.00635	0.00476	0.00502	0.11340
6	0.01339	0.01195	0.01314	0.16128	0.02054	0.06026	0.01022	0.10782	0.01835	0.02244	0.04551	0.09114	0.36891	0.01394	0.00787	0.00235	0.00611	0.01160	0.00576	0.00741
7	0.02101	0.01670	0.01977	0.13931	0.02530	0.01827	0.01361	0.35480	0.07123	0.03338	0.01584	0.01755	0.01186	0.00799	0.00776	0.00205	0.05174	0.00608	0.00565	0.16009
8	0.01146	0.00882	0.01112	0.04919	0.01419	0.00907	0.00855	0.08426	0.01675	0.02218	0.09218	0.40105	0.14170	0.01813	0.00932	0.00268	0.03948	0.04663	0.00641	0.00683
9	0.01988	0.01563	0.01614	0.01312	0.01754	0.06379	0.01044	0.31072	0.02420	0.05542	0.08789	0.08513	0.10937	0.01086	0.00724	0.00206	0.00648	0.00880	0.00646	0.12885
10	0.06696	0.01971	0.02189	0.15952	0.05045	0.18766	0.08068	0.12485	0.01823	0.02338	0.01316	0.01712	0.01063	0.01201	0.07278	0.00309	0.09892	0.00608	0.00409	0.00877

[dist]
# distance from previous block
# <min> <max>
8	31

[block]
# block no. 1 follows, 29 sequences, length 6
# corresponding to MSA columns:
# 116-121
name=unknown_B
#
# <colnr> <probs for GDERKNQSTAVLIFYWHMCP>
#	G	D	E	R	K	N	Q	S	T	A	V	L	I	F	Y	W	H	M	C	P
0	0.01532	0.01390	0.02207	0.21540	0.34833	0.01471	0.01735	0.05530	0.01639	0.02227	0.04791	0.02645	0.08123	0.06234	0.00939	0.00257	0.00790	0.00775	0.00416	0.00924
1	0.01629	0.01517	0.02463	0.35210	0.25276	0.01690	0.06272	0.06476	0.08050	0.02295	0.01484	0.01916	0.01148	0.00713	0.00719	0.00228	0.00886	0.00664	0.00395	0.00969
2	0.04835	0.01689	0.02239	0.29007	0.21310	0.08145	0.01774	0.09232	0.07698	0.02382	0.01438	0.01811	0.01122	0.00749	0.00755	0.00225	0.03594	0.00623	0.00413	0.00957
3	0.01950	0.01637	0.02254	0.26892	0.17936	0.01842	0.01729	0.25303	0.08124	0.02966	0.01581	0.01870	0.01188	0.00768	0.00712	0.00224	0.00835	0.00651	0.00499	0.01041
4	0.01243	0.00881	0.01101	0.05759	0.01418	0.00858	0.00788	0.06171	0.01537	0.05060	0.06670	0.27800	0.07820	0.18761	0.01470	0.00350	0.00560	0.03670	0.00584	0.07499
5	0.01185	0.00963	0.03224	0.06152	0.01543	0.00920	0.00901	0.01592	0.08159	0.04455	0.06732	0.23078	0.08212	0.08717	0.14736	0.00455	0.00803	0.01185	0.00556	0.06432

[dist]
# distance from previous block
# <min> <max>
0	3

[block]
# block no. 2 follows, 29 sequences, length 46
# corresponding to MSA columns:
# 125-170
name=unknown_C
#
# <colnr> <probs for GDERKNQSTAVLIFYWHMCP>
#	G	D	E	R	K	N	Q	S	T	A	V	L	I	F	Y	W	H	M	C	P
0	0.04581	0.01155	0.01468	0.08113	0.01880	0.01111	0.03967	0.01971	0.10339	0.06629	0.11839	0.03351	0.16229	0.01036	0.00746	0.00202	0.02458	0.00869	0.00571	0.21484
1	0.01050	0.00804	0.00937	0.00875	0.01096	0.00740	0.00664	0.05369	0.01948	0.02599	0.41761	0.05683	0.30746	0.01552	0.00833	0.00230	0.00373	0.01330	0.00732	0.00678
2	0.07304	0.01772	0.01922	0.04753	0.02162	0.01966	0.01269	0.46759	0.11491	0.07800	0.01882	0.01880	0.01349	0.00851	0.00690	0.00217	0.00722	0.00651	0.03424	0.01135
3	0.25839	0.01412	0.04357	0.01224	0.01764	0.01309	0.01050	0.07151	0.01855	0.43864	0.02138	0.01965	0.01398	0.00806	0.00633	0.00220	0.00619	0.00606	0.00716	0.01075
4	0.05907	0.00768	0.00949	0.00892	0.01079	0.00727	0.00673	0.01378	0.01950	0.02840	0.63406	0.05120	0.08828	0.01420	0.00815	0.00224	0.00350	0.01240	0.00758	0.00675
5	0.01025	0.00686	0.00780	0.00790	0.00793	0.00683	0.00446	0.01033	0.01056	0.01408	0.02348	0.08997	0.02720	0.70458	0.03456	0.00665	0.00673	0.01097	0.00446	0.00441
6	0.01455	0.07749	0.67456	0.01984	0.03011	0.01720	0.02551	0.02248	0.01500	0.02222	0.01262	0.01483	0.00903	0.00673	0.00664	0.00221	0.01036	0.00518	0.00301	0.01045
7	0.01357	0.01282	0.02138	0.69217	0.04732	0.01616	0.01954	0.01813	0.01405	0.01813	0.01247	0.01879	0.00948	0.00742	0.00804	0.00242	0.05072	0.00632	0.00316	0.00790
8	0.01036	0.00690	0.00777	0.00777	0.00777	0.00690	0.00431	0.01036	0.01036	0.01381	0.02244	0.04660	0.02589	0.74975	0.03624	0.00690	0.00690	0.01036	0.00431	0.00431
9	0.01771	0.01530	0.01610	0.01449	0.01852	0.01771	0.01127	0.03784	0.69247	0.02979	0.02898	0.02657	0.02174	0.00966	0.00725	0.00242	0.00564	0.00805	0.00725	0.01127
10	0.01428	0.03683	0.71286	0.02030	0.03082	0.01654	0.02631	0.02255	0.01503	0.02255	0.01278	0.01503	0.00902	0.00677	0.00677	0.00226	0.01052	0.00526	0.00301	0.01052
11	0.01345	0.01266	0.02136	0.73264	0.04904	0.01582	0.01978	0.01819	0.01424	0.01819	0.01266	0.01898	0.00949	0.00712	0.00712	0.00237	0.00949	0.00633	0.00316	0.00791
12	0.03062	0.01424	0.01784	0.01368	0.01924	0.01362	0.01130	0.21027	0.02394	0.52968	0.02511	0.02230	0.01613	0.00874	0.00715	0.00219	0.00654	0.00696	0.00835	0.01212
13	0.00847	0.00722	0.00729	0.00727	0.00965	0.00604	0.00545	0.01033	0.01636	0.01955	0.09341	0.06801	0.68097	0.01792	0.00842	0.00240	0.00360	0.01496	0.00665	0.00604
14	0.01657	0.01597	0.02760	0.21109	0.51797	0.01670	0.04829	0.02100	0.01576	0.02201	0.01326	0.01802	0.01082	0.00652	0.00712	0.00219	0.00886	0.00642	0.00344	0.01039
15	0.03040	0.01228	0.01639	0.01266	0.01796	0.01091	0.01042	0.07014	0.02111	0.63303	0.06651	0.02551	0.02019	0.00913	0.00723	0.00220	0.00600	0.00745	0.00866	0.01180
16	0.00937	0.00725	0.00853	0.00821	0.01020	0.00642	0.00616	0.01206	0.01848	0.02457	0.43268	0.05974	0.33857	0.01604	0.00841	0.00231	0.00347	0.01380	0.00731	0.00642
17	0.01233	0.00805	0.00964	0.00938	0.01191	0.00714	0.00749	0.01480	0.01743	0.11030	0.16066	0.06271	0.37965	0.01661	0.00854	0.00253	0.00447	0.14225	0.00708	0.00702
18	0.01009	0.00695	0.00854	0.00876	0.00906	0.00713	0.00550	0.01075	0.01101	0.01492	0.02408	0.13819	0.02723	0.51758	0.16351	0.00722	0.00885	0.01118	0.00453	0.00491
19	0.02707	0.01995	0.02137	0.01638	0.02208	0.02208	0.01353	0.68159	0.03348	0.04488	0.01710	0.01710	0.01211	0.00855	0.00712	0.00214	0.00784	0.00641	0.00712	0.01211
20	0.01681	0.01921	0.04202	0.03001	0.03721	0.01801	0.67947	0.02281	0.01681	0.02281	0.01441	0.01921	0.01080	0.00600	0.00840	0.00240	0.01200	0.00840	0.00360	0.00960
21	0.04185	0.01449	0.02417	0.41800	0.32424	0.01629	0.02024	0.01983	0.01500	0.02079	0.01287	0.01816	0.01018	0.00678	0.00700	0.00226	0.00892	0.00625	0.00336	0.00932
22	0.01428	0.03683	0.71286	0.02030	0.03082	0.01654	0.02631	0.02255	0.01503	0.02255	0.01278	0.01503	0.00902	0.00677	0.00677	0.00226	0.01052	0.00526	0.00301	0.01052
23	0.03011	0.01253	0.01647	0.01290	0.01822	0.01140	0.01057	0.03511	0.10709	0.62247	0.02821	0.02454	0.01816	0.00892	0.00717	0.00223	0.00600	0.00728	0.00861	0.01201
24	0.01667	0.01595	0.02718	0.20075	0.55573	0.01667	0.02138	0.02102	0.01576	0.02211	0.01323	0.01793	0.01087	0.00652	0.00707	0.00217	0.00869	0.00634	0.00344	0.01051
25	0.08735	0.01572	0.06051	0.01382	0.01960	0.01414	0.01201	0.19364	0.02268	0.45127	0.02304	0.02094	0.01498	0.00845	0.00692	0.00219	0.00674	0.00661	0.00770	0.01169
26	0.00902	0.00638	0.00834	0.00978	0.01020	0.00604	0.00653	0.01019	0.01333	0.01776	0.03701	0.62493	0.04408	0.11604	0.01263	0.00343	0.00460	0.04777	0.00631	0.00563
27	0.66894	0.01442	0.01327	0.01407	0.10332	0.01633	0.00976	0.04683	0.01348	0.03133	0.01064	0.01256	0.00834	0.00665	0.00485	0.00219	0.00598	0.00428	0.00440	0.00834
28	0.01896	0.01723	0.02594	0.18140	0.38077	0.03796	0.04243	0.16021	0.01957	0.02657	0.01399	0.01772	0.01100	0.00699	0.00711	0.00218	0.00879	0.00638	0.00421	0.01060
29	0.01944	0.49389	0.08777	0.01510	0.04386	0.13363	0.01389	0.02222	0.01533	0.01787	0.01053	0.01248	0.00928	0.00657	0.00593	0.00170	0.03846	0.00425	0.00321	0.04458
30	0.01215	0.00911	0.01184	0.01295	0.01483	0.00946	0.01085	0.01793	0.12619	0.02231	0.03647	0.15170	0.03858	0.01836	0.00932	0.00309	0.00611	0.47482	0.00668	0.00723
31	0.00986	0.00727	0.00922	0.00873	0.01051	0.00663	0.00655	0.01302	0.01965	0.02735	0.62037	0.05517	0.14915	0.01501	0.00840	0.00226	0.00339	0.01316	0.00768	0.00663
32	0.01169	0.01200	0.10031	0.01078	0.01269	0.02787	0.00875	0.03068	0.01209	0.01651	0.01994	0.03636	0.02096	0.44671	0.19626	0.00714	0.01049	0.00878	0.00408	0.00592
33	0.01955	0.01473	0.01620	0.01382	0.01840	0.01588	0.01089	0.06144	0.48936	0.11734	0.02623	0.02432	0.01934	0.00893	0.00697	0.00220	0.00573	0.00736	0.00704	0.11427
34	0.01637	0.01836	0.03935	0.12066	0.03874	0.01773	0.59436	0.02221	0.01648	0.02221	0.01418	0.01918	0.01064	0.00615	0.00824	0.00240	0.01168	0.00814	0.00355	0.00939
35	0.01488	0.01455	0.02047	0.01776	0.01792	0.02014	0.01472	0.01657	0.01097	0.01706	0.01060	0.01718	0.01044	0.01775	0.11344	0.00419	0.64413	0.00641	0.00321	0.00760
36	0.00868	0.00620	0.00826	0.00991	0.01033	0.00578	0.00661	0.00991	0.01363	0.01818	0.03925	0.74510	0.04710	0.02231	0.00909	0.00289	0.00413	0.02024	0.00661	0.00578
37	0.00904	0.00645	0.00868	0.01033	0.01090	0.00609	0.00724	0.01054	0.01399	0.01858	0.03905	0.65934	0.04631	0.02197	0.00918	0.00294	0.00444	0.10245	0.00660	0.00588
38	0.00868	0.00620	0.00826	0.00991	0.01033	0.00578	0.00661	0.00991	0.01363	0.01818	0.03925	0.74510	0.04710	0.02231	0.00909	0.00289	0.00413	0.02024	0.00661	0.00578
39	0.80005	0.01377	0.01047	0.00936	0.01377	0.01597	0.00771	0.02093	0.01212	0.03195	0.00991	0.01157	0.00771	0.00661	0.00441	0.00220	0.00551	0.00386	0.00441	0.00771
40	0.00868	0.00620	0.00826	0.00991	0.01033	0.00578	0.00661	0.00991	0.01363	0.01818	0.03925	0.74510	0.04710	0.02231	0.00909	0.00289	0.00413	0.02024	0.00661	0.00578
41	0.00860	0.00722	0.00746	0.00740	0.00973	0.00609	0.00555	0.01057	0.01666	0.02024	0.14025	0.06687	0.63370	0.01766	0.00841	0.00239	0.00358	0.01480	0.00675	0.00609
42	0.11724	0.01203	0.01545	0.01209	0.01725	0.01087	0.00994	0.03195	0.01944	0.59520	0.06422	0.02445	0.01932	0.00889	0.00692	0.00221	0.00584	0.00711	0.00826	0.01132
43	0.01428	0.03683	0.71286	0.02030	0.03082	0.01654	0.02631	0.02255	0.01503	0.02255	0.01278	0.01503	0.00902	0.00677	0.00677	0.00226	0.01052	0.00526	0.00301	0.01052
44	0.01919	0.52661	0.16026	0.01423	0.02109	0.02524	0.01497	0.10674	0.01703	0.02145	0.01136	0.01282	0.00950	0.00653	0.00530	0.00174	0.00818	0.00441	0.00356	0.00978
45	0.01425	0.08035	0.22641	0.43175	0.03979	0.01731	0.02089	0.01968	0.01434	0.01931	0.01232	0.01705	0.00932	0.00717	0.00754	0.00230	0.04252	0.00580	0.00311	0.00877

[dist]
# distance from previous block
# <min> <max>
0	8

[block]
# block no. 3 follows, 29 sequences, length 10
# corresponding to MSA columns:
# 179-188
name=unknown_D
#
# <colnr> <probs for GDERKNQSTAVLIFYWHMCP>
#	G	D	E	R	K	N	Q	S	T	A	V	L	I	F	Y	W	H	M	C	P
0	0.02295	0.23381	0.02486	0.01472	0.01984	0.06750	0.01262	0.33190	0.04856	0.05366	0.05879	0.01798	0.01498	0.00835	0.00710	0.00200	0.03830	0.00602	0.00565	0.01044
1	0.01703	0.01434	0.01772	0.01322	0.01885	0.01300	0.04670	0.14405	0.01815	0.02672	0.01441	0.04378	0.01220	0.00706	0.00710	0.00154	0.05281	0.00561	0.00476	0.52095
2	0.18600	0.17173	0.06682	0.01533	0.02031	0.19810	0.08516	0.02202	0.01566	0.02170	0.01384	0.08369	0.01275	0.00807	0.00604	0.00200	0.00871	0.00622	0.00396	0.05189
3	0.80005	0.01377	0.01047	0.00936	0.01377	0.01597	0.00771	0.02093	0.01212	0.03195	0.00991	0.01157	0.00771	0.00661	0.00441	0.00220	0.00551	0.00386	0.00441	0.00771
4	0.01023	0.00685	0.00780	0.00793	0.00796	0.00682	0.00449	0.01032	0.01060	0.01414	0.02370	0.09933	0.02749	0.69484	0.03419	0.00660	0.00669	0.01110	0.00449	0.00443
5	0.00868	0.00620	0.00826	0.00991	0.01033	0.00578	0.00661	0.00991	0.01363	0.01818	0.03925	0.74510	0.04710	0.02231	0.00909	0.00289	0.00413	0.02024	0.00661	0.00578
6	0.59520	0.08242	0.06300	0.01087	0.01598	0.01700	0.00982	0.04783	0.01390	0.07357	0.01155	0.01282	0.00874	0.00679	0.00487	0.00214	0.00618	0.00426	0.00457	0.00849
7	0.02707	0.01995	0.02137	0.01638	0.02208	0.02208	0.01353	0.68159	0.03348	0.04488	0.01710	0.01710	0.01211	0.00855	0.00712	0.00214	0.00784	0.00641	0.00712	0.01211
8	0.62986	0.01371	0.01279	0.09607	0.04820	0.01564	0.00979	0.02048	0.01269	0.02947	0.01054	0.01288	0.00823	0.00658	0.00489	0.00216	0.00609	0.00428	0.00421	0.05144
9	0.00884	0.00714	0.00790	0.00817	0.01016	0.00620	0.00612	0.01084	0.01633	0.02029	0.13736	0.16098	0.49654	0.01833	0.00860	0.00251	0.00384	0.05700	0.00675	0.00610

[dist]
# distance from previous block
# <min> <max>
0	1

[block]
# block no. 4 follows, 29 sequences, length 20
# corresponding to MSA columns:
# 190-209
name=unknown_E
#
# <colnr> <probs for GDERKNQSTAVLIFYWHMCP>
#	G	D	E	R	K	N	Q	S	T	A	V	L	I	F	Y	W	H	M	C	P
0	0.01892	0.05318	0.01902	0.01757	0.08809	0.07049	0.01260	0.07621	0.46967	0.02829	0.02368	0.02279	0.01803	0.00872	0.00694	0.00222	0.00668	0.00715	0.00627	0.04347
1	0.00869	0.00693	0.00779	0.00819	0.00994	0.00603	0.00591	0.01052	0.01596	0.02004	0.13757	0.25911	0.44060	0.01884	0.00861	0.00252	0.00373	0.01626	0.00676	0.00603
2	0.01695	0.42953	0.22159	0.01581	0.02263	0.02289	0.05987	0.02114	0.01485	0.01934	0.04453	0.01519	0.01204	0.00705	0.00669	0.00191	0.05024	0.00509	0.00331	0.00936
3	0.01808	0.07504	0.06280	0.03361	0.42128	0.01689	0.12413	0.02248	0.01665	0.07448	0.05376	0.01980	0.01460	0.00695	0.00714	0.00213	0.00858	0.00686	0.00412	0.01061
4	0.03195	0.01212	0.01652	0.01267	0.01818	0.01047	0.01047	0.03470	0.02038	0.71026	0.02809	0.02424	0.01763	0.00881	0.00716	0.00220	0.00606	0.00716	0.00881	0.01212
5	0.01345	0.01266	0.02136	0.73264	0.04904	0.01582	0.01978	0.01819	0.01424	0.01819	0.01266	0.01898	0.00949	0.00712	0.00712	0.00237	0.00949	0.00633	0.00316	0.00791
6	0.01604	0.17053	0.52125	0.04782	0.02856	0.01841	0.02257	0.02275	0.01516	0.05582	0.01300	0.01497	0.00949	0.00676	0.00638	0.00212	0.00971	0.00513	0.00331	0.01023
7	0.02589	0.01079	0.01450	0.01157	0.01607	0.00941	0.00938	0.02873	0.02013	0.52337	0.18174	0.03290	0.06201	0.01055	0.00750	0.00222	0.00533	0.00883	0.00849	0.01061
8	0.01008	0.00728	0.00952	0.00896	0.01064	0.00672	0.00672	0.01344	0.02016	0.02855	0.70158	0.05319	0.06719	0.01456	0.00840	0.00224	0.00336	0.01288	0.00784	0.00672
9	0.01413	0.01256	0.02116	0.41154	0.06579	0.01424	0.09774	0.03831	0.03341	0.02058	0.03927	0.05746	0.01481	0.00947	0.00883	0.06130	0.00847	0.00757	0.05547	0.00789
10	0.15950	0.04113	0.04733	0.01467	0.01990	0.08235	0.01237	0.35689	0.06914	0.06972	0.01865	0.01873	0.04204	0.00846	0.00656	0.00214	0.00757	0.00620	0.00612	0.01052
11	0.00892	0.00728	0.00795	0.00817	0.01033	0.00631	0.00627	0.01100	0.01647	0.02024	0.12222	0.10161	0.53909	0.01812	0.00861	0.00251	0.00395	0.08810	0.00671	0.00612
12	0.01336	0.00812	0.01004	0.00991	0.01017	0.05610	0.00671	0.01061	0.01004	0.01272	0.01227	0.02103	0.01215	0.02352	0.02633	0.73761	0.00665	0.00607	0.00313	0.00345
13	0.01711	0.09774	0.03913	0.04746	0.02200	0.05276	0.09407	0.09754	0.01584	0.02145	0.01676	0.04750	0.05966	0.01070	0.01415	0.00257	0.32365	0.00731	0.00405	0.00856
14	0.04942	0.20049	0.12818	0.08023	0.04471	0.09669	0.01588	0.12866	0.05061	0.02382	0.01281	0.01518	0.01028	0.00786	0.00843	0.00214	0.10564	0.00536	0.00405	0.00956
15	0.02086	0.23472	0.12365	0.01530	0.02083	0.15115	0.01431	0.07113	0.04066	0.09347	0.01400	0.01548	0.01102	0.00876	0.02736	0.00220	0.06450	0.00517	0.00430	0.06113
16	0.07966	0.06209	0.03687	0.01506	0.01894	0.18555	0.01234	0.16619	0.05166	0.07624	0.04037	0.03961	0.04304	0.01161	0.04358	0.00266	0.09334	0.00672	0.00525	0.00923
17	0.05255	0.13077	0.11343	0.02131	0.10047	0.04363	0.14240	0.15485	0.01927	0.06564	0.01412	0.01631	0.01077	0.00717	0.00751	0.00211	0.04425	0.00602	0.00448	0.04294
18	0.07901	0.33916	0.06675	0.01444	0.01974	0.09334	0.03583	0.08562	0.01732	0.08300	0.04291	0.01585	0.01268	0.00758	0.00696	0.00194	0.05890	0.00524	0.00434	0.00938
19	0.06361	0.25131	0.05667	0.07856	0.02341	0.02053	0.07532	0.16336	0.05136	0.02567	0.01399	0.01632	0.01119	0.01018	0.05602	0.00259	0.00880	0.00559	0.00440	0.06114

[dist]
# distance from previous block
# <min> <max>
3	25

[block]
# block no. 5 follows, 29 sequences, length 47
# corresponding to MSA columns:
# 235-281
name=unknown_F
#
# <colnr> <probs for GDERKNQSTAVLIFYWHMCP>
#	G	D	E	R	K	N	Q	S	T	A	V	L	I	F	Y	W	H	M	C	P
0	0.17307	0.09862	0.02092	0.01766	0.09883	0.01802	0.05085	0.12085	0.11412	0.05632	0.01792	0.08716	0.01548	0.00931	0.00795	0.00229	0.06857	0.00730	0.00520	0.00957
1	0.16504	0.04958	0.01912	0.04186	0.03852	0.01914	0.01233	0.37133	0.02375	0.03495	0.01488	0.01681	0.01142	0.01235	0.07594	0.00303	0.04099	0.00585	0.00560	0.03748
2	0.04024	0.01662	0.12386	0.01651	0.08022	0.01371	0.01358	0.10620	0.09180	0.21017	0.03942	0.02538	0.05053	0.04018	0.09584	0.00353	0.00856	0.00741	0.00605	0.01018
3	0.08055	0.01680	0.08296	0.01395	0.01898	0.01591	0.01214	0.17895	0.23706	0.13082	0.05986	0.02656	0.07487	0.00970	0.00709	0.00228	0.00638	0.00777	0.00680	0.01058
4	0.02291	0.08760	0.02145	0.03819	0.08443	0.01880	0.01313	0.38827	0.02612	0.09118	0.07601	0.06248	0.01881	0.00939	0.00710	0.00214	0.00718	0.00756	0.00645	0.01080
5	0.02594	0.08529	0.01883	0.01316	0.01841	0.01517	0.01096	0.18575	0.07929	0.35169	0.02700	0.02488	0.07199	0.00922	0.00696	0.00213	0.00637	0.00730	0.00742	0.03224
6	0.02207	0.01512	0.01682	0.01430	0.01886	0.01657	0.01135	0.11281	0.46136	0.18710	0.02738	0.02492	0.01967	0.00934	0.00721	0.00233	0.00599	0.00765	0.00759	0.01156
7	0.01970	0.42884	0.05224	0.01658	0.04501	0.02474	0.07310	0.13892	0.01775	0.02275	0.01173	0.01391	0.00991	0.00726	0.00761	0.00193	0.08941	0.00508	0.00385	0.00967
8	0.00995	0.00727	0.00944	0.00957	0.01115	0.00676	0.00733	0.01286	0.01831	0.02513	0.44781	0.15141	0.12152	0.01673	0.00872	0.00251	0.00399	0.11568	0.00735	0.00650
9	0.01798	0.01353	0.01708	0.01239	0.01862	0.01108	0.04797	0.07176	0.01704	0.11069	0.01503	0.01639	0.01157	0.00601	0.00583	0.00136	0.00596	0.00500	0.00498	0.58973
10	0.01036	0.00690	0.00777	0.00777	0.00777	0.00690	0.00431	0.01036	0.01036	0.01381	0.02244	0.04660	0.02589	0.74975	0.03624	0.00690	0.00690	0.01036	0.00431	0.00431
11	0.10185	0.01875	0.01995	0.01542	0.02098	0.02060	0.01274	0.56831	0.03042	0.09474	0.01725	0.01711	0.01211	0.00838	0.00686	0.00215	0.00748	0.00622	0.00699	0.01169
12	0.01281	0.01009	0.01042	0.00948	0.01220	0.02770	0.00717	0.09724	0.05767	0.04335	0.12626	0.05310	0.40206	0.08586	0.01078	0.00277	0.00485	0.01236	0.00662	0.00723
13	0.10144	0.02060	0.02021	0.01588	0.02128	0.08388	0.01299	0.55970	0.03024	0.04118	0.01586	0.01618	0.01142	0.00825	0.00680	0.00212	0.00806	0.00600	0.00655	0.01134
14	0.01898	0.01501	0.01614	0.01433	0.01849	0.01706	0.01120	0.03756	0.63249	0.09052	0.02890	0.02636	0.02137	0.00959	0.00724	0.00240	0.00567	0.00797	0.00739	0.01135
15	0.01762	0.01692	0.02890	0.04371	0.70533	0.01692	0.02185	0.02185	0.01621	0.02326	0.01339	0.01762	0.01128	0.00634	0.00705	0.00211	0.00846	0.00634	0.00352	0.01128
16	0.01384	0.01255	0.02028	0.63167	0.04430	0.01536	0.01833	0.05595	0.01530	0.01974	0.01510	0.07861	0.01274	0.00845	0.00728	0.00240	0.00896	0.00748	0.00368	0.00798
17	0.01135	0.00756	0.00992	0.00917	0.01107	0.00694	0.00694	0.01467	0.02017	0.06806	0.66255	0.05151	0.06432	0.01422	0.00833	0.00224	0.00352	0.01255	0.00790	0.00703
18	0.01021	0.00684	0.00781	0.00796	0.00799	0.00680	0.00452	0.01032	0.01065	0.01419	0.02393	0.10861	0.02777	0.68517	0.03383	0.00655	0.00666	0.01123	0.00452	0.00445
19	0.01468	0.09749	0.65572	0.01961	0.02976	0.01752	0.02511	0.02245	0.01499	0.02206	0.01254	0.01473	0.00903	0.00671	0.00658	0.00219	0.01028	0.00514	0.00301	0.01041
20	0.03154	0.01278	0.01693	0.01298	0.01851	0.01145	0.01073	0.08941	0.02149	0.65399	0.02716	0.02363	0.01716	0.00879	0.00716	0.00220	0.00621	0.00710	0.00867	0.01212
21	0.03195	0.01212	0.01652	0.01267	0.01818	0.01047	0.01047	0.03470	0.02038	0.71026	0.02809	0.02424	0.01763	0.00881	0.00716	0.00220	0.00606	0.00716	0.00881	0.01212
22	0.00982	0.00718	0.00922	0.00890	0.01053	0.00658	0.00660	0.01286	0.01926	0.02687	0.59149	0.11587	0.11717	0.01553	0.00846	0.00231	0.00345	0.01371	0.00763	0.00658
23	0.01609	0.03270	0.58897	0.01943	0.02860	0.01639	0.02390	0.02327	0.01521	0.08831	0.01397	0.01596	0.00988	0.00743	0.00817	0.00232	0.06984	0.00552	0.00357	0.01045
24	0.01062	0.00828	0.01230	0.01204	0.01321	0.00996	0.00945	0.01308	0.01140	0.01658	0.01827	0.02695	0.01711	0.05004	0.66410	0.01076	0.07811	0.00751	0.00376	0.00648
25	0.02707	0.01995	0.02137	0.01638	0.02208	0.02208	0.01353	0.68159	0.03348	0.04488	0.01710	0.01710	0.01211	0.00855	0.00712	0.00214	0.00784	0.00641	0.00712	0.01211
26	0.01427	0.01350	0.02285	0.59650	0.17873	0.01604	0.02019	0.01892	0.01463	0.01920	0.01280	0.01872	0.00985	0.00697	0.00711	0.00232	0.00929	0.00633	0.00324	0.00858
27	0.02115	0.01820	0.01959	0.01611	0.02079	0.09191	0.06821	0.22658	0.28577	0.05702	0.02580	0.02502	0.07244	0.00943	0.00731	0.00226	0.00744	0.00776	0.00653	0.01066
28	0.01257	0.00967	0.01334	0.10191	0.01877	0.01049	0.01175	0.06902	0.01656	0.02187	0.03164	0.22234	0.03434	0.01742	0.00988	0.00297	0.04876	0.33365	0.00600	0.00707
29	0.57223	0.08403	0.03497	0.01082	0.01577	0.01714	0.00940	0.07659	0.01491	0.09153	0.01220	0.01323	0.00913	0.00692	0.00496	0.00214	0.00609	0.00440	0.00485	0.00868
30	0.01358	0.01196	0.01665	0.01491	0.01552	0.01585	0.01216	0.01567	0.01157	0.01810	0.01414	0.02086	0.01313	0.02496	0.24292	0.00558	0.41867	0.00673	0.09987	0.00719
31	0.02226	0.02667	0.02418	0.02277	0.10210	0.42024	0.09678	0.02483	0.01754	0.01871	0.01138	0.01470	0.00965	0.00804	0.00997	0.00218	0.15023	0.00557	0.00354	0.00868
32	0.01033	0.00702	0.00836	0.00836	0.00857	0.00723	0.00506	0.01074	0.01053	0.01425	0.02189	0.04357	0.02457	0.63649	0.14771	0.00764	0.00888	0.00991	0.00423	0.00465
33	0.00883	0.00718	0.00783	0.00778	0.00990	0.00617	0.00579	0.01099	0.01705	0.02145	0.22369	0.09955	0.51412	0.01741	0.00845	0.00239	0.00357	0.01477	0.00691	0.00617
34	0.09542	0.08407	0.01826	0.01253	0.01801	0.01322	0.01055	0.06495	0.01977	0.55249	0.02425	0.02157	0.01569	0.00835	0.00668	0.00213	0.00625	0.00652	0.00780	0.01146
35	0.01477	0.01266	0.01477	0.01055	0.01687	0.00949	0.00844	0.01793	0.01477	0.02320	0.01266	0.01477	0.01055	0.00527	0.00527	0.00105	0.00527	0.00422	0.00422	0.79328
36	0.01428	0.03683	0.71286	0.02030	0.03082	0.01654	0.02631	0.02255	0.01503	0.02255	0.01278	0.01503	0.00902	0.00677	0.00677	0.00226	0.01052	0.00526	0.00301	0.01052
37	0.01558	0.01558	0.02181	0.01869	0.01869	0.02181	0.01558	0.01714	0.01091	0.01714	0.00935	0.01558	0.00935	0.01246	0.02337	0.00312	0.73672	0.00623	0.00312	0.00779
38	0.00852	0.00715	0.00742	0.00760	0.00982	0.00605	0.00568	0.01032	0.01602	0.01920	0.06840	0.12608	0.62878	0.01844	0.00851	0.00247	0.00373	0.03318	0.00661	0.00601
39	0.02666	0.01296	0.01609	0.01279	0.01747	0.01252	0.01026	0.13948	0.08157	0.43646	0.06039	0.02689	0.02041	0.08047	0.01003	0.00267	0.00626	0.00772	0.00791	0.01101
40	0.00887	0.00718	0.00776	0.00770	0.00977	0.00620	0.00567	0.01089	0.01668	0.02090	0.20097	0.08783	0.51330	0.05281	0.00978	0.00260	0.00373	0.01453	0.00676	0.00607
41	0.59796	0.01334	0.01206	0.01023	0.01493	0.01452	0.00844	0.02455	0.01429	0.21042	0.01470	0.01490	0.01032	0.00719	0.00513	0.00220	0.00565	0.00473	0.00557	0.00887
42	0.00894	0.00639	0.00857	0.01022	0.01075	0.00602	0.00708	0.01038	0.01390	0.01848	0.03910	0.68111	0.04651	0.02205	0.00916	0.00293	0.00436	0.08158	0.00660	0.00586
43	0.00995	0.00683	0.00819	0.00843	0.00883	0.00664	0.00524	0.01084	0.01286	0.01745	0.15192	0.19328	0.03797	0.46189	0.02542	0.00520	0.00567	0.01288	0.00545	0.00507
44	0.01890	0.01533	0.01851	0.01976	0.14590	0.01695	0.01317	0.03461	0.51018	0.08613	0.02602	0.02471	0.01945	0.00897	0.00720	0.00234	0.00620	0.00766	0.00669	0.01134
45	0.01474	0.00825	0.01094	0.00985	0.01226	0.00746	0.00753	0.01779	0.01967	0.17648	0.50010	0.10379	0.05472	0.01394	0.00819	0.00229	0.00401	0.01224	0.00795	0.00782
46	0.01904	0.75404	0.03731	0.01218	0.01828	0.02818	0.01218	0.02132	0.01447	0.01675	0.00990	0.01142	0.00914	0.00609	0.00457	0.00152	0.00761	0.00381	0.00305	0.00914

[dist]
# distance from previous block
# <min> <max>
0	1

[block]
# block no. 6 follows, 29 sequences, length 38
# corresponding to MSA columns:
# 283-320
name=unknown_G
#
# <colnr> <probs for GDERKNQSTAVLIFYWHMCP>
#	G	D	E	R	K	N	Q	S	T	A	V	L	I	F	Y	W	H	M	C	P
0	0.01904	0.75404	0.03731	0.01218	0.01828	0.02818	0.01218	0.02132	0.01447	0.01675	0.00990	0.01142	0.00914	0.00609	0.00457	0.00152	0.00761	0.00381	0.00305	0.00914
1	0.80005	0.01377	0.01047	0.00936	0.01377	0.01597	0.00771	0.02093	0.01212	0.03195	0.00991	0.01157	0.00771	0.00661	0.00441	0.00220	0.00551	0.00386	0.00441	0.00771
2	0.02662	0.02167	0.02099	0.01657	0.02192	0.11773	0.01347	0.56534	0.05900	0.04049	0.01675	0.01691	0.01211	0.00843	0.00703	0.00211	0.00843	0.00623	0.00665	0.01155
3	0.02803	0.01127	0.01516	0.01191	0.01680	0.00977	0.00973	0.03079	0.02009	0.59097	0.10516	0.03026	0.06682	0.01004	0.00738	0.00222	0.00560	0.00829	0.00857	0.01113
4	0.43262	0.04861	0.03915	0.01319	0.01829	0.03771	0.05300	0.13695	0.06452	0.07499	0.01404	0.01500	0.01042	0.00726	0.00564	0.00218	0.00683	0.00515	0.00517	0.00928
5	0.01368	0.01317	0.02326	0.58025	0.06526	0.01548	0.09891	0.01834	0.01457	0.01891	0.01459	0.06534	0.01211	0.00793	0.00740	0.00240	0.00942	0.00747	0.00345	0.00808
6	0.00968	0.00722	0.00900	0.00864	0.01042	0.00654	0.00645	0.01264	0.01909	0.02623	0.54624	0.08502	0.19538	0.01559	0.00843	0.00230	0.00344	0.01362	0.00754	0.00654
7	0.00866	0.00626	0.00820	0.00974	0.01028	0.00580	0.00653	0.00993	0.01380	0.01824	0.04133	0.70228	0.08857	0.02204	0.00905	0.00286	0.00410	0.01991	0.00661	0.00580
8	0.01778	0.01767	0.02551	0.08100	0.50155	0.08930	0.01932	0.02268	0.05897	0.02228	0.01448	0.01849	0.01206	0.00994	0.05613	0.00276	0.00953	0.00636	0.00377	0.01041
9	0.01532	0.01372	0.02161	0.61909	0.06703	0.01665	0.01905	0.10266	0.01675	0.02175	0.01324	0.01870	0.00988	0.00728	0.00712	0.00233	0.00925	0.00634	0.00368	0.00855
10	0.00868	0.00620	0.00826	0.00991	0.01033	0.00578	0.00661	0.00991	0.01363	0.01818	0.03925	0.74510	0.04710	0.02231	0.00909	0.00289	0.00413	0.02024	0.00661	0.00578
11	0.76611	0.01391	0.01127	0.01085	0.04377	0.01601	0.00833	0.02097	0.01230	0.03157	0.01007	0.01183	0.00787	0.00660	0.00452	0.00220	0.00564	0.00396	0.00437	0.00787
12	0.02368	0.01155	0.01592	0.01502	0.08738	0.01064	0.01071	0.02794	0.06610	0.41131	0.20544	0.03140	0.03041	0.01014	0.00748	0.00222	0.00556	0.00866	0.00790	0.01054
13	0.02547	0.14498	0.02298	0.01718	0.02144	0.54049	0.01349	0.09498	0.02066	0.02017	0.01146	0.01306	0.00947	0.00727	0.00620	0.00182	0.01151	0.00465	0.00393	0.00879
14	0.06533	0.00835	0.01020	0.00974	0.01205	0.00772	0.00749	0.01442	0.01740	0.04447	0.35129	0.15465	0.09015	0.01484	0.00803	0.00234	0.00426	0.08222	0.00685	0.08821
15	0.10515	0.07111	0.02045	0.01842	0.06397	0.51865	0.01339	0.02743	0.06169	0.02005	0.01213	0.01381	0.00995	0.00728	0.00620	0.00191	0.01104	0.00480	0.00393	0.00863
16	0.01483	0.15672	0.02698	0.07872	0.02417	0.01748	0.19474	0.01786	0.01386	0.01861	0.01635	0.12269	0.01598	0.01427	0.06910	0.03597	0.14141	0.00850	0.00380	0.00796
17	0.00897	0.00640	0.00860	0.01025	0.01079	0.00603	0.00711	0.01042	0.01392	0.01850	0.03909	0.67624	0.04646	0.02204	0.00917	0.00293	0.00438	0.08624	0.00660	0.00586
18	0.02669	0.01181	0.01537	0.01248	0.01713	0.01091	0.01004	0.03187	0.11692	0.51463	0.07209	0.08248	0.02368	0.01035	0.00740	0.00229	0.00568	0.00867	0.00835	0.01116
19	0.02693	0.17792	0.04256	0.01310	0.01875	0.01569	0.01151	0.05248	0.08824	0.44431	0.02333	0.02112	0.01573	0.00823	0.00658	0.00207	0.00655	0.00643	0.00714	0.01132
20	0.01917	0.01653	0.19004	0.01319	0.01851	0.01058	0.01305	0.02355	0.01894	0.27726	0.28010	0.03291	0.03428	0.01048	0.00753	0.00223	0.00616	0.00885	0.00697	0.00966
21	0.03195	0.01212	0.01652	0.01267	0.01818	0.01047	0.01047	0.03470	0.02038	0.71026	0.02809	0.02424	0.01763	0.00881	0.00716	0.00220	0.00606	0.00716	0.00881	0.01212
22	0.01069	0.00747	0.00924	0.00920	0.01058	0.00709	0.00649	0.01358	0.04744	0.04449	0.31901	0.21721	0.10640	0.14302	0.01327	0.00322	0.00437	0.01399	0.00683	0.00640
23	0.02533	0.01832	0.01982	0.01568	0.02099	0.02024	0.01280	0.48872	0.18068	0.09099	0.02059	0.01976	0.01468	0.00882	0.00715	0.00220	0.00721	0.00684	0.00728	0.01192
24	0.01414	0.01337	0.02262	0.61767	0.15856	0.01600	0.02012	0.01880	0.01457	0.01904	0.01278	0.01876	0.00979	0.00699	0.00711	0.00233	0.00932	0.00633	0.00322	0.00847
25	0.00864	0.00634	0.00812	0.00954	0.01023	0.00582	0.00644	0.00996	0.01400	0.01833	0.04384	0.65053	0.13870	0.02171	0.00899	0.00282	0.00406	0.01951	0.00661	0.00582
26	0.01698	0.01873	0.03929	0.03286	0.17638	0.01778	0.54249	0.02261	0.01668	0.02290	0.01420	0.01888	0.01090	0.00607	0.00812	0.00234	0.01127	0.00797	0.00359	0.00995
27	0.53028	0.01392	0.01452	0.06119	0.13517	0.01557	0.01097	0.04045	0.01411	0.02942	0.04464	0.01697	0.03343	0.00738	0.00543	0.00220	0.00618	0.00529	0.00449	0.00837
28	0.01428	0.03683	0.71286	0.02030	0.03082	0.01654	0.02631	0.02255	0.01503	0.02255	0.01278	0.01503	0.00902	0.00677	0.00677	0.00226	0.01052	0.00526	0.00301	0.01052
29	0.00881	0.00654	0.00826	0.00956	0.01047	0.00599	0.00668	0.01030	0.01436	0.01861	0.04604	0.55882	0.18411	0.02124	0.00900	0.00282	0.00418	0.06171	0.00661	0.00588
30	0.03195	0.01212	0.01652	0.01267	0.01818	0.01047	0.01047	0.03470	0.02038	0.71026	0.02809	0.02424	0.01763	0.00881	0.00716	0.00220	0.00606	0.00716	0.00881	0.01212
31	0.01743	0.01672	0.02856	0.07534	0.67520	0.01687	0.02176	0.02169	0.01612	0.02303	0.01336	0.01769	0.01120	0.00638	0.00705	0.00213	0.00851	0.00634	0.00351	0.01112
32	0.01864	0.69405	0.09381	0.01286	0.01932	0.02720	0.01337	0.02142	0.01452	0.01724	0.01014	0.01172	0.00913	0.00615	0.00475	0.00158	0.00786	0.00393	0.00304	0.00925
33	0.71915	0.09045	0.01325	0.00966	0.01424	0.01724	0.00817	0.02097	0.01236	0.03037	0.00991	0.01155	0.00786	0.00656	0.00442	0.00213	0.00573	0.00385	0.00427	0.00786
34	0.01387	0.01288	0.02136	0.71050	0.04821	0.01601	0.01958	0.03870	0.01483	0.01902	0.01279	0.01893	0.00957	0.00716	0.00712	0.00237	0.00944	0.00633	0.00329	0.00804
35	0.09588	0.08350	0.57151	0.01825	0.02756	0.01699	0.02280	0.02202	0.01485	0.02330	0.03337	0.01559	0.01067	0.00694	0.00642	0.00220	0.00958	0.00525	0.00330	0.01002
36	0.01375	0.01158	0.01368	0.01044	0.01579	0.00887	0.00813	0.01660	0.01458	0.02237	0.01708	0.13633	0.01663	0.00811	0.00591	0.00136	0.00508	0.00689	0.00462	0.66220
37	0.02084	0.01670	0.01778	0.08838	0.02188	0.06483	0.01208	0.33923	0.04659	0.05194	0.02536	0.04832	0.11565	0.00988	0.00715	0.00211	0.00722	0.00785	0.00614	0.09009

[dist]
# distance from previous block
# <min> <max>
15	31

[block]
# block no. 7 follows, 29 sequences, length 284
# corresponding to MSA columns:
# 353-506,527-632,639-648,650-663
name=unknown_H
#
# <colnr> <probs for GDERKNQSTAVLIFYWHMCP>
#	G	D	E	R	K	N	Q	S	T	A	V	L	I	F	Y	W	H	M	C	P
0	0.01780	0.02119	0.15211	0.07065	0.46425	0.05643	0.04440	0.02266	0.01629	0.04696	0.01367	0.01724	0.01087	0.00659	0.00702	0.00215	0.00917	0.00615	0.00361	0.01078
1	0.09164	0.02274	0.02046	0.01737	0.04877	0.19309	0.01343	0.43907	0.02772	0.03618	0.01485	0.01561	0.01098	0.00800	0.00672	0.00207	0.00889	0.00574	0.00590	0.01076
2	0.02578	0.01123	0.01496	0.01171	0.01655	0.00962	0.00951	0.02870	0.01973	0.50161	0.15875	0.02890	0.02659	0.00956	0.00720	0.00209	0.00544	0.00796	0.00812	0.09599
3	0.00868	0.00620	0.00826	0.00991	0.01033	0.00578	0.00661	0.00991	0.01363	0.01818	0.03925	0.74510	0.04710	0.02231	0.00909	0.00289	0.00413	0.02024	0.00661	0.00578
4	0.02145	0.16210	0.31626	0.01626	0.02403	0.01776	0.01788	0.10581	0.01860	0.20813	0.01686	0.01707	0.01172	0.00740	0.00650	0.00209	0.00846	0.00564	0.00507	0.01088
5	0.01619	0.01793	0.03799	0.09858	0.07046	0.01725	0.55534	0.02179	0.01640	0.02219	0.01518	0.04822	0.01216	0.00678	0.00824	0.00240	0.01127	0.00857	0.00368	0.00937
6	0.01035	0.00692	0.00787	0.00787	0.00791	0.00696	0.00445	0.01042	0.01039	0.01389	0.02234	0.04606	0.02565	0.72967	0.05600	0.00703	0.00725	0.01028	0.00430	0.00437
7	0.01327	0.00664	0.00664	0.00664	0.00830	0.00664	0.00498	0.01659	0.01493	0.02655	0.02323	0.02655	0.01825	0.00830	0.00498	0.00166	0.00332	0.00664	0.78928	0.00664
8	0.01003	0.00724	0.00947	0.00899	0.01063	0.00669	0.00671	0.01331	0.01993	0.02819	0.67819	0.07762	0.06648	0.01483	0.00842	0.00226	0.00339	0.01314	0.00780	0.00669
9	0.01904	0.75404	0.03731	0.01218	0.01828	0.02818	0.01218	0.02132	0.01447	0.01675	0.00990	0.01142	0.00914	0.00609	0.00457	0.00152	0.00761	0.00381	0.00305	0.00914
10	0.00868	0.00620	0.00826	0.00991	0.01033	0.00578	0.00661	0.00991	0.01363	0.01818	0.03925	0.74510	0.04710	0.02231	0.00909	0.00289	0.00413	0.02024	0.00661	0.00578
11	0.01771	0.01530	0.01610	0.01449	0.01852	0.01771	0.01127	0.03784	0.69247	0.02979	0.02898	0.02657	0.02174	0.00966	0.00725	0.00242	0.00564	0.00805	0.00725	0.01127
12	0.03117	0.01195	0.01628	0.01254	0.01791	0.01033	0.01033	0.03395	0.02037	0.68615	0.05192	0.02526	0.01938	0.00902	0.00720	0.00220	0.00596	0.00736	0.00878	0.01193
13	0.01445	0.01306	0.02091	0.64619	0.04539	0.01601	0.01878	0.07486	0.01587	0.02048	0.01396	0.04389	0.01102	0.00777	0.00719	0.00237	0.00916	0.00682	0.00362	0.00820
14	0.03195	0.01212	0.01652	0.01267	0.01818	0.01047	0.01047	0.03470	0.02038	0.71026	0.02809	0.02424	0.01763	0.00881	0.00716	0.00220	0.00606	0.00716	0.00881	0.01212
15	0.02570	0.01894	0.02025	0.01571	0.02111	0.02092	0.01292	0.61473	0.05727	0.04293	0.01936	0.01928	0.03278	0.00886	0.00709	0.00214	0.00747	0.00673	0.03412	0.01171
16	0.05433	0.08912	0.53767	0.01837	0.02730	0.04217	0.02234	0.04838	0.01570	0.02306	0.01385	0.05129	0.01101	0.00758	0.00660	0.00221	0.00970	0.00585	0.00345	0.01002
17	0.77211	0.01459	0.03544	0.00975	0.01438	0.01599	0.00837	0.02099	0.01222	0.03161	0.01002	0.01169	0.00776	0.00662	0.00449	0.00221	0.00569	0.00391	0.00436	0.00781
18	0.01032	0.00827	0.01265	0.06823	0.04979	0.00815	0.05615	0.01214	0.01356	0.01813	0.03167	0.49868	0.03671	0.12561	0.01276	0.00336	0.00573	0.01618	0.00564	0.00628
19	0.00842	0.00718	0.00725	0.00731	0.00964	0.00600	0.00545	0.01021	0.01614	0.01920	0.07097	0.09242	0.67930	0.01818	0.00844	0.00242	0.00363	0.01521	0.00661	0.00600
20	0.01904	0.75404	0.03731	0.01218	0.01828	0.02818	0.01218	0.02132	0.01447	0.01675	0.00990	0.01142	0.00914	0.00609	0.00457	0.00152	0.00761	0.00381	0.00305	0.00914
21	0.01477	0.01266	0.01477	0.01055	0.01687	0.00949	0.00844	0.01793	0.01477	0.02320	0.01266	0.01477	0.01055	0.00527	0.00527	0.00105	0.00527	0.00422	0.00422	0.79328
22	0.00998	0.00727	0.00939	0.00886	0.01058	0.00668	0.00664	0.01326	0.01993	0.02803	0.66598	0.05406	0.10312	0.01475	0.00840	0.00225	0.00337	0.01300	0.00777	0.00668
23	0.00864	0.00720	0.00741	0.00737	0.00959	0.00611	0.00544	0.01046	0.01618	0.01960	0.11432	0.06619	0.61877	0.05917	0.00999	0.00265	0.00378	0.01461	0.00657	0.00597
24	0.76921	0.01402	0.01090	0.00964	0.01410	0.01622	0.00794	0.04729	0.01297	0.03246	0.01020	0.01179	0.00789	0.00669	0.00452	0.00220	0.00560	0.00396	0.00452	0.00789
25	0.01345	0.01266	0.02136	0.73264	0.04904	0.01582	0.01978	0.01819	0.01424	0.01819	0.01266	0.01898	0.00949	0.00712	0.00712	0.00237	0.00949	0.00633	0.00316	0.00791
26	0.01546	0.23564	0.50035	0.01764	0.02663	0.01944	0.02170	0.02189	0.01505	0.02114	0.03576	0.01534	0.01106	0.00685	0.00621	0.00205	0.00947	0.00512	0.00318	0.01001
27	0.01739	0.01567	0.01758	0.01885	0.13382	0.06695	0.01262	0.06606	0.36098	0.02780	0.10808	0.03024	0.04827	0.01013	0.00742	0.00232	0.00645	0.03282	0.00637	0.01019
28	0.01428	0.03683	0.71286	0.02030	0.03082	0.01654	0.02631	0.02255	0.01503	0.02255	0.01278	0.01503	0.00902	0.00677	0.00677	0.00226	0.01052	0.00526	0.00301	0.01052
29	0.00979	0.00725	0.00902	0.00859	0.01031	0.00660	0.00636	0.01271	0.01897	0.02615	0.55490	0.05562	0.17914	0.05168	0.00978	0.00250	0.00358	0.01314	0.00744	0.00647
30	0.01634	0.02258	0.17313	0.02859	0.05960	0.01768	0.52810	0.02272	0.01644	0.02277	0.01405	0.01833	0.01047	0.00616	0.00803	0.00236	0.01159	0.00771	0.00348	0.00984
31	0.01345	0.01266	0.02136	0.73264	0.04904	0.01582	0.01978	0.01819	0.01424	0.01819	0.01266	0.01898	0.00949	0.00712	0.00712	0.00237	0.00949	0.00633	0.00316	0.00791
32	0.00930	0.00736	0.00845	0.00848	0.01057	0.00650	0.00657	0.01176	0.01744	0.02231	0.25810	0.06537	0.42735	0.01719	0.00859	0.00246	0.00390	0.09503	0.00698	0.00629
33	0.00885	0.00723	0.00782	0.00767	0.00989	0.00620	0.00575	0.01106	0.01726	0.02168	0.23693	0.06451	0.53612	0.01712	0.00841	0.00236	0.00354	0.01447	0.00693	0.00620
34	0.01615	0.02380	0.21665	0.02748	0.03555	0.01762	0.50944	0.02274	0.01635	0.02274	0.01398	0.01812	0.01034	0.00620	0.00798	0.00236	0.01162	0.00759	0.00345	0.00984
35	0.00842	0.00721	0.00721	0.00721	0.00962	0.00601	0.00541	0.01022	0.01623	0.01924	0.07213	0.06853	0.70244	0.01803	0.00842	0.00240	0.00361	0.01503	0.00661	0.00601
36	0.00868	0.00620	0.00826	0.00991	0.01033	0.00578	0.00661	0.00991	0.01363	0.01818	0.03925	0.74510	0.04710	0.02231	0.00909	0.00289	0.00413	0.02024	0.00661	0.00578
37	0.01327	0.00664	0.00664	0.00664	0.00830	0.00664	0.00498	0.01659	0.01493	0.02655	0.02323	0.02655	0.01825	0.00830	0.00498	0.00166	0.00332	0.00664	0.78928	0.00664
38	0.01345	0.01266	0.02136	0.73264	0.04904	0.01582	0.01978	0.01819	0.01424	0.01819	0.01266	0.01898	0.00949	0.00712	0.00712	0.00237	0.00949	0.00633	0.00316	0.00791
39	0.01442	0.01365	0.02312	0.57182	0.20225	0.01608	0.02026	0.01905	0.01470	0.01938	0.01283	0.01867	0.00991	0.00694	0.00710	0.00231	0.00925	0.00633	0.00325	0.00870
40	0.01842	0.01565	0.01650	0.01463	0.01879	0.01804	0.01144	0.08660	0.64255	0.03093	0.02808	0.02585	0.02101	0.00958	0.00724	0.00239	0.00580	0.00793	0.00724	0.01133
41	0.01762	0.01692	0.02890	0.04371	0.70533	0.01692	0.02185	0.02185	0.01621	0.02326	0.01339	0.01762	0.01128	0.00634	0.00705	0.00211	0.00846	0.00634	0.00352	0.01128
42	0.02616	0.03009	0.01987	0.01749	0.02148	0.55477	0.01336	0.15679	0.02259	0.02321	0.01270	0.01423	0.01011	0.00761	0.00650	0.00189	0.01147	0.00503	0.03570	0.00895
43	0.02660	0.03394	0.02018	0.01834	0.02201	0.72116	0.01376	0.02843	0.02018	0.01743	0.01101	0.01284	0.00917	0.00734	0.00642	0.00183	0.01284	0.00459	0.00367	0.00825
44	0.01477	0.01266	0.01477	0.01055	0.01687	0.00949	0.00844	0.01793	0.01477	0.02320	0.01266	0.01477	0.01055	0.00527	0.00527	0.00105	0.00527	0.00422	0.00422	0.79328
45	0.00850	0.00722	0.00733	0.00730	0.00967	0.00605	0.00548	0.01038	0.01643	0.01970	0.10339	0.06777	0.67090	0.01786	0.00841	0.00240	0.00359	0.01492	0.00667	0.00605
46	0.00868	0.00620	0.00826	0.00991	0.01033	0.00578	0.00661	0.00991	0.01363	0.01818	0.03925	0.74510	0.04710	0.02231	0.00909	0.00289	0.00413	0.02024	0.00661	0.00578
47	0.00866	0.00625	0.00820	0.00976	0.01029	0.00580	0.00654	0.00993	0.01378	0.01824	0.04111	0.70684	0.08416	0.02207	0.00905	0.00286	0.00410	0.01995	0.00661	0.00580
48	0.80005	0.01377	0.01047	0.00936	0.01377	0.01597	0.00771	0.02093	0.01212	0.03195	0.00991	0.01157	0.00771	0.00661	0.00441	0.00220	0.00551	0.00386	0.00441	0.00771
49	0.01483	0.03301	0.56743	0.02240	0.03221	0.01686	0.16790	0.02261	0.01542	0.02261	0.01313	0.01594	0.00941	0.00660	0.00712	0.00229	0.01084	0.00594	0.00314	0.01032
50	0.02985	0.01548	0.01861	0.01427	0.01986	0.01546	0.01178	0.31265	0.02601	0.42437	0.02337	0.02117	0.01526	0.00870	0.00714	0.00217	0.00682	0.00684	0.00809	0.01211
51	0.80005	0.01377	0.01047	0.00936	0.01377	0.01597	0.00771	0.02093	0.01212	0.03195	0.00991	0.01157	0.00771	0.00661	0.00441	0.00220	0.00551	0.00386	0.00441	0.00771
52	0.01008	0.00728	0.00952	0.00896	0.01064	0.00672	0.00672	0.01344	0.02016	0.02855	0.70158	0.05319	0.06719	0.01456	0.00840	0.00224	0.00336	0.01288	0.00784	0.00672
53	0.80005	0.01377	0.01047	0.00936	0.01377	0.01597	0.00771	0.02093	0.01212	0.03195	0.00991	0.01157	0.00771	0.00661	0.00441	0.00220	0.00551	0.00386	0.00441	0.00771
