[name]
unknown

[dist]
# distance from previous block
# <min> <max>
10	42

[block]
# block no. 0 follows, 27 sequences, length 6
# corresponding to MSA columns:
# 44-49
name=unknown_A
#
# <colnr> <probs for GDERKNQSTAVLIFYWHMCP>
#	G	D	E	R	K	N	Q	S	T	A	V	L	I	F	Y	W	H	M	C	P
0	0.06730	0.01750	0.01905	0.01505	0.02026	0.01881	0.01225	0.45435	0.02798	0.03898	0.01845	0.06319	0.01496	0.01323	0.06658	0.00296	0.00845	0.00726	0.00657	0.10680
1	0.01488	0.00978	0.01180	0.01103	0.01375	0.00916	0.00831	0.07153	0.03986	0.10684	0.07753	0.26625	0.14451	0.05763	0.01013	0.00281	0.00523	0.05339	0.00695	0.07862
2	0.11642	0.13213	0.12522	0.02084	0.16874	0.03648	0.01555	0.08272	0.01814	0.04581	0.08685	0.05721	0.04582	0.00918	0.00685	0.00220	0.00764	0.00746	0.00490	0.00985
3	0.06075	0.01548	0.01893	0.01517	0.01945	0.01667	0.06635	0.33664	0.02512	0.03519	0.11488	0.02691	0.02247	0.06238	0.09622	0.00377	0.00894	0.00812	0.03670	0.00986
4	0.02077	0.02580	0.10662	0.14670	0.17158	0.27829	0.01848	0.04661	0.04690	0.02218	0.03753	0.01810	0.01287	0.00773	0.00714	0.00218	0.01066	0.00610	0.00405	0.00972
5	0.01730	0.04388	0.13222	0.11181	0.06138	0.05763	0.30700	0.05386	0.01742	0.02323	0.01582	0.06617	0.01323	0.00814	0.00862	0.00245	0.03800	0.00818	0.00396	0.00970

[dist]
# distance from previous block
# <min> <max>
1	2

[block]
# block no. 1 follows, 27 sequences, length 18
# corresponding to MSA columns:
# 52-69
name=unknown_B
#
# <colnr> <probs for GDERKNQSTAVLIFYWHMCP>
#	G	D	E	R	K	N	Q	S	T	A	V	L	I	F	Y	W	H	M	C	P
0	0.10862	0.37401	0.13955	0.01624	0.04815	0.08259	0.04354	0.02246	0.01573	0.02131	0.03183	0.04073	0.01267	0.00751	0.00585	0.00196	0.00863	0.00550	0.00371	0.00942
1	0.06666	0.13486	0.05340	0.01440	0.07479	0.01395	0.01101	0.05487	0.01892	0.06763	0.30312	0.06647	0.03856	0.03985	0.00861	0.00241	0.00586	0.00972	0.00626	0.00864
2	0.04093	0.00753	0.00925	0.00999	0.01129	0.00693	0.00686	0.01174	0.01450	0.02024	0.06861	0.52173	0.08368	0.07048	0.01084	0.00305	0.00460	0.01755	0.00648	0.07371
3	0.02758	0.02048	0.02192	0.01695	0.02278	0.02272	0.01396	0.62672	0.07727	0.04575	0.01864	0.01847	0.01328	0.00899	0.00743	0.00225	0.00802	0.00680	0.00743	0.01257
4	0.01784	0.05858	0.01814	0.05871	0.02029	0.01177	0.03380	0.02125	0.01676	0.12187	0.07414	0.02055	0.01705	0.00708	0.00627	0.00155	0.00614	0.00590	0.00525	0.47707
5	0.01489	0.03840	0.70064	0.02116	0.03213	0.01724	0.02743	0.02351	0.01567	0.02351	0.01332	0.01567	0.00940	0.00705	0.00705	0.00235	0.01097	0.00549	0.00313	0.01097
6	0.01984	0.57684	0.07671	0.01319	0.01944	0.02631	0.01318	0.08072	0.01696	0.02130	0.01226	0.01389	0.01053	0.00680	0.00518	0.00171	0.00781	0.00454	0.06307	0.00970
7	0.00951	0.00704	0.00879	0.00940	0.01062	0.00642	0.00659	0.01155	0.01670	0.02234	0.24760	0.37086	0.17681	0.04778	0.01022	0.00287	0.00407	0.01729	0.00720	0.00632
8	0.03214	0.07615	0.01911	0.01316	0.01896	0.01252	0.01107	0.03497	0.02071	0.63880	0.02764	0.02411	0.01761	0.00894	0.00723	0.00224	0.00646	0.00716	0.00867	0.01236
9	0.01289	0.00645	0.00967	0.00967	0.00967	0.00645	0.00645	0.00967	0.00967	0.01289	0.01289	0.02257	0.01289	0.02579	0.02901	0.78401	0.00645	0.00645	0.00322	0.00322
10	0.02084	0.00989	0.01315	0.01102	0.01463	0.00876	0.00873	0.02398	0.02094	0.33451	0.35985	0.04239	0.07449	0.01261	0.00817	0.00233	0.00480	0.01080	0.00858	0.00954
11	0.02075	0.66258	0.03686	0.01344	0.01950	0.10713	0.01289	0.02308	0.01577	0.01755	0.01045	0.01208	0.00953	0.00650	0.00498	0.00162	0.00856	0.00406	0.00325	0.00942
12	0.02822	0.02079	0.02228	0.01708	0.02302	0.02302	0.01411	0.66804	0.03490	0.04679	0.01782	0.01782	0.01262	0.00891	0.00743	0.00223	0.00817	0.00668	0.00743	0.01262
13	0.01384	0.00692	0.00692	0.00692	0.00865	0.00692	0.00519	0.01730	0.01557	0.02768	0.02422	0.02768	0.01903	0.00865	0.00519	0.00173	0.00346	0.00692	0.78031	0.00692
14	0.00900	0.00664	0.00843	0.00986	0.01064	0.00607	0.00668	0.01039	0.01467	0.01914	0.04666	0.62316	0.15649	0.02251	0.00936	0.00293	0.00422	0.02019	0.00689	0.00607
15	0.01208	0.01048	0.01004	0.00951	0.01198	0.07643	0.00716	0.01458	0.01893	0.04582	0.28509	0.05848	0.38012	0.01609	0.00852	0.00238	0.00471	0.01352	0.00712	0.00697
16	0.02182	0.02247	0.06187	0.03071	0.30870	0.13565	0.06916	0.16356	0.06290	0.02841	0.01544	0.01799	0.01210	0.00749	0.00736	0.00221	0.00967	0.00654	0.00473	0.01124
17	0.01809	0.42701	0.15567	0.01407	0.02000	0.08248	0.01422	0.02120	0.01499	0.01814	0.01317	0.01889	0.01243	0.12942	0.01089	0.00270	0.00885	0.00547	0.00345	0.00887

[dist]
# distance from previous block
# <min> <max>
0	1

[block]
# block no. 2 follows, 27 sequences, length 30
# corresponding to MSA columns:
# 71-100
name=unknown_C
#
# <colnr> <probs for GDERKNQSTAVLIFYWHMCP>
#	G	D	E	R	K	N	Q	S	T	A	V	L	I	F	Y	W	H	M	C	P
0	0.01709	0.09820	0.01766	0.03760	0.01795	0.01357	0.01005	0.09581	0.05610	0.06653	0.04628	0.16201	0.02229	0.02972	0.00771	0.00208	0.00606	0.00894	0.00569	0.27867
1	0.05912	0.23311	0.33990	0.01646	0.02454	0.01922	0.01878	0.02456	0.01618	0.12958	0.01594	0.04428	0.01236	0.00782	0.00643	0.00215	0.00883	0.00591	0.00433	0.01048
2	0.01468	0.05531	0.01286	0.01013	0.01362	0.01098	0.00806	0.09301	0.06713	0.08316	0.10214	0.05320	0.41734	0.01515	0.00817	0.00239	0.00489	0.01250	0.00707	0.00821
3	0.02184	0.10174	0.02055	0.01464	0.01933	0.01904	0.01194	0.38631	0.04986	0.03526	0.02248	0.18240	0.02094	0.01179	0.00750	0.00229	0.00704	0.00964	0.00666	0.04876
4	0.04277	0.43333	0.15582	0.01835	0.09187	0.08124	0.01656	0.02297	0.01567	0.01983	0.01132	0.01355	0.00970	0.00686	0.00629	0.00190	0.03414	0.00468	0.00332	0.00985
5	0.12779	0.07023	0.01990	0.05581	0.02111	0.10318	0.01283	0.13887	0.11158	0.05280	0.01787	0.01936	0.03669	0.00918	0.00940	0.00231	0.12214	0.00631	0.00527	0.05734
6	0.17675	0.25727	0.02475	0.01485	0.01987	0.26102	0.01245	0.08863	0.04190	0.02421	0.01216	0.01358	0.01001	0.00729	0.00576	0.00194	0.00934	0.00468	0.00425	0.00929
7	0.01242	0.00686	0.00974	0.01008	0.01059	0.00678	0.00724	0.01105	0.01172	0.01576	0.02210	0.06324	0.05534	0.02360	0.02296	0.54731	0.00613	0.10894	0.04387	0.00426
8	0.11148	0.30882	0.02544	0.01365	0.01873	0.12098	0.01181	0.11615	0.07778	0.02561	0.05205	0.02001	0.05264	0.00846	0.00608	0.00198	0.00785	0.00602	0.00490	0.00955
9	0.02309	0.01694	0.01885	0.01511	0.02000	0.01829	0.01222	0.37822	0.10395	0.06992	0.02076	0.06381	0.01651	0.01158	0.03594	0.00260	0.03480	0.00761	0.03471	0.09511
10	0.01111	0.00794	0.00986	0.01049	0.01155	0.00777	0.00735	0.05915	0.01612	0.02155	0.10168	0.42079	0.06800	0.14625	0.01424	0.00363	0.00519	0.06430	0.00663	0.00641
11	0.01704	0.01656	0.02622	0.22793	0.44310	0.04906	0.02082	0.02129	0.01637	0.02219	0.01529	0.06247	0.01344	0.00791	0.00747	0.00231	0.00905	0.00741	0.00378	0.01029
12	0.01978	0.49811	0.06920	0.01475	0.02004	0.02642	0.01420	0.05528	0.01562	0.04368	0.01143	0.01375	0.01004	0.00794	0.00902	0.00202	0.15070	0.00482	0.00362	0.00960
13	0.02979	0.01186	0.01610	0.01261	0.01774	0.01031	0.01031	0.03276	0.02121	0.59490	0.13100	0.02992	0.02634	0.01011	0.00766	0.00230	0.00588	0.00838	0.00903	0.01177
14	0.01142	0.00824	0.01031	0.01117	0.01229	0.00814	0.00779	0.09194	0.01678	0.02240	0.03805	0.64537	0.04457	0.02148	0.00922	0.00292	0.00479	0.01932	0.00696	0.00685
15	0.01283	0.00949	0.01267	0.01207	0.01445	0.00892	0.04157	0.01711	0.09334	0.06331	0.05901	0.43986	0.06420	0.01752	0.00859	0.00263	0.00512	0.01578	0.00672	0.09484
16	0.01674	0.20043	0.51168	0.01899	0.02862	0.02035	0.02332	0.05745	0.01656	0.02335	0.01287	0.01492	0.00960	0.00699	0.00654	0.00217	0.01012	0.00520	0.00337	0.01073
17	0.01209	0.00909	0.00977	0.00929	0.01214	0.00843	0.00706	0.01691	0.11519	0.07152	0.09224	0.09475	0.48039	0.01687	0.00853	0.00251	0.00428	0.01417	0.00722	0.00756
18	0.00931	0.00697	0.00825	0.00903	0.01012	0.00634	0.00611	0.01069	0.01487	0.01911	0.08105	0.37915	0.25191	0.13550	0.01373	0.00348	0.00455	0.01734	0.00657	0.00591
19	0.12386	0.26454	0.02465	0.01334	0.01919	0.04452	0.01162	0.16987	0.06365	0.02851	0.01396	0.01507	0.01120	0.00713	0.00574	0.00180	0.00726	0.00500	0.00489	0.16420
20	0.01966	0.05679	0.01776	0.01366	0.01753	0.01680	0.01098	0.33573	0.02512	0.03337	0.08431	0.11155	0.12571	0.04690	0.01015	0.00262	0.04471	0.01028	0.00674	0.00964
21	0.01642	0.05489	0.03395	0.06793	0.03130	0.01920	0.37073	0.02085	0.01530	0.02118	0.01479	0.05419	0.01285	0.01075	0.03905	0.00303	0.19242	0.00839	0.00373	0.00908
22	0.02109	0.01611	0.01887	0.01595	0.06878	0.01542	0.01189	0.22416	0.08474	0.07705	0.01738	0.01819	0.01316	0.00732	0.00656	0.00175	0.00666	0.00585	0.00591	0.36316
23	0.04605	0.10301	0.28944	0.05461	0.02746	0.03987	0.13335	0.02077	0.01620	0.02220	0.02541	0.02711	0.14497	0.00920	0.00736	0.00232	0.00930	0.00790	0.00409	0.00937
24	0.04905	0.01333	0.01481	0.01248	0.01595	0.01387	0.00966	0.25671	0.02195	0.09347	0.02684	0.03758	0.07703	0.22771	0.01665	0.00381	0.00704	0.06323	0.00643	0.03243
25	0.01524	0.01164	0.01416	0.01226	0.01474	0.01195	0.03449	0.14442	0.04875	0.02458	0.05644	0.14801	0.02684	0.27990	0.01947	0.00414	0.03239	0.01081	0.00571	0.08407
26	0.09806	0.08605	0.07249	0.05077	0.02137	0.07346	0.01300	0.14471	0.02155	0.22877	0.09743	0.02291	0.01970	0.00897	0.00698	0.00220	0.00756	0.00694	0.00652	0.01055
27	0.01808	0.05902	0.01776	0.01471	0.05171	0.04063	0.01096	0.16081	0.06267	0.04648	0.12747	0.05596	0.02517	0.08303	0.04561	0.00309	0.04102	0.00836	0.00591	0.12155
28	0.02291	0.09524	0.02072	0.01493	0.01966	0.01915	0.01242	0.38114	0.04732	0.06979	0.04217	0.05263	0.01969	0.04014	0.04595	0.00302	0.00815	0.06757	0.00672	0.01068
29	0.09251	0.01673	0.07568	0.12725	0.02510	0.01591	0.01420	0.18978	0.05601	0.19574	0.04538	0.05091	0.01807	0.00969	0.00739	0.00240	0.00752	0.03249	0.00657	0.01065

[dist]
# distance from previous block
# <min> <max>
43	165

[block]
# block no. 3 follows, 27 sequences, length 7
# corresponding to MSA columns:
# 290-296
name=unknown_D
#
# <colnr> <probs for GDERKNQSTAVLIFYWHMCP>
#	G	D	E	R	K	N	Q	S	T	A	V	L	I	F	Y	W	H	M	C	P
0	0.22483	0.08341	0.19244	0.07725	0.15874	0.07769	0.01770	0.02259	0.01531	0.02467	0.01254	0.01607	0.01011	0.02944	0.00721	0.00236	0.00889	0.00538	0.00375	0.00960
1	0.02449	0.16696	0.02581	0.02109	0.10690	0.39890	0.01517	0.08001	0.02004	0.02118	0.01201	0.01425	0.01010	0.00765	0.00737	0.00198	0.04755	0.00510	0.00395	0.00949
2	0.02011	0.25121	0.02219	0.01162	0.01673	0.01591	0.00998	0.02276	0.01707	0.18373	0.10800	0.02479	0.02158	0.06917	0.00886	0.00222	0.00637	0.00674	0.00566	0.17527
3	0.01041	0.00713	0.00861	0.00897	0.00919	0.00718	0.00550	0.01096	0.01162	0.01563	0.02663	0.18779	0.03065	0.51911	0.10324	0.00684	0.00795	0.01262	0.00494	0.00504
4	0.01204	0.00943	0.01371	0.05539	0.01674	0.00934	0.06095	0.05213	0.01579	0.02109	0.03241	0.38176	0.03650	0.10978	0.01274	0.00342	0.00632	0.11106	0.00606	0.03333
5	0.01751	0.01543	0.01698	0.01342	0.01825	0.05902	0.01068	0.11306	0.01797	0.02573	0.01626	0.09199	0.01502	0.00897	0.00867	0.00179	0.09751	0.00679	0.00492	0.44002
6	0.04291	0.01869	0.01820	0.01811	0.09031	0.14508	0.01276	0.06657	0.28017	0.07090	0.02865	0.02802	0.10187	0.01025	0.00801	0.00236	0.03248	0.00810	0.00623	0.01035

[dist]
# distance from previous block
# <min> <max>
6	20

[block]
# block no. 4 follows, 27 sequences, length 10
# corresponding to MSA columns:
# 318-327
name=unknown_E
#
# <colnr> <probs for GDERKNQSTAVLIFYWHMCP>
#	G	D	E	R	K	N	Q	S	T	A	V	L	I	F	Y	W	H	M	C	P
0	0.01464	0.10187	0.04000	0.01156	0.01456	0.01226	0.00939	0.08330	0.04463	0.05971	0.15075	0.22090	0.09775	0.05819	0.04395	0.00318	0.00629	0.01257	0.00645	0.00804
1	0.14286	0.38049	0.12800	0.01598	0.05149	0.13174	0.01483	0.02354	0.01580	0.02128	0.01111	0.01301	0.00938	0.00676	0.00549	0.00189	0.00893	0.00445	0.00352	0.00946
2	0.01440	0.01039	0.01247	0.01193	0.01373	0.01110	0.00895	0.14599	0.01877	0.02614	0.07993	0.31771	0.03504	0.07295	0.01186	0.00303	0.05752	0.04877	0.09169	0.00762
3	0.07774	0.14844	0.18263	0.05398	0.05407	0.16075	0.01696	0.13696	0.02009	0.02632	0.04596	0.01695	0.01301	0.00777	0.00659	0.00211	0.00956	0.00568	0.00442	0.01002
4	0.01748	0.01213	0.01398	0.01210	0.01495	0.01259	0.00915	0.23919	0.02292	0.06134	0.21007	0.13891	0.03690	0.14808	0.01372	0.00330	0.00604	0.01147	0.00709	0.00859
5	0.02228	0.01757	0.06400	0.01507	0.02019	0.01704	0.01272	0.32173	0.11306	0.08908	0.02212	0.10267	0.01832	0.01128	0.00870	0.04579	0.00713	0.00836	0.00675	0.07615
6	0.05175	0.02097	0.21015	0.01542	0.02166	0.03946	0.01524	0.04567	0.14967	0.21068	0.06334	0.05094	0.05254	0.00991	0.00743	0.00238	0.00748	0.00805	0.00647	0.01079
7	0.01359	0.16600	0.07900	0.01256	0.01576	0.01488	0.01105	0.01736	0.05819	0.01867	0.02304	0.06554	0.06708	0.13621	0.22359	0.00592	0.05100	0.00851	0.00437	0.00767
8	0.09093	0.02378	0.31633	0.01653	0.02399	0.01391	0.06098	0.02160	0.01673	0.06402	0.13533	0.02326	0.02105	0.00831	0.00701	0.00215	0.00808	0.00693	0.00477	0.13432
9	0.05323	0.01430	0.10074	0.01303	0.01689	0.01191	0.01186	0.06650	0.11633	0.02713	0.16364	0.05079	0.14425	0.01439	0.00842	0.00264	0.00611	0.16264	0.00666	0.00851

[dist]
# distance from previous block
# <min> <max>
3	24

[block]
# block no. 5 follows, 27 sequences, length 14
# corresponding to MSA columns:
# 352-365
name=unknown_F
#
# <colnr> <probs for GDERKNQSTAVLIFYWHMCP>
#	G	D	E	R	K	N	Q	S	T	A	V	L	I	F	Y	W	H	M	C	P
0	0.01905	0.11900	0.20879	0.02309	0.05741	0.09123	0.23629	0.02450	0.01752	0.07218	0.04903	0.01926	0.01392	0.00731	0.00742	0.00225	0.01054	0.00691	0.00415	0.01017
1	0.01881	0.34821	0.15351	0.03931	0.02224	0.10631	0.01521	0.06613	0.01726	0.02095	0.01773	0.01952	0.06875	0.01060	0.04427	0.00248	0.00954	0.00585	0.00391	0.00941
2	0.00877	0.00752	0.00752	0.00752	0.01003	0.00627	0.00564	0.01065	0.01692	0.02005	0.07520	0.07144	0.68978	0.01880	0.00877	0.00251	0.00376	0.01567	0.00689	0.00627
3	0.01080	0.00720	0.00810	0.00810	0.00810	0.00720	0.00450	0.01080	0.01080	0.01439	0.02339	0.04858	0.02699	0.73910	0.03779	0.00720	0.00720	0.01080	0.00450	0.00450
4	0.01694	0.01610	0.02727	0.14208	0.41857	0.01720	0.06468	0.02118	0.01600	0.02279	0.01508	0.02191	0.01298	0.00812	0.00929	0.00241	0.08439	0.03638	0.03634	0.01029
5	0.01071	0.01023	0.06910	0.01017	0.01279	0.00781	0.00862	0.01449	0.02014	0.02826	0.56912	0.05364	0.12707	0.01484	0.00861	0.00235	0.00417	0.01297	0.00761	0.00727
6	0.01289	0.00645	0.00967	0.00967	0.00967	0.00645	0.00645	0.00967	0.00967	0.01289	0.01289	0.02257	0.01289	0.02579	0.02901	0.78401	0.00645	0.00645	0.00322	0.00322
7	0.01944	0.57832	0.15422	0.01456	0.02158	0.06685	0.01539	0.02289	0.01553	0.01857	0.01092	0.01266	0.00951	0.00655	0.00528	0.00174	0.00879	0.00428	0.00321	0.00973
8	0.00902	0.00655	0.00852	0.01009	0.01070	0.00605	0.00678	0.01036	0.01445	0.01905	0.04387	0.67724	0.10422	0.02287	0.00942	0.00297	0.00426	0.02064	0.00689	0.00605
9	0.13570	0.33865	0.17960	0.01650	0.05230	0.09555	0.01598	0.05049	0.01639	0.02281	0.01160	0.01347	0.00951	0.00685	0.00568	0.00195	0.00891	0.00464	0.00365	0.00976
10	0.00938	0.00750	0.00813	0.00799	0.01007	0.00653	0.00583	0.01143	0.01720	0.02166	0.20884	0.06541	0.47952	0.09383	0.01182	0.00296	0.00406	0.01465	0.00693	0.00625
11	0.01550	0.01282	0.01500	0.01115	0.01693	0.01034	0.00888	0.06254	0.01763	0.02663	0.12098	0.02193	0.02050	0.00727	0.00615	0.00137	0.00536	0.00599	0.00521	0.60782
12	0.14422	0.29619	0.06479	0.01323	0.01933	0.02110	0.01230	0.13222	0.01888	0.09011	0.03471	0.01611	0.01265	0.00736	0.00577	0.00189	0.00726	0.00519	0.00496	0.09172
13	0.01508	0.12730	0.54143	0.01881	0.02821	0.01775	0.02335	0.02234	0.01616	0.02338	0.08407	0.01937	0.01581	0.00782	0.00693	0.00225	0.00979	0.00612	0.00367	0.01036

[dist]
# distance from previous block
# <min> <max>
0	3

[block]
# block no. 6 follows, 27 sequences, length 14
# corresponding to MSA columns:
# 370-383
name=unknown_G
#
# <colnr> <probs for GDERKNQSTAVLIFYWHMCP>
#	G	D	E	R	K	N	Q	S	T	A	V	L	I	F	Y	W	H	M	C	P
0	0.01543	0.08736	0.60728	0.02127	0.03167	0.01821	0.07128	0.02344	0.01576	0.02310	0.01323	0.01571	0.00954	0.00695	0.00701	0.00231	0.01086	0.00561	0.00318	0.01080
1	0.09137	0.61793	0.06161	0.01273	0.01891	0.02690	0.01272	0.02188	0.01475	0.01918	0.01082	0.01276	0.00974	0.00840	0.03300	0.00210	0.00833	0.00419	0.00334	0.00933
2	0.17354	0.12836	0.41066	0.01786	0.02637	0.06248	0.03814	0.02339	0.01537	0.02434	0.01224	0.01441	0.00921	0.00694	0.00627	0.00221	0.00970	0.00503	0.00350	0.01001
3	0.00945	0.00663	0.00850	0.00982	0.01015	0.00630	0.00634	0.01044	0.01343	0.01790	0.03688	0.57653	0.04401	0.18793	0.01599	0.00398	0.00497	0.01873	0.00634	0.00568
4	0.11256	0.00983	0.01098	0.01017	0.01299	0.00983	0.00790	0.01897	0.10072	0.07038	0.33523	0.04873	0.17131	0.01401	0.00805	0.00243	0.00444	0.03613	0.00740	0.00793
5	0.01721	0.01759	0.05245	0.03651	0.48804	0.04969	0.04022	0.02169	0.03498	0.02327	0.01852	0.13051	0.01770	0.00937	0.00769	0.00234	0.00846	0.00887	0.00427	0.01062
6	0.01709	0.02305	0.15197	0.02962	0.03770	0.01852	0.56071	0.02374	0.01722	0.02374	0.01474	0.01931	0.01096	0.00639	0.00848	0.00248	0.01226	0.00822	0.00365	0.01017
7	0.00924	0.00658	0.00868	0.01015	0.01065	0.00616	0.00678	0.01062	0.01452	0.01949	0.08619	0.65069	0.04946	0.05942	0.01088	0.00318	0.00440	0.02003	0.00686	0.00602
8	0.02367	0.06864	0.07329	0.02427	0.16602	0.43731	0.01681	0.02718	0.03738	0.02015	0.01281	0.01534	0.01061	0.00863	0.02499	0.00227	0.01190	0.00536	0.00381	0.00954
9	0.01839	0.02044	0.09788	0.04205	0.59939	0.04475	0.02292	0.02313	0.01694	0.02394	0.01380	0.01790	0.01143	0.00670	0.00729	0.00221	0.00922	0.00643	0.00363	0.01156
10	0.02939	0.01178	0.01587	0.01246	0.01757	0.01022	0.01018	0.03228	0.02099	0.58531	0.10696	0.03119	0.06037	0.01039	0.00768	0.00231	0.00586	0.00859	0.00895	0.01165
11	0.01197	0.00732	0.00956	0.01041	0.01169	0.00665	0.00726	0.01351	0.01534	0.10174	0.04288	0.58268	0.10843	0.02111	0.00916	0.00288	0.00450	0.01891	0.00717	0.00686
12	0.07159	0.13502	0.06651	0.03776	0.02073	0.03544	0.01288	0.18712	0.06866	0.16305	0.06918	0.06183	0.01958	0.00957	0.00700	0.00222	0.00726	0.00753	0.00643	0.01063
13	0.21458	0.16465	0.33715	0.05604	0.02574	0.01916	0.01873	0.02300	0.01492	0.04699	0.01251	0.01458	0.00941	0.00697	0.00602	0.00220	0.00884	0.00495	0.00373	0.00985

[dist]
# distance from previous block
# <min> <max>
17	36

[block]
# block no. 7 follows, 27 sequences, length 13
# corresponding to MSA columns:
# 421-433
name=unknown_H
#
# <colnr> <probs for GDERKNQSTAVLIFYWHMCP>
#	G	D	E	R	K	N	Q	S	T	A	V	L	I	F	Y	W	H	M	C	P
0	0.01010	0.00762	0.00957	0.00987	0.01157	0.00679	0.00714	0.01235	0.01666	0.02264	0.21738	0.36340	0.14248	0.01871	0.00885	0.00260	0.00423	0.04358	0.00701	0.07745
1	0.01963	0.65126	0.06667	0.01325	0.01951	0.05918	0.01322	0.02231	0.01561	0.01824	0.03647	0.01381	0.01184	0.00678	0.00511	0.00167	0.00816	0.00444	0.00339	0.00945
2	0.02141	0.50989	0.03336	0.01463	0.02001	0.12210	0.01339	0.08488	0.01747	0.02042	0.01115	0.01308	0.00985	0.00738	0.00708	0.00185	0.07425	0.00457	0.00368	0.00957
3	0.00899	0.00666	0.00841	0.00980	0.01063	0.00607	0.00665	0.01040	0.01473	0.01916	0.04741	0.60867	0.17050	0.02241	0.00934	0.00292	0.00420	0.02007	0.00689	0.00607
4	0.00943	0.00755	0.00842	0.00820	0.01043	0.00654	0.00615	0.01192	0.01846	0.02371	0.30606	0.06543	0.45664	0.01744	0.00877	0.00244	0.00366	0.01482	0.00737	0.00654
5	0.02905	0.01763	0.05325	0.01522	0.02098	0.04365	0.01298	0.26932	0.02555	0.35803	0.02300	0.02175	0.01544	0.01140	0.04494	0.00277	0.00825	0.00699	0.00774	0.01206
6	0.60087	0.01592	0.04039	0.01140	0.01651	0.01691	0.00980	0.09973	0.01618	0.09521	0.01307	0.01409	0.00958	0.00735	0.00529	0.00229	0.00629	0.00471	0.00529	0.00912
7	0.00920	0.00735	0.00830	0.00886	0.01074	0.00645	0.00658	0.01114	0.01643	0.02038	0.08856	0.23658	0.44612	0.01992	0.00908	0.00271	0.00417	0.07420	0.00694	0.00629
8	0.05559	0.20128	0.02349	0.01376	0.01960	0.01841	0.01190	0.15255	0.04494	0.35279	0.02161	0.02004	0.01480	0.00836	0.00667	0.00211	0.00705	0.00633	0.00709	0.01164
9	0.09386	0.61506	0.06324	0.01275	0.01893	0.02686	0.01275	0.02190	0.01475	0.01924	0.01082	0.01274	0.00972	0.00832	0.03179	0.00208	0.00831	0.00419	0.00334	0.00933
10	0.00935	0.00668	0.00897	0.01069	0.01125	0.00629	0.00742	0.01087	0.01452	0.01929	0.04075	0.66595	0.04843	0.02297	0.00956	0.00306	0.00457	0.08639	0.00689	0.00611
11	0.02822	0.02079	0.02228	0.01708	0.02302	0.02302	0.01411	0.66804	0.03490	0.04679	0.01782	0.01782	0.01262	0.00891	0.00743	0.00223	0.00817	0.00668	0.00743	0.01262
12	0.00904	0.00646	0.00861	0.01034	0.01077	0.00603	0.00689	0.01034	0.01421	0.01895	0.04092	0.73426	0.04910	0.02326	0.00948	0.00301	0.00431	0.02110	0.00689	0.00603

[dist]
# distance from previous block
# <min> <max>
0	6

# created by:
# /st0/software/busco_prod/Augustus/scripts/msa2prfl.pl ./align_prep/159994.fa
