[name]
unknown

[dist]
# distance from previous block
# <min> <max>
0	15

[block]
# block no. 0 follows, 30 sequences, length 35
# corresponding to MSA columns:
# 15-49
name=unknown_A
#
# <colnr> <probs for GDERKNQSTAVLIFYWHMCP>
#	G	D	E	R	K	N	Q	S	T	A	V	L	I	F	Y	W	H	M	C	P
0	0.30540	0.01323	0.01387	0.05310	0.04520	0.01441	0.01001	0.11774	0.05447	0.02836	0.02065	0.04666	0.08015	0.00918	0.00663	0.00216	0.03158	0.03504	0.02333	0.08884
1	0.01388	0.01246	0.01914	0.17769	0.09538	0.01481	0.05155	0.04117	0.01374	0.01931	0.04349	0.09004	0.01721	0.06954	0.04650	0.02818	0.20806	0.00819	0.02213	0.00755
2	0.01187	0.00794	0.00971	0.04041	0.01197	0.00776	0.00675	0.03651	0.01504	0.06864	0.15068	0.09307	0.16832	0.24301	0.06974	0.00432	0.00619	0.01131	0.03051	0.00624
3	0.01425	0.01034	0.01272	0.04384	0.03752	0.01076	0.00927	0.13362	0.07494	0.04166	0.02803	0.31569	0.02939	0.07955	0.01073	0.02117	0.00565	0.05231	0.03812	0.03042
4	0.05148	0.01712	0.02527	0.12702	0.51170	0.07955	0.01951	0.02127	0.01582	0.02196	0.01346	0.01878	0.01145	0.00684	0.00684	0.00212	0.00862	0.02756	0.00356	0.01006
5	0.02269	0.16622	0.02448	0.01751	0.02136	0.43506	0.05413	0.04767	0.01778	0.01817	0.01078	0.01320	0.00920	0.00758	0.00827	0.00195	0.10717	0.00485	0.00352	0.00840
6	0.01752	0.01394	0.01581	0.01194	0.01744	0.01264	0.00958	0.21593	0.02004	0.02894	0.04128	0.06110	0.01504	0.00747	0.00605	0.00150	0.00578	0.00604	0.00525	0.48670
7	0.00865	0.00708	0.00762	0.00749	0.00967	0.00606	0.00562	0.01079	0.01685	0.02109	0.22704	0.06347	0.55065	0.01684	0.00824	0.00232	0.00348	0.01421	0.00678	0.00606
8	0.02341	0.01177	0.01714	0.01848	0.17353	0.01082	0.01176	0.02612	0.01754	0.40628	0.04217	0.09039	0.02037	0.06834	0.00940	0.00255	0.00624	0.00837	0.02505	0.01026
9	0.00974	0.00671	0.00790	0.00818	0.00847	0.00665	0.00498	0.01022	0.01112	0.01477	0.02758	0.16790	0.06980	0.53691	0.07471	0.00611	0.00688	0.01193	0.00472	0.00471
10	0.00954	0.00699	0.00902	0.00922	0.01066	0.00646	0.00690	0.01221	0.01757	0.02408	0.42615	0.20933	0.12643	0.01680	0.00852	0.00245	0.00380	0.08040	0.00716	0.00629
11	0.06120	0.00904	0.00983	0.00934	0.01118	0.00953	0.00679	0.09060	0.06678	0.02425	0.04740	0.14588	0.02426	0.15047	0.03324	0.03073	0.00537	0.00948	0.24780	0.00683
12	0.05403	0.00754	0.00910	0.00945	0.01110	0.00722	0.00717	0.01284	0.03362	0.02245	0.24695	0.21417	0.17801	0.01722	0.00901	0.03003	0.00426	0.11296	0.00662	0.00626
13	0.00976	0.00680	0.00870	0.00925	0.01052	0.00621	0.00662	0.01179	0.01596	0.04529	0.24444	0.39741	0.14395	0.01844	0.00857	0.00256	0.00389	0.03671	0.00691	0.00621
14	0.00955	0.00708	0.00890	0.00852	0.01024	0.00643	0.00636	0.01250	0.01887	0.02605	0.57439	0.07945	0.17557	0.01512	0.00826	0.00225	0.00336	0.01324	0.00743	0.00643
15	0.02037	0.01553	0.01660	0.01384	0.01791	0.01731	0.01091	0.33438	0.26114	0.03397	0.02241	0.04868	0.01798	0.08124	0.00973	0.00264	0.00646	0.00770	0.05088	0.01033
16	0.05561	0.00833	0.00975	0.00943	0.01147	0.00813	0.00698	0.01589	0.08812	0.06154	0.29671	0.18740	0.15273	0.04524	0.00908	0.00255	0.00412	0.01301	0.00691	0.00700
17	0.01807	0.01062	0.01153	0.00981	0.01286	0.01102	0.00778	0.20354	0.02049	0.08955	0.07102	0.02515	0.01964	0.00869	0.00588	0.00184	0.00471	0.00693	0.45244	0.00845
18	0.01468	0.00872	0.00912	0.00831	0.01027	0.00907	0.00614	0.12641	0.01676	0.02652	0.02161	0.02838	0.01837	0.15635	0.01131	0.00272	0.00468	0.00719	0.50645	0.00694
19	0.01090	0.00762	0.00925	0.00962	0.01096	0.00739	0.00688	0.01391	0.06955	0.04957	0.09945	0.28777	0.13630	0.16576	0.01393	0.00347	0.00489	0.08022	0.00628	0.00628
20	0.01206	0.00916	0.01029	0.01005	0.01185	0.00934	0.00726	0.08256	0.10736	0.02133	0.03768	0.20504	0.17902	0.20495	0.01517	0.00362	0.00535	0.05513	0.00603	0.00675
21	0.00916	0.00705	0.00837	0.00816	0.01002	0.00626	0.00608	0.01174	0.01789	0.02383	0.42023	0.09698	0.31696	0.01603	0.00827	0.00229	0.00343	0.01385	0.00714	0.00626
22	0.01001	0.00797	0.01118	0.01081	0.01254	0.00753	0.05454	0.01334	0.05415	0.02206	0.24298	0.34112	0.13353	0.01714	0.00849	0.00253	0.00444	0.03242	0.00667	0.00656
23	0.01055	0.00797	0.00865	0.00874	0.01085	0.00766	0.00665	0.01490	0.10126	0.02151	0.06931	0.11796	0.35145	0.03493	0.00848	0.00248	0.00414	0.07578	0.13006	0.00664
24	0.00978	0.00740	0.00856	0.00874	0.01017	0.00701	0.00625	0.01242	0.05290	0.01965	0.15188	0.14891	0.25416	0.19590	0.01500	0.00354	0.00471	0.07097	0.00616	0.00591
25	0.02396	0.01827	0.01950	0.01554	0.02066	0.02044	0.01264	0.50561	0.21934	0.03984	0.02002	0.01935	0.01451	0.00868	0.00701	0.00217	0.00707	0.00673	0.00701	0.01164
26	0.01223	0.00812	0.01034	0.01039	0.01206	0.00795	0.00805	0.01565	0.05775	0.07054	0.21847	0.07871	0.06349	0.17163	0.01430	0.00352	0.00537	0.21830	0.00651	0.00663
27	0.00872	0.00620	0.00818	0.00958	0.00998	0.00590	0.00635	0.00987	0.01297	0.01734	0.03609	0.65385	0.04301	0.09308	0.04033	0.00355	0.00490	0.01842	0.00615	0.00555
28	0.01533	0.01490	0.02210	0.36328	0.26280	0.06270	0.01825	0.02029	0.05640	0.02012	0.01534	0.06968	0.01318	0.00794	0.00705	0.00224	0.00859	0.00715	0.00373	0.00893
29	0.00923	0.00710	0.01057	0.01099	0.01201	0.00662	0.05429	0.01101	0.01433	0.01933	0.11581	0.61626	0.04598	0.01984	0.00878	0.00272	0.00450	0.01817	0.00641	0.00604
30	0.01509	0.01393	0.01497	0.01152	0.01664	0.07065	0.00909	0.01783	0.01457	0.02148	0.01387	0.06613	0.01266	0.00702	0.00681	0.00137	0.05900	0.00541	0.00418	0.61778
31	0.01581	0.29913	0.39482	0.01620	0.02418	0.02015	0.01902	0.02241	0.06282	0.02071	0.03596	0.01548	0.01167	0.00684	0.00593	0.00196	0.00869	0.00508	0.00341	0.00974
32	0.01588	0.01045	0.01219	0.01051	0.01390	0.00992	0.00819	0.10688	0.06854	0.13501	0.17445	0.10846	0.20121	0.01302	0.00759	0.00219	0.00475	0.01101	0.00697	0.07888
33	0.01848	0.04618	0.04270	0.01604	0.07313	0.01557	0.03544	0.15862	0.18127	0.04661	0.01750	0.01817	0.01340	0.00712	0.00631	0.00178	0.00652	0.00586	0.00537	0.28394
34	0.01476	0.01279	0.01502	0.01313	0.01636	0.06491	0.06613	0.03850	0.18362	0.04704	0.12999	0.14710	0.07790	0.03804	0.00858	0.00243	0.00599	0.03498	0.00615	0.07659

[dist]
# distance from previous block
# <min> <max>
7	20

[block]
# block no. 1 follows, 30 sequences, length 42
# corresponding to MSA columns:
# 71-112
name=unknown_B
#
# <colnr> <probs for GDERKNQSTAVLIFYWHMCP>
#	G	D	E	R	K	N	Q	S	T	A	V	L	I	F	Y	W	H	M	C	P
0	0.06744	0.03822	0.04739	0.05265	0.14917	0.16802	0.06241	0.04225	0.01663	0.07341	0.01912	0.14781	0.01818	0.01121	0.02586	0.00247	0.00865	0.03578	0.00466	0.00866
1	0.12978	0.26583	0.04687	0.07260	0.08898	0.04817	0.01339	0.09555	0.06230	0.07602	0.01373	0.01521	0.01076	0.00707	0.00615	0.00196	0.02659	0.00512	0.00439	0.00952
2	0.14331	0.16982	0.19615	0.06505	0.06281	0.05252	0.01502	0.02016	0.01400	0.03716	0.01317	0.03814	0.01149	0.06539	0.00868	0.00239	0.03385	0.00560	0.00364	0.04166
3	0.14802	0.01979	0.17131	0.10388	0.08199	0.06512	0.01526	0.10333	0.01737	0.04854	0.06329	0.04120	0.03688	0.00819	0.00650	0.00212	0.00775	0.00650	0.00457	0.04840
4	0.00852	0.00663	0.00774	0.00841	0.00983	0.00586	0.00595	0.01018	0.01514	0.01926	0.11733	0.37054	0.35129	0.01922	0.00854	0.00255	0.00374	0.01681	0.00659	0.00586
5	0.76529	0.01380	0.01079	0.00952	0.01390	0.01595	0.00784	0.05379	0.01292	0.03194	0.01007	0.01161	0.00777	0.00657	0.00445	0.00216	0.00551	0.00390	0.00445	0.00777
6	0.01599	0.01591	0.05087	0.07109	0.37595	0.04664	0.01663	0.02217	0.12686	0.02187	0.01744	0.04607	0.01538	0.09042	0.03441	0.00297	0.00822	0.00729	0.00421	0.00961
7	0.00990	0.00666	0.00768	0.00793	0.00799	0.00660	0.00457	0.01008	0.01064	0.01418	0.02449	0.15260	0.02852	0.64352	0.03148	0.00617	0.00635	0.01162	0.00457	0.00445
8	0.73331	0.01335	0.01080	0.00947	0.01389	0.01516	0.00780	0.02175	0.01262	0.09400	0.01135	0.01247	0.00845	0.00668	0.00457	0.00216	0.00545	0.00408	0.00471	0.00795
9	0.01644	0.06801	0.45677	0.02247	0.13150	0.10811	0.02216	0.02338	0.04757	0.02161	0.01299	0.01520	0.00979	0.00674	0.00654	0.00211	0.00993	0.00529	0.00330	0.01011
10	0.01096	0.00807	0.01072	0.01193	0.01365	0.00799	0.01012	0.01460	0.04464	0.02114	0.06880	0.11351	0.11245	0.01863	0.00928	0.00302	0.00581	0.50165	0.00652	0.00652
11	0.01074	0.00775	0.01057	0.01173	0.01333	0.00757	0.00994	0.01381	0.01658	0.02187	0.15395	0.10210	0.07870	0.01844	0.00929	0.00298	0.00564	0.49198	0.00665	0.00639
12	0.00856	0.00704	0.00756	0.00777	0.00986	0.00605	0.00585	0.01046	0.01593	0.01947	0.10678	0.12831	0.56643	0.01793	0.00839	0.00244	0.00374	0.05490	0.00655	0.00595
13	0.18351	0.13365	0.43615	0.01694	0.02519	0.01779	0.05282	0.02160	0.01413	0.02327	0.01160	0.01371	0.00867	0.00647	0.00591	0.00210	0.00893	0.00481	0.00327	0.00949
14	0.01124	0.00803	0.01124	0.01285	0.01446	0.00803	0.01124	0.01446	0.01606	0.02088	0.03695	0.07871	0.04016	0.01928	0.00964	0.00321	0.00643	0.66426	0.00643	0.00643
15	0.00850	0.00607	0.00810	0.00972	0.01012	0.00567	0.00648	0.00972	0.01336	0.01781	0.03846	0.75020	0.04615	0.02186	0.00891	0.00283	0.00405	0.01984	0.00648	0.00567
16	0.01447	0.01240	0.01447	0.01034	0.01654	0.00930	0.00827	0.01757	0.01447	0.02274	0.01240	0.01447	0.01034	0.00517	0.00517	0.00103	0.00517	0.00413	0.00413	0.79742
17	0.01525	0.02746	0.38061	0.07766	0.03375	0.03715	0.28350	0.02204	0.01550	0.02173	0.01309	0.01657	0.00956	0.00638	0.00728	0.00226	0.01087	0.00642	0.00321	0.00970
18	0.01845	0.72668	0.06702	0.01230	0.01846	0.02710	0.01256	0.02095	0.01420	0.01667	0.00983	0.01135	0.00895	0.00600	0.00457	0.00152	0.00759	0.00379	0.00298	0.00902
19	0.00850	0.00607	0.00810	0.00972	0.01012	0.00567	0.00648	0.00972	0.01336	0.01781	0.03846	0.75020	0.04615	0.02186	0.00891	0.00283	0.00405	0.01984	0.00648	0.00567
20	0.13256	0.01112	0.01385	0.01110	0.01560	0.01018	0.00902	0.02698	0.01855	0.44410	0.16772	0.02759	0.02585	0.00936	0.00681	0.00211	0.00527	0.00762	0.00763	0.04697
21	0.01015	0.00677	0.00761	0.00761	0.00761	0.00677	0.00423	0.01015	0.01015	0.01353	0.02199	0.04567	0.02537	0.75476	0.03552	0.00677	0.00677	0.01015	0.00423	0.00423
22	0.01736	0.01499	0.01578	0.01420	0.01815	0.01736	0.01105	0.03708	0.69862	0.02919	0.02840	0.02604	0.02130	0.00947	0.00710	0.00237	0.00552	0.00789	0.00710	0.01105
23	0.01311	0.00773	0.00994	0.00937	0.01151	0.00693	0.00702	0.01563	0.01787	0.14532	0.35282	0.19893	0.14582	0.01540	0.00816	0.00235	0.00395	0.01349	0.00742	0.00722
24	0.01015	0.00677	0.00761	0.00761	0.00761	0.00677	0.00423	0.01015	0.01015	0.01353	0.02199	0.04567	0.02537	0.75476	0.03552	0.00677	0.00677	0.01015	0.00423	0.00423
25	0.00939	0.00690	0.00881	0.00894	0.01037	0.00632	0.00656	0.01198	0.01758	0.02411	0.44092	0.22519	0.14069	0.01672	0.00845	0.00241	0.00362	0.03758	0.00719	0.00627
26	0.01447	0.01240	0.01447	0.01034	0.01654	0.00930	0.00827	0.01757	0.01447	0.02274	0.01240	0.01447	0.01034	0.00517	0.00517	0.00103	0.00517	0.00413	0.00413	0.79742
27	0.02653	0.01955	0.02094	0.01606	0.02164	0.02164	0.01326	0.68796	0.03281	0.04398	0.01675	0.01675	0.01187	0.00838	0.00698	0.00209	0.00768	0.00628	0.00698	0.01187
28	0.01442	0.07709	0.56731	0.02062	0.06089	0.01659	0.06811	0.02161	0.01509	0.02206	0.04355	0.01658	0.01162	0.00686	0.00669	0.00217	0.00983	0.00566	0.00322	0.01004
29	0.01596	0.02010	0.17912	0.06501	0.44392	0.01600	0.02079	0.02208	0.06847	0.02268	0.01533	0.05179	0.01293	0.00733	0.00696	0.00217	0.00837	0.00675	0.00375	0.01049
30	0.03079	0.01271	0.01671	0.01281	0.01823	0.01149	0.01058	0.10477	0.02136	0.64334	0.02636	0.02299	0.01669	0.00861	0.00701	0.00215	0.00613	0.00694	0.00846	0.01187
31	0.01015	0.00677	0.00761	0.00761	0.00761	0.00677	0.00423	0.01015	0.01015	0.01353	0.02199	0.04567	0.02537	0.75476	0.03552	0.00677	0.00677	0.01015	0.00423	0.00423
32	0.04728	0.09614	0.34030	0.07596	0.11422	0.01792	0.06706	0.08297	0.05052	0.02405	0.01350	0.01591	0.01013	0.00678	0.00656	0.00214	0.00914	0.00563	0.00370	0.01009
33	0.01318	0.01240	0.02093	0.73798	0.04806	0.01550	0.01938	0.01783	0.01395	0.01783	0.01240	0.01860	0.00930	0.00698	0.00698	0.00233	0.00930	0.00620	0.00310	0.00775
34	0.01830	0.70433	0.08810	0.01254	0.01884	0.02675	0.01299	0.02099	0.01422	0.01685	0.00991	0.01146	0.00895	0.00602	0.00464	0.00155	0.00768	0.00384	0.00298	0.00906
35	0.00850	0.00607	0.00810	0.00972	0.01012	0.00567	0.00648	0.00972	0.01336	0.01781	0.03846	0.75020	0.04615	0.02186	0.00891	0.00283	0.00405	0.01984	0.00648	0.00567
36	0.28922	0.01352	0.01835	0.38484	0.06364	0.01603	0.04122	0.03976	0.01391	0.02370	0.01162	0.01588	0.00890	0.00690	0.00650	0.00227	0.02660	0.00544	0.00368	0.00802
37	0.00864	0.00617	0.00826	0.00988	0.01034	0.00579	0.00672	0.00996	0.01350	0.01797	0.03838	0.71617	0.04585	0.02173	0.00894	0.00285	0.00417	0.05250	0.00648	0.00571
38	0.14145	0.07000	0.02239	0.23467	0.11502	0.08860	0.06360	0.10531	0.05172	0.02457	0.01320	0.01633	0.01021	0.00698	0.00640	0.00213	0.00854	0.00572	0.00410	0.00906
39	0.01416	0.00972	0.01331	0.04387	0.08445	0.00904	0.00947	0.03921	0.01730	0.10688	0.24552	0.21125	0.03809	0.01297	0.00762	0.00219	0.00495	0.01150	0.00639	0.11211
40	0.07450	0.05265	0.01946	0.01642	0.02056	0.49991	0.01266	0.11498	0.04719	0.02231	0.01225	0.01364	0.00983	0.00725	0.00617	0.00183	0.01065	0.00478	0.00424	0.04871
41	0.01793	0.42157	0.16550	0.03559	0.04303	0.10167	0.03447	0.02203	0.03756	0.01847	0.01229	0.03867	0.01075	0.00693	0.00559	0.00181	0.00861	0.00506	0.00334	0.00912

[dist]
# distance from previous block
# <min> <max>
1	14

[block]
# block no. 2 follows, 30 sequences, length 26
# corresponding to MSA columns:
# 127-152
name=unknown_C
#
# <colnr> <probs for GDERKNQSTAVLIFYWHMCP>
#	G	D	E	R	K	N	Q	S	T	A	V	L	I	F	Y	W	H	M	C	P
0	0.02133	0.49742	0.03052	0.01412	0.01923	0.27957	0.01250	0.02341	0.01620	0.01666	0.01009	0.01170	0.00897	0.00641	0.00513	0.00160	0.00931	0.00401	0.00321	0.00864
1	0.01786	0.01457	0.01562	0.01387	0.01780	0.01657	0.01083	0.06453	0.59804	0.05782	0.07098	0.02718	0.02354	0.00969	0.00716	0.00234	0.00549	0.00808	0.00719	0.01083
2	0.00998	0.00743	0.01096	0.01096	0.01212	0.00859	0.00841	0.01230	0.01114	0.01601	0.01892	0.02869	0.01800	0.10151	0.67869	0.01090	0.01786	0.00766	0.00377	0.00609
3	0.03024	0.01164	0.01585	0.01224	0.01745	0.01007	0.01007	0.03297	0.01996	0.68188	0.06131	0.02516	0.01969	0.00892	0.00708	0.00216	0.00581	0.00730	0.00859	0.01161
4	0.00999	0.00796	0.00906	0.00864	0.01083	0.00745	0.00652	0.01441	0.09157	0.02422	0.36244	0.05571	0.33508	0.01520	0.00812	0.00228	0.00364	0.01301	0.00711	0.00677
5	0.00916	0.00675	0.00858	0.00901	0.01029	0.00618	0.00651	0.01143	0.01663	0.02252	0.33560	0.31832	0.15574	0.01782	0.00854	0.00249	0.00372	0.03758	0.00700	0.00613
6	0.02369	0.01814	0.01934	0.01548	0.02056	0.02031	0.01258	0.48647	0.23892	0.03940	0.02036	0.01963	0.01479	0.00871	0.00702	0.00218	0.00701	0.00678	0.00702	0.01161
7	0.01331	0.01258	0.02096	0.69228	0.04617	0.01588	0.01912	0.01776	0.01375	0.01776	0.01220	0.01839	0.00929	0.00731	0.00799	0.00237	0.05583	0.00620	0.00310	0.00774
8	0.00916	0.00710	0.00833	0.00802	0.00998	0.00628	0.00602	0.01177	0.01805	0.02394	0.42553	0.05878	0.35038	0.01577	0.00824	0.00227	0.00340	0.01355	0.00715	0.00628
9	0.00898	0.00642	0.00865	0.01027	0.01088	0.00608	0.00731	0.01055	0.01383	0.01835	0.03820	0.63269	0.04511	0.02141	0.00903	0.00290	0.00446	0.13261	0.00647	0.00580
10	0.66175	0.01460	0.01221	0.01044	0.01499	0.01675	0.00860	0.14267	0.01571	0.03363	0.01100	0.01233	0.00835	0.00683	0.00481	0.00215	0.00582	0.00424	0.00481	0.00835
11	0.01015	0.00677	0.00761	0.00761	0.00761	0.00677	0.00423	0.01015	0.01015	0.01353	0.02199	0.04567	0.02537	0.75476	0.03552	0.00677	0.00677	0.01015	0.00423	0.00423
12	0.02673	0.01788	0.01975	0.01529	0.02072	0.01934	0.01258	0.52739	0.07716	0.16113	0.01946	0.01863	0.01348	0.00850	0.00700	0.00212	0.00722	0.00652	0.00728	0.01181
13	0.02473	0.01067	0.01425	0.01147	0.01575	0.00951	0.00926	0.02828	0.04707	0.49542	0.21845	0.03181	0.03107	0.01025	0.00736	0.00218	0.00518	0.00863	0.00831	0.01036
14	0.00953	0.00712	0.00885	0.00841	0.01021	0.00644	0.00631	0.01249	0.01893	0.02603	0.57142	0.05534	0.20318	0.01499	0.00823	0.00223	0.00334	0.01307	0.00742	0.00644
15	0.01447	0.01240	0.01447	0.01034	0.01654	0.00930	0.00827	0.01757	0.01447	0.02274	0.01240	0.01447	0.01034	0.00517	0.00517	0.00103	0.00517	0.00413	0.00413	0.79742
16	0.01313	0.01108	0.01824	0.53566	0.03809	0.01348	0.01628	0.01680	0.01333	0.03976	0.01398	0.02050	0.01119	0.01622	0.13504	0.05951	0.01062	0.00644	0.00339	0.00729
17	0.01713	0.01338	0.01957	0.15154	0.23605	0.01401	0.01481	0.04146	0.13443	0.10155	0.07162	0.02446	0.04583	0.00908	0.00796	0.03769	0.00692	0.00734	0.00515	0.04001
18	0.00864	0.00668	0.00788	0.00843	0.00988	0.00592	0.00600	0.01045	0.01556	0.02004	0.16973	0.33913	0.32914	0.01876	0.00851	0.00252	0.00370	0.01641	0.00669	0.00592
19	0.01546	0.08329	0.13925	0.01333	0.01751	0.03347	0.01238	0.12757	0.03449	0.04713	0.06274	0.12537	0.02121	0.02037	0.17476	0.00428	0.00972	0.00847	0.04077	0.00844
20	0.02402	0.01975	0.12184	0.01559	0.02150	0.01790	0.01414	0.39096	0.09007	0.15556	0.01986	0.04411	0.01445	0.00874	0.00701	0.00217	0.00743	0.00687	0.00667	0.01135
21	0.17030	0.09309	0.12218	0.01345	0.04425	0.01413	0.01205	0.04972	0.03586	0.19538	0.13834	0.02440	0.04113	0.00880	0.00642	0.00211	0.00627	0.00693	0.00583	0.00936
22	0.01890	0.31144	0.02394	0.01324	0.01768	0.08890	0.01131	0.09400	0.16838	0.04474	0.01945	0.10540	0.01758	0.00947	0.00625	0.00201	0.00707	0.02591	0.00507	0.00927
23	0.00945	0.00699	0.00883	0.00879	0.01037	0.00638	0.00653	0.01216	0.01798	0.02462	0.47217	0.16287	0.16954	0.01620	0.00839	0.00236	0.00357	0.03922	0.00725	0.00632
24	0.12751	0.09380	0.03960	0.07272	0.06512	0.01439	0.08132	0.03795	0.01485	0.04210	0.01370	0.04376	0.01158	0.00809	0.02878	0.00203	0.00728	0.00564	0.00410	0.28566
25	0.01368	0.01105	0.01321	0.05986	0.08683	0.06123	0.00964	0.05527	0.01595	0.04920	0.11855	0.14731	0.08521	0.13482	0.08217	0.00386	0.00742	0.01060	0.02699	0.00715

[dist]
# distance from previous block
# <min> <max>
1	3

[block]
# block no. 3 follows, 30 sequences, length 18
# corresponding to MSA columns:
# 157-174
name=unknown_D
#
# <colnr> <probs for GDERKNQSTAVLIFYWHMCP>
#	G	D	E	R	K	N	Q	S	T	A	V	L	I	F	Y	W	H	M	C	P
0	0.03810	0.02263	0.27289	0.08325	0.30144	0.01591	0.02085	0.06480	0.01616	0.02346	0.01476	0.06724	0.01252	0.00766	0.00688	0.00220	0.00868	0.00672	0.00371	0.01011
1	0.01477	0.05907	0.48093	0.01733	0.02532	0.01571	0.02036	0.02385	0.13070	0.04264	0.04968	0.05690	0.01583	0.00829	0.00682	0.00224	0.00860	0.00673	0.00422	0.01001
2	0.01349	0.00860	0.01137	0.06135	0.04081	0.00802	0.00866	0.01611	0.01704	0.13896	0.19344	0.13022	0.23893	0.01482	0.00809	0.00240	0.00478	0.06875	0.00676	0.00740
3	0.02154	0.11733	0.02005	0.01384	0.01840	0.05588	0.01145	0.38319	0.06341	0.03348	0.06593	0.02155	0.03179	0.02954	0.03457	0.00246	0.00753	0.00672	0.05131	0.01001
4	0.01015	0.00738	0.01074	0.01074	0.01194	0.00849	0.00825	0.01254	0.01135	0.01660	0.01911	0.02838	0.01793	0.09021	0.64666	0.01042	0.01714	0.00758	0.04827	0.00613
5	0.07250	0.58483	0.15010	0.01309	0.01968	0.02485	0.01398	0.02107	0.01411	0.01841	0.01018	0.01180	0.00884	0.00612	0.00483	0.00166	0.00780	0.00398	0.00307	0.00909
6	0.02684	0.01904	0.02063	0.01581	0.02139	0.02088	0.01306	0.64454	0.03196	0.08860	0.01747	0.01722	0.01223	0.00839	0.00698	0.00210	0.00756	0.00633	0.00709	0.01187
7	0.00857	0.00649	0.00792	0.00881	0.00994	0.00584	0.00613	0.01018	0.01483	0.01923	0.12065	0.46615	0.25050	0.01976	0.00863	0.00262	0.00381	0.01750	0.00661	0.00584
8	0.02653	0.01955	0.02094	0.01606	0.02164	0.02164	0.01326	0.68796	0.03281	0.04398	0.01675	0.01675	0.01187	0.00838	0.00698	0.00209	0.00768	0.00628	0.00698	0.01187
9	0.80405	0.01350	0.01026	0.00918	0.01350	0.01565	0.00756	0.02051	0.01188	0.03131	0.00972	0.01134	0.00756	0.00648	0.00432	0.00216	0.00540	0.00378	0.00432	0.00756
10	0.00997	0.00682	0.00824	0.00839	0.00863	0.00699	0.00516	0.01049	0.01061	0.01435	0.02291	0.10508	0.02591	0.57495	0.14628	0.00714	0.00848	0.01057	0.00435	0.00468
11	0.04686	0.06760	0.07869	0.01578	0.07765	0.01571	0.01241	0.04650	0.31759	0.06526	0.05869	0.02439	0.04965	0.00871	0.00667	0.00210	0.00615	0.00716	0.00583	0.08658
12	0.00860	0.00615	0.00818	0.00965	0.01014	0.00573	0.00649	0.00996	0.01381	0.01853	0.08538	0.70126	0.04753	0.02133	0.00886	0.00279	0.00400	0.01933	0.00656	0.00573
13	0.01258	0.01091	0.01481	0.01582	0.10003	0.05767	0.04065	0.01521	0.01327	0.01850	0.06546	0.02782	0.01969	0.10254	0.37927	0.00721	0.03452	0.00768	0.04937	0.00698
14	0.00878	0.00709	0.00781	0.00763	0.00976	0.00612	0.00572	0.01105	0.01717	0.02186	0.28062	0.06220	0.49659	0.01655	0.00824	0.00230	0.00345	0.01403	0.00688	0.00612
15	0.02326	0.01649	0.01826	0.01448	0.01880	0.01811	0.01163	0.53412	0.02743	0.03676	0.01570	0.01776	0.01192	0.01197	0.01158	0.18222	0.00731	0.00623	0.00609	0.00986
16	0.01692	0.01622	0.02769	0.10214	0.65465	0.01649	0.02124	0.02111	0.01572	0.02237	0.01306	0.01738	0.01090	0.00628	0.00691	0.00209	0.00838	0.00622	0.00342	0.01077
17	0.05101	0.45158	0.11092	0.01809	0.13637	0.02269	0.01486	0.04271	0.01511	0.03948	0.01161	0.01365	0.00982	0.00764	0.02676	0.00203	0.00814	0.00460	0.00343	0.00950

[dist]
# distance from previous block
# <min> <max>
0	4

[block]
# block no. 4 follows, 30 sequences, length 16
# corresponding to MSA columns:
# 179-194
name=unknown_E
#
# <colnr> <probs for GDERKNQSTAVLIFYWHMCP>
#	G	D	E	R	K	N	Q	S	T	A	V	L	I	F	Y	W	H	M	C	P
0	0.24060	0.38244	0.04883	0.01499	0.08654	0.06189	0.01223	0.04656	0.01474	0.02252	0.01047	0.01224	0.00888	0.00632	0.00494	0.00180	0.00735	0.00418	0.00359	0.00888
1	0.69428	0.01572	0.06972	0.01046	0.01535	0.01604	0.00940	0.05852	0.01330	0.03126	0.01035	0.01193	0.00791	0.00660	0.00466	0.00216	0.00594	0.00404	0.00436	0.00803
2	0.16729	0.01105	0.01362	0.11403	0.04671	0.01184	0.01081	0.05549	0.05201	0.08630	0.12668	0.09459	0.04940	0.01192	0.00730	0.00243	0.00593	0.11872	0.00589	0.00798
3	0.00865	0.00629	0.00807	0.00929	0.00998	0.00580	0.00628	0.01004	0.01401	0.01857	0.09414	0.59765	0.11599	0.04798	0.00977	0.00288	0.00404	0.01838	0.00649	0.00571
4	0.00977	0.00745	0.00905	0.00884	0.01072	0.00689	0.00673	0.01322	0.04548	0.02465	0.43447	0.08500	0.23656	0.01565	0.00831	0.00234	0.00369	0.05745	0.00720	0.00653
5	0.00979	0.00713	0.00921	0.00869	0.01037	0.00655	0.00652	0.01300	0.01955	0.02751	0.67419	0.05291	0.09950	0.01444	0.00823	0.00220	0.00330	0.01273	0.00762	0.00655
6	0.02607	0.03326	0.01978	0.01798	0.02157	0.72674	0.01348	0.02787	0.01978	0.01708	0.01079	0.01258	0.00899	0.00719	0.00629	0.00180	0.01258	0.00449	0.00360	0.00809
7	0.35183	0.01287	0.01636	0.42591	0.03326	0.01557	0.01432	0.01898	0.01306	0.02360	0.01125	0.01549	0.00856	0.00676	0.00584	0.00225	0.00763	0.00516	0.00362	0.00767
8	0.00929	0.00711	0.00852	0.00817	0.01007	0.00634	0.00613	0.01204	0.01838	0.02472	0.47994	0.05750	0.29549	0.01548	0.00824	0.00225	0.00338	0.01337	0.00725	0.00634
9	0.01625	0.01861	0.20092	0.35805	0.09514	0.01467	0.01939	0.02141	0.01542	0.12110	0.04188	0.01955	0.01270	0.00735	0.00694	0.00224	0.00875	0.00630	0.00407	0.00925
10	0.02496	0.01835	0.01975	0.01555	0.02081	0.02034	0.01271	0.53498	0.16088	0.06913	0.01945	0.01884	0.01392	0.00860	0.00701	0.00215	0.00719	0.00662	0.00707	0.01171
11	0.01494	0.05248	0.57399	0.04892	0.06459	0.01586	0.02341	0.02208	0.01519	0.05534	0.04016	0.01680	0.01159	0.00700	0.00668	0.00218	0.00960	0.00559	0.00344	0.01014
12	0.01458	0.01311	0.02069	0.25417	0.21370	0.01405	0.05092	0.07341	0.01674	0.02212	0.02487	0.03284	0.11931	0.00996	0.00754	0.00235	0.00780	0.08875	0.00446	0.00863
13	0.01017	0.00764	0.01021	0.01104	0.04420	0.00716	0.00799	0.01312	0.01785	0.02444	0.41653	0.12434	0.12721	0.01592	0.00849	0.00246	0.00421	0.13341	0.00700	0.00660
14	0.20753	0.57968	0.03024	0.01128	0.01685	0.02474	0.01089	0.02080	0.01363	0.02000	0.00971	0.01123	0.00862	0.00609	0.00444	0.00165	0.00697	0.00374	0.00331	0.00862
15	0.00947	0.00709	0.00874	0.00937	0.01059	0.00673	0.00666	0.01227	0.05361	0.02063	0.18056	0.38002	0.15680	0.06037	0.01010	0.00284	0.00416	0.04721	0.00663	0.00615

[dist]
# distance from previous block
# <min> <max>
0	1

[block]
# block no. 5 follows, 30 sequences, length 26
# corresponding to MSA columns:
# 196-221
name=unknown_F
#
# <colnr> <probs for GDERKNQSTAVLIFYWHMCP>
#	G	D	E	R	K	N	Q	S	T	A	V	L	I	F	Y	W	H	M	C	P
0	0.01471	0.01387	0.02344	0.43214	0.30878	0.01561	0.01984	0.01910	0.01481	0.01992	0.01374	0.02065	0.01132	0.00720	0.00706	0.00226	0.00878	0.03437	0.00338	0.00900
1	0.01559	0.01465	0.02450	0.37861	0.36761	0.01622	0.02016	0.04139	0.01550	0.02108	0.01289	0.01790	0.01023	0.00666	0.00694	0.00220	0.00876	0.00621	0.00340	0.00948
2	0.53753	0.01645	0.04764	0.06829	0.11612	0.07099	0.01170	0.02109	0.01334	0.02758	0.01061	0.01296	0.00835	0.00654	0.00514	0.00213	0.00688	0.00442	0.00399	0.00824
3	0.11026	0.02280	0.25170	0.02951	0.35880	0.01669	0.02065	0.06655	0.01618	0.02501	0.01277	0.01570	0.00997	0.00653	0.00651	0.00213	0.00857	0.00558	0.00363	0.01045
4	0.01040	0.00850	0.00921	0.00867	0.01109	0.00802	0.00662	0.05974	0.04713	0.02249	0.16690	0.07700	0.48685	0.01607	0.00852	0.00234	0.02371	0.01340	0.00665	0.00669
5	0.00961	0.00710	0.00899	0.00871	0.01040	0.00649	0.00655	0.01256	0.01872	0.02582	0.55233	0.08905	0.16335	0.01534	0.00832	0.00229	0.00348	0.03708	0.00739	0.00643
6	0.01075	0.00732	0.00940	0.00883	0.01069	0.00666	0.00664	0.01377	0.01910	0.06192	0.57906	0.08208	0.12805	0.01465	0.00820	0.00224	0.00349	0.01286	0.00756	0.00675
7	0.01491	0.01474	0.02069	0.01784	0.01792	0.02052	0.01483	0.01650	0.01072	0.01675	0.00980	0.01609	0.00972	0.01492	0.07046	0.00360	0.69314	0.00620	0.00310	0.00754
8	0.00991	0.00719	0.00850	0.00828	0.01026	0.00634	0.00617	0.01231	0.01745	0.05127	0.33570	0.12707	0.34159	0.01627	0.00826	0.00233	0.00358	0.01403	0.00708	0.00641
9	0.01087	0.00784	0.01076	0.01226	0.01384	0.00774	0.01054	0.01385	0.01588	0.02055	0.03932	0.12086	0.08567	0.01933	0.00950	0.00313	0.00608	0.57919	0.00643	0.00634
10	0.01963	0.66320	0.03435	0.01274	0.01839	0.11986	0.01214	0.02182	0.01492	0.01651	0.00984	0.01138	0.00896	0.00613	0.00472	0.00153	0.00814	0.00383	0.00307	0.00884
11	0.80405	0.01350	0.01026	0.00918	0.01350	0.01565	0.00756	0.02051	0.01188	0.03131	0.00972	0.01134	0.00756	0.00648	0.00432	0.00216	0.00540	0.00378	0.00432	0.00756
12	0.00980	0.00713	0.00922	0.00870	0.01038	0.00655	0.00652	0.01302	0.01957	0.02755	0.67760	0.05283	0.09606	0.01443	0.00823	0.00220	0.00330	0.01272	0.00763	0.00655
13	0.00854	0.00697	0.00754	0.00763	0.00966	0.00598	0.00563	0.01049	0.01626	0.02022	0.17039	0.13698	0.53431	0.01756	0.00831	0.00238	0.00355	0.01493	0.00667	0.00598
14	0.01124	0.00803	0.01124	0.01285	0.01446	0.00803	0.01124	0.01446	0.01606	0.02088	0.03695	0.07871	0.04016	0.01928	0.00964	0.00321	0.00643	0.66426	0.00643	0.00643
15	0.01845	0.72758	0.06617	0.01229	0.01844	0.02712	0.01254	0.02095	0.01420	0.01666	0.00982	0.01135	0.00895	0.00600	0.00457	0.00152	0.00759	0.00379	0.00298	0.00901
16	0.02782	0.01337	0.01675	0.01298	0.01809	0.01276	0.01061	0.18871	0.02211	0.47179	0.02376	0.02264	0.01599	0.03739	0.03756	0.00264	0.00688	0.00686	0.00769	0.04360
17	0.01662	0.31325	0.42216	0.01647	0.02487	0.02031	0.01971	0.02221	0.01477	0.05334	0.01216	0.01380	0.00929	0.00647	0.00582	0.00193	0.00900	0.00470	0.00324	0.00987
18	0.01015	0.00677	0.00761	0.00761	0.00761	0.00677	0.00423	0.01015	0.01015	0.01353	0.02199	0.04567	0.02537	0.75476	0.03552	0.00677	0.00677	0.01015	0.00423	0.00423
19	0.01770	0.02746	0.45820	0.09518	0.04697	0.01494	0.04309	0.02413	0.01583	0.16708	0.01572	0.01723	0.01077	0.00705	0.00681	0.00221	0.00929	0.00578	0.00419	0.01036
20	0.01647	0.01882	0.04118	0.02941	0.03647	0.01765	0.68588	0.02235	0.01647	0.02235	0.01412	0.01882	0.01059	0.00588	0.00824	0.00235	0.01176	0.00824	0.00353	0.00941
21	0.02670	0.01927	0.02077	0.01593	0.02150	0.02123	0.01316	0.66446	0.03235	0.06813	0.01714	0.01701	0.01206	0.00839	0.00698	0.00210	0.00762	0.00631	0.00704	0.01187
22	0.00972	0.00705	0.00898	0.00862	0.01012	0.00651	0.00631	0.01255	0.01841	0.02571	0.57704	0.08841	0.10346	0.07395	0.01044	0.00260	0.00362	0.01293	0.00727	0.00630
23	0.05148	0.04543	0.04443	0.15440	0.06228	0.01488	0.23361	0.04447	0.01640	0.13869	0.01873	0.11009	0.01574	0.00870	0.00741	0.00231	0.00857	0.00848	0.00479	0.00914
24	0.01766	0.01365	0.01576	0.01206	0.01735	0.01258	0.00970	0.20445	0.01938	0.04859	0.01566	0.04349	0.01300	0.01160	0.07963	0.00247	0.00723	0.00573	0.00511	0.44486
25	0.06128	0.44782	0.12365	0.01382	0.02009	0.04185	0.01382	0.13723	0.04248	0.02323	0.01201	0.01322	0.00982	0.00666	0.00534	0.00177	0.00784	0.00454	0.00391	0.00962

[dist]
# distance from previous block
# <min> <max>
0	12

# created by:
# /st0/software/busco_prod/Augustus/scripts/msa2prfl.pl ./align_prep/160132.fa
