[name]
unknown

[dist]
# distance from previous block
# <min> <max>
35	183

[block]
# block no. 0 follows, 28 sequences, length 6
# corresponding to MSA columns:
# 201-206
name=unknown_A
#
# <colnr> <probs for GDERKNQSTAVLIFYWHMCP>
#	G	D	E	R	K	N	Q	S	T	A	V	L	I	F	Y	W	H	M	C	P
0	0.01673	0.01322	0.01394	0.01247	0.01515	0.05480	0.00937	0.22094	0.04979	0.02711	0.05496	0.17138	0.07037	0.14404	0.08823	0.00420	0.00804	0.01097	0.00610	0.00818
1	0.11528	0.04373	0.01806	0.08026	0.02152	0.01648	0.01207	0.21305	0.09925	0.15344	0.05002	0.02453	0.01776	0.00919	0.00697	0.00224	0.00684	0.04553	0.00654	0.05723
2	0.01493	0.01038	0.01188	0.01046	0.01290	0.01034	0.00759	0.14049	0.01752	0.05141	0.05900	0.09892	0.08584	0.26733	0.06045	0.00441	0.00691	0.01019	0.03952	0.07954
3	0.01638	0.01255	0.01394	0.07218	0.01761	0.04385	0.00971	0.12474	0.09984	0.06845	0.12121	0.07942	0.11273	0.13474	0.01264	0.00310	0.00634	0.01018	0.00632	0.03406
4	0.08982	0.01927	0.01556	0.04596	0.01847	0.23547	0.01097	0.09411	0.08325	0.02591	0.07172	0.02447	0.06346	0.00943	0.00724	0.00211	0.03413	0.00701	0.13312	0.00852
5	0.02489	0.01849	0.02009	0.01549	0.02098	0.01993	0.01270	0.55456	0.03120	0.04228	0.07981	0.02065	0.01742	0.00899	0.00722	0.00209	0.00734	0.00695	0.00707	0.08183

[dist]
# distance from previous block
# <min> <max>
0	3

[block]
# block no. 1 follows, 28 sequences, length 9
# corresponding to MSA columns:
# 212-220
name=unknown_B
#
# <colnr> <probs for GDERKNQSTAVLIFYWHMCP>
#	G	D	E	R	K	N	Q	S	T	A	V	L	I	F	Y	W	H	M	C	P
0	0.04541	0.01220	0.09677	0.06997	0.01739	0.00989	0.01082	0.01635	0.05912	0.04863	0.09836	0.29679	0.07951	0.04712	0.05504	0.00336	0.00669	0.01320	0.00589	0.00748
1	0.05577	0.10733	0.02369	0.08782	0.02362	0.08616	0.08066	0.09367	0.01713	0.07809	0.01617	0.08939	0.01447	0.01019	0.01105	0.00245	0.18116	0.00755	0.00463	0.00901
2	0.01901	0.01500	0.01782	0.06310	0.02082	0.01559	0.01203	0.25126	0.02149	0.03039	0.01703	0.02278	0.01430	0.01049	0.03398	0.00235	0.07304	0.05831	0.04065	0.26055
3	0.01192	0.00926	0.01115	0.01056	0.01247	0.00954	0.00796	0.07243	0.01640	0.02216	0.09256	0.18647	0.21101	0.06812	0.09908	0.00393	0.06568	0.01268	0.03862	0.03798
4	0.22442	0.05399	0.10451	0.18445	0.16673	0.01693	0.06005	0.02217	0.01506	0.06843	0.01334	0.01658	0.01013	0.00691	0.00643	0.00226	0.00837	0.00573	0.00402	0.00950
5	0.02272	0.01573	0.08677	0.03745	0.02065	0.01377	0.04235	0.13686	0.06354	0.26680	0.02453	0.11031	0.01934	0.01038	0.00789	0.00234	0.02906	0.00865	0.07035	0.01051
6	0.01119	0.00820	0.01076	0.01238	0.05828	0.00806	0.00792	0.04299	0.01506	0.02034	0.09990	0.35198	0.03977	0.21150	0.01638	0.00391	0.00556	0.06342	0.00606	0.00635
7	0.01460	0.01762	0.12391	0.05491	0.05644	0.03575	0.16440	0.01963	0.04330	0.02094	0.01722	0.06832	0.01535	0.03862	0.15439	0.00437	0.05893	0.00792	0.00401	0.07934
8	0.01626	0.00996	0.01232	0.04127	0.01537	0.00932	0.00869	0.03744	0.06441	0.17240	0.08497	0.15333	0.17322	0.06220	0.00992	0.00270	0.00532	0.04217	0.00689	0.07186

[dist]
# distance from previous block
# <min> <max>
34	49

[block]
# block no. 2 follows, 28 sequences, length 22
# corresponding to MSA columns:
# 278-299
name=unknown_C
#
# <colnr> <probs for GDERKNQSTAVLIFYWHMCP>
#	G	D	E	R	K	N	Q	S	T	A	V	L	I	F	Y	W	H	M	C	P
0	0.12203	0.13296	0.07489	0.03696	0.10050	0.12984	0.14057	0.03874	0.01705	0.02362	0.08170	0.01919	0.01582	0.00770	0.00720	0.00215	0.02927	0.00645	0.00416	0.00919
1	0.01897	0.14854	0.09070	0.02986	0.03479	0.06728	0.07013	0.02319	0.04700	0.15182	0.04434	0.08748	0.06566	0.01211	0.03799	0.00263	0.00817	0.02290	0.02715	0.00930
2	0.01737	0.01681	0.02684	0.17253	0.50850	0.03983	0.02083	0.02214	0.03557	0.02275	0.01388	0.01826	0.01137	0.00672	0.00713	0.00217	0.00879	0.00639	0.00367	0.03846
3	0.01405	0.03008	0.51536	0.02054	0.08455	0.01499	0.02263	0.02118	0.01645	0.02426	0.14390	0.02304	0.02079	0.00839	0.00725	0.00229	0.00916	0.00696	0.00406	0.01006
4	0.01354	0.01374	0.09310	0.25453	0.08679	0.01229	0.01509	0.03517	0.01582	0.04693	0.06795	0.18894	0.07539	0.01272	0.00856	0.02841	0.00732	0.01071	0.00495	0.00807
5	0.01415	0.05042	0.16783	0.02084	0.02722	0.01475	0.30431	0.01928	0.01641	0.02185	0.03032	0.05835	0.18185	0.01033	0.00814	0.00243	0.00919	0.02899	0.00449	0.00884
6	0.01767	0.01314	0.02143	0.53928	0.09242	0.01519	0.01852	0.02208	0.01589	0.15041	0.01600	0.02030	0.01142	0.00754	0.00727	0.00237	0.00894	0.00662	0.00436	0.00915
7	0.01513	0.01385	0.02246	0.61581	0.10346	0.01672	0.01989	0.06783	0.01617	0.02105	0.01332	0.01912	0.01004	0.00731	0.00726	0.00238	0.00947	0.00647	0.00356	0.00869
8	0.01378	0.01238	0.02058	0.42770	0.11603	0.01420	0.03877	0.01819	0.01546	0.02021	0.02014	0.03654	0.01884	0.01068	0.00807	0.00265	0.00882	0.18457	0.00425	0.00815
9	0.01731	0.01726	0.02610	0.27708	0.41817	0.07652	0.02087	0.02160	0.01620	0.02146	0.01321	0.01805	0.01070	0.00684	0.00717	0.00223	0.00938	0.00632	0.00348	0.01007
10	0.00979	0.00858	0.01012	0.12270	0.01669	0.00795	0.00805	0.01219	0.01616	0.01970	0.06038	0.05866	0.54636	0.01587	0.00819	0.00237	0.00474	0.01328	0.00604	0.05218
11	0.47601	0.02034	0.18686	0.01574	0.07730	0.01667	0.01413	0.02315	0.06370	0.02929	0.01261	0.01436	0.00959	0.00700	0.00555	0.00227	0.00717	0.00483	0.00428	0.00917
12	0.01189	0.01661	0.19434	0.01485	0.01789	0.01235	0.01401	0.01511	0.01368	0.01949	0.02632	0.39200	0.02948	0.01642	0.01184	0.00283	0.16471	0.01354	0.00501	0.00762
13	0.23085	0.01375	0.01766	0.01812	0.14786	0.01343	0.01217	0.02921	0.01777	0.39688	0.02091	0.02004	0.01409	0.00792	0.00655	0.00223	0.00651	0.00626	0.00678	0.01102
14	0.02394	0.02950	0.01889	0.01738	0.02065	0.57996	0.01309	0.02595	0.01889	0.01761	0.01281	0.01607	0.01105	0.01651	0.14251	0.00375	0.01433	0.00528	0.00377	0.00806
15	0.01719	0.01633	0.02645	0.12359	0.44855	0.01802	0.02027	0.04114	0.01582	0.02254	0.01355	0.01941	0.01172	0.00820	0.01047	0.00242	0.14723	0.02314	0.00367	0.01030
16	0.79588	0.01406	0.01068	0.00956	0.01406	0.01631	0.00787	0.02137	0.01237	0.03261	0.01012	0.01181	0.00787	0.00675	0.00450	0.00225	0.00562	0.00394	0.00450	0.00787
17	0.01780	0.01721	0.02514	0.15629	0.41614	0.05802	0.01939	0.02518	0.14479	0.02377	0.01645	0.01970	0.01312	0.00732	0.00721	0.00225	0.00853	0.00670	0.00427	0.01073
18	0.01169	0.00931	0.01340	0.01587	0.14277	0.00882	0.00976	0.01522	0.01962	0.02769	0.53671	0.04804	0.08588	0.01341	0.00831	0.00227	0.00444	0.01197	0.00710	0.00772
19	0.01844	0.01281	0.01542	0.01118	0.01748	0.00988	0.00901	0.02159	0.01617	0.15415	0.01594	0.01693	0.01215	0.00608	0.00575	0.00130	0.00554	0.00488	0.00521	0.64009
20	0.01300	0.01231	0.14317	0.01163	0.01369	0.00834	0.01025	0.01207	0.01060	0.01462	0.01271	0.02080	0.01197	0.02174	0.02429	0.63779	0.00716	0.00613	0.00314	0.00461
21	0.02715	0.03464	0.02060	0.01873	0.02247	0.71536	0.01404	0.02903	0.02060	0.01779	0.01124	0.01311	0.00936	0.00749	0.00655	0.00187	0.01311	0.00468	0.00375	0.00843

[dist]
# distance from previous block
# <min> <max>
0	1

[block]
# block no. 3 follows, 28 sequences, length 51
# corresponding to MSA columns:
# 301-351
name=unknown_D
#
# <colnr> <probs for GDERKNQSTAVLIFYWHMCP>
#	G	D	E	R	K	N	Q	S	T	A	V	L	I	F	Y	W	H	M	C	P
0	0.74326	0.01416	0.01107	0.00991	0.01439	0.01643	0.00812	0.02254	0.05795	0.03246	0.01144	0.01284	0.00884	0.00696	0.00469	0.00226	0.00563	0.00423	0.00469	0.00812
1	0.01428	0.01335	0.02240	0.55279	0.16697	0.01573	0.01968	0.01893	0.01532	0.02024	0.05923	0.02149	0.01401	0.00764	0.00734	0.00236	0.00907	0.00692	0.00362	0.00863
2	0.01793	0.01743	0.03041	0.04367	0.65446	0.01735	0.06632	0.02237	0.01659	0.02372	0.01374	0.01810	0.01148	0.00645	0.00729	0.00218	0.00888	0.00662	0.00360	0.01140
3	0.01553	0.01535	0.02155	0.01858	0.01867	0.02137	0.01544	0.01719	0.01117	0.01745	0.01021	0.01676	0.01013	0.01555	0.07067	0.00376	0.68307	0.00646	0.00323	0.00785
4	0.02467	0.01994	0.02061	0.06454	0.02364	0.07308	0.01378	0.45007	0.16714	0.03867	0.01920	0.01926	0.01400	0.00877	0.00724	0.00223	0.00803	0.00675	0.00676	0.01160
5	0.02460	0.01808	0.16623	0.01443	0.02099	0.01243	0.01390	0.05121	0.04849	0.38681	0.02339	0.05173	0.01642	0.00869	0.00706	0.00215	0.00703	0.00708	0.00688	0.11239
6	0.01522	0.13099	0.61907	0.01963	0.02978	0.01844	0.02496	0.02286	0.01527	0.02224	0.01266	0.01486	0.00922	0.00682	0.00661	0.00220	0.01035	0.00518	0.00307	0.01056
7	0.01888	0.01544	0.01646	0.01469	0.01888	0.01767	0.01146	0.03845	0.64932	0.06762	0.02954	0.02699	0.02196	0.00981	0.00739	0.00245	0.00578	0.00817	0.00748	0.01155
8	0.01369	0.01165	0.01870	0.57822	0.04147	0.01421	0.01707	0.01823	0.01468	0.02033	0.01515	0.02098	0.01154	0.00752	0.00682	0.00227	0.00839	0.00653	0.16476	0.00781
9	0.01890	0.02143	0.25998	0.11321	0.10624	0.01405	0.03993	0.02408	0.01682	0.19646	0.02210	0.06441	0.05208	0.00898	0.00738	0.00234	0.00847	0.00769	0.00511	0.01033
10	0.01380	0.01271	0.02112	0.44736	0.18708	0.01457	0.01825	0.01789	0.01487	0.01972	0.01794	0.14791	0.01696	0.00987	0.00761	0.00246	0.00848	0.00900	0.00394	0.00845
11	0.00859	0.00736	0.00736	0.00736	0.00982	0.00614	0.00552	0.01043	0.01657	0.01964	0.07364	0.06996	0.69624	0.01841	0.00859	0.00245	0.00368	0.01534	0.00675	0.00614
12	0.01677	0.01567	0.02600	0.31867	0.40210	0.01709	0.02101	0.05460	0.01665	0.02280	0.01356	0.01852	0.01082	0.00691	0.00723	0.00227	0.00903	0.00647	0.00364	0.01017
13	0.01652	0.02026	0.09568	0.06512	0.03706	0.01770	0.55596	0.02265	0.01685	0.02295	0.01553	0.02200	0.01217	0.00687	0.00844	0.00248	0.01175	0.03661	0.00374	0.00965
14	0.04251	0.01309	0.02141	0.67086	0.04744	0.01641	0.01955	0.01863	0.01431	0.01904	0.01267	0.01896	0.00962	0.00748	0.00787	0.00245	0.04000	0.00636	0.00327	0.00806
15	0.01808	0.01561	0.01644	0.01479	0.01890	0.01808	0.01151	0.03863	0.68606	0.03041	0.02959	0.02712	0.02219	0.00986	0.00740	0.00247	0.00575	0.00822	0.00740	0.01151
16	0.01201	0.01046	0.01381	0.08134	0.13957	0.01022	0.01062	0.04380	0.03975	0.02204	0.07101	0.09916	0.38924	0.01469	0.00817	0.00242	0.00543	0.01259	0.00594	0.00776
17	0.04028	0.03398	0.59522	0.02153	0.06728	0.01660	0.04109	0.02358	0.01565	0.05894	0.01385	0.01598	0.00980	0.00697	0.00691	0.00229	0.01027	0.00557	0.00347	0.01076
18	0.03138	0.01210	0.01647	0.01272	0.01813	0.01047	0.01047	0.03423	0.02079	0.66694	0.06550	0.02637	0.02079	0.00932	0.00738	0.00225	0.00603	0.00763	0.00894	0.01207
19	0.00901	0.00643	0.00861	0.01029	0.01078	0.00603	0.00701	0.01038	0.01406	0.01872	0.03998	0.70544	0.04775	0.02263	0.00932	0.00297	0.00435	0.05354	0.00674	0.00595
20	0.01738	0.01567	0.02278	0.45109	0.14400	0.03965	0.01892	0.13428	0.04129	0.02449	0.01434	0.01889	0.01085	0.00749	0.00724	0.00232	0.00921	0.00648	0.00415	0.00948
21	0.02076	0.62664	0.03510	0.01351	0.01931	0.14629	0.01271	0.02301	0.01577	0.01722	0.01030	0.01191	0.00933	0.00644	0.00499	0.00161	0.00869	0.00402	0.00322	0.00917
22	0.01507	0.01292	0.01507	0.01077	0.01723	0.00969	0.00861	0.01830	0.01507	0.02369	0.01292	0.01507	0.01077	0.00538	0.00538	0.00108	0.00538	0.00431	0.00431	0.78898
23	0.01779	0.01830	0.05928	0.04260	0.62358	0.01733	0.06894	0.02241	0.01654	0.02368	0.01372	0.01799	0.01138	0.00647	0.00728	0.00219	0.00898	0.00658	0.00358	0.01136
24	0.01009	0.00742	0.00945	0.00894	0.01074	0.00678	0.00671	0.01334	0.02012	0.02806	0.62408	0.05609	0.14054	0.01527	0.00858	0.00231	0.00346	0.01340	0.00786	0.00678
25	0.01491	0.01375	0.02255	0.62198	0.11118	0.01661	0.02004	0.05519	0.01581	0.02058	0.01324	0.01914	0.01001	0.00727	0.00726	0.00238	0.00949	0.00647	0.00349	0.00864
26	0.01692	0.01785	0.06536	0.12253	0.46760	0.01696	0.11929	0.02170	0.01626	0.02287	0.01445	0.03865	0.01213	0.00700	0.00746	0.00226	0.00929	0.00713	0.00363	0.01064
27	0.01799	0.01727	0.02950	0.04462	0.69919	0.01727	0.02231	0.02231	0.01655	0.02375	0.01367	0.01799	0.01151	0.00648	0.00720	0.00216	0.00864	0.00648	0.00360	0.01151
28	0.01171	0.00837	0.01171	0.01339	0.01506	0.00837	0.01171	0.01506	0.01673	0.02175	0.03849	0.08199	0.04183	0.02008	0.01004	0.00335	0.00669	0.65027	0.00669	0.00669
29	0.05876	0.01845	0.02024	0.01567	0.02132	0.01995	0.01291	0.50505	0.05975	0.16367	0.01973	0.01897	0.01364	0.00875	0.00717	0.00221	0.00748	0.00665	0.00748	0.01215
30	0.01519	0.11014	0.60993	0.02028	0.03042	0.01817	0.05264	0.02290	0.01536	0.02242	0.01281	0.01515	0.00930	0.00680	0.00675	0.00223	0.01050	0.00535	0.00310	0.01056
31	0.01690	0.01359	0.01804	0.04541	0.01804	0.01743	0.01295	0.07287	0.01463	0.05757	0.01490	0.01966	0.01261	0.01280	0.04619	0.00305	0.41118	0.00658	0.17737	0.00823
32	0.01535	0.01380	0.01873	0.01338	0.01995	0.01083	0.09581	0.01896	0.01535	0.02363	0.01315	0.01567	0.01080	0.00548	0.00580	0.00126	0.00629	0.00487	0.00422	0.68668
33	0.01416	0.01359	0.02343	0.51559	0.04247	0.01621	0.10430	0.01871	0.01469	0.01948	0.01571	0.02143	0.03760	0.00809	0.00887	0.00247	0.07324	0.00710	0.03471	0.00816
34	0.01942	0.01419	0.01588	0.01300	0.01757	0.01444	0.01030	0.17483	0.19720	0.08466	0.05799	0.02647	0.02018	0.05873	0.00894	0.00236	0.00611	0.02713	0.04101	0.18959
35	0.01376	0.01299	0.01806	0.01636	0.01648	0.01729	0.01312	0.01525	0.01198	0.01782	0.01883	0.23621	0.02127	0.01578	0.01942	0.00311	0.50997	0.01071	0.00427	0.00733
36	0.02763	0.02036	0.02182	0.01672	0.02254	0.02254	0.01382	0.67496	0.03418	0.04581	0.01745	0.01745	0.01236	0.00873	0.00727	0.00218	0.00800	0.00654	0.00727	0.01236
37	0.01965	0.35531	0.14385	0.01572	0.03938	0.17158	0.01486	0.02297	0.01640	0.04185	0.01618	0.01771	0.05643	0.00911	0.02899	0.00218	0.00950	0.00540	0.00372	0.00923
38	0.01582	0.02512	0.27296	0.04872	0.03455	0.01749	0.38130	0.02240	0.01613	0.02269	0.01476	0.04249	0.01156	0.00722	0.00847	0.00244	0.03473	0.00773	0.00354	0.00988
39	0.01822	0.01486	0.01574	0.01364	0.01774	0.01646	0.01075	0.17910	0.38552	0.03194	0.06314	0.03385	0.14470	0.01137	0.00764	0.00239	0.00579	0.00934	0.00728	0.01053
40	0.01750	0.01676	0.02836	0.04269	0.66349	0.01669	0.02144	0.02169	0.01655	0.02353	0.01678	0.02068	0.04698	0.00709	0.00727	0.00217	0.00838	0.00694	0.00376	0.01124
41	0.02224	0.05316	0.10709	0.03633	0.04646	0.01200	0.01258	0.02618	0.03751	0.34537	0.05930	0.08556	0.10260	0.01092	0.00748	0.00231	0.00649	0.00912	0.00698	0.01031
42	0.01639	0.01564	0.02662	0.30036	0.45594	0.01685	0.02151	0.02091	0.01580	0.02181	0.01339	0.01851	0.01083	0.00677	0.00722	0.00226	0.00903	0.00647	0.00346	0.01023
43	0.00883	0.00744	0.00769	0.00782	0.01022	0.00631	0.00599	0.01078	0.01658	0.01980	0.07096	0.07087	0.64647	0.01854	0.00870	0.00252	0.00391	0.06363	0.00675	0.00618
44	0.17009	0.01506	0.01963	0.40341	0.03592	0.01783	0.01614	0.18869	0.01919	0.02835	0.01354	0.01740	0.01003	0.00754	0.00673	0.00233	0.00846	0.00599	0.00452	0.00914
45	0.02686	0.05991	0.02074	0.01541	0.02085	0.05017	0.01268	0.36638	0.12707	0.19243	0.02116	0.02006	0.01483	0.00876	0.00712	0.00219	0.00746	0.00674	0.00730	0.01189
46	0.02803	0.01972	0.02142	0.01642	0.02222	0.02159	0.01357	0.62385	0.03311	0.09843	0.01835	0.01803	0.01281	0.00875	0.00727	0.00219	0.00785	0.00661	0.00741	0.01236
47	0.00910	0.00662	0.00858	0.00970	0.01054	0.00610	0.00666	0.01082	0.01539	0.02063	0.16576	0.55356	0.10783	0.02091	0.00909	0.00278	0.00402	0.01880	0.00698	0.00610
48	0.01526	0.01467	0.02521	0.46841	0.19918	0.01671	0.07849	0.02091	0.05002	0.02082	0.01412	0.01948	0.01088	0.00712	0.00737	0.00237	0.00947	0.00674	0.00357	0.00921
49	0.01592	0.01542	0.02671	0.38188	0.21748	0.01737	0.10811	0.04145	0.01583	0.02139	0.01328	0.01875	0.01043	0.00732	0.00854	0.00240	0.05812	0.00675	0.00352	0.00935
50	0.01030	0.00721	0.00922	0.00937	0.01087	0.00657	0.00677	0.01279	0.01785	0.04579	0.37662	0.28427	0.13966	0.01777	0.00877	0.00253	0.00381	0.01575	0.00746	0.00662

[dist]
# distance from previous block
# <min> <max>
0	1

[block]
# block no. 4 follows, 28 sequences, length 60
# corresponding to MSA columns:
# 353-412
name=unknown_E
#
# <colnr> <probs for GDERKNQSTAVLIFYWHMCP>
#	G	D	E	R	K	N	Q	S	T	A	V	L	I	F	Y	W	H	M	C	P
0	0.34512	0.09533	0.01917	0.01451	0.05151	0.01615	0.07508	0.02364	0.01540	0.15748	0.04527	0.01817	0.01377	0.00770	0.00648	0.00219	0.03205	0.00580	0.04601	0.00917
1	0.01593	0.04589	0.43378	0.02858	0.23454	0.01738	0.07611	0.02280	0.01584	0.02313	0.01330	0.01640	0.01006	0.00670	0.00708	0.00225	0.01016	0.00593	0.00328	0.01087
2	0.01373	0.01292	0.02180	0.72707	0.05006	0.01615	0.02019	0.01857	0.01453	0.01857	0.01292	0.01938	0.00969	0.00727	0.00727	0.00242	0.00969	0.00646	0.00323	0.00807
3	0.01154	0.00829	0.01022	0.01087	0.01200	0.00826	0.00755	0.10086	0.01644	0.02196	0.03576	0.59220	0.04167	0.07199	0.01097	0.00314	0.00493	0.01802	0.00665	0.00668
4	0.01664	0.01582	0.02685	0.18978	0.52690	0.01649	0.02111	0.02093	0.01599	0.02239	0.01476	0.05252	0.01286	0.00742	0.00731	0.00225	0.00865	0.00715	0.00367	0.01051
5	0.01615	0.01284	0.06326	0.05042	0.04915	0.01199	0.01110	0.17269	0.01763	0.02401	0.04774	0.11172	0.01917	0.01700	0.01589	0.31417	0.00686	0.00843	0.02261	0.00716
6	0.01769	0.01696	0.02896	0.09297	0.65320	0.01719	0.02216	0.02204	0.01641	0.02338	0.01362	0.01809	0.01138	0.00653	0.00720	0.00218	0.00871	0.00648	0.00357	0.01127
7	0.01427	0.01349	0.02419	0.48754	0.06905	0.01541	0.12888	0.01871	0.01490	0.01943	0.01504	0.02397	0.01245	0.00906	0.00898	0.05087	0.00966	0.05242	0.00356	0.00810
8	0.01713	0.01184	0.01376	0.01247	0.01536	0.01225	0.00947	0.23126	0.04808	0.07725	0.07372	0.34677	0.06839	0.01596	0.00833	0.00256	0.00558	0.01385	0.00718	0.00877
9	0.19244	0.01553	0.02106	0.34167	0.19353	0.04987	0.01737	0.04645	0.01559	0.02401	0.01257	0.01697	0.00980	0.00703	0.00659	0.00229	0.00862	0.00581	0.00379	0.00903
10	0.01453	0.03607	0.66450	0.06441	0.03261	0.01684	0.02644	0.02275	0.01530	0.02275	0.01304	0.01560	0.00924	0.00693	0.00693	0.00231	0.01068	0.00544	0.00308	0.01058
11	0.01733	0.08044	0.02727	0.09725	0.43483	0.03134	0.04201	0.02295	0.08218	0.02290	0.01648	0.06307	0.01441	0.00787	0.00717	0.00221	0.00831	0.00734	0.00410	0.01054
12	0.01028	0.00692	0.00802	0.00831	0.00838	0.00685	0.00481	0.01049	0.01115	0.01486	0.02586	0.16696	0.03016	0.62005	0.03222	0.00634	0.00656	0.01231	0.00481	0.00466
13	0.01100	0.00777	0.00928	0.00955	0.01017	0.00799	0.00632	0.01319	0.06071	0.01684	0.02692	0.13594	0.02984	0.47380	0.07888	0.00616	0.00748	0.07756	0.00512	0.00550
14	0.01488	0.01187	0.01720	0.01488	0.01780	0.01195	0.11688	0.17034	0.01951	0.02645	0.05112	0.40302	0.03316	0.01595	0.00851	0.00262	0.00637	0.01460	0.03476	0.00813
15	0.02532	0.01789	0.01953	0.01540	0.02048	0.01949	0.01249	0.52104	0.05618	0.08825	0.02148	0.06539	0.02951	0.04235	0.00874	0.00247	0.00742	0.00789	0.00723	0.01145
16	0.01263	0.00631	0.00947	0.00947	0.00947	0.00631	0.00631	0.00947	0.00947	0.01263	0.01263	0.02210	0.01263	0.02525	0.02841	0.78851	0.00631	0.00631	0.00316	0.00316
17	0.02277	0.01539	0.06051	0.01589	0.04641	0.01422	0.03656	0.16011	0.10700	0.24549	0.07843	0.07024	0.02386	0.01081	0.00775	0.00240	0.00681	0.05727	0.00728	0.01079
18	0.04156	0.06567	0.42304	0.05102	0.06975	0.01810	0.13441	0.06892	0.01690	0.02456	0.01343	0.01624	0.00986	0.00685	0.00706	0.00228	0.01033	0.00599	0.00356	0.01047
19	0.02658	0.02178	0.02165	0.06733	0.02448	0.11662	0.01430	0.54032	0.03093	0.04006	0.01628	0.01700	0.01176	0.00845	0.00717	0.00216	0.00882	0.00628	0.00650	0.01152
20	0.00868	0.00737	0.00748	0.00745	0.00987	0.00617	0.00559	0.01059	0.01677	0.02011	0.10447	0.06918	0.66512	0.01823	0.00859	0.00245	0.00367	0.01523	0.00681	0.00617
21	0.03197	0.01251	0.01685	0.01302	0.01857	0.01101	0.01072	0.03557	0.05020	0.67446	0.02872	0.02485	0.01818	0.00904	0.00731	0.00226	0.00617	0.00735	0.00893	0.01233
22	0.01834	0.06392	0.36610	0.04448	0.09592	0.20750	0.02110	0.02395	0.01710	0.02155	0.04484	0.01682	0.01232	0.00738	0.00683	0.00214	0.01066	0.00563	0.00355	0.00986
23	0.03146	0.01209	0.01640	0.01267	0.01800	0.01049	0.01036	0.03413	0.02027	0.66813	0.02838	0.02594	0.01843	0.04747	0.00886	0.00250	0.00623	0.00748	0.00876	0.01195
24	0.03247	0.01260	0.01701	0.01304	0.01867	0.01102	0.01077	0.05371	0.02119	0.68540	0.02836	0.02453	0.01783	0.00899	0.00731	0.00225	0.00624	0.00729	0.00895	0.01237
25	0.01667	0.01592	0.02712	0.25624	0.49790	0.01692	0.02165	0.02115	0.01593	0.02214	0.01344	0.01842	0.01095	0.00672	0.00722	0.00224	0.00896	0.00647	0.00348	0.01045
26	0.01674	0.04322	0.02321	0.03083	0.41302	0.01498	0.01686	0.02201	0.07960	0.05374	0.07550	0.07825	0.04839	0.00988	0.00758	0.00231	0.00720	0.04141	0.00503	0.01024
27	0.79588	0.01406	0.01068	0.00956	0.01406	0.01631	0.00787	0.02137	0.01237	0.03261	0.01012	0.01181	0.00787	0.00675	0.00450	0.00225	0.00562	0.00394	0.00450	0.00787
28	0.72857	0.01453	0.03599	0.00996	0.01446	0.01583	0.00849	0.02084	0.01234	0.03127	0.01035	0.01245	0.00816	0.00767	0.00577	0.04125	0.00584	0.00411	0.00438	0.00774
29	0.02090	0.01740	0.01790	0.04032	0.05202	0.07530	0.01214	0.33591	0.09292	0.03334	0.03196	0.03137	0.18501	0.01102	0.00755	0.00226	0.00720	0.00876	0.00654	0.01019
30	0.32280	0.39621	0.08863	0.01207	0.01803	0.02280	0.01197	0.02173	0.01388	0.02371	0.01038	0.01206	0.00875	0.00649	0.00480	0.00189	0.00720	0.00404	0.00365	0.00889
31	0.01621	0.02622	0.28707	0.02699	0.03559	0.01783	0.43525	0.02319	0.01649	0.02319	0.01410	0.01804	0.01036	0.00641	0.00796	0.00240	0.01170	0.00740	0.00345	0.01015
32	0.01578	0.02404	0.26954	0.05627	0.02951	0.05834	0.21901	0.02159	0.01670	0.04228	0.07899	0.07896	0.01870	0.00876	0.00773	0.00235	0.00983	0.00834	0.00426	0.02903
33	0.01485	0.03588	0.64620	0.02217	0.05811	0.01697	0.05974	0.02301	0.01549	0.02306	0.01315	0.01567	0.00939	0.00685	0.00700	0.00230	0.01074	0.00558	0.00312	0.01073
34	0.00894	0.00636	0.00841	0.01001	0.01041	0.00596	0.00663	0.01014	0.01375	0.01833	0.03919	0.70436	0.04697	0.05972	0.01070	0.00316	0.00436	0.02015	0.00663	0.00583
35	0.01778	0.41967	0.26075	0.01560	0.02280	0.05405	0.01726	0.02215	0.01508	0.01949	0.01159	0.01369	0.00962	0.00687	0.00636	0.00190	0.04081	0.00463	0.03026	0.00962
36	0.01263	0.00631	0.00947	0.00947	0.00947	0.00631	0.00631	0.00947	0.00947	0.01263	0.01263	0.02210	0.01263	0.02525	0.02841	0.78851	0.00631	0.00631	0.00316	0.00316
37	0.04484	0.64610	0.06276	0.01312	0.01929	0.07653	0.01298	0.02232	0.01513	0.01789	0.01030	0.01192	0.00928	0.00635	0.00488	0.00163	0.00820	0.00400	0.00320	0.00927
38	0.02763	0.02036	0.02182	0.01672	0.02254	0.02254	0.01382	0.67496	0.03418	0.04581	0.01745	0.01745	0.01236	0.00873	0.00727	0.00218	0.00800	0.00654	0.00727	0.01236
39	0.01038	0.00779	0.01168	0.01168	0.01298	0.00909	0.00909	0.01298	0.01168	0.01687	0.01947	0.02856	0.01817	0.05452	0.71573	0.01168	0.01947	0.00779	0.00389	0.00649
40	0.01774	0.39372	0.25878	0.01667	0.02379	0.05138	0.04090	0.02215	0.01496	0.01935	0.01124	0.01360	0.00937	0.00706	0.00730	0.00199	0.07239	0.00479	0.00315	0.00966
41	0.01704	0.01903	0.09580	0.13426	0.46531	0.04744	0.02114	0.02198	0.03073	0.02265	0.01639	0.02019	0.04141	0.00728	0.00721	0.00222	0.00891	0.00671	0.00372	0.01058
42	0.00982	0.00760	0.00804	0.00802	0.01050	0.00644	0.00611	0.01176	0.01667	0.04995	0.06867	0.09220	0.60992	0.01823	0.00863	0.00251	0.00397	0.04767	0.00685	0.00643
43	0.01726	0.01652	0.02818	0.16178	0.58775	0.01708	0.02194	0.02167	0.01621	0.02286	0.01354	0.01823	0.01120	0.00661	0.00721	0.00220	0.00882	0.00647	0.00353	0.01092
44	0.01543	0.02080	0.16654	0.18981	0.03720	0.01717	0.32583	0.02135	0.01606	0.02214	0.04854	0.02030	0.01323	0.00732	0.00870	0.00244	0.04656	0.00757	0.00365	0.00934
45	0.01536	0.07474	0.54613	0.02256	0.05488	0.01780	0.12231	0.02296	0.01563	0.02275	0.01315	0.01586	0.00957	0.00674	0.00704	0.00228	0.01073	0.00580	0.00318	0.01055
46	0.00957	0.00757	0.00849	0.00890	0.01067	0.00692	0.00649	0.01216	0.04729	0.01982	0.07439	0.21916	0.38703	0.08602	0.01142	0.00306	0.00443	0.06377	0.00660	0.00624
47	0.02311	0.01771	0.11957	0.01468	0.01989	0.04842	0.01330	0.11581	0.06646	0.27992	0.08834	0.05858	0.02184	0.01200	0.03930	0.00273	0.03282	0.00804	0.00688	0.01062
48	0.01193	0.00880	0.01097	0.01127	0.01247	0.00907	0.00803	0.10143	0.01679	0.02265	0.07518	0.52908	0.04154	0.05684	0.01107	0.00303	0.03931	0.01708	0.00661	0.00686
49	0.01622	0.07124	0.29573	0.02509	0.05161	0.01875	0.30746	0.02255	0.01577	0.02231	0.01330	0.01711	0.01011	0.00702	0.00899	0.00239	0.07416	0.00680	0.00336	0.01002
50	0.06454	0.01951	0.09065	0.11620	0.03559	0.01824	0.42841	0.02195	0.01576	0.02265	0.01353	0.01837	0.01036	0.00705	0.00958	0.00250	0.08466	0.00753	0.00357	0.00935
51	0.00980	0.00775	0.01050	0.06143	0.01403	0.00811	0.00839	0.01141	0.01398	0.01857	0.03883	0.55669	0.10757	0.02034	0.01036	0.00288	0.06907	0.01785	0.00618	0.00626
52	0.01603	0.01739	0.03573	0.02657	0.03218	0.01717	0.50039	0.02110	0.01625	0.02221	0.01778	0.06919	0.01585	0.00911	0.01046	0.00264	0.09161	0.06519	0.00407	0.00908
53	0.01320	0.01067	0.01819	0.13580	0.02279	0.01094	0.13907	0.04339	0.01455	0.01962	0.02239	0.24760	0.02323	0.01629	0.01306	0.18793	0.00734	0.01134	0.03590	0.00670
54	0.02668	0.07313	0.01731	0.01240	0.01724	0.01194	0.01021	0.03055	0.06108	0.48799	0.10993	0.06290	0.02526	0.01022	0.00735	0.00224	0.00585	0.00846	0.00817	0.01106
55	0.02176	0.01898	0.20420	0.04052	0.04145	0.01282	0.01517	0.06043	0.03619	0.29730	0.12237	0.02762	0.04952	0.00954	0.00743	0.00228	0.00720	0.00789	0.00666	0.01067
56	0.04655	0.15780	0.51341	0.02006	0.06330	0.03496	0.02310	0.02284	0.01531	0.02230	0.01242	0.01466	0.00930	0.00677	0.00643	0.00215	0.00998	0.00510	0.00318	0.01037
57	0.01782	0.01710	0.02920	0.07141	0.67371	0.01723	0.02223	0.02216	0.01647	0.02354	0.01364	0.01805	0.01144	0.00651	0.00720	0.00217	0.00868	0.00648	0.00358	0.01138
58	0.02463	0.01754	0.14825	0.05533	0.09208	0.01280	0.03839	0.02892	0.01888	0.39953	0.07014	0.02392	0.01859	0.00857	0.00735	0.00227	0.00749	0.00728	0.00678	0.01127
59	0.01688	0.01602	0.02657	0.22058	0.48161	0.01704	0.02099	0.02249	0.06346	0.02287	0.01460	0.01900	0.01179	0.00692	0.00723	0.00225	0.00871	0.00660	0.00377	0.01062

[dist]
# distance from previous block
# <min> <max>
0	60

[block]
# block no. 5 follows, 28 sequences, length 8
# corresponding to MSA columns:
# 473-480
name=unknown_F
#
# <colnr> <probs for GDERKNQSTAVLIFYWHMCP>
#	G	D	E	R	K	N	Q	S	T	A	V	L	I	F	Y	W	H	M	C	P
0	0.07293	0.01229	0.01650	0.01560	0.08504	0.01145	0.01115	0.02978	0.06121	0.45273	0.02778	0.12781	0.02139	0.01068	0.00742	0.00236	0.00608	0.00903	0.00776	0.01101
1	0.01799	0.01727	0.02950	0.04462	0.69919	0.01727	0.02231	0.02231	0.01655	0.02375	0.01367	0.01799	0.01151	0.00648	0.00720	0.00216	0.00864	0.00648	0.00360	0.01151
2	0.01793	0.03276	0.53725	0.02006	0.02954	0.04774	0.06066	0.02512	0.01648	0.12223	0.01534	0.01686	0.01060	0.00719	0.00704	0.00228	0.01027	0.00581	0.00400	0.01082
3	0.01226	0.01053	0.01759	0.10357	0.02233	0.01055	0.12682	0.01587	0.01613	0.02102	0.03425	0.15300	0.08644	0.01630	0.00922	0.00295	0.00745	0.32071	0.00575	0.00725
4	0.04792	0.01572	0.01843	0.12006	0.06757	0.08275	0.01320	0.05015	0.14949	0.29988	0.04396	0.02316	0.01745	0.00871	0.00719	0.00227	0.00740	0.00711	0.00676	0.01082
5	0.01962	0.01656	0.02509	0.21456	0.38823	0.06138	0.01953	0.02369	0.01691	0.12135	0.01551	0.01902	0.01185	0.00711	0.00719	0.00222	0.00884	0.00648	0.00430	0.01055
6	0.01198	0.01292	0.11335	0.01350	0.03945	0.00932	0.03562	0.01565	0.01715	0.04686	0.16009	0.09930	0.22159	0.01556	0.00862	0.00262	0.00596	0.15659	0.00628	0.00759
7	0.01608	0.01670	0.02261	0.37386	0.09506	0.11754	0.08539	0.02109	0.05219	0.02015	0.02054	0.02438	0.08659	0.00849	0.00745	0.00233	0.00949	0.00750	0.00400	0.00858

[dist]
# distance from previous block
# <min> <max>
0	25

[block]
# block no. 6 follows, 28 sequences, length 8
# corresponding to MSA columns:
# 506-513
name=unknown_G
#
# <colnr> <probs for GDERKNQSTAVLIFYWHMCP>
#	G	D	E	R	K	N	Q	S	T	A	V	L	I	F	Y	W	H	M	C	P
0	0.02242	0.01379	0.04178	0.11388	0.10029	0.01257	0.08899	0.02625	0.01868	0.32713	0.10216	0.02791	0.05241	0.00921	0.00763	0.00230	0.00733	0.00824	0.00661	0.01043
1	0.04437	0.01241	0.02019	0.38037	0.09522	0.01393	0.06399	0.01784	0.01544	0.02062	0.02420	0.03576	0.09004	0.01061	0.00789	0.00256	0.00843	0.12372	0.00435	0.00804
2	0.01070	0.00698	0.00866	0.00925	0.01048	0.00645	0.00647	0.01262	0.01561	0.05068	0.14814	0.39731	0.12645	0.05670	0.00998	0.00283	0.00416	0.01611	0.09402	0.00639
3	0.02892	0.01332	0.01691	0.01333	0.01854	0.01262	0.01088	0.10596	0.09939	0.50848	0.07094	0.02613	0.02114	0.00945	0.00740	0.00227	0.00616	0.00771	0.00855	0.01191
4	0.01529	0.02180	0.21304	0.13394	0.03454	0.01617	0.31364	0.02150	0.01632	0.02307	0.05255	0.02089	0.01408	0.00717	0.00768	0.00234	0.01033	0.00752	0.05872	0.00941
5	0.01604	0.01828	0.11223	0.28541	0.38303	0.01682	0.02212	0.02106	0.01568	0.02181	0.01332	0.01815	0.01057	0.00681	0.00719	0.00227	0.00928	0.00633	0.00340	0.01019
6	0.01505	0.01427	0.02419	0.51522	0.25157	0.01650	0.02085	0.01973	0.01516	0.02018	0.01315	0.01895	0.01026	0.00702	0.00725	0.00234	0.00936	0.00647	0.00334	0.00914
7	0.01710	0.13181	0.02842	0.12670	0.45630	0.01819	0.01935	0.02111	0.01630	0.02241	0.06233	0.01980	0.01506	0.00715	0.00690	0.00211	0.00826	0.00655	0.00379	0.01038

[dist]
# distance from previous block
# <min> <max>
0	24

[block]
# block no. 7 follows, 28 sequences, length 22
# corresponding to MSA columns:
# 538-559
name=unknown_H
#
# <colnr> <probs for GDERKNQSTAVLIFYWHMCP>
#	G	D	E	R	K	N	Q	S	T	A	V	L	I	F	Y	W	H	M	C	P
0	0.09901	0.13800	0.15840	0.06129	0.23355	0.05396	0.04775	0.04100	0.01648	0.06611	0.01355	0.01614	0.01055	0.00684	0.00650	0.00212	0.00887	0.00565	0.00394	0.01031
1	0.01968	0.12166	0.02578	0.07729	0.32049	0.01806	0.01699	0.09848	0.05410	0.08643	0.01919	0.02329	0.03927	0.00828	0.00706	0.00219	0.00786	0.03834	0.00488	0.01069
2	0.09551	0.10622	0.36617	0.04680	0.05956	0.01801	0.02010	0.04508	0.01593	0.09370	0.01399	0.01595	0.01025	0.00746	0.00760	0.00226	0.05566	0.00547	0.00401	0.01028
3	0.07341	0.06936	0.23497	0.02212	0.14014	0.14456	0.01867	0.12086	0.01940	0.06979	0.01412	0.01586	0.01058	0.00729	0.00668	0.00213	0.00959	0.00555	0.00438	0.01052
4	0.01186	0.01022	0.04770	0.01320	0.03703	0.00868	0.04253	0.04599	0.01603	0.04027	0.08739	0.49649	0.04031	0.01803	0.00865	0.00267	0.00533	0.01634	0.00637	0.04491
5	0.06334	0.01808	0.13208	0.01471	0.02065	0.01487	0.01357	0.09031	0.19505	0.29717	0.02584	0.02398	0.03913	0.00905	0.00716	0.00232	0.00689	0.00725	0.00713	0.01143
6	0.01598	0.10263	0.03724	0.01113	0.01461	0.01223	0.00928	0.07629	0.05302	0.10729	0.34623	0.04059	0.09001	0.04120	0.00884	0.00239	0.00520	0.01030	0.00703	0.00850
7	0.02079	0.01309	0.01477	0.01265	0.01635	0.03842	0.00985	0.13124	0.13274	0.21006	0.12644	0.11402	0.06218	0.05194	0.00938	0.00262	0.00596	0.01021	0.00749	0.00979
8	0.01747	0.02097	0.13468	0.10077	0.14510	0.01771	0.30315	0.08578	0.01807	0.02505	0.01428	0.01824	0.01081	0.00663	0.00767	0.00228	0.01040	0.00712	0.00391	0.04991
9	0.29833	0.02610	0.37209	0.10106	0.02736	0.01659	0.01916	0.02189	0.01417	0.02597	0.01197	0.01454	0.00878	0.00689	0.00607	0.00230	0.00876	0.00498	0.00361	0.00938
10	0.01292	0.01030	0.03366	0.04960	0.01537	0.00995	0.00940	0.12408	0.01724	0.02302	0.03167	0.41701	0.03556	0.10900	0.01228	0.00332	0.00591	0.06635	0.00624	0.00714
11	0.01938	0.01942	0.02657	0.10492	0.47780	0.11741	0.02006	0.05657	0.04433	0.02377	0.01407	0.01776	0.01149	0.00695	0.00712	0.00216	0.00923	0.00629	0.00392	0.01078
12	0.00955	0.00689	0.00876	0.00974	0.01081	0.00625	0.00670	0.01122	0.01465	0.02006	0.08087	0.57016	0.08918	0.02017	0.00873	0.00270	0.00416	0.01811	0.04796	0.05334
13	0.06717	0.01520	0.02378	0.06939	0.47051	0.01567	0.01823	0.02224	0.06113	0.02475	0.01677	0.02247	0.01418	0.00766	0.00697	0.00221	0.00766	0.03919	0.08446	0.01037
14	0.02033	0.07018	0.09011	0.07155	0.18728	0.08977	0.20130	0.06647	0.01835	0.09217	0.01512	0.01802	0.01140	0.00695	0.00734	0.00221	0.01001	0.00670	0.00431	0.01043
15	0.01486	0.01393	0.02290	0.49462	0.19766	0.01575	0.01949	0.01941	0.01506	0.02030	0.01310	0.01861	0.01022	0.00689	0.00706	0.00222	0.00900	0.00624	0.00343	0.08924
16	0.01117	0.00805	0.01008	0.01093	0.01202	0.00795	0.00762	0.09194	0.01641	0.02191	0.03728	0.65090	0.04368	0.02104	0.00903	0.00286	0.00468	0.01893	0.00681	0.00670
17	0.01661	0.01374	0.02944	0.01556	0.05142	0.01431	0.04080	0.02910	0.37169	0.07278	0.08715	0.06195	0.08634	0.01190	0.00792	0.00251	0.00596	0.06384	0.00698	0.01001
18	0.01748	0.01654	0.02805	0.04206	0.64325	0.01654	0.02144	0.02172	0.01657	0.02358	0.01570	0.02322	0.01399	0.00759	0.00743	0.00226	0.00848	0.05912	0.00385	0.01112
19	0.00994	0.00902	0.00852	0.00869	0.01093	0.05192	0.00647	0.01176	0.01648	0.01945	0.06378	0.15698	0.54030	0.01836	0.00861	0.00252	0.00447	0.03898	0.00655	0.00627
20	0.01548	0.06247	0.06009	0.21562	0.02936	0.04395	0.06886	0.01873	0.01353	0.01860	0.01323	0.06550	0.01226	0.01046	0.01434	0.00270	0.31584	0.00726	0.00348	0.00825
21	0.01618	0.01686	0.07191	0.16772	0.44422	0.01601	0.03475	0.02081	0.01637	0.02298	0.05852	0.02317	0.01597	0.00777	0.00743	0.00228	0.00864	0.03423	0.00391	0.01027

[dist]
# distance from previous block
# <min> <max>
5	6

[block]
# block no. 8 follows, 28 sequences, length 7
# corresponding to MSA columns:
# 567-573
name=unknown_I
#
# <colnr> <probs for GDERKNQSTAVLIFYWHMCP>
#	G	D	E	R	K	N	Q	S	T	A	V	L	I	F	Y	W	H	M	C	P
0	0.39197	0.05647	0.01567	0.01218	0.01678	0.05815	0.00998	0.16412	0.05111	0.06587	0.07957	0.01855	0.01603	0.00823	0.00590	0.00219	0.00652	0.00580	0.00567	0.00925
1	0.01749	0.06172	0.05831	0.02620	0.11187	0.01793	0.33407	0.02216	0.01597	0.04937	0.01390	0.01793	0.01097	0.00710	0.00968	0.00227	0.10518	0.00705	0.00384	0.10700
2	0.01233	0.00845	0.01048	0.00991	0.01198	0.00798	0.00741	0.06427	0.01977	0.06404	0.39673	0.19205	0.13434	0.01613	0.00855	0.00243	0.00412	0.01413	0.00759	0.00730
3	0.02337	0.01331	0.01538	0.01265	0.01716	0.01345	0.01017	0.15268	0.16036	0.27519	0.03259	0.03047	0.11367	0.01040	0.00728	0.00226	0.00581	0.00843	0.08462	0.01076
4	0.04998	0.05496	0.01665	0.15159	0.02268	0.08456	0.01167	0.08268	0.09252	0.09151	0.03475	0.03457	0.22044	0.01119	0.00736	0.00229	0.00699	0.00902	0.00581	0.00879
5	0.17055	0.02019	0.17350	0.14939	0.05599	0.01622	0.19576	0.02112	0.01507	0.02405	0.01412	0.04918	0.01143	0.00735	0.00699	0.00232	0.00931	0.00683	0.00379	0.04682
6	0.30689	0.04850	0.09727	0.08231	0.06340	0.01771	0.01405	0.06128	0.05637	0.07910	0.01391	0.01605	0.01060	0.00798	0.00810	0.00236	0.09471	0.00546	0.00463	0.00935

[dist]
# distance from previous block
# <min> <max>
0	8

[block]
# block no. 9 follows, 28 sequences, length 38
# corresponding to MSA columns:
# 582-619
name=unknown_J
#
# <colnr> <probs for GDERKNQSTAVLIFYWHMCP>
#	G	D	E	R	K	N	Q	S	T	A	V	L	I	F	Y	W	H	M	C	P
0	0.01624	0.05528	0.01626	0.11049	0.01970	0.03861	0.03512	0.05404	0.04145	0.10083	0.03169	0.03586	0.17799	0.11699	0.01327	0.02588	0.05135	0.00921	0.04187	0.00789
1	0.04423	0.01368	0.01874	0.25426	0.02935	0.01401	0.03085	0.09131	0.04263	0.13645	0.01758	0.04601	0.01349	0.00785	0.00681	0.00204	0.00740	0.00662	0.00522	0.21146
2	0.02845	0.01496	0.01889	0.01726	0.09899	0.04595	0.01243	0.09577	0.05189	0.45616	0.02411	0.02222	0.01604	0.00843	0.00715	0.00216	0.00691	0.00688	0.00760	0.05777
3	0.01188	0.00754	0.01112	0.01097	0.01137	0.00788	0.02819	0.01096	0.01133	0.01549	0.02110	0.23202	0.02332	0.04798	0.02156	0.42469	0.06335	0.01074	0.02384	0.00468
4	0.01618	0.03550	0.59415	0.02170	0.06657	0.06193	0.02518	0.05393	0.01663	0.02379	0.01317	0.01545	0.00949	0.00701	0.00692	0.00226	0.01065	0.00544	0.00334	0.01071
5	0.01662	0.01571	0.02573	0.20843	0.45803	0.01667	0.02028	0.02234	0.07224	0.02289	0.01696	0.02095	0.03641	0.00738	0.00728	0.00226	0.00848	0.00694	0.00394	0.01048
6	0.00932	0.00674	0.00855	0.00966	0.01038	0.00622	0.00641	0.01051	0.01365	0.01818	0.03867	0.57274	0.08348	0.12470	0.01304	0.00343	0.00463	0.01829	0.00632	0.03508
7	0.02046	0.65418	0.03577	0.01327	0.01916	0.11983	0.01265	0.02273	0.01554	0.01719	0.01026	0.01185	0.00933	0.00639	0.00491	0.00160	0.00848	0.00399	0.00319	0.00921
8	0.00924	0.00684	0.00863	0.00934	0.01051	0.00623	0.00656	0.01126	0.01639	0.02193	0.24292	0.41563	0.16857	0.01963	0.00895	0.00266	0.00389	0.01747	0.00712	0.00623
9	0.07567	0.14077	0.45752	0.04364	0.02768	0.01833	0.02143	0.04252	0.01596	0.07308	0.01364	0.01541	0.00988	0.00701	0.00644	0.00218	0.00946	0.00525	0.00374	0.01038
10	0.01160	0.00874	0.01065	0.01072	0.01182	0.00908	0.00758	0.07684	0.01556	0.02076	0.05612	0.38757	0.10653	0.15851	0.01543	0.00361	0.06088	0.01543	0.00612	0.00647
11	0.01051	0.00772	0.00865	0.00856	0.01096	0.00669	0.00660	0.01273	0.01725	0.06132	0.14671	0.09073	0.49331	0.01771	0.00867	0.00252	0.00409	0.07159	0.00704	0.00664
12	0.01772	0.01737	0.02782	0.15554	0.56089	0.04973	0.02157	0.02201	0.01641	0.02262	0.01344	0.01799	0.01111	0.00665	0.00718	0.00219	0.00902	0.00639	0.00354	0.01080
13	0.06272	0.01488	0.02344	0.37071	0.26690	0.01669	0.01928	0.05144	0.03588	0.04856	0.01430	0.01880	0.01101	0.00717	0.00709	0.00231	0.00876	0.00640	0.00396	0.00970
14	0.06527	0.07407	0.45065	0.01807	0.02694	0.01654	0.04428	0.02390	0.04638	0.06829	0.01451	0.01618	0.01053	0.00694	0.00657	0.00214	0.00922	0.00545	0.00390	0.09016
15	0.01694	0.01730	0.03218	0.13517	0.33484	0.01789	0.23381	0.02170	0.01602	0.02234	0.01356	0.01854	0.01093	0.00699	0.00903	0.00238	0.06952	0.00715	0.00354	0.01017
16	0.01290	0.00949	0.01207	0.01276	0.03957	0.00946	0.00978	0.01854	0.11803	0.05449	0.19191	0.09953	0.13265	0.01627	0.00884	0.00273	0.00529	0.23081	0.00710	0.00776
17	0.01607	0.01741	0.03540	0.23530	0.04039	0.01796	0.43992	0.02154	0.01601	0.02154	0.01386	0.01931	0.01054	0.00687	0.00913	0.00249	0.05575	0.00782	0.00351	0.00918
18	0.11179	0.02064	0.05460	0.11962	0.28585	0.14686	0.01776	0.09069	0.01845	0.04750	0.01356	0.01658	0.01064	0.00713	0.00677	0.00216	0.00920	0.00583	0.00421	0.01015
19	0.04565	0.11286	0.36701	0.02001	0.08694	0.01859	0.02018	0.02667	0.18388	0.02461	0.01681	0.01798	0.01265	0.00752	0.00670	0.00224	0.00876	0.00596	0.00426	0.01073
20	0.01099	0.00778	0.00965	0.00914	0.01108	0.00717	0.00681	0.01441	0.03904	0.05151	0.48849	0.08519	0.17359	0.04131	0.00953	0.00252	0.00381	0.01341	0.00762	0.00694
21	0.02689	0.01992	0.02142	0.01637	0.02223	0.02179	0.01351	0.63629	0.03305	0.04451	0.01719	0.01731	0.01227	0.00853	0.00716	0.00212	0.00784	0.00641	0.00710	0.05809
22	0.00897	0.00638	0.00840	0.00997	0.01037	0.00598	0.00659	0.01015	0.01369	0.01825	0.03890	0.69264	0.04660	0.07194	0.01117	0.00323	0.00441	0.01998	0.00659	0.00580
23	0.03261	0.01237	0.01687	0.01293	0.01856	0.01068	0.01068	0.03543	0.02081	0.70423	0.02868	0.02474	0.01799	0.00900	0.00731	0.00225	0.00619	0.00731	0.00900	0.01237
24	0.01909	0.69805	0.08592	0.01303	0.01957	0.02791	0.01347	0.02186	0.01481	0.01753	0.01032	0.01192	0.00932	0.00627	0.00482	0.00161	0.00799	0.00399	0.00311	0.00943
25	0.01716	0.01961	0.04289	0.03064	0.03799	0.01838	0.67279	0.02328	0.01716	0.02328	0.01471	0.01961	0.01103	0.00613	0.00858	0.00245	0.01225	0.00858	0.00368	0.00980
26	0.00859	0.00736	0.00736	0.00736	0.00982	0.00614	0.00552	0.01043	0.01657	0.01964	0.07364	0.06996	0.69624	0.01841	0.00859	0.00245	0.00368	0.01534	0.00675	0.00614
27	0.05219	0.01703	0.05457	0.31176	0.11222	0.01721	0.28638	0.02118	0.01575	0.02186	0.01360	0.01883	0.01033	0.00668	0.00765	0.00239	0.01047	0.00717	0.00351	0.00923
28	0.02778	0.01168	0.01543	0.01220	0.01684	0.01046	0.00978	0.06050	0.02033	0.53183	0.09590	0.02983	0.02380	0.08674	0.01055	0.00275	0.00608	0.00821	0.00833	0.01097
29	0.03124	0.01207	0.01643	0.01270	0.01808	0.01045	0.01045	0.03409	0.02079	0.66268	0.06971	0.02656	0.02111	0.00936	0.00739	0.00225	0.00602	0.00767	0.00894	0.01203
30	0.01758	0.01685	0.02876	0.11062	0.63642	0.01716	0.02210	0.02195	0.01636	0.02325	0.01360	0.01813	0.01134	0.00655	0.00720	0.00218	0.00874	0.00648	0.00356	0.01118
31	0.02325	0.07258	0.04397	0.02403	0.18868	0.33262	0.01598	0.13090	0.02097	0.02396	0.01418	0.04906	0.01219	0.00806	0.00685	0.00204	0.01035	0.00615	0.00436	0.00984
32	0.01516	0.01471	0.02587	0.35503	0.25933	0.01598	0.10246	0.01973	0.01561	0.02093	0.01719	0.04641	0.04399	0.00792	0.00754	0.00236	0.00920	0.00765	0.00370	0.00926
33	0.01618	0.01475	0.02230	0.39785	0.18067	0.01708	0.01850	0.05264	0.15938	0.02341	0.01684	0.02065	0.01287	0.00772	0.00728	0.00236	0.00855	0.00684	0.00438	0.00973
34	0.19450	0.01864	0.17160	0.01561	0.04999	0.01446	0.01443	0.04665	0.09429	0.15918	0.04310	0.02779	0.01847	0.00962	0.00698	0.00242	0.00718	0.08930	0.00583	0.00994
35	0.01713	0.09845	0.24349	0.02145	0.12309	0.09133	0.05914	0.06060	0.03861	0.02396	0.09001	0.06474	0.01918	0.00884	0.00715	0.00220	0.00896	0.00746	0.00441	0.00980
36	0.01602	0.09923	0.01952	0.01392	0.01786	0.01474	0.07054	0.13181	0.06044	0.02670	0.13604	0.15466	0.05370	0.01192	0.00821	0.00222	0.03822	0.01019	0.00591	0.10813
