[name]
unknown

[dist]
# distance from previous block
# <min> <max>
0	59

[block]
# block no. 0 follows, 28 sequences, length 33
# corresponding to MSA columns:
# 62-94
name=unknown_A
#
# <colnr> <probs for GDERKNQSTAVLIFYWHMCP>
#	G	D	E	R	K	N	Q	S	T	A	V	L	I	F	Y	W	H	M	C	P
0	0.14881	0.01742	0.02010	0.09666	0.13104	0.08498	0.04427	0.13507	0.09526	0.02815	0.01647	0.02092	0.01346	0.03678	0.00795	0.00239	0.00808	0.02911	0.00497	0.05810
1	0.04708	0.02124	0.02206	0.08621	0.17119	0.22152	0.03003	0.09596	0.01899	0.05366	0.01635	0.01894	0.04392	0.00835	0.00858	0.00218	0.07979	0.00628	0.00443	0.04323
2	0.07537	0.01501	0.07628	0.16787	0.08616	0.01461	0.05010	0.06043	0.01581	0.02352	0.03701	0.13727	0.01846	0.01046	0.00898	0.00240	0.08477	0.00870	0.05291	0.05388
3	0.02161	0.01629	0.01908	0.04483	0.07695	0.01764	0.01278	0.41812	0.02745	0.03713	0.12959	0.06024	0.02390	0.04983	0.00918	0.00251	0.00713	0.00852	0.00675	0.01048
4	0.52792	0.01494	0.01211	0.01089	0.01484	0.08724	0.00872	0.02160	0.01437	0.07096	0.06961	0.01790	0.01472	0.01220	0.07300	0.00311	0.00757	0.00536	0.00493	0.00799
5	0.05625	0.01677	0.01918	0.01504	0.02016	0.01771	0.04712	0.40289	0.05287	0.03698	0.05554	0.05559	0.07384	0.00994	0.00730	0.00216	0.00702	0.00806	0.00663	0.08896
6	0.01454	0.01326	0.02095	0.60397	0.04465	0.01563	0.01843	0.04883	0.01551	0.02047	0.01313	0.01875	0.00995	0.00710	0.00703	0.00224	0.00907	0.00619	0.00355	0.10673
7	0.02025	0.01359	0.01503	0.01303	0.01671	0.05046	0.01013	0.13695	0.13956	0.17523	0.12768	0.17085	0.03070	0.01256	0.00780	0.00237	0.00596	0.01066	0.00739	0.03308
8	0.14956	0.01426	0.02192	0.42354	0.21503	0.01647	0.01863	0.02004	0.01469	0.02236	0.01264	0.01771	0.00986	0.00697	0.00677	0.00232	0.00871	0.00603	0.00355	0.00895
9	0.01743	0.01675	0.02822	0.12214	0.51077	0.01729	0.06508	0.02352	0.08152	0.02375	0.01520	0.01915	0.01230	0.00688	0.00732	0.00224	0.00873	0.00679	0.00393	0.01099
10	0.01799	0.01727	0.02950	0.04462	0.69919	0.01727	0.02231	0.02231	0.01655	0.02375	0.01367	0.01799	0.01151	0.00648	0.00720	0.00216	0.00864	0.00648	0.00360	0.01151
11	0.01797	0.01679	0.02287	0.01906	0.02031	0.02218	0.03738	0.13092	0.01530	0.02256	0.01108	0.01629	0.01008	0.01182	0.02049	0.00298	0.58277	0.00647	0.00390	0.00877
12	0.01799	0.01727	0.02950	0.04462	0.69919	0.01727	0.02231	0.02231	0.01655	0.02375	0.01367	0.01799	0.01151	0.00648	0.00720	0.00216	0.00864	0.00648	0.00360	0.01151
13	0.01538	0.01498	0.02362	0.52851	0.20657	0.04869	0.02042	0.01996	0.01530	0.01979	0.01303	0.01875	0.01012	0.00709	0.00722	0.00233	0.00959	0.00638	0.00334	0.00893
14	0.00886	0.00633	0.00843	0.01012	0.01054	0.00590	0.00675	0.01012	0.01392	0.01856	0.04006	0.73979	0.04808	0.02277	0.00928	0.00295	0.00422	0.02066	0.00675	0.00590
15	0.02170	0.62206	0.03444	0.01252	0.01864	0.02565	0.01214	0.02412	0.01581	0.13544	0.01330	0.01391	0.01082	0.00670	0.00512	0.00167	0.00750	0.00448	0.00412	0.00985
16	0.02870	0.01512	0.08205	0.01366	0.01926	0.03767	0.01202	0.03188	0.01970	0.55585	0.02748	0.08323	0.01935	0.00989	0.00741	0.00230	0.00672	0.00814	0.00804	0.01152
17	0.00875	0.00737	0.00759	0.00753	0.00992	0.00621	0.00565	0.01075	0.01695	0.02054	0.13288	0.06846	0.63644	0.01807	0.00859	0.00244	0.00366	0.01513	0.00687	0.00621
18	0.01493	0.00811	0.00825	0.00775	0.00985	0.00832	0.00594	0.08160	0.01710	0.02894	0.02310	0.02615	0.01802	0.00849	0.00530	0.00174	0.00384	0.00675	0.70848	0.00732
19	0.01458	0.03760	0.70688	0.02072	0.03146	0.01688	0.02686	0.02302	0.01535	0.02302	0.01304	0.01535	0.00921	0.00691	0.00691	0.00230	0.01074	0.00537	0.00307	0.01074
20	0.01774	0.06496	0.39763	0.02620	0.20995	0.07473	0.02300	0.02393	0.01637	0.05922	0.01377	0.01621	0.01032	0.00692	0.00687	0.00219	0.00998	0.00565	0.00359	0.01078
21	0.01601	0.02434	0.34274	0.01646	0.02338	0.01498	0.01789	0.02651	0.20198	0.07304	0.14191	0.02628	0.02412	0.00930	0.00737	0.00234	0.00773	0.00770	0.00556	0.01036
22	0.01040	0.00773	0.01137	0.01137	0.01256	0.00892	0.00869	0.01278	0.01159	0.01664	0.01976	0.03015	0.01886	0.11225	0.65894	0.01129	0.01843	0.00802	0.00394	0.00632
23	0.02490	0.02826	0.02174	0.02258	0.13998	0.46223	0.01514	0.07287	0.08250	0.04109	0.01427	0.01588	0.01137	0.00766	0.00681	0.00201	0.01111	0.00552	0.00444	0.00963
24	0.01532	0.01533	0.02806	0.31528	0.17227	0.01674	0.18999	0.01995	0.01535	0.02076	0.01499	0.06363	0.01278	0.00815	0.00886	0.00246	0.05946	0.00789	0.00364	0.00907
25	0.02646	0.03348	0.02070	0.01875	0.02226	0.67234	0.01416	0.02831	0.02001	0.01777	0.01113	0.01328	0.00937	0.00782	0.00763	0.00195	0.05767	0.00479	0.00371	0.00840
26	0.01554	0.01540	0.02219	0.13760	0.02427	0.02124	0.01662	0.01767	0.01170	0.01767	0.01011	0.01649	0.00957	0.01181	0.02108	0.00305	0.61045	0.00638	0.00319	0.00797
27	0.36703	0.07844	0.01711	0.04742	0.01880	0.13090	0.03881	0.04791	0.01606	0.06876	0.03601	0.05594	0.03327	0.00849	0.00594	0.00219	0.00744	0.00620	0.00484	0.00845
28	0.08776	0.09298	0.34707	0.01943	0.08121	0.01668	0.05445	0.04936	0.01686	0.02540	0.12184	0.02144	0.01901	0.00810	0.00687	0.00222	0.00861	0.00666	0.00425	0.00981
29	0.05317	0.01386	0.04418	0.01232	0.01635	0.01320	0.01018	0.23955	0.02324	0.03260	0.23712	0.08888	0.08962	0.01208	0.00763	0.00220	0.00567	0.01008	0.00683	0.08124
30	0.04819	0.07122	0.10066	0.02023	0.10701	0.27184	0.03517	0.09195	0.01971	0.02372	0.06303	0.04314	0.03666	0.00895	0.00701	0.00212	0.00970	0.02586	0.00457	0.00927
31	0.06319	0.18715	0.24245	0.06561	0.13623	0.01959	0.05066	0.07624	0.01679	0.02382	0.01396	0.04751	0.01164	0.00751	0.00655	0.00214	0.00892	0.00613	0.00380	0.01009
32	0.13719	0.10961	0.05126	0.15435	0.02538	0.08159	0.03909	0.09882	0.01808	0.04556	0.07808	0.01930	0.01565	0.00776	0.00641	0.00204	0.00794	0.00607	0.00468	0.09111

[dist]
# distance from previous block
# <min> <max>
5	24

[block]
# block no. 1 follows, 28 sequences, length 34
# corresponding to MSA columns:
# 119-152
name=unknown_B
#
# <colnr> <probs for GDERKNQSTAVLIFYWHMCP>
#	G	D	E	R	K	N	Q	S	T	A	V	L	I	F	Y	W	H	M	C	P
0	0.02234	0.01457	0.01673	0.01354	0.01796	0.01489	0.01074	0.32304	0.02481	0.14860	0.06530	0.13725	0.02311	0.04976	0.00907	0.00248	0.00651	0.00934	0.00710	0.08286
1	0.13535	0.07171	0.56400	0.01856	0.02810	0.01742	0.02316	0.02270	0.01486	0.02419	0.01244	0.01461	0.00901	0.00685	0.00642	0.00225	0.00980	0.00507	0.00329	0.01022
2	0.00924	0.00662	0.00877	0.00986	0.01063	0.00616	0.00678	0.01108	0.01568	0.02137	0.21391	0.55793	0.05352	0.02067	0.00909	0.00278	0.00401	0.01867	0.00708	0.00616
3	0.01373	0.01292	0.02180	0.72707	0.05006	0.01615	0.02019	0.01857	0.01453	0.01857	0.01292	0.01938	0.00969	0.00727	0.00727	0.00242	0.00969	0.00646	0.00323	0.00807
4	0.01373	0.01292	0.02180	0.72707	0.05006	0.01615	0.02019	0.01857	0.01453	0.01857	0.01292	0.01938	0.00969	0.00727	0.00727	0.00242	0.00969	0.00646	0.00323	0.00807
5	0.02763	0.02036	0.02182	0.01672	0.02254	0.02254	0.01382	0.67496	0.03418	0.04581	0.01745	0.01745	0.01236	0.00873	0.00727	0.00218	0.00800	0.00654	0.00727	0.01236
6	0.02698	0.02004	0.02145	0.01659	0.02229	0.02224	0.01366	0.63165	0.07855	0.04476	0.01828	0.01811	0.01303	0.00880	0.00728	0.00220	0.00785	0.00666	0.00728	0.01230
7	0.01373	0.01292	0.02180	0.72707	0.05006	0.01615	0.02019	0.01857	0.01453	0.01857	0.01292	0.01938	0.00969	0.00727	0.00727	0.00242	0.00969	0.00646	0.00323	0.00807
8	0.01469	0.00844	0.01121	0.01010	0.01257	0.00768	0.00786	0.01799	0.02042	0.15948	0.53141	0.05004	0.05737	0.01400	0.00841	0.00234	0.00414	0.04582	0.00813	0.00792
9	0.01373	0.01292	0.02180	0.72707	0.05006	0.01615	0.02019	0.01857	0.01453	0.01857	0.01292	0.01938	0.00969	0.00727	0.00727	0.00242	0.00969	0.00646	0.00323	0.00807
10	0.01516	0.01442	0.02421	0.47833	0.24928	0.01682	0.02062	0.01967	0.01498	0.02012	0.01297	0.01877	0.01025	0.00731	0.00813	0.00238	0.04765	0.00646	0.00334	0.00913
11	0.02515	0.01141	0.01466	0.01176	0.01650	0.01010	0.00951	0.02908	0.06513	0.46208	0.09098	0.03405	0.12901	0.01086	0.00753	0.00224	0.00549	0.00899	0.00823	0.04722
12	0.01507	0.01292	0.01507	0.01077	0.01723	0.00969	0.00861	0.01830	0.01507	0.02369	0.01292	0.01507	0.01077	0.00538	0.00538	0.00108	0.00538	0.00431	0.00431	0.78898
13	0.01410	0.04454	0.01330	0.01091	0.01355	0.03629	0.00849	0.12530	0.02211	0.03011	0.47028	0.08121	0.07386	0.01370	0.00814	0.00226	0.00480	0.01177	0.00739	0.00788
14	0.00926	0.00691	0.00856	0.00929	0.01051	0.00629	0.00657	0.01117	0.01600	0.02110	0.19178	0.38301	0.20608	0.04457	0.00993	0.00284	0.00410	0.03894	0.00694	0.00615
15	0.00886	0.00633	0.00843	0.01012	0.01054	0.00590	0.00675	0.01012	0.01392	0.01856	0.04006	0.73979	0.04808	0.02277	0.00928	0.00295	0.00422	0.02066	0.00675	0.00590
16	0.01943	0.74891	0.03809	0.01244	0.01866	0.02876	0.01244	0.02177	0.01477	0.01710	0.01011	0.01166	0.00933	0.00622	0.00466	0.00155	0.00777	0.00389	0.00311	0.00933
17	0.02428	0.01115	0.01464	0.01192	0.01611	0.01015	0.00955	0.07428	0.02137	0.41670	0.23105	0.06892	0.03446	0.01145	0.00779	0.00229	0.00538	0.00969	0.00846	0.01037
18	0.02763	0.02036	0.02182	0.01672	0.02254	0.02254	0.01382	0.67496	0.03418	0.04581	0.01745	0.01745	0.01236	0.00873	0.00727	0.00218	0.00800	0.00654	0.00727	0.01236
19	0.01507	0.01292	0.01507	0.01077	0.01723	0.00969	0.00861	0.01830	0.01507	0.02369	0.01292	0.01507	0.01077	0.00538	0.00538	0.00108	0.00538	0.00431	0.00431	0.78898
20	0.05688	0.01317	0.01527	0.01187	0.01712	0.01181	0.00959	0.10413	0.01786	0.09152	0.01777	0.05329	0.01510	0.00814	0.00677	0.00169	0.02973	0.03783	0.04187	0.43860
21	0.01507	0.01292	0.01507	0.01077	0.01723	0.00969	0.00861	0.01830	0.01507	0.02369	0.01292	0.01507	0.01077	0.00538	0.00538	0.00108	0.00538	0.00431	0.00431	0.78898
22	0.01631	0.01236	0.01549	0.04788	0.04771	0.01038	0.00984	0.04225	0.01726	0.08632	0.13400	0.02323	0.02157	0.00763	0.00635	0.00155	0.00556	0.00640	0.00539	0.48250
23	0.01702	0.01628	0.02776	0.19934	0.55203	0.01702	0.02183	0.02146	0.01609	0.02257	0.01350	0.01831	0.01110	0.00666	0.00721	0.00222	0.00887	0.00647	0.00351	0.01073
24	0.01777	0.01704	0.02910	0.08049	0.66507	0.01721	0.02220	0.02211	0.01645	0.02348	0.01363	0.01806	0.01142	0.00652	0.00720	0.00217	0.00869	0.00648	0.00358	0.01133
25	0.01373	0.01292	0.02180	0.72707	0.05006	0.01615	0.02019	0.01857	0.01453	0.01857	0.01292	0.01938	0.00969	0.00727	0.00727	0.00242	0.00969	0.00646	0.00323	0.00807
26	0.01519	0.01547	0.02938	0.44372	0.09649	0.01698	0.23619	0.02042	0.01556	0.02053	0.01357	0.01935	0.01027	0.00683	0.00770	0.00241	0.01046	0.00716	0.00341	0.00891
27	0.01546	0.01468	0.02468	0.37283	0.35106	0.01618	0.02045	0.01991	0.01558	0.02104	0.01628	0.02124	0.04458	0.00745	0.00730	0.00230	0.00890	0.00691	0.00358	0.00958
28	0.00980	0.00777	0.00925	0.04485	0.01261	0.00735	0.00715	0.01262	0.04717	0.02062	0.12820	0.24176	0.31715	0.06672	0.01059	0.00290	0.00451	0.03597	0.00659	0.00641
29	0.14529	0.28235	0.07963	0.10867	0.02333	0.13010	0.01376	0.02292	0.01596	0.06135	0.04622	0.01613	0.01261	0.00729	0.00581	0.00197	0.00845	0.00515	0.00404	0.00895
30	0.09502	0.01763	0.05329	0.22264	0.32046	0.06606	0.01895	0.05179	0.01639	0.02340	0.01305	0.01741	0.01048	0.00757	0.00764	0.02980	0.00892	0.00604	0.00373	0.00970
31	0.12286	0.05470	0.05280	0.04463	0.07366	0.21501	0.03677	0.18981	0.04286	0.02813	0.01471	0.04304	0.01205	0.00831	0.00719	0.00217	0.03055	0.00616	0.00486	0.00976
32	0.30287	0.05200	0.07144	0.01198	0.01651	0.01547	0.01057	0.13276	0.04971	0.03224	0.20588	0.02576	0.02662	0.00951	0.00647	0.00223	0.00595	0.00730	0.00591	0.00884
33	0.19549	0.06370	0.06667	0.13920	0.04320	0.05545	0.01261	0.03967	0.04944	0.02526	0.12459	0.02839	0.06490	0.03242	0.00770	0.00243	0.00708	0.02856	0.00500	0.00826

[dist]
# distance from previous block
# <min> <max>
4	30

[block]
# block no. 2 follows, 28 sequences, length 16
# corresponding to MSA columns:
# 183-198
name=unknown_C
#
# <colnr> <probs for GDERKNQSTAVLIFYWHMCP>
#	G	D	E	R	K	N	Q	S	T	A	V	L	I	F	Y	W	H	M	C	P
0	0.08633	0.19521	0.19080	0.01647	0.06799	0.06589	0.01498	0.04412	0.01566	0.02179	0.01839	0.17505	0.01844	0.02948	0.00747	0.00234	0.00795	0.00847	0.00430	0.00887
1	0.09841	0.02327	0.28663	0.06545	0.02432	0.04075	0.01709	0.11587	0.01812	0.05194	0.05670	0.11369	0.01880	0.02788	0.00788	0.00247	0.00828	0.00809	0.00489	0.00946
2	0.07115	0.22851	0.31985	0.01799	0.05560	0.01983	0.04066	0.06730	0.01655	0.02373	0.03796	0.04306	0.01313	0.00767	0.00636	0.00210	0.00882	0.00595	0.00383	0.00995
3	0.15720	0.04580	0.12290	0.01477	0.02041	0.01754	0.01358	0.14295	0.22458	0.10565	0.02106	0.02240	0.01585	0.00886	0.00679	0.00233	0.00705	0.03337	0.00619	0.01071
4	0.16231	0.01651	0.07039	0.01451	0.01985	0.01518	0.06677	0.15360	0.08779	0.02976	0.01873	0.11100	0.01649	0.00922	0.00670	0.00212	0.00683	0.00767	0.00543	0.17912
5	0.46418	0.16686	0.05042	0.06330	0.01929	0.01953	0.01119	0.08884	0.01541	0.02933	0.01121	0.01307	0.00883	0.00689	0.00513	0.00211	0.00684	0.00444	0.00434	0.00878
6	0.18806	0.01934	0.06492	0.01428	0.01945	0.11494	0.01219	0.19043	0.03932	0.17863	0.07315	0.02036	0.01687	0.00860	0.00668	0.00219	0.00759	0.00640	0.00633	0.01027
7	0.01263	0.00631	0.00947	0.00947	0.00947	0.00631	0.00631	0.00947	0.00947	0.01263	0.01263	0.02210	0.01263	0.02525	0.02841	0.78851	0.00631	0.00631	0.00316	0.00316
8	0.12656	0.01636	0.02490	0.20106	0.30340	0.01768	0.06564	0.11245	0.01798	0.02677	0.01360	0.01751	0.01065	0.00700	0.00695	0.00226	0.00865	0.00628	0.00415	0.01016
9	0.02349	0.01677	0.01857	0.01508	0.01969	0.01817	0.01220	0.48768	0.02911	0.06737	0.05009	0.13481	0.02179	0.01169	0.00776	0.00236	0.00709	0.03813	0.00727	0.01087
10	0.01373	0.01292	0.02180	0.72707	0.05006	0.01615	0.02019	0.01857	0.01453	0.01857	0.01292	0.01938	0.00969	0.00727	0.00727	0.00242	0.00969	0.00646	0.00323	0.00807
11	0.01065	0.00993	0.06803	0.01147	0.01314	0.00799	0.00893	0.05769	0.01545	0.02084	0.03621	0.62844	0.04232	0.02046	0.00894	0.00284	0.00503	0.01839	0.00648	0.00676
12	0.01373	0.01292	0.02180	0.72707	0.05006	0.01615	0.02019	0.01857	0.01453	0.01857	0.01292	0.01938	0.00969	0.00727	0.00727	0.00242	0.00969	0.00646	0.00323	0.00807
13	0.09104	0.05086	0.02010	0.01506	0.02044	0.01984	0.01243	0.43862	0.07538	0.12554	0.01965	0.04532	0.01460	0.00909	0.00701	0.00222	0.00726	0.00695	0.00706	0.01155
14	0.01577	0.01334	0.02221	0.59400	0.11694	0.01581	0.01962	0.02039	0.01528	0.07671	0.01432	0.01968	0.01058	0.00733	0.00726	0.00238	0.00928	0.00653	0.00375	0.00880
15	0.24988	0.01538	0.01687	0.14947	0.04874	0.04085	0.01251	0.17372	0.04395	0.07687	0.06453	0.02133	0.03978	0.00857	0.00657	0.00227	0.00714	0.00658	0.00558	0.00941

[dist]
# distance from previous block
# <min> <max>
0	52

[block]
# block no. 3 follows, 28 sequences, length 9
# corresponding to MSA columns:
# 255-263
name=unknown_D
#
# <colnr> <probs for GDERKNQSTAVLIFYWHMCP>
#	G	D	E	R	K	N	Q	S	T	A	V	L	I	F	Y	W	H	M	C	P
0	0.01704	0.15157	0.30074	0.01899	0.07669	0.10843	0.01849	0.02366	0.07832	0.02232	0.06652	0.05319	0.01695	0.00846	0.00678	0.00215	0.00905	0.00669	0.00415	0.00981
1	0.45163	0.03867	0.01342	0.07652	0.01767	0.01556	0.00944	0.06272	0.05857	0.04610	0.04250	0.01866	0.01370	0.03927	0.00680	0.00241	0.00604	0.00558	0.06645	0.00829
2	0.37806	0.02071	0.18917	0.01621	0.08187	0.05942	0.01427	0.02117	0.01466	0.02734	0.05770	0.06089	0.01507	0.00832	0.00605	0.00228	0.00744	0.00621	0.00437	0.00878
3	0.05308	0.05136	0.11930	0.08602	0.23863	0.01566	0.01718	0.06209	0.06701	0.02426	0.02030	0.13540	0.01923	0.01041	0.00744	0.00240	0.00777	0.04804	0.00471	0.00970
4	0.01612	0.01445	0.07813	0.01353	0.01734	0.01270	0.01148	0.21763	0.02070	0.02824	0.02753	0.30673	0.02886	0.01484	0.00810	0.00249	0.00636	0.07616	0.00630	0.09229
5	0.01458	0.01281	0.01618	0.08033	0.11931	0.04735	0.01300	0.02134	0.14660	0.02393	0.09888	0.04645	0.08029	0.01307	0.00824	0.00257	0.00676	0.20149	0.00596	0.04086
6	0.01275	0.00978	0.01373	0.01667	0.15631	0.00913	0.01028	0.01580	0.01812	0.06285	0.27405	0.08067	0.22136	0.01441	0.00834	0.00240	0.00500	0.05380	0.00665	0.00790
7	0.06694	0.01067	0.01227	0.01122	0.01399	0.01114	0.00859	0.05188	0.18669	0.06328	0.35782	0.10410	0.04587	0.01321	0.00795	0.00238	0.00458	0.01138	0.00752	0.00853
8	0.01716	0.01666	0.02912	0.16705	0.53198	0.01715	0.07088	0.02171	0.01623	0.02278	0.01361	0.01836	0.01115	0.00659	0.00731	0.00223	0.00910	0.00663	0.00354	0.01076

[dist]
# distance from previous block
# <min> <max>
0	3

[block]
# block no. 4 follows, 28 sequences, length 14
# corresponding to MSA columns:
# 267-280
name=unknown_E
#
# <colnr> <probs for GDERKNQSTAVLIFYWHMCP>
#	G	D	E	R	K	N	Q	S	T	A	V	L	I	F	Y	W	H	M	C	P
0	0.01500	0.01578	0.07357	0.47918	0.14803	0.01662	0.01997	0.02194	0.09662	0.02117	0.01508	0.01980	0.01146	0.00743	0.00724	0.00238	0.00912	0.00660	0.00378	0.00924
1	0.01615	0.01373	0.01778	0.03858	0.08152	0.01288	0.04230	0.08878	0.10660	0.02663	0.06979	0.08887	0.02038	0.00888	0.00683	0.00185	0.00621	0.00774	0.00540	0.33911
2	0.42329	0.12280	0.01648	0.12911	0.02021	0.01662	0.01044	0.01973	0.01441	0.02740	0.12088	0.01988	0.01816	0.00806	0.00564	0.00218	0.00627	0.00583	0.00464	0.00796
3	0.07852	0.08603	0.04268	0.35555	0.09620	0.01804	0.01696	0.09711	0.06735	0.02400	0.01427	0.01825	0.01102	0.00805	0.00755	0.03051	0.00850	0.00612	0.00413	0.00916
4	0.01190	0.00813	0.00952	0.00893	0.01096	0.00755	0.00649	0.01501	0.05221	0.07377	0.28615	0.05419	0.24823	0.15874	0.01401	0.00328	0.00455	0.01262	0.00695	0.00681
5	0.07593	0.01974	0.10463	0.14608	0.33748	0.05066	0.01995	0.08171	0.01732	0.02492	0.01325	0.01707	0.01056	0.00723	0.00774	0.00226	0.04319	0.00607	0.00387	0.01035
6	0.11965	0.01673	0.14677	0.01362	0.01918	0.01243	0.01303	0.02625	0.06819	0.26268	0.10271	0.02979	0.02320	0.00992	0.00719	0.00233	0.00664	0.06615	0.00662	0.04692
7	0.02113	0.01459	0.01644	0.01402	0.01810	0.01570	0.01104	0.23994	0.22260	0.12686	0.06030	0.15724	0.02549	0.01201	0.00775	0.00242	0.00615	0.01010	0.00749	0.01064
8	0.09229	0.02676	0.13063	0.05778	0.10978	0.31344	0.01642	0.05137	0.01848	0.02280	0.06317	0.01763	0.01405	0.00793	0.00717	0.00212	0.02913	0.00580	0.00411	0.00916
9	0.14723	0.21056	0.02138	0.01271	0.01687	0.01891	0.01097	0.11873	0.01824	0.08909	0.10832	0.02249	0.04173	0.00941	0.00839	0.00217	0.09855	0.00665	0.02846	0.00913
10	0.07801	0.05456	0.06962	0.02802	0.01959	0.01638	0.01241	0.28859	0.02297	0.05655	0.03671	0.14572	0.02089	0.01130	0.00731	0.00229	0.00696	0.04814	0.00619	0.06780
11	0.12210	0.05724	0.24804	0.12075	0.07791	0.06259	0.04506	0.02076	0.01583	0.02337	0.07224	0.02271	0.06523	0.00838	0.00685	0.00225	0.00870	0.00680	0.00407	0.00911
12	0.06027	0.21494	0.06119	0.07212	0.09741	0.11705	0.01497	0.08336	0.13320	0.02402	0.01501	0.01672	0.01202	0.00771	0.00707	0.00209	0.04084	0.00565	0.00444	0.00993
13	0.20234	0.07787	0.27545	0.08184	0.05469	0.01692	0.01743	0.03439	0.01498	0.02461	0.03507	0.01990	0.06180	0.00824	0.00726	0.00229	0.04570	0.00609	0.00396	0.00918

[dist]
# distance from previous block
# <min> <max>
95	354

[block]
# block no. 5 follows, 28 sequences, length 19
# corresponding to MSA columns:
# 658-676
name=unknown_F
#
# <colnr> <probs for GDERKNQSTAVLIFYWHMCP>
#	G	D	E	R	K	N	Q	S	T	A	V	L	I	F	Y	W	H	M	C	P
0	0.01836	0.26708	0.18861	0.01833	0.09122	0.03765	0.04336	0.04350	0.01729	0.08058	0.10904	0.02081	0.01872	0.00796	0.00652	0.00202	0.00815	0.00639	0.00451	0.00989
1	0.12177	0.18172	0.02153	0.01609	0.10029	0.05277	0.01174	0.12340	0.01910	0.09092	0.09152	0.02176	0.01857	0.03205	0.00722	0.00217	0.00691	0.00646	0.06451	0.00949
2	0.01325	0.06687	0.18764	0.01352	0.01748	0.01177	0.01305	0.01691	0.01582	0.06512	0.14906	0.28945	0.03502	0.01466	0.00904	0.00254	0.05249	0.01251	0.00572	0.00808
3	0.19364	0.10028	0.09584	0.01186	0.01679	0.01402	0.01098	0.04762	0.01766	0.16311	0.16463	0.02930	0.08625	0.01001	0.00670	0.00220	0.00603	0.00786	0.00613	0.00908
4	0.05163	0.07700	0.10409	0.05482	0.21957	0.11593	0.01670	0.02144	0.01695	0.04126	0.06864	0.04746	0.02042	0.00984	0.00734	0.00231	0.00852	0.10220	0.00456	0.00931
5	0.05072	0.01087	0.01278	0.01117	0.01403	0.01084	0.00851	0.12261	0.01920	0.07313	0.20776	0.14826	0.06470	0.08895	0.01141	0.00278	0.03392	0.01109	0.00658	0.09068
6	0.11738	0.31165	0.07708	0.01670	0.06633	0.18677	0.01400	0.05621	0.05384	0.02220	0.01226	0.01385	0.01015	0.00697	0.00570	0.00189	0.00894	0.00473	0.00390	0.00945
7	0.03895	0.18668	0.43925	0.01952	0.05733	0.05041	0.02176	0.02258	0.01515	0.02148	0.01206	0.01451	0.00933	0.00713	0.00743	0.00217	0.05585	0.00510	0.00318	0.01011
8	0.01780	0.01753	0.02233	0.05851	0.36193	0.12312	0.01663	0.06470	0.01773	0.02285	0.02095	0.13179	0.05296	0.02905	0.00827	0.00239	0.00835	0.00895	0.00453	0.00962
9	0.01597	0.01249	0.01673	0.06143	0.01973	0.01159	0.05215	0.05531	0.04645	0.07648	0.10205	0.11036	0.02344	0.00983	0.00776	0.00194	0.03889	0.00842	0.00555	0.32343
10	0.01578	0.01146	0.05685	0.07077	0.01774	0.00993	0.01054	0.06918	0.01837	0.14873	0.13575	0.23123	0.11214	0.01501	0.00829	0.00254	0.00568	0.04486	0.00686	0.00830
11	0.01623	0.02815	0.41324	0.02386	0.11202	0.01599	0.13412	0.02292	0.01626	0.06916	0.01882	0.02096	0.05971	0.00769	0.00738	0.00232	0.00993	0.00690	0.00390	0.01046
12	0.11923	0.12348	0.06747	0.01343	0.01701	0.09704	0.01168	0.04622	0.01623	0.02338	0.11518	0.06394	0.02275	0.04382	0.01025	0.00248	0.10250	0.03859	0.03002	0.03529
13	0.09792	0.02684	0.40370	0.01909	0.07770	0.01544	0.01999	0.06335	0.01734	0.05248	0.11831	0.02165	0.01889	0.00827	0.00697	0.00227	0.00857	0.00665	0.00451	0.01007
14	0.06213	0.06522	0.02286	0.02363	0.18695	0.33402	0.01535	0.08067	0.09722	0.02372	0.01435	0.01614	0.01155	0.00751	0.00666	0.00204	0.01007	0.00560	0.00443	0.00988
15	0.07157	0.12986	0.01715	0.01176	0.01550	0.09950	0.00958	0.07156	0.04857	0.10175	0.19714	0.02991	0.05770	0.01012	0.00674	0.00205	0.00621	0.00802	0.09661	0.00870
16	0.11107	0.01181	0.01389	0.01490	0.08817	0.04538	0.01042	0.01974	0.05131	0.09087	0.21949	0.08041	0.05812	0.01289	0.00782	0.00243	0.00577	0.11550	0.00651	0.03352
17	0.04591	0.06462	0.02581	0.08820	0.41883	0.10270	0.01863	0.02252	0.01658	0.04454	0.01472	0.02017	0.01257	0.00929	0.03634	0.00256	0.00940	0.03250	0.00390	0.01022
18	0.01565	0.01442	0.09341	0.01605	0.09436	0.03914	0.01222	0.02029	0.05324	0.10596	0.25968	0.10344	0.03738	0.01208	0.00785	0.00229	0.00605	0.03829	0.00642	0.06179

[dist]
# distance from previous block
# <min> <max>
6	13

[block]
# block no. 6 follows, 28 sequences, length 29
# corresponding to MSA columns:
# 690-718
name=unknown_G
#
# <colnr> <probs for GDERKNQSTAVLIFYWHMCP>
#	G	D	E	R	K	N	Q	S	T	A	V	L	I	F	Y	W	H	M	C	P
0	0.01656	0.01563	0.02607	0.14944	0.47545	0.01680	0.02021	0.02039	0.01525	0.02164	0.01342	0.01867	0.01140	0.01014	0.04402	0.02823	0.07655	0.00652	0.00350	0.01011
1	0.01763	0.01370	0.01719	0.14962	0.02410	0.01286	0.01171	0.12557	0.01838	0.07061	0.01630	0.05990	0.01351	0.00756	0.00641	0.00170	0.00662	0.00625	0.00503	0.41536
2	0.01324	0.01209	0.02007	0.51112	0.03997	0.01404	0.05814	0.01751	0.01477	0.01953	0.01899	0.10219	0.04161	0.00935	0.00745	0.00240	0.00853	0.00846	0.04198	0.03858
3	0.00919	0.00731	0.00777	0.00770	0.00959	0.00640	0.00548	0.01088	0.01594	0.01980	0.14386	0.06367	0.48785	0.15642	0.01401	0.00331	0.00429	0.01415	0.00646	0.00590
4	0.01716	0.01797	0.07266	0.14102	0.56238	0.01708	0.02230	0.02182	0.01618	0.02296	0.01352	0.01802	0.01110	0.00662	0.00719	0.00221	0.00892	0.00640	0.00351	0.01097
5	0.01613	0.02733	0.33943	0.02837	0.13906	0.01753	0.27996	0.02301	0.01625	0.02324	0.01380	0.01744	0.01029	0.00653	0.00761	0.00234	0.01101	0.00681	0.00339	0.01050
6	0.64866	0.01411	0.01181	0.01042	0.01496	0.01608	0.00850	0.02442	0.09040	0.08328	0.01376	0.01455	0.01028	0.00728	0.00504	0.00227	0.00568	0.00468	0.00517	0.00863
7	0.01373	0.01292	0.02180	0.72707	0.05006	0.01615	0.02019	0.01857	0.01453	0.01857	0.01292	0.01938	0.00969	0.00727	0.00727	0.00242	0.00969	0.00646	0.00323	0.00807
8	0.01389	0.01250	0.02027	0.56471	0.04184	0.01570	0.01803	0.01779	0.01388	0.01853	0.01311	0.01958	0.01034	0.00907	0.01032	0.05213	0.08906	0.00646	0.04511	0.00768
9	0.01355	0.00678	0.00678	0.00678	0.00847	0.00678	0.00508	0.01694	0.01524	0.02710	0.02371	0.02710	0.01863	0.00847	0.00508	0.00169	0.00339	0.00678	0.78489	0.00678
10	0.79588	0.01406	0.01068	0.00956	0.01406	0.01631	0.00787	0.02137	0.01237	0.03261	0.01012	0.01181	0.00787	0.00675	0.00450	0.00225	0.00562	0.00394	0.00450	0.00787
11	0.00901	0.00644	0.00861	0.01030	0.01079	0.00604	0.00701	0.01039	0.01407	0.01873	0.03998	0.70454	0.04774	0.02263	0.00932	0.00297	0.00435	0.05441	0.00674	0.00595
12	0.01355	0.00678	0.00678	0.00678	0.00847	0.00678	0.00508	0.01694	0.01524	0.02710	0.02371	0.02710	0.01863	0.00847	0.00508	0.00169	0.00339	0.00678	0.78489	0.00678
13	0.79588	0.01406	0.01068	0.00956	0.01406	0.01631	0.00787	0.02137	0.01237	0.03261	0.01012	0.01181	0.00787	0.00675	0.00450	0.00225	0.00562	0.00394	0.00450	0.00787
14	0.50765	0.01181	0.01054	0.04414	0.01449	0.01328	0.00792	0.01920	0.01441	0.03056	0.14267	0.02224	0.02092	0.00854	0.00549	0.00219	0.00512	0.00618	0.10511	0.00755
15	0.74767	0.01395	0.01107	0.00977	0.01434	0.01595	0.00805	0.02226	0.01290	0.07504	0.01129	0.01263	0.00851	0.00689	0.00468	0.00225	0.00566	0.00415	0.00478	0.00816
16	0.01993	0.01873	0.01718	0.01529	0.01941	0.13018	0.01186	0.08712	0.49998	0.02919	0.02741	0.02579	0.04609	0.00973	0.00730	0.00235	0.00704	0.00780	0.00677	0.01087
17	0.01943	0.74891	0.03809	0.01244	0.01866	0.02876	0.01244	0.02177	0.01477	0.01710	0.01011	0.01166	0.00933	0.00622	0.00466	0.00155	0.00777	0.00389	0.00311	0.00933
18	0.79588	0.01406	0.01068	0.00956	0.01406	0.01631	0.00787	0.02137	0.01237	0.03261	0.01012	0.01181	0.00787	0.00675	0.00450	0.00225	0.00562	0.00394	0.00450	0.00787
19	0.01729	0.01632	0.02760	0.04124	0.62874	0.01630	0.02103	0.02151	0.01672	0.02384	0.04241	0.02346	0.01570	0.00767	0.00743	0.00224	0.00831	0.04722	0.00397	0.01103
20	0.01462	0.01265	0.01539	0.03992	0.01818	0.01062	0.00949	0.01764	0.01467	0.02263	0.01470	0.06966	0.01343	0.00732	0.00715	0.00143	0.06050	0.00578	0.00436	0.63989
21	0.01507	0.01292	0.01507	0.01077	0.01723	0.00969	0.00861	0.01830	0.01507	0.02369	0.01292	0.01507	0.01077	0.00538	0.00538	0.00108	0.00538	0.00431	0.00431	0.78898
22	0.01799	0.01727	0.02950	0.04462	0.69919	0.01727	0.02231	0.02231	0.01655	0.02375	0.01367	0.01799	0.01151	0.00648	0.00720	0.00216	0.00864	0.00648	0.00360	0.01151
23	0.01479	0.01383	0.02265	0.27129	0.34087	0.01474	0.01836	0.01890	0.01613	0.02179	0.06586	0.02769	0.10488	0.00887	0.00749	0.00230	0.00800	0.00808	0.00418	0.00932
24	0.00920	0.00658	0.00882	0.01043	0.01103	0.00619	0.00727	0.01076	0.01443	0.01924	0.06153	0.64808	0.04810	0.02223	0.00933	0.00297	0.00445	0.08655	0.00678	0.00602
25	0.01470	0.00868	0.01089	0.01008	0.01274	0.00788	0.00783	0.01802	0.04135	0.16337	0.28595	0.10652	0.20472	0.01536	0.00845	0.00246	0.00444	0.06099	0.00769	0.00788
26	0.01663	0.01824	0.03333	0.02505	0.03001	0.06318	0.42265	0.02112	0.01554	0.02093	0.01440	0.02046	0.01196	0.03691	0.09030	0.00371	0.13516	0.00792	0.00364	0.00885
27	0.13021	0.53501	0.10905	0.01321	0.01946	0.02538	0.01354	0.02169	0.01435	0.02001	0.01042	0.01226	0.00911	0.00662	0.00563	0.00180	0.03555	0.00416	0.00331	0.00923
28	0.09615	0.01859	0.01641	0.01399	0.01837	0.19711	0.01110	0.09587	0.05813	0.24064	0.04293	0.02756	0.08667	0.00997	0.00713	0.00222	0.00781	0.03289	0.00659	0.00987

[dist]
# distance from previous block
# <min> <max>
0	1

[block]
# block no. 7 follows, 28 sequences, length 8
# corresponding to MSA columns:
# 720-727
name=unknown_H
#
# <colnr> <probs for GDERKNQSTAVLIFYWHMCP>
#	G	D	E	R	K	N	Q	S	T	A	V	L	I	F	Y	W	H	M	C	P
0	0.09443	0.31251	0.25380	0.01500	0.02245	0.02044	0.01648	0.02455	0.01580	0.14174	0.01436	0.01521	0.01068	0.00699	0.00586	0.00199	0.00827	0.00499	0.00427	0.01020
1	0.02597	0.01934	0.02067	0.01608	0.02161	0.02135	0.01321	0.59825	0.07377	0.04339	0.02134	0.02098	0.05115	0.00934	0.00735	0.00221	0.00762	0.00714	0.00725	0.01196
2	0.06733	0.42491	0.29666	0.01548	0.02335	0.02334	0.01776	0.02223	0.01484	0.02040	0.01125	0.01310	0.00919	0.00652	0.00553	0.00189	0.00879	0.00447	0.00318	0.00979
3	0.04688	0.17127	0.02203	0.01541	0.01939	0.37076	0.03817	0.02327	0.01836	0.01952	0.07567	0.05151	0.08039	0.00942	0.00666	0.00198	0.00969	0.00702	0.00440	0.00820
4	0.01504	0.10434	0.64412	0.01994	0.03026	0.01800	0.02550	0.02290	0.01529	0.02246	0.01277	0.01500	0.00922	0.00684	0.00670	0.00223	0.01046	0.00523	0.00307	0.01061
5	0.02823	0.01533	0.09887	0.04270	0.02107	0.01178	0.01287	0.03253	0.04641	0.54165	0.05279	0.02468	0.01880	0.00895	0.00731	0.00227	0.00674	0.00731	0.00795	0.01175
6	0.01437	0.01185	0.01609	0.04802	0.01731	0.01459	0.01179	0.07892	0.01427	0.02112	0.01603	0.02249	0.01430	0.02891	0.30884	0.00639	0.23480	0.00694	0.07409	0.03888
7	0.02759	0.02174	0.02170	0.01692	0.02254	0.08923	0.01384	0.61278	0.03287	0.04311	0.01685	0.01703	0.01207	0.00861	0.00720	0.00215	0.00849	0.00637	0.00693	0.01198

[dist]
# distance from previous block
# <min> <max>
0	1

[block]
# block no. 8 follows, 28 sequences, length 50
# corresponding to MSA columns:
# 729-778
name=unknown_I
#
# <colnr> <probs for GDERKNQSTAVLIFYWHMCP>
#	G	D	E	R	K	N	Q	S	T	A	V	L	I	F	Y	W	H	M	C	P
0	0.02697	0.02003	0.02144	0.01659	0.02229	0.02223	0.01366	0.63087	0.07935	0.04474	0.01829	0.01812	0.01304	0.00880	0.00728	0.00220	0.00784	0.00666	0.00728	0.01230
1	0.02763	0.02036	0.02182	0.01672	0.02254	0.02254	0.01382	0.67496	0.03418	0.04581	0.01745	0.01745	0.01236	0.00873	0.00727	0.00218	0.00800	0.00654	0.00727	0.01236
2	0.05863	0.05675	0.01947	0.01403	0.01971	0.01582	0.01171	0.24450	0.02455	0.42377	0.02324	0.02112	0.01527	0.00867	0.00704	0.00219	0.00685	0.00674	0.00793	0.01203
3	0.02791	0.01991	0.02154	0.01651	0.02232	0.02187	0.01364	0.63876	0.03342	0.08308	0.01809	0.01786	0.01268	0.00874	0.00727	0.00219	0.00790	0.00659	0.00737	0.01236
4	0.04321	0.19940	0.52945	0.01843	0.02792	0.01958	0.02289	0.02268	0.01511	0.02200	0.01227	0.01438	0.00919	0.00674	0.00631	0.00213	0.00988	0.00498	0.00313	0.01032
5	0.01490	0.06294	0.65335	0.02143	0.05947	0.01734	0.02613	0.02294	0.01538	0.02283	0.01296	0.01532	0.00931	0.00686	0.00684	0.00227	0.01054	0.00536	0.00309	0.01072
6	0.01535	0.01326	0.01662	0.01242	0.01820	0.01114	0.05599	0.02082	0.09913	0.02422	0.01596	0.01874	0.01317	0.03763	0.00720	0.00163	0.00592	0.00546	0.03341	0.57375
7	0.02451	0.08438	0.02286	0.01931	0.04761	0.53023	0.05111	0.02796	0.06115	0.01946	0.03679	0.01588	0.01243	0.00769	0.00668	0.00194	0.01170	0.00543	0.00407	0.00882
8	0.01038	0.00779	0.01168	0.01168	0.01298	0.00909	0.00909	0.01298	0.01168	0.01687	0.01947	0.02856	0.01817	0.05452	0.71573	0.01168	0.01947	0.00779	0.00389	0.00649
9	0.02000	0.69691	0.03682	0.01290	0.01893	0.07875	0.01255	0.02229	0.01519	0.01715	0.01019	0.01177	0.00933	0.00631	0.00480	0.00158	0.00816	0.00394	0.00316	0.00926
10	0.01172	0.00911	0.01059	0.01067	0.03164	0.00833	0.00804	0.01572	0.07564	0.04882	0.09066	0.08464	0.37698	0.01617	0.00840	0.00248	0.00470	0.11187	0.00668	0.06712
11	0.01176	0.00632	0.00923	0.00962	0.00972	0.00622	0.00641	0.00962	0.01049	0.01399	0.01892	0.18676	0.02076	0.02468	0.02402	0.60828	0.00583	0.00961	0.00398	0.00379
12	0.01943	0.74891	0.03809	0.01244	0.01866	0.02876	0.01244	0.02177	0.01477	0.01710	0.01011	0.01166	0.00933	0.00622	0.00466	0.00155	0.00777	0.00389	0.00311	0.00933
13	0.79588	0.01406	0.01068	0.00956	0.01406	0.01631	0.00787	0.02137	0.01237	0.03261	0.01012	0.01181	0.00787	0.00675	0.00450	0.00225	0.00562	0.00394	0.00450	0.00787
14	0.01057	0.00705	0.00793	0.00793	0.00793	0.00705	0.00440	0.01057	0.01057	0.01409	0.02290	0.04757	0.02643	0.74454	0.03700	0.00705	0.00705	0.01057	0.00440	0.00440
15	0.64852	0.12911	0.01519	0.01012	0.01493	0.01807	0.00868	0.02190	0.01303	0.05283	0.01074	0.01222	0.00844	0.00674	0.00462	0.00214	0.00598	0.00404	0.00443	0.00825
16	0.01962	0.65547	0.03596	0.01327	0.01890	0.06716	0.01278	0.02187	0.01484	0.01717	0.01013	0.01205	0.00935	0.00676	0.00616	0.00169	0.06039	0.00411	0.00315	0.00918
17	0.01525	0.13548	0.61484	0.01958	0.02970	0.01852	0.02487	0.02285	0.01527	0.02221	0.01264	0.01484	0.00922	0.00681	0.00660	0.00220	0.01033	0.00517	0.00307	0.01055
18	0.01571	0.01290	0.01514	0.01085	0.01728	0.00973	0.00869	0.01893	0.01528	0.04855	0.01350	0.01543	0.01103	0.00552	0.00545	0.00112	0.00541	0.00442	0.00448	0.76060
19	0.69891	0.01485	0.01209	0.01046	0.01513	0.01709	0.00862	0.10387	0.01512	0.03428	0.01105	0.01252	0.00844	0.00700	0.00485	0.00224	0.00592	0.00427	0.00485	0.00844
20	0.01263	0.00631	0.00947	0.00947	0.00947	0.00631	0.00631	0.00947	0.00947	0.01263	0.01263	0.02210	0.01263	0.02525	0.02841	0.78851	0.00631	0.00631	0.00316	0.00316
21	0.00891	0.00637	0.00848	0.01008	0.01056	0.00594	0.00675	0.01026	0.01417	0.01896	0.06489	0.71383	0.04885	0.02247	0.00925	0.00293	0.00419	0.02038	0.00680	0.00594
22	0.79588	0.01406	0.01068	0.00956	0.01406	0.01631	0.00787	0.02137	0.01237	0.03261	0.01012	0.01181	0.00787	0.00675	0.00450	0.00225	0.00562	0.00394	0.00450	0.00787
23	0.01373	0.01292	0.02180	0.72707	0.05006	0.01615	0.02019	0.01857	0.01453	0.01857	0.01292	0.01938	0.00969	0.00727	0.00727	0.00242	0.00969	0.00646	0.00323	0.00807
24	0.00885	0.00637	0.00839	0.01001	0.01051	0.00591	0.00670	0.01013	0.01402	0.01860	0.04139	0.71340	0.07362	0.02260	0.00925	0.00293	0.00420	0.02045	0.00675	0.00591
25	0.00886	0.00633	0.00843	0.01012	0.01054	0.00590	0.00675	0.01012	0.01392	0.01856	0.04006	0.73979	0.04808	0.02277	0.00928	0.00295	0.00422	0.02066	0.00675	0.00590
26	0.79588	0.01406	0.01068	0.00956	0.01406	0.01631	0.00787	0.02137	0.01237	0.03261	0.01012	0.01181	0.00787	0.00675	0.00450	0.00225	0.00562	0.00394	0.00450	0.00787
27	0.01507	0.01292	0.01507	0.01077	0.01723	0.00969	0.00861	0.01830	0.01507	0.02369	0.01292	0.01507	0.01077	0.00538	0.00538	0.00108	0.00538	0.00431	0.00431	0.78898
28	0.00928	0.00796	0.00802	0.00790	0.01048	0.00700	0.00596	0.01247	0.06498	0.02042	0.07045	0.06686	0.64750	0.01779	0.00850	0.00246	0.00383	0.01483	0.00680	0.00652
29	0.02649	0.03339	0.02124	0.02060	0.07141	0.66487	0.01464	0.02854	0.02031	0.01822	0.01141	0.01346	0.00952	0.00742	0.00660	0.00189	0.01279	0.00481	0.00373	0.00865
30	0.01943	0.74891	0.03809	0.01244	0.01866	0.02876	0.01244	0.02177	0.01477	0.01710	0.01011	0.01166	0.00933	0.00622	0.00466	0.00155	0.00777	0.00389	0.00311	0.00933
31	0.01371	0.01286	0.02130	0.63795	0.04586	0.01622	0.01929	0.01820	0.01414	0.01840	0.01302	0.01961	0.01013	0.01017	0.04602	0.00297	0.06239	0.00652	0.00326	0.00798
32	0.01147	0.00926	0.01325	0.01264	0.01352	0.01137	0.00981	0.01355	0.01144	0.01664	0.01799	0.02852	0.01755	0.13394	0.49612	0.00945	0.15529	0.00787	0.00382	0.00651
33	0.79588	0.01406	0.01068	0.00956	0.01406	0.01631	0.00787	0.02137	0.01237	0.03261	0.01012	0.01181	0.00787	0.00675	0.00450	0.00225	0.00562	0.00394	0.00450	0.00787
34	0.00859	0.00736	0.00736	0.00736	0.00982	0.00614	0.00552	0.01043	0.01657	0.01964	0.07364	0.06996	0.69624	0.01841	0.00859	0.00245	0.00368	0.01534	0.00675	0.00614
35	0.03098	0.01392	0.01770	0.01369	0.01926	0.01313	0.01127	0.14612	0.05838	0.55472	0.02679	0.02361	0.01724	0.00900	0.00731	0.00225	0.00648	0.00723	0.00861	0.01232
36	0.69786	0.01392	0.01208	0.09948	0.01857	0.01629	0.00942	0.02102	0.01264	0.03085	0.01047	0.01276	0.00810	0.00681	0.00485	0.00227	0.00613	0.00425	0.00434	0.00790
37	0.01121	0.00964	0.00986	0.00941	0.01232	0.00943	0.00717	0.01820	0.20101	0.02260	0.06150	0.05816	0.51055	0.01605	0.00826	0.00246	0.00425	0.01338	0.00693	0.00762
38	0.01263	0.00631	0.00947	0.00947	0.00947	0.00631	0.00631	0.00947	0.00947	0.01263	0.01263	0.02210	0.01263	0.02525	0.02841	0.78851	0.00631	0.00631	0.00316	0.00316
39	0.01022	0.00743	0.00962	0.00907	0.01082	0.00683	0.00681	0.01359	0.02042	0.02877	0.67062	0.05492	0.09357	0.01500	0.00857	0.00229	0.00344	0.01323	0.00795	0.00683
40	0.01590	0.01590	0.02226	0.01908	0.01908	0.02226	0.01590	0.01749	0.01113	0.01749	0.00954	0.01590	0.00954	0.01272	0.02385	0.00318	0.73123	0.00636	0.00318	0.00795
41	0.01612	0.01794	0.03857	0.02807	0.03455	0.01682	0.58932	0.02163	0.01675	0.02269	0.01788	0.10986	0.01567	0.00821	0.00867	0.00251	0.01125	0.01009	0.00406	0.00932
42	0.01777	0.01942	0.02723	0.02194	0.02431	0.11691	0.18100	0.02054	0.01395	0.01899	0.01108	0.01645	0.00989	0.01034	0.01762	0.00282	0.45118	0.00669	0.00338	0.00848
43	0.01355	0.00678	0.00678	0.00678	0.00847	0.00678	0.00508	0.01694	0.01524	0.02710	0.02371	0.02710	0.01863	0.00847	0.00508	0.00169	0.00339	0.00678	0.78489	0.00678
44	0.03261	0.01237	0.01687	0.01293	0.01856	0.01068	0.01068	0.03543	0.02081	0.70423	0.02868	0.02474	0.01799	0.00900	0.00731	0.00225	0.00619	0.00731	0.00900	0.01237
45	0.01029	0.00743	0.00972	0.00914	0.01086	0.00686	0.00686	0.01372	0.02058	0.02915	0.69536	0.05430	0.06859	0.01486	0.00857	0.00229	0.00343	0.01315	0.00800	0.00686
46	0.01263	0.00631	0.00947	0.00947	0.00947	0.00631	0.00631	0.00947	0.00947	0.01263	0.01263	0.02210	0.01263	0.02525	0.02841	0.78851	0.00631	0.00631	0.00316	0.00316
47	0.02763	0.02036	0.02182	0.01672	0.02254	0.02254	0.01382	0.67496	0.03418	0.04581	0.01745	0.01745	0.01236	0.00873	0.00727	0.00218	0.00800	0.00654	0.00727	0.01236
48	0.01507	0.01292	0.01507	0.01077	0.01723	0.00969	0.00861	0.01830	0.01507	0.02369	0.01292	0.01507	0.01077	0.00538	0.00538	0.00108	0.00538	0.00431	0.00431	0.78898
49	0.01458	0.03760	0.70688	0.02072	0.03146	0.01688	0.02686	0.02302	0.01535	0.02302	0.01304	0.01535	0.00921	0.00691	0.00691	0.00230	0.01074	0.00537	0.00307	0.01074

[dist]
# distance from previous block
# <min> <max>
0	3

[block]
# block no. 9 follows, 28 sequences, length 149
# corresponding to MSA columns:
# 782-930
name=unknown_J
#
# <colnr> <probs for GDERKNQSTAVLIFYWHMCP>
#	G	D	E	R	K	N	Q	S	T	A	V	L	I	F	Y	W	H	M	C	P
0	0.01029	0.00743	0.00972	0.00914	0.01086	0.00686	0.00686	0.01372	0.02058	0.02915	0.69536	0.05430	0.06859	0.01486	0.00857	0.00229	0.00343	0.01315	0.00800	0.00686
1	0.01038	0.00779	0.01168	0.01168	0.01298	0.00909	0.00909	0.01298	0.01168	0.01687	0.01947	0.02856	0.01817	0.05452	0.71573	0.01168	0.01947	0.00779	0.00389	0.00649
2	0.01057	0.00705	0.00793	0.00793	0.00793	0.00705	0.00440	0.01057	0.01057	0.01409	0.02290	0.04757	0.02643	0.74454	0.03700	0.00705	0.00705	0.01057	0.00440	0.00440
3	0.03261	0.01237	0.01687	0.01293	0.01856	0.01068	0.01068	0.03543	0.02081	0.70423	0.02868	0.02474	0.01799	0.00900	0.00731	0.00225	0.00619	0.00731	0.00900	0.01237
4	0.73620	0.01566	0.01145	0.01027	0.01471	0.07058	0.00835	0.02196	0.01301	0.03146	0.01021	0.01191	0.00799	0.00681	0.00466	0.00222	0.00620	0.00399	0.00444	0.00792
5	0.00938	0.00668	0.00874	0.00968	0.01043	0.00625	0.00660	0.01114	0.01547	0.02110	0.21750	0.49904	0.05199	0.07665	0.01124	0.00309	0.00422	0.01783	0.00691	0.00605
6	0.79588	0.01406	0.01068	0.00956	0.01406	0.01631	0.00787	0.02137	0.01237	0.03261	0.01012	0.01181	0.00787	0.00675	0.00450	0.00225	0.00562	0.00394	0.00450	0.00787
7	0.01356	0.00729	0.00803	0.06671	0.01193	0.00756	0.00634	0.01707	0.01518	0.02639	0.02281	0.02646	0.01789	0.00837	0.00526	0.00175	0.00391	0.00675	0.71985	0.00688
8	0.00886	0.00633	0.00843	0.01012	0.01054	0.00590	0.00675	0.01012	0.01392	0.01856	0.04006	0.73979	0.04808	0.02277	0.00928	0.00295	0.00422	0.02066	0.00675	0.00590
9	0.01779	0.01707	0.02914	0.07657	0.66880	0.01722	0.02221	0.02213	0.01646	0.02351	0.01364	0.01806	0.01143	0.00651	0.00720	0.00217	0.00868	0.00648	0.00358	0.01135
10	0.02684	0.03405	0.02090	0.01961	0.04567	0.69143	0.01433	0.02880	0.02046	0.01799	0.01132	0.01328	0.00944	0.00746	0.00658	0.00188	0.01296	0.00474	0.00374	0.00853
11	0.01021	0.00779	0.00942	0.00895	0.01096	0.00719	0.00673	0.01401	0.04986	0.02678	0.50647	0.05705	0.22655	0.01554	0.00852	0.00234	0.00360	0.01348	0.00766	0.00689
12	0.01393	0.01312	0.02216	0.69512	0.08046	0.01620	0.02029	0.01875	0.01463	0.01881	0.01296	0.01931	0.00978	0.00723	0.00726	0.00241	0.00964	0.00646	0.00325	0.00824
13	0.03236	0.01278	0.01712	0.01313	0.01876	0.01130	0.01085	0.06843	0.02150	0.67025	0.02810	0.02437	0.01770	0.00898	0.00731	0.00225	0.00628	0.00727	0.00891	0.01237
14	0.03261	0.01237	0.01687	0.01293	0.01856	0.01068	0.01068	0.03543	0.02081	0.70423	0.02868	0.02474	0.01799	0.00900	0.00731	0.00225	0.00619	0.00731	0.00900	0.01237
15	0.00886	0.00633	0.00843	0.01012	0.01054	0.00590	0.00675	0.01012	0.01392	0.01856	0.04006	0.73979	0.04808	0.02277	0.00928	0.00295	0.00422	0.02066	0.00675	0.00590
16	0.01301	0.00682	0.00698	0.00698	0.00837	0.00682	0.00496	0.01578	0.01440	0.02474	0.02357	0.03081	0.02005	0.14195	0.01087	0.00266	0.00405	0.00746	0.64336	0.00635
17	0.01373	0.01292	0.02180	0.72707	0.05006	0.01615	0.02019	0.01857	0.01453	0.01857	0.01292	0.01938	0.00969	0.00727	0.00727	0.00242	0.00969	0.00646	0.00323	0.00807
