[name]
unknown

[dist]
# distance from previous block
# <min> <max>
27	107

[block]
# block no. 0 follows, 28 sequences, length 14
# corresponding to MSA columns:
# 114-127
name=unknown_A
#
# <colnr> <probs for GDERKNQSTAVLIFYWHMCP>
#	G	D	E	R	K	N	Q	S	T	A	V	L	I	F	Y	W	H	M	C	P
0	0.01653	0.01559	0.01699	0.13125	0.02307	0.09860	0.03475	0.04991	0.20025	0.02358	0.02452	0.07193	0.06893	0.05756	0.00913	0.00248	0.00738	0.00831	0.00535	0.13389
1	0.10824	0.01417	0.01716	0.10329	0.10155	0.03981	0.01299	0.05683	0.18124	0.02497	0.02178	0.14415	0.02001	0.01376	0.05115	0.00306	0.06240	0.00906	0.00532	0.00906
2	0.04292	0.07030	0.02241	0.11656	0.02520	0.03840	0.12681	0.09259	0.09131	0.09102	0.04839	0.13519	0.02078	0.01029	0.00751	0.00233	0.00776	0.00923	0.00559	0.03539
3	0.11927	0.03213	0.01736	0.15417	0.02389	0.01525	0.01229	0.15434	0.06277	0.12881	0.01933	0.04219	0.01565	0.05388	0.00868	0.00251	0.00713	0.03619	0.00576	0.08841
4	0.04333	0.01335	0.01958	0.41491	0.03626	0.01524	0.03371	0.07386	0.06718	0.02311	0.01754	0.05259	0.01493	0.00894	0.00732	0.00236	0.00829	0.05623	0.00445	0.08683
5	0.07260	0.01129	0.01275	0.11535	0.01874	0.05342	0.00989	0.01817	0.08985	0.05208	0.07703	0.29052	0.09596	0.01482	0.00792	0.00252	0.00585	0.01284	0.00606	0.03235
6	0.09383	0.01249	0.01489	0.12384	0.02047	0.01412	0.01100	0.08543	0.14831	0.06900	0.11154	0.02787	0.02303	0.06528	0.01018	0.00267	0.04973	0.00786	0.09966	0.00880
7	0.01480	0.01204	0.01540	0.18704	0.02349	0.01342	0.01186	0.10016	0.16634	0.02725	0.20733	0.09017	0.05164	0.03623	0.00884	0.00256	0.00622	0.01020	0.00636	0.00867
8	0.01610	0.01341	0.01879	0.25772	0.12188	0.01497	0.01484	0.07194	0.15098	0.04916	0.08075	0.02874	0.06120	0.05719	0.00941	0.00266	0.00742	0.00824	0.00533	0.00925
9	0.01540	0.01258	0.01581	0.19622	0.02473	0.01385	0.01226	0.05386	0.24076	0.05232	0.03034	0.12577	0.10220	0.01160	0.00762	0.00241	0.00640	0.00995	0.00602	0.05991
10	0.01757	0.01370	0.01881	0.28869	0.03018	0.05312	0.05207	0.06227	0.04401	0.11648	0.05284	0.05566	0.05828	0.04321	0.00919	0.00257	0.02479	0.00830	0.03956	0.00871
11	0.02374	0.01481	0.01523	0.01266	0.01693	0.09541	0.01007	0.12067	0.06157	0.28249	0.07179	0.03091	0.11594	0.01048	0.00726	0.00219	0.00645	0.00839	0.08292	0.01008
12	0.06149	0.06878	0.01446	0.01397	0.05847	0.09522	0.00983	0.01681	0.04531	0.02129	0.08690	0.35221	0.03564	0.01611	0.00809	0.00258	0.00617	0.07341	0.00590	0.00736
13	0.45151	0.01372	0.01340	0.01131	0.01612	0.01474	0.00924	0.02809	0.10186	0.24718	0.01857	0.01792	0.01295	0.00787	0.00577	0.00228	0.00582	0.00557	0.00631	0.00978

[dist]
# distance from previous block
# <min> <max>
0	1

[block]
# block no. 1 follows, 28 sequences, length 24
# corresponding to MSA columns:
# 129-152
name=unknown_B
#
# <colnr> <probs for GDERKNQSTAVLIFYWHMCP>
#	G	D	E	R	K	N	Q	S	T	A	V	L	I	F	Y	W	H	M	C	P
0	0.01914	0.61640	0.10778	0.01429	0.02093	0.05471	0.04038	0.02225	0.01516	0.01800	0.01064	0.01242	0.00939	0.00634	0.00513	0.00168	0.00848	0.00426	0.00315	0.00946
1	0.06717	0.00914	0.01090	0.01175	0.04371	0.00933	0.00785	0.06908	0.01483	0.02086	0.02921	0.23011	0.05234	0.29106	0.01919	0.00437	0.00620	0.09090	0.00560	0.00640
2	0.00959	0.05854	0.01047	0.01015	0.01108	0.00752	0.00709	0.01095	0.01410	0.01850	0.03954	0.65717	0.07581	0.02141	0.00892	0.00283	0.00444	0.01924	0.00649	0.00616
3	0.74188	0.01550	0.01138	0.01020	0.01465	0.06542	0.00831	0.02191	0.01295	0.03157	0.01020	0.01190	0.00798	0.00680	0.00464	0.00222	0.00615	0.00399	0.00445	0.00791
4	0.01943	0.74891	0.03809	0.01244	0.01866	0.02876	0.01244	0.02177	0.01477	0.01710	0.01011	0.01166	0.00933	0.00622	0.00466	0.00155	0.00777	0.00389	0.00311	0.00933
5	0.01068	0.00701	0.00801	0.00801	0.00801	0.00701	0.00451	0.01051	0.01051	0.01402	0.02235	0.04620	0.02568	0.70582	0.03654	0.04911	0.00701	0.01034	0.00434	0.00434
6	0.79588	0.01406	0.01068	0.00956	0.01406	0.01631	0.00787	0.02137	0.01237	0.03261	0.01012	0.01181	0.00787	0.00675	0.00450	0.00225	0.00562	0.00394	0.00450	0.00787
7	0.03261	0.01237	0.01687	0.01293	0.01856	0.01068	0.01068	0.03543	0.02081	0.70423	0.02868	0.02474	0.01799	0.00900	0.00731	0.00225	0.00619	0.00731	0.00900	0.01237
8	0.01373	0.01292	0.02180	0.72707	0.05006	0.01615	0.02019	0.01857	0.01453	0.01857	0.01292	0.01938	0.00969	0.00727	0.00727	0.00242	0.00969	0.00646	0.00323	0.00807
9	0.01943	0.74891	0.03809	0.01244	0.01866	0.02876	0.01244	0.02177	0.01477	0.01710	0.01011	0.01166	0.00933	0.00622	0.00466	0.00155	0.00777	0.00389	0.00311	0.00933
10	0.01507	0.01292	0.01507	0.01077	0.01723	0.00969	0.00861	0.01830	0.01507	0.02369	0.01292	0.01507	0.01077	0.00538	0.00538	0.00108	0.00538	0.00431	0.00431	0.78898
11	0.01054	0.00719	0.00864	0.00864	0.00888	0.00743	0.00529	0.01103	0.01078	0.01462	0.02225	0.04398	0.02487	0.61419	0.16521	0.00792	0.00939	0.01005	0.00431	0.00480
12	0.01507	0.01292	0.01507	0.01077	0.01723	0.00969	0.00861	0.01830	0.01507	0.02369	0.01292	0.01507	0.01077	0.00538	0.00538	0.00108	0.00538	0.00431	0.00431	0.78898
13	0.02864	0.01792	0.16875	0.01465	0.02140	0.01205	0.01424	0.03269	0.01960	0.55428	0.02524	0.02267	0.01606	0.00854	0.00722	0.00226	0.00719	0.00688	0.00769	0.01201
14	0.01458	0.03760	0.70688	0.02072	0.03146	0.01688	0.02686	0.02302	0.01535	0.02302	0.01304	0.01535	0.00921	0.00691	0.00691	0.00230	0.01074	0.00537	0.00307	0.01074
15	0.00883	0.00715	0.00784	0.00814	0.01008	0.00616	0.00593	0.01071	0.01643	0.02042	0.13245	0.21149	0.49106	0.01897	0.00874	0.00254	0.00377	0.01625	0.00688	0.00616
16	0.01990	0.03016	0.50337	0.01842	0.02765	0.01505	0.02209	0.02668	0.01696	0.22394	0.01766	0.01812	0.01180	0.00752	0.00703	0.00229	0.00940	0.00594	0.00482	0.01122
17	0.02682	0.01996	0.02136	0.01656	0.02223	0.02216	0.01362	0.62059	0.08988	0.04450	0.01849	0.01828	0.01320	0.00882	0.00728	0.00221	0.00781	0.00669	0.00728	0.01229
18	0.15756	0.02171	0.02565	0.07206	0.16465	0.20098	0.15696	0.07259	0.01819	0.02495	0.01286	0.01602	0.01015	0.00694	0.00686	0.00218	0.01008	0.00601	0.00406	0.00953
19	0.01057	0.00705	0.00793	0.00793	0.00793	0.00705	0.00440	0.01057	0.01057	0.01409	0.02290	0.04757	0.02643	0.74454	0.03700	0.00705	0.00705	0.01057	0.00440	0.00440
20	0.61000	0.01433	0.01261	0.01070	0.01549	0.01595	0.00882	0.07943	0.01556	0.13955	0.01367	0.01433	0.00985	0.00727	0.00518	0.00224	0.00591	0.00469	0.00544	0.00896
21	0.01732	0.43976	0.32876	0.01604	0.02422	0.02360	0.01870	0.02231	0.01502	0.01967	0.01138	0.01326	0.00928	0.00652	0.00564	0.00188	0.00906	0.00453	0.00309	0.00994
22	0.01763	0.01690	0.02885	0.10293	0.64373	0.01718	0.02213	0.02199	0.01638	0.02331	0.01361	0.01811	0.01136	0.00654	0.00720	0.00218	0.00873	0.00648	0.00357	0.01122
23	0.01029	0.00743	0.00972	0.00914	0.01086	0.00686	0.00686	0.01372	0.02058	0.02915	0.69536	0.05430	0.06859	0.01486	0.00857	0.00229	0.00343	0.01315	0.00800	0.00686

[dist]
# distance from previous block
# <min> <max>
0	1

[block]
# block no. 2 follows, 28 sequences, length 26
# corresponding to MSA columns:
# 154-179
name=unknown_C
#
# <colnr> <probs for GDERKNQSTAVLIFYWHMCP>
#	G	D	E	R	K	N	Q	S	T	A	V	L	I	F	Y	W	H	M	C	P
0	0.79588	0.01406	0.01068	0.00956	0.01406	0.01631	0.00787	0.02137	0.01237	0.03261	0.01012	0.01181	0.00787	0.00675	0.00450	0.00225	0.00562	0.00394	0.00450	0.00787
1	0.01965	0.02185	0.01523	0.01418	0.01671	0.38152	0.01038	0.02144	0.01676	0.01815	0.01696	0.06001	0.01630	0.14224	0.09540	0.00394	0.01117	0.00709	0.07687	0.03414
2	0.18065	0.01407	0.04550	0.01458	0.01884	0.01362	0.11408	0.07716	0.08246	0.02839	0.14851	0.08702	0.06006	0.01116	0.00743	0.00239	0.00653	0.04470	0.00589	0.03696
3	0.02380	0.35397	0.02887	0.01530	0.02076	0.20487	0.01325	0.21181	0.02187	0.02555	0.01251	0.01370	0.01021	0.00727	0.00591	0.00182	0.00922	0.00486	0.00447	0.00997
4	0.01808	0.01561	0.01644	0.01479	0.01890	0.01808	0.01151	0.03863	0.68606	0.03041	0.02959	0.02712	0.02219	0.00986	0.00740	0.00247	0.00575	0.00822	0.00740	0.01151
5	0.01458	0.03760	0.70688	0.02072	0.03146	0.01688	0.02686	0.02302	0.01535	0.02302	0.01304	0.01535	0.00921	0.00691	0.00691	0.00230	0.01074	0.00537	0.00307	0.01074
6	0.01590	0.01590	0.02226	0.01908	0.01908	0.02226	0.01590	0.01749	0.01113	0.01749	0.00954	0.01590	0.00954	0.01272	0.02385	0.00318	0.73123	0.00636	0.00318	0.00795
7	0.01728	0.01655	0.02822	0.15832	0.59104	0.01708	0.02196	0.02169	0.01622	0.02289	0.01355	0.01822	0.01121	0.00661	0.00721	0.00220	0.00881	0.00647	0.00354	0.01094
8	0.00859	0.00736	0.00736	0.00736	0.00982	0.00614	0.00552	0.01043	0.01657	0.01964	0.07364	0.06996	0.69624	0.01841	0.00859	0.00245	0.00368	0.01534	0.00675	0.00614
9	0.00886	0.00633	0.00843	0.01012	0.01054	0.00590	0.00675	0.01012	0.01392	0.01856	0.04006	0.73979	0.04808	0.02277	0.00928	0.00295	0.00422	0.02066	0.00675	0.00590
10	0.00859	0.00736	0.00736	0.00736	0.00982	0.00614	0.00552	0.01043	0.01657	0.01964	0.07364	0.06996	0.69624	0.01841	0.00859	0.00245	0.00368	0.01534	0.00675	0.00614
11	0.01507	0.01292	0.01507	0.01077	0.01723	0.00969	0.00861	0.01830	0.01507	0.02369	0.01292	0.01507	0.01077	0.00538	0.00538	0.00108	0.00538	0.00431	0.00431	0.78898
12	0.02348	0.02529	0.02081	0.01973	0.08002	0.38551	0.04993	0.04997	0.11473	0.07139	0.05100	0.02079	0.03836	0.00854	0.00709	0.00209	0.01017	0.00658	0.00505	0.00947
13	0.02068	0.01021	0.01299	0.01122	0.01485	0.00930	0.00877	0.02469	0.07543	0.33514	0.13510	0.14502	0.13853	0.01352	0.00801	0.00241	0.00505	0.01155	0.00802	0.00952
14	0.02738	0.01922	0.02135	0.05305	0.02359	0.02110	0.01385	0.58082	0.03190	0.10642	0.01828	0.01824	0.01275	0.00868	0.00728	0.00220	0.00792	0.00661	0.00723	0.01214
15	0.02870	0.01223	0.01613	0.01264	0.01766	0.01102	0.01033	0.08272	0.02183	0.54571	0.13278	0.02882	0.02551	0.00990	0.00751	0.00225	0.00590	0.00817	0.00870	0.01150
16	0.00986	0.00704	0.00913	0.01045	0.01114	0.00677	0.00718	0.03763	0.01473	0.01962	0.03822	0.64250	0.04524	0.05707	0.01058	0.00314	0.00464	0.05227	0.00665	0.00614
17	0.02832	0.01926	0.02113	0.01620	0.02199	0.02091	0.01339	0.58693	0.03234	0.13644	0.01900	0.01846	0.01314	0.00876	0.00728	0.00219	0.00775	0.00665	0.00751	0.01236
18	0.00886	0.00633	0.00843	0.01012	0.01054	0.00590	0.00675	0.01012	0.01392	0.01856	0.04006	0.73979	0.04808	0.02277	0.00928	0.00295	0.00422	0.02066	0.00675	0.00590
19	0.03006	0.01647	0.01940	0.01488	0.02060	0.01676	0.01229	0.36324	0.02766	0.36674	0.02292	0.02100	0.01511	0.00886	0.00729	0.00221	0.00711	0.00692	0.00811	0.01237
20	0.01756	0.02175	0.09223	0.05890	0.05765	0.06834	0.52646	0.02345	0.01713	0.02268	0.01422	0.01874	0.01072	0.00635	0.00820	0.00239	0.01198	0.00789	0.00361	0.00976
21	0.01516	0.01641	0.03459	0.02569	0.03138	0.01538	0.51229	0.02011	0.01638	0.02214	0.02082	0.19316	0.01996	0.01014	0.00875	0.00257	0.01032	0.01149	0.00442	0.00886
22	0.01712	0.28977	0.32049	0.01837	0.02658	0.04531	0.10153	0.02255	0.01554	0.02078	0.01213	0.01446	0.00957	0.00650	0.00621	0.00197	0.00965	0.00516	0.00325	0.05306
23	0.01355	0.00678	0.00678	0.00678	0.00847	0.00678	0.00508	0.01694	0.01524	0.02710	0.02371	0.02710	0.01863	0.00847	0.00508	0.00169	0.00339	0.00678	0.78489	0.00678
24	0.02182	0.01569	0.01723	0.01431	0.01882	0.01705	0.01143	0.29249	0.23483	0.10211	0.06269	0.06684	0.07015	0.01090	0.00759	0.00235	0.00636	0.00890	0.00745	0.01100
25	0.01650	0.06589	0.01674	0.01122	0.01713	0.01170	0.00916	0.06321	0.01711	0.05327	0.07963	0.01918	0.01666	0.00673	0.00585	0.00135	0.00558	0.00541	0.00497	0.57272

[dist]
# distance from previous block
# <min> <max>
0	3

[block]
# block no. 3 follows, 28 sequences, length 24
# corresponding to MSA columns:
# 183-206
name=unknown_D
#
# <colnr> <probs for GDERKNQSTAVLIFYWHMCP>
#	G	D	E	R	K	N	Q	S	T	A	V	L	I	F	Y	W	H	M	C	P
0	0.08654	0.01294	0.01401	0.01447	0.06431	0.05576	0.00991	0.15283	0.04346	0.02629	0.04850	0.32552	0.03002	0.06927	0.01008	0.00287	0.00625	0.01273	0.00613	0.00812
1	0.01694	0.07520	0.03912	0.02702	0.03397	0.01811	0.54415	0.02244	0.01680	0.02277	0.01527	0.02141	0.01224	0.00670	0.00811	0.00232	0.01116	0.03618	0.00381	0.06629
2	0.01929	0.03430	0.01811	0.01369	0.01865	0.01338	0.05363	0.06844	0.11803	0.14795	0.02020	0.04824	0.01634	0.06176	0.00967	0.00228	0.04074	0.00702	0.00579	0.28249
3	0.01635	0.01288	0.01520	0.01092	0.01732	0.00976	0.00876	0.01955	0.01549	0.07318	0.01407	0.01578	0.01129	0.00565	0.00552	0.00116	0.00544	0.00453	0.00465	0.73250
4	0.00992	0.00726	0.00955	0.01099	0.01218	0.00689	0.00849	0.01207	0.01538	0.01995	0.04425	0.39018	0.13815	0.02111	0.00947	0.00303	0.00510	0.26305	0.00673	0.00624
5	0.02629	0.01900	0.02062	0.01600	0.02157	0.02071	0.01312	0.56971	0.05849	0.07326	0.01909	0.04413	0.01424	0.00916	0.00727	0.00218	0.00758	0.00707	0.00722	0.04331
6	0.04355	0.02424	0.32737	0.02010	0.08511	0.01468	0.07347	0.02372	0.04913	0.11362	0.06094	0.04468	0.01701	0.03290	0.00820	0.00244	0.00867	0.00721	0.00473	0.03824
7	0.01713	0.44106	0.08964	0.01522	0.02061	0.02302	0.08204	0.02020	0.01424	0.01807	0.01243	0.01690	0.01138	0.05701	0.07336	0.00310	0.06697	0.00547	0.00332	0.00882
8	0.01790	0.52449	0.24910	0.01505	0.02270	0.02501	0.01699	0.02216	0.01495	0.01897	0.01103	0.01282	0.00929	0.00644	0.00537	0.00179	0.00871	0.00436	0.00310	0.00977
9	0.03152	0.01213	0.01652	0.01275	0.01818	0.01050	0.01050	0.03436	0.02079	0.67123	0.06127	0.02619	0.02047	0.00928	0.00737	0.00225	0.00605	0.00760	0.00895	0.01210
10	0.01682	0.01743	0.03349	0.16448	0.24714	0.01760	0.31504	0.02282	0.04816	0.02289	0.01475	0.01941	0.01146	0.00663	0.00784	0.00235	0.01033	0.00750	0.00374	0.01010
11	0.01904	0.01734	0.02748	0.02697	0.19395	0.06665	0.21601	0.02573	0.11135	0.09191	0.02084	0.02859	0.01738	0.00898	0.00799	0.00244	0.00916	0.09286	0.00512	0.01021
12	0.00886	0.00633	0.00843	0.01012	0.01054	0.00590	0.00675	0.01012	0.01392	0.01856	0.04006	0.73979	0.04808	0.02277	0.00928	0.00295	0.00422	0.02066	0.00675	0.00590
13	0.00920	0.00658	0.00879	0.01022	0.01087	0.00617	0.00708	0.01084	0.01484	0.01994	0.11273	0.62151	0.04995	0.02172	0.00925	0.00290	0.00429	0.06018	0.00688	0.00606
14	0.01470	0.01354	0.02139	0.27604	0.21707	0.01581	0.01702	0.01790	0.01374	0.01897	0.01443	0.02374	0.01335	0.14804	0.01582	0.00336	0.13599	0.00723	0.00355	0.00831
15	0.01799	0.01727	0.02950	0.04462	0.69919	0.01727	0.02231	0.02231	0.01655	0.02375	0.01367	0.01799	0.01151	0.00648	0.00720	0.00216	0.00864	0.00648	0.00360	0.01151
16	0.01029	0.00743	0.00972	0.00914	0.01086	0.00686	0.00686	0.01372	0.02058	0.02915	0.69536	0.05430	0.06859	0.01486	0.00857	0.00229	0.00343	0.01315	0.00800	0.00686
17	0.00982	0.00715	0.00924	0.00927	0.01071	0.00657	0.00674	0.01260	0.01864	0.02586	0.49000	0.22778	0.10431	0.01708	0.00875	0.00246	0.00364	0.01518	0.00760	0.00657
18	0.79588	0.01406	0.01068	0.00956	0.01406	0.01631	0.00787	0.02137	0.01237	0.03261	0.01012	0.01181	0.00787	0.00675	0.00450	0.00225	0.00562	0.00394	0.00450	0.00787
19	0.01263	0.00631	0.00947	0.00947	0.00947	0.00631	0.00631	0.00947	0.00947	0.01263	0.01263	0.02210	0.01263	0.02525	0.02841	0.78851	0.00631	0.00631	0.00316	0.00316
20	0.01637	0.01443	0.02215	0.57091	0.07474	0.01733	0.01916	0.13436	0.01809	0.02361	0.01375	0.01898	0.01024	0.00749	0.00726	0.00237	0.00934	0.00648	0.00396	0.00899
21	0.00880	0.00654	0.00821	0.00955	0.01039	0.00595	0.00649	0.01019	0.01447	0.01878	0.04706	0.60016	0.18319	0.02186	0.00913	0.00285	0.00411	0.01955	0.00675	0.00595
22	0.01512	0.00932	0.01162	0.01073	0.01319	0.00888	0.00810	0.09062	0.01989	0.13042	0.27705	0.24785	0.09633	0.01586	0.00844	0.00248	0.00462	0.01388	0.00761	0.00799
23	0.02005	0.28608	0.18930	0.01661	0.02257	0.23433	0.01634	0.02369	0.01669	0.01923	0.03866	0.01496	0.01171	0.00753	0.00714	0.00196	0.05546	0.00501	0.00350	0.00920

[dist]
# distance from previous block
# <min> <max>
0	6

[block]
# block no. 4 follows, 28 sequences, length 39
# corresponding to MSA columns:
# 213-251
name=unknown_E
#
# <colnr> <probs for GDERKNQSTAVLIFYWHMCP>
#	G	D	E	R	K	N	Q	S	T	A	V	L	I	F	Y	W	H	M	C	P
0	0.07830	0.15460	0.30072	0.01651	0.02407	0.08173	0.01784	0.06379	0.01767	0.15668	0.01546	0.01619	0.01105	0.00734	0.00640	0.00211	0.00901	0.00539	0.00465	0.01049
1	0.61664	0.08276	0.01367	0.01012	0.01458	0.01690	0.00848	0.05021	0.01433	0.03144	0.07293	0.01592	0.01375	0.00753	0.00501	0.00218	0.00573	0.00489	0.00481	0.00812
2	0.44032	0.01286	0.03347	0.06331	0.05002	0.01351	0.00975	0.01896	0.01530	0.02982	0.21711	0.02557	0.02652	0.00922	0.00613	0.00227	0.00556	0.00706	0.00537	0.00785
3	0.00988	0.00745	0.01023	0.03681	0.01307	0.00763	0.00842	0.01164	0.01439	0.01932	0.06370	0.55924	0.04437	0.02094	0.01017	0.00297	0.04967	0.09739	0.00644	0.00625
4	0.01799	0.01727	0.02950	0.04462	0.69919	0.01727	0.02231	0.02231	0.01655	0.02375	0.01367	0.01799	0.01151	0.00648	0.00720	0.00216	0.00864	0.00648	0.00360	0.01151
5	0.00881	0.00651	0.00825	0.00964	0.01042	0.00594	0.00654	0.01018	0.01438	0.01874	0.04587	0.62403	0.16009	0.02202	0.00916	0.00287	0.00412	0.01974	0.00675	0.00594
6	0.01654	0.01804	0.03739	0.17345	0.10073	0.01783	0.48085	0.02224	0.01657	0.02237	0.01425	0.01941	0.01080	0.00639	0.00819	0.00242	0.01140	0.00796	0.00358	0.00961
7	0.01355	0.00678	0.00678	0.00678	0.00847	0.00678	0.00508	0.01694	0.01524	0.02710	0.02371	0.02710	0.01863	0.00847	0.00508	0.00169	0.00339	0.00678	0.78489	0.00678
8	0.01082	0.00816	0.01027	0.01143	0.01265	0.00827	0.00836	0.01551	0.12134	0.02099	0.03812	0.51273	0.04288	0.02025	0.00911	0.00294	0.00489	0.12749	0.00684	0.00693
9	0.01263	0.00631	0.00947	0.00947	0.00947	0.00631	0.00631	0.00947	0.00947	0.01263	0.01263	0.02210	0.01263	0.02525	0.02841	0.78851	0.00631	0.00631	0.00316	0.00316
10	0.01799	0.01727	0.02950	0.04462	0.69919	0.01727	0.02231	0.02231	0.01655	0.02375	0.01367	0.01799	0.01151	0.00648	0.00720	0.00216	0.00864	0.00648	0.00360	0.01151
11	0.00910	0.00652	0.00866	0.00995	0.01060	0.00607	0.00677	0.01074	0.01507	0.02039	0.15331	0.62133	0.05162	0.02141	0.00916	0.00284	0.00408	0.01937	0.00696	0.00607
12	0.01464	0.01385	0.02346	0.58060	0.18938	0.01639	0.02064	0.01937	0.01497	0.01968	0.01308	0.01908	0.01008	0.00710	0.00725	0.00237	0.00946	0.00646	0.00331	0.00881
13	0.01943	0.74891	0.03809	0.01244	0.01866	0.02876	0.01244	0.02177	0.01477	0.01710	0.01011	0.01166	0.00933	0.00622	0.00466	0.00155	0.00777	0.00389	0.00311	0.00933
14	0.01127	0.00764	0.00873	0.00852	0.00884	0.00781	0.00508	0.03822	0.01162	0.01558	0.02247	0.04517	0.02535	0.67239	0.07678	0.00713	0.00784	0.01024	0.00449	0.00486
15	0.11985	0.13004	0.13625	0.03053	0.36008	0.01888	0.06032	0.02228	0.01558	0.02377	0.01264	0.01591	0.01031	0.00652	0.00650	0.00212	0.00867	0.00571	0.00356	0.01048
16	0.01630	0.00826	0.00878	0.00805	0.01040	0.00827	0.00622	0.06604	0.01712	0.09019	0.02371	0.02619	0.01812	0.00854	0.00544	0.00178	0.00397	0.00681	0.65811	0.00769
17	0.75094	0.01443	0.01133	0.00998	0.01455	0.01667	0.00822	0.05960	0.01365	0.03339	0.01055	0.01214	0.00813	0.00686	0.00466	0.00225	0.00576	0.00409	0.00466	0.00813
18	0.01029	0.00743	0.00972	0.00914	0.01086	0.00686	0.00686	0.01372	0.02058	0.02915	0.69536	0.05430	0.06859	0.01486	0.00857	0.00229	0.00343	0.01315	0.00800	0.00686
19	0.01458	0.03760	0.70688	0.02072	0.03146	0.01688	0.02686	0.02302	0.01535	0.02302	0.01304	0.01535	0.00921	0.00691	0.00691	0.00230	0.01074	0.00537	0.00307	0.01074
20	0.00886	0.00633	0.00843	0.01012	0.01054	0.00590	0.00675	0.01012	0.01392	0.01856	0.04006	0.73979	0.04808	0.02277	0.00928	0.00295	0.00422	0.02066	0.00675	0.00590
21	0.00866	0.00737	0.00746	0.00743	0.00986	0.00617	0.00558	0.01056	0.01673	0.02001	0.09830	0.06933	0.67135	0.01827	0.00859	0.00245	0.00367	0.01525	0.00680	0.00617
22	0.02688	0.03274	0.02102	0.01944	0.04590	0.62802	0.01431	0.08769	0.02170	0.02055	0.01189	0.01367	0.00971	0.00757	0.00664	0.00191	0.01249	0.00491	0.00406	0.00889
23	0.01373	0.01292	0.02180	0.72707	0.05006	0.01615	0.02019	0.01857	0.01453	0.01857	0.01292	0.01938	0.00969	0.00727	0.00727	0.00242	0.00969	0.00646	0.00323	0.00807
24	0.00859	0.00736	0.00736	0.00736	0.00982	0.00614	0.00552	0.01043	0.01657	0.01964	0.07364	0.06996	0.69624	0.01841	0.00859	0.00245	0.00368	0.01534	0.00675	0.00614
25	0.13869	0.01185	0.01463	0.01300	0.01551	0.01369	0.03705	0.07906	0.07565	0.02398	0.01808	0.02472	0.01597	0.09185	0.27074	0.00622	0.08404	0.00718	0.05028	0.00783
26	0.01860	0.01962	0.05575	0.03916	0.54236	0.07731	0.05930	0.02378	0.04991	0.02351	0.01428	0.01801	0.01174	0.00673	0.00722	0.00217	0.00917	0.00649	0.00378	0.01112
27	0.01029	0.00743	0.00972	0.00914	0.01086	0.00686	0.00686	0.01372	0.02058	0.02915	0.69536	0.05430	0.06859	0.01486	0.00857	0.00229	0.00343	0.01315	0.00800	0.00686
28	0.01885	0.01028	0.01302	0.01119	0.01458	0.00976	0.00878	0.02452	0.11765	0.25488	0.35813	0.04088	0.06214	0.01227	0.00798	0.00230	0.00470	0.01054	0.00821	0.00936
29	0.01475	0.03660	0.67347	0.02190	0.06440	0.01690	0.02663	0.02299	0.01541	0.02306	0.01308	0.01548	0.00932	0.00688	0.00692	0.00229	0.01064	0.00543	0.00310	0.01078
30	0.22215	0.01472	0.01583	0.01261	0.01790	0.05416	0.01032	0.07885	0.01943	0.41576	0.02146	0.01984	0.01421	0.00816	0.00647	0.00217	0.00655	0.00612	0.00722	0.04607
31	0.02355	0.01561	0.01755	0.01453	0.01930	0.01684	0.01164	0.20233	0.31983	0.19370	0.06515	0.02563	0.02135	0.00965	0.00741	0.00233	0.00630	0.00786	0.00778	0.01166
32	0.71500	0.05793	0.01260	0.00988	0.01454	0.01680	0.00827	0.02203	0.01289	0.06200	0.01096	0.01238	0.00842	0.00682	0.00464	0.00221	0.00578	0.00409	0.00462	0.00816
33	0.01633	0.01662	0.02220	0.01907	0.01921	0.04881	0.01583	0.01794	0.01149	0.01750	0.00961	0.01580	0.00954	0.01252	0.02319	0.00313	0.70373	0.00630	0.00320	0.00797
34	0.01175	0.00831	0.01020	0.01001	0.01101	0.00867	0.00685	0.07179	0.01423	0.01938	0.06890	0.16833	0.03013	0.35047	0.17156	0.00652	0.00902	0.01163	0.00522	0.00601
35	0.01507	0.01292	0.01507	0.01077	0.01723	0.00969	0.00861	0.01830	0.01507	0.02369	0.01292	0.01507	0.01077	0.00538	0.00538	0.00108	0.00538	0.00431	0.00431	0.78898
36	0.02388	0.09488	0.02113	0.01619	0.02062	0.30082	0.01285	0.21149	0.10672	0.02828	0.07755	0.01970	0.01721	0.00869	0.00686	0.00204	0.00934	0.00635	0.00553	0.00987
37	0.00899	0.00649	0.00829	0.00967	0.01024	0.00603	0.00642	0.01019	0.01385	0.01825	0.04153	0.61615	0.10467	0.08819	0.01174	0.00328	0.00443	0.01926	0.00653	0.00579
38	0.01592	0.01481	0.02018	0.01749	0.01819	0.01981	0.01438	0.07648	0.01347	0.02008	0.01333	0.06484	0.01325	0.01749	0.09542	0.00398	0.54148	0.00747	0.00386	0.00806

[dist]
# distance from previous block
# <min> <max>
0	2

[block]
# block no. 5 follows, 28 sequences, length 45
# corresponding to MSA columns:
# 254-298
name=unknown_F
#
# <colnr> <probs for GDERKNQSTAVLIFYWHMCP>
#	G	D	E	R	K	N	Q	S	T	A	V	L	I	F	Y	W	H	M	C	P
0	0.01490	0.03535	0.62399	0.02196	0.03228	0.01707	0.10749	0.02305	0.01557	0.02305	0.01325	0.01588	0.00944	0.00681	0.00711	0.00232	0.01093	0.00577	0.00315	0.01063
1	0.04040	0.02168	0.11904	0.02482	0.03212	0.04069	0.40671	0.10656	0.01890	0.02626	0.01444	0.01795	0.01080	0.00655	0.00773	0.00225	0.01074	0.00727	0.00414	0.08092
2	0.01925	0.01727	0.01747	0.03921	0.02023	0.10200	0.01084	0.16094	0.01986	0.02751	0.01368	0.01549	0.01089	0.00644	0.00601	0.00146	0.00708	0.00491	0.00483	0.49461
3	0.02503	0.03016	0.01948	0.01762	0.02144	0.55677	0.01332	0.04890	0.12803	0.02071	0.01665	0.01757	0.03659	0.00831	0.00679	0.00200	0.01143	0.00570	0.00455	0.00895
4	0.01700	0.01929	0.04190	0.06330	0.03856	0.01828	0.64218	0.02306	0.01703	0.02306	0.01462	0.01960	0.01097	0.00618	0.00852	0.00245	0.01213	0.00848	0.00366	0.00972
5	0.01022	0.00743	0.00962	0.00907	0.01082	0.00683	0.00680	0.01358	0.02041	0.02876	0.66997	0.05494	0.09422	0.01501	0.00857	0.00229	0.00344	0.01324	0.00795	0.00683
6	0.01368	0.01279	0.02081	0.58323	0.04310	0.01606	0.01854	0.01803	0.01466	0.01936	0.07143	0.02199	0.01476	0.00855	0.00930	0.00250	0.09259	0.00703	0.00364	0.00796
7	0.03261	0.01237	0.01687	0.01293	0.01856	0.01068	0.01068	0.03543	0.02081	0.70423	0.02868	0.02474	0.01799	0.00900	0.00731	0.00225	0.00619	0.00731	0.00900	0.01237
8	0.01421	0.03500	0.64671	0.01972	0.02968	0.01602	0.02513	0.02222	0.01580	0.02355	0.07193	0.01871	0.01433	0.00759	0.00705	0.00230	0.01011	0.00604	0.00350	0.01041
9	0.00886	0.00633	0.00843	0.01012	0.01054	0.00590	0.00675	0.01012	0.01392	0.01856	0.04006	0.73979	0.04808	0.02277	0.00928	0.00295	0.00422	0.02066	0.00675	0.00590
10	0.01396	0.00773	0.01058	0.01008	0.01065	0.00794	0.00692	0.07441	0.01195	0.01595	0.01375	0.02326	0.01348	0.06938	0.02689	0.66217	0.00652	0.00661	0.00364	0.00413
11	0.01853	0.01584	0.01669	0.01488	0.01907	0.01829	0.01161	0.06847	0.65548	0.03113	0.02902	0.02667	0.02173	0.00981	0.00739	0.00245	0.00586	0.00814	0.00739	0.01155
12	0.02543	0.01833	0.10293	0.01492	0.02126	0.01558	0.01344	0.23838	0.06386	0.27094	0.02096	0.02001	0.01433	0.00819	0.00698	0.00208	0.00719	0.00646	0.00695	0.12177
13	0.02599	0.01924	0.02057	0.01592	0.02144	0.02113	0.01310	0.61760	0.03266	0.04355	0.02230	0.02198	0.07139	0.00956	0.00739	0.00221	0.00763	0.00730	0.00723	0.01182
14	0.00872	0.00737	0.00755	0.00750	0.00990	0.00619	0.00563	0.01069	0.01688	0.02038	0.12198	0.06874	0.64744	0.01813	0.00859	0.00244	0.00366	0.01517	0.00685	0.00619
15	0.79588	0.01406	0.01068	0.00956	0.01406	0.01631	0.00787	0.02137	0.01237	0.03261	0.01012	0.01181	0.00787	0.00675	0.00450	0.00225	0.00562	0.00394	0.00450	0.00787
16	0.79588	0.01406	0.01068	0.00956	0.01406	0.01631	0.00787	0.02137	0.01237	0.03261	0.01012	0.01181	0.00787	0.00675	0.00450	0.00225	0.00562	0.00394	0.00450	0.00787
17	0.00886	0.00633	0.00843	0.01012	0.01054	0.00590	0.00675	0.01012	0.01392	0.01856	0.04006	0.73979	0.04808	0.02277	0.00928	0.00295	0.00422	0.02066	0.00675	0.00590
18	0.02709	0.02009	0.02151	0.01661	0.02233	0.02229	0.01368	0.63866	0.07136	0.04493	0.01814	0.01800	0.01292	0.00879	0.00728	0.00220	0.00787	0.00664	0.00728	0.01231
19	0.01093	0.00801	0.01067	0.01200	0.01370	0.00776	0.01014	0.01386	0.01661	0.02139	0.06582	0.13108	0.15091	0.01985	0.00969	0.00313	0.00590	0.47524	0.00675	0.00654
20	0.02717	0.03407	0.02065	0.01865	0.02247	0.68747	0.01404	0.05502	0.02115	0.01892	0.01149	0.01328	0.00948	0.00754	0.00658	0.00189	0.01290	0.00476	0.00389	0.00859
21	0.01943	0.74891	0.03809	0.01244	0.01866	0.02876	0.01244	0.02177	0.01477	0.01710	0.01011	0.01166	0.00933	0.00622	0.00466	0.00155	0.00777	0.00389	0.00311	0.00933
22	0.01056	0.00707	0.00806	0.00806	0.00811	0.00712	0.00457	0.01066	0.01061	0.01419	0.02278	0.04690	0.02613	0.72009	0.06104	0.00721	0.00749	0.01047	0.00439	0.00448
23	0.00859	0.00736	0.00736	0.00736	0.00982	0.00614	0.00552	0.01043	0.01657	0.01964	0.07364	0.06996	0.69624	0.01841	0.00859	0.00245	0.00368	0.01534	0.00675	0.00614
24	0.01032	0.00757	0.00976	0.00962	0.01141	0.00702	0.00748	0.01355	0.01949	0.02684	0.51632	0.06060	0.13821	0.01612	0.00881	0.00248	0.00398	0.11602	0.00764	0.00675
25	0.03261	0.01237	0.01687	0.01293	0.01856	0.01068	0.01068	0.03543	0.02081	0.70423	0.02868	0.02474	0.01799	0.00900	0.00731	0.00225	0.00619	0.00731	0.00900	0.01237
26	0.03239	0.01273	0.01709	0.01310	0.01873	0.01121	0.01082	0.06389	0.02140	0.67492	0.02818	0.02442	0.01774	0.00898	0.00731	0.00225	0.00627	0.00728	0.00892	0.01237
27	0.01799	0.01727	0.02950	0.04462	0.69919	0.01727	0.02231	0.02231	0.01655	0.02375	0.01367	0.01799	0.01151	0.00648	0.00720	0.00216	0.00864	0.00648	0.00360	0.01151
28	0.00860	0.00732	0.00741	0.00747	0.00985	0.00613	0.00557	0.01042	0.01646	0.01959	0.07231	0.09639	0.67066	0.01858	0.00862	0.00247	0.00370	0.01555	0.00675	0.00613
29	0.01943	0.74891	0.03809	0.01244	0.01866	0.02876	0.01244	0.02177	0.01477	0.01710	0.01011	0.01166	0.00933	0.00622	0.00466	0.00155	0.00777	0.00389	0.00311	0.00933
30	0.01714	0.18178	0.36154	0.04815	0.03010	0.01932	0.15679	0.02334	0.01588	0.06051	0.01366	0.01615	0.01013	0.00673	0.00682	0.00218	0.01013	0.00588	0.00355	0.01024
31	0.00888	0.00738	0.00776	0.00767	0.00999	0.00626	0.00575	0.01099	0.01725	0.02125	0.17892	0.06730	0.58996	0.01781	0.00859	0.00243	0.00364	0.01497	0.00696	0.00626
32	0.01721	0.01636	0.02776	0.09740	0.60780	0.01659	0.02126	0.02152	0.01662	0.02364	0.05250	0.02017	0.01462	0.00702	0.00728	0.00219	0.00842	0.00686	0.00382	0.01097
33	0.01726	0.01490	0.01565	0.01415	0.01812	0.01705	0.01099	0.03619	0.62828	0.02948	0.03339	0.03082	0.08036	0.01060	0.00750	0.00246	0.00557	0.00883	0.00734	0.01104
34	0.02763	0.02036	0.02182	0.01672	0.02254	0.02254	0.01382	0.67496	0.03418	0.04581	0.01745	0.01745	0.01236	0.00873	0.00727	0.00218	0.00800	0.00654	0.00727	0.01236
35	0.01943	0.74891	0.03809	0.01244	0.01866	0.02876	0.01244	0.02177	0.01477	0.01710	0.01011	0.01166	0.00933	0.00622	0.00466	0.00155	0.00777	0.00389	0.00311	0.00933
36	0.00886	0.00633	0.00843	0.01012	0.01054	0.00590	0.00675	0.01012	0.01392	0.01856	0.04006	0.73979	0.04808	0.02277	0.00928	0.00295	0.00422	0.02066	0.00675	0.00590
37	0.01949	0.01086	0.01365	0.01156	0.01497	0.01042	0.00909	0.12626	0.02226	0.22845	0.33454	0.09888	0.04296	0.01284	0.00805	0.00232	0.00504	0.01102	0.00807	0.00928
38	0.01507	0.01292	0.01507	0.01077	0.01723	0.00969	0.00861	0.01830	0.01507	0.02369	0.01292	0.01507	0.01077	0.00538	0.00538	0.00108	0.00538	0.00431	0.00431	0.78898
39	0.01452	0.01376	0.02310	0.58623	0.15674	0.01657	0.02037	0.01915	0.01474	0.01939	0.01291	0.01901	0.00999	0.00735	0.00790	0.00241	0.03746	0.00646	0.00329	0.00864
40	0.01775	0.01702	0.02907	0.08355	0.66217	0.01721	0.02219	0.02210	0.01644	0.02345	0.01363	0.01807	0.01141	0.00652	0.00720	0.00217	0.00870	0.00648	0.00358	0.01132
41	0.01373	0.01292	0.02180	0.72707	0.05006	0.01615	0.02019	0.01857	0.01453	0.01857	0.01292	0.01938	0.00969	0.00727	0.00727	0.00242	0.00969	0.00646	0.00323	0.00807
42	0.01786	0.00919	0.01167	0.01004	0.01335	0.00804	0.00788	0.02065	0.01962	0.26897	0.29427	0.04776	0.21378	0.01368	0.00812	0.00232	0.00448	0.01162	0.00803	0.00865
43	0.01263	0.00631	0.00947	0.00947	0.00947	0.00631	0.00631	0.00947	0.00947	0.01263	0.01263	0.02210	0.01263	0.02525	0.02841	0.78851	0.00631	0.00631	0.00316	0.00316
44	0.03261	0.01237	0.01687	0.01293	0.01856	0.01068	0.01068	0.03543	0.02081	0.70423	0.02868	0.02474	0.01799	0.00900	0.00731	0.00225	0.00619	0.00731	0.00900	0.01237

[dist]
# distance from previous block
# <min> <max>
0	0

# created by:
# /st0/software/busco_prod/Augustus/scripts/msa2prfl.pl ./align_prep/160407.fa
