[name]
unknown

[dist]
# distance from previous block
# <min> <max>
0	15

[block]
# block no. 0 follows, 27 sequences, length 32
# corresponding to MSA columns:
# 15-46
name=unknown_A
#
# <colnr> <probs for GDERKNQSTAVLIFYWHMCP>
#	G	D	E	R	K	N	Q	S	T	A	V	L	I	F	Y	W	H	M	C	P
0	0.01196	0.00854	0.01196	0.01367	0.01538	0.00854	0.01196	0.01538	0.01709	0.02222	0.03931	0.08374	0.04272	0.02051	0.01025	0.00342	0.00684	0.64283	0.00684	0.00684
1	0.01489	0.03840	0.70064	0.02116	0.03213	0.01724	0.02743	0.02351	0.01567	0.02351	0.01332	0.01567	0.00940	0.00705	0.00705	0.00235	0.01097	0.00549	0.00313	0.01097
2	0.06897	0.01435	0.02151	0.19372	0.06271	0.01443	0.08633	0.02433	0.03879	0.17524	0.01730	0.01962	0.01260	0.00752	0.00771	0.00214	0.03913	0.00644	0.00516	0.18199
3	0.01489	0.03840	0.70064	0.02116	0.03213	0.01724	0.02743	0.02351	0.01567	0.02351	0.01332	0.01567	0.00940	0.00705	0.00705	0.00235	0.01097	0.00549	0.00313	0.01097
4	0.01015	0.00737	0.00957	0.00946	0.01099	0.00679	0.00693	0.01316	0.01953	0.02729	0.53890	0.18726	0.09102	0.01688	0.00890	0.00247	0.00367	0.01500	0.00787	0.00679
5	0.00987	0.00762	0.00912	0.00946	0.01139	0.00687	0.00732	0.01243	0.01781	0.02304	0.23587	0.13909	0.33042	0.01858	0.00912	0.00268	0.00431	0.13122	0.00724	0.00655
6	0.01565	0.07852	0.50004	0.06680	0.09416	0.01825	0.05756	0.02292	0.01566	0.02276	0.01316	0.01618	0.00977	0.00713	0.00756	0.00233	0.03192	0.00576	0.00323	0.01065
7	0.03217	0.01274	0.01712	0.01320	0.01878	0.01121	0.01087	0.05923	0.02176	0.64565	0.05609	0.02623	0.02029	0.00943	0.00752	0.00230	0.00627	0.00768	0.00908	0.01240
8	0.01585	0.17466	0.57277	0.01953	0.02960	0.01959	0.02458	0.02326	0.01556	0.02234	0.01274	0.01495	0.00943	0.00692	0.00661	0.00220	0.01039	0.00519	0.00314	0.01069
9	0.00930	0.00693	0.00873	0.01005	0.01111	0.00636	0.00716	0.01097	0.01516	0.01957	0.04866	0.50951	0.19633	0.02193	0.00940	0.00294	0.00446	0.08838	0.00689	0.00617
10	0.01051	0.00759	0.00992	0.00934	0.01109	0.00700	0.00700	0.01401	0.02101	0.02977	0.68888	0.05545	0.07005	0.01518	0.00876	0.00233	0.00350	0.01343	0.00817	0.00700
11	0.00933	0.00668	0.00887	0.01014	0.01083	0.00622	0.00691	0.01105	0.01553	0.02104	0.16612	0.60310	0.05315	0.02170	0.00934	0.00288	0.00415	0.01962	0.00714	0.00622
12	0.01683	0.01315	0.01554	0.01117	0.01770	0.00998	0.00897	0.02010	0.01586	0.07834	0.01449	0.01619	0.01159	0.00579	0.00566	0.00120	0.00556	0.00464	0.00478	0.72245
13	0.02073	0.01763	0.01714	0.01513	0.01917	0.10108	0.01185	0.12798	0.37566	0.06036	0.02689	0.02827	0.04204	0.01137	0.00896	0.05213	0.00716	0.03903	0.00682	0.01057
14	0.01493	0.01418	0.02111	0.12151	0.08992	0.01847	0.01604	0.01753	0.01254	0.01853	0.01282	0.01972	0.01184	0.02064	0.16608	0.00488	0.40079	0.00683	0.00345	0.00818
15	0.00991	0.00706	0.00950	0.01114	0.01189	0.00676	0.00815	0.01172	0.01483	0.01963	0.03968	0.52702	0.04637	0.05523	0.01098	0.00332	0.00512	0.18875	0.00677	0.00618
16	0.02645	0.02114	0.02359	0.02224	0.14142	0.06470	0.01566	0.51431	0.03086	0.04103	0.01675	0.01765	0.01228	0.00843	0.00737	0.00220	0.00861	0.00655	0.00654	0.01222
17	0.01080	0.00720	0.00810	0.00810	0.00810	0.00720	0.00450	0.01080	0.01080	0.01439	0.02339	0.04858	0.02699	0.73910	0.03779	0.00720	0.00720	0.01080	0.00450	0.00450
18	0.01837	0.01764	0.03013	0.04557	0.69279	0.01764	0.02278	0.02278	0.01690	0.02425	0.01396	0.01837	0.01176	0.00661	0.00735	0.00220	0.00882	0.00661	0.00367	0.01176
19	0.01673	0.01596	0.02716	0.30106	0.45016	0.01721	0.02196	0.02134	0.01612	0.02225	0.01367	0.01891	0.01105	0.00692	0.00738	0.00231	0.00923	0.00661	0.00353	0.01043
20	0.00999	0.00838	0.00996	0.01115	0.06529	0.00740	0.00750	0.01245	0.01772	0.02236	0.18870	0.06449	0.49187	0.01717	0.00871	0.00248	0.00422	0.03638	0.00688	0.00687
21	0.01752	0.02003	0.04380	0.03129	0.03880	0.01877	0.66583	0.02378	0.01752	0.02378	0.01502	0.02003	0.01126	0.00626	0.00876	0.00250	0.01252	0.00876	0.00375	0.01001
22	0.01581	0.00925	0.01259	0.01305	0.01560	0.00880	0.01121	0.01899	0.01788	0.15259	0.04049	0.07137	0.09431	0.01817	0.00959	0.00312	0.00647	0.46550	0.00730	0.00791
23	0.01169	0.00960	0.01254	0.01233	0.01365	0.04502	0.00949	0.01410	0.01230	0.01712	0.01931	0.02913	0.01832	0.09514	0.60623	0.01080	0.04470	0.00792	0.00398	0.00665
24	0.01598	0.19302	0.55555	0.01930	0.02926	0.01990	0.02420	0.02323	0.01554	0.02218	0.01266	0.01485	0.00943	0.00690	0.00655	0.00218	0.01031	0.00515	0.00314	0.01065
25	0.01837	0.01764	0.03013	0.04557	0.69279	0.01764	0.02278	0.02278	0.01690	0.02425	0.01396	0.01837	0.01176	0.00661	0.00735	0.00220	0.00882	0.00661	0.00367	0.01176
26	0.01061	0.00792	0.01176	0.01176	0.01303	0.00919	0.00907	0.01315	0.01188	0.01711	0.02004	0.03001	0.01893	0.08546	0.68041	0.01172	0.01933	0.00808	0.00400	0.00654
27	0.01539	0.01319	0.01539	0.01100	0.01759	0.00990	0.00880	0.01869	0.01539	0.02419	0.01319	0.01539	0.01100	0.00550	0.00550	0.00110	0.00550	0.00440	0.00440	0.78449
28	0.01837	0.01764	0.03013	0.04557	0.69279	0.01764	0.02278	0.02278	0.01690	0.02425	0.01396	0.01837	0.01176	0.00661	0.00735	0.00220	0.00882	0.00661	0.00367	0.01176
29	0.70185	0.01446	0.01185	0.01032	0.01505	0.01643	0.00850	0.04732	0.01417	0.08723	0.01214	0.01334	0.00904	0.00715	0.00493	0.00229	0.00588	0.00440	0.00507	0.00858
30	0.01752	0.02003	0.04380	0.03129	0.03880	0.01877	0.66583	0.02378	0.01752	0.02378	0.01502	0.02003	0.01126	0.00626	0.00876	0.00250	0.01252	0.00876	0.00375	0.01001
31	0.02885	0.01736	0.01997	0.01524	0.02117	0.01777	0.01256	0.39692	0.02857	0.26665	0.02133	0.02015	0.01444	0.00871	0.00727	0.00215	0.00731	0.00675	0.00777	0.07905

[dist]
# distance from previous block
# <min> <max>
2	3

[block]
# block no. 1 follows, 27 sequences, length 24
# corresponding to MSA columns:
# 50-73
name=unknown_B
#
# <colnr> <probs for GDERKNQSTAVLIFYWHMCP>
#	G	D	E	R	K	N	Q	S	T	A	V	L	I	F	Y	W	H	M	C	P
0	0.01536	0.01504	0.02255	0.29727	0.03201	0.02027	0.01797	0.01830	0.01274	0.01830	0.01111	0.01765	0.00980	0.01079	0.01766	0.00294	0.44226	0.00654	0.00327	0.00817
1	0.01279	0.00649	0.00959	0.00959	0.00959	0.00649	0.00635	0.00973	0.00973	0.01297	0.01344	0.02392	0.01363	0.06293	0.02947	0.74356	0.00649	0.00667	0.00329	0.00329
2	0.01837	0.01764	0.03013	0.04557	0.69279	0.01764	0.02278	0.02278	0.01690	0.02425	0.01396	0.01837	0.01176	0.00661	0.00735	0.00220	0.00882	0.00661	0.00367	0.01176
3	0.01639	0.01667	0.02514	0.02083	0.02169	0.02229	0.09024	0.01854	0.01207	0.01854	0.01035	0.01667	0.00992	0.01223	0.02259	0.00316	0.64430	0.00675	0.00331	0.00834
4	0.00904	0.00646	0.00861	0.01034	0.01077	0.00603	0.00689	0.01034	0.01421	0.01895	0.04092	0.73426	0.04910	0.02326	0.00948	0.00301	0.00431	0.02110	0.00689	0.00603
5	0.01837	0.01764	0.03013	0.04557	0.69279	0.01764	0.02278	0.02278	0.01690	0.02425	0.01396	0.01837	0.01176	0.00661	0.00735	0.00220	0.00882	0.00661	0.00367	0.01176
6	0.01752	0.02003	0.04380	0.03129	0.03880	0.01877	0.66583	0.02378	0.01752	0.02378	0.01502	0.02003	0.01126	0.00626	0.00876	0.00250	0.01252	0.00876	0.00375	0.01001
7	0.00877	0.00752	0.00752	0.00752	0.01003	0.00627	0.00564	0.01065	0.01692	0.02005	0.07520	0.07144	0.68978	0.01880	0.00877	0.00251	0.00376	0.01567	0.00689	0.00627
8	0.00891	0.00697	0.00809	0.00899	0.01041	0.00614	0.00629	0.01049	0.01551	0.01948	0.05735	0.41658	0.35617	0.02112	0.00914	0.00277	0.00404	0.01850	0.00689	0.00614
9	0.01742	0.01969	0.04239	0.03028	0.03774	0.01833	0.63315	0.02353	0.01742	0.02380	0.01493	0.01979	0.01125	0.00622	0.00860	0.00243	0.01217	0.00854	0.00379	0.04853
10	0.03331	0.01263	0.01723	0.01321	0.01895	0.01091	0.01091	0.03618	0.02125	0.69794	0.02929	0.02527	0.01838	0.00919	0.00747	0.00230	0.00632	0.00747	0.00919	0.01263
11	0.01489	0.03840	0.70064	0.02116	0.03213	0.01724	0.02743	0.02351	0.01567	0.02351	0.01332	0.01567	0.00940	0.00705	0.00705	0.00235	0.01097	0.00549	0.00313	0.01097
12	0.02773	0.03538	0.02104	0.01913	0.02295	0.70930	0.01434	0.02964	0.02104	0.01817	0.01148	0.01339	0.00956	0.00765	0.00669	0.00191	0.01339	0.00478	0.00383	0.00861
13	0.01084	0.00769	0.01060	0.01060	0.01158	0.00858	0.00774	0.01281	0.01182	0.01704	0.02109	0.03441	0.02090	0.24055	0.48616	0.01006	0.01549	0.00868	0.04731	0.00606
14	0.01742	0.08448	0.10264	0.02422	0.03056	0.04539	0.34917	0.02238	0.01607	0.02210	0.01328	0.01755	0.01059	0.00738	0.01027	0.00236	0.12337	0.00705	0.00363	0.09008
15	0.02652	0.14405	0.02378	0.01814	0.02235	0.60497	0.01409	0.02851	0.02012	0.01806	0.01130	0.01316	0.00956	0.00745	0.00640	0.00186	0.01255	0.00466	0.00373	0.00875
16	0.01153	0.00861	0.01234	0.01214	0.01368	0.00989	0.00943	0.05043	0.01336	0.01901	0.02090	0.06662	0.01987	0.05126	0.63181	0.01090	0.01837	0.00859	0.00433	0.00694
17	0.01732	0.01434	0.01643	0.01191	0.01841	0.01187	0.00960	0.11643	0.01833	0.02759	0.01389	0.01576	0.01124	0.00601	0.00579	0.00127	0.00590	0.00474	0.00485	0.66831
18	0.01628	0.01290	0.01525	0.01111	0.01742	0.00981	0.00886	0.01947	0.01572	0.06646	0.01528	0.04375	0.01293	0.00642	0.00578	0.00125	0.00550	0.00524	0.00480	0.70579
19	0.01975	0.54138	0.06375	0.01511	0.02073	0.08271	0.03880	0.02242	0.01524	0.01807	0.01065	0.01302	0.00962	0.00728	0.00752	0.00188	0.09487	0.00459	0.00326	0.00936
20	0.01325	0.02806	0.46574	0.01834	0.02601	0.01395	0.04804	0.01957	0.01531	0.02216	0.02166	0.23117	0.02138	0.01188	0.00785	0.00256	0.00904	0.01030	0.00429	0.00945
21	0.01644	0.01316	0.01550	0.01112	0.01767	0.00996	0.00892	0.01971	0.01574	0.06345	0.01413	0.01597	0.01143	0.00571	0.00561	0.00117	0.00555	0.00458	0.00468	0.73951
22	0.02523	0.03014	0.01989	0.01804	0.02197	0.52289	0.01364	0.03229	0.19868	0.02165	0.01653	0.01725	0.01310	0.00830	0.00693	0.00208	0.01136	0.00576	0.00483	0.00945
23	0.01155	0.00864	0.01249	0.01221	0.01378	0.01002	0.00954	0.04847	0.01317	0.01882	0.01977	0.02855	0.01824	0.05316	0.67192	0.01141	0.01925	0.00789	0.00416	0.00695

[dist]
# distance from previous block
# <min> <max>
0	19

[block]
# block no. 2 follows, 27 sequences, length 65
# corresponding to MSA columns:
# 93-157
name=unknown_C
#
# <colnr> <probs for GDERKNQSTAVLIFYWHMCP>
#	G	D	E	R	K	N	Q	S	T	A	V	L	I	F	Y	W	H	M	C	P
0	0.01060	0.00765	0.01006	0.00962	0.01137	0.00710	0.00733	0.01410	0.02076	0.02928	0.64665	0.05729	0.06827	0.01552	0.00885	0.00241	0.00372	0.05434	0.00809	0.00699
1	0.02773	0.03538	0.02104	0.01913	0.02295	0.70930	0.01434	0.02964	0.02104	0.01817	0.01148	0.01339	0.00956	0.00765	0.00669	0.00191	0.01339	0.00478	0.00383	0.00861
2	0.00884	0.00752	0.00761	0.00759	0.01007	0.00629	0.00569	0.01078	0.01707	0.02041	0.09762	0.07086	0.66714	0.01867	0.00877	0.00250	0.00375	0.01559	0.00694	0.00629
3	0.01489	0.03840	0.70064	0.02116	0.03213	0.01724	0.02743	0.02351	0.01567	0.02351	0.01332	0.01567	0.00940	0.00705	0.00705	0.00235	0.01097	0.00549	0.00313	0.01097
4	0.02698	0.02018	0.02158	0.01683	0.02255	0.02244	0.01381	0.58826	0.11670	0.04479	0.01940	0.01908	0.01390	0.00906	0.00744	0.00226	0.00788	0.00690	0.00744	0.01251
5	0.01656	0.01316	0.01551	0.01114	0.01768	0.00996	0.00893	0.01983	0.01577	0.06799	0.01424	0.01604	0.01148	0.00574	0.00563	0.00118	0.00555	0.00460	0.00471	0.73431
6	0.01539	0.01319	0.01539	0.01100	0.01759	0.00990	0.00880	0.01869	0.01539	0.02419	0.01319	0.01539	0.01100	0.00550	0.00550	0.00110	0.00550	0.00440	0.00440	0.78449
7	0.02822	0.02079	0.02228	0.01708	0.02302	0.02302	0.01411	0.66804	0.03490	0.04679	0.01782	0.01782	0.01262	0.00891	0.00743	0.00223	0.00817	0.00668	0.00743	0.01262
8	0.01319	0.00998	0.01284	0.01386	0.01603	0.01048	0.01176	0.02012	0.15179	0.02391	0.03751	0.09313	0.03884	0.01847	0.00968	0.00322	0.00656	0.49383	0.00698	0.00781
9	0.01701	0.01790	0.02683	0.07605	0.02602	0.06222	0.14692	0.01984	0.01345	0.01916	0.01117	0.01711	0.01005	0.01089	0.01887	0.00296	0.48477	0.00686	0.00339	0.00854
10	0.01539	0.01319	0.01539	0.01100	0.01759	0.00990	0.00880	0.01869	0.01539	0.02419	0.01319	0.01539	0.01100	0.00550	0.00550	0.00110	0.00550	0.00440	0.00440	0.78449
11	0.08669	0.00966	0.00937	0.04025	0.01246	0.03418	0.00694	0.04212	0.01616	0.02803	0.02133	0.02454	0.01673	0.00829	0.00538	0.00182	0.00457	0.00646	0.58830	0.03675
12	0.01837	0.01764	0.03013	0.04557	0.69279	0.01764	0.02278	0.02278	0.01690	0.02425	0.01396	0.01837	0.01176	0.00661	0.00735	0.00220	0.00882	0.00661	0.00367	0.01176
13	0.01573	0.01509	0.02604	0.44950	0.27920	0.01700	0.05038	0.02054	0.01570	0.02107	0.01355	0.01930	0.01062	0.00708	0.00746	0.00238	0.00963	0.00670	0.00345	0.00958
14	0.00886	0.00746	0.00768	0.00775	0.01011	0.00628	0.00577	0.01077	0.01694	0.02039	0.09825	0.10784	0.62876	0.01890	0.00881	0.00253	0.00378	0.01588	0.00695	0.00628
15	0.01384	0.00692	0.00692	0.00692	0.00865	0.00692	0.00519	0.01730	0.01557	0.02768	0.02422	0.02768	0.01903	0.00865	0.00519	0.00173	0.00346	0.00692	0.78031	0.00692
16	0.01985	0.74357	0.03890	0.01270	0.01905	0.02937	0.01270	0.02223	0.01508	0.01747	0.01032	0.01191	0.00953	0.00635	0.00476	0.00159	0.00794	0.00397	0.00318	0.00953
17	0.00894	0.00753	0.00775	0.00769	0.01013	0.00634	0.00577	0.01097	0.01731	0.02097	0.13296	0.06994	0.63146	0.01846	0.00877	0.00249	0.00374	0.01546	0.00701	0.00634
18	0.01846	0.01595	0.01679	0.01511	0.01930	0.01846	0.01175	0.03945	0.67938	0.03105	0.03022	0.02770	0.02266	0.01007	0.00755	0.00252	0.00588	0.00839	0.00755	0.01175
19	0.79154	0.01436	0.01091	0.00976	0.01436	0.01665	0.00804	0.02182	0.01263	0.03331	0.01034	0.01206	0.00804	0.00689	0.00459	0.00230	0.00574	0.00402	0.00459	0.00804
20	0.01070	0.00756	0.00993	0.00993	0.01057	0.00819	0.00679	0.01197	0.01134	0.01575	0.02171	0.03928	0.02295	0.41178	0.35958	0.00946	0.01327	0.00943	0.00425	0.00552
21	0.01506	0.03721	0.65794	0.02182	0.03256	0.01734	0.06893	0.02353	0.01579	0.02353	0.01343	0.01596	0.00952	0.00700	0.00716	0.00236	0.01107	0.00570	0.00317	0.01091
22	0.06738	0.01271	0.01694	0.01305	0.01874	0.01117	0.01078	0.03553	0.02086	0.66807	0.02844	0.02467	0.01791	0.00909	0.00734	0.00230	0.00629	0.00731	0.00898	0.01243
23	0.01539	0.01319	0.01539	0.01100	0.01759	0.00990	0.00880	0.01869	0.01539	0.02419	0.01319	0.01539	0.01100	0.00550	0.00550	0.00110	0.00550	0.00440	0.00440	0.78449
24	0.01061	0.00795	0.01193	0.01193	0.01326	0.00928	0.00928	0.01326	0.01193	0.01723	0.01988	0.02916	0.01856	0.05568	0.70968	0.01193	0.01988	0.00795	0.00398	0.00663
25	0.01477	0.01163	0.01483	0.01318	0.01483	0.01359	0.01022	0.12466	0.01702	0.02393	0.13110	0.03278	0.02607	0.16459	0.20086	0.00596	0.15825	0.00891	0.00522	0.00760
26	0.01985	0.74357	0.03890	0.01270	0.01905	0.02937	0.01270	0.02223	0.01508	0.01747	0.01032	0.01191	0.00953	0.00635	0.00476	0.00159	0.00794	0.00397	0.00318	0.00953
27	0.01539	0.01319	0.01539	0.01100	0.01759	0.00990	0.00880	0.01869	0.01539	0.02419	0.01319	0.01539	0.01100	0.00550	0.00550	0.00110	0.00550	0.00440	0.00440	0.78449
28	0.01420	0.01338	0.02260	0.69247	0.07847	0.01654	0.02071	0.01913	0.01493	0.01919	0.01323	0.01973	0.00998	0.00739	0.00742	0.00246	0.00985	0.00660	0.00331	0.00840
29	0.01846	0.01595	0.01679	0.01511	0.01930	0.01846	0.01175	0.03945	0.67938	0.03105	0.03022	0.02770	0.02266	0.01007	0.00755	0.00252	0.00588	0.00839	0.00755	0.01175
30	0.04744	0.02662	0.02267	0.02537	0.20048	0.38308	0.01614	0.02831	0.10447	0.02192	0.01445	0.01665	0.01180	0.00790	0.00771	0.00214	0.04296	0.00579	0.00427	0.00981
31	0.00916	0.00654	0.00874	0.01046	0.01094	0.00612	0.00708	0.01053	0.01432	0.01907	0.04086	0.70967	0.04886	0.02315	0.00950	0.00303	0.00440	0.04461	0.00689	0.00606
32	0.01402	0.01319	0.02227	0.72126	0.05113	0.01649	0.02062	0.01897	0.01484	0.01897	0.01319	0.01979	0.00990	0.00742	0.00742	0.00247	0.00990	0.00660	0.00330	0.00825
33	0.01061	0.00795	0.01193	0.01193	0.01326	0.00928	0.00928	0.01326	0.01193	0.01723	0.01988	0.02916	0.01856	0.05568	0.70968	0.01193	0.01988	0.00795	0.00398	0.00663
34	0.03331	0.01263	0.01723	0.01321	0.01895	0.01091	0.01091	0.03618	0.02125	0.69794	0.02929	0.02527	0.01838	0.00919	0.00747	0.00230	0.00632	0.00747	0.00919	0.01263
35	0.05249	0.03423	0.02075	0.01876	0.02267	0.66455	0.01413	0.05015	0.02122	0.01959	0.01164	0.01349	0.00961	0.00767	0.00665	0.00194	0.01297	0.00482	0.00397	0.00872
36	0.02722	0.01399	0.01705	0.01399	0.01910	0.01401	0.01126	0.03752	0.29126	0.42434	0.02967	0.02626	0.02013	0.00955	0.00750	0.00239	0.00614	0.00785	0.00852	0.01227
37	0.04511	0.26915	0.38544	0.01776	0.02583	0.02182	0.02067	0.02244	0.01492	0.02128	0.01185	0.01435	0.00943	0.00743	0.00800	0.00219	0.08400	0.00503	0.00321	0.01009
38	0.01028	0.00758	0.00961	0.00910	0.01095	0.00691	0.00683	0.01357	0.02048	0.02851	0.60914	0.05753	0.15057	0.01565	0.00876	0.00236	0.00354	0.01372	0.00801	0.00691
39	0.01080	0.00720	0.00810	0.00810	0.00810	0.00720	0.00450	0.01080	0.01080	0.01439	0.02339	0.04858	0.02699	0.73910	0.03779	0.00720	0.00720	0.01080	0.00450	0.00450
40	0.01815	0.01759	0.03058	0.07226	0.63013	0.01766	0.05864	0.02268	0.01685	0.02401	0.01399	0.01852	0.01166	0.00663	0.00743	0.00223	0.00907	0.00673	0.00366	0.01152
41	0.01401	0.01136	0.01482	0.01364	0.01620	0.01209	0.05252	0.02219	0.21966	0.04635	0.13191	0.23738	0.07637	0.01546	0.00954	0.00271	0.04816	0.04012	0.00693	0.00857
42	0.00929	0.00742	0.00832	0.00835	0.01041	0.00645	0.00617	0.01156	0.01777	0.02266	0.24386	0.14183	0.44317	0.01829	0.00885	0.00252	0.00375	0.01565	0.00725	0.00645
43	0.01402	0.01319	0.02227	0.72126	0.05113	0.01649	0.02062	0.01897	0.01484	0.01897	0.01319	0.01979	0.00990	0.00742	0.00742	0.00247	0.00990	0.00660	0.00330	0.00825
44	0.02708	0.01994	0.02147	0.01668	0.02229	0.02201	0.01368	0.62899	0.03368	0.04513	0.01919	0.06036	0.01479	0.00976	0.00755	0.00227	0.00794	0.00754	0.00739	0.01223
45	0.00903	0.00652	0.00855	0.01017	0.01072	0.00604	0.00682	0.01036	0.01437	0.01902	0.04295	0.69491	0.08714	0.02299	0.00943	0.00298	0.00427	0.02078	0.00689	0.00604
46	0.01855	0.01507	0.01709	0.01249	0.01893	0.01313	0.01010	0.17855	0.02020	0.02975	0.01433	0.01599	0.01140	0.00634	0.00597	0.00138	0.00616	0.00496	0.00514	0.59447
47	0.02656	0.03224	0.02056	0.01836	0.02246	0.59248	0.01390	0.06544	0.06434	0.02089	0.01313	0.01466	0.01065	0.00777	0.00673	0.00193	0.01223	0.00510	0.00430	0.04626
48	0.01706	0.34717	0.41088	0.01746	0.02640	0.02255	0.02098	0.02295	0.01542	0.02086	0.01201	0.01402	0.00946	0.00675	0.00605	0.00202	0.00964	0.00482	0.00315	0.01034
49	0.01364	0.01195	0.01949	0.01660	0.01905	0.01365	0.12145	0.05457	0.01416	0.02018	0.01747	0.02508	0.01570	0.03838	0.45040	0.00851	0.12011	0.00780	0.00404	0.00777
50	0.01051	0.00759	0.00992	0.00934	0.01109	0.00700	0.00700	0.01401	0.02101	0.02977	0.68888	0.05545	0.07005	0.01518	0.00876	0.00233	0.00350	0.01343	0.00817	0.00700
51	0.01739	0.01963	0.04162	0.03006	0.03679	0.01919	0.59836	0.02317	0.01688	0.02317	0.01447	0.01963	0.01111	0.00696	0.01038	0.00258	0.08658	0.00853	0.00370	0.00982
52	0.01512	0.01462	0.02590	0.57945	0.04804	0.01711	0.12935	0.04309	0.01602	0.02078	0.01367	0.01976	0.01023	0.00728	0.00765	0.00247	0.01028	0.00697	0.00352	0.00870
53	0.01061	0.00795	0.01193	0.01193	0.01326	0.00928	0.00928	0.01326	0.01193	0.01723	0.01988	0.02916	0.01856	0.05568	0.70968	0.01193	0.01988	0.00795	0.00398	0.00663
54	0.00904	0.00646	0.00861	0.01034	0.01077	0.00603	0.00689	0.01034	0.01421	0.01895	0.04092	0.73426	0.04910	0.02326	0.00948	0.00301	0.00431	0.02110	0.00689	0.00603
55	0.03245	0.01401	0.01808	0.01386	0.01964	0.01296	0.01145	0.14289	0.02355	0.58797	0.02735	0.02401	0.01741	0.00914	0.00746	0.00229	0.00663	0.00733	0.00889	0.01263
56	0.00922	0.00680	0.00868	0.01011	0.01099	0.00626	0.00706	0.01077	0.01489	0.01938	0.04659	0.57360	0.15682	0.02230	0.00942	0.00296	0.00440	0.06675	0.00689	0.00613
57	0.01402	0.01319	0.02227	0.72126	0.05113	0.01649	0.02062	0.01897	0.01484	0.01897	0.01319	0.01979	0.00990	0.00742	0.00742	0.00247	0.00990	0.00660	0.00330	0.00825
58	0.02714	0.03425	0.02162	0.02081	0.06558	0.66528	0.01488	0.02921	0.02077	0.01856	0.01163	0.01370	0.00970	0.00758	0.00674	0.00193	0.01310	0.00490	0.00382	0.00881
59	0.03331	0.01263	0.01723	0.01321	0.01895	0.01091	0.01091	0.03618	0.02125	0.69794	0.02929	0.02527	0.01838	0.00919	0.00747	0.00230	0.00632	0.00747	0.00919	0.01263
60	0.03237	0.01307	0.01881	0.01428	0.02013	0.01138	0.04979	0.03544	0.02103	0.65791	0.02844	0.02496	0.01795	0.00901	0.00754	0.00231	0.00668	0.00754	0.00887	0.01248
61	0.01025	0.00758	0.00956	0.00907	0.01093	0.00689	0.00680	0.01351	0.02040	0.02832	0.59723	0.05784	0.16260	0.01572	0.00876	0.00236	0.00354	0.01376	0.00798	0.00689
62	0.01051	0.00759	0.00992	0.00934	0.01109	0.00700	0.00700	0.01401	0.02101	0.02977	0.68888	0.05545	0.07005	0.01518	0.00876	0.00233	0.00350	0.01343	0.00817	0.00700
63	0.00904	0.00646	0.00861	0.01034	0.01077	0.00603	0.00689	0.01034	0.01421	0.01895	0.04092	0.73426	0.04910	0.02326	0.00948	0.00301	0.00431	0.02110	0.00689	0.00603
64	0.01707	0.01630	0.02777	0.24842	0.50016	0.01729	0.02213	0.02164	0.01629	0.02267	0.01373	0.01880	0.01120	0.00686	0.00737	0.00229	0.00914	0.00661	0.00356	0.01070

[dist]
# distance from previous block
# <min> <max>
0	0

# created by:
# /st0/software/busco_prod/Augustus/scripts/msa2prfl.pl ./align_prep/160437.fa
