[name]
unknown

[dist]
# distance from previous block
# <min> <max>
0	29

[block]
# block no. 0 follows, 28 sequences, length 14
# corresponding to MSA columns:
# 29-42
name=unknown_A
#
# <colnr> <probs for GDERKNQSTAVLIFYWHMCP>
#	G	D	E	R	K	N	Q	S	T	A	V	L	I	F	Y	W	H	M	C	P
0	0.02108	0.01360	0.01492	0.01249	0.01650	0.01446	0.01006	0.25265	0.12071	0.11468	0.02639	0.02818	0.05573	0.00988	0.00686	0.00216	0.00584	0.03496	0.22880	0.01006
1	0.01672	0.01127	0.01244	0.04105	0.01514	0.01176	0.00871	0.18116	0.05892	0.05166	0.10206	0.03452	0.13819	0.01096	0.00689	0.00210	0.00508	0.00895	0.27386	0.00856
2	0.04994	0.01176	0.01289	0.05058	0.01590	0.01260	0.00904	0.19123	0.05399	0.07208	0.04593	0.02438	0.01802	0.00873	0.00613	0.00198	0.00532	0.00692	0.39368	0.00892
3	0.01612	0.01068	0.01214	0.01120	0.01375	0.01127	0.00889	0.18826	0.02009	0.02917	0.04887	0.08779	0.02541	0.06196	0.04480	0.00308	0.00629	0.12197	0.27025	0.00800
4	0.01719	0.01144	0.01099	0.00981	0.01249	0.05057	0.00758	0.14703	0.05084	0.02996	0.02203	0.02510	0.01731	0.03285	0.00676	0.00201	0.00507	0.00681	0.52606	0.00811
5	0.05554	0.01097	0.01360	0.05153	0.01646	0.01180	0.04479	0.08042	0.10108	0.06345	0.02176	0.02470	0.01696	0.01505	0.10839	0.00341	0.00752	0.00705	0.33709	0.00843
6	0.05656	0.06942	0.05388	0.28068	0.13393	0.01622	0.01661	0.05592	0.04137	0.13880	0.01945	0.02184	0.04845	0.00808	0.00700	0.00227	0.00809	0.00679	0.00486	0.00978
7	0.01903	0.01517	0.01703	0.01283	0.01868	0.01415	0.01036	0.23140	0.05904	0.03152	0.05357	0.01871	0.01516	0.00725	0.00628	0.00158	0.00614	0.00574	0.00564	0.45071
8	0.02083	0.05408	0.01697	0.03208	0.01762	0.01417	0.01075	0.17056	0.02118	0.20491	0.09334	0.09233	0.12687	0.01226	0.00919	0.00238	0.07414	0.00976	0.00694	0.00964
9	0.01008	0.00898	0.00862	0.00869	0.01075	0.05227	0.00632	0.01190	0.01653	0.01997	0.11930	0.16125	0.46797	0.05246	0.00990	0.00269	0.00451	0.01500	0.00656	0.00624
10	0.01232	0.00973	0.01083	0.01041	0.01240	0.04167	0.00779	0.06561	0.03786	0.02545	0.31875	0.17218	0.14944	0.01659	0.00960	0.04512	0.00476	0.03548	0.00700	0.00701
11	0.07133	0.01269	0.01563	0.04637	0.01858	0.01241	0.01054	0.07233	0.07205	0.30261	0.02602	0.02884	0.05435	0.05739	0.00963	0.00254	0.03210	0.04161	0.00686	0.10612
12	0.01953	0.02053	0.06189	0.03223	0.40120	0.12434	0.01868	0.07880	0.07439	0.02554	0.05917	0.02017	0.01572	0.00767	0.00719	0.00216	0.00881	0.00672	0.00450	0.01077
13	0.02061	0.01700	0.01985	0.01960	0.13805	0.05350	0.01345	0.28751	0.02378	0.03234	0.05211	0.05707	0.01817	0.00931	0.00718	0.00206	0.00737	0.04879	0.00582	0.16643

[dist]
# distance from previous block
# <min> <max>
11	35

[block]
# block no. 1 follows, 28 sequences, length 11
# corresponding to MSA columns:
# 79-89
name=unknown_B
#
# <colnr> <probs for GDERKNQSTAVLIFYWHMCP>
#	G	D	E	R	K	N	Q	S	T	A	V	L	I	F	Y	W	H	M	C	P
0	0.06500	0.04211	0.01419	0.15042	0.02042	0.04958	0.01021	0.01854	0.06510	0.05091	0.12186	0.03707	0.17710	0.05283	0.00890	0.00248	0.00615	0.00932	0.04719	0.05060
1	0.04619	0.00902	0.01038	0.03199	0.01274	0.00922	0.00736	0.05258	0.06496	0.06152	0.10425	0.17888	0.05877	0.13808	0.01237	0.00312	0.00506	0.01132	0.17497	0.00722
2	0.14181	0.01185	0.01487	0.17269	0.05894	0.01308	0.01163	0.04180	0.10352	0.04741	0.20468	0.03116	0.05565	0.01016	0.00712	0.00230	0.00601	0.00851	0.04836	0.00846
3	0.01029	0.00743	0.00972	0.00914	0.01086	0.00686	0.00686	0.01372	0.02058	0.02915	0.69536	0.05430	0.06859	0.01486	0.00857	0.00229	0.00343	0.01315	0.00800	0.00686
4	0.01441	0.01375	0.02322	0.50959	0.11873	0.01645	0.05471	0.01890	0.01493	0.01989	0.04924	0.02079	0.01310	0.00801	0.00889	0.00245	0.07398	0.00692	0.00355	0.00849
5	0.03036	0.01234	0.01648	0.01279	0.01807	0.01095	0.01050	0.06654	0.02148	0.60974	0.08779	0.02701	0.02223	0.00951	0.00742	0.00225	0.00603	0.00779	0.00882	0.01188
6	0.02763	0.02036	0.02182	0.01672	0.02254	0.02254	0.01382	0.67496	0.03418	0.04581	0.01745	0.01745	0.01236	0.00873	0.00727	0.00218	0.00800	0.00654	0.00727	0.01236
7	0.02049	0.01108	0.01500	0.01481	0.05383	0.01068	0.01158	0.02556	0.09115	0.27894	0.07321	0.04938	0.03078	0.01375	0.00848	0.00271	0.00630	0.26510	0.00755	0.00962
8	0.01029	0.00743	0.00972	0.00914	0.01086	0.00686	0.00686	0.01372	0.02058	0.02915	0.69536	0.05430	0.06859	0.01486	0.00857	0.00229	0.00343	0.01315	0.00800	0.00686
9	0.07339	0.56777	0.15767	0.01374	0.02066	0.02572	0.01474	0.02197	0.01471	0.01927	0.01064	0.01234	0.00920	0.00638	0.00506	0.00174	0.00816	0.00416	0.00320	0.00948
10	0.02757	0.02216	0.02166	0.01698	0.02253	0.10970	0.01384	0.59370	0.03247	0.04229	0.01667	0.01691	0.01198	0.00857	0.00718	0.00214	0.00864	0.00631	0.00683	0.01187

[dist]
# distance from previous block
# <min> <max>
0	6

[block]
# block no. 2 follows, 28 sequences, length 90
# corresponding to MSA columns:
# 96-119,124-151,155-192
name=unknown_C
#
# <colnr> <probs for GDERKNQSTAVLIFYWHMCP>
#	G	D	E	R	K	N	Q	S	T	A	V	L	I	F	Y	W	H	M	C	P
0	0.02727	0.02044	0.02163	0.01678	0.02226	0.04774	0.01381	0.60266	0.03227	0.06459	0.01724	0.01746	0.01231	0.00886	0.00795	0.00221	0.03896	0.00649	0.00702	0.01203
1	0.02617	0.05063	0.02173	0.01599	0.02162	0.02174	0.01321	0.59755	0.03174	0.04256	0.01718	0.01826	0.01271	0.03652	0.00822	0.00230	0.00786	0.00650	0.00688	0.04061
2	0.02381	0.26942	0.02650	0.01667	0.02097	0.43981	0.01364	0.02582	0.01801	0.01754	0.01074	0.01283	0.00936	0.00744	0.00714	0.00186	0.06170	0.00454	0.00350	0.00869
3	0.01130	0.00761	0.00852	0.00830	0.00855	0.00771	0.00481	0.03889	0.01158	0.01545	0.02267	0.04629	0.02583	0.71317	0.03573	0.00684	0.00709	0.01040	0.00453	0.00474
4	0.01810	0.00913	0.01201	0.01044	0.01353	0.00811	0.00812	0.02101	0.01983	0.27133	0.35378	0.09630	0.10102	0.01363	0.00817	0.00234	0.00450	0.01178	0.00816	0.00872
5	0.01928	0.02445	0.14095	0.03424	0.39964	0.16350	0.06763	0.02390	0.01724	0.02235	0.01313	0.01664	0.01065	0.00674	0.00711	0.00214	0.01018	0.00607	0.00355	0.01062
6	0.01373	0.01292	0.02180	0.72707	0.05006	0.01615	0.02019	0.01857	0.01453	0.01857	0.01292	0.01938	0.00969	0.00727	0.00727	0.00242	0.00969	0.00646	0.00323	0.00807
7	0.01079	0.00805	0.01043	0.01153	0.01342	0.00768	0.00978	0.01373	0.01687	0.02153	0.07980	0.07736	0.22245	0.01937	0.00957	0.00305	0.00571	0.44556	0.00677	0.00655
8	0.01507	0.10939	0.63938	0.01988	0.03017	0.01808	0.02540	0.02289	0.01529	0.02242	0.01275	0.01497	0.00922	0.00684	0.00668	0.00223	0.01044	0.00522	0.00307	0.01060
9	0.01672	0.01739	0.03382	0.18249	0.26859	0.01753	0.31066	0.02195	0.01639	0.02245	0.01397	0.01900	0.01091	0.00649	0.00782	0.00234	0.01047	0.00741	0.00356	0.01003
10	0.03206	0.01249	0.01685	0.01300	0.01857	0.01097	0.01072	0.03555	0.04615	0.67856	0.02871	0.02483	0.01815	0.00903	0.00731	0.00226	0.00617	0.00734	0.00894	0.01234
11	0.01263	0.00631	0.00947	0.00947	0.00947	0.00631	0.00631	0.00947	0.00947	0.01263	0.01263	0.02210	0.01263	0.02525	0.02841	0.78851	0.00631	0.00631	0.00316	0.00316
12	0.00907	0.00754	0.03236	0.01017	0.01120	0.00634	0.00732	0.01071	0.01445	0.01917	0.06420	0.62463	0.11284	0.02153	0.00910	0.00286	0.00436	0.01935	0.00666	0.00613
13	0.00859	0.00736	0.00736	0.00736	0.00982	0.00614	0.00552	0.01043	0.01657	0.01964	0.07364	0.06996	0.69624	0.01841	0.00859	0.00245	0.00368	0.01534	0.00675	0.00614
14	0.02711	0.02010	0.02152	0.01662	0.02234	0.02230	0.01369	0.63988	0.07011	0.04496	0.01812	0.01798	0.01290	0.00879	0.00728	0.00220	0.00788	0.00664	0.00728	0.01231
15	0.01746	0.01877	0.03808	0.03566	0.27552	0.01798	0.43912	0.02293	0.01694	0.02345	0.01433	0.01903	0.01120	0.00625	0.00808	0.00235	0.01095	0.00782	0.00365	0.01042
16	0.01716	0.01961	0.04289	0.03064	0.03799	0.01838	0.67279	0.02328	0.01716	0.02328	0.01471	0.01961	0.01103	0.00613	0.00858	0.00245	0.01225	0.00858	0.00368	0.00980
17	0.01507	0.01292	0.01507	0.01077	0.01723	0.00969	0.00861	0.01830	0.01507	0.02369	0.01292	0.01507	0.01077	0.00538	0.00538	0.00108	0.00538	0.00431	0.00431	0.78898
18	0.01537	0.01382	0.02151	0.61612	0.04557	0.01690	0.01907	0.08592	0.05353	0.02197	0.01430	0.01961	0.01065	0.00756	0.00727	0.00240	0.00930	0.00657	0.00387	0.00870
19	0.01507	0.01292	0.01507	0.01077	0.01723	0.00969	0.00861	0.01830	0.01507	0.02369	0.01292	0.01507	0.01077	0.00538	0.00538	0.00108	0.00538	0.00431	0.00431	0.78898
20	0.00966	0.00741	0.00884	0.00849	0.01047	0.00659	0.00636	0.01250	0.01909	0.02563	0.46504	0.06010	0.30111	0.01618	0.00858	0.00235	0.00352	0.01396	0.00754	0.00659
21	0.19785	0.01210	0.01307	0.01094	0.01507	0.01216	0.00881	0.11601	0.01980	0.21190	0.12447	0.03331	0.14714	0.01099	0.00700	0.00226	0.00537	0.00871	0.03382	0.00923
22	0.01355	0.00678	0.00678	0.00678	0.00847	0.00678	0.00508	0.01694	0.01524	0.02710	0.02371	0.02710	0.01863	0.00847	0.00508	0.00169	0.00339	0.00678	0.78489	0.00678
23	0.02629	0.01959	0.02095	0.01628	0.02186	0.02168	0.01338	0.60481	0.08414	0.04380	0.02015	0.01985	0.03457	0.00912	0.00732	0.00221	0.00769	0.00695	0.00726	0.01210
24	0.02604	0.01957	0.02092	0.01640	0.02194	0.02180	0.01343	0.56898	0.14275	0.04325	0.01947	0.01906	0.01400	0.00892	0.00729	0.00223	0.00762	0.00682	0.00729	0.01222
25	0.01355	0.00678	0.00678	0.00678	0.00847	0.00678	0.00508	0.01694	0.01524	0.02710	0.02371	0.02710	0.01863	0.00847	0.00508	0.00169	0.00339	0.00678	0.78489	0.00678
26	0.02253	0.25092	0.13617	0.01781	0.04514	0.31138	0.01586	0.08149	0.01902	0.02104	0.01180	0.01356	0.00966	0.00708	0.00612	0.00188	0.01051	0.00477	0.00374	0.00951
27	0.02758	0.01959	0.02124	0.01637	0.02211	0.02151	0.01350	0.60270	0.06093	0.09171	0.01876	0.01838	0.01318	0.00879	0.00728	0.00220	0.00778	0.00667	0.00740	0.01233
28	0.02296	0.02669	0.02468	0.03058	0.33226	0.39579	0.01783	0.02595	0.01875	0.02052	0.01235	0.01534	0.01035	0.00703	0.00685	0.00200	0.01106	0.00550	0.00368	0.00984
29	0.79588	0.01406	0.01068	0.00956	0.01406	0.01631	0.00787	0.02137	0.01237	0.03261	0.01012	0.01181	0.00787	0.00675	0.00450	0.00225	0.00562	0.00394	0.00450	0.00787
30	0.01579	0.01587	0.02124	0.01844	0.01860	0.04485	0.01520	0.01737	0.01165	0.01758	0.01174	0.06657	0.01224	0.01325	0.02224	0.00312	0.65566	0.00731	0.00345	0.00782
31	0.00990	0.00742	0.00919	0.00874	0.01062	0.00670	0.00656	0.01298	0.01967	0.02700	0.55497	0.05783	0.21032	0.01566	0.00858	0.00232	0.00349	0.01364	0.00772	0.00670
32	0.01539	0.15631	0.59527	0.01934	0.02932	0.01886	0.02445	0.02281	0.01525	0.02203	0.01255	0.01473	0.00923	0.00679	0.00653	0.00218	0.01025	0.00512	0.00308	0.01051
33	0.01355	0.00678	0.00678	0.00678	0.00847	0.00678	0.00508	0.01694	0.01524	0.02710	0.02371	0.02710	0.01863	0.00847	0.00508	0.00169	0.00339	0.00678	0.78489	0.00678
34	0.01861	0.01857	0.02933	0.04233	0.62955	0.06626	0.04356	0.02281	0.01686	0.02331	0.01354	0.01770	0.01135	0.00654	0.00720	0.00215	0.00907	0.00642	0.00361	0.01124
35	0.01263	0.00631	0.00947	0.00947	0.00947	0.00631	0.00631	0.00947	0.00947	0.01263	0.01263	0.02210	0.01263	0.02525	0.02841	0.78851	0.00631	0.00631	0.00316	0.00316
36	0.01355	0.00678	0.00678	0.00678	0.00847	0.00678	0.00508	0.01694	0.01524	0.02710	0.02371	0.02710	0.01863	0.00847	0.00508	0.00169	0.00339	0.00678	0.78489	0.00678
37	0.29246	0.01380	0.01576	0.08778	0.02074	0.01437	0.01103	0.09220	0.01857	0.33551	0.01952	0.01901	0.01308	0.00801	0.00634	0.00226	0.00654	0.00598	0.00667	0.01037
38	0.79588	0.01406	0.01068	0.00956	0.01406	0.01631	0.00787	0.02137	0.01237	0.03261	0.01012	0.01181	0.00787	0.00675	0.00450	0.00225	0.00562	0.00394	0.00450	0.00787
39	0.01808	0.01561	0.01644	0.01479	0.01890	0.01808	0.01151	0.03863	0.68606	0.03041	0.02959	0.02712	0.02219	0.00986	0.00740	0.00247	0.00575	0.00822	0.00740	0.01151
40	0.79588	0.01406	0.01068	0.00956	0.01406	0.01631	0.00787	0.02137	0.01237	0.03261	0.01012	0.01181	0.00787	0.00675	0.00450	0.00225	0.00562	0.00394	0.00450	0.00787
41	0.01057	0.00705	0.00793	0.00793	0.00793	0.00705	0.00440	0.01057	0.01057	0.01409	0.02290	0.04757	0.02643	0.74454	0.03700	0.00705	0.00705	0.01057	0.00440	0.00440
42	0.01050	0.00702	0.00795	0.00802	0.00804	0.00700	0.00451	0.01055	0.01072	0.01429	0.02365	0.07773	0.02737	0.71309	0.03579	0.00687	0.00692	0.01101	0.00451	0.00447
43	0.00885	0.00740	0.00772	0.00773	0.01009	0.00628	0.00585	0.01088	0.01692	0.02054	0.12651	0.06901	0.61884	0.01816	0.00864	0.00247	0.00376	0.03727	0.00686	0.00622
44	0.00883	0.00643	0.00833	0.00985	0.01047	0.00593	0.00663	0.01015	0.01418	0.01866	0.04335	0.67432	0.11143	0.02235	0.00921	0.00290	0.00416	0.02014	0.00675	0.00593
45	0.79588	0.01406	0.01068	0.00956	0.01406	0.01631	0.00787	0.02137	0.01237	0.03261	0.01012	0.01181	0.00787	0.00675	0.00450	0.00225	0.00562	0.00394	0.00450	0.00787
46	0.01976	0.71856	0.03735	0.01271	0.01882	0.05794	0.01251	0.02207	0.01502	0.01713	0.01015	0.01172	0.00933	0.00627	0.00474	0.00157	0.00800	0.00392	0.00314	0.00929
47	0.02715	0.03464	0.02060	0.01873	0.02247	0.71536	0.01404	0.02903	0.02060	0.01779	0.01124	0.01311	0.00936	0.00749	0.00655	0.00187	0.01311	0.00468	0.00375	0.00843
48	0.01160	0.00833	0.01156	0.01318	0.01488	0.00829	0.01150	0.01490	0.01673	0.02168	0.03972	0.08157	0.06474	0.02002	0.00999	0.00332	0.00659	0.62804	0.00670	0.00667
49	0.00886	0.00633	0.00843	0.01012	0.01054	0.00590	0.00675	0.01012	0.01392	0.01856	0.04006	0.73979	0.04808	0.02277	0.00928	0.00295	0.00422	0.02066	0.00675	0.00590
50	0.01355	0.00678	0.00678	0.00678	0.00847	0.00678	0.00508	0.01694	0.01524	0.02710	0.02371	0.02710	0.01863	0.00847	0.00508	0.00169	0.00339	0.00678	0.78489	0.00678
51	0.01669	0.02284	0.16227	0.02885	0.03682	0.01811	0.55666	0.02324	0.01683	0.02324	0.01441	0.01884	0.01070	0.00627	0.00828	0.00242	0.01198	0.00800	0.00357	0.00997
52	0.01029	0.00743	0.00972	0.00914	0.01086	0.00686	0.00686	0.01372	0.02058	0.02915	0.69536	0.05430	0.06859	0.01486	0.00857	0.00229	0.00343	0.01315	0.00800	0.00686
53	0.01507	0.01292	0.01507	0.01077	0.01723	0.00969	0.00861	0.01830	0.01507	0.02369	0.01292	0.01507	0.01077	0.00538	0.00538	0.00108	0.00538	0.00431	0.00431	0.78898
54	0.02763	0.02036	0.02182	0.01672	0.02254	0.02254	0.01382	0.67496	0.03418	0.04581	0.01745	0.01745	0.01236	0.00873	0.00727	0.00218	0.00800	0.00654	0.00727	0.01236
55	0.01389	0.01309	0.02210	0.70060	0.07524	0.01619	0.02027	0.01872	0.01461	0.01877	0.01295	0.01933	0.00976	0.00724	0.00726	0.00241	0.00965	0.00646	0.00324	0.00821
56	0.05395	0.03337	0.02030	0.01833	0.02218	0.66413	0.01382	0.05381	0.02084	0.01939	0.01144	0.01323	0.00943	0.00751	0.00651	0.00190	0.01265	0.00473	0.00391	0.00856
57	0.01844	0.01580	0.01664	0.01487	0.01904	0.01825	0.01159	0.06281	0.66129	0.03099	0.02912	0.02675	0.02182	0.00982	0.00739	0.00245	0.00584	0.00815	0.00739	0.01154
58	0.02478	0.01964	0.02016	0.01625	0.02146	0.05463	0.01314	0.45549	0.22644	0.03990	0.02074	0.02010	0.01513	0.00900	0.00727	0.00225	0.00758	0.00695	0.00714	0.01192
59	0.01355	0.00678	0.00678	0.00678	0.00847	0.00678	0.00508	0.01694	0.01524	0.02710	0.02371	0.02710	0.01863	0.00847	0.00508	0.00169	0.00339	0.00678	0.78489	0.00678
60	0.01008	0.00742	0.00942	0.00892	0.01073	0.00677	0.00669	0.01331	0.02008	0.02796	0.61785	0.05625	0.14684	0.01530	0.00858	0.00231	0.00346	0.01342	0.00785	0.00677
61	0.00900	0.00772	0.00776	0.00769	0.01021	0.00666	0.00578	0.01166	0.04574	0.02011	0.07172	0.06809	0.66687	0.01804	0.00854	0.00246	0.00377	0.01503	0.00678	0.00637
62	0.01355	0.00678	0.00678	0.00678	0.00847	0.00678	0.00508	0.01694	0.01524	0.02710	0.02371	0.02710	0.01863	0.00847	0.00508	0.00169	0.00339	0.00678	0.78489	0.00678
63	0.08020	0.01464	0.01671	0.01351	0.01846	0.01518	0.01096	0.18376	0.16940	0.30118	0.02455	0.02283	0.01694	0.00892	0.00695	0.00224	0.00626	0.00705	0.06882	0.01142
64	0.79588	0.01406	0.01068	0.00956	0.01406	0.01631	0.00787	0.02137	0.01237	0.03261	0.01012	0.01181	0.00787	0.00675	0.00450	0.00225	0.00562	0.00394	0.00450	0.00787
65	0.01746	0.01835	0.06788	0.04032	0.55152	0.01705	0.10559	0.02220	0.01657	0.02357	0.01472	0.02049	0.01248	0.00697	0.00747	0.00225	0.00914	0.03121	0.00370	0.01107
66	0.79588	0.01406	0.01068	0.00956	0.01406	0.01631	0.00787	0.02137	0.01237	0.03261	0.01012	0.01181	0.00787	0.00675	0.00450	0.00225	0.00562	0.00394	0.00450	0.00787
67	0.02763	0.02036	0.02182	0.01672	0.02254	0.02254	0.01382	0.67496	0.03418	0.04581	0.01745	0.01745	0.01236	0.00873	0.00727	0.00218	0.00800	0.00654	0.00727	0.01236
68	0.01751	0.01144	0.01491	0.01536	0.07147	0.01161	0.01138	0.02504	0.18139	0.15652	0.15989	0.04705	0.03519	0.01334	0.00836	0.00262	0.00589	0.19433	0.00731	0.00938
69	0.01520	0.00955	0.01198	0.09032	0.01621	0.01007	0.04447	0.08413	0.01719	0.02782	0.02137	0.02484	0.01657	0.00823	0.00574	0.00187	0.00505	0.00682	0.57492	0.00765
70	0.01355	0.00678	0.00678	0.00678	0.00847	0.00678	0.00508	0.01694	0.01524	0.02710	0.02371	0.02710	0.01863	0.00847	0.00508	0.00169	0.00339	0.00678	0.78489	0.00678
71	0.02571	0.01899	0.02073	0.04299	0.02282	0.02111	0.01355	0.51998	0.14150	0.06724	0.01973	0.01941	0.01411	0.00887	0.00729	0.00224	0.00762	0.00685	0.00721	0.01206
72	0.01981	0.71447	0.03725	0.01274	0.01884	0.06187	0.01252	0.02212	0.01505	0.01714	0.01016	0.01173	0.00933	0.00628	0.00476	0.00157	0.00803	0.00393	0.00314	0.00928
73	0.01355	0.00678	0.00678	0.00678	0.00847	0.00678	0.00508	0.01694	0.01524	0.02710	0.02371	0.02710	0.01863	0.00847	0.00508	0.00169	0.00339	0.00678	0.78489	0.00678
74	0.01784	0.01769	0.03191	0.04210	0.58032	0.01747	0.13926	0.02248	0.01666	0.02366	0.01386	0.01828	0.01143	0.00641	0.00744	0.00221	0.00929	0.00685	0.00361	0.01121
75	0.79588	0.01406	0.01068	0.00956	0.01406	0.01631	0.00787	0.02137	0.01237	0.03261	0.01012	0.01181	0.00787	0.00675	0.00450	0.00225	0.00562	0.00394	0.00450	0.00787
76	0.01808	0.01561	0.01644	0.01479	0.01890	0.01808	0.01151	0.03863	0.68606	0.03041	0.02959	0.02712	0.02219	0.00986	0.00740	0.00247	0.00575	0.00822	0.00740	0.01151
77	0.79588	0.01406	0.01068	0.00956	0.01406	0.01631	0.00787	0.02137	0.01237	0.03261	0.01012	0.01181	0.00787	0.00675	0.00450	0.00225	0.00562	0.00394	0.00450	0.00787
78	0.01145	0.00855	0.01044	0.00992	0.00996	0.00965	0.00648	0.01181	0.01070	0.01476	0.02056	0.04164	0.02333	0.59896	0.05812	0.00656	0.12808	0.00977	0.00418	0.00507
79	0.01373	0.01292	0.02180	0.72707	0.05006	0.01615	0.02019	0.01857	0.01453	0.01857	0.01292	0.01938	0.00969	0.00727	0.00727	0.00242	0.00969	0.00646	0.00323	0.00807
80	0.03261	0.01237	0.01687	0.01293	0.01856	0.01068	0.01068	0.03543	0.02081	0.70423	0.02868	0.02474	0.01799	0.00900	0.00731	0.00225	0.00619	0.00731	0.00900	0.01237
81	0.01772	0.01689	0.02875	0.04329	0.67013	0.01689	0.02186	0.02200	0.01656	0.02366	0.01473	0.02071	0.01280	0.00705	0.00732	0.00221	0.00855	0.03383	0.00373	0.01131
82	0.01263	0.00631	0.00947	0.00947	0.00947	0.00631	0.00631	0.00947	0.00947	0.01263	0.01263	0.02210	0.01263	0.02525	0.02841	0.78851	0.00631	0.00631	0.00316	0.00316
83	0.00886	0.00633	0.00843	0.01012	0.01054	0.00590	0.00675	0.01012	0.01392	0.01856	0.04006	0.73979	0.04808	0.02277	0.00928	0.00295	0.00422	0.02066	0.00675	0.00590
84	0.50981	0.02132	0.22845	0.01323	0.01974	0.01618	0.01396	0.02266	0.01377	0.06663	0.01206	0.01363	0.00885	0.00692	0.00541	0.00227	0.00725	0.00457	0.00430	0.00902
85	0.01614	0.03179	0.46917	0.02521	0.11059	0.05570	0.14265	0.02332	0.01611	0.02287	0.01332	0.01631	0.00982	0.00675	0.00722	0.00229	0.01090	0.00604	0.00328	0.01054
86	0.01507	0.01292	0.01507	0.01077	0.01723	0.00969	0.00861	0.01830	0.01507	0.02369	0.01292	0.01507	0.01077	0.00538	0.00538	0.00108	0.00538	0.00431	0.00431	0.78898
87	0.01528	0.01311	0.01517	0.01105	0.01734	0.01027	0.00881	0.01972	0.06175	0.02415	0.01408	0.01591	0.01156	0.00569	0.00552	0.00117	0.00541	0.00458	0.00452	0.73489
88	0.01049	0.00864	0.00939	0.00905	0.01152	0.00817	0.00682	0.01563	0.12229	0.02357	0.21496	0.08197	0.41815	0.01636	0.00842	0.00243	0.00396	0.01388	0.00715	0.00714
89	0.02090	0.04367	0.02096	0.01528	0.02102	0.01703	0.06474	0.32936	0.02406	0.03335	0.01634	0.04033	0.01309	0.01032	0.04578	0.00237	0.00800	0.00641	0.00567	0.26131

[dist]
# distance from previous block
# <min> <max>
0	7

# created by:
# /st0/software/busco_prod/Augustus/scripts/msa2prfl.pl ./align_prep/160595.fa
