[name]
unknown

[dist]
# distance from previous block
# <min> <max>
0	38

[block]
# block no. 0 follows, 29 sequences, length 27
# corresponding to MSA columns:
# 38-47,49-65
name=unknown_A
#
# <colnr> <probs for GDERKNQSTAVLIFYWHMCP>
#	G	D	E	R	K	N	Q	S	T	A	V	L	I	F	Y	W	H	M	C	P
0	0.01314	0.00796	0.01050	0.00948	0.01169	0.00724	0.00724	0.01642	0.02019	0.12403	0.60725	0.04913	0.06025	0.01375	0.00823	0.00223	0.00374	0.01208	0.00798	0.00747
1	0.01345	0.01266	0.02136	0.73264	0.04904	0.01582	0.01978	0.01819	0.01424	0.01819	0.01266	0.01898	0.00949	0.00712	0.00712	0.00237	0.00949	0.00633	0.00316	0.00791
2	0.74914	0.01370	0.01117	0.05617	0.01605	0.01596	0.00849	0.02075	0.01226	0.03106	0.01009	0.01205	0.00783	0.00664	0.00458	0.00221	0.00577	0.00402	0.00433	0.00772
3	0.00856	0.00722	0.00741	0.00736	0.00971	0.00607	0.00552	0.01050	0.01657	0.02004	0.12623	0.06721	0.64785	0.01773	0.00841	0.00239	0.00359	0.01484	0.00672	0.00607
4	0.01354	0.00716	0.00721	0.00711	0.00891	0.00730	0.00536	0.01787	0.05567	0.02674	0.02357	0.02655	0.01846	0.00838	0.00511	0.00170	0.00346	0.00672	0.74226	0.00692
5	0.00964	0.00726	0.00892	0.00850	0.01037	0.00653	0.00638	0.01260	0.01913	0.02612	0.53719	0.05720	0.23309	0.01547	0.00840	0.00228	0.00342	0.01344	0.00752	0.00653
6	0.01327	0.00664	0.00664	0.00664	0.00830	0.00664	0.00498	0.01659	0.01493	0.02655	0.02323	0.02655	0.01825	0.00830	0.00498	0.00166	0.00332	0.00664	0.78928	0.00664
7	0.46243	0.18606	0.04105	0.01148	0.01650	0.04103	0.01017	0.06306	0.06733	0.02832	0.01196	0.01319	0.00949	0.00687	0.00497	0.00205	0.00654	0.00440	0.00441	0.00870
8	0.02347	0.28088	0.02681	0.01757	0.06366	0.35488	0.01369	0.10196	0.01951	0.02077	0.01149	0.01315	0.00964	0.00699	0.00590	0.00178	0.01017	0.00464	0.00385	0.00920
9	0.15108	0.06393	0.22505	0.01335	0.01917	0.01329	0.01385	0.02200	0.01693	0.15653	0.20473	0.02648	0.02646	0.00923	0.00675	0.00219	0.00666	0.00739	0.00569	0.00921
10	0.50016	0.06152	0.01515	0.01191	0.01636	0.11405	0.00976	0.07962	0.01575	0.07799	0.01196	0.01324	0.00914	0.00719	0.00574	0.00214	0.03054	0.00449	0.00473	0.00857
11	0.00871	0.00717	0.00730	0.00730	0.00934	0.00615	0.00524	0.01024	0.01534	0.01841	0.06460	0.06520	0.59991	0.12893	0.01263	0.00309	0.00411	0.01432	0.00626	0.00575
12	0.09795	0.01226	0.01600	0.01239	0.01780	0.01094	0.01023	0.03352	0.01967	0.65197	0.02653	0.02315	0.01677	0.00862	0.00692	0.00220	0.00601	0.00688	0.00843	0.01174
13	0.01814	0.01551	0.01634	0.01458	0.01868	0.01791	0.01137	0.06718	0.66243	0.03047	0.02844	0.02614	0.02130	0.00961	0.00724	0.00240	0.00574	0.00798	0.00724	0.01131
14	0.02707	0.01995	0.02137	0.01638	0.02208	0.02208	0.01353	0.68159	0.03348	0.04488	0.01710	0.01710	0.01211	0.00855	0.00712	0.00214	0.00784	0.00641	0.00712	0.01211
15	0.02707	0.01995	0.02137	0.01638	0.02208	0.02208	0.01353	0.68159	0.03348	0.04488	0.01710	0.01710	0.01211	0.00855	0.00712	0.00214	0.00784	0.00641	0.00712	0.01211
16	0.01340	0.01237	0.02082	0.70025	0.04726	0.01539	0.01917	0.01779	0.01402	0.01793	0.01264	0.01910	0.00962	0.00791	0.00805	0.03776	0.00934	0.00632	0.00316	0.00769
17	0.01904	0.75404	0.03731	0.01218	0.01828	0.02818	0.01218	0.02132	0.01447	0.01675	0.00990	0.01142	0.00914	0.00609	0.00457	0.00152	0.00761	0.00381	0.00305	0.00914
18	0.01412	0.01335	0.02258	0.62107	0.15532	0.01600	0.02011	0.01879	0.01456	0.01901	0.01278	0.01876	0.00978	0.00699	0.00711	0.00233	0.00932	0.00633	0.00322	0.00846
19	0.01835	0.01515	0.01612	0.01441	0.01850	0.01739	0.01123	0.03770	0.66253	0.06010	0.02894	0.02646	0.02155	0.00962	0.00724	0.00241	0.00565	0.00801	0.00732	0.01131
20	0.00944	0.00725	0.00863	0.00829	0.01025	0.00645	0.00622	0.01220	0.01865	0.02498	0.46009	0.05907	0.31090	0.01589	0.00841	0.00230	0.00345	0.01370	0.00737	0.00645
21	0.01361	0.01282	0.02165	0.70572	0.07469	0.01586	0.01986	0.01834	0.01432	0.01839	0.01269	0.01893	0.00956	0.00709	0.00712	0.00236	0.00945	0.00633	0.00318	0.00804
22	0.00983	0.00676	0.00821	0.00859	0.00899	0.00655	0.00538	0.01075	0.01296	0.01757	0.14267	0.24828	0.03900	0.41595	0.02371	0.00496	0.00551	0.01362	0.00557	0.00514
23	0.01237	0.00618	0.00928	0.00928	0.00928	0.00618	0.00618	0.00928	0.00928	0.01237	0.01237	0.02165	0.01237	0.02474	0.02783	0.79283	0.00618	0.00618	0.00309	0.00309
24	0.02581	0.01889	0.01999	0.01558	0.02108	0.04580	0.01274	0.49920	0.09168	0.09824	0.01863	0.01828	0.01327	0.00842	0.00699	0.00209	0.00750	0.00642	0.00696	0.06245
25	0.01173	0.00930	0.01259	0.01162	0.01410	0.00842	0.04791	0.05668	0.01579	0.02193	0.07361	0.45629	0.03628	0.01636	0.00808	0.00239	0.00504	0.01480	0.00604	0.17104
26	0.02001	0.66408	0.03530	0.01277	0.01874	0.05351	0.01236	0.07833	0.01632	0.01919	0.01056	0.01196	0.00939	0.00635	0.00486	0.00159	0.00783	0.00406	0.00342	0.00936

[dist]
# distance from previous block
# <min> <max>
5	9

[block]
# block no. 1 follows, 29 sequences, length 47
# corresponding to MSA columns:
# 75-121
name=unknown_B
#
# <colnr> <probs for GDERKNQSTAVLIFYWHMCP>
#	G	D	E	R	K	N	Q	S	T	A	V	L	I	F	Y	W	H	M	C	P
0	0.02023	0.01661	0.06216	0.01413	0.01904	0.01614	0.01202	0.30903	0.12830	0.05416	0.05748	0.06519	0.01977	0.00976	0.00707	0.00213	0.00657	0.03127	0.05318	0.09574
1	0.02623	0.01894	0.04353	0.01565	0.02135	0.01962	0.01320	0.54037	0.02992	0.11593	0.01784	0.01786	0.01256	0.00886	0.00766	0.02563	0.00757	0.00636	0.00693	0.04399
2	0.01725	0.01654	0.02822	0.10565	0.64632	0.01682	0.02167	0.02152	0.01604	0.02281	0.01333	0.01775	0.01112	0.00641	0.00706	0.00214	0.00855	0.00634	0.00349	0.01098
3	0.00875	0.00725	0.00768	0.00765	0.00993	0.00618	0.00579	0.01083	0.01681	0.02065	0.16240	0.06667	0.58941	0.01758	0.00846	0.00241	0.00366	0.03496	0.00679	0.00613
4	0.00895	0.00639	0.00858	0.01023	0.01076	0.00602	0.00709	0.01039	0.01390	0.01849	0.03909	0.67963	0.04649	0.02205	0.00916	0.00293	0.00437	0.08300	0.00660	0.00586
5	0.00882	0.00631	0.00839	0.00982	0.01036	0.00588	0.00662	0.01027	0.01429	0.01922	0.10600	0.67537	0.04912	0.02153	0.00902	0.00283	0.00405	0.01950	0.00673	0.00588
6	0.80005	0.01377	0.01047	0.00936	0.01377	0.01597	0.00771	0.02093	0.01212	0.03195	0.00991	0.01157	0.00771	0.00661	0.00441	0.00220	0.00551	0.00386	0.00441	0.00771
7	0.01558	0.01558	0.02181	0.01869	0.01869	0.02181	0.01558	0.01714	0.01091	0.01714	0.00935	0.01558	0.00935	0.01246	0.02337	0.00312	0.73672	0.00623	0.00312	0.00779
8	0.01964	0.01634	0.01787	0.01644	0.05596	0.01857	0.01230	0.16967	0.52050	0.03255	0.02570	0.02414	0.01919	0.00925	0.00721	0.00234	0.00624	0.00762	0.00702	0.01144
9	0.02707	0.01995	0.02137	0.01638	0.02208	0.02208	0.01353	0.68159	0.03348	0.04488	0.01710	0.01710	0.01211	0.00855	0.00712	0.00214	0.00784	0.00641	0.00712	0.01211
10	0.01036	0.00690	0.00777	0.00777	0.00777	0.00690	0.00431	0.01036	0.01036	0.01381	0.02244	0.04660	0.02589	0.74975	0.03624	0.00690	0.00690	0.01036	0.00431	0.00431
11	0.01083	0.00745	0.00976	0.00909	0.01090	0.00685	0.00685	0.01417	0.02016	0.05214	0.67827	0.05219	0.06547	0.01436	0.00836	0.00224	0.00345	0.01268	0.00787	0.00691
12	0.75447	0.01340	0.01041	0.00934	0.01359	0.01544	0.00765	0.02050	0.01258	0.03175	0.04982	0.01397	0.01114	0.00707	0.00464	0.00221	0.00538	0.00438	0.00460	0.00765
13	0.01477	0.01266	0.01477	0.01055	0.01687	0.00949	0.00844	0.01793	0.01477	0.02320	0.01266	0.01477	0.01055	0.00527	0.00527	0.00105	0.00527	0.00422	0.00422	0.79328
14	0.00881	0.00630	0.00838	0.00983	0.01036	0.00587	0.00662	0.01024	0.01424	0.01914	0.10061	0.68100	0.04896	0.02159	0.00902	0.00283	0.00406	0.01956	0.00672	0.00587
15	0.02776	0.01185	0.01563	0.01235	0.01722	0.01071	0.01006	0.05190	0.06079	0.54976	0.12589	0.02837	0.02492	0.00969	0.00734	0.00222	0.00570	0.00802	0.00853	0.01128
16	0.01237	0.00618	0.00928	0.00928	0.00928	0.00618	0.00618	0.00928	0.00928	0.01237	0.01237	0.02165	0.01237	0.02474	0.02783	0.79283	0.00618	0.00618	0.00309	0.00309
17	0.00889	0.00723	0.00787	0.00771	0.00991	0.00621	0.00578	0.01113	0.01734	0.02187	0.25018	0.06419	0.52276	0.01705	0.00841	0.00236	0.00354	0.01442	0.00696	0.00621
18	0.02216	0.01641	0.05732	0.01348	0.01968	0.01435	0.01157	0.24634	0.02219	0.16035	0.01709	0.01736	0.01233	0.00714	0.00634	0.00171	0.00659	0.00558	0.00600	0.33603
19	0.01477	0.01266	0.01477	0.01055	0.01687	0.00949	0.00844	0.01793	0.01477	0.02320	0.01266	0.01477	0.01055	0.00527	0.00527	0.00105	0.00527	0.00422	0.00422	0.79328
20	0.07746	0.10017	0.02088	0.01614	0.02056	0.35885	0.01277	0.15741	0.12282	0.02562	0.01472	0.01551	0.01154	0.00775	0.00636	0.00198	0.00974	0.00534	0.00488	0.00952
21	0.01637	0.15279	0.49785	0.01791	0.02702	0.01820	0.02168	0.06127	0.01617	0.04315	0.01300	0.01481	0.00957	0.00673	0.00634	0.00205	0.00944	0.00508	0.00350	0.05706
22	0.01495	0.10020	0.58776	0.02048	0.03029	0.01773	0.08718	0.02246	0.01515	0.02205	0.01267	0.01510	0.00920	0.00663	0.00672	0.00220	0.01040	0.00543	0.00307	0.01031
23	0.01008	0.00722	0.00938	0.00966	0.01012	0.00769	0.00652	0.01114	0.01145	0.01571	0.02501	0.20438	0.02804	0.35776	0.22377	0.00713	0.03314	0.01177	0.00467	0.00535
24	0.01477	0.01266	0.01477	0.01055	0.01687	0.00949	0.00844	0.01793	0.01477	0.02320	0.01266	0.01477	0.01055	0.00527	0.00527	0.00105	0.00527	0.00422	0.00422	0.79328
25	0.01433	0.05467	0.58756	0.02037	0.02985	0.01639	0.08674	0.02179	0.01510	0.02214	0.01441	0.05835	0.01144	0.00759	0.00699	0.00228	0.01020	0.00640	0.00328	0.01012
26	0.80005	0.01377	0.01047	0.00936	0.01377	0.01597	0.00771	0.02093	0.01212	0.03195	0.00991	0.01157	0.00771	0.00661	0.00441	0.00220	0.00551	0.00386	0.00441	0.00771
27	0.56374	0.01341	0.01356	0.19987	0.02322	0.01572	0.01099	0.02074	0.01299	0.05417	0.01133	0.01400	0.00856	0.00683	0.00523	0.00225	0.00658	0.00463	0.00425	0.00793
28	0.00877	0.00681	0.00798	0.00856	0.01006	0.00602	0.00609	0.01058	0.01577	0.02020	0.15257	0.33870	0.34400	0.01924	0.00868	0.00258	0.00378	0.01681	0.00679	0.00602
29	0.01132	0.00756	0.00985	0.00911	0.01105	0.00691	0.00689	0.01458	0.02002	0.06880	0.63748	0.05205	0.08844	0.01435	0.00833	0.00224	0.00353	0.01262	0.00785	0.00701
30	0.02707	0.01995	0.02137	0.01638	0.02208	0.02208	0.01353	0.68159	0.03348	0.04488	0.01710	0.01710	0.01211	0.00855	0.00712	0.00214	0.00784	0.00641	0.00712	0.01211
31	0.80005	0.01377	0.01047	0.00936	0.01377	0.01597	0.00771	0.02093	0.01212	0.03195	0.00991	0.01157	0.00771	0.00661	0.00441	0.00220	0.00551	0.00386	0.00441	0.00771
32	0.68546	0.01469	0.01208	0.01040	0.01500	0.01688	0.00857	0.11887	0.01528	0.03386	0.01098	0.01239	0.00836	0.00690	0.00481	0.00219	0.00585	0.00423	0.00481	0.00836
33	0.01131	0.00808	0.01129	0.01293	0.01450	0.00806	0.01120	0.01448	0.01623	0.02113	0.03779	0.11839	0.04133	0.01982	0.00979	0.00326	0.00642	0.62091	0.00656	0.00651
34	0.01904	0.75404	0.03731	0.01218	0.01828	0.02818	0.01218	0.02132	0.01447	0.01675	0.00990	0.01142	0.00914	0.00609	0.00457	0.00152	0.00761	0.00381	0.00305	0.00914
35	0.01771	0.01539	0.01684	0.01618	0.05814	0.01767	0.01188	0.03692	0.65345	0.02941	0.02808	0.02605	0.02113	0.00947	0.00723	0.00240	0.00580	0.00795	0.00703	0.01127
36	0.01062	0.00781	0.01061	0.01130	0.01241	0.00762	0.02919	0.04853	0.01504	0.01997	0.03538	0.49538	0.04091	0.08801	0.01161	0.00328	0.00529	0.13446	0.00632	0.00626
37	0.00982	0.00727	0.00916	0.00869	0.01048	0.00661	0.00652	0.01294	0.01955	0.02711	0.60411	0.05556	0.16555	0.01510	0.00840	0.00227	0.00340	0.01321	0.00765	0.00661
38	0.00957	0.00672	0.00846	0.00951	0.01001	0.00646	0.00641	0.01067	0.01298	0.01716	0.03466	0.40716	0.06258	0.26261	0.01815	0.00425	0.00533	0.09607	0.00584	0.00540
39	0.01125	0.00754	0.00989	0.00916	0.01104	0.00692	0.00692	0.01457	0.02017	0.06499	0.66558	0.05164	0.06454	0.01425	0.00833	0.00224	0.00350	0.01257	0.00789	0.00701
40	0.01237	0.00618	0.00928	0.00928	0.00928	0.00618	0.00618	0.00928	0.00928	0.01237	0.01237	0.02165	0.01237	0.02474	0.02783	0.79283	0.00618	0.00618	0.00309	0.00309
41	0.02242	0.43271	0.02972	0.01486	0.01994	0.31390	0.01288	0.04604	0.01745	0.01796	0.01059	0.01219	0.00925	0.00669	0.00542	0.00167	0.00978	0.00421	0.00344	0.00887
42	0.00877	0.00630	0.00834	0.00993	0.01046	0.00588	0.00674	0.01010	0.01383	0.01833	0.04039	0.69683	0.07078	0.02206	0.00909	0.00289	0.00420	0.04267	0.00661	0.00582
43	0.01922	0.01489	0.01928	0.19135	0.15535	0.07488	0.01474	0.09024	0.01895	0.14338	0.08103	0.02819	0.07724	0.00944	0.00737	0.00225	0.00768	0.02961	0.00548	0.00944
44	0.02089	0.02090	0.01763	0.01571	0.01976	0.21694	0.01213	0.08064	0.45582	0.02736	0.02306	0.02202	0.01750	0.00893	0.00700	0.00223	0.00783	0.00696	0.00623	0.01048
45	0.75573	0.01368	0.01082	0.00955	0.01402	0.01566	0.00787	0.02173	0.01259	0.07109	0.01096	0.01230	0.00828	0.00674	0.00457	0.00220	0.00554	0.00405	0.00466	0.00797
46	0.01498	0.14161	0.61416	0.01911	0.02899	0.01824	0.02425	0.02237	0.01495	0.02170	0.01236	0.01451	0.00904	0.00667	0.00644	0.00215	0.01010	0.00505	0.00301	0.01032

[dist]
# distance from previous block
# <min> <max>
0	1

[block]
# block no. 2 follows, 29 sequences, length 276
# corresponding to MSA columns:
# 123-398
name=unknown_C
#
# <colnr> <probs for GDERKNQSTAVLIFYWHMCP>
#	G	D	E	R	K	N	Q	S	T	A	V	L	I	F	Y	W	H	M	C	P
0	0.01151	0.00765	0.00946	0.00885	0.01102	0.00682	0.00669	0.01431	0.01883	0.08635	0.44184	0.08381	0.23544	0.01532	0.00832	0.00231	0.00370	0.01326	0.00754	0.00697
1	0.01650	0.01838	0.03782	0.04668	0.03418	0.01864	0.54196	0.02166	0.01567	0.02166	0.01345	0.01855	0.01051	0.00720	0.01107	0.00253	0.14286	0.00796	0.00350	0.00923
2	0.01778	0.01452	0.01554	0.01386	0.01776	0.01641	0.01080	0.07742	0.54760	0.05214	0.05268	0.05429	0.05641	0.01058	0.00739	0.00240	0.00557	0.00884	0.00725	0.01075
3	0.00868	0.00620	0.00826	0.00991	0.01033	0.00578	0.00661	0.00991	0.01363	0.01818	0.03925	0.74510	0.04710	0.02231	0.00909	0.00289	0.00413	0.02024	0.00661	0.00578
4	0.01686	0.01704	0.05083	0.14471	0.55801	0.01679	0.04889	0.02137	0.01591	0.02247	0.01331	0.01781	0.01092	0.00646	0.00711	0.00217	0.00883	0.00639	0.00346	0.01068
5	0.80005	0.01377	0.01047	0.00936	0.01377	0.01597	0.00771	0.02093	0.01212	0.03195	0.00991	0.01157	0.00771	0.00661	0.00441	0.00220	0.00551	0.00386	0.00441	0.00771
6	0.01558	0.01558	0.02181	0.01869	0.01869	0.02181	0.01558	0.01714	0.01091	0.01714	0.00935	0.01558	0.00935	0.01246	0.02337	0.00312	0.73672	0.00623	0.00312	0.00779
7	0.01690	0.01871	0.05845	0.06042	0.28263	0.01748	0.39258	0.02228	0.01644	0.02280	0.01392	0.01848	0.01087	0.00619	0.00781	0.00229	0.01056	0.00747	0.00354	0.01019
8	0.01005	0.00777	0.01185	0.01238	0.01366	0.00740	0.06299	0.01220	0.01460	0.01935	0.03682	0.51625	0.04256	0.02030	0.00922	0.00295	0.00539	0.18160	0.00635	0.00629
9	0.01681	0.01921	0.04202	0.03001	0.03721	0.01801	0.67947	0.02281	0.01681	0.02281	0.01441	0.01921	0.01080	0.00600	0.00840	0.00240	0.01200	0.00840	0.00360	0.00960
10	0.01001	0.00728	0.00943	0.00889	0.01060	0.00669	0.00667	0.01331	0.02000	0.02819	0.67667	0.05380	0.09233	0.01469	0.00840	0.00225	0.00337	0.01296	0.00779	0.00669
11	0.01771	0.01530	0.01610	0.01449	0.01852	0.01771	0.01127	0.03784	0.69247	0.02979	0.02898	0.02657	0.02174	0.00966	0.00725	0.00242	0.00564	0.00805	0.00725	0.01127
12	0.77478	0.01372	0.01067	0.00947	0.01392	0.01579	0.00780	0.02138	0.01239	0.05427	0.01051	0.01198	0.00804	0.00668	0.00450	0.00220	0.00553	0.00396	0.00455	0.00786
13	0.00911	0.00721	0.00820	0.00802	0.01006	0.00630	0.00599	0.01154	0.01777	0.02306	0.33146	0.08290	0.41965	0.01673	0.00843	0.00235	0.00352	0.01430	0.00712	0.00630
14	0.02471	0.01234	0.01539	0.01272	0.01722	0.01203	0.01018	0.03255	0.21626	0.41650	0.10080	0.05117	0.02508	0.01011	0.00738	0.00229	0.00558	0.00845	0.00818	0.01109
15	0.00889	0.00636	0.00813	0.00945	0.00993	0.00595	0.00622	0.00999	0.01335	0.01764	0.03900	0.60686	0.08529	0.12182	0.01277	0.00341	0.00448	0.01856	0.00630	0.00560
16	0.01884	0.72396	0.06564	0.01252	0.01880	0.02769	0.01278	0.02137	0.01449	0.01700	0.01002	0.01157	0.00913	0.00612	0.00466	0.00155	0.00774	0.00387	0.00304	0.00920
17	0.29014	0.18578	0.06476	0.01553	0.06003	0.23778	0.01260	0.02351	0.01557	0.02296	0.01064	0.01251	0.00878	0.00671	0.00538	0.00194	0.00875	0.00431	0.00373	0.00859
18	0.35391	0.02183	0.20204	0.01443	0.02087	0.01799	0.01447	0.22268	0.01941	0.03337	0.01287	0.01418	0.00940	0.00724	0.00587	0.00220	0.00756	0.00501	0.00486	0.00981
19	0.01904	0.75404	0.03731	0.01218	0.01828	0.02818	0.01218	0.02132	0.01447	0.01675	0.00990	0.01142	0.00914	0.00609	0.00457	0.00152	0.00761	0.00381	0.00305	0.00914
20	0.00878	0.00719	0.00774	0.00768	0.00986	0.00615	0.00573	0.01089	0.01698	0.02119	0.20523	0.08829	0.54468	0.01744	0.00843	0.00239	0.00357	0.01475	0.00687	0.00615
21	0.00973	0.00726	0.00904	0.00859	0.01042	0.00657	0.00644	0.01276	0.01933	0.02660	0.56981	0.05640	0.20017	0.01529	0.00840	0.00227	0.00341	0.01333	0.00758	0.00657
22	0.02661	0.01972	0.02111	0.01629	0.02191	0.02187	0.01342	0.65033	0.06548	0.04414	0.01767	0.01756	0.01258	0.00860	0.00713	0.00215	0.00773	0.00649	0.00713	0.01207
23	0.02593	0.01754	0.01940	0.01524	0.02052	0.01900	0.01246	0.45933	0.12524	0.15150	0.04492	0.02091	0.01635	0.00896	0.00719	0.00219	0.00707	0.00700	0.00744	0.01180
24	0.02707	0.01995	0.02137	0.01638	0.02208	0.02208	0.01353	0.68159	0.03348	0.04488	0.01710	0.01710	0.01211	0.00855	0.00712	0.00214	0.00784	0.00641	0.00712	0.01211
25	0.00979	0.00723	0.00913	0.00873	0.01048	0.00658	0.00652	0.01285	0.01936	0.02684	0.58672	0.07728	0.16141	0.01532	0.00842	0.00228	0.00342	0.01343	0.00762	0.00658
26	0.01904	0.75404	0.03731	0.01218	0.01828	0.02818	0.01218	0.02132	0.01447	0.01675	0.00990	0.01142	0.00914	0.00609	0.00457	0.00152	0.00761	0.00381	0.00305	0.00914
27	0.01578	0.01095	0.01426	0.01176	0.01481	0.03265	0.11229	0.09171	0.01745	0.02771	0.02078	0.02391	0.01611	0.00793	0.00580	0.00183	0.00549	0.00682	0.55420	0.00776
28	0.01799	0.01544	0.01626	0.01455	0.01862	0.01784	0.01134	0.05724	0.67261	0.03024	0.02862	0.02628	0.02145	0.00963	0.00724	0.00241	0.00570	0.00800	0.00724	0.01130
29	0.00868	0.00620	0.00826	0.00991	0.01033	0.00578	0.00661	0.00991	0.01363	0.01818	0.03925	0.74510	0.04710	0.02231	0.00909	0.00289	0.00413	0.02024	0.00661	0.00578
30	0.01441	0.01362	0.02289	0.51119	0.23035	0.01573	0.01977	0.01889	0.01487	0.01965	0.01528	0.02062	0.03812	0.00735	0.00715	0.00230	0.00897	0.00669	0.00340	0.00877
31	0.01345	0.01266	0.02136	0.73264	0.04904	0.01582	0.01978	0.01819	0.01424	0.01819	0.01266	0.01898	0.00949	0.00712	0.00712	0.00237	0.00949	0.00633	0.00316	0.00791
32	0.01237	0.00618	0.00928	0.00928	0.00928	0.00618	0.00618	0.00928	0.00928	0.01237	0.01237	0.02165	0.01237	0.02474	0.02783	0.79283	0.00618	0.00618	0.00309	0.00309
33	0.01382	0.01304	0.02203	0.67096	0.10780	0.01592	0.01996	0.01852	0.01442	0.01865	0.01272	0.01886	0.00965	0.00705	0.00711	0.00235	0.00940	0.00633	0.00320	0.00821
34	0.12088	0.02480	0.02233	0.02702	0.28541	0.35950	0.01613	0.02494	0.01763	0.02152	0.01179	0.01453	0.00980	0.00686	0.00641	0.00199	0.01022	0.00517	0.00371	0.00936
35	0.73303	0.04198	0.04582	0.01000	0.01477	0.01645	0.00879	0.02102	0.01235	0.03093	0.01005	0.01173	0.00783	0.00660	0.00453	0.00218	0.00583	0.00392	0.00429	0.00790
36	0.01665	0.01905	0.05937	0.05657	0.12007	0.01793	0.52045	0.02224	0.01630	0.02241	0.01392	0.01869	0.01069	0.00643	0.00887	0.00239	0.04689	0.00787	0.00353	0.00969
37	0.07039	0.01534	0.11632	0.01469	0.01945	0.01199	0.09572	0.06173	0.03834	0.10294	0.05040	0.21642	0.02386	0.01151	0.00737	0.00229	0.00670	0.01024	0.03231	0.09199
38	0.01018	0.00752	0.00955	0.00914	0.01087	0.00705	0.00681	0.01397	0.04673	0.02726	0.58614	0.10198	0.10566	0.01513	0.00840	0.00230	0.00352	0.01334	0.00765	0.00679
39	0.01451	0.07166	0.68005	0.01990	0.03021	0.01710	0.02562	0.02249	0.01501	0.02227	0.01264	0.01486	0.00903	0.00673	0.00666	0.00222	0.01038	0.00519	0.00301	0.01046
40	0.01822	0.01375	0.01547	0.01298	0.01625	0.01509	0.01013	0.28614	0.11244	0.03215	0.17949	0.03170	0.02850	0.12740	0.03615	0.00329	0.03631	0.00879	0.00660	0.00916
41	0.01171	0.00619	0.00910	0.00939	0.00946	0.00611	0.00626	0.00939	0.01006	0.01341	0.01717	0.15096	0.01858	0.02430	0.02448	0.65163	0.00582	0.00870	0.00372	0.00357
42	0.04604	0.08437	0.63911	0.01931	0.02929	0.01730	0.02461	0.02240	0.01488	0.02253	0.01247	0.01465	0.00898	0.00671	0.00652	0.00220	0.01013	0.00511	0.00307	0.01032
43	0.05714	0.01217	0.01633	0.01256	0.01803	0.01065	0.01038	0.03425	0.02011	0.68802	0.02750	0.02382	0.01730	0.00874	0.00707	0.00220	0.00604	0.00705	0.00867	0.01197
44	0.01558	0.01558	0.02181	0.01869	0.01869	0.02181	0.01558	0.01714	0.01091	0.01714	0.00935	0.01558	0.00935	0.01246	0.02337	0.00312	0.73672	0.00623	0.00312	0.00779
45	0.01905	0.01963	0.02958	0.03705	0.47958	0.10882	0.12706	0.05053	0.01755	0.02334	0.01340	0.01724	0.01096	0.00651	0.00719	0.00213	0.00958	0.00645	0.00371	0.01065
46	0.02953	0.01517	0.01832	0.01413	0.01965	0.01511	0.01164	0.27627	0.05345	0.43339	0.02403	0.02167	0.01574	0.00875	0.00715	0.00219	0.00670	0.00692	0.00812	0.01208
47	0.02397	0.01237	0.01571	0.01168	0.01757	0.01001	0.00952	0.02691	0.01777	0.39124	0.02092	0.01984	0.01434	0.00717	0.00628	0.00167	0.00569	0.00579	0.00668	0.37484
48	0.00875	0.00723	0.00768	0.00757	0.00983	0.00616	0.00568	0.01088	0.01703	0.02114	0.20051	0.06540	0.57288	0.01732	0.00841	0.00237	0.00356	0.01459	0.00686	0.00616
49	0.01681	0.01921	0.04202	0.03001	0.03721	0.01801	0.67947	0.02281	0.01681	0.02281	0.01441	0.01921	0.01080	0.00600	0.00840	0.00240	0.01200	0.00840	0.00360	0.00960
50	0.03093	0.01295	0.01694	0.01307	0.01854	0.01180	0.01077	0.09237	0.04934	0.62293	0.02715	0.02370	0.01731	0.00882	0.00716	0.00221	0.00620	0.00713	0.00860	0.01208
51	0.00970	0.00726	0.00899	0.00856	0.01041	0.00656	0.00642	0.01270	0.01926	0.02643	0.55826	0.05668	0.21182	0.01535	0.00840	0.00228	0.00342	0.01337	0.00756	0.00656
52	0.00902	0.00750	0.00842	0.04328	0.01192	0.00667	0.00658	0.01121	0.01657	0.02047	0.14968	0.08676	0.53556	0.01725	0.00843	0.00243	0.00400	0.04143	0.00660	0.00621
53	0.01689	0.01609	0.02694	0.16386	0.55591	0.01676	0.02097	0.02199	0.04896	0.02269	0.01403	0.01830	0.01148	0.00664	0.00707	0.00218	0.00850	0.00643	0.00364	0.01068
54	0.00871	0.00626	0.00820	0.00974	0.01023	0.00583	0.00649	0.00994	0.01365	0.01810	0.04012	0.69707	0.07359	0.04302	0.00984	0.00299	0.00419	0.01974	0.00654	0.00575
55	0.01520	0.01300	0.01524	0.01104	0.01711	0.01036	0.00887	0.03967	0.01524	0.02369	0.01268	0.01487	0.01055	0.00564	0.00600	0.00117	0.03211	0.00436	0.00427	0.73893
56	0.02675	0.01979	0.02119	0.01632	0.02196	0.02193	0.01346	0.65967	0.05592	0.04436	0.01750	0.01742	0.01244	0.00859	0.00713	0.00215	0.00776	0.00647	0.00713	0.01208
57	0.77290	0.01448	0.01081	0.00968	0.01406	0.04073	0.00792	0.02119	0.01240	0.03144	0.00995	0.01161	0.00776	0.00664	0.00448	0.00219	0.00577	0.00388	0.00438	0.00773
58	0.01419	0.03511	0.66413	0.02014	0.03021	0.01619	0.04556	0.02219	0.01529	0.02280	0.04039	0.01669	0.01140	0.00705	0.00688	0.00226	0.01028	0.00566	0.00322	0.01034
59	0.00882	0.00634	0.00813	0.00950	0.01002	0.00591	0.00629	0.00998	0.01351	0.01783	0.04007	0.62530	0.09443	0.09362	0.01171	0.00325	0.00436	0.01888	0.00638	0.00566
60	0.01093	0.00751	0.00957	0.00892	0.01088	0.00681	0.00674	0.01406	0.01967	0.06048	0.58958	0.05372	0.14480	0.01472	0.00834	0.00226	0.00352	0.01287	0.00773	0.00689
61	0.02019	0.01653	0.01750	0.01499	0.01946	0.01887	0.01187	0.20853	0.51774	0.03379	0.02583	0.02406	0.01918	0.00937	0.00721	0.00234	0.00622	0.00762	0.00721	0.01149
62	0.80005	0.01377	0.01047	0.00936	0.01377	0.01597	0.00771	0.02093	0.01212	0.03195	0.00991	0.01157	0.00771	0.00661	0.00441	0.00220	0.00551	0.00386	0.00441	0.00771
63	0.02707	0.01995	0.02137	0.01638	0.02208	0.02208	0.01353	0.68159	0.03348	0.04488	0.01710	0.01710	0.01211	0.00855	0.00712	0.00214	0.00784	0.00641	0.00712	0.01211
64	0.02645	0.01964	0.02102	0.01626	0.02184	0.02179	0.01338	0.63877	0.07731	0.04387	0.01789	0.01773	0.01275	0.00862	0.00713	0.00216	0.00769	0.00652	0.00713	0.01205
65	0.01904	0.75404	0.03731	0.01218	0.01828	0.02818	0.01218	0.02132	0.01447	0.01675	0.00990	0.01142	0.00914	0.00609	0.00457	0.00152	0.00761	0.00381	0.00305	0.00914
66	0.01967	0.01483	0.01658	0.01522	0.04098	0.01653	0.01159	0.05671	0.53628	0.11975	0.02828	0.02757	0.02123	0.00976	0.00732	0.00240	0.00589	0.03089	0.00730	0.01124
67	0.01867	0.01577	0.01664	0.01469	0.01888	0.01816	0.01150	0.10397	0.62477	0.03134	0.02776	0.02559	0.02075	0.00955	0.00723	0.00239	0.00586	0.00788	0.00723	0.01136
68	0.00963	0.00654	0.00851	0.00979	0.01059	0.00600	0.00666	0.01098	0.01415	0.04729	0.04175	0.65378	0.10503	0.02136	0.00895	0.00282	0.00416	0.01922	0.00670	0.00607
69	0.01762	0.01692	0.02890	0.04371	0.70533	0.01692	0.02185	0.02185	0.01621	0.02326	0.01339	0.01762	0.01128	0.00634	0.00705	0.00211	0.00846	0.00634	0.00352	0.01128
70	0.00902	0.00654	0.00857	0.01004	0.01062	0.00622	0.00677	0.01097	0.03694	0.01888	0.05856	0.70010	0.04683	0.02165	0.00901	0.00286	0.00416	0.01961	0.00667	0.00600
71	0.01237	0.00618	0.00928	0.00928	0.00928	0.00618	0.00618	0.00928	0.00928	0.01237	0.01237	0.02165	0.01237	0.02474	0.02783	0.79283	0.00618	0.00618	0.00309	0.00309
72	0.01698	0.01682	0.02595	0.25455	0.45381	0.06701	0.02063	0.02119	0.01589	0.02128	0.01300	0.01770	0.01058	0.00665	0.00703	0.00217	0.00909	0.00621	0.00342	0.01002
73	0.80005	0.01377	0.01047	0.00936	0.01377	0.01597	0.00771	0.02093	0.01212	0.03195	0.00991	0.01157	0.00771	0.00661	0.00441	0.00220	0.00551	0.00386	0.00441	0.00771
74	0.02024	0.01659	0.02548	0.10992	0.41356	0.03944	0.04182	0.07653	0.03942	0.12283	0.01616	0.01886	0.01230	0.00708	0.00711	0.00217	0.00836	0.00653	0.00465	0.01094
75	0.02107	0.01621	0.01854	0.01836	0.10817	0.04174	0.01286	0.10479	0.41332	0.12761	0.02491	0.02356	0.01830	0.00891	0.00717	0.00230	0.00655	0.00740	0.00685	0.01138
76	0.01494	0.00835	0.00863	0.00806	0.01023	0.00862	0.00626	0.09967	0.01730	0.02867	0.02293	0.02710	0.01822	0.00869	0.00540	0.00177	0.00399	0.02760	0.66625	0.00732
77	0.01201	0.00845	0.01017	0.01008	0.01208	0.00820	0.00740	0.01686	0.11917	0.07193	0.21071	0.28804	0.16393	0.01670	0.00838	0.00252	0.00421	0.01466	0.00717	0.00734
78	0.01571	0.01611	0.02625	0.08955	0.05289	0.02026	0.15421	0.01860	0.01266	0.01866	0.01087	0.01674	0.00974	0.01037	0.01807	0.00286	0.48819	0.00670	0.00324	0.00832
79	0.01771	0.01530	0.01610	0.01449	0.01852	0.01771	0.01127	0.03784	0.69247	0.02979	0.02898	0.02657	0.02174	0.00966	0.00725	0.00242	0.00564	0.00805	0.00725	0.01127
80	0.01003	0.00677	0.00786	0.00818	0.00826	0.00669	0.00476	0.01027	0.01099	0.01465	0.02567	0.18110	0.02997	0.60968	0.03101	0.00613	0.00637	0.01226	0.00476	0.00460
81	0.01897	0.01576	0.08313	0.01350	0.01793	0.01439	0.01175	0.28388	0.04643	0.08070	0.26656	0.05989	0.03384	0.01116	0.00764	0.00223	0.00613	0.00930	0.00708	0.00972
82	0.80005	0.01377	0.01047	0.00936	0.01377	0.01597	0.00771	0.02093	0.01212	0.03195	0.00991	0.01157	0.00771	0.00661	0.00441	0.00220	0.00551	0.00386	0.00441	0.00771
83	0.01558	0.01558	0.02181	0.01869	0.01869	0.02181	0.01558	0.01714	0.01091	0.01714	0.00935	0.01558	0.00935	0.01246	0.02337	0.00312	0.73672	0.00623	0.00312	0.00779
84	0.02164	0.01692	0.01752	0.01492	0.01945	0.05213	0.01182	0.18082	0.44607	0.09998	0.02537	0.02355	0.01857	0.00922	0.00717	0.00230	0.00652	0.00743	0.00720	0.01140
85	0.01904	0.75404	0.03731	0.01218	0.01828	0.02818	0.01218	0.02132	0.01447	0.01675	0.00990	0.01142	0.00914	0.00609	0.00457	0.00152	0.00761	0.00381	0.00305	0.00914
86	0.01771	0.01530	0.01610	0.01449	0.01852	0.01771	0.01127	0.03784	0.69247	0.02979	0.02898	0.02657	0.02174	0.00966	0.00725	0.00242	0.00564	0.00805	0.00725	0.01127
87	0.01008	0.00728	0.00952	0.00896	0.01064	0.00672	0.00672	0.01344	0.02016	0.02855	0.70158	0.05319	0.06719	0.01456	0.00840	0.00224	0.00336	0.01288	0.00784	0.00672
88	0.01345	0.01266	0.02136	0.73264	0.04904	0.01582	0.01978	0.01819	0.01424	0.01819	0.01266	0.01898	0.00949	0.00712	0.00712	0.00237	0.00949	0.00633	0.00316	0.00791
89	0.73671	0.01428	0.01136	0.00994	0.01445	0.01647	0.00819	0.07507	0.01387	0.03301	0.01050	0.01202	0.00807	0.00677	0.00463	0.00220	0.00570	0.00407	0.00463	0.00807
90	0.00873	0.00624	0.00831	0.00988	0.01034	0.00582	0.00661	0.01004	0.01386	0.01855	0.06277	0.72053	0.04781	0.02203	0.00906	0.00287	0.00410	0.01998	0.00665	0.00582
91	0.05767	0.01330	0.01702	0.01309	0.01859	0.01233	0.01081	0.12759	0.02199	0.59090	0.02588	0.02277	0.01649	0.00870	0.00706	0.00219	0.00630	0.00694	0.00842	0.01197
92	0.01242	0.00999	0.05905	0.01026	0.01298	0.00804	0.00861	0.01646	0.03837	0.08577	0.52563	0.04893	0.08790	0.01372	0.00819	0.00228	0.00426	0.03213	0.00747	0.00753
93	0.01132	0.00809	0.01125	0.01264	0.01429	0.00803	0.01094	0.01460	0.01682	0.02213	0.11278	0.07725	0.04394	0.01909	0.00967	0.00316	0.00620	0.58452	0.00670	0.00658
94	0.01903	0.01512	0.01816	0.01353	0.01925	0.01420	0.03497	0.20493	0.02005	0.05605	0.01435	0.01601	0.01119	0.00684	0.00720	0.00159	0.05542	0.00524	0.00512	0.46173
95	0.45780	0.28894	0.02112	0.01096	0.01601	0.04574	0.00977	0.04308	0.01398	0.02623	0.01018	0.01174	0.00844	0.00651	0.00463	0.00194	0.00663	0.00395	0.00397	0.00840
96	0.00873	0.00624	0.00831	0.00988	0.01034	0.00582	0.00661	0.01006	0.01390	0.01861	0.06664	0.71649	0.04793	0.02199	0.00906	0.00286	0.00410	0.01994	0.00666	0.00582
97	0.80005	0.01377	0.01047	0.00936	0.01377	0.01597	0.00771	0.02093	0.01212	0.03195	0.00991	0.01157	0.00771	0.00661	0.00441	0.00220	0.00551	0.00386	0.00441	0.00771
98	0.00924	0.00717	0.00793	0.00778	0.00952	0.00638	0.00554	0.01109	0.01609	0.02061	0.22790	0.06012	0.40047	0.16288	0.01395	0.00326	0.00420	0.01353	0.00648	0.00586
99	0.00865	0.00629	0.00817	0.00967	0.01026	0.00580	0.00650	0.00994	0.01387	0.01827	0.04220	0.68427	0.10603	0.02192	0.00903	0.00285	0.00408	0.01977	0.00661	0.00580
100	0.02707	0.01995	0.02137	0.01638	0.02208	0.02208	0.01353	0.68159	0.03348	0.04488	0.01710	0.01710	0.01211	0.00855	0.00712	0.00214	0.00784	0.00641	0.00712	0.01211
101	0.03195	0.01212	0.01652	0.01267	0.01818	0.01047	0.01047	0.03470	0.02038	0.71026	0.02809	0.02424	0.01763	0.00881	0.00716	0.00220	0.00606	0.00716	0.00881	0.01212
102	0.02707	0.01995	0.02137	0.01638	0.02208	0.02208	0.01353	0.68159	0.03348	0.04488	0.01710	0.01710	0.01211	0.00855	0.00712	0.00214	0.00784	0.00641	0.00712	0.01211
103	0.01558	0.01558	0.02181	0.01869	0.01869	0.02181	0.01558	0.01714	0.01091	0.01714	0.00935	0.01558	0.00935	0.01246	0.02337	0.00312	0.73672	0.00623	0.00312	0.00779
104	0.01904	0.75404	0.03731	0.01218	0.01828	0.02818	0.01218	0.02132	0.01447	0.01675	0.00990	0.01142	0.00914	0.00609	0.00457	0.00152	0.00761	0.00381	0.00305	0.00914
105	0.73509	0.01373	0.01076	0.00955	0.01389	0.01584	0.00784	0.04846	0.01313	0.03227	0.01077	0.01242	0.00833	0.00676	0.00454	0.00218	0.00552	0.00408	0.03698	0.00785
106	0.02500	0.01875	0.02011	0.01587	0.02112	0.02084	0.01294	0.56130	0.13074	0.04166	0.01967	0.04513	0.01482	0.00922	0.00721	0.00221	0.00737	0.00716	0.00712	0.01175
107	0.00852	0.00712	0.00743	0.00756	0.00974	0.00602	0.00559	0.01035	0.01617	0.01959	0.09951	0.13341	0.60803	0.01828	0.00848	0.00244	0.00365	0.01543	0.00667	0.00602
108	0.01338	0.01250	0.02102	0.70789	0.04786	0.01556	0.01949	0.01807	0.01431	0.01830	0.01352	0.02109	0.01058	0.00755	0.00721	0.00240	0.00939	0.02873	0.00328	0.00786
109	0.00868	0.00620	0.00826	0.00991	0.01033	0.00578	0.00661	0.00991	0.01363	0.01818	0.03925	0.74510	0.04710	0.02231	0.00909	0.00289	0.00413	0.02024	0.00661	0.00578
110	0.01237	0.00618	0.00928	0.00928	0.00928	0.00618	0.00618	0.00928	0.00928	0.01237	0.01237	0.02165	0.01237	0.02474	0.02783	0.79283	0.00618	0.00618	0.00309	0.00309
111	0.02873	0.01581	0.11624	0.01385	0.02000	0.01169	0.01277	0.03311	0.05225	0.57872	0.02594	0.02303	0.01659	0.00856	0.00711	0.00222	0.00668	0.00693	0.00791	0.01185
112	0.00947	0.00730	0.01070	0.01097	0.01215	0.00678	0.05134	0.01144	0.01516	0.02046	0.16234	0.54302	0.07240	0.01962	0.00889	0.00272	0.00449	0.01789	0.00664	0.00622
113	0.02450	0.01867	0.01992	0.01586	0.02110	0.02088	0.01291	0.50466	0.21459	0.04073	0.02036	0.01970	0.01476	0.00885	0.00716	0.00221	0.00723	0.00686	0.00716	0.01188
114	0.80005	0.01377	0.01047	0.00936	0.01377	0.01597	0.00771	0.02093	0.01212	0.03195	0.00991	0.01157	0.00771	0.00661	0.00441	0.00220	0.00551	0.00386	0.00441	0.00771
115	0.01501	0.03176	0.51964	0.02309	0.03266	0.01696	0.21443	0.02262	0.01554	0.02262	0.01325	0.01624	0.00953	0.00655	0.00724	0.00230	0.01095	0.00617	0.00318	0.01026
116	0.01086	0.00804	0.01028	0.00947	0.01136	0.00775	0.00719	0.01473	0.04300	0.02790	0.59828	0.04830	0.05928	0.01369	0.00863	0.00221	0.02956	0.01187	0.03923	0.03839
117	0.00868	0.00620	0.00826	0.00991	0.01033	0.00578	0.00661	0.00991	0.01363	0.01818	0.03925	0.74510	0.04710	0.02231	0.00909	0.00289	0.00413	0.02024	0.00661	0.00578
118	0.01038	0.00741	0.01022	0.01186	0.01302	0.00725	0.00957	0.01286	0.01531	0.02008	0.03831	0.34050	0.04337	0.02070	0.00954	0.00313	0.00561	0.40804	0.00658	0.00625
119	0.01414	0.03582	0.68866	0.01991	0.03012	0.01620	0.02563	0.02224	0.01521	0.02276	0.03647	0.01635	0.01102	0.00703	0.00682	0.00225	0.01028	0.00552	0.00317	0.01039
120	0.01147	0.00820	0.01147	0.01311	0.01475	0.00820	0.01147	0.01475	0.01639	0.02131	0.03770	0.08032	0.04098	0.01967	0.00984	0.00328	0.00656	0.65741	0.00656	0.00656
121	0.01008	0.00728	0.00952	0.00896	0.01064	0.00672	0.00672	0.01344	0.02016	0.02855	0.70158	0.05319	0.06719	0.01456	0.00840	0.00224	0.00336	0.01288	0.00784	0.00672
122	0.76835	0.04382	0.01156	0.00948	0.01395	0.01647	0.00789	0.02095	0.01221	0.03133	0.00991	0.01156	0.00777	0.00659	0.00441	0.00218	0.00559	0.00385	0.00435	0.00777
123	0.01558	0.01558	0.02181	0.01869	0.01869	0.02181	0.01558	0.01714	0.01091	0.01714	0.00935	0.01558	0.00935	0.01246	0.02337	0.00312	0.73672	0.00623	0.00312	0.00779
124	0.01817	0.01552	0.01636	0.01458	0.01869	0.01792	0.01138	0.06910	0.66047	0.03052	0.02840	0.02611	0.02127	0.00961	0.00724	0.00240	0.00574	0.00797	0.00724	0.01131
125	0.02813	0.01824	0.02032	0.01558	0.02123	0.01956	0.01287	0.54093	0.03063	0.18956	0.01949	0.01865	0.01331	0.00861	0.00713	0.00215	0.00745	0.00657	0.00749	0.01211
126	0.00843	0.00715	0.00728	0.00738	0.00966	0.00600	0.00549	0.01020	0.01607	0.01917	0.07007	0.11097	0.66134	0.01830	0.00846	0.00244	0.00364	0.01536	0.00661	0.00600
127	0.01008	0.00728	0.00952	0.00896	0.01064	0.00672	0.00672	0.01344	0.02016	0.02855	0.70158	0.05319	0.06719	0.01456	0.00840	0.00224	0.00336	0.01288	0.00784	0.00672
128	0.01017	0.00763	0.01144	0.01144	0.01272	0.00890	0.00890	0.01272	0.01144	0.01653	0.01907	0.02797	0.01780	0.05340	0.72153	0.01144	0.01907	0.00763	0.00381	0.00636
129	0.02731	0.01956	0.02113	0.01620	0.02189	0.02151	0.01338	0.64994	0.03284	0.07744	0.01763	0.01745	0.01238	0.00856	0.00713	0.00214	0.00775	0.00645	0.00721	0.01211
130	0.00995	0.00727	0.00935	0.00883	0.01056	0.00667	0.00662	0.01320	0.01986	0.02786	0.65483	0.05433	0.11436	0.01482	0.00840	0.00225	0.00338	0.01304	0.00775	0.00667
131	0.01931	0.72770	0.03669	0.01241	0.01841	0.05352	0.01224	0.02158	0.01468	0.01678	0.00994	0.01147	0.00914	0.00614	0.00464	0.00153	0.00781	0.00384	0.00307	0.00911
132	0.02864	0.01603	0.01869	0.01439	0.01984	0.01644	0.01187	0.37502	0.02707	0.33242	0.02210	0.02056	0.01474	0.00865	0.00705	0.00215	0.00689	0.00674	0.03881	0.01190
133	0.01558	0.01558	0.02181	0.01869	0.01869	0.02181	0.01558	0.01714	0.01091	0.01714	0.00935	0.01558	0.00935	0.01246	0.02337	0.00312	0.73672	0.00623	0.00312	0.00779
134	0.05461	0.01169	0.01499	0.01315	0.04967	0.01087	0.00995	0.08653	0.02032	0.38937	0.12529	0.05571	0.10461	0.01091	0.00743	0.00224	0.00559	0.00907	0.00776	0.01022
135	0.02624	0.01934	0.02088	0.01614	0.02162	0.02144	0.01331	0.64886	0.03240	0.04349	0.01719	0.01763	0.01239	0.01074	0.04208	0.00259	0.00839	0.00647	0.00696	0.01183
136	0.80005	0.01377	0.01047	0.00936	0.01377	0.01597	0.00771	0.02093	0.01212	0.03195	0.00991	0.01157	0.00771	0.00661	0.00441	0.00220	0.00551	0.00386	0.00441	0.00771
137	0.00874	0.00625	0.00832	0.00987	0.01034	0.00583	0.00662	0.01009	0.01395	0.01868	0.07141	0.71151	0.04807	0.02193	0.00906	0.00286	0.00409	0.01989	0.00667	0.00583
138	0.00863	0.00722	0.00751	0.00744	0.00975	0.00610	0.00558	0.01064	0.01674	0.02045	0.15421	0.06653	0.61961	0.01758	0.00841	0.00238	0.00357	0.01475	0.00677	0.00610
139	0.01179	0.00766	0.01007	0.00925	0.01123	0.00701	0.00701	0.01510	0.02017	0.08177	0.64900	0.05093	0.06332	0.01411	0.00830	0.00224	0.00357	0.01243	0.00791	0.00714
140	0.02707	0.01995	0.02137	0.01638	0.02208	0.02208	0.01353	0.68159	0.03348	0.04488	0.01710	0.01710	0.01211	0.00855	0.00712	0.00214	0.00784	0.00641	0.00712	0.01211
141	0.72742	0.01410	0.01134	0.00991	0.01443	0.01618	0.00816	0.06241	0.01371	0.05449	0.01094	0.01232	0.00830	0.00680	0.00466	0.00220	0.00567	0.00412	0.00472	0.00813
142	0.02707	0.01995	0.02137	0.01638	0.02208	0.02208	0.01353	0.68159	0.03348	0.04488	0.01710	0.01710	0.01211	0.00855	0.00712	0.00214	0.00784	0.00641	0.00712	0.01211
143	0.01428	0.03683	0.71286	0.02030	0.03082	0.01654	0.02631	0.02255	0.01503	0.02255	0.01278	0.01503	0.00902	0.00677	0.00677	0.00226	0.01052	0.00526	0.00301	0.01052
144	0.01904	0.75404	0.03731	0.01218	0.01828	0.02818	0.01218	0.02132	0.01447	0.01675	0.00990	0.01142	0.00914	0.00609	0.00457	0.00152	0.00761	0.00381	0.00305	0.00914
145	0.05254	0.01092	0.01558	0.40362	0.03148	0.01286	0.01361	0.04997	0.01532	0.02314	0.01651	0.02123	0.01266	0.00758	0.00622	0.00210	0.00702	0.00632	0.28370	0.00765
146	0.01697	0.01266	0.01449	0.01233	0.01440	0.01425	0.00916	0.25078	0.01871	0.02540	0.01879	0.03159	0.01864	0.37064	0.04634	0.00488	0.09887	0.00834	0.00515	0.00760
147	0.03083	0.01209	0.01631	0.01263	0.01797	0.01061	0.01039	0.03420	0.04349	0.66729	0.04746	0.02515	0.01919	0.00901	0.00720	0.00221	0.00597	0.00736	0.00873	0.01193
148	0.01762	0.01692	0.02890	0.04371	0.70533	0.01692	0.02185	0.02185	0.01621	0.02326	0.01339	0.01762	0.01128	0.00634	0.00705	0.00211	0.00846	0.00634	0.00352	0.01128
149	0.00862	0.00725	0.00750	0.00752	0.00985	0.00613	0.00569	0.01057	0.01648	0.01989	0.11063	0.06795	0.64076	0.01787	0.00846	0.00242	0.00369	0.03596	0.00669	0.00607
150	0.01237	0.00618	0.00928	0.00928	0.00928	0.00618	0.00618	0.00928	0.00928	0.01237	0.01237	0.02165	0.01237	0.02474	0.02783	0.79283	0.00618	0.00618	0.00309	0.00309
151	0.01780	0.01735	0.02841	0.06222	0.66488	0.03960	0.02153	0.02196	0.01629	0.02293	0.01330	0.01751	0.01116	0.00640	0.00703	0.00211	0.00863	0.00629	0.00352	0.01109
152	0.01904	0.75404	0.03731	0.01218	0.01828	0.02818	0.01218	0.02132	0.01447	0.01675	0.00990	0.01142	0.00914	0.00609	0.00457	0.00152	0.00761	0.00381	0.00305	0.00914
153	0.80005	0.01377	0.01047	0.00936	0.01377	0.01597	0.00771	0.02093	0.01212	0.03195	0.00991	0.01157	0.00771	0.00661	0.00441	0.00220	0.00551	0.00386	0.00441	0.00771
154	0.01088	0.00747	0.00970	0.00904	0.01090	0.00684	0.00681	0.01415	0.02001	0.05516	0.64974	0.05266	0.09064	0.01447	0.00835	0.00224	0.00348	0.01274	0.00783	0.00690
155	0.01327	0.00664	0.00664	0.00664	0.00830	0.00664	0.00498	0.01659	0.01493	0.02655	0.02323	0.02655	0.01825	0.00830	0.00498	0.00166	0.00332	0.00664	0.78928	0.00664
156	0.00998	0.00722	0.00932	0.00890	0.01048	0.00667	0.00658	0.01307	0.01937	0.02724	0.62726	0.08240	0.08382	0.04483	0.00956	0.00246	0.00354	0.01315	0.00761	0.00656
157	0.01681	0.01921	0.04202	0.03001	0.03721	0.01801	0.67947	0.02281	0.01681	0.02281	0.01441	0.01921	0.01080	0.00600	0.00840	0.00240	0.01200	0.00840	0.00360	0.00960
158	0.02670	0.01976	0.02116	0.01631	0.02194	0.02191	0.01344	0.65611	0.05956	0.04428	0.01757	0.01747	0.01249	0.00859	0.00713	0.00215	0.00775	0.00648	0.00713	0.01208
159	0.00852	0.00680	0.00764	0.00832	0.00991	0.00592	0.00590	0.01009	0.01517	0.01880	0.05870	0.34483	0.43481	0.01978	0.00869	0.00260	0.00382	0.01716	0.00661	0.00592
160	0.01428	0.03683	0.71286	0.02030	0.03082	0.01654	0.02631	0.02255	0.01503	0.02255	0.01278	0.01503	0.00902	0.00677	0.00677	0.00226	0.01052	0.00526	0.00301	0.01052
161	0.01558	0.01558	0.02181	0.01869	0.01869	0.02181	0.01558	0.01714	0.01091	0.01714	0.00935	0.01558	0.00935	0.01246	0.02337	0.00312	0.73672	0.00623	0.00312	0.00779
162	0.01477	0.01266	0.01477	0.01055	0.01687	0.00949	0.00844	0.01793	0.01477	0.02320	0.01266	0.01477	0.01055	0.00527	0.00527	0.00105	0.00527	0.00422	0.00422	0.79328
163	0.80005	0.01377	0.01047	0.00936	0.01377	0.01597	0.00771	0.02093	0.01212	0.03195	0.00991	0.01157	0.00771	0.00661	0.00441	0.00220	0.00551	0.00386	0.00441	0.00771
164	0.01327	0.00664	0.00664	0.00664	0.00830	0.00664	0.00498	0.01659	0.01493	0.02655	0.02323	0.02655	0.01825	0.00830	0.00498	0.00166	0.00332	0.00664	0.78928	0.00664
165	0.00997	0.00727	0.00937	0.00884	0.01057	0.00667	0.00663	0.01323	0.01990	0.02795	0.66070	0.05419	0.10844	0.01478	0.00840	0.00225	0.00338	0.01302	0.00776	0.00667
