[name]
unknown

[dist]
# distance from previous block
# <min> <max>
0	61

[block]
# block no. 0 follows, 28 sequences, length 17
# corresponding to MSA columns:
# 68-84
name=unknown_A
#
# <colnr> <probs for GDERKNQSTAVLIFYWHMCP>
#	G	D	E	R	K	N	Q	S	T	A	V	L	I	F	Y	W	H	M	C	P
0	0.16026	0.01503	0.01891	0.02081	0.18622	0.01574	0.01358	0.18959	0.02123	0.10784	0.08775	0.02771	0.02071	0.00962	0.00717	0.00232	0.00693	0.07227	0.00607	0.01021
1	0.29734	0.01545	0.02078	0.08892	0.33108	0.01665	0.01584	0.05656	0.01572	0.02746	0.01362	0.04547	0.01159	0.00743	0.00632	0.00225	0.00743	0.00615	0.00422	0.00972
2	0.35081	0.01495	0.01917	0.06305	0.29086	0.01621	0.01476	0.02194	0.04534	0.02743	0.01459	0.02034	0.01248	0.00775	0.00625	0.00231	0.00713	0.05084	0.00436	0.00943
3	0.41178	0.08986	0.01796	0.01545	0.10158	0.01742	0.01115	0.09415	0.01661	0.10880	0.01364	0.01483	0.01027	0.00707	0.00552	0.00211	0.00653	0.00494	0.00506	0.04527
4	0.49623	0.01438	0.01358	0.01136	0.01624	0.01569	0.00933	0.09226	0.05053	0.19410	0.01628	0.01624	0.01147	0.00764	0.00560	0.00225	0.00601	0.00522	0.00600	0.00959
5	0.02862	0.01317	0.01684	0.01302	0.01850	0.01196	0.01066	0.09629	0.05503	0.50611	0.05513	0.02444	0.01912	0.00890	0.00717	0.00214	0.00614	0.00723	0.00822	0.09131
6	0.05584	0.01435	0.01626	0.01339	0.01805	0.01492	0.01072	0.15166	0.23592	0.18594	0.11679	0.02686	0.02423	0.00964	0.00722	0.00221	0.00592	0.00787	0.00744	0.07476
7	0.00909	0.00642	0.00837	0.00982	0.01019	0.00606	0.00643	0.01018	0.01346	0.01795	0.03774	0.64591	0.04514	0.12066	0.01304	0.00351	0.00460	0.01930	0.00643	0.00570
8	0.01838	0.01766	0.07744	0.02158	0.02823	0.01483	0.34126	0.04964	0.01787	0.11878	0.02240	0.02440	0.08178	0.00783	0.00776	0.00220	0.00923	0.00815	0.00493	0.12566
9	0.01820	0.02141	0.12324	0.03934	0.55538	0.06957	0.02232	0.02291	0.01669	0.02320	0.01340	0.01726	0.01103	0.00661	0.00711	0.00216	0.00926	0.00619	0.00354	0.01118
10	0.01943	0.74891	0.03809	0.01244	0.01866	0.02876	0.01244	0.02177	0.01477	0.01710	0.01011	0.01166	0.00933	0.00622	0.00466	0.00155	0.00777	0.00389	0.00311	0.00933
11	0.02223	0.01007	0.01354	0.01117	0.01498	0.00890	0.00890	0.02533	0.02070	0.39022	0.33878	0.03849	0.04153	0.01172	0.00790	0.00227	0.00490	0.01002	0.00853	0.00981
12	0.01507	0.01292	0.01507	0.01077	0.01723	0.00969	0.00861	0.01830	0.01507	0.02369	0.01292	0.01507	0.01077	0.00538	0.00538	0.00108	0.00538	0.00431	0.00431	0.78898
13	0.01263	0.00631	0.00947	0.00947	0.00947	0.00631	0.00631	0.00947	0.00947	0.01263	0.01263	0.02210	0.01263	0.02525	0.02841	0.78851	0.00631	0.00631	0.00316	0.00316
14	0.01373	0.01292	0.02180	0.72707	0.05006	0.01615	0.02019	0.01857	0.01453	0.01857	0.01292	0.01938	0.00969	0.00727	0.00727	0.00242	0.00969	0.00646	0.00323	0.00807
15	0.02598	0.01427	0.08683	0.01364	0.01911	0.01087	0.03532	0.02961	0.02007	0.48228	0.15307	0.02921	0.02645	0.00979	0.00755	0.00227	0.00634	0.00826	0.00801	0.01107
16	0.02517	0.01747	0.01912	0.01496	0.02031	0.01866	0.01224	0.46139	0.07602	0.12081	0.02523	0.02428	0.08344	0.00971	0.00735	0.00220	0.00709	0.00757	0.00733	0.03966

[dist]
# distance from previous block
# <min> <max>
0	3

[block]
# block no. 1 follows, 28 sequences, length 105
# corresponding to MSA columns:
# 88-192
name=unknown_B
#
# <colnr> <probs for GDERKNQSTAVLIFYWHMCP>
#	G	D	E	R	K	N	Q	S	T	A	V	L	I	F	Y	W	H	M	C	P
0	0.20660	0.01262	0.01508	0.01245	0.01657	0.01293	0.04832	0.08683	0.06545	0.17600	0.23578	0.03024	0.03108	0.01020	0.00712	0.00228	0.00567	0.00843	0.00700	0.00931
1	0.01725	0.01651	0.02816	0.16347	0.58615	0.01708	0.02194	0.02166	0.01620	0.02285	0.01354	0.01823	0.01120	0.00661	0.00721	0.00220	0.00882	0.00647	0.00353	0.01092
2	0.01536	0.01299	0.01508	0.01088	0.01712	0.01005	0.00866	0.04047	0.01559	0.02414	0.01338	0.01616	0.01131	0.02846	0.00643	0.00130	0.00552	0.00458	0.00441	0.73810
3	0.00900	0.00718	0.00796	0.00816	0.01004	0.00625	0.00591	0.01093	0.01654	0.02081	0.16910	0.18189	0.45342	0.04770	0.00985	0.00270	0.00387	0.01570	0.00686	0.00615
4	0.01507	0.01292	0.01507	0.01077	0.01723	0.00969	0.00861	0.01830	0.01507	0.02369	0.01292	0.01507	0.01077	0.00538	0.00538	0.00108	0.00538	0.00431	0.00431	0.78898
5	0.01752	0.01679	0.02866	0.11989	0.62759	0.01715	0.02207	0.02190	0.01633	0.02318	0.01359	0.01814	0.01131	0.00656	0.00720	0.00219	0.00875	0.00647	0.00356	0.01113
6	0.00859	0.00736	0.00736	0.00736	0.00982	0.00614	0.00552	0.01043	0.01657	0.01964	0.07364	0.06996	0.69624	0.01841	0.00859	0.00245	0.00368	0.01534	0.00675	0.00614
7	0.01783	0.01664	0.02219	0.01870	0.01965	0.02231	0.01556	0.12552	0.01492	0.02215	0.01084	0.01616	0.01001	0.01207	0.02113	0.00302	0.61240	0.00639	0.00385	0.00868
8	0.01427	0.01371	0.02059	0.13423	0.02354	0.01794	0.04635	0.01671	0.01231	0.01797	0.01441	0.08617	0.01430	0.01752	0.10295	0.00403	0.42367	0.00800	0.00363	0.00769
9	0.02781	0.02062	0.02158	0.01666	0.02239	0.04944	0.01370	0.62472	0.03312	0.07017	0.01764	0.01756	0.01246	0.00869	0.00724	0.00217	0.00813	0.00650	0.00720	0.01221
10	0.01507	0.01292	0.01507	0.01077	0.01723	0.00969	0.00861	0.01830	0.01507	0.02369	0.01292	0.01507	0.01077	0.00538	0.00538	0.00108	0.00538	0.00431	0.00431	0.78898
11	0.01035	0.00776	0.00941	0.00933	0.01109	0.00720	0.00684	0.04367	0.01860	0.02501	0.34989	0.22796	0.21111	0.01740	0.00869	0.00249	0.00391	0.01524	0.00735	0.00671
12	0.00886	0.00633	0.00843	0.01012	0.01054	0.00590	0.00675	0.01012	0.01392	0.01856	0.04006	0.73979	0.04808	0.02277	0.00928	0.00295	0.00422	0.02066	0.00675	0.00590
13	0.01550	0.01342	0.02070	0.58287	0.04347	0.01628	0.01826	0.10270	0.01711	0.02270	0.01430	0.01970	0.01069	0.00754	0.00711	0.00234	0.00901	0.00649	0.06129	0.00853
14	0.00933	0.00727	0.00847	0.00843	0.01034	0.00641	0.00622	0.01177	0.01793	0.02348	0.32932	0.14225	0.35785	0.01744	0.00866	0.00244	0.00364	0.01505	0.00727	0.00641
15	0.02274	0.01660	0.01969	0.03904	0.02177	0.01647	0.03744	0.32113	0.04375	0.10359	0.01716	0.01782	0.01254	0.00750	0.00669	0.00184	0.00709	0.00599	0.00617	0.27497
16	0.01741	0.01958	0.03918	0.02985	0.07461	0.04197	0.54316	0.02281	0.01660	0.02252	0.01399	0.01891	0.01085	0.00689	0.01004	0.00249	0.08778	0.00809	0.00362	0.00966
17	0.02246	0.06590	0.01983	0.01621	0.02056	0.24784	0.01271	0.12306	0.33752	0.02763	0.02073	0.02027	0.01586	0.00871	0.00694	0.00218	0.00860	0.00657	0.00593	0.01049
18	0.01507	0.01292	0.01507	0.01077	0.01723	0.00969	0.00861	0.01830	0.01507	0.02369	0.01292	0.01507	0.01077	0.00538	0.00538	0.00108	0.00538	0.00431	0.00431	0.78898
19	0.01364	0.01552	0.12714	0.01372	0.01670	0.03662	0.01211	0.04010	0.09355	0.02052	0.04570	0.06794	0.02109	0.17535	0.19028	0.00574	0.08327	0.00864	0.00463	0.00774
20	0.02430	0.01844	0.01965	0.01577	0.02092	0.02062	0.01280	0.46401	0.22263	0.04059	0.02122	0.02064	0.01546	0.00905	0.00722	0.00224	0.00716	0.00704	0.03833	0.01189
21	0.02163	0.38671	0.02868	0.01472	0.01972	0.21641	0.01278	0.07976	0.06254	0.02073	0.01485	0.01605	0.03786	0.00773	0.00639	0.00185	0.03308	0.00516	0.00407	0.00931
22	0.01038	0.00779	0.01168	0.01168	0.01298	0.00909	0.00909	0.01298	0.01168	0.01687	0.01947	0.02856	0.01817	0.05452	0.71573	0.01168	0.01947	0.00779	0.00389	0.00649
23	0.03261	0.01237	0.01687	0.01293	0.01856	0.01068	0.01068	0.03543	0.02081	0.70423	0.02868	0.02474	0.01799	0.00900	0.00731	0.00225	0.00619	0.00731	0.00900	0.01237
24	0.00941	0.00763	0.01021	0.01017	0.01193	0.00684	0.04571	0.01143	0.01589	0.02047	0.12710	0.36321	0.29472	0.01921	0.00889	0.00266	0.00440	0.01706	0.00671	0.00633
25	0.02570	0.01667	0.01903	0.01498	0.01972	0.01800	0.01215	0.41888	0.02706	0.17569	0.02000	0.02230	0.01501	0.08298	0.04081	0.00312	0.04262	0.00714	0.00701	0.01113
26	0.00979	0.00737	0.00905	0.00872	0.01058	0.00663	0.00650	0.01272	0.01928	0.02626	0.50801	0.08421	0.23204	0.01609	0.00860	0.00236	0.00353	0.01400	0.00763	0.00663
27	0.01225	0.00877	0.01206	0.01350	0.01531	0.00885	0.01178	0.03737	0.01732	0.02257	0.03778	0.07981	0.04084	0.01970	0.00995	0.00331	0.00674	0.62850	0.00671	0.00689
28	0.01766	0.01693	0.02890	0.09783	0.64858	0.01718	0.02214	0.02202	0.01639	0.02334	0.01361	0.01810	0.01137	0.00654	0.00720	0.00218	0.00872	0.00648	0.00357	0.01125
29	0.01603	0.04233	0.04905	0.01940	0.02032	0.02213	0.04384	0.01809	0.01167	0.01793	0.00991	0.01589	0.00958	0.01200	0.02192	0.00306	0.64914	0.00633	0.00319	0.00818
30	0.01514	0.01505	0.06727	0.01245	0.01927	0.01063	0.04173	0.01889	0.01519	0.02362	0.01301	0.01531	0.01066	0.00553	0.00565	0.00123	0.00611	0.00459	0.00419	0.69448
31	0.02337	0.38437	0.02916	0.01565	0.02060	0.37918	0.01326	0.02547	0.01775	0.01745	0.01068	0.01240	0.00935	0.00687	0.00563	0.00172	0.01050	0.00429	0.00343	0.00887
32	0.01507	0.01292	0.01507	0.01077	0.01723	0.00969	0.00861	0.01830	0.01507	0.02369	0.01292	0.01507	0.01077	0.00538	0.00538	0.00108	0.00538	0.00431	0.00431	0.78898
33	0.00915	0.00739	0.00814	0.00795	0.01016	0.00638	0.00596	0.01152	0.01789	0.02278	0.27918	0.06478	0.48874	0.01724	0.00859	0.00240	0.00360	0.01462	0.00716	0.00638
34	0.79588	0.01406	0.01068	0.00956	0.01406	0.01631	0.00787	0.02137	0.01237	0.03261	0.01012	0.01181	0.00787	0.00675	0.00450	0.00225	0.00562	0.00394	0.00450	0.00787
35	0.15159	0.07067	0.02036	0.01524	0.02027	0.07307	0.01254	0.36727	0.11090	0.03650	0.01653	0.01698	0.01234	0.00843	0.00722	0.00220	0.03492	0.00600	0.00612	0.01084
36	0.79588	0.01406	0.01068	0.00956	0.01406	0.01631	0.00787	0.02137	0.01237	0.03261	0.01012	0.01181	0.00787	0.00675	0.00450	0.00225	0.00562	0.00394	0.00450	0.00787
37	0.00916	0.00649	0.00854	0.01007	0.01051	0.00613	0.00676	0.01040	0.01373	0.01828	0.03834	0.64180	0.04570	0.09201	0.01198	0.00336	0.00461	0.04982	0.00652	0.00580
38	0.34641	0.01306	0.01433	0.01155	0.01671	0.01300	0.00953	0.02965	0.01734	0.42812	0.02105	0.01942	0.01383	0.00807	0.00615	0.00225	0.00595	0.00592	0.00715	0.01052
39	0.01676	0.09778	0.01842	0.04501	0.04535	0.01641	0.01226	0.08673	0.28341	0.02700	0.05191	0.03962	0.05182	0.01207	0.00778	0.00253	0.00654	0.16255	0.00640	0.00966
40	0.07664	0.16890	0.52721	0.01829	0.02770	0.01906	0.02267	0.02266	0.01501	0.02266	0.01227	0.01438	0.00913	0.00677	0.00630	0.00216	0.00979	0.00498	0.00319	0.01025
41	0.03261	0.01237	0.01687	0.01293	0.01856	0.01068	0.01068	0.03543	0.02081	0.70423	0.02868	0.02474	0.01799	0.00900	0.00731	0.00225	0.00619	0.00731	0.00900	0.01237
42	0.00917	0.00739	0.00817	0.00797	0.01018	0.00638	0.00598	0.01156	0.01794	0.02290	0.28682	0.06459	0.48103	0.01719	0.00859	0.00240	0.00360	0.01459	0.00718	0.00638
43	0.00995	0.00717	0.00941	0.00938	0.01078	0.00663	0.00683	0.01286	0.01899	0.02663	0.53958	0.21725	0.06371	0.01674	0.00874	0.00244	0.00362	0.01493	0.00770	0.00663
44	0.01458	0.03760	0.70688	0.02072	0.03146	0.01688	0.02686	0.02302	0.01535	0.02302	0.01304	0.01535	0.00921	0.00691	0.00691	0.00230	0.01074	0.00537	0.00307	0.01074
45	0.03056	0.01371	0.01750	0.01350	0.01898	0.01284	0.01112	0.16080	0.02344	0.54179	0.05835	0.02471	0.01930	0.00922	0.00736	0.00224	0.00641	0.00744	0.00861	0.01211
46	0.03261	0.01237	0.01687	0.01293	0.01856	0.01068	0.01068	0.03543	0.02081	0.70423	0.02868	0.02474	0.01799	0.00900	0.00731	0.00225	0.00619	0.00731	0.00900	0.01237
47	0.79588	0.01406	0.01068	0.00956	0.01406	0.01631	0.00787	0.02137	0.01237	0.03261	0.01012	0.01181	0.00787	0.00675	0.00450	0.00225	0.00562	0.00394	0.00450	0.00787
48	0.04112	0.01296	0.01493	0.01073	0.01712	0.00991	0.00859	0.01841	0.01498	0.02398	0.01283	0.01496	0.01067	0.00543	0.00535	0.00112	0.00539	0.00429	0.00431	0.76292
49	0.01739	0.44988	0.31925	0.01592	0.02404	0.02377	0.01850	0.02229	0.01501	0.01959	0.01134	0.01321	0.00928	0.00651	0.00561	0.00187	0.00902	0.00451	0.00309	0.00992
50	0.01355	0.00678	0.00678	0.00678	0.00847	0.00678	0.00508	0.01694	0.01524	0.02710	0.02371	0.02710	0.01863	0.00847	0.00508	0.00169	0.00339	0.00678	0.78489	0.00678
51	0.00889	0.00729	0.00783	0.00787	0.01005	0.00624	0.00584	0.01095	0.01702	0.02112	0.17317	0.11961	0.54258	0.01817	0.00864	0.00247	0.00368	0.01540	0.00696	0.00624
52	0.01023	0.00743	0.00963	0.00908	0.01082	0.00683	0.00681	0.01360	0.02043	0.02880	0.67251	0.05487	0.09166	0.01499	0.00857	0.00229	0.00344	0.01323	0.00796	0.00683
53	0.01507	0.01292	0.01507	0.01077	0.01723	0.00969	0.00861	0.01830	0.01507	0.02369	0.01292	0.01507	0.01077	0.00538	0.00538	0.00108	0.00538	0.00431	0.00431	0.78898
54	0.79588	0.01406	0.01068	0.00956	0.01406	0.01631	0.00787	0.02137	0.01237	0.03261	0.01012	0.01181	0.00787	0.00675	0.00450	0.00225	0.00562	0.00394	0.00450	0.00787
55	0.01716	0.01961	0.04289	0.03064	0.03799	0.01838	0.67279	0.02328	0.01716	0.02328	0.01471	0.01961	0.01103	0.00613	0.00858	0.00245	0.01225	0.00858	0.00368	0.00980
56	0.01226	0.01096	0.01165	0.01226	0.06552	0.06765	0.00837	0.03986	0.01910	0.02439	0.29538	0.05320	0.32247	0.01485	0.00825	0.00231	0.00493	0.01259	0.00674	0.00726
57	0.01876	0.01443	0.01639	0.01499	0.04136	0.01547	0.01144	0.03338	0.45717	0.10064	0.02758	0.02935	0.02150	0.00990	0.00734	0.00233	0.00592	0.05764	0.00700	0.10741
58	0.01507	0.01292	0.01507	0.01077	0.01723	0.00969	0.00861	0.01830	0.01507	0.02369	0.01292	0.01507	0.01077	0.00538	0.00538	0.00108	0.00538	0.00431	0.00431	0.78898
59	0.00927	0.00714	0.00847	0.00867	0.01037	0.00634	0.00630	0.01155	0.01739	0.02283	0.29125	0.22354	0.31438	0.01816	0.00875	0.00251	0.00372	0.01581	0.00720	0.00634
60	0.01600	0.01548	0.02706	0.35256	0.35370	0.01685	0.07207	0.02069	0.01569	0.02137	0.01341	0.01875	0.01065	0.00681	0.00734	0.00230	0.00940	0.00663	0.00344	0.00982
61	0.00886	0.00633	0.00843	0.01012	0.01054	0.00590	0.00675	0.01012	0.01392	0.01856	0.04006	0.73979	0.04808	0.02277	0.00928	0.00295	0.00422	0.02066	0.00675	0.00590
62	0.00886	0.00633	0.00843	0.01012	0.01054	0.00590	0.00675	0.01012	0.01392	0.01856	0.04006	0.73979	0.04808	0.02277	0.00928	0.00295	0.00422	0.02066	0.00675	0.00590
63	0.79588	0.01406	0.01068	0.00956	0.01406	0.01631	0.00787	0.02137	0.01237	0.03261	0.01012	0.01181	0.00787	0.00675	0.00450	0.00225	0.00562	0.00394	0.00450	0.00787
64	0.00944	0.00680	0.00886	0.00959	0.01056	0.00630	0.00668	0.01150	0.01642	0.02244	0.28692	0.43779	0.07845	0.04094	0.00981	0.00280	0.00399	0.01735	0.00715	0.00623
65	0.01793	0.01745	0.03055	0.04353	0.64764	0.01736	0.07303	0.02238	0.01660	0.02371	0.01375	0.01812	0.01148	0.00645	0.00730	0.00218	0.00892	0.00664	0.00360	0.01138
66	0.01023	0.00739	0.00967	0.00918	0.01085	0.00682	0.00685	0.01357	0.02031	0.02873	0.66922	0.08164	0.06777	0.01518	0.00860	0.00231	0.00346	0.01345	0.00795	0.00682
67	0.01263	0.00631	0.00947	0.00947	0.00947	0.00631	0.00631	0.00947	0.00947	0.01263	0.01263	0.02210	0.01263	0.02525	0.02841	0.78851	0.00631	0.00631	0.00316	0.00316
68	0.01507	0.01292	0.01507	0.01077	0.01723	0.00969	0.00861	0.01830	0.01507	0.02369	0.01292	0.01507	0.01077	0.00538	0.00538	0.00108	0.00538	0.00431	0.00431	0.78898
69	0.00893	0.00738	0.00784	0.00772	0.01003	0.00628	0.00579	0.01110	0.01738	0.02156	0.19920	0.06679	0.56948	0.01769	0.00859	0.00242	0.00363	0.01490	0.00700	0.00628
70	0.01715	0.22869	0.38858	0.01811	0.02581	0.08171	0.02059	0.02259	0.01518	0.02034	0.01170	0.01421	0.00929	0.00742	0.00815	0.00216	0.09033	0.00502	0.00315	0.00984
71	0.01017	0.00743	0.00955	0.00902	0.01079	0.00681	0.00677	0.01349	0.02030	0.02848	0.65179	0.05540	0.11257	0.01511	0.00857	0.00230	0.00345	0.01330	0.00791	0.00681
72	0.02053	0.64764	0.03561	0.01333	0.01920	0.12611	0.01267	0.02280	0.01560	0.01720	0.01027	0.01187	0.00933	0.00640	0.00493	0.00160	0.00853	0.00400	0.00320	0.00920
73	0.00925	0.00676	0.00877	0.01026	0.01094	0.00641	0.00702	0.01127	0.03707	0.01912	0.04126	0.66151	0.07800	0.02203	0.00921	0.00292	0.00433	0.04097	0.00677	0.00613
74	0.01796	0.01737	0.03007	0.04403	0.67136	0.01732	0.04969	0.02235	0.01658	0.02373	0.01372	0.01806	0.01149	0.00646	0.00725	0.00217	0.00879	0.00657	0.00360	0.01144
75	0.01056	0.00706	0.00800	0.00798	0.00804	0.00704	0.00450	0.01069	0.01096	0.01468	0.04891	0.04783	0.02806	0.71632	0.03590	0.00686	0.00691	0.01067	0.00454	0.00450
76	0.01014	0.00735	0.00982	0.01137	0.01235	0.00717	0.00857	0.01281	0.03976	0.02005	0.03915	0.49584	0.04505	0.02140	0.00946	0.00306	0.00509	0.22842	0.00675	0.00637
77	0.01498	0.07893	0.63935	0.02065	0.03098	0.01765	0.05319	0.02296	0.01539	0.02268	0.01294	0.01531	0.00929	0.00683	0.00684	0.00226	0.01063	0.00542	0.00310	0.01062
78	0.01507	0.01292	0.01507	0.01077	0.01723	0.00969	0.00861	0.01830	0.01507	0.02369	0.01292	0.01507	0.01077	0.00538	0.00538	0.00108	0.00538	0.00431	0.00431	0.78898
79	0.01023	0.00743	0.00963	0.00908	0.01082	0.00683	0.00681	0.01360	0.02043	0.02880	0.67232	0.05488	0.09185	0.01499	0.00857	0.00229	0.00344	0.01323	0.00796	0.00683
80	0.76504	0.01499	0.03817	0.01000	0.01474	0.01633	0.00862	0.02143	0.01249	0.03223	0.01024	0.01195	0.00792	0.00675	0.00459	0.00225	0.00583	0.00399	0.00444	0.00799
81	0.01501	0.01423	0.02412	0.52167	0.24544	0.01649	0.02083	0.01970	0.01514	0.02013	0.01315	0.01896	0.01024	0.00703	0.00725	0.00234	0.00937	0.00646	0.00334	0.00911
82	0.01458	0.03760	0.70688	0.02072	0.03146	0.01688	0.02686	0.02302	0.01535	0.02302	0.01304	0.01535	0.00921	0.00691	0.00691	0.00230	0.01074	0.00537	0.00307	0.01074
83	0.00886	0.00633	0.00843	0.01012	0.01054	0.00590	0.00675	0.01012	0.01392	0.01856	0.04006	0.73979	0.04808	0.02277	0.00928	0.00295	0.00422	0.02066	0.00675	0.00590
84	0.01794	0.01741	0.03030	0.04379	0.66007	0.01734	0.06080	0.02237	0.01659	0.02372	0.01373	0.01809	0.01149	0.00646	0.00728	0.00218	0.00885	0.00660	0.00360	0.01141
85	0.01736	0.01346	0.01660	0.01495	0.01805	0.06283	0.06883	0.15619	0.02017	0.07724	0.02973	0.25790	0.03069	0.01554	0.00863	0.00271	0.00712	0.16699	0.00653	0.00847
86	0.00908	0.00676	0.00848	0.00954	0.01059	0.00616	0.00668	0.01081	0.01539	0.02019	0.12662	0.49017	0.18804	0.02079	0.00907	0.00278	0.00410	0.04176	0.00690	0.00610
87	0.79588	0.01406	0.01068	0.00956	0.01406	0.01631	0.00787	0.02137	0.01237	0.03261	0.01012	0.01181	0.00787	0.00675	0.00450	0.00225	0.00562	0.00394	0.00450	0.00787
88	0.01799	0.01727	0.02950	0.04462	0.69919	0.01727	0.02231	0.02231	0.01655	0.02375	0.01367	0.01799	0.01151	0.00648	0.00720	0.00216	0.00864	0.00648	0.00360	0.01151
89	0.01057	0.00705	0.00793	0.00793	0.00793	0.00705	0.00440	0.01057	0.01057	0.01409	0.02290	0.04757	0.02643	0.74454	0.03700	0.00705	0.00705	0.01057	0.00440	0.00440
90	0.01146	0.00819	0.01143	0.01310	0.01467	0.00815	0.01128	0.01463	0.01649	0.02147	0.03862	0.13944	0.04238	0.02032	0.00997	0.00331	0.00648	0.59529	0.00670	0.00662
91	0.01943	0.74891	0.03809	0.01244	0.01866	0.02876	0.01244	0.02177	0.01477	0.01710	0.01011	0.01166	0.00933	0.00622	0.00466	0.00155	0.00777	0.00389	0.00311	0.00933
92	0.02395	0.34221	0.02870	0.01524	0.02083	0.16221	0.01326	0.26126	0.02300	0.02770	0.01301	0.01406	0.01044	0.00738	0.00599	0.00185	0.00891	0.00501	0.00475	0.01026
93	0.03261	0.01237	0.01687	0.01293	0.01856	0.01068	0.01068	0.03543	0.02081	0.70423	0.02868	0.02474	0.01799	0.00900	0.00731	0.00225	0.00619	0.00731	0.00900	0.01237
94	0.01029	0.00743	0.00972	0.00914	0.01086	0.00686	0.00686	0.01372	0.02058	0.02915	0.69536	0.05430	0.06859	0.01486	0.00857	0.00229	0.00343	0.01315	0.00800	0.00686
95	0.02235	0.19233	0.19503	0.01776	0.02387	0.36361	0.01687	0.05091	0.01853	0.02002	0.01168	0.01351	0.00943	0.00711	0.00625	0.00192	0.01115	0.00475	0.00357	0.00935
96	0.00886	0.00633	0.00843	0.01012	0.01054	0.00590	0.00675	0.01012	0.01392	0.01856	0.04006	0.73979	0.04808	0.02277	0.00928	0.00295	0.00422	0.02066	0.00675	0.00590
97	0.01171	0.00837	0.01171	0.01339	0.01506	0.00837	0.01171	0.01506	0.01673	0.02175	0.03849	0.08199	0.04183	0.02008	0.01004	0.00335	0.00669	0.65027	0.00669	0.00669
98	0.02670	0.07691	0.02163	0.01835	0.02225	0.67473	0.01395	0.02860	0.02025	0.01775	0.01117	0.01302	0.00936	0.00742	0.00644	0.00185	0.01279	0.00463	0.00371	0.00848
99	0.01799	0.01727	0.02950	0.04462	0.69919	0.01727	0.02231	0.02231	0.01655	0.02375	0.01367	0.01799	0.01151	0.00648	0.00720	0.00216	0.00864	0.00648	0.00360	0.01151
100	0.02793	0.01989	0.02152	0.01650	0.02231	0.02184	0.01363	0.63711	0.03339	0.08477	0.01812	0.01788	0.01270	0.00874	0.00727	0.00219	0.00789	0.00659	0.00737	0.01236
101	0.01047	0.00700	0.00796	0.00806	0.00808	0.00698	0.00454	0.01054	0.01077	0.01436	0.02392	0.08853	0.02771	0.70183	0.03536	0.00680	0.00688	0.01117	0.00454	0.00449
102	0.00993	0.00764	0.00830	0.00822	0.01067	0.00656	0.00634	0.01209	0.01714	0.04730	0.13089	0.06758	0.55688	0.01782	0.00865	0.00250	0.00399	0.06405	0.00696	0.00649
103	0.01867	0.63749	0.14285	0.01373	0.02066	0.02690	0.01470	0.02196	0.01486	0.01803	0.01057	0.01224	0.00931	0.00633	0.00502	0.00167	0.00824	0.00412	0.00310	0.00955
104	0.01453	0.04350	0.04825	0.64441	0.04704	0.01693	0.01988	0.04432	0.01534	0.01974	0.01299	0.01885	0.00976	0.00727	0.00715	0.00237	0.00959	0.00632	0.00338	0.00839

[dist]
# distance from previous block
# <min> <max>
0	3

# created by:
# /st0/software/busco_prod/Augustus/scripts/msa2prfl.pl ./align_prep/160902.fa
