[name]
unknown

[dist]
# distance from previous block
# <min> <max>
0	5

[block]
# block no. 0 follows, 28 sequences, length 14
# corresponding to MSA columns:
# 5-18
name=unknown_A
#
# <colnr> <probs for GDERKNQSTAVLIFYWHMCP>
#	G	D	E	R	K	N	Q	S	T	A	V	L	I	F	Y	W	H	M	C	P
0	0.02191	0.04991	0.14587	0.01671	0.02261	0.01641	0.06919	0.14241	0.11615	0.19522	0.02191	0.04523	0.01674	0.03172	0.00883	0.00250	0.03136	0.02826	0.00622	0.01084
1	0.01914	0.31433	0.27864	0.01558	0.02339	0.02055	0.01728	0.05084	0.01650	0.09900	0.01383	0.01502	0.01051	0.00682	0.00595	0.00190	0.00850	0.00497	0.00403	0.07322
2	0.02356	0.01992	0.07572	0.01643	0.02176	0.02013	0.01422	0.48787	0.02836	0.03855	0.01819	0.07771	0.01482	0.00993	0.00863	0.00229	0.06430	0.00753	0.00645	0.04363
3	0.01834	0.56156	0.17762	0.01586	0.05712	0.02567	0.01597	0.02206	0.01498	0.01869	0.01091	0.01276	0.00942	0.00638	0.00527	0.00174	0.00844	0.00433	0.00313	0.00974
4	0.01458	0.03760	0.70688	0.02072	0.03146	0.01688	0.02686	0.02302	0.01535	0.02302	0.01304	0.01535	0.00921	0.00691	0.00691	0.00230	0.01074	0.00537	0.00307	0.01074
5	0.01507	0.01292	0.01507	0.01077	0.01723	0.00969	0.00861	0.01830	0.01507	0.02369	0.01292	0.01507	0.01077	0.00538	0.00538	0.00108	0.00538	0.00431	0.00431	0.78898
6	0.01624	0.09514	0.33989	0.02242	0.10026	0.07093	0.09511	0.02214	0.01624	0.02199	0.01665	0.02546	0.01451	0.00870	0.00735	0.00236	0.00999	0.10103	0.00379	0.00981
7	0.01820	0.01858	0.02938	0.07078	0.43861	0.07177	0.11686	0.02297	0.03997	0.02270	0.01383	0.01807	0.01140	0.00717	0.00871	0.00229	0.06777	0.00670	0.00370	0.01057
8	0.01799	0.01727	0.02950	0.04462	0.69919	0.01727	0.02231	0.02231	0.01655	0.02375	0.01367	0.01799	0.01151	0.00648	0.00720	0.00216	0.00864	0.00648	0.00360	0.01151
9	0.01405	0.01308	0.02190	0.51256	0.17590	0.01526	0.01916	0.01841	0.01487	0.01961	0.01601	0.09718	0.01422	0.00879	0.00747	0.00243	0.00889	0.00800	0.00369	0.00853
10	0.01691	0.01301	0.01616	0.06920	0.02011	0.01093	0.01013	0.02014	0.01546	0.09673	0.01446	0.01651	0.01140	0.00629	0.00665	0.00142	0.04128	0.00491	0.00467	0.60365
11	0.01567	0.01558	0.02221	0.09581	0.02244	0.02160	0.01637	0.01761	0.01150	0.01761	0.00991	0.01628	0.00956	0.01213	0.02206	0.00310	0.65303	0.00637	0.00319	0.00797
12	0.00897	0.00641	0.00853	0.01005	0.01057	0.00598	0.00676	0.01040	0.01443	0.01937	0.09071	0.68681	0.04966	0.02216	0.00922	0.00290	0.00416	0.02008	0.00684	0.00598
13	0.02045	0.26044	0.02383	0.01458	0.01874	0.23872	0.01194	0.07152	0.09199	0.02114	0.01839	0.14178	0.01777	0.01010	0.00656	0.00205	0.00862	0.00775	0.00472	0.00891

[dist]
# distance from previous block
# <min> <max>
5	41

[block]
# block no. 1 follows, 28 sequences, length 70
# corresponding to MSA columns:
# 69-138
name=unknown_B
#
# <colnr> <probs for GDERKNQSTAVLIFYWHMCP>
#	G	D	E	R	K	N	Q	S	T	A	V	L	I	F	Y	W	H	M	C	P
0	0.02392	0.08612	0.02146	0.01681	0.05429	0.09051	0.01303	0.26994	0.18648	0.09756	0.01977	0.01944	0.01459	0.00840	0.00690	0.00211	0.00769	0.00648	0.00640	0.04808
1	0.01307	0.00805	0.01061	0.00962	0.01182	0.00733	0.00733	0.01642	0.02060	0.11319	0.61237	0.05062	0.06229	0.01413	0.00842	0.00228	0.00377	0.01242	0.00813	0.00754
2	0.01981	0.71533	0.03734	0.01264	0.01884	0.02848	0.01250	0.05187	0.01566	0.01843	0.01044	0.01193	0.00947	0.00633	0.00478	0.00158	0.00778	0.00401	0.00330	0.00947
3	0.03043	0.01254	0.01662	0.01294	0.01827	0.01126	0.01062	0.05864	0.05269	0.60780	0.06738	0.02631	0.02094	0.00937	0.00739	0.00226	0.00607	0.00767	0.00880	0.01201
4	0.12337	0.01353	0.01597	0.01306	0.01810	0.01355	0.01057	0.03461	0.21470	0.42316	0.02663	0.02383	0.01796	0.00897	0.00699	0.00231	0.00599	0.00716	0.00797	0.01156
5	0.01204	0.00783	0.01034	0.00952	0.01153	0.00723	0.00723	0.01540	0.02032	0.08176	0.62221	0.05119	0.06306	0.01562	0.03026	0.00257	0.00414	0.01252	0.00795	0.00728
6	0.00886	0.00633	0.00843	0.01012	0.01054	0.00590	0.00675	0.01012	0.01392	0.01856	0.04006	0.73979	0.04808	0.02277	0.00928	0.00295	0.00422	0.02066	0.00675	0.00590
7	0.01702	0.01919	0.04056	0.02933	0.03585	0.01882	0.59853	0.02263	0.01648	0.02263	0.01412	0.01919	0.01086	0.00687	0.01031	0.00253	0.09354	0.00833	0.00362	0.00959
8	0.01111	0.03336	0.01234	0.01142	0.01241	0.01014	0.00860	0.01297	0.01196	0.01696	0.02192	0.13412	0.02287	0.16269	0.38686	0.00820	0.08237	0.00986	0.02357	0.00629
9	0.01700	0.01930	0.04192	0.06274	0.03855	0.01828	0.64271	0.02307	0.01704	0.02307	0.01462	0.01960	0.01097	0.00618	0.00852	0.00245	0.01214	0.00848	0.00366	0.00972
10	0.02715	0.03464	0.02060	0.01873	0.02247	0.71536	0.01404	0.02903	0.02060	0.01779	0.01124	0.01311	0.00936	0.00749	0.00655	0.00187	0.01311	0.00468	0.00375	0.00843
11	0.01716	0.01961	0.04289	0.03064	0.03799	0.01838	0.67279	0.02328	0.01716	0.02328	0.01471	0.01961	0.01103	0.00613	0.00858	0.00245	0.01225	0.00858	0.00368	0.00980
12	0.01724	0.01679	0.02970	0.09752	0.53141	0.01690	0.10261	0.02178	0.01647	0.02317	0.01490	0.02131	0.01273	0.00714	0.00751	0.00227	0.00908	0.03695	0.00372	0.01079
13	0.00899	0.00642	0.00859	0.01027	0.01076	0.00602	0.00698	0.01035	0.01405	0.01871	0.03999	0.70893	0.04778	0.02265	0.00931	0.00297	0.00433	0.05021	0.00675	0.00594
14	0.01013	0.00731	0.00957	0.00925	0.01082	0.00675	0.00685	0.01331	0.01983	0.02796	0.62194	0.13110	0.06629	0.01575	0.00865	0.00236	0.00352	0.01399	0.00786	0.00675
15	0.01716	0.01961	0.04289	0.03064	0.03799	0.01838	0.67279	0.02328	0.01716	0.02328	0.01471	0.01961	0.01103	0.00613	0.00858	0.00245	0.01225	0.00858	0.00368	0.00980
16	0.01707	0.02036	0.07384	0.03081	0.06816	0.01826	0.61210	0.02323	0.01704	0.02329	0.01458	0.01933	0.01097	0.00618	0.00844	0.00243	0.01202	0.00833	0.00364	0.00993
17	0.00983	0.00750	0.00904	0.01000	0.01115	0.00724	0.00691	0.01312	0.08306	0.01977	0.04434	0.51477	0.16225	0.05231	0.01018	0.00299	0.00440	0.01798	0.00671	0.00645
18	0.01855	0.61908	0.16016	0.01395	0.02099	0.02659	0.01507	0.02200	0.01488	0.01818	0.01064	0.01233	0.00931	0.00634	0.00507	0.00169	0.00832	0.00416	0.00310	0.00959
19	0.01829	0.01197	0.01442	0.01439	0.07084	0.04542	0.01005	0.07691	0.05112	0.18149	0.17398	0.18743	0.08585	0.01368	0.00806	0.00240	0.00566	0.01184	0.00720	0.00901
20	0.01699	0.01928	0.04184	0.06525	0.03859	0.01827	0.64036	0.02305	0.01703	0.02305	0.01462	0.01960	0.01096	0.00618	0.00851	0.00245	0.01213	0.00847	0.00365	0.00972
21	0.01799	0.01727	0.02950	0.04462	0.69919	0.01727	0.02231	0.02231	0.01655	0.02375	0.01367	0.01799	0.01151	0.00648	0.00720	0.00216	0.00864	0.00648	0.00360	0.01151
22	0.01688	0.01735	0.02499	0.02381	0.12125	0.05565	0.07204	0.01927	0.01291	0.01892	0.01067	0.01638	0.00995	0.01099	0.01925	0.00290	0.52835	0.00648	0.00331	0.00866
23	0.01783	0.05224	0.36064	0.05289	0.13456	0.01698	0.08993	0.02398	0.01614	0.10730	0.01498	0.01744	0.01089	0.00730	0.00796	0.00231	0.04584	0.00616	0.00397	0.01067
24	0.00897	0.00641	0.00857	0.01025	0.01073	0.00600	0.00695	0.01032	0.01403	0.01869	0.04000	0.71302	0.04782	0.02266	0.00931	0.00297	0.00432	0.04629	0.00675	0.00594
25	0.01499	0.01498	0.02417	0.01987	0.02157	0.01872	0.14680	0.01763	0.01257	0.01862	0.01357	0.05450	0.01303	0.01806	0.12220	0.00428	0.44514	0.00773	0.00356	0.00801
26	0.07412	0.54508	0.05250	0.01295	0.01872	0.09025	0.01239	0.04707	0.01593	0.02001	0.01126	0.01290	0.00980	0.00660	0.00502	0.00169	0.00800	0.00425	0.04228	0.00917
27	0.00906	0.00652	0.00859	0.00988	0.01057	0.00605	0.00672	0.01066	0.01499	0.02016	0.13795	0.61585	0.07311	0.02146	0.00915	0.00284	0.00408	0.01937	0.00693	0.00605
28	0.01458	0.03760	0.70688	0.02072	0.03146	0.01688	0.02686	0.02302	0.01535	0.02302	0.01304	0.01535	0.00921	0.00691	0.00691	0.00230	0.01074	0.00537	0.00307	0.01074
29	0.05119	0.06654	0.07971	0.01403	0.01945	0.04576	0.01236	0.09374	0.14754	0.28965	0.05206	0.02520	0.05183	0.00931	0.00709	0.00224	0.00685	0.00740	0.00705	0.01100
30	0.01852	0.01836	0.02780	0.07255	0.58208	0.07232	0.02102	0.02348	0.05006	0.02337	0.01424	0.01812	0.01179	0.00676	0.00716	0.00216	0.00889	0.00642	0.00378	0.01111
31	0.00950	0.00794	0.00840	0.00852	0.01097	0.00707	0.00662	0.01255	0.05329	0.02049	0.06685	0.06910	0.57794	0.01815	0.00871	0.00257	0.00417	0.09388	0.00678	0.00650
32	0.01681	0.01680	0.03073	0.12349	0.39369	0.01722	0.18288	0.02145	0.01600	0.02241	0.01394	0.01898	0.01140	0.00903	0.04191	0.00276	0.03959	0.00705	0.00357	0.01028
33	0.01455	0.03557	0.65096	0.02149	0.06250	0.01653	0.02596	0.02255	0.01536	0.02290	0.01399	0.04007	0.01064	0.00742	0.00700	0.00232	0.01042	0.00594	0.00322	0.01062
34	0.00892	0.00638	0.00850	0.01008	0.01056	0.00595	0.00675	0.01029	0.01423	0.01906	0.07099	0.70745	0.04904	0.02240	0.00924	0.00292	0.00418	0.02031	0.00681	0.00595
35	0.01681	0.01767	0.06300	0.17259	0.43366	0.01737	0.09981	0.02154	0.01595	0.02240	0.01345	0.01824	0.01091	0.00686	0.00804	0.00229	0.03879	0.00667	0.00349	0.01046
36	0.07116	0.34102	0.20453	0.01410	0.02043	0.02035	0.01499	0.02085	0.01499	0.05229	0.01886	0.06671	0.06776	0.00890	0.00670	0.00206	0.03450	0.00658	0.00401	0.00920
37	0.01835	0.01974	0.05153	0.18651	0.43144	0.12378	0.02076	0.02256	0.01669	0.02170	0.01312	0.01745	0.01071	0.00682	0.00710	0.00218	0.00962	0.00616	0.00352	0.01027
38	0.01716	0.01961	0.04289	0.03064	0.03799	0.01838	0.67279	0.02328	0.01716	0.02328	0.01471	0.01961	0.01103	0.00613	0.00858	0.00245	0.01225	0.00858	0.00368	0.00980
39	0.08804	0.01631	0.01708	0.01421	0.01901	0.05468	0.01138	0.16059	0.26368	0.21718	0.02417	0.02254	0.01712	0.00897	0.00699	0.00228	0.00664	0.00705	0.03077	0.01130
40	0.02688	0.01978	0.02121	0.01634	0.02190	0.02186	0.01340	0.64582	0.03314	0.04442	0.01769	0.01877	0.01298	0.04100	0.00858	0.00239	0.00796	0.00672	0.00715	0.01201
41	0.01039	0.00776	0.01152	0.01152	0.01276	0.00900	0.00888	0.01287	0.01163	0.01675	0.01962	0.02939	0.01853	0.08478	0.68596	0.01148	0.01893	0.00791	0.00392	0.00640
42	0.01943	0.74891	0.03809	0.01244	0.01866	0.02876	0.01244	0.02177	0.01477	0.01710	0.01011	0.01166	0.00933	0.00622	0.00466	0.00155	0.00777	0.00389	0.00311	0.00933
43	0.01890	0.54997	0.18000	0.01462	0.02165	0.07120	0.01563	0.02251	0.01528	0.01841	0.01081	0.01254	0.00930	0.00645	0.00527	0.00174	0.00876	0.00426	0.00314	0.00957
44	0.01341	0.01300	0.08713	0.01328	0.01636	0.01092	0.03792	0.08324	0.05035	0.02314	0.05236	0.10609	0.09246	0.15632	0.01420	0.00360	0.00693	0.20589	0.00588	0.00752
45	0.00886	0.00633	0.00843	0.01012	0.01054	0.00590	0.00675	0.01012	0.01392	0.01856	0.04006	0.73979	0.04808	0.02277	0.00928	0.00295	0.00422	0.02066	0.00675	0.00590
46	0.00924	0.00767	0.00812	0.00802	0.01036	0.00671	0.00600	0.01204	0.04336	0.02151	0.16802	0.08656	0.55168	0.01765	0.00856	0.00244	0.00374	0.01488	0.00697	0.00645
47	0.02085	0.01699	0.05683	0.01931	0.12146	0.01704	0.01396	0.15859	0.29122	0.11051	0.07548	0.02503	0.02105	0.00926	0.00740	0.00232	0.00677	0.00775	0.00680	0.01137
48	0.00994	0.00722	0.00928	0.00947	0.01085	0.00670	0.00695	0.01256	0.01790	0.02457	0.40886	0.21219	0.11269	0.05734	0.01040	0.00279	0.00407	0.06246	0.00732	0.00644
49	0.02679	0.03396	0.02095	0.01974	0.04901	0.68798	0.01437	0.02876	0.02044	0.01802	0.01133	0.01330	0.00945	0.00745	0.00658	0.00188	0.01293	0.00475	0.00374	0.00855
50	0.01629	0.01792	0.03755	0.20688	0.04105	0.01782	0.50764	0.02209	0.01649	0.02209	0.01425	0.01955	0.01069	0.00642	0.00825	0.00244	0.01161	0.00804	0.00356	0.00937
51	0.00929	0.00712	0.00909	0.01018	0.01102	0.00693	0.00718	0.01075	0.01438	0.01882	0.04493	0.54613	0.17308	0.02127	0.00997	0.00288	0.04405	0.04027	0.00655	0.00609
52	0.01263	0.00631	0.00947	0.00947	0.00947	0.00631	0.00631	0.00947	0.00947	0.01263	0.01263	0.02210	0.01263	0.02525	0.02841	0.78851	0.00631	0.00631	0.00316	0.00316
53	0.02562	0.07123	0.02135	0.04423	0.02304	0.58195	0.01400	0.04881	0.06683	0.01952	0.01271	0.01437	0.01036	0.00762	0.00656	0.00193	0.01202	0.00501	0.00405	0.00880
54	0.01684	0.01910	0.04158	0.02986	0.03695	0.01791	0.64745	0.02278	0.01703	0.02310	0.01567	0.04701	0.01244	0.00676	0.00861	0.00247	0.01195	0.00904	0.00379	0.00966
55	0.00910	0.00648	0.00860	0.01012	0.01063	0.00609	0.00686	0.01049	0.01419	0.01898	0.06809	0.65760	0.04791	0.04978	0.01033	0.00309	0.00439	0.04464	0.00671	0.00592
56	0.01191	0.15070	0.01500	0.00963	0.01228	0.01103	0.00782	0.01499	0.01911	0.02600	0.50923	0.04741	0.11136	0.01350	0.00782	0.00216	0.00429	0.01155	0.00695	0.00727
57	0.01943	0.74891	0.03809	0.01244	0.01866	0.02876	0.01244	0.02177	0.01477	0.01710	0.01011	0.01166	0.00933	0.00622	0.00466	0.00155	0.00777	0.00389	0.00311	0.00933
58	0.01943	0.74891	0.03809	0.01244	0.01866	0.02876	0.01244	0.02177	0.01477	0.01710	0.01011	0.01166	0.00933	0.00622	0.00466	0.00155	0.00777	0.00389	0.00311	0.00933
59	0.00927	0.00668	0.00885	0.01035	0.01109	0.00627	0.00731	0.01092	0.01471	0.01950	0.07220	0.59413	0.07885	0.02186	0.00931	0.00295	0.00446	0.09844	0.00680	0.00606
60	0.01139	0.00789	0.00882	0.00830	0.01092	0.00675	0.00633	0.01366	0.01783	0.09127	0.19814	0.06210	0.49693	0.01671	0.00846	0.00240	0.00388	0.01407	0.00724	0.00692
61	0.00900	0.00646	0.00832	0.00974	0.01025	0.00603	0.00645	0.01018	0.01378	0.01821	0.04066	0.63107	0.08854	0.09007	0.01183	0.00330	0.00445	0.01937	0.00653	0.00578
62	0.00886	0.00633	0.00843	0.01012	0.01054	0.00590	0.00675	0.01012	0.01392	0.01856	0.04006	0.73979	0.04808	0.02277	0.00928	0.00295	0.00422	0.02066	0.00675	0.00590
63	0.79588	0.01406	0.01068	0.00956	0.01406	0.01631	0.00787	0.02137	0.01237	0.03261	0.01012	0.01181	0.00787	0.00675	0.00450	0.00225	0.00562	0.00394	0.00450	0.00787
64	0.01474	0.00839	0.01081	0.00978	0.01234	0.00750	0.00748	0.01762	0.01949	0.17248	0.40668	0.10681	0.14763	0.01477	0.00836	0.00236	0.00413	0.01283	0.00793	0.00786
65	0.01577	0.01510	0.02718	0.37988	0.04004	0.01670	0.22251	0.06288	0.01659	0.02249	0.01455	0.01984	0.01101	0.00729	0.00806	0.00238	0.03411	0.00715	0.06769	0.00879
66	0.03130	0.01374	0.01763	0.01359	0.01919	0.01281	0.01120	0.13548	0.04749	0.57643	0.02696	0.02369	0.01727	0.00899	0.00731	0.00225	0.00645	0.00722	0.00867	0.01234
67	0.74448	0.01368	0.01075	0.00981	0.01412	0.01579	0.00812	0.02095	0.01266	0.03190	0.01198	0.01641	0.01010	0.00762	0.00486	0.00232	0.00569	0.04631	0.00464	0.00779
68	0.28953	0.01301	0.01538	0.10069	0.02095	0.01327	0.01091	0.02855	0.01716	0.39074	0.02041	0.01968	0.01352	0.00802	0.00635	0.00227	0.00643	0.00606	0.00675	0.01031
69	0.49752	0.16682	0.01811	0.01175	0.01653	0.12226	0.00992	0.04547	0.01484	0.02773	0.01054	0.01217	0.00855	0.00682	0.00493	0.00205	0.00725	0.00413	0.00420	0.00841

[dist]
# distance from previous block
# <min> <max>
0	2

[block]
# block no. 2 follows, 28 sequences, length 13
# corresponding to MSA columns:
# 141-153
name=unknown_C
#
# <colnr> <probs for GDERKNQSTAVLIFYWHMCP>
#	G	D	E	R	K	N	Q	S	T	A	V	L	I	F	Y	W	H	M	C	P
0	0.08545	0.01768	0.03154	0.02894	0.19325	0.01804	0.31069	0.07211	0.01731	0.02523	0.01656	0.02039	0.04319	0.00768	0.00924	0.00241	0.07868	0.00761	0.00410	0.00990
1	0.02076	0.17294	0.11374	0.01697	0.02259	0.22762	0.07160	0.12208	0.01998	0.02331	0.02055	0.02168	0.09870	0.00864	0.00677	0.00204	0.00965	0.00661	0.00445	0.00933
2	0.06356	0.01289	0.01602	0.01427	0.05250	0.01264	0.01073	0.10636	0.09547	0.33566	0.08037	0.08980	0.05549	0.01091	0.00750	0.00233	0.00595	0.00910	0.00772	0.01072
3	0.00904	0.00651	0.00862	0.01024	0.01083	0.00608	0.00704	0.01047	0.01421	0.01882	0.04126	0.66840	0.07292	0.02242	0.00930	0.00296	0.00437	0.06379	0.00674	0.00597
4	0.01695	0.02242	0.14849	0.12544	0.09855	0.06097	0.37398	0.02286	0.01665	0.02229	0.01387	0.01831	0.01048	0.00653	0.00786	0.00236	0.01137	0.00731	0.00351	0.00980
5	0.01705	0.01434	0.01597	0.03385	0.07013	0.07459	0.01164	0.09437	0.17212	0.05412	0.02778	0.03302	0.09049	0.04091	0.16784	0.00461	0.00995	0.05242	0.00575	0.00906
6	0.00886	0.00633	0.00843	0.01012	0.01054	0.00590	0.00675	0.01012	0.01392	0.01856	0.04006	0.73979	0.04808	0.02277	0.00928	0.00295	0.00422	0.02066	0.00675	0.00590
7	0.08788	0.50565	0.03180	0.01362	0.01936	0.06927	0.04056	0.02446	0.07917	0.05019	0.01305	0.01415	0.01088	0.00681	0.00532	0.00179	0.00786	0.00471	0.00396	0.00951
8	0.03340	0.08590	0.04293	0.04065	0.02128	0.01983	0.07132	0.11084	0.03893	0.02307	0.01865	0.02218	0.07676	0.01278	0.04527	0.00303	0.31276	0.00726	0.00433	0.00883
9	0.02286	0.01524	0.10250	0.01422	0.01953	0.01183	0.04984	0.06818	0.04413	0.34594	0.07190	0.09225	0.08662	0.01106	0.00771	0.00235	0.00662	0.00943	0.00731	0.01048
10	0.08711	0.53281	0.09764	0.01475	0.04694	0.07918	0.01393	0.02243	0.01514	0.01933	0.01062	0.01239	0.00928	0.00644	0.00511	0.00174	0.00832	0.00420	0.00330	0.00935
11	0.01675	0.01631	0.02121	0.07031	0.13881	0.10299	0.06528	0.04822	0.03742	0.02098	0.01532	0.02123	0.01338	0.04733	0.15507	0.00447	0.14863	0.00690	0.04079	0.00859
12	0.02200	0.01661	0.01990	0.01772	0.08949	0.01728	0.03074	0.34058	0.07707	0.06051	0.06475	0.02138	0.01724	0.00846	0.00700	0.00203	0.00698	0.00691	0.05395	0.11939

[dist]
# distance from previous block
# <min> <max>
0	2

[block]
# block no. 3 follows, 28 sequences, length 21
# corresponding to MSA columns:
# 156-176
name=unknown_D
#
# <colnr> <probs for GDERKNQSTAVLIFYWHMCP>
#	G	D	E	R	K	N	Q	S	T	A	V	L	I	F	Y	W	H	M	C	P
0	0.02538	0.01882	0.02070	0.05113	0.02290	0.02084	0.01354	0.58722	0.03152	0.04220	0.01911	0.07777	0.01521	0.00983	0.00744	0.00226	0.00777	0.00772	0.00703	0.01161
1	0.00938	0.00722	0.00834	0.00836	0.01007	0.00644	0.00601	0.01150	0.01697	0.02211	0.27066	0.14672	0.33997	0.08993	0.01149	0.00292	0.00400	0.01481	0.00693	0.00617
2	0.01537	0.01319	0.01521	0.01117	0.01739	0.01052	0.00890	0.02032	0.08175	0.02435	0.01458	0.01627	0.01190	0.00583	0.00558	0.00121	0.00542	0.00470	0.00461	0.71172
3	0.02406	0.01802	0.01965	0.01521	0.02072	0.01909	0.01239	0.51255	0.02938	0.03997	0.01840	0.07211	0.01481	0.00923	0.00710	0.00205	0.00727	0.00724	0.00673	0.14401
4	0.05151	0.00713	0.00696	0.00691	0.00874	0.00724	0.00522	0.01715	0.01510	0.02737	0.02305	0.02636	0.01811	0.00839	0.00505	0.00172	0.00350	0.00664	0.74703	0.00683
5	0.01796	0.01310	0.01556	0.01128	0.01760	0.01028	0.00908	0.04353	0.01654	0.11936	0.01527	0.01650	0.01183	0.00600	0.00572	0.00128	0.00559	0.00480	0.00506	0.65367
6	0.02801	0.01205	0.01599	0.01228	0.01771	0.01021	0.01004	0.03094	0.01989	0.54141	0.08144	0.02567	0.02105	0.00892	0.00711	0.00207	0.00583	0.00732	0.00818	0.13388
7	0.01565	0.19380	0.56002	0.01890	0.02865	0.01949	0.02369	0.02274	0.01522	0.02172	0.01240	0.01454	0.00923	0.00676	0.00641	0.00214	0.01009	0.00505	0.00308	0.01043
8	0.01583	0.20263	0.41735	0.01873	0.02677	0.02001	0.05489	0.02178	0.01474	0.02083	0.01234	0.01528	0.00973	0.00920	0.03679	0.00260	0.08206	0.00538	0.00315	0.00991
9	0.01082	0.00860	0.01005	0.01058	0.01282	0.00828	0.00857	0.01527	0.09045	0.02157	0.05393	0.10286	0.34440	0.01831	0.00904	0.00281	0.00507	0.25286	0.00680	0.00693
10	0.01057	0.00705	0.00793	0.00793	0.00793	0.00705	0.00440	0.01057	0.01057	0.01409	0.02290	0.04757	0.02643	0.74454	0.03700	0.00705	0.00705	0.01057	0.00440	0.00440
11	0.00886	0.00633	0.00843	0.01012	0.01054	0.00590	0.00675	0.01012	0.01392	0.01856	0.04006	0.73979	0.04808	0.02277	0.00928	0.00295	0.00422	0.02066	0.00675	0.00590
12	0.01355	0.00678	0.00678	0.00678	0.00847	0.00678	0.00508	0.01694	0.01524	0.02710	0.02371	0.02710	0.01863	0.00847	0.00508	0.00169	0.00339	0.00678	0.78489	0.00678
13	0.01511	0.01366	0.02180	0.65648	0.04733	0.01679	0.01955	0.08380	0.01649	0.02128	0.01337	0.01919	0.00996	0.00741	0.00727	0.00240	0.00952	0.00647	0.00363	0.00850
14	0.00914	0.00660	0.00867	0.00996	0.01070	0.00613	0.00687	0.01080	0.01506	0.02017	0.13118	0.58902	0.08405	0.02138	0.00917	0.00285	0.00417	0.04109	0.00692	0.00607
15	0.00882	0.00646	0.00830	0.00977	0.01045	0.00593	0.00659	0.01016	0.01425	0.01869	0.04428	0.65561	0.12954	0.02222	0.00919	0.00289	0.00415	0.02000	0.00675	0.00593
16	0.07686	0.02211	0.18034	0.02974	0.19925	0.01725	0.29873	0.02245	0.01615	0.02393	0.01448	0.03880	0.01160	0.00692	0.00757	0.00234	0.01027	0.00735	0.00368	0.01017
17	0.01407	0.01181	0.01579	0.11280	0.10512	0.01269	0.01207	0.03736	0.19223	0.02669	0.25567	0.07868	0.05443	0.01203	0.00797	0.00240	0.00578	0.02704	0.00649	0.00887
18	0.05219	0.47754	0.09934	0.01452	0.02066	0.14969	0.01406	0.06178	0.01692	0.02014	0.01103	0.01263	0.00944	0.00668	0.00537	0.00175	0.00895	0.00434	0.00352	0.00943
19	0.02622	0.01759	0.01933	0.01515	0.02037	0.01903	0.01236	0.47203	0.08092	0.13789	0.02057	0.02083	0.01478	0.03318	0.00814	0.00235	0.00726	0.00693	0.05339	0.01170
20	0.05537	0.00765	0.00799	0.00803	0.01029	0.00681	0.00597	0.01147	0.01655	0.02153	0.14774	0.13889	0.50118	0.01774	0.00842	0.00248	0.00382	0.01497	0.00678	0.00631

[dist]
# distance from previous block
# <min> <max>
2	8

[block]
# block no. 4 follows, 28 sequences, length 123
# corresponding to MSA columns:
# 185-307
name=unknown_E
#
# <colnr> <probs for GDERKNQSTAVLIFYWHMCP>
#	G	D	E	R	K	N	Q	S	T	A	V	L	I	F	Y	W	H	M	C	P
0	0.04917	0.00979	0.01106	0.04080	0.01397	0.00976	0.00797	0.10822	0.01915	0.02573	0.19266	0.07668	0.31063	0.04197	0.04760	0.00304	0.00560	0.01229	0.00661	0.00731
1	0.01443	0.00926	0.01113	0.01017	0.01288	0.00874	0.00777	0.04874	0.07089	0.12663	0.28126	0.12951	0.20975	0.01512	0.00832	0.00241	0.00439	0.01301	0.00761	0.00800
2	0.15607	0.01777	0.01900	0.10550	0.14850	0.16135	0.04086	0.04598	0.01754	0.02458	0.10850	0.05720	0.04934	0.00932	0.00700	0.00223	0.00817	0.00769	0.00477	0.00864
3	0.01468	0.01397	0.01545	0.01732	0.11451	0.13863	0.01143	0.01724	0.01407	0.01823	0.01754	0.02553	0.01621	0.08744	0.40644	0.00778	0.01521	0.00719	0.03367	0.00744
4	0.00981	0.00741	0.00906	0.00865	0.01057	0.00666	0.00648	0.01280	0.01945	0.02649	0.52138	0.05868	0.24423	0.01585	0.00858	0.00233	0.00350	0.01376	0.00765	0.00666
5	0.01573	0.05678	0.40623	0.08596	0.19206	0.01750	0.07928	0.02245	0.01570	0.02261	0.01321	0.01653	0.00996	0.00674	0.00706	0.00226	0.01017	0.00594	0.00326	0.01057
6	0.01480	0.03620	0.65773	0.02194	0.05538	0.01695	0.05114	0.02301	0.01546	0.02306	0.01313	0.01560	0.00936	0.00686	0.00698	0.00230	0.01073	0.00553	0.00311	0.01073
7	0.02967	0.01174	0.01583	0.01235	0.01752	0.01016	0.01012	0.03247	0.02056	0.61751	0.07999	0.02937	0.05859	0.00994	0.00747	0.00226	0.00585	0.00817	0.00880	0.01163
8	0.00886	0.00633	0.00843	0.01012	0.01054	0.00590	0.00675	0.01012	0.01392	0.01856	0.04006	0.73979	0.04808	0.02277	0.00928	0.00295	0.00422	0.02066	0.00675	0.00590
9	0.05558	0.15341	0.02090	0.01337	0.01860	0.01714	0.01124	0.11847	0.14233	0.30968	0.02287	0.02207	0.01628	0.03634	0.00783	0.00233	0.00666	0.00672	0.00701	0.01116
10	0.01610	0.01213	0.01515	0.01363	0.01638	0.01260	0.04553	0.25139	0.02142	0.02867	0.03050	0.43926	0.03314	0.01679	0.00851	0.00265	0.00602	0.01490	0.00677	0.00845
11	0.01373	0.01292	0.02180	0.72707	0.05006	0.01615	0.02019	0.01857	0.01453	0.01857	0.01292	0.01938	0.00969	0.00727	0.00727	0.00242	0.00969	0.00646	0.00323	0.00807
12	0.01565	0.01580	0.02411	0.04710	0.02216	0.02082	0.09497	0.01790	0.01212	0.01828	0.01167	0.04919	0.01147	0.01217	0.02072	0.00305	0.58404	0.00728	0.00340	0.00809
13	0.02601	0.01843	0.02010	0.01585	0.02119	0.02020	0.01293	0.50891	0.11452	0.09983	0.02098	0.05194	0.01571	0.00953	0.00738	0.00226	0.00739	0.00746	0.00741	0.01196
14	0.02668	0.01906	0.02062	0.01593	0.02134	0.02091	0.01301	0.59863	0.03191	0.07459	0.01836	0.01989	0.01361	0.05994	0.00934	0.00252	0.00785	0.00686	0.00715	0.01181
15	0.01901	0.01564	0.01664	0.01478	0.01901	0.01793	0.01155	0.06021	0.63622	0.05888	0.02913	0.02669	0.02168	0.00979	0.00739	0.00245	0.00585	0.00812	0.00746	0.01157
16	0.01357	0.01043	0.01434	0.12654	0.05014	0.01114	0.01193	0.08630	0.04764	0.02349	0.07019	0.21613	0.03296	0.01639	0.00978	0.04553	0.00652	0.19340	0.00601	0.00758
17	0.01500	0.03508	0.62287	0.02368	0.11427	0.01693	0.02629	0.02293	0.01550	0.02311	0.01312	0.01567	0.00949	0.00685	0.00694	0.00228	0.01048	0.00551	0.00313	0.01084
18	0.00899	0.00642	0.00859	0.01028	0.01076	0.00602	0.00698	0.01035	0.01405	0.01871	0.03999	0.70884	0.04778	0.02265	0.00931	0.00297	0.00433	0.05029	0.00675	0.00594
19	0.01063	0.00768	0.01027	0.01171	0.01304	0.00746	0.00949	0.01313	0.01567	0.02034	0.04134	0.24692	0.10345	0.05883	0.01113	0.00336	0.00580	0.39684	0.00659	0.00632
20	0.13224	0.01775	0.02627	0.03808	0.56220	0.05510	0.01975	0.02254	0.01616	0.02472	0.01302	0.01682	0.01086	0.00657	0.00677	0.00216	0.00844	0.00601	0.00374	0.01081
21	0.01395	0.01024	0.01226	0.01161	0.01332	0.01085	0.00846	0.16253	0.01834	0.02484	0.08990	0.32975	0.03510	0.14739	0.04129	0.00378	0.03894	0.01383	0.00630	0.00731
22	0.00913	0.00659	0.00820	0.00937	0.00998	0.00614	0.00617	0.01024	0.01366	0.01789	0.04134	0.52797	0.12846	0.15225	0.01418	0.00363	0.00466	0.01815	0.00633	0.00566
23	0.01525	0.05788	0.55260	0.02291	0.08249	0.01767	0.07125	0.02268	0.01535	0.02263	0.01295	0.01575	0.00954	0.00707	0.00777	0.00232	0.04449	0.00568	0.00316	0.01056
24	0.02059	0.40495	0.08133	0.01526	0.02043	0.21958	0.01405	0.02324	0.01637	0.01824	0.03694	0.01434	0.01162	0.00750	0.00711	0.00186	0.06934	0.00478	0.00348	0.00897
25	0.01846	0.01326	0.01424	0.01269	0.01638	0.03717	0.00987	0.02969	0.34662	0.14723	0.06374	0.03739	0.13714	0.05155	0.00930	0.00267	0.00574	0.02966	0.00729	0.00992
26	0.00906	0.00756	0.00793	0.00791	0.01023	0.00656	0.00590	0.01159	0.03702	0.02084	0.13184	0.10245	0.57982	0.01803	0.00859	0.00246	0.00375	0.01519	0.00689	0.00636
27	0.02052	0.41961	0.09967	0.01464	0.02083	0.04649	0.04223	0.04937	0.06335	0.10355	0.01495	0.01607	0.01185	0.00915	0.03718	0.00230	0.00864	0.00526	0.00436	0.00997
28	0.02564	0.16891	0.02142	0.01338	0.01870	0.01686	0.01134	0.08843	0.15307	0.34131	0.04977	0.02296	0.01847	0.00879	0.00681	0.00214	0.00649	0.00693	0.00725	0.01134
29	0.01638	0.02138	0.13324	0.02785	0.03505	0.01780	0.52463	0.02242	0.01650	0.02279	0.01535	0.05009	0.01232	0.00725	0.00905	0.00248	0.04349	0.00856	0.00370	0.00968
30	0.01389	0.01268	0.02103	0.52856	0.12052	0.01499	0.01903	0.01843	0.01514	0.01971	0.01725	0.02960	0.01523	0.00930	0.00772	0.00254	0.00907	0.11321	0.00385	0.00825
31	0.01706	0.05140	0.16310	0.01639	0.08619	0.01279	0.01400	0.04231	0.05765	0.13702	0.14058	0.05326	0.09825	0.01099	0.00750	0.00229	0.00661	0.03321	0.03987	0.00951
32	0.01728	0.01665	0.02872	0.15375	0.57237	0.01713	0.04417	0.02174	0.01625	0.02290	0.01359	0.01827	0.01120	0.00659	0.00725	0.00221	0.00893	0.00655	0.00354	0.01090
33	0.02055	0.01424	0.01579	0.01365	0.01775	0.01550	0.01064	0.08346	0.41818	0.15993	0.02979	0.02958	0.05023	0.07512	0.01005	0.00281	0.00603	0.00843	0.00740	0.01088
34	0.10605	0.03151	0.52447	0.01969	0.05578	0.01657	0.02279	0.02430	0.05182	0.06049	0.01446	0.01618	0.01032	0.00714	0.00669	0.00230	0.00955	0.00551	0.00380	0.01057
35	0.11946	0.09566	0.02179	0.01593	0.02111	0.19294	0.01302	0.37202	0.02627	0.03446	0.01431	0.01512	0.01078	0.00793	0.00650	0.00205	0.00895	0.00551	0.00565	0.01055
36	0.00894	0.00733	0.00780	0.00806	0.01017	0.00633	0.00602	0.01075	0.01605	0.01942	0.06564	0.12551	0.55965	0.05641	0.01022	0.00280	0.00412	0.06208	0.00662	0.00607
37	0.02780	0.04601	0.01830	0.01359	0.01882	0.01446	0.01121	0.19131	0.06222	0.40700	0.08979	0.02537	0.02137	0.00943	0.00731	0.00222	0.00641	0.00759	0.00813	0.01165
38	0.01646	0.01819	0.06155	0.09625	0.03324	0.01799	0.39726	0.05533	0.01657	0.02276	0.01568	0.07152	0.01338	0.00863	0.01067	0.00258	0.12009	0.00868	0.00395	0.00924
39	0.02184	0.01727	0.05342	0.01410	0.01830	0.12563	0.01155	0.09849	0.12458	0.19865	0.12521	0.10939	0.02724	0.01122	0.00759	0.00230	0.00704	0.00926	0.00698	0.00994
40	0.00920	0.00639	0.00845	0.00990	0.01026	0.00602	0.00653	0.01013	0.01340	0.01786	0.03716	0.64319	0.04437	0.08415	0.01264	0.04474	0.00457	0.01905	0.00636	0.00563
41	0.01579	0.07994	0.11387	0.01734	0.02034	0.10225	0.05784	0.01863	0.01421	0.01888	0.01786	0.18743	0.01871	0.01272	0.01340	0.00267	0.26652	0.00936	0.00411	0.00814
42	0.47853	0.01695	0.11019	0.03235	0.01901	0.01515	0.04013	0.02326	0.01472	0.12851	0.04967	0.01698	0.01293	0.00751	0.00571	0.00227	0.00670	0.00539	0.00507	0.00897
43	0.01836	0.10821	0.06275	0.03198	0.41758	0.08184	0.01843	0.02221	0.01704	0.04383	0.07214	0.04170	0.01708	0.00784	0.00699	0.00210	0.00840	0.00696	0.00416	0.01038
44	0.01331	0.01119	0.01553	0.01671	0.11486	0.01060	0.04502	0.06250	0.04977	0.02298	0.03280	0.32057	0.11034	0.01476	0.00804	0.00239	0.00574	0.01326	0.00583	0.12378
45	0.02561	0.01892	0.02035	0.01595	0.02128	0.02100	0.01307	0.57014	0.08606	0.04269	0.01880	0.01907	0.01365	0.01043	0.03231	0.00252	0.00802	0.00674	0.04155	0.01184
46	0.02464	0.01431	0.01731	0.04718	0.02021	0.01438	0.01145	0.15937	0.15326	0.29682	0.07330	0.02479	0.02035	0.00913	0.00723	0.00218	0.00635	0.00745	0.00757	0.08270
47	0.01470	0.03691	0.68388	0.02153	0.05413	0.01689	0.02670	0.02300	0.01539	0.02304	0.01307	0.01544	0.00929	0.00689	0.00692	0.00230	0.01067	0.00541	0.00309	0.01077
48	0.01943	0.74891	0.03809	0.01244	0.01866	0.02876	0.01244	0.02177	0.01477	0.01710	0.01011	0.01166	0.00933	0.00622	0.00466	0.00155	0.00777	0.00389	0.00311	0.00933
49	0.04794	0.03653	0.01700	0.01301	0.01806	0.03719	0.01063	0.05712	0.08444	0.48927	0.08815	0.02626	0.02201	0.00941	0.00725	0.00224	0.00624	0.00762	0.00820	0.01143
50	0.01149	0.00907	0.00971	0.00912	0.01189	0.00854	0.00697	0.03568	0.11110	0.04465	0.15672	0.05867	0.46739	0.01611	0.00834	0.00242	0.00414	0.01351	0.00711	0.00737
51	0.00973	0.00806	0.00865	0.00867	0.01106	0.00730	0.00664	0.01326	0.06855	0.02140	0.11788	0.08719	0.51791	0.01773	0.00864	0.00253	0.00409	0.06717	0.00690	0.00665
52	0.01495	0.01681	0.05895	0.02560	0.06660	0.01506	0.44087	0.01985	0.01635	0.02214	0.02278	0.17151	0.05269	0.01025	0.00858	0.00253	0.00990	0.01119	0.00444	0.00894
53	0.00972	0.00693	0.00908	0.01047	0.01112	0.00671	0.00724	0.01178	0.04418	0.01891	0.03762	0.59915	0.04406	0.04964	0.01114	0.03728	0.00468	0.06773	0.00653	0.00604
54	0.02569	0.02074	0.02098	0.04740	0.02322	0.08909	0.01371	0.50506	0.08151	0.03972	0.01738	0.01775	0.01264	0.00848	0.00713	0.00213	0.00828	0.00639	0.00663	0.04607
55	0.01891	0.01961	0.05719	0.08720	0.52600	0.08136	0.02114	0.05840	0.01769	0.02402	0.01358	0.01750	0.01114	0.00677	0.00713	0.00216	0.00918	0.00627	0.00376	0.01100
56	0.00872	0.00736	0.00758	0.00771	0.01005	0.00621	0.00581	0.01060	0.01646	0.01967	0.07084	0.09954	0.64308	0.01866	0.00868	0.00251	0.00382	0.03981	0.00675	0.00615
57	0.01996	0.57773	0.07091	0.01378	0.01970	0.12777	0.01333	0.02256	0.01554	0.01752	0.01079	0.01271	0.00966	0.00827	0.03197	0.00203	0.00916	0.00423	0.00323	0.00917
58	0.01954	0.67778	0.07255	0.01317	0.01951	0.06044	0.01327	0.02217	0.01507	0.01745	0.01031	0.01192	0.00932	0.00631	0.00487	0.00161	0.00818	0.00400	0.00314	0.00936
59	0.01073	0.00770	0.01055	0.01217	0.01349	0.00753	0.00997	0.01338	0.01586	0.02070	0.04022	0.28361	0.06696	0.02085	0.00975	0.00319	0.00583	0.43438	0.00671	0.00643
60	0.01215	0.00832	0.01119	0.01234	0.01419	0.00808	0.01051	0.01511	0.01659	0.05196	0.04178	0.09721	0.11936	0.04515	0.01067	0.00331	0.00624	0.50233	0.00672	0.00678
61	0.01757	0.01865	0.08414	0.06300	0.55508	0.01728	0.02156	0.02384	0.08191	0.02416	0.01515	0.01871	0.01231	0.00687	0.00719	0.00221	0.00856	0.00655	0.00391	0.01133
62	0.01511	0.09996	0.55803	0.07962	0.06200	0.01793	0.02477	0.02250	0.01528	0.02214	0.01279	0.01546	0.00936	0.00685	0.00674	0.00224	0.01029	0.00538	0.00311	0.01043
63	0.01458	0.03760	0.70688	0.02072	0.03146	0.01688	0.02686	0.02302	0.01535	0.02302	0.01304	0.01535	0.00921	0.00691	0.00691	0.00230	0.01074	0.00537	0.00307	0.01074
64	0.02913	0.01215	0.01607	0.01262	0.01774	0.01087	0.01031	0.05140	0.04997	0.57518	0.08821	0.02865	0.04378	0.00984	0.00746	0.00227	0.00590	0.00809	0.00872	0.01165
65	0.02110	0.05594	0.02343	0.04797	0.26529	0.27531	0.01633	0.05359	0.07483	0.02233	0.01817	0.02022	0.05812	0.00806	0.00696	0.00208	0.00967	0.00645	0.00431	0.00984
66	0.02318	0.02744	0.02055	0.01891	0.04463	0.47424	0.04217	0.04844	0.05535	0.01974	0.01372	0.01667	0.01151	0.01414	0.10323	0.00333	0.04443	0.00566	0.00405	0.00861
67	0.00893	0.00639	0.00838	0.00994	0.01040	0.00596	0.00660	0.01015	0.01385	0.01839	0.04035	0.68745	0.06749	0.05524	0.01051	0.00312	0.00433	0.02004	0.00664	0.00584
68	0.05604	0.01467	0.02390	0.39612	0.03756	0.01823	0.09700	0.01897	0.01373	0.01956	0.01199	0.01798	0.00971	0.00871	0.01218	0.00264	0.22287	0.00655	0.00334	0.00824
69	0.01563	0.03007	0.46641	0.04014	0.02995	0.04241	0.11781	0.02246	0.01600	0.05197	0.01799	0.05818	0.04179	0.00828	0.00737	0.00235	0.01017	0.00719	0.00381	0.01005
70	0.01216	0.00795	0.01044	0.00997	0.01202	0.00734	0.00780	0.01544	0.01982	0.08046	0.51427	0.05686	0.09382	0.01535	0.00869	0.00245	0.00414	0.10597	0.00782	0.00723
71	0.00879	0.00741	0.00765	0.00769	0.01008	0.00626	0.00584	0.01077	0.01675	0.02014	0.09922	0.06977	0.64181	0.01832	0.00865	0.00248	0.00380	0.04158	0.00680	0.00619
72	0.04527	0.62594	0.12919	0.01348	0.02026	0.02670	0.01427	0.02193	0.01477	0.01845	0.01051	0.01217	0.00926	0.00633	0.00497	0.00168	0.00811	0.00409	0.00315	0.00947
73	0.05917	0.01066	0.01221	0.01079	0.01422	0.01051	0.00843	0.02353	0.16654	0.17412	0.20657	0.04354	0.20448	0.01294	0.00782	0.00236	0.00473	0.01084	0.00757	0.00896
74	0.00885	0.00637	0.00839	0.01001	0.01051	0.00591	0.00670	0.01013	0.01403	0.01860	0.04146	0.71201	0.07496	0.02259	0.00925	0.00293	0.00420	0.02044	0.00675	0.00591
75	0.01606	0.01619	0.02186	0.01882	0.01898	0.04277	0.01562	0.01769	0.01144	0.01748	0.00993	0.01625	0.00983	0.01398	0.04682	0.00343	0.68537	0.00636	0.00322	0.00792
76	0.01283	0.00811	0.01164	0.01135	0.01317	0.00741	0.04348	0.01494	0.01624	0.11583	0.14362	0.46118	0.07445	0.01849	0.00882	0.00270	0.00478	0.01671	0.00709	0.00718
77	0.01737	0.01663	0.02838	0.14441	0.60427	0.01711	0.02200	0.02176	0.01626	0.02299	0.01356	0.01819	0.01125	0.00659	0.00721	0.00220	0.00879	0.00647	0.00354	0.01101
78	0.01596	0.01607	0.02318	0.01959	0.01992	0.02209	0.04495	0.01775	0.01140	0.01775	0.00977	0.01607	0.00961	0.01243	0.02318	0.00315	0.69944	0.00646	0.00320	0.00803
79	0.01717	0.01764	0.05730	0.03841	0.56050	0.04281	0.02044	0.02130	0.01652	0.02300	0.01781	0.06073	0.03764	0.00826	0.00741	0.00224	0.00843	0.02769	0.00396	0.01072
80	0.01675	0.03325	0.57858	0.02008	0.02968	0.01647	0.04488	0.02418	0.01583	0.09943	0.01470	0.01656	0.01027	0.00737	0.00774	0.00234	0.04161	0.00573	0.00376	0.01078
81	0.01119	0.00897	0.01323	0.01276	0.01387	0.01101	0.01008	0.01364	0.01160	0.01696	0.01802	0.02671	0.01691	0.04841	0.61456	0.01044	0.12355	0.00758	0.00379	0.00670
82	0.02671	0.01334	0.01641	0.01335	0.01833	0.01308	0.01078	0.05366	0.22683	0.44008	0.04327	0.02739	0.04328	0.00969	0.00740	0.00232	0.00596	0.00796	0.00836	0.01178
83	0.01706	0.47470	0.20708	0.01417	0.02100	0.02302	0.01547	0.02110	0.01563	0.02010	0.09476	0.01783	0.01655	0.00745	0.00572	0.00184	0.00801	0.00540	0.00370	0.00939
84	0.15743	0.01868	0.16710	0.10544	0.02695	0.01457	0.13866	0.02232	0.01608	0.11631	0.07261	0.02363	0.01701	0.00892	0.00789	0.02920	0.00843	0.03476	0.00483	0.00918
85	0.00867	0.00737	0.00747	0.00745	0.00987	0.00617	0.00559	0.01059	0.01676	0.02008	0.10289	0.06922	0.66671	0.01824	0.00859	0.00245	0.00367	0.01524	0.00681	0.00617
86	0.01647	0.02225	0.15781	0.05894	0.03615	0.01827	0.48759	0.02266	0.01633	0.02266	0.01400	0.01861	0.01055	0.00674	0.00921	0.00247	0.05822	0.00778	0.00352	0.00977
87	0.02412	0.01671	0.01686	0.01424	0.01883	0.10257	0.01128	0.09621	0.26405	0.25064	0.02951	0.02724	0.07500	0.00989	0.00735	0.00229	0.00686	0.00791	0.00740	0.01103
88	0.01331	0.00937	0.01226	0.03891	0.01445	0.01065	0.00916	0.08744	0.01503	0.02236	0.01978	0.02700	0.01736	0.06275	0.40234	0.00758	0.03519	0.00744	0.18039	0.00723
89	0.01222	0.01117	0.00984	0.00951	0.01203	0.10212	0.00711	0.01422	0.01748	0.04679	0.12465	0.11140	0.46205	0.01655	0.00832	0.00239	0.00507	0.01378	0.00656	0.00674
90	0.06065	0.05307	0.02587	0.01923	0.02467	0.10654	0.13844	0.37184	0.02597	0.03446	0.01501	0.01671	0.01122	0.00813	0.00823	0.00223	0.05490	0.00645	0.00559	0.01077
91	0.09025	0.02247	0.10438	0.07908	0.02516	0.08837	0.01538	0.39061	0.05523	0.03609	0.01580	0.01687	0.01149	0.00813	0.00692	0.00221	0.00868	0.00606	0.00582	0.01098
92	0.01626	0.04439	0.02489	0.01948	0.02166	0.04581	0.15212	0.01909	0.01342	0.01986	0.01279	0.01821	0.01125	0.01179	0.04055	0.00302	0.41139	0.00677	0.09904	0.00822
93	0.02453	0.01760	0.01928	0.01542	0.02029	0.01918	0.01246	0.53429	0.03012	0.06595	0.02184	0.14427	0.01883	0.01120	0.00762	0.00232	0.00727	0.00905	0.00725	0.01123
94	0.01564	0.01205	0.01660	0.07110	0.04102	0.01261	0.06183	0.02454	0.22081	0.08423	0.27533	0.03847	0.03799	0.01159	0.00804	0.00241	0.00588	0.04368	0.00698	0.00919
95	0.01906	0.69396	0.08976	0.01308	0.01965	0.02784	0.01355	0.02186	0.01481	0.01756	0.01033	0.01195	0.00932	0.00627	0.00484	0.00161	0.00800	0.00400	0.00311	0.00944
96	0.01690	0.02084	0.10005	0.05011	0.08883	0.01810	0.54730	0.02306	0.01688	0.02317	0.01443	0.01910	0.01087	0.00625	0.00829	0.00241	0.01177	0.00807	0.00360	0.00997
97	0.02415	0.01761	0.01918	0.01547	0.02037	0.01935	0.01248	0.47565	0.12319	0.06755	0.02245	0.10917	0.01844	0.01065	0.00754	0.00232	0.00713	0.00857	0.00730	0.01144
98	0.01559	0.18508	0.56821	0.01900	0.02881	0.01934	0.02387	0.02276	0.01523	0.02179	0.01244	0.01458	0.00923	0.00676	0.00644	0.00215	0.01013	0.00506	0.00308	0.01045
99	0.00873	0.00707	0.00775	0.00821	0.01006	0.00610	0.00592	0.01047	0.01597	0.01969	0.08772	0.25775	0.49020	0.01950	0.00878	0.00259	0.00382	0.01676	0.00680	0.00610
100	0.01822	0.01734	0.02942	0.06923	0.61671	0.01751	0.04883	0.05106	0.01728	0.02450	0.01385	0.01809	0.01146	0.00659	0.00726	0.00218	0.00880	0.00657	0.00375	0.01135
101	0.01456	0.01407	0.02198	0.45454	0.03814	0.01850	0.01854	0.01816	0.01323	0.01816	0.01162	0.01804	0.00963	0.00937	0.01365	0.00271	0.28744	0.00642	0.00321	0.00803
102	0.00887	0.00656	0.00830	0.00960	0.01043	0.00599	0.00654	0.01033	0.01467	0.01921	0.07438	0.59250	0.16272	0.02166	0.00913	0.00284	0.00409	0.01940	0.00680	0.00599
103	0.02393	0.01811	0.11346	0.04529	0.12214	0.01535	0.04040	0.09512	0.12835	0.28764	0.02231	0.02176	0.01542	0.00829	0.00730	0.00229	0.00762	0.00702	0.00657	0.01163
104	0.75467	0.01530	0.04741	0.01015	0.01498	0.01634	0.00887	0.02145	0.01253	0.03211	0.01028	0.01200	0.00794	0.00676	0.00463	0.00225	0.00589	0.00401	0.00442	0.00802
105	0.01520	0.09446	0.59497	0.02089	0.03097	0.01799	0.08112	0.02294	0.01545	0.02256	0.01295	0.01541	0.00937	0.00678	0.00687	0.00225	0.01063	0.00552	0.00312	0.01055
106	0.00885	0.00637	0.00839	0.01002	0.01052	0.00591	0.00670	0.01013	0.01402	0.01860	0.04135	0.71423	0.07282	0.02261	0.00925	0.00293	0.00420	0.02046	0.00675	0.00591
107	0.01600	0.24549	0.51141	0.01830	0.02772	0.02035	0.02264	0.02265	0.01518	0.02129	0.01219	0.01427	0.00924	0.00671	0.00625	0.00208	0.00988	0.00494	0.00308	0.01033
108	0.01536	0.15172	0.59957	0.01939	0.02941	0.01879	0.02454	0.02282	0.01525	0.02207	0.01257	0.01476	0.00923	0.00680	0.00655	0.00218	0.01027	0.00513	0.00308	0.01052
109	0.01799	0.01363	0.01438	0.01197	0.01588	0.01422	0.00950	0.31645	0.05204	0.03204	0.04159	0.04143	0.29523	0.05277	0.00936	0.00255	0.00592	0.01046	0.03345	0.00914
110	0.01246	0.00955	0.01407	0.01743	0.11459	0.00948	0.01267	0.01596	0.01718	0.02295	0.11528	0.06924	0.04068	0.01745	0.00944	0.00304	0.00658	0.47812	0.00640	0.00742
111	0.03006	0.01334	0.01709	0.01344	0.01884	0.01252	0.01099	0.07283	0.12513	0.56135	0.02817	0.02469	0.01832	0.00912	0.00732	0.00228	0.00622	0.00741	0.00865	0.01224
112	0.01458	0.03760	0.70688	0.02072	0.03146	0.01688	0.02686	0.02302	0.01535	0.02302	0.01304	0.01535	0.00921	0.00691	0.00691	0.00230	0.01074	0.00537	0.00307	0.01074
113	0.00886	0.00633	0.00843	0.01012	0.01054	0.00590	0.00675	0.01012	0.01392	0.01856	0.04006	0.73979	0.04808	0.02277	0.00928	0.00295	0.00422	0.02066	0.00675	0.00590
114	0.01458	0.03760	0.70688	0.02072	0.03146	0.01688	0.02686	0.02302	0.01535	0.02302	0.01304	0.01535	0.00921	0.00691	0.00691	0.00230	0.01074	0.00537	0.00307	0.01074
115	0.01523	0.13363	0.61658	0.01960	0.02973	0.01849	0.02491	0.02285	0.01527	0.02222	0.01265	0.01485	0.00922	0.00681	0.00660	0.00220	0.01034	0.00517	0.00307	0.01055
116	0.02682	0.02173	0.02084	0.01649	0.02179	0.12302	0.01339	0.54579	0.03119	0.04073	0.01687	0.01733	0.01225	0.00853	0.00705	0.00211	0.00850	0.00628	0.04778	0.01149
117	0.01373	0.01292	0.02180	0.72707	0.05006	0.01615	0.02019	0.01857	0.01453	0.01857	0.01292	0.01938	0.00969	0.00727	0.00727	0.00242	0.00969	0.00646	0.00323	0.00807
118	0.01373	0.01292	0.02180	0.72707	0.05006	0.01615	0.02019	0.01857	0.01453	0.01857	0.01292	0.01938	0.00969	0.00727	0.00727	0.00242	0.00969	0.00646	0.00323	0.00807
