[name]
unknown

[dist]
# distance from previous block
# <min> <max>
0	16

[block]
# block no. 0 follows, 29 sequences, length 125
# corresponding to MSA columns:
# 16-140
name=unknown_A
#
# <colnr> <probs for GDERKNQSTAVLIFYWHMCP>
#	G	D	E	R	K	N	Q	S	T	A	V	L	I	F	Y	W	H	M	C	P
0	0.01669	0.01023	0.01347	0.01343	0.01618	0.01020	0.01155	0.09651	0.01906	0.13781	0.03369	0.06362	0.03373	0.01657	0.00907	0.00297	0.00663	0.47347	0.00700	0.00813
1	0.02798	0.04188	0.01669	0.01249	0.01738	0.01186	0.01021	0.10063	0.02057	0.51752	0.02655	0.07128	0.01895	0.03607	0.00815	0.00236	0.00612	0.00790	0.03429	0.01112
2	0.02464	0.01874	0.02000	0.01589	0.02116	0.02095	0.01295	0.51475	0.20427	0.04097	0.02018	0.01955	0.01460	0.00884	0.00715	0.00221	0.00727	0.00684	0.00715	0.01189
3	0.01013	0.00905	0.04009	0.00859	0.01146	0.00718	0.00706	0.01304	0.03931	0.04716	0.10907	0.06234	0.55370	0.01670	0.00830	0.00241	0.00417	0.03689	0.00664	0.00670
4	0.01017	0.00763	0.01144	0.01144	0.01272	0.00890	0.00890	0.01272	0.01144	0.01653	0.01907	0.02797	0.01780	0.05340	0.72153	0.01144	0.01907	0.00763	0.00381	0.00636
5	0.02177	0.01669	0.01771	0.01464	0.01924	0.01874	0.01175	0.34485	0.31048	0.03672	0.02272	0.02202	0.01678	0.00899	0.00697	0.00221	0.00647	0.00713	0.08291	0.01122
6	0.01327	0.00664	0.00664	0.00664	0.00830	0.00664	0.00498	0.01659	0.01493	0.02655	0.02323	0.02655	0.01825	0.00830	0.00498	0.00166	0.00332	0.00664	0.78928	0.00664
7	0.01728	0.01617	0.02278	0.07603	0.37948	0.04707	0.01709	0.04467	0.18447	0.02482	0.04018	0.04694	0.03463	0.00842	0.00722	0.00223	0.00757	0.00759	0.00485	0.01049
8	0.01492	0.03457	0.65420	0.01951	0.02947	0.01588	0.02484	0.02275	0.01547	0.05388	0.04008	0.01692	0.01166	0.00716	0.00685	0.00225	0.01004	0.00564	0.00346	0.01045
9	0.01327	0.00664	0.00664	0.00664	0.00830	0.00664	0.00498	0.01659	0.01493	0.02655	0.02323	0.02655	0.01825	0.00830	0.00498	0.00166	0.00332	0.00664	0.78928	0.00664
10	0.67465	0.01656	0.03533	0.01089	0.01529	0.08469	0.00916	0.02160	0.01296	0.02977	0.01010	0.01193	0.00795	0.00686	0.00526	0.00220	0.02864	0.00405	0.00425	0.00786
11	0.02245	0.01618	0.01768	0.01477	0.01949	0.01793	0.01181	0.22271	0.40611	0.13199	0.02543	0.02351	0.01837	0.00922	0.00720	0.00230	0.00633	0.00745	0.00744	0.01163
12	0.02509	0.17739	0.02359	0.01712	0.02127	0.58311	0.01344	0.02702	0.01904	0.01729	0.01079	0.01256	0.00917	0.00709	0.00605	0.00177	0.01180	0.00443	0.00354	0.00843
13	0.00892	0.00630	0.00819	0.00960	0.00995	0.00595	0.00627	0.00998	0.01315	0.01753	0.03676	0.64178	0.04396	0.12991	0.01311	0.00349	0.00454	0.01878	0.00627	0.00557
14	0.02662	0.03332	0.02023	0.01826	0.02202	0.69055	0.01375	0.05704	0.02076	0.01863	0.01127	0.01303	0.00930	0.00739	0.00645	0.00185	0.01262	0.00467	0.00382	0.00842
15	0.00868	0.00620	0.00826	0.00991	0.01033	0.00578	0.00661	0.00991	0.01363	0.01818	0.03925	0.74510	0.04710	0.02231	0.00909	0.00289	0.00413	0.02024	0.00661	0.00578
16	0.02316	0.02642	0.02036	0.06301	0.02271	0.43073	0.01422	0.10711	0.01969	0.02124	0.03476	0.01564	0.01154	0.00870	0.00987	0.00217	0.15046	0.00552	0.00410	0.00858
17	0.02249	0.01568	0.01751	0.01408	0.01924	0.01638	0.01133	0.22448	0.26799	0.15226	0.02261	0.02141	0.01632	0.00846	0.00687	0.00207	0.00630	0.00678	0.00698	0.14076
18	0.02428	0.01924	0.01748	0.01481	0.01909	0.19740	0.01168	0.12404	0.16475	0.20802	0.04315	0.02398	0.05808	0.00941	0.00760	0.00219	0.03077	0.00718	0.00657	0.01028
19	0.01532	0.13616	0.01977	0.01440	0.01632	0.09051	0.01193	0.01747	0.01288	0.01745	0.01374	0.01948	0.01270	0.02459	0.25543	0.00547	0.25302	0.00616	0.04969	0.00750
20	0.01163	0.00718	0.00947	0.01038	0.01150	0.00672	0.00721	0.01369	0.03758	0.09727	0.03763	0.63860	0.04288	0.02034	0.00881	0.00280	0.00440	0.01834	0.00688	0.00669
21	0.01027	0.00724	0.00946	0.00946	0.01005	0.00783	0.00643	0.01144	0.01086	0.01506	0.02088	0.03800	0.02216	0.42837	0.35252	0.00900	0.01252	0.00910	0.00408	0.00526
22	0.01449	0.01236	0.01447	0.01052	0.01658	0.00932	0.00835	0.01757	0.01471	0.02298	0.01386	0.04779	0.01220	0.00604	0.00545	0.00114	0.00522	0.00494	0.00433	0.75767
23	0.01587	0.01286	0.01529	0.03704	0.01826	0.01016	0.00910	0.03939	0.01558	0.05423	0.01348	0.01541	0.01087	0.00560	0.00548	0.00119	0.00554	0.00449	0.00448	0.70567
24	0.01924	0.69662	0.03579	0.01250	0.01841	0.05137	0.01220	0.02230	0.04480	0.01736	0.01079	0.01214	0.00970	0.00629	0.00475	0.00157	0.00771	0.00402	0.00325	0.00920
25	0.01106	0.00777	0.00874	0.00853	0.00907	0.00796	0.00521	0.01334	0.07901	0.01662	0.07955	0.04515	0.02891	0.61502	0.03104	0.00607	0.00648	0.01034	0.00490	0.00521
26	0.01018	0.00760	0.01130	0.01130	0.01252	0.00882	0.00872	0.01262	0.01140	0.01642	0.01921	0.02872	0.01813	0.08127	0.69412	0.01126	0.01859	0.00774	0.00383	0.00628
27	0.01036	0.00690	0.00777	0.00777	0.00777	0.00690	0.00431	0.01036	0.01036	0.01381	0.02244	0.04660	0.02589	0.74975	0.03624	0.00690	0.00690	0.01036	0.00431	0.00431
28	0.01464	0.08608	0.63444	0.01929	0.02932	0.01704	0.02452	0.02226	0.01498	0.02217	0.01257	0.01477	0.00910	0.00665	0.00654	0.00215	0.01009	0.00511	0.00306	0.04521
29	0.03195	0.01212	0.01652	0.01267	0.01818	0.01047	0.01047	0.03470	0.02038	0.71026	0.02809	0.02424	0.01763	0.00881	0.00716	0.00220	0.00606	0.00716	0.00881	0.01212
30	0.80005	0.01377	0.01047	0.00936	0.01377	0.01597	0.00771	0.02093	0.01212	0.03195	0.00991	0.01157	0.00771	0.00661	0.00441	0.00220	0.00551	0.00386	0.00441	0.00771
31	0.02660	0.03394	0.02018	0.01834	0.02201	0.72116	0.01376	0.02843	0.02018	0.01743	0.01101	0.01284	0.00917	0.00734	0.00642	0.00183	0.01284	0.00459	0.00367	0.00825
32	0.01726	0.01796	0.06999	0.06913	0.63896	0.01685	0.02204	0.02175	0.01607	0.02302	0.01333	0.01752	0.01107	0.00640	0.00703	0.00213	0.00862	0.00628	0.00348	0.01110
33	0.50158	0.12777	0.01695	0.01261	0.04105	0.13234	0.00998	0.02274	0.01423	0.05128	0.01087	0.01243	0.00865	0.00672	0.00495	0.00204	0.00714	0.00418	0.00421	0.00830
34	0.01985	0.01636	0.01730	0.01492	0.01933	0.01871	0.01179	0.18477	0.54206	0.03323	0.02627	0.02441	0.01954	0.00941	0.00722	0.00235	0.00614	0.00768	0.00722	0.01146
35	0.00879	0.00648	0.00823	0.00938	0.01025	0.00592	0.00643	0.01035	0.01477	0.01949	0.11756	0.56034	0.15437	0.02077	0.00890	0.00274	0.00396	0.01859	0.00675	0.00592
36	0.02707	0.01995	0.02137	0.01638	0.02208	0.02208	0.01353	0.68159	0.03348	0.04488	0.01710	0.01710	0.01211	0.00855	0.00712	0.00214	0.00784	0.00641	0.00712	0.01211
37	0.01036	0.00690	0.00777	0.00777	0.00777	0.00690	0.00431	0.01036	0.01036	0.01381	0.02244	0.04660	0.02589	0.74975	0.03624	0.00690	0.00690	0.01036	0.00431	0.00431
38	0.02906	0.01675	0.01939	0.01487	0.02049	0.01734	0.01228	0.41749	0.02813	0.31653	0.02159	0.02001	0.01436	0.00866	0.00714	0.00216	0.00711	0.00672	0.00781	0.01211
39	0.08064	0.01253	0.01501	0.01245	0.01670	0.01250	0.00996	0.10364	0.11649	0.34665	0.02527	0.04674	0.01903	0.05408	0.00962	0.03419	0.00610	0.03636	0.03177	0.01026
40	0.00941	0.00721	0.00862	0.00835	0.01025	0.00642	0.00623	0.01211	0.01845	0.02470	0.44280	0.08582	0.30153	0.01615	0.00843	0.00233	0.00348	0.01396	0.00734	0.00642
41	0.01949	0.71047	0.03628	0.01256	0.01850	0.07010	0.01228	0.02175	0.01481	0.01679	0.00997	0.01151	0.00914	0.00617	0.00468	0.00154	0.00793	0.00385	0.00308	0.00908
42	0.05658	0.06384	0.05230	0.01546	0.02117	0.01762	0.05286	0.26342	0.11033	0.24148	0.02088	0.01995	0.01445	0.00830	0.00694	0.00218	0.00728	0.00665	0.00689	0.01142
43	0.04935	0.04597	0.12504	0.01547	0.02116	0.01841	0.01402	0.20732	0.30577	0.08941	0.02185	0.02097	0.01589	0.00861	0.00693	0.00226	0.00708	0.00680	0.00644	0.01125
44	0.01851	0.01861	0.02804	0.04119	0.63759	0.08674	0.02105	0.02251	0.01661	0.02268	0.01316	0.01715	0.01107	0.00644	0.00699	0.00209	0.00889	0.00617	0.00354	0.01098
45	0.01036	0.00690	0.00777	0.00777	0.00777	0.00690	0.00431	0.01036	0.01036	0.01381	0.02244	0.04660	0.02589	0.74975	0.03624	0.00690	0.00690	0.01036	0.00431	0.00431
46	0.01552	0.01505	0.02421	0.44273	0.30023	0.04115	0.02036	0.01996	0.01521	0.02011	0.01288	0.01824	0.01017	0.00683	0.00707	0.00225	0.00921	0.00627	0.00332	0.00922
47	0.01018	0.00683	0.00782	0.00799	0.00803	0.00679	0.00455	0.01031	0.01069	0.01425	0.02416	0.11807	0.02806	0.67532	0.03346	0.00649	0.00662	0.01137	0.00455	0.00446
48	0.01410	0.03554	0.68205	0.01980	0.02994	0.01611	0.02545	0.02215	0.01526	0.02281	0.04295	0.01670	0.01157	0.00711	0.00684	0.00225	0.01021	0.00560	0.00322	0.01036
49	0.01703	0.01756	0.06895	0.03962	0.60648	0.01621	0.02113	0.02142	0.01609	0.02313	0.01443	0.02019	0.01246	0.00693	0.00709	0.00213	0.00837	0.03564	0.00366	0.04148
50	0.01428	0.03683	0.71286	0.02030	0.03082	0.01654	0.02631	0.02255	0.01503	0.02255	0.01278	0.01503	0.00902	0.00677	0.00677	0.00226	0.01052	0.00526	0.00301	0.01052
51	0.01949	0.71047	0.03628	0.01256	0.01850	0.07010	0.01228	0.02175	0.01481	0.01679	0.00997	0.01151	0.00914	0.00617	0.00468	0.00154	0.00793	0.00385	0.00308	0.00908
52	0.01762	0.01692	0.02890	0.04371	0.70533	0.01692	0.02185	0.02185	0.01621	0.02326	0.01339	0.01762	0.01128	0.00634	0.00705	0.00211	0.00846	0.00634	0.00352	0.01128
53	0.00849	0.00717	0.00726	0.00731	0.00957	0.00604	0.00541	0.01021	0.01595	0.01901	0.06939	0.08802	0.65891	0.04401	0.00942	0.00258	0.00374	0.01502	0.00653	0.00594
54	0.01310	0.01189	0.01954	0.57182	0.06209	0.01431	0.01805	0.01750	0.01471	0.01889	0.01855	0.03052	0.03500	0.00949	0.00760	0.00252	0.00880	0.11406	0.00384	0.00773
55	0.01477	0.01266	0.01477	0.01055	0.01687	0.00949	0.00844	0.01793	0.01477	0.02320	0.01266	0.01477	0.01055	0.00527	0.00527	0.00105	0.00527	0.00422	0.00422	0.79328
56	0.01036	0.00690	0.00777	0.00777	0.00777	0.00690	0.00431	0.01036	0.01036	0.01381	0.02244	0.04660	0.02589	0.74975	0.03624	0.00690	0.00690	0.01036	0.00431	0.00431
57	0.01043	0.00688	0.00782	0.00782	0.00782	0.00688	0.00439	0.01031	0.01031	0.01375	0.02205	0.04563	0.02536	0.72169	0.03592	0.03732	0.00688	0.01019	0.00427	0.00427
58	0.01428	0.03683	0.71286	0.02030	0.03082	0.01654	0.02631	0.02255	0.01503	0.02255	0.01278	0.01503	0.00902	0.00677	0.00677	0.00226	0.01052	0.00526	0.00301	0.01052
59	0.01771	0.01530	0.01610	0.01449	0.01852	0.01771	0.01127	0.03784	0.69247	0.02979	0.02898	0.02657	0.02174	0.00966	0.00725	0.00242	0.00564	0.00805	0.00725	0.01127
60	0.00913	0.00694	0.00925	0.06633	0.01330	0.00669	0.00748	0.01091	0.01461	0.01921	0.09820	0.53197	0.13993	0.01984	0.00878	0.00273	0.00441	0.01777	0.00644	0.00606
61	0.02431	0.25198	0.02537	0.01648	0.02088	0.51134	0.01328	0.02628	0.01845	0.01722	0.01067	0.01241	0.00916	0.00696	0.00586	0.00174	0.01126	0.00435	0.00348	0.00852
62	0.01017	0.00763	0.01144	0.01144	0.01272	0.00890	0.00890	0.01272	0.01144	0.01653	0.01907	0.02797	0.01780	0.05340	0.72153	0.01144	0.01907	0.00763	0.00381	0.00636
63	0.01237	0.00618	0.00928	0.00928	0.00928	0.00618	0.00618	0.00928	0.00928	0.01237	0.01237	0.02165	0.01237	0.02474	0.02783	0.79283	0.00618	0.00618	0.00309	0.00309
64	0.80005	0.01377	0.01047	0.00936	0.01377	0.01597	0.00771	0.02093	0.01212	0.03195	0.00991	0.01157	0.00771	0.00661	0.00441	0.00220	0.00551	0.00386	0.00441	0.00771
65	0.00842	0.00721	0.00721	0.00721	0.00962	0.00601	0.00541	0.01022	0.01623	0.01924	0.07213	0.06853	0.70244	0.01803	0.00842	0.00240	0.00361	0.01503	0.00661	0.00601
66	0.01660	0.02011	0.08169	0.02891	0.03599	0.01809	0.60993	0.02254	0.01643	0.02254	0.01408	0.01879	0.01063	0.00634	0.00898	0.00242	0.04469	0.00812	0.00354	0.00958
67	0.01345	0.01266	0.02136	0.73264	0.04904	0.01582	0.01978	0.01819	0.01424	0.01819	0.01266	0.01898	0.00949	0.00712	0.00712	0.00237	0.00949	0.00633	0.00316	0.00791
68	0.01769	0.01713	0.02713	0.08219	0.58743	0.04179	0.02061	0.02312	0.06946	0.02326	0.01449	0.01824	0.01192	0.00669	0.00705	0.00214	0.00845	0.00642	0.00380	0.01097
69	0.01345	0.01266	0.02136	0.73264	0.04904	0.01582	0.01978	0.01819	0.01424	0.01819	0.01266	0.01898	0.00949	0.00712	0.00712	0.00237	0.00949	0.00633	0.00316	0.00791
70	0.01771	0.01530	0.01610	0.01449	0.01852	0.01771	0.01127	0.03784	0.69247	0.02979	0.02898	0.02657	0.02174	0.00966	0.00725	0.00242	0.00564	0.00805	0.00725	0.01127
71	0.01762	0.01692	0.02890	0.04371	0.70533	0.01692	0.02185	0.02185	0.01621	0.02326	0.01339	0.01762	0.01128	0.00634	0.00705	0.00211	0.00846	0.00634	0.00352	0.01128
72	0.00900	0.00732	0.00807	0.00849	0.01061	0.00639	0.00661	0.01103	0.01607	0.01954	0.06340	0.12059	0.53290	0.01865	0.00873	0.00260	0.00419	0.13312	0.00660	0.00609
73	0.01546	0.01447	0.02232	0.03214	0.45740	0.03928	0.01726	0.01899	0.01617	0.02197	0.02440	0.09157	0.08160	0.01074	0.00773	0.00237	0.00754	0.10453	0.00452	0.00954
74	0.01327	0.00664	0.00664	0.00664	0.00830	0.00664	0.00498	0.01659	0.01493	0.02655	0.02323	0.02655	0.01825	0.00830	0.00498	0.00166	0.00332	0.00664	0.78928	0.00664
75	0.02293	0.02738	0.01971	0.01979	0.08615	0.50005	0.01402	0.02626	0.05937	0.01942	0.03724	0.02151	0.01485	0.00889	0.00750	0.00208	0.03703	0.06305	0.00424	0.00851
76	0.11712	0.02237	0.01934	0.01589	0.02079	0.19777	0.01272	0.38471	0.08286	0.03515	0.01571	0.01616	0.01166	0.00811	0.00664	0.00209	0.00864	0.00579	0.00594	0.01055
77	0.01327	0.00664	0.00664	0.00664	0.00830	0.00664	0.00498	0.01659	0.01493	0.02655	0.02323	0.02655	0.01825	0.00830	0.00498	0.00166	0.00332	0.00664	0.78928	0.00664
78	0.63498	0.01660	0.01245	0.01098	0.01539	0.10762	0.00887	0.05231	0.01445	0.05685	0.01108	0.01247	0.00848	0.00688	0.00490	0.00215	0.00659	0.00419	0.00460	0.00815
79	0.01744	0.01565	0.02313	0.21724	0.23656	0.03861	0.01791	0.07552	0.01603	0.05241	0.01338	0.01803	0.01090	0.01011	0.03863	0.00277	0.17602	0.00635	0.00389	0.00940
80	0.00879	0.00632	0.00834	0.00974	0.01033	0.00587	0.00658	0.01023	0.01429	0.01912	0.09818	0.66249	0.07033	0.02149	0.00901	0.00282	0.00405	0.01943	0.00672	0.00587
81	0.00956	0.00703	0.00895	0.00894	0.01044	0.00642	0.00653	0.01225	0.01823	0.02509	0.47580	0.20603	0.14493	0.01670	0.00855	0.00240	0.00356	0.01476	0.00741	0.00642
82	0.80005	0.01377	0.01047	0.00936	0.01377	0.01597	0.00771	0.02093	0.01212	0.03195	0.00991	0.01157	0.00771	0.00661	0.00441	0.00220	0.00551	0.00386	0.00441	0.00771
83	0.01140	0.00944	0.01380	0.01309	0.01408	0.01184	0.01042	0.01372	0.01132	0.01667	0.01686	0.02515	0.01588	0.04408	0.56259	0.00955	0.18245	0.00731	0.00366	0.00668
84	0.00916	0.00720	0.00828	0.00810	0.01010	0.00631	0.00604	0.01163	0.01785	0.02330	0.34828	0.09140	0.39358	0.01669	0.00844	0.00235	0.00352	0.01431	0.00715	0.00631
85	0.01017	0.00763	0.01144	0.01144	0.01272	0.00890	0.00890	0.01272	0.01144	0.01653	0.01907	0.02797	0.01780	0.05340	0.72153	0.01144	0.01907	0.00763	0.00381	0.00636
86	0.01904	0.75404	0.03731	0.01218	0.01828	0.02818	0.01218	0.02132	0.01447	0.01675	0.00990	0.01142	0.00914	0.00609	0.00457	0.00152	0.00761	0.00381	0.00305	0.00914
87	0.01904	0.75404	0.03731	0.01218	0.01828	0.02818	0.01218	0.02132	0.01447	0.01675	0.00990	0.01142	0.00914	0.00609	0.00457	0.00152	0.00761	0.00381	0.00305	0.00914
88	0.80005	0.01377	0.01047	0.00936	0.01377	0.01597	0.00771	0.02093	0.01212	0.03195	0.00991	0.01157	0.00771	0.00661	0.00441	0.00220	0.00551	0.00386	0.00441	0.00771
89	0.01572	0.01296	0.01506	0.01093	0.01713	0.01022	0.00876	0.03859	0.04258	0.04319	0.01387	0.01557	0.01124	0.00564	0.00546	0.00117	0.00538	0.00452	0.00455	0.71745
90	0.01477	0.01266	0.01477	0.01055	0.01687	0.00949	0.00844	0.01793	0.01477	0.02320	0.01266	0.01477	0.01055	0.00527	0.00527	0.00105	0.00527	0.00422	0.00422	0.79328
91	0.01072	0.00718	0.00979	0.01120	0.01228	0.00687	0.00854	0.01277	0.01493	0.05007	0.03819	0.47213	0.04357	0.02075	0.00927	0.00300	0.00510	0.25059	0.00669	0.00635
92	0.01610	0.01364	0.01474	0.01365	0.01720	0.01543	0.01074	0.03245	0.54460	0.02813	0.06248	0.03642	0.06714	0.01153	0.00766	0.00251	0.00552	0.08271	0.00716	0.01021
93	0.14933	0.38382	0.07463	0.01374	0.01927	0.16241	0.01274	0.04428	0.04555	0.02125	0.01138	0.01282	0.00955	0.00671	0.00526	0.00181	0.00843	0.00434	0.00370	0.00901
94	0.26338	0.01756	0.01747	0.01403	0.01916	0.01975	0.01151	0.41122	0.09608	0.03932	0.01614	0.01639	0.01177	0.00807	0.00630	0.00219	0.00689	0.00580	0.00630	0.01067
95	0.01562	0.01279	0.01381	0.01098	0.01599	0.03775	0.00864	0.02121	0.12660	0.07012	0.02813	0.02795	0.15027	0.00885	0.00639	0.00165	0.00535	0.00721	0.00548	0.42520
96	0.80005	0.01377	0.01047	0.00936	0.01377	0.01597	0.00771	0.02093	0.01212	0.03195	0.00991	0.01157	0.00771	0.00661	0.00441	0.00220	0.00551	0.00386	0.00441	0.00771
97	0.01681	0.01921	0.04202	0.03001	0.03721	0.01801	0.67947	0.02281	0.01681	0.02281	0.01441	0.01921	0.01080	0.00600	0.00840	0.00240	0.01200	0.00840	0.00360	0.00960
98	0.01020	0.00699	0.00851	0.00863	0.00890	0.00721	0.00536	0.01078	0.01080	0.01464	0.02298	0.09275	0.02584	0.56356	0.16656	0.00749	0.00905	0.01053	0.00438	0.00481
99	0.23615	0.01507	0.01862	0.01607	0.01731	0.02017	0.01337	0.01820	0.01125	0.02130	0.00951	0.01445	0.00889	0.01082	0.01804	0.00286	0.53113	0.00556	0.00348	0.00777
100	0.01070	0.00730	0.00891	0.00942	0.00992	0.00730	0.00652	0.01171	0.01222	0.01612	0.02715	0.05701	0.03055	0.52437	0.02809	0.00578	0.00680	0.21010	0.00501	0.00501
101	0.80005	0.01377	0.01047	0.00936	0.01377	0.01597	0.00771	0.02093	0.01212	0.03195	0.00991	0.01157	0.00771	0.00661	0.00441	0.00220	0.00551	0.00386	0.00441	0.00771
102	0.01477	0.01266	0.01477	0.01055	0.01687	0.00949	0.00844	0.01793	0.01477	0.02320	0.01266	0.01477	0.01055	0.00527	0.00527	0.00105	0.00527	0.00422	0.00422	0.79328
103	0.02707	0.01995	0.02137	0.01638	0.02208	0.02208	0.01353	0.68159	0.03348	0.04488	0.01710	0.01710	0.01211	0.00855	0.00712	0.00214	0.00784	0.00641	0.00712	0.01211
104	0.01681	0.01921	0.04202	0.03001	0.03721	0.01801	0.67947	0.02281	0.01681	0.02281	0.01441	0.01921	0.01080	0.00600	0.00840	0.00240	0.01200	0.00840	0.00360	0.00960
105	0.01104	0.00749	0.00983	0.00912	0.01097	0.00688	0.00688	0.01437	0.02017	0.05841	0.67208	0.05192	0.06502	0.01431	0.00834	0.00224	0.00348	0.01263	0.00788	0.00696
106	0.00865	0.00722	0.00753	0.00746	0.00976	0.00611	0.00559	0.01067	0.01678	0.02053	0.15979	0.06639	0.61398	0.01755	0.00841	0.00238	0.00357	0.01473	0.00678	0.00611
107	0.01477	0.01266	0.01477	0.01055	0.01687	0.00949	0.00844	0.01793	0.01477	0.02320	0.01266	0.01477	0.01055	0.00527	0.00527	0.00105	0.00527	0.00422	0.00422	0.79328
108	0.01345	0.01266	0.02136	0.73264	0.04904	0.01582	0.01978	0.01819	0.01424	0.01819	0.01266	0.01898	0.00949	0.00712	0.00712	0.00237	0.00949	0.00633	0.00316	0.00791
109	0.02883	0.01214	0.01554	0.01230	0.01708	0.03392	0.00994	0.03140	0.01918	0.58987	0.02660	0.02545	0.01787	0.05556	0.04057	0.00287	0.00682	0.00727	0.03571	0.01107
110	0.01820	0.01255	0.01512	0.01097	0.01714	0.00969	0.00884	0.02129	0.01589	0.16066	0.01574	0.01666	0.01196	0.00598	0.00565	0.00128	0.00543	0.00481	0.00514	0.63700
111	0.01345	0.01266	0.02136	0.73264	0.04904	0.01582	0.01978	0.01819	0.01424	0.01819	0.01266	0.01898	0.00949	0.00712	0.00712	0.00237	0.00949	0.00633	0.00316	0.00791
112	0.01019	0.00756	0.01111	0.01111	0.01227	0.00872	0.00849	0.01250	0.01135	0.01628	0.01938	0.02966	0.01853	0.11633	0.65961	0.01103	0.01797	0.00788	0.00386	0.00617
113	0.01345	0.01266	0.02136	0.73264	0.04904	0.01582	0.01978	0.01819	0.01424	0.01819	0.01266	0.01898	0.00949	0.00712	0.00712	0.00237	0.00949	0.00633	0.00316	0.00791
114	0.01010	0.00691	0.00787	0.00805	0.00833	0.00678	0.00480	0.01044	0.01129	0.01483	0.02841	0.10341	0.08530	0.60938	0.03099	0.00610	0.00640	0.03121	0.00475	0.00464
115	0.01762	0.01692	0.02890	0.04371	0.70533	0.01692	0.02185	0.02185	0.01621	0.02326	0.01339	0.01762	0.01128	0.00634	0.00705	0.00211	0.00846	0.00634	0.00352	0.01128
116	0.01927	0.01861	0.01669	0.01551	0.04503	0.16618	0.01155	0.11092	0.33192	0.02708	0.03002	0.02888	0.12713	0.01025	0.00724	0.00224	0.00723	0.00817	0.00622	0.00989
117	0.01762	0.01692	0.02890	0.04371	0.70533	0.01692	0.02185	0.02185	0.01621	0.02326	0.01339	0.01762	0.01128	0.00634	0.00705	0.00211	0.00846	0.00634	0.00352	0.01128
118	0.03081	0.01263	0.01668	0.01293	0.01835	0.01140	0.01064	0.05990	0.06592	0.63897	0.02773	0.02412	0.01769	0.00886	0.00716	0.00221	0.00610	0.00719	0.00864	0.01206
119	0.00874	0.00634	0.00825	0.00964	0.01029	0.00586	0.00652	0.01015	0.01423	0.01888	0.08128	0.64884	0.10172	0.02150	0.00899	0.00281	0.00404	0.01938	0.00668	0.00586
120	0.01533	0.01510	0.02315	0.31877	0.09773	0.05419	0.11908	0.02198	0.11859	0.02108	0.01786	0.08953	0.01533	0.00891	0.00799	0.00240	0.03177	0.00816	0.00425	0.00881
121	0.00889	0.00717	0.00791	0.00785	0.00994	0.00619	0.00584	0.01108	0.01715	0.02172	0.24203	0.10527	0.48932	0.01734	0.00845	0.00239	0.00357	0.01476	0.00695	0.00619
122	0.02302	0.01703	0.01803	0.01500	0.01977	0.04181	0.01199	0.24958	0.36188	0.12598	0.02434	0.02267	0.01758	0.00910	0.00717	0.00228	0.00666	0.00727	0.00730	0.01156
123	0.02608	0.01946	0.02082	0.01618	0.02171	0.02162	0.01330	0.61392	0.10275	0.04329	0.01835	0.01809	0.01312	0.00866	0.00714	0.00217	0.00760	0.00658	0.00714	0.01202
124	0.01685	0.07084	0.33501	0.02172	0.02985	0.01784	0.22356	0.05108	0.09350	0.04748	0.01564	0.01781	0.01144	0.00696	0.00722	0.00227	0.00999	0.00657	0.00404	0.01036

[dist]
# distance from previous block
# <min> <max>
0	2

# created by:
# /st0/software/busco_prod/Augustus/scripts/msa2prfl.pl ./align_prep/161153.fa
