[name]
unknown

[dist]
# distance from previous block
# <min> <max>
15	68

[block]
# block no. 0 follows, 28 sequences, length 16
# corresponding to MSA columns:
# 71-86
name=unknown_A
#
# <colnr> <probs for GDERKNQSTAVLIFYWHMCP>
#	G	D	E	R	K	N	Q	S	T	A	V	L	I	F	Y	W	H	M	C	P
0	0.01479	0.01111	0.01250	0.01037	0.01341	0.01049	0.00744	0.13030	0.01658	0.02316	0.03908	0.04929	0.04183	0.34125	0.02029	0.00409	0.00647	0.00848	0.00511	0.23396
1	0.08554	0.01977	0.01970	0.01588	0.02109	0.06604	0.01287	0.44455	0.17241	0.03964	0.01910	0.01882	0.01394	0.00874	0.00704	0.00223	0.00766	0.00658	0.00685	0.01157
2	0.01606	0.01545	0.02589	0.02003	0.02434	0.01606	0.27883	0.03873	0.18565	0.02318	0.01988	0.02712	0.01710	0.16715	0.01551	0.00347	0.06537	0.00860	0.00484	0.02675
3	0.01571	0.02158	0.20044	0.02110	0.02706	0.01695	0.21064	0.04212	0.01546	0.02243	0.01487	0.06934	0.01294	0.00895	0.01105	0.00242	0.16557	0.00754	0.00384	0.10998
4	0.01576	0.01308	0.01761	0.33302	0.03118	0.01478	0.01431	0.18299	0.01992	0.02573	0.02938	0.08809	0.16179	0.01130	0.00772	0.00241	0.00752	0.00955	0.00530	0.00857
5	0.01767	0.01521	0.01944	0.01634	0.01819	0.01901	0.01342	0.18382	0.01903	0.02721	0.15970	0.02459	0.02301	0.01217	0.01634	0.00273	0.39015	0.00787	0.00526	0.00884
6	0.01013	0.00686	0.00806	0.00849	0.00859	0.00676	0.00500	0.01046	0.01142	0.01523	0.02727	0.22354	0.03193	0.56105	0.02995	0.00601	0.00633	0.01314	0.00500	0.00479
7	0.01128	0.00891	0.01332	0.19261	0.02115	0.01037	0.01074	0.01380	0.01213	0.01661	0.01866	0.03097	0.01807	0.21459	0.36636	0.00817	0.01389	0.00814	0.00385	0.00637
8	0.01414	0.00956	0.01183	0.01120	0.01292	0.00978	0.00818	0.15424	0.01840	0.02491	0.15006	0.27384	0.03516	0.01890	0.01358	0.20236	0.00542	0.01257	0.00618	0.00678
9	0.02745	0.01985	0.16718	0.01558	0.02236	0.01504	0.01497	0.19532	0.02303	0.38969	0.02245	0.02086	0.01466	0.00848	0.00721	0.00224	0.00763	0.00670	0.00728	0.01202
10	0.00949	0.00740	0.00861	0.00831	0.01037	0.00652	0.00623	0.01217	0.01869	0.02468	0.40300	0.06166	0.36374	0.01653	0.00858	0.00237	0.00355	0.01418	0.00741	0.00652
11	0.01960	0.40344	0.02744	0.01255	0.01733	0.02249	0.01105	0.18540	0.01880	0.02375	0.01474	0.02089	0.01379	0.16635	0.01231	0.00290	0.00767	0.00601	0.00445	0.00904
12	0.01387	0.01669	0.16597	0.39137	0.03547	0.01392	0.01779	0.01912	0.01489	0.02170	0.01569	0.02047	0.01186	0.00749	0.00663	0.00221	0.00832	0.00630	0.20191	0.00832
13	0.01447	0.01083	0.01280	0.01196	0.01436	0.01098	0.00886	0.18014	0.01905	0.02582	0.03104	0.42737	0.04833	0.04243	0.00973	0.00271	0.02462	0.01464	0.00647	0.08338
14	0.01531	0.17356	0.03012	0.01928	0.02418	0.01802	0.27446	0.01893	0.01570	0.02026	0.02802	0.03021	0.18466	0.01013	0.00974	0.00235	0.10329	0.00899	0.00427	0.00853
15	0.01529	0.00839	0.01081	0.00996	0.01151	0.00835	0.00695	0.01655	0.01306	0.16389	0.02328	0.03780	0.02251	0.41023	0.20313	0.00719	0.01002	0.00916	0.00527	0.00666

[dist]
# distance from previous block
# <min> <max>
1	7

[block]
# block no. 1 follows, 28 sequences, length 8
# corresponding to MSA columns:
# 94-101
name=unknown_B
#
# <colnr> <probs for GDERKNQSTAVLIFYWHMCP>
#	G	D	E	R	K	N	Q	S	T	A	V	L	I	F	Y	W	H	M	C	P
0	0.01514	0.07415	0.50790	0.02155	0.03094	0.01737	0.14747	0.02254	0.01591	0.02303	0.04662	0.01785	0.01247	0.00711	0.00717	0.00229	0.01050	0.00627	0.00343	0.01029
1	0.01808	0.01561	0.01644	0.01479	0.01890	0.01808	0.01151	0.03863	0.68606	0.03041	0.02959	0.02712	0.02219	0.00986	0.00740	0.00247	0.00575	0.00822	0.00740	0.01151
2	0.00939	0.00668	0.00871	0.00966	0.01036	0.00626	0.00654	0.01108	0.01527	0.02080	0.20446	0.49759	0.05113	0.09214	0.01184	0.00319	0.00430	0.01776	0.00683	0.00600
3	0.01007	0.00747	0.00947	0.00942	0.01118	0.00686	0.00722	0.01308	0.01897	0.02587	0.46162	0.10304	0.17596	0.01664	0.00880	0.00249	0.00393	0.09373	0.00754	0.00665
4	0.06644	0.47821	0.24771	0.01487	0.02242	0.02423	0.01671	0.02214	0.01480	0.01994	0.01104	0.01283	0.00920	0.00647	0.00536	0.00183	0.00858	0.00436	0.00318	0.00968
5	0.00886	0.00633	0.00843	0.01012	0.01054	0.00590	0.00675	0.01012	0.01392	0.01856	0.04006	0.73979	0.04808	0.02277	0.00928	0.00295	0.00422	0.02066	0.00675	0.00590
6	0.00916	0.00652	0.00856	0.00984	0.01039	0.00611	0.00659	0.01061	0.01452	0.01958	0.12240	0.60165	0.04911	0.07463	0.01122	0.00317	0.00432	0.01897	0.00674	0.00592
7	0.41167	0.20081	0.05917	0.08712	0.02053	0.01995	0.01196	0.04646	0.01417	0.02657	0.01084	0.01316	0.00875	0.00700	0.00587	0.00213	0.03680	0.00447	0.00399	0.00860

[dist]
# distance from previous block
# <min> <max>
0	2

[block]
# block no. 2 follows, 28 sequences, length 30
# corresponding to MSA columns:
# 104-133
name=unknown_C
#
# <colnr> <probs for GDERKNQSTAVLIFYWHMCP>
#	G	D	E	R	K	N	Q	S	T	A	V	L	I	F	Y	W	H	M	C	P
0	0.01039	0.00746	0.01002	0.01062	0.01203	0.00709	0.00827	0.01330	0.01793	0.02455	0.35179	0.21807	0.05600	0.01820	0.00917	0.00275	0.00458	0.20386	0.00733	0.00659
1	0.02471	0.01052	0.01423	0.01176	0.01585	0.00923	0.00935	0.02744	0.01983	0.46952	0.17112	0.12695	0.03272	0.01209	0.00784	0.00235	0.00534	0.01034	0.00848	0.01034
2	0.68770	0.01422	0.01181	0.01023	0.01490	0.01611	0.00843	0.05571	0.01424	0.09427	0.01218	0.01327	0.00902	0.00705	0.00489	0.00225	0.00579	0.00437	0.00505	0.00851
3	0.01420	0.01377	0.02404	0.61812	0.04723	0.01669	0.08849	0.01901	0.01464	0.01901	0.01294	0.01923	0.00982	0.00742	0.00824	0.00246	0.04647	0.00668	0.00327	0.00825
4	0.01266	0.01147	0.01887	0.56987	0.04140	0.01390	0.01724	0.01672	0.01440	0.01857	0.01887	0.17734	0.01811	0.01067	0.00771	0.00254	0.00849	0.00957	0.00400	0.00760
5	0.01615	0.01372	0.01688	0.13056	0.02325	0.01226	0.01113	0.08207	0.03734	0.02517	0.01387	0.01639	0.01109	0.00615	0.00594	0.00145	0.00636	0.00500	0.00451	0.56073
6	0.14697	0.01149	0.01188	0.01035	0.01329	0.01244	0.00807	0.19000	0.01872	0.03034	0.01780	0.02111	0.01411	0.01128	0.00978	0.14412	0.00550	0.00616	0.30881	0.00778
7	0.00886	0.00633	0.00843	0.01012	0.01054	0.00590	0.00675	0.01012	0.01392	0.01856	0.04006	0.73979	0.04808	0.02277	0.00928	0.00295	0.00422	0.02066	0.00675	0.00590
8	0.01507	0.01292	0.01507	0.01077	0.01723	0.00969	0.00861	0.01830	0.01507	0.02369	0.01292	0.01507	0.01077	0.00538	0.00538	0.00108	0.00538	0.00431	0.00431	0.78898
9	0.00988	0.00775	0.00915	0.00975	0.01186	0.00702	0.00794	0.01238	0.01688	0.02103	0.09903	0.07353	0.41002	0.01882	0.00914	0.00278	0.00480	0.25503	0.00681	0.00639
10	0.01189	0.00781	0.01006	0.00928	0.01137	0.00709	0.00704	0.01512	0.02023	0.08137	0.58566	0.05342	0.12242	0.01473	0.00848	0.00230	0.00367	0.01289	0.00796	0.00723
11	0.01029	0.00743	0.00972	0.00914	0.01086	0.00686	0.00686	0.01372	0.02058	0.02915	0.69536	0.05430	0.06859	0.01486	0.00857	0.00229	0.00343	0.01315	0.00800	0.00686
12	0.01631	0.00944	0.00972	0.00873	0.01123	0.00987	0.00679	0.14599	0.01896	0.03077	0.02248	0.02521	0.01740	0.00852	0.00551	0.00179	0.00429	0.00673	0.63239	0.00787
13	0.01355	0.00678	0.00678	0.00678	0.00847	0.00678	0.00508	0.01694	0.01524	0.02710	0.02371	0.02710	0.01863	0.00847	0.00508	0.00169	0.00339	0.00678	0.78489	0.00678
14	0.02759	0.02161	0.02171	0.01690	0.02254	0.08308	0.01384	0.61852	0.03299	0.04336	0.01691	0.01707	0.01210	0.00862	0.00721	0.00215	0.00845	0.00638	0.00696	0.01202
15	0.02352	0.01832	0.01950	0.01589	0.02098	0.02062	0.01282	0.40121	0.31461	0.03918	0.02267	0.02161	0.01659	0.00921	0.00733	0.00230	0.00703	0.00726	0.00733	0.01199
16	0.01373	0.01292	0.02180	0.72707	0.05006	0.01615	0.02019	0.01857	0.01453	0.01857	0.01292	0.01938	0.00969	0.00727	0.00727	0.00242	0.00969	0.00646	0.00323	0.00807
17	0.01943	0.74891	0.03809	0.01244	0.01866	0.02876	0.01244	0.02177	0.01477	0.01710	0.01011	0.01166	0.00933	0.00622	0.00466	0.00155	0.00777	0.00389	0.00311	0.00933
18	0.01523	0.13258	0.61757	0.01961	0.02975	0.01847	0.02493	0.02285	0.01527	0.02223	0.01265	0.01485	0.00922	0.00681	0.00661	0.00220	0.01035	0.00517	0.00307	0.01055
19	0.00886	0.00633	0.00843	0.01012	0.01054	0.00590	0.00675	0.01012	0.01392	0.01856	0.04006	0.73979	0.04808	0.02277	0.00928	0.00295	0.00422	0.02066	0.00675	0.00590
20	0.01943	0.74891	0.03809	0.01244	0.01866	0.02876	0.01244	0.02177	0.01477	0.01710	0.01011	0.01166	0.00933	0.00622	0.00466	0.00155	0.00777	0.00389	0.00311	0.00933
21	0.03180	0.01368	0.01768	0.01355	0.01921	0.01263	0.01120	0.14020	0.02300	0.59636	0.02684	0.02355	0.01707	0.00895	0.00730	0.00224	0.00648	0.00718	0.00871	0.01237
22	0.00991	0.00721	0.00934	0.00924	0.01074	0.00663	0.00677	0.01283	0.01905	0.02655	0.53282	0.19069	0.09779	0.01661	0.00871	0.00243	0.00360	0.01475	0.00769	0.00663
23	0.01551	0.00890	0.00927	0.00845	0.01078	0.00920	0.00653	0.11775	0.01848	0.03010	0.06453	0.02731	0.02078	0.00891	0.00563	0.00181	0.00410	0.00714	0.61720	0.00764
24	0.02546	0.01864	0.02025	0.01584	0.02107	0.02064	0.01301	0.58662	0.03132	0.04238	0.01790	0.01887	0.01316	0.01288	0.07157	0.00302	0.00884	0.00667	0.04025	0.01159
25	0.02913	0.01469	0.01802	0.01403	0.01940	0.01450	0.01152	0.23512	0.04802	0.43055	0.04656	0.02361	0.01802	0.01054	0.02921	0.00253	0.00706	0.00731	0.00821	0.01198
26	0.00951	0.00689	0.00898	0.00954	0.01066	0.00636	0.00674	0.01181	0.01715	0.02355	0.34730	0.38886	0.08781	0.01888	0.00892	0.00262	0.00382	0.01691	0.00733	0.00636
27	0.02799	0.01978	0.02146	0.01645	0.02225	0.02168	0.01359	0.62846	0.03320	0.09368	0.01827	0.01798	0.01277	0.00875	0.00727	0.00219	0.00787	0.00660	0.00740	0.01236
28	0.02429	0.07053	0.02048	0.01641	0.02096	0.31947	0.01289	0.14182	0.18428	0.05872	0.01761	0.01781	0.01347	0.00818	0.00675	0.00203	0.00944	0.00592	0.00548	0.04345
29	0.00904	0.00652	0.00856	0.00986	0.01055	0.00604	0.00671	0.01062	0.01494	0.02004	0.13003	0.61615	0.08101	0.02150	0.00915	0.00284	0.00409	0.01940	0.00692	0.00604

[dist]
# distance from previous block
# <min> <max>
0	1

[block]
# block no. 3 follows, 28 sequences, length 8
# corresponding to MSA columns:
# 135-142
name=unknown_D
#
# <colnr> <probs for GDERKNQSTAVLIFYWHMCP>
#	G	D	E	R	K	N	Q	S	T	A	V	L	I	F	Y	W	H	M	C	P
0	0.01951	0.01559	0.01849	0.01382	0.01969	0.01471	0.04178	0.26536	0.02281	0.03244	0.07031	0.01938	0.01609	0.00745	0.00650	0.00166	0.00653	0.00607	0.00569	0.39612
1	0.01339	0.00973	0.01363	0.01264	0.01378	0.01161	0.00978	0.01531	0.01210	0.07249	0.01877	0.02913	0.01788	0.17066	0.38601	0.00826	0.16572	0.00797	0.00425	0.00689
2	0.00945	0.00786	0.00833	0.00830	0.01062	0.00702	0.00618	0.01271	0.06306	0.02132	0.13528	0.12076	0.52787	0.01779	0.00856	0.00248	0.00384	0.01505	0.00693	0.00657
3	0.02511	0.01911	0.02040	0.01621	0.02158	0.02136	0.01321	0.50695	0.20628	0.04174	0.02066	0.02000	0.01496	0.00903	0.00730	0.00226	0.00741	0.00699	0.00730	0.01214
4	0.01274	0.00846	0.01021	0.00999	0.01181	0.00813	0.00719	0.06621	0.01659	0.07786	0.09519	0.27771	0.17564	0.12813	0.05660	0.00382	0.00587	0.01438	0.00656	0.00690
5	0.02794	0.06279	0.01988	0.01467	0.02007	0.06007	0.01207	0.23000	0.11535	0.32550	0.02313	0.02130	0.01577	0.00876	0.00710	0.00219	0.00721	0.00682	0.00756	0.01182
6	0.02684	0.01480	0.01766	0.01347	0.01913	0.01417	0.01105	0.23928	0.02383	0.33215	0.02188	0.02070	0.01486	0.00822	0.00684	0.00198	0.00649	0.00648	0.04448	0.15569
7	0.00886	0.00633	0.00843	0.01012	0.01054	0.00590	0.00675	0.01012	0.01392	0.01856	0.04006	0.73979	0.04808	0.02277	0.00928	0.00295	0.00422	0.02066	0.00675	0.00590

[dist]
# distance from previous block
# <min> <max>
0	9

[block]
# block no. 4 follows, 28 sequences, length 27
# corresponding to MSA columns:
# 152-178
name=unknown_E
#
# <colnr> <probs for GDERKNQSTAVLIFYWHMCP>
#	G	D	E	R	K	N	Q	S	T	A	V	L	I	F	Y	W	H	M	C	P
0	0.01071	0.00821	0.01208	0.01189	0.01304	0.00973	0.00921	0.01310	0.01159	0.01675	0.01909	0.02891	0.01815	0.09159	0.63698	0.01093	0.05982	0.00787	0.00388	0.00646
1	0.02714	0.02012	0.02154	0.01663	0.02236	0.02231	0.01370	0.64243	0.06750	0.04502	0.01807	0.01795	0.01286	0.00878	0.00728	0.00220	0.00788	0.00663	0.00728	0.01232
2	0.01943	0.74891	0.03809	0.01244	0.01866	0.02876	0.01244	0.02177	0.01477	0.01710	0.01011	0.01166	0.00933	0.00622	0.00466	0.00155	0.00777	0.00389	0.00311	0.00933
3	0.00956	0.00745	0.01135	0.01186	0.01287	0.00696	0.06315	0.01124	0.01419	0.01896	0.03792	0.67881	0.04494	0.02136	0.00922	0.00291	0.00490	0.01964	0.00649	0.00623
4	0.05005	0.01263	0.01647	0.01278	0.01819	0.01132	0.01049	0.05720	0.04463	0.57611	0.05772	0.02514	0.01967	0.00906	0.00721	0.00220	0.00606	0.00736	0.00850	0.04724
5	0.01500	0.12762	0.58734	0.01910	0.02882	0.01793	0.02404	0.02241	0.01552	0.02255	0.04549	0.01675	0.01208	0.00720	0.00670	0.00221	0.01001	0.00555	0.00331	0.01037
6	0.02742	0.09684	0.02032	0.10485	0.02298	0.01491	0.01243	0.08863	0.05888	0.44118	0.02361	0.02206	0.01569	0.00849	0.00701	0.00220	0.00695	0.00680	0.00734	0.01142
7	0.01599	0.24428	0.51255	0.01831	0.02774	0.02033	0.02267	0.02266	0.01518	0.02130	0.01219	0.01428	0.00924	0.00671	0.00625	0.00208	0.00988	0.00494	0.00308	0.01033
8	0.01373	0.01292	0.02180	0.72707	0.05006	0.01615	0.02019	0.01857	0.01453	0.01857	0.01292	0.01938	0.00969	0.00727	0.00727	0.00242	0.00969	0.00646	0.00323	0.00807
9	0.09959	0.01331	0.01611	0.01293	0.01807	0.01294	0.01053	0.06641	0.13790	0.46302	0.02828	0.02534	0.04371	0.00929	0.00711	0.00229	0.00605	0.00743	0.00812	0.01156
10	0.01251	0.01002	0.01424	0.10325	0.04275	0.01047	0.04324	0.06575	0.05640	0.02161	0.03057	0.39687	0.03366	0.07685	0.01097	0.00310	0.00621	0.04828	0.00592	0.00733
11	0.00955	0.00731	0.00861	0.00845	0.01026	0.00652	0.00619	0.01201	0.01799	0.02386	0.37022	0.10624	0.30957	0.05853	0.01025	0.00267	0.00379	0.01436	0.00722	0.00637
12	0.00891	0.00644	0.00833	0.00981	0.01037	0.00597	0.00655	0.01017	0.01397	0.01844	0.04192	0.65576	0.09799	0.05521	0.01048	0.00310	0.00430	0.01979	0.00664	0.00585
13	0.01737	0.14918	0.51411	0.01859	0.02799	0.01856	0.02268	0.05340	0.01654	0.07655	0.01400	0.01559	0.01006	0.00704	0.00659	0.00217	0.00978	0.00534	0.00373	0.01072
14	0.07555	0.02094	0.06393	0.12902	0.34390	0.14077	0.01906	0.07831	0.01811	0.02444	0.01317	0.01668	0.01056	0.00700	0.00689	0.00216	0.00942	0.00592	0.00392	0.01025
15	0.01057	0.00705	0.00793	0.00793	0.00793	0.00705	0.00440	0.01057	0.01057	0.01409	0.02290	0.04757	0.02643	0.74454	0.03700	0.00705	0.00705	0.01057	0.00440	0.00440
16	0.01430	0.01354	0.02266	0.61735	0.11916	0.01658	0.02020	0.01892	0.01458	0.01908	0.01283	0.01905	0.00988	0.00745	0.00809	0.00243	0.04570	0.00646	0.00327	0.00844
17	0.01641	0.02093	0.12801	0.02755	0.06843	0.01839	0.42433	0.02193	0.01574	0.02214	0.01379	0.01869	0.01083	0.00901	0.03597	0.00286	0.12418	0.00766	0.00352	0.00962
18	0.02700	0.01200	0.01565	0.01260	0.01732	0.01104	0.01017	0.05490	0.08081	0.49641	0.11797	0.06304	0.02637	0.01051	0.00758	0.00230	0.00575	0.00879	0.00855	0.01125
19	0.01959	0.01528	0.01648	0.01460	0.01887	0.01731	0.01142	0.03829	0.61713	0.10023	0.02949	0.02687	0.02175	0.00977	0.00739	0.00244	0.00580	0.00812	0.00756	0.01160
20	0.01357	0.00957	0.01180	0.01196	0.01441	0.00955	0.00979	0.03953	0.10583	0.06959	0.09043	0.11392	0.16217	0.01713	0.00898	0.00284	0.00559	0.28851	0.00707	0.00774
21	0.05307	0.01807	0.02290	0.32287	0.18644	0.14581	0.04187	0.02122	0.01608	0.02043	0.01551	0.01987	0.04303	0.00780	0.00771	0.00228	0.03600	0.00652	0.00365	0.00887
22	0.01251	0.00639	0.00959	0.00959	0.00965	0.00646	0.00646	0.00965	0.00959	0.01285	0.01299	0.02244	0.01292	0.02679	0.06462	0.74758	0.00701	0.00639	0.00320	0.00333
23	0.02613	0.03132	0.02153	0.01878	0.02292	0.57405	0.04847	0.10604	0.02194	0.02151	0.01402	0.01566	0.03021	0.00789	0.00681	0.00196	0.01217	0.00543	0.00426	0.00891
24	0.01781	0.01917	0.03540	0.07364	0.13715	0.05464	0.41526	0.04532	0.01733	0.02335	0.01406	0.01855	0.01091	0.00663	0.00856	0.00232	0.03886	0.00754	0.00378	0.04973
25	0.01881	0.02019	0.05151	0.02460	0.11943	0.12144	0.23237	0.09923	0.04357	0.02506	0.05407	0.04902	0.04715	0.00887	0.00873	0.00234	0.05108	0.00822	0.00467	0.00965
26	0.04561	0.04960	0.01493	0.01206	0.01532	0.09011	0.04052	0.04227	0.01831	0.11824	0.17458	0.12824	0.15088	0.03682	0.00871	0.00244	0.00611	0.01116	0.00646	0.02764

[dist]
# distance from previous block
# <min> <max>
9	18

[block]
# block no. 5 follows, 28 sequences, length 17
# corresponding to MSA columns:
# 197-213
name=unknown_F
#
# <colnr> <probs for GDERKNQSTAVLIFYWHMCP>
#	G	D	E	R	K	N	Q	S	T	A	V	L	I	F	Y	W	H	M	C	P
0	0.05328	0.12699	0.38144	0.02261	0.15579	0.01766	0.02121	0.02239	0.01590	0.04507	0.06026	0.01818	0.01399	0.00734	0.00667	0.00217	0.00904	0.00591	0.00378	0.01035
1	0.08475	0.12892	0.55709	0.01864	0.02823	0.01839	0.02327	0.02271	0.01501	0.02310	0.01240	0.01455	0.00911	0.00680	0.00640	0.00220	0.00990	0.00505	0.00320	0.01030
2	0.01763	0.13598	0.17048	0.02635	0.15896	0.06320	0.21644	0.02272	0.01622	0.02186	0.01298	0.01644	0.01033	0.00662	0.00754	0.00214	0.03253	0.00625	0.00347	0.05186
3	0.01743	0.01663	0.02791	0.13291	0.58366	0.01716	0.02155	0.02254	0.04609	0.02336	0.01428	0.01858	0.01175	0.00673	0.00721	0.00221	0.00865	0.00655	0.00372	0.01106
4	0.02763	0.02036	0.02182	0.01672	0.02254	0.02254	0.01382	0.67496	0.03418	0.04581	0.01745	0.01745	0.01236	0.00873	0.00727	0.00218	0.00800	0.00654	0.00727	0.01236
5	0.01641	0.01659	0.02144	0.05020	0.02050	0.07804	0.03798	0.01843	0.01262	0.01839	0.01186	0.04006	0.01138	0.01188	0.01953	0.00291	0.54625	0.00679	0.05080	0.00792
6	0.01053	0.00761	0.01028	0.01168	0.01302	0.00735	0.00943	0.01315	0.01615	0.02119	0.09033	0.28105	0.08789	0.02041	0.00960	0.00309	0.00550	0.36852	0.00681	0.00643
7	0.00923	0.00739	0.00825	0.00803	0.01021	0.00641	0.00603	0.01167	0.01808	0.02322	0.30754	0.06407	0.46011	0.01707	0.00858	0.00239	0.00359	0.01452	0.00722	0.00641
8	0.01007	0.00742	0.00941	0.00891	0.01072	0.00676	0.00668	0.01329	0.02005	0.02790	0.61371	0.05635	0.15102	0.01533	0.00858	0.00231	0.00346	0.01343	0.00784	0.00676
9	0.01351	0.00814	0.01075	0.00969	0.01197	0.00741	0.00741	0.01685	0.02061	0.12647	0.59924	0.05004	0.06129	0.01402	0.00839	0.00228	0.00383	0.01230	0.00815	0.00765
10	0.01861	0.01588	0.01674	0.01490	0.01911	0.01833	0.01163	0.07419	0.64962	0.03127	0.02891	0.02658	0.02164	0.00980	0.00739	0.00245	0.00588	0.00812	0.00739	0.01155
11	0.01943	0.74891	0.03809	0.01244	0.01866	0.02876	0.01244	0.02177	0.01477	0.01710	0.01011	0.01166	0.00933	0.00622	0.00466	0.00155	0.00777	0.00389	0.00311	0.00933
12	0.02636	0.01179	0.01542	0.01235	0.01699	0.01079	0.01000	0.05739	0.06472	0.47878	0.18034	0.03133	0.02957	0.01038	0.00760	0.00227	0.00560	0.00867	0.00859	0.01106
13	0.01355	0.00678	0.00678	0.00678	0.00847	0.00678	0.00508	0.01694	0.01524	0.02710	0.02371	0.02710	0.01863	0.00847	0.00508	0.00169	0.00339	0.00678	0.78489	0.00678
14	0.00886	0.00633	0.00843	0.01012	0.01054	0.00590	0.00675	0.01012	0.01392	0.01856	0.04006	0.73979	0.04808	0.02277	0.00928	0.00295	0.00422	0.02066	0.00675	0.00590
15	0.01507	0.01292	0.01507	0.01077	0.01723	0.00969	0.00861	0.01830	0.01507	0.02369	0.01292	0.01507	0.01077	0.00538	0.00538	0.00108	0.00538	0.00431	0.00431	0.78898
16	0.00904	0.00650	0.00849	0.01001	0.01057	0.00607	0.00678	0.01037	0.01402	0.01854	0.04098	0.64364	0.08152	0.05670	0.01059	0.00314	0.00443	0.04612	0.00663	0.00588

[dist]
# distance from previous block
# <min> <max>
0	2

[block]
# block no. 6 follows, 28 sequences, length 67
# corresponding to MSA columns:
# 216-282
name=unknown_G
#
# <colnr> <probs for GDERKNQSTAVLIFYWHMCP>
#	G	D	E	R	K	N	Q	S	T	A	V	L	I	F	Y	W	H	M	C	P
0	0.02658	0.01974	0.02125	0.01623	0.02210	0.02147	0.01338	0.62001	0.03258	0.04396	0.01707	0.01725	0.01223	0.00845	0.00711	0.00209	0.00778	0.00636	0.00702	0.07734
1	0.72166	0.01467	0.01176	0.01025	0.01488	0.01691	0.00845	0.08452	0.01448	0.03389	0.01083	0.01235	0.00831	0.00694	0.00477	0.00224	0.00585	0.00419	0.00477	0.00831
2	0.01458	0.03760	0.70688	0.02072	0.03146	0.01688	0.02686	0.02302	0.01535	0.02302	0.01304	0.01535	0.00921	0.00691	0.00691	0.00230	0.01074	0.00537	0.00307	0.01074
3	0.02436	0.01763	0.01931	0.01532	0.02035	0.01904	0.01240	0.52293	0.02978	0.06167	0.02103	0.12712	0.01788	0.01071	0.00749	0.00225	0.00724	0.00861	0.00711	0.04778
4	0.01864	0.01435	0.01651	0.01208	0.01836	0.01229	0.00977	0.14892	0.01920	0.07025	0.01479	0.01614	0.01153	0.00627	0.00588	0.00137	0.00595	0.00493	0.00518	0.58759
5	0.00917	0.00706	0.00843	0.00909	0.01062	0.00632	0.00663	0.01115	0.01620	0.02082	0.15208	0.31720	0.31383	0.01962	0.00895	0.00268	0.00406	0.06297	0.00693	0.00620
6	0.02589	0.02232	0.02063	0.01659	0.02175	0.16649	0.01335	0.45883	0.05322	0.03716	0.01647	0.01725	0.01226	0.01027	0.03670	0.00247	0.00935	0.00617	0.00626	0.04657
7	0.03226	0.01293	0.01722	0.01320	0.01884	0.01152	0.01090	0.08037	0.02174	0.65796	0.02789	0.02423	0.01760	0.00898	0.00731	0.00224	0.00631	0.00726	0.00888	0.01237
8	0.01471	0.01355	0.02112	0.51758	0.04064	0.01696	0.01820	0.04368	0.01471	0.01991	0.01284	0.01876	0.01011	0.00830	0.01018	0.00248	0.14216	0.00637	0.02973	0.03801
9	0.00997	0.00730	0.00936	0.00910	0.01073	0.00668	0.00673	0.01301	0.01945	0.02708	0.56408	0.13519	0.12202	0.01609	0.00866	0.00238	0.00354	0.01421	0.00775	0.00668
10	0.00886	0.00633	0.00843	0.01012	0.01054	0.00590	0.00675	0.01012	0.01392	0.01856	0.04006	0.73979	0.04808	0.02277	0.00928	0.00295	0.00422	0.02066	0.00675	0.00590
11	0.00866	0.00737	0.00746	0.00744	0.00986	0.00617	0.00558	0.01057	0.01674	0.02003	0.09966	0.06930	0.66997	0.01826	0.00859	0.00245	0.00367	0.01525	0.00680	0.00617
12	0.02715	0.03464	0.02060	0.01873	0.02247	0.71536	0.01404	0.02903	0.02060	0.01779	0.01124	0.01311	0.00936	0.00749	0.00655	0.00187	0.01311	0.00468	0.00375	0.00843
13	0.01038	0.00779	0.01168	0.01168	0.01298	0.00909	0.00909	0.01298	0.01168	0.01687	0.01947	0.02856	0.01817	0.05452	0.71573	0.01168	0.01947	0.00779	0.00389	0.00649
14	0.01458	0.03760	0.70688	0.02072	0.03146	0.01688	0.02686	0.02302	0.01535	0.02302	0.01304	0.01535	0.00921	0.00691	0.00691	0.00230	0.01074	0.00537	0.00307	0.01074
15	0.00884	0.00637	0.00839	0.01000	0.01051	0.00591	0.00669	0.01014	0.01403	0.01860	0.04155	0.71014	0.07678	0.02258	0.00925	0.00293	0.00419	0.02043	0.00675	0.00591
16	0.01507	0.01292	0.01507	0.01077	0.01723	0.00969	0.00861	0.01830	0.01507	0.02369	0.01292	0.01507	0.01077	0.00538	0.00538	0.00108	0.00538	0.00431	0.00431	0.78898
17	0.02034	0.01508	0.01606	0.01429	0.01836	0.05116	0.01129	0.03463	0.45032	0.15119	0.05943	0.03138	0.02437	0.01059	0.00759	0.00245	0.00617	0.05688	0.00747	0.01093
18	0.01799	0.01727	0.02950	0.04462	0.69919	0.01727	0.02231	0.02231	0.01655	0.02375	0.01367	0.01799	0.01151	0.00648	0.00720	0.00216	0.00864	0.00648	0.00360	0.01151
19	0.01799	0.01727	0.02950	0.04462	0.69919	0.01727	0.02231	0.02231	0.01655	0.02375	0.01367	0.01799	0.01151	0.00648	0.00720	0.00216	0.00864	0.00648	0.00360	0.01151
20	0.01458	0.03760	0.70688	0.02072	0.03146	0.01688	0.02686	0.02302	0.01535	0.02302	0.01304	0.01535	0.00921	0.00691	0.00691	0.00230	0.01074	0.00537	0.00307	0.01074
21	0.01661	0.01434	0.01503	0.01364	0.01750	0.01623	0.01058	0.03426	0.58243	0.02874	0.03640	0.03375	0.12653	0.01119	0.00758	0.00246	0.00543	0.00932	0.00730	0.01067
22	0.01038	0.00779	0.01168	0.01168	0.01298	0.00909	0.00909	0.01298	0.01168	0.01687	0.01947	0.02856	0.01817	0.05452	0.71573	0.01168	0.01947	0.00779	0.00389	0.00649
23	0.05247	0.01158	0.01331	0.01330	0.01618	0.03797	0.01108	0.02289	0.16277	0.09631	0.03532	0.05731	0.07277	0.01547	0.00869	0.00288	0.00644	0.34795	0.00688	0.00843
24	0.01373	0.01292	0.02180	0.72707	0.05006	0.01615	0.02019	0.01857	0.01453	0.01857	0.01292	0.01938	0.00969	0.00727	0.00727	0.00242	0.00969	0.00646	0.00323	0.00807
25	0.01373	0.01292	0.02180	0.72707	0.05006	0.01615	0.02019	0.01857	0.01453	0.01857	0.01292	0.01938	0.00969	0.00727	0.00727	0.00242	0.00969	0.00646	0.00323	0.00807
26	0.01100	0.00805	0.01075	0.01218	0.01371	0.00792	0.01005	0.01429	0.03710	0.02112	0.04159	0.22764	0.09889	0.02022	0.00966	0.00315	0.00585	0.43347	0.00673	0.00662
27	0.02608	0.01406	0.01685	0.01388	0.01884	0.01432	0.01115	0.05832	0.31284	0.38675	0.02870	0.02554	0.01964	0.00937	0.00735	0.00234	0.00606	0.00768	0.00824	0.01199
28	0.02192	0.01539	0.01694	0.01444	0.01898	0.01698	0.01145	0.13051	0.44552	0.15372	0.02742	0.02527	0.01986	0.00949	0.00728	0.00236	0.00607	0.00776	0.03703	0.01161
29	0.01355	0.00678	0.00678	0.00678	0.00847	0.00678	0.00508	0.01694	0.01524	0.02710	0.02371	0.02710	0.01863	0.00847	0.00508	0.00169	0.00339	0.00678	0.78489	0.00678
30	0.00969	0.00695	0.00903	0.01041	0.01107	0.00664	0.00706	0.03956	0.01481	0.01976	0.03906	0.70781	0.04650	0.02215	0.00919	0.00292	0.00438	0.02004	0.00677	0.00619
31	0.05820	0.01352	0.01704	0.01337	0.01879	0.01281	0.01096	0.09244	0.09884	0.54286	0.02711	0.02390	0.01761	0.00899	0.00721	0.00227	0.00628	0.00722	0.00849	0.01211
32	0.03046	0.01417	0.01782	0.01372	0.01935	0.01340	0.01130	0.16761	0.04911	0.51987	0.02588	0.02301	0.01676	0.00886	0.00724	0.00221	0.00652	0.00709	0.00843	0.03721
33	0.13562	0.63895	0.03399	0.01201	0.01797	0.02690	0.01175	0.02171	0.01441	0.01942	0.01011	0.01168	0.00911	0.00630	0.00464	0.00166	0.00745	0.00389	0.00332	0.00911
34	0.79588	0.01406	0.01068	0.00956	0.01406	0.01631	0.00787	0.02137	0.01237	0.03261	0.01012	0.01181	0.00787	0.00675	0.00450	0.00225	0.00562	0.00394	0.00450	0.00787
35	0.00977	0.00817	0.00826	0.00794	0.01061	0.00715	0.00604	0.05164	0.01766	0.02126	0.07015	0.06670	0.65384	0.01781	0.00851	0.00244	0.00395	0.01480	0.00678	0.00652
36	0.01180	0.00775	0.01004	0.00935	0.01136	0.00706	0.00705	0.01498	0.02003	0.07921	0.57364	0.08347	0.10642	0.01501	0.00851	0.00232	0.00369	0.01319	0.00794	0.00719
37	0.00859	0.00736	0.00736	0.00736	0.00982	0.00614	0.00552	0.01043	0.01657	0.01964	0.07364	0.06996	0.69624	0.01841	0.00859	0.00245	0.00368	0.01534	0.00675	0.00614
38	0.02718	0.03391	0.02066	0.01862	0.02248	0.67991	0.01403	0.06207	0.02129	0.01922	0.01155	0.01333	0.00952	0.00755	0.00659	0.00189	0.01285	0.00478	0.00393	0.00863
39	0.01143	0.00828	0.01132	0.01284	0.01459	0.00816	0.01115	0.01464	0.01672	0.02156	0.04167	0.08091	0.10106	0.01993	0.00991	0.00327	0.00642	0.59280	0.00670	0.00664
40	0.01023	0.00743	0.00963	0.00908	0.01082	0.00683	0.00681	0.01360	0.02043	0.02880	0.67276	0.05487	0.09140	0.01499	0.00857	0.00229	0.00344	0.01323	0.00796	0.00683
41	0.01029	0.00743	0.00972	0.00914	0.01086	0.00686	0.00686	0.01372	0.02058	0.02915	0.69536	0.05430	0.06859	0.01486	0.00857	0.00229	0.00343	0.01315	0.00800	0.00686
42	0.79588	0.01406	0.01068	0.00956	0.01406	0.01631	0.00787	0.02137	0.01237	0.03261	0.01012	0.01181	0.00787	0.00675	0.00450	0.00225	0.00562	0.00394	0.00450	0.00787
43	0.79588	0.01406	0.01068	0.00956	0.01406	0.01631	0.00787	0.02137	0.01237	0.03261	0.01012	0.01181	0.00787	0.00675	0.00450	0.00225	0.00562	0.00394	0.00450	0.00787
44	0.01458	0.03760	0.70688	0.02072	0.03146	0.01688	0.02686	0.02302	0.01535	0.02302	0.01304	0.01535	0.00921	0.00691	0.00691	0.00230	0.01074	0.00537	0.00307	0.01074
45	0.01023	0.00743	0.00964	0.00909	0.01082	0.00683	0.00681	0.01361	0.02044	0.02883	0.67468	0.05482	0.08947	0.01498	0.00857	0.00229	0.00344	0.01322	0.00796	0.00683
46	0.01166	0.01007	0.04340	0.01053	0.01303	0.00901	0.00849	0.01788	0.11991	0.02905	0.56375	0.04841	0.05886	0.01374	0.00832	0.00231	0.00412	0.01204	0.00768	0.00774
47	0.01929	0.01481	0.01602	0.01420	0.01840	0.01660	0.01110	0.03681	0.57407	0.10860	0.03173	0.02903	0.05618	0.01020	0.00745	0.00244	0.00570	0.00848	0.00755	0.01133
48	0.00885	0.00636	0.00840	0.01003	0.01052	0.00591	0.00671	0.01013	0.01401	0.01859	0.04120	0.71706	0.07008	0.02263	0.00925	0.00294	0.00420	0.02048	0.00675	0.00591
49	0.01758	0.01685	0.02877	0.10991	0.63709	0.01716	0.02211	0.02195	0.01636	0.02325	0.01360	0.01812	0.01134	0.00655	0.00720	0.00218	0.00874	0.00648	0.00356	0.01119
50	0.05179	0.02046	0.02121	0.01649	0.02213	0.04546	0.01354	0.60777	0.05822	0.04385	0.01748	0.01750	0.01250	0.00867	0.00716	0.00218	0.00801	0.00646	0.00707	0.01205
51	0.00904	0.00716	0.00819	0.00883	0.01058	0.00632	0.00654	0.01092	0.01596	0.01989	0.08389	0.26561	0.41945	0.01971	0.00893	0.00268	0.00412	0.07923	0.00679	0.00615
52	0.01458	0.03760	0.70688	0.02072	0.03146	0.01688	0.02686	0.02302	0.01535	0.02302	0.01304	0.01535	0.00921	0.00691	0.00691	0.00230	0.01074	0.00537	0.00307	0.01074
53	0.01458	0.03760	0.70688	0.02072	0.03146	0.01688	0.02686	0.02302	0.01535	0.02302	0.01304	0.01535	0.00921	0.00691	0.00691	0.00230	0.01074	0.00537	0.00307	0.01074
54	0.06249	0.02204	0.02114	0.01668	0.02215	0.11785	0.01358	0.55612	0.03131	0.04135	0.01626	0.01660	0.01174	0.00847	0.00705	0.00214	0.00860	0.00617	0.00666	0.01161
55	0.04496	0.01792	0.01957	0.04266	0.02175	0.01977	0.01288	0.49202	0.08841	0.06157	0.02181	0.06503	0.03843	0.00992	0.00738	0.00228	0.00736	0.00782	0.00706	0.01139
56	0.50234	0.02044	0.01460	0.01285	0.01728	0.21170	0.01021	0.09104	0.01692	0.02985	0.01119	0.01275	0.00875	0.00716	0.00536	0.00214	0.00795	0.00441	0.00458	0.00849
57	0.00878	0.00661	0.00814	0.00936	0.01034	0.00597	0.00641	0.01021	0.01465	0.01885	0.04929	0.55582	0.22610	0.02157	0.00909	0.00282	0.00407	0.01920	0.00675	0.00597
58	0.00982	0.00747	0.00895	0.00898	0.01064	0.00688	0.00650	0.01281	0.04176	0.02361	0.32970	0.19515	0.23769	0.05460	0.01013	0.00272	0.00393	0.01497	0.00719	0.00651
59	0.00912	0.00749	0.00810	0.00824	0.01053	0.00647	0.00637	0.01129	0.01698	0.02082	0.13069	0.06981	0.55864	0.01825	0.00876	0.00254	0.00401	0.08876	0.00687	0.00627
60	0.02977	0.07186	0.02158	0.01495	0.02082	0.01302	0.08761	0.03293	0.01990	0.57054	0.02558	0.02310	0.01650	0.00844	0.00725	0.00222	0.00702	0.00718	0.00791	0.01183
61	0.01458	0.03760	0.70688	0.02072	0.03146	0.01688	0.02686	0.02302	0.01535	0.02302	0.01304	0.01535	0.00921	0.00691	0.00691	0.00230	0.01074	0.00537	0.00307	0.01074
62	0.01163	0.00831	0.01159	0.01312	0.01480	0.00827	0.01141	0.01498	0.01697	0.02221	0.07922	0.08028	0.04349	0.01976	0.00995	0.00328	0.00649	0.61076	0.00677	0.00670
63	0.01507	0.01292	0.01507	0.01077	0.01723	0.00969	0.00861	0.01830	0.01507	0.02369	0.01292	0.01507	0.01077	0.00538	0.00538	0.00108	0.00538	0.00431	0.00431	0.78898
64	0.00907	0.00752	0.00803	0.00828	0.01062	0.00648	0.00647	0.01114	0.01659	0.01996	0.06828	0.07179	0.59659	0.01866	0.00881	0.00259	0.00414	0.11203	0.00674	0.00622
65	0.02401	0.05957	0.02366	0.06848	0.02536	0.49158	0.07538	0.04674	0.01922	0.01918	0.01167	0.01446	0.00965	0.00779	0.00825	0.00207	0.07522	0.00534	0.00374	0.00865
66	0.00914	0.00772	0.00858	0.05223	0.01246	0.00686	0.00661	0.01138	0.01699	0.02087	0.15461	0.06469	0.56813	0.01723	0.00851	0.00243	0.00402	0.01449	0.00670	0.00636

[dist]
# distance from previous block
# <min> <max>
0	50

# created by:
# /st0/software/busco_prod/Augustus/scripts/msa2prfl.pl ./align_prep/161355.fa
