[name]
unknown

[dist]
# distance from previous block
# <min> <max>
0	128

[block]
# block no. 0 follows, 29 sequences, length 20
# corresponding to MSA columns:
# 129-148
name=unknown_A
#
# <colnr> <probs for GDERKNQSTAVLIFYWHMCP>
#	G	D	E	R	K	N	Q	S	T	A	V	L	I	F	Y	W	H	M	C	P
0	0.01135	0.00811	0.01133	0.01297	0.01455	0.00809	0.01125	0.01453	0.01627	0.02117	0.03777	0.11042	0.04126	0.01979	0.00980	0.00326	0.00645	0.62856	0.00656	0.00652
1	0.01490	0.01278	0.01483	0.01073	0.01695	0.00987	0.00857	0.01884	0.04572	0.02350	0.01340	0.01530	0.01106	0.00547	0.00536	0.00112	0.00529	0.00439	0.00436	0.75757
2	0.01540	0.03489	0.59796	0.02112	0.03083	0.06610	0.08999	0.02299	0.01557	0.02222	0.01282	0.01529	0.00921	0.00673	0.00690	0.00224	0.01083	0.00552	0.00311	0.01027
3	0.01371	0.01282	0.02103	0.68849	0.04717	0.01594	0.01925	0.01940	0.05593	0.01891	0.01366	0.01945	0.01024	0.00728	0.00713	0.00238	0.00926	0.00643	0.00341	0.00812
4	0.02564	0.12502	0.02235	0.01757	0.02154	0.63351	0.01356	0.02753	0.01946	0.01734	0.01087	0.01266	0.00917	0.00718	0.00619	0.00180	0.01218	0.00449	0.00359	0.00837
5	0.01579	0.01302	0.03085	0.01221	0.01583	0.01334	0.00978	0.11130	0.27903	0.03025	0.22644	0.03365	0.05582	0.01082	0.00732	0.00219	0.00512	0.00911	0.06195	0.05619
6	0.01114	0.00748	0.00973	0.00905	0.01079	0.00691	0.00673	0.01423	0.01948	0.05989	0.62197	0.05135	0.06194	0.06585	0.01029	0.00256	0.00374	0.01243	0.00764	0.00681
7	0.02707	0.01995	0.02137	0.01638	0.02208	0.02208	0.01353	0.68159	0.03348	0.04488	0.01710	0.01710	0.01211	0.00855	0.00712	0.00214	0.00784	0.00641	0.00712	0.01211
8	0.01173	0.00619	0.00910	0.00939	0.00946	0.00612	0.00626	0.00939	0.01003	0.01337	0.01699	0.14610	0.01834	0.02432	0.02461	0.65693	0.00583	0.00860	0.00370	0.00356
9	0.02660	0.03394	0.02018	0.01834	0.02201	0.72116	0.01376	0.02843	0.02018	0.01743	0.01101	0.01284	0.00917	0.00734	0.00642	0.00183	0.01284	0.00459	0.00367	0.00825
10	0.02075	0.02225	0.01727	0.01577	0.01943	0.29996	0.01199	0.03239	0.38152	0.02412	0.02236	0.06393	0.01820	0.00948	0.00702	0.00221	0.00844	0.00738	0.00577	0.00973
11	0.00927	0.00678	0.00879	0.00980	0.01086	0.00630	0.00710	0.01126	0.01559	0.02076	0.17469	0.44339	0.12888	0.01993	0.00896	0.00275	0.00422	0.09774	0.00685	0.00609
12	0.00842	0.00721	0.00721	0.00721	0.00962	0.00601	0.00541	0.01022	0.01623	0.01924	0.07213	0.06853	0.70244	0.01803	0.00842	0.00240	0.00361	0.01503	0.00661	0.00601
13	0.05789	0.01935	0.02054	0.01596	0.02148	0.02151	0.01313	0.60755	0.08083	0.04325	0.01767	0.01756	0.01263	0.00855	0.00702	0.00216	0.00758	0.00643	0.00702	0.01187
14	0.02211	0.01162	0.01455	0.01239	0.01631	0.01133	0.00989	0.07357	0.13605	0.32688	0.14498	0.09618	0.03048	0.01177	0.00772	0.00237	0.00551	0.04821	0.00793	0.01015
15	0.00971	0.00685	0.00901	0.01035	0.01101	0.00662	0.00745	0.01126	0.01375	0.01819	0.03574	0.44317	0.04159	0.15578	0.01429	0.00373	0.00527	0.18434	0.00617	0.00571
16	0.01533	0.00916	0.01169	0.01031	0.01297	0.00866	0.00797	0.05792	0.04355	0.15487	0.48660	0.07309	0.05240	0.01329	0.00808	0.00226	0.00423	0.01157	0.00791	0.00815
17	0.01389	0.01313	0.02204	0.64692	0.10599	0.01613	0.01981	0.01848	0.01430	0.01860	0.01261	0.01875	0.00965	0.00724	0.00768	0.00238	0.03469	0.00633	0.00319	0.00820
18	0.04613	0.05479	0.02085	0.02070	0.12887	0.39020	0.01414	0.04055	0.01781	0.02033	0.01248	0.01528	0.01045	0.00782	0.00821	0.00202	0.09418	0.00525	0.08132	0.00864
19	0.70360	0.01382	0.01165	0.05148	0.01612	0.01621	0.00878	0.02121	0.03467	0.03061	0.01068	0.01262	0.00833	0.00693	0.00527	0.00225	0.02935	0.00421	0.00439	0.00784

[dist]
# distance from previous block
# <min> <max>
0	1

[block]
# block no. 1 follows, 29 sequences, length 15
# corresponding to MSA columns:
# 150-164
name=unknown_B
#
# <colnr> <probs for GDERKNQSTAVLIFYWHMCP>
#	G	D	E	R	K	N	Q	S	T	A	V	L	I	F	Y	W	H	M	C	P
0	0.01602	0.09350	0.47906	0.02050	0.06891	0.01726	0.05090	0.02256	0.01519	0.05799	0.01326	0.01556	0.00978	0.00698	0.00748	0.00218	0.04741	0.00544	0.00343	0.04659
1	0.01532	0.02440	0.31919	0.23888	0.03550	0.01689	0.09834	0.05693	0.08182	0.02311	0.01473	0.01796	0.01077	0.00716	0.00713	0.00232	0.00977	0.00629	0.00375	0.00977
2	0.01687	0.04611	0.13065	0.06790	0.42289	0.01741	0.12552	0.02246	0.03904	0.02284	0.01384	0.01764	0.01107	0.00649	0.00714	0.00218	0.00924	0.00648	0.00355	0.01067
3	0.07093	0.01220	0.01622	0.01250	0.01795	0.01075	0.01033	0.03400	0.01996	0.67584	0.02717	0.02359	0.01712	0.00870	0.00702	0.00220	0.00603	0.00699	0.00859	0.01189
4	0.00885	0.00633	0.00842	0.00979	0.01037	0.00590	0.00662	0.01036	0.01446	0.01950	0.12346	0.65712	0.04965	0.02132	0.00900	0.00281	0.00403	0.01931	0.00677	0.00590
5	0.15161	0.17662	0.24609	0.01601	0.04178	0.09521	0.01614	0.06593	0.01672	0.04532	0.05637	0.01639	0.01310	0.00733	0.00602	0.00203	0.00849	0.00530	0.00410	0.00944
6	0.01376	0.00958	0.01173	0.01085	0.01328	0.00962	0.00835	0.05892	0.12625	0.07553	0.40506	0.11702	0.04983	0.01408	0.00820	0.00238	0.00442	0.04552	0.00758	0.00803
7	0.01017	0.00763	0.01144	0.01144	0.01272	0.00890	0.00890	0.01272	0.01144	0.01653	0.01907	0.02797	0.01780	0.05340	0.72153	0.01144	0.01907	0.00763	0.00381	0.00636
8	0.03854	0.20732	0.10805	0.08410	0.06825	0.07804	0.01481	0.12002	0.01767	0.02318	0.04884	0.01904	0.01404	0.05415	0.03251	0.00265	0.04960	0.00598	0.00414	0.00909
9	0.05907	0.05526	0.02057	0.12723	0.08060	0.01536	0.07740	0.15168	0.04188	0.07981	0.04425	0.12957	0.01988	0.05486	0.00906	0.00259	0.00743	0.00895	0.00542	0.00912
10	0.01131	0.00814	0.01124	0.01279	0.01448	0.00808	0.01115	0.01451	0.01638	0.02120	0.03956	0.07968	0.07671	0.01958	0.00976	0.00323	0.00640	0.62270	0.00656	0.00653
11	0.01535	0.01480	0.01475	0.08758	0.05468	0.15736	0.01134	0.05965	0.01915	0.02373	0.23156	0.04322	0.11158	0.01270	0.00794	0.00234	0.00704	0.11173	0.00588	0.00763
12	0.03818	0.01276	0.01604	0.03819	0.05567	0.03400	0.04552	0.17418	0.01955	0.09293	0.07781	0.14540	0.05650	0.05584	0.01117	0.07701	0.00658	0.00988	0.02444	0.00837
13	0.01642	0.14033	0.34751	0.01891	0.02588	0.01984	0.06997	0.06213	0.05340	0.02242	0.01299	0.01566	0.01013	0.00794	0.00970	0.00232	0.14534	0.00568	0.00357	0.00987
14	0.72161	0.04966	0.01233	0.00987	0.01443	0.01688	0.00823	0.05592	0.01336	0.03190	0.01029	0.01185	0.00801	0.00669	0.00456	0.00217	0.00573	0.00399	0.00449	0.00801

[dist]
# distance from previous block
# <min> <max>
0	1

[block]
# block no. 2 follows, 29 sequences, length 58
# corresponding to MSA columns:
# 166-223
name=unknown_C
#
# <colnr> <probs for GDERKNQSTAVLIFYWHMCP>
#	G	D	E	R	K	N	Q	S	T	A	V	L	I	F	Y	W	H	M	C	P
0	0.00990	0.00686	0.00807	0.00832	0.00872	0.00672	0.00513	0.01057	0.01202	0.01602	0.07298	0.16637	0.08131	0.49679	0.05556	0.00577	0.00645	0.01243	0.00508	0.00493
1	0.01431	0.01097	0.01441	0.01577	0.10914	0.01110	0.01047	0.14917	0.02045	0.02809	0.26089	0.21415	0.04164	0.01446	0.00822	0.00243	0.00537	0.05406	0.00671	0.00820
2	0.01477	0.01266	0.01477	0.01055	0.01687	0.00949	0.00844	0.01793	0.01477	0.02320	0.01266	0.01477	0.01055	0.00527	0.00527	0.00105	0.00527	0.00422	0.00422	0.79328
3	0.02038	0.01662	0.01760	0.01503	0.01953	0.01896	0.01192	0.22147	0.50449	0.03409	0.02559	0.02387	0.01899	0.00934	0.00721	0.00234	0.00626	0.00758	0.00721	0.01151
4	0.01576	0.01600	0.02163	0.16429	0.02507	0.05937	0.01633	0.01798	0.01210	0.01737	0.01011	0.01612	0.00937	0.01109	0.01911	0.00289	0.54825	0.00616	0.00316	0.00784
5	0.00970	0.00703	0.00757	0.00755	0.00864	0.00653	0.00488	0.01069	0.01328	0.01710	0.07026	0.05473	0.29545	0.39866	0.02277	0.00471	0.00530	0.01216	0.03782	0.00518
6	0.01771	0.01530	0.01610	0.01449	0.01852	0.01771	0.01127	0.03784	0.69247	0.02979	0.02898	0.02657	0.02174	0.00966	0.00725	0.00242	0.00564	0.00805	0.00725	0.01127
7	0.00919	0.00641	0.00811	0.00925	0.00954	0.00613	0.00590	0.01005	0.01262	0.01683	0.03407	0.52998	0.04056	0.24635	0.01745	0.00413	0.00498	0.01720	0.00590	0.00533
8	0.03195	0.01212	0.01652	0.01267	0.01818	0.01047	0.01047	0.03470	0.02038	0.71026	0.02809	0.02424	0.01763	0.00881	0.00716	0.00220	0.00606	0.00716	0.00881	0.01212
9	0.02578	0.01930	0.02064	0.01612	0.02159	0.02148	0.01322	0.59263	0.12454	0.04279	0.01874	0.01840	0.01344	0.00870	0.00714	0.00218	0.00753	0.00664	0.00714	0.01199
10	0.01000	0.00728	0.00941	0.00888	0.01059	0.00669	0.00666	0.01329	0.01997	0.02812	0.67202	0.05391	0.09702	0.01472	0.00840	0.00225	0.00337	0.01298	0.00778	0.00669
11	0.00927	0.00647	0.00815	0.00919	0.00952	0.00618	0.00588	0.01020	0.01285	0.01720	0.06069	0.49299	0.04111	0.25536	0.01777	0.00415	0.00499	0.01677	0.00592	0.00535
12	0.02613	0.01955	0.02176	0.04122	0.05830	0.02161	0.01417	0.62577	0.03196	0.04289	0.01676	0.01718	0.01198	0.00839	0.00712	0.00214	0.00792	0.00640	0.00681	0.01193
13	0.06307	0.01219	0.01628	0.01254	0.01800	0.01069	0.01035	0.03414	0.02005	0.68278	0.02736	0.02372	0.01722	0.00872	0.00705	0.00220	0.00604	0.00703	0.00863	0.01194
14	0.01399	0.00733	0.00740	0.00714	0.00901	0.00744	0.00542	0.05099	0.01589	0.02750	0.02291	0.02606	0.01793	0.00831	0.00509	0.00168	0.00355	0.00663	0.74883	0.00692
15	0.59685	0.01487	0.01288	0.01097	0.01563	0.01693	0.00901	0.13762	0.05133	0.05866	0.01281	0.01377	0.00956	0.00719	0.00513	0.00220	0.00594	0.00464	0.00519	0.00882
16	0.20990	0.01406	0.01686	0.01690	0.11816	0.01457	0.01178	0.10116	0.09199	0.23780	0.05244	0.02331	0.01741	0.00869	0.00666	0.00225	0.00633	0.03287	0.00648	0.01037
17	0.00907	0.00649	0.00864	0.00985	0.01057	0.00607	0.00683	0.01081	0.01504	0.02037	0.17117	0.58029	0.05085	0.02066	0.00898	0.00278	0.00408	0.04459	0.00685	0.00600
18	0.11386	0.00920	0.01231	0.05348	0.05301	0.00921	0.02835	0.01557	0.01472	0.08974	0.07653	0.40226	0.03455	0.04280	0.00900	0.00275	0.00532	0.01405	0.00609	0.00721
19	0.01893	0.48613	0.18108	0.01467	0.02128	0.07449	0.01543	0.02247	0.01509	0.04618	0.01132	0.01300	0.00947	0.00670	0.00606	0.00180	0.03872	0.00441	0.00332	0.00944
20	0.12867	0.00925	0.01066	0.01023	0.01240	0.00934	0.00766	0.06838	0.01741	0.07020	0.23940	0.25212	0.04150	0.05584	0.00943	0.00272	0.00476	0.03610	0.00673	0.00722
21	0.04697	0.07496	0.31524	0.05002	0.07595	0.03953	0.04261	0.01995	0.01569	0.02255	0.11685	0.02370	0.05627	0.00886	0.00811	0.00225	0.06021	0.00705	0.00408	0.00914
22	0.01293	0.00928	0.01119	0.06510	0.03182	0.02951	0.00853	0.01624	0.03624	0.02201	0.04160	0.08378	0.04055	0.05846	0.10682	0.00364	0.06620	0.00839	0.34083	0.00689
23	0.80005	0.01377	0.01047	0.00936	0.01377	0.01597	0.00771	0.02093	0.01212	0.03195	0.00991	0.01157	0.00771	0.00661	0.00441	0.00220	0.00551	0.00386	0.00441	0.00771
24	0.01366	0.01219	0.02001	0.50269	0.12164	0.01432	0.01799	0.01804	0.01483	0.01973	0.01702	0.02826	0.01483	0.00894	0.00739	0.00244	0.00859	0.10210	0.04730	0.00805
25	0.06625	0.01393	0.08647	0.38762	0.07193	0.01355	0.01630	0.01750	0.01534	0.02165	0.13322	0.05993	0.04907	0.00942	0.00726	0.00234	0.00773	0.00817	0.00435	0.00797
26	0.03751	0.01375	0.03935	0.01030	0.01327	0.10822	0.00837	0.11405	0.01829	0.02770	0.02123	0.02359	0.03426	0.00836	0.00564	0.00181	0.00564	0.00642	0.49442	0.00782
27	0.01558	0.01558	0.02181	0.01869	0.01869	0.02181	0.01558	0.01714	0.01091	0.01714	0.00935	0.01558	0.00935	0.01246	0.02337	0.00312	0.73672	0.00623	0.00312	0.00779
28	0.58217	0.01370	0.01141	0.00997	0.01425	0.04345	0.00811	0.02287	0.01393	0.13077	0.01387	0.01487	0.01021	0.00712	0.00495	0.00214	0.00569	0.00463	0.07761	0.00828
29	0.01339	0.00846	0.01044	0.01014	0.01186	0.00815	0.00724	0.07500	0.01693	0.09691	0.14954	0.32858	0.07798	0.13610	0.01295	0.00326	0.00497	0.01438	0.00674	0.00699
30	0.02423	0.01116	0.01459	0.01174	0.01599	0.01019	0.00947	0.08208	0.02141	0.42635	0.25229	0.03331	0.03373	0.01071	0.00757	0.00221	0.00531	0.00901	0.00835	0.01031
31	0.00973	0.00769	0.00881	0.00845	0.01060	0.00700	0.00636	0.01329	0.05561	0.02428	0.37110	0.05886	0.36055	0.01590	0.00834	0.00233	0.00360	0.01361	0.00723	0.00664
32	0.01762	0.01692	0.02890	0.04371	0.70533	0.01692	0.02185	0.02185	0.01621	0.02326	0.01339	0.01762	0.01128	0.00634	0.00705	0.00211	0.00846	0.00634	0.00352	0.01128
33	0.01027	0.00819	0.00930	0.00899	0.01124	0.00792	0.00683	0.01468	0.09378	0.02248	0.20243	0.05328	0.36288	0.02066	0.10347	0.00355	0.00584	0.01244	0.03494	0.00684
34	0.80005	0.01377	0.01047	0.00936	0.01377	0.01597	0.00771	0.02093	0.01212	0.03195	0.00991	0.01157	0.00771	0.00661	0.00441	0.00220	0.00551	0.00386	0.00441	0.00771
35	0.00984	0.00650	0.00863	0.00996	0.01059	0.00605	0.00670	0.01110	0.01382	0.05050	0.03805	0.68347	0.04487	0.05061	0.01008	0.00302	0.00433	0.01924	0.00662	0.00602
36	0.01840	0.45754	0.13528	0.01552	0.02131	0.08280	0.04247	0.02160	0.01465	0.01798	0.01054	0.01296	0.00922	0.00714	0.00772	0.00191	0.10612	0.00460	0.00312	0.00911
37	0.10268	0.01966	0.09100	0.06654	0.44265	0.06534	0.01955	0.06638	0.01700	0.02494	0.01301	0.01642	0.01051	0.00667	0.00670	0.00213	0.00865	0.00586	0.00380	0.01051
38	0.02660	0.03394	0.02018	0.01834	0.02201	0.72116	0.01376	0.02843	0.02018	0.01743	0.01101	0.01284	0.00917	0.00734	0.00642	0.00183	0.01284	0.00459	0.00367	0.00825
39	0.00923	0.00730	0.00838	0.00848	0.01051	0.00644	0.00651	0.01161	0.01722	0.02201	0.24157	0.09522	0.42293	0.01744	0.00860	0.00248	0.00389	0.08696	0.00695	0.00626
40	0.01022	0.00744	0.01049	0.01049	0.01143	0.00838	0.00771	0.01210	0.01116	0.01582	0.01995	0.03282	0.01990	0.23452	0.54330	0.01026	0.01591	0.00834	0.00394	0.00583
41	0.01008	0.00728	0.00952	0.00896	0.01064	0.00672	0.00672	0.01344	0.02016	0.02855	0.70158	0.05319	0.06719	0.01456	0.00840	0.00224	0.00336	0.01288	0.00784	0.00672
42	0.55058	0.01243	0.01079	0.00955	0.01345	0.01385	0.00774	0.04751	0.01483	0.06664	0.11416	0.01975	0.01800	0.00811	0.00529	0.00216	0.00515	0.00568	0.06644	0.00789
43	0.02660	0.03394	0.02018	0.01834	0.02201	0.72116	0.01376	0.02843	0.02018	0.01743	0.01101	0.01284	0.00917	0.00734	0.00642	0.00183	0.01284	0.00459	0.00367	0.00825
44	0.09182	0.01225	0.01605	0.01241	0.01783	0.01090	0.01025	0.03363	0.01974	0.65739	0.02668	0.02325	0.01685	0.00864	0.00695	0.00220	0.00602	0.00690	0.00847	0.01177
45	0.00877	0.00630	0.00834	0.00995	0.01046	0.00587	0.00675	0.01009	0.01381	0.01832	0.04016	0.70188	0.06616	0.02209	0.00910	0.00289	0.00420	0.04244	0.00661	0.00582
46	0.00868	0.00620	0.00826	0.00991	0.01033	0.00578	0.00661	0.00991	0.01363	0.01818	0.03925	0.74510	0.04710	0.02231	0.00909	0.00289	0.00413	0.02024	0.00661	0.00578
47	0.12231	0.01558	0.01602	0.01287	0.01731	0.01715	0.01049	0.41833	0.02576	0.03830	0.01782	0.01893	0.01320	0.00823	0.00620	0.00202	0.00632	0.00614	0.21694	0.01008
48	0.01064	0.00761	0.01046	0.01176	0.01314	0.00743	0.00966	0.01348	0.01636	0.02173	0.14052	0.22345	0.04638	0.01947	0.00945	0.00303	0.00553	0.41672	0.00677	0.00641
49	0.01017	0.00763	0.01144	0.01144	0.01272	0.00890	0.00890	0.01272	0.01144	0.01653	0.01907	0.02797	0.01780	0.05340	0.72153	0.01144	0.01907	0.00763	0.00381	0.00636
50	0.02645	0.01176	0.01541	0.01237	0.01701	0.01077	0.01011	0.07244	0.04775	0.49392	0.14225	0.03124	0.02687	0.01028	0.00749	0.00226	0.00572	0.03659	0.00838	0.01092
51	0.01762	0.01692	0.02890	0.04371	0.70533	0.01692	0.02185	0.02185	0.01621	0.02326	0.01339	0.01762	0.01128	0.00634	0.00705	0.00211	0.00846	0.00634	0.00352	0.01128
52	0.01327	0.00664	0.00664	0.00664	0.00830	0.00664	0.00498	0.01659	0.01493	0.02655	0.02323	0.02655	0.01825	0.00830	0.00498	0.00166	0.00332	0.00664	0.78928	0.00664
53	0.63686	0.01500	0.04302	0.08911	0.01883	0.01632	0.01017	0.05745	0.01367	0.03076	0.01074	0.01284	0.00821	0.00678	0.00496	0.00222	0.00629	0.00433	0.00436	0.00810
54	0.01190	0.00783	0.00969	0.03475	0.01186	0.00819	0.00722	0.04247	0.01505	0.02245	0.09711	0.27378	0.03221	0.05609	0.01085	0.04348	0.04504	0.01206	0.25158	0.00639
55	0.01337	0.01251	0.01197	0.01133	0.01443	0.10664	0.00904	0.01681	0.05171	0.02114	0.06825	0.05202	0.25236	0.01424	0.00792	0.00232	0.00604	0.18152	0.00587	0.14051
56	0.12563	0.01493	0.07103	0.19931	0.14193	0.01439	0.05212	0.05400	0.01690	0.05525	0.14070	0.02572	0.02163	0.00873	0.00709	0.00228	0.00752	0.02714	0.00483	0.00888
57	0.01875	0.59655	0.11031	0.01376	0.01989	0.06499	0.01401	0.02164	0.01466	0.01745	0.01025	0.01212	0.00914	0.00657	0.00589	0.00170	0.04594	0.00414	0.00308	0.00917

[dist]
# distance from previous block
# <min> <max>
0	1

[block]
# block no. 3 follows, 29 sequences, length 44
# corresponding to MSA columns:
# 225-268
name=unknown_D
#
# <colnr> <probs for GDERKNQSTAVLIFYWHMCP>
#	G	D	E	R	K	N	Q	S	T	A	V	L	I	F	Y	W	H	M	C	P
0	0.17878	0.01243	0.01537	0.01204	0.01733	0.01152	0.00994	0.03207	0.01880	0.58060	0.02462	0.02181	0.01573	0.00839	0.00663	0.00220	0.00595	0.00653	0.00797	0.01128
1	0.00930	0.00703	0.00842	0.00860	0.01012	0.00635	0.00620	0.01145	0.01667	0.02203	0.28915	0.20080	0.26730	0.07451	0.01075	0.00282	0.00396	0.03156	0.00688	0.00610
2	0.01454	0.01430	0.02510	0.29515	0.16314	0.01545	0.15137	0.01888	0.01537	0.02077	0.05157	0.02399	0.06756	0.00828	0.00858	0.00233	0.05828	0.00769	0.00385	0.03380
3	0.01661	0.00870	0.01150	0.01007	0.01288	0.00779	0.00780	0.01962	0.01974	0.23561	0.43748	0.08018	0.07622	0.01334	0.00806	0.00227	0.00423	0.01159	0.00802	0.00829
4	0.01036	0.00690	0.00777	0.00777	0.00777	0.00690	0.00431	0.01036	0.01036	0.01381	0.02244	0.04660	0.02589	0.74975	0.03624	0.00690	0.00690	0.01036	0.00431	0.00431
5	0.16724	0.02460	0.34938	0.19006	0.06464	0.01603	0.02029	0.02164	0.01455	0.05061	0.01283	0.01580	0.00933	0.00688	0.00642	0.00226	0.00903	0.00537	0.00357	0.00945
6	0.01762	0.38222	0.24989	0.01476	0.02174	0.02187	0.01616	0.08667	0.01633	0.02159	0.01272	0.01566	0.01066	0.04862	0.00733	0.00213	0.00838	0.00500	0.03113	0.00952
7	0.00936	0.00686	0.00882	0.01002	0.01106	0.00641	0.00735	0.01119	0.01490	0.01949	0.08550	0.43557	0.14766	0.04617	0.01005	0.00300	0.00460	0.14943	0.00660	0.00599
8	0.01877	0.18134	0.05654	0.01323	0.01849	0.05181	0.01163	0.13235	0.03299	0.06089	0.07398	0.04053	0.01689	0.00814	0.00700	0.00179	0.04361	0.00614	0.00499	0.21888
9	0.01591	0.08385	0.59097	0.01962	0.02936	0.01699	0.05157	0.02330	0.01543	0.06885	0.01369	0.01558	0.00969	0.00683	0.00671	0.00221	0.01008	0.00542	0.00343	0.01050
10	0.01469	0.01280	0.01558	0.04824	0.01844	0.01134	0.00978	0.01874	0.05292	0.02301	0.05109	0.01784	0.01412	0.00683	0.00744	0.00147	0.07760	0.00522	0.00443	0.58842
11	0.02660	0.03394	0.02018	0.01834	0.02201	0.72116	0.01376	0.02843	0.02018	0.01743	0.01101	0.01284	0.00917	0.00734	0.00642	0.00183	0.01284	0.00459	0.00367	0.00825
12	0.01528	0.03544	0.67354	0.01986	0.03011	0.01619	0.02541	0.02324	0.01534	0.06138	0.01364	0.01555	0.00951	0.00688	0.00679	0.00225	0.01027	0.00537	0.00333	0.01061
13	0.01008	0.00728	0.00952	0.00896	0.01064	0.00672	0.00672	0.01344	0.02016	0.02855	0.70158	0.05319	0.06719	0.01456	0.00840	0.00224	0.00336	0.01288	0.00784	0.00672
14	0.02345	0.01815	0.01933	0.01565	0.02070	0.02039	0.01266	0.43272	0.28824	0.03904	0.02169	0.02076	0.01583	0.00898	0.00717	0.00224	0.00698	0.00704	0.00717	0.01179
15	0.01023	0.00688	0.00796	0.00807	0.00815	0.00691	0.00467	0.01042	0.01063	0.01423	0.02348	0.09499	0.02704	0.66942	0.06299	0.00681	0.00722	0.01094	0.00446	0.00450
16	0.01771	0.01530	0.01610	0.01449	0.01852	0.01771	0.01127	0.03784	0.69247	0.02979	0.02898	0.02657	0.02174	0.00966	0.00725	0.00242	0.00564	0.00805	0.00725	0.01127
17	0.02784	0.01312	0.01652	0.01312	0.01818	0.01258	0.01068	0.09519	0.13530	0.49374	0.06523	0.02559	0.02060	0.00926	0.00724	0.00223	0.00600	0.00756	0.00833	0.01167
18	0.01094	0.00786	0.01077	0.01195	0.01353	0.00769	0.01008	0.01405	0.01692	0.02243	0.16561	0.11996	0.06363	0.01883	0.00947	0.00303	0.00570	0.47421	0.00681	0.00652
19	0.01035	0.00779	0.00990	0.01079	0.01268	0.00734	0.00903	0.01316	0.01673	0.02140	0.11801	0.07371	0.25593	0.01861	0.00923	0.00289	0.00528	0.38407	0.00671	0.00640
20	0.42076	0.05375	0.04840	0.01151	0.01587	0.06237	0.00991	0.11131	0.01621	0.03022	0.01308	0.01494	0.01018	0.00736	0.00577	0.00209	0.03141	0.00482	0.12164	0.00840
21	0.70755	0.01343	0.01098	0.00965	0.01407	0.01520	0.00793	0.02194	0.01310	0.09269	0.03221	0.01395	0.01038	0.00704	0.00477	0.00220	0.00549	0.00442	0.00490	0.00808
22	0.00876	0.00623	0.00824	0.00981	0.01020	0.00584	0.00649	0.00994	0.01347	0.01795	0.03839	0.70955	0.04602	0.05933	0.01047	0.00310	0.00427	0.01974	0.00649	0.00571
23	0.12416	0.01198	0.01541	0.01442	0.08034	0.01144	0.01040	0.05907	0.01953	0.35571	0.19076	0.02880	0.02776	0.00971	0.00710	0.00220	0.00563	0.00804	0.00742	0.01013
24	0.01555	0.09064	0.23421	0.18857	0.08081	0.01793	0.22872	0.02147	0.01543	0.02114	0.01304	0.01710	0.00985	0.00652	0.00718	0.00225	0.01035	0.00643	0.00327	0.00955
25	0.01791	0.01986	0.14908	0.01525	0.02052	0.05553	0.01389	0.05586	0.41800	0.06103	0.02761	0.02625	0.06860	0.00952	0.00719	0.00233	0.00692	0.00774	0.00626	0.01064
26	0.05942	0.40064	0.02868	0.06325	0.02134	0.24331	0.01316	0.02308	0.01593	0.01783	0.01040	0.01262	0.00911	0.00693	0.00636	0.00180	0.04981	0.00436	0.00332	0.00863
27	0.07376	0.01563	0.02770	0.28603	0.15670	0.01726	0.20280	0.02022	0.01480	0.02129	0.01273	0.01790	0.01003	0.00719	0.00896	0.00240	0.08550	0.00672	0.00344	0.00895
28	0.00991	0.00726	0.00922	0.00874	0.01043	0.00665	0.00650	0.01299	0.01941	0.02707	0.61236	0.05456	0.13195	0.04049	0.00937	0.00242	0.00351	0.01301	0.00759	0.00656
29	0.01429	0.07143	0.17239	0.01653	0.07672	0.09278	0.01412	0.01857	0.03919	0.02120	0.10324	0.18588	0.02863	0.03817	0.00864	0.00255	0.00747	0.07502	0.00503	0.00816
30	0.01478	0.11166	0.64238	0.01945	0.02951	0.01775	0.02484	0.02242	0.01497	0.02195	0.01248	0.01466	0.00903	0.00669	0.00654	0.00218	0.01022	0.00511	0.00301	0.01038
31	0.03171	0.01250	0.01676	0.01285	0.01837	0.01104	0.01062	0.06667	0.02103	0.67739	0.02755	0.02388	0.01735	0.00880	0.00716	0.00220	0.00615	0.00712	0.00873	0.01212
32	0.00949	0.00662	0.00830	0.00901	0.00949	0.00633	0.00583	0.01066	0.01360	0.01842	0.14535	0.38605	0.04314	0.27316	0.01838	0.00417	0.00496	0.01557	0.00602	0.00543
33	0.05349	0.02771	0.42144	0.09635	0.08384	0.01731	0.05008	0.02117	0.01436	0.02182	0.01223	0.01574	0.00931	0.00757	0.00923	0.00239	0.11739	0.00566	0.00317	0.00973
34	0.01098	0.00785	0.01088	0.01237	0.01384	0.00775	0.01045	0.01397	0.01625	0.02135	0.08300	0.17409	0.04364	0.01970	0.00963	0.00315	0.00599	0.52200	0.00665	0.00646
35	0.01036	0.00690	0.00777	0.00777	0.00777	0.00690	0.00431	0.01036	0.01036	0.01381	0.02244	0.04660	0.02589	0.74975	0.03624	0.00690	0.00690	0.01036	0.00431	0.00431
36	0.01392	0.01331	0.02300	0.64728	0.09295	0.01601	0.05615	0.01870	0.01451	0.01879	0.01280	0.01890	0.00969	0.00701	0.00718	0.00236	0.00956	0.00644	0.00321	0.00823
37	0.01236	0.00890	0.01090	0.01121	0.01268	0.00901	0.00817	0.12925	0.01736	0.02318	0.05114	0.48445	0.03938	0.06880	0.01064	0.00305	0.00520	0.08084	0.00657	0.00690
38	0.01123	0.00812	0.01114	0.01265	0.01435	0.00802	0.01100	0.01440	0.01638	0.02115	0.04041	0.07939	0.09309	0.01954	0.00972	0.00321	0.00632	0.60680	0.00656	0.00651
39	0.01368	0.01082	0.01626	0.03860	0.01705	0.01191	0.10884	0.04255	0.01480	0.02256	0.02245	0.12774	0.04106	0.01461	0.06739	0.00306	0.13263	0.00912	0.27750	0.00737
40	0.01381	0.01792	0.16261	0.54865	0.04468	0.01609	0.05835	0.01934	0.01454	0.01934	0.01278	0.01820	0.00947	0.00698	0.00712	0.00235	0.00984	0.00623	0.00316	0.00854
41	0.01804	0.01649	0.02396	0.06670	0.38229	0.04227	0.04014	0.12011	0.06478	0.02600	0.02109	0.02551	0.07200	0.00861	0.00735	0.00223	0.00800	0.03931	0.00472	0.01038
42	0.66621	0.01400	0.01295	0.03960	0.08621	0.01589	0.00970	0.02137	0.01288	0.05225	0.01095	0.01287	0.00846	0.00667	0.00487	0.00220	0.00598	0.00431	0.00441	0.00823
43	0.01019	0.00822	0.00921	0.00888	0.01119	0.00770	0.00676	0.01474	0.09686	0.02380	0.28584	0.05866	0.37801	0.01589	0.00832	0.00238	0.00386	0.03549	0.00711	0.00689

[dist]
# distance from previous block
# <min> <max>
0	1

[block]
# block no. 4 follows, 29 sequences, length 18
# corresponding to MSA columns:
# 270-287
name=unknown_E
#
# <colnr> <probs for GDERKNQSTAVLIFYWHMCP>
#	G	D	E	R	K	N	Q	S	T	A	V	L	I	F	Y	W	H	M	C	P
0	0.00919	0.00720	0.00832	0.00812	0.01012	0.00633	0.00606	0.01169	0.01794	0.02350	0.36141	0.08777	0.38371	0.01660	0.00843	0.00235	0.00351	0.01424	0.00718	0.00633
1	0.01904	0.75404	0.03731	0.01218	0.01828	0.02818	0.01218	0.02132	0.01447	0.01675	0.00990	0.01142	0.00914	0.00609	0.00457	0.00152	0.00761	0.00381	0.00305	0.00914
2	0.02605	0.01737	0.01913	0.01477	0.02012	0.01856	0.01214	0.50366	0.02921	0.13742	0.01900	0.01883	0.01336	0.00842	0.00687	0.00206	0.00708	0.00644	0.07425	0.04526
3	0.00977	0.00727	0.00909	0.00863	0.01045	0.00659	0.00647	0.01283	0.01942	0.02681	0.58374	0.05606	0.18611	0.01521	0.00840	0.00227	0.00341	0.01328	0.00761	0.00659
4	0.02389	0.01710	0.01822	0.01438	0.01920	0.01884	0.01175	0.51816	0.06422	0.04051	0.01891	0.01944	0.01381	0.00856	0.00671	0.00206	0.00684	0.00654	0.15987	0.01100
5	0.00885	0.00632	0.00846	0.01011	0.01060	0.00593	0.00691	0.01021	0.01380	0.01837	0.03915	0.70408	0.04672	0.02215	0.00913	0.00292	0.00428	0.05956	0.00661	0.00583
6	0.02707	0.01995	0.02137	0.01638	0.02208	0.02208	0.01353	0.68159	0.03348	0.04488	0.01710	0.01710	0.01211	0.00855	0.00712	0.00214	0.00784	0.00641	0.00712	0.01211
7	0.02586	0.02112	0.01963	0.01583	0.02078	0.15670	0.01274	0.43622	0.06863	0.07685	0.01765	0.01784	0.01282	0.00838	0.00686	0.00207	0.00830	0.00621	0.05455	0.01097
8	0.00933	0.00729	0.00848	0.00829	0.01032	0.00644	0.00628	0.01192	0.01807	0.02368	0.36485	0.06187	0.37681	0.01648	0.00847	0.00237	0.00362	0.04190	0.00718	0.00637
9	0.00876	0.00626	0.00834	0.00986	0.01035	0.00584	0.00662	0.01013	0.01403	0.01880	0.07911	0.70346	0.04830	0.02184	0.00905	0.00285	0.00408	0.01980	0.00668	0.00584
10	0.47473	0.01485	0.01501	0.15971	0.02279	0.01723	0.01143	0.16004	0.01707	0.03185	0.01200	0.01426	0.00901	0.00712	0.00554	0.00222	0.00682	0.00490	0.00473	0.00868
11	0.07267	0.00808	0.00948	0.00880	0.01112	0.00751	0.00672	0.01460	0.01859	0.07018	0.45141	0.05182	0.21393	0.01442	0.00801	0.00227	0.00376	0.01233	0.00733	0.00697
12	0.01690	0.01032	0.01077	0.00939	0.01206	0.01091	0.00730	0.19951	0.01976	0.03082	0.02149	0.02517	0.01703	0.05386	0.00749	0.00211	0.00478	0.00680	0.52552	0.00800
13	0.02839	0.01365	0.01700	0.01336	0.01854	0.01319	0.01092	0.15129	0.09720	0.47994	0.06006	0.02466	0.01957	0.00915	0.00723	0.00222	0.00620	0.00741	0.00828	0.01175
14	0.01618	0.01499	0.02419	0.21929	0.34449	0.01537	0.04250	0.04621	0.01617	0.02267	0.01415	0.01985	0.01179	0.00694	0.00694	0.00207	0.00826	0.02981	0.00379	0.13431
15	0.41425	0.01530	0.03567	0.17827	0.02481	0.01681	0.03987	0.12562	0.01657	0.05492	0.01261	0.01503	0.00934	0.00709	0.00579	0.00224	0.00722	0.00518	0.00464	0.00877
16	0.35857	0.01968	0.21931	0.05057	0.02077	0.01457	0.01400	0.02232	0.01463	0.10879	0.05080	0.01737	0.01302	0.00744	0.00581	0.00221	0.00705	0.00540	0.03870	0.00898
17	0.25103	0.03465	0.12329	0.05515	0.01938	0.05814	0.01228	0.09532	0.01672	0.05141	0.04621	0.02126	0.05563	0.01171	0.06052	0.00285	0.00798	0.00622	0.06170	0.00856

[dist]
# distance from previous block
# <min> <max>
0	16

[block]
# block no. 5 follows, 29 sequences, length 62
# corresponding to MSA columns:
# 304-365
name=unknown_F
#
# <colnr> <probs for GDERKNQSTAVLIFYWHMCP>
#	G	D	E	R	K	N	Q	S	T	A	V	L	I	F	Y	W	H	M	C	P
0	0.02334	0.05148	0.01920	0.01749	0.04495	0.56239	0.01281	0.02540	0.01957	0.01868	0.07323	0.02039	0.06440	0.00864	0.00670	0.00191	0.01106	0.00608	0.00421	0.00810
1	0.04157	0.01138	0.05534	0.01171	0.01492	0.01005	0.00986	0.02137	0.12201	0.13771	0.29242	0.09421	0.04184	0.01332	0.00801	0.00244	0.00512	0.09102	0.00724	0.00848
2	0.01464	0.01504	0.02309	0.01887	0.02164	0.07113	0.20970	0.01745	0.01430	0.01924	0.02013	0.22733	0.02121	0.03700	0.01326	0.00279	0.20356	0.01084	0.00439	0.03437
3	0.80005	0.01377	0.01047	0.00936	0.01377	0.01597	0.00771	0.02093	0.01212	0.03195	0.00991	0.01157	0.00771	0.00661	0.00441	0.00220	0.00551	0.00386	0.00441	0.00771
4	0.01694	0.01903	0.08920	0.06336	0.40132	0.01719	0.21569	0.02264	0.04097	0.02311	0.01418	0.01825	0.01126	0.00643	0.00743	0.00223	0.00961	0.00692	0.00363	0.01059
5	0.01579	0.01758	0.03778	0.02749	0.03384	0.01647	0.59504	0.02119	0.01641	0.02223	0.01752	0.11029	0.01536	0.00805	0.00849	0.00246	0.01102	0.00989	0.00398	0.00912
6	0.00999	0.00738	0.00865	0.00841	0.01044	0.00653	0.00632	0.01245	0.01774	0.04384	0.32962	0.08282	0.35238	0.03851	0.00928	0.00251	0.00379	0.03577	0.00712	0.00645
7	0.01558	0.01558	0.02181	0.01869	0.01869	0.02181	0.01558	0.01714	0.01091	0.01714	0.00935	0.01558	0.00935	0.01246	0.02337	0.00312	0.73672	0.00623	0.00312	0.00779
8	0.42607	0.03698	0.01359	0.01113	0.01538	0.03990	0.00906	0.14422	0.07867	0.03244	0.01488	0.01610	0.01137	0.00749	0.00532	0.00210	0.00595	0.00512	0.11545	0.00876
9	0.00916	0.00667	0.00884	0.01019	0.01059	0.00655	0.00693	0.01038	0.01337	0.01791	0.03680	0.64194	0.04386	0.07754	0.01172	0.00322	0.03163	0.04063	0.00630	0.00577
10	0.01998	0.01306	0.01509	0.01315	0.01708	0.01373	0.01054	0.12318	0.25951	0.17778	0.07694	0.06146	0.07503	0.01178	0.00772	0.00243	0.00579	0.07813	0.00747	0.01018
11	0.00873	0.00703	0.00768	0.00790	0.00977	0.00609	0.00571	0.01053	0.01594	0.01984	0.13394	0.18356	0.48676	0.05211	0.00981	0.00268	0.00382	0.01548	0.00664	0.00597
12	0.01660	0.01587	0.02705	0.21300	0.54406	0.01665	0.02134	0.02095	0.01573	0.02202	0.01321	0.01796	0.01084	0.00653	0.00707	0.00218	0.00871	0.00634	0.00344	0.01045
13	0.00909	0.00676	0.00923	0.04025	0.01220	0.00670	0.00744	0.01048	0.01357	0.01815	0.03721	0.69228	0.04436	0.02137	0.00945	0.00288	0.02707	0.01923	0.00636	0.00593
14	0.80005	0.01377	0.01047	0.00936	0.01377	0.01597	0.00771	0.02093	0.01212	0.03195	0.00991	0.01157	0.00771	0.00661	0.00441	0.00220	0.00551	0.00386	0.00441	0.00771
15	0.01008	0.00687	0.00821	0.00846	0.00864	0.00693	0.00512	0.01052	0.01096	0.01474	0.02465	0.15048	0.02830	0.57063	0.10005	0.00675	0.00769	0.01158	0.00461	0.00474
16	0.09681	0.10936	0.41480	0.01874	0.02697	0.01721	0.11346	0.02157	0.01532	0.02339	0.06625	0.01784	0.01370	0.00718	0.00663	0.00219	0.00933	0.00599	0.00362	0.00965
17	0.34421	0.01592	0.01671	0.10217	0.08886	0.05486	0.01234	0.13586	0.03768	0.04656	0.01339	0.01560	0.01026	0.00750	0.00662	0.00221	0.04070	0.00530	0.03419	0.00906
18	0.01884	0.72421	0.06541	0.01252	0.01880	0.02769	0.01277	0.02137	0.01449	0.01699	0.01002	0.01157	0.00913	0.00612	0.00466	0.00155	0.00774	0.00387	0.00304	0.00920
19	0.00877	0.00623	0.00824	0.00980	0.01019	0.00584	0.00649	0.00994	0.01346	0.01794	0.03834	0.70754	0.04596	0.06142	0.01055	0.00311	0.00428	0.01971	0.00649	0.00570
20	0.01513	0.01491	0.02094	0.01809	0.01819	0.02073	0.01502	0.01677	0.01095	0.01709	0.01016	0.01662	0.01005	0.01589	0.08174	0.00381	0.67672	0.00635	0.00317	0.00767
21	0.00895	0.00641	0.00851	0.00973	0.01039	0.00597	0.00663	0.01061	0.01492	0.02023	0.17012	0.60839	0.05107	0.02078	0.00895	0.00276	0.00398	0.01879	0.00685	0.00597
22	0.08763	0.02041	0.01514	0.01338	0.01681	0.28909	0.01032	0.14523	0.02047	0.02697	0.05266	0.01960	0.01530	0.00816	0.00608	0.00189	0.00806	0.00589	0.22851	0.00838
23	0.02660	0.03394	0.02018	0.01834	0.02201	0.72116	0.01376	0.02843	0.02018	0.01743	0.01101	0.01284	0.00917	0.00734	0.00642	0.00183	0.01284	0.00459	0.00367	0.00825
24	0.02742	0.01938	0.02102	0.01611	0.02180	0.02124	0.01331	0.63466	0.03253	0.09315	0.01789	0.01761	0.01251	0.00857	0.00713	0.00214	0.00771	0.00647	0.00725	0.01211
25	0.00870	0.00629	0.00817	0.00966	0.01020	0.00583	0.00646	0.00995	0.01373	0.01813	0.04116	0.67647	0.09405	0.04236	0.00980	0.00297	0.00417	0.01959	0.00655	0.00576
26	0.00866	0.00627	0.00819	0.00972	0.01028	0.00580	0.00652	0.00994	0.01382	0.01825	0.04163	0.69602	0.09464	0.02200	0.00904	0.00286	0.00409	0.01986	0.00661	0.00580
27	0.01796	0.57564	0.15375	0.01407	0.02049	0.02569	0.01489	0.02123	0.01431	0.01779	0.01036	0.01235	0.00913	0.00667	0.00632	0.00177	0.06102	0.00424	0.00304	0.00928
28	0.01118	0.00825	0.01093	0.01211	0.01394	0.00813	0.01036	0.01483	0.03960	0.02170	0.07792	0.07538	0.13431	0.01883	0.00947	0.00307	0.00594	0.51072	0.00666	0.00665
29	0.01017	0.00763	0.01144	0.01144	0.01272	0.00890	0.00890	0.01272	0.01144	0.01653	0.01907	0.02797	0.01780	0.05340	0.72153	0.01144	0.01907	0.00763	0.00381	0.00636
30	0.03195	0.01212	0.01652	0.01267	0.01818	0.01047	0.01047	0.03470	0.02038	0.71026	0.02809	0.02424	0.01763	0.00881	0.00716	0.00220	0.00606	0.00716	0.00881	0.01212
31	0.01762	0.01692	0.02890	0.04371	0.70533	0.01692	0.02185	0.02185	0.01621	0.02326	0.01339	0.01762	0.01128	0.00634	0.00705	0.00211	0.00846	0.00634	0.00352	0.01128
32	0.02450	0.02886	0.01928	0.01720	0.02090	0.52936	0.01312	0.09513	0.06954	0.02126	0.01657	0.01774	0.05231	0.00846	0.00729	0.00199	0.03762	0.00572	0.00444	0.00872
33	0.60042	0.01416	0.01411	0.04268	0.11229	0.01606	0.01054	0.02142	0.01309	0.05880	0.01127	0.01338	0.00876	0.00689	0.00564	0.00223	0.03095	0.00452	0.00438	0.00841
34	0.01874	0.64307	0.03381	0.01235	0.01793	0.07395	0.01186	0.02098	0.01483	0.01691	0.01318	0.01475	0.04140	0.00845	0.03100	0.00195	0.00821	0.00452	0.00328	0.00883
35	0.01137	0.00812	0.01136	0.01299	0.01459	0.00811	0.01129	0.01457	0.01629	0.02119	0.03776	0.10500	0.04121	0.01977	0.00981	0.00326	0.00647	0.63375	0.00656	0.00653
36	0.01903	0.29783	0.20979	0.01980	0.10928	0.16526	0.01757	0.02301	0.01588	0.01925	0.01130	0.01360	0.00939	0.00679	0.00653	0.00191	0.03625	0.00476	0.00323	0.00954
37	0.15980	0.01803	0.01840	0.05716	0.02127	0.04552	0.01230	0.45642	0.02683	0.03874	0.01578	0.01675	0.01151	0.00806	0.00647	0.00212	0.00740	0.00591	0.06095	0.01057
38	0.03195	0.01212	0.01652	0.01267	0.01818	0.01047	0.01047	0.03470	0.02038	0.71026	0.02809	0.02424	0.01763	0.00881	0.00716	0.00220	0.00606	0.00716	0.00881	0.01212
39	0.01414	0.03466	0.65256	0.02002	0.02996	0.01606	0.04746	0.02207	0.01537	0.02288	0.04955	0.01721	0.01218	0.00715	0.00691	0.00226	0.01019	0.00577	0.00328	0.01029
40	0.01297	0.01073	0.03701	0.01722	0.13421	0.00993	0.01181	0.01723	0.05988	0.04949	0.14165	0.16780	0.07347	0.01539	0.00855	0.00266	0.00586	0.20999	0.00626	0.00789
41	0.00916	0.00704	0.00839	0.00848	0.01019	0.00626	0.00620	0.01151	0.01736	0.02293	0.32940	0.19578	0.30675	0.01742	0.00854	0.00243	0.00361	0.01516	0.00713	0.00626
42	0.01036	0.00690	0.00777	0.00777	0.00777	0.00690	0.00431	0.01036	0.01036	0.01381	0.02244	0.04660	0.02589	0.74975	0.03624	0.00690	0.00690	0.01036	0.00431	0.00431
43	0.14708	0.01522	0.01617	0.10391	0.02106	0.08857	0.01158	0.09376	0.07001	0.18138	0.12412	0.02386	0.02116	0.00919	0.00758	0.00224	0.04052	0.00709	0.00614	0.00937
44	0.02372	0.03086	0.14075	0.03976	0.02421	0.44097	0.01598	0.12459	0.05206	0.02299	0.01310	0.01467	0.01017	0.00752	0.00664	0.00200	0.01126	0.00519	0.00422	0.00935
45	0.00973	0.00698	0.00936	0.01089	0.01182	0.00670	0.00825	0.01169	0.01464	0.01922	0.03959	0.45438	0.07236	0.04334	0.01016	0.00313	0.00507	0.25014	0.00652	0.00603
46	0.08573	0.06401	0.01871	0.03476	0.01982	0.05891	0.01108	0.25397	0.02146	0.03069	0.01372	0.01512	0.01066	0.00678	0.00594	0.00165	0.00693	0.00502	0.00512	0.32992
47	0.04927	0.05514	0.40856	0.02595	0.17092	0.01725	0.12843	0.02233	0.01542	0.02293	0.01294	0.01596	0.00972	0.00652	0.00690	0.00222	0.01001	0.00588	0.00327	0.01036
48	0.04212	0.01060	0.01407	0.02978	0.01548	0.01123	0.04494	0.01879	0.12649	0.02663	0.39587	0.03864	0.04367	0.01353	0.03349	0.00262	0.07133	0.01018	0.00654	0.04400
49	0.06015	0.02212	0.02069	0.01642	0.02171	0.14348	0.01332	0.53957	0.03025	0.03954	0.01573	0.01612	0.01141	0.00825	0.00688	0.00209	0.00861	0.00598	0.00641	0.01125
50	0.01345	0.01220	0.01188	0.01101	0.01339	0.10587	0.00832	0.01920	0.12824	0.02661	0.45652	0.04443	0.09484	0.01302	0.00794	0.00222	0.00504	0.01111	0.00709	0.00761
51	0.01008	0.00728	0.00952	0.00896	0.01064	0.00672	0.00672	0.01344	0.02016	0.02855	0.70158	0.05319	0.06719	0.01456	0.00840	0.00224	0.00336	0.01288	0.00784	0.00672
52	0.02639	0.01961	0.02099	0.01625	0.02182	0.02177	0.01337	0.63488	0.08129	0.04378	0.01796	0.01778	0.01281	0.00863	0.00713	0.00216	0.00768	0.00653	0.00713	0.01205
53	0.01242	0.00621	0.00913	0.00913	0.00922	0.00621	0.00612	0.00967	0.00958	0.01313	0.01295	0.02191	0.01268	0.02385	0.02660	0.75028	0.00603	0.00621	0.04537	0.00328
54	0.02660	0.03394	0.02018	0.01834	0.02201	0.72116	0.01376	0.02843	0.02018	0.01743	0.01101	0.01284	0.00917	0.00734	0.00642	0.00183	0.01284	0.00459	0.00367	0.00825
55	0.00914	0.00717	0.00826	0.00815	0.01010	0.00629	0.00605	0.01155	0.01770	0.02309	0.33511	0.11115	0.38708	0.01688	0.00846	0.00237	0.00354	0.01450	0.00713	0.00629
56	0.01147	0.00820	0.01147	0.01311	0.01475	0.00820	0.01147	0.01475	0.01639	0.02131	0.03770	0.08032	0.04098	0.01967	0.00984	0.00328	0.00656	0.65741	0.00656	0.00656
57	0.00842	0.00721	0.00721	0.00721	0.00962	0.00601	0.00541	0.01022	0.01623	0.01924	0.07213	0.06853	0.70244	0.01803	0.00842	0.00240	0.00361	0.01503	0.00661	0.00601
58	0.08243	0.01398	0.01696	0.01324	0.01853	0.01365	0.01088	0.17881	0.05159	0.46295	0.04580	0.02278	0.01745	0.00882	0.00701	0.00220	0.00632	0.00698	0.00803	0.01161
59	0.80005	0.01377	0.01047	0.00936	0.01377	0.01597	0.00771	0.02093	0.01212	0.03195	0.00991	0.01157	0.00771	0.00661	0.00441	0.00220	0.00551	0.00386	0.00441	0.00771
60	0.01091	0.00793	0.01048	0.01008	0.01128	0.00853	0.00730	0.01267	0.01151	0.01672	0.01969	0.03280	0.01976	0.27940	0.37619	0.00833	0.03470	0.00819	0.05071	0.06283
61	0.74739	0.01667	0.01365	0.01243	0.01698	0.01805	0.00962	0.02358	0.01492	0.03501	0.01449	0.01791	0.01208	0.00957	0.00642	0.00300	0.00701	0.00538	0.00587	0.00996

[dist]
# distance from previous block
# <min> <max>
0	10

[block]
# block no. 6 follows, 29 sequences, length 29
# corresponding to MSA columns:
# 376-404
name=unknown_G
#
# <colnr> <probs for GDERKNQSTAVLIFYWHMCP>
#	G	D	E	R	K	N	Q	S	T	A	V	L	I	F	Y	W	H	M	C	P
0	0.01039	0.00723	0.00954	0.00968	0.01106	0.00773	0.00730	0.01277	0.01291	0.01883	0.02905	0.09579	0.11523	0.06456	0.39997	0.00744	0.01221	0.00966	0.15243	0.00623
1	0.00973	0.00696	0.00949	0.01079	0.01160	0.00692	0.00801	0.01158	0.01379	0.01842	0.03477	0.42077	0.03984	0.08188	0.10971	0.00448	0.00703	0.18222	0.00603	0.00595
2	0.01883	0.01987	0.11983	0.08124	0.16584	0.04143	0.25578	0.02453	0.04315	0.11736	0.01608	0.01900	0.01184	0.00698	0.00788	0.00229	0.02644	0.00705	0.00433	0.01025
3	0.01361	0.01592	0.11658	0.57374	0.06836	0.01558	0.02034	0.01875	0.01453	0.01913	0.01395	0.02145	0.01106	0.00767	0.00720	0.00239	0.00945	0.03863	0.00332	0.00832
4	0.01147	0.00820	0.01147	0.01311	0.01475	0.00820	0.01147	0.01475	0.01639	0.02131	0.03770	0.08032	0.04098	0.01967	0.00984	0.00328	0.00656	0.65741	0.00656	0.00656
5	0.01515	0.01706	0.06878	0.22039	0.09080	0.01617	0.34954	0.02047	0.01604	0.02173	0.05339	0.04675	0.01487	0.00744	0.00788	0.00237	0.01019	0.00818	0.00379	0.00903
6	0.09779	0.08570	0.09950	0.05077	0.01760	0.01409	0.01114	0.12671	0.01726	0.04134	0.01996	0.02311	0.05228	0.03704	0.04954	0.02785	0.00712	0.00651	0.20638	0.00830
7	0.01695	0.04478	0.01359	0.01099	0.01382	0.01284	0.00880	0.20900	0.02005	0.02954	0.05606	0.04384	0.02047	0.05223	0.04418	0.00276	0.03252	0.04147	0.31790	0.00822
8	0.70609	0.01384	0.01133	0.03560	0.01531	0.01601	0.00837	0.05623	0.01343	0.03198	0.01081	0.01259	0.00834	0.00678	0.00467	0.00219	0.00571	0.00417	0.02862	0.00792
9	0.01037	0.00697	0.00833	0.00833	0.00882	0.00697	0.00525	0.01137	0.01242	0.01731	0.12930	0.08286	0.03236	0.49242	0.08867	0.00606	0.00706	0.01084	0.04920	0.00508
10	0.01660	0.03253	0.47709	0.02356	0.10528	0.11398	0.08643	0.02331	0.01604	0.02195	0.01276	0.01542	0.00946	0.00672	0.00691	0.00220	0.01076	0.00559	0.00321	0.01021
11	0.01577	0.01262	0.01580	0.11036	0.02141	0.01043	0.01014	0.01912	0.01508	0.06997	0.01372	0.01600	0.01089	0.00577	0.00566	0.00132	0.00591	0.00471	0.00439	0.63092
12	0.01926	0.53033	0.03087	0.01335	0.01842	0.14163	0.01235	0.02161	0.01569	0.01750	0.01392	0.02117	0.01354	0.00818	0.00561	0.00182	0.00835	0.09415	0.00364	0.00863
13	0.01562	0.16599	0.49420	0.02204	0.12162	0.01873	0.02310	0.02223	0.01509	0.02158	0.01233	0.01473	0.00935	0.00658	0.00640	0.00210	0.00970	0.00514	0.00309	0.01037
14	0.01236	0.00902	0.01107	0.00992	0.01218	0.00881	0.00761	0.10555	0.02185	0.03047	0.58433	0.04876	0.08256	0.01385	0.00822	0.00223	0.00399	0.01206	0.00770	0.00744
15	0.01730	0.01493	0.01592	0.01395	0.01829	0.01658	0.01088	0.03509	0.59892	0.02888	0.02673	0.02494	0.02019	0.00906	0.00697	0.00223	0.00559	0.00752	0.00683	0.11921
16	0.01158	0.00837	0.01121	0.01081	0.01191	0.00965	0.00815	0.03304	0.01232	0.01827	0.01944	0.03006	0.01858	0.17791	0.41180	0.00826	0.07278	0.00787	0.11168	0.00629
