[name]
unknown

[dist]
# distance from previous block
# <min> <max>
0	72

[block]
# block no. 0 follows, 26 sequences, length 6
# corresponding to MSA columns:
# 121-126
name=unknown_A
#
# <colnr> <probs for GDERKNQSTAVLIFYWHMCP>
#	G	D	E	R	K	N	Q	S	T	A	V	L	I	F	Y	W	H	M	C	P
0	0.01568	0.01268	0.04662	0.03749	0.03651	0.03484	0.01044	0.05825	0.07247	0.08477	0.08446	0.11500	0.16795	0.06733	0.01053	0.00290	0.00616	0.06620	0.06130	0.00840
1	0.09211	0.01575	0.02042	0.09738	0.02451	0.01727	0.04333	0.13311	0.10208	0.24888	0.02122	0.02159	0.01493	0.00941	0.00969	0.00252	0.10082	0.00713	0.00672	0.01113
2	0.01298	0.00865	0.01082	0.01075	0.01257	0.00809	0.00765	0.05357	0.01731	0.07054	0.13839	0.39988	0.07106	0.08130	0.01155	0.00310	0.00497	0.01626	0.00708	0.05349
3	0.09756	0.01607	0.02375	0.19685	0.09642	0.01836	0.09229	0.08565	0.05663	0.02569	0.01561	0.04920	0.01309	0.00920	0.01042	0.00255	0.13113	0.00736	0.00449	0.04767
4	0.08539	0.01148	0.01280	0.08039	0.01743	0.01197	0.00928	0.12822	0.01888	0.02968	0.02405	0.09376	0.04805	0.01019	0.00649	0.00208	0.00554	0.00828	0.30770	0.08835
5	0.01365	0.01118	0.01528	0.10706	0.08641	0.01102	0.01148	0.06687	0.01685	0.02312	0.02950	0.30791	0.06794	0.01687	0.04167	0.00292	0.00688	0.01295	0.00568	0.14477

[dist]
# distance from previous block
# <min> <max>
19	40

[block]
# block no. 1 follows, 26 sequences, length 15
# corresponding to MSA columns:
# 175-189
name=unknown_B
#
# <colnr> <probs for GDERKNQSTAVLIFYWHMCP>
#	G	D	E	R	K	N	Q	S	T	A	V	L	I	F	Y	W	H	M	C	P
0	0.01626	0.01218	0.01531	0.12479	0.02135	0.01206	0.01077	0.11444	0.01799	0.05131	0.02186	0.14643	0.02109	0.10386	0.03244	0.00307	0.00714	0.00937	0.04394	0.21434
1	0.01976	0.01467	0.01799	0.14405	0.02403	0.01632	0.01277	0.25168	0.04462	0.06335	0.02137	0.09943	0.01948	0.14556	0.01441	0.00339	0.04336	0.00917	0.00600	0.02860
2	0.01888	0.01407	0.01810	0.24896	0.02885	0.01562	0.01376	0.17535	0.06747	0.06214	0.01923	0.02440	0.01525	0.08429	0.01042	0.00277	0.00777	0.00728	0.10321	0.06219
3	0.02318	0.01702	0.01907	0.05357	0.02165	0.01875	0.01274	0.45209	0.02873	0.03886	0.02179	0.11677	0.01892	0.03815	0.04033	0.00300	0.00816	0.00904	0.04733	0.01087
4	0.07952	0.01008	0.01153	0.01105	0.01350	0.01026	0.00828	0.05042	0.10992	0.05117	0.25651	0.22615	0.10033	0.01603	0.00849	0.00260	0.00469	0.01390	0.00749	0.00808
5	0.01127	0.00876	0.01066	0.01076	0.01279	0.00816	0.00772	0.01535	0.08486	0.02310	0.13647	0.40740	0.09982	0.01842	0.00879	0.00263	0.00455	0.01638	0.00699	0.10513
6	0.02155	0.01298	0.01590	0.01374	0.01741	0.01357	0.01081	0.08254	0.17732	0.23218	0.11832	0.14253	0.03094	0.01300	0.00937	0.00259	0.05607	0.01079	0.00789	0.01050
7	0.01227	0.00877	0.01039	0.00986	0.01112	0.00864	0.00650	0.04875	0.01351	0.01858	0.02445	0.13220	0.02704	0.44373	0.10654	0.00641	0.00834	0.01117	0.00502	0.08672
8	0.09976	0.01847	0.02035	0.01573	0.02162	0.01970	0.01299	0.43939	0.02993	0.21452	0.02057	0.01966	0.01400	0.00899	0.00733	0.00230	0.00763	0.00679	0.00779	0.01247
9	0.01513	0.01343	0.02080	0.53200	0.04305	0.01583	0.01818	0.07337	0.01689	0.02219	0.01685	0.09392	0.01462	0.00927	0.00766	0.00247	0.00905	0.00814	0.00420	0.06296
10	0.12339	0.01438	0.02052	0.45719	0.03995	0.01685	0.01736	0.08919	0.01784	0.10963	0.01567	0.01965	0.01125	0.00790	0.00720	0.00245	0.00889	0.00650	0.00476	0.00943
11	0.01508	0.01426	0.02412	0.60093	0.16057	0.01705	0.02144	0.02005	0.01553	0.02030	0.01362	0.01997	0.01044	0.00744	0.00757	0.00248	0.00992	0.00674	0.00344	0.00904
12	0.06583	0.02917	0.02188	0.08006	0.06650	0.44959	0.01547	0.10363	0.02144	0.02333	0.01266	0.01518	0.01024	0.00812	0.00784	0.00215	0.04775	0.00544	0.00431	0.00940
13	0.01837	0.02154	0.08052	0.13039	0.06309	0.17281	0.09628	0.03928	0.01744	0.02185	0.01684	0.10733	0.01555	0.00966	0.00878	0.00232	0.05963	0.00809	0.00428	0.10595
14	0.02292	0.02176	0.02396	0.06592	0.17160	0.16910	0.04540	0.22571	0.04531	0.02983	0.01615	0.01911	0.01277	0.01313	0.08035	0.00328	0.01114	0.00667	0.00515	0.01074

[dist]
# distance from previous block
# <min> <max>
21	29

[block]
# block no. 2 follows, 26 sequences, length 23
# corresponding to MSA columns:
# 219-241
name=unknown_C
#
# <colnr> <probs for GDERKNQSTAVLIFYWHMCP>
#	G	D	E	R	K	N	Q	S	T	A	V	L	I	F	Y	W	H	M	C	P
0	0.01841	0.34244	0.28062	0.01645	0.02409	0.05082	0.01835	0.02335	0.01652	0.04874	0.04024	0.02056	0.01457	0.00819	0.00645	0.00211	0.00920	0.04485	0.00394	0.01011
1	0.01282	0.01968	0.23370	0.01375	0.01867	0.05407	0.01399	0.01722	0.01749	0.02347	0.19398	0.10735	0.16658	0.06159	0.01029	0.00280	0.00709	0.01154	0.00575	0.00817
2	0.01921	0.46848	0.18645	0.01658	0.02370	0.05994	0.04791	0.02321	0.01576	0.01962	0.01150	0.01377	0.00981	0.00710	0.00684	0.00196	0.05009	0.00483	0.00330	0.00996
3	0.11368	0.19077	0.34873	0.01880	0.06312	0.01944	0.02015	0.02258	0.01571	0.02378	0.01538	0.02219	0.01320	0.00845	0.00672	0.00232	0.00926	0.07178	0.00383	0.01009
4	0.02028	0.73799	0.03975	0.01298	0.01947	0.03001	0.01298	0.02271	0.01541	0.01785	0.01055	0.01217	0.00973	0.00649	0.00487	0.00162	0.00811	0.00406	0.00324	0.00973
5	0.02930	0.01306	0.01712	0.01291	0.01900	0.01088	0.01059	0.03234	0.02016	0.51894	0.02567	0.02321	0.01683	0.00841	0.00711	0.00203	0.00624	0.00682	0.00812	0.21127
6	0.01061	0.00730	0.00827	0.00847	0.00878	0.00712	0.00499	0.01096	0.01208	0.01583	0.03146	0.12759	0.09899	0.57943	0.03227	0.00637	0.00666	0.01273	0.00513	0.00496
7	0.01594	0.13957	0.60017	0.02038	0.03091	0.01940	0.02586	0.02383	0.01593	0.02313	0.01317	0.01546	0.00963	0.00710	0.00687	0.00229	0.01076	0.00538	0.00321	0.01100
8	0.02854	0.01197	0.01596	0.01308	0.01785	0.01072	0.01045	0.03234	0.06129	0.52686	0.03216	0.15464	0.02480	0.01208	0.00801	0.00250	0.00605	0.01024	0.00885	0.01162
9	0.00924	0.00660	0.00880	0.01056	0.01100	0.00616	0.00704	0.01056	0.01452	0.01936	0.04181	0.72848	0.05017	0.02376	0.00968	0.00308	0.00440	0.02156	0.00704	0.00616
10	0.01103	0.00735	0.00827	0.00827	0.00827	0.00735	0.00460	0.01103	0.01103	0.01471	0.02390	0.04964	0.02758	0.73343	0.03861	0.00735	0.00735	0.01103	0.00460	0.00460
11	0.02358	0.02454	0.02605	0.07728	0.13785	0.25508	0.10345	0.17496	0.02286	0.02735	0.01557	0.04723	0.01285	0.00841	0.00759	0.00225	0.01086	0.00705	0.00483	0.01035
12	0.01339	0.01289	0.02483	0.02029	0.02404	0.01214	0.28992	0.01720	0.01638	0.02195	0.03013	0.33560	0.03255	0.01586	0.00947	0.00291	0.00838	0.09839	0.00565	0.00803
13	0.00924	0.00660	0.00880	0.01056	0.01100	0.00616	0.00704	0.01056	0.01452	0.01936	0.04181	0.72848	0.05017	0.02376	0.00968	0.00308	0.00440	0.02156	0.00704	0.00616
14	0.01521	0.03923	0.69413	0.02162	0.03283	0.01762	0.02802	0.02402	0.01601	0.02402	0.01361	0.01601	0.00961	0.00721	0.00721	0.00240	0.01121	0.00560	0.00320	0.01121
15	0.01559	0.03663	0.60421	0.02305	0.03377	0.01783	0.11534	0.02406	0.01628	0.02406	0.01385	0.01663	0.00987	0.00709	0.00745	0.00242	0.01143	0.00607	0.00329	0.01107
16	0.02028	0.73799	0.03975	0.01298	0.01947	0.03001	0.01298	0.02271	0.01541	0.01785	0.01055	0.01217	0.00973	0.00649	0.00487	0.00162	0.00811	0.00406	0.00324	0.00973
17	0.00924	0.00660	0.00880	0.01056	0.01100	0.00616	0.00704	0.01056	0.01452	0.01936	0.04181	0.72848	0.05017	0.02376	0.00968	0.00308	0.00440	0.02156	0.00704	0.00616
18	0.01928	0.01922	0.02956	0.08431	0.59469	0.07332	0.02245	0.02361	0.01749	0.02396	0.01401	0.01845	0.01172	0.00689	0.00746	0.00225	0.00945	0.00661	0.00374	0.01154
19	0.02659	0.03145	0.02118	0.09266	0.02608	0.55654	0.01501	0.03004	0.05814	0.05304	0.01392	0.01582	0.01102	0.00801	0.00701	0.00207	0.01250	0.00543	0.00434	0.00914
20	0.10146	0.66141	0.03672	0.01266	0.01896	0.02864	0.01247	0.02267	0.01515	0.01956	0.01055	0.01218	0.00957	0.00655	0.00485	0.00170	0.00787	0.00406	0.00340	0.00957
21	0.16586	0.23263	0.12375	0.02040	0.13567	0.10469	0.01619	0.04525	0.01705	0.05662	0.01296	0.01493	0.01037	0.00713	0.00609	0.00208	0.00890	0.00512	0.00412	0.01019
22	0.01830	0.01491	0.04814	0.05487	0.02088	0.01422	0.04413	0.22563	0.02248	0.05686	0.06494	0.25245	0.02826	0.01363	0.00821	0.00247	0.00689	0.01190	0.00660	0.08423

[dist]
# distance from previous block
# <min> <max>
2	9

[block]
# block no. 3 follows, 26 sequences, length 23
# corresponding to MSA columns:
# 251-273
name=unknown_D
#
# <colnr> <probs for GDERKNQSTAVLIFYWHMCP>
#	G	D	E	R	K	N	Q	S	T	A	V	L	I	F	Y	W	H	M	C	P
0	0.06602	0.48816	0.23023	0.01533	0.02310	0.02557	0.01711	0.02307	0.01543	0.02066	0.01145	0.01331	0.00960	0.00673	0.00554	0.00190	0.00888	0.00451	0.00332	0.01007
1	0.09344	0.21827	0.45611	0.01821	0.02755	0.02078	0.02214	0.02351	0.01555	0.02341	0.01251	0.01465	0.00950	0.00700	0.00635	0.00219	0.00987	0.00505	0.00336	0.01053
2	0.00912	0.00759	0.00779	0.00791	0.01017	0.00645	0.00577	0.01087	0.01671	0.02004	0.07116	0.11360	0.59993	0.06575	0.01093	0.00291	0.00411	0.01604	0.00688	0.00627
3	0.02515	0.04693	0.02216	0.01831	0.05637	0.05485	0.01415	0.39846	0.21350	0.03955	0.02100	0.02065	0.01549	0.00916	0.00748	0.00232	0.00797	0.00712	0.00709	0.01229
4	0.01521	0.03923	0.69413	0.02162	0.03283	0.01762	0.02802	0.02402	0.01601	0.02402	0.01361	0.01601	0.00961	0.00721	0.00721	0.00240	0.01121	0.00560	0.00320	0.01121
5	0.01661	0.03728	0.64381	0.02101	0.03183	0.01713	0.02677	0.02498	0.01644	0.07366	0.01483	0.01674	0.01029	0.00737	0.00724	0.00240	0.01086	0.00576	0.00366	0.01134
6	0.01891	0.54974	0.21605	0.01531	0.02307	0.02667	0.01703	0.02307	0.01557	0.01951	0.01137	0.01320	0.00970	0.00668	0.00550	0.00183	0.00895	0.00447	0.00323	0.01013
7	0.00980	0.00705	0.00905	0.01033	0.01110	0.00663	0.00717	0.01135	0.01500	0.01981	0.07546	0.49371	0.10213	0.10634	0.01307	0.00355	0.00492	0.08058	0.00681	0.00613
8	0.02698	0.27684	0.10115	0.01422	0.02090	0.01866	0.01369	0.03039	0.01881	0.37439	0.02113	0.01981	0.01450	0.00810	0.00659	0.00209	0.00758	0.00612	0.00649	0.01158
9	0.01737	0.01378	0.02240	0.25368	0.26412	0.01462	0.01823	0.02140	0.01677	0.09944	0.02134	0.11462	0.01948	0.01059	0.00806	0.00256	0.00833	0.05846	0.00495	0.00981
10	0.00933	0.00664	0.00878	0.01045	0.01087	0.00622	0.00693	0.01058	0.01436	0.01914	0.04096	0.69627	0.04910	0.05743	0.01105	0.00328	0.00454	0.02106	0.00693	0.00609
11	0.02086	0.02956	0.42586	0.02054	0.02982	0.01597	0.09759	0.02772	0.01785	0.21316	0.01844	0.01932	0.01243	0.00773	0.00753	0.00240	0.01005	0.00657	0.00503	0.01158
12	0.01797	0.06315	0.07407	0.39120	0.04112	0.05116	0.10891	0.05589	0.04168	0.06023	0.01530	0.01965	0.01135	0.00761	0.00755	0.00242	0.01016	0.00684	0.00416	0.00959
13	0.01661	0.03728	0.64381	0.02101	0.03183	0.01713	0.02677	0.02498	0.01644	0.07366	0.01483	0.01674	0.01029	0.00737	0.00724	0.00240	0.01086	0.00576	0.00366	0.01134
14	0.00934	0.00667	0.00889	0.01050	0.01102	0.00622	0.00705	0.01080	0.01497	0.02007	0.08295	0.68532	0.05154	0.02323	0.00963	0.00304	0.00435	0.02106	0.00713	0.00622
15	0.07429	0.06839	0.29365	0.01654	0.02454	0.01532	0.01793	0.02987	0.01844	0.33594	0.02084	0.02012	0.01381	0.00817	0.00710	0.00232	0.00845	0.00636	0.00619	0.01172
16	0.01732	0.09548	0.43453	0.08214	0.03046	0.08592	0.02263	0.02380	0.01658	0.05125	0.01568	0.06238	0.01271	0.00840	0.00717	0.00234	0.01043	0.00662	0.00381	0.01033
17	0.03133	0.01231	0.01674	0.01304	0.01843	0.01069	0.01069	0.03434	0.02168	0.61479	0.10549	0.02939	0.02489	0.01010	0.00778	0.00235	0.00612	0.00833	0.00927	0.01224
18	0.00941	0.00667	0.00875	0.01035	0.01075	0.00627	0.00682	0.01060	0.01420	0.01894	0.04017	0.66636	0.04810	0.08870	0.01233	0.00347	0.00467	0.02060	0.00682	0.00602
19	0.65259	0.01635	0.05479	0.01349	0.06461	0.01688	0.01064	0.02308	0.01378	0.06014	0.01182	0.01358	0.00902	0.00713	0.00517	0.00234	0.00645	0.00454	0.00473	0.00887
20	0.11931	0.33971	0.05256	0.01201	0.01711	0.05499	0.01110	0.02076	0.01668	0.05134	0.09668	0.02839	0.13287	0.00997	0.00632	0.00204	0.00692	0.00745	0.00495	0.00883
21	0.19845	0.24638	0.05973	0.01108	0.01524	0.01749	0.00985	0.01856	0.01451	0.02270	0.08477	0.02844	0.04907	0.18018	0.01354	0.00332	0.00694	0.00731	0.00459	0.00784
22	0.01842	0.51940	0.19826	0.01487	0.02222	0.02549	0.01629	0.02249	0.01595	0.02017	0.05479	0.01599	0.01371	0.00725	0.00570	0.00186	0.00858	0.00506	0.00356	0.00993

[dist]
# distance from previous block
# <min> <max>
11	44

[block]
# block no. 4 follows, 26 sequences, length 78
# corresponding to MSA columns:
# 332-409
name=unknown_E
#
# <colnr> <probs for GDERKNQSTAVLIFYWHMCP>
#	G	D	E	R	K	N	Q	S	T	A	V	L	I	F	Y	W	H	M	C	P
0	0.11737	0.21463	0.26895	0.01674	0.02420	0.05984	0.05274	0.02320	0.01636	0.04803	0.04103	0.01978	0.05119	0.00807	0.00652	0.00218	0.00906	0.00612	0.00412	0.00988
1	0.11530	0.21276	0.21524	0.01758	0.05906	0.11494	0.01680	0.02361	0.01621	0.04877	0.01440	0.04220	0.01230	0.03254	0.02651	0.00257	0.00965	0.00588	0.00398	0.00971
2	0.01890	0.34967	0.29395	0.01705	0.02490	0.10629	0.01888	0.02383	0.01662	0.02084	0.03742	0.01556	0.01204	0.00728	0.00618	0.00200	0.00984	0.00513	0.00350	0.01010
3	0.05160	0.43974	0.14211	0.01510	0.02192	0.05242	0.01537	0.10776	0.01821	0.02352	0.01253	0.01441	0.01046	0.00915	0.03507	0.00232	0.00930	0.00489	0.00394	0.01017
4	0.01900	0.38866	0.21702	0.01657	0.02399	0.06399	0.04257	0.04188	0.05281	0.02155	0.01541	0.01693	0.03522	0.00751	0.00617	0.00200	0.00922	0.00549	0.00380	0.01020
5	0.01671	0.22332	0.49196	0.02042	0.05776	0.02092	0.02383	0.02364	0.01591	0.02242	0.01283	0.01512	0.00975	0.00700	0.00660	0.00219	0.01029	0.00525	0.00324	0.01085
6	0.16577	0.16513	0.39305	0.01761	0.02622	0.01952	0.04021	0.02310	0.01555	0.02503	0.03639	0.01616	0.01164	0.00731	0.00639	0.00225	0.00936	0.00542	0.00370	0.01017
7	0.01583	0.18873	0.40377	0.01925	0.06247	0.01883	0.02120	0.02213	0.01648	0.02324	0.09488	0.02077	0.01768	0.00983	0.03198	0.00257	0.00979	0.00641	0.00390	0.01027
8	0.01558	0.08927	0.64727	0.02100	0.03187	0.01850	0.02695	0.02393	0.01597	0.02358	0.01339	0.01574	0.00962	0.00715	0.00704	0.00235	0.01099	0.00549	0.00321	0.01110
9	0.04082	0.01570	0.04593	0.28855	0.10847	0.04299	0.01736	0.11028	0.01913	0.02561	0.04570	0.06228	0.02036	0.01092	0.00807	0.00261	0.00876	0.11224	0.00502	0.00920
10	0.01539	0.01394	0.04801	0.01339	0.01921	0.01051	0.06326	0.01886	0.01593	0.04951	0.01953	0.14860	0.01869	0.00926	0.00680	0.00171	0.00627	0.00820	0.00504	0.50788
11	0.01278	0.00867	0.01091	0.01031	0.01248	0.00822	0.00773	0.01736	0.07343	0.07640	0.45799	0.13837	0.10404	0.01594	0.00884	0.00250	0.00411	0.01401	0.00812	0.00779
12	0.01992	0.02186	0.05952	0.06801	0.44304	0.15036	0.02063	0.02477	0.04301	0.02379	0.04243	0.01967	0.01430	0.00753	0.00744	0.00223	0.00973	0.00670	0.00408	0.01098
13	0.00933	0.00667	0.00888	0.01050	0.01102	0.00622	0.00705	0.01078	0.01492	0.02000	0.07890	0.68956	0.05141	0.02329	0.00964	0.00304	0.00435	0.02111	0.00712	0.00622
14	0.01853	0.01777	0.03035	0.08334	0.65124	0.01796	0.02316	0.02306	0.01716	0.02448	0.01422	0.01885	0.01191	0.00680	0.00751	0.00227	0.00907	0.00676	0.00373	0.01182
15	0.05524	0.03161	0.02059	0.05250	0.02403	0.55329	0.01437	0.03077	0.10671	0.02093	0.01429	0.01587	0.01149	0.00810	0.00691	0.00208	0.01220	0.00543	0.00441	0.00918
16	0.01318	0.00659	0.00988	0.00988	0.00988	0.00659	0.00659	0.00988	0.00988	0.01318	0.01318	0.02306	0.01318	0.02635	0.02964	0.77931	0.00659	0.00659	0.00329	0.00329
17	0.01790	0.02046	0.04476	0.03197	0.03964	0.01918	0.65857	0.02430	0.01790	0.02430	0.01535	0.02046	0.01151	0.00639	0.00895	0.00256	0.01279	0.00895	0.00384	0.01023
18	0.00981	0.00704	0.00932	0.01093	0.01167	0.00666	0.00778	0.01147	0.01500	0.01980	0.04230	0.56501	0.07480	0.05062	0.01091	0.00329	0.00493	0.12547	0.00694	0.00625
19	0.01635	0.01601	0.02495	0.48841	0.22937	0.05493	0.02134	0.02108	0.01611	0.02086	0.01361	0.01945	0.01063	0.00736	0.00752	0.00242	0.01000	0.00664	0.00351	0.00946
20	0.01590	0.01509	0.02560	0.47786	0.27724	0.01727	0.02185	0.02076	0.01591	0.02130	0.01376	0.01971	0.01079	0.00729	0.00756	0.00243	0.00972	0.00675	0.00351	0.00970
21	0.00924	0.00660	0.00880	0.01056	0.01100	0.00616	0.00704	0.01056	0.01452	0.01936	0.04181	0.72848	0.05017	0.02376	0.00968	0.00308	0.00440	0.02156	0.00704	0.00616
22	0.06685	0.01299	0.01732	0.01334	0.01916	0.01140	0.01102	0.03633	0.02133	0.66272	0.02908	0.02523	0.01832	0.00929	0.00750	0.00235	0.00643	0.00747	0.00918	0.01270
23	0.01714	0.01130	0.01605	0.17018	0.02373	0.01255	0.01247	0.08394	0.01734	0.12449	0.05250	0.02710	0.01893	0.02897	0.29687	0.00644	0.01292	0.00782	0.05055	0.00873
24	0.03315	0.01310	0.01758	0.01361	0.01938	0.01160	0.01120	0.03716	0.05941	0.65315	0.02998	0.02596	0.01903	0.00944	0.00763	0.00236	0.00643	0.00768	0.00929	0.01286
25	0.00930	0.00665	0.00886	0.01052	0.01102	0.00620	0.00705	0.01072	0.01481	0.01983	0.06859	0.70038	0.05106	0.02342	0.00965	0.00305	0.00437	0.02123	0.00710	0.00620
26	0.01815	0.01739	0.02967	0.13960	0.59791	0.01786	0.02297	0.02274	0.01698	0.02403	0.01416	0.01897	0.01175	0.00687	0.00752	0.00229	0.00916	0.00676	0.00370	0.01152
27	0.02388	0.01708	0.01985	0.02108	0.15910	0.10437	0.01380	0.05306	0.12448	0.23265	0.12470	0.02762	0.02481	0.00971	0.00772	0.00231	0.00749	0.00815	0.00699	0.01115
28	0.78701	0.01467	0.01115	0.00997	0.01467	0.01702	0.00821	0.02230	0.01291	0.03403	0.01056	0.01232	0.00821	0.00704	0.00469	0.00235	0.00587	0.00411	0.00469	0.00821
29	0.01432	0.01348	0.02275	0.71520	0.05224	0.01685	0.02107	0.01938	0.01517	0.01938	0.01348	0.02022	0.01011	0.00758	0.00758	0.00253	0.01011	0.00674	0.00337	0.00843
30	0.01432	0.01348	0.02275	0.71520	0.05224	0.01685	0.02107	0.01938	0.01517	0.01938	0.01348	0.02022	0.01011	0.00758	0.00758	0.00253	0.01011	0.00674	0.00337	0.00843
31	0.01852	0.01776	0.03032	0.08529	0.64939	0.01795	0.02315	0.02305	0.01715	0.02447	0.01422	0.01886	0.01190	0.00681	0.00751	0.00227	0.00907	0.00676	0.00373	0.01181
32	0.01724	0.01464	0.01574	0.01453	0.01820	0.01667	0.01114	0.03524	0.55686	0.03006	0.06215	0.12083	0.02889	0.01229	0.00803	0.00263	0.00568	0.01050	0.00766	0.01102
33	0.02804	0.02346	0.02254	0.05178	0.02491	0.14134	0.01478	0.51997	0.03220	0.04134	0.01685	0.01752	0.01222	0.00881	0.00746	0.00223	0.00936	0.00649	0.00674	0.01197
34	0.00905	0.00769	0.00780	0.00777	0.01030	0.00644	0.00583	0.01104	0.01748	0.02095	0.10458	0.07225	0.65501	0.01904	0.00896	0.00255	0.00383	0.01590	0.00710	0.00644
35	0.01877	0.01802	0.03079	0.04656	0.68612	0.01802	0.02328	0.02328	0.01727	0.02478	0.01427	0.01877	0.01201	0.00676	0.00751	0.00225	0.00901	0.00676	0.00375	0.01201
36	0.02663	0.06924	0.02220	0.01763	0.02247	0.33327	0.01394	0.26608	0.07300	0.03050	0.01794	0.01860	0.03754	0.00883	0.00715	0.00212	0.01043	0.00625	0.00564	0.01053
37	0.00924	0.00660	0.00880	0.01056	0.01100	0.00616	0.00704	0.01056	0.01452	0.01936	0.04181	0.72848	0.05017	0.02376	0.00968	0.00308	0.00440	0.02156	0.00704	0.00616
38	0.03266	0.01261	0.01716	0.01326	0.01889	0.01091	0.01091	0.03564	0.02170	0.65258	0.06820	0.02763	0.02187	0.00975	0.00771	0.00235	0.00629	0.00799	0.00933	0.01257
39	0.03340	0.01305	0.01758	0.01358	0.01938	0.01147	0.01118	0.03711	0.04893	0.66377	0.02996	0.02592	0.01896	0.00943	0.00763	0.00236	0.00644	0.00767	0.00932	0.01287
40	0.01628	0.18634	0.55637	0.01980	0.03002	0.02023	0.02486	0.02375	0.01589	0.02272	0.01297	0.01520	0.00963	0.00706	0.00671	0.00224	0.01056	0.00528	0.00321	0.01090
41	0.00977	0.00710	0.00926	0.01068	0.01140	0.00678	0.00726	0.01212	0.04276	0.02078	0.09359	0.64421	0.05078	0.02252	0.00954	0.00300	0.00440	0.02038	0.00718	0.00649
42	0.01414	0.00707	0.00707	0.00707	0.00884	0.00707	0.00530	0.01767	0.01591	0.02828	0.02474	0.02828	0.01944	0.00884	0.00530	0.00177	0.00353	0.00707	0.77554	0.00707
43	0.00924	0.00660	0.00880	0.01056	0.01100	0.00616	0.00704	0.01056	0.01452	0.01936	0.04181	0.72848	0.05017	0.02376	0.00968	0.00308	0.00440	0.02156	0.00704	0.00616
44	0.02028	0.73799	0.03975	0.01298	0.01947	0.03001	0.01298	0.02271	0.01541	0.01785	0.01055	0.01217	0.00973	0.00649	0.00487	0.00162	0.00811	0.00406	0.00324	0.00973
45	0.01432	0.01348	0.02275	0.71520	0.05224	0.01685	0.02107	0.01938	0.01517	0.01938	0.01348	0.02022	0.01011	0.00758	0.00758	0.00253	0.01011	0.00674	0.00337	0.00843
46	0.07322	0.01371	0.01765	0.01375	0.01929	0.01282	0.01132	0.06518	0.04498	0.54629	0.02686	0.02402	0.01741	0.00930	0.00811	0.00235	0.03630	0.00727	0.00854	0.04163
47	0.01013	0.00757	0.00960	0.00965	0.01123	0.00716	0.00706	0.01269	0.01761	0.02390	0.32026	0.17292	0.18825	0.05383	0.10928	0.00415	0.00632	0.01466	0.00708	0.00666
48	0.01065	0.00775	0.01002	0.00945	0.01128	0.00712	0.00709	0.01415	0.02127	0.02993	0.65265	0.05745	0.10133	0.01569	0.00895	0.00239	0.00359	0.01383	0.00829	0.00712
49	0.00923	0.00664	0.00876	0.01046	0.01097	0.00617	0.00699	0.01057	0.01462	0.01940	0.04309	0.70451	0.07331	0.02360	0.00966	0.00306	0.00438	0.02136	0.00704	0.00617
50	0.01611	0.10023	0.53559	0.02287	0.05349	0.01895	0.10154	0.02391	0.01622	0.02351	0.01356	0.01628	0.00992	0.00703	0.00721	0.00234	0.01104	0.00590	0.00330	0.01098
51	0.00969	0.00700	0.00927	0.01092	0.01169	0.00658	0.00778	0.01139	0.01514	0.01995	0.04360	0.58957	0.08629	0.02306	0.00976	0.00311	0.00477	0.11708	0.00703	0.00630
52	0.00924	0.00660	0.00880	0.01056	0.01100	0.00616	0.00704	0.01056	0.01452	0.01936	0.04181	0.72848	0.05017	0.02376	0.00968	0.00308	0.00440	0.02156	0.00704	0.00616
53	0.05059	0.01399	0.02222	0.64193	0.04883	0.01725	0.02009	0.05716	0.01627	0.02172	0.01363	0.01974	0.01019	0.00765	0.00745	0.00250	0.00981	0.00663	0.00368	0.00868
54	0.02132	0.39701	0.17873	0.01663	0.02347	0.20695	0.01673	0.02502	0.01717	0.01939	0.01153	0.01342	0.00972	0.00700	0.00591	0.00188	0.01028	0.00462	0.00341	0.00981
55	0.01573	0.01348	0.01573	0.01123	0.01798	0.01011	0.00899	0.01910	0.01573	0.02472	0.01348	0.01573	0.01123	0.00562	0.00562	0.00112	0.00562	0.00449	0.00449	0.77980
56	0.01573	0.01348	0.01573	0.01123	0.01798	0.01011	0.00899	0.01910	0.01573	0.02472	0.01348	0.01573	0.01123	0.00562	0.00562	0.00112	0.00562	0.00449	0.00449	0.77980
57	0.01639	0.01346	0.01580	0.01132	0.01803	0.01015	0.00907	0.01974	0.01594	0.04872	0.01407	0.01609	0.01151	0.00575	0.00569	0.00117	0.00565	0.00461	0.00467	0.75218
58	0.02493	0.05884	0.07666	0.02517	0.17151	0.37954	0.01751	0.11194	0.02177	0.02424	0.01325	0.01554	0.01067	0.00765	0.00704	0.00208	0.01151	0.00558	0.00428	0.01028
59	0.00924	0.00660	0.00880	0.01056	0.01100	0.00616	0.00704	0.01056	0.01452	0.01936	0.04181	0.72848	0.05017	0.02376	0.00968	0.00308	0.00440	0.02156	0.00704	0.00616
60	0.00962	0.00689	0.00914	0.01031	0.01108	0.00641	0.00707	0.01151	0.01627	0.02214	0.20291	0.55945	0.05555	0.02169	0.00950	0.00291	0.00419	0.01959	0.00737	0.00641
61	0.01136	0.00811	0.01123	0.01298	0.01435	0.00798	0.01072	0.01422	0.01661	0.02173	0.04064	0.27213	0.04554	0.02177	0.01025	0.00337	0.00623	0.45703	0.00700	0.00675
62	0.01042	0.00749	0.01012	0.01181	0.01285	0.00719	0.00906	0.01262	0.01579	0.02073	0.04240	0.44936	0.07020	0.02248	0.00997	0.00323	0.00541	0.26535	0.00702	0.00650
63	0.02827	0.02071	0.02217	0.01706	0.02296	0.02290	0.01407	0.63633	0.03491	0.04706	0.01846	0.01859	0.01315	0.00910	0.00750	0.00226	0.00816	0.00684	0.03683	0.01268
64	0.03008	0.04366	0.01738	0.01308	0.01824	0.01130	0.01067	0.03277	0.02046	0.57113	0.03069	0.12025	0.02263	0.01121	0.00779	0.00241	0.00625	0.00936	0.00880	0.01186
65	0.02661	0.01576	0.01826	0.01499	0.02021	0.01654	0.01206	0.14184	0.30566	0.29916	0.02839	0.02563	0.01970	0.00973	0.00766	0.00243	0.00657	0.00791	0.00837	0.01252
66	0.00920	0.00675	0.00865	0.01017	0.01090	0.00619	0.00687	0.01061	0.01490	0.01952	0.04654	0.63983	0.13576	0.02315	0.00958	0.00301	0.00433	0.02081	0.00704	0.00619
67	0.01565	0.01348	0.01614	0.05202	0.01996	0.01050	0.00969	0.01912	0.01570	0.02441	0.01348	0.01599	0.01117	0.00573	0.00573	0.00120	0.00588	0.00462	0.00443	0.73511
68	0.02028	0.73799	0.03975	0.01298	0.01947	0.03001	0.01298	0.02271	0.01541	0.01785	0.01055	0.01217	0.00973	0.00649	0.00487	0.00162	0.00811	0.00406	0.00324	0.00973
69	0.01645	0.03228	0.49647	0.02492	0.14696	0.01701	0.02501	0.02443	0.04044	0.05017	0.01765	0.01973	0.03921	0.00783	0.00737	0.00239	0.01013	0.00643	0.00387	0.01125
70	0.01578	0.01372	0.01747	0.01623	0.11277	0.01101	0.01091	0.01919	0.01588	0.02441	0.01526	0.05799	0.01363	0.00684	0.00613	0.00140	0.00603	0.00582	0.00454	0.62500
71	0.02129	0.01441	0.05537	0.01445	0.04361	0.01252	0.01160	0.05114	0.13652	0.23256	0.17909	0.03091	0.02985	0.01019	0.00763	0.00221	0.00602	0.00859	0.00749	0.12458
72	0.01708	0.01485	0.01883	0.01568	0.07133	0.01265	0.04227	0.05855	0.06980	0.02660	0.01530	0.01735	0.01236	0.00632	0.00621	0.00146	0.00642	0.00535	0.00484	0.57674
73	0.01676	0.01422	0.01815	0.16732	0.07475	0.01577	0.01375	0.08445	0.25058	0.02910	0.15022	0.03148	0.05114	0.01048	0.00786	0.00242	0.00677	0.00898	0.00645	0.03937
74	0.01618	0.01282	0.06684	0.07342	0.04525	0.01065	0.01215	0.03941	0.01891	0.13189	0.14278	0.04889	0.17044	0.01382	0.00846	0.00254	0.00632	0.11902	0.00675	0.05344
75	0.01793	0.01149	0.01355	0.01178	0.01541	0.01101	0.00913	0.11248	0.06941	0.14802	0.13900	0.16126	0.16003	0.01449	0.00830	0.00243	0.00532	0.01235	0.00760	0.06901
76	0.01439	0.04223	0.20991	0.01428	0.01990	0.01262	0.01443	0.06956	0.01903	0.02697	0.20393	0.09476	0.05820	0.01207	0.00788	0.00231	0.00687	0.04596	0.00585	0.11884
77	0.01774	0.01696	0.11166	0.01362	0.01922	0.04301	0.01212	0.04590	0.04123	0.11003	0.02274	0.17843	0.02119	0.01083	0.00723	0.00204	0.00673	0.00916	0.00572	0.30443

[dist]
# distance from previous block
# <min> <max>
14	25

[block]
# block no. 5 follows, 26 sequences, length 86
# corresponding to MSA columns:
# 442-527
name=unknown_F
#
# <colnr> <probs for GDERKNQSTAVLIFYWHMCP>
#	G	D	E	R	K	N	Q	S	T	A	V	L	I	F	Y	W	H	M	C	P
0	0.02206	0.04491	0.07771	0.01608	0.02108	0.03977	0.06046	0.08821	0.08075	0.20589	0.14542	0.02777	0.02552	0.01027	0.00935	0.00240	0.07333	0.00829	0.00679	0.03394
1	0.02216	0.01779	0.14560	0.01746	0.08077	0.01299	0.01482	0.05752	0.04496	0.26648	0.14708	0.03066	0.02682	0.01017	0.00780	0.00235	0.00710	0.03228	0.00703	0.04817
2	0.01657	0.02514	0.28013	0.04654	0.17394	0.04185	0.02016	0.02304	0.04374	0.02458	0.04239	0.01882	0.01371	0.00724	0.00699	0.00206	0.00891	0.00607	0.00407	0.19406
3	0.01808	0.01871	0.11773	0.01751	0.08412	0.01485	0.01431	0.15274	0.02061	0.02988	0.09596	0.02160	0.01873	0.00816	0.00753	0.00189	0.03238	0.00656	0.00530	0.31336
4	0.13203	0.07746	0.36347	0.02352	0.15821	0.01785	0.02168	0.02376	0.01618	0.05399	0.03563	0.01750	0.01231	0.00741	0.00681	0.00231	0.00931	0.00586	0.00397	0.01076
5	0.02228	0.01689	0.04885	0.01919	0.12387	0.01533	0.01375	0.15950	0.07845	0.14782	0.03927	0.02085	0.01583	0.00797	0.00703	0.00198	0.00708	0.00657	0.00623	0.24127
6	0.01695	0.01755	0.09807	0.03169	0.38707	0.01501	0.01871	0.02238	0.04971	0.05389	0.15109	0.02935	0.05675	0.00942	0.00785	0.00233	0.00768	0.00858	0.00519	0.01073
7	0.06964	0.01475	0.07242	0.02143	0.19924	0.01291	0.01405	0.05766	0.02014	0.07822	0.31216	0.03543	0.03858	0.01103	0.00794	0.00234	0.00633	0.00964	0.00646	0.00965
8	0.04789	0.13739	0.18113	0.02986	0.28868	0.11880	0.04554	0.02438	0.01717	0.02295	0.01308	0.01621	0.01063	0.00697	0.00688	0.00216	0.01007	0.00579	0.00361	0.01080
9	0.01416	0.01806	0.19635	0.01569	0.05112	0.01229	0.01440	0.02164	0.11694	0.04906	0.28866	0.10401	0.04095	0.01267	0.00825	0.00248	0.00643	0.01099	0.00655	0.00930
10	0.01857	0.01339	0.01602	0.01159	0.01819	0.01027	0.00932	0.02188	0.01666	0.12839	0.01604	0.01730	0.01241	0.00620	0.00593	0.00131	0.00575	0.00498	0.00525	0.66054
11	0.01026	0.00768	0.00951	0.00917	0.01107	0.00694	0.00683	0.01335	0.02018	0.02762	0.51294	0.09281	0.21023	0.01675	0.00899	0.00246	0.00368	0.01462	0.00799	0.00694
12	0.01659	0.01659	0.02323	0.01991	0.01991	0.02323	0.01659	0.01825	0.01162	0.01825	0.00996	0.01659	0.00996	0.01328	0.02489	0.00332	0.71955	0.00664	0.00332	0.00830
13	0.01338	0.04129	0.01274	0.01067	0.01319	0.00991	0.00825	0.01923	0.10722	0.06258	0.53438	0.04943	0.05985	0.01412	0.00854	0.00237	0.00424	0.01231	0.00809	0.00819
14	0.01193	0.00880	0.01258	0.07370	0.01811	0.00902	0.01216	0.01521	0.01680	0.02188	0.03813	0.18209	0.04180	0.02025	0.01010	0.00334	0.00684	0.48358	0.00668	0.00698
15	0.01746	0.01960	0.04204	0.11640	0.04120	0.01889	0.57978	0.02369	0.01756	0.02369	0.01511	0.02043	0.01134	0.00654	0.00878	0.00255	0.01246	0.00868	0.00378	0.01001
16	0.02022	0.05411	0.03329	0.09905	0.03293	0.02117	0.29743	0.18519	0.02107	0.02854	0.01483	0.01888	0.01139	0.00826	0.01066	0.00255	0.11780	0.00759	0.00464	0.01040
17	0.02187	0.02052	0.02303	0.28868	0.09410	0.14523	0.01772	0.21677	0.04817	0.02880	0.01533	0.01859	0.01157	0.00812	0.00745	0.00232	0.00997	0.00650	0.00495	0.01031
18	0.01298	0.00666	0.00974	0.00974	0.00974	0.00666	0.00641	0.00998	0.00998	0.01331	0.01414	0.02545	0.01447	0.09006	0.03045	0.70976	0.00666	0.00699	0.00341	0.00341
19	0.02710	0.04743	0.02220	0.01676	0.02236	0.04840	0.01380	0.51757	0.05663	0.07039	0.01880	0.01931	0.01372	0.01228	0.05500	0.00293	0.00919	0.00684	0.00712	0.01217
20	0.03403	0.01291	0.01760	0.01350	0.01936	0.01115	0.01115	0.03697	0.02171	0.69137	0.02992	0.02582	0.01878	0.00939	0.00763	0.00235	0.00645	0.00763	0.00939	0.01291
21	0.01781	0.02003	0.04303	0.06103	0.07805	0.01902	0.59501	0.02403	0.01775	0.02412	0.01521	0.02035	0.01148	0.00646	0.00881	0.00254	0.01246	0.00873	0.00381	0.01026
22	0.01877	0.01802	0.03079	0.04656	0.68612	0.01802	0.02328	0.02328	0.01727	0.02478	0.01427	0.01877	0.01201	0.00676	0.00751	0.00225	0.00901	0.00676	0.00375	0.01201
23	0.01458	0.01375	0.02322	0.67601	0.08940	0.01692	0.02119	0.01961	0.01529	0.01970	0.01353	0.02014	0.01022	0.00754	0.00758	0.00251	0.01005	0.00674	0.00339	0.00864
24	0.00945	0.00687	0.00892	0.01017	0.01099	0.00634	0.00695	0.01117	0.01583	0.02117	0.14425	0.57031	0.10534	0.02211	0.00951	0.00293	0.00423	0.01989	0.00724	0.00634
25	0.01877	0.01802	0.03079	0.04656	0.68612	0.01802	0.02328	0.02328	0.01727	0.02478	0.01427	0.01877	0.01201	0.00676	0.00751	0.00225	0.00901	0.00676	0.00375	0.01201
26	0.01877	0.01802	0.03079	0.04656	0.68612	0.01802	0.02328	0.02328	0.01727	0.02478	0.01427	0.01877	0.01201	0.00676	0.00751	0.00225	0.00901	0.00676	0.00375	0.01201
27	0.01773	0.00930	0.01238	0.01073	0.01374	0.00835	0.00835	0.02111	0.02154	0.22873	0.48643	0.04740	0.05573	0.01367	0.00855	0.00237	0.00444	0.01189	0.00866	0.00888
28	0.01729	0.01866	0.03473	0.02635	0.03045	0.02107	0.35959	0.02148	0.01498	0.02148	0.01284	0.01866	0.01079	0.00960	0.01638	0.00291	0.34194	0.00787	0.00360	0.00933
29	0.00982	0.00735	0.00912	0.00945	0.01097	0.00665	0.00679	0.01226	0.01818	0.02442	0.32769	0.28391	0.20737	0.01912	0.00919	0.00266	0.00391	0.01686	0.00761	0.00665
30	0.01737	0.21811	0.47066	0.02018	0.05764	0.02060	0.02330	0.02413	0.01612	0.04707	0.01345	0.01550	0.01009	0.00708	0.00663	0.00219	0.01014	0.00533	0.00347	0.01093
31	0.01887	0.01629	0.01715	0.01544	0.01972	0.01887	0.01201	0.04031	0.67241	0.03173	0.03087	0.02830	0.02315	0.01029	0.00772	0.00257	0.00600	0.00858	0.00772	0.01201
32	0.00924	0.00660	0.00880	0.01056	0.01100	0.00616	0.00704	0.01056	0.01452	0.01936	0.04181	0.72848	0.05017	0.02376	0.00968	0.00308	0.00440	0.02156	0.00704	0.00616
33	0.01598	0.03905	0.65470	0.02150	0.03228	0.05779	0.02724	0.02439	0.01634	0.02370	0.01350	0.01588	0.00962	0.00724	0.00718	0.00238	0.01135	0.00556	0.00324	0.01107
34	0.01724	0.01699	0.02790	0.34652	0.18829	0.05075	0.13250	0.05239	0.01752	0.02293	0.01530	0.02240	0.01238	0.00786	0.00790	0.00247	0.01028	0.03472	0.00393	0.00972
35	0.01074	0.00775	0.01014	0.00954	0.01133	0.00716	0.00716	0.01431	0.02147	0.03042	0.68211	0.05666	0.07157	0.01551	0.00895	0.00239	0.00358	0.01372	0.00835	0.00716
36	0.01084	0.00813	0.01219	0.01219	0.01354	0.00948	0.00948	0.01354	0.01219	0.01761	0.02032	0.02980	0.01896	0.05689	0.70337	0.01219	0.02032	0.00813	0.00406	0.00677
37	0.05254	0.01371	0.02249	0.65478	0.07476	0.01691	0.02052	0.01967	0.01514	0.02031	0.01337	0.01978	0.01009	0.00752	0.00744	0.00251	0.00986	0.00661	0.00345	0.00855
38	0.01470	0.01386	0.02342	0.65907	0.10545	0.01695	0.02125	0.01971	0.01534	0.01983	0.01355	0.02010	0.01027	0.00751	0.00758	0.00250	0.01002	0.00674	0.00340	0.00873
39	0.02462	0.01915	0.02039	0.01660	0.02191	0.02155	0.01340	0.39824	0.30512	0.04100	0.02357	0.02248	0.01724	0.00961	0.00764	0.00240	0.00735	0.00757	0.00764	0.01252
40	0.01877	0.01802	0.03079	0.04656	0.68612	0.01802	0.02328	0.02328	0.01727	0.02478	0.01427	0.01877	0.01201	0.00676	0.00751	0.00225	0.00901	0.00676	0.00375	0.01201
41	0.01432	0.01348	0.02275	0.71520	0.05224	0.01685	0.02107	0.01938	0.01517	0.01938	0.01348	0.02022	0.01011	0.00758	0.00758	0.00253	0.01011	0.00674	0.00337	0.00843
42	0.01573	0.01348	0.01573	0.01123	0.01798	0.01011	0.00899	0.01910	0.01573	0.02472	0.01348	0.01573	0.01123	0.00562	0.00562	0.00112	0.00562	0.00449	0.00449	0.77980
43	0.01887	0.01629	0.01715	0.01544	0.01972	0.01887	0.01201	0.04031	0.67241	0.03173	0.03087	0.02830	0.02315	0.01029	0.00772	0.00257	0.00600	0.00858	0.00772	0.01201
44	0.02768	0.09355	0.02299	0.01900	0.02312	0.64794	0.01452	0.02967	0.02100	0.01851	0.01163	0.01355	0.00977	0.00771	0.00668	0.00193	0.01322	0.00482	0.00385	0.00887
45	0.03256	0.01352	0.01776	0.01381	0.01955	0.01227	0.01135	0.06139	0.07685	0.61111	0.02955	0.02573	0.01892	0.00945	0.00763	0.00236	0.00649	0.00768	0.00918	0.01283
46	0.01185	0.00853	0.01171	0.01302	0.01480	0.00839	0.01116	0.01529	0.01808	0.02381	0.14153	0.08054	0.07480	0.02003	0.01018	0.00328	0.00632	0.51248	0.00720	0.00699
47	0.00931	0.00770	0.00817	0.00805	0.01046	0.00655	0.00604	0.01156	0.01811	0.02245	0.19634	0.06977	0.56231	0.01848	0.00896	0.00253	0.00379	0.01556	0.00730	0.00655
48	0.02883	0.02125	0.02276	0.01745	0.02352	0.02352	0.01442	0.66082	0.03566	0.04780	0.01821	0.01821	0.01290	0.00911	0.00759	0.00228	0.00835	0.00683	0.00759	0.01290
49	0.02881	0.02198	0.02270	0.01755	0.02352	0.05697	0.01443	0.62978	0.03497	0.04636	0.01789	0.01799	0.01275	0.00904	0.00755	0.00226	0.00861	0.00673	0.00741	0.01270
50	0.00896	0.00768	0.00768	0.00768	0.01025	0.00640	0.00576	0.01089	0.01729	0.02049	0.07684	0.07300	0.68304	0.01921	0.00896	0.00256	0.00384	0.01601	0.00704	0.00640
51	0.01074	0.00775	0.01014	0.00954	0.01133	0.00716	0.00716	0.01431	0.02147	0.03042	0.68211	0.05666	0.07157	0.01551	0.00895	0.00239	0.00358	0.01372	0.00835	0.00716
52	0.01724	0.01850	0.03387	0.02587	0.02966	0.02123	0.33376	0.02124	0.01472	0.02124	0.01262	0.01850	0.01072	0.00988	0.01702	0.00294	0.37037	0.00778	0.00357	0.00925
53	0.01173	0.00797	0.01046	0.00971	0.01168	0.00733	0.00733	0.01528	0.02148	0.05869	0.65422	0.05534	0.06931	0.01524	0.00889	0.00238	0.00370	0.01346	0.00839	0.00740
54	0.01887	0.01629	0.01715	0.01544	0.01972	0.01887	0.01201	0.04031	0.67241	0.03173	0.03087	0.02830	0.02315	0.01029	0.00772	0.00257	0.00600	0.00858	0.00772	0.01201
55	0.02836	0.03543	0.02156	0.01944	0.02345	0.67020	0.01464	0.06071	0.02218	0.01997	0.01204	0.01390	0.00992	0.00788	0.00688	0.00197	0.01342	0.00498	0.00409	0.00899
56	0.00925	0.00678	0.00870	0.01015	0.01091	0.00623	0.00688	0.01073	0.01512	0.01988	0.06772	0.61954	0.13450	0.02289	0.00956	0.00299	0.00430	0.02057	0.00708	0.00623
57	0.01573	0.01348	0.01573	0.01123	0.01798	0.01011	0.00899	0.01910	0.01573	0.02472	0.01348	0.01573	0.01123	0.00562	0.00562	0.00112	0.00562	0.00449	0.00449	0.77980
58	0.01451	0.01367	0.02308	0.68760	0.07841	0.01690	0.02116	0.01954	0.01525	0.01960	0.01351	0.02016	0.01019	0.00755	0.00758	0.00252	0.01007	0.00674	0.00339	0.00857
59	0.01786	0.01729	0.02805	0.15782	0.52385	0.03955	0.02183	0.02223	0.01692	0.02340	0.01539	0.05326	0.01347	0.00776	0.00761	0.00233	0.00913	0.00741	0.00385	0.01101
60	0.01545	0.01453	0.02398	0.54457	0.17321	0.01720	0.02096	0.02136	0.05410	0.02115	0.01465	0.02041	0.01124	0.00758	0.00758	0.00248	0.00966	0.00685	0.00370	0.00933
61	0.01042	0.00774	0.00970	0.00921	0.01114	0.00702	0.00691	0.01371	0.02073	0.02866	0.57499	0.05955	0.17979	0.01616	0.00895	0.00242	0.00363	0.01412	0.00812	0.00702
62	0.01020	0.00742	0.00961	0.00973	0.01117	0.00682	0.00704	0.01303	0.01921	0.02663	0.46105	0.25234	0.10121	0.01812	0.00916	0.00260	0.00383	0.01613	0.00789	0.00682
63	0.01877	0.01802	0.03079	0.04656	0.68612	0.01802	0.02328	0.02328	0.01727	0.02478	0.01427	0.01877	0.01201	0.00676	0.00751	0.00225	0.00901	0.00676	0.00375	0.01201
64	0.01318	0.00659	0.00988	0.00988	0.00988	0.00659	0.00659	0.00988	0.00988	0.01318	0.01318	0.02306	0.01318	0.02635	0.02964	0.77931	0.00659	0.00659	0.00329	0.00329
65	0.01103	0.00735	0.00827	0.00827	0.00827	0.00735	0.00460	0.01103	0.01103	0.01471	0.02390	0.04964	0.02758	0.73343	0.03861	0.00735	0.00735	0.01103	0.00460	0.00460
66	0.01521	0.03923	0.69413	0.02162	0.03283	0.01762	0.02802	0.02402	0.01601	0.02402	0.01361	0.01601	0.00961	0.00721	0.00721	0.00240	0.01121	0.00560	0.00320	0.01121
67	0.02010	0.71295	0.06320	0.01329	0.01995	0.02957	0.01352	0.02276	0.01543	0.01807	0.01066	0.01231	0.00973	0.00651	0.00495	0.00165	0.00822	0.00411	0.00324	0.00979
68	0.01783	0.01706	0.02908	0.18895	0.55112	0.01777	0.02281	0.02245	0.01682	0.02363	0.01410	0.01908	0.01161	0.00693	0.00753	0.00231	0.00925	0.00675	0.00367	0.01125
69	0.01432	0.01348	0.02275	0.71520	0.05224	0.01685	0.02107	0.01938	0.01517	0.01938	0.01348	0.02022	0.01011	0.00758	0.00758	0.00253	0.01011	0.00674	0.00337	0.00843
70	0.02578	0.01927	0.04622	0.01534	0.02047	0.11528	0.01269	0.19670	0.10799	0.22017	0.07892	0.02722	0.05929	0.01018	0.00768	0.00232	0.00775	0.00804	0.00743	0.01128
71	0.01613	0.03796	0.66133	0.02123	0.03218	0.01730	0.02721	0.02465	0.01629	0.05637	0.01440	0.01649	0.01005	0.00731	0.00723	0.00240	0.01098	0.00570	0.00350	0.01129
72	0.01804	0.42902	0.32910	0.01680	0.02538	0.02453	0.01963	0.02329	0.01568	0.02058	0.01190	0.01387	0.00968	0.00681	0.00590	0.00197	0.00948	0.00474	0.00323	0.01039
73	0.74901	0.01588	0.04477	0.01055	0.01556	0.01705	0.00919	0.02238	0.01306	0.03354	0.01071	0.01250	0.00828	0.00705	0.00482	0.00235	0.00613	0.00418	0.00462	0.00836
74	0.01061	0.00775	0.00996	0.00941	0.01125	0.00710	0.00706	0.01407	0.02117	0.02971	0.63915	0.05782	0.11497	0.01577	0.00895	0.00240	0.00360	0.01388	0.00826	0.00710
75	0.01588	0.01362	0.01580	0.01144	0.01806	0.01053	0.00913	0.02012	0.04737	0.02505	0.01432	0.01633	0.01181	0.00584	0.00572	0.00119	0.00564	0.00469	0.00465	0.74281
76	0.01916	0.37811	0.29537	0.01804	0.05689	0.02325	0.01927	0.02424	0.01617	0.06714	0.01327	0.01494	0.01042	0.00698	0.00611	0.00201	0.00926	0.00504	0.00368	0.01064
77	0.01800	0.01848	0.06005	0.05985	0.12928	0.02039	0.13860	0.07838	0.01642	0.02384	0.01339	0.01847	0.01124	0.00982	0.01506	0.00276	0.31125	0.00708	0.03787	0.00975
78	0.01458	0.01393	0.02383	0.65837	0.05053	0.01718	0.05182	0.01958	0.01518	0.01958	0.01345	0.02011	0.01017	0.00772	0.00824	0.00256	0.03443	0.00684	0.00339	0.00851
79	0.01501	0.01015	0.01556	0.10052	0.04913	0.00987	0.05539	0.01798	0.01748	0.12655	0.15389	0.30120	0.06446	0.01587	0.00879	0.00268	0.00603	0.01437	0.00683	0.00822
80	0.01573	0.01348	0.01573	0.01123	0.01798	0.01011	0.00899	0.01910	0.01573	0.02472	0.01348	0.01573	0.01123	0.00562	0.00562	0.00112	0.00562	0.00449	0.00449	0.77980
81	0.01087	0.00800	0.01154	0.01154	0.01267	0.00913	0.00867	0.01313	0.01200	0.01713	0.02091	0.03308	0.02039	0.16892	0.59329	0.01139	0.01817	0.00861	0.00415	0.00641
82	0.05004	0.02130	0.10981	0.12017	0.03951	0.01861	0.47916	0.02353	0.01713	0.02403	0.01471	0.01961	0.01098	0.00667	0.00840	0.00253	0.01197	0.00809	0.00374	0.01001
83	0.01764	0.01339	0.02071	0.48200	0.04109	0.01478	0.01739	0.02207	0.01628	0.12482	0.01604	0.02030	0.01166	0.00752	0.00724	0.00225	0.00875	0.00648	0.00450	0.14508
84	0.02425	0.01836	0.02024	0.01551	0.02141	0.01914	0.01270	0.45306	0.02897	0.03984	0.01717	0.01841	0.01291	0.01163	0.05664	0.00269	0.00851	0.00633	0.00656	0.20568
85	0.04831	0.07441	0.04567	0.01333	0.01793	0.01520	0.01131	0.16784	0.07546	0.15697	0.25153	0.03303	0.03468	0.01111	0.00774	0.00230	0.00616	0.00914	0.00756	0.01033

[dist]
# distance from previous block
# <min> <max>
0	10

# created by:
# /st0/software/busco_prod/Augustus/scripts/msa2prfl.pl ./align_prep/162991.fa
