[name]
unknown

[dist]
# distance from previous block
# <min> <max>
0	67

[block]
# block no. 0 follows, 27 sequences, length 7
# corresponding to MSA columns:
# 71-77
name=unknown_A
#
# <colnr> <probs for GDERKNQSTAVLIFYWHMCP>
#	G	D	E	R	K	N	Q	S	T	A	V	L	I	F	Y	W	H	M	C	P
0	0.09703	0.00902	0.01136	0.01238	0.01445	0.00915	0.01047	0.01663	0.01639	0.05304	0.03475	0.13392	0.03674	0.01791	0.00906	0.00308	0.00619	0.43557	0.06574	0.00715
1	0.02534	0.01302	0.01711	0.08393	0.02148	0.01281	0.01205	0.13859	0.02249	0.36082	0.10970	0.03355	0.02567	0.01094	0.00792	0.00243	0.00670	0.07668	0.00792	0.01086
2	0.03436	0.00799	0.00973	0.00962	0.01140	0.00755	0.00702	0.01447	0.04425	0.04548	0.36114	0.20894	0.14427	0.04785	0.00995	0.00273	0.00413	0.01472	0.00744	0.00696
3	0.10201	0.01772	0.01904	0.01499	0.02018	0.01929	0.01227	0.46795	0.02979	0.08636	0.11397	0.02314	0.02078	0.00963	0.00734	0.00225	0.00714	0.00744	0.00737	0.01136
4	0.00981	0.00734	0.00973	0.01088	0.01123	0.00753	0.00743	0.01101	0.01364	0.01841	0.03660	0.60714	0.04366	0.09295	0.01350	0.00345	0.06441	0.01888	0.00635	0.00605
5	0.02496	0.03033	0.02266	0.01963	0.02371	0.53332	0.08426	0.05749	0.02041	0.02003	0.01299	0.01587	0.01078	0.01229	0.07623	0.00298	0.01369	0.00561	0.00400	0.00875
6	0.02768	0.01700	0.01991	0.01553	0.02077	0.01798	0.01277	0.36650	0.02720	0.24964	0.02155	0.04729	0.01556	0.00972	0.00873	0.00231	0.06208	0.00738	0.00753	0.04287

[dist]
# distance from previous block
# <min> <max>
16	26

[block]
# block no. 1 follows, 27 sequences, length 12
# corresponding to MSA columns:
# 104-115
name=unknown_B
#
# <colnr> <probs for GDERKNQSTAVLIFYWHMCP>
#	G	D	E	R	K	N	Q	S	T	A	V	L	I	F	Y	W	H	M	C	P
0	0.01963	0.02006	0.02708	0.07547	0.49203	0.12739	0.02035	0.02514	0.07603	0.02360	0.01496	0.01848	0.01227	0.00713	0.00727	0.00220	0.00934	0.00648	0.00402	0.01107
1	0.02296	0.01219	0.01669	0.01314	0.01793	0.01095	0.04770	0.05060	0.05032	0.33441	0.20791	0.03186	0.03125	0.01023	0.00765	0.00217	0.00584	0.00880	0.00784	0.10956
2	0.02156	0.01731	0.01758	0.06041	0.02117	0.10013	0.01210	0.15084	0.22984	0.10364	0.05940	0.05578	0.02075	0.00981	0.00734	0.00225	0.00722	0.00794	0.03296	0.06194
3	0.01706	0.01667	0.02752	0.07773	0.07111	0.01727	0.21064	0.05798	0.01631	0.02353	0.01328	0.01766	0.01085	0.00785	0.01115	0.00226	0.17183	0.00664	0.00399	0.21867
4	0.01389	0.01041	0.01101	0.01029	0.01164	0.03635	0.00691	0.11574	0.01580	0.02062	0.02711	0.11102	0.07023	0.44751	0.05541	0.00568	0.00761	0.01114	0.00531	0.00630
5	0.01828	0.01320	0.01501	0.01294	0.01716	0.01345	0.01008	0.05037	0.30822	0.11948	0.08347	0.09781	0.05784	0.01126	0.00754	0.00227	0.00550	0.00953	0.00720	0.13937
6	0.02318	0.01727	0.01879	0.01457	0.01965	0.01820	0.01163	0.44992	0.02764	0.03764	0.01795	0.02244	0.01470	0.12784	0.01207	0.00285	0.00756	0.00697	0.00643	0.14270
7	0.01769	0.01405	0.01659	0.01390	0.01706	0.01544	0.01092	0.21339	0.04200	0.02767	0.02148	0.09166	0.04443	0.11561	0.06494	0.00372	0.13105	0.00873	0.00554	0.12412
8	0.01480	0.01082	0.01200	0.01073	0.01333	0.01075	0.00785	0.16632	0.01890	0.02560	0.03362	0.17499	0.14055	0.19130	0.01515	0.00351	0.00588	0.01187	0.05630	0.07575
9	0.22922	0.01634	0.02138	0.07468	0.02423	0.01766	0.13432	0.20601	0.04935	0.03362	0.10352	0.02219	0.01886	0.00861	0.00709	0.00234	0.00776	0.00730	0.00573	0.00976
10	0.01274	0.01010	0.01258	0.01374	0.05715	0.01021	0.00991	0.04521	0.12388	0.02463	0.11893	0.19376	0.16209	0.01707	0.00890	0.00277	0.00538	0.15604	0.00695	0.00793
11	0.01648	0.01507	0.01461	0.05399	0.01769	0.13195	0.01028	0.10337	0.05447	0.02369	0.08330	0.13219	0.05730	0.10259	0.10125	0.00410	0.00910	0.01006	0.00558	0.05292

[dist]
# distance from previous block
# <min> <max>
4	9

[block]
# block no. 2 follows, 27 sequences, length 10
# corresponding to MSA columns:
# 125-134
name=unknown_C
#
# <colnr> <probs for GDERKNQSTAVLIFYWHMCP>
#	G	D	E	R	K	N	Q	S	T	A	V	L	I	F	Y	W	H	M	C	P
0	0.01973	0.01674	0.03911	0.18888	0.18873	0.01790	0.01704	0.15941	0.15801	0.05663	0.01902	0.02115	0.01430	0.00820	0.00733	0.00232	0.00804	0.00701	0.03952	0.01091
1	0.05914	0.01456	0.02276	0.40507	0.21908	0.01669	0.01915	0.02193	0.08119	0.02244	0.01689	0.02139	0.03305	0.00779	0.00730	0.00240	0.00878	0.00692	0.00401	0.00947
2	0.01454	0.01276	0.01774	0.23630	0.02667	0.05918	0.05608	0.01734	0.05056	0.01791	0.01723	0.07646	0.01648	0.11139	0.01759	0.17045	0.06217	0.00831	0.00401	0.00683
3	0.29207	0.05763	0.09781	0.15326	0.02733	0.08895	0.05809	0.09863	0.01735	0.02799	0.01255	0.01532	0.00954	0.00726	0.00626	0.00227	0.00878	0.00539	0.00430	0.00922
4	0.01237	0.00976	0.01297	0.05994	0.03884	0.01032	0.00962	0.04688	0.01471	0.02014	0.02830	0.33066	0.03194	0.15775	0.01591	0.00363	0.07779	0.04911	0.00555	0.06380
5	0.05341	0.00914	0.01020	0.00930	0.01144	0.00932	0.00697	0.05363	0.01662	0.02615	0.15318	0.03540	0.05469	0.12336	0.03806	0.00317	0.03456	0.00881	0.28386	0.05873
6	0.00963	0.00716	0.00947	0.05098	0.01292	0.00688	0.00744	0.01145	0.01531	0.02040	0.13858	0.48704	0.10878	0.06439	0.01091	0.00309	0.00464	0.01797	0.00673	0.00623
7	0.02217	0.01642	0.01814	0.01484	0.01936	0.01754	0.01180	0.44529	0.02796	0.03772	0.02363	0.20834	0.02221	0.01248	0.00783	0.00235	0.00694	0.01035	0.00706	0.06755
8	0.01114	0.00774	0.01001	0.04867	0.01275	0.00750	0.00732	0.01438	0.01892	0.02736	0.48648	0.07348	0.05567	0.06726	0.01034	0.00264	0.00415	0.01222	0.11512	0.00684
9	0.02797	0.01383	0.03670	0.01535	0.05774	0.01232	0.01190	0.10890	0.02177	0.46604	0.05141	0.09808	0.02207	0.01061	0.00770	0.00236	0.00651	0.00889	0.00821	0.01165

[dist]
# distance from previous block
# <min> <max>
0	2

[block]
# block no. 3 follows, 27 sequences, length 8
# corresponding to MSA columns:
# 137-144
name=unknown_D
#
# <colnr> <probs for GDERKNQSTAVLIFYWHMCP>
#	G	D	E	R	K	N	Q	S	T	A	V	L	I	F	Y	W	H	M	C	P
0	0.06722	0.30085	0.08001	0.02041	0.13083	0.18440	0.01569	0.08009	0.01839	0.02266	0.01206	0.01411	0.01007	0.00700	0.00603	0.00192	0.00948	0.00494	0.00386	0.00996
1	0.09189	0.15919	0.02441	0.05736	0.02317	0.06410	0.01371	0.41194	0.02717	0.03665	0.01509	0.01604	0.01129	0.00808	0.00663	0.00211	0.00833	0.00581	0.00591	0.01114
2	0.02232	0.52135	0.03330	0.01472	0.02028	0.24272	0.01322	0.02456	0.01695	0.01769	0.01068	0.01237	0.00954	0.00676	0.00537	0.00169	0.00965	0.00422	0.00338	0.00924
3	0.02014	0.02047	0.02853	0.23647	0.03616	0.13282	0.21116	0.14653	0.02037	0.02556	0.01421	0.01829	0.01077	0.00762	0.00837	0.00237	0.03922	0.00696	0.00431	0.00967
4	0.01170	0.00795	0.00978	0.00997	0.01155	0.00743	0.00709	0.04385	0.01714	0.06068	0.17176	0.36128	0.15737	0.07331	0.01113	0.00303	0.00457	0.01643	0.00712	0.00683
5	0.02307	0.06058	0.09096	0.01595	0.02169	0.01685	0.05212	0.11822	0.22429	0.21560	0.06340	0.02470	0.02010	0.00921	0.00744	0.00233	0.00721	0.00766	0.00708	0.01152
6	0.04752	0.01392	0.01596	0.05297	0.01961	0.01500	0.01118	0.06422	0.33978	0.17199	0.08821	0.03139	0.07434	0.01067	0.00761	0.00243	0.00594	0.00884	0.00756	0.01083
7	0.06335	0.23907	0.16222	0.01762	0.06022	0.13244	0.01600	0.02751	0.14368	0.04779	0.01583	0.01680	0.01240	0.00756	0.00631	0.00207	0.00890	0.00554	0.00444	0.01025

[dist]
# distance from previous block
# <min> <max>
3	48

[block]
# block no. 4 follows, 27 sequences, length 8
# corresponding to MSA columns:
# 194-201
name=unknown_E
#
# <colnr> <probs for GDERKNQSTAVLIFYWHMCP>
#	G	D	E	R	K	N	Q	S	T	A	V	L	I	F	Y	W	H	M	C	P
0	0.08832	0.10434	0.34018	0.02467	0.19679	0.01794	0.02142	0.02317	0.01608	0.05135	0.03985	0.01756	0.01262	0.00725	0.00674	0.00222	0.00914	0.00587	0.00385	0.01066
1	0.06687	0.05698	0.01692	0.01223	0.01750	0.01286	0.01000	0.06463	0.07161	0.25476	0.11498	0.02508	0.02256	0.00880	0.00680	0.00196	0.00584	0.00711	0.00692	0.21560
2	0.02671	0.01826	0.02024	0.01563	0.02132	0.01941	0.01283	0.47708	0.05475	0.13288	0.05403	0.02097	0.01662	0.00907	0.00736	0.00217	0.00740	0.00703	0.00749	0.06876
3	0.02733	0.03036	0.02190	0.02008	0.06137	0.48147	0.01476	0.20430	0.02460	0.02636	0.01336	0.01489	0.01053	0.00794	0.00693	0.00202	0.01169	0.00541	0.00480	0.00989
4	0.56983	0.02012	0.16517	0.01277	0.01887	0.01719	0.01274	0.06354	0.01474	0.03199	0.01148	0.01323	0.00864	0.00706	0.00532	0.00230	0.00706	0.00452	0.00445	0.00899
5	0.02633	0.01931	0.02231	0.01688	0.02298	0.02042	0.04953	0.51310	0.03068	0.08194	0.01778	0.01809	0.01269	0.00835	0.00726	0.00211	0.00797	0.00656	0.00695	0.10876
6	0.03883	0.00964	0.01131	0.01042	0.01308	0.00946	0.00808	0.04515	0.09645	0.06488	0.37908	0.05200	0.17315	0.01467	0.00843	0.00243	0.00441	0.04284	0.00770	0.00798
7	0.01569	0.01874	0.16639	0.01401	0.01872	0.07107	0.01317	0.06451	0.07182	0.04899	0.27099	0.07281	0.03658	0.03355	0.00872	0.00243	0.00686	0.00976	0.00624	0.04895

[dist]
# distance from previous block
# <min> <max>
5	18

[block]
# block no. 5 follows, 27 sequences, length 24
# corresponding to MSA columns:
# 221-244
name=unknown_F
#
# <colnr> <probs for GDERKNQSTAVLIFYWHMCP>
#	G	D	E	R	K	N	Q	S	T	A	V	L	I	F	Y	W	H	M	C	P
0	0.02073	0.01374	0.01582	0.01307	0.01781	0.01358	0.01035	0.10744	0.21114	0.17740	0.04763	0.07783	0.07270	0.01061	0.00739	0.00219	0.00584	0.00881	0.00722	0.15870
1	0.01806	0.01699	0.02711	0.09199	0.52163	0.01770	0.02062	0.02550	0.13660	0.02508	0.01684	0.02017	0.01359	0.00730	0.00739	0.00228	0.00837	0.00693	0.00435	0.01149
2	0.10247	0.01476	0.02251	0.45828	0.16804	0.01723	0.01913	0.06990	0.01654	0.02372	0.01338	0.01851	0.01026	0.00732	0.00709	0.00238	0.00909	0.00632	0.00383	0.00923
3	0.02600	0.01700	0.01914	0.01525	0.02033	0.01811	0.01236	0.41932	0.06732	0.16637	0.04874	0.09389	0.02020	0.01073	0.00770	0.00234	0.00711	0.00865	0.00774	0.01169
4	0.02017	0.01624	0.01928	0.06975	0.05984	0.01566	0.01244	0.25761	0.02261	0.03210	0.01494	0.01679	0.01155	0.00696	0.00646	0.00168	0.00700	0.00553	0.00539	0.39801
5	0.01058	0.00891	0.01498	0.01413	0.01584	0.00834	0.12611	0.01277	0.01481	0.01982	0.03623	0.60504	0.04225	0.02018	0.00935	0.00292	0.00579	0.01887	0.00632	0.00675
6	0.01845	0.01625	0.01920	0.02062	0.14115	0.01832	0.01375	0.03643	0.55953	0.02982	0.02728	0.02601	0.02069	0.00945	0.00752	0.00246	0.00641	0.00807	0.00685	0.01175
7	0.02918	0.01172	0.01591	0.01251	0.01753	0.01020	0.01020	0.03217	0.02121	0.57705	0.14862	0.03073	0.02772	0.01027	0.00770	0.00230	0.00581	0.00854	0.00900	0.01162
8	0.01447	0.01365	0.02307	0.65210	0.11681	0.01661	0.02084	0.01936	0.01505	0.01951	0.01327	0.01965	0.01009	0.00734	0.00741	0.00245	0.00979	0.00660	0.00334	0.00861
9	0.01489	0.03840	0.70064	0.02116	0.03213	0.01724	0.02743	0.02351	0.01567	0.02351	0.01332	0.01567	0.00940	0.00705	0.00705	0.00235	0.01097	0.00549	0.00313	0.01097
10	0.01503	0.01422	0.02408	0.56505	0.19947	0.01676	0.02112	0.01985	0.01532	0.02019	0.01337	0.01946	0.01033	0.00724	0.00741	0.00241	0.00965	0.00660	0.00339	0.00906
11	0.00900	0.00665	0.00842	0.00983	0.01063	0.00607	0.00666	0.01039	0.01470	0.01915	0.04712	0.61434	0.16501	0.02245	0.00935	0.00292	0.00421	0.02012	0.00689	0.00607
12	0.01553	0.01474	0.02500	0.48612	0.27443	0.01689	0.02137	0.02030	0.01556	0.02081	0.01346	0.01930	0.01054	0.00714	0.00740	0.00238	0.00952	0.00660	0.00343	0.00947
13	0.03331	0.01263	0.01723	0.01321	0.01895	0.01091	0.01091	0.03618	0.02125	0.69794	0.02929	0.02527	0.01838	0.00919	0.00747	0.00230	0.00632	0.00747	0.00919	0.01263
14	0.03331	0.01263	0.01723	0.01321	0.01895	0.01091	0.01091	0.03618	0.02125	0.69794	0.02929	0.02527	0.01838	0.00919	0.00747	0.00230	0.00632	0.00747	0.00919	0.01263
15	0.01446	0.01365	0.02306	0.65275	0.11619	0.01661	0.02084	0.01935	0.01505	0.01950	0.01327	0.01965	0.01008	0.00734	0.00741	0.00245	0.00979	0.00660	0.00334	0.00860
16	0.01285	0.00814	0.01046	0.00956	0.01184	0.00736	0.00728	0.01609	0.02057	0.10302	0.54554	0.05392	0.13492	0.01492	0.00861	0.00235	0.00384	0.01302	0.00814	0.00755
17	0.09640	0.00771	0.00963	0.04994	0.01342	0.00780	0.00778	0.01210	0.01407	0.02055	0.03597	0.61403	0.04234	0.02055	0.00882	0.00290	0.00478	0.01839	0.00644	0.00638
18	0.02728	0.02427	0.02195	0.05799	0.02461	0.20655	0.01455	0.45976	0.03004	0.03752	0.01586	0.01675	0.01165	0.00849	0.00723	0.00216	0.00967	0.00617	0.00622	0.01130
19	0.01465	0.01443	0.02616	0.59643	0.04890	0.01691	0.13735	0.01984	0.01533	0.01984	0.01352	0.01983	0.01014	0.00721	0.00766	0.00248	0.01037	0.00699	0.00338	0.00857
20	0.01440	0.01150	0.01481	0.01517	0.06677	0.03769	0.01076	0.10882	0.01586	0.02181	0.01914	0.02791	0.01763	0.10658	0.46619	0.00897	0.01593	0.00781	0.00449	0.00776
21	0.02147	0.01993	0.02018	0.02071	0.14177	0.16886	0.01390	0.07875	0.17095	0.07208	0.01920	0.02151	0.01520	0.00826	0.00702	0.00205	0.00824	0.02801	0.00551	0.15640
22	0.01555	0.03408	0.55821	0.02167	0.03157	0.01754	0.09688	0.02516	0.08317	0.02430	0.01522	0.01738	0.01096	0.00727	0.00729	0.00238	0.01063	0.00614	0.00365	0.01094
23	0.02184	0.01825	0.08731	0.01461	0.02105	0.01569	0.01289	0.21538	0.10345	0.11952	0.01876	0.01894	0.01371	0.00770	0.00673	0.00189	0.00699	0.00607	0.00617	0.28302

[dist]
# distance from previous block
# <min> <max>
3	6

[block]
# block no. 6 follows, 27 sequences, length 18
# corresponding to MSA columns:
# 252-269
name=unknown_G
#
# <colnr> <probs for GDERKNQSTAVLIFYWHMCP>
#	G	D	E	R	K	N	Q	S	T	A	V	L	I	F	Y	W	H	M	C	P
0	0.01818	0.01735	0.02917	0.04331	0.64879	0.01713	0.02187	0.02252	0.01681	0.02425	0.01391	0.01818	0.01171	0.00654	0.00723	0.00213	0.00860	0.00647	0.00372	0.06212
1	0.02365	0.01605	0.01836	0.01393	0.01986	0.01549	0.01134	0.29714	0.02463	0.14891	0.01903	0.04714	0.01449	0.00830	0.00681	0.00186	0.00672	0.00657	0.00661	0.29310
2	0.01740	0.25903	0.29067	0.02368	0.13165	0.02142	0.11252	0.02302	0.01594	0.02172	0.01270	0.01550	0.01007	0.00665	0.00661	0.00210	0.00988	0.00564	0.00332	0.01049
3	0.01187	0.00918	0.01329	0.10937	0.04587	0.00947	0.01241	0.01513	0.01638	0.02126	0.03765	0.15843	0.08566	0.01844	0.00954	0.00312	0.00676	0.40284	0.00625	0.00707
4	0.67568	0.01533	0.01264	0.01087	0.01567	0.01762	0.00896	0.11991	0.01601	0.03535	0.01147	0.01293	0.00874	0.00720	0.00502	0.00229	0.00611	0.00442	0.00502	0.00874
5	0.02689	0.02037	0.02334	0.02092	0.11327	0.02230	0.01528	0.58110	0.03248	0.04375	0.01730	0.01790	0.01251	0.00860	0.00742	0.00222	0.00826	0.00667	0.00692	0.01251
6	0.01969	0.01945	0.02921	0.11035	0.30562	0.08128	0.14596	0.09743	0.06905	0.02608	0.01552	0.01904	0.01217	0.00725	0.00760	0.00229	0.00978	0.00701	0.00438	0.01084
7	0.01002	0.00733	0.00941	0.00940	0.01092	0.00672	0.00686	0.01288	0.01912	0.02647	0.48844	0.20844	0.12171	0.01731	0.00892	0.00250	0.00371	0.01534	0.00777	0.00672
8	0.00901	0.00660	0.00847	0.00996	0.01067	0.00606	0.00672	0.01038	0.01458	0.01910	0.04552	0.64517	0.13521	0.02266	0.00938	0.00295	0.00423	0.02037	0.00689	0.00606
9	0.01854	0.36274	0.34409	0.01666	0.02511	0.02239	0.01940	0.02385	0.01581	0.07046	0.01311	0.01464	0.01012	0.00689	0.00602	0.00199	0.00923	0.00493	0.00360	0.01043
10	0.02884	0.01165	0.01580	0.01245	0.01741	0.01015	0.01015	0.03184	0.02120	0.56702	0.15852	0.03118	0.02850	0.01036	0.00772	0.00230	0.00577	0.00863	0.00899	0.01153
11	0.01329	0.00871	0.01080	0.01107	0.01257	0.00851	0.00785	0.08599	0.01684	0.07277	0.03647	0.48268	0.05951	0.10136	0.01230	0.00334	0.00528	0.03666	0.00685	0.00712
12	0.01576	0.01498	0.02542	0.45053	0.30822	0.01695	0.02148	0.02050	0.01567	0.02109	0.01350	0.01922	0.01064	0.00710	0.00739	0.00237	0.00946	0.00660	0.00345	0.00965
13	0.01789	0.07493	0.49843	0.02075	0.03037	0.01731	0.09572	0.02512	0.01657	0.11145	0.01542	0.01719	0.01079	0.00720	0.00716	0.00232	0.01035	0.00602	0.00400	0.01100
14	0.08449	0.02119	0.02137	0.01666	0.02238	0.06335	0.01368	0.58242	0.03244	0.04409	0.01689	0.01713	0.01210	0.00869	0.00717	0.00221	0.00830	0.00637	0.00700	0.01205
15	0.01889	0.60684	0.16721	0.01434	0.02159	0.02702	0.01556	0.02248	0.01520	0.01864	0.01090	0.01264	0.00950	0.00649	0.00521	0.00174	0.00853	0.00426	0.00317	0.00981
16	0.09926	0.01614	0.02605	0.21741	0.45403	0.01724	0.02066	0.02169	0.01592	0.02384	0.01338	0.01807	0.01088	0.00685	0.00708	0.00228	0.00877	0.00633	0.00367	0.01045
17	0.62473	0.01446	0.01370	0.01520	0.11963	0.01619	0.01019	0.02131	0.01355	0.03111	0.01476	0.01657	0.04915	0.00756	0.00527	0.00230	0.00610	0.00512	0.00459	0.00851

[dist]
# distance from previous block
# <min> <max>
1	3

[block]
# block no. 7 follows, 27 sequences, length 21
# corresponding to MSA columns:
# 273-293
name=unknown_H
#
# <colnr> <probs for GDERKNQSTAVLIFYWHMCP>
#	G	D	E	R	K	N	Q	S	T	A	V	L	I	F	Y	W	H	M	C	P
0	0.06880	0.01471	0.02384	0.32516	0.31389	0.01626	0.01987	0.02043	0.01576	0.02246	0.01571	0.02452	0.01355	0.00824	0.00746	0.00244	0.00888	0.06459	0.00387	0.00957
1	0.01537	0.01457	0.02471	0.51143	0.25039	0.01685	0.02129	0.02015	0.01548	0.02061	0.01343	0.01935	0.01047	0.00717	0.00740	0.00239	0.00956	0.00660	0.00342	0.00934
2	0.02495	0.01885	0.02052	0.01553	0.02164	0.01967	0.01275	0.50229	0.02992	0.04102	0.01664	0.01720	0.01221	0.00804	0.00693	0.00194	0.00749	0.00610	0.00665	0.20965
3	0.65745	0.01416	0.01287	0.13247	0.02070	0.01663	0.01021	0.02133	0.01302	0.03083	0.01083	0.01339	0.00836	0.00698	0.00508	0.00233	0.00646	0.00446	0.00437	0.00808
4	0.00904	0.00646	0.00861	0.01034	0.01077	0.00603	0.00689	0.01034	0.01421	0.01895	0.04092	0.73426	0.04910	0.02326	0.00948	0.00301	0.00431	0.02110	0.00689	0.00603
5	0.01539	0.01319	0.01539	0.01100	0.01759	0.00990	0.00880	0.01869	0.01539	0.02419	0.01319	0.01539	0.01100	0.00550	0.00550	0.00110	0.00550	0.00440	0.00440	0.78449
6	0.01507	0.03714	0.65574	0.02185	0.03259	0.01735	0.07107	0.02353	0.01580	0.02353	0.01344	0.01597	0.00953	0.00700	0.00717	0.00236	0.01108	0.00571	0.00318	0.01091
7	0.03331	0.01263	0.01723	0.01321	0.01895	0.01091	0.01091	0.03618	0.02125	0.69794	0.02929	0.02527	0.01838	0.00919	0.00747	0.00230	0.00632	0.00747	0.00919	0.01263
8	0.01539	0.01319	0.01539	0.01100	0.01759	0.00990	0.00880	0.01869	0.01539	0.02419	0.01319	0.01539	0.01100	0.00550	0.00550	0.00110	0.00550	0.00440	0.00440	0.78449
9	0.06426	0.01542	0.01609	0.01450	0.01863	0.01767	0.01138	0.05937	0.56513	0.03100	0.03072	0.03022	0.04903	0.01057	0.00752	0.00253	0.00590	0.03159	0.00732	0.01116
10	0.02773	0.03538	0.02104	0.01913	0.02295	0.70930	0.01434	0.02964	0.02104	0.01817	0.01148	0.01339	0.00956	0.00765	0.00669	0.00191	0.01339	0.00478	0.00383	0.00861
11	0.00976	0.00710	0.00935	0.01090	0.01187	0.00669	0.00805	0.01165	0.01522	0.01990	0.04404	0.50048	0.11341	0.02210	0.00960	0.00307	0.00489	0.17879	0.00688	0.00626
12	0.01040	0.00703	0.00821	0.00860	0.00870	0.00693	0.00504	0.01069	0.01157	0.01542	0.02734	0.20324	0.03198	0.57764	0.03140	0.00625	0.00655	0.01312	0.00504	0.00484
13	0.01985	0.74357	0.03890	0.01270	0.01905	0.02937	0.01270	0.02223	0.01508	0.01747	0.01032	0.01191	0.00953	0.00635	0.00476	0.00159	0.00794	0.00397	0.00318	0.00953
14	0.01985	0.74357	0.03890	0.01270	0.01905	0.02937	0.01270	0.02223	0.01508	0.01747	0.01032	0.01191	0.00953	0.00635	0.00476	0.00159	0.00794	0.00397	0.00318	0.00953
15	0.02737	0.02034	0.02228	0.05904	0.02470	0.02263	0.01450	0.62936	0.03371	0.04513	0.01755	0.01794	0.01246	0.00882	0.00743	0.00224	0.00827	0.00668	0.00718	0.01236
16	0.01780	0.06935	0.02954	0.14847	0.54419	0.01831	0.02172	0.02215	0.01645	0.02294	0.01358	0.01813	0.01131	0.00672	0.00717	0.00220	0.00892	0.00642	0.00358	0.01105
17	0.01402	0.01319	0.02227	0.72126	0.05113	0.01649	0.02062	0.01897	0.01484	0.01897	0.01319	0.01979	0.00990	0.00742	0.00742	0.00247	0.00990	0.00660	0.00330	0.00825
18	0.79154	0.01436	0.01091	0.00976	0.01436	0.01665	0.00804	0.02182	0.01263	0.03331	0.01034	0.01206	0.00804	0.00689	0.00459	0.00230	0.00574	0.00402	0.00459	0.00804
19	0.01131	0.00808	0.01122	0.01293	0.01436	0.00799	0.01084	0.01426	0.01645	0.02149	0.03966	0.22824	0.04414	0.02112	0.01008	0.00333	0.00627	0.50472	0.00685	0.00666
20	0.01650	0.01385	0.01599	0.01152	0.01806	0.01103	0.00925	0.07460	0.01707	0.02614	0.01359	0.01560	0.01114	0.00579	0.00566	0.00120	0.00573	0.00460	0.00466	0.71803

[dist]
# distance from previous block
# <min> <max>
0	1

[block]
# block no. 8 follows, 27 sequences, length 44
# corresponding to MSA columns:
# 295-338
name=unknown_I
#
# <colnr> <probs for GDERKNQSTAVLIFYWHMCP>
#	G	D	E	R	K	N	Q	S	T	A	V	L	I	F	Y	W	H	M	C	P
0	0.01957	0.04788	0.07428	0.02437	0.17193	0.01674	0.13875	0.09000	0.07570	0.07953	0.01680	0.01888	0.01279	0.00706	0.00713	0.00205	0.00841	0.00659	0.00493	0.17662
1	0.79154	0.01436	0.01091	0.00976	0.01436	0.01665	0.00804	0.02182	0.01263	0.03331	0.01034	0.01206	0.00804	0.00689	0.00459	0.00230	0.00574	0.00402	0.00459	0.00804
2	0.01017	0.00652	0.00884	0.00998	0.01026	0.00624	0.00657	0.01021	0.01277	0.01702	0.03230	0.49472	0.03801	0.08549	0.01687	0.20149	0.00510	0.01650	0.00575	0.00519
3	0.01846	0.01595	0.01679	0.01511	0.01930	0.01846	0.01175	0.03945	0.67938	0.03105	0.03022	0.02770	0.02266	0.01007	0.00755	0.00252	0.00588	0.00839	0.00755	0.01175
4	0.01096	0.00714	0.00822	0.00822	0.00822	0.00714	0.00465	0.01071	0.01071	0.01428	0.02259	0.04660	0.02592	0.68491	0.03712	0.06621	0.00714	0.01047	0.00440	0.00440
5	0.01771	0.23205	0.26849	0.02192	0.03023	0.02143	0.23281	0.04973	0.01690	0.02284	0.01321	0.01612	0.01018	0.00667	0.00698	0.00218	0.01050	0.00618	0.00353	0.01031
6	0.01029	0.00698	0.00825	0.00875	0.00887	0.00686	0.00519	0.01066	0.01179	0.01572	0.02848	0.24763	0.03341	0.53130	0.02957	0.00598	0.00636	0.01379	0.00519	0.00494
7	0.01539	0.01319	0.01539	0.01100	0.01759	0.00990	0.00880	0.01869	0.01539	0.02419	0.01319	0.01539	0.01100	0.00550	0.00550	0.00110	0.00550	0.00440	0.00440	0.78449
8	0.74929	0.01399	0.01086	0.00974	0.01418	0.01613	0.00798	0.02140	0.01309	0.03312	0.04705	0.01441	0.01139	0.00734	0.00482	0.00230	0.00562	0.00453	0.00479	0.00798
9	0.73124	0.01487	0.01181	0.01034	0.01504	0.01716	0.00852	0.07287	0.01439	0.03437	0.01093	0.01251	0.00840	0.00705	0.00482	0.00229	0.00593	0.00423	0.00482	0.00840
10	0.02309	0.01635	0.01647	0.01375	0.01764	0.10241	0.01073	0.23369	0.02325	0.16143	0.06875	0.03103	0.06305	0.10879	0.01283	0.04522	0.00761	0.02765	0.00669	0.00956
11	0.01957	0.70418	0.07587	0.01317	0.01978	0.02870	0.01353	0.02230	0.01512	0.01780	0.01049	0.01212	0.00952	0.00639	0.00489	0.00163	0.00811	0.00405	0.00317	0.00961
12	0.00936	0.00694	0.00875	0.00958	0.01072	0.00632	0.00669	0.01132	0.01641	0.02187	0.21004	0.44403	0.16990	0.02042	0.00917	0.00275	0.00401	0.01819	0.00721	0.00632
13	0.01042	0.00704	0.00821	0.00858	0.00867	0.00695	0.00501	0.01070	0.01153	0.01537	0.02715	0.19562	0.03173	0.58560	0.03171	0.00630	0.00658	0.01301	0.00501	0.00483
14	0.00952	0.00701	0.00867	0.00933	0.01044	0.00643	0.00644	0.01134	0.01607	0.02137	0.20469	0.37319	0.17562	0.09018	0.01192	0.00316	0.00429	0.01717	0.00697	0.00617
15	0.00902	0.00749	0.00789	0.00787	0.01020	0.00636	0.00587	0.01110	0.01738	0.02133	0.15720	0.09361	0.58218	0.01847	0.00880	0.00250	0.00375	0.01556	0.00707	0.00636
16	0.02009	0.00981	0.01239	0.01047	0.01424	0.00850	0.00830	0.02278	0.01978	0.32406	0.19460	0.04724	0.24966	0.01370	0.00819	0.00237	0.00484	0.01151	0.00821	0.00927
17	0.01051	0.00710	0.00825	0.00849	0.00863	0.00701	0.00497	0.01086	0.01175	0.01574	0.05381	0.15451	0.03219	0.59865	0.03221	0.00635	0.00660	0.01249	0.00502	0.00484
18	0.02822	0.02079	0.02228	0.01708	0.02302	0.02302	0.01411	0.66804	0.03490	0.04679	0.01782	0.01782	0.01262	0.00891	0.00743	0.00223	0.00817	0.00668	0.00743	0.01262
19	0.01075	0.00725	0.00836	0.00828	0.00853	0.00717	0.00486	0.01126	0.01227	0.01661	0.11926	0.04957	0.03319	0.63481	0.03360	0.00650	0.00666	0.01117	0.00503	0.00486
20	0.01044	0.00759	0.00982	0.00926	0.01105	0.00697	0.00695	0.01387	0.02084	0.02937	0.66354	0.05611	0.09563	0.01533	0.00876	0.00234	0.00351	0.01352	0.00812	0.00697
21	0.01038	0.00702	0.00822	0.00863	0.00873	0.00692	0.00507	0.01069	0.01161	0.01548	0.02756	0.21153	0.03224	0.56898	0.03106	0.00620	0.00651	0.01325	0.00507	0.00486
22	0.00877	0.00752	0.00752	0.00752	0.01003	0.00627	0.00564	0.01065	0.01692	0.02005	0.07520	0.07144	0.68978	0.01880	0.00877	0.00251	0.00376	0.01567	0.00689	0.00627
23	0.02822	0.02079	0.02228	0.01708	0.02302	0.02302	0.01411	0.66804	0.03490	0.04679	0.01782	0.01782	0.01262	0.00891	0.00743	0.00223	0.00817	0.00668	0.00743	0.01262
24	0.01930	0.01636	0.01726	0.01528	0.01962	0.01886	0.01195	0.09353	0.62393	0.03241	0.02915	0.02685	0.02180	0.00997	0.00754	0.00249	0.00607	0.00825	0.00754	0.01183
25	0.01019	0.00758	0.00949	0.00901	0.01090	0.00687	0.00676	0.01340	0.02027	0.02800	0.57732	0.05836	0.18271	0.01584	0.00876	0.00237	0.00355	0.01383	0.00794	0.00687
26	0.01196	0.00854	0.01196	0.01367	0.01538	0.00854	0.01196	0.01538	0.01709	0.02222	0.03931	0.08374	0.04272	0.02051	0.01025	0.00342	0.00684	0.64283	0.00684	0.00684
27	0.01080	0.00720	0.00810	0.00810	0.00810	0.00720	0.00450	0.01080	0.01080	0.01439	0.02339	0.04858	0.02699	0.73910	0.03779	0.00720	0.00720	0.01080	0.00450	0.00450
28	0.09015	0.01375	0.01694	0.01345	0.01887	0.01323	0.01100	0.07087	0.12553	0.50385	0.02731	0.02420	0.01792	0.00913	0.00725	0.00233	0.00631	0.00730	0.00847	0.01213
29	0.01846	0.01595	0.01679	0.01511	0.01930	0.01846	0.01175	0.03945	0.67938	0.03105	0.03022	0.02770	0.02266	0.01007	0.00755	0.00252	0.00588	0.00839	0.00755	0.01175
30	0.01846	0.01595	0.01679	0.01511	0.01930	0.01846	0.01175	0.03945	0.67938	0.03105	0.03022	0.02770	0.02266	0.01007	0.00755	0.00252	0.00588	0.00839	0.00755	0.01175
31	0.01067	0.00768	0.01056	0.01056	0.01141	0.00853	0.00757	0.01238	0.01152	0.01622	0.02114	0.03611	0.02158	0.30021	0.46928	0.01024	0.01535	0.00897	0.00416	0.00587
32	0.00910	0.00734	0.00800	0.00821	0.01019	0.00635	0.00595	0.01099	0.01670	0.02076	0.13769	0.17663	0.48765	0.04837	0.01006	0.00276	0.00396	0.01610	0.00694	0.00624
33	0.01051	0.00759	0.00992	0.00934	0.01109	0.00700	0.00700	0.01401	0.02101	0.02977	0.68888	0.05545	0.07005	0.01518	0.00876	0.00233	0.00350	0.01343	0.00817	0.00700
34	0.01289	0.00645	0.00967	0.00967	0.00967	0.00645	0.00645	0.00967	0.00967	0.01289	0.01289	0.02257	0.01289	0.02579	0.02901	0.78401	0.00645	0.00645	0.00322	0.00322
35	0.01837	0.01764	0.03013	0.04557	0.69279	0.01764	0.02278	0.02278	0.01690	0.02425	0.01396	0.01837	0.01176	0.00661	0.00735	0.00220	0.00882	0.00661	0.00367	0.01176
36	0.01101	0.00753	0.00990	0.00969	0.01130	0.00693	0.00712	0.01401	0.01956	0.05132	0.52555	0.20078	0.06368	0.01671	0.00886	0.00248	0.00378	0.01487	0.00793	0.00700
37	0.79154	0.01436	0.01091	0.00976	0.01436	0.01665	0.00804	0.02182	0.01263	0.03331	0.01034	0.01206	0.00804	0.00689	0.00459	0.00230	0.00574	0.00402	0.00459	0.00804
38	0.06485	0.01271	0.01697	0.01306	0.01876	0.01115	0.01079	0.03558	0.02089	0.67029	0.02850	0.02472	0.01795	0.00909	0.00735	0.00230	0.00629	0.00732	0.00900	0.01244
39	0.00877	0.00752	0.00752	0.00752	0.01003	0.00627	0.00564	0.01065	0.01692	0.02005	0.07520	0.07144	0.68978	0.01880	0.00877	0.00251	0.00376	0.01567	0.00689	0.00627
40	0.01624	0.01624	0.02274	0.01949	0.01949	0.02274	0.01624	0.01787	0.01137	0.01787	0.00975	0.01624	0.00975	0.01299	0.02436	0.00325	0.72552	0.00650	0.00325	0.00812
41	0.01080	0.00720	0.00810	0.00810	0.00810	0.00720	0.00450	0.01080	0.01080	0.01439	0.02339	0.04858	0.02699	0.73910	0.03779	0.00720	0.00720	0.01080	0.00450	0.00450
42	0.02773	0.03538	0.02104	0.01913	0.02295	0.70930	0.01434	0.02964	0.02104	0.01817	0.01148	0.01339	0.00956	0.00765	0.00669	0.00191	0.01339	0.00478	0.00383	0.00861
43	0.01528	0.09371	0.64873	0.02050	0.03110	0.01819	0.02627	0.02341	0.01563	0.02304	0.01309	0.01538	0.00941	0.00700	0.00687	0.00229	0.01073	0.00537	0.00314	0.01086

[dist]
# distance from previous block
# <min> <max>
0	1

# created by:
# /st0/software/busco_prod/Augustus/scripts/msa2prfl.pl ./align_prep/163146.fa
