[name]
unknown

[dist]
# distance from previous block
# <min> <max>
0	97

[block]
# block no. 0 follows, 29 sequences, length 128
# corresponding to MSA columns:
# 97-224
name=unknown_A
#
# <colnr> <probs for GDERKNQSTAVLIFYWHMCP>
#	G	D	E	R	K	N	Q	S	T	A	V	L	I	F	Y	W	H	M	C	P
0	0.01254	0.00840	0.01174	0.01309	0.01493	0.00831	0.01142	0.01579	0.01660	0.05710	0.03720	0.07741	0.03977	0.01911	0.00970	0.00322	0.00653	0.62362	0.00667	0.00685
1	0.03084	0.05137	0.01804	0.01298	0.01853	0.01243	0.01083	0.09217	0.02125	0.61441	0.02616	0.02293	0.01669	0.00865	0.00702	0.00216	0.00630	0.00692	0.00836	0.01196
2	0.01888	0.67907	0.03494	0.01238	0.01805	0.06176	0.01197	0.02109	0.01471	0.01686	0.01148	0.04961	0.01111	0.00700	0.00490	0.00161	0.00770	0.00470	0.00326	0.00892
3	0.01459	0.06308	0.65242	0.02049	0.03068	0.01705	0.05971	0.02252	0.01510	0.02234	0.01275	0.01511	0.00912	0.00670	0.00677	0.00223	0.01049	0.00537	0.00304	0.01042
4	0.02914	0.01293	0.01608	0.01261	0.01764	0.03778	0.01030	0.07811	0.02100	0.56112	0.06617	0.02513	0.01987	0.00905	0.00709	0.00216	0.00614	0.00732	0.04899	0.01137
5	0.02402	0.02808	0.01873	0.01679	0.02059	0.50769	0.01276	0.08513	0.11506	0.02168	0.01869	0.01936	0.06385	0.00858	0.00675	0.00199	0.01070	0.00602	0.00469	0.00884
6	0.01417	0.01355	0.02342	0.60589	0.13440	0.01608	0.05432	0.01891	0.01463	0.01910	0.01284	0.01882	0.00979	0.00696	0.00718	0.00234	0.00949	0.00644	0.00323	0.00844
7	0.02222	0.05139	0.01775	0.05119	0.02011	0.01607	0.01159	0.05675	0.39564	0.23696	0.02650	0.02438	0.01889	0.00905	0.00707	0.00229	0.00614	0.00742	0.00730	0.01128
8	0.03123	0.01228	0.01650	0.01276	0.01819	0.01083	0.01051	0.03486	0.05408	0.67614	0.02814	0.02435	0.01783	0.00886	0.00717	0.00221	0.00604	0.00721	0.00873	0.01208
9	0.01035	0.00692	0.00787	0.00787	0.00791	0.00696	0.00445	0.01042	0.01039	0.01388	0.02234	0.04607	0.02566	0.72993	0.05575	0.00703	0.00725	0.01028	0.00430	0.00437
10	0.01004	0.00766	0.01063	0.01091	0.01241	0.00719	0.03859	0.01237	0.01580	0.02093	0.16397	0.28795	0.13883	0.06405	0.01070	0.00302	0.00502	0.16714	0.00654	0.00626
11	0.01428	0.03683	0.71286	0.02030	0.03082	0.01654	0.02631	0.02255	0.01503	0.02255	0.01278	0.01503	0.00902	0.00677	0.00677	0.00226	0.01052	0.00526	0.00301	0.01052
12	0.00842	0.00721	0.00721	0.00721	0.00962	0.00601	0.00541	0.01022	0.01623	0.01924	0.07213	0.06853	0.70244	0.01803	0.00842	0.00240	0.00361	0.01503	0.00661	0.00601
13	0.01684	0.01910	0.04141	0.03065	0.06812	0.01796	0.64905	0.02276	0.01678	0.02283	0.01436	0.01913	0.01083	0.00602	0.00834	0.00239	0.01184	0.00831	0.00360	0.00968
14	0.61888	0.01364	0.01205	0.01026	0.01494	0.01506	0.00846	0.04537	0.01449	0.17000	0.01384	0.01432	0.00987	0.00712	0.00505	0.00220	0.00570	0.00461	0.00539	0.00875
15	0.01579	0.01396	0.02137	0.59274	0.04368	0.01704	0.01861	0.12928	0.01737	0.02263	0.01331	0.01857	0.00993	0.00751	0.00757	0.00235	0.02952	0.00634	0.00383	0.00861
16	0.01147	0.00820	0.01147	0.01311	0.01475	0.00820	0.01147	0.01475	0.01639	0.02131	0.03770	0.08032	0.04098	0.01967	0.00984	0.00328	0.00656	0.65741	0.00656	0.00656
17	0.00847	0.00722	0.00729	0.00727	0.00965	0.00604	0.00546	0.01033	0.01637	0.01956	0.09414	0.06799	0.68023	0.01791	0.00842	0.00240	0.00360	0.01495	0.00666	0.00604
18	0.01449	0.06873	0.68281	0.01993	0.03026	0.01705	0.02568	0.02250	0.01501	0.02229	0.01265	0.01487	0.00903	0.00674	0.00667	0.00222	0.01039	0.00520	0.00301	0.01046
19	0.01455	0.01252	0.01293	0.01245	0.01518	0.04540	0.00932	0.02619	0.38271	0.02482	0.03451	0.24046	0.08440	0.01391	0.00777	0.00250	0.00528	0.01200	0.03418	0.00893
20	0.01771	0.01530	0.01610	0.01449	0.01852	0.01771	0.01127	0.03784	0.69247	0.02979	0.02898	0.02657	0.02174	0.00966	0.00725	0.00242	0.00564	0.00805	0.00725	0.01127
21	0.54475	0.01327	0.01290	0.07529	0.01801	0.01464	0.00946	0.02399	0.01429	0.19361	0.01453	0.01528	0.01025	0.00718	0.00531	0.00222	0.00600	0.00487	0.00535	0.00879
22	0.01794	0.01752	0.02859	0.04281	0.68114	0.04185	0.02157	0.02209	0.01635	0.02306	0.01331	0.01745	0.01120	0.00638	0.00703	0.00210	0.00861	0.00628	0.00353	0.01117
23	0.00881	0.00629	0.00841	0.01006	0.01053	0.00590	0.00683	0.01014	0.01376	0.01832	0.03918	0.71435	0.04681	0.02219	0.00912	0.00291	0.00424	0.04972	0.00661	0.00582
24	0.01762	0.01692	0.02890	0.04371	0.70533	0.01692	0.02185	0.02185	0.01621	0.02326	0.01339	0.01762	0.01128	0.00634	0.00705	0.00211	0.00846	0.00634	0.00352	0.01128
25	0.01681	0.01921	0.04202	0.03001	0.03721	0.01801	0.67947	0.02281	0.01681	0.02281	0.01441	0.01921	0.01080	0.00600	0.00840	0.00240	0.01200	0.00840	0.00360	0.00960
26	0.01001	0.00722	0.00946	0.00901	0.01062	0.00667	0.00671	0.01326	0.01983	0.02803	0.66836	0.08789	0.06618	0.01495	0.00843	0.00227	0.00340	0.01325	0.00778	0.00667
27	0.01681	0.01921	0.04202	0.03001	0.03721	0.01801	0.67947	0.02281	0.01681	0.02281	0.01441	0.01921	0.01080	0.00600	0.00840	0.00240	0.01200	0.00840	0.00360	0.00960
28	0.02282	0.02616	0.01822	0.01645	0.02018	0.44156	0.01250	0.05214	0.21913	0.02246	0.04293	0.02025	0.03722	0.00866	0.00682	0.00205	0.00991	0.00630	0.00508	0.00915
29	0.01681	0.01921	0.04202	0.03001	0.03721	0.01801	0.67947	0.02281	0.01681	0.02281	0.01441	0.01921	0.01080	0.00600	0.00840	0.00240	0.01200	0.00840	0.00360	0.00960
30	0.01039	0.00778	0.01001	0.01117	0.01295	0.00740	0.00937	0.01310	0.01616	0.02049	0.04793	0.12036	0.23590	0.01936	0.00937	0.00300	0.00553	0.42680	0.00658	0.00635
31	0.01345	0.01266	0.02136	0.73264	0.04904	0.01582	0.01978	0.01819	0.01424	0.01819	0.01266	0.01898	0.00949	0.00712	0.00712	0.00237	0.00949	0.00633	0.00316	0.00791
32	0.06435	0.02779	0.01941	0.01702	0.02117	0.45797	0.01309	0.15859	0.10785	0.02516	0.01444	0.01536	0.01128	0.00784	0.00656	0.00199	0.01057	0.00535	0.00484	0.00937
33	0.01762	0.01692	0.02890	0.04371	0.70533	0.01692	0.02185	0.02185	0.01621	0.02326	0.01339	0.01762	0.01128	0.00634	0.00705	0.00211	0.00846	0.00634	0.00352	0.01128
34	0.01428	0.03683	0.71286	0.02030	0.03082	0.01654	0.02631	0.02255	0.01503	0.02255	0.01278	0.01503	0.00902	0.00677	0.00677	0.00226	0.01052	0.00526	0.00301	0.01052
35	0.48031	0.01432	0.01299	0.01140	0.01581	0.01631	0.00919	0.04944	0.21998	0.08124	0.01727	0.01723	0.01284	0.00776	0.00556	0.00227	0.00567	0.00546	0.00568	0.00926
36	0.01566	0.24468	0.51708	0.01794	0.02718	0.01991	0.02222	0.02219	0.01487	0.02087	0.01194	0.01399	0.00905	0.00657	0.00613	0.00204	0.00968	0.00484	0.00302	0.01012
37	0.01719	0.01647	0.02811	0.11567	0.63678	0.01680	0.02164	0.02147	0.01601	0.02273	0.01332	0.01777	0.01109	0.00643	0.00706	0.00214	0.00857	0.00634	0.00349	0.01093
38	0.01762	0.01692	0.02890	0.04371	0.70533	0.01692	0.02185	0.02185	0.01621	0.02326	0.01339	0.01762	0.01128	0.00634	0.00705	0.00211	0.00846	0.00634	0.00352	0.01128
39	0.01345	0.01266	0.02136	0.73264	0.04904	0.01582	0.01978	0.01819	0.01424	0.01819	0.01266	0.01898	0.00949	0.00712	0.00712	0.00237	0.00949	0.00633	0.00316	0.00791
40	0.03176	0.01241	0.01671	0.01281	0.01833	0.01091	0.01058	0.05920	0.02088	0.68507	0.02768	0.02397	0.01742	0.00880	0.00716	0.00220	0.00613	0.00713	0.00875	0.01212
41	0.01029	0.00717	0.00912	0.00912	0.00959	0.00764	0.00600	0.01122	0.01076	0.01481	0.02120	0.03975	0.02292	0.49381	0.28812	0.00857	0.01138	0.00935	0.00413	0.00507
42	0.00868	0.00620	0.00826	0.00991	0.01033	0.00578	0.00661	0.00991	0.01363	0.01818	0.03925	0.74510	0.04710	0.02231	0.00909	0.00289	0.00413	0.02024	0.00661	0.00578
43	0.01771	0.01530	0.01610	0.01449	0.01852	0.01771	0.01127	0.03784	0.69247	0.02979	0.02898	0.02657	0.02174	0.00966	0.00725	0.00242	0.00564	0.00805	0.00725	0.01127
44	0.00920	0.00657	0.00887	0.01052	0.01116	0.00624	0.00753	0.01083	0.01415	0.01877	0.03895	0.61954	0.04594	0.02181	0.00923	0.00296	0.00459	0.14059	0.00660	0.00593
45	0.01428	0.03683	0.71286	0.02030	0.03082	0.01654	0.02631	0.02255	0.01503	0.02255	0.01278	0.01503	0.00902	0.00677	0.00677	0.00226	0.01052	0.00526	0.00301	0.01052
46	0.01428	0.03683	0.71286	0.02030	0.03082	0.01654	0.02631	0.02255	0.01503	0.02255	0.01278	0.01503	0.00902	0.00677	0.00677	0.00226	0.01052	0.00526	0.00301	0.01052
47	0.00867	0.00624	0.00822	0.00981	0.01030	0.00579	0.00656	0.00993	0.01373	0.01822	0.04052	0.71897	0.07241	0.02214	0.00906	0.00287	0.00411	0.02004	0.00661	0.00579
48	0.04989	0.01520	0.02442	0.39258	0.29668	0.03788	0.04220	0.02018	0.01517	0.02086	0.01283	0.01796	0.01013	0.00677	0.00700	0.00225	0.00911	0.00624	0.00339	0.00925
49	0.01621	0.01731	0.03394	0.02436	0.03106	0.01587	0.47437	0.02129	0.01604	0.02270	0.01374	0.01788	0.01068	0.00605	0.00813	0.00207	0.03764	0.00720	0.00375	0.21971
50	0.00895	0.00641	0.00851	0.00973	0.01039	0.00597	0.00663	0.01061	0.01492	0.02023	0.17040	0.60810	0.05107	0.02077	0.00895	0.00276	0.00398	0.01878	0.00685	0.00597
51	0.01991	0.01534	0.01728	0.01279	0.01885	0.01420	0.01040	0.26492	0.02190	0.05423	0.01482	0.01595	0.01136	0.00661	0.00602	0.00149	0.00625	0.00513	0.00545	0.47709
52	0.01775	0.55323	0.20247	0.01439	0.02137	0.02511	0.01576	0.02148	0.01449	0.01819	0.01059	0.01245	0.00912	0.00647	0.00574	0.00176	0.03293	0.00425	0.00304	0.00943
53	0.01977	0.61133	0.07776	0.01344	0.01957	0.09005	0.01328	0.05087	0.01585	0.01841	0.01050	0.01203	0.00926	0.00635	0.00499	0.00162	0.00828	0.00408	0.00328	0.00928
54	0.01912	0.01498	0.01614	0.01431	0.01848	0.01699	0.01119	0.03753	0.62577	0.09732	0.02889	0.02634	0.02133	0.00958	0.00724	0.00239	0.00568	0.00796	0.00740	0.01135
55	0.02660	0.03394	0.02018	0.01834	0.02201	0.72116	0.01376	0.02843	0.02018	0.01743	0.01101	0.01284	0.00917	0.00734	0.00642	0.00183	0.01284	0.00459	0.00367	0.00825
56	0.01647	0.01399	0.01503	0.01359	0.01723	0.01592	0.01053	0.03386	0.58285	0.02959	0.13865	0.03091	0.02915	0.01046	0.00743	0.00239	0.00526	0.00884	0.00734	0.01053
57	0.01017	0.00763	0.01144	0.01144	0.01272	0.00890	0.00890	0.01272	0.01144	0.01653	0.01907	0.02797	0.01780	0.05340	0.72153	0.01144	0.01907	0.00763	0.00381	0.00636
58	0.01762	0.01692	0.02890	0.04371	0.70533	0.01692	0.02185	0.02185	0.01621	0.02326	0.01339	0.01762	0.01128	0.00634	0.00705	0.00211	0.00846	0.00634	0.00352	0.01128
59	0.02794	0.01855	0.02050	0.01572	0.02138	0.02001	0.01299	0.56609	0.03114	0.16368	0.01906	0.01837	0.01309	0.00860	0.00713	0.00215	0.00752	0.00654	0.00743	0.01211
60	0.00944	0.00743	0.00762	0.00745	0.00999	0.00621	0.00563	0.01129	0.01641	0.04940	0.07021	0.06659	0.67255	0.01763	0.00836	0.00240	0.00371	0.01468	0.00671	0.00628
61	0.80005	0.01377	0.01047	0.00936	0.01377	0.01597	0.00771	0.02093	0.01212	0.03195	0.00991	0.01157	0.00771	0.00661	0.00441	0.00220	0.00551	0.00386	0.00441	0.00771
62	0.01382	0.01304	0.02204	0.67060	0.10815	0.01592	0.01996	0.01852	0.01442	0.01865	0.01272	0.01886	0.00965	0.00705	0.00711	0.00235	0.00940	0.00633	0.00320	0.00821
63	0.01726	0.01478	0.01576	0.01439	0.01824	0.01702	0.01129	0.03615	0.64312	0.02917	0.02962	0.03049	0.02314	0.01039	0.00743	0.00248	0.00570	0.05545	0.00720	0.01093
64	0.01036	0.00690	0.00777	0.00777	0.00777	0.00690	0.00431	0.01036	0.01036	0.01381	0.02244	0.04660	0.02589	0.74975	0.03624	0.00690	0.00690	0.01036	0.00431	0.00431
65	0.00982	0.00713	0.00917	0.00893	0.01045	0.00657	0.00655	0.01272	0.01882	0.02627	0.56240	0.13800	0.10069	0.03923	0.00937	0.00248	0.00358	0.01382	0.00750	0.00649
66	0.00868	0.00620	0.00826	0.00991	0.01033	0.00578	0.00661	0.00991	0.01363	0.01818	0.03925	0.74510	0.04710	0.02231	0.00909	0.00289	0.00413	0.02024	0.00661	0.00578
67	0.01428	0.03683	0.71286	0.02030	0.03082	0.01654	0.02631	0.02255	0.01503	0.02255	0.01278	0.01503	0.00902	0.00677	0.00677	0.00226	0.01052	0.00526	0.00301	0.01052
68	0.01586	0.01345	0.01531	0.01148	0.01740	0.01146	0.00916	0.05446	0.12620	0.02536	0.01554	0.01681	0.01245	0.00615	0.00569	0.00133	0.00546	0.00495	0.00486	0.62660
69	0.01762	0.01692	0.02890	0.04371	0.70533	0.01692	0.02185	0.02185	0.01621	0.02326	0.01339	0.01762	0.01128	0.00634	0.00705	0.00211	0.00846	0.00634	0.00352	0.01128
70	0.02665	0.01658	0.01887	0.01467	0.02015	0.01727	0.01202	0.36828	0.10720	0.24223	0.02155	0.02024	0.01483	0.00856	0.00703	0.00212	0.00688	0.00670	0.00747	0.06070
71	0.01307	0.00905	0.01117	0.01013	0.01244	0.00892	0.00770	0.04287	0.10468	0.07199	0.52582	0.04644	0.05488	0.03825	0.00907	0.00241	0.00410	0.01158	0.00768	0.00775
72	0.00868	0.00620	0.00826	0.00991	0.01033	0.00578	0.00661	0.00991	0.01363	0.01818	0.03925	0.74510	0.04710	0.02231	0.00909	0.00289	0.00413	0.02024	0.00661	0.00578
73	0.01172	0.01229	0.10805	0.01382	0.01688	0.00935	0.03301	0.01572	0.01675	0.02248	0.12869	0.06526	0.06251	0.01671	0.00912	0.00293	0.00671	0.43464	0.00616	0.00720
74	0.09515	0.09633	0.06824	0.01638	0.02110	0.41615	0.01357	0.07099	0.04492	0.07467	0.01333	0.01442	0.01035	0.00740	0.00622	0.00194	0.01040	0.00494	0.00439	0.00911
75	0.01428	0.03683	0.71286	0.02030	0.03082	0.01654	0.02631	0.02255	0.01503	0.02255	0.01278	0.01503	0.00902	0.00677	0.00677	0.00226	0.01052	0.00526	0.00301	0.01052
76	0.01681	0.01921	0.04202	0.03001	0.03721	0.01801	0.67947	0.02281	0.01681	0.02281	0.01441	0.01921	0.01080	0.00600	0.00840	0.00240	0.01200	0.00840	0.00360	0.00960
77	0.01466	0.06244	0.63553	0.02074	0.03084	0.01709	0.07633	0.02252	0.01515	0.02235	0.01280	0.01522	0.00916	0.00668	0.00681	0.00224	0.01053	0.00545	0.00305	0.01040
78	0.01778	0.02029	0.03865	0.03042	0.10724	0.08121	0.54925	0.02321	0.01705	0.02237	0.01399	0.01847	0.01071	0.00616	0.00808	0.00232	0.01170	0.00784	0.00360	0.00966
79	0.01743	0.01672	0.02855	0.07558	0.67497	0.01687	0.02176	0.02168	0.01612	0.02303	0.01336	0.01769	0.01120	0.00638	0.00705	0.00213	0.00851	0.00634	0.00351	0.01112
80	0.00920	0.00642	0.00811	0.00924	0.00952	0.00614	0.00589	0.01005	0.01260	0.01680	0.03397	0.52576	0.04044	0.25074	0.01762	0.00415	0.00500	0.01714	0.00589	0.00532
81	0.01759	0.01701	0.02941	0.04318	0.67952	0.01696	0.04726	0.02189	0.01624	0.02325	0.01343	0.01768	0.01126	0.00633	0.00710	0.00213	0.00860	0.00642	0.00353	0.01121
82	0.01904	0.75404	0.03731	0.01218	0.01828	0.02818	0.01218	0.02132	0.01447	0.01675	0.00990	0.01142	0.00914	0.00609	0.00457	0.00152	0.00761	0.00381	0.00305	0.00914
83	0.14167	0.01903	0.01975	0.01534	0.02085	0.02118	0.01267	0.58364	0.03031	0.04296	0.01603	0.01628	0.01146	0.00826	0.00672	0.00215	0.00749	0.00603	0.00672	0.01146
84	0.01428	0.03683	0.71286	0.02030	0.03082	0.01654	0.02631	0.02255	0.01503	0.02255	0.01278	0.01503	0.00902	0.00677	0.00677	0.00226	0.01052	0.00526	0.00301	0.01052
85	0.02417	0.01502	0.01715	0.01420	0.01902	0.01600	0.01139	0.14784	0.35029	0.26373	0.02663	0.02414	0.01868	0.00918	0.00720	0.00230	0.00616	0.00747	0.00776	0.01170
86	0.03019	0.01337	0.01711	0.01329	0.01870	0.01253	0.01092	0.11754	0.07572	0.57098	0.02676	0.02351	0.01725	0.00885	0.00716	0.00221	0.00625	0.00714	0.00847	0.01205
87	0.00859	0.00719	0.00747	0.00747	0.00974	0.00607	0.00558	0.01052	0.01653	0.02011	0.13249	0.08919	0.61898	0.01783	0.00844	0.00240	0.00360	0.01499	0.00673	0.00607
88	0.05254	0.01359	0.01683	0.01329	0.01855	0.01315	0.01087	0.10917	0.13122	0.50208	0.02642	0.02341	0.01736	0.00885	0.00709	0.00223	0.00618	0.00712	0.00823	0.01184
89	0.04748	0.01854	0.01995	0.01563	0.02096	0.02043	0.01280	0.56028	0.07961	0.07316	0.01913	0.04609	0.01430	0.00912	0.00713	0.00219	0.00738	0.00703	0.00711	0.01168
90	0.00868	0.00620	0.00826	0.00991	0.01033	0.00578	0.00661	0.00991	0.01363	0.01818	0.03925	0.74510	0.04710	0.02231	0.00909	0.00289	0.00413	0.02024	0.00661	0.00578
91	0.01674	0.01980	0.06698	0.03011	0.05951	0.01791	0.63255	0.02277	0.01672	0.02281	0.01431	0.01900	0.01075	0.00604	0.00830	0.00239	0.01183	0.00821	0.00358	0.00970
92	0.01997	0.01569	0.01681	0.01429	0.01876	0.01744	0.01133	0.19224	0.43646	0.06407	0.02821	0.02639	0.06137	0.00973	0.00722	0.00229	0.00605	0.00792	0.00715	0.03661
93	0.02707	0.01995	0.02137	0.01638	0.02208	0.02208	0.01353	0.68159	0.03348	0.04488	0.01710	0.01710	0.01211	0.00855	0.00712	0.00214	0.00784	0.00641	0.00712	0.01211
94	0.01725	0.01653	0.02822	0.10575	0.64623	0.01682	0.02167	0.02152	0.01604	0.02281	0.01333	0.01775	0.01112	0.00641	0.00706	0.00214	0.00855	0.00634	0.00349	0.01098
95	0.01428	0.03683	0.71286	0.02030	0.03082	0.01654	0.02631	0.02255	0.01503	0.02255	0.01278	0.01503	0.00902	0.00677	0.00677	0.00226	0.01052	0.00526	0.00301	0.01052
96	0.01090	0.00880	0.01183	0.01175	0.01313	0.04058	0.00912	0.01341	0.01183	0.01657	0.01871	0.02730	0.01742	0.05136	0.68973	0.01102	0.01880	0.00749	0.00381	0.00644
97	0.00874	0.00633	0.00829	0.00983	0.01042	0.00587	0.00668	0.01008	0.01389	0.01834	0.04141	0.67929	0.09098	0.02194	0.00907	0.00287	0.00417	0.03937	0.00661	0.00582
98	0.01449	0.06814	0.68337	0.01994	0.03027	0.01705	0.02569	0.02250	0.01501	0.02230	0.01265	0.01488	0.00903	0.00674	0.00667	0.00222	0.01040	0.00520	0.00301	0.01046
99	0.01741	0.01670	0.02852	0.07825	0.67242	0.01686	0.02175	0.02167	0.01611	0.02301	0.01336	0.01769	0.01119	0.00638	0.00705	0.00213	0.00851	0.00634	0.00351	0.01111
100	0.01668	0.01862	0.03871	0.02910	0.06443	0.01847	0.56086	0.02200	0.01599	0.02207	0.01368	0.01865	0.01063	0.00689	0.01036	0.00248	0.10940	0.00802	0.00353	0.00943
101	0.01116	0.00868	0.01151	0.03580	0.04621	0.00860	0.01011	0.01501	0.05679	0.02145	0.08172	0.14543	0.17575	0.01772	0.00900	0.00286	0.00561	0.32325	0.00644	0.00691
102	0.11380	0.01271	0.01604	0.01252	0.01786	0.01176	0.01032	0.05798	0.04377	0.58794	0.02575	0.02269	0.01650	0.00860	0.00687	0.00221	0.00605	0.00681	0.00822	0.01161
103	0.01449	0.06814	0.68337	0.01994	0.03027	0.01705	0.02569	0.02250	0.01501	0.02230	0.01265	0.01488	0.00903	0.00674	0.00667	0.00222	0.01040	0.00520	0.00301	0.01046
104	0.01008	0.00728	0.00952	0.00896	0.01064	0.00672	0.00672	0.01344	0.02016	0.02855	0.70158	0.05319	0.06719	0.01456	0.00840	0.00224	0.00336	0.01288	0.00784	0.00672
105	0.01428	0.03683	0.71286	0.02030	0.03082	0.01654	0.02631	0.02255	0.01503	0.02255	0.01278	0.01503	0.00902	0.00677	0.00677	0.00226	0.01052	0.00526	0.00301	0.01052
106	0.02571	0.03029	0.01989	0.01770	0.02165	0.56307	0.01347	0.10732	0.09319	0.02201	0.01364	0.01481	0.01086	0.00773	0.00659	0.00193	0.01148	0.00517	0.00446	0.00904
107	0.02662	0.03331	0.02023	0.01826	0.02202	0.69008	0.01375	0.05748	0.02077	0.01865	0.01128	0.01303	0.00930	0.00739	0.00645	0.00185	0.01262	0.00467	0.00382	0.00843
108	0.00878	0.00624	0.00823	0.00978	0.01016	0.00586	0.00646	0.00994	0.01342	0.01790	0.03816	0.70004	0.04573	0.06924	0.01084	0.00315	0.00431	0.01961	0.00646	0.00569
109	0.01458	0.01292	0.02164	0.65285	0.09190	0.01565	0.01948	0.01920	0.01466	0.05055	0.01342	0.01914	0.00999	0.00715	0.00712	0.00235	0.00926	0.00637	0.00345	0.00833
110	0.01428	0.03683	0.71286	0.02030	0.03082	0.01654	0.02631	0.02255	0.01503	0.02255	0.01278	0.01503	0.00902	0.00677	0.00677	0.00226	0.01052	0.00526	0.00301	0.01052
111	0.00868	0.00620	0.00826	0.00991	0.01033	0.00578	0.00661	0.00991	0.01363	0.01818	0.03925	0.74510	0.04710	0.02231	0.00909	0.00289	0.00413	0.02024	0.00661	0.00578
112	0.00868	0.00620	0.00826	0.00991	0.01033	0.00578	0.00661	0.00991	0.01363	0.01818	0.03925	0.74510	0.04710	0.02231	0.00909	0.00289	0.00413	0.02024	0.00661	0.00578
113	0.01743	0.02008	0.03989	0.02886	0.03559	0.06542	0.61296	0.02300	0.01684	0.02226	0.01401	0.01866	0.01065	0.00630	0.00876	0.00239	0.03580	0.00808	0.00359	0.00945
114	0.01640	0.01856	0.04032	0.02900	0.03587	0.01739	0.64573	0.02216	0.01665	0.02258	0.01565	0.05561	0.01262	0.00682	0.00844	0.00243	0.01161	0.00900	0.00375	0.00941
115	0.01824	0.63391	0.15046	0.01354	0.02038	0.02623	0.01455	0.02153	0.01456	0.01772	0.01038	0.01203	0.00912	0.00620	0.00494	0.00165	0.00810	0.00405	0.00304	0.00937
116	0.01477	0.01266	0.01477	0.01055	0.01687	0.00949	0.00844	0.01793	0.01477	0.02320	0.01266	0.01477	0.01055	0.00527	0.00527	0.00105	0.00527	0.00422	0.00422	0.79328
117	0.71363	0.01404	0.01134	0.00996	0.01444	0.01612	0.00818	0.05082	0.03741	0.05449	0.01149	0.01275	0.00872	0.00687	0.00472	0.00221	0.00563	0.00422	0.00477	0.00817
118	0.00862	0.00642	0.00803	0.00933	0.01017	0.00583	0.00635	0.00998	0.01420	0.01841	0.04640	0.59786	0.18972	0.02138	0.00894	0.00279	0.00402	0.01911	0.00661	0.00583
119	0.03144	0.01223	0.01651	0.01273	0.01819	0.01072	0.01049	0.03481	0.04418	0.68617	0.02812	0.02432	0.01777	0.00884	0.00716	0.00221	0.00604	0.00719	0.00876	0.01209
120	0.01419	0.01398	0.02536	0.58345	0.06691	0.01625	0.14017	0.01915	0.01477	0.01919	0.01300	0.01898	0.00979	0.00689	0.00735	0.00237	0.00992	0.00671	0.00325	0.00832
121	0.01681	0.01921	0.04202	0.03001	0.03721	0.01801	0.67947	0.02281	0.01681	0.02281	0.01441	0.01921	0.01080	0.00600	0.00840	0.00240	0.01200	0.00840	0.00360	0.00960
122	0.00842	0.00721	0.00721	0.00721	0.00962	0.00601	0.00541	0.01022	0.01623	0.01924	0.07213	0.06853	0.70244	0.01803	0.00842	0.00240	0.00361	0.01503	0.00661	0.00601
123	0.01147	0.00820	0.01147	0.01311	0.01475	0.00820	0.01147	0.01475	0.01639	0.02131	0.03770	0.08032	0.04098	0.01967	0.00984	0.00328	0.00656	0.65741	0.00656	0.00656
124	0.02597	0.01906	0.02050	0.01600	0.02147	0.02110	0.01313	0.57311	0.12194	0.06510	0.01907	0.01861	0.01359	0.00871	0.00714	0.00218	0.00748	0.00666	0.00720	0.01200
125	0.01128	0.00806	0.01125	0.01289	0.01445	0.00803	0.01114	0.01442	0.01620	0.02110	0.03781	0.12580	0.04140	0.01985	0.00978	0.00325	0.00639	0.61381	0.00656	0.00650
126	0.02624	0.02150	0.02049	0.01639	0.02159	0.13524	0.01324	0.48975	0.09581	0.06145	0.01765	0.01758	0.01277	0.00847	0.00702	0.00212	0.00837	0.00630	0.00663	0.01140
127	0.01018	0.00740	0.00967	0.00943	0.01114	0.00688	0.00730	0.01345	0.01945	0.02711	0.58041	0.05762	0.09551	0.01542	0.00859	0.00239	0.00380	0.09998	0.00760	0.00666

[dist]
# distance from previous block
# <min> <max>
0	12

# created by:
# /st0/software/busco_prod/Augustus/scripts/msa2prfl.pl ./align_prep/163381.fa
