[name]
unknown

[dist]
# distance from previous block
# <min> <max>
3	17

[block]
# block no. 0 follows, 28 sequences, length 14
# corresponding to MSA columns:
# 21-34
name=unknown_A
#
# <colnr> <probs for GDERKNQSTAVLIFYWHMCP>
#	G	D	E	R	K	N	Q	S	T	A	V	L	I	F	Y	W	H	M	C	P
0	0.01373	0.01028	0.01207	0.01126	0.01268	0.01110	0.00806	0.13870	0.01656	0.02219	0.02932	0.23320	0.08053	0.27502	0.02008	0.00424	0.07590	0.01258	0.00567	0.00683
1	0.01464	0.01370	0.02214	0.01777	0.02063	0.03895	0.20733	0.01797	0.01501	0.02170	0.08292	0.07163	0.02131	0.06971	0.04468	0.00325	0.16763	0.00899	0.13228	0.00775
2	0.01583	0.01010	0.01231	0.01067	0.01372	0.00970	0.00842	0.04786	0.01833	0.16491	0.16651	0.06536	0.28756	0.01423	0.00958	0.00238	0.07451	0.01156	0.00700	0.04948
3	0.01627	0.01232	0.01464	0.01107	0.01676	0.00974	0.00874	0.01995	0.04205	0.08897	0.01778	0.08816	0.01560	0.00763	0.00603	0.00143	0.00536	0.00637	0.00512	0.60600
4	0.01941	0.02066	0.02804	0.10376	0.44027	0.16239	0.07522	0.02343	0.01725	0.02197	0.01318	0.01725	0.01085	0.00673	0.00719	0.00215	0.00997	0.00628	0.00360	0.01040
5	0.08354	0.01329	0.01681	0.01293	0.01855	0.01215	0.01066	0.09494	0.02115	0.55133	0.02532	0.02253	0.01630	0.00859	0.00699	0.00217	0.00627	0.00681	0.00822	0.06146
6	0.00936	0.00677	0.00938	0.05805	0.01314	0.00661	0.00763	0.01066	0.01375	0.01828	0.03697	0.65824	0.04386	0.02185	0.01003	0.03943	0.00468	0.01905	0.00635	0.00592
7	0.01603	0.01334	0.01553	0.01142	0.01749	0.01094	0.00917	0.08382	0.01677	0.02547	0.01379	0.01617	0.01140	0.00884	0.05075	0.00186	0.00654	0.00475	0.00458	0.66132
8	0.02335	0.01697	0.01828	0.01423	0.01927	0.01809	0.01154	0.47365	0.02812	0.03899	0.01802	0.02003	0.01374	0.04725	0.00833	0.00224	0.00702	0.00652	0.10913	0.10523
9	0.00937	0.00691	0.00875	0.00977	0.01075	0.00626	0.00660	0.01073	0.01400	0.01869	0.04002	0.58472	0.10114	0.07089	0.01086	0.00306	0.00444	0.01841	0.00642	0.05820
10	0.02160	0.01687	0.01804	0.01400	0.01916	0.04078	0.01120	0.37037	0.02494	0.03413	0.01656	0.02007	0.01344	0.08259	0.03908	0.00273	0.00781	0.00629	0.00587	0.23447
11	0.01738	0.01410	0.01875	0.08215	0.02186	0.01477	0.06133	0.18893	0.01991	0.04271	0.04870	0.13438	0.03819	0.01212	0.02826	0.00250	0.07971	0.00903	0.00552	0.15968
12	0.01869	0.01521	0.01938	0.11223	0.11472	0.01579	0.01363	0.21777	0.05162	0.02955	0.01767	0.07722	0.01504	0.00874	0.00737	0.00203	0.02758	0.00723	0.03307	0.19546
13	0.01669	0.01492	0.02173	0.17938	0.08752	0.01545	0.07632	0.10895	0.01773	0.02497	0.03567	0.01996	0.03294	0.00783	0.00852	0.00204	0.07836	0.00649	0.00442	0.24011

[dist]
# distance from previous block
# <min> <max>
23	42

[block]
# block no. 1 follows, 28 sequences, length 16
# corresponding to MSA columns:
# 80-95
name=unknown_B
#
# <colnr> <probs for GDERKNQSTAVLIFYWHMCP>
#	G	D	E	R	K	N	Q	S	T	A	V	L	I	F	Y	W	H	M	C	P
0	0.01314	0.01294	0.03567	0.01237	0.01382	0.09732	0.03054	0.01469	0.01407	0.01791	0.06948	0.18160	0.08246	0.25594	0.01979	0.00408	0.10115	0.01168	0.00500	0.00636
1	0.21440	0.12103	0.01839	0.05556	0.01866	0.01770	0.01065	0.13783	0.09379	0.06768	0.01666	0.02062	0.01378	0.10350	0.01032	0.00276	0.02099	0.00615	0.00526	0.04429
2	0.11971	0.01423	0.05429	0.01241	0.01601	0.05805	0.01009	0.06103	0.09855	0.15190	0.04945	0.19690	0.02534	0.05352	0.00897	0.00267	0.00624	0.01024	0.04152	0.00886
3	0.02070	0.07622	0.02455	0.02552	0.24137	0.18812	0.05234	0.13282	0.02042	0.02496	0.02130	0.02307	0.09995	0.00862	0.00712	0.00210	0.00911	0.00712	0.00463	0.00994
4	0.01737	0.01736	0.02397	0.03346	0.45753	0.10585	0.01791	0.02101	0.01694	0.02252	0.06880	0.02398	0.05450	0.01232	0.07239	0.00302	0.00954	0.00736	0.00415	0.01000
5	0.01995	0.01542	0.01682	0.01412	0.01828	0.01688	0.01112	0.26797	0.24140	0.04638	0.02666	0.08032	0.06058	0.05739	0.00974	0.00262	0.02461	0.00883	0.00683	0.05408
6	0.12921	0.02055	0.01751	0.01477	0.01909	0.19819	0.01169	0.26194	0.02360	0.06898	0.03770	0.05115	0.07919	0.00988	0.00731	0.00220	0.02416	0.00731	0.00593	0.00965
7	0.01065	0.00724	0.00933	0.01023	0.01088	0.00708	0.00689	0.05038	0.01425	0.01901	0.03348	0.53631	0.03923	0.09148	0.01430	0.10541	0.00499	0.01697	0.00609	0.00579
8	0.05276	0.01223	0.01591	0.01256	0.01758	0.01114	0.01025	0.05638	0.05097	0.54033	0.11438	0.02801	0.02423	0.00972	0.00739	0.00226	0.00586	0.00798	0.00859	0.01147
9	0.01119	0.00798	0.00900	0.00873	0.01114	0.00706	0.00654	0.01405	0.04377	0.07597	0.16920	0.14232	0.43203	0.01725	0.00852	0.00247	0.00398	0.01469	0.00717	0.00694
10	0.01802	0.01847	0.03506	0.07930	0.03396	0.01861	0.43917	0.10682	0.01850	0.02535	0.01435	0.01871	0.01095	0.00711	0.00953	0.00240	0.07716	0.00770	0.00410	0.05472
11	0.01421	0.00818	0.01043	0.00973	0.01200	0.00734	0.00725	0.01668	0.01821	0.15915	0.30639	0.17570	0.15214	0.05681	0.01005	0.00270	0.00437	0.01356	0.00757	0.00753
12	0.69424	0.01383	0.01151	0.01001	0.01466	0.01556	0.00825	0.02324	0.01349	0.12205	0.01259	0.01353	0.00922	0.00705	0.00487	0.00225	0.00570	0.00439	0.00510	0.00847
13	0.08344	0.01256	0.01519	0.01280	0.01726	0.01243	0.01017	0.03191	0.19370	0.38762	0.02899	0.11734	0.02224	0.01084	0.00738	0.00240	0.00577	0.00903	0.00794	0.01096
14	0.01107	0.00715	0.00918	0.00954	0.01054	0.00671	0.00650	0.01274	0.01542	0.06203	0.21484	0.35569	0.04707	0.17955	0.01510	0.00363	0.00475	0.01556	0.00671	0.00623
15	0.01222	0.00726	0.00956	0.01020	0.01134	0.00671	0.00703	0.01369	0.01491	0.10792	0.07992	0.53039	0.04328	0.09488	0.01183	0.00324	0.00471	0.01739	0.00688	0.00665

[dist]
# distance from previous block
# <min> <max>
4	7

[block]
# block no. 2 follows, 28 sequences, length 11
# corresponding to MSA columns:
# 103-113
name=unknown_C
#
# <colnr> <probs for GDERKNQSTAVLIFYWHMCP>
#	G	D	E	R	K	N	Q	S	T	A	V	L	I	F	Y	W	H	M	C	P
0	0.09100	0.01968	0.14969	0.02036	0.05584	0.01578	0.19026	0.02112	0.01512	0.04251	0.01397	0.03687	0.01141	0.00754	0.00897	0.00217	0.09853	0.00650	0.00396	0.18873
1	0.01970	0.01314	0.01580	0.01155	0.01778	0.01052	0.00933	0.05315	0.01729	0.18118	0.01676	0.01741	0.01250	0.00637	0.00592	0.00140	0.00569	0.00510	0.00552	0.57388
2	0.02578	0.01072	0.01454	0.01198	0.01623	0.00939	0.00954	0.02840	0.01959	0.50319	0.11279	0.15128	0.02940	0.01209	0.00780	0.00237	0.00551	0.01032	0.00849	0.01058
3	0.01332	0.00757	0.00999	0.01048	0.01180	0.00701	0.00737	0.01479	0.01480	0.13597	0.03571	0.48946	0.03967	0.11750	0.01271	0.00340	0.00507	0.04973	0.00682	0.00685
4	0.02974	0.01298	0.01780	0.01399	0.01865	0.01267	0.01158	0.03234	0.01914	0.58620	0.02539	0.02322	0.01654	0.00964	0.01015	0.00241	0.13080	0.00715	0.00800	0.01161
5	0.01117	0.01550	0.19606	0.01197	0.01621	0.00943	0.01201	0.01570	0.01855	0.02602	0.41541	0.04631	0.15083	0.01329	0.00813	0.00232	0.00543	0.01141	0.00649	0.00779
6	0.01808	0.01561	0.01644	0.01479	0.01890	0.01808	0.01151	0.03863	0.68606	0.03041	0.02959	0.02712	0.02219	0.00986	0.00740	0.00247	0.00575	0.00822	0.00740	0.01151
7	0.79588	0.01406	0.01068	0.00956	0.01406	0.01631	0.00787	0.02137	0.01237	0.03261	0.01012	0.01181	0.00787	0.00675	0.00450	0.00225	0.00562	0.00394	0.00450	0.00787
8	0.01168	0.01353	0.13284	0.01313	0.01673	0.00952	0.04980	0.01612	0.01881	0.02648	0.42469	0.05029	0.05036	0.01387	0.00854	0.00248	0.00577	0.12103	0.00667	0.00767
9	0.02567	0.03212	0.01975	0.01821	0.02176	0.64752	0.01382	0.02769	0.02023	0.01817	0.01385	0.01972	0.01248	0.00870	0.00689	0.00201	0.01249	0.06662	0.00403	0.00826
10	0.02020	0.06384	0.10191	0.01801	0.05119	0.35651	0.01462	0.02306	0.01678	0.01832	0.01349	0.01803	0.01184	0.04294	0.15324	0.00418	0.05413	0.00574	0.00365	0.00833

[dist]
# distance from previous block
# <min> <max>
1	2

[block]
# block no. 3 follows, 28 sequences, length 102
# corresponding to MSA columns:
# 116-217
name=unknown_D
#
# <colnr> <probs for GDERKNQSTAVLIFYWHMCP>
#	G	D	E	R	K	N	Q	S	T	A	V	L	I	F	Y	W	H	M	C	P
0	0.01496	0.05404	0.37534	0.02004	0.02851	0.01571	0.16283	0.02139	0.01594	0.02304	0.04306	0.02012	0.04331	0.00732	0.00710	0.00213	0.00956	0.00662	0.00375	0.12523
1	0.01797	0.53483	0.23937	0.01493	0.02251	0.02519	0.01678	0.02214	0.01494	0.01888	0.01099	0.01277	0.00929	0.00643	0.00534	0.00178	0.00867	0.00433	0.00310	0.00975
2	0.00890	0.00639	0.00837	0.00994	0.01043	0.00595	0.00662	0.01015	0.01393	0.01846	0.04097	0.68994	0.07501	0.04482	0.01010	0.00306	0.00428	0.02013	0.00668	0.00587
3	0.01763	0.01374	0.01488	0.01272	0.01652	0.01469	0.01004	0.24443	0.18300	0.03260	0.14065	0.06635	0.17676	0.01268	0.00788	0.00236	0.00563	0.01051	0.00728	0.00965
4	0.01769	0.01135	0.01382	0.01205	0.01420	0.01213	0.00901	0.23141	0.04182	0.02500	0.04574	0.02219	0.01541	0.01876	0.01977	0.46462	0.00672	0.00677	0.00489	0.00667
5	0.01163	0.00827	0.01019	0.00947	0.01166	0.00778	0.00718	0.01610	0.07076	0.05837	0.51906	0.05328	0.15895	0.01476	0.00843	0.00232	0.00377	0.01284	0.00781	0.00735
6	0.00908	0.00658	0.00858	0.00978	0.01055	0.00608	0.00669	0.01074	0.01519	0.02038	0.15100	0.58237	0.09373	0.02118	0.00912	0.00281	0.00405	0.01907	0.00696	0.00608
7	0.01030	0.00864	0.00913	0.00912	0.01153	0.00819	0.00678	0.01532	0.13351	0.02135	0.06034	0.17361	0.47049	0.01763	0.00850	0.00254	0.00413	0.01498	0.00686	0.00704
8	0.01819	0.14016	0.03992	0.02821	0.09335	0.01972	0.48013	0.02340	0.01684	0.04775	0.01437	0.01834	0.01105	0.00628	0.00776	0.00227	0.01096	0.00756	0.00377	0.00997
9	0.01294	0.00924	0.01087	0.01068	0.01255	0.00923	0.00779	0.13733	0.01825	0.02436	0.06827	0.37570	0.14586	0.01856	0.00996	0.06015	0.00493	0.01508	0.04118	0.00705
10	0.54690	0.01351	0.01270	0.01066	0.01553	0.01447	0.00879	0.02595	0.01512	0.25170	0.01617	0.01603	0.01117	0.00748	0.00542	0.00225	0.00581	0.00504	0.00597	0.00934
11	0.00882	0.00733	0.00771	0.00770	0.00998	0.00622	0.00574	0.01084	0.01698	0.02081	0.15191	0.09325	0.59146	0.01812	0.00861	0.00245	0.00367	0.01526	0.00691	0.00622
12	0.04928	0.01121	0.01248	0.01083	0.01404	0.01126	0.00849	0.18568	0.02236	0.05774	0.26096	0.07645	0.22255	0.01401	0.00804	0.00233	0.00493	0.01174	0.00730	0.00831
13	0.05850	0.01280	0.01611	0.01308	0.01783	0.01215	0.01062	0.13679	0.02160	0.44831	0.02799	0.11932	0.02163	0.01115	0.00757	0.00238	0.00623	0.03672	0.00813	0.01109
14	0.01083	0.00746	0.00857	0.00841	0.00886	0.00746	0.00510	0.01222	0.03943	0.01725	0.13477	0.04786	0.03325	0.59386	0.03109	0.00607	0.00639	0.01090	0.00512	0.00510
15	0.10203	0.00758	0.00904	0.00886	0.00952	0.00779	0.00581	0.01161	0.01114	0.01686	0.07275	0.03331	0.02198	0.29720	0.02729	0.33403	0.00628	0.00823	0.00419	0.00448
16	0.01038	0.00779	0.01168	0.01168	0.01298	0.00909	0.00909	0.01298	0.01168	0.01687	0.01947	0.02856	0.01817	0.05452	0.71573	0.01168	0.01947	0.00779	0.00389	0.00649
17	0.01057	0.00705	0.00793	0.00793	0.00793	0.00705	0.00440	0.01057	0.01057	0.01409	0.02290	0.04757	0.02643	0.74454	0.03700	0.00705	0.00705	0.01057	0.00440	0.00440
18	0.00885	0.00636	0.00840	0.01002	0.01052	0.00591	0.00670	0.01013	0.01401	0.01859	0.04127	0.71564	0.07145	0.02262	0.00925	0.00293	0.00420	0.02047	0.00675	0.00591
19	0.00974	0.00733	0.00901	0.00875	0.01056	0.00660	0.00650	0.01260	0.01905	0.02590	0.48591	0.10744	0.23123	0.01635	0.00863	0.00238	0.00355	0.01426	0.00758	0.00660
20	0.01559	0.00876	0.01173	0.01179	0.01421	0.00836	0.00991	0.01886	0.01791	0.15007	0.13858	0.06005	0.03870	0.01573	0.00867	0.00277	0.00566	0.34884	0.10602	0.00778
21	0.01507	0.01292	0.01507	0.01077	0.01723	0.00969	0.00861	0.01830	0.01507	0.02369	0.01292	0.01507	0.01077	0.00538	0.00538	0.00108	0.00538	0.00431	0.00431	0.78898
22	0.01507	0.01292	0.01507	0.01077	0.01723	0.00969	0.00861	0.01830	0.01507	0.02369	0.01292	0.01507	0.01077	0.00538	0.00538	0.00108	0.00538	0.00431	0.00431	0.78898
23	0.00994	0.00759	0.00811	0.00802	0.01032	0.00654	0.00601	0.01181	0.01642	0.04660	0.09283	0.06627	0.55258	0.07818	0.01097	0.00287	0.00421	0.04773	0.00670	0.00630
24	0.00860	0.00732	0.00741	0.00747	0.00985	0.00613	0.00557	0.01042	0.01646	0.01959	0.07228	0.09696	0.67011	0.01859	0.00862	0.00247	0.00370	0.01556	0.00675	0.00613
25	0.01148	0.00820	0.01145	0.01312	0.01470	0.00817	0.01131	0.01466	0.01651	0.02150	0.03861	0.13491	0.04234	0.02030	0.00998	0.00331	0.00649	0.59962	0.00670	0.00663
26	0.02371	0.02781	0.01867	0.01694	0.02054	0.49459	0.01282	0.06786	0.09895	0.02108	0.01806	0.04686	0.04288	0.01138	0.04397	0.00254	0.01150	0.00647	0.00465	0.00873
27	0.01263	0.00631	0.00947	0.00947	0.00947	0.00631	0.00631	0.00947	0.00947	0.01263	0.01263	0.02210	0.01263	0.02525	0.02841	0.78851	0.00631	0.00631	0.00316	0.00316
28	0.00896	0.00640	0.00855	0.01024	0.01071	0.00599	0.00693	0.01030	0.01402	0.01867	0.04001	0.71600	0.04785	0.02268	0.00931	0.00297	0.00431	0.04344	0.00675	0.00593
29	0.01358	0.01203	0.02014	0.63018	0.04458	0.01482	0.01831	0.01734	0.01385	0.01777	0.01288	0.01975	0.01009	0.00970	0.01012	0.10855	0.00923	0.00644	0.00322	0.00741
30	0.01276	0.01115	0.01570	0.02024	0.22794	0.01080	0.01167	0.01730	0.07296	0.02411	0.20174	0.06841	0.25006	0.01322	0.00807	0.00234	0.00537	0.01160	0.00612	0.00844
31	0.01373	0.01292	0.02180	0.72707	0.05006	0.01615	0.02019	0.01857	0.01453	0.01857	0.01292	0.01938	0.00969	0.00727	0.00727	0.00242	0.00969	0.00646	0.00323	0.00807
32	0.01254	0.00635	0.00940	0.00940	0.00940	0.00635	0.00623	0.00952	0.00952	0.01269	0.01308	0.02323	0.01324	0.05718	0.02879	0.75383	0.00635	0.00650	0.00321	0.00321
33	0.01039	0.00776	0.01152	0.01152	0.01277	0.00900	0.00889	0.01288	0.01163	0.01676	0.01962	0.02937	0.01852	0.08390	0.68683	0.01148	0.01894	0.00791	0.00392	0.00640
34	0.01538	0.01555	0.05187	0.43999	0.29577	0.01660	0.02126	0.02017	0.01533	0.02071	0.01321	0.01869	0.01036	0.00695	0.00723	0.00232	0.00933	0.00642	0.00336	0.00949
35	0.01373	0.01292	0.02180	0.72707	0.05006	0.01615	0.02019	0.01857	0.01453	0.01857	0.01292	0.01938	0.00969	0.00727	0.00727	0.00242	0.00969	0.00646	0.00323	0.00807
36	0.08601	0.15508	0.02618	0.02630	0.26847	0.27882	0.01627	0.02463	0.01739	0.02107	0.01183	0.01453	0.01002	0.00683	0.00628	0.00195	0.00989	0.00513	0.00364	0.00967
37	0.00919	0.00649	0.00840	0.00972	0.01012	0.00613	0.00636	0.01033	0.01361	0.01821	0.06171	0.59930	0.04525	0.14226	0.01385	0.00361	0.00466	0.01871	0.00641	0.00569
38	0.00952	0.00666	0.00847	0.00945	0.00984	0.00643	0.00612	0.01055	0.01315	0.01767	0.06826	0.46396	0.04136	0.24607	0.04419	0.00451	0.00562	0.01668	0.00598	0.00551
39	0.01458	0.03760	0.70688	0.02072	0.03146	0.01688	0.02686	0.02302	0.01535	0.02302	0.01304	0.01535	0.00921	0.00691	0.00691	0.00230	0.01074	0.00537	0.00307	0.01074
40	0.01171	0.00837	0.01171	0.01339	0.01506	0.00837	0.01171	0.01506	0.01673	0.02175	0.03849	0.08199	0.04183	0.02008	0.01004	0.00335	0.00669	0.65027	0.00669	0.00669
41	0.01038	0.00779	0.01168	0.01168	0.01298	0.00909	0.00909	0.01298	0.01168	0.01687	0.01947	0.02856	0.01817	0.05452	0.71573	0.01168	0.01947	0.00779	0.00389	0.00649
42	0.00945	0.00668	0.00844	0.00937	0.00992	0.00631	0.00615	0.01070	0.01405	0.01887	0.12102	0.46144	0.06692	0.19707	0.01590	0.00385	0.00479	0.01707	0.00634	0.00567
43	0.01716	0.01961	0.04289	0.03064	0.03799	0.01838	0.67279	0.02328	0.01716	0.02328	0.01471	0.01961	0.01103	0.00613	0.00858	0.00245	0.01225	0.00858	0.00368	0.00980
44	0.01057	0.00705	0.00793	0.00793	0.00793	0.00705	0.00440	0.01057	0.01057	0.01409	0.02290	0.04757	0.02643	0.74454	0.03700	0.00705	0.00705	0.01057	0.00440	0.00440
45	0.01171	0.00837	0.01171	0.01339	0.01506	0.00837	0.01171	0.01506	0.01673	0.02175	0.03849	0.08199	0.04183	0.02008	0.01004	0.00335	0.00669	0.65027	0.00669	0.00669
46	0.01163	0.00751	0.00829	0.00810	0.00856	0.00759	0.00486	0.03656	0.01212	0.01712	0.02281	0.04355	0.02480	0.61308	0.03138	0.00611	0.00657	0.00988	0.11444	0.00504
47	0.01052	0.00772	0.00989	0.00930	0.01112	0.00724	0.00699	0.01452	0.04453	0.02891	0.65276	0.05378	0.08560	0.01479	0.00853	0.00230	0.00352	0.01303	0.00794	0.00701
48	0.01057	0.00705	0.00793	0.00793	0.00793	0.00705	0.00440	0.01057	0.01057	0.01409	0.02290	0.04757	0.02643	0.74454	0.03700	0.00705	0.00705	0.01057	0.00440	0.00440
49	0.00934	0.00720	0.00866	0.00961	0.01118	0.00652	0.00726	0.01129	0.01565	0.01969	0.05423	0.31275	0.32669	0.02032	0.00914	0.00282	0.00450	0.15022	0.00674	0.00617
50	0.01057	0.00705	0.00793	0.00793	0.00793	0.00705	0.00440	0.01057	0.01057	0.01409	0.02290	0.04757	0.02643	0.74454	0.03700	0.00705	0.00705	0.01057	0.00440	0.00440
51	0.01057	0.00705	0.00793	0.00793	0.00793	0.00705	0.00440	0.01057	0.01057	0.01409	0.02290	0.04757	0.02643	0.74454	0.03700	0.00705	0.00705	0.01057	0.00440	0.00440
52	0.01507	0.01292	0.01507	0.01077	0.01723	0.00969	0.00861	0.01830	0.01507	0.02369	0.01292	0.01507	0.01077	0.00538	0.00538	0.00108	0.00538	0.00431	0.00431	0.78898
53	0.75598	0.01397	0.01101	0.00974	0.01429	0.01601	0.00802	0.02210	0.01281	0.06773	0.01109	0.01248	0.00840	0.00687	0.00465	0.00225	0.00565	0.00411	0.00473	0.00811
54	0.00945	0.00710	0.00875	0.00897	0.01050	0.00640	0.00649	0.01186	0.01766	0.02371	0.35043	0.25270	0.22339	0.01801	0.00878	0.00252	0.00372	0.01584	0.00733	0.00640
55	0.00893	0.00655	0.00842	0.00988	0.01062	0.00603	0.00678	0.01036	0.01439	0.01883	0.04453	0.62329	0.13534	0.02208	0.00922	0.00290	0.00424	0.04490	0.00675	0.00597
56	0.00893	0.00638	0.00850	0.01007	0.01056	0.00595	0.00675	0.01031	0.01427	0.01911	0.07432	0.70395	0.04915	0.02236	0.00924	0.00292	0.00418	0.02027	0.00681	0.00595
57	0.01263	0.00631	0.00947	0.00947	0.00947	0.00631	0.00631	0.00947	0.00947	0.01263	0.01263	0.02210	0.01263	0.02525	0.02841	0.78851	0.00631	0.00631	0.00316	0.00316
58	0.03261	0.01237	0.01687	0.01293	0.01856	0.01068	0.01068	0.03543	0.02081	0.70423	0.02868	0.02474	0.01799	0.00900	0.00731	0.00225	0.00619	0.00731	0.00900	0.01237
59	0.01507	0.01292	0.01507	0.01077	0.01723	0.00969	0.00861	0.01830	0.01507	0.02369	0.01292	0.01507	0.01077	0.00538	0.00538	0.00108	0.00538	0.00431	0.00431	0.78898
60	0.01057	0.00705	0.00793	0.00793	0.00793	0.00705	0.00440	0.01057	0.01057	0.01409	0.02290	0.04757	0.02643	0.74454	0.03700	0.00705	0.00705	0.01057	0.00440	0.00440
61	0.00886	0.00633	0.00843	0.01012	0.01054	0.00590	0.00675	0.01012	0.01392	0.01856	0.04006	0.73979	0.04808	0.02277	0.00928	0.00295	0.00422	0.02066	0.00675	0.00590
62	0.02715	0.03464	0.02060	0.01873	0.02247	0.71536	0.01404	0.02903	0.02060	0.01779	0.01124	0.01311	0.00936	0.00749	0.00655	0.00187	0.01311	0.00468	0.00375	0.00843
63	0.01057	0.00705	0.00793	0.00793	0.00793	0.00705	0.00440	0.01057	0.01057	0.01409	0.02290	0.04757	0.02643	0.74454	0.03700	0.00705	0.00705	0.01057	0.00440	0.00440
64	0.01373	0.01292	0.02180	0.72707	0.05006	0.01615	0.02019	0.01857	0.01453	0.01857	0.01292	0.01938	0.00969	0.00727	0.00727	0.00242	0.00969	0.00646	0.00323	0.00807
65	0.01799	0.01727	0.02950	0.04462	0.69919	0.01727	0.02231	0.02231	0.01655	0.02375	0.01367	0.01799	0.01151	0.00648	0.00720	0.00216	0.00864	0.00648	0.00360	0.01151
66	0.01039	0.00697	0.00798	0.00816	0.00821	0.00692	0.00466	0.01052	0.01093	0.01457	0.02475	0.12188	0.02875	0.66705	0.03402	0.00661	0.00674	0.01165	0.00466	0.00457
67	0.01507	0.01292	0.01507	0.01077	0.01723	0.00969	0.00861	0.01830	0.01507	0.02369	0.01292	0.01507	0.01077	0.00538	0.00538	0.00108	0.00538	0.00431	0.00431	0.78898
68	0.01373	0.01292	0.02180	0.72707	0.05006	0.01615	0.02019	0.01857	0.01453	0.01857	0.01292	0.01938	0.00969	0.00727	0.00727	0.00242	0.00969	0.00646	0.00323	0.00807
69	0.01943	0.74891	0.03809	0.01244	0.01866	0.02876	0.01244	0.02177	0.01477	0.01710	0.01011	0.01166	0.00933	0.00622	0.00466	0.00155	0.00777	0.00389	0.00311	0.00933
70	0.01528	0.01317	0.01563	0.01209	0.04112	0.01025	0.00919	0.01916	0.03883	0.02393	0.01354	0.01560	0.01120	0.00558	0.00552	0.00116	0.00551	0.00452	0.00439	0.73433
71	0.02659	0.11132	0.02373	0.01634	0.02206	0.07474	0.01366	0.54641	0.03077	0.04019	0.01608	0.01641	0.01176	0.00832	0.00690	0.00208	0.00835	0.00608	0.00650	0.01170
72	0.01108	0.00791	0.01098	0.01266	0.01406	0.00782	0.01061	0.01396	0.01611	0.02104	0.03884	0.22831	0.04322	0.02068	0.00987	0.00326	0.00614	0.51022	0.00671	0.00652
73	0.01788	0.01759	0.03131	0.04273	0.60992	0.01742	0.11013	0.02244	0.01663	0.02369	0.01381	0.01821	0.01145	0.00643	0.00738	0.00220	0.00912	0.00676	0.00361	0.01128
74	0.01312	0.01076	0.01284	0.01246	0.01421	0.08189	0.00967	0.01565	0.01301	0.04810	0.01904	0.02679	0.01726	0.04761	0.61061	0.01024	0.01821	0.00745	0.00411	0.00696
75	0.01507	0.01292	0.01507	0.01077	0.01723	0.00969	0.00861	0.01830	0.01507	0.02369	0.01292	0.01507	0.01077	0.00538	0.00538	0.00108	0.00538	0.00431	0.00431	0.78898
76	0.01263	0.00631	0.00947	0.00947	0.00947	0.00631	0.00631	0.00947	0.00947	0.01263	0.01263	0.02210	0.01263	0.02525	0.02841	0.78851	0.00631	0.00631	0.00316	0.00316
77	0.02537	0.22176	0.02631	0.01554	0.02147	0.02426	0.01344	0.49439	0.02881	0.03788	0.01542	0.01585	0.01152	0.00803	0.00655	0.00201	0.00794	0.00581	0.00612	0.01152
78	0.01591	0.01393	0.01776	0.02061	0.18608	0.01494	0.01289	0.02790	0.34891	0.02757	0.13987	0.03321	0.08791	0.01062	0.00765	0.00236	0.00590	0.00924	0.00649	0.01025
79	0.01507	0.01292	0.01507	0.01077	0.01723	0.00969	0.00861	0.01830	0.01507	0.02369	0.01292	0.01507	0.01077	0.00538	0.00538	0.00108	0.00538	0.00431	0.00431	0.78898
80	0.01682	0.02748	0.37209	0.02610	0.16945	0.01701	0.11257	0.02508	0.08516	0.05482	0.01582	0.01812	0.01167	0.00711	0.00727	0.00231	0.00979	0.00642	0.00398	0.01093
81	0.02229	0.48450	0.03162	0.01477	0.02007	0.28293	0.01303	0.02445	0.01693	0.01736	0.01052	0.01220	0.00934	0.00669	0.00536	0.00167	0.00975	0.00418	0.00334	0.00899
82	0.01552	0.01318	0.01531	0.01098	0.01741	0.01014	0.00880	0.04150	0.01575	0.02447	0.01308	0.01516	0.01082	0.00550	0.00545	0.00112	0.00548	0.00439	0.00441	0.76154
83	0.02613	0.11981	0.02383	0.01606	0.02187	0.02322	0.01354	0.56041	0.05735	0.04127	0.01693	0.01704	0.01234	0.00843	0.00692	0.00211	0.00788	0.00625	0.00671	0.01191
84	0.01785	0.01844	0.05873	0.02893	0.19335	0.01756	0.29658	0.09098	0.09556	0.02619	0.01819	0.07087	0.01513	0.00813	0.00795	0.00238	0.00955	0.00854	0.00465	0.01044
85	0.00925	0.00736	0.00830	0.00813	0.01024	0.00641	0.00607	0.01169	0.01803	0.02326	0.31167	0.08365	0.43586	0.01717	0.00860	0.00240	0.00360	0.01465	0.00723	0.00641
86	0.01723	0.01650	0.02814	0.16582	0.58391	0.01707	0.02193	0.02165	0.01619	0.02283	0.01354	0.01824	0.01119	0.00662	0.00721	0.00221	0.00882	0.00647	0.00353	0.01090
87	0.09219	0.02931	0.01932	0.01716	0.02120	0.52706	0.01311	0.08179	0.02077	0.07045	0.01315	0.01466	0.01037	0.00906	0.02793	0.00225	0.01175	0.00505	0.00448	0.00893
88	0.22396	0.09790	0.01835	0.01334	0.01814	0.13195	0.01099	0.10050	0.03731	0.20280	0.04073	0.02032	0.01505	0.00845	0.00631	0.00215	0.00748	0.02848	0.00597	0.00982
89	0.01041	0.00767	0.01110	0.01110	0.01219	0.00877	0.00836	0.01261	0.01151	0.01644	0.02000	0.03151	0.01946	0.16185	0.61015	0.01096	0.01754	0.00822	0.00397	0.00617
90	0.01482	0.01131	0.01572	0.10724	0.11440	0.01181	0.01214	0.12358	0.01807	0.04871	0.02872	0.37595	0.03086	0.01560	0.00836	0.00264	0.00632	0.03942	0.00603	0.00829
91	0.01773	0.01700	0.02903	0.08697	0.65891	0.01720	0.02218	0.02208	0.01643	0.02343	0.01363	0.01808	0.01140	0.00653	0.00720	0.00218	0.00870	0.00648	0.00358	0.01130
92	0.01041	0.00767	0.01107	0.01107	0.01215	0.00875	0.00832	0.01258	0.01150	0.01642	0.02003	0.03168	0.01953	0.16794	0.60416	0.01092	0.01743	0.00825	0.00398	0.00615
93	0.01507	0.01292	0.01507	0.01077	0.01723	0.00969	0.00861	0.01830	0.01507	0.02369	0.01292	0.01507	0.01077	0.00538	0.00538	0.00108	0.00538	0.00431	0.00431	0.78898
94	0.01133	0.00693	0.00937	0.00937	0.00966	0.00722	0.00619	0.01068	0.01039	0.01414	0.01813	0.03340	0.01921	0.31030	0.18496	0.31274	0.00953	0.00829	0.00380	0.00438
95	0.03261	0.01237	0.01687	0.01293	0.01856	0.01068	0.01068	0.03543	0.02081	0.70423	0.02868	0.02474	0.01799	0.00900	0.00731	0.00225	0.00619	0.00731	0.00900	0.01237
96	0.01739	0.05885	0.15421	0.02434	0.19000	0.01823	0.06746	0.02959	0.30779	0.02613	0.02037	0.02125	0.01557	0.00799	0.00720	0.00231	0.00801	0.00705	0.00513	0.01112
97	0.01397	0.01638	0.13836	0.01216	0.01860	0.01040	0.01148	0.01795	0.01546	0.02327	0.05015	0.04876	0.07412	0.00787	0.00623	0.00154	0.00607	0.00647	0.00456	0.51620
98	0.01500	0.09946	0.64871	0.02000	0.03035	0.01791	0.02560	0.02291	0.01530	0.02251	0.01279	0.01503	0.00922	0.00685	0.00671	0.00224	0.01048	0.00524	0.00307	0.01062
99	0.01943	0.74891	0.03809	0.01244	0.01866	0.02876	0.01244	0.02177	0.01477	0.01710	0.01011	0.01166	0.00933	0.00622	0.00466	0.00155	0.00777	0.00389	0.00311	0.00933
100	0.01038	0.00779	0.01168	0.01168	0.01298	0.00909	0.00909	0.01298	0.01168	0.01687	0.01947	0.02856	0.01817	0.05452	0.71573	0.01168	0.01947	0.00779	0.00389	0.00649
101	0.01860	0.39711	0.26489	0.04392	0.02457	0.02309	0.01773	0.06930	0.01656	0.04602	0.01242	0.01412	0.00983	0.00678	0.00582	0.00192	0.00883	0.00481	0.00361	0.01009

[dist]
# distance from previous block
# <min> <max>
0	3

# created by:
# /st0/software/busco_prod/Augustus/scripts/msa2prfl.pl ./align_prep/163597.fa
