[name]
unknown

[dist]
# distance from previous block
# <min> <max>
0	17

[block]
# block no. 0 follows, 26 sequences, length 8
# corresponding to MSA columns:
# 17-24
name=unknown_A
#
# <colnr> <probs for GDERKNQSTAVLIFYWHMCP>
#	G	D	E	R	K	N	Q	S	T	A	V	L	I	F	Y	W	H	M	C	P
0	0.01222	0.00873	0.01222	0.01397	0.01572	0.00873	0.01222	0.01572	0.01746	0.02270	0.04016	0.08556	0.04365	0.02095	0.01048	0.00349	0.00698	0.63506	0.00698	0.00698
1	0.04313	0.00875	0.01078	0.01069	0.01248	0.00838	0.00761	0.04707	0.01706	0.10856	0.12755	0.36314	0.06956	0.11370	0.01284	0.00337	0.00517	0.01564	0.00714	0.00738
2	0.08270	0.01049	0.01208	0.01121	0.01401	0.01058	0.00853	0.02182	0.12880	0.12536	0.16912	0.10241	0.10134	0.11001	0.01229	0.00322	0.00545	0.05492	0.00725	0.00842
3	0.01794	0.01489	0.01537	0.01408	0.01763	0.05649	0.01092	0.08369	0.33770	0.05389	0.07943	0.12213	0.08043	0.01336	0.00824	0.00260	0.00621	0.04748	0.00740	0.01013
4	0.19549	0.06957	0.10482	0.04897	0.06583	0.01885	0.21026	0.02230	0.01532	0.02541	0.01348	0.01738	0.01067	0.00770	0.00906	0.00245	0.09587	0.00649	0.05061	0.00945
5	0.01896	0.03827	0.02185	0.07936	0.19628	0.06838	0.01572	0.10814	0.15428	0.02804	0.07880	0.02914	0.05033	0.01020	0.00845	0.00243	0.03537	0.03980	0.00572	0.01047
6	0.05569	0.05322	0.02056	0.13799	0.02546	0.04105	0.04121	0.24110	0.10306	0.03123	0.02155	0.02555	0.04795	0.08696	0.01070	0.00287	0.00814	0.00770	0.02801	0.01000
7	0.01421	0.01039	0.01076	0.01045	0.01159	0.06515	0.00708	0.01539	0.01440	0.06826	0.05821	0.17002	0.05211	0.34756	0.02293	0.00477	0.03655	0.01206	0.06176	0.00636

[dist]
# distance from previous block
# <min> <max>
14	28

[block]
# block no. 1 follows, 26 sequences, length 13
# corresponding to MSA columns:
# 57-69
name=unknown_B
#
# <colnr> <probs for GDERKNQSTAVLIFYWHMCP>
#	G	D	E	R	K	N	Q	S	T	A	V	L	I	F	Y	W	H	M	C	P
0	0.21595	0.01200	0.01278	0.07644	0.01762	0.01288	0.00932	0.02187	0.12755	0.05571	0.10157	0.03375	0.10830	0.08395	0.01015	0.00286	0.00585	0.00872	0.03308	0.04966
1	0.01650	0.01241	0.01357	0.01182	0.01587	0.01238	0.00923	0.05883	0.23908	0.08957	0.07310	0.04380	0.26499	0.01314	0.00799	0.00237	0.00523	0.01090	0.00730	0.09191
2	0.01848	0.01481	0.01803	0.01893	0.12850	0.01575	0.01267	0.13602	0.24138	0.05402	0.13867	0.03527	0.11178	0.01147	0.00802	0.00243	0.00625	0.00974	0.00711	0.01068
3	0.01488	0.01017	0.01303	0.01380	0.04958	0.01019	0.00974	0.10167	0.01827	0.06572	0.06401	0.27944	0.03709	0.14005	0.01421	0.00366	0.00627	0.13377	0.00672	0.00774
4	0.03211	0.01471	0.01856	0.01437	0.02018	0.01398	0.01182	0.15627	0.06415	0.52819	0.02775	0.02452	0.01792	0.00939	0.00763	0.00235	0.00679	0.00753	0.00894	0.01285
5	0.01912	0.01840	0.03183	0.04387	0.59385	0.01837	0.08574	0.05063	0.01812	0.02572	0.01454	0.01892	0.01200	0.00682	0.00766	0.00228	0.00936	0.00698	0.00393	0.01188
6	0.05832	0.01620	0.02683	0.28666	0.42067	0.01754	0.02167	0.02181	0.01628	0.02332	0.01378	0.01895	0.01112	0.00707	0.00739	0.00236	0.00924	0.00661	0.00367	0.01051
7	0.05430	0.05290	0.05662	0.25412	0.27936	0.06124	0.04984	0.02342	0.05327	0.02309	0.01445	0.01879	0.01146	0.00729	0.00730	0.00234	0.00957	0.00653	0.00386	0.01024
8	0.01998	0.46921	0.17859	0.01649	0.02391	0.05849	0.05258	0.06349	0.01724	0.02145	0.01201	0.01391	0.01001	0.00687	0.00586	0.00190	0.00932	0.00488	0.00357	0.01023
9	0.01611	0.05267	0.01405	0.01160	0.01401	0.05450	0.00841	0.08769	0.05777	0.05240	0.02682	0.16107	0.05370	0.24649	0.01891	0.04560	0.00694	0.01099	0.00570	0.05458
10	0.06917	0.03413	0.03521	0.01497	0.02074	0.01765	0.03468	0.29683	0.07229	0.03498	0.02089	0.02182	0.05508	0.01078	0.03808	0.00248	0.00782	0.00683	0.00613	0.19943
11	0.10010	0.10399	0.34476	0.02245	0.08700	0.07495	0.09199	0.02473	0.03878	0.02437	0.01365	0.01619	0.01037	0.00714	0.00690	0.00229	0.01032	0.00580	0.00370	0.01053
12	0.02150	0.07989	0.08881	0.05683	0.17035	0.22869	0.01700	0.09905	0.03607	0.02407	0.01613	0.06231	0.01430	0.04225	0.00867	0.00244	0.01012	0.00704	0.00448	0.01000

[dist]
# distance from previous block
# <min> <max>
6	17

[block]
# block no. 2 follows, 26 sequences, length 61
# corresponding to MSA columns:
# 88-148
name=unknown_C
#
# <colnr> <probs for GDERKNQSTAVLIFYWHMCP>
#	G	D	E	R	K	N	Q	S	T	A	V	L	I	F	Y	W	H	M	C	P
0	0.02304	0.02644	0.02202	0.12026	0.12565	0.39012	0.01620	0.05137	0.04947	0.02135	0.01506	0.04644	0.01292	0.01039	0.03481	0.00257	0.01180	0.00649	0.00426	0.00934
1	0.02012	0.01846	0.02146	0.05088	0.18943	0.08528	0.01517	0.11487	0.20923	0.02887	0.02038	0.05060	0.01656	0.00880	0.00734	0.00221	0.00788	0.00742	0.00567	0.11937
2	0.01234	0.01034	0.00985	0.00964	0.01167	0.07089	0.00688	0.01408	0.01689	0.04683	0.12347	0.13224	0.33854	0.14603	0.01411	0.00339	0.00551	0.01412	0.00655	0.00661
3	0.00936	0.00691	0.00876	0.00996	0.01091	0.00631	0.00684	0.01103	0.01575	0.02076	0.11785	0.54378	0.15982	0.02209	0.00948	0.00292	0.00422	0.01976	0.00718	0.00631
4	0.03049	0.01391	0.01763	0.01377	0.01928	0.01303	0.01129	0.13290	0.05066	0.50522	0.05718	0.02814	0.05042	0.01008	0.00774	0.00236	0.00650	0.00817	0.00889	0.01234
5	0.01594	0.01630	0.03114	0.42086	0.09919	0.01777	0.24532	0.02142	0.01630	0.02155	0.01420	0.02019	0.01076	0.00710	0.00806	0.00252	0.01096	0.00752	0.00357	0.00935
6	0.06471	0.01797	0.02040	0.01570	0.02164	0.01881	0.01297	0.40916	0.02965	0.27724	0.02205	0.02067	0.01479	0.00911	0.00747	0.00230	0.00756	0.00699	0.00810	0.01269
7	0.02575	0.01109	0.01487	0.01203	0.01649	0.00971	0.00968	0.02885	0.02145	0.45815	0.23466	0.03735	0.06261	0.01170	0.00809	0.00237	0.00545	0.00987	0.00897	0.01085
8	0.00979	0.00772	0.00882	0.00855	0.01075	0.00675	0.00641	0.01248	0.01923	0.02510	0.35788	0.06541	0.39912	0.01749	0.00896	0.00248	0.00372	0.01494	0.00765	0.00675
9	0.27569	0.01359	0.01540	0.01234	0.01766	0.01338	0.01016	0.05721	0.01944	0.42242	0.05283	0.02255	0.01752	0.00890	0.00674	0.00235	0.00621	0.00674	0.00775	0.01113
10	0.01063	0.00777	0.01003	0.00977	0.01156	0.00717	0.00742	0.01396	0.02049	0.02847	0.55188	0.09082	0.12051	0.01662	0.00910	0.00252	0.00390	0.06227	0.00807	0.00703
11	0.01021	0.00703	0.00857	0.00935	0.00960	0.00681	0.00578	0.01092	0.01294	0.01731	0.05303	0.35681	0.03920	0.38961	0.02458	0.00526	0.00590	0.01588	0.00582	0.00539
12	0.60473	0.01424	0.01271	0.01083	0.01581	0.01560	0.00892	0.02585	0.01504	0.19316	0.01525	0.01559	0.01077	0.00761	0.00540	0.00235	0.00601	0.00496	0.00583	0.00935
13	0.00924	0.00660	0.00880	0.01056	0.01100	0.00616	0.00704	0.01056	0.01452	0.01936	0.04181	0.72848	0.05017	0.02376	0.00968	0.00308	0.00440	0.02156	0.00704	0.00616
14	0.78701	0.01467	0.01115	0.00997	0.01467	0.01702	0.00821	0.02230	0.01291	0.03403	0.01056	0.01232	0.00821	0.00704	0.00469	0.00235	0.00587	0.00411	0.00469	0.00821
15	0.01103	0.00735	0.00827	0.00827	0.00827	0.00735	0.00460	0.01103	0.01103	0.01471	0.02390	0.04964	0.02758	0.73343	0.03861	0.00735	0.00735	0.01103	0.00460	0.00460
16	0.00919	0.00769	0.00800	0.00792	0.01038	0.00650	0.00594	0.01132	0.01782	0.02175	0.15361	0.07093	0.60548	0.01874	0.00896	0.00254	0.00381	0.01572	0.00721	0.00650
17	0.02028	0.73799	0.03975	0.01298	0.01947	0.03001	0.01298	0.02271	0.01541	0.01785	0.01055	0.01217	0.00973	0.00649	0.00487	0.00162	0.00811	0.00406	0.00324	0.00973
18	0.03403	0.01291	0.01760	0.01350	0.01936	0.01115	0.01115	0.03697	0.02171	0.69137	0.02992	0.02582	0.01878	0.00939	0.00763	0.00235	0.00645	0.00763	0.00939	0.01291
19	0.78701	0.01467	0.01115	0.00997	0.01467	0.01702	0.00821	0.02230	0.01291	0.03403	0.01056	0.01232	0.00821	0.00704	0.00469	0.00235	0.00587	0.00411	0.00469	0.00821
20	0.01084	0.00813	0.01219	0.01219	0.01354	0.00948	0.00948	0.01354	0.01219	0.01761	0.02032	0.02980	0.01896	0.05689	0.70337	0.01219	0.02032	0.00813	0.00406	0.00677
21	0.02883	0.02125	0.02276	0.01745	0.02352	0.02352	0.01442	0.66082	0.03566	0.04780	0.01821	0.01821	0.01290	0.00911	0.00759	0.00228	0.00835	0.00683	0.00759	0.01290
22	0.78701	0.01467	0.01115	0.00997	0.01467	0.01702	0.00821	0.02230	0.01291	0.03403	0.01056	0.01232	0.00821	0.00704	0.00469	0.00235	0.00587	0.00411	0.00469	0.00821
23	0.02028	0.73799	0.03975	0.01298	0.01947	0.03001	0.01298	0.02271	0.01541	0.01785	0.01055	0.01217	0.00973	0.00649	0.00487	0.00162	0.00811	0.00406	0.00324	0.00973
24	0.01318	0.00659	0.00988	0.00988	0.00988	0.00659	0.00659	0.00988	0.00988	0.01318	0.01318	0.02306	0.01318	0.02635	0.02964	0.77931	0.00659	0.00659	0.00329	0.00329
25	0.02883	0.02125	0.02276	0.01745	0.02352	0.02352	0.01442	0.66082	0.03566	0.04780	0.01821	0.01821	0.01290	0.00911	0.00759	0.00228	0.00835	0.00683	0.00759	0.01290
26	0.01432	0.01348	0.02275	0.71520	0.05224	0.01685	0.02107	0.01938	0.01517	0.01938	0.01348	0.02022	0.01011	0.00758	0.00758	0.00253	0.01011	0.00674	0.00337	0.00843
27	0.00904	0.00767	0.00770	0.00770	0.01017	0.00644	0.00572	0.01089	0.01707	0.02028	0.07495	0.07216	0.65964	0.04471	0.01002	0.00273	0.00397	0.01583	0.00696	0.00634
28	0.76051	0.01490	0.01155	0.01024	0.01498	0.01724	0.00843	0.04461	0.01370	0.03451	0.01083	0.01253	0.00838	0.00711	0.00480	0.00234	0.00595	0.00420	0.00480	0.00838
29	0.01439	0.00895	0.01159	0.01036	0.01283	0.00833	0.00795	0.04371	0.02208	0.11358	0.57347	0.05123	0.06257	0.01448	0.00873	0.00238	0.00413	0.01267	0.00845	0.00811
30	0.00898	0.00764	0.00773	0.00780	0.01027	0.00639	0.00581	0.01087	0.01718	0.02045	0.07548	0.09838	0.65853	0.01939	0.00899	0.00258	0.00386	0.01622	0.00704	0.00639
31	0.02705	0.02036	0.02176	0.01709	0.02284	0.02269	0.01399	0.55004	0.14935	0.04493	0.02047	0.02001	0.01473	0.00932	0.00761	0.00233	0.00793	0.00714	0.00761	0.01274
32	0.01883	0.01842	0.05639	0.12858	0.48475	0.01800	0.02173	0.08125	0.01857	0.02616	0.01446	0.01866	0.01171	0.00705	0.00743	0.00225	0.00903	0.00661	0.00407	0.04605
33	0.05081	0.06797	0.56764	0.02174	0.03209	0.01831	0.09023	0.02391	0.01604	0.02422	0.01351	0.01612	0.00974	0.00708	0.00716	0.00238	0.01099	0.00580	0.00334	0.01091
34	0.05476	0.01809	0.01864	0.01560	0.02041	0.04755	0.01244	0.26732	0.30601	0.06297	0.07491	0.02539	0.02175	0.00998	0.00760	0.00240	0.00701	0.00795	0.00750	0.01171
35	0.01521	0.03923	0.69413	0.02162	0.03283	0.01762	0.02802	0.02402	0.01601	0.02402	0.01361	0.01601	0.00961	0.00721	0.00721	0.00240	0.01121	0.00560	0.00320	0.01121
36	0.01873	0.41386	0.31363	0.01663	0.02507	0.02401	0.01922	0.02387	0.01593	0.04894	0.01265	0.01436	0.01006	0.00691	0.00597	0.00198	0.00934	0.00486	0.00349	0.01049
37	0.00944	0.00671	0.00882	0.01035	0.01081	0.00629	0.00686	0.01076	0.01456	0.01950	0.06836	0.64842	0.04941	0.07650	0.01181	0.00337	0.00459	0.02043	0.00692	0.00609
38	0.00924	0.00660	0.00880	0.01056	0.01100	0.00616	0.00704	0.01056	0.01452	0.01936	0.04181	0.72848	0.05017	0.02376	0.00968	0.00308	0.00440	0.02156	0.00704	0.00616
39	0.01852	0.01777	0.03034	0.08420	0.65043	0.01796	0.02315	0.02306	0.01715	0.02448	0.01422	0.01885	0.01191	0.00680	0.00751	0.00227	0.00907	0.00676	0.00373	0.01181
40	0.01075	0.00769	0.00920	0.00923	0.01119	0.00681	0.00676	0.01312	0.01821	0.05398	0.26469	0.21951	0.30390	0.01862	0.00907	0.00262	0.00401	0.01618	0.00758	0.00689
41	0.09540	0.01345	0.01713	0.01333	0.01894	0.01237	0.01098	0.08023	0.02198	0.56240	0.05446	0.02542	0.01965	0.00943	0.00744	0.00234	0.00642	0.00753	0.00882	0.01228
42	0.03403	0.01291	0.01760	0.01350	0.01936	0.01115	0.01115	0.03697	0.02171	0.69137	0.02992	0.02582	0.01878	0.00939	0.00763	0.00235	0.00645	0.00763	0.00939	0.01291
43	0.01095	0.00741	0.00873	0.00879	0.00895	0.00755	0.00523	0.01130	0.01128	0.01519	0.02410	0.07028	0.02737	0.63380	0.11205	0.00775	0.00871	0.01106	0.00462	0.00489
44	0.04370	0.00754	0.00946	0.01012	0.01117	0.00720	0.00693	0.01296	0.01572	0.04828	0.17299	0.43295	0.04851	0.12031	0.01329	0.00347	0.00478	0.01713	0.00697	0.00651
45	0.01066	0.00775	0.01004	0.00947	0.01129	0.00713	0.00710	0.01417	0.02130	0.03001	0.65721	0.05733	0.09673	0.01566	0.00895	0.00239	0.00359	0.01381	0.00830	0.00713
46	0.01052	0.00774	0.00984	0.00932	0.01120	0.00707	0.00699	0.01390	0.02097	0.02922	0.60939	0.05862	0.14503	0.01595	0.00895	0.00241	0.00361	0.01399	0.00819	0.00707
47	0.01573	0.01348	0.01573	0.01123	0.01798	0.01011	0.00899	0.01910	0.01573	0.02472	0.01348	0.01573	0.01123	0.00562	0.00562	0.00112	0.00562	0.00449	0.00449	0.77980
48	0.00946	0.00676	0.00867	0.01010	0.01060	0.00633	0.00665	0.01064	0.01422	0.01882	0.04144	0.60286	0.08284	0.11626	0.01342	0.00361	0.00476	0.01987	0.00672	0.00597
49	0.01474	0.00765	0.00771	0.00750	0.00944	0.00775	0.00568	0.04411	0.01672	0.02908	0.02448	0.02786	0.01917	0.00885	0.00540	0.00179	0.00373	0.00706	0.74397	0.00731
50	0.00943	0.00735	0.00838	0.00882	0.01047	0.00650	0.00624	0.01125	0.01656	0.02103	0.14153	0.26242	0.36865	0.07246	0.01135	0.00304	0.00423	0.01698	0.00703	0.00630
51	0.01092	0.00734	0.00847	0.00856	0.00865	0.00737	0.00494	0.01111	0.01128	0.01509	0.02476	0.08703	0.02849	0.66534	0.06463	0.00731	0.00773	0.01150	0.00471	0.00477
52	0.01067	0.00717	0.00910	0.00998	0.01086	0.00667	0.00671	0.01208	0.01505	0.04747	0.09544	0.47592	0.09760	0.14119	0.01433	0.00367	0.00487	0.01811	0.00684	0.00628
53	0.04136	0.00837	0.00908	0.00860	0.01133	0.00733	0.00656	0.01402	0.01832	0.07409	0.19590	0.06368	0.47991	0.01723	0.00869	0.00250	0.00406	0.01444	0.00740	0.00712
54	0.01144	0.00789	0.00898	0.00901	0.00951	0.00784	0.00549	0.04048	0.01307	0.01729	0.02962	0.15576	0.06976	0.54670	0.03090	0.00617	0.00673	0.01279	0.00526	0.00533
55	0.02648	0.01965	0.02055	0.01626	0.02142	0.05165	0.01309	0.51878	0.03130	0.06740	0.02016	0.06082	0.01627	0.06823	0.01017	0.00272	0.00821	0.00794	0.00722	0.01166
56	0.01017	0.00727	0.00834	0.00871	0.00944	0.00687	0.00551	0.01103	0.01361	0.01767	0.06673	0.20834	0.17682	0.38829	0.02441	0.00514	0.00577	0.01460	0.00584	0.00545
57	0.02512	0.01818	0.02000	0.01549	0.02097	0.01930	0.01256	0.46786	0.02942	0.06882	0.01861	0.02114	0.01433	0.06705	0.03917	0.00294	0.00832	0.00693	0.00686	0.11695
58	0.01880	0.07540	0.08688	0.11892	0.39393	0.07353	0.02104	0.02476	0.06987	0.02359	0.01497	0.01857	0.01212	0.00725	0.00725	0.00225	0.00940	0.00645	0.00395	0.01107
59	0.01811	0.13793	0.27628	0.02581	0.17750	0.07739	0.07303	0.02434	0.04380	0.02273	0.01441	0.01812	0.01165	0.03738	0.00836	0.00244	0.01019	0.00619	0.00369	0.01064
60	0.01939	0.07999	0.04874	0.04588	0.04989	0.01780	0.05957	0.19765	0.07504	0.03064	0.06725	0.02473	0.06420	0.00921	0.00788	0.00213	0.03290	0.00752	0.00573	0.15385

[dist]
# distance from previous block
# <min> <max>
0	4

# created by:
# /st0/software/busco_prod/Augustus/scripts/msa2prfl.pl ./align_prep/163562.fa
