[name]
unknown

[dist]
# distance from previous block
# <min> <max>
34	92

[block]
# block no. 0 follows, 29 sequences, length 6
# corresponding to MSA columns:
# 124-129
name=unknown_A
#
# <colnr> <probs for GDERKNQSTAVLIFYWHMCP>
#	G	D	E	R	K	N	Q	S	T	A	V	L	I	F	Y	W	H	M	C	P
0	0.02073	0.01564	0.01676	0.01700	0.11373	0.12362	0.01156	0.11441	0.02060	0.18013	0.11986	0.06538	0.12799	0.01103	0.00747	0.00219	0.00688	0.00913	0.00644	0.00942
1	0.02745	0.01268	0.01620	0.01270	0.01779	0.01172	0.01036	0.09409	0.07247	0.49507	0.09059	0.02602	0.02178	0.00922	0.00719	0.00216	0.00590	0.00755	0.00821	0.05085
2	0.02019	0.01282	0.01403	0.01212	0.01568	0.06665	0.00958	0.13201	0.02104	0.22228	0.14919	0.11154	0.11935	0.01291	0.00783	0.00233	0.00593	0.04814	0.00730	0.00908
3	0.05770	0.12129	0.04173	0.01208	0.01646	0.03935	0.01032	0.13828	0.05407	0.13576	0.16013	0.03240	0.13020	0.01073	0.00704	0.00213	0.00604	0.00860	0.00647	0.00923
4	0.06177	0.20567	0.16334	0.01546	0.02101	0.11994	0.01495	0.07797	0.06873	0.05562	0.05541	0.01748	0.01418	0.00810	0.00765	0.00208	0.07104	0.00567	0.00442	0.00950
5	0.04037	0.21749	0.13530	0.01323	0.01803	0.04068	0.01268	0.02123	0.08875	0.05913	0.11803	0.09996	0.05769	0.01054	0.00736	0.00216	0.03511	0.00838	0.00510	0.00878

[dist]
# distance from previous block
# <min> <max>
0	2

[block]
# block no. 1 follows, 29 sequences, length 56
# corresponding to MSA columns:
# 132-187
name=unknown_B
#
# <colnr> <probs for GDERKNQSTAVLIFYWHMCP>
#	G	D	E	R	K	N	Q	S	T	A	V	L	I	F	Y	W	H	M	C	P
0	0.01831	0.03931	0.06169	0.01317	0.01746	0.01243	0.05019	0.09682	0.09245	0.17265	0.26446	0.03510	0.07325	0.01104	0.00763	0.00223	0.00582	0.00947	0.00709	0.00941
1	0.04953	0.11240	0.04061	0.04252	0.01890	0.01681	0.01131	0.21909	0.10996	0.06935	0.06809	0.02899	0.13849	0.01013	0.00693	0.00213	0.00638	0.00803	0.00616	0.03418
2	0.01803	0.01130	0.01330	0.01175	0.01520	0.01145	0.00913	0.04596	0.23570	0.19314	0.16120	0.10534	0.11302	0.01257	0.00776	0.00237	0.00499	0.01071	0.00760	0.00948
3	0.01602	0.01029	0.01235	0.01085	0.01384	0.01022	0.00839	0.06085	0.14341	0.14243	0.35092	0.04233	0.09684	0.03830	0.00888	0.00244	0.00464	0.01074	0.00763	0.00863
4	0.05672	0.01268	0.01535	0.01253	0.01694	0.01244	0.01003	0.14761	0.07167	0.35859	0.06878	0.09393	0.04644	0.03261	0.00821	0.00242	0.00592	0.00889	0.00773	0.01051
5	0.01886	0.51812	0.14460	0.01389	0.02048	0.02450	0.01440	0.04717	0.07730	0.04314	0.01298	0.01403	0.01066	0.00671	0.00535	0.00177	0.00787	0.00464	0.00376	0.00977
6	0.01757	0.01598	0.05777	0.01305	0.01899	0.01400	0.01104	0.13903	0.17313	0.02847	0.01718	0.01789	0.01329	0.00694	0.00614	0.00163	0.00612	0.00554	0.00535	0.43091
7	0.23581	0.01377	0.01500	0.01217	0.01696	0.01420	0.00987	0.12940	0.08665	0.28795	0.04126	0.02136	0.01609	0.03609	0.00749	0.00236	0.00607	0.00644	0.00686	0.03420
8	0.04485	0.10859	0.03071	0.06749	0.13942	0.01749	0.27013	0.02234	0.06153	0.02271	0.01411	0.01746	0.01118	0.00629	0.00689	0.00202	0.00896	0.00650	0.00387	0.13744
9	0.04523	0.01118	0.01339	0.01100	0.01476	0.01057	0.00871	0.12689	0.02121	0.13209	0.35266	0.03524	0.03947	0.01093	0.00736	0.00202	0.00488	0.00924	0.00716	0.13604
10	0.04610	0.19315	0.43274	0.01815	0.02668	0.01866	0.07260	0.02226	0.01530	0.04332	0.03948	0.01620	0.01167	0.00692	0.00639	0.00210	0.00938	0.00549	0.00349	0.00993
11	0.00888	0.00705	0.00798	0.00813	0.01000	0.00615	0.00595	0.01098	0.01676	0.02140	0.22522	0.18349	0.42701	0.01791	0.00853	0.00245	0.00364	0.01540	0.00692	0.00615
12	0.01771	0.01530	0.01610	0.01449	0.01852	0.01771	0.01127	0.03784	0.69247	0.02979	0.02898	0.02657	0.02174	0.00966	0.00725	0.00242	0.00564	0.00805	0.00725	0.01127
13	0.01237	0.00618	0.00928	0.00928	0.00928	0.00618	0.00618	0.00928	0.00928	0.01237	0.01237	0.02165	0.01237	0.02474	0.02783	0.79283	0.00618	0.00618	0.00309	0.00309
14	0.01681	0.01921	0.04202	0.03001	0.03721	0.01801	0.67947	0.02281	0.01681	0.02281	0.01441	0.01921	0.01080	0.00600	0.00840	0.00240	0.01200	0.00840	0.00360	0.00960
15	0.00842	0.00721	0.00721	0.00721	0.00962	0.00601	0.00541	0.01022	0.01623	0.01924	0.07213	0.06853	0.70244	0.01803	0.00842	0.00240	0.00361	0.01503	0.00661	0.00601
16	0.00954	0.00718	0.00874	0.00849	0.01024	0.00647	0.00627	0.01223	0.01835	0.02485	0.46433	0.09841	0.24124	0.04068	0.00938	0.00248	0.00359	0.01383	0.00731	0.00639
17	0.01072	0.00739	0.00963	0.00908	0.01085	0.00678	0.00680	0.01391	0.01973	0.05158	0.62602	0.08548	0.08531	0.01484	0.00839	0.00227	0.00350	0.01310	0.00777	0.00684
18	0.80005	0.01377	0.01047	0.00936	0.01377	0.01597	0.00771	0.02093	0.01212	0.03195	0.00991	0.01157	0.00771	0.00661	0.00441	0.00220	0.00551	0.00386	0.00441	0.00771
19	0.02808	0.01436	0.01743	0.01380	0.01904	0.01430	0.01126	0.16777	0.15839	0.43703	0.02602	0.02324	0.01732	0.00893	0.00717	0.00223	0.00634	0.00719	0.00815	0.01195
20	0.00865	0.00680	0.00782	0.00845	0.00999	0.00597	0.00600	0.01034	0.01547	0.01953	0.10750	0.34395	0.38525	0.01951	0.00869	0.00259	0.00380	0.01699	0.00671	0.00597
21	0.03195	0.01212	0.01652	0.01267	0.01818	0.01047	0.01047	0.03470	0.02038	0.71026	0.02809	0.02424	0.01763	0.00881	0.00716	0.00220	0.00606	0.00716	0.00881	0.01212
22	0.80005	0.01377	0.01047	0.00936	0.01377	0.01597	0.00771	0.02093	0.01212	0.03195	0.00991	0.01157	0.00771	0.00661	0.00441	0.00220	0.00551	0.00386	0.00441	0.00771
23	0.00991	0.00727	0.00928	0.00878	0.01053	0.00665	0.00658	0.01311	0.01975	0.02760	0.63707	0.05476	0.13229	0.01491	0.00840	0.00226	0.00338	0.01310	0.00771	0.00665
24	0.01613	0.01382	0.01448	0.01309	0.01684	0.01550	0.01017	0.05170	0.53732	0.02813	0.03726	0.03468	0.15765	0.01130	0.00748	0.00240	0.00530	0.00940	0.00712	0.01024
25	0.01477	0.01266	0.01477	0.01055	0.01687	0.00949	0.00844	0.01793	0.01477	0.02320	0.01266	0.01477	0.01055	0.00527	0.00527	0.00105	0.00527	0.00422	0.00422	0.79328
26	0.01036	0.00690	0.00777	0.00777	0.00777	0.00690	0.00431	0.01036	0.01036	0.01381	0.02244	0.04660	0.02589	0.74975	0.03624	0.00690	0.00690	0.01036	0.00431	0.00431
27	0.00986	0.00727	0.00922	0.00873	0.01051	0.00663	0.00655	0.01302	0.01965	0.02735	0.62029	0.05517	0.14922	0.01501	0.00840	0.00226	0.00339	0.01316	0.00768	0.00663
28	0.01008	0.00728	0.00952	0.00896	0.01064	0.00672	0.00672	0.01344	0.02016	0.02855	0.70158	0.05319	0.06719	0.01456	0.00840	0.00224	0.00336	0.01288	0.00784	0.00672
29	0.03195	0.01212	0.01652	0.01267	0.01818	0.01047	0.01047	0.03470	0.02038	0.71026	0.02809	0.02424	0.01763	0.00881	0.00716	0.00220	0.00606	0.00716	0.00881	0.01212
30	0.75434	0.01367	0.01083	0.00956	0.01403	0.01565	0.00788	0.02175	0.01261	0.07231	0.01100	0.01232	0.00830	0.00674	0.00457	0.00220	0.00554	0.00405	0.00467	0.00797
31	0.00886	0.00723	0.00783	0.00768	0.00989	0.00620	0.00576	0.01108	0.01728	0.02173	0.24044	0.06443	0.53258	0.01710	0.00841	0.00236	0.00354	0.01445	0.00694	0.00620
32	0.01428	0.03683	0.71286	0.02030	0.03082	0.01654	0.02631	0.02255	0.01503	0.02255	0.01278	0.01503	0.00902	0.00677	0.00677	0.00226	0.01052	0.00526	0.00301	0.01052
33	0.01036	0.00690	0.00777	0.00777	0.00777	0.00690	0.00431	0.01036	0.01036	0.01381	0.02244	0.04660	0.02589	0.74975	0.03624	0.00690	0.00690	0.01036	0.00431	0.00431
34	0.02584	0.01930	0.02112	0.05771	0.02347	0.02151	0.01379	0.61271	0.06360	0.04262	0.01740	0.01765	0.01241	0.00852	0.00713	0.00216	0.00783	0.00648	0.00690	0.01183
35	0.01762	0.01692	0.02890	0.04371	0.70533	0.01692	0.02185	0.02185	0.01621	0.02326	0.01339	0.01762	0.01128	0.00634	0.00705	0.00211	0.00846	0.00634	0.00352	0.01128
36	0.01345	0.01266	0.02136	0.73264	0.04904	0.01582	0.01978	0.01819	0.01424	0.01819	0.01266	0.01898	0.00949	0.00712	0.00712	0.00237	0.00949	0.00633	0.00316	0.00791
37	0.00842	0.00721	0.00721	0.00721	0.00962	0.00601	0.00541	0.01022	0.01623	0.01924	0.07213	0.06853	0.70244	0.01803	0.00842	0.00240	0.00361	0.01503	0.00661	0.00601
38	0.00936	0.00734	0.00853	0.00849	0.01054	0.00651	0.00654	0.01190	0.01773	0.02296	0.30558	0.06398	0.39416	0.01690	0.00856	0.00243	0.00382	0.08128	0.00707	0.00633
39	0.02816	0.01493	0.07565	0.01837	0.13153	0.01202	0.01363	0.03161	0.01926	0.54158	0.02443	0.02240	0.01588	0.00824	0.00711	0.00219	0.00682	0.00687	0.00747	0.01185
40	0.01681	0.01921	0.04202	0.03001	0.03721	0.01801	0.67947	0.02281	0.01681	0.02281	0.01441	0.01921	0.01080	0.00600	0.00840	0.00240	0.01200	0.00840	0.00360	0.00960
41	0.01564	0.01501	0.02588	0.36564	0.37210	0.01645	0.04652	0.02018	0.01531	0.02087	0.01309	0.01832	0.01042	0.00669	0.00713	0.00225	0.00908	0.00642	0.00336	0.00964
42	0.01571	0.01534	0.02427	0.42796	0.30575	0.04969	0.02031	0.02012	0.01530	0.02015	0.01287	0.01816	0.01018	0.00682	0.00706	0.00225	0.00924	0.00625	0.00333	0.00925
43	0.01327	0.00664	0.00664	0.00664	0.00830	0.00664	0.00498	0.01659	0.01493	0.02655	0.02323	0.02655	0.01825	0.00830	0.00498	0.00166	0.00332	0.00664	0.78928	0.00664
44	0.06259	0.03268	0.58797	0.02105	0.08354	0.01617	0.02398	0.02194	0.01478	0.02286	0.01301	0.01621	0.00975	0.03456	0.00775	0.00241	0.00991	0.00545	0.00318	0.01018
45	0.01149	0.01770	0.25758	0.01288	0.01771	0.01015	0.01357	0.01651	0.01818	0.02604	0.43151	0.04039	0.07395	0.01196	0.00782	0.00225	0.00590	0.01028	0.00608	0.00803
46	0.01327	0.00664	0.00664	0.00664	0.00830	0.00664	0.00498	0.01659	0.01493	0.02655	0.02323	0.02655	0.01825	0.00830	0.00498	0.00166	0.00332	0.00664	0.78928	0.00664
47	0.60963	0.01503	0.01488	0.06308	0.07118	0.04323	0.04983	0.02121	0.01317	0.02924	0.01068	0.01305	0.00835	0.00662	0.00511	0.00221	0.00668	0.00452	0.00418	0.00813
48	0.80005	0.01377	0.01047	0.00936	0.01377	0.01597	0.00771	0.02093	0.01212	0.03195	0.00991	0.01157	0.00771	0.00661	0.00441	0.00220	0.00551	0.00386	0.00441	0.00771
49	0.02602	0.01899	0.02046	0.01597	0.02144	0.02100	0.01310	0.56760	0.12116	0.07144	0.01916	0.01867	0.01364	0.00871	0.00714	0.00218	0.00746	0.00666	0.00721	0.01200
50	0.80005	0.01377	0.01047	0.00936	0.01377	0.01597	0.00771	0.02093	0.01212	0.03195	0.00991	0.01157	0.00771	0.00661	0.00441	0.00220	0.00551	0.00386	0.00441	0.00771
51	0.00868	0.00620	0.00826	0.00991	0.01033	0.00578	0.00661	0.00991	0.01363	0.01818	0.03925	0.74510	0.04710	0.02231	0.00909	0.00289	0.00413	0.02024	0.00661	0.00578
52	0.00996	0.00723	0.00938	0.00893	0.01059	0.00665	0.00666	0.01317	0.01974	0.02777	0.65008	0.08233	0.09075	0.01501	0.00843	0.00227	0.00340	0.01326	0.00774	0.00665
53	0.00983	0.00693	0.00876	0.00980	0.01037	0.00672	0.00655	0.03419	0.01373	0.01829	0.03464	0.53468	0.04085	0.18405	0.01511	0.00378	0.00499	0.04491	0.00611	0.00571
54	0.01406	0.01300	0.02080	0.44991	0.16998	0.01497	0.01800	0.01948	0.06250	0.02026	0.01995	0.02666	0.06514	0.00872	0.00737	0.00238	0.00840	0.04586	0.00398	0.00858
55	0.04509	0.32517	0.18942	0.02087	0.15409	0.11433	0.01739	0.02264	0.01561	0.01996	0.01139	0.01365	0.00948	0.00648	0.00580	0.00187	0.00907	0.00474	0.00326	0.00971

[dist]
# distance from previous block
# <min> <max>
0	1

[block]
# block no. 2 follows, 29 sequences, length 10
# corresponding to MSA columns:
# 189-198
name=unknown_C
#
# <colnr> <probs for GDERKNQSTAVLIFYWHMCP>
#	G	D	E	R	K	N	Q	S	T	A	V	L	I	F	Y	W	H	M	C	P
0	0.01813	0.08163	0.09270	0.03692	0.53190	0.07263	0.02083	0.02239	0.01627	0.02220	0.01286	0.01649	0.01073	0.00644	0.00677	0.00206	0.00892	0.00589	0.00345	0.01079
1	0.01621	0.17539	0.14218	0.01746	0.10111	0.08916	0.01420	0.04379	0.01478	0.01908	0.01477	0.02222	0.01384	0.15784	0.10089	0.00411	0.03462	0.00638	0.00366	0.00833
2	0.01039	0.00751	0.01086	0.01086	0.01206	0.00861	0.00831	0.01280	0.01160	0.01700	0.01959	0.02923	0.01842	0.10106	0.62408	0.01046	0.01714	0.00776	0.05603	0.00623
3	0.01158	0.00894	0.01210	0.01491	0.14462	0.00876	0.00816	0.01302	0.01333	0.01814	0.11919	0.04360	0.08256	0.44394	0.02445	0.00496	0.00645	0.01029	0.00483	0.00615
4	0.01475	0.01398	0.02371	0.51788	0.25363	0.01616	0.02042	0.01933	0.01485	0.01977	0.01289	0.01856	0.01005	0.00688	0.00710	0.00229	0.00917	0.00633	0.00328	0.00896
5	0.01327	0.00664	0.00664	0.00664	0.00830	0.00664	0.00498	0.01659	0.01493	0.02655	0.02323	0.02655	0.01825	0.00830	0.00498	0.00166	0.00332	0.00664	0.78928	0.00664
6	0.01477	0.01266	0.01477	0.01055	0.01687	0.00949	0.00844	0.01793	0.01477	0.02320	0.01266	0.01477	0.01055	0.00527	0.00527	0.00105	0.00527	0.00422	0.00422	0.79328
7	0.33119	0.12109	0.16785	0.06610	0.02208	0.07206	0.01424	0.08827	0.01598	0.02706	0.01153	0.01349	0.00887	0.00686	0.00556	0.00210	0.00796	0.00464	0.00405	0.00901
8	0.01327	0.00664	0.00664	0.00664	0.00830	0.00664	0.00498	0.01659	0.01493	0.02655	0.02323	0.02655	0.01825	0.00830	0.00498	0.00166	0.00332	0.00664	0.78928	0.00664
9	0.80005	0.01377	0.01047	0.00936	0.01377	0.01597	0.00771	0.02093	0.01212	0.03195	0.00991	0.01157	0.00771	0.00661	0.00441	0.00220	0.00551	0.00386	0.00441	0.00771

[dist]
# distance from previous block
# <min> <max>
0	13

[block]
# block no. 3 follows, 29 sequences, length 14
# corresponding to MSA columns:
# 212-225
name=unknown_D
#
# <colnr> <probs for GDERKNQSTAVLIFYWHMCP>
#	G	D	E	R	K	N	Q	S	T	A	V	L	I	F	Y	W	H	M	C	P
0	0.80005	0.01377	0.01047	0.00936	0.01377	0.01597	0.00771	0.02093	0.01212	0.03195	0.00991	0.01157	0.00771	0.00661	0.00441	0.00220	0.00551	0.00386	0.00441	0.00771
1	0.01036	0.00690	0.00777	0.00777	0.00777	0.00690	0.00431	0.01036	0.01036	0.01381	0.02244	0.04660	0.02589	0.74975	0.03624	0.00690	0.00690	0.01036	0.00431	0.00431
2	0.00868	0.00620	0.00826	0.00991	0.01033	0.00578	0.00661	0.00991	0.01363	0.01818	0.03925	0.74510	0.04710	0.02231	0.00909	0.00289	0.00413	0.02024	0.00661	0.00578
3	0.01477	0.01266	0.01477	0.01055	0.01687	0.00949	0.00844	0.01793	0.01477	0.02320	0.01266	0.01477	0.01055	0.00527	0.00527	0.00105	0.00527	0.00422	0.00422	0.79328
4	0.01237	0.00618	0.00928	0.00928	0.00928	0.00618	0.00618	0.00928	0.00928	0.01237	0.01237	0.02165	0.01237	0.02474	0.02783	0.79283	0.00618	0.00618	0.00309	0.00309
5	0.01635	0.01841	0.03983	0.02860	0.03543	0.01725	0.63427	0.02218	0.01703	0.02320	0.06058	0.02149	0.01459	0.00658	0.00840	0.00239	0.01142	0.00870	0.00389	0.00941
6	0.02707	0.01995	0.02137	0.01638	0.02208	0.02208	0.01353	0.68159	0.03348	0.04488	0.01710	0.01710	0.01211	0.00855	0.00712	0.00214	0.00784	0.00641	0.00712	0.01211
7	0.01237	0.00618	0.00928	0.00928	0.00928	0.00618	0.00618	0.00928	0.00928	0.01237	0.01237	0.02165	0.01237	0.02474	0.02783	0.79283	0.00618	0.00618	0.00309	0.00309
8	0.01550	0.01475	0.02507	0.39353	0.37209	0.01636	0.02080	0.01999	0.01521	0.02069	0.01302	0.01831	0.01037	0.00674	0.00708	0.00225	0.00898	0.00634	0.00334	0.00957
9	0.01345	0.01266	0.02136	0.73264	0.04904	0.01582	0.01978	0.01819	0.01424	0.01819	0.01266	0.01898	0.00949	0.00712	0.00712	0.00237	0.00949	0.00633	0.00316	0.00791
10	0.01036	0.00690	0.00777	0.00777	0.00777	0.00690	0.00431	0.01036	0.01036	0.01381	0.02244	0.04660	0.02589	0.74975	0.03624	0.00690	0.00690	0.01036	0.00431	0.00431
11	0.01036	0.00690	0.00777	0.00777	0.00777	0.00690	0.00431	0.01036	0.01036	0.01381	0.02244	0.04660	0.02589	0.74975	0.03624	0.00690	0.00690	0.01036	0.00431	0.00431
12	0.02172	0.01694	0.01815	0.01508	0.01965	0.01909	0.01203	0.33232	0.35214	0.03578	0.02261	0.02194	0.01680	0.00997	0.00831	0.04541	0.00668	0.00719	0.00696	0.01121
13	0.80005	0.01377	0.01047	0.00936	0.01377	0.01597	0.00771	0.02093	0.01212	0.03195	0.00991	0.01157	0.00771	0.00661	0.00441	0.00220	0.00551	0.00386	0.00441	0.00771

[dist]
# distance from previous block
# <min> <max>
0	0

# created by:
# /st0/software/busco_prod/Augustus/scripts/msa2prfl.pl ./align_prep/163503.fa
