[name]
unknown

[dist]
# distance from previous block
# <min> <max>
26	64

[block]
# block no. 0 follows, 27 sequences, length 6
# corresponding to MSA columns:
# 86-91
name=unknown_A
#
# <colnr> <probs for GDERKNQSTAVLIFYWHMCP>
#	G	D	E	R	K	N	Q	S	T	A	V	L	I	F	Y	W	H	M	C	P
0	0.01533	0.00984	0.01171	0.01026	0.01359	0.00878	0.00786	0.03852	0.05209	0.13105	0.12013	0.10394	0.24393	0.01512	0.00970	0.06609	0.00490	0.01153	0.00681	0.11881
1	0.01517	0.00972	0.01129	0.01051	0.01297	0.04296	0.00791	0.01783	0.01920	0.15190	0.32281	0.18054	0.13653	0.01571	0.00855	0.00246	0.00472	0.01364	0.00773	0.00786
2	0.14126	0.01785	0.05960	0.20201	0.06394	0.08085	0.05860	0.05908	0.01610	0.02412	0.01341	0.01770	0.01071	0.00995	0.03789	0.00275	0.09508	0.00607	0.04104	0.04198
3	0.10252	0.01410	0.01745	0.01351	0.01918	0.01338	0.01116	0.13599	0.02264	0.53233	0.02570	0.02286	0.01650	0.00893	0.00719	0.00229	0.00656	0.00702	0.00848	0.01221
4	0.01419	0.01462	0.12279	0.04665	0.01841	0.01134	0.01221	0.06406	0.07396	0.05612	0.34295	0.06465	0.06461	0.01309	0.00829	0.00244	0.00587	0.04820	0.00691	0.00865
5	0.13958	0.10629	0.44143	0.01873	0.05659	0.01774	0.02113	0.02241	0.01555	0.02491	0.05949	0.01758	0.01352	0.00750	0.00655	0.00225	0.00920	0.00569	0.00375	0.01011

[dist]
# distance from previous block
# <min> <max>
1	14

[block]
# block no. 1 follows, 27 sequences, length 32
# corresponding to MSA columns:
# 106-137
name=unknown_B
#
# <colnr> <probs for GDERKNQSTAVLIFYWHMCP>
#	G	D	E	R	K	N	Q	S	T	A	V	L	I	F	Y	W	H	M	C	P
0	0.02397	0.21377	0.05821	0.04876	0.02340	0.06627	0.01439	0.36013	0.02585	0.03357	0.01475	0.01583	0.01124	0.00781	0.00655	0.00199	0.00850	0.00566	0.00551	0.05383
1	0.02148	0.05645	0.08560	0.02434	0.05348	0.05873	0.28820	0.23514	0.02291	0.03049	0.01515	0.01801	0.01135	0.00754	0.00842	0.00234	0.03744	0.00722	0.00487	0.01083
2	0.04115	0.02402	0.19135	0.11775	0.07732	0.05626	0.30473	0.05366	0.01756	0.02418	0.01411	0.01816	0.01055	0.00684	0.00779	0.00239	0.01122	0.00711	0.00375	0.01010
3	0.01075	0.00736	0.00893	0.00893	0.00922	0.00765	0.00554	0.01133	0.01104	0.01501	0.02263	0.04436	0.02516	0.59052	0.18386	0.00823	0.00996	0.01018	0.00438	0.00496
4	0.01530	0.06528	0.62096	0.02164	0.03214	0.01785	0.07840	0.02348	0.01580	0.02329	0.01334	0.01587	0.00956	0.00696	0.00710	0.00233	0.01097	0.00569	0.00319	0.01084
5	0.00990	0.00753	0.00887	0.00855	0.01042	0.00675	0.00627	0.01247	0.01855	0.02475	0.40075	0.06068	0.29373	0.08463	0.01149	0.00286	0.00394	0.01400	0.00736	0.00650
6	0.01933	0.67049	0.10748	0.01358	0.02041	0.02812	0.01423	0.02236	0.01515	0.01809	0.01063	0.01230	0.00951	0.00642	0.00500	0.00167	0.00825	0.00413	0.00317	0.00968
7	0.01719	0.01469	0.02259	0.11700	0.02704	0.01310	0.14985	0.02193	0.03931	0.07772	0.01547	0.01822	0.01189	0.00639	0.00669	0.00174	0.00769	0.00602	0.00460	0.42086
8	0.01830	0.52327	0.24563	0.01534	0.02314	0.02558	0.01730	0.02263	0.01527	0.01935	0.01126	0.01308	0.00949	0.00657	0.00548	0.00183	0.00889	0.00444	0.00316	0.00998
9	0.01816	0.01894	0.07201	0.04404	0.65153	0.01761	0.02307	0.02283	0.01683	0.02421	0.01392	0.01820	0.01161	0.00664	0.00733	0.00221	0.00895	0.00654	0.00364	0.01171
10	0.03331	0.01263	0.01723	0.01321	0.01895	0.01091	0.01091	0.03618	0.02125	0.69794	0.02929	0.02527	0.01838	0.00919	0.00747	0.00230	0.00632	0.00747	0.00919	0.01263
11	0.01437	0.01355	0.02289	0.66761	0.10208	0.01658	0.02079	0.01927	0.01501	0.01939	0.01326	0.01968	0.01004	0.00736	0.00742	0.00245	0.00981	0.00660	0.00333	0.00853
12	0.01527	0.03572	0.60475	0.02264	0.03310	0.01746	0.12063	0.02355	0.01594	0.02355	0.01357	0.01631	0.00968	0.00694	0.00730	0.00237	0.01120	0.00596	0.00323	0.01083
13	0.03216	0.01423	0.05966	0.01370	0.01977	0.01130	0.01194	0.03539	0.02090	0.65606	0.02830	0.02467	0.01782	0.00906	0.00744	0.00230	0.00661	0.00734	0.00881	0.01253
14	0.00904	0.00646	0.00861	0.01034	0.01077	0.00603	0.00689	0.01034	0.01421	0.01895	0.04092	0.73426	0.04910	0.02326	0.00948	0.00301	0.00431	0.02110	0.00689	0.00603
15	0.05955	0.01693	0.03093	0.22704	0.28386	0.01760	0.21144	0.02197	0.01628	0.02314	0.01386	0.01891	0.01089	0.00675	0.00763	0.00237	0.01004	0.00710	0.00364	0.01006
16	0.01846	0.02256	0.11244	0.11975	0.28411	0.11050	0.17820	0.02356	0.01720	0.02257	0.01371	0.01796	0.01083	0.00682	0.00758	0.00229	0.01072	0.00675	0.00360	0.01038
17	0.00904	0.00646	0.00861	0.01034	0.01077	0.00603	0.00689	0.01034	0.01421	0.01895	0.04092	0.73426	0.04910	0.02326	0.00948	0.00301	0.00431	0.02110	0.00689	0.00603
18	0.01985	0.74357	0.03890	0.01270	0.01905	0.02937	0.01270	0.02223	0.01508	0.01747	0.01032	0.01191	0.00953	0.00635	0.00476	0.00159	0.00794	0.00397	0.00318	0.00953
19	0.01642	0.02376	0.20503	0.02814	0.06056	0.01764	0.44531	0.02292	0.01685	0.02346	0.01600	0.05880	0.01293	0.00742	0.00832	0.00248	0.01153	0.00855	0.00377	0.01010
20	0.01746	0.02056	0.06525	0.03143	0.06039	0.01868	0.62310	0.02374	0.01744	0.02379	0.01493	0.01982	0.01122	0.00630	0.00866	0.00249	0.01234	0.00858	0.00373	0.01010
21	0.00953	0.00696	0.00870	0.00989	0.01076	0.00649	0.00688	0.01098	0.01454	0.01889	0.04453	0.45911	0.15925	0.11623	0.01315	0.00352	0.00485	0.08322	0.00657	0.00595
22	0.01699	0.06529	0.22058	0.02840	0.07673	0.01888	0.41625	0.02356	0.01685	0.02338	0.01423	0.01829	0.01069	0.00650	0.00799	0.00239	0.01161	0.00747	0.00355	0.01035
23	0.02570	0.05789	0.02183	0.01627	0.02174	0.02194	0.01339	0.53198	0.09933	0.04205	0.02000	0.05857	0.01554	0.00970	0.00741	0.00227	0.00770	0.00752	0.00718	0.01200
24	0.01107	0.00962	0.01572	0.06905	0.01853	0.00926	0.12451	0.01349	0.01492	0.01953	0.03755	0.38702	0.13235	0.08736	0.01181	0.00321	0.00640	0.01598	0.00582	0.00680
25	0.02875	0.01916	0.02117	0.01632	0.02216	0.02070	0.01345	0.53199	0.05699	0.16176	0.02033	0.01952	0.01403	0.00900	0.00744	0.00225	0.00775	0.00689	0.00774	0.01259
26	0.02033	0.16901	0.05877	0.02605	0.14973	0.09644	0.21665	0.09155	0.05552	0.02474	0.01455	0.01738	0.01152	0.00701	0.00719	0.00216	0.01013	0.00660	0.00420	0.01048
27	0.01718	0.02073	0.14810	0.13096	0.49032	0.01742	0.02332	0.02241	0.01641	0.02342	0.01375	0.01808	0.01109	0.00680	0.00731	0.00227	0.00934	0.00641	0.00353	0.01115
28	0.01760	0.01830	0.03530	0.05992	0.30966	0.01758	0.32811	0.02283	0.01702	0.02384	0.01438	0.01899	0.01140	0.00639	0.00789	0.00228	0.01038	0.00748	0.00375	0.06691
29	0.01321	0.02795	0.01394	0.05495	0.01681	0.01010	0.03584	0.01792	0.07795	0.05156	0.20707	0.04481	0.23674	0.01281	0.00784	0.00218	0.00514	0.01097	0.00649	0.14570
30	0.02035	0.12970	0.02310	0.19566	0.02842	0.09618	0.01458	0.17008	0.09631	0.02706	0.01556	0.01772	0.01204	0.00766	0.00668	0.00203	0.00852	0.00591	0.00491	0.11751
31	0.01860	0.01489	0.01647	0.01286	0.01830	0.01423	0.01029	0.21531	0.09408	0.03108	0.02455	0.05084	0.09144	0.00921	0.00683	0.00183	0.00610	0.00743	0.00603	0.34964

[dist]
# distance from previous block
# <min> <max>
17	26

[block]
# block no. 2 follows, 27 sequences, length 38
# corresponding to MSA columns:
# 169-206
name=unknown_C
#
# <colnr> <probs for GDERKNQSTAVLIFYWHMCP>
#	G	D	E	R	K	N	Q	S	T	A	V	L	I	F	Y	W	H	M	C	P
0	0.05581	0.04465	0.05246	0.01470	0.04280	0.03263	0.03431	0.06001	0.14830	0.06970	0.12927	0.03055	0.05524	0.00996	0.00724	0.00214	0.00641	0.03703	0.00614	0.16063
1	0.06318	0.01707	0.09521	0.03734	0.05617	0.04749	0.04228	0.06522	0.04770	0.02550	0.04685	0.11977	0.02043	0.01004	0.00713	0.00209	0.00718	0.03960	0.00511	0.24463
2	0.05070	0.12674	0.46945	0.01998	0.06920	0.01787	0.02230	0.02222	0.01543	0.02295	0.01450	0.05889	0.01199	0.00785	0.00674	0.00223	0.00957	0.00619	0.00352	0.04167
3	0.01171	0.03763	0.01039	0.00943	0.01146	0.00799	0.00699	0.01340	0.01537	0.06020	0.04772	0.17237	0.28880	0.16583	0.01465	0.00356	0.00526	0.08089	0.00631	0.03003
4	0.02523	0.06485	0.06070	0.01654	0.02261	0.02195	0.01426	0.48902	0.10702	0.04081	0.01835	0.01838	0.01335	0.00863	0.00717	0.00218	0.00792	0.00655	0.00680	0.04769
5	0.69682	0.10386	0.01435	0.01012	0.01493	0.01822	0.00861	0.02187	0.01293	0.03136	0.01033	0.01204	0.00822	0.00682	0.00461	0.00221	0.00601	0.00401	0.00442	0.00822
6	0.02693	0.02168	0.06464	0.01725	0.02342	0.02245	0.01484	0.59868	0.06329	0.04460	0.01811	0.01814	0.01288	0.00885	0.00741	0.00225	0.00824	0.00669	0.00716	0.01248
7	0.01062	0.00717	0.00834	0.00851	0.00862	0.00719	0.00497	0.01088	0.01118	0.01498	0.02489	0.11311	0.02867	0.63551	0.06966	0.00704	0.00757	0.01163	0.00470	0.00475
8	0.00979	0.00738	0.01069	0.01132	0.01212	0.00696	0.04667	0.01122	0.01397	0.01865	0.03704	0.60068	0.04389	0.11631	0.01315	0.00353	0.00519	0.01900	0.00639	0.00607
9	0.14775	0.01522	0.01564	0.01335	0.01786	0.05170	0.01059	0.06300	0.26107	0.17907	0.09446	0.02581	0.02270	0.00953	0.00704	0.00231	0.00620	0.00757	0.00717	0.04196
10	0.01864	0.01545	0.01580	0.01380	0.01696	0.08499	0.01064	0.22292	0.08917	0.02772	0.02251	0.02886	0.04789	0.13877	0.20623	0.00571	0.01134	0.00808	0.00563	0.00889
11	0.01773	0.01245	0.01423	0.01282	0.01582	0.01321	0.00966	0.15850	0.17873	0.08626	0.07667	0.22634	0.03140	0.09699	0.01159	0.00310	0.00594	0.01212	0.00718	0.00925
12	0.02965	0.01281	0.01657	0.01314	0.01846	0.01173	0.01071	0.03510	0.11703	0.55937	0.03222	0.02843	0.05985	0.00990	0.00756	0.00234	0.00610	0.00810	0.00881	0.01212
13	0.10923	0.00981	0.01109	0.01001	0.01236	0.00979	0.00726	0.04724	0.03650	0.12149	0.18567	0.06960	0.06802	0.25027	0.01750	0.00395	0.00572	0.01054	0.00651	0.00744
14	0.33542	0.01163	0.01219	0.01059	0.01449	0.01193	0.00845	0.02287	0.01729	0.20741	0.20307	0.06558	0.02995	0.01064	0.00675	0.00235	0.00520	0.00841	0.00691	0.00887
15	0.00911	0.00651	0.00867	0.01029	0.01078	0.00607	0.00690	0.01050	0.01452	0.01944	0.07021	0.70357	0.05005	0.02289	0.00944	0.00298	0.00427	0.02076	0.00695	0.00607
16	0.00963	0.00682	0.00862	0.00958	0.01015	0.00644	0.00630	0.01092	0.01437	0.01929	0.12056	0.46181	0.06972	0.19119	0.01605	0.00390	0.00487	0.01749	0.00649	0.00580
17	0.01476	0.00826	0.01050	0.01023	0.01252	0.00733	0.00754	0.01681	0.01726	0.17727	0.12216	0.33689	0.19338	0.01803	0.00876	0.00265	0.00455	0.01579	0.00757	0.00772
18	0.01057	0.00710	0.00816	0.00838	0.00844	0.00705	0.00480	0.01074	0.01123	0.01497	0.02562	0.13581	0.02980	0.64804	0.03418	0.00667	0.00683	0.01211	0.00480	0.00469
19	0.02020	0.01681	0.01777	0.01546	0.01997	0.01928	0.01217	0.15146	0.56453	0.03386	0.02801	0.02594	0.02087	0.00987	0.00753	0.00247	0.00628	0.00809	0.00753	0.01191
20	0.00891	0.00737	0.00768	0.00790	0.01002	0.00628	0.00574	0.01062	0.01628	0.01964	0.06842	0.15177	0.57814	0.05511	0.01030	0.00280	0.00400	0.01609	0.00677	0.00615
21	0.01040	0.00703	0.00821	0.00860	0.00870	0.00693	0.00504	0.01069	0.01157	0.01542	0.02734	0.20293	0.03197	0.57796	0.03141	0.00626	0.00655	0.01312	0.00504	0.00484
22	0.01061	0.00795	0.01193	0.01193	0.01326	0.00928	0.00928	0.01326	0.01193	0.01723	0.01988	0.02916	0.01856	0.05568	0.70968	0.01193	0.01988	0.00795	0.00398	0.00663
23	0.02773	0.03538	0.02104	0.01913	0.02295	0.70930	0.01434	0.02964	0.02104	0.01817	0.01148	0.01339	0.00956	0.00765	0.00669	0.00191	0.01339	0.00478	0.00383	0.00861
24	0.00941	0.00744	0.00848	0.00845	0.01048	0.00650	0.00625	0.01180	0.01808	0.02335	0.28724	0.13415	0.40604	0.01799	0.00884	0.00250	0.00373	0.01544	0.00734	0.00650
25	0.00923	0.00662	0.00861	0.01001	0.01059	0.00617	0.00669	0.01060	0.01454	0.01937	0.08080	0.61979	0.07808	0.06753	0.01118	0.00321	0.00441	0.01974	0.00682	0.00600
26	0.01077	0.00728	0.00853	0.00853	0.00869	0.00743	0.00504	0.01108	0.01093	0.01472	0.02299	0.04636	0.02603	0.66110	0.11447	0.00774	0.00865	0.01047	0.00444	0.00474
27	0.01159	0.01023	0.04623	0.01091	0.01332	0.00940	0.00887	0.03130	0.03526	0.03768	0.05913	0.07396	0.26719	0.08066	0.23903	0.00593	0.03521	0.01146	0.00558	0.00707
28	0.01996	0.01749	0.01718	0.01528	0.01946	0.07729	0.01185	0.06886	0.55114	0.05039	0.02776	0.02653	0.02104	0.03156	0.00837	0.00258	0.00669	0.00804	0.00719	0.01133
29	0.01051	0.00759	0.00992	0.00934	0.01109	0.00700	0.00700	0.01401	0.02101	0.02977	0.68888	0.05545	0.07005	0.01518	0.00876	0.00233	0.00350	0.01343	0.00817	0.00700
30	0.00888	0.00752	0.00767	0.00763	0.01009	0.00631	0.00573	0.01086	0.01718	0.02066	0.11376	0.07044	0.65085	0.01857	0.00877	0.00250	0.00374	0.01553	0.00697	0.00631
31	0.01807	0.05765	0.07161	0.06269	0.57010	0.01825	0.04871	0.02272	0.01669	0.02366	0.01375	0.01798	0.01142	0.00664	0.00725	0.00220	0.00909	0.00649	0.00361	0.01141
32	0.01539	0.01319	0.01539	0.01100	0.01759	0.00990	0.00880	0.01869	0.01539	0.02419	0.01319	0.01539	0.01100	0.00550	0.00550	0.00110	0.00550	0.00440	0.00440	0.78449
33	0.02934	0.01900	0.02117	0.01623	0.02213	0.02036	0.01341	0.52938	0.03191	0.18967	0.02034	0.01946	0.01389	0.00897	0.00743	0.00224	0.00776	0.00686	0.00781	0.01263
34	0.05148	0.00803	0.00893	0.00891	0.01122	0.00731	0.00693	0.01278	0.01787	0.02378	0.24121	0.06525	0.39823	0.01735	0.00873	0.00256	0.00417	0.09149	0.00713	0.00664
35	0.01955	0.70077	0.07907	0.01322	0.01985	0.02864	0.01360	0.02231	0.01512	0.01783	0.01050	0.01214	0.00952	0.00639	0.00490	0.00163	0.00812	0.00406	0.00317	0.00961
36	0.66370	0.01389	0.01199	0.05334	0.01689	0.01592	0.00916	0.02208	0.01346	0.06738	0.01301	0.01692	0.01049	0.00775	0.00521	0.00237	0.00608	0.03724	0.00488	0.00824
37	0.01719	0.01360	0.01670	0.01221	0.01833	0.01109	0.03586	0.06575	0.01694	0.06606	0.01522	0.01844	0.01258	0.05208	0.00792	0.00169	0.00613	0.00533	0.00488	0.60201

[dist]
# distance from previous block
# <min> <max>
0	38

# created by:
# /st0/software/busco_prod/Augustus/scripts/msa2prfl.pl ./align_prep/163885.fa
