[name]
unknown

[dist]
# distance from previous block
# <min> <max>
0	39

[block]
# block no. 0 follows, 29 sequences, length 9
# corresponding to MSA columns:
# 39-47
name=unknown_A
#
# <colnr> <probs for GDERKNQSTAVLIFYWHMCP>
#	G	D	E	R	K	N	Q	S	T	A	V	L	I	F	Y	W	H	M	C	P
0	0.05690	0.01413	0.05249	0.08501	0.06400	0.01374	0.01361	0.17542	0.02040	0.11200	0.02656	0.04145	0.05150	0.01230	0.00795	0.00257	0.00723	0.22736	0.00616	0.00921
1	0.07479	0.01288	0.01684	0.17096	0.08022	0.03488	0.01294	0.08698	0.01863	0.17535	0.10447	0.06038	0.04626	0.01048	0.00741	0.00234	0.00690	0.06212	0.00604	0.00911
2	0.01681	0.01166	0.01590	0.07182	0.11997	0.01187	0.01174	0.12353	0.01895	0.11491	0.10457	0.14956	0.06806	0.04733	0.03770	0.00297	0.00678	0.05098	0.00618	0.00873
3	0.01725	0.01339	0.01523	0.04430	0.05256	0.06807	0.01090	0.09845	0.06058	0.10247	0.07549	0.10827	0.13336	0.01316	0.00980	0.03251	0.06705	0.04155	0.00602	0.02959
4	0.01265	0.00788	0.01050	0.01065	0.01216	0.00762	0.00802	0.03864	0.01619	0.08076	0.17815	0.26200	0.04104	0.04563	0.04290	0.08429	0.00564	0.12218	0.00652	0.00660
5	0.01208	0.00761	0.00925	0.00921	0.01103	0.00705	0.00671	0.01458	0.04577	0.08514	0.14426	0.24736	0.20849	0.01725	0.00976	0.06797	0.00423	0.01373	0.07185	0.00667
6	0.01134	0.00803	0.01025	0.06670	0.01339	0.00828	0.00741	0.01432	0.07812	0.02018	0.17820	0.14194	0.05881	0.18594	0.01736	0.11674	0.00541	0.01123	0.04034	0.00600
7	0.01301	0.00862	0.01043	0.01031	0.01223	0.00846	0.00761	0.03533	0.09258	0.08438	0.13891	0.27039	0.10957	0.07738	0.01060	0.00291	0.00475	0.05410	0.04117	0.00728
8	0.01368	0.00794	0.01005	0.00956	0.01182	0.00705	0.00714	0.01599	0.01757	0.15927	0.24760	0.23593	0.19618	0.01628	0.00834	0.00244	0.00416	0.01420	0.00743	0.00738

[dist]
# distance from previous block
# <min> <max>
0	2

[block]
# block no. 1 follows, 29 sequences, length 83
# corresponding to MSA columns:
# 50-132
name=unknown_B
#
# <colnr> <probs for GDERKNQSTAVLIFYWHMCP>
#	G	D	E	R	K	N	Q	S	T	A	V	L	I	F	Y	W	H	M	C	P
0	0.07240	0.00750	0.00847	0.00873	0.01000	0.00720	0.00592	0.01213	0.01375	0.04413	0.08507	0.26932	0.16637	0.23780	0.01663	0.00388	0.00499	0.01396	0.00591	0.00584
1	0.02130	0.01251	0.01452	0.01210	0.01620	0.01243	0.00960	0.17667	0.09472	0.24540	0.03665	0.09194	0.17904	0.03297	0.00843	0.00245	0.00572	0.01006	0.00743	0.00987
2	0.01271	0.00935	0.01089	0.01079	0.03206	0.00917	0.00774	0.04260	0.11513	0.06674	0.12355	0.13780	0.27657	0.07101	0.03870	0.00311	0.00526	0.01270	0.00664	0.00750
3	0.01232	0.00858	0.01003	0.00989	0.01128	0.00860	0.00680	0.06479	0.06838	0.04719	0.07346	0.27575	0.08725	0.26234	0.01771	0.00403	0.00545	0.01355	0.00609	0.00653
4	0.09148	0.01717	0.01906	0.07152	0.02252	0.04354	0.03721	0.28497	0.16284	0.05988	0.01815	0.01864	0.01338	0.00798	0.00671	0.00209	0.00727	0.00629	0.00606	0.10324
5	0.01460	0.00977	0.01202	0.01106	0.01333	0.01000	0.00848	0.06712	0.07067	0.10474	0.17580	0.13233	0.13140	0.06843	0.03828	0.02575	0.04841	0.04349	0.00664	0.00767
6	0.14408	0.01274	0.01448	0.01196	0.01627	0.01295	0.00960	0.11105	0.11097	0.27830	0.12508	0.02836	0.05004	0.03290	0.00788	0.00238	0.00568	0.00792	0.00733	0.01004
7	0.01953	0.04351	0.01764	0.01429	0.01709	0.03595	0.01148	0.16207	0.04374	0.13621	0.04320	0.11408	0.01992	0.05425	0.05979	0.00333	0.18045	0.00866	0.00578	0.00904
8	0.02164	0.01239	0.01386	0.01131	0.01527	0.01266	0.00910	0.22518	0.04480	0.17599	0.02217	0.02272	0.01607	0.00842	0.00618	0.00192	0.00543	0.00664	0.32931	0.03893
9	0.00919	0.00724	0.00828	0.00802	0.01009	0.00634	0.00602	0.01171	0.01805	0.02356	0.36402	0.06142	0.40787	0.01642	0.00841	0.00233	0.00349	0.01403	0.00718	0.00634
10	0.01781	0.54284	0.15236	0.01436	0.02050	0.02541	0.01503	0.02104	0.01415	0.01780	0.01033	0.01254	0.00914	0.00696	0.00717	0.00184	0.09413	0.00435	0.00305	0.00922
11	0.01885	0.72570	0.06401	0.01250	0.01877	0.02772	0.01274	0.02137	0.01449	0.01698	0.01001	0.01157	0.00913	0.00612	0.00466	0.00155	0.00773	0.00386	0.00304	0.00919
12	0.01762	0.01692	0.02890	0.04371	0.70533	0.01692	0.02185	0.02185	0.01621	0.02326	0.01339	0.01762	0.01128	0.00634	0.00705	0.00211	0.00846	0.00634	0.00352	0.01128
13	0.01327	0.00664	0.00664	0.00664	0.00830	0.00664	0.00498	0.01659	0.01493	0.02655	0.02323	0.02655	0.01825	0.00830	0.00498	0.00166	0.00332	0.00664	0.78928	0.00664
14	0.06139	0.01365	0.01719	0.01323	0.01873	0.01286	0.01093	0.15530	0.02251	0.55886	0.02531	0.02240	0.01620	0.00868	0.00704	0.00219	0.00637	0.00689	0.00832	0.01194
15	0.03195	0.01212	0.01652	0.01267	0.01818	0.01047	0.01047	0.03470	0.02038	0.71026	0.02809	0.02424	0.01763	0.00881	0.00716	0.00220	0.00606	0.00716	0.00881	0.01212
16	0.01327	0.00664	0.00664	0.00664	0.00830	0.00664	0.00498	0.01659	0.01493	0.02655	0.02323	0.02655	0.01825	0.00830	0.00498	0.00166	0.00332	0.00664	0.78928	0.00664
17	0.02269	0.02567	0.02042	0.02123	0.13154	0.41660	0.01432	0.08243	0.06636	0.02149	0.01409	0.01666	0.01162	0.01270	0.08832	0.00304	0.01191	0.00562	0.00421	0.00907
18	0.03195	0.01212	0.01652	0.01267	0.01818	0.01047	0.01047	0.03470	0.02038	0.71026	0.02809	0.02424	0.01763	0.00881	0.00716	0.00220	0.00606	0.00716	0.00881	0.01212
19	0.00976	0.00727	0.00908	0.00862	0.01044	0.00658	0.00647	0.01282	0.01940	0.02677	0.58076	0.05613	0.18911	0.01522	0.00840	0.00227	0.00341	0.01329	0.00760	0.00658
20	0.03162	0.01265	0.01685	0.01292	0.01844	0.01125	0.01067	0.07826	0.02126	0.66546	0.02735	0.02376	0.01726	0.00880	0.00716	0.00220	0.00618	0.00711	0.00870	0.01212
21	0.07872	0.08762	0.53624	0.01807	0.02712	0.01671	0.02222	0.02274	0.01512	0.06332	0.01419	0.01755	0.01067	0.00732	0.00655	0.00223	0.00948	0.03040	0.00360	0.01013
22	0.01428	0.03683	0.71286	0.02030	0.03082	0.01654	0.02631	0.02255	0.01503	0.02255	0.01278	0.01503	0.00902	0.00677	0.00677	0.00226	0.01052	0.00526	0.00301	0.01052
23	0.00867	0.00624	0.00822	0.00981	0.01030	0.00579	0.00656	0.00993	0.01374	0.01822	0.04056	0.71807	0.07328	0.02214	0.00906	0.00287	0.00411	0.02003	0.00661	0.00579
24	0.01442	0.03600	0.68434	0.02127	0.05894	0.01655	0.02612	0.02252	0.01508	0.02258	0.01280	0.01514	0.00911	0.00675	0.00678	0.00225	0.01044	0.00531	0.00303	0.01056
25	0.01259	0.01096	0.01504	0.09058	0.01823	0.01243	0.04097	0.06167	0.01514	0.02007	0.03458	0.18011	0.21185	0.03420	0.01315	0.02928	0.17518	0.01176	0.00515	0.00705
26	0.60125	0.01584	0.04477	0.01422	0.01947	0.01643	0.15252	0.02140	0.01324	0.02962	0.01099	0.01334	0.00843	0.00649	0.00536	0.00225	0.00710	0.00489	0.00418	0.00823
27	0.00877	0.00635	0.00831	0.00985	0.01045	0.00589	0.00672	0.01013	0.01393	0.01838	0.04151	0.67114	0.09325	0.02190	0.00907	0.00287	0.00419	0.04486	0.00661	0.00583
28	0.01969	0.01400	0.01591	0.01370	0.01729	0.01494	0.01085	0.37224	0.02501	0.05894	0.05246	0.24939	0.02751	0.01391	0.00799	0.00246	0.00635	0.06083	0.00701	0.00951
29	0.02185	0.02316	0.02458	0.05637	0.35252	0.26623	0.01785	0.10861	0.01976	0.02379	0.01300	0.01592	0.01058	0.00701	0.00684	0.00203	0.00996	0.00573	0.00402	0.01019
30	0.01428	0.03683	0.71286	0.02030	0.03082	0.01654	0.02631	0.02255	0.01503	0.02255	0.01278	0.01503	0.00902	0.00677	0.00677	0.00226	0.01052	0.00526	0.00301	0.01052
31	0.01693	0.01621	0.02764	0.15869	0.59579	0.01674	0.02151	0.02124	0.01588	0.02242	0.01327	0.01785	0.01098	0.00647	0.00706	0.00216	0.00863	0.00634	0.00346	0.01072
32	0.01469	0.01256	0.01462	0.01068	0.01674	0.00970	0.00849	0.01847	0.04151	0.02331	0.01412	0.03782	0.01212	0.00597	0.00547	0.00117	0.00525	0.00487	0.00441	0.73803
33	0.01380	0.01302	0.02200	0.67412	0.10479	0.01591	0.01995	0.01850	0.01441	0.01862	0.01272	0.01887	0.00964	0.00705	0.00711	0.00235	0.00940	0.00633	0.00319	0.00820
34	0.02660	0.03394	0.02018	0.01834	0.02201	0.72116	0.01376	0.02843	0.02018	0.01743	0.01101	0.01284	0.00917	0.00734	0.00642	0.00183	0.01284	0.00459	0.00367	0.00825
35	0.01608	0.01642	0.02174	0.01868	0.01885	0.05379	0.01550	0.01765	0.01133	0.01715	0.00942	0.01545	0.00934	0.01223	0.02259	0.00306	0.70362	0.00616	0.00314	0.00781
36	0.00868	0.00620	0.00826	0.00991	0.01033	0.00578	0.00661	0.00991	0.01363	0.01818	0.03925	0.74510	0.04710	0.02231	0.00909	0.00289	0.00413	0.02024	0.00661	0.00578
37	0.01904	0.75404	0.03731	0.01218	0.01828	0.02818	0.01218	0.02132	0.01447	0.01675	0.00990	0.01142	0.00914	0.00609	0.00457	0.00152	0.00761	0.00381	0.00305	0.00914
38	0.01117	0.00798	0.01112	0.01276	0.01426	0.00793	0.01094	0.01422	0.01609	0.02096	0.03787	0.15363	0.04165	0.01996	0.00975	0.00324	0.00629	0.58714	0.00656	0.00647
39	0.01345	0.01266	0.02136	0.73264	0.04904	0.01582	0.01978	0.01819	0.01424	0.01819	0.01266	0.01898	0.00949	0.00712	0.00712	0.00237	0.00949	0.00633	0.00316	0.00791
40	0.01821	0.05346	0.02215	0.01832	0.01942	0.17880	0.01502	0.01986	0.01315	0.01718	0.00974	0.01478	0.00930	0.01102	0.01871	0.00276	0.54118	0.00575	0.00324	0.00796
41	0.01345	0.01266	0.02136	0.73264	0.04904	0.01582	0.01978	0.01819	0.01424	0.01819	0.01266	0.01898	0.00949	0.00712	0.00712	0.00237	0.00949	0.00633	0.00316	0.00791
42	0.00868	0.00620	0.00826	0.00991	0.01033	0.00578	0.00661	0.00991	0.01363	0.01818	0.03925	0.74510	0.04710	0.02231	0.00909	0.00289	0.00413	0.02024	0.00661	0.00578
43	0.02080	0.58658	0.03333	0.01362	0.01915	0.18933	0.01255	0.02298	0.01580	0.01691	0.01016	0.01175	0.00915	0.00638	0.00500	0.00160	0.00883	0.00399	0.00319	0.00893
44	0.02707	0.01995	0.02137	0.01638	0.02208	0.02208	0.01353	0.68159	0.03348	0.04488	0.01710	0.01710	0.01211	0.00855	0.00712	0.00214	0.00784	0.00641	0.00712	0.01211
45	0.01761	0.01682	0.02794	0.04005	0.60770	0.01704	0.04276	0.02364	0.09030	0.02396	0.01514	0.01866	0.01241	0.00670	0.00712	0.00216	0.00827	0.00660	0.00393	0.01122
46	0.80005	0.01377	0.01047	0.00936	0.01377	0.01597	0.00771	0.02093	0.01212	0.03195	0.00991	0.01157	0.00771	0.00661	0.00441	0.00220	0.00551	0.00386	0.00441	0.00771
47	0.01672	0.01980	0.06438	0.02969	0.03700	0.01796	0.65770	0.02280	0.01675	0.02280	0.01435	0.01907	0.01074	0.00603	0.00835	0.00240	0.01196	0.00830	0.00358	0.00963
48	0.01345	0.01266	0.02136	0.73264	0.04904	0.01582	0.01978	0.01819	0.01424	0.01819	0.01266	0.01898	0.00949	0.00712	0.00712	0.00237	0.00949	0.00633	0.00316	0.00791
49	0.01507	0.02639	0.36675	0.15381	0.12818	0.01674	0.14842	0.02172	0.01539	0.02191	0.01315	0.01689	0.00975	0.00663	0.00718	0.00228	0.01033	0.00620	0.00322	0.00998
50	0.80005	0.01377	0.01047	0.00936	0.01377	0.01597	0.00771	0.02093	0.01212	0.03195	0.00991	0.01157	0.00771	0.00661	0.00441	0.00220	0.00551	0.00386	0.00441	0.00771
51	0.01762	0.01692	0.02890	0.04371	0.70533	0.01692	0.02185	0.02185	0.01621	0.02326	0.01339	0.01762	0.01128	0.00634	0.00705	0.00211	0.00846	0.00634	0.00352	0.01128
52	0.00953	0.00686	0.00903	0.00933	0.01052	0.00635	0.00668	0.01206	0.01761	0.02450	0.44290	0.32342	0.05934	0.01758	0.00867	0.00249	0.00366	0.01575	0.00736	0.00635
53	0.00842	0.00721	0.00721	0.00721	0.00962	0.00601	0.00541	0.01022	0.01623	0.01924	0.07213	0.06853	0.70244	0.01803	0.00842	0.00240	0.00361	0.01503	0.00661	0.00601
54	0.01904	0.75404	0.03731	0.01218	0.01828	0.02818	0.01218	0.02132	0.01447	0.01675	0.00990	0.01142	0.00914	0.00609	0.00457	0.00152	0.00761	0.00381	0.00305	0.00914
55	0.01017	0.00763	0.01144	0.01144	0.01272	0.00890	0.00890	0.01272	0.01144	0.01653	0.01907	0.02797	0.01780	0.05340	0.72153	0.01144	0.01907	0.00763	0.00381	0.00636
56	0.01364	0.01277	0.02112	0.70039	0.04767	0.01591	0.01939	0.01908	0.04470	0.01871	0.01339	0.01932	0.01004	0.00723	0.00712	0.00237	0.00932	0.00641	0.00335	0.00806
57	0.05715	0.00806	0.00985	0.00932	0.01155	0.00753	0.00725	0.01492	0.01869	0.07381	0.44550	0.05391	0.16682	0.01477	0.00822	0.00236	0.00401	0.07189	0.00738	0.00701
58	0.02707	0.01995	0.02137	0.01638	0.02208	0.02208	0.01353	0.68159	0.03348	0.04488	0.01710	0.01710	0.01211	0.00855	0.00712	0.00214	0.00784	0.00641	0.00712	0.01211
59	0.01520	0.17457	0.58312	0.01874	0.02841	0.01877	0.02360	0.02231	0.01493	0.02144	0.01223	0.01434	0.00904	0.00664	0.00634	0.00211	0.00996	0.00498	0.00301	0.01026
60	0.00868	0.00620	0.00826	0.00991	0.01033	0.00578	0.00661	0.00991	0.01363	0.01818	0.03925	0.74510	0.04710	0.02231	0.00909	0.00289	0.00413	0.02024	0.00661	0.00578
61	0.01345	0.01266	0.02136	0.73264	0.04904	0.01582	0.01978	0.01819	0.01424	0.01819	0.01266	0.01898	0.00949	0.00712	0.00712	0.00237	0.00949	0.00633	0.00316	0.00791
62	0.01137	0.00756	0.00993	0.00918	0.01108	0.00694	0.00694	0.01469	0.02017	0.06871	0.66191	0.05148	0.06427	0.01422	0.00833	0.00224	0.00352	0.01254	0.00790	0.00704
63	0.01008	0.00728	0.00952	0.00896	0.01064	0.00672	0.00672	0.01344	0.02016	0.02855	0.70158	0.05319	0.06719	0.01456	0.00840	0.00224	0.00336	0.01288	0.00784	0.00672
64	0.01521	0.17654	0.58127	0.01872	0.02838	0.01880	0.02356	0.02231	0.01492	0.02142	0.01222	0.01433	0.00904	0.00663	0.00634	0.00211	0.00996	0.00498	0.00301	0.01025
65	0.00868	0.00620	0.00826	0.00991	0.01033	0.00578	0.00661	0.00991	0.01363	0.01818	0.03925	0.74510	0.04710	0.02231	0.00909	0.00289	0.00413	0.02024	0.00661	0.00578
66	0.00868	0.00620	0.00826	0.00991	0.01033	0.00578	0.00661	0.00991	0.01363	0.01818	0.03925	0.74510	0.04710	0.02231	0.00909	0.00289	0.00413	0.02024	0.00661	0.00578
67	0.01871	0.70424	0.08421	0.01275	0.01915	0.02737	0.01316	0.02141	0.01451	0.01716	0.01010	0.01167	0.00913	0.00614	0.00472	0.00157	0.00782	0.00391	0.00304	0.00923
68	0.67421	0.13305	0.01479	0.00982	0.01450	0.01794	0.00843	0.02099	0.01250	0.02950	0.00991	0.01154	0.00794	0.00653	0.00443	0.00209	0.00585	0.00385	0.00419	0.00794
69	0.00866	0.00624	0.00822	0.00980	0.01030	0.00579	0.00656	0.00993	0.01374	0.01822	0.04062	0.71690	0.07442	0.02213	0.00906	0.00287	0.00411	0.02003	0.00661	0.00579
70	0.01327	0.00664	0.00664	0.00664	0.00830	0.00664	0.00498	0.01659	0.01493	0.02655	0.02323	0.02655	0.01825	0.00830	0.00498	0.00166	0.00332	0.00664	0.78928	0.00664
71	0.01589	0.27912	0.48464	0.01756	0.02658	0.02047	0.02154	0.02214	0.01484	0.02059	0.01181	0.01381	0.00906	0.00654	0.00602	0.00201	0.00954	0.00477	0.00302	0.01006
72	0.01697	0.01626	0.02773	0.15089	0.60323	0.01675	0.02153	0.02128	0.01591	0.02247	0.01328	0.01784	0.01100	0.00647	0.00706	0.00216	0.00862	0.00634	0.00347	0.01075
73	0.01147	0.00820	0.01147	0.01311	0.01475	0.00820	0.01147	0.01475	0.01639	0.02131	0.03770	0.08032	0.04098	0.01967	0.00984	0.00328	0.00656	0.65741	0.00656	0.00656
74	0.01669	0.02000	0.07214	0.02958	0.03693	0.01794	0.65014	0.02280	0.01673	0.02280	0.01433	0.01902	0.01072	0.00604	0.00833	0.00239	0.01194	0.00826	0.00357	0.00965
75	0.01858	0.68579	0.10160	0.01296	0.01947	0.02707	0.01353	0.02144	0.01452	0.01730	0.01017	0.01177	0.00913	0.00616	0.00478	0.00159	0.00789	0.00395	0.00304	0.00927
76	0.01017	0.00763	0.01144	0.01144	0.01272	0.00890	0.00890	0.01272	0.01144	0.01653	0.01907	0.02797	0.01780	0.05340	0.72153	0.01144	0.01907	0.00763	0.00381	0.00636
77	0.01817	0.01553	0.01636	0.01458	0.01869	0.01793	0.01138	0.06966	0.65990	0.03053	0.02839	0.02610	0.02126	0.00961	0.00724	0.00240	0.00574	0.00797	0.00724	0.01131
78	0.00879	0.00631	0.00825	0.00968	0.01020	0.00587	0.00647	0.01008	0.01384	0.01843	0.06461	0.66310	0.07315	0.05218	0.01017	0.00302	0.00420	0.01935	0.00656	0.00577
79	0.01593	0.05246	0.31764	0.02538	0.11721	0.01746	0.22289	0.04391	0.01610	0.02287	0.01424	0.04379	0.01139	0.00733	0.00801	0.00231	0.04055	0.00694	0.00353	0.01005
80	0.01717	0.01644	0.02783	0.04190	0.67095	0.01638	0.02104	0.02128	0.01621	0.02306	0.01630	0.02014	0.04544	0.00692	0.00712	0.00213	0.00822	0.00677	0.00368	0.01102
81	0.01098	0.06681	0.01195	0.03181	0.01292	0.00934	0.00776	0.01500	0.06968	0.02372	0.32067	0.10679	0.22669	0.01507	0.00809	0.00234	0.00433	0.04223	0.00678	0.00702
82	0.04962	0.49038	0.13859	0.01531	0.05417	0.05133	0.01467	0.02310	0.06816	0.01964	0.01207	0.01354	0.01016	0.00656	0.00531	0.00178	0.00807	0.00453	0.00347	0.00954

[dist]
# distance from previous block
# <min> <max>
0	1

[block]
# block no. 2 follows, 29 sequences, length 12
# corresponding to MSA columns:
# 134-145
name=unknown_C
#
# <colnr> <probs for GDERKNQSTAVLIFYWHMCP>
#	G	D	E	R	K	N	Q	S	T	A	V	L	I	F	Y	W	H	M	C	P
0	0.02158	0.05808	0.02142	0.02022	0.13464	0.08753	0.01404	0.23684	0.27027	0.03158	0.01987	0.01995	0.01506	0.00834	0.00695	0.00217	0.00760	0.00669	0.00602	0.01113
1	0.05634	0.01748	0.01970	0.24156	0.05174	0.11454	0.03711	0.07307	0.26322	0.02514	0.01863	0.02037	0.01410	0.00809	0.00698	0.00228	0.00829	0.00667	0.00508	0.00963
2	0.01763	0.01663	0.02530	0.13312	0.09260	0.05178	0.17598	0.14335	0.01844	0.02481	0.01559	0.06196	0.01328	0.01131	0.05424	0.00289	0.07822	0.00756	0.00437	0.05092
3	0.01510	0.07519	0.19714	0.01664	0.02219	0.01516	0.11862	0.04126	0.15201	0.02318	0.07666	0.02549	0.06515	0.01101	0.00998	0.10613	0.00784	0.00766	0.00473	0.00887
4	0.01237	0.00618	0.00928	0.00928	0.00928	0.00618	0.00618	0.00928	0.00928	0.01237	0.01237	0.02165	0.01237	0.02474	0.02783	0.79283	0.00618	0.00618	0.00309	0.00309
5	0.00934	0.00720	0.00821	0.00798	0.00978	0.00641	0.00579	0.01152	0.01702	0.02224	0.31734	0.05948	0.35859	0.11368	0.01210	0.00294	0.00394	0.01355	0.00680	0.00607
6	0.01731	0.01660	0.02833	0.09601	0.65551	0.01684	0.02170	0.02158	0.01606	0.02288	0.01334	0.01773	0.01114	0.00640	0.00705	0.00213	0.00854	0.00634	0.00350	0.01102
7	0.01108	0.00833	0.01038	0.00969	0.01167	0.00816	0.00732	0.01664	0.10849	0.02872	0.61321	0.04969	0.06122	0.01391	0.00825	0.00226	0.00366	0.01224	0.00776	0.00732
8	0.13424	0.39854	0.06973	0.05223	0.03728	0.08913	0.01322	0.04097	0.03182	0.04070	0.01159	0.01335	0.00963	0.00678	0.00572	0.00185	0.02591	0.00450	0.00370	0.00910
9	0.02187	0.15848	0.02145	0.01525	0.01926	0.34714	0.01222	0.12097	0.01969	0.02139	0.01700	0.01906	0.05871	0.01408	0.10028	0.00312	0.01132	0.00584	0.00429	0.00859
10	0.01167	0.00652	0.00926	0.00926	0.00942	0.00669	0.00616	0.00995	0.00978	0.01321	0.01528	0.02751	0.01581	0.17468	0.12067	0.53171	0.00802	0.00722	0.00343	0.00377
11	0.01766	0.53505	0.10312	0.01313	0.01878	0.06796	0.01303	0.02040	0.01478	0.01759	0.01413	0.10828	0.01411	0.00837	0.00551	0.00180	0.00779	0.00617	0.00355	0.00879

[dist]
# distance from previous block
# <min> <max>
0	7

[block]
# block no. 3 follows, 29 sequences, length 65
# corresponding to MSA columns:
# 153-217
name=unknown_D
#
# <colnr> <probs for GDERKNQSTAVLIFYWHMCP>
#	G	D	E	R	K	N	Q	S	T	A	V	L	I	F	Y	W	H	M	C	P
0	0.01807	0.01706	0.02855	0.04243	0.67335	0.01716	0.02146	0.05273	0.01702	0.02427	0.01357	0.01760	0.01132	0.00645	0.00705	0.00212	0.00843	0.00635	0.00369	0.01132
1	0.01691	0.05360	0.04180	0.02918	0.03633	0.01848	0.64824	0.02274	0.01670	0.02253	0.01419	0.01884	0.01073	0.00601	0.00822	0.00236	0.01180	0.00819	0.00358	0.00958
2	0.01428	0.03683	0.71286	0.02030	0.03082	0.01654	0.02631	0.02255	0.01503	0.02255	0.01278	0.01503	0.00902	0.00677	0.00677	0.00226	0.01052	0.00526	0.00301	0.01052
3	0.03177	0.01241	0.01670	0.01281	0.01832	0.01089	0.01058	0.05845	0.02086	0.68583	0.02769	0.02397	0.01742	0.00880	0.00716	0.00220	0.00612	0.00713	0.00875	0.01212
4	0.01477	0.01401	0.02375	0.51447	0.25688	0.01617	0.02043	0.01935	0.01486	0.01980	0.01289	0.01855	0.01006	0.00687	0.00710	0.00229	0.00917	0.00633	0.00328	0.00898
5	0.03195	0.01212	0.01652	0.01267	0.01818	0.01047	0.01047	0.03470	0.02038	0.71026	0.02809	0.02424	0.01763	0.00881	0.00716	0.00220	0.00606	0.00716	0.00881	0.01212
6	0.01261	0.01119	0.01599	0.01459	0.01525	0.01465	0.01176	0.01463	0.01117	0.01672	0.01480	0.02299	0.01425	0.05742	0.38495	0.00755	0.34194	0.00709	0.00352	0.00694
7	0.02807	0.01834	0.02038	0.01562	0.02128	0.01970	0.01291	0.54904	0.03080	0.18122	0.01935	0.01856	0.01324	0.00860	0.00713	0.00215	0.00747	0.00656	0.00747	0.01211
8	0.01946	0.02041	0.02712	0.03851	0.56532	0.16122	0.02019	0.02320	0.01703	0.02207	0.01290	0.01664	0.01085	0.00655	0.00692	0.00206	0.00936	0.00598	0.00355	0.01066
9	0.02206	0.49737	0.08822	0.01299	0.01930	0.02251	0.01291	0.02497	0.01608	0.20116	0.01496	0.01512	0.01138	0.00687	0.00544	0.00176	0.00745	0.00482	0.00457	0.01004
10	0.00874	0.00721	0.00773	0.00805	0.01019	0.00620	0.00612	0.01063	0.01599	0.01934	0.06556	0.13550	0.57388	0.01861	0.00862	0.00254	0.00395	0.07848	0.00661	0.00604
11	0.02707	0.01995	0.02137	0.01638	0.02208	0.02208	0.01353	0.68159	0.03348	0.04488	0.01710	0.01710	0.01211	0.00855	0.00712	0.00214	0.00784	0.00641	0.00712	0.01211
12	0.02372	0.01828	0.01949	0.01571	0.02081	0.02052	0.01272	0.45137	0.26915	0.03948	0.02135	0.02048	0.01555	0.00895	0.00717	0.00224	0.00705	0.00700	0.00717	0.01181
13	0.01022	0.00746	0.01058	0.01058	0.01155	0.00843	0.00782	0.01216	0.01119	0.01589	0.01987	0.03237	0.01971	0.21787	0.55968	0.01037	0.01620	0.00827	0.00393	0.00588
14	0.01327	0.00664	0.00664	0.00664	0.00830	0.00664	0.00498	0.01659	0.01493	0.02655	0.02323	0.02655	0.01825	0.00830	0.00498	0.00166	0.00332	0.00664	0.78928	0.00664
15	0.80005	0.01377	0.01047	0.00936	0.01377	0.01597	0.00771	0.02093	0.01212	0.03195	0.00991	0.01157	0.00771	0.00661	0.00441	0.00220	0.00551	0.00386	0.00441	0.00771
16	0.01345	0.01266	0.02136	0.73264	0.04904	0.01582	0.01978	0.01819	0.01424	0.01819	0.01266	0.01898	0.00949	0.00712	0.00712	0.00237	0.00949	0.00633	0.00316	0.00791
17	0.00868	0.00620	0.00826	0.00991	0.01033	0.00578	0.00661	0.00991	0.01363	0.01818	0.03925	0.74510	0.04710	0.02231	0.00909	0.00289	0.00413	0.02024	0.00661	0.00578
18	0.00868	0.00620	0.00826	0.00991	0.01033	0.00578	0.00661	0.00991	0.01363	0.01818	0.03925	0.74510	0.04710	0.02231	0.00909	0.00289	0.00413	0.02024	0.00661	0.00578
19	0.01428	0.03683	0.71286	0.02030	0.03082	0.01654	0.02631	0.02255	0.01503	0.02255	0.01278	0.01503	0.00902	0.00677	0.00677	0.00226	0.01052	0.00526	0.00301	0.01052
20	0.01513	0.10061	0.54120	0.02112	0.03069	0.01786	0.13101	0.02248	0.01527	0.02205	0.01278	0.01538	0.00932	0.00658	0.00683	0.00221	0.01049	0.00564	0.00311	0.01025
21	0.01771	0.01530	0.01610	0.01449	0.01852	0.01771	0.01127	0.03784	0.69247	0.02979	0.02898	0.02657	0.02174	0.00966	0.00725	0.00242	0.00564	0.00805	0.00725	0.01127
22	0.01428	0.03683	0.71286	0.02030	0.03082	0.01654	0.02631	0.02255	0.01503	0.02255	0.01278	0.01503	0.00902	0.00677	0.00677	0.00226	0.01052	0.00526	0.00301	0.01052
23	0.01904	0.75404	0.03731	0.01218	0.01828	0.02818	0.01218	0.02132	0.01447	0.01675	0.00990	0.01142	0.00914	0.00609	0.00457	0.00152	0.00761	0.00381	0.00305	0.00914
24	0.01481	0.11577	0.63850	0.01940	0.02944	0.01782	0.02475	0.02242	0.01497	0.02191	0.01246	0.01464	0.00903	0.00669	0.00652	0.00217	0.01020	0.00510	0.00301	0.01037
25	0.00879	0.00629	0.00819	0.00965	0.01011	0.00588	0.00639	0.00996	0.01348	0.01789	0.03918	0.66742	0.06952	0.07721	0.01112	0.00318	0.00432	0.01930	0.00644	0.00568
26	0.10421	0.01301	0.01611	0.01273	0.01797	0.01238	0.01043	0.06264	0.10003	0.53417	0.02595	0.02297	0.01691	0.00869	0.00690	0.00223	0.00603	0.00691	0.00813	0.01159
27	0.04506	0.10519	0.56532	0.02092	0.08217	0.01769	0.02385	0.02231	0.01496	0.02239	0.01243	0.01475	0.00916	0.00666	0.00648	0.00217	0.00988	0.00515	0.00311	0.01034
28	0.00954	0.00685	0.00892	0.00997	0.01078	0.00650	0.00686	0.03337	0.01540	0.02083	0.14963	0.60422	0.04928	0.02054	0.00891	0.00276	0.00413	0.01854	0.00683	0.00616
29	0.00855	0.00726	0.00740	0.00747	0.00984	0.00611	0.00567	0.01042	0.01624	0.01933	0.07064	0.06904	0.67371	0.01810	0.00848	0.00244	0.00373	0.04294	0.00661	0.00603
30	0.01745	0.01674	0.02859	0.07252	0.67788	0.01687	0.02177	0.02170	0.01613	0.02305	0.01336	0.01768	0.01120	0.00638	0.00705	0.00213	0.00850	0.00634	0.00351	0.01114
31	0.01917	0.02132	0.05879	0.03662	0.48873	0.15478	0.07241	0.02325	0.01698	0.02205	0.01298	0.01670	0.01073	0.00653	0.00702	0.00209	0.00969	0.00611	0.00354	0.01052
32	0.80005	0.01377	0.01047	0.00936	0.01377	0.01597	0.00771	0.02093	0.01212	0.03195	0.00991	0.01157	0.00771	0.00661	0.00441	0.00220	0.00551	0.00386	0.00441	0.00771
33	0.02728	0.01961	0.02116	0.01622	0.02191	0.02158	0.01340	0.65385	0.03292	0.07341	0.01757	0.01740	0.01235	0.00856	0.00712	0.00214	0.00776	0.00644	0.00720	0.01211
34	0.00968	0.00701	0.00913	0.00912	0.01053	0.00647	0.00664	0.01247	0.01843	0.02570	0.51819	0.22091	0.08593	0.01656	0.00857	0.00240	0.00356	0.01474	0.00750	0.00647
35	0.04569	0.01803	0.07646	0.08804	0.46840	0.01694	0.08939	0.02277	0.06122	0.02355	0.01432	0.01808	0.01151	0.00663	0.00709	0.00220	0.00875	0.00650	0.00375	0.01067
36	0.07237	0.00987	0.01268	0.01082	0.01398	0.00934	0.03349	0.01936	0.06634	0.12259	0.42906	0.03989	0.04609	0.01177	0.00760	0.00216	0.00453	0.01022	0.00723	0.07058
37	0.80005	0.01377	0.01047	0.00936	0.01377	0.01597	0.00771	0.02093	0.01212	0.03195	0.00991	0.01157	0.00771	0.00661	0.00441	0.00220	0.00551	0.00386	0.00441	0.00771
38	0.15299	0.40283	0.19287	0.01378	0.02061	0.02238	0.01476	0.04138	0.01500	0.05055	0.01156	0.01301	0.00931	0.00653	0.00525	0.00186	0.00789	0.00438	0.00363	0.00944
39	0.01102	0.00749	0.00982	0.00912	0.01096	0.00688	0.00688	0.01435	0.02017	0.05779	0.67269	0.05195	0.06506	0.01431	0.00835	0.00224	0.00348	0.01263	0.00788	0.00695
40	0.02287	0.01759	0.02028	0.19276	0.02799	0.05033	0.01457	0.35806	0.11061	0.08560	0.01807	0.01911	0.01297	0.00830	0.00711	0.00222	0.00805	0.00657	0.00614	0.01080
41	0.01762	0.01692	0.02890	0.04371	0.70533	0.01692	0.02185	0.02185	0.01621	0.02326	0.01339	0.01762	0.01128	0.00634	0.00705	0.00211	0.00846	0.00634	0.00352	0.01128
42	0.01008	0.00728	0.00952	0.00896	0.01064	0.00672	0.00672	0.01344	0.02016	0.02855	0.70158	0.05319	0.06719	0.01456	0.00840	0.00224	0.00336	0.01288	0.00784	0.00672
43	0.00868	0.00620	0.00826	0.00991	0.01033	0.00578	0.00661	0.00991	0.01363	0.01818	0.03925	0.74510	0.04710	0.02231	0.00909	0.00289	0.00413	0.02024	0.00661	0.00578
44	0.01327	0.00664	0.00664	0.00664	0.00830	0.00664	0.00498	0.01659	0.01493	0.02655	0.02323	0.02655	0.01825	0.00830	0.00498	0.00166	0.00332	0.00664	0.78928	0.00664
45	0.01580	0.02576	0.29598	0.02589	0.03409	0.01759	0.40634	0.02250	0.01591	0.02250	0.01360	0.01749	0.01007	0.00654	0.00835	0.00237	0.03885	0.00713	0.00336	0.00988
46	0.01912	0.63071	0.03389	0.01270	0.01844	0.05033	0.01212	0.02377	0.10538	0.01852	0.01249	0.01350	0.01082	0.00661	0.00499	0.00165	0.00753	0.00440	0.00363	0.00939
47	0.00873	0.00624	0.00831	0.00987	0.01034	0.00582	0.00661	0.01006	0.01391	0.01861	0.06692	0.71620	0.04794	0.02198	0.00906	0.00286	0.00410	0.01994	0.00666	0.00582
48	0.06160	0.01967	0.02088	0.01607	0.02171	0.02181	0.01327	0.65207	0.03253	0.04430	0.01678	0.01685	0.01191	0.00846	0.00700	0.00214	0.00773	0.00630	0.00700	0.01191
49	0.02075	0.02327	0.05113	0.11098	0.30400	0.27148	0.04592	0.02435	0.01755	0.04552	0.01300	0.01626	0.01044	0.00688	0.00688	0.00206	0.01030	0.00578	0.00371	0.00973
50	0.01446	0.01393	0.01966	0.01719	0.01746	0.01914	0.01420	0.01622	0.01102	0.01701	0.01136	0.01814	0.01110	0.02094	0.16788	0.00484	0.58817	0.00652	0.00326	0.00749
51	0.01327	0.00664	0.00664	0.00664	0.00830	0.00664	0.00498	0.01659	0.01493	0.02655	0.02323	0.02655	0.01825	0.00830	0.00498	0.00166	0.00332	0.00664	0.78928	0.00664
52	0.02415	0.02154	0.02141	0.04335	0.11456	0.16919	0.01452	0.37981	0.04832	0.03399	0.04758	0.01832	0.01418	0.00826	0.00703	0.00209	0.00876	0.00637	0.00581	0.01076
53	0.17457	0.01626	0.02659	0.05189	0.20084	0.01714	0.20801	0.04602	0.01586	0.05100	0.03611	0.01811	0.01228	0.00743	0.00871	0.00234	0.08652	0.00668	0.00414	0.00949
54	0.02064	0.01731	0.04064	0.01631	0.04959	0.01857	0.01276	0.28515	0.34095	0.03441	0.02474	0.04999	0.03703	0.00969	0.00728	0.00231	0.00666	0.00790	0.00686	0.01122
55	0.02707	0.01995	0.02137	0.01638	0.02208	0.02208	0.01353	0.68159	0.03348	0.04488	0.01710	0.01710	0.01211	0.00855	0.00712	0.00214	0.00784	0.00641	0.00712	0.01211
56	0.29670	0.04532	0.13145	0.03709	0.01881	0.01521	0.01221	0.10787	0.01706	0.07886	0.09530	0.02090	0.01745	0.03489	0.04056	0.00278	0.00734	0.00621	0.00513	0.00885
57	0.02076	0.01638	0.02004	0.04435	0.05188	0.01786	0.06198	0.35160	0.14014	0.03363	0.02075	0.07508	0.01745	0.08276	0.01026	0.00274	0.00750	0.00824	0.00625	0.01035
58	0.01813	0.19827	0.04873	0.01759	0.02102	0.13501	0.08744	0.04231	0.01503	0.01890	0.01306	0.07263	0.01252	0.00984	0.01219	0.00236	0.25615	0.00671	0.00365	0.00847
59	0.01933	0.05089	0.11899	0.05162	0.19518	0.04426	0.11304	0.15783	0.01957	0.06144	0.01625	0.06457	0.01343	0.00823	0.00778	0.00224	0.03310	0.00728	0.00464	0.01035
60	0.04789	0.09977	0.21908	0.01503	0.02127	0.01516	0.03697	0.07906	0.04779	0.18127	0.11636	0.04996	0.02153	0.00909	0.00696	0.00219	0.00736	0.00745	0.00575	0.01005
61	0.01707	0.27096	0.10426	0.01370	0.01828	0.14190	0.01270	0.02090	0.04187	0.02138	0.20618	0.02463	0.02597	0.00921	0.00721	0.00197	0.04173	0.00694	0.00466	0.00848
62	0.18977	0.20539	0.19193	0.01395	0.01964	0.03805	0.01427	0.02142	0.03974	0.04126	0.07254	0.01782	0.01489	0.00952	0.03346	0.00245	0.05535	0.00554	0.00411	0.00890
63	0.07228	0.40567	0.14023	0.01358	0.01966	0.06591	0.01373	0.04506	0.01529	0.02016	0.01331	0.01534	0.03007	0.01020	0.05796	0.00247	0.00891	0.00482	0.00353	0.04182
64	0.04619	0.39000	0.19749	0.01489	0.02119	0.04836	0.01556	0.04635	0.04353	0.02042	0.01280	0.04153	0.01116	0.00760	0.00678	0.00196	0.05599	0.00526	0.00358	0.00938

[dist]
# distance from previous block
# <min> <max>
0	10

# created by:
# /st0/software/busco_prod/Augustus/scripts/msa2prfl.pl ./align_prep/163928.fa
