[name]
unknown

[dist]
# distance from previous block
# <min> <max>
2	69

[block]
# block no. 0 follows, 29 sequences, length 24
# corresponding to MSA columns:
# 80-103
name=unknown_A
#
# <colnr> <probs for GDERKNQSTAVLIFYWHMCP>
#	G	D	E	R	K	N	Q	S	T	A	V	L	I	F	Y	W	H	M	C	P
0	0.06088	0.02048	0.15004	0.01527	0.02156	0.08115	0.03764	0.08945	0.10462	0.16602	0.01810	0.01829	0.01301	0.00744	0.00655	0.00197	0.00769	0.00588	0.00552	0.16843
1	0.10083	0.01381	0.01649	0.05767	0.05308	0.03458	0.03130	0.09272	0.06991	0.12981	0.04933	0.04597	0.05708	0.00916	0.00678	0.00205	0.00642	0.03788	0.00580	0.17933
2	0.07891	0.04134	0.19226	0.01428	0.02029	0.01360	0.03754	0.06306	0.06612	0.12225	0.15492	0.02469	0.02321	0.00869	0.00682	0.00207	0.00684	0.00716	0.00563	0.11035
3	0.07430	0.01605	0.02424	0.01859	0.02400	0.01607	0.22074	0.19445	0.05325	0.04981	0.04790	0.02682	0.01762	0.00888	0.00750	0.00226	0.00818	0.08431	0.00551	0.09951
4	0.01054	0.04292	0.01015	0.00922	0.01098	0.00740	0.00680	0.01267	0.01656	0.05117	0.24701	0.31042	0.20276	0.01759	0.00842	0.00248	0.00402	0.01543	0.00691	0.00655
5	0.05851	0.01719	0.06787	0.01494	0.02051	0.04062	0.03646	0.15921	0.15902	0.29389	0.02270	0.02125	0.01560	0.00844	0.00699	0.00220	0.00705	0.00679	0.00706	0.03371
6	0.01688	0.26856	0.39604	0.01821	0.02657	0.07053	0.06749	0.02259	0.01534	0.02032	0.01183	0.01400	0.00920	0.00653	0.00614	0.00200	0.00985	0.00497	0.00311	0.00985
7	0.00878	0.00627	0.00835	0.00985	0.01035	0.00585	0.00662	0.01017	0.01410	0.01892	0.08656	0.69568	0.04853	0.02175	0.00904	0.00285	0.00408	0.01972	0.00670	0.00585
8	0.00889	0.00719	0.00789	0.00781	0.00993	0.00620	0.00582	0.01110	0.01721	0.02178	0.24523	0.09148	0.50006	0.01724	0.00844	0.00238	0.00356	0.01464	0.00695	0.00620
9	0.01728	0.01293	0.02031	0.01644	0.02020	0.01292	0.17021	0.10695	0.05015	0.12459	0.04724	0.22396	0.04595	0.03358	0.03123	0.00289	0.03680	0.01149	0.00606	0.00881
10	0.02840	0.01780	0.02004	0.01537	0.02101	0.01891	0.01269	0.50467	0.02990	0.22686	0.02010	0.01905	0.01362	0.00862	0.00713	0.00216	0.00735	0.00662	0.00759	0.01211
11	0.00868	0.00620	0.00826	0.00991	0.01033	0.00578	0.00661	0.00991	0.01363	0.01818	0.03925	0.74510	0.04710	0.02231	0.00909	0.00289	0.00413	0.02024	0.00661	0.00578
12	0.03935	0.13713	0.57116	0.01916	0.02874	0.01822	0.04731	0.02234	0.01493	0.02203	0.01234	0.01457	0.00906	0.00664	0.00644	0.00215	0.01001	0.00513	0.00308	0.01021
13	0.01671	0.01871	0.03996	0.06486	0.09211	0.01781	0.59433	0.02251	0.01664	0.02262	0.01424	0.01907	0.01078	0.00608	0.00823	0.00238	0.01160	0.00814	0.00357	0.00966
14	0.03195	0.01212	0.01652	0.01267	0.01818	0.01047	0.01047	0.03470	0.02038	0.71026	0.02809	0.02424	0.01763	0.00881	0.00716	0.00220	0.00606	0.00716	0.00881	0.01212
15	0.01828	0.01517	0.01612	0.01442	0.01850	0.01742	0.01124	0.03771	0.66554	0.05705	0.02895	0.02647	0.02157	0.00963	0.00724	0.00241	0.00565	0.00801	0.00731	0.01130
16	0.01043	0.00853	0.01292	0.01243	0.01349	0.00872	0.07432	0.01211	0.01358	0.01847	0.06311	0.48020	0.03809	0.11339	0.01386	0.00335	0.07495	0.01610	0.00574	0.00621
17	0.01147	0.00820	0.01147	0.01311	0.01475	0.00820	0.01147	0.01475	0.01639	0.02131	0.03770	0.08032	0.04098	0.01967	0.00984	0.00328	0.00656	0.65741	0.00656	0.00656
18	0.03165	0.01259	0.01682	0.01289	0.01841	0.01117	0.01065	0.07384	0.02117	0.67001	0.02743	0.02380	0.01729	0.00880	0.00716	0.00220	0.00617	0.00712	0.00871	0.01212
19	0.01739	0.01714	0.03020	0.04039	0.57576	0.01736	0.10812	0.02169	0.01597	0.02283	0.01328	0.01771	0.01110	0.00667	0.00822	0.00221	0.05299	0.00661	0.00351	0.01085
20	0.01681	0.01921	0.04202	0.03001	0.03721	0.01801	0.67947	0.02281	0.01681	0.02281	0.01441	0.01921	0.01080	0.00600	0.00840	0.00240	0.01200	0.00840	0.00360	0.00960
21	0.00874	0.00648	0.00819	0.00952	0.01037	0.00592	0.00657	0.01017	0.01425	0.01851	0.04560	0.58651	0.17478	0.02137	0.00899	0.00281	0.00413	0.04464	0.00661	0.00586
22	0.16770	0.01413	0.01637	0.01243	0.01788	0.01338	0.03808	0.09114	0.01626	0.04594	0.01288	0.01492	0.01029	0.00653	0.00679	0.00163	0.05816	0.00479	0.00459	0.44612
23	0.02094	0.01564	0.01699	0.01428	0.01874	0.01730	0.01138	0.23310	0.36472	0.09099	0.06676	0.02682	0.05018	0.00989	0.00732	0.00230	0.00613	0.00805	0.00735	0.01111

[dist]
# distance from previous block
# <min> <max>
0	9

[block]
# block no. 1 follows, 29 sequences, length 9
# corresponding to MSA columns:
# 113-121
name=unknown_B
#
# <colnr> <probs for GDERKNQSTAVLIFYWHMCP>
#	G	D	E	R	K	N	Q	S	T	A	V	L	I	F	Y	W	H	M	C	P
0	0.05467	0.44824	0.11114	0.01409	0.02005	0.11063	0.01373	0.02452	0.10522	0.01994	0.01291	0.01404	0.01074	0.00682	0.00541	0.00180	0.00825	0.00464	0.00374	0.00941
1	0.02035	0.01533	0.02080	0.04914	0.02274	0.01427	0.10505	0.18704	0.02046	0.11962	0.01607	0.01743	0.01187	0.00675	0.00652	0.00173	0.00717	0.00585	0.00542	0.34640
2	0.02198	0.10418	0.02062	0.01550	0.02008	0.17161	0.01244	0.18516	0.31582	0.02919	0.02015	0.01966	0.01534	0.00849	0.00674	0.00212	0.00793	0.00644	0.00597	0.01058
3	0.01720	0.01912	0.03047	0.02350	0.02755	0.11187	0.33370	0.02101	0.01502	0.01985	0.01278	0.01795	0.01070	0.01196	0.06994	0.00327	0.23485	0.00717	0.00348	0.00861
4	0.01216	0.00946	0.01220	0.04379	0.01462	0.01033	0.00917	0.10045	0.01600	0.02158	0.03210	0.48599	0.05692	0.01965	0.03548	0.00308	0.08845	0.01558	0.00603	0.00697
5	0.01401	0.00998	0.01357	0.09384	0.01769	0.03180	0.02933	0.01611	0.01474	0.11030	0.04960	0.35690	0.03211	0.06782	0.01173	0.00299	0.07222	0.04216	0.00589	0.00720
6	0.01565	0.01666	0.03323	0.07642	0.12208	0.01667	0.41135	0.02040	0.01566	0.02152	0.01652	0.10097	0.01476	0.00855	0.00955	0.00248	0.07541	0.00914	0.00386	0.00912
7	0.00842	0.00721	0.00721	0.00721	0.00962	0.00601	0.00541	0.01022	0.01623	0.01924	0.07213	0.06853	0.70244	0.01803	0.00842	0.00240	0.00361	0.01503	0.00661	0.00601
8	0.01444	0.01172	0.01612	0.01430	0.01632	0.01376	0.03878	0.13944	0.01596	0.02242	0.01902	0.10463	0.01822	0.03200	0.34941	0.00683	0.14563	0.00861	0.00462	0.00777

[dist]
# distance from previous block
# <min> <max>
0	1

[block]
# block no. 2 follows, 29 sequences, length 15
# corresponding to MSA columns:
# 123-137
name=unknown_C
#
# <colnr> <probs for GDERKNQSTAVLIFYWHMCP>
#	G	D	E	R	K	N	Q	S	T	A	V	L	I	F	Y	W	H	M	C	P
0	0.02640	0.01872	0.02048	0.01585	0.02128	0.02056	0.01307	0.60069	0.03134	0.08621	0.01792	0.01819	0.01280	0.01119	0.04889	0.00269	0.00838	0.00653	0.00704	0.01177
1	0.00868	0.00620	0.00826	0.00991	0.01033	0.00578	0.00661	0.00991	0.01363	0.01818	0.03925	0.74510	0.04710	0.02231	0.00909	0.00289	0.00413	0.02024	0.00661	0.00578
2	0.01558	0.01509	0.02396	0.21125	0.02939	0.01881	0.11408	0.06136	0.01418	0.02003	0.01213	0.01794	0.01034	0.01252	0.06181	0.00330	0.33976	0.00668	0.00351	0.00828
3	0.01959	0.01723	0.02780	0.04266	0.02728	0.01761	0.28846	0.22617	0.06275	0.05861	0.02308	0.02472	0.09081	0.00872	0.00828	0.00233	0.03005	0.00834	0.00545	0.01007
4	0.03045	0.01280	0.01674	0.01302	0.01841	0.01170	0.01070	0.06851	0.07986	0.61624	0.02760	0.02407	0.01770	0.00887	0.00717	0.00222	0.00611	0.00720	0.00859	0.01204
5	0.01810	0.01988	0.02277	0.01936	0.02064	0.17637	0.05853	0.02001	0.01334	0.01757	0.01004	0.01521	0.00940	0.01091	0.01864	0.00279	0.52916	0.00601	0.00327	0.00801
6	0.01455	0.01427	0.02192	0.10496	0.02334	0.01810	0.09370	0.01783	0.04345	0.01867	0.01562	0.12362	0.01562	0.01236	0.01680	0.00288	0.42191	0.00863	0.00388	0.00789
7	0.01697	0.01652	0.02164	0.22554	0.02854	0.08036	0.04420	0.09649	0.01573	0.02103	0.01313	0.05447	0.01172	0.01024	0.01388	0.00263	0.30775	0.00696	0.00385	0.00835
8	0.00868	0.00620	0.00826	0.00991	0.01033	0.00578	0.00661	0.00991	0.01363	0.01818	0.03925	0.74510	0.04710	0.02231	0.00909	0.00289	0.00413	0.02024	0.00661	0.00578
9	0.02637	0.01960	0.02098	0.01624	0.02182	0.02176	0.01337	0.63377	0.08243	0.04376	0.01798	0.01780	0.01282	0.00863	0.00713	0.00216	0.00767	0.00653	0.00713	0.01205
10	0.02302	0.01665	0.01903	0.01535	0.01988	0.05988	0.05456	0.32964	0.06578	0.13672	0.04586	0.12060	0.02032	0.02870	0.00820	0.00239	0.00732	0.00886	0.00683	0.01041
11	0.01131	0.00770	0.00871	0.00853	0.00894	0.00780	0.00513	0.05461	0.01218	0.01625	0.02359	0.10738	0.02688	0.63551	0.03188	0.00623	0.00672	0.01098	0.00471	0.00496
12	0.00865	0.00630	0.00816	0.00964	0.01026	0.00581	0.00649	0.00995	0.01389	0.01828	0.04255	0.67722	0.11285	0.02188	0.00902	0.00284	0.00408	0.01972	0.00661	0.00581
13	0.02518	0.01780	0.01945	0.01541	0.02055	0.01948	0.01254	0.49889	0.11671	0.10132	0.02097	0.06310	0.01598	0.00955	0.00726	0.00222	0.00716	0.00753	0.00726	0.01162
14	0.07035	0.01678	0.02125	0.01770	0.03724	0.05821	0.12076	0.18773	0.14325	0.06481	0.02079	0.11402	0.01783	0.01020	0.00864	0.00239	0.06376	0.00860	0.00582	0.00986

[dist]
# distance from previous block
# <min> <max>
10	40

[block]
# block no. 3 follows, 29 sequences, length 9
# corresponding to MSA columns:
# 182-190
name=unknown_D
#
# <colnr> <probs for GDERKNQSTAVLIFYWHMCP>
#	G	D	E	R	K	N	Q	S	T	A	V	L	I	F	Y	W	H	M	C	P
0	0.01710	0.26136	0.26657	0.11717	0.02801	0.01946	0.06670	0.02215	0.01548	0.07382	0.03983	0.01692	0.01218	0.00700	0.00632	0.00204	0.00892	0.00561	0.00372	0.00962
1	0.01717	0.01258	0.01501	0.01084	0.01706	0.00963	0.00872	0.02028	0.01555	0.11948	0.01482	0.01609	0.01154	0.00577	0.00554	0.00122	0.00538	0.00463	0.00486	0.68382
2	0.01253	0.11271	0.01510	0.01298	0.01525	0.01100	0.01157	0.01567	0.01612	0.02067	0.03381	0.07067	0.03652	0.01777	0.00910	0.00303	0.00671	0.56582	0.00606	0.00692
3	0.01613	0.08089	0.12229	0.02563	0.03271	0.01775	0.48899	0.02190	0.01667	0.02274	0.06948	0.02080	0.01501	0.00680	0.00788	0.00230	0.01076	0.00800	0.00383	0.00945
4	0.05108	0.00776	0.00972	0.00952	0.01139	0.00726	0.00711	0.01448	0.01776	0.08047	0.38203	0.22006	0.10096	0.01601	0.00832	0.00244	0.00400	0.03540	0.00731	0.00692
5	0.47648	0.01387	0.05343	0.01092	0.01549	0.01358	0.00957	0.02275	0.01492	0.16730	0.07180	0.02274	0.01705	0.00866	0.00582	0.00229	0.00582	0.05324	0.00565	0.00860
6	0.08257	0.58316	0.13869	0.01320	0.01983	0.02539	0.01398	0.02148	0.01436	0.01889	0.01034	0.01199	0.00900	0.00624	0.00489	0.00169	0.00789	0.00403	0.00315	0.00923
7	0.18074	0.30185	0.25286	0.01457	0.02148	0.02082	0.01599	0.02200	0.01425	0.04938	0.01155	0.01333	0.00915	0.00681	0.00618	0.00200	0.03962	0.00453	0.00355	0.00936
8	0.06363	0.29607	0.34568	0.01616	0.02380	0.07628	0.01837	0.02202	0.01487	0.02024	0.01140	0.01356	0.00911	0.00716	0.00651	0.02873	0.00920	0.00462	0.00316	0.00942

[dist]
# distance from previous block
# <min> <max>
5	19

[block]
# block no. 4 follows, 29 sequences, length 13
# corresponding to MSA columns:
# 211-223
name=unknown_E
#
# <colnr> <probs for GDERKNQSTAVLIFYWHMCP>
#	G	D	E	R	K	N	Q	S	T	A	V	L	I	F	Y	W	H	M	C	P
0	0.02146	0.01548	0.01714	0.01442	0.01906	0.01683	0.01158	0.19602	0.36091	0.12488	0.02548	0.02628	0.01925	0.00959	0.00724	0.00229	0.00628	0.04417	0.00722	0.05440
1	0.00923	0.00728	0.00839	0.00850	0.01049	0.00643	0.00650	0.01161	0.01723	0.02210	0.24926	0.10512	0.41022	0.01745	0.00860	0.00248	0.00387	0.08203	0.00696	0.00626
2	0.01723	0.48132	0.29419	0.01527	0.02305	0.02375	0.01755	0.02179	0.01468	0.01896	0.01099	0.01280	0.00909	0.00635	0.00540	0.00180	0.00872	0.00436	0.00303	0.00966
3	0.05777	0.01431	0.02266	0.30249	0.30558	0.01575	0.01856	0.05693	0.01612	0.02268	0.01569	0.05067	0.01374	0.00825	0.00719	0.00232	0.00837	0.04765	0.00395	0.00932
4	0.00998	0.00727	0.00939	0.00886	0.01058	0.00668	0.00664	0.01326	0.01993	0.02803	0.66597	0.05406	0.10312	0.01475	0.00840	0.00225	0.00337	0.01300	0.00777	0.00668
5	0.04970	0.03420	0.64328	0.01919	0.02896	0.01598	0.02441	0.02199	0.01518	0.02330	0.04959	0.01692	0.01208	0.00718	0.00675	0.00225	0.00991	0.00561	0.00333	0.01019
6	0.04863	0.03431	0.62446	0.02066	0.03063	0.01664	0.08187	0.02250	0.01506	0.02298	0.01279	0.01524	0.00912	0.00669	0.00680	0.00227	0.01043	0.00547	0.00312	0.01032
7	0.01584	0.01544	0.02729	0.32192	0.36471	0.01659	0.09398	0.02047	0.01548	0.02115	0.01321	0.01835	0.01050	0.00662	0.00723	0.00225	0.00927	0.00657	0.00339	0.00973
8	0.01117	0.00795	0.01100	0.01255	0.01399	0.00792	0.01067	0.01410	0.01583	0.02063	0.03701	0.13587	0.04069	0.05933	0.01120	0.00344	0.00637	0.56748	0.00644	0.00637
9	0.01405	0.01328	0.02246	0.63241	0.14452	0.01598	0.02008	0.01873	0.01453	0.01893	0.01276	0.01879	0.00975	0.00701	0.00711	0.00234	0.00934	0.00633	0.00322	0.00840
10	0.01833	0.40352	0.20093	0.04187	0.02354	0.11621	0.04255	0.02230	0.01561	0.01890	0.03042	0.01426	0.01082	0.00670	0.00571	0.00183	0.00915	0.00480	0.00328	0.00927
11	0.01415	0.00767	0.00783	0.00745	0.00932	0.00783	0.00559	0.06693	0.01608	0.02720	0.02271	0.02701	0.01823	0.05194	0.00698	0.00200	0.00387	0.00684	0.68346	0.00692
12	0.01022	0.00689	0.00801	0.00813	0.00823	0.00693	0.00474	0.01045	0.01067	0.01429	0.02353	0.09884	0.02706	0.65592	0.07192	0.00685	0.00736	0.01096	0.00446	0.00454

[dist]
# distance from previous block
# <min> <max>
0	1

[block]
# block no. 5 follows, 29 sequences, length 6
# corresponding to MSA columns:
# 225-230
name=unknown_F
#
# <colnr> <probs for GDERKNQSTAVLIFYWHMCP>
#	G	D	E	R	K	N	Q	S	T	A	V	L	I	F	Y	W	H	M	C	P
0	0.01123	0.01031	0.01450	0.01225	0.01561	0.00896	0.12939	0.01344	0.01701	0.02096	0.06158	0.06009	0.56349	0.01640	0.00887	0.00261	0.00558	0.01401	0.00641	0.00730
1	0.07023	0.01646	0.02939	0.16732	0.37358	0.01691	0.17921	0.02133	0.01571	0.02280	0.01326	0.01785	0.01058	0.00643	0.00721	0.00224	0.00931	0.00667	0.00354	0.01000
2	0.02496	0.03082	0.02178	0.02299	0.14713	0.59222	0.01524	0.02723	0.01945	0.01850	0.01144	0.01372	0.00956	0.00716	0.00654	0.00189	0.01204	0.00491	0.00364	0.00881
3	0.01762	0.01692	0.02890	0.04371	0.70533	0.01692	0.02185	0.02185	0.01621	0.02326	0.01339	0.01762	0.01128	0.00634	0.00705	0.00211	0.00846	0.00634	0.00352	0.01128
4	0.01345	0.01266	0.02136	0.73264	0.04904	0.01582	0.01978	0.01819	0.01424	0.01819	0.01266	0.01898	0.00949	0.00712	0.00712	0.00237	0.00949	0.00633	0.00316	0.00791
5	0.05394	0.01125	0.01375	0.04663	0.01704	0.00949	0.00884	0.01891	0.01574	0.11874	0.08291	0.11907	0.02162	0.00911	0.00640	0.00170	0.00527	0.00771	0.00548	0.42639

[dist]
# distance from previous block
# <min> <max>
1	2

[block]
# block no. 6 follows, 29 sequences, length 8
# corresponding to MSA columns:
# 233-240
name=unknown_G
#
# <colnr> <probs for GDERKNQSTAVLIFYWHMCP>
#	G	D	E	R	K	N	Q	S	T	A	V	L	I	F	Y	W	H	M	C	P
0	0.01345	0.01266	0.02136	0.73264	0.04904	0.01582	0.01978	0.01819	0.01424	0.01819	0.01266	0.01898	0.00949	0.00712	0.00712	0.00237	0.00949	0.00633	0.00316	0.00791
1	0.01575	0.01425	0.02052	0.07038	0.02330	0.01224	0.12900	0.05807	0.01619	0.02403	0.01323	0.01602	0.01060	0.00574	0.00608	0.00146	0.00695	0.00526	0.00420	0.54672
2	0.00868	0.00620	0.00826	0.00991	0.01033	0.00578	0.00661	0.00991	0.01363	0.01818	0.03925	0.74510	0.04710	0.02231	0.00909	0.00289	0.00413	0.02024	0.00661	0.00578
3	0.02707	0.01995	0.02137	0.01638	0.02208	0.02208	0.01353	0.68159	0.03348	0.04488	0.01710	0.01710	0.01211	0.00855	0.00712	0.00214	0.00784	0.00641	0.00712	0.01211
4	0.01477	0.01266	0.01477	0.01055	0.01687	0.00949	0.00844	0.01793	0.01477	0.02320	0.01266	0.01477	0.01055	0.00527	0.00527	0.00105	0.00527	0.00422	0.00422	0.79328
5	0.02497	0.01757	0.01926	0.01519	0.02034	0.01916	0.01240	0.47585	0.12514	0.10799	0.07043	0.02182	0.01810	0.00918	0.00724	0.00219	0.00701	0.00720	0.00736	0.01159
6	0.02527	0.01640	0.01860	0.01473	0.01959	0.01763	0.01197	0.42436	0.07657	0.16546	0.01978	0.02006	0.01417	0.01226	0.04542	0.06523	0.00778	0.00672	0.00696	0.01104
7	0.02346	0.01052	0.01404	0.01179	0.01576	0.00949	0.00948	0.02707	0.05076	0.43403	0.17098	0.09128	0.03214	0.01186	0.00776	0.00235	0.00535	0.05361	0.00821	0.01007

[dist]
# distance from previous block
# <min> <max>
9	21

[block]
# block no. 7 follows, 29 sequences, length 21
# corresponding to MSA columns:
# 265-285
name=unknown_H
#
# <colnr> <probs for GDERKNQSTAVLIFYWHMCP>
#	G	D	E	R	K	N	Q	S	T	A	V	L	I	F	Y	W	H	M	C	P
0	0.01493	0.01118	0.01539	0.05753	0.15537	0.02747	0.01124	0.01759	0.01561	0.09438	0.08979	0.13437	0.05383	0.11003	0.03013	0.00309	0.00666	0.04779	0.00542	0.09819
1	0.30934	0.30684	0.15308	0.01287	0.01914	0.02114	0.01323	0.05487	0.01466	0.02492	0.01081	0.01244	0.00874	0.00654	0.00505	0.00194	0.00739	0.00423	0.00375	0.00902
2	0.01115	0.00774	0.00934	0.00913	0.00974	0.00812	0.00592	0.04667	0.01195	0.01623	0.02198	0.06542	0.02407	0.52735	0.18848	0.00753	0.00960	0.00988	0.00443	0.00524
3	0.01904	0.75404	0.03731	0.01218	0.01828	0.02818	0.01218	0.02132	0.01447	0.01675	0.00990	0.01142	0.00914	0.00609	0.00457	0.00152	0.00761	0.00381	0.00305	0.00914
4	0.01694	0.01319	0.01541	0.01115	0.01737	0.01054	0.00898	0.07098	0.01663	0.07347	0.01409	0.01562	0.01117	0.00578	0.00555	0.00122	0.00553	0.00460	0.00477	0.67700
5	0.01492	0.01514	0.01803	0.06667	0.01905	0.09942	0.01328	0.01675	0.01303	0.01752	0.01899	0.13537	0.06011	0.01527	0.04880	0.00321	0.40422	0.00890	0.00400	0.00735
6	0.34778	0.05844	0.14135	0.05661	0.01984	0.01485	0.01248	0.02298	0.01505	0.15949	0.04844	0.01931	0.04076	0.00789	0.00589	0.00219	0.00672	0.00577	0.00510	0.00906
7	0.01943	0.05038	0.06890	0.01492	0.01954	0.08109	0.01266	0.13337	0.34436	0.05372	0.04377	0.02743	0.04341	0.00986	0.00721	0.00230	0.00702	0.04377	0.00642	0.01044
8	0.01578	0.01503	0.02557	0.34830	0.41517	0.01643	0.02093	0.02024	0.01534	0.02102	0.01307	0.01823	0.01049	0.00669	0.00708	0.00223	0.00892	0.00634	0.00337	0.00979
9	0.01090	0.00791	0.00981	0.01058	0.01172	0.00777	0.00740	0.09153	0.01616	0.02147	0.03805	0.62585	0.07269	0.02044	0.00882	0.00278	0.00456	0.01832	0.00667	0.00656
10	0.01374	0.01296	0.02189	0.68393	0.09544	0.01590	0.01992	0.01845	0.01438	0.01855	0.01271	0.01889	0.00962	0.00706	0.00711	0.00235	0.00942	0.00633	0.00319	0.00815
11	0.02951	0.01439	0.01878	0.01635	0.08144	0.01377	0.01222	0.18492	0.02307	0.49222	0.02419	0.02197	0.01576	0.00853	0.00714	0.00218	0.00669	0.00691	0.00794	0.01204
12	0.00865	0.00629	0.00817	0.00967	0.01026	0.00580	0.00650	0.00994	0.01387	0.01827	0.04223	0.68372	0.10656	0.02192	0.00903	0.00285	0.00408	0.01977	0.00661	0.00580
13	0.01845	0.66525	0.12094	0.01319	0.01983	0.02673	0.01393	0.02147	0.01454	0.01747	0.01026	0.01187	0.00912	0.00618	0.00484	0.00161	0.00798	0.00399	0.00304	0.00931
14	0.00868	0.00620	0.00826	0.00991	0.01033	0.00578	0.00661	0.00991	0.01363	0.01818	0.03925	0.74510	0.04710	0.02231	0.00909	0.00289	0.00413	0.02024	0.00661	0.00578
15	0.00917	0.00719	0.00830	0.00815	0.01011	0.00631	0.00606	0.01164	0.01784	0.02334	0.35184	0.09953	0.38162	0.01672	0.00845	0.00236	0.00353	0.01436	0.00716	0.00631
16	0.01097	0.00813	0.01157	0.01134	0.01270	0.00933	0.00870	0.04326	0.01236	0.01759	0.01929	0.02916	0.01827	0.11452	0.62651	0.01060	0.01745	0.00782	0.00401	0.00644
17	0.01681	0.01921	0.04202	0.03001	0.03721	0.01801	0.67947	0.02281	0.01681	0.02281	0.01441	0.01921	0.01080	0.00600	0.00840	0.00240	0.01200	0.00840	0.00360	0.00960
18	0.01036	0.00690	0.00777	0.00777	0.00777	0.00690	0.00431	0.01036	0.01036	0.01381	0.02244	0.04660	0.02589	0.74975	0.03624	0.00690	0.00690	0.01036	0.00431	0.00431
19	0.01558	0.01558	0.02181	0.01869	0.01869	0.02181	0.01558	0.01714	0.01091	0.01714	0.00935	0.01558	0.00935	0.01246	0.02337	0.00312	0.73672	0.00623	0.00312	0.00779
20	0.43984	0.01395	0.01338	0.01122	0.01576	0.01520	0.00915	0.14656	0.01786	0.16028	0.01668	0.05275	0.01281	0.00825	0.00569	0.00220	0.00589	0.00589	0.03744	0.00922

[dist]
# distance from previous block
# <min> <max>
0	0

# created by:
# /st0/software/busco_prod/Augustus/scripts/msa2prfl.pl ./align_prep/164181.fa
