[name]
unknown

[dist]
# distance from previous block
# <min> <max>
0	38

[block]
# block no. 0 follows, 28 sequences, length 8
# corresponding to MSA columns:
# 48-55
name=unknown_A
#
# <colnr> <probs for GDERKNQSTAVLIFYWHMCP>
#	G	D	E	R	K	N	Q	S	T	A	V	L	I	F	Y	W	H	M	C	P
0	0.14384	0.00933	0.01154	0.01274	0.01489	0.00970	0.01107	0.01612	0.01600	0.02358	0.03371	0.07017	0.03611	0.01783	0.00911	0.00316	0.00651	0.54137	0.00632	0.00689
1	0.15906	0.01438	0.05638	0.01296	0.01858	0.01255	0.01122	0.03257	0.06900	0.50042	0.02470	0.02219	0.01609	0.00856	0.00682	0.00227	0.00633	0.00670	0.00777	0.01145
2	0.02611	0.01169	0.01654	0.13282	0.02268	0.01106	0.01174	0.02903	0.01862	0.48620	0.02657	0.06076	0.01946	0.05658	0.00939	0.00266	0.00676	0.03317	0.00754	0.01062
3	0.00925	0.00694	0.00836	0.00922	0.01040	0.00634	0.00650	0.01084	0.01498	0.01925	0.08508	0.36917	0.25001	0.09670	0.01200	0.00322	0.00449	0.06477	0.00657	0.00593
4	0.01562	0.01222	0.01784	0.37883	0.03333	0.01318	0.01460	0.02064	0.05860	0.09468	0.06668	0.02608	0.06979	0.00870	0.00716	0.00217	0.00744	0.00745	0.00490	0.14009
5	0.01542	0.01513	0.02333	0.54289	0.18313	0.05838	0.02026	0.01998	0.01532	0.01960	0.01298	0.01871	0.01005	0.00712	0.00721	0.00233	0.00968	0.00636	0.00334	0.00881
6	0.01395	0.01035	0.01160	0.03900	0.01492	0.03742	0.00877	0.01910	0.12912	0.09324	0.04427	0.25342	0.22026	0.01652	0.00842	0.00262	0.00527	0.05710	0.00683	0.00783
7	0.09609	0.00851	0.00951	0.00924	0.01176	0.00792	0.00710	0.01491	0.01694	0.08889	0.17228	0.14530	0.30954	0.01627	0.00821	0.00251	0.00436	0.05662	0.00696	0.00707

[dist]
# distance from previous block
# <min> <max>
4	22

[block]
# block no. 1 follows, 28 sequences, length 21
# corresponding to MSA columns:
# 78-98
name=unknown_B
#
# <colnr> <probs for GDERKNQSTAVLIFYWHMCP>
#	G	D	E	R	K	N	Q	S	T	A	V	L	I	F	Y	W	H	M	C	P
0	0.01623	0.01314	0.01418	0.01261	0.01550	0.06660	0.03223	0.15971	0.04923	0.04672	0.05512	0.22831	0.12108	0.09834	0.01140	0.00296	0.00641	0.01229	0.00632	0.03164
1	0.07371	0.01269	0.01363	0.01171	0.01531	0.01305	0.00911	0.23214	0.04627	0.03021	0.08285	0.14125	0.17169	0.04567	0.00894	0.00251	0.00566	0.01096	0.00659	0.06607
2	0.02129	0.01618	0.01665	0.01323	0.01852	0.08943	0.01051	0.12561	0.09237	0.14737	0.02118	0.04952	0.03799	0.00840	0.00663	0.00181	0.00671	0.00669	0.00605	0.30386
3	0.01918	0.01535	0.01728	0.01271	0.01896	0.01389	0.01031	0.23287	0.02132	0.03092	0.01440	0.01585	0.01129	0.00648	0.00600	0.00144	0.00624	0.00504	0.00528	0.53521
4	0.02380	0.01542	0.01662	0.01357	0.01791	0.05686	0.01082	0.22756	0.08518	0.20232	0.02245	0.04580	0.01704	0.04501	0.00886	0.00238	0.02742	0.00736	0.10960	0.04400
5	0.01036	0.00767	0.00927	0.03895	0.01192	0.00747	0.00683	0.03783	0.01446	0.01872	0.04016	0.31601	0.17629	0.22826	0.01697	0.00399	0.00539	0.03760	0.00595	0.00590
6	0.00949	0.00670	0.00834	0.00927	0.00971	0.00645	0.00597	0.01042	0.01283	0.01702	0.03531	0.43155	0.07834	0.27137	0.04913	0.00470	0.00581	0.01633	0.00582	0.00543
7	0.01291	0.00984	0.01102	0.01057	0.01315	0.00987	0.00793	0.04376	0.17879	0.05437	0.11957	0.20320	0.26444	0.01615	0.00835	0.00253	0.00455	0.01388	0.00716	0.00797
8	0.02219	0.01713	0.02196	0.01687	0.02173	0.01824	0.11978	0.41437	0.02627	0.03578	0.01833	0.02318	0.01479	0.12112	0.01187	0.00293	0.00819	0.00751	0.06747	0.01028
9	0.01494	0.01214	0.01768	0.38596	0.03266	0.01466	0.01490	0.07918	0.01595	0.02261	0.01601	0.02204	0.01285	0.04040	0.03564	0.00284	0.07362	0.00675	0.17120	0.00798
10	0.01373	0.01292	0.02180	0.72707	0.05006	0.01615	0.02019	0.01857	0.01453	0.01857	0.01292	0.01938	0.00969	0.00727	0.00727	0.00242	0.00969	0.00646	0.00323	0.00807
11	0.62126	0.01473	0.01275	0.01083	0.01561	0.01659	0.00893	0.10907	0.01606	0.09870	0.01287	0.01379	0.00944	0.00722	0.00513	0.00224	0.00599	0.00460	0.00530	0.00890
12	0.00906	0.00727	0.00795	0.00798	0.00997	0.00631	0.00582	0.01105	0.01676	0.02106	0.18847	0.12304	0.47844	0.06176	0.01035	0.00274	0.00388	0.01508	0.00685	0.00615
13	0.02888	0.01222	0.01614	0.01268	0.01774	0.01102	0.01036	0.06284	0.04712	0.55821	0.11601	0.02838	0.02456	0.00979	0.00748	0.00226	0.00589	0.00808	0.00872	0.01161
14	0.02322	0.01760	0.01909	0.01544	0.02022	0.01967	0.01245	0.44402	0.17895	0.03840	0.02063	0.02202	0.01575	0.04854	0.06693	0.00326	0.00839	0.00722	0.00688	0.01130
15	0.01799	0.01727	0.02950	0.04462	0.69919	0.01727	0.02231	0.02231	0.01655	0.02375	0.01367	0.01799	0.01151	0.00648	0.00720	0.00216	0.00864	0.00648	0.00360	0.01151
16	0.00886	0.00633	0.00843	0.01012	0.01054	0.00590	0.00675	0.01012	0.01392	0.01856	0.04006	0.73979	0.04808	0.02277	0.00928	0.00295	0.00422	0.02066	0.00675	0.00590
17	0.01056	0.00710	0.00820	0.00820	0.00830	0.00720	0.00475	0.01075	0.01065	0.01430	0.02265	0.04617	0.02582	0.69391	0.08680	0.00739	0.00796	0.01037	0.00437	0.00456
18	0.01021	0.00743	0.00960	0.00906	0.01081	0.00682	0.00679	0.01356	0.02038	0.02869	0.66502	0.05506	0.09922	0.01503	0.00857	0.00229	0.00344	0.01325	0.00794	0.00682
19	0.73988	0.01393	0.01114	0.00981	0.01439	0.01589	0.00808	0.02240	0.01299	0.08189	0.01148	0.01276	0.00861	0.00691	0.00470	0.00225	0.00566	0.00418	0.00483	0.00820
20	0.79588	0.01406	0.01068	0.00956	0.01406	0.01631	0.00787	0.02137	0.01237	0.03261	0.01012	0.01181	0.00787	0.00675	0.00450	0.00225	0.00562	0.00394	0.00450	0.00787

[dist]
# distance from previous block
# <min> <max>
0	20

[block]
# block no. 2 follows, 28 sequences, length 73
# corresponding to MSA columns:
# 119-191
name=unknown_C
#
# <colnr> <probs for GDERKNQSTAVLIFYWHMCP>
#	G	D	E	R	K	N	Q	S	T	A	V	L	I	F	Y	W	H	M	C	P
0	0.00886	0.00633	0.00843	0.01012	0.01054	0.00590	0.00675	0.01012	0.01392	0.01856	0.04006	0.73979	0.04808	0.02277	0.00928	0.00295	0.00422	0.02066	0.00675	0.00590
1	0.02763	0.02036	0.02182	0.01672	0.02254	0.02254	0.01382	0.67496	0.03418	0.04581	0.01745	0.01745	0.01236	0.00873	0.00727	0.00218	0.00800	0.00654	0.00727	0.01236
2	0.01056	0.00708	0.00808	0.00808	0.00813	0.00713	0.00459	0.01067	0.01062	0.01421	0.02276	0.04680	0.02609	0.71659	0.06449	0.00723	0.00755	0.01046	0.00438	0.00449
3	0.01104	0.00816	0.01180	0.01161	0.01288	0.00963	0.00908	0.01366	0.01202	0.01797	0.01932	0.02766	0.01771	0.04729	0.60145	0.01015	0.05990	0.00760	0.08449	0.00661
4	0.01894	0.01542	0.01646	0.01468	0.01888	0.01764	0.01146	0.03844	0.64673	0.07025	0.02953	0.02698	0.02194	0.00981	0.00739	0.00245	0.00578	0.00816	0.00749	0.01156
5	0.01875	0.01637	0.01679	0.01499	0.01916	0.03839	0.01168	0.06576	0.63879	0.03071	0.02853	0.02630	0.02140	0.00974	0.00737	0.00244	0.00606	0.00804	0.00729	0.01145
6	0.01613	0.17051	0.52661	0.01945	0.02891	0.04926	0.04790	0.02305	0.01553	0.02169	0.01248	0.01472	0.00931	0.00677	0.00653	0.00215	0.01034	0.00518	0.00313	0.01034
7	0.01826	0.01973	0.05789	0.03872	0.47362	0.06283	0.17562	0.02300	0.01691	0.02322	0.01373	0.01796	0.01117	0.00648	0.00747	0.00221	0.00986	0.00681	0.00361	0.01088
8	0.53733	0.01358	0.01225	0.01061	0.01517	0.01495	0.00865	0.02519	0.08272	0.15580	0.01863	0.01859	0.04477	0.00805	0.00551	0.00228	0.00565	0.00555	0.00573	0.00899
9	0.00886	0.00633	0.00843	0.01012	0.01054	0.00590	0.00675	0.01012	0.01392	0.01856	0.04006	0.73979	0.04808	0.02277	0.00928	0.00295	0.00422	0.02066	0.00675	0.00590
10	0.02595	0.01835	0.02080	0.01624	0.02161	0.01987	0.03396	0.52034	0.05556	0.10261	0.02059	0.07417	0.01596	0.00979	0.00748	0.00227	0.00759	0.00783	0.00728	0.01175
11	0.01600	0.23376	0.50210	0.01872	0.02812	0.02021	0.04217	0.02268	0.01524	0.02139	0.01228	0.01445	0.00930	0.00669	0.00634	0.00210	0.00997	0.00506	0.00310	0.01032
12	0.03034	0.01259	0.01687	0.01312	0.01829	0.01147	0.01080	0.06458	0.02107	0.60392	0.06886	0.02589	0.02054	0.00949	0.00802	0.00228	0.03379	0.00760	0.00863	0.01186
13	0.01057	0.00705	0.00793	0.00793	0.00793	0.00705	0.00440	0.01057	0.01057	0.01409	0.02290	0.04757	0.02643	0.74454	0.03700	0.00705	0.00705	0.01057	0.00440	0.00440
14	0.02763	0.02036	0.02182	0.01672	0.02254	0.02254	0.01382	0.67496	0.03418	0.04581	0.01745	0.01745	0.01236	0.00873	0.00727	0.00218	0.00800	0.00654	0.00727	0.01236
15	0.01855	0.02137	0.03870	0.03038	0.09785	0.11021	0.52500	0.02395	0.01755	0.02260	0.01415	0.01860	0.01086	0.00634	0.00818	0.00235	0.01203	0.00787	0.00368	0.00978
16	0.01196	0.00902	0.01228	0.01168	0.01260	0.01086	0.00898	0.01410	0.01199	0.01824	0.01884	0.02887	0.01790	0.14516	0.36559	0.00774	0.14789	0.00778	0.13200	0.00649
17	0.79588	0.01406	0.01068	0.00956	0.01406	0.01631	0.00787	0.02137	0.01237	0.03261	0.01012	0.01181	0.00787	0.00675	0.00450	0.00225	0.00562	0.00394	0.00450	0.00787
18	0.01716	0.01961	0.04289	0.03064	0.03799	0.01838	0.67279	0.02328	0.01716	0.02328	0.01471	0.01961	0.01103	0.00613	0.00858	0.00245	0.01225	0.00858	0.00368	0.00980
19	0.01029	0.00743	0.00972	0.00914	0.01086	0.00686	0.00686	0.01372	0.02058	0.02915	0.69536	0.05430	0.06859	0.01486	0.00857	0.00229	0.00343	0.01315	0.00800	0.00686
20	0.00978	0.00744	0.00904	0.00891	0.01082	0.00670	0.00678	0.01259	0.01869	0.02500	0.41248	0.08745	0.27538	0.01675	0.00872	0.00245	0.00379	0.06322	0.00744	0.00657
21	0.01469	0.03683	0.67854	0.02114	0.03174	0.01695	0.05442	0.02303	0.01542	0.02303	0.01312	0.01553	0.00929	0.00687	0.00698	0.00231	0.01081	0.00551	0.00310	0.01070
22	0.03261	0.01237	0.01687	0.01293	0.01856	0.01068	0.01068	0.03543	0.02081	0.70423	0.02868	0.02474	0.01799	0.00900	0.00731	0.00225	0.00619	0.00731	0.00900	0.01237
23	0.01821	0.01827	0.02994	0.03536	0.40740	0.04773	0.16644	0.02555	0.12900	0.02450	0.01647	0.01967	0.01310	0.00701	0.00751	0.00226	0.00916	0.00716	0.00426	0.01100
24	0.00913	0.00738	0.00811	0.00793	0.01015	0.00636	0.00594	0.01147	0.01783	0.02264	0.26968	0.06502	0.49833	0.01729	0.00859	0.00240	0.00360	0.01465	0.00714	0.00636
25	0.01022	0.00748	0.00963	0.00925	0.01103	0.00689	0.00704	0.01350	0.01998	0.02783	0.59840	0.05743	0.12357	0.01551	0.00867	0.00237	0.00366	0.05297	0.00781	0.00678
26	0.01535	0.01224	0.01519	0.01571	0.05702	0.01329	0.01218	0.09058	0.19006	0.02665	0.06130	0.05277	0.06360	0.01484	0.00936	0.00283	0.03734	0.29419	0.00666	0.00884
27	0.01943	0.74891	0.03809	0.01244	0.01866	0.02876	0.01244	0.02177	0.01477	0.01710	0.01011	0.01166	0.00933	0.00622	0.00466	0.00155	0.00777	0.00389	0.00311	0.00933
28	0.01411	0.01331	0.02250	0.66551	0.10862	0.01625	0.02038	0.01891	0.01472	0.01904	0.01299	0.01925	0.00985	0.00720	0.00726	0.00240	0.00959	0.00646	0.00326	0.00839
29	0.01029	0.00743	0.00972	0.00914	0.01086	0.00686	0.00686	0.01372	0.02058	0.02915	0.69536	0.05430	0.06859	0.01486	0.00857	0.00229	0.00343	0.01315	0.00800	0.00686
30	0.02692	0.01983	0.02131	0.01647	0.02209	0.02191	0.01355	0.64975	0.03341	0.04478	0.01831	0.04483	0.01372	0.00926	0.00735	0.00221	0.00786	0.00708	0.00725	0.01212
31	0.05513	0.60791	0.09410	0.01329	0.01980	0.02677	0.01357	0.06248	0.01592	0.02011	0.01082	0.01235	0.00944	0.00646	0.00501	0.00169	0.00795	0.00418	0.00343	0.00957
32	0.01469	0.01390	0.02354	0.57319	0.19643	0.01640	0.02067	0.01941	0.01499	0.01974	0.01309	0.01907	0.01010	0.00709	0.00725	0.00236	0.00945	0.00646	0.00331	0.00885
33	0.02763	0.02036	0.02182	0.01672	0.02254	0.02254	0.01382	0.67496	0.03418	0.04581	0.01745	0.01745	0.01236	0.00873	0.00727	0.00218	0.00800	0.00654	0.00727	0.01236
34	0.01799	0.01727	0.02950	0.04462	0.69919	0.01727	0.02231	0.02231	0.01655	0.02375	0.01367	0.01799	0.01151	0.00648	0.00720	0.00216	0.00864	0.00648	0.00360	0.01151
35	0.79588	0.01406	0.01068	0.00956	0.01406	0.01631	0.00787	0.02137	0.01237	0.03261	0.01012	0.01181	0.00787	0.00675	0.00450	0.00225	0.00562	0.00394	0.00450	0.00787
36	0.01056	0.00709	0.00815	0.00815	0.00823	0.00717	0.00468	0.01071	0.01064	0.01426	0.02270	0.04644	0.02594	0.70374	0.07713	0.00732	0.00778	0.01041	0.00437	0.00453
37	0.79588	0.01406	0.01068	0.00956	0.01406	0.01631	0.00787	0.02137	0.01237	0.03261	0.01012	0.01181	0.00787	0.00675	0.00450	0.00225	0.00562	0.00394	0.00450	0.00787
38	0.01057	0.00705	0.00793	0.00793	0.00793	0.00705	0.00440	0.01057	0.01057	0.01409	0.02290	0.04757	0.02643	0.74454	0.03700	0.00705	0.00705	0.01057	0.00440	0.00440
39	0.01029	0.00743	0.00972	0.00914	0.01086	0.00686	0.00686	0.01372	0.02058	0.02915	0.69536	0.05430	0.06859	0.01486	0.00857	0.00229	0.00343	0.01315	0.00800	0.00686
40	0.01808	0.01561	0.01644	0.01479	0.01890	0.01808	0.01151	0.03863	0.68606	0.03041	0.02959	0.02712	0.02219	0.00986	0.00740	0.00247	0.00575	0.00822	0.00740	0.01151
41	0.01051	0.00728	0.00912	0.00912	0.00954	0.00770	0.00589	0.01134	0.01092	0.01498	0.02181	0.04152	0.02380	0.52487	0.25307	0.00852	0.01100	0.00968	0.00424	0.00507
42	0.03261	0.01237	0.01687	0.01293	0.01856	0.01068	0.01068	0.03543	0.02081	0.70423	0.02868	0.02474	0.01799	0.00900	0.00731	0.00225	0.00619	0.00731	0.00900	0.01237
43	0.02699	0.01974	0.02113	0.01627	0.02190	0.02182	0.01342	0.64477	0.03331	0.04495	0.01774	0.01789	0.01265	0.00871	0.00717	0.00216	0.00779	0.00656	0.04294	0.01211
44	0.01665	0.11016	0.39791	0.01868	0.02685	0.01729	0.07992	0.04077	0.01639	0.06956	0.04005	0.01960	0.04003	0.00789	0.00765	0.00222	0.04046	0.00634	0.00402	0.03757
45	0.01859	0.67557	0.06178	0.01261	0.01864	0.02689	0.01263	0.02109	0.01474	0.01742	0.01208	0.05708	0.01173	0.00727	0.00504	0.00167	0.00767	0.00499	0.00333	0.00917
46	0.01476	0.06469	0.68140	0.02040	0.03097	0.01733	0.02631	0.02297	0.01532	0.02279	0.01293	0.01521	0.00921	0.00688	0.00682	0.00227	0.01063	0.00531	0.00307	0.01069
47	0.03261	0.01237	0.01687	0.01293	0.01856	0.01068	0.01068	0.03543	0.02081	0.70423	0.02868	0.02474	0.01799	0.00900	0.00731	0.00225	0.00619	0.00731	0.00900	0.01237
48	0.01518	0.07620	0.35116	0.04765	0.02871	0.01818	0.12832	0.02103	0.01455	0.02103	0.01305	0.01715	0.01034	0.01173	0.06932	0.00322	0.13416	0.00621	0.00327	0.00956
49	0.01958	0.02033	0.02640	0.07058	0.48380	0.15381	0.01977	0.02467	0.06782	0.02283	0.01436	0.01779	0.01181	0.00697	0.00709	0.00214	0.00934	0.00626	0.00390	0.01074
50	0.03261	0.01237	0.01687	0.01293	0.01856	0.01068	0.01068	0.03543	0.02081	0.70423	0.02868	0.02474	0.01799	0.00900	0.00731	0.00225	0.00619	0.00731	0.00900	0.01237
51	0.00900	0.00695	0.00864	0.03657	0.01183	0.00640	0.00687	0.01066	0.01501	0.01925	0.07084	0.47351	0.25711	0.02052	0.00896	0.00275	0.00423	0.01816	0.00665	0.00609
52	0.04799	0.04017	0.06194	0.01656	0.02152	0.05947	0.08386	0.10724	0.19546	0.13281	0.02440	0.03117	0.01988	0.01032	0.00766	0.00246	0.00777	0.11259	0.00639	0.01034
53	0.01482	0.03590	0.64404	0.02166	0.03208	0.01702	0.08798	0.02305	0.01552	0.02305	0.01320	0.01575	0.00938	0.00683	0.00706	0.00232	0.01089	0.00567	0.00313	0.01065
54	0.01147	0.00813	0.01111	0.01256	0.01397	0.00811	0.01059	0.01431	0.01583	0.02064	0.03649	0.09876	0.04001	0.11559	0.01357	0.00382	0.00666	0.54562	0.00639	0.00637
55	0.02536	0.13783	0.02381	0.01969	0.07116	0.56414	0.01441	0.02748	0.01945	0.01812	0.01125	0.01325	0.00951	0.00723	0.00632	0.00185	0.01200	0.00470	0.00364	0.00878
56	0.70126	0.01579	0.05385	0.01153	0.01657	0.01647	0.05034	0.02158	0.01284	0.03147	0.01058	0.01250	0.00815	0.00672	0.00489	0.00226	0.00634	0.00431	0.00436	0.00816
57	0.01726	0.01703	0.03040	0.07204	0.53150	0.01693	0.12824	0.02179	0.01656	0.02326	0.01637	0.02054	0.04057	0.00696	0.00749	0.00223	0.00907	0.00720	0.00373	0.01085
58	0.01922	0.03863	0.04851	0.01681	0.02270	0.01469	0.14797	0.02771	0.19320	0.13792	0.02100	0.02277	0.01589	0.00786	0.00707	0.00205	0.00735	0.02681	0.00576	0.21609
59	0.00891	0.00639	0.00838	0.00995	0.01043	0.00595	0.00662	0.01015	0.01389	0.01844	0.04065	0.69221	0.07011	0.04768	0.01022	0.00308	0.00430	0.02013	0.00667	0.00586
60	0.02520	0.10523	0.02260	0.01806	0.02173	0.55099	0.01407	0.04713	0.01943	0.01856	0.01114	0.01339	0.00947	0.00795	0.00820	0.00199	0.08771	0.00483	0.00373	0.00859
61	0.79588	0.01406	0.01068	0.00956	0.01406	0.01631	0.00787	0.02137	0.01237	0.03261	0.01012	0.01181	0.00787	0.00675	0.00450	0.00225	0.00562	0.00394	0.00450	0.00787
62	0.01373	0.01292	0.02180	0.72707	0.05006	0.01615	0.02019	0.01857	0.01453	0.01857	0.01292	0.01938	0.00969	0.00727	0.00727	0.00242	0.00969	0.00646	0.00323	0.00807
63	0.01095	0.00821	0.01025	0.00960	0.01158	0.00790	0.00724	0.01595	0.08425	0.02881	0.60114	0.05245	0.09474	0.01455	0.00846	0.00231	0.00366	0.01278	0.00788	0.00727
64	0.00885	0.00737	0.00772	0.00763	0.00998	0.00625	0.00572	0.01093	0.01717	0.02107	0.16762	0.06759	0.60137	0.01787	0.00859	0.00243	0.00364	0.01501	0.00694	0.00625
65	0.01081	0.00764	0.00894	0.00874	0.00889	0.00803	0.00535	0.01109	0.01091	0.01465	0.02413	0.04584	0.05392	0.64159	0.06069	0.00678	0.05241	0.01041	0.00441	0.00478
66	0.01029	0.00743	0.00972	0.00914	0.01086	0.00686	0.00686	0.01372	0.02058	0.02915	0.69536	0.05430	0.06859	0.01486	0.00857	0.00229	0.00343	0.01315	0.00800	0.00686
67	0.01907	0.62047	0.13095	0.01385	0.02060	0.05491	0.01452	0.02224	0.01509	0.01796	0.01056	0.01223	0.00931	0.00637	0.00505	0.00167	0.00841	0.00413	0.00313	0.00949
68	0.01029	0.00768	0.01141	0.01150	0.01275	0.00881	0.00886	0.01283	0.01213	0.01741	0.04443	0.07369	0.02180	0.05115	0.64702	0.01081	0.01796	0.00878	0.00422	0.00647
69	0.03261	0.01237	0.01687	0.01293	0.01856	0.01068	0.01068	0.03543	0.02081	0.70423	0.02868	0.02474	0.01799	0.00900	0.00731	0.00225	0.00619	0.00731	0.00900	0.01237
70	0.01799	0.01727	0.02950	0.04462	0.69919	0.01727	0.02231	0.02231	0.01655	0.02375	0.01367	0.01799	0.01151	0.00648	0.00720	0.00216	0.00864	0.00648	0.00360	0.01151
71	0.01671	0.01349	0.03748	0.01130	0.01765	0.00993	0.00937	0.02001	0.01565	0.09411	0.01528	0.03531	0.01246	0.00627	0.00574	0.00129	0.00561	0.00509	0.00482	0.66246
72	0.01797	0.06081	0.02678	0.20246	0.34003	0.06877	0.05113	0.04358	0.07465	0.02290	0.01464	0.01845	0.01171	0.00707	0.00710	0.00221	0.00907	0.00644	0.00394	0.01027

[dist]
# distance from previous block
# <min> <max>
3	7

[block]
# block no. 3 follows, 28 sequences, length 13
# corresponding to MSA columns:
# 199-211
name=unknown_D
#
# <colnr> <probs for GDERKNQSTAVLIFYWHMCP>
#	G	D	E	R	K	N	Q	S	T	A	V	L	I	F	Y	W	H	M	C	P
0	0.50816	0.04100	0.01384	0.01147	0.01589	0.06961	0.00940	0.07425	0.01589	0.09513	0.01507	0.04298	0.01252	0.00841	0.00560	0.00227	0.00652	0.03813	0.00523	0.00862
1	0.48647	0.01691	0.06964	0.04483	0.05964	0.01697	0.01186	0.12133	0.01681	0.07732	0.01303	0.01450	0.00963	0.00722	0.00558	0.00225	0.00678	0.00493	0.00499	0.00931
2	0.01264	0.00879	0.01164	0.01239	0.01427	0.00885	0.01025	0.03843	0.03974	0.04892	0.06651	0.14282	0.06902	0.04494	0.06234	0.00383	0.00707	0.38386	0.00662	0.00708
3	0.01507	0.01292	0.01507	0.01077	0.01723	0.00969	0.00861	0.01830	0.01507	0.02369	0.01292	0.01507	0.01077	0.00538	0.00538	0.00108	0.00538	0.00431	0.00431	0.78898
4	0.00859	0.00736	0.00736	0.00736	0.00982	0.00614	0.00552	0.01043	0.01657	0.01964	0.07364	0.06996	0.69624	0.01841	0.00859	0.00245	0.00368	0.01534	0.00675	0.00614
5	0.03261	0.01237	0.01687	0.01293	0.01856	0.01068	0.01068	0.03543	0.02081	0.70423	0.02868	0.02474	0.01799	0.00900	0.00731	0.00225	0.00619	0.00731	0.00900	0.01237
6	0.01373	0.01292	0.02180	0.72707	0.05006	0.01615	0.02019	0.01857	0.01453	0.01857	0.01292	0.01938	0.00969	0.00727	0.00727	0.00242	0.00969	0.00646	0.00323	0.00807
7	0.79588	0.01406	0.01068	0.00956	0.01406	0.01631	0.00787	0.02137	0.01237	0.03261	0.01012	0.01181	0.00787	0.00675	0.00450	0.00225	0.00562	0.00394	0.00450	0.00787
8	0.01507	0.01292	0.01507	0.01077	0.01723	0.00969	0.00861	0.01830	0.01507	0.02369	0.01292	0.01507	0.01077	0.00538	0.00538	0.00108	0.00538	0.00431	0.00431	0.78898
9	0.01507	0.01292	0.01507	0.01077	0.01723	0.00969	0.00861	0.01830	0.01507	0.02369	0.01292	0.01507	0.01077	0.00538	0.00538	0.00108	0.00538	0.00431	0.00431	0.78898
10	0.01634	0.20168	0.47955	0.05456	0.02894	0.05719	0.02247	0.02283	0.01545	0.02114	0.01226	0.01457	0.00927	0.00680	0.00638	0.00211	0.01013	0.00504	0.00312	0.01015
11	0.01627	0.05299	0.04842	0.01214	0.01818	0.05391	0.01019	0.04580	0.04102	0.02382	0.01494	0.05433	0.01303	0.00686	0.00585	0.00140	0.00627	0.00547	0.00452	0.56458
12	0.05716	0.01267	0.01597	0.05213	0.10963	0.01236	0.01116	0.07360	0.07949	0.11458	0.09250	0.03009	0.11217	0.00972	0.00699	0.00206	0.00586	0.00813	0.05277	0.14093

[dist]
# distance from previous block
# <min> <max>
0	31

# created by:
# /st0/software/busco_prod/Augustus/scripts/msa2prfl.pl ./align_prep/164286.fa
