[name]
unknown

[dist]
# distance from previous block
# <min> <max>
0	18

[block]
# block no. 0 follows, 27 sequences, length 6
# corresponding to MSA columns:
# 18-23
name=unknown_A
#
# <colnr> <probs for GDERKNQSTAVLIFYWHMCP>
#	G	D	E	R	K	N	Q	S	T	A	V	L	I	F	Y	W	H	M	C	P
0	0.02541	0.01787	0.01994	0.01616	0.02127	0.01940	0.01348	0.49892	0.03053	0.08592	0.02276	0.03110	0.01885	0.01118	0.00798	0.00246	0.00779	0.13006	0.00743	0.01150
1	0.20542	0.01258	0.01618	0.01782	0.14644	0.01250	0.01162	0.02380	0.01767	0.22206	0.13603	0.07634	0.02649	0.01055	0.00722	0.00238	0.00607	0.03250	0.00660	0.00973
2	0.01978	0.01334	0.01593	0.01204	0.01787	0.01120	0.00963	0.09215	0.01857	0.15890	0.01923	0.07881	0.01587	0.00811	0.00643	0.00162	0.00585	0.00667	0.00588	0.48212
3	0.02039	0.02801	0.15347	0.05985	0.07328	0.34631	0.01648	0.02429	0.01932	0.02196	0.14344	0.02273	0.02144	0.00890	0.00725	0.00213	0.01046	0.00683	0.00449	0.00897
4	0.07271	0.15300	0.34765	0.01856	0.02666	0.01967	0.07479	0.02628	0.14418	0.02465	0.01601	0.01746	0.01206	0.00744	0.00672	0.00226	0.00921	0.00596	0.00416	0.01058
5	0.01876	0.40286	0.10823	0.01459	0.02010	0.13499	0.01403	0.02185	0.01551	0.01824	0.01271	0.01594	0.01127	0.01621	0.14200	0.00374	0.01150	0.00505	0.00343	0.00898

[dist]
# distance from previous block
# <min> <max>
2	19

[block]
# block no. 1 follows, 27 sequences, length 56
# corresponding to MSA columns:
# 43-98
name=unknown_B
#
# <colnr> <probs for GDERKNQSTAVLIFYWHMCP>
#	G	D	E	R	K	N	Q	S	T	A	V	L	I	F	Y	W	H	M	C	P
0	0.01786	0.02046	0.08903	0.02950	0.06183	0.01780	0.53949	0.02388	0.01744	0.05690	0.01643	0.04386	0.01277	0.00705	0.00854	0.00249	0.01168	0.00879	0.00408	0.01015
1	0.00945	0.00717	0.01031	0.01127	0.01212	0.00667	0.03938	0.01101	0.01447	0.01923	0.04087	0.67513	0.07030	0.02226	0.00941	0.00297	0.00469	0.02030	0.00674	0.00623
2	0.02666	0.01910	0.02081	0.01618	0.02180	0.02073	0.01325	0.54718	0.05542	0.08211	0.01988	0.05388	0.01505	0.00953	0.00745	0.00223	0.00767	0.00740	0.00737	0.04629
3	0.02784	0.02002	0.02107	0.01648	0.02204	0.05488	0.01346	0.54163	0.03187	0.11089	0.01974	0.05113	0.01473	0.00953	0.00749	0.00226	0.00806	0.00733	0.00740	0.01213
4	0.01734	0.01820	0.02606	0.02128	0.02337	0.07539	0.14452	0.02108	0.05263	0.01982	0.01248	0.01789	0.01110	0.01255	0.04276	0.00325	0.46095	0.00697	0.00367	0.00870
5	0.01020	0.00727	0.00853	0.00858	0.00947	0.00687	0.00559	0.01155	0.01478	0.01975	0.20459	0.13105	0.14545	0.35857	0.02255	0.00474	0.00538	0.01340	0.00609	0.00559
6	0.01073	0.00717	0.00812	0.00818	0.00820	0.00715	0.00459	0.01078	0.01092	0.01456	0.02405	0.07424	0.02782	0.71231	0.03673	0.00704	0.00709	0.01118	0.00459	0.00456
7	0.31637	0.12329	0.07624	0.01184	0.01586	0.04088	0.01047	0.01861	0.01401	0.02454	0.01963	0.20110	0.02042	0.01237	0.00745	0.03687	0.00652	0.03092	0.00483	0.00777
8	0.01863	0.57091	0.20093	0.01477	0.02226	0.02640	0.01631	0.02254	0.01523	0.01895	0.01106	0.01283	0.00950	0.00652	0.00532	0.00177	0.00868	0.00434	0.00317	0.00988
9	0.00904	0.00646	0.00861	0.01034	0.01077	0.00603	0.00689	0.01034	0.01421	0.01895	0.04092	0.73426	0.04910	0.02326	0.00948	0.00301	0.00431	0.02110	0.00689	0.00603
10	0.00927	0.00663	0.00881	0.01018	0.01082	0.00618	0.00691	0.01090	0.01525	0.02060	0.13989	0.63057	0.05230	0.02202	0.00937	0.00291	0.00418	0.01993	0.00709	0.00618
11	0.01985	0.74357	0.03890	0.01270	0.01905	0.02937	0.01270	0.02223	0.01508	0.01747	0.01032	0.01191	0.00953	0.00635	0.00476	0.00159	0.00794	0.00397	0.00318	0.00953
12	0.02822	0.02079	0.02228	0.01708	0.02302	0.02302	0.01411	0.66804	0.03490	0.04679	0.01782	0.01782	0.01262	0.00891	0.00743	0.00223	0.00817	0.00668	0.00743	0.01262
13	0.00938	0.00758	0.00836	0.00826	0.01052	0.00656	0.00625	0.01178	0.01810	0.02292	0.24994	0.06729	0.48952	0.01782	0.00882	0.00249	0.00379	0.03687	0.00726	0.00650
14	0.00877	0.00752	0.00752	0.00752	0.01003	0.00627	0.00564	0.01065	0.01692	0.02005	0.07520	0.07144	0.68978	0.01880	0.00877	0.00251	0.00376	0.01567	0.00689	0.00627
15	0.01530	0.00908	0.01172	0.01055	0.01313	0.00853	0.00813	0.01967	0.06245	0.15273	0.47477	0.04894	0.05480	0.04086	0.00958	0.00256	0.00444	0.03638	0.00813	0.00825
16	0.01985	0.74357	0.03890	0.01270	0.01905	0.02937	0.01270	0.02223	0.01508	0.01747	0.01032	0.01191	0.00953	0.00635	0.00476	0.00159	0.00794	0.00397	0.00318	0.00953
17	0.01079	0.00797	0.01013	0.00952	0.01142	0.00750	0.00716	0.01502	0.05094	0.02940	0.63139	0.05490	0.09551	0.01510	0.00870	0.00235	0.00362	0.01330	0.00809	0.00719
18	0.03331	0.01263	0.01723	0.01321	0.01895	0.01091	0.01091	0.03618	0.02125	0.69794	0.02929	0.02527	0.01838	0.00919	0.00747	0.00230	0.00632	0.00747	0.00919	0.01263
19	0.02822	0.02079	0.02228	0.01708	0.02302	0.02302	0.01411	0.66804	0.03490	0.04679	0.01782	0.01782	0.01262	0.00891	0.00743	0.00223	0.00817	0.00668	0.00743	0.01262
20	0.01489	0.03840	0.70064	0.02116	0.03213	0.01724	0.02743	0.02351	0.01567	0.02351	0.01332	0.01567	0.00940	0.00705	0.00705	0.00235	0.01097	0.00549	0.00313	0.01097
21	0.01532	0.00835	0.00850	0.00796	0.01013	0.00858	0.00611	0.08423	0.01756	0.02964	0.02356	0.02666	0.01837	0.00868	0.00542	0.00178	0.00394	0.00690	0.70083	0.00751
22	0.01624	0.01624	0.02274	0.01949	0.01949	0.02274	0.01624	0.01787	0.01137	0.01787	0.00975	0.01624	0.00975	0.01299	0.02436	0.00325	0.72552	0.00650	0.00325	0.00812
23	0.01402	0.01319	0.02227	0.72126	0.05113	0.01649	0.02062	0.01897	0.01484	0.01897	0.01319	0.01979	0.00990	0.00742	0.00742	0.00247	0.00990	0.00660	0.00330	0.00825
24	0.00933	0.00754	0.00830	0.00811	0.01037	0.00650	0.00608	0.01174	0.01824	0.02319	0.27307	0.06629	0.48996	0.01763	0.00877	0.00245	0.00368	0.01494	0.00731	0.00650
25	0.03184	0.01257	0.01693	0.01313	0.01866	0.01105	0.01079	0.03544	0.04684	0.64591	0.05508	0.02654	0.02056	0.00946	0.00752	0.00231	0.00619	0.00773	0.00909	0.01238
26	0.01649	0.01572	0.02674	0.33712	0.41592	0.01714	0.02185	0.02114	0.01602	0.02197	0.01363	0.01899	0.01096	0.00696	0.00738	0.00232	0.00928	0.00661	0.00351	0.01024
27	0.00904	0.00646	0.00861	0.01034	0.01077	0.00603	0.00689	0.01034	0.01421	0.01895	0.04092	0.73426	0.04910	0.02326	0.00948	0.00301	0.00431	0.02110	0.00689	0.00603
28	0.74585	0.01429	0.01158	0.05157	0.01652	0.01664	0.00878	0.02165	0.01276	0.03246	0.01050	0.01251	0.00815	0.00692	0.00476	0.00231	0.00599	0.00417	0.00452	0.00805
29	0.00904	0.00649	0.00858	0.01025	0.01074	0.00604	0.00685	0.01035	0.01430	0.01899	0.04203	0.71275	0.06989	0.02311	0.00945	0.00300	0.00429	0.02093	0.00689	0.00604
30	0.01985	0.74357	0.03890	0.01270	0.01905	0.02937	0.01270	0.02223	0.01508	0.01747	0.01032	0.01191	0.00953	0.00635	0.00476	0.00159	0.00794	0.00397	0.00318	0.00953
31	0.01654	0.01342	0.02128	0.58981	0.04504	0.01611	0.01881	0.06333	0.01673	0.07698	0.01523	0.02041	0.01111	0.00771	0.00734	0.00242	0.00925	0.00669	0.03294	0.00885
32	0.02653	0.14356	0.02377	0.01814	0.02235	0.60544	0.01409	0.02851	0.02013	0.01806	0.01130	0.01316	0.00956	0.00745	0.00640	0.00186	0.01256	0.00466	0.00373	0.00875
33	0.00925	0.00655	0.00855	0.01008	0.01046	0.00616	0.00661	0.01039	0.01382	0.01842	0.03889	0.65498	0.04654	0.10602	0.01275	0.00350	0.00464	0.01991	0.00661	0.00585
34	0.01540	0.11135	0.63218	0.02028	0.03078	0.01850	0.02590	0.02338	0.01561	0.02288	0.01301	0.01528	0.00942	0.00698	0.00682	0.00227	0.01066	0.00533	0.00314	0.01082
35	0.01436	0.06513	0.56552	0.01890	0.02829	0.01619	0.02359	0.02185	0.01628	0.02376	0.08896	0.02230	0.04637	0.00842	0.00721	0.00232	0.00971	0.00673	0.00385	0.01027
36	0.01444	0.06478	0.56596	0.01898	0.02834	0.01621	0.02366	0.02200	0.01646	0.02420	0.11638	0.02158	0.01867	0.00826	0.00721	0.00231	0.00970	0.00663	0.00391	0.01030
37	0.01563	0.14313	0.60236	0.01990	0.03019	0.01904	0.02524	0.02332	0.01559	0.02261	0.01288	0.01511	0.00942	0.00695	0.00671	0.00224	0.01052	0.00526	0.00314	0.01076
38	0.01512	0.07108	0.66997	0.02077	0.03152	0.01780	0.02675	0.02345	0.01565	0.02323	0.01318	0.01550	0.00941	0.00702	0.00695	0.00232	0.01083	0.00542	0.00314	0.01090
39	0.01489	0.03840	0.70064	0.02116	0.03213	0.01724	0.02743	0.02351	0.01567	0.02351	0.01332	0.01567	0.00940	0.00705	0.00705	0.00235	0.01097	0.00549	0.00313	0.01097
40	0.00927	0.00662	0.00887	0.01060	0.01113	0.00622	0.00728	0.01073	0.01444	0.01920	0.04079	0.68378	0.04861	0.02304	0.00954	0.00305	0.00450	0.06935	0.00689	0.00609
41	0.01518	0.01453	0.02507	0.53407	0.19796	0.01686	0.05102	0.02007	0.01544	0.02040	0.01346	0.01948	0.01039	0.00718	0.00747	0.00241	0.00977	0.00670	0.00341	0.00914
42	0.00927	0.00676	0.00922	0.04203	0.01257	0.00650	0.00750	0.01072	0.01424	0.01895	0.03968	0.70240	0.04735	0.02255	0.00938	0.00299	0.00456	0.02046	0.00673	0.00613
43	0.02822	0.02079	0.02228	0.01708	0.02302	0.02302	0.01411	0.66804	0.03490	0.04679	0.01782	0.01782	0.01262	0.00891	0.00743	0.00223	0.00817	0.00668	0.00743	0.01262
44	0.02709	0.01199	0.01562	0.01256	0.01738	0.01092	0.01016	0.03198	0.09234	0.49259	0.13224	0.03225	0.05744	0.01064	0.00773	0.00234	0.00572	0.00885	0.00875	0.01139
45	0.01697	0.02391	0.18274	0.02915	0.03739	0.01845	0.53080	0.02372	0.01713	0.02372	0.01466	0.01910	0.01087	0.00643	0.00840	0.00247	0.01219	0.00807	0.00362	0.01022
46	0.03331	0.01263	0.01723	0.01321	0.01895	0.01091	0.01091	0.03618	0.02125	0.69794	0.02929	0.02527	0.01838	0.00919	0.00747	0.00230	0.00632	0.00747	0.00919	0.01263
47	0.01402	0.01319	0.02227	0.72126	0.05113	0.01649	0.02062	0.01897	0.01484	0.01897	0.01319	0.01979	0.00990	0.00742	0.00742	0.00247	0.00990	0.00660	0.00330	0.00825
48	0.02364	0.01155	0.03858	0.01196	0.01631	0.00959	0.00995	0.02696	0.02096	0.40980	0.28954	0.03686	0.03849	0.01148	0.00796	0.00231	0.00537	0.00975	0.00857	0.01035
49	0.01559	0.01462	0.02374	0.47622	0.21299	0.01699	0.02028	0.02201	0.08239	0.02155	0.01511	0.02022	0.01166	0.00748	0.00742	0.00241	0.00921	0.00678	0.00382	0.00950
50	0.01382	0.00837	0.01088	0.00992	0.01233	0.00758	0.00766	0.01708	0.02053	0.12862	0.50986	0.05346	0.11731	0.01481	0.00862	0.00239	0.00407	0.03676	0.00816	0.00777
51	0.03158	0.01402	0.04887	0.01369	0.01958	0.01165	0.01173	0.03578	0.05966	0.62749	0.02860	0.02497	0.01821	0.00914	0.00745	0.00231	0.00651	0.00743	0.00881	0.01250
52	0.01985	0.74357	0.03890	0.01270	0.01905	0.02937	0.01270	0.02223	0.01508	0.01747	0.01032	0.01191	0.00953	0.00635	0.00476	0.00159	0.00794	0.00397	0.00318	0.00953
53	0.01675	0.01400	0.01612	0.01164	0.01817	0.01128	0.00936	0.08720	0.01745	0.02657	0.01368	0.01565	0.01117	0.00586	0.00570	0.00122	0.00578	0.00464	0.00472	0.70305
54	0.05733	0.02107	0.02180	0.01687	0.02269	0.04712	0.01389	0.62074	0.03356	0.04526	0.01731	0.01745	0.01234	0.00879	0.00729	0.00222	0.00826	0.00651	0.00719	0.01231
55	0.02699	0.03429	0.02051	0.01867	0.02245	0.68185	0.01400	0.02890	0.02088	0.01824	0.01396	0.01565	0.03612	0.00809	0.00677	0.00194	0.01301	0.00521	0.00394	0.00851

[dist]
# distance from previous block
# <min> <max>
0	1

[block]
# block no. 2 follows, 27 sequences, length 64
# corresponding to MSA columns:
# 100-163
name=unknown_C
#
# <colnr> <probs for GDERKNQSTAVLIFYWHMCP>
#	G	D	E	R	K	N	Q	S	T	A	V	L	I	F	Y	W	H	M	C	P
0	0.02813	0.02349	0.02205	0.01746	0.02301	0.14970	0.01415	0.55020	0.03234	0.04150	0.01665	0.01700	0.01206	0.00868	0.00729	0.00217	0.00913	0.00633	0.00676	0.01188
1	0.30886	0.01761	0.01528	0.01323	0.01743	0.10531	0.01047	0.22362	0.02104	0.03325	0.01790	0.12190	0.01619	0.01012	0.00650	0.00231	0.00718	0.00760	0.03500	0.00921
2	0.01509	0.06694	0.67386	0.02082	0.03160	0.01773	0.02683	0.02346	0.01565	0.02327	0.01320	0.01552	0.00941	0.00702	0.00696	0.00232	0.01085	0.00542	0.00314	0.01091
3	0.02477	0.01454	0.01697	0.01430	0.01915	0.01526	0.01139	0.03806	0.39997	0.31418	0.02982	0.02667	0.02084	0.00970	0.00752	0.00242	0.00606	0.00800	0.00825	0.01213
4	0.02773	0.03538	0.02104	0.01913	0.02295	0.70930	0.01434	0.02964	0.02104	0.01817	0.01148	0.01339	0.00956	0.00765	0.00669	0.00191	0.01339	0.00478	0.00383	0.00861
5	0.37742	0.01761	0.01621	0.01350	0.01850	0.04223	0.01098	0.25820	0.11831	0.03735	0.01598	0.01647	0.01188	0.00811	0.00612	0.00229	0.00689	0.00565	0.00602	0.01026
6	0.01837	0.01764	0.03013	0.04557	0.69279	0.01764	0.02278	0.02278	0.01690	0.02425	0.01396	0.01837	0.01176	0.00661	0.00735	0.00220	0.00882	0.00661	0.00367	0.01176
7	0.01090	0.00831	0.01218	0.01201	0.01317	0.00979	0.00926	0.01330	0.01182	0.01705	0.01965	0.03002	0.01877	0.10628	0.62355	0.01113	0.05421	0.00810	0.00398	0.00654
8	0.01028	0.00758	0.00961	0.00910	0.01095	0.00691	0.00683	0.01357	0.02048	0.02850	0.60883	0.05754	0.15088	0.01565	0.00876	0.00236	0.00354	0.01372	0.00801	0.00691
9	0.01051	0.00759	0.00992	0.00934	0.01109	0.00700	0.00700	0.01401	0.02101	0.02977	0.68888	0.05545	0.07005	0.01518	0.00876	0.00233	0.00350	0.01343	0.00817	0.00700
10	0.01985	0.74357	0.03890	0.01270	0.01905	0.02937	0.01270	0.02223	0.01508	0.01747	0.01032	0.01191	0.00953	0.00635	0.00476	0.00159	0.00794	0.00397	0.00318	0.00953
11	0.00877	0.00752	0.00752	0.00752	0.01003	0.00627	0.00564	0.01065	0.01692	0.02005	0.07520	0.07144	0.68978	0.01880	0.00877	0.00251	0.00376	0.01567	0.00689	0.00627
12	0.01080	0.00720	0.00810	0.00810	0.00810	0.00720	0.00450	0.01080	0.01080	0.01439	0.02339	0.04858	0.02699	0.73910	0.03779	0.00720	0.00720	0.01080	0.00450	0.00450
13	0.79154	0.01436	0.01091	0.00976	0.01436	0.01665	0.00804	0.02182	0.01263	0.03331	0.01034	0.01206	0.00804	0.00689	0.00459	0.00230	0.00574	0.00402	0.00459	0.00804
14	0.01739	0.01977	0.04299	0.05744	0.03927	0.01869	0.64138	0.02360	0.01742	0.02360	0.01495	0.02002	0.01121	0.00630	0.00871	0.00250	0.01242	0.00868	0.00374	0.00995
15	0.01915	0.01629	0.01717	0.01525	0.01957	0.01879	0.01192	0.08361	0.63410	0.03216	0.02934	0.02700	0.02196	0.00999	0.00754	0.00250	0.00604	0.00827	0.00754	0.01181
16	0.01624	0.01624	0.02274	0.01949	0.01949	0.02274	0.01624	0.01787	0.01137	0.01787	0.00975	0.01624	0.00975	0.01299	0.02436	0.00325	0.72552	0.00650	0.00325	0.00812
17	0.01539	0.01319	0.01539	0.01100	0.01759	0.00990	0.00880	0.01869	0.01539	0.02419	0.01319	0.01539	0.01100	0.00550	0.00550	0.00110	0.00550	0.00440	0.00440	0.78449
18	0.02094	0.01528	0.01745	0.01315	0.01926	0.01409	0.01064	0.18478	0.08286	0.10796	0.01779	0.01828	0.01334	0.00720	0.00640	0.00165	0.00629	0.00569	0.00600	0.43092
19	0.01036	0.00758	0.00972	0.00919	0.01100	0.00694	0.00689	0.01373	0.02067	0.02896	0.63746	0.05679	0.12197	0.01548	0.00876	0.00235	0.00352	0.01361	0.00806	0.00694
20	0.03331	0.01263	0.01723	0.01321	0.01895	0.01091	0.01091	0.03618	0.02125	0.69794	0.02929	0.02527	0.01838	0.00919	0.00747	0.00230	0.00632	0.00747	0.00919	0.01263
21	0.02654	0.02936	0.02072	0.01810	0.02246	0.45744	0.01393	0.17536	0.11631	0.02644	0.01553	0.01639	0.01209	0.00827	0.00698	0.00207	0.01116	0.00572	0.00516	0.00995
22	0.01537	0.10623	0.63699	0.02035	0.03087	0.01841	0.02601	0.02339	0.01562	0.02293	0.01303	0.01531	0.00942	0.00699	0.00683	0.00228	0.01068	0.00534	0.00314	0.01083
23	0.00918	0.00754	0.00808	0.00794	0.01027	0.00644	0.00596	0.01143	0.01787	0.02231	0.21768	0.06773	0.54590	0.01796	0.00877	0.00247	0.00370	0.01515	0.00719	0.00644
24	0.01071	0.00716	0.00812	0.00821	0.00823	0.00714	0.00461	0.01077	0.01096	0.01462	0.02424	0.08199	0.02807	0.70422	0.03641	0.00699	0.00706	0.01130	0.00461	0.00457
25	0.01815	0.20117	0.39750	0.01962	0.02820	0.12298	0.06848	0.02414	0.01647	0.02133	0.01247	0.01477	0.00959	0.00692	0.00659	0.00212	0.01073	0.00527	0.00329	0.01021
26	0.01384	0.00692	0.00692	0.00692	0.00865	0.00692	0.00519	0.01730	0.01557	0.02768	0.02422	0.02768	0.01903	0.00865	0.00519	0.00173	0.00346	0.00692	0.78031	0.00692
27	0.01196	0.00854	0.01196	0.01367	0.01538	0.00854	0.01196	0.01538	0.01709	0.02222	0.03931	0.08374	0.04272	0.02051	0.01025	0.00342	0.00684	0.64283	0.00684	0.00684
28	0.02773	0.03538	0.02104	0.01913	0.02295	0.70930	0.01434	0.02964	0.02104	0.01817	0.01148	0.01339	0.00956	0.00765	0.00669	0.00191	0.01339	0.00478	0.00383	0.00861
29	0.01384	0.00692	0.00692	0.00692	0.00865	0.00692	0.00519	0.01730	0.01557	0.02768	0.02422	0.02768	0.01903	0.00865	0.00519	0.00173	0.00346	0.00692	0.78031	0.00692
30	0.64590	0.01498	0.01308	0.04649	0.01724	0.01752	0.00961	0.08157	0.01476	0.03313	0.01115	0.01318	0.00864	0.00739	0.00591	0.00234	0.03939	0.00451	0.00473	0.00848
31	0.01402	0.01319	0.02227	0.72126	0.05113	0.01649	0.02062	0.01897	0.01484	0.01897	0.01319	0.01979	0.00990	0.00742	0.00742	0.00247	0.00990	0.00660	0.00330	0.00825
32	0.02590	0.01990	0.02481	0.01872	0.02486	0.02123	0.11048	0.50118	0.05144	0.06371	0.01797	0.01860	0.01286	0.00841	0.00754	0.00223	0.00856	0.00697	0.00680	0.04783
33	0.00877	0.00752	0.00752	0.00752	0.01003	0.00627	0.00564	0.01065	0.01692	0.02005	0.07520	0.07144	0.68978	0.01880	0.00877	0.00251	0.00376	0.01567	0.00689	0.00627
34	0.01396	0.00918	0.01227	0.01252	0.01476	0.00899	0.01052	0.04920	0.01946	0.07667	0.23006	0.06764	0.04748	0.01749	0.00946	0.00295	0.00588	0.37645	0.00744	0.00761
35	0.03331	0.01263	0.01723	0.01321	0.01895	0.01091	0.01091	0.03618	0.02125	0.69794	0.02929	0.02527	0.01838	0.00919	0.00747	0.00230	0.00632	0.00747	0.00919	0.01263
36	0.79154	0.01436	0.01091	0.00976	0.01436	0.01665	0.00804	0.02182	0.01263	0.03331	0.01034	0.01206	0.00804	0.00689	0.00459	0.00230	0.00574	0.00402	0.00459	0.00804
37	0.01421	0.01339	0.02261	0.69137	0.07951	0.01654	0.02071	0.01914	0.01494	0.01920	0.01323	0.01973	0.00998	0.00739	0.00742	0.00246	0.00985	0.00660	0.00332	0.00840
38	0.01080	0.00720	0.00810	0.00810	0.00810	0.00720	0.00450	0.01080	0.01080	0.01439	0.02339	0.04858	0.02699	0.73910	0.03779	0.00720	0.00720	0.01080	0.00450	0.00450
39	0.03331	0.01263	0.01723	0.01321	0.01895	0.01091	0.01091	0.03618	0.02125	0.69794	0.02929	0.02527	0.01838	0.00919	0.00747	0.00230	0.00632	0.00747	0.00919	0.01263
40	0.01539	0.01319	0.01539	0.01100	0.01759	0.00990	0.00880	0.01869	0.01539	0.02419	0.01319	0.01539	0.01100	0.00550	0.00550	0.00110	0.00550	0.00440	0.00440	0.78449
41	0.01624	0.01624	0.02274	0.01949	0.01949	0.02274	0.01624	0.01787	0.01137	0.01787	0.00975	0.01624	0.00975	0.01299	0.02436	0.00325	0.72552	0.00650	0.00325	0.00812
42	0.00904	0.00646	0.00861	0.01034	0.01077	0.00603	0.00689	0.01034	0.01421	0.01895	0.04092	0.73426	0.04910	0.02326	0.00948	0.00301	0.00431	0.02110	0.00689	0.00603
43	0.01489	0.03840	0.70064	0.02116	0.03213	0.01724	0.02743	0.02351	0.01567	0.02351	0.01332	0.01567	0.00940	0.00705	0.00705	0.00235	0.01097	0.00549	0.00313	0.01097
44	0.01837	0.01764	0.03013	0.04557	0.69279	0.01764	0.02278	0.02278	0.01690	0.02425	0.01396	0.01837	0.01176	0.00661	0.00735	0.00220	0.00882	0.00661	0.00367	0.01176
45	0.01384	0.00692	0.00692	0.00692	0.00865	0.00692	0.00519	0.01730	0.01557	0.02768	0.02422	0.02768	0.01903	0.00865	0.00519	0.00173	0.00346	0.00692	0.78031	0.00692
46	0.01196	0.00854	0.01196	0.01367	0.01538	0.00854	0.01196	0.01538	0.01709	0.02222	0.03931	0.08374	0.04272	0.02051	0.01025	0.00342	0.00684	0.64283	0.00684	0.00684
47	0.79154	0.01436	0.01091	0.00976	0.01436	0.01665	0.00804	0.02182	0.01263	0.03331	0.01034	0.01206	0.00804	0.00689	0.00459	0.00230	0.00574	0.00402	0.00459	0.00804
48	0.01820	0.01747	0.02983	0.07175	0.66793	0.01759	0.02270	0.02264	0.01682	0.02405	0.01393	0.01843	0.01169	0.00665	0.00735	0.00222	0.00886	0.00661	0.00366	0.01162
49	0.79154	0.01436	0.01091	0.00976	0.01436	0.01665	0.00804	0.02182	0.01263	0.03331	0.01034	0.01206	0.00804	0.00689	0.00459	0.00230	0.00574	0.00402	0.00459	0.00804
50	0.01402	0.01319	0.02227	0.72126	0.05113	0.01649	0.02062	0.01897	0.01484	0.01897	0.01319	0.01979	0.00990	0.00742	0.00742	0.00247	0.00990	0.00660	0.00330	0.00825
51	0.01837	0.01764	0.03013	0.04557	0.69279	0.01764	0.02278	0.02278	0.01690	0.02425	0.01396	0.01837	0.01176	0.00661	0.00735	0.00220	0.00882	0.00661	0.00367	0.01176
52	0.03258	0.01280	0.01721	0.01330	0.01897	0.01128	0.01095	0.03634	0.05331	0.66544	0.02933	0.02539	0.01859	0.00923	0.00747	0.00231	0.00630	0.00751	0.00911	0.01259
53	0.01402	0.01319	0.02227	0.72126	0.05113	0.01649	0.02062	0.01897	0.01484	0.01897	0.01319	0.01979	0.00990	0.00742	0.00742	0.00247	0.00990	0.00660	0.00330	0.00825
54	0.01423	0.00855	0.01186	0.01160	0.01370	0.00763	0.02946	0.01613	0.01569	0.14318	0.03583	0.52664	0.03934	0.01878	0.00878	0.00272	0.00503	0.01694	0.00702	0.06690
55	0.01837	0.01764	0.03013	0.04557	0.69279	0.01764	0.02278	0.02278	0.01690	0.02425	0.01396	0.01837	0.01176	0.00661	0.00735	0.00220	0.00882	0.00661	0.00367	0.01176
56	0.05674	0.01101	0.01382	0.01160	0.01539	0.01045	0.00921	0.04966	0.07131	0.29212	0.32406	0.03811	0.04120	0.01183	0.00792	0.00233	0.00506	0.01002	0.00833	0.00983
57	0.01908	0.01581	0.01680	0.01503	0.01929	0.01815	0.01172	0.03931	0.65220	0.05860	0.03018	0.02760	0.02248	0.01004	0.00755	0.00251	0.00589	0.00835	0.00762	0.01179
58	0.01402	0.01319	0.02227	0.72126	0.05113	0.01649	0.02062	0.01897	0.01484	0.01897	0.01319	0.01979	0.00990	0.00742	0.00742	0.00247	0.00990	0.00660	0.00330	0.00825
59	0.02822	0.02079	0.02228	0.01708	0.02302	0.02302	0.01411	0.66804	0.03490	0.04679	0.01782	0.01782	0.01262	0.00891	0.00743	0.00223	0.00817	0.00668	0.00743	0.01262
60	0.02659	0.01960	0.02107	0.01657	0.02218	0.02174	0.01356	0.52817	0.15446	0.06734	0.02054	0.01993	0.01470	0.00914	0.00745	0.00228	0.00767	0.00703	0.00751	0.01246
61	0.01932	0.01637	0.01727	0.01528	0.01963	0.01886	0.01196	0.09442	0.62302	0.03243	0.02913	0.02683	0.02178	0.00997	0.00754	0.00249	0.00608	0.00824	0.00754	0.01183
62	0.09735	0.01255	0.01613	0.01270	0.01799	0.01144	0.01041	0.03345	0.04766	0.56366	0.07565	0.02641	0.02141	0.00946	0.00731	0.00231	0.00604	0.00764	0.00865	0.01179
63	0.02985	0.01410	0.02196	0.01652	0.02251	0.01264	0.12793	0.03411	0.04903	0.54869	0.02678	0.02444	0.01729	0.00870	0.00770	0.00234	0.00741	0.00774	0.00815	0.01213

[dist]
# distance from previous block
# <min> <max>
0	3

[block]
# block no. 3 follows, 27 sequences, length 18
# corresponding to MSA columns:
# 167-184
name=unknown_D
#
# <colnr> <probs for GDERKNQSTAVLIFYWHMCP>
#	G	D	E	R	K	N	Q	S	T	A	V	L	I	F	Y	W	H	M	C	P
0	0.02698	0.03315	0.02073	0.01870	0.02265	0.62292	0.01412	0.05721	0.07653	0.02044	0.01330	0.01477	0.01078	0.00790	0.00680	0.00198	0.01254	0.00516	0.00429	0.00904
1	0.01402	0.01319	0.02227	0.72126	0.05113	0.01649	0.02062	0.01897	0.01484	0.01897	0.01319	0.01979	0.00990	0.00742	0.00742	0.00247	0.00990	0.00660	0.00330	0.00825
2	0.01672	0.01775	0.01980	0.01729	0.01979	0.19229	0.09029	0.01945	0.01485	0.01836	0.01554	0.02197	0.01398	0.03067	0.33676	0.00686	0.12905	0.00701	0.00380	0.00778
3	0.02588	0.01874	0.02030	0.01620	0.02163	0.02072	0.01317	0.43695	0.21665	0.09664	0.02230	0.02125	0.01595	0.00926	0.00747	0.00232	0.00736	0.00723	0.00761	0.01238
4	0.01428	0.01371	0.02388	0.66947	0.05020	0.01666	0.06905	0.01933	0.01505	0.01933	0.01333	0.01981	0.01000	0.00733	0.00752	0.00248	0.01009	0.00676	0.00333	0.00838
5	0.40940	0.01570	0.01655	0.18463	0.02549	0.01823	0.01263	0.18458	0.01880	0.03323	0.01293	0.01540	0.00965	0.00753	0.00600	0.00232	0.00737	0.00532	0.00500	0.00925
6	0.09027	0.02387	0.02105	0.01699	0.02230	0.19171	0.01367	0.45801	0.02967	0.03863	0.01565	0.01626	0.01150	0.00844	0.00702	0.00216	0.00926	0.00600	0.00631	0.01126
7	0.01914	0.01551	0.01933	0.01420	0.02048	0.01399	0.05789	0.16928	0.02012	0.05221	0.01484	0.01665	0.01160	0.00670	0.00683	0.00157	0.02877	0.00541	0.00518	0.50030
8	0.15209	0.01565	0.01378	0.01231	0.01566	0.16162	0.00949	0.02264	0.01923	0.15121	0.26592	0.07260	0.03552	0.01148	0.00740	0.00227	0.00660	0.00928	0.00673	0.00852
9	0.02556	0.01954	0.02244	0.01695	0.02308	0.02069	0.05132	0.52752	0.03080	0.04186	0.01693	0.01757	0.01229	0.00822	0.00720	0.00207	0.00800	0.00644	0.00673	0.13479
10	0.02117	0.01492	0.01837	0.16795	0.02633	0.01669	0.01362	0.06867	0.36099	0.17019	0.02565	0.02493	0.01844	0.00925	0.00750	0.00245	0.00697	0.00771	0.00697	0.01123
11	0.01284	0.01029	0.01451	0.01358	0.01502	0.01255	0.01081	0.06144	0.01350	0.01948	0.01802	0.02615	0.01664	0.04506	0.54277	0.00976	0.13856	0.00762	0.00410	0.00732
12	0.02693	0.02010	0.02156	0.01668	0.02251	0.02214	0.01371	0.59154	0.08663	0.04462	0.01865	0.01853	0.01338	0.00887	0.00736	0.00221	0.00788	0.00673	0.00732	0.04263
13	0.01882	0.01761	0.01707	0.01311	0.01908	0.12176	0.01036	0.08919	0.04975	0.02593	0.01421	0.01591	0.01149	0.00641	0.00598	0.00141	0.00704	0.00489	0.00477	0.54519
14	0.01275	0.01036	0.01469	0.01374	0.01507	0.01277	0.01095	0.05209	0.01315	0.01907	0.01774	0.02592	0.01645	0.04443	0.53193	0.00963	0.16036	0.00759	0.00403	0.00727
15	0.02575	0.01849	0.02037	0.01544	0.02151	0.01919	0.01269	0.47602	0.02953	0.09063	0.01765	0.01784	0.01269	0.00817	0.00700	0.00198	0.00744	0.00623	0.00688	0.18450
16	0.02723	0.03244	0.02093	0.01863	0.02274	0.58440	0.01416	0.10770	0.06239	0.02242	0.01337	0.01479	0.01072	0.00795	0.00683	0.00199	0.01230	0.00523	0.00449	0.00928
17	0.02324	0.01933	0.01919	0.01560	0.02051	0.10218	0.01248	0.37067	0.07429	0.03522	0.01892	0.06053	0.01543	0.01338	0.06899	0.00297	0.00912	0.00725	0.00630	0.10437

[dist]
# distance from previous block
# <min> <max>
0	2

[block]
# block no. 4 follows, 27 sequences, length 6
# corresponding to MSA columns:
# 187-192
name=unknown_E
#
# <colnr> <probs for GDERKNQSTAVLIFYWHMCP>
#	G	D	E	R	K	N	Q	S	T	A	V	L	I	F	Y	W	H	M	C	P
0	0.06890	0.01713	0.01671	0.01436	0.01861	0.10073	0.01130	0.12699	0.26248	0.12385	0.13272	0.02772	0.02584	0.01012	0.00743	0.00233	0.00680	0.00812	0.00722	0.01061
1	0.07840	0.02101	0.02104	0.01648	0.02214	0.08134	0.01349	0.52168	0.03119	0.09357	0.01767	0.01763	0.01250	0.00869	0.00718	0.00221	0.00832	0.00640	0.00706	0.01198
2	0.01598	0.01838	0.17397	0.01545	0.02041	0.01427	0.01479	0.02726	0.27294	0.06077	0.07752	0.07585	0.02835	0.01252	0.00817	0.00266	0.00702	0.13726	0.00647	0.00996
3	0.02784	0.03217	0.02131	0.01868	0.02297	0.55840	0.01429	0.17001	0.02409	0.02446	0.01287	0.01436	0.01024	0.00793	0.00685	0.00198	0.01224	0.00520	0.00462	0.00949
4	0.01505	0.01520	0.02858	0.51912	0.04752	0.01716	0.20965	0.02038	0.01563	0.02038	0.01373	0.01986	0.01030	0.00708	0.00781	0.00248	0.01066	0.00723	0.00343	0.00876
5	0.00904	0.00646	0.00861	0.01034	0.01077	0.00603	0.00689	0.01034	0.01421	0.01895	0.04092	0.73426	0.04910	0.02326	0.00948	0.00301	0.00431	0.02110	0.00689	0.00603

[dist]
# distance from previous block
# <min> <max>
2	10

[block]
# block no. 5 follows, 27 sequences, length 10
# corresponding to MSA columns:
# 203-212
name=unknown_F
#
# <colnr> <probs for GDERKNQSTAVLIFYWHMCP>
#	G	D	E	R	K	N	Q	S	T	A	V	L	I	F	Y	W	H	M	C	P
0	0.01687	0.09127	0.46475	0.05783	0.02979	0.09945	0.02325	0.02332	0.01578	0.02160	0.01251	0.01538	0.00949	0.00767	0.00855	0.00233	0.08132	0.00544	0.00324	0.01015
1	0.01619	0.22315	0.52727	0.01894	0.02870	0.02042	0.02357	0.02317	0.01552	0.02193	0.01254	0.01469	0.00944	0.00687	0.00645	0.00215	0.01018	0.00509	0.00315	0.01059
2	0.01353	0.01111	0.01278	0.01219	0.01344	0.06691	0.00936	0.01584	0.01337	0.01952	0.01978	0.05762	0.01862	0.09422	0.30122	0.00672	0.12486	0.00806	0.17399	0.00687
3	0.02497	0.01853	0.02006	0.01604	0.02112	0.02042	0.01298	0.53641	0.07644	0.04196	0.02178	0.11481	0.01822	0.01092	0.00771	0.00235	0.00749	0.00874	0.00736	0.01168
4	0.02773	0.03538	0.02104	0.01913	0.02295	0.70930	0.01434	0.02964	0.02104	0.01817	0.01148	0.01339	0.00956	0.00765	0.00669	0.00191	0.01339	0.00478	0.00383	0.00861
5	0.72743	0.01377	0.01068	0.00963	0.01384	0.01588	0.00775	0.02092	0.01248	0.03175	0.01141	0.01506	0.00960	0.06701	0.00732	0.00270	0.00586	0.00458	0.00459	0.00775
6	0.02151	0.01537	0.01685	0.01441	0.01897	0.01680	0.01142	0.12966	0.41553	0.14310	0.03222	0.02972	0.07982	0.01053	0.00763	0.00244	0.00610	0.00863	0.00775	0.01154
7	0.01640	0.01003	0.01243	0.01144	0.01388	0.00993	0.00851	0.09003	0.05663	0.13957	0.17476	0.23831	0.03912	0.09816	0.04272	0.00349	0.00600	0.01306	0.00726	0.00827
8	0.01531	0.05289	0.44070	0.12672	0.03408	0.01774	0.09653	0.02232	0.01548	0.02237	0.01319	0.01668	0.00977	0.00728	0.00816	0.00237	0.05144	0.00599	0.00328	0.03769
9	0.08557	0.14359	0.42793	0.01756	0.02651	0.01868	0.02076	0.05894	0.01636	0.02481	0.01283	0.01485	0.00964	0.00688	0.00634	0.00209	0.00932	0.00507	0.00364	0.08861

[dist]
# distance from previous block
# <min> <max>
0	5

# created by:
# /st0/software/busco_prod/Augustus/scripts/msa2prfl.pl ./align_prep/164593.fa
