[name]
unknown

[dist]
# distance from previous block
# <min> <max>
8	29

[block]
# block no. 0 follows, 27 sequences, length 35
# corresponding to MSA columns:
# 34-63,65-69
name=unknown_A
#
# <colnr> <probs for GDERKNQSTAVLIFYWHMCP>
#	G	D	E	R	K	N	Q	S	T	A	V	L	I	F	Y	W	H	M	C	P
0	0.02244	0.01377	0.01646	0.04469	0.01965	0.01397	0.01113	0.07641	0.24674	0.24840	0.05397	0.05745	0.04801	0.01025	0.00749	0.00230	0.00608	0.00853	0.00756	0.08470
1	0.04607	0.01168	0.01522	0.06946	0.08794	0.01218	0.01152	0.06433	0.11552	0.07476	0.16542	0.15808	0.05786	0.01373	0.00824	0.00256	0.00592	0.06387	0.00675	0.00890
2	0.05314	0.01531	0.01819	0.07346	0.05017	0.01656	0.03092	0.16331	0.24642	0.05024	0.08071	0.02800	0.06657	0.00988	0.00744	0.00231	0.00664	0.00823	0.00660	0.06589
3	0.13389	0.01480	0.02001	0.25845	0.12520	0.01649	0.01570	0.10378	0.06604	0.11718	0.01728	0.01983	0.01265	0.00789	0.00692	0.00233	0.00788	0.00649	0.03714	0.01004
4	0.37261	0.01594	0.01665	0.21427	0.02671	0.04611	0.01298	0.14529	0.01796	0.03105	0.01298	0.01581	0.00978	0.00751	0.00605	0.00230	0.00765	0.00537	0.02400	0.00897
5	0.21905	0.01694	0.09123	0.33696	0.15796	0.01682	0.01842	0.02089	0.01473	0.02418	0.01260	0.01707	0.00970	0.00710	0.00663	0.00237	0.00872	0.00581	0.00369	0.00912
6	0.01960	0.61858	0.05787	0.01286	0.01899	0.05031	0.01270	0.02216	0.01564	0.04005	0.01572	0.01678	0.05841	0.00740	0.00528	0.00171	0.00788	0.00500	0.00366	0.00941
7	0.04716	0.15643	0.43003	0.01783	0.02671	0.01846	0.02105	0.02576	0.04394	0.12254	0.01574	0.01680	0.01125	0.00736	0.00664	0.00221	0.00935	0.00558	0.00427	0.01089
8	0.01025	0.00758	0.00957	0.00907	0.01094	0.00690	0.00681	0.01352	0.02042	0.02836	0.59954	0.05778	0.16027	0.01570	0.00876	0.00236	0.00354	0.01375	0.00799	0.00690
9	0.01062	0.00790	0.01166	0.01166	0.01289	0.00913	0.00894	0.01308	0.01185	0.01703	0.02014	0.03055	0.01916	0.10450	0.66169	0.01159	0.01898	0.00816	0.00401	0.00648
10	0.01051	0.00759	0.00992	0.00934	0.01109	0.00700	0.00700	0.01401	0.02101	0.02977	0.68888	0.05545	0.07005	0.01518	0.00876	0.00233	0.00350	0.01343	0.00817	0.00700
11	0.03253	0.01246	0.01698	0.01308	0.01868	0.01078	0.01078	0.03542	0.02124	0.67502	0.05191	0.02630	0.02015	0.00939	0.00751	0.00230	0.00622	0.00767	0.00915	0.01244
12	0.11111	0.01303	0.01654	0.01298	0.01850	0.01201	0.01067	0.03490	0.06422	0.58443	0.02738	0.02406	0.01759	0.00901	0.00717	0.00231	0.00623	0.00717	0.00860	0.01210
13	0.01049	0.00769	0.00990	0.00963	0.01146	0.00710	0.00742	0.01381	0.02015	0.02792	0.55262	0.06027	0.13139	0.01615	0.00892	0.00247	0.00390	0.08390	0.00789	0.00691
14	0.01838	0.01310	0.01570	0.01136	0.01782	0.01007	0.00915	0.02160	0.01637	0.13637	0.01587	0.01704	0.01222	0.00611	0.00583	0.00130	0.00563	0.00491	0.00520	0.65597
15	0.00935	0.00668	0.00896	0.01068	0.01125	0.00629	0.00742	0.01086	0.01451	0.01929	0.04075	0.66666	0.04844	0.02297	0.00956	0.00306	0.00457	0.08571	0.00689	0.00611
16	0.01499	0.01406	0.02306	0.56879	0.14575	0.01681	0.02031	0.02101	0.06263	0.02063	0.01453	0.02014	0.01109	0.00749	0.00742	0.00244	0.00945	0.00673	0.00366	0.00903
17	0.11209	0.01281	0.01657	0.01285	0.01847	0.01151	0.01061	0.03469	0.02035	0.62888	0.02732	0.02390	0.01730	0.00895	0.00717	0.00230	0.00626	0.00711	0.00871	0.01216
18	0.02172	0.01601	0.01788	0.01606	0.04257	0.01777	0.01224	0.10370	0.49048	0.13316	0.02823	0.02599	0.02060	0.00970	0.00752	0.00244	0.00628	0.00801	0.00766	0.01197
19	0.04935	0.01663	0.02714	0.06126	0.54426	0.01652	0.02029	0.02409	0.01714	0.10460	0.01560	0.01890	0.01232	0.00692	0.00720	0.00219	0.00833	0.00655	0.00438	0.03633
20	0.75864	0.04544	0.01210	0.00989	0.01456	0.01720	0.00824	0.02184	0.01274	0.03263	0.01034	0.01205	0.00810	0.00687	0.00460	0.00227	0.00584	0.00402	0.00453	0.00810
21	0.01785	0.01292	0.01548	0.01126	0.01757	0.00995	0.00905	0.02110	0.01644	0.12305	0.03832	0.01819	0.01407	0.00636	0.00590	0.00132	0.00555	0.00515	0.00523	0.64525
22	0.02664	0.01284	0.01655	0.01238	0.01845	0.01053	0.01012	0.02967	0.01907	0.44723	0.02330	0.02159	0.01563	0.00782	0.00673	0.00185	0.00601	0.00632	0.00741	0.29985
23	0.01737	0.01974	0.04289	0.06057	0.03932	0.01868	0.63845	0.02358	0.01741	0.02358	0.01494	0.02002	0.01121	0.00631	0.00870	0.00250	0.01240	0.00867	0.00374	0.00994
24	0.00996	0.00712	0.00920	0.01054	0.01120	0.00683	0.00711	0.03939	0.01499	0.01999	0.03918	0.67439	0.04658	0.05210	0.01055	0.00315	0.00460	0.02004	0.00682	0.00626
25	0.01178	0.00745	0.00949	0.00997	0.01145	0.00675	0.00704	0.01358	0.01618	0.09098	0.13153	0.43814	0.15276	0.04411	0.01001	0.00291	0.00442	0.01742	0.00722	0.00683
26	0.01367	0.00914	0.01229	0.01331	0.01535	0.00914	0.01121	0.01809	0.06652	0.07322	0.03808	0.15930	0.04022	0.01923	0.00974	0.00321	0.00640	0.46727	0.00707	0.00753
27	0.02822	0.02079	0.02228	0.01708	0.02302	0.02302	0.01411	0.66804	0.03490	0.04679	0.01782	0.01782	0.01262	0.00891	0.00743	0.00223	0.00817	0.00668	0.00743	0.01262
28	0.02145	0.01388	0.01620	0.01442	0.01861	0.01481	0.01166	0.05818	0.35921	0.20246	0.03122	0.03729	0.02496	0.01177	0.00804	0.00262	0.00626	0.12804	0.00784	0.01108
29	0.03241	0.01244	0.01694	0.01306	0.01864	0.01076	0.01076	0.03531	0.02124	0.67169	0.05520	0.02645	0.02041	0.00942	0.00752	0.00230	0.00621	0.00770	0.00915	0.01241
30	0.01083	0.00824	0.01218	0.01205	0.01327	0.00970	0.00934	0.01332	0.01186	0.01713	0.01965	0.02953	0.01859	0.08421	0.65372	0.01139	0.04641	0.00802	0.00397	0.00659
31	0.02822	0.02079	0.02228	0.01708	0.02302	0.02302	0.01411	0.66804	0.03490	0.04679	0.01782	0.01782	0.01262	0.00891	0.00743	0.00223	0.00817	0.00668	0.00743	0.01262
32	0.00923	0.00654	0.00856	0.01009	0.01048	0.00616	0.00663	0.01039	0.01384	0.01846	0.03902	0.66008	0.04671	0.10070	0.01254	0.00347	0.00462	0.01999	0.00663	0.00586
33	0.02747	0.03324	0.02147	0.01980	0.04543	0.61324	0.01460	0.09719	0.02237	0.02141	0.01223	0.01403	0.00996	0.00775	0.00679	0.00196	0.01268	0.00504	0.00420	0.00914
34	0.00958	0.00684	0.00838	0.00931	0.00990	0.00644	0.00604	0.01064	0.01375	0.01811	0.06222	0.43034	0.11792	0.23453	0.01776	0.00417	0.00507	0.01715	0.00623	0.00564

[dist]
# distance from previous block
# <min> <max>
0	1

[block]
# block no. 1 follows, 27 sequences, length 12
# corresponding to MSA columns:
# 71-82
name=unknown_B
#
# <colnr> <probs for GDERKNQSTAVLIFYWHMCP>
#	G	D	E	R	K	N	Q	S	T	A	V	L	I	F	Y	W	H	M	C	P
0	0.01427	0.00774	0.01080	0.01034	0.01087	0.00794	0.00714	0.06881	0.01194	0.01594	0.01334	0.02214	0.01287	0.02427	0.02707	0.71379	0.00660	0.00647	0.00360	0.00407
1	0.02026	0.47437	0.08570	0.01554	0.04691	0.13706	0.01416	0.02323	0.01620	0.01896	0.01116	0.01303	0.00975	0.00655	0.00543	0.00168	0.00887	0.00437	0.00341	0.08335
2	0.00926	0.00655	0.00855	0.01006	0.01044	0.00617	0.00660	0.01039	0.01379	0.01839	0.03875	0.64968	0.04637	0.11155	0.01297	0.00353	0.00466	0.01983	0.00660	0.00584
3	0.01686	0.01888	0.04077	0.02945	0.03637	0.01787	0.60333	0.02278	0.01699	0.02316	0.01548	0.02090	0.01196	0.01096	0.07549	0.00340	0.01322	0.00868	0.00378	0.00969
4	0.01624	0.01624	0.02274	0.01949	0.01949	0.02274	0.01624	0.01787	0.01137	0.01787	0.00975	0.01624	0.00975	0.01299	0.02436	0.00325	0.72552	0.00650	0.00325	0.00812
5	0.01078	0.00724	0.00833	0.00833	0.00840	0.00732	0.00478	0.01094	0.01086	0.01456	0.02318	0.04742	0.02649	0.69842	0.07779	0.00748	0.00795	0.01063	0.00447	0.00463
6	0.01210	0.00879	0.01196	0.01340	0.01518	0.00888	0.01149	0.01634	0.05189	0.02284	0.06625	0.11180	0.04314	0.01987	0.01001	0.00331	0.00652	0.55225	0.00693	0.00706
7	0.01051	0.00759	0.00992	0.00934	0.01109	0.00700	0.00700	0.01401	0.02101	0.02977	0.68888	0.05545	0.07005	0.01518	0.00876	0.00233	0.00350	0.01343	0.00817	0.00700
8	0.00885	0.00724	0.00781	0.00827	0.01022	0.00620	0.00597	0.01057	0.01620	0.01976	0.06605	0.24842	0.51871	0.01999	0.00896	0.00264	0.00391	0.01712	0.00689	0.00620
9	0.00950	0.00806	0.00826	0.00812	0.01068	0.00709	0.00611	0.01269	0.05911	0.02138	0.11188	0.06765	0.60765	0.01802	0.00870	0.00250	0.00388	0.01506	0.00702	0.00666
10	0.02121	0.02007	0.02745	0.08463	0.40813	0.11693	0.05362	0.09512	0.01958	0.06029	0.01482	0.01814	0.01172	0.00719	0.00735	0.00221	0.00954	0.00651	0.00437	0.01110
11	0.01806	0.01451	0.01887	0.01365	0.02021	0.01202	0.07199	0.08034	0.01782	0.07450	0.01495	0.01677	0.01170	0.00615	0.00613	0.00142	0.00647	0.00524	0.00496	0.58425

[dist]
# distance from previous block
# <min> <max>
3	9

[block]
# block no. 2 follows, 27 sequences, length 53
# corresponding to MSA columns:
# 94-146
name=unknown_C
#
# <colnr> <probs for GDERKNQSTAVLIFYWHMCP>
#	G	D	E	R	K	N	Q	S	T	A	V	L	I	F	Y	W	H	M	C	P
0	0.02372	0.01925	0.02570	0.08782	0.02824	0.02045	0.13609	0.42789	0.02800	0.03781	0.01645	0.01822	0.01196	0.00797	0.00751	0.00221	0.00892	0.00686	0.00607	0.07885
1	0.01801	0.02303	0.17918	0.02682	0.03488	0.01743	0.45044	0.02438	0.01730	0.07305	0.01561	0.01926	0.01138	0.00660	0.00814	0.00239	0.01139	0.00776	0.00405	0.04891
2	0.01979	0.00958	0.01265	0.01083	0.01406	0.00855	0.00838	0.02261	0.01987	0.30324	0.31317	0.07685	0.06766	0.06619	0.01038	0.00272	0.00498	0.01124	0.00821	0.00907
3	0.00956	0.00704	0.00873	0.00979	0.01081	0.00652	0.00689	0.01115	0.01500	0.01949	0.07461	0.41863	0.18210	0.10272	0.01258	0.00339	0.00475	0.08354	0.00667	0.00603
4	0.01051	0.00759	0.00992	0.00934	0.01109	0.00700	0.00700	0.01401	0.02101	0.02977	0.68888	0.05545	0.07005	0.01518	0.00876	0.00233	0.00350	0.01343	0.00817	0.00700
5	0.01075	0.00737	0.00898	0.00898	0.00928	0.00768	0.00560	0.01136	0.01106	0.01505	0.02258	0.04412	0.02505	0.58198	0.19226	0.00829	0.01011	0.01014	0.00438	0.00499
6	0.01985	0.74357	0.03890	0.01270	0.01905	0.02937	0.01270	0.02223	0.01508	0.01747	0.01032	0.01191	0.00953	0.00635	0.00476	0.00159	0.00794	0.00397	0.00318	0.00953
7	0.01080	0.00720	0.00810	0.00810	0.00810	0.00720	0.00450	0.01080	0.01080	0.01439	0.02339	0.04858	0.02699	0.73910	0.03779	0.00720	0.00720	0.01080	0.00450	0.00450
8	0.01752	0.02003	0.04380	0.03129	0.03880	0.01877	0.66583	0.02378	0.01752	0.02378	0.01502	0.02003	0.01126	0.00626	0.00876	0.00250	0.01252	0.00876	0.00375	0.01001
9	0.01539	0.01319	0.01539	0.01100	0.01759	0.00990	0.00880	0.01869	0.01539	0.02419	0.01319	0.01539	0.01100	0.00550	0.00550	0.00110	0.00550	0.00440	0.00440	0.78449
10	0.01662	0.04582	0.09351	0.11467	0.28668	0.01723	0.19867	0.02184	0.01703	0.02369	0.07671	0.02195	0.01652	0.00744	0.00775	0.00232	0.00964	0.00764	0.00400	0.01026
11	0.02181	0.56759	0.03446	0.01430	0.02002	0.19833	0.01311	0.02407	0.01656	0.01764	0.01061	0.01228	0.00954	0.00667	0.00524	0.00167	0.00929	0.00417	0.00334	0.00930
12	0.01539	0.01319	0.01539	0.01100	0.01759	0.00990	0.00880	0.01869	0.01539	0.02419	0.01319	0.01539	0.01100	0.00550	0.00550	0.00110	0.00550	0.00440	0.00440	0.78449
13	0.01489	0.03840	0.70064	0.02116	0.03213	0.01724	0.02743	0.02351	0.01567	0.02351	0.01332	0.01567	0.00940	0.00705	0.00705	0.00235	0.01097	0.00549	0.00313	0.01097
14	0.02641	0.16650	0.02501	0.01704	0.02223	0.29468	0.01393	0.29142	0.02560	0.02983	0.01387	0.01493	0.01082	0.00792	0.00662	0.00198	0.01018	0.00541	0.00518	0.01044
15	0.00919	0.00765	0.00811	0.00804	0.01046	0.00645	0.00598	0.01122	0.01700	0.02097	0.12385	0.12257	0.55736	0.01835	0.00871	0.00248	0.00385	0.01550	0.00691	0.03532
16	0.03839	0.01578	0.15928	0.01473	0.01894	0.01194	0.04263	0.01907	0.03526	0.08307	0.03635	0.02618	0.01763	0.05405	0.38385	0.00762	0.01476	0.00753	0.00453	0.00841
17	0.01904	0.01056	0.01337	0.01151	0.01493	0.01013	0.00902	0.02522	0.12929	0.24171	0.37161	0.04133	0.04589	0.01244	0.00815	0.00235	0.00478	0.01071	0.00839	0.00957
18	0.03331	0.01263	0.01723	0.01321	0.01895	0.01091	0.01091	0.03618	0.02125	0.69794	0.02929	0.02527	0.01838	0.00919	0.00747	0.00230	0.00632	0.00747	0.00919	0.01263
19	0.00932	0.00689	0.00871	0.00963	0.01071	0.00629	0.00670	0.01120	0.01618	0.02152	0.18951	0.47084	0.16383	0.02071	0.00920	0.00278	0.00404	0.01848	0.00717	0.00629
20	0.03164	0.04663	0.01925	0.01400	0.01982	0.01428	0.01167	0.16902	0.02386	0.53037	0.02603	0.02311	0.01677	0.00900	0.00734	0.00225	0.00678	0.00715	0.00855	0.01249
21	0.02350	0.01046	0.01388	0.01145	0.01553	0.00916	0.00914	0.02639	0.02049	0.41571	0.22253	0.06771	0.09684	0.01238	0.00804	0.00236	0.00519	0.01050	0.00859	0.01016
22	0.00923	0.00676	0.00872	0.01021	0.01102	0.00625	0.00711	0.01077	0.01480	0.01935	0.04541	0.59531	0.13481	0.02245	0.00944	0.00298	0.00443	0.06794	0.00689	0.00612
23	0.02538	0.01855	0.02016	0.01591	0.02106	0.02047	0.01300	0.56001	0.03140	0.04248	0.01949	0.05744	0.01526	0.01272	0.05319	0.00288	0.00851	0.00755	0.04292	0.01162
24	0.74984	0.01429	0.01152	0.04792	0.01633	0.01665	0.00871	0.02167	0.01275	0.03254	0.01049	0.01247	0.00814	0.00692	0.00475	0.00231	0.00597	0.00416	0.00452	0.00805
25	0.04253	0.01822	0.02260	0.42621	0.13181	0.14018	0.01883	0.05058	0.03861	0.02163	0.01366	0.01838	0.01057	0.00748	0.00720	0.00232	0.01003	0.00626	0.00380	0.00910
26	0.02310	0.01587	0.01856	0.01788	0.09788	0.07203	0.01260	0.12804	0.07259	0.21539	0.02323	0.10541	0.01905	0.01257	0.04289	0.00275	0.03012	0.00844	0.00657	0.07502
27	0.01000	0.00757	0.00923	0.00881	0.01078	0.00679	0.00661	0.01304	0.01983	0.02696	0.51114	0.06008	0.24954	0.01623	0.00876	0.00238	0.00358	0.01407	0.00780	0.00679
28	0.01548	0.01441	0.04063	0.01234	0.01914	0.01059	0.04164	0.01911	0.01551	0.02415	0.01329	0.01563	0.01095	0.00559	0.00571	0.00121	0.00603	0.00465	0.00432	0.71961
29	0.79154	0.01436	0.01091	0.00976	0.01436	0.01665	0.00804	0.02182	0.01263	0.03331	0.01034	0.01206	0.00804	0.00689	0.00459	0.00230	0.00574	0.00402	0.00459	0.00804
30	0.01377	0.00882	0.01130	0.01023	0.01264	0.00834	0.00782	0.01854	0.07157	0.10770	0.56149	0.04981	0.06039	0.01409	0.00851	0.00234	0.00401	0.01235	0.00824	0.00802
31	0.01025	0.00752	0.00961	0.00920	0.01097	0.00688	0.00686	0.01348	0.02025	0.02822	0.59290	0.09176	0.13249	0.01596	0.00879	0.00239	0.00357	0.01405	0.00798	0.00688
32	0.01122	0.00956	0.01282	0.09072	0.01768	0.04304	0.04286	0.01342	0.01514	0.01950	0.03598	0.50189	0.06013	0.01947	0.00912	0.00290	0.00601	0.07569	0.00618	0.00669
33	0.01662	0.01928	0.16776	0.01869	0.04914	0.01511	0.10292	0.02693	0.22012	0.06594	0.11886	0.03330	0.02642	0.01052	0.00804	0.00252	0.00777	0.07379	0.00604	0.01021
34	0.01402	0.01319	0.02227	0.72126	0.05113	0.01649	0.02062	0.01897	0.01484	0.01897	0.01319	0.01979	0.00990	0.00742	0.00742	0.00247	0.00990	0.00660	0.00330	0.00825
35	0.01787	0.01696	0.02457	0.13354	0.37898	0.04919	0.01898	0.02601	0.16958	0.02467	0.01878	0.02384	0.01548	0.00829	0.00753	0.00236	0.00841	0.03943	0.00468	0.01085
36	0.00925	0.00661	0.00883	0.01047	0.01102	0.00620	0.00715	0.01073	0.01462	0.01953	0.06553	0.67517	0.04957	0.02281	0.00949	0.00301	0.00441	0.05256	0.00694	0.00611
37	0.02020	0.01764	0.02666	0.05268	0.38138	0.01840	0.06083	0.12267	0.14467	0.05231	0.01819	0.02044	0.01409	0.00770	0.00750	0.00230	0.00835	0.00713	0.00515	0.01170
38	0.02006	0.02118	0.02739	0.10131	0.48519	0.17147	0.02071	0.02396	0.01764	0.02242	0.01334	0.01739	0.01110	0.00692	0.00721	0.00216	0.00993	0.00620	0.00367	0.01074
39	0.00949	0.00680	0.00905	0.01028	0.01105	0.00635	0.00715	0.01135	0.01578	0.02139	0.17770	0.56080	0.05323	0.02142	0.00936	0.00289	0.00425	0.04824	0.00716	0.00627
40	0.01508	0.01286	0.01506	0.01096	0.01725	0.00970	0.00870	0.01828	0.01534	0.02393	0.01457	0.05113	0.01289	0.00638	0.00570	0.00119	0.00544	0.00523	0.00452	0.74579
41	0.01633	0.01550	0.02565	0.35482	0.29109	0.01725	0.05031	0.02289	0.08873	0.02253	0.01544	0.02013	0.01207	0.00735	0.00747	0.00238	0.00917	0.00690	0.00393	0.01005
42	0.02105	0.02131	0.05242	0.19688	0.03345	0.12722	0.15376	0.19577	0.07332	0.02836	0.01587	0.01877	0.01183	0.00780	0.00759	0.00233	0.01027	0.00689	0.00490	0.01022
43	0.01716	0.01640	0.02794	0.23356	0.51426	0.01732	0.02218	0.02172	0.01633	0.02278	0.01375	0.01877	0.01124	0.00684	0.00737	0.00228	0.00912	0.00661	0.00357	0.01078
44	0.01379	0.00690	0.00705	0.00705	0.00870	0.00690	0.00525	0.01692	0.01528	0.02695	0.02366	0.02743	0.01873	0.00949	0.00636	0.04006	0.00361	0.00690	0.74224	0.00674
45	0.01358	0.00709	0.01024	0.01000	0.01027	0.00719	0.00679	0.03927	0.01081	0.01442	0.01312	0.02235	0.01288	0.02503	0.02804	0.74886	0.00652	0.00646	0.00341	0.00365
46	0.01097	0.00787	0.01037	0.01186	0.04543	0.00789	0.00774	0.01234	0.01311	0.01759	0.02944	0.20807	0.03331	0.34922	0.08472	0.00574	0.00769	0.12545	0.00537	0.00583
47	0.01186	0.00791	0.01020	0.00944	0.01152	0.00720	0.00715	0.01518	0.02069	0.07283	0.59400	0.05481	0.11873	0.01509	0.00867	0.00235	0.00371	0.01322	0.00813	0.00731
48	0.79154	0.01436	0.01091	0.00976	0.01436	0.01665	0.00804	0.02182	0.01263	0.03331	0.01034	0.01206	0.00804	0.00689	0.00459	0.00230	0.00574	0.00402	0.00459	0.00804
49	0.02044	0.01512	0.01752	0.01450	0.01841	0.01684	0.01175	0.35329	0.02424	0.03370	0.01843	0.02201	0.01481	0.02368	0.22940	0.00525	0.04363	0.00700	0.06776	0.04222
50	0.02560	0.01780	0.01946	0.01517	0.02052	0.01904	0.01239	0.48972	0.02992	0.09091	0.01996	0.05073	0.01513	0.00931	0.00719	0.00215	0.00726	0.00725	0.07667	0.06382
51	0.04782	0.04521	0.26181	0.06123	0.23509	0.06645	0.02115	0.05245	0.06033	0.02490	0.01448	0.01718	0.01120	0.00716	0.00696	0.00221	0.00944	0.00594	0.00395	0.04503
52	0.12837	0.01849	0.16398	0.03803	0.05089	0.01418	0.03933	0.08160	0.03688	0.12645	0.14365	0.02996	0.04578	0.01009	0.00743	0.00239	0.00728	0.03943	0.00602	0.00980

[dist]
# distance from previous block
# <min> <max>
0	1

[block]
# block no. 3 follows, 27 sequences, length 20
# corresponding to MSA columns:
# 148-167
name=unknown_D
#
# <colnr> <probs for GDERKNQSTAVLIFYWHMCP>
#	G	D	E	R	K	N	Q	S	T	A	V	L	I	F	Y	W	H	M	C	P
0	0.07330	0.49635	0.03221	0.01423	0.01961	0.15026	0.01295	0.04709	0.01650	0.01976	0.01077	0.01267	0.00956	0.00712	0.00638	0.00182	0.05221	0.00437	0.00355	0.00929
1	0.07040	0.01232	0.01632	0.01272	0.01808	0.01089	0.01045	0.03366	0.02079	0.61003	0.08141	0.02702	0.02201	0.00955	0.00742	0.00230	0.00606	0.00777	0.00887	0.01194
2	0.01095	0.00837	0.01081	0.01165	0.03859	0.00794	0.00856	0.01461	0.04459	0.02506	0.31830	0.13784	0.17131	0.01731	0.00904	0.00267	0.00462	0.14334	0.00732	0.00710
3	0.01964	0.40550	0.25662	0.01611	0.02375	0.08416	0.01765	0.02409	0.01615	0.05747	0.01248	0.01404	0.00998	0.00686	0.00585	0.00191	0.00934	0.00474	0.00355	0.01010
4	0.04561	0.01122	0.01505	0.01565	0.09755	0.01056	0.01100	0.04717	0.01957	0.22827	0.15951	0.04594	0.13440	0.01322	0.00825	0.00250	0.00583	0.11193	0.00737	0.00939
5	0.03133	0.01222	0.01645	0.01275	0.01823	0.01054	0.01049	0.03412	0.02090	0.64337	0.03298	0.02898	0.07242	0.00996	0.00757	0.00231	0.00611	0.00813	0.00900	0.01212
6	0.03800	0.01573	0.01666	0.07928	0.05513	0.12213	0.01244	0.04486	0.09668	0.02289	0.04431	0.05365	0.06558	0.01699	0.10297	0.00370	0.10390	0.02312	0.07356	0.00842
7	0.01694	0.05555	0.24851	0.17365	0.25050	0.03732	0.04637	0.04322	0.01671	0.02316	0.01353	0.01741	0.01045	0.00700	0.00719	0.00229	0.00995	0.00616	0.00353	0.01055
8	0.01080	0.00720	0.00810	0.00810	0.00810	0.00720	0.00450	0.01080	0.01080	0.01439	0.02339	0.04858	0.02699	0.73910	0.03779	0.00720	0.00720	0.01080	0.00450	0.00450
9	0.02779	0.03374	0.02118	0.01890	0.02296	0.63226	0.01432	0.10131	0.02259	0.02138	0.01219	0.01389	0.00991	0.00779	0.00678	0.00195	0.01280	0.00499	0.00423	0.00906
10	0.04471	0.02550	0.12932	0.02928	0.27851	0.18071	0.04297	0.13241	0.02059	0.02673	0.01386	0.01657	0.01090	0.00730	0.00713	0.00218	0.01015	0.00602	0.00428	0.01087
11	0.24645	0.01772	0.01797	0.01687	0.07721	0.07371	0.01240	0.17140	0.11020	0.08850	0.04182	0.01910	0.01477	0.00868	0.00763	0.00233	0.05072	0.00629	0.00593	0.01030
12	0.01289	0.00645	0.00967	0.00967	0.00967	0.00645	0.00645	0.00967	0.00967	0.01289	0.01289	0.02257	0.01289	0.02579	0.02901	0.78401	0.00645	0.00645	0.00322	0.00322
13	0.06045	0.25296	0.37867	0.01792	0.02626	0.02110	0.04246	0.02313	0.01534	0.04294	0.01260	0.01478	0.00973	0.00717	0.00717	0.00216	0.04633	0.00516	0.00344	0.01023
14	0.01946	0.01566	0.01680	0.01486	0.01913	0.01779	0.01162	0.07125	0.58035	0.06900	0.05795	0.02824	0.02394	0.01018	0.00759	0.00248	0.00592	0.00847	0.00766	0.01164
15	0.02065	0.51255	0.03270	0.01400	0.01925	0.09616	0.01291	0.07145	0.01688	0.02033	0.01168	0.01372	0.01028	0.00740	0.00696	0.00183	0.07342	0.00464	0.04378	0.00941
16	0.00904	0.00646	0.00861	0.01034	0.01077	0.00603	0.00689	0.01034	0.01421	0.01895	0.04092	0.73426	0.04910	0.02326	0.00948	0.00301	0.00431	0.02110	0.00689	0.00603
17	0.01449	0.01356	0.02198	0.52431	0.14332	0.01595	0.01927	0.01995	0.05030	0.02049	0.01920	0.02415	0.06558	0.00836	0.00753	0.00244	0.00903	0.00742	0.00387	0.00880
18	0.00946	0.00755	0.00848	0.00825	0.01045	0.00656	0.00618	0.01199	0.01855	0.02393	0.31977	0.06507	0.44280	0.01736	0.00877	0.00244	0.00366	0.01477	0.00740	0.00656
19	0.63262	0.01873	0.01302	0.01171	0.01614	0.16077	0.00935	0.02345	0.01438	0.03016	0.01057	0.01234	0.00836	0.00705	0.00503	0.00222	0.00733	0.00418	0.00443	0.00816

[dist]
# distance from previous block
# <min> <max>
0	1

[block]
# block no. 4 follows, 27 sequences, length 13
# corresponding to MSA columns:
# 169-181
name=unknown_E
#
# <colnr> <probs for GDERKNQSTAVLIFYWHMCP>
#	G	D	E	R	K	N	Q	S	T	A	V	L	I	F	Y	W	H	M	C	P
0	0.01709	0.01766	0.02261	0.01946	0.01975	0.07358	0.01610	0.01874	0.01209	0.01789	0.00987	0.01603	0.00973	0.01260	0.02305	0.00315	0.67278	0.00637	0.00329	0.00816
1	0.01985	0.74357	0.03890	0.01270	0.01905	0.02937	0.01270	0.02223	0.01508	0.01747	0.01032	0.01191	0.00953	0.00635	0.00476	0.00159	0.00794	0.00397	0.00318	0.00953
2	0.01384	0.00692	0.00692	0.00692	0.00865	0.00692	0.00519	0.01730	0.01557	0.02768	0.02422	0.02768	0.01903	0.00865	0.00519	0.00173	0.00346	0.00692	0.78031	0.00692
3	0.01402	0.01319	0.02227	0.72126	0.05113	0.01649	0.02062	0.01897	0.01484	0.01897	0.01319	0.01979	0.00990	0.00742	0.00742	0.00247	0.00990	0.00660	0.00330	0.00825
4	0.02160	0.35267	0.02953	0.01629	0.02041	0.24829	0.01402	0.02366	0.01619	0.01778	0.01057	0.01335	0.00959	0.00825	0.00974	0.00206	0.16889	0.00479	0.00340	0.00892
5	0.01061	0.00795	0.01193	0.01193	0.01326	0.00928	0.00928	0.01326	0.01193	0.01723	0.01988	0.02916	0.01856	0.05568	0.70968	0.01193	0.01988	0.00795	0.00398	0.00663
6	0.01947	0.01474	0.01618	0.01432	0.01847	0.01646	0.01119	0.03660	0.53723	0.11060	0.09366	0.03009	0.02672	0.01046	0.00766	0.00247	0.00570	0.00877	0.00781	0.01140
7	0.02773	0.03538	0.02104	0.01913	0.02295	0.70930	0.01434	0.02964	0.02104	0.01817	0.01148	0.01339	0.00956	0.00765	0.00669	0.00191	0.01339	0.00478	0.00383	0.00861
8	0.54549	0.01782	0.10153	0.01222	0.01788	0.01666	0.01136	0.07853	0.01584	0.10414	0.01338	0.01443	0.00971	0.00733	0.00546	0.00230	0.00668	0.00480	0.00514	0.00930
9	0.01192	0.00883	0.01079	0.01148	0.01283	0.00894	0.00809	0.08311	0.07501	0.02299	0.03751	0.59555	0.04288	0.02057	0.00909	0.00289	0.00486	0.01845	0.00701	0.00724
10	0.09401	0.00840	0.01021	0.00977	0.01182	0.00817	0.00755	0.01496	0.01977	0.02948	0.55923	0.05331	0.06102	0.01476	0.00844	0.00243	0.00404	0.06785	0.00767	0.00710
11	0.01480	0.02559	0.34183	0.12498	0.06341	0.01608	0.13758	0.02136	0.01571	0.02228	0.01614	0.02341	0.01319	0.01222	0.06955	0.00331	0.01147	0.05370	0.00364	0.00975
12	0.01329	0.01157	0.01944	0.03917	0.01957	0.01308	0.13118	0.01585	0.01326	0.01902	0.03907	0.06363	0.01808	0.02927	0.27398	0.08956	0.14368	0.00849	0.03161	0.00720

[dist]
# distance from previous block
# <min> <max>
6	38

[block]
# block no. 5 follows, 27 sequences, length 8
# corresponding to MSA columns:
# 220-227
name=unknown_F
#
# <colnr> <probs for GDERKNQSTAVLIFYWHMCP>
#	G	D	E	R	K	N	Q	S	T	A	V	L	I	F	Y	W	H	M	C	P
0	0.01360	0.01021	0.01178	0.01042	0.01320	0.01001	0.00808	0.14363	0.02275	0.03071	0.40026	0.05198	0.21488	0.01484	0.00850	0.00236	0.00450	0.01265	0.00770	0.00794
1	0.00919	0.00683	0.00858	0.00964	0.01066	0.00621	0.00666	0.01091	0.01570	0.02068	0.13802	0.50748	0.17982	0.02124	0.00924	0.00282	0.00409	0.01895	0.00707	0.00621
2	0.01487	0.09549	0.42599	0.02076	0.10095	0.01637	0.02146	0.02141	0.01682	0.02428	0.14787	0.02356	0.02178	0.00856	0.00721	0.00226	0.00896	0.00706	0.00420	0.01013
3	0.01577	0.01472	0.02289	0.33772	0.03473	0.01849	0.06152	0.06187	0.01510	0.02099	0.01317	0.01921	0.01084	0.01161	0.04634	0.00314	0.24714	0.00679	0.02947	0.00850
4	0.00981	0.00646	0.00882	0.01020	0.01055	0.00611	0.00680	0.01020	0.01331	0.01774	0.03533	0.59229	0.04188	0.02376	0.01337	0.15881	0.00473	0.01818	0.00616	0.00547
5	0.04852	0.01577	0.02756	0.36695	0.04070	0.01711	0.21462	0.04625	0.05470	0.02313	0.01479	0.01963	0.01115	0.00713	0.00759	0.00238	0.00993	0.00711	0.00397	0.06104
6	0.02059	0.01981	0.02770	0.18564	0.09970	0.09660	0.17361	0.17967	0.07145	0.02818	0.01592	0.01911	0.01200	0.00765	0.00767	0.00234	0.01009	0.00707	0.00482	0.01038
7	0.02059	0.01668	0.01794	0.06413	0.02101	0.04645	0.01228	0.34146	0.05724	0.03360	0.03307	0.03289	0.19881	0.01180	0.00890	0.00239	0.05501	0.00914	0.00657	0.01006

[dist]
# distance from previous block
# <min> <max>
0	45

# created by:
# /st0/software/busco_prod/Augustus/scripts/msa2prfl.pl ./align_prep/164646.fa
