[name]
unknown

[dist]
# distance from previous block
# <min> <max>
14	73

[block]
# block no. 0 follows, 26 sequences, length 8
# corresponding to MSA columns:
# 75-82
name=unknown_A
#
# <colnr> <probs for GDERKNQSTAVLIFYWHMCP>
#	G	D	E	R	K	N	Q	S	T	A	V	L	I	F	Y	W	H	M	C	P
0	0.01471	0.01270	0.01180	0.01129	0.01282	0.10591	0.00775	0.07807	0.01614	0.01998	0.02926	0.15513	0.08688	0.34130	0.05911	0.00521	0.00822	0.01180	0.00540	0.00654
1	0.16277	0.00955	0.01080	0.05701	0.01425	0.00990	0.00766	0.01616	0.01378	0.08552	0.02759	0.19989	0.05371	0.27752	0.01893	0.00437	0.00632	0.01177	0.00567	0.00680
2	0.02003	0.01995	0.02398	0.04564	0.05100	0.15004	0.08946	0.02292	0.01602	0.06559	0.01319	0.01717	0.01101	0.00933	0.01363	0.00244	0.27170	0.00626	0.00413	0.14651
3	0.02393	0.01757	0.01994	0.08324	0.02365	0.01961	0.01355	0.46054	0.02905	0.03974	0.01869	0.02072	0.01398	0.01398	0.08082	0.00329	0.00926	0.00698	0.09027	0.01119
4	0.01984	0.01815	0.02424	0.12917	0.32900	0.09488	0.01812	0.05712	0.01858	0.06890	0.01929	0.02222	0.05739	0.00803	0.00737	0.00218	0.00882	0.00701	0.00459	0.08510
5	0.02178	0.01265	0.01696	0.14849	0.02417	0.01262	0.01229	0.06025	0.08315	0.26313	0.06634	0.12360	0.02411	0.01113	0.00780	0.00238	0.00667	0.00952	0.00710	0.08587
6	0.02616	0.02473	0.02095	0.01761	0.02254	0.23799	0.01388	0.30429	0.19168	0.03447	0.01934	0.01932	0.01449	0.00900	0.00738	0.00225	0.00945	0.00665	0.00645	0.01137
7	0.01544	0.01229	0.01415	0.01299	0.01540	0.06969	0.05096	0.08312	0.01814	0.06802	0.05669	0.31145	0.11016	0.11024	0.01268	0.00329	0.00660	0.01453	0.00650	0.00767

[dist]
# distance from previous block
# <min> <max>
7	21

[block]
# block no. 1 follows, 26 sequences, length 10
# corresponding to MSA columns:
# 104-113
name=unknown_B
#
# <colnr> <probs for GDERKNQSTAVLIFYWHMCP>
#	G	D	E	R	K	N	Q	S	T	A	V	L	I	F	Y	W	H	M	C	P
0	0.04991	0.01714	0.02716	0.11288	0.12071	0.07214	0.23022	0.02084	0.01709	0.02287	0.02450	0.07260	0.10584	0.00959	0.00803	0.00239	0.00942	0.00930	0.00451	0.06287
1	0.01288	0.01099	0.01665	0.01440	0.01740	0.01046	0.11727	0.04452	0.05131	0.02330	0.08802	0.29450	0.09868	0.04825	0.04747	0.00332	0.00703	0.01430	0.00619	0.07306
2	0.19212	0.01948	0.09078	0.08077	0.11635	0.01918	0.08396	0.14713	0.04022	0.03019	0.01445	0.01760	0.01121	0.00930	0.02537	0.00270	0.07784	0.00637	0.00473	0.01028
3	0.17018	0.01506	0.01558	0.01654	0.10681	0.08335	0.01076	0.10057	0.01822	0.02723	0.12556	0.03071	0.02478	0.17956	0.04135	0.00384	0.00794	0.00824	0.00541	0.00832
4	0.01396	0.07103	0.01482	0.01369	0.06901	0.01130	0.00938	0.07954	0.01845	0.04565	0.12113	0.25819	0.17190	0.05474	0.01012	0.00282	0.00550	0.01423	0.00662	0.00794
5	0.04611	0.01840	0.09061	0.25332	0.14497	0.01858	0.01911	0.14742	0.01917	0.02682	0.01560	0.05663	0.01301	0.00919	0.00944	0.00253	0.08721	0.00734	0.00450	0.01006
6	0.01343	0.01066	0.01161	0.08088	0.01611	0.04161	0.00850	0.06707	0.01706	0.02265	0.03862	0.14525	0.20464	0.13475	0.01303	0.00321	0.00601	0.01206	0.11157	0.04130
7	0.02074	0.02037	0.02464	0.11073	0.31110	0.13845	0.01834	0.11212	0.07307	0.02652	0.01933	0.02197	0.05238	0.00839	0.00751	0.00228	0.00932	0.00713	0.00478	0.01082
8	0.05933	0.01254	0.01601	0.03514	0.01856	0.01213	0.01070	0.08683	0.06423	0.38304	0.02741	0.11523	0.02130	0.01283	0.00998	0.08070	0.00643	0.00914	0.00780	0.01066
9	0.06706	0.01804	0.09236	0.26253	0.30866	0.01687	0.02084	0.02164	0.01603	0.02350	0.01363	0.01830	0.01082	0.00700	0.00716	0.00227	0.00911	0.00627	0.00369	0.07421

[dist]
# distance from previous block
# <min> <max>
0	2

[block]
# block no. 2 follows, 26 sequences, length 9
# corresponding to MSA columns:
# 116-124
name=unknown_C
#
# <colnr> <probs for GDERKNQSTAVLIFYWHMCP>
#	G	D	E	R	K	N	Q	S	T	A	V	L	I	F	Y	W	H	M	C	P
0	0.01507	0.01658	0.07926	0.10339	0.10330	0.01512	0.16699	0.01929	0.01566	0.02208	0.01978	0.17241	0.01943	0.01106	0.00997	0.00252	0.08684	0.01009	0.00444	0.10671
1	0.07308	0.01448	0.02264	0.48528	0.06684	0.01755	0.04434	0.05631	0.01587	0.02218	0.01333	0.01927	0.01036	0.00872	0.00970	0.03086	0.07015	0.00662	0.00374	0.00868
2	0.02156	0.02145	0.02364	0.02404	0.16683	0.17024	0.06118	0.13708	0.08669	0.02742	0.02003	0.02188	0.05783	0.00887	0.00848	0.00223	0.05207	0.00712	0.00512	0.07622
3	0.01228	0.01007	0.01412	0.01285	0.01437	0.01054	0.04878	0.01427	0.01475	0.02070	0.12860	0.21445	0.03572	0.19011	0.01861	0.00386	0.11814	0.03956	0.00565	0.07256
4	0.43477	0.01602	0.04442	0.01247	0.01783	0.01630	0.01068	0.08240	0.07345	0.19828	0.01791	0.01771	0.01258	0.00809	0.00604	0.00236	0.00647	0.00567	0.00630	0.01024
5	0.08118	0.01288	0.01496	0.01152	0.01700	0.01110	0.00924	0.06135	0.01869	0.14862	0.11108	0.02594	0.05485	0.00868	0.00666	0.00176	0.00559	0.00702	0.00625	0.38562
6	0.00985	0.00772	0.00892	0.00862	0.01079	0.00678	0.00646	0.01261	0.01939	0.02548	0.38086	0.06479	0.37591	0.01735	0.00896	0.00247	0.00371	0.01486	0.00770	0.00678
7	0.01440	0.01182	0.01590	0.01386	0.01589	0.01350	0.04029	0.08763	0.01736	0.02445	0.14418	0.03645	0.10552	0.07199	0.15245	0.00487	0.16715	0.00979	0.04466	0.00785
8	0.02845	0.01384	0.01786	0.12906	0.02427	0.04930	0.01254	0.03159	0.02026	0.48977	0.03002	0.02805	0.07055	0.00980	0.00769	0.00237	0.00724	0.00801	0.00791	0.01142

[dist]
# distance from previous block
# <min> <max>
3	17

[block]
# block no. 3 follows, 26 sequences, length 33
# corresponding to MSA columns:
# 142-174
name=unknown_D
#
# <colnr> <probs for GDERKNQSTAVLIFYWHMCP>
#	G	D	E	R	K	N	Q	S	T	A	V	L	I	F	Y	W	H	M	C	P
0	0.02321	0.20542	0.02436	0.01554	0.02049	0.25738	0.01277	0.11067	0.04485	0.04639	0.06002	0.01856	0.01567	0.00990	0.03182	0.00227	0.00985	0.00585	0.00492	0.08009
1	0.23051	0.03933	0.01407	0.01220	0.03670	0.05859	0.00924	0.02096	0.01844	0.10222	0.29478	0.03290	0.03641	0.01079	0.00710	0.00224	0.00567	0.00868	0.00660	0.05258
2	0.17481	0.01720	0.02011	0.01577	0.02146	0.01815	0.06349	0.24581	0.11242	0.16207	0.02016	0.01991	0.01429	0.00850	0.00704	0.00230	0.00738	0.00672	0.00691	0.05546
3	0.01503	0.13103	0.33839	0.01819	0.02573	0.01674	0.09026	0.02120	0.01763	0.02490	0.19659	0.02709	0.02682	0.00929	0.00753	0.00230	0.00884	0.00797	0.00469	0.00977
4	0.05824	0.01486	0.02202	0.40514	0.14371	0.01719	0.01843	0.07932	0.07276	0.02471	0.01919	0.02327	0.05251	0.00849	0.00751	0.00246	0.00882	0.00733	0.00447	0.00957
5	0.01318	0.00659	0.00988	0.00988	0.00988	0.00659	0.00659	0.00988	0.00988	0.01318	0.01318	0.02306	0.01318	0.02635	0.02964	0.77931	0.00659	0.00659	0.00329	0.00329
6	0.00938	0.00687	0.00866	0.00992	0.01073	0.00632	0.00670	0.01082	0.01508	0.01979	0.07699	0.55128	0.15001	0.06572	0.01129	0.00322	0.00445	0.01967	0.00696	0.00615
7	0.00924	0.00660	0.00880	0.01056	0.01100	0.00616	0.00704	0.01056	0.01452	0.01936	0.04181	0.72848	0.05017	0.02376	0.00968	0.00308	0.00440	0.02156	0.00704	0.00616
8	0.01637	0.06865	0.38788	0.02547	0.07451	0.01839	0.22245	0.02361	0.01686	0.02407	0.04026	0.01896	0.01279	0.00721	0.00771	0.00240	0.01110	0.00695	0.00364	0.01072
9	0.01462	0.01204	0.01397	0.01054	0.01569	0.00946	0.00795	0.01720	0.01462	0.02236	0.01593	0.02371	0.01508	0.17686	0.01338	0.00259	0.00603	0.00603	0.00452	0.59741
10	0.01163	0.00807	0.00972	0.00911	0.01146	0.00714	0.00690	0.01454	0.01992	0.07078	0.41194	0.06072	0.29705	0.01649	0.00887	0.00245	0.00387	0.01417	0.00793	0.00726
11	0.78701	0.01467	0.01115	0.00997	0.01467	0.01702	0.00821	0.02230	0.01291	0.03403	0.01056	0.01232	0.00821	0.00704	0.00469	0.00235	0.00587	0.00411	0.00469	0.00821
12	0.02028	0.73799	0.03975	0.01298	0.01947	0.03001	0.01298	0.02271	0.01541	0.01785	0.01055	0.01217	0.00973	0.00649	0.00487	0.00162	0.00811	0.00406	0.00324	0.00973
13	0.78701	0.01467	0.01115	0.00997	0.01467	0.01702	0.00821	0.02230	0.01291	0.03403	0.01056	0.01232	0.00821	0.00704	0.00469	0.00235	0.00587	0.00411	0.00469	0.00821
14	0.02028	0.73799	0.03975	0.01298	0.01947	0.03001	0.01298	0.02271	0.01541	0.01785	0.01055	0.01217	0.00973	0.00649	0.00487	0.00162	0.00811	0.00406	0.00324	0.00973
15	0.02100	0.01587	0.01728	0.01499	0.01928	0.01779	0.01171	0.12872	0.46215	0.08804	0.02770	0.02715	0.02090	0.03898	0.01008	0.04475	0.00647	0.00823	0.00748	0.01145
16	0.01557	0.01448	0.02399	0.58552	0.14854	0.01729	0.02115	0.04474	0.01628	0.02131	0.01378	0.01992	0.01051	0.00752	0.00757	0.00248	0.00987	0.00675	0.00359	0.00915
17	0.01659	0.01659	0.02323	0.01991	0.01991	0.02323	0.01659	0.01825	0.01162	0.01825	0.00996	0.01659	0.00996	0.01328	0.02489	0.00332	0.71955	0.00664	0.00332	0.00830
18	0.00896	0.00768	0.00768	0.00768	0.01025	0.00640	0.00576	0.01089	0.01729	0.02049	0.07684	0.07300	0.68304	0.01921	0.00896	0.00256	0.00384	0.01601	0.00704	0.00640
19	0.78701	0.01467	0.01115	0.00997	0.01467	0.01702	0.00821	0.02230	0.01291	0.03403	0.01056	0.01232	0.00821	0.00704	0.00469	0.00235	0.00587	0.00411	0.00469	0.00821
20	0.01455	0.01059	0.01272	0.01169	0.01349	0.01163	0.00848	0.12713	0.05588	0.02254	0.02207	0.03585	0.02171	0.32431	0.26594	0.00788	0.01202	0.00912	0.00512	0.00726
21	0.01840	0.01776	0.02745	0.03660	0.47672	0.04308	0.04533	0.02261	0.01710	0.02450	0.01403	0.01793	0.01172	0.00652	0.00710	0.00199	0.00855	0.00624	0.00394	0.19246
22	0.01302	0.01013	0.01214	0.01133	0.01381	0.01043	0.00869	0.02149	0.19973	0.03047	0.47826	0.05003	0.05720	0.01429	0.00867	0.00248	0.00438	0.03684	0.00812	0.00848
23	0.02369	0.06367	0.11597	0.01985	0.10240	0.01461	0.07629	0.02800	0.01848	0.28549	0.02003	0.02031	0.01399	0.00758	0.00712	0.00208	0.00796	0.00654	0.00601	0.15992
24	0.01364	0.01096	0.01682	0.10994	0.13746	0.01140	0.01529	0.01751	0.01713	0.02264	0.03221	0.06549	0.03381	0.01675	0.00959	0.00315	0.00774	0.44448	0.00596	0.00805
25	0.01573	0.01348	0.01573	0.01123	0.01798	0.01011	0.00899	0.01910	0.01573	0.02472	0.01348	0.01573	0.01123	0.00562	0.00562	0.00112	0.00562	0.00449	0.00449	0.77980
26	0.28576	0.20346	0.02238	0.11844	0.02310	0.02001	0.01239	0.07901	0.01725	0.13320	0.01473	0.01612	0.01098	0.00753	0.00589	0.00218	0.00740	0.00528	0.00511	0.00979
27	0.02906	0.01478	0.01825	0.01392	0.01983	0.01375	0.01143	0.18009	0.02403	0.41025	0.04804	0.02354	0.01810	0.00894	0.00735	0.00214	0.00666	0.00716	0.00815	0.13452
28	0.01057	0.00735	0.00929	0.00970	0.01011	0.00756	0.00628	0.01149	0.01212	0.01646	0.02730	0.20485	0.03094	0.41297	0.18262	0.00745	0.00960	0.01285	0.00505	0.00546
29	0.01521	0.03923	0.69413	0.02162	0.03283	0.01762	0.02802	0.02402	0.01601	0.02402	0.01361	0.01601	0.00961	0.00721	0.00721	0.00240	0.01121	0.00560	0.00320	0.01121
30	0.00896	0.00768	0.00768	0.00768	0.01025	0.00640	0.00576	0.01089	0.01729	0.02049	0.07684	0.07300	0.68304	0.01921	0.00896	0.00256	0.00384	0.01601	0.00704	0.00640
31	0.02683	0.01468	0.01777	0.01361	0.01936	0.01366	0.01103	0.16751	0.04504	0.33497	0.02321	0.02316	0.01635	0.04768	0.00883	0.00232	0.00670	0.00693	0.00753	0.19286
32	0.02913	0.02077	0.02247	0.01723	0.02328	0.02282	0.01423	0.62518	0.03487	0.08457	0.01888	0.01865	0.01324	0.00912	0.00759	0.00228	0.00824	0.00687	0.00769	0.01290

[dist]
# distance from previous block
# <min> <max>
0	1

[block]
# block no. 4 follows, 26 sequences, length 84
# corresponding to MSA columns:
# 176-259
name=unknown_E
#
# <colnr> <probs for GDERKNQSTAVLIFYWHMCP>
#	G	D	E	R	K	N	Q	S	T	A	V	L	I	F	Y	W	H	M	C	P
0	0.31632	0.13713	0.02046	0.01393	0.01913	0.09975	0.01163	0.18539	0.07810	0.03287	0.01440	0.01534	0.01113	0.00785	0.00596	0.00219	0.00777	0.00527	0.00536	0.01004
1	0.01797	0.02462	0.31865	0.01936	0.02696	0.01445	0.12614	0.02412	0.01823	0.14315	0.13458	0.05428	0.02400	0.00957	0.00798	0.00244	0.00903	0.00858	0.00546	0.01044
2	0.01063	0.00767	0.01004	0.00961	0.01131	0.00709	0.00715	0.01405	0.02098	0.02964	0.63690	0.10410	0.07006	0.01609	0.00900	0.00243	0.00364	0.01427	0.00826	0.00709
3	0.01757	0.01506	0.01596	0.01445	0.01844	0.01713	0.01121	0.03632	0.57856	0.03082	0.08022	0.03357	0.07480	0.01131	0.00790	0.00256	0.00567	0.00948	0.00771	0.01125
4	0.01031	0.00774	0.00955	0.00910	0.01107	0.00698	0.00682	0.01349	0.02047	0.02804	0.53693	0.06058	0.21824	0.01639	0.00895	0.00243	0.00364	0.01427	0.00804	0.00698
5	0.78701	0.01467	0.01115	0.00997	0.01467	0.01702	0.00821	0.02230	0.01291	0.03403	0.01056	0.01232	0.00821	0.00704	0.00469	0.00235	0.00587	0.00411	0.00469	0.00821
6	0.01432	0.01348	0.02275	0.71520	0.05224	0.01685	0.02107	0.01938	0.01517	0.01938	0.01348	0.02022	0.01011	0.00758	0.00758	0.00253	0.01011	0.00674	0.00337	0.00843
7	0.01154	0.00747	0.00992	0.01039	0.01171	0.00688	0.00737	0.01381	0.01759	0.07089	0.27691	0.43131	0.05584	0.01971	0.00927	0.00277	0.00424	0.01769	0.00769	0.00700
8	0.01905	0.01387	0.01848	0.05003	0.02155	0.01129	0.05588	0.02264	0.01691	0.14244	0.01652	0.01808	0.01253	0.00644	0.00631	0.00152	0.00651	0.00548	0.00526	0.54920
9	0.01703	0.28930	0.45994	0.01853	0.02805	0.02205	0.02264	0.02355	0.01580	0.02181	0.01251	0.01464	0.00965	0.00695	0.00637	0.00212	0.01010	0.00505	0.00322	0.01068
10	0.01847	0.01872	0.05725	0.06908	0.63746	0.01796	0.02339	0.02317	0.01715	0.02456	0.01421	0.01871	0.01185	0.00681	0.00750	0.00227	0.00914	0.00671	0.00372	0.01186
11	0.03403	0.01291	0.01760	0.01350	0.01936	0.01115	0.01115	0.03697	0.02171	0.69137	0.02992	0.02582	0.01878	0.00939	0.00763	0.00235	0.00645	0.00763	0.00939	0.01291
12	0.02028	0.73799	0.03975	0.01298	0.01947	0.03001	0.01298	0.02271	0.01541	0.01785	0.01055	0.01217	0.00973	0.00649	0.00487	0.00162	0.00811	0.00406	0.00324	0.00973
13	0.01051	0.00761	0.01006	0.01076	0.01215	0.00716	0.00818	0.01327	0.01817	0.02470	0.30545	0.27506	0.09068	0.01951	0.00952	0.00286	0.00461	0.15542	0.00756	0.00677
14	0.01074	0.00775	0.01014	0.00954	0.01133	0.00716	0.00716	0.01431	0.02147	0.03042	0.68211	0.05666	0.07157	0.01551	0.00895	0.00239	0.00358	0.01372	0.00835	0.00716
15	0.00896	0.00768	0.00768	0.00768	0.01025	0.00640	0.00576	0.01089	0.01729	0.02049	0.07684	0.07300	0.68304	0.01921	0.00896	0.00256	0.00384	0.01601	0.00704	0.00640
16	0.01642	0.01389	0.01610	0.01156	0.01827	0.01081	0.00927	0.05277	0.01677	0.02593	0.01373	0.01586	0.01132	0.00580	0.00572	0.00118	0.00576	0.00462	0.00466	0.73956
17	0.01074	0.00775	0.01014	0.00954	0.01133	0.00716	0.00716	0.01431	0.02147	0.03042	0.68211	0.05666	0.07157	0.01551	0.00895	0.00239	0.00358	0.01372	0.00835	0.00716
18	0.02983	0.01304	0.01717	0.01298	0.01904	0.01091	0.01065	0.03286	0.02034	0.53836	0.02615	0.02350	0.01705	0.00852	0.00717	0.00207	0.00626	0.00691	0.00826	0.18893
19	0.01887	0.01629	0.01715	0.01544	0.01972	0.01887	0.01201	0.04031	0.67241	0.03173	0.03087	0.02830	0.02315	0.01029	0.00772	0.00257	0.00600	0.00858	0.00772	0.01201
20	0.01074	0.00775	0.01014	0.00954	0.01133	0.00716	0.00716	0.01431	0.02147	0.03042	0.68211	0.05666	0.07157	0.01551	0.00895	0.00239	0.00358	0.01372	0.00835	0.00716
21	0.02883	0.02125	0.02276	0.01745	0.02352	0.02352	0.01442	0.66082	0.03566	0.04780	0.01821	0.01821	0.01290	0.00911	0.00759	0.00228	0.00835	0.00683	0.00759	0.01290
22	0.65369	0.01436	0.01229	0.01060	0.01550	0.01598	0.00873	0.02489	0.01447	0.15042	0.01399	0.01471	0.01008	0.00746	0.00521	0.00235	0.00597	0.00473	0.00553	0.00905
23	0.01021	0.00905	0.04547	0.01018	0.01218	0.00728	0.00799	0.01310	0.01835	0.02501	0.34818	0.26250	0.16582	0.01822	0.00908	0.00263	0.00428	0.01607	0.00746	0.00694
24	0.01659	0.01659	0.02323	0.01991	0.01991	0.02323	0.01659	0.01825	0.01162	0.01825	0.00996	0.01659	0.00996	0.01328	0.02489	0.00332	0.71955	0.00664	0.00332	0.00830
25	0.03403	0.01291	0.01760	0.01350	0.01936	0.01115	0.01115	0.03697	0.02171	0.69137	0.02992	0.02582	0.01878	0.00939	0.00763	0.00235	0.00645	0.00763	0.00939	0.01291
26	0.01473	0.01347	0.02084	0.54876	0.04391	0.01644	0.01857	0.02227	0.12518	0.02145	0.01837	0.07108	0.01510	0.00917	0.00775	0.00257	0.00902	0.00808	0.00436	0.00887
27	0.00904	0.00739	0.00798	0.00846	0.01045	0.00634	0.00611	0.01080	0.01655	0.02019	0.06745	0.24875	0.51335	0.02043	0.00916	0.00270	0.00399	0.01750	0.00704	0.00634
28	0.01838	0.06935	0.06268	0.15021	0.03864	0.08835	0.41379	0.02391	0.01754	0.02241	0.01426	0.01901	0.01090	0.00679	0.00816	0.00242	0.01203	0.00770	0.00370	0.00977
29	0.02085	0.02069	0.02531	0.03279	0.37496	0.13982	0.01865	0.07154	0.12903	0.02634	0.01824	0.02295	0.01522	0.00845	0.00759	0.00232	0.00918	0.03995	0.00488	0.01124
30	0.01893	0.01892	0.02596	0.03485	0.41700	0.11281	0.04137	0.02385	0.05229	0.02389	0.01940	0.03044	0.01787	0.00959	0.00800	0.00246	0.00928	0.11791	0.00456	0.01061
31	0.14933	0.05806	0.47015	0.02059	0.03006	0.01816	0.10361	0.02371	0.01569	0.02556	0.01319	0.01580	0.00961	0.00705	0.00691	0.00238	0.01037	0.00571	0.00354	0.01051
32	0.38835	0.20593	0.15244	0.01457	0.04245	0.04371	0.01402	0.02304	0.01459	0.02709	0.01132	0.01326	0.00906	0.00695	0.00540	0.00216	0.00785	0.00450	0.00397	0.00934
33	0.04938	0.02712	0.02042	0.01982	0.07457	0.41559	0.01419	0.10742	0.02105	0.02315	0.01424	0.01748	0.01193	0.01656	0.13024	0.00384	0.01354	0.00583	0.00442	0.00920
34	0.00924	0.00660	0.00880	0.01056	0.01100	0.00616	0.00704	0.01056	0.01452	0.01936	0.04181	0.72848	0.05017	0.02376	0.00968	0.00308	0.00440	0.02156	0.00704	0.00616
35	0.00958	0.00687	0.00911	0.01033	0.01108	0.00639	0.00707	0.01142	0.01612	0.02190	0.18903	0.57401	0.05509	0.02186	0.00951	0.00292	0.00421	0.01976	0.00734	0.00639
36	0.01052	0.00774	0.00984	0.00931	0.01120	0.00706	0.00699	0.01389	0.02096	0.02920	0.60761	0.05867	0.14683	0.01596	0.00895	0.00241	0.00361	0.01400	0.00819	0.00706
37	0.01812	0.01557	0.01649	0.01500	0.01910	0.01786	0.01171	0.03790	0.61448	0.03082	0.03348	0.03275	0.05602	0.01115	0.00789	0.00261	0.00594	0.03392	0.00766	0.01153
38	0.02028	0.73799	0.03975	0.01298	0.01947	0.03001	0.01298	0.02271	0.01541	0.01785	0.01055	0.01217	0.00973	0.00649	0.00487	0.00162	0.00811	0.00406	0.00324	0.00973
39	0.00974	0.00696	0.00937	0.01113	0.01179	0.00659	0.00791	0.01142	0.01501	0.01992	0.04153	0.62082	0.04908	0.02329	0.00981	0.00315	0.00483	0.12430	0.00703	0.00630
40	0.05099	0.55606	0.03465	0.01431	0.02016	0.17780	0.01317	0.02437	0.01666	0.01861	0.01081	0.01251	0.00968	0.00680	0.00530	0.00172	0.00925	0.00424	0.00345	0.00947
41	0.02883	0.02125	0.02276	0.01745	0.02352	0.02352	0.01442	0.66082	0.03566	0.04780	0.01821	0.01821	0.01290	0.00911	0.00759	0.00228	0.00835	0.00683	0.00759	0.01290
42	0.01887	0.01629	0.01715	0.01544	0.01972	0.01887	0.01201	0.04031	0.67241	0.03173	0.03087	0.02830	0.02315	0.01029	0.00772	0.00257	0.00600	0.00858	0.00772	0.01201
43	0.02833	0.03615	0.02149	0.01954	0.02345	0.70298	0.01466	0.03029	0.02149	0.01856	0.01172	0.01368	0.00977	0.00782	0.00684	0.00195	0.01368	0.00489	0.00391	0.00879
44	0.78701	0.01467	0.01115	0.00997	0.01467	0.01702	0.00821	0.02230	0.01291	0.03403	0.01056	0.01232	0.00821	0.00704	0.00469	0.00235	0.00587	0.00411	0.00469	0.00821
45	0.01887	0.01629	0.01715	0.01544	0.01972	0.01887	0.01201	0.04031	0.67241	0.03173	0.03087	0.02830	0.02315	0.01029	0.00772	0.00257	0.00600	0.00858	0.00772	0.01201
46	0.01099	0.00751	0.00907	0.00907	0.00934	0.00779	0.00559	0.01154	0.01127	0.01530	0.02317	0.04561	0.02583	0.59606	0.17359	0.00834	0.00999	0.01044	0.00449	0.00504
47	0.00905	0.00769	0.00780	0.00777	0.01030	0.00644	0.00583	0.01105	0.01749	0.02097	0.10624	0.07220	0.65334	0.01903	0.00896	0.00255	0.00383	0.01590	0.00711	0.00644
48	0.15686	0.34721	0.14048	0.01526	0.02168	0.16535	0.01500	0.02443	0.01633	0.02189	0.01131	0.01315	0.00945	0.00698	0.00564	0.00195	0.00939	0.00450	0.00363	0.00952
49	0.01837	0.47442	0.28658	0.01624	0.02451	0.02534	0.01865	0.02321	0.01564	0.02018	0.01170	0.01362	0.00969	0.00676	0.00575	0.00192	0.00928	0.00464	0.00323	0.01029
50	0.01788	0.01744	0.03050	0.09226	0.54075	0.01749	0.08713	0.02249	0.01718	0.02413	0.01736	0.02169	0.04441	0.00739	0.00773	0.00232	0.00923	0.00743	0.00389	0.01130
51	0.01465	0.01381	0.02334	0.66637	0.09853	0.01694	0.02123	0.01966	0.01532	0.01977	0.01354	0.02012	0.01025	0.00752	0.00758	0.00251	0.01003	0.00674	0.00340	0.00869
52	0.00935	0.00668	0.00890	0.01049	0.01102	0.00623	0.00705	0.01083	0.01501	0.02014	0.08702	0.68104	0.05168	0.02318	0.00963	0.00303	0.00434	0.02101	0.00713	0.00623
53	0.01627	0.01429	0.02129	0.27411	0.07918	0.01530	0.07087	0.12357	0.01977	0.02623	0.07395	0.03099	0.12809	0.01006	0.00789	0.00237	0.00813	0.00885	0.00519	0.06361
54	0.01647	0.01346	0.01580	0.01133	0.01803	0.01015	0.00907	0.01982	0.01597	0.05160	0.01414	0.01614	0.01154	0.00577	0.00570	0.00117	0.00565	0.00462	0.00469	0.74887
55	0.78701	0.01467	0.01115	0.00997	0.01467	0.01702	0.00821	0.02230	0.01291	0.03403	0.01056	0.01232	0.00821	0.00704	0.00469	0.00235	0.00587	0.00411	0.00469	0.00821
56	0.01238	0.00812	0.01067	0.00982	0.01190	0.00744	0.00744	0.01591	0.02149	0.07709	0.63606	0.05448	0.06784	0.01507	0.00885	0.00238	0.00378	0.01329	0.00842	0.00756
57	0.02280	0.01114	0.01453	0.01195	0.01615	0.01006	0.00952	0.02732	0.06725	0.34881	0.28640	0.03763	0.03951	0.01167	0.00805	0.00231	0.00524	0.00993	0.00860	0.05112
58	0.03249	0.01437	0.01838	0.01420	0.02003	0.01345	0.01170	0.13414	0.05548	0.55926	0.02815	0.02475	0.01807	0.00939	0.00763	0.00235	0.00673	0.00755	0.00903	0.01286
59	0.02173	0.01460	0.01683	0.01461	0.04051	0.03526	0.01111	0.03154	0.25578	0.20615	0.09490	0.02734	0.02393	0.00947	0.00737	0.00217	0.00613	0.00787	0.00734	0.16536
60	0.02402	0.01065	0.01424	0.01180	0.01590	0.00936	0.00939	0.02698	0.02091	0.41164	0.22817	0.08636	0.07186	0.01274	0.00824	0.00242	0.00531	0.01086	0.00879	0.01038
61	0.01908	0.01585	0.05209	0.01361	0.01830	0.01470	0.01109	0.26626	0.02253	0.03122	0.02111	0.12402	0.02008	0.13153	0.01257	0.00296	0.00709	0.00899	0.00601	0.20090
62	0.01846	0.01515	0.01718	0.01267	0.01915	0.01320	0.01021	0.14586	0.05435	0.02961	0.01533	0.01688	0.01219	0.00655	0.00611	0.00143	0.00617	0.00517	0.00527	0.58905
63	0.78701	0.01467	0.01115	0.00997	0.01467	0.01702	0.00821	0.02230	0.01291	0.03403	0.01056	0.01232	0.00821	0.00704	0.00469	0.00235	0.00587	0.00411	0.00469	0.00821
64	0.02637	0.02079	0.02176	0.05411	0.02440	0.05804	0.01438	0.48992	0.14047	0.04207	0.01974	0.01977	0.01431	0.00916	0.00757	0.00232	0.00833	0.00701	0.00719	0.01230
65	0.01255	0.00901	0.01233	0.17919	0.02066	0.00982	0.01012	0.03610	0.01522	0.02186	0.02716	0.26045	0.02799	0.09132	0.04775	0.00353	0.00685	0.01226	0.18883	0.00701
66	0.00931	0.00734	0.00841	0.00890	0.01065	0.00643	0.00639	0.01127	0.01697	0.02154	0.15215	0.28749	0.38589	0.02018	0.00920	0.00271	0.00399	0.01752	0.00723	0.00643
67	0.01693	0.01461	0.01530	0.01392	0.01787	0.01643	0.01078	0.03455	0.54415	0.02953	0.03987	0.03705	0.15234	0.01204	0.00796	0.00257	0.00558	0.01003	0.00759	0.01091
68	0.01103	0.00735	0.00827	0.00827	0.00827	0.00735	0.00460	0.01103	0.01103	0.01471	0.02390	0.04964	0.02758	0.73343	0.03861	0.00735	0.00735	0.01103	0.00460	0.00460
69	0.78701	0.01467	0.01115	0.00997	0.01467	0.01702	0.00821	0.02230	0.01291	0.03403	0.01056	0.01232	0.00821	0.00704	0.00469	0.00235	0.00587	0.00411	0.00469	0.00821
70	0.02028	0.73799	0.03975	0.01298	0.01947	0.03001	0.01298	0.02271	0.01541	0.01785	0.01055	0.01217	0.00973	0.00649	0.00487	0.00162	0.00811	0.00406	0.00324	0.00973
71	0.01899	0.01770	0.06786	0.01472	0.01937	0.06427	0.01229	0.03310	0.40589	0.08923	0.03583	0.03361	0.13166	0.01129	0.00782	0.00249	0.00662	0.00925	0.00714	0.01086
72	0.02291	0.02712	0.02230	0.01971	0.02182	0.38914	0.01555	0.02473	0.01693	0.01842	0.01091	0.01502	0.00986	0.01034	0.01517	0.00258	0.33958	0.00569	0.00364	0.00856
73	0.00924	0.00660	0.00880	0.01056	0.01100	0.00616	0.00704	0.01056	0.01452	0.01936	0.04181	0.72848	0.05017	0.02376	0.00968	0.00308	0.00440	0.02156	0.00704	0.00616
74	0.03403	0.01291	0.01760	0.01350	0.01936	0.01115	0.01115	0.03697	0.02171	0.69137	0.02992	0.02582	0.01878	0.00939	0.00763	0.00235	0.00645	0.00763	0.00939	0.01291
75	0.01052	0.00838	0.01016	0.01122	0.03426	0.00763	0.00862	0.01318	0.01767	0.02214	0.10887	0.07421	0.39848	0.01911	0.00943	0.00285	0.00505	0.22438	0.00702	0.00684
76	0.01103	0.00735	0.00827	0.00827	0.00827	0.00735	0.00460	0.01103	0.01103	0.01471	0.02390	0.04964	0.02758	0.73343	0.03861	0.00735	0.00735	0.01103	0.00460	0.00460
77	0.01412	0.01320	0.02219	0.68682	0.05058	0.01642	0.02050	0.01902	0.01514	0.01938	0.01462	0.04875	0.01172	0.00824	0.00767	0.00255	0.00988	0.00734	0.00352	0.00833
78	0.01163	0.00795	0.01042	0.00969	0.01164	0.00731	0.00731	0.01518	0.02148	0.05567	0.65720	0.05548	0.06955	0.01527	0.00890	0.00238	0.00369	0.01348	0.00839	0.00738
79	0.02522	0.01680	0.02042	0.01596	0.02087	0.01762	0.05739	0.37067	0.02697	0.15341	0.02198	0.05330	0.01779	0.13085	0.01297	0.00319	0.00800	0.00841	0.00712	0.01105
80	0.01877	0.01802	0.03079	0.04656	0.68612	0.01802	0.02328	0.02328	0.01727	0.02478	0.01427	0.01877	0.01201	0.00676	0.00751	0.00225	0.00901	0.00676	0.00375	0.01201
81	0.00949	0.00698	0.00863	0.00968	0.01058	0.00641	0.00654	0.01095	0.01518	0.01988	0.09333	0.47955	0.17116	0.09930	0.01263	0.00339	0.00455	0.01878	0.00687	0.00611
82	0.01710	0.08095	0.35178	0.02458	0.05457	0.04450	0.23142	0.02397	0.01682	0.02352	0.01390	0.01718	0.01041	0.00681	0.00752	0.00231	0.01123	0.00654	0.00353	0.05135
83	0.05908	0.17141	0.02761	0.02671	0.25570	0.18493	0.01673	0.05108	0.09255	0.02397	0.01474	0.01693	0.01211	0.00746	0.00669	0.00209	0.00942	0.00583	0.00433	0.01062

[dist]
# distance from previous block
# <min> <max>
11	33

# created by:
# /st0/software/busco_prod/Augustus/scripts/msa2prfl.pl ./align_prep/164894.fa
