[name]
unknown

[dist]
# distance from previous block
# <min> <max>
0	31

[block]
# block no. 0 follows, 28 sequences, length 66
# corresponding to MSA columns:
# 34-99
name=unknown_A
#
# <colnr> <probs for GDERKNQSTAVLIFYWHMCP>
#	G	D	E	R	K	N	Q	S	T	A	V	L	I	F	Y	W	H	M	C	P
0	0.01698	0.04402	0.01764	0.01319	0.01858	0.04376	0.03326	0.08674	0.10302	0.02566	0.01725	0.02143	0.01451	0.01056	0.05390	0.00231	0.00738	0.04146	0.00501	0.42333
1	0.12261	0.11448	0.02086	0.05655	0.02155	0.35966	0.01289	0.06905	0.01880	0.04908	0.01537	0.01699	0.04581	0.00817	0.00702	0.00204	0.04057	0.00545	0.00432	0.00873
2	0.31891	0.01782	0.01573	0.03282	0.01841	0.11481	0.01082	0.18699	0.02003	0.05064	0.05592	0.01927	0.04328	0.00860	0.00682	0.00220	0.03460	0.00601	0.00543	0.03088
3	0.01457	0.01120	0.01176	0.01095	0.01270	0.04951	0.00782	0.13962	0.01695	0.02190	0.02797	0.11010	0.08476	0.32713	0.04940	0.03053	0.00744	0.05357	0.00545	0.00666
4	0.03946	0.00914	0.00968	0.00960	0.01155	0.03456	0.00709	0.01523	0.05617	0.04186	0.15124	0.13978	0.21741	0.11235	0.01198	0.00308	0.00497	0.05934	0.05878	0.00673
5	0.10045	0.67224	0.03523	0.01214	0.01818	0.02746	0.01196	0.02172	0.01452	0.01872	0.01011	0.01168	0.00918	0.00627	0.00465	0.00163	0.00755	0.00389	0.00325	0.00918
6	0.05041	0.26451	0.42058	0.01899	0.06649	0.02071	0.02111	0.02250	0.01510	0.02158	0.01201	0.01416	0.00933	0.00665	0.00610	0.00205	0.00944	0.00490	0.00318	0.01021
7	0.01860	0.01840	0.02770	0.06034	0.58136	0.07235	0.02087	0.02383	0.06175	0.02358	0.01453	0.01826	0.01201	0.00681	0.00716	0.00216	0.00883	0.00645	0.00385	0.01117
8	0.04747	0.01454	0.01568	0.01284	0.01687	0.01579	0.01027	0.33931	0.06373	0.07421	0.02060	0.02320	0.01589	0.06015	0.04082	0.00284	0.00698	0.00698	0.20187	0.00996
9	0.01506	0.10838	0.64033	0.01989	0.03019	0.01806	0.02542	0.02290	0.01529	0.02243	0.01275	0.01498	0.00922	0.00684	0.00668	0.00223	0.01045	0.00522	0.00307	0.01060
10	0.02608	0.02080	0.02043	0.06390	0.02330	0.12811	0.01357	0.45353	0.02883	0.07730	0.01722	0.01791	0.01242	0.00844	0.00703	0.00212	0.00852	0.00631	0.05304	0.01113
11	0.01439	0.01360	0.02301	0.62040	0.15152	0.01633	0.02052	0.01916	0.01485	0.01938	0.01304	0.01916	0.00998	0.00714	0.00726	0.00238	0.00953	0.00646	0.00329	0.00861
12	0.00882	0.00647	0.00829	0.00974	0.01044	0.00594	0.00658	0.01016	0.01428	0.01870	0.04467	0.64784	0.13705	0.02217	0.00918	0.00288	0.00414	0.01993	0.00675	0.00594
13	0.01040	0.00774	0.01146	0.01146	0.01268	0.00896	0.00881	0.01284	0.01162	0.01671	0.01968	0.02969	0.01867	0.09576	0.67516	0.01141	0.01873	0.00795	0.00392	0.00637
14	0.00930	0.00739	0.00835	0.00811	0.01025	0.00644	0.00608	0.01181	0.01825	0.02362	0.33403	0.06340	0.43336	0.01692	0.00858	0.00238	0.00358	0.01442	0.00727	0.00644
15	0.79588	0.01406	0.01068	0.00956	0.01406	0.01631	0.00787	0.02137	0.01237	0.03261	0.01012	0.01181	0.00787	0.00675	0.00450	0.00225	0.00562	0.00394	0.00450	0.00787
16	0.02715	0.03464	0.02060	0.01873	0.02247	0.71536	0.01404	0.02903	0.02060	0.01779	0.01124	0.01311	0.00936	0.00749	0.00655	0.00187	0.01311	0.00468	0.00375	0.00843
17	0.00884	0.00640	0.00836	0.00994	0.01049	0.00592	0.00667	0.01014	0.01409	0.01863	0.04232	0.69483	0.09158	0.02248	0.00923	0.00292	0.00418	0.02031	0.00675	0.00592
18	0.01943	0.74891	0.03809	0.01244	0.01866	0.02876	0.01244	0.02177	0.01477	0.01710	0.01011	0.01166	0.00933	0.00622	0.00466	0.00155	0.00777	0.00389	0.00311	0.00933
19	0.01025	0.00786	0.01094	0.01302	0.05262	0.00799	0.00869	0.01187	0.01402	0.01892	0.03550	0.54919	0.04168	0.05363	0.01147	0.00315	0.05366	0.08294	0.00621	0.00639
20	0.01390	0.01309	0.02211	0.69978	0.07602	0.01619	0.02027	0.01872	0.01462	0.01878	0.01295	0.01932	0.00976	0.00724	0.00726	0.00241	0.00965	0.00646	0.00324	0.00821
21	0.00875	0.00737	0.00758	0.00753	0.00991	0.00620	0.00565	0.01073	0.01694	0.02051	0.13075	0.06852	0.63859	0.01808	0.00859	0.00244	0.00366	0.01514	0.00687	0.00620
22	0.02164	0.01924	0.01832	0.01578	0.02027	0.10844	0.01241	0.19750	0.43688	0.03267	0.02418	0.02289	0.01808	0.00927	0.00726	0.00232	0.00726	0.00734	0.00690	0.01133
23	0.01458	0.03760	0.70688	0.02072	0.03146	0.01688	0.02686	0.02302	0.01535	0.02302	0.01304	0.01535	0.00921	0.00691	0.00691	0.00230	0.01074	0.00537	0.00307	0.01074
24	0.08633	0.01220	0.01600	0.01246	0.01777	0.01086	0.01025	0.03311	0.02018	0.61544	0.06719	0.02558	0.02029	0.00919	0.00718	0.00225	0.00598	0.00742	0.00861	0.01172
25	0.02971	0.01279	0.01654	0.01294	0.01826	0.01167	0.01060	0.07755	0.06493	0.56934	0.03099	0.02743	0.06341	0.00967	0.00740	0.00227	0.00611	0.00786	0.00862	0.01190
26	0.00886	0.00633	0.00843	0.01012	0.01054	0.00590	0.00675	0.01012	0.01392	0.01856	0.04006	0.73979	0.04808	0.02277	0.00928	0.00295	0.00422	0.02066	0.00675	0.00590
27	0.00864	0.00718	0.00756	0.00786	0.00995	0.00609	0.00574	0.01038	0.01609	0.01944	0.06755	0.19143	0.57870	0.01920	0.00872	0.00254	0.00378	0.01631	0.00675	0.00609
28	0.01799	0.01727	0.02950	0.04462	0.69919	0.01727	0.02231	0.02231	0.01655	0.02375	0.01367	0.01799	0.01151	0.00648	0.00720	0.00216	0.00864	0.00648	0.00360	0.01151
29	0.01161	0.00829	0.01160	0.01327	0.01490	0.00828	0.01154	0.01488	0.01663	0.02164	0.03854	0.10544	0.04206	0.02018	0.01001	0.00333	0.00661	0.62783	0.00670	0.00667
30	0.01057	0.00705	0.00793	0.00793	0.00793	0.00705	0.00440	0.01057	0.01057	0.01409	0.02290	0.04757	0.02643	0.74454	0.03700	0.00705	0.00705	0.01057	0.00440	0.00440
31	0.02679	0.02016	0.02104	0.01635	0.02190	0.04424	0.01342	0.60942	0.05326	0.04372	0.01786	0.01798	0.01281	0.00871	0.00717	0.00216	0.00792	0.00654	0.03655	0.01200
32	0.01560	0.01323	0.01536	0.01102	0.01745	0.01023	0.00883	0.04609	0.01588	0.02462	0.01311	0.01517	0.01083	0.00552	0.00546	0.00112	0.00549	0.00440	0.00443	0.75611
33	0.01046	0.00750	0.01022	0.01022	0.01102	0.00829	0.00727	0.01204	0.01125	0.01579	0.02081	0.03595	0.02138	0.32281	0.45183	0.00988	0.01464	0.00887	0.00409	0.00568
34	0.79588	0.01406	0.01068	0.00956	0.01406	0.01631	0.00787	0.02137	0.01237	0.03261	0.01012	0.01181	0.00787	0.00675	0.00450	0.00225	0.00562	0.00394	0.00450	0.00787
35	0.01828	0.01774	0.02863	0.04246	0.64728	0.03899	0.02156	0.02326	0.04709	0.02387	0.01432	0.01825	0.01193	0.00666	0.00719	0.00216	0.00864	0.00650	0.00378	0.01142
36	0.00859	0.00736	0.00736	0.00736	0.00982	0.00614	0.00552	0.01043	0.01657	0.01964	0.07364	0.06996	0.69624	0.01841	0.00859	0.00245	0.00368	0.01534	0.00675	0.00614
37	0.01000	0.00943	0.05571	0.00931	0.01189	0.00728	0.00774	0.01322	0.01885	0.02548	0.43675	0.05704	0.27944	0.01554	0.00847	0.00234	0.00401	0.01338	0.00724	0.00687
38	0.07215	0.01785	0.01962	0.01546	0.02047	0.01973	0.01264	0.44942	0.06879	0.12314	0.01893	0.01984	0.01385	0.04102	0.00939	0.00248	0.05006	0.00675	0.00696	0.01144
39	0.01458	0.03760	0.70688	0.02072	0.03146	0.01688	0.02686	0.02302	0.01535	0.02302	0.01304	0.01535	0.00921	0.00691	0.00691	0.00230	0.01074	0.00537	0.00307	0.01074
40	0.01881	0.65803	0.12354	0.01350	0.02029	0.02724	0.01428	0.02193	0.01484	0.01786	0.01048	0.01213	0.00931	0.00631	0.00495	0.00165	0.00815	0.00408	0.00310	0.00951
41	0.01057	0.00705	0.00793	0.00793	0.00793	0.00705	0.00440	0.01057	0.01057	0.01409	0.02290	0.04757	0.02643	0.74454	0.03700	0.00705	0.00705	0.01057	0.00440	0.00440
42	0.00913	0.00652	0.00874	0.01043	0.01097	0.00614	0.00722	0.01059	0.01418	0.01886	0.03991	0.67753	0.04749	0.02252	0.00935	0.00299	0.00445	0.08026	0.00674	0.00598
43	0.01215	0.00631	0.00934	0.00955	0.00960	0.00626	0.00637	0.00955	0.01003	0.01337	0.01608	0.11255	0.01709	0.02494	0.02600	0.68950	0.00605	0.00812	0.00361	0.00350
44	0.01590	0.01590	0.02226	0.01908	0.01908	0.02226	0.01590	0.01749	0.01113	0.01749	0.00954	0.01590	0.00954	0.01272	0.02385	0.00318	0.73123	0.00636	0.00318	0.00795
45	0.01808	0.01561	0.01644	0.01479	0.01890	0.01808	0.01151	0.03863	0.68606	0.03041	0.02959	0.02712	0.02219	0.00986	0.00740	0.00247	0.00575	0.00822	0.00740	0.01151
46	0.01386	0.01310	0.02183	0.68536	0.04824	0.01651	0.01993	0.01851	0.01433	0.01851	0.01272	0.01918	0.00968	0.00759	0.00824	0.00247	0.05220	0.00645	0.00323	0.00807
47	0.79588	0.01406	0.01068	0.00956	0.01406	0.01631	0.00787	0.02137	0.01237	0.03261	0.01012	0.01181	0.00787	0.00675	0.00450	0.00225	0.00562	0.00394	0.00450	0.00787
48	0.01495	0.01292	0.01571	0.07823	0.02032	0.01030	0.00970	0.01833	0.01502	0.02320	0.01292	0.01548	0.01067	0.00556	0.00556	0.00120	0.00579	0.00451	0.00421	0.71542
49	0.01799	0.01727	0.02950	0.04462	0.69919	0.01727	0.02231	0.02231	0.01655	0.02375	0.01367	0.01799	0.01151	0.00648	0.00720	0.00216	0.00864	0.00648	0.00360	0.01151
50	0.01427	0.01348	0.02279	0.63973	0.13314	0.01629	0.02046	0.01905	0.01479	0.01923	0.01302	0.01920	0.00992	0.00717	0.00726	0.00239	0.00955	0.00646	0.00328	0.00852
51	0.79588	0.01406	0.01068	0.00956	0.01406	0.01631	0.00787	0.02137	0.01237	0.03261	0.01012	0.01181	0.00787	0.00675	0.00450	0.00225	0.00562	0.00394	0.00450	0.00787
52	0.01484	0.03453	0.63254	0.01960	0.02950	0.01593	0.02484	0.02272	0.01591	0.04534	0.06463	0.01856	0.01394	0.00757	0.00704	0.00230	0.01005	0.00602	0.00363	0.01050
53	0.01507	0.01292	0.01507	0.01077	0.01723	0.00969	0.00861	0.01830	0.01507	0.02369	0.01292	0.01507	0.01077	0.00538	0.00538	0.00108	0.00538	0.00431	0.00431	0.78898
54	0.01373	0.01292	0.02180	0.72707	0.05006	0.01615	0.02019	0.01857	0.01453	0.01857	0.01292	0.01938	0.00969	0.00727	0.00727	0.00242	0.00969	0.00646	0.00323	0.00807
55	0.79588	0.01406	0.01068	0.00956	0.01406	0.01631	0.00787	0.02137	0.01237	0.03261	0.01012	0.01181	0.00787	0.00675	0.00450	0.00225	0.00562	0.00394	0.00450	0.00787
56	0.01050	0.00733	0.00935	0.00935	0.00985	0.00782	0.00618	0.01149	0.01099	0.01515	0.02160	0.04035	0.02329	0.48268	0.29458	0.00881	0.01176	0.00951	0.00421	0.00520
57	0.03261	0.01237	0.01687	0.01293	0.01856	0.01068	0.01068	0.03543	0.02081	0.70423	0.02868	0.02474	0.01799	0.00900	0.00731	0.00225	0.00619	0.00731	0.00900	0.01237
58	0.01057	0.00705	0.00793	0.00793	0.00793	0.00705	0.00440	0.01057	0.01057	0.01409	0.02290	0.04757	0.02643	0.74454	0.03700	0.00705	0.00705	0.01057	0.00440	0.00440
59	0.00927	0.00739	0.00831	0.00808	0.01024	0.00643	0.00606	0.01175	0.01818	0.02346	0.32337	0.06367	0.44413	0.01698	0.00858	0.00239	0.00358	0.01446	0.00725	0.00643
60	0.01681	0.02204	0.13279	0.02929	0.03711	0.01818	0.58534	0.02325	0.01691	0.02325	0.01448	0.01903	0.01078	0.00623	0.00835	0.00243	0.01205	0.00814	0.00359	0.00993
61	0.01046	0.00748	0.01010	0.01010	0.01085	0.00823	0.00711	0.01196	0.01121	0.01570	0.02092	0.03658	0.02166	0.34565	0.42936	0.00973	0.01423	0.00896	0.00411	0.00561
62	0.07854	0.01964	0.02056	0.04826	0.02278	0.04402	0.01344	0.55943	0.03078	0.04219	0.01674	0.01731	0.01203	0.00848	0.00699	0.00217	0.00794	0.00631	0.03082	0.01156
63	0.01948	0.01567	0.01761	0.08236	0.02217	0.01787	0.01260	0.15923	0.43388	0.05178	0.02621	0.04972	0.02038	0.01009	0.00750	0.00244	0.00655	0.02643	0.00698	0.01105
64	0.01717	0.01763	0.06774	0.04024	0.59877	0.01639	0.02141	0.02164	0.01667	0.02386	0.04568	0.02227	0.01529	0.00748	0.00737	0.00222	0.00844	0.03478	0.00390	0.01105
65	0.04765	0.03660	0.67741	0.02025	0.03072	0.01686	0.02605	0.02295	0.01522	0.02343	0.01292	0.01520	0.00915	0.00690	0.00680	0.00230	0.01053	0.00531	0.00313	0.01062

[dist]
# distance from previous block
# <min> <max>
0	26

[block]
# block no. 1 follows, 28 sequences, length 34
# corresponding to MSA columns:
# 126-159
name=unknown_B
#
# <colnr> <probs for GDERKNQSTAVLIFYWHMCP>
#	G	D	E	R	K	N	Q	S	T	A	V	L	I	F	Y	W	H	M	C	P
0	0.01458	0.03760	0.70688	0.02072	0.03146	0.01688	0.02686	0.02302	0.01535	0.02302	0.01304	0.01535	0.00921	0.00691	0.00691	0.00230	0.01074	0.00537	0.00307	0.01074
1	0.03261	0.01237	0.01687	0.01293	0.01856	0.01068	0.01068	0.03543	0.02081	0.70423	0.02868	0.02474	0.01799	0.00900	0.00731	0.00225	0.00619	0.00731	0.00900	0.01237
2	0.04623	0.02115	0.23170	0.02765	0.31164	0.01467	0.01947	0.02012	0.01640	0.02386	0.08580	0.02716	0.10548	0.00897	0.00731	0.00226	0.00802	0.00783	0.00430	0.00999
3	0.00922	0.00675	0.00923	0.05375	0.01286	0.00657	0.00748	0.01065	0.01383	0.01839	0.03778	0.67067	0.04495	0.04811	0.01016	0.00307	0.00465	0.01943	0.00645	0.00598
4	0.03261	0.01237	0.01687	0.01293	0.01856	0.01068	0.01068	0.03543	0.02081	0.70423	0.02868	0.02474	0.01799	0.00900	0.00731	0.00225	0.00619	0.00731	0.00900	0.01237
5	0.01799	0.01727	0.02950	0.04462	0.69919	0.01727	0.02231	0.02231	0.01655	0.02375	0.01367	0.01799	0.01151	0.00648	0.00720	0.00216	0.00864	0.00648	0.00360	0.01151
6	0.01458	0.03760	0.70688	0.02072	0.03146	0.01688	0.02686	0.02302	0.01535	0.02302	0.01304	0.01535	0.00921	0.00691	0.00691	0.00230	0.01074	0.00537	0.00307	0.01074
7	0.01799	0.01727	0.02950	0.04462	0.69919	0.01727	0.02231	0.02231	0.01655	0.02375	0.01367	0.01799	0.01151	0.00648	0.00720	0.00216	0.00864	0.00648	0.00360	0.01151
8	0.01163	0.00831	0.01160	0.01314	0.01482	0.00828	0.01143	0.01498	0.01696	0.02218	0.07657	0.08039	0.04338	0.01978	0.00996	0.00329	0.00650	0.61333	0.00677	0.00670
9	0.01590	0.01590	0.02226	0.01908	0.01908	0.02226	0.01590	0.01749	0.01113	0.01749	0.00954	0.01590	0.00954	0.01272	0.02385	0.00318	0.73123	0.00636	0.00318	0.00795
10	0.79588	0.01406	0.01068	0.00956	0.01406	0.01631	0.00787	0.02137	0.01237	0.03261	0.01012	0.01181	0.00787	0.00675	0.00450	0.00225	0.00562	0.00394	0.00450	0.00787
11	0.01519	0.01441	0.02444	0.49336	0.27236	0.01653	0.02091	0.01985	0.01523	0.02034	0.01318	0.01890	0.01031	0.00700	0.00724	0.00233	0.00933	0.00647	0.00336	0.00925
12	0.00915	0.00650	0.00860	0.01017	0.01064	0.00613	0.00689	0.01045	0.01386	0.01844	0.03878	0.65174	0.04620	0.07261	0.01124	0.00326	0.00456	0.05835	0.00658	0.00585
13	0.02734	0.01122	0.01509	0.01196	0.01671	0.00976	0.00973	0.03021	0.02055	0.54679	0.15257	0.03240	0.06117	0.01054	0.00760	0.00227	0.00556	0.00878	0.00870	0.01105
14	0.01337	0.00683	0.00706	0.00706	0.00873	0.00691	0.00531	0.01671	0.01504	0.02651	0.02347	0.02718	0.01860	0.01114	0.04628	0.00227	0.00432	0.00683	0.73962	0.00676
15	0.79588	0.01406	0.01068	0.00956	0.01406	0.01631	0.00787	0.02137	0.01237	0.03261	0.01012	0.01181	0.00787	0.00675	0.00450	0.00225	0.00562	0.00394	0.00450	0.00787
16	0.01392	0.01312	0.02216	0.69556	0.08003	0.01620	0.02029	0.01874	0.01463	0.01881	0.01295	0.01932	0.00977	0.00723	0.00726	0.00241	0.00964	0.00646	0.00325	0.00823
17	0.01507	0.01292	0.01507	0.01077	0.01723	0.00969	0.00861	0.01830	0.01507	0.02369	0.01292	0.01507	0.01077	0.00538	0.00538	0.00108	0.00538	0.00431	0.00431	0.78898
18	0.00886	0.00633	0.00843	0.01012	0.01054	0.00590	0.00675	0.01012	0.01392	0.01856	0.04006	0.73979	0.04808	0.02277	0.00928	0.00295	0.00422	0.02066	0.00675	0.00590
19	0.01066	0.00787	0.01003	0.00950	0.01136	0.00744	0.00720	0.01489	0.05362	0.02863	0.61869	0.05439	0.08792	0.01490	0.00856	0.00234	0.00366	0.03339	0.00788	0.00706
20	0.01029	0.00743	0.00972	0.00914	0.01086	0.00686	0.00686	0.01372	0.02058	0.02915	0.69536	0.05430	0.06859	0.01486	0.00857	0.00229	0.00343	0.01315	0.00800	0.00686
21	0.01373	0.01292	0.02180	0.72707	0.05006	0.01615	0.02019	0.01857	0.01453	0.01857	0.01292	0.01938	0.00969	0.00727	0.00727	0.00242	0.00969	0.00646	0.00323	0.00807
22	0.00892	0.00638	0.00849	0.01008	0.01056	0.00595	0.00675	0.01029	0.01422	0.01904	0.07027	0.70819	0.04902	0.02241	0.00925	0.00292	0.00418	0.02032	0.00681	0.00595
23	0.03216	0.01309	0.01732	0.01328	0.01892	0.01176	0.01097	0.09326	0.02201	0.64469	0.02766	0.02408	0.01748	0.00897	0.00731	0.00224	0.00635	0.00724	0.00884	0.01237
24	0.08049	0.02053	0.02125	0.01730	0.04542	0.05660	0.01371	0.57472	0.03138	0.04273	0.01650	0.01686	0.01187	0.00845	0.00704	0.00217	0.00811	0.00627	0.00678	0.01182
25	0.01458	0.03760	0.70688	0.02072	0.03146	0.01688	0.02686	0.02302	0.01535	0.02302	0.01304	0.01535	0.00921	0.00691	0.00691	0.00230	0.01074	0.00537	0.00307	0.01074
26	0.01768	0.01695	0.02894	0.09495	0.65132	0.01719	0.02215	0.02203	0.01640	0.02337	0.01362	0.01809	0.01138	0.00654	0.00720	0.00218	0.00871	0.00648	0.00357	0.01126
27	0.01382	0.09799	0.01737	0.01313	0.01559	0.01343	0.04741	0.07453	0.01476	0.02067	0.01956	0.08780	0.01866	0.05856	0.34996	0.00696	0.05551	0.00834	0.05842	0.00752
28	0.01326	0.00783	0.01030	0.01061	0.01226	0.00707	0.00756	0.01491	0.01500	0.12845	0.03546	0.51075	0.03939	0.06385	0.01047	0.00299	0.00488	0.04353	0.00681	0.05462
29	0.01241	0.01678	0.22189	0.01347	0.01785	0.01014	0.01366	0.01668	0.01645	0.04992	0.16262	0.14495	0.08869	0.05901	0.01010	0.00287	0.00668	0.12209	0.00582	0.00789
30	0.01614	0.17132	0.52183	0.01951	0.02895	0.04873	0.05222	0.02305	0.01554	0.02169	0.01249	0.01474	0.00932	0.00677	0.00654	0.00215	0.01035	0.00520	0.00313	0.01034
31	0.21056	0.03715	0.04622	0.01300	0.01783	0.01563	0.01102	0.09469	0.19250	0.17558	0.05051	0.02523	0.03923	0.00938	0.00673	0.00233	0.00620	0.02924	0.00668	0.01028
32	0.02636	0.01243	0.01592	0.01263	0.01757	0.01133	0.01021	0.08777	0.05179	0.44809	0.09312	0.06990	0.02392	0.01013	0.00739	0.00220	0.00587	0.00842	0.00814	0.07682
33	0.14636	0.09877	0.23361	0.01754	0.02369	0.04825	0.06687	0.04911	0.01568	0.08708	0.01333	0.01567	0.01015	0.00805	0.00939	0.00235	0.13467	0.00560	0.00412	0.00969

[dist]
# distance from previous block
# <min> <max>
15	23

[block]
# block no. 2 follows, 28 sequences, length 26
# corresponding to MSA columns:
# 183-208
name=unknown_C
#
# <colnr> <probs for GDERKNQSTAVLIFYWHMCP>
#	G	D	E	R	K	N	Q	S	T	A	V	L	I	F	Y	W	H	M	C	P
0	0.33184	0.01764	0.01707	0.07811	0.02148	0.05235	0.01193	0.29463	0.05365	0.03603	0.01440	0.01563	0.01065	0.00780	0.00614	0.00223	0.00734	0.00549	0.00564	0.00996
1	0.12295	0.01668	0.01662	0.01365	0.01825	0.04951	0.01101	0.31684	0.11872	0.07382	0.02203	0.02204	0.04626	0.00901	0.00667	0.00217	0.00670	0.00684	0.10979	0.01045
2	0.08743	0.01795	0.01927	0.01531	0.02052	0.01970	0.01262	0.49520	0.04877	0.04018	0.01828	0.02140	0.01419	0.01162	0.04671	0.00274	0.00817	0.04240	0.00668	0.05087
3	0.59814	0.01573	0.05588	0.01233	0.01757	0.01587	0.06350	0.02323	0.01390	0.10811	0.01279	0.01414	0.00937	0.00696	0.00530	0.00227	0.00654	0.00479	0.00486	0.00872
4	0.01646	0.01861	0.04000	0.02874	0.03570	0.01738	0.61844	0.02224	0.01711	0.02299	0.01951	0.02371	0.06685	0.00713	0.00858	0.00245	0.01156	0.00913	0.00393	0.00951
5	0.01175	0.00894	0.01129	0.01218	0.01415	0.00902	0.01005	0.01698	0.10647	0.02262	0.07325	0.14189	0.13378	0.01851	0.00933	0.00301	0.00572	0.37701	0.00686	0.00718
6	0.02677	0.02182	0.02080	0.01667	0.02195	0.13556	0.01346	0.47011	0.10094	0.07099	0.01826	0.01812	0.01319	0.00866	0.00717	0.00216	0.00851	0.00645	0.00679	0.01162
7	0.01434	0.01355	0.02291	0.62854	0.14378	0.01631	0.02049	0.01911	0.01483	0.01932	0.01303	0.01918	0.00995	0.00715	0.00726	0.00238	0.00954	0.00646	0.00328	0.00857
8	0.08220	0.09434	0.02124	0.01541	0.02056	0.10440	0.01265	0.37085	0.11985	0.03552	0.01902	0.01905	0.03585	0.00866	0.00678	0.00214	0.00795	0.00639	0.00622	0.01092
9	0.02878	0.05736	0.10804	0.01419	0.02047	0.01339	0.01308	0.06784	0.04265	0.51907	0.02503	0.02247	0.01620	0.00858	0.00711	0.00222	0.00695	0.00686	0.00775	0.01196
10	0.01799	0.01727	0.02950	0.04462	0.69919	0.01727	0.02231	0.02231	0.01655	0.02375	0.01367	0.01799	0.01151	0.00648	0.00720	0.00216	0.00864	0.00648	0.00360	0.01151
11	0.00881	0.00737	0.00767	0.00760	0.00995	0.00623	0.00570	0.01086	0.01709	0.02087	0.15449	0.06792	0.61462	0.01795	0.00859	0.00243	0.00365	0.01506	0.00691	0.00623
12	0.03194	0.01252	0.01685	0.01302	0.01857	0.01102	0.01072	0.03557	0.05149	0.67314	0.02872	0.02485	0.01819	0.00904	0.00731	0.00226	0.00617	0.00735	0.00892	0.01233
13	0.03173	0.01267	0.01763	0.01484	0.05949	0.01108	0.01138	0.03464	0.02055	0.66331	0.02778	0.02434	0.01760	0.00885	0.00730	0.00224	0.00633	0.00726	0.00867	0.01232
14	0.00859	0.00736	0.00736	0.00736	0.00982	0.00614	0.00552	0.01043	0.01657	0.01964	0.07364	0.06996	0.69624	0.01841	0.00859	0.00245	0.00368	0.01534	0.00675	0.00614
15	0.01779	0.01707	0.02915	0.07607	0.66928	0.01722	0.02221	0.02214	0.01646	0.02351	0.01364	0.01805	0.01143	0.00651	0.00720	0.00217	0.00868	0.00648	0.00358	0.01136
16	0.02715	0.03464	0.02060	0.01873	0.02247	0.71536	0.01404	0.02903	0.02060	0.01779	0.01124	0.01311	0.00936	0.00749	0.00655	0.00187	0.01311	0.00468	0.00375	0.00843
17	0.01799	0.01727	0.02950	0.04462	0.69919	0.01727	0.02231	0.02231	0.01655	0.02375	0.01367	0.01799	0.01151	0.00648	0.00720	0.00216	0.00864	0.00648	0.00360	0.01151
18	0.00886	0.00633	0.00843	0.01012	0.01054	0.00590	0.00675	0.01012	0.01392	0.01856	0.04006	0.73979	0.04808	0.02277	0.00928	0.00295	0.00422	0.02066	0.00675	0.00590
19	0.01748	0.01675	0.02859	0.12597	0.62181	0.01714	0.02206	0.02186	0.01631	0.02313	0.01358	0.01816	0.01130	0.00657	0.00720	0.00219	0.00876	0.00647	0.00355	0.01110
20	0.02844	0.05179	0.03915	0.01369	0.01922	0.01390	0.01160	0.10448	0.10392	0.47452	0.04440	0.02409	0.01857	0.00903	0.00720	0.00224	0.00647	0.00726	0.00810	0.01191
21	0.00978	0.00699	0.00950	0.01118	0.01201	0.00670	0.00836	0.01173	0.01483	0.01959	0.03955	0.52612	0.04605	0.02190	0.00953	0.00308	0.00502	0.22518	0.00673	0.00616
22	0.01534	0.14897	0.60216	0.01942	0.02946	0.01874	0.02460	0.02282	0.01526	0.02209	0.01258	0.01477	0.00923	0.00680	0.00656	0.00219	0.01028	0.00514	0.00308	0.01052
23	0.08202	0.09352	0.59265	0.01909	0.02892	0.01780	0.02405	0.02278	0.01504	0.02336	0.01255	0.01474	0.00910	0.00684	0.00652	0.00224	0.01006	0.00513	0.00320	0.01038
24	0.08344	0.18420	0.43922	0.01832	0.02717	0.01969	0.05445	0.05375	0.01596	0.02369	0.01247	0.01458	0.00936	0.00679	0.00633	0.00214	0.00962	0.00515	0.00343	0.01023
25	0.17681	0.08186	0.19711	0.06965	0.02489	0.13018	0.01639	0.17283	0.01980	0.02855	0.01294	0.01478	0.00973	0.00736	0.00630	0.00215	0.00915	0.00521	0.00444	0.00986

[dist]
# distance from previous block
# <min> <max>
9	32

# created by:
# /st0/software/busco_prod/Augustus/scripts/msa2prfl.pl ./align_prep/165047.fa
