[name]
unknown

[dist]
# distance from previous block
# <min> <max>
22	31

[block]
# block no. 0 follows, 28 sequences, length 26
# corresponding to MSA columns:
# 40-65
name=unknown_A
#
# <colnr> <probs for GDERKNQSTAVLIFYWHMCP>
#	G	D	E	R	K	N	Q	S	T	A	V	L	I	F	Y	W	H	M	C	P
0	0.26189	0.16101	0.14224	0.01495	0.04584	0.07181	0.01380	0.07404	0.01651	0.06336	0.01264	0.01412	0.00975	0.00690	0.00565	0.00200	0.00783	0.00475	0.00434	0.06655
1	0.16078	0.04096	0.01493	0.01216	0.01639	0.01311	0.00998	0.07723	0.08604	0.19662	0.05864	0.07071	0.04841	0.01120	0.00716	0.00235	0.00593	0.09572	0.00675	0.06493
2	0.25987	0.24536	0.06178	0.02023	0.13261	0.02071	0.12230	0.02204	0.01474	0.02432	0.01160	0.01424	0.00951	0.00644	0.00578	0.00205	0.00813	0.00517	0.00371	0.00938
3	0.01082	0.00811	0.01064	0.01063	0.03689	0.00765	0.00757	0.01489	0.04560	0.02871	0.62617	0.05237	0.08324	0.01446	0.00848	0.00229	0.00372	0.01277	0.00778	0.00719
4	0.00968	0.00787	0.00843	0.00853	0.01084	0.00697	0.00657	0.03226	0.01685	0.02050	0.06445	0.08824	0.54662	0.04614	0.00984	0.00275	0.00435	0.09610	0.00667	0.00633
5	0.01619	0.01638	0.02194	0.04651	0.02073	0.05852	0.03828	0.01888	0.03821	0.01821	0.01139	0.01730	0.01066	0.01468	0.06732	0.00359	0.56316	0.00652	0.00344	0.00809
6	0.01001	0.00731	0.00941	0.00911	0.01075	0.00671	0.00675	0.01310	0.01959	0.02734	0.58074	0.12596	0.11419	0.01594	0.00865	0.00237	0.00353	0.01409	0.00778	0.00671
7	0.37889	0.04331	0.01553	0.01198	0.01699	0.01613	0.00993	0.14066	0.03638	0.21718	0.03701	0.01796	0.01363	0.00801	0.00595	0.00222	0.00622	0.00569	0.00634	0.01001
8	0.79588	0.01406	0.01068	0.00956	0.01406	0.01631	0.00787	0.02137	0.01237	0.03261	0.01012	0.01181	0.00787	0.00675	0.00450	0.00225	0.00562	0.00394	0.00450	0.00787
9	0.01775	0.01728	0.03024	0.07113	0.62119	0.01731	0.07313	0.02223	0.01652	0.02350	0.01372	0.01817	0.01140	0.00648	0.00731	0.00219	0.00896	0.00664	0.00359	0.01124
10	0.01029	0.00743	0.00972	0.00914	0.01086	0.00686	0.00686	0.01372	0.02058	0.02915	0.69536	0.05430	0.06859	0.01486	0.00857	0.00229	0.00343	0.01315	0.00800	0.00686
11	0.01026	0.00758	0.01051	0.01276	0.04401	0.00729	0.00915	0.01241	0.01511	0.01994	0.03946	0.45470	0.06680	0.02093	0.00942	0.00303	0.00526	0.23833	0.00658	0.00645
12	0.01355	0.00678	0.00678	0.00678	0.00847	0.00678	0.00508	0.01694	0.01524	0.02710	0.02371	0.02710	0.01863	0.00847	0.00508	0.00169	0.00339	0.00678	0.78489	0.00678
13	0.01716	0.01961	0.04289	0.03064	0.03799	0.01838	0.67279	0.02328	0.01716	0.02328	0.01471	0.01961	0.01103	0.00613	0.00858	0.00245	0.01225	0.00858	0.00368	0.00980
14	0.02004	0.69301	0.03672	0.01293	0.01896	0.08249	0.01256	0.02233	0.01523	0.01716	0.01019	0.01177	0.00933	0.00632	0.00481	0.00158	0.00819	0.00395	0.00316	0.00926
15	0.01355	0.00678	0.00678	0.00678	0.00847	0.00678	0.00508	0.01694	0.01524	0.02710	0.02371	0.02710	0.01863	0.00847	0.00508	0.00169	0.00339	0.00678	0.78489	0.00678
16	0.02041	0.01600	0.01712	0.01466	0.01893	0.01804	0.01149	0.19393	0.44634	0.05865	0.02602	0.02623	0.01993	0.06704	0.00968	0.00275	0.00643	0.00795	0.00719	0.01119
17	0.01598	0.01821	0.08269	0.03119	0.24014	0.01605	0.32138	0.02098	0.01635	0.02270	0.01807	0.12710	0.01662	0.00880	0.00813	0.00242	0.00980	0.00950	0.00407	0.00982
18	0.58292	0.01795	0.01359	0.01185	0.01640	0.12223	0.00955	0.10534	0.01637	0.03206	0.01122	0.01272	0.00867	0.00711	0.00516	0.00218	0.00705	0.00438	0.00474	0.00852
19	0.01164	0.00696	0.01044	0.01044	0.01101	0.00753	0.00753	0.01101	0.01044	0.01449	0.01563	0.02493	0.01506	0.03810	0.33019	0.44743	0.01209	0.00696	0.00348	0.00462
20	0.10356	0.16677	0.02368	0.01862	0.07371	0.43123	0.01382	0.02589	0.01796	0.01964	0.01103	0.01319	0.00938	0.00729	0.00670	0.00192	0.03853	0.00466	0.00367	0.00877
21	0.01518	0.06231	0.59191	0.02292	0.08896	0.01744	0.05586	0.02292	0.01551	0.02287	0.01306	0.01563	0.00950	0.00681	0.00692	0.00227	0.01052	0.00556	0.00314	0.01071
22	0.01263	0.00631	0.00947	0.00947	0.00947	0.00631	0.00631	0.00947	0.00947	0.01263	0.01263	0.02210	0.01263	0.02525	0.02841	0.78851	0.00631	0.00631	0.00316	0.00316
23	0.01208	0.00816	0.01015	0.00945	0.01166	0.00754	0.00715	0.01593	0.05188	0.08059	0.47651	0.07996	0.17095	0.01508	0.00845	0.00235	0.00383	0.01312	0.00778	0.00736
24	0.02208	0.13110	0.07690	0.01967	0.05018	0.34326	0.05127	0.04733	0.01770	0.01955	0.01140	0.01430	0.00966	0.00818	0.00975	0.00216	0.14764	0.00529	0.00361	0.00898
25	0.75818	0.01437	0.01123	0.00991	0.01447	0.01661	0.00816	0.05344	0.01344	0.03326	0.01048	0.01209	0.00809	0.00684	0.00463	0.00225	0.00574	0.00406	0.00463	0.00809

[dist]
# distance from previous block
# <min> <max>
0	1

[block]
# block no. 1 follows, 28 sequences, length 39
# corresponding to MSA columns:
# 67-105
name=unknown_B
#
# <colnr> <probs for GDERKNQSTAVLIFYWHMCP>
#	G	D	E	R	K	N	Q	S	T	A	V	L	I	F	Y	W	H	M	C	P
0	0.01864	0.02173	0.11219	0.09749	0.39062	0.09724	0.07753	0.05505	0.01760	0.02356	0.01352	0.01734	0.01082	0.00680	0.00722	0.00219	0.00978	0.00632	0.00370	0.01065
1	0.01620	0.01288	0.01519	0.01091	0.01731	0.00975	0.00875	0.01941	0.01544	0.06756	0.01394	0.01570	0.01123	0.00562	0.00551	0.00115	0.00543	0.00450	0.00461	0.73891
2	0.00875	0.00726	0.00769	0.00799	0.01013	0.00619	0.00594	0.01057	0.01620	0.01957	0.06747	0.16568	0.57820	0.01910	0.00875	0.00256	0.00388	0.04121	0.00675	0.00613
3	0.01744	0.01835	0.07574	0.04171	0.62974	0.01687	0.02206	0.02196	0.01647	0.02356	0.01564	0.01955	0.03434	0.00691	0.00722	0.00218	0.00862	0.00670	0.00367	0.01128
4	0.76131	0.04678	0.01190	0.00969	0.01426	0.01686	0.00808	0.02139	0.01248	0.03192	0.01012	0.01180	0.00794	0.00672	0.00451	0.00222	0.00572	0.00393	0.00444	0.00794
5	0.10871	0.01195	0.01314	0.01094	0.01482	0.01215	0.00879	0.16412	0.02092	0.18852	0.08738	0.02837	0.07017	0.00977	0.00659	0.00210	0.00532	0.00774	0.21912	0.00937
6	0.01524	0.01397	0.02152	0.09920	0.36966	0.01432	0.01647	0.02099	0.09359	0.02405	0.10845	0.03135	0.12092	0.00974	0.00760	0.00228	0.00703	0.00881	0.00501	0.00980
7	0.01020	0.00743	0.00959	0.00905	0.01081	0.00682	0.00679	0.01355	0.02037	0.02865	0.66278	0.05512	0.10147	0.01505	0.00857	0.00230	0.00344	0.01326	0.00794	0.00682
8	0.02763	0.02036	0.02182	0.01672	0.02254	0.02254	0.01382	0.67496	0.03418	0.04581	0.01745	0.01745	0.01236	0.00873	0.00727	0.00218	0.00800	0.00654	0.00727	0.01236
9	0.00920	0.00697	0.00849	0.00899	0.01042	0.00626	0.00641	0.01129	0.01671	0.02204	0.24555	0.33167	0.25145	0.01909	0.00886	0.00260	0.00382	0.01680	0.00712	0.00626
10	0.01808	0.01561	0.01644	0.01479	0.01890	0.01808	0.01151	0.03863	0.68606	0.03041	0.02959	0.02712	0.02219	0.00986	0.00740	0.00247	0.00575	0.00822	0.00740	0.01151
11	0.01355	0.00678	0.00678	0.00678	0.00847	0.00678	0.00508	0.01694	0.01524	0.02710	0.02371	0.02710	0.01863	0.00847	0.00508	0.00169	0.00339	0.00678	0.78489	0.00678
12	0.01094	0.00806	0.01141	0.01383	0.05106	0.00789	0.01035	0.01352	0.01562	0.02061	0.03774	0.33705	0.04261	0.02039	0.00958	0.00313	0.00583	0.36722	0.00654	0.00665
13	0.01943	0.74891	0.03809	0.01244	0.01866	0.02876	0.01244	0.02177	0.01477	0.01710	0.01011	0.01166	0.00933	0.00622	0.00466	0.00155	0.00777	0.00389	0.00311	0.00933
14	0.01689	0.14996	0.41457	0.02333	0.13005	0.06741	0.05472	0.02314	0.01589	0.02181	0.01261	0.01520	0.00968	0.00673	0.00664	0.00214	0.01018	0.00541	0.00323	0.01042
15	0.01387	0.01312	0.02183	0.67939	0.04798	0.01656	0.01990	0.01850	0.01431	0.01850	0.01269	0.01915	0.00968	0.00763	0.00838	0.00247	0.05828	0.00645	0.00323	0.00807
16	0.02032	0.01816	0.04277	0.23430	0.16443	0.05506	0.01756	0.26437	0.02246	0.02975	0.01500	0.01839	0.01143	0.00998	0.04209	0.00270	0.00954	0.00644	0.00486	0.01037
17	0.06654	0.01313	0.02130	0.65711	0.06822	0.01620	0.01943	0.01888	0.01445	0.01968	0.01276	0.01883	0.00963	0.00721	0.00708	0.00240	0.00938	0.00629	0.00333	0.00817
18	0.00993	0.00735	0.00926	0.00893	0.01068	0.00668	0.00664	0.01296	0.01950	0.02695	0.55438	0.10290	0.16498	0.01595	0.00862	0.00236	0.00352	0.01399	0.00772	0.00668
19	0.01266	0.00890	0.01181	0.08033	0.01654	0.00874	0.00977	0.03271	0.01841	0.06990	0.24553	0.05935	0.17610	0.01584	0.00877	0.00264	0.00537	0.20238	0.00694	0.00730
20	0.01105	0.00854	0.01299	0.01236	0.01380	0.00984	0.03550	0.01365	0.01198	0.01748	0.01920	0.02851	0.01793	0.08261	0.59107	0.01025	0.04954	0.00785	0.03923	0.00660
21	0.01038	0.00779	0.01168	0.01168	0.01298	0.00909	0.00909	0.01298	0.01168	0.01687	0.01947	0.02856	0.01817	0.05452	0.71573	0.01168	0.01947	0.00779	0.00389	0.00649
22	0.47126	0.01525	0.03532	0.03324	0.04819	0.03331	0.01052	0.02598	0.08114	0.15994	0.01597	0.01644	0.01153	0.00751	0.00565	0.00226	0.00634	0.00526	0.00551	0.00937
23	0.02667	0.01984	0.02181	0.06599	0.02445	0.02210	0.01426	0.62943	0.03281	0.04392	0.01714	0.01759	0.01218	0.00862	0.00727	0.00220	0.00812	0.00654	0.00699	0.01206
24	0.01943	0.74891	0.03809	0.01244	0.01866	0.02876	0.01244	0.02177	0.01477	0.01710	0.01011	0.01166	0.00933	0.00622	0.00466	0.00155	0.00777	0.00389	0.00311	0.00933
25	0.01495	0.05273	0.14878	0.01875	0.10715	0.01325	0.05984	0.02085	0.09588	0.06826	0.04634	0.24984	0.04697	0.01286	0.00789	0.00248	0.00703	0.01151	0.00552	0.00912
26	0.01861	0.01588	0.01673	0.01490	0.01910	0.01833	0.01163	0.07376	0.65007	0.03126	0.02892	0.02659	0.02165	0.00980	0.00739	0.00245	0.00588	0.00813	0.00739	0.01155
27	0.01943	0.74891	0.03809	0.01244	0.01866	0.02876	0.01244	0.02177	0.01477	0.01710	0.01011	0.01166	0.00933	0.00622	0.00466	0.00155	0.00777	0.00389	0.00311	0.00933
28	0.05381	0.11136	0.55385	0.02094	0.07554	0.01816	0.02406	0.02275	0.01522	0.02291	0.01263	0.01496	0.00932	0.00679	0.00657	0.00221	0.01003	0.00522	0.00318	0.01050
29	0.01792	0.06357	0.07816	0.10323	0.03925	0.01338	0.06326	0.02340	0.09350	0.17393	0.04855	0.20212	0.02469	0.01189	0.00773	0.00244	0.00700	0.01053	0.00606	0.00937
30	0.79588	0.01406	0.01068	0.00956	0.01406	0.01631	0.00787	0.02137	0.01237	0.03261	0.01012	0.01181	0.00787	0.00675	0.00450	0.00225	0.00562	0.00394	0.00450	0.00787
31	0.01714	0.04964	0.10520	0.02700	0.06986	0.01809	0.44686	0.05890	0.04072	0.02431	0.01841	0.02185	0.05134	0.00722	0.00806	0.00237	0.01076	0.00822	0.00409	0.00996
32	0.01053	0.00720	0.00872	0.00872	0.00900	0.00748	0.00540	0.01108	0.01081	0.01468	0.02218	0.04354	0.02468	0.59843	0.18071	0.00803	0.00968	0.00998	0.00430	0.00485
33	0.01926	0.41677	0.12743	0.01464	0.02047	0.16403	0.01430	0.02246	0.01630	0.01892	0.05871	0.01621	0.01383	0.00936	0.03783	0.00224	0.00951	0.00508	0.00361	0.00905
34	0.01008	0.00730	0.00973	0.01097	0.01218	0.00695	0.00848	0.01245	0.01608	0.02130	0.13466	0.35416	0.09638	0.02035	0.00941	0.00296	0.00497	0.24834	0.00691	0.00634
35	0.01530	0.01159	0.01316	0.04914	0.01688	0.01213	0.00978	0.04969	0.25390	0.08160	0.06508	0.04701	0.25841	0.01369	0.00808	0.00251	0.00538	0.07066	0.00703	0.00897
36	0.01047	0.00778	0.00949	0.00912	0.01101	0.00729	0.00681	0.01444	0.05596	0.02685	0.48493	0.09644	0.17048	0.01542	0.00842	0.00234	0.00365	0.01346	0.03873	0.00693
37	0.02509	0.16873	0.02465	0.01913	0.06815	0.47867	0.01429	0.08093	0.02034	0.02040	0.01170	0.01353	0.00975	0.00728	0.00630	0.00186	0.01136	0.00481	0.00391	0.00914
38	0.01847	0.01870	0.02798	0.10546	0.48642	0.08929	0.06259	0.02360	0.05373	0.02297	0.01429	0.01823	0.01167	0.00682	0.00724	0.00219	0.00927	0.00652	0.00379	0.01075

[dist]
# distance from previous block
# <min> <max>
1	2

[block]
# block no. 2 follows, 28 sequences, length 39
# corresponding to MSA columns:
# 108-146
name=unknown_C
#
# <colnr> <probs for GDERKNQSTAVLIFYWHMCP>
#	G	D	E	R	K	N	Q	S	T	A	V	L	I	F	Y	W	H	M	C	P
0	0.01040	0.00781	0.00876	0.00850	0.01070	0.00733	0.00647	0.03520	0.01684	0.02244	0.14406	0.05420	0.39559	0.02162	0.11284	0.00369	0.00610	0.01249	0.10837	0.00659
1	0.13544	0.02217	0.01748	0.01580	0.01838	0.32180	0.01235	0.02242	0.01575	0.02026	0.01255	0.01650	0.01095	0.01546	0.11394	0.00364	0.16817	0.00550	0.04357	0.00787
2	0.79588	0.01406	0.01068	0.00956	0.01406	0.01631	0.00787	0.02137	0.01237	0.03261	0.01012	0.01181	0.00787	0.00675	0.00450	0.00225	0.00562	0.00394	0.00450	0.00787
3	0.01799	0.01727	0.02950	0.04462	0.69919	0.01727	0.02231	0.02231	0.01655	0.02375	0.01367	0.01799	0.01151	0.00648	0.00720	0.00216	0.00864	0.00648	0.00360	0.01151
4	0.01677	0.10319	0.31639	0.02377	0.15150	0.04816	0.07054	0.02475	0.10384	0.02351	0.03877	0.01857	0.01355	0.00738	0.00696	0.00221	0.00935	0.00628	0.00398	0.01053
5	0.00887	0.00654	0.00831	0.00962	0.01044	0.00598	0.00655	0.01033	0.01464	0.01918	0.07340	0.60010	0.15599	0.02172	0.00913	0.00284	0.00410	0.01947	0.00680	0.00598
6	0.02012	0.12431	0.03032	0.03275	0.38027	0.14820	0.09234	0.04594	0.01772	0.02241	0.01296	0.01636	0.01078	0.00667	0.00688	0.00205	0.00973	0.00602	0.00369	0.01047
7	0.01832	0.01560	0.09919	0.01250	0.01877	0.01123	0.01126	0.02355	0.07720	0.16252	0.02271	0.02274	0.07014	0.00780	0.00641	0.00171	0.00609	0.00632	0.00559	0.40034
8	0.01792	0.02085	0.09530	0.03417	0.33764	0.06267	0.21468	0.02351	0.04306	0.02312	0.01420	0.01817	0.01134	0.00691	0.00834	0.00230	0.04459	0.00695	0.00371	0.01057
9	0.07745	0.04093	0.03781	0.09217	0.05030	0.12434	0.01217	0.09918	0.01781	0.02345	0.02424	0.27741	0.02560	0.01370	0.00773	0.00249	0.00749	0.05227	0.00539	0.00807
10	0.01355	0.00678	0.00678	0.00678	0.00847	0.00678	0.00508	0.01694	0.01524	0.02710	0.02371	0.02710	0.01863	0.00847	0.00508	0.00169	0.00339	0.00678	0.78489	0.00678
11	0.01809	0.01467	0.01535	0.01444	0.04825	0.07820	0.01021	0.22910	0.04900	0.02666	0.02193	0.13413	0.02168	0.19610	0.06071	0.02960	0.00828	0.00963	0.00564	0.00831
12	0.01043	0.00763	0.00983	0.00951	0.01116	0.00721	0.00704	0.01431	0.04794	0.02782	0.58177	0.14243	0.06395	0.01568	0.00862	0.00238	0.00363	0.01392	0.00781	0.00693
13	0.01373	0.01292	0.02180	0.72707	0.05006	0.01615	0.02019	0.01857	0.01453	0.01857	0.01292	0.01938	0.00969	0.00727	0.00727	0.00242	0.00969	0.00646	0.00323	0.00807
14	0.00884	0.00639	0.00837	0.00994	0.01050	0.00592	0.00667	0.01014	0.01409	0.01863	0.04222	0.69677	0.08971	0.02249	0.00923	0.00292	0.00418	0.02032	0.00675	0.00592
15	0.01029	0.00743	0.00972	0.00914	0.01086	0.00686	0.00686	0.01372	0.02058	0.02915	0.69536	0.05430	0.06859	0.01486	0.00857	0.00229	0.00343	0.01315	0.00800	0.00686
16	0.02763	0.02036	0.02182	0.01672	0.02254	0.02254	0.01382	0.67496	0.03418	0.04581	0.01745	0.01745	0.01236	0.00873	0.00727	0.00218	0.00800	0.00654	0.00727	0.01236
17	0.02763	0.02036	0.02182	0.01672	0.02254	0.02254	0.01382	0.67496	0.03418	0.04581	0.01745	0.01745	0.01236	0.00873	0.00727	0.00218	0.00800	0.00654	0.00727	0.01236
18	0.01525	0.01308	0.01515	0.01100	0.01732	0.01018	0.00878	0.01948	0.05394	0.02408	0.01389	0.01577	0.01143	0.00564	0.00550	0.00116	0.00540	0.00453	0.00449	0.74395
19	0.01883	0.62270	0.03537	0.01358	0.01873	0.02764	0.01303	0.02103	0.01414	0.01717	0.01001	0.01239	0.00937	0.00734	0.00797	0.00183	0.13234	0.00431	0.00312	0.00909
20	0.01877	0.01640	0.01966	0.01624	0.04947	0.11094	0.09569	0.03948	0.01722	0.10013	0.01808	0.10265	0.01593	0.00839	0.00677	0.00180	0.00752	0.00735	0.00502	0.34251
21	0.01785	0.05579	0.01627	0.01280	0.01654	0.01498	0.01022	0.16599	0.21739	0.06242	0.28459	0.03459	0.03716	0.01131	0.00766	0.00227	0.00547	0.00948	0.00743	0.00980
22	0.01355	0.00678	0.00678	0.00678	0.00847	0.00678	0.00508	0.01694	0.01524	0.02710	0.02371	0.02710	0.01863	0.00847	0.00508	0.00169	0.00339	0.00678	0.78489	0.00678
23	0.02685	0.06453	0.02142	0.01834	0.02231	0.64571	0.01396	0.06612	0.02113	0.01938	0.01155	0.01330	0.00954	0.00751	0.00651	0.00188	0.01258	0.00476	0.00392	0.00869
24	0.00879	0.00730	0.00769	0.00774	0.00998	0.00620	0.00575	0.01077	0.01684	0.02061	0.13931	0.11127	0.58614	0.01830	0.00863	0.00247	0.00369	0.01544	0.00689	0.00620
25	0.01908	0.01078	0.01375	0.01143	0.01579	0.00895	0.00894	0.02165	0.01674	0.24749	0.02649	0.21393	0.02446	0.01186	0.00726	0.00206	0.00540	0.03834	0.00661	0.28899
26	0.01848	0.01582	0.01666	0.01487	0.01906	0.01827	0.01160	0.06556	0.65847	0.03106	0.02907	0.02671	0.02177	0.00981	0.00739	0.00245	0.00585	0.00815	0.00739	0.01154
27	0.02261	0.45547	0.03090	0.01502	0.02022	0.31084	0.01310	0.02475	0.01716	0.01738	0.01057	0.01226	0.00934	0.00674	0.00544	0.00169	0.00997	0.00421	0.00337	0.00896
28	0.01135	0.00770	0.00875	0.00851	0.00884	0.00786	0.00506	0.04133	0.01171	0.01569	0.02249	0.04527	0.02538	0.67765	0.06804	0.00704	0.00768	0.01025	0.00451	0.00487
29	0.36436	0.01310	0.01418	0.01147	0.01660	0.01313	0.00946	0.02932	0.01714	0.41232	0.02061	0.01912	0.01359	0.00802	0.00609	0.00225	0.00594	0.00584	0.00704	0.01042
30	0.60628	0.01771	0.01289	0.01145	0.01589	0.14378	0.00918	0.02367	0.01442	0.07304	0.01152	0.01288	0.00879	0.00703	0.00505	0.00218	0.00703	0.00429	0.00465	0.00826
31	0.79588	0.01406	0.01068	0.00956	0.01406	0.01631	0.00787	0.02137	0.01237	0.03261	0.01012	0.01181	0.00787	0.00675	0.00450	0.00225	0.00562	0.00394	0.00450	0.00787
32	0.01627	0.01604	0.02931	0.12715	0.36049	0.01609	0.18754	0.02085	0.01627	0.02265	0.01776	0.05425	0.04011	0.00778	0.00764	0.00230	0.00913	0.00803	0.03032	0.00999
33	0.02275	0.01781	0.02075	0.09532	0.07862	0.01978	0.01435	0.41307	0.13165	0.03715	0.02181	0.02226	0.05315	0.00913	0.00736	0.00227	0.00763	0.00730	0.00653	0.01133
34	0.79588	0.01406	0.01068	0.00956	0.01406	0.01631	0.00787	0.02137	0.01237	0.03261	0.01012	0.01181	0.00787	0.00675	0.00450	0.00225	0.00562	0.00394	0.00450	0.00787
35	0.01126	0.00758	0.00975	0.00922	0.01099	0.00696	0.00681	0.01421	0.01930	0.06138	0.54146	0.09727	0.09729	0.06179	0.01037	0.00264	0.00387	0.01329	0.00767	0.00688
36	0.01805	0.01906	0.06094	0.03947	0.56059	0.06386	0.05015	0.02244	0.01698	0.02354	0.04497	0.01928	0.01387	0.00694	0.00726	0.00217	0.00896	0.00670	0.00379	0.01098
37	0.00917	0.00666	0.00877	0.01015	0.01088	0.00610	0.00684	0.01054	0.01398	0.01882	0.03868	0.70285	0.04618	0.02189	0.00908	0.00286	0.00428	0.01983	0.00662	0.04582
38	0.08588	0.01602	0.01750	0.10689	0.02201	0.10872	0.03267	0.06459	0.08217	0.02520	0.14024	0.02770	0.02361	0.01026	0.00941	0.00234	0.10264	0.04456	0.00525	0.07235

[dist]
# distance from previous block
# <min> <max>
3	4

[block]
# block no. 3 follows, 28 sequences, length 27
# corresponding to MSA columns:
# 151-177
name=unknown_D
#
# <colnr> <probs for GDERKNQSTAVLIFYWHMCP>
#	G	D	E	R	K	N	Q	S	T	A	V	L	I	F	Y	W	H	M	C	P
0	0.01524	0.01123	0.01329	0.01223	0.01487	0.01169	0.00960	0.18338	0.06546	0.03010	0.24802	0.15126	0.04218	0.04348	0.00962	0.00273	0.00553	0.11457	0.00724	0.00830
1	0.01130	0.00830	0.01037	0.00997	0.01194	0.00791	0.00767	0.05734	0.02014	0.02764	0.46332	0.10826	0.13005	0.01599	0.00869	0.00246	0.00416	0.07985	0.00758	0.00706
2	0.01042	0.00765	0.01100	0.01100	0.01206	0.00871	0.00823	0.01254	0.01148	0.01637	0.02010	0.03202	0.01968	0.18014	0.59217	0.01084	0.01721	0.00829	0.00399	0.00611
3	0.01426	0.01346	0.02276	0.64218	0.13081	0.01629	0.02045	0.01904	0.01479	0.01922	0.01301	0.01921	0.00992	0.00717	0.00726	0.00239	0.00956	0.00646	0.00328	0.00850
4	0.14646	0.55565	0.07883	0.01268	0.01891	0.02570	0.01272	0.04358	0.01506	0.02100	0.01055	0.01213	0.00918	0.00644	0.00488	0.00174	0.00763	0.00409	0.00347	0.00929
5	0.01006	0.00777	0.01095	0.01151	0.01282	0.00739	0.04245	0.01273	0.03949	0.02044	0.08543	0.49885	0.09276	0.02024	0.00917	0.00288	0.00491	0.09698	0.00669	0.00649
6	0.01120	0.00889	0.01068	0.01079	0.03251	0.00868	0.00773	0.01677	0.12477	0.02578	0.35010	0.12700	0.20632	0.01551	0.00843	0.00242	0.00410	0.01350	0.00734	0.00746
7	0.01770	0.01864	0.06681	0.04157	0.57950	0.01739	0.10579	0.02247	0.01657	0.02365	0.01377	0.01806	0.01133	0.00645	0.00736	0.00220	0.00921	0.00669	0.00358	0.01125
8	0.01060	0.00803	0.01180	0.01169	0.01285	0.00942	0.00901	0.01298	0.01158	0.01670	0.01935	0.02943	0.01844	0.10120	0.64319	0.01105	0.04445	0.00793	0.00390	0.00640
9	0.01407	0.01078	0.01601	0.03665	0.01769	0.01066	0.09391	0.02031	0.11577	0.07373	0.38136	0.04543	0.04658	0.01287	0.00842	0.00244	0.00560	0.07227	0.00715	0.00831
10	0.00963	0.00704	0.00913	0.00966	0.01088	0.00642	0.00681	0.01182	0.01663	0.02288	0.29355	0.42257	0.07948	0.01891	0.00884	0.00261	0.00394	0.01695	0.00714	0.03510
11	0.51499	0.08232	0.01689	0.01376	0.05982	0.04351	0.03144	0.06731	0.03524	0.03028	0.01174	0.01347	0.00925	0.00687	0.00521	0.00213	0.00666	0.00459	0.00453	0.03999
12	0.01628	0.01375	0.01569	0.01167	0.01779	0.01160	0.00932	0.06383	0.10219	0.02599	0.01535	0.01677	0.01233	0.00617	0.00576	0.00133	0.00560	0.00495	0.00490	0.63872
13	0.01045	0.00700	0.00796	0.00808	0.00811	0.00697	0.00456	0.01054	0.01080	0.01440	0.02408	0.09494	0.02791	0.69514	0.03510	0.00677	0.00685	0.01126	0.00456	0.00451
14	0.01041	0.00769	0.01120	0.01120	0.01233	0.00883	0.00849	0.01267	0.01154	0.01652	0.01991	0.03099	0.01923	0.14282	0.62887	0.01109	0.01788	0.00814	0.00396	0.00622
15	0.01041	0.00768	0.01111	0.01111	0.01221	0.00878	0.00837	0.01261	0.01151	0.01645	0.01999	0.03145	0.01943	0.15960	0.61237	0.01098	0.01758	0.00821	0.00397	0.00617
16	0.01808	0.01561	0.01644	0.01479	0.01890	0.01808	0.01151	0.03863	0.68606	0.03041	0.02959	0.02712	0.02219	0.00986	0.00740	0.00247	0.00575	0.00822	0.00740	0.01151
17	0.01951	0.01632	0.01724	0.01508	0.01945	0.01875	0.01185	0.13371	0.58865	0.03271	0.02777	0.02568	0.02072	0.00969	0.00738	0.00242	0.00609	0.00797	0.00738	0.01163
18	0.01507	0.01292	0.01507	0.01077	0.01723	0.00969	0.00861	0.01830	0.01507	0.02369	0.01292	0.01507	0.01077	0.00538	0.00538	0.00108	0.00538	0.00431	0.00431	0.78898
19	0.01238	0.00952	0.01320	0.10457	0.01953	0.01016	0.01232	0.01753	0.08652	0.02196	0.03442	0.12844	0.03623	0.01761	0.00934	0.00310	0.00675	0.44278	0.00633	0.00730
20	0.01355	0.00678	0.00678	0.00678	0.00847	0.00678	0.00508	0.01694	0.01524	0.02710	0.02371	0.02710	0.01863	0.00847	0.00508	0.00169	0.00339	0.00678	0.78489	0.00678
21	0.01862	0.42778	0.28609	0.01557	0.02343	0.02296	0.01769	0.02327	0.01544	0.07123	0.01261	0.01402	0.00994	0.00669	0.00570	0.00189	0.00876	0.00470	0.00354	0.01009
22	0.01623	0.07378	0.30895	0.02544	0.20289	0.01744	0.04659	0.02456	0.11615	0.02385	0.01726	0.02218	0.01402	0.00804	0.00718	0.00231	0.00903	0.04929	0.00412	0.01066
23	0.01504	0.01457	0.06123	0.01143	0.01818	0.01017	0.00983	0.01862	0.01509	0.02364	0.01293	0.01509	0.01066	0.00548	0.00548	0.00116	0.00574	0.00438	0.00422	0.73705
24	0.02065	0.41349	0.07749	0.01807	0.12144	0.05522	0.01450	0.02379	0.01615	0.10691	0.01346	0.01483	0.01085	0.00666	0.00567	0.00177	0.00800	0.00488	0.00404	0.06212
25	0.01730	0.10061	0.01710	0.01291	0.01661	0.01601	0.01026	0.02938	0.38179	0.07631	0.02947	0.03261	0.06798	0.09483	0.03674	0.00323	0.00657	0.03406	0.00647	0.00976
26	0.07902	0.10345	0.21426	0.01697	0.02324	0.16457	0.01656	0.10648	0.14144	0.02605	0.01563	0.01666	0.01193	0.00785	0.00695	0.00217	0.02632	0.00565	0.00463	0.01017

[dist]
# distance from previous block
# <min> <max>
0	20

# created by:
# /st0/software/busco_prod/Augustus/scripts/msa2prfl.pl ./align_prep/165282.fa
