[name]
unknown

[dist]
# distance from previous block
# <min> <max>
49	70

[block]
# block no. 0 follows, 29 sequences, length 7
# corresponding to MSA columns:
# 97-103
name=unknown_A
#
# <colnr> <probs for GDERKNQSTAVLIFYWHMCP>
#	G	D	E	R	K	N	Q	S	T	A	V	L	I	F	Y	W	H	M	C	P
0	0.01704	0.01927	0.06479	0.11609	0.10760	0.17648	0.05890	0.03741	0.03878	0.02030	0.01982	0.06619	0.06626	0.06485	0.01011	0.00254	0.04492	0.00772	0.00420	0.05675
1	0.01248	0.01158	0.01523	0.01512	0.04998	0.05258	0.05136	0.01452	0.01424	0.01895	0.03074	0.33388	0.09710	0.01633	0.01158	0.00271	0.15743	0.05142	0.00528	0.03749
2	0.01073	0.00905	0.01126	0.01065	0.01206	0.00967	0.00801	0.01236	0.01378	0.01851	0.06852	0.18486	0.24259	0.10443	0.04987	0.00352	0.15321	0.01256	0.00539	0.05895
3	0.01359	0.01074	0.01448	0.01434	0.05991	0.01218	0.01038	0.01556	0.01467	0.07647	0.11805	0.13410	0.16740	0.06232	0.01480	0.00293	0.23404	0.01118	0.00550	0.00737
4	0.01567	0.06344	0.02278	0.06077	0.02104	0.04435	0.05107	0.01775	0.01227	0.01775	0.01186	0.06055	0.01178	0.01158	0.01833	0.00281	0.51321	0.00694	0.00341	0.03266
5	0.01504	0.01290	0.01489	0.01091	0.01703	0.01026	0.00870	0.01978	0.07790	0.02382	0.01418	0.01587	0.01159	0.00568	0.00546	0.00118	0.00531	0.00458	0.00450	0.72043
6	0.01175	0.00912	0.00987	0.00923	0.01166	0.00871	0.00690	0.11907	0.01854	0.02357	0.10570	0.14373	0.40200	0.07502	0.01051	0.00277	0.00460	0.01376	0.00661	0.00689

[dist]
# distance from previous block
# <min> <max>
8	17

[block]
# block no. 1 follows, 29 sequences, length 37
# corresponding to MSA columns:
# 125-161
name=unknown_B
#
# <colnr> <probs for GDERKNQSTAVLIFYWHMCP>
#	G	D	E	R	K	N	Q	S	T	A	V	L	I	F	Y	W	H	M	C	P
0	0.00901	0.00657	0.00823	0.00916	0.01000	0.00607	0.00621	0.01050	0.01458	0.01931	0.13439	0.47516	0.14429	0.09764	0.01177	0.00315	0.00424	0.01740	0.00654	0.00579
1	0.01904	0.75404	0.03731	0.01218	0.01828	0.02818	0.01218	0.02132	0.01447	0.01675	0.00990	0.01142	0.00914	0.00609	0.00457	0.00152	0.00761	0.00381	0.00305	0.00914
2	0.01771	0.01530	0.01610	0.01449	0.01852	0.01771	0.01127	0.03784	0.69247	0.02979	0.02898	0.02657	0.02174	0.00966	0.00725	0.00242	0.00564	0.00805	0.00725	0.01127
3	0.01681	0.01921	0.04202	0.03001	0.03721	0.01801	0.67947	0.02281	0.01681	0.02281	0.01441	0.01921	0.01080	0.00600	0.00840	0.00240	0.01200	0.00840	0.00360	0.00960
4	0.01806	0.01603	0.01626	0.01464	0.01865	0.04558	0.01137	0.03747	0.66583	0.02930	0.02827	0.02602	0.02124	0.00957	0.00721	0.00239	0.00592	0.00791	0.00710	0.01115
5	0.01136	0.00717	0.00855	0.00844	0.00902	0.00696	0.00524	0.01210	0.01261	0.05568	0.11686	0.12153	0.03332	0.52950	0.02789	0.00557	0.00608	0.01158	0.00530	0.00524
6	0.00860	0.00648	0.00797	0.00916	0.01013	0.00585	0.00627	0.01000	0.01436	0.01847	0.04847	0.55526	0.23098	0.02111	0.00890	0.00276	0.00398	0.01878	0.00661	0.00585
7	0.02310	0.01016	0.01369	0.01117	0.01513	0.00895	0.00895	0.02610	0.02029	0.43455	0.30048	0.03595	0.03767	0.01114	0.00766	0.00222	0.00497	0.00947	0.00842	0.00993
8	0.01719	0.01484	0.01560	0.01408	0.01801	0.01705	0.01094	0.03628	0.65421	0.02919	0.03142	0.02894	0.06025	0.01013	0.00731	0.00241	0.00552	0.00845	0.00721	0.01097
9	0.00911	0.00719	0.00790	0.00775	0.00965	0.00631	0.00562	0.01110	0.01652	0.02103	0.23387	0.06162	0.44591	0.11106	0.01198	0.00294	0.00396	0.01385	0.00664	0.00598
10	0.02707	0.01995	0.02137	0.01638	0.02208	0.02208	0.01353	0.68159	0.03348	0.04488	0.01710	0.01710	0.01211	0.00855	0.00712	0.00214	0.00784	0.00641	0.00712	0.01211
11	0.00983	0.00709	0.00930	0.00913	0.01058	0.00655	0.00670	0.01281	0.01900	0.02671	0.58402	0.17600	0.06362	0.01593	0.00852	0.00236	0.00350	0.01418	0.00762	0.00655
12	0.00912	0.00650	0.00852	0.00954	0.01022	0.00608	0.00647	0.01077	0.01492	0.02029	0.19306	0.53280	0.05027	0.07294	0.01088	0.00303	0.00415	0.01781	0.00673	0.00590
13	0.02184	0.01051	0.01369	0.01137	0.01521	0.00969	0.00905	0.02655	0.08663	0.37168	0.29632	0.03599	0.03776	0.01118	0.00766	0.00224	0.00494	0.00952	0.00827	0.00988
14	0.03195	0.01212	0.01652	0.01267	0.01818	0.01047	0.01047	0.03470	0.02038	0.71026	0.02809	0.02424	0.01763	0.00881	0.00716	0.00220	0.00606	0.00716	0.00881	0.01212
15	0.00842	0.00721	0.00721	0.00721	0.00962	0.00601	0.00541	0.01022	0.01623	0.01924	0.07213	0.06853	0.70244	0.01803	0.00842	0.00240	0.00361	0.01503	0.00661	0.00601
16	0.03082	0.01317	0.01709	0.01318	0.01866	0.01213	0.01086	0.11193	0.04782	0.60476	0.02682	0.02348	0.01713	0.00881	0.00716	0.00220	0.00625	0.00711	0.00855	0.01208
17	0.00868	0.00620	0.00826	0.00991	0.01033	0.00578	0.00661	0.00991	0.01363	0.01818	0.03925	0.74510	0.04710	0.02231	0.00909	0.00289	0.00413	0.02024	0.00661	0.00578
18	0.02707	0.01995	0.02137	0.01638	0.02208	0.02208	0.01353	0.68159	0.03348	0.04488	0.01710	0.01710	0.01211	0.00855	0.00712	0.00214	0.00784	0.00641	0.00712	0.01211
19	0.00868	0.00620	0.00826	0.00991	0.01033	0.00578	0.00661	0.00991	0.01363	0.01818	0.03925	0.74510	0.04710	0.02231	0.00909	0.00289	0.00413	0.02024	0.00661	0.00578
20	0.01033	0.00697	0.00809	0.00806	0.00824	0.00700	0.00474	0.01070	0.01108	0.01496	0.06829	0.04599	0.02823	0.66051	0.07312	0.00684	0.00735	0.01037	0.00453	0.00459
21	0.00868	0.00620	0.00826	0.00991	0.01033	0.00578	0.00661	0.00991	0.01363	0.01818	0.03925	0.74510	0.04710	0.02231	0.00909	0.00289	0.00413	0.02024	0.00661	0.00578
22	0.80005	0.01377	0.01047	0.00936	0.01377	0.01597	0.00771	0.02093	0.01212	0.03195	0.00991	0.01157	0.00771	0.00661	0.00441	0.00220	0.00551	0.00386	0.00441	0.00771
23	0.00903	0.00635	0.00816	0.00946	0.00979	0.00602	0.00612	0.01001	0.01294	0.01725	0.03569	0.59744	0.04261	0.17609	0.01483	0.00374	0.00472	0.01815	0.00612	0.00547
24	0.01762	0.01692	0.02890	0.04371	0.70533	0.01692	0.02185	0.02185	0.01621	0.02326	0.01339	0.01762	0.01128	0.00634	0.00705	0.00211	0.00846	0.00634	0.00352	0.01128
25	0.80005	0.01377	0.01047	0.00936	0.01377	0.01597	0.00771	0.02093	0.01212	0.03195	0.00991	0.01157	0.00771	0.00661	0.00441	0.00220	0.00551	0.00386	0.00441	0.00771
26	0.05073	0.67521	0.08189	0.01262	0.01894	0.02689	0.01296	0.02139	0.01441	0.01777	0.01009	0.01167	0.00907	0.00616	0.00471	0.00160	0.00773	0.00391	0.00310	0.00917
27	0.01477	0.01266	0.01477	0.01055	0.01687	0.00949	0.00844	0.01793	0.01477	0.02320	0.01266	0.01477	0.01055	0.00527	0.00527	0.00105	0.00527	0.00422	0.00422	0.79328
28	0.01008	0.00728	0.00952	0.00896	0.01064	0.00672	0.00672	0.01344	0.02016	0.02855	0.70158	0.05319	0.06719	0.01456	0.00840	0.00224	0.00336	0.01288	0.00784	0.00672
29	0.01594	0.01293	0.01510	0.01087	0.01714	0.01005	0.00873	0.04578	0.01575	0.05087	0.01344	0.01523	0.01089	0.00555	0.00542	0.00114	0.00541	0.00442	0.00452	0.73082
30	0.01327	0.00664	0.00664	0.00664	0.00830	0.00664	0.00498	0.01659	0.01493	0.02655	0.02323	0.02655	0.01825	0.00830	0.00498	0.00166	0.00332	0.00664	0.78928	0.00664
31	0.01710	0.31596	0.38871	0.01712	0.02553	0.02086	0.04494	0.02267	0.01514	0.05373	0.01246	0.01423	0.00955	0.00657	0.00599	0.00197	0.00922	0.00490	0.00333	0.01002
32	0.01365	0.01286	0.02172	0.69914	0.08095	0.01587	0.01988	0.01837	0.01433	0.01844	0.01269	0.01892	0.00958	0.00708	0.00712	0.00236	0.00944	0.00633	0.00318	0.00807
33	0.01327	0.00664	0.00664	0.00664	0.00830	0.00664	0.00498	0.01659	0.01493	0.02655	0.02323	0.02655	0.01825	0.00830	0.00498	0.00166	0.00332	0.00664	0.78928	0.00664
34	0.22519	0.01253	0.01500	0.01184	0.01707	0.01185	0.00977	0.03124	0.01830	0.53961	0.02352	0.02105	0.01513	0.00826	0.00647	0.00220	0.00592	0.00633	0.00770	0.01101
35	0.80005	0.01377	0.01047	0.00936	0.01377	0.01597	0.00771	0.02093	0.01212	0.03195	0.00991	0.01157	0.00771	0.00661	0.00441	0.00220	0.00551	0.00386	0.00441	0.00771
36	0.02660	0.03394	0.02018	0.01834	0.02201	0.72116	0.01376	0.02843	0.02018	0.01743	0.01101	0.01284	0.00917	0.00734	0.00642	0.00183	0.01284	0.00459	0.00367	0.00825

[dist]
# distance from previous block
# <min> <max>
0	2

[block]
# block no. 2 follows, 29 sequences, length 15
# corresponding to MSA columns:
# 164-178
name=unknown_C
#
# <colnr> <probs for GDERKNQSTAVLIFYWHMCP>
#	G	D	E	R	K	N	Q	S	T	A	V	L	I	F	Y	W	H	M	C	P
0	0.80005	0.01377	0.01047	0.00936	0.01377	0.01597	0.00771	0.02093	0.01212	0.03195	0.00991	0.01157	0.00771	0.00661	0.00441	0.00220	0.00551	0.00386	0.00441	0.00771
1	0.80005	0.01377	0.01047	0.00936	0.01377	0.01597	0.00771	0.02093	0.01212	0.03195	0.00991	0.01157	0.00771	0.00661	0.00441	0.00220	0.00551	0.00386	0.00441	0.00771
2	0.25506	0.01483	0.01439	0.01294	0.01708	0.01718	0.01019	0.03271	0.48607	0.03044	0.02320	0.02202	0.01748	0.00874	0.00638	0.00235	0.00560	0.00678	0.00638	0.01019
3	0.02049	0.01784	0.02662	0.03542	0.49805	0.01849	0.01933	0.22200	0.02145	0.02982	0.01452	0.01746	0.01153	0.00701	0.00707	0.00212	0.00827	0.00636	0.00462	0.01153
4	0.01502	0.23338	0.01594	0.00832	0.01132	0.01317	0.00716	0.01803	0.01479	0.02358	0.01918	0.02196	0.01549	0.00763	0.00485	0.00162	0.00462	0.00578	0.55075	0.00740
5	0.00957	0.00726	0.00882	0.00843	0.01033	0.00650	0.00632	0.01246	0.01897	0.02573	0.51062	0.05784	0.25991	0.01561	0.00840	0.00229	0.00343	0.01353	0.00747	0.00650
6	0.01027	0.00702	0.00830	0.00813	0.00864	0.00685	0.00504	0.01129	0.01333	0.01828	0.22847	0.04860	0.03842	0.52671	0.02780	0.00549	0.00583	0.01112	0.00538	0.00504
7	0.01462	0.00926	0.00951	0.00902	0.01140	0.01000	0.00689	0.02304	0.22048	0.02753	0.02497	0.02655	0.01931	0.00871	0.00567	0.00189	0.00402	0.00707	0.55203	0.00804
8	0.02281	0.12846	0.07057	0.01643	0.02148	0.21795	0.03516	0.27181	0.02330	0.02830	0.01609	0.08494	0.01396	0.00897	0.00677	0.00205	0.00918	0.00684	0.00512	0.00980
9	0.02231	0.24925	0.11447	0.01583	0.02171	0.16316	0.01465	0.24130	0.02188	0.02694	0.01318	0.01460	0.01040	0.00883	0.03006	0.00221	0.00949	0.00514	0.00454	0.01003
10	0.80005	0.01377	0.01047	0.00936	0.01377	0.01597	0.00771	0.02093	0.01212	0.03195	0.00991	0.01157	0.00771	0.00661	0.00441	0.00220	0.00551	0.00386	0.00441	0.00771
11	0.01536	0.01410	0.02361	0.03392	0.49521	0.01449	0.01792	0.01908	0.01477	0.02122	0.01512	0.02076	0.01326	0.02062	0.22381	0.00495	0.01168	0.00673	0.00361	0.00979
12	0.01055	0.00790	0.01018	0.01132	0.01320	0.00753	0.00963	0.01338	0.01634	0.02068	0.04815	0.07674	0.24165	0.01917	0.00940	0.00301	0.00566	0.46252	0.00657	0.00639
13	0.01698	0.01650	0.02647	0.03382	0.43000	0.01849	0.04416	0.02143	0.05575	0.02178	0.01315	0.01761	0.01131	0.00839	0.01206	0.00245	0.22936	0.00649	0.00363	0.01016
14	0.01911	0.02025	0.02273	0.02054	0.08416	0.24403	0.16199	0.02350	0.05941	0.05443	0.10749	0.04697	0.05371	0.00959	0.00759	0.00222	0.00931	0.03924	0.00499	0.00875

[dist]
# distance from previous block
# <min> <max>
0	14

[block]
# block no. 3 follows, 29 sequences, length 28
# corresponding to MSA columns:
# 193-220
name=unknown_D
#
# <colnr> <probs for GDERKNQSTAVLIFYWHMCP>
#	G	D	E	R	K	N	Q	S	T	A	V	L	I	F	Y	W	H	M	C	P
0	0.01332	0.09787	0.43911	0.01702	0.02431	0.01484	0.03891	0.01906	0.01466	0.02083	0.01962	0.20991	0.01926	0.01083	0.00722	0.00236	0.00858	0.00922	0.00399	0.00910
1	0.01633	0.01309	0.01548	0.01577	0.07072	0.01426	0.01129	0.14293	0.26833	0.02801	0.02926	0.22177	0.02796	0.01362	0.00797	0.00256	0.00595	0.07855	0.00669	0.00947
2	0.80005	0.01377	0.01047	0.00936	0.01377	0.01597	0.00771	0.02093	0.01212	0.03195	0.00991	0.01157	0.00771	0.00661	0.00441	0.00220	0.00551	0.00386	0.00441	0.00771
3	0.01121	0.00909	0.01378	0.20436	0.02255	0.00975	0.03420	0.03638	0.01493	0.01965	0.03033	0.41900	0.03383	0.01689	0.00856	0.00276	0.00626	0.09407	0.00560	0.00680
4	0.00981	0.00727	0.00914	0.00868	0.01047	0.00660	0.00651	0.01291	0.01952	0.02704	0.59938	0.05568	0.17032	0.01512	0.00840	0.00227	0.00340	0.01323	0.00764	0.00660
5	0.01912	0.45296	0.06002	0.01791	0.02419	0.10196	0.19117	0.02255	0.01575	0.01865	0.01133	0.01379	0.00958	0.00623	0.00588	0.00182	0.00947	0.00517	0.00326	0.00921
6	0.01683	0.01393	0.01026	0.00977	0.01196	0.19759	0.00732	0.01976	0.01633	0.02411	0.01996	0.02288	0.01582	0.00804	0.00536	0.00171	0.00586	0.00609	0.57934	0.00707
7	0.01721	0.01604	0.02469	0.10793	0.45318	0.01702	0.01881	0.02574	0.19673	0.02448	0.01748	0.02016	0.01389	0.00731	0.00711	0.00222	0.00781	0.00680	0.00448	0.01092
8	0.01081	0.00710	0.00858	0.00821	0.00994	0.00665	0.00616	0.01405	0.01848	0.02735	0.47511	0.04717	0.09971	0.01313	0.00749	0.00210	0.00337	0.01136	0.21658	0.00665
9	0.01354	0.01471	0.19537	0.01029	0.01431	0.00928	0.01068	0.01818	0.01496	0.02548	0.02044	0.02347	0.01578	0.00789	0.00546	0.00182	0.00524	0.00627	0.57916	0.00768
10	0.01740	0.01669	0.02849	0.08122	0.66960	0.01686	0.02174	0.02165	0.01611	0.02299	0.01335	0.01770	0.01118	0.00639	0.00705	0.00213	0.00852	0.00634	0.00351	0.01110
11	0.80005	0.01377	0.01047	0.00936	0.01377	0.01597	0.00771	0.02093	0.01212	0.03195	0.00991	0.01157	0.00771	0.00661	0.00441	0.00220	0.00551	0.00386	0.00441	0.00771
12	0.02718	0.01452	0.01737	0.01389	0.01904	0.01470	0.01129	0.16350	0.20258	0.39680	0.02615	0.02345	0.01763	0.00899	0.00718	0.00225	0.00630	0.00725	0.00806	0.01189
13	0.59041	0.01425	0.01350	0.01186	0.01509	0.01753	0.00981	0.01992	0.01179	0.02799	0.00976	0.01264	0.00815	0.00817	0.00947	0.00245	0.20091	0.00449	0.00406	0.00773
14	0.01077	0.00890	0.01225	0.01253	0.01296	0.01038	0.00942	0.01228	0.01295	0.01800	0.03007	0.47164	0.03505	0.02121	0.05174	0.00344	0.20086	0.05363	0.00552	0.00640
15	0.00868	0.00722	0.00759	0.00750	0.00978	0.00613	0.00562	0.01074	0.01686	0.02074	0.17374	0.06605	0.59990	0.01747	0.00841	0.00238	0.00357	0.01468	0.00681	0.00613
16	0.00978	0.00666	0.00794	0.00850	0.00865	0.00652	0.00510	0.01020	0.01148	0.01531	0.02820	0.28626	0.03316	0.50016	0.02693	0.00553	0.00595	0.01375	0.00510	0.00482
17	0.01303	0.00652	0.00734	0.00734	0.00856	0.00652	0.00530	0.01464	0.01342	0.02276	0.02033	0.02524	0.01668	0.01269	0.01108	0.21309	0.00408	0.00652	0.57918	0.00569
18	0.01608	0.01391	0.02341	0.05669	0.49819	0.01401	0.01760	0.01837	0.01430	0.02019	0.01310	0.01874	0.01151	0.01128	0.01260	0.21343	0.00788	0.00630	0.00340	0.00898
19	0.01747	0.01676	0.02863	0.06857	0.68165	0.01688	0.02178	0.02172	0.01614	0.02308	0.01337	0.01767	0.01121	0.00637	0.00705	0.00212	0.00850	0.00634	0.00351	0.01116
20	0.01204	0.00652	0.00707	0.00751	0.00884	0.00641	0.00541	0.01481	0.01459	0.02431	0.02751	0.21857	0.02596	0.01204	0.00608	0.00199	0.00354	0.01027	0.58012	0.00641
21	0.35710	0.01166	0.01158	0.02991	0.01464	0.01237	0.00818	0.04622	0.01565	0.19263	0.01814	0.01900	0.01310	0.00767	0.00539	0.00206	0.00525	0.00555	0.21527	0.00864
22	0.59098	0.01418	0.01197	0.01073	0.01504	0.01644	0.00866	0.02545	0.19393	0.03137	0.01501	0.01558	0.01146	0.00743	0.00517	0.00226	0.00554	0.00498	0.00517	0.00866
23	0.02707	0.01995	0.02137	0.01638	0.02208	0.02208	0.01353	0.68159	0.03348	0.04488	0.01710	0.01710	0.01211	0.00855	0.00712	0.00214	0.00784	0.00641	0.00712	0.01211
24	0.58979	0.01186	0.00944	0.00864	0.01231	0.01348	0.00698	0.01977	0.01287	0.03050	0.01347	0.01557	0.01053	0.00706	0.00456	0.00206	0.00492	0.00460	0.21415	0.00742
25	0.01022	0.00744	0.01046	0.01046	0.01139	0.00837	0.00768	0.01208	0.01115	0.01580	0.01997	0.03295	0.01996	0.23949	0.53840	0.01023	0.01582	0.00836	0.00395	0.00581
26	0.02291	0.01881	0.02635	0.04599	0.02660	0.02005	0.19147	0.44482	0.02712	0.03646	0.01632	0.01832	0.01197	0.01026	0.04637	0.00272	0.00962	0.00701	0.00586	0.01097
27	0.01537	0.01545	0.02873	0.37616	0.20659	0.01667	0.19658	0.02032	0.01541	0.02067	0.01330	0.01871	0.01028	0.00663	0.00745	0.00232	0.00991	0.00689	0.00337	0.00919

[dist]
# distance from previous block
# <min> <max>
0	2

# created by:
# /st0/software/busco_prod/Augustus/scripts/msa2prfl.pl ./align_prep/165385.fa
