[name]
unknown

[dist]
# distance from previous block
# <min> <max>
1	26

[block]
# block no. 0 follows, 26 sequences, length 9
# corresponding to MSA columns:
# 26-34
name=unknown_A
#
# <colnr> <probs for GDERKNQSTAVLIFYWHMCP>
#	G	D	E	R	K	N	Q	S	T	A	V	L	I	F	Y	W	H	M	C	P
0	0.17425	0.01605	0.01816	0.01465	0.01959	0.01712	0.05013	0.19622	0.14733	0.10499	0.02049	0.02305	0.01591	0.08413	0.01023	0.00282	0.00718	0.00712	0.00648	0.06411
1	0.01473	0.01017	0.01129	0.01051	0.01236	0.01066	0.00743	0.10895	0.08580	0.02563	0.08309	0.12298	0.03011	0.27349	0.01878	0.00416	0.00598	0.01098	0.14547	0.00742
2	0.06909	0.06707	0.01866	0.01407	0.01874	0.04732	0.01137	0.27322	0.10004	0.09074	0.02911	0.05694	0.11318	0.04562	0.00898	0.00258	0.00712	0.00878	0.00688	0.01051
3	0.01624	0.01129	0.01297	0.01221	0.01460	0.01186	0.00894	0.13119	0.12974	0.06383	0.03151	0.30448	0.03215	0.12167	0.01286	0.00336	0.00586	0.01359	0.05312	0.00853
4	0.02065	0.01486	0.01819	0.01470	0.01896	0.01549	0.05589	0.29978	0.02492	0.06135	0.07929	0.10049	0.02365	0.04146	0.04007	0.00292	0.00752	0.00931	0.10094	0.04957
5	0.02558	0.02103	0.02331	0.01823	0.02367	0.08026	0.06644	0.45759	0.02975	0.03929	0.01825	0.06042	0.01454	0.00967	0.00843	0.00231	0.03998	0.00760	0.00660	0.04704
6	0.01960	0.01414	0.01657	0.01392	0.01770	0.01517	0.01111	0.15579	0.12887	0.10467	0.08419	0.07835	0.07997	0.01195	0.00994	0.00242	0.09837	0.00937	0.04059	0.08731
7	0.01594	0.01143	0.01311	0.01153	0.01429	0.01170	0.00860	0.17255	0.01921	0.04793	0.03193	0.08460	0.13676	0.21389	0.12500	0.00523	0.00869	0.01062	0.00599	0.05100
8	0.01867	0.01348	0.01617	0.01331	0.01749	0.01333	0.01046	0.13943	0.04855	0.09575	0.02218	0.13880	0.02048	0.04844	0.05250	0.00300	0.06390	0.00898	0.00603	0.24904

[dist]
# distance from previous block
# <min> <max>
22	44

[block]
# block no. 1 follows, 26 sequences, length 13
# corresponding to MSA columns:
# 82-94
name=unknown_B
#
# <colnr> <probs for GDERKNQSTAVLIFYWHMCP>
#	G	D	E	R	K	N	Q	S	T	A	V	L	I	F	Y	W	H	M	C	P
0	0.07911	0.05314	0.11110	0.20711	0.12921	0.03881	0.01772	0.11385	0.01952	0.02762	0.11120	0.02324	0.01950	0.00870	0.00734	0.00234	0.00856	0.00722	0.00486	0.00986
1	0.35535	0.19656	0.13789	0.03828	0.02127	0.07214	0.01396	0.04653	0.01561	0.02719	0.01155	0.01352	0.00918	0.00709	0.00554	0.00215	0.00816	0.00460	0.00408	0.00932
2	0.27893	0.11974	0.02075	0.28526	0.03057	0.01897	0.01438	0.07395	0.01641	0.02697	0.04087	0.01775	0.01225	0.00770	0.00626	0.00231	0.00795	0.00576	0.00436	0.00886
3	0.21637	0.02057	0.01891	0.12972	0.05522	0.19339	0.01375	0.09376	0.01947	0.12409	0.01523	0.01694	0.01123	0.00783	0.00661	0.00222	0.00905	0.00567	0.00522	0.03476
4	0.49055	0.01730	0.05627	0.03921	0.01972	0.04010	0.03426	0.07365	0.01667	0.12874	0.01447	0.01559	0.01044	0.00757	0.00583	0.00235	0.00714	0.00522	0.00540	0.00954
5	0.01508	0.01414	0.02338	0.56399	0.14188	0.01651	0.02046	0.01993	0.01552	0.02057	0.01360	0.01967	0.01047	0.00731	0.00742	0.00238	0.00961	0.00657	0.00351	0.06799
6	0.07653	0.01562	0.02365	0.47242	0.04286	0.01833	0.07067	0.14247	0.01913	0.02633	0.01431	0.01925	0.01061	0.00774	0.00747	0.00247	0.00967	0.00674	0.00431	0.00941
7	0.01122	0.00958	0.01441	0.01223	0.01511	0.00867	0.10153	0.01469	0.01964	0.02642	0.39565	0.05650	0.25418	0.01534	0.00895	0.00247	0.00500	0.01374	0.00728	0.00737
8	0.01399	0.00825	0.01292	0.01522	0.10831	0.00825	0.00902	0.01183	0.01096	0.01486	0.01333	0.02243	0.01301	0.02350	0.02642	0.66621	0.00694	0.00661	0.00336	0.00456
9	0.01432	0.01348	0.02275	0.71520	0.05224	0.01685	0.02107	0.01938	0.01517	0.01938	0.01348	0.02022	0.01011	0.00758	0.00758	0.00253	0.01011	0.00674	0.00337	0.00843
10	0.01432	0.01348	0.02275	0.71520	0.05224	0.01685	0.02107	0.01938	0.01517	0.01938	0.01348	0.02022	0.01011	0.00758	0.00758	0.00253	0.01011	0.00674	0.00337	0.00843
11	0.01432	0.01348	0.02275	0.71520	0.05224	0.01685	0.02107	0.01938	0.01517	0.01938	0.01348	0.02022	0.01011	0.00758	0.00758	0.00253	0.01011	0.00674	0.00337	0.00843
12	0.01879	0.01771	0.02832	0.04092	0.56542	0.01817	0.02124	0.02636	0.13593	0.02604	0.01727	0.02050	0.01403	0.00740	0.00755	0.00231	0.00847	0.00709	0.00447	0.01201

[dist]
# distance from previous block
# <min> <max>
1	12

[block]
# block no. 2 follows, 26 sequences, length 69
# corresponding to MSA columns:
# 107-175
name=unknown_C
#
# <colnr> <probs for GDERKNQSTAVLIFYWHMCP>
#	G	D	E	R	K	N	Q	S	T	A	V	L	I	F	Y	W	H	M	C	P
0	0.01878	0.01531	0.01632	0.01453	0.01873	0.01715	0.01141	0.09159	0.49147	0.05223	0.03580	0.03474	0.10612	0.01161	0.00795	0.00257	0.00599	0.02879	0.00765	0.01125
1	0.01877	0.01802	0.03079	0.04656	0.68612	0.01802	0.02328	0.02328	0.01727	0.02478	0.01427	0.01877	0.01201	0.00676	0.00751	0.00225	0.00901	0.00676	0.00375	0.01201
2	0.01877	0.01802	0.03079	0.04656	0.68612	0.01802	0.02328	0.02328	0.01727	0.02478	0.01427	0.01877	0.01201	0.00676	0.00751	0.00225	0.00901	0.00676	0.00375	0.01201
3	0.02028	0.73799	0.03975	0.01298	0.01947	0.03001	0.01298	0.02271	0.01541	0.01785	0.01055	0.01217	0.00973	0.00649	0.00487	0.00162	0.00811	0.00406	0.00324	0.00973
4	0.01781	0.39760	0.35852	0.01719	0.02598	0.02397	0.02031	0.02335	0.01571	0.02085	0.01204	0.01404	0.00967	0.00684	0.00601	0.00200	0.00962	0.00481	0.00322	0.01045
5	0.01459	0.01183	0.01369	0.01417	0.01658	0.04960	0.01180	0.05203	0.11313	0.02445	0.03608	0.08809	0.06016	0.02084	0.06233	0.00382	0.00809	0.38396	0.00673	0.00804
6	0.01052	0.00766	0.00983	0.01113	0.01221	0.00732	0.00807	0.03863	0.01613	0.02119	0.04378	0.53490	0.10586	0.02228	0.00966	0.00307	0.00493	0.11918	0.00706	0.00660
7	0.01590	0.14928	0.07945	0.35973	0.03926	0.01892	0.12039	0.02076	0.01583	0.02055	0.01590	0.02044	0.03844	0.00755	0.00723	0.00229	0.00977	0.00679	0.00362	0.04790
8	0.01457	0.00923	0.01324	0.01231	0.01473	0.00977	0.00969	0.01737	0.01384	0.11592	0.02119	0.02815	0.01835	0.04610	0.54935	0.00992	0.01719	0.00778	0.00487	0.06645
9	0.04650	0.01749	0.02740	0.07191	0.47649	0.01806	0.02038	0.08987	0.01911	0.08835	0.01579	0.01914	0.01243	0.00754	0.00811	0.00232	0.03596	0.00675	0.00466	0.01174
10	0.01207	0.00933	0.01443	0.01473	0.01675	0.00910	0.07047	0.01539	0.01709	0.02253	0.06856	0.20875	0.04333	0.01993	0.01010	0.00327	0.00683	0.42343	0.00677	0.00712
11	0.04902	0.08779	0.51519	0.02207	0.03210	0.01876	0.12368	0.02389	0.01613	0.02403	0.01352	0.01626	0.00985	0.00702	0.00719	0.00237	0.01099	0.00594	0.00337	0.01082
12	0.01432	0.01348	0.02275	0.71520	0.05224	0.01685	0.02107	0.01938	0.01517	0.01938	0.01348	0.02022	0.01011	0.00758	0.00758	0.00253	0.01011	0.00674	0.00337	0.00843
13	0.01158	0.00938	0.01049	0.01001	0.01261	0.00912	0.00764	0.01785	0.14372	0.02618	0.27873	0.05915	0.32307	0.01627	0.00877	0.00253	0.00426	0.03326	0.00763	0.00775
14	0.01573	0.01348	0.01573	0.01123	0.01798	0.01011	0.00899	0.01910	0.01573	0.02472	0.01348	0.01573	0.01123	0.00562	0.00562	0.00112	0.00562	0.00449	0.00449	0.77980
15	0.01103	0.00735	0.00827	0.00827	0.00827	0.00735	0.00460	0.01103	0.01103	0.01471	0.02390	0.04964	0.02758	0.73343	0.03861	0.00735	0.00735	0.01103	0.00460	0.00460
16	0.00973	0.00697	0.00927	0.01044	0.01127	0.00651	0.00727	0.01169	0.01635	0.02222	0.19987	0.53728	0.05520	0.02161	0.00953	0.00293	0.00430	0.04376	0.00736	0.00644
17	0.01521	0.03923	0.69413	0.02162	0.03283	0.01762	0.02802	0.02402	0.01601	0.02402	0.01361	0.01601	0.00961	0.00721	0.00721	0.00240	0.01121	0.00560	0.00320	0.01121
18	0.01521	0.03923	0.69413	0.02162	0.03283	0.01762	0.02802	0.02402	0.01601	0.02402	0.01361	0.01601	0.00961	0.00721	0.00721	0.00240	0.01121	0.00560	0.00320	0.01121
19	0.01775	0.02016	0.04382	0.06119	0.04018	0.01908	0.63130	0.02409	0.01779	0.02409	0.01527	0.02045	0.01145	0.00644	0.00889	0.00256	0.01267	0.00886	0.00382	0.01015
20	0.01152	0.01086	0.06725	0.01093	0.01366	0.00868	0.00925	0.01642	0.05585	0.02929	0.54503	0.05338	0.08907	0.01487	0.00879	0.00244	0.00446	0.03276	0.00779	0.00772
21	0.01432	0.01348	0.02275	0.71520	0.05224	0.01685	0.02107	0.01938	0.01517	0.01938	0.01348	0.02022	0.01011	0.00758	0.00758	0.00253	0.01011	0.00674	0.00337	0.00843
22	0.01873	0.08416	0.03128	0.07144	0.59818	0.01908	0.02224	0.02306	0.01701	0.02392	0.01389	0.01823	0.01172	0.00677	0.00727	0.00221	0.00897	0.00651	0.00369	0.01165
23	0.00929	0.00770	0.00813	0.00802	0.01044	0.00654	0.00602	0.01151	0.01805	0.02230	0.18737	0.07001	0.57137	0.01853	0.00896	0.00253	0.00379	0.01559	0.00728	0.00654
24	0.01553	0.01429	0.02443	0.44802	0.21936	0.01630	0.04029	0.01971	0.01533	0.02042	0.01372	0.02010	0.01095	0.00905	0.00964	0.07401	0.00957	0.00680	0.00348	0.00898
25	0.05532	0.21235	0.49648	0.01888	0.02858	0.02068	0.02327	0.02361	0.01571	0.02298	0.01269	0.01487	0.00957	0.00702	0.00650	0.00220	0.01017	0.00514	0.00329	0.01069
26	0.31051	0.01698	0.08005	0.01496	0.02006	0.01627	0.08752	0.02600	0.18149	0.03081	0.12051	0.02452	0.02231	0.00911	0.00685	0.00244	0.00686	0.00743	0.00578	0.00952
27	0.78701	0.01467	0.01115	0.00997	0.01467	0.01702	0.00821	0.02230	0.01291	0.03403	0.01056	0.01232	0.00821	0.00704	0.00469	0.00235	0.00587	0.00411	0.00469	0.00821
28	0.01852	0.01937	0.06876	0.04420	0.60697	0.01808	0.06546	0.02339	0.01724	0.02471	0.01430	0.01873	0.01185	0.00676	0.00759	0.00228	0.00938	0.00684	0.00373	0.01185
29	0.00991	0.00746	0.01046	0.01120	0.01230	0.00693	0.03223	0.01189	0.01600	0.02146	0.14182	0.53535	0.08709	0.02145	0.00953	0.00294	0.00467	0.04369	0.00712	0.00652
30	0.01018	0.00733	0.00978	0.01112	0.01217	0.00694	0.00827	0.01238	0.01637	0.02184	0.13642	0.44602	0.07818	0.02168	0.00974	0.00306	0.00489	0.16988	0.00722	0.00652
31	0.14165	0.01632	0.01792	0.01540	0.02011	0.01841	0.04402	0.06996	0.46449	0.06943	0.02614	0.02470	0.01941	0.00947	0.00729	0.00251	0.00647	0.00774	0.00713	0.01142
32	0.01154	0.00835	0.01154	0.01304	0.01462	0.00835	0.01097	0.01460	0.01659	0.02169	0.04052	0.16099	0.07672	0.02452	0.07413	0.00419	0.00772	0.46636	0.00673	0.00683
33	0.02028	0.73799	0.03975	0.01298	0.01947	0.03001	0.01298	0.02271	0.01541	0.01785	0.01055	0.01217	0.00973	0.00649	0.00487	0.00162	0.00811	0.00406	0.00324	0.00973
34	0.00896	0.00768	0.00768	0.00768	0.01025	0.00640	0.00576	0.01089	0.01729	0.02049	0.07684	0.07300	0.68304	0.01921	0.00896	0.00256	0.00384	0.01601	0.00704	0.00640
35	0.01541	0.03595	0.59678	0.02137	0.03095	0.01843	0.02637	0.02318	0.01538	0.02318	0.01308	0.01610	0.00966	0.00809	0.00977	0.00254	0.11400	0.00575	0.00322	0.01079
36	0.01490	0.01438	0.02526	0.61471	0.08527	0.01713	0.08127	0.02005	0.01554	0.02013	0.01370	0.02017	0.01035	0.00743	0.00771	0.00252	0.01030	0.00695	0.00344	0.00879
37	0.00924	0.00660	0.00880	0.01056	0.01100	0.00616	0.00704	0.01056	0.01452	0.01936	0.04181	0.72848	0.05017	0.02376	0.00968	0.00308	0.00440	0.02156	0.00704	0.00616
38	0.01023	0.00773	0.01095	0.01400	0.07337	0.00735	0.00873	0.01192	0.01488	0.01998	0.03921	0.63950	0.04641	0.02209	0.00951	0.00302	0.00492	0.04272	0.00674	0.00673
39	0.00924	0.00660	0.00880	0.01056	0.01100	0.00616	0.00704	0.01056	0.01452	0.01936	0.04181	0.72848	0.05017	0.02376	0.00968	0.00308	0.00440	0.02156	0.00704	0.00616
40	0.02595	0.02133	0.02139	0.08282	0.02496	0.11993	0.01436	0.44891	0.02930	0.03769	0.01636	0.01819	0.01221	0.01036	0.00951	0.07384	0.00912	0.00652	0.00626	0.01100
41	0.01521	0.03923	0.69413	0.02162	0.03283	0.01762	0.02802	0.02402	0.01601	0.02402	0.01361	0.01601	0.00961	0.00721	0.00721	0.00240	0.01121	0.00560	0.00320	0.01121
42	0.02000	0.69897	0.07630	0.01346	0.02021	0.02932	0.01382	0.02279	0.01545	0.01819	0.01072	0.01238	0.00973	0.00653	0.00500	0.00167	0.00828	0.00414	0.00324	0.00982
43	0.02833	0.03615	0.02149	0.01954	0.02345	0.70298	0.01466	0.03029	0.02149	0.01856	0.01172	0.01368	0.00977	0.00782	0.00684	0.00195	0.01368	0.00489	0.00391	0.00879
44	0.01399	0.01295	0.02159	0.65019	0.04847	0.01596	0.01978	0.01891	0.01575	0.02040	0.07508	0.02358	0.01577	0.00831	0.00771	0.00251	0.00951	0.00738	0.00383	0.00831
45	0.01101	0.00743	0.00866	0.00866	0.00879	0.00756	0.00507	0.01128	0.01114	0.01499	0.02355	0.04770	0.02674	0.66740	0.10348	0.00783	0.00862	0.01075	0.00454	0.00481
46	0.01953	0.44103	0.18602	0.01471	0.02179	0.02327	0.01574	0.02358	0.01670	0.08393	0.07495	0.01844	0.01625	0.00776	0.00604	0.00194	0.00825	0.00564	0.00428	0.01014
47	0.01103	0.00735	0.00827	0.00827	0.00827	0.00735	0.00460	0.01103	0.01103	0.01471	0.02390	0.04964	0.02758	0.73343	0.03861	0.00735	0.00735	0.01103	0.00460	0.00460
48	0.01067	0.00775	0.01005	0.00948	0.01129	0.00713	0.00711	0.01419	0.02132	0.03006	0.66049	0.05724	0.09341	0.01564	0.00895	0.00239	0.00359	0.01380	0.00830	0.00713
49	0.02704	0.03406	0.02161	0.08363	0.02610	0.63977	0.01525	0.02928	0.02091	0.01864	0.01189	0.01428	0.00980	0.00779	0.00691	0.00201	0.01335	0.00506	0.00386	0.00876
50	0.06233	0.12988	0.40102	0.01896	0.02769	0.08332	0.02153	0.12292	0.01931	0.02692	0.01356	0.01541	0.01007	0.00745	0.00677	0.00223	0.01027	0.00543	0.00404	0.01088
51	0.00985	0.00762	0.00898	0.00885	0.01084	0.00675	0.00656	0.01252	0.01906	0.02520	0.36700	0.12546	0.32835	0.01783	0.00902	0.00252	0.00377	0.01541	0.00768	0.00675
52	0.03403	0.01291	0.01760	0.01350	0.01936	0.01115	0.01115	0.03697	0.02171	0.69137	0.02992	0.02582	0.01878	0.00939	0.00763	0.00235	0.00645	0.00763	0.00939	0.01291
53	0.03403	0.01291	0.01760	0.01350	0.01936	0.01115	0.01115	0.03697	0.02171	0.69137	0.02992	0.02582	0.01878	0.00939	0.00763	0.00235	0.00645	0.00763	0.00939	0.01291
54	0.01521	0.03923	0.69413	0.02162	0.03283	0.01762	0.02802	0.02402	0.01601	0.02402	0.01361	0.01601	0.00961	0.00721	0.00721	0.00240	0.01121	0.00560	0.00320	0.01121
55	0.03403	0.01291	0.01760	0.01350	0.01936	0.01115	0.01115	0.03697	0.02171	0.69137	0.02992	0.02582	0.01878	0.00939	0.00763	0.00235	0.00645	0.00763	0.00939	0.01291
56	0.02194	0.02303	0.02430	0.02968	0.29861	0.22019	0.01756	0.05053	0.18689	0.02548	0.01790	0.01969	0.01424	0.00805	0.00737	0.00225	0.00959	0.00667	0.00494	0.01109
57	0.01773	0.05853	0.48522	0.02241	0.03228	0.01772	0.14156	0.02529	0.01689	0.08898	0.01541	0.01765	0.01086	0.00724	0.00748	0.00240	0.01092	0.00636	0.00392	0.01114
58	0.01069	0.00799	0.01188	0.01204	0.01331	0.00918	0.00926	0.01327	0.01240	0.01777	0.02230	0.09416	0.02184	0.05384	0.63947	0.01135	0.01885	0.00936	0.00434	0.00672
59	0.01067	0.00775	0.01005	0.00948	0.01129	0.00713	0.00711	0.01419	0.02132	0.03006	0.66019	0.05725	0.09372	0.01564	0.00895	0.00239	0.00359	0.01380	0.00830	0.00713
60	0.01575	0.06119	0.60439	0.02385	0.09852	0.01808	0.02703	0.02390	0.01612	0.02388	0.01357	0.01616	0.00986	0.00714	0.00716	0.00236	0.01088	0.00567	0.00326	0.01124
61	0.02564	0.02777	0.02356	0.07723	0.14588	0.37322	0.01666	0.17014	0.02343	0.02634	0.01378	0.01612	0.01091	0.00790	0.00719	0.00212	0.01136	0.00580	0.00467	0.01027
62	0.02790	0.07404	0.02248	0.01919	0.02323	0.66665	0.01457	0.02988	0.02117	0.01852	0.01166	0.01360	0.00977	0.00774	0.00673	0.00194	0.01338	0.00484	0.00387	0.00884
63	0.01451	0.01348	0.02256	0.59572	0.10749	0.01624	0.02038	0.01939	0.01568	0.02040	0.03631	0.02454	0.01394	0.00843	0.00777	0.00255	0.00964	0.03858	0.00375	0.00864
64	0.02066	0.70482	0.03888	0.01329	0.01966	0.06183	0.01306	0.02307	0.01570	0.01788	0.01060	0.01224	0.00974	0.00655	0.00496	0.00164	0.00837	0.00410	0.00328	0.00969
65	0.01569	0.07712	0.62177	0.02248	0.06735	0.01833	0.02693	0.02391	0.01605	0.02372	0.01348	0.01595	0.00975	0.00714	0.00709	0.00235	0.01092	0.00558	0.00323	0.01117
66	0.01084	0.00813	0.01219	0.01219	0.01354	0.00948	0.00948	0.01354	0.01219	0.01761	0.02032	0.02980	0.01896	0.05689	0.70337	0.01219	0.02032	0.00813	0.00406	0.00677
67	0.78701	0.01467	0.01115	0.00997	0.01467	0.01702	0.00821	0.02230	0.01291	0.03403	0.01056	0.01232	0.00821	0.00704	0.00469	0.00235	0.00587	0.00411	0.00469	0.00821
68	0.64861	0.01467	0.01253	0.01077	0.01569	0.01641	0.00888	0.04896	0.01506	0.12995	0.01367	0.01451	0.00993	0.00746	0.00523	0.00234	0.00605	0.00472	0.00549	0.00908

[dist]
# distance from previous block
# <min> <max>
0	1

[block]
# block no. 3 follows, 26 sequences, length 40
# corresponding to MSA columns:
# 177-216
name=unknown_D
#
# <colnr> <probs for GDERKNQSTAVLIFYWHMCP>
#	G	D	E	R	K	N	Q	S	T	A	V	L	I	F	Y	W	H	M	C	P
0	0.01877	0.01802	0.03079	0.04656	0.68612	0.01802	0.02328	0.02328	0.01727	0.02478	0.01427	0.01877	0.01201	0.00676	0.00751	0.00225	0.00901	0.00676	0.00375	0.01201
1	0.01877	0.01802	0.03079	0.04656	0.68612	0.01802	0.02328	0.02328	0.01727	0.02478	0.01427	0.01877	0.01201	0.00676	0.00751	0.00225	0.00901	0.00676	0.00375	0.01201
2	0.03403	0.01291	0.01760	0.01350	0.01936	0.01115	0.01115	0.03697	0.02171	0.69137	0.02992	0.02582	0.01878	0.00939	0.00763	0.00235	0.00645	0.00763	0.00939	0.01291
3	0.00896	0.00768	0.00768	0.00768	0.01025	0.00640	0.00576	0.01089	0.01729	0.02049	0.07684	0.07300	0.68304	0.01921	0.00896	0.00256	0.00384	0.01601	0.00704	0.00640
4	0.00967	0.00678	0.00868	0.01001	0.01035	0.00645	0.00646	0.01067	0.01369	0.01825	0.03753	0.56632	0.04477	0.19329	0.01659	0.00410	0.00511	0.01905	0.00646	0.00579
5	0.01671	0.01693	0.02511	0.02096	0.02163	0.02288	0.07249	0.01878	0.01216	0.01878	0.01043	0.01693	0.01009	0.01268	0.02350	0.00325	0.65802	0.00684	0.00336	0.00847
6	0.01489	0.00867	0.01147	0.01025	0.01276	0.00787	0.00787	0.01835	0.02151	0.14816	0.56593	0.05116	0.06216	0.01442	0.00871	0.00238	0.00409	0.01263	0.00853	0.00818
7	0.00919	0.00679	0.00861	0.01006	0.01087	0.00620	0.00682	0.01062	0.01501	0.01956	0.04795	0.61350	0.16118	0.02296	0.00956	0.00299	0.00430	0.02059	0.00704	0.00620
8	0.02883	0.02125	0.02276	0.01745	0.02352	0.02352	0.01442	0.66082	0.03566	0.04780	0.01821	0.01821	0.01290	0.00911	0.00759	0.00228	0.00835	0.00683	0.00759	0.01290
9	0.02833	0.03615	0.02149	0.01954	0.02345	0.70298	0.01466	0.03029	0.02149	0.01856	0.01172	0.01368	0.00977	0.00782	0.00684	0.00195	0.01368	0.00489	0.00391	0.00879
10	0.01432	0.01348	0.02275	0.71520	0.05224	0.01685	0.02107	0.01938	0.01517	0.01938	0.01348	0.02022	0.01011	0.00758	0.00758	0.00253	0.01011	0.00674	0.00337	0.00843
11	0.01150	0.00826	0.01122	0.01183	0.01360	0.00797	0.00977	0.01504	0.01940	0.02643	0.35036	0.07159	0.05714	0.01832	0.00974	0.00296	0.00534	0.33482	0.00764	0.00707
12	0.02833	0.03615	0.02149	0.01954	0.02345	0.70298	0.01466	0.03029	0.02149	0.01856	0.01172	0.01368	0.00977	0.00782	0.00684	0.00195	0.01368	0.00489	0.00391	0.00879
13	0.01962	0.64703	0.12494	0.01410	0.02121	0.02840	0.01494	0.02288	0.01549	0.01865	0.01094	0.01267	0.00972	0.00658	0.00517	0.00172	0.00851	0.00426	0.00324	0.00993
14	0.02503	0.01203	0.01633	0.01385	0.01811	0.01116	0.02975	0.08579	0.02082	0.38413	0.03225	0.18043	0.02786	0.01380	0.00847	0.00265	0.00645	0.09221	0.00825	0.01064
15	0.78701	0.01467	0.01115	0.00997	0.01467	0.01702	0.00821	0.02230	0.01291	0.03403	0.01056	0.01232	0.00821	0.00704	0.00469	0.00235	0.00587	0.00411	0.00469	0.00821
16	0.01074	0.00749	0.00870	0.00861	0.00924	0.00733	0.00537	0.01164	0.01336	0.01787	0.12830	0.05223	0.10707	0.50935	0.06673	0.00633	0.00709	0.01183	0.00540	0.00530
17	0.01238	0.12650	0.01648	0.01214	0.01427	0.01272	0.00983	0.01492	0.01266	0.01752	0.01889	0.02784	0.01785	0.07931	0.55998	0.01026	0.01775	0.00760	0.00395	0.00715
18	0.01432	0.01348	0.02275	0.71520	0.05224	0.01685	0.02107	0.01938	0.01517	0.01938	0.01348	0.02022	0.01011	0.00758	0.00758	0.00253	0.01011	0.00674	0.00337	0.00843
19	0.01804	0.01394	0.01626	0.01200	0.01844	0.01141	0.00962	0.04485	0.07233	0.08385	0.01654	0.01775	0.01295	0.00646	0.00604	0.00139	0.00582	0.00519	0.00530	0.62184
20	0.01620	0.17549	0.56653	0.01993	0.03022	0.02003	0.02509	0.02377	0.01590	0.02282	0.01301	0.01526	0.00963	0.00707	0.00675	0.00225	0.01061	0.00530	0.00321	0.01092
21	0.07447	0.01334	0.01746	0.01347	0.01928	0.01197	0.01112	0.06139	0.02180	0.62987	0.02841	0.02478	0.01797	0.00925	0.00747	0.00234	0.00650	0.00741	0.00906	0.01265
22	0.01084	0.00813	0.01219	0.01219	0.01354	0.00948	0.00948	0.01354	0.01219	0.01761	0.02032	0.02980	0.01896	0.05689	0.70337	0.01219	0.02032	0.00813	0.00406	0.00677
23	0.01726	0.01642	0.15305	0.03494	0.02087	0.01179	0.03396	0.04409	0.01869	0.14954	0.11684	0.04524	0.06543	0.01665	0.06121	0.00342	0.00844	0.16644	0.00645	0.00928
24	0.01527	0.08064	0.53896	0.11091	0.03370	0.01795	0.02537	0.02298	0.01606	0.02324	0.03761	0.01778	0.01193	0.00751	0.00716	0.00237	0.01059	0.00594	0.00341	0.01060
25	0.02503	0.04670	0.08191	0.01645	0.02271	0.02018	0.01443	0.36021	0.14372	0.10267	0.02056	0.02014	0.01476	0.00881	0.00733	0.00224	0.00779	0.00683	0.00700	0.07053
26	0.02028	0.73799	0.03975	0.01298	0.01947	0.03001	0.01298	0.02271	0.01541	0.01785	0.01055	0.01217	0.00973	0.00649	0.00487	0.00162	0.00811	0.00406	0.00324	0.00973
27	0.01579	0.01372	0.01630	0.01189	0.01812	0.01110	0.00956	0.01904	0.01542	0.02423	0.01321	0.01579	0.01114	0.00620	0.00708	0.00129	0.05966	0.00466	0.00440	0.72140
28	0.01099	0.00753	0.00919	0.00919	0.00950	0.00785	0.00573	0.01162	0.01130	0.01538	0.02306	0.04501	0.02557	0.57578	0.19351	0.00848	0.01037	0.01035	0.00447	0.00510
29	0.01854	0.01806	0.03164	0.06916	0.61082	0.01808	0.07503	0.02322	0.01725	0.02455	0.01433	0.01896	0.01191	0.00676	0.00763	0.00229	0.00936	0.00694	0.00375	0.01174
30	0.01584	0.01389	0.01671	0.01236	0.01823	0.01182	0.00998	0.01899	0.01519	0.02388	0.01302	0.01584	0.01107	0.00661	0.00813	0.00141	0.09856	0.00477	0.00434	0.67936
31	0.68572	0.01376	0.01070	0.00968	0.01409	0.01563	0.00790	0.02081	0.01348	0.03227	0.01919	0.02022	0.09607	0.00863	0.00525	0.00237	0.00560	0.00566	0.00500	0.00798
32	0.01614	0.01385	0.01591	0.01178	0.01820	0.01125	0.00938	0.02186	0.10122	0.02563	0.01575	0.01737	0.01279	0.00623	0.00589	0.00131	0.00567	0.00503	0.00491	0.67984
33	0.41020	0.03633	0.01785	0.01745	0.10426	0.01915	0.01243	0.07934	0.08431	0.03110	0.01375	0.01595	0.01097	0.00839	0.00849	0.00247	0.10757	0.00551	0.00490	0.00957
34	0.01402	0.00867	0.01251	0.01198	0.01389	0.00951	0.00932	0.01670	0.01357	0.10573	0.02191	0.02991	0.01927	0.07234	0.55580	0.01024	0.01725	0.00811	0.04177	0.00751
35	0.01079	0.10196	0.01291	0.01088	0.01226	0.00938	0.00796	0.01237	0.01489	0.01935	0.03935	0.57780	0.07499	0.02118	0.00905	0.00288	0.00496	0.04382	0.00654	0.00667
36	0.01690	0.01571	0.02515	0.18200	0.39801	0.01673	0.01976	0.02342	0.10184	0.02400	0.01894	0.08948	0.01678	0.00905	0.00776	0.00243	0.00841	0.00843	0.00451	0.01068
37	0.01744	0.23410	0.45087	0.01946	0.02883	0.05815	0.04606	0.02400	0.01621	0.02201	0.01271	0.01497	0.00972	0.00701	0.00659	0.00217	0.01053	0.00525	0.00328	0.01063
38	0.01480	0.02987	0.46667	0.01873	0.02697	0.01603	0.02195	0.02390	0.10064	0.02359	0.01738	0.02126	0.01364	0.04605	0.12153	0.00422	0.01185	0.00663	0.00399	0.01032
39	0.01129	0.00853	0.01115	0.01114	0.01152	0.00957	0.00774	0.01237	0.01218	0.01688	0.02565	0.20429	0.02895	0.33122	0.16553	0.00679	0.10201	0.01240	0.00491	0.00590

[dist]
# distance from previous block
# <min> <max>
0	4

# created by:
# /st0/software/busco_prod/Augustus/scripts/msa2prfl.pl ./align_prep/165499.fa
