[name]
unknown

[dist]
# distance from previous block
# <min> <max>
10	46

[block]
# block no. 0 follows, 29 sequences, length 18
# corresponding to MSA columns:
# 53-70
name=unknown_A
#
# <colnr> <probs for GDERKNQSTAVLIFYWHMCP>
#	G	D	E	R	K	N	Q	S	T	A	V	L	I	F	Y	W	H	M	C	P
0	0.09229	0.16177	0.18752	0.01572	0.04834	0.11030	0.01483	0.07617	0.01775	0.07161	0.07066	0.02158	0.06616	0.00841	0.00640	0.00205	0.00812	0.00635	0.00464	0.00934
1	0.01733	0.21100	0.14219	0.06686	0.02354	0.01818	0.08033	0.11814	0.01854	0.04922	0.10008	0.06156	0.02041	0.00916	0.00689	0.00214	0.00791	0.03240	0.00483	0.00931
2	0.09739	0.33687	0.04559	0.01529	0.07103	0.14503	0.01242	0.02306	0.01616	0.09065	0.01757	0.01840	0.06849	0.00769	0.00573	0.00186	0.00798	0.00548	0.00422	0.00909
3	0.22294	0.15502	0.10290	0.01367	0.01911	0.04162	0.05740	0.05659	0.01688	0.11812	0.11287	0.02049	0.01851	0.00805	0.00615	0.00208	0.00709	0.00622	0.00513	0.00914
4	0.39748	0.13842	0.01849	0.01230	0.01730	0.06554	0.01041	0.18725	0.01870	0.05820	0.01249	0.01350	0.00953	0.00714	0.00535	0.00205	0.00694	0.00466	0.00499	0.00925
5	0.50590	0.07351	0.04533	0.04084	0.01892	0.01799	0.05614	0.09513	0.01518	0.03010	0.01123	0.01328	0.00871	0.00700	0.00593	0.00220	0.03494	0.00470	0.00440	0.00857
6	0.00959	0.00695	0.00905	0.00918	0.01050	0.00641	0.00663	0.01225	0.01803	0.02506	0.47687	0.26216	0.08664	0.01703	0.00861	0.00244	0.00360	0.01518	0.00742	0.00641
7	0.01619	0.02001	0.11516	0.06783	0.15013	0.01706	0.42798	0.02198	0.01650	0.02285	0.04270	0.01986	0.01297	0.00657	0.00791	0.00233	0.01073	0.00776	0.00367	0.00979
8	0.00936	0.00720	0.00856	0.00833	0.01023	0.00640	0.00620	0.01202	0.01832	0.02443	0.42497	0.09244	0.31323	0.01628	0.00844	0.00234	0.00349	0.01407	0.00730	0.00640
9	0.01861	0.01613	0.01673	0.01482	0.01874	0.04204	0.01159	0.10156	0.55688	0.03009	0.02680	0.04774	0.02071	0.00997	0.00782	0.00241	0.03139	0.00809	0.00695	0.01096
10	0.01432	0.00806	0.00820	0.00782	0.00988	0.00838	0.00596	0.04899	0.07915	0.02769	0.02349	0.02612	0.01830	0.00844	0.00529	0.00175	0.00374	0.00676	0.68037	0.00732
11	0.01027	0.00687	0.00779	0.00788	0.00790	0.00685	0.00443	0.01033	0.01052	0.01403	0.02331	0.08279	0.02699	0.71206	0.03484	0.00670	0.00676	0.01087	0.00443	0.00439
12	0.02381	0.01833	0.01954	0.01573	0.02084	0.02056	0.01275	0.45771	0.26266	0.03963	0.02123	0.02039	0.01546	0.00893	0.00717	0.00223	0.00707	0.00698	0.00717	0.01182
13	0.01554	0.22627	0.53442	0.01815	0.02751	0.01961	0.02258	0.02223	0.01488	0.02102	0.01202	0.01408	0.00905	0.00659	0.00619	0.00206	0.00976	0.00488	0.00302	0.01016
14	0.01143	0.06484	0.01146	0.00932	0.01142	0.00829	0.00712	0.01405	0.01795	0.06072	0.39725	0.17683	0.15170	0.01553	0.00817	0.00233	0.00401	0.01354	0.00711	0.00692
15	0.01320	0.00956	0.01126	0.01020	0.01227	0.00961	0.00754	0.14274	0.02010	0.02749	0.34189	0.12031	0.08079	0.14559	0.01319	0.00313	0.00496	0.01207	0.00687	0.00720
16	0.02158	0.35095	0.02717	0.01509	0.01952	0.33352	0.01275	0.02366	0.01664	0.01705	0.01108	0.01348	0.00983	0.01052	0.06128	0.00248	0.03701	0.00453	0.00338	0.00848
17	0.01803	0.60237	0.18017	0.01390	0.02093	0.02571	0.01517	0.02158	0.01459	0.01798	0.01051	0.01219	0.00911	0.00623	0.00503	0.00168	0.00823	0.00412	0.00304	0.00943

[dist]
# distance from previous block
# <min> <max>
0	1

[block]
# block no. 1 follows, 29 sequences, length 37
# corresponding to MSA columns:
# 72-108
name=unknown_B
#
# <colnr> <probs for GDERKNQSTAVLIFYWHMCP>
#	G	D	E	R	K	N	Q	S	T	A	V	L	I	F	Y	W	H	M	C	P
0	0.01740	0.01049	0.01293	0.01123	0.01440	0.01036	0.00876	0.06293	0.13518	0.18610	0.37384	0.05767	0.04421	0.01224	0.00786	0.00227	0.00466	0.01054	0.00789	0.00904
1	0.04207	0.03810	0.01669	0.01404	0.01838	0.01753	0.01107	0.06102	0.57282	0.02955	0.02609	0.02436	0.01968	0.00908	0.00692	0.00227	0.00575	0.00743	0.00679	0.07033
2	0.00880	0.00639	0.00821	0.00949	0.01017	0.00591	0.00640	0.01017	0.01415	0.01871	0.08088	0.60627	0.11427	0.05170	0.01011	0.00297	0.00415	0.01887	0.00659	0.00580
3	0.01479	0.01461	0.02212	0.01862	0.01957	0.01925	0.08192	0.01697	0.01160	0.01761	0.01150	0.01804	0.01092	0.01871	0.13956	0.00445	0.54208	0.00669	0.00328	0.00773
4	0.01034	0.00695	0.00801	0.00801	0.00810	0.00704	0.00462	0.01051	0.01043	0.01399	0.02221	0.04535	0.02535	0.70327	0.08198	0.00721	0.00772	0.01017	0.00428	0.00445
5	0.01675	0.01904	0.04106	0.02948	0.03634	0.01819	0.64813	0.02254	0.01653	0.02254	0.01417	0.01904	0.01074	0.00631	0.00911	0.00243	0.04622	0.00830	0.00358	0.00952
6	0.00849	0.00720	0.00724	0.00724	0.00954	0.00605	0.00537	0.01022	0.01600	0.01902	0.07015	0.06765	0.67548	0.04720	0.00952	0.00258	0.00374	0.01484	0.00652	0.00594
7	0.00855	0.00722	0.00743	0.00755	0.00986	0.00609	0.00571	0.01040	0.01615	0.01928	0.06954	0.09299	0.65169	0.01825	0.00850	0.00246	0.00375	0.04195	0.00661	0.00603
8	0.01431	0.01379	0.02071	0.63066	0.04451	0.05722	0.01864	0.01869	0.01447	0.01844	0.01284	0.01878	0.00982	0.00741	0.00769	0.00234	0.04072	0.00623	0.03485	0.00787
9	0.00902	0.00634	0.00816	0.00948	0.00981	0.00601	0.00614	0.01000	0.01296	0.01729	0.03582	0.60259	0.04277	0.17073	0.01463	0.00371	0.00470	0.01823	0.00614	0.00548
10	0.01781	0.01526	0.04651	0.04539	0.02252	0.01400	0.11475	0.04759	0.01589	0.10978	0.01452	0.01706	0.01125	0.00729	0.00920	0.00189	0.12820	0.00578	0.00455	0.35075
11	0.01900	0.01964	0.02720	0.06145	0.56958	0.13519	0.02043	0.02284	0.01682	0.02212	0.01297	0.01686	0.01087	0.00654	0.00695	0.00208	0.00923	0.00605	0.00354	0.01066
12	0.01681	0.01921	0.04202	0.03001	0.03721	0.01801	0.67947	0.02281	0.01681	0.02281	0.01441	0.01921	0.01080	0.00600	0.00840	0.00240	0.01200	0.00840	0.00360	0.00960
13	0.00862	0.00728	0.00750	0.00761	0.00996	0.00616	0.00581	0.01052	0.01624	0.01937	0.06984	0.06932	0.65829	0.01814	0.00851	0.00246	0.00380	0.05790	0.00661	0.00605
14	0.01018	0.00760	0.01129	0.01129	0.01250	0.00881	0.00870	0.01261	0.01140	0.01641	0.01922	0.02877	0.01815	0.08335	0.69206	0.01125	0.01855	0.00775	0.00384	0.00627
15	0.02227	0.01034	0.01359	0.01121	0.01512	0.00933	0.00895	0.02618	0.05775	0.39717	0.27410	0.03665	0.06341	0.01131	0.00766	0.00224	0.00496	0.00960	0.00828	0.00987
16	0.01237	0.00618	0.00928	0.00928	0.00928	0.00618	0.00618	0.00928	0.00928	0.01237	0.01237	0.02165	0.01237	0.02474	0.02783	0.79283	0.00618	0.00618	0.00309	0.00309
17	0.00858	0.00722	0.00745	0.00739	0.00972	0.00608	0.00554	0.01055	0.01663	0.02018	0.13610	0.06697	0.63789	0.01768	0.00841	0.00239	0.00358	0.01481	0.00674	0.00608
18	0.74846	0.01418	0.01119	0.00983	0.01433	0.01638	0.00810	0.06503	0.01354	0.03281	0.01039	0.01194	0.00801	0.00674	0.00459	0.00220	0.00566	0.00403	0.00459	0.00801
19	0.01377	0.00771	0.00837	0.00803	0.00991	0.00805	0.00615	0.06225	0.01571	0.02634	0.02219	0.02610	0.01776	0.01499	0.11126	0.00314	0.00597	0.00677	0.61857	0.00698
20	0.02509	0.07565	0.02076	0.01704	0.02114	0.51005	0.01318	0.12909	0.05034	0.02225	0.01509	0.01622	0.03786	0.00797	0.00653	0.00191	0.01106	0.00538	0.00444	0.00895
21	0.02707	0.01995	0.02137	0.01638	0.02208	0.02208	0.01353	0.68159	0.03348	0.04488	0.01710	0.01710	0.01211	0.00855	0.00712	0.00214	0.00784	0.00641	0.00712	0.01211
22	0.04987	0.01295	0.01647	0.01301	0.01826	0.01219	0.01063	0.05857	0.12732	0.55987	0.02735	0.02401	0.01781	0.00888	0.00710	0.00223	0.00604	0.00719	0.00839	0.01187
23	0.01801	0.01764	0.02853	0.04263	0.67625	0.04689	0.02151	0.02213	0.01638	0.02301	0.01329	0.01742	0.01119	0.00639	0.00702	0.00210	0.00865	0.00627	0.00353	0.01115
24	0.00938	0.00649	0.00805	0.00901	0.00925	0.00625	0.00564	0.01010	0.01225	0.01634	0.03218	0.45130	0.03818	0.32829	0.02051	0.00458	0.00530	0.01608	0.00564	0.00517
25	0.80005	0.01377	0.01047	0.00936	0.01377	0.01597	0.00771	0.02093	0.01212	0.03195	0.00991	0.01157	0.00771	0.00661	0.00441	0.00220	0.00551	0.00386	0.00441	0.00771
26	0.01963	0.12712	0.02458	0.07334	0.02332	0.20943	0.06211	0.06236	0.01622	0.01972	0.01117	0.01481	0.00963	0.00862	0.01169	0.00225	0.24016	0.00550	0.00361	0.05474
27	0.00904	0.00646	0.00865	0.01012	0.01075	0.00607	0.00705	0.01063	0.01441	0.01930	0.09275	0.63004	0.04818	0.02145	0.00910	0.00287	0.00428	0.07623	0.00670	0.00593
28	0.01036	0.00754	0.01099	0.01099	0.01222	0.00867	0.00845	0.01283	0.01160	0.01699	0.01948	0.02877	0.01821	0.08363	0.64701	0.01065	0.01757	0.00770	0.05006	0.00628
29	0.03195	0.01212	0.01652	0.01267	0.01818	0.01047	0.01047	0.03470	0.02038	0.71026	0.02809	0.02424	0.01763	0.00881	0.00716	0.00220	0.00606	0.00716	0.00881	0.01212
30	0.03195	0.01212	0.01652	0.01267	0.01818	0.01047	0.01047	0.03470	0.02038	0.71026	0.02809	0.02424	0.01763	0.00881	0.00716	0.00220	0.00606	0.00716	0.00881	0.01212
31	0.07715	0.01222	0.01617	0.01247	0.01792	0.01079	0.01030	0.03389	0.01989	0.67035	0.02702	0.02349	0.01704	0.00868	0.00700	0.00220	0.00603	0.00697	0.00855	0.01186
32	0.01875	0.01453	0.01732	0.01279	0.01887	0.01290	0.03359	0.16262	0.04704	0.07397	0.01537	0.01654	0.01182	0.00642	0.00599	0.00147	0.00613	0.00519	0.00525	0.51342
33	0.01788	0.01454	0.01562	0.01408	0.01803	0.01652	0.01103	0.03573	0.60463	0.06521	0.03083	0.03017	0.04647	0.01033	0.00739	0.00244	0.00562	0.03528	0.00728	0.01093
34	0.01345	0.01266	0.02136	0.73264	0.04904	0.01582	0.01978	0.01819	0.01424	0.01819	0.01266	0.01898	0.00949	0.00712	0.00712	0.00237	0.00949	0.00633	0.00316	0.00791
35	0.01477	0.01266	0.01477	0.01055	0.01687	0.00949	0.00844	0.01793	0.01477	0.02320	0.01266	0.01477	0.01055	0.00527	0.00527	0.00105	0.00527	0.00422	0.00422	0.79328
36	0.10372	0.02456	0.01943	0.01746	0.04990	0.33629	0.01313	0.21628	0.02245	0.05256	0.01433	0.04063	0.01163	0.00837	0.00726	0.00208	0.03960	0.00583	0.00501	0.00949

[dist]
# distance from previous block
# <min> <max>
0	35

[block]
# block no. 2 follows, 29 sequences, length 66
# corresponding to MSA columns:
# 144-209
name=unknown_C
#
# <colnr> <probs for GDERKNQSTAVLIFYWHMCP>
#	G	D	E	R	K	N	Q	S	T	A	V	L	I	F	Y	W	H	M	C	P
0	0.01853	0.01503	0.01616	0.01439	0.01840	0.01708	0.01130	0.10044	0.55135	0.05296	0.02850	0.05587	0.02237	0.01040	0.00740	0.00243	0.00585	0.03333	0.00723	0.01099
1	0.01081	0.00746	0.00964	0.00899	0.01086	0.00682	0.00678	0.01405	0.01991	0.05419	0.63495	0.05307	0.10635	0.01456	0.00835	0.00225	0.00348	0.01280	0.00780	0.00688
2	0.07960	0.01884	0.02021	0.01558	0.02118	0.02065	0.01287	0.58036	0.03089	0.10232	0.01758	0.01735	0.01230	0.00844	0.00694	0.00215	0.00752	0.00630	0.00709	0.01181
3	0.01008	0.00728	0.00952	0.00896	0.01064	0.00672	0.00672	0.01344	0.02016	0.02855	0.70158	0.05319	0.06719	0.01456	0.00840	0.00224	0.00336	0.01288	0.00784	0.00672
4	0.02272	0.01590	0.01753	0.01464	0.01937	0.01750	0.01170	0.20218	0.40047	0.15836	0.02577	0.02371	0.01852	0.00922	0.00720	0.00231	0.00628	0.00747	0.00750	0.01164
5	0.02587	0.01853	0.01992	0.01547	0.02080	0.02039	0.01272	0.58692	0.05598	0.06544	0.01836	0.01838	0.01310	0.00858	0.00697	0.00211	0.00736	0.00651	0.06491	0.01168
6	0.00873	0.00677	0.00794	0.00860	0.01005	0.00599	0.00609	0.01046	0.01555	0.01987	0.13163	0.36367	0.34021	0.01950	0.00871	0.00260	0.00381	0.01706	0.00676	0.00599
7	0.01031	0.00791	0.00962	0.01051	0.01174	0.00794	0.00736	0.01499	0.13362	0.02071	0.06603	0.54696	0.08602	0.01949	0.00869	0.00275	0.00433	0.01746	0.00677	0.00680
8	0.76934	0.01370	0.01071	0.00950	0.01395	0.01575	0.00782	0.02148	0.01245	0.05907	0.01064	0.01207	0.00811	0.00670	0.00452	0.00220	0.00553	0.00399	0.00458	0.00789
9	0.76068	0.01409	0.01102	0.00972	0.01419	0.01629	0.00801	0.05458	0.01321	0.03261	0.01028	0.01185	0.00794	0.00671	0.00454	0.00220	0.00563	0.00399	0.00454	0.00794
10	0.02324	0.01621	0.01681	0.01402	0.01834	0.08025	0.01106	0.18166	0.22135	0.20008	0.06737	0.02561	0.02055	0.05955	0.00916	0.00254	0.00685	0.00760	0.00712	0.01063
11	0.02611	0.01902	0.02035	0.01571	0.02112	0.02101	0.01294	0.63541	0.03219	0.04360	0.01752	0.01775	0.01254	0.00853	0.00697	0.00210	0.00752	0.00643	0.06144	0.01173
12	0.01904	0.75404	0.03731	0.01218	0.01828	0.02818	0.01218	0.02132	0.01447	0.01675	0.00990	0.01142	0.00914	0.00609	0.00457	0.00152	0.00761	0.00381	0.00305	0.00914
13	0.02620	0.03317	0.02057	0.01949	0.05276	0.68948	0.01412	0.02814	0.02000	0.01769	0.01111	0.01306	0.00927	0.00729	0.00645	0.00185	0.01264	0.00467	0.00366	0.00839
14	0.01814	0.01488	0.01584	0.01417	0.01821	0.01697	0.01104	0.03680	0.63664	0.06411	0.03031	0.02779	0.04326	0.00988	0.00728	0.00240	0.00559	0.00823	0.00731	0.01115
15	0.80005	0.01377	0.01047	0.00936	0.01377	0.01597	0.00771	0.02093	0.01212	0.03195	0.00991	0.01157	0.00771	0.00661	0.00441	0.00220	0.00551	0.00386	0.00441	0.00771
16	0.02589	0.01775	0.01946	0.01515	0.02029	0.01927	0.01231	0.52397	0.05536	0.12076	0.01931	0.02077	0.01428	0.07044	0.00956	0.00255	0.00746	0.00689	0.00709	0.01143
17	0.74530	0.01421	0.01124	0.00986	0.01436	0.01641	0.00812	0.06773	0.01363	0.03286	0.01042	0.01196	0.00802	0.00675	0.00460	0.00220	0.00567	0.00404	0.00460	0.00802
18	0.00863	0.00723	0.00740	0.00746	0.00971	0.00614	0.00558	0.01039	0.01594	0.01904	0.06832	0.06785	0.64338	0.05536	0.00989	0.00267	0.00388	0.03869	0.00649	0.00595
19	0.03195	0.01212	0.01652	0.01267	0.01818	0.01047	0.01047	0.03470	0.02038	0.71026	0.02809	0.02424	0.01763	0.00881	0.00716	0.00220	0.00606	0.00716	0.00881	0.01212
20	0.04906	0.01301	0.02091	0.62528	0.04428	0.01645	0.01879	0.01821	0.01379	0.01870	0.01219	0.01829	0.00940	0.00766	0.00870	0.00244	0.08552	0.00621	0.00321	0.00789
21	0.01345	0.01266	0.02136	0.73264	0.04904	0.01582	0.01978	0.01819	0.01424	0.01819	0.01266	0.01898	0.00949	0.00712	0.00712	0.00237	0.00949	0.00633	0.00316	0.00791
22	0.00862	0.00641	0.00805	0.00936	0.01018	0.00583	0.00636	0.00998	0.01417	0.01840	0.04605	0.60522	0.18259	0.02142	0.00895	0.00279	0.00402	0.01916	0.00661	0.00583
23	0.01152	0.00760	0.00998	0.00920	0.01113	0.00697	0.00697	0.01484	0.02017	0.07342	0.65726	0.05128	0.06393	0.01418	0.00832	0.00224	0.00354	0.01250	0.00790	0.00707
24	0.00963	0.00700	0.00896	0.01013	0.01104	0.00665	0.00712	0.03722	0.01507	0.01994	0.06693	0.59117	0.09831	0.02094	0.00898	0.00282	0.00437	0.06090	0.00668	0.00614
25	0.01699	0.01628	0.02776	0.14768	0.60628	0.01675	0.02154	0.02130	0.01592	0.02250	0.01328	0.01783	0.01101	0.00646	0.00706	0.00215	0.00862	0.00634	0.00347	0.01077
26	0.01771	0.01530	0.01610	0.01449	0.01852	0.01771	0.01127	0.03784	0.69247	0.02979	0.02898	0.02657	0.02174	0.00966	0.00725	0.00242	0.00564	0.00805	0.00725	0.01127
27	0.80005	0.01377	0.01047	0.00936	0.01377	0.01597	0.00771	0.02093	0.01212	0.03195	0.00991	0.01157	0.00771	0.00661	0.00441	0.00220	0.00551	0.00386	0.00441	0.00771
28	0.00886	0.00645	0.00835	0.00953	0.01031	0.00594	0.00652	0.01046	0.01483	0.01980	0.13987	0.58317	0.10804	0.02079	0.00893	0.00275	0.00397	0.01869	0.00679	0.00594
29	0.02606	0.03247	0.01996	0.01791	0.02177	0.66460	0.01350	0.04948	0.02036	0.01860	0.01129	0.01307	0.00933	0.00728	0.00639	0.00181	0.01232	0.00463	0.00381	0.04535
30	0.00902	0.00719	0.00808	0.00796	0.01001	0.00625	0.00593	0.01135	0.01750	0.02250	0.29440	0.09493	0.44571	0.01700	0.00844	0.00237	0.00354	0.01451	0.00705	0.00625
31	0.00928	0.00761	0.00822	0.00800	0.01030	0.00674	0.00602	0.01234	0.04907	0.02211	0.23053	0.06264	0.50848	0.01675	0.00836	0.00236	0.00364	0.01415	0.00695	0.00644
32	0.00899	0.00647	0.00857	0.01001	0.01068	0.00605	0.00697	0.01055	0.01439	0.01916	0.08406	0.61985	0.07228	0.02142	0.00908	0.00286	0.00426	0.07173	0.00669	0.00592
33	0.03195	0.01212	0.01652	0.01267	0.01818	0.01047	0.01047	0.03470	0.02038	0.71026	0.02809	0.02424	0.01763	0.00881	0.00716	0.00220	0.00606	0.00716	0.00881	0.01212
34	0.01554	0.00882	0.00906	0.00824	0.01056	0.00917	0.00638	0.12577	0.01798	0.02956	0.02222	0.02500	0.01724	0.00834	0.00533	0.00174	0.00406	0.00660	0.66087	0.00754
35	0.02663	0.03299	0.02026	0.01821	0.02202	0.67370	0.01374	0.07278	0.02108	0.01929	0.01142	0.01313	0.00937	0.00742	0.00647	0.00185	0.01250	0.00471	0.00390	0.00852
36	0.00853	0.00719	0.00741	0.00754	0.00982	0.00607	0.00567	0.01035	0.01610	0.01925	0.06934	0.10337	0.64750	0.01830	0.00850	0.00246	0.00373	0.03623	0.00661	0.00602
37	0.01477	0.01266	0.01477	0.01055	0.01687	0.00949	0.00844	0.01793	0.01477	0.02320	0.01266	0.01477	0.01055	0.00527	0.00527	0.00105	0.00527	0.00422	0.00422	0.79328
38	0.01762	0.01692	0.02890	0.04371	0.70533	0.01692	0.02185	0.02185	0.01621	0.02326	0.01339	0.01762	0.01128	0.00634	0.00705	0.00211	0.00846	0.00634	0.00352	0.01128
39	0.02513	0.12711	0.05009	0.01763	0.02188	0.60344	0.01406	0.02728	0.01924	0.01754	0.01093	0.01275	0.00916	0.00715	0.00620	0.00181	0.01207	0.00451	0.00356	0.00846
40	0.02634	0.02545	0.02013	0.01678	0.02145	0.33382	0.01322	0.34072	0.02641	0.05601	0.01682	0.01737	0.03666	0.00837	0.00686	0.00201	0.00985	0.00594	0.00562	0.01016
41	0.01430	0.01216	0.01427	0.01050	0.01638	0.00921	0.00830	0.01732	0.01468	0.02282	0.01468	0.07042	0.01333	0.00657	0.00556	0.00119	0.00519	0.00544	0.00440	0.73327
42	0.01134	0.00821	0.01121	0.01266	0.01425	0.00824	0.01074	0.01505	0.04278	0.02151	0.05944	0.15539	0.04181	0.01942	0.00960	0.00316	0.00613	0.53577	0.00663	0.00666
43	0.00878	0.00636	0.00829	0.00964	0.01030	0.00588	0.00653	0.01024	0.01437	0.01913	0.09782	0.63842	0.09522	0.02135	0.00898	0.00280	0.00403	0.01925	0.00671	0.00588
44	0.01428	0.03683	0.71286	0.02030	0.03082	0.01654	0.02631	0.02255	0.01503	0.02255	0.01278	0.01503	0.00902	0.00677	0.00677	0.00226	0.01052	0.00526	0.00301	0.01052
45	0.02386	0.01035	0.01361	0.01111	0.01532	0.00898	0.00892	0.02649	0.01940	0.46649	0.13744	0.06465	0.13847	0.01173	0.00763	0.00227	0.00517	0.00984	0.00822	0.01005
46	0.06405	0.10594	0.11544	0.01870	0.10145	0.21173	0.01492	0.02759	0.01802	0.23106	0.01656	0.01696	0.01190	0.00742	0.00646	0.00202	0.00898	0.00555	0.00510	0.01017
47	0.03195	0.01212	0.01652	0.01267	0.01818	0.01047	0.01047	0.03470	0.02038	0.71026	0.02809	0.02424	0.01763	0.00881	0.00716	0.00220	0.00606	0.00716	0.00881	0.01212
48	0.01428	0.03683	0.71286	0.02030	0.03082	0.01654	0.02631	0.02255	0.01503	0.02255	0.01278	0.01503	0.00902	0.00677	0.00677	0.00226	0.01052	0.00526	0.00301	0.01052
49	0.01730	0.01659	0.02833	0.09641	0.65513	0.01683	0.02169	0.02157	0.01606	0.02288	0.01334	0.01773	0.01114	0.00640	0.00705	0.00213	0.00854	0.00634	0.00350	0.01102
50	0.01344	0.01197	0.01881	0.05459	0.34250	0.01179	0.01455	0.01671	0.01622	0.02219	0.10861	0.14378	0.12663	0.01239	0.00791	0.00238	0.00640	0.05530	0.00515	0.00868
51	0.00868	0.00620	0.00826	0.00991	0.01033	0.00578	0.00661	0.00991	0.01363	0.01818	0.03925	0.74510	0.04710	0.02231	0.00909	0.00289	0.00413	0.02024	0.00661	0.00578
52	0.01002	0.00743	0.00945	0.00938	0.01118	0.00685	0.00732	0.01308	0.01878	0.02558	0.46965	0.06078	0.17808	0.01609	0.00866	0.00245	0.00397	0.12730	0.00739	0.00656
53	0.01550	0.02249	0.20947	0.10939	0.03607	0.01696	0.41285	0.02177	0.01595	0.02205	0.01462	0.04253	0.01142	0.00688	0.00786	0.00238	0.01107	0.00776	0.00350	0.00951
54	0.01762	0.01692	0.02890	0.04371	0.70533	0.01692	0.02185	0.02185	0.01621	0.02326	0.01339	0.01762	0.01128	0.00634	0.00705	0.00211	0.00846	0.00634	0.00352	0.01128
55	0.00868	0.00620	0.00826	0.00991	0.01033	0.00578	0.00661	0.00991	0.01363	0.01818	0.03925	0.74510	0.04710	0.02231	0.00909	0.00289	0.00413	0.02024	0.00661	0.00578
56	0.01034	0.00904	0.00903	0.00877	0.01111	0.04070	0.00657	0.01382	0.06709	0.02196	0.20475	0.08642	0.45211	0.01631	0.00826	0.00236	0.00416	0.01375	0.00679	0.00665
57	0.02386	0.12803	0.04989	0.01521	0.02047	0.04070	0.01316	0.36598	0.05007	0.11053	0.01721	0.01795	0.01275	0.01161	0.06007	0.00278	0.03666	0.00615	0.00605	0.01087
58	0.00868	0.00620	0.00826	0.00991	0.01033	0.00578	0.00661	0.00991	0.01363	0.01818	0.03925	0.74510	0.04710	0.02231	0.00909	0.00289	0.00413	0.02024	0.00661	0.00578
59	0.80005	0.01377	0.01047	0.00936	0.01377	0.01597	0.00771	0.02093	0.01212	0.03195	0.00991	0.01157	0.00771	0.00661	0.00441	0.00220	0.00551	0.00386	0.00441	0.00771
60	0.01035	0.00789	0.01179	0.01169	0.01292	0.00933	0.00912	0.01286	0.01143	0.01655	0.01875	0.02756	0.01752	0.05204	0.69821	0.01117	0.04305	0.00758	0.00379	0.00641
61	0.08848	0.01434	0.01553	0.04161	0.01880	0.01594	0.01088	0.07553	0.42417	0.11655	0.02908	0.02726	0.07136	0.00976	0.00706	0.00235	0.00582	0.00793	0.00698	0.01058
62	0.01559	0.01455	0.02448	0.25712	0.41750	0.01555	0.01998	0.01987	0.01561	0.02144	0.01602	0.02542	0.01420	0.00815	0.00740	0.00233	0.00856	0.08281	0.00377	0.00966
63	0.01735	0.01454	0.01826	0.01420	0.04423	0.01282	0.05637	0.15323	0.01861	0.02724	0.01407	0.01683	0.01148	0.03355	0.00708	0.00162	0.00644	0.00526	0.00475	0.52208
64	0.08580	0.01546	0.02453	0.21199	0.43394	0.01661	0.01938	0.02190	0.05984	0.02319	0.01393	0.01802	0.01120	0.00678	0.00685	0.00221	0.00827	0.00623	0.00376	0.01012
65	0.01939	0.01428	0.01642	0.01301	0.01774	0.01409	0.01041	0.26118	0.02172	0.07788	0.02119	0.12733	0.04039	0.01004	0.00761	0.00195	0.04048	0.00808	0.00599	0.27081

[dist]
# distance from previous block
# <min> <max>
0	13

# created by:
# /st0/software/busco_prod/Augustus/scripts/msa2prfl.pl ./align_prep/165489.fa
