[name]
unknown

[dist]
# distance from previous block
# <min> <max>
0	41

[block]
# block no. 0 follows, 29 sequences, length 9
# corresponding to MSA columns:
# 41-49
name=unknown_A
#
# <colnr> <probs for GDERKNQSTAVLIFYWHMCP>
#	G	D	E	R	K	N	Q	S	T	A	V	L	I	F	Y	W	H	M	C	P
0	0.01147	0.00820	0.01147	0.01311	0.01475	0.00820	0.01147	0.01475	0.01639	0.02131	0.03770	0.08032	0.04098	0.01967	0.00984	0.00328	0.00656	0.65741	0.00656	0.00656
1	0.03144	0.01293	0.01703	0.01305	0.01858	0.01167	0.01078	0.10177	0.02174	0.64128	0.02695	0.02350	0.01705	0.00879	0.00716	0.00220	0.00624	0.00708	0.00864	0.01212
2	0.02109	0.01645	0.01762	0.01494	0.01951	0.01858	0.01187	0.22037	0.47129	0.06866	0.02556	0.02376	0.01880	0.00930	0.00721	0.00233	0.00628	0.00754	0.00729	0.01155
3	0.01189	0.00970	0.01057	0.01053	0.01250	0.04481	0.00800	0.05217	0.05423	0.02336	0.20608	0.18842	0.18486	0.04545	0.00960	0.00272	0.00503	0.10646	0.00673	0.00690
4	0.02331	0.01634	0.01802	0.01456	0.01918	0.01777	0.01168	0.40510	0.14026	0.10584	0.04957	0.07033	0.01947	0.04435	0.00868	0.00247	0.00682	0.00812	0.00718	0.01097
5	0.02301	0.01238	0.01498	0.01240	0.01667	0.01213	0.00990	0.12550	0.12069	0.32726	0.08606	0.08838	0.09598	0.01141	0.00755	0.00230	0.00563	0.00952	0.00784	0.01041
6	0.01851	0.01323	0.01438	0.01200	0.01503	0.01419	0.00905	0.33730	0.02256	0.03055	0.04770	0.05788	0.04576	0.26615	0.01725	0.00380	0.00680	0.00885	0.05056	0.00844
7	0.02250	0.01628	0.02029	0.01557	0.02060	0.01688	0.08048	0.38214	0.02588	0.09873	0.08269	0.02368	0.01873	0.07063	0.00967	0.00249	0.00740	0.00746	0.00652	0.07136
8	0.01724	0.01317	0.01455	0.01216	0.01617	0.01351	0.00950	0.16260	0.20526	0.05694	0.11290	0.03216	0.09838	0.06950	0.00950	0.00247	0.00565	0.00862	0.00658	0.13313

[dist]
# distance from previous block
# <min> <max>
19	41

[block]
# block no. 1 follows, 29 sequences, length 6
# corresponding to MSA columns:
# 91-96
name=unknown_B
#
# <colnr> <probs for GDERKNQSTAVLIFYWHMCP>
#	G	D	E	R	K	N	Q	S	T	A	V	L	I	F	Y	W	H	M	C	P
0	0.01714	0.01821	0.06723	0.11573	0.11294	0.01718	0.30556	0.09063	0.01756	0.02436	0.01382	0.01787	0.01064	0.00672	0.00823	0.00221	0.04503	0.00694	0.00392	0.09810
1	0.01642	0.01240	0.01555	0.09010	0.07671	0.01309	0.01123	0.13080	0.11891	0.06304	0.06196	0.07285	0.08989	0.05398	0.05201	0.00302	0.00698	0.00892	0.05158	0.05055
2	0.01676	0.01730	0.02245	0.20137	0.15027	0.12304	0.05171	0.02011	0.01487	0.01948	0.01232	0.01716	0.01037	0.01034	0.04904	0.00274	0.15590	0.00600	0.00347	0.09529
3	0.12381	0.01587	0.01871	0.15718	0.06162	0.08913	0.05315	0.07273	0.09767	0.09889	0.05094	0.05739	0.01670	0.00860	0.00685	0.00221	0.00767	0.00717	0.00527	0.04842
4	0.05334	0.01408	0.05124	0.09007	0.01880	0.07061	0.01072	0.11572	0.01910	0.07774	0.16764	0.07430	0.08455	0.06825	0.00955	0.00258	0.00650	0.00934	0.04773	0.00813
5	0.08033	0.01167	0.01205	0.01073	0.01372	0.03426	0.00821	0.12134	0.08688	0.02655	0.12412	0.07317	0.15473	0.08001	0.04553	0.00307	0.00607	0.00985	0.04714	0.05059

[dist]
# distance from previous block
# <min> <max>
10	20

[block]
# block no. 2 follows, 29 sequences, length 8
# corresponding to MSA columns:
# 119-126
name=unknown_C
#
# <colnr> <probs for GDERKNQSTAVLIFYWHMCP>
#	G	D	E	R	K	N	Q	S	T	A	V	L	I	F	Y	W	H	M	C	P
0	0.19907	0.01517	0.03515	0.06850	0.10494	0.06662	0.01200	0.05394	0.09200	0.02635	0.12306	0.02440	0.04810	0.00958	0.00784	0.03025	0.02932	0.00706	0.00509	0.04157
1	0.01461	0.01080	0.01238	0.01143	0.01436	0.01097	0.00873	0.06488	0.20011	0.06922	0.09598	0.17576	0.12618	0.04767	0.00919	0.00262	0.00511	0.04935	0.00679	0.06386
2	0.01430	0.01292	0.02047	0.38431	0.18800	0.01470	0.01728	0.01978	0.08358	0.02036	0.01886	0.05470	0.04298	0.00958	0.00838	0.04232	0.00813	0.02673	0.00405	0.00856
3	0.01744	0.01175	0.01733	0.04919	0.24144	0.01108	0.01273	0.02046	0.01728	0.18805	0.07987	0.07182	0.20860	0.01153	0.00765	0.00227	0.00603	0.01006	0.00608	0.00932
4	0.01162	0.00790	0.00966	0.00948	0.01106	0.00768	0.00692	0.07010	0.01754	0.02451	0.26393	0.23124	0.10158	0.01675	0.01005	0.08188	0.00426	0.01311	0.09425	0.00650
5	0.01774	0.01841	0.12815	0.20237	0.15624	0.01660	0.01765	0.19843	0.02048	0.02833	0.07427	0.02094	0.01588	0.00801	0.00706	0.00220	0.00818	0.00677	0.04237	0.00992
6	0.02512	0.06586	0.08262	0.01491	0.02067	0.01778	0.01325	0.36204	0.02620	0.20363	0.07832	0.02143	0.01778	0.00881	0.00705	0.00213	0.00724	0.00688	0.00697	0.01131
7	0.01839	0.01853	0.18308	0.01415	0.01942	0.03916	0.01362	0.09863	0.08948	0.15470	0.19227	0.05961	0.04694	0.01057	0.00747	0.00226	0.00673	0.00880	0.00647	0.00973

[dist]
# distance from previous block
# <min> <max>
12	32

[block]
# block no. 3 follows, 29 sequences, length 99
# corresponding to MSA columns:
# 161-259
name=unknown_D
#
# <colnr> <probs for GDERKNQSTAVLIFYWHMCP>
#	G	D	E	R	K	N	Q	S	T	A	V	L	I	F	Y	W	H	M	C	P
0	0.05032	0.05035	0.16346	0.01802	0.02445	0.01729	0.13248	0.14629	0.14587	0.12373	0.04273	0.02062	0.01544	0.00802	0.00714	0.00225	0.00821	0.00696	0.00568	0.01071
1	0.01711	0.02163	0.22613	0.01852	0.02549	0.01517	0.16204	0.13001	0.01935	0.05360	0.11020	0.02191	0.01856	0.00784	0.00721	0.00209	0.00848	0.00712	0.00489	0.12265
2	0.04504	0.18052	0.11998	0.02337	0.03055	0.01959	0.39813	0.02299	0.01610	0.05638	0.01376	0.01700	0.01046	0.00628	0.00717	0.00218	0.01035	0.00680	0.00370	0.00967
3	0.01676	0.04755	0.21739	0.02394	0.03182	0.01670	0.37959	0.02279	0.01623	0.05735	0.01433	0.01763	0.01059	0.00628	0.00745	0.00218	0.01047	0.00692	0.00375	0.09029
4	0.01777	0.01494	0.01624	0.01341	0.01837	0.01551	0.01059	0.10168	0.39939	0.02929	0.02236	0.02168	0.01703	0.00811	0.00659	0.00194	0.00576	0.00662	0.00624	0.26647
5	0.01008	0.00728	0.00952	0.00896	0.01064	0.00672	0.00672	0.01344	0.02016	0.02855	0.70158	0.05319	0.06719	0.01456	0.00840	0.00224	0.00336	0.01288	0.00784	0.00672
6	0.02565	0.01746	0.01936	0.01504	0.02023	0.01881	0.01234	0.52154	0.03026	0.12570	0.09999	0.02228	0.01936	0.00930	0.00728	0.00216	0.00708	0.00727	0.00742	0.01147
7	0.00999	0.00728	0.00940	0.00887	0.01059	0.00668	0.00665	0.01328	0.01996	0.02809	0.66990	0.05396	0.09916	0.01473	0.00840	0.00225	0.00337	0.01299	0.00778	0.00668
8	0.01708	0.01403	0.01601	0.01164	0.01785	0.01186	0.00940	0.14267	0.01828	0.02728	0.01349	0.01520	0.01084	0.00589	0.00562	0.00126	0.00576	0.00463	0.00476	0.64646
9	0.01000	0.00728	0.00940	0.00887	0.01059	0.00668	0.00665	0.01328	0.01996	0.02809	0.67030	0.05395	0.09875	0.01473	0.00840	0.00225	0.00337	0.01298	0.00778	0.00668
10	0.02707	0.01995	0.02137	0.01638	0.02208	0.02208	0.01353	0.68159	0.03348	0.04488	0.01710	0.01710	0.01211	0.00855	0.00712	0.00214	0.00784	0.00641	0.00712	0.01211
11	0.01477	0.01266	0.01477	0.01055	0.01687	0.00949	0.00844	0.01793	0.01477	0.02320	0.01266	0.01477	0.01055	0.00527	0.00527	0.00105	0.00527	0.00422	0.00422	0.79328
12	0.02724	0.01966	0.02119	0.01625	0.02194	0.02166	0.01342	0.65820	0.03301	0.06893	0.01749	0.01735	0.01231	0.00856	0.00712	0.00214	0.00777	0.00644	0.00718	0.01211
13	0.01904	0.75404	0.03731	0.01218	0.01828	0.02818	0.01218	0.02132	0.01447	0.01675	0.00990	0.01142	0.00914	0.00609	0.00457	0.00152	0.00761	0.00381	0.00305	0.00914
14	0.01408	0.01175	0.01464	0.01598	0.10244	0.01245	0.01099	0.02394	0.28072	0.02656	0.20503	0.04347	0.09033	0.01263	0.00799	0.00246	0.00538	0.10341	0.00677	0.00899
15	0.00868	0.00620	0.00826	0.00991	0.01033	0.00578	0.00661	0.00991	0.01363	0.01818	0.03925	0.74510	0.04710	0.02231	0.00909	0.00289	0.00413	0.02024	0.00661	0.00578
16	0.01665	0.01439	0.01581	0.06647	0.02005	0.01660	0.01147	0.03413	0.58749	0.02802	0.02967	0.06350	0.04355	0.01038	0.00737	0.00244	0.00578	0.00876	0.00690	0.01058
17	0.01147	0.00820	0.01147	0.01311	0.01475	0.00820	0.01147	0.01475	0.01639	0.02131	0.03770	0.08032	0.04098	0.01967	0.00984	0.00328	0.00656	0.65741	0.00656	0.00656
18	0.01019	0.00695	0.00835	0.00848	0.00870	0.00711	0.00518	0.01067	0.01078	0.01457	0.02332	0.10118	0.02644	0.58765	0.13480	0.00724	0.00847	0.01077	0.00443	0.00474
19	0.01036	0.00690	0.00777	0.00777	0.00777	0.00690	0.00431	0.01036	0.01036	0.01381	0.02244	0.04660	0.02589	0.74975	0.03624	0.00690	0.00690	0.01036	0.00431	0.00431
20	0.01681	0.01921	0.04202	0.03001	0.03721	0.01801	0.67947	0.02281	0.01681	0.02281	0.01441	0.01921	0.01080	0.00600	0.00840	0.00240	0.01200	0.00840	0.00360	0.00960
21	0.03195	0.01212	0.01652	0.01267	0.01818	0.01047	0.01047	0.03470	0.02038	0.71026	0.02809	0.02424	0.01763	0.00881	0.00716	0.00220	0.00606	0.00716	0.00881	0.01212
22	0.01618	0.32252	0.44376	0.01706	0.02582	0.02117	0.02068	0.02206	0.01481	0.02024	0.01163	0.01360	0.00907	0.00650	0.00589	0.00196	0.00936	0.00468	0.00302	0.00997
23	0.80005	0.01377	0.01047	0.00936	0.01377	0.01597	0.00771	0.02093	0.01212	0.03195	0.00991	0.01157	0.00771	0.00661	0.00441	0.00220	0.00551	0.00386	0.00441	0.00771
24	0.01829	0.01517	0.01612	0.01442	0.01850	0.01742	0.01124	0.03771	0.66524	0.05735	0.02895	0.02647	0.02157	0.00963	0.00724	0.00241	0.00565	0.00801	0.00731	0.01131
25	0.01118	0.00760	0.01047	0.01191	0.01324	0.00739	0.00964	0.01369	0.01552	0.04512	0.03793	0.32433	0.04240	0.02025	0.00946	0.00310	0.00564	0.39802	0.00666	0.00647
26	0.02602	0.02790	0.02023	0.01728	0.02173	0.44035	0.01341	0.24379	0.04775	0.02712	0.01370	0.01479	0.01063	0.00774	0.00664	0.00193	0.01067	0.00530	0.00495	0.03808
27	0.01516	0.16909	0.58828	0.01880	0.02851	0.01868	0.02370	0.02232	0.01493	0.02148	0.01225	0.01437	0.00904	0.00664	0.00636	0.00212	0.00999	0.00499	0.00301	0.01027
28	0.04976	0.01354	0.01648	0.01323	0.01816	0.01336	0.01073	0.13239	0.13759	0.42299	0.05024	0.04927	0.01997	0.00953	0.00720	0.00225	0.00608	0.00776	0.00804	0.01143
29	0.06932	0.01401	0.06706	0.01306	0.01888	0.01119	0.01148	0.03312	0.01957	0.62591	0.02606	0.02293	0.01650	0.00855	0.00699	0.00221	0.00636	0.00686	0.00817	0.01178
30	0.00866	0.00722	0.00755	0.00747	0.00977	0.00611	0.00560	0.01069	0.01680	0.02060	0.16404	0.06629	0.60969	0.01753	0.00841	0.00238	0.00357	0.01471	0.00679	0.00611
31	0.01531	0.01301	0.01505	0.01090	0.01712	0.01023	0.00872	0.04268	0.03906	0.02422	0.01339	0.01526	0.01099	0.00555	0.00541	0.00114	0.00538	0.00443	0.00443	0.73772
32	0.05167	0.02072	0.01971	0.01883	0.10463	0.20447	0.01332	0.16954	0.11185	0.14909	0.01808	0.01825	0.01326	0.00792	0.00676	0.00205	0.00843	0.00607	0.00583	0.04953
33	0.00991	0.00715	0.00937	0.00907	0.01060	0.00661	0.00671	0.01302	0.01938	0.02732	0.62269	0.13560	0.06479	0.01548	0.00848	0.00232	0.00345	0.01375	0.00769	0.00661
34	0.01835	0.01609	0.01643	0.01469	0.01876	0.04129	0.01144	0.06086	0.64620	0.02992	0.02795	0.02577	0.02097	0.00954	0.00721	0.00239	0.00596	0.00788	0.00712	0.01120
35	0.01879	0.01913	0.02806	0.09577	0.42222	0.10741	0.10348	0.05633	0.03689	0.02330	0.01379	0.01756	0.01114	0.00670	0.00716	0.00215	0.00945	0.00643	0.00381	0.01043
36	0.03179	0.01238	0.01668	0.01279	0.01831	0.01085	0.01057	0.05594	0.02081	0.68841	0.02773	0.02400	0.01745	0.00880	0.00716	0.00220	0.00612	0.00714	0.00876	0.01212
37	0.00868	0.00620	0.00826	0.00991	0.01033	0.00578	0.00661	0.00991	0.01363	0.01818	0.03925	0.74510	0.04710	0.02231	0.00909	0.00289	0.00413	0.02024	0.00661	0.00578
38	0.01496	0.03207	0.53156	0.02292	0.03255	0.01693	0.20283	0.02262	0.01551	0.02262	0.01322	0.01616	0.00950	0.00656	0.00721	0.00229	0.01092	0.00611	0.00317	0.01027
39	0.12611	0.22877	0.40533	0.01628	0.02456	0.01942	0.01929	0.02242	0.01466	0.04661	0.01213	0.01389	0.00917	0.00663	0.00585	0.00205	0.00887	0.00473	0.00342	0.00981
40	0.01629	0.01178	0.01292	0.01150	0.01508	0.01224	0.00897	0.04781	0.30968	0.11731	0.08866	0.04176	0.25120	0.01264	0.00770	0.00236	0.00493	0.01054	0.00728	0.00935
41	0.01556	0.20117	0.50945	0.01911	0.02838	0.01933	0.06924	0.02229	0.01503	0.02123	0.01223	0.01450	0.00917	0.00656	0.00637	0.00210	0.00996	0.00515	0.00306	0.01014
42	0.80005	0.01377	0.01047	0.00936	0.01377	0.01597	0.00771	0.02093	0.01212	0.03195	0.00991	0.01157	0.00771	0.00661	0.00441	0.00220	0.00551	0.00386	0.00441	0.00771
43	0.00905	0.00724	0.00809	0.00788	0.01001	0.00628	0.00591	0.01144	0.01772	0.02278	0.31141	0.06270	0.46095	0.01671	0.00841	0.00234	0.00351	0.01421	0.00708	0.00628
44	0.02141	0.01713	0.01818	0.01524	0.01993	0.01944	0.01216	0.29216	0.43212	0.03575	0.02429	0.02283	0.01793	0.00922	0.00720	0.00231	0.00650	0.00740	0.00720	0.01160
45	0.09748	0.27706	0.02491	0.01508	0.01974	0.35250	0.01249	0.04640	0.05790	0.02019	0.01178	0.01318	0.00986	0.00702	0.00567	0.00181	0.00976	0.00451	0.00385	0.00881
46	0.00884	0.00642	0.00872	0.03510	0.01168	0.00613	0.00707	0.01020	0.01365	0.01818	0.03832	0.71980	0.04579	0.02178	0.00902	0.00287	0.00432	0.01976	0.00649	0.00586
47	0.01762	0.01692	0.02890	0.04371	0.70533	0.01692	0.02185	0.02185	0.01621	0.02326	0.01339	0.01762	0.01128	0.00634	0.00705	0.00211	0.00846	0.00634	0.00352	0.01128
48	0.00998	0.00727	0.00938	0.00885	0.01058	0.00668	0.00664	0.01324	0.01992	0.02799	0.66330	0.05412	0.10581	0.01477	0.00840	0.00225	0.00337	0.01301	0.00776	0.00668
49	0.01639	0.01948	0.08494	0.07060	0.10110	0.01805	0.46386	0.02186	0.01588	0.02200	0.01358	0.01838	0.01050	0.00680	0.00958	0.00243	0.08389	0.00764	0.00348	0.00955
50	0.00977	0.00714	0.00917	0.00892	0.01051	0.00655	0.00659	0.01274	0.01904	0.02651	0.56825	0.13693	0.11973	0.01578	0.00848	0.00233	0.00347	0.01394	0.00759	0.00655
51	0.01490	0.01198	0.03916	0.01247	0.01543	0.01162	0.03169	0.17103	0.02066	0.04797	0.23756	0.17363	0.08810	0.01602	0.04414	0.00285	0.03411	0.01184	0.00667	0.00816
52	0.01428	0.03683	0.71286	0.02030	0.03082	0.01654	0.02631	0.02255	0.01503	0.02255	0.01278	0.01503	0.00902	0.00677	0.00677	0.00226	0.01052	0.00526	0.00301	0.01052
53	0.80005	0.01377	0.01047	0.00936	0.01377	0.01597	0.00771	0.02093	0.01212	0.03195	0.00991	0.01157	0.00771	0.00661	0.00441	0.00220	0.00551	0.00386	0.00441	0.00771
54	0.00869	0.00710	0.00767	0.00779	0.00985	0.00609	0.00574	0.01065	0.01649	0.02046	0.15910	0.14690	0.53266	0.01804	0.00849	0.00244	0.00363	0.01534	0.00679	0.00609
55	0.11749	0.01230	0.01585	0.01230	0.01769	0.01108	0.01016	0.03317	0.01946	0.63472	0.02607	0.02283	0.01652	0.00857	0.00685	0.00220	0.00600	0.00679	0.00832	0.01163
56	0.02009	0.01597	0.01669	0.01388	0.01813	0.04042	0.01108	0.31922	0.20494	0.03481	0.12482	0.03023	0.09693	0.01069	0.00746	0.00224	0.00631	0.00865	0.00709	0.01032
57	0.00991	0.00715	0.00937	0.00907	0.01060	0.00661	0.00671	0.01302	0.01938	0.02732	0.62269	0.13560	0.06479	0.01548	0.00848	0.00232	0.00345	0.01375	0.00769	0.00661
58	0.01483	0.03607	0.69137	0.02006	0.03043	0.01635	0.02582	0.02293	0.01520	0.04377	0.01325	0.01532	0.00929	0.00683	0.00678	0.00225	0.01039	0.00532	0.00319	0.01057
59	0.00868	0.00620	0.00826	0.00991	0.01033	0.00578	0.00661	0.00991	0.01363	0.01818	0.03925	0.74510	0.04710	0.02231	0.00909	0.00289	0.00413	0.02024	0.00661	0.00578
60	0.01830	0.01693	0.05362	0.02066	0.15586	0.01762	0.01423	0.10601	0.42857	0.02948	0.02405	0.04544	0.01872	0.00912	0.00723	0.00233	0.00664	0.00777	0.00626	0.01116
61	0.01762	0.01692	0.02890	0.04371	0.70533	0.01692	0.02185	0.02185	0.01621	0.02326	0.01339	0.01762	0.01128	0.00634	0.00705	0.00211	0.00846	0.00634	0.00352	0.01128
62	0.01685	0.01909	0.04135	0.03070	0.07101	0.01795	0.64621	0.02276	0.01678	0.02283	0.01435	0.01913	0.01083	0.00602	0.00833	0.00239	0.01183	0.00830	0.00360	0.00969
63	0.01771	0.01530	0.01610	0.01449	0.01852	0.01771	0.01127	0.03784	0.69247	0.02979	0.02898	0.02657	0.02174	0.00966	0.00725	0.00242	0.00564	0.00805	0.00725	0.01127
64	0.01771	0.01530	0.01610	0.01449	0.01852	0.01771	0.01127	0.03784	0.69247	0.02979	0.02898	0.02657	0.02174	0.00966	0.00725	0.00242	0.00564	0.00805	0.00725	0.01127
65	0.01028	0.00742	0.00902	0.00853	0.01057	0.00662	0.00643	0.01313	0.01893	0.04814	0.48089	0.05707	0.26582	0.01546	0.00836	0.00229	0.00353	0.01337	0.00748	0.00667
66	0.01681	0.01921	0.04202	0.03001	0.03721	0.01801	0.67947	0.02281	0.01681	0.02281	0.01441	0.01921	0.01080	0.00600	0.00840	0.00240	0.01200	0.00840	0.00360	0.00960
67	0.03195	0.01212	0.01652	0.01267	0.01818	0.01047	0.01047	0.03470	0.02038	0.71026	0.02809	0.02424	0.01763	0.00881	0.00716	0.00220	0.00606	0.00716	0.00881	0.01212
68	0.01771	0.01530	0.01610	0.01449	0.01852	0.01771	0.01127	0.03784	0.69247	0.02979	0.02898	0.02657	0.02174	0.00966	0.00725	0.00242	0.00564	0.00805	0.00725	0.01127
69	0.80005	0.01377	0.01047	0.00936	0.01377	0.01597	0.00771	0.02093	0.01212	0.03195	0.00991	0.01157	0.00771	0.00661	0.00441	0.00220	0.00551	0.00386	0.00441	0.00771
70	0.01008	0.00728	0.00952	0.00896	0.01064	0.00672	0.00672	0.01344	0.02016	0.02855	0.70158	0.05319	0.06719	0.01456	0.00840	0.00224	0.00336	0.01288	0.00784	0.00672
71	0.03167	0.01257	0.01680	0.01288	0.01840	0.01113	0.01064	0.07197	0.02114	0.67193	0.02746	0.02383	0.01731	0.00880	0.00716	0.00220	0.00616	0.00712	0.00872	0.01212
72	0.02727	0.01963	0.02117	0.01623	0.02192	0.02161	0.01341	0.65539	0.03295	0.07183	0.01754	0.01739	0.01233	0.00856	0.00712	0.00214	0.00776	0.00644	0.00719	0.01211
73	0.08063	0.02271	0.02034	0.01634	0.02149	0.18111	0.01318	0.48675	0.02896	0.03772	0.01521	0.01574	0.01113	0.00814	0.00677	0.00207	0.00882	0.00582	0.00615	0.01093
74	0.00874	0.00622	0.00824	0.00983	0.01023	0.00583	0.00652	0.00993	0.01351	0.01801	0.03861	0.71881	0.04630	0.04969	0.01011	0.00304	0.00424	0.01987	0.00652	0.00573
75	0.01001	0.00722	0.00946	0.00901	0.01062	0.00667	0.00671	0.01326	0.01983	0.02803	0.66824	0.08801	0.06618	0.01495	0.00843	0.00227	0.00340	0.01325	0.00778	0.00667
76	0.01428	0.03683	0.71286	0.02030	0.03082	0.01654	0.02631	0.02255	0.01503	0.02255	0.01278	0.01503	0.00902	0.00677	0.00677	0.00226	0.01052	0.00526	0.00301	0.01052
77	0.01625	0.01278	0.01385	0.01269	0.01617	0.01401	0.00976	0.03014	0.46177	0.07558	0.03704	0.10999	0.13491	0.01231	0.00763	0.00245	0.00517	0.01042	0.00719	0.00989
78	0.00842	0.00721	0.00721	0.00721	0.00962	0.00601	0.00541	0.01022	0.01623	0.01924	0.07213	0.06853	0.70244	0.01803	0.00842	0.00240	0.00361	0.01503	0.00661	0.00601
79	0.01681	0.01921	0.04202	0.03001	0.03721	0.01801	0.67947	0.02281	0.01681	0.02281	0.01441	0.01921	0.01080	0.00600	0.00840	0.00240	0.01200	0.00840	0.00360	0.00960
80	0.70626	0.01523	0.01173	0.01031	0.01478	0.05207	0.00843	0.06803	0.01404	0.03213	0.01048	0.01202	0.00810	0.00678	0.00470	0.00218	0.00604	0.00407	0.00456	0.00805
81	0.02776	0.01668	0.01912	0.01484	0.02021	0.01744	0.01218	0.43477	0.02817	0.26310	0.02182	0.05562	0.01567	0.00932	0.00723	0.00220	0.00707	0.00735	0.00766	0.01180
82	0.80005	0.01377	0.01047	0.00936	0.01377	0.01597	0.00771	0.02093	0.01212	0.03195	0.00991	0.01157	0.00771	0.00661	0.00441	0.00220	0.00551	0.00386	0.00441	0.00771
83	0.01036	0.00690	0.00777	0.00777	0.00777	0.00690	0.00431	0.01036	0.01036	0.01381	0.02244	0.04660	0.02589	0.74975	0.03624	0.00690	0.00690	0.01036	0.00431	0.00431
84	0.01762	0.01692	0.02890	0.04371	0.70533	0.01692	0.02185	0.02185	0.01621	0.02326	0.01339	0.01762	0.01128	0.00634	0.00705	0.00211	0.00846	0.00634	0.00352	0.01128
85	0.00868	0.00620	0.00826	0.00991	0.01033	0.00578	0.00661	0.00991	0.01363	0.01818	0.03925	0.74510	0.04710	0.02231	0.00909	0.00289	0.00413	0.02024	0.00661	0.00578
86	0.01681	0.01921	0.04202	0.03001	0.03721	0.01801	0.67947	0.02281	0.01681	0.02281	0.01441	0.01921	0.01080	0.00600	0.00840	0.00240	0.01200	0.00840	0.00360	0.00960
87	0.01843	0.01514	0.01612	0.01440	0.01850	0.01734	0.01123	0.03768	0.65848	0.06420	0.02894	0.02645	0.02153	0.00962	0.00724	0.00240	0.00566	0.00801	0.00732	0.01131
88	0.00868	0.00620	0.00826	0.00991	0.01033	0.00578	0.00661	0.00991	0.01363	0.01818	0.03925	0.74510	0.04710	0.02231	0.00909	0.00289	0.00413	0.02024	0.00661	0.00578
89	0.02660	0.03394	0.02018	0.01834	0.02201	0.72116	0.01376	0.02843	0.02018	0.01743	0.01101	0.01284	0.00917	0.00734	0.00642	0.00183	0.01284	0.00459	0.00367	0.00825
90	0.00868	0.00620	0.00826	0.00991	0.01033	0.00578	0.00661	0.00991	0.01363	0.01818	0.03925	0.74510	0.04710	0.02231	0.00909	0.00289	0.00413	0.02024	0.00661	0.00578
91	0.02707	0.01995	0.02137	0.01638	0.02208	0.02208	0.01353	0.68159	0.03348	0.04488	0.01710	0.01710	0.01211	0.00855	0.00712	0.00214	0.00784	0.00641	0.00712	0.01211
92	0.01036	0.00690	0.00777	0.00777	0.00777	0.00690	0.00431	0.01036	0.01036	0.01381	0.02244	0.04660	0.02589	0.74975	0.03624	0.00690	0.00690	0.01036	0.00431	0.00431
93	0.01628	0.19189	0.36435	0.01990	0.02824	0.01889	0.16644	0.02229	0.01552	0.04391	0.01515	0.01739	0.03480	0.00692	0.00671	0.00213	0.00980	0.00605	0.00347	0.00990
94	0.04477	0.65791	0.10356	0.01290	0.01937	0.02661	0.01344	0.02143	0.01445	0.01784	0.01019	0.01179	0.00908	0.00618	0.00478	0.00162	0.00783	0.00395	0.00309	0.00923
95	0.01446	0.09389	0.62278	0.01907	0.02879	0.01700	0.02418	0.02200	0.01524	0.02238	0.04676	0.01663	0.01192	0.00710	0.00667	0.00219	0.00993	0.00552	0.00325	0.01022
96	0.01492	0.16279	0.55735	0.01841	0.02767	0.01822	0.02292	0.02183	0.01475	0.02122	0.01259	0.01505	0.00949	0.00900	0.04253	0.00259	0.01044	0.00512	0.00305	0.01007
97	0.01643	0.33793	0.22202	0.01407	0.02036	0.01933	0.01505	0.02111	0.03804	0.05538	0.09642	0.05602	0.01905	0.00985	0.02867	0.00226	0.00798	0.00656	0.00424	0.00921
98	0.01502	0.01010	0.01102	0.01004	0.01285	0.04413	0.00772	0.03846	0.04077	0.14641	0.19149	0.08508	0.28000	0.04022	0.00906	0.00251	0.00491	0.03544	0.00708	0.00769

[dist]
# distance from previous block
# <min> <max>
0	3

# created by:
# /st0/software/busco_prod/Augustus/scripts/msa2prfl.pl ./align_prep/165776.fa
