[name]
unknown

[dist]
# distance from previous block
# <min> <max>
0	56

[block]
# block no. 0 follows, 31 sequences, length 17
# corresponding to MSA columns:
# 56-72
name=unknown_A
#
# <colnr> <probs for GDERKNQSTAVLIFYWHMCP>
#	G	D	E	R	K	N	Q	S	T	A	V	L	I	F	Y	W	H	M	C	P
0	0.01218	0.12854	0.01499	0.01246	0.01471	0.01094	0.01113	0.01518	0.01545	0.01978	0.03196	0.06660	0.03449	0.01682	0.00864	0.00288	0.00646	0.56432	0.00576	0.00670
1	0.01811	0.57783	0.09562	0.01259	0.01882	0.02410	0.01274	0.07100	0.01535	0.01916	0.01051	0.01197	0.00910	0.00602	0.00482	0.00153	0.00740	0.00401	0.00331	0.07602
2	0.02307	0.01742	0.01895	0.01435	0.01997	0.01821	0.01179	0.52588	0.02770	0.03794	0.01537	0.01587	0.01126	0.00743	0.00640	0.00179	0.00692	0.00564	0.00615	0.20789
3	0.01507	0.01614	0.03253	0.02359	0.02976	0.01471	0.50204	0.01991	0.01550	0.02158	0.01570	0.08482	0.01351	0.00706	0.00757	0.00211	0.00964	0.00836	0.00383	0.15656
4	0.10313	0.01573	0.01639	0.01387	0.01830	0.01779	0.01107	0.22632	0.40890	0.06027	0.02256	0.02127	0.01662	0.00863	0.00664	0.00221	0.00603	0.00682	0.00670	0.01074
5	0.01605	0.01815	0.03908	0.02792	0.03480	0.01690	0.65845	0.02168	0.01605	0.02193	0.01376	0.01824	0.01037	0.00573	0.00793	0.00224	0.01122	0.00788	0.00349	0.04813
6	0.02328	0.02784	0.01834	0.01664	0.02026	0.54164	0.01258	0.02973	0.20188	0.01991	0.01518	0.01585	0.01203	0.00764	0.00638	0.00191	0.01049	0.00529	0.00444	0.00870
7	0.01844	0.01492	0.01592	0.01399	0.01806	0.01703	0.01097	0.09173	0.61440	0.06360	0.02684	0.02465	0.01991	0.00915	0.00695	0.00229	0.00561	0.00756	0.00702	0.01094
8	0.02601	0.01916	0.02053	0.01574	0.02122	0.02122	0.01300	0.69408	0.03217	0.04312	0.01643	0.01643	0.01163	0.00821	0.00684	0.00205	0.00753	0.00616	0.00684	0.01163
9	0.00834	0.00595	0.00794	0.00953	0.00992	0.00556	0.00635	0.00953	0.01310	0.01746	0.03771	0.75510	0.04525	0.02143	0.00873	0.00278	0.00397	0.01945	0.00635	0.00556
10	0.01598	0.01813	0.03935	0.06567	0.03634	0.01719	0.65734	0.02169	0.01602	0.02169	0.01375	0.01844	0.01032	0.00582	0.00801	0.00231	0.01141	0.00797	0.00344	0.00914
11	0.01292	0.01216	0.02052	0.74312	0.04712	0.01520	0.01900	0.01748	0.01368	0.01748	0.01216	0.01824	0.00912	0.00684	0.00684	0.00228	0.00912	0.00608	0.00304	0.00760
12	0.00834	0.00595	0.00794	0.00953	0.00992	0.00556	0.00635	0.00953	0.01310	0.01746	0.03771	0.75510	0.04525	0.02143	0.00873	0.00278	0.00397	0.01945	0.00635	0.00556
13	0.01601	0.01938	0.07787	0.02832	0.03542	0.01722	0.65547	0.02190	0.01605	0.02190	0.01376	0.01823	0.01029	0.00581	0.00799	0.00230	0.01146	0.00791	0.00343	0.00928
14	0.02375	0.09181	0.02023	0.01661	0.02038	0.57256	0.01276	0.02801	0.11477	0.01835	0.01290	0.01407	0.01050	0.00726	0.00613	0.00182	0.01095	0.00481	0.00396	0.00841
15	0.00968	0.00699	0.00914	0.00861	0.01022	0.00646	0.00646	0.01291	0.01937	0.02743	0.71328	0.05110	0.06455	0.01399	0.00807	0.00215	0.00323	0.01237	0.00753	0.00646
16	0.01414	0.10179	0.66137	0.01879	0.02851	0.01691	0.02404	0.02156	0.01439	0.02116	0.01203	0.01413	0.00868	0.00644	0.00631	0.00210	0.00986	0.00493	0.00289	0.00999

[dist]
# distance from previous block
# <min> <max>
0	34

[block]
# block no. 1 follows, 31 sequences, length 98
# corresponding to MSA columns:
# 107-204
name=unknown_B
#
# <colnr> <probs for GDERKNQSTAVLIFYWHMCP>
#	G	D	E	R	K	N	Q	S	T	A	V	L	I	F	Y	W	H	M	C	P
0	0.01689	0.01664	0.02775	0.08993	0.60487	0.04008	0.06150	0.02101	0.01561	0.02179	0.01280	0.01696	0.01062	0.00616	0.00684	0.00206	0.00855	0.00616	0.00337	0.01041
1	0.01332	0.01248	0.02057	0.67260	0.07521	0.01534	0.01865	0.01866	0.05114	0.01830	0.01304	0.01858	0.00983	0.00694	0.00684	0.00227	0.00888	0.00617	0.00327	0.00792
2	0.00840	0.00694	0.00737	0.00726	0.00944	0.00591	0.00545	0.01043	0.01634	0.02026	0.19705	0.06292	0.58526	0.01666	0.00808	0.00228	0.00342	0.01403	0.00659	0.00591
3	0.00956	0.00699	0.00898	0.00848	0.01015	0.00640	0.00636	0.01267	0.01908	0.02675	0.66396	0.05223	0.11430	0.01424	0.00807	0.00216	0.00325	0.01253	0.00744	0.00640
4	0.01436	0.01363	0.02312	0.49188	0.28713	0.01558	0.01972	0.01874	0.01436	0.01923	0.01241	0.01777	0.00974	0.00657	0.00682	0.00219	0.00876	0.00609	0.00316	0.00876
5	0.00968	0.00699	0.00914	0.00861	0.01022	0.00646	0.00646	0.01291	0.01937	0.02743	0.71328	0.05110	0.06455	0.01399	0.00807	0.00215	0.00323	0.01237	0.00753	0.00646
6	0.00834	0.00595	0.00794	0.00953	0.00992	0.00556	0.00635	0.00953	0.01310	0.01746	0.03771	0.75510	0.04525	0.02143	0.00873	0.00278	0.00397	0.01945	0.00635	0.00556
7	0.01404	0.08686	0.67548	0.01895	0.02876	0.01668	0.02432	0.02158	0.01441	0.02127	0.01208	0.01420	0.00867	0.00645	0.00635	0.00212	0.00991	0.00496	0.00289	0.01002
8	0.00832	0.00602	0.00787	0.00934	0.00987	0.00557	0.00627	0.00955	0.01327	0.01754	0.03994	0.70639	0.09252	0.02114	0.00869	0.00275	0.00393	0.01910	0.00635	0.00557
9	0.03070	0.01164	0.01588	0.01217	0.01746	0.01006	0.01006	0.03334	0.01958	0.72163	0.02699	0.02329	0.01694	0.00847	0.00688	0.00212	0.00582	0.00688	0.00847	0.01164
10	0.76559	0.01355	0.01062	0.00936	0.01366	0.01567	0.00771	0.05658	0.01275	0.03137	0.00990	0.01140	0.00764	0.00645	0.00438	0.00211	0.00541	0.00384	0.00438	0.00764
11	0.77402	0.01349	0.01051	0.00929	0.01358	0.01560	0.00765	0.04931	0.01253	0.03123	0.00982	0.01134	0.00759	0.00643	0.00435	0.00211	0.00539	0.00381	0.00435	0.00759
12	0.00968	0.00699	0.00914	0.00861	0.01022	0.00646	0.00646	0.01291	0.01937	0.02743	0.71328	0.05110	0.06455	0.01399	0.00807	0.00215	0.00323	0.01237	0.00753	0.00646
13	0.01102	0.00787	0.01102	0.01260	0.01417	0.00787	0.01102	0.01417	0.01575	0.02047	0.03622	0.07717	0.03937	0.01890	0.00945	0.00315	0.00630	0.67084	0.00630	0.00630
14	0.01716	0.58271	0.20688	0.01364	0.02055	0.02429	0.01508	0.02078	0.01404	0.01748	0.01020	0.01184	0.00875	0.00601	0.00491	0.00164	0.00801	0.00401	0.00292	0.00911
15	0.01372	0.03539	0.72412	0.01950	0.02961	0.01589	0.02528	0.02167	0.01444	0.02167	0.01228	0.01444	0.00867	0.00650	0.00650	0.00217	0.01011	0.00506	0.00289	0.01011
16	0.00887	0.00632	0.00846	0.00997	0.01056	0.00601	0.00707	0.01036	0.01343	0.01781	0.03676	0.60625	0.04335	0.05257	0.00997	0.00301	0.00449	0.13286	0.00625	0.00563
17	0.02989	0.01179	0.01575	0.01213	0.01730	0.01041	0.01000	0.06102	0.01994	0.66896	0.02638	0.02307	0.01673	0.00844	0.00681	0.00210	0.00581	0.00683	0.03520	0.01146
18	0.02560	0.02690	0.01957	0.03805	0.02173	0.46204	0.01315	0.22429	0.02300	0.06269	0.01324	0.01431	0.01009	0.00746	0.00643	0.00188	0.01047	0.00511	0.00476	0.00922
19	0.01419	0.01216	0.01419	0.01013	0.01621	0.00912	0.00811	0.01723	0.01419	0.02229	0.01216	0.01419	0.01013	0.00507	0.00507	0.00101	0.00507	0.00405	0.00405	0.80139
20	0.02201	0.01583	0.01706	0.01399	0.01841	0.04119	0.01130	0.32846	0.19098	0.12025	0.10142	0.02537	0.02147	0.00949	0.00708	0.00216	0.00643	0.02952	0.00702	0.01054
21	0.80789	0.01323	0.01006	0.00900	0.01323	0.01535	0.00741	0.02011	0.01164	0.03070	0.00953	0.01111	0.00741	0.00635	0.00423	0.00212	0.00529	0.00370	0.00423	0.00741
22	0.01466	0.01244	0.01444	0.01036	0.01641	0.00960	0.00830	0.04415	0.01490	0.02312	0.01233	0.01428	0.01019	0.00519	0.00514	0.00105	0.00516	0.00414	0.00416	0.76997
23	0.01343	0.01269	0.02145	0.65318	0.13304	0.01534	0.01926	0.01793	0.01392	0.01810	0.01225	0.01807	0.00934	0.00674	0.00683	0.00225	0.00899	0.00608	0.00308	0.00802
24	0.01676	0.01608	0.02746	0.07236	0.68788	0.01621	0.02091	0.02084	0.01550	0.02214	0.01284	0.01699	0.01076	0.00613	0.00678	0.00204	0.00817	0.00610	0.00337	0.01070
25	0.01487	0.21913	0.55047	0.01753	0.02657	0.01871	0.02185	0.02137	0.01431	0.02026	0.01158	0.01357	0.00870	0.00634	0.00597	0.00199	0.00941	0.00470	0.00290	0.00977
26	0.01062	0.00747	0.00885	0.00903	0.00983	0.00743	0.00594	0.06875	0.01383	0.01848	0.06956	0.32181	0.05710	0.33721	0.01973	0.00432	0.00536	0.01364	0.00551	0.00553
27	0.00880	0.00688	0.00798	0.00786	0.00972	0.00606	0.00583	0.01115	0.01706	0.02232	0.34884	0.11109	0.37959	0.01617	0.00813	0.00228	0.00340	0.01391	0.00687	0.00606
28	0.02450	0.02998	0.02189	0.01878	0.02284	0.59715	0.09158	0.07586	0.01996	0.01929	0.01138	0.01335	0.00920	0.00699	0.00644	0.00185	0.01189	0.00496	0.00376	0.00835
29	0.02487	0.02722	0.01998	0.01709	0.02124	0.48563	0.04170	0.17926	0.02205	0.05110	0.01470	0.01579	0.03380	0.00767	0.00650	0.00188	0.01064	0.00540	0.00457	0.00891
30	0.01554	0.01592	0.02087	0.01794	0.01813	0.05943	0.01487	0.01705	0.01096	0.01648	0.00907	0.01483	0.00897	0.01171	0.02157	0.00293	0.70729	0.00590	0.00302	0.00751
31	0.01262	0.00640	0.00650	0.00647	0.00807	0.00638	0.00485	0.01581	0.01456	0.02559	0.05225	0.02661	0.01957	0.00823	0.00492	0.00162	0.00319	0.00664	0.76332	0.00638
32	0.07657	0.01346	0.01778	0.33550	0.03031	0.01546	0.01417	0.22161	0.01927	0.05423	0.01745	0.12153	0.01517	0.00935	0.00691	0.00226	0.00749	0.00785	0.00496	0.00868
33	0.01372	0.03539	0.72412	0.01950	0.02961	0.01589	0.02528	0.02167	0.01444	0.02167	0.01228	0.01444	0.00867	0.00650	0.00650	0.00217	0.01011	0.00506	0.00289	0.01011
34	0.00995	0.00663	0.00746	0.00746	0.00746	0.00663	0.00415	0.00995	0.00995	0.01327	0.02156	0.04477	0.02487	0.75957	0.03482	0.00663	0.00663	0.00995	0.00415	0.00415
35	0.01102	0.00787	0.01102	0.01260	0.01417	0.00787	0.01102	0.01417	0.01575	0.02047	0.03622	0.07717	0.03937	0.01890	0.00945	0.00315	0.00630	0.67084	0.00630	0.00630
36	0.01618	0.01805	0.03808	0.02985	0.11228	0.01734	0.58588	0.02157	0.01583	0.02172	0.01352	0.01813	0.01037	0.00608	0.00856	0.00231	0.04373	0.00776	0.00343	0.00933
37	0.01314	0.00951	0.01150	0.01148	0.01329	0.00979	0.00868	0.17604	0.01804	0.02402	0.03165	0.43098	0.03528	0.04755	0.00945	0.00282	0.00534	0.12797	0.00637	0.00710
38	0.00852	0.00705	0.00753	0.00772	0.00991	0.00607	0.00599	0.01048	0.01574	0.01905	0.08728	0.06679	0.60514	0.01741	0.00826	0.00241	0.00382	0.09857	0.00639	0.00587
39	0.01693	0.01626	0.02777	0.04199	0.71689	0.01626	0.02100	0.02100	0.01558	0.02235	0.01287	0.01693	0.01084	0.00610	0.00677	0.00203	0.00813	0.00610	0.00339	0.01084
40	0.05327	0.73043	0.03471	0.01159	0.01737	0.02655	0.01152	0.02047	0.01380	0.01674	0.00951	0.01098	0.00872	0.00588	0.00438	0.00149	0.00723	0.00366	0.00298	0.00872
41	0.00809	0.00693	0.00693	0.00693	0.00924	0.00578	0.00520	0.00982	0.01559	0.01848	0.06931	0.06584	0.71411	0.01733	0.00809	0.00231	0.00347	0.01444	0.00635	0.00578
42	0.01615	0.01845	0.04037	0.02884	0.03576	0.01730	0.69204	0.02191	0.01615	0.02191	0.01384	0.01845	0.01038	0.00577	0.00807	0.00231	0.01153	0.00807	0.00346	0.00923
43	0.01062	0.00765	0.00984	0.00947	0.01116	0.00733	0.00731	0.04312	0.01888	0.02631	0.54236	0.05318	0.05624	0.05482	0.00967	0.00254	0.00407	0.11177	0.00713	0.00654
44	0.01958	0.01412	0.01555	0.01359	0.01773	0.01571	0.01068	0.03579	0.57609	0.15857	0.02769	0.02511	0.02014	0.00913	0.00695	0.00228	0.00549	0.00757	0.00724	0.01098
45	0.00834	0.00595	0.00794	0.00953	0.00992	0.00556	0.00635	0.00953	0.01310	0.01746	0.03771	0.75510	0.04525	0.02143	0.00873	0.00278	0.00397	0.01945	0.00635	0.00556
46	0.01292	0.01216	0.02052	0.74312	0.04712	0.01520	0.01900	0.01748	0.01368	0.01748	0.01216	0.01824	0.00912	0.00684	0.00684	0.00228	0.00912	0.00608	0.00304	0.00760
47	0.01631	0.34589	0.39241	0.01607	0.02401	0.05941	0.01884	0.02147	0.01448	0.01902	0.01101	0.01285	0.00872	0.00625	0.00558	0.00184	0.00904	0.00442	0.00294	0.00943
48	0.01372	0.03539	0.72412	0.01950	0.02961	0.01589	0.02528	0.02167	0.01444	0.02167	0.01228	0.01444	0.00867	0.00650	0.00650	0.00217	0.01011	0.00506	0.00289	0.01011
49	0.00809	0.00693	0.00693	0.00693	0.00924	0.00578	0.00520	0.00982	0.01559	0.01848	0.06931	0.06584	0.71411	0.01733	0.00809	0.00231	0.00347	0.01444	0.00635	0.00578
50	0.01693	0.01626	0.02777	0.04199	0.71689	0.01626	0.02100	0.02100	0.01558	0.02235	0.01287	0.01693	0.01084	0.00610	0.00677	0.00203	0.00813	0.00610	0.00339	0.01084
51	0.02601	0.01916	0.02053	0.01574	0.02122	0.02122	0.01300	0.69408	0.03217	0.04312	0.01643	0.01643	0.01163	0.00821	0.00684	0.00205	0.00753	0.00616	0.00684	0.01163
52	0.03070	0.01164	0.01588	0.01217	0.01746	0.01006	0.01006	0.03334	0.01958	0.72163	0.02699	0.02329	0.01694	0.00847	0.00688	0.00212	0.00582	0.00688	0.00847	0.01164
53	0.01275	0.00638	0.00638	0.00638	0.00797	0.00638	0.00478	0.01594	0.01435	0.02551	0.02232	0.02551	0.01754	0.00797	0.00478	0.00159	0.00319	0.00638	0.79755	0.00638
54	0.01423	0.11683	0.64715	0.01863	0.02826	0.01714	0.02376	0.02153	0.01438	0.02104	0.01197	0.01406	0.00868	0.00643	0.00626	0.00209	0.00980	0.00490	0.00289	0.00996
55	0.00977	0.00733	0.01100	0.01100	0.01222	0.00855	0.00855	0.01222	0.01100	0.01588	0.01833	0.02688	0.01710	0.05131	0.73245	0.01100	0.01833	0.00733	0.00367	0.00611
56	0.01292	0.01216	0.02052	0.74312	0.04712	0.01520	0.01900	0.01748	0.01368	0.01748	0.01216	0.01824	0.00912	0.00684	0.00684	0.00228	0.00912	0.00608	0.00304	0.00760
57	0.01419	0.01216	0.01419	0.01013	0.01621	0.00912	0.00811	0.01723	0.01419	0.02229	0.01216	0.01419	0.01013	0.00507	0.00507	0.00101	0.00507	0.00405	0.00405	0.80139
58	0.00995	0.00663	0.00746	0.00746	0.00746	0.00663	0.00415	0.00995	0.00995	0.01327	0.02156	0.04477	0.02487	0.75957	0.03482	0.00663	0.00663	0.00995	0.00415	0.00415
59	0.01372	0.03539	0.72412	0.01950	0.02961	0.01589	0.02528	0.02167	0.01444	0.02167	0.01228	0.01444	0.00867	0.00650	0.00650	0.00217	0.01011	0.00506	0.00289	0.01011
60	0.01693	0.01626	0.02777	0.04199	0.71689	0.01626	0.02100	0.02100	0.01558	0.02235	0.01287	0.01693	0.01084	0.00610	0.00677	0.00203	0.00813	0.00610	0.00339	0.01084
61	0.01275	0.00638	0.00638	0.00638	0.00797	0.00638	0.00478	0.01594	0.01435	0.02551	0.02232	0.02551	0.01754	0.00797	0.00478	0.00159	0.00319	0.00638	0.79755	0.00638
62	0.01829	0.76368	0.03585	0.01171	0.01756	0.02707	0.01171	0.02049	0.01390	0.01610	0.00951	0.01097	0.00878	0.00585	0.00439	0.00146	0.00732	0.00366	0.00293	0.00878
63	0.00977	0.00733	0.01100	0.01100	0.01222	0.00855	0.00855	0.01222	0.01100	0.01588	0.01833	0.02688	0.01710	0.05131	0.73245	0.01100	0.01833	0.00733	0.00367	0.00611
64	0.11125	0.01772	0.01551	0.01308	0.01696	0.16370	0.01035	0.27912	0.02298	0.03060	0.14234	0.02678	0.10167	0.00983	0.00676	0.00205	0.00704	0.00756	0.00592	0.00879
65	0.02322	0.01364	0.01596	0.01228	0.01739	0.01311	0.01001	0.22940	0.04456	0.26125	0.01991	0.01938	0.01394	0.00758	0.00625	0.00180	0.00589	0.00599	0.08456	0.19391
66	0.01292	0.01216	0.02052	0.74312	0.04712	0.01520	0.01900	0.01748	0.01368	0.01748	0.01216	0.01824	0.00912	0.00684	0.00684	0.00228	0.00912	0.00608	0.00304	0.00760
67	0.00821	0.00689	0.00712	0.00715	0.00934	0.00581	0.00533	0.01002	0.01575	0.01905	0.11213	0.09313	0.64215	0.01727	0.00811	0.00232	0.00347	0.01450	0.00643	0.00581
68	0.05980	0.01510	0.01732	0.01357	0.01859	0.01565	0.01112	0.34782	0.05252	0.29738	0.02146	0.04411	0.01511	0.00871	0.00676	0.00210	0.00647	0.00684	0.02849	0.01108
69	0.02557	0.03205	0.01943	0.01755	0.02115	0.70292	0.01321	0.05469	0.01991	0.01783	0.01082	0.01251	0.00893	0.00710	0.00620	0.00177	0.01214	0.00448	0.00366	0.00808
70	0.01372	0.03539	0.72412	0.01950	0.02961	0.01589	0.02528	0.02167	0.01444	0.02167	0.01228	0.01444	0.00867	0.00650	0.00650	0.00217	0.01011	0.00506	0.00289	0.01011
71	0.00810	0.00689	0.00697	0.00704	0.00927	0.00577	0.00524	0.00981	0.01549	0.01844	0.06803	0.09362	0.68715	0.01749	0.00811	0.00233	0.00349	0.01464	0.00635	0.00577
72	0.01330	0.00690	0.00696	0.00676	0.00851	0.00699	0.00512	0.04378	0.01508	0.02623	0.02208	0.02513	0.01729	0.00798	0.00487	0.00161	0.00337	0.00637	0.76509	0.00659
73	0.01259	0.00750	0.00838	0.00812	0.00947	0.00798	0.00599	0.04453	0.01405	0.02299	0.02213	0.08301	0.01983	0.11009	0.05154	0.00298	0.04832	0.00787	0.50632	0.00630
74	0.01653	0.01742	0.05987	0.05706	0.52821	0.01643	0.16050	0.02112	0.01560	0.02210	0.01303	0.01718	0.01060	0.00606	0.00703	0.00210	0.00895	0.00646	0.00337	0.01038
75	0.01693	0.01626	0.02777	0.04199	0.71689	0.01626	0.02100	0.02100	0.01558	0.02235	0.01287	0.01693	0.01084	0.00610	0.00677	0.00203	0.00813	0.00610	0.00339	0.01084
76	0.00855	0.00612	0.00813	0.00938	0.00997	0.00570	0.00637	0.01006	0.01409	0.01904	0.14462	0.64369	0.04830	0.02026	0.00863	0.00268	0.00385	0.01833	0.00654	0.00570
77	0.01421	0.07296	0.62822	0.02044	0.05852	0.01657	0.05289	0.02158	0.01454	0.02141	0.01222	0.01454	0.00884	0.00642	0.00647	0.00213	0.00994	0.00515	0.00294	0.01003
78	0.01024	0.00794	0.01156	0.01130	0.01231	0.00947	0.00873	0.01239	0.01086	0.01571	0.01778	0.02737	0.01706	0.10887	0.61015	0.00992	0.08117	0.00744	0.00365	0.00606
79	0.00964	0.00703	0.00909	0.00867	0.01032	0.00647	0.00657	0.01278	0.01900	0.02663	0.64827	0.05302	0.10158	0.01438	0.00813	0.00220	0.00337	0.03904	0.00741	0.00641
80	0.00967	0.00693	0.00849	0.00922	0.01077	0.00627	0.00695	0.01154	0.01494	0.04668	0.06623	0.32497	0.29161	0.01873	0.00854	0.00263	0.00427	0.13905	0.00646	0.00604
81	0.02387	0.01720	0.01963	0.01532	0.02037	0.01871	0.04109	0.48520	0.11569	0.09613	0.04284	0.02014	0.01536	0.02678	0.00764	0.00222	0.00711	0.00681	0.00681	0.01107
82	0.01621	0.01827	0.03932	0.02993	0.09236	0.01721	0.63628	0.02184	0.01610	0.02195	0.01376	0.01833	0.01042	0.00579	0.00797	0.00228	0.01125	0.00791	0.00345	0.00936
83	0.00849	0.00602	0.00789	0.00933	0.00969	0.00566	0.00614	0.00957	0.01280	0.01707	0.03618	0.68808	0.04333	0.09108	0.01119	0.00314	0.00422	0.01855	0.00614	0.00542
84	0.01802	0.71291	0.05736	0.01219	0.01796	0.02649	0.01226	0.02038	0.01379	0.01629	0.00958	0.01123	0.00878	0.00610	0.00512	0.00154	0.03451	0.00379	0.00293	0.00877
85	0.23510	0.19083	0.04417	0.01307	0.04574	0.06701	0.01093	0.02544	0.01576	0.26788	0.01595	0.01579	0.01135	0.00702	0.00552	0.00194	0.00673	0.00500	0.00528	0.00949
86	0.01042	0.00751	0.01029	0.01179	0.01321	0.00738	0.00994	0.01317	0.01530	0.01987	0.03826	0.18836	0.07685	0.01923	0.00926	0.00304	0.00576	0.52790	0.00631	0.00615
87	0.01694	0.01619	0.02724	0.04079	0.68698	0.01629	0.02056	0.02165	0.04506	0.02262	0.01351	0.01730	0.01127	0.00623	0.00678	0.00204	0.00801	0.00617	0.00354	0.01084
88	0.03378	0.02232	0.21527	0.05741	0.03221	0.04234	0.40845	0.02113	0.01544	0.02142	0.01442	0.05686	0.01163	0.00692	0.00748	0.00227	0.01052	0.00757	0.00347	0.00910
89	0.01811	0.01480	0.01576	0.01394	0.01796	0.01694	0.01091	0.07181	0.63780	0.06011	0.02719	0.02493	0.02021	0.00919	0.00695	0.00230	0.00555	0.00761	0.00702	0.01091
90	0.01162	0.00790	0.00879	0.00824	0.01091	0.00694	0.00636	0.01442	0.04587	0.11011	0.12899	0.05744	0.50732	0.01554	0.00792	0.00229	0.00391	0.03182	0.00677	0.00683
91	0.04378	0.61144	0.15525	0.01298	0.01952	0.02473	0.01393	0.02068	0.01392	0.01756	0.01000	0.01159	0.00871	0.00598	0.00475	0.00161	0.00774	0.00390	0.00296	0.00897
92	0.15391	0.08543	0.30087	0.11356	0.02859	0.01663	0.13474	0.02129	0.01432	0.05210	0.01245	0.01514	0.00916	0.00642	0.00626	0.00214	0.00897	0.00544	0.00348	0.00911
93	0.00988	0.00727	0.01069	0.01069	0.01187	0.00840	0.00824	0.01224	0.01106	0.01609	0.01860	0.02759	0.01745	0.08005	0.67838	0.01049	0.01732	0.00741	0.03024	0.00603
94	0.04332	0.01775	0.05984	0.03865	0.02161	0.09160	0.10153	0.01886	0.01309	0.01896	0.01059	0.01495	0.00927	0.00889	0.01410	0.00236	0.36686	0.00565	0.00332	0.13883
95	0.09548	0.16696	0.04958	0.01348	0.01842	0.08576	0.01174	0.15547	0.04920	0.20086	0.04459	0.01782	0.01403	0.00789	0.00677	0.00199	0.03879	0.00571	0.00562	0.00984
96	0.02569	0.01510	0.06392	0.01481	0.04701	0.01372	0.01218	0.16715	0.07969	0.40512	0.02323	0.04625	0.01615	0.00880	0.00733	0.00217	0.02628	0.00706	0.00721	0.01112
97	0.08048	0.12962	0.01564	0.01062	0.01428	0.01229	0.00884	0.04388	0.04544	0.20524	0.15678	0.07230	0.08553	0.01107	0.00680	0.00213	0.00521	0.05243	0.03291	0.00849

[dist]
# distance from previous block
# <min> <max>
0	8

# created by:
# /st0/software/busco_prod/Augustus/scripts/msa2prfl.pl ./align_prep/165787.fa
