[name]
unknown

[dist]
# distance from previous block
# <min> <max>
28	56

[block]
# block no. 0 follows, 24 sequences, length 57
# corresponding to MSA columns:
# 61,63-118
name=unknown_A
#
# <colnr> <probs for GDERKNQSTAVLIFYWHMCP>
#	G	D	E	R	K	N	Q	S	T	A	V	L	I	F	Y	W	H	M	C	P
0	0.01543	0.09208	0.02036	0.09626	0.02182	0.01539	0.06193	0.04541	0.01587	0.02291	0.01988	0.06457	0.01782	0.02490	0.21186	0.00549	0.07969	0.00830	0.15166	0.00838
1	0.10418	0.02297	0.12297	0.09413	0.20253	0.12815	0.04743	0.02361	0.01706	0.02405	0.01489	0.01957	0.01226	0.01558	0.11359	0.00400	0.01234	0.00657	0.00399	0.01012
2	0.02229	0.05404	0.02068	0.01555	0.01991	0.01897	0.01268	0.27984	0.02530	0.06483	0.11571	0.02688	0.02327	0.06014	0.01277	0.00276	0.11345	0.00811	0.00664	0.09617
3	0.05631	0.01035	0.01189	0.01272	0.03503	0.01050	0.00901	0.03739	0.12617	0.02488	0.04729	0.32635	0.19653	0.01907	0.00918	0.00292	0.00523	0.04381	0.00725	0.00812
4	0.01001	0.00735	0.00906	0.01004	0.01104	0.00676	0.00680	0.01161	0.01612	0.02118	0.11883	0.43548	0.17313	0.10791	0.01358	0.00358	0.00477	0.01914	0.00720	0.00641
5	0.02369	0.01727	0.01902	0.01545	0.01975	0.01931	0.01240	0.38706	0.05687	0.03907	0.02081	0.02480	0.01662	0.08001	0.05082	0.00348	0.05325	0.00774	0.12156	0.01103
6	0.14533	0.25090	0.07113	0.01629	0.02133	0.23221	0.01436	0.02527	0.01714	0.02197	0.01218	0.01565	0.01075	0.03907	0.00938	0.00241	0.07617	0.00520	0.00392	0.00934
7	0.01638	0.01596	0.02240	0.01954	0.01970	0.02199	0.01612	0.01820	0.01236	0.01908	0.01319	0.05541	0.01351	0.01877	0.08799	0.00433	0.60501	0.00791	0.00375	0.00841
8	0.01051	0.00814	0.01083	0.01197	0.01250	0.00846	0.00841	0.01197	0.01501	0.02018	0.04205	0.60091	0.08297	0.02334	0.01187	0.00322	0.08358	0.02046	0.00692	0.00671
9	0.01907	0.01948	0.02726	0.19354	0.35726	0.11372	0.04011	0.02330	0.01794	0.02314	0.01691	0.08049	0.01525	0.00898	0.00801	0.00246	0.01009	0.00821	0.00416	0.01061
10	0.02964	0.03728	0.02252	0.02036	0.02452	0.66771	0.01531	0.05176	0.02296	0.02041	0.01248	0.01446	0.01032	0.00822	0.00718	0.00205	0.01412	0.00517	0.00421	0.00933
11	0.05052	0.02140	0.10555	0.30469	0.04382	0.06171	0.25145	0.02357	0.01734	0.02332	0.01458	0.01994	0.01094	0.00741	0.00823	0.00259	0.01178	0.00752	0.00378	0.00985
12	0.01819	0.01790	0.02406	0.45836	0.11894	0.09382	0.02038	0.04781	0.07838	0.02317	0.01589	0.02091	0.01216	0.00818	0.00785	0.00254	0.01038	0.00702	0.00423	0.00982
13	0.01033	0.00809	0.00963	0.01011	0.01206	0.00699	0.00714	0.01216	0.01629	0.02127	0.05262	0.42343	0.25394	0.02112	0.00939	0.00281	0.00455	0.01859	0.00706	0.09242
14	0.02187	0.65034	0.06058	0.01418	0.02098	0.05889	0.01409	0.02463	0.01663	0.04083	0.01186	0.01339	0.01049	0.00697	0.00535	0.00176	0.00878	0.00445	0.00363	0.01029
15	0.01800	0.03230	0.43617	0.02453	0.07370	0.01802	0.11637	0.06086	0.01851	0.05876	0.01735	0.05826	0.01360	0.00860	0.00802	0.00256	0.01099	0.00759	0.00430	0.01151
16	0.03379	0.01389	0.01835	0.01434	0.02029	0.01256	0.01176	0.03904	0.09413	0.60486	0.03140	0.02728	0.02014	0.00992	0.00799	0.00248	0.00669	0.00809	0.00962	0.01339
17	0.01536	0.01437	0.02416	0.55618	0.14792	0.01709	0.02144	0.02030	0.01616	0.02114	0.01612	0.06549	0.01357	0.00888	0.00806	0.00264	0.01001	0.00804	0.00383	0.00924
18	0.02030	0.05035	0.32060	0.01971	0.06297	0.01693	0.02007	0.09280	0.04907	0.12879	0.05249	0.02580	0.04723	0.04673	0.00950	0.00274	0.00920	0.00768	0.00561	0.01142
19	0.01049	0.00763	0.00964	0.01002	0.01130	0.00704	0.00703	0.01285	0.01834	0.02498	0.31986	0.29592	0.12642	0.08643	0.01256	0.00327	0.00445	0.01727	0.00772	0.00677
20	0.01110	0.00751	0.00878	0.00920	0.00931	0.00740	0.00540	0.01142	0.01238	0.01650	0.02932	0.20581	0.03430	0.55993	0.03335	0.00665	0.00697	0.01408	0.00540	0.00518
21	0.02372	0.37769	0.11301	0.01739	0.02399	0.22307	0.03687	0.02709	0.01850	0.05454	0.01301	0.01472	0.01073	0.00744	0.00629	0.00197	0.01067	0.00506	0.00395	0.01027
22	0.01875	0.02072	0.07067	0.17404	0.32369	0.05218	0.17570	0.02418	0.01792	0.02427	0.01486	0.01994	0.01177	0.00723	0.00818	0.00248	0.01100	0.00746	0.00384	0.01113
23	0.00998	0.00801	0.00861	0.00848	0.01070	0.00696	0.00617	0.01210	0.01820	0.02278	0.18949	0.07021	0.47998	0.09823	0.01286	0.00321	0.00438	0.01568	0.00734	0.00664
24	0.01792	0.01564	0.02051	0.01476	0.02186	0.01288	0.08120	0.07613	0.01855	0.02793	0.01475	0.01723	0.01193	0.00629	0.00645	0.00145	0.00697	0.00544	0.00491	0.61720
25	0.02485	0.01796	0.01941	0.01554	0.02039	0.01971	0.01249	0.44284	0.06003	0.04212	0.05320	0.02583	0.01928	0.07078	0.03198	0.00311	0.00811	0.00802	0.09283	0.01153
26	0.01611	0.01374	0.01608	0.01171	0.01843	0.01037	0.00930	0.01952	0.01638	0.02556	0.01557	0.05120	0.01377	0.00681	0.00608	0.00128	0.00581	0.00558	0.00483	0.73188
27	0.10750	0.20398	0.06125	0.01779	0.02182	0.20931	0.01547	0.02455	0.01641	0.02125	0.01135	0.01479	0.01007	0.00943	0.01212	0.00246	0.22195	0.00539	0.00378	0.00935
28	0.01451	0.00945	0.01175	0.01057	0.01326	0.00877	0.00812	0.05289	0.02264	0.09725	0.47405	0.05630	0.15810	0.01578	0.00913	0.00251	0.00438	0.01365	0.00858	0.00832
29	0.01883	0.01510	0.01958	0.09457	0.05138	0.01758	0.01431	0.20867	0.05287	0.02944	0.02007	0.06336	0.01754	0.02655	0.22688	0.00589	0.09345	0.00851	0.00555	0.00988
30	0.01195	0.00870	0.01077	0.01166	0.01292	0.00850	0.00814	0.08244	0.01785	0.02366	0.04328	0.59666	0.08759	0.02281	0.00983	0.00309	0.00503	0.02044	0.00743	0.00725
31	0.01246	0.00805	0.01056	0.01056	0.01196	0.00885	0.00793	0.01525	0.01386	0.02166	0.02315	0.03297	0.02100	0.11777	0.39639	0.00867	0.01406	0.00848	0.24944	0.00692
32	0.01972	0.01703	0.01793	0.01614	0.02062	0.01972	0.01255	0.04214	0.65752	0.03317	0.03228	0.02959	0.02421	0.01076	0.00807	0.00269	0.00628	0.00897	0.00807	0.01255
33	0.01580	0.01410	0.02237	0.03186	0.37004	0.01387	0.01772	0.01966	0.01796	0.02437	0.03325	0.08263	0.12267	0.01375	0.00899	0.00278	0.00781	0.16486	0.00549	0.01001
34	0.01260	0.00900	0.01257	0.01440	0.01614	0.00897	0.01246	0.01612	0.01808	0.02353	0.04209	0.12571	0.04603	0.02208	0.01090	0.00363	0.00715	0.58399	0.00731	0.00725
35	0.00953	0.00786	0.00840	0.00880	0.01104	0.00672	0.00649	0.01148	0.01755	0.02128	0.07235	0.19494	0.53502	0.02102	0.00956	0.00281	0.00423	0.03690	0.00736	0.00667
36	0.02313	0.08452	0.04984	0.01623	0.02084	0.08742	0.01362	0.15158	0.12766	0.11691	0.09480	0.06536	0.02414	0.01134	0.00960	0.00251	0.07398	0.00870	0.00683	0.01097
37	0.63954	0.01499	0.01291	0.01111	0.01625	0.01665	0.00916	0.02616	0.01520	0.15479	0.01480	0.01550	0.01064	0.00782	0.00548	0.00245	0.00625	0.00498	0.00582	0.00950
38	0.01175	0.00907	0.01372	0.09007	0.01836	0.01064	0.01095	0.01468	0.01302	0.01842	0.02068	0.03136	0.01936	0.09613	0.57149	0.01128	0.01917	0.00853	0.00420	0.00713
39	0.02859	0.01294	0.01663	0.01368	0.01870	0.01197	0.01095	0.03432	0.11745	0.46402	0.03598	0.10809	0.06565	0.01231	0.00832	0.00259	0.00626	0.01033	0.00912	0.01212
40	0.01634	0.02143	0.17700	0.30348	0.07013	0.01802	0.10186	0.05128	0.01717	0.02355	0.01582	0.04234	0.01272	0.01151	0.04840	0.00323	0.04422	0.00764	0.00393	0.00994
41	0.02801	0.03205	0.02271	0.02124	0.06112	0.47646	0.01549	0.12408	0.09589	0.02589	0.01567	0.01703	0.01241	0.00860	0.00741	0.00218	0.01229	0.00596	0.00510	0.01040
42	0.26919	0.05148	0.01771	0.03671	0.01909	0.15238	0.01217	0.02185	0.01539	0.02470	0.01616	0.10292	0.01576	0.01522	0.06708	0.00348	0.13804	0.00764	0.00461	0.00841
43	0.01495	0.01334	0.02194	0.62407	0.04951	0.01647	0.02017	0.02006	0.01594	0.02131	0.01542	0.02209	0.01167	0.00808	0.00766	0.00255	0.00980	0.00709	0.08925	0.00865
44	0.00984	0.00705	0.00908	0.01062	0.01116	0.00658	0.00702	0.01111	0.01497	0.01981	0.04387	0.61095	0.08526	0.09648	0.01320	0.00365	0.00489	0.02107	0.00710	0.00629
45	0.02116	0.18304	0.05336	0.08243	0.02431	0.18278	0.01460	0.07864	0.05000	0.02510	0.11278	0.02289	0.02102	0.00940	0.00804	0.00219	0.04252	0.00694	0.00507	0.05374
46	0.01922	0.46062	0.25826	0.01697	0.02513	0.02664	0.01910	0.02400	0.01615	0.02087	0.01209	0.01430	0.01014	0.00736	0.00687	0.00205	0.04128	0.00491	0.00338	0.01063
47	0.03558	0.01350	0.01840	0.01411	0.02024	0.01166	0.01166	0.03865	0.02270	0.67734	0.03128	0.02699	0.01963	0.00981	0.00797	0.00245	0.00675	0.00797	0.00981	0.01350
48	0.00984	0.00721	0.00928	0.01073	0.01161	0.00664	0.00741	0.01154	0.01613	0.02127	0.08829	0.56948	0.13138	0.02358	0.01001	0.00312	0.00457	0.04390	0.00745	0.00657
49	0.02210	0.06700	0.02722	0.02726	0.18674	0.20354	0.07965	0.02712	0.07030	0.04806	0.01832	0.02568	0.01599	0.00983	0.00968	0.00252	0.07651	0.06724	0.00479	0.01045
50	0.00990	0.00707	0.00947	0.01131	0.01187	0.00664	0.00777	0.01145	0.01541	0.02051	0.04358	0.66887	0.05193	0.02462	0.01018	0.00325	0.00480	0.06750	0.00736	0.00651
51	0.01153	0.00769	0.00865	0.00865	0.00865	0.00769	0.00480	0.01153	0.01153	0.01538	0.02499	0.05189	0.02883	0.72131	0.04036	0.00769	0.00769	0.01153	0.00480	0.00480
52	0.01770	0.32022	0.14206	0.08047	0.02470	0.06052	0.01627	0.02170	0.01572	0.01991	0.01451	0.01893	0.01262	0.02033	0.17780	0.00472	0.01278	0.00590	0.00365	0.00948
53	0.01818	0.02634	0.25410	0.09973	0.22207	0.01865	0.17510	0.02490	0.01770	0.04507	0.01538	0.01945	0.01160	0.00730	0.00812	0.00252	0.01119	0.00724	0.00389	0.01148
54	0.01209	0.00891	0.01182	0.01328	0.01527	0.00864	0.01141	0.01541	0.01822	0.02326	0.04974	0.08679	0.17157	0.02154	0.01063	0.00345	0.00664	0.49684	0.00731	0.00718
55	0.01838	0.01474	0.01708	0.01250	0.01933	0.01200	0.01003	0.06212	0.05179	0.05795	0.01616	0.01779	0.01288	0.00655	0.00622	0.00139	0.00612	0.00523	0.00532	0.64641
56	0.01226	0.00881	0.01110	0.01039	0.01226	0.00843	0.00766	0.05089	0.02185	0.03063	0.53329	0.09416	0.06563	0.08303	0.01225	0.00302	0.00445	0.01413	0.00823	0.00752

[dist]
# distance from previous block
# <min> <max>
0	2

[block]
# block no. 1 follows, 24 sequences, length 62
# corresponding to MSA columns:
# 121-182
name=unknown_B
#
# <colnr> <probs for GDERKNQSTAVLIFYWHMCP>
#	G	D	E	R	K	N	Q	S	T	A	V	L	I	F	Y	W	H	M	C	P
0	0.01748	0.01665	0.02831	0.35018	0.38711	0.01828	0.02327	0.02246	0.01704	0.02330	0.01454	0.02033	0.01164	0.00746	0.00789	0.00249	0.00995	0.00706	0.00374	0.01083
1	0.02120	0.72609	0.04155	0.01357	0.02035	0.03138	0.01357	0.02374	0.01611	0.01866	0.01102	0.01272	0.01018	0.00678	0.00509	0.00170	0.00848	0.00424	0.00339	0.01018
2	0.01550	0.01277	0.01420	0.01316	0.01640	0.01386	0.01005	0.02888	0.35935	0.03098	0.24396	0.08511	0.09465	0.01415	0.00872	0.00266	0.00516	0.01218	0.00818	0.01005
3	0.01058	0.00808	0.00970	0.00930	0.01145	0.00721	0.00697	0.01371	0.02092	0.02817	0.46207	0.06521	0.28269	0.01757	0.00936	0.00256	0.00384	0.01518	0.00825	0.00721
4	0.02374	0.01704	0.01903	0.01610	0.02072	0.01851	0.01344	0.40585	0.02986	0.04059	0.02609	0.03957	0.02308	0.01291	0.00851	0.00267	0.00780	0.17584	0.08751	0.01114
5	0.01377	0.00689	0.01033	0.01033	0.01033	0.00689	0.00689	0.01033	0.01033	0.01377	0.01377	0.02410	0.01377	0.02755	0.03099	0.76928	0.00689	0.00689	0.00344	0.00344
6	0.02962	0.03779	0.02247	0.02043	0.02451	0.68948	0.01532	0.03166	0.02247	0.01941	0.01226	0.01430	0.01021	0.00817	0.00715	0.00204	0.01430	0.00511	0.00409	0.00919
7	0.02390	0.01769	0.01944	0.01614	0.02075	0.01931	0.01280	0.43593	0.06660	0.04081	0.02660	0.21198	0.02485	0.01382	0.00854	0.00263	0.00745	0.01149	0.00778	0.01149
8	0.01219	0.00894	0.01196	0.01347	0.01544	0.00871	0.01161	0.01556	0.01822	0.02333	0.04862	0.08718	0.15344	0.02159	0.01068	0.00348	0.00673	0.51435	0.00731	0.00720
9	0.00949	0.00792	0.00828	0.00844	0.01085	0.00671	0.00624	0.01152	0.01798	0.02180	0.10479	0.14286	0.57513	0.02040	0.00945	0.00273	0.00406	0.01723	0.00743	0.00671
10	0.02136	0.01940	0.03080	0.04365	0.56489	0.01979	0.02281	0.12697	0.02123	0.02988	0.01560	0.01953	0.01271	0.00747	0.00786	0.00236	0.00931	0.00708	0.00459	0.01271
11	0.71405	0.01518	0.01223	0.01074	0.01575	0.01727	0.00885	0.02462	0.01428	0.09032	0.01277	0.01409	0.00953	0.00757	0.00517	0.00245	0.00619	0.00461	0.00533	0.00901
12	0.01609	0.00866	0.00879	0.00832	0.01055	0.00886	0.00636	0.07196	0.01839	0.03131	0.02529	0.02867	0.01974	0.00926	0.00575	0.00189	0.00412	0.00737	0.70073	0.00791
13	0.01031	0.00749	0.00962	0.01028	0.01146	0.00691	0.00719	0.01260	0.01809	0.02461	0.28688	0.38203	0.11272	0.04841	0.01095	0.00307	0.00434	0.01845	0.00779	0.00680
14	0.01870	0.34608	0.19150	0.01855	0.06309	0.05092	0.01793	0.02285	0.01636	0.02099	0.01794	0.02014	0.06649	0.00898	0.00868	0.00223	0.08837	0.00622	0.00379	0.01019
15	0.04516	0.00777	0.00786	0.00781	0.00976	0.00795	0.00591	0.01843	0.01629	0.02919	0.02502	0.02898	0.01983	0.01194	0.04334	0.00247	0.00476	0.00733	0.69279	0.00742
16	0.64073	0.01677	0.01278	0.01140	0.01611	0.07426	0.00922	0.02415	0.01513	0.05914	0.04943	0.01620	0.01294	0.00803	0.00547	0.00242	0.00672	0.00508	0.00525	0.00877
17	0.02161	0.61655	0.06194	0.01597	0.04984	0.08248	0.01473	0.02445	0.01672	0.01926	0.01141	0.01329	0.01028	0.00693	0.00546	0.00178	0.00910	0.00449	0.00347	0.01026
18	0.01083	0.00805	0.01003	0.01115	0.01247	0.00766	0.00821	0.01350	0.03890	0.02164	0.07031	0.35929	0.16638	0.08194	0.01263	0.00354	0.00535	0.14415	0.00720	0.00678
19	0.04448	0.17367	0.08738	0.01455	0.01973	0.07646	0.01321	0.09184	0.08162	0.05130	0.07430	0.03099	0.12742	0.01107	0.00804	0.00233	0.03397	0.00844	0.03926	0.00995
20	0.01586	0.01269	0.01502	0.01518	0.01818	0.01391	0.01247	0.02808	0.31293	0.02795	0.03757	0.08530	0.03601	0.01688	0.00959	0.00319	0.00673	0.31510	0.00766	0.00969
21	0.24024	0.01400	0.01654	0.01309	0.01889	0.01335	0.01081	0.03441	0.02016	0.50027	0.02570	0.02310	0.01658	0.00914	0.00713	0.00245	0.00658	0.00696	0.00846	0.01214
22	0.01365	0.01315	0.08204	0.14819	0.06826	0.01119	0.01367	0.01763	0.01794	0.04789	0.19590	0.22311	0.04006	0.01483	0.00872	0.00267	0.00660	0.01318	0.05288	0.00844
23	0.01916	0.02174	0.10258	0.13556	0.44408	0.05976	0.02349	0.02508	0.04600	0.02494	0.01532	0.01963	0.01236	0.00747	0.00779	0.00241	0.01000	0.00689	0.00400	0.01173
24	0.00995	0.00716	0.00950	0.01127	0.01195	0.00671	0.00783	0.01157	0.01559	0.02062	0.04492	0.63186	0.07499	0.02438	0.01017	0.00324	0.00484	0.07956	0.00736	0.00653
25	0.01153	0.00769	0.00865	0.00865	0.00865	0.00769	0.00480	0.01153	0.01153	0.01538	0.02499	0.05189	0.02883	0.72131	0.04036	0.00769	0.00769	0.01153	0.00480	0.00480
26	0.05674	0.56001	0.13724	0.01557	0.02306	0.02831	0.04060	0.02400	0.01618	0.02072	0.01171	0.01368	0.01015	0.00692	0.00562	0.00189	0.00905	0.00469	0.00348	0.01035
27	0.01738	0.03716	0.57542	0.02488	0.10067	0.01809	0.02780	0.02578	0.01721	0.06124	0.01525	0.01761	0.01084	0.00761	0.00759	0.00249	0.01120	0.00610	0.00377	0.01191
28	0.01278	0.00913	0.01278	0.01460	0.01643	0.00913	0.01278	0.01643	0.01825	0.02373	0.04199	0.08945	0.04564	0.02191	0.01095	0.00365	0.00730	0.61847	0.00730	0.00730
29	0.01801	0.01524	0.01722	0.01311	0.01955	0.01345	0.01044	0.06319	0.15917	0.02894	0.01841	0.01950	0.01460	0.00717	0.00648	0.00158	0.00614	0.00579	0.00564	0.55636
30	0.06944	0.03062	0.38291	0.08197	0.03517	0.01916	0.16166	0.02413	0.01649	0.02498	0.01408	0.01793	0.01046	0.00790	0.00934	0.00263	0.07002	0.00672	0.00363	0.01077
31	0.01506	0.01409	0.02337	0.66283	0.05257	0.01722	0.02130	0.02024	0.01589	0.02058	0.01409	0.02087	0.01064	0.00781	0.00781	0.00256	0.01030	0.00691	0.00359	0.05226
32	0.02893	0.03197	0.02244	0.01950	0.02421	0.45929	0.01502	0.19306	0.07972	0.02856	0.01571	0.01682	0.01225	0.00874	0.00743	0.00219	0.01217	0.00596	0.00543	0.01060
33	0.01284	0.00931	0.01173	0.01068	0.01293	0.00894	0.00813	0.06875	0.02371	0.03335	0.61233	0.05581	0.06959	0.01564	0.00923	0.00248	0.00417	0.01373	0.00866	0.00799
34	0.01069	0.00808	0.00986	0.00942	0.01152	0.00726	0.00706	0.01394	0.02119	0.02883	0.49937	0.06413	0.24498	0.01732	0.00936	0.00255	0.00382	0.01503	0.00834	0.00726
35	0.03014	0.02221	0.02380	0.01825	0.02459	0.02459	0.01507	0.64541	0.03728	0.04998	0.01904	0.01904	0.01349	0.00952	0.00793	0.00238	0.00873	0.00714	0.00793	0.01349
36	0.01323	0.00724	0.01086	0.01086	0.01118	0.00755	0.00755	0.01118	0.01086	0.01480	0.01542	0.02566	0.01511	0.03459	0.17638	0.60236	0.01005	0.00724	0.00362	0.00425
37	0.01972	0.01703	0.01793	0.01614	0.02062	0.01972	0.01255	0.04214	0.65752	0.03317	0.03228	0.02959	0.02421	0.01076	0.00807	0.00269	0.00628	0.00897	0.00807	0.01255
38	0.02234	0.01645	0.01801	0.01580	0.02056	0.01839	0.01240	0.04156	0.55262	0.13962	0.03211	0.02916	0.02345	0.01060	0.00805	0.00265	0.00635	0.00880	0.00836	0.01271
39	0.01202	0.00878	0.01178	0.01334	0.01518	0.00854	0.01133	0.01524	0.01797	0.02310	0.04775	0.14020	0.13754	0.02189	0.01065	0.00347	0.00659	0.48017	0.00732	0.00714
40	0.01029	0.00797	0.00938	0.00924	0.01133	0.00705	0.00685	0.01309	0.01994	0.02634	0.36142	0.12395	0.32738	0.01863	0.00943	0.00264	0.00393	0.01608	0.00802	0.00705
41	0.02673	0.09051	0.02304	0.01873	0.02303	0.47841	0.01451	0.07880	0.06508	0.02261	0.01481	0.01701	0.01223	0.01271	0.06534	0.00300	0.01342	0.00574	0.00461	0.00966
42	0.77733	0.01534	0.01166	0.01043	0.01534	0.01779	0.00859	0.02331	0.01350	0.03558	0.01104	0.01288	0.00859	0.00736	0.00491	0.00245	0.00613	0.00429	0.00491	0.00859
43	0.01149	0.00764	0.00951	0.00993	0.01059	0.00785	0.00661	0.01292	0.01332	0.01905	0.02860	0.19759	0.03117	0.32103	0.17090	0.00699	0.00941	0.01286	0.10653	0.00602
44	0.01028	0.00708	0.00900	0.01039	0.01082	0.00673	0.00676	0.01150	0.01453	0.01972	0.03912	0.55084	0.04620	0.16271	0.01592	0.00404	0.00517	0.01962	0.04339	0.00616
45	0.01880	0.01985	0.07267	0.21838	0.24702	0.01929	0.18281	0.07653	0.01919	0.02624	0.01529	0.02027	0.01181	0.00744	0.00825	0.00253	0.01083	0.00758	0.00414	0.01109
46	0.01530	0.01075	0.01209	0.01109	0.01262	0.01117	0.00748	0.14845	0.01814	0.02435	0.06153	0.12730	0.03098	0.44267	0.02791	0.00570	0.00731	0.01210	0.00601	0.00703
47	0.77733	0.01534	0.01166	0.01043	0.01534	0.01779	0.00859	0.02331	0.01350	0.03558	0.01104	0.01288	0.00859	0.00736	0.00491	0.00245	0.00613	0.00429	0.00491	0.00859
48	0.01646	0.01541	0.02611	0.25414	0.30518	0.01638	0.05595	0.02120	0.01776	0.02420	0.07404	0.03086	0.04413	0.00968	0.00838	0.00259	0.00918	0.05358	0.00458	0.01019
49	0.01093	0.00809	0.01019	0.00967	0.01167	0.00736	0.00725	0.01440	0.02175	0.03015	0.57457	0.06194	0.16894	0.01683	0.00936	0.00252	0.00378	0.01472	0.00851	0.00736
50	0.01672	0.15780	0.45604	0.02151	0.05828	0.01986	0.04904	0.02398	0.01725	0.02459	0.06951	0.01997	0.01578	0.00809	0.00734	0.00237	0.01043	0.00649	0.00387	0.01108
51	0.01469	0.02393	0.27923	0.06010	0.05708	0.01485	0.12270	0.02088	0.01802	0.02521	0.11919	0.07186	0.08602	0.01149	0.00862	0.00265	0.00933	0.03927	0.00507	0.00982
52	0.03558	0.01350	0.01840	0.01411	0.02024	0.01166	0.01166	0.03865	0.02270	0.67734	0.03128	0.02699	0.01963	0.00981	0.00797	0.00245	0.00675	0.00797	0.00981	0.01350
53	0.01590	0.04102	0.68023	0.02260	0.03432	0.01842	0.02930	0.02511	0.01674	0.02511	0.01423	0.01674	0.01005	0.00753	0.00753	0.00251	0.01172	0.00586	0.00335	0.01172
54	0.07605	0.01633	0.02068	0.21322	0.06591	0.01826	0.01559	0.21116	0.07797	0.08813	0.05644	0.02374	0.01760	0.00927	0.00766	0.00247	0.00814	0.00756	0.05287	0.01095
55	0.01025	0.00720	0.00928	0.01070	0.01114	0.00687	0.00709	0.01145	0.01454	0.01935	0.03943	0.53309	0.04679	0.18030	0.01692	0.00424	0.00544	0.05302	0.00679	0.00612
56	0.01153	0.00769	0.00865	0.00865	0.00865	0.00769	0.00480	0.01153	0.01153	0.01538	0.02499	0.05189	0.02883	0.72131	0.04036	0.00769	0.00769	0.01153	0.00480	0.00480
57	0.01708	0.01387	0.01722	0.11706	0.08305	0.07050	0.01297	0.08713	0.01697	0.02229	0.01805	0.02783	0.01648	0.07218	0.13920	0.18676	0.01106	0.03161	0.03093	0.00775
58	0.01885	0.05296	0.34386	0.02464	0.05782	0.04318	0.18871	0.02588	0.01836	0.08003	0.05604	0.02134	0.01546	0.00801	0.00809	0.00250	0.01115	0.00745	0.00445	0.01122
59	0.01271	0.00908	0.01268	0.01440	0.01623	0.00905	0.01255	0.01636	0.01844	0.02409	0.06953	0.08812	0.04692	0.02166	0.01088	0.00360	0.00715	0.59188	0.00736	0.00731
60	0.01684	0.07394	0.01855	0.01190	0.01892	0.01232	0.00975	0.02028	0.01642	0.02524	0.01384	0.01613	0.01161	0.00595	0.00581	0.00122	0.00609	0.00466	0.00459	0.70594
61	0.01590	0.01395	0.04560	0.01712	0.04434	0.01292	0.10186	0.02098	0.05817	0.07032	0.23803	0.04185	0.07381	0.04050	0.01149	0.00277	0.06653	0.04423	0.00659	0.07303

[dist]
# distance from previous block
# <min> <max>
0	2

[block]
# block no. 2 follows, 24 sequences, length 63
# corresponding to MSA columns:
# 185-247
name=unknown_C
#
# <colnr> <probs for GDERKNQSTAVLIFYWHMCP>
#	G	D	E	R	K	N	Q	S	T	A	V	L	I	F	Y	W	H	M	C	P
0	0.01672	0.01587	0.02693	0.45774	0.28553	0.01808	0.02289	0.02179	0.01668	0.02237	0.01440	0.02057	0.01132	0.00761	0.00790	0.00254	0.01014	0.00705	0.00367	0.01021
1	0.02120	0.72609	0.04155	0.01357	0.02035	0.03138	0.01357	0.02374	0.01611	0.01866	0.01102	0.01272	0.01018	0.00678	0.00509	0.00170	0.00848	0.00424	0.00339	0.01018
2	0.01223	0.00941	0.01138	0.01091	0.01321	0.00922	0.00830	0.01838	0.11533	0.02960	0.43033	0.09118	0.14619	0.01665	0.00928	0.00264	0.00438	0.04502	0.00830	0.00806
3	0.03484	0.01366	0.01838	0.01420	0.02026	0.01203	0.01170	0.03881	0.05226	0.64734	0.03133	0.02711	0.01984	0.00986	0.00798	0.00246	0.00673	0.00802	0.00973	0.01345
4	0.03454	0.01373	0.01837	0.01424	0.02027	0.01218	0.01171	0.03887	0.06436	0.63506	0.03135	0.02716	0.01993	0.00988	0.00798	0.00247	0.00672	0.00804	0.00970	0.01343
5	0.01377	0.00689	0.01033	0.01033	0.01033	0.00689	0.00689	0.01033	0.01033	0.01377	0.01377	0.02410	0.01377	0.02755	0.03099	0.76928	0.00689	0.00689	0.00344	0.00344
6	0.02962	0.03779	0.02247	0.02043	0.02451	0.68948	0.01532	0.03166	0.02247	0.01941	0.01226	0.01430	0.01021	0.00817	0.00715	0.00204	0.01430	0.00511	0.00409	0.00919
7	0.03312	0.01642	0.02009	0.01551	0.02164	0.01612	0.01278	0.23072	0.05688	0.44891	0.02746	0.02460	0.01790	0.00977	0.00797	0.00244	0.00735	0.00776	0.00914	0.01345
8	0.01278	0.00913	0.01278	0.01460	0.01643	0.00913	0.01278	0.01643	0.01825	0.02373	0.04199	0.08945	0.04564	0.02191	0.01095	0.00365	0.00730	0.61847	0.00730	0.00730
9	0.00983	0.00795	0.00873	0.00874	0.01104	0.00686	0.00648	0.01218	0.01884	0.02373	0.21346	0.12726	0.47799	0.01959	0.00943	0.00268	0.00400	0.01668	0.00768	0.00686
10	0.01455	0.01314	0.01857	0.01672	0.01728	0.01739	0.01347	0.01658	0.01233	0.01853	0.01577	0.02541	0.01551	0.08632	0.28669	0.00742	0.38479	0.00790	0.00388	0.00775
11	0.77733	0.01534	0.01166	0.01043	0.01534	0.01779	0.00859	0.02331	0.01350	0.03558	0.01104	0.01288	0.00859	0.00736	0.00491	0.00245	0.00613	0.00429	0.00491	0.00859
12	0.01134	0.00846	0.01254	0.01254	0.01389	0.00980	0.00966	0.01403	0.01268	0.01826	0.02143	0.03218	0.02027	0.09232	0.65766	0.01249	0.02057	0.00865	0.00428	0.00697
13	0.01222	0.00737	0.00833	0.00883	0.00964	0.00724	0.00577	0.01396	0.01440	0.02193	0.03038	0.22364	0.03209	0.26973	0.01931	0.00432	0.00538	0.01299	0.28624	0.00620
14	0.15531	0.02408	0.19229	0.02054	0.05547	0.06139	0.13102	0.08602	0.01928	0.02969	0.04243	0.02238	0.04234	0.00858	0.00739	0.00243	0.00944	0.00727	0.07237	0.01026
15	0.02465	0.02794	0.01898	0.01716	0.02041	0.43441	0.01265	0.08735	0.02098	0.02149	0.01627	0.02412	0.01523	0.17179	0.04996	0.00390	0.01261	0.00693	0.00464	0.00852
16	0.70758	0.01519	0.01252	0.04065	0.01728	0.01748	0.00932	0.02394	0.01405	0.06662	0.01217	0.01394	0.00922	0.00751	0.00519	0.00246	0.00636	0.00460	0.00509	0.00884
17	0.01567	0.01481	0.02504	0.60435	0.14708	0.01780	0.02237	0.02087	0.01619	0.02111	0.01422	0.02091	0.01087	0.00780	0.00792	0.00260	0.01040	0.00705	0.00358	0.00937
18	0.01084	0.00803	0.01012	0.00973	0.01165	0.00730	0.00724	0.01418	0.02136	0.02953	0.54067	0.09753	0.16783	0.01729	0.00940	0.00256	0.00383	0.01517	0.00844	0.00730
19	0.01963	0.32145	0.31248	0.01776	0.02623	0.06701	0.02008	0.02509	0.01739	0.05070	0.04439	0.01737	0.01359	0.00777	0.00660	0.00214	0.00996	0.00563	0.00395	0.01079
20	0.01954	0.48590	0.23244	0.01801	0.05673	0.02687	0.01881	0.02418	0.01640	0.02095	0.01218	0.01427	0.01025	0.00702	0.00596	0.00197	0.00950	0.00486	0.00341	0.01076
21	0.16060	0.01381	0.01727	0.01349	0.01942	0.01269	0.01114	0.03606	0.02115	0.56917	0.02787	0.02461	0.01777	0.00940	0.00746	0.00245	0.00664	0.00735	0.00899	0.01267
22	0.01057	0.00771	0.01004	0.01094	0.01226	0.00718	0.00807	0.01306	0.01813	0.02438	0.23598	0.35970	0.12059	0.02131	0.00994	0.00301	0.00468	0.10779	0.00777	0.00691
23	0.01907	0.02087	0.08136	0.26611	0.32301	0.07823	0.02275	0.05046	0.01842	0.02437	0.01452	0.01941	0.01151	0.00760	0.00779	0.00244	0.01041	0.00679	0.00393	0.01095
24	0.00966	0.00690	0.00920	0.01104	0.01150	0.00644	0.00736	0.01104	0.01518	0.02024	0.04371	0.71614	0.05245	0.02484	0.01012	0.00322	0.00460	0.02254	0.00736	0.00644
25	0.01153	0.00769	0.00865	0.00865	0.00865	0.00769	0.00480	0.01153	0.01153	0.01538	0.02499	0.05189	0.02883	0.72131	0.04036	0.00769	0.00769	0.01153	0.00480	0.00480
26	0.01648	0.06755	0.36944	0.20882	0.11366	0.01901	0.04877	0.02365	0.01670	0.02356	0.01417	0.01822	0.01056	0.00751	0.00761	0.00249	0.01103	0.00636	0.00349	0.01091
27	0.01582	0.01885	0.11908	0.02947	0.22354	0.01522	0.16807	0.02070	0.01747	0.02444	0.05364	0.20804	0.02571	0.01223	0.00885	0.00269	0.00913	0.01194	0.00501	0.01012
28	0.01278	0.00913	0.01278	0.01460	0.01643	0.00913	0.01278	0.01643	0.01825	0.02373	0.04199	0.08945	0.04564	0.02191	0.01095	0.00365	0.00730	0.61847	0.00730	0.00730
29	0.06649	0.01428	0.01618	0.01181	0.01863	0.01135	0.00945	0.02093	0.03789	0.02673	0.01451	0.01665	0.01196	0.00614	0.00588	0.00131	0.00590	0.00482	0.00483	0.69427
30	0.04602	0.03832	0.01717	0.11411	0.02197	0.04461	0.01209	0.17080	0.02062	0.02970	0.01961	0.02504	0.01612	0.05565	0.11820	0.00422	0.03094	0.00735	0.19831	0.00914
31	0.01608	0.01520	0.02549	0.47189	0.23657	0.01743	0.02190	0.02103	0.01663	0.02200	0.01771	0.02350	0.04465	0.00829	0.00798	0.00256	0.00989	0.00755	0.00384	0.00982
32	0.02812	0.16044	0.02587	0.01921	0.02377	0.57221	0.01501	0.03025	0.02134	0.01927	0.01204	0.01402	0.01021	0.00792	0.00678	0.00198	0.01326	0.00495	0.00396	0.00937
33	0.01122	0.00811	0.01060	0.00998	0.01185	0.00748	0.00748	0.01496	0.02245	0.03180	0.66766	0.05923	0.07482	0.01621	0.00935	0.00249	0.00374	0.01434	0.00873	0.00748
34	0.00946	0.00804	0.00815	0.00813	0.01076	0.00673	0.00609	0.01155	0.01828	0.02191	0.10809	0.07551	0.64057	0.01990	0.00937	0.00267	0.00400	0.01662	0.00743	0.00673
35	0.02913	0.02171	0.02323	0.01804	0.02421	0.02412	0.01483	0.58697	0.09737	0.04835	0.02032	0.02006	0.01452	0.00964	0.00795	0.00241	0.00849	0.00732	0.00795	0.01340
36	0.01377	0.00689	0.01033	0.01033	0.01033	0.00689	0.00689	0.01033	0.01033	0.01377	0.01377	0.02410	0.01377	0.02755	0.03099	0.76928	0.00689	0.00689	0.00344	0.00344
37	0.02058	0.01746	0.01841	0.01631	0.02095	0.02012	0.01276	0.09177	0.60650	0.03455	0.03119	0.02872	0.02332	0.01066	0.00806	0.00266	0.00648	0.00882	0.00806	0.01263
38	0.02784	0.02027	0.02181	0.01723	0.02304	0.02243	0.01407	0.48308	0.14892	0.07313	0.02227	0.02174	0.01599	0.00975	0.00786	0.00242	0.00798	0.00752	0.03959	0.01306
39	0.01177	0.00858	0.01141	0.01229	0.01414	0.00822	0.01013	0.01515	0.01936	0.02578	0.23903	0.11269	0.12119	0.02012	0.01025	0.00317	0.00571	0.33602	0.00775	0.00725
40	0.00937	0.00803	0.00803	0.00803	0.01071	0.00669	0.00602	0.01138	0.01807	0.02142	0.08033	0.07632	0.66863	0.02008	0.00937	0.00268	0.00402	0.01674	0.00736	0.00669
41	0.25924	0.04924	0.01660	0.01300	0.01770	0.06745	0.01059	0.19395	0.02211	0.07828	0.01805	0.01942	0.01354	0.00858	0.00626	0.00223	0.00704	0.00608	0.18055	0.01009
42	0.77733	0.01534	0.01166	0.01043	0.01534	0.01779	0.00859	0.02331	0.01350	0.03558	0.01104	0.01288	0.00859	0.00736	0.00491	0.00245	0.00613	0.00429	0.00491	0.00859
43	0.00966	0.00690	0.00920	0.01104	0.01150	0.00644	0.00736	0.01104	0.01518	0.02024	0.04371	0.71614	0.05245	0.02484	0.01012	0.00322	0.00460	0.02254	0.00736	0.00644
44	0.02120	0.72609	0.04155	0.01357	0.02035	0.03138	0.01357	0.02374	0.01611	0.01866	0.01102	0.01272	0.01018	0.00678	0.00509	0.00170	0.00848	0.00424	0.00339	0.01018
45	0.01743	0.01851	0.03726	0.07248	0.03551	0.01890	0.43078	0.02288	0.01703	0.02383	0.01614	0.02213	0.01284	0.01252	0.07155	0.00363	0.10484	0.00871	0.04322	0.00981
46	0.02569	0.03132	0.02263	0.05249	0.02481	0.49189	0.01591	0.02785	0.01961	0.01935	0.01222	0.01581	0.01057	0.01099	0.03249	0.00271	0.16503	0.00570	0.00393	0.00900
47	0.63845	0.02002	0.13359	0.01265	0.01880	0.01790	0.01237	0.02364	0.01409	0.03367	0.01162	0.01359	0.00885	0.00739	0.00539	0.00246	0.00715	0.00458	0.00462	0.00916
48	0.01640	0.01712	0.07849	0.38912	0.19291	0.01722	0.02185	0.04229	0.01745	0.02340	0.01772	0.02831	0.01518	0.00937	0.00823	0.00267	0.00995	0.07820	0.00419	0.00991
49	0.06924	0.02167	0.02221	0.01746	0.02333	0.05344	0.01427	0.52548	0.06669	0.04616	0.04697	0.02077	0.01627	0.00969	0.00780	0.00239	0.00850	0.00730	0.00764	0.01272
50	0.15602	0.30400	0.19001	0.01465	0.02141	0.02175	0.01550	0.02210	0.01545	0.02332	0.01694	0.02035	0.04708	0.04671	0.05259	0.00311	0.00942	0.00597	0.00400	0.00961
51	0.01651	0.03699	0.55357	0.02553	0.06782	0.01868	0.11982	0.02512	0.01710	0.02520	0.01453	0.01758	0.01047	0.00738	0.00782	0.00253	0.01185	0.00644	0.00348	0.01161
52	0.03510	0.01427	0.01888	0.01448	0.02063	0.01280	0.01196	0.09241	0.02399	0.62175	0.03020	0.02629	0.01909	0.00979	0.00797	0.00245	0.00692	0.00790	0.00965	0.01349
53	0.00976	0.00694	0.00917	0.01092	0.01135	0.00651	0.00723	0.01107	0.01499	0.01999	0.04274	0.68186	0.05123	0.06079	0.01168	0.00345	0.00476	0.02197	0.00723	0.00636
54	0.04195	0.06956	0.01312	0.01090	0.01305	0.06658	0.00813	0.01619	0.01794	0.02451	0.20772	0.21778	0.09962	0.06619	0.01065	0.00289	0.00563	0.01377	0.08649	0.00735
55	0.01034	0.00754	0.00932	0.00989	0.01103	0.00697	0.00679	0.01227	0.01712	0.02292	0.22151	0.32696	0.15398	0.12907	0.01445	0.00362	0.00474	0.01761	0.00735	0.00652
56	0.01140	0.00767	0.00887	0.00899	0.00909	0.00771	0.00520	0.01162	0.01183	0.01583	0.02604	0.09454	0.02997	0.64553	0.06789	0.00762	0.00810	0.01212	0.00495	0.00502
57	0.07927	0.01837	0.06056	0.15497	0.41535	0.01800	0.05266	0.02334	0.01720	0.02583	0.01504	0.01980	0.01214	0.00735	0.00757	0.00241	0.00937	0.00691	0.04266	0.01119
58	0.02090	0.08143	0.06477	0.09439	0.35678	0.14217	0.07842	0.02541	0.01851	0.02355	0.01411	0.01823	0.01159	0.00731	0.00762	0.00231	0.01081	0.00662	0.00385	0.01121
59	0.01278	0.00913	0.01278	0.01460	0.01643	0.00913	0.01278	0.01643	0.01825	0.02373	0.04199	0.08945	0.04564	0.02191	0.01095	0.00365	0.00730	0.61847	0.00730	0.00730
60	0.01086	0.00777	0.01030	0.01113	0.01232	0.00734	0.00819	0.01344	0.01824	0.02491	0.27580	0.33207	0.05850	0.05553	0.01147	0.00324	0.00489	0.11938	0.00774	0.00689
61	0.32264	0.13867	0.02152	0.09500	0.05495	0.04083	0.01295	0.06684	0.01785	0.13922	0.01557	0.01698	0.01153	0.00790	0.00622	0.00232	0.00775	0.00558	0.00544	0.01025
62	0.01951	0.01318	0.01444	0.01234	0.01544	0.01423	0.00945	0.25362	0.02291	0.03299	0.02260	0.03065	0.01955	0.17090	0.08648	0.00448	0.00833	0.00832	0.23148	0.00910

[dist]
# distance from previous block
# <min> <max>
2	4

[block]
# block no. 3 follows, 24 sequences, length 35
# corresponding to MSA columns:
# 253-287
name=unknown_D
#
# <colnr> <probs for GDERKNQSTAVLIFYWHMCP>
#	G	D	E	R	K	N	Q	S	T	A	V	L	I	F	Y	W	H	M	C	P
0	0.01653	0.02403	0.25964	0.02956	0.28002	0.01582	0.02175	0.02247	0.01753	0.02607	0.06106	0.06695	0.01923	0.00923	0.00772	0.00242	0.00890	0.00814	0.09200	0.01093
1	0.01821	0.01437	0.01654	0.01257	0.01864	0.01224	0.00999	0.11887	0.01994	0.04949	0.02196	0.08317	0.05447	0.00911	0.00685	0.00168	0.00613	0.00749	0.00577	0.51251
2	0.02368	0.02005	0.02009	0.01709	0.02214	0.06568	0.01353	0.23239	0.41909	0.03758	0.02676	0.02523	0.01989	0.01019	0.00796	0.00255	0.00758	0.00813	0.00776	0.01262
3	0.02910	0.02017	0.02220	0.01704	0.02323	0.02158	0.01403	0.51277	0.03372	0.11661	0.04525	0.02130	0.01643	0.00957	0.00786	0.00231	0.00813	0.00735	0.00796	0.06341
4	0.02334	0.01976	0.02096	0.12857	0.02721	0.08641	0.01485	0.28854	0.15552	0.03662	0.09497	0.02567	0.02191	0.01015	0.00805	0.00246	0.00851	0.00812	0.00695	0.01142
5	0.10690	0.01673	0.01715	0.01531	0.01994	0.01915	0.01198	0.03913	0.55900	0.03317	0.02914	0.02716	0.02193	0.01018	0.00762	0.00260	0.00624	0.00827	0.00758	0.04080
6	0.01076	0.00746	0.00930	0.00999	0.01039	0.00736	0.00636	0.01173	0.01366	0.01842	0.06633	0.31396	0.03993	0.35530	0.07813	0.00604	0.00733	0.01581	0.00598	0.00578
7	0.02577	0.01397	0.01695	0.01392	0.01868	0.01391	0.01116	0.11549	0.14759	0.30469	0.16502	0.03338	0.03146	0.01130	0.00818	0.00247	0.00616	0.00939	0.03870	0.01179
8	0.01868	0.01115	0.01155	0.01014	0.01313	0.01175	0.00796	0.17739	0.02186	0.03474	0.02414	0.02690	0.01859	0.00931	0.00615	0.00198	0.00497	0.00733	0.57336	0.00894
9	0.14739	0.01001	0.01172	0.01055	0.01346	0.00977	0.00817	0.01925	0.02092	0.10967	0.47733	0.04732	0.05670	0.01391	0.00841	0.00248	0.00452	0.01183	0.00819	0.00839
10	0.00971	0.00736	0.00896	0.01001	0.01128	0.00661	0.00695	0.01149	0.01671	0.02161	0.10902	0.45932	0.24710	0.02261	0.00982	0.00299	0.00434	0.02002	0.00748	0.00661
11	0.02339	0.01810	0.01991	0.05313	0.02351	0.02045	0.01370	0.20912	0.40960	0.07841	0.02755	0.02603	0.02020	0.01020	0.00802	0.00259	0.00722	0.00829	0.00790	0.01267
12	0.08306	0.01361	0.01797	0.01387	0.01993	0.01205	0.01146	0.03766	0.02211	0.63626	0.02999	0.02609	0.01892	0.00966	0.00778	0.00245	0.00671	0.00774	0.00950	0.01318
13	0.01840	0.00845	0.00931	0.00856	0.01115	0.00813	0.00661	0.02199	0.01768	0.14224	0.02681	0.02912	0.02020	0.00934	0.00597	0.00195	0.00423	0.00749	0.63392	0.00845
14	0.03558	0.01350	0.01840	0.01411	0.02024	0.01166	0.01166	0.03865	0.02270	0.67734	0.03128	0.02699	0.01963	0.00981	0.00797	0.00245	0.00675	0.00797	0.00981	0.01350
15	0.02791	0.03381	0.02422	0.02525	0.13711	0.54366	0.01688	0.05731	0.02235	0.02188	0.01302	0.01543	0.01077	0.00804	0.00731	0.00211	0.01321	0.00554	0.00423	0.00997
16	0.02389	0.01100	0.01413	0.01169	0.01608	0.00953	0.00935	0.02680	0.02142	0.37774	0.16763	0.04636	0.20301	0.01379	0.00861	0.00252	0.00544	0.01154	0.00895	0.01052
17	0.01413	0.01111	0.01453	0.14626	0.02239	0.01127	0.01150	0.07713	0.01834	0.02485	0.03467	0.25299	0.10267	0.01591	0.00867	0.00266	0.00647	0.06967	0.04671	0.10808
18	0.02957	0.27430	0.02745	0.01464	0.02088	0.06846	0.01284	0.07298	0.02126	0.34945	0.02175	0.02037	0.01512	0.00858	0.00687	0.00214	0.00805	0.00636	0.00695	0.01198
19	0.01091	0.00766	0.00933	0.00994	0.01054	0.00725	0.00626	0.01175	0.01352	0.01823	0.03324	0.36359	0.03907	0.35438	0.02425	0.00523	0.00613	0.01637	0.00601	0.04635
20	0.14240	0.01479	0.01801	0.01563	0.01781	0.04361	0.03427	0.01898	0.01405	0.02312	0.03517	0.02426	0.03580	0.05692	0.12624	0.00466	0.26902	0.00740	0.03925	0.05861
21	0.01098	0.00826	0.01152	0.01209	0.01354	0.00778	0.03325	0.01343	0.01729	0.02304	0.15305	0.36271	0.10456	0.05357	0.01145	0.00332	0.00544	0.14046	0.00734	0.00691
22	0.77733	0.01534	0.01166	0.01043	0.01534	0.01779	0.00859	0.02331	0.01350	0.03558	0.01104	0.01288	0.00859	0.00736	0.00491	0.00245	0.00613	0.00429	0.00491	0.00859
23	0.05086	0.01219	0.01370	0.01229	0.01554	0.01252	0.00966	0.15899	0.06506	0.03301	0.26131	0.09325	0.15920	0.01557	0.00890	0.00264	0.00548	0.05293	0.00790	0.00900
24	0.01817	0.02521	0.17016	0.03131	0.04006	0.01973	0.52351	0.02534	0.01833	0.02534	0.01569	0.02049	0.01165	0.00685	0.00900	0.00264	0.01305	0.00868	0.00388	0.01089
25	0.01082	0.00886	0.00964	0.00930	0.01191	0.00808	0.00702	0.01513	0.07639	0.02538	0.24062	0.06736	0.44470	0.01817	0.00925	0.00263	0.00414	0.01537	0.00781	0.00744
26	0.01735	0.01735	0.02429	0.02082	0.02082	0.02429	0.01735	0.01908	0.01214	0.01908	0.01041	0.01735	0.01041	0.01388	0.02602	0.00347	0.70680	0.00694	0.00347	0.00867
27	0.45131	0.01353	0.01231	0.01068	0.01515	0.01473	0.00868	0.05198	0.01674	0.13867	0.01804	0.01922	0.01326	0.00828	0.00568	0.00231	0.00579	0.00572	0.17860	0.00932
28	0.01642	0.01281	0.01770	0.04228	0.01841	0.01460	0.06693	0.08936	0.01692	0.02496	0.02129	0.09075	0.02031	0.13249	0.01813	0.03453	0.16231	0.00948	0.18226	0.00805
29	0.01473	0.01024	0.01179	0.01093	0.01364	0.03481	0.00844	0.01861	0.04365	0.10303	0.38226	0.05821	0.19137	0.01614	0.00916	0.00259	0.00486	0.04904	0.00827	0.00824
30	0.01135	0.00841	0.00986	0.00965	0.01134	0.00787	0.00682	0.03791	0.01870	0.02490	0.27409	0.14253	0.21788	0.16487	0.01585	0.00371	0.00494	0.01513	0.00735	0.00682
31	0.01963	0.01884	0.03219	0.04867	0.67185	0.01884	0.02434	0.02434	0.01806	0.02591	0.01492	0.01963	0.01256	0.00707	0.00785	0.00236	0.00942	0.00707	0.00393	0.01256
32	0.01369	0.01011	0.01201	0.01204	0.01389	0.01023	0.00864	0.11448	0.05353	0.02645	0.09301	0.43278	0.08466	0.06150	0.01132	0.00322	0.00542	0.01765	0.00746	0.00790
33	0.77733	0.01534	0.01166	0.01043	0.01534	0.01779	0.00859	0.02331	0.01350	0.03558	0.01104	0.01288	0.00859	0.00736	0.00491	0.00245	0.00613	0.00429	0.00491	0.00859
34	0.01255	0.09087	0.01445	0.01123	0.01271	0.01151	0.00833	0.01423	0.01266	0.01724	0.02154	0.03718	0.02225	0.31368	0.35554	0.00948	0.01444	0.00920	0.00437	0.00654

[dist]
# distance from previous block
# <min> <max>
1	3

[block]
# block no. 4 follows, 24 sequences, length 199
# corresponding to MSA columns:
# 291-456,459-491
name=unknown_E
#
# <colnr> <probs for GDERKNQSTAVLIFYWHMCP>
#	G	D	E	R	K	N	Q	S	T	A	V	L	I	F	Y	W	H	M	C	P
0	0.01400	0.01006	0.01253	0.01191	0.01345	0.01091	0.00858	0.10611	0.01620	0.02218	0.02466	0.11016	0.02560	0.28488	0.28426	0.00839	0.01277	0.01089	0.00532	0.00714
1	0.05395	0.55485	0.13279	0.01502	0.02242	0.02850	0.01574	0.05912	0.01729	0.02211	0.01195	0.01367	0.01028	0.00707	0.00560	0.00189	0.00887	0.00464	0.00371	0.01052
2	0.01698	0.03110	0.43858	0.01944	0.02829	0.01711	0.02258	0.02797	0.14781	0.05573	0.09525	0.02478	0.02093	0.00930	0.00787	0.00254	0.00946	0.00758	0.00522	0.01147
3	0.01140	0.00821	0.01127	0.01127	0.01218	0.00911	0.00808	0.01322	0.01231	0.01732	0.02259	0.03861	0.02306	0.29736	0.45643	0.01093	0.01637	0.00959	0.00445	0.00626
4	0.01067	0.00808	0.00983	0.00939	0.01151	0.00725	0.00704	0.01389	0.02113	0.02868	0.49111	0.06437	0.25332	0.01738	0.00936	0.00255	0.00382	0.01506	0.00832	0.00725
5	0.02422	0.01796	0.01905	0.01564	0.02060	0.02000	0.01258	0.35035	0.21943	0.04122	0.02425	0.02412	0.01795	0.00984	0.00754	0.00238	0.00707	0.00773	0.14597	0.01210
6	0.03487	0.01365	0.01838	0.01420	0.02026	0.01202	0.01170	0.03880	0.05107	0.64855	0.03133	0.02711	0.01983	0.00986	0.00798	0.00246	0.00673	0.00802	0.00974	0.01345
7	0.03058	0.02151	0.02337	0.01791	0.02424	0.02356	0.01480	0.59685	0.03612	0.10018	0.02002	0.01967	0.01398	0.00954	0.00794	0.00239	0.00857	0.00721	0.00808	0.01349
8	0.00966	0.00690	0.00920	0.01104	0.01150	0.00644	0.00736	0.01104	0.01518	0.02024	0.04371	0.71614	0.05245	0.02484	0.01012	0.00322	0.00460	0.02254	0.00736	0.00644
9	0.00965	0.00795	0.00849	0.00855	0.01093	0.00678	0.00634	0.01185	0.01845	0.02277	0.15935	0.12583	0.53576	0.01993	0.00943	0.00270	0.00403	0.01687	0.00755	0.00678
10	0.02029	0.01732	0.01825	0.01625	0.02084	0.01999	0.01269	0.07512	0.62361	0.03409	0.03155	0.02901	0.02362	0.01069	0.00806	0.00267	0.00641	0.00887	0.00806	0.01260
11	0.01117	0.00753	0.00876	0.00912	0.00921	0.00744	0.00530	0.01144	0.01225	0.01633	0.02864	0.18172	0.03345	0.58519	0.03445	0.00681	0.00708	0.01368	0.00530	0.00512
12	0.01133	0.00850	0.01274	0.01274	0.01416	0.00991	0.00991	0.01416	0.01274	0.01841	0.02124	0.03115	0.01982	0.05947	0.68989	0.01274	0.02124	0.00850	0.00425	0.00708
13	0.03463	0.01502	0.01935	0.01483	0.02101	0.01392	0.01225	0.14503	0.02525	0.56735	0.02914	0.02560	0.01855	0.00976	0.00797	0.00244	0.00709	0.00783	0.00948	0.01349
14	0.02833	0.03430	0.02120	0.01916	0.02316	0.59513	0.01444	0.06149	0.02270	0.02186	0.01381	0.01590	0.01128	0.00833	0.00705	0.00204	0.01307	0.00541	0.07210	0.00925
15	0.01478	0.00739	0.00739	0.00739	0.00924	0.00739	0.00554	0.01848	0.01663	0.02956	0.02587	0.02956	0.02033	0.00924	0.00554	0.00185	0.00370	0.00739	0.76534	0.00739
16	0.01820	0.01697	0.02880	0.04117	0.51480	0.01691	0.04548	0.02277	0.01812	0.02545	0.02046	0.03387	0.01926	0.01007	0.00854	0.00263	0.00914	0.13133	0.00461	0.01142
17	0.01595	0.01811	0.08214	0.23888	0.07070	0.01754	0.22002	0.02109	0.01652	0.02248	0.01867	0.11970	0.01707	0.01041	0.01031	0.00279	0.07402	0.00990	0.00423	0.00949
18	0.01378	0.01040	0.01249	0.01268	0.01538	0.01045	0.01037	0.02064	0.14260	0.04589	0.12238	0.06911	0.20178	0.01825	0.00972	0.00305	0.00584	0.25912	0.00771	0.00837
19	0.04604	0.22308	0.40651	0.02189	0.08452	0.04316	0.02342	0.02482	0.01675	0.02364	0.01324	0.01569	0.01025	0.00730	0.00679	0.00226	0.01052	0.00545	0.00349	0.01118
