[name]
unknown

[dist]
# distance from previous block
# <min> <max>
0	44

[block]
# block no. 0 follows, 28 sequences, length 70
# corresponding to MSA columns:
# 44-69,71-102,107-118
name=unknown_A
#
# <colnr> <probs for GDERKNQSTAVLIFYWHMCP>
#	G	D	E	R	K	N	Q	S	T	A	V	L	I	F	Y	W	H	M	C	P
0	0.01399	0.01056	0.01587	0.01851	0.11253	0.01054	0.03760	0.03908	0.01743	0.04433	0.03311	0.06673	0.03470	0.01692	0.00941	0.00307	0.00720	0.49432	0.00624	0.00785
1	0.20520	0.01803	0.01635	0.01359	0.01849	0.16417	0.01086	0.05352	0.05806	0.32026	0.01987	0.01888	0.01365	0.00810	0.00645	0.00215	0.00756	0.00591	0.00655	0.03235
2	0.02378	0.12441	0.02141	0.01649	0.02034	0.50350	0.01281	0.04620	0.02025	0.02018	0.10755	0.01885	0.01779	0.00840	0.00661	0.00190	0.01088	0.00583	0.00437	0.00845
3	0.01758	0.48932	0.23961	0.01504	0.02231	0.02430	0.01674	0.02178	0.01502	0.01928	0.03190	0.01420	0.01111	0.00688	0.00602	0.00185	0.02947	0.00469	0.00325	0.00964
4	0.05717	0.01322	0.01805	0.01721	0.11375	0.01234	0.01209	0.05797	0.04881	0.47545	0.07620	0.02535	0.02049	0.00903	0.00728	0.00225	0.00636	0.00752	0.00785	0.01162
5	0.02251	0.01348	0.01524	0.01289	0.01666	0.07067	0.01021	0.04507	0.09442	0.30740	0.17403	0.06289	0.05842	0.01145	0.00860	0.00234	0.04687	0.00932	0.00759	0.00994
6	0.00950	0.00672	0.00857	0.00979	0.01032	0.00640	0.00660	0.01068	0.01351	0.01786	0.03735	0.49335	0.06933	0.18882	0.01571	0.00391	0.00507	0.07467	0.00620	0.00564
7	0.01502	0.01513	0.02591	0.54743	0.07073	0.04302	0.13971	0.01997	0.01532	0.01960	0.01321	0.01913	0.00999	0.00704	0.00748	0.00240	0.01025	0.00678	0.00334	0.00853
8	0.01983	0.01404	0.01631	0.07614	0.02025	0.01504	0.01139	0.25833	0.10789	0.10414	0.03188	0.11348	0.13218	0.01343	0.02937	0.00267	0.00685	0.00999	0.00687	0.00990
9	0.02572	0.01766	0.01908	0.01488	0.02003	0.01923	0.01221	0.52704	0.03026	0.08700	0.01920	0.01948	0.01374	0.00870	0.00692	0.00211	0.00714	0.00663	0.13149	0.01147
10	0.01088	0.00725	0.00962	0.01068	0.01190	0.00677	0.00792	0.01288	0.01561	0.05883	0.09575	0.46261	0.09029	0.02049	0.00922	0.00290	0.00474	0.14815	0.00697	0.00653
11	0.01370	0.00852	0.01068	0.00984	0.01223	0.00782	0.00746	0.04397	0.01963	0.12186	0.38233	0.14372	0.15905	0.01542	0.00844	0.00239	0.00416	0.01342	0.00774	0.00762
12	0.10671	0.00743	0.00864	0.00851	0.00970	0.00766	0.00606	0.01341	0.01200	0.02009	0.01831	0.02433	0.03988	0.01721	0.01706	0.40365	0.00516	0.00652	0.26263	0.00503
13	0.00886	0.00633	0.00843	0.01012	0.01054	0.00590	0.00675	0.01012	0.01392	0.01856	0.04006	0.73979	0.04808	0.02277	0.00928	0.00295	0.00422	0.02066	0.00675	0.00590
14	0.03242	0.01268	0.01706	0.01308	0.01871	0.01114	0.01080	0.05984	0.02132	0.67909	0.02825	0.02446	0.01778	0.00899	0.00731	0.00225	0.00625	0.00728	0.00893	0.01237
15	0.01898	0.00929	0.01248	0.01095	0.01405	0.00833	0.00858	0.02192	0.01972	0.29341	0.32674	0.12251	0.04505	0.01370	0.00823	0.00240	0.00476	0.04181	0.00819	0.00891
16	0.01130	0.00774	0.00933	0.00880	0.01104	0.00684	0.00664	0.01401	0.01884	0.07668	0.38675	0.08259	0.30042	0.01603	0.00851	0.00237	0.00376	0.01380	0.00756	0.00697
17	0.00996	0.00769	0.00932	0.01005	0.01199	0.00704	0.00813	0.01246	0.01675	0.02111	0.10488	0.12160	0.34674	0.01910	0.00920	0.00283	0.00488	0.26307	0.00682	0.00639
18	0.01092	0.00747	0.00972	0.00935	0.01108	0.00685	0.00694	0.01394	0.01945	0.05476	0.54599	0.15089	0.09327	0.01591	0.00862	0.00239	0.00367	0.01408	0.00781	0.00691
19	0.05049	0.00812	0.01010	0.00989	0.01179	0.00762	0.00728	0.01550	0.01676	0.11477	0.23288	0.23340	0.09992	0.09817	0.01167	0.00306	0.00473	0.04975	0.00705	0.00705
20	0.01069	0.00829	0.00984	0.00930	0.01146	0.00788	0.00702	0.01555	0.09085	0.02688	0.46681	0.05535	0.22235	0.01522	0.00845	0.00235	0.00374	0.01317	0.00762	0.00717
21	0.64823	0.01414	0.03421	0.01018	0.01439	0.01535	0.00853	0.04349	0.01291	0.03037	0.01078	0.01336	0.00865	0.00904	0.00755	0.09653	0.00596	0.00436	0.00439	0.00756
22	0.00925	0.00689	0.00853	0.00937	0.01053	0.00629	0.00661	0.01104	0.01560	0.02047	0.15233	0.40346	0.20514	0.05442	0.01035	0.00294	0.00422	0.04964	0.00684	0.00608
23	0.01230	0.00820	0.01101	0.03115	0.01252	0.00916	0.00798	0.01440	0.05757	0.01780	0.01876	0.02819	0.01749	0.12333	0.24906	0.21398	0.04198	0.00755	0.11174	0.00583
24	0.01837	0.01560	0.01656	0.01485	0.01896	0.01796	0.01164	0.07361	0.62353	0.03094	0.02924	0.02869	0.02239	0.01019	0.00749	0.00248	0.00592	0.03284	0.00736	0.01137
25	0.01570	0.01742	0.05663	0.08357	0.03089	0.01802	0.35096	0.02010	0.01473	0.02062	0.01436	0.04068	0.01239	0.03850	0.04027	0.00317	0.20155	0.00809	0.00361	0.00876
26	0.02763	0.02036	0.02182	0.01672	0.02254	0.02254	0.01382	0.67496	0.03418	0.04581	0.01745	0.01745	0.01236	0.00873	0.00727	0.00218	0.00800	0.00654	0.00727	0.01236
27	0.01100	0.00692	0.00871	0.00929	0.00975	0.00664	0.00592	0.01147	0.01250	0.04905	0.03021	0.36037	0.03482	0.32371	0.02226	0.06606	0.00566	0.01469	0.00560	0.00537
28	0.01807	0.01796	0.02734	0.09926	0.55746	0.07569	0.02087	0.02216	0.01651	0.02251	0.01365	0.01815	0.01146	0.00868	0.03739	0.00256	0.00957	0.00638	0.00359	0.01075
29	0.01799	0.01727	0.02950	0.04462	0.69919	0.01727	0.02231	0.02231	0.01655	0.02375	0.01367	0.01799	0.01151	0.00648	0.00720	0.00216	0.00864	0.00648	0.00360	0.01151
30	0.01354	0.01006	0.01233	0.01255	0.01507	0.01039	0.01038	0.02087	0.17960	0.05066	0.10949	0.06214	0.11599	0.01643	0.00897	0.00287	0.00575	0.32777	0.00710	0.00803
31	0.01305	0.00843	0.01145	0.01196	0.01403	0.00808	0.01007	0.01631	0.01811	0.08404	0.21399	0.06904	0.07476	0.01764	0.00935	0.00293	0.00565	0.39666	0.00725	0.00722
32	0.08651	0.00932	0.01157	0.01013	0.01316	0.00867	0.00791	0.01998	0.01951	0.21070	0.40307	0.06178	0.08285	0.01296	0.00789	0.00230	0.00440	0.01107	0.00786	0.00837
33	0.01808	0.01561	0.01644	0.01479	0.01890	0.01808	0.01151	0.03863	0.68606	0.03041	0.02959	0.02712	0.02219	0.00986	0.00740	0.00247	0.00575	0.00822	0.00740	0.01151
34	0.01038	0.00779	0.01168	0.01168	0.01298	0.00909	0.00909	0.01298	0.01168	0.01687	0.01947	0.02856	0.01817	0.05452	0.71573	0.01168	0.01947	0.00779	0.00389	0.00649
35	0.04535	0.00847	0.01068	0.00998	0.01200	0.00791	0.00719	0.01741	0.01647	0.17753	0.20945	0.20705	0.04031	0.17980	0.01471	0.00351	0.00515	0.01266	0.00698	0.00738
36	0.01094	0.00746	0.00921	0.00921	0.01057	0.00698	0.00659	0.01294	0.01622	0.04785	0.26488	0.13755	0.14022	0.21027	0.01629	0.00375	0.00492	0.07132	0.00664	0.00619
37	0.79588	0.01406	0.01068	0.00956	0.01406	0.01631	0.00787	0.02137	0.01237	0.03261	0.01012	0.01181	0.00787	0.00675	0.00450	0.00225	0.00562	0.00394	0.00450	0.00787
38	0.01026	0.00759	0.00977	0.01032	0.01200	0.00710	0.00818	0.01311	0.01776	0.02366	0.28424	0.14885	0.17550	0.01819	0.00914	0.00275	0.00464	0.22320	0.00719	0.00655
39	0.01260	0.00855	0.01049	0.01056	0.01205	0.00839	0.00746	0.09154	0.01716	0.05499	0.11512	0.42693	0.06608	0.10791	0.01224	0.00323	0.00500	0.01600	0.00678	0.00692
40	0.53693	0.01277	0.01175	0.01035	0.01461	0.01385	0.00834	0.02305	0.01437	0.17574	0.01771	0.10189	0.01488	0.00915	0.00568	0.00233	0.00558	0.00667	0.00574	0.00861
41	0.00867	0.00737	0.00748	0.00745	0.00987	0.00617	0.00559	0.01059	0.01676	0.02009	0.10340	0.06921	0.66620	0.01824	0.00859	0.00245	0.00367	0.01524	0.00681	0.00617
42	0.25902	0.01234	0.01330	0.01116	0.01548	0.01250	0.00900	0.08643	0.01818	0.28011	0.02502	0.08318	0.05523	0.00993	0.00649	0.00226	0.00563	0.00774	0.07740	0.00960
43	0.70386	0.01385	0.01143	0.00997	0.01460	0.01563	0.00821	0.02306	0.01339	0.11358	0.01236	0.01337	0.00909	0.00702	0.00484	0.00225	0.00569	0.00434	0.00504	0.00841
44	0.00963	0.00727	0.00889	0.00878	0.01053	0.00653	0.00647	0.01233	0.01859	0.02511	0.43634	0.14850	0.24068	0.01689	0.00867	0.00242	0.00360	0.01474	0.00749	0.00653
45	0.00924	0.00665	0.00848	0.00951	0.01023	0.00619	0.00640	0.01072	0.01470	0.01966	0.13538	0.50743	0.10008	0.10481	0.01233	0.00329	0.00439	0.01799	0.00666	0.00589
46	0.00886	0.00633	0.00843	0.01012	0.01054	0.00590	0.00675	0.01012	0.01392	0.01856	0.04006	0.73979	0.04808	0.02277	0.00928	0.00295	0.00422	0.02066	0.00675	0.00590
47	0.01507	0.01292	0.01507	0.01077	0.01723	0.00969	0.00861	0.01830	0.01507	0.02369	0.01292	0.01507	0.01077	0.00538	0.00538	0.00108	0.00538	0.00431	0.00431	0.78898
48	0.01928	0.71695	0.03740	0.01273	0.01868	0.02848	0.01259	0.02158	0.01461	0.01712	0.01008	0.01185	0.00934	0.00650	0.00550	0.00163	0.03932	0.00399	0.00311	0.00927
49	0.01267	0.00659	0.00998	0.03914	0.01115	0.00672	0.00689	0.00985	0.00968	0.01287	0.01264	0.02198	0.01250	0.02451	0.02753	0.75600	0.00645	0.00632	0.00316	0.00336
50	0.03969	0.46073	0.18443	0.01566	0.05553	0.02328	0.01567	0.02269	0.01530	0.06042	0.01256	0.01417	0.01024	0.00665	0.00546	0.00182	0.00817	0.00467	0.03306	0.00980
51	0.01292	0.00914	0.01101	0.01029	0.01150	0.00984	0.00713	0.10478	0.01423	0.01939	0.02111	0.03763	0.02197	0.43412	0.23631	0.00775	0.01091	0.00917	0.00465	0.00615
52	0.01057	0.00705	0.00793	0.00793	0.00793	0.00705	0.00440	0.01057	0.01057	0.01409	0.02290	0.04757	0.02643	0.74454	0.03700	0.00705	0.00705	0.01057	0.00440	0.00440
53	0.02016	0.68197	0.03645	0.01303	0.01901	0.09311	0.01259	0.02245	0.01532	0.01717	0.01021	0.01180	0.00933	0.00634	0.00484	0.00158	0.00827	0.00396	0.00317	0.00924
54	0.01374	0.01311	0.02283	0.62791	0.04682	0.01576	0.07445	0.01849	0.01472	0.01897	0.01460	0.06003	0.01197	0.00805	0.00749	0.00245	0.00960	0.00744	0.00347	0.00810
55	0.02082	0.34481	0.05398	0.01400	0.02007	0.04198	0.01282	0.20124	0.02025	0.02647	0.01277	0.01419	0.01043	0.00701	0.00622	0.00173	0.02904	0.00485	0.00449	0.15284
56	0.01031	0.00716	0.00857	0.00853	0.00914	0.00704	0.00543	0.01140	0.01334	0.01814	0.17676	0.08403	0.06850	0.46483	0.07186	0.00585	0.00674	0.01171	0.00541	0.00525
57	0.02763	0.02036	0.02182	0.01672	0.02254	0.02254	0.01382	0.67496	0.03418	0.04581	0.01745	0.01745	0.01236	0.00873	0.00727	0.00218	0.00800	0.00654	0.00727	0.01236
58	0.01490	0.01585	0.05742	0.40958	0.06538	0.01794	0.10779	0.01931	0.01422	0.01937	0.01242	0.01836	0.00988	0.00833	0.01126	0.00259	0.17691	0.00667	0.00329	0.00854
59	0.01263	0.00631	0.00947	0.00947	0.00947	0.00631	0.00631	0.00947	0.00947	0.01263	0.01263	0.02210	0.01263	0.02525	0.02841	0.78851	0.00631	0.00631	0.00316	0.00316
60	0.12408	0.01259	0.01232	0.01092	0.01449	0.04092	0.00848	0.04196	0.19755	0.02812	0.04987	0.05461	0.01978	0.00902	0.00612	0.00199	0.00519	0.00719	0.23295	0.12185
61	0.01816	0.01499	0.01713	0.01472	0.01827	0.05490	0.04220	0.19341	0.18372	0.02836	0.02103	0.02475	0.01717	0.05352	0.22961	0.00540	0.01131	0.00751	0.03442	0.00944
62	0.01476	0.01259	0.01474	0.01073	0.01689	0.00950	0.00852	0.01789	0.01501	0.02343	0.01430	0.05183	0.01266	0.00627	0.00558	0.00117	0.00532	0.00514	0.00443	0.74925
63	0.00980	0.00723	0.00894	0.00884	0.01037	0.00661	0.00638	0.01233	0.01804	0.02460	0.43000	0.15186	0.17956	0.07956	0.01113	0.00282	0.00390	0.01438	0.00728	0.00638
64	0.02071	0.01716	0.01976	0.01952	0.11563	0.01920	0.01366	0.21238	0.41149	0.03373	0.02399	0.02316	0.01797	0.00907	0.00733	0.00234	0.00678	0.00751	0.00683	0.01174
65	0.05840	0.01273	0.08392	0.01177	0.01602	0.00975	0.01035	0.02256	0.01917	0.26115	0.30267	0.06924	0.03873	0.01162	0.00767	0.00226	0.00536	0.00988	0.00746	0.03927
66	0.01760	0.22553	0.38126	0.01905	0.05855	0.04935	0.04036	0.02335	0.01579	0.05582	0.01304	0.01498	0.00992	0.00675	0.00631	0.00203	0.00954	0.00515	0.00350	0.04213
67	0.01643	0.06485	0.55307	0.02100	0.06135	0.05279	0.02422	0.02355	0.01571	0.05201	0.01340	0.01563	0.00973	0.00721	0.00752	0.00228	0.03985	0.00545	0.00339	0.01056
68	0.01357	0.04904	0.01898	0.35799	0.10314	0.01410	0.01510	0.01774	0.04634	0.01898	0.02058	0.05891	0.04893	0.14418	0.01285	0.00326	0.00817	0.03624	0.00414	0.00775
69	0.02505	0.08456	0.04576	0.01539	0.05157	0.01581	0.01240	0.08582	0.19543	0.32258	0.02430	0.02246	0.01688	0.00859	0.00698	0.00218	0.00663	0.00693	0.00721	0.04346

[dist]
# distance from previous block
# <min> <max>
2	16

[block]
# block no. 1 follows, 28 sequences, length 30
# corresponding to MSA columns:
# 135-164
name=unknown_B
#
# <colnr> <probs for GDERKNQSTAVLIFYWHMCP>
#	G	D	E	R	K	N	Q	S	T	A	V	L	I	F	Y	W	H	M	C	P
0	0.01887	0.01347	0.01793	0.07232	0.10624	0.01407	0.03440	0.13655	0.11585	0.12200	0.04821	0.10759	0.04497	0.10094	0.01129	0.00295	0.00693	0.00954	0.00623	0.00962
1	0.01369	0.01268	0.02135	0.70054	0.04856	0.01579	0.01967	0.01824	0.01435	0.01835	0.01291	0.01948	0.00980	0.00793	0.00805	0.03148	0.00957	0.00645	0.00323	0.00789
2	0.01211	0.00901	0.00960	0.00949	0.01017	0.04217	0.00618	0.03785	0.01273	0.01675	0.02367	0.07320	0.02620	0.53297	0.07860	0.00637	0.00802	0.05418	0.02540	0.00534
3	0.01683	0.01388	0.02305	0.48766	0.19839	0.01580	0.01962	0.02133	0.01571	0.09638	0.01486	0.01965	0.01104	0.00728	0.00726	0.00234	0.00905	0.00656	0.00396	0.00936
4	0.01083	0.00856	0.01086	0.03997	0.04698	0.00860	0.00799	0.01295	0.01556	0.02087	0.17612	0.09863	0.23597	0.15459	0.01486	0.00336	0.05433	0.03245	0.04005	0.00646
5	0.01466	0.01165	0.01415	0.01304	0.01536	0.04752	0.01028	0.14549	0.01661	0.02268	0.01865	0.02557	0.01657	0.04303	0.53888	0.00930	0.01687	0.00738	0.00456	0.00776
6	0.01522	0.01305	0.01514	0.01096	0.01731	0.01010	0.00875	0.01929	0.04760	0.02401	0.01373	0.01566	0.01132	0.00560	0.00548	0.00114	0.00540	0.00450	0.00446	0.75129
7	0.01024	0.00746	0.00985	0.01075	0.01217	0.00707	0.00843	0.01290	0.01701	0.02273	0.22385	0.25189	0.11349	0.01921	0.00929	0.00286	0.00483	0.24242	0.00708	0.00647
8	0.01373	0.01292	0.02180	0.72707	0.05006	0.01615	0.02019	0.01857	0.01453	0.01857	0.01292	0.01938	0.00969	0.00727	0.00727	0.00242	0.00969	0.00646	0.00323	0.00807
9	0.01227	0.00905	0.01123	0.01139	0.01329	0.00911	0.00885	0.06558	0.07658	0.02480	0.19225	0.22556	0.08951	0.01784	0.00968	0.03321	0.00511	0.17050	0.00699	0.00722
10	0.01395	0.00862	0.01069	0.00989	0.01254	0.00784	0.00776	0.01745	0.04285	0.13825	0.32770	0.05534	0.22777	0.01518	0.00847	0.00243	0.00435	0.07351	0.00768	0.00773
11	0.01492	0.00855	0.01037	0.00934	0.01227	0.00743	0.00720	0.01739	0.01853	0.18923	0.22660	0.09023	0.32904	0.01540	0.00831	0.00239	0.00425	0.01308	0.00763	0.00784
12	0.01056	0.00766	0.01104	0.01104	0.01223	0.00876	0.00840	0.01293	0.01175	0.01710	0.02004	0.03045	0.01905	0.12375	0.60936	0.01070	0.01737	0.00803	0.04348	0.00629
13	0.13634	0.01477	0.01641	0.01353	0.01841	0.01564	0.01092	0.13618	0.23447	0.26512	0.04570	0.02341	0.01859	0.00909	0.00697	0.00231	0.00617	0.00718	0.00753	0.01127
14	0.01821	0.01119	0.01316	0.01172	0.01522	0.01123	0.00917	0.02646	0.22868	0.19891	0.13074	0.08417	0.13996	0.01284	0.00787	0.00242	0.00506	0.03137	0.03208	0.00954
15	0.00980	0.00734	0.00909	0.00881	0.01060	0.00663	0.00655	0.01273	0.01921	0.02626	0.50929	0.10455	0.20998	0.01621	0.00863	0.00237	0.00354	0.01416	0.00763	0.00663
16	0.01038	0.00779	0.01168	0.01168	0.01298	0.00909	0.00909	0.01298	0.01168	0.01687	0.01947	0.02856	0.01817	0.05452	0.71573	0.01168	0.01947	0.00779	0.00389	0.00649
17	0.67238	0.01477	0.01212	0.01058	0.01518	0.01702	0.00868	0.08569	0.05708	0.03375	0.01206	0.01332	0.00921	0.00714	0.00495	0.00226	0.00586	0.00446	0.00495	0.00854
18	0.01051	0.00733	0.00932	0.00937	0.01019	0.00775	0.00646	0.01195	0.01184	0.01660	0.02560	0.05854	0.07022	0.34839	0.30353	0.00811	0.01146	0.00980	0.05747	0.00556
19	0.31109	0.01323	0.01476	0.01181	0.01703	0.01309	0.00975	0.04944	0.01813	0.43935	0.02157	0.01980	0.01413	0.00817	0.00628	0.00225	0.00603	0.00606	0.00730	0.01073
20	0.00962	0.00686	0.00879	0.00966	0.01045	0.00647	0.00667	0.01129	0.01505	0.02027	0.17375	0.41069	0.07668	0.13934	0.01371	0.00349	0.00466	0.06001	0.00662	0.00592
21	0.01091	0.00834	0.01257	0.09671	0.01706	0.00977	0.01009	0.01372	0.01212	0.01738	0.01897	0.02806	0.01746	0.07078	0.58036	0.01003	0.01725	0.00769	0.03411	0.00662
22	0.01782	0.01886	0.07438	0.13576	0.51615	0.04547	0.02174	0.04121	0.01687	0.02338	0.01354	0.01779	0.01104	0.00672	0.00716	0.00219	0.00909	0.00633	0.00362	0.01088
23	0.01263	0.00631	0.00947	0.00947	0.00947	0.00631	0.00631	0.00947	0.00947	0.01263	0.01263	0.02210	0.01263	0.02525	0.02841	0.78851	0.00631	0.00631	0.00316	0.00316
24	0.01237	0.00631	0.00940	0.00951	0.00954	0.00629	0.00634	0.00951	0.00978	0.01303	0.01451	0.07139	0.01506	0.02508	0.02710	0.73455	0.00617	0.00730	0.00340	0.00335
25	0.04519	0.01480	0.09120	0.01501	0.04091	0.05928	0.03484	0.01897	0.07751	0.02283	0.05694	0.05471	0.14689	0.01488	0.00854	0.00274	0.00708	0.27386	0.00590	0.00793
26	0.01056	0.00728	0.00961	0.00967	0.01023	0.00781	0.00657	0.01149	0.01109	0.01533	0.02145	0.06326	0.02290	0.38459	0.31888	0.05825	0.01209	0.00951	0.00420	0.00525
27	0.00964	0.00740	0.00881	0.00846	0.01046	0.00658	0.00635	0.01246	0.01904	0.02550	0.45664	0.06031	0.30959	0.01622	0.00858	0.00235	0.00353	0.01399	0.00752	0.00658
28	0.02454	0.01801	0.02022	0.08494	0.02379	0.02001	0.01349	0.48252	0.09021	0.06854	0.01896	0.02075	0.01414	0.05523	0.00916	0.00254	0.00782	0.00698	0.00678	0.01136
29	0.02467	0.02202	0.02094	0.01775	0.04312	0.18656	0.03230	0.34071	0.07156	0.05712	0.02016	0.02065	0.05556	0.00918	0.00803	0.00220	0.04393	0.00684	0.00605	0.01065

[dist]
# distance from previous block
# <min> <max>
0	2

# created by:
# /st0/software/busco_prod/Augustus/scripts/msa2prfl.pl ./align_prep/166001.fa
