[name]
unknown

[dist]
# distance from previous block
# <min> <max>
13	54

[block]
# block no. 0 follows, 24 sequences, length 10
# corresponding to MSA columns:
# 66-75
name=unknown_A
#
# <colnr> <probs for GDERKNQSTAVLIFYWHMCP>
#	G	D	E	R	K	N	Q	S	T	A	V	L	I	F	Y	W	H	M	C	P
0	0.01280	0.00865	0.01059	0.01109	0.01291	0.00816	0.00792	0.01641	0.07322	0.07905	0.07774	0.43470	0.17460	0.02093	0.00957	0.00296	0.00477	0.01852	0.00770	0.00769
1	0.01174	0.07021	0.01266	0.01131	0.01272	0.00992	0.00801	0.01494	0.07145	0.02075	0.03943	0.49235	0.07133	0.09923	0.01283	0.00351	0.00540	0.01828	0.00680	0.00713
2	0.08283	0.01151	0.01318	0.01260	0.01541	0.01202	0.00933	0.02492	0.19548	0.11803	0.06781	0.28088	0.03554	0.06984	0.01106	0.00320	0.00569	0.01384	0.00757	0.00926
3	0.01921	0.01313	0.01510	0.01326	0.01697	0.01356	0.01031	0.13471	0.16564	0.11622	0.17870	0.12839	0.11230	0.01455	0.00874	0.00263	0.00572	0.01238	0.00824	0.01023
4	0.02618	0.02048	0.02120	0.01913	0.06578	0.09360	0.01427	0.21910	0.26934	0.12819	0.02483	0.02372	0.01804	0.00972	0.00790	0.00247	0.00817	0.00773	0.00756	0.01260
5	0.01891	0.01336	0.01566	0.01246	0.01766	0.01183	0.00978	0.08207	0.06839	0.11252	0.08029	0.08017	0.06461	0.03611	0.00859	0.00217	0.00596	0.00884	0.00664	0.34397
6	0.02075	0.01357	0.01626	0.01262	0.01817	0.01161	0.00991	0.08824	0.01945	0.16215	0.02225	0.09899	0.01930	0.06069	0.00948	0.00226	0.00635	0.00810	0.00640	0.39345
7	0.01957	0.01825	0.06327	0.01740	0.04792	0.01582	0.06000	0.16138	0.02111	0.03062	0.01635	0.04493	0.01360	0.00808	0.00802	0.00189	0.04494	0.00658	0.00530	0.39496
8	0.05317	0.01738	0.02002	0.01706	0.07023	0.01715	0.01274	0.28074	0.02550	0.07787	0.01797	0.01917	0.01348	0.00801	0.00695	0.00194	0.00725	0.00626	0.05725	0.26987
9	0.02168	0.01778	0.02273	0.01925	0.05959	0.04795	0.10171	0.21587	0.08642	0.06193	0.09118	0.05033	0.06000	0.01055	0.00816	0.00238	0.00802	0.00918	0.03645	0.06885

[dist]
# distance from previous block
# <min> <max>
3	10

[block]
# block no. 1 follows, 24 sequences, length 44
# corresponding to MSA columns:
# 86-95,97-106,108-131
name=unknown_B
#
# <colnr> <probs for GDERKNQSTAVLIFYWHMCP>
#	G	D	E	R	K	N	Q	S	T	A	V	L	I	F	Y	W	H	M	C	P
0	0.02549	0.01950	0.02128	0.01616	0.02264	0.02009	0.01322	0.42694	0.05894	0.04184	0.01813	0.01872	0.01344	0.00846	0.00731	0.00203	0.00774	0.00648	0.00695	0.24465
1	0.01174	0.00850	0.01113	0.01113	0.01206	0.00930	0.00780	0.01429	0.04414	0.01797	0.02445	0.07374	0.02540	0.32985	0.35310	0.00968	0.01405	0.01048	0.00482	0.00637
2	0.02347	0.01796	0.01941	0.01604	0.02071	0.02007	0.01267	0.34350	0.22041	0.03855	0.02395	0.02720	0.01909	0.10514	0.05208	0.00377	0.00858	0.00834	0.00735	0.01170
3	0.02110	0.06496	0.03756	0.11569	0.03774	0.15309	0.37052	0.05643	0.01985	0.02436	0.01490	0.01933	0.01145	0.00729	0.00842	0.00247	0.01268	0.00781	0.00412	0.01026
4	0.01119	0.00822	0.01178	0.01197	0.01308	0.00923	0.00890	0.01346	0.01281	0.01815	0.02407	0.10356	0.02445	0.15323	0.52561	0.01104	0.01756	0.01036	0.00465	0.00668
5	0.01760	0.01703	0.02873	0.28267	0.33700	0.01914	0.04872	0.02222	0.01653	0.02295	0.01409	0.01996	0.01154	0.00824	0.01027	0.00262	0.09921	0.00714	0.00372	0.01062
6	0.02369	0.04710	0.04541	0.01670	0.02188	0.09449	0.01366	0.09357	0.40120	0.11388	0.02722	0.02546	0.02002	0.00996	0.00781	0.00251	0.00775	0.00795	0.00747	0.01226
7	0.00992	0.00712	0.00929	0.01068	0.01137	0.00663	0.00720	0.01152	0.01593	0.02135	0.11445	0.58409	0.07809	0.05817	0.01150	0.00334	0.00463	0.02085	0.00739	0.00649
8	0.01077	0.00765	0.00893	0.00939	0.01037	0.00720	0.00625	0.01212	0.01516	0.02005	0.09409	0.21910	0.17448	0.29121	0.02143	0.00473	0.00567	0.03961	0.03578	0.00602
9	0.02944	0.02179	0.02342	0.01791	0.02429	0.02387	0.01478	0.61318	0.03621	0.04873	0.01878	0.01890	0.01340	0.00933	0.00783	0.00232	0.00858	0.00701	0.00777	0.05246
10	0.01123	0.00834	0.01037	0.01136	0.01258	0.00812	0.00792	0.03871	0.05840	0.02324	0.09272	0.54653	0.09580	0.02231	0.00979	0.00306	0.00476	0.01999	0.00754	0.00722
11	0.03123	0.02047	0.02272	0.01742	0.02372	0.02201	0.01439	0.52442	0.03438	0.17508	0.02148	0.02062	0.01471	0.00958	0.00794	0.00239	0.00833	0.00731	0.00831	0.01349
12	0.01731	0.05226	0.02819	0.14331	0.02968	0.02286	0.10532	0.02040	0.01392	0.02015	0.01188	0.01836	0.01065	0.01147	0.01945	0.00312	0.45189	0.00716	0.00355	0.00905
13	0.03014	0.02221	0.02380	0.01825	0.02459	0.02459	0.01507	0.64541	0.03728	0.04998	0.01904	0.01904	0.01349	0.00952	0.00793	0.00238	0.00873	0.00714	0.00793	0.01349
14	0.00963	0.00703	0.00907	0.01070	0.01141	0.00647	0.00721	0.01108	0.01551	0.02037	0.04781	0.64453	0.12141	0.02431	0.01004	0.00316	0.00454	0.02189	0.00736	0.00647
15	0.01248	0.00906	0.01076	0.01122	0.01228	0.00924	0.00759	0.04613	0.08047	0.02147	0.03471	0.35512	0.03912	0.26576	0.02040	0.00470	0.00616	0.03990	0.00657	0.00688
16	0.01937	0.01547	0.01677	0.01496	0.01891	0.01711	0.01157	0.18254	0.31845	0.03368	0.03510	0.17667	0.07672	0.01416	0.00857	0.00272	0.00635	0.01200	0.00783	0.01104
17	0.15845	0.01433	0.02150	0.57205	0.04722	0.01765	0.01949	0.02083	0.01541	0.02314	0.01352	0.01959	0.01020	0.00782	0.00736	0.00261	0.00974	0.00653	0.00378	0.00877
18	0.01114	0.00810	0.01049	0.00989	0.01180	0.00745	0.00742	0.01481	0.02226	0.03135	0.64214	0.05998	0.10063	0.01638	0.00935	0.00250	0.00375	0.01445	0.00867	0.00745
19	0.07434	0.01497	0.01889	0.01456	0.02067	0.01402	0.01203	0.13350	0.02451	0.54414	0.02827	0.02498	0.01807	0.00964	0.00780	0.00244	0.00703	0.00765	0.00926	0.01323
20	0.02920	0.03604	0.02234	0.02012	0.02434	0.62450	0.01518	0.06418	0.05194	0.02163	0.01352	0.01524	0.01102	0.00836	0.00723	0.00209	0.01365	0.00539	0.00447	0.00957
21	0.00966	0.00690	0.00920	0.01104	0.01150	0.00644	0.00736	0.01104	0.01518	0.02024	0.04371	0.71614	0.05245	0.02484	0.01012	0.00322	0.00460	0.02254	0.00736	0.00644
22	0.01498	0.01409	0.02378	0.70226	0.05462	0.01762	0.02202	0.02026	0.01586	0.02026	0.01409	0.02114	0.01057	0.00793	0.00793	0.00264	0.01057	0.00705	0.00352	0.00881
23	0.02859	0.02021	0.15805	0.01696	0.02411	0.01466	0.04214	0.07723	0.05944	0.40903	0.04864	0.02534	0.01908	0.00947	0.00799	0.00249	0.00807	0.00781	0.00795	0.01274
24	0.03016	0.02007	0.02216	0.01867	0.05761	0.05917	0.01441	0.35552	0.08512	0.21967	0.02297	0.02192	0.01588	0.00950	0.00791	0.00241	0.00833	0.00741	0.00803	0.01311
25	0.01498	0.01409	0.02378	0.70226	0.05462	0.01762	0.02202	0.02026	0.01586	0.02026	0.01409	0.02114	0.01057	0.00793	0.00793	0.00264	0.01057	0.00705	0.00352	0.00881
26	0.77733	0.01534	0.01166	0.01043	0.01534	0.01779	0.00859	0.02331	0.01350	0.03558	0.01104	0.01288	0.00859	0.00736	0.00491	0.00245	0.00613	0.00429	0.00491	0.00859
27	0.02120	0.72609	0.04155	0.01357	0.02035	0.03138	0.01357	0.02374	0.01611	0.01866	0.01102	0.01272	0.01018	0.00678	0.00509	0.00170	0.00848	0.00424	0.00339	0.01018
28	0.01827	0.01040	0.01304	0.01162	0.01467	0.00990	0.00889	0.06796	0.02000	0.18714	0.15710	0.11409	0.14868	0.08344	0.09397	0.00428	0.00747	0.01251	0.00767	0.00890
29	0.02517	0.09312	0.05350	0.01601	0.04818	0.01607	0.01301	0.13530	0.05461	0.26315	0.09768	0.09968	0.02659	0.01155	0.00801	0.00245	0.00706	0.00957	0.00775	0.01154
30	0.77733	0.01534	0.01166	0.01043	0.01534	0.01779	0.00859	0.02331	0.01350	0.03558	0.01104	0.01288	0.00859	0.00736	0.00491	0.00245	0.00613	0.00429	0.00491	0.00859
31	0.03320	0.01731	0.02076	0.01592	0.02214	0.01731	0.01315	0.30404	0.02908	0.40293	0.02593	0.02351	0.01694	0.00969	0.00796	0.00242	0.00761	0.00761	0.00899	0.01349
32	0.02409	0.11369	0.08527	0.08781	0.06079	0.16614	0.04126	0.15858	0.04828	0.07629	0.01795	0.05270	0.01445	0.00913	0.00753	0.00233	0.01013	0.00718	0.00543	0.01097
33	0.01498	0.01409	0.02378	0.70226	0.05462	0.01762	0.02202	0.02026	0.01586	0.02026	0.01409	0.02114	0.01057	0.00793	0.00793	0.00264	0.01057	0.00705	0.00352	0.00881
34	0.03000	0.01226	0.01661	0.01316	0.01832	0.01070	0.01070	0.03322	0.02264	0.52937	0.17716	0.03438	0.03228	0.01128	0.00829	0.00246	0.00606	0.00943	0.00957	0.01212
35	0.01594	0.01522	0.02618	0.56064	0.16249	0.01793	0.04734	0.02118	0.01636	0.02146	0.01432	0.02089	0.01098	0.00773	0.00797	0.00259	0.01048	0.00714	0.00361	0.00954
36	0.05601	0.05139	0.01993	0.01666	0.05455	0.04269	0.01261	0.21602	0.02466	0.23133	0.02669	0.16479	0.02288	0.01237	0.00810	0.00253	0.00741	0.01024	0.00768	0.01146
37	0.01005	0.00823	0.00898	0.00928	0.01177	0.00716	0.00728	0.01242	0.01828	0.02223	0.09622	0.07799	0.53498	0.02026	0.00965	0.00284	0.00459	0.12357	0.00741	0.00683
38	0.03558	0.01350	0.01840	0.01411	0.02024	0.01166	0.01166	0.03865	0.02270	0.67734	0.03128	0.02699	0.01963	0.00981	0.00797	0.00245	0.00675	0.00797	0.00981	0.01350
39	0.02023	0.16757	0.17673	0.07512	0.05690	0.14688	0.10659	0.05548	0.01908	0.02340	0.01882	0.02131	0.06143	0.00846	0.00744	0.00229	0.01086	0.00693	0.00416	0.01030
40	0.02047	0.02311	0.14572	0.09746	0.34897	0.01980	0.05390	0.14104	0.02127	0.02975	0.01555	0.01923	0.01208	0.00767	0.00789	0.00243	0.01000	0.00698	0.00454	0.01215
41	0.00958	0.00722	0.00888	0.01020	0.01128	0.00651	0.00699	0.01114	0.01599	0.02057	0.05391	0.53795	0.22406	0.02352	0.00991	0.00307	0.00444	0.02093	0.00736	0.00651
42	0.01746	0.24767	0.45198	0.05535	0.03114	0.02231	0.02414	0.02444	0.01650	0.02290	0.01325	0.01575	0.01011	0.00733	0.00681	0.00227	0.01068	0.00543	0.00337	0.01110
43	0.02268	0.02313	0.02609	0.30944	0.15294	0.19138	0.02042	0.02567	0.01952	0.02395	0.01650	0.02254	0.01373	0.00998	0.00971	0.00293	0.04647	0.00731	0.00484	0.05078

[dist]
# distance from previous block
# <min> <max>
0	6

[block]
# block no. 2 follows, 24 sequences, length 6
# corresponding to MSA columns:
# 144-149
name=unknown_C
#
# <colnr> <probs for GDERKNQSTAVLIFYWHMCP>
#	G	D	E	R	K	N	Q	S	T	A	V	L	I	F	Y	W	H	M	C	P
0	0.59054	0.01618	0.01466	0.08470	0.02080	0.01874	0.01093	0.11138	0.01712	0.03600	0.01250	0.01463	0.00949	0.00773	0.00566	0.00246	0.00697	0.00499	0.00519	0.00931
1	0.01285	0.00894	0.01002	0.00971	0.01053	0.00901	0.00608	0.06854	0.01473	0.01945	0.03061	0.11870	0.07896	0.53224	0.03197	0.00637	0.00718	0.01266	0.00554	0.00590
2	0.01336	0.00746	0.01051	0.01068	0.01145	0.00725	0.00741	0.01245	0.01328	0.04965	0.05832	0.18255	0.06829	0.02728	0.06911	0.42192	0.00704	0.01151	0.00519	0.00527
3	0.32961	0.01693	0.02026	0.08394	0.19276	0.01819	0.01488	0.10602	0.01839	0.03255	0.01372	0.01659	0.01080	0.00747	0.00646	0.00230	0.00771	0.00569	0.00491	0.09080
4	0.01792	0.01257	0.01578	0.10495	0.02088	0.01339	0.01132	0.18404	0.02202	0.06218	0.13167	0.17234	0.03310	0.08769	0.01370	0.06200	0.00696	0.01193	0.00679	0.00877
5	0.02404	0.01169	0.01520	0.01340	0.01752	0.01088	0.01082	0.02892	0.08556	0.34685	0.06510	0.12856	0.07742	0.01480	0.00890	0.00279	0.00620	0.11192	0.00869	0.01075

[dist]
# distance from previous block
# <min> <max>
0	8

[block]
# block no. 3 follows, 24 sequences, length 6
# corresponding to MSA columns:
# 158-163
name=unknown_D
#
# <colnr> <probs for GDERKNQSTAVLIFYWHMCP>
#	G	D	E	R	K	N	Q	S	T	A	V	L	I	F	Y	W	H	M	C	P
0	0.01505	0.01044	0.01689	0.15629	0.13574	0.01115	0.01301	0.01480	0.01280	0.01722	0.01404	0.02272	0.01292	0.01999	0.02228	0.47998	0.00807	0.00695	0.00354	0.00613
1	0.02621	0.03093	0.02306	0.02386	0.12144	0.45913	0.01615	0.03258	0.14427	0.02304	0.01652	0.01805	0.01327	0.00850	0.00743	0.00221	0.01202	0.00615	0.00483	0.01035
2	0.01241	0.00779	0.01168	0.01168	0.01247	0.00858	0.00858	0.01247	0.01168	0.01636	0.01794	0.02804	0.01715	0.04537	0.39885	0.34691	0.01490	0.00779	0.00389	0.00547
3	0.02817	0.01409	0.01771	0.01465	0.01956	0.01362	0.01191	0.17304	0.02451	0.36864	0.03137	0.13525	0.02570	0.01320	0.00858	0.00267	0.00694	0.06979	0.00876	0.01182
4	0.01377	0.00689	0.01033	0.01033	0.01033	0.00689	0.00689	0.01033	0.01033	0.01377	0.01377	0.02410	0.01377	0.02755	0.03099	0.76928	0.00689	0.00689	0.00344	0.00344
5	0.08267	0.01572	0.02415	0.40003	0.20087	0.01818	0.02034	0.02408	0.09074	0.02449	0.01615	0.02103	0.01248	0.00799	0.00766	0.00256	0.00940	0.00704	0.00427	0.01016

[dist]
# distance from previous block
# <min> <max>
3	5

[block]
# block no. 4 follows, 24 sequences, length 59
# corresponding to MSA columns:
# 169-208,336-354
name=unknown_E
#
# <colnr> <probs for GDERKNQSTAVLIFYWHMCP>
#	G	D	E	R	K	N	Q	S	T	A	V	L	I	F	Y	W	H	M	C	P
0	0.01605	0.01170	0.01444	0.01303	0.01535	0.01294	0.00988	0.17066	0.01897	0.02610	0.04833	0.03422	0.02266	0.20215	0.33803	0.00854	0.01419	0.00912	0.00548	0.00815
1	0.18350	0.05832	0.02024	0.13823	0.02560	0.01815	0.05088	0.10567	0.12081	0.06057	0.01933	0.02469	0.01586	0.11199	0.01193	0.00324	0.00813	0.00744	0.00563	0.00981
2	0.01751	0.24838	0.48691	0.01987	0.03009	0.02234	0.02454	0.02470	0.01655	0.02316	0.01326	0.01552	0.01008	0.00731	0.00679	0.00226	0.01074	0.00537	0.00336	0.01125
3	0.01237	0.00833	0.01091	0.01198	0.01368	0.00780	0.00935	0.01486	0.01749	0.06202	0.07341	0.32118	0.14758	0.02177	0.01014	0.00321	0.00557	0.23355	0.00754	0.00726
4	0.01211	0.04096	0.01323	0.01181	0.01295	0.01081	0.00875	0.01396	0.01247	0.01746	0.02151	0.03646	0.02190	0.27083	0.41695	0.01017	0.04753	0.00922	0.00436	0.00655
5	0.73380	0.05626	0.01338	0.01061	0.01562	0.01857	0.00887	0.02334	0.01365	0.03460	0.01104	0.01287	0.00868	0.00733	0.00492	0.00241	0.00627	0.00429	0.00482	0.00868
6	0.02617	0.01172	0.01546	0.01260	0.01721	0.01045	0.01012	0.03016	0.04799	0.42133	0.22179	0.03959	0.07546	0.01236	0.00847	0.00249	0.00568	0.01042	0.00928	0.01127
7	0.01291	0.00843	0.01044	0.00994	0.01210	0.00759	0.00733	0.01566	0.01988	0.08704	0.35792	0.13267	0.20132	0.06717	0.01150	0.00298	0.00446	0.01502	0.00809	0.00756
8	0.15682	0.01973	0.02062	0.01616	0.02217	0.02154	0.01328	0.42981	0.06855	0.08318	0.01893	0.01896	0.01357	0.00903	0.00731	0.00235	0.00785	0.00667	0.00735	0.05614
9	0.02007	0.57966	0.17806	0.01550	0.02334	0.02861	0.01693	0.02404	0.01625	0.02004	0.01171	0.01358	0.01015	0.00694	0.00561	0.00187	0.00917	0.00459	0.00338	0.01051
10	0.01209	0.00812	0.01040	0.01145	0.01275	0.00770	0.00822	0.01464	0.04087	0.06063	0.04446	0.47190	0.10246	0.06486	0.01178	0.00343	0.00527	0.09445	0.00737	0.00713
11	0.02928	0.03580	0.02295	0.02134	0.04953	0.60988	0.01565	0.08095	0.02350	0.02213	0.01291	0.01489	0.01057	0.00824	0.00724	0.00208	0.01366	0.00535	0.00439	0.00967
12	0.01617	0.03919	0.62126	0.02361	0.03498	0.01857	0.08644	0.02514	0.01693	0.02514	0.01440	0.01717	0.01023	0.00745	0.00770	0.00253	0.01187	0.00619	0.00341	0.01162
13	0.00978	0.00718	0.00894	0.01028	0.01110	0.00660	0.00689	0.01115	0.01538	0.02002	0.04868	0.54024	0.16224	0.08656	0.01270	0.00352	0.00477	0.02050	0.00713	0.00634
14	0.08410	0.00885	0.01077	0.01149	0.01343	0.00849	0.00863	0.01579	0.01665	0.08518	0.04404	0.39289	0.12573	0.02065	0.00947	0.00308	0.00533	0.12058	0.00736	0.00750
15	0.12762	0.01575	0.02204	0.47775	0.04348	0.01892	0.01882	0.13476	0.01943	0.02789	0.01456	0.01957	0.01082	0.00814	0.00749	0.00257	0.00959	0.00667	0.00453	0.00963
16	0.30217	0.01167	0.01218	0.05246	0.01648	0.01229	0.00906	0.01904	0.01575	0.06513	0.08799	0.15178	0.05377	0.07314	0.01014	0.00303	0.00602	0.03767	0.00610	0.05413
17	0.01011	0.00721	0.00947	0.01067	0.01141	0.00674	0.00724	0.01192	0.01654	0.02246	0.17742	0.53599	0.05592	0.06308	0.01170	0.00332	0.00459	0.02014	0.00751	0.00657
18	0.20989	0.02000	0.01878	0.01571	0.02097	0.08058	0.01262	0.23637	0.20112	0.07518	0.02085	0.02049	0.01532	0.00923	0.00716	0.00246	0.00780	0.00682	0.00699	0.01165
19	0.01735	0.20998	0.49297	0.02086	0.03118	0.02170	0.05340	0.02479	0.01668	0.02353	0.01352	0.01596	0.01017	0.00731	0.00701	0.00232	0.01099	0.00562	0.00339	0.01129
20	0.01041	0.00721	0.00898	0.01009	0.01037	0.00694	0.00634	0.01124	0.01373	0.01831	0.03626	0.45200	0.04306	0.30180	0.02215	0.00500	0.00583	0.01816	0.00634	0.00579
21	0.02502	0.02094	0.01960	0.01668	0.02162	0.13380	0.01315	0.18606	0.29116	0.10232	0.02840	0.02693	0.05758	0.01048	0.00795	0.00248	0.00816	0.00822	0.00750	0.01195
22	0.01922	0.01718	0.02731	0.43413	0.04532	0.01968	0.11541	0.17252	0.02149	0.02825	0.01559	0.02067	0.01150	0.00812	0.00815	0.00258	0.01055	0.00742	0.00467	0.01023
23	0.02181	0.01166	0.01487	0.01320	0.01681	0.01118	0.01038	0.08282	0.06020	0.25667	0.14955	0.19601	0.03910	0.01548	0.00897	0.00275	0.00591	0.06387	0.00856	0.01020
24	0.04915	0.13173	0.36938	0.02124	0.06749	0.08295	0.02231	0.09077	0.01937	0.02663	0.01643	0.01839	0.03453	0.00812	0.00718	0.00233	0.01055	0.00611	0.00415	0.01120
25	0.03014	0.02221	0.02380	0.01825	0.02459	0.02459	0.01507	0.64541	0.03728	0.04998	0.01904	0.01904	0.01349	0.00952	0.00793	0.00238	0.00873	0.00714	0.00793	0.01349
26	0.06696	0.33769	0.13731	0.01567	0.02211	0.13732	0.01539	0.02504	0.01817	0.05427	0.08612	0.01955	0.01775	0.00838	0.00645	0.00206	0.00926	0.00597	0.00450	0.01003
27	0.02493	0.01527	0.05814	0.11290	0.02501	0.01396	0.01426	0.11500	0.02213	0.29476	0.05628	0.03625	0.02366	0.05235	0.01029	0.00295	0.00787	0.09538	0.00756	0.01106
28	0.01845	0.16759	0.43758	0.02239	0.05650	0.02067	0.08049	0.02563	0.01719	0.06149	0.01479	0.01710	0.01090	0.00743	0.00727	0.00236	0.01087	0.00604	0.00381	0.01147
29	0.01594	0.01508	0.02553	0.56669	0.18265	0.01787	0.02250	0.02111	0.01631	0.02143	0.01426	0.02083	0.01098	0.00775	0.00791	0.00258	0.01033	0.00705	0.00361	0.00959
30	0.02913	0.01311	0.01706	0.01360	0.01874	0.01205	0.01103	0.07635	0.05444	0.46167	0.16880	0.03357	0.03142	0.01123	0.00828	0.00247	0.00621	0.00935	0.00936	0.01214
31	0.02753	0.06302	0.02299	0.04960	0.06951	0.10605	0.01460	0.27475	0.02743	0.16869	0.07797	0.02343	0.01944	0.00960	0.00779	0.00233	0.00871	0.00751	0.00714	0.01192
32	0.01637	0.00951	0.01258	0.01172	0.01283	0.00989	0.00831	0.11896	0.01518	0.02029	0.01617	0.05776	0.01565	0.02433	0.02601	0.59994	0.00709	0.00771	0.00441	0.00531
33	0.01094	0.00814	0.01014	0.01037	0.01218	0.00751	0.00792	0.01382	0.01933	0.02583	0.31908	0.12737	0.20614	0.06173	0.01160	0.00313	0.00477	0.12521	0.00778	0.00701
34	0.10957	0.01960	0.02026	0.04162	0.04804	0.11285	0.01357	0.17881	0.05100	0.29162	0.02232	0.02142	0.01526	0.00912	0.00752	0.00239	0.00845	0.00695	0.00751	0.01212
35	0.05197	0.01462	0.02409	0.60968	0.05076	0.01783	0.05111	0.02151	0.04106	0.02175	0.01476	0.02109	0.01108	0.00795	0.00786	0.00264	0.01032	0.00710	0.00379	0.00904
36	0.02971	0.03513	0.02270	0.02006	0.02453	0.57579	0.01528	0.13661	0.02500	0.02463	0.01342	0.01511	0.01077	0.00840	0.00728	0.00210	0.01335	0.00545	0.00474	0.00993
37	0.01133	0.00850	0.01274	0.01274	0.01416	0.00991	0.00991	0.01416	0.01274	0.01841	0.02124	0.03115	0.01982	0.05947	0.68989	0.01274	0.02124	0.00850	0.00425	0.00708
38	0.25032	0.05004	0.14198	0.05537	0.06870	0.01976	0.19106	0.08355	0.01828	0.03032	0.01413	0.01731	0.01067	0.00740	0.00722	0.00249	0.00987	0.00655	0.00449	0.01050
39	0.02754	0.03114	0.02479	0.02619	0.16476	0.43539	0.01723	0.13052	0.02394	0.02582	0.01394	0.01623	0.01126	0.00815	0.00743	0.00217	0.01233	0.00586	0.00468	0.01063
40	0.01914	0.00961	0.01277	0.01164	0.01461	0.00858	0.00883	0.02185	0.02011	0.25265	0.22750	0.24803	0.07843	0.01679	0.00911	0.00271	0.00506	0.01473	0.00862	0.00922
41	0.01014	0.00714	0.00926	0.01077	0.01121	0.00679	0.00714	0.01137	0.01466	0.01952	0.04023	0.56728	0.04785	0.15121	0.01565	0.00405	0.00528	0.04738	0.00689	0.00618
42	0.06412	0.01423	0.02071	0.43463	0.04056	0.01662	0.01767	0.02567	0.11135	0.11009	0.02208	0.02534	0.04556	0.00915	0.00784	0.00261	0.00885	0.00776	0.00530	0.00987
43	0.01078	0.00809	0.00998	0.00951	0.01157	0.00729	0.00713	0.01411	0.02140	0.02931	0.52693	0.06333	0.21711	0.01714	0.00936	0.00254	0.00381	0.01491	0.00840	0.00729
44	0.02835	0.02043	0.02208	0.01727	0.02305	0.02248	0.01405	0.52247	0.09073	0.07766	0.02120	0.02238	0.01569	0.05284	0.00991	0.00273	0.00834	0.00761	0.00785	0.01288
45	0.02169	0.02176	0.03029	0.04279	0.54002	0.11531	0.02249	0.06285	0.01985	0.02643	0.01478	0.01883	0.01228	0.00737	0.00776	0.00231	0.01008	0.00679	0.00419	0.01213
46	0.02610	0.02068	0.02648	0.13234	0.05562	0.02277	0.08109	0.45647	0.03116	0.04170	0.01777	0.01964	0.01283	0.00888	0.00808	0.00245	0.00953	0.00735	0.00666	0.01240
47	0.00992	0.00724	0.00937	0.01077	0.01167	0.00669	0.00747	0.01169	0.01632	0.02163	0.10683	0.55600	0.12126	0.02337	0.01000	0.00311	0.00458	0.04798	0.00749	0.00661
48	0.01407	0.00996	0.01161	0.01140	0.01274	0.01019	0.00775	0.12510	0.01772	0.02368	0.03196	0.33126	0.03622	0.29445	0.02155	0.00482	0.00655	0.01547	0.00646	0.00707
49	0.19014	0.02160	0.02310	0.15179	0.13469	0.16631	0.04769	0.09504	0.01999	0.05754	0.01457	0.01761	0.01119	0.00792	0.00715	0.00239	0.00998	0.00618	0.00482	0.01029
50	0.01664	0.01551	0.02572	0.52464	0.19583	0.01817	0.02228	0.04573	0.01720	0.02273	0.01448	0.02071	0.01114	0.00779	0.00791	0.00257	0.01023	0.00706	0.00379	0.00986
51	0.01003	0.00705	0.00909	0.01057	0.01095	0.00668	0.00686	0.01114	0.01447	0.01929	0.04005	0.58656	0.04784	0.16071	0.01602	0.00409	0.00520	0.02040	0.00686	0.00612
52	0.01063	0.00821	0.01185	0.13659	0.01933	0.00847	0.01002	0.01272	0.01530	0.02025	0.03833	0.58991	0.04484	0.02177	0.00972	0.00312	0.00569	0.01973	0.00666	0.00687
53	0.01966	0.01911	0.02964	0.20897	0.40937	0.05940	0.05088	0.06149	0.01897	0.02553	0.01485	0.01973	0.01195	0.00748	0.00790	0.00242	0.01014	0.00705	0.00408	0.01138
54	0.01501	0.00905	0.01160	0.01065	0.01336	0.00815	0.00830	0.01834	0.02144	0.13523	0.41783	0.05905	0.16521	0.01624	0.00925	0.00260	0.00454	0.05727	0.00857	0.00832
55	0.01153	0.00769	0.00865	0.00865	0.00865	0.00769	0.00480	0.01153	0.01153	0.01538	0.02499	0.05189	0.02883	0.72131	0.04036	0.00769	0.00769	0.01153	0.00480	0.00480
56	0.21720	0.01580	0.02124	0.31404	0.09485	0.01875	0.01732	0.07250	0.01708	0.05187	0.01407	0.01853	0.01080	0.00847	0.00886	0.00262	0.07550	0.00636	0.00451	0.00964
57	0.01844	0.01919	0.03735	0.15148	0.28467	0.01918	0.30230	0.02413	0.01798	0.02473	0.01529	0.02067	0.01199	0.00704	0.00854	0.00255	0.01139	0.00809	0.00390	0.01109
58	0.02864	0.02132	0.02299	0.01753	0.02396	0.02306	0.01445	0.57691	0.03500	0.04733	0.01850	0.01875	0.01330	0.00912	0.00771	0.00225	0.00841	0.00687	0.00758	0.09632

[dist]
# distance from previous block
# <min> <max>
0	1

[block]
# block no. 5 follows, 24 sequences, length 14
# corresponding to MSA columns:
# 356-369
name=unknown_F
#
# <colnr> <probs for GDERKNQSTAVLIFYWHMCP>
#	G	D	E	R	K	N	Q	S	T	A	V	L	I	F	Y	W	H	M	C	P
0	0.68335	0.01851	0.09418	0.01193	0.01768	0.01787	0.01114	0.02353	0.01390	0.03429	0.01144	0.01336	0.00877	0.00738	0.00523	0.00246	0.00682	0.00449	0.00471	0.00897
1	0.02392	0.01337	0.01660	0.01302	0.01863	0.01175	0.01045	0.02973	0.10278	0.29309	0.11695	0.02856	0.02559	0.00959	0.00751	0.00208	0.00598	0.00796	0.00780	0.25463
2	0.01041	0.00733	0.00989	0.01142	0.01219	0.00694	0.00813	0.01216	0.01613	0.02159	0.10138	0.53803	0.05212	0.02371	0.01096	0.03231	0.00499	0.10642	0.00733	0.00655
3	0.01647	0.01578	0.02721	0.48550	0.23058	0.01808	0.05036	0.02166	0.01661	0.02210	0.01442	0.02072	0.01121	0.00763	0.00797	0.00256	0.01037	0.00716	0.00366	0.00997
4	0.01667	0.08998	0.56169	0.02414	0.07617	0.01949	0.05436	0.02497	0.01687	0.02470	0.01411	0.01683	0.01031	0.00741	0.00745	0.00245	0.01139	0.00597	0.00342	0.01162
5	0.01415	0.00877	0.01126	0.01089	0.01303	0.00811	0.00830	0.01696	0.01944	0.10505	0.30187	0.10776	0.12145	0.10716	0.01344	0.00340	0.00526	0.10811	0.00789	0.00768
6	0.07636	0.00942	0.01152	0.01130	0.01358	0.00927	0.00881	0.01746	0.04979	0.06419	0.24950	0.08597	0.11626	0.01820	0.01194	0.10043	0.00538	0.12587	0.00729	0.00749
7	0.01590	0.04102	0.68023	0.02260	0.03432	0.01842	0.02930	0.02511	0.01674	0.02511	0.01423	0.01674	0.01005	0.00753	0.00753	0.00251	0.01172	0.00586	0.00335	0.01172
8	0.01850	0.01459	0.01621	0.01513	0.01904	0.01618	0.01208	0.03454	0.44577	0.06788	0.03761	0.04487	0.07419	0.01362	0.00874	0.00287	0.00635	0.13273	0.00797	0.01113
9	0.01050	0.00759	0.00974	0.01042	0.01157	0.00706	0.00736	0.01276	0.01782	0.02419	0.26560	0.35039	0.10423	0.07853	0.01232	0.00331	0.00464	0.04760	0.00763	0.00674
10	0.01785	0.02232	0.10947	0.13504	0.04272	0.01951	0.48349	0.02458	0.01807	0.02458	0.01555	0.02087	0.01160	0.00696	0.00895	0.00265	0.01277	0.00864	0.00387	0.01051
11	0.02124	0.01550	0.02299	0.10463	0.27914	0.01562	0.01713	0.06191	0.06258	0.15815	0.03044	0.03137	0.12398	0.01028	0.00816	0.00249	0.00786	0.00899	0.00615	0.01140
12	0.01590	0.04102	0.68023	0.02260	0.03432	0.01842	0.02930	0.02511	0.01674	0.02511	0.01423	0.01674	0.01005	0.00753	0.00753	0.00251	0.01172	0.00586	0.00335	0.01172
13	0.01111	0.00817	0.01044	0.01007	0.01204	0.00750	0.00768	0.01463	0.02162	0.02996	0.55160	0.06347	0.14501	0.01709	0.00947	0.00260	0.00403	0.05768	0.00846	0.00737

[dist]
# distance from previous block
# <min> <max>
0	1

[block]
# block no. 6 follows, 24 sequences, length 39
# corresponding to MSA columns:
# 371-377,379-410
name=unknown_G
#
# <colnr> <probs for GDERKNQSTAVLIFYWHMCP>
#	G	D	E	R	K	N	Q	S	T	A	V	L	I	F	Y	W	H	M	C	P
0	0.02002	0.38870	0.28286	0.01789	0.02656	0.02467	0.04660	0.02531	0.01690	0.06460	0.01379	0.01556	0.01083	0.00726	0.00639	0.00210	0.00981	0.00532	0.00382	0.01100
1	0.77733	0.01534	0.01166	0.01043	0.01534	0.01779	0.00859	0.02331	0.01350	0.03558	0.01104	0.01288	0.00859	0.00736	0.00491	0.00245	0.00613	0.00429	0.00491	0.00859
2	0.34852	0.16745	0.26081	0.01549	0.02325	0.02075	0.01712	0.02405	0.01520	0.02837	0.01220	0.01425	0.00944	0.00731	0.00590	0.00232	0.00864	0.00485	0.00404	0.01005
3	0.01115	0.00797	0.01012	0.01133	0.01214	0.00773	0.00767	0.05268	0.01635	0.02182	0.04065	0.61931	0.04808	0.07743	0.01230	0.00351	0.00511	0.02069	0.00720	0.00678
4	0.00961	0.00712	0.00898	0.01047	0.01135	0.00649	0.00711	0.01111	0.01573	0.02047	0.05067	0.59450	0.16959	0.02394	0.00998	0.00312	0.00449	0.02144	0.00736	0.00649
5	0.01710	0.01667	0.02929	0.37676	0.26868	0.01853	0.09120	0.02222	0.01682	0.02277	0.01448	0.02051	0.01143	0.00768	0.00865	0.00257	0.03329	0.00731	0.00372	0.01033
6	0.02120	0.72609	0.04155	0.01357	0.02035	0.03138	0.01357	0.02374	0.01611	0.01866	0.01102	0.01272	0.01018	0.00678	0.00509	0.00170	0.00848	0.00424	0.00339	0.01018
7	0.01627	0.00912	0.00958	0.00896	0.01128	0.00948	0.00690	0.08830	0.01868	0.03111	0.02480	0.02849	0.01953	0.01256	0.05069	0.00262	0.00541	0.00744	0.63073	0.00805
8	0.00981	0.00701	0.00937	0.01121	0.01174	0.00657	0.00762	0.01130	0.01533	0.02041	0.04362	0.68602	0.05212	0.02470	0.01016	0.00324	0.00473	0.05118	0.00736	0.00648
9	0.01539	0.03672	0.58538	0.02188	0.03230	0.01727	0.05285	0.02369	0.01667	0.02463	0.01730	0.08806	0.01444	0.00926	0.00787	0.00259	0.01106	0.00770	0.00378	0.01114
10	0.01010	0.00730	0.00956	0.01060	0.01157	0.00676	0.00734	0.01220	0.01743	0.02367	0.22752	0.49619	0.08606	0.02211	0.00986	0.00298	0.00432	0.01989	0.00776	0.00676
11	0.74266	0.01565	0.01222	0.01079	0.01577	0.01810	0.00889	0.05218	0.01460	0.03625	0.01141	0.01317	0.00882	0.00746	0.00505	0.00245	0.00625	0.00443	0.00505	0.00882
12	0.14724	0.02060	0.01984	0.01631	0.02167	0.08023	0.01314	0.31905	0.16612	0.06144	0.04205	0.02153	0.01699	0.00956	0.00746	0.00244	0.00804	0.00717	0.00723	0.01192
13	0.06139	0.03357	0.02167	0.01935	0.02373	0.54773	0.01471	0.07572	0.06327	0.04586	0.01461	0.01598	0.01159	0.00845	0.00720	0.00214	0.01279	0.00556	0.00484	0.00983
14	0.02120	0.72609	0.04155	0.01357	0.02035	0.03138	0.01357	0.02374	0.01611	0.01866	0.01102	0.01272	0.01018	0.00678	0.00509	0.00170	0.00848	0.00424	0.00339	0.01018
15	0.00999	0.00712	0.00937	0.01076	0.01140	0.00666	0.00724	0.01163	0.01603	0.02163	0.13199	0.58640	0.05438	0.06108	0.01164	0.00336	0.00464	0.02078	0.00742	0.00650
16	0.01963	0.01884	0.03219	0.04867	0.67185	0.01884	0.02434	0.02434	0.01806	0.02591	0.01492	0.01963	0.01256	0.00707	0.00785	0.00236	0.00942	0.00707	0.00393	0.01256
17	0.44227	0.08763	0.01691	0.01214	0.01721	0.01845	0.01017	0.11280	0.01898	0.09223	0.08740	0.02018	0.01783	0.00882	0.00613	0.00237	0.00653	0.00614	0.00605	0.00976
18	0.00971	0.00700	0.00920	0.01087	0.01148	0.00649	0.00731	0.01121	0.01558	0.02073	0.06907	0.66358	0.07980	0.02431	0.01006	0.00317	0.00454	0.02198	0.00741	0.00649
19	0.00992	0.00768	0.00904	0.00949	0.01125	0.00680	0.00682	0.01215	0.01820	0.02358	0.21249	0.28103	0.32174	0.02069	0.00961	0.00281	0.00414	0.01804	0.00770	0.00680
20	0.01799	0.01900	0.03728	0.10549	0.07215	0.01916	0.40690	0.02551	0.08045	0.02520	0.01880	0.02639	0.01524	0.00860	0.00990	0.00276	0.04496	0.04925	0.00454	0.01044
21	0.01037	0.00848	0.00920	0.00895	0.01149	0.00753	0.00673	0.01383	0.04989	0.02480	0.23765	0.06944	0.47639	0.01858	0.00930	0.00263	0.00405	0.01571	0.00777	0.00719
22	0.01911	0.01075	0.01331	0.01202	0.01477	0.01035	0.00899	0.08969	0.01984	0.18496	0.11017	0.16682	0.06341	0.18034	0.01633	0.00390	0.00636	0.05253	0.00759	0.00877
23	0.01851	0.01751	0.02962	0.04447	0.59801	0.01745	0.02244	0.02285	0.01773	0.02527	0.01814	0.09751	0.01702	0.00905	0.00810	0.00245	0.00888	0.00880	0.00431	0.01188
24	0.02014	0.61555	0.06613	0.01360	0.01985	0.02807	0.01351	0.02231	0.01549	0.01839	0.01147	0.01417	0.01057	0.00914	0.00809	0.08757	0.00844	0.00461	0.00340	0.00949
25	0.01161	0.08801	0.01344	0.01164	0.01348	0.00988	0.00906	0.01374	0.01646	0.02105	0.04567	0.39059	0.14729	0.02138	0.00962	0.00306	0.00555	0.15448	0.00690	0.00710
26	0.02621	0.01358	0.01689	0.01400	0.01856	0.01319	0.01112	0.15711	0.04763	0.32602	0.10230	0.16005	0.03093	0.01336	0.00853	0.00260	0.00640	0.01132	0.00877	0.01145
27	0.01817	0.01292	0.01507	0.01374	0.01649	0.01361	0.01032	0.25882	0.02351	0.03150	0.05088	0.34531	0.03363	0.01888	0.01158	0.08853	0.00644	0.01451	0.00719	0.00889
28	0.02114	0.02439	0.03932	0.03321	0.14136	0.15952	0.41056	0.02653	0.01939	0.02423	0.01507	0.01962	0.01174	0.00706	0.00865	0.00249	0.01292	0.00810	0.00401	0.01069
29	0.01230	0.00840	0.01101	0.01083	0.01161	0.00905	0.00747	0.03279	0.01272	0.01755	0.02200	0.03921	0.02295	0.34885	0.30530	0.09476	0.01320	0.00962	0.00452	0.00587
30	0.01641	0.01124	0.01360	0.01250	0.01443	0.01223	0.00908	0.07351	0.12076	0.06539	0.02467	0.07180	0.02360	0.25066	0.12758	0.09160	0.03740	0.00992	0.00578	0.00784
31	0.02450	0.01919	0.02215	0.09356	0.02641	0.02089	0.01480	0.38653	0.05908	0.03923	0.01762	0.01918	0.01314	0.00899	0.00873	0.00227	0.05405	0.00674	0.00654	0.15638
32	0.10675	0.01589	0.01722	0.01442	0.01899	0.01726	0.01153	0.22049	0.18034	0.08888	0.18817	0.03181	0.03171	0.01131	0.00799	0.00250	0.00641	0.00917	0.00798	0.01118
33	0.10759	0.01906	0.06400	0.01715	0.02237	0.04977	0.09212	0.16154	0.13210	0.03275	0.09228	0.02766	0.02249	0.07908	0.01096	0.00295	0.00827	0.00835	0.00627	0.04322
34	0.11949	0.20524	0.10018	0.04622	0.02452	0.06808	0.01588	0.23992	0.02342	0.03254	0.01435	0.01607	0.01114	0.00837	0.00759	0.00227	0.04266	0.00574	0.00521	0.01110
35	0.05011	0.01773	0.02381	0.19898	0.17803	0.04832	0.01831	0.12251	0.08126	0.02783	0.01678	0.02102	0.01340	0.01277	0.06145	0.00336	0.08167	0.00716	0.00488	0.01063
36	0.02355	0.15374	0.02823	0.13062	0.02916	0.06985	0.08647	0.16862	0.04654	0.10103	0.01769	0.02076	0.01362	0.03930	0.00957	0.00259	0.03523	0.00702	0.00554	0.01088
37	0.02361	0.02593	0.17805	0.04907	0.02825	0.09381	0.06837	0.19107	0.06600	0.09519	0.01827	0.01946	0.01320	0.00834	0.00767	0.00231	0.00986	0.00674	0.00578	0.08901
38	0.01603	0.30446	0.19098	0.01494	0.02075	0.01949	0.01535	0.01966	0.01575	0.02057	0.02196	0.22985	0.02325	0.01334	0.00829	0.03319	0.00804	0.01037	0.00460	0.00915

[dist]
# distance from previous block
# <min> <max>
0	3

# created by:
# /st0/software/busco_prod/Augustus/scripts/msa2prfl.pl ./align_prep/166191.fa
