[name]
unknown

[dist]
# distance from previous block
# <min> <max>
21	79

[block]
# block no. 0 follows, 29 sequences, length 46
# corresponding to MSA columns:
# 88-133
name=unknown_A
#
# <colnr> <probs for GDERKNQSTAVLIFYWHMCP>
#	G	D	E	R	K	N	Q	S	T	A	V	L	I	F	Y	W	H	M	C	P
0	0.07326	0.01436	0.02141	0.04062	0.14808	0.01483	0.09289	0.02642	0.10756	0.22286	0.04858	0.02378	0.04365	0.00888	0.00879	0.00234	0.07807	0.00748	0.00587	0.01026
1	0.05082	0.01308	0.01822	0.21729	0.02649	0.01429	0.05329	0.09417	0.07607	0.12819	0.02039	0.02505	0.04271	0.09667	0.01181	0.02562	0.03779	0.00739	0.00521	0.03546
2	0.01398	0.01267	0.02025	0.42242	0.10934	0.01439	0.03644	0.01822	0.03966	0.01928	0.01658	0.02164	0.04918	0.00920	0.00936	0.06814	0.03378	0.00675	0.00364	0.07506
3	0.01639	0.01272	0.01493	0.01107	0.01690	0.01022	0.00882	0.06668	0.01642	0.07019	0.01579	0.06462	0.01359	0.00689	0.00579	0.00133	0.00543	0.00565	0.00490	0.63168
4	0.73572	0.01401	0.01120	0.00982	0.01432	0.01607	0.00809	0.05293	0.01343	0.05682	0.01091	0.01228	0.00828	0.00678	0.00463	0.00220	0.00564	0.00410	0.00469	0.00808
5	0.01036	0.00690	0.00777	0.00777	0.00777	0.00690	0.00431	0.01036	0.01036	0.01381	0.02244	0.04660	0.02589	0.74975	0.03624	0.00690	0.00690	0.01036	0.00431	0.00431
6	0.00976	0.00714	0.00879	0.00932	0.01045	0.00670	0.00647	0.03431	0.01583	0.02112	0.18728	0.39779	0.14581	0.09130	0.01145	0.00305	0.00429	0.01639	0.00667	0.00610
7	0.01022	0.00743	0.01042	0.01042	0.01134	0.00835	0.00763	0.01206	0.01114	0.01577	0.02001	0.03314	0.02005	0.24663	0.53137	0.01018	0.01570	0.00839	0.00395	0.00579
8	0.01807	0.01531	0.01613	0.01431	0.01840	0.01753	0.01118	0.09151	0.60393	0.03057	0.03002	0.02776	0.05338	0.00996	0.00729	0.00239	0.00573	0.00824	0.00720	0.01109
9	0.01345	0.01266	0.02136	0.73264	0.04904	0.01582	0.01978	0.01819	0.01424	0.01819	0.01266	0.01898	0.00949	0.00712	0.00712	0.00237	0.00949	0.00633	0.00316	0.00791
10	0.02013	0.01760	0.01827	0.01575	0.01904	0.10147	0.01257	0.11167	0.29242	0.07728	0.02238	0.02265	0.04286	0.01018	0.01097	0.00246	0.17910	0.00722	0.00592	0.01005
11	0.01428	0.01317	0.02033	0.59284	0.04310	0.01619	0.01812	0.02202	0.14626	0.02045	0.01583	0.02046	0.01188	0.00761	0.00714	0.00238	0.00874	0.00666	0.00396	0.00856
12	0.77393	0.01371	0.01067	0.00948	0.01392	0.01579	0.00781	0.02140	0.01240	0.05501	0.01053	0.01200	0.00805	0.00668	0.00450	0.00220	0.00553	0.00397	0.00456	0.00786
13	0.01394	0.01309	0.02171	0.65038	0.09778	0.01598	0.01958	0.01929	0.04250	0.01906	0.01339	0.01919	0.01014	0.00717	0.00712	0.00236	0.00925	0.00640	0.00336	0.00831
14	0.01327	0.00664	0.00664	0.00664	0.00830	0.00664	0.00498	0.01659	0.01493	0.02655	0.02323	0.02655	0.01825	0.00830	0.00498	0.00166	0.00332	0.00664	0.78928	0.00664
15	0.01810	0.01549	0.01632	0.01457	0.01866	0.01789	0.01136	0.06436	0.66531	0.03041	0.02849	0.02618	0.02134	0.00961	0.00724	0.00240	0.00573	0.00798	0.00724	0.01131
16	0.01766	0.01285	0.01526	0.01106	0.01725	0.01009	0.00891	0.04456	0.01625	0.12156	0.01501	0.01620	0.01161	0.00590	0.00561	0.00126	0.00548	0.00472	0.00498	0.65381
17	0.01650	0.04369	0.03982	0.02821	0.03487	0.01796	0.60790	0.02204	0.01641	0.02223	0.01514	0.04923	0.01222	0.00689	0.00876	0.00241	0.03397	0.00867	0.00369	0.00937
18	0.01023	0.00739	0.01025	0.01025	0.01111	0.00825	0.00741	0.01195	0.01109	0.01565	0.02016	0.03401	0.02042	0.27905	0.49947	0.00997	0.01513	0.00851	0.00398	0.00570
19	0.01237	0.00618	0.00928	0.00928	0.00928	0.00618	0.00618	0.00928	0.00928	0.01237	0.01237	0.02165	0.01237	0.02474	0.02783	0.79283	0.00618	0.00618	0.00309	0.00309
20	0.13659	0.01907	0.01982	0.01539	0.02090	0.02122	0.01271	0.58799	0.03045	0.04304	0.01608	0.01631	0.01149	0.00827	0.00674	0.00215	0.00751	0.00605	0.00674	0.01149
21	0.13131	0.01911	0.01990	0.01544	0.02096	0.02126	0.01275	0.59250	0.03060	0.04313	0.01613	0.01635	0.01152	0.00829	0.00676	0.00215	0.00752	0.00607	0.00676	0.01152
22	0.06649	0.01384	0.04299	0.62228	0.04544	0.01598	0.05668	0.01877	0.01427	0.01951	0.01258	0.01838	0.00943	0.00701	0.00700	0.00236	0.00940	0.00625	0.00327	0.00807
23	0.01544	0.01434	0.02133	0.51799	0.11383	0.04547	0.01833	0.07943	0.01672	0.02154	0.03829	0.02095	0.03101	0.00773	0.00716	0.00230	0.00900	0.00673	0.00384	0.00858
24	0.01428	0.03683	0.71286	0.02030	0.03082	0.01654	0.02631	0.02255	0.01503	0.02255	0.01278	0.01503	0.00902	0.00677	0.00677	0.00226	0.01052	0.00526	0.00301	0.01052
25	0.02670	0.01590	0.07117	0.01605	0.06578	0.01404	0.01295	0.15765	0.07535	0.40179	0.05064	0.02304	0.01777	0.00873	0.00717	0.00221	0.00676	0.00711	0.00752	0.01166
26	0.01237	0.00618	0.00928	0.00928	0.00928	0.00618	0.00618	0.00928	0.00928	0.01237	0.01237	0.02165	0.01237	0.02474	0.02783	0.79283	0.00618	0.00618	0.00309	0.00309
27	0.01477	0.01266	0.01477	0.01055	0.01687	0.00949	0.00844	0.01793	0.01477	0.02320	0.01266	0.01477	0.01055	0.00527	0.00527	0.00105	0.00527	0.00422	0.00422	0.79328
28	0.01472	0.01433	0.02247	0.59187	0.14940	0.04963	0.01981	0.01925	0.01483	0.01894	0.01269	0.01848	0.00975	0.00701	0.00708	0.00231	0.00949	0.00625	0.00324	0.00845
29	0.01147	0.00820	0.01147	0.01311	0.01475	0.00820	0.01147	0.01475	0.01639	0.02131	0.03770	0.08032	0.04098	0.01967	0.00984	0.00328	0.00656	0.65741	0.00656	0.00656
30	0.01102	0.00745	0.00970	0.00914	0.01096	0.00682	0.00685	0.01415	0.01958	0.06187	0.59840	0.09880	0.08829	0.01492	0.00838	0.00229	0.00356	0.01317	0.00776	0.00690
31	0.01477	0.01266	0.01477	0.01055	0.01687	0.00949	0.00844	0.01793	0.01477	0.02320	0.01266	0.01477	0.01055	0.00527	0.00527	0.00105	0.00527	0.00422	0.00422	0.79328
32	0.01556	0.02588	0.31153	0.07328	0.03543	0.01727	0.37141	0.02239	0.01592	0.02239	0.01363	0.01751	0.01000	0.00639	0.00766	0.00234	0.01124	0.00700	0.00333	0.00986
33	0.07484	0.01645	0.07555	0.16150	0.07148	0.01683	0.01481	0.06167	0.33884	0.02694	0.02168	0.02438	0.01687	0.00887	0.00707	0.00238	0.00715	0.03703	0.00557	0.01009
34	0.02752	0.01922	0.02092	0.01604	0.02172	0.02101	0.01325	0.62187	0.03227	0.10631	0.01811	0.01776	0.01262	0.00857	0.00713	0.00214	0.00767	0.00648	0.00728	0.01211
35	0.01808	0.01548	0.01631	0.01457	0.01866	0.01788	0.01136	0.06312	0.66658	0.03038	0.02852	0.02619	0.02136	0.00962	0.00724	0.00240	0.00572	0.00799	0.00724	0.01130
36	0.01002	0.00724	0.00947	0.00900	0.01063	0.00668	0.00671	0.01330	0.01990	0.02814	0.67525	0.08069	0.06639	0.01487	0.00843	0.00227	0.00339	0.01317	0.00779	0.00668
37	0.02493	0.02151	0.12715	0.01650	0.02277	0.01982	0.01505	0.50860	0.02900	0.09337	0.01797	0.03921	0.01312	0.00871	0.00713	0.00218	0.00800	0.00671	0.00661	0.01168
38	0.02016	0.02197	0.02566	0.08203	0.44712	0.23754	0.01918	0.02367	0.01732	0.02109	0.01260	0.01622	0.01050	0.00671	0.00686	0.00204	0.00990	0.00579	0.00355	0.01011
39	0.01129	0.00765	0.00964	0.00912	0.01120	0.00692	0.00701	0.01428	0.01910	0.07190	0.47997	0.05627	0.19551	0.01524	0.00841	0.00234	0.00381	0.05586	0.00756	0.00692
40	0.01036	0.00690	0.00777	0.00777	0.00777	0.00690	0.00431	0.01036	0.01036	0.01381	0.02244	0.04660	0.02589	0.74975	0.03624	0.00690	0.00690	0.01036	0.00431	0.00431
41	0.80005	0.01377	0.01047	0.00936	0.01377	0.01597	0.00771	0.02093	0.01212	0.03195	0.00991	0.01157	0.00771	0.00661	0.00441	0.00220	0.00551	0.00386	0.00441	0.00771
42	0.02267	0.01633	0.01808	0.01438	0.01877	0.01779	0.01160	0.49733	0.02850	0.03843	0.12200	0.02321	0.02063	0.01143	0.00982	0.09777	0.00695	0.00738	0.00675	0.01019
43	0.01314	0.01197	0.01983	0.62176	0.04376	0.01465	0.01850	0.01766	0.01457	0.01867	0.01652	0.02844	0.01434	0.00905	0.00754	0.00251	0.00904	0.10666	0.00369	0.00770
44	0.02265	0.01030	0.01364	0.01119	0.01515	0.00921	0.00896	0.02623	0.04471	0.41344	0.27397	0.03641	0.06024	0.01126	0.00766	0.00223	0.00498	0.00955	0.00832	0.00991
45	0.01530	0.00973	0.01279	0.04754	0.01535	0.01028	0.00915	0.08646	0.01569	0.12645	0.02648	0.03299	0.09649	0.13033	0.32459	0.00692	0.01196	0.00858	0.00529	0.00761

[dist]
# distance from previous block
# <min> <max>
0	1

[block]
# block no. 1 follows, 29 sequences, length 17
# corresponding to MSA columns:
# 135-151
name=unknown_B
#
# <colnr> <probs for GDERKNQSTAVLIFYWHMCP>
#	G	D	E	R	K	N	Q	S	T	A	V	L	I	F	Y	W	H	M	C	P
0	0.01450	0.03555	0.66879	0.02180	0.07427	0.01656	0.02602	0.02251	0.01511	0.02260	0.01282	0.01520	0.00917	0.00674	0.00678	0.00225	0.01039	0.00533	0.00304	0.01057
1	0.01382	0.01307	0.02187	0.65348	0.08985	0.01618	0.01970	0.01838	0.01420	0.01847	0.01254	0.01873	0.00960	0.00733	0.00791	0.00239	0.04485	0.00632	0.00318	0.00812
2	0.01044	0.00738	0.01075	0.01075	0.01172	0.00835	0.00803	0.01204	0.01107	0.01573	0.01874	0.02958	0.01820	0.13646	0.55930	0.09801	0.01613	0.00781	0.00380	0.00574
3	0.16031	0.01286	0.01932	0.59760	0.04246	0.01585	0.01752	0.01870	0.01384	0.02076	0.01214	0.01760	0.00916	0.00702	0.00661	0.00234	0.00875	0.00587	0.00340	0.00787
4	0.11065	0.01682	0.01806	0.01448	0.01912	0.01875	0.01179	0.47704	0.02674	0.03779	0.01681	0.01935	0.01305	0.04550	0.11791	0.00377	0.00926	0.00647	0.00619	0.01041
5	0.07859	0.61263	0.11477	0.01292	0.01941	0.02587	0.01350	0.02144	0.01435	0.01861	0.01024	0.01186	0.00901	0.00621	0.00482	0.00166	0.00780	0.00398	0.00315	0.00919
6	0.00938	0.00670	0.00907	0.01072	0.01144	0.00639	0.00783	0.01113	0.01433	0.01897	0.03886	0.57770	0.04556	0.02164	0.00928	0.00299	0.00474	0.18069	0.00660	0.00598
7	0.01771	0.01530	0.01610	0.01449	0.01852	0.01771	0.01127	0.03784	0.69247	0.02979	0.02898	0.02657	0.02174	0.00966	0.00725	0.00242	0.00564	0.00805	0.00725	0.01127
8	0.00897	0.00642	0.00856	0.00997	0.01058	0.00601	0.00687	0.01055	0.01450	0.01950	0.11360	0.63408	0.04905	0.02131	0.00905	0.00284	0.00417	0.05131	0.00675	0.00593
9	0.00950	0.00656	0.00877	0.00992	0.01064	0.00618	0.00699	0.01071	0.01425	0.01902	0.11024	0.49069	0.07672	0.02127	0.01116	0.09160	0.00449	0.07929	0.00634	0.00567
10	0.01428	0.03683	0.71286	0.02030	0.03082	0.01654	0.02631	0.02255	0.01503	0.02255	0.01278	0.01503	0.00902	0.00677	0.00677	0.00226	0.01052	0.00526	0.00301	0.01052
11	0.02976	0.01562	0.01869	0.01433	0.01992	0.01566	0.01184	0.32421	0.02624	0.41248	0.02317	0.02104	0.01516	0.00869	0.00714	0.00217	0.00685	0.00683	0.00806	0.01211
12	0.02136	0.01429	0.01649	0.05135	0.02001	0.01564	0.01149	0.03596	0.47429	0.21437	0.02789	0.02554	0.01998	0.00930	0.00722	0.00236	0.00595	0.00772	0.00746	0.01133
13	0.18381	0.01435	0.04820	0.01270	0.01800	0.01328	0.01085	0.07820	0.08133	0.41197	0.04072	0.02170	0.01650	0.00848	0.00662	0.00222	0.00618	0.00658	0.00736	0.01093
14	0.16018	0.01272	0.01937	0.48857	0.03812	0.01511	0.05382	0.01851	0.01455	0.02201	0.07796	0.02088	0.01474	0.00767	0.00681	0.00233	0.00831	0.00661	0.00387	0.00786
15	0.02445	0.06982	0.01993	0.01724	0.03969	0.52856	0.01286	0.02662	0.01975	0.07031	0.08988	0.01828	0.01638	0.00816	0.00661	0.00190	0.01085	0.00571	0.00448	0.00851
16	0.01695	0.50757	0.18730	0.01366	0.02026	0.02313	0.01477	0.02071	0.01524	0.01939	0.08828	0.01693	0.01563	0.00720	0.00550	0.00177	0.00780	0.00516	0.00358	0.00918

[dist]
# distance from previous block
# <min> <max>
0	2

[block]
# block no. 2 follows, 29 sequences, length 21
# corresponding to MSA columns:
# 154-174
name=unknown_C
#
# <colnr> <probs for GDERKNQSTAVLIFYWHMCP>
#	G	D	E	R	K	N	Q	S	T	A	V	L	I	F	Y	W	H	M	C	P
0	0.21455	0.18176	0.34638	0.01556	0.02328	0.01923	0.01777	0.06579	0.01541	0.02518	0.01173	0.01353	0.00892	0.00670	0.00573	0.00208	0.00846	0.00468	0.00364	0.00963
1	0.02515	0.09709	0.06620	0.01793	0.02225	0.61528	0.01443	0.02743	0.01935	0.01770	0.01102	0.01286	0.00916	0.00719	0.00628	0.00183	0.01224	0.00456	0.00357	0.00848
2	0.01932	0.01059	0.03549	0.01085	0.01475	0.00872	0.00893	0.02249	0.01946	0.30342	0.31970	0.03826	0.07721	0.01149	0.00761	0.00215	0.00484	0.00980	0.00774	0.06718
3	0.01030	0.00714	0.00896	0.00896	0.00938	0.00755	0.00581	0.01112	0.01071	0.01469	0.02134	0.04053	0.02325	0.52290	0.25949	0.00838	0.01087	0.00947	0.00415	0.00498
4	0.32103	0.04190	0.01500	0.01172	0.01612	0.04024	0.00966	0.02479	0.01570	0.25627	0.03922	0.01940	0.03434	0.00838	0.00737	0.00218	0.06999	0.00583	0.00585	0.05499
5	0.19448	0.01369	0.04343	0.35843	0.05839	0.01461	0.01517	0.02196	0.01508	0.15168	0.01686	0.01968	0.03272	0.00763	0.00654	0.00229	0.00776	0.00616	0.00462	0.00882
6	0.00877	0.00627	0.00834	0.00985	0.01035	0.00584	0.00662	0.01014	0.01405	0.01884	0.08182	0.70063	0.04839	0.02181	0.00904	0.00285	0.00408	0.01977	0.00669	0.00584
7	0.00925	0.00664	0.00878	0.00952	0.01046	0.00617	0.00665	0.01136	0.01631	0.02244	0.31143	0.46076	0.05535	0.01912	0.00881	0.00262	0.00381	0.01722	0.00711	0.00617
8	0.01758	0.01704	0.02961	0.04297	0.66917	0.01698	0.05745	0.02191	0.01625	0.02324	0.01345	0.01771	0.01125	0.00633	0.00712	0.00213	0.00865	0.00646	0.00353	0.01119
9	0.01608	0.02429	0.23553	0.02721	0.03537	0.01758	0.49106	0.02273	0.01630	0.02273	0.01394	0.01800	0.01029	0.00622	0.00793	0.00236	0.01158	0.00750	0.00343	0.00987
10	0.33078	0.01487	0.01536	0.01239	0.01745	0.01585	0.01020	0.19325	0.04706	0.24934	0.01823	0.01756	0.01251	0.00792	0.00608	0.00219	0.00628	0.00571	0.00660	0.01036
11	0.01914	0.01540	0.01627	0.01384	0.01812	0.01709	0.01098	0.24269	0.35975	0.03286	0.03265	0.03081	0.13747	0.01076	0.00741	0.00232	0.00600	0.00873	0.00710	0.01063
12	0.03083	0.01237	0.01649	0.01281	0.01820	0.01104	0.01053	0.03495	0.07327	0.65671	0.02816	0.02442	0.01795	0.00888	0.00717	0.00222	0.00603	0.00723	0.00869	0.01205
13	0.03171	0.01249	0.01676	0.01285	0.01836	0.01102	0.01061	0.06579	0.02101	0.67829	0.02756	0.02389	0.01736	0.00880	0.00716	0.00220	0.00614	0.00712	0.00873	0.01212
14	0.00868	0.00620	0.00826	0.00991	0.01033	0.00578	0.00661	0.00991	0.01363	0.01818	0.03925	0.74510	0.04710	0.02231	0.00909	0.00289	0.00413	0.02024	0.00661	0.00578
15	0.00876	0.00650	0.00818	0.00929	0.01022	0.00592	0.00639	0.01032	0.01478	0.01940	0.11037	0.54500	0.17743	0.02071	0.00889	0.00273	0.00395	0.01850	0.00673	0.00592
16	0.02660	0.03394	0.02018	0.01834	0.02201	0.72116	0.01376	0.02843	0.02018	0.01743	0.01101	0.01284	0.00917	0.00734	0.00642	0.00183	0.01284	0.00459	0.00367	0.00825
17	0.02707	0.01995	0.02137	0.01638	0.02208	0.02208	0.01353	0.68159	0.03348	0.04488	0.01710	0.01710	0.01211	0.00855	0.00712	0.00214	0.00784	0.00641	0.00712	0.01211
18	0.01017	0.00763	0.01144	0.01144	0.01272	0.00890	0.00890	0.01272	0.01144	0.01653	0.01907	0.02797	0.01780	0.05340	0.72153	0.01144	0.01907	0.00763	0.00381	0.00636
19	0.03169	0.01253	0.01678	0.01286	0.01838	0.01108	0.01063	0.06874	0.02107	0.67525	0.02751	0.02386	0.01734	0.00880	0.00716	0.00220	0.00615	0.00712	0.00872	0.01212
20	0.01345	0.01266	0.02136	0.73264	0.04904	0.01582	0.01978	0.01819	0.01424	0.01819	0.01266	0.01898	0.00949	0.00712	0.00712	0.00237	0.00949	0.00633	0.00316	0.00791

[dist]
# distance from previous block
# <min> <max>
0	1

[block]
# block no. 3 follows, 29 sequences, length 38
# corresponding to MSA columns:
# 176-213
name=unknown_D
#
# <colnr> <probs for GDERKNQSTAVLIFYWHMCP>
#	G	D	E	R	K	N	Q	S	T	A	V	L	I	F	Y	W	H	M	C	P
0	0.04639	0.01699	0.07354	0.14976	0.44577	0.01630	0.04045	0.02070	0.01572	0.02281	0.05059	0.01936	0.01367	0.00713	0.00755	0.00222	0.03064	0.00659	0.00369	0.01013
1	0.46031	0.05678	0.08176	0.01287	0.01804	0.11721	0.01144	0.12173	0.01687	0.03019	0.01142	0.01290	0.00878	0.00699	0.00533	0.00211	0.00748	0.00448	0.00451	0.00879
2	0.01031	0.00710	0.00877	0.00877	0.00912	0.00745	0.00557	0.01100	0.01065	0.01455	0.02152	0.04150	0.02368	0.55927	0.22371	0.00815	0.01023	0.00961	0.00418	0.00487
3	0.01850	0.01370	0.01595	0.01166	0.01780	0.01150	0.00943	0.11978	0.01820	0.10157	0.01501	0.01615	0.01156	0.00615	0.00576	0.00134	0.00575	0.00487	0.00516	0.59016
4	0.01018	0.00759	0.01125	0.01125	0.01245	0.00880	0.00866	0.01259	0.01139	0.01639	0.01925	0.02896	0.01823	0.09022	0.68531	0.01120	0.01843	0.00777	0.00384	0.00625
5	0.02417	0.01683	0.02115	0.02144	0.17505	0.01772	0.01436	0.32306	0.09283	0.15939	0.02033	0.04755	0.01525	0.00874	0.00720	0.00220	0.00729	0.00723	0.00661	0.01159
6	0.02575	0.01231	0.01589	0.01190	0.01771	0.01011	0.00973	0.02865	0.01835	0.46238	0.02252	0.02082	0.01507	0.00754	0.00648	0.00179	0.00578	0.00610	0.00716	0.29395
7	0.01237	0.00618	0.00928	0.00928	0.00928	0.00618	0.00618	0.00928	0.00928	0.01237	0.01237	0.02165	0.01237	0.02474	0.02783	0.79283	0.00618	0.00618	0.00309	0.00309
8	0.01473	0.03368	0.59287	0.02203	0.03196	0.01680	0.14314	0.02260	0.01535	0.02260	0.01307	0.01578	0.00934	0.00663	0.00706	0.00228	0.01079	0.00582	0.00311	0.01036
9	0.00996	0.00727	0.00936	0.00884	0.01057	0.00667	0.00663	0.01321	0.01988	0.02790	0.65722	0.05427	0.11195	0.01480	0.00840	0.00225	0.00338	0.01303	0.00775	0.00667
10	0.01762	0.01692	0.02890	0.04371	0.70533	0.01692	0.02185	0.02185	0.01621	0.02326	0.01339	0.01762	0.01128	0.00634	0.00705	0.00211	0.00846	0.00634	0.00352	0.01128
11	0.01771	0.01530	0.01610	0.01449	0.01852	0.01771	0.01127	0.03784	0.69247	0.02979	0.02898	0.02657	0.02174	0.00966	0.00725	0.00242	0.00564	0.00805	0.00725	0.01127
12	0.01119	0.00737	0.01017	0.03807	0.01349	0.00712	0.00866	0.01320	0.01485	0.06627	0.03708	0.49244	0.04205	0.02012	0.00908	0.00293	0.00511	0.18769	0.00662	0.00650
13	0.00952	0.00677	0.00886	0.00958	0.01047	0.00638	0.00674	0.01149	0.01571	0.02149	0.26406	0.39159	0.05137	0.09454	0.01170	0.00311	0.00432	0.05952	0.00679	0.00600
14	0.00859	0.00717	0.00752	0.00774	0.00993	0.00610	0.00582	0.01042	0.01601	0.01924	0.06752	0.12915	0.61169	0.01849	0.00855	0.00249	0.00380	0.04715	0.00661	0.00602
15	0.01691	0.01926	0.06089	0.03280	0.18858	0.01771	0.50900	0.02258	0.01661	0.02290	0.01412	0.01871	0.01085	0.00610	0.00804	0.00233	0.01115	0.00783	0.00356	0.01001
16	0.23833	0.01295	0.01513	0.01196	0.01718	0.01252	0.00988	0.06288	0.01880	0.49500	0.02266	0.02048	0.01469	0.00821	0.00642	0.00220	0.00600	0.00623	0.00754	0.01093
17	0.00926	0.00661	0.00865	0.01007	0.01070	0.00627	0.00706	0.01070	0.01382	0.01825	0.03865	0.54562	0.07108	0.09604	0.01195	0.00334	0.00476	0.11504	0.00637	0.00576
18	0.01077	0.00748	0.00947	0.00886	0.01081	0.00677	0.00668	0.01387	0.01958	0.05656	0.57783	0.05425	0.16061	0.01483	0.00835	0.00226	0.00351	0.01295	0.00770	0.00685
19	0.02707	0.01995	0.02137	0.01638	0.02208	0.02208	0.01353	0.68159	0.03348	0.04488	0.01710	0.01710	0.01211	0.00855	0.00712	0.00214	0.00784	0.00641	0.00712	0.01211
20	0.01537	0.11551	0.49365	0.02223	0.11327	0.01768	0.04827	0.02213	0.01517	0.02201	0.01258	0.01509	0.00945	0.00654	0.00655	0.00211	0.00976	0.00530	0.00315	0.04419
21	0.04161	0.04238	0.16846	0.04811	0.15278	0.01467	0.07223	0.04017	0.05316	0.07132	0.05046	0.05802	0.01633	0.00962	0.03212	0.00243	0.00828	0.00712	0.00456	0.10615
22	0.03027	0.05419	0.01863	0.01338	0.01896	0.01375	0.01117	0.16300	0.02267	0.53968	0.02491	0.02211	0.01606	0.00861	0.00701	0.00215	0.00650	0.00683	0.00816	0.01195
23	0.03195	0.01212	0.01652	0.01267	0.01818	0.01047	0.01047	0.03470	0.02038	0.71026	0.02809	0.02424	0.01763	0.00881	0.00716	0.00220	0.00606	0.00716	0.00881	0.01212
24	0.02539	0.01289	0.01713	0.12140	0.02252	0.01278	0.01192	0.14325	0.02139	0.39968	0.07624	0.06252	0.02080	0.00967	0.00735	0.00226	0.00658	0.00803	0.00747	0.01073
25	0.01571	0.01276	0.01899	0.31950	0.05283	0.01416	0.05072	0.13115	0.01862	0.05411	0.08818	0.11387	0.05826	0.01053	0.00763	0.00237	0.00759	0.00931	0.00519	0.00853
26	0.01441	0.01537	0.03205	0.02408	0.02928	0.01440	0.48087	0.01900	0.01587	0.02144	0.02174	0.23346	0.02152	0.01082	0.00861	0.00255	0.00968	0.01190	0.00449	0.00848
27	0.03075	0.01272	0.01674	0.01298	0.01840	0.01153	0.01067	0.06727	0.06620	0.63126	0.02760	0.02404	0.01763	0.00886	0.00716	0.00221	0.00612	0.00718	0.00862	0.01206
28	0.01763	0.05437	0.13323	0.05401	0.16366	0.09384	0.33370	0.02297	0.01661	0.02185	0.01335	0.01727	0.01034	0.00637	0.00748	0.00222	0.01092	0.00687	0.00347	0.00984
29	0.04123	0.03716	0.02247	0.23660	0.09444	0.04230	0.11364	0.01806	0.01467	0.01992	0.04409	0.08736	0.05365	0.03398	0.01054	0.00259	0.10673	0.00849	0.00402	0.00806
30	0.01007	0.00678	0.00785	0.00813	0.00820	0.00671	0.00470	0.01028	0.01091	0.01455	0.02528	0.16460	0.02947	0.62686	0.03166	0.00623	0.00644	0.01203	0.00470	0.00456
31	0.02309	0.01500	0.01830	0.01659	0.07651	0.01584	0.01219	0.31988	0.02394	0.17832	0.02212	0.11835	0.01859	0.04009	0.03858	0.00285	0.03392	0.00862	0.00672	0.01050
32	0.01362	0.04352	0.09689	0.01458	0.05423	0.01052	0.07644	0.01699	0.01658	0.08787	0.17720	0.15969	0.13812	0.05010	0.00937	0.00259	0.00611	0.01174	0.00594	0.00792
33	0.03195	0.01212	0.01652	0.01267	0.01818	0.01047	0.01047	0.03470	0.02038	0.71026	0.02809	0.02424	0.01763	0.00881	0.00716	0.00220	0.00606	0.00716	0.00881	0.01212
34	0.02660	0.03394	0.02018	0.01834	0.02201	0.72116	0.01376	0.02843	0.02018	0.01743	0.01101	0.01284	0.00917	0.00734	0.00642	0.00183	0.01284	0.00459	0.00367	0.00825
35	0.01431	0.07459	0.36395	0.07508	0.02782	0.01648	0.09130	0.02023	0.01547	0.02220	0.11621	0.02136	0.01806	0.00842	0.00876	0.00232	0.08350	0.00683	0.00383	0.00927
36	0.03122	0.04007	0.01754	0.01284	0.01838	0.01170	0.01068	0.06656	0.02082	0.65122	0.02687	0.02340	0.01704	0.00870	0.00706	0.00217	0.00621	0.00700	0.00851	0.01201
37	0.01327	0.00664	0.00664	0.00664	0.00830	0.00664	0.00498	0.01659	0.01493	0.02655	0.02323	0.02655	0.01825	0.00830	0.00498	0.00166	0.00332	0.00664	0.78928	0.00664

[dist]
# distance from previous block
# <min> <max>
0	3

# created by:
# /st0/software/busco_prod/Augustus/scripts/msa2prfl.pl ./align_prep/166146.fa
