[name]
unknown

[dist]
# distance from previous block
# <min> <max>
0	49

[block]
# block no. 0 follows, 26 sequences, length 9
# corresponding to MSA columns:
# 49-57
name=unknown_A
#
# <colnr> <probs for GDERKNQSTAVLIFYWHMCP>
#	G	D	E	R	K	N	Q	S	T	A	V	L	I	F	Y	W	H	M	C	P
0	0.01174	0.00838	0.01167	0.01341	0.01495	0.00831	0.01138	0.01488	0.01698	0.02216	0.04043	0.19011	0.04471	0.02141	0.01035	0.00343	0.00656	0.53529	0.00699	0.00685
1	0.04851	0.02620	0.33756	0.01994	0.06843	0.01513	0.05592	0.02585	0.01723	0.16491	0.01705	0.01832	0.01201	0.00733	0.00706	0.00218	0.00905	0.00606	0.00484	0.13644
2	0.02068	0.07044	0.05746	0.02772	0.20049	0.01784	0.18868	0.02659	0.06925	0.13276	0.01786	0.02022	0.01344	0.00759	0.00841	0.00231	0.04242	0.00723	0.00498	0.06363
3	0.01966	0.01597	0.01780	0.01354	0.01971	0.01504	0.01090	0.19020	0.12773	0.03189	0.01755	0.01842	0.01361	0.00729	0.00647	0.00166	0.00639	0.00577	0.00583	0.45459
4	0.12253	0.01466	0.01764	0.01415	0.01928	0.01453	0.04096	0.15631	0.06558	0.21921	0.02378	0.11505	0.01935	0.01036	0.00731	0.00229	0.00664	0.00858	0.00707	0.11473
5	0.02070	0.02073	0.02185	0.01802	0.02249	0.19403	0.12074	0.07355	0.17150	0.04306	0.02076	0.05927	0.01777	0.08837	0.01100	0.00282	0.00936	0.00813	0.00548	0.07037
6	0.02053	0.01542	0.01695	0.01261	0.01898	0.05476	0.01012	0.07329	0.01863	0.13456	0.01642	0.01744	0.01250	0.00664	0.00618	0.00147	0.00647	0.00521	0.00550	0.54631
7	0.02284	0.02324	0.01845	0.01709	0.04819	0.31670	0.01271	0.07871	0.04075	0.07183	0.02363	0.04872	0.07612	0.01038	0.00744	0.00215	0.00953	0.05873	0.00543	0.10737
8	0.06749	0.01498	0.02080	0.03799	0.02247	0.01464	0.10027	0.13896	0.05417	0.25844	0.07021	0.06843	0.02127	0.00984	0.00772	0.00234	0.00732	0.00857	0.00720	0.06691

[dist]
# distance from previous block
# <min> <max>
6	20

[block]
# block no. 1 follows, 26 sequences, length 52
# corresponding to MSA columns:
# 81-132
name=unknown_B
#
# <colnr> <probs for GDERKNQSTAVLIFYWHMCP>
#	G	D	E	R	K	N	Q	S	T	A	V	L	I	F	Y	W	H	M	C	P
0	0.08398	0.06639	0.10406	0.01846	0.08652	0.07844	0.01477	0.15284	0.09527	0.02929	0.01818	0.06870	0.01537	0.01048	0.02938	0.00250	0.00852	0.00711	0.00531	0.10446
1	0.02333	0.01899	0.02336	0.02438	0.20488	0.12373	0.05585	0.05434	0.01940	0.17209	0.01738	0.01888	0.01297	0.00732	0.00708	0.00198	0.00859	0.00626	0.00537	0.19383
2	0.02116	0.02057	0.02444	0.05109	0.32659	0.15281	0.01763	0.07613	0.05921	0.04671	0.04618	0.02001	0.01513	0.00777	0.00729	0.00212	0.00908	0.00663	0.00478	0.08469
3	0.06597	0.01880	0.04299	0.05802	0.19996	0.06651	0.11051	0.04786	0.18253	0.04867	0.04415	0.02220	0.01668	0.00819	0.00755	0.00235	0.00864	0.00743	0.00530	0.03569
4	0.01969	0.01632	0.02872	0.02502	0.12383	0.01569	0.25830	0.05468	0.07376	0.12511	0.10797	0.04897	0.02288	0.00908	0.00829	0.00242	0.00881	0.00920	0.00586	0.03539
5	0.01851	0.01654	0.02446	0.10266	0.29380	0.01706	0.04332	0.08916	0.12243	0.02748	0.01872	0.02410	0.01546	0.00834	0.00755	0.00228	0.00818	0.04489	0.00502	0.11003
6	0.01665	0.01596	0.02760	0.29582	0.37557	0.01712	0.05998	0.02144	0.01672	0.02299	0.04642	0.02126	0.01415	0.00747	0.00769	0.00238	0.00939	0.00722	0.00384	0.01032
7	0.01877	0.01802	0.03079	0.04656	0.68612	0.01802	0.02328	0.02328	0.01727	0.02478	0.01427	0.01877	0.01201	0.00676	0.00751	0.00225	0.00901	0.00676	0.00375	0.01201
8	0.03973	0.00787	0.00947	0.01007	0.01159	0.00724	0.00711	0.01226	0.01513	0.02075	0.07127	0.40530	0.14206	0.09232	0.01201	0.00324	0.00488	0.05442	0.00656	0.06669
9	0.01573	0.01348	0.01573	0.01123	0.01798	0.01011	0.00899	0.01910	0.01573	0.02472	0.01348	0.01573	0.01123	0.00562	0.00562	0.00112	0.00562	0.00449	0.00449	0.77980
10	0.02267	0.01819	0.01930	0.01621	0.02118	0.02065	0.01293	0.27739	0.42912	0.03787	0.02603	0.02444	0.01924	0.00984	0.00767	0.00246	0.00690	0.00791	0.00767	0.01235
11	0.01836	0.01340	0.01600	0.01156	0.01818	0.01026	0.00930	0.02167	0.01659	0.12069	0.01585	0.01718	0.01232	0.00616	0.00591	0.00130	0.00574	0.00495	0.00520	0.66940
12	0.01875	0.01860	0.03306	0.10212	0.13536	0.01905	0.31347	0.07953	0.14685	0.02725	0.01825	0.02152	0.01383	0.00756	0.00823	0.00249	0.01023	0.00813	0.00484	0.01088
13	0.01561	0.08088	0.63162	0.02146	0.03226	0.01842	0.04934	0.02395	0.01604	0.02366	0.01349	0.01594	0.00968	0.00713	0.00713	0.00236	0.01108	0.00563	0.00323	0.01109
14	0.00949	0.00678	0.00908	0.01084	0.01139	0.00637	0.00747	0.01099	0.01477	0.01964	0.04167	0.67517	0.04963	0.02353	0.00975	0.00311	0.00461	0.07244	0.00704	0.00623
15	0.00934	0.00763	0.00824	0.00823	0.01051	0.00654	0.00612	0.01155	0.01796	0.02241	0.19564	0.10942	0.52256	0.01875	0.00900	0.00256	0.00382	0.01589	0.00730	0.00654
16	0.02834	0.01976	0.02157	0.01678	0.02264	0.02162	0.01378	0.52272	0.10336	0.11887	0.02091	0.02017	0.01468	0.00927	0.00761	0.00232	0.00788	0.00711	0.00781	0.01280
17	0.01594	0.01569	0.02196	0.01907	0.01915	0.02171	0.01576	0.01762	0.01181	0.01830	0.01225	0.06001	0.01271	0.01549	0.04854	0.00363	0.65110	0.00759	0.00357	0.00811
18	0.01084	0.00813	0.01219	0.01219	0.01354	0.00948	0.00948	0.01354	0.01219	0.01761	0.02032	0.02980	0.01896	0.05689	0.70337	0.01219	0.02032	0.00813	0.00406	0.00677
19	0.01641	0.03115	0.42689	0.02408	0.03349	0.01822	0.21604	0.02583	0.08625	0.02492	0.01597	0.01866	0.01162	0.00729	0.00779	0.00247	0.01113	0.00693	0.00387	0.01100
20	0.02534	0.02192	0.06371	0.02183	0.12095	0.05149	0.01626	0.42795	0.10636	0.03981	0.01857	0.01915	0.01365	0.00873	0.00754	0.00230	0.00857	0.00687	0.00662	0.01238
21	0.01748	0.01914	0.03983	0.13408	0.11970	0.01870	0.48808	0.02345	0.01742	0.02363	0.01494	0.02022	0.01136	0.00661	0.00858	0.00252	0.01194	0.00836	0.00376	0.01018
22	0.78701	0.01467	0.01115	0.00997	0.01467	0.01702	0.00821	0.02230	0.01291	0.03403	0.01056	0.01232	0.00821	0.00704	0.00469	0.00235	0.00587	0.00411	0.00469	0.00821
23	0.01045	0.00778	0.01027	0.01148	0.01245	0.00771	0.00860	0.01242	0.01546	0.02043	0.06295	0.42035	0.10245	0.05289	0.01176	0.00332	0.03801	0.17797	0.00679	0.00646
24	0.01928	0.44504	0.19130	0.01566	0.02287	0.05827	0.01651	0.02566	0.10054	0.02114	0.01395	0.01523	0.01144	0.00721	0.00589	0.00195	0.00885	0.00505	0.00384	0.01033
25	0.02398	0.01877	0.02139	0.01645	0.02248	0.01968	0.04238	0.39890	0.12391	0.03927	0.01889	0.01925	0.01397	0.00839	0.00723	0.00208	0.00760	0.00667	0.00675	0.18196
26	0.01981	0.01942	0.06716	0.06901	0.03525	0.01817	0.43534	0.02528	0.01762	0.12139	0.01679	0.02066	0.01226	0.00759	0.01010	0.00259	0.07839	0.00825	0.00455	0.01038
27	0.01606	0.06706	0.51509	0.02360	0.03378	0.01854	0.17197	0.02402	0.01642	0.02380	0.01387	0.01686	0.01005	0.00699	0.00750	0.00240	0.01143	0.00630	0.00335	0.01092
28	0.03403	0.01291	0.01760	0.01350	0.01936	0.01115	0.01115	0.03697	0.02171	0.69137	0.02992	0.02582	0.01878	0.00939	0.00763	0.00235	0.00645	0.00763	0.00939	0.01291
29	0.02883	0.02125	0.02276	0.01745	0.02352	0.02352	0.01442	0.66082	0.03566	0.04780	0.01821	0.01821	0.01290	0.00911	0.00759	0.00228	0.00835	0.00683	0.00759	0.01290
30	0.00997	0.00759	0.00901	0.00943	0.01090	0.00705	0.00664	0.01244	0.03680	0.02162	0.16902	0.28162	0.24965	0.09528	0.03471	0.00351	0.00494	0.01642	0.00696	0.00646
31	0.01824	0.01747	0.02982	0.12718	0.60968	0.01788	0.02301	0.02281	0.01702	0.02413	0.01417	0.01895	0.01179	0.00686	0.00752	0.00229	0.00914	0.00676	0.00371	0.01158
32	0.01215	0.00807	0.01059	0.00978	0.01182	0.00740	0.00740	0.01569	0.02149	0.07044	0.64263	0.05479	0.06837	0.01514	0.00887	0.00238	0.00375	0.01335	0.00841	0.00751
33	0.00905	0.00769	0.00780	0.00777	0.01029	0.00644	0.00583	0.01104	0.01748	0.02094	0.10444	0.07225	0.65515	0.01904	0.00896	0.00255	0.00383	0.01590	0.00710	0.00644
34	0.06570	0.20372	0.49501	0.01882	0.02849	0.02052	0.02318	0.02360	0.01567	0.02319	0.01269	0.01486	0.00955	0.00703	0.00649	0.00221	0.01013	0.00514	0.00331	0.01067
35	0.02028	0.73799	0.03975	0.01298	0.01947	0.03001	0.01298	0.02271	0.01541	0.01785	0.01055	0.01217	0.00973	0.00649	0.00487	0.00162	0.00811	0.00406	0.00324	0.00973
36	0.00924	0.00660	0.00880	0.01056	0.01100	0.00616	0.00704	0.01056	0.01452	0.01936	0.04181	0.72848	0.05017	0.02376	0.00968	0.00308	0.00440	0.02156	0.00704	0.00616
37	0.01790	0.02046	0.04476	0.03197	0.03964	0.01918	0.65857	0.02430	0.01790	0.02430	0.01535	0.02046	0.01151	0.00639	0.00895	0.00256	0.01279	0.00895	0.00384	0.01023
38	0.14537	0.02593	0.02154	0.02340	0.16395	0.34963	0.01531	0.02777	0.05936	0.04448	0.01377	0.01600	0.01114	0.00794	0.00760	0.00220	0.04496	0.00557	0.00438	0.00970
39	0.02536	0.01094	0.01482	0.01235	0.01658	0.00965	0.00991	0.02830	0.02074	0.44589	0.17644	0.10485	0.03480	0.01273	0.00826	0.00248	0.00564	0.04078	0.00881	0.01068
40	0.00937	0.00670	0.00891	0.01048	0.01103	0.00624	0.00705	0.01088	0.01510	0.02029	0.09544	0.67220	0.05196	0.02307	0.00962	0.00302	0.00433	0.02091	0.00715	0.00624
41	0.01106	0.00761	0.00930	0.00934	0.00994	0.00763	0.00615	0.01225	0.01359	0.01852	0.14544	0.05212	0.03619	0.48038	0.09167	0.00656	0.00782	0.06353	0.00543	0.00546
42	0.07023	0.01427	0.02317	0.56131	0.14767	0.01704	0.02049	0.02019	0.01533	0.02126	0.01339	0.01943	0.01027	0.00742	0.00737	0.00247	0.00964	0.00656	0.00352	0.00897
43	0.01110	0.00858	0.01148	0.01260	0.06732	0.00796	0.00852	0.01434	0.01981	0.02726	0.45566	0.09822	0.16371	0.01617	0.00895	0.00250	0.00430	0.04654	0.00760	0.00737
44	0.00959	0.00762	0.00861	0.00856	0.01068	0.00664	0.00634	0.01203	0.01848	0.02378	0.28005	0.12179	0.42234	0.01833	0.00902	0.00254	0.00380	0.01569	0.00749	0.00664
45	0.02677	0.01935	0.02103	0.01645	0.02202	0.02122	0.01347	0.52887	0.08491	0.07457	0.07481	0.02256	0.01886	0.00974	0.00771	0.00231	0.00768	0.00758	0.00774	0.01235
46	0.02693	0.01951	0.02118	0.01652	0.02212	0.02141	0.01354	0.54581	0.07260	0.06988	0.07448	0.02230	0.01861	0.00972	0.00771	0.00231	0.00774	0.00754	0.00773	0.01237
47	0.22167	0.02493	0.07513	0.01643	0.02201	0.19813	0.01402	0.28052	0.02452	0.03470	0.01418	0.01534	0.01061	0.00808	0.00662	0.00222	0.00934	0.00553	0.00553	0.01049
48	0.01986	0.02071	0.02367	0.37291	0.14045	0.19551	0.01919	0.07654	0.01885	0.02238	0.01354	0.01813	0.01055	0.00764	0.00738	0.00232	0.01072	0.00627	0.00392	0.00945
49	0.29137	0.02161	0.01852	0.02052	0.15168	0.22604	0.01336	0.02574	0.07135	0.02646	0.01734	0.01901	0.05138	0.00822	0.00642	0.00224	0.00877	0.00596	0.00466	0.00936
50	0.02125	0.13371	0.02646	0.09028	0.19488	0.12958	0.03703	0.05146	0.07269	0.06953	0.01576	0.01803	0.01244	0.00740	0.00687	0.00206	0.00904	0.00607	0.00461	0.09086
51	0.02011	0.01730	0.02711	0.18844	0.40826	0.01834	0.02080	0.12605	0.01998	0.05770	0.01544	0.01932	0.01204	0.00744	0.00754	0.00232	0.00903	0.00681	0.00455	0.01140

[dist]
# distance from previous block
# <min> <max>
3	11

[block]
# block no. 2 follows, 26 sequences, length 39
# corresponding to MSA columns:
# 146-184
name=unknown_C
#
# <colnr> <probs for GDERKNQSTAVLIFYWHMCP>
#	G	D	E	R	K	N	Q	S	T	A	V	L	I	F	Y	W	H	M	C	P
0	0.05481	0.01122	0.01317	0.01272	0.01550	0.01141	0.00989	0.11026	0.08223	0.02699	0.05251	0.30011	0.03550	0.01686	0.00867	0.00275	0.00582	0.13885	0.00684	0.08391
1	0.06220	0.06309	0.01741	0.01343	0.01769	0.06767	0.01085	0.15593	0.02248	0.20173	0.11307	0.10680	0.06480	0.01229	0.00781	0.00240	0.00677	0.03625	0.00731	0.01003
2	0.01732	0.12620	0.42700	0.02001	0.02905	0.01986	0.06498	0.05949	0.11607	0.02562	0.01616	0.01777	0.01197	0.00762	0.00711	0.00233	0.00997	0.00613	0.00416	0.01116
3	0.02220	0.12550	0.02153	0.01496	0.02022	0.02003	0.01230	0.14837	0.34893	0.09815	0.02426	0.02295	0.01804	0.00910	0.00712	0.00226	0.00677	0.00721	0.00697	0.06315
4	0.06740	0.01796	0.01992	0.01550	0.02120	0.01893	0.01269	0.42760	0.02927	0.16954	0.02107	0.05794	0.01572	0.00962	0.00743	0.00226	0.00745	0.00749	0.00755	0.06346
5	0.01458	0.01374	0.02321	0.67663	0.08881	0.01692	0.02119	0.01960	0.01529	0.01969	0.01353	0.02014	0.01022	0.00754	0.00758	0.00251	0.01005	0.00674	0.00339	0.00863
6	0.01848	0.01772	0.03025	0.09117	0.64382	0.01794	0.02313	0.02302	0.01713	0.02442	0.01422	0.01887	0.01189	0.00681	0.00751	0.00227	0.00908	0.00676	0.00373	0.01178
7	0.01074	0.00761	0.00933	0.00995	0.01166	0.00686	0.00735	0.01283	0.01691	0.05113	0.12656	0.32531	0.26848	0.02031	0.00935	0.00283	0.00448	0.08428	0.00729	0.00675
8	0.02028	0.73799	0.03975	0.01298	0.01947	0.03001	0.01298	0.02271	0.01541	0.01785	0.01055	0.01217	0.00973	0.00649	0.00487	0.00162	0.00811	0.00406	0.00324	0.00973
9	0.02235	0.01298	0.01568	0.01308	0.01727	0.01297	0.01048	0.14027	0.11373	0.23925	0.23262	0.03764	0.05503	0.01201	0.00817	0.00242	0.00577	0.02928	0.00837	0.01062
10	0.01400	0.00940	0.01102	0.01008	0.01289	0.00884	0.00769	0.01903	0.10002	0.10788	0.29426	0.05477	0.26760	0.03693	0.00953	0.00261	0.00443	0.01304	0.00784	0.00813
11	0.02699	0.03384	0.02264	0.02006	0.02406	0.61532	0.04971	0.03000	0.04839	0.01942	0.01267	0.01476	0.01043	0.00802	0.00756	0.00206	0.03571	0.00532	0.00405	0.00899
12	0.19397	0.02180	0.01831	0.01539	0.02037	0.21030	0.01223	0.15925	0.07367	0.17608	0.01828	0.01811	0.01309	0.00845	0.00677	0.00224	0.00871	0.00600	0.00633	0.01066
13	0.01560	0.01417	0.02275	0.65376	0.04971	0.01744	0.02048	0.07586	0.01697	0.02188	0.01390	0.02005	0.01036	0.00772	0.00758	0.00251	0.00996	0.00675	0.00374	0.00882
14	0.00941	0.00673	0.00895	0.01045	0.01104	0.00627	0.00705	0.01098	0.01530	0.02060	0.11365	0.65310	0.05257	0.02284	0.00960	0.00300	0.00431	0.02068	0.00719	0.00627
15	0.06907	0.01179	0.01540	0.01288	0.01746	0.01072	0.01035	0.03052	0.04138	0.48032	0.03153	0.15213	0.02517	0.01243	0.00798	0.00254	0.00607	0.04261	0.00854	0.01112
16	0.01418	0.01158	0.01204	0.01077	0.01371	0.04601	0.00831	0.12783	0.02242	0.02917	0.30508	0.05372	0.28541	0.01535	0.00860	0.00241	0.00504	0.01290	0.00750	0.00797
17	0.00967	0.00700	0.00914	0.01011	0.01106	0.00647	0.00701	0.01169	0.01672	0.02269	0.23273	0.49639	0.08899	0.02109	0.00943	0.00285	0.00413	0.01896	0.00743	0.00647
18	0.02018	0.56400	0.14320	0.01494	0.02196	0.08728	0.01554	0.02359	0.01604	0.01890	0.01114	0.01292	0.00972	0.00672	0.00542	0.00178	0.00910	0.00438	0.00330	0.00989
19	0.01541	0.00929	0.01291	0.01378	0.01610	0.00900	0.01188	0.01874	0.01800	0.12342	0.03867	0.09922	0.04013	0.01931	0.01002	0.00331	0.00681	0.51881	0.00735	0.00785
20	0.01877	0.01802	0.03079	0.04656	0.68612	0.01802	0.02328	0.02328	0.01727	0.02478	0.01427	0.01877	0.01201	0.00676	0.00751	0.00225	0.00901	0.00676	0.00375	0.01201
21	0.00974	0.00712	0.00917	0.00992	0.01104	0.00654	0.00696	0.01192	0.01725	0.02339	0.27197	0.42617	0.11995	0.02039	0.00935	0.00278	0.00405	0.01824	0.00750	0.00654
22	0.01952	0.63262	0.13843	0.01428	0.02148	0.02814	0.01525	0.02291	0.01550	0.01878	0.01101	0.01275	0.00972	0.00660	0.00522	0.00174	0.00858	0.00429	0.00324	0.00996
23	0.02648	0.02008	0.02144	0.01698	0.02263	0.02242	0.01385	0.51429	0.18603	0.04401	0.02120	0.02059	0.01532	0.00939	0.00762	0.00235	0.00779	0.00724	0.00762	0.01269
24	0.01877	0.01802	0.03079	0.04656	0.68612	0.01802	0.02328	0.02328	0.01727	0.02478	0.01427	0.01877	0.01201	0.00676	0.00751	0.00225	0.00901	0.00676	0.00375	0.01201
25	0.01573	0.01348	0.01573	0.01123	0.01798	0.01011	0.00899	0.01910	0.01573	0.02472	0.01348	0.01573	0.01123	0.00562	0.00562	0.00112	0.00562	0.00449	0.00449	0.77980
26	0.78701	0.01467	0.01115	0.00997	0.01467	0.01702	0.00821	0.02230	0.01291	0.03403	0.01056	0.01232	0.00821	0.00704	0.00469	0.00235	0.00587	0.00411	0.00469	0.00821
27	0.01086	0.00805	0.01179	0.01179	0.01301	0.00926	0.00898	0.01329	0.01207	0.01731	0.02068	0.03183	0.01984	0.12605	0.63541	0.01170	0.01899	0.00842	0.00412	0.00655
28	0.12958	0.01118	0.01287	0.01075	0.01487	0.01001	0.00830	0.01956	0.01703	0.11865	0.16827	0.10925	0.03064	0.05031	0.00877	0.00232	0.00527	0.00924	0.00636	0.25679
29	0.06758	0.03155	0.43934	0.02418	0.03381	0.01808	0.22985	0.02399	0.01642	0.02478	0.01397	0.01720	0.01013	0.00693	0.00760	0.00245	0.01136	0.00658	0.00351	0.01069
30	0.02273	0.01612	0.01777	0.01526	0.02002	0.01783	0.01207	0.09901	0.48685	0.15965	0.02948	0.02686	0.02133	0.01000	0.00769	0.00250	0.00631	0.00823	0.00803	0.01226
31	0.01040	0.00709	0.00846	0.00908	0.00923	0.00693	0.00546	0.01087	0.01226	0.01635	0.03020	0.28850	0.03553	0.48372	0.02843	0.00585	0.00631	0.01474	0.00546	0.00515
32	0.10692	0.01231	0.01582	0.01254	0.01768	0.01114	0.01025	0.03206	0.02078	0.52499	0.12631	0.02910	0.02567	0.01007	0.00753	0.00235	0.00596	0.00819	0.00876	0.01156
33	0.00903	0.00744	0.00794	0.00834	0.01042	0.00635	0.00606	0.01081	0.01666	0.02023	0.06883	0.22280	0.53841	0.02025	0.00913	0.00268	0.00397	0.01728	0.00704	0.00635
34	0.78701	0.01467	0.01115	0.00997	0.01467	0.01702	0.00821	0.02230	0.01291	0.03403	0.01056	0.01232	0.00821	0.00704	0.00469	0.00235	0.00587	0.00411	0.00469	0.00821
35	0.01038	0.00757	0.00986	0.01032	0.01179	0.00704	0.00775	0.01317	0.01857	0.02532	0.35577	0.24997	0.11491	0.01894	0.00938	0.00276	0.00433	0.10770	0.00767	0.00679
36	0.03299	0.01268	0.01727	0.01332	0.01901	0.01097	0.01097	0.03596	0.02170	0.66193	0.05897	0.02719	0.02113	0.00966	0.00769	0.00235	0.00633	0.00790	0.00934	0.01265
37	0.02930	0.02050	0.02230	0.01710	0.02315	0.02241	0.01412	0.60495	0.03441	0.10544	0.01926	0.01889	0.01343	0.00913	0.00759	0.00228	0.00818	0.00690	0.00775	0.01290
38	0.71636	0.01450	0.01175	0.01031	0.01511	0.01647	0.00849	0.02367	0.01373	0.09571	0.01238	0.01359	0.00921	0.00726	0.00497	0.00235	0.00592	0.00444	0.00513	0.00865

[dist]
# distance from previous block
# <min> <max>
1	5

[block]
# block no. 3 follows, 26 sequences, length 10
# corresponding to MSA columns:
# 190-199
name=unknown_D
#
# <colnr> <probs for GDERKNQSTAVLIFYWHMCP>
#	G	D	E	R	K	N	Q	S	T	A	V	L	I	F	Y	W	H	M	C	P
0	0.00958	0.00752	0.00843	0.00889	0.01065	0.00667	0.00645	0.01137	0.01625	0.02025	0.08846	0.20185	0.40754	0.09829	0.01247	0.00325	0.00457	0.06444	0.00683	0.00624
1	0.30929	0.01810	0.07481	0.01321	0.01765	0.09805	0.01127	0.08440	0.01756	0.07990	0.02004	0.16059	0.01871	0.01099	0.00672	0.00243	0.00721	0.00852	0.03163	0.00892
2	0.02743	0.01769	0.02488	0.01882	0.02497	0.01786	0.14402	0.25222	0.09046	0.26582	0.02297	0.02232	0.01568	0.00877	0.00789	0.00239	0.00836	0.00771	0.00747	0.01227
3	0.01161	0.00792	0.01017	0.00964	0.01160	0.00721	0.00721	0.01482	0.02054	0.06174	0.54065	0.10877	0.12701	0.01620	0.00894	0.00245	0.00381	0.01424	0.00817	0.00729
4	0.01244	0.00834	0.01062	0.01097	0.01208	0.00829	0.00779	0.07455	0.01596	0.02124	0.06458	0.34291	0.06511	0.07709	0.01613	0.17535	0.00562	0.05863	0.00613	0.00618
5	0.01573	0.01348	0.01573	0.01123	0.01798	0.01011	0.00899	0.01910	0.01573	0.02472	0.01348	0.01573	0.01123	0.00562	0.00562	0.00112	0.00562	0.00449	0.00449	0.77980
6	0.01613	0.01596	0.02313	0.16129	0.02649	0.02194	0.01750	0.01848	0.01234	0.01848	0.01067	0.01733	0.00999	0.01212	0.02137	0.00316	0.57530	0.00666	0.00333	0.00832
7	0.01031	0.00758	0.00966	0.00948	0.01116	0.00692	0.00698	0.01336	0.01996	0.02764	0.51753	0.15714	0.13979	0.01715	0.00906	0.00251	0.00373	0.01514	0.00801	0.00692
8	0.01839	0.01048	0.01276	0.01169	0.01443	0.01032	0.00859	0.02393	0.14479	0.20677	0.05939	0.20294	0.05684	0.16577	0.01475	0.00363	0.00585	0.01244	0.00736	0.00889
9	0.18333	0.05003	0.11662	0.14065	0.07940	0.06746	0.01655	0.14134	0.01984	0.09431	0.01518	0.01723	0.01111	0.00778	0.00676	0.00231	0.00878	0.00589	0.00505	0.01040

[dist]
# distance from previous block
# <min> <max>
0	1

[block]
# block no. 4 follows, 26 sequences, length 14
# corresponding to MSA columns:
# 201-214
name=unknown_E
#
# <colnr> <probs for GDERKNQSTAVLIFYWHMCP>
#	G	D	E	R	K	N	Q	S	T	A	V	L	I	F	Y	W	H	M	C	P
0	0.43757	0.01600	0.01532	0.01246	0.01780	0.01738	0.01027	0.18593	0.02014	0.13430	0.01554	0.01601	0.01114	0.00783	0.00592	0.00226	0.00657	0.00534	0.00611	0.05610
1	0.01019	0.00739	0.00857	0.00873	0.00976	0.00690	0.00575	0.01155	0.01509	0.01983	0.16491	0.16235	0.19934	0.31208	0.02123	0.00457	0.00532	0.01440	0.00629	0.00577
2	0.21675	0.01574	0.01658	0.01350	0.01835	0.01695	0.01098	0.26218	0.05888	0.13573	0.13465	0.02510	0.02338	0.00981	0.00711	0.00234	0.00649	0.00756	0.00727	0.01067
3	0.01961	0.05756	0.03423	0.02460	0.03072	0.10946	0.39708	0.06795	0.01918	0.02542	0.01622	0.02014	0.01247	0.00714	0.00782	0.00229	0.01097	0.00773	0.11968	0.00972
4	0.00939	0.00763	0.00865	0.00882	0.01090	0.00688	0.00656	0.01147	0.01647	0.02057	0.10374	0.14316	0.46861	0.02515	0.11307	0.00405	0.00636	0.01534	0.00668	0.00648
5	0.01318	0.00659	0.00988	0.00988	0.00988	0.00659	0.00659	0.00988	0.00988	0.01318	0.01318	0.02306	0.01318	0.02635	0.02964	0.77931	0.00659	0.00659	0.00329	0.00329
6	0.05817	0.02273	0.01877	0.06563	0.02227	0.25500	0.01285	0.17668	0.12067	0.02764	0.01804	0.02274	0.01515	0.11714	0.01186	0.00299	0.00970	0.00692	0.00545	0.00957
7	0.02543	0.01721	0.01868	0.01538	0.02019	0.04764	0.01227	0.31005	0.12667	0.17417	0.02585	0.12755	0.02114	0.01149	0.00790	0.00244	0.00724	0.00939	0.00774	0.01157
8	0.01292	0.00898	0.01256	0.11553	0.01803	0.00889	0.00952	0.01668	0.02054	0.07563	0.53570	0.04901	0.05862	0.01389	0.00865	0.00240	0.00476	0.01224	0.00768	0.00775
9	0.01658	0.01467	0.02106	0.25567	0.15269	0.01684	0.01686	0.05454	0.20301	0.02492	0.01981	0.02360	0.01563	0.01566	0.11184	0.00393	0.01019	0.00748	0.00497	0.01006
10	0.07629	0.11408	0.02170	0.01592	0.02052	0.19627	0.01290	0.21686	0.08468	0.02944	0.01655	0.01855	0.01324	0.01557	0.11109	0.00363	0.01109	0.00615	0.00537	0.01011
11	0.11149	0.01201	0.01409	0.01149	0.01595	0.01128	0.00914	0.06931	0.01910	0.28348	0.05792	0.06254	0.02109	0.04546	0.00839	0.00239	0.00576	0.00790	0.12245	0.10875
12	0.02065	0.01653	0.01706	0.01486	0.01884	0.05293	0.01172	0.12614	0.38039	0.06127	0.02587	0.02528	0.01945	0.00990	0.00827	0.00241	0.04728	0.00775	0.12235	0.01106
13	0.02053	0.10333	0.02510	0.06628	0.24931	0.16574	0.01661	0.09938	0.01965	0.02429	0.01785	0.12325	0.01698	0.00983	0.00740	0.00226	0.00920	0.00827	0.00466	0.01008

[dist]
# distance from previous block
# <min> <max>
0	101

# created by:
# /st0/software/busco_prod/Augustus/scripts/msa2prfl.pl ./align_prep/166468.fa
