[name]
unknown

[dist]
# distance from previous block
# <min> <max>
0	8

[block]
# block no. 0 follows, 21 sequences, length 26
# corresponding to MSA columns:
# 8-33
name=unknown_A
#
# <colnr> <probs for GDERKNQSTAVLIFYWHMCP>
#	G	D	E	R	K	N	Q	S	T	A	V	L	I	F	Y	W	H	M	C	P
0	0.01937	0.10027	0.06004	0.01362	0.01824	0.01425	0.01191	0.02543	0.08840	0.14462	0.24282	0.04851	0.11886	0.01446	0.00901	0.00268	0.00635	0.04266	0.00815	0.01036
1	0.02317	0.55111	0.04015	0.01630	0.02237	0.09844	0.01526	0.02574	0.01747	0.02016	0.01189	0.01445	0.01096	0.00839	0.00850	0.00210	0.09421	0.00501	0.00373	0.01061
2	0.02008	0.43059	0.25504	0.01787	0.02661	0.02734	0.02016	0.02532	0.01729	0.02241	0.01374	0.01645	0.01155	0.01127	0.04976	0.00290	0.01121	0.00545	0.00368	0.01128
3	0.03017	0.02214	0.02377	0.01846	0.02453	0.02441	0.01497	0.55326	0.03700	0.04958	0.02113	0.02428	0.01627	0.08553	0.01231	0.00318	0.00924	0.00818	0.00815	0.01346
4	0.01251	0.00833	0.00970	0.00970	0.00996	0.00850	0.00579	0.01303	0.01277	0.01756	0.02642	0.05216	0.02946	0.59957	0.10962	0.00855	0.00964	0.01182	0.03938	0.00555
5	0.02086	0.02047	0.03072	0.16667	0.43596	0.06452	0.02383	0.02756	0.07498	0.02688	0.01734	0.02195	0.01404	0.00820	0.00841	0.00260	0.01040	0.00762	0.00455	0.01246
6	0.01999	0.02001	0.03673	0.15392	0.40623	0.02031	0.16534	0.02565	0.01915	0.02666	0.01615	0.02178	0.01299	0.00764	0.00882	0.00266	0.01132	0.00816	0.00416	0.01233
7	0.02041	0.01504	0.01793	0.01295	0.02038	0.01150	0.01041	0.02412	0.01855	0.11187	0.01761	0.01917	0.01374	0.00687	0.00661	0.00144	0.00643	0.00551	0.00578	0.65369
8	0.68222	0.01624	0.01330	0.01162	0.01703	0.01837	0.00958	0.02681	0.01556	0.10530	0.01422	0.01548	0.01051	0.00819	0.00563	0.00263	0.00665	0.00504	0.00584	0.00979
9	0.03278	0.01456	0.01885	0.01508	0.02092	0.01353	0.01223	0.03963	0.12650	0.48964	0.09303	0.03280	0.02765	0.01137	0.00872	0.00268	0.00684	0.00940	0.01010	0.01369
10	0.01128	0.00867	0.01031	0.00990	0.01224	0.00770	0.00743	0.01458	0.02228	0.02984	0.42868	0.07063	0.29764	0.01900	0.01005	0.00275	0.00413	0.01638	0.00880	0.00770
11	0.01765	0.01513	0.01765	0.01260	0.02017	0.01134	0.01008	0.02143	0.01765	0.02773	0.01513	0.01765	0.01260	0.00630	0.00630	0.00126	0.00630	0.00504	0.00504	0.75295
12	0.01238	0.00825	0.00928	0.00928	0.00928	0.00825	0.00516	0.01238	0.01238	0.01650	0.02681	0.05569	0.03094	0.70092	0.04331	0.00825	0.00825	0.01238	0.00516	0.00516
13	0.02358	0.02224	0.03169	0.07764	0.46072	0.07463	0.02352	0.12622	0.02311	0.03124	0.01647	0.02057	0.01332	0.00817	0.00838	0.00252	0.01048	0.00742	0.00493	0.01313
14	0.01478	0.00739	0.01109	0.01109	0.01109	0.00739	0.00739	0.01109	0.01109	0.01478	0.01478	0.02587	0.01478	0.02956	0.03326	0.75240	0.00739	0.00739	0.00370	0.00370
15	0.01707	0.04402	0.65683	0.02426	0.03683	0.01976	0.03144	0.02695	0.01797	0.02695	0.01527	0.01797	0.01078	0.00809	0.00809	0.00270	0.01258	0.00629	0.00359	0.01258
16	0.01032	0.00857	0.00903	0.00904	0.01169	0.00728	0.00673	0.01268	0.01983	0.02432	0.15382	0.11044	0.54437	0.02129	0.01010	0.00288	0.00431	0.01795	0.00809	0.00728
17	0.01775	0.01684	0.02856	0.46884	0.25710	0.01935	0.02447	0.02322	0.01781	0.02378	0.01542	0.02214	0.01206	0.00820	0.00848	0.00273	0.01093	0.00757	0.00393	0.01081
18	0.01765	0.01513	0.01765	0.01260	0.02017	0.01134	0.01008	0.02143	0.01765	0.02773	0.01513	0.01765	0.01260	0.00630	0.00630	0.00126	0.00630	0.00504	0.00504	0.75295
19	0.76103	0.01646	0.01251	0.01119	0.01646	0.01909	0.00922	0.02502	0.01448	0.03818	0.01185	0.01382	0.00922	0.00790	0.00527	0.00263	0.00658	0.00461	0.00527	0.00922
20	0.01173	0.00845	0.01109	0.01092	0.01264	0.00782	0.00800	0.01526	0.02260	0.03176	0.52974	0.18391	0.07572	0.01916	0.01019	0.00283	0.00419	0.01707	0.00909	0.00782
21	0.01765	0.01513	0.01765	0.01260	0.02017	0.01134	0.01008	0.02143	0.01765	0.02773	0.01513	0.01765	0.01260	0.00630	0.00630	0.00126	0.00630	0.00504	0.00504	0.75295
22	0.01842	0.01746	0.02862	0.11243	0.46238	0.01759	0.02210	0.02299	0.01912	0.02622	0.02928	0.03283	0.13342	0.01034	0.00875	0.00263	0.00914	0.00956	0.00487	0.01184
23	0.01559	0.01632	0.05789	0.01387	0.01755	0.08263	0.01121	0.02214	0.12256	0.02653	0.11925	0.19738	0.18111	0.01722	0.00936	0.00279	0.00673	0.01468	0.00734	0.05785
24	0.01958	0.02130	0.03886	0.13990	0.04082	0.05217	0.35159	0.02516	0.01840	0.02487	0.01550	0.02151	0.01224	0.00878	0.01259	0.00289	0.13063	0.00869	0.00416	0.05038
25	0.01889	0.01943	0.02962	0.02415	0.02690	0.05038	0.15918	0.02326	0.04560	0.02334	0.01982	0.02917	0.04280	0.01363	0.01980	0.00339	0.38020	0.05596	0.00464	0.00983

[dist]
# distance from previous block
# <min> <max>
4	60

[block]
# block no. 1 follows, 21 sequences, length 14
# corresponding to MSA columns:
# 97-105,108-112
name=unknown_B
#
# <colnr> <probs for GDERKNQSTAVLIFYWHMCP>
#	G	D	E	R	K	N	Q	S	T	A	V	L	I	F	Y	W	H	M	C	P
0	0.05198	0.08131	0.05940	0.01691	0.02338	0.01907	0.05580	0.15320	0.05513	0.03228	0.02143	0.02436	0.05013	0.04134	0.01022	0.00248	0.04379	0.00742	0.00584	0.24452
1	0.02347	0.02505	0.14158	0.02103	0.02753	0.05567	0.07601	0.17596	0.16050	0.06575	0.02397	0.07430	0.01930	0.01135	0.01012	0.00282	0.05721	0.00925	0.00673	0.01242
2	0.02172	0.01944	0.02019	0.01652	0.02220	0.06773	0.01310	0.09664	0.24933	0.03246	0.02255	0.02310	0.01757	0.00948	0.00905	0.00225	0.05518	0.00724	0.00663	0.28764
3	0.01933	0.01708	0.02500	0.09265	0.02914	0.01585	0.12612	0.10918	0.02117	0.03015	0.01956	0.08922	0.01728	0.00938	0.00804	0.00215	0.00868	0.00861	0.00556	0.34585
4	0.01995	0.01836	0.03089	0.18308	0.03781	0.01887	0.21564	0.13471	0.02247	0.03031	0.02131	0.09008	0.01870	0.01065	0.00919	0.00276	0.01071	0.03783	0.00555	0.08112
5	0.02004	0.01895	0.03212	0.10729	0.54547	0.01930	0.02494	0.02507	0.01918	0.02707	0.01814	0.02693	0.01599	0.00888	0.00869	0.00266	0.01005	0.05209	0.00445	0.01268
6	0.01037	0.00741	0.00987	0.01185	0.01234	0.00691	0.00790	0.01185	0.01629	0.02172	0.04690	0.69537	0.05629	0.02666	0.01086	0.00346	0.00494	0.02419	0.00790	0.00691
7	0.01929	0.01841	0.03135	0.27483	0.43906	0.01975	0.02524	0.02457	0.01854	0.02566	0.01570	0.02164	0.01272	0.00791	0.00845	0.00264	0.01055	0.00758	0.00406	0.01205
8	0.01765	0.01513	0.01765	0.01260	0.02017	0.01134	0.01008	0.02143	0.01765	0.02773	0.01513	0.01765	0.01260	0.00630	0.00630	0.00126	0.00630	0.00504	0.00504	0.75295
9	0.01765	0.01513	0.01765	0.01260	0.02017	0.01134	0.01008	0.02143	0.01765	0.02773	0.01513	0.01765	0.01260	0.00630	0.00630	0.00126	0.00630	0.00504	0.00504	0.75295
10	0.01754	0.01513	0.01820	0.05920	0.02285	0.01187	0.01103	0.02145	0.01760	0.02731	0.01513	0.01800	0.01252	0.00646	0.00646	0.00137	0.00665	0.00522	0.00495	0.70107
11	0.02967	0.01568	0.01918	0.01500	0.02133	0.01450	0.01217	0.09024	0.11025	0.35375	0.03194	0.02940	0.05503	0.01046	0.00822	0.00241	0.00702	0.00848	0.00887	0.15640
12	0.16858	0.01598	0.01807	0.01440	0.02026	0.01570	0.01168	0.14560	0.02413	0.25088	0.06782	0.06266	0.02245	0.01076	0.00784	0.00247	0.00704	0.00849	0.00813	0.11706
13	0.22238	0.05006	0.04905	0.01539	0.02090	0.01894	0.04012	0.19186	0.02243	0.03556	0.01904	0.05719	0.01700	0.11257	0.01261	0.00332	0.00826	0.00799	0.00609	0.08925

[dist]
# distance from previous block
# <min> <max>
5	13

[block]
# block no. 2 follows, 21 sequences, length 15
# corresponding to MSA columns:
# 126-131,134-142
name=unknown_C
#
# <colnr> <probs for GDERKNQSTAVLIFYWHMCP>
#	G	D	E	R	K	N	Q	S	T	A	V	L	I	F	Y	W	H	M	C	P
0	0.13237	0.01825	0.01910	0.01635	0.02164	0.02043	0.01302	0.14198	0.35510	0.09846	0.05306	0.02815	0.02321	0.01092	0.00818	0.00276	0.00712	0.00867	0.00835	0.01291
1	0.09005	0.01967	0.02377	0.30666	0.03874	0.11374	0.04437	0.02392	0.01769	0.02439	0.01424	0.01947	0.01137	0.00863	0.00959	0.00252	0.07474	0.00661	0.00426	0.14555
2	0.03164	0.02348	0.02514	0.01944	0.02612	0.02606	0.01600	0.58281	0.07782	0.05248	0.02134	0.02115	0.01521	0.01030	0.00852	0.00258	0.00920	0.00779	0.00852	0.01441
3	0.01217	0.00817	0.00934	0.00954	0.00959	0.00812	0.00543	0.01232	0.01277	0.01702	0.02882	0.11972	0.03348	0.63343	0.04007	0.00777	0.00792	0.01356	0.00543	0.00533
4	0.01633	0.01548	0.02558	0.61460	0.05498	0.01962	0.02313	0.02162	0.01662	0.02162	0.01473	0.02228	0.01133	0.00915	0.01045	0.00292	0.07881	0.00755	0.00378	0.00944
5	0.03235	0.02384	0.02554	0.01958	0.02639	0.02639	0.01618	0.61946	0.04001	0.05363	0.02043	0.02043	0.01447	0.01022	0.00851	0.00255	0.00936	0.00766	0.00851	0.01447
6	0.03151	0.01786	0.02105	0.01662	0.02265	0.01827	0.01356	0.25633	0.09970	0.29763	0.08807	0.02945	0.02491	0.01120	0.00870	0.00264	0.00767	0.00901	0.00945	0.01374
7	0.01896	0.01508	0.01778	0.01277	0.02027	0.01142	0.01024	0.02271	0.01808	0.06786	0.01631	0.01837	0.01315	0.00657	0.00645	0.00135	0.00636	0.00527	0.00539	0.70561
8	0.01652	0.01558	0.02633	0.62441	0.11119	0.01902	0.02386	0.02213	0.01723	0.02228	0.01520	0.02254	0.01153	0.00843	0.00850	0.00281	0.01123	0.00756	0.00382	0.00981
9	0.10123	0.01499	0.01745	0.01485	0.01982	0.01530	0.01177	0.06301	0.19261	0.27512	0.08675	0.09490	0.02959	0.01270	0.00860	0.00278	0.00662	0.01052	0.00903	0.01237
10	0.01553	0.01412	0.02315	0.58253	0.05141	0.01735	0.02094	0.02038	0.01634	0.02098	0.01683	0.02750	0.01420	0.10955	0.01359	0.00363	0.01089	0.00827	0.00398	0.00883
11	0.03235	0.02384	0.02554	0.01958	0.02639	0.02639	0.01618	0.61946	0.04001	0.05363	0.02043	0.02043	0.01447	0.01022	0.00851	0.00255	0.00936	0.00766	0.00851	0.01447
12	0.01959	0.29352	0.36860	0.02307	0.08566	0.02509	0.02455	0.02632	0.01784	0.02439	0.01403	0.01660	0.01107	0.00773	0.00712	0.00235	0.01104	0.00574	0.00367	0.01203
13	0.01763	0.01596	0.02553	0.61700	0.05552	0.01963	0.02292	0.07915	0.01922	0.02481	0.01564	0.02247	0.01164	0.00867	0.00851	0.00281	0.01115	0.00757	0.00424	0.00994
14	0.01476	0.00868	0.01268	0.01226	0.01253	0.00941	0.00869	0.01267	0.01265	0.01744	0.07520	0.02917	0.02105	0.02870	0.06227	0.57149	0.07295	0.00825	0.00429	0.00485

[dist]
# distance from previous block
# <min> <max>
1	23

[block]
# block no. 3 follows, 21 sequences, length 7
# corresponding to MSA columns:
# 166-172
name=unknown_D
#
# <colnr> <probs for GDERKNQSTAVLIFYWHMCP>
#	G	D	E	R	K	N	Q	S	T	A	V	L	I	F	Y	W	H	M	C	P
0	0.22295	0.02191	0.02213	0.01739	0.02379	0.02448	0.01435	0.46398	0.03333	0.04959	0.01819	0.01870	0.01310	0.00961	0.00766	0.00257	0.00864	0.00686	0.00766	0.01310
1	0.01974	0.17024	0.05389	0.01618	0.02201	0.01906	0.06679	0.11678	0.02096	0.02850	0.05339	0.08410	0.02223	0.09698	0.01214	0.00295	0.00842	0.00901	0.00565	0.17100
2	0.61805	0.01540	0.01351	0.07025	0.01962	0.01786	0.01030	0.02329	0.01435	0.03431	0.01244	0.01585	0.00998	0.01020	0.00845	0.08025	0.00709	0.00516	0.00497	0.00867
3	0.01586	0.00793	0.00793	0.00793	0.00991	0.00793	0.00595	0.01983	0.01785	0.03173	0.02776	0.03173	0.02181	0.00991	0.00595	0.00198	0.00397	0.00793	0.74817	0.00793
4	0.01238	0.00825	0.00928	0.00928	0.00928	0.00825	0.00516	0.01238	0.01238	0.01650	0.02681	0.05569	0.03094	0.70092	0.04331	0.00825	0.00825	0.01238	0.00516	0.00516
5	0.01536	0.01253	0.01485	0.01201	0.01703	0.00997	0.00896	0.01814	0.01666	0.02495	0.02364	0.17183	0.02460	0.10099	0.01211	0.00265	0.00625	0.01021	0.00569	0.49156
6	0.09789	0.02137	0.02300	0.01800	0.02447	0.02332	0.01479	0.43424	0.08721	0.13529	0.02275	0.02203	0.01593	0.01017	0.00824	0.00260	0.00858	0.00768	0.00852	0.01391

[dist]
# distance from previous block
# <min> <max>
1	2

[block]
# block no. 4 follows, 21 sequences, length 10
# corresponding to MSA columns:
# 175-184
name=unknown_E
#
# <colnr> <probs for GDERKNQSTAVLIFYWHMCP>
#	G	D	E	R	K	N	Q	S	T	A	V	L	I	F	Y	W	H	M	C	P
0	0.01250	0.00976	0.01408	0.05483	0.10256	0.00965	0.01087	0.01447	0.01612	0.02171	0.03754	0.45935	0.04367	0.13314	0.01569	0.00408	0.00656	0.01902	0.00671	0.00768
1	0.01260	0.00958	0.01290	0.01518	0.06850	0.00893	0.00950	0.01446	0.01612	0.02203	0.03706	0.41163	0.04291	0.15442	0.01659	0.00412	0.00633	0.05022	0.00676	0.08017
2	0.05663	0.01866	0.02541	0.37737	0.15528	0.08220	0.02144	0.05699	0.01951	0.02567	0.01766	0.02706	0.01482	0.00965	0.00851	0.00278	0.01088	0.05455	0.00459	0.01036
3	0.05497	0.01495	0.02288	0.39949	0.04230	0.01768	0.04419	0.07254	0.01870	0.02556	0.02153	0.15314	0.02034	0.01241	0.00977	0.00296	0.04127	0.01077	0.00510	0.00946
4	0.01867	0.01598	0.02544	0.16121	0.31160	0.01671	0.01991	0.02451	0.06408	0.05877	0.06186	0.13535	0.02549	0.01193	0.00896	0.00278	0.00873	0.01097	0.00570	0.01134
5	0.07529	0.07551	0.07642	0.06483	0.16663	0.02088	0.08175	0.08725	0.11856	0.05787	0.01947	0.02169	0.01492	0.00853	0.00798	0.00250	0.00941	0.00744	0.00565	0.07740
6	0.08812	0.02717	0.14049	0.12701	0.03142	0.14563	0.01868	0.15604	0.02381	0.03218	0.04742	0.02068	0.01527	0.00903	0.00785	0.00244	0.01064	0.00683	0.00544	0.08385
7	0.02025	0.01939	0.03307	0.15487	0.55158	0.02001	0.02571	0.02540	0.01899	0.02681	0.01586	0.02133	0.01313	0.00773	0.00844	0.00258	0.01031	0.00758	0.00414	0.01282
8	0.02479	0.02123	0.03040	0.14589	0.26603	0.06814	0.07348	0.14336	0.02390	0.09247	0.01833	0.02174	0.01382	0.00859	0.00856	0.00260	0.01065	0.00775	0.00562	0.01264
9	0.12670	0.01532	0.02060	0.19343	0.12900	0.01708	0.01677	0.05293	0.09920	0.02894	0.02744	0.09873	0.05360	0.01277	0.00869	0.00293	0.00840	0.07121	0.00598	0.01030

[dist]
# distance from previous block
# <min> <max>
1	10

[block]
# block no. 5 follows, 21 sequences, length 23
# corresponding to MSA columns:
# 199-221
name=unknown_F
#
# <colnr> <probs for GDERKNQSTAVLIFYWHMCP>
#	G	D	E	R	K	N	Q	S	T	A	V	L	I	F	Y	W	H	M	C	P
0	0.02084	0.01780	0.02595	0.18360	0.16594	0.01784	0.04872	0.10038	0.04041	0.05204	0.01736	0.02106	0.01346	0.00796	0.00791	0.00226	0.00917	0.00705	0.00527	0.23497
1	0.07001	0.02378	0.22027	0.07148	0.05880	0.01674	0.01891	0.11118	0.02175	0.05031	0.11681	0.10591	0.02838	0.03658	0.00989	0.00295	0.00894	0.01030	0.00614	0.01087
2	0.01979	0.02010	0.11336	0.01548	0.02241	0.01536	0.01410	0.15668	0.02351	0.03394	0.11327	0.02717	0.02401	0.04196	0.00939	0.00232	0.00767	0.00776	0.00628	0.32546
3	0.01926	0.04350	0.56251	0.02391	0.03526	0.11621	0.02921	0.02800	0.01888	0.02604	0.01496	0.01758	0.01081	0.00819	0.00802	0.00262	0.01299	0.00617	0.00371	0.01217
4	0.04541	0.08743	0.10898	0.04893	0.02330	0.01535	0.01389	0.04248	0.01784	0.02657	0.01867	0.08509	0.01740	0.05240	0.00938	0.00234	0.00783	0.00768	0.00505	0.36398
5	0.04572	0.46385	0.03426	0.01482	0.02041	0.05929	0.01379	0.02346	0.01727	0.02127	0.01739	0.02625	0.01683	0.01769	0.10494	0.00388	0.01123	0.07333	0.00436	0.00996
6	0.01413	0.01043	0.01431	0.01373	0.01559	0.01188	0.01053	0.07300	0.01606	0.02264	0.02303	0.03477	0.02174	0.13265	0.53138	0.01198	0.01981	0.00936	0.00501	0.00798
7	0.01964	0.01599	0.01514	0.01413	0.01751	0.08952	0.01102	0.08595	0.16631	0.03199	0.05597	0.07429	0.05958	0.01345	0.00830	0.00264	0.00698	0.07391	0.22767	0.01002
8	0.03235	0.02384	0.02554	0.01958	0.02639	0.02639	0.01618	0.61946	0.04001	0.05363	0.02043	0.02043	0.01447	0.01022	0.00851	0.00255	0.00936	0.00766	0.00851	0.01447
9	0.02188	0.60449	0.13851	0.01605	0.02414	0.03154	0.01715	0.02571	0.01740	0.02108	0.01236	0.01431	0.01090	0.00740	0.00586	0.00195	0.00963	0.00482	0.00363	0.01118
10	0.01138	0.00857	0.01158	0.01414	0.04594	0.00806	0.00954	0.01349	0.01730	0.02274	0.04959	0.49986	0.12128	0.02461	0.01078	0.00341	0.00556	0.10703	0.00770	0.00742
11	0.08911	0.09606	0.54427	0.02220	0.03363	0.02085	0.02791	0.02664	0.01758	0.02746	0.01466	0.01721	0.01064	0.00800	0.00760	0.00262	0.01171	0.00598	0.00376	0.01212
12	0.02049	0.01686	0.01827	0.04136	0.02226	0.01905	0.01300	0.04032	0.50920	0.06280	0.03984	0.03710	0.09701	0.01254	0.00881	0.00287	0.00665	0.01046	0.00847	0.01264
13	0.01237	0.00930	0.01197	0.01238	0.01457	0.00834	0.00934	0.01512	0.01858	0.02544	0.14087	0.34081	0.08263	0.02126	0.01019	0.00307	0.00554	0.13337	0.00771	0.11715
14	0.11506	0.02107	0.02253	0.01775	0.02412	0.02305	0.01456	0.40562	0.10375	0.13208	0.02290	0.02216	0.01611	0.01015	0.00817	0.00261	0.00845	0.00766	0.00844	0.01376
15	0.01639	0.01513	0.02394	0.54633	0.05089	0.01739	0.02091	0.02168	0.01714	0.02295	0.01513	0.02168	0.01160	0.00807	0.00807	0.00252	0.01033	0.00706	0.00403	0.15878
16	0.01470	0.00837	0.01259	0.08865	0.01643	0.00881	0.00906	0.01245	0.01190	0.01576	0.01598	0.02837	0.01594	0.09170	0.03135	0.59377	0.00793	0.00789	0.00385	0.00450
17	0.03010	0.02272	0.02427	0.01913	0.02553	0.02534	0.01563	0.50413	0.15900	0.05001	0.02328	0.02271	0.01678	0.01048	0.00854	0.00262	0.00884	0.00806	0.00854	0.01427
18	0.04245	0.00866	0.01058	0.01054	0.01186	0.00834	0.00726	0.01466	0.01908	0.02722	0.34102	0.17272	0.05951	0.20659	0.01914	0.00435	0.00545	0.01570	0.00778	0.00709
19	0.03235	0.02384	0.02554	0.01958	0.02639	0.02639	0.01618	0.61946	0.04001	0.05363	0.02043	0.02043	0.01447	0.01022	0.00851	0.00255	0.00936	0.00766	0.00851	0.01447
20	0.02850	0.02127	0.02279	0.01807	0.02382	0.02357	0.01452	0.47025	0.11801	0.04685	0.02312	0.02608	0.01796	0.09061	0.01257	0.00326	0.00887	0.00848	0.00814	0.01325
21	0.01724	0.01636	0.02694	0.51673	0.05166	0.01951	0.07915	0.02588	0.11172	0.02440	0.01832	0.02410	0.01374	0.00885	0.00868	0.00285	0.01093	0.00812	0.00458	0.01026
22	0.01875	0.01773	0.02940	0.34169	0.33513	0.01967	0.02417	0.02528	0.05666	0.02548	0.01676	0.02249	0.01327	0.00826	0.00848	0.00269	0.01047	0.00770	0.00429	0.01161

[dist]
# distance from previous block
# <min> <max>
1	2

[block]
# block no. 6 follows, 21 sequences, length 7
# corresponding to MSA columns:
# 224-230
name=unknown_G
#
# <colnr> <probs for GDERKNQSTAVLIFYWHMCP>
#	G	D	E	R	K	N	Q	S	T	A	V	L	I	F	Y	W	H	M	C	P
0	0.01170	0.00891	0.01165	0.06222	0.01609	0.00845	0.00888	0.01407	0.01791	0.02414	0.15757	0.36539	0.11574	0.07676	0.01281	0.00346	0.00554	0.01846	0.00746	0.05279
1	0.02984	0.02259	0.02413	0.01907	0.02543	0.02522	0.01557	0.49047	0.17310	0.04958	0.02362	0.02297	0.01706	0.01051	0.00855	0.00263	0.00877	0.00810	0.00855	0.01425
2	0.01765	0.01513	0.01765	0.01260	0.02017	0.01134	0.01008	0.02143	0.01765	0.02773	0.01513	0.01765	0.01260	0.00630	0.00630	0.00126	0.00630	0.00504	0.00504	0.75295
3	0.01242	0.00905	0.01189	0.10174	0.01705	0.00955	0.00862	0.01370	0.01397	0.01858	0.02949	0.19356	0.03338	0.41712	0.06831	0.00676	0.00879	0.01418	0.00555	0.00628
4	0.01664	0.01408	0.01879	0.17437	0.02756	0.04551	0.01551	0.04307	0.04196	0.02307	0.02469	0.08089	0.02444	0.02117	0.06572	0.10635	0.10279	0.13961	0.00539	0.00837
5	0.08185	0.19570	0.15590	0.01737	0.02510	0.02277	0.01725	0.16100	0.02326	0.12922	0.01850	0.01955	0.01370	0.01129	0.03849	0.00289	0.00991	0.00647	0.00602	0.04375
6	0.03222	0.02759	0.02522	0.02011	0.02637	0.17024	0.01624	0.48794	0.03644	0.04626	0.01880	0.01929	0.01368	0.00989	0.00832	0.00247	0.01071	0.00717	0.00759	0.01344

[dist]
# distance from previous block
# <min> <max>
3	27

[block]
# block no. 7 follows, 21 sequences, length 15
# corresponding to MSA columns:
# 260-265,279-287
name=unknown_H
#
# <colnr> <probs for GDERKNQSTAVLIFYWHMCP>
#	G	D	E	R	K	N	Q	S	T	A	V	L	I	F	Y	W	H	M	C	P
0	0.01728	0.01513	0.01948	0.16817	0.02912	0.01311	0.01324	0.02150	0.01750	0.02634	0.01513	0.01882	0.01231	0.00682	0.00682	0.00163	0.00748	0.00563	0.00475	0.57977
1	0.01637	0.01571	0.02738	0.63203	0.05755	0.01910	0.06822	0.02216	0.01725	0.02216	0.01528	0.02271	0.01146	0.00841	0.00862	0.00284	0.01157	0.00775	0.00382	0.00961
2	0.01707	0.01375	0.01556	0.01201	0.01779	0.01144	0.00942	0.06963	0.01981	0.02911	0.05279	0.03278	0.11798	0.04459	0.00907	0.00208	0.00610	0.00829	0.05509	0.45564
3	0.01784	0.01042	0.01333	0.01203	0.01523	0.00960	0.00941	0.02241	0.05167	0.16250	0.38123	0.05913	0.13012	0.01658	0.00978	0.00278	0.00511	0.05201	0.00930	0.00953
4	0.15639	0.02647	0.02208	0.04915	0.02545	0.22460	0.01495	0.25997	0.02834	0.06150	0.04087	0.01979	0.01510	0.00957	0.00775	0.00247	0.01057	0.00678	0.00655	0.01164
5	0.02156	0.56693	0.17324	0.01660	0.02499	0.03075	0.01811	0.02579	0.01743	0.02148	0.01255	0.01456	0.01089	0.00745	0.00601	0.00200	0.00983	0.00492	0.00363	0.01127
6	0.03246	0.01568	0.01969	0.01543	0.02159	0.01475	0.01258	0.11428	0.08451	0.42768	0.07656	0.02997	0.02457	0.01083	0.00852	0.00256	0.00717	0.00882	0.00964	0.06271
7	0.01914	0.28491	0.43406	0.02073	0.03138	0.02482	0.02530	0.02642	0.01772	0.02443	0.01402	0.01640	0.01083	0.00779	0.00713	0.00238	0.01131	0.00566	0.00361	0.01197
8	0.01478	0.00739	0.01109	0.01109	0.01109	0.00739	0.00739	0.01109	0.01109	0.01478	0.01478	0.02587	0.01478	0.02956	0.03326	0.75240	0.00739	0.00739	0.00370	0.00370
9	0.02811	0.01279	0.01699	0.01353	0.01883	0.01103	0.01090	0.03167	0.02358	0.40056	0.21684	0.03830	0.03818	0.01218	0.00877	0.00250	0.00616	0.01027	0.00961	0.08920
10	0.69957	0.01708	0.01361	0.01190	0.01730	0.01971	0.00980	0.07515	0.01664	0.03949	0.01257	0.01438	0.00966	0.00810	0.00554	0.00263	0.00682	0.00487	0.00554	0.00966
11	0.01238	0.00825	0.00928	0.00928	0.00928	0.00825	0.00516	0.01238	0.01238	0.01650	0.02681	0.05569	0.03094	0.70092	0.04331	0.00825	0.00825	0.01238	0.00516	0.00516
12	0.61834	0.01607	0.01394	0.01197	0.01750	0.01779	0.00987	0.02826	0.01643	0.15969	0.01614	0.01681	0.01156	0.00842	0.00592	0.00263	0.00671	0.00539	0.00631	0.01026
13	0.01052	0.00747	0.00983	0.01166	0.01212	0.00701	0.00770	0.01189	0.01600	0.02134	0.04541	0.64776	0.05440	0.07685	0.01328	0.00381	0.00518	0.02331	0.00770	0.00678
14	0.01238	0.00825	0.00928	0.00928	0.00928	0.00825	0.00516	0.01238	0.01238	0.01650	0.02681	0.05569	0.03094	0.70092	0.04331	0.00825	0.00825	0.01238	0.00516	0.00516

[dist]
# distance from previous block
# <min> <max>
0	0

# created by:
# /st0/software/busco_prod/Augustus/scripts/msa2prfl.pl ./align_prep/166458.fa
