[name]
unknown

[dist]
# distance from previous block
# <min> <max>
0	6

[block]
# block no. 0 follows, 31 sequences, length 13
# corresponding to MSA columns:
# 6-18
name=unknown_A
#
# <colnr> <probs for GDERKNQSTAVLIFYWHMCP>
#	G	D	E	R	K	N	Q	S	T	A	V	L	I	F	Y	W	H	M	C	P
0	0.02086	0.01212	0.01486	0.01290	0.01650	0.01242	0.01070	0.19326	0.04371	0.22928	0.02609	0.03861	0.02261	0.05088	0.00942	0.00265	0.02624	0.20382	0.04380	0.00928
1	0.02446	0.01305	0.01576	0.01288	0.01743	0.01311	0.01035	0.12539	0.20329	0.37974	0.04635	0.06680	0.02029	0.00957	0.00704	0.00220	0.00577	0.00791	0.00769	0.01092
2	0.01527	0.01147	0.01309	0.01237	0.01526	0.01249	0.00954	0.02687	0.39428	0.08211	0.07820	0.18467	0.03036	0.01295	0.00763	0.00246	0.00507	0.06990	0.00694	0.00908
3	0.01471	0.00983	0.01164	0.01105	0.01329	0.00996	0.00816	0.14610	0.06933	0.09402	0.03317	0.40475	0.07830	0.05049	0.00921	0.00268	0.00504	0.01396	0.00660	0.00769
4	0.02035	0.01407	0.01567	0.01294	0.01668	0.01512	0.01012	0.34656	0.10418	0.09791	0.05812	0.09810	0.02135	0.12346	0.01134	0.00286	0.00640	0.00864	0.00659	0.00953
5	0.01140	0.00822	0.01004	0.01038	0.01164	0.00824	0.00732	0.12244	0.01632	0.02187	0.06306	0.55876	0.03932	0.06422	0.00999	0.00287	0.00469	0.01636	0.00635	0.00651
6	0.01437	0.00826	0.00857	0.00772	0.01009	0.00827	0.00597	0.09311	0.01636	0.02727	0.02089	0.02362	0.01631	0.00778	0.00504	0.00160	0.00382	0.00618	0.64814	0.06662
7	0.02608	0.01674	0.01861	0.01437	0.01954	0.01790	0.01184	0.51112	0.02835	0.18263	0.01902	0.01846	0.01313	0.00825	0.00671	0.00204	0.00688	0.00632	0.06074	0.01128
8	0.02431	0.01847	0.01906	0.01520	0.02015	0.06136	0.01233	0.49609	0.13682	0.07476	0.01905	0.03869	0.01416	0.00870	0.00688	0.00210	0.00729	0.00672	0.00674	0.01112
9	0.01203	0.00863	0.01003	0.00957	0.01097	0.00855	0.00649	0.10860	0.01455	0.01970	0.02564	0.28270	0.02883	0.33883	0.01951	0.00421	0.00572	0.01221	0.00528	0.06795
10	0.10191	0.01603	0.01745	0.01393	0.01891	0.01736	0.01137	0.34914	0.16695	0.18502	0.02039	0.01927	0.01428	0.00831	0.00662	0.00213	0.00650	0.00640	0.00696	0.01105
11	0.01925	0.01396	0.01549	0.01285	0.01727	0.01463	0.01019	0.17134	0.29447	0.10586	0.02299	0.06438	0.01794	0.00891	0.00661	0.00201	0.00566	0.00731	0.04638	0.14254
12	0.01676	0.01566	0.02252	0.04482	0.05421	0.01828	0.11778	0.09619	0.16191	0.02356	0.01509	0.01806	0.01219	0.00906	0.01265	0.00242	0.27923	0.00656	0.00443	0.06864

[dist]
# distance from previous block
# <min> <max>
0	1

[block]
# block no. 1 follows, 31 sequences, length 6
# corresponding to MSA columns:
# 20-25
name=unknown_B
#
# <colnr> <probs for GDERKNQSTAVLIFYWHMCP>
#	G	D	E	R	K	N	Q	S	T	A	V	L	I	F	Y	W	H	M	C	P
0	0.02061	0.01768	0.01996	0.12115	0.14156	0.11028	0.01438	0.21829	0.13417	0.07013	0.05013	0.01979	0.01513	0.00798	0.00682	0.00210	0.00783	0.00651	0.00544	0.01007
1	0.01005	0.00840	0.01038	0.01124	0.05824	0.00825	0.00769	0.01329	0.06191	0.02081	0.17535	0.18528	0.32626	0.01585	0.00892	0.00239	0.04936	0.01347	0.00621	0.00665
2	0.02322	0.01826	0.01729	0.01428	0.01849	0.14265	0.01129	0.34156	0.07630	0.11031	0.01941	0.06858	0.01557	0.04121	0.00796	0.00225	0.00752	0.00712	0.04679	0.00992
3	0.01794	0.01658	0.02287	0.02170	0.14397	0.07091	0.13791	0.15277	0.07105	0.02548	0.01648	0.06061	0.01391	0.00984	0.03294	0.00246	0.08270	0.00721	0.05224	0.04043
4	0.01887	0.01831	0.02006	0.11302	0.08053	0.17642	0.05431	0.06840	0.09743	0.06433	0.01721	0.01928	0.04361	0.00821	0.00863	0.00210	0.10064	0.00627	0.00448	0.07787
5	0.01560	0.01518	0.02291	0.12171	0.06197	0.05769	0.18135	0.06681	0.01533	0.02082	0.01435	0.04370	0.01279	0.09248	0.01188	0.00261	0.09580	0.00702	0.00386	0.13615

[dist]
# distance from previous block
# <min> <max>
28	44

[block]
# block no. 2 follows, 31 sequences, length 12
# corresponding to MSA columns:
# 73-84
name=unknown_C
#
# <colnr> <probs for GDERKNQSTAVLIFYWHMCP>
#	G	D	E	R	K	N	Q	S	T	A	V	L	I	F	Y	W	H	M	C	P
0	0.01901	0.01430	0.01703	0.05023	0.08161	0.01484	0.01138	0.26024	0.10046	0.06266	0.01857	0.05069	0.01533	0.07683	0.00910	0.00235	0.00651	0.00690	0.03671	0.14526
1	0.01188	0.00873	0.01040	0.00959	0.01156	0.00836	0.00682	0.03308	0.05505	0.04352	0.09293	0.20059	0.07531	0.22833	0.01578	0.00344	0.03056	0.01120	0.00546	0.13741
2	0.01304	0.00865	0.01059	0.00968	0.01236	0.00780	0.00729	0.01673	0.07056	0.11320	0.22008	0.21189	0.13619	0.01396	0.00758	0.00218	0.00420	0.01216	0.00668	0.11518
3	0.01382	0.01397	0.07841	0.07255	0.01961	0.01076	0.01070	0.01898	0.08695	0.02207	0.01610	0.08163	0.01417	0.00724	0.00587	0.00152	0.00580	0.00607	0.00437	0.50940
4	0.01741	0.08413	0.02710	0.10777	0.52636	0.04630	0.01928	0.05153	0.01615	0.02201	0.01256	0.01632	0.01043	0.00628	0.00654	0.00200	0.00830	0.00581	0.00347	0.01024
5	0.01737	0.01251	0.01384	0.01173	0.01441	0.01350	0.00874	0.33327	0.02081	0.02791	0.02063	0.10263	0.02035	0.29960	0.04861	0.00426	0.00728	0.00901	0.00562	0.00791
6	0.02505	0.08467	0.02058	0.01459	0.01989	0.01945	0.01216	0.45085	0.10522	0.14923	0.01882	0.01809	0.01329	0.00816	0.00664	0.00204	0.00699	0.00623	0.00677	0.01129
7	0.01452	0.14270	0.46854	0.01898	0.02739	0.01719	0.12183	0.02094	0.01494	0.02123	0.05871	0.01695	0.01266	0.00679	0.00652	0.00208	0.00944	0.00578	0.00329	0.00953
8	0.02323	0.01669	0.01813	0.01438	0.01916	0.01825	0.01167	0.48167	0.12565	0.08442	0.04913	0.02222	0.03954	0.03409	0.00789	0.00226	0.00677	0.00709	0.00689	0.01086
9	0.01635	0.19368	0.39033	0.01564	0.02317	0.01694	0.01809	0.02252	0.04839	0.09646	0.08093	0.01864	0.01550	0.00741	0.00624	0.00201	0.00814	0.00576	0.00413	0.00966
10	0.01939	0.01128	0.01446	0.01179	0.01582	0.01071	0.03518	0.06876	0.11662	0.26380	0.20078	0.03313	0.09131	0.01040	0.00721	0.00210	0.00518	0.00886	0.00721	0.06602
11	0.05198	0.01549	0.10755	0.01252	0.01847	0.01168	0.01141	0.09357	0.01815	0.26813	0.05635	0.01953	0.01536	0.00731	0.00620	0.00176	0.00615	0.00583	0.00592	0.26663

[dist]
# distance from previous block
# <min> <max>
13	41

[block]
# block no. 3 follows, 31 sequences, length 111
# corresponding to MSA columns:
# 129-239
name=unknown_D
#
# <colnr> <probs for GDERKNQSTAVLIFYWHMCP>
#	G	D	E	R	K	N	Q	S	T	A	V	L	I	F	Y	W	H	M	C	P
0	0.05584	0.06221	0.04956	0.03733	0.01933	0.01539	0.01149	0.18382	0.14184	0.20360	0.04695	0.02026	0.01593	0.00798	0.00644	0.00198	0.00634	0.00631	0.00632	0.10108
1	0.01743	0.02160	0.20303	0.02397	0.21220	0.03606	0.06691	0.13197	0.07388	0.02588	0.01443	0.01654	0.01105	0.00667	0.00659	0.00198	0.00829	0.00581	0.00421	0.11152
2	0.01620	0.12097	0.24647	0.01529	0.02163	0.01551	0.05827	0.12076	0.01754	0.05222	0.06702	0.09706	0.01773	0.00869	0.00658	0.00200	0.00755	0.00727	0.00459	0.09665
3	0.01543	0.02184	0.29753	0.05138	0.14227	0.01396	0.01787	0.04298	0.06526	0.06414	0.03758	0.06886	0.01495	0.00790	0.00665	0.00205	0.00778	0.00671	0.00426	0.11060
4	0.01678	0.01396	0.04070	0.01151	0.01747	0.01137	0.00960	0.09898	0.06336	0.06882	0.01465	0.01579	0.01141	0.00598	0.00557	0.00133	0.00561	0.00476	0.00481	0.57753
5	0.01627	0.01491	0.02383	0.03449	0.54979	0.03818	0.01774	0.01902	0.01452	0.02038	0.01260	0.01735	0.01092	0.00910	0.01010	0.13812	0.00779	0.00595	0.00334	0.03560
6	0.03639	0.01627	0.14032	0.57752	0.06308	0.01535	0.01979	0.01837	0.01381	0.01872	0.01212	0.01735	0.00904	0.00675	0.00670	0.00225	0.00915	0.00584	0.00306	0.00812
7	0.01403	0.03177	0.60427	0.02053	0.08510	0.01532	0.02341	0.02122	0.01451	0.02178	0.01232	0.01463	0.00897	0.00634	0.00640	0.00205	0.00950	0.00505	0.00303	0.07976
8	0.14926	0.05274	0.56007	0.01778	0.02666	0.01617	0.04318	0.02137	0.01401	0.02305	0.01178	0.01390	0.00851	0.00643	0.00610	0.00214	0.00925	0.00488	0.00314	0.00958
9	0.00871	0.00676	0.00793	0.00806	0.00973	0.00598	0.00588	0.01087	0.01645	0.02150	0.29448	0.20006	0.34514	0.01696	0.00821	0.00235	0.00348	0.01471	0.00678	0.00598
10	0.00995	0.00663	0.00746	0.00746	0.00746	0.00663	0.00415	0.00995	0.00995	0.01327	0.02156	0.04477	0.02487	0.75957	0.03482	0.00663	0.00663	0.00995	0.00415	0.00415
11	0.05558	0.01169	0.01569	0.01207	0.01733	0.01022	0.00997	0.03292	0.01933	0.69950	0.02643	0.02290	0.01663	0.00840	0.00680	0.00212	0.00580	0.00678	0.00833	0.01151
12	0.00968	0.00699	0.00914	0.00861	0.01022	0.00646	0.00646	0.01291	0.01937	0.02743	0.71328	0.05110	0.06455	0.01399	0.00807	0.00215	0.00323	0.01237	0.00753	0.00646
13	0.00963	0.00699	0.00907	0.00855	0.01019	0.00643	0.00641	0.01280	0.01924	0.02713	0.69104	0.05161	0.08699	0.01410	0.00807	0.00216	0.00324	0.01244	0.00749	0.00643
14	0.01102	0.00787	0.01102	0.01260	0.01417	0.00787	0.01102	0.01417	0.01575	0.02047	0.03622	0.07717	0.03937	0.01890	0.00945	0.00315	0.00630	0.67084	0.00630	0.00630
15	0.00866	0.00695	0.00772	0.00753	0.00959	0.00602	0.00565	0.01093	0.01695	0.02169	0.30030	0.06055	0.48112	0.01613	0.00808	0.00225	0.00338	0.01370	0.00678	0.00602
16	0.80789	0.01323	0.01006	0.00900	0.01323	0.01535	0.00741	0.02011	0.01164	0.03070	0.00953	0.01111	0.00741	0.00635	0.00423	0.00212	0.00529	0.00370	0.00423	0.00741
17	0.36433	0.01660	0.01600	0.01282	0.01776	0.01868	0.01058	0.40245	0.02329	0.03774	0.01344	0.01413	0.00981	0.00741	0.00571	0.00208	0.00656	0.00510	0.00571	0.00981
18	0.01292	0.01216	0.02052	0.74312	0.04712	0.01520	0.01900	0.01748	0.01368	0.01748	0.01216	0.01824	0.00912	0.00684	0.00684	0.00228	0.00912	0.00608	0.00304	0.00760
19	0.01615	0.01845	0.04037	0.02884	0.03576	0.01730	0.69204	0.02191	0.01615	0.02191	0.01384	0.01845	0.01038	0.00577	0.00807	0.00231	0.01153	0.00807	0.00346	0.00923
20	0.00977	0.00733	0.01100	0.01100	0.01222	0.00855	0.00855	0.01222	0.01100	0.01588	0.01833	0.02688	0.01710	0.05131	0.73245	0.01100	0.01833	0.00733	0.00367	0.00611
21	0.00809	0.00693	0.00693	0.00693	0.00924	0.00578	0.00520	0.00982	0.01559	0.01848	0.06931	0.06584	0.71411	0.01733	0.00809	0.00231	0.00347	0.01444	0.00635	0.00578
22	0.00968	0.00699	0.00914	0.00861	0.01022	0.00646	0.00646	0.01291	0.01937	0.02743	0.71328	0.05110	0.06455	0.01399	0.00807	0.00215	0.00323	0.01237	0.00753	0.00646
23	0.01045	0.00811	0.00966	0.00915	0.00959	0.00891	0.00619	0.01103	0.01110	0.01479	0.02842	0.04366	0.15211	0.49225	0.02767	0.00520	0.13220	0.01012	0.00437	0.00502
24	0.01419	0.01216	0.01419	0.01013	0.01621	0.00912	0.00811	0.01723	0.01419	0.02229	0.01216	0.01419	0.01013	0.00507	0.00507	0.00101	0.00507	0.00405	0.00405	0.80139
25	0.80789	0.01323	0.01006	0.00900	0.01323	0.01535	0.00741	0.02011	0.01164	0.03070	0.00953	0.01111	0.00741	0.00635	0.00423	0.00212	0.00529	0.00370	0.00423	0.00741
26	0.01292	0.01216	0.02052	0.74312	0.04712	0.01520	0.01900	0.01748	0.01368	0.01748	0.01216	0.01824	0.00912	0.00684	0.00684	0.00228	0.00912	0.00608	0.00304	0.00760
27	0.01072	0.00782	0.01168	0.01293	0.07305	0.00859	0.00866	0.01220	0.01096	0.01552	0.01740	0.02768	0.01692	0.14363	0.47100	0.12038	0.01404	0.00740	0.00361	0.00581
28	0.00818	0.00654	0.00733	0.00796	0.00951	0.00569	0.00566	0.00970	0.01460	0.01808	0.05676	0.33942	0.44863	0.01896	0.00834	0.00250	0.00367	0.01643	0.00635	0.00569
29	0.00993	0.00753	0.01101	0.01082	0.01207	0.00861	0.00841	0.01248	0.01240	0.01787	0.13643	0.03061	0.02492	0.04364	0.58530	0.00922	0.04010	0.00814	0.00430	0.00621
30	0.01515	0.01273	0.01386	0.01257	0.01586	0.01432	0.00971	0.03037	0.52977	0.02832	0.20267	0.03205	0.03202	0.01048	0.00724	0.00228	0.00486	0.00892	0.00711	0.00971
31	0.01615	0.01845	0.04037	0.02884	0.03576	0.01730	0.69204	0.02191	0.01615	0.02191	0.01384	0.01845	0.01038	0.00577	0.00807	0.00231	0.01153	0.00807	0.00346	0.00923
32	0.01292	0.01216	0.02052	0.74312	0.04712	0.01520	0.01900	0.01748	0.01368	0.01748	0.01216	0.01824	0.00912	0.00684	0.00684	0.00228	0.00912	0.00608	0.00304	0.00760
33	0.00834	0.00595	0.00794	0.00953	0.00992	0.00556	0.00635	0.00953	0.01310	0.01746	0.03771	0.75510	0.04525	0.02143	0.00873	0.00278	0.00397	0.01945	0.00635	0.00556
34	0.01773	0.01651	0.02713	0.03968	0.65571	0.01669	0.02029	0.08019	0.01704	0.02418	0.01318	0.01689	0.01091	0.00628	0.00678	0.00203	0.00807	0.00610	0.00369	0.01091
35	0.67363	0.14084	0.01444	0.00946	0.01397	0.01734	0.00814	0.02017	0.01203	0.02821	0.00952	0.01109	0.00764	0.00627	0.00426	0.00201	0.00564	0.00370	0.00401	0.00764
36	0.03070	0.01164	0.01588	0.01217	0.01746	0.01006	0.01006	0.03334	0.01958	0.72163	0.02699	0.02329	0.01694	0.00847	0.00688	0.00212	0.00582	0.00688	0.00847	0.01164
37	0.02500	0.05573	0.02031	0.01829	0.04796	0.64882	0.01346	0.05694	0.01963	0.01813	0.01089	0.01265	0.00902	0.00703	0.00616	0.00178	0.01179	0.00453	0.00365	0.00824
38	0.00968	0.00699	0.00914	0.00861	0.01022	0.00646	0.00646	0.01291	0.01937	0.02743	0.71328	0.05110	0.06455	0.01399	0.00807	0.00215	0.00323	0.01237	0.00753	0.00646
39	0.02411	0.17827	0.02267	0.01645	0.02043	0.59163	0.01292	0.02596	0.01829	0.01661	0.01036	0.01207	0.00881	0.00681	0.00581	0.00170	0.01134	0.00426	0.00341	0.00810
40	0.01829	0.76368	0.03585	0.01171	0.01756	0.02707	0.01171	0.02049	0.01390	0.01610	0.00951	0.01097	0.00878	0.00585	0.00439	0.00146	0.00732	0.00366	0.00293	0.00878
41	0.01673	0.01708	0.04823	0.03949	0.60037	0.01640	0.11778	0.02115	0.01563	0.02227	0.01299	0.01709	0.01071	0.00606	0.00695	0.00208	0.00867	0.00635	0.00338	0.01059
42	0.00824	0.00694	0.00714	0.00709	0.00934	0.00584	0.00532	0.01012	0.01596	0.01935	0.13164	0.06441	0.65123	0.01700	0.00808	0.00229	0.00344	0.01424	0.00647	0.00584
43	0.01507	0.00876	0.01060	0.00936	0.01233	0.00797	0.00729	0.01890	0.07194	0.20151	0.26318	0.04706	0.27212	0.01336	0.00768	0.00221	0.00414	0.01132	0.00732	0.00789
44	0.00834	0.00595	0.00794	0.00953	0.00992	0.00556	0.00635	0.00953	0.01310	0.01746	0.03771	0.75510	0.04525	0.02143	0.00873	0.00278	0.00397	0.01945	0.00635	0.00556
45	0.02375	0.02960	0.01965	0.01768	0.02061	0.61092	0.01352	0.02547	0.01787	0.01670	0.01030	0.01279	0.00884	0.00789	0.00894	0.00197	0.13753	0.00468	0.00343	0.00786
46	0.01680	0.01612	0.02753	0.06535	0.69457	0.01622	0.02093	0.02088	0.01551	0.02219	0.01285	0.01698	0.01078	0.00612	0.00678	0.00204	0.00816	0.00610	0.00337	0.01073
47	0.00968	0.00699	0.00914	0.00861	0.01022	0.00646	0.00646	0.01291	0.01937	0.02743	0.71328	0.05110	0.06455	0.01399	0.00807	0.00215	0.00323	0.01237	0.00753	0.00646
48	0.00834	0.00595	0.00794	0.00953	0.00992	0.00556	0.00635	0.00953	0.01310	0.01746	0.03771	0.75510	0.04525	0.02143	0.00873	0.00278	0.00397	0.01945	0.00635	0.00556
49	0.00834	0.00595	0.00794	0.00953	0.00992	0.00556	0.00635	0.00953	0.01310	0.01746	0.03771	0.75510	0.04525	0.02143	0.00873	0.00278	0.00397	0.01945	0.00635	0.00556
50	0.00963	0.00699	0.00908	0.00856	0.01019	0.00643	0.00642	0.01282	0.01925	0.02716	0.69368	0.05155	0.08432	0.01409	0.00807	0.00216	0.00323	0.01244	0.00750	0.00643
51	0.80789	0.01323	0.01006	0.00900	0.01323	0.01535	0.00741	0.02011	0.01164	0.03070	0.00953	0.01111	0.00741	0.00635	0.00423	0.00212	0.00529	0.00370	0.00423	0.00741
52	0.01734	0.01486	0.01565	0.01399	0.01791	0.01717	0.01091	0.06005	0.68030	0.02914	0.02743	0.02520	0.02055	0.00924	0.00696	0.00231	0.00549	0.00768	0.00696	0.01086
53	0.01682	0.14327	0.02853	0.09626	0.54095	0.01801	0.01924	0.02061	0.01513	0.02087	0.01224	0.01603	0.01034	0.00612	0.00637	0.00196	0.00807	0.00568	0.00328	0.01021
54	0.01702	0.01470	0.01547	0.01392	0.01779	0.01702	0.01083	0.03635	0.70453	0.02862	0.02785	0.02553	0.02088	0.00928	0.00696	0.00232	0.00541	0.00773	0.00696	0.01083
55	0.02226	0.01763	0.02023	0.01613	0.02054	0.02019	0.03553	0.44018	0.16531	0.03562	0.01759	0.01813	0.01309	0.00889	0.00916	0.00225	0.11376	0.00652	0.00620	0.01079
56	0.01691	0.01314	0.01394	0.01256	0.01610	0.01489	0.00976	0.03274	0.55601	0.05937	0.02686	0.02542	0.02014	0.00902	0.00659	0.00219	0.00505	0.00746	0.14174	0.01011
57	0.01013	0.00709	0.01064	0.01064	0.01165	0.00811	0.00811	0.01165	0.01064	0.01520	0.01722	0.02584	0.01621	0.04660	0.61167	0.14620	0.01621	0.00709	0.00355	0.00557
58	0.00830	0.00694	0.00723	0.00716	0.00937	0.00587	0.00537	0.01024	0.01610	0.01969	0.15632	0.06385	0.62634	0.01688	0.00808	0.00229	0.00343	0.01416	0.00651	0.00587
59	0.80789	0.01323	0.01006	0.00900	0.01323	0.01535	0.00741	0.02011	0.01164	0.03070	0.00953	0.01111	0.00741	0.00635	0.00423	0.00212	0.00529	0.00370	0.00423	0.00741
60	0.01679	0.01699	0.05299	0.03968	0.63959	0.01631	0.04975	0.02157	0.03839	0.02252	0.01339	0.01719	0.01107	0.00620	0.00683	0.00206	0.00826	0.00620	0.00349	0.01074
61	0.01419	0.01216	0.01419	0.01013	0.01621	0.00912	0.00811	0.01723	0.01419	0.02229	0.01216	0.01419	0.01013	0.00507	0.00507	0.00101	0.00507	0.00405	0.00405	0.80139
62	0.00935	0.00694	0.00871	0.00835	0.01004	0.00630	0.00623	0.01223	0.01846	0.02547	0.57366	0.08095	0.17826	0.01486	0.00810	0.00220	0.00330	0.01301	0.00728	0.00630
63	0.00968	0.00699	0.00914	0.00861	0.01022	0.00646	0.00646	0.01291	0.01937	0.02743	0.71328	0.05110	0.06455	0.01399	0.00807	0.00215	0.00323	0.01237	0.00753	0.00646
64	0.01616	0.01524	0.04851	0.01409	0.01893	0.01512	0.04785	0.03041	0.47369	0.02645	0.02269	0.02198	0.01723	0.00797	0.00656	0.00201	0.00588	0.00677	0.00590	0.19656
65	0.02521	0.06763	0.02018	0.01734	0.02098	0.69832	0.01315	0.02699	0.01912	0.01671	0.01052	0.01227	0.00881	0.00699	0.00608	0.00175	0.01210	0.00437	0.00350	0.00797
66	0.03070	0.01164	0.01588	0.01217	0.01746	0.01006	0.01006	0.03334	0.01958	0.72163	0.02699	0.02329	0.01694	0.00847	0.00688	0.00212	0.00582	0.00688	0.00847	0.01164
67	0.02117	0.01095	0.01366	0.01143	0.01532	0.01055	0.00910	0.02776	0.17705	0.35327	0.20414	0.03282	0.06146	0.01046	0.00726	0.00218	0.00496	0.00882	0.00779	0.00987
68	0.00962	0.00699	0.00906	0.00854	0.01018	0.00643	0.00641	0.01279	0.01922	0.02709	0.68835	0.05167	0.08969	0.01412	0.00807	0.00216	0.00324	0.01245	0.00749	0.00643
69	0.01403	0.01459	0.05100	0.01684	0.01751	0.01861	0.01434	0.01598	0.01074	0.01660	0.01072	0.01697	0.01035	0.01843	0.14271	0.00432	0.58961	0.00617	0.00310	0.00737
70	0.03070	0.01164	0.01588	0.01217	0.01746	0.01006	0.01006	0.03334	0.01958	0.72163	0.02699	0.02329	0.01694	0.00847	0.00688	0.00212	0.00582	0.00688	0.00847	0.01164
71	0.01086	0.00830	0.01012	0.00944	0.01147	0.00822	0.00714	0.01677	0.13594	0.02723	0.56742	0.04741	0.08643	0.01334	0.00788	0.00219	0.00361	0.01168	0.00738	0.00717
72	0.00968	0.00699	0.00914	0.00861	0.01022	0.00646	0.00646	0.01291	0.01937	0.02743	0.71328	0.05110	0.06455	0.01399	0.00807	0.00215	0.00323	0.01237	0.00753	0.00646
73	0.01372	0.03539	0.72412	0.01950	0.02961	0.01589	0.02528	0.02167	0.01444	0.02167	0.01228	0.01444	0.00867	0.00650	0.00650	0.00217	0.01011	0.00506	0.00289	0.01011
74	0.01544	0.03452	0.62264	0.01916	0.02839	0.09451	0.02353	0.04551	0.01560	0.02187	0.01223	0.01428	0.00878	0.00662	0.00648	0.00212	0.01027	0.00502	0.00310	0.00992
75	0.01615	0.01845	0.04037	0.02884	0.03576	0.01730	0.69204	0.02191	0.01615	0.02191	0.01384	0.01845	0.01038	0.00577	0.00807	0.00231	0.01153	0.00807	0.00346	0.00923
76	0.60917	0.01213	0.01014	0.00949	0.01304	0.01384	0.00751	0.01965	0.06813	0.02830	0.01575	0.13747	0.01487	0.00913	0.00521	0.00224	0.00508	0.00668	0.00481	0.00738
77	0.00981	0.00772	0.01133	0.01508	0.13092	0.00739	0.00886	0.01149	0.01352	0.01830	0.03346	0.62876	0.03936	0.01881	0.00840	0.00265	0.00468	0.01716	0.00584	0.00646
78	0.02185	0.40520	0.02778	0.01461	0.01932	0.37278	0.01245	0.02384	0.01659	0.01641	0.01003	0.01164	0.00880	0.00644	0.00526	0.00161	0.00978	0.00403	0.00322	0.00836
79	0.01653	0.31257	0.02634	0.01902	0.19851	0.01812	0.01288	0.01950	0.01443	0.01984	0.01129	0.01362	0.00978	0.00565	0.00524	0.00146	0.00676	0.00443	0.00343	0.28060
80	0.01693	0.01626	0.02777	0.04199	0.71689	0.01626	0.02100	0.02100	0.01558	0.02235	0.01287	0.01693	0.01084	0.00610	0.00677	0.00203	0.00813	0.00610	0.00339	0.01084
81	0.00968	0.00699	0.00914	0.00861	0.01022	0.00646	0.00646	0.01291	0.01937	0.02743	0.71328	0.05110	0.06455	0.01399	0.00807	0.00215	0.00323	0.01237	0.00753	0.00646
82	0.00897	0.00699	0.00816	0.00794	0.00989	0.00618	0.00601	0.01148	0.01745	0.02295	0.38468	0.05898	0.37241	0.01574	0.00812	0.00226	0.00344	0.03529	0.00693	0.00613
83	0.00968	0.00699	0.00914	0.00861	0.01022	0.00646	0.00646	0.01291	0.01937	0.02743	0.71328	0.05110	0.06455	0.01399	0.00807	0.00215	0.00323	0.01237	0.00753	0.00646
84	0.00995	0.00663	0.00746	0.00746	0.00746	0.00663	0.00415	0.00995	0.00995	0.01327	0.02156	0.04477	0.02487	0.75957	0.03482	0.00663	0.00663	0.00995	0.00415	0.00415
85	0.01693	0.01626	0.02777	0.04199	0.71689	0.01626	0.02100	0.02100	0.01558	0.02235	0.01287	0.01693	0.01084	0.00610	0.00677	0.00203	0.00813	0.00610	0.00339	0.01084
86	0.00977	0.00733	0.01100	0.01100	0.01222	0.00855	0.00855	0.01222	0.01100	0.01588	0.01833	0.02688	0.01710	0.05131	0.73245	0.01100	0.01833	0.00733	0.00367	0.00611
87	0.01693	0.01626	0.02777	0.04199	0.71689	0.01626	0.02100	0.02100	0.01558	0.02235	0.01287	0.01693	0.01084	0.00610	0.00677	0.00203	0.00813	0.00610	0.00339	0.01084
88	0.01621	0.01533	0.02521	0.09521	0.56073	0.01514	0.01897	0.02016	0.01522	0.02194	0.01271	0.01664	0.01059	0.00601	0.00653	0.00191	0.00777	0.00580	0.00345	0.12445
89	0.01693	0.01626	0.02777	0.04199	0.71689	0.01626	0.02100	0.02100	0.01558	0.02235	0.01287	0.01693	0.01084	0.00610	0.00677	0.00203	0.00813	0.00610	0.00339	0.01084
90	0.01693	0.01626	0.02777	0.04199	0.71689	0.01626	0.02100	0.02100	0.01558	0.02235	0.01287	0.01693	0.01084	0.00610	0.00677	0.00203	0.00813	0.00610	0.00339	0.01084
91	0.02251	0.02725	0.02086	0.02119	0.12083	0.50780	0.01464	0.02456	0.01732	0.01750	0.01063	0.01345	0.00913	0.00775	0.00903	0.00201	0.13692	0.00492	0.00341	0.00827
92	0.00977	0.00733	0.01100	0.01100	0.01222	0.00855	0.00855	0.01222	0.01100	0.01588	0.01833	0.02688	0.01710	0.05131	0.73245	0.01100	0.01833	0.00733	0.00367	0.00611
93	0.01292	0.01216	0.02052	0.74312	0.04712	0.01520	0.01900	0.01748	0.01368	0.01748	0.01216	0.01824	0.00912	0.00684	0.00684	0.00228	0.00912	0.00608	0.00304	0.00760
94	0.01292	0.01216	0.02052	0.74312	0.04712	0.01520	0.01900	0.01748	0.01368	0.01748	0.01216	0.01824	0.00912	0.00684	0.00684	0.00228	0.00912	0.00608	0.00304	0.00760
95	0.02418	0.02998	0.01869	0.01709	0.02056	0.63849	0.01292	0.02754	0.07900	0.01794	0.01319	0.01628	0.01118	0.00776	0.00638	0.00187	0.01147	0.03344	0.00394	0.00811
96	0.00809	0.00693	0.00693	0.00693	0.00924	0.00578	0.00520	0.00982	0.01559	0.01848	0.06931	0.06584	0.71411	0.01733	0.00809	0.00231	0.00347	0.01444	0.00635	0.00578
97	0.80789	0.01323	0.01006	0.00900	0.01323	0.01535	0.00741	0.02011	0.01164	0.03070	0.00953	0.01111	0.00741	0.00635	0.00423	0.00212	0.00529	0.00370	0.00423	0.00741
98	0.01497	0.01497	0.02095	0.01796	0.01796	0.02095	0.01497	0.01646	0.01048	0.01646	0.00898	0.01497	0.00898	0.01197	0.02245	0.00299	0.74704	0.00599	0.00299	0.00748
99	0.01292	0.01216	0.02052	0.74312	0.04712	0.01520	0.01900	0.01748	0.01368	0.01748	0.01216	0.01824	0.00912	0.00684	0.00684	0.00228	0.00912	0.00608	0.00304	0.00760
100	0.01615	0.01845	0.04037	0.02884	0.03576	0.01730	0.69204	0.02191	0.01615	0.02191	0.01384	0.01845	0.01038	0.00577	0.00807	0.00231	0.01153	0.00807	0.00346	0.00923
101	0.01483	0.01331	0.01448	0.01056	0.01649	0.04984	0.00839	0.01779	0.01448	0.02198	0.01207	0.01408	0.01006	0.00518	0.00513	0.00106	0.00548	0.00407	0.00402	0.75670
102	0.01937	0.02321	0.01584	0.01448	0.01728	0.44753	0.01099	0.02119	0.01766	0.01775	0.06466	0.02810	0.18789	0.01044	0.00819	0.00203	0.07423	0.00750	0.00441	0.00727
103	0.01703	0.01448	0.01542	0.01392	0.01772	0.01666	0.01092	0.06056	0.63972	0.02872	0.02788	0.02808	0.02157	0.00978	0.00710	0.00236	0.00555	0.04502	0.00692	0.01060
104	0.05769	0.01222	0.01993	0.70178	0.04521	0.01521	0.01835	0.01763	0.01357	0.01822	0.01201	0.01784	0.00902	0.00681	0.00669	0.00227	0.00890	0.00595	0.00311	0.00759
105	0.00911	0.00757	0.00774	0.00755	0.00995	0.00663	0.00569	0.04834	0.01641	0.01982	0.06481	0.09608	0.64251	0.01701	0.00805	0.00232	0.00372	0.01421	0.00638	0.00610
106	0.01397	0.01287	0.02109	0.64728	0.09809	0.01562	0.01882	0.05586	0.01487	0.01930	0.01246	0.01804	0.00940	0.00686	0.00683	0.00225	0.00895	0.00609	0.00328	0.00808
107	0.00847	0.00738	0.00772	0.00755	0.00973	0.00663	0.00575	0.01019	0.01531	0.01837	0.06591	0.06298	0.67440	0.01703	0.00889	0.00235	0.04534	0.01396	0.00616	0.00587
108	0.01682	0.01601	0.01534	0.05520	0.01907	0.13662	0.01161	0.02861	0.39049	0.02430	0.04572	0.03399	0.02315	0.01083	0.00735	0.00238	0.00692	0.14043	0.00604	0.00912
109	0.49321	0.01697	0.06073	0.01184	0.01676	0.05668	0.01030	0.16672	0.01719	0.07577	0.01236	0.01332	0.00909	0.00694	0.00522	0.00209	0.00653	0.00456	0.00494	0.00880
110	0.00909	0.00762	0.00770	0.00743	0.00992	0.00665	0.00564	0.04835	0.01653	0.01987	0.06633	0.06306	0.67455	0.01681	0.00802	0.00230	0.00369	0.01397	0.00638	0.00611

[dist]
# distance from previous block
# <min> <max>
0	3

[block]
# block no. 4 follows, 31 sequences, length 12
# corresponding to MSA columns:
# 243-254
name=unknown_E
#
# <colnr> <probs for GDERKNQSTAVLIFYWHMCP>
#	G	D	E	R	K	N	Q	S	T	A	V	L	I	F	Y	W	H	M	C	P
0	0.01609	0.01330	0.01640	0.19450	0.02474	0.01536	0.01296	0.06056	0.38955	0.04740	0.02447	0.02992	0.01980	0.00985	0.00725	0.00240	0.00656	0.09344	0.00595	0.00950
1	0.80789	0.01323	0.01006	0.00900	0.01323	0.01535	0.00741	0.02011	0.01164	0.03070	0.00953	0.01111	0.00741	0.00635	0.00423	0.00212	0.00529	0.00370	0.00423	0.00741
2	0.01380	0.01026	0.01336	0.01217	0.01445	0.01169	0.00965	0.18120	0.01624	0.02263	0.01785	0.02429	0.01575	0.04063	0.55263	0.00878	0.01565	0.00704	0.00445	0.00748
3	0.01336	0.02109	0.25402	0.02038	0.02719	0.01399	0.30540	0.01884	0.01546	0.02098	0.02708	0.02890	0.18423	0.00887	0.00757	0.00226	0.00907	0.00867	0.00399	0.00866
4	0.01790	0.37686	0.15220	0.02117	0.19334	0.09436	0.01653	0.02152	0.01497	0.01868	0.01093	0.01320	0.00927	0.00615	0.00553	0.00176	0.00852	0.00458	0.00310	0.00944
5	0.01394	0.00964	0.01262	0.01154	0.01342	0.01075	0.00890	0.16443	0.01523	0.02100	0.01630	0.02302	0.01458	0.03481	0.39471	0.20476	0.01283	0.00672	0.00421	0.00657
6	0.01387	0.01216	0.01576	0.19179	0.02387	0.01063	0.01081	0.01729	0.01406	0.02110	0.01216	0.01519	0.00988	0.00551	0.00551	0.00133	0.00607	0.00456	0.00380	0.60467
7	0.02292	0.01123	0.01621	0.01665	0.12226	0.01031	0.01181	0.02593	0.01802	0.41509	0.05373	0.03676	0.02342	0.01091	0.00755	0.00236	0.00619	0.17152	0.00712	0.01000
8	0.01341	0.00936	0.01137	0.01045	0.01269	0.00939	0.00791	0.12843	0.05316	0.05958	0.36417	0.21724	0.04658	0.01438	0.00792	0.00230	0.00436	0.01261	0.00714	0.00755
9	0.01582	0.01363	0.01493	0.01232	0.01712	0.01368	0.00968	0.02828	0.41305	0.02595	0.02122	0.02074	0.01634	0.00750	0.00616	0.00177	0.00527	0.00618	0.00573	0.34462
10	0.01209	0.01102	0.01022	0.01083	0.01182	0.13283	0.00761	0.01334	0.01376	0.01669	0.02878	0.36138	0.03308	0.20152	0.01484	0.00360	0.00639	0.09917	0.00530	0.00572
11	0.01620	0.19671	0.11420	0.01191	0.01755	0.03433	0.01132	0.01965	0.01571	0.08699	0.13515	0.02068	0.01970	0.00738	0.00582	0.00160	0.00624	0.00582	0.00463	0.26841

[dist]
# distance from previous block
# <min> <max>
0	20

# created by:
# /st0/software/busco_prod/Augustus/scripts/msa2prfl.pl ./align_prep/166515.fa
