[name]
unknown

[dist]
# distance from previous block
# <min> <max>
10	16

[block]
# block no. 0 follows, 31 sequences, length 7
# corresponding to MSA columns:
# 16-22
name=unknown_A
#
# <colnr> <probs for GDERKNQSTAVLIFYWHMCP>
#	G	D	E	R	K	N	Q	S	T	A	V	L	I	F	Y	W	H	M	C	P
0	0.01089	0.00803	0.00956	0.00964	0.01093	0.00785	0.00655	0.05015	0.06293	0.01888	0.02904	0.39567	0.03285	0.23084	0.01570	0.00367	0.00513	0.01386	0.00560	0.07224
1	0.04065	0.01160	0.01082	0.01019	0.01221	0.10279	0.00732	0.07526	0.01602	0.05887	0.07041	0.17584	0.16579	0.19519	0.01414	0.00333	0.00603	0.01136	0.00560	0.00656
2	0.01014	0.00717	0.00872	0.00941	0.01063	0.00684	0.00653	0.01295	0.07211	0.04988	0.04097	0.48694	0.16110	0.07036	0.01020	0.00289	0.00427	0.01633	0.00634	0.00622
3	0.00920	0.00715	0.00824	0.00854	0.01006	0.00667	0.00607	0.01208	0.06327	0.01984	0.15335	0.27587	0.29621	0.07897	0.01042	0.00279	0.00399	0.01485	0.00640	0.00603
4	0.01954	0.01451	0.01629	0.01267	0.01783	0.01432	0.01022	0.24451	0.13556	0.08487	0.06321	0.01993	0.01650	0.00765	0.00630	0.00173	0.00587	0.00612	0.00603	0.29632
5	0.01155	0.05914	0.01270	0.01159	0.03477	0.05946	0.00829	0.01313	0.01402	0.01808	0.10371	0.28322	0.13391	0.10098	0.01270	0.00293	0.09548	0.01273	0.00530	0.00630
6	0.02520	0.01769	0.01921	0.01484	0.02008	0.01921	0.01222	0.59063	0.02996	0.10015	0.02092	0.02036	0.05961	0.00885	0.00693	0.00208	0.00711	0.00678	0.00695	0.01124

[dist]
# distance from previous block
# <min> <max>
3	16

[block]
# block no. 1 follows, 31 sequences, length 21
# corresponding to MSA columns:
# 39-59
name=unknown_B
#
# <colnr> <probs for GDERKNQSTAVLIFYWHMCP>
#	G	D	E	R	K	N	Q	S	T	A	V	L	I	F	Y	W	H	M	C	P
0	0.04142	0.01096	0.01345	0.01049	0.01523	0.00880	0.02995	0.01584	0.01433	0.02209	0.06488	0.14655	0.01994	0.00862	0.00598	0.00148	0.00497	0.00744	0.00468	0.55289
1	0.02241	0.01712	0.01835	0.01486	0.01958	0.01910	0.01199	0.46707	0.22179	0.03749	0.02092	0.06262	0.01624	0.00930	0.00699	0.00217	0.00672	0.00739	0.00685	0.01105
2	0.01721	0.01611	0.10689	0.19717	0.08028	0.01401	0.05218	0.08557	0.05757	0.11197	0.03606	0.04132	0.01401	0.00753	0.00669	0.00202	0.00755	0.00653	0.00474	0.13458
3	0.03070	0.01164	0.01588	0.01217	0.01746	0.01006	0.01006	0.03334	0.01958	0.72163	0.02699	0.02329	0.01694	0.00847	0.00688	0.00212	0.00582	0.00688	0.00847	0.01164
4	0.01471	0.01459	0.02046	0.01761	0.01767	0.02033	0.01465	0.01625	0.01050	0.01644	0.00945	0.01556	0.00939	0.01394	0.05801	0.00339	0.71055	0.00605	0.00303	0.00742
5	0.02009	0.03989	0.01864	0.05748	0.12023	0.01350	0.04167	0.08083	0.12833	0.22875	0.13131	0.02688	0.04369	0.00906	0.00706	0.00214	0.00624	0.00783	0.00643	0.00997
6	0.01339	0.03098	0.59824	0.05599	0.02892	0.01502	0.04592	0.02065	0.01492	0.02200	0.07746	0.01818	0.01394	0.00719	0.00672	0.00218	0.00947	0.00589	0.00335	0.00961
7	0.00834	0.00595	0.00794	0.00953	0.00992	0.00556	0.00635	0.00953	0.01310	0.01746	0.03771	0.75510	0.04525	0.02143	0.00873	0.00278	0.00397	0.01945	0.00635	0.00556
8	0.01575	0.01178	0.01335	0.01274	0.04548	0.01239	0.00938	0.04937	0.33015	0.10192	0.07120	0.06992	0.20403	0.01190	0.00737	0.00229	0.00497	0.01003	0.00681	0.00917
9	0.02104	0.07904	0.02230	0.08986	0.16335	0.25323	0.01501	0.11253	0.06910	0.04577	0.01360	0.01574	0.01079	0.00740	0.00735	0.00201	0.05281	0.00550	0.00423	0.00935
10	0.01073	0.00856	0.01211	0.01158	0.01235	0.01041	0.00887	0.01255	0.01071	0.01549	0.01726	0.02811	0.01711	0.17754	0.47429	0.00874	0.14637	0.00758	0.00364	0.00598
11	0.80789	0.01323	0.01006	0.00900	0.01323	0.01535	0.00741	0.02011	0.01164	0.03070	0.00953	0.01111	0.00741	0.00635	0.00423	0.00212	0.00529	0.00370	0.00423	0.00741
12	0.00980	0.00657	0.00751	0.00766	0.00769	0.00653	0.00435	0.00991	0.01025	0.01366	0.02308	0.11188	0.02680	0.68983	0.03236	0.00627	0.00638	0.01085	0.00435	0.00428
13	0.01419	0.01216	0.01419	0.01013	0.01621	0.00912	0.00811	0.01723	0.01419	0.02229	0.01216	0.01419	0.01013	0.00507	0.00507	0.00101	0.00507	0.00405	0.00405	0.80139
14	0.01009	0.00808	0.00855	0.00802	0.01042	0.00737	0.00605	0.07490	0.01739	0.02177	0.15038	0.05806	0.52304	0.05414	0.00934	0.00249	0.00398	0.01314	0.00645	0.00634
15	0.80789	0.01323	0.01006	0.00900	0.01323	0.01535	0.00741	0.02011	0.01164	0.03070	0.00953	0.01111	0.00741	0.00635	0.00423	0.00212	0.00529	0.00370	0.00423	0.00741
16	0.00834	0.00595	0.00794	0.00953	0.00992	0.00556	0.00635	0.00953	0.01310	0.01746	0.03771	0.75510	0.04525	0.02143	0.00873	0.00278	0.00397	0.01945	0.00635	0.00556
17	0.00834	0.00595	0.00794	0.00953	0.00992	0.00556	0.00635	0.00953	0.01310	0.01746	0.03771	0.75510	0.04525	0.02143	0.00873	0.00278	0.00397	0.01945	0.00635	0.00556
18	0.01419	0.01216	0.01419	0.01013	0.01621	0.00912	0.00811	0.01723	0.01419	0.02229	0.01216	0.01419	0.01013	0.00507	0.00507	0.00101	0.00507	0.00405	0.00405	0.80139
19	0.02104	0.01379	0.01852	0.06327	0.12619	0.01420	0.03244	0.17278	0.10452	0.21062	0.04351	0.10907	0.01948	0.00969	0.00716	0.00221	0.00657	0.00836	0.00638	0.01021
20	0.02436	0.09100	0.02025	0.01521	0.01988	0.26375	0.01221	0.23106	0.09605	0.11099	0.01614	0.01625	0.01198	0.00764	0.00634	0.00190	0.00865	0.00551	0.00546	0.03537

[dist]
# distance from previous block
# <min> <max>
0	1

[block]
# block no. 2 follows, 31 sequences, length 103
# corresponding to MSA columns:
# 61-163
name=unknown_C
#
# <colnr> <probs for GDERKNQSTAVLIFYWHMCP>
#	G	D	E	R	K	N	Q	S	T	A	V	L	I	F	Y	W	H	M	C	P
0	0.00968	0.00699	0.00914	0.00861	0.01022	0.00646	0.00646	0.01291	0.01937	0.02743	0.71328	0.05110	0.06455	0.01399	0.00807	0.00215	0.00323	0.01237	0.00753	0.00646
1	0.01680	0.01795	0.07306	0.05074	0.15303	0.14992	0.08282	0.05375	0.03556	0.05112	0.06432	0.17864	0.02167	0.01043	0.00729	0.00221	0.00805	0.00927	0.00476	0.00858
2	0.22090	0.18465	0.03953	0.01474	0.05672	0.13634	0.01183	0.13528	0.07595	0.04598	0.01315	0.01414	0.01028	0.00696	0.00553	0.00192	0.00758	0.00482	0.00453	0.00917
3	0.01026	0.00804	0.01193	0.01165	0.01275	0.00971	0.00915	0.01261	0.01095	0.01594	0.01745	0.02576	0.01634	0.04763	0.66604	0.01025	0.08649	0.00720	0.00360	0.00624
4	0.01963	0.05076	0.01650	0.01313	0.01699	0.03528	0.01041	0.18080	0.27094	0.11548	0.04330	0.02471	0.01872	0.08006	0.06925	0.00328	0.00734	0.00728	0.00632	0.00981
5	0.00846	0.00643	0.00779	0.00855	0.00975	0.00576	0.00599	0.01013	0.01485	0.01929	0.14921	0.42569	0.26543	0.01898	0.00842	0.00253	0.00369	0.01676	0.00653	0.00576
6	0.02512	0.07700	0.02039	0.01727	0.02093	0.68929	0.01313	0.02690	0.01905	0.01670	0.01051	0.01225	0.00881	0.00698	0.00606	0.00174	0.01203	0.00436	0.00349	0.00798
7	0.01755	0.01771	0.08486	0.10491	0.10167	0.01731	0.17982	0.12201	0.07075	0.05323	0.01466	0.01770	0.01120	0.00761	0.00932	0.00227	0.11646	0.00656	0.00429	0.04010
8	0.01761	0.01478	0.01571	0.01383	0.01782	0.01678	0.01081	0.10969	0.57723	0.02962	0.02638	0.05217	0.02039	0.00948	0.00695	0.00226	0.00559	0.00788	0.00682	0.03819
9	0.02395	0.01814	0.01937	0.01533	0.02043	0.02026	0.01251	0.54371	0.18588	0.03980	0.01904	0.01851	0.01375	0.00846	0.00687	0.00211	0.00705	0.00652	0.00687	0.01145
10	0.80789	0.01323	0.01006	0.00900	0.01323	0.01535	0.00741	0.02011	0.01164	0.03070	0.00953	0.01111	0.00741	0.00635	0.00423	0.00212	0.00529	0.00370	0.00423	0.00741
11	0.01658	0.40713	0.22004	0.01409	0.02036	0.05688	0.01507	0.03696	0.01526	0.01954	0.08540	0.01651	0.01476	0.00719	0.00602	0.00180	0.02883	0.00513	0.00354	0.00889
12	0.00995	0.00663	0.00746	0.00746	0.00746	0.00663	0.00415	0.00995	0.00995	0.01327	0.02156	0.04477	0.02487	0.75957	0.03482	0.00663	0.00663	0.00995	0.00415	0.00415
13	0.02178	0.01399	0.01593	0.01290	0.01710	0.01464	0.01034	0.32832	0.07744	0.17335	0.10682	0.06549	0.06022	0.03944	0.00826	0.00233	0.00606	0.00847	0.00711	0.01002
14	0.00924	0.00679	0.00866	0.00859	0.01005	0.00621	0.00629	0.01191	0.01773	0.02450	0.50994	0.18803	0.13504	0.01580	0.00820	0.00229	0.00340	0.01397	0.00717	0.00621
15	0.01821	0.22642	0.04233	0.01606	0.09094	0.12950	0.01206	0.12824	0.01724	0.02117	0.01656	0.05727	0.03974	0.11505	0.01076	0.00258	0.03665	0.00666	0.00418	0.00838
16	0.00850	0.00602	0.00789	0.00931	0.00967	0.00567	0.00612	0.00957	0.01277	0.01703	0.03602	0.68078	0.04312	0.09866	0.01146	0.00318	0.00425	0.01846	0.00612	0.00541
17	0.53734	0.01445	0.01366	0.07062	0.05233	0.05695	0.01027	0.01970	0.01252	0.02654	0.02988	0.01366	0.00962	0.00734	0.00709	0.00222	0.09962	0.00459	0.00399	0.00761
18	0.43932	0.16517	0.05415	0.01112	0.01554	0.03753	0.00999	0.02025	0.01273	0.05803	0.01126	0.01343	0.00916	0.01053	0.06807	0.00279	0.04466	0.00437	0.00397	0.00794
19	0.02295	0.01451	0.01854	0.01820	0.13982	0.01459	0.01248	0.14868	0.17205	0.26233	0.02150	0.02063	0.01519	0.00788	0.00671	0.00204	0.00637	0.00655	0.00656	0.08243
20	0.01275	0.00638	0.00638	0.00638	0.00797	0.00638	0.00478	0.01594	0.01435	0.02551	0.02232	0.02551	0.01754	0.00797	0.00478	0.00159	0.00319	0.00638	0.79755	0.00638
21	0.01593	0.01523	0.02596	0.21676	0.54993	0.01599	0.02050	0.02012	0.01510	0.02114	0.01269	0.01726	0.01041	0.00628	0.00679	0.00209	0.00837	0.00609	0.00330	0.01003
22	0.00857	0.00675	0.00754	0.00772	0.00937	0.00593	0.00552	0.01032	0.01534	0.01942	0.17272	0.17950	0.42548	0.08214	0.01052	0.00274	0.00379	0.01454	0.00637	0.00572
23	0.01658	0.01432	0.01505	0.01358	0.01737	0.01647	0.01055	0.03506	0.67096	0.02812	0.02987	0.02749	0.05467	0.00967	0.00702	0.00232	0.00532	0.00806	0.00693	0.01058
24	0.00834	0.00595	0.00794	0.00953	0.00992	0.00556	0.00635	0.00953	0.01310	0.01746	0.03771	0.75510	0.04525	0.02143	0.00873	0.00278	0.00397	0.01945	0.00635	0.00556
25	0.01419	0.01216	0.01419	0.01013	0.01621	0.00912	0.00811	0.01723	0.01419	0.02229	0.01216	0.01419	0.01013	0.00507	0.00507	0.00101	0.00507	0.00405	0.00405	0.80139
26	0.01419	0.01216	0.01419	0.01013	0.01621	0.00912	0.00811	0.01723	0.01419	0.02229	0.01216	0.01419	0.01013	0.00507	0.00507	0.00101	0.00507	0.00405	0.00405	0.80139
27	0.01829	0.76368	0.03585	0.01171	0.01756	0.02707	0.01171	0.02049	0.01390	0.01610	0.00951	0.01097	0.00878	0.00585	0.00439	0.00146	0.00732	0.00366	0.00293	0.00878
28	0.02556	0.03261	0.01939	0.01763	0.02115	0.73210	0.01322	0.02732	0.01939	0.01674	0.01058	0.01234	0.00881	0.00705	0.00617	0.00176	0.01234	0.00441	0.00353	0.00793
29	0.00977	0.00733	0.01100	0.01100	0.01222	0.00855	0.00855	0.01222	0.01100	0.01588	0.01833	0.02688	0.01710	0.05131	0.73245	0.01100	0.01833	0.00733	0.00367	0.00611
30	0.00852	0.00620	0.00804	0.00915	0.00991	0.00572	0.00627	0.01008	0.01429	0.01911	0.14572	0.58488	0.10702	0.01991	0.00857	0.00264	0.00381	0.01791	0.00653	0.00572
31	0.03070	0.01164	0.01588	0.01217	0.01746	0.01006	0.01006	0.03334	0.01958	0.72163	0.02699	0.02329	0.01694	0.00847	0.00688	0.00212	0.00582	0.00688	0.00847	0.01164
32	0.01766	0.01442	0.01542	0.01375	0.01761	0.01645	0.01072	0.06795	0.61333	0.05750	0.02766	0.05592	0.02129	0.00971	0.00703	0.00232	0.00548	0.00812	0.00699	0.01068
33	0.00978	0.00730	0.01082	0.01082	0.01198	0.00846	0.00833	0.01210	0.01094	0.01575	0.01849	0.02777	0.01749	0.08669	0.69761	0.01078	0.01774	0.00746	0.00369	0.00601
34	0.02601	0.01916	0.02053	0.01574	0.02122	0.02122	0.01300	0.69408	0.03217	0.04312	0.01643	0.01643	0.01163	0.00821	0.00684	0.00205	0.00753	0.00616	0.00684	0.01163
35	0.01851	0.09873	0.05437	0.09195	0.36916	0.14686	0.01773	0.05557	0.01666	0.02127	0.01216	0.01535	0.01003	0.00639	0.00635	0.00191	0.00883	0.00541	0.00351	0.03924
36	0.01583	0.01485	0.02397	0.10167	0.51474	0.01530	0.01834	0.02141	0.08849	0.02265	0.05177	0.02175	0.04425	0.00737	0.00692	0.00210	0.00749	0.00694	0.00407	0.01010
37	0.00880	0.00696	0.00792	0.00768	0.00968	0.00608	0.00576	0.01120	0.01727	0.02247	0.35630	0.05927	0.42463	0.01584	0.00808	0.00224	0.00336	0.01352	0.00688	0.00608
38	0.01745	0.01483	0.01696	0.13723	0.02317	0.01724	0.01248	0.11567	0.50359	0.02856	0.02377	0.02315	0.01774	0.00874	0.00693	0.00228	0.00630	0.00726	0.00628	0.01038
39	0.80789	0.01323	0.01006	0.00900	0.01323	0.01535	0.00741	0.02011	0.01164	0.03070	0.00953	0.01111	0.00741	0.00635	0.00423	0.00212	0.00529	0.00370	0.00423	0.00741
40	0.01636	0.01567	0.02674	0.14166	0.62168	0.01611	0.02071	0.02050	0.01531	0.02166	0.01277	0.01712	0.01059	0.00620	0.00678	0.00207	0.00827	0.00609	0.00334	0.01038
41	0.00810	0.00688	0.00698	0.00706	0.00927	0.00576	0.00525	0.00980	0.01547	0.01843	0.06777	0.09943	0.68152	0.01753	0.00812	0.00233	0.00349	0.01468	0.00635	0.00576
42	0.01442	0.03314	0.05936	0.01098	0.01412	0.03776	0.00922	0.07711	0.05723	0.08656	0.46352	0.03927	0.04609	0.01177	0.00752	0.00212	0.00486	0.01007	0.00693	0.00795
43	0.01651	0.02178	0.20460	0.05628	0.15145	0.03591	0.27312	0.02187	0.01537	0.05952	0.01347	0.01701	0.01019	0.00670	0.00837	0.00225	0.06587	0.00657	0.00353	0.00963
44	0.54135	0.01983	0.01323	0.01194	0.01593	0.25955	0.00939	0.02257	0.01428	0.02594	0.00988	0.01153	0.00789	0.00659	0.00489	0.00200	0.00769	0.00394	0.00399	0.00759
45	0.01489	0.01447	0.02521	0.37158	0.31341	0.01602	0.07958	0.01925	0.01454	0.01979	0.01248	0.01761	0.00991	0.00664	0.00750	0.00221	0.03640	0.00626	0.00321	0.00904
46	0.00809	0.00693	0.00693	0.00693	0.00924	0.00578	0.00520	0.00982	0.01559	0.01848	0.06931	0.06584	0.71411	0.01733	0.00809	0.00231	0.00347	0.01444	0.00635	0.00578
47	0.02968	0.01218	0.01636	0.01264	0.01767	0.01114	0.01044	0.06470	0.01974	0.65334	0.02558	0.02254	0.01628	0.00863	0.00766	0.00216	0.04293	0.00680	0.00812	0.01143
48	0.04770	0.05361	0.61445	0.01862	0.02787	0.05215	0.02311	0.04687	0.01522	0.02244	0.01216	0.01418	0.00874	0.00657	0.00634	0.00212	0.00985	0.00497	0.00312	0.00991
49	0.00831	0.00604	0.00785	0.00929	0.00986	0.00558	0.00624	0.00955	0.01333	0.01756	0.04061	0.69186	0.10662	0.02106	0.00867	0.00274	0.00392	0.01899	0.00635	0.00558
50	0.01928	0.43367	0.08319	0.05433	0.02182	0.15953	0.05249	0.02216	0.01522	0.04332	0.01095	0.01290	0.00920	0.00646	0.00588	0.00174	0.03134	0.00448	0.00328	0.00875
51	0.80789	0.01323	0.01006	0.00900	0.01323	0.01535	0.00741	0.02011	0.01164	0.03070	0.00953	0.01111	0.00741	0.00635	0.00423	0.00212	0.00529	0.00370	0.00423	0.00741
52	0.00809	0.00693	0.00693	0.00693	0.00924	0.00578	0.00520	0.00982	0.01559	0.01848	0.06931	0.06584	0.71411	0.01733	0.00809	0.00231	0.00347	0.01444	0.00635	0.00578
53	0.01734	0.01572	0.02042	0.49518	0.03828	0.07941	0.01697	0.18997	0.01887	0.02392	0.01310	0.01726	0.00973	0.00721	0.00678	0.00218	0.00900	0.00595	0.00405	0.00865
54	0.00968	0.00699	0.00914	0.00861	0.01022	0.00646	0.00646	0.01291	0.01937	0.02743	0.71328	0.05110	0.06455	0.01399	0.00807	0.00215	0.00323	0.01237	0.00753	0.00646
55	0.01337	0.01230	0.02072	0.60811	0.13016	0.01476	0.01844	0.01740	0.01363	0.01775	0.01223	0.01823	0.00951	0.00780	0.00807	0.05186	0.00880	0.00607	0.00308	0.00773
56	0.03070	0.01164	0.01588	0.01217	0.01746	0.01006	0.01006	0.03334	0.01958	0.72163	0.02699	0.02329	0.01694	0.00847	0.00688	0.00212	0.00582	0.00688	0.00847	0.01164
57	0.00964	0.00650	0.00755	0.00785	0.00793	0.00643	0.00456	0.00987	0.01054	0.01406	0.02461	0.17905	0.02872	0.62003	0.02989	0.00590	0.00613	0.01174	0.00456	0.00441
58	0.00994	0.00666	0.00760	0.00760	0.00764	0.00671	0.00431	0.01004	0.00999	0.01337	0.02143	0.04408	0.02457	0.73231	0.06167	0.00680	0.00708	0.00985	0.00413	0.00422
59	0.01623	0.01643	0.03067	0.11977	0.43652	0.01644	0.22010	0.02086	0.01553	0.02165	0.01307	0.01754	0.01050	0.00608	0.00717	0.00214	0.00926	0.00668	0.00337	0.00998
60	0.01312	0.00710	0.00993	0.00951	0.00999	0.00728	0.00656	0.06911	0.01096	0.01463	0.01228	0.02041	0.01186	0.02240	0.02499	0.73076	0.00608	0.00596	0.00331	0.00373
61	0.01188	0.00594	0.00891	0.00891	0.00891	0.00594	0.00594	0.00891	0.00891	0.01188	0.01188	0.02080	0.01188	0.02377	0.02674	0.80095	0.00594	0.00594	0.00297	0.00297
62	0.25942	0.01710	0.01723	0.01359	0.01869	0.01903	0.01122	0.46735	0.02556	0.06579	0.01478	0.01511	0.01058	0.00767	0.00607	0.00207	0.00679	0.00546	0.00613	0.01037
63	0.00809	0.00690	0.00697	0.00702	0.00926	0.00577	0.00524	0.00981	0.01551	0.01845	0.06821	0.08972	0.69094	0.01747	0.00811	0.00233	0.00348	0.01461	0.00635	0.00577
64	0.01702	0.01470	0.01547	0.01392	0.01779	0.01702	0.01083	0.03635	0.70453	0.02862	0.02785	0.02553	0.02088	0.00928	0.00696	0.00232	0.00541	0.00773	0.00696	0.01083
65	0.80789	0.01323	0.01006	0.00900	0.01323	0.01535	0.00741	0.02011	0.01164	0.03070	0.00953	0.01111	0.00741	0.00635	0.00423	0.00212	0.00529	0.00370	0.00423	0.00741
66	0.00809	0.00693	0.00693	0.00693	0.00924	0.00578	0.00520	0.00982	0.01559	0.01848	0.06931	0.06584	0.71411	0.01733	0.00809	0.00231	0.00347	0.01444	0.00635	0.00578
67	0.01404	0.01330	0.02254	0.54739	0.23410	0.01549	0.01956	0.01846	0.01421	0.01884	0.01236	0.01787	0.00960	0.00663	0.00682	0.00221	0.00884	0.00608	0.00314	0.00850
68	0.02454	0.01774	0.01923	0.01503	0.02015	0.01940	0.01242	0.60353	0.03009	0.06435	0.02037	0.02213	0.04745	0.00920	0.00704	0.00212	0.00721	0.04007	0.00685	0.01108
69	0.02550	0.02056	0.02014	0.01588	0.02104	0.10670	0.01292	0.58085	0.06421	0.03921	0.01629	0.01639	0.01176	0.00813	0.00677	0.00203	0.00800	0.00603	0.00645	0.01115
70	0.80789	0.01323	0.01006	0.00900	0.01323	0.01535	0.00741	0.02011	0.01164	0.03070	0.00953	0.01111	0.00741	0.00635	0.00423	0.00212	0.00529	0.00370	0.00423	0.00741
71	0.01665	0.46121	0.25978	0.01640	0.05738	0.02252	0.04181	0.02095	0.01425	0.01844	0.01074	0.01268	0.00891	0.00607	0.00533	0.00175	0.00842	0.00440	0.00296	0.00933
72	0.02279	0.31140	0.02567	0.01537	0.01978	0.46324	0.01264	0.02471	0.01730	0.01650	0.01017	0.01182	0.00880	0.00659	0.00549	0.00165	0.01042	0.00412	0.00330	0.00825
73	0.00840	0.00606	0.00795	0.00934	0.00990	0.00562	0.00630	0.00973	0.01357	0.01806	0.07625	0.68136	0.08052	0.02082	0.00866	0.00272	0.00390	0.01881	0.00642	0.00562
74	0.01005	0.00738	0.00946	0.00887	0.01060	0.00699	0.00668	0.01409	0.05388	0.02749	0.67875	0.04982	0.06235	0.01375	0.00801	0.00216	0.00334	0.01214	0.00750	0.00668
75	0.00995	0.00663	0.00746	0.00746	0.00746	0.00663	0.00415	0.00995	0.00995	0.01327	0.02156	0.04477	0.02487	0.75957	0.03482	0.00663	0.00663	0.00995	0.00415	0.00415
76	0.01372	0.03539	0.72412	0.01950	0.02961	0.01589	0.02528	0.02167	0.01444	0.02167	0.01228	0.01444	0.00867	0.00650	0.00650	0.00217	0.01011	0.00506	0.00289	0.01011
77	0.00962	0.00699	0.00906	0.00854	0.01018	0.00643	0.00641	0.01279	0.01922	0.02709	0.68825	0.05168	0.08980	0.01412	0.00807	0.00216	0.00324	0.01245	0.00749	0.00643
78	0.70750	0.01303	0.01081	0.00941	0.01378	0.01466	0.00775	0.02182	0.01267	0.11994	0.01178	0.01269	0.00864	0.00662	0.00458	0.00212	0.00536	0.00411	0.00478	0.00796
79	0.11347	0.00824	0.01027	0.01108	0.01291	0.00837	0.00926	0.01432	0.01575	0.02298	0.17163	0.11641	0.04086	0.01647	0.00844	0.00278	0.00536	0.39871	0.00629	0.00642
80	0.00934	0.00689	0.00873	0.00846	0.01006	0.00628	0.00627	0.01217	0.01826	0.02528	0.56185	0.11845	0.15228	0.01514	0.00813	0.00223	0.00333	0.01331	0.00726	0.00628
81	0.01856	0.01546	0.01634	0.01423	0.01838	0.01774	0.01120	0.14892	0.58945	0.03110	0.02589	0.02397	0.01930	0.00910	0.00694	0.00227	0.00578	0.00747	0.00694	0.01097
82	0.03070	0.01164	0.01588	0.01217	0.01746	0.01006	0.01006	0.03334	0.01958	0.72163	0.02699	0.02329	0.01694	0.00847	0.00688	0.00212	0.00582	0.00688	0.00847	0.01164
83	0.01693	0.01626	0.02777	0.04199	0.71689	0.01626	0.02100	0.02100	0.01558	0.02235	0.01287	0.01693	0.01084	0.00610	0.00677	0.00203	0.00813	0.00610	0.00339	0.01084
84	0.00977	0.00733	0.01100	0.01100	0.01222	0.00855	0.00855	0.01222	0.01100	0.01588	0.01833	0.02688	0.01710	0.05131	0.73245	0.01100	0.01833	0.00733	0.00367	0.00611
85	0.01419	0.01216	0.01419	0.01013	0.01621	0.00912	0.00811	0.01723	0.01419	0.02229	0.01216	0.01419	0.01013	0.00507	0.00507	0.00101	0.00507	0.00405	0.00405	0.80139
86	0.02688	0.01777	0.01967	0.01508	0.02052	0.01915	0.01246	0.57160	0.02983	0.16889	0.01838	0.01770	0.01262	0.00826	0.00685	0.00206	0.00721	0.00629	0.00714	0.01164
87	0.01744	0.05432	0.02721	0.03798	0.61609	0.04032	0.01973	0.04431	0.01620	0.02252	0.01336	0.01806	0.01145	0.00653	0.00671	0.00202	0.00816	0.02348	0.00356	0.01055
88	0.02484	0.03054	0.02016	0.01961	0.08037	0.63566	0.01387	0.06009	0.01970	0.01854	0.01106	0.01293	0.00913	0.00703	0.00625	0.00180	0.01174	0.00464	0.00368	0.00836
89	0.00995	0.00663	0.00746	0.00746	0.00746	0.00663	0.00415	0.00995	0.00995	0.01327	0.02156	0.04477	0.02487	0.75957	0.03482	0.00663	0.00663	0.00995	0.00415	0.00415
90	0.05732	0.48536	0.02782	0.01223	0.01672	0.10144	0.01113	0.01967	0.01447	0.01775	0.05748	0.03630	0.03219	0.00891	0.02609	0.00199	0.05615	0.00528	0.00356	0.00814
91	0.01496	0.17488	0.52091	0.01762	0.02637	0.01757	0.04341	0.02134	0.01458	0.04037	0.01432	0.01606	0.03513	0.00681	0.00621	0.00204	0.00925	0.00528	0.00320	0.00971
92	0.02403	0.01758	0.01901	0.01497	0.02000	0.01939	0.01223	0.53314	0.13371	0.06817	0.05256	0.01979	0.01584	0.00867	0.00692	0.00210	0.00693	0.00673	0.00696	0.01126
93	0.01338	0.01137	0.01353	0.01032	0.01538	0.00902	0.00809	0.01611	0.01390	0.02140	0.01568	0.11953	0.01509	0.00763	0.00619	0.00133	0.03061	0.00631	0.00434	0.66076
94	0.01878	0.17232	0.12648	0.01368	0.01897	0.01423	0.06377	0.02225	0.01597	0.22269	0.07938	0.06879	0.01940	0.03210	0.04568	0.00260	0.00752	0.00730	0.00531	0.04277
95	0.01275	0.00638	0.00638	0.00638	0.00797	0.00638	0.00478	0.01594	0.01435	0.02551	0.02232	0.02551	0.01754	0.00797	0.00478	0.00159	0.00319	0.00638	0.79755	0.00638
96	0.01370	0.06232	0.66252	0.01867	0.02820	0.01586	0.02383	0.02119	0.01466	0.02173	0.04633	0.01610	0.01139	0.00684	0.00649	0.00214	0.00967	0.00536	0.00312	0.00988
97	0.80789	0.01323	0.01006	0.00900	0.01323	0.01535	0.00741	0.02011	0.01164	0.03070	0.00953	0.01111	0.00741	0.00635	0.00423	0.00212	0.00529	0.00370	0.00423	0.00741
98	0.04908	0.01568	0.02597	0.13303	0.37005	0.01657	0.10855	0.04923	0.04103	0.02261	0.01315	0.01714	0.01063	0.00679	0.00800	0.00216	0.06460	0.00625	0.00365	0.03583
99	0.01472	0.01420	0.02244	0.24598	0.23663	0.01728	0.01773	0.01791	0.01307	0.01858	0.01206	0.04092	0.01078	0.00895	0.01253	0.00248	0.27555	0.00649	0.00324	0.00846
100	0.02320	0.01754	0.02041	0.07402	0.02254	0.02022	0.01371	0.49150	0.02630	0.06510	0.01521	0.01660	0.01119	0.00878	0.00962	0.00224	0.13917	0.00615	0.00592	0.01057
101	0.02516	0.04803	0.01935	0.01435	0.01932	0.01792	0.01190	0.44341	0.02684	0.19208	0.06709	0.02011	0.01631	0.00872	0.00743	0.00209	0.03529	0.00664	0.00694	0.01099
102	0.02553	0.01753	0.01928	0.01498	0.02014	0.01903	0.01234	0.57395	0.02949	0.11892	0.01851	0.02027	0.01365	0.02991	0.00774	0.00223	0.00726	0.03108	0.00693	0.01123

[dist]
# distance from previous block
# <min> <max>
0	3

# created by:
# /st0/software/busco_prod/Augustus/scripts/msa2prfl.pl ./align_prep/166636.fa
