[name]
unknown

[dist]
# distance from previous block
# <min> <max>
0	30

[block]
# block no. 0 follows, 29 sequences, length 7
# corresponding to MSA columns:
# 30-36
name=unknown_A
#
# <colnr> <probs for GDERKNQSTAVLIFYWHMCP>
#	G	D	E	R	K	N	Q	S	T	A	V	L	I	F	Y	W	H	M	C	P
0	0.03402	0.01021	0.01409	0.01527	0.08951	0.01075	0.01077	0.01734	0.04694	0.06754	0.26826	0.10857	0.04081	0.01431	0.01009	0.00259	0.08989	0.13483	0.00641	0.00780
1	0.01794	0.10112	0.02891	0.09411	0.05388	0.15518	0.23132	0.02156	0.01591	0.01969	0.01374	0.05787	0.01207	0.00809	0.00915	0.00223	0.09994	0.00707	0.00365	0.04655
2	0.02089	0.01651	0.01918	0.01974	0.14506	0.05665	0.01327	0.09756	0.32284	0.12235	0.02261	0.02202	0.01677	0.00838	0.00700	0.00217	0.00682	0.00698	0.00635	0.06685
3	0.02025	0.01732	0.01864	0.01788	0.09437	0.08324	0.01276	0.13828	0.29153	0.06887	0.02274	0.02253	0.04011	0.00890	0.00777	0.00219	0.04219	0.00705	0.00609	0.07728
4	0.01585	0.01310	0.01589	0.01249	0.01727	0.01214	0.03319	0.11675	0.07555	0.02686	0.09278	0.08928	0.02136	0.00904	0.00717	0.00175	0.03156	0.00755	0.00547	0.39495
5	0.01573	0.01579	0.09363	0.01400	0.01964	0.01236	0.07042	0.12377	0.01870	0.02701	0.11886	0.07309	0.02175	0.00863	0.00675	0.00179	0.00649	0.00749	0.00521	0.33891
6	0.01298	0.07439	0.04227	0.09130	0.05897	0.03458	0.01024	0.01562	0.01562	0.04764	0.09005	0.11423	0.22764	0.06721	0.00958	0.00255	0.00597	0.01081	0.00535	0.06300

[dist]
# distance from previous block
# <min> <max>
0	6

[block]
# block no. 1 follows, 29 sequences, length 23
# corresponding to MSA columns:
# 43-65
name=unknown_B
#
# <colnr> <probs for GDERKNQSTAVLIFYWHMCP>
#	G	D	E	R	K	N	Q	S	T	A	V	L	I	F	Y	W	H	M	C	P
0	0.01624	0.11268	0.30481	0.08098	0.03205	0.05374	0.23165	0.02225	0.01559	0.02116	0.01275	0.01618	0.00966	0.00669	0.00759	0.00223	0.03468	0.00618	0.00325	0.00965
1	0.01702	0.37108	0.36886	0.01643	0.02460	0.05151	0.01920	0.02222	0.01499	0.01963	0.01136	0.01326	0.00908	0.00648	0.00573	0.00190	0.00926	0.00456	0.00305	0.00978
2	0.01855	0.66174	0.03553	0.01475	0.07465	0.02643	0.01284	0.02100	0.01448	0.01728	0.01058	0.01263	0.00968	0.00811	0.03509	0.00199	0.00817	0.00418	0.00312	0.00920
3	0.01536	0.03407	0.62476	0.02188	0.08582	0.01629	0.02522	0.02305	0.01537	0.05396	0.01353	0.01567	0.00960	0.00682	0.00681	0.00224	0.01015	0.00544	0.00331	0.01066
4	0.01280	0.00707	0.01089	0.01211	0.06663	0.00707	0.00748	0.01031	0.00985	0.01327	0.01245	0.02131	0.01228	0.02322	0.02612	0.72768	0.00637	0.00620	0.00313	0.00377
5	0.01904	0.75404	0.03731	0.01218	0.01828	0.02818	0.01218	0.02132	0.01447	0.01675	0.00990	0.01142	0.00914	0.00609	0.00457	0.00152	0.00761	0.00381	0.00305	0.00914
6	0.01885	0.01768	0.01662	0.01498	0.01896	0.10786	0.01159	0.03663	0.60631	0.02820	0.02668	0.02481	0.02013	0.00936	0.00714	0.00234	0.00656	0.00761	0.00679	0.01088
7	0.01810	0.61206	0.17105	0.01379	0.02076	0.02587	0.01498	0.02157	0.01458	0.01790	0.01047	0.01214	0.00911	0.00623	0.00500	0.00167	0.00819	0.00410	0.00304	0.00941
8	0.72969	0.08046	0.01288	0.00962	0.01418	0.01707	0.00811	0.02097	0.01233	0.03058	0.00991	0.01155	0.00784	0.00656	0.00442	0.00214	0.00570	0.00385	0.00428	0.00784
9	0.01032	0.00705	0.00853	0.00853	0.00879	0.00732	0.00527	0.01085	0.01058	0.01437	0.02174	0.04273	0.02421	0.60520	0.17850	0.00785	0.00943	0.00979	0.00421	0.00474
10	0.01008	0.00728	0.00952	0.00896	0.01064	0.00672	0.00672	0.01344	0.02016	0.02855	0.70158	0.05319	0.06719	0.01456	0.00840	0.00224	0.00336	0.01288	0.00784	0.00672
11	0.00842	0.00721	0.00721	0.00721	0.00962	0.00601	0.00541	0.01022	0.01623	0.01924	0.07213	0.06853	0.70244	0.01803	0.00842	0.00240	0.00361	0.01503	0.00661	0.00601
12	0.01477	0.01266	0.01477	0.01055	0.01687	0.00949	0.00844	0.01793	0.01477	0.02320	0.01266	0.01477	0.01055	0.00527	0.00527	0.00105	0.00527	0.00422	0.00422	0.79328
13	0.02707	0.01995	0.02137	0.01638	0.02208	0.02208	0.01353	0.68159	0.03348	0.04488	0.01710	0.01710	0.01211	0.00855	0.00712	0.00214	0.00784	0.00641	0.00712	0.01211
14	0.00868	0.00620	0.00826	0.00991	0.01033	0.00578	0.00661	0.00991	0.01363	0.01818	0.03925	0.74510	0.04710	0.02231	0.00909	0.00289	0.00413	0.02024	0.00661	0.00578
15	0.39115	0.02372	0.32702	0.01426	0.02124	0.01559	0.01603	0.02114	0.01399	0.02748	0.05910	0.01601	0.01242	0.00723	0.00575	0.00223	0.00762	0.00511	0.00401	0.00891
16	0.00846	0.00705	0.00739	0.00766	0.00974	0.00597	0.00561	0.01017	0.01580	0.01906	0.06671	0.18011	0.59436	0.01874	0.00853	0.00248	0.00369	0.01589	0.00661	0.00597
17	0.19233	0.02986	0.48863	0.01882	0.06032	0.01668	0.02131	0.05219	0.01528	0.02572	0.01236	0.01448	0.00898	0.00679	0.00626	0.00223	0.00917	0.00505	0.00354	0.01000
18	0.11405	0.31912	0.29946	0.01613	0.02373	0.04493	0.05062	0.02207	0.01471	0.02124	0.01130	0.01330	0.00900	0.00646	0.00567	0.00195	0.00889	0.00464	0.00325	0.00950
19	0.05185	0.06876	0.10722	0.01494	0.02108	0.01613	0.05880	0.21214	0.03821	0.02913	0.01616	0.06922	0.01358	0.00794	0.00646	0.00187	0.00724	0.00651	0.00505	0.24770
20	0.17425	0.37471	0.02698	0.01579	0.08779	0.12242	0.01237	0.02275	0.04383	0.02107	0.01152	0.01345	0.00989	0.00803	0.02764	0.00211	0.00830	0.00449	0.00366	0.00895
21	0.01589	0.01858	0.07963	0.02469	0.09710	0.06908	0.32847	0.02060	0.01686	0.02275	0.12536	0.05879	0.02134	0.00880	0.00903	0.00236	0.05851	0.00882	0.00435	0.00897
22	0.02366	0.02080	0.01986	0.03637	0.04986	0.21056	0.04125	0.19348	0.13326	0.11808	0.04310	0.02151	0.03854	0.00871	0.00709	0.00214	0.00858	0.00686	0.00602	0.01027

[dist]
# distance from previous block
# <min> <max>
1	6

[block]
# block no. 2 follows, 29 sequences, length 7
# corresponding to MSA columns:
# 72-78
name=unknown_C
#
# <colnr> <probs for GDERKNQSTAVLIFYWHMCP>
#	G	D	E	R	K	N	Q	S	T	A	V	L	I	F	Y	W	H	M	C	P
0	0.01954	0.01476	0.01816	0.01379	0.01903	0.01419	0.05707	0.25586	0.02233	0.07133	0.09590	0.02265	0.01895	0.04793	0.00830	0.00206	0.00657	0.00681	0.00591	0.27886
1	0.01642	0.04301	0.30868	0.02073	0.13641	0.01528	0.01859	0.05498	0.09460	0.07286	0.07238	0.04459	0.05269	0.00887	0.00713	0.00225	0.00801	0.00743	0.00485	0.01022
2	0.01171	0.00814	0.01009	0.00934	0.01152	0.00764	0.00709	0.01602	0.06813	0.06822	0.52425	0.05169	0.15015	0.01435	0.00824	0.00227	0.00372	0.01249	0.00768	0.00727
3	0.01546	0.15743	0.50139	0.02029	0.02958	0.01874	0.11688	0.02238	0.01519	0.02159	0.01252	0.01501	0.00929	0.00654	0.00662	0.00215	0.01024	0.00546	0.00310	0.01015
4	0.01882	0.11129	0.09003	0.01393	0.01926	0.01739	0.01244	0.15639	0.23787	0.06444	0.04377	0.02522	0.08079	0.00923	0.00682	0.00211	0.00656	0.00735	0.00606	0.07025
5	0.02281	0.01889	0.08385	0.01484	0.02115	0.01716	0.01307	0.38517	0.02553	0.08756	0.01629	0.01680	0.01181	0.00749	0.00658	0.00185	0.00724	0.00575	0.00606	0.23013
6	0.01925	0.02152	0.09056	0.03479	0.46819	0.12599	0.02009	0.06171	0.04630	0.02382	0.01384	0.01699	0.01123	0.00680	0.00694	0.00210	0.00917	0.00605	0.00386	0.01079

[dist]
# distance from previous block
# <min> <max>
3	8

[block]
# block no. 3 follows, 29 sequences, length 12
# corresponding to MSA columns:
# 87-98
name=unknown_D
#
# <colnr> <probs for GDERKNQSTAVLIFYWHMCP>
#	G	D	E	R	K	N	Q	S	T	A	V	L	I	F	Y	W	H	M	C	P
0	0.01704	0.06644	0.05528	0.06543	0.54465	0.01713	0.02014	0.02187	0.04159	0.02311	0.04861	0.01930	0.01420	0.00692	0.00695	0.00211	0.00816	0.00653	0.00382	0.01074
1	0.05310	0.01700	0.07506	0.03357	0.47688	0.01527	0.01890	0.02367	0.01669	0.14494	0.01816	0.02039	0.03983	0.00729	0.00699	0.00216	0.00786	0.00665	0.00458	0.01101
2	0.01403	0.03388	0.63137	0.02009	0.02977	0.01589	0.05832	0.02172	0.01503	0.02227	0.01464	0.06422	0.01167	0.00777	0.00700	0.00231	0.01017	0.00643	0.00328	0.01016
3	0.01479	0.07367	0.62573	0.01944	0.02925	0.01725	0.02445	0.02360	0.06453	0.02277	0.01381	0.01568	0.00996	0.00694	0.00668	0.00223	0.01001	0.00539	0.00332	0.01050
4	0.02274	0.02612	0.02100	0.02201	0.14388	0.41674	0.01474	0.06000	0.08908	0.02120	0.01579	0.01759	0.03696	0.00817	0.00776	0.00206	0.05485	0.00585	0.00427	0.00919
5	0.00842	0.00721	0.00721	0.00721	0.00962	0.00601	0.00541	0.01022	0.01623	0.01924	0.07213	0.06853	0.70244	0.01803	0.00842	0.00240	0.00361	0.01503	0.00661	0.00601
6	0.01017	0.00763	0.01144	0.01144	0.01272	0.00890	0.00890	0.01272	0.01144	0.01653	0.01907	0.02797	0.01780	0.05340	0.72153	0.01144	0.01907	0.00763	0.00381	0.00636
7	0.00868	0.00620	0.00826	0.00991	0.01033	0.00578	0.00661	0.00991	0.01363	0.01818	0.03925	0.74510	0.04710	0.02231	0.00909	0.00289	0.00413	0.02024	0.00661	0.00578
8	0.80005	0.01377	0.01047	0.00936	0.01377	0.01597	0.00771	0.02093	0.01212	0.03195	0.00991	0.01157	0.00771	0.00661	0.00441	0.00220	0.00551	0.00386	0.00441	0.00771
9	0.01477	0.01266	0.01477	0.01055	0.01687	0.00949	0.00844	0.01793	0.01477	0.02320	0.01266	0.01477	0.01055	0.00527	0.00527	0.00105	0.00527	0.00422	0.00422	0.79328
10	0.01558	0.01558	0.02181	0.01869	0.01869	0.02181	0.01558	0.01714	0.01091	0.01714	0.00935	0.01558	0.00935	0.01246	0.02337	0.00312	0.73672	0.00623	0.00312	0.00779
11	0.80005	0.01377	0.01047	0.00936	0.01377	0.01597	0.00771	0.02093	0.01212	0.03195	0.00991	0.01157	0.00771	0.00661	0.00441	0.00220	0.00551	0.00386	0.00441	0.00771

[dist]
# distance from previous block
# <min> <max>
11	14

[block]
# block no. 4 follows, 29 sequences, length 18
# corresponding to MSA columns:
# 114-131
name=unknown_E
#
# <colnr> <probs for GDERKNQSTAVLIFYWHMCP>
#	G	D	E	R	K	N	Q	S	T	A	V	L	I	F	Y	W	H	M	C	P
0	0.02563	0.02264	0.02034	0.01659	0.02156	0.18924	0.01327	0.43347	0.12381	0.03615	0.01732	0.01742	0.01277	0.00842	0.00697	0.00210	0.00872	0.00621	0.00631	0.01107
1	0.17875	0.02297	0.01830	0.01547	0.02007	0.25483	0.01224	0.26964	0.08870	0.03166	0.01479	0.01550	0.01119	0.00787	0.00636	0.00208	0.00884	0.00545	0.00544	0.00987
2	0.01345	0.01266	0.02136	0.73264	0.04904	0.01582	0.01978	0.01819	0.01424	0.01819	0.01266	0.01898	0.00949	0.00712	0.00712	0.00237	0.00949	0.00633	0.00316	0.00791
3	0.01762	0.01692	0.02890	0.04371	0.70533	0.01692	0.02185	0.02185	0.01621	0.02326	0.01339	0.01762	0.01128	0.00634	0.00705	0.00211	0.00846	0.00634	0.00352	0.01128
4	0.01681	0.01921	0.04202	0.03001	0.03721	0.01801	0.67947	0.02281	0.01681	0.02281	0.01441	0.01921	0.01080	0.00600	0.00840	0.00240	0.01200	0.00840	0.00360	0.00960
5	0.01471	0.01394	0.02363	0.52509	0.24676	0.01615	0.02040	0.01930	0.01483	0.01972	0.01288	0.01857	0.01003	0.00689	0.00710	0.00230	0.00918	0.00633	0.00327	0.00893
6	0.00992	0.00672	0.00790	0.00833	0.00844	0.00661	0.00491	0.01024	0.01121	0.01495	0.02682	0.22896	0.03142	0.55984	0.02915	0.00586	0.00618	0.01294	0.00491	0.00470
7	0.01687	0.01615	0.02754	0.16791	0.58702	0.01672	0.02148	0.02119	0.01586	0.02235	0.01326	0.01787	0.01096	0.00648	0.00706	0.00216	0.00865	0.00634	0.00346	0.01067
8	0.01633	0.01837	0.03932	0.02844	0.03495	0.01757	0.61298	0.02188	0.01636	0.02230	0.01543	0.05601	0.01258	0.00715	0.00916	0.00246	0.04676	0.00890	0.00373	0.00932
9	0.01730	0.01666	0.02890	0.04151	0.63433	0.01659	0.06066	0.02159	0.01626	0.02315	0.01455	0.02054	0.01259	0.00692	0.00726	0.00218	0.00859	0.03579	0.00367	0.01097
10	0.00868	0.00620	0.00826	0.00991	0.01033	0.00578	0.00661	0.00991	0.01363	0.01818	0.03925	0.74510	0.04710	0.02231	0.00909	0.00289	0.00413	0.02024	0.00661	0.00578
11	0.01762	0.01692	0.02890	0.04371	0.70533	0.01692	0.02185	0.02185	0.01621	0.02326	0.01339	0.01762	0.01128	0.00634	0.00705	0.00211	0.00846	0.00634	0.00352	0.01128
12	0.01459	0.08270	0.66965	0.01978	0.03002	0.01728	0.02541	0.02247	0.01500	0.02218	0.01259	0.01480	0.00903	0.00672	0.00662	0.00221	0.01034	0.00517	0.00301	0.01043
13	0.03195	0.01212	0.01652	0.01267	0.01818	0.01047	0.01047	0.03470	0.02038	0.71026	0.02809	0.02424	0.01763	0.00881	0.00716	0.00220	0.00606	0.00716	0.00881	0.01212
14	0.01904	0.75404	0.03731	0.01218	0.01828	0.02818	0.01218	0.02132	0.01447	0.01675	0.00990	0.01142	0.00914	0.00609	0.00457	0.00152	0.00761	0.00381	0.00305	0.00914
15	0.01587	0.01699	0.07180	0.32207	0.23919	0.01684	0.14765	0.04403	0.01605	0.02181	0.01338	0.01830	0.01034	0.00670	0.00732	0.00229	0.00968	0.00667	0.00349	0.00955
16	0.01526	0.01450	0.02463	0.43412	0.33342	0.01630	0.02068	0.01978	0.01509	0.02039	0.01298	0.01839	0.01027	0.00678	0.00709	0.00226	0.00904	0.00634	0.00332	0.00937
17	0.01518	0.01449	0.01381	0.01305	0.01556	0.14137	0.01032	0.05933	0.08842	0.02166	0.05756	0.04158	0.16589	0.02078	0.13753	0.00409	0.05281	0.11343	0.00549	0.00764

[dist]
# distance from previous block
# <min> <max>
0	5

[block]
# block no. 5 follows, 29 sequences, length 18
# corresponding to MSA columns:
# 137-154
name=unknown_F
#
# <colnr> <probs for GDERKNQSTAVLIFYWHMCP>
#	G	D	E	R	K	N	Q	S	T	A	V	L	I	F	Y	W	H	M	C	P
0	0.60793	0.01385	0.01187	0.01033	0.01469	0.01570	0.00843	0.07854	0.04715	0.06279	0.06005	0.01619	0.01330	0.00757	0.00517	0.00221	0.00559	0.00504	0.00521	0.00838
1	0.02043	0.01590	0.01721	0.01445	0.01893	0.01745	0.01172	0.32470	0.24375	0.03465	0.02765	0.03099	0.07741	0.01076	0.00749	0.00233	0.00654	0.07429	0.00697	0.03640
2	0.75370	0.01339	0.01041	0.00934	0.01359	0.01543	0.00765	0.02049	0.01259	0.03175	0.05050	0.01401	0.01120	0.00708	0.00464	0.00221	0.00538	0.00439	0.00461	0.00765
3	0.01345	0.01266	0.02136	0.73264	0.04904	0.01582	0.01978	0.01819	0.01424	0.01819	0.01266	0.01898	0.00949	0.00712	0.00712	0.00237	0.00949	0.00633	0.00316	0.00791
4	0.01428	0.03683	0.71286	0.02030	0.03082	0.01654	0.02631	0.02255	0.01503	0.02255	0.01278	0.01503	0.00902	0.00677	0.00677	0.00226	0.01052	0.00526	0.00301	0.01052
5	0.02660	0.03394	0.02018	0.01834	0.02201	0.72116	0.01376	0.02843	0.02018	0.01743	0.01101	0.01284	0.00917	0.00734	0.00642	0.00183	0.01284	0.00459	0.00367	0.00825
6	0.01762	0.01692	0.02890	0.04371	0.70533	0.01692	0.02185	0.02185	0.01621	0.02326	0.01339	0.01762	0.01128	0.00634	0.00705	0.00211	0.00846	0.00634	0.00352	0.01128
7	0.01175	0.00849	0.03546	0.01026	0.01218	0.00720	0.00802	0.01456	0.01769	0.08312	0.36712	0.26977	0.05280	0.01656	0.00854	0.00251	0.00430	0.05539	0.00728	0.00701
8	0.01814	0.14344	0.48509	0.01769	0.02664	0.01726	0.02132	0.02451	0.01589	0.14336	0.01504	0.01610	0.01056	0.00702	0.00650	0.00213	0.00928	0.00537	0.00404	0.01059
9	0.02511	0.02932	0.02058	0.01811	0.02155	0.52115	0.01398	0.12123	0.02079	0.02135	0.01165	0.01384	0.00962	0.00824	0.00892	0.00206	0.11457	0.00508	0.00409	0.00875
10	0.00866	0.00626	0.00820	0.00975	0.01028	0.00580	0.00654	0.00993	0.01379	0.01824	0.04124	0.70402	0.08690	0.02205	0.00905	0.00286	0.00410	0.01993	0.00661	0.00580
11	0.01395	0.01317	0.02227	0.64897	0.12875	0.01595	0.02003	0.01864	0.01448	0.01881	0.01275	0.01882	0.00971	0.00703	0.00711	0.00234	0.00937	0.00633	0.00321	0.00832
12	0.01452	0.07277	0.67901	0.01989	0.03019	0.01712	0.02560	0.02249	0.01501	0.02226	0.01263	0.01485	0.00903	0.00673	0.00666	0.00222	0.01038	0.00519	0.00301	0.01045
13	0.00868	0.00620	0.00826	0.00991	0.01033	0.00578	0.00661	0.00991	0.01363	0.01818	0.03925	0.74510	0.04710	0.02231	0.00909	0.00289	0.00413	0.02024	0.00661	0.00578
14	0.01008	0.00728	0.00952	0.00896	0.01064	0.00672	0.00672	0.01344	0.02016	0.02855	0.70158	0.05319	0.06719	0.01456	0.00840	0.00224	0.00336	0.01288	0.00784	0.00672
15	0.80005	0.01377	0.01047	0.00936	0.01377	0.01597	0.00771	0.02093	0.01212	0.03195	0.00991	0.01157	0.00771	0.00661	0.00441	0.00220	0.00551	0.00386	0.00441	0.00771
16	0.57378	0.05869	0.01335	0.01033	0.01479	0.01625	0.00859	0.08471	0.01540	0.06416	0.07085	0.01627	0.01380	0.00755	0.00515	0.00216	0.00570	0.00503	0.00509	0.00835
17	0.62368	0.01368	0.01300	0.01419	0.11139	0.01534	0.00963	0.02044	0.01337	0.03044	0.06788	0.01588	0.01316	0.00723	0.00511	0.00219	0.00575	0.00496	0.00457	0.00813

[dist]
# distance from previous block
# <min> <max>
7	12

[block]
# block no. 6 follows, 29 sequences, length 15
# corresponding to MSA columns:
# 168-182
name=unknown_G
#
# <colnr> <probs for GDERKNQSTAVLIFYWHMCP>
#	G	D	E	R	K	N	Q	S	T	A	V	L	I	F	Y	W	H	M	C	P
0	0.01887	0.01437	0.01537	0.01262	0.01678	0.01521	0.01014	0.36029	0.07184	0.03410	0.09875	0.03759	0.23949	0.01222	0.00766	0.00225	0.00591	0.00989	0.00703	0.00960
1	0.01836	0.01586	0.01823	0.01363	0.01954	0.05340	0.05323	0.17844	0.01968	0.02792	0.01451	0.03660	0.01192	0.00672	0.00610	0.00150	0.00672	0.00550	0.00492	0.48722
2	0.01553	0.01579	0.02981	0.34082	0.20360	0.01679	0.23208	0.02056	0.01554	0.02090	0.01340	0.01873	0.01034	0.00657	0.00751	0.00232	0.01005	0.00700	0.00339	0.00927
3	0.05134	0.42226	0.08850	0.24406	0.02902	0.02268	0.01563	0.02040	0.01434	0.01838	0.01103	0.01416	0.00918	0.00650	0.00557	0.00189	0.00837	0.00474	0.00314	0.00880
4	0.01118	0.00619	0.00895	0.00948	0.00961	0.00606	0.00632	0.00948	0.01068	0.01423	0.02100	0.25392	0.02352	0.02396	0.02181	0.53921	0.00553	0.01070	0.00422	0.00396
5	0.00913	0.00654	0.00867	0.00961	0.01043	0.00608	0.00664	0.01105	0.01573	0.02151	0.25189	0.52296	0.05355	0.01982	0.00887	0.00268	0.00388	0.01788	0.00700	0.00608
6	0.01724	0.51601	0.03219	0.24349	0.02815	0.02421	0.01462	0.02032	0.01439	0.01722	0.01078	0.01385	0.00925	0.00642	0.00539	0.00180	0.00822	0.00462	0.00308	0.00874
7	0.01919	0.01528	0.01714	0.01265	0.01875	0.01402	0.01027	0.25661	0.02150	0.03100	0.01425	0.01560	0.01111	0.00645	0.00594	0.00144	0.00619	0.00501	0.00526	0.51233
8	0.01626	0.01549	0.01998	0.01734	0.01864	0.02049	0.01420	0.02378	0.22973	0.02120	0.01565	0.01911	0.01332	0.01156	0.01819	0.00289	0.50200	0.00682	0.00444	0.00891
9	0.01180	0.00650	0.00716	0.00769	0.00895	0.00636	0.00550	0.01445	0.01452	0.02386	0.02837	0.25725	0.02751	0.01279	0.00630	0.00205	0.00358	0.01101	0.53800	0.00636
10	0.01659	0.14740	0.02393	0.01585	0.01976	0.05390	0.06843	0.01918	0.01374	0.01951	0.01102	0.01474	0.00981	0.00822	0.01210	0.00205	0.27459	0.00525	0.00353	0.26039
11	0.01401	0.02907	0.49085	0.24900	0.03667	0.01631	0.02421	0.02115	0.01478	0.02115	0.01274	0.01630	0.00917	0.00688	0.00688	0.00229	0.01019	0.00560	0.00306	0.00968
12	0.02737	0.02145	0.02083	0.01640	0.02178	0.12569	0.01334	0.53529	0.03051	0.09085	0.01701	0.01700	0.01209	0.00839	0.00702	0.00210	0.00845	0.00619	0.00673	0.01153
13	0.01866	0.01978	0.12458	0.02067	0.02654	0.01745	0.22559	0.23247	0.02151	0.02926	0.01902	0.04772	0.01646	0.00971	0.00862	0.00247	0.03988	0.10456	0.00515	0.00990
14	0.01020	0.00700	0.00835	0.00823	0.00878	0.00680	0.00517	0.01133	0.01362	0.01870	0.24110	0.07456	0.03993	0.48679	0.02630	0.00526	0.00566	0.01153	0.00553	0.00514

[dist]
# distance from previous block
# <min> <max>
0	16

# created by:
# /st0/software/busco_prod/Augustus/scripts/msa2prfl.pl ./align_prep/166864.fa
