[name]
unknown

[dist]
# distance from previous block
# <min> <max>
8	34

[block]
# block no. 0 follows, 29 sequences, length 21
# corresponding to MSA columns:
# 39-59
name=unknown_A
#
# <colnr> <probs for GDERKNQSTAVLIFYWHMCP>
#	G	D	E	R	K	N	Q	S	T	A	V	L	I	F	Y	W	H	M	C	P
0	0.06516	0.52460	0.05934	0.01325	0.01934	0.02570	0.01278	0.16392	0.01846	0.02392	0.01157	0.01280	0.00969	0.00668	0.00520	0.00172	0.00766	0.00443	0.00400	0.00975
1	0.02580	0.01183	0.03373	0.01248	0.01726	0.01023	0.01043	0.02868	0.01799	0.50307	0.02486	0.02426	0.01703	0.01819	0.16130	0.00413	0.00894	0.00704	0.00732	0.05542
2	0.01339	0.01148	0.01313	0.00983	0.01531	0.00874	0.00778	0.01626	0.01508	0.02235	0.02550	0.02637	0.15995	0.00803	0.00595	0.00135	0.00491	0.00655	0.00474	0.62329
3	0.01410	0.03161	0.56354	0.17411	0.03475	0.01638	0.02490	0.02161	0.01486	0.02161	0.01275	0.01589	0.00912	0.00684	0.00684	0.00228	0.01030	0.00549	0.00304	0.00996
4	0.01483	0.03303	0.56800	0.02239	0.03220	0.01685	0.16735	0.02261	0.01542	0.02261	0.01313	0.01593	0.00941	0.00660	0.00712	0.00229	0.01084	0.00594	0.00314	0.01032
5	0.00991	0.00672	0.00790	0.00833	0.00844	0.00661	0.00492	0.01024	0.01122	0.01496	0.02686	0.23024	0.03146	0.55850	0.02910	0.00585	0.00617	0.01295	0.00492	0.00470
6	0.01678	0.01381	0.01467	0.01317	0.01645	0.01569	0.00993	0.07744	0.49856	0.02740	0.02673	0.03022	0.02195	0.16939	0.01350	0.00336	0.00606	0.00843	0.00660	0.00983
7	0.01987	0.01464	0.01969	0.01625	0.02045	0.05980	0.12459	0.11232	0.08316	0.15976	0.09122	0.03747	0.02569	0.03193	0.00884	0.00259	0.00758	0.14824	0.00651	0.00941
8	0.01515	0.21564	0.38811	0.01754	0.02528	0.01856	0.06623	0.02085	0.01521	0.02117	0.06397	0.05105	0.01523	0.00799	0.00701	0.00213	0.02939	0.00639	0.00358	0.00953
9	0.01885	0.02292	0.05740	0.02720	0.03374	0.16980	0.51615	0.02402	0.01748	0.02164	0.01362	0.01771	0.01040	0.00631	0.00793	0.00227	0.01214	0.00748	0.00360	0.00934
10	0.45816	0.01200	0.01161	0.01001	0.01408	0.01275	0.00811	0.02238	0.01570	0.18250	0.16332	0.02338	0.02277	0.00882	0.00588	0.00221	0.00517	0.00654	0.00613	0.00848
11	0.01067	0.00890	0.01227	0.04452	0.13010	0.00853	0.00956	0.01321	0.02812	0.01996	0.06670	0.30181	0.24468	0.03477	0.00908	0.00266	0.00507	0.03642	0.00594	0.00700
12	0.01404	0.01490	0.05784	0.05262	0.11168	0.01426	0.25312	0.01826	0.01492	0.02086	0.05624	0.08667	0.01858	0.01871	0.16311	0.00439	0.05837	0.00891	0.00407	0.00847
13	0.01449	0.01868	0.14308	0.02180	0.07509	0.04701	0.26527	0.01944	0.01708	0.02329	0.16649	0.08316	0.05307	0.00980	0.00798	0.00233	0.00873	0.00968	0.00476	0.00876
14	0.02052	0.42305	0.08690	0.01438	0.02015	0.08522	0.01365	0.16404	0.01899	0.02343	0.01298	0.04323	0.01133	0.00762	0.00615	0.00184	0.02746	0.00530	0.00413	0.00964
15	0.01592	0.02629	0.42692	0.01730	0.02502	0.01405	0.04941	0.04890	0.01755	0.09920	0.16342	0.02454	0.02272	0.00871	0.00725	0.00225	0.00845	0.00730	0.00487	0.00990
16	0.01731	0.02717	0.41747	0.01672	0.02514	0.03998	0.01919	0.02331	0.01607	0.12279	0.03215	0.01719	0.01206	0.00696	0.00653	0.00197	0.00865	0.00548	0.00426	0.17960
17	0.00847	0.00699	0.00744	0.00780	0.00977	0.00596	0.00567	0.01015	0.01567	0.01901	0.06505	0.21419	0.56135	0.01895	0.00856	0.00251	0.00372	0.01615	0.00661	0.00596
18	0.01460	0.01331	0.02136	0.56891	0.04275	0.01603	0.04922	0.05005	0.08196	0.02054	0.01454	0.01976	0.01099	0.00805	0.00798	0.03224	0.00903	0.00659	0.00376	0.00833
19	0.01920	0.01719	0.02687	0.10920	0.47019	0.01795	0.03877	0.16396	0.01975	0.02739	0.01415	0.01770	0.01126	0.00689	0.00711	0.00215	0.00853	0.00642	0.00427	0.01106
20	0.00922	0.00698	0.00851	0.00869	0.01026	0.00627	0.00630	0.01156	0.01729	0.02308	0.34220	0.23846	0.25003	0.01761	0.00858	0.00246	0.00363	0.01544	0.00715	0.00627

[dist]
# distance from previous block
# <min> <max>
0	1

[block]
# block no. 1 follows, 29 sequences, length 28
# corresponding to MSA columns:
# 61-88
name=unknown_B
#
# <colnr> <probs for GDERKNQSTAVLIFYWHMCP>
#	G	D	E	R	K	N	Q	S	T	A	V	L	I	F	Y	W	H	M	C	P
0	0.01512	0.01464	0.02414	0.42822	0.23390	0.03680	0.05935	0.01962	0.01527	0.02009	0.01443	0.02210	0.01196	0.00759	0.00732	0.00234	0.00927	0.04544	0.00351	0.00891
1	0.01455	0.09055	0.55800	0.01988	0.02915	0.01695	0.08129	0.02172	0.01506	0.02185	0.01428	0.05888	0.01147	0.00758	0.00687	0.00225	0.01004	0.00632	0.00328	0.01005
2	0.02479	0.02879	0.01967	0.01743	0.02088	0.52410	0.01338	0.10733	0.02061	0.02134	0.01233	0.01445	0.01010	0.00804	0.00807	0.00199	0.08189	0.00509	0.05114	0.00859
3	0.01789	0.01588	0.02653	0.06211	0.59615	0.01580	0.02004	0.02189	0.01643	0.06872	0.01787	0.02116	0.05308	0.00724	0.00714	0.00215	0.00804	0.00692	0.00405	0.01091
4	0.02504	0.01315	0.01521	0.01253	0.01699	0.05115	0.01001	0.08357	0.07833	0.41015	0.03282	0.09036	0.10634	0.01110	0.00745	0.00228	0.00608	0.00914	0.00778	0.01051
5	0.01345	0.01266	0.02136	0.73264	0.04904	0.01582	0.01978	0.01819	0.01424	0.01819	0.01266	0.01898	0.00949	0.00712	0.00712	0.00237	0.00949	0.00633	0.00316	0.00791
6	0.00984	0.00725	0.00911	0.00865	0.01037	0.00662	0.00643	0.01284	0.01919	0.02660	0.58185	0.05520	0.15944	0.04398	0.00950	0.00245	0.00354	0.01310	0.00752	0.00652
7	0.01700	0.01332	0.01666	0.03915	0.07614	0.05916	0.05075	0.12079	0.03702	0.09129	0.28479	0.05840	0.08237	0.01153	0.00779	0.00223	0.00618	0.01003	0.00663	0.00878
8	0.01391	0.01308	0.02105	0.62372	0.04441	0.01646	0.01885	0.01941	0.05924	0.01888	0.01346	0.01920	0.01030	0.00775	0.00852	0.00244	0.07133	0.00643	0.00343	0.00812
9	0.01451	0.03550	0.66719	0.02186	0.07585	0.01656	0.02601	0.02250	0.01511	0.02260	0.01282	0.01521	0.00917	0.00674	0.00678	0.00225	0.01039	0.00533	0.00304	0.01057
10	0.40395	0.01578	0.06296	0.09945	0.15702	0.01587	0.01346	0.05033	0.01483	0.06497	0.01280	0.01522	0.00975	0.00688	0.00568	0.00219	0.00695	0.00510	0.02779	0.00903
11	0.01762	0.01692	0.02890	0.04371	0.70533	0.01692	0.02185	0.02185	0.01621	0.02326	0.01339	0.01762	0.01128	0.00634	0.00705	0.00211	0.00846	0.00634	0.00352	0.01128
12	0.01428	0.03683	0.71286	0.02030	0.03082	0.01654	0.02631	0.02255	0.01503	0.02255	0.01278	0.01503	0.00902	0.00677	0.00677	0.00226	0.01052	0.00526	0.00301	0.01052
13	0.01410	0.01267	0.02024	0.61514	0.04364	0.01545	0.01817	0.06915	0.01569	0.02027	0.01527	0.08084	0.01291	0.00853	0.00729	0.00240	0.00891	0.00752	0.00377	0.00806
14	0.01345	0.01266	0.02136	0.73264	0.04904	0.01582	0.01978	0.01819	0.01424	0.01819	0.01266	0.01898	0.00949	0.00712	0.00712	0.00237	0.00949	0.00633	0.00316	0.00791
15	0.01420	0.01343	0.02273	0.60774	0.16802	0.01602	0.02015	0.01886	0.01460	0.01911	0.01279	0.01874	0.00982	0.00698	0.00711	0.00233	0.00930	0.00633	0.00323	0.00852
16	0.01419	0.01374	0.02464	0.02656	0.23863	0.01382	0.18526	0.01763	0.01504	0.02090	0.02212	0.26564	0.02319	0.01221	0.00947	0.00254	0.06957	0.01160	0.00456	0.00868
17	0.01184	0.00698	0.01043	0.07160	0.01348	0.00720	0.00804	0.01079	0.01116	0.01475	0.01917	0.12836	0.02038	0.02228	0.02129	0.52065	0.00623	0.08705	0.00400	0.00429
18	0.02943	0.01180	0.01588	0.01244	0.01749	0.01039	0.01016	0.05250	0.02047	0.61712	0.06873	0.05846	0.02177	0.00976	0.00732	0.00223	0.00586	0.00807	0.00860	0.01151
19	0.01608	0.02430	0.23584	0.02720	0.03537	0.01758	0.49076	0.02273	0.01629	0.02273	0.01394	0.01800	0.01029	0.00622	0.00793	0.00236	0.01158	0.00750	0.00343	0.00987
20	0.01875	0.02029	0.02530	0.22597	0.30995	0.19920	0.05625	0.02261	0.01673	0.02033	0.01263	0.01685	0.01021	0.00680	0.00698	0.00213	0.01008	0.00600	0.00347	0.00947
21	0.01171	0.01008	0.01475	0.01990	0.22756	0.00959	0.01144	0.01434	0.01580	0.02093	0.07801	0.22378	0.22867	0.01541	0.00828	0.00250	0.00549	0.06837	0.00571	0.00769
22	0.01771	0.01530	0.01610	0.01449	0.01852	0.01771	0.01127	0.03784	0.69247	0.02979	0.02898	0.02657	0.02174	0.00966	0.00725	0.00242	0.00564	0.00805	0.00725	0.01127
23	0.01470	0.01252	0.01517	0.07236	0.01942	0.01022	0.00946	0.03851	0.01525	0.02318	0.01430	0.05636	0.01257	0.00649	0.00570	0.00131	0.00565	0.00537	0.00436	0.65710
24	0.01436	0.01385	0.02425	0.57005	0.14576	0.01617	0.07642	0.01913	0.01475	0.01934	0.01292	0.01880	0.00987	0.00691	0.00722	0.00234	0.00955	0.00651	0.00326	0.00856
25	0.01638	0.01501	0.02236	0.02197	0.19517	0.01329	0.10248	0.04904	0.03409	0.02428	0.01370	0.01650	0.01113	0.00590	0.00628	0.00159	0.00711	0.00552	0.00417	0.43402
26	0.02427	0.01822	0.02058	0.01802	0.07966	0.02000	0.01353	0.48231	0.12857	0.05878	0.04869	0.02032	0.01602	0.00879	0.00719	0.00218	0.00732	0.00695	0.00691	0.01168
27	0.06126	0.01521	0.02364	0.21962	0.25580	0.01599	0.06797	0.06161	0.05780	0.05105	0.01475	0.01825	0.01142	0.00686	0.00686	0.00213	0.00821	0.00628	0.00421	0.09109

[dist]
# distance from previous block
# <min> <max>
0	4

[block]
# block no. 2 follows, 29 sequences, length 7
# corresponding to MSA columns:
# 93-99
name=unknown_C
#
# <colnr> <probs for GDERKNQSTAVLIFYWHMCP>
#	G	D	E	R	K	N	Q	S	T	A	V	L	I	F	Y	W	H	M	C	P
0	0.13399	0.01616	0.02168	0.02669	0.32460	0.07159	0.03682	0.02369	0.01691	0.14342	0.06734	0.02011	0.01587	0.00745	0.00670	0.00209	0.00755	0.00645	0.00494	0.04593
1	0.20452	0.18465	0.06740	0.01131	0.01594	0.05080	0.01023	0.04670	0.01636	0.02507	0.15404	0.02636	0.09139	0.00927	0.00608	0.00198	0.00618	0.00704	0.00497	0.05970
2	0.01557	0.08185	0.47052	0.02638	0.22184	0.01747	0.02404	0.02227	0.01533	0.02234	0.01275	0.01552	0.00967	0.00660	0.00669	0.00216	0.00973	0.00547	0.00316	0.01064
3	0.08190	0.06841	0.02106	0.01959	0.13234	0.15857	0.01360	0.20701	0.09352	0.07501	0.01876	0.01937	0.04363	0.00820	0.00667	0.00208	0.00820	0.00629	0.00547	0.01031
4	0.09074	0.01104	0.01197	0.01056	0.01359	0.01133	0.00814	0.14380	0.06788	0.06163	0.19441	0.07623	0.18446	0.07100	0.00985	0.00266	0.00509	0.01080	0.00676	0.00804
5	0.01612	0.07246	0.21004	0.08051	0.08283	0.01807	0.37144	0.02223	0.01596	0.02202	0.01348	0.01749	0.01017	0.00631	0.00753	0.00228	0.01089	0.00699	0.00337	0.00980
6	0.11740	0.41496	0.11074	0.01355	0.01936	0.13848	0.01321	0.02199	0.01528	0.01961	0.01382	0.01522	0.04675	0.00710	0.00533	0.00180	0.00834	0.00473	0.00351	0.00881

[dist]
# distance from previous block
# <min> <max>
3	23

[block]
# block no. 3 follows, 29 sequences, length 29
# corresponding to MSA columns:
# 123-151
name=unknown_D
#
# <colnr> <probs for GDERKNQSTAVLIFYWHMCP>
#	G	D	E	R	K	N	Q	S	T	A	V	L	I	F	Y	W	H	M	C	P
0	0.04673	0.06065	0.15444	0.07133	0.02299	0.07082	0.01473	0.07865	0.16992	0.05036	0.01951	0.04417	0.01607	0.00890	0.00684	0.00218	0.00774	0.05354	0.00513	0.09530
1	0.04877	0.14206	0.10679	0.01651	0.02248	0.17007	0.09502	0.02407	0.01667	0.10539	0.01378	0.01545	0.01060	0.00681	0.00667	0.00185	0.02902	0.00527	0.00423	0.15849
2	0.01873	0.07926	0.11277	0.02507	0.11067	0.06662	0.26993	0.11450	0.01849	0.02477	0.01353	0.01682	0.01050	0.00693	0.00818	0.00220	0.05202	0.00661	0.00397	0.03844
3	0.01588	0.10380	0.46597	0.02431	0.16176	0.01800	0.04759	0.04172	0.01582	0.02278	0.01280	0.01539	0.00963	0.00664	0.00667	0.00216	0.00980	0.00548	0.00326	0.01055
4	0.05253	0.01595	0.01860	0.01622	0.07282	0.01643	0.01211	0.35311	0.02498	0.14421	0.01962	0.07397	0.01542	0.00900	0.00690	0.00206	0.00680	0.00723	0.02648	0.10555
5	0.01459	0.01553	0.04971	0.01941	0.12691	0.12262	0.08288	0.01762	0.01624	0.02080	0.07768	0.27158	0.02962	0.01354	0.00803	0.00243	0.00749	0.06187	0.00518	0.03628
6	0.14427	0.14947	0.04487	0.01303	0.01828	0.04304	0.01133	0.09621	0.10031	0.25324	0.04447	0.01981	0.01568	0.00814	0.00628	0.00209	0.00670	0.00612	0.00629	0.01040
7	0.02328	0.02181	0.02151	0.07177	0.19749	0.26311	0.01542	0.06312	0.09582	0.13196	0.01681	0.01808	0.01266	0.00763	0.00688	0.00208	0.00933	0.00605	0.00501	0.01017
8	0.06882	0.09203	0.06755	0.09117	0.23499	0.04167	0.01565	0.02321	0.04111	0.13991	0.04363	0.07620	0.01681	0.00858	0.00683	0.00217	0.00754	0.00732	0.00491	0.00989
9	0.73411	0.04841	0.03880	0.00991	0.01463	0.01655	0.00863	0.02101	0.01234	0.03089	0.01002	0.01169	0.00783	0.00659	0.00451	0.00217	0.00580	0.00391	0.00429	0.00789
10	0.01145	0.00821	0.01038	0.01118	0.01238	0.00838	0.00871	0.01479	0.06712	0.01917	0.03166	0.09240	0.03437	0.27850	0.01899	0.00448	0.00650	0.34941	0.00582	0.00610
11	0.00868	0.00620	0.00826	0.00991	0.01033	0.00578	0.00661	0.00991	0.01363	0.01818	0.03925	0.74510	0.04710	0.02231	0.00909	0.00289	0.00413	0.02024	0.00661	0.00578
12	0.01718	0.01409	0.01606	0.01169	0.01790	0.01197	0.00944	0.14834	0.01844	0.02746	0.01353	0.01522	0.01085	0.00592	0.00564	0.00127	0.00578	0.00465	0.00479	0.63978
13	0.02074	0.18861	0.11054	0.02197	0.15686	0.13143	0.04136	0.15092	0.06658	0.02538	0.01399	0.01574	0.01106	0.00714	0.00644	0.00199	0.00903	0.00557	0.00433	0.01032
14	0.02122	0.31432	0.13670	0.01627	0.02181	0.30873	0.01521	0.02423	0.01673	0.01796	0.01078	0.01276	0.00914	0.00699	0.00650	0.00184	0.04212	0.00446	0.00330	0.00894
15	0.00855	0.00722	0.00739	0.00735	0.00970	0.00607	0.00551	0.01047	0.01654	0.01997	0.12147	0.06733	0.65265	0.01776	0.00841	0.00239	0.00359	0.01486	0.00671	0.00607
16	0.00975	0.00727	0.00907	0.00862	0.01044	0.00658	0.00646	0.01281	0.01938	0.02672	0.57789	0.05620	0.19202	0.01524	0.00840	0.00227	0.00341	0.01330	0.00760	0.00658
17	0.01775	0.19511	0.16011	0.02601	0.16749	0.07111	0.21969	0.02263	0.01606	0.02104	0.01260	0.01583	0.01006	0.00633	0.00678	0.00207	0.01004	0.00605	0.00335	0.00991
18	0.01003	0.00840	0.04108	0.01049	0.01185	0.00719	0.00821	0.01203	0.01432	0.01891	0.06775	0.30460	0.10404	0.16309	0.01442	0.00367	0.00551	0.18239	0.00604	0.00598
19	0.00866	0.00624	0.00821	0.00979	0.01030	0.00579	0.00656	0.00993	0.01375	0.01823	0.04075	0.71422	0.07701	0.02211	0.00906	0.00287	0.00411	0.02000	0.00661	0.00579
20	0.03003	0.01207	0.01618	0.01254	0.01775	0.01067	0.01030	0.06055	0.02092	0.62853	0.08041	0.02620	0.02128	0.00925	0.00726	0.00220	0.00592	0.00758	0.00866	0.01169
21	0.02707	0.10073	0.09220	0.01470	0.02086	0.01455	0.05105	0.07622	0.03735	0.45667	0.02291	0.02110	0.01510	0.00813	0.00689	0.00214	0.00715	0.00662	0.00710	0.01145
22	0.01371	0.01316	0.02295	0.67841	0.04813	0.01599	0.07069	0.01855	0.01444	0.01855	0.01279	0.01900	0.00959	0.00703	0.00722	0.00238	0.00969	0.00649	0.00320	0.00804
23	0.01456	0.07813	0.67396	0.01983	0.03010	0.01721	0.02550	0.02248	0.01500	0.02222	0.01261	0.01483	0.00903	0.00673	0.00664	0.00221	0.01036	0.00518	0.00301	0.01044
24	0.01832	0.01824	0.02823	0.04174	0.65235	0.07152	0.02123	0.02236	0.01652	0.02281	0.01321	0.01725	0.01112	0.00642	0.00700	0.00209	0.00880	0.00621	0.00354	0.01104
25	0.01630	0.01729	0.03144	0.02966	0.21591	0.04720	0.32983	0.02069	0.01604	0.02170	0.01832	0.08177	0.04539	0.00858	0.00916	0.00239	0.06620	0.00880	0.00394	0.00938
26	0.01211	0.01010	0.01317	0.01500	0.12231	0.03497	0.00952	0.01613	0.04468	0.02699	0.51665	0.04562	0.07893	0.01293	0.00807	0.00222	0.00462	0.01143	0.00693	0.00765
27	0.01532	0.01096	0.01091	0.01002	0.01139	0.07542	0.00665	0.06657	0.01424	0.08826	0.02227	0.06942	0.02333	0.51471	0.02701	0.00540	0.00732	0.00961	0.00503	0.00615
28	0.04373	0.01444	0.08634	0.01308	0.01644	0.01302	0.01097	0.21966	0.01966	0.05250	0.02558	0.29627	0.02654	0.09451	0.01136	0.00299	0.02655	0.01190	0.00605	0.00842

[dist]
# distance from previous block
# <min> <max>
14	19

[block]
# block no. 4 follows, 29 sequences, length 53
# corresponding to MSA columns:
# 171-223
name=unknown_E
#
# <colnr> <probs for GDERKNQSTAVLIFYWHMCP>
#	G	D	E	R	K	N	Q	S	T	A	V	L	I	F	Y	W	H	M	C	P
0	0.01677	0.01605	0.02736	0.18419	0.57151	0.01669	0.02143	0.02111	0.01581	0.02223	0.01324	0.01790	0.01091	0.00650	0.00706	0.00217	0.00867	0.00634	0.00345	0.01059
1	0.01691	0.01608	0.02678	0.15978	0.54826	0.01678	0.02081	0.02227	0.05988	0.02282	0.01428	0.01844	0.01165	0.00669	0.00707	0.00218	0.00845	0.00645	0.00371	0.01070
2	0.01903	0.01624	0.02359	0.05449	0.14803	0.01695	0.12010	0.24463	0.04752	0.02997	0.04115	0.10068	0.01759	0.00939	0.00797	0.00225	0.03017	0.00841	0.00540	0.05644
3	0.05498	0.01705	0.02666	0.09905	0.55376	0.03560	0.02025	0.06459	0.01708	0.02449	0.01334	0.01730	0.01096	0.00659	0.00692	0.00214	0.00848	0.00618	0.00377	0.01080
4	0.08656	0.05093	0.02246	0.03790	0.15791	0.06575	0.01477	0.39396	0.04349	0.03553	0.01529	0.01653	0.01146	0.00776	0.00674	0.00210	0.00807	0.00600	0.00570	0.01109
5	0.02647	0.01978	0.02062	0.01609	0.02147	0.05397	0.01316	0.60154	0.03160	0.06518	0.01808	0.04665	0.01358	0.00906	0.00717	0.00216	0.00786	0.00691	0.00700	0.01167
6	0.80005	0.01377	0.01047	0.00936	0.01377	0.01597	0.00771	0.02093	0.01212	0.03195	0.00991	0.01157	0.00771	0.00661	0.00441	0.00220	0.00551	0.00386	0.00441	0.00771
7	0.01422	0.01067	0.01213	0.01087	0.01367	0.01063	0.00837	0.18613	0.02064	0.02750	0.16701	0.15455	0.18553	0.06173	0.00989	0.00265	0.00519	0.04717	0.00672	0.04472
8	0.23882	0.09242	0.42200	0.01754	0.05568	0.01742	0.01956	0.02195	0.01421	0.02475	0.01174	0.01385	0.00876	0.00664	0.00591	0.00217	0.00874	0.00478	0.00343	0.00963
9	0.01603	0.01379	0.01534	0.01224	0.01758	0.01302	0.00965	0.02647	0.30542	0.02603	0.01966	0.01983	0.01535	0.00716	0.00612	0.00164	0.00543	0.00586	0.00552	0.45789
10	0.01009	0.00750	0.00984	0.03985	0.01220	0.00705	0.00718	0.01339	0.01959	0.02738	0.62260	0.05293	0.11461	0.01451	0.00834	0.00226	0.00364	0.01277	0.00754	0.00671
11	0.00850	0.00712	0.00739	0.00754	0.00972	0.00601	0.00557	0.01030	0.01611	0.01945	0.09039	0.13373	0.61713	0.01833	0.00848	0.00245	0.00365	0.01546	0.00665	0.00601
12	0.00897	0.00647	0.00882	0.01012	0.01072	0.00632	0.00698	0.01051	0.01356	0.01836	0.06443	0.60118	0.04329	0.02693	0.12256	0.00423	0.00648	0.01792	0.00622	0.00592
13	0.02063	0.02033	0.05221	0.03163	0.39703	0.10463	0.01846	0.16578	0.07036	0.02765	0.01503	0.01748	0.01188	0.00720	0.00699	0.00211	0.00874	0.00623	0.00457	0.01106
14	0.01696	0.36103	0.28644	0.01947	0.08382	0.02201	0.07691	0.02195	0.01503	0.01999	0.01166	0.01398	0.00943	0.00635	0.00593	0.00192	0.00915	0.00497	0.00312	0.00988
15	0.00994	0.00815	0.00960	0.05628	0.01367	0.00785	0.00778	0.01355	0.07362	0.02007	0.05355	0.21078	0.38235	0.01772	0.00854	0.00261	0.00461	0.08629	0.00644	0.00660
16	0.16287	0.01341	0.01449	0.01099	0.01674	0.01196	0.00885	0.05649	0.05963	0.05739	0.01414	0.01549	0.01115	0.00615	0.00543	0.00147	0.00551	0.00465	0.00482	0.51836
17	0.01622	0.01261	0.01491	0.01073	0.01698	0.00957	0.00861	0.01935	0.01524	0.08123	0.01396	0.01557	0.01114	0.00557	0.00543	0.00115	0.00534	0.00447	0.00461	0.72731
18	0.01690	0.01309	0.01533	0.01109	0.01731	0.01039	0.00893	0.06241	0.01642	0.07794	0.01414	0.01565	0.01120	0.00576	0.00554	0.00121	0.00550	0.00459	0.00476	0.68183
19	0.01526	0.01979	0.16057	0.04991	0.05597	0.01550	0.24800	0.02029	0.01517	0.02191	0.01439	0.04199	0.01206	0.00754	0.00889	0.00217	0.08447	0.02096	0.00371	0.18142
20	0.01327	0.00664	0.00664	0.00664	0.00830	0.00664	0.00498	0.01659	0.01493	0.02655	0.02323	0.02655	0.01825	0.00830	0.00498	0.00166	0.00332	0.00664	0.78928	0.00664
21	0.01038	0.00747	0.00950	0.01039	0.01137	0.00727	0.00722	0.06812	0.01588	0.02133	0.09154	0.62570	0.04572	0.02049	0.00886	0.00277	0.00439	0.01845	0.00675	0.00641
22	0.01769	0.02317	0.13811	0.02897	0.14028	0.10233	0.37515	0.02312	0.01667	0.02202	0.01343	0.01745	0.01037	0.00653	0.00817	0.00229	0.03391	0.00707	0.00349	0.00979
23	0.02441	0.05918	0.02131	0.04237	0.05312	0.30248	0.01386	0.25293	0.11033	0.02869	0.01551	0.01642	0.01190	0.00794	0.00673	0.00203	0.00964	0.00576	0.00526	0.01013
24	0.15123	0.01734	0.01863	0.01449	0.01995	0.01870	0.01197	0.44217	0.02736	0.18082	0.01823	0.01770	0.01255	0.00829	0.00670	0.00216	0.00710	0.00616	0.00704	0.01141
25	0.00868	0.00620	0.00826	0.00991	0.01033	0.00578	0.00661	0.00991	0.01363	0.01818	0.03925	0.74510	0.04710	0.02231	0.00909	0.00289	0.00413	0.02024	0.00661	0.00578
26	0.01788	0.24141	0.39581	0.01761	0.02607	0.01930	0.05844	0.02363	0.01560	0.10141	0.01383	0.01530	0.01017	0.00676	0.00627	0.00204	0.00924	0.00524	0.00373	0.01025
27	0.01036	0.00690	0.00777	0.00777	0.00777	0.00690	0.00431	0.01036	0.01036	0.01381	0.02244	0.04660	0.02589	0.74975	0.03624	0.00690	0.00690	0.01036	0.00431	0.00431
28	0.00868	0.00620	0.00826	0.00991	0.01033	0.00578	0.00661	0.00991	0.01363	0.01818	0.03925	0.74510	0.04710	0.02231	0.00909	0.00289	0.00413	0.02024	0.00661	0.00578
29	0.01734	0.01860	0.08666	0.04173	0.64837	0.01689	0.02223	0.02191	0.01611	0.02320	0.01334	0.01740	0.01109	0.00638	0.00703	0.00213	0.00863	0.00625	0.00348	0.01122
30	0.01635	0.02017	0.16364	0.03561	0.47744	0.01608	0.05141	0.02138	0.01602	0.02292	0.01557	0.02298	0.01356	0.00765	0.00731	0.00226	0.00885	0.06648	0.00371	0.01062
31	0.01387	0.01309	0.02212	0.66286	0.11552	0.01593	0.01999	0.01856	0.01444	0.01871	0.01273	0.01885	0.00967	0.00704	0.00711	0.00235	0.00939	0.00633	0.00320	0.00825
32	0.01747	0.01711	0.02753	0.13268	0.58961	0.04760	0.02123	0.02166	0.01613	0.02234	0.01319	0.01759	0.01095	0.00649	0.00703	0.00214	0.00879	0.00627	0.00348	0.01071
33	0.01487	0.01033	0.03694	0.01347	0.01612	0.00958	0.01192	0.04015	0.04323	0.10831	0.03463	0.06695	0.03528	0.01712	0.00921	0.00304	0.00664	0.50769	0.00676	0.00775
34	0.01905	0.01962	0.03539	0.05326	0.03326	0.06415	0.47284	0.10816	0.01891	0.04629	0.01465	0.01850	0.01096	0.00685	0.00873	0.00236	0.04539	0.00768	0.00418	0.00977
35	0.01001	0.00728	0.00942	0.00888	0.01059	0.00669	0.00666	0.01330	0.01998	0.02815	0.67411	0.05386	0.09490	0.01471	0.00840	0.00225	0.00337	0.01297	0.00779	0.00669
36	0.01971	0.01492	0.01727	0.04552	0.02007	0.01382	0.01070	0.22863	0.02102	0.07452	0.01506	0.01631	0.01145	0.00662	0.00606	0.00153	0.00633	0.00520	0.00539	0.45986
37	0.01345	0.01266	0.02136	0.73264	0.04904	0.01582	0.01978	0.01819	0.01424	0.01819	0.01266	0.01898	0.00949	0.00712	0.00712	0.00237	0.00949	0.00633	0.00316	0.00791
38	0.02707	0.01995	0.02137	0.01638	0.02208	0.02208	0.01353	0.68159	0.03348	0.04488	0.01710	0.01710	0.01211	0.00855	0.00712	0.00214	0.00784	0.00641	0.00712	0.01211
39	0.02450	0.01879	0.02138	0.01671	0.02191	0.02095	0.04321	0.52835	0.10746	0.04008	0.01810	0.01858	0.01324	0.01019	0.03117	0.00252	0.03789	0.00672	0.00671	0.01154
40	0.02796	0.01535	0.01817	0.01423	0.01949	0.01561	0.01164	0.30534	0.06931	0.35642	0.02402	0.05294	0.01687	0.00935	0.00723	0.00222	0.00669	0.00748	0.00791	0.01178
41	0.00997	0.00727	0.00936	0.00884	0.01057	0.00667	0.00663	0.01322	0.01989	0.02793	0.65955	0.05421	0.10960	0.01479	0.00840	0.00225	0.00338	0.01302	0.00776	0.00667
42	0.00865	0.00629	0.00817	0.00966	0.01026	0.00580	0.00650	0.00994	0.01387	0.01828	0.04229	0.68249	0.10775	0.02191	0.00903	0.00285	0.00408	0.01976	0.00661	0.00580
43	0.02345	0.02796	0.02324	0.02726	0.26209	0.47374	0.01660	0.02612	0.01879	0.01948	0.01185	0.01452	0.00991	0.00699	0.00664	0.00193	0.01130	0.00520	0.00362	0.00932
44	0.02595	0.03290	0.01983	0.01807	0.02165	0.69310	0.01357	0.02781	0.01983	0.01739	0.01132	0.01344	0.00951	0.00915	0.03460	0.00221	0.01309	0.00471	0.00367	0.00818
45	0.02543	0.01882	0.02027	0.01551	0.02115	0.02037	0.01277	0.59586	0.03107	0.04218	0.01685	0.01716	0.01214	0.00822	0.00688	0.00202	0.00745	0.00620	0.03075	0.08893
46	0.09958	0.02587	0.02101	0.02135	0.13768	0.37209	0.01450	0.17723	0.02180	0.02615	0.01271	0.01451	0.01007	0.00738	0.00650	0.00199	0.01023	0.00524	0.00451	0.00961
47	0.01652	0.01864	0.04024	0.09060	0.03823	0.01782	0.62259	0.02241	0.01659	0.02241	0.01425	0.01919	0.01069	0.00610	0.00829	0.00240	0.01179	0.00822	0.00356	0.00946
48	0.03099	0.01191	0.01622	0.01251	0.01785	0.01030	0.01030	0.03377	0.02037	0.68043	0.05757	0.02550	0.01980	0.00906	0.00721	0.00220	0.00594	0.00741	0.00877	0.01188
49	0.00886	0.00628	0.00821	0.00967	0.01004	0.00591	0.00635	0.00996	0.01327	0.01769	0.03736	0.66674	0.04472	0.10392	0.01213	0.00334	0.00444	0.01913	0.00635	0.00562
50	0.01345	0.01266	0.02136	0.73264	0.04904	0.01582	0.01978	0.01819	0.01424	0.01819	0.01266	0.01898	0.00949	0.00712	0.00712	0.00237	0.00949	0.00633	0.00316	0.00791
51	0.00892	0.00633	0.00831	0.00971	0.01010	0.00602	0.00641	0.01006	0.01317	0.01760	0.03658	0.63831	0.04360	0.10956	0.03617	0.00365	0.00496	0.01865	0.00624	0.00563
52	0.01236	0.00860	0.00999	0.01043	0.01196	0.03518	0.00741	0.04249	0.01592	0.08385	0.06302	0.51324	0.11995	0.01909	0.00862	0.00267	0.00473	0.01693	0.00676	0.00680

[dist]
# distance from previous block
# <min> <max>
0	3

[block]
# block no. 5 follows, 29 sequences, length 7
# corresponding to MSA columns:
# 227-233
name=unknown_F
#
# <colnr> <probs for GDERKNQSTAVLIFYWHMCP>
#	G	D	E	R	K	N	Q	S	T	A	V	L	I	F	Y	W	H	M	C	P
0	0.02387	0.01836	0.01957	0.01574	0.02086	0.02059	0.01276	0.46159	0.25869	0.03972	0.02116	0.02033	0.01540	0.00893	0.00717	0.00223	0.00708	0.00697	0.00717	0.01182
1	0.23604	0.01651	0.01627	0.04824	0.01968	0.04758	0.01132	0.18752	0.25217	0.06586	0.01927	0.01909	0.01423	0.00829	0.00639	0.00225	0.00664	0.00623	0.00616	0.01025
2	0.02640	0.01676	0.02027	0.01823	0.10002	0.01748	0.01332	0.39369	0.02689	0.22408	0.02078	0.05499	0.01525	0.00904	0.00722	0.00219	0.00724	0.00729	0.00714	0.01170
3	0.49657	0.01243	0.01188	0.01034	0.01458	0.01327	0.00834	0.02344	0.01457	0.21694	0.01833	0.10050	0.01503	0.00904	0.00571	0.00228	0.00550	0.00667	0.00588	0.00870
4	0.01039	0.00757	0.00947	0.01009	0.01129	0.00729	0.00711	0.06527	0.01654	0.02219	0.15241	0.51992	0.09436	0.01956	0.00876	0.00268	0.00426	0.01749	0.00686	0.00647
5	0.01563	0.01206	0.01264	0.06228	0.01651	0.09207	0.00937	0.01992	0.10332	0.12087	0.03567	0.31747	0.12287	0.01530	0.00803	0.00250	0.00593	0.01324	0.00643	0.00789
6	0.08107	0.01843	0.07123	0.15033	0.29015	0.05878	0.01791	0.13116	0.03917	0.02658	0.01424	0.01741	0.01110	0.00712	0.00674	0.00216	0.00844	0.00604	0.03179	0.01015

[dist]
# distance from previous block
# <min> <max>
0	7

# created by:
# /st0/software/busco_prod/Augustus/scripts/msa2prfl.pl ./align_prep/167140.fa
