[name]
unknown

[dist]
# distance from previous block
# <min> <max>
0	11

[block]
# block no. 0 follows, 29 sequences, length 10
# corresponding to MSA columns:
# 11-20
name=unknown_A
#
# <colnr> <probs for GDERKNQSTAVLIFYWHMCP>
#	G	D	E	R	K	N	Q	S	T	A	V	L	I	F	Y	W	H	M	C	P
0	0.01220	0.00942	0.01312	0.01572	0.08342	0.00947	0.01195	0.01650	0.05873	0.02185	0.03784	0.06963	0.09660	0.01757	0.00927	0.00303	0.00642	0.49369	0.00630	0.00727
1	0.01428	0.03683	0.71286	0.02030	0.03082	0.01654	0.02631	0.02255	0.01503	0.02255	0.01278	0.01503	0.00902	0.00677	0.00677	0.00226	0.01052	0.00526	0.00301	0.01052
2	0.01135	0.00861	0.01061	0.00988	0.01195	0.00854	0.00747	0.01749	0.13178	0.02876	0.58990	0.04877	0.05964	0.01374	0.00821	0.00227	0.00374	0.01208	0.00774	0.00747
3	0.01626	0.01328	0.01527	0.01146	0.01715	0.01125	0.00912	0.12740	0.01777	0.02635	0.01580	0.08117	0.01411	0.00736	0.00593	0.00140	0.00560	0.00603	0.00492	0.59239
4	0.00946	0.00714	0.00858	0.00842	0.01010	0.00643	0.00614	0.01193	0.01772	0.02378	0.40428	0.11604	0.25888	0.06694	0.01038	0.00267	0.00375	0.01399	0.00711	0.00626
5	0.01484	0.00872	0.01076	0.01022	0.01290	0.00796	0.00804	0.01796	0.04705	0.17476	0.11530	0.12874	0.25396	0.03738	0.00920	0.00267	0.00486	0.11982	0.00718	0.00770
6	0.57452	0.01428	0.01285	0.01080	0.01556	0.01583	0.00891	0.10697	0.01620	0.14621	0.01384	0.01437	0.00992	0.00722	0.00521	0.00219	0.00589	0.00473	0.00548	0.00900
7	0.22532	0.02028	0.01792	0.01474	0.01963	0.13621	0.01188	0.34847	0.08154	0.03571	0.01524	0.01577	0.01130	0.00794	0.00632	0.00213	0.00788	0.00559	0.00586	0.01027
8	0.19310	0.58905	0.03133	0.01156	0.01727	0.02546	0.01119	0.02123	0.01394	0.02014	0.00990	0.01145	0.00882	0.00621	0.00453	0.00167	0.00715	0.00382	0.00335	0.00882
9	0.02673	0.02133	0.02014	0.01614	0.02121	0.15558	0.01300	0.46395	0.02881	0.10488	0.01789	0.04591	0.01348	0.00889	0.00707	0.00212	0.00848	0.00668	0.00660	0.01111

[dist]
# distance from previous block
# <min> <max>
0	1

[block]
# block no. 1 follows, 29 sequences, length 12
# corresponding to MSA columns:
# 23-34
name=unknown_B
#
# <colnr> <probs for GDERKNQSTAVLIFYWHMCP>
#	G	D	E	R	K	N	Q	S	T	A	V	L	I	F	Y	W	H	M	C	P
0	0.00953	0.00716	0.00882	0.00862	0.01035	0.00645	0.00638	0.01230	0.01856	0.02525	0.48172	0.12300	0.22340	0.01616	0.00847	0.00234	0.00349	0.01412	0.00742	0.00645
1	0.01698	0.01798	0.08115	0.10364	0.54229	0.01684	0.02126	0.02271	0.06427	0.02320	0.01439	0.01818	0.01168	0.00669	0.00705	0.00217	0.00852	0.00638	0.00372	0.01091
2	0.01195	0.00633	0.00897	0.00897	0.00897	0.00633	0.00580	0.00950	0.00950	0.01267	0.01444	0.02679	0.01516	0.17422	0.02956	0.63079	0.00633	0.00704	0.00334	0.00334
3	0.00944	0.00749	0.00871	0.00851	0.01024	0.00697	0.00627	0.01156	0.01664	0.02169	0.26905	0.10789	0.36528	0.07436	0.01128	0.00277	0.03504	0.01396	0.00668	0.00617
4	0.07342	0.19389	0.28260	0.01999	0.02768	0.07480	0.18777	0.02268	0.01555	0.02157	0.01219	0.01486	0.00942	0.00645	0.00649	0.00209	0.01006	0.00558	0.00332	0.00959
5	0.01024	0.00691	0.00867	0.00931	0.01053	0.00628	0.00648	0.01188	0.01518	0.05888	0.13164	0.44481	0.16949	0.06229	0.01035	0.00291	0.00420	0.01697	0.00676	0.00622
6	0.02439	0.01774	0.01953	0.01531	0.02059	0.01926	0.01251	0.44167	0.13589	0.09164	0.01919	0.01891	0.01385	0.00857	0.00752	0.00212	0.03161	0.00652	0.00686	0.08634
7	0.00982	0.00715	0.00924	0.00897	0.01054	0.00657	0.00663	0.01285	0.01918	0.02683	0.58943	0.13417	0.10065	0.01565	0.00848	0.00232	0.00346	0.01385	0.00763	0.00657
8	0.01745	0.01327	0.01549	0.01136	0.01746	0.01090	0.00914	0.07091	0.04591	0.08990	0.01515	0.01634	0.01182	0.00605	0.00568	0.00130	0.00556	0.00483	0.00500	0.62648
9	0.02514	0.06152	0.07051	0.01554	0.02146	0.02004	0.01361	0.49479	0.02863	0.09517	0.01736	0.01749	0.01235	0.00818	0.00681	0.00206	0.00761	0.00617	0.03588	0.03967
10	0.02301	0.08948	0.02012	0.01406	0.01943	0.01849	0.01168	0.36427	0.09282	0.10092	0.02248	0.02196	0.06730	0.00883	0.00679	0.00201	0.00681	0.00683	0.00654	0.09617
11	0.05343	0.01578	0.01668	0.01375	0.01823	0.04008	0.01092	0.26695	0.18408	0.12124	0.02488	0.05036	0.05570	0.05179	0.00875	0.00247	0.00662	0.00785	0.00682	0.04362

[dist]
# distance from previous block
# <min> <max>
5	19

[block]
# block no. 2 follows, 29 sequences, length 12
# corresponding to MSA columns:
# 55-66
name=unknown_C
#
# <colnr> <probs for GDERKNQSTAVLIFYWHMCP>
#	G	D	E	R	K	N	Q	S	T	A	V	L	I	F	Y	W	H	M	C	P
0	0.01708	0.01190	0.01538	0.01254	0.01629	0.01138	0.05995	0.09385	0.08573	0.11492	0.06396	0.09756	0.02302	0.15040	0.01260	0.00295	0.00623	0.00890	0.03459	0.16076
1	0.02225	0.01385	0.01590	0.01291	0.01756	0.05554	0.01028	0.02766	0.12576	0.29125	0.02305	0.07642	0.01776	0.00921	0.00773	0.00203	0.04792	0.00735	0.00658	0.20897
2	0.01811	0.01494	0.01632	0.01263	0.01799	0.04914	0.01011	0.13132	0.07501	0.05446	0.01562	0.01727	0.01238	0.00961	0.05060	0.00214	0.02769	0.00531	0.00506	0.45427
3	0.01384	0.00939	0.01148	0.01089	0.01338	0.00889	0.00803	0.05726	0.07860	0.09256	0.09438	0.38262	0.06373	0.01600	0.00805	0.00243	0.00474	0.01413	0.00675	0.10286
4	0.01876	0.01620	0.05804	0.01439	0.01900	0.01649	0.01198	0.13707	0.40333	0.06465	0.05912	0.02504	0.02073	0.01168	0.04640	0.00276	0.00691	0.00759	0.00673	0.05313
5	0.01502	0.08484	0.25304	0.21889	0.08677	0.01611	0.01927	0.02025	0.01509	0.05191	0.06316	0.02004	0.01449	0.01056	0.05228	0.00282	0.03619	0.00634	0.00376	0.00917
6	0.01955	0.70533	0.03615	0.01260	0.01853	0.07504	0.01229	0.02180	0.01485	0.01680	0.00997	0.01152	0.00914	0.00618	0.00469	0.00154	0.00797	0.00386	0.00309	0.00908
7	0.01383	0.00949	0.01255	0.08517	0.01629	0.01023	0.00929	0.07248	0.01727	0.06447	0.23479	0.03425	0.03224	0.06211	0.15619	0.00436	0.03692	0.00899	0.11162	0.00744
8	0.14218	0.01300	0.01605	0.01250	0.01786	0.01221	0.01032	0.08573	0.02026	0.55804	0.02457	0.02183	0.01575	0.00847	0.00676	0.00220	0.00613	0.00662	0.00804	0.01148
9	0.02662	0.01851	0.02026	0.01562	0.02109	0.02013	0.01287	0.58305	0.03150	0.10824	0.05512	0.01973	0.01562	0.00890	0.00720	0.00215	0.00742	0.00683	0.00733	0.01182
10	0.01866	0.01076	0.01153	0.00983	0.01293	0.01121	0.00780	0.20079	0.02049	0.08998	0.02196	0.02375	0.01651	0.00841	0.00575	0.00184	0.00479	0.00662	0.50779	0.00861
11	0.02082	0.01505	0.01755	0.01402	0.01833	0.01608	0.05166	0.34848	0.08234	0.06133	0.05030	0.02640	0.06265	0.05582	0.00886	0.00243	0.00665	0.00781	0.12348	0.00996

[dist]
# distance from previous block
# <min> <max>
5	8

[block]
# block no. 3 follows, 29 sequences, length 24
# corresponding to MSA columns:
# 86-109
name=unknown_D
#
# <colnr> <probs for GDERKNQSTAVLIFYWHMCP>
#	G	D	E	R	K	N	Q	S	T	A	V	L	I	F	Y	W	H	M	C	P
0	0.01293	0.01009	0.01387	0.01288	0.01458	0.01202	0.01024	0.09829	0.01419	0.02020	0.01773	0.02520	0.01613	0.04311	0.55249	0.00933	0.09800	0.00732	0.00416	0.00725
1	0.00944	0.00654	0.00810	0.00897	0.00925	0.00629	0.00564	0.01023	0.01248	0.01670	0.05674	0.42222	0.03882	0.33146	0.02061	0.00457	0.00528	0.01576	0.00568	0.00519
2	0.00973	0.00821	0.00854	0.00829	0.01081	0.00752	0.00626	0.01394	0.09938	0.02150	0.13270	0.06179	0.55270	0.01665	0.00827	0.00239	0.00383	0.01395	0.00682	0.00673
3	0.01244	0.00622	0.00907	0.00907	0.00920	0.00622	0.00609	0.00984	0.00971	0.01347	0.01321	0.02202	0.01282	0.02346	0.02606	0.73160	0.00596	0.00622	0.06393	0.00337
4	0.01561	0.01470	0.02489	0.45792	0.21445	0.01666	0.07097	0.06025	0.01612	0.02149	0.01325	0.01854	0.01021	0.00692	0.00720	0.00229	0.00932	0.00650	0.00353	0.00916
5	0.00904	0.00768	0.00785	0.00784	0.01024	0.00676	0.00586	0.01200	0.06019	0.01987	0.06750	0.10332	0.62169	0.01772	0.00838	0.00243	0.00377	0.01486	0.00665	0.00634
6	0.01768	0.05753	0.01957	0.05982	0.01944	0.13395	0.01330	0.06242	0.01498	0.02057	0.01290	0.01734	0.01118	0.01108	0.03292	0.00269	0.34596	0.00595	0.13273	0.00800
7	0.01646	0.01670	0.05613	0.12192	0.50847	0.01616	0.05706	0.02095	0.01597	0.02245	0.01522	0.02262	0.01324	0.00747	0.00734	0.00226	0.00872	0.05679	0.00370	0.01039
8	0.02250	0.01724	0.01787	0.04496	0.02056	0.07887	0.01213	0.22319	0.25773	0.12981	0.02532	0.02426	0.05825	0.00948	0.00754	0.00226	0.02292	0.00745	0.00682	0.01084
9	0.01545	0.01426	0.02500	0.01966	0.02381	0.01425	0.28607	0.12987	0.01812	0.02451	0.02324	0.26075	0.02344	0.01465	0.04797	0.00304	0.03029	0.01190	0.00520	0.00853
10	0.01757	0.01432	0.01627	0.01188	0.01806	0.01237	0.00960	0.16947	0.01904	0.02815	0.01367	0.01530	0.01090	0.00602	0.00570	0.00130	0.00586	0.00472	0.00488	0.61490
11	0.02110	0.02440	0.02003	0.06975	0.02240	0.38968	0.03336	0.02416	0.04816	0.01868	0.01264	0.01601	0.01066	0.00990	0.02987	0.00247	0.18105	0.00558	0.05195	0.00815
12	0.01958	0.01053	0.01419	0.01178	0.01531	0.00982	0.03268	0.08304	0.02093	0.27162	0.33090	0.08346	0.04113	0.01216	0.00789	0.00227	0.00509	0.01057	0.00789	0.00918
13	0.00873	0.00638	0.00822	0.00956	0.01027	0.00587	0.00648	0.01016	0.01432	0.01893	0.08357	0.62798	0.12060	0.02136	0.00897	0.00280	0.00403	0.01922	0.00669	0.00587
14	0.01474	0.10544	0.64824	0.01952	0.02962	0.01765	0.02496	0.02243	0.01498	0.02200	0.01250	0.01469	0.00903	0.00670	0.00656	0.00219	0.01025	0.00512	0.00301	0.01039
15	0.00855	0.00668	0.00776	0.00862	0.00999	0.00589	0.00603	0.01006	0.01488	0.01868	0.05501	0.42073	0.36129	0.02026	0.00877	0.00266	0.00388	0.01774	0.00661	0.00589
16	0.00953	0.00675	0.00886	0.00996	0.01069	0.00643	0.00705	0.01122	0.01459	0.01962	0.13647	0.44926	0.04639	0.11739	0.01270	0.00338	0.00474	0.11262	0.00648	0.00584
17	0.01516	0.03005	0.47489	0.02450	0.12016	0.01725	0.10784	0.02201	0.01505	0.02219	0.01276	0.01596	0.00958	0.00712	0.00850	0.00233	0.07536	0.00589	0.00316	0.01026
18	0.00931	0.00651	0.00823	0.00918	0.00959	0.00620	0.00593	0.01036	0.01323	0.01779	0.09340	0.47317	0.04251	0.24040	0.01719	0.00404	0.00490	0.01661	0.00603	0.00543
19	0.03944	0.01621	0.01734	0.06070	0.02001	0.04685	0.01177	0.36794	0.04458	0.05123	0.01803	0.01952	0.01343	0.00855	0.00742	0.00209	0.04691	0.00638	0.19158	0.01002
20	0.12076	0.04170	0.02089	0.01540	0.02101	0.01577	0.09972	0.17484	0.06266	0.29135	0.02034	0.01970	0.01392	0.00791	0.00681	0.00215	0.00717	0.00656	0.00671	0.04462
21	0.01854	0.07468	0.13526	0.01961	0.08792	0.07917	0.04435	0.15483	0.04231	0.02471	0.01440	0.01862	0.01204	0.05231	0.06376	0.00322	0.13421	0.00629	0.00428	0.00949
22	0.01810	0.01815	0.06235	0.03086	0.38618	0.05977	0.04615	0.10451	0.01759	0.02405	0.01474	0.02094	0.01296	0.10574	0.01170	0.00280	0.04255	0.00680	0.00405	0.01000
23	0.11493	0.09279	0.41854	0.01807	0.04690	0.01664	0.05053	0.02161	0.01470	0.02335	0.01224	0.01451	0.00922	0.00644	0.00616	0.00203	0.00894	0.00500	0.00339	0.11402

[dist]
# distance from previous block
# <min> <max>
0	1

[block]
# block no. 4 follows, 29 sequences, length 24
# corresponding to MSA columns:
# 111-134
name=unknown_E
#
# <colnr> <probs for GDERKNQSTAVLIFYWHMCP>
#	G	D	E	R	K	N	Q	S	T	A	V	L	I	F	Y	W	H	M	C	P
0	0.01524	0.01290	0.01551	0.04963	0.01851	0.01173	0.00989	0.06867	0.05508	0.02404	0.01643	0.09061	0.01492	0.00811	0.00726	0.00161	0.05590	0.00650	0.00473	0.51273
1	0.01554	0.01558	0.02009	0.24767	0.22119	0.10943	0.01622	0.01965	0.04010	0.02023	0.02439	0.05321	0.11982	0.00977	0.00739	0.00229	0.00830	0.03624	0.00428	0.00861
2	0.01387	0.01129	0.01243	0.01148	0.01441	0.01202	0.00877	0.06691	0.29617	0.02721	0.18527	0.11552	0.16840	0.01364	0.00792	0.00241	0.00472	0.01166	0.00718	0.00871
3	0.80005	0.01377	0.01047	0.00936	0.01377	0.01597	0.00771	0.02093	0.01212	0.03195	0.00991	0.01157	0.00771	0.00661	0.00441	0.00220	0.00551	0.00386	0.00441	0.00771
4	0.00867	0.00624	0.00822	0.00981	0.01030	0.00579	0.00656	0.00993	0.01373	0.01822	0.04050	0.71931	0.07208	0.02215	0.00906	0.00287	0.00411	0.02004	0.00661	0.00579
5	0.01396	0.01365	0.02450	0.62568	0.04724	0.01615	0.12020	0.01890	0.01463	0.01890	0.01292	0.01902	0.00969	0.00695	0.00731	0.00238	0.00987	0.00664	0.00323	0.00817
6	0.00899	0.00693	0.00764	0.00796	0.00936	0.00620	0.00544	0.01031	0.01445	0.01807	0.07636	0.20055	0.38501	0.19291	0.01517	0.00357	0.00449	0.01490	0.00611	0.00559
7	0.01541	0.01343	0.04230	0.01285	0.01611	0.05281	0.02992	0.06759	0.19151	0.06244	0.20443	0.13715	0.08043	0.01307	0.00791	0.00239	0.00571	0.02902	0.00683	0.00868
8	0.01036	0.00690	0.00777	0.00777	0.00777	0.00690	0.00431	0.01036	0.01036	0.01381	0.02244	0.04660	0.02589	0.74975	0.03624	0.00690	0.00690	0.01036	0.00431	0.00431
9	0.02031	0.01330	0.01565	0.01167	0.01741	0.01152	0.00945	0.12713	0.01896	0.17420	0.01738	0.01795	0.01283	0.00675	0.00595	0.00151	0.00572	0.00536	0.05788	0.44905
10	0.01724	0.24133	0.17404	0.01784	0.02326	0.04922	0.11093	0.02103	0.01437	0.04345	0.01245	0.01674	0.01067	0.05085	0.01159	0.00249	0.16424	0.00582	0.00344	0.00900
11	0.02507	0.01354	0.01604	0.01261	0.01790	0.04209	0.01017	0.03052	0.12071	0.40245	0.04136	0.02268	0.01754	0.00822	0.00674	0.00196	0.00604	0.00666	0.00728	0.19045
12	0.00868	0.00620	0.00826	0.00991	0.01033	0.00578	0.00661	0.00991	0.01363	0.01818	0.03925	0.74510	0.04710	0.02231	0.00909	0.00289	0.00413	0.02024	0.00661	0.00578
13	0.02113	0.01484	0.01639	0.01330	0.01697	0.01636	0.01054	0.38974	0.02441	0.05548	0.01892	0.02405	0.01560	0.13664	0.03819	0.00327	0.04563	0.00717	0.12181	0.00954
14	0.01697	0.01323	0.01544	0.01118	0.01740	0.01061	0.00900	0.07427	0.01671	0.07226	0.01409	0.01561	0.01116	0.00579	0.00556	0.00122	0.00554	0.00460	0.00478	0.67460
15	0.01219	0.00776	0.00889	0.00853	0.00911	0.00775	0.00518	0.04317	0.01213	0.05205	0.02329	0.07777	0.02583	0.64087	0.03204	0.00624	0.00677	0.01048	0.00479	0.00516
16	0.02865	0.01135	0.01543	0.01217	0.01705	0.00987	0.00991	0.03139	0.02003	0.60899	0.09566	0.06194	0.02398	0.01004	0.00738	0.00224	0.00570	0.00836	0.00861	0.01127
17	0.01001	0.00688	0.00837	0.00861	0.00896	0.00688	0.00539	0.01079	0.01195	0.01620	0.08773	0.16908	0.03267	0.48563	0.09530	0.00620	0.00727	0.01207	0.00500	0.00499
18	0.00899	0.00710	0.00810	0.00813	0.01004	0.00621	0.00599	0.01123	0.01717	0.02214	0.27311	0.15119	0.41040	0.01745	0.00850	0.00241	0.00359	0.01500	0.00701	0.00621
19	0.01456	0.00856	0.00920	0.00853	0.01053	0.00897	0.00645	0.10557	0.01666	0.02681	0.02192	0.02737	0.01813	0.08538	0.07720	0.00318	0.00580	0.00707	0.53100	0.00712
20	0.02155	0.01622	0.04421	0.05479	0.37230	0.01556	0.01736	0.08056	0.06348	0.19192	0.01824	0.01966	0.01343	0.00736	0.00704	0.00214	0.00764	0.00657	0.00535	0.03463
21	0.02316	0.17106	0.05326	0.01728	0.04847	0.38981	0.01365	0.10659	0.01965	0.02092	0.01251	0.01570	0.01076	0.05824	0.00824	0.00219	0.01051	0.00516	0.00399	0.00886
22	0.01519	0.03265	0.55258	0.01974	0.05374	0.05646	0.02300	0.02224	0.01534	0.02237	0.01268	0.01497	0.00932	0.00658	0.00655	0.00206	0.00987	0.00512	0.00323	0.11631
23	0.14971	0.01174	0.01116	0.01068	0.01364	0.05199	0.00843	0.03840	0.12646	0.02432	0.06768	0.04742	0.25933	0.04007	0.00859	0.00262	0.00549	0.10862	0.00614	0.00753

[dist]
# distance from previous block
# <min> <max>
0	6

[block]
# block no. 5 follows, 29 sequences, length 21
# corresponding to MSA columns:
# 141-161
name=unknown_F
#
# <colnr> <probs for GDERKNQSTAVLIFYWHMCP>
#	G	D	E	R	K	N	Q	S	T	A	V	L	I	F	Y	W	H	M	C	P
0	0.16353	0.01478	0.04501	0.24054	0.08885	0.04077	0.01433	0.05318	0.07368	0.06775	0.11045	0.02272	0.01897	0.00837	0.00676	0.00226	0.00735	0.00687	0.00497	0.00887
1	0.01749	0.06241	0.01896	0.05129	0.08144	0.16116	0.01274	0.09151	0.01689	0.02112	0.03827	0.13568	0.01910	0.05729	0.05843	0.00322	0.13179	0.00855	0.00453	0.00812
2	0.01306	0.01107	0.01345	0.01071	0.01482	0.00971	0.00846	0.01593	0.01571	0.02334	0.17746	0.04901	0.08302	0.00972	0.00822	0.00171	0.07949	0.00780	0.00521	0.44210
3	0.01054	0.00808	0.01150	0.01137	0.01227	0.00944	0.00858	0.01250	0.01140	0.01629	0.02037	0.08662	0.02066	0.15492	0.50037	0.00936	0.07664	0.00893	0.00405	0.00612
4	0.00934	0.00663	0.00854	0.00956	0.01021	0.00627	0.00653	0.01081	0.01424	0.01910	0.12823	0.46630	0.06526	0.14454	0.01364	0.00350	0.00465	0.06057	0.00639	0.00572
5	0.00894	0.00639	0.00855	0.01008	0.01065	0.00600	0.00695	0.01043	0.01417	0.01894	0.07416	0.66327	0.04774	0.02172	0.00910	0.00288	0.00426	0.06323	0.00667	0.00589
6	0.01138	0.00941	0.01376	0.01306	0.01405	0.01179	0.01039	0.01370	0.01132	0.01667	0.01690	0.02520	0.01591	0.04426	0.56551	0.00958	0.17945	0.00732	0.00366	0.00668
7	0.02406	0.01175	0.01495	0.01214	0.01645	0.01113	0.00977	0.08235	0.09016	0.39787	0.21307	0.03188	0.03127	0.01046	0.00751	0.00223	0.00542	0.00877	0.00824	0.01054
8	0.00927	0.00664	0.00890	0.01026	0.01102	0.00626	0.00734	0.01110	0.01491	0.02002	0.12748	0.55497	0.04888	0.02089	0.00911	0.00286	0.00438	0.11292	0.00677	0.00602
9	0.01829	0.01558	0.01642	0.01461	0.01874	0.01798	0.01141	0.07738	0.65199	0.03071	0.02825	0.02599	0.02115	0.00959	0.00724	0.00240	0.00577	0.00795	0.00724	0.01132
10	0.01163	0.00904	0.01066	0.00931	0.01223	0.00806	0.00716	0.05891	0.01920	0.02651	0.38591	0.04791	0.20723	0.01341	0.00778	0.00207	0.00405	0.01149	0.00688	0.14056
11	0.02657	0.01901	0.02058	0.01597	0.02150	0.02091	0.01313	0.58102	0.09109	0.08821	0.01889	0.01842	0.01333	0.00866	0.00714	0.00217	0.00752	0.00661	0.00725	0.01204
12	0.80005	0.01377	0.01047	0.00936	0.01377	0.01597	0.00771	0.02093	0.01212	0.03195	0.00991	0.01157	0.00771	0.00661	0.00441	0.00220	0.00551	0.00386	0.00441	0.00771
13	0.01030	0.00774	0.00944	0.00894	0.01076	0.00729	0.00663	0.01422	0.06016	0.02615	0.51417	0.05354	0.16236	0.06486	0.01023	0.00259	0.00378	0.01275	0.00737	0.00672
14	0.05657	0.01136	0.01511	0.01192	0.01673	0.01003	0.00973	0.03058	0.02004	0.56941	0.14185	0.02869	0.02568	0.00971	0.00727	0.00221	0.00558	0.00801	0.00849	0.01104
15	0.01019	0.00757	0.01113	0.01113	0.01230	0.00873	0.00851	0.01252	0.01135	0.01630	0.01936	0.02955	0.01848	0.11223	0.66364	0.01106	0.01804	0.00786	0.00386	0.00619
16	0.03807	0.00727	0.00939	0.07032	0.01339	0.00726	0.00743	0.01192	0.01435	0.02016	0.11111	0.44294	0.07475	0.07235	0.01037	0.00294	0.00467	0.01571	0.05949	0.00610
17	0.00881	0.00660	0.00787	0.00880	0.00978	0.00600	0.00595	0.01006	0.01403	0.01795	0.04734	0.44683	0.24799	0.11274	0.01230	0.00325	0.00432	0.01738	0.00632	0.00567
18	0.01633	0.01571	0.02709	0.25206	0.48228	0.01662	0.04495	0.02078	0.01564	0.02171	0.01321	0.01809	0.01072	0.00657	0.00712	0.00220	0.00890	0.00641	0.00342	0.01020
19	0.00870	0.00646	0.00812	0.00933	0.01020	0.00588	0.00638	0.01016	0.01449	0.01892	0.07966	0.57436	0.17927	0.02106	0.00892	0.00276	0.00399	0.01882	0.00667	0.00588
20	0.09684	0.04073	0.11696	0.23409	0.09220	0.01788	0.01703	0.19876	0.04640	0.02825	0.01500	0.03821	0.01168	0.00784	0.00678	0.00224	0.00833	0.00635	0.00462	0.00980

[dist]
# distance from previous block
# <min> <max>
12	19

[block]
# block no. 6 follows, 29 sequences, length 10
# corresponding to MSA columns:
# 182-191
name=unknown_G
#
# <colnr> <probs for GDERKNQSTAVLIFYWHMCP>
#	G	D	E	R	K	N	Q	S	T	A	V	L	I	F	Y	W	H	M	C	P
0	0.01456	0.08584	0.50164	0.01864	0.02652	0.01759	0.02216	0.02096	0.01468	0.02165	0.05948	0.01748	0.01309	0.00817	0.00939	0.00234	0.12690	0.00583	0.00336	0.00972
1	0.00997	0.00675	0.00828	0.00875	0.00927	0.00663	0.00567	0.01114	0.01290	0.01793	0.10409	0.27057	0.03634	0.33579	0.06647	0.00501	0.00615	0.01340	0.05952	0.00535
2	0.02449	0.23933	0.02530	0.01626	0.02095	0.41189	0.01327	0.12869	0.02062	0.02153	0.01164	0.01310	0.00962	0.00717	0.00600	0.00179	0.01055	0.00465	0.00403	0.00911
3	0.01260	0.00940	0.01111	0.01068	0.01293	0.00957	0.00797	0.01985	0.20006	0.05432	0.28761	0.20446	0.10102	0.01506	0.00819	0.00245	0.00428	0.01320	0.00734	0.00790
4	0.01516	0.01568	0.02496	0.26518	0.06358	0.07370	0.18536	0.01914	0.01530	0.01992	0.04919	0.09666	0.01668	0.00944	0.00962	0.00246	0.09732	0.00850	0.00392	0.00822
5	0.11922	0.06837	0.01693	0.06217	0.01933	0.07919	0.01070	0.05325	0.13565	0.11623	0.01963	0.08777	0.01637	0.00884	0.00639	0.00201	0.00663	0.00702	0.00554	0.15877
6	0.01313	0.01284	0.05940	0.01368	0.01551	0.04437	0.01138	0.04891	0.01298	0.01827	0.01658	0.02519	0.01563	0.10370	0.40258	0.00785	0.15979	0.00726	0.00383	0.00710
7	0.15012	0.01148	0.01248	0.01055	0.01447	0.01086	0.00813	0.09163	0.01653	0.05643	0.05143	0.16775	0.06477	0.05098	0.00819	0.00225	0.00531	0.00912	0.00557	0.25196
8	0.02108	0.10586	0.02128	0.01610	0.01941	0.25464	0.01299	0.05931	0.05009	0.06365	0.01404	0.04541	0.01220	0.00926	0.01078	0.00218	0.19955	0.00598	0.00431	0.07189
9	0.01713	0.01897	0.07727	0.05571	0.02231	0.16598	0.11577	0.04081	0.01673	0.04031	0.07266	0.02395	0.05035	0.01383	0.08554	0.00322	0.08657	0.00732	0.07736	0.00822

[dist]
# distance from previous block
# <min> <max>
0	4

[block]
# block no. 7 follows, 29 sequences, length 25
# corresponding to MSA columns:
# 196-220
name=unknown_H
#
# <colnr> <probs for GDERKNQSTAVLIFYWHMCP>
#	G	D	E	R	K	N	Q	S	T	A	V	L	I	F	Y	W	H	M	C	P
0	0.01359	0.00929	0.01037	0.00947	0.01249	0.00872	0.00731	0.01884	0.13117	0.12137	0.14923	0.05291	0.39829	0.01480	0.00804	0.00235	0.00426	0.01242	0.00721	0.00787
1	0.01952	0.01558	0.01667	0.01458	0.01886	0.01773	0.01146	0.10375	0.58464	0.07200	0.02771	0.02546	0.02050	0.00950	0.00723	0.00237	0.00589	0.00783	0.00733	0.01141
2	0.02793	0.01409	0.01726	0.03410	0.01942	0.01397	0.01121	0.22207	0.04848	0.41460	0.02407	0.02227	0.01598	0.00868	0.00697	0.00215	0.00644	0.00691	0.07188	0.01151
3	0.01396	0.00822	0.01053	0.00954	0.01206	0.00737	0.00741	0.01694	0.01937	0.15457	0.43900	0.05156	0.16472	0.01430	0.00823	0.00231	0.00405	0.04053	0.00776	0.00760
4	0.02856	0.01386	0.01715	0.01355	0.01881	0.01353	0.01107	0.12992	0.14846	0.48519	0.02665	0.02363	0.01759	0.00893	0.00717	0.00223	0.00624	0.00722	0.00827	0.01196
5	0.14264	0.01229	0.01533	0.01229	0.01736	0.01148	0.01016	0.03171	0.05024	0.54057	0.02601	0.02564	0.01768	0.00914	0.00691	0.00227	0.00599	0.04321	0.00797	0.01112
6	0.01749	0.01502	0.01583	0.01446	0.04336	0.04619	0.01088	0.12887	0.33173	0.02858	0.03064	0.05363	0.11370	0.01066	0.00727	0.00223	0.00606	0.02639	0.00649	0.09053
7	0.02324	0.01318	0.01607	0.01282	0.01789	0.01229	0.01044	0.12924	0.07880	0.29979	0.02402	0.05716	0.01856	0.00944	0.00701	0.00205	0.00607	0.05770	0.00705	0.19718
8	0.65831	0.01711	0.11371	0.03547	0.01746	0.01605	0.01084	0.02108	0.01262	0.03011	0.01043	0.01233	0.00796	0.00665	0.00484	0.00222	0.00638	0.00415	0.00416	0.00813
9	0.05967	0.00750	0.00778	0.00778	0.00932	0.00765	0.00558	0.03808	0.01455	0.02442	0.02445	0.13349	0.02275	0.11844	0.01018	0.00265	0.00425	0.00900	0.48602	0.00643
10	0.00947	0.00696	0.00913	0.01036	0.01103	0.00684	0.00739	0.01095	0.01382	0.01829	0.03849	0.52014	0.08294	0.08311	0.01199	0.00327	0.03182	0.11189	0.00628	0.00586
11	0.01049	0.00723	0.00925	0.00915	0.01052	0.00674	0.00661	0.01295	0.01739	0.04263	0.42621	0.16080	0.08107	0.12325	0.01260	0.00307	0.00422	0.04243	0.00705	0.00633
12	0.00912	0.00689	0.00842	0.00877	0.01024	0.00620	0.00630	0.01131	0.01680	0.02232	0.29382	0.29156	0.24596	0.01819	0.00864	0.00251	0.00369	0.01600	0.00707	0.00620
13	0.80005	0.01377	0.01047	0.00936	0.01377	0.01597	0.00771	0.02093	0.01212	0.03195	0.00991	0.01157	0.00771	0.00661	0.00441	0.00220	0.00551	0.00386	0.00441	0.00771
14	0.11137	0.01290	0.01894	0.49418	0.05439	0.01542	0.01647	0.02106	0.07773	0.05849	0.01507	0.02006	0.01151	0.03487	0.00788	0.00251	0.00834	0.00638	0.00406	0.00838
15	0.06850	0.09218	0.02194	0.07197	0.02334	0.21072	0.01363	0.35391	0.02539	0.03200	0.01402	0.01525	0.01058	0.00777	0.00654	0.00202	0.00917	0.00552	0.00534	0.01021
16	0.01893	0.69643	0.03566	0.01236	0.01829	0.02736	0.01211	0.02261	0.06734	0.01777	0.01139	0.01260	0.01012	0.00637	0.00478	0.00159	0.00746	0.00414	0.00337	0.00930
17	0.80005	0.01377	0.01047	0.00936	0.01377	0.01597	0.00771	0.02093	0.01212	0.03195	0.00991	0.01157	0.00771	0.00661	0.00441	0.00220	0.00551	0.00386	0.00441	0.00771
18	0.02362	0.01693	0.01820	0.01446	0.01915	0.01856	0.01175	0.53219	0.02923	0.04012	0.01972	0.07524	0.01573	0.00958	0.00696	0.00213	0.00689	0.00752	0.12121	0.01082
19	0.00986	0.00711	0.00932	0.00911	0.01059	0.00657	0.00670	0.01288	0.01913	0.02693	0.59762	0.16179	0.06403	0.01577	0.00851	0.00234	0.00348	0.01403	0.00765	0.00657
20	0.24728	0.01408	0.01469	0.01217	0.01644	0.01519	0.00974	0.20104	0.07523	0.15685	0.05572	0.02263	0.01708	0.07920	0.03047	0.00292	0.00666	0.00670	0.00634	0.00958
21	0.01417	0.00774	0.00795	0.00760	0.00950	0.00790	0.00572	0.07145	0.01629	0.02738	0.02325	0.05137	0.01898	0.03217	0.00628	0.00191	0.00384	0.00721	0.67231	0.00699
22	0.01011	0.00683	0.00799	0.00822	0.00833	0.00683	0.00482	0.01039	0.01086	0.01453	0.02464	0.14302	0.02851	0.61990	0.06064	0.00653	0.00702	0.01162	0.00461	0.00460
23	0.01653	0.01814	0.03785	0.11316	0.12919	0.01761	0.51396	0.02215	0.01643	0.02234	0.01407	0.01897	0.01072	0.00618	0.00807	0.00236	0.01123	0.00788	0.00354	0.00964
24	0.00964	0.00717	0.00919	0.00991	0.01117	0.00637	0.00677	0.01110	0.01365	0.01872	0.03461	0.60728	0.04081	0.05238	0.00975	0.00280	0.00442	0.01746	0.00616	0.12062

[dist]
# distance from previous block
# <min> <max>
0	4

[block]
# block no. 8 follows, 29 sequences, length 16
# corresponding to MSA columns:
# 225-240
name=unknown_I
#
# <colnr> <probs for GDERKNQSTAVLIFYWHMCP>
#	G	D	E	R	K	N	Q	S	T	A	V	L	I	F	Y	W	H	M	C	P
0	0.01681	0.01853	0.08025	0.02219	0.02872	0.01628	0.34965	0.07402	0.01702	0.02422	0.01365	0.01728	0.01060	0.00658	0.00853	0.00207	0.06646	0.00674	0.00397	0.21643
1	0.08542	0.01809	0.02052	0.12723	0.11239	0.09436	0.03175	0.20072	0.12936	0.02904	0.01807	0.01977	0.03547	0.00835	0.00757	0.00224	0.03787	0.00658	0.00521	0.01000
2	0.02827	0.06990	0.01869	0.01329	0.01857	0.01387	0.01108	0.09551	0.06973	0.49449	0.02449	0.02210	0.01620	0.00867	0.00752	0.00216	0.03400	0.00677	0.00773	0.03697
3	0.01674	0.01383	0.01583	0.01148	0.01771	0.01151	0.00926	0.12447	0.01777	0.02668	0.01337	0.01514	0.01080	0.00580	0.00557	0.00123	0.00568	0.00457	0.00469	0.66788
4	0.70625	0.10267	0.01369	0.00970	0.01431	0.01744	0.00825	0.02098	0.01240	0.03012	0.00991	0.01155	0.00788	0.00655	0.00443	0.00212	0.00576	0.00385	0.00424	0.00788
5	0.01036	0.00690	0.00777	0.00777	0.00777	0.00690	0.00431	0.01036	0.01036	0.01381	0.02244	0.04660	0.02589	0.74975	0.03624	0.00690	0.00690	0.01036	0.00431	0.00431
6	0.01131	0.01018	0.04134	0.01214	0.01395	0.00994	0.03291	0.01443	0.01733	0.02456	0.41446	0.12518	0.04935	0.01486	0.01092	0.00254	0.12215	0.05893	0.00650	0.00703
7	0.01543	0.01550	0.02760	0.07407	0.02708	0.01757	0.26857	0.04905	0.01454	0.02055	0.01365	0.01955	0.01158	0.01689	0.14303	0.00426	0.24170	0.00733	0.00362	0.00843
8	0.01428	0.03683	0.71286	0.02030	0.03082	0.01654	0.02631	0.02255	0.01503	0.02255	0.01278	0.01503	0.00902	0.00677	0.00677	0.00226	0.01052	0.00526	0.00301	0.01052
9	0.00868	0.00620	0.00826	0.00991	0.01033	0.00578	0.00661	0.00991	0.01363	0.01818	0.03925	0.74510	0.04710	0.02231	0.00909	0.00289	0.00413	0.02024	0.00661	0.00578
10	0.01361	0.01298	0.02238	0.69772	0.04846	0.01593	0.05256	0.01842	0.01437	0.01842	0.01274	0.01900	0.00956	0.00706	0.00718	0.00237	0.00962	0.00643	0.00319	0.00799
11	0.01891	0.67780	0.03505	0.01244	0.01815	0.06061	0.01208	0.02119	0.01458	0.01677	0.01046	0.01241	0.00962	0.00878	0.04444	0.00209	0.00850	0.00406	0.00312	0.00894
12	0.01827	0.63789	0.14672	0.01350	0.02031	0.02629	0.01447	0.02152	0.01456	0.01769	0.01037	0.01201	0.00912	0.00620	0.00492	0.00164	0.00809	0.00404	0.00304	0.00936
13	0.06757	0.01459	0.01679	0.01359	0.01842	0.01502	0.01095	0.22947	0.13114	0.27106	0.02431	0.08720	0.01848	0.00985	0.00712	0.00224	0.00630	0.00798	0.00743	0.04051
14	0.68354	0.01414	0.01176	0.01016	0.01474	0.01605	0.00837	0.07389	0.01440	0.08216	0.01180	0.01292	0.00878	0.00692	0.00482	0.00220	0.00573	0.00430	0.00494	0.00838
15	0.00912	0.00687	0.00774	0.00813	0.00930	0.00625	0.00545	0.01033	0.01405	0.01781	0.07827	0.22989	0.31222	0.23298	0.01672	0.00383	0.00469	0.01486	0.00600	0.00549

[dist]
# distance from previous block
# <min> <max>
0	2

[block]
# block no. 9 follows, 29 sequences, length 7
# corresponding to MSA columns:
# 243-249
name=unknown_J
#
# <colnr> <probs for GDERKNQSTAVLIFYWHMCP>
#	G	D	E	R	K	N	Q	S	T	A	V	L	I	F	Y	W	H	M	C	P
0	0.48907	0.01714	0.01430	0.01220	0.01680	0.08178	0.00988	0.17314	0.07409	0.03338	0.01323	0.01418	0.01001	0.00737	0.00544	0.00217	0.00672	0.00485	0.00519	0.00906
1	0.01472	0.01334	0.02136	0.66558	0.04652	0.01641	0.01919	0.08030	0.01604	0.02069	0.01307	0.01881	0.00974	0.00725	0.00712	0.00235	0.00934	0.00634	0.00353	0.00830
2	0.00868	0.00620	0.00826	0.00991	0.01033	0.00578	0.00661	0.00991	0.01363	0.01818	0.03925	0.74510	0.04710	0.02231	0.00909	0.00289	0.00413	0.02024	0.00661	0.00578
3	0.01183	0.00619	0.00913	0.00937	0.00943	0.00613	0.00625	0.00937	0.00991	0.01321	0.01626	0.12640	0.01740	0.02439	0.02512	0.67844	0.00589	0.00822	0.00360	0.00348
4	0.72893	0.01434	0.01147	0.01001	0.01454	0.01654	0.00825	0.08172	0.01408	0.03314	0.01058	0.01208	0.00812	0.00679	0.00466	0.00220	0.00572	0.00409	0.00466	0.00812
5	0.00970	0.00679	0.00812	0.00850	0.00905	0.00650	0.00540	0.01068	0.01318	0.01764	0.13229	0.24436	0.08956	0.38104	0.02238	0.00474	0.00535	0.01385	0.00566	0.00521
6	0.00995	0.00739	0.00951	0.01046	0.01200	0.00694	0.00832	0.01245	0.01628	0.02119	0.14277	0.22404	0.19452	0.01915	0.00914	0.00284	0.00488	0.27510	0.00677	0.00628

[dist]
# distance from previous block
# <min> <max>
1	5

[block]
# block no. 10 follows, 29 sequences, length 47
# corresponding to MSA columns:
# 255-301
name=unknown_K
#
# <colnr> <probs for GDERKNQSTAVLIFYWHMCP>
#	G	D	E	R	K	N	Q	S	T	A	V	L	I	F	Y	W	H	M	C	P
0	0.58214	0.01390	0.01247	0.05871	0.01690	0.01592	0.00916	0.10234	0.01562	0.03234	0.07134	0.01638	0.01357	0.00758	0.00528	0.00221	0.00588	0.00513	0.00496	0.00819
1	0.01598	0.01409	0.02169	0.43944	0.15885	0.01616	0.01811	0.05586	0.09571	0.04212	0.01539	0.01953	0.01167	0.00733	0.00705	0.00226	0.00851	0.00648	0.00412	0.03965
2	0.04701	0.01068	0.01266	0.01210	0.01496	0.01089	0.00984	0.09809	0.09876	0.05573	0.11241	0.11921	0.08815	0.01500	0.00829	0.00261	0.00563	0.22686	0.00677	0.04435
3	0.01240	0.00873	0.01001	0.00938	0.01158	0.03570	0.00706	0.01511	0.01875	0.09210	0.40956	0.10925	0.20301	0.01513	0.00826	0.00231	0.00413	0.01308	0.00739	0.00707
4	0.44589	0.01329	0.01343	0.01102	0.01594	0.01386	0.00909	0.05066	0.01640	0.32051	0.01789	0.01715	0.01208	0.00762	0.00567	0.00220	0.00583	0.00535	0.00638	0.00974
5	0.02781	0.01333	0.01677	0.01295	0.01845	0.01225	0.01060	0.10265	0.08216	0.48385	0.02490	0.02240	0.01645	0.00838	0.00691	0.00206	0.00611	0.00676	0.00787	0.11733
6	0.01015	0.00733	0.00962	0.00917	0.01085	0.00679	0.00696	0.01350	0.01996	0.02819	0.66781	0.05457	0.06585	0.01482	0.00847	0.00229	0.00352	0.04566	0.00777	0.00671
7	0.01664	0.01860	0.03949	0.07088	0.08228	0.01790	0.58238	0.02235	0.01648	0.02245	0.01412	0.01901	0.01073	0.00624	0.00858	0.00240	0.02825	0.00810	0.00356	0.00958
8	0.01915	0.67075	0.07926	0.01291	0.01927	0.02712	0.01315	0.05547	0.01549	0.01857	0.01045	0.01194	0.00928	0.00626	0.00484	0.00160	0.00781	0.00403	0.00325	0.00938
9	0.00879	0.00628	0.00839	0.01005	0.01051	0.00588	0.00681	0.01011	0.01375	0.01831	0.03918	0.71784	0.04684	0.02220	0.00912	0.00291	0.00423	0.04637	0.00661	0.00582
10	0.01096	0.00743	0.00946	0.00895	0.01062	0.00689	0.00656	0.01367	0.01821	0.05750	0.49499	0.07444	0.11148	0.10240	0.03255	0.00309	0.00441	0.01258	0.00721	0.00659
11	0.00898	0.00722	0.00750	0.00755	0.00983	0.00619	0.00574	0.01104	0.01638	0.02036	0.10329	0.06538	0.58962	0.01726	0.00825	0.00239	0.00371	0.04404	0.05917	0.00612
12	0.02161	0.01622	0.02038	0.05017	0.05015	0.01738	0.06547	0.38188	0.05467	0.06990	0.04275	0.13556	0.01988	0.01064	0.00758	0.00231	0.00735	0.00909	0.00654	0.01047
13	0.01484	0.12073	0.45858	0.05595	0.06284	0.01766	0.02201	0.02115	0.01491	0.02139	0.03281	0.01911	0.01234	0.00789	0.00783	0.00227	0.05832	0.03623	0.00336	0.00978
14	0.00972	0.00714	0.00881	0.00895	0.01034	0.00661	0.00652	0.01197	0.01667	0.02243	0.32519	0.15572	0.17895	0.12634	0.01278	0.00315	0.00433	0.07152	0.00679	0.00608
15	0.01542	0.01439	0.02178	0.05131	0.02080	0.01850	0.08450	0.01772	0.01241	0.04328	0.01379	0.07046	0.01321	0.01331	0.04197	0.00317	0.49260	0.00758	0.03589	0.00790
16	0.62563	0.01610	0.05996	0.01334	0.01858	0.01633	0.11581	0.02133	0.01305	0.02990	0.01081	0.01300	0.00829	0.00652	0.00519	0.00224	0.00686	0.00467	0.00419	0.00819
17	0.01536	0.01448	0.02446	0.29700	0.40629	0.01563	0.01987	0.01955	0.01527	0.02098	0.01517	0.07590	0.01346	0.00790	0.00724	0.00227	0.00850	0.00744	0.00364	0.00959
18	0.01645	0.01835	0.09065	0.09372	0.37973	0.05427	0.06807	0.02087	0.01593	0.02199	0.01584	0.02095	0.03213	0.00874	0.03095	0.00243	0.00916	0.02699	0.00371	0.06909
19	0.00937	0.00663	0.00837	0.00916	0.00971	0.00638	0.00603	0.01056	0.01331	0.01788	0.09992	0.40516	0.06952	0.23458	0.05617	0.00444	0.00566	0.01572	0.00591	0.00549
20	0.00919	0.00676	0.00861	0.00917	0.01035	0.00618	0.00649	0.01135	0.01657	0.02242	0.30520	0.37877	0.14534	0.01866	0.00872	0.00257	0.00375	0.01662	0.00710	0.00618
21	0.01068	0.00682	0.00763	0.00774	0.00802	0.00679	0.00457	0.01126	0.01126	0.01601	0.02368	0.09044	0.02616	0.58965	0.02973	0.00585	0.00618	0.01046	0.12231	0.00476
22	0.07403	0.00824	0.01010	0.00931	0.01145	0.00793	0.00710	0.01569	0.03810	0.06038	0.59693	0.04781	0.05892	0.01353	0.00799	0.00224	0.00372	0.01176	0.00759	0.00717
23	0.00866	0.00624	0.00821	0.00979	0.01029	0.00579	0.00655	0.00993	0.01376	0.01823	0.04080	0.71319	0.07801	0.02211	0.00906	0.00287	0.00411	0.02000	0.00661	0.00579
24	0.01558	0.01558	0.02181	0.01869	0.01869	0.02181	0.01558	0.01714	0.01091	0.01714	0.00935	0.01558	0.00935	0.01246	0.02337	0.00312	0.73672	0.00623	0.00312	0.00779
25	0.05665	0.01549	0.01740	0.01421	0.01847	0.01677	0.01138	0.36992	0.05682	0.13485	0.02234	0.13439	0.01910	0.03768	0.00905	0.00249	0.03685	0.00881	0.00691	0.01042
26	0.01947	0.71283	0.03633	0.01254	0.01849	0.06783	0.01227	0.02173	0.01480	0.01679	0.00996	0.01150	0.00914	0.00616	0.00467	0.00154	0.00791	0.00385	0.00308	0.00909
27	0.80005	0.01377	0.01047	0.00936	0.01377	0.01597	0.00771	0.02093	0.01212	0.03195	0.00991	0.01157	0.00771	0.00661	0.00441	0.00220	0.00551	0.00386	0.00441	0.00771
28	0.01850	0.01253	0.01345	0.01190	0.01526	0.05453	0.00932	0.08964	0.14112	0.16210	0.10967	0.07058	0.11948	0.04266	0.00878	0.00251	0.00575	0.05135	0.05187	0.00899
29	0.00879	0.00625	0.00823	0.00976	0.01015	0.00586	0.00645	0.00995	0.01340	0.01787	0.03806	0.69601	0.04561	0.07344	0.01100	0.00317	0.00433	0.01955	0.00645	0.00568
30	0.01455	0.01380	0.02379	0.61282	0.04626	0.01640	0.09725	0.05297	0.01553	0.02011	0.01309	0.01891	0.00978	0.00706	0.00727	0.00236	0.00970	0.00658	0.00342	0.00833
31	0.01168	0.00761	0.00981	0.00917	0.01116	0.00691	0.00691	0.01470	0.01938	0.08451	0.54221	0.09857	0.12031	0.01491	0.00834	0.00230	0.00366	0.01309	0.00773	0.00705
32	0.01237	0.00618	0.00928	0.00928	0.00928	0.00618	0.00618	0.00928	0.00928	0.01237	0.01237	0.02165	0.01237	0.02474	0.02783	0.79283	0.00618	0.00618	0.00309	0.00309
33	0.01904	0.75404	0.03731	0.01218	0.01828	0.02818	0.01218	0.02132	0.01447	0.01675	0.00990	0.01142	0.00914	0.00609	0.00457	0.00152	0.00761	0.00381	0.00305	0.00914
34	0.00879	0.00636	0.00805	0.00941	0.01016	0.00585	0.00638	0.01018	0.01406	0.01861	0.04355	0.62201	0.14240	0.02122	0.00885	0.00278	0.00403	0.01903	0.03245	0.00585
35	0.01794	0.01241	0.01494	0.01384	0.03830	0.01319	0.01017	0.24388	0.02074	0.09005	0.02672	0.30793	0.02736	0.07319	0.01115	0.00288	0.04787	0.01225	0.00650	0.00871
36	0.02101	0.01735	0.01726	0.05542	0.02005	0.10165	0.01176	0.30865	0.12262	0.03189	0.01983	0.05461	0.01618	0.04634	0.04465	0.00284	0.00812	0.00734	0.08263	0.00979
37	0.01365	0.01226	0.01793	0.21344	0.02460	0.01597	0.01411	0.01628	0.01221	0.01792	0.01375	0.02135	0.01249	0.06608	0.12045	0.00426	0.31907	0.00677	0.07013	0.00728
38	0.13328	0.01877	0.01916	0.01509	0.02043	0.04889	0.01237	0.47818	0.05721	0.10092	0.01735	0.01721	0.01229	0.00830	0.00673	0.00215	0.00747	0.00612	0.00676	0.01131
39	0.01486	0.01409	0.02390	0.50019	0.27048	0.01619	0.02048	0.01943	0.01490	0.01990	0.01291	0.01853	0.01010	0.00686	0.00710	0.00229	0.00914	0.00633	0.00329	0.00905
40	0.00894	0.00701	0.00809	0.00830	0.01006	0.00616	0.00604	0.01105	0.01675	0.02160	0.24034	0.21435	0.37993	0.01801	0.00856	0.00247	0.00365	0.01559	0.00695	0.00616
41	0.00957	0.00657	0.00800	0.00877	0.00896	0.00638	0.00538	0.01015	0.01188	0.01584	0.03025	0.37138	0.03575	0.41151	0.02362	0.00504	0.00561	0.01495	0.00538	0.00500
42	0.05492	0.01905	0.01867	0.01486	0.01973	0.08432	0.01207	0.49786	0.02870	0.03914	0.01715	0.01788	0.01257	0.00832	0.00664	0.00204	0.00755	0.00618	0.12158	0.01078
43	0.01569	0.01598	0.02464	0.02007	0.02179	0.03933	0.15020	0.01830	0.01255	0.01860	0.01158	0.01747	0.01053	0.01360	0.06600	0.00344	0.49376	0.00674	0.03169	0.00804
44	0.02400	0.01937	0.01953	0.01701	0.05286	0.10281	0.01299	0.31716	0.23860	0.08905	0.02084	0.02018	0.01521	0.00867	0.00708	0.00219	0.00762	0.00677	0.00672	0.01135
45	0.01054	0.00779	0.01006	0.01123	0.01270	0.00762	0.00899	0.01365	0.04449	0.02020	0.04198	0.24033	0.13805	0.05733	0.01069	0.00320	0.00550	0.34279	0.00649	0.00637
46	0.09684	0.02043	0.01860	0.03082	0.02076	0.17926	0.01236	0.26240	0.09911	0.16152	0.01836	0.01807	0.01310	0.00824	0.00674	0.00212	0.00823	0.00608	0.00633	0.01064

[dist]
# distance from previous block
# <min> <max>
2	22

[block]
# block no. 11 follows, 29 sequences, length 9
# corresponding to MSA columns:
# 326-334
name=unknown_L
#
# <colnr> <probs for GDERKNQSTAVLIFYWHMCP>
#	G	D	E	R	K	N	Q	S	T	A	V	L	I	F	Y	W	H	M	C	P
0	0.01234	0.00856	0.00989	0.00940	0.01051	0.00878	0.00634	0.07623	0.01429	0.02011	0.05704	0.15787	0.02816	0.38434	0.02247	0.00461	0.03268	0.01099	0.09062	0.03476
1	0.01261	0.00989	0.03538	0.03421	0.05886	0.00910	0.00977	0.01721	0.07691	0.06536	0.31517	0.19151	0.04639	0.01487	0.00832	0.00248	0.00493	0.07246	0.00689	0.00768
2	0.01403	0.01325	0.02240	0.63719	0.13996	0.01597	0.02006	0.01870	0.01451	0.01890	0.01276	0.01880	0.00974	0.00701	0.00711	0.00234	0.00935	0.00633	0.00321	0.00838
3	0.00869	0.00649	0.00809	0.00924	0.01018	0.00589	0.00634	0.01018	0.01460	0.01901	0.08425	0.54936	0.20001	0.02088	0.00889	0.00274	0.00397	0.01862	0.00668	0.00589
4	0.01255	0.00628	0.00874	0.00874	0.00908	0.00628	0.00594	0.01077	0.01043	0.01527	0.01459	0.02265	0.01357	0.02138	0.02316	0.63116	0.00560	0.00628	0.16374	0.00382
5	0.01105	0.00741	0.00969	0.00949	0.01119	0.00681	0.00712	0.01392	0.01861	0.06396	0.47864	0.17647	0.08997	0.01607	0.00853	0.00242	0.00384	0.05047	0.00754	0.00681
6	0.80005	0.01377	0.01047	0.00936	0.01377	0.01597	0.00771	0.02093	0.01212	0.03195	0.00991	0.01157	0.00771	0.00661	0.00441	0.00220	0.00551	0.00386	0.00441	0.00771
7	0.01864	0.10849	0.20077	0.02254	0.10101	0.12920	0.15718	0.07157	0.01762	0.02292	0.01289	0.01557	0.01004	0.00658	0.00674	0.00201	0.01000	0.00577	0.00370	0.07677
8	0.02445	0.15161	0.05207	0.01289	0.01797	0.05415	0.01130	0.08165	0.01944	0.33783	0.07324	0.02270	0.01857	0.01025	0.03428	0.00238	0.00722	0.00667	0.05098	0.01033

[dist]
# distance from previous block
# <min> <max>
1	4

[block]
# block no. 12 follows, 29 sequences, length 19
# corresponding to MSA columns:
# 339-357
name=unknown_M
#
# <colnr> <probs for GDERKNQSTAVLIFYWHMCP>
#	G	D	E	R	K	N	Q	S	T	A	V	L	I	F	Y	W	H	M	C	P
0	0.04869	0.08508	0.03782	0.01437	0.01808	0.20076	0.01173	0.08836	0.07732	0.02306	0.07255	0.02088	0.01711	0.01695	0.14247	0.00378	0.04872	0.00633	0.00467	0.06128
1	0.02074	0.42321	0.11002	0.01616	0.04806	0.20941	0.01467	0.04873	0.01684	0.01894	0.01094	0.01268	0.00933	0.00660	0.00551	0.00174	0.00938	0.00438	0.00338	0.00926
2	0.02163	0.01653	0.01820	0.01591	0.05883	0.04830	0.01206	0.27747	0.13770	0.08963	0.02186	0.04498	0.03418	0.00921	0.00703	0.00208	0.00689	0.03569	0.00640	0.13540
3	0.17895	0.15051	0.03821	0.01469	0.03960	0.06875	0.01207	0.27547	0.03889	0.03148	0.01587	0.07590	0.01356	0.00870	0.00623	0.00209	0.00739	0.00647	0.00535	0.00981
4	0.01354	0.00920	0.01046	0.00977	0.01261	0.00871	0.00750	0.01871	0.13053	0.11816	0.12539	0.11067	0.34980	0.01536	0.00814	0.00242	0.00438	0.02968	0.00716	0.00782
5	0.00859	0.00722	0.00746	0.00740	0.00973	0.00609	0.00555	0.01056	0.01665	0.02022	0.13889	0.06690	0.63507	0.01767	0.00841	0.00239	0.00358	0.01480	0.00674	0.00609
6	0.01563	0.01331	0.01550	0.01139	0.01732	0.01108	0.00915	0.05711	0.04380	0.02448	0.01345	0.01542	0.01105	0.00595	0.00622	0.00126	0.03605	0.00459	0.00447	0.68279
7	0.00905	0.00647	0.00846	0.00982	0.01040	0.00608	0.00671	0.01044	0.01392	0.01853	0.06888	0.59131	0.06643	0.08170	0.01133	0.00320	0.00447	0.06058	0.00647	0.00576
