[name]
unknown

[dist]
# distance from previous block
# <min> <max>
0	25

[block]
# block no. 0 follows, 30 sequences, length 11
# corresponding to MSA columns:
# 25-35
name=unknown_A
#
# <colnr> <probs for GDERKNQSTAVLIFYWHMCP>
#	G	D	E	R	K	N	Q	S	T	A	V	L	I	F	Y	W	H	M	C	P
0	0.01124	0.00803	0.01124	0.01285	0.01446	0.00803	0.01124	0.01446	0.01606	0.02088	0.03695	0.07871	0.04016	0.01928	0.00964	0.00321	0.00643	0.66426	0.00643	0.00643
1	0.01118	0.00664	0.00923	0.00977	0.01020	0.00655	0.00674	0.03334	0.01192	0.01588	0.02371	0.30560	0.02668	0.02252	0.01858	0.42229	0.00536	0.04462	0.00467	0.00453
2	0.15479	0.01517	0.01677	0.01323	0.01842	0.01578	0.01085	0.26284	0.08481	0.26634	0.02007	0.01895	0.01376	0.00808	0.00647	0.00210	0.00639	0.00615	0.00696	0.05207
3	0.02383	0.01118	0.01438	0.01177	0.01585	0.01044	0.00936	0.07623	0.06308	0.42394	0.14015	0.08398	0.02773	0.04440	0.00866	0.00243	0.00550	0.00906	0.00790	0.01013
4	0.01030	0.00711	0.01009	0.01054	0.01173	0.00656	0.03649	0.01202	0.01459	0.05964	0.10110	0.58109	0.07291	0.01950	0.00868	0.00269	0.00440	0.01769	0.00659	0.00629
5	0.01323	0.01231	0.02062	0.59161	0.12139	0.01474	0.01845	0.01751	0.01412	0.01840	0.01485	0.08466	0.01284	0.00824	0.00714	0.00234	0.00871	0.00744	0.00345	0.00795
6	0.02362	0.01832	0.02037	0.08134	0.02358	0.07833	0.04809	0.38593	0.08545	0.10165	0.02016	0.02039	0.04327	0.00855	0.00706	0.00215	0.00791	0.00681	0.00631	0.01071
7	0.06988	0.01349	0.02019	0.58553	0.04194	0.01638	0.01770	0.11264	0.01647	0.02246	0.01283	0.01784	0.00954	0.00714	0.00679	0.00228	0.00880	0.00605	0.00373	0.00832
8	0.02124	0.01426	0.01639	0.07863	0.02006	0.01559	0.01131	0.28708	0.13142	0.11929	0.02079	0.02146	0.01518	0.01011	0.03447	0.00243	0.00685	0.00671	0.15660	0.01012
9	0.04793	0.01106	0.01256	0.01263	0.04827	0.04104	0.00876	0.12056	0.01682	0.04647	0.06473	0.26999	0.02876	0.12908	0.01264	0.00308	0.04290	0.01165	0.06378	0.00730
10	0.02244	0.01627	0.01783	0.01470	0.01867	0.05065	0.01178	0.36337	0.05895	0.11731	0.02151	0.14663	0.01865	0.01113	0.00874	0.00232	0.07358	0.00874	0.00658	0.01017

[dist]
# distance from previous block
# <min> <max>
23	41

[block]
# block no. 1 follows, 30 sequences, length 30
# corresponding to MSA columns:
# 86-115
name=unknown_B
#
# <colnr> <probs for GDERKNQSTAVLIFYWHMCP>
#	G	D	E	R	K	N	Q	S	T	A	V	L	I	F	Y	W	H	M	C	P
0	0.16337	0.09502	0.06392	0.07360	0.04691	0.08547	0.04479	0.14870	0.03388	0.05859	0.07828	0.02057	0.04227	0.00817	0.00637	0.00208	0.00755	0.00636	0.00501	0.00911
1	0.07705	0.05320	0.15599	0.07289	0.15886	0.06060	0.01643	0.13340	0.07401	0.02578	0.03140	0.01788	0.01260	0.00963	0.03134	0.04046	0.00855	0.00595	0.00437	0.00961
2	0.14755	0.08216	0.43544	0.01612	0.02402	0.01662	0.01900	0.07530	0.01567	0.02531	0.01301	0.01498	0.00961	0.00682	0.00597	0.00209	0.00850	0.00502	0.06724	0.00957
3	0.00908	0.00675	0.00853	0.00951	0.01056	0.00631	0.00675	0.01132	0.03424	0.01990	0.13561	0.48720	0.14800	0.01966	0.00871	0.00268	0.00406	0.05846	0.00666	0.00603
4	0.00850	0.00607	0.00810	0.00972	0.01012	0.00567	0.00648	0.00972	0.01336	0.01781	0.03846	0.75020	0.04615	0.02186	0.00891	0.00283	0.00405	0.01984	0.00648	0.00567
5	0.02032	0.21724	0.05989	0.02259	0.21155	0.10170	0.01557	0.15469	0.08644	0.02521	0.01414	0.01576	0.01132	0.00703	0.00621	0.00193	0.00826	0.00549	0.00437	0.01028
6	0.00860	0.00615	0.00819	0.00965	0.01014	0.00573	0.00649	0.00996	0.01382	0.01854	0.08646	0.70013	0.04757	0.02132	0.00886	0.00279	0.00399	0.01932	0.00656	0.00573
7	0.01680	0.02324	0.25027	0.01968	0.02708	0.04595	0.20108	0.06378	0.01659	0.05018	0.01361	0.01620	0.01019	0.00647	0.00724	0.00198	0.03091	0.00591	0.00388	0.18895
8	0.01420	0.06823	0.68828	0.01954	0.02966	0.01671	0.02517	0.02205	0.01471	0.02185	0.01240	0.01458	0.00884	0.00660	0.00653	0.00218	0.01019	0.00509	0.00295	0.01025
9	0.00952	0.00712	0.00883	0.00841	0.01021	0.00643	0.00630	0.01248	0.01891	0.02599	0.56850	0.05541	0.20614	0.01501	0.00823	0.00223	0.00335	0.01308	0.00742	0.00643
10	0.01415	0.03500	0.67578	0.02049	0.03060	0.01630	0.06750	0.02212	0.01484	0.02212	0.01262	0.01499	0.00895	0.00658	0.00673	0.00222	0.01040	0.00535	0.00298	0.01026
11	0.01778	0.01647	0.02505	0.05423	0.45361	0.03535	0.04840	0.02571	0.18258	0.04427	0.01723	0.01958	0.01361	0.00711	0.00700	0.00216	0.00785	0.00669	0.00449	0.01083
12	0.00884	0.00709	0.00789	0.00769	0.00979	0.00614	0.00577	0.01116	0.01730	0.02216	0.30113	0.06172	0.47589	0.01644	0.00824	0.00230	0.00345	0.01396	0.00691	0.00614
13	0.00850	0.00607	0.00810	0.00972	0.01012	0.00567	0.00648	0.00972	0.01336	0.01781	0.03846	0.75020	0.04615	0.02186	0.00891	0.00283	0.00405	0.01984	0.00648	0.00567
14	0.02270	0.12333	0.02165	0.05521	0.06695	0.04226	0.01300	0.24577	0.14565	0.14165	0.01952	0.02061	0.01459	0.00834	0.00670	0.00210	0.00723	0.02586	0.00612	0.01074
15	0.01704	0.57844	0.07740	0.01304	0.04071	0.02347	0.01240	0.01988	0.01507	0.01867	0.11035	0.01752	0.01720	0.00721	0.00524	0.00166	0.00708	0.00519	0.00367	0.00877
16	0.01084	0.00849	0.01193	0.01358	0.11114	0.00798	0.00864	0.01417	0.01897	0.02670	0.57022	0.04800	0.09577	0.01331	0.00804	0.00219	0.00403	0.01182	0.00700	0.00719
17	0.06789	0.01456	0.02340	0.22827	0.38432	0.01532	0.01837	0.02218	0.01569	0.12165	0.01478	0.01820	0.01124	0.00679	0.00678	0.00216	0.00805	0.00617	0.00416	0.01004
18	0.02949	0.11930	0.01912	0.01235	0.01783	0.01275	0.01050	0.03212	0.01914	0.61546	0.02497	0.02195	0.01608	0.00825	0.00665	0.00206	0.00616	0.00655	0.00782	0.01146
19	0.01972	0.65461	0.03415	0.01281	0.01844	0.12814	0.01216	0.02190	0.01498	0.01651	0.00986	0.01139	0.00896	0.00615	0.00474	0.00154	0.00820	0.00384	0.00307	0.00883
20	0.01948	0.44651	0.02792	0.01319	0.01787	0.22144	0.01160	0.02175	0.01656	0.01827	0.11035	0.01747	0.01714	0.00751	0.00553	0.00168	0.00831	0.00522	0.00383	0.00837
21	0.01087	0.00849	0.01196	0.01360	0.11115	0.00799	0.00866	0.01421	0.01902	0.02682	0.57884	0.04780	0.08708	0.01326	0.00804	0.00218	0.00402	0.01179	0.00702	0.00720
22	0.01573	0.01393	0.02183	0.07987	0.41799	0.01418	0.01653	0.02123	0.08904	0.04574	0.11914	0.02709	0.07012	0.00867	0.00722	0.00216	0.00693	0.00795	0.00481	0.00984
23	0.00946	0.00712	0.00875	0.00835	0.01017	0.00641	0.00626	0.01237	0.01878	0.02567	0.54599	0.05594	0.22885	0.01513	0.00823	0.00224	0.00335	0.01315	0.00738	0.00641
24	0.00930	0.00782	0.00823	0.00762	0.01038	0.00645	0.00571	0.01121	0.01551	0.01942	0.08003	0.05794	0.55067	0.05550	0.00927	0.00240	0.00394	0.01289	0.00606	0.11964
25	0.01367	0.01194	0.01468	0.01078	0.01647	0.00921	0.04028	0.01671	0.01477	0.02216	0.02087	0.02225	0.11072	0.00700	0.00576	0.00129	0.00525	0.00585	0.00444	0.64588
26	0.05252	0.00995	0.01181	0.01016	0.01349	0.00936	0.00791	0.02018	0.11154	0.12529	0.33617	0.03824	0.08997	0.01138	0.00728	0.00206	0.00437	0.00968	0.00698	0.12166
27	0.10970	0.01591	0.04730	0.12821	0.13851	0.05225	0.06436	0.02024	0.01472	0.04791	0.01260	0.01582	0.01004	0.00658	0.00721	0.00189	0.05574	0.00535	0.00386	0.24181
28	0.01893	0.06689	0.07175	0.02752	0.28416	0.18820	0.04780	0.02334	0.05907	0.02051	0.01276	0.01594	0.01064	0.00752	0.00897	0.00215	0.11489	0.00576	0.00360	0.00960
29	0.01465	0.09091	0.02498	0.06475	0.05327	0.01754	0.15938	0.01774	0.01421	0.01997	0.11288	0.06596	0.01995	0.01048	0.01313	0.00251	0.27748	0.00811	0.00404	0.00805

[dist]
# distance from previous block
# <min> <max>
1	4

[block]
# block no. 2 follows, 30 sequences, length 24
# corresponding to MSA columns:
# 120-143
name=unknown_C
#
# <colnr> <probs for GDERKNQSTAVLIFYWHMCP>
#	G	D	E	R	K	N	Q	S	T	A	V	L	I	F	Y	W	H	M	C	P
0	0.01619	0.48710	0.02654	0.01077	0.01472	0.04819	0.00950	0.01769	0.01309	0.01551	0.01372	0.02241	0.01427	0.24841	0.01460	0.00321	0.00744	0.00584	0.00341	0.00739
1	0.01107	0.00833	0.01032	0.01066	0.01157	0.02748	0.00804	0.01279	0.01290	0.01715	0.05145	0.05133	0.02924	0.31459	0.15070	0.00599	0.03464	0.22120	0.00492	0.00562
2	0.01124	0.00843	0.01079	0.01115	0.01308	0.00842	0.00915	0.01625	0.09418	0.02426	0.28145	0.06240	0.09051	0.01625	0.00875	0.00269	0.00500	0.31206	0.00696	0.00697
3	0.00977	0.00713	0.00917	0.00866	0.01036	0.00654	0.00650	0.01295	0.01949	0.02736	0.66410	0.05315	0.10968	0.01450	0.00823	0.00221	0.00331	0.01276	0.00760	0.00654
4	0.01611	0.00843	0.01060	0.00960	0.01233	0.00742	0.00727	0.01822	0.01701	0.24546	0.14552	0.18021	0.22257	0.05498	0.00945	0.00260	0.00455	0.01264	0.00724	0.00780
5	0.02679	0.01288	0.01606	0.01299	0.01792	0.01255	0.01051	0.03500	0.23966	0.49371	0.02781	0.02449	0.01858	0.00891	0.00704	0.00223	0.00580	0.00730	0.00814	0.01161
6	0.27202	0.01451	0.01399	0.01257	0.01664	0.01681	0.00992	0.03172	0.47631	0.02988	0.02235	0.02128	0.01685	0.00850	0.00620	0.00230	0.00548	0.00656	0.00620	0.00992
7	0.54804	0.01314	0.01371	0.24510	0.02468	0.01561	0.01138	0.01964	0.01255	0.02695	0.01059	0.01369	0.00812	0.00664	0.00518	0.00221	0.00666	0.00456	0.00392	0.00762
8	0.01762	0.01484	0.02115	0.48430	0.05857	0.01752	0.01746	0.23486	0.02011	0.02644	0.01383	0.01797	0.01018	0.00741	0.00698	0.00224	0.00875	0.00623	0.00437	0.00918
9	0.02826	0.01677	0.01923	0.01474	0.02026	0.01752	0.01218	0.45147	0.02817	0.28703	0.02065	0.01928	0.01382	0.00847	0.00699	0.00212	0.00705	0.00655	0.00758	0.01187
10	0.01813	0.11576	0.01782	0.01247	0.01599	0.01397	0.03580	0.06630	0.17613	0.11561	0.01812	0.02051	0.01436	0.01318	0.01317	0.25934	0.00639	0.00628	0.00509	0.05557
11	0.01314	0.00904	0.01307	0.01208	0.01208	0.01102	0.00904	0.01158	0.00961	0.01363	0.01116	0.01929	0.01116	0.02035	0.02586	0.53997	0.24429	0.00608	0.00304	0.00452
12	0.01352	0.01263	0.01747	0.01523	0.01576	0.01659	0.01246	0.01562	0.01362	0.02042	0.23523	0.02720	0.02751	0.01288	0.01815	0.00278	0.50286	0.00822	0.00455	0.00729
13	0.01071	0.00869	0.01286	0.24492	0.02254	0.00933	0.01068	0.01412	0.01689	0.02305	0.37355	0.13903	0.06056	0.01305	0.00792	0.00233	0.00535	0.01160	0.00600	0.00682
14	0.01897	0.02081	0.02348	0.22997	0.30178	0.24616	0.01828	0.02250	0.01660	0.01955	0.01217	0.01613	0.00989	0.00675	0.00673	0.00205	0.00996	0.00566	0.00340	0.00917
15	0.02049	0.02417	0.01672	0.01594	0.04412	0.46669	0.01155	0.02286	0.01962	0.02083	0.23642	0.02556	0.02747	0.00944	0.00694	0.00194	0.00941	0.00719	0.00491	0.00771
16	0.01571	0.00863	0.01002	0.00880	0.01214	0.00730	0.00691	0.01778	0.01722	0.24454	0.05672	0.05311	0.48467	0.01475	0.00785	0.00229	0.00431	0.01223	0.00718	0.00783
17	0.02611	0.01476	0.02468	0.01822	0.02417	0.01360	0.22921	0.08470	0.01991	0.43552	0.02229	0.02157	0.01466	0.00772	0.00741	0.00222	0.00797	0.00735	0.00685	0.01108
18	0.02127	0.01657	0.03309	0.02391	0.03043	0.01525	0.46718	0.02613	0.01760	0.24691	0.01846	0.02042	0.01275	0.00677	0.00784	0.00229	0.00988	0.00784	0.00518	0.01021
19	0.02393	0.01000	0.01357	0.01154	0.01532	0.00877	0.00903	0.02614	0.01783	0.49003	0.03107	0.25891	0.02662	0.01292	0.00763	0.00238	0.00533	0.01117	0.00794	0.00987
20	0.00841	0.00642	0.00774	0.00879	0.00988	0.00575	0.00607	0.00982	0.01425	0.01818	0.04969	0.51220	0.27690	0.02040	0.00868	0.00267	0.00387	0.01806	0.00648	0.00575
21	0.00916	0.00717	0.00885	0.00880	0.01054	0.00695	0.00663	0.01135	0.01477	0.01935	0.16095	0.07110	0.33050	0.05428	0.24192	0.00536	0.00853	0.01201	0.00572	0.00606
22	0.01256	0.01055	0.01691	0.02153	0.23866	0.01146	0.01288	0.01532	0.01262	0.01817	0.01637	0.02356	0.01494	0.03521	0.44647	0.04193	0.03258	0.00697	0.00360	0.00769
23	0.02121	0.01457	0.02392	0.12939	0.36516	0.01443	0.04616	0.02503	0.01697	0.24650	0.01773	0.01962	0.01280	0.00709	0.00701	0.00215	0.00782	0.00656	0.00509	0.01079

[dist]
# distance from previous block
# <min> <max>
1	27

[block]
# block no. 3 follows, 30 sequences, length 15
# corresponding to MSA columns:
# 171-185
name=unknown_D
#
# <colnr> <probs for GDERKNQSTAVLIFYWHMCP>
#	G	D	E	R	K	N	Q	S	T	A	V	L	I	F	Y	W	H	M	C	P
0	0.01669	0.01677	0.03094	0.10288	0.47774	0.01676	0.19152	0.02133	0.01586	0.02223	0.01331	0.01779	0.01077	0.00620	0.00725	0.00217	0.00927	0.00673	0.00344	0.01033
1	0.01603	0.01785	0.05552	0.03116	0.20732	0.01647	0.44754	0.02120	0.01605	0.02213	0.01556	0.07059	0.01320	0.00713	0.00790	0.00231	0.01028	0.00846	0.00370	0.00959
2	0.01669	0.01677	0.03094	0.10288	0.47774	0.01676	0.19152	0.02133	0.01586	0.02223	0.01331	0.01779	0.01077	0.00620	0.00725	0.00217	0.00927	0.00673	0.00344	0.01033
3	0.01645	0.01983	0.09975	0.03198	0.20882	0.01724	0.45531	0.02209	0.01616	0.02244	0.01372	0.01805	0.01055	0.00604	0.00775	0.00227	0.01074	0.00744	0.00346	0.00991
4	0.21719	0.01395	0.02020	0.14063	0.29255	0.01491	0.04222	0.01979	0.02942	0.02462	0.07813	0.02131	0.04185	0.00764	0.00649	0.00218	0.00715	0.00662	0.00420	0.00895
5	0.55792	0.01565	0.03331	0.03389	0.01713	0.01720	0.00990	0.19152	0.01739	0.03388	0.01168	0.01305	0.00875	0.00698	0.00515	0.00215	0.00624	0.00453	0.00492	0.00875
6	0.02426	0.01589	0.09818	0.02101	0.19665	0.01287	0.01479	0.05960	0.01894	0.38700	0.06217	0.02243	0.01737	0.00811	0.00702	0.00214	0.00696	0.00690	0.00653	0.01117
7	0.01578	0.01926	0.16015	0.21359	0.30762	0.01598	0.08594	0.02092	0.01529	0.03834	0.01325	0.01736	0.01026	0.00649	0.00696	0.00216	0.00913	0.00617	0.00342	0.03193
8	0.01362	0.01268	0.02129	0.32638	0.08155	0.01470	0.09117	0.01759	0.01447	0.01933	0.01850	0.03349	0.01746	0.01066	0.00994	0.00264	0.10762	0.17506	0.00402	0.00782
9	0.00988	0.00712	0.00961	0.01091	0.01208	0.00685	0.00858	0.01225	0.01541	0.02039	0.11519	0.33992	0.07368	0.01966	0.00913	0.00291	0.00501	0.30870	0.00659	0.00612
10	0.01026	0.00761	0.01036	0.01210	0.03883	0.00745	0.00882	0.01323	0.04281	0.02065	0.11380	0.39075	0.04410	0.01903	0.00892	0.00284	0.00497	0.23053	0.00651	0.00645
11	0.01003	0.00770	0.00973	0.00988	0.01177	0.00660	0.00694	0.01173	0.01364	0.01908	0.03178	0.56165	0.03697	0.01758	0.00795	0.00237	0.00434	0.01581	0.00588	0.20857
12	0.01756	0.01423	0.01613	0.01180	0.01785	0.01246	0.00955	0.18937	0.01917	0.02818	0.01352	0.01506	0.01073	0.00599	0.00563	0.00131	0.00581	0.00468	0.00486	0.59610
13	0.02096	0.01546	0.01695	0.01365	0.01793	0.01681	0.01103	0.43463	0.08275	0.03794	0.19498	0.02695	0.02671	0.00996	0.00722	0.00212	0.00620	0.00805	0.03947	0.01023
14	0.01103	0.01462	0.19123	0.01192	0.01578	0.00915	0.01184	0.01555	0.01820	0.02597	0.48149	0.04444	0.04940	0.01267	0.00792	0.00227	0.00532	0.05729	0.00638	0.00753

[dist]
# distance from previous block
# <min> <max>
2	16

[block]
# block no. 4 follows, 30 sequences, length 41
# corresponding to MSA columns:
# 202-242
name=unknown_E
#
# <colnr> <probs for GDERKNQSTAVLIFYWHMCP>
#	G	D	E	R	K	N	Q	S	T	A	V	L	I	F	Y	W	H	M	C	P
0	0.20804	0.04939	0.33547	0.01754	0.08029	0.03139	0.01752	0.02067	0.01385	0.03805	0.01292	0.01588	0.01008	0.01286	0.10487	0.00339	0.00995	0.00520	0.00357	0.00908
1	0.46332	0.04672	0.07665	0.01207	0.01703	0.08593	0.01068	0.04999	0.07169	0.08870	0.01346	0.01428	0.01003	0.00705	0.00530	0.00212	0.00677	0.00469	0.00479	0.00875
2	0.50429	0.01490	0.01595	0.01829	0.18538	0.01654	0.01165	0.08695	0.04168	0.03039	0.01197	0.01389	0.00937	0.00672	0.00532	0.00214	0.00634	0.00478	0.00448	0.00897
3	0.01723	0.01632	0.02242	0.03111	0.44336	0.11274	0.01655	0.01929	0.01476	0.01939	0.01255	0.01758	0.01103	0.01077	0.01181	0.19674	0.00834	0.00594	0.00337	0.00868
4	0.01117	0.00631	0.00860	0.00860	0.00917	0.00602	0.00587	0.00932	0.01076	0.01377	0.02647	0.03247	0.18267	0.02263	0.02261	0.60233	0.00544	0.00818	0.00388	0.00373
5	0.00885	0.00709	0.00791	0.00770	0.00980	0.00615	0.00578	0.01119	0.01733	0.02224	0.30723	0.06157	0.46974	0.01641	0.00824	0.00230	0.00344	0.01394	0.00693	0.00615
6	0.00938	0.00711	0.00864	0.00826	0.01012	0.00637	0.00620	0.01221	0.01859	0.02521	0.51429	0.05669	0.26083	0.01530	0.00824	0.00224	0.00337	0.01326	0.00732	0.00637
7	0.01115	0.19126	0.01478	0.00863	0.01172	0.01136	0.00721	0.01336	0.01632	0.02023	0.19371	0.05019	0.39788	0.01407	0.00732	0.00211	0.00444	0.01158	0.00588	0.00679
8	0.02058	0.57784	0.03274	0.01295	0.01882	0.02615	0.01226	0.18429	0.01874	0.02317	0.01143	0.01256	0.00967	0.00656	0.00509	0.00164	0.00752	0.00436	0.00396	0.00967
9	0.21471	0.01641	0.01699	0.01371	0.01839	0.01840	0.01124	0.43179	0.02472	0.03706	0.01530	0.01689	0.01158	0.01394	0.10513	0.00336	0.00863	0.00583	0.00588	0.01004
10	0.61133	0.01425	0.01468	0.01742	0.18440	0.01588	0.01095	0.02073	0.01286	0.02922	0.01055	0.01279	0.00841	0.00641	0.00495	0.00214	0.00611	0.00438	0.00411	0.00841
11	0.01542	0.01378	0.02158	0.06460	0.41251	0.01388	0.01626	0.06352	0.03260	0.02291	0.01987	0.19691	0.01983	0.01026	0.00733	0.00223	0.00705	0.00950	0.00453	0.04540
12	0.00969	0.00691	0.00889	0.00877	0.00999	0.00646	0.00624	0.01219	0.01740	0.02435	0.50505	0.16437	0.05710	0.11710	0.01208	0.00293	0.00389	0.01345	0.00701	0.00611
13	0.00880	0.00709	0.00783	0.00764	0.00976	0.00612	0.00573	0.01108	0.01720	0.02192	0.28485	0.06210	0.49232	0.01653	0.00824	0.00230	0.00345	0.01402	0.00688	0.00612
14	0.01087	0.00911	0.01183	0.01078	0.01216	0.01007	0.00846	0.01343	0.01677	0.02342	0.40948	0.04610	0.18009	0.01444	0.01183	0.00244	0.18428	0.01144	0.00631	0.00670
15	0.01920	0.01444	0.02011	0.01687	0.01820	0.01865	0.01404	0.02101	0.01296	0.18808	0.01366	0.01735	0.01115	0.01134	0.01901	0.00283	0.56169	0.00633	0.00442	0.00867
16	0.02572	0.01045	0.01421	0.01175	0.01593	0.00913	0.00933	0.02806	0.01835	0.54503	0.03021	0.20169	0.02435	0.01188	0.00748	0.00232	0.00548	0.01016	0.00811	0.01036
17	0.01105	0.19054	0.01513	0.01022	0.01204	0.01108	0.00782	0.01261	0.01385	0.01793	0.06185	0.53743	0.03794	0.01762	0.00779	0.00248	0.00485	0.01556	0.00568	0.00651
18	0.01752	0.58189	0.20363	0.01389	0.02092	0.02482	0.01533	0.02119	0.01431	0.01781	0.01039	0.01206	0.00893	0.00613	0.00500	0.00167	0.00816	0.00408	0.00298	0.00929
19	0.01480	0.03132	0.54952	0.02551	0.19702	0.01630	0.02471	0.02193	0.01502	0.02227	0.01267	0.01535	0.00938	0.00653	0.00670	0.00218	0.00982	0.00542	0.00307	0.01049
20	0.01621	0.01682	0.05312	0.03095	0.43946	0.08640	0.01717	0.02008	0.01718	0.02346	0.18296	0.02522	0.02417	0.00831	0.00716	0.00208	0.00759	0.00756	0.00448	0.00962
21	0.02408	0.01141	0.01652	0.18982	0.02441	0.01111	0.01219	0.02733	0.01832	0.45346	0.08687	0.02733	0.02072	0.00918	0.00723	0.00225	0.00654	0.03396	0.00710	0.01016
22	0.01762	0.01227	0.01977	0.56026	0.04065	0.01422	0.01715	0.02179	0.01543	0.18886	0.01611	0.01987	0.01125	0.00738	0.00699	0.00228	0.00848	0.00640	0.00446	0.00876
23	0.07951	0.01124	0.02776	0.01188	0.01603	0.01040	0.00981	0.04087	0.01742	0.42196	0.06821	0.02529	0.01953	0.01951	0.18328	0.00438	0.00897	0.00721	0.00692	0.00981
24	0.00997	0.00748	0.01121	0.01121	0.01246	0.00872	0.00872	0.01246	0.01121	0.01620	0.01869	0.02741	0.01745	0.05234	0.72710	0.01121	0.01869	0.00748	0.00374	0.00623
25	0.01394	0.01369	0.01282	0.01238	0.01403	0.18433	0.00927	0.01592	0.01317	0.01605	0.01721	0.02629	0.01646	0.13765	0.45565	0.00830	0.01556	0.00711	0.00377	0.00641
26	0.02115	0.08678	0.01831	0.01545	0.01846	0.49214	0.01164	0.02284	0.01774	0.01720	0.01748	0.19315	0.01809	0.01068	0.00678	0.00203	0.01007	0.00819	0.00425	0.00757
27	0.00992	0.01346	0.18211	0.01211	0.01493	0.00830	0.01110	0.01277	0.01355	0.01867	0.03136	0.53800	0.03607	0.05147	0.00956	0.00286	0.00571	0.01580	0.00551	0.00674
28	0.01419	0.09133	0.49012	0.19511	0.03354	0.01700	0.02305	0.02095	0.01450	0.02057	0.01226	0.01538	0.00896	0.00666	0.00653	0.00218	0.00982	0.00529	0.00299	0.00957
29	0.15156	0.06685	0.01757	0.04900	0.04932	0.07709	0.03016	0.18406	0.03420	0.05528	0.02013	0.19541	0.01932	0.01089	0.00681	0.00225	0.00692	0.00896	0.00547	0.00877
30	0.00957	0.00632	0.00884	0.03797	0.01135	0.00615	0.00688	0.00988	0.01234	0.01642	0.03099	0.54310	0.03638	0.02186	0.01333	0.19734	0.00475	0.01593	0.00550	0.00510
31	0.01549	0.00936	0.01195	0.01082	0.01221	0.00986	0.00784	0.17541	0.01509	0.02017	0.01441	0.05214	0.01355	0.02025	0.02150	0.56739	0.00637	0.00672	0.00415	0.00531
32	0.01989	0.03670	0.01745	0.01450	0.01884	0.05039	0.01151	0.17651	0.47239	0.04776	0.02556	0.02394	0.03463	0.00921	0.00699	0.00225	0.00633	0.00742	0.00683	0.01093
33	0.08167	0.19795	0.05066	0.04344	0.06439	0.01877	0.01269	0.10698	0.15530	0.12539	0.01746	0.01774	0.01310	0.00756	0.00639	0.00200	0.02092	0.00574	0.00531	0.04654
34	0.08270	0.13272	0.20225	0.03640	0.11325	0.06186	0.01616	0.02445	0.01601	0.19136	0.01579	0.01700	0.01152	0.00903	0.03831	0.00244	0.00865	0.00552	0.00460	0.00998
35	0.02205	0.01662	0.03890	0.01773	0.10112	0.01689	0.01305	0.25146	0.21234	0.13074	0.02058	0.02013	0.01494	0.00811	0.00683	0.00208	0.00674	0.00659	0.00645	0.08667
36	0.02217	0.01945	0.01773	0.04632	0.02027	0.18981	0.01182	0.27864	0.03845	0.07259	0.03724	0.06626	0.05455	0.00928	0.00687	0.00200	0.00798	0.00721	0.00577	0.08559
37	0.03674	0.07165	0.05727	0.03478	0.05043	0.06217	0.30546	0.04766	0.03486	0.05488	0.01744	0.06545	0.03293	0.00766	0.00720	0.00211	0.00912	0.00768	0.00428	0.09025
38	0.01945	0.21761	0.07078	0.02075	0.14177	0.09668	0.07655	0.04749	0.09637	0.07556	0.01549	0.03417	0.01257	0.00751	0.00702	0.00202	0.03800	0.00607	0.00433	0.00980
39	0.01764	0.25123	0.23972	0.01652	0.02217	0.06793	0.01710	0.04820	0.01482	0.04359	0.01141	0.01403	0.00938	0.00797	0.00996	0.00216	0.18855	0.00502	0.00339	0.00921
40	0.21106	0.04490	0.04864	0.01321	0.01805	0.03481	0.02999	0.12332	0.09977	0.05591	0.01567	0.04454	0.01267	0.00792	0.00700	0.00201	0.05429	0.00584	0.00504	0.16536

[dist]
# distance from previous block
# <min> <max>
6	12

[block]
# block no. 5 follows, 30 sequences, length 17
# corresponding to MSA columns:
# 260-276
name=unknown_F
#
# <colnr> <probs for GDERKNQSTAVLIFYWHMCP>
#	G	D	E	R	K	N	Q	S	T	A	V	L	I	F	Y	W	H	M	C	P
0	0.04570	0.01067	0.01338	0.01061	0.01479	0.00923	0.00824	0.02352	0.01648	0.34531	0.07281	0.02777	0.02063	0.15826	0.01234	0.00283	0.00572	0.00731	0.00652	0.18788
1	0.01022	0.00720	0.00902	0.00986	0.01055	0.00717	0.00699	0.01217	0.03891	0.01732	0.03104	0.26309	0.03526	0.31643	0.01977	0.00450	0.00582	0.18363	0.00558	0.00549
2	0.01102	0.00903	0.01270	0.01552	0.15138	0.00849	0.00955	0.01406	0.01763	0.02405	0.35692	0.07732	0.19816	0.01402	0.00808	0.00229	0.00457	0.05148	0.00644	0.00728
3	0.01578	0.01468	0.02450	0.03598	0.57028	0.01457	0.01843	0.01976	0.01667	0.02384	0.15279	0.02428	0.02207	0.00784	0.00717	0.00210	0.00728	0.00751	0.00430	0.01015
4	0.01000	0.00794	0.01107	0.15541	0.01779	0.00808	0.00896	0.01289	0.01661	0.02238	0.32832	0.20570	0.13854	0.01499	0.00813	0.00239	0.00471	0.01326	0.00632	0.00652
5	0.01437	0.01335	0.02131	0.43406	0.19205	0.01450	0.01761	0.01859	0.01450	0.01994	0.01257	0.01747	0.00991	0.00644	0.00660	0.00201	0.00824	0.00579	0.00339	0.16732
6	0.01742	0.01486	0.02044	0.21098	0.16576	0.01521	0.01499	0.17038	0.01878	0.02626	0.01353	0.01665	0.01055	0.00659	0.00641	0.00183	0.00746	0.00559	0.00437	0.25194
7	0.01734	0.02334	0.18081	0.02882	0.34326	0.15818	0.01909	0.02165	0.01641	0.02107	0.01866	0.02108	0.08455	0.00773	0.00686	0.00208	0.00910	0.00654	0.00369	0.00974
8	0.02439	0.19776	0.02358	0.01661	0.02074	0.56826	0.01313	0.02629	0.01851	0.01693	0.01054	0.01227	0.00898	0.00691	0.00588	0.00173	0.01142	0.00432	0.00346	0.00829
9	0.20252	0.02602	0.01785	0.01560	0.01976	0.42374	0.01210	0.15896	0.02061	0.02571	0.01174	0.01314	0.00924	0.00727	0.00598	0.00194	0.00997	0.00469	0.00444	0.00873
10	0.02575	0.01721	0.02135	0.02062	0.15946	0.01804	0.01422	0.40566	0.02650	0.19207	0.01847	0.01844	0.01293	0.00800	0.00697	0.00210	0.00741	0.00644	0.00665	0.01171
11	0.01483	0.01352	0.02214	0.17466	0.41835	0.01414	0.01711	0.01814	0.01420	0.01970	0.01499	0.02398	0.01395	0.17605	0.01341	0.00319	0.00815	0.00711	0.00356	0.00884
12	0.01414	0.01301	0.02178	0.28608	0.31394	0.01441	0.01781	0.01809	0.01413	0.01951	0.01413	0.02005	0.01187	0.01695	0.17019	0.00424	0.01101	0.00650	0.00339	0.00877
13	0.01439	0.01178	0.01694	0.18101	0.12436	0.01140	0.01238	0.03504	0.01386	0.01982	0.01257	0.01742	0.01065	0.01015	0.01090	0.18194	0.00684	0.00541	0.00363	0.29952
14	0.02261	0.01360	0.01714	0.01377	0.04051	0.01262	0.02868	0.15867	0.04407	0.26912	0.07928	0.02202	0.01827	0.00801	0.00665	0.00185	0.00607	0.00661	0.00664	0.22381
15	0.02074	0.01986	0.03785	0.01986	0.05757	0.17658	0.18184	0.05165	0.15539	0.11564	0.04000	0.03352	0.01566	0.00792	0.00717	0.00214	0.00895	0.00714	0.00525	0.03525
16	0.03395	0.04252	0.04214	0.04613	0.14540	0.03274	0.07206	0.15596	0.08821	0.03776	0.03699	0.01847	0.01336	0.00865	0.01054	0.00232	0.17432	0.00653	0.00467	0.02729

[dist]
# distance from previous block
# <min> <max>
0	20

# created by:
# /st0/software/busco_prod/Augustus/scripts/msa2prfl.pl ./align_prep/167547.fa
