[name]
unknown

[dist]
# distance from previous block
# <min> <max>
0	111

[block]
# block no. 0 follows, 31 sequences, length 47
# corresponding to MSA columns:
# 138-184
name=unknown_A
#
# <colnr> <probs for GDERKNQSTAVLIFYWHMCP>
#	G	D	E	R	K	N	Q	S	T	A	V	L	I	F	Y	W	H	M	C	P
0	0.00918	0.00699	0.00849	0.00843	0.01021	0.00629	0.00641	0.01177	0.01741	0.02323	0.39813	0.09969	0.28094	0.01597	0.00823	0.00233	0.00361	0.06957	0.00696	0.00616
1	0.01390	0.13398	0.56758	0.01757	0.02626	0.01656	0.02178	0.02047	0.01425	0.02054	0.01406	0.07704	0.01180	0.00768	0.00640	0.00212	0.00920	0.00609	0.00319	0.00954
2	0.00824	0.00693	0.00732	0.00738	0.00952	0.00600	0.00553	0.01001	0.01511	0.01822	0.06376	0.08870	0.62935	0.02038	0.06980	0.00307	0.00475	0.01402	0.00612	0.00580
3	0.08183	0.01242	0.01423	0.01050	0.01606	0.01035	0.00845	0.01743	0.01375	0.02267	0.01175	0.01397	0.00983	0.00558	0.00602	0.00122	0.04870	0.00414	0.00401	0.68710
4	0.01023	0.00765	0.00957	0.00898	0.01082	0.00732	0.00677	0.01475	0.07753	0.02709	0.62318	0.04965	0.09283	0.01375	0.00798	0.00217	0.00343	0.01208	0.00742	0.00679
5	0.08762	0.01659	0.01681	0.01422	0.01864	0.03967	0.01133	0.25363	0.40121	0.03327	0.02197	0.02087	0.01630	0.00861	0.00667	0.00220	0.00631	0.00677	0.00659	0.01072
6	0.01275	0.00638	0.00638	0.00638	0.00797	0.00638	0.00478	0.01594	0.01435	0.02551	0.02232	0.02551	0.01754	0.00797	0.00478	0.00159	0.00319	0.00638	0.79755	0.00638
7	0.00995	0.00721	0.01082	0.01082	0.01194	0.00833	0.00833	0.01194	0.01082	0.01554	0.01778	0.02636	0.01666	0.04896	0.67235	0.07827	0.01727	0.00721	0.00361	0.00584
8	0.01571	0.01755	0.03787	0.02745	0.03392	0.01650	0.63404	0.02126	0.01611	0.02179	0.01575	0.02346	0.01285	0.00689	0.00819	0.00238	0.01109	0.06452	0.00370	0.00898
9	0.00831	0.00626	0.00770	0.00877	0.00974	0.00565	0.00603	0.00973	0.01401	0.01810	0.07030	0.53840	0.23216	0.02003	0.00853	0.00263	0.00380	0.01780	0.00639	0.00565
10	0.00829	0.00670	0.00738	0.00772	0.00950	0.00578	0.00559	0.01002	0.01532	0.01903	0.11897	0.23376	0.49197	0.01804	0.00824	0.00241	0.00357	0.01548	0.00646	0.00578
11	0.80789	0.01323	0.01006	0.00900	0.01323	0.01535	0.00741	0.02011	0.01164	0.03070	0.00953	0.01111	0.00741	0.00635	0.00423	0.00212	0.00529	0.00370	0.00423	0.00741
12	0.00951	0.00694	0.00893	0.00852	0.01013	0.00637	0.00636	0.01253	0.01881	0.02633	0.63580	0.08307	0.11197	0.01456	0.00810	0.00219	0.00328	0.01284	0.00739	0.00637
13	0.04807	0.01479	0.01666	0.01253	0.01794	0.01429	0.01021	0.25014	0.02004	0.02939	0.01332	0.01489	0.01047	0.00665	0.00678	0.00154	0.05426	0.00489	0.00495	0.44820
14	0.01903	0.56720	0.10539	0.01336	0.01941	0.09411	0.01336	0.06561	0.01569	0.01852	0.01036	0.01183	0.00896	0.00619	0.00495	0.00160	0.00811	0.00404	0.00324	0.00902
15	0.01510	0.01666	0.05751	0.26806	0.14236	0.01639	0.34164	0.02029	0.01518	0.02050	0.01308	0.01800	0.00997	0.00620	0.00741	0.00225	0.01016	0.00700	0.00329	0.00896
16	0.03007	0.01265	0.01650	0.01265	0.01796	0.01154	0.01045	0.12147	0.02126	0.63113	0.02558	0.02237	0.01623	0.00843	0.00688	0.00211	0.00605	0.00678	0.00825	0.01164
17	0.01372	0.03539	0.72412	0.01950	0.02961	0.01589	0.02528	0.02167	0.01444	0.02167	0.01228	0.01444	0.00867	0.00650	0.00650	0.00217	0.01011	0.00506	0.00289	0.01011
18	0.01693	0.01626	0.02777	0.04199	0.71689	0.01626	0.02100	0.02100	0.01558	0.02235	0.01287	0.01693	0.01084	0.00610	0.00677	0.00203	0.00813	0.00610	0.00339	0.01084
19	0.01829	0.76368	0.03585	0.01171	0.01756	0.02707	0.01171	0.02049	0.01390	0.01610	0.00951	0.01097	0.00878	0.00585	0.00439	0.00146	0.00732	0.00366	0.00293	0.00878
20	0.01382	0.03474	0.69787	0.01986	0.02985	0.01594	0.05088	0.02168	0.01451	0.02168	0.01234	0.01460	0.00873	0.00647	0.00656	0.00217	0.01017	0.00517	0.00291	0.01008
21	0.00841	0.00694	0.00738	0.00727	0.00944	0.00591	0.00545	0.01044	0.01636	0.02029	0.19961	0.06286	0.58268	0.01665	0.00808	0.00228	0.00342	0.01402	0.00659	0.00591
22	0.00968	0.00699	0.00914	0.00861	0.01022	0.00646	0.00646	0.01291	0.01937	0.02743	0.71328	0.05110	0.06455	0.01399	0.00807	0.00215	0.00323	0.01237	0.00753	0.00646
23	0.01693	0.01626	0.02777	0.04199	0.71689	0.01626	0.02100	0.02100	0.01558	0.02235	0.01287	0.01693	0.01084	0.00610	0.00677	0.00203	0.00813	0.00610	0.00339	0.01084
24	0.02727	0.01714	0.01928	0.01478	0.02020	0.01821	0.01221	0.51591	0.02877	0.22608	0.01927	0.01828	0.01306	0.00828	0.00685	0.00207	0.00707	0.00635	0.00728	0.01164
25	0.00975	0.00704	0.00924	0.00880	0.01042	0.00653	0.00668	0.01297	0.01919	0.02709	0.67995	0.05239	0.06331	0.01423	0.00814	0.00220	0.00338	0.04479	0.00747	0.00645
26	0.01071	0.00800	0.01106	0.01306	0.04777	0.00782	0.01037	0.01355	0.01549	0.02005	0.03942	0.13165	0.12458	0.01829	0.00908	0.00296	0.00583	0.49777	0.00617	0.00639
27	0.06416	0.13308	0.06520	0.01716	0.02112	0.19101	0.08583	0.09640	0.01671	0.02147	0.03136	0.01507	0.01085	0.00821	0.01018	0.00217	0.19219	0.00550	0.00379	0.00856
28	0.00834	0.00595	0.00794	0.00953	0.00992	0.00556	0.00635	0.00953	0.01310	0.01746	0.03771	0.75510	0.04525	0.02143	0.00873	0.00278	0.00397	0.01945	0.00635	0.00556
29	0.01670	0.01601	0.02734	0.08321	0.67752	0.01619	0.02088	0.02079	0.01547	0.02206	0.01283	0.01701	0.01074	0.00614	0.00678	0.00205	0.00819	0.00609	0.00337	0.01065
30	0.04905	0.02308	0.01965	0.09015	0.12272	0.34831	0.01408	0.14448	0.01991	0.02297	0.01517	0.05243	0.03250	0.00809	0.00656	0.00198	0.00963	0.00615	0.00431	0.00879
31	0.05779	0.01203	0.01555	0.01214	0.01713	0.01102	0.00996	0.07403	0.04609	0.58518	0.06603	0.02411	0.01919	0.00873	0.00685	0.00212	0.00574	0.00707	0.00809	0.01115
32	0.01462	0.17794	0.58940	0.01797	0.02725	0.01808	0.02262	0.02144	0.01434	0.02058	0.01174	0.01376	0.00869	0.00637	0.00609	0.00203	0.00956	0.00478	0.00290	0.00985
33	0.01176	0.00763	0.00880	0.00812	0.01068	0.00657	0.00623	0.01401	0.01715	0.12211	0.23125	0.05586	0.44418	0.01518	0.00791	0.00224	0.00374	0.01281	0.00697	0.00680
34	0.01480	0.20793	0.56106	0.01765	0.02676	0.01854	0.02206	0.02139	0.01432	0.02035	0.01162	0.01362	0.00869	0.00635	0.00600	0.00200	0.00945	0.00472	0.00290	0.00980
35	0.01475	0.19950	0.56903	0.01774	0.02689	0.01841	0.02222	0.02140	0.01432	0.02041	0.01165	0.01366	0.00869	0.00635	0.00602	0.00201	0.00948	0.00474	0.00290	0.00981
36	0.80789	0.01323	0.01006	0.00900	0.01323	0.01535	0.00741	0.02011	0.01164	0.03070	0.00953	0.01111	0.00741	0.00635	0.00423	0.00212	0.00529	0.00370	0.00423	0.00741
37	0.00977	0.00733	0.01100	0.01100	0.01222	0.00855	0.00855	0.01222	0.01100	0.01588	0.01833	0.02688	0.01710	0.05131	0.73245	0.01100	0.01833	0.00733	0.00367	0.00611
38	0.01820	0.01528	0.01613	0.01416	0.01824	0.01757	0.01111	0.12270	0.61627	0.03052	0.02635	0.02433	0.01967	0.00914	0.00695	0.00229	0.00569	0.00753	0.00695	0.01093
39	0.01146	0.00851	0.01142	0.01258	0.03812	0.00847	0.01010	0.03821	0.03717	0.02297	0.18391	0.06508	0.08201	0.01663	0.00881	0.00278	0.00555	0.42292	0.00651	0.00678
40	0.10526	0.47569	0.22586	0.01359	0.02045	0.02263	0.01503	0.02077	0.01380	0.01929	0.01029	0.01196	0.00859	0.00609	0.00496	0.00173	0.00787	0.00405	0.00306	0.00900
41	0.02465	0.01079	0.01420	0.01142	0.01576	0.00973	0.00923	0.02869	0.07291	0.50452	0.16728	0.03045	0.04920	0.00993	0.00717	0.00215	0.00519	0.00830	0.00809	0.01034
42	0.01325	0.00779	0.00999	0.00903	0.01132	0.00700	0.00687	0.01602	0.01845	0.15158	0.46264	0.06966	0.14084	0.03437	0.00862	0.00231	0.00385	0.01180	0.00741	0.00721
43	0.04379	0.00913	0.01199	0.01126	0.04373	0.00834	0.00839	0.01973	0.01838	0.24664	0.32948	0.04253	0.11683	0.01228	0.00758	0.00221	0.00454	0.04760	0.00733	0.00824
44	0.02669	0.01678	0.01898	0.01464	0.01992	0.01784	0.01208	0.49678	0.02813	0.22092	0.01927	0.01859	0.01322	0.00975	0.03160	0.00237	0.00745	0.00639	0.00716	0.01145
45	0.01292	0.01216	0.02052	0.74312	0.04712	0.01520	0.01900	0.01748	0.01368	0.01748	0.01216	0.01824	0.00912	0.00684	0.00684	0.00228	0.00912	0.00608	0.00304	0.00760
46	0.01604	0.01920	0.07035	0.02843	0.03549	0.01724	0.66280	0.02190	0.01607	0.02190	0.01377	0.01828	0.01031	0.00580	0.00800	0.00230	0.01147	0.00794	0.00344	0.00927

[dist]
# distance from previous block
# <min> <max>
0	1

[block]
# block no. 1 follows, 31 sequences, length 46
# corresponding to MSA columns:
# 186-231
name=unknown_B
#
# <colnr> <probs for GDERKNQSTAVLIFYWHMCP>
#	G	D	E	R	K	N	Q	S	T	A	V	L	I	F	Y	W	H	M	C	P
0	0.04085	0.40355	0.08684	0.01425	0.01947	0.26977	0.01309	0.02270	0.01597	0.01755	0.03348	0.01308	0.01060	0.00661	0.00530	0.00167	0.00911	0.00433	0.00332	0.00848
1	0.00837	0.00604	0.00794	0.00937	0.00990	0.00560	0.00630	0.00967	0.01345	0.01788	0.06426	0.69620	0.07779	0.02096	0.00868	0.00273	0.00392	0.01895	0.00639	0.00560
2	0.00834	0.00595	0.00794	0.00953	0.00992	0.00556	0.00635	0.00953	0.01310	0.01746	0.03771	0.75510	0.04525	0.02143	0.00873	0.00278	0.00397	0.01945	0.00635	0.00556
3	0.01103	0.00798	0.01091	0.01208	0.01374	0.00798	0.01037	0.01473	0.03912	0.02173	0.13154	0.07178	0.04231	0.01789	0.00917	0.00298	0.00584	0.55586	0.00650	0.00647
4	0.01808	0.73067	0.06705	0.01206	0.01811	0.02656	0.01232	0.02054	0.01393	0.01635	0.00964	0.01113	0.00877	0.00588	0.00449	0.00150	0.00744	0.00372	0.00292	0.00884
5	0.00968	0.00699	0.00914	0.00861	0.01022	0.00646	0.00646	0.01291	0.01937	0.02743	0.71328	0.05110	0.06455	0.01399	0.00807	0.00215	0.00323	0.01237	0.00753	0.00646
6	0.01292	0.01216	0.02052	0.74312	0.04712	0.01520	0.01900	0.01748	0.01368	0.01748	0.01216	0.01824	0.00912	0.00684	0.00684	0.00228	0.00912	0.00608	0.00304	0.00760
7	0.01829	0.76368	0.03585	0.01171	0.01756	0.02707	0.01171	0.02049	0.01390	0.01610	0.00951	0.01097	0.00878	0.00585	0.00439	0.00146	0.00732	0.00366	0.00293	0.00878
8	0.01693	0.01626	0.02777	0.04199	0.71689	0.01626	0.02100	0.02100	0.01558	0.02235	0.01287	0.01693	0.01084	0.00610	0.00677	0.00203	0.00813	0.00610	0.00339	0.01084
9	0.00834	0.00595	0.00794	0.00953	0.00992	0.00556	0.00635	0.00953	0.01310	0.01746	0.03771	0.75510	0.04525	0.02143	0.00873	0.00278	0.00397	0.01945	0.00635	0.00556
10	0.00834	0.00595	0.00794	0.00953	0.00992	0.00556	0.00635	0.00953	0.01310	0.01746	0.03771	0.75510	0.04525	0.02143	0.00873	0.00278	0.00397	0.01945	0.00635	0.00556
11	0.00995	0.00663	0.00746	0.00746	0.00746	0.00663	0.00415	0.00995	0.00995	0.01327	0.02156	0.04477	0.02487	0.75957	0.03482	0.00663	0.00663	0.00995	0.00415	0.00415
12	0.01372	0.03539	0.72412	0.01950	0.02961	0.01589	0.02528	0.02167	0.01444	0.02167	0.01228	0.01444	0.00867	0.00650	0.00650	0.00217	0.01011	0.00506	0.00289	0.01011
13	0.01549	0.01256	0.01455	0.01071	0.01655	0.01018	0.00856	0.03934	0.07339	0.05373	0.01425	0.01561	0.01138	0.00566	0.00536	0.00120	0.00520	0.00455	0.00457	0.67716
14	0.01386	0.06528	0.64492	0.01879	0.02806	0.01632	0.02373	0.02115	0.01439	0.02137	0.03172	0.01535	0.01026	0.00691	0.00712	0.00217	0.04050	0.00524	0.00303	0.00984
15	0.00977	0.00733	0.01100	0.01100	0.01222	0.00855	0.00855	0.01222	0.01100	0.01588	0.01833	0.02688	0.01710	0.05131	0.73245	0.01100	0.01833	0.00733	0.00367	0.00611
16	0.03051	0.01193	0.01606	0.01231	0.01761	0.01049	0.01017	0.05894	0.02007	0.69534	0.02658	0.02302	0.01673	0.00846	0.00688	0.00211	0.00589	0.00685	0.00840	0.01164
17	0.80789	0.01323	0.01006	0.00900	0.01323	0.01535	0.00741	0.02011	0.01164	0.03070	0.00953	0.01111	0.00741	0.00635	0.00423	0.00212	0.00529	0.00370	0.00423	0.00741
18	0.02529	0.06223	0.02018	0.01721	0.02100	0.63945	0.01314	0.08606	0.02029	0.01905	0.01105	0.01264	0.00906	0.00710	0.00615	0.00178	0.01170	0.00453	0.00379	0.00829
19	0.00925	0.00711	0.00857	0.00892	0.01055	0.00658	0.00668	0.01210	0.04272	0.02130	0.23295	0.22957	0.27165	0.01727	0.00835	0.00247	0.00391	0.08717	0.00669	0.00616
20	0.01549	0.01478	0.02516	0.29464	0.47554	0.01587	0.02028	0.01973	0.01489	0.02060	0.01261	0.01740	0.01022	0.00636	0.00680	0.00212	0.00849	0.00609	0.00326	0.00967
21	0.01472	0.09247	0.64272	0.01860	0.02819	0.01656	0.02362	0.02201	0.01459	0.04753	0.01261	0.01450	0.00899	0.00652	0.00635	0.00211	0.00973	0.00501	0.00310	0.01006
22	0.01822	0.01891	0.02584	0.08049	0.55224	0.14350	0.01949	0.02191	0.01614	0.02106	0.01242	0.01620	0.01037	0.00631	0.00667	0.00200	0.00894	0.00579	0.00339	0.01012
23	0.00867	0.00714	0.00765	0.00755	0.00971	0.00623	0.00565	0.01119	0.03675	0.02048	0.19123	0.08542	0.54523	0.01658	0.00807	0.00230	0.00349	0.01401	0.00660	0.00605
24	0.01564	0.01158	0.01382	0.01045	0.01576	0.00916	0.00826	0.03841	0.01518	0.09798	0.01691	0.10265	0.01506	0.00746	0.00575	0.00137	0.00509	0.00624	0.00489	0.59835
25	0.01419	0.01216	0.01419	0.01013	0.01621	0.00912	0.00811	0.01723	0.01419	0.02229	0.01216	0.01419	0.01013	0.00507	0.00507	0.00101	0.00507	0.00405	0.00405	0.80139
26	0.01611	0.01542	0.02629	0.18484	0.58043	0.01604	0.02059	0.02028	0.01519	0.02136	0.01272	0.01720	0.01049	0.00625	0.00679	0.00208	0.00833	0.00609	0.00332	0.01018
27	0.02588	0.01830	0.01992	0.01524	0.02072	0.01987	0.01258	0.61575	0.03047	0.09430	0.01706	0.01686	0.01198	0.00810	0.00677	0.00202	0.00730	0.00613	0.00685	0.04390
28	0.02351	0.01727	0.01881	0.01437	0.01971	0.01830	0.01174	0.53562	0.02792	0.05713	0.01623	0.01744	0.01209	0.03937	0.00773	0.00208	0.00704	0.00599	0.00632	0.14132
29	0.00832	0.00599	0.00790	0.00942	0.00989	0.00557	0.00630	0.00954	0.01320	0.01751	0.03902	0.72639	0.07311	0.02126	0.00871	0.00276	0.00395	0.01924	0.00635	0.00557
30	0.01350	0.01301	0.02276	0.62941	0.09647	0.01546	0.07667	0.01812	0.01403	0.01822	0.01236	0.01816	0.00936	0.00669	0.00694	0.00226	0.00925	0.00625	0.00310	0.00798
31	0.00809	0.00693	0.00693	0.00693	0.00924	0.00578	0.00520	0.00982	0.01559	0.01848	0.06931	0.06584	0.71411	0.01733	0.00809	0.00231	0.00347	0.01444	0.00635	0.00578
32	0.01528	0.01302	0.01580	0.01138	0.01744	0.01049	0.03646	0.07546	0.01581	0.02406	0.01259	0.01455	0.01027	0.00537	0.00534	0.00116	0.00554	0.00440	0.00427	0.70131
33	0.01188	0.00594	0.00891	0.00891	0.00891	0.00594	0.00594	0.00891	0.00891	0.01188	0.01188	0.02080	0.01188	0.02377	0.02674	0.80095	0.00594	0.00594	0.00297	0.00297
34	0.02716	0.01301	0.01694	0.07451	0.02052	0.01233	0.01117	0.14374	0.02083	0.49405	0.02283	0.02101	0.01486	0.00803	0.00674	0.00204	0.00634	0.00648	0.00740	0.07001
35	0.01188	0.00594	0.00891	0.00891	0.00891	0.00594	0.00594	0.00891	0.00891	0.01188	0.01188	0.02080	0.01188	0.02377	0.02674	0.80095	0.00594	0.00594	0.00297	0.00297
36	0.00834	0.00595	0.00794	0.00953	0.00992	0.00556	0.00635	0.00953	0.01310	0.01746	0.03771	0.75510	0.04525	0.02143	0.00873	0.00278	0.00397	0.01945	0.00635	0.00556
37	0.01571	0.01306	0.01501	0.01086	0.01686	0.01068	0.00874	0.10469	0.01651	0.02498	0.01271	0.01448	0.01033	0.00547	0.00530	0.00115	0.00538	0.00433	0.00441	0.69934
38	0.49157	0.01393	0.01325	0.01092	0.01562	0.01519	0.00901	0.14351	0.01711	0.18996	0.01473	0.01483	0.01033	0.00716	0.00530	0.00211	0.00581	0.00486	0.00566	0.00913
39	0.03070	0.01164	0.01588	0.01217	0.01746	0.01006	0.01006	0.03334	0.01958	0.72163	0.02699	0.02329	0.01694	0.00847	0.00688	0.00212	0.00582	0.00688	0.00847	0.01164
40	0.00840	0.00600	0.00800	0.00948	0.00994	0.00560	0.00636	0.00969	0.01340	0.01794	0.06985	0.72160	0.04617	0.02108	0.00870	0.00275	0.00393	0.01911	0.00641	0.00560
41	0.01393	0.00751	0.00763	0.00721	0.00914	0.00769	0.00551	0.07605	0.01593	0.02707	0.02180	0.02470	0.01701	0.00799	0.00497	0.00163	0.00357	0.00636	0.72746	0.00684
42	0.00834	0.00595	0.00794	0.00953	0.00992	0.00556	0.00635	0.00953	0.01310	0.01746	0.03771	0.75510	0.04525	0.02143	0.00873	0.00278	0.00397	0.01945	0.00635	0.00556
43	0.00834	0.00595	0.00794	0.00953	0.00992	0.00556	0.00635	0.00953	0.01310	0.01746	0.03771	0.75510	0.04525	0.02143	0.00873	0.00278	0.00397	0.01945	0.00635	0.00556
44	0.01584	0.01797	0.03910	0.02808	0.03475	0.01684	0.66522	0.02143	0.01603	0.02174	0.01477	0.04727	0.01174	0.00638	0.00810	0.00233	0.01124	0.00852	0.00357	0.00908
45	0.01372	0.03539	0.72412	0.01950	0.02961	0.01589	0.02528	0.02167	0.01444	0.02167	0.01228	0.01444	0.00867	0.00650	0.00650	0.00217	0.01011	0.00506	0.00289	0.01011

[dist]
# distance from previous block
# <min> <max>
0	1

[block]
# block no. 2 follows, 31 sequences, length 252
# corresponding to MSA columns:
# 233-484
name=unknown_C
#
# <colnr> <probs for GDERKNQSTAVLIFYWHMCP>
#	G	D	E	R	K	N	Q	S	T	A	V	L	I	F	Y	W	H	M	C	P
0	0.01102	0.00730	0.00952	0.00879	0.01067	0.00667	0.00665	0.01416	0.01926	0.07289	0.64767	0.04974	0.08198	0.01373	0.00799	0.00215	0.00341	0.01208	0.00756	0.00678
1	0.80789	0.01323	0.01006	0.00900	0.01323	0.01535	0.00741	0.02011	0.01164	0.03070	0.00953	0.01111	0.00741	0.00635	0.00423	0.00212	0.00529	0.00370	0.00423	0.00741
2	0.01399	0.03353	0.64908	0.02052	0.03028	0.01604	0.09845	0.02169	0.01463	0.02169	0.01245	0.01488	0.00885	0.00642	0.00667	0.00218	0.01027	0.00539	0.00295	0.01001
3	0.01607	0.07491	0.49073	0.01718	0.02542	0.01612	0.02039	0.10733	0.01738	0.06002	0.07683	0.01825	0.01453	0.00746	0.00657	0.00210	0.00877	0.00586	0.00410	0.00997
4	0.01682	0.01692	0.05201	0.04121	0.69297	0.01624	0.02115	0.02102	0.01554	0.02233	0.01285	0.01685	0.01076	0.00611	0.00676	0.00204	0.00820	0.00606	0.00337	0.01081
5	0.00868	0.00637	0.00859	0.04653	0.01172	0.00613	0.00689	0.01012	0.01343	0.01787	0.07112	0.63746	0.06524	0.04355	0.00941	0.00283	0.00426	0.01795	0.00617	0.00567
6	0.01066	0.00721	0.00946	0.00877	0.01056	0.00662	0.00662	0.01386	0.01938	0.05957	0.68151	0.04982	0.06235	0.01373	0.00801	0.00215	0.00335	0.01212	0.00757	0.00670
7	0.00880	0.00670	0.00987	0.01068	0.01146	0.00626	0.04716	0.01026	0.01328	0.01773	0.03629	0.71125	0.04317	0.02050	0.00869	0.00275	0.00442	0.01877	0.00618	0.00578
8	0.01875	0.51097	0.15238	0.01408	0.02027	0.14702	0.01432	0.02187	0.01494	0.01717	0.01017	0.01181	0.00877	0.00617	0.00506	0.00164	0.00867	0.00403	0.00302	0.00886
9	0.00815	0.00690	0.00704	0.00708	0.00930	0.00579	0.00528	0.00992	0.01564	0.01876	0.09063	0.08899	0.66854	0.01735	0.00811	0.00232	0.00347	0.01454	0.00639	0.00579
10	0.80789	0.01323	0.01006	0.00900	0.01323	0.01535	0.00741	0.02011	0.01164	0.03070	0.00953	0.01111	0.00741	0.00635	0.00423	0.00212	0.00529	0.00370	0.00423	0.00741
11	0.01399	0.01412	0.02651	0.51327	0.06534	0.01584	0.21442	0.01888	0.01446	0.01892	0.01267	0.01826	0.00954	0.00650	0.00720	0.00228	0.00979	0.00666	0.00317	0.00818
12	0.02214	0.01437	0.04066	0.06727	0.11787	0.01411	0.01299	0.10638	0.17383	0.27710	0.06334	0.02313	0.01839	0.00844	0.00693	0.00216	0.00646	0.00709	0.00662	0.01071
13	0.02835	0.01268	0.01588	0.01240	0.01735	0.03566	0.01014	0.09316	0.02073	0.57682	0.08196	0.02456	0.02008	0.00885	0.00695	0.00210	0.00599	0.00718	0.00807	0.01109
14	0.00844	0.00613	0.00797	0.00922	0.00989	0.00566	0.00626	0.00987	0.01390	0.01849	0.10381	0.63014	0.10421	0.02038	0.00861	0.00268	0.00386	0.01836	0.00646	0.00566
15	0.01593	0.01767	0.03397	0.15102	0.03547	0.05292	0.48574	0.02101	0.01560	0.02072	0.01314	0.01779	0.01002	0.00619	0.00811	0.00224	0.03569	0.00728	0.00340	0.04609
16	0.01526	0.01531	0.01958	0.09326	0.02051	0.07678	0.01443	0.01723	0.01176	0.01702	0.01056	0.01619	0.00980	0.01268	0.05200	0.00312	0.53784	0.00595	0.04330	0.00741
17	0.01454	0.01215	0.01678	0.01267	0.01794	0.00998	0.09547	0.01822	0.03858	0.05724	0.01729	0.12041	0.01585	0.00779	0.00613	0.00153	0.00579	0.00702	0.00463	0.52000
18	0.01848	0.62509	0.05881	0.01263	0.01820	0.09604	0.01233	0.02089	0.01456	0.01659	0.01107	0.01459	0.01033	0.00666	0.00490	0.00160	0.00787	0.03757	0.00316	0.00862
19	0.02859	0.01501	0.01796	0.01377	0.01915	0.01506	0.01138	0.32944	0.02522	0.41756	0.02226	0.02021	0.01456	0.00835	0.00686	0.00209	0.00659	0.00656	0.00774	0.01164
20	0.01671	0.01594	0.02714	0.04089	0.69048	0.01594	0.02062	0.02074	0.01558	0.02228	0.01375	0.01920	0.01191	0.00658	0.00687	0.00207	0.00806	0.03107	0.00350	0.01067
21	0.01500	0.01202	0.01413	0.01036	0.01610	0.00933	0.00825	0.03691	0.01490	0.05555	0.01427	0.05225	0.01228	0.00615	0.00539	0.00118	0.00512	0.00503	0.00446	0.70134
22	0.01056	0.00842	0.01123	0.01103	0.01209	0.03267	0.00837	0.01258	0.01109	0.01556	0.01810	0.02844	0.01758	0.15099	0.57370	0.00968	0.05072	0.00755	0.00370	0.00595
23	0.01217	0.00921	0.01023	0.00957	0.01202	0.02951	0.00738	0.01722	0.11866	0.06913	0.31592	0.05024	0.25112	0.01401	0.00785	0.00226	0.00421	0.04507	0.00697	0.00726
24	0.01506	0.11021	0.02220	0.01673	0.01750	0.02096	0.01411	0.01663	0.01105	0.01647	0.01050	0.05193	0.01079	0.01167	0.01945	0.00279	0.61487	0.00637	0.00315	0.00755
25	0.01829	0.76368	0.03585	0.01171	0.01756	0.02707	0.01171	0.02049	0.01390	0.01610	0.00951	0.01097	0.00878	0.00585	0.00439	0.00146	0.00732	0.00366	0.00293	0.00878
26	0.00854	0.00651	0.00782	0.00867	0.00989	0.00587	0.00617	0.01012	0.01437	0.01837	0.08037	0.40221	0.28870	0.04383	0.00938	0.00273	0.00399	0.06044	0.00633	0.00568
27	0.00857	0.00621	0.00778	0.00888	0.00950	0.00577	0.00590	0.00973	0.01317	0.01732	0.06083	0.54471	0.12800	0.12510	0.01232	0.00324	0.00426	0.01724	0.00608	0.00541
28	0.00842	0.00599	0.00791	0.00942	0.00980	0.00561	0.00624	0.00955	0.01294	0.01725	0.03689	0.71913	0.04422	0.05881	0.01005	0.00297	0.00410	0.01897	0.00624	0.00549
29	0.02601	0.01916	0.02053	0.01574	0.02122	0.02122	0.01300	0.69408	0.03217	0.04312	0.01643	0.01643	0.01163	0.00821	0.00684	0.00205	0.00753	0.00616	0.00684	0.01163
30	0.01102	0.00787	0.01102	0.01260	0.01417	0.00787	0.01102	0.01417	0.01575	0.02047	0.03622	0.07717	0.03937	0.01890	0.00945	0.00315	0.00630	0.67084	0.00630	0.00630
31	0.02946	0.01168	0.01570	0.01212	0.01723	0.01027	0.00998	0.05609	0.02002	0.66205	0.06136	0.02445	0.01916	0.00874	0.00694	0.00212	0.00575	0.00713	0.00836	0.01138
32	0.00834	0.00595	0.00794	0.00953	0.00992	0.00556	0.00635	0.00953	0.01310	0.01746	0.03771	0.75510	0.04525	0.02143	0.00873	0.00278	0.00397	0.01945	0.00635	0.00556
33	0.03025	0.01236	0.01632	0.01251	0.01782	0.01111	0.01033	0.09592	0.02077	0.65737	0.02599	0.02264	0.01643	0.00844	0.00688	0.00211	0.00598	0.00681	0.00831	0.01164
34	0.01372	0.03539	0.72412	0.01950	0.02961	0.01589	0.02528	0.02167	0.01444	0.02167	0.01228	0.01444	0.00867	0.00650	0.00650	0.00217	0.01011	0.00506	0.00289	0.01011
35	0.01275	0.00638	0.00638	0.00638	0.00797	0.00638	0.00478	0.01594	0.01435	0.02551	0.02232	0.02551	0.01754	0.00797	0.00478	0.00159	0.00319	0.00638	0.79755	0.00638
36	0.02954	0.01235	0.01617	0.01253	0.01774	0.01125	0.01031	0.07921	0.06229	0.63238	0.02631	0.02295	0.01681	0.00850	0.00688	0.00212	0.00591	0.00688	0.00826	0.01159
37	0.00887	0.00740	0.00779	0.00761	0.00991	0.00655	0.00573	0.01189	0.05720	0.02051	0.16958	0.06109	0.56922	0.01631	0.00802	0.00229	0.00354	0.01371	0.00658	0.00618
38	0.03070	0.01164	0.01588	0.01217	0.01746	0.01006	0.01006	0.03334	0.01958	0.72163	0.02699	0.02329	0.01694	0.00847	0.00688	0.00212	0.00582	0.00688	0.00847	0.01164
39	0.01693	0.01626	0.02777	0.04199	0.71689	0.01626	0.02100	0.02100	0.01558	0.02235	0.01287	0.01693	0.01084	0.00610	0.00677	0.00203	0.00813	0.00610	0.00339	0.01084
40	0.01388	0.03246	0.01082	0.00924	0.01213	0.00835	0.00724	0.01748	0.07193	0.15691	0.16476	0.08532	0.33515	0.01428	0.00772	0.00227	0.00427	0.03136	0.00690	0.00753
41	0.50512	0.01401	0.01263	0.01072	0.01511	0.04758	0.00876	0.07921	0.01536	0.17586	0.01424	0.01492	0.01029	0.00910	0.03936	0.00251	0.00653	0.00478	0.00528	0.00862
42	0.00995	0.00663	0.00746	0.00746	0.00746	0.00663	0.00415	0.00995	0.00995	0.01327	0.02156	0.04477	0.02487	0.75957	0.03482	0.00663	0.00663	0.00995	0.00415	0.00415
43	0.01381	0.03481	0.70064	0.01982	0.02982	0.01594	0.04817	0.02167	0.01450	0.02167	0.01233	0.01458	0.00873	0.00647	0.00655	0.00217	0.01016	0.00516	0.00291	0.01008
44	0.01829	0.01547	0.02590	0.03767	0.61774	0.01528	0.01935	0.02217	0.01614	0.10174	0.03418	0.01861	0.01304	0.00659	0.00682	0.00204	0.00773	0.00636	0.00408	0.01080
45	0.02471	0.03100	0.02021	0.02002	0.08960	0.66167	0.01398	0.02670	0.01901	0.01730	0.01080	0.01279	0.00901	0.00696	0.00623	0.00179	0.01192	0.00457	0.00351	0.00822
46	0.01715	0.01689	0.02617	0.05439	0.61725	0.06638	0.01990	0.02102	0.01581	0.02175	0.01387	0.01969	0.01210	0.00683	0.00687	0.00207	0.00835	0.03963	0.00354	0.01033
47	0.00924	0.00698	0.00854	0.00815	0.00995	0.00627	0.00611	0.01206	0.01833	0.02498	0.53648	0.05515	0.24288	0.01490	0.00807	0.00220	0.00329	0.01294	0.00721	0.00627
48	0.02483	0.01813	0.01942	0.01502	0.02012	0.02002	0.01231	0.63868	0.03057	0.04126	0.01688	0.01783	0.01237	0.03400	0.00771	0.00219	0.00729	0.00630	0.04396	0.01113
49	0.01550	0.01872	0.08458	0.02640	0.03274	0.01686	0.56177	0.02091	0.01541	0.02123	0.01419	0.03798	0.01131	0.00806	0.03136	0.00262	0.05991	0.00801	0.00347	0.00898
50	0.80789	0.01323	0.01006	0.00900	0.01323	0.01535	0.00741	0.02011	0.01164	0.03070	0.00953	0.01111	0.00741	0.00635	0.00423	0.00212	0.00529	0.00370	0.00423	0.00741
51	0.00995	0.00663	0.00746	0.00746	0.00746	0.00663	0.00415	0.00995	0.00995	0.01327	0.02156	0.04477	0.02487	0.75957	0.03482	0.00663	0.00663	0.00995	0.00415	0.00415
52	0.01372	0.03539	0.72412	0.01950	0.02961	0.01589	0.02528	0.02167	0.01444	0.02167	0.01228	0.01444	0.00867	0.00650	0.00650	0.00217	0.01011	0.00506	0.00289	0.01011
53	0.03070	0.01164	0.01588	0.01217	0.01746	0.01006	0.01006	0.03334	0.01958	0.72163	0.02699	0.02329	0.01694	0.00847	0.00688	0.00212	0.00582	0.00688	0.00847	0.01164
54	0.00834	0.00595	0.00794	0.00953	0.00992	0.00556	0.00635	0.00953	0.01310	0.01746	0.03771	0.75510	0.04525	0.02143	0.00873	0.00278	0.00397	0.01945	0.00635	0.00556
55	0.03070	0.01164	0.01588	0.01217	0.01746	0.01006	0.01006	0.03334	0.01958	0.72163	0.02699	0.02329	0.01694	0.00847	0.00688	0.00212	0.00582	0.00688	0.00847	0.01164
56	0.01292	0.01216	0.02052	0.74312	0.04712	0.01520	0.01900	0.01748	0.01368	0.01748	0.01216	0.01824	0.00912	0.00684	0.00684	0.00228	0.00912	0.00608	0.00304	0.00760
57	0.03070	0.01164	0.01588	0.01217	0.01746	0.01006	0.01006	0.03334	0.01958	0.72163	0.02699	0.02329	0.01694	0.00847	0.00688	0.00212	0.00582	0.00688	0.00847	0.01164
58	0.01605	0.01826	0.03975	0.05097	0.03611	0.01724	0.67118	0.02178	0.01607	0.02178	0.01379	0.01845	0.01034	0.00580	0.00804	0.00231	0.01146	0.00801	0.00345	0.00918
59	0.01427	0.00821	0.00876	0.00810	0.01019	0.00861	0.00627	0.10792	0.01645	0.02696	0.02113	0.02440	0.01669	0.01224	0.07615	0.00257	0.00526	0.00644	0.61232	0.00707
60	0.00861	0.00607	0.00786	0.00917	0.00950	0.00574	0.00597	0.00960	0.01256	0.01674	0.03492	0.63259	0.04173	0.14874	0.01323	0.00344	0.00443	0.01781	0.00597	0.00531
61	0.00834	0.00595	0.00794	0.00953	0.00992	0.00556	0.00635	0.00953	0.01310	0.01746	0.03771	0.75510	0.04525	0.02143	0.00873	0.00278	0.00397	0.01945	0.00635	0.00556
62	0.01364	0.01273	0.02151	0.58789	0.17165	0.01510	0.01896	0.01786	0.01388	0.01821	0.01228	0.01808	0.00953	0.00724	0.00747	0.02789	0.00883	0.00608	0.00310	0.00806
63	0.02601	0.01916	0.02053	0.01574	0.02122	0.02122	0.01300	0.69408	0.03217	0.04312	0.01643	0.01643	0.01163	0.00821	0.00684	0.00205	0.00753	0.00616	0.00684	0.01163
64	0.01680	0.01619	0.02721	0.03817	0.59863	0.01660	0.05396	0.02187	0.06298	0.02246	0.01376	0.01750	0.01141	0.00660	0.00765	0.00211	0.04558	0.00630	0.00362	0.01058
65	0.01283	0.01045	0.01332	0.01384	0.10339	0.00981	0.00928	0.06933	0.05292	0.02544	0.27998	0.03957	0.15222	0.01145	0.00727	0.00200	0.00477	0.03013	0.00607	0.14593
66	0.02474	0.01853	0.01982	0.01548	0.02073	0.02062	0.01270	0.60103	0.12729	0.04107	0.01804	0.01771	0.01294	0.00836	0.00686	0.00209	0.00723	0.00638	0.00686	0.01152
67	0.00842	0.00599	0.00791	0.00942	0.00980	0.00561	0.00624	0.00955	0.01294	0.01725	0.03689	0.71908	0.04422	0.05886	0.01006	0.00297	0.00410	0.01897	0.00624	0.00549
68	0.46884	0.01588	0.09674	0.07448	0.04333	0.01503	0.01154	0.06600	0.01464	0.09085	0.03755	0.01520	0.01101	0.00699	0.00536	0.00213	0.00641	0.00491	0.00462	0.00849
69	0.01709	0.01716	0.02959	0.03900	0.58073	0.04010	0.13222	0.02136	0.01580	0.02209	0.01295	0.01703	0.01069	0.00607	0.00697	0.00207	0.00883	0.00637	0.00340	0.01047
70	0.01025	0.00739	0.01009	0.01157	0.01293	0.00723	0.00963	0.01287	0.01515	0.01968	0.03853	0.22851	0.08085	0.01937	0.00921	0.00302	0.00561	0.48571	0.00631	0.00610
71	0.02078	0.01373	0.01678	0.01600	0.08590	0.01423	0.01162	0.08393	0.30410	0.21412	0.02481	0.02635	0.01873	0.00908	0.00697	0.00219	0.00600	0.05497	0.00677	0.06295
72	0.00834	0.00595	0.00794	0.00953	0.00992	0.00556	0.00635	0.00953	0.01310	0.01746	0.03771	0.75510	0.04525	0.02143	0.00873	0.00278	0.00397	0.01945	0.00635	0.00556
73	0.00834	0.00595	0.00794	0.00953	0.00992	0.00556	0.00635	0.00953	0.01310	0.01746	0.03771	0.75510	0.04525	0.02143	0.00873	0.00278	0.00397	0.01945	0.00635	0.00556
74	0.02279	0.01717	0.01889	0.01507	0.01970	0.01929	0.01232	0.52142	0.10281	0.03753	0.01766	0.01858	0.01319	0.01342	0.09098	0.00314	0.03243	0.00646	0.00637	0.01078
75	0.01587	0.02037	0.11760	0.02778	0.03506	0.01714	0.61673	0.02189	0.01596	0.02189	0.01366	0.01800	0.01019	0.00585	0.00790	0.00229	0.01137	0.00773	0.00340	0.00933
76	0.00809	0.00693	0.00693	0.00693	0.00924	0.00578	0.00520	0.00982	0.01559	0.01848	0.06931	0.06584	0.71411	0.01733	0.00809	0.00231	0.00347	0.01444	0.00635	0.00578
77	0.01372	0.03539	0.72412	0.01950	0.02961	0.01589	0.02528	0.02167	0.01444	0.02167	0.01228	0.01444	0.00867	0.00650	0.00650	0.00217	0.01011	0.00506	0.00289	0.01011
78	0.01372	0.03539	0.72412	0.01950	0.02961	0.01589	0.02528	0.02167	0.01444	0.02167	0.01228	0.01444	0.00867	0.00650	0.00650	0.00217	0.01011	0.00506	0.00289	0.01011
79	0.02601	0.01916	0.02053	0.01574	0.02122	0.02122	0.01300	0.69408	0.03217	0.04312	0.01643	0.01643	0.01163	0.00821	0.00684	0.00205	0.00753	0.00616	0.00684	0.01163
80	0.00834	0.00595	0.00794	0.00953	0.00992	0.00556	0.00635	0.00953	0.01310	0.01746	0.03771	0.75510	0.04525	0.02143	0.00873	0.00278	0.00397	0.01945	0.00635	0.00556
81	0.01372	0.03539	0.72412	0.01950	0.02961	0.01589	0.02528	0.02167	0.01444	0.02167	0.01228	0.01444	0.00867	0.00650	0.00650	0.00217	0.01011	0.00506	0.00289	0.01011
82	0.01372	0.03539	0.72412	0.01950	0.02961	0.01589	0.02528	0.02167	0.01444	0.02167	0.01228	0.01444	0.00867	0.00650	0.00650	0.00217	0.01011	0.00506	0.00289	0.01011
83	0.00834	0.00595	0.00794	0.00953	0.00992	0.00556	0.00635	0.00953	0.01310	0.01746	0.03771	0.75510	0.04525	0.02143	0.00873	0.00278	0.00397	0.01945	0.00635	0.00556
84	0.03070	0.01164	0.01588	0.01217	0.01746	0.01006	0.01006	0.03334	0.01958	0.72163	0.02699	0.02329	0.01694	0.00847	0.00688	0.00212	0.00582	0.00688	0.00847	0.01164
85	0.01510	0.01238	0.01445	0.01038	0.01642	0.00955	0.00833	0.04012	0.01495	0.04517	0.01277	0.01455	0.01040	0.00528	0.00518	0.00108	0.00517	0.00421	0.00429	0.75022
86	0.02836	0.01172	0.01564	0.01188	0.01729	0.00992	0.00978	0.03106	0.01882	0.62269	0.02489	0.02200	0.01597	0.00799	0.00662	0.00196	0.00571	0.00648	0.00784	0.12337
87	0.01275	0.00638	0.00638	0.00638	0.00797	0.00638	0.00478	0.01594	0.01435	0.02551	0.02232	0.02551	0.01754	0.00797	0.00478	0.00159	0.00319	0.00638	0.79755	0.00638
88	0.01660	0.01434	0.01507	0.01360	0.01739	0.01650	0.01057	0.03513	0.67264	0.02815	0.02976	0.02739	0.05297	0.00965	0.00701	0.00232	0.00532	0.00805	0.00693	0.01059
89	0.00834	0.00595	0.00794	0.00953	0.00992	0.00556	0.00635	0.00953	0.01310	0.01746	0.03771	0.75510	0.04525	0.02143	0.00873	0.00278	0.00397	0.01945	0.00635	0.00556
90	0.01468	0.18836	0.57955	0.01786	0.02708	0.01824	0.02243	0.02142	0.01433	0.02050	0.01170	0.01372	0.00869	0.00636	0.00606	0.00202	0.00952	0.00476	0.00290	0.00983
91	0.00831	0.00604	0.00785	0.00930	0.00986	0.00558	0.00625	0.00955	0.01331	0.01755	0.04045	0.69534	0.10324	0.02108	0.00868	0.00274	0.00393	0.01901	0.00635	0.00558
92	0.00834	0.00595	0.00794	0.00953	0.00992	0.00556	0.00635	0.00953	0.01310	0.01746	0.03771	0.75510	0.04525	0.02143	0.00873	0.00278	0.00397	0.01945	0.00635	0.00556
93	0.60986	0.01379	0.01213	0.01026	0.01479	0.01543	0.00846	0.10792	0.01527	0.11949	0.01261	0.01333	0.00915	0.00686	0.00490	0.00211	0.00564	0.00442	0.00510	0.00848
94	0.01011	0.00722	0.00998	0.01156	0.01274	0.00709	0.00944	0.01260	0.01485	0.01946	0.03673	0.30669	0.04136	0.01976	0.00921	0.00302	0.00551	0.45031	0.00632	0.00605
95	0.01451	0.01235	0.01436	0.01029	0.01635	0.00946	0.00824	0.03598	0.01468	0.02287	0.01228	0.01425	0.01017	0.00515	0.00512	0.00104	0.00513	0.00411	0.00413	0.77951
96	0.01594	0.01668	0.02203	0.23008	0.02878	0.13258	0.11499	0.01919	0.01407	0.01834	0.01210	0.01700	0.01001	0.00951	0.03347	0.00258	0.21162	0.00607	0.05204	0.03292
97	0.01963	0.01475	0.01606	0.01370	0.01775	0.01631	0.01082	0.24778	0.34060	0.07806	0.02643	0.10455	0.04176	0.01047	0.00715	0.00227	0.00591	0.00867	0.00694	0.01041
98	0.01428	0.01245	0.01540	0.01100	0.01712	0.00950	0.03976	0.01744	0.01428	0.02228	0.01224	0.01438	0.01014	0.00510	0.00521	0.00107	0.00537	0.00424	0.00403	0.76472
99	0.01380	0.06826	0.65563	0.01878	0.02826	0.01601	0.02392	0.02123	0.01448	0.02134	0.01336	0.01746	0.01023	0.00710	0.00655	0.00218	0.00979	0.03870	0.00306	0.00986
100	0.02519	0.03200	0.01944	0.01764	0.02104	0.70762	0.01328	0.02695	0.01908	0.01673	0.01052	0.01243	0.00882	0.00722	0.00673	0.00180	0.03763	0.00446	0.00351	0.00792
101	0.02631	0.01165	0.01513	0.01204	0.01670	0.01076	0.00978	0.05376	0.09710	0.53158	0.11444	0.02686	0.02328	0.00926	0.00704	0.00214	0.00550	0.00765	0.00812	0.01089
102	0.04440	0.16778	0.57139	0.01768	0.02679	0.01791	0.02212	0.02139	0.01424	0.02099	0.01167	0.01368	0.00864	0.00638	0.00603	0.00204	0.00942	0.00475	0.00295	0.00977
103	0.01292	0.01216	0.02052	0.74312	0.04712	0.01520	0.01900	0.01748	0.01368	0.01748	0.01216	0.01824	0.00912	0.00684	0.00684	0.00228	0.00912	0.00608	0.00304	0.00760
104	0.01292	0.01216	0.02052	0.74312	0.04712	0.01520	0.01900	0.01748	0.01368	0.01748	0.01216	0.01824	0.00912	0.00684	0.00684	0.00228	0.00912	0.00608	0.00304	0.00760
105	0.01294	0.01097	0.01845	0.40857	0.03302	0.01228	0.08357	0.01667	0.01445	0.05432	0.05256	0.16936	0.03925	0.01040	0.00738	0.00235	0.00755	0.00954	0.02895	0.00742
106	0.80789	0.01323	0.01006	0.00900	0.01323	0.01535	0.00741	0.02011	0.01164	0.03070	0.00953	0.01111	0.00741	0.00635	0.00423	0.00212	0.00529	0.00370	0.00423	0.00741
107	0.03070	0.01164	0.01588	0.01217	0.01746	0.01006	0.01006	0.03334	0.01958	0.72163	0.02699	0.02329	0.01694	0.00847	0.00688	0.00212	0.00582	0.00688	0.00847	0.01164
108	0.00903	0.00820	0.00767	0.00761	0.00990	0.04262	0.00568	0.01079	0.01582	0.01864	0.08572	0.08535	0.63573	0.01683	0.00801	0.00229	0.00392	0.01403	0.00625	0.00590
109	0.03026	0.01235	0.01631	0.01251	0.01782	0.01110	0.01033	0.09516	0.02076	0.65814	0.02600	0.02264	0.01644	0.00844	0.00688	0.00211	0.00598	0.00681	0.00832	0.01164
110	0.03070	0.01164	0.01588	0.01217	0.01746	0.01006	0.01006	0.03334	0.01958	0.72163	0.02699	0.02329	0.01694	0.00847	0.00688	0.00212	0.00582	0.00688	0.00847	0.01164
111	0.00838	0.00597	0.00793	0.00947	0.00985	0.00559	0.00629	0.00954	0.01301	0.01735	0.03726	0.73542	0.04468	0.04189	0.00946	0.00289	0.00404	0.01919	0.00629	0.00552
112	0.03376	0.01180	0.01930	0.67453	0.04361	0.01461	0.01774	0.01745	0.01367	0.01836	0.01277	0.01854	0.00964	0.00690	0.00663	0.00223	0.00862	0.00604	0.05627	0.00751
113	0.01372	0.03539	0.72412	0.01950	0.02961	0.01589	0.02528	0.02167	0.01444	0.02167	0.01228	0.01444	0.00867	0.00650	0.00650	0.00217	0.01011	0.00506	0.00289	0.01011
114	0.00834	0.00595	0.00794	0.00953	0.00992	0.00556	0.00635	0.00953	0.01310	0.01746	0.03771	0.75510	0.04525	0.02143	0.00873	0.00278	0.00397	0.01945	0.00635	0.00556
115	0.00850	0.00608	0.00809	0.00941	0.00996	0.00567	0.00636	0.00995	0.01389	0.01872	0.12250	0.66674	0.04767	0.02050	0.00865	0.00270	0.00388	0.01856	0.00650	0.00567
116	0.01292	0.01216	0.02052	0.74312	0.04712	0.01520	0.01900	0.01748	0.01368	0.01748	0.01216	0.01824	0.00912	0.00684	0.00684	0.00228	0.00912	0.00608	0.00304	0.00760
117	0.01615	0.01845	0.04037	0.02884	0.03576	0.01730	0.69204	0.02191	0.01615	0.02191	0.01384	0.01845	0.01038	0.00577	0.00807	0.00231	0.01153	0.00807	0.00346	0.00923
118	0.80789	0.01323	0.01006	0.00900	0.01323	0.01535	0.00741	0.02011	0.01164	0.03070	0.00953	0.01111	0.00741	0.00635	0.00423	0.00212	0.00529	0.00370	0.00423	0.00741
119	0.00834	0.00595	0.00794	0.00953	0.00992	0.00556	0.00635	0.00953	0.01310	0.01746	0.03771	0.75510	0.04525	0.02143	0.00873	0.00278	0.00397	0.01945	0.00635	0.00556
120	0.10575	0.59798	0.05310	0.01198	0.01775	0.02496	0.01176	0.07518	0.01515	0.02007	0.01016	0.01154	0.00886	0.00612	0.00464	0.00160	0.00720	0.00391	0.00339	0.00890
121	0.01044	0.00716	0.00939	0.00874	0.01048	0.00658	0.00658	0.01365	0.01937	0.05242	0.68857	0.05010	0.06284	0.01379	0.00803	0.00215	0.00332	0.01217	0.00756	0.00664
122	0.01433	0.03453	0.69862	0.01924	0.02917	0.01568	0.02473	0.02209	0.01463	0.04686	0.01281	0.01476	0.00896	0.00657	0.00651	0.00216	0.00996	0.00512	0.00309	0.01017
123	0.02438	0.01316	0.01586	0.01312	0.01772	0.01336	0.01062	0.08704	0.26785	0.38075	0.02691	0.02627	0.01907	0.00927	0.00704	0.00224	0.00584	0.04075	0.00768	0.01108
124	0.02455	0.01849	0.02080	0.01606	0.02137	0.02034	0.04412	0.60840	0.06492	0.04061	0.01754	0.03988	0.01309	0.00856	0.00697	0.00210	0.00750	0.00674	0.00668	0.01129
125	0.01275	0.00638	0.00638	0.00638	0.00797	0.00638	0.00478	0.01594	0.01435	0.02551	0.02232	0.02551	0.01754	0.00797	0.00478	0.00159	0.00319	0.00638	0.79755	0.00638
126	0.01540	0.01691	0.03486	0.17473	0.03678	0.01714	0.50400	0.02060	0.01522	0.02060	0.01314	0.01815	0.01002	0.00644	0.00888	0.00235	0.06515	0.00751	0.00334	0.00876
127	0.00938	0.00698	0.00873	0.00829	0.01004	0.00633	0.00622	0.01233	0.01866	0.02575	0.59237	0.05387	0.18651	0.01461	0.00807	0.00218	0.00327	0.01276	0.00731	0.00633
128	0.01635	0.02044	0.09615	0.02720	0.03403	0.05092	0.58421	0.02199	0.01599	0.02149	0.01341	0.01773	0.01012	0.00607	0.00828	0.00229	0.03315	0.00759	0.00340	0.00919
129	0.01829	0.76368	0.03585	0.01171	0.01756	0.02707	0.01171	0.02049	0.01390	0.01610	0.00951	0.01097	0.00878	0.00585	0.00439	0.00146	0.00732	0.00366	0.00293	0.00878
130	0.01188	0.00594	0.00891	0.00891	0.00891	0.00594	0.00594	0.00891	0.00891	0.01188	0.01188	0.02080	0.01188	0.02377	0.02674	0.80095	0.00594	0.00594	0.00297	0.00297
131	0.01628	0.01419	0.01903	0.01385	0.01976	0.01247	0.10480	0.12035	0.01707	0.02521	0.01294	0.01515	0.01036	0.00586	0.00631	0.00141	0.02984	0.00500	0.00436	0.54578
132	0.01684	0.01011	0.01062	0.00924	0.01203	0.01067	0.00728	0.18542	0.05088	0.05352	0.02127	0.02318	0.01621	0.00811	0.00546	0.00176	0.00446	0.00640	0.53849	0.00806
133	0.00995	0.00663	0.00746	0.00746	0.00746	0.00663	0.00415	0.00995	0.00995	0.01327	0.02156	0.04477	0.02487	0.75957	0.03482	0.00663	0.00663	0.00995	0.00415	0.00415
134	0.00834	0.00595	0.00794	0.00953	0.00992	0.00556	0.00635	0.00953	0.01310	0.01746	0.03771	0.75510	0.04525	0.02143	0.00873	0.00278	0.00397	0.01945	0.00635	0.00556
135	0.02461	0.02157	0.01927	0.01566	0.02029	0.20258	0.01255	0.46497	0.02720	0.03436	0.01522	0.01622	0.01139	0.01009	0.04339	0.00242	0.00916	0.00578	0.03305	0.01022
136	0.01638	0.01872	0.03811	0.07404	0.03580	0.05080	0.61701	0.02188	0.01614	0.02139	0.01358	0.01815	0.01023	0.00590	0.00791	0.00228	0.01142	0.00777	0.00344	0.00906
137	0.03070	0.01164	0.01588	0.01217	0.01746	0.01006	0.01006	0.03334	0.01958	0.72163	0.02699	0.02329	0.01694	0.00847	0.00688	0.00212	0.00582	0.00688	0.00847	0.01164
138	0.00855	0.00620	0.00772	0.00883	0.00944	0.00576	0.00584	0.00963	0.01295	0.01695	0.03963	0.54548	0.13666	0.13735	0.01276	0.00332	0.00432	0.01724	0.00600	0.00537
139	0.12438	0.07120	0.04252	0.05338	0.04742	0.31103	0.01327	0.16417	0.04449	0.02484	0.01238	0.01404	0.00974	0.00730	0.00656	0.00196	0.03306	0.00497	0.00433	0.00894
140	0.01549	0.01472	0.02184	0.42309	0.22337	0.05924	0.01815	0.06395	0.01606	0.02097	0.04809	0.01907	0.01254	0.00711	0.00684	0.00216	0.00864	0.00631	0.00365	0.00871
141	0.00834	0.00595	0.00794	0.00953	0.00992	0.00556	0.00635	0.00953	0.01310	0.01746	0.03771	0.75510	0.04525	0.02143	0.00873	0.00278	0.00397	0.01945	0.00635	0.00556
142	0.00999	0.00713	0.00983	0.01141	0.01254	0.00698	0.00922	0.01238	0.01473	0.01931	0.03680	0.33850	0.04164	0.01988	0.00917	0.00301	0.00540	0.41974	0.00632	0.00601
143	0.03004	0.01150	0.01567	0.01206	0.01724	0.00994	0.00994	0.03271	0.01957	0.70013	0.04824	0.02415	0.01841	0.00864	0.00692	0.00212	0.00574	0.00705	0.00844	0.01148
144	0.02259	0.01595	0.01767	0.01584	0.06505	0.05954	0.01190	0.24053	0.19300	0.17741	0.06741	0.02407	0.01916	0.00903	0.00700	0.00215	0.00666	0.02758	0.00681	0.01065
145	0.01372	0.03539	0.72412	0.01950	0.02961	0.01589	0.02528	0.02167	0.01444	0.02167	0.01228	0.01444	0.00867	0.00650	0.00650	0.00217	0.01011	0.00506	0.00289	0.01011
146	0.00858	0.00715	0.00752	0.00747	0.00971	0.00619	0.00566	0.01096	0.03264	0.01986	0.14446	0.06344	0.59976	0.01678	0.00810	0.00232	0.00357	0.03334	0.00651	0.00599
