[name]
unknown

[dist]
# distance from previous block
# <min> <max>
7	53

[block]
# block no. 0 follows, 28 sequences, length 6
# corresponding to MSA columns:
# 54-59
name=unknown_A
#
# <colnr> <probs for GDERKNQSTAVLIFYWHMCP>
#	G	D	E	R	K	N	Q	S	T	A	V	L	I	F	Y	W	H	M	C	P
0	0.01743	0.01374	0.01569	0.01233	0.01743	0.01260	0.00973	0.20343	0.02028	0.02897	0.01953	0.15779	0.01853	0.00974	0.00668	0.00176	0.00590	0.00815	0.00563	0.41465
1	0.01881	0.01565	0.01875	0.01470	0.01984	0.01593	0.04740	0.18829	0.17175	0.03068	0.05626	0.02091	0.01695	0.00827	0.00783	0.00194	0.05186	0.00662	0.00586	0.28170
2	0.01353	0.01006	0.01148	0.01086	0.01275	0.01046	0.00776	0.11288	0.10764	0.02457	0.12705	0.21820	0.06986	0.21089	0.01601	0.00375	0.00560	0.01284	0.00647	0.00736
3	0.01565	0.01305	0.01670	0.09666	0.08106	0.01345	0.01192	0.09965	0.11376	0.02503	0.02212	0.17685	0.02126	0.04085	0.00915	0.00240	0.03531	0.00948	0.00542	0.19023
4	0.13251	0.01711	0.06534	0.04396	0.09608	0.01704	0.01358	0.17763	0.18487	0.08321	0.02275	0.04984	0.04627	0.00929	0.00701	0.00232	0.00695	0.00749	0.00614	0.01061
5	0.02077	0.01555	0.01763	0.06379	0.04836	0.04641	0.01185	0.15671	0.14529	0.12773	0.02405	0.02392	0.06898	0.00873	0.00693	0.00201	0.00674	0.00706	0.00623	0.19127

[dist]
# distance from previous block
# <min> <max>
28	45

[block]
# block no. 1 follows, 28 sequences, length 14
# corresponding to MSA columns:
# 105-118
name=unknown_B
#
# <colnr> <probs for GDERKNQSTAVLIFYWHMCP>
#	G	D	E	R	K	N	Q	S	T	A	V	L	I	F	Y	W	H	M	C	P
0	0.01601	0.01021	0.01296	0.06491	0.01690	0.00949	0.00912	0.02026	0.07517	0.16100	0.13874	0.16566	0.12062	0.01309	0.00774	0.00226	0.00515	0.01131	0.00680	0.13259
1	0.01850	0.01875	0.02439	0.11866	0.41679	0.14427	0.01853	0.02215	0.01667	0.02175	0.01424	0.01933	0.01210	0.04399	0.00845	0.00235	0.00917	0.00637	0.05366	0.00987
2	0.03070	0.01283	0.01689	0.01306	0.01845	0.01160	0.01074	0.09651	0.02210	0.59668	0.07028	0.02592	0.02068	0.00935	0.00739	0.00224	0.00619	0.00761	0.00876	0.01202
3	0.01512	0.01003	0.01181	0.01071	0.01375	0.00982	0.00834	0.02185	0.16707	0.13169	0.26169	0.04871	0.20698	0.01394	0.00818	0.00240	0.00457	0.03714	0.00766	0.00856
4	0.01618	0.15872	0.39910	0.02207	0.03105	0.01942	0.20824	0.02287	0.01576	0.02205	0.01300	0.01591	0.00975	0.00656	0.00698	0.00221	0.01065	0.00602	0.00325	0.01022
5	0.01664	0.15647	0.40747	0.04873	0.03049	0.06471	0.13210	0.02306	0.01586	0.02152	0.01269	0.01544	0.00956	0.00671	0.00679	0.00217	0.01060	0.00565	0.00323	0.01008
6	0.06887	0.04959	0.06683	0.06856	0.10208	0.06508	0.05152	0.30623	0.05524	0.03308	0.01547	0.01710	0.01160	0.00769	0.00690	0.00213	0.00853	0.00614	0.00540	0.05195
7	0.07047	0.02379	0.06987	0.17588	0.09419	0.25166	0.16667	0.02397	0.01727	0.02106	0.01266	0.01645	0.00990	0.00695	0.00712	0.00220	0.01113	0.00611	0.00361	0.00906
8	0.02079	0.08960	0.22434	0.02005	0.02754	0.06256	0.16800	0.12523	0.01965	0.11475	0.01576	0.01739	0.01135	0.00719	0.00711	0.00216	0.00972	0.00632	0.00473	0.04574
9	0.02233	0.06668	0.06556	0.01668	0.02236	0.18147	0.04968	0.22044	0.09494	0.02920	0.01563	0.01669	0.01198	0.00755	0.00667	0.00193	0.00888	0.00577	0.00521	0.15036
10	0.06974	0.01744	0.01706	0.01413	0.01886	0.11158	0.01122	0.15601	0.17043	0.16101	0.08082	0.02311	0.01979	0.00895	0.00696	0.00212	0.00704	0.00701	0.00674	0.08997
11	0.10295	0.09514	0.22596	0.01565	0.02238	0.01845	0.01589	0.16516	0.12913	0.02996	0.05203	0.01902	0.01510	0.00803	0.00658	0.00215	0.00778	0.00613	0.00518	0.05732
12	0.02284	0.04292	0.12474	0.01736	0.04913	0.01960	0.01517	0.37022	0.12804	0.06780	0.02162	0.02144	0.04791	0.00896	0.00722	0.00224	0.00779	0.00702	0.00644	0.01155
13	0.04417	0.14325	0.17278	0.01648	0.02338	0.01884	0.06726	0.14603	0.10464	0.06510	0.01637	0.01733	0.01227	0.00735	0.00653	0.00202	0.00808	0.00588	0.00500	0.11725

[dist]
# distance from previous block
# <min> <max>
6	22

[block]
# block no. 2 follows, 28 sequences, length 17
# corresponding to MSA columns:
# 141-157
name=unknown_C
#
# <colnr> <probs for GDERKNQSTAVLIFYWHMCP>
#	G	D	E	R	K	N	Q	S	T	A	V	L	I	F	Y	W	H	M	C	P
0	0.01895	0.10845	0.30908	0.01661	0.02410	0.01771	0.01791	0.11927	0.10192	0.09214	0.05603	0.01981	0.01560	0.00804	0.00683	0.00216	0.00829	0.00631	0.00512	0.04566
1	0.01813	0.06902	0.18034	0.01658	0.07997	0.01347	0.01459	0.05763	0.01847	0.15227	0.16242	0.06410	0.02608	0.00970	0.00720	0.00213	0.00692	0.00815	0.00582	0.08701
2	0.08902	0.05451	0.29733	0.01815	0.05130	0.01779	0.03717	0.20454	0.02104	0.03079	0.09320	0.02022	0.01702	0.00826	0.00695	0.00223	0.00850	0.00655	0.00499	0.01043
3	0.08605	0.01253	0.05040	0.01309	0.01664	0.01126	0.06558	0.10378	0.01798	0.06450	0.07334	0.28517	0.10002	0.01453	0.00795	0.00247	0.00594	0.01276	0.00624	0.04977
4	0.09734	0.01881	0.01968	0.01547	0.02094	0.04405	0.01268	0.45706	0.07617	0.13616	0.01903	0.01851	0.01335	0.00862	0.00701	0.00221	0.00754	0.00647	0.00715	0.01176
5	0.05789	0.27824	0.30898	0.01617	0.02394	0.06371	0.01804	0.02450	0.01604	0.11015	0.01382	0.01499	0.01034	0.00697	0.00605	0.00201	0.00902	0.00500	0.00397	0.01018
6	0.00906	0.00671	0.00846	0.00945	0.01047	0.00611	0.00654	0.01081	0.01556	0.02061	0.16082	0.49800	0.16959	0.02059	0.00903	0.00275	0.00398	0.01838	0.00697	0.00611
7	0.72038	0.01389	0.01130	0.00989	0.01450	0.01575	0.00815	0.02276	0.01321	0.09905	0.01196	0.01309	0.00887	0.00697	0.00478	0.00225	0.00568	0.00427	0.00494	0.00832
8	0.02674	0.01895	0.06542	0.01695	0.05178	0.04407	0.01386	0.31238	0.10156	0.23971	0.02153	0.02047	0.01482	0.00867	0.00724	0.00223	0.00760	0.00681	0.00723	0.01197
9	0.01486	0.03565	0.63506	0.02179	0.03217	0.01704	0.09672	0.02305	0.01554	0.02305	0.01322	0.01581	0.00941	0.00682	0.00709	0.00232	0.01091	0.00572	0.00314	0.01064
10	0.00863	0.00723	0.00751	0.00773	0.00991	0.00611	0.00568	0.01039	0.01622	0.01949	0.06920	0.15848	0.61058	0.01899	0.00868	0.00252	0.00375	0.01604	0.00675	0.00611
11	0.01791	0.01750	0.03084	0.04322	0.63308	0.01738	0.08735	0.02241	0.01661	0.02370	0.01378	0.01815	0.01147	0.00644	0.00733	0.00219	0.00900	0.00669	0.00361	0.01134
12	0.01991	0.01966	0.13435	0.03552	0.47944	0.01610	0.02107	0.02462	0.01708	0.13791	0.01609	0.01871	0.01224	0.00697	0.00717	0.00220	0.00856	0.00644	0.00442	0.01154
13	0.02705	0.01126	0.01511	0.01237	0.01688	0.01000	0.00989	0.03032	0.04614	0.53230	0.05548	0.15104	0.02530	0.01166	0.00770	0.00238	0.00572	0.00990	0.00850	0.01100
14	0.01118	0.00805	0.01106	0.01266	0.01420	0.00793	0.01075	0.01418	0.01635	0.02122	0.04043	0.16874	0.07491	0.02036	0.00987	0.00325	0.00622	0.53539	0.00670	0.00656
15	0.01643	0.02067	0.16286	0.09825	0.37267	0.01672	0.11582	0.02181	0.01623	0.02295	0.01512	0.02167	0.01264	0.00740	0.00751	0.00232	0.00955	0.04518	0.00366	0.01051
16	0.01601	0.07421	0.39873	0.02588	0.11442	0.01808	0.20400	0.02293	0.01596	0.02282	0.01340	0.01662	0.01000	0.00660	0.00727	0.00228	0.01072	0.00630	0.00330	0.01049

[dist]
# distance from previous block
# <min> <max>
0	11

[block]
# block no. 3 follows, 28 sequences, length 65
# corresponding to MSA columns:
# 169-233
name=unknown_D
#
# <colnr> <probs for GDERKNQSTAVLIFYWHMCP>
#	G	D	E	R	K	N	Q	S	T	A	V	L	I	F	Y	W	H	M	C	P
0	0.25562	0.11939	0.08088	0.01378	0.01920	0.14917	0.01219	0.05326	0.07383	0.07440	0.01413	0.01510	0.01085	0.00723	0.00577	0.00201	0.00792	0.00495	0.00471	0.07561
1	0.13950	0.31721	0.13264	0.01486	0.02106	0.13853	0.01441	0.10414	0.01787	0.02406	0.01166	0.01321	0.00947	0.00693	0.00562	0.00191	0.00882	0.00459	0.00394	0.00955
2	0.00986	0.00677	0.00821	0.00887	0.00912	0.00657	0.00547	0.01053	0.01238	0.01658	0.05993	0.32918	0.03711	0.41861	0.02446	0.00517	0.00574	0.01479	0.00552	0.00512
3	0.01200	0.00676	0.00936	0.00986	0.01049	0.00642	0.00670	0.01147	0.01245	0.05922	0.02829	0.34624	0.05212	0.04498	0.01811	0.33660	0.00530	0.01324	0.00529	0.00511
4	0.13380	0.01976	0.01978	0.01666	0.05059	0.08314	0.01296	0.44096	0.02798	0.06920	0.04372	0.01812	0.01396	0.00850	0.00687	0.00217	0.00789	0.00631	0.00651	0.01112
5	0.79588	0.01406	0.01068	0.00956	0.01406	0.01631	0.00787	0.02137	0.01237	0.03261	0.01012	0.01181	0.00787	0.00675	0.00450	0.00225	0.00562	0.00394	0.00450	0.00787
6	0.01029	0.00743	0.00972	0.00914	0.01086	0.00686	0.00686	0.01372	0.02058	0.02915	0.69536	0.05430	0.06859	0.01486	0.00857	0.00229	0.00343	0.01315	0.00800	0.00686
7	0.09309	0.01148	0.01485	0.01185	0.01656	0.01036	0.00964	0.02969	0.02004	0.50576	0.16648	0.02982	0.02771	0.01003	0.00733	0.00226	0.00556	0.00824	0.00840	0.01083
8	0.01570	0.09179	0.59251	0.02099	0.06078	0.01809	0.02493	0.05205	0.01620	0.02361	0.01304	0.01527	0.00946	0.00691	0.00676	0.00223	0.01029	0.00536	0.00328	0.01074
9	0.01458	0.03760	0.70688	0.02072	0.03146	0.01688	0.02686	0.02302	0.01535	0.02302	0.01304	0.01535	0.00921	0.00691	0.00691	0.00230	0.01074	0.00537	0.00307	0.01074
10	0.00904	0.00738	0.00799	0.00784	0.01009	0.00633	0.00588	0.01130	0.01763	0.02216	0.23852	0.06580	0.52979	0.01747	0.00859	0.00241	0.00361	0.01476	0.00708	0.00633
11	0.23016	0.01578	0.05288	0.28803	0.21119	0.01661	0.04416	0.02073	0.01462	0.02420	0.01243	0.01675	0.00971	0.00685	0.00652	0.00230	0.00844	0.00581	0.00369	0.00912
12	0.01466	0.03570	0.64699	0.05272	0.03258	0.01691	0.05503	0.02283	0.01539	0.02283	0.01311	0.01571	0.00931	0.00689	0.00700	0.00231	0.01076	0.00556	0.00310	0.01058
13	0.00859	0.00736	0.00736	0.00736	0.00982	0.00614	0.00552	0.01043	0.01657	0.01964	0.07364	0.06996	0.69624	0.01841	0.00859	0.00245	0.00368	0.01534	0.00675	0.00614
14	0.01458	0.03760	0.70688	0.02072	0.03146	0.01688	0.02686	0.02302	0.01535	0.02302	0.01304	0.01535	0.00921	0.00691	0.00691	0.00230	0.01074	0.00537	0.00307	0.01074
15	0.01263	0.00631	0.00947	0.00947	0.00947	0.00631	0.00631	0.00947	0.00947	0.01263	0.01263	0.02210	0.01263	0.02525	0.02841	0.78851	0.00631	0.00631	0.00316	0.00316
16	0.01507	0.01292	0.01507	0.01077	0.01723	0.00969	0.00861	0.01830	0.01507	0.02369	0.01292	0.01507	0.01077	0.00538	0.00538	0.00108	0.00538	0.00431	0.00431	0.78898
17	0.02713	0.01543	0.10913	0.01369	0.01952	0.01150	0.01251	0.03168	0.05422	0.50813	0.09540	0.02665	0.02224	0.00936	0.00739	0.00227	0.00649	0.00770	0.00801	0.01154
18	0.01057	0.00705	0.00793	0.00793	0.00793	0.00705	0.00440	0.01057	0.01057	0.01409	0.02290	0.04757	0.02643	0.74454	0.03700	0.00705	0.00705	0.01057	0.00440	0.00440
19	0.50420	0.01672	0.01774	0.03808	0.02031	0.07321	0.11229	0.05196	0.01535	0.07283	0.01252	0.01445	0.00939	0.00696	0.00569	0.00225	0.00753	0.00513	0.00468	0.00871
20	0.01799	0.01727	0.02950	0.04462	0.69919	0.01727	0.02231	0.02231	0.01655	0.02375	0.01367	0.01799	0.01151	0.00648	0.00720	0.00216	0.00864	0.00648	0.00360	0.01151
21	0.01029	0.00743	0.00972	0.00914	0.01086	0.00686	0.00686	0.01372	0.02058	0.02915	0.69536	0.05430	0.06859	0.01486	0.00857	0.00229	0.00343	0.01315	0.00800	0.00686
22	0.00895	0.00646	0.00848	0.00993	0.01054	0.00599	0.00670	0.01041	0.01454	0.01941	0.09140	0.65811	0.07821	0.02198	0.00919	0.00288	0.00413	0.01986	0.00684	0.00599
23	0.65393	0.01522	0.01274	0.01088	0.01563	0.01746	0.00897	0.14214	0.01640	0.03505	0.01148	0.01285	0.00870	0.00711	0.00501	0.00224	0.00606	0.00442	0.00501	0.00870
24	0.01725	0.01489	0.01564	0.01414	0.01810	0.01703	0.01098	0.03615	0.62731	0.02946	0.03345	0.03088	0.08134	0.01061	0.00750	0.00246	0.00557	0.00884	0.00734	0.01103
25	0.01808	0.01561	0.01644	0.01479	0.01890	0.01808	0.01151	0.03863	0.68606	0.03041	0.02959	0.02712	0.02219	0.00986	0.00740	0.00247	0.00575	0.00822	0.00740	0.01151
26	0.74286	0.01400	0.01101	0.00980	0.01418	0.01617	0.00802	0.04276	0.01300	0.03236	0.01045	0.01236	0.00819	0.00746	0.00543	0.02974	0.00573	0.00411	0.00454	0.00786
27	0.01023	0.00738	0.00966	0.00919	0.01085	0.00682	0.00685	0.01356	0.02029	0.02870	0.66725	0.08370	0.06771	0.01520	0.00860	0.00231	0.00346	0.01347	0.00795	0.00682
28	0.01029	0.00743	0.00972	0.00914	0.01086	0.00686	0.00686	0.01372	0.02058	0.02915	0.69536	0.05430	0.06859	0.01486	0.00857	0.00229	0.00343	0.01315	0.00800	0.00686
29	0.00880	0.00655	0.00820	0.00953	0.01039	0.00595	0.00648	0.01019	0.01449	0.01879	0.04727	0.59603	0.18719	0.02184	0.00913	0.00285	0.00410	0.01952	0.00675	0.00595
30	0.72617	0.01463	0.01169	0.01021	0.01483	0.01687	0.00841	0.08067	0.01435	0.03381	0.01079	0.01232	0.00828	0.00693	0.00475	0.00224	0.00584	0.00417	0.00475	0.00828
31	0.01029	0.00743	0.00972	0.00914	0.01086	0.00686	0.00686	0.01372	0.02058	0.02915	0.69536	0.05430	0.06859	0.01486	0.00857	0.00229	0.00343	0.01315	0.00800	0.00686
32	0.00859	0.00736	0.00736	0.00736	0.00982	0.00614	0.00552	0.01043	0.01657	0.01964	0.07364	0.06996	0.69624	0.01841	0.00859	0.00245	0.00368	0.01534	0.00675	0.00614
33	0.02999	0.01203	0.01604	0.01256	0.01761	0.01067	0.01015	0.03331	0.04841	0.61271	0.02819	0.02691	0.01894	0.07578	0.01001	0.00269	0.00624	0.00764	0.00851	0.01161
34	0.76108	0.01398	0.01097	0.00971	0.01426	0.01605	0.00800	0.02201	0.01276	0.06323	0.01097	0.01240	0.00833	0.00685	0.00463	0.00225	0.00565	0.00409	0.00470	0.00808
35	0.02763	0.02036	0.02182	0.01672	0.02254	0.02254	0.01382	0.67496	0.03418	0.04581	0.01745	0.01745	0.01236	0.00873	0.00727	0.00218	0.00800	0.00654	0.00727	0.01236
36	0.02763	0.02036	0.02182	0.01672	0.02254	0.02254	0.01382	0.67496	0.03418	0.04581	0.01745	0.01745	0.01236	0.00873	0.00727	0.00218	0.00800	0.00654	0.00727	0.01236
37	0.01017	0.00738	0.00959	0.00912	0.01081	0.00680	0.00681	0.01346	0.02017	0.02840	0.64787	0.08265	0.08884	0.01530	0.00860	0.00232	0.00347	0.01352	0.00791	0.00680
38	0.01148	0.00801	0.01023	0.00951	0.01141	0.00758	0.00712	0.01561	0.05431	0.05213	0.60719	0.05156	0.06251	0.04767	0.00976	0.00251	0.00381	0.01257	0.00784	0.00718
39	0.00886	0.00633	0.00843	0.01012	0.01054	0.00590	0.00675	0.01012	0.01392	0.01856	0.04006	0.73979	0.04808	0.02277	0.00928	0.00295	0.00422	0.02066	0.00675	0.00590
40	0.00886	0.00633	0.00843	0.01012	0.01054	0.00590	0.00675	0.01012	0.01392	0.01856	0.04006	0.73979	0.04808	0.02277	0.00928	0.00295	0.00422	0.02066	0.00675	0.00590
41	0.01808	0.01561	0.01644	0.01479	0.01890	0.01808	0.01151	0.03863	0.68606	0.03041	0.02959	0.02712	0.02219	0.00986	0.00740	0.00247	0.00575	0.00822	0.00740	0.01151
42	0.01021	0.00737	0.00965	0.00920	0.01084	0.00681	0.00685	0.01353	0.02023	0.02861	0.66170	0.08951	0.06753	0.01527	0.00861	0.00232	0.00347	0.01353	0.00794	0.00681
43	0.02715	0.03464	0.02060	0.01873	0.02247	0.71536	0.01404	0.02903	0.02060	0.01779	0.01124	0.01311	0.00936	0.00749	0.00655	0.00187	0.01311	0.00468	0.00375	0.00843
44	0.06099	0.01117	0.01446	0.01159	0.01582	0.01006	0.00906	0.02886	0.01799	0.50963	0.02648	0.02963	0.01956	0.18475	0.01428	0.00340	0.00637	0.00794	0.00770	0.01027
45	0.00982	0.00728	0.00915	0.00896	0.01064	0.00662	0.00662	0.01270	0.01905	0.02619	0.50654	0.14278	0.17384	0.01646	0.00866	0.00240	0.00357	0.01446	0.00763	0.00662
46	0.00886	0.00633	0.00843	0.01012	0.01054	0.00590	0.00675	0.01012	0.01392	0.01856	0.04006	0.73979	0.04808	0.02277	0.00928	0.00295	0.00422	0.02066	0.00675	0.00590
47	0.03217	0.01308	0.01731	0.01327	0.01891	0.01174	0.01096	0.09228	0.02199	0.64569	0.02768	0.02409	0.01749	0.00897	0.00731	0.00224	0.00635	0.00724	0.00884	0.01237
48	0.01458	0.03760	0.70688	0.02072	0.03146	0.01688	0.02686	0.02302	0.01535	0.02302	0.01304	0.01535	0.00921	0.00691	0.00691	0.00230	0.01074	0.00537	0.00307	0.01074
49	0.00897	0.00644	0.00844	0.00990	0.01044	0.00600	0.00663	0.01031	0.01421	0.01893	0.07085	0.66042	0.07187	0.04671	0.01016	0.00304	0.00426	0.01978	0.00673	0.00591
50	0.02763	0.02036	0.02182	0.01672	0.02254	0.02254	0.01382	0.67496	0.03418	0.04581	0.01745	0.01745	0.01236	0.00873	0.00727	0.00218	0.00800	0.00654	0.00727	0.01236
51	0.01943	0.74891	0.03809	0.01244	0.01866	0.02876	0.01244	0.02177	0.01477	0.01710	0.01011	0.01166	0.00933	0.00622	0.00466	0.00155	0.00777	0.00389	0.00311	0.00933
52	0.01531	0.01484	0.02587	0.45557	0.19361	0.01676	0.09998	0.02091	0.04593	0.02086	0.01407	0.01945	0.01083	0.00707	0.00742	0.00237	0.00959	0.00680	0.00356	0.00922
53	0.01121	0.00763	0.01001	0.00930	0.01118	0.00702	0.00702	0.01461	0.02059	0.05695	0.66790	0.05308	0.06650	0.01462	0.00852	0.00228	0.00354	0.01291	0.00804	0.00709
54	0.01057	0.00705	0.00793	0.00793	0.00793	0.00705	0.00440	0.01057	0.01057	0.01409	0.02290	0.04757	0.02643	0.74454	0.03700	0.00705	0.00705	0.01057	0.00440	0.00440
55	0.02611	0.01097	0.01457	0.01165	0.01626	0.00952	0.00944	0.02890	0.02025	0.51264	0.14125	0.03498	0.10847	0.01108	0.00767	0.00228	0.00544	0.00922	0.00856	0.01073
56	0.79588	0.01406	0.01068	0.00956	0.01406	0.01631	0.00787	0.02137	0.01237	0.03261	0.01012	0.01181	0.00787	0.00675	0.00450	0.00225	0.00562	0.00394	0.00450	0.00787
57	0.01651	0.01576	0.02684	0.28112	0.47424	0.01688	0.02157	0.02101	0.01585	0.02195	0.01341	0.01847	0.01088	0.00675	0.00722	0.00225	0.00900	0.00647	0.00347	0.01032
58	0.79588	0.01406	0.01068	0.00956	0.01406	0.01631	0.00787	0.02137	0.01237	0.03261	0.01012	0.01181	0.00787	0.00675	0.00450	0.00225	0.00562	0.00394	0.00450	0.00787
59	0.01022	0.00739	0.00944	0.00895	0.01056	0.00684	0.00658	0.01328	0.01952	0.02738	0.60642	0.05453	0.09725	0.07690	0.01098	0.00270	0.00375	0.01304	0.00763	0.00661
60	0.01716	0.01961	0.04289	0.03064	0.03799	0.01838	0.67279	0.02328	0.01716	0.02328	0.01471	0.01961	0.01103	0.00613	0.00858	0.00245	0.01225	0.00858	0.00368	0.00980
61	0.01943	0.74891	0.03809	0.01244	0.01866	0.02876	0.01244	0.02177	0.01477	0.01710	0.01011	0.01166	0.00933	0.00622	0.00466	0.00155	0.00777	0.00389	0.00311	0.00933
62	0.01057	0.00705	0.00793	0.00793	0.00793	0.00705	0.00440	0.01057	0.01057	0.01409	0.02290	0.04757	0.02643	0.74454	0.03700	0.00705	0.00705	0.01057	0.00440	0.00440
63	0.01057	0.00705	0.00793	0.00793	0.00793	0.00705	0.00440	0.01057	0.01057	0.01409	0.02290	0.04757	0.02643	0.74454	0.03700	0.00705	0.00705	0.01057	0.00440	0.00440
64	0.41053	0.01691	0.01626	0.04240	0.01944	0.01917	0.01111	0.32169	0.02248	0.03810	0.01361	0.01471	0.01001	0.00768	0.00589	0.00223	0.00688	0.00524	0.00572	0.00994

[dist]
# distance from previous block
# <min> <max>
0	1

# created by:
# /st0/software/busco_prod/Augustus/scripts/msa2prfl.pl ./align_prep/167869.fa
