[name]
unknown

[dist]
# distance from previous block
# <min> <max>
0	4

[block]
# block no. 0 follows, 29 sequences, length 11
# corresponding to MSA columns:
# 4-14
name=unknown_A
#
# <colnr> <probs for GDERKNQSTAVLIFYWHMCP>
#	G	D	E	R	K	N	Q	S	T	A	V	L	I	F	Y	W	H	M	C	P
0	0.01914	0.01040	0.01316	0.01176	0.01488	0.00998	0.00939	0.10040	0.01926	0.24036	0.10778	0.09903	0.06699	0.09360	0.01123	0.00300	0.00589	0.14785	0.00724	0.00866
1	0.02651	0.01864	0.02327	0.01756	0.02342	0.01976	0.09853	0.49671	0.02931	0.14525	0.01846	0.01847	0.01280	0.00826	0.00729	0.00218	0.00810	0.00678	0.00693	0.01179
2	0.13183	0.01699	0.01635	0.05894	0.01963	0.10639	0.01122	0.23411	0.08097	0.08117	0.02181	0.06701	0.05564	0.05636	0.00870	0.00252	0.00739	0.00762	0.00594	0.00941
3	0.00961	0.00681	0.00786	0.00822	0.00881	0.00648	0.00514	0.01036	0.01257	0.01642	0.06474	0.21259	0.15118	0.42080	0.02386	0.00498	0.00553	0.01358	0.00540	0.00506
4	0.01392	0.01358	0.02428	0.63318	0.04737	0.01613	0.11316	0.01885	0.01460	0.01885	0.01290	0.01902	0.00968	0.00696	0.00730	0.00238	0.00985	0.00662	0.00323	0.00815
5	0.01599	0.01676	0.02113	0.59477	0.04383	0.15196	0.01861	0.02017	0.01538	0.01805	0.01234	0.01780	0.00943	0.00716	0.00698	0.00227	0.01014	0.00599	0.00326	0.00798
6	0.05764	0.00785	0.00912	0.00900	0.01116	0.00714	0.00666	0.01397	0.01646	0.09485	0.17389	0.24449	0.28775	0.01691	0.00823	0.00247	0.00408	0.01457	0.00695	0.00683
7	0.00920	0.00666	0.00854	0.00941	0.01013	0.00645	0.00638	0.01055	0.01336	0.01781	0.06934	0.42626	0.10874	0.15335	0.10520	0.00461	0.00644	0.01599	0.00591	0.00567
8	0.07712	0.01773	0.01806	0.11609	0.02327	0.12644	0.01262	0.19506	0.08659	0.18038	0.01892	0.02055	0.01394	0.05157	0.00855	0.00245	0.00803	0.00649	0.00606	0.01008
9	0.40804	0.01407	0.01558	0.10632	0.06426	0.01653	0.01173	0.06753	0.01478	0.04975	0.05486	0.01689	0.01276	0.00819	0.00814	0.00235	0.10977	0.00552	0.00456	0.00837
10	0.05453	0.01633	0.01772	0.01433	0.01911	0.01757	0.01151	0.39410	0.12117	0.05941	0.02129	0.11167	0.01782	0.01010	0.00711	0.00218	0.00666	0.00814	0.00675	0.08248

[dist]
# distance from previous block
# <min> <max>
3	9

[block]
# block no. 1 follows, 29 sequences, length 12
# corresponding to MSA columns:
# 24-35
name=unknown_B
#
# <colnr> <probs for GDERKNQSTAVLIFYWHMCP>
#	G	D	E	R	K	N	Q	S	T	A	V	L	I	F	Y	W	H	M	C	P
0	0.01930	0.01781	0.02701	0.10810	0.06226	0.04513	0.21781	0.20574	0.02054	0.02792	0.01441	0.01772	0.01102	0.00743	0.00856	0.00219	0.06832	0.00671	0.02442	0.08761
1	0.02554	0.01879	0.02068	0.01592	0.02130	0.02061	0.01314	0.56188	0.03006	0.06648	0.01666	0.01708	0.01202	0.00854	0.00800	0.00211	0.05344	0.00625	0.00670	0.07481
2	0.01853	0.01740	0.03238	0.04559	0.03060	0.01700	0.40557	0.08413	0.01783	0.07971	0.01507	0.01856	0.01128	0.00696	0.00903	0.00226	0.07132	0.00736	0.00437	0.10504
3	0.01366	0.01004	0.01190	0.01087	0.01271	0.01042	0.00783	0.13509	0.01599	0.02176	0.02505	0.19048	0.05149	0.24583	0.07044	0.04029	0.04042	0.01094	0.00528	0.06952
4	0.06079	0.01464	0.01580	0.01306	0.01700	0.04636	0.01021	0.26195	0.04844	0.18527	0.04092	0.09524	0.02040	0.12341	0.01165	0.00296	0.00684	0.00857	0.00676	0.00973
5	0.02076	0.01343	0.01520	0.01264	0.01630	0.01408	0.00990	0.32157	0.02321	0.10863	0.02256	0.13802	0.01993	0.05828	0.01019	0.04902	0.00627	0.00892	0.10077	0.03031
6	0.01562	0.01019	0.01156	0.01010	0.01334	0.00976	0.00786	0.09716	0.07391	0.13862	0.15610	0.04838	0.32336	0.04080	0.00897	0.00248	0.00476	0.01162	0.00721	0.00823
7	0.01454	0.01324	0.02136	0.67533	0.04689	0.01632	0.01928	0.07127	0.01578	0.02033	0.01301	0.01883	0.00970	0.00723	0.00712	0.00235	0.00936	0.00633	0.00348	0.00825
8	0.01074	0.00836	0.01111	0.05945	0.01331	0.00941	0.00805	0.01185	0.01189	0.01625	0.02553	0.28235	0.02932	0.30342	0.05644	0.00486	0.11435	0.01278	0.00483	0.00568
9	0.02179	0.02256	0.01704	0.01525	0.01829	0.36394	0.01176	0.07780	0.03545	0.05291	0.01542	0.01816	0.01254	0.01362	0.09304	0.00311	0.06959	0.00575	0.12367	0.00831
10	0.02660	0.01929	0.02079	0.01609	0.02167	0.02129	0.01325	0.60877	0.08016	0.07125	0.01840	0.01807	0.01303	0.00864	0.00713	0.00216	0.00760	0.00656	0.00720	0.01205
11	0.01771	0.01530	0.01610	0.01449	0.01852	0.01771	0.01127	0.03784	0.69247	0.02979	0.02898	0.02657	0.02174	0.00966	0.00725	0.00242	0.00564	0.00805	0.00725	0.01127

[dist]
# distance from previous block
# <min> <max>
0	3

[block]
# block no. 2 follows, 29 sequences, length 32
# corresponding to MSA columns:
# 39-70
name=unknown_C
#
# <colnr> <probs for GDERKNQSTAVLIFYWHMCP>
#	G	D	E	R	K	N	Q	S	T	A	V	L	I	F	Y	W	H	M	C	P
0	0.00873	0.00624	0.00831	0.00988	0.01034	0.00582	0.00661	0.01005	0.01389	0.01858	0.06493	0.71827	0.04787	0.02201	0.00906	0.00287	0.00410	0.01996	0.00666	0.00582
1	0.01811	0.01549	0.01632	0.01457	0.01867	0.01790	0.01137	0.06509	0.66457	0.03043	0.02848	0.02617	0.02133	0.00961	0.00724	0.00240	0.00573	0.00798	0.00724	0.01131
2	0.02645	0.01861	0.02019	0.01566	0.02111	0.02040	0.01288	0.57058	0.07053	0.09627	0.01887	0.01853	0.01331	0.00863	0.00706	0.00214	0.00742	0.00657	0.03290	0.01188
3	0.01477	0.01266	0.01477	0.01055	0.01687	0.00949	0.00844	0.01793	0.01477	0.02320	0.01266	0.01477	0.01055	0.00527	0.00527	0.00105	0.00527	0.00422	0.00422	0.79328
4	0.01698	0.01626	0.02773	0.15049	0.60360	0.01675	0.02153	0.02129	0.01591	0.02248	0.01328	0.01783	0.01100	0.00646	0.00706	0.00215	0.00862	0.00634	0.00347	0.01076
5	0.00868	0.00620	0.00826	0.00991	0.01033	0.00578	0.00661	0.00991	0.01363	0.01818	0.03925	0.74510	0.04710	0.02231	0.00909	0.00289	0.00413	0.02024	0.00661	0.00578
6	0.01036	0.00690	0.00777	0.00777	0.00777	0.00690	0.00431	0.01036	0.01036	0.01381	0.02244	0.04660	0.02589	0.74975	0.03624	0.00690	0.00690	0.01036	0.00431	0.00431
7	0.00945	0.00725	0.00864	0.00830	0.01025	0.00645	0.00622	0.01222	0.01867	0.02502	0.46267	0.05901	0.30830	0.01588	0.00840	0.00230	0.00345	0.01369	0.00737	0.00645
8	0.02707	0.01995	0.02137	0.01638	0.02208	0.02208	0.01353	0.68159	0.03348	0.04488	0.01710	0.01710	0.01211	0.00855	0.00712	0.00214	0.00784	0.00641	0.00712	0.01211
9	0.80005	0.01377	0.01047	0.00936	0.01377	0.01597	0.00771	0.02093	0.01212	0.03195	0.00991	0.01157	0.00771	0.00661	0.00441	0.00220	0.00551	0.00386	0.00441	0.00771
10	0.00868	0.00620	0.00826	0.00991	0.01033	0.00578	0.00661	0.00991	0.01363	0.01818	0.03925	0.74510	0.04710	0.02231	0.00909	0.00289	0.00413	0.02024	0.00661	0.00578
11	0.02705	0.02056	0.02132	0.01647	0.02208	0.05305	0.01354	0.65266	0.03289	0.04366	0.01683	0.01691	0.01198	0.00849	0.00709	0.00212	0.00806	0.00633	0.00697	0.01194
12	0.01345	0.01266	0.02136	0.73264	0.04904	0.01582	0.01978	0.01819	0.01424	0.01819	0.01266	0.01898	0.00949	0.00712	0.00712	0.00237	0.00949	0.00633	0.00316	0.00791
13	0.01156	0.01226	0.07073	0.01273	0.01477	0.07650	0.03341	0.01395	0.01414	0.01841	0.02926	0.41810	0.03278	0.02523	0.15382	0.00448	0.00891	0.03690	0.00535	0.00670
14	0.01771	0.01530	0.01610	0.01449	0.01852	0.01771	0.01127	0.03784	0.69247	0.02979	0.02898	0.02657	0.02174	0.00966	0.00725	0.00242	0.00564	0.00805	0.00725	0.01127
15	0.05218	0.01623	0.01699	0.01468	0.01908	0.01857	0.01161	0.17487	0.52324	0.03311	0.02565	0.02392	0.01909	0.00930	0.00710	0.00235	0.00610	0.00753	0.00710	0.01130
16	0.02028	0.63561	0.03450	0.01320	0.01889	0.14215	0.01244	0.02249	0.01541	0.01686	0.01008	0.01166	0.00914	0.00630	0.00487	0.00157	0.00847	0.00394	0.00315	0.00899
17	0.01449	0.06862	0.68292	0.01994	0.03026	0.01705	0.02568	0.02250	0.01501	0.02229	0.01265	0.01487	0.00903	0.00674	0.00667	0.00222	0.01039	0.00520	0.00301	0.01046
18	0.01987	0.02074	0.02784	0.03597	0.47448	0.16079	0.07518	0.05737	0.01796	0.02315	0.01318	0.01676	0.01085	0.00663	0.00704	0.00208	0.00962	0.00616	0.00375	0.01056
19	0.00888	0.00628	0.00820	0.00966	0.01002	0.00592	0.00634	0.00997	0.01324	0.01765	0.03724	0.66153	0.04456	0.10935	0.01234	0.00337	0.00446	0.01906	0.00634	0.00561
20	0.01715	0.01735	0.02980	0.08394	0.42141	0.04652	0.17298	0.02208	0.03528	0.02240	0.01421	0.01867	0.01159	0.00889	0.04427	0.00268	0.01001	0.00686	0.00364	0.01028
21	0.01654	0.14949	0.38529	0.02423	0.16614	0.05504	0.06264	0.02253	0.01556	0.02149	0.01244	0.01511	0.00962	0.00655	0.00654	0.00209	0.00984	0.00540	0.00319	0.01028
22	0.03107	0.01231	0.01650	0.01278	0.01820	0.01091	0.01052	0.03490	0.06175	0.66837	0.02815	0.02438	0.01788	0.00887	0.00717	0.00222	0.00603	0.00722	0.00872	0.01207
23	0.01036	0.00690	0.00777	0.00777	0.00777	0.00690	0.00431	0.01036	0.01036	0.01381	0.02244	0.04660	0.02589	0.74975	0.03624	0.00690	0.00690	0.01036	0.00431	0.00431
24	0.02433	0.02166	0.19068	0.01602	0.02257	0.04576	0.01546	0.20660	0.10233	0.25007	0.02071	0.01982	0.01413	0.00827	0.00703	0.00221	0.00788	0.00648	0.00651	0.01146
25	0.01792	0.01774	0.11266	0.01539	0.02225	0.01340	0.10010	0.11420	0.01811	0.07462	0.01462	0.01638	0.01110	0.00628	0.00628	0.00163	0.00728	0.00543	0.00471	0.41990
26	0.01036	0.00690	0.00777	0.00777	0.00777	0.00690	0.00431	0.01036	0.01036	0.01381	0.02244	0.04660	0.02589	0.74975	0.03624	0.00690	0.00690	0.01036	0.00431	0.00431
27	0.80005	0.01377	0.01047	0.00936	0.01377	0.01597	0.00771	0.02093	0.01212	0.03195	0.00991	0.01157	0.00771	0.00661	0.00441	0.00220	0.00551	0.00386	0.00441	0.00771
28	0.01742	0.02193	0.12887	0.06244	0.07166	0.09339	0.37629	0.04060	0.01708	0.02285	0.01437	0.01830	0.01091	0.00657	0.00753	0.00224	0.01081	0.00714	0.06017	0.00945
29	0.00862	0.00640	0.00805	0.00937	0.01018	0.00583	0.00637	0.00998	0.01416	0.01839	0.04593	0.60765	0.18024	0.02144	0.00895	0.00279	0.00402	0.01918	0.00661	0.00583
30	0.01140	0.01033	0.05370	0.01070	0.01317	0.00907	0.00866	0.01762	0.13566	0.02657	0.42428	0.14863	0.07331	0.01448	0.00820	0.00237	0.00432	0.01272	0.00722	0.00758
31	0.01577	0.26624	0.42955	0.01729	0.02544	0.02038	0.02053	0.02150	0.01448	0.02015	0.01184	0.01432	0.00936	0.00840	0.03007	0.00237	0.05456	0.00493	0.00305	0.00977

[dist]
# distance from previous block
# <min> <max>
0	34

[block]
# block no. 3 follows, 29 sequences, length 58
# corresponding to MSA columns:
# 105-162
name=unknown_D
#
# <colnr> <probs for GDERKNQSTAVLIFYWHMCP>
#	G	D	E	R	K	N	Q	S	T	A	V	L	I	F	Y	W	H	M	C	P
0	0.03156	0.01274	0.01691	0.01296	0.01849	0.01139	0.01071	0.08621	0.02142	0.65728	0.02722	0.02367	0.01719	0.00879	0.00716	0.00220	0.00620	0.00710	0.00868	0.01212
1	0.01691	0.01619	0.02762	0.16109	0.59351	0.01673	0.02150	0.02123	0.01588	0.02240	0.01327	0.01786	0.01097	0.00648	0.00706	0.00216	0.00864	0.00634	0.00346	0.01071
2	0.00999	0.00728	0.00939	0.00886	0.01058	0.00668	0.00665	0.01326	0.01994	0.02804	0.66705	0.05403	0.10203	0.01475	0.00840	0.00225	0.00337	0.01300	0.00777	0.00668
3	0.00963	0.00742	0.00797	0.00773	0.01013	0.00631	0.00583	0.01174	0.01706	0.04836	0.17666	0.06417	0.56788	0.01708	0.00836	0.00237	0.00366	0.01435	0.00691	0.00637
4	0.01519	0.01243	0.01435	0.07814	0.01885	0.01381	0.01064	0.02790	0.39585	0.04683	0.15304	0.03695	0.09568	0.01152	0.00766	0.00241	0.00543	0.03691	0.00693	0.00946
5	0.01904	0.75404	0.03731	0.01218	0.01828	0.02818	0.01218	0.02132	0.01447	0.01675	0.00990	0.01142	0.00914	0.00609	0.00457	0.00152	0.00761	0.00381	0.00305	0.00914
6	0.01345	0.01266	0.02136	0.73264	0.04904	0.01582	0.01978	0.01819	0.01424	0.01819	0.01266	0.01898	0.00949	0.00712	0.00712	0.00237	0.00949	0.00633	0.00316	0.00791
7	0.06923	0.04045	0.11180	0.01363	0.01936	0.01197	0.03559	0.02778	0.01845	0.40610	0.09480	0.02586	0.02094	0.00897	0.00702	0.00218	0.00659	0.02560	0.00701	0.04666
8	0.02048	0.01644	0.01741	0.01480	0.01926	0.01868	0.01175	0.23870	0.46146	0.03440	0.02505	0.02360	0.01859	0.00926	0.00712	0.00230	0.00624	0.00749	0.03560	0.01137
9	0.73553	0.01396	0.01224	0.03908	0.01617	0.01605	0.03663	0.02090	0.01240	0.03101	0.01021	0.01219	0.00791	0.00660	0.00468	0.00222	0.00594	0.00415	0.00432	0.00780
10	0.01413	0.01312	0.02170	0.67494	0.07825	0.01610	0.01964	0.04245	0.01503	0.01940	0.01285	0.01885	0.00967	0.00714	0.00712	0.00235	0.00938	0.00633	0.00332	0.00822
11	0.02707	0.01995	0.02137	0.01638	0.02208	0.02208	0.01353	0.68159	0.03348	0.04488	0.01710	0.01710	0.01211	0.00855	0.00712	0.00214	0.00784	0.00641	0.00712	0.01211
12	0.01762	0.01692	0.02890	0.04371	0.70533	0.01692	0.02185	0.02185	0.01621	0.02326	0.01339	0.01762	0.01128	0.00634	0.00705	0.00211	0.00846	0.00634	0.00352	0.01128
13	0.75539	0.01494	0.01103	0.00988	0.01425	0.05669	0.00806	0.02136	0.01258	0.03111	0.00998	0.01164	0.00780	0.00665	0.00452	0.00218	0.00593	0.00390	0.00436	0.00774
14	0.01036	0.00690	0.00777	0.00777	0.00777	0.00690	0.00431	0.01036	0.01036	0.01381	0.02244	0.04660	0.02589	0.74975	0.03624	0.00690	0.00690	0.01036	0.00431	0.00431
15	0.64935	0.01345	0.01165	0.01001	0.01464	0.01489	0.00825	0.02363	0.01374	0.16503	0.01348	0.01405	0.00966	0.00704	0.00495	0.00220	0.00562	0.00450	0.00527	0.00858
16	0.01036	0.00690	0.00777	0.00777	0.00777	0.00690	0.00431	0.01036	0.01036	0.01381	0.02244	0.04660	0.02589	0.74975	0.03624	0.00690	0.00690	0.01036	0.00431	0.00431
17	0.00996	0.00727	0.00936	0.00884	0.01057	0.00667	0.00663	0.01321	0.01988	0.02790	0.65739	0.05427	0.11179	0.01480	0.00840	0.00225	0.00338	0.01303	0.00775	0.00667
18	0.01987	0.01637	0.01731	0.01493	0.01934	0.01872	0.01179	0.18613	0.54067	0.03326	0.02624	0.02439	0.01952	0.00940	0.00722	0.00235	0.00614	0.00767	0.00722	0.01146
19	0.01017	0.00763	0.01144	0.01144	0.01272	0.00890	0.00890	0.01272	0.01144	0.01653	0.01907	0.02797	0.01780	0.05340	0.72153	0.01144	0.01907	0.00763	0.00381	0.00636
20	0.02286	0.02050	0.18864	0.01638	0.04168	0.04065	0.01523	0.07463	0.19959	0.26999	0.02279	0.02152	0.01575	0.00839	0.00705	0.00225	0.00748	0.00676	0.00651	0.01133
21	0.02114	0.01728	0.01772	0.01511	0.01962	0.05098	0.01196	0.20981	0.46054	0.05796	0.02494	0.02331	0.01843	0.00922	0.00717	0.00231	0.00657	0.00742	0.00711	0.01139
22	0.00872	0.00719	0.00765	0.00760	0.00982	0.00613	0.00568	0.01078	0.01684	0.02084	0.18185	0.08600	0.57119	0.01755	0.00843	0.00239	0.00358	0.01481	0.00683	0.00613
23	0.01454	0.06106	0.66440	0.02038	0.03062	0.01700	0.05018	0.02252	0.01508	0.02236	0.01274	0.01506	0.00909	0.00671	0.00675	0.00224	0.01048	0.00533	0.00303	0.01044
24	0.01531	0.19203	0.56668	0.01854	0.02810	0.01906	0.02325	0.02228	0.01491	0.02130	0.01216	0.01425	0.00905	0.00662	0.00629	0.00210	0.00989	0.00495	0.00302	0.01022
25	0.03195	0.01212	0.01652	0.01267	0.01818	0.01047	0.01047	0.03470	0.02038	0.71026	0.02809	0.02424	0.01763	0.00881	0.00716	0.00220	0.00606	0.00716	0.00881	0.01212
26	0.01428	0.03683	0.71286	0.02030	0.03082	0.01654	0.02631	0.02255	0.01503	0.02255	0.01278	0.01503	0.00902	0.00677	0.00677	0.00226	0.01052	0.00526	0.00301	0.01052
27	0.01694	0.01634	0.02821	0.15097	0.57782	0.01679	0.04598	0.02132	0.01593	0.02245	0.01332	0.01790	0.01098	0.00645	0.00711	0.00217	0.00875	0.00642	0.00347	0.01069
28	0.03195	0.01212	0.01652	0.01267	0.01818	0.01047	0.01047	0.03470	0.02038	0.71026	0.02809	0.02424	0.01763	0.00881	0.00716	0.00220	0.00606	0.00716	0.00881	0.01212
29	0.01446	0.01369	0.02318	0.56601	0.20778	0.01609	0.02028	0.01908	0.01472	0.01942	0.01283	0.01866	0.00992	0.00693	0.00710	0.00231	0.00924	0.00633	0.00325	0.00872
30	0.01600	0.07477	0.56012	0.02074	0.05154	0.01692	0.06871	0.02328	0.01551	0.06765	0.01375	0.01580	0.00979	0.00680	0.00679	0.00221	0.01009	0.00555	0.00345	0.01051
31	0.65235	0.01811	0.14249	0.01142	0.01698	0.01608	0.01121	0.02124	0.01267	0.03018	0.01045	0.01222	0.00796	0.00664	0.00485	0.00221	0.00645	0.00412	0.00414	0.00824
32	0.01147	0.00820	0.01147	0.01311	0.01475	0.00820	0.01147	0.01475	0.01639	0.02131	0.03770	0.08032	0.04098	0.01967	0.00984	0.00328	0.00656	0.65741	0.00656	0.00656
33	0.02660	0.03394	0.02018	0.01834	0.02201	0.72116	0.01376	0.02843	0.02018	0.01743	0.01101	0.01284	0.00917	0.00734	0.00642	0.00183	0.01284	0.00459	0.00367	0.00825
34	0.05874	0.01254	0.01653	0.01272	0.01820	0.01119	0.01051	0.06397	0.02069	0.65580	0.02695	0.02346	0.01702	0.00872	0.00706	0.00220	0.00612	0.00701	0.00858	0.01196
35	0.01762	0.01692	0.02890	0.04371	0.70533	0.01692	0.02185	0.02185	0.01621	0.02326	0.01339	0.01762	0.01128	0.00634	0.00705	0.00211	0.00846	0.00634	0.00352	0.01128
36	0.01034	0.00698	0.00814	0.00814	0.00827	0.00711	0.00478	0.01059	0.01047	0.01408	0.02210	0.04472	0.02507	0.67938	0.10550	0.00736	0.00813	0.01008	0.00426	0.00452
37	0.00868	0.00620	0.00826	0.00991	0.01033	0.00578	0.00661	0.00991	0.01363	0.01818	0.03925	0.74510	0.04710	0.02231	0.00909	0.00289	0.00413	0.02024	0.00661	0.00578
38	0.01872	0.68672	0.03590	0.01278	0.01831	0.02760	0.01249	0.02094	0.01414	0.01679	0.00985	0.01180	0.00916	0.00667	0.00628	0.00167	0.07408	0.00403	0.00305	0.00902
39	0.80005	0.01377	0.01047	0.00936	0.01377	0.01597	0.00771	0.02093	0.01212	0.03195	0.00991	0.01157	0.00771	0.00661	0.00441	0.00220	0.00551	0.00386	0.00441	0.00771
40	0.01237	0.00618	0.00928	0.00928	0.00928	0.00618	0.00618	0.00928	0.00928	0.01237	0.01237	0.02165	0.01237	0.02474	0.02783	0.79283	0.00618	0.00618	0.00309	0.00309
41	0.01008	0.00728	0.00952	0.00896	0.01064	0.00672	0.00672	0.01344	0.02016	0.02855	0.70158	0.05319	0.06719	0.01456	0.00840	0.00224	0.00336	0.01288	0.00784	0.00672
42	0.00842	0.00721	0.00721	0.00721	0.00962	0.00601	0.00541	0.01022	0.01623	0.01924	0.07213	0.06853	0.70244	0.01803	0.00842	0.00240	0.00361	0.01503	0.00661	0.00601
43	0.01036	0.00690	0.00777	0.00777	0.00777	0.00690	0.00431	0.01036	0.01036	0.01381	0.02244	0.04660	0.02589	0.74975	0.03624	0.00690	0.00690	0.01036	0.00431	0.00431
44	0.01008	0.00728	0.00952	0.00896	0.01064	0.00672	0.00672	0.01344	0.02016	0.02855	0.70158	0.05319	0.06719	0.01456	0.00840	0.00224	0.00336	0.01288	0.00784	0.00672
45	0.01904	0.75404	0.03731	0.01218	0.01828	0.02818	0.01218	0.02132	0.01447	0.01675	0.00990	0.01142	0.00914	0.00609	0.00457	0.00152	0.00761	0.00381	0.00305	0.00914
46	0.01477	0.01266	0.01477	0.01055	0.01687	0.00949	0.00844	0.01793	0.01477	0.02320	0.01266	0.01477	0.01055	0.00527	0.00527	0.00105	0.00527	0.00422	0.00422	0.79328
47	0.03195	0.01212	0.01652	0.01267	0.01818	0.01047	0.01047	0.03470	0.02038	0.71026	0.02809	0.02424	0.01763	0.00881	0.00716	0.00220	0.00606	0.00716	0.00881	0.01212
48	0.01644	0.01571	0.02677	0.23862	0.51966	0.01661	0.02127	0.02082	0.01565	0.02183	0.01319	0.01801	0.01077	0.00656	0.00707	0.00219	0.00875	0.00634	0.00342	0.01033
49	0.01530	0.01297	0.01505	0.01080	0.01710	0.01004	0.00866	0.04668	0.01558	0.02414	0.01285	0.01487	0.01061	0.00542	0.00535	0.00110	0.00538	0.00431	0.00434	0.75944
50	0.01604	0.01425	0.02211	0.54908	0.11041	0.01693	0.01898	0.12471	0.01751	0.02297	0.01344	0.01855	0.01009	0.00727	0.00711	0.00231	0.00912	0.00634	0.00383	0.00892
51	0.01383	0.03225	0.60063	0.01915	0.02825	0.01520	0.02394	0.02130	0.01525	0.02235	0.01677	0.02548	0.01413	0.00883	0.00726	0.00242	0.00989	0.10961	0.00357	0.00989
52	0.01571	0.01201	0.01598	0.01211	0.01733	0.00990	0.05733	0.01874	0.01483	0.09119	0.01637	0.04006	0.01399	0.05248	0.08902	0.00282	0.00747	0.00600	0.00467	0.50199
53	0.01364	0.01275	0.02147	0.62820	0.10677	0.01552	0.01934	0.01821	0.01426	0.01856	0.01309	0.01938	0.01013	0.00972	0.04836	0.00287	0.00995	0.00640	0.00323	0.00813
54	0.01610	0.01307	0.01866	0.13577	0.02437	0.01142	0.08011	0.01972	0.01535	0.08389	0.01510	0.04091	0.01224	0.00654	0.00621	0.00158	0.00672	0.00581	0.00447	0.48196
55	0.01493	0.01280	0.01484	0.01076	0.01696	0.00994	0.00859	0.01902	0.05194	0.02356	0.01355	0.01541	0.01116	0.00551	0.00538	0.00113	0.00529	0.00443	0.00438	0.75039
56	0.01498	0.01259	0.01713	0.05411	0.02004	0.01032	0.07264	0.01829	0.01505	0.05145	0.01622	0.09128	0.01459	0.00736	0.00615	0.00150	0.00607	0.00652	0.00454	0.55918
57	0.01648	0.04715	0.02919	0.08578	0.02934	0.01528	0.31871	0.02098	0.01572	0.04946	0.01384	0.01746	0.01075	0.00622	0.00760	0.00194	0.03616	0.00651	0.00393	0.26749

[dist]
# distance from previous block
# <min> <max>
2	12

[block]
# block no. 4 follows, 29 sequences, length 16
# corresponding to MSA columns:
# 175-190
name=unknown_E
#
# <colnr> <probs for GDERKNQSTAVLIFYWHMCP>
#	G	D	E	R	K	N	Q	S	T	A	V	L	I	F	Y	W	H	M	C	P
0	0.01868	0.01532	0.01841	0.01446	0.01968	0.01540	0.05600	0.21360	0.17519	0.03044	0.01917	0.04937	0.01540	0.01003	0.03715	0.00229	0.00709	0.00682	0.00579	0.26970
1	0.02140	0.01891	0.08620	0.01563	0.02072	0.05263	0.03584	0.36845	0.02526	0.05656	0.04816	0.08396	0.01912	0.03662	0.00844	0.00241	0.00773	0.04541	0.00623	0.04030
2	0.13245	0.07314	0.28900	0.01729	0.02441	0.14559	0.06520	0.02366	0.04996	0.02308	0.01278	0.01476	0.00979	0.00675	0.00622	0.00203	0.00938	0.00511	0.00371	0.08571
3	0.05892	0.01351	0.01478	0.01271	0.01615	0.01466	0.00981	0.19770	0.19912	0.09536	0.02363	0.03165	0.02037	0.20258	0.01478	0.00353	0.00664	0.04838	0.00642	0.00929
4	0.72487	0.01437	0.01153	0.01005	0.01458	0.01657	0.00828	0.08518	0.01420	0.03321	0.01061	0.01211	0.00814	0.00680	0.00467	0.00220	0.00573	0.00410	0.00467	0.00814
5	0.00992	0.00709	0.00825	0.00825	0.00896	0.00704	0.00529	0.01071	0.01176	0.01539	0.03226	0.04813	0.16582	0.48322	0.14239	0.00671	0.00820	0.01089	0.00471	0.00500
6	0.01669	0.01494	0.01944	0.18843	0.13846	0.01714	0.01501	0.03059	0.42170	0.02599	0.02258	0.02331	0.01714	0.00852	0.00718	0.00236	0.00701	0.00736	0.00567	0.01048
7	0.01668	0.01389	0.01485	0.01322	0.01693	0.01552	0.01030	0.09447	0.47232	0.03002	0.11919	0.03338	0.09627	0.01104	0.00750	0.00236	0.00535	0.00923	0.00725	0.01023
8	0.02660	0.03394	0.02018	0.01834	0.02201	0.72116	0.01376	0.02843	0.02018	0.01743	0.01101	0.01284	0.00917	0.00734	0.00642	0.00183	0.01284	0.00459	0.00367	0.00825
9	0.01733	0.01662	0.02837	0.09197	0.65936	0.01684	0.02171	0.02160	0.01608	0.02291	0.01334	0.01772	0.01115	0.00640	0.00705	0.00213	0.00853	0.00634	0.00350	0.01104
10	0.01771	0.01530	0.01610	0.01449	0.01852	0.01771	0.01127	0.03784	0.69247	0.02979	0.02898	0.02657	0.02174	0.00966	0.00725	0.00242	0.00564	0.00805	0.00725	0.01127
11	0.00915	0.00724	0.00824	0.00799	0.01007	0.00633	0.00599	0.01165	0.01798	0.02338	0.35195	0.06171	0.42005	0.01649	0.00841	0.00233	0.00350	0.01407	0.00716	0.00633
12	0.80005	0.01377	0.01047	0.00936	0.01377	0.01597	0.00771	0.02093	0.01212	0.03195	0.00991	0.01157	0.00771	0.00661	0.00441	0.00220	0.00551	0.00386	0.00441	0.00771
13	0.01237	0.00618	0.00928	0.00928	0.00928	0.00618	0.00618	0.00928	0.00928	0.01237	0.01237	0.02165	0.01237	0.02474	0.02783	0.79283	0.00618	0.00618	0.00309	0.00309
14	0.01636	0.01042	0.01080	0.00968	0.01244	0.01121	0.00754	0.13028	0.14196	0.03017	0.02327	0.02499	0.01787	0.00859	0.00575	0.00188	0.00449	0.00686	0.51704	0.00839
15	0.66487	0.01517	0.04315	0.01428	0.10403	0.01612	0.01034	0.02112	0.01277	0.03042	0.01049	0.01250	0.00823	0.00658	0.00485	0.00219	0.00611	0.00424	0.00423	0.00829

[dist]
# distance from previous block
# <min> <max>
0	1

# created by:
# /st0/software/busco_prod/Augustus/scripts/msa2prfl.pl ./align_prep/167878.fa
