[name]
unknown

[dist]
# distance from previous block
# <min> <max>
12	40

[block]
# block no. 0 follows, 29 sequences, length 13
# corresponding to MSA columns:
# 50-62
name=unknown_A
#
# <colnr> <probs for GDERKNQSTAVLIFYWHMCP>
#	G	D	E	R	K	N	Q	S	T	A	V	L	I	F	Y	W	H	M	C	P
0	0.07420	0.01426	0.02455	0.06816	0.10213	0.01453	0.21859	0.04117	0.01627	0.08117	0.02039	0.06824	0.01865	0.01076	0.00943	0.02334	0.05178	0.12878	0.00484	0.00879
1	0.11247	0.01414	0.05861	0.13704	0.02395	0.01395	0.07067	0.13824	0.01833	0.02643	0.04685	0.13108	0.02351	0.01212	0.00775	0.00256	0.00742	0.14115	0.00540	0.00834
2	0.01175	0.00980	0.01335	0.01235	0.01342	0.01085	0.03143	0.01328	0.01283	0.01813	0.05955	0.25303	0.02921	0.19016	0.01867	0.00370	0.18464	0.03328	0.00496	0.07563
3	0.03848	0.02021	0.15183	0.06684	0.09218	0.01685	0.33042	0.02104	0.01590	0.02278	0.07169	0.02065	0.01502	0.00756	0.00916	0.00239	0.07623	0.00760	0.00380	0.00935
4	0.00927	0.00725	0.00840	0.00811	0.01014	0.00637	0.00608	0.01187	0.01824	0.02402	0.39511	0.06066	0.37649	0.01625	0.00841	0.00232	0.00348	0.01392	0.00724	0.00637
5	0.01834	0.03925	0.01585	0.01294	0.01630	0.09028	0.01015	0.26413	0.02247	0.02915	0.12867	0.05654	0.08293	0.07887	0.09842	0.00371	0.00849	0.00886	0.00602	0.00863
6	0.01327	0.00664	0.00664	0.00664	0.00830	0.00664	0.00498	0.01659	0.01493	0.02655	0.02323	0.02655	0.01825	0.00830	0.00498	0.00166	0.00332	0.00664	0.78928	0.00664
7	0.01590	0.01416	0.02205	0.56032	0.10525	0.01687	0.01902	0.11949	0.01735	0.02272	0.01340	0.01857	0.01005	0.00727	0.00711	0.00231	0.00915	0.00634	0.00380	0.00886
8	0.01652	0.01579	0.02691	0.22590	0.53177	0.01663	0.02130	0.02089	0.01569	0.02192	0.01320	0.01798	0.01081	0.00655	0.00707	0.00218	0.00873	0.00634	0.00343	0.01039
9	0.01706	0.01661	0.02913	0.12337	0.57160	0.01688	0.07745	0.02151	0.01603	0.02263	0.01339	0.01792	0.01103	0.00641	0.00717	0.00217	0.00888	0.00652	0.00349	0.01074
10	0.01483	0.13446	0.51219	0.12756	0.03182	0.01807	0.02332	0.02171	0.01483	0.02107	0.01235	0.01512	0.00911	0.00672	0.00651	0.00217	0.00996	0.00522	0.00304	0.00993
11	0.01728	0.12798	0.02709	0.26041	0.32953	0.01871	0.01900	0.07661	0.01677	0.02246	0.01294	0.01708	0.01044	0.00674	0.00670	0.00211	0.00861	0.00596	0.00364	0.00993
12	0.22213	0.14977	0.17554	0.12386	0.02530	0.07453	0.01560	0.09500	0.01651	0.02541	0.01185	0.01416	0.00913	0.00690	0.00584	0.00209	0.00844	0.00488	0.00391	0.00915

[dist]
# distance from previous block
# <min> <max>
1	8

[block]
# block no. 1 follows, 29 sequences, length 23
# corresponding to MSA columns:
# 75-97
name=unknown_B
#
# <colnr> <probs for GDERKNQSTAVLIFYWHMCP>
#	G	D	E	R	K	N	Q	S	T	A	V	L	I	F	Y	W	H	M	C	P
0	0.04005	0.01507	0.05118	0.03693	0.01655	0.10848	0.01012	0.03912	0.01539	0.02020	0.02907	0.03291	0.19122	0.09233	0.06025	0.00321	0.07292	0.00832	0.00465	0.15201
1	0.01483	0.08302	0.02348	0.01753	0.02026	0.01724	0.13522	0.04131	0.01346	0.01919	0.01376	0.01974	0.01237	0.02299	0.23468	0.00531	0.25783	0.00677	0.00360	0.03740
2	0.01477	0.01266	0.01477	0.01055	0.01687	0.00949	0.00844	0.01793	0.01477	0.02320	0.01266	0.01477	0.01055	0.00527	0.00527	0.00105	0.00527	0.00422	0.00422	0.79328
3	0.01017	0.00763	0.01144	0.01144	0.01272	0.00890	0.00890	0.01272	0.01144	0.01653	0.01907	0.02797	0.01780	0.05340	0.72153	0.01144	0.01907	0.00763	0.00381	0.00636
4	0.01762	0.01692	0.02890	0.04371	0.70533	0.01692	0.02185	0.02185	0.01621	0.02326	0.01339	0.01762	0.01128	0.00634	0.00705	0.00211	0.00846	0.00634	0.00352	0.01128
5	0.01008	0.00728	0.00952	0.00896	0.01064	0.00672	0.00672	0.01344	0.02016	0.02855	0.70158	0.05319	0.06719	0.01456	0.00840	0.00224	0.00336	0.01288	0.00784	0.00672
6	0.00911	0.00759	0.00799	0.00783	0.01019	0.00665	0.00589	0.01199	0.04734	0.02124	0.17357	0.06412	0.56744	0.01709	0.00836	0.00238	0.00366	0.01436	0.00684	0.00636
7	0.01428	0.03683	0.71286	0.02030	0.03082	0.01654	0.02631	0.02255	0.01503	0.02255	0.01278	0.01503	0.00902	0.00677	0.00677	0.00226	0.01052	0.00526	0.00301	0.01052
8	0.00850	0.00722	0.00733	0.00730	0.00967	0.00605	0.00548	0.01038	0.01643	0.01970	0.10343	0.06777	0.67086	0.01786	0.00841	0.00240	0.00359	0.01492	0.00667	0.00605
9	0.01968	0.01627	0.01721	0.01489	0.01927	0.01863	0.01175	0.17329	0.55381	0.03296	0.02648	0.02457	0.01971	0.00943	0.00722	0.00236	0.00610	0.00771	0.00722	0.01145
10	0.01477	0.01266	0.01477	0.01055	0.01687	0.00949	0.00844	0.01793	0.01477	0.02320	0.01266	0.01477	0.01055	0.00527	0.00527	0.00105	0.00527	0.00422	0.00422	0.79328
11	0.01477	0.01266	0.01477	0.01055	0.01687	0.00949	0.00844	0.01793	0.01477	0.02320	0.01266	0.01477	0.01055	0.00527	0.00527	0.00105	0.00527	0.00422	0.00422	0.79328
12	0.01477	0.01266	0.01477	0.01055	0.01687	0.00949	0.00844	0.01793	0.01477	0.02320	0.01266	0.01477	0.01055	0.00527	0.00527	0.00105	0.00527	0.00422	0.00422	0.79328
13	0.01702	0.01620	0.02699	0.14169	0.56648	0.01681	0.02088	0.02234	0.05899	0.02294	0.01428	0.01839	0.01169	0.00667	0.00707	0.00217	0.00843	0.00645	0.00371	0.01079
14	0.02486	0.02459	0.01939	0.01640	0.02049	0.33103	0.01289	0.28891	0.02449	0.02935	0.01459	0.01607	0.01127	0.00820	0.00747	0.00201	0.04891	0.00561	0.08386	0.00962
15	0.00868	0.00620	0.00826	0.00991	0.01033	0.00578	0.00661	0.00991	0.01363	0.01818	0.03925	0.74510	0.04710	0.02231	0.00909	0.00289	0.00413	0.02024	0.00661	0.00578
16	0.80005	0.01377	0.01047	0.00936	0.01377	0.01597	0.00771	0.02093	0.01212	0.03195	0.00991	0.01157	0.00771	0.00661	0.00441	0.00220	0.00551	0.00386	0.00441	0.00771
17	0.00918	0.00724	0.00827	0.00802	0.01009	0.00634	0.00601	0.01170	0.01804	0.02353	0.36201	0.06146	0.40990	0.01643	0.00841	0.00233	0.00349	0.01404	0.00718	0.00634
18	0.01345	0.01266	0.02136	0.73264	0.04904	0.01582	0.01978	0.01819	0.01424	0.01819	0.01266	0.01898	0.00949	0.00712	0.00712	0.00237	0.00949	0.00633	0.00316	0.00791
19	0.01327	0.00664	0.00664	0.00664	0.00830	0.00664	0.00498	0.01659	0.01493	0.02655	0.02323	0.02655	0.01825	0.00830	0.00498	0.00166	0.00332	0.00664	0.78928	0.00664
20	0.00965	0.00661	0.00797	0.00867	0.00884	0.00643	0.00528	0.01017	0.01173	0.01564	0.02950	0.34019	0.03480	0.44399	0.02483	0.00522	0.00574	0.01451	0.00528	0.00493
21	0.01555	0.01312	0.01519	0.01092	0.01721	0.01029	0.00876	0.06019	0.01596	0.02458	0.01294	0.01491	0.01065	0.00548	0.00539	0.00112	0.00544	0.00436	0.00440	0.74354
22	0.02009	0.01606	0.01854	0.01447	0.01916	0.01697	0.01180	0.31507	0.02246	0.03165	0.01554	0.05533	0.01302	0.00885	0.00929	0.00198	0.12698	0.00640	0.00547	0.27086

[dist]
# distance from previous block
# <min> <max>
0	19

[block]
# block no. 2 follows, 29 sequences, length 59
# corresponding to MSA columns:
# 148-206
name=unknown_C
#
# <colnr> <probs for GDERKNQSTAVLIFYWHMCP>
#	G	D	E	R	K	N	Q	S	T	A	V	L	I	F	Y	W	H	M	C	P
0	0.02660	0.03394	0.02018	0.01834	0.02201	0.72116	0.01376	0.02843	0.02018	0.01743	0.01101	0.01284	0.00917	0.00734	0.00642	0.00183	0.01284	0.00459	0.00367	0.00825
1	0.00881	0.00630	0.00842	0.01007	0.01055	0.00590	0.00685	0.01016	0.01377	0.01833	0.03917	0.71206	0.04679	0.02218	0.00913	0.00291	0.00425	0.05192	0.00661	0.00582
2	0.01681	0.01921	0.04202	0.03001	0.03721	0.01801	0.67947	0.02281	0.01681	0.02281	0.01441	0.01921	0.01080	0.00600	0.00840	0.00240	0.01200	0.00840	0.00360	0.00960
3	0.01327	0.00664	0.00664	0.00664	0.00830	0.00664	0.00498	0.01659	0.01493	0.02655	0.02323	0.02655	0.01825	0.00830	0.00498	0.00166	0.00332	0.00664	0.78928	0.00664
4	0.80005	0.01377	0.01047	0.00936	0.01377	0.01597	0.00771	0.02093	0.01212	0.03195	0.00991	0.01157	0.00771	0.00661	0.00441	0.00220	0.00551	0.00386	0.00441	0.00771
5	0.01451	0.07148	0.68022	0.01990	0.03021	0.01710	0.02563	0.02249	0.01501	0.02227	0.01264	0.01486	0.00903	0.00673	0.00666	0.00222	0.01038	0.00519	0.00301	0.01046
6	0.06299	0.02108	0.01949	0.01564	0.02063	0.14392	0.01263	0.48098	0.02868	0.03758	0.01859	0.01892	0.04588	0.00870	0.00687	0.00209	0.00826	0.00640	0.02991	0.01075
7	0.01008	0.00728	0.00952	0.00896	0.01064	0.00672	0.00672	0.01344	0.02016	0.02855	0.70158	0.05319	0.06719	0.01456	0.00840	0.00224	0.00336	0.01288	0.00784	0.00672
8	0.01611	0.01361	0.01481	0.01386	0.01737	0.01540	0.01099	0.03228	0.53681	0.02772	0.03284	0.03831	0.06170	0.01188	0.00777	0.00257	0.00569	0.12304	0.00709	0.01016
9	0.00842	0.00721	0.00721	0.00721	0.00962	0.00601	0.00541	0.01022	0.01623	0.01924	0.07213	0.06853	0.70244	0.01803	0.00842	0.00240	0.00361	0.01503	0.00661	0.00601
10	0.01428	0.03683	0.71286	0.02030	0.03082	0.01654	0.02631	0.02255	0.01503	0.02255	0.01278	0.01503	0.00902	0.00677	0.00677	0.00226	0.01052	0.00526	0.00301	0.01052
11	0.76162	0.01408	0.01101	0.00971	0.01418	0.01628	0.00800	0.05377	0.01318	0.03259	0.01027	0.01184	0.00793	0.00671	0.00454	0.00220	0.00562	0.00398	0.00454	0.00793
12	0.01630	0.01787	0.03727	0.15260	0.09950	0.01753	0.50624	0.02193	0.01631	0.02205	0.01401	0.01903	0.01062	0.00623	0.00806	0.00237	0.01125	0.00786	0.00352	0.00946
13	0.02498	0.01467	0.01650	0.01380	0.01852	0.04821	0.01100	0.03588	0.33690	0.35631	0.02769	0.02478	0.01915	0.00914	0.00716	0.00229	0.00619	0.00746	0.00783	0.01153
14	0.01017	0.00763	0.01144	0.01144	0.01272	0.00890	0.00890	0.01272	0.01144	0.01653	0.01907	0.02797	0.01780	0.05340	0.72153	0.01144	0.01907	0.00763	0.00381	0.00636
15	0.01771	0.01530	0.01610	0.01449	0.01852	0.01771	0.01127	0.03784	0.69247	0.02979	0.02898	0.02657	0.02174	0.00966	0.00725	0.00242	0.00564	0.00805	0.00725	0.01127
16	0.00842	0.00721	0.00721	0.00721	0.00962	0.00601	0.00541	0.01022	0.01623	0.01924	0.07213	0.06853	0.70244	0.01803	0.00842	0.00240	0.00361	0.01503	0.00661	0.00601
17	0.02707	0.01995	0.02137	0.01638	0.02208	0.02208	0.01353	0.68159	0.03348	0.04488	0.01710	0.01710	0.01211	0.00855	0.00712	0.00214	0.00784	0.00641	0.00712	0.01211
18	0.03176	0.01242	0.01671	0.01281	0.01833	0.01091	0.01058	0.05960	0.02088	0.68466	0.02767	0.02396	0.01741	0.00880	0.00716	0.00220	0.00613	0.00713	0.00875	0.01212
19	0.01008	0.00728	0.00952	0.00896	0.01064	0.00672	0.00672	0.01344	0.02016	0.02855	0.70158	0.05319	0.06719	0.01456	0.00840	0.00224	0.00336	0.01288	0.00784	0.00672
20	0.01771	0.01530	0.01610	0.01449	0.01852	0.01771	0.01127	0.03784	0.69247	0.02979	0.02898	0.02657	0.02174	0.00966	0.00725	0.00242	0.00564	0.00805	0.00725	0.01127
21	0.01472	0.01441	0.02012	0.01760	0.01765	0.01982	0.01446	0.01624	0.01124	0.01727	0.01307	0.10634	0.01404	0.01369	0.02159	0.00309	0.64557	0.00797	0.00355	0.00754
22	0.01367	0.01289	0.02176	0.69563	0.08430	0.01588	0.01989	0.01839	0.01434	0.01847	0.01270	0.01891	0.00959	0.00708	0.00712	0.00236	0.00944	0.00633	0.00318	0.00809
23	0.01017	0.00763	0.01144	0.01144	0.01272	0.00890	0.00890	0.01272	0.01144	0.01653	0.01907	0.02797	0.01780	0.05340	0.72153	0.01144	0.01907	0.00763	0.00381	0.00636
24	0.01684	0.01913	0.04156	0.03049	0.06064	0.01797	0.65642	0.02278	0.01679	0.02283	0.01437	0.01915	0.01082	0.00601	0.00836	0.00239	0.01188	0.00833	0.00360	0.00966
25	0.00868	0.00620	0.00826	0.00991	0.01033	0.00578	0.00661	0.00991	0.01363	0.01818	0.03925	0.74510	0.04710	0.02231	0.00909	0.00289	0.00413	0.02024	0.00661	0.00578
26	0.01345	0.01266	0.02136	0.73264	0.04904	0.01582	0.01978	0.01819	0.01424	0.01819	0.01266	0.01898	0.00949	0.00712	0.00712	0.00237	0.00949	0.00633	0.00316	0.00791
27	0.01740	0.01669	0.02850	0.08034	0.67044	0.01686	0.02174	0.02166	0.01611	0.02299	0.01335	0.01770	0.01118	0.00639	0.00705	0.00213	0.00851	0.00634	0.00351	0.01110
28	0.80005	0.01377	0.01047	0.00936	0.01377	0.01597	0.00771	0.02093	0.01212	0.03195	0.00991	0.01157	0.00771	0.00661	0.00441	0.00220	0.00551	0.00386	0.00441	0.00771
29	0.01762	0.01692	0.02890	0.04371	0.70533	0.01692	0.02185	0.02185	0.01621	0.02326	0.01339	0.01762	0.01128	0.00634	0.00705	0.00211	0.00846	0.00634	0.00352	0.01128
30	0.01017	0.00763	0.01144	0.01144	0.01272	0.00890	0.00890	0.01272	0.01144	0.01653	0.01907	0.02797	0.01780	0.05340	0.72153	0.01144	0.01907	0.00763	0.00381	0.00636
31	0.01438	0.03618	0.68804	0.02065	0.03106	0.01659	0.05047	0.02256	0.01510	0.02256	0.01284	0.01519	0.00909	0.00674	0.00683	0.00226	0.01058	0.00538	0.00303	0.01049
32	0.01553	0.01290	0.01592	0.01141	0.01774	0.00987	0.03530	0.01879	0.01507	0.05043	0.01334	0.01532	0.01084	0.00544	0.00547	0.00115	0.00557	0.00450	0.00438	0.73103
33	0.02461	0.01843	0.02071	0.10260	0.02465	0.02059	0.01384	0.56893	0.03004	0.04015	0.01682	0.01875	0.01246	0.04418	0.00853	0.00240	0.00799	0.00659	0.00651	0.01123
34	0.01453	0.07497	0.67694	0.01986	0.03015	0.01716	0.02556	0.02249	0.01500	0.02224	0.01263	0.01484	0.00903	0.00673	0.00665	0.00222	0.01037	0.00518	0.00301	0.01045
35	0.01689	0.01617	0.02757	0.16531	0.58949	0.01672	0.02149	0.02121	0.01587	0.02237	0.01326	0.01786	0.01096	0.00648	0.00706	0.00216	0.00864	0.00634	0.00346	0.01068
36	0.01345	0.01266	0.02136	0.73264	0.04904	0.01582	0.01978	0.01819	0.01424	0.01819	0.01266	0.01898	0.00949	0.00712	0.00712	0.00237	0.00949	0.00633	0.00316	0.00791
37	0.00868	0.00620	0.00826	0.00991	0.01033	0.00578	0.00661	0.00991	0.01363	0.01818	0.03925	0.74510	0.04710	0.02231	0.00909	0.00289	0.00413	0.02024	0.00661	0.00578
38	0.01904	0.75404	0.03731	0.01218	0.01828	0.02818	0.01218	0.02132	0.01447	0.01675	0.00990	0.01142	0.00914	0.00609	0.00457	0.00152	0.00761	0.00381	0.00305	0.00914
39	0.01008	0.00728	0.00952	0.00896	0.01064	0.00672	0.00672	0.01344	0.02016	0.02855	0.70158	0.05319	0.06719	0.01456	0.00840	0.00224	0.00336	0.01288	0.00784	0.00672
40	0.00910	0.00674	0.00957	0.01076	0.01147	0.00632	0.02941	0.01061	0.01389	0.01850	0.03833	0.68508	0.04555	0.02162	0.00911	0.00290	0.00453	0.05407	0.00651	0.00595
41	0.02707	0.01995	0.02137	0.01638	0.02208	0.02208	0.01353	0.68159	0.03348	0.04488	0.01710	0.01710	0.01211	0.00855	0.00712	0.00214	0.00784	0.00641	0.00712	0.01211
42	0.02079	0.01502	0.01650	0.01428	0.01867	0.01670	0.01127	0.07645	0.53374	0.15082	0.02810	0.02558	0.02043	0.00944	0.00722	0.00236	0.00584	0.00779	0.00751	0.01147
43	0.57915	0.01393	0.01260	0.01061	0.01535	0.01533	0.00875	0.07731	0.01555	0.17274	0.01424	0.01463	0.01011	0.00722	0.00519	0.00220	0.00581	0.00474	0.00553	0.00898
44	0.01345	0.01266	0.02136	0.73264	0.04904	0.01582	0.01978	0.01819	0.01424	0.01819	0.01266	0.01898	0.00949	0.00712	0.00712	0.00237	0.00949	0.00633	0.00316	0.00791
45	0.01017	0.00763	0.01144	0.01144	0.01272	0.00890	0.00890	0.01272	0.01144	0.01653	0.01907	0.02797	0.01780	0.05340	0.72153	0.01144	0.01907	0.00763	0.00381	0.00636
46	0.00882	0.00712	0.00785	0.00790	0.00993	0.00615	0.00584	0.01091	0.01684	0.02123	0.21095	0.13860	0.48749	0.01771	0.00848	0.00242	0.00361	0.01511	0.00689	0.00615
47	0.00883	0.00631	0.00840	0.00981	0.01036	0.00589	0.00662	0.01030	0.01434	0.01931	0.11124	0.66989	0.04928	0.02147	0.00901	0.00282	0.00405	0.01944	0.00674	0.00589
48	0.02660	0.03394	0.02018	0.01834	0.02201	0.72116	0.01376	0.02843	0.02018	0.01743	0.01101	0.01284	0.00917	0.00734	0.00642	0.00183	0.01284	0.00459	0.00367	0.00825
49	0.00868	0.00620	0.00826	0.00991	0.01033	0.00578	0.00661	0.00991	0.01363	0.01818	0.03925	0.74510	0.04710	0.02231	0.00909	0.00289	0.00413	0.02024	0.00661	0.00578
50	0.01017	0.00763	0.01144	0.01144	0.01272	0.00890	0.00890	0.01272	0.01144	0.01653	0.01907	0.02797	0.01780	0.05340	0.72153	0.01144	0.01907	0.00763	0.00381	0.00636
51	0.00906	0.00636	0.00815	0.00942	0.00974	0.00604	0.00608	0.01002	0.01288	0.01717	0.03539	0.58467	0.04222	0.18939	0.01533	0.00381	0.00477	0.01797	0.00608	0.00545
52	0.01576	0.26039	0.50229	0.01777	0.02691	0.02016	0.02191	0.02217	0.01486	0.02074	0.01188	0.01391	0.00906	0.00656	0.00608	0.00203	0.00962	0.00481	0.00302	0.01009
53	0.02667	0.03187	0.02036	0.01805	0.02202	0.61765	0.01373	0.12515	0.02215	0.02149	0.01191	0.01347	0.00961	0.00752	0.00652	0.00188	0.01210	0.00486	0.00418	0.00883
54	0.00868	0.00620	0.00826	0.00991	0.01033	0.00578	0.00661	0.00991	0.01363	0.01818	0.03925	0.74510	0.04710	0.02231	0.00909	0.00289	0.00413	0.02024	0.00661	0.00578
55	0.00880	0.00630	0.00843	0.00991	0.01042	0.00593	0.00669	0.01019	0.01391	0.01868	0.07417	0.68477	0.04723	0.02290	0.03207	0.00313	0.00457	0.01944	0.00659	0.00585
56	0.01522	0.05533	0.48230	0.02304	0.03238	0.01738	0.22834	0.02259	0.01556	0.02244	0.01319	0.01621	0.00958	0.00651	0.00720	0.00228	0.01089	0.00619	0.00319	0.01019
57	0.01860	0.02161	0.03705	0.02912	0.09136	0.14203	0.50603	0.02372	0.01735	0.02190	0.01372	0.01795	0.01056	0.00627	0.00794	0.00228	0.01185	0.00755	0.00361	0.00951
58	0.02707	0.01995	0.02137	0.01638	0.02208	0.02208	0.01353	0.68159	0.03348	0.04488	0.01710	0.01710	0.01211	0.00855	0.00712	0.00214	0.00784	0.00641	0.00712	0.01211

[dist]
# distance from previous block
# <min> <max>
0	0

# created by:
# /st0/software/busco_prod/Augustus/scripts/msa2prfl.pl ./align_prep/168188.fa
