[name]
unknown

[dist]
# distance from previous block
# <min> <max>
3	5

[block]
# block no. 0 follows, 26 sequences, length 198
# corresponding to MSA columns:
# 5-8,10-172,174-204
name=unknown_A
#
# <colnr> <probs for GDERKNQSTAVLIFYWHMCP>
#	G	D	E	R	K	N	Q	S	T	A	V	L	I	F	Y	W	H	M	C	P
0	0.01216	0.01002	0.01084	0.01101	0.01278	0.04039	0.00795	0.01676	0.11798	0.02119	0.06688	0.23985	0.17987	0.10121	0.06666	0.02991	0.00663	0.03439	0.00643	0.00709
1	0.05248	0.01664	0.01984	0.01520	0.02090	0.01666	0.05266	0.29141	0.05077	0.06697	0.09726	0.02282	0.01990	0.00874	0.00720	0.00202	0.00705	0.00716	0.00658	0.21776
2	0.01384	0.03564	0.09801	0.01165	0.01378	0.00967	0.00975	0.04653	0.01330	0.01846	0.01890	0.12020	0.01917	0.07559	0.02120	0.39782	0.00688	0.00881	0.05504	0.00575
3	0.02055	0.01837	0.02227	0.02025	0.08425	0.08681	0.10136	0.11274	0.24525	0.05113	0.02293	0.05915	0.01829	0.00938	0.00761	0.00234	0.00806	0.00821	0.05414	0.04691
4	0.00969	0.00691	0.00872	0.00983	0.01044	0.00649	0.00648	0.01097	0.01457	0.01939	0.09037	0.49707	0.09255	0.16148	0.01523	0.00382	0.00487	0.01850	0.00666	0.00595
5	0.01792	0.01971	0.04053	0.03311	0.13887	0.01938	0.49844	0.02357	0.01721	0.02380	0.01467	0.01983	0.01144	0.00710	0.01024	0.00258	0.07911	0.00839	0.00377	0.01033
6	0.02077	0.01874	0.02191	0.04145	0.02353	0.06857	0.08082	0.17310	0.28934	0.03124	0.02477	0.02509	0.05227	0.01013	0.00957	0.00253	0.08069	0.00810	0.00638	0.01099
7	0.01103	0.00735	0.00827	0.00827	0.00827	0.00735	0.00460	0.01103	0.01103	0.01471	0.02390	0.04964	0.02758	0.73343	0.03861	0.00735	0.00735	0.01103	0.00460	0.00460
8	0.01454	0.01361	0.02249	0.68244	0.05072	0.01695	0.02064	0.02036	0.04593	0.01996	0.01430	0.02060	0.01072	0.00771	0.00759	0.00253	0.00992	0.00683	0.00357	0.00859
9	0.02080	0.11380	0.02663	0.02100	0.05720	0.22723	0.07901	0.02447	0.05537	0.02002	0.01288	0.01675	0.01119	0.01089	0.03382	0.00279	0.24697	0.00618	0.00385	0.00919
10	0.00928	0.00703	0.00857	0.00959	0.01080	0.00632	0.00666	0.01098	0.01596	0.02065	0.10673	0.46895	0.24776	0.02166	0.00940	0.00286	0.00416	0.01918	0.00715	0.00632
11	0.00924	0.00660	0.00880	0.01056	0.01100	0.00616	0.00704	0.01056	0.01452	0.01936	0.04181	0.72848	0.05017	0.02376	0.00968	0.00308	0.00440	0.02156	0.00704	0.00616
12	0.01728	0.01624	0.02735	0.04093	0.58054	0.01617	0.02074	0.02129	0.01684	0.02393	0.01857	0.12976	0.01798	0.00942	0.00785	0.00238	0.00829	0.00907	0.00427	0.01110
13	0.01968	0.01772	0.05534	0.02166	0.12577	0.01830	0.05325	0.03455	0.41588	0.08027	0.02541	0.02497	0.01907	0.00942	0.00855	0.00253	0.04133	0.00800	0.00656	0.01175
14	0.01611	0.00897	0.00918	0.00846	0.01081	0.00928	0.00653	0.10396	0.01856	0.03090	0.02387	0.02693	0.01856	0.00887	0.00561	0.00184	0.00418	0.00704	0.67251	0.00785
15	0.00942	0.00770	0.00831	0.00816	0.01052	0.00660	0.00612	0.01176	0.01836	0.02303	0.23145	0.06882	0.52684	0.01826	0.00896	0.00252	0.00377	0.01542	0.00738	0.00660
16	0.06589	0.05280	0.01887	0.01378	0.01952	0.01403	0.01144	0.08561	0.07363	0.52176	0.02715	0.02406	0.01769	0.00917	0.00735	0.00232	0.00663	0.00729	0.00857	0.01245
17	0.01762	0.02662	0.23920	0.09513	0.06616	0.08110	0.26602	0.02379	0.01690	0.02279	0.01386	0.01809	0.01054	0.00740	0.00915	0.00249	0.06235	0.00706	0.00356	0.01017
18	0.01487	0.01404	0.02374	0.63260	0.13054	0.01700	0.02134	0.01986	0.01543	0.02005	0.01358	0.02004	0.01035	0.00748	0.00757	0.00249	0.00998	0.00674	0.00342	0.00887
19	0.02091	0.68274	0.03831	0.01350	0.01978	0.08300	0.01311	0.02331	0.01589	0.01790	0.01064	0.01229	0.00974	0.00659	0.00502	0.00165	0.00855	0.00412	0.00330	0.00966
20	0.00942	0.00672	0.00870	0.01020	0.01068	0.00630	0.00673	0.01062	0.01425	0.01891	0.04125	0.63003	0.07238	0.09983	0.01276	0.00352	0.00470	0.02022	0.00678	0.00600
21	0.01160	0.00893	0.01188	0.04765	0.01455	0.00901	0.03431	0.03544	0.05022	0.02050	0.06422	0.31769	0.08672	0.20472	0.04382	0.00436	0.00656	0.01506	0.00609	0.00667
22	0.01837	0.01586	0.01667	0.01505	0.01925	0.01824	0.01169	0.03882	0.63943	0.03116	0.03319	0.03055	0.05638	0.01074	0.00778	0.00257	0.00589	0.00895	0.00768	0.01172
23	0.78701	0.01467	0.01115	0.00997	0.01467	0.01702	0.00821	0.02230	0.01291	0.03403	0.01056	0.01232	0.00821	0.00704	0.00469	0.00235	0.00587	0.00411	0.00469	0.00821
24	0.01877	0.01802	0.03079	0.04656	0.68612	0.01802	0.02328	0.02328	0.01727	0.02478	0.01427	0.01877	0.01201	0.00676	0.00751	0.00225	0.00901	0.00676	0.00375	0.01201
25	0.02668	0.01880	0.02037	0.01601	0.02152	0.02053	0.01310	0.48719	0.10004	0.09551	0.02298	0.02243	0.03931	0.00961	0.00753	0.00230	0.00753	0.00743	0.04890	0.01226
26	0.00924	0.00660	0.00880	0.01056	0.01100	0.00616	0.00704	0.01056	0.01452	0.01936	0.04181	0.72848	0.05017	0.02376	0.00968	0.00308	0.00440	0.02156	0.00704	0.00616
27	0.01637	0.01635	0.02368	0.02009	0.02052	0.02235	0.04629	0.01830	0.01194	0.01850	0.01073	0.01744	0.01048	0.01515	0.05830	0.00373	0.65126	0.00682	0.00338	0.00831
28	0.05321	0.01425	0.01744	0.01409	0.01946	0.01403	0.01142	0.05844	0.21453	0.45367	0.02920	0.02587	0.01954	0.00957	0.00756	0.00241	0.00637	0.00777	0.00868	0.01249
29	0.00960	0.00694	0.00930	0.03368	0.01222	0.00664	0.00737	0.01108	0.01471	0.01968	0.07413	0.62859	0.04864	0.06506	0.01130	0.00328	0.00472	0.02002	0.00684	0.00620
30	0.01084	0.00813	0.01219	0.01219	0.01354	0.00948	0.00948	0.01354	0.01219	0.01761	0.02032	0.02980	0.01896	0.05689	0.70337	0.01219	0.02032	0.00813	0.00406	0.00677
31	0.00977	0.00745	0.00860	0.00877	0.01036	0.00669	0.00618	0.01171	0.01690	0.02192	0.21511	0.18568	0.31509	0.12553	0.01351	0.00333	0.00440	0.01571	0.00701	0.00628
32	0.01877	0.01802	0.03079	0.04656	0.68612	0.01802	0.02328	0.02328	0.01727	0.02478	0.01427	0.01877	0.01201	0.00676	0.00751	0.00225	0.00901	0.00676	0.00375	0.01201
33	0.02836	0.02110	0.02191	0.01701	0.02280	0.05336	0.01396	0.58762	0.03380	0.06455	0.01853	0.01864	0.01320	0.00904	0.00746	0.00224	0.00834	0.00677	0.03883	0.01247
34	0.00954	0.00692	0.00864	0.00977	0.01052	0.00642	0.00651	0.01088	0.01478	0.01944	0.07845	0.50223	0.13668	0.12557	0.01374	0.00359	0.00471	0.01884	0.00676	0.00602
35	0.00972	0.00760	0.00868	0.00862	0.01061	0.00670	0.00631	0.01209	0.01827	0.02368	0.28842	0.12040	0.38070	0.05169	0.01040	0.00277	0.00396	0.01541	0.00740	0.00657
36	0.01859	0.01339	0.01602	0.01159	0.01819	0.01027	0.00933	0.02189	0.01666	0.12897	0.01605	0.01731	0.01241	0.00621	0.00593	0.00131	0.00575	0.00498	0.00526	0.65987
37	0.02005	0.01649	0.02063	0.01570	0.02119	0.01637	0.07169	0.23111	0.05587	0.03139	0.01680	0.02062	0.01376	0.07038	0.01068	0.00238	0.04989	0.00658	0.00556	0.30285
38	0.02786	0.02052	0.02209	0.01703	0.02287	0.02264	0.01403	0.62616	0.03490	0.04687	0.05381	0.02027	0.01605	0.00945	0.00766	0.00228	0.00809	0.00720	0.00763	0.01259
39	0.01956	0.01614	0.01717	0.01535	0.01971	0.01852	0.01197	0.04015	0.64285	0.06170	0.03083	0.02819	0.02296	0.01025	0.00771	0.00256	0.00602	0.00853	0.00779	0.01205
40	0.01084	0.00813	0.01219	0.01219	0.01354	0.00948	0.00948	0.01354	0.01219	0.01761	0.02032	0.02980	0.01896	0.05689	0.70337	0.01219	0.02032	0.00813	0.00406	0.00677
41	0.00945	0.00680	0.00863	0.00999	0.01057	0.00634	0.00660	0.01065	0.01432	0.01886	0.04270	0.57869	0.10584	0.11645	0.01341	0.00359	0.00474	0.01967	0.00672	0.00598
42	0.02883	0.02125	0.02276	0.01745	0.02352	0.02352	0.01442	0.66082	0.03566	0.04780	0.01821	0.01821	0.01290	0.00911	0.00759	0.00228	0.00835	0.00683	0.00759	0.01290
43	0.02833	0.03615	0.02149	0.01954	0.02345	0.70298	0.01466	0.03029	0.02149	0.01856	0.01172	0.01368	0.00977	0.00782	0.00684	0.00195	0.01368	0.00489	0.00391	0.00879
44	0.01659	0.01659	0.02323	0.01991	0.01991	0.02323	0.01659	0.01825	0.01162	0.01825	0.00996	0.01659	0.00996	0.01328	0.02489	0.00332	0.71955	0.00664	0.00332	0.00830
45	0.01103	0.00735	0.00827	0.00827	0.00827	0.00735	0.00460	0.01103	0.01103	0.01471	0.02390	0.04964	0.02758	0.73343	0.03861	0.00735	0.00735	0.01103	0.00460	0.00460
46	0.01114	0.00928	0.00993	0.00960	0.01226	0.00888	0.00724	0.01701	0.14266	0.02413	0.16092	0.09589	0.42885	0.01717	0.00876	0.00256	0.00424	0.01452	0.00738	0.00758
47	0.01220	0.01132	0.01068	0.01170	0.01288	0.11516	0.00812	0.01368	0.01587	0.01934	0.04030	0.55688	0.10160	0.02085	0.00917	0.00286	0.00580	0.01845	0.00655	0.00659
48	0.00924	0.00660	0.00880	0.01056	0.01100	0.00616	0.00704	0.01056	0.01452	0.01936	0.04181	0.72848	0.05017	0.02376	0.00968	0.00308	0.00440	0.02156	0.00704	0.00616
49	0.01084	0.00813	0.01219	0.01219	0.01354	0.00948	0.00948	0.01354	0.01219	0.01761	0.02032	0.02980	0.01896	0.05689	0.70337	0.01219	0.02032	0.00813	0.00406	0.00677
50	0.02883	0.02125	0.02276	0.01745	0.02352	0.02352	0.01442	0.66082	0.03566	0.04780	0.01821	0.01821	0.01290	0.00911	0.00759	0.00228	0.00835	0.00683	0.00759	0.01290
51	0.01897	0.01855	0.03011	0.07153	0.63558	0.04471	0.02286	0.02340	0.01735	0.02433	0.01414	0.01863	0.01185	0.00683	0.00749	0.00225	0.00924	0.00668	0.00375	0.01175
52	0.01502	0.00811	0.00828	0.00789	0.00987	0.00828	0.00592	0.06385	0.01705	0.02888	0.02422	0.02882	0.01945	0.05202	0.00745	0.00214	0.00411	0.00729	0.67400	0.00734
53	0.61059	0.01646	0.01370	0.10867	0.02068	0.07959	0.01058	0.02262	0.01401	0.03059	0.01107	0.01354	0.00862	0.00719	0.00529	0.00234	0.00717	0.00454	0.00444	0.00830
54	0.01476	0.01229	0.01797	0.38052	0.03415	0.01451	0.01538	0.06830	0.05575	0.02323	0.02162	0.16215	0.02007	0.01140	0.00832	0.00256	0.03087	0.00984	0.08791	0.00838
55	0.00941	0.00669	0.00882	0.01038	0.01085	0.00627	0.00690	0.01074	0.01459	0.01953	0.06623	0.66130	0.04967	0.06571	0.01138	0.00331	0.00454	0.02062	0.00695	0.00611
56	0.02396	0.01835	0.01972	0.01612	0.02083	0.05126	0.01296	0.32969	0.14394	0.08407	0.02217	0.08182	0.01794	0.01067	0.00898	0.00240	0.06258	0.00824	0.00701	0.05729
57	0.02537	0.01527	0.01733	0.01447	0.01897	0.05532	0.01153	0.14560	0.13263	0.28258	0.02572	0.05990	0.01933	0.01655	0.09422	0.02969	0.00876	0.00821	0.00747	0.01109
58	0.03403	0.01291	0.01760	0.01350	0.01936	0.01115	0.01115	0.03697	0.02171	0.69137	0.02992	0.02582	0.01878	0.00939	0.00763	0.00235	0.00645	0.00763	0.00939	0.01291
59	0.05634	0.01426	0.02284	0.39343	0.05871	0.01745	0.06751	0.01922	0.01457	0.02077	0.01482	0.06148	0.01284	0.00963	0.01118	0.00268	0.15708	0.00764	0.02909	0.00846
60	0.02079	0.01798	0.02209	0.17540	0.14282	0.11508	0.01673	0.02584	0.08013	0.12633	0.01960	0.02222	0.04046	0.00946	0.01048	0.00251	0.12986	0.00715	0.00501	0.01004
61	0.03206	0.01311	0.01741	0.01352	0.01913	0.01173	0.01111	0.06139	0.04606	0.60672	0.06328	0.02720	0.02143	0.00973	0.00770	0.00235	0.00637	0.00795	0.00920	0.01258
62	0.01103	0.00735	0.00827	0.00827	0.00827	0.00735	0.00460	0.01103	0.01103	0.01471	0.02390	0.04964	0.02758	0.73343	0.03861	0.00735	0.00735	0.01103	0.00460	0.00460
63	0.02009	0.23275	0.13389	0.01697	0.02205	0.14659	0.03715	0.02344	0.01615	0.05564	0.01373	0.01745	0.01166	0.03810	0.03220	0.00272	0.13036	0.00576	0.03394	0.00935
64	0.02153	0.03890	0.02346	0.01786	0.02256	0.01503	0.16655	0.10339	0.05052	0.19486	0.02518	0.15281	0.02159	0.01140	0.00897	0.00252	0.04463	0.01026	0.05771	0.01024
65	0.01815	0.01626	0.01623	0.01471	0.01877	0.05181	0.01139	0.03626	0.56090	0.02972	0.03543	0.03294	0.10180	0.01124	0.00782	0.00254	0.00613	0.00928	0.00745	0.01117
66	0.01821	0.02096	0.13018	0.01994	0.02587	0.05736	0.16119	0.04373	0.01680	0.05928	0.01535	0.04588	0.01273	0.00861	0.01054	0.00228	0.13870	0.00702	0.00436	0.20102
67	0.01838	0.19616	0.26746	0.01889	0.02564	0.05350	0.06647	0.02328	0.01569	0.06260	0.01375	0.01685	0.01097	0.01108	0.05112	0.00294	0.12554	0.00589	0.00375	0.01004
68	0.01648	0.01312	0.01537	0.01112	0.01756	0.01000	0.00889	0.01984	0.01601	0.05519	0.01481	0.01684	0.01200	0.00596	0.00569	0.00121	0.00555	0.00477	0.04467	0.70491
69	0.02833	0.03615	0.02149	0.01954	0.02345	0.70298	0.01466	0.03029	0.02149	0.01856	0.01172	0.01368	0.00977	0.00782	0.00684	0.00195	0.01368	0.00489	0.00391	0.00879
70	0.01132	0.00836	0.01064	0.00996	0.01193	0.00799	0.00750	0.01617	0.06790	0.03051	0.63566	0.05464	0.06812	0.01513	0.00886	0.00240	0.00375	0.01335	0.00830	0.00750
71	0.01103	0.00735	0.00827	0.00827	0.00827	0.00735	0.00460	0.01103	0.01103	0.01471	0.02390	0.04964	0.02758	0.73343	0.03861	0.00735	0.00735	0.01103	0.00460	0.00460
72	0.02883	0.02125	0.02276	0.01745	0.02352	0.02352	0.01442	0.66082	0.03566	0.04780	0.01821	0.01821	0.01290	0.00911	0.00759	0.00228	0.00835	0.00683	0.00759	0.01290
73	0.01097	0.00761	0.00957	0.00957	0.01003	0.00806	0.00622	0.01187	0.01142	0.01567	0.02271	0.04304	0.02471	0.50855	0.25957	0.00896	0.01166	0.01007	0.00442	0.00532
74	0.02833	0.03615	0.02149	0.01954	0.02345	0.70298	0.01466	0.03029	0.02149	0.01856	0.01172	0.01368	0.00977	0.00782	0.00684	0.00195	0.01368	0.00489	0.00391	0.00879
75	0.02309	0.01176	0.01493	0.01249	0.01665	0.01122	0.00993	0.02974	0.14448	0.33768	0.25622	0.03698	0.03791	0.01168	0.00810	0.00240	0.00537	0.00992	0.00871	0.01074
76	0.00921	0.00745	0.00822	0.00879	0.01074	0.00646	0.00645	0.01106	0.01656	0.02031	0.06556	0.24797	0.48046	0.02051	0.00924	0.00275	0.00416	0.05068	0.00704	0.00637
77	0.00947	0.00738	0.00860	0.00898	0.01073	0.00651	0.00647	0.01160	0.01746	0.02251	0.20979	0.26357	0.35050	0.01968	0.00917	0.00267	0.00395	0.01711	0.00735	0.00651
78	0.02775	0.08555	0.02325	0.02057	0.12486	0.15716	0.01453	0.08389	0.02098	0.29348	0.01980	0.01979	0.01403	0.00860	0.00822	0.00224	0.05113	0.00648	0.00631	0.01136
79	0.03403	0.01291	0.01760	0.01350	0.01936	0.01115	0.01115	0.03697	0.02171	0.69137	0.02992	0.02582	0.01878	0.00939	0.00763	0.00235	0.00645	0.00763	0.00939	0.01291
80	0.01103	0.00806	0.01189	0.01189	0.01326	0.00934	0.00923	0.01379	0.01241	0.01824	0.02058	0.02971	0.01899	0.05402	0.66178	0.01157	0.01932	0.00806	0.05002	0.00679
81	0.03309	0.01312	0.01757	0.01362	0.01939	0.01163	0.01120	0.03717	0.06227	0.65025	0.02998	0.02597	0.01905	0.00944	0.00763	0.00236	0.00643	0.00769	0.00928	0.01285
82	0.01852	0.01796	0.03125	0.07607	0.61880	0.01804	0.06103	0.02316	0.01721	0.02451	0.01430	0.01894	0.01190	0.00677	0.00760	0.00228	0.00929	0.00689	0.00374	0.01175
83	0.04848	0.14079	0.33470	0.02135	0.06089	0.04828	0.07524	0.02363	0.01583	0.04445	0.01315	0.01609	0.01021	0.00792	0.00932	0.00239	0.10751	0.00582	0.00360	0.01038
84	0.05842	0.01984	0.02137	0.01661	0.02236	0.02176	0.01365	0.56980	0.03299	0.08317	0.01966	0.05069	0.01475	0.00971	0.00757	0.00232	0.00796	0.00744	0.00755	0.01241
85	0.01448	0.01386	0.02523	0.07954	0.15096	0.01392	0.20276	0.01815	0.01555	0.02129	0.02277	0.20810	0.02341	0.08080	0.04799	0.00360	0.03258	0.01173	0.00469	0.00860
86	0.01352	0.01128	0.01279	0.01113	0.01513	0.01025	0.00862	0.01994	0.14547	0.02504	0.09775	0.10243	0.18433	0.01304	0.00773	0.00216	0.00504	0.04060	0.00644	0.26731
87	0.01725	0.04086	0.05799	0.01991	0.04677	0.01995	0.05409	0.04435	0.01434	0.05100	0.01519	0.04593	0.01445	0.03722	0.04178	0.00347	0.42498	0.03747	0.00417	0.00884
88	0.01034	0.00789	0.00931	0.00963	0.01137	0.00724	0.00694	0.04099	0.01790	0.02332	0.18424	0.32252	0.28106	0.01977	0.00918	0.00271	0.00421	0.01729	0.00733	0.00676
89	0.03403	0.01291	0.01760	0.01350	0.01936	0.01115	0.01115	0.03697	0.02171	0.69137	0.02992	0.02582	0.01878	0.00939	0.00763	0.00235	0.00645	0.00763	0.00939	0.01291
90	0.01529	0.01488	0.02314	0.34328	0.03524	0.01945	0.03941	0.01867	0.01359	0.01902	0.01304	0.04675	0.01168	0.01082	0.01571	0.00292	0.33791	0.00736	0.00351	0.00834
91	0.05686	0.02016	0.03938	0.05844	0.07071	0.04575	0.50734	0.02385	0.01731	0.02406	0.01454	0.01948	0.01116	0.00692	0.00938	0.00255	0.05006	0.00822	0.00383	0.00999
92	0.00934	0.00667	0.00891	0.01067	0.01116	0.00624	0.00721	0.01073	0.01462	0.01947	0.04175	0.70754	0.04996	0.02367	0.00971	0.00309	0.00448	0.04154	0.00704	0.00619
93	0.01103	0.00735	0.00827	0.00827	0.00827	0.00735	0.00460	0.01103	0.01103	0.01471	0.02390	0.04964	0.02758	0.73343	0.03861	0.00735	0.00735	0.01103	0.00460	0.00460
94	0.02028	0.73799	0.03975	0.01298	0.01947	0.03001	0.01298	0.02271	0.01541	0.01785	0.01055	0.01217	0.00973	0.00649	0.00487	0.00162	0.00811	0.00406	0.00324	0.00973
95	0.01745	0.02634	0.25071	0.06383	0.17077	0.04554	0.26665	0.02400	0.01717	0.02384	0.01433	0.01839	0.01086	0.00685	0.00794	0.00242	0.01140	0.00714	0.00359	0.01077
96	0.01013	0.00896	0.00873	0.00869	0.01132	0.02840	0.00663	0.01293	0.04418	0.02100	0.07106	0.07000	0.60230	0.01859	0.00893	0.00259	0.00439	0.04744	0.00697	0.00674
97	0.01659	0.01345	0.01582	0.01134	0.01804	0.01016	0.00909	0.01994	0.01601	0.05592	0.01425	0.01620	0.01159	0.00579	0.00571	0.00118	0.00566	0.00464	0.00472	0.74390
98	0.01797	0.02406	0.18842	0.02789	0.03572	0.01873	0.43942	0.02441	0.01721	0.05573	0.01527	0.01944	0.01132	0.00721	0.00963	0.00257	0.06266	0.00797	0.00392	0.01044
99	0.01628	0.01346	0.01608	0.04011	0.01942	0.01042	0.00955	0.01970	0.01590	0.04655	0.01403	0.01625	0.01144	0.00582	0.00576	0.00122	0.00583	0.00469	0.00461	0.72288
100	0.02028	0.73799	0.03975	0.01298	0.01947	0.03001	0.01298	0.02271	0.01541	0.01785	0.01055	0.01217	0.00973	0.00649	0.00487	0.00162	0.00811	0.00406	0.00324	0.00973
101	0.01300	0.00954	0.01102	0.01100	0.01324	0.00941	0.00806	0.05048	0.11991	0.05736	0.07404	0.34028	0.21617	0.01859	0.00894	0.00275	0.00477	0.01623	0.00735	0.00787
102	0.01059	0.00775	0.00994	0.00939	0.01124	0.00710	0.00704	0.01404	0.02113	0.02962	0.63345	0.05797	0.12073	0.01580	0.00895	0.00240	0.00360	0.01390	0.00824	0.00710
103	0.02883	0.02125	0.02276	0.01745	0.02352	0.02352	0.01442	0.66082	0.03566	0.04780	0.01821	0.01821	0.01290	0.00911	0.00759	0.00228	0.00835	0.00683	0.00759	0.01290
104	0.01084	0.00813	0.01219	0.01219	0.01354	0.00948	0.00948	0.01354	0.01219	0.01761	0.02032	0.02980	0.01896	0.05689	0.70337	0.01219	0.02032	0.00813	0.00406	0.00677
105	0.02833	0.03615	0.02149	0.01954	0.02345	0.70298	0.01466	0.03029	0.02149	0.01856	0.01172	0.01368	0.00977	0.00782	0.00684	0.00195	0.01368	0.00489	0.00391	0.00879
106	0.01887	0.01629	0.01715	0.01544	0.01972	0.01887	0.01201	0.04031	0.67241	0.03173	0.03087	0.02830	0.02315	0.01029	0.00772	0.00257	0.00600	0.00858	0.00772	0.01201
107	0.00938	0.00670	0.00897	0.01072	0.01123	0.00628	0.00729	0.01081	0.01466	0.01952	0.04173	0.69771	0.04986	0.02363	0.00972	0.00310	0.00452	0.05093	0.00704	0.00620
108	0.00898	0.00763	0.00774	0.00782	0.01028	0.00639	0.00582	0.01087	0.01716	0.02044	0.07516	0.10437	0.65275	0.01943	0.00900	0.00259	0.00387	0.01627	0.00704	0.00639
109	0.05644	0.01928	0.02104	0.01639	0.02222	0.02098	0.01347	0.48588	0.09081	0.14380	0.02087	0.02007	0.01456	0.00918	0.00750	0.00232	0.00775	0.00701	0.00777	0.01265
110	0.15054	0.01291	0.01619	0.01273	0.01820	0.01185	0.01048	0.03346	0.02032	0.55313	0.06187	0.02536	0.01996	0.00935	0.00724	0.00235	0.00621	0.00740	0.00860	0.01187
111	0.01085	0.00809	0.01200	0.01200	0.01329	0.00938	0.00925	0.01342	0.01213	0.01747	0.02049	0.03075	0.01937	0.08927	0.67155	0.01196	0.01970	0.00827	0.00409	0.00667
112	0.03403	0.01291	0.01760	0.01350	0.01936	0.01115	0.01115	0.03697	0.02171	0.69137	0.02992	0.02582	0.01878	0.00939	0.00763	0.00235	0.00645	0.00763	0.00939	0.01291
113	0.01909	0.56020	0.13025	0.05700	0.02433	0.02694	0.04901	0.02278	0.01561	0.01913	0.01140	0.01361	0.00983	0.00665	0.00557	0.00183	0.00891	0.00469	0.00328	0.00989
114	0.01652	0.01041	0.01494	0.25232	0.02614	0.01144	0.01231	0.02002	0.01617	0.12700	0.02425	0.14999	0.02132	0.01131	0.00788	0.00241	0.02995	0.00962	0.22767	0.00833
115	0.66617	0.01448	0.01296	0.12026	0.02054	0.01699	0.01022	0.02184	0.01326	0.03174	0.01102	0.01356	0.00851	0.00713	0.00515	0.00238	0.00653	0.00452	0.00449	0.00825
116	0.01729	0.19676	0.32560	0.04619	0.04811	0.08018	0.02037	0.02268	0.01571	0.02095	0.01317	0.01654	0.01068	0.01232	0.07571	0.00319	0.05563	0.00557	0.00339	0.00995
117	0.01827	0.01368	0.01479	0.01335	0.01707	0.01513	0.01047	0.06391	0.40501	0.06637	0.06195	0.03355	0.05201	0.01105	0.00754	0.00244	0.00557	0.03871	0.13857	0.01056
118	0.15714	0.01766	0.16523	0.01476	0.01969	0.01302	0.06464	0.05307	0.01709	0.04889	0.10742	0.18362	0.05887	0.03503	0.00874	0.00271	0.00710	0.01096	0.00570	0.00866
119	0.01927	0.01521	0.01716	0.01390	0.04466	0.04667	0.01052	0.09279	0.01880	0.08884	0.01717	0.05943	0.01440	0.00760	0.00640	0.00157	0.00647	0.00617	0.00539	0.50760
120	0.03223	0.01251	0.01702	0.01319	0.01874	0.01084	0.01084	0.03521	0.02169	0.64021	0.08040	0.02820	0.02286	0.00986	0.00773	0.00235	0.00623	0.00810	0.00931	0.01246
121	0.00999	0.00710	0.00921	0.01061	0.01127	0.00677	0.00740	0.01146	0.01453	0.01918	0.04004	0.49186	0.07068	0.13812	0.01446	0.00382	0.00526	0.11558	0.00664	0.00605
122	0.12337	0.05398	0.04668	0.25531	0.03067	0.01691	0.04820	0.12608	0.01903	0.02751	0.08051	0.02542	0.05901	0.01158	0.04234	0.00288	0.00881	0.00762	0.00500	0.00909
123	0.00947	0.00677	0.00905	0.01073	0.01129	0.00635	0.00735	0.01099	0.01493	0.01993	0.06308	0.66775	0.05049	0.02332	0.00970	0.00308	0.00453	0.05785	0.00708	0.00624
124	0.01103	0.00735	0.00827	0.00827	0.00827	0.00735	0.00460	0.01103	0.01103	0.01471	0.02390	0.04964	0.02758	0.73343	0.03861	0.00735	0.00735	0.01103	0.00460	0.00460
125	0.04593	0.01503	0.07130	0.08709	0.22124	0.01373	0.01562	0.04194	0.06031	0.05642	0.05653	0.21122	0.04675	0.01263	0.00809	0.00256	0.00717	0.01128	0.00556	0.00959
126	0.14588	0.17711	0.26239	0.13505	0.09639	0.02006	0.01988	0.02261	0.01535	0.02370	0.01249	0.01555	0.00973	0.00704	0.00638	0.00223	0.00925	0.00533	0.00355	0.01002
127	0.01154	0.00826	0.01139	0.01282	0.01436	0.00810	0.01070	0.01470	0.01754	0.02322	0.12836	0.18443	0.04852	0.02066	0.01014	0.00327	0.00610	0.45183	0.00718	0.00688
128	0.01535	0.01424	0.02354	0.62139	0.11294	0.01724	0.02101	0.04600	0.01621	0.02107	0.01375	0.02000	0.01041	0.00757	0.00758	0.00249	0.00993	0.00675	0.00358	0.00896
129	0.01685	0.18958	0.51022	0.02045	0.04983	0.04263	0.02419	0.02392	0.01610	0.02253	0.01291	0.01519	0.00972	0.00706	0.00670	0.00221	0.01055	0.00528	0.00325	0.01084
130	0.01449	0.01053	0.01331	0.01406	0.04524	0.01079	0.01022	0.05420	0.13694	0.06033	0.12573	0.28766	0.04175	0.01737	0.00905	0.00285	0.00556	0.12412	0.00734	0.00848
131	0.68160	0.01394	0.01137	0.04182	0.01582	0.01612	0.00850	0.02140	0.01303	0.03214	0.01194	0.01524	0.00974	0.04478	0.00661	0.00259	0.00605	0.00470	0.03464	0.00799
132	0.01002	0.00734	0.00942	0.05358	0.01275	0.00718	0.00712	0.01127	0.01388	0.01820	0.03855	0.43522	0.10299	0.21616	0.01738	0.00416	0.00551	0.01722	0.00614	0.00590
133	0.20424	0.29309	0.15169	0.01385	0.02012	0.02099	0.01415	0.02294	0.01576	0.07004	0.07213	0.01797	0.01547	0.00798	0.00649	0.00212	0.03139	0.00555	0.00446	0.00959
134	0.01196	0.00878	0.01170	0.01259	0.01447	0.00858	0.01038	0.01598	0.04754	0.02425	0.16558	0.16259	0.04786	0.01918	0.00975	0.00308	0.00586	0.37536	0.00720	0.03730
135	0.02061	0.70928	0.03900	0.01325	0.01963	0.05754	0.01305	0.02302	0.01566	0.01787	0.01059	0.01223	0.00974	0.00654	0.00495	0.00164	0.00834	0.00409	0.00327	0.00970
136	0.78701	0.01467	0.01115	0.00997	0.01467	0.01702	0.00821	0.02230	0.01291	0.03403	0.01056	0.01232	0.00821	0.00704	0.00469	0.00235	0.00587	0.00411	0.00469	0.00821
137	0.01102	0.00739	0.00847	0.00847	0.00854	0.00746	0.00484	0.01116	0.01109	0.01485	0.02372	0.04864	0.02714	0.69937	0.07207	0.00760	0.00801	0.01088	0.00457	0.00471
138	0.01887	0.01629	0.01715	0.01544	0.01972	0.01887	0.01201	0.04031	0.67241	0.03173	0.03087	0.02830	0.02315	0.01029	0.00772	0.00257	0.00600	0.00858	0.00772	0.01201
139	0.00930	0.00677	0.00864	0.01010	0.01077	0.00625	0.00676	0.01063	0.01466	0.01925	0.04499	0.61447	0.12389	0.06128	0.01115	0.00325	0.00449	0.02034	0.00691	0.00611
140	0.02883	0.02125	0.02276	0.01745	0.02352	0.02352	0.01442	0.66082	0.03566	0.04780	0.01821	0.01821	0.01290	0.00911	0.00759	0.00228	0.00835	0.00683	0.00759	0.01290
141	0.50510	0.01401	0.01356	0.01129	0.01643	0.01482	0.00931	0.02779	0.01620	0.28013	0.01781	0.01737	0.01217	0.00792	0.00579	0.00235	0.00609	0.00543	0.00645	0.00997
142	0.01525	0.00864	0.01141	0.01073	0.01313	0.00784	0.00819	0.01815	0.01966	0.16387	0.34843	0.18844	0.08636	0.01642	0.00891	0.00259	0.00456	0.05118	0.00815	0.00810
143	0.00905	0.00769	0.00780	0.00777	0.01030	0.00644	0.00583	0.01105	0.01749	0.02097	0.10581	0.07222	0.65377	0.01903	0.00896	0.00255	0.00383	0.01590	0.00711	0.00644
144	0.02224	0.01626	0.01779	0.01534	0.02005	0.01813	0.01211	0.10214	0.50667	0.13650	0.02945	0.02690	0.02144	0.01003	0.00769	0.00251	0.00631	0.00825	0.00797	0.01224
145	0.08794	0.01303	0.01714	0.01324	0.01903	0.01157	0.01094	0.03592	0.02108	0.64430	0.02854	0.02485	0.01802	0.00922	0.00742	0.00235	0.00641	0.00738	0.00905	0.01257
146	0.01856	0.00920	0.01008	0.00897	0.01176	0.00911	0.00701	0.07502	0.01850	0.13598	0.02502	0.02704	0.01878	0.00895	0.00587	0.00190	0.00441	0.00714	0.58821	0.00850
147	0.15415	0.01528	0.01189	0.01112	0.01396	0.15814	0.00846	0.04970	0.01770	0.02760	0.05953	0.07351	0.02039	0.00978	0.00616	0.00206	0.00640	0.00750	0.33883	0.00785
148	0.05705	0.47867	0.07206	0.01454	0.02045	0.16747	0.01370	0.02391	0.01691	0.01977	0.04578	0.01502	0.01287	0.00730	0.00562	0.00181	0.00911	0.00482	0.00371	0.00942
149	0.02142	0.44417	0.03239	0.12449	0.02562	0.20104	0.01467	0.02414	0.01694	0.01827	0.01131	0.01382	0.00980	0.00700	0.00580	0.00185	0.00986	0.00469	0.00343	0.00929
150	0.01036	0.00761	0.00970	0.00945	0.01117	0.00695	0.00699	0.01349	0.02018	0.02800	0.53854	0.13754	0.13800	0.01690	0.00903	0.00249	0.00370	0.01490	0.00805	0.00695
151	0.22531	0.19834	0.04322	0.05019	0.01934	0.08107	0.01153	0.05396	0.01704	0.09166	0.04225	0.01893	0.01431	0.03137	0.00692	0.00225	0.00748	0.00570	0.06992	0.00919
152	0.00963	0.00679	0.00883	0.01031	0.01072	0.00644	0.00682	0.01081	0.01406	0.01873	0.03889	0.59844	0.04634	0.13718	0.01433	0.00378	0.00496	0.04036	0.00665	0.00594
153	0.00941	0.00767	0.00835	0.00847	0.01073	0.00661	0.00637	0.01161	0.01772	0.02200	0.16316	0.11916	0.51451	0.01907	0.00909	0.00262	0.00399	0.04570	0.00724	0.00653
154	0.04234	0.01516	0.02294	0.34410	0.20977	0.01732	0.01901	0.02481	0.15490	0.02402	0.01816	0.02345	0.01442	0.00836	0.00759	0.00249	0.00871	0.02783	0.00456	0.01007
155	0.01790	0.02046	0.04476	0.03197	0.03964	0.01918	0.65857	0.02430	0.01790	0.02430	0.01535	0.02046	0.01151	0.00639	0.00895	0.00256	0.01279	0.00895	0.00384	0.01023
156	0.00937	0.00670	0.00892	0.01047	0.01103	0.00625	0.00705	0.01088	0.01512	0.02031	0.09670	0.67088	0.05200	0.02306	0.00962	0.00302	0.00433	0.02089	0.00715	0.00625
157	0.01659	0.01659	0.02323	0.01991	0.01991	0.02323	0.01659	0.01825	0.01162	0.01825	0.00996	0.01659	0.00996	0.01328	0.02489	0.00332	0.71955	0.00664	0.00332	0.00830
158	0.02230	0.01425	0.01523	0.01244	0.01651	0.01526	0.01003	0.33076	0.02579	0.07211	0.02184	0.02327	0.01623	0.00900	0.00653	0.00204	0.00602	0.00698	0.36320	0.01020
159	0.01127	0.00785	0.00945	0.00977	0.01045	0.00774	0.00633	0.04604	0.01478	0.01991	0.09966	0.30790	0.04004	0.34811	0.02278	0.00493	0.00588	0.01511	0.00608	0.00591
160	0.02819	0.01418	0.01757	0.01387	0.01898	0.01374	0.01129	0.20274	0.02525	0.39139	0.12844	0.05130	0.02639	0.01073	0.00789	0.00236	0.00646	0.00881	0.00866	0.01179
161	0.04932	0.00798	0.00932	0.00904	0.01091	0.00743	0.00660	0.01332	0.01855	0.02592	0.39498	0.09777	0.21329	0.08858	0.01176	0.00297	0.00419	0.01400	0.00739	0.00671
162	0.02229	0.01741	0.01926	0.04417	0.05213	0.05239	0.01319	0.37627	0.02706	0.03587	0.05553	0.07038	0.02155	0.06483	0.04179	0.00323	0.00860	0.05694	0.00665	0.01045
163	0.29903	0.01268	0.01272	0.01095	0.01506	0.01356	0.00883	0.07657	0.05143	0.16478	0.02022	0.02127	0.01488	0.01081	0.04101	0.00270	0.00633	0.00622	0.20159	0.00937
164	0.78701	0.01467	0.01115	0.00997	0.01467	0.01702	0.00821	0.02230	0.01291	0.03403	0.01056	0.01232	0.00821	0.00704	0.00469	0.00235	0.00587	0.00411	0.00469	0.00821
165	0.01039	0.00720	0.00899	0.00960	0.00993	0.00723	0.00611	0.01121	0.01239	0.01671	0.02958	0.28075	0.03418	0.39631	0.11970	0.00654	0.00811	0.01426	0.00537	0.00543
166	0.01913	0.56830	0.03422	0.01335	0.01871	0.05368	0.01263	0.02150	0.01573	0.01866	0.04611	0.01848	0.05462	0.00834	0.00711	0.00188	0.06905	0.00551	0.00375	0.00924
167	0.06631	0.01817	0.01951	0.01545	0.02034	0.02025	0.01263	0.48389	0.02964	0.04170	0.01812	0.01939	0.01342	0.00982	0.00877	0.03259	0.03980	0.00670	0.11226	0.01127
168	0.01084	0.00813	0.01219	0.01219	0.01354	0.00948	0.00948	0.01354	0.01219	0.01761	0.02032	0.02980	0.01896	0.05689	0.70337	0.01219	0.02032	0.00813	0.00406	0.00677
169	0.02440	0.01277	0.01592	0.01296	0.01739	0.01235	0.01041	0.12732	0.07281	0.32327	0.24306	0.03498	0.03558	0.01143	0.00806	0.00237	0.00577	0.00958	0.00864	0.01094
170	0.02883	0.02125	0.02276	0.01745	0.02352	0.02352	0.01442	0.66082	0.03566	0.04780	0.01821	0.01821	0.01290	0.00911	0.00759	0.00228	0.00835	0.00683	0.00759	0.01290
171	0.01105	0.00808	0.01052	0.00986	0.01188	0.00738	0.00752	0.01462	0.02098	0.02973	0.61569	0.05625	0.06718	0.01533	0.00887	0.00238	0.00386	0.04659	0.00809	0.04413
172	0.06637	0.03110	0.02068	0.01948	0.05549	0.53245	0.01418	0.08356	0.02174	0.02280	0.01313	0.01513	0.01065	0.00790	0.00674	0.00201	0.01197	0.00524	0.05023	0.00918
173	0.02833	0.03615	0.02149	0.01954	0.02345	0.70298	0.01466	0.03029	0.02149	0.01856	0.01172	0.01368	0.00977	0.00782	0.00684	0.00195	0.01368	0.00489	0.00391	0.00879
174	0.02912	0.01537	0.01847	0.01475	0.02025	0.01550	0.01199	0.15656	0.19262	0.39832	0.02794	0.02501	0.01879	0.00957	0.00764	0.00239	0.00670	0.00772	0.00861	0.01267
175	0.00970	0.00683	0.00877	0.01003	0.01046	0.00647	0.00654	0.01088	0.01421	0.01906	0.07625	0.54812	0.04677	0.16998	0.01562	0.00392	0.00496	0.01892	0.00661	0.00590
176	0.00971	0.00730	0.00899	0.00943	0.01092	0.00658	0.00674	0.01200	0.01776	0.02365	0.28187	0.31240	0.22583	0.01958	0.00923	0.00269	0.00396	0.01726	0.00751	0.00658
177	0.02291	0.01681	0.01832	0.01557	0.02042	0.01873	0.01236	0.16212	0.45781	0.12525	0.02825	0.02597	0.02053	0.00993	0.00768	0.00248	0.00653	0.00810	0.00792	0.01231
178	0.05372	0.00853	0.01098	0.01076	0.01231	0.00973	0.00833	0.01539	0.01328	0.02163	0.02076	0.02845	0.01840	0.06029	0.40182	0.00795	0.04679	0.00762	0.23632	0.00694
179	0.01084	0.00813	0.01219	0.01219	0.01354	0.00948	0.00948	0.01354	0.01219	0.01761	0.02032	0.02980	0.01896	0.05689	0.70337	0.01219	0.02032	0.00813	0.00406	0.00677
180	0.19088	0.01984	0.02028	0.01585	0.02163	0.02213	0.01309	0.52435	0.03080	0.04486	0.01658	0.01695	0.01190	0.00866	0.00697	0.00229	0.00782	0.00625	0.00697	0.01190
181	0.01823	0.01746	0.02980	0.12869	0.60825	0.01788	0.02301	0.02280	0.01701	0.02412	0.01417	0.01895	0.01178	0.00686	0.00752	0.00229	0.00915	0.00676	0.00371	0.01157
182	0.12188	0.03132	0.07027	0.02131	0.07526	0.47368	0.05382	0.02793	0.01948	0.02173	0.01212	0.01447	0.00984	0.00751	0.00677	0.00209	0.01210	0.00523	0.00394	0.00923
183	0.78701	0.01467	0.01115	0.00997	0.01467	0.01702	0.00821	0.02230	0.01291	0.03403	0.01056	0.01232	0.00821	0.00704	0.00469	0.00235	0.00587	0.00411	0.00469	0.00821
184	0.01139	0.03256	0.01137	0.05213	0.01315	0.00928	0.00765	0.01261	0.01293	0.01766	0.02800	0.27412	0.03182	0.31599	0.05523	0.00515	0.04815	0.01355	0.04130	0.00596
185	0.00948	0.00670	0.00873	0.01026	0.01064	0.00632	0.00672	0.01062	0.01406	0.01875	0.03946	0.63954	0.04721	0.11674	0.01347	0.00364	0.00479	0.02018	0.00672	0.00596
186	0.04394	0.24932	0.18218	0.11368	0.10296	0.10757	0.01892	0.02333	0.01621	0.02089	0.01218	0.01531	0.00998	0.00738	0.00738	0.00215	0.04796	0.00532	0.00344	0.00991
187	0.01495	0.09519	0.52800	0.01936	0.02858	0.01740	0.02375	0.02223	0.01535	0.02246	0.01442	0.01788	0.01112	0.01509	0.11835	0.00390	0.01240	0.00587	0.00334	0.01037
188	0.06478	0.01298	0.01734	0.01335	0.01917	0.01139	0.01103	0.03637	0.02135	0.66453	0.02913	0.02527	0.01834	0.00929	0.00751	0.00235	0.00643	0.00748	0.00920	0.01272
189	0.01609	0.01856	0.12296	0.10678	0.31014	0.01557	0.08509	0.02086	0.01714	0.02422	0.11857	0.02488	0.02079	0.00941	0.00916	0.04865	0.00884	0.00789	0.00433	0.01004
190	0.04034	0.01764	0.09318	0.46202	0.04288	0.01783	0.04126	0.12113	0.01875	0.05165	0.01487	0.01947	0.01083	0.00780	0.00751	0.00246	0.00977	0.00667	0.00431	0.00965
191	0.01052	0.00775	0.00987	0.00954	0.01139	0.00710	0.00721	0.01380	0.02049	0.02836	0.54979	0.08263	0.15056	0.01653	0.00905	0.00249	0.00380	0.04402	0.00807	0.00702
192	0.01103	0.00735	0.00827	0.00827	0.00827	0.00735	0.00460	0.01103	0.01103	0.01471	0.02390	0.04964	0.02758	0.73343	0.03861	0.00735	0.00735	0.01103	0.00460	0.00460
193	0.01744	0.04621	0.01737	0.10962	0.02131	0.01375	0.01233	0.07874	0.01642	0.12846	0.01972	0.02525	0.01625	0.03344	0.36373	0.00741	0.05124	0.00746	0.00507	0.00877
194	0.26615	0.05208	0.23444	0.01504	0.02154	0.01720	0.01560	0.12340	0.01810	0.03046	0.05618	0.04573	0.01534	0.00959	0.00773	0.04262	0.00792	0.00644	0.00486	0.00959
195	0.01190	0.00857	0.01182	0.01348	0.01520	0.00848	0.01163	0.01520	0.01730	0.02242	0.04209	0.11824	0.07618	0.02101	0.01036	0.00342	0.00669	0.57210	0.00699	0.00691
196	0.57819	0.10659	0.08163	0.01186	0.01748	0.01901	0.01105	0.05560	0.01470	0.03178	0.01125	0.01297	0.00878	0.00710	0.00511	0.00226	0.00679	0.00439	0.00452	0.00894
197	0.13050	0.03070	0.47993	0.01789	0.02689	0.01594	0.02167	0.02226	0.01592	0.02576	0.05616	0.02073	0.04708	0.00820	0.00694	0.00233	0.00928	0.00633	0.00400	0.05149

[dist]
# distance from previous block
# <min> <max>
0	2

[block]
# block no. 1 follows, 26 sequences, length 88
# corresponding to MSA columns:
# 207-294
name=unknown_B
#
# <colnr> <probs for GDERKNQSTAVLIFYWHMCP>
#	G	D	E	R	K	N	Q	S	T	A	V	L	I	F	Y	W	H	M	C	P
0	0.03898	0.05094	0.01280	0.01100	0.01372	0.08333	0.00854	0.04265	0.01858	0.05123	0.14311	0.14367	0.21503	0.01541	0.00816	0.00246	0.00570	0.05483	0.07224	0.00760
1	0.01606	0.01538	0.02647	0.44838	0.28048	0.01736	0.04572	0.02097	0.01603	0.02151	0.01383	0.01971	0.01085	0.00724	0.00761	0.00243	0.00981	0.00683	0.00353	0.00979
2	0.02028	0.73799	0.03975	0.01298	0.01947	0.03001	0.01298	0.02271	0.01541	0.01785	0.01055	0.01217	0.00973	0.00649	0.00487	0.00162	0.00811	0.00406	0.00324	0.00973
3	0.01540	0.03563	0.59115	0.02305	0.06383	0.01729	0.06379	0.02360	0.01626	0.02401	0.01504	0.01979	0.01149	0.00781	0.00748	0.00246	0.01099	0.03650	0.00345	0.01099
4	0.01074	0.00775	0.01014	0.00954	0.01133	0.00716	0.00716	0.01431	0.02147	0.03042	0.68211	0.05666	0.07157	0.01551	0.00895	0.00239	0.00358	0.01372	0.00835	0.00716
5	0.02846	0.02106	0.02255	0.01738	0.02338	0.02335	0.01433	0.63761	0.05949	0.04720	0.01868	0.01859	0.01328	0.00915	0.00759	0.00229	0.00826	0.00689	0.00759	0.01287
6	0.01318	0.00659	0.00988	0.00988	0.00988	0.00659	0.00659	0.00988	0.00988	0.01318	0.01318	0.02306	0.01318	0.02635	0.02964	0.77931	0.00659	0.00659	0.00329	0.00329
7	0.02833	0.03615	0.02149	0.01954	0.02345	0.70298	0.01466	0.03029	0.02149	0.01856	0.01172	0.01368	0.00977	0.00782	0.00684	0.00195	0.01368	0.00489	0.00391	0.00879
8	0.02784	0.01930	0.02113	0.01659	0.02233	0.02110	0.01358	0.47343	0.14113	0.13052	0.02190	0.02092	0.01541	0.00934	0.00762	0.00234	0.00770	0.00723	0.00785	0.01275
9	0.01222	0.00873	0.01222	0.01397	0.01572	0.00873	0.01222	0.01572	0.01746	0.02270	0.04016	0.08556	0.04365	0.02095	0.01048	0.00349	0.00698	0.63506	0.00698	0.00698
10	0.00915	0.00769	0.00794	0.00788	0.01036	0.00648	0.00591	0.01124	0.01772	0.02152	0.13991	0.07129	0.61932	0.01882	0.00896	0.00254	0.00381	0.01577	0.00718	0.00648
11	0.01074	0.00775	0.01014	0.00954	0.01133	0.00716	0.00716	0.01431	0.02147	0.03042	0.68211	0.05666	0.07157	0.01551	0.00895	0.00239	0.00358	0.01372	0.00835	0.00716
12	0.03303	0.01269	0.01728	0.01333	0.01902	0.01098	0.01098	0.03599	0.02170	0.66298	0.05794	0.02714	0.02104	0.00965	0.00768	0.00235	0.00633	0.00789	0.00934	0.01266
13	0.01127	0.00799	0.01151	0.01151	0.01292	0.00916	0.00893	0.01409	0.01268	0.01902	0.02090	0.02960	0.01903	0.05051	0.61072	0.01081	0.01809	0.00799	0.10646	0.00681
14	0.74524	0.01435	0.01121	0.01019	0.01473	0.01657	0.00843	0.02194	0.01315	0.03342	0.01216	0.01627	0.01012	0.00779	0.00501	0.00241	0.00593	0.03812	0.00482	0.00815
15	0.01769	0.02005	0.04347	0.07181	0.04038	0.01905	0.62139	0.02401	0.01774	0.02401	0.01524	0.02045	0.01143	0.00646	0.00887	0.00256	0.01263	0.00882	0.00381	0.01012
16	0.01673	0.01701	0.02553	0.02120	0.02202	0.02280	0.08497	0.01890	0.01229	0.01890	0.01053	0.01701	0.01012	0.01254	0.02319	0.00324	0.64427	0.00688	0.00337	0.00850
17	0.01553	0.01481	0.02541	0.52996	0.20707	0.01721	0.04166	0.02049	0.01577	0.02086	0.01373	0.01987	0.01062	0.00734	0.00761	0.00246	0.00993	0.00681	0.00348	0.00936
18	0.01552	0.03711	0.62076	0.02279	0.03360	0.01779	0.09926	0.02405	0.01623	0.02405	0.01381	0.01652	0.00982	0.00711	0.00740	0.00242	0.01139	0.00598	0.00327	0.01110
19	0.78701	0.01467	0.01115	0.00997	0.01467	0.01702	0.00821	0.02230	0.01291	0.03403	0.01056	0.01232	0.00821	0.00704	0.00469	0.00235	0.00587	0.00411	0.00469	0.00821
20	0.01947	0.01112	0.01360	0.01226	0.01540	0.01087	0.00928	0.09540	0.08147	0.21169	0.06397	0.27300	0.07554	0.05752	0.01029	0.00292	0.00568	0.01344	0.00774	0.00934
21	0.01764	0.02141	0.15133	0.11410	0.49818	0.01782	0.02391	0.02299	0.01681	0.02406	0.01406	0.01842	0.01137	0.00693	0.00746	0.00231	0.00953	0.00655	0.00361	0.01148
22	0.03403	0.01291	0.01760	0.01350	0.01936	0.01115	0.01115	0.03697	0.02171	0.69137	0.02992	0.02582	0.01878	0.00939	0.00763	0.00235	0.00645	0.00763	0.00939	0.01291
23	0.00951	0.00680	0.00908	0.01064	0.01126	0.00637	0.00730	0.01113	0.01525	0.02045	0.09554	0.64102	0.05165	0.02293	0.00966	0.00304	0.00446	0.05048	0.00715	0.00628
24	0.13220	0.01775	0.11333	0.05274	0.09422	0.01427	0.04741	0.03019	0.01872	0.37083	0.02179	0.02130	0.01454	0.00824	0.00722	0.00236	0.00780	0.00679	0.00671	0.01158
25	0.00933	0.00664	0.00878	0.01045	0.01087	0.00622	0.00692	0.01058	0.01435	0.01914	0.04094	0.69581	0.04908	0.05792	0.01107	0.00329	0.00454	0.02106	0.00692	0.00609
26	0.01094	0.00772	0.01013	0.01013	0.01077	0.00836	0.00691	0.01222	0.01158	0.01608	0.02220	0.04025	0.02350	0.41332	0.35315	0.00964	0.01349	0.00966	0.00434	0.00563
27	0.05427	0.01738	0.03309	0.05506	0.23083	0.01687	0.32291	0.02186	0.01714	0.02417	0.02132	0.06213	0.06998	0.00859	0.00830	0.00248	0.01001	0.00925	0.00428	0.01007
28	0.01521	0.03923	0.69413	0.02162	0.03283	0.01762	0.02802	0.02402	0.01601	0.02402	0.01361	0.01601	0.00961	0.00721	0.00721	0.00240	0.01121	0.00560	0.00320	0.01121
29	0.01222	0.00873	0.01222	0.01397	0.01572	0.00873	0.01222	0.01572	0.01746	0.02270	0.04016	0.08556	0.04365	0.02095	0.01048	0.00349	0.00698	0.63506	0.00698	0.00698
30	0.01218	0.01617	0.17279	0.01252	0.01706	0.01073	0.01224	0.01851	0.09197	0.02607	0.26853	0.04872	0.23485	0.01406	0.00840	0.00246	0.00574	0.01190	0.00666	0.00844
31	0.01325	0.01176	0.01823	0.39961	0.03445	0.01432	0.01560	0.01661	0.01444	0.01922	0.05450	0.12612	0.02141	0.10737	0.01416	0.00333	0.09401	0.00978	0.00432	0.00751
32	0.01466	0.01338	0.02201	0.34206	0.23374	0.01481	0.01869	0.01883	0.01596	0.02130	0.02159	0.12069	0.03989	0.01091	0.00811	0.00260	0.00858	0.05879	0.00438	0.00903
33	0.55525	0.19711	0.02004	0.01184	0.01713	0.02040	0.04212	0.02250	0.01379	0.02947	0.01080	0.01269	0.00876	0.00687	0.00495	0.00218	0.00678	0.00434	0.00429	0.00870
34	0.00999	0.00702	0.00868	0.00970	0.01016	0.00671	0.00629	0.01096	0.01354	0.01788	0.03729	0.41811	0.07862	0.28049	0.02015	0.00462	0.00554	0.04243	0.00615	0.00564
35	0.05716	0.10976	0.08857	0.02415	0.21391	0.12718	0.01641	0.04576	0.01741	0.02302	0.03867	0.02234	0.05011	0.01572	0.11440	0.00370	0.01097	0.00681	0.00422	0.00971
36	0.01011	0.00750	0.00942	0.00943	0.01107	0.00681	0.00689	0.01292	0.01927	0.02634	0.44048	0.20078	0.17518	0.01790	0.00910	0.00256	0.00380	0.01577	0.00784	0.00681
37	0.02028	0.73799	0.03975	0.01298	0.01947	0.03001	0.01298	0.02271	0.01541	0.01785	0.01055	0.01217	0.00973	0.00649	0.00487	0.00162	0.00811	0.00406	0.00324	0.00973
38	0.01189	0.00862	0.01176	0.01333	0.01516	0.00849	0.01156	0.01522	0.01744	0.02247	0.04390	0.08428	0.10889	0.02078	0.01032	0.00340	0.00666	0.57190	0.00699	0.00693
39	0.01099	0.00753	0.00916	0.00916	0.00946	0.00783	0.00570	0.01160	0.01129	0.01536	0.02309	0.04516	0.02563	0.58061	0.18877	0.00845	0.01028	0.01037	0.00448	0.00509
40	0.01887	0.01629	0.01715	0.01544	0.01972	0.01887	0.01201	0.04031	0.67241	0.03173	0.03087	0.02830	0.02315	0.01029	0.00772	0.00257	0.00600	0.00858	0.00772	0.01201
41	0.01015	0.00762	0.01109	0.01215	0.01315	0.00721	0.03925	0.01207	0.01517	0.02015	0.04026	0.58890	0.04724	0.02247	0.00978	0.00312	0.00523	0.12163	0.00688	0.00649
42	0.03381	0.01327	0.01782	0.01367	0.01954	0.01168	0.01129	0.06376	0.02231	0.66373	0.02942	0.02549	0.01852	0.00938	0.00763	0.00234	0.00654	0.00759	0.00931	0.01291
