[name]
unknown

[dist]
# distance from previous block
# <min> <max>
2	26

[block]
# block no. 0 follows, 28 sequences, length 90
# corresponding to MSA columns:
# 34-123
name=unknown_A
#
# <colnr> <probs for GDERKNQSTAVLIFYWHMCP>
#	G	D	E	R	K	N	Q	S	T	A	V	L	I	F	Y	W	H	M	C	P
0	0.04095	0.08749	0.29489	0.01625	0.02311	0.06117	0.04479	0.02356	0.05596	0.10540	0.09308	0.02576	0.07866	0.00914	0.00709	0.00223	0.00831	0.00740	0.00500	0.00976
1	0.07320	0.05876	0.13421	0.01818	0.06936	0.14805	0.01538	0.10701	0.08561	0.16419	0.01762	0.01805	0.01278	0.00811	0.00745	0.00220	0.03773	0.00601	0.00547	0.01060
2	0.23119	0.01972	0.15197	0.01453	0.02016	0.05128	0.03321	0.05328	0.15773	0.09846	0.06503	0.02198	0.03461	0.00862	0.00660	0.00230	0.00720	0.00667	0.00564	0.00983
3	0.03560	0.07319	0.43068	0.01745	0.02564	0.01645	0.02019	0.06612	0.06125	0.05013	0.03874	0.06342	0.01505	0.00844	0.00691	0.00224	0.00884	0.00675	0.00435	0.04856
4	0.02069	0.01516	0.01686	0.01391	0.01867	0.01600	0.01108	0.17868	0.30304	0.10766	0.08967	0.02561	0.02241	0.00936	0.00719	0.00216	0.00604	0.00767	0.00717	0.12097
5	0.01163	0.01041	0.01252	0.01224	0.03631	0.01136	0.00914	0.01556	0.08827	0.02080	0.07577	0.09002	0.38633	0.01594	0.01180	0.00263	0.16345	0.01252	0.00598	0.00732
6	0.01574	0.01857	0.09372	0.34759	0.07349	0.05729	0.21485	0.02105	0.01594	0.02074	0.01445	0.02120	0.01143	0.00739	0.00769	0.00241	0.01058	0.03334	0.00354	0.00898
7	0.01402	0.01164	0.01389	0.01112	0.01580	0.00966	0.00859	0.04254	0.01541	0.02306	0.01991	0.20003	0.02031	0.01020	0.00708	0.00167	0.02970	0.00864	0.00501	0.53172
8	0.01674	0.05661	0.44497	0.02175	0.03082	0.01823	0.15597	0.08791	0.05175	0.02548	0.01456	0.01689	0.01056	0.00705	0.00723	0.00230	0.01042	0.00623	0.00383	0.01070
9	0.00995	0.00698	0.00792	0.00820	0.00868	0.00670	0.00498	0.01047	0.01215	0.01578	0.03439	0.16615	0.14408	0.50121	0.02756	0.00559	0.00600	0.01306	0.00519	0.00495
10	0.01507	0.01292	0.01507	0.01077	0.01723	0.00969	0.00861	0.01830	0.01507	0.02369	0.01292	0.01507	0.01077	0.00538	0.00538	0.00108	0.00538	0.00431	0.00431	0.78898
11	0.01527	0.01182	0.01445	0.03563	0.08684	0.01223	0.01049	0.05593	0.21213	0.07224	0.09347	0.13500	0.18760	0.01352	0.00800	0.00245	0.00542	0.01164	0.00679	0.00909
12	0.50419	0.03953	0.01494	0.04674	0.01813	0.01787	0.01014	0.15460	0.05672	0.05785	0.01354	0.01467	0.01011	0.00742	0.00547	0.00223	0.00640	0.00496	0.00528	0.00921
13	0.01373	0.01292	0.02180	0.72707	0.05006	0.01615	0.02019	0.01857	0.01453	0.01857	0.01292	0.01938	0.00969	0.00727	0.00727	0.00242	0.00969	0.00646	0.00323	0.00807
14	0.01014	0.00738	0.00955	0.00909	0.01079	0.00678	0.00679	0.01341	0.02011	0.02824	0.63757	0.08238	0.09978	0.01536	0.00860	0.00232	0.00347	0.01356	0.00789	0.00678
15	0.01799	0.01727	0.02950	0.04462	0.69919	0.01727	0.02231	0.02231	0.01655	0.02375	0.01367	0.01799	0.01151	0.00648	0.00720	0.00216	0.00864	0.00648	0.00360	0.01151
16	0.01764	0.01731	0.02763	0.17098	0.54458	0.05132	0.02151	0.02194	0.01637	0.02249	0.01341	0.01801	0.01107	0.00667	0.00718	0.00219	0.00905	0.00639	0.00354	0.01072
17	0.00877	0.00733	0.00767	0.00789	0.01014	0.00623	0.00593	0.01064	0.01637	0.01966	0.06923	0.12272	0.61241	0.01883	0.00872	0.00254	0.00388	0.04814	0.00675	0.00615
18	0.01139	0.00820	0.01126	0.01257	0.01428	0.00807	0.01080	0.01468	0.01724	0.02265	0.12747	0.07779	0.07322	0.01931	0.00978	0.00317	0.00613	0.53842	0.00687	0.00669
19	0.01771	0.01675	0.02752	0.04044	0.60836	0.01696	0.02070	0.02356	0.08094	0.02459	0.04051	0.02021	0.01466	0.00711	0.00727	0.00219	0.00817	0.00689	0.00413	0.01134
20	0.00901	0.00641	0.00845	0.00996	0.01040	0.00600	0.00662	0.01027	0.01396	0.01867	0.06207	0.67547	0.04754	0.06448	0.01087	0.00317	0.00435	0.01981	0.00666	0.00585
21	0.01943	0.74891	0.03809	0.01244	0.01866	0.02876	0.01244	0.02177	0.01477	0.01710	0.01011	0.01166	0.00933	0.00622	0.00466	0.00155	0.00777	0.00389	0.00311	0.00933
22	0.01723	0.02159	0.15255	0.08959	0.39564	0.04181	0.13076	0.02255	0.01642	0.02293	0.01359	0.01772	0.01080	0.00659	0.00736	0.00224	0.00985	0.00656	0.00349	0.01072
23	0.01928	0.72669	0.05899	0.01270	0.01906	0.02839	0.01289	0.02181	0.01479	0.01729	0.01020	0.01178	0.00932	0.00624	0.00473	0.00158	0.00787	0.00393	0.00311	0.00937
24	0.00882	0.00737	0.00768	0.00760	0.00996	0.00623	0.00570	0.01087	0.01710	0.02090	0.15638	0.06787	0.61272	0.01794	0.00859	0.00243	0.00365	0.01505	0.00692	0.00623
25	0.05006	0.02897	0.02202	0.02399	0.17349	0.49534	0.01554	0.02783	0.05813	0.02035	0.01281	0.01497	0.01054	0.00738	0.00668	0.00198	0.01143	0.00526	0.00395	0.00928
26	0.01718	0.01644	0.02803	0.17513	0.57505	0.01706	0.02190	0.02159	0.01617	0.02276	0.01353	0.01826	0.01117	0.00663	0.00721	0.00221	0.00884	0.00647	0.00353	0.01086
27	0.00969	0.00741	0.00889	0.00852	0.01050	0.00661	0.00639	0.01257	0.01918	0.02582	0.47802	0.05977	0.28800	0.01610	0.00858	0.00235	0.00352	0.01391	0.00756	0.00661
28	0.02626	0.02985	0.02038	0.01792	0.02210	0.50739	0.01373	0.15359	0.09522	0.02451	0.01441	0.01546	0.01132	0.00798	0.00678	0.00200	0.01134	0.00542	0.00481	0.00951
29	0.02798	0.01980	0.02147	0.01646	0.02226	0.02171	0.01360	0.62984	0.03323	0.09226	0.01824	0.01797	0.01276	0.00875	0.00727	0.00219	0.00787	0.00660	0.00739	0.01236
30	0.01509	0.11290	0.63608	0.01984	0.03011	0.01814	0.02533	0.02289	0.01529	0.02239	0.01273	0.01496	0.00922	0.00683	0.00667	0.00222	0.01043	0.00521	0.00307	0.01059
31	0.03261	0.01237	0.01687	0.01293	0.01856	0.01068	0.01068	0.03543	0.02081	0.70423	0.02868	0.02474	0.01799	0.00900	0.00731	0.00225	0.00619	0.00731	0.00900	0.01237
32	0.00886	0.00633	0.00843	0.01012	0.01054	0.00590	0.00675	0.01012	0.01392	0.01856	0.04006	0.73979	0.04808	0.02277	0.00928	0.00295	0.00422	0.02066	0.00675	0.00590
33	0.01202	0.00968	0.01293	0.01180	0.01214	0.01123	0.03214	0.01280	0.01122	0.01567	0.02037	0.08640	0.02293	0.46472	0.05058	0.00577	0.18766	0.01007	0.00422	0.00565
34	0.00902	0.00650	0.00857	0.01006	0.01068	0.00605	0.00687	0.01050	0.01450	0.01930	0.07821	0.65053	0.07657	0.02205	0.00924	0.00291	0.00423	0.04138	0.00682	0.00599
35	0.00963	0.00740	0.00881	0.00846	0.01046	0.00658	0.00634	0.01245	0.01903	0.02547	0.45500	0.06035	0.31125	0.01623	0.00858	0.00235	0.00353	0.01399	0.00752	0.00658
36	0.02700	0.01775	0.01976	0.01555	0.02101	0.01914	0.01271	0.41985	0.14909	0.18724	0.02210	0.02080	0.01537	0.00899	0.00730	0.00225	0.00720	0.00701	0.00767	0.01221
37	0.06240	0.01360	0.01541	0.16076	0.04542	0.06733	0.01182	0.13801	0.01832	0.02675	0.01763	0.02168	0.01399	0.01470	0.10908	0.00344	0.00892	0.00648	0.23589	0.00837
38	0.02829	0.01931	0.02116	0.01623	0.02202	0.02098	0.01340	0.59089	0.03242	0.13236	0.01893	0.01841	0.01310	0.00876	0.00728	0.00219	0.00776	0.00665	0.00750	0.01236
39	0.01920	0.01519	0.01637	0.01454	0.01866	0.01719	0.01134	0.07396	0.56669	0.07848	0.02935	0.06274	0.02264	0.01039	0.00748	0.00246	0.00584	0.00869	0.00747	0.01133
40	0.01565	0.11515	0.58504	0.02009	0.02997	0.04310	0.04796	0.02311	0.01554	0.02219	0.01272	0.01501	0.00929	0.00682	0.00671	0.00221	0.01055	0.00530	0.00312	0.01047
41	0.00886	0.00633	0.00843	0.01012	0.01054	0.00590	0.00675	0.01012	0.01392	0.01856	0.04006	0.73979	0.04808	0.02277	0.00928	0.00295	0.00422	0.02066	0.00675	0.00590
42	0.01057	0.00705	0.00793	0.00793	0.00793	0.00705	0.00440	0.01057	0.01057	0.01409	0.02290	0.04757	0.02643	0.74454	0.03700	0.00705	0.00705	0.01057	0.00440	0.00440
43	0.00910	0.00656	0.00866	0.01010	0.01077	0.00611	0.00696	0.01066	0.01468	0.01958	0.09174	0.62629	0.07570	0.02185	0.00923	0.00290	0.00426	0.05198	0.00684	0.00603
44	0.01548	0.06398	0.20324	0.24214	0.08520	0.01828	0.14323	0.02093	0.01500	0.02077	0.01279	0.01744	0.00991	0.00747	0.00918	0.00241	0.09345	0.00642	0.00329	0.00939
45	0.01183	0.00817	0.00938	0.00915	0.00985	0.00826	0.00579	0.07103	0.01388	0.01864	0.06826	0.15427	0.03126	0.51724	0.02811	0.00566	0.00646	0.01196	0.00526	0.00552
46	0.00886	0.00633	0.00843	0.01012	0.01054	0.00590	0.00675	0.01012	0.01392	0.01856	0.04006	0.73979	0.04808	0.02277	0.00928	0.00295	0.00422	0.02066	0.00675	0.00590
47	0.03168	0.01258	0.01684	0.01305	0.01858	0.01116	0.01074	0.03563	0.06350	0.66099	0.02874	0.02489	0.01826	0.00905	0.00732	0.00226	0.00616	0.00737	0.00889	0.01232
48	0.01492	0.06153	0.64885	0.02165	0.06507	0.01732	0.02612	0.02294	0.01539	0.02285	0.01297	0.01535	0.00933	0.00686	0.00684	0.00227	0.01053	0.00538	0.00310	0.01073
49	0.01701	0.01639	0.02818	0.14418	0.55288	0.01678	0.04817	0.02140	0.01628	0.02282	0.01558	0.01998	0.03380	0.00697	0.00731	0.00222	0.00878	0.00685	0.00365	0.01076
50	0.02657	0.01950	0.02086	0.01615	0.02169	0.02158	0.01329	0.61875	0.05641	0.04431	0.01820	0.01829	0.01303	0.00875	0.00716	0.00217	0.00768	0.00662	0.04694	0.01205
51	0.03074	0.01281	0.01687	0.01314	0.01848	0.01158	0.01076	0.09709	0.02172	0.59935	0.02823	0.06561	0.01919	0.00977	0.00742	0.00228	0.00625	0.00801	0.00870	0.01199
52	0.04031	0.02353	0.28525	0.02152	0.07329	0.04055	0.17136	0.02025	0.01605	0.02278	0.05709	0.13512	0.04066	0.01003	0.00775	0.00242	0.00921	0.00929	0.00429	0.00927
53	0.01101	0.00763	0.00971	0.00907	0.01105	0.00693	0.00684	0.01421	0.02006	0.05659	0.58481	0.05511	0.14942	0.01508	0.00852	0.00231	0.00358	0.01319	0.00788	0.00700
54	0.02955	0.01272	0.01656	0.01310	0.01835	0.01173	0.01069	0.03520	0.12651	0.57436	0.05133	0.02612	0.02037	0.00933	0.00737	0.00228	0.00602	0.00765	0.00871	0.01205
55	0.01636	0.00979	0.01224	0.01207	0.04151	0.00919	0.00876	0.02075	0.09504	0.19240	0.09177	0.19757	0.21087	0.01534	0.00827	0.00252	0.00495	0.03470	0.00735	0.00855
56	0.04655	0.03531	0.62939	0.02100	0.03124	0.01697	0.07392	0.02297	0.01536	0.02343	0.01305	0.01552	0.00929	0.00684	0.00693	0.00231	0.01065	0.00555	0.00317	0.01056
57	0.01796	0.01735	0.02993	0.04417	0.67818	0.01731	0.04299	0.02234	0.01657	0.02373	0.01371	0.01804	0.01150	0.00647	0.00724	0.00217	0.00875	0.00654	0.00360	0.01146
58	0.01836	0.01796	0.02915	0.04359	0.67226	0.04505	0.02198	0.02258	0.01671	0.02351	0.01358	0.01780	0.01143	0.00652	0.00717	0.00215	0.00881	0.00641	0.00360	0.01139
59	0.01420	0.01340	0.02266	0.65147	0.12197	0.01627	0.02042	0.01899	0.01476	0.01915	0.01300	0.01923	0.00989	0.00718	0.00726	0.00239	0.00957	0.00646	0.00327	0.00846
60	0.01716	0.01643	0.02801	0.17704	0.57324	0.01705	0.02190	0.02158	0.01616	0.02274	0.01353	0.01826	0.01116	0.00663	0.00721	0.00221	0.00884	0.00647	0.00353	0.01085
61	0.01657	0.01417	0.01486	0.01341	0.01726	0.01590	0.01042	0.05649	0.53090	0.02886	0.03777	0.03516	0.15392	0.01150	0.00763	0.00245	0.00543	0.00955	0.00727	0.01048
62	0.00999	0.00749	0.00930	0.00905	0.01094	0.00680	0.00692	0.01302	0.01929	0.02623	0.49043	0.06036	0.21996	0.01615	0.00870	0.00241	0.00375	0.06495	0.00759	0.00667
63	0.01991	0.02057	0.02665	0.07103	0.48740	0.15728	0.01991	0.04377	0.04130	0.02320	0.01382	0.01738	0.01139	0.00691	0.00708	0.00213	0.00946	0.00618	0.00385	0.01075
64	0.00884	0.00638	0.00838	0.00999	0.01051	0.00592	0.00669	0.01014	0.01405	0.01861	0.04171	0.70692	0.07989	0.02256	0.00924	0.00293	0.00419	0.02040	0.00675	0.00592
65	0.05022	0.39182	0.34329	0.01611	0.02433	0.02279	0.01885	0.02232	0.01493	0.02047	0.01145	0.01336	0.00921	0.00656	0.00568	0.00193	0.00904	0.00457	0.00315	0.00991
66	0.01582	0.04678	0.02314	0.01884	0.01943	0.02173	0.03895	0.01765	0.01153	0.01765	0.01026	0.01650	0.01003	0.01434	0.05778	0.00352	0.63841	0.00641	0.00323	0.00800
67	0.00910	0.00686	0.00847	0.00951	0.01071	0.00623	0.00679	0.01085	0.01537	0.01986	0.09536	0.44705	0.23614	0.02075	0.00909	0.00279	0.00420	0.06793	0.00683	0.00610
68	0.01373	0.01292	0.02180	0.72707	0.05006	0.01615	0.02019	0.01857	0.01453	0.01857	0.01292	0.01938	0.00969	0.00727	0.00727	0.00242	0.00969	0.00646	0.00323	0.00807
69	0.01182	0.00898	0.01003	0.00957	0.01223	0.00852	0.00740	0.01706	0.12217	0.05708	0.19434	0.05851	0.38130	0.01597	0.00843	0.00247	0.00427	0.05515	0.00722	0.00747
70	0.03261	0.01237	0.01687	0.01293	0.01856	0.01068	0.01068	0.03543	0.02081	0.70423	0.02868	0.02474	0.01799	0.00900	0.00731	0.00225	0.00619	0.00731	0.00900	0.01237
71	0.01153	0.00803	0.01026	0.00951	0.01153	0.00754	0.00720	0.01571	0.05310	0.05661	0.61317	0.05231	0.08657	0.01450	0.00846	0.00230	0.00367	0.01274	0.00797	0.00729
72	0.01793	0.01745	0.03055	0.04353	0.64775	0.01736	0.07292	0.02238	0.01660	0.02371	0.01375	0.01812	0.01148	0.00645	0.00730	0.00218	0.00892	0.00664	0.00360	0.01138
73	0.01447	0.01340	0.02212	0.67013	0.07562	0.01646	0.02002	0.04543	0.01542	0.01989	0.01314	0.01924	0.00987	0.00729	0.00726	0.00240	0.00958	0.00646	0.00341	0.00839
74	0.01629	0.01655	0.02221	0.01907	0.01920	0.04607	0.01584	0.01789	0.01146	0.01750	0.00960	0.01581	0.00954	0.01254	0.02326	0.00314	0.70657	0.00630	0.00320	0.00797
75	0.01581	0.01686	0.03406	0.30984	0.06215	0.01746	0.39253	0.02137	0.01609	0.02141	0.01396	0.01947	0.01051	0.00659	0.00801	0.00243	0.01112	0.00767	0.00350	0.00916
76	0.01549	0.01317	0.01530	0.01096	0.01740	0.01012	0.00879	0.04008	0.01571	0.02442	0.01307	0.01515	0.01082	0.00549	0.00545	0.00111	0.00547	0.00438	0.00440	0.76323
77	0.01693	0.01455	0.01539	0.01402	0.01788	0.01657	0.01094	0.03504	0.59688	0.02905	0.03416	0.03327	0.08793	0.01106	0.00761	0.00250	0.00559	0.03251	0.00731	0.01081
78	0.02475	0.01846	0.02132	0.18558	0.02874	0.04814	0.01506	0.43536	0.02776	0.09693	0.01712	0.01838	0.01211	0.00835	0.00724	0.00223	0.00845	0.00652	0.00632	0.01118
79	0.01946	0.67911	0.07629	0.01317	0.01955	0.05540	0.01334	0.02213	0.01504	0.01747	0.01032	0.01193	0.00932	0.00631	0.00487	0.00161	0.00816	0.00400	0.00313	0.00937
80	0.01057	0.00705	0.00793	0.00793	0.00793	0.00705	0.00440	0.01057	0.01057	0.01409	0.02290	0.04757	0.02643	0.74454	0.03700	0.00705	0.00705	0.01057	0.00440	0.00440
81	0.00886	0.00633	0.00843	0.01012	0.01054	0.00590	0.00675	0.01012	0.01392	0.01856	0.04006	0.73979	0.04808	0.02277	0.00928	0.00295	0.00422	0.02066	0.00675	0.00590
82	0.00886	0.00633	0.00843	0.01012	0.01054	0.00590	0.00675	0.01012	0.01392	0.01856	0.04006	0.73979	0.04808	0.02277	0.00928	0.00295	0.00422	0.02066	0.00675	0.00590
83	0.01943	0.74891	0.03809	0.01244	0.01866	0.02876	0.01244	0.02177	0.01477	0.01710	0.01011	0.01166	0.00933	0.00622	0.00466	0.00155	0.00777	0.00389	0.00311	0.00933
84	0.02706	0.07120	0.02295	0.01643	0.02227	0.02298	0.01372	0.62938	0.03282	0.04381	0.01694	0.01705	0.01215	0.00855	0.00709	0.00214	0.00798	0.00636	0.00698	0.01215
85	0.00886	0.00633	0.00843	0.01012	0.01054	0.00590	0.00675	0.01012	0.01392	0.01856	0.04006	0.73979	0.04808	0.02277	0.00928	0.00295	0.00422	0.02066	0.00675	0.00590
86	0.01507	0.01292	0.01507	0.01077	0.01723	0.00969	0.00861	0.01830	0.01507	0.02369	0.01292	0.01507	0.01077	0.00538	0.00538	0.00108	0.00538	0.00431	0.00431	0.78898
87	0.01175	0.00823	0.01069	0.01103	0.01288	0.00770	0.00851	0.03473	0.01703	0.04731	0.16716	0.31147	0.06876	0.01821	0.00891	0.00272	0.00495	0.17968	0.00691	0.06138
88	0.01580	0.01335	0.01547	0.01111	0.01754	0.01044	0.00892	0.05650	0.01618	0.02497	0.01318	0.01521	0.01086	0.00558	0.00549	0.00114	0.00554	0.00444	0.00448	0.74380
89	0.02414	0.01601	0.01806	0.01425	0.01948	0.01647	0.01154	0.33625	0.09152	0.16669	0.02395	0.06376	0.04537	0.00969	0.00722	0.00214	0.00668	0.00776	0.00718	0.11183

[dist]
# distance from previous block
# <min> <max>
13	21

[block]
# block no. 1 follows, 28 sequences, length 18
# corresponding to MSA columns:
# 145-162
name=unknown_B
#
# <colnr> <probs for GDERKNQSTAVLIFYWHMCP>
#	G	D	E	R	K	N	Q	S	T	A	V	L	I	F	Y	W	H	M	C	P
0	0.01938	0.05954	0.02739	0.03554	0.49197	0.08014	0.01922	0.07207	0.01803	0.02451	0.01348	0.01691	0.01120	0.00663	0.00685	0.00201	0.00867	0.00599	0.00392	0.07654
1	0.01735	0.01295	0.01512	0.01175	0.01698	0.01142	0.00932	0.09549	0.07532	0.08491	0.09446	0.06373	0.02120	0.00853	0.00652	0.00167	0.00549	0.00709	0.00586	0.43481
2	0.01527	0.00893	0.01160	0.01059	0.01339	0.00776	0.00791	0.01770	0.01720	0.16841	0.19350	0.30437	0.04074	0.01513	0.00807	0.00234	0.00463	0.01338	0.00715	0.13194
3	0.01607	0.01289	0.01517	0.01089	0.01730	0.00975	0.00873	0.01927	0.01540	0.06224	0.01381	0.01562	0.01118	0.00559	0.00549	0.00114	0.00543	0.00448	0.00457	0.74498
4	0.02024	0.03744	0.01597	0.06600	0.01865	0.01228	0.01017	0.12840	0.02024	0.20664	0.13517	0.03083	0.06205	0.07838	0.00998	0.00252	0.00617	0.00828	0.00667	0.12392
5	0.62080	0.01540	0.01266	0.05228	0.01721	0.06882	0.00932	0.02310	0.01391	0.09339	0.01210	0.01355	0.00904	0.00704	0.00508	0.00223	0.00648	0.00445	0.00479	0.00835
6	0.01909	0.01539	0.01647	0.01466	0.01888	0.01756	0.01145	0.03840	0.63967	0.07739	0.02952	0.02695	0.02190	0.00980	0.00739	0.00245	0.00578	0.00815	0.00751	0.01157
7	0.01413	0.01333	0.02252	0.66334	0.11068	0.01625	0.02039	0.01892	0.01472	0.01906	0.01299	0.01925	0.00986	0.00719	0.00726	0.00240	0.00959	0.00646	0.00326	0.00840
8	0.01503	0.01361	0.02180	0.66074	0.04749	0.01675	0.01959	0.07987	0.01637	0.02112	0.01334	0.01920	0.00994	0.00740	0.00727	0.00240	0.00953	0.00647	0.00361	0.00848
9	0.00859	0.00736	0.00736	0.00736	0.00982	0.00614	0.00552	0.01043	0.01657	0.01964	0.07364	0.06996	0.69624	0.01841	0.00859	0.00245	0.00368	0.01534	0.00675	0.00614
10	0.01809	0.59604	0.12694	0.01351	0.01997	0.02566	0.01414	0.02127	0.01461	0.01789	0.01122	0.01344	0.00998	0.00998	0.05893	0.00242	0.00906	0.00438	0.00316	0.00931
11	0.02243	0.21105	0.05112	0.03454	0.02240	0.02016	0.08317	0.12955	0.01900	0.18138	0.01696	0.03702	0.01308	0.00872	0.00924	0.00224	0.11581	0.00654	0.00531	0.01029
12	0.01026	0.00710	0.00784	0.00784	0.00822	0.00691	0.00458	0.01055	0.01150	0.01496	0.03080	0.05105	0.13066	0.63154	0.03258	0.00633	0.00652	0.01131	0.00477	0.00467
13	0.01057	0.00705	0.00793	0.00793	0.00793	0.00705	0.00440	0.01057	0.01057	0.01409	0.02290	0.04757	0.02643	0.74454	0.03700	0.00705	0.00705	0.01057	0.00440	0.00440
14	0.04187	0.01558	0.02304	0.25395	0.03155	0.03593	0.10463	0.10602	0.01725	0.06498	0.01460	0.01888	0.01125	0.00865	0.01076	0.00248	0.16417	0.00669	0.05872	0.00901
15	0.01920	0.01743	0.02800	0.06633	0.60235	0.04327	0.02111	0.02334	0.01693	0.07078	0.01460	0.01833	0.01182	0.00672	0.00718	0.00216	0.00867	0.00647	0.00397	0.01133
16	0.12159	0.01554	0.04174	0.01246	0.01816	0.01431	0.01050	0.20850	0.02057	0.07106	0.01576	0.01699	0.01192	0.00707	0.00595	0.00172	0.00623	0.00534	0.07610	0.31849
17	0.06246	0.01864	0.14900	0.01967	0.11024	0.01502	0.06099	0.02735	0.19452	0.12412	0.04264	0.07643	0.01911	0.00926	0.00729	0.00233	0.00738	0.00805	0.00575	0.03976

[dist]
# distance from previous block
# <min> <max>
0	71

# created by:
# /st0/software/busco_prod/Augustus/scripts/msa2prfl.pl ./align_prep/168284.fa
