[name]
unknown

[dist]
# distance from previous block
# <min> <max>
0	45

[block]
# block no. 0 follows, 30 sequences, length 14
# corresponding to MSA columns:
# 45-58
name=unknown_A
#
# <colnr> <probs for GDERKNQSTAVLIFYWHMCP>
#	G	D	E	R	K	N	Q	S	T	A	V	L	I	F	Y	W	H	M	C	P
0	0.01323	0.00829	0.01136	0.01224	0.01425	0.00800	0.01045	0.01615	0.01632	0.10207	0.03789	0.11994	0.07619	0.01812	0.00920	0.00301	0.00603	0.50359	0.00669	0.00698
1	0.02681	0.01138	0.01527	0.01225	0.01688	0.01044	0.00997	0.03078	0.06979	0.55186	0.05686	0.02562	0.01976	0.01407	0.09153	0.00324	0.00728	0.00739	0.00790	0.01092
2	0.02418	0.01810	0.01945	0.01541	0.02046	0.02007	0.01254	0.55887	0.12038	0.04038	0.01966	0.06372	0.01526	0.00936	0.00712	0.00218	0.00716	0.00734	0.00697	0.01137
3	0.02347	0.06564	0.02194	0.01763	0.04201	0.26837	0.05157	0.25976	0.02262	0.04352	0.01407	0.01690	0.01135	0.05237	0.00939	0.00231	0.05689	0.00585	0.00488	0.00948
4	0.00873	0.00629	0.00815	0.00934	0.00999	0.00584	0.00631	0.01015	0.01409	0.01883	0.11676	0.59304	0.08683	0.05809	0.01015	0.00293	0.00407	0.01821	0.00650	0.00571
5	0.00926	0.00638	0.00821	0.00936	0.00996	0.00607	0.00638	0.01074	0.01372	0.01881	0.08900	0.52272	0.04302	0.11004	0.01190	0.00321	0.00441	0.05413	0.05703	0.00566
6	0.01621	0.01550	0.02641	0.22264	0.53969	0.01630	0.02089	0.02049	0.01539	0.02151	0.01294	0.01762	0.01060	0.00641	0.00693	0.00214	0.00855	0.00621	0.00336	0.01020
7	0.02181	0.01618	0.01624	0.01409	0.01826	0.09854	0.01104	0.06643	0.38874	0.19469	0.02602	0.05757	0.01958	0.00953	0.00706	0.00226	0.00649	0.00776	0.00703	0.01069
8	0.00858	0.00620	0.00812	0.00950	0.01010	0.00574	0.00641	0.00996	0.01392	0.01853	0.08352	0.66447	0.08691	0.02112	0.00882	0.00276	0.00397	0.01907	0.00656	0.00574
9	0.01376	0.01074	0.01292	0.05448	0.05135	0.01117	0.00984	0.02180	0.23320	0.06647	0.08106	0.07858	0.22962	0.01347	0.00784	0.00244	0.00521	0.08117	0.00653	0.00836
10	0.17913	0.01473	0.05240	0.34127	0.16012	0.01578	0.01664	0.02135	0.07271	0.04204	0.01377	0.01744	0.01049	0.00697	0.00641	0.00224	0.00793	0.00582	0.00391	0.00884
11	0.02360	0.01707	0.01937	0.06765	0.04244	0.01875	0.01274	0.50850	0.02766	0.07042	0.01747	0.02063	0.01350	0.09580	0.01033	0.00266	0.00762	0.00676	0.00635	0.01065
12	0.02363	0.01832	0.02163	0.01672	0.02209	0.01992	0.07495	0.51259	0.10487	0.03887	0.01846	0.04335	0.01396	0.00865	0.00713	0.00215	0.00763	0.00706	0.00658	0.03145
13	0.02173	0.01912	0.01814	0.08376	0.03976	0.18559	0.01259	0.27336	0.02321	0.07171	0.05506	0.02343	0.07878	0.01161	0.04851	0.00260	0.00894	0.00706	0.00562	0.00941

[dist]
# distance from previous block
# <min> <max>
5	19

[block]
# block no. 1 follows, 30 sequences, length 44
# corresponding to MSA columns:
# 80-123
name=unknown_B
#
# <colnr> <probs for GDERKNQSTAVLIFYWHMCP>
#	G	D	E	R	K	N	Q	S	T	A	V	L	I	F	Y	W	H	M	C	P
0	0.06115	0.00894	0.01088	0.01010	0.01269	0.00819	0.00751	0.04259	0.01628	0.08780	0.17728	0.32769	0.03788	0.01460	0.00758	0.00225	0.00448	0.01283	0.00643	0.14288
1	0.01710	0.01429	0.01507	0.01376	0.04434	0.07523	0.01025	0.19021	0.13957	0.03109	0.32642	0.03380	0.03730	0.01100	0.00750	0.00216	0.00580	0.00923	0.00688	0.00901
2	0.02191	0.14385	0.02138	0.05677	0.02078	0.01961	0.01221	0.28729	0.18902	0.09422	0.01933	0.02000	0.01457	0.03881	0.00775	0.00227	0.00701	0.00646	0.00613	0.01061
3	0.04659	0.15220	0.26026	0.01612	0.02314	0.06562	0.01672	0.20175	0.05480	0.04646	0.01418	0.01523	0.01057	0.00716	0.00623	0.00199	0.00852	0.00527	0.00454	0.04265
4	0.01242	0.01212	0.02314	0.01808	0.02192	0.01128	0.30968	0.01633	0.01668	0.02272	0.21451	0.18685	0.07844	0.01236	0.00838	0.00241	0.00725	0.01234	0.00549	0.00761
5	0.01036	0.00762	0.00867	0.00822	0.01053	0.00677	0.00623	0.01336	0.04142	0.05873	0.30026	0.05796	0.41313	0.01567	0.00814	0.00229	0.00364	0.01332	0.00705	0.00664
6	0.18222	0.01676	0.01700	0.01402	0.01879	0.01896	0.01134	0.32984	0.25541	0.03635	0.01929	0.01881	0.01420	0.00836	0.00648	0.00220	0.00648	0.00632	0.00648	0.01071
7	0.02502	0.02833	0.07255	0.01783	0.02272	0.41094	0.03611	0.25219	0.02374	0.02679	0.01306	0.01437	0.01001	0.00751	0.00661	0.00195	0.01072	0.00527	0.00470	0.00958
8	0.01527	0.01527	0.02137	0.01832	0.01832	0.02137	0.01527	0.01679	0.01069	0.01679	0.00916	0.01527	0.00916	0.01221	0.02290	0.00305	0.74198	0.00611	0.00305	0.00763
9	0.01736	0.01499	0.01578	0.01420	0.01815	0.01736	0.01105	0.03708	0.69862	0.02919	0.02840	0.02604	0.02130	0.00947	0.00710	0.00237	0.00552	0.00789	0.00710	0.01105
10	0.02736	0.10797	0.06264	0.01508	0.05624	0.01342	0.03780	0.03052	0.01858	0.52270	0.02310	0.02109	0.01513	0.00795	0.00671	0.00208	0.00674	0.00650	0.00711	0.01128
11	0.01727	0.01658	0.02832	0.04283	0.71123	0.01658	0.02142	0.02142	0.01589	0.02280	0.01313	0.01727	0.01105	0.00622	0.00691	0.00207	0.00829	0.00622	0.00345	0.01105
12	0.01212	0.00606	0.00909	0.00909	0.00909	0.00606	0.00606	0.00909	0.00909	0.01212	0.01212	0.02121	0.01212	0.02424	0.02727	0.79697	0.00606	0.00606	0.00303	0.00303
13	0.01124	0.00803	0.01124	0.01285	0.01446	0.00803	0.01124	0.01446	0.01606	0.02088	0.03695	0.07871	0.04016	0.01928	0.00964	0.00321	0.00643	0.66426	0.00643	0.00643
14	0.01647	0.01882	0.04118	0.02941	0.03647	0.01765	0.68588	0.02235	0.01647	0.02235	0.01412	0.01882	0.01059	0.00588	0.00824	0.00235	0.01176	0.00824	0.00353	0.00941
15	0.01931	0.72020	0.03551	0.01196	0.01791	0.02671	0.01185	0.02158	0.01448	0.05271	0.01063	0.01185	0.00939	0.00611	0.00461	0.00153	0.00738	0.00390	0.00328	0.00911
16	0.01636	0.01400	0.01650	0.12058	0.05016	0.01601	0.01227	0.07455	0.44535	0.02730	0.04886	0.06471	0.04286	0.00997	0.00724	0.00235	0.00612	0.00847	0.00633	0.01003
17	0.02578	0.05774	0.02156	0.01577	0.02132	0.02179	0.01311	0.62923	0.05652	0.04200	0.01682	0.01681	0.01207	0.00829	0.00686	0.00207	0.00759	0.00621	0.00678	0.01169
18	0.01727	0.01658	0.02832	0.04283	0.71123	0.01658	0.02142	0.02142	0.01589	0.02280	0.01313	0.01727	0.01105	0.00622	0.00691	0.00207	0.00829	0.00622	0.00345	0.01105
19	0.01727	0.01658	0.02832	0.04283	0.71123	0.01658	0.02142	0.02142	0.01589	0.02280	0.01313	0.01727	0.01105	0.00622	0.00691	0.00207	0.00829	0.00622	0.00345	0.01105
20	0.02653	0.01955	0.02094	0.01606	0.02164	0.02164	0.01326	0.68796	0.03281	0.04398	0.01675	0.01675	0.01187	0.00838	0.00698	0.00209	0.00768	0.00628	0.00698	0.01187
21	0.01447	0.01240	0.01447	0.01034	0.01654	0.00930	0.00827	0.01757	0.01447	0.02274	0.01240	0.01447	0.01034	0.00517	0.00517	0.00103	0.00517	0.00413	0.00413	0.79742
22	0.01124	0.00803	0.01124	0.01285	0.01446	0.00803	0.01124	0.01446	0.01606	0.02088	0.03695	0.07871	0.04016	0.01928	0.00964	0.00321	0.00643	0.66426	0.00643	0.00643
23	0.06743	0.03457	0.67069	0.01917	0.02907	0.01617	0.02455	0.02199	0.01454	0.02272	0.01233	0.01450	0.00875	0.00662	0.00647	0.00221	0.00998	0.00506	0.00304	0.01013
24	0.00850	0.00607	0.00810	0.00972	0.01012	0.00567	0.00648	0.00972	0.01336	0.01781	0.03846	0.75020	0.04615	0.02186	0.00891	0.00283	0.00405	0.01984	0.00648	0.00567
25	0.00825	0.00707	0.00707	0.00707	0.00943	0.00589	0.00530	0.01001	0.01591	0.01885	0.07069	0.06716	0.70839	0.01767	0.00825	0.00236	0.00353	0.01473	0.00648	0.00589
26	0.02492	0.02983	0.01906	0.01701	0.02076	0.59269	0.01290	0.10651	0.02109	0.02045	0.01556	0.01678	0.05664	0.00804	0.00651	0.00187	0.01138	0.00540	0.00420	0.00840
27	0.01422	0.03478	0.67192	0.02144	0.07626	0.01623	0.02549	0.02205	0.01481	0.02215	0.01256	0.01490	0.00899	0.00660	0.00665	0.00220	0.01018	0.00523	0.00298	0.01036
28	0.00977	0.00713	0.00918	0.00866	0.01036	0.00654	0.00650	0.01296	0.01950	0.02737	0.66498	0.05313	0.10879	0.01449	0.00823	0.00221	0.00331	0.01276	0.00760	0.00654
29	0.01447	0.01240	0.01447	0.01034	0.01654	0.00930	0.00827	0.01757	0.01447	0.02274	0.01240	0.01447	0.01034	0.00517	0.00517	0.00103	0.00517	0.00413	0.00413	0.79742
30	0.01447	0.01240	0.01447	0.01034	0.01654	0.00930	0.00827	0.01757	0.01447	0.02274	0.01240	0.01447	0.01034	0.00517	0.00517	0.00103	0.00517	0.00413	0.00413	0.79742
31	0.00825	0.00707	0.00707	0.00707	0.00943	0.00589	0.00530	0.01001	0.01591	0.01885	0.07069	0.06716	0.70839	0.01767	0.00825	0.00236	0.00353	0.01473	0.00648	0.00589
32	0.01727	0.01658	0.02832	0.04283	0.71123	0.01658	0.02142	0.02142	0.01589	0.02280	0.01313	0.01727	0.01105	0.00622	0.00691	0.00207	0.00829	0.00622	0.00345	0.01105
33	0.00988	0.00713	0.00933	0.00878	0.01043	0.00658	0.00658	0.01317	0.01975	0.02798	0.70754	0.05213	0.06584	0.01427	0.00823	0.00219	0.00329	0.01262	0.00768	0.00658
34	0.01526	0.20467	0.52178	0.01925	0.06361	0.01890	0.02230	0.02178	0.01466	0.02080	0.01189	0.01404	0.00898	0.00645	0.00614	0.00203	0.00954	0.00488	0.00298	0.01003
35	0.74754	0.01351	0.01088	0.00964	0.01383	0.01569	0.00794	0.02083	0.01211	0.05414	0.01030	0.01191	0.00795	0.00677	0.00512	0.00219	0.03355	0.00398	0.00442	0.00771
36	0.01318	0.01240	0.02093	0.73798	0.04806	0.01550	0.01938	0.01783	0.01395	0.01783	0.01240	0.01860	0.00930	0.00698	0.00698	0.00233	0.00930	0.00620	0.00310	0.00775
37	0.00873	0.00749	0.00753	0.00745	0.00989	0.00650	0.00561	0.01146	0.05229	0.01940	0.06844	0.06497	0.67178	0.01724	0.00819	0.00236	0.00364	0.01436	0.00651	0.00617
38	0.01846	0.00904	0.01202	0.01019	0.01337	0.00804	0.00802	0.02147	0.01971	0.30511	0.41232	0.04118	0.06749	0.01211	0.00774	0.00219	0.00437	0.01043	0.00803	0.00869
39	0.03131	0.01188	0.01619	0.01242	0.01781	0.01026	0.01026	0.03401	0.01997	0.71606	0.02753	0.02375	0.01727	0.00864	0.00702	0.00216	0.00594	0.00702	0.00864	0.01188
40	0.01301	0.00650	0.00650	0.00650	0.00813	0.00650	0.00488	0.01626	0.01463	0.02602	0.02276	0.02602	0.01789	0.00813	0.00488	0.00163	0.00325	0.00650	0.79350	0.00650
41	0.01400	0.03610	0.71860	0.01989	0.03020	0.01621	0.02578	0.02210	0.01473	0.02210	0.01252	0.01473	0.00884	0.00663	0.00663	0.00221	0.01031	0.00516	0.00295	0.01031
42	0.75062	0.01502	0.05816	0.00990	0.01463	0.01569	0.00879	0.02062	0.01207	0.03069	0.00991	0.01157	0.00764	0.00649	0.00447	0.00216	0.00573	0.00387	0.00423	0.00774
43	0.01917	0.72838	0.03573	0.01196	0.01791	0.02690	0.01187	0.02143	0.01442	0.04505	0.01043	0.01171	0.00930	0.00608	0.00458	0.00152	0.00740	0.00387	0.00322	0.00907

[dist]
# distance from previous block
# <min> <max>
3	4

[block]
# block no. 2 follows, 30 sequences, length 31
# corresponding to MSA columns:
# 128-158
name=unknown_C
#
# <colnr> <probs for GDERKNQSTAVLIFYWHMCP>
#	G	D	E	R	K	N	Q	S	T	A	V	L	I	F	Y	W	H	M	C	P
0	0.00850	0.00607	0.00810	0.00972	0.01012	0.00567	0.00648	0.00972	0.01336	0.01781	0.03846	0.75020	0.04615	0.02186	0.00891	0.00283	0.00405	0.01984	0.00648	0.00567
1	0.73813	0.01538	0.06935	0.01007	0.01489	0.01570	0.00908	0.02065	0.01211	0.03054	0.00995	0.01162	0.00766	0.00649	0.00451	0.00216	0.00581	0.00389	0.00420	0.00779
2	0.01527	0.01527	0.02137	0.01832	0.01832	0.02137	0.01527	0.01679	0.01069	0.01679	0.00916	0.01527	0.00916	0.01221	0.02290	0.00305	0.74198	0.00611	0.00305	0.00763
3	0.01447	0.01240	0.01447	0.01034	0.01654	0.00930	0.00827	0.01757	0.01447	0.02274	0.01240	0.01447	0.01034	0.00517	0.00517	0.00103	0.00517	0.00413	0.00413	0.79742
4	0.00825	0.00707	0.00707	0.00707	0.00943	0.00589	0.00530	0.01001	0.01591	0.01885	0.07069	0.06716	0.70839	0.01767	0.00825	0.00236	0.00353	0.01473	0.00648	0.00589
5	0.01400	0.03610	0.71860	0.01989	0.03020	0.01621	0.02578	0.02210	0.01473	0.02210	0.01252	0.01473	0.00884	0.00663	0.00663	0.00221	0.01031	0.00516	0.00295	0.01031
6	0.01010	0.00697	0.00862	0.00862	0.00897	0.00732	0.00549	0.01080	0.01045	0.01428	0.02106	0.04054	0.02314	0.55747	0.22976	0.00802	0.01011	0.00940	0.00409	0.00479
7	0.00825	0.00707	0.00707	0.00707	0.00943	0.00589	0.00530	0.01001	0.01591	0.01885	0.07069	0.06716	0.70839	0.01767	0.00825	0.00236	0.00353	0.01473	0.00648	0.00589
8	0.01301	0.00650	0.00650	0.00650	0.00813	0.00650	0.00488	0.01626	0.01463	0.02602	0.02276	0.02602	0.01789	0.00813	0.00488	0.00163	0.00325	0.00650	0.79350	0.00650
9	0.00850	0.00607	0.00810	0.00972	0.01012	0.00567	0.00648	0.00972	0.01336	0.01781	0.03846	0.75020	0.04615	0.02186	0.00891	0.00283	0.00405	0.01984	0.00648	0.00567
10	0.01866	0.75896	0.03657	0.01194	0.01791	0.02761	0.01194	0.02090	0.01418	0.01642	0.00970	0.01119	0.00896	0.00597	0.00448	0.00149	0.00746	0.00373	0.00299	0.00896
11	0.00979	0.00776	0.01168	0.04578	0.07713	0.00753	0.03214	0.01159	0.01373	0.01843	0.03413	0.62486	0.04005	0.01921	0.00861	0.00272	0.00494	0.01758	0.00595	0.00639
12	0.01940	0.23355	0.05636	0.01980	0.17626	0.03992	0.01412	0.04413	0.01601	0.11549	0.01375	0.01549	0.01091	0.00676	0.00682	0.00179	0.05059	0.00513	0.00422	0.14949
13	0.01504	0.03359	0.63248	0.02025	0.03007	0.01602	0.07528	0.02270	0.01512	0.05624	0.01338	0.01549	0.00939	0.00667	0.00677	0.00222	0.01021	0.00548	0.00327	0.01032
14	0.01447	0.01240	0.01447	0.01034	0.01654	0.00930	0.00827	0.01757	0.01447	0.02274	0.01240	0.01447	0.01034	0.00517	0.00517	0.00103	0.00517	0.00413	0.00413	0.79742
15	0.03131	0.01188	0.01619	0.01242	0.01781	0.01026	0.01026	0.03401	0.01997	0.71606	0.02753	0.02375	0.01727	0.00864	0.00702	0.00216	0.00594	0.00702	0.00864	0.01188
16	0.00921	0.00711	0.00840	0.00808	0.01001	0.00630	0.00606	0.01187	0.01817	0.02424	0.44617	0.05830	0.32956	0.01566	0.00824	0.00226	0.00339	0.01348	0.00719	0.00630
17	0.01301	0.00650	0.00650	0.00650	0.00813	0.00650	0.00488	0.01626	0.01463	0.02602	0.02276	0.02602	0.01789	0.00813	0.00488	0.00163	0.00325	0.00650	0.79350	0.00650
18	0.01728	0.01645	0.02728	0.04044	0.65340	0.01665	0.02055	0.02272	0.07285	0.02333	0.01440	0.01800	0.01191	0.00649	0.00692	0.00210	0.00806	0.00636	0.00376	0.01105
19	0.00997	0.00748	0.01121	0.01121	0.01246	0.00872	0.00872	0.01246	0.01121	0.01620	0.01869	0.02741	0.01745	0.05234	0.72710	0.01121	0.01869	0.00748	0.00374	0.00623
20	0.01301	0.00650	0.00650	0.00650	0.00813	0.00650	0.00488	0.01626	0.01463	0.02602	0.02276	0.02602	0.01789	0.00813	0.00488	0.00163	0.00325	0.00650	0.79350	0.00650
21	0.80405	0.01350	0.01026	0.00918	0.01350	0.01565	0.00756	0.02051	0.01188	0.03131	0.00972	0.01134	0.00756	0.00648	0.00432	0.00216	0.00540	0.00378	0.00432	0.00756
22	0.00850	0.00607	0.00810	0.00972	0.01012	0.00567	0.00648	0.00972	0.01336	0.01781	0.03846	0.75020	0.04615	0.02186	0.00891	0.00283	0.00405	0.01984	0.00648	0.00567
23	0.01316	0.01191	0.01973	0.67696	0.04473	0.01475	0.01817	0.01770	0.01401	0.01851	0.01327	0.01922	0.01002	0.00707	0.00680	0.00227	0.00880	0.00623	0.06904	0.00765
24	0.01000	0.00735	0.01055	0.01055	0.01157	0.00836	0.00790	0.01204	0.01102	0.01571	0.01930	0.03076	0.01890	0.18099	0.60043	0.01040	0.01651	0.00797	0.00383	0.00586
25	0.01021	0.00752	0.00965	0.00933	0.01106	0.00713	0.00712	0.01410	0.04922	0.02675	0.57465	0.07812	0.08467	0.01486	0.00832	0.00232	0.00369	0.06711	0.00746	0.00671
26	0.01647	0.01882	0.04118	0.02941	0.03647	0.01765	0.68588	0.02235	0.01647	0.02235	0.01412	0.01882	0.01059	0.00588	0.00824	0.00235	0.01176	0.00824	0.00353	0.00941
27	0.01781	0.62795	0.16017	0.01338	0.02014	0.02554	0.01445	0.02111	0.01428	0.01745	0.01021	0.01184	0.00893	0.00609	0.00487	0.00162	0.00798	0.00399	0.00298	0.00920
28	0.01527	0.01527	0.02137	0.01832	0.01832	0.02137	0.01527	0.01679	0.01069	0.01679	0.00916	0.01527	0.00916	0.01221	0.02290	0.00305	0.74198	0.00611	0.00305	0.00763
29	0.05453	0.01597	0.02076	0.01786	0.01823	0.05217	0.01481	0.01746	0.01115	0.01752	0.00926	0.01496	0.00907	0.01171	0.02126	0.00295	0.67363	0.00592	0.00314	0.00765
30	0.01527	0.01527	0.02137	0.01832	0.01832	0.02137	0.01527	0.01679	0.01069	0.01679	0.00916	0.01527	0.00916	0.01221	0.02290	0.00305	0.74198	0.00611	0.00305	0.00763

[dist]
# distance from previous block
# <min> <max>
0	3

# created by:
# /st0/software/busco_prod/Augustus/scripts/msa2prfl.pl ./align_prep/168375.fa
