[name]
unknown

[dist]
# distance from previous block
# <min> <max>
11	26

[block]
# block no. 0 follows, 23 sequences, length 9
# corresponding to MSA columns:
# 29-37
name=unknown_A
#
# <colnr> <probs for GDERKNQSTAVLIFYWHMCP>
#	G	D	E	R	K	N	Q	S	T	A	V	L	I	F	Y	W	H	M	C	P
0	0.08577	0.01559	0.01582	0.05122	0.01949	0.10002	0.01120	0.06014	0.06975	0.15611	0.10591	0.18801	0.03246	0.03980	0.00968	0.00287	0.00730	0.01184	0.00733	0.00970
1	0.08667	0.01800	0.02159	0.10435	0.09196	0.08263	0.04851	0.04895	0.12859	0.12551	0.07866	0.02550	0.02085	0.00936	0.00782	0.00243	0.00839	0.00786	0.00636	0.07605
2	0.01769	0.01442	0.02158	0.34667	0.09491	0.01623	0.01777	0.02506	0.11059	0.07576	0.07434	0.02686	0.02001	0.01212	0.04526	0.00314	0.00947	0.00816	0.00540	0.05456
3	0.09379	0.01776	0.02765	0.21715	0.03536	0.02054	0.15216	0.11116	0.01884	0.02738	0.01503	0.02120	0.01220	0.04166	0.01338	0.00306	0.14957	0.00765	0.00456	0.00989
4	0.08658	0.01801	0.02341	0.24391	0.14692	0.08519	0.05159	0.02551	0.10890	0.02535	0.02211	0.05823	0.05080	0.00981	0.00803	0.00261	0.00944	0.00850	0.00497	0.01014
5	0.02289	0.01764	0.02420	0.08634	0.05607	0.01725	0.08993	0.20418	0.02398	0.09657	0.01915	0.04783	0.01497	0.00865	0.00775	0.00217	0.00848	0.00754	0.00617	0.23823
6	0.01734	0.01691	0.02689	0.28228	0.22045	0.04689	0.08092	0.02200	0.01745	0.02339	0.01785	0.09013	0.01598	0.00931	0.00824	0.00252	0.00988	0.00875	0.00431	0.07851
7	0.01698	0.00900	0.01200	0.01107	0.01268	0.00859	0.00781	0.03631	0.01462	0.09815	0.04498	0.06857	0.02149	0.10296	0.02430	0.40180	0.00671	0.00885	0.04252	0.05061
8	0.11400	0.00966	0.01090	0.01018	0.01299	0.00925	0.00778	0.01837	0.01973	0.09782	0.28528	0.10659	0.16080	0.01546	0.00850	0.00257	0.00460	0.01308	0.08422	0.00821

[dist]
# distance from previous block
# <min> <max>
7	18

[block]
# block no. 1 follows, 23 sequences, length 31
# corresponding to MSA columns:
# 57-87
name=unknown_B
#
# <colnr> <probs for GDERKNQSTAVLIFYWHMCP>
#	G	D	E	R	K	N	Q	S	T	A	V	L	I	F	Y	W	H	M	C	P
0	0.02167	0.01704	0.02174	0.02226	0.15334	0.01722	0.01474	0.17566	0.07719	0.07225	0.02368	0.07473	0.04657	0.01040	0.00883	0.00232	0.04337	0.00855	0.00635	0.18209
1	0.06283	0.02175	0.02221	0.02069	0.10016	0.11821	0.01474	0.22984	0.09997	0.06835	0.01887	0.01974	0.01424	0.00861	0.00747	0.00220	0.00880	0.00666	0.00640	0.14825
2	0.02526	0.01860	0.02123	0.08457	0.02598	0.02031	0.01446	0.27247	0.22933	0.10336	0.02418	0.02377	0.01752	0.00971	0.00799	0.00247	0.00786	0.00778	0.00763	0.07551
3	0.01584	0.01495	0.02527	0.62517	0.12201	0.01816	0.02279	0.02119	0.01647	0.02136	0.01451	0.02146	0.01104	0.00802	0.00810	0.00267	0.01069	0.00721	0.00365	0.00943
4	0.02156	0.01868	0.03202	0.06956	0.47261	0.01861	0.08914	0.02726	0.04745	0.09628	0.01797	0.02162	0.01403	0.00770	0.00823	0.00248	0.00969	0.00767	0.00485	0.01259
5	0.00989	0.00706	0.00942	0.01130	0.01177	0.00659	0.00753	0.01130	0.01554	0.02071	0.04472	0.70954	0.05367	0.02542	0.01036	0.00330	0.00471	0.02307	0.00753	0.00659
6	0.01068	0.00826	0.00973	0.00936	0.01163	0.00731	0.00702	0.01375	0.02107	0.02803	0.41444	0.06804	0.32488	0.01827	0.00958	0.00263	0.00395	0.01572	0.00834	0.00731
7	0.00989	0.00706	0.00942	0.01130	0.01177	0.00659	0.00753	0.01130	0.01554	0.02071	0.04472	0.70954	0.05367	0.02542	0.01036	0.00330	0.00471	0.02307	0.00753	0.00659
8	0.01159	0.00869	0.01304	0.01304	0.01449	0.01014	0.01014	0.01449	0.01304	0.01884	0.02173	0.03188	0.02029	0.06086	0.68268	0.01304	0.02173	0.00869	0.00435	0.00724
9	0.03085	0.02273	0.02435	0.01867	0.02516	0.02516	0.01542	0.63716	0.03815	0.05114	0.01948	0.01948	0.01380	0.00974	0.00812	0.00244	0.00893	0.00731	0.00812	0.01380
10	0.02008	0.01928	0.03294	0.04981	0.66422	0.01928	0.02490	0.02490	0.01848	0.02651	0.01526	0.02008	0.01285	0.00723	0.00803	0.00241	0.00964	0.00723	0.00402	0.01285
11	0.01683	0.01442	0.01683	0.01202	0.01923	0.01082	0.00961	0.02043	0.01683	0.02644	0.01442	0.01683	0.01202	0.00601	0.00601	0.00120	0.00601	0.00481	0.00481	0.76444
12	0.73308	0.01705	0.04609	0.01131	0.01670	0.01824	0.00988	0.02395	0.01398	0.03585	0.01147	0.01339	0.00886	0.00754	0.00516	0.00251	0.00657	0.00448	0.00494	0.00895
13	0.01513	0.00756	0.00756	0.00756	0.00945	0.00756	0.00567	0.01891	0.01702	0.03025	0.02647	0.03025	0.02080	0.00945	0.00567	0.00189	0.00378	0.00756	0.75988	0.00756
14	0.01513	0.00756	0.00756	0.00756	0.00945	0.00756	0.00567	0.01891	0.01702	0.03025	0.02647	0.03025	0.02080	0.00945	0.00567	0.00189	0.00378	0.00756	0.75988	0.00756
15	0.00989	0.00706	0.00942	0.01130	0.01177	0.00659	0.00753	0.01130	0.01554	0.02071	0.04472	0.70954	0.05367	0.02542	0.01036	0.00330	0.00471	0.02307	0.00753	0.00659
16	0.01513	0.00756	0.00756	0.00756	0.00945	0.00756	0.00567	0.01891	0.01702	0.03025	0.02647	0.03025	0.02080	0.00945	0.00567	0.00189	0.00378	0.00756	0.75988	0.00756
17	0.02169	0.71972	0.04252	0.01388	0.02083	0.03211	0.01388	0.02430	0.01649	0.01909	0.01128	0.01302	0.01041	0.00694	0.00521	0.00174	0.00868	0.00434	0.00347	0.01041
18	0.77215	0.01569	0.01193	0.01067	0.01569	0.01820	0.00879	0.02385	0.01381	0.03641	0.01130	0.01318	0.00879	0.00753	0.00502	0.00251	0.00628	0.00439	0.00502	0.00879
19	0.00989	0.00706	0.00942	0.01130	0.01177	0.00659	0.00753	0.01130	0.01554	0.02071	0.04472	0.70954	0.05367	0.02542	0.01036	0.00330	0.00471	0.02307	0.00753	0.00659
20	0.02008	0.01928	0.03294	0.04981	0.66422	0.01928	0.02490	0.02490	0.01848	0.02651	0.01526	0.02008	0.01285	0.00723	0.00803	0.00241	0.00964	0.00723	0.00402	0.01285
21	0.01627	0.04197	0.67279	0.02313	0.03512	0.01884	0.02998	0.02570	0.01713	0.02570	0.01456	0.01713	0.01028	0.00771	0.00771	0.00257	0.01199	0.00600	0.00343	0.01199
22	0.02008	0.01928	0.03294	0.04981	0.66422	0.01928	0.02490	0.02490	0.01848	0.02651	0.01526	0.02008	0.01285	0.00723	0.00803	0.00241	0.00964	0.00723	0.00402	0.01285
23	0.00989	0.00706	0.00942	0.01130	0.01177	0.00659	0.00753	0.01130	0.01554	0.02071	0.04472	0.70954	0.05367	0.02542	0.01036	0.00330	0.00471	0.02307	0.00753	0.00659
24	0.02066	0.05457	0.03566	0.02664	0.03180	0.15196	0.31776	0.02499	0.01815	0.02279	0.01575	0.05709	0.01378	0.00975	0.01264	0.00277	0.16045	0.00870	0.00416	0.00993
25	0.03469	0.01406	0.01873	0.01447	0.02052	0.01251	0.01191	0.07540	0.02414	0.59619	0.06586	0.02893	0.02281	0.01039	0.00824	0.00251	0.00686	0.00847	0.00986	0.01347
26	0.03641	0.01381	0.01883	0.01444	0.02071	0.01193	0.01193	0.03954	0.02322	0.66984	0.03201	0.02762	0.02009	0.01004	0.00816	0.00251	0.00690	0.00816	0.01004	0.01381
27	0.01170	0.00782	0.00888	0.00898	0.00901	0.00780	0.00506	0.01177	0.01200	0.01600	0.02660	0.08852	0.03080	0.67764	0.03963	0.00762	0.00770	0.01241	0.00506	0.00501
28	0.02063	0.01535	0.01722	0.01523	0.01890	0.01654	0.01171	0.30579	0.08659	0.03614	0.03185	0.32335	0.03234	0.01674	0.00911	0.00284	0.00684	0.01440	0.00787	0.01054
29	0.00986	0.00718	0.00929	0.01099	0.01169	0.00662	0.00739	0.01133	0.01584	0.02084	0.04853	0.64539	0.11536	0.02493	0.01028	0.00324	0.00465	0.02246	0.00753	0.00662
30	0.03115	0.02224	0.02405	0.01844	0.02492	0.02444	0.01523	0.60462	0.03734	0.08482	0.02016	0.01992	0.01414	0.00976	0.00812	0.00244	0.00882	0.00735	0.00822	0.01380

[dist]
# distance from previous block
# <min> <max>
2	6

[block]
# block no. 2 follows, 23 sequences, length 49
# corresponding to MSA columns:
# 94-142
name=unknown_C
#
# <colnr> <probs for GDERKNQSTAVLIFYWHMCP>
#	G	D	E	R	K	N	Q	S	T	A	V	L	I	F	Y	W	H	M	C	P
0	0.02030	0.49997	0.03523	0.01507	0.02019	0.06409	0.01389	0.02270	0.01603	0.01928	0.01396	0.05820	0.01372	0.01235	0.04861	0.00277	0.10390	0.00619	0.00383	0.00972
1	0.03028	0.02239	0.02405	0.01840	0.02492	0.02458	0.01519	0.61222	0.03729	0.05014	0.01928	0.01937	0.01373	0.00959	0.00803	0.00239	0.00881	0.00720	0.00798	0.04415
2	0.00987	0.00711	0.00936	0.01116	0.01173	0.00660	0.00747	0.01131	0.01567	0.02077	0.04637	0.68173	0.08041	0.02521	0.01032	0.00327	0.00468	0.02281	0.00753	0.00660
3	0.02103	0.02071	0.02740	0.02250	0.02474	0.09797	0.10058	0.05324	0.01639	0.05786	0.01326	0.01859	0.01153	0.01210	0.02021	0.00316	0.45743	0.00729	0.00428	0.00973
4	0.02196	0.65884	0.04087	0.01452	0.02105	0.06370	0.01412	0.02451	0.01665	0.01915	0.01132	0.01328	0.01042	0.00730	0.00615	0.00182	0.03604	0.00449	0.00351	0.01030
5	0.01148	0.00829	0.01085	0.01021	0.01212	0.00766	0.00766	0.01531	0.02297	0.03254	0.65994	0.06061	0.07656	0.01659	0.00957	0.00255	0.00383	0.01467	0.00893	0.00766
6	0.01913	0.24182	0.08757	0.01814	0.02370	0.06355	0.09088	0.02593	0.11340	0.02449	0.09109	0.02586	0.04892	0.01013	0.00945	0.00243	0.08019	0.00792	0.00511	0.01030
7	0.00989	0.00706	0.00942	0.01130	0.01177	0.00659	0.00753	0.01130	0.01554	0.02071	0.04472	0.70954	0.05367	0.02542	0.01036	0.00330	0.00471	0.02307	0.00753	0.00659
8	0.01897	0.02314	0.08675	0.03351	0.04195	0.02042	0.59713	0.02597	0.01903	0.02597	0.01630	0.02159	0.01219	0.00689	0.00946	0.00273	0.01357	0.00935	0.00406	0.01101
9	0.01076	0.00827	0.00984	0.00945	0.01168	0.00735	0.00709	0.01391	0.02126	0.02848	0.43919	0.06729	0.29984	0.01810	0.00958	0.00262	0.00394	0.01561	0.00840	0.00735
10	0.01523	0.01422	0.02388	0.66762	0.05429	0.01767	0.02215	0.02057	0.01632	0.02088	0.01558	0.02448	0.01228	0.00869	0.00824	0.00275	0.01068	0.03174	0.00376	0.00895
11	0.02169	0.71972	0.04252	0.01388	0.02083	0.03211	0.01388	0.02430	0.01649	0.01909	0.01128	0.01302	0.01041	0.00694	0.00521	0.00174	0.00868	0.00434	0.00347	0.01041
12	0.00959	0.00822	0.00822	0.00822	0.01096	0.00685	0.00617	0.01165	0.01850	0.02192	0.08220	0.07809	0.66092	0.02055	0.00959	0.00274	0.00411	0.01713	0.00754	0.00685
13	0.02018	0.01743	0.01835	0.01651	0.02110	0.02018	0.01284	0.04312	0.64956	0.03394	0.03303	0.03027	0.02477	0.01101	0.00826	0.00275	0.00642	0.00917	0.00826	0.01284
14	0.05795	0.01997	0.02124	0.01730	0.02298	0.02234	0.01398	0.35250	0.27593	0.07104	0.02500	0.02380	0.01816	0.01016	0.00804	0.00257	0.00775	0.00795	0.00813	0.01322
15	0.03031	0.03867	0.02299	0.02090	0.02508	0.68226	0.01568	0.03240	0.02299	0.01986	0.01254	0.01463	0.01045	0.00836	0.00732	0.00209	0.01463	0.00523	0.00418	0.00941
16	0.01649	0.01406	0.01646	0.01198	0.01886	0.01061	0.00951	0.01998	0.01676	0.02616	0.01591	0.05079	0.01406	0.00696	0.00622	0.00130	0.00595	0.00570	0.00494	0.72728
17	0.01735	0.13959	0.53355	0.02373	0.07915	0.02082	0.02725	0.02543	0.01714	0.02479	0.01413	0.01674	0.01049	0.00756	0.00737	0.00244	0.01133	0.00584	0.00348	0.01182
18	0.01409	0.00705	0.01057	0.01057	0.01057	0.00705	0.00705	0.01057	0.01057	0.01409	0.01409	0.02467	0.01409	0.02819	0.03171	0.76392	0.00705	0.00705	0.00352	0.00352
19	0.01627	0.04197	0.67279	0.02313	0.03512	0.01884	0.02998	0.02570	0.01713	0.02570	0.01456	0.01713	0.01028	0.00771	0.00771	0.00257	0.01199	0.00600	0.00343	0.01199
20	0.01724	0.01730	0.05504	0.33544	0.31384	0.01792	0.02314	0.02244	0.01742	0.02371	0.01702	0.02622	0.01447	0.00883	0.00830	0.00265	0.01010	0.05416	0.00408	0.01067
21	0.03471	0.01381	0.01855	0.01444	0.02041	0.01219	0.01183	0.06330	0.02343	0.60783	0.03218	0.06489	0.02167	0.01088	0.00828	0.00255	0.00687	0.00895	0.00982	0.01341
22	0.01159	0.00869	0.01304	0.01304	0.01449	0.01014	0.01014	0.01449	0.01304	0.01884	0.02173	0.03188	0.02029	0.06086	0.68268	0.01304	0.02173	0.00869	0.00435	0.00724
23	0.01897	0.02314	0.08675	0.03351	0.04195	0.02042	0.59713	0.02597	0.01903	0.02597	0.01630	0.02159	0.01219	0.00689	0.00946	0.00273	0.01357	0.00935	0.00406	0.01101
24	0.01159	0.00869	0.01304	0.01304	0.01449	0.01014	0.01014	0.01449	0.01304	0.01884	0.02173	0.03188	0.02029	0.06086	0.68268	0.01304	0.02173	0.00869	0.00435	0.00724
25	0.04962	0.04081	0.64364	0.02258	0.03426	0.01882	0.02904	0.02562	0.01698	0.02617	0.01442	0.01696	0.01021	0.00770	0.00759	0.00257	0.01174	0.00593	0.00350	0.01185
26	0.00967	0.00822	0.00833	0.00831	0.01101	0.00688	0.00623	0.01180	0.01869	0.02238	0.10704	0.07734	0.63580	0.02038	0.00959	0.00273	0.00410	0.01702	0.00760	0.00688
27	0.01683	0.01442	0.01683	0.01202	0.01923	0.01082	0.00961	0.02043	0.01683	0.02644	0.01442	0.01683	0.01202	0.00601	0.00601	0.00120	0.00601	0.00481	0.00481	0.76444
28	0.01148	0.00829	0.01085	0.01021	0.01212	0.00766	0.00766	0.01531	0.02297	0.03254	0.65994	0.06061	0.07656	0.01659	0.00957	0.00255	0.00383	0.01467	0.00893	0.00766
29	0.00989	0.00706	0.00942	0.01130	0.01177	0.00659	0.00753	0.01130	0.01554	0.02071	0.04472	0.70954	0.05367	0.02542	0.01036	0.00330	0.00471	0.02307	0.00753	0.00659
30	0.03641	0.01381	0.01883	0.01444	0.02071	0.01193	0.01193	0.03954	0.02322	0.66984	0.03201	0.02762	0.02009	0.01004	0.00816	0.00251	0.00690	0.00816	0.01004	0.01381
31	0.01831	0.01747	0.02973	0.29019	0.43768	0.01881	0.02402	0.02335	0.01764	0.02436	0.01495	0.02066	0.01209	0.00756	0.00806	0.00252	0.01008	0.00722	0.00386	0.01142
32	0.01227	0.01442	0.13250	0.01265	0.01633	0.00965	0.01175	0.01699	0.02146	0.03058	0.50488	0.09097	0.06302	0.01548	0.00927	0.00260	0.00538	0.01357	0.00784	0.00839
33	0.06261	0.01551	0.01632	0.20803	0.02704	0.13484	0.01339	0.01865	0.01700	0.02154	0.02809	0.34231	0.03071	0.01624	0.00883	0.00286	0.00837	0.01410	0.00564	0.00794
34	0.02796	0.05915	0.02360	0.01710	0.02348	0.02247	0.01415	0.47622	0.03275	0.06959	0.01981	0.04483	0.01512	0.00970	0.00777	0.00227	0.00830	0.00744	0.00749	0.11082
35	0.02169	0.71972	0.04252	0.01388	0.02083	0.03211	0.01388	0.02430	0.01649	0.01909	0.01128	0.01302	0.01041	0.00694	0.00521	0.00174	0.00868	0.00434	0.00347	0.01041
36	0.77215	0.01569	0.01193	0.01067	0.01569	0.01820	0.00879	0.02385	0.01381	0.03641	0.01130	0.01318	0.00879	0.00753	0.00502	0.00251	0.00628	0.00439	0.00502	0.00879
37	0.02203	0.01870	0.02208	0.02301	0.14009	0.02089	0.01551	0.14364	0.42659	0.03558	0.02739	0.02651	0.02066	0.01009	0.00819	0.00263	0.00745	0.00849	0.00745	0.01301
38	0.01627	0.04197	0.67279	0.02313	0.03512	0.01884	0.02998	0.02570	0.01713	0.02570	0.01456	0.01713	0.01028	0.00771	0.00771	0.00257	0.01199	0.00600	0.00343	0.01199
39	0.01578	0.03850	0.60450	0.02179	0.03275	0.01769	0.02768	0.02463	0.01773	0.02640	0.08114	0.02162	0.01712	0.00863	0.00790	0.00257	0.01115	0.00689	0.00399	0.01154
40	0.01543	0.01288	0.01642	0.01414	0.01808	0.01293	0.07364	0.02507	0.22523	0.05516	0.13623	0.05217	0.27947	0.01504	0.00909	0.00271	0.00593	0.01304	0.00771	0.00963
41	0.01003	0.00726	0.00949	0.01100	0.01176	0.00672	0.00746	0.01173	0.01648	0.02200	0.11041	0.60527	0.09192	0.02422	0.01023	0.00319	0.00458	0.02185	0.00768	0.00672
42	0.01789	0.01487	0.01719	0.01266	0.01943	0.01206	0.01010	0.08355	0.01895	0.02867	0.01662	0.05531	0.01450	0.00746	0.00647	0.00144	0.00624	0.00607	0.00530	0.64520
43	0.01582	0.01473	0.02372	0.62530	0.05230	0.01825	0.02153	0.02304	0.08156	0.02209	0.01634	0.02252	0.01226	0.00841	0.00813	0.00271	0.01036	0.00741	0.00409	0.00941
44	0.01070	0.00791	0.01010	0.01111	0.01233	0.00711	0.00754	0.01228	0.01557	0.02106	0.04195	0.57421	0.07204	0.06397	0.01171	0.00333	0.00500	0.02028	0.00710	0.08469
45	0.02864	0.02082	0.02230	0.01725	0.02329	0.02275	0.01417	0.54755	0.03508	0.04795	0.01999	0.02048	0.01445	0.00955	0.00778	0.00233	0.00828	0.00723	0.08554	0.04459
46	0.01627	0.01379	0.01621	0.01183	0.01850	0.01049	0.00941	0.01990	0.01746	0.02707	0.08102	0.02134	0.01868	0.00710	0.00638	0.00134	0.00578	0.00583	0.00523	0.68636
47	0.01493	0.01379	0.02295	0.62465	0.05137	0.01696	0.02100	0.02017	0.01692	0.02195	0.08102	0.02565	0.01760	0.00899	0.00826	0.00269	0.01010	0.00798	0.00416	0.00887
48	0.01141	0.00763	0.00980	0.01104	0.01218	0.00694	0.00759	0.01302	0.01642	0.05926	0.04943	0.57734	0.14005	0.02380	0.01012	0.00317	0.00475	0.02132	0.00768	0.00706

[dist]
# distance from previous block
# <min> <max>
0	1

[block]
# block no. 3 follows, 23 sequences, length 14
# corresponding to MSA columns:
# 144-157
name=unknown_D
#
# <colnr> <probs for GDERKNQSTAVLIFYWHMCP>
#	G	D	E	R	K	N	Q	S	T	A	V	L	I	F	Y	W	H	M	C	P
0	0.40840	0.01652	0.01583	0.01272	0.01860	0.01728	0.01042	0.13495	0.01963	0.08630	0.01511	0.01628	0.01131	0.00778	0.00605	0.00220	0.00674	0.00531	0.00592	0.18265
1	0.01466	0.00915	0.01226	0.01177	0.01416	0.00852	0.00938	0.01839	0.02202	0.10250	0.44825	0.06395	0.06338	0.01718	0.00979	0.00282	0.00501	0.14981	0.00872	0.00831
2	0.01935	0.24775	0.43360	0.01968	0.02972	0.02242	0.02378	0.02624	0.01736	0.06897	0.01478	0.01661	0.01101	0.00764	0.00697	0.00231	0.01062	0.00564	0.00391	0.01164
3	0.01255	0.00889	0.01164	0.01225	0.01344	0.00902	0.00891	0.01429	0.01625	0.06395	0.04562	0.47769	0.13447	0.02240	0.01186	0.00321	0.07882	0.04009	0.00727	0.00738
4	0.01007	0.00794	0.00909	0.00944	0.01142	0.00696	0.00684	0.01234	0.01869	0.02388	0.19614	0.23794	0.37853	0.02096	0.00978	0.00284	0.00420	0.01814	0.00783	0.00696
5	0.01907	0.02058	0.04124	0.06299	0.18286	0.02057	0.40977	0.02489	0.01821	0.02526	0.01550	0.02106	0.01221	0.00771	0.01086	0.00274	0.08068	0.00870	0.00401	0.01110
6	0.01813	0.01663	0.02675	0.03816	0.46502	0.01670	0.02002	0.02414	0.06883	0.02847	0.16388	0.03014	0.02833	0.00966	0.00840	0.00247	0.00806	0.00908	0.00547	0.01167
7	0.01921	0.02446	0.17906	0.04371	0.52055	0.01918	0.02606	0.02508	0.01817	0.02632	0.01510	0.01941	0.01227	0.00734	0.00796	0.00245	0.01018	0.00695	0.00388	0.01266
8	0.00981	0.00789	0.00875	0.00925	0.01128	0.00683	0.00666	0.01180	0.01796	0.02232	0.11201	0.25912	0.44455	0.02168	0.00981	0.00289	0.00426	0.01867	0.00763	0.00683
9	0.02942	0.01476	0.01835	0.01479	0.01998	0.01428	0.01190	0.18824	0.02595	0.37236	0.07386	0.12622	0.02720	0.01264	0.00856	0.00261	0.00690	0.01054	0.00911	0.01234
10	0.03153	0.02069	0.16845	0.01663	0.02423	0.01417	0.01622	0.06618	0.02258	0.49188	0.02740	0.02482	0.01753	0.00949	0.00805	0.00252	0.00817	0.00762	0.00844	0.01339
11	0.03074	0.01264	0.01751	0.01412	0.01929	0.01152	0.01152	0.03382	0.02090	0.52117	0.02966	0.02859	0.02013	0.02165	0.16220	0.00492	0.01029	0.00828	0.00874	0.01231
12	0.01058	0.00735	0.00921	0.01041	0.01071	0.00706	0.00658	0.01148	0.01417	0.01890	0.03774	0.47039	0.04486	0.27658	0.02163	0.00496	0.00586	0.01896	0.00658	0.00598
13	0.02043	0.10086	0.02380	0.11779	0.12761	0.01961	0.01514	0.17767	0.08102	0.02925	0.01976	0.02781	0.01743	0.16991	0.01534	0.00366	0.00880	0.00813	0.00553	0.01043

[dist]
# distance from previous block
# <min> <max>
0	6

# created by:
# /st0/software/busco_prod/Augustus/scripts/msa2prfl.pl ./align_prep/168756.fa
