[name]
unknown

[dist]
# distance from previous block
# <min> <max>
7	127

[block]
# block no. 0 follows, 31 sequences, length 102
# corresponding to MSA columns:
# 166-267
name=unknown_A
#
# <colnr> <probs for GDERKNQSTAVLIFYWHMCP>
#	G	D	E	R	K	N	Q	S	T	A	V	L	I	F	Y	W	H	M	C	P
0	0.01833	0.01070	0.01427	0.13260	0.02002	0.01016	0.01012	0.04746	0.01684	0.24549	0.08690	0.02790	0.08271	0.03230	0.04806	0.00258	0.00649	0.00751	0.03357	0.14599
1	0.01641	0.00987	0.01238	0.05327	0.01537	0.00985	0.00876	0.08982	0.07092	0.17508	0.15333	0.21119	0.06359	0.03503	0.00834	0.00242	0.00504	0.01134	0.03979	0.00820
2	0.06664	0.01378	0.01637	0.04592	0.01862	0.01448	0.01098	0.25405	0.02175	0.23851	0.04654	0.02327	0.01656	0.02990	0.00838	0.00226	0.04940	0.03417	0.05084	0.03758
3	0.23404	0.01288	0.01486	0.10586	0.02010	0.01359	0.01059	0.09639	0.06879	0.28126	0.02180	0.02129	0.05365	0.00824	0.00624	0.00216	0.00612	0.00635	0.00622	0.00958
4	0.23284	0.01162	0.03480	0.01020	0.01390	0.01113	0.00832	0.06469	0.03657	0.18625	0.04963	0.08494	0.14989	0.06584	0.00860	0.00254	0.00532	0.00870	0.00607	0.00814
5	0.30306	0.01301	0.01294	0.01120	0.01493	0.01420	0.00884	0.18607	0.06926	0.05758	0.05043	0.13620	0.01926	0.03881	0.00729	0.00236	0.00561	0.00790	0.00573	0.03532
6	0.01914	0.01138	0.01538	0.01230	0.01637	0.01060	0.05607	0.09234	0.05071	0.24349	0.24878	0.05456	0.03191	0.01015	0.00721	0.00204	0.00538	0.00883	0.00702	0.09631
7	0.01943	0.04861	0.01708	0.01245	0.01744	0.01489	0.01019	0.32054	0.02320	0.05878	0.11151	0.02270	0.05013	0.00840	0.00644	0.00175	0.00598	0.00668	0.00600	0.23781
8	0.01328	0.01050	0.01387	0.01226	0.01521	0.00996	0.05779	0.13202	0.01698	0.02337	0.02704	0.39689	0.02953	0.01459	0.00764	0.00228	0.00545	0.03826	0.00576	0.16733
9	0.01818	0.01469	0.02075	0.04831	0.02235	0.01341	0.13679	0.15495	0.01856	0.08213	0.01451	0.01634	0.01098	0.00618	0.00621	0.00161	0.00701	0.00554	0.00481	0.39669
10	0.01505	0.01365	0.04421	0.01094	0.01715	0.01031	0.00919	0.06817	0.01555	0.02383	0.01248	0.01437	0.01018	0.00536	0.00526	0.00114	0.00546	0.00425	0.00421	0.70922
11	0.00833	0.00599	0.00790	0.00944	0.00990	0.00556	0.00631	0.00954	0.01319	0.01750	0.03881	0.73104	0.06859	0.02129	0.00871	0.00276	0.00395	0.01927	0.00635	0.00556
12	0.01829	0.76368	0.03585	0.01171	0.01756	0.02707	0.01171	0.02049	0.01390	0.01610	0.00951	0.01097	0.00878	0.00585	0.00439	0.00146	0.00732	0.00366	0.00293	0.00878
13	0.00834	0.00595	0.00794	0.00953	0.00992	0.00556	0.00635	0.00953	0.01310	0.01746	0.03771	0.75510	0.04525	0.02143	0.00873	0.00278	0.00397	0.01945	0.00635	0.00556
14	0.01702	0.01470	0.01547	0.01392	0.01779	0.01702	0.01083	0.03635	0.70453	0.02862	0.02785	0.02553	0.02088	0.00928	0.00696	0.00232	0.00541	0.00773	0.00696	0.01083
15	0.01372	0.03539	0.72412	0.01950	0.02961	0.01589	0.02528	0.02167	0.01444	0.02167	0.01228	0.01444	0.00867	0.00650	0.00650	0.00217	0.01011	0.00506	0.00289	0.01011
16	0.01746	0.50195	0.23453	0.01438	0.02130	0.07233	0.01575	0.02130	0.01444	0.01776	0.01039	0.01208	0.00875	0.00612	0.00512	0.00169	0.00847	0.00412	0.00296	0.00911
17	0.02556	0.03261	0.01939	0.01763	0.02115	0.73210	0.01322	0.02732	0.01939	0.01674	0.01058	0.01234	0.00881	0.00705	0.00617	0.00176	0.01234	0.00441	0.00353	0.00793
18	0.00866	0.00695	0.00773	0.00754	0.00959	0.00602	0.00565	0.01093	0.01696	0.02171	0.30171	0.06052	0.47969	0.01612	0.00808	0.00225	0.00338	0.01369	0.00678	0.00602
19	0.01448	0.04437	0.06772	0.26820	0.19434	0.05686	0.01673	0.01865	0.03418	0.01920	0.02043	0.02374	0.10998	0.00862	0.00822	0.00222	0.07287	0.00705	0.00371	0.00843
20	0.01364	0.01427	0.02915	0.04426	0.05421	0.01352	0.43183	0.01787	0.01510	0.02041	0.02122	0.24898	0.02128	0.01072	0.00819	0.00244	0.00896	0.01150	0.00435	0.00809
21	0.01274	0.00767	0.01012	0.00913	0.01127	0.00698	0.00698	0.01588	0.01940	0.12833	0.61353	0.04706	0.05763	0.01318	0.00790	0.00215	0.00360	0.01157	0.00767	0.00721
22	0.00833	0.00599	0.00790	0.00943	0.00990	0.00557	0.00631	0.00954	0.01319	0.01750	0.03889	0.72921	0.07038	0.02128	0.00871	0.00276	0.00395	0.01926	0.00635	0.00557
23	0.05788	0.05163	0.18276	0.01377	0.01963	0.01348	0.01350	0.12038	0.01925	0.29858	0.08932	0.05235	0.01936	0.00884	0.00675	0.00212	0.00678	0.00713	0.00630	0.01019
24	0.01730	0.60550	0.18534	0.01340	0.02018	0.02464	0.01465	0.02074	0.01402	0.01731	0.01011	0.01173	0.00876	0.00599	0.00485	0.00162	0.00792	0.00396	0.00292	0.00907
25	0.03070	0.01164	0.01588	0.01217	0.01746	0.01006	0.01006	0.03334	0.01958	0.72163	0.02699	0.02329	0.01694	0.00847	0.00688	0.00212	0.00582	0.00688	0.00847	0.01164
26	0.01375	0.01300	0.02201	0.59885	0.18494	0.01542	0.01941	0.01820	0.01407	0.01848	0.01231	0.01797	0.00947	0.00669	0.00683	0.00223	0.00892	0.00608	0.00311	0.00827
27	0.07421	0.04091	0.04302	0.01123	0.01485	0.01100	0.03264	0.02147	0.13390	0.14849	0.22795	0.05746	0.13232	0.01143	0.00720	0.00219	0.00501	0.00968	0.00663	0.00840
28	0.01400	0.03373	0.66369	0.02145	0.08926	0.01592	0.02491	0.02161	0.01454	0.02173	0.01233	0.01466	0.00885	0.00646	0.00652	0.00215	0.00994	0.00515	0.00293	0.01017
29	0.00868	0.00610	0.00784	0.00909	0.00940	0.00578	0.00588	0.00962	0.01243	0.01658	0.03429	0.60495	0.04094	0.17746	0.01425	0.00359	0.00453	0.01744	0.00588	0.00526
30	0.25458	0.01275	0.01460	0.01157	0.01657	0.01255	0.00955	0.08686	0.01838	0.46334	0.02103	0.01918	0.01373	0.00783	0.00611	0.00211	0.00582	0.00590	0.00710	0.01042
31	0.01600	0.01801	0.03792	0.02746	0.03351	0.01776	0.60664	0.02123	0.01543	0.02123	0.01323	0.01801	0.01020	0.00655	0.00989	0.00239	0.10431	0.00781	0.00340	0.00901
32	0.00826	0.00625	0.00763	0.00873	0.00971	0.00562	0.00600	0.00962	0.01386	0.01778	0.04739	0.54388	0.25022	0.02018	0.00853	0.00263	0.00381	0.01791	0.00635	0.00562
33	0.00995	0.00663	0.00746	0.00746	0.00746	0.00663	0.00415	0.00995	0.00995	0.01327	0.02156	0.04477	0.02487	0.75957	0.03482	0.00663	0.00663	0.00995	0.00415	0.00415
34	0.01829	0.76368	0.03585	0.01171	0.01756	0.02707	0.01171	0.02049	0.01390	0.01610	0.00951	0.01097	0.00878	0.00585	0.00439	0.00146	0.00732	0.00366	0.00293	0.00878
35	0.01826	0.04915	0.01657	0.01377	0.01773	0.03789	0.01085	0.09144	0.52531	0.05966	0.02600	0.06338	0.02032	0.00959	0.00690	0.00226	0.00583	0.00791	0.00670	0.01047
36	0.02478	0.01939	0.04658	0.01573	0.02124	0.02066	0.01328	0.61300	0.08851	0.04108	0.01724	0.01712	0.01231	0.00824	0.00684	0.00208	0.00745	0.00625	0.00671	0.01151
37	0.00968	0.00699	0.00914	0.00861	0.01022	0.00646	0.00646	0.01291	0.01937	0.02743	0.71328	0.05110	0.06455	0.01399	0.00807	0.00215	0.00323	0.01237	0.00753	0.00646
38	0.73378	0.01507	0.01094	0.00981	0.01398	0.08325	0.00796	0.02079	0.01238	0.02937	0.00963	0.01123	0.00754	0.00642	0.00442	0.00208	0.00596	0.00377	0.00417	0.00746
39	0.00911	0.00726	0.00836	0.00891	0.01096	0.00651	0.00723	0.01134	0.01565	0.01918	0.05778	0.06979	0.47901	0.01787	0.00856	0.00260	0.00445	0.24315	0.00633	0.00596
40	0.01702	0.01470	0.01547	0.01392	0.01779	0.01702	0.01083	0.03635	0.70453	0.02862	0.02785	0.02553	0.02088	0.00928	0.00696	0.00232	0.00541	0.00773	0.00696	0.01083
41	0.80789	0.01323	0.01006	0.00900	0.01323	0.01535	0.00741	0.02011	0.01164	0.03070	0.00953	0.01111	0.00741	0.00635	0.00423	0.00212	0.00529	0.00370	0.00423	0.00741
42	0.01398	0.01513	0.06736	0.02417	0.16694	0.01334	0.28342	0.01867	0.01702	0.02385	0.24963	0.02893	0.02866	0.00865	0.00771	0.00219	0.00795	0.00894	0.00479	0.00867
43	0.01826	0.00891	0.01179	0.00998	0.01315	0.00790	0.00787	0.02116	0.01923	0.31357	0.39137	0.04050	0.08373	0.01191	0.00758	0.00215	0.00431	0.01023	0.00785	0.00856
44	0.01390	0.06405	0.69703	0.01919	0.02914	0.01633	0.02474	0.02162	0.01442	0.02145	0.01217	0.01431	0.00867	0.00647	0.00642	0.00214	0.01000	0.00500	0.00289	0.01006
45	0.00839	0.00599	0.00798	0.00949	0.00993	0.00559	0.00635	0.00965	0.01333	0.01784	0.06309	0.72865	0.04597	0.02115	0.00871	0.00275	0.00394	0.01918	0.00640	0.00559
46	0.02532	0.01078	0.01439	0.01142	0.01581	0.00958	0.00928	0.05315	0.02000	0.52429	0.19644	0.02991	0.02852	0.00982	0.00717	0.00212	0.00524	0.00821	0.00817	0.01036
47	0.01433	0.13189	0.63292	0.01847	0.02801	0.01737	0.02348	0.02151	0.01437	0.02093	0.01191	0.01398	0.00868	0.00641	0.00622	0.00207	0.00974	0.00487	0.00289	0.00993
48	0.00868	0.00622	0.00825	0.00929	0.01000	0.00579	0.00638	0.01040	0.01471	0.02003	0.21181	0.57368	0.05022	0.01951	0.00856	0.00262	0.00378	0.01763	0.00665	0.00579
49	0.01829	0.76368	0.03585	0.01171	0.01756	0.02707	0.01171	0.02049	0.01390	0.01610	0.00951	0.01097	0.00878	0.00585	0.00439	0.00146	0.00732	0.00366	0.00293	0.00878
50	0.80789	0.01323	0.01006	0.00900	0.01323	0.01535	0.00741	0.02011	0.01164	0.03070	0.00953	0.01111	0.00741	0.00635	0.00423	0.00212	0.00529	0.00370	0.00423	0.00741
51	0.01419	0.01216	0.01419	0.01013	0.01621	0.00912	0.00811	0.01723	0.01419	0.02229	0.01216	0.01419	0.01013	0.00507	0.00507	0.00101	0.00507	0.00405	0.00405	0.80139
52	0.00989	0.00685	0.00857	0.00857	0.00895	0.00723	0.00553	0.01066	0.01028	0.01409	0.02054	0.03916	0.02244	0.53738	0.25368	0.00800	0.01030	0.00913	0.00399	0.00476
53	0.00968	0.00699	0.00914	0.00861	0.01022	0.00646	0.00646	0.01291	0.01937	0.02743	0.71328	0.05110	0.06455	0.01399	0.00807	0.00215	0.00323	0.01237	0.00753	0.00646
54	0.01681	0.01591	0.02589	0.06203	0.60134	0.01632	0.01958	0.02292	0.10701	0.02302	0.01483	0.01812	0.01211	0.00654	0.00680	0.00208	0.00780	0.00631	0.00385	0.01073
55	0.00814	0.00670	0.00717	0.00754	0.00940	0.00572	0.00547	0.00975	0.01501	0.01824	0.06187	0.22796	0.55679	0.01829	0.00824	0.00242	0.00358	0.01562	0.00635	0.00572
56	0.02143	0.01671	0.02053	0.27028	0.03028	0.01911	0.01510	0.45731	0.02570	0.03415	0.01493	0.01706	0.01075	0.00773	0.00684	0.00213	0.00809	0.00613	0.00551	0.01022
57	0.00834	0.00595	0.00794	0.00953	0.00992	0.00556	0.00635	0.00953	0.01310	0.01746	0.03771	0.75510	0.04525	0.02143	0.00873	0.00278	0.00397	0.01945	0.00635	0.00556
58	0.01713	0.01537	0.02408	0.27437	0.37172	0.01675	0.01896	0.13485	0.01777	0.02425	0.01324	0.01729	0.01039	0.00671	0.00681	0.00212	0.00836	0.00610	0.00386	0.00988
59	0.80789	0.01323	0.01006	0.00900	0.01323	0.01535	0.00741	0.02011	0.01164	0.03070	0.00953	0.01111	0.00741	0.00635	0.00423	0.00212	0.00529	0.00370	0.00423	0.00741
60	0.01433	0.01360	0.02307	0.49657	0.28265	0.01557	0.01970	0.01872	0.01435	0.01919	0.01241	0.01778	0.00972	0.00658	0.00682	0.00219	0.00877	0.00609	0.00316	0.00874
61	0.00995	0.00663	0.00746	0.00746	0.00746	0.00663	0.00415	0.00995	0.00995	0.01327	0.02156	0.04477	0.02487	0.75957	0.03482	0.00663	0.00663	0.00995	0.00415	0.00415
62	0.01188	0.00594	0.00891	0.00891	0.00891	0.00594	0.00594	0.00891	0.00891	0.01188	0.01188	0.02080	0.01188	0.02377	0.02674	0.80095	0.00594	0.00594	0.00297	0.00297
63	0.01497	0.01497	0.02095	0.01796	0.01796	0.02095	0.01497	0.01646	0.01048	0.01646	0.00898	0.01497	0.00898	0.01197	0.02245	0.00299	0.74704	0.00599	0.00299	0.00748
64	0.01594	0.02022	0.19467	0.02799	0.33820	0.01604	0.01900	0.02492	0.19575	0.02375	0.01754	0.02089	0.01403	0.00752	0.00686	0.00218	0.00783	0.03185	0.00431	0.01048
65	0.01292	0.01216	0.02052	0.74312	0.04712	0.01520	0.01900	0.01748	0.01368	0.01748	0.01216	0.01824	0.00912	0.00684	0.00684	0.00228	0.00912	0.00608	0.00304	0.00760
66	0.02587	0.01758	0.01935	0.01496	0.02024	0.01905	0.01232	0.55594	0.05532	0.13865	0.03819	0.01873	0.01424	0.00845	0.00689	0.00208	0.00708	0.00650	0.00710	0.01146
67	0.01428	0.01174	0.01327	0.01289	0.01571	0.01308	0.01018	0.02699	0.43300	0.02524	0.05154	0.13060	0.02966	0.01324	0.00781	0.00257	0.00538	0.16711	0.00674	0.00896
68	0.00957	0.00699	0.00899	0.00849	0.01015	0.00641	0.00637	0.01269	0.01910	0.02681	0.66814	0.05214	0.11008	0.01422	0.00807	0.00216	0.00324	0.01252	0.00745	0.00641
69	0.00884	0.00639	0.00836	0.00908	0.01001	0.00591	0.00635	0.01084	0.01560	0.02133	0.29837	0.45881	0.07779	0.01842	0.00845	0.00252	0.00367	0.01654	0.00680	0.00591
70	0.03056	0.01186	0.01601	0.01228	0.01757	0.01038	0.01014	0.05260	0.01995	0.70185	0.02668	0.02309	0.01678	0.00846	0.00688	0.00212	0.00587	0.00686	0.00842	0.01164
71	0.01292	0.01216	0.02052	0.74312	0.04712	0.01520	0.01900	0.01748	0.01368	0.01748	0.01216	0.01824	0.00912	0.00684	0.00684	0.00228	0.00912	0.00608	0.00304	0.00760
72	0.00865	0.00640	0.00808	0.00883	0.00988	0.00583	0.00617	0.01047	0.01519	0.02027	0.22149	0.44760	0.16853	0.01874	0.00844	0.00253	0.00368	0.01670	0.00666	0.00583
73	0.59324	0.01371	0.03891	0.01015	0.01486	0.01411	0.00872	0.02330	0.01363	0.19400	0.01377	0.01413	0.00971	0.00686	0.00495	0.00212	0.00560	0.00451	0.00518	0.00852
74	0.02556	0.03261	0.01939	0.01763	0.02115	0.73210	0.01322	0.02732	0.01939	0.01674	0.01058	0.01234	0.00881	0.00705	0.00617	0.00176	0.01234	0.00441	0.00353	0.00793
75	0.00977	0.00733	0.01100	0.01100	0.01222	0.00855	0.00855	0.01222	0.01100	0.01588	0.01833	0.02688	0.01710	0.05131	0.73245	0.01100	0.01833	0.00733	0.00367	0.00611
76	0.00842	0.00601	0.00804	0.00962	0.01006	0.00563	0.00650	0.00967	0.01318	0.01756	0.03766	0.73365	0.04506	0.02135	0.00875	0.00279	0.00404	0.04006	0.00635	0.00558
77	0.01693	0.01626	0.02777	0.04199	0.71689	0.01626	0.02100	0.02100	0.01558	0.02235	0.01287	0.01693	0.01084	0.00610	0.00677	0.00203	0.00813	0.00610	0.00339	0.01084
78	0.01650	0.01978	0.06980	0.02842	0.06161	0.04979	0.60457	0.02211	0.01620	0.02168	0.01358	0.01793	0.01025	0.00587	0.00786	0.00226	0.01137	0.00769	0.00343	0.00927
79	0.01292	0.01216	0.02052	0.74312	0.04712	0.01520	0.01900	0.01748	0.01368	0.01748	0.01216	0.01824	0.00912	0.00684	0.00684	0.00228	0.00912	0.00608	0.00304	0.00760
80	0.00809	0.00693	0.00693	0.00693	0.00924	0.00578	0.00520	0.00982	0.01559	0.01848	0.06931	0.06584	0.71411	0.01733	0.00809	0.00231	0.00347	0.01444	0.00635	0.00578
81	0.01419	0.01216	0.01419	0.01013	0.01621	0.00912	0.00811	0.01723	0.01419	0.02229	0.01216	0.01419	0.01013	0.00507	0.00507	0.00101	0.00507	0.00405	0.00405	0.80139
82	0.01372	0.03539	0.72412	0.01950	0.02961	0.01589	0.02528	0.02167	0.01444	0.02167	0.01228	0.01444	0.00867	0.00650	0.00650	0.00217	0.01011	0.00506	0.00289	0.01011
83	0.00809	0.00693	0.00693	0.00693	0.00924	0.00578	0.00520	0.00982	0.01559	0.01848	0.06931	0.06584	0.71411	0.01733	0.00809	0.00231	0.00347	0.01444	0.00635	0.00578
84	0.00834	0.00595	0.00794	0.00953	0.00992	0.00556	0.00635	0.00953	0.01310	0.01746	0.03771	0.75510	0.04525	0.02143	0.00873	0.00278	0.00397	0.01945	0.00635	0.00556
85	0.01357	0.03432	0.69721	0.01909	0.02888	0.01553	0.02457	0.02134	0.01463	0.02188	0.03866	0.01582	0.01077	0.00678	0.00656	0.00217	0.00985	0.00533	0.00306	0.00997
86	0.00968	0.00699	0.00914	0.00861	0.01022	0.00646	0.00646	0.01291	0.01937	0.02743	0.71328	0.05110	0.06455	0.01399	0.00807	0.00215	0.00323	0.01237	0.00753	0.00646
87	0.01729	0.54813	0.21845	0.01396	0.02087	0.04513	0.01536	0.02100	0.01421	0.01760	0.01028	0.01194	0.00875	0.00606	0.00500	0.00166	0.00821	0.00405	0.00293	0.00911
88	0.00814	0.00693	0.00701	0.00699	0.00927	0.00580	0.00524	0.00993	0.01573	0.01879	0.09175	0.06533	0.69147	0.01721	0.00809	0.00230	0.00346	0.01437	0.00639	0.00580
89	0.01372	0.03539	0.72412	0.01950	0.02961	0.01589	0.02528	0.02167	0.01444	0.02167	0.01228	0.01444	0.00867	0.00650	0.00650	0.00217	0.01011	0.00506	0.00289	0.01011
90	0.01856	0.73702	0.03525	0.01192	0.01769	0.05278	0.01176	0.02074	0.01410	0.01612	0.00955	0.01102	0.00878	0.00590	0.00445	0.00147	0.00750	0.00369	0.00295	0.00875
91	0.01372	0.03539	0.72412	0.01950	0.02961	0.01589	0.02528	0.02167	0.01444	0.02167	0.01228	0.01444	0.00867	0.00650	0.00650	0.00217	0.01011	0.00506	0.00289	0.01011
92	0.01760	0.01701	0.02762	0.03951	0.63742	0.04009	0.04485	0.05193	0.01648	0.02310	0.01299	0.01681	0.01079	0.00621	0.00680	0.00203	0.00836	0.00612	0.00355	0.01072
93	0.01615	0.01845	0.04037	0.02884	0.03576	0.01730	0.69204	0.02191	0.01615	0.02191	0.01384	0.01845	0.01038	0.00577	0.00807	0.00231	0.01153	0.00807	0.00346	0.00923
94	0.00834	0.00595	0.00794	0.00953	0.00992	0.00556	0.00635	0.00953	0.01310	0.01746	0.03771	0.75510	0.04525	0.02143	0.00873	0.00278	0.00397	0.01945	0.00635	0.00556
95	0.01829	0.76368	0.03585	0.01171	0.01756	0.02707	0.01171	0.02049	0.01390	0.01610	0.00951	0.01097	0.00878	0.00585	0.00439	0.00146	0.00732	0.00366	0.00293	0.00878
96	0.01829	0.76368	0.03585	0.01171	0.01756	0.02707	0.01171	0.02049	0.01390	0.01610	0.00951	0.01097	0.00878	0.00585	0.00439	0.00146	0.00732	0.00366	0.00293	0.00878
97	0.02601	0.01916	0.02053	0.01574	0.02122	0.02122	0.01300	0.69408	0.03217	0.04312	0.01643	0.01643	0.01163	0.00821	0.00684	0.00205	0.00753	0.00616	0.00684	0.01163
98	0.01419	0.01216	0.01419	0.01013	0.01621	0.00912	0.00811	0.01723	0.01419	0.02229	0.01216	0.01419	0.01013	0.00507	0.00507	0.00101	0.00507	0.00405	0.00405	0.80139
99	0.02248	0.04733	0.34240	0.01553	0.02306	0.01330	0.01711	0.02755	0.01703	0.37634	0.01965	0.01881	0.01286	0.00748	0.00662	0.00212	0.00784	0.00593	0.00572	0.01084
100	0.02558	0.03199	0.01944	0.01754	0.02115	0.69969	0.01321	0.05772	0.01997	0.01795	0.01084	0.01252	0.00894	0.00710	0.00620	0.00178	0.01212	0.00449	0.00368	0.00810
101	0.00995	0.00663	0.00746	0.00746	0.00746	0.00663	0.00415	0.00995	0.00995	0.01327	0.02156	0.04477	0.02487	0.75957	0.03482	0.00663	0.00663	0.00995	0.00415	0.00415

[dist]
# distance from previous block
# <min> <max>
0	0

# created by:
# /st0/software/busco_prod/Augustus/scripts/msa2prfl.pl ./align_prep/168829.fa
