[name]
unknown

[dist]
# distance from previous block
# <min> <max>
0	111

[block]
# block no. 0 follows, 26 sequences, length 79
# corresponding to MSA columns:
# 119-170,172-198
name=unknown_A
#
# <colnr> <probs for GDERKNQSTAVLIFYWHMCP>
#	G	D	E	R	K	N	Q	S	T	A	V	L	I	F	Y	W	H	M	C	P
0	0.01887	0.22533	0.08944	0.01585	0.02107	0.11545	0.05754	0.04795	0.04688	0.04351	0.10700	0.05152	0.02394	0.01033	0.00726	0.00223	0.00847	0.07198	0.00515	0.03022
1	0.01751	0.06809	0.29040	0.02033	0.02783	0.01769	0.13453	0.13213	0.01999	0.02771	0.05044	0.07151	0.01887	0.00993	0.00795	0.00249	0.00967	0.05767	0.00488	0.01038
2	0.01487	0.07904	0.23922	0.22478	0.07280	0.01698	0.05296	0.02038	0.01594	0.02153	0.02218	0.02678	0.09648	0.00937	0.00821	0.00246	0.03540	0.02727	0.00393	0.00942
3	0.07503	0.04811	0.36024	0.04955	0.02476	0.01447	0.01872	0.02040	0.01752	0.02651	0.23475	0.02927	0.03005	0.00994	0.00753	0.00237	0.00811	0.00818	0.00504	0.00945
4	0.01614	0.16638	0.57506	0.02005	0.03040	0.01987	0.02529	0.02378	0.01590	0.02290	0.01305	0.01531	0.00963	0.00708	0.00678	0.00226	0.01065	0.00532	0.00321	0.01094
5	0.01805	0.19563	0.33166	0.01749	0.02490	0.13759	0.01914	0.02320	0.01675	0.02129	0.05315	0.01980	0.01477	0.06521	0.00920	0.00254	0.01016	0.00604	0.00375	0.00969
6	0.01926	0.42307	0.25180	0.01603	0.02387	0.02429	0.01781	0.05596	0.01677	0.04599	0.01295	0.01478	0.01047	0.00853	0.02761	0.00227	0.00946	0.00496	0.00370	0.01040
7	0.02717	0.01976	0.08214	0.01635	0.02238	0.01869	0.01430	0.40436	0.02889	0.19208	0.02244	0.07838	0.01703	0.01021	0.00773	0.00237	0.00785	0.00812	0.00756	0.01219
8	0.01619	0.01428	0.12099	0.01325	0.01734	0.01043	0.01226	0.02144	0.05843	0.14366	0.29462	0.07538	0.04427	0.01401	0.00864	0.00260	0.00601	0.10976	0.00740	0.00903
9	0.01974	0.12921	0.02079	0.06999	0.02153	0.01835	0.01285	0.16014	0.18301	0.06299	0.02713	0.03557	0.05282	0.03441	0.00874	0.00265	0.00729	0.11610	0.00646	0.01023
10	0.01854	0.29043	0.27939	0.02246	0.13999	0.02276	0.02053	0.06111	0.01705	0.02313	0.01276	0.01523	0.01028	0.00716	0.00694	0.00211	0.03040	0.00534	0.00358	0.01082
11	0.00977	0.00737	0.00968	0.01081	0.01150	0.00727	0.00752	0.01134	0.01512	0.02026	0.09349	0.58009	0.10045	0.02212	0.01047	0.00300	0.04682	0.01961	0.00692	0.00639
12	0.01075	0.00793	0.00973	0.01065	0.01187	0.00758	0.00742	0.06216	0.01664	0.02180	0.04548	0.56839	0.14742	0.02188	0.00940	0.00293	0.00462	0.01952	0.00708	0.00673
13	0.01432	0.01348	0.02275	0.71520	0.05224	0.01685	0.02107	0.01938	0.01517	0.01938	0.01348	0.02022	0.01011	0.00758	0.00758	0.00253	0.01011	0.00674	0.00337	0.00843
14	0.02028	0.73799	0.03975	0.01298	0.01947	0.03001	0.01298	0.02271	0.01541	0.01785	0.01055	0.01217	0.00973	0.00649	0.00487	0.00162	0.00811	0.00406	0.00324	0.00973
15	0.01473	0.01389	0.02348	0.65472	0.10958	0.01696	0.02127	0.01973	0.01536	0.01987	0.01355	0.02009	0.01028	0.00751	0.00758	0.00250	0.01001	0.00674	0.00341	0.00875
16	0.01103	0.00735	0.00827	0.00827	0.00827	0.00735	0.00460	0.01103	0.01103	0.01471	0.02390	0.04964	0.02758	0.73343	0.03861	0.00735	0.00735	0.01103	0.00460	0.00460
17	0.01432	0.01348	0.02275	0.71520	0.05224	0.01685	0.02107	0.01938	0.01517	0.01938	0.01348	0.02022	0.01011	0.00758	0.00758	0.00253	0.01011	0.00674	0.00337	0.00843
18	0.00929	0.00664	0.00885	0.01053	0.01101	0.00620	0.00704	0.01069	0.01476	0.01974	0.06382	0.70539	0.05090	0.02348	0.00966	0.00306	0.00437	0.02129	0.00709	0.00620
19	0.02472	0.01764	0.01887	0.01505	0.01996	0.01936	0.01222	0.48424	0.05284	0.04212	0.02104	0.05443	0.01630	0.00979	0.00725	0.00223	0.00715	0.00764	0.15573	0.01142
20	0.02571	0.01533	0.01778	0.01482	0.01988	0.01615	0.01185	0.08816	0.36204	0.29647	0.02949	0.02651	0.02059	0.00984	0.00767	0.00246	0.00637	0.00806	0.00837	0.01244
21	0.00896	0.00768	0.00768	0.00768	0.01025	0.00640	0.00576	0.01089	0.01729	0.02049	0.07684	0.07300	0.68304	0.01921	0.00896	0.00256	0.00384	0.01601	0.00704	0.00640
22	0.02903	0.02005	0.02215	0.01706	0.02288	0.02199	0.01409	0.56065	0.03307	0.12585	0.01935	0.01909	0.01351	0.00929	0.00822	0.00232	0.03409	0.00692	0.00765	0.01273
23	0.00896	0.00768	0.00768	0.00768	0.01025	0.00640	0.00576	0.01089	0.01729	0.02049	0.07684	0.07300	0.68304	0.01921	0.00896	0.00256	0.00384	0.01601	0.00704	0.00640
24	0.03071	0.01278	0.01694	0.01334	0.01872	0.01151	0.01089	0.03538	0.08055	0.57650	0.08448	0.02862	0.02358	0.00998	0.00775	0.00237	0.00617	0.00822	0.00915	0.01235
25	0.01639	0.03803	0.60766	0.02198	0.03243	0.07202	0.05916	0.02453	0.01654	0.02360	0.01355	0.01606	0.00972	0.00721	0.00727	0.00237	0.01149	0.00572	0.00329	0.01097
26	0.03092	0.03866	0.02048	0.01524	0.02116	0.01727	0.01263	0.30437	0.04715	0.37476	0.02434	0.02221	0.01611	0.00921	0.00753	0.00230	0.00730	0.00720	0.00838	0.01278
27	0.01599	0.03380	0.50629	0.02461	0.03480	0.01807	0.21042	0.02410	0.01656	0.02410	0.01411	0.01730	0.01016	0.00697	0.00771	0.00245	0.01167	0.00657	0.00339	0.01093
28	0.03211	0.01248	0.01699	0.01317	0.01870	0.01082	0.01082	0.03510	0.02169	0.63682	0.08375	0.02836	0.02313	0.00989	0.00774	0.00235	0.00622	0.00813	0.00930	0.01243
29	0.01958	0.01923	0.02909	0.09626	0.55698	0.07277	0.02207	0.04859	0.01816	0.02476	0.01416	0.01846	0.01172	0.00700	0.00746	0.00225	0.00944	0.00661	0.00389	0.01151
30	0.01758	0.01833	0.03270	0.21709	0.23763	0.04660	0.23978	0.02265	0.01684	0.02262	0.01412	0.01943	0.01115	0.00720	0.00880	0.00247	0.04378	0.00742	0.00367	0.01014
31	0.02413	0.06785	0.01967	0.01592	0.02002	0.34902	0.01243	0.16677	0.02332	0.02682	0.04705	0.02244	0.06335	0.00930	0.00695	0.00205	0.00982	0.00671	0.09708	0.00932
32	0.59105	0.09989	0.01578	0.01149	0.01634	0.09413	0.00957	0.02370	0.01443	0.05162	0.01131	0.01289	0.00890	0.00714	0.00505	0.00222	0.00701	0.00430	0.00459	0.00860
33	0.01340	0.00962	0.01289	0.01408	0.01611	0.00978	0.01215	0.06661	0.01876	0.02453	0.03850	0.11093	0.04153	0.02015	0.01021	0.00338	0.00697	0.55595	0.00703	0.00741
34	0.01657	0.08692	0.58617	0.02036	0.03067	0.01827	0.02546	0.02525	0.04670	0.05332	0.01491	0.01674	0.01065	0.00739	0.00708	0.00235	0.01054	0.00572	0.00369	0.01122
35	0.00955	0.00766	0.00853	0.00841	0.01063	0.00664	0.00627	0.01199	0.01853	0.02367	0.27191	0.09472	0.45841	0.01820	0.00899	0.00253	0.00378	0.01549	0.00747	0.00664
36	0.09912	0.02009	0.02135	0.01650	0.02243	0.02210	0.01363	0.56069	0.03264	0.08907	0.01828	0.01817	0.01286	0.00893	0.00732	0.00229	0.00799	0.00663	0.00744	0.01247
37	0.19900	0.02163	0.17612	0.02510	0.16480	0.01685	0.15323	0.02314	0.01606	0.04946	0.01530	0.05102	0.01250	0.00771	0.00712	0.00237	0.00913	0.00699	0.00425	0.03822
38	0.01529	0.01274	0.01499	0.01114	0.01701	0.01003	0.00885	0.03905	0.01737	0.02645	0.12929	0.02289	0.02173	0.00744	0.00626	0.00138	0.00535	0.00616	0.00526	0.62132
39	0.00992	0.00772	0.00901	0.00869	0.01083	0.00681	0.00652	0.01274	0.01955	0.02586	0.40427	0.06416	0.35226	0.01721	0.00895	0.00247	0.00370	0.01477	0.00775	0.00681
40	0.01169	0.00814	0.01028	0.01003	0.01218	0.00743	0.00785	0.01484	0.01988	0.05848	0.40892	0.06360	0.20352	0.01694	0.00914	0.00260	0.00433	0.11503	0.00788	0.00723
41	0.02936	0.01334	0.01706	0.01368	0.01896	0.01259	0.01110	0.03634	0.16285	0.50897	0.06892	0.02819	0.02287	0.00995	0.00773	0.00240	0.00619	0.00820	0.00896	0.01237
42	0.01414	0.00707	0.00707	0.00707	0.00884	0.00707	0.00530	0.01767	0.01591	0.02828	0.02474	0.02828	0.01944	0.00884	0.00530	0.00177	0.00353	0.00707	0.77554	0.00707
43	0.00936	0.00761	0.00828	0.00830	0.01053	0.00654	0.00615	0.01157	0.01794	0.02247	0.20026	0.12155	0.50539	0.01880	0.00902	0.00257	0.00383	0.01597	0.00732	0.00654
44	0.03174	0.01659	0.01988	0.01524	0.02120	0.01661	0.01259	0.31231	0.02787	0.40733	0.02475	0.02246	0.01618	0.00926	0.00761	0.00232	0.00729	0.00728	0.00859	0.01290
45	0.02028	0.73799	0.03975	0.01298	0.01947	0.03001	0.01298	0.02271	0.01541	0.01785	0.01055	0.01217	0.00973	0.00649	0.00487	0.00162	0.00811	0.00406	0.00324	0.00973
46	0.00924	0.00660	0.00880	0.01056	0.01100	0.00616	0.00704	0.01056	0.01452	0.01936	0.04181	0.72848	0.05017	0.02376	0.00968	0.00308	0.00440	0.02156	0.00704	0.00616
47	0.03403	0.01291	0.01760	0.01350	0.01936	0.01115	0.01115	0.03697	0.02171	0.69137	0.02992	0.02582	0.01878	0.00939	0.00763	0.00235	0.00645	0.00763	0.00939	0.01291
48	0.01103	0.00735	0.00827	0.00827	0.00827	0.00735	0.00460	0.01103	0.01103	0.01471	0.02390	0.04964	0.02758	0.73343	0.03861	0.00735	0.00735	0.01103	0.00460	0.00460
49	0.01870	0.01822	0.03190	0.04540	0.63487	0.01811	0.07364	0.02336	0.01732	0.02474	0.01435	0.01891	0.01197	0.00673	0.00762	0.00228	0.00931	0.00693	0.00376	0.01187
50	0.01089	0.00792	0.01113	0.01113	0.01212	0.00891	0.00817	0.01287	0.01188	0.01683	0.02128	0.03514	0.02128	0.23913	0.52430	0.01089	0.01683	0.00891	0.00421	0.00619
51	0.02613	0.01485	0.01746	0.01444	0.01952	0.01530	0.01158	0.08692	0.30482	0.32993	0.03111	0.02801	0.04435	0.01011	0.00771	0.00245	0.00631	0.00828	0.00844	0.01228
52	0.06786	0.03695	0.62652	0.02116	0.03181	0.01763	0.04717	0.02391	0.01586	0.02471	0.01346	0.01591	0.00958	0.00717	0.00709	0.00240	0.01090	0.00561	0.00332	0.01097
53	0.05463	0.02237	0.06241	0.11440	0.03622	0.12720	0.38696	0.02421	0.01749	0.02290	0.01397	0.01860	0.01075	0.00718	0.00899	0.00248	0.04829	0.00755	0.00378	0.00962
54	0.00962	0.00690	0.00914	0.01030	0.01109	0.00642	0.00707	0.01152	0.01630	0.02219	0.20561	0.55661	0.05564	0.02165	0.00949	0.00290	0.00419	0.01956	0.00738	0.00642
55	0.03353	0.01371	0.01810	0.01388	0.01976	0.01234	0.01146	0.09713	0.02306	0.62930	0.02879	0.02508	0.01821	0.00936	0.00762	0.00234	0.00664	0.00755	0.00921	0.01291
56	0.01828	0.01888	0.06943	0.04367	0.61829	0.01760	0.02308	0.02300	0.01720	0.02465	0.01535	0.02150	0.01324	0.00740	0.00762	0.00232	0.00905	0.03384	0.00386	0.01175
57	0.02028	0.73799	0.03975	0.01298	0.01947	0.03001	0.01298	0.02271	0.01541	0.01785	0.01055	0.01217	0.00973	0.00649	0.00487	0.00162	0.00811	0.00406	0.00324	0.00973
58	0.00924	0.00660	0.00880	0.01056	0.01100	0.00616	0.00704	0.01056	0.01452	0.01936	0.04181	0.72848	0.05017	0.02376	0.00968	0.00308	0.00440	0.02156	0.00704	0.00616
59	0.01545	0.03549	0.57983	0.05460	0.03372	0.01796	0.07923	0.02357	0.01594	0.02357	0.01359	0.01660	0.00980	0.00742	0.00815	0.00246	0.04247	0.00598	0.00327	0.01087
60	0.00982	0.00727	0.01011	0.06662	0.01455	0.00716	0.00846	0.01157	0.01475	0.01956	0.03946	0.63410	0.04660	0.02231	0.00956	0.00306	0.00501	0.05687	0.00675	0.00639
61	0.01103	0.00735	0.00827	0.00827	0.00827	0.00735	0.00460	0.01103	0.01103	0.01471	0.02390	0.04964	0.02758	0.73343	0.03861	0.00735	0.00735	0.01103	0.00460	0.00460
62	0.03308	0.01366	0.01798	0.01387	0.01969	0.01237	0.01143	0.08430	0.04653	0.61857	0.02907	0.02533	0.01849	0.00940	0.00763	0.00235	0.00658	0.00760	0.00919	0.01287
63	0.01824	0.01864	0.03541	0.02657	0.03131	0.02027	0.38802	0.02271	0.01577	0.05612	0.01410	0.01930	0.01131	0.00909	0.01478	0.00283	0.27393	0.00803	0.00393	0.00965
64	0.01659	0.01659	0.02323	0.01991	0.01991	0.02323	0.01659	0.01825	0.01162	0.01825	0.00996	0.01659	0.00996	0.01328	0.02489	0.00332	0.71955	0.00664	0.00332	0.00830
65	0.09695	0.01306	0.01706	0.01320	0.01897	0.01164	0.01090	0.03574	0.02097	0.63645	0.02831	0.02469	0.01789	0.00919	0.00738	0.00235	0.00641	0.00733	0.00900	0.01252
66	0.61958	0.01804	0.01355	0.01189	0.01661	0.10607	0.00961	0.08194	0.01610	0.03330	0.01141	0.01304	0.00885	0.00733	0.00524	0.00229	0.00710	0.00446	0.00486	0.00872
67	0.01432	0.01348	0.02275	0.71520	0.05224	0.01685	0.02107	0.01938	0.01517	0.01938	0.01348	0.02022	0.01011	0.00758	0.00758	0.00253	0.01011	0.00674	0.00337	0.00843
68	0.01877	0.01802	0.03079	0.04656	0.68612	0.01802	0.02328	0.02328	0.01727	0.02478	0.01427	0.01877	0.01201	0.00676	0.00751	0.00225	0.00901	0.00676	0.00375	0.01201
69	0.02438	0.01832	0.01987	0.01588	0.02099	0.02019	0.01288	0.45971	0.13475	0.04249	0.12535	0.02590	0.02382	0.01031	0.00782	0.00234	0.00722	0.00820	0.00773	0.01185
70	0.01230	0.00812	0.01055	0.00973	0.01185	0.00740	0.00737	0.01576	0.02129	0.07681	0.60696	0.05525	0.09704	0.01525	0.00885	0.00239	0.00379	0.01340	0.00836	0.00753
71	0.02678	0.03321	0.02150	0.04549	0.04525	0.60309	0.01496	0.03044	0.07163	0.01981	0.01335	0.01521	0.01089	0.00797	0.00696	0.00203	0.01280	0.00530	0.00418	0.00913
72	0.01275	0.00933	0.01261	0.01409	0.01603	0.00953	0.01221	0.01766	0.06938	0.02342	0.03942	0.08102	0.04203	0.02011	0.01026	0.00342	0.00691	0.58540	0.00704	0.00738
73	0.01772	0.23198	0.41318	0.02013	0.06142	0.06190	0.02221	0.02458	0.04009	0.02229	0.01331	0.01539	0.01027	0.00713	0.00657	0.00216	0.01019	0.00530	0.00345	0.01072
74	0.02028	0.73799	0.03975	0.01298	0.01947	0.03001	0.01298	0.02271	0.01541	0.01785	0.01055	0.01217	0.00973	0.00649	0.00487	0.00162	0.00811	0.00406	0.00324	0.00973
75	0.01074	0.00775	0.01014	0.00954	0.01133	0.00716	0.00716	0.01431	0.02147	0.03042	0.68211	0.05666	0.07157	0.01551	0.00895	0.00239	0.00358	0.01372	0.00835	0.00716
76	0.00924	0.00769	0.00807	0.00798	0.01042	0.00652	0.00598	0.01143	0.01795	0.02206	0.17268	0.07041	0.58622	0.01862	0.00896	0.00253	0.00380	0.01565	0.00725	0.00652
77	0.00933	0.00674	0.00883	0.01032	0.01098	0.00624	0.00697	0.01084	0.01516	0.02018	0.08749	0.64375	0.08926	0.02293	0.00959	0.00300	0.00431	0.02070	0.00713	0.00624
78	0.02501	0.01755	0.01867	0.01475	0.01970	0.01924	0.01204	0.49325	0.03052	0.04272	0.01991	0.02083	0.01460	0.00904	0.00699	0.00214	0.00709	0.00689	0.20768	0.01138

[dist]
# distance from previous block
# <min> <max>
0	22

[block]
# block no. 1 follows, 26 sequences, length 38
# corresponding to MSA columns:
# 226-263
name=unknown_B
#
# <colnr> <probs for GDERKNQSTAVLIFYWHMCP>
#	G	D	E	R	K	N	Q	S	T	A	V	L	I	F	Y	W	H	M	C	P
0	0.06599	0.01313	0.01730	0.01343	0.01918	0.01174	0.01106	0.03648	0.04988	0.63394	0.02913	0.02534	0.01851	0.00933	0.00750	0.00236	0.00641	0.00752	0.00911	0.01267
1	0.01659	0.01659	0.02323	0.01991	0.01991	0.02323	0.01659	0.01825	0.01162	0.01825	0.00996	0.01659	0.00996	0.01328	0.02489	0.00332	0.71955	0.00664	0.00332	0.00830
2	0.01432	0.01348	0.02275	0.71520	0.05224	0.01685	0.02107	0.01938	0.01517	0.01938	0.01348	0.02022	0.01011	0.00758	0.00758	0.00253	0.01011	0.00674	0.00337	0.00843
3	0.02833	0.03615	0.02149	0.01954	0.02345	0.70298	0.01466	0.03029	0.02149	0.01856	0.01172	0.01368	0.00977	0.00782	0.00684	0.00195	0.01368	0.00489	0.00391	0.00879
4	0.01720	0.26550	0.41813	0.01948	0.05406	0.02175	0.02208	0.02442	0.05028	0.02244	0.01354	0.01551	0.01046	0.00712	0.00648	0.00215	0.00984	0.00530	0.00348	0.01080
5	0.01848	0.01864	0.02218	0.05137	0.02168	0.10650	0.01589	0.06874	0.01489	0.02056	0.01171	0.01746	0.01080	0.01510	0.06851	0.00366	0.49490	0.00654	0.00377	0.00861
6	0.00935	0.00668	0.00890	0.01049	0.01102	0.00623	0.00705	0.01083	0.01501	0.02014	0.08710	0.68096	0.05168	0.02318	0.00963	0.00303	0.00434	0.02101	0.00713	0.00623
7	0.03240	0.01460	0.01853	0.01431	0.02015	0.01377	0.01179	0.15202	0.05340	0.54331	0.02781	0.02453	0.01789	0.00938	0.00762	0.00234	0.00678	0.00752	0.00898	0.01287
8	0.11735	0.08079	0.01866	0.01315	0.01858	0.01453	0.01096	0.05807	0.07768	0.43199	0.06181	0.02461	0.01980	0.00925	0.00711	0.00230	0.00642	0.00728	0.00800	0.01167
9	0.02045	0.01509	0.01687	0.01450	0.01825	0.01627	0.01130	0.36695	0.05688	0.03596	0.05778	0.27763	0.02956	0.01476	0.00841	0.00259	0.00659	0.01256	0.00743	0.01015
10	0.00924	0.00660	0.00880	0.01056	0.01100	0.00616	0.00704	0.01056	0.01452	0.01936	0.04181	0.72848	0.05017	0.02376	0.00968	0.00308	0.00440	0.02156	0.00704	0.00616
11	0.01423	0.01326	0.02227	0.68305	0.05057	0.01648	0.02066	0.01921	0.01527	0.01953	0.01470	0.02322	0.01165	0.00820	0.00772	0.00257	0.00997	0.03555	0.00354	0.00836
12	0.02646	0.04962	0.02220	0.01673	0.02236	0.02249	0.01375	0.53390	0.10783	0.04345	0.02040	0.05030	0.01559	0.00978	0.00758	0.00232	0.00789	0.00756	0.00740	0.01237
13	0.01083	0.00735	0.00872	0.00900	0.00920	0.00738	0.00547	0.01129	0.01176	0.01575	0.02647	0.13570	0.03041	0.57623	0.07701	0.00700	0.00781	0.03265	0.00495	0.00501
14	0.10932	0.01435	0.01573	0.10286	0.02089	0.01595	0.01126	0.27127	0.02323	0.03547	0.01908	0.02144	0.01437	0.00857	0.00642	0.00213	0.00654	0.00659	0.28486	0.00967
15	0.02604	0.11830	0.02302	0.01819	0.02229	0.55628	0.01407	0.02893	0.04819	0.01899	0.01285	0.01497	0.01082	0.01034	0.04316	0.00248	0.01303	0.00511	0.00400	0.00894
16	0.07364	0.44704	0.19554	0.01675	0.05315	0.06081	0.01686	0.02342	0.01579	0.02085	0.01152	0.01350	0.00970	0.00678	0.00565	0.00191	0.00904	0.00460	0.00340	0.01004
17	0.00924	0.00660	0.00880	0.01056	0.01100	0.00616	0.00704	0.01056	0.01452	0.01936	0.04181	0.72848	0.05017	0.02376	0.00968	0.00308	0.00440	0.02156	0.00704	0.00616
18	0.01877	0.01802	0.03079	0.04656	0.68612	0.01802	0.02328	0.02328	0.01727	0.02478	0.01427	0.01877	0.01201	0.00676	0.00751	0.00225	0.00901	0.00676	0.00375	0.01201
19	0.03035	0.04213	0.01790	0.01338	0.01875	0.01226	0.01099	0.06083	0.04441	0.54790	0.05709	0.06547	0.02231	0.01035	0.00769	0.00237	0.00635	0.00852	0.00883	0.01213
20	0.01844	0.01768	0.03018	0.09672	0.63856	0.01793	0.02311	0.02299	0.01711	0.02438	0.01421	0.01888	0.01187	0.00682	0.00751	0.00227	0.00909	0.00676	0.00373	0.01175
21	0.01622	0.17747	0.56468	0.01991	0.03019	0.02007	0.02505	0.02376	0.01589	0.02280	0.01301	0.01525	0.00963	0.00706	0.00674	0.00225	0.01060	0.00530	0.00321	0.01092
22	0.01607	0.01322	0.01632	0.09484	0.02180	0.01081	0.01039	0.01957	0.01598	0.05251	0.01674	0.01900	0.03846	0.00656	0.00607	0.00140	0.00612	0.00536	0.00467	0.62412
23	0.01870	0.02130	0.03706	0.05964	0.03533	0.11382	0.46860	0.02400	0.01800	0.02309	0.01572	0.04841	0.01278	0.00731	0.00840	0.00240	0.01197	0.00850	0.00400	0.06098
24	0.02610	0.01922	0.02095	0.01661	0.02193	0.02118	0.01360	0.56501	0.03253	0.04363	0.02073	0.07267	0.01687	0.01259	0.03745	0.00280	0.00852	0.02827	0.00738	0.01196
25	0.01535	0.10219	0.59531	0.02020	0.03037	0.01813	0.02546	0.02315	0.01588	0.02319	0.01490	0.05533	0.01188	0.00806	0.00713	0.00237	0.01054	0.00635	0.00342	0.01079
26	0.01510	0.01428	0.02416	0.59830	0.16307	0.01706	0.02145	0.02006	0.01553	0.02032	0.01362	0.01997	0.01044	0.00744	0.00757	0.00248	0.00992	0.00674	0.00344	0.00905
27	0.01877	0.01802	0.03079	0.04656	0.68612	0.01802	0.02328	0.02328	0.01727	0.02478	0.01427	0.01877	0.01201	0.00676	0.00751	0.00225	0.00901	0.00676	0.00375	0.01201
28	0.01464	0.01380	0.02332	0.66790	0.09708	0.01693	0.02122	0.01966	0.01532	0.01976	0.01354	0.02012	0.01025	0.00753	0.00758	0.00251	0.01003	0.00674	0.00340	0.00868
29	0.01877	0.01802	0.03079	0.04656	0.68612	0.01802	0.02328	0.02328	0.01727	0.02478	0.01427	0.01877	0.01201	0.00676	0.00751	0.00225	0.00901	0.00676	0.00375	0.01201
30	0.01821	0.01745	0.02977	0.13109	0.60598	0.01787	0.02300	0.02279	0.01701	0.02410	0.01417	0.01896	0.01177	0.00686	0.00752	0.00229	0.00915	0.00676	0.00371	0.01156
31	0.15735	0.02056	0.12326	0.01635	0.04738	0.08870	0.01419	0.14360	0.02053	0.08110	0.05616	0.08195	0.02003	0.01047	0.00730	0.00239	0.00800	0.05193	0.00580	0.04293
32	0.02470	0.01801	0.01981	0.01551	0.02098	0.01912	0.01261	0.44420	0.06703	0.06953	0.07541	0.04820	0.01983	0.00985	0.00755	0.00220	0.00726	0.00781	0.00735	0.10302
33	0.02083	0.01573	0.02445	0.23878	0.28513	0.01673	0.01903	0.05935	0.06678	0.15017	0.01840	0.02121	0.01358	0.00789	0.00757	0.00238	0.00861	0.00705	0.00519	0.01114
34	0.01814	0.01738	0.02965	0.14139	0.59621	0.01786	0.02296	0.02273	0.01697	0.02401	0.01416	0.01898	0.01174	0.00688	0.00752	0.00229	0.00917	0.00676	0.00370	0.01151
35	0.01689	0.08569	0.38241	0.05258	0.10476	0.09554	0.02204	0.02309	0.01714	0.02311	0.06326	0.02130	0.04350	0.00829	0.00723	0.00228	0.01009	0.00661	0.00389	0.01030
36	0.08219	0.54058	0.09320	0.01377	0.02047	0.02649	0.01390	0.05704	0.01668	0.05876	0.01230	0.01360	0.01027	0.00690	0.00536	0.00182	0.00813	0.00454	0.00393	0.01009
37	0.01828	0.13257	0.02907	0.13243	0.36306	0.04702	0.03858	0.02357	0.06321	0.02292	0.01756	0.02096	0.04317	0.00769	0.00720	0.00223	0.00888	0.00687	0.00406	0.01069

[dist]
# distance from previous block
# <min> <max>
0	14

# created by:
# /st0/software/busco_prod/Augustus/scripts/msa2prfl.pl ./align_prep/169251.fa
