[name]
unknown

[dist]
# distance from previous block
# <min> <max>
0	0

[block]
# block no. 0 follows, 27 sequences, length 33
# corresponding to MSA columns:
# 0-32
name=unknown_A
#
# <colnr> <probs for GDERKNQSTAVLIFYWHMCP>
#	G	D	E	R	K	N	Q	S	T	A	V	L	I	F	Y	W	H	M	C	P
0	0.01196	0.00854	0.01196	0.01367	0.01538	0.00854	0.01196	0.01538	0.01709	0.02222	0.03931	0.08374	0.04272	0.02051	0.01025	0.00342	0.00684	0.64283	0.00684	0.00684
1	0.01489	0.03840	0.70064	0.02116	0.03213	0.01724	0.02743	0.02351	0.01567	0.02351	0.01332	0.01567	0.00940	0.00705	0.00705	0.00235	0.01097	0.00549	0.00313	0.01097
2	0.01527	0.09246	0.64991	0.02051	0.03113	0.01817	0.02630	0.02341	0.01563	0.02305	0.01309	0.01538	0.00941	0.00700	0.00688	0.00229	0.01074	0.00537	0.00314	0.01086
3	0.01750	0.08727	0.55813	0.01966	0.02958	0.01795	0.02425	0.06075	0.01717	0.07919	0.01465	0.01630	0.01032	0.00728	0.00694	0.00228	0.01021	0.00560	0.00387	0.01109
4	0.01837	0.01764	0.03013	0.04557	0.69279	0.01764	0.02278	0.02278	0.01690	0.02425	0.01396	0.01837	0.01176	0.00661	0.00735	0.00220	0.00882	0.00661	0.00367	0.01176
5	0.03093	0.01298	0.01708	0.01338	0.01873	0.01176	0.01093	0.09802	0.02209	0.58011	0.02902	0.07887	0.02015	0.01024	0.00762	0.00235	0.00635	0.00843	0.00883	0.01213
6	0.03028	0.01263	0.01669	0.01314	0.01846	0.01141	0.01073	0.03502	0.08771	0.58578	0.07361	0.02754	0.02227	0.00968	0.00756	0.00232	0.00608	0.00796	0.00896	0.01217
7	0.03181	0.01297	0.01718	0.01340	0.01899	0.01167	0.01100	0.03651	0.08772	0.63058	0.02938	0.02551	0.01881	0.00928	0.00747	0.00232	0.00627	0.00756	0.00902	0.01254
8	0.01061	0.00795	0.01193	0.01193	0.01326	0.00928	0.00928	0.01326	0.01193	0.01723	0.01988	0.02916	0.01856	0.05568	0.70968	0.01193	0.01988	0.00795	0.00398	0.00663
9	0.01061	0.00795	0.01193	0.01193	0.01326	0.00928	0.00928	0.01326	0.01193	0.01723	0.01988	0.02916	0.01856	0.05568	0.70968	0.01193	0.01988	0.00795	0.00398	0.00663
10	0.01980	0.55189	0.14984	0.01479	0.02168	0.09598	0.01538	0.02320	0.01579	0.01857	0.01095	0.01270	0.00951	0.00660	0.00535	0.00175	0.00901	0.00431	0.00323	0.00968
11	0.01565	0.14626	0.59942	0.01987	0.03013	0.01910	0.02518	0.02331	0.01558	0.02259	0.01286	0.01510	0.00942	0.00695	0.00670	0.00223	0.01051	0.00525	0.00314	0.01075
12	0.00904	0.00646	0.00861	0.01034	0.01077	0.00603	0.00689	0.01034	0.01421	0.01895	0.04092	0.73426	0.04910	0.02326	0.00948	0.00301	0.00431	0.02110	0.00689	0.00603
13	0.01921	0.01632	0.01721	0.01526	0.01959	0.01881	0.01193	0.08764	0.62997	0.03226	0.02927	0.02694	0.02189	0.00998	0.00754	0.00250	0.00605	0.00826	0.00754	0.01182
14	0.01402	0.01319	0.02227	0.72126	0.05113	0.01649	0.02062	0.01897	0.01484	0.01897	0.01319	0.01979	0.00990	0.00742	0.00742	0.00247	0.00990	0.00660	0.00330	0.00825
15	0.01769	0.01694	0.02889	0.15229	0.59145	0.01746	0.02244	0.02218	0.01658	0.02342	0.01384	0.01860	0.01146	0.00674	0.00736	0.00225	0.00899	0.00661	0.00362	0.01120
16	0.79154	0.01436	0.01091	0.00976	0.01436	0.01665	0.00804	0.02182	0.01263	0.03331	0.01034	0.01206	0.00804	0.00689	0.00459	0.00230	0.00574	0.00402	0.00459	0.00804
17	0.11967	0.03381	0.55727	0.01981	0.02960	0.01745	0.04647	0.04995	0.01613	0.02580	0.01317	0.01543	0.00942	0.00708	0.00680	0.00234	0.01021	0.00545	0.00353	0.01061
18	0.79154	0.01436	0.01091	0.00976	0.01436	0.01665	0.00804	0.02182	0.01263	0.03331	0.01034	0.01206	0.00804	0.00689	0.00459	0.00230	0.00574	0.00402	0.00459	0.00804
19	0.03331	0.01263	0.01723	0.01321	0.01895	0.01091	0.01091	0.03618	0.02125	0.69794	0.02929	0.02527	0.01838	0.00919	0.00747	0.00230	0.00632	0.00747	0.00919	0.01263
20	0.03181	0.01297	0.01718	0.01340	0.01899	0.01167	0.01100	0.03651	0.08772	0.63058	0.02938	0.02551	0.01881	0.00928	0.00747	0.00232	0.00627	0.00756	0.00902	0.01254
21	0.01434	0.01352	0.02285	0.67122	0.09865	0.01658	0.02078	0.01925	0.01500	0.01936	0.01325	0.01969	0.01003	0.00736	0.00742	0.00245	0.00982	0.00660	0.00333	0.00851
22	0.01080	0.00720	0.00810	0.00810	0.00810	0.00720	0.00450	0.01080	0.01080	0.01439	0.02339	0.04858	0.02699	0.73910	0.03779	0.00720	0.00720	0.01080	0.00450	0.00450
23	0.01837	0.01764	0.03013	0.04557	0.69279	0.01764	0.02278	0.02278	0.01690	0.02425	0.01396	0.01837	0.01176	0.00661	0.00735	0.00220	0.00882	0.00661	0.00367	0.01176
24	0.01717	0.01893	0.03974	0.11877	0.10639	0.01837	0.52042	0.02308	0.01713	0.02323	0.01468	0.01983	0.01114	0.00644	0.00845	0.00247	0.01182	0.00827	0.00369	0.00997
25	0.79154	0.01436	0.01091	0.00976	0.01436	0.01665	0.00804	0.02182	0.01263	0.03331	0.01034	0.01206	0.00804	0.00689	0.00459	0.00230	0.00574	0.00402	0.00459	0.00804
26	0.00904	0.00646	0.00861	0.01034	0.01077	0.00603	0.00689	0.01034	0.01421	0.01895	0.04092	0.73426	0.04910	0.02326	0.00948	0.00301	0.00431	0.02110	0.00689	0.00603
27	0.79154	0.01436	0.01091	0.00976	0.01436	0.01665	0.00804	0.02182	0.01263	0.03331	0.01034	0.01206	0.00804	0.00689	0.00459	0.00230	0.00574	0.00402	0.00459	0.00804
28	0.01080	0.00720	0.00810	0.00810	0.00810	0.00720	0.00450	0.01080	0.01080	0.01439	0.02339	0.04858	0.02699	0.73910	0.03779	0.00720	0.00720	0.01080	0.00450	0.00450
29	0.02851	0.02033	0.02199	0.01686	0.02279	0.02234	0.01393	0.63245	0.03413	0.08346	0.01847	0.01824	0.01295	0.00893	0.00743	0.00223	0.00806	0.00673	0.00753	0.01263
30	0.02770	0.01960	0.02129	0.01654	0.02229	0.02151	0.01359	0.55002	0.09788	0.10234	0.02006	0.01946	0.01413	0.00905	0.00744	0.00226	0.00778	0.00692	0.00759	0.01254
31	0.13394	0.01855	0.01800	0.01477	0.01961	0.10990	0.03099	0.24669	0.08547	0.11538	0.02439	0.02405	0.08177	0.00951	0.00704	0.00225	0.00761	0.00728	0.03234	0.01044
32	0.02452	0.13659	0.05058	0.01658	0.05021	0.15663	0.01326	0.18334	0.04822	0.14146	0.01801	0.02070	0.01418	0.08192	0.00991	0.00259	0.00881	0.00644	0.00570	0.01037

[dist]
# distance from previous block
# <min> <max>
3	22

[block]
# block no. 1 follows, 27 sequences, length 14
# corresponding to MSA columns:
# 60-73
name=unknown_B
#
# <colnr> <probs for GDERKNQSTAVLIFYWHMCP>
#	G	D	E	R	K	N	Q	S	T	A	V	L	I	F	Y	W	H	M	C	P
0	0.02560	0.01936	0.02118	0.01673	0.02192	0.02180	0.01372	0.53068	0.10183	0.04197	0.01882	0.01939	0.01386	0.01169	0.04479	0.00282	0.04792	0.00692	0.00703	0.01197
1	0.02504	0.01942	0.02205	0.04976	0.02352	0.02242	0.01463	0.49541	0.06545	0.03983	0.01695	0.01819	0.01257	0.00959	0.01025	0.00243	0.12757	0.00674	0.00655	0.01163
2	0.02660	0.01999	0.02136	0.01675	0.02240	0.02226	0.01372	0.56337	0.14222	0.04417	0.01989	0.01947	0.01430	0.00910	0.00745	0.00228	0.00779	0.00697	0.00745	0.01248
3	0.01351	0.01184	0.01028	0.01007	0.01073	0.12403	0.00629	0.01391	0.01271	0.01530	0.02249	0.08504	0.02545	0.57313	0.03086	0.00606	0.00805	0.01043	0.00453	0.00528
4	0.01078	0.00845	0.01241	0.01641	0.12462	0.00812	0.00986	0.01273	0.01484	0.02004	0.03633	0.57425	0.04248	0.02031	0.00917	0.00291	0.00522	0.05769	0.00635	0.00703
5	0.04955	0.02083	0.01938	0.03926	0.02161	0.15542	0.01297	0.38978	0.02733	0.03514	0.02002	0.13612	0.01785	0.01094	0.00753	0.00231	0.00853	0.00862	0.00640	0.01044
6	0.02481	0.02347	0.02724	0.02374	0.10535	0.17212	0.14537	0.32297	0.02626	0.03325	0.01541	0.01735	0.01158	0.00783	0.00752	0.00221	0.01026	0.00667	0.00546	0.01112
7	0.01080	0.00720	0.00810	0.00810	0.00810	0.00720	0.00450	0.01080	0.01080	0.01439	0.02339	0.04858	0.02699	0.73910	0.03779	0.00720	0.00720	0.01080	0.00450	0.00450
8	0.01051	0.00759	0.00992	0.00934	0.01109	0.00700	0.00700	0.01401	0.02101	0.02977	0.68888	0.05545	0.07005	0.01518	0.00876	0.00233	0.00350	0.01343	0.00817	0.00700
9	0.01686	0.01609	0.02740	0.28036	0.46983	0.01724	0.02203	0.02146	0.01619	0.02242	0.01370	0.01887	0.01111	0.00690	0.00737	0.00230	0.00919	0.00661	0.00354	0.01054
10	0.03286	0.01335	0.01767	0.01355	0.01931	0.01198	0.01119	0.09178	0.02245	0.64064	0.02828	0.02461	0.01787	0.00916	0.00746	0.00229	0.00648	0.00740	0.00903	0.01263
11	0.15475	0.01944	0.02006	0.01575	0.02136	0.02169	0.01296	0.52346	0.06911	0.04362	0.01731	0.01744	0.01245	0.00864	0.00696	0.00226	0.00763	0.00634	0.00696	0.01181
12	0.05128	0.01952	0.02147	0.06148	0.06321	0.06445	0.01432	0.42349	0.02875	0.14990	0.01858	0.01875	0.01302	0.00859	0.00729	0.00224	0.00827	0.00660	0.00692	0.01190
13	0.01995	0.01645	0.01779	0.01347	0.01940	0.05119	0.01086	0.18178	0.04214	0.05134	0.01520	0.01664	0.01190	0.00701	0.00689	0.00159	0.03395	0.00530	0.00533	0.47183

[dist]
# distance from previous block
# <min> <max>
1	18

[block]
# block no. 2 follows, 27 sequences, length 21
# corresponding to MSA columns:
# 92-112
name=unknown_C
#
# <colnr> <probs for GDERKNQSTAVLIFYWHMCP>
#	G	D	E	R	K	N	Q	S	T	A	V	L	I	F	Y	W	H	M	C	P
0	0.01363	0.08437	0.08235	0.01178	0.01494	0.01223	0.00974	0.03984	0.09258	0.02069	0.02480	0.19415	0.02611	0.24615	0.01718	0.00388	0.00669	0.01095	0.00524	0.08269
1	0.01685	0.14681	0.40436	0.01946	0.02792	0.09391	0.08183	0.02299	0.01644	0.02171	0.01768	0.01962	0.06323	0.00786	0.00694	0.00221	0.01033	0.00628	0.00357	0.01002
2	0.01916	0.01909	0.02789	0.04039	0.57459	0.09853	0.02085	0.02284	0.01698	0.02288	0.01361	0.01803	0.01157	0.00784	0.00852	0.04707	0.00922	0.00639	0.00367	0.01090
3	0.01767	0.18653	0.13907	0.02633	0.09541	0.02058	0.34107	0.02314	0.01657	0.02236	0.01354	0.01724	0.01063	0.00641	0.00737	0.00220	0.01069	0.00685	0.00354	0.03279
4	0.12118	0.01598	0.01817	0.01432	0.01984	0.01653	0.01175	0.25286	0.08979	0.32762	0.02315	0.02135	0.01557	0.00890	0.00712	0.00229	0.00684	0.00687	0.00787	0.01199
5	0.01725	0.06990	0.14995	0.02844	0.03644	0.01921	0.52002	0.02364	0.01706	0.02333	0.01444	0.01879	0.01085	0.00639	0.00823	0.00242	0.01197	0.00792	0.00362	0.01014
6	0.00901	0.00701	0.00819	0.00900	0.01045	0.00619	0.00633	0.01069	0.01583	0.02007	0.09372	0.39402	0.34150	0.02077	0.00912	0.00274	0.00401	0.01819	0.00697	0.00619
7	0.01611	0.02299	0.20492	0.18619	0.08189	0.01779	0.31594	0.02256	0.01640	0.02265	0.01411	0.01876	0.01051	0.00675	0.00793	0.00244	0.01129	0.00730	0.00349	0.00997
8	0.02667	0.02043	0.02099	0.01653	0.02214	0.06536	0.01346	0.49198	0.11315	0.07218	0.01930	0.01902	0.01388	0.00885	0.00732	0.00220	0.00802	0.00672	0.00717	0.04467
9	0.00877	0.00752	0.00752	0.00752	0.01003	0.00627	0.00564	0.01065	0.01692	0.02005	0.07520	0.07144	0.68978	0.01880	0.00877	0.00251	0.00376	0.01567	0.00689	0.00627
10	0.01670	0.01802	0.03636	0.18814	0.09177	0.01845	0.42302	0.02219	0.01643	0.02231	0.01415	0.01958	0.01089	0.00702	0.00944	0.00253	0.06183	0.00794	0.00361	0.00962
11	0.02427	0.24368	0.02792	0.01795	0.02267	0.41190	0.05576	0.04711	0.01908	0.01923	0.01149	0.01364	0.00977	0.00744	0.00702	0.00192	0.04145	0.00493	0.00372	0.00908
12	0.01837	0.01764	0.03013	0.04557	0.69279	0.01764	0.02278	0.02278	0.01690	0.02425	0.01396	0.01837	0.01176	0.00661	0.00735	0.00220	0.00882	0.00661	0.00367	0.01176
13	0.00902	0.00654	0.00853	0.01011	0.01071	0.00605	0.00679	0.01036	0.01443	0.01904	0.04362	0.68203	0.09958	0.02291	0.00942	0.00297	0.00426	0.02068	0.00689	0.00605
14	0.01989	0.01878	0.02837	0.06863	0.54924	0.05495	0.02119	0.10148	0.01923	0.02645	0.01427	0.01810	0.01167	0.00698	0.00733	0.00220	0.00903	0.00652	0.00412	0.01155
15	0.01914	0.01964	0.02730	0.09889	0.50964	0.12482	0.02074	0.02310	0.01728	0.02267	0.01443	0.04207	0.01253	0.00741	0.00733	0.00221	0.00947	0.00682	0.00377	0.01077
16	0.01889	0.01965	0.07220	0.08438	0.53760	0.04702	0.02203	0.06430	0.01802	0.02506	0.01402	0.01804	0.01145	0.00689	0.00731	0.00222	0.00918	0.00647	0.00386	0.01141
17	0.06622	0.01490	0.02041	0.02304	0.24820	0.01344	0.01380	0.02026	0.01559	0.02457	0.01315	0.01623	0.01102	0.00624	0.00675	0.00163	0.03256	0.00521	0.00412	0.44267
18	0.01988	0.04052	0.11128	0.02566	0.24244	0.07891	0.01744	0.14683	0.04148	0.02819	0.04260	0.01865	0.01400	0.00748	0.00696	0.00202	0.00851	0.00623	0.00475	0.13617
19	0.06387	0.17066	0.09410	0.09884	0.06799	0.06437	0.01539	0.13808	0.08246	0.02638	0.01537	0.01778	0.01219	0.01135	0.06190	0.00287	0.00946	0.00589	0.00462	0.03642
20	0.05040	0.09895	0.14713	0.01842	0.08294	0.03291	0.03837	0.11946	0.01806	0.02608	0.01514	0.03760	0.01264	0.01170	0.06307	0.00285	0.05516	0.00624	0.03719	0.12569

[dist]
# distance from previous block
# <min> <max>
47	149

[block]
# block no. 3 follows, 27 sequences, length 9
# corresponding to MSA columns:
# 290-298
name=unknown_D
#
# <colnr> <probs for GDERKNQSTAVLIFYWHMCP>
#	G	D	E	R	K	N	Q	S	T	A	V	L	I	F	Y	W	H	M	C	P
0	0.01373	0.01915	0.19599	0.47104	0.04222	0.01569	0.02092	0.01933	0.01526	0.02025	0.01926	0.02376	0.07593	0.00843	0.00746	0.00245	0.00958	0.00719	0.00361	0.00876
1	0.02105	0.01561	0.01948	0.08188	0.10233	0.01672	0.01361	0.29699	0.05554	0.07548	0.19145	0.02867	0.02790	0.01019	0.00777	0.00229	0.00698	0.00853	0.00691	0.01064
2	0.01600	0.01573	0.02422	0.50295	0.21505	0.06005	0.02078	0.02062	0.01576	0.02028	0.01329	0.01903	0.01036	0.00723	0.00736	0.00237	0.00984	0.00649	0.00343	0.00918
3	0.06824	0.02374	0.19675	0.13019	0.02934	0.02010	0.01822	0.35922	0.02540	0.03552	0.01547	0.01724	0.01108	0.00807	0.00716	0.00230	0.00902	0.00620	0.00549	0.01122
4	0.01443	0.01351	0.08068	0.05727	0.01859	0.01230	0.01186	0.13741	0.03713	0.02640	0.14100	0.16438	0.03106	0.02459	0.18934	0.00494	0.00995	0.01088	0.00589	0.00837
5	0.02320	0.01737	0.01847	0.01461	0.01967	0.01870	0.01192	0.49830	0.03026	0.03988	0.03264	0.03167	0.18747	0.01147	0.00777	0.00230	0.00703	0.00900	0.00729	0.01098
6	0.01729	0.01387	0.01587	0.01219	0.01812	0.01217	0.00969	0.02513	0.18720	0.06759	0.01858	0.01918	0.01446	0.00691	0.00615	0.00154	0.00565	0.00562	0.00551	0.53728
7	0.01920	0.01706	0.12856	0.39268	0.03818	0.01485	0.01862	0.02412	0.01666	0.19525	0.01737	0.02034	0.01206	0.00773	0.00728	0.00234	0.00893	0.00654	0.00485	0.04738
8	0.04758	0.17334	0.10768	0.38859	0.05629	0.04869	0.01892	0.02085	0.01513	0.01986	0.01233	0.01689	0.00972	0.00727	0.00713	0.00225	0.02947	0.00572	0.00334	0.00895

[dist]
# distance from previous block
# <min> <max>
1	29

[block]
# block no. 4 follows, 27 sequences, length 43
# corresponding to MSA columns:
# 328-370
name=unknown_E
#
# <colnr> <probs for GDERKNQSTAVLIFYWHMCP>
#	G	D	E	R	K	N	Q	S	T	A	V	L	I	F	Y	W	H	M	C	P
0	0.01849	0.10589	0.02847	0.08687	0.47083	0.03926	0.01960	0.02250	0.01710	0.04677	0.06145	0.02039	0.01562	0.00737	0.00712	0.00215	0.00847	0.00674	0.00410	0.01083
1	0.12384	0.13677	0.29013	0.06713	0.04928	0.01808	0.04142	0.05266	0.01679	0.02554	0.09547	0.02010	0.01700	0.00799	0.00668	0.00223	0.00863	0.00631	0.00422	0.00974
2	0.06807	0.01768	0.04859	0.27432	0.32283	0.05089	0.02022	0.06719	0.01733	0.02427	0.01359	0.01808	0.01074	0.00714	0.00716	0.00230	0.00924	0.00632	0.00386	0.01018
3	0.10221	0.02691	0.10314	0.01944	0.07805	0.31751	0.01532	0.05045	0.09499	0.09897	0.01613	0.01705	0.01215	0.00790	0.00679	0.00215	0.01012	0.00572	0.00495	0.01004
4	0.26908	0.05171	0.07378	0.01877	0.14487	0.01619	0.01354	0.08666	0.01822	0.13417	0.08838	0.02084	0.01769	0.00828	0.00649	0.00225	0.00694	0.00644	0.00561	0.01010
5	0.26918	0.01433	0.01748	0.04309	0.14293	0.01499	0.01282	0.05551	0.05938	0.20343	0.02030	0.02477	0.01580	0.00900	0.00678	0.00240	0.00682	0.06462	0.00610	0.01026
6	0.01234	0.00894	0.01077	0.00986	0.01234	0.00847	0.00756	0.01654	0.06708	0.06814	0.38308	0.05366	0.23628	0.01511	0.00901	0.00239	0.02781	0.01284	0.00755	0.03022
7	0.02007	0.66371	0.03649	0.01304	0.01904	0.07828	0.01261	0.02246	0.01575	0.01799	0.03625	0.01368	0.01183	0.00678	0.00506	0.00164	0.00817	0.00439	0.00341	0.00936
8	0.01062	0.00790	0.01166	0.01166	0.01289	0.00913	0.00894	0.01308	0.01185	0.01703	0.02013	0.03053	0.01915	0.10380	0.66237	0.01160	0.01899	0.00815	0.00401	0.00648
9	0.02849	0.01843	0.02175	0.04752	0.02378	0.01962	0.03512	0.46307	0.03010	0.20474	0.02034	0.01981	0.01387	0.00883	0.00748	0.00226	0.00793	0.00694	0.00756	0.01235
10	0.01694	0.01674	0.02541	0.25223	0.29837	0.06668	0.06385	0.02240	0.06305	0.02219	0.01673	0.07163	0.01448	0.00838	0.00759	0.00237	0.00921	0.00781	0.00408	0.00988
11	0.01040	0.00747	0.00958	0.01081	0.01163	0.00723	0.00740	0.05665	0.01567	0.02091	0.03929	0.68381	0.04653	0.02225	0.00933	0.00296	0.00458	0.02009	0.00693	0.00649
12	0.00877	0.00752	0.00752	0.00752	0.01003	0.00627	0.00564	0.01065	0.01692	0.02005	0.07520	0.07144	0.68978	0.01880	0.00877	0.00251	0.00376	0.01567	0.00689	0.00627
13	0.01698	0.11632	0.31396	0.02410	0.10882	0.04514	0.13202	0.02286	0.01590	0.02227	0.01295	0.01623	0.01013	0.00722	0.00844	0.00227	0.06946	0.00600	0.00340	0.04553
14	0.79154	0.01436	0.01091	0.00976	0.01436	0.01665	0.00804	0.02182	0.01263	0.03331	0.01034	0.01206	0.00804	0.00689	0.00459	0.00230	0.00574	0.00402	0.00459	0.00804
15	0.01061	0.00792	0.01176	0.01176	0.01302	0.00918	0.00906	0.01314	0.01188	0.01710	0.02004	0.03005	0.01894	0.08672	0.67917	0.01172	0.01931	0.00808	0.00400	0.00653
16	0.01848	0.51540	0.19569	0.01628	0.02382	0.02561	0.07173	0.02266	0.01543	0.01943	0.01143	0.01349	0.00965	0.00651	0.00564	0.00185	0.00904	0.00474	0.00322	0.00991
17	0.02016	0.08789	0.07047	0.07782	0.25482	0.16772	0.01802	0.07129	0.05039	0.02351	0.01646	0.02071	0.03026	0.00823	0.00758	0.00221	0.02909	0.02891	0.00425	0.01021
18	0.01217	0.00882	0.01207	0.01362	0.01540	0.00893	0.01176	0.01635	0.04879	0.02252	0.03893	0.10547	0.04200	0.02011	0.01009	0.00336	0.00669	0.58902	0.00687	0.00704
19	0.02253	0.01723	0.01858	0.01555	0.02028	0.01926	0.01239	0.30947	0.32801	0.06084	0.02560	0.07504	0.02010	0.01050	0.00764	0.00242	0.00677	0.00855	0.00751	0.01174
20	0.02140	0.01359	0.01641	0.01206	0.01837	0.01113	0.00978	0.07070	0.01847	0.21689	0.01809	0.01837	0.01321	0.00679	0.00620	0.00152	0.00592	0.00543	0.00598	0.50968
21	0.03200	0.01267	0.01709	0.01305	0.01885	0.01084	0.01076	0.03490	0.02082	0.64863	0.02811	0.02455	0.01784	0.00892	0.00732	0.00221	0.00626	0.00724	0.00884	0.06912
22	0.01489	0.03840	0.70064	0.02116	0.03213	0.01724	0.02743	0.02351	0.01567	0.02351	0.01332	0.01567	0.00940	0.00705	0.00705	0.00235	0.01097	0.00549	0.00313	0.01097
23	0.01499	0.01418	0.02402	0.57091	0.19391	0.01675	0.02110	0.01982	0.01530	0.02014	0.01337	0.01948	0.01031	0.00724	0.00741	0.00241	0.00966	0.00660	0.00338	0.00903
24	0.01040	0.00751	0.00983	0.00941	0.01107	0.00693	0.00700	0.01374	0.02052	0.02898	0.64146	0.10513	0.06851	0.01577	0.00881	0.00238	0.00356	0.01399	0.00808	0.00693
25	0.01837	0.01764	0.03013	0.04557	0.69279	0.01764	0.02278	0.02278	0.01690	0.02425	0.01396	0.01837	0.01176	0.00661	0.00735	0.00220	0.00882	0.00661	0.00367	0.01176
26	0.03242	0.01388	0.05018	0.01359	0.01959	0.01122	0.01171	0.03557	0.02098	0.66542	0.02852	0.02481	0.01794	0.00909	0.00745	0.00230	0.00654	0.00737	0.00890	0.01255
27	0.01787	0.01712	0.02922	0.12437	0.61796	0.01751	0.02253	0.02234	0.01666	0.02364	0.01387	0.01854	0.01154	0.00671	0.00736	0.00224	0.00894	0.00661	0.00363	0.01135
28	0.01196	0.00854	0.01196	0.01367	0.01538	0.00854	0.01196	0.01538	0.01709	0.02222	0.03931	0.08374	0.04272	0.02051	0.01025	0.00342	0.00684	0.64283	0.00684	0.00684
29	0.01837	0.01764	0.03013	0.04557	0.69279	0.01764	0.02278	0.02278	0.01690	0.02425	0.01396	0.01837	0.01176	0.00661	0.00735	0.00220	0.00882	0.00661	0.00367	0.01176
30	0.00930	0.00657	0.00854	0.01001	0.01037	0.00620	0.00654	0.01040	0.01371	0.01828	0.03833	0.63314	0.04584	0.12883	0.01365	0.00363	0.00473	0.01958	0.00654	0.00580
31	0.01752	0.02003	0.04380	0.03129	0.03880	0.01877	0.66583	0.02378	0.01752	0.02378	0.01502	0.02003	0.01126	0.00626	0.00876	0.00250	0.01252	0.00876	0.00375	0.01001
32	0.00904	0.00646	0.00861	0.01034	0.01077	0.00603	0.00689	0.01034	0.01421	0.01895	0.04092	0.73426	0.04910	0.02326	0.00948	0.00301	0.00431	0.02110	0.00689	0.00603
33	0.02741	0.16567	0.02413	0.01521	0.02105	0.04468	0.01294	0.33234	0.05152	0.20293	0.01944	0.01872	0.01372	0.00846	0.00688	0.00212	0.00775	0.00633	0.00689	0.01183
34	0.01596	0.03476	0.58374	0.02331	0.07866	0.01716	0.07110	0.02392	0.01608	0.04708	0.01404	0.01650	0.01001	0.00704	0.00721	0.00235	0.01077	0.00586	0.00343	0.01102
35	0.02081	0.01633	0.01753	0.01522	0.01976	0.01850	0.01199	0.12027	0.54810	0.08189	0.02855	0.02625	0.02105	0.00986	0.00753	0.00246	0.00620	0.00810	0.00766	0.01193
36	0.03137	0.01220	0.01661	0.01288	0.01828	0.01058	0.01058	0.03429	0.02123	0.64111	0.08538	0.02783	0.02277	0.00970	0.00758	0.00230	0.00608	0.00797	0.00910	0.01216
37	0.01755	0.05585	0.39774	0.15561	0.08846	0.03577	0.02304	0.02407	0.01634	0.09533	0.01491	0.01752	0.01067	0.00731	0.00710	0.00232	0.01003	0.00593	0.00389	0.01058
38	0.01843	0.01848	0.02902	0.06382	0.50239	0.06643	0.06780	0.02258	0.01677	0.02307	0.01444	0.02037	0.01246	0.00765	0.00874	0.00233	0.06131	0.02932	0.00376	0.01085
39	0.01963	0.71260	0.06796	0.01307	0.01963	0.02884	0.01335	0.02229	0.01511	0.01773	0.01045	0.01207	0.00952	0.00638	0.00486	0.00162	0.00807	0.00404	0.00317	0.00959
40	0.01889	0.04876	0.23569	0.01645	0.02342	0.01702	0.01659	0.09817	0.22264	0.07566	0.02074	0.02203	0.01562	0.00848	0.00708	0.00222	0.00783	0.02434	0.00566	0.11270
41	0.02144	0.01945	0.09230	0.01704	0.04439	0.03916	0.01419	0.13575	0.39494	0.10128	0.02521	0.02383	0.01843	0.00928	0.00744	0.00240	0.00716	0.00754	0.00698	0.01180
42	0.01821	0.01851	0.02390	0.07821	0.39144	0.12504	0.01810	0.02314	0.06591	0.02288	0.02283	0.02689	0.09346	0.00900	0.00753	0.00228	0.00873	0.02928	0.00445	0.01021

[dist]
# distance from previous block
# <min> <max>
1	3

[block]
# block no. 5 follows, 27 sequences, length 21
# corresponding to MSA columns:
# 374-394
name=unknown_F
#
# <colnr> <probs for GDERKNQSTAVLIFYWHMCP>
#	G	D	E	R	K	N	Q	S	T	A	V	L	I	F	Y	W	H	M	C	P
0	0.02462	0.05572	0.01965	0.01414	0.01979	0.01685	0.01168	0.31735	0.02598	0.17080	0.08388	0.02219	0.01887	0.00878	0.00705	0.00200	0.00682	0.00691	0.00704	0.15989
1	0.74157	0.01472	0.01303	0.01115	0.01593	0.01679	0.05051	0.02195	0.01295	0.03269	0.01064	0.01257	0.00825	0.00685	0.00486	0.00231	0.00618	0.00433	0.00454	0.00817
2	0.01289	0.00645	0.00967	0.00967	0.00967	0.00645	0.00645	0.00967	0.00967	0.01289	0.01289	0.02257	0.01289	0.02579	0.02901	0.78401	0.00645	0.00645	0.00322	0.00322
3	0.01489	0.03840	0.70064	0.02116	0.03213	0.01724	0.02743	0.02351	0.01567	0.02351	0.01332	0.01567	0.00940	0.00705	0.00705	0.00235	0.01097	0.00549	0.00313	0.01097
4	0.01402	0.01319	0.02227	0.72126	0.05113	0.01649	0.02062	0.01897	0.01484	0.01897	0.01319	0.01979	0.00990	0.00742	0.00742	0.00247	0.00990	0.00660	0.00330	0.00825
5	0.01080	0.00720	0.00810	0.00810	0.00810	0.00720	0.00450	0.01080	0.01080	0.01439	0.02339	0.04858	0.02699	0.73910	0.03779	0.00720	0.00720	0.01080	0.00450	0.00450
6	0.01691	0.30285	0.42254	0.01904	0.05588	0.02182	0.02169	0.02300	0.01551	0.02127	0.01222	0.01437	0.00955	0.00677	0.00620	0.00206	0.00974	0.00496	0.00317	0.01046
7	0.01080	0.00720	0.00810	0.00810	0.00810	0.00720	0.00450	0.01080	0.01080	0.01439	0.02339	0.04858	0.02699	0.73910	0.03779	0.00720	0.00720	0.01080	0.00450	0.00450
8	0.02234	0.51966	0.03325	0.01473	0.02029	0.24435	0.01322	0.02457	0.01697	0.01769	0.01069	0.01238	0.00954	0.00676	0.00537	0.00169	0.00966	0.00423	0.00338	0.00924
9	0.01815	0.01741	0.02972	0.08087	0.65926	0.01758	0.02267	0.02258	0.01680	0.02398	0.01392	0.01845	0.01166	0.00666	0.00735	0.00222	0.00888	0.00661	0.00366	0.01158
10	0.01896	0.63254	0.07160	0.01348	0.01950	0.02744	0.01351	0.02164	0.01477	0.01779	0.01089	0.01315	0.00995	0.00905	0.03886	0.00220	0.04769	0.00437	0.00321	0.00939
11	0.03331	0.01263	0.01723	0.01321	0.01895	0.01091	0.01091	0.03618	0.02125	0.69794	0.02929	0.02527	0.01838	0.00919	0.00747	0.00230	0.00632	0.00747	0.00919	0.01263
12	0.01539	0.01319	0.01539	0.01100	0.01759	0.00990	0.00880	0.01869	0.01539	0.02419	0.01319	0.01539	0.01100	0.00550	0.00550	0.00110	0.00550	0.00440	0.00440	0.78449
13	0.00935	0.00670	0.00889	0.01013	0.01083	0.00623	0.00691	0.01110	0.01563	0.02120	0.17591	0.59283	0.05346	0.02157	0.00933	0.00287	0.00414	0.01950	0.00716	0.00623
14	0.01985	0.74357	0.03890	0.01270	0.01905	0.02937	0.01270	0.02223	0.01508	0.01747	0.01032	0.01191	0.00953	0.00635	0.00476	0.00159	0.00794	0.00397	0.00318	0.00953
15	0.01997	0.68298	0.06671	0.01334	0.01978	0.05780	0.01341	0.02260	0.01536	0.01776	0.01050	0.01213	0.00952	0.00644	0.00494	0.00163	0.00830	0.00407	0.00320	0.00955
16	0.01643	0.10233	0.55059	0.02181	0.07296	0.06454	0.02489	0.02375	0.01606	0.02264	0.01296	0.01535	0.00958	0.00700	0.00684	0.00224	0.01071	0.00537	0.00322	0.01073
17	0.01489	0.03840	0.70064	0.02116	0.03213	0.01724	0.02743	0.02351	0.01567	0.02351	0.01332	0.01567	0.00940	0.00705	0.00705	0.00235	0.01097	0.00549	0.00313	0.01097
18	0.00933	0.00745	0.00836	0.00833	0.01042	0.00647	0.00617	0.01166	0.01794	0.02295	0.26111	0.12505	0.44240	0.01808	0.00883	0.00250	0.00373	0.01546	0.00729	0.00647
19	0.01489	0.03840	0.70064	0.02116	0.03213	0.01724	0.02743	0.02351	0.01567	0.02351	0.01332	0.01567	0.00940	0.00705	0.00705	0.00235	0.01097	0.00549	0.00313	0.01097
20	0.02270	0.01632	0.15313	0.01365	0.01924	0.01101	0.01307	0.02692	0.02005	0.35980	0.22531	0.03245	0.03217	0.01057	0.00777	0.00232	0.00641	0.00887	0.00766	0.01060

[dist]
# distance from previous block
# <min> <max>
0	1

[block]
# block no. 6 follows, 27 sequences, length 21
# corresponding to MSA columns:
# 396-416
name=unknown_G
#
# <colnr> <probs for GDERKNQSTAVLIFYWHMCP>
#	G	D	E	R	K	N	Q	S	T	A	V	L	I	F	Y	W	H	M	C	P
0	0.02697	0.01233	0.01591	0.01287	0.01767	0.01150	0.01039	0.03296	0.13061	0.47360	0.14147	0.03080	0.02786	0.01035	0.00770	0.00234	0.00577	0.00863	0.00874	0.01153
1	0.01704	0.25401	0.46460	0.01847	0.02768	0.05513	0.02228	0.02342	0.01576	0.02140	0.01231	0.01441	0.00945	0.00687	0.00633	0.00210	0.01016	0.00499	0.00318	0.01041
2	0.01985	0.74357	0.03890	0.01270	0.01905	0.02937	0.01270	0.02223	0.01508	0.01747	0.01032	0.01191	0.00953	0.00635	0.00476	0.00159	0.00794	0.00397	0.00318	0.00953
3	0.01985	0.74357	0.03890	0.01270	0.01905	0.02937	0.01270	0.02223	0.01508	0.01747	0.01032	0.01191	0.00953	0.00635	0.00476	0.00159	0.00794	0.00397	0.00318	0.00953
4	0.15933	0.01268	0.01604	0.01368	0.04694	0.01182	0.01058	0.03110	0.01957	0.49378	0.08639	0.02551	0.02111	0.00924	0.00709	0.00230	0.00607	0.00739	0.00807	0.01129
5	0.02938	0.04389	0.04831	0.03231	0.02055	0.01317	0.01223	0.08605	0.03874	0.50878	0.02643	0.02554	0.01776	0.00926	0.00739	0.00229	0.00682	0.03081	0.00813	0.03218
6	0.00904	0.00646	0.00861	0.01034	0.01077	0.00603	0.00689	0.01034	0.01421	0.01895	0.04092	0.73426	0.04910	0.02326	0.00948	0.00301	0.00431	0.02110	0.00689	0.00603
7	0.01037	0.00748	0.00980	0.00944	0.01106	0.00691	0.00699	0.01365	0.02036	0.02872	0.62621	0.12110	0.06802	0.01596	0.00883	0.00240	0.00358	0.01417	0.00805	0.00691
8	0.01985	0.05444	0.02918	0.04004	0.56029	0.12230	0.02104	0.02379	0.01744	0.02302	0.01342	0.01732	0.01132	0.00676	0.00713	0.00213	0.00947	0.00621	0.00367	0.01118
9	0.01620	0.01633	0.02255	0.19451	0.02754	0.05163	0.01725	0.01866	0.01266	0.01815	0.01068	0.01700	0.00977	0.01137	0.01935	0.00300	0.51545	0.00645	0.00329	0.00817
10	0.01015	0.00823	0.00921	0.00953	0.01190	0.00751	0.00759	0.01349	0.05234	0.02154	0.08676	0.07159	0.46979	0.01863	0.00908	0.00273	0.00463	0.17162	0.00696	0.00673
11	0.74676	0.01425	0.01128	0.00997	0.01463	0.01631	0.00821	0.02267	0.01314	0.07256	0.01146	0.01284	0.00865	0.00703	0.00476	0.00230	0.00578	0.00422	0.00487	0.00831
12	0.01800	0.01962	0.03833	0.05714	0.23110	0.04140	0.43426	0.02353	0.01737	0.02358	0.01453	0.01931	0.01131	0.00645	0.00823	0.00239	0.01137	0.00793	0.00372	0.01042
13	0.02688	0.02013	0.02153	0.01681	0.02251	0.02240	0.01379	0.58189	0.12323	0.04463	0.01952	0.01918	0.01400	0.00907	0.00744	0.00227	0.00785	0.00692	0.00744	0.01251
14	0.01079	0.00723	0.00828	0.00828	0.00835	0.00730	0.00473	0.01092	0.01085	0.01453	0.02322	0.04764	0.02658	0.70585	0.07047	0.00743	0.00781	0.01066	0.00447	0.00460
15	0.01402	0.01319	0.02227	0.72126	0.05113	0.01649	0.02062	0.01897	0.01484	0.01897	0.01319	0.01979	0.00990	0.00742	0.00742	0.00247	0.00990	0.00660	0.00330	0.00825
16	0.01080	0.00720	0.00810	0.00810	0.00810	0.00720	0.00450	0.01080	0.01080	0.01439	0.02339	0.04858	0.02699	0.73910	0.03779	0.00720	0.00720	0.01080	0.00450	0.00450
17	0.02722	0.02191	0.02161	0.01711	0.02265	0.09701	0.01391	0.53801	0.09573	0.04216	0.01833	0.01830	0.01326	0.00889	0.00736	0.00222	0.00851	0.00664	0.00705	0.01210
18	0.03095	0.01384	0.01766	0.01382	0.01939	0.01303	0.01133	0.09770	0.10543	0.55100	0.02830	0.02485	0.01836	0.00927	0.00747	0.00232	0.00644	0.00751	0.00881	0.01252
19	0.00978	0.00745	0.00895	0.00884	0.01063	0.00674	0.00648	0.01232	0.01817	0.02423	0.36031	0.12548	0.28021	0.05069	0.03386	0.00300	0.00439	0.01465	0.00730	0.00653
20	0.01614	0.03522	0.60203	0.02215	0.05304	0.01701	0.06602	0.02418	0.01612	0.05941	0.01430	0.01654	0.01007	0.00710	0.00719	0.00235	0.01075	0.00583	0.00351	0.01103

[dist]
# distance from previous block
# <min> <max>
0	12

[block]
# block no. 7 follows, 27 sequences, length 23
# corresponding to MSA columns:
# 429-451
name=unknown_H
#
# <colnr> <probs for GDERKNQSTAVLIFYWHMCP>
#	G	D	E	R	K	N	Q	S	T	A	V	L	I	F	Y	W	H	M	C	P
0	0.02770	0.01544	0.01819	0.01562	0.04627	0.04393	0.01204	0.08854	0.21556	0.39275	0.02725	0.02459	0.01853	0.00926	0.00745	0.00234	0.00674	0.00753	0.00812	0.01217
1	0.01577	0.01498	0.02543	0.44962	0.30909	0.01695	0.02149	0.02050	0.01567	0.02109	0.01350	0.01922	0.01065	0.00710	0.00739	0.00237	0.00946	0.00660	0.00345	0.00966
2	0.01532	0.01487	0.02351	0.58020	0.15533	0.04635	0.02070	0.02005	0.01545	0.01980	0.01325	0.01928	0.01019	0.00730	0.00738	0.00241	0.00987	0.00652	0.00338	0.00884
3	0.04468	0.03595	0.59487	0.02228	0.07555	0.05277	0.02572	0.02371	0.01592	0.02365	0.01316	0.01560	0.00952	0.00705	0.00696	0.00232	0.01076	0.00547	0.00326	0.01079
4	0.01554	0.13060	0.61411	0.02005	0.03042	0.01883	0.02550	0.02334	0.01560	0.02272	0.01293	0.01518	0.00942	0.00696	0.00675	0.00225	0.01057	0.00529	0.00314	0.01078
5	0.01787	0.02107	0.11109	0.05712	0.15099	0.01802	0.43604	0.02388	0.01726	0.04985	0.01514	0.01946	0.01137	0.00656	0.00823	0.00243	0.01137	0.00790	0.00387	0.01046
6	0.00896	0.00724	0.00796	0.00838	0.01029	0.00625	0.00606	0.01078	0.01646	0.02038	0.10495	0.24661	0.48025	0.01976	0.00896	0.00263	0.00389	0.01697	0.00697	0.00625
7	0.01793	0.01851	0.05483	0.07332	0.54245	0.01774	0.11970	0.02278	0.01686	0.02392	0.01407	0.01859	0.01152	0.00661	0.00756	0.00227	0.00950	0.00690	0.00365	0.01131
8	0.02998	0.04065	0.01784	0.01353	0.01884	0.05627	0.01107	0.03441	0.07930	0.53680	0.06141	0.02580	0.02053	0.00937	0.00739	0.00227	0.00664	0.00756	0.00843	0.01190
9	0.03255	0.01280	0.01721	0.01330	0.01897	0.01130	0.01095	0.03635	0.05471	0.66403	0.02933	0.02539	0.01859	0.00923	0.00747	0.00231	0.00629	0.00751	0.00911	0.01259
10	0.01624	0.01624	0.02274	0.01949	0.01949	0.02274	0.01624	0.01787	0.01137	0.01787	0.00975	0.01624	0.00975	0.01299	0.02436	0.00325	0.72552	0.00650	0.00325	0.00812
11	0.01933	0.67002	0.10792	0.01358	0.02042	0.02811	0.01424	0.02236	0.01515	0.01810	0.01063	0.01230	0.00951	0.00642	0.00500	0.00167	0.00826	0.00413	0.00317	0.00968
12	0.01489	0.03840	0.70064	0.02116	0.03213	0.01724	0.02743	0.02351	0.01567	0.02351	0.01332	0.01567	0.00940	0.00705	0.00705	0.00235	0.01097	0.00549	0.00313	0.01097
13	0.03331	0.01263	0.01723	0.01321	0.01895	0.01091	0.01091	0.03618	0.02125	0.69794	0.02929	0.02527	0.01838	0.00919	0.00747	0.00230	0.00632	0.00747	0.00919	0.01263
14	0.01110	0.00827	0.01076	0.01201	0.01394	0.00793	0.01026	0.01410	0.01704	0.02163	0.04900	0.08042	0.21737	0.02005	0.00985	0.00317	0.00601	0.47355	0.00685	0.00668
15	0.01080	0.00720	0.00810	0.00810	0.00810	0.00720	0.00450	0.01080	0.01080	0.01439	0.02339	0.04858	0.02699	0.73910	0.03779	0.00720	0.00720	0.01080	0.00450	0.00450
16	0.79154	0.01436	0.01091	0.00976	0.01436	0.01665	0.00804	0.02182	0.01263	0.03331	0.01034	0.01206	0.00804	0.00689	0.00459	0.00230	0.00574	0.00402	0.00459	0.00804
17	0.11691	0.01352	0.01585	0.01293	0.01767	0.01359	0.01045	0.11251	0.11667	0.32787	0.13554	0.02812	0.02563	0.01000	0.00735	0.00233	0.00595	0.00808	0.00801	0.01102
18	0.02095	0.01603	0.01800	0.01352	0.01969	0.01515	0.01097	0.24983	0.06732	0.06382	0.01672	0.01754	0.01270	0.00718	0.00641	0.00165	0.00650	0.00562	0.00590	0.42451
19	0.02431	0.07300	0.01974	0.01466	0.01955	0.01780	0.01202	0.18822	0.22561	0.21160	0.06907	0.02486	0.02077	0.00971	0.00796	0.00233	0.03209	0.00765	0.00750	0.01158
20	0.10515	0.01149	0.01175	0.01121	0.01363	0.06454	0.00829	0.01776	0.03901	0.08011	0.06433	0.25233	0.08162	0.07112	0.04237	0.00326	0.02585	0.01217	0.02743	0.05659
21	0.01729	0.01422	0.02253	0.09564	0.02583	0.01313	0.16791	0.06432	0.01753	0.08731	0.01988	0.13277	0.01782	0.00931	0.00744	0.00208	0.00774	0.00880	0.00517	0.26329
22	0.08501	0.01313	0.01412	0.01150	0.01645	0.03339	0.00891	0.02023	0.09186	0.02467	0.01982	0.14524	0.01886	0.00940	0.00641	0.00174	0.00560	0.00783	0.00521	0.46063

[dist]
# distance from previous block
# <min> <max>
3	7

[block]
# block no. 8 follows, 27 sequences, length 7
# corresponding to MSA columns:
# 459-465
name=unknown_I
#
# <colnr> <probs for GDERKNQSTAVLIFYWHMCP>
#	G	D	E	R	K	N	Q	S	T	A	V	L	I	F	Y	W	H	M	C	P
0	0.04876	0.15370	0.07041	0.01710	0.02287	0.12521	0.05202	0.24117	0.14155	0.03104	0.01702	0.01765	0.01296	0.00812	0.00682	0.00214	0.00886	0.00617	0.00555	0.01089
1	0.01533	0.10544	0.40383	0.01925	0.07000	0.04975	0.02052	0.02158	0.01710	0.02400	0.15824	0.02390	0.02262	0.00872	0.00718	0.00224	0.00901	0.00707	0.00429	0.00990
2	0.01662	0.09523	0.09210	0.01293	0.01862	0.01388	0.01166	0.02328	0.12566	0.06912	0.10982	0.02384	0.02152	0.01037	0.03856	0.00226	0.00686	0.00673	0.00546	0.29551
3	0.01600	0.08675	0.53426	0.02142	0.07268	0.05784	0.02426	0.02325	0.01629	0.02312	0.04715	0.01745	0.01264	0.00742	0.00697	0.00226	0.01037	0.00581	0.00347	0.01058
4	0.06972	0.01589	0.10857	0.06611	0.03775	0.01308	0.01306	0.02623	0.13498	0.18366	0.14949	0.02979	0.05155	0.00997	0.00740	0.00229	0.00648	0.00829	0.00662	0.05906
5	0.04972	0.07530	0.39357	0.01818	0.02619	0.06343	0.02034	0.04653	0.15937	0.02574	0.04008	0.01916	0.01442	0.00803	0.00696	0.00230	0.00928	0.00622	0.00450	0.01068
6	0.02389	0.15463	0.09262	0.01802	0.04371	0.35791	0.01505	0.06706	0.01954	0.06487	0.01372	0.01573	0.01104	0.01101	0.05779	0.00269	0.01173	0.00530	0.00422	0.00948

[dist]
# distance from previous block
# <min> <max>
0	8

[block]
# block no. 9 follows, 27 sequences, length 18
# corresponding to MSA columns:
# 474-491
name=unknown_J
#
# <colnr> <probs for GDERKNQSTAVLIFYWHMCP>
#	G	D	E	R	K	N	Q	S	T	A	V	L	I	F	Y	W	H	M	C	P
0	0.02251	0.09480	0.16200	0.01680	0.02262	0.22588	0.01562	0.16212	0.04135	0.05032	0.04459	0.01844	0.01423	0.00820	0.00676	0.00207	0.00959	0.00600	0.06602	0.01007
1	0.01881	0.18675	0.18819	0.05485	0.21864	0.05627	0.01952	0.06503	0.07903	0.02406	0.01458	0.01691	0.01158	0.00721	0.00669	0.00213	0.00910	0.00583	0.00402	0.01081
2	0.05874	0.09165	0.06477	0.04592	0.08270	0.18793	0.01422	0.09968	0.07619	0.09669	0.04147	0.02290	0.06798	0.00897	0.00699	0.00216	0.00874	0.00689	0.00539	0.01001
3	0.08317	0.17105	0.10291	0.01479	0.02105	0.05722	0.01372	0.20393	0.02187	0.13469	0.01879	0.01898	0.04118	0.00819	0.00651	0.00205	0.00790	0.00603	0.00568	0.06030
4	0.08226	0.03235	0.05787	0.08042	0.01905	0.03871	0.01113	0.01833	0.04517	0.04343	0.12995	0.15786	0.06231	0.01305	0.00771	0.00238	0.00624	0.07255	0.00583	0.11341
5	0.07917	0.01196	0.01499	0.01203	0.01682	0.01089	0.00971	0.02882	0.06502	0.39206	0.16785	0.02995	0.02826	0.00999	0.00734	0.00220	0.00556	0.00825	0.00804	0.09110
6	0.01978	0.01469	0.01660	0.01506	0.04647	0.01574	0.01133	0.11626	0.34899	0.10899	0.07491	0.03198	0.09781	0.01082	0.00766	0.00238	0.00595	0.00898	0.00742	0.03817
7	0.09864	0.02119	0.02115	0.01654	0.02222	0.06898	0.01357	0.56509	0.03191	0.04360	0.01670	0.01699	0.01199	0.00864	0.00712	0.00221	0.00830	0.00631	0.00692	0.01193
8	0.00921	0.00653	0.00856	0.01012	0.01051	0.00614	0.00666	0.01038	0.01388	0.01851	0.03923	0.66809	0.04697	0.09234	0.01221	0.00342	0.00459	0.02011	0.00666	0.00588
9	0.00943	0.00710	0.00866	0.00961	0.01088	0.00647	0.00689	0.01120	0.01564	0.02013	0.09500	0.38692	0.24756	0.05494	0.01062	0.00305	0.00446	0.07840	0.00686	0.00618
10	0.02815	0.02283	0.02211	0.01737	0.02301	0.11897	0.01414	0.57878	0.03297	0.04279	0.01694	0.01720	0.01220	0.00874	0.00732	0.00218	0.00890	0.00642	0.00692	0.01206
11	0.12126	0.14907	0.49997	0.01824	0.02760	0.01912	0.02241	0.02307	0.01517	0.02387	0.01243	0.01457	0.00924	0.00692	0.00635	0.00222	0.00977	0.00504	0.00334	0.01034
12	0.01863	0.01882	0.03120	0.03718	0.42475	0.05075	0.17033	0.02543	0.10033	0.02471	0.01613	0.01969	0.01291	0.00701	0.00767	0.00230	0.00952	0.00725	0.00419	0.01120
13	0.01328	0.00820	0.01051	0.00966	0.01199	0.00738	0.00734	0.01635	0.02010	0.11864	0.47779	0.09069	0.14874	0.01531	0.00862	0.00239	0.00397	0.01335	0.00806	0.00761
14	0.01075	0.00802	0.01043	0.05606	0.01418	0.00795	0.00820	0.05756	0.01614	0.02138	0.06319	0.56997	0.08670	0.02065	0.00913	0.00287	0.00487	0.01852	0.00675	0.00669
15	0.03025	0.01417	0.01699	0.01360	0.01870	0.06061	0.01097	0.07363	0.02143	0.54269	0.02842	0.09237	0.02035	0.01042	0.00760	0.00233	0.00674	0.00854	0.00847	0.01171
16	0.01571	0.01422	0.02361	0.06290	0.41198	0.01429	0.04031	0.01950	0.01627	0.02256	0.02154	0.07977	0.02146	0.06235	0.01028	0.00288	0.00818	0.13797	0.00457	0.00966
17	0.01717	0.01888	0.03909	0.07947	0.07981	0.01820	0.51940	0.02288	0.01695	0.02328	0.01453	0.01951	0.01113	0.00657	0.00896	0.00243	0.03761	0.00815	0.00373	0.05226

[dist]
# distance from previous block
# <min> <max>
0	1

[block]
# block no. 10 follows, 27 sequences, length 10
# corresponding to MSA columns:
# 493-502
name=unknown_K
#
# <colnr> <probs for GDERKNQSTAVLIFYWHMCP>
#	G	D	E	R	K	N	Q	S	T	A	V	L	I	F	Y	W	H	M	C	P
0	0.01654	0.02596	0.27819	0.02808	0.11387	0.01753	0.31635	0.02325	0.01665	0.02376	0.01416	0.01796	0.01063	0.00654	0.00777	0.00232	0.01107	0.00705	0.00356	0.05875
1	0.51005	0.01394	0.01502	0.26735	0.02767	0.01660	0.01259	0.02079	0.01343	0.02812	0.01137	0.01486	0.00871	0.00708	0.00562	0.00236	0.00725	0.00495	0.00413	0.00811
2	0.02469	0.01904	0.02029	0.01637	0.02168	0.02137	0.01326	0.44047	0.26823	0.04109	0.02231	0.02140	0.01626	0.00933	0.00747	0.00233	0.00734	0.00730	0.00747	0.01231
3	0.01150	0.00645	0.00929	0.00991	0.01007	0.00630	0.00661	0.00991	0.01132	0.01509	0.02304	0.28022	0.02600	0.02487	0.02194	0.50126	0.00567	0.01175	0.00455	0.00424
4	0.01275	0.01117	0.01780	0.46352	0.03663	0.01306	0.01569	0.01717	0.01708	0.02288	0.25782	0.03270	0.03167	0.01023	0.00790	0.00242	0.00758	0.00907	0.00506	0.00780
5	0.01901	0.48162	0.04068	0.01943	0.02620	0.02554	0.24916	0.02279	0.01597	0.01975	0.01202	0.01485	0.01016	0.00632	0.00621	0.00192	0.00960	0.00570	0.00339	0.00970
6	0.01482	0.01430	0.02244	0.46719	0.03968	0.01875	0.01903	0.01857	0.01359	0.01857	0.01195	0.01851	0.00984	0.00944	0.01356	0.00275	0.26898	0.00656	0.00328	0.00820
7	0.01778	0.00868	0.01052	0.00935	0.01216	0.00795	0.00721	0.02075	0.01815	0.21097	0.16548	0.06151	0.09227	0.03649	0.00813	0.00231	0.00444	0.00981	0.28771	0.00834
8	0.01402	0.01319	0.02227	0.72126	0.05113	0.01649	0.02062	0.01897	0.01484	0.01897	0.01319	0.01979	0.00990	0.00742	0.00742	0.00247	0.00990	0.00660	0.00330	0.00825
9	0.01519	0.05941	0.02446	0.07617	0.27607	0.01556	0.07363	0.01893	0.01469	0.02063	0.01576	0.02204	0.01383	0.02463	0.26225	0.00577	0.04092	0.00712	0.00372	0.00922

[dist]
# distance from previous block
# <min> <max>
0	19

# created by:
# /st0/software/busco_prod/Augustus/scripts/msa2prfl.pl ./align_prep/169618.fa
