[name]
unknown

[dist]
# distance from previous block
# <min> <max>
7	30

[block]
# block no. 0 follows, 29 sequences, length 10
# corresponding to MSA columns:
# 36-45
name=unknown_A
#
# <colnr> <probs for GDERKNQSTAVLIFYWHMCP>
#	G	D	E	R	K	N	Q	S	T	A	V	L	I	F	Y	W	H	M	C	P
0	0.08585	0.04942	0.01782	0.05998	0.02066	0.10337	0.01182	0.08054	0.30529	0.13433	0.02178	0.02105	0.01599	0.00845	0.00670	0.00219	0.00706	0.00660	0.00627	0.03481
1	0.06625	0.01221	0.01440	0.04390	0.01700	0.01297	0.02881	0.17334	0.11136	0.05227	0.08459	0.17439	0.09868	0.03043	0.00925	0.03851	0.00586	0.01087	0.00640	0.00850
2	0.26604	0.06951	0.01760	0.03523	0.05678	0.10525	0.01131	0.15753	0.03768	0.04836	0.01453	0.03577	0.01179	0.01014	0.04444	0.00256	0.00799	0.00562	0.02021	0.04165
3	0.03327	0.00721	0.00941	0.00993	0.01095	0.00694	0.00683	0.01300	0.01334	0.08981	0.03143	0.44670	0.03524	0.12422	0.05970	0.06895	0.00588	0.01508	0.00599	0.00611
4	0.01175	0.00847	0.01090	0.01238	0.06750	0.00847	0.00755	0.06588	0.01399	0.01881	0.02750	0.32321	0.03139	0.29280	0.01999	0.04859	0.00594	0.01347	0.00534	0.00605
5	0.01497	0.01405	0.02375	0.56610	0.10636	0.01650	0.07389	0.06122	0.01586	0.02074	0.01315	0.01876	0.00993	0.00705	0.00722	0.00234	0.00950	0.00651	0.00349	0.00863
6	0.01255	0.00892	0.01262	0.01194	0.01374	0.00865	0.06458	0.07131	0.01609	0.05516	0.06436	0.45878	0.03729	0.07402	0.01060	0.00296	0.00535	0.01554	0.04857	0.00695
7	0.02430	0.01826	0.01972	0.01536	0.02074	0.01987	0.01256	0.53107	0.09716	0.04083	0.05252	0.01968	0.01573	0.00870	0.00705	0.00208	0.00719	0.00673	0.00694	0.07348
8	0.01319	0.00938	0.01067	0.01007	0.01149	0.00963	0.00689	0.14564	0.01647	0.02195	0.05104	0.22021	0.06247	0.35459	0.02116	0.00454	0.00611	0.01239	0.00570	0.00642
9	0.05566	0.02485	0.01964	0.04931	0.02243	0.32862	0.01335	0.24353	0.12217	0.02886	0.01566	0.01647	0.01193	0.00804	0.00672	0.00206	0.00970	0.00574	0.00533	0.00992

[dist]
# distance from previous block
# <min> <max>
0	5

[block]
# block no. 1 follows, 29 sequences, length 10
# corresponding to MSA columns:
# 51-60
name=unknown_B
#
# <colnr> <probs for GDERKNQSTAVLIFYWHMCP>
#	G	D	E	R	K	N	Q	S	T	A	V	L	I	F	Y	W	H	M	C	P
0	0.01042	0.00725	0.00848	0.00870	0.00905	0.00737	0.00533	0.01183	0.04669	0.01558	0.02567	0.17174	0.02912	0.54333	0.06454	0.00617	0.00695	0.01190	0.00486	0.00505
1	0.00969	0.00734	0.01000	0.08927	0.01487	0.00732	0.00836	0.01161	0.01431	0.01876	0.06473	0.43991	0.10595	0.07298	0.01086	0.00310	0.00513	0.09366	0.00611	0.00606
2	0.01492	0.01378	0.02260	0.57822	0.15529	0.01636	0.01976	0.05701	0.01567	0.02056	0.01303	0.01865	0.00994	0.00707	0.00711	0.00232	0.00923	0.00634	0.00345	0.00871
3	0.02368	0.02372	0.01918	0.01636	0.02061	0.30990	0.01279	0.17081	0.15041	0.05526	0.01651	0.01717	0.01268	0.00824	0.00764	0.00204	0.05080	0.00582	0.00533	0.07108
4	0.00973	0.00664	0.00795	0.00856	0.00872	0.00649	0.00517	0.01019	0.01157	0.01543	0.02867	0.30575	0.03376	0.47986	0.02617	0.00542	0.00587	0.01402	0.00517	0.00486
5	0.02538	0.01860	0.01988	0.01550	0.02077	0.02059	0.01272	0.58770	0.07501	0.04246	0.01835	0.01845	0.01322	0.00860	0.00696	0.00212	0.00734	0.00654	0.06818	0.01163
6	0.02332	0.01589	0.01763	0.01462	0.01942	0.01736	0.01172	0.21331	0.36842	0.17945	0.02554	0.02348	0.01822	0.00917	0.00719	0.00229	0.00633	0.00741	0.00755	0.01168
7	0.02750	0.01570	0.01842	0.01415	0.01975	0.01573	0.01163	0.31219	0.05800	0.32407	0.02190	0.02036	0.01476	0.00840	0.00697	0.00207	0.00673	0.00660	0.00756	0.08750
8	0.02297	0.01633	0.01803	0.01451	0.01965	0.01743	0.01170	0.28260	0.26681	0.13038	0.02241	0.02124	0.01617	0.00861	0.00696	0.00212	0.00650	0.00685	0.00707	0.10165
9	0.02265	0.01680	0.05282	0.01445	0.02054	0.01534	0.03600	0.26987	0.04905	0.15655	0.01782	0.01799	0.01279	0.00741	0.00657	0.00183	0.00689	0.00592	0.00617	0.26254

[dist]
# distance from previous block
# <min> <max>
5	13

[block]
# block no. 2 follows, 29 sequences, length 9
# corresponding to MSA columns:
# 74-82
name=unknown_C
#
# <colnr> <probs for GDERKNQSTAVLIFYWHMCP>
#	G	D	E	R	K	N	Q	S	T	A	V	L	I	F	Y	W	H	M	C	P
0	0.06434	0.11086	0.02052	0.01373	0.01924	0.01649	0.03596	0.18959	0.07228	0.21395	0.01947	0.03880	0.01440	0.00806	0.00648	0.00196	0.00669	0.00638	0.00631	0.13448
1	0.11122	0.10516	0.09921	0.01677	0.02299	0.01806	0.11954	0.17275	0.06132	0.17777	0.01765	0.01804	0.01250	0.00756	0.00670	0.00216	0.00798	0.00627	0.00570	0.01064
2	0.02165	0.01570	0.01933	0.01839	0.12836	0.01579	0.01276	0.27145	0.06459	0.11335	0.07901	0.02138	0.01785	0.00820	0.00688	0.00196	0.00669	0.00674	0.00625	0.16369
3	0.01907	0.01706	0.02249	0.02546	0.27264	0.06481	0.04988	0.12753	0.08027	0.04805	0.01968	0.02137	0.06010	0.00776	0.00692	0.00199	0.00768	0.00678	0.00494	0.13552
4	0.01754	0.01714	0.03020	0.04235	0.63931	0.01703	0.08684	0.02195	0.01627	0.02322	0.01349	0.01778	0.01123	0.00631	0.00718	0.00214	0.00881	0.00655	0.00353	0.01111
5	0.01768	0.01450	0.01823	0.01728	0.12757	0.01340	0.01178	0.09572	0.08417	0.05639	0.01544	0.01710	0.01221	0.00667	0.00671	0.00161	0.03307	0.00539	0.00490	0.44020
6	0.01913	0.01740	0.02770	0.03935	0.59634	0.01774	0.02053	0.12710	0.01897	0.02671	0.01398	0.01754	0.01141	0.00670	0.00706	0.00212	0.00836	0.00636	0.00410	0.01141
7	0.01436	0.01359	0.02301	0.58206	0.19249	0.01606	0.02023	0.01899	0.01467	0.01930	0.01282	0.01869	0.00988	0.00695	0.00710	0.00232	0.00927	0.00633	0.00324	0.00865
8	0.01521	0.01445	0.02454	0.44194	0.32597	0.01628	0.02065	0.01974	0.01507	0.02033	0.01297	0.01841	0.01025	0.00679	0.00709	0.00226	0.00906	0.00634	0.00332	0.00933

[dist]
# distance from previous block
# <min> <max>
0	2

[block]
# block no. 3 follows, 29 sequences, length 57
# corresponding to MSA columns:
# 85-141
name=unknown_D
#
# <colnr> <probs for GDERKNQSTAVLIFYWHMCP>
#	G	D	E	R	K	N	Q	S	T	A	V	L	I	F	Y	W	H	M	C	P
0	0.01830	0.01769	0.02831	0.04178	0.65536	0.04457	0.02125	0.04462	0.01696	0.02377	0.01343	0.01742	0.01123	0.00646	0.00703	0.00210	0.00861	0.00628	0.00365	0.01119
1	0.01762	0.01692	0.02890	0.04371	0.70533	0.01692	0.02185	0.02185	0.01621	0.02326	0.01339	0.01762	0.01128	0.00634	0.00705	0.00211	0.00846	0.00634	0.00352	0.01128
2	0.01762	0.01692	0.02890	0.04371	0.70533	0.01692	0.02185	0.02185	0.01621	0.02326	0.01339	0.01762	0.01128	0.00634	0.00705	0.00211	0.00846	0.00634	0.00352	0.01128
3	0.02660	0.03394	0.02018	0.01834	0.02201	0.72116	0.01376	0.02843	0.02018	0.01743	0.01101	0.01284	0.00917	0.00734	0.00642	0.00183	0.01284	0.00459	0.00367	0.00825
4	0.00875	0.00623	0.00824	0.00982	0.01022	0.00583	0.00651	0.00993	0.01349	0.01799	0.03852	0.71477	0.04617	0.05390	0.01027	0.00307	0.00425	0.01981	0.00651	0.00572
5	0.01005	0.00697	0.00775	0.00773	0.00816	0.00676	0.00457	0.01045	0.01163	0.01520	0.05620	0.05019	0.13051	0.60997	0.03093	0.00604	0.00626	0.01116	0.00480	0.00467
6	0.01428	0.03683	0.71286	0.02030	0.03082	0.01654	0.02631	0.02255	0.01503	0.02255	0.01278	0.01503	0.00902	0.00677	0.00677	0.00226	0.01052	0.00526	0.00301	0.01052
7	0.01008	0.00728	0.00952	0.00896	0.01064	0.00672	0.00672	0.01344	0.02016	0.02855	0.70158	0.05319	0.06719	0.01456	0.00840	0.00224	0.00336	0.01288	0.00784	0.00672
8	0.03047	0.01181	0.01594	0.01233	0.01764	0.01019	0.01015	0.03316	0.02012	0.66679	0.03086	0.02702	0.06071	0.00939	0.00724	0.00222	0.00590	0.00766	0.00867	0.01173
9	0.01681	0.01921	0.04202	0.03001	0.03721	0.01801	0.67947	0.02281	0.01681	0.02281	0.01441	0.01921	0.01080	0.00600	0.00840	0.00240	0.01200	0.00840	0.00360	0.00960
10	0.01035	0.00693	0.00791	0.00791	0.00796	0.00698	0.00449	0.01045	0.01040	0.01391	0.02231	0.04588	0.02558	0.72299	0.06258	0.00708	0.00737	0.01025	0.00430	0.00439
11	0.00868	0.00620	0.00826	0.00991	0.01033	0.00578	0.00661	0.00991	0.01363	0.01818	0.03925	0.74510	0.04710	0.02231	0.00909	0.00289	0.00413	0.02024	0.00661	0.00578
12	0.01477	0.01266	0.01477	0.01055	0.01687	0.00949	0.00844	0.01793	0.01477	0.02320	0.01266	0.01477	0.01055	0.00527	0.00527	0.00105	0.00527	0.00422	0.00422	0.79328
13	0.02662	0.03344	0.02022	0.01828	0.02202	0.69653	0.01375	0.05145	0.02065	0.01839	0.01122	0.01299	0.00928	0.00738	0.00645	0.00185	0.01266	0.00465	0.00379	0.00839
14	0.01237	0.00618	0.00928	0.00928	0.00928	0.00618	0.00618	0.00928	0.00928	0.01237	0.01237	0.02165	0.01237	0.02474	0.02783	0.79283	0.00618	0.00618	0.00309	0.00309
15	0.80005	0.01377	0.01047	0.00936	0.01377	0.01597	0.00771	0.02093	0.01212	0.03195	0.00991	0.01157	0.00771	0.00661	0.00441	0.00220	0.00551	0.00386	0.00441	0.00771
16	0.00865	0.00691	0.00775	0.00820	0.00993	0.00601	0.00590	0.01043	0.01580	0.01978	0.12091	0.27451	0.44214	0.01902	0.00862	0.00254	0.00374	0.01643	0.00673	0.00601
17	0.80005	0.01377	0.01047	0.00936	0.01377	0.01597	0.00771	0.02093	0.01212	0.03195	0.00991	0.01157	0.00771	0.00661	0.00441	0.00220	0.00551	0.00386	0.00441	0.00771
18	0.01029	0.00759	0.01126	0.01126	0.01255	0.00882	0.00875	0.01286	0.01158	0.01691	0.01923	0.02792	0.01782	0.05170	0.69439	0.01107	0.01848	0.00759	0.03356	0.00637
19	0.01567	0.01586	0.02338	0.01957	0.02013	0.02151	0.06718	0.01758	0.01136	0.01758	0.00974	0.01586	0.00946	0.01196	0.02220	0.00306	0.68039	0.00640	0.00315	0.00793
20	0.01123	0.00801	0.01108	0.01252	0.01405	0.00796	0.01071	0.01431	0.01629	0.02135	0.07894	0.10325	0.04229	0.04761	0.01073	0.00334	0.00627	0.56704	0.00655	0.00645
21	0.03195	0.01212	0.01652	0.01267	0.01818	0.01047	0.01047	0.03470	0.02038	0.71026	0.02809	0.02424	0.01763	0.00881	0.00716	0.00220	0.00606	0.00716	0.00881	0.01212
22	0.01762	0.01692	0.02890	0.04371	0.70533	0.01692	0.02185	0.02185	0.01621	0.02326	0.01339	0.01762	0.01128	0.00634	0.00705	0.00211	0.00846	0.00634	0.00352	0.01128
23	0.02278	0.01603	0.01756	0.01456	0.01928	0.01765	0.01167	0.24642	0.35218	0.13822	0.02478	0.02312	0.01785	0.00912	0.00712	0.00227	0.00634	0.00733	0.03420	0.01151
24	0.01558	0.01558	0.02181	0.01869	0.01869	0.02181	0.01558	0.01714	0.01091	0.01714	0.00935	0.01558	0.00935	0.01246	0.02337	0.00312	0.73672	0.00623	0.00312	0.00779
25	0.01237	0.00618	0.00928	0.00928	0.00928	0.00618	0.00618	0.00928	0.00928	0.01237	0.01237	0.02165	0.01237	0.02474	0.02783	0.79283	0.00618	0.00618	0.00309	0.00309
26	0.02236	0.06710	0.02059	0.01619	0.02062	0.22948	0.06144	0.08169	0.21347	0.10957	0.06852	0.02180	0.01833	0.00862	0.00698	0.00212	0.00847	0.00687	0.00586	0.00995
27	0.45298	0.07775	0.16640	0.01331	0.01906	0.12421	0.01300	0.02245	0.01415	0.02655	0.01070	0.01250	0.00833	0.00672	0.00524	0.00211	0.00787	0.00427	0.00389	0.00851
28	0.00973	0.00723	0.00906	0.00868	0.01044	0.00656	0.00648	0.01273	0.01922	0.02651	0.56452	0.08007	0.18152	0.01546	0.00843	0.00229	0.00343	0.01352	0.00757	0.00656
29	0.02728	0.01960	0.02115	0.01622	0.02191	0.02157	0.01340	0.65289	0.03290	0.07440	0.01758	0.01741	0.01235	0.00856	0.00712	0.00214	0.00776	0.00644	0.00720	0.01211
30	0.01017	0.00763	0.01144	0.01144	0.01272	0.00890	0.00890	0.01272	0.01144	0.01653	0.01907	0.02797	0.01780	0.05340	0.72153	0.01144	0.01907	0.00763	0.00381	0.00636
31	0.01509	0.03120	0.49854	0.02340	0.03286	0.01701	0.23498	0.02263	0.01560	0.02263	0.01330	0.01637	0.00959	0.00652	0.00729	0.00230	0.01100	0.00627	0.00320	0.01023
32	0.00842	0.00721	0.00721	0.00721	0.00962	0.00601	0.00541	0.01022	0.01623	0.01924	0.07213	0.06853	0.70244	0.01803	0.00842	0.00240	0.00361	0.01503	0.00661	0.00601
33	0.01771	0.01530	0.01610	0.01449	0.01852	0.01771	0.01127	0.03784	0.69247	0.02979	0.02898	0.02657	0.02174	0.00966	0.00725	0.00242	0.00564	0.00805	0.00725	0.01127
34	0.01762	0.01692	0.02890	0.04371	0.70533	0.01692	0.02185	0.02185	0.01621	0.02326	0.01339	0.01762	0.01128	0.00634	0.00705	0.00211	0.00846	0.00634	0.00352	0.01128
35	0.00853	0.00706	0.00747	0.00770	0.00977	0.00601	0.00565	0.01031	0.01599	0.01946	0.09339	0.17245	0.57458	0.01855	0.00852	0.00247	0.00368	0.01574	0.00666	0.00601
36	0.02660	0.03394	0.02018	0.01834	0.02201	0.72116	0.01376	0.02843	0.02018	0.01743	0.01101	0.01284	0.00917	0.00734	0.00642	0.00183	0.01284	0.00459	0.00367	0.00825
37	0.00868	0.00620	0.00826	0.00991	0.01033	0.00578	0.00661	0.00991	0.01363	0.01818	0.03925	0.74510	0.04710	0.02231	0.00909	0.00289	0.00413	0.02024	0.00661	0.00578
38	0.01017	0.00763	0.01144	0.01144	0.01272	0.00890	0.00890	0.01272	0.01144	0.01653	0.01907	0.02797	0.01780	0.05340	0.72153	0.01144	0.01907	0.00763	0.00381	0.00636
39	0.01762	0.01692	0.02890	0.04371	0.70533	0.01692	0.02185	0.02185	0.01621	0.02326	0.01339	0.01762	0.01128	0.00634	0.00705	0.00211	0.00846	0.00634	0.00352	0.01128
40	0.01954	0.70785	0.03631	0.01245	0.01852	0.02779	0.01227	0.06286	0.01566	0.01852	0.01035	0.01178	0.00932	0.00625	0.00473	0.00156	0.00763	0.00397	0.00330	0.00932
41	0.80005	0.01377	0.01047	0.00936	0.01377	0.01597	0.00771	0.02093	0.01212	0.03195	0.00991	0.01157	0.00771	0.00661	0.00441	0.00220	0.00551	0.00386	0.00441	0.00771
42	0.01478	0.01391	0.02294	0.51238	0.21390	0.01622	0.01977	0.02036	0.05741	0.02021	0.01387	0.01912	0.01072	0.00708	0.00711	0.00231	0.00899	0.00644	0.00351	0.00898
43	0.01558	0.01558	0.02181	0.01869	0.01869	0.02181	0.01558	0.01714	0.01091	0.01714	0.00935	0.01558	0.00935	0.01246	0.02337	0.00312	0.73672	0.00623	0.00312	0.00779
44	0.80005	0.01377	0.01047	0.00936	0.01377	0.01597	0.00771	0.02093	0.01212	0.03195	0.00991	0.01157	0.00771	0.00661	0.00441	0.00220	0.00551	0.00386	0.00441	0.00771
45	0.01762	0.01692	0.02890	0.04371	0.70533	0.01692	0.02185	0.02185	0.01621	0.02326	0.01339	0.01762	0.01128	0.00634	0.00705	0.00211	0.00846	0.00634	0.00352	0.01128
46	0.03195	0.01212	0.01652	0.01267	0.01818	0.01047	0.01047	0.03470	0.02038	0.71026	0.02809	0.02424	0.01763	0.00881	0.00716	0.00220	0.00606	0.00716	0.00881	0.01212
47	0.01237	0.00618	0.00928	0.00928	0.00928	0.00618	0.00618	0.00928	0.00928	0.01237	0.01237	0.02165	0.01237	0.02474	0.02783	0.79283	0.00618	0.00618	0.00309	0.00309
48	0.80005	0.01377	0.01047	0.00936	0.01377	0.01597	0.00771	0.02093	0.01212	0.03195	0.00991	0.01157	0.00771	0.00661	0.00441	0.00220	0.00551	0.00386	0.00441	0.00771
49	0.00873	0.00694	0.00783	0.00820	0.00996	0.00605	0.00593	0.01060	0.01608	0.02028	0.15341	0.25124	0.43224	0.01870	0.00860	0.00251	0.00371	0.01614	0.00679	0.00605
50	0.01937	0.00933	0.01249	0.01053	0.01384	0.00831	0.00831	0.02247	0.02025	0.31815	0.41547	0.04089	0.04613	0.01212	0.00787	0.00222	0.00451	0.01045	0.00825	0.00901
51	0.01418	0.01353	0.01914	0.01682	0.01715	0.01848	0.01386	0.01600	0.01104	0.01698	0.01186	0.01878	0.01153	0.02302	0.20341	0.00526	0.55166	0.00659	0.00330	0.00742
52	0.01723	0.01652	0.02820	0.10818	0.64391	0.01682	0.02166	0.02151	0.01603	0.02279	0.01332	0.01775	0.01111	0.00642	0.00706	0.00214	0.00856	0.00634	0.00349	0.01096
53	0.01966	0.46893	0.12444	0.01459	0.02056	0.17617	0.01431	0.02267	0.01566	0.01768	0.01092	0.01291	0.00949	0.00843	0.03528	0.00211	0.00962	0.00433	0.00321	0.00902
54	0.80005	0.01377	0.01047	0.00936	0.01377	0.01597	0.00771	0.02093	0.01212	0.03195	0.00991	0.01157	0.00771	0.00661	0.00441	0.00220	0.00551	0.00386	0.00441	0.00771
55	0.01053	0.00692	0.00911	0.01019	0.01126	0.00640	0.00729	0.01222	0.01484	0.06426	0.06960	0.54744	0.09466	0.02049	0.00896	0.00282	0.00444	0.08543	0.00680	0.00634
56	0.01557	0.01225	0.01554	0.12061	0.02148	0.01033	0.01021	0.01889	0.01526	0.07607	0.03649	0.03957	0.01384	0.00664	0.00592	0.00144	0.00588	0.00553	0.00460	0.56386

[dist]
# distance from previous block
# <min> <max>
0	1

[block]
# block no. 4 follows, 29 sequences, length 23
# corresponding to MSA columns:
# 143-165
name=unknown_E
#
# <colnr> <probs for GDERKNQSTAVLIFYWHMCP>
#	G	D	E	R	K	N	Q	S	T	A	V	L	I	F	Y	W	H	M	C	P
0	0.02934	0.01183	0.01588	0.01242	0.01752	0.01046	0.01017	0.03294	0.05114	0.61814	0.08836	0.02693	0.02225	0.00937	0.00728	0.00222	0.00580	0.00771	0.00865	0.01160
1	0.01805	0.60565	0.17708	0.01386	0.02087	0.02577	0.01511	0.02158	0.01459	0.01795	0.01050	0.01217	0.00911	0.00623	0.00502	0.00167	0.00822	0.00411	0.00304	0.00942
2	0.03129	0.01226	0.01651	0.01275	0.01819	0.01080	0.01050	0.03485	0.05138	0.67888	0.02813	0.02434	0.01782	0.00885	0.00716	0.00221	0.00604	0.00720	0.00874	0.01208
3	0.01477	0.01266	0.01477	0.01055	0.01687	0.00949	0.00844	0.01793	0.01477	0.02320	0.01266	0.01477	0.01055	0.00527	0.00527	0.00105	0.00527	0.00422	0.00422	0.79328
4	0.01730	0.01649	0.02753	0.09562	0.61193	0.01688	0.02104	0.02255	0.05765	0.02327	0.01430	0.01828	0.01178	0.00661	0.00707	0.00215	0.00837	0.00645	0.00373	0.01102
5	0.01762	0.01692	0.02890	0.04371	0.70533	0.01692	0.02185	0.02185	0.01621	0.02326	0.01339	0.01762	0.01128	0.00634	0.00705	0.00211	0.00846	0.00634	0.00352	0.01128
6	0.00865	0.00726	0.00754	0.00757	0.00990	0.00615	0.00575	0.01061	0.01648	0.01990	0.10939	0.06809	0.63528	0.01789	0.00847	0.00243	0.00372	0.04218	0.00669	0.00608
7	0.07150	0.01959	0.02074	0.01598	0.02160	0.02173	0.01320	0.64361	0.03225	0.04413	0.01668	0.01678	0.01186	0.00844	0.00697	0.00214	0.00770	0.00626	0.00697	0.01186
8	0.80005	0.01377	0.01047	0.00936	0.01377	0.01597	0.00771	0.02093	0.01212	0.03195	0.00991	0.01157	0.00771	0.00661	0.00441	0.00220	0.00551	0.00386	0.00441	0.00771
9	0.01008	0.00728	0.00952	0.00896	0.01064	0.00672	0.00672	0.01344	0.02016	0.02855	0.70158	0.05319	0.06719	0.01456	0.00840	0.00224	0.00336	0.01288	0.00784	0.00672
10	0.01558	0.01558	0.02181	0.01869	0.01869	0.02181	0.01558	0.01714	0.01091	0.01714	0.00935	0.01558	0.00935	0.01246	0.02337	0.00312	0.73672	0.00623	0.00312	0.00779
11	0.01762	0.01692	0.02890	0.04371	0.70533	0.01692	0.02185	0.02185	0.01621	0.02326	0.01339	0.01762	0.01128	0.00634	0.00705	0.00211	0.00846	0.00634	0.00352	0.01128
12	0.01345	0.01266	0.02136	0.73264	0.04904	0.01582	0.01978	0.01819	0.01424	0.01819	0.01266	0.01898	0.00949	0.00712	0.00712	0.00237	0.00949	0.00633	0.00316	0.00791
13	0.05608	0.00702	0.00685	0.00679	0.00859	0.00714	0.00513	0.01683	0.01478	0.02684	0.02250	0.02573	0.01768	0.00820	0.00495	0.00169	0.00344	0.00649	0.74658	0.00670
14	0.01237	0.00618	0.00928	0.00928	0.00928	0.00618	0.00618	0.00928	0.00928	0.01237	0.01237	0.02165	0.01237	0.02474	0.02783	0.79283	0.00618	0.00618	0.00309	0.00309
15	0.01578	0.01504	0.02558	0.34707	0.41634	0.01644	0.02094	0.02024	0.01534	0.02103	0.01307	0.01822	0.01049	0.00669	0.00708	0.00223	0.00891	0.00634	0.00337	0.00980
16	0.01017	0.00763	0.01144	0.01144	0.01272	0.00890	0.00890	0.01272	0.01144	0.01653	0.01907	0.02797	0.01780	0.05340	0.72153	0.01144	0.01907	0.00763	0.00381	0.00636
17	0.00846	0.00702	0.00741	0.00772	0.00975	0.00597	0.00563	0.01016	0.01575	0.01904	0.06600	0.19480	0.58013	0.01883	0.00854	0.00250	0.00370	0.01600	0.00661	0.00597
18	0.01985	0.01292	0.01558	0.01141	0.01750	0.01044	0.00924	0.05891	0.01724	0.20048	0.01686	0.01732	0.01245	0.00636	0.00586	0.00141	0.00562	0.00509	0.00556	0.54991
19	0.02530	0.06850	0.02158	0.01753	0.02152	0.44095	0.01378	0.19387	0.02242	0.02438	0.01235	0.01410	0.00994	0.00804	0.00803	0.00201	0.07682	0.00516	0.00447	0.00925
20	0.01139	0.00826	0.01016	0.01050	0.01179	0.00824	0.00740	0.08770	0.03823	0.02286	0.13694	0.48368	0.04389	0.07080	0.01063	0.00298	0.00468	0.01645	0.00671	0.00672
21	0.06519	0.01676	0.02059	0.02241	0.21584	0.03914	0.01423	0.26396	0.05964	0.03253	0.10138	0.02165	0.01882	0.00833	0.00695	0.00207	0.00716	0.00692	0.00570	0.07071
22	0.01847	0.01704	0.02768	0.07562	0.59557	0.01744	0.02082	0.09548	0.01805	0.02542	0.01377	0.01763	0.01128	0.00663	0.00706	0.00213	0.00844	0.00635	0.00391	0.01120

[dist]
# distance from previous block
# <min> <max>
0	1

[block]
# block no. 5 follows, 29 sequences, length 11
# corresponding to MSA columns:
# 167-177
name=unknown_F
#
# <colnr> <probs for GDERKNQSTAVLIFYWHMCP>
#	G	D	E	R	K	N	Q	S	T	A	V	L	I	F	Y	W	H	M	C	P
0	0.03995	0.02180	0.24701	0.05208	0.06098	0.01546	0.05717	0.10647	0.09119	0.11799	0.04212	0.06258	0.01640	0.00866	0.00714	0.00226	0.00811	0.00733	0.00527	0.03004
1	0.10063	0.08774	0.32736	0.01770	0.05304	0.01610	0.05798	0.03843	0.01555	0.06417	0.01333	0.01526	0.00995	0.00652	0.00620	0.00197	0.00847	0.00517	0.00388	0.15055
2	0.02349	0.01649	0.01806	0.03996	0.03951	0.05764	0.01216	0.33119	0.05731	0.15609	0.05798	0.02793	0.08292	0.01012	0.00739	0.00223	0.00711	0.03486	0.00695	0.01060
3	0.01800	0.01292	0.01541	0.01523	0.07563	0.01358	0.01078	0.09220	0.27227	0.12373	0.06773	0.12543	0.10225	0.01202	0.00764	0.00238	0.00561	0.01027	0.00701	0.00992
4	0.01840	0.09545	0.02017	0.01510	0.05533	0.08886	0.04300	0.06212	0.11318	0.05540	0.01789	0.01889	0.03895	0.00714	0.00616	0.00167	0.00698	0.00575	0.00487	0.32470
5	0.02087	0.01921	0.02238	0.02068	0.11809	0.12410	0.08489	0.17929	0.10631	0.04946	0.01761	0.01904	0.02932	0.00786	0.00761	0.00205	0.03880	0.00646	0.00519	0.12078
6	0.01784	0.01378	0.05898	0.01418	0.01858	0.01204	0.08029	0.14277	0.01988	0.13700	0.09928	0.17087	0.06710	0.01213	0.00774	0.00229	0.00640	0.02808	0.00643	0.08436
7	0.01729	0.07367	0.11309	0.01918	0.12215	0.01729	0.01489	0.08542	0.26911	0.02700	0.05167	0.02445	0.01864	0.00893	0.00746	0.00223	0.02780	0.03756	0.00549	0.05667
8	0.04481	0.01601	0.07028	0.02366	0.23216	0.04072	0.07551	0.03839	0.04980	0.08327	0.11635	0.06846	0.05845	0.00948	0.00736	0.00220	0.00728	0.00856	0.00523	0.04202
9	0.02013	0.01680	0.05228	0.01771	0.02392	0.01518	0.18929	0.16074	0.06015	0.11454	0.01733	0.01875	0.01270	0.00702	0.00690	0.00193	0.00787	0.00651	0.03271	0.21753
10	0.01886	0.04183	0.15304	0.01540	0.04315	0.01501	0.01382	0.05247	0.27147	0.15311	0.08646	0.02735	0.05750	0.00955	0.00720	0.00228	0.00660	0.00789	0.00646	0.01056

[dist]
# distance from previous block
# <min> <max>
0	12

# created by:
# /st0/software/busco_prod/Augustus/scripts/msa2prfl.pl ./align_prep/169742.fa
