[name]
unknown

[dist]
# distance from previous block
# <min> <max>
42	100

[block]
# block no. 0 follows, 31 sequences, length 73
# corresponding to MSA columns:
# 146-218
name=unknown_A
#
# <colnr> <probs for GDERKNQSTAVLIFYWHMCP>
#	G	D	E	R	K	N	Q	S	T	A	V	L	I	F	Y	W	H	M	C	P
0	0.04538	0.09796	0.01720	0.01229	0.01668	0.11007	0.00987	0.13059	0.04952	0.06603	0.07167	0.10533	0.01925	0.00900	0.00626	0.00179	0.00649	0.00719	0.00526	0.21217
1	0.17934	0.03662	0.15018	0.09227	0.07162	0.07132	0.03797	0.04734	0.01601	0.12982	0.05252	0.01764	0.01320	0.00718	0.00615	0.00204	0.00766	0.00565	0.00459	0.05085
2	0.01545	0.16697	0.12630	0.10364	0.08235	0.06779	0.04619	0.01904	0.01383	0.01837	0.01273	0.01815	0.01115	0.01231	0.08460	0.00305	0.12326	0.03016	0.00330	0.04137
3	0.03964	0.15333	0.12215	0.01348	0.05322	0.01371	0.01197	0.04412	0.04439	0.06710	0.09399	0.06601	0.15162	0.01144	0.00698	0.00219	0.00618	0.08498	0.00527	0.00822
4	0.01901	0.31924	0.09661	0.01985	0.12422	0.06259	0.11260	0.04718	0.01591	0.08245	0.01284	0.01490	0.01022	0.00679	0.00646	0.02224	0.00845	0.00527	0.00375	0.00944
5	0.04843	0.01283	0.01469	0.01203	0.01640	0.01279	0.00968	0.15489	0.14750	0.15166	0.12087	0.02814	0.04776	0.00944	0.00679	0.00200	0.00549	0.03733	0.00660	0.15467
6	0.07080	0.01547	0.01990	0.04074	0.02064	0.01742	0.08063	0.30148	0.02131	0.07798	0.01649	0.05624	0.01329	0.01027	0.02808	0.00250	0.13912	0.00695	0.05122	0.00948
7	0.65532	0.01441	0.05210	0.01010	0.01477	0.01492	0.00883	0.02212	0.03917	0.09796	0.01210	0.01305	0.00893	0.00668	0.00473	0.00213	0.00563	0.00425	0.00468	0.00811
8	0.01587	0.22031	0.50713	0.01708	0.02583	0.01841	0.02093	0.02204	0.01460	0.06069	0.01242	0.01407	0.00917	0.00645	0.00598	0.00198	0.00915	0.00480	0.00322	0.00986
9	0.01027	0.00714	0.00931	0.00888	0.01059	0.00658	0.00674	0.01334	0.01879	0.04740	0.60387	0.07711	0.09047	0.01449	0.00813	0.00223	0.00351	0.04721	0.00740	0.00654
10	0.02491	0.03157	0.01904	0.01735	0.02078	0.70244	0.01303	0.02670	0.01904	0.01671	0.01089	0.01293	0.00915	0.00886	0.03594	0.00214	0.01258	0.00453	0.00353	0.00786
11	0.01098	0.00784	0.01096	0.01246	0.01403	0.00782	0.01086	0.01413	0.01588	0.02072	0.06047	0.07624	0.04027	0.01872	0.00940	0.00311	0.00619	0.64726	0.00634	0.00631
12	0.01372	0.03539	0.72412	0.01950	0.02961	0.01589	0.02528	0.02167	0.01444	0.02167	0.01228	0.01444	0.00867	0.00650	0.00650	0.00217	0.01011	0.00506	0.00289	0.01011
13	0.06166	0.01141	0.01520	0.01181	0.01682	0.01004	0.00971	0.03146	0.01924	0.64757	0.07106	0.02460	0.01965	0.00874	0.00685	0.00212	0.00563	0.00711	0.00823	0.01113
14	0.02267	0.16334	0.02224	0.01414	0.01944	0.02081	0.01200	0.45069	0.07641	0.03495	0.01593	0.01629	0.01192	0.00766	0.00620	0.00188	0.00702	0.00569	0.03835	0.05237
15	0.00837	0.00695	0.00735	0.00742	0.00958	0.00593	0.00561	0.01029	0.01587	0.01937	0.12654	0.08592	0.60309	0.01721	0.00817	0.00235	0.00359	0.04407	0.00646	0.00586
16	0.01971	0.04515	0.01761	0.01430	0.01860	0.04793	0.01141	0.22406	0.42757	0.03178	0.05123	0.02284	0.01904	0.00894	0.00684	0.00218	0.00630	0.00718	0.00665	0.01068
17	0.02063	0.01248	0.01504	0.01255	0.01698	0.01211	0.01023	0.11566	0.14215	0.24102	0.02487	0.05982	0.02031	0.01010	0.00703	0.00213	0.00584	0.10898	0.00675	0.15533
18	0.01700	0.55786	0.23036	0.01391	0.02096	0.02391	0.01554	0.02082	0.01405	0.01767	0.01029	0.01196	0.00875	0.00604	0.00499	0.00166	0.00811	0.00405	0.00292	0.00916
19	0.01803	0.72159	0.07562	0.01216	0.01826	0.02642	0.01249	0.02055	0.01393	0.01642	0.00967	0.01118	0.00877	0.00589	0.00451	0.00150	0.00748	0.00374	0.00292	0.00886
20	0.00968	0.00699	0.00914	0.00861	0.01022	0.00646	0.00646	0.01291	0.01937	0.02743	0.71328	0.05110	0.06455	0.01399	0.00807	0.00215	0.00323	0.01237	0.00753	0.00646
21	0.00918	0.00749	0.00827	0.00845	0.01060	0.00679	0.00657	0.01224	0.05560	0.01999	0.10777	0.09534	0.49174	0.01704	0.00826	0.00245	0.00402	0.11556	0.00647	0.00619
22	0.01318	0.01253	0.02149	0.69176	0.07198	0.01531	0.04256	0.01777	0.01384	0.01782	0.01225	0.01820	0.00923	0.00677	0.00688	0.00227	0.00917	0.00615	0.00307	0.00778
23	0.03070	0.01164	0.01588	0.01217	0.01746	0.01006	0.01006	0.03334	0.01958	0.72163	0.02699	0.02329	0.01694	0.00847	0.00688	0.00212	0.00582	0.00688	0.00847	0.01164
24	0.80789	0.01323	0.01006	0.00900	0.01323	0.01535	0.00741	0.02011	0.01164	0.03070	0.00953	0.01111	0.00741	0.00635	0.00423	0.00212	0.00529	0.00370	0.00423	0.00741
25	0.80789	0.01323	0.01006	0.00900	0.01323	0.01535	0.00741	0.02011	0.01164	0.03070	0.00953	0.01111	0.00741	0.00635	0.00423	0.00212	0.00529	0.00370	0.00423	0.00741
26	0.00963	0.00650	0.00755	0.00786	0.00794	0.00642	0.00458	0.00987	0.01056	0.01409	0.02471	0.18349	0.02885	0.61541	0.02973	0.00588	0.00611	0.01180	0.00458	0.00442
27	0.80789	0.01323	0.01006	0.00900	0.01323	0.01535	0.00741	0.02011	0.01164	0.03070	0.00953	0.01111	0.00741	0.00635	0.00423	0.00212	0.00529	0.00370	0.00423	0.00741
28	0.03070	0.01164	0.01588	0.01217	0.01746	0.01006	0.01006	0.03334	0.01958	0.72163	0.02699	0.02329	0.01694	0.00847	0.00688	0.00212	0.00582	0.00688	0.00847	0.01164
29	0.01350	0.01275	0.02157	0.64172	0.14399	0.01535	0.01929	0.01799	0.01395	0.01818	0.01226	0.01805	0.00937	0.00673	0.00683	0.00224	0.00898	0.00608	0.00309	0.00807
30	0.01829	0.76368	0.03585	0.01171	0.01756	0.02707	0.01171	0.02049	0.01390	0.01610	0.00951	0.01097	0.00878	0.00585	0.00439	0.00146	0.00732	0.00366	0.00293	0.00878
31	0.01808	0.73076	0.06697	0.01206	0.01810	0.02656	0.01232	0.02054	0.01393	0.01635	0.00964	0.01113	0.00877	0.00588	0.00449	0.00150	0.00744	0.00372	0.00292	0.00884
32	0.00814	0.00670	0.00717	0.00754	0.00940	0.00572	0.00547	0.00975	0.01501	0.01824	0.06192	0.22689	0.55783	0.01829	0.00824	0.00242	0.00358	0.01561	0.00635	0.00572
33	0.23925	0.02057	0.01742	0.01432	0.01902	0.17950	0.01153	0.36022	0.02369	0.03380	0.01323	0.01406	0.00985	0.00744	0.00598	0.00201	0.00800	0.00510	0.00539	0.00965
34	0.02476	0.01870	0.01974	0.04514	0.02158	0.04661	0.01282	0.60586	0.03000	0.04016	0.01634	0.01683	0.01174	0.00810	0.00671	0.00203	0.00754	0.00610	0.04819	0.01105
35	0.00982	0.00671	0.00774	0.00765	0.00803	0.00657	0.00460	0.01048	0.01188	0.01603	0.14795	0.04679	0.06068	0.59459	0.02890	0.00565	0.00589	0.01057	0.00485	0.00463
36	0.00834	0.00595	0.00794	0.00953	0.00992	0.00556	0.00635	0.00953	0.01310	0.01746	0.03771	0.75510	0.04525	0.02143	0.00873	0.00278	0.00397	0.01945	0.00635	0.00556
37	0.01419	0.01216	0.01419	0.01013	0.01621	0.00912	0.00811	0.01723	0.01419	0.02229	0.01216	0.01419	0.01013	0.00507	0.00507	0.00101	0.00507	0.00405	0.00405	0.80139
38	0.00942	0.00701	0.00878	0.00843	0.01018	0.00637	0.00638	0.01235	0.01849	0.02541	0.56080	0.05499	0.19165	0.01483	0.00812	0.00222	0.00339	0.03761	0.00725	0.00632
39	0.03070	0.01164	0.01588	0.01217	0.01746	0.01006	0.01006	0.03334	0.01958	0.72163	0.02699	0.02329	0.01694	0.00847	0.00688	0.00212	0.00582	0.00688	0.00847	0.01164
40	0.02592	0.01819	0.01979	0.01530	0.02066	0.01991	0.01260	0.59271	0.07090	0.10625	0.01810	0.01761	0.01268	0.00830	0.00685	0.00208	0.00724	0.00632	0.00700	0.01159
41	0.01829	0.76368	0.03585	0.01171	0.01756	0.02707	0.01171	0.02049	0.01390	0.01610	0.00951	0.01097	0.00878	0.00585	0.00439	0.00146	0.00732	0.00366	0.00293	0.00878
42	0.02283	0.01711	0.01838	0.01467	0.01932	0.01902	0.01182	0.50218	0.16138	0.03747	0.01879	0.01999	0.01421	0.05238	0.00918	0.03025	0.00701	0.00668	0.00658	0.01074
43	0.01702	0.01470	0.01547	0.01392	0.01779	0.01702	0.01083	0.03635	0.70453	0.02862	0.02785	0.02553	0.02088	0.00928	0.00696	0.00232	0.00541	0.00773	0.00696	0.01083
44	0.01829	0.76368	0.03585	0.01171	0.01756	0.02707	0.01171	0.02049	0.01390	0.01610	0.00951	0.01097	0.00878	0.00585	0.00439	0.00146	0.00732	0.00366	0.00293	0.00878
45	0.00995	0.00663	0.00746	0.00746	0.00746	0.00663	0.00415	0.00995	0.00995	0.01327	0.02156	0.04477	0.02487	0.75957	0.03482	0.00663	0.00663	0.00995	0.00415	0.00415
46	0.01372	0.03539	0.72412	0.01950	0.02961	0.01589	0.02528	0.02167	0.01444	0.02167	0.01228	0.01444	0.00867	0.00650	0.00650	0.00217	0.01011	0.00506	0.00289	0.01011
47	0.02824	0.01508	0.11831	0.01323	0.01922	0.01090	0.01226	0.03165	0.01884	0.62039	0.02486	0.02201	0.01574	0.00818	0.00682	0.00212	0.00644	0.00662	0.00766	0.01142
48	0.02433	0.01840	0.01898	0.01509	0.02009	0.06048	0.01226	0.48607	0.14187	0.08247	0.02002	0.01941	0.03128	0.00857	0.00686	0.00209	0.00724	0.00658	0.00676	0.01114
49	0.00820	0.00668	0.00725	0.00764	0.00944	0.00574	0.00553	0.00984	0.01507	0.01849	0.08036	0.24046	0.52499	0.01827	0.00825	0.00242	0.00359	0.01565	0.00639	0.00574
50	0.01209	0.01104	0.01824	0.61037	0.04039	0.01345	0.01671	0.01604	0.01357	0.01748	0.01678	0.15158	0.01566	0.00948	0.00718	0.00237	0.00819	0.00850	0.00364	0.00723
51	0.06130	0.58345	0.03153	0.01241	0.01802	0.05748	0.01174	0.11820	0.01667	0.02080	0.01056	0.01183	0.00912	0.00627	0.00482	0.00160	0.00747	0.00406	0.00359	0.00908
52	0.03070	0.01164	0.01588	0.01217	0.01746	0.01006	0.01006	0.03334	0.01958	0.72163	0.02699	0.02329	0.01694	0.00847	0.00688	0.00212	0.00582	0.00688	0.00847	0.01164
53	0.01287	0.01143	0.01944	0.60511	0.04085	0.01385	0.04071	0.01632	0.01303	0.01678	0.01218	0.01864	0.00959	0.00940	0.00994	0.12503	0.00872	0.00613	0.00304	0.00695
54	0.20239	0.47692	0.09075	0.01194	0.01759	0.04511	0.01188	0.02048	0.01351	0.02003	0.01006	0.01183	0.00870	0.00741	0.02617	0.00197	0.00758	0.00393	0.00327	0.00847
55	0.00977	0.00733	0.01100	0.01100	0.01222	0.00855	0.00855	0.01222	0.01100	0.01588	0.01833	0.02688	0.01710	0.05131	0.73245	0.01100	0.01833	0.00733	0.00367	0.00611
56	0.01372	0.03539	0.72412	0.01950	0.02961	0.01589	0.02528	0.02167	0.01444	0.02167	0.01228	0.01444	0.00867	0.00650	0.00650	0.00217	0.01011	0.00506	0.00289	0.01011
57	0.20531	0.10989	0.45229	0.01644	0.02456	0.01704	0.04298	0.02117	0.01377	0.02323	0.01137	0.01340	0.00844	0.00637	0.00578	0.00208	0.00869	0.00468	0.00324	0.00928
58	0.01488	0.01178	0.01581	0.01210	0.01718	0.00965	0.07258	0.01839	0.03831	0.07970	0.01829	0.13766	0.01687	0.00825	0.00617	0.00156	0.00557	0.00733	0.00484	0.50308
59	0.01592	0.01773	0.03407	0.19257	0.03707	0.05822	0.47994	0.02106	0.01562	0.02045	0.01314	0.01796	0.00996	0.00625	0.00806	0.00229	0.03026	0.00735	0.00335	0.00873
60	0.33192	0.02244	0.30962	0.01478	0.04666	0.01471	0.01548	0.02038	0.01333	0.02540	0.01118	0.01317	0.00846	0.00622	0.00540	0.00197	0.00738	0.00441	0.00361	0.12350
61	0.05859	0.10375	0.42902	0.01846	0.04498	0.01811	0.05079	0.15277	0.01781	0.02579	0.01275	0.01455	0.00933	0.00672	0.00631	0.00207	0.00908	0.00522	0.00378	0.01011
62	0.00927	0.00767	0.00929	0.00861	0.01091	0.00686	0.03219	0.01231	0.04161	0.02210	0.29063	0.05743	0.43540	0.01543	0.00804	0.00226	0.00376	0.01323	0.00668	0.00633
63	0.05866	0.01400	0.02012	0.10204	0.10387	0.01527	0.11065	0.15864	0.05694	0.02695	0.01627	0.01936	0.01262	0.00863	0.02467	0.00231	0.05570	0.00644	0.17796	0.00891
64	0.01313	0.01238	0.02090	0.70621	0.08238	0.01526	0.01910	0.01766	0.01378	0.01774	0.01220	0.01817	0.00921	0.00680	0.00684	0.00227	0.00907	0.00608	0.00306	0.00777
65	0.01421	0.01225	0.01440	0.01038	0.01627	0.00949	0.00832	0.01720	0.01407	0.02211	0.01206	0.01421	0.01010	0.00529	0.00562	0.00108	0.02858	0.00411	0.00402	0.77623
66	0.80789	0.01323	0.01006	0.00900	0.01323	0.01535	0.00741	0.02011	0.01164	0.03070	0.00953	0.01111	0.00741	0.00635	0.00423	0.00212	0.00529	0.00370	0.00423	0.00741
67	0.00834	0.00595	0.00794	0.00953	0.00992	0.00556	0.00635	0.00953	0.01310	0.01746	0.03771	0.75510	0.04525	0.02143	0.00873	0.00278	0.00397	0.01945	0.00635	0.00556
68	0.80789	0.01323	0.01006	0.00900	0.01323	0.01535	0.00741	0.02011	0.01164	0.03070	0.00953	0.01111	0.00741	0.00635	0.00423	0.00212	0.00529	0.00370	0.00423	0.00741
69	0.01175	0.00603	0.00905	0.00905	0.00912	0.00611	0.00611	0.00912	0.00905	0.01214	0.01229	0.02118	0.01222	0.02552	0.07170	0.75063	0.00673	0.00603	0.00302	0.00317
70	0.01672	0.01457	0.01868	0.09277	0.17437	0.01553	0.01350	0.09060	0.29432	0.02624	0.02109	0.02183	0.03987	0.00791	0.00666	0.00204	0.00647	0.00676	0.00533	0.12474
71	0.08942	0.05623	0.47382	0.02180	0.14288	0.01662	0.02167	0.06022	0.01538	0.02366	0.01226	0.01454	0.00909	0.00649	0.00628	0.00211	0.00907	0.00512	0.00333	0.01002
72	0.06894	0.08420	0.13884	0.01244	0.01835	0.01277	0.01189	0.03887	0.03282	0.20995	0.08760	0.02025	0.01723	0.00746	0.00608	0.00179	0.00624	0.00591	0.00543	0.21295

[dist]
# distance from previous block
# <min> <max>
0	106

# created by:
# /st0/software/busco_prod/Augustus/scripts/msa2prfl.pl ./align_prep/169801.fa
