[name]
unknown

[dist]
# distance from previous block
# <min> <max>
0	32

[block]
# block no. 0 follows, 26 sequences, length 9
# corresponding to MSA columns:
# 33-41
name=unknown_A
#
# <colnr> <probs for GDERKNQSTAVLIFYWHMCP>
#	G	D	E	R	K	N	Q	S	T	A	V	L	I	F	Y	W	H	M	C	P
0	0.04843	0.01489	0.01648	0.01385	0.01824	0.01563	0.01106	0.23308	0.14549	0.06652	0.08163	0.06390	0.05745	0.04226	0.00910	0.00258	0.00650	0.05408	0.00711	0.09169
1	0.13261	0.10801	0.02073	0.01428	0.01961	0.02007	0.01194	0.31320	0.07784	0.09176	0.04741	0.02377	0.06769	0.00963	0.00701	0.00226	0.00709	0.00727	0.00678	0.01104
2	0.05189	0.01764	0.10173	0.01461	0.02022	0.01511	0.01315	0.14262	0.14720	0.10634	0.04772	0.03146	0.07156	0.01055	0.00756	0.00232	0.00692	0.06192	0.00662	0.12287
3	0.01694	0.01686	0.02155	0.49687	0.04254	0.10372	0.01857	0.02466	0.13866	0.02158	0.01651	0.02091	0.01250	0.00812	0.00751	0.00246	0.00979	0.00685	0.00425	0.00914
4	0.02523	0.02083	0.02003	0.01642	0.02145	0.10677	0.01316	0.38203	0.18529	0.03873	0.02094	0.02085	0.01548	0.00921	0.00735	0.00227	0.00808	0.00702	0.06716	0.01171
5	0.01003	0.00763	0.00931	0.00990	0.01142	0.00673	0.00683	0.01160	0.01494	0.01983	0.04425	0.47153	0.16846	0.07276	0.01121	0.00308	0.00464	0.01782	0.00658	0.09145
6	0.15939	0.01956	0.02013	0.01593	0.02157	0.02188	0.01307	0.48149	0.10196	0.04364	0.01828	0.01830	0.01322	0.00888	0.00710	0.00232	0.00766	0.00655	0.00710	0.01199
7	0.11258	0.12201	0.39547	0.01828	0.02708	0.02029	0.02102	0.14866	0.01942	0.02912	0.01375	0.01550	0.01010	0.00747	0.00668	0.00227	0.00960	0.00546	0.00425	0.01099
8	0.00987	0.00834	0.01084	0.01028	0.01262	0.00734	0.05209	0.01217	0.01721	0.02171	0.13846	0.21757	0.41606	0.01890	0.00913	0.00266	0.00457	0.01651	0.00698	0.00671

[dist]
# distance from previous block
# <min> <max>
0	1

[block]
# block no. 1 follows, 26 sequences, length 57
# corresponding to MSA columns:
# 43-99
name=unknown_B
#
# <colnr> <probs for GDERKNQSTAVLIFYWHMCP>
#	G	D	E	R	K	N	Q	S	T	A	V	L	I	F	Y	W	H	M	C	P
0	0.02512	0.05328	0.05216	0.01626	0.02262	0.02100	0.01391	0.46532	0.05534	0.04066	0.01732	0.01779	0.01272	0.00833	0.00710	0.00206	0.00789	0.00630	0.00665	0.14818
1	0.01567	0.10251	0.63487	0.02084	0.03162	0.01874	0.02666	0.02390	0.01596	0.02346	0.01333	0.01567	0.00962	0.00714	0.00699	0.00233	0.01093	0.00546	0.00321	0.01108
2	0.01282	0.04760	0.24089	0.05352	0.04161	0.01238	0.01582	0.01782	0.01758	0.02418	0.18884	0.07144	0.14339	0.01314	0.00826	0.00252	0.00721	0.06672	0.00562	0.00864
3	0.01917	0.32242	0.24052	0.04323	0.02428	0.02147	0.01732	0.05456	0.01691	0.08123	0.01576	0.04967	0.01332	0.04051	0.00783	0.00232	0.00883	0.00622	0.00423	0.01019
4	0.05899	0.01496	0.01677	0.01410	0.01898	0.03801	0.01127	0.06756	0.23961	0.26233	0.02762	0.05837	0.02098	0.01034	0.00754	0.00238	0.00648	0.03610	0.00768	0.07992
5	0.01053	0.00798	0.01013	0.01063	0.03754	0.00733	0.00728	0.01325	0.01881	0.02559	0.40190	0.13451	0.19462	0.07257	0.01128	0.00288	0.00424	0.01462	0.00745	0.00688
6	0.05684	0.01393	0.02276	0.48021	0.09623	0.01666	0.05042	0.01930	0.01504	0.02079	0.01554	0.07732	0.01350	0.00916	0.00890	0.00260	0.06050	0.00791	0.00379	0.00861
7	0.00967	0.00713	0.00872	0.00946	0.01053	0.00654	0.00646	0.01134	0.01586	0.02090	0.15739	0.38084	0.18847	0.11479	0.01321	0.00341	0.00453	0.01762	0.00695	0.00618
8	0.41788	0.01765	0.01655	0.01352	0.01881	0.01998	0.01113	0.30599	0.05150	0.04003	0.01483	0.01562	0.01094	0.00810	0.00611	0.00233	0.00697	0.00551	0.00611	0.01045
9	0.04332	0.00866	0.01016	0.00995	0.01211	0.00823	0.00734	0.01606	0.06525	0.06421	0.25552	0.20606	0.20706	0.03951	0.00970	0.00275	0.00438	0.01485	0.00748	0.00740
10	0.02028	0.73799	0.03975	0.01298	0.01947	0.03001	0.01298	0.02271	0.01541	0.01785	0.01055	0.01217	0.00973	0.00649	0.00487	0.00162	0.00811	0.00406	0.00324	0.00973
11	0.00919	0.00682	0.00857	0.00998	0.01085	0.00621	0.00678	0.01063	0.01508	0.01959	0.04891	0.59560	0.17847	0.02284	0.00954	0.00298	0.00429	0.02044	0.00704	0.00621
12	0.01066	0.00775	0.01004	0.00947	0.01129	0.00713	0.00710	0.01418	0.02130	0.03002	0.65764	0.05732	0.09629	0.01566	0.00895	0.00239	0.00359	0.01381	0.00830	0.00713
13	0.03035	0.01882	0.02126	0.01630	0.02231	0.01992	0.01347	0.47933	0.03160	0.23503	0.02162	0.02042	0.01461	0.00919	0.00760	0.00230	0.00780	0.00706	0.00811	0.01290
14	0.03274	0.01330	0.01767	0.01362	0.01934	0.01187	0.01122	0.08049	0.02269	0.61938	0.05491	0.02650	0.02045	0.00961	0.00768	0.00234	0.00648	0.00781	0.00922	0.01268
15	0.03184	0.01331	0.01752	0.01362	0.01922	0.01205	0.01118	0.07753	0.04731	0.58725	0.06482	0.02709	0.02143	0.00974	0.00770	0.00235	0.00641	0.00794	0.00915	0.01256
16	0.01493	0.01410	0.02385	0.62346	0.13921	0.01701	0.02137	0.01991	0.01546	0.02012	0.01359	0.02002	0.01037	0.00747	0.00757	0.00249	0.00996	0.00674	0.00342	0.00892
17	0.01465	0.01397	0.02404	0.65932	0.07572	0.01700	0.04963	0.01975	0.01537	0.01980	0.01359	0.02018	0.01025	0.00750	0.00764	0.00252	0.01019	0.00684	0.00341	0.00864
18	0.02371	0.02899	0.01882	0.01752	0.02060	0.52315	0.01307	0.02554	0.01967	0.01877	0.01953	0.13899	0.04486	0.01128	0.00824	0.00224	0.04397	0.00829	0.00455	0.00822
19	0.00913	0.00733	0.00816	0.00871	0.01054	0.00635	0.00624	0.01092	0.01655	0.02053	0.09054	0.28945	0.44783	0.02056	0.00920	0.00273	0.00402	0.01775	0.00710	0.00635
20	0.42539	0.01457	0.01482	0.01328	0.04570	0.01558	0.01024	0.07060	0.04985	0.21464	0.04541	0.01933	0.01496	0.00832	0.00614	0.00235	0.00625	0.00599	0.00644	0.01013
21	0.01072	0.00722	0.00836	0.00867	0.00874	0.00715	0.00502	0.01095	0.01163	0.01551	0.02697	0.16616	0.03145	0.61162	0.03364	0.00662	0.00685	0.01284	0.00502	0.00486
22	0.00924	0.00660	0.00880	0.01056	0.01100	0.00616	0.00704	0.01056	0.01452	0.01936	0.04181	0.72848	0.05017	0.02376	0.00968	0.00308	0.00440	0.02156	0.00704	0.00616
23	0.01452	0.01360	0.02251	0.68472	0.05082	0.01694	0.02067	0.02029	0.04380	0.01992	0.01424	0.02057	0.01068	0.00770	0.00759	0.00253	0.00993	0.00682	0.00356	0.00858
24	0.01994	0.04670	0.01724	0.01415	0.01806	0.01619	0.01114	0.20922	0.19748	0.08243	0.03017	0.19414	0.05097	0.01530	0.03813	0.00296	0.00696	0.01118	0.00726	0.01039
25	0.01066	0.00775	0.01004	0.00947	0.01129	0.00713	0.00710	0.01417	0.02130	0.03001	0.65700	0.05734	0.09694	0.01566	0.00895	0.00239	0.00359	0.01381	0.00830	0.00713
26	0.19356	0.08291	0.01957	0.01450	0.01973	0.14819	0.01184	0.11702	0.06194	0.23141	0.01900	0.01848	0.01344	0.00834	0.00660	0.00221	0.00808	0.00598	0.00643	0.01077
27	0.01740	0.34031	0.41217	0.01790	0.02707	0.02296	0.02154	0.02346	0.01575	0.02136	0.01229	0.01436	0.00966	0.00690	0.00620	0.00207	0.00987	0.00494	0.00322	0.01057
28	0.02487	0.01760	0.01872	0.01485	0.01980	0.01933	0.01210	0.48025	0.05538	0.04243	0.02029	0.02105	0.01489	0.00909	0.00704	0.00216	0.00708	0.00695	0.19467	0.01144
29	0.01633	0.01763	0.06076	0.08372	0.03045	0.01789	0.29101	0.04902	0.01701	0.02370	0.07553	0.07970	0.01949	0.01041	0.01232	0.00273	0.16918	0.00944	0.00448	0.00920
30	0.01318	0.00659	0.00988	0.00988	0.00988	0.00659	0.00659	0.00988	0.00988	0.01318	0.01318	0.02306	0.01318	0.02635	0.02964	0.77931	0.00659	0.00659	0.00329	0.00329
31	0.00924	0.00660	0.00880	0.01056	0.01100	0.00616	0.00704	0.01056	0.01452	0.01936	0.04181	0.72848	0.05017	0.02376	0.00968	0.00308	0.00440	0.02156	0.00704	0.00616
32	0.01668	0.01684	0.02458	0.02067	0.02115	0.02298	0.05687	0.01863	0.01201	0.01863	0.01029	0.01684	0.01005	0.01284	0.02389	0.00327	0.67521	0.00678	0.00335	0.00842
33	0.01749	0.08466	0.16657	0.02258	0.05598	0.05449	0.13287	0.02176	0.01491	0.02110	0.01217	0.01670	0.01029	0.00929	0.01410	0.00263	0.28571	0.00643	0.00349	0.04680
34	0.01674	0.01645	0.05292	0.21177	0.15800	0.01623	0.03892	0.02548	0.17364	0.02491	0.01788	0.02073	0.01388	0.00759	0.00721	0.00218	0.00809	0.00673	0.00474	0.17591
35	0.01989	0.01411	0.01661	0.01237	0.01859	0.01188	0.00994	0.10782	0.01924	0.12624	0.01795	0.05260	0.01449	0.00754	0.00638	0.00156	0.00605	0.00611	0.00576	0.52488
36	0.01688	0.01373	0.01449	0.01312	0.01670	0.03677	0.01013	0.03010	0.38402	0.06550	0.17742	0.03999	0.12415	0.01252	0.00812	0.00250	0.00546	0.01054	0.00773	0.01013
37	0.00999	0.00797	0.00906	0.00945	0.01148	0.00725	0.00707	0.01305	0.04934	0.02202	0.12647	0.21521	0.39013	0.01955	0.00919	0.00274	0.00432	0.07175	0.00721	0.00676
38	0.01367	0.00885	0.01106	0.01061	0.01277	0.00831	0.00787	0.06107	0.01976	0.09321	0.28998	0.27007	0.12815	0.01755	0.00896	0.00262	0.00450	0.01543	0.00782	0.00773
39	0.01521	0.03923	0.69413	0.02162	0.03283	0.01762	0.02802	0.02402	0.01601	0.02402	0.01361	0.01601	0.00961	0.00721	0.00721	0.00240	0.01121	0.00560	0.00320	0.01121
40	0.03255	0.01529	0.01908	0.01462	0.02055	0.01468	0.01208	0.21501	0.02569	0.50770	0.02658	0.02365	0.01710	0.00931	0.00762	0.00233	0.00699	0.00740	0.00887	0.01291
41	0.00905	0.00769	0.00780	0.00777	0.01029	0.00644	0.00583	0.01104	0.01748	0.02094	0.10436	0.07225	0.65523	0.01904	0.00896	0.00255	0.00383	0.01590	0.00710	0.00644
42	0.01432	0.01348	0.02275	0.71520	0.05224	0.01685	0.02107	0.01938	0.01517	0.01938	0.01348	0.02022	0.01011	0.00758	0.00758	0.00253	0.01011	0.00674	0.00337	0.00843
43	0.01432	0.01348	0.02275	0.71520	0.05224	0.01685	0.02107	0.01938	0.01517	0.01938	0.01348	0.02022	0.01011	0.00758	0.00758	0.00253	0.01011	0.00674	0.00337	0.00843
44	0.01084	0.00813	0.01219	0.01219	0.01354	0.00948	0.00948	0.01354	0.01219	0.01761	0.02032	0.02980	0.01896	0.05689	0.70337	0.01219	0.02032	0.00813	0.00406	0.00677
45	0.01993	0.44242	0.10738	0.05009	0.02311	0.07579	0.01573	0.05345	0.01638	0.02016	0.01141	0.01399	0.00992	0.00775	0.00821	0.00204	0.10410	0.00490	0.00351	0.00973
46	0.04567	0.13161	0.46762	0.02230	0.05683	0.01953	0.10669	0.02378	0.01611	0.02361	0.01332	0.01603	0.00991	0.00698	0.00703	0.00231	0.01070	0.00581	0.00337	0.01080
47	0.00951	0.00675	0.00885	0.01028	0.01078	0.00634	0.00683	0.01087	0.01471	0.01974	0.08629	0.61970	0.04970	0.08635	0.01220	0.00341	0.00460	0.02006	0.00692	0.00609
48	0.01318	0.00659	0.00988	0.00988	0.00988	0.00659	0.00659	0.00988	0.00988	0.01318	0.01318	0.02306	0.01318	0.02635	0.02964	0.77931	0.00659	0.00659	0.00329	0.00329
49	0.01208	0.00863	0.01206	0.01380	0.01549	0.00861	0.01197	0.01547	0.01732	0.02254	0.04024	0.11659	0.04397	0.02109	0.01044	0.00347	0.00686	0.60545	0.00699	0.00694
50	0.01573	0.01348	0.01573	0.01123	0.01798	0.01011	0.00899	0.01910	0.01573	0.02472	0.01348	0.01573	0.01123	0.00562	0.00562	0.00112	0.00562	0.00449	0.00449	0.77980
51	0.00937	0.00670	0.00895	0.01071	0.01121	0.00628	0.00727	0.01079	0.01465	0.01951	0.04173	0.69976	0.04988	0.02364	0.00972	0.00310	0.00452	0.04897	0.00704	0.00620
52	0.00967	0.00783	0.00866	0.00880	0.01113	0.00683	0.00683	0.01206	0.01797	0.02234	0.16726	0.07207	0.50316	0.01886	0.00916	0.00266	0.00421	0.09666	0.00724	0.00660
53	0.03004	0.01932	0.02157	0.01654	0.02256	0.02066	0.01366	0.51658	0.03244	0.19661	0.02092	0.01997	0.01426	0.00917	0.00760	0.00229	0.00791	0.00701	0.00800	0.01290
54	0.02016	0.63565	0.07395	0.01406	0.02039	0.05715	0.01405	0.02289	0.01552	0.01823	0.01073	0.01265	0.00974	0.00691	0.00604	0.00176	0.04285	0.00430	0.00327	0.00971
55	0.00923	0.00666	0.00874	0.01040	0.01096	0.00617	0.00697	0.01058	0.01467	0.01942	0.04372	0.69266	0.08475	0.02351	0.00964	0.00305	0.00437	0.02126	0.00704	0.00617
56	0.02066	0.01643	0.01775	0.01559	0.02005	0.01859	0.01240	0.14426	0.48823	0.05990	0.02938	0.03082	0.02279	0.01086	0.00790	0.00258	0.00650	0.05578	0.00771	0.01181

[dist]
# distance from previous block
# <min> <max>
3	6

[block]
# block no. 2 follows, 26 sequences, length 64
# corresponding to MSA columns:
# 106-169
name=unknown_C
#
# <colnr> <probs for GDERKNQSTAVLIFYWHMCP>
#	G	D	E	R	K	N	Q	S	T	A	V	L	I	F	Y	W	H	M	C	P
0	0.02052	0.01803	0.02201	0.05804	0.20957	0.06207	0.01569	0.09816	0.24971	0.05352	0.02082	0.02173	0.01595	0.00833	0.00735	0.00224	0.00777	0.00707	0.00584	0.09558
1	0.01565	0.01336	0.01552	0.01146	0.01779	0.01047	0.00909	0.02002	0.05540	0.02492	0.01572	0.04640	0.01359	0.00666	0.00591	0.00129	0.00559	0.00546	0.00480	0.70089
2	0.01573	0.01348	0.01573	0.01123	0.01798	0.01011	0.00899	0.01910	0.01573	0.02472	0.01348	0.01573	0.01123	0.00562	0.00562	0.00112	0.00562	0.00449	0.00449	0.77980
3	0.01236	0.00847	0.01152	0.01246	0.01432	0.00819	0.01042	0.01562	0.01825	0.04932	0.17850	0.12422	0.07871	0.01948	0.00991	0.00314	0.00590	0.40468	0.00737	0.00716
4	0.00940	0.00770	0.00829	0.00814	0.01051	0.00659	0.00610	0.01173	0.01831	0.02292	0.22523	0.06899	0.53313	0.01830	0.00896	0.00252	0.00378	0.01545	0.00736	0.00659
5	0.00996	0.00758	0.01022	0.01148	0.01188	0.00784	0.00798	0.01132	0.01424	0.01925	0.03867	0.65846	0.04621	0.02273	0.01118	0.00310	0.07474	0.02010	0.00667	0.00637
6	0.01573	0.01348	0.01573	0.01123	0.01798	0.01011	0.00899	0.01910	0.01573	0.02472	0.01348	0.01573	0.01123	0.00562	0.00562	0.00112	0.00562	0.00449	0.00449	0.77980
7	0.01774	0.01378	0.01619	0.01169	0.01833	0.01079	0.00940	0.04906	0.01708	0.07764	0.01497	0.01662	0.01190	0.00607	0.00586	0.00127	0.00580	0.00484	0.00501	0.68596
8	0.00973	0.00701	0.00862	0.00956	0.01028	0.00655	0.00630	0.01098	0.01456	0.01918	0.08686	0.43170	0.13253	0.19063	0.01638	0.00397	0.00497	0.01777	0.00655	0.00589
9	0.02028	0.73799	0.03975	0.01298	0.01947	0.03001	0.01298	0.02271	0.01541	0.01785	0.01055	0.01217	0.00973	0.00649	0.00487	0.00162	0.00811	0.00406	0.00324	0.00973
10	0.00972	0.00771	0.00873	0.00847	0.01071	0.00672	0.00636	0.01234	0.01907	0.02471	0.33439	0.06605	0.42285	0.01763	0.00896	0.00249	0.00373	0.01503	0.00760	0.00672
11	0.01553	0.03706	0.61878	0.02282	0.03362	0.01780	0.10119	0.02405	0.01623	0.02405	0.01381	0.01653	0.00983	0.00711	0.00741	0.00242	0.01139	0.00599	0.00328	0.01110
12	0.01318	0.00659	0.00988	0.00988	0.00988	0.00659	0.00659	0.00988	0.00988	0.01318	0.01318	0.02306	0.01318	0.02635	0.02964	0.77931	0.00659	0.00659	0.00329	0.00329
13	0.01074	0.00775	0.01014	0.00954	0.01133	0.00716	0.00716	0.01431	0.02147	0.03042	0.68211	0.05666	0.07157	0.01551	0.00895	0.00239	0.00358	0.01372	0.00835	0.00716
14	0.01318	0.00659	0.00988	0.00988	0.00988	0.00659	0.00659	0.00988	0.00988	0.01318	0.01318	0.02306	0.01318	0.02635	0.02964	0.77931	0.00659	0.00659	0.00329	0.00329
15	0.01086	0.00754	0.00947	0.00957	0.01000	0.00791	0.00619	0.01175	0.01159	0.01585	0.02392	0.08481	0.02639	0.48983	0.23404	0.00853	0.01102	0.01081	0.00459	0.00534
16	0.01414	0.00707	0.00707	0.00707	0.00884	0.00707	0.00530	0.01767	0.01591	0.02828	0.02474	0.02828	0.01944	0.00884	0.00530	0.00177	0.00353	0.00707	0.77554	0.00707
17	0.01659	0.01659	0.02323	0.01991	0.01991	0.02323	0.01659	0.01825	0.01162	0.01825	0.00996	0.01659	0.00996	0.01328	0.02489	0.00332	0.71955	0.00664	0.00332	0.00830
18	0.01968	0.01621	0.01708	0.01507	0.01939	0.01856	0.01181	0.11020	0.55232	0.03334	0.02898	0.02714	0.02171	0.01005	0.00753	0.00248	0.00610	0.00827	0.06234	0.01176
19	0.00924	0.00660	0.00880	0.01056	0.01100	0.00616	0.00704	0.01056	0.01452	0.01936	0.04181	0.72848	0.05017	0.02376	0.00968	0.00308	0.00440	0.02156	0.00704	0.00616
20	0.02833	0.03615	0.02149	0.01954	0.02345	0.70298	0.01466	0.03029	0.02149	0.01856	0.01172	0.01368	0.00977	0.00782	0.00684	0.00195	0.01368	0.00489	0.00391	0.00879
21	0.01622	0.01378	0.01599	0.01147	0.01819	0.01062	0.00919	0.04336	0.01648	0.02559	0.01366	0.01582	0.01130	0.00575	0.00569	0.00117	0.00572	0.00458	0.00461	0.75081
22	0.04593	0.00822	0.01042	0.00969	0.01173	0.00772	0.00733	0.01539	0.02110	0.05155	0.63161	0.05371	0.06708	0.01494	0.00872	0.00238	0.00377	0.01310	0.00822	0.00739
23	0.07819	0.01956	0.02112	0.03870	0.02271	0.04659	0.01403	0.42768	0.05724	0.06446	0.01749	0.01871	0.01297	0.01120	0.03560	0.00278	0.08615	0.00670	0.00660	0.01151
24	0.01084	0.00813	0.01219	0.01219	0.01354	0.00948	0.00948	0.01354	0.01219	0.01761	0.02032	0.02980	0.01896	0.05689	0.70337	0.01219	0.02032	0.00813	0.00406	0.00677
25	0.04333	0.01380	0.02224	0.61623	0.07063	0.01686	0.02012	0.04294	0.01599	0.02126	0.01450	0.02207	0.01137	0.00805	0.00757	0.00254	0.00974	0.02839	0.00371	0.00866
26	0.01776	0.16139	0.14987	0.05300	0.08117	0.02108	0.31829	0.02332	0.01657	0.02249	0.01365	0.01775	0.01074	0.00704	0.00868	0.00237	0.05399	0.00706	0.00356	0.01024
27	0.01084	0.00813	0.01219	0.01219	0.01354	0.00948	0.00948	0.01354	0.01219	0.01761	0.02032	0.02980	0.01896	0.05689	0.70337	0.01219	0.02032	0.00813	0.00406	0.00677
28	0.01414	0.00707	0.00707	0.00707	0.00884	0.00707	0.00530	0.01767	0.01591	0.02828	0.02474	0.02828	0.01944	0.00884	0.00530	0.00177	0.00353	0.00707	0.77554	0.00707
29	0.01539	0.03540	0.58157	0.02328	0.06421	0.01734	0.08005	0.02350	0.01618	0.02391	0.01485	0.04336	0.01141	0.00774	0.00746	0.00243	0.01098	0.00654	0.00343	0.01098
30	0.02463	0.01849	0.02218	0.04663	0.12679	0.02012	0.01513	0.36577	0.13738	0.08261	0.02127	0.04851	0.01624	0.00948	0.00768	0.00237	0.00784	0.00774	0.00696	0.01218
31	0.01486	0.01403	0.02371	0.63501	0.12826	0.01699	0.02133	0.01985	0.01542	0.02003	0.01358	0.02005	0.01034	0.00748	0.00757	0.00249	0.00998	0.00674	0.00342	0.00886
32	0.01103	0.00735	0.00827	0.00827	0.00827	0.00735	0.00460	0.01103	0.01103	0.01471	0.02390	0.04964	0.02758	0.73343	0.03861	0.00735	0.00735	0.01103	0.00460	0.00460
33	0.02724	0.01985	0.02135	0.01658	0.02220	0.02194	0.01364	0.59579	0.03354	0.04547	0.01872	0.01928	0.01354	0.01071	0.03101	0.00258	0.00843	0.00689	0.05894	0.01230
34	0.01851	0.01763	0.02934	0.08480	0.60072	0.01801	0.02235	0.02425	0.06341	0.02494	0.01539	0.01953	0.01269	0.00706	0.00753	0.00229	0.00887	0.00689	0.00401	0.01180
35	0.00930	0.00670	0.00882	0.01040	0.01099	0.00622	0.00700	0.01076	0.01496	0.01994	0.07414	0.67092	0.07538	0.02319	0.00962	0.00303	0.00434	0.02097	0.00710	0.00622
36	0.00903	0.00769	0.00777	0.00775	0.01028	0.00643	0.00581	0.01100	0.01743	0.02084	0.09790	0.07243	0.66177	0.01908	0.00896	0.00256	0.00383	0.01593	0.00709	0.00643
37	0.78701	0.01467	0.01115	0.00997	0.01467	0.01702	0.00821	0.02230	0.01291	0.03403	0.01056	0.01232	0.00821	0.00704	0.00469	0.00235	0.00587	0.00411	0.00469	0.00821
38	0.01824	0.01748	0.02982	0.12667	0.61017	0.01788	0.02301	0.02281	0.01702	0.02413	0.01417	0.01895	0.01179	0.00686	0.00752	0.00229	0.00914	0.00676	0.00371	0.01158
39	0.02214	0.01303	0.01617	0.01198	0.01820	0.01036	0.00969	0.02536	0.01813	0.26594	0.04749	0.02109	0.01649	0.00740	0.00648	0.00162	0.00583	0.00601	0.00642	0.47016
40	0.08720	0.01414	0.01688	0.01379	0.01896	0.01415	0.01114	0.05773	0.21183	0.40138	0.05144	0.02632	0.02090	0.00968	0.00747	0.00241	0.00624	0.00782	0.00843	0.01207
41	0.00896	0.00768	0.00768	0.00768	0.01025	0.00640	0.00576	0.01089	0.01729	0.02049	0.07684	0.07300	0.68304	0.01921	0.00896	0.00256	0.00384	0.01601	0.00704	0.00640
42	0.01098	0.00752	0.00909	0.00907	0.00939	0.00776	0.00562	0.01162	0.01159	0.01577	0.04443	0.04604	0.02733	0.57975	0.16592	0.00813	0.00973	0.01056	0.00461	0.00510
43	0.02371	0.43862	0.03196	0.01578	0.02117	0.31707	0.01369	0.02594	0.01801	0.01815	0.01105	0.01281	0.00975	0.00706	0.00571	0.00176	0.01049	0.00441	0.00353	0.00933
44	0.01549	0.03746	0.63578	0.02319	0.06213	0.01770	0.05589	0.02400	0.01615	0.02407	0.01372	0.01633	0.00980	0.00715	0.00730	0.00240	0.01118	0.00581	0.00326	0.01120
45	0.04556	0.03827	0.66728	0.02116	0.03211	0.01759	0.02725	0.02395	0.01589	0.02441	0.01349	0.01587	0.00955	0.00720	0.00711	0.00240	0.01100	0.00555	0.00326	0.01109
46	0.02833	0.03615	0.02149	0.01954	0.02345	0.70298	0.01466	0.03029	0.02149	0.01856	0.01172	0.01368	0.00977	0.00782	0.00684	0.00195	0.01368	0.00489	0.00391	0.00879
47	0.04444	0.03428	0.55834	0.10539	0.06355	0.01752	0.02623	0.02337	0.01585	0.02388	0.01351	0.01650	0.00972	0.00723	0.00717	0.00241	0.01078	0.00574	0.00330	0.01080
48	0.01713	0.23458	0.48560	0.01912	0.02874	0.04705	0.02331	0.02389	0.01605	0.02209	0.01268	0.01485	0.00965	0.00703	0.00654	0.00217	0.01044	0.00514	0.00324	0.01071
49	0.01084	0.00813	0.01219	0.01219	0.01354	0.00948	0.00948	0.01354	0.01219	0.01761	0.02032	0.02980	0.01896	0.05689	0.70337	0.01219	0.02032	0.00813	0.00406	0.00677
50	0.03403	0.01291	0.01760	0.01350	0.01936	0.01115	0.01115	0.03697	0.02171	0.69137	0.02992	0.02582	0.01878	0.00939	0.00763	0.00235	0.00645	0.00763	0.00939	0.01291
51	0.00958	0.00692	0.00906	0.01019	0.01104	0.00640	0.00701	0.01145	0.01627	0.02199	0.19283	0.54142	0.08442	0.02163	0.00948	0.00289	0.00418	0.01948	0.00735	0.00640
52	0.01744	0.05326	0.04630	0.01523	0.01827	0.20370	0.01273	0.04936	0.01882	0.02196	0.03029	0.14961	0.05573	0.01578	0.00874	0.00277	0.00865	0.25761	0.00582	0.00794
53	0.01491	0.01460	0.02649	0.54942	0.04804	0.01691	0.14364	0.02015	0.01581	0.02049	0.01513	0.02343	0.01200	0.00800	0.00799	0.00258	0.01048	0.03759	0.00364	0.00870
54	0.01414	0.00707	0.00707	0.00707	0.00884	0.00707	0.00530	0.01767	0.01591	0.02828	0.02474	0.02828	0.01944	0.00884	0.00530	0.00177	0.00353	0.00707	0.77554	0.00707
55	0.01543	0.01929	0.15351	0.34249	0.21992	0.01660	0.02208	0.02088	0.01608	0.02193	0.01723	0.02361	0.03803	0.00826	0.00766	0.00247	0.00965	0.03134	0.00373	0.00982
56	0.06643	0.07457	0.44960	0.05727	0.15921	0.01837	0.02458	0.02347	0.01598	0.02423	0.01335	0.01627	0.01002	0.00708	0.00698	0.00233	0.01019	0.00569	0.00342	0.01095
57	0.00926	0.00759	0.00801	0.00809	0.01027	0.00651	0.00590	0.01116	0.01706	0.02089	0.12198	0.11830	0.54552	0.06243	0.01081	0.00287	0.00407	0.01592	0.00701	0.00634
58	0.01318	0.00659	0.00988	0.00988	0.00988	0.00659	0.00659	0.00988	0.00988	0.01318	0.01318	0.02306	0.01318	0.02635	0.02964	0.77931	0.00659	0.00659	0.00329	0.00329
59	0.01539	0.01435	0.06551	0.01413	0.04845	0.04069	0.01121	0.13739	0.02261	0.03052	0.32426	0.06965	0.12477	0.01388	0.00849	0.00243	0.00593	0.03449	0.00715	0.00871
60	0.01879	0.01735	0.02760	0.16033	0.10372	0.04796	0.19029	0.09900	0.04361	0.05497	0.01879	0.09713	0.01625	0.00970	0.00935	0.00256	0.05877	0.00899	0.00490	0.00994
61	0.01544	0.01446	0.02436	0.48591	0.22719	0.01669	0.02115	0.02025	0.01589	0.02109	0.01531	0.02377	0.01267	0.00816	0.00774	0.00251	0.00961	0.04475	0.00370	0.00934
62	0.01127	0.00872	0.01283	0.01259	0.01378	0.01040	0.00979	0.01378	0.01210	0.01753	0.01971	0.02970	0.01868	0.08370	0.62380	0.01132	0.07134	0.00815	0.00403	0.00679
63	0.01571	0.01447	0.04171	0.01163	0.01854	0.01040	0.00972	0.01929	0.01574	0.02469	0.01349	0.01574	0.01117	0.00568	0.00568	0.00117	0.00583	0.00454	0.00444	0.75036

[dist]
# distance from previous block
# <min> <max>
0	1

[block]
# block no. 3 follows, 26 sequences, length 10
# corresponding to MSA columns:
# 171-180
name=unknown_D
#
# <colnr> <probs for GDERKNQSTAVLIFYWHMCP>
#	G	D	E	R	K	N	Q	S	T	A	V	L	I	F	Y	W	H	M	C	P
0	0.01940	0.08552	0.04955	0.01452	0.01849	0.09598	0.01185	0.12507	0.17714	0.05161	0.02504	0.15590	0.02299	0.05176	0.03223	0.00299	0.00788	0.00978	0.03258	0.00972
1	0.01521	0.03923	0.69413	0.02162	0.03283	0.01762	0.02802	0.02402	0.01601	0.02402	0.01361	0.01601	0.00961	0.00721	0.00721	0.00240	0.01121	0.00560	0.00320	0.01121
2	0.02115	0.01582	0.01784	0.01330	0.01952	0.01464	0.01080	0.24118	0.02293	0.06866	0.01653	0.01773	0.01261	0.00718	0.00639	0.00162	0.00650	0.00559	0.04278	0.43722
3	0.01103	0.00735	0.00827	0.00827	0.00827	0.00735	0.00460	0.01103	0.01103	0.01471	0.02390	0.04964	0.02758	0.73343	0.03861	0.00735	0.00735	0.01103	0.00460	0.00460
4	0.01521	0.03923	0.69413	0.02162	0.03283	0.01762	0.02802	0.02402	0.01601	0.02402	0.01361	0.01601	0.00961	0.00721	0.00721	0.00240	0.01121	0.00560	0.00320	0.01121
5	0.02833	0.03615	0.02149	0.01954	0.02345	0.70298	0.01466	0.03029	0.02149	0.01856	0.01172	0.01368	0.00977	0.00782	0.00684	0.00195	0.01368	0.00489	0.00391	0.00879
6	0.01502	0.03354	0.54563	0.17503	0.03712	0.01745	0.02649	0.02299	0.01583	0.02299	0.01358	0.01694	0.00972	0.00729	0.00729	0.00243	0.01097	0.00586	0.00324	0.01059
7	0.02212	0.01267	0.03910	0.01261	0.01673	0.01147	0.01036	0.09894	0.04939	0.27715	0.21305	0.05853	0.03440	0.04125	0.03597	0.00294	0.00640	0.00984	0.03692	0.01017
8	0.02026	0.49464	0.15231	0.01524	0.02231	0.05645	0.01576	0.06909	0.05214	0.02181	0.01276	0.01420	0.01065	0.00706	0.00571	0.00187	0.00881	0.00480	0.00381	0.01030
9	0.02415	0.09492	0.02164	0.01501	0.02058	0.01971	0.01244	0.39699	0.02772	0.07478	0.02184	0.07928	0.04317	0.01005	0.00729	0.00215	0.00736	0.00790	0.00677	0.10624

[dist]
# distance from previous block
# <min> <max>
6	12

[block]
# block no. 4 follows, 26 sequences, length 15
# corresponding to MSA columns:
# 198-212
name=unknown_E
#
# <colnr> <probs for GDERKNQSTAVLIFYWHMCP>
#	G	D	E	R	K	N	Q	S	T	A	V	L	I	F	Y	W	H	M	C	P
0	0.13634	0.01305	0.01425	0.01238	0.01611	0.01370	0.00972	0.16991	0.07784	0.10132	0.16888	0.13183	0.07790	0.01307	0.00784	0.00248	0.00568	0.01085	0.00739	0.00947
1	0.01551	0.01345	0.01369	0.05462	0.04073	0.10357	0.00992	0.03697	0.06688	0.04265	0.13744	0.17122	0.09477	0.04127	0.00913	0.00256	0.00636	0.01165	0.07848	0.04916
2	0.02353	0.07298	0.11375	0.03807	0.06343	0.32861	0.01672	0.07112	0.01978	0.05765	0.01569	0.01778	0.03487	0.00875	0.00890	0.00224	0.08608	0.00596	0.00435	0.00973
3	0.01593	0.11246	0.58229	0.02137	0.03185	0.01904	0.06732	0.02390	0.01607	0.02338	0.01340	0.01589	0.00975	0.00708	0.00707	0.00233	0.01098	0.00566	0.00325	0.01099
4	0.06302	0.40590	0.18176	0.01464	0.02120	0.02321	0.01553	0.02136	0.01524	0.02045	0.01741	0.01931	0.06919	0.01010	0.03358	0.00242	0.04674	0.00576	0.00369	0.00950
5	0.00940	0.00696	0.00878	0.00988	0.01091	0.00635	0.00682	0.01115	0.01602	0.02113	0.13881	0.51194	0.17059	0.02175	0.00944	0.00289	0.00418	0.01942	0.00723	0.00635
6	0.01159	0.00894	0.01275	0.01647	0.12667	0.00872	0.00967	0.01332	0.01438	0.01942	0.03244	0.37988	0.03738	0.19851	0.01663	0.00405	0.00616	0.07033	0.00586	0.00685
7	0.13141	0.07390	0.07456	0.02205	0.15303	0.17425	0.01576	0.12130	0.05670	0.06461	0.01687	0.01828	0.02934	0.00807	0.00682	0.00220	0.00919	0.00608	0.00503	0.01056
8	0.01488	0.03290	0.52652	0.02173	0.03121	0.01650	0.11095	0.02249	0.01610	0.02352	0.01713	0.09947	0.01458	0.00902	0.00773	0.00250	0.01063	0.00791	0.00373	0.01049
9	0.01068	0.00782	0.01007	0.00969	0.01155	0.00720	0.00739	0.01411	0.02082	0.02900	0.58362	0.06013	0.12337	0.01622	0.00906	0.00248	0.00384	0.05773	0.00814	0.00708
10	0.08772	0.02297	0.17994	0.04985	0.17981	0.01899	0.04298	0.19633	0.06741	0.03174	0.01694	0.04162	0.01331	0.00835	0.00736	0.00237	0.00888	0.00697	0.00512	0.01134
11	0.01909	0.01879	0.02995	0.07364	0.62384	0.05440	0.02273	0.02348	0.01741	0.02422	0.01410	0.01856	0.01181	0.00685	0.00748	0.00225	0.00931	0.00666	0.00375	0.01169
12	0.01818	0.02057	0.04012	0.02940	0.03564	0.05220	0.52274	0.02359	0.01704	0.02303	0.01429	0.01951	0.01117	0.00759	0.01147	0.00265	0.12882	0.00838	0.00375	0.00984
13	0.01483	0.01387	0.02332	0.58675	0.13805	0.01660	0.02092	0.01973	0.01558	0.02030	0.01496	0.02337	0.01209	0.00815	0.00772	0.00254	0.00980	0.03896	0.00361	0.00885
14	0.08079	0.06091	0.01231	0.01033	0.01168	0.02965	0.00739	0.01463	0.01328	0.01967	0.02563	0.17144	0.04779	0.29356	0.02082	0.00440	0.06632	0.01118	0.09187	0.00635

[dist]
# distance from previous block
# <min> <max>
0	1

[block]
# block no. 5 follows, 26 sequences, length 35
# corresponding to MSA columns:
# 214-248
name=unknown_F
#
# <colnr> <probs for GDERKNQSTAVLIFYWHMCP>
#	G	D	E	R	K	N	Q	S	T	A	V	L	I	F	Y	W	H	M	C	P
0	0.00983	0.00738	0.00997	0.01120	0.01176	0.00752	0.00782	0.01133	0.01420	0.01916	0.03878	0.59837	0.06274	0.02627	0.07887	0.00398	0.04877	0.01919	0.00653	0.00636
1	0.01229	0.01117	0.07825	0.01186	0.01394	0.00988	0.01004	0.01454	0.01296	0.01914	0.02243	0.03078	0.05728	0.09127	0.30609	0.11717	0.04938	0.00814	0.11678	0.00664
2	0.02296	0.02113	0.11668	0.12790	0.02841	0.02001	0.01674	0.31211	0.15287	0.07380	0.01995	0.02062	0.01433	0.00884	0.00756	0.00240	0.00847	0.00703	0.00643	0.01178
3	0.01666	0.01507	0.02470	0.03607	0.48783	0.01507	0.01882	0.02031	0.01631	0.02290	0.01931	0.03272	0.01877	0.12374	0.01284	0.00323	0.00847	0.09269	0.00433	0.01016
4	0.01085	0.00728	0.00832	0.00850	0.00854	0.00724	0.00484	0.01098	0.01137	0.01517	0.02566	0.11648	0.02980	0.66356	0.03576	0.00693	0.00706	0.01207	0.00484	0.00475
5	0.02492	0.01901	0.02202	0.01956	0.08709	0.02097	0.01455	0.48393	0.03049	0.04131	0.07006	0.05043	0.01875	0.01022	0.00877	0.00238	0.04877	0.00795	0.00700	0.01182
6	0.01813	0.03140	0.47464	0.02313	0.10041	0.01669	0.04698	0.04319	0.01717	0.09981	0.01570	0.01794	0.01122	0.00824	0.00831	0.03539	0.01021	0.00615	0.00411	0.01117
7	0.01640	0.01346	0.01580	0.01132	0.01803	0.01015	0.00907	0.01975	0.01595	0.04910	0.01408	0.01610	0.01151	0.00576	0.00569	0.00117	0.00565	0.00461	0.00467	0.75175
8	0.01084	0.00813	0.01219	0.01219	0.01354	0.00948	0.00948	0.01354	0.01219	0.01761	0.02032	0.02980	0.01896	0.05689	0.70337	0.01219	0.02032	0.00813	0.00406	0.00677
9	0.01230	0.00961	0.01445	0.17862	0.02349	0.01066	0.01334	0.01582	0.01557	0.02054	0.02950	0.08114	0.03060	0.04796	0.14712	0.00509	0.01027	0.32130	0.00548	0.00718
10	0.09995	0.01788	0.01836	0.01495	0.01973	0.04780	0.01203	0.38516	0.05952	0.07287	0.02046	0.06143	0.01638	0.03483	0.03327	0.00282	0.00798	0.00766	0.05594	0.01097
11	0.01521	0.03923	0.69413	0.02162	0.03283	0.01762	0.02802	0.02402	0.01601	0.02402	0.01361	0.01601	0.00961	0.00721	0.00721	0.00240	0.01121	0.00560	0.00320	0.01121
12	0.01113	0.00880	0.01004	0.01029	0.01237	0.00845	0.00763	0.03681	0.08790	0.02318	0.10369	0.27461	0.30146	0.01917	0.00910	0.00276	0.00457	0.05355	0.00723	0.00725
13	0.01081	0.00780	0.01024	0.00976	0.01155	0.00723	0.00741	0.01438	0.02127	0.03003	0.65031	0.05809	0.07019	0.01578	0.00902	0.00244	0.00375	0.04450	0.00828	0.00715
14	0.01084	0.00813	0.01219	0.01219	0.01354	0.00948	0.00948	0.01354	0.01219	0.01761	0.02032	0.02980	0.01896	0.05689	0.70337	0.01219	0.02032	0.00813	0.00406	0.00677
15	0.00924	0.00660	0.00880	0.01056	0.01100	0.00616	0.00704	0.01056	0.01452	0.01936	0.04181	0.72848	0.05017	0.02376	0.00968	0.00308	0.00440	0.02156	0.00704	0.00616
16	0.00919	0.00773	0.00799	0.00802	0.01051	0.00653	0.00608	0.01126	0.01755	0.02116	0.11175	0.07247	0.62337	0.01905	0.00902	0.00258	0.00394	0.03819	0.00712	0.00647
17	0.03403	0.01291	0.01760	0.01350	0.01936	0.01115	0.01115	0.03697	0.02171	0.69137	0.02992	0.02582	0.01878	0.00939	0.00763	0.00235	0.00645	0.00763	0.00939	0.01291
18	0.03351	0.01374	0.01812	0.01389	0.01978	0.01239	0.01148	0.09935	0.02310	0.62702	0.02875	0.02506	0.01819	0.00936	0.00762	0.00234	0.00664	0.00755	0.00921	0.01291
19	0.01577	0.01496	0.02537	0.49746	0.25866	0.01723	0.02179	0.02065	0.01585	0.02114	0.01374	0.01975	0.01073	0.00731	0.00756	0.00244	0.00975	0.00675	0.00350	0.00959
20	0.01648	0.01998	0.09250	0.13386	0.03600	0.05633	0.37350	0.02190	0.01704	0.02247	0.01845	0.12015	0.01651	0.00920	0.00856	0.00258	0.01109	0.00987	0.00417	0.00938
21	0.01432	0.01348	0.02275	0.71520	0.05224	0.01685	0.02107	0.01938	0.01517	0.01938	0.01348	0.02022	0.01011	0.00758	0.00758	0.00253	0.01011	0.00674	0.00337	0.00843
22	0.01085	0.00808	0.01196	0.01196	0.01324	0.00936	0.00920	0.01340	0.01212	0.01744	0.02052	0.03094	0.01946	0.09579	0.66515	0.01191	0.01957	0.00829	0.00409	0.00665
23	0.01816	0.01739	0.02968	0.13909	0.59839	0.01786	0.02297	0.02274	0.01698	0.02403	0.01416	0.01897	0.01175	0.00687	0.00752	0.00229	0.00916	0.00676	0.00370	0.01152
24	0.53637	0.01462	0.01484	0.05092	0.08358	0.01606	0.01089	0.02487	0.01503	0.15001	0.01454	0.01578	0.01058	0.00746	0.00565	0.00235	0.00650	0.00514	0.00537	0.00944
25	0.01103	0.00735	0.00827	0.00827	0.00827	0.00735	0.00460	0.01103	0.01103	0.01471	0.02390	0.04964	0.02758	0.73343	0.03861	0.00735	0.00735	0.01103	0.00460	0.00460
26	0.00933	0.00667	0.00888	0.01050	0.01102	0.00622	0.00705	0.01078	0.01492	0.02000	0.07879	0.68968	0.05140	0.02329	0.00964	0.00304	0.00435	0.02111	0.00712	0.00622
27	0.01221	0.00982	0.01334	0.01275	0.01330	0.01186	0.00955	0.01378	0.01219	0.01758	0.02180	0.13070	0.02335	0.21361	0.24270	0.00711	0.19073	0.01037	0.02671	0.00652
28	0.01089	0.00816	0.01043	0.01156	0.01342	0.00771	0.00955	0.01370	0.01729	0.02203	0.07863	0.14386	0.23773	0.02047	0.00988	0.00312	0.00564	0.36212	0.00707	0.00674
29	0.01159	0.00843	0.01087	0.01167	0.01326	0.00819	0.00907	0.05048	0.01814	0.02413	0.15562	0.30920	0.09850	0.02019	0.00963	0.00301	0.00528	0.21845	0.00729	0.00701
30	0.01703	0.01758	0.03244	0.02462	0.02905	0.01897	0.34462	0.05253	0.01711	0.02406	0.08046	0.04827	0.01842	0.01014	0.01374	0.00278	0.22538	0.00907	0.00443	0.00933
31	0.01634	0.01514	0.02450	0.33995	0.30187	0.01664	0.02010	0.05351	0.01729	0.02314	0.02028	0.02473	0.07728	0.00848	0.00769	0.00241	0.00896	0.00766	0.00411	0.00990
32	0.01255	0.00950	0.01284	0.01136	0.01261	0.00953	0.06984	0.03220	0.04744	0.01837	0.05636	0.06345	0.02814	0.54919	0.03096	0.00613	0.00758	0.01100	0.00502	0.00594
33	0.11750	0.01740	0.02215	0.02056	0.11610	0.04522	0.07693	0.17162	0.06841	0.19702	0.02304	0.02307	0.04901	0.00888	0.00742	0.00235	0.00793	0.00742	0.00660	0.01138
34	0.02008	0.62816	0.06020	0.04109	0.02139	0.02854	0.01401	0.04874	0.01611	0.01937	0.01106	0.01303	0.00988	0.00693	0.00595	0.00178	0.03603	0.00443	0.00343	0.00981

[dist]
# distance from previous block
# <min> <max>
0	8

[block]
# block no. 6 follows, 26 sequences, length 31
# corresponding to MSA columns:
# 257-287
name=unknown_G
#
# <colnr> <probs for GDERKNQSTAVLIFYWHMCP>
#	G	D	E	R	K	N	Q	S	T	A	V	L	I	F	Y	W	H	M	C	P
0	0.26200	0.02014	0.15033	0.01669	0.05390	0.01694	0.04481	0.14382	0.03713	0.03111	0.01694	0.07326	0.01468	0.05282	0.00864	0.00268	0.00785	0.00720	0.00512	0.03394
1	0.01760	0.01161	0.01190	0.01052	0.01349	0.03992	0.00823	0.14902	0.02066	0.05860	0.06752	0.03213	0.09252	0.01346	0.05112	0.00269	0.00617	0.00838	0.37597	0.00849
2	0.02511	0.01856	0.02004	0.01571	0.02109	0.02006	0.01274	0.49828	0.05709	0.04181	0.01989	0.05124	0.01566	0.03596	0.00854	0.00239	0.00758	0.00752	0.04422	0.07653
3	0.01580	0.01360	0.01830	0.36795	0.03388	0.04376	0.01521	0.10553	0.01895	0.02488	0.10281	0.05720	0.05692	0.04465	0.00924	0.00267	0.00819	0.00885	0.04317	0.00845
4	0.00982	0.00692	0.00855	0.00962	0.01004	0.00657	0.00614	0.01074	0.01354	0.01788	0.03808	0.46041	0.08305	0.25997	0.01927	0.00447	0.00535	0.01770	0.00623	0.00565
5	0.01247	0.00813	0.01049	0.00975	0.01189	0.00738	0.00736	0.01575	0.02083	0.08452	0.54651	0.08286	0.12169	0.01566	0.00887	0.00243	0.00388	0.01373	0.00827	0.00753
6	0.01518	0.01290	0.01515	0.01118	0.01739	0.00978	0.00882	0.01838	0.01563	0.02427	0.01587	0.07572	0.01451	0.00714	0.00596	0.00129	0.00551	0.00593	0.00471	0.71468
7	0.02709	0.01492	0.01774	0.01459	0.01979	0.01530	0.01173	0.07825	0.30622	0.36276	0.02959	0.02641	0.02031	0.00976	0.00766	0.00244	0.00638	0.00799	0.00855	0.01251
8	0.02465	0.01703	0.01879	0.01515	0.01992	0.01839	0.01216	0.42950	0.06051	0.09533	0.04678	0.09891	0.02088	0.03745	0.00889	0.00255	0.00720	0.00898	0.04558	0.01133
9	0.02028	0.73799	0.03975	0.01298	0.01947	0.03001	0.01298	0.02271	0.01541	0.01785	0.01055	0.01217	0.00973	0.00649	0.00487	0.00162	0.00811	0.00406	0.00324	0.00973
10	0.00913	0.00769	0.00792	0.00786	0.01035	0.00648	0.00590	0.01121	0.01769	0.02144	0.13481	0.07143	0.62448	0.01886	0.00896	0.00254	0.00382	0.01579	0.00717	0.00648
11	0.01172	0.00874	0.01196	0.01244	0.01388	0.00855	0.03451	0.06674	0.01716	0.02291	0.06665	0.51989	0.04550	0.02107	0.00956	0.00302	0.00540	0.10624	0.00701	0.00705
12	0.00923	0.00665	0.00875	0.01042	0.01096	0.00617	0.00698	0.01058	0.01466	0.01942	0.04354	0.69607	0.08146	0.02354	0.00965	0.00305	0.00437	0.02129	0.00704	0.00617
13	0.01197	0.00855	0.01193	0.01368	0.01532	0.00851	0.01179	0.01528	0.01721	0.02242	0.04030	0.13968	0.04420	0.02119	0.01041	0.00346	0.00677	0.58342	0.00699	0.00692
14	0.01271	0.00684	0.01021	0.03558	0.01156	0.00691	0.00717	0.01031	0.01067	0.01420	0.01687	0.11372	0.01782	0.02534	0.02627	0.65123	0.00643	0.00852	0.00378	0.00385
15	0.00953	0.00703	0.00899	0.01043	0.01140	0.00649	0.00739	0.01120	0.01534	0.01994	0.04786	0.53977	0.16208	0.02264	0.00964	0.00303	0.00459	0.08932	0.00704	0.00630
16	0.01880	0.01610	0.01695	0.01518	0.01945	0.01850	0.01183	0.06085	0.62224	0.03182	0.03238	0.02984	0.05080	0.01063	0.00777	0.00256	0.00599	0.00883	0.00768	0.01180
17	0.01659	0.01659	0.02323	0.01991	0.01991	0.02323	0.01659	0.01825	0.01162	0.01825	0.00996	0.01659	0.00996	0.01328	0.02489	0.00332	0.71955	0.00664	0.00332	0.00830
18	0.01754	0.01948	0.04092	0.03141	0.08455	0.01883	0.54498	0.02329	0.01732	0.02375	0.01598	0.04846	0.01300	0.00756	0.00989	0.00260	0.05730	0.00915	0.00393	0.01007
19	0.02883	0.02125	0.02276	0.01745	0.02352	0.02352	0.01442	0.66082	0.03566	0.04780	0.01821	0.01821	0.01290	0.00911	0.00759	0.00228	0.00835	0.00683	0.00759	0.01290
20	0.01084	0.00813	0.01219	0.01219	0.01354	0.00948	0.00948	0.01354	0.01219	0.01761	0.02032	0.02980	0.01896	0.05689	0.70337	0.01219	0.02032	0.00813	0.00406	0.00677
21	0.01573	0.01348	0.01573	0.01123	0.01798	0.01011	0.00899	0.01910	0.01573	0.02472	0.01348	0.01573	0.01123	0.00562	0.00562	0.00112	0.00562	0.00449	0.00449	0.77980
22	0.01887	0.01629	0.01715	0.01544	0.01972	0.01887	0.01201	0.04031	0.67241	0.03173	0.03087	0.02830	0.02315	0.01029	0.00772	0.00257	0.00600	0.00858	0.00772	0.01201
23	0.01569	0.00885	0.01156	0.01030	0.01301	0.00795	0.00793	0.01893	0.02100	0.17495	0.47313	0.07075	0.10638	0.01468	0.00868	0.00241	0.00426	0.01278	0.00844	0.00834
24	0.01084	0.00813	0.01219	0.01219	0.01354	0.00948	0.00948	0.01354	0.01219	0.01761	0.02032	0.02980	0.01896	0.05689	0.70337	0.01219	0.02032	0.00813	0.00406	0.00677
25	0.02640	0.01338	0.01764	0.01642	0.07873	0.01289	0.01189	0.03318	0.15547	0.40309	0.05730	0.03037	0.02270	0.05388	0.00966	0.00273	0.00654	0.02792	0.00812	0.01170
26	0.08086	0.11449	0.34076	0.01680	0.02410	0.01699	0.01872	0.02348	0.07860	0.04815	0.02033	0.12068	0.01831	0.01040	0.00726	0.00246	0.00856	0.03435	0.00469	0.01002
27	0.02028	0.73799	0.03975	0.01298	0.01947	0.03001	0.01298	0.02271	0.01541	0.01785	0.01055	0.01217	0.00973	0.00649	0.00487	0.00162	0.00811	0.00406	0.00324	0.00973
28	0.04452	0.00938	0.01130	0.01172	0.01367	0.00961	0.00896	0.01818	0.13362	0.02528	0.17808	0.27080	0.07704	0.01811	0.00909	0.00287	0.00505	0.13771	0.00733	0.00768
29	0.04644	0.11405	0.08682	0.06081	0.49828	0.01949	0.02171	0.02310	0.01669	0.02396	0.01356	0.01749	0.01131	0.00680	0.00704	0.00220	0.00900	0.00621	0.00366	0.01139
30	0.12682	0.15870	0.33244	0.01639	0.02419	0.01848	0.01860	0.02341	0.01594	0.08523	0.01931	0.02050	0.06697	0.00848	0.00724	0.00229	0.03433	0.00621	0.00432	0.01016

[dist]
# distance from previous block
# <min> <max>
9	17

[block]
# block no. 7 follows, 26 sequences, length 28
# corresponding to MSA columns:
# 309-336
name=unknown_H
#
# <colnr> <probs for GDERKNQSTAVLIFYWHMCP>
#	G	D	E	R	K	N	Q	S	T	A	V	L	I	F	Y	W	H	M	C	P
0	0.01106	0.01032	0.06397	0.01056	0.01317	0.00797	0.00880	0.01481	0.02016	0.02850	0.53572	0.10589	0.08523	0.01533	0.00876	0.00241	0.00432	0.01349	0.00767	0.03187
1	0.01803	0.02215	0.15276	0.04033	0.49223	0.01808	0.09820	0.02353	0.01712	0.02459	0.01427	0.01847	0.01152	0.00680	0.00762	0.00232	0.00985	0.00680	0.00366	0.01166
2	0.01713	0.03062	0.44033	0.02718	0.20508	0.01692	0.02470	0.02415	0.01661	0.05737	0.01459	0.01722	0.01081	0.00709	0.00721	0.00228	0.01003	0.00594	0.00374	0.06100
3	0.01944	0.02684	0.26647	0.03031	0.28769	0.06233	0.02256	0.08187	0.06183	0.04539	0.01575	0.01823	0.01201	0.00750	0.00738	0.00231	0.00977	0.00637	0.00432	0.01162
4	0.07050	0.20586	0.43235	0.01794	0.02676	0.01996	0.02149	0.02275	0.01535	0.02271	0.01318	0.01590	0.01028	0.01093	0.06127	0.00298	0.01079	0.00532	0.00339	0.01029
5	0.01025	0.00759	0.00929	0.00910	0.01074	0.00692	0.00657	0.01288	0.01881	0.02558	0.42230	0.12087	0.19659	0.09436	0.01221	0.00302	0.00412	0.01464	0.00754	0.00663
6	0.01568	0.07715	0.62243	0.02246	0.06669	0.01833	0.02693	0.02391	0.01605	0.02372	0.01348	0.01595	0.00974	0.00714	0.00709	0.00235	0.01092	0.00558	0.00323	0.01117
7	0.01809	0.07571	0.32714	0.02046	0.07782	0.07925	0.02024	0.02661	0.11828	0.05635	0.04773	0.02438	0.01725	0.00901	0.00743	0.00239	0.00942	0.04697	0.00477	0.01071
8	0.01942	0.01657	0.01746	0.01555	0.01994	0.01913	0.01214	0.07497	0.63684	0.03263	0.03016	0.02774	0.02258	0.01022	0.00771	0.00256	0.00613	0.00848	0.00771	0.01206
9	0.01953	0.02049	0.05085	0.07302	0.52690	0.09587	0.02181	0.02473	0.04893	0.02412	0.01471	0.01863	0.01212	0.00710	0.00744	0.00225	0.00952	0.00659	0.00392	0.01145
10	0.01794	0.01907	0.07123	0.11214	0.48066	0.05526	0.02175	0.02248	0.01712	0.02352	0.01627	0.04528	0.01445	0.00824	0.00769	0.00237	0.00928	0.04034	0.00396	0.01094
11	0.01048	0.00702	0.00915	0.01046	0.01136	0.00644	0.00714	0.01193	0.01513	0.05369	0.04426	0.63537	0.10391	0.02263	0.00951	0.00300	0.00446	0.02037	0.00716	0.00653
