[name]
unknown

[dist]
# distance from previous block
# <min> <max>
0	12

[block]
# block no. 0 follows, 31 sequences, length 99
# corresponding to MSA columns:
# 12-110
name=unknown_A
#
# <colnr> <probs for GDERKNQSTAVLIFYWHMCP>
#	G	D	E	R	K	N	Q	S	T	A	V	L	I	F	Y	W	H	M	C	P
0	0.01098	0.00784	0.01096	0.01245	0.01403	0.00782	0.01086	0.01413	0.01588	0.02073	0.06079	0.07623	0.04029	0.01872	0.00940	0.00311	0.00619	0.64695	0.00634	0.00631
1	0.01444	0.14973	0.61606	0.01828	0.02772	0.01764	0.02315	0.02148	0.01436	0.02079	0.01184	0.01390	0.00868	0.00640	0.00617	0.00206	0.00967	0.00484	0.00289	0.00990
2	0.00900	0.00635	0.00786	0.00875	0.00923	0.00605	0.00572	0.00996	0.01251	0.01653	0.05263	0.42276	0.08781	0.26640	0.01737	0.00402	0.00489	0.04137	0.00565	0.00516
3	0.01741	0.01489	0.01569	0.01400	0.01794	0.01720	0.01092	0.06512	0.67512	0.02925	0.02735	0.02513	0.02048	0.00924	0.00696	0.00231	0.00551	0.00767	0.00696	0.01086
4	0.02345	0.01127	0.01452	0.01118	0.01630	0.00933	0.00904	0.02609	0.01741	0.43980	0.02498	0.06420	0.04699	0.00857	0.00649	0.00183	0.00539	0.00708	0.00692	0.24916
5	0.01670	0.12812	0.19764	0.07334	0.03010	0.01812	0.29356	0.04206	0.01563	0.06052	0.01329	0.01644	0.00999	0.00658	0.00774	0.00217	0.04870	0.00635	0.00358	0.00937
6	0.01569	0.02164	0.16893	0.02708	0.03460	0.01704	0.56667	0.02187	0.01583	0.02187	0.01355	0.01770	0.01006	0.00590	0.00778	0.00228	0.01127	0.00751	0.00335	0.00939
7	0.00834	0.00595	0.00794	0.00953	0.00992	0.00556	0.00635	0.00953	0.01310	0.01746	0.03771	0.75510	0.04525	0.02143	0.00873	0.00278	0.00397	0.01945	0.00635	0.00556
8	0.01784	0.01526	0.01912	0.02233	0.25395	0.04624	0.01356	0.24257	0.02119	0.02790	0.02875	0.05655	0.18495	0.01018	0.00717	0.00212	0.00681	0.00860	0.00539	0.00953
9	0.01952	0.01799	0.05292	0.02426	0.03058	0.04621	0.48063	0.02439	0.01680	0.16933	0.01629	0.01900	0.01161	0.00659	0.00812	0.00226	0.03183	0.00752	0.00449	0.00966
10	0.00980	0.00722	0.01042	0.01042	0.01145	0.00824	0.00784	0.01185	0.01083	0.01546	0.01885	0.02976	0.01836	0.16558	0.61989	0.01029	0.01644	0.00775	0.00374	0.00579
11	0.02310	0.28037	0.02501	0.01557	0.01993	0.47388	0.01270	0.04276	0.01787	0.01723	0.01037	0.01198	0.00888	0.00667	0.00558	0.00167	0.01051	0.00420	0.00341	0.00832
12	0.80789	0.01323	0.01006	0.00900	0.01323	0.01535	0.00741	0.02011	0.01164	0.03070	0.00953	0.01111	0.00741	0.00635	0.00423	0.00212	0.00529	0.00370	0.00423	0.00741
13	0.01916	0.01576	0.01668	0.01436	0.01861	0.01802	0.01135	0.19305	0.54434	0.03207	0.02512	0.02336	0.01868	0.00903	0.00693	0.00226	0.00592	0.00736	0.00693	0.01102
14	0.01829	0.76368	0.03585	0.01171	0.01756	0.02707	0.01171	0.02049	0.01390	0.01610	0.00951	0.01097	0.00878	0.00585	0.00439	0.00146	0.00732	0.00366	0.00293	0.00878
15	0.04128	0.01461	0.07293	0.01127	0.01758	0.01075	0.00985	0.06639	0.01542	0.02402	0.01239	0.01427	0.01003	0.00545	0.00528	0.00122	0.00567	0.00428	0.00416	0.65316
16	0.02601	0.01916	0.02053	0.01574	0.02122	0.02122	0.01300	0.69408	0.03217	0.04312	0.01643	0.01643	0.01163	0.00821	0.00684	0.00205	0.00753	0.00616	0.00684	0.01163
17	0.01743	0.01719	0.02729	0.04060	0.67715	0.05714	0.02055	0.02136	0.01580	0.02203	0.01274	0.01667	0.01072	0.00615	0.00674	0.00202	0.00837	0.00600	0.00339	0.01067
18	0.01419	0.01216	0.01419	0.01013	0.01621	0.00912	0.00811	0.01723	0.01419	0.02229	0.01216	0.01419	0.01013	0.00507	0.00507	0.00101	0.00507	0.00405	0.00405	0.80139
19	0.00809	0.00693	0.00693	0.00693	0.00924	0.00578	0.00520	0.00982	0.01559	0.01848	0.06931	0.06584	0.71411	0.01733	0.00809	0.00231	0.00347	0.01444	0.00635	0.00578
20	0.00977	0.00733	0.01100	0.01100	0.01222	0.00855	0.00855	0.01222	0.01100	0.01588	0.01833	0.02688	0.01710	0.05131	0.73245	0.01100	0.01833	0.00733	0.00367	0.00611
21	0.00945	0.00688	0.00889	0.00861	0.01013	0.00632	0.00637	0.01238	0.01850	0.02588	0.60604	0.12538	0.09964	0.01495	0.00814	0.00223	0.00332	0.01323	0.00734	0.00632
22	0.07474	0.01228	0.01588	0.01225	0.01750	0.01117	0.01012	0.08079	0.02005	0.63266	0.02522	0.02209	0.01600	0.00833	0.00673	0.00211	0.00592	0.00665	0.00811	0.01140
23	0.00875	0.00696	0.00787	0.00779	0.00978	0.00608	0.00588	0.01103	0.01681	0.02157	0.28619	0.08167	0.44775	0.01637	0.00815	0.00230	0.00351	0.03876	0.00675	0.00602
24	0.01705	0.01663	0.02718	0.07097	0.66502	0.04030	0.02065	0.02106	0.01563	0.02196	0.01276	0.01683	0.01070	0.00616	0.00676	0.00203	0.00831	0.00604	0.00338	0.01060
25	0.80789	0.01323	0.01006	0.00900	0.01323	0.01535	0.00741	0.02011	0.01164	0.03070	0.00953	0.01111	0.00741	0.00635	0.00423	0.00212	0.00529	0.00370	0.00423	0.00741
26	0.01292	0.01220	0.02083	0.68743	0.04525	0.01494	0.04402	0.01747	0.01399	0.01804	0.03954	0.01953	0.01133	0.00708	0.00693	0.00228	0.00898	0.00640	0.00323	0.00762
27	0.00891	0.00696	0.00808	0.00780	0.00975	0.00613	0.00585	0.01142	0.01755	0.02312	0.40293	0.05821	0.37760	0.01560	0.00808	0.00223	0.00334	0.01337	0.00696	0.00613
28	0.00991	0.00678	0.00819	0.00819	0.00844	0.00703	0.00505	0.01042	0.01016	0.01380	0.02089	0.04109	0.02327	0.61390	0.17830	0.00753	0.00904	0.00941	0.00405	0.00455
29	0.01829	0.76368	0.03585	0.01171	0.01756	0.02707	0.01171	0.02049	0.01390	0.01610	0.00951	0.01097	0.00878	0.00585	0.00439	0.00146	0.00732	0.00366	0.00293	0.00878
30	0.00968	0.00699	0.00914	0.00861	0.01022	0.00646	0.00646	0.01291	0.01937	0.02743	0.71328	0.05110	0.06455	0.01399	0.00807	0.00215	0.00323	0.01237	0.00753	0.00646
31	0.01900	0.01568	0.01659	0.01432	0.01855	0.01794	0.01131	0.18170	0.55594	0.03182	0.02532	0.02351	0.01884	0.00905	0.00694	0.00226	0.00588	0.00739	0.00694	0.01101
32	0.02123	0.03766	0.01678	0.01384	0.01818	0.06059	0.01100	0.08346	0.44237	0.17954	0.02519	0.02311	0.01823	0.00878	0.00681	0.00220	0.00615	0.00710	0.00695	0.01082
33	0.76350	0.01314	0.01039	0.00918	0.01347	0.01505	0.00756	0.02087	0.01210	0.07016	0.01052	0.01181	0.00795	0.00647	0.00438	0.00212	0.00532	0.00389	0.00448	0.00765
34	0.04943	0.02040	0.02471	0.03360	0.48815	0.19833	0.01821	0.04699	0.01700	0.02200	0.01229	0.01553	0.01022	0.00642	0.00653	0.00197	0.00907	0.00558	0.00358	0.01000
35	0.02599	0.01970	0.02049	0.01582	0.02121	0.04949	0.01301	0.66756	0.03166	0.04207	0.01619	0.01626	0.01152	0.00817	0.00682	0.00204	0.00772	0.00609	0.00671	0.01149
36	0.00995	0.00663	0.00746	0.00746	0.00746	0.00663	0.00415	0.00995	0.00995	0.01327	0.02156	0.04477	0.02487	0.75957	0.03482	0.00663	0.00663	0.00995	0.00415	0.00415
37	0.00977	0.00733	0.01100	0.01100	0.01222	0.00855	0.00855	0.01222	0.01100	0.01588	0.01833	0.02688	0.01710	0.05131	0.73245	0.01100	0.01833	0.00733	0.00367	0.00611
38	0.80789	0.01323	0.01006	0.00900	0.01323	0.01535	0.00741	0.02011	0.01164	0.03070	0.00953	0.01111	0.00741	0.00635	0.00423	0.00212	0.00529	0.00370	0.00423	0.00741
39	0.01516	0.01236	0.01442	0.01045	0.01634	0.00971	0.00837	0.05348	0.01545	0.04400	0.03347	0.01566	0.01201	0.00560	0.00530	0.00113	0.00517	0.00449	0.00443	0.71298
40	0.78160	0.01396	0.03370	0.00934	0.01377	0.01537	0.00800	0.02016	0.01174	0.03040	0.00962	0.01122	0.00745	0.00636	0.00431	0.00212	0.00545	0.00375	0.00419	0.00750
41	0.80789	0.01323	0.01006	0.00900	0.01323	0.01535	0.00741	0.02011	0.01164	0.03070	0.00953	0.01111	0.00741	0.00635	0.00423	0.00212	0.00529	0.00370	0.00423	0.00741
42	0.02383	0.12263	0.01957	0.01254	0.01815	0.01516	0.01059	0.19716	0.02072	0.28178	0.01828	0.01761	0.01280	0.00723	0.00609	0.00175	0.00630	0.00557	0.00622	0.19601
43	0.00977	0.00733	0.01100	0.01100	0.01222	0.00855	0.00855	0.01222	0.01100	0.01588	0.01833	0.02688	0.01710	0.05131	0.73245	0.01100	0.01833	0.00733	0.00367	0.00611
44	0.02539	0.01185	0.01530	0.01203	0.01658	0.01121	0.03227	0.11801	0.03927	0.44012	0.02416	0.02274	0.01624	0.00826	0.00647	0.00201	0.00567	0.00674	0.17525	0.01042
45	0.01146	0.00788	0.01097	0.01230	0.01394	0.00779	0.01062	0.01452	0.01592	0.04190	0.06477	0.10085	0.03999	0.01847	0.00929	0.00306	0.00606	0.59735	0.00642	0.00644
46	0.00995	0.00663	0.00746	0.00746	0.00746	0.00663	0.00415	0.00995	0.00995	0.01327	0.02156	0.04477	0.02487	0.75957	0.03482	0.00663	0.00663	0.00995	0.00415	0.00415
47	0.03002	0.01273	0.01655	0.01269	0.01801	0.01167	0.01048	0.12869	0.02140	0.62371	0.02547	0.02230	0.01617	0.00843	0.00687	0.00211	0.00607	0.00678	0.00823	0.01164
48	0.80789	0.01323	0.01006	0.00900	0.01323	0.01535	0.00741	0.02011	0.01164	0.03070	0.00953	0.01111	0.00741	0.00635	0.00423	0.00212	0.00529	0.00370	0.00423	0.00741
49	0.01680	0.01612	0.02753	0.06555	0.69438	0.01622	0.02093	0.02088	0.01551	0.02219	0.01284	0.01698	0.01078	0.00612	0.00678	0.00204	0.00816	0.00610	0.00337	0.01073
50	0.01829	0.76368	0.03585	0.01171	0.01756	0.02707	0.01171	0.02049	0.01390	0.01610	0.00951	0.01097	0.00878	0.00585	0.00439	0.00146	0.00732	0.00366	0.00293	0.00878
51	0.03070	0.01164	0.01588	0.01217	0.01746	0.01006	0.01006	0.03334	0.01958	0.72163	0.02699	0.02329	0.01694	0.00847	0.00688	0.00212	0.00582	0.00688	0.00847	0.01164
52	0.02561	0.01897	0.02031	0.01566	0.02107	0.02103	0.01291	0.66531	0.06157	0.04248	0.01692	0.01682	0.01204	0.00826	0.00685	0.00206	0.00744	0.00623	0.00685	0.01160
53	0.01292	0.01216	0.02052	0.74312	0.04712	0.01520	0.01900	0.01748	0.01368	0.01748	0.01216	0.01824	0.00912	0.00684	0.00684	0.00228	0.00912	0.00608	0.00304	0.00760
54	0.03070	0.01164	0.01588	0.01217	0.01746	0.01006	0.01006	0.03334	0.01958	0.72163	0.02699	0.02329	0.01694	0.00847	0.00688	0.00212	0.00582	0.00688	0.00847	0.01164
55	0.00834	0.00595	0.00794	0.00953	0.00992	0.00556	0.00635	0.00953	0.01310	0.01746	0.03771	0.75510	0.04525	0.02143	0.00873	0.00278	0.00397	0.01945	0.00635	0.00556
56	0.17356	0.01193	0.01481	0.01159	0.01669	0.01103	0.00957	0.03091	0.01812	0.59462	0.02378	0.02105	0.01518	0.00808	0.00639	0.00212	0.00572	0.00630	0.00769	0.01086
57	0.01693	0.01626	0.02777	0.04199	0.71689	0.01626	0.02100	0.02100	0.01558	0.02235	0.01287	0.01693	0.01084	0.00610	0.00677	0.00203	0.00813	0.00610	0.00339	0.01084
58	0.01102	0.00787	0.01102	0.01260	0.01417	0.00787	0.01102	0.01417	0.01575	0.02047	0.03622	0.07717	0.03937	0.01890	0.00945	0.00315	0.00630	0.67084	0.00630	0.00630
59	0.02509	0.01871	0.02002	0.01556	0.02087	0.02079	0.01278	0.62721	0.10052	0.04164	0.01759	0.01735	0.01258	0.00832	0.00686	0.00208	0.00731	0.00632	0.00686	0.01155
60	0.01693	0.01626	0.02777	0.04199	0.71689	0.01626	0.02100	0.02100	0.01558	0.02235	0.01287	0.01693	0.01084	0.00610	0.00677	0.00203	0.00813	0.00610	0.00339	0.01084
61	0.02507	0.03220	0.04938	0.01763	0.02151	0.67369	0.01372	0.05332	0.01968	0.01799	0.01088	0.01259	0.00892	0.00707	0.00621	0.00179	0.01205	0.00450	0.00363	0.00817
62	0.01519	0.27002	0.50238	0.01699	0.02573	0.01949	0.02090	0.02129	0.01427	0.01987	0.01139	0.01333	0.00870	0.00629	0.00582	0.00194	0.00921	0.00461	0.00290	0.00968
63	0.01474	0.10166	0.61022	0.01889	0.02832	0.01719	0.04324	0.05014	0.01520	0.02207	0.01224	0.01433	0.00885	0.00649	0.00637	0.00210	0.00978	0.00506	0.00308	0.01003
64	0.01829	0.76368	0.03585	0.01171	0.01756	0.02707	0.01171	0.02049	0.01390	0.01610	0.00951	0.01097	0.00878	0.00585	0.00439	0.00146	0.00732	0.00366	0.00293	0.00878
65	0.00917	0.00697	0.00843	0.00807	0.00991	0.00624	0.00605	0.01192	0.01815	0.02455	0.50609	0.05585	0.27354	0.01506	0.00807	0.00220	0.00330	0.01304	0.00715	0.00624
66	0.01910	0.01461	0.01562	0.01302	0.01708	0.01606	0.01041	0.31565	0.23684	0.03356	0.08306	0.02775	0.09013	0.00992	0.00696	0.00214	0.00579	0.00801	0.06430	0.00999
67	0.06381	0.01334	0.01527	0.01131	0.01707	0.01167	0.00917	0.13498	0.01785	0.12270	0.01478	0.01565	0.01117	0.00614	0.00557	0.00141	0.00560	0.00478	0.00515	0.51259
68	0.02531	0.04517	0.02054	0.01545	0.02068	0.07258	0.01272	0.60190	0.03007	0.03974	0.01594	0.01622	0.01151	0.00804	0.00665	0.00200	0.00774	0.00595	0.03067	0.01111
69	0.00851	0.00609	0.00786	0.00919	0.00982	0.00564	0.00622	0.00989	0.01361	0.01823	0.06927	0.64771	0.09791	0.02037	0.00853	0.00268	0.00387	0.01834	0.03062	0.00564
70	0.01719	0.56237	0.16094	0.01407	0.02041	0.02434	0.03760	0.02052	0.01388	0.01733	0.01013	0.01209	0.00883	0.00632	0.00593	0.00171	0.05022	0.00420	0.00294	0.00896
71	0.80789	0.01323	0.01006	0.00900	0.01323	0.01535	0.00741	0.02011	0.01164	0.03070	0.00953	0.01111	0.00741	0.00635	0.00423	0.00212	0.00529	0.00370	0.00423	0.00741
72	0.00834	0.00595	0.00794	0.00953	0.00992	0.00556	0.00635	0.00953	0.01310	0.01746	0.03771	0.75510	0.04525	0.02143	0.00873	0.00278	0.00397	0.01945	0.00635	0.00556
73	0.02167	0.01701	0.01809	0.01486	0.01956	0.01919	0.01196	0.37708	0.35622	0.03613	0.02193	0.02081	0.01609	0.00873	0.00690	0.00218	0.00651	0.00692	0.00690	0.01125
74	0.01463	0.16418	0.57458	0.01849	0.02771	0.01793	0.04938	0.02147	0.01442	0.02069	0.01185	0.01399	0.00875	0.00636	0.00619	0.00205	0.00967	0.00493	0.00292	0.00984
75	0.01693	0.01626	0.02777	0.04199	0.71689	0.01626	0.02100	0.02100	0.01558	0.02235	0.01287	0.01693	0.01084	0.00610	0.00677	0.00203	0.00813	0.00610	0.00339	0.01084
76	0.01372	0.03539	0.72412	0.01950	0.02961	0.01589	0.02528	0.02167	0.01444	0.02167	0.01228	0.01444	0.00867	0.00650	0.00650	0.00217	0.01011	0.00506	0.00289	0.01011
77	0.00933	0.00718	0.00875	0.00962	0.01136	0.00661	0.00775	0.01157	0.01531	0.01916	0.05128	0.16742	0.34295	0.01855	0.00874	0.00272	0.00470	0.28472	0.00633	0.00596
78	0.58179	0.06989	0.01358	0.01056	0.01489	0.09859	0.00868	0.02239	0.03367	0.07703	0.01143	0.01253	0.00874	0.00663	0.00474	0.00203	0.00629	0.00413	0.00444	0.00797
79	0.01065	0.00811	0.00993	0.00928	0.01126	0.00795	0.00702	0.01613	0.11840	0.02710	0.57721	0.04824	0.09532	0.01350	0.00791	0.00219	0.00356	0.01182	0.00738	0.00705
80	0.00834	0.00595	0.00794	0.00953	0.00992	0.00556	0.00635	0.00953	0.01310	0.01746	0.03771	0.75510	0.04525	0.02143	0.00873	0.00278	0.00397	0.01945	0.00635	0.00556
81	0.02432	0.14382	0.02145	0.01596	0.02007	0.49751	0.01256	0.04452	0.06256	0.07694	0.01303	0.01398	0.01033	0.00715	0.00602	0.00179	0.01044	0.00475	0.00415	0.00865
82	0.01829	0.76368	0.03585	0.01171	0.01756	0.02707	0.01171	0.02049	0.01390	0.01610	0.00951	0.01097	0.00878	0.00585	0.00439	0.00146	0.00732	0.00366	0.00293	0.00878
83	0.01188	0.00594	0.00891	0.00891	0.00891	0.00594	0.00594	0.00891	0.00891	0.01188	0.01188	0.02080	0.01188	0.02377	0.02674	0.80095	0.00594	0.00594	0.00297	0.00297
84	0.01343	0.03333	0.67220	0.01871	0.02820	0.01520	0.02391	0.02103	0.01480	0.02208	0.06318	0.01711	0.01272	0.00704	0.00661	0.00217	0.00961	0.00559	0.00323	0.00985
85	0.01793	0.01806	0.02327	0.08996	0.40652	0.12471	0.01747	0.02496	0.16376	0.02245	0.01568	0.01819	0.01254	0.00698	0.00673	0.00207	0.00826	0.00619	0.00415	0.01013
86	0.01693	0.01626	0.02777	0.04199	0.71689	0.01626	0.02100	0.02100	0.01558	0.02235	0.01287	0.01693	0.01084	0.00610	0.00677	0.00203	0.00813	0.00610	0.00339	0.01084
87	0.00995	0.00663	0.00746	0.00746	0.00746	0.00663	0.00415	0.00995	0.00995	0.01327	0.02156	0.04477	0.02487	0.75957	0.03482	0.00663	0.00663	0.00995	0.00415	0.00415
88	0.01350	0.02881	0.51741	0.01944	0.02791	0.01480	0.12918	0.02039	0.01524	0.02214	0.08267	0.02066	0.04212	0.00753	0.00697	0.00219	0.00941	0.00662	0.00357	0.00944
89	0.03003	0.01150	0.01566	0.01206	0.01723	0.00994	0.00994	0.03269	0.01957	0.69960	0.04877	0.02417	0.01845	0.00864	0.00692	0.00212	0.00574	0.00705	0.00844	0.01148
90	0.01693	0.01626	0.02777	0.04199	0.71689	0.01626	0.02100	0.02100	0.01558	0.02235	0.01287	0.01693	0.01084	0.00610	0.00677	0.00203	0.00813	0.00610	0.00339	0.01084
91	0.00977	0.00733	0.01100	0.01100	0.01222	0.00855	0.00855	0.01222	0.01100	0.01588	0.01833	0.02688	0.01710	0.05131	0.73245	0.01100	0.01833	0.00733	0.00367	0.00611
92	0.01489	0.01258	0.01456	0.01047	0.01651	0.00984	0.00840	0.05740	0.01525	0.02353	0.01241	0.01432	0.01022	0.00525	0.00517	0.00108	0.00521	0.00418	0.00422	0.75451
93	0.00909	0.00697	0.00833	0.00799	0.00986	0.00620	0.00599	0.01177	0.01797	0.02413	0.47552	0.05654	0.30437	0.01522	0.00808	0.00221	0.00332	0.01314	0.00710	0.00620
94	0.00968	0.00699	0.00914	0.00861	0.01022	0.00646	0.00646	0.01291	0.01937	0.02743	0.71328	0.05110	0.06455	0.01399	0.00807	0.00215	0.00323	0.01237	0.00753	0.00646
95	0.77730	0.01317	0.01028	0.00912	0.01340	0.01514	0.00751	0.02063	0.01196	0.05789	0.01021	0.01159	0.00778	0.00643	0.00434	0.00212	0.00531	0.00383	0.00440	0.00758
96	0.01510	0.01384	0.01920	0.49403	0.03739	0.03840	0.01641	0.06121	0.19007	0.02175	0.01633	0.01980	0.01224	0.00754	0.00685	0.00226	0.00819	0.00645	0.00427	0.00866
97	0.00977	0.00723	0.00964	0.00986	0.03581	0.00670	0.00694	0.01279	0.01851	0.02602	0.60363	0.11821	0.07997	0.01452	0.00809	0.00221	0.00348	0.01289	0.00723	0.00651
98	0.01105	0.00729	0.00910	0.00857	0.01051	0.00656	0.00640	0.01365	0.01782	0.08346	0.44653	0.09844	0.19729	0.04178	0.00899	0.00239	0.00367	0.01273	0.00716	0.00661

[dist]
# distance from previous block
# <min> <max>
0	53

# created by:
# /st0/software/busco_prod/Augustus/scripts/msa2prfl.pl ./align_prep/169903.fa
