[name]
unknown

[dist]
# distance from previous block
# <min> <max>
6	68

[block]
# block no. 0 follows, 28 sequences, length 131
# corresponding to MSA columns:
# 71-199,204,205
name=unknown_A
#
# <colnr> <probs for GDERKNQSTAVLIFYWHMCP>
#	G	D	E	R	K	N	Q	S	T	A	V	L	I	F	Y	W	H	M	C	P
0	0.01574	0.01019	0.01191	0.01089	0.01354	0.01010	0.00824	0.11213	0.06368	0.10968	0.11996	0.17893	0.14296	0.08730	0.01099	0.00292	0.00525	0.03347	0.04405	0.00809
1	0.01534	0.01052	0.01258	0.01147	0.01445	0.01000	0.00860	0.11701	0.04413	0.09014	0.05542	0.35694	0.07581	0.01562	0.00805	0.00241	0.00516	0.01367	0.00674	0.12594
2	0.01315	0.00864	0.01060	0.01062	0.01266	0.00824	0.00799	0.05074	0.04287	0.09198	0.09557	0.29871	0.17303	0.04923	0.00998	0.00289	0.00494	0.09383	0.00702	0.00729
3	0.01223	0.00895	0.00999	0.00965	0.01180	0.00872	0.00707	0.07440	0.06447	0.02334	0.06715	0.21640	0.23032	0.06353	0.01053	0.02938	0.00468	0.01323	0.10053	0.03364
4	0.01190	0.00825	0.00958	0.00963	0.01127	0.00807	0.00699	0.07818	0.01711	0.02369	0.11250	0.26982	0.14280	0.09077	0.01107	0.00296	0.00469	0.04335	0.13065	0.00671
5	0.00984	0.00727	0.00886	0.00970	0.01080	0.00683	0.00669	0.04102	0.01546	0.02021	0.07325	0.50121	0.17375	0.06599	0.01075	0.00305	0.00443	0.01800	0.00668	0.00620
6	0.01098	0.00772	0.00922	0.00960	0.01079	0.00743	0.00655	0.03486	0.04025	0.03980	0.07606	0.36196	0.14354	0.18875	0.01540	0.00373	0.00499	0.01571	0.00638	0.00626
7	0.01038	0.00759	0.00940	0.01031	0.01124	0.00744	0.00704	0.04092	0.05111	0.02029	0.05732	0.55442	0.06807	0.09375	0.01183	0.00327	0.00471	0.01793	0.00661	0.00638
8	0.04105	0.01093	0.01238	0.01145	0.01405	0.01108	0.00844	0.15352	0.06102	0.02589	0.02958	0.33087	0.04971	0.09051	0.01089	0.00291	0.00553	0.01304	0.03002	0.08713
9	0.01839	0.01375	0.01490	0.03765	0.01738	0.04346	0.01025	0.26876	0.02314	0.06848	0.05733	0.21636	0.15121	0.01430	0.00805	0.00244	0.00623	0.01204	0.00687	0.00902
10	0.01674	0.01191	0.01349	0.01180	0.01489	0.01213	0.00882	0.15828	0.11341	0.07251	0.04792	0.16579	0.06551	0.16340	0.01372	0.00329	0.00601	0.01082	0.00642	0.08316
11	0.01450	0.01198	0.01331	0.01199	0.01502	0.04874	0.04003	0.06659	0.13348	0.05308	0.08129	0.09331	0.26678	0.06334	0.01016	0.00278	0.00582	0.05315	0.00660	0.00803
12	0.01434	0.03600	0.07942	0.07647	0.04465	0.01290	0.01201	0.07460	0.06836	0.04673	0.07508	0.07932	0.16590	0.06290	0.07519	0.00356	0.04875	0.01004	0.00551	0.00827
13	0.01590	0.08121	0.01873	0.03765	0.01809	0.06639	0.04260	0.05367	0.04119	0.04415	0.02643	0.16956	0.10159	0.01309	0.01134	0.00250	0.17595	0.01014	0.03169	0.03812
14	0.04313	0.01345	0.01514	0.01306	0.01684	0.01461	0.01034	0.10179	0.28788	0.13257	0.13163	0.03147	0.06679	0.01085	0.00813	0.00236	0.03661	0.00880	0.04436	0.01021
15	0.04195	0.01923	0.13007	0.21374	0.33789	0.01716	0.06517	0.02130	0.01554	0.02233	0.01318	0.01777	0.01047	0.00697	0.00782	0.00231	0.03719	0.00636	0.00344	0.01014
16	0.03175	0.01376	0.01773	0.01359	0.01925	0.01275	0.01123	0.14676	0.02313	0.58961	0.02672	0.02347	0.01701	0.00895	0.00730	0.00224	0.00650	0.00718	0.00870	0.01237
17	0.01481	0.07141	0.67509	0.02032	0.03085	0.01745	0.02617	0.02296	0.01532	0.02274	0.01291	0.01517	0.00921	0.00687	0.00680	0.00227	0.01060	0.00530	0.00307	0.01068
18	0.01029	0.00743	0.00972	0.00914	0.01086	0.00686	0.00686	0.01372	0.02058	0.02915	0.69536	0.05430	0.06859	0.01486	0.00857	0.00229	0.00343	0.01315	0.00800	0.00686
19	0.00862	0.00724	0.00749	0.00770	0.00991	0.00611	0.00567	0.01039	0.01625	0.01951	0.06959	0.15075	0.61807	0.01894	0.00867	0.00251	0.00375	0.01598	0.00675	0.00611
20	0.01892	0.01736	0.04687	0.01517	0.01961	0.05088	0.01227	0.03736	0.59947	0.05542	0.02795	0.02585	0.02085	0.00959	0.00733	0.00242	0.00634	0.00789	0.00710	0.01136
21	0.00886	0.00633	0.00843	0.01012	0.01054	0.00590	0.00675	0.01012	0.01392	0.01856	0.04006	0.73979	0.04808	0.02277	0.00928	0.00295	0.00422	0.02066	0.00675	0.00590
22	0.01808	0.01561	0.01644	0.01479	0.01890	0.01808	0.01151	0.03863	0.68606	0.03041	0.02959	0.02712	0.02219	0.00986	0.00740	0.00247	0.00575	0.00822	0.00740	0.01151
23	0.09296	0.01636	0.08811	0.01317	0.01946	0.01314	0.01176	0.09432	0.05483	0.22656	0.01867	0.01854	0.01324	0.00732	0.00633	0.00185	0.00649	0.00571	0.00605	0.28511
24	0.01852	0.50544	0.22722	0.01503	0.02252	0.02503	0.01661	0.05918	0.01603	0.02041	0.01136	0.01304	0.00947	0.00656	0.00545	0.00180	0.00863	0.00446	0.00333	0.00990
25	0.01808	0.01561	0.01644	0.01479	0.01890	0.01808	0.01151	0.03863	0.68606	0.03041	0.02959	0.02712	0.02219	0.00986	0.00740	0.00247	0.00575	0.00822	0.00740	0.01151
26	0.01057	0.00705	0.00793	0.00793	0.00793	0.00705	0.00440	0.01057	0.01057	0.01409	0.02290	0.04757	0.02643	0.74454	0.03700	0.00705	0.00705	0.01057	0.00440	0.00440
27	0.02680	0.02267	0.02117	0.01695	0.02225	0.15215	0.01368	0.50435	0.08228	0.03936	0.01723	0.01739	0.01256	0.00858	0.00715	0.00215	0.00878	0.00633	0.00662	0.01156
28	0.01943	0.74891	0.03809	0.01244	0.01866	0.02876	0.01244	0.02177	0.01477	0.01710	0.01011	0.01166	0.00933	0.00622	0.00466	0.00155	0.00777	0.00389	0.00311	0.00933
29	0.01799	0.01727	0.02950	0.04462	0.69919	0.01727	0.02231	0.02231	0.01655	0.02375	0.01367	0.01799	0.01151	0.00648	0.00720	0.00216	0.00864	0.00648	0.00360	0.01151
30	0.01253	0.00953	0.01080	0.01036	0.01260	0.00830	0.00756	0.01436	0.02030	0.02727	0.40823	0.06286	0.32946	0.01783	0.00967	0.00286	0.00459	0.01460	0.00825	0.00803
31	0.01948	0.01939	0.02884	0.03948	0.55208	0.09018	0.05611	0.06265	0.01807	0.02444	0.01370	0.01754	0.01132	0.00670	0.00721	0.00215	0.00926	0.00641	0.00384	0.01115
32	0.01458	0.03760	0.70688	0.02072	0.03146	0.01688	0.02686	0.02302	0.01535	0.02302	0.01304	0.01535	0.00921	0.00691	0.00691	0.00230	0.01074	0.00537	0.00307	0.01074
33	0.01799	0.01727	0.02950	0.04462	0.69919	0.01727	0.02231	0.02231	0.01655	0.02375	0.01367	0.01799	0.01151	0.00648	0.00720	0.00216	0.00864	0.00648	0.00360	0.01151
34	0.01943	0.74891	0.03809	0.01244	0.01866	0.02876	0.01244	0.02177	0.01477	0.01710	0.01011	0.01166	0.00933	0.00622	0.00466	0.00155	0.00777	0.00389	0.00311	0.00933
35	0.01808	0.01561	0.01644	0.01479	0.01890	0.01808	0.01151	0.03863	0.68606	0.03041	0.02959	0.02712	0.02219	0.00986	0.00740	0.00247	0.00575	0.00822	0.00740	0.01151
36	0.03166	0.01216	0.01656	0.01277	0.01823	0.01052	0.01052	0.03449	0.02080	0.67526	0.05729	0.02601	0.02016	0.00925	0.00736	0.00225	0.00607	0.00756	0.00895	0.01213
37	0.01263	0.00631	0.00947	0.00947	0.00947	0.00631	0.00631	0.00947	0.00947	0.01263	0.01263	0.02210	0.01263	0.02525	0.02841	0.78851	0.00631	0.00631	0.00316	0.00316
38	0.01057	0.00705	0.00793	0.00793	0.00793	0.00705	0.00440	0.01057	0.01057	0.01409	0.02290	0.04757	0.02643	0.74454	0.03700	0.00705	0.00705	0.01057	0.00440	0.00440
39	0.01029	0.00743	0.00972	0.00914	0.01086	0.00686	0.00686	0.01372	0.02058	0.02915	0.69536	0.05430	0.06859	0.01486	0.00857	0.00229	0.00343	0.01315	0.00800	0.00686
40	0.01796	0.01736	0.03001	0.04409	0.67417	0.01731	0.04693	0.02235	0.01657	0.02373	0.01371	0.01805	0.01150	0.00646	0.00725	0.00217	0.00877	0.00656	0.00360	0.01145
41	0.01057	0.00705	0.00793	0.00793	0.00793	0.00705	0.00440	0.01057	0.01057	0.01409	0.02290	0.04757	0.02643	0.74454	0.03700	0.00705	0.00705	0.01057	0.00440	0.00440
42	0.01355	0.00678	0.00678	0.00678	0.00847	0.00678	0.00508	0.01694	0.01524	0.02710	0.02371	0.02710	0.01863	0.00847	0.00508	0.00169	0.00339	0.00678	0.78489	0.00678
43	0.01021	0.00737	0.00965	0.00920	0.01084	0.00681	0.00685	0.01352	0.02022	0.02858	0.65992	0.09137	0.06748	0.01529	0.00861	0.00232	0.00347	0.01355	0.00793	0.00681
44	0.01567	0.01327	0.01539	0.01105	0.01748	0.01030	0.00886	0.04951	0.01598	0.02474	0.01314	0.01519	0.01084	0.00554	0.00547	0.00113	0.00551	0.00441	0.00445	0.75206
45	0.01263	0.00631	0.00947	0.00947	0.00947	0.00631	0.00631	0.00947	0.00947	0.01263	0.01263	0.02210	0.01263	0.02525	0.02841	0.78851	0.00631	0.00631	0.00316	0.00316
46	0.01355	0.00678	0.00678	0.00678	0.00847	0.00678	0.00508	0.01694	0.01524	0.02710	0.02371	0.02710	0.01863	0.00847	0.00508	0.00169	0.00339	0.00678	0.78489	0.00678
47	0.01799	0.01727	0.02950	0.04462	0.69919	0.01727	0.02231	0.02231	0.01655	0.02375	0.01367	0.01799	0.01151	0.00648	0.00720	0.00216	0.00864	0.00648	0.00360	0.01151
48	0.01590	0.01590	0.02226	0.01908	0.01908	0.02226	0.01590	0.01749	0.01113	0.01749	0.00954	0.01590	0.00954	0.01272	0.02385	0.00318	0.73123	0.00636	0.00318	0.00795
49	0.01355	0.00678	0.00678	0.00678	0.00847	0.00678	0.00508	0.01694	0.01524	0.02710	0.02371	0.02710	0.01863	0.00847	0.00508	0.00169	0.00339	0.00678	0.78489	0.00678
50	0.01799	0.01727	0.02950	0.04462	0.69919	0.01727	0.02231	0.02231	0.01655	0.02375	0.01367	0.01799	0.01151	0.00648	0.00720	0.00216	0.00864	0.00648	0.00360	0.01151
51	0.02434	0.02864	0.02341	0.02665	0.23192	0.46897	0.01659	0.05522	0.01994	0.02086	0.01226	0.01481	0.01016	0.00723	0.00678	0.00197	0.01150	0.00532	0.00385	0.00955
52	0.00886	0.00633	0.00843	0.01012	0.01054	0.00590	0.00675	0.01012	0.01392	0.01856	0.04006	0.73979	0.04808	0.02277	0.00928	0.00295	0.00422	0.02066	0.00675	0.00590
53	0.79588	0.01406	0.01068	0.00956	0.01406	0.01631	0.00787	0.02137	0.01237	0.03261	0.01012	0.01181	0.00787	0.00675	0.00450	0.00225	0.00562	0.00394	0.00450	0.00787
54	0.02425	0.02099	0.01976	0.01637	0.02127	0.13126	0.01305	0.35186	0.25770	0.03602	0.02066	0.02011	0.01529	0.00892	0.00720	0.00223	0.00803	0.00683	0.00675	0.01144
55	0.00893	0.00639	0.00850	0.01007	0.01056	0.00596	0.00675	0.01032	0.01428	0.01913	0.07550	0.70273	0.04919	0.02235	0.00924	0.00292	0.00417	0.02026	0.00682	0.00596
56	0.01263	0.00631	0.00947	0.00947	0.00947	0.00631	0.00631	0.00947	0.00947	0.01263	0.01263	0.02210	0.01263	0.02525	0.02841	0.78851	0.00631	0.00631	0.00316	0.00316
57	0.01596	0.24006	0.51652	0.01836	0.02782	0.02026	0.02275	0.02266	0.01518	0.02134	0.01221	0.01430	0.00924	0.00671	0.00627	0.00209	0.00990	0.00495	0.00308	0.01034
58	0.01854	0.61843	0.16077	0.01396	0.02101	0.02658	0.01508	0.02200	0.01488	0.01819	0.01064	0.01234	0.00931	0.00634	0.00508	0.00169	0.00832	0.00416	0.00310	0.00959
59	0.00928	0.00661	0.00881	0.01042	0.01097	0.00625	0.00724	0.01074	0.01410	0.01874	0.03908	0.62836	0.04632	0.05572	0.01065	0.00319	0.00465	0.09631	0.00663	0.00593
60	0.79588	0.01406	0.01068	0.00956	0.01406	0.01631	0.00787	0.02137	0.01237	0.03261	0.01012	0.01181	0.00787	0.00675	0.00450	0.00225	0.00562	0.00394	0.00450	0.00787
61	0.01832	0.01789	0.02919	0.04370	0.67521	0.04201	0.02202	0.02255	0.01669	0.02354	0.01359	0.01782	0.01144	0.00651	0.00717	0.00215	0.00879	0.00641	0.00360	0.01140
62	0.02398	0.01569	0.10661	0.01375	0.01921	0.01250	0.01240	0.03130	0.16037	0.37738	0.09655	0.02873	0.04856	0.00986	0.00745	0.00231	0.00632	0.00815	0.00769	0.01117
63	0.01145	0.00823	0.01135	0.01272	0.01443	0.00813	0.01098	0.01476	0.01715	0.02249	0.11146	0.07857	0.06638	0.01945	0.00983	0.00320	0.00624	0.55963	0.00684	0.00669
64	0.01458	0.03760	0.70688	0.02072	0.03146	0.01688	0.02686	0.02302	0.01535	0.02302	0.01304	0.01535	0.00921	0.00691	0.00691	0.00230	0.01074	0.00537	0.00307	0.01074
65	0.70630	0.01510	0.01193	0.03278	0.01590	0.04350	0.00877	0.05171	0.01376	0.03221	0.01059	0.01236	0.00819	0.00688	0.00479	0.00224	0.00615	0.00416	0.00456	0.00811
66	0.01631	0.17384	0.54755	0.01878	0.02842	0.01890	0.02337	0.02332	0.01547	0.05169	0.01316	0.01505	0.00962	0.00686	0.00649	0.00216	0.00997	0.00517	0.00334	0.01054
67	0.01943	0.74891	0.03809	0.01244	0.01866	0.02876	0.01244	0.02177	0.01477	0.01710	0.01011	0.01166	0.00933	0.00622	0.00466	0.00155	0.00777	0.00389	0.00311	0.00933
68	0.01458	0.03760	0.70688	0.02072	0.03146	0.01688	0.02686	0.02302	0.01535	0.02302	0.01304	0.01535	0.00921	0.00691	0.00691	0.00230	0.01074	0.00537	0.00307	0.01074
69	0.00859	0.00736	0.00736	0.00736	0.00982	0.00614	0.00552	0.01043	0.01657	0.01964	0.07364	0.06996	0.69624	0.01841	0.00859	0.00245	0.00368	0.01534	0.00675	0.00614
70	0.01458	0.03760	0.70688	0.02072	0.03146	0.01688	0.02686	0.02302	0.01535	0.02302	0.01304	0.01535	0.00921	0.00691	0.00691	0.00230	0.01074	0.00537	0.00307	0.01074
71	0.00936	0.00739	0.00843	0.00817	0.01029	0.00646	0.00613	0.01193	0.01839	0.02396	0.35633	0.06284	0.41085	0.01680	0.00858	0.00238	0.00357	0.01434	0.00732	0.00646
72	0.79588	0.01406	0.01068	0.00956	0.01406	0.01631	0.00787	0.02137	0.01237	0.03261	0.01012	0.01181	0.00787	0.00675	0.00450	0.00225	0.00562	0.00394	0.00450	0.00787
73	0.01522	0.03310	0.54092	0.02320	0.03309	0.01726	0.18830	0.02309	0.01580	0.02309	0.01346	0.01641	0.00966	0.00671	0.00732	0.00234	0.01112	0.00617	0.00322	0.01051
74	0.01029	0.00743	0.00972	0.00914	0.01086	0.00686	0.00686	0.01372	0.02058	0.02915	0.69536	0.05430	0.06859	0.01486	0.00857	0.00229	0.00343	0.01315	0.00800	0.00686
75	0.01943	0.74891	0.03809	0.01244	0.01866	0.02876	0.01244	0.02177	0.01477	0.01710	0.01011	0.01166	0.00933	0.00622	0.00466	0.00155	0.00777	0.00389	0.00311	0.00933
76	0.01355	0.00678	0.00678	0.00678	0.00847	0.00678	0.00508	0.01694	0.01524	0.02710	0.02371	0.02710	0.01863	0.00847	0.00508	0.00169	0.00339	0.00678	0.78489	0.00678
77	0.63467	0.01538	0.01302	0.01106	0.01584	0.01762	0.00912	0.15852	0.01695	0.03538	0.01166	0.01299	0.00881	0.00716	0.00508	0.00224	0.00612	0.00448	0.00508	0.00881
78	0.01849	0.01432	0.01622	0.01506	0.04200	0.01582	0.01144	0.09053	0.42553	0.07718	0.11587	0.03299	0.02804	0.01092	0.00770	0.00245	0.00585	0.05147	0.00739	0.01071
79	0.02550	0.11752	0.06931	0.01661	0.02235	0.11499	0.01446	0.41297	0.02732	0.06480	0.01563	0.01625	0.01152	0.00824	0.00730	0.00210	0.03006	0.00590	0.00593	0.01120
80	0.01684	0.01597	0.02704	0.17004	0.54538	0.01658	0.02106	0.02105	0.01589	0.02232	0.01397	0.01966	0.01188	0.04170	0.00863	0.00244	0.00876	0.00667	0.00357	0.01054
81	0.01959	0.03957	0.01670	0.01206	0.01798	0.01226	0.00977	0.04959	0.11386	0.15938	0.01851	0.01869	0.01385	0.00690	0.00610	0.00157	0.00578	0.00553	0.00575	0.46657
82	0.01016	0.00733	0.00960	0.00923	0.01083	0.00677	0.00685	0.01339	0.01997	0.02819	0.63595	0.11645	0.06673	0.01558	0.00864	0.00235	0.00350	0.01383	0.00789	0.00677
83	0.01355	0.00678	0.00678	0.00678	0.00847	0.00678	0.00508	0.01694	0.01524	0.02710	0.02371	0.02710	0.01863	0.00847	0.00508	0.00169	0.00339	0.00678	0.78489	0.00678
84	0.02564	0.04637	0.02108	0.01634	0.02160	0.10526	0.01327	0.43552	0.15418	0.05792	0.01906	0.01876	0.01391	0.00871	0.00712	0.00218	0.00813	0.00656	0.00677	0.01162
85	0.01799	0.01727	0.02950	0.04462	0.69919	0.01727	0.02231	0.02231	0.01655	0.02375	0.01367	0.01799	0.01151	0.00648	0.00720	0.00216	0.00864	0.00648	0.00360	0.01151
86	0.01107	0.00760	0.00997	0.00928	0.01113	0.00699	0.00699	0.01447	0.02058	0.05270	0.67210	0.05327	0.06682	0.01466	0.00853	0.00228	0.00353	0.01294	0.00804	0.00705
87	0.01860	0.58927	0.12475	0.01557	0.05896	0.02633	0.01501	0.02182	0.01482	0.01827	0.01067	0.01265	0.00944	0.00654	0.00575	0.00174	0.03276	0.00431	0.00313	0.00959
88	0.00859	0.00736	0.00736	0.00736	0.00982	0.00614	0.00552	0.01043	0.01657	0.01964	0.07364	0.06996	0.69624	0.01841	0.00859	0.00245	0.00368	0.01534	0.00675	0.00614
89	0.06015	0.01580	0.02161	0.01854	0.01880	0.02193	0.01545	0.01771	0.01120	0.01835	0.00957	0.01567	0.00945	0.01238	0.02276	0.00313	0.69007	0.00622	0.00326	0.00795
90	0.02763	0.02036	0.02182	0.01672	0.02254	0.02254	0.01382	0.67496	0.03418	0.04581	0.01745	0.01745	0.01236	0.00873	0.00727	0.00218	0.00800	0.00654	0.00727	0.01236
91	0.01038	0.00779	0.01168	0.01168	0.01298	0.00909	0.00909	0.01298	0.01168	0.01687	0.01947	0.02856	0.01817	0.05452	0.71573	0.01168	0.01947	0.00779	0.00389	0.00649
92	0.01507	0.01292	0.01507	0.01077	0.01723	0.00969	0.00861	0.01830	0.01507	0.02369	0.01292	0.01507	0.01077	0.00538	0.00538	0.00108	0.00538	0.00431	0.00431	0.78898
93	0.01862	0.01588	0.01674	0.01490	0.01911	0.01833	0.01164	0.07473	0.64908	0.03128	0.02890	0.02657	0.02163	0.00980	0.00739	0.00245	0.00588	0.00812	0.00739	0.01155
94	0.01057	0.00705	0.00793	0.00793	0.00793	0.00705	0.00440	0.01057	0.01057	0.01409	0.02290	0.04757	0.02643	0.74454	0.03700	0.00705	0.00705	0.01057	0.00440	0.00440
95	0.01758	0.01669	0.02834	0.04258	0.65457	0.01669	0.02162	0.02184	0.01656	0.02362	0.01529	0.02217	0.01349	0.00736	0.00738	0.00224	0.00851	0.04847	0.00380	0.01120
96	0.00914	0.00659	0.00866	0.00981	0.01058	0.00611	0.00672	0.01088	0.01540	0.02079	0.17725	0.57185	0.07728	0.02096	0.00911	0.00279	0.00403	0.01890	0.00701	0.00611
97	0.01057	0.00705	0.00793	0.00793	0.00793	0.00705	0.00440	0.01057	0.01057	0.01409	0.02290	0.04757	0.02643	0.74454	0.03700	0.00705	0.00705	0.01057	0.00440	0.00440
98	0.01039	0.00775	0.01151	0.01151	0.01275	0.00899	0.00887	0.01287	0.01163	0.01675	0.01963	0.02943	0.01855	0.08633	0.68444	0.01147	0.01890	0.00792	0.00392	0.00639
99	0.02261	0.32447	0.10501	0.01640	0.02194	0.35839	0.01484	0.02541	0.01764	0.01810	0.01098	0.01277	0.00933	0.00691	0.00583	0.00179	0.01068	0.00444	0.00341	0.00905
100	0.79588	0.01406	0.01068	0.00956	0.01406	0.01631	0.00787	0.02137	0.01237	0.03261	0.01012	0.01181	0.00787	0.00675	0.00450	0.00225	0.00562	0.00394	0.00450	0.00787
101	0.01486	0.06171	0.66057	0.02124	0.05367	0.01731	0.02620	0.02295	0.01537	0.02284	0.01296	0.01531	0.00929	0.00687	0.00684	0.00227	0.01057	0.00536	0.00309	0.01072
102	0.01521	0.03672	0.68282	0.02045	0.03101	0.01667	0.02629	0.02345	0.01554	0.04677	0.01359	0.01567	0.00951	0.00698	0.00692	0.00230	0.01058	0.00544	0.00328	0.01080
103	0.01029	0.00743	0.00972	0.00914	0.01086	0.00686	0.00686	0.01372	0.02058	0.02915	0.69536	0.05430	0.06859	0.01486	0.00857	0.00229	0.00343	0.01315	0.00800	0.00686
104	0.02859	0.01315	0.01657	0.01309	0.01831	0.01235	0.01069	0.09820	0.09669	0.50826	0.03119	0.02783	0.07125	0.00981	0.00742	0.00228	0.00612	0.00797	0.00847	0.01178
105	0.01675	0.01589	0.02694	0.17542	0.53573	0.01649	0.02106	0.02112	0.01638	0.02303	0.05039	0.02022	0.01425	0.00708	0.00728	0.00222	0.00856	0.00683	0.00376	0.01059
106	0.01038	0.00779	0.01168	0.01168	0.01298	0.00909	0.00909	0.01298	0.01168	0.01687	0.01947	0.02856	0.01817	0.05452	0.71573	0.01168	0.01947	0.00779	0.00389	0.00649
107	0.01759	0.01979	0.03904	0.07101	0.10934	0.05582	0.52980	0.02322	0.01713	0.02277	0.01431	0.01907	0.01092	0.00630	0.00825	0.00239	0.01176	0.00802	0.00365	0.00982
108	0.79588	0.01406	0.01068	0.00956	0.01406	0.01631	0.00787	0.02137	0.01237	0.03261	0.01012	0.01181	0.00787	0.00675	0.00450	0.00225	0.00562	0.00394	0.00450	0.00787
109	0.01819	0.01472	0.01872	0.01823	0.14638	0.01324	0.01210	0.09088	0.07455	0.06520	0.01585	0.01744	0.01245	0.00653	0.00620	0.00158	0.00635	0.00545	0.00501	0.45092
110	0.01397	0.01317	0.02224	0.68835	0.08689	0.01621	0.02031	0.01878	0.01465	0.01887	0.01296	0.01930	0.00979	0.00722	0.00726	0.00241	0.00963	0.00646	0.00325	0.00827
111	0.02039	0.61374	0.03529	0.01502	0.05597	0.12005	0.01319	0.02277	0.01565	0.01755	0.01045	0.01220	0.00945	0.00640	0.00505	0.00163	0.00853	0.00413	0.00322	0.00933
112	0.01008	0.00742	0.00943	0.00893	0.01073	0.00677	0.00670	0.01332	0.02009	0.02800	0.62026	0.05619	0.14440	0.01529	0.00858	0.00231	0.00346	0.01341	0.00785	0.00677
113	0.01458	0.03760	0.70688	0.02072	0.03146	0.01688	0.02686	0.02302	0.01535	0.02302	0.01304	0.01535	0.00921	0.00691	0.00691	0.00230	0.01074	0.00537	0.00307	0.01074
114	0.02684	0.01925	0.02087	0.01620	0.02172	0.02112	0.01330	0.61101	0.03250	0.07316	0.01917	0.05683	0.01454	0.00950	0.00738	0.00223	0.00771	0.00734	0.00732	0.01201
115	0.00921	0.00658	0.00884	0.01052	0.01110	0.00621	0.00736	0.01073	0.01426	0.01895	0.03987	0.65855	0.04731	0.02244	0.00937	0.00300	0.00452	0.09843	0.00674	0.00600
116	0.01781	0.01708	0.02917	0.07390	0.67134	0.01722	0.02222	0.02215	0.01646	0.02353	0.01364	0.01805	0.01144	0.00651	0.00720	0.00217	0.00868	0.00648	0.00358	0.01137
117	0.02282	0.01548	0.01650	0.01402	0.01847	0.06084	0.01109	0.08911	0.32480	0.22528	0.06935	0.02817	0.05103	0.01003	0.00743	0.00233	0.00632	0.00818	0.00762	0.01112
118	0.01057	0.00705	0.00793	0.00793	0.00793	0.00705	0.00440	0.01057	0.01057	0.01409	0.02290	0.04757	0.02643	0.74454	0.03700	0.00705	0.00705	0.01057	0.00440	0.00440
119	0.01646	0.00880	0.01169	0.01019	0.01299	0.00792	0.00792	0.01972	0.02064	0.21570	0.51113	0.04613	0.05461	0.01324	0.00822	0.00228	0.00419	0.01153	0.00828	0.00838
120	0.00915	0.00659	0.00866	0.00982	0.01058	0.00611	0.00673	0.01088	0.01540	0.02080	0.17771	0.57397	0.07464	0.02098	0.00911	0.00280	0.00403	0.01892	0.00701	0.00611
121	0.01513	0.09680	0.61439	0.02055	0.03073	0.01797	0.06057	0.02293	0.01540	0.02253	0.01289	0.01527	0.00932	0.00681	0.00681	0.00225	0.01057	0.00542	0.00311	0.01057
122	0.01470	0.03677	0.67626	0.02118	0.03176	0.01695	0.05664	0.02303	0.01543	0.02303	0.01312	0.01554	0.00929	0.00687	0.00698	0.00231	0.01081	0.00552	0.00310	0.01070
123	0.02715	0.01389	0.01693	0.01377	0.01885	0.01386	0.01112	0.06403	0.26170	0.43256	0.02852	0.02529	0.01927	0.00930	0.00734	0.00232	0.00611	0.00761	0.00834	0.01206
124	0.01458	0.03760	0.70688	0.02072	0.03146	0.01688	0.02686	0.02302	0.01535	0.02302	0.01304	0.01535	0.00921	0.00691	0.00691	0.00230	0.01074	0.00537	0.00307	0.01074
125	0.01783	0.01821	0.06073	0.04352	0.66841	0.01725	0.02252	0.02234	0.01650	0.02371	0.01364	0.01787	0.01141	0.00650	0.00718	0.00217	0.00873	0.00643	0.00357	0.01148
126	0.03261	0.01237	0.01687	0.01293	0.01856	0.01068	0.01068	0.03543	0.02081	0.70423	0.02868	0.02474	0.01799	0.00900	0.00731	0.00225	0.00619	0.00731	0.00900	0.01237
127	0.03179	0.01255	0.01684	0.01304	0.01858	0.01110	0.01073	0.03561	0.05855	0.66600	0.02873	0.02488	0.01823	0.00905	0.00731	0.00226	0.00616	0.00736	0.00891	0.01232
128	0.02244	0.01812	0.16654	0.04782	0.02231	0.01357	0.01464	0.03045	0.16691	0.30956	0.02577	0.06571	0.01924	0.00986	0.00745	0.00240	0.00715	0.03214	0.00687	0.01104
129	0.01948	0.01854	0.02814	0.04088	0.60852	0.07713	0.02104	0.02351	0.01710	0.05558	0.01418	0.01789	0.01164	0.00668	0.00715	0.00214	0.00890	0.00636	0.00387	0.01129
130	0.03219	0.01369	0.01721	0.01333	0.01887	0.04457	0.01095	0.05626	0.02124	0.64985	0.02748	0.02395	0.01740	0.00892	0.00727	0.00223	0.00657	0.00716	0.00869	0.01218

[dist]
# distance from previous block
# <min> <max>
7	9

# created by:
# /st0/software/busco_prod/Augustus/scripts/msa2prfl.pl ./align_prep/169920.fa
