[name]
unknown

[dist]
# distance from previous block
# <min> <max>
9	16

[block]
# block no. 0 follows, 25 sequences, length 6
# corresponding to MSA columns:
# 18-23
name=unknown_A
#
# <colnr> <probs for GDERKNQSTAVLIFYWHMCP>
#	G	D	E	R	K	N	Q	S	T	A	V	L	I	F	Y	W	H	M	C	P
0	0.01894	0.01923	0.02349	0.11974	0.02697	0.12280	0.07645	0.06871	0.07091	0.02293	0.01713	0.08864	0.01575	0.01170	0.01422	0.00282	0.25728	0.00845	0.00461	0.00921
1	0.12194	0.01739	0.01950	0.09079	0.04706	0.07370	0.04648	0.18996	0.09011	0.03099	0.02108	0.11383	0.01885	0.03655	0.04488	0.00319	0.00892	0.00894	0.00590	0.00992
2	0.05642	0.00871	0.00975	0.00962	0.01103	0.00882	0.00660	0.04639	0.01504	0.02137	0.05567	0.13833	0.13162	0.29855	0.08883	0.00549	0.00741	0.01240	0.06158	0.00636
3	0.01450	0.00906	0.01268	0.11359	0.01757	0.00987	0.00945	0.05676	0.01385	0.01950	0.01689	0.02584	0.01534	0.06499	0.08874	0.37919	0.00839	0.00727	0.11073	0.00578
4	0.02200	0.02015	0.01872	0.03924	0.04668	0.15902	0.01276	0.24670	0.05888	0.03132	0.03017	0.08672	0.13549	0.01189	0.00794	0.00235	0.00834	0.00948	0.00639	0.04577
5	0.06139	0.01258	0.01424	0.08517	0.01907	0.01348	0.01023	0.10696	0.14344	0.02735	0.03328	0.06371	0.14698	0.08406	0.01217	0.04756	0.00639	0.00990	0.05772	0.04433

[dist]
# distance from previous block
# <min> <max>
1	17

[block]
# block no. 1 follows, 25 sequences, length 13
# corresponding to MSA columns:
# 41-53
name=unknown_B
#
# <colnr> <probs for GDERKNQSTAVLIFYWHMCP>
#	G	D	E	R	K	N	Q	S	T	A	V	L	I	F	Y	W	H	M	C	P
0	0.02076	0.01763	0.02675	0.02057	0.02546	0.01892	0.20187	0.24871	0.02309	0.03210	0.01797	0.02261	0.01433	0.04091	0.09111	0.00384	0.08121	0.00794	0.07390	0.01033
1	0.02351	0.01912	0.02550	0.07865	0.20030	0.02033	0.04843	0.34350	0.02672	0.03639	0.01705	0.02041	0.01327	0.04176	0.00918	0.00254	0.00888	0.00714	0.00589	0.05143
2	0.11462	0.01535	0.01690	0.04615	0.02037	0.01450	0.01074	0.16889	0.02062	0.03143	0.01951	0.02095	0.06234	0.00793	0.00646	0.00177	0.00652	0.00612	0.00551	0.40333
3	0.01339	0.01024	0.01418	0.01303	0.01484	0.01018	0.06842	0.09261	0.01726	0.02319	0.06778	0.34028	0.03748	0.21950	0.01789	0.00419	0.00662	0.01544	0.00632	0.00716
4	0.01884	0.01604	0.02657	0.22605	0.40481	0.01675	0.02098	0.02330	0.01749	0.08598	0.01950	0.02342	0.04997	0.00812	0.00779	0.00241	0.00898	0.00752	0.00446	0.01102
5	0.01439	0.01178	0.01358	0.01123	0.01552	0.01018	0.00836	0.01907	0.09239	0.02338	0.02450	0.12926	0.04753	0.13436	0.01257	0.00278	0.00584	0.00926	0.00549	0.40853
6	0.01417	0.01034	0.01295	0.09779	0.01787	0.01064	0.00938	0.08686	0.01711	0.02416	0.05645	0.19032	0.02865	0.17270	0.04646	0.00398	0.00706	0.01156	0.10154	0.08001
7	0.01445	0.00723	0.00723	0.00723	0.00903	0.00723	0.00542	0.01807	0.01626	0.02891	0.02529	0.02891	0.01987	0.00903	0.00542	0.00181	0.00361	0.00723	0.77055	0.00723
8	0.02945	0.02166	0.02313	0.01881	0.04962	0.05478	0.01485	0.55170	0.03393	0.09520	0.01906	0.01901	0.01346	0.00917	0.00772	0.00232	0.00867	0.00695	0.00756	0.01295
9	0.14727	0.01718	0.02399	0.13356	0.33526	0.04309	0.01823	0.02413	0.04649	0.04661	0.01493	0.01848	0.01191	0.00726	0.00701	0.00226	0.00847	0.00627	0.00438	0.08322
10	0.05636	0.02173	0.09112	0.23502	0.18785	0.11395	0.01985	0.07246	0.08000	0.02557	0.01563	0.01918	0.01208	0.00790	0.00746	0.00240	0.00996	0.00656	0.00441	0.01050
11	0.11662	0.19612	0.13249	0.12075	0.02743	0.08588	0.01645	0.11553	0.01914	0.02667	0.01323	0.01567	0.01039	0.00744	0.00642	0.00211	0.00921	0.00535	0.00433	0.06877
12	0.02343	0.02148	0.05452	0.04925	0.02597	0.08306	0.07865	0.30498	0.02597	0.03491	0.01597	0.01773	0.01200	0.00780	0.00727	0.00203	0.00899	0.00632	0.00577	0.21391

[dist]
# distance from previous block
# <min> <max>
5	35

[block]
# block no. 2 follows, 25 sequences, length 24
# corresponding to MSA columns:
# 92-115
name=unknown_C
#
# <colnr> <probs for GDERKNQSTAVLIFYWHMCP>
#	G	D	E	R	K	N	Q	S	T	A	V	L	I	F	Y	W	H	M	C	P
0	0.11540	0.03138	0.07817	0.02194	0.07931	0.43036	0.05329	0.05944	0.02062	0.02366	0.01277	0.01509	0.01024	0.00773	0.00698	0.00216	0.01211	0.00546	0.00420	0.00969
1	0.12207	0.02070	0.02368	0.07949	0.26015	0.12689	0.01723	0.12222	0.05829	0.02918	0.01518	0.01789	0.01202	0.00769	0.00710	0.00224	0.00914	0.00622	0.00485	0.05777
2	0.67735	0.07142	0.01439	0.05133	0.01763	0.01843	0.00955	0.02265	0.01353	0.03261	0.01097	0.01306	0.00863	0.00719	0.00499	0.00235	0.00643	0.00435	0.00460	0.00853
3	0.06230	0.64956	0.07934	0.01365	0.02048	0.02916	0.01396	0.02328	0.01565	0.01955	0.01098	0.01269	0.00986	0.00671	0.00511	0.00175	0.00836	0.00425	0.00340	0.00996
4	0.01891	0.01813	0.03096	0.08882	0.64012	0.01835	0.02365	0.02355	0.01752	0.02499	0.01453	0.01928	0.01216	0.00696	0.00768	0.00232	0.00928	0.00691	0.00381	0.01205
5	0.01958	0.01365	0.01533	0.01311	0.01608	0.01458	0.00976	0.28159	0.02274	0.05560	0.02417	0.11439	0.02376	0.27613	0.06051	0.00492	0.00834	0.01044	0.00643	0.00890
6	0.02947	0.02172	0.02327	0.01784	0.02404	0.02404	0.01474	0.65329	0.03646	0.04887	0.01862	0.01862	0.01319	0.00931	0.00776	0.00233	0.00853	0.00698	0.00776	0.01319
7	0.01834	0.01586	0.01790	0.09629	0.02378	0.01843	0.01336	0.03722	0.55110	0.03042	0.03006	0.03145	0.02336	0.01085	0.00804	0.00268	0.00668	0.04530	0.00733	0.01154
8	0.02073	0.73217	0.04063	0.01327	0.01990	0.03068	0.01327	0.02322	0.01575	0.01824	0.01078	0.01244	0.00995	0.00663	0.00498	0.00166	0.00829	0.00415	0.00332	0.00995
9	0.01347	0.00673	0.01010	0.01010	0.01010	0.00673	0.00673	0.01010	0.01010	0.01347	0.01347	0.02357	0.01347	0.02694	0.03030	0.77441	0.00673	0.00673	0.00337	0.00337
10	0.02073	0.73217	0.04063	0.01327	0.01990	0.03068	0.01327	0.02322	0.01575	0.01824	0.01078	0.01244	0.00995	0.00663	0.00498	0.00166	0.00829	0.00415	0.00332	0.00995
11	0.01919	0.01842	0.03147	0.04759	0.67914	0.01842	0.02380	0.02380	0.01765	0.02533	0.01458	0.01919	0.01228	0.00691	0.00768	0.00230	0.00921	0.00691	0.00384	0.01228
12	0.03479	0.01320	0.01799	0.01380	0.01979	0.01140	0.01140	0.03779	0.02219	0.68451	0.03059	0.02639	0.01919	0.00960	0.00780	0.00240	0.00660	0.00780	0.00960	0.01320
13	0.01347	0.00673	0.01010	0.01010	0.01010	0.00673	0.00673	0.01010	0.01010	0.01347	0.01347	0.02357	0.01347	0.02694	0.03030	0.77441	0.00673	0.00673	0.00337	0.00337
14	0.02734	0.02096	0.02441	0.02273	0.13335	0.02291	0.01615	0.52311	0.05898	0.04426	0.01847	0.01913	0.01346	0.00896	0.00775	0.00234	0.00855	0.00704	0.00711	0.01300
15	0.02701	0.02702	0.02404	0.05330	0.12842	0.29475	0.01656	0.27510	0.02673	0.03182	0.01509	0.01692	0.01163	0.00833	0.00743	0.00220	0.01092	0.00616	0.00543	0.01115
16	0.01098	0.00751	0.00842	0.00851	0.00879	0.00736	0.00493	0.01124	0.01208	0.01584	0.03064	0.08497	0.09326	0.62423	0.03507	0.00683	0.00702	0.01229	0.00506	0.00496
17	0.01737	0.01657	0.02818	0.31225	0.42871	0.01794	0.02289	0.02220	0.01679	0.02312	0.01426	0.01978	0.01150	0.00725	0.00771	0.00242	0.00966	0.00690	0.00368	0.01081
18	0.01944	0.01912	0.03053	0.08255	0.61101	0.05324	0.02322	0.02395	0.01776	0.02470	0.01441	0.01900	0.01206	0.00701	0.00765	0.00230	0.00952	0.00681	0.00382	0.01191
19	0.01778	0.01964	0.04136	0.14009	0.08052	0.01916	0.51453	0.02398	0.01782	0.02407	0.01532	0.02077	0.01157	0.00675	0.00884	0.00259	0.01241	0.00866	0.00384	0.01028
20	0.43167	0.01772	0.01704	0.01511	0.05116	0.01998	0.01167	0.25580	0.05278	0.03939	0.01484	0.01591	0.01107	0.00812	0.00617	0.00238	0.00709	0.00557	0.00599	0.01053
21	0.09403	0.01745	0.02836	0.13466	0.52757	0.01816	0.02196	0.02315	0.01692	0.02551	0.01410	0.01874	0.01163	0.00705	0.00740	0.00235	0.00905	0.00664	0.00388	0.01139
22	0.02004	0.02013	0.02936	0.07426	0.54572	0.09198	0.02216	0.02525	0.05020	0.02473	0.01511	0.01918	0.01251	0.00725	0.00762	0.00230	0.00963	0.00679	0.00404	0.01175
23	0.02421	0.02236	0.02317	0.04750	0.15353	0.14825	0.01617	0.23188	0.19128	0.03334	0.01974	0.02058	0.01501	0.00884	0.00763	0.00235	0.00914	0.00705	0.00616	0.01182

[dist]
# distance from previous block
# <min> <max>
0	5

[block]
# block no. 3 follows, 25 sequences, length 6
# corresponding to MSA columns:
# 121-126
name=unknown_D
#
# <colnr> <probs for GDERKNQSTAVLIFYWHMCP>
#	G	D	E	R	K	N	Q	S	T	A	V	L	I	F	Y	W	H	M	C	P
0	0.01216	0.00779	0.00943	0.00982	0.01121	0.00711	0.00670	0.01350	0.01539	0.08097	0.04605	0.34546	0.19432	0.18417	0.01635	0.00396	0.00525	0.01685	0.00684	0.00663
1	0.01103	0.00741	0.00853	0.00877	0.00883	0.00735	0.00504	0.01121	0.01176	0.01568	0.02690	0.14136	0.03130	0.63264	0.03548	0.00693	0.00711	0.01273	0.00504	0.00491
2	0.03006	0.02078	0.02269	0.01740	0.02358	0.02266	0.01437	0.58569	0.03489	0.11868	0.01993	0.01947	0.01385	0.00934	0.00776	0.00233	0.00832	0.00707	0.00796	0.01319
3	0.10208	0.07099	0.03524	0.10159	0.16649	0.05249	0.31133	0.02406	0.01732	0.02474	0.01420	0.01869	0.01114	0.00689	0.00783	0.00243	0.01093	0.00736	0.00391	0.01030
4	0.01128	0.00752	0.00846	0.00846	0.00846	0.00752	0.00470	0.01128	0.01128	0.01503	0.02443	0.05074	0.02819	0.72751	0.03946	0.00752	0.00752	0.01128	0.00470	0.00470
5	0.02751	0.02231	0.02155	0.01715	0.02241	0.11376	0.01373	0.50186	0.03187	0.04128	0.01832	0.02133	0.01431	0.08385	0.01095	0.00282	0.00917	0.00716	0.00693	0.01173

[dist]
# distance from previous block
# <min> <max>
0	1

[block]
# block no. 4 follows, 25 sequences, length 60
# corresponding to MSA columns:
# 128-187
name=unknown_E
#
# <colnr> <probs for GDERKNQSTAVLIFYWHMCP>
#	G	D	E	R	K	N	Q	S	T	A	V	L	I	F	Y	W	H	M	C	P
0	0.02567	0.31471	0.02943	0.01730	0.02234	0.43042	0.01430	0.02787	0.01949	0.01868	0.01150	0.01337	0.00997	0.00745	0.00619	0.00186	0.01171	0.00466	0.00372	0.00937
1	0.01919	0.01842	0.03147	0.04759	0.67914	0.01842	0.02380	0.02380	0.01765	0.02533	0.01458	0.01919	0.01228	0.00691	0.00768	0.00230	0.00921	0.00691	0.00384	0.01228
2	0.01108	0.00831	0.01246	0.01246	0.01385	0.00969	0.00969	0.01385	0.01246	0.01800	0.02077	0.03046	0.01938	0.05815	0.69678	0.01246	0.02077	0.00831	0.00415	0.00692
3	0.01097	0.00793	0.01036	0.00975	0.01158	0.00732	0.00732	0.01463	0.02195	0.03109	0.67505	0.05792	0.07316	0.01585	0.00914	0.00244	0.00366	0.01402	0.00854	0.00732
4	0.02250	0.01825	0.01934	0.01643	0.02139	0.02079	0.01305	0.23437	0.46673	0.03762	0.02747	0.02567	0.02036	0.01014	0.00785	0.00253	0.00689	0.00820	0.00785	0.01256
5	0.01347	0.00673	0.01010	0.01010	0.01010	0.00673	0.00673	0.01010	0.01010	0.01347	0.01347	0.02357	0.01347	0.02694	0.03030	0.77441	0.00673	0.00673	0.00337	0.00337
6	0.02854	0.07305	0.02294	0.01963	0.02376	0.66182	0.01489	0.03056	0.02165	0.01894	0.01192	0.01390	0.00999	0.00792	0.00689	0.00198	0.01369	0.00495	0.00396	0.00904
7	0.01608	0.01378	0.01608	0.01148	0.01837	0.01034	0.00919	0.01952	0.01608	0.02527	0.01378	0.01608	0.01148	0.00574	0.00574	0.00115	0.00574	0.00459	0.00459	0.77491
8	0.01622	0.01484	0.02313	0.45623	0.13599	0.01668	0.01938	0.04312	0.04286	0.02295	0.01478	0.02003	0.01143	0.00749	0.00744	0.00232	0.00925	0.00662	0.00400	0.12525
9	0.01525	0.01458	0.02478	0.53816	0.04718	0.01655	0.09006	0.02033	0.01589	0.02112	0.01399	0.02007	0.01065	0.00734	0.00763	0.00239	0.01001	0.00683	0.00366	0.11352
10	0.02947	0.02172	0.02327	0.01784	0.02404	0.02404	0.01474	0.65329	0.03646	0.04887	0.01862	0.01862	0.01319	0.00931	0.00776	0.00233	0.00853	0.00698	0.00776	0.01319
11	0.02186	0.26274	0.24842	0.01851	0.02583	0.25645	0.01895	0.02634	0.01811	0.02059	0.01223	0.01427	0.00992	0.00734	0.00646	0.00204	0.01131	0.00496	0.00354	0.01012
12	0.01113	0.00810	0.01140	0.01140	0.01242	0.00912	0.00837	0.01317	0.01215	0.01722	0.02173	0.03581	0.02171	0.23481	0.52330	0.01116	0.01727	0.00909	0.00430	0.00634
13	0.01640	0.06342	0.01777	0.01161	0.01848	0.01174	0.00947	0.01978	0.01606	0.02478	0.01357	0.01583	0.01138	0.00580	0.00569	0.00118	0.00592	0.00456	0.00451	0.72205
14	0.01243	0.00868	0.01103	0.01132	0.01321	0.00784	0.00799	0.03930	0.01625	0.05336	0.03697	0.55807	0.04242	0.02029	0.00911	0.00279	0.00494	0.01822	0.00695	0.11885
15	0.02947	0.02172	0.02327	0.01784	0.02404	0.02404	0.01474	0.65329	0.03646	0.04887	0.01862	0.01862	0.01319	0.00931	0.00776	0.00233	0.00853	0.00698	0.00776	0.01319
16	0.01555	0.04011	0.68733	0.02210	0.03356	0.01801	0.02865	0.02455	0.01637	0.02455	0.01391	0.01637	0.00982	0.00737	0.00737	0.00246	0.01146	0.00573	0.00327	0.01146
17	0.01555	0.04011	0.68733	0.02210	0.03356	0.01801	0.02865	0.02455	0.01637	0.02455	0.01391	0.01637	0.00982	0.00737	0.00737	0.00246	0.01146	0.00573	0.00327	0.01146
18	0.01075	0.00792	0.01005	0.00952	0.01145	0.00722	0.00714	0.01420	0.02142	0.02984	0.60124	0.05998	0.14775	0.01632	0.00915	0.00246	0.00369	0.01431	0.00837	0.00722
19	0.02073	0.73217	0.04063	0.01327	0.01990	0.03068	0.01327	0.02322	0.01575	0.01824	0.01078	0.01244	0.00995	0.00663	0.00498	0.00166	0.00829	0.00415	0.00332	0.00995
20	0.01608	0.01378	0.01608	0.01148	0.01837	0.01034	0.00919	0.01952	0.01608	0.02527	0.01378	0.01608	0.01148	0.00574	0.00574	0.00115	0.00574	0.00459	0.00459	0.77491
21	0.00916	0.00785	0.00785	0.00785	0.01047	0.00655	0.00589	0.01113	0.01767	0.02095	0.07855	0.07462	0.67599	0.01964	0.00916	0.00262	0.00393	0.01636	0.00720	0.00655
22	0.01900	0.01823	0.03113	0.07529	0.65293	0.01837	0.02370	0.02363	0.01756	0.02510	0.01455	0.01925	0.01220	0.00694	0.00768	0.00231	0.00926	0.00691	0.00382	0.01213
23	0.01486	0.01400	0.02365	0.67744	0.08314	0.01728	0.02164	0.02000	0.01561	0.02007	0.01382	0.02060	0.01043	0.00771	0.00775	0.00257	0.01028	0.00689	0.00346	0.00879
24	0.02276	0.01588	0.01764	0.01533	0.02008	0.01752	0.01208	0.04044	0.52117	0.17844	0.03134	0.02836	0.02267	0.01031	0.00787	0.00258	0.00624	0.00855	0.00827	0.01248
25	0.01555	0.04011	0.68733	0.02210	0.03356	0.01801	0.02865	0.02455	0.01637	0.02455	0.01391	0.01637	0.00982	0.00737	0.00737	0.00246	0.01146	0.00573	0.00327	0.01146
26	0.01544	0.01460	0.02471	0.59223	0.16377	0.01744	0.02193	0.02051	0.01588	0.02078	0.01392	0.02041	0.01068	0.00760	0.00774	0.00253	0.01014	0.00689	0.00351	0.00926
27	0.02947	0.02172	0.02327	0.01784	0.02404	0.02404	0.01474	0.65329	0.03646	0.04887	0.01862	0.01862	0.01319	0.00931	0.00776	0.00233	0.00853	0.00698	0.00776	0.01319
28	0.02896	0.03695	0.02197	0.01998	0.02397	0.69638	0.01498	0.03096	0.02197	0.01898	0.01199	0.01398	0.00999	0.00799	0.00699	0.00200	0.01398	0.00499	0.00400	0.00899
29	0.00945	0.00675	0.00900	0.01080	0.01125	0.00630	0.00720	0.01080	0.01484	0.01979	0.04274	0.72245	0.05128	0.02429	0.00990	0.00315	0.00450	0.02204	0.00720	0.00630
30	0.01332	0.01138	0.04338	0.07689	0.07054	0.01075	0.01482	0.01733	0.01757	0.02313	0.03554	0.07351	0.03774	0.01854	0.01008	0.00334	0.00775	0.50012	0.00641	0.00784
31	0.00974	0.00687	0.00891	0.01042	0.01080	0.00649	0.00679	0.01087	0.01427	0.01902	0.03978	0.61387	0.04755	0.13796	0.01468	0.00385	0.00499	0.02030	0.00679	0.00604
32	0.01347	0.00673	0.01010	0.01010	0.01010	0.00673	0.00673	0.01010	0.01010	0.01347	0.01347	0.02357	0.01347	0.02694	0.03030	0.77441	0.00673	0.00673	0.00337	0.00337
33	0.02011	0.01839	0.01791	0.01614	0.02049	0.07713	0.01250	0.04033	0.61018	0.03128	0.02989	0.02765	0.02250	0.01030	0.00781	0.00258	0.00681	0.00844	0.00756	0.01199
34	0.02947	0.02172	0.02327	0.01784	0.02404	0.02404	0.01474	0.65329	0.03646	0.04887	0.01862	0.01862	0.01319	0.00931	0.00776	0.00233	0.00853	0.00698	0.00776	0.01319
35	0.01608	0.01378	0.01608	0.01148	0.01837	0.01034	0.00919	0.01952	0.01608	0.02527	0.01378	0.01608	0.01148	0.00574	0.00574	0.00115	0.00574	0.00459	0.00459	0.77491
36	0.10160	0.01613	0.02573	0.27336	0.08527	0.01789	0.15100	0.02554	0.14351	0.02557	0.01857	0.02420	0.01465	0.00850	0.00787	0.00260	0.00939	0.03400	0.00476	0.00991
37	0.01128	0.00752	0.00846	0.00846	0.00846	0.00752	0.00470	0.01128	0.01128	0.01503	0.02443	0.05074	0.02819	0.72751	0.03946	0.00752	0.00752	0.01128	0.00470	0.00470
38	0.01929	0.01666	0.01753	0.01578	0.02016	0.01929	0.01227	0.04120	0.66513	0.03243	0.03156	0.02893	0.02367	0.01052	0.00789	0.00263	0.00614	0.00877	0.00789	0.01227
39	0.00945	0.00675	0.00900	0.01080	0.01125	0.00630	0.00720	0.01080	0.01484	0.01979	0.04274	0.72245	0.05128	0.02429	0.00990	0.00315	0.00450	0.02204	0.00720	0.00630
40	0.16750	0.01054	0.01182	0.01052	0.01384	0.01037	0.00823	0.02074	0.04519	0.14014	0.33638	0.04460	0.12404	0.01335	0.00801	0.00245	0.00474	0.01112	0.00778	0.00862
41	0.66457	0.01387	0.01118	0.01017	0.01446	0.01582	0.00823	0.02139	0.01424	0.03377	0.08654	0.04638	0.01739	0.00886	0.00549	0.00243	0.00567	0.00602	0.00531	0.00819
42	0.03479	0.01320	0.01799	0.01380	0.01979	0.01140	0.01140	0.03779	0.02219	0.68451	0.03059	0.02639	0.01919	0.00960	0.00780	0.00240	0.00660	0.00780	0.00960	0.01320
43	0.00959	0.00812	0.00833	0.00839	0.01092	0.00703	0.00624	0.01230	0.04325	0.02132	0.07395	0.12217	0.60240	0.01963	0.00917	0.00266	0.00406	0.01649	0.00723	0.00675
44	0.01023	0.00786	0.00936	0.00907	0.01115	0.00699	0.00677	0.01316	0.02006	0.02682	0.42480	0.08854	0.30194	0.01760	0.00918	0.00253	0.00379	0.01521	0.00798	0.00699
45	0.00924	0.00786	0.00796	0.00794	0.01052	0.00658	0.00595	0.01128	0.01786	0.02138	0.10409	0.07390	0.65018	0.01947	0.00916	0.00261	0.00392	0.01626	0.00726	0.00658
46	0.01078	0.00783	0.01016	0.00976	0.01151	0.00721	0.00725	0.01420	0.02123	0.02982	0.60258	0.10924	0.09604	0.01665	0.00920	0.00250	0.00373	0.01473	0.00838	0.00721
47	0.02181	0.01693	0.01823	0.01562	0.02024	0.01889	0.01233	0.22161	0.37453	0.06192	0.03039	0.08044	0.04900	0.01154	0.00805	0.00257	0.00666	0.00951	0.00784	0.01190
48	0.01114	0.00746	0.00850	0.00864	0.00867	0.00742	0.00489	0.01124	0.01155	0.01540	0.02583	0.10208	0.02995	0.67376	0.03720	0.00718	0.00729	0.01210	0.00489	0.00482
49	0.00945	0.00675	0.00900	0.01080	0.01125	0.00630	0.00720	0.01080	0.01484	0.01979	0.04274	0.72245	0.05128	0.02429	0.00990	0.00315	0.00450	0.02204	0.00720	0.00630
50	0.00945	0.00675	0.00900	0.01080	0.01125	0.00630	0.00720	0.01080	0.01484	0.01979	0.04274	0.72245	0.05128	0.02429	0.00990	0.00315	0.00450	0.02204	0.00720	0.00630
51	0.01020	0.00738	0.00964	0.01016	0.01138	0.00682	0.00721	0.01273	0.01851	0.02549	0.36035	0.36450	0.08695	0.01989	0.00949	0.00277	0.00406	0.01781	0.00787	0.00682
52	0.01108	0.00831	0.01246	0.01246	0.01385	0.00969	0.00969	0.01385	0.01246	0.01800	0.02077	0.03046	0.01938	0.05815	0.69678	0.01246	0.02077	0.00831	0.00415	0.00692
53	0.02108	0.01755	0.01854	0.01614	0.02085	0.02013	0.01271	0.14916	0.55424	0.03533	0.02928	0.02711	0.02182	0.01031	0.00787	0.00258	0.00656	0.00845	0.00787	0.01243
54	0.00919	0.00777	0.00794	0.00808	0.01053	0.00653	0.00599	0.01110	0.01746	0.02086	0.07582	0.12399	0.62839	0.01999	0.00922	0.00266	0.00397	0.01680	0.00720	0.00653
55	0.01010	0.00793	0.01169	0.01219	0.01341	0.00733	0.05614	0.01190	0.01537	0.02028	0.04398	0.60919	0.10593	0.02251	0.00977	0.00306	0.00510	0.02054	0.00695	0.00664
56	0.06339	0.01364	0.01773	0.01375	0.01950	0.01239	0.01132	0.08288	0.02290	0.57586	0.06234	0.02688	0.02110	0.00980	0.00774	0.00240	0.00657	0.00791	0.00921	0.01270
57	0.01469	0.01249	0.01447	0.01090	0.01678	0.00955	0.00859	0.01786	0.01645	0.02466	0.04679	0.05407	0.10557	0.00873	0.00649	0.00147	0.00537	0.00723	0.00519	0.61263
58	0.01200	0.00950	0.01115	0.01081	0.01323	0.00942	0.00831	0.01827	0.13315	0.02681	0.28985	0.08124	0.22795	0.01889	0.04478	0.00315	0.00535	0.06058	0.00767	0.00790
59	0.02015	0.02052	0.03044	0.04203	0.54085	0.09740	0.05470	0.02450	0.01813	0.02456	0.01430	0.01854	0.01195	0.00697	0.00759	0.00223	0.00982	0.00670	0.00389	0.04474

[dist]
# distance from previous block
# <min> <max>
0	2

# created by:
# /st0/software/busco_prod/Augustus/scripts/msa2prfl.pl ./align_prep/170123.fa
