[name]
unknown

[dist]
# distance from previous block
# <min> <max>
10	54

[block]
# block no. 0 follows, 26 sequences, length 9
# corresponding to MSA columns:
# 54-62
name=unknown_A
#
# <colnr> <probs for GDERKNQSTAVLIFYWHMCP>
#	G	D	E	R	K	N	Q	S	T	A	V	L	I	F	Y	W	H	M	C	P
0	0.01067	0.00803	0.00899	0.00904	0.01043	0.00766	0.00616	0.01322	0.05551	0.01990	0.10845	0.12110	0.25095	0.29329	0.02039	0.00447	0.00545	0.03389	0.00627	0.00612
1	0.01239	0.00770	0.00876	0.00856	0.00931	0.00744	0.00526	0.01302	0.01276	0.05952	0.03054	0.07230	0.09676	0.54866	0.03072	0.00608	0.00662	0.01148	0.04661	0.00550
2	0.01085	0.00781	0.00883	0.00905	0.00980	0.00769	0.00569	0.01272	0.05335	0.01754	0.03603	0.17955	0.13483	0.44308	0.02660	0.00550	0.00616	0.01364	0.00563	0.00563
3	0.15292	0.01727	0.01800	0.01497	0.02006	0.01927	0.01206	0.23769	0.28834	0.10531	0.02326	0.02209	0.01687	0.00927	0.00716	0.00242	0.00678	0.00716	0.00734	0.01175
4	0.01650	0.01119	0.01277	0.01147	0.01354	0.01272	0.00898	0.11529	0.04597	0.02855	0.02282	0.07951	0.01966	0.03532	0.01051	0.00243	0.12506	0.00828	0.41123	0.00822
5	0.01328	0.00831	0.01055	0.00967	0.01187	0.00755	0.00723	0.01626	0.02006	0.10523	0.47465	0.05436	0.13414	0.07971	0.01146	0.00285	0.00429	0.01304	0.00798	0.00751
6	0.02739	0.01783	0.01990	0.01564	0.02114	0.01895	0.01278	0.43168	0.06488	0.17847	0.02595	0.05044	0.05869	0.01042	0.00777	0.00236	0.00739	0.00823	0.00792	0.01219
7	0.02301	0.01647	0.01823	0.01432	0.01947	0.01708	0.01153	0.35152	0.07022	0.06093	0.01868	0.02001	0.01408	0.01002	0.00898	0.07181	0.00699	0.00651	0.07489	0.16525
8	0.15034	0.16157	0.04445	0.01617	0.01996	0.11927	0.01392	0.05131	0.04377	0.06597	0.01306	0.01573	0.01083	0.00937	0.01186	0.00246	0.23064	0.00558	0.00437	0.00938

[dist]
# distance from previous block
# <min> <max>
0	2

[block]
# block no. 1 follows, 26 sequences, length 7
# corresponding to MSA columns:
# 65-71
name=unknown_B
#
# <colnr> <probs for GDERKNQSTAVLIFYWHMCP>
#	G	D	E	R	K	N	Q	S	T	A	V	L	I	F	Y	W	H	M	C	P
0	0.05470	0.02447	0.06109	0.02592	0.21801	0.23387	0.01699	0.14195	0.02219	0.05574	0.06016	0.01952	0.01552	0.00826	0.00728	0.00219	0.00988	0.00652	0.00506	0.01067
1	0.01305	0.00965	0.01291	0.01383	0.08659	0.00868	0.00912	0.01621	0.01915	0.06450	0.35119	0.11165	0.14702	0.01452	0.00844	0.00233	0.00467	0.01274	0.00719	0.08656
2	0.01603	0.01328	0.01549	0.01147	0.01749	0.01072	0.00915	0.06663	0.01801	0.02723	0.10503	0.02150	0.01959	0.00723	0.00622	0.00138	0.00554	0.00593	0.00525	0.61684
3	0.01716	0.00896	0.01019	0.00916	0.01189	0.00864	0.00702	0.02135	0.06187	0.12134	0.05541	0.02805	0.02106	0.01038	0.00775	0.05798	0.00448	0.00736	0.46994	0.06001
4	0.01480	0.01098	0.01271	0.01026	0.01466	0.00919	0.00789	0.01831	0.04473	0.02453	0.01899	0.07135	0.01672	0.00967	0.00796	0.06732	0.00513	0.00671	0.19048	0.43760
5	0.01573	0.01348	0.01573	0.01123	0.01798	0.01011	0.00899	0.01910	0.01573	0.02472	0.01348	0.01573	0.01123	0.00562	0.00562	0.00112	0.00562	0.00449	0.00449	0.77980
6	0.01885	0.01519	0.01957	0.01997	0.15459	0.01456	0.01312	0.09101	0.12585	0.06533	0.01849	0.02043	0.01460	0.01153	0.06570	0.00272	0.00795	0.00635	0.00544	0.30873

[dist]
# distance from previous block
# <min> <max>
1	27

[block]
# block no. 2 follows, 26 sequences, length 59
# corresponding to MSA columns:
# 99-157
name=unknown_C
#
# <colnr> <probs for GDERKNQSTAVLIFYWHMCP>
#	G	D	E	R	K	N	Q	S	T	A	V	L	I	F	Y	W	H	M	C	P
0	0.05334	0.03727	0.05303	0.01684	0.02285	0.01538	0.09763	0.10165	0.09518	0.35985	0.02525	0.02558	0.01759	0.00925	0.00772	0.00242	0.00771	0.03201	0.00755	0.01189
1	0.01857	0.01782	0.03043	0.07663	0.65761	0.01797	0.02318	0.02310	0.01718	0.02454	0.01423	0.01884	0.01193	0.00680	0.00751	0.00227	0.00906	0.00676	0.00374	0.01185
2	0.01414	0.00707	0.00707	0.00707	0.00884	0.00707	0.00530	0.01767	0.01591	0.02828	0.02474	0.02828	0.01944	0.00884	0.00530	0.00177	0.00353	0.00707	0.77554	0.00707
3	0.01573	0.01348	0.01573	0.01123	0.01798	0.01011	0.00899	0.01910	0.01573	0.02472	0.01348	0.01573	0.01123	0.00562	0.00562	0.00112	0.00562	0.00449	0.00449	0.77980
4	0.01672	0.01589	0.02654	0.20485	0.46530	0.01658	0.02100	0.02110	0.01676	0.02304	0.02029	0.02451	0.07817	0.00819	0.00767	0.00235	0.00876	0.00767	0.00399	0.01059
5	0.02108	0.66832	0.03793	0.01363	0.01986	0.09682	0.01315	0.02346	0.01602	0.01792	0.01066	0.01232	0.00974	0.00662	0.00506	0.00166	0.00866	0.00414	0.00331	0.00964
6	0.01849	0.01590	0.01683	0.01516	0.01934	0.01833	0.01178	0.03911	0.64246	0.03167	0.06084	0.02960	0.02538	0.01053	0.00777	0.00256	0.00589	0.00881	0.00775	0.01178
7	0.00924	0.00660	0.00880	0.01056	0.01100	0.00616	0.00704	0.01056	0.01452	0.01936	0.04181	0.72848	0.05017	0.02376	0.00968	0.00308	0.00440	0.02156	0.00704	0.00616
8	0.01859	0.01903	0.06416	0.04388	0.62267	0.01804	0.02301	0.02408	0.04667	0.02505	0.01498	0.01906	0.01239	0.00694	0.00750	0.00227	0.00899	0.00678	0.00390	0.01197
9	0.01102	0.00739	0.00845	0.00845	0.00852	0.00745	0.00482	0.01115	0.01108	0.01484	0.02373	0.04872	0.02718	0.70230	0.06919	0.00758	0.00795	0.01090	0.00457	0.00470
10	0.78701	0.01467	0.01115	0.00997	0.01467	0.01702	0.00821	0.02230	0.01291	0.03403	0.01056	0.01232	0.00821	0.00704	0.00469	0.00235	0.00587	0.00411	0.00469	0.00821
11	0.01190	0.00800	0.01035	0.00968	0.01171	0.00730	0.00729	0.01525	0.02096	0.06725	0.58095	0.07906	0.11004	0.01569	0.00890	0.00242	0.00379	0.01380	0.00827	0.00740
12	0.01414	0.00707	0.00707	0.00707	0.00884	0.00707	0.00530	0.01767	0.01591	0.02828	0.02474	0.02828	0.01944	0.00884	0.00530	0.00177	0.00353	0.00707	0.77554	0.00707
13	0.74384	0.01457	0.01152	0.01018	0.01494	0.01668	0.00838	0.02314	0.01341	0.07172	0.01167	0.01310	0.00882	0.00718	0.00486	0.00235	0.00590	0.00431	0.00496	0.00848
14	0.02583	0.27150	0.02860	0.01602	0.02211	0.06474	0.01393	0.40263	0.02780	0.03570	0.01517	0.01585	0.01162	0.00812	0.00660	0.00203	0.00857	0.00575	0.00587	0.01156
15	0.01318	0.00659	0.00988	0.00988	0.00988	0.00659	0.00659	0.00988	0.00988	0.01318	0.01318	0.02306	0.01318	0.02635	0.02964	0.77931	0.00659	0.00659	0.00329	0.00329
16	0.00924	0.00660	0.00880	0.01056	0.01100	0.00616	0.00704	0.01056	0.01452	0.01936	0.04181	0.72848	0.05017	0.02376	0.00968	0.00308	0.00440	0.02156	0.00704	0.00616
17	0.78701	0.01467	0.01115	0.00997	0.01467	0.01702	0.00821	0.02230	0.01291	0.03403	0.01056	0.01232	0.00821	0.00704	0.00469	0.00235	0.00587	0.00411	0.00469	0.00821
18	0.00924	0.00660	0.00880	0.01056	0.01100	0.00616	0.00704	0.01056	0.01452	0.01936	0.04181	0.72848	0.05017	0.02376	0.00968	0.00308	0.00440	0.02156	0.00704	0.00616
19	0.01053	0.00775	0.00985	0.00933	0.01121	0.00707	0.00699	0.01392	0.02098	0.02926	0.61173	0.05856	0.14267	0.01594	0.00895	0.00241	0.00361	0.01398	0.00820	0.00707
20	0.06155	0.01598	0.02107	0.08206	0.05433	0.02040	0.01544	0.07067	0.12000	0.02392	0.01522	0.01971	0.01294	0.01437	0.06512	0.00357	0.36289	0.00694	0.00450	0.00932
21	0.01521	0.03923	0.69413	0.02162	0.03283	0.01762	0.02802	0.02402	0.01601	0.02402	0.01361	0.01601	0.00961	0.00721	0.00721	0.00240	0.01121	0.00560	0.00320	0.01121
22	0.01248	0.01038	0.01402	0.01223	0.01476	0.03281	0.06515	0.01736	0.06158	0.02955	0.55990	0.05023	0.06115	0.01412	0.00880	0.00240	0.00489	0.01268	0.00776	0.00779
23	0.00937	0.00770	0.00824	0.00811	0.01049	0.00657	0.00608	0.01167	0.01824	0.02275	0.21462	0.06928	0.54385	0.01837	0.00896	0.00252	0.00378	0.01549	0.00734	0.00657
24	0.78701	0.01467	0.01115	0.00997	0.01467	0.01702	0.00821	0.02230	0.01291	0.03403	0.01056	0.01232	0.00821	0.00704	0.00469	0.00235	0.00587	0.00411	0.00469	0.00821
25	0.02501	0.01589	0.01805	0.01509	0.02012	0.01705	0.01206	0.12241	0.38098	0.24280	0.02887	0.02616	0.02039	0.00985	0.00767	0.00246	0.00646	0.00804	0.00823	0.01241
26	0.01803	0.01706	0.02784	0.03773	0.50416	0.01622	0.04564	0.02235	0.01694	0.02475	0.01413	0.01813	0.01181	0.00648	0.00713	0.00200	0.00837	0.00632	0.00393	0.19099
27	0.01573	0.01348	0.01573	0.01123	0.01798	0.01011	0.00899	0.01910	0.01573	0.02472	0.01348	0.01573	0.01123	0.00562	0.00562	0.00112	0.00562	0.00449	0.00449	0.77980
28	0.02849	0.05024	0.02345	0.01727	0.02336	0.02378	0.01436	0.63501	0.03484	0.04659	0.01790	0.01797	0.01277	0.00900	0.00748	0.00225	0.00834	0.00672	0.00741	0.01277
29	0.02211	0.02223	0.13674	0.02904	0.25861	0.01908	0.06961	0.22337	0.02309	0.07320	0.01642	0.01862	0.01225	0.00766	0.00754	0.00228	0.00919	0.00674	0.00524	0.03696
30	0.01665	0.03028	0.40498	0.03044	0.22549	0.01796	0.11842	0.02384	0.01666	0.02428	0.01406	0.01747	0.01059	0.00696	0.00755	0.00238	0.01079	0.00643	0.00346	0.01130
31	0.01414	0.00707	0.00707	0.00707	0.00884	0.00707	0.00530	0.01767	0.01591	0.02828	0.02474	0.02828	0.01944	0.00884	0.00530	0.00177	0.00353	0.00707	0.77554	0.00707
32	0.01414	0.00707	0.00707	0.00707	0.00884	0.00707	0.00530	0.01767	0.01591	0.02828	0.02474	0.02828	0.01944	0.00884	0.00530	0.00177	0.00353	0.00707	0.77554	0.00707
33	0.02625	0.01598	0.01836	0.01510	0.02030	0.01691	0.01214	0.15415	0.31693	0.27538	0.02818	0.02552	0.01966	0.00974	0.00766	0.00244	0.00660	0.00791	0.00830	0.01250
34	0.00943	0.00675	0.00897	0.01043	0.01104	0.00629	0.00706	0.01105	0.01542	0.02079	0.12475	0.64146	0.05294	0.02269	0.00959	0.00299	0.00429	0.02055	0.00721	0.00629
35	0.00956	0.00741	0.00862	0.00893	0.01064	0.00657	0.00641	0.01168	0.01740	0.02250	0.21923	0.23850	0.33881	0.04619	0.01026	0.00283	0.00405	0.01669	0.00728	0.00646
36	0.02004	0.02265	0.19126	0.03443	0.40098	0.01730	0.02230	0.04522	0.04225	0.10547	0.01672	0.01928	0.01267	0.00739	0.00746	0.00231	0.00911	0.00665	0.00456	0.01195
37	0.78701	0.01467	0.01115	0.00997	0.01467	0.01702	0.00821	0.02230	0.01291	0.03403	0.01056	0.01232	0.00821	0.00704	0.00469	0.00235	0.00587	0.00411	0.00469	0.00821
38	0.00930	0.00703	0.00860	0.00962	0.01081	0.00633	0.00668	0.01102	0.01600	0.02076	0.11368	0.47175	0.23769	0.02163	0.00940	0.00286	0.00416	0.01918	0.00717	0.00633
39	0.03403	0.01291	0.01760	0.01350	0.01936	0.01115	0.01115	0.03697	0.02171	0.69137	0.02992	0.02582	0.01878	0.00939	0.00763	0.00235	0.00645	0.00763	0.00939	0.01291
40	0.02128	0.65073	0.03748	0.01379	0.01996	0.11369	0.01319	0.02365	0.01617	0.01793	0.01069	0.01236	0.00974	0.00665	0.00511	0.00166	0.00880	0.00416	0.00333	0.00962
41	0.00991	0.00704	0.00915	0.00998	0.01078	0.00661	0.00679	0.01177	0.01625	0.02222	0.23662	0.44244	0.05410	0.10428	0.01284	0.00337	0.00449	0.01792	0.00716	0.00628
42	0.01521	0.03923	0.69413	0.02162	0.03283	0.01762	0.02802	0.02402	0.01601	0.02402	0.01361	0.01601	0.00961	0.00721	0.00721	0.00240	0.01121	0.00560	0.00320	0.01121
43	0.03403	0.01291	0.01760	0.01350	0.01936	0.01115	0.01115	0.03697	0.02171	0.69137	0.02992	0.02582	0.01878	0.00939	0.00763	0.00235	0.00645	0.00763	0.00939	0.01291
44	0.03403	0.01291	0.01760	0.01350	0.01936	0.01115	0.01115	0.03697	0.02171	0.69137	0.02992	0.02582	0.01878	0.00939	0.00763	0.00235	0.00645	0.00763	0.00939	0.01291
45	0.00956	0.00684	0.00908	0.01035	0.01107	0.00637	0.00707	0.01136	0.01599	0.02170	0.17726	0.58636	0.05469	0.02202	0.00953	0.00293	0.00423	0.01990	0.00732	0.00637
46	0.01414	0.00707	0.00707	0.00707	0.00884	0.00707	0.00530	0.01767	0.01591	0.02828	0.02474	0.02828	0.01944	0.00884	0.00530	0.00177	0.00353	0.00707	0.77554	0.00707
47	0.00934	0.00664	0.00877	0.01043	0.01085	0.00623	0.00690	0.01059	0.01432	0.01910	0.04078	0.68956	0.04887	0.06445	0.01134	0.00333	0.00457	0.02096	0.00690	0.00607
48	0.01414	0.00707	0.00707	0.00707	0.00884	0.00707	0.00530	0.01767	0.01591	0.02828	0.02474	0.02828	0.01944	0.00884	0.00530	0.00177	0.00353	0.00707	0.77554	0.00707
49	0.01928	0.01650	0.01739	0.01552	0.01988	0.01906	0.01211	0.06632	0.64571	0.03240	0.03034	0.02788	0.02272	0.01024	0.00771	0.00256	0.00610	0.00850	0.00771	0.01204
50	0.03259	0.01259	0.01714	0.01325	0.01886	0.01090	0.01090	0.03556	0.02169	0.65033	0.07042	0.02773	0.02205	0.00977	0.00771	0.00235	0.00628	0.00801	0.00932	0.01255
51	0.00902	0.00748	0.00789	0.00822	0.01039	0.00636	0.00600	0.01083	0.01677	0.02028	0.07031	0.19516	0.56509	0.02006	0.00910	0.00266	0.00395	0.01704	0.00704	0.00636
52	0.01943	0.01927	0.03015	0.04469	0.64035	0.06533	0.02268	0.02376	0.01756	0.02435	0.01409	0.01842	0.01186	0.00683	0.00746	0.00223	0.00933	0.00663	0.00377	0.01179
53	0.02931	0.01305	0.01688	0.01348	0.01866	0.01212	0.01094	0.06270	0.09822	0.50942	0.08168	0.05263	0.02430	0.01047	0.00781	0.00240	0.00619	0.00867	0.00895	0.01211
54	0.02766	0.03319	0.02175	0.01932	0.02324	0.58125	0.01475	0.10333	0.02254	0.02197	0.01237	0.01439	0.01015	0.00831	0.00805	0.00208	0.05688	0.00522	0.00430	0.00924
55	0.01386	0.00841	0.01093	0.01004	0.01238	0.00760	0.00762	0.01705	0.02067	0.12446	0.49358	0.10275	0.11004	0.01552	0.00881	0.00244	0.00408	0.01359	0.00830	0.00786
56	0.00952	0.00681	0.00909	0.01063	0.01126	0.00638	0.00730	0.01116	0.01531	0.02056	0.10163	0.63474	0.05186	0.02286	0.00965	0.00304	0.00445	0.05030	0.00716	0.00629
57	0.73909	0.01619	0.05356	0.01070	0.01580	0.01705	0.00944	0.02240	0.01310	0.03341	0.01075	0.01255	0.00830	0.00705	0.00485	0.00235	0.00620	0.00420	0.00460	0.00840
58	0.01685	0.00974	0.01224	0.01079	0.01393	0.00879	0.00831	0.04992	0.02041	0.18239	0.29241	0.13338	0.14138	0.01486	0.00850	0.00242	0.00473	0.01283	0.00800	0.04812

[dist]
# distance from previous block
# <min> <max>
0	1

[block]
# block no. 3 follows, 26 sequences, length 25
# corresponding to MSA columns:
# 159-183
name=unknown_D
#
# <colnr> <probs for GDERKNQSTAVLIFYWHMCP>
#	G	D	E	R	K	N	Q	S	T	A	V	L	I	F	Y	W	H	M	C	P
0	0.02026	0.05442	0.02824	0.03672	0.47458	0.09347	0.01990	0.06493	0.01869	0.02525	0.01399	0.01757	0.01164	0.00690	0.00713	0.00208	0.00911	0.00621	0.00407	0.08483
1	0.00961	0.00700	0.00906	0.01005	0.01103	0.00644	0.00696	0.01158	0.01659	0.02237	0.21364	0.49618	0.10901	0.02120	0.00943	0.00285	0.00414	0.01903	0.00739	0.00644
2	0.01974	0.09787	0.15331	0.03352	0.36001	0.12807	0.05391	0.02452	0.01755	0.02293	0.01342	0.01687	0.01096	0.00696	0.00715	0.00218	0.01026	0.00609	0.00363	0.01103
3	0.01181	0.00834	0.01023	0.00955	0.01182	0.00767	0.00723	0.01571	0.04757	0.06056	0.48378	0.05773	0.20773	0.01584	0.00883	0.00243	0.00388	0.01373	0.00807	0.00747
4	0.01573	0.01348	0.01573	0.01123	0.01798	0.01011	0.00899	0.01910	0.01573	0.02472	0.01348	0.01573	0.01123	0.00562	0.00562	0.00112	0.00562	0.00449	0.00449	0.77980
5	0.01008	0.00768	0.00927	0.00898	0.01096	0.00686	0.00669	0.01300	0.01976	0.02662	0.45193	0.09400	0.27233	0.01712	0.00899	0.00248	0.00370	0.01485	0.00786	0.00686
6	0.03403	0.01291	0.01760	0.01350	0.01936	0.01115	0.01115	0.03697	0.02171	0.69137	0.02992	0.02582	0.01878	0.00939	0.00763	0.00235	0.00645	0.00763	0.00939	0.01291
7	0.00929	0.00709	0.00855	0.00947	0.01077	0.00634	0.00661	0.01104	0.01616	0.02084	0.11706	0.43649	0.27018	0.02138	0.00936	0.00283	0.00413	0.01888	0.00717	0.00634
8	0.06548	0.02006	0.02121	0.01673	0.02242	0.02239	0.01369	0.52210	0.14372	0.04435	0.02000	0.01964	0.01442	0.00920	0.00746	0.00233	0.00782	0.00699	0.00746	0.01251
9	0.00946	0.00676	0.00903	0.01063	0.01121	0.00633	0.00726	0.01102	0.01511	0.02024	0.08461	0.65770	0.05134	0.02310	0.00966	0.00305	0.00445	0.04566	0.00713	0.00626
10	0.00978	0.00701	0.00928	0.01020	0.01112	0.00652	0.00708	0.01190	0.01700	0.02331	0.27059	0.48844	0.05781	0.02081	0.00942	0.00283	0.00411	0.01876	0.00751	0.00652
11	0.00977	0.00716	0.00917	0.00985	0.01104	0.00656	0.00694	0.01200	0.01743	0.02362	0.28487	0.40234	0.13090	0.02016	0.00932	0.00276	0.00403	0.01800	0.00753	0.00656
12	0.02839	0.03453	0.02163	0.01931	0.02346	0.62919	0.01463	0.09876	0.02303	0.02174	0.01243	0.01417	0.01011	0.00796	0.00692	0.00199	0.01310	0.00510	0.00431	0.00924
13	0.12709	0.01693	0.01914	0.01485	0.02066	0.01753	0.01227	0.31925	0.02695	0.31494	0.02214	0.02064	0.01476	0.00896	0.00724	0.00231	0.00724	0.00682	0.00797	0.01231
14	0.01414	0.00707	0.00707	0.00707	0.00884	0.00707	0.00530	0.01767	0.01591	0.02828	0.02474	0.02828	0.01944	0.00884	0.00530	0.00177	0.00353	0.00707	0.77554	0.00707
15	0.78701	0.01467	0.01115	0.00997	0.01467	0.01702	0.00821	0.02230	0.01291	0.03403	0.01056	0.01232	0.00821	0.00704	0.00469	0.00235	0.00587	0.00411	0.00469	0.00821
16	0.08275	0.01748	0.02868	0.08226	0.59323	0.01787	0.02189	0.02297	0.01678	0.02524	0.01391	0.01832	0.01159	0.00683	0.00728	0.00228	0.00881	0.00654	0.00381	0.01149
17	0.02009	0.02131	0.06854	0.03991	0.50939	0.08374	0.05432	0.06535	0.01882	0.02561	0.01430	0.01818	0.01169	0.00702	0.00751	0.00225	0.00973	0.00663	0.00399	0.01163
18	0.01062	0.00775	0.00998	0.00942	0.01126	0.00711	0.00707	0.01409	0.02120	0.02977	0.64290	0.05772	0.11119	0.01575	0.00895	0.00240	0.00360	0.01387	0.00827	0.00711
19	0.01573	0.01348	0.01573	0.01123	0.01798	0.01011	0.00899	0.01910	0.01573	0.02472	0.01348	0.01573	0.01123	0.00562	0.00562	0.00112	0.00562	0.00449	0.00449	0.77980
20	0.01818	0.04889	0.22142	0.03132	0.20604	0.01908	0.25076	0.06605	0.01830	0.02569	0.01461	0.01835	0.01114	0.00690	0.00786	0.00238	0.01090	0.00713	0.00387	0.01113
21	0.78701	0.01467	0.01115	0.00997	0.01467	0.01702	0.00821	0.02230	0.01291	0.03403	0.01056	0.01232	0.00821	0.00704	0.00469	0.00235	0.00587	0.00411	0.00469	0.00821
22	0.01103	0.00735	0.00827	0.00827	0.00827	0.00735	0.00460	0.01103	0.01103	0.01471	0.02390	0.04964	0.02758	0.73343	0.03861	0.00735	0.00735	0.01103	0.00460	0.00460
23	0.01508	0.01242	0.01937	0.02345	0.23901	0.01210	0.04485	0.01994	0.05121	0.05441	0.36910	0.03964	0.04430	0.01164	0.00835	0.00236	0.00608	0.01067	0.00660	0.00939
24	0.01414	0.00707	0.00707	0.00707	0.00884	0.00707	0.00530	0.01767	0.01591	0.02828	0.02474	0.02828	0.01944	0.00884	0.00530	0.00177	0.00353	0.00707	0.77554	0.00707

[dist]
# distance from previous block
# <min> <max>
0	1

# created by:
# /st0/software/busco_prod/Augustus/scripts/msa2prfl.pl ./align_prep/170233.fa
