[name]
unknown

[dist]
# distance from previous block
# <min> <max>
43	228

[block]
# block no. 0 follows, 30 sequences, length 17
# corresponding to MSA columns:
# 295-311
name=unknown_A
#
# <colnr> <probs for GDERKNQSTAVLIFYWHMCP>
#	G	D	E	R	K	N	Q	S	T	A	V	L	I	F	Y	W	H	M	C	P
0	0.12636	0.01120	0.01265	0.01146	0.01440	0.01172	0.00894	0.12123	0.06944	0.06451	0.13435	0.21348	0.03118	0.01316	0.00786	0.00236	0.02907	0.04971	0.00634	0.06057
1	0.05038	0.01571	0.05117	0.06525	0.12147	0.01536	0.05024	0.19794	0.07393	0.15661	0.04022	0.05241	0.05968	0.00910	0.00713	0.00221	0.00712	0.00773	0.00603	0.01029
2	0.09699	0.01380	0.01426	0.03479	0.01680	0.05193	0.00994	0.14335	0.13716	0.09075	0.02953	0.03046	0.15005	0.01085	0.00795	0.02122	0.03371	0.02758	0.04870	0.03019
3	0.01327	0.01103	0.01209	0.06638	0.04115	0.06305	0.00881	0.05939	0.07618	0.02250	0.13908	0.15686	0.09651	0.11913	0.01148	0.00291	0.00575	0.01099	0.07633	0.00712
4	0.04220	0.00957	0.01398	0.19634	0.02151	0.01035	0.06007	0.01605	0.04466	0.02082	0.05848	0.10570	0.04122	0.07373	0.01086	0.06724	0.00624	0.00881	0.18547	0.00671
5	0.05852	0.00770	0.00830	0.00767	0.00991	0.00756	0.00586	0.01859	0.01532	0.12448	0.05974	0.02719	0.02017	0.04208	0.00672	0.00199	0.00391	0.00692	0.56015	0.00723
6	0.12745	0.01406	0.01751	0.25357	0.02747	0.05293	0.01344	0.07824	0.01719	0.23379	0.01707	0.01877	0.01197	0.00789	0.00745	0.00222	0.05046	0.00604	0.03319	0.00928
7	0.02684	0.01164	0.01650	0.13193	0.02230	0.01087	0.01151	0.02990	0.01896	0.55342	0.07187	0.02486	0.01930	0.00875	0.00709	0.00219	0.00631	0.00727	0.00766	0.01083
8	0.01318	0.01240	0.02093	0.73798	0.04806	0.01550	0.01938	0.01783	0.01395	0.01783	0.01240	0.01860	0.00930	0.00698	0.00698	0.00233	0.00930	0.00620	0.00310	0.00775
9	0.01318	0.01240	0.02093	0.73798	0.04806	0.01550	0.01938	0.01783	0.01395	0.01783	0.01240	0.01860	0.00930	0.00698	0.00698	0.00233	0.00930	0.00620	0.00310	0.00775
10	0.01641	0.01407	0.02423	0.48832	0.04123	0.01589	0.14054	0.07071	0.01638	0.08316	0.01440	0.01897	0.01045	0.00703	0.00721	0.00230	0.00933	0.00665	0.00397	0.00874
11	0.01132	0.00747	0.00928	0.00874	0.01082	0.00667	0.00658	0.01401	0.01831	0.08787	0.43180	0.10545	0.22498	0.01519	0.00817	0.00228	0.00365	0.01319	0.00737	0.00682
12	0.01214	0.01128	0.01802	0.58474	0.03996	0.01349	0.01643	0.01619	0.01436	0.01804	0.02462	0.02878	0.15587	0.00922	0.00724	0.00233	0.00809	0.00799	0.00381	0.00736
13	0.01124	0.11611	0.01461	0.01105	0.01289	0.01131	0.00885	0.01351	0.01156	0.01603	0.01764	0.02643	0.01681	0.09802	0.57101	0.00948	0.01618	0.00713	0.00367	0.00648
14	0.07694	0.37397	0.19234	0.01570	0.02251	0.02184	0.08832	0.07081	0.01595	0.02194	0.03360	0.01458	0.01103	0.00660	0.00568	0.00187	0.00833	0.00503	0.00358	0.00936
15	0.16387	0.29304	0.16016	0.01399	0.01978	0.15974	0.01383	0.02198	0.01529	0.02108	0.05108	0.01457	0.01199	0.00692	0.00545	0.00186	0.00841	0.00469	0.00362	0.00865
16	0.13056	0.38917	0.22696	0.01413	0.02108	0.02218	0.01538	0.07156	0.01541	0.02226	0.01104	0.01265	0.00894	0.00641	0.00526	0.00184	0.00800	0.00434	0.00347	0.00936

[dist]
# distance from previous block
# <min> <max>
1	10

[block]
# block no. 1 follows, 30 sequences, length 60
# corresponding to MSA columns:
# 322-381
name=unknown_B
#
# <colnr> <probs for GDERKNQSTAVLIFYWHMCP>
#	G	D	E	R	K	N	Q	S	T	A	V	L	I	F	Y	W	H	M	C	P
0	0.07961	0.30927	0.33774	0.05601	0.02486	0.04511	0.01824	0.02147	0.01442	0.02025	0.01115	0.01325	0.00881	0.00640	0.00563	0.00192	0.00885	0.00454	0.00310	0.00935
1	0.10070	0.44057	0.25932	0.01428	0.02151	0.02257	0.01605	0.02125	0.01412	0.01988	0.01064	0.01238	0.00877	0.00624	0.00517	0.00180	0.00819	0.00421	0.00311	0.00926
2	0.01540	0.20654	0.48683	0.01967	0.06384	0.01901	0.05385	0.02179	0.01475	0.02079	0.01196	0.01422	0.00907	0.00641	0.00621	0.00204	0.00960	0.00502	0.00301	0.00999
3	0.10698	0.09338	0.46073	0.01701	0.02508	0.03720	0.02004	0.05254	0.03416	0.02355	0.01411	0.04198	0.01136	0.00761	0.00635	0.00218	0.00898	0.02348	0.00365	0.00963
4	0.01222	0.07046	0.03562	0.01224	0.01433	0.04869	0.01007	0.03161	0.01254	0.01717	0.01702	0.02430	0.01566	0.04248	0.56886	0.00918	0.04013	0.00688	0.00371	0.00686
5	0.71643	0.01580	0.03241	0.01022	0.01466	0.07396	0.00859	0.02116	0.01261	0.02986	0.00989	0.01154	0.00771	0.00654	0.00455	0.00213	0.00614	0.00388	0.00422	0.00768
6	0.01476	0.01474	0.01696	0.01520	0.01647	0.11675	0.01220	0.01676	0.01236	0.01688	0.01317	0.01947	0.01234	0.02646	0.28791	0.00589	0.32877	0.00631	0.00344	0.04315
7	0.02555	0.03234	0.02004	0.01862	0.03903	0.68929	0.01373	0.02740	0.01943	0.01722	0.01080	0.01278	0.00905	0.00730	0.00676	0.00184	0.03252	0.00458	0.00358	0.00815
8	0.01611	0.05918	0.47991	0.02134	0.11386	0.01651	0.02203	0.05846	0.04895	0.05553	0.03409	0.01705	0.01191	0.00709	0.00668	0.00216	0.00917	0.00572	0.00382	0.01043
9	0.01507	0.07802	0.60669	0.02015	0.04755	0.01676	0.05112	0.02243	0.01498	0.04583	0.01295	0.01506	0.00927	0.00662	0.00659	0.00217	0.00999	0.00529	0.00318	0.01027
10	0.00863	0.00708	0.00766	0.00790	0.00999	0.00610	0.00600	0.01058	0.01595	0.01950	0.10382	0.12326	0.55587	0.01795	0.00842	0.00246	0.00382	0.07250	0.00655	0.00596
11	0.02910	0.01247	0.01624	0.01265	0.01780	0.01143	0.01038	0.08830	0.05863	0.58810	0.05955	0.02466	0.01939	0.00893	0.00708	0.00217	0.00593	0.00727	0.00837	0.01157
12	0.01189	0.00851	0.01211	0.01457	0.08613	0.00822	0.01039	0.01460	0.01583	0.05434	0.08605	0.23418	0.07761	0.01757	0.00886	0.00282	0.00561	0.31741	0.00633	0.00697
13	0.00850	0.00607	0.00810	0.00972	0.01012	0.00567	0.00648	0.00972	0.01336	0.01781	0.03846	0.75020	0.04615	0.02186	0.00891	0.00283	0.00405	0.01984	0.00648	0.00567
14	0.01400	0.03610	0.71860	0.01989	0.03020	0.01621	0.02578	0.02210	0.01473	0.02210	0.01252	0.01473	0.00884	0.00663	0.00663	0.00221	0.01031	0.00516	0.00295	0.01031
15	0.01399	0.01197	0.01155	0.01091	0.01282	0.09280	0.00783	0.10574	0.05265	0.02105	0.04815	0.17996	0.12271	0.21410	0.05893	0.00406	0.00713	0.01134	0.00551	0.00678
16	0.00997	0.00748	0.01121	0.01121	0.01246	0.00872	0.00872	0.01246	0.01121	0.01620	0.01869	0.02741	0.01745	0.05234	0.72710	0.01121	0.01869	0.00748	0.00374	0.00623
17	0.02485	0.01871	0.02000	0.01572	0.02100	0.02086	0.01286	0.56867	0.15484	0.04127	0.01889	0.01846	0.01360	0.00858	0.00700	0.00214	0.00728	0.00658	0.00700	0.01172
18	0.01593	0.01926	0.08080	0.02788	0.03482	0.01698	0.61287	0.02173	0.01621	0.02212	0.01520	0.05393	0.01220	0.00670	0.00817	0.00237	0.01130	0.00861	0.00364	0.00929
19	0.02478	0.01791	0.01945	0.01525	0.02036	0.01966	0.01247	0.56903	0.06905	0.06868	0.04281	0.05306	0.01610	0.00928	0.00712	0.00215	0.00716	0.00726	0.00706	0.01135
20	0.02139	0.00958	0.01268	0.01084	0.01439	0.00863	0.00882	0.02436	0.01869	0.37691	0.18159	0.03754	0.03127	0.01121	0.00734	0.00223	0.00504	0.09279	0.11548	0.00925
21	0.01416	0.01333	0.02218	0.57119	0.17789	0.01579	0.01944	0.01932	0.04217	0.01927	0.01320	0.01864	0.01014	0.00693	0.00697	0.00228	0.00895	0.00627	0.00333	0.00854
22	0.33166	0.10001	0.25178	0.01449	0.02087	0.13403	0.01508	0.02229	0.01437	0.02437	0.01083	0.01266	0.00836	0.00659	0.00543	0.00205	0.00844	0.00435	0.00360	0.00871
23	0.01375	0.03433	0.67544	0.01921	0.02900	0.01562	0.02461	0.02156	0.01504	0.02246	0.05482	0.01701	0.01231	0.00709	0.00673	0.00221	0.00989	0.00561	0.00323	0.01009
24	0.02774	0.01110	0.01497	0.01174	0.01656	0.00963	0.00960	0.03046	0.01976	0.60351	0.10859	0.02908	0.05521	0.00971	0.00722	0.00217	0.00552	0.00803	0.00843	0.01098
25	0.00855	0.00610	0.00808	0.00965	0.01004	0.00570	0.00641	0.00973	0.01326	0.01768	0.03793	0.72762	0.04549	0.04536	0.00976	0.00296	0.00414	0.01953	0.00641	0.00562
26	0.00848	0.00645	0.00781	0.00879	0.00990	0.00578	0.00609	0.00997	0.01450	0.01862	0.07971	0.49045	0.26805	0.02012	0.00866	0.00265	0.00384	0.01780	0.00653	0.00578
27	0.00988	0.00713	0.00933	0.00878	0.01043	0.00658	0.00658	0.01317	0.01975	0.02798	0.70754	0.05213	0.06584	0.01427	0.00823	0.00219	0.00329	0.01262	0.00768	0.00658
28	0.01607	0.01558	0.02313	0.05916	0.19564	0.01905	0.04766	0.02156	0.12407	0.02063	0.01367	0.01785	0.01168	0.00970	0.01484	0.00263	0.36757	0.00653	0.00384	0.00914
29	0.03131	0.01188	0.01619	0.01242	0.01781	0.01026	0.01026	0.03401	0.01997	0.71606	0.02753	0.02375	0.01727	0.00864	0.00702	0.00216	0.00594	0.00702	0.00864	0.01188
30	0.01076	0.04348	0.05387	0.01117	0.03194	0.00839	0.00907	0.01337	0.01573	0.03769	0.11124	0.20605	0.24813	0.01682	0.00835	0.00257	0.00502	0.15342	0.00618	0.00673
31	0.00977	0.00705	0.00923	0.00885	0.01040	0.00651	0.00658	0.01290	0.01926	0.02720	0.65580	0.10612	0.06432	0.01485	0.00828	0.00224	0.00335	0.01318	0.00759	0.00651
32	0.05480	0.69024	0.03456	0.01210	0.01788	0.06054	0.01181	0.02121	0.01434	0.01713	0.00975	0.01127	0.00889	0.00605	0.00456	0.00154	0.00761	0.00377	0.00308	0.00885
33	0.10626	0.32693	0.23619	0.01670	0.02388	0.02107	0.11779	0.02187	0.03310	0.02105	0.01172	0.01382	0.00935	0.00631	0.00574	0.00194	0.00867	0.00496	0.00332	0.00933
34	0.01532	0.02709	0.36341	0.05784	0.03237	0.05164	0.27963	0.02185	0.01557	0.02159	0.01395	0.04188	0.01084	0.00691	0.00733	0.00227	0.01072	0.00687	0.00333	0.00957
35	0.01484	0.18356	0.47755	0.01763	0.02595	0.01813	0.03658	0.02092	0.01442	0.02052	0.01304	0.04846	0.01071	0.00737	0.00694	0.00209	0.03905	0.00563	0.00317	0.03344
36	0.01048	0.00727	0.00948	0.00896	0.01062	0.00674	0.00673	0.01359	0.01916	0.04433	0.63373	0.05204	0.06176	0.05010	0.00957	0.00245	0.00364	0.03528	0.00749	0.00660
37	0.01433	0.03376	0.62712	0.02118	0.03105	0.01640	0.11493	0.02213	0.01497	0.02213	0.01274	0.01529	0.00908	0.00653	0.00685	0.00223	0.01051	0.00557	0.00303	0.01019
38	0.00970	0.00707	0.00912	0.00873	0.01035	0.00649	0.00650	0.01279	0.01916	0.02686	0.63174	0.09170	0.10385	0.01489	0.00827	0.00224	0.00335	0.01315	0.00754	0.00649
39	0.00857	0.00622	0.00809	0.00944	0.01008	0.00574	0.00639	0.00996	0.01397	0.01854	0.08294	0.64957	0.10269	0.02104	0.00881	0.00275	0.00396	0.01896	0.00655	0.00574
40	0.00849	0.00708	0.00741	0.00733	0.00958	0.00599	0.00549	0.01049	0.01648	0.02022	0.16613	0.06490	0.61210	0.01716	0.00824	0.00233	0.00350	0.01441	0.00666	0.00599
41	0.01014	0.00680	0.00778	0.00778	0.00783	0.00685	0.00443	0.01025	0.01020	0.01365	0.02184	0.04483	0.02501	0.72275	0.06703	0.00697	0.00731	0.01003	0.00421	0.00432
42	0.01727	0.01658	0.02832	0.04283	0.71123	0.01658	0.02142	0.02142	0.01589	0.02280	0.01313	0.01727	0.01105	0.00622	0.00691	0.00207	0.00829	0.00622	0.00345	0.01105
43	0.71158	0.01263	0.01001	0.00924	0.01310	0.01449	0.00743	0.01926	0.01205	0.02974	0.01306	0.09722	0.01204	0.00827	0.00485	0.00224	0.00524	0.00565	0.00457	0.00734
44	0.00990	0.00683	0.00770	0.00765	0.00807	0.00665	0.00456	0.01040	0.01167	0.01543	0.08832	0.04874	0.10834	0.60355	0.02993	0.00585	0.00608	0.01090	0.00480	0.00463
45	0.02507	0.02147	0.10203	0.01650	0.02264	0.02101	0.01472	0.61056	0.03071	0.04144	0.01626	0.01652	0.01152	0.00817	0.00694	0.00211	0.00799	0.00615	0.00651	0.01169
46	0.02725	0.01838	0.02022	0.01550	0.02106	0.01992	0.01281	0.58895	0.03087	0.14573	0.01839	0.01781	0.01269	0.00842	0.00699	0.00210	0.00742	0.00639	0.00723	0.01187
47	0.01551	0.00935	0.00990	0.00880	0.01126	0.00973	0.00686	0.15846	0.01909	0.03006	0.10108	0.02709	0.02218	0.00890	0.00571	0.00179	0.00420	0.00717	0.53522	0.00765
48	0.00968	0.09358	0.01141	0.00998	0.01103	0.00822	0.00711	0.01102	0.01346	0.01765	0.03512	0.66430	0.04183	0.02002	0.00839	0.00268	0.00445	0.01797	0.00607	0.00605
49	0.02545	0.01920	0.02180	0.01917	0.10179	0.02105	0.01421	0.61048	0.03084	0.04152	0.01633	0.01681	0.01177	0.00813	0.00697	0.00209	0.00775	0.00628	0.00657	0.01177
50	0.14078	0.01022	0.01260	0.01163	0.01365	0.01197	0.00926	0.06940	0.01412	0.02264	0.09623	0.02544	0.02012	0.03120	0.36934	0.00678	0.09237	0.00720	0.02795	0.00711
51	0.26236	0.01651	0.11189	0.16460	0.06064	0.01541	0.01442	0.11464	0.01630	0.02680	0.01508	0.02254	0.01283	0.00892	0.00706	0.02779	0.00750	0.08180	0.00442	0.00850
52	0.01736	0.01499	0.01578	0.01420	0.01815	0.01736	0.01105	0.03708	0.69862	0.02919	0.02840	0.02604	0.02130	0.00947	0.00710	0.00237	0.00552	0.00789	0.00710	0.01105
53	0.02402	0.01720	0.02078	0.01610	0.02121	0.06001	0.09005	0.35198	0.02484	0.15891	0.01837	0.01919	0.01319	0.01122	0.06023	0.00274	0.00867	0.00658	0.04402	0.03067
54	0.01531	0.01316	0.01754	0.01293	0.01854	0.01117	0.08731	0.08636	0.01731	0.02559	0.10812	0.02036	0.01811	0.00682	0.00613	0.00145	0.00594	0.00599	0.00484	0.51701
55	0.10995	0.67231	0.03351	0.01162	0.01740	0.02622	0.01143	0.02085	0.01391	0.01815	0.00970	0.01121	0.00879	0.00603	0.00446	0.00157	0.00722	0.00374	0.00314	0.00879
56	0.01457	0.01485	0.09606	0.01147	0.01786	0.00996	0.01027	0.01815	0.01459	0.04013	0.01402	0.04911	0.01201	0.00621	0.00556	0.00128	0.00573	0.00506	0.00422	0.64889
57	0.02444	0.01978	0.10066	0.01574	0.02162	0.01885	0.01400	0.43021	0.12196	0.13129	0.01936	0.01877	0.01357	0.00836	0.00696	0.00215	0.00745	0.00648	0.00676	0.01157
58	0.01531	0.01494	0.02645	0.35781	0.33082	0.01621	0.09772	0.01989	0.01508	0.02048	0.01291	0.01806	0.01020	0.00652	0.00709	0.00222	0.00915	0.00644	0.00330	0.00936
59	0.02507	0.02147	0.10203	0.01650	0.02264	0.02101	0.01472	0.61056	0.03071	0.04144	0.01626	0.01652	0.01152	0.00817	0.00694	0.00211	0.00799	0.00615	0.00651	0.01169

[dist]
# distance from previous block
# <min> <max>
0	2

[block]
# block no. 2 follows, 30 sequences, length 28
# corresponding to MSA columns:
# 384-411
name=unknown_C
#
# <colnr> <probs for GDERKNQSTAVLIFYWHMCP>
#	G	D	E	R	K	N	Q	S	T	A	V	L	I	F	Y	W	H	M	C	P
0	0.01513	0.00834	0.01061	0.00939	0.01214	0.00738	0.00727	0.01788	0.01881	0.20683	0.37216	0.06585	0.19305	0.01372	0.00793	0.00224	0.00406	0.01179	0.00764	0.00780
1	0.01122	0.20439	0.01555	0.00998	0.01212	0.01151	0.00780	0.01287	0.01416	0.01807	0.06834	0.44991	0.10540	0.01686	0.00764	0.00240	0.00486	0.01471	0.00562	0.00660
2	0.01435	0.01864	0.19980	0.01285	0.02013	0.01112	0.01288	0.01876	0.01454	0.02257	0.01243	0.01454	0.00994	0.00555	0.00555	0.00134	0.00652	0.00440	0.00382	0.59025
3	0.02172	0.01471	0.11948	0.01413	0.03744	0.01085	0.03884	0.02605	0.03927	0.36516	0.20339	0.02958	0.02850	0.00967	0.00733	0.00219	0.00617	0.00827	0.00715	0.01011
4	0.01264	0.01119	0.01790	0.50119	0.07992	0.01327	0.01552	0.01604	0.01308	0.01702	0.01497	0.02564	0.01364	0.20375	0.01448	0.00348	0.00857	0.00724	0.00342	0.00704
5	0.02675	0.01825	0.20107	0.01438	0.02107	0.01182	0.01434	0.03087	0.01859	0.53341	0.02358	0.02138	0.01505	0.00811	0.00692	0.00217	0.00709	0.00653	0.00714	0.01146
6	0.01242	0.01054	0.01617	0.01952	0.21417	0.01018	0.03791	0.01645	0.03709	0.02593	0.43520	0.04061	0.07220	0.01161	0.00782	0.00218	0.00514	0.01055	0.00623	0.00808
7	0.00904	0.00732	0.00817	0.00859	0.01075	0.00645	0.00687	0.01118	0.01595	0.01939	0.06181	0.07020	0.53251	0.01810	0.00861	0.00258	0.00430	0.18569	0.00647	0.00603
8	0.01725	0.01714	0.04051	0.03431	0.50467	0.05673	0.01852	0.02372	0.12238	0.02377	0.05876	0.02048	0.01590	0.00729	0.00698	0.00211	0.00784	0.00675	0.00428	0.01059
9	0.01748	0.01288	0.01532	0.01449	0.08075	0.01329	0.02740	0.26558	0.02161	0.04231	0.03164	0.03293	0.19661	0.04090	0.00898	0.03384	0.00597	0.00874	0.12056	0.00872
10	0.00836	0.00681	0.00741	0.00782	0.00964	0.00585	0.00565	0.01003	0.01535	0.01885	0.08124	0.24649	0.51489	0.01867	0.00842	0.00248	0.00366	0.01601	0.00652	0.00585
11	0.01743	0.56870	0.21608	0.01403	0.02115	0.02461	0.01558	0.02121	0.01432	0.01791	0.01044	0.01213	0.00892	0.00614	0.00504	0.00168	0.00821	0.00411	0.00297	0.00931
12	0.01319	0.01842	0.20398	0.51868	0.04176	0.01529	0.02048	0.01863	0.01424	0.01900	0.01485	0.01960	0.03816	0.00733	0.00694	0.00230	0.00933	0.00628	0.00320	0.00835
13	0.21879	0.00892	0.00873	0.00820	0.01099	0.00876	0.00636	0.01427	0.01591	0.04530	0.20891	0.04749	0.34622	0.01362	0.00717	0.00226	0.00404	0.01110	0.00627	0.00668
14	0.01523	0.01386	0.02300	0.11283	0.45353	0.01421	0.01851	0.01918	0.01572	0.02174	0.01932	0.03359	0.01852	0.00974	0.00763	0.00240	0.00791	0.17941	0.00420	0.00947
15	0.59940	0.01509	0.01307	0.01099	0.01564	0.01723	0.00906	0.19619	0.01739	0.03464	0.01157	0.01276	0.00869	0.00698	0.00502	0.00214	0.00600	0.00444	0.00502	0.00869
16	0.01435	0.01864	0.19980	0.01285	0.02013	0.01112	0.01288	0.01876	0.01454	0.02257	0.01243	0.01454	0.00994	0.00555	0.00555	0.00134	0.00652	0.00440	0.00382	0.59025
17	0.01008	0.00674	0.00763	0.00769	0.00771	0.00672	0.00432	0.01013	0.01027	0.01370	0.02263	0.07320	0.02618	0.72612	0.03448	0.00661	0.00666	0.01053	0.00432	0.00428
18	0.01659	0.49495	0.02727	0.01121	0.01601	0.08559	0.01033	0.01867	0.01514	0.01712	0.02585	0.02605	0.19305	0.00916	0.00564	0.00175	0.00690	0.00670	0.00396	0.00807
19	0.01447	0.01240	0.01447	0.01034	0.01654	0.00930	0.00827	0.01757	0.01447	0.02274	0.01240	0.01447	0.01034	0.00517	0.00517	0.00103	0.00517	0.00413	0.00413	0.79742
20	0.02273	0.01534	0.01731	0.01370	0.01822	0.01629	0.01114	0.43043	0.02780	0.12191	0.19989	0.02692	0.02673	0.00996	0.00731	0.00213	0.00631	0.00804	0.00737	0.01048
21	0.22951	0.04429	0.02031	0.01681	0.02115	0.41158	0.09267	0.04851	0.01762	0.02240	0.01109	0.01312	0.00891	0.00686	0.00598	0.00196	0.01029	0.00480	0.00388	0.00826
22	0.00873	0.00743	0.00758	0.00757	0.00997	0.00644	0.00575	0.01129	0.04421	0.01935	0.06774	0.06586	0.65620	0.01739	0.00825	0.00239	0.00372	0.03749	0.00650	0.00612
23	0.01487	0.04214	0.34099	0.02217	0.02949	0.01701	0.25291	0.02099	0.01514	0.02178	0.05433	0.01839	0.01291	0.00748	0.00919	0.00234	0.09824	0.00676	0.00345	0.00942
24	0.01103	0.01501	0.19740	0.01350	0.01713	0.01069	0.01321	0.01500	0.01214	0.01775	0.01707	0.02408	0.01518	0.04031	0.53747	0.00884	0.01649	0.00687	0.00353	0.00731
25	0.00832	0.00679	0.00736	0.00782	0.00962	0.00583	0.00563	0.00993	0.01519	0.01856	0.06158	0.26021	0.52123	0.01886	0.00843	0.00249	0.00368	0.01617	0.00648	0.00583
26	0.01588	0.23928	0.31252	0.06819	0.02935	0.01980	0.17923	0.02152	0.01494	0.02023	0.01208	0.01495	0.00932	0.00628	0.00642	0.00204	0.00977	0.00555	0.00311	0.00953
27	0.01517	0.01406	0.02361	0.05421	0.48008	0.01396	0.04383	0.01917	0.01687	0.02400	0.19592	0.02655	0.02540	0.00835	0.00731	0.00212	0.00714	0.00798	0.00456	0.00971

[dist]
# distance from previous block
# <min> <max>
0	10

[block]
# block no. 3 follows, 30 sequences, length 10
# corresponding to MSA columns:
# 422-431
name=unknown_D
#
# <colnr> <probs for GDERKNQSTAVLIFYWHMCP>
#	G	D	E	R	K	N	Q	S	T	A	V	L	I	F	Y	W	H	M	C	P
0	0.53778	0.14792	0.01659	0.01092	0.01560	0.06798	0.00928	0.08323	0.01479	0.02885	0.01044	0.01190	0.00831	0.00661	0.00473	0.00201	0.00648	0.00405	0.00428	0.00824
1	0.01041	0.00788	0.00951	0.00997	0.01141	0.00773	0.00711	0.04746	0.07939	0.02179	0.13540	0.45493	0.13369	0.01838	0.00846	0.00260	0.00420	0.01633	0.00673	0.00665
2	0.01986	0.04073	0.03561	0.01477	0.01954	0.03704	0.03000	0.15033	0.42038	0.07278	0.02343	0.02222	0.01737	0.00862	0.00687	0.00218	0.00646	0.00704	0.00657	0.05823
3	0.01091	0.00647	0.00873	0.00891	0.00922	0.00637	0.00593	0.01018	0.01138	0.01534	0.09744	0.11035	0.02675	0.21946	0.02452	0.37068	0.00575	0.04298	0.00441	0.00420
4	0.08902	0.06561	0.46880	0.01933	0.02764	0.07304	0.09261	0.02219	0.01488	0.02214	0.01205	0.01453	0.00894	0.00674	0.00702	0.00218	0.03519	0.00527	0.00319	0.00963
5	0.02399	0.08916	0.11843	0.01450	0.02028	0.05308	0.01335	0.19744	0.05770	0.26029	0.06562	0.02092	0.01693	0.00838	0.00676	0.00208	0.00730	0.00654	0.00646	0.01078
6	0.00997	0.00679	0.00756	0.00756	0.00778	0.00668	0.00433	0.01014	0.01069	0.01404	0.02661	0.04771	0.09022	0.68478	0.03293	0.00635	0.00646	0.01058	0.00444	0.00439
7	0.01733	0.01998	0.10987	0.07985	0.53551	0.07245	0.02119	0.02179	0.01594	0.02197	0.01283	0.01668	0.01052	0.00639	0.00683	0.00208	0.00893	0.00595	0.00338	0.01053
8	0.01979	0.08275	0.07977	0.01431	0.01916	0.01599	0.04684	0.14684	0.19442	0.13930	0.08506	0.02527	0.02066	0.06758	0.00919	0.00252	0.00679	0.00748	0.00624	0.01004
9	0.01568	0.01517	0.01831	0.25933	0.05848	0.10652	0.03493	0.03551	0.13676	0.02102	0.04081	0.02214	0.01523	0.05066	0.07537	0.00320	0.00926	0.00673	0.00435	0.07054

[dist]
# distance from previous block
# <min> <max>
1	56

# created by:
# /st0/software/busco_prod/Augustus/scripts/msa2prfl.pl ./align_prep/170428.fa
