[name]
unknown

[dist]
# distance from previous block
# <min> <max>
22	109

[block]
# block no. 0 follows, 28 sequences, length 107
# corresponding to MSA columns:
# 119-225
name=unknown_A
#
# <colnr> <probs for GDERKNQSTAVLIFYWHMCP>
#	G	D	E	R	K	N	Q	S	T	A	V	L	I	F	Y	W	H	M	C	P
0	0.09284	0.04370	0.09306	0.01599	0.04450	0.01723	0.01378	0.25879	0.05548	0.26114	0.02032	0.01947	0.01387	0.00834	0.00692	0.00221	0.00739	0.00644	0.00690	0.01163
1	0.09965	0.06063	0.06751	0.01531	0.04316	0.01690	0.01291	0.23421	0.04597	0.24713	0.01953	0.01892	0.01352	0.00807	0.00670	0.00211	0.00713	0.00619	0.00668	0.06776
2	0.11919	0.10019	0.07669	0.01642	0.04482	0.04995	0.01401	0.36636	0.02555	0.09512	0.01600	0.01644	0.01157	0.00796	0.00659	0.00212	0.00798	0.00583	0.00602	0.01116
3	0.02257	0.14481	0.02212	0.01401	0.01990	0.01908	0.01182	0.29232	0.07872	0.08317	0.01685	0.01718	0.01266	0.00755	0.00635	0.00182	0.00697	0.00570	0.00592	0.21047
4	0.01951	0.04970	0.29363	0.01728	0.02463	0.01670	0.04888	0.19230	0.02150	0.09653	0.10260	0.02184	0.01860	0.00848	0.00720	0.00220	0.00843	0.00692	0.00545	0.03762
5	0.15123	0.01420	0.01601	0.01279	0.01765	0.01448	0.01045	0.22244	0.02324	0.27893	0.10725	0.02631	0.05400	0.00974	0.00706	0.00224	0.00618	0.00765	0.00751	0.01065
6	0.02448	0.19713	0.14761	0.01740	0.08427	0.01759	0.01530	0.07092	0.01884	0.30791	0.01921	0.01876	0.01333	0.00769	0.00658	0.00208	0.00774	0.00600	0.00588	0.01126
7	0.01057	0.00705	0.00793	0.00793	0.00793	0.00705	0.00440	0.01057	0.01057	0.01409	0.02290	0.04757	0.02643	0.74454	0.03700	0.00705	0.00705	0.01057	0.00440	0.00440
8	0.01007	0.00742	0.00941	0.00891	0.01072	0.00676	0.00668	0.01329	0.02005	0.02790	0.61396	0.05635	0.15076	0.01533	0.00858	0.00231	0.00346	0.01343	0.00784	0.00676
9	0.01836	0.11191	0.05321	0.03727	0.51664	0.04904	0.04055	0.02241	0.01629	0.02239	0.01298	0.01686	0.01098	0.00671	0.00746	0.00212	0.03433	0.00609	0.00351	0.01090
10	0.01764	0.01925	0.09287	0.04181	0.60945	0.01728	0.05011	0.02242	0.01647	0.02366	0.01366	0.01781	0.01128	0.00650	0.00723	0.00218	0.00898	0.00646	0.00355	0.01137
11	0.01808	0.01561	0.01644	0.01479	0.01890	0.01808	0.01151	0.03863	0.68606	0.03041	0.02959	0.02712	0.02219	0.00986	0.00740	0.00247	0.00575	0.00822	0.00740	0.01151
12	0.00872	0.00737	0.00754	0.00750	0.00990	0.00619	0.00562	0.01068	0.01687	0.02036	0.12072	0.06877	0.64871	0.01814	0.00859	0.00244	0.00366	0.01517	0.00684	0.00619
13	0.02712	0.05684	0.02180	0.01637	0.02185	0.10991	0.01342	0.47914	0.06139	0.09311	0.01778	0.01766	0.01275	0.00852	0.00706	0.00213	0.00839	0.00632	0.00676	0.01167
14	0.02742	0.02006	0.02107	0.01633	0.02192	0.05117	0.01341	0.58480	0.03230	0.08782	0.03827	0.01885	0.01429	0.00887	0.00728	0.00218	0.00796	0.00671	0.00726	0.01203
15	0.01738	0.01836	0.02205	0.01904	0.01953	0.11301	0.01566	0.01900	0.01237	0.01753	0.00976	0.01554	0.00952	0.01204	0.02159	0.00301	0.63721	0.00614	0.00325	0.00801
16	0.01892	0.01722	0.02690	0.03735	0.53603	0.01730	0.01975	0.10186	0.04176	0.02666	0.01462	0.01800	0.01192	0.00678	0.00706	0.00208	0.00818	0.00636	0.00424	0.07701
17	0.00859	0.00736	0.00736	0.00736	0.00982	0.00614	0.00552	0.01043	0.01657	0.01964	0.07364	0.06996	0.69624	0.01841	0.00859	0.00245	0.00368	0.01534	0.00675	0.00614
18	0.01298	0.00803	0.01058	0.00960	0.01179	0.00732	0.00732	0.01634	0.02060	0.11056	0.61496	0.05073	0.06249	0.01415	0.00842	0.00228	0.00376	0.01244	0.00812	0.00752
19	0.00866	0.00737	0.00745	0.00743	0.00986	0.00616	0.00557	0.01056	0.01672	0.02000	0.09713	0.06936	0.67253	0.01828	0.00859	0.00245	0.00367	0.01526	0.00680	0.00616
20	0.01057	0.00705	0.00793	0.00793	0.00793	0.00705	0.00440	0.01057	0.01057	0.01409	0.02290	0.04757	0.02643	0.74454	0.03700	0.00705	0.00705	0.01057	0.00440	0.00440
21	0.02763	0.02036	0.02182	0.01672	0.02254	0.02254	0.01382	0.67496	0.03418	0.04581	0.01745	0.01745	0.01236	0.00873	0.00727	0.00218	0.00800	0.00654	0.00727	0.01236
22	0.01799	0.01727	0.02950	0.04462	0.69919	0.01727	0.02231	0.02231	0.01655	0.02375	0.01367	0.01799	0.01151	0.00648	0.00720	0.00216	0.00864	0.00648	0.00360	0.01151
23	0.02608	0.01959	0.02094	0.01641	0.02195	0.02182	0.01344	0.57152	0.14014	0.04331	0.01942	0.01902	0.01396	0.00891	0.00729	0.00223	0.00763	0.00682	0.00729	0.01222
24	0.01038	0.00779	0.01168	0.01168	0.01298	0.00909	0.00909	0.01298	0.01168	0.01687	0.01947	0.02856	0.01817	0.05452	0.71573	0.01168	0.01947	0.00779	0.00389	0.00649
25	0.01355	0.00678	0.00678	0.00678	0.00847	0.00678	0.00508	0.01694	0.01524	0.02710	0.02371	0.02710	0.01863	0.00847	0.00508	0.00169	0.00339	0.00678	0.78489	0.00678
26	0.01507	0.01292	0.01507	0.01077	0.01723	0.00969	0.00861	0.01830	0.01507	0.02369	0.01292	0.01507	0.01077	0.00538	0.00538	0.00108	0.00538	0.00431	0.00431	0.78898
27	0.01038	0.00779	0.01168	0.01168	0.01298	0.00909	0.00909	0.01298	0.01168	0.01687	0.01947	0.02856	0.01817	0.05452	0.71573	0.01168	0.01947	0.00779	0.00389	0.00649
28	0.01355	0.00678	0.00678	0.00678	0.00847	0.00678	0.00508	0.01694	0.01524	0.02710	0.02371	0.02710	0.01863	0.00847	0.00508	0.00169	0.00339	0.00678	0.78489	0.00678
29	0.01501	0.01421	0.02387	0.44762	0.28087	0.01607	0.02024	0.01952	0.01536	0.02048	0.01612	0.02132	0.04350	0.00752	0.00731	0.00233	0.00902	0.00689	0.00353	0.00921
30	0.01491	0.01413	0.02394	0.53737	0.23050	0.01646	0.02078	0.01961	0.01510	0.02001	0.01313	0.01899	0.01020	0.00705	0.00725	0.00235	0.00940	0.00646	0.00333	0.00903
31	0.03261	0.01237	0.01687	0.01293	0.01856	0.01068	0.01068	0.03543	0.02081	0.70423	0.02868	0.02474	0.01799	0.00900	0.00731	0.00225	0.00619	0.00731	0.00900	0.01237
32	0.01799	0.01727	0.02950	0.04462	0.69919	0.01727	0.02231	0.02231	0.01655	0.02375	0.01367	0.01799	0.01151	0.00648	0.00720	0.00216	0.00864	0.00648	0.00360	0.01151
33	0.08821	0.01741	0.04814	0.01464	0.02040	0.04243	0.01246	0.27209	0.02490	0.35193	0.02174	0.02019	0.01441	0.00858	0.00703	0.00221	0.00728	0.00658	0.00755	0.01180
34	0.01016	0.00733	0.00960	0.00924	0.01083	0.00677	0.00685	0.01338	0.01996	0.02817	0.63460	0.11785	0.06669	0.01559	0.00864	0.00235	0.00350	0.01384	0.00789	0.00677
35	0.01057	0.00705	0.00793	0.00793	0.00793	0.00705	0.00440	0.01057	0.01057	0.01409	0.02290	0.04757	0.02643	0.74454	0.03700	0.00705	0.00705	0.01057	0.00440	0.00440
36	0.01764	0.01782	0.06050	0.12416	0.56717	0.01730	0.02199	0.04376	0.01684	0.02383	0.01368	0.01801	0.01121	0.00667	0.00719	0.00220	0.00884	0.00642	0.00365	0.01109
37	0.01477	0.03630	0.65881	0.02144	0.03193	0.01699	0.07361	0.02304	0.01548	0.02304	0.01317	0.01566	0.00934	0.00685	0.00703	0.00231	0.01085	0.00560	0.00311	0.01067
38	0.00886	0.00633	0.00843	0.01012	0.01054	0.00590	0.00675	0.01012	0.01392	0.01856	0.04006	0.73979	0.04808	0.02277	0.00928	0.00295	0.00422	0.02066	0.00675	0.00590
39	0.02410	0.14074	0.02517	0.02299	0.16061	0.44015	0.01548	0.05094	0.01938	0.01996	0.01180	0.01405	0.00991	0.00713	0.00642	0.00189	0.01118	0.00500	0.00375	0.00935
40	0.01657	0.02010	0.09157	0.02912	0.06354	0.01748	0.54976	0.02261	0.01710	0.02344	0.03921	0.02253	0.01397	0.00698	0.00844	0.00245	0.01149	0.03004	0.00388	0.00974
41	0.01310	0.00936	0.01322	0.01490	0.11995	0.00874	0.00949	0.01650	0.01967	0.07949	0.49186	0.04743	0.10086	0.01334	0.00826	0.00228	0.00448	0.01180	0.00729	0.00796
42	0.01507	0.01292	0.01507	0.01077	0.01723	0.00969	0.00861	0.01830	0.01507	0.02369	0.01292	0.01507	0.01077	0.00538	0.00538	0.00108	0.00538	0.00431	0.00431	0.78898
43	0.01308	0.01165	0.01646	0.01492	0.01546	0.01528	0.01195	0.01494	0.01131	0.01691	0.01498	0.02421	0.01477	0.09928	0.31632	0.00712	0.36339	0.00736	0.00360	0.00700
44	0.01029	0.00743	0.00972	0.00914	0.01086	0.00686	0.00686	0.01372	0.02058	0.02915	0.69536	0.05430	0.06859	0.01486	0.00857	0.00229	0.00343	0.01315	0.00800	0.00686
45	0.01014	0.00742	0.00952	0.00899	0.01077	0.00680	0.00674	0.01344	0.02023	0.02834	0.64242	0.05563	0.12203	0.01516	0.00857	0.00230	0.00345	0.01333	0.00790	0.00680
46	0.01458	0.03760	0.70688	0.02072	0.03146	0.01688	0.02686	0.02302	0.01535	0.02302	0.01304	0.01535	0.00921	0.00691	0.00691	0.00230	0.01074	0.00537	0.00307	0.01074
47	0.00886	0.00633	0.00843	0.01012	0.01054	0.00590	0.00675	0.01012	0.01392	0.01856	0.04006	0.73979	0.04808	0.02277	0.00928	0.00295	0.00422	0.02066	0.00675	0.00590
48	0.01943	0.74891	0.03809	0.01244	0.01866	0.02876	0.01244	0.02177	0.01477	0.01710	0.01011	0.01166	0.00933	0.00622	0.00466	0.00155	0.00777	0.00389	0.00311	0.00933
49	0.01488	0.03552	0.63027	0.02186	0.03221	0.01705	0.10138	0.02305	0.01556	0.02305	0.01324	0.01584	0.00942	0.00682	0.00710	0.00232	0.01092	0.00574	0.00314	0.01063
50	0.01373	0.01292	0.02180	0.72707	0.05006	0.01615	0.02019	0.01857	0.01453	0.01857	0.01292	0.01938	0.00969	0.00727	0.00727	0.00242	0.00969	0.00646	0.00323	0.00807
51	0.05068	0.39964	0.27312	0.01516	0.02272	0.02227	0.01708	0.02255	0.01540	0.05384	0.03881	0.01528	0.01196	0.00696	0.00574	0.00191	0.00849	0.00495	0.00363	0.00982
52	0.01943	0.74891	0.03809	0.01244	0.01866	0.02876	0.01244	0.02177	0.01477	0.01710	0.01011	0.01166	0.00933	0.00622	0.00466	0.00155	0.00777	0.00389	0.00311	0.00933
53	0.79588	0.01406	0.01068	0.00956	0.01406	0.01631	0.00787	0.02137	0.01237	0.03261	0.01012	0.01181	0.00787	0.00675	0.00450	0.00225	0.00562	0.00394	0.00450	0.00787
54	0.07665	0.01207	0.01560	0.07545	0.01838	0.01313	0.03308	0.17450	0.01682	0.02397	0.01385	0.01952	0.01188	0.01719	0.04127	0.34900	0.03301	0.00624	0.00437	0.04403
55	0.02258	0.17265	0.05005	0.02323	0.18556	0.22576	0.01600	0.14135	0.05228	0.02487	0.01364	0.01551	0.01102	0.00730	0.00650	0.00198	0.00960	0.00548	0.00436	0.01029
56	0.00871	0.00737	0.00753	0.00749	0.00989	0.00619	0.00561	0.01066	0.01684	0.02029	0.11627	0.06888	0.65320	0.01817	0.00859	0.00244	0.00366	0.01519	0.00684	0.00619
57	0.01716	0.01961	0.04289	0.03064	0.03799	0.01838	0.67279	0.02328	0.01716	0.02328	0.01471	0.01961	0.01103	0.00613	0.00858	0.00245	0.01225	0.00858	0.00368	0.00980
58	0.02077	0.54095	0.06599	0.01371	0.01986	0.05516	0.01324	0.09293	0.05474	0.04484	0.01280	0.01383	0.01066	0.00687	0.00537	0.00175	0.00800	0.00463	0.00402	0.00991
59	0.02866	0.01190	0.01575	0.01235	0.01740	0.01051	0.01010	0.05859	0.02105	0.56612	0.09316	0.03033	0.06981	0.01019	0.00751	0.00226	0.00583	0.00838	0.00868	0.01142
60	0.00887	0.00649	0.00834	0.00974	0.01046	0.00597	0.00660	0.01028	0.01448	0.01906	0.06682	0.63197	0.13031	0.02195	0.00917	0.00287	0.00412	0.01974	0.00679	0.00597
61	0.27110	0.01639	0.01674	0.01452	0.04734	0.01813	0.01125	0.33034	0.04745	0.03754	0.07408	0.02139	0.04628	0.00897	0.00655	0.00223	0.00661	0.00670	0.00627	0.01012
62	0.07655	0.03153	0.41069	0.02312	0.10708	0.13054	0.07413	0.02381	0.01626	0.02300	0.01273	0.01536	0.00955	0.00688	0.00683	0.00222	0.01061	0.00553	0.00340	0.01016
63	0.00917	0.00755	0.00854	0.03531	0.01202	0.00673	0.00694	0.01122	0.01616	0.01969	0.06290	0.15844	0.50986	0.01876	0.00880	0.00262	0.00432	0.08811	0.00661	0.00624
64	0.01013	0.00738	0.00923	0.00880	0.01038	0.00680	0.00641	0.01296	0.01889	0.02622	0.54261	0.05521	0.13340	0.10572	0.01210	0.00290	0.00391	0.01307	0.00742	0.00647
65	0.79588	0.01406	0.01068	0.00956	0.01406	0.01631	0.00787	0.02137	0.01237	0.03261	0.01012	0.01181	0.00787	0.00675	0.00450	0.00225	0.00562	0.00394	0.00450	0.00787
66	0.01457	0.01378	0.02332	0.59223	0.17832	0.01637	0.02061	0.01931	0.01493	0.01959	0.01307	0.01911	0.01005	0.00711	0.00725	0.00237	0.00948	0.00646	0.00330	0.00875
67	0.01373	0.01292	0.02180	0.72707	0.05006	0.01615	0.02019	0.01857	0.01453	0.01857	0.01292	0.01938	0.00969	0.00727	0.00727	0.00242	0.00969	0.00646	0.00323	0.00807
68	0.01808	0.01561	0.01644	0.01479	0.01890	0.01808	0.01151	0.03863	0.68606	0.03041	0.02959	0.02712	0.02219	0.00986	0.00740	0.00247	0.00575	0.00822	0.00740	0.01151
69	0.01029	0.00743	0.00972	0.00914	0.01086	0.00686	0.00686	0.01372	0.02058	0.02915	0.69536	0.05430	0.06859	0.01486	0.00857	0.00229	0.00343	0.01315	0.00800	0.00686
70	0.01507	0.01292	0.01507	0.01077	0.01723	0.00969	0.00861	0.01830	0.01507	0.02369	0.01292	0.01507	0.01077	0.00538	0.00538	0.00108	0.00538	0.00431	0.00431	0.78898
71	0.01716	0.01961	0.04289	0.03064	0.03799	0.01838	0.67279	0.02328	0.01716	0.02328	0.01471	0.01961	0.01103	0.00613	0.00858	0.00245	0.01225	0.00858	0.00368	0.00980
72	0.01029	0.00743	0.00972	0.00914	0.01086	0.00686	0.00686	0.01372	0.02058	0.02915	0.69536	0.05430	0.06859	0.01486	0.00857	0.00229	0.00343	0.01315	0.00800	0.00686
73	0.01067	0.00701	0.00800	0.00800	0.00800	0.00701	0.00450	0.01052	0.01052	0.01402	0.02240	0.04633	0.02575	0.70946	0.03658	0.04515	0.00701	0.01036	0.00434	0.00434
74	0.00890	0.00738	0.00779	0.00769	0.01001	0.00627	0.00576	0.01103	0.01729	0.02135	0.18587	0.06713	0.58294	0.01777	0.00859	0.00242	0.00364	0.01494	0.00698	0.00627
75	0.02585	0.11261	0.02296	0.01930	0.05505	0.60555	0.01427	0.02790	0.01976	0.01800	0.01123	0.01319	0.00946	0.00730	0.00638	0.00185	0.01230	0.00468	0.00367	0.00868
76	0.79588	0.01406	0.01068	0.00956	0.01406	0.01631	0.00787	0.02137	0.01237	0.03261	0.01012	0.01181	0.00787	0.00675	0.00450	0.00225	0.00562	0.00394	0.00450	0.00787
77	0.01791	0.01749	0.03075	0.04332	0.63789	0.01737	0.08262	0.02240	0.01661	0.02370	0.01377	0.01814	0.01147	0.00644	0.00732	0.00219	0.00897	0.00667	0.00361	0.01136
78	0.01542	0.01519	0.02134	0.01843	0.01855	0.02111	0.01530	0.01710	0.01118	0.01744	0.01041	0.01701	0.01030	0.01639	0.08460	0.00393	0.66874	0.00649	0.00324	0.00782
79	0.00867	0.00704	0.00769	0.00822	0.01004	0.00606	0.00590	0.01034	0.01575	0.01930	0.06327	0.27674	0.49615	0.01976	0.00880	0.00261	0.00385	0.01698	0.00675	0.00606
80	0.79588	0.01406	0.01068	0.00956	0.01406	0.01631	0.00787	0.02137	0.01237	0.03261	0.01012	0.01181	0.00787	0.00675	0.00450	0.00225	0.00562	0.00394	0.00450	0.00787
81	0.79588	0.01406	0.01068	0.00956	0.01406	0.01631	0.00787	0.02137	0.01237	0.03261	0.01012	0.01181	0.00787	0.00675	0.00450	0.00225	0.00562	0.00394	0.00450	0.00787
82	0.02763	0.02036	0.02182	0.01672	0.02254	0.02254	0.01382	0.67496	0.03418	0.04581	0.01745	0.01745	0.01236	0.00873	0.00727	0.00218	0.00800	0.00654	0.00727	0.01236
83	0.01943	0.74891	0.03809	0.01244	0.01866	0.02876	0.01244	0.02177	0.01477	0.01710	0.01011	0.01166	0.00933	0.00622	0.00466	0.00155	0.00777	0.00389	0.00311	0.00933
84	0.01943	0.74891	0.03809	0.01244	0.01866	0.02876	0.01244	0.02177	0.01477	0.01710	0.01011	0.01166	0.00933	0.00622	0.00466	0.00155	0.00777	0.00389	0.00311	0.00933
85	0.01808	0.01561	0.01644	0.01479	0.01890	0.01808	0.01151	0.03863	0.68606	0.03041	0.02959	0.02712	0.02219	0.00986	0.00740	0.00247	0.00575	0.00822	0.00740	0.01151
86	0.01208	0.00783	0.01002	0.00931	0.01142	0.00708	0.00703	0.01515	0.01979	0.09005	0.52446	0.08316	0.14461	0.01512	0.00849	0.00233	0.00375	0.01321	0.00788	0.00723
87	0.01845	0.14033	0.48621	0.01812	0.02729	0.01759	0.02187	0.02499	0.01621	0.14055	0.01532	0.01642	0.01075	0.00717	0.00664	0.00218	0.00950	0.00548	0.00411	0.01081
88	0.03215	0.01311	0.01733	0.01328	0.01893	0.01178	0.01097	0.09472	0.02204	0.64318	0.02764	0.02407	0.01747	0.00897	0.00731	0.00224	0.00635	0.00724	0.00884	0.01237
89	0.01074	0.00831	0.01236	0.01216	0.01337	0.00993	0.00952	0.01327	0.01165	0.01691	0.01883	0.02775	0.01762	0.05184	0.67136	0.01114	0.06512	0.00770	0.00385	0.00658
90	0.01509	0.03421	0.58509	0.02319	0.06406	0.01710	0.11382	0.02302	0.01565	0.02309	0.01330	0.01605	0.00956	0.00678	0.00715	0.00232	0.01085	0.00586	0.00318	0.01065
91	0.02754	0.02313	0.02158	0.01711	0.02253	0.15690	0.01386	0.54969	0.03154	0.04038	0.01625	0.01661	0.01178	0.00849	0.00713	0.00212	0.00899	0.00618	0.00659	0.01160
92	0.79588	0.01406	0.01068	0.00956	0.01406	0.01631	0.00787	0.02137	0.01237	0.03261	0.01012	0.01181	0.00787	0.00675	0.00450	0.00225	0.00562	0.00394	0.00450	0.00787
93	0.01592	0.07484	0.44587	0.02120	0.08927	0.03800	0.02218	0.02207	0.01528	0.04527	0.01497	0.06626	0.01248	0.00856	0.00853	0.00235	0.07662	0.00659	0.00361	0.01012
94	0.00886	0.00633	0.00843	0.01012	0.01054	0.00590	0.00675	0.01012	0.01392	0.01856	0.04006	0.73979	0.04808	0.02277	0.00928	0.00295	0.00422	0.02066	0.00675	0.00590
95	0.03088	0.01300	0.01755	0.01364	0.01875	0.01220	0.01128	0.05766	0.02041	0.61596	0.02648	0.02365	0.01700	0.00933	0.00884	0.00233	0.07348	0.00719	0.00839	0.01196
96	0.01816	0.04421	0.05890	0.04060	0.57687	0.04222	0.06810	0.02262	0.01662	0.02325	0.01351	0.01760	0.01123	0.00650	0.00717	0.00215	0.00911	0.00643	0.00357	0.01118
97	0.00894	0.00636	0.00841	0.01002	0.01042	0.00596	0.00664	0.01014	0.01376	0.01834	0.03925	0.70691	0.04705	0.05706	0.01059	0.00315	0.00435	0.02019	0.00664	0.00583
98	0.00886	0.00633	0.00843	0.01012	0.01054	0.00590	0.00675	0.01012	0.01392	0.01856	0.04006	0.73979	0.04808	0.02277	0.00928	0.00295	0.00422	0.02066	0.00675	0.00590
99	0.79588	0.01406	0.01068	0.00956	0.01406	0.01631	0.00787	0.02137	0.01237	0.03261	0.01012	0.01181	0.00787	0.00675	0.00450	0.00225	0.00562	0.00394	0.00450	0.00787
100	0.00938	0.00759	0.00838	0.00842	0.01052	0.00676	0.00622	0.01226	0.04523	0.02193	0.19705	0.15519	0.44945	0.01790	0.00863	0.00249	0.00379	0.01530	0.00704	0.00648
101	0.02462	0.10232	0.15147	0.01880	0.08550	0.07960	0.01612	0.20001	0.02227	0.20244	0.01780	0.01796	0.01254	0.00786	0.00686	0.00212	0.00853	0.00606	0.00582	0.01130
102	0.17228	0.01431	0.03812	0.01381	0.04139	0.01402	0.01106	0.12131	0.08881	0.23818	0.10273	0.02784	0.04169	0.00984	0.00704	0.00231	0.00615	0.03177	0.00706	0.01029
103	0.05614	0.02437	0.17759	0.05372	0.21864	0.12644	0.05102	0.07480	0.10036	0.02534	0.01525	0.01756	0.01177	0.00734	0.00700	0.00221	0.00948	0.00615	0.00428	0.01053
104	0.15054	0.17403	0.07388	0.04789	0.13379	0.13169	0.04256	0.02342	0.03629	0.04516	0.01346	0.03613	0.01135	0.00764	0.00703	0.00212	0.04395	0.00571	0.00399	0.00937
105	0.04491	0.16564	0.14289	0.07907	0.17034	0.06382	0.01810	0.04267	0.01542	0.02125	0.01215	0.01587	0.01021	0.00946	0.03430	0.00258	0.13263	0.00560	0.00348	0.00960
106	0.01926	0.43731	0.14089	0.03854	0.02127	0.02220	0.01441	0.02342	0.04373	0.10176	0.01578	0.06434	0.01355	0.00798	0.00587	0.00192	0.00780	0.00596	0.00425	0.00974

[dist]
# distance from previous block
# <min> <max>
0	3

# created by:
# /st0/software/busco_prod/Augustus/scripts/msa2prfl.pl ./align_prep/170769.fa
