[name]
unknown

[dist]
# distance from previous block
# <min> <max>
15	30

[block]
# block no. 0 follows, 29 sequences, length 101
# corresponding to MSA columns:
# 37-137
name=unknown_A
#
# <colnr> <probs for GDERKNQSTAVLIFYWHMCP>
#	G	D	E	R	K	N	Q	S	T	A	V	L	I	F	Y	W	H	M	C	P
0	0.01191	0.00812	0.00977	0.01003	0.01128	0.00825	0.00707	0.09193	0.01562	0.02196	0.03046	0.40409	0.03357	0.11571	0.06509	0.00378	0.00593	0.01429	0.12462	0.00652
1	0.01498	0.00998	0.01126	0.01032	0.01233	0.01025	0.00737	0.14322	0.04941	0.06323	0.02885	0.17714	0.07228	0.26578	0.01738	0.00391	0.00587	0.01124	0.07796	0.00722
2	0.02105	0.01367	0.01557	0.01283	0.01680	0.01425	0.01015	0.27659	0.08500	0.14221	0.10991	0.08744	0.02506	0.05713	0.00912	0.00249	0.00606	0.00887	0.05420	0.03159
3	0.01770	0.01637	0.04718	0.01390	0.01899	0.03731	0.01163	0.12899	0.12770	0.02675	0.01554	0.01712	0.01235	0.00762	0.00844	0.00181	0.10517	0.00553	0.00496	0.37495
4	0.07300	0.04986	0.05309	0.01200	0.01684	0.01363	0.01021	0.08585	0.15904	0.10497	0.05064	0.02292	0.03675	0.00828	0.00624	0.00191	0.00570	0.00657	0.11081	0.17169
5	0.01225	0.00767	0.01001	0.00942	0.01139	0.00697	0.00705	0.01516	0.01905	0.10338	0.49841	0.14799	0.09334	0.01519	0.00836	0.00234	0.00379	0.01339	0.00771	0.00716
6	0.01060	0.00783	0.01095	0.01090	0.01225	0.00755	0.04345	0.01231	0.01432	0.04833	0.06804	0.42732	0.14014	0.07871	0.04250	0.00343	0.03282	0.01606	0.00616	0.00632
7	0.02931	0.01368	0.01770	0.01465	0.04817	0.01293	0.01142	0.16652	0.02261	0.51322	0.02568	0.05399	0.01750	0.00924	0.00723	0.00222	0.00644	0.00754	0.00814	0.01180
8	0.04593	0.01660	0.02771	0.04114	0.65083	0.01660	0.02086	0.02238	0.01625	0.05360	0.01391	0.01770	0.01143	0.00646	0.00696	0.00212	0.00825	0.00629	0.00379	0.01119
9	0.02617	0.01953	0.02144	0.01735	0.05175	0.02136	0.01370	0.62670	0.03199	0.04308	0.01676	0.01703	0.01201	0.00832	0.00705	0.00209	0.00776	0.00632	0.00685	0.04273
10	0.07458	0.01313	0.01896	0.45159	0.03648	0.01499	0.01584	0.05797	0.01519	0.02175	0.01326	0.03598	0.01067	0.00742	0.00725	0.00214	0.03670	0.00610	0.00378	0.15622
11	0.01420	0.01389	0.02028	0.53032	0.03997	0.05873	0.01769	0.01817	0.01453	0.01860	0.05137	0.02150	0.03348	0.00860	0.00941	0.00244	0.10866	0.00683	0.00355	0.00779
12	0.01477	0.01266	0.01477	0.01055	0.01687	0.00949	0.00844	0.01793	0.01477	0.02320	0.01266	0.01477	0.01055	0.00527	0.00527	0.00105	0.00527	0.00422	0.00422	0.79328
13	0.00850	0.00722	0.00732	0.00730	0.00967	0.00604	0.00547	0.01037	0.01642	0.01968	0.10216	0.06780	0.67214	0.01787	0.00841	0.00240	0.00359	0.01493	0.00667	0.00604
14	0.02497	0.01890	0.02019	0.01596	0.02128	0.02110	0.01303	0.53710	0.18139	0.04149	0.01976	0.01922	0.01427	0.00880	0.00715	0.00220	0.00734	0.00678	0.00715	0.01192
15	0.01848	0.67002	0.11645	0.01313	0.01975	0.02681	0.01384	0.02147	0.01453	0.01743	0.01024	0.01185	0.00912	0.00617	0.00483	0.00161	0.00796	0.00398	0.00304	0.00930
16	0.05471	0.01376	0.01512	0.01288	0.01692	0.03508	0.01027	0.13459	0.21091	0.17778	0.14349	0.03239	0.06635	0.01078	0.00742	0.00230	0.00582	0.03197	0.00737	0.01009
17	0.01438	0.03617	0.68774	0.02066	0.03106	0.01659	0.05076	0.02256	0.01510	0.02256	0.01284	0.01519	0.00909	0.00674	0.00683	0.00226	0.01058	0.00538	0.00303	0.01049
18	0.01014	0.00838	0.00903	0.00867	0.01113	0.00784	0.00656	0.01492	0.11309	0.02299	0.21849	0.05886	0.45202	0.01600	0.00825	0.00237	0.00383	0.01352	0.00700	0.00693
19	0.01420	0.01318	0.02182	0.66459	0.08796	0.01612	0.01967	0.04265	0.01506	0.01948	0.01286	0.01883	0.00970	0.00712	0.00712	0.00235	0.00937	0.00633	0.00333	0.00827
20	0.01629	0.02426	0.23841	0.02760	0.11453	0.04333	0.35116	0.02248	0.01631	0.02252	0.01468	0.02019	0.01158	0.00692	0.00774	0.00234	0.01093	0.03529	0.00355	0.00990
21	0.01791	0.01771	0.02779	0.07086	0.61035	0.05938	0.02104	0.02191	0.01617	0.02247	0.01307	0.01732	0.01100	0.00667	0.00763	0.00215	0.03603	0.00623	0.00350	0.01082
22	0.01762	0.01692	0.02890	0.04371	0.70533	0.01692	0.02185	0.02185	0.01621	0.02326	0.01339	0.01762	0.01128	0.00634	0.00705	0.00211	0.00846	0.00634	0.00352	0.01128
23	0.02029	0.05248	0.01953	0.01616	0.01980	0.26521	0.07200	0.13727	0.02021	0.04299	0.02232	0.17864	0.04018	0.01172	0.00751	0.00227	0.00893	0.04870	0.00529	0.00850
24	0.01599	0.07347	0.36185	0.05770	0.03289	0.04805	0.26409	0.02261	0.01583	0.02186	0.01311	0.01644	0.00971	0.00649	0.00723	0.00225	0.01094	0.00635	0.00326	0.00988
25	0.01327	0.00664	0.00664	0.00664	0.00830	0.00664	0.00498	0.01659	0.01493	0.02655	0.02323	0.02655	0.01825	0.00830	0.00498	0.00166	0.00332	0.00664	0.78928	0.00664
26	0.01018	0.00759	0.01127	0.01127	0.01248	0.00880	0.00868	0.01260	0.01139	0.01640	0.01924	0.02887	0.01819	0.08706	0.68841	0.01122	0.01848	0.00776	0.00384	0.00626
27	0.05250	0.01412	0.05048	0.01331	0.01904	0.01205	0.01145	0.09671	0.02116	0.59291	0.02576	0.02274	0.01639	0.00863	0.00706	0.00220	0.00643	0.00690	0.00824	0.01191
28	0.01904	0.75404	0.03731	0.01218	0.01828	0.02818	0.01218	0.02132	0.01447	0.01675	0.00990	0.01142	0.00914	0.00609	0.00457	0.00152	0.00761	0.00381	0.00305	0.00914
29	0.00851	0.00722	0.00735	0.00732	0.00968	0.00605	0.00549	0.01041	0.01646	0.01979	0.10970	0.06761	0.66453	0.01783	0.00841	0.00239	0.00359	0.01490	0.00669	0.00605
30	0.01538	0.18125	0.53944	0.01918	0.02862	0.01898	0.05898	0.02232	0.01502	0.02139	0.01228	0.01453	0.00914	0.00659	0.00641	0.00211	0.01001	0.00514	0.00305	0.01019
31	0.04992	0.01955	0.02041	0.04409	0.02237	0.05474	0.01331	0.57443	0.03056	0.04095	0.01735	0.04808	0.01323	0.00896	0.00709	0.00217	0.00791	0.00683	0.00669	0.01135
32	0.80005	0.01377	0.01047	0.00936	0.01377	0.01597	0.00771	0.02093	0.01212	0.03195	0.00991	0.01157	0.00771	0.00661	0.00441	0.00220	0.00551	0.00386	0.00441	0.00771
33	0.00899	0.00644	0.00869	0.01027	0.01083	0.00614	0.00715	0.01048	0.01379	0.01839	0.03824	0.65384	0.04528	0.02341	0.03978	0.00329	0.00499	0.07763	0.00648	0.00588
34	0.01237	0.00618	0.00928	0.00928	0.00928	0.00618	0.00618	0.00928	0.00928	0.01237	0.01237	0.02165	0.01237	0.02474	0.02783	0.79283	0.00618	0.00618	0.00309	0.00309
35	0.80005	0.01377	0.01047	0.00936	0.01377	0.01597	0.00771	0.02093	0.01212	0.03195	0.00991	0.01157	0.00771	0.00661	0.00441	0.00220	0.00551	0.00386	0.00441	0.00771
36	0.03868	0.03852	0.10236	0.01619	0.04802	0.01145	0.13937	0.01538	0.01237	0.01757	0.01315	0.02020	0.01184	0.04728	0.01810	0.37644	0.00793	0.00641	0.00336	0.05536
37	0.01734	0.04999	0.03537	0.05198	0.18021	0.01814	0.40362	0.06150	0.01742	0.02384	0.03657	0.01940	0.01268	0.00675	0.00829	0.00230	0.03316	0.00765	0.00388	0.00990
38	0.01327	0.00664	0.00664	0.00664	0.00830	0.00664	0.00498	0.01659	0.01493	0.02655	0.02323	0.02655	0.01825	0.00830	0.00498	0.00166	0.00332	0.00664	0.78928	0.00664
39	0.01657	0.01590	0.02671	0.07117	0.54269	0.01600	0.05555	0.02147	0.04884	0.02295	0.01938	0.02273	0.07306	0.00756	0.00726	0.00218	0.00813	0.00731	0.00397	0.01056
40	0.02824	0.01806	0.02020	0.01549	0.02114	0.01929	0.01280	0.52598	0.03033	0.20493	0.01974	0.01881	0.01344	0.00861	0.00713	0.00215	0.00741	0.00659	0.00753	0.01211
41	0.02539	0.01911	0.02043	0.01604	0.02144	0.02130	0.01313	0.56635	0.15145	0.04218	0.01922	0.01879	0.01383	0.00875	0.00715	0.00219	0.00744	0.00670	0.00715	0.01196
42	0.01884	0.01144	0.01564	0.01508	0.05440	0.01117	0.03294	0.06318	0.08038	0.20664	0.07086	0.07163	0.02957	0.01337	0.00827	0.00261	0.00638	0.24727	0.00700	0.03335
43	0.00995	0.00817	0.00888	0.00854	0.01093	0.00756	0.00645	0.01431	0.09577	0.02304	0.24110	0.05942	0.44790	0.01610	0.00828	0.00236	0.00377	0.01362	0.00702	0.00682
44	0.02864	0.12213	0.07605	0.01322	0.01922	0.01354	0.01200	0.03177	0.01909	0.55351	0.02420	0.02162	0.01569	0.00825	0.00675	0.00211	0.00665	0.00652	0.00750	0.01155
45	0.01722	0.01641	0.02747	0.10931	0.60396	0.01685	0.02107	0.02237	0.05281	0.02312	0.01417	0.01824	0.01167	0.00660	0.00707	0.00216	0.00841	0.00644	0.00369	0.01095
46	0.01428	0.03683	0.71286	0.02030	0.03082	0.01654	0.02631	0.02255	0.01503	0.02255	0.01278	0.01503	0.00902	0.00677	0.00677	0.00226	0.01052	0.00526	0.00301	0.01052
47	0.02660	0.03394	0.02018	0.01834	0.02201	0.72116	0.01376	0.02843	0.02018	0.01743	0.01101	0.01284	0.00917	0.00734	0.00642	0.00183	0.01284	0.00459	0.00367	0.00825
48	0.01327	0.00664	0.00664	0.00664	0.00830	0.00664	0.00498	0.01659	0.01493	0.02655	0.02323	0.02655	0.01825	0.00830	0.00498	0.00166	0.00332	0.00664	0.78928	0.00664
49	0.02902	0.01150	0.01566	0.01236	0.01734	0.01002	0.01018	0.03185	0.02017	0.61655	0.08824	0.02951	0.02315	0.00985	0.00740	0.00226	0.00584	0.03910	0.00862	0.01137
50	0.00873	0.00624	0.00831	0.00988	0.01034	0.00582	0.00661	0.01004	0.01387	0.01855	0.06315	0.72014	0.04782	0.02203	0.00906	0.00287	0.00410	0.01998	0.00665	0.00582
51	0.01509	0.01604	0.05744	0.39076	0.17246	0.01676	0.15968	0.02003	0.01507	0.02031	0.01305	0.01846	0.01009	0.00693	0.00800	0.00235	0.03841	0.00672	0.00332	0.00903
52	0.01327	0.00664	0.00664	0.00664	0.00830	0.00664	0.00498	0.01659	0.01493	0.02655	0.02323	0.02655	0.01825	0.00830	0.00498	0.00166	0.00332	0.00664	0.78928	0.00664
53	0.00879	0.00628	0.00836	0.00984	0.01035	0.00586	0.00662	0.01019	0.01415	0.01900	0.09165	0.69037	0.04869	0.02170	0.00903	0.00284	0.00407	0.01966	0.00671	0.00586
54	0.02726	0.01964	0.02118	0.01624	0.02193	0.02163	0.01341	0.65620	0.03297	0.07099	0.01753	0.01738	0.01233	0.00856	0.00712	0.00214	0.00777	0.00644	0.00719	0.01211
55	0.01521	0.01292	0.01500	0.01076	0.01706	0.00995	0.00862	0.04188	0.01544	0.02399	0.01282	0.01485	0.01060	0.00539	0.00534	0.00109	0.00537	0.00430	0.00432	0.76509
56	0.01807	0.01123	0.01371	0.04254	0.01671	0.01068	0.00929	0.02453	0.15648	0.20733	0.16921	0.03493	0.11864	0.01080	0.00732	0.00212	0.00512	0.00909	0.00707	0.12513
57	0.01327	0.00664	0.00664	0.00664	0.00830	0.00664	0.00498	0.01659	0.01493	0.02655	0.02323	0.02655	0.01825	0.00830	0.00498	0.00166	0.00332	0.00664	0.78928	0.00664
58	0.01019	0.00758	0.01119	0.01119	0.01237	0.00876	0.00858	0.01255	0.01137	0.01634	0.01931	0.02928	0.01837	0.10212	0.67359	0.01113	0.01822	0.00782	0.00385	0.00621
59	0.01473	0.06947	0.62060	0.02078	0.03079	0.01722	0.08408	0.02251	0.01517	0.02230	0.01279	0.01523	0.00919	0.00666	0.00681	0.00223	0.01052	0.00547	0.00306	0.01038
60	0.00963	0.00758	0.01050	0.11287	0.01600	0.00786	0.00862	0.01140	0.01379	0.01812	0.03723	0.52519	0.10673	0.04084	0.01006	0.00289	0.03168	0.01692	0.00592	0.00614
61	0.00920	0.00724	0.00830	0.00803	0.01010	0.00634	0.00603	0.01173	0.01808	0.02362	0.36832	0.06131	0.40352	0.01640	0.00841	0.00233	0.00349	0.01402	0.00719	0.00634
62	0.01017	0.00763	0.01144	0.01144	0.01272	0.00890	0.00890	0.01272	0.01144	0.01653	0.01907	0.02797	0.01780	0.05340	0.72153	0.01144	0.01907	0.00763	0.00381	0.00636
63	0.05295	0.03151	0.53136	0.02181	0.05986	0.01649	0.11298	0.02295	0.01540	0.05006	0.01349	0.01591	0.00964	0.00672	0.00690	0.00226	0.01022	0.00574	0.00340	0.01036
64	0.08988	0.01990	0.02045	0.01588	0.02140	0.04421	0.01307	0.60676	0.03131	0.04294	0.01632	0.01651	0.01166	0.00835	0.00688	0.00213	0.00781	0.00614	0.00679	0.01163
65	0.01904	0.75404	0.03731	0.01218	0.01828	0.02818	0.01218	0.02132	0.01447	0.01675	0.00990	0.01142	0.00914	0.00609	0.00457	0.00152	0.00761	0.00381	0.00305	0.00914
66	0.01477	0.01266	0.01477	0.01055	0.01687	0.00949	0.00844	0.01793	0.01477	0.02320	0.01266	0.01477	0.01055	0.00527	0.00527	0.00105	0.00527	0.00422	0.00422	0.79328
67	0.00868	0.00620	0.00826	0.00991	0.01033	0.00578	0.00661	0.00991	0.01363	0.01818	0.03925	0.74510	0.04710	0.02231	0.00909	0.00289	0.00413	0.02024	0.00661	0.00578
68	0.01428	0.03683	0.71286	0.02030	0.03082	0.01654	0.02631	0.02255	0.01503	0.02255	0.01278	0.01503	0.00902	0.00677	0.00677	0.00226	0.01052	0.00526	0.00301	0.01052
69	0.01428	0.03683	0.71286	0.02030	0.03082	0.01654	0.02631	0.02255	0.01503	0.02255	0.01278	0.01503	0.00902	0.00677	0.00677	0.00226	0.01052	0.00526	0.00301	0.01052
70	0.80005	0.01377	0.01047	0.00936	0.01377	0.01597	0.00771	0.02093	0.01212	0.03195	0.00991	0.01157	0.00771	0.00661	0.00441	0.00220	0.00551	0.00386	0.00441	0.00771
71	0.01428	0.03683	0.71286	0.02030	0.03082	0.01654	0.02631	0.02255	0.01503	0.02255	0.01278	0.01503	0.00902	0.00677	0.00677	0.00226	0.01052	0.00526	0.00301	0.01052
72	0.01762	0.01692	0.02890	0.04371	0.70533	0.01692	0.02185	0.02185	0.01621	0.02326	0.01339	0.01762	0.01128	0.00634	0.00705	0.00211	0.00846	0.00634	0.00352	0.01128
73	0.01904	0.75404	0.03731	0.01218	0.01828	0.02818	0.01218	0.02132	0.01447	0.01675	0.00990	0.01142	0.00914	0.00609	0.00457	0.00152	0.00761	0.00381	0.00305	0.00914
74	0.01079	0.00819	0.01024	0.01066	0.01162	0.00876	0.00746	0.01467	0.10923	0.01862	0.03010	0.36007	0.03320	0.17826	0.12394	0.00498	0.03313	0.01400	0.00567	0.00641
75	0.03915	0.00991	0.01112	0.01003	0.01288	0.00985	0.00775	0.07315	0.11629	0.05988	0.30031	0.04829	0.24606	0.01388	0.00794	0.00230	0.00434	0.01173	0.00725	0.00790
76	0.01345	0.01266	0.02136	0.73264	0.04904	0.01582	0.01978	0.01819	0.01424	0.01819	0.01266	0.01898	0.00949	0.00712	0.00712	0.00237	0.00949	0.00633	0.00316	0.00791
77	0.10036	0.01997	0.02028	0.01580	0.02129	0.05189	0.01299	0.59054	0.03088	0.04246	0.01615	0.01639	0.01156	0.00831	0.00684	0.00213	0.00783	0.00609	0.00672	0.01152
78	0.01736	0.01925	0.04089	0.02927	0.03639	0.01823	0.64325	0.05864	0.01771	0.02401	0.01455	0.01909	0.01088	0.00614	0.00833	0.00239	0.01178	0.00829	0.00379	0.00974
79	0.01428	0.03683	0.71286	0.02030	0.03082	0.01654	0.02631	0.02255	0.01503	0.02255	0.01278	0.01503	0.00902	0.00677	0.00677	0.00226	0.01052	0.00526	0.00301	0.01052
80	0.01021	0.00749	0.01073	0.01073	0.01175	0.00851	0.00801	0.01226	0.01123	0.01600	0.01973	0.03159	0.01937	0.18869	0.58839	0.01056	0.01671	0.00816	0.00391	0.00596
81	0.01762	0.01692	0.02890	0.04371	0.70533	0.01692	0.02185	0.02185	0.01621	0.02326	0.01339	0.01762	0.01128	0.00634	0.00705	0.00211	0.00846	0.00634	0.00352	0.01128
82	0.01017	0.00763	0.01144	0.01144	0.01272	0.00890	0.00890	0.01272	0.01144	0.01653	0.01907	0.02797	0.01780	0.05340	0.72153	0.01144	0.01907	0.00763	0.00381	0.00636
83	0.01327	0.00664	0.00664	0.00664	0.00830	0.00664	0.00498	0.01659	0.01493	0.02655	0.02323	0.02655	0.01825	0.00830	0.00498	0.00166	0.00332	0.00664	0.78928	0.00664
84	0.01124	0.00809	0.01117	0.01273	0.01437	0.00802	0.01104	0.01439	0.01630	0.02111	0.03939	0.10022	0.07272	0.01967	0.00974	0.00322	0.00634	0.60715	0.00656	0.00651
85	0.01366	0.01276	0.01814	0.01613	0.01658	0.01724	0.01321	0.01557	0.01110	0.01692	0.01279	0.01997	0.01234	0.02696	0.27059	0.00606	0.48260	0.00673	0.00336	0.00728
86	0.01695	0.01623	0.02768	0.15562	0.59873	0.01674	0.02152	0.02126	0.01589	0.02244	0.01327	0.01784	0.01099	0.00647	0.00706	0.00216	0.00863	0.00634	0.00347	0.01073
87	0.01408	0.03668	0.01396	0.01248	0.01420	0.01202	0.00951	0.12695	0.01715	0.04583	0.06505	0.40349	0.03342	0.01805	0.03310	0.00296	0.11338	0.01401	0.00611	0.00755
88	0.02707	0.01995	0.02137	0.01638	0.02208	0.02208	0.01353	0.68159	0.03348	0.04488	0.01710	0.01710	0.01211	0.00855	0.00712	0.00214	0.00784	0.00641	0.00712	0.01211
89	0.00987	0.00658	0.00882	0.01016	0.01089	0.00613	0.00701	0.01134	0.01427	0.04875	0.06012	0.65966	0.04617	0.02135	0.00902	0.00286	0.00431	0.04983	0.00674	0.00613
90	0.80005	0.01377	0.01047	0.00936	0.01377	0.01597	0.00771	0.02093	0.01212	0.03195	0.00991	0.01157	0.00771	0.00661	0.00441	0.00220	0.00551	0.00386	0.00441	0.00771
91	0.01465	0.03427	0.61520	0.02171	0.03175	0.01675	0.12139	0.02259	0.01529	0.02259	0.01302	0.01564	0.00928	0.00665	0.00700	0.00228	0.01074	0.00572	0.00309	0.01039
92	0.02704	0.02071	0.02131	0.01649	0.02208	0.06011	0.01355	0.64606	0.03276	0.04338	0.01676	0.01686	0.01195	0.00848	0.00709	0.00212	0.00811	0.00631	0.00694	0.01190
93	0.00871	0.00636	0.00819	0.00955	0.01026	0.00585	0.00647	0.01010	0.01422	0.01875	0.07193	0.63510	0.12539	0.02147	0.00898	0.00281	0.00404	0.01931	0.00666	0.00585
94	0.01667	0.39628	0.37429	0.01623	0.02453	0.02237	0.01923	0.02193	0.01475	0.01964	0.01134	0.01322	0.00908	0.00643	0.00566	0.00189	0.00907	0.00453	0.00303	0.00983
95	0.66024	0.14629	0.01527	0.00987	0.01458	0.01816	0.00851	0.02100	0.01254	0.02923	0.00991	0.01154	0.00797	0.00652	0.00444	0.00208	0.00589	0.00385	0.00416	0.00797
96	0.00907	0.00724	0.00812	0.00790	0.01002	0.00629	0.00593	0.01149	0.01778	0.02292	0.32085	0.06247	0.45143	0.01666	0.00841	0.00234	0.00351	0.01418	0.00710	0.00629
97	0.01551	0.01476	0.02509	0.39220	0.37335	0.01636	0.02080	0.02000	0.01521	0.02070	0.01302	0.01831	0.01038	0.00674	0.00708	0.00225	0.00898	0.00634	0.00334	0.00957
98	0.77412	0.01371	0.01067	0.00948	0.01392	0.01579	0.00780	0.02140	0.01240	0.05484	0.01053	0.01200	0.00805	0.00668	0.00450	0.00220	0.00553	0.00397	0.00456	0.00786
99	0.02547	0.01824	0.01979	0.01546	0.02077	0.01997	0.01267	0.54331	0.08691	0.08505	0.04458	0.02109	0.03489	0.00914	0.00722	0.00218	0.00726	0.00707	0.00725	0.01168
100	0.01036	0.00690	0.00777	0.00777	0.00777	0.00690	0.00431	0.01036	0.01036	0.01381	0.02244	0.04660	0.02589	0.74975	0.03624	0.00690	0.00690	0.01036	0.00431	0.00431

[dist]
# distance from previous block
# <min> <max>
0	2

# created by:
# /st0/software/busco_prod/Augustus/scripts/msa2prfl.pl ./align_prep/171126.fa
