[name]
unknown

[dist]
# distance from previous block
# <min> <max>
0	27

[block]
# block no. 0 follows, 28 sequences, length 26
# corresponding to MSA columns:
# 27-52
name=unknown_A
#
# <colnr> <probs for GDERKNQSTAVLIFYWHMCP>
#	G	D	E	R	K	N	Q	S	T	A	V	L	I	F	Y	W	H	M	C	P
0	0.01333	0.09715	0.14995	0.01289	0.01698	0.01163	0.01254	0.01712	0.01676	0.05959	0.15254	0.14210	0.10002	0.01459	0.00816	0.00255	0.00635	0.15184	0.00596	0.00796
1	0.00994	0.00735	0.00830	0.00848	0.01051	0.00636	0.00620	0.01184	0.01649	0.05231	0.12292	0.23272	0.44322	0.01871	0.00870	0.00255	0.00391	0.01608	0.00697	0.00644
2	0.01828	0.00965	0.01208	0.01069	0.01403	0.00874	0.00840	0.02197	0.06107	0.26726	0.16416	0.10670	0.20751	0.01430	0.00818	0.00244	0.00486	0.04300	0.00782	0.00885
3	0.01595	0.00860	0.01122	0.01012	0.01279	0.00768	0.00774	0.01873	0.01926	0.20950	0.35463	0.14600	0.11898	0.01478	0.00833	0.00239	0.00432	0.01287	0.00796	0.00814
4	0.01686	0.00882	0.01134	0.01016	0.01306	0.00779	0.00780	0.01944	0.01881	0.24130	0.25673	0.15672	0.17194	0.01494	0.00828	0.00241	0.00448	0.01290	0.00788	0.00833
5	0.13129	0.01347	0.01567	0.01295	0.01782	0.01367	0.01044	0.03386	0.22989	0.37914	0.04684	0.02464	0.01949	0.00914	0.00699	0.00232	0.00589	0.00732	0.00785	0.01132
6	0.00912	0.00665	0.00859	0.00965	0.01053	0.00612	0.00665	0.01088	0.01553	0.02080	0.17571	0.53393	0.11753	0.02074	0.00907	0.00277	0.00400	0.01861	0.00700	0.00612
7	0.00888	0.00682	0.00813	0.00897	0.01029	0.00608	0.00628	0.01055	0.01552	0.01989	0.10961	0.42085	0.30126	0.02040	0.00895	0.00270	0.00394	0.01795	0.00686	0.00608
8	0.00892	0.00644	0.00845	0.00993	0.01052	0.00597	0.00669	0.01033	0.01440	0.01917	0.07673	0.67052	0.08075	0.02214	0.00921	0.00289	0.00415	0.02000	0.00681	0.00597
9	0.56864	0.01326	0.01136	0.00996	0.01412	0.01492	0.00811	0.07242	0.01537	0.05785	0.07161	0.01777	0.01480	0.00784	0.00523	0.00220	0.00544	0.00532	0.07558	0.00821
10	0.01080	0.00735	0.00878	0.00870	0.00999	0.00680	0.00594	0.01245	0.01556	0.05017	0.22665	0.15465	0.17704	0.25239	0.01782	0.00396	0.00489	0.01361	0.00644	0.00602
11	0.00917	0.00653	0.00837	0.00962	0.01013	0.00613	0.00635	0.01038	0.01386	0.01845	0.07116	0.57276	0.07403	0.13083	0.01339	0.00351	0.00458	0.01854	0.00646	0.00574
12	0.03884	0.00681	0.00874	0.00993	0.01073	0.00646	0.00681	0.01117	0.01501	0.02092	0.15239	0.59360	0.05011	0.02080	0.00898	0.00281	0.00413	0.01873	0.00688	0.00614
13	0.34089	0.01400	0.01450	0.01193	0.01669	0.01475	0.00974	0.14566	0.01952	0.24170	0.05518	0.05165	0.01687	0.00896	0.00631	0.00227	0.00606	0.00670	0.00669	0.00995
14	0.06351	0.00960	0.01232	0.01084	0.01390	0.00881	0.00825	0.02216	0.01782	0.30794	0.17329	0.18412	0.03554	0.08515	0.01075	0.00288	0.00523	0.01153	0.00760	0.00878
15	0.00951	0.00660	0.00824	0.00928	0.00954	0.00634	0.00585	0.01029	0.01264	0.01685	0.03350	0.47511	0.03980	0.29875	0.01988	0.00452	0.00530	0.01681	0.00585	0.00533
16	0.01058	0.00736	0.00834	0.00840	0.00989	0.00664	0.00574	0.01190	0.01473	0.05445	0.08075	0.17747	0.31544	0.23587	0.01715	0.00390	0.00490	0.01431	0.00623	0.00594
17	0.00949	0.00673	0.00872	0.00954	0.01026	0.00633	0.00645	0.01118	0.01529	0.02086	0.21894	0.45243	0.05070	0.12247	0.01300	0.00335	0.00440	0.01716	0.00676	0.00596
18	0.01214	0.01054	0.00979	0.00947	0.01203	0.07617	0.00708	0.01492	0.04710	0.05383	0.10215	0.12521	0.45969	0.01669	0.00834	0.00243	0.00485	0.01397	0.00668	0.00693
19	0.01594	0.01418	0.01918	0.01375	0.02030	0.01148	0.09932	0.04970	0.01625	0.02467	0.01338	0.01580	0.01088	0.00564	0.00591	0.00132	0.00644	0.00499	0.00436	0.64652
20	0.12089	0.01341	0.02047	0.52883	0.04128	0.01609	0.04349	0.05342	0.01535	0.02211	0.01418	0.05367	0.01152	0.00799	0.00704	0.00241	0.00888	0.00690	0.00381	0.00824
21	0.09779	0.06494	0.01827	0.06404	0.13550	0.06690	0.01258	0.01739	0.01406	0.02021	0.01996	0.20847	0.02138	0.08080	0.01261	0.00295	0.11985	0.00998	0.00448	0.00783
22	0.06100	0.01363	0.01802	0.34569	0.05865	0.05101	0.01473	0.04239	0.01552	0.02117	0.02024	0.06387	0.07667	0.03159	0.00858	0.00239	0.03468	0.00769	0.00420	0.10830
23	0.01986	0.01732	0.02503	0.11012	0.39555	0.04472	0.01867	0.13329	0.05519	0.05682	0.04108	0.01999	0.01435	0.00758	0.00726	0.00221	0.00837	0.00679	0.00478	0.01102
24	0.04373	0.01702	0.02155	0.06201	0.18016	0.01822	0.01503	0.32769	0.05096	0.06037	0.01778	0.04557	0.01407	0.01094	0.04504	0.00269	0.00837	0.00704	0.00585	0.04591
25	0.25905	0.11200	0.02052	0.01421	0.01950	0.07575	0.03721	0.22203	0.04180	0.11064	0.01535	0.01587	0.01127	0.00767	0.00610	0.00212	0.00755	0.00548	0.00568	0.01017

[dist]
# distance from previous block
# <min> <max>
7	16

[block]
# block no. 1 follows, 28 sequences, length 79
# corresponding to MSA columns:
# 69-147
name=unknown_B
#
# <colnr> <probs for GDERKNQSTAVLIFYWHMCP>
#	G	D	E	R	K	N	Q	S	T	A	V	L	I	F	Y	W	H	M	C	P
0	0.02053	0.14404	0.08961	0.01996	0.14453	0.10727	0.01483	0.11371	0.02011	0.09644	0.11237	0.02366	0.04475	0.00880	0.00692	0.00207	0.00801	0.00706	0.00529	0.01003
1	0.01803	0.01806	0.05263	0.03576	0.46697	0.04128	0.08121	0.07032	0.01844	0.02567	0.08459	0.02160	0.01729	0.00753	0.00744	0.00220	0.00862	0.00727	0.00432	0.01080
2	0.11049	0.01554	0.05923	0.06618	0.09205	0.01477	0.01328	0.07401	0.14928	0.22428	0.06359	0.02309	0.01840	0.00862	0.00698	0.00225	0.00674	0.00705	0.00650	0.03766
3	0.02075	0.01487	0.01773	0.01530	0.06584	0.01465	0.01137	0.26553	0.02340	0.09815	0.10923	0.02386	0.02068	0.03276	0.03038	0.00237	0.00690	0.00709	0.00631	0.21281
4	0.01816	0.01658	0.02801	0.09553	0.55524	0.01678	0.04436	0.04174	0.01723	0.04815	0.03802	0.01965	0.01359	0.00698	0.00731	0.00220	0.00856	0.00681	0.00403	0.01107
5	0.02028	0.01443	0.01630	0.04588	0.01900	0.01548	0.01116	0.30397	0.09213	0.08460	0.03052	0.07454	0.12314	0.03349	0.03313	0.00281	0.00700	0.03136	0.03085	0.00994
6	0.01038	0.00779	0.01168	0.01168	0.01298	0.00909	0.00909	0.01298	0.01168	0.01687	0.01947	0.02856	0.01817	0.05452	0.71573	0.01168	0.01947	0.00779	0.00389	0.00649
7	0.02456	0.01943	0.02048	0.01716	0.04359	0.04672	0.01344	0.44734	0.21997	0.03964	0.02058	0.02008	0.01504	0.00893	0.00728	0.00225	0.00756	0.00695	0.00706	0.01194
8	0.01799	0.01727	0.02950	0.04462	0.69919	0.01727	0.02231	0.02231	0.01655	0.02375	0.01367	0.01799	0.01151	0.00648	0.00720	0.00216	0.00864	0.00648	0.00360	0.01151
9	0.02724	0.06302	0.01944	0.01421	0.01957	0.01647	0.01175	0.22678	0.12960	0.33299	0.04588	0.02303	0.01804	0.00906	0.00718	0.00222	0.00668	0.00719	0.00781	0.01185
10	0.01558	0.08492	0.63599	0.01987	0.03012	0.01746	0.02528	0.02339	0.01551	0.04782	0.01342	0.01544	0.00954	0.00694	0.00677	0.00225	0.01037	0.00534	0.00329	0.01071
11	0.01023	0.00743	0.00963	0.00908	0.01082	0.00683	0.00681	0.01360	0.02044	0.02882	0.67360	0.05485	0.09055	0.01498	0.00857	0.00229	0.00344	0.01322	0.00796	0.00683
12	0.02859	0.01624	0.01902	0.01487	0.02035	0.01672	0.01226	0.33974	0.06885	0.32399	0.02373	0.02343	0.01641	0.00931	0.00739	0.00227	0.00704	0.02966	0.00799	0.01211
13	0.01063	0.00982	0.06158	0.05580	0.01501	0.00822	0.00930	0.03894	0.01587	0.02158	0.14273	0.47740	0.04406	0.04169	0.00966	0.00286	0.00515	0.01652	0.00641	0.00677
14	0.01590	0.01590	0.02226	0.01908	0.01908	0.02226	0.01590	0.01749	0.01113	0.01749	0.00954	0.01590	0.00954	0.01272	0.02385	0.00318	0.73123	0.00636	0.00318	0.00795
15	0.02638	0.10648	0.02236	0.01809	0.02209	0.64630	0.01388	0.02830	0.02001	0.01772	0.01112	0.01296	0.00936	0.00736	0.00636	0.00184	0.01257	0.00460	0.00368	0.00852
16	0.01782	0.01710	0.02920	0.07162	0.67351	0.01723	0.02222	0.02216	0.01647	0.02354	0.01364	0.01805	0.01144	0.00651	0.00720	0.00217	0.00868	0.00648	0.00358	0.01138
17	0.01414	0.01334	0.02255	0.66108	0.11283	0.01626	0.02039	0.01893	0.01473	0.01907	0.01299	0.01925	0.00987	0.00719	0.00726	0.00240	0.00959	0.00646	0.00327	0.00841
18	0.01916	0.09134	0.01905	0.01496	0.01925	0.09141	0.01186	0.03594	0.54959	0.02776	0.02573	0.02411	0.01957	0.00925	0.00703	0.00231	0.00672	0.00742	0.00659	0.01097
19	0.01943	0.74891	0.03809	0.01244	0.01866	0.02876	0.01244	0.02177	0.01477	0.01710	0.01011	0.01166	0.00933	0.00622	0.00466	0.00155	0.00777	0.00389	0.00311	0.00933
20	0.01355	0.00678	0.00678	0.00678	0.00847	0.00678	0.00508	0.01694	0.01524	0.02710	0.02371	0.02710	0.01863	0.00847	0.00508	0.00169	0.00339	0.00678	0.78489	0.00678
21	0.01263	0.00631	0.00947	0.00947	0.00947	0.00631	0.00631	0.00947	0.00947	0.01263	0.01263	0.02210	0.01263	0.02525	0.02841	0.78851	0.00631	0.00631	0.00316	0.00316
22	0.00895	0.00738	0.00786	0.00774	0.01004	0.00629	0.00581	0.01113	0.01742	0.02165	0.20540	0.06664	0.56323	0.01766	0.00859	0.00242	0.00363	0.01488	0.00702	0.00629
23	0.00859	0.00736	0.00736	0.00736	0.00982	0.00614	0.00552	0.01043	0.01657	0.01964	0.07364	0.06996	0.69624	0.01841	0.00859	0.00245	0.00368	0.01534	0.00675	0.00614
24	0.00859	0.00736	0.00736	0.00736	0.00982	0.00614	0.00552	0.01043	0.01657	0.01964	0.07364	0.06996	0.69624	0.01841	0.00859	0.00245	0.00368	0.01534	0.00675	0.00614
25	0.01799	0.01727	0.02950	0.04462	0.69919	0.01727	0.02231	0.02231	0.01655	0.02375	0.01367	0.01799	0.01151	0.00648	0.00720	0.00216	0.00864	0.00648	0.00360	0.01151
26	0.06749	0.36508	0.14166	0.01650	0.04099	0.15868	0.04158	0.02406	0.01628	0.05085	0.01194	0.01365	0.00975	0.00674	0.00574	0.00187	0.00931	0.00471	0.00362	0.00951
27	0.01756	0.01683	0.02872	0.11399	0.63321	0.01716	0.02209	0.02193	0.01635	0.02322	0.01360	0.01813	0.01133	0.00656	0.00720	0.00219	0.00874	0.00647	0.00356	0.01116
28	0.01022	0.00743	0.00962	0.00907	0.01082	0.00683	0.00681	0.01359	0.02042	0.02877	0.67036	0.05493	0.09382	0.01500	0.00857	0.00229	0.00344	0.01323	0.00795	0.00683
29	0.01040	0.00772	0.01131	0.01131	0.01248	0.00889	0.00862	0.01274	0.01157	0.01660	0.01981	0.03043	0.01899	0.12254	0.64882	0.01123	0.01825	0.00806	0.00394	0.00628
30	0.01943	0.74891	0.03809	0.01244	0.01866	0.02876	0.01244	0.02177	0.01477	0.01710	0.01011	0.01166	0.00933	0.00622	0.00466	0.00155	0.00777	0.00389	0.00311	0.00933
31	0.01014	0.00736	0.00956	0.00914	0.01080	0.00677	0.00681	0.01338	0.02002	0.02816	0.63295	0.09760	0.08904	0.01548	0.00862	0.00233	0.00349	0.01369	0.00788	0.00677
32	0.01808	0.01561	0.01644	0.01479	0.01890	0.01808	0.01151	0.03863	0.68606	0.03041	0.02959	0.02712	0.02219	0.00986	0.00740	0.00247	0.00575	0.00822	0.00740	0.01151
33	0.02595	0.01937	0.02091	0.01593	0.02183	0.02082	0.01312	0.58720	0.03162	0.04285	0.01685	0.01713	0.01215	0.00828	0.00702	0.00203	0.00765	0.00625	0.00688	0.11615
34	0.01038	0.00779	0.01168	0.01168	0.01298	0.00909	0.00909	0.01298	0.01168	0.01687	0.01947	0.02856	0.01817	0.05452	0.71573	0.01168	0.01947	0.00779	0.00389	0.00649
35	0.01029	0.00743	0.00972	0.00914	0.01086	0.00686	0.00686	0.01372	0.02058	0.02915	0.69536	0.05430	0.06859	0.01486	0.00857	0.00229	0.00343	0.01315	0.00800	0.00686
36	0.01458	0.03760	0.70688	0.02072	0.03146	0.01688	0.02686	0.02302	0.01535	0.02302	0.01304	0.01535	0.00921	0.00691	0.00691	0.00230	0.01074	0.00537	0.00307	0.01074
37	0.01405	0.03390	0.62130	0.01930	0.02893	0.01565	0.02440	0.02188	0.01599	0.02377	0.09680	0.02013	0.01650	0.00788	0.00711	0.00230	0.00985	0.00633	0.00367	0.01027
38	0.01590	0.01590	0.02226	0.01908	0.01908	0.02226	0.01590	0.01749	0.01113	0.01749	0.00954	0.01590	0.00954	0.01272	0.02385	0.00318	0.73123	0.00636	0.00318	0.00795
39	0.01507	0.01292	0.01507	0.01077	0.01723	0.00969	0.00861	0.01830	0.01507	0.02369	0.01292	0.01507	0.01077	0.00538	0.00538	0.00108	0.00538	0.00431	0.00431	0.78898
40	0.79588	0.01406	0.01068	0.00956	0.01406	0.01631	0.00787	0.02137	0.01237	0.03261	0.01012	0.01181	0.00787	0.00675	0.00450	0.00225	0.00562	0.00394	0.00450	0.00787
41	0.79588	0.01406	0.01068	0.00956	0.01406	0.01631	0.00787	0.02137	0.01237	0.03261	0.01012	0.01181	0.00787	0.00675	0.00450	0.00225	0.00562	0.00394	0.00450	0.00787
42	0.01943	0.74891	0.03809	0.01244	0.01866	0.02876	0.01244	0.02177	0.01477	0.01710	0.01011	0.01166	0.00933	0.00622	0.00466	0.00155	0.00777	0.00389	0.00311	0.00933
43	0.03261	0.01237	0.01687	0.01293	0.01856	0.01068	0.01068	0.03543	0.02081	0.70423	0.02868	0.02474	0.01799	0.00900	0.00731	0.00225	0.00619	0.00731	0.00900	0.01237
44	0.00859	0.00736	0.00736	0.00736	0.00982	0.00614	0.00552	0.01043	0.01657	0.01964	0.07364	0.06996	0.69624	0.01841	0.00859	0.00245	0.00368	0.01534	0.00675	0.00614
45	0.00886	0.00633	0.00843	0.01012	0.01054	0.00590	0.00675	0.01012	0.01392	0.01856	0.04006	0.73979	0.04808	0.02277	0.00928	0.00295	0.00422	0.02066	0.00675	0.00590
46	0.07178	0.26161	0.02336	0.01263	0.01808	0.01783	0.01106	0.02953	0.09328	0.33073	0.04579	0.02089	0.01678	0.00823	0.00630	0.00204	0.00654	0.00627	0.00652	0.01077
47	0.01590	0.01590	0.02226	0.01908	0.01908	0.02226	0.01590	0.01749	0.01113	0.01749	0.00954	0.01590	0.00954	0.01272	0.02385	0.00318	0.73123	0.00636	0.00318	0.00795
48	0.03261	0.01237	0.01687	0.01293	0.01856	0.01068	0.01068	0.03543	0.02081	0.70423	0.02868	0.02474	0.01799	0.00900	0.00731	0.00225	0.00619	0.00731	0.00900	0.01237
49	0.79588	0.01406	0.01068	0.00956	0.01406	0.01631	0.00787	0.02137	0.01237	0.03261	0.01012	0.01181	0.00787	0.00675	0.00450	0.00225	0.00562	0.00394	0.00450	0.00787
50	0.06613	0.67939	0.06009	0.01256	0.01883	0.02759	0.01267	0.02179	0.01465	0.01825	0.01021	0.01180	0.00924	0.00628	0.00473	0.00162	0.00775	0.00394	0.00319	0.00929
51	0.01943	0.74891	0.03809	0.01244	0.01866	0.02876	0.01244	0.02177	0.01477	0.01710	0.01011	0.01166	0.00933	0.00622	0.00466	0.00155	0.00777	0.00389	0.00311	0.00933
52	0.02793	0.01988	0.02152	0.01650	0.02230	0.02183	0.01363	0.63635	0.03337	0.08556	0.01813	0.01789	0.01270	0.00874	0.00727	0.00219	0.00789	0.00659	0.00738	0.01236
53	0.01808	0.01561	0.01644	0.01479	0.01890	0.01808	0.01151	0.03863	0.68606	0.03041	0.02959	0.02712	0.02219	0.00986	0.00740	0.00247	0.00575	0.00822	0.00740	0.01151
54	0.01523	0.18552	0.52239	0.01814	0.02741	0.01871	0.02249	0.02197	0.01530	0.02156	0.01621	0.01798	0.05209	0.00748	0.00654	0.00215	0.00968	0.00568	0.00331	0.01016
55	0.79588	0.01406	0.01068	0.00956	0.01406	0.01631	0.00787	0.02137	0.01237	0.03261	0.01012	0.01181	0.00787	0.00675	0.00450	0.00225	0.00562	0.00394	0.00450	0.00787
56	0.01057	0.00705	0.00793	0.00793	0.00793	0.00705	0.00440	0.01057	0.01057	0.01409	0.02290	0.04757	0.02643	0.74454	0.03700	0.00705	0.00705	0.01057	0.00440	0.00440
57	0.01047	0.00746	0.01001	0.01001	0.01073	0.00818	0.00700	0.01191	0.01119	0.01564	0.02100	0.03703	0.02185	0.36191	0.41337	0.00962	0.01394	0.00903	0.00412	0.00556
58	0.79588	0.01406	0.01068	0.00956	0.01406	0.01631	0.00787	0.02137	0.01237	0.03261	0.01012	0.01181	0.00787	0.00675	0.00450	0.00225	0.00562	0.00394	0.00450	0.00787
59	0.01507	0.01292	0.01507	0.01077	0.01723	0.00969	0.00861	0.01830	0.01507	0.02369	0.01292	0.01507	0.01077	0.00538	0.00538	0.00108	0.00538	0.00431	0.00431	0.78898
60	0.01716	0.01961	0.04289	0.03064	0.03799	0.01838	0.67279	0.02328	0.01716	0.02328	0.01471	0.01961	0.01103	0.00613	0.00858	0.00245	0.01225	0.00858	0.00368	0.00980
61	0.01590	0.01590	0.02226	0.01908	0.01908	0.02226	0.01590	0.01749	0.01113	0.01749	0.00954	0.01590	0.00954	0.01272	0.02385	0.00318	0.73123	0.00636	0.00318	0.00795
62	0.06735	0.01245	0.01659	0.01278	0.01835	0.01094	0.01056	0.03479	0.02042	0.67367	0.02783	0.02415	0.01753	0.00889	0.00718	0.00225	0.00616	0.00716	0.00879	0.01217
63	0.01925	0.01620	0.01710	0.01503	0.01935	0.01863	0.01179	0.11673	0.60604	0.03230	0.02810	0.02593	0.02098	0.00972	0.00738	0.00243	0.00603	0.00801	0.00738	0.01161
64	0.01313	0.01211	0.02016	0.63906	0.04521	0.01489	0.01854	0.01754	0.01446	0.01857	0.01625	0.10781	0.01440	0.00917	0.00751	0.00249	0.00902	0.00820	0.00366	0.00781
65	0.01029	0.00743	0.00972	0.00914	0.01086	0.00686	0.00686	0.01372	0.02058	0.02915	0.69536	0.05430	0.06859	0.01486	0.00857	0.00229	0.00343	0.01315	0.00800	0.00686
66	0.01056	0.00709	0.00816	0.00816	0.00824	0.00717	0.00470	0.01072	0.01064	0.01427	0.02269	0.04638	0.02591	0.70150	0.07934	0.00734	0.00782	0.01040	0.00437	0.00453
67	0.01881	0.65680	0.12470	0.01351	0.02031	0.02722	0.01431	0.02193	0.01484	0.01787	0.01049	0.01214	0.00931	0.00631	0.00495	0.00165	0.00816	0.00408	0.00310	0.00951
68	0.01157	0.00832	0.01152	0.01311	0.01482	0.00827	0.01143	0.01485	0.01673	0.02166	0.04009	0.08145	0.07161	0.02000	0.00997	0.00331	0.00656	0.62138	0.00670	0.00667
69	0.00880	0.00737	0.00765	0.00758	0.00995	0.00623	0.00569	0.01084	0.01706	0.02080	0.14995	0.06803	0.61920	0.01797	0.00859	0.00243	0.00365	0.01507	0.00690	0.00623
70	0.01726	0.35351	0.34209	0.01685	0.02467	0.04662	0.01930	0.02232	0.01501	0.01985	0.01145	0.01366	0.00929	0.00698	0.00695	0.00201	0.05444	0.00475	0.00312	0.00986
71	0.01884	0.66160	0.12018	0.01345	0.02023	0.02730	0.01421	0.02192	0.01484	0.01783	0.01047	0.01211	0.00931	0.00630	0.00494	0.00165	0.00814	0.00407	0.00310	0.00950
72	0.01057	0.00705	0.00793	0.00793	0.00793	0.00705	0.00440	0.01057	0.01057	0.01409	0.02290	0.04757	0.02643	0.74454	0.03700	0.00705	0.00705	0.01057	0.00440	0.00440
73	0.01094	0.00761	0.01082	0.01082	0.01219	0.00868	0.00839	0.01367	0.01231	0.01866	0.02021	0.02830	0.01825	0.04646	0.59137	0.00993	0.01666	0.00761	0.14057	0.00654
74	0.00871	0.00737	0.00753	0.00749	0.00989	0.00619	0.00562	0.01067	0.01686	0.02032	0.11840	0.06883	0.65106	0.01815	0.00859	0.00244	0.00366	0.01518	0.00684	0.00619
75	0.79588	0.01406	0.01068	0.00956	0.01406	0.01631	0.00787	0.02137	0.01237	0.03261	0.01012	0.01181	0.00787	0.00675	0.00450	0.00225	0.00562	0.00394	0.00450	0.00787
76	0.01857	0.54004	0.18272	0.01518	0.02234	0.05050	0.04175	0.02236	0.01520	0.01866	0.01097	0.01283	0.00937	0.00641	0.00537	0.00176	0.00879	0.00442	0.00315	0.00962
77	0.00886	0.00633	0.00843	0.01012	0.01054	0.00590	0.00675	0.01012	0.01392	0.01856	0.04006	0.73979	0.04808	0.02277	0.00928	0.00295	0.00422	0.02066	0.00675	0.00590
78	0.01480	0.02745	0.40369	0.09758	0.11976	0.01653	0.07214	0.02123	0.01529	0.02205	0.01618	0.04363	0.03623	0.00816	0.00830	0.00239	0.05433	0.00683	0.00347	0.00999

[dist]
# distance from previous block
# <min> <max>
0	7

# created by:
# /st0/software/busco_prod/Augustus/scripts/msa2prfl.pl ./align_prep/171491.fa
