[name]
unknown

[dist]
# distance from previous block
# <min> <max>
25	57

[block]
# block no. 0 follows, 30 sequences, length 162
# corresponding to MSA columns:
# 69-230
name=unknown_A
#
# <colnr> <probs for GDERKNQSTAVLIFYWHMCP>
#	G	D	E	R	K	N	Q	S	T	A	V	L	I	F	Y	W	H	M	C	P
0	0.02591	0.01585	0.01828	0.06534	0.04634	0.06786	0.01224	0.22062	0.04790	0.32231	0.04788	0.02122	0.01616	0.00840	0.00694	0.00210	0.00712	0.00670	0.00698	0.03385
1	0.02007	0.01937	0.02305	0.08038	0.27556	0.15639	0.04009	0.11827	0.04116	0.04465	0.01399	0.01656	0.01104	0.00681	0.00665	0.00194	0.00872	0.00578	0.00431	0.10520
2	0.01918	0.01562	0.02145	0.07598	0.21813	0.06121	0.05902	0.11509	0.07997	0.10826	0.01899	0.07440	0.01573	0.01240	0.07008	0.00299	0.00885	0.00762	0.00514	0.00990
3	0.02183	0.01324	0.01580	0.01223	0.01742	0.01229	0.00989	0.14157	0.08637	0.24995	0.08500	0.02251	0.01912	0.00812	0.00655	0.00182	0.00571	0.00660	0.00670	0.25728
4	0.01248	0.00948	0.01123	0.01019	0.01275	0.00865	0.00731	0.08566	0.01519	0.02127	0.02557	0.32873	0.02830	0.15160	0.01256	0.00297	0.00527	0.01206	0.00544	0.23329
5	0.01735	0.01488	0.01875	0.25424	0.05621	0.01736	0.01454	0.12757	0.34594	0.02740	0.02077	0.02185	0.01552	0.00835	0.00703	0.00230	0.00720	0.00703	0.00562	0.01008
6	0.00925	0.00704	0.00811	0.00788	0.00954	0.00633	0.00566	0.01136	0.01655	0.02179	0.32982	0.05722	0.32333	0.14069	0.01284	0.00303	0.00398	0.01307	0.00660	0.00590
7	0.00930	0.00680	0.00858	0.00875	0.01002	0.00625	0.00623	0.01159	0.01680	0.02297	0.39123	0.25216	0.13722	0.06752	0.01029	0.00271	0.00378	0.01477	0.00695	0.00608
8	0.03006	0.01435	0.01737	0.01342	0.01879	0.03899	0.01104	0.17779	0.02279	0.54247	0.02454	0.02180	0.01578	0.00853	0.00698	0.00213	0.00656	0.00676	0.00809	0.01174
9	0.01124	0.00803	0.01124	0.01285	0.01446	0.00803	0.01124	0.01446	0.01606	0.02088	0.03695	0.07871	0.04016	0.01928	0.00964	0.00321	0.00643	0.66426	0.00643	0.00643
10	0.03131	0.01188	0.01619	0.01242	0.01781	0.01026	0.01026	0.03401	0.01997	0.71606	0.02753	0.02375	0.01727	0.00864	0.00702	0.00216	0.00594	0.00702	0.00864	0.01188
11	0.01585	0.01322	0.01521	0.01099	0.01712	0.01071	0.00884	0.09405	0.01656	0.02516	0.01290	0.01473	0.01051	0.00553	0.00537	0.00115	0.00545	0.00438	0.00446	0.70780
12	0.01710	0.01786	0.05123	0.05767	0.37931	0.01713	0.26114	0.04649	0.03889	0.02344	0.01408	0.01807	0.01113	0.00632	0.00739	0.00220	0.00952	0.00697	0.00370	0.01036
13	0.01759	0.01731	0.02845	0.04138	0.66016	0.04431	0.04491	0.02170	0.01606	0.02256	0.01307	0.01714	0.01096	0.00624	0.00693	0.00207	0.00858	0.00622	0.00346	0.01088
14	0.01727	0.01658	0.02832	0.04283	0.71123	0.01658	0.02142	0.02142	0.01589	0.02280	0.01313	0.01727	0.01105	0.00622	0.00691	0.00207	0.00829	0.00622	0.00345	0.01105
15	0.00988	0.00713	0.00933	0.00878	0.01043	0.00658	0.00658	0.01317	0.01975	0.02798	0.70754	0.05213	0.06584	0.01427	0.00823	0.00219	0.00329	0.01262	0.00768	0.00658
16	0.02607	0.03326	0.01978	0.01798	0.02157	0.72674	0.01348	0.02787	0.01978	0.01708	0.01079	0.01258	0.00899	0.00719	0.00629	0.00180	0.01258	0.00449	0.00360	0.00809
17	0.01710	0.01640	0.02801	0.07252	0.68290	0.01653	0.02133	0.02126	0.01581	0.02259	0.01310	0.01733	0.01098	0.00625	0.00691	0.00208	0.00833	0.00622	0.00344	0.01091
18	0.00976	0.00725	0.01018	0.01030	0.01139	0.00802	0.00768	0.01176	0.01157	0.01614	0.02440	0.08585	0.07115	0.14527	0.52572	0.00933	0.01485	0.00928	0.00421	0.00589
19	0.01921	0.70465	0.03531	0.01239	0.01818	0.07992	0.01206	0.02142	0.01460	0.01647	0.00978	0.01130	0.00896	0.00606	0.00461	0.00152	0.00785	0.00379	0.00303	0.00889
20	0.10701	0.26768	0.12913	0.01539	0.07419	0.01833	0.01370	0.04205	0.01600	0.18138	0.01487	0.01548	0.01103	0.00677	0.00567	0.00186	0.00723	0.00500	0.00465	0.06256
21	0.25697	0.04264	0.03824	0.02058	0.18333	0.21436	0.01360	0.05065	0.01672	0.08415	0.01272	0.01447	0.00988	0.00687	0.00589	0.00202	0.00842	0.00497	0.00431	0.00920
22	0.01212	0.00606	0.00909	0.00909	0.00909	0.00606	0.00606	0.00909	0.00909	0.01212	0.01212	0.02121	0.01212	0.02424	0.02727	0.79697	0.00606	0.00606	0.00303	0.00303
23	0.01703	0.02002	0.13892	0.03676	0.50678	0.01683	0.08999	0.04781	0.01643	0.02347	0.01327	0.01701	0.01069	0.00633	0.00700	0.00212	0.00894	0.00626	0.00352	0.01080
24	0.01727	0.01658	0.02832	0.04283	0.71123	0.01658	0.02142	0.02142	0.01589	0.02280	0.01313	0.01727	0.01105	0.00622	0.00691	0.00207	0.00829	0.00622	0.00345	0.01105
25	0.01612	0.05111	0.19497	0.02885	0.15061	0.01752	0.39303	0.02208	0.01588	0.02214	0.01341	0.01732	0.01020	0.00612	0.00749	0.00224	0.01066	0.00700	0.00336	0.00988
26	0.01212	0.00606	0.00909	0.00909	0.00909	0.00606	0.00606	0.00909	0.00909	0.01212	0.01212	0.02121	0.01212	0.02424	0.02727	0.79697	0.00606	0.00606	0.00303	0.00303
27	0.01008	0.00704	0.00900	0.00900	0.00948	0.00752	0.00596	0.01104	0.01056	0.01456	0.02072	0.03864	0.02232	0.48436	0.30175	0.00848	0.01136	0.00912	0.00404	0.00500
28	0.80405	0.01350	0.01026	0.00918	0.01350	0.01565	0.00756	0.02051	0.01188	0.03131	0.00972	0.01134	0.00756	0.00648	0.00432	0.00216	0.00540	0.00378	0.00432	0.00756
29	0.03066	0.01190	0.01613	0.01234	0.01776	0.01022	0.01018	0.03337	0.01976	0.68918	0.02694	0.02339	0.01700	0.00850	0.00695	0.00212	0.00591	0.00691	0.00846	0.04233
30	0.80405	0.01350	0.01026	0.00918	0.01350	0.01565	0.00756	0.02051	0.01188	0.03131	0.00972	0.01134	0.00756	0.00648	0.00432	0.00216	0.00540	0.00378	0.00432	0.00756
31	0.00836	0.00661	0.00754	0.00829	0.00975	0.00579	0.00584	0.00988	0.01473	0.01837	0.05583	0.38215	0.40299	0.01961	0.00855	0.00258	0.00377	0.01708	0.00648	0.00579
32	0.01015	0.00677	0.00761	0.00761	0.00761	0.00677	0.00423	0.01015	0.01015	0.01353	0.02199	0.04567	0.02537	0.75476	0.03552	0.00677	0.00677	0.01015	0.00423	0.00423
33	0.01011	0.00723	0.00994	0.00989	0.01085	0.00794	0.00721	0.01203	0.01182	0.01688	0.08224	0.03446	0.02396	0.23393	0.45514	0.00891	0.01363	0.00862	0.02950	0.00574
34	0.01400	0.03610	0.71860	0.01989	0.03020	0.01621	0.02578	0.02210	0.01473	0.02210	0.01252	0.01473	0.00884	0.00663	0.00663	0.00221	0.01031	0.00516	0.00295	0.01031
35	0.72703	0.01409	0.01131	0.00986	0.01430	0.01625	0.00812	0.08662	0.01395	0.03256	0.01041	0.01187	0.00798	0.00667	0.00458	0.00215	0.00562	0.00403	0.00458	0.00798
36	0.06806	0.01823	0.01966	0.01523	0.02066	0.01994	0.01255	0.55693	0.05692	0.11415	0.01799	0.01758	0.01259	0.00835	0.00685	0.00212	0.00729	0.00629	0.00702	0.01161
37	0.01400	0.03610	0.71860	0.01989	0.03020	0.01621	0.02578	0.02210	0.01473	0.02210	0.01252	0.01473	0.00884	0.00663	0.00663	0.00221	0.01031	0.00516	0.00295	0.01031
38	0.01542	0.12442	0.40714	0.02199	0.03067	0.01816	0.24105	0.02203	0.01523	0.02144	0.01268	0.01562	0.00943	0.00630	0.00688	0.00216	0.01042	0.00598	0.00314	0.00984
39	0.00961	0.00707	0.00901	0.00878	0.01042	0.00647	0.00658	0.01255	0.01864	0.02579	0.55191	0.11063	0.14329	0.01547	0.00833	0.00230	0.00349	0.03584	0.00739	0.00642
40	0.01659	0.06282	0.53270	0.02011	0.05465	0.15143	0.02274	0.02312	0.01571	0.02095	0.01211	0.01429	0.00896	0.00669	0.00649	0.00210	0.01055	0.00502	0.00309	0.00987
41	0.00993	0.00715	0.00933	0.00887	0.01046	0.00664	0.00665	0.01311	0.01931	0.02726	0.66272	0.05275	0.06364	0.03986	0.00921	0.00238	0.00351	0.03321	0.00752	0.00650
42	0.01866	0.75896	0.03657	0.01194	0.01791	0.02761	0.01194	0.02090	0.01418	0.01642	0.00970	0.01119	0.00896	0.00597	0.00448	0.00149	0.00746	0.00373	0.00299	0.00896
43	0.00988	0.00713	0.00933	0.00878	0.01043	0.00658	0.00658	0.01317	0.01975	0.02798	0.70754	0.05213	0.06584	0.01427	0.00823	0.00219	0.00329	0.01262	0.00768	0.00658
44	0.01015	0.00677	0.00761	0.00761	0.00761	0.00677	0.00423	0.01015	0.01015	0.01353	0.02199	0.04567	0.02537	0.75476	0.03552	0.00677	0.00677	0.01015	0.00423	0.00423
45	0.01727	0.01658	0.02832	0.04283	0.71123	0.01658	0.02142	0.02142	0.01589	0.02280	0.01313	0.01727	0.01105	0.00622	0.00691	0.00207	0.00829	0.00622	0.00345	0.01105
46	0.01779	0.01851	0.05308	0.04019	0.63622	0.06802	0.02100	0.02191	0.01613	0.02236	0.01293	0.01684	0.01082	0.00630	0.00685	0.00206	0.00868	0.00605	0.00345	0.01081
47	0.00850	0.00607	0.00810	0.00972	0.01012	0.00567	0.00648	0.00972	0.01336	0.01781	0.03846	0.75020	0.04615	0.02186	0.00891	0.00283	0.00405	0.01984	0.00648	0.00567
48	0.01400	0.03610	0.71860	0.01989	0.03020	0.01621	0.02578	0.02210	0.01473	0.02210	0.01252	0.01473	0.00884	0.00663	0.00663	0.00221	0.01031	0.00516	0.00295	0.01031
49	0.01722	0.01668	0.02879	0.04097	0.64217	0.01668	0.06658	0.02200	0.03844	0.02298	0.01370	0.01767	0.01136	0.00630	0.00701	0.00210	0.00844	0.00641	0.00358	0.01094
50	0.01401	0.01348	0.02351	0.58560	0.14129	0.01582	0.07021	0.01868	0.01442	0.01888	0.01264	0.01843	0.00965	0.00679	0.00706	0.00229	0.00935	0.00636	0.00318	0.00835
51	0.01727	0.01658	0.02832	0.04283	0.71123	0.01658	0.02142	0.02142	0.01589	0.02280	0.01313	0.01727	0.01105	0.00622	0.00691	0.00207	0.00829	0.00622	0.00345	0.01105
52	0.00982	0.00713	0.00924	0.00872	0.01039	0.00656	0.00654	0.01305	0.01961	0.02765	0.68397	0.05268	0.08963	0.01439	0.00823	0.00220	0.00330	0.01270	0.00764	0.00656
53	0.00850	0.00607	0.00810	0.00972	0.01012	0.00567	0.00648	0.00972	0.01336	0.01781	0.03846	0.75020	0.04615	0.02186	0.00891	0.00283	0.00405	0.01984	0.00648	0.00567
54	0.02653	0.01955	0.02094	0.01606	0.02164	0.02164	0.01326	0.68796	0.03281	0.04398	0.01675	0.01675	0.01187	0.00838	0.00698	0.00209	0.00768	0.00628	0.00698	0.01187
55	0.02364	0.02829	0.01951	0.01885	0.06726	0.52951	0.01350	0.02937	0.16253	0.02002	0.01466	0.01573	0.01172	0.00761	0.00650	0.00194	0.01081	0.00533	0.00432	0.00891
56	0.00988	0.00713	0.00933	0.00878	0.01043	0.00658	0.00658	0.01317	0.01975	0.02798	0.70754	0.05213	0.06584	0.01427	0.00823	0.00219	0.00329	0.01262	0.00768	0.00658
57	0.01400	0.03610	0.71860	0.01989	0.03020	0.01621	0.02578	0.02210	0.01473	0.02210	0.01252	0.01473	0.00884	0.00663	0.00663	0.00221	0.01031	0.00516	0.00295	0.01031
58	0.01727	0.01658	0.02832	0.04283	0.71123	0.01658	0.02142	0.02142	0.01589	0.02280	0.01313	0.01727	0.01105	0.00622	0.00691	0.00207	0.00829	0.00622	0.00345	0.01105
59	0.03021	0.01364	0.01728	0.01325	0.01869	0.01287	0.01095	0.18406	0.02292	0.56184	0.02506	0.02215	0.01603	0.00858	0.00701	0.00214	0.00634	0.00685	0.00826	0.01187
60	0.80405	0.01350	0.01026	0.00918	0.01350	0.01565	0.00756	0.02051	0.01188	0.03131	0.00972	0.01134	0.00756	0.00648	0.00432	0.00216	0.00540	0.00378	0.00432	0.00756
61	0.00849	0.00614	0.00803	0.00954	0.01008	0.00568	0.00640	0.00974	0.01353	0.01788	0.04061	0.70460	0.09037	0.02158	0.00886	0.00280	0.00401	0.01950	0.00648	0.00568
62	0.00850	0.00607	0.00810	0.00972	0.01012	0.00567	0.00648	0.00972	0.01336	0.01781	0.03846	0.75020	0.04615	0.02186	0.00891	0.00283	0.00405	0.01984	0.00648	0.00567
63	0.02586	0.01921	0.02056	0.01592	0.02138	0.02133	0.01310	0.64035	0.08151	0.04290	0.01761	0.01743	0.01256	0.00846	0.00699	0.00211	0.00752	0.00640	0.00699	0.01181
64	0.01712	0.01643	0.02805	0.06857	0.68668	0.01654	0.02134	0.02128	0.01582	0.02261	0.01310	0.01732	0.01099	0.00625	0.00691	0.00208	0.00833	0.00622	0.00344	0.01093
65	0.03131	0.01188	0.01619	0.01242	0.01781	0.01026	0.01026	0.03401	0.01997	0.71606	0.02753	0.02375	0.01727	0.00864	0.00702	0.00216	0.00594	0.00702	0.00864	0.01188
66	0.01400	0.03610	0.71860	0.01989	0.03020	0.01621	0.02578	0.02210	0.01473	0.02210	0.01252	0.01473	0.00884	0.00663	0.00663	0.00221	0.01031	0.00516	0.00295	0.01031
67	0.06323	0.10635	0.52724	0.02102	0.10518	0.01738	0.02276	0.02180	0.01463	0.02216	0.01213	0.01445	0.00902	0.00651	0.00630	0.00212	0.00949	0.00505	0.00309	0.01009
68	0.00865	0.00613	0.00805	0.00953	0.00990	0.00576	0.00628	0.00975	0.01308	0.01744	0.03703	0.68885	0.04434	0.08569	0.01122	0.00318	0.00429	0.01899	0.00628	0.00554
69	0.80405	0.01350	0.01026	0.00918	0.01350	0.01565	0.00756	0.02051	0.01188	0.03131	0.00972	0.01134	0.00756	0.00648	0.00432	0.00216	0.00540	0.00378	0.00432	0.00756
70	0.00954	0.00669	0.00810	0.00839	0.00902	0.00638	0.00542	0.01071	0.01352	0.01825	0.18495	0.23277	0.08096	0.35058	0.02072	0.00443	0.00507	0.01352	0.00574	0.00524
71	0.01736	0.01499	0.01578	0.01420	0.01815	0.01736	0.01105	0.03708	0.69862	0.02919	0.02840	0.02604	0.02130	0.00947	0.00710	0.00237	0.00552	0.00789	0.00710	0.01105
72	0.00850	0.00607	0.00810	0.00972	0.01012	0.00567	0.00648	0.00972	0.01336	0.01781	0.03846	0.75020	0.04615	0.02186	0.00891	0.00283	0.00405	0.01984	0.00648	0.00567
73	0.02619	0.01938	0.02075	0.01599	0.02151	0.02148	0.01318	0.66417	0.05715	0.04344	0.01718	0.01709	0.01221	0.00842	0.00699	0.00210	0.00760	0.00634	0.00699	0.01184
74	0.02653	0.01955	0.02094	0.01606	0.02164	0.02164	0.01326	0.68796	0.03281	0.04398	0.01675	0.01675	0.01187	0.00838	0.00698	0.00209	0.00768	0.00628	0.00698	0.01187
75	0.00829	0.00692	0.00722	0.00747	0.00953	0.00586	0.00548	0.00997	0.01552	0.01870	0.06587	0.16943	0.60923	0.01830	0.00835	0.00243	0.00361	0.01549	0.00648	0.00586
76	0.01400	0.03610	0.71860	0.01989	0.03020	0.01621	0.02578	0.02210	0.01473	0.02210	0.01252	0.01473	0.00884	0.00663	0.00663	0.00221	0.01031	0.00516	0.00295	0.01031
77	0.01716	0.01646	0.02812	0.06240	0.69256	0.01655	0.02136	0.02132	0.01583	0.02266	0.01311	0.01731	0.01100	0.00624	0.00691	0.00208	0.00832	0.00622	0.00344	0.01096
78	0.00856	0.00610	0.00808	0.00965	0.01004	0.00570	0.00640	0.00973	0.01326	0.01767	0.03792	0.72723	0.04548	0.04576	0.00977	0.00296	0.00414	0.01952	0.00640	0.00562
79	0.73328	0.01377	0.01188	0.01220	0.07626	0.01574	0.00880	0.02059	0.01224	0.03054	0.01002	0.01187	0.00787	0.00645	0.00455	0.00215	0.00566	0.00400	0.00424	0.00787
80	0.00929	0.00673	0.00877	0.00906	0.01027	0.00621	0.00649	0.01174	0.01719	0.02379	0.43007	0.31569	0.08408	0.01726	0.00849	0.00244	0.00359	0.01542	0.00718	0.00621
81	0.00982	0.00663	0.00771	0.00803	0.00811	0.00655	0.00468	0.01006	0.01079	0.01439	0.02529	0.18689	0.02954	0.60784	0.03018	0.00598	0.00622	0.01209	0.00468	0.00452
82	0.02653	0.01955	0.02094	0.01606	0.02164	0.02164	0.01326	0.68796	0.03281	0.04398	0.01675	0.01675	0.01187	0.00838	0.00698	0.00209	0.00768	0.00628	0.00698	0.01187
83	0.01727	0.01658	0.02832	0.04283	0.71123	0.01658	0.02142	0.02142	0.01589	0.02280	0.01313	0.01727	0.01105	0.00622	0.00691	0.00207	0.00829	0.00622	0.00345	0.01105
84	0.03131	0.01188	0.01619	0.01242	0.01781	0.01026	0.01026	0.03401	0.01997	0.71606	0.02753	0.02375	0.01727	0.00864	0.00702	0.00216	0.00594	0.00702	0.00864	0.01188
85	0.01400	0.03610	0.71860	0.01989	0.03020	0.01621	0.02578	0.02210	0.01473	0.02210	0.01252	0.01473	0.00884	0.00663	0.00663	0.00221	0.01031	0.00516	0.00295	0.01031
86	0.01523	0.22689	0.53858	0.01779	0.02696	0.01922	0.02213	0.02178	0.01459	0.02060	0.01178	0.01380	0.00887	0.00646	0.00606	0.00202	0.00956	0.00478	0.00296	0.00995
87	0.00850	0.00607	0.00810	0.00972	0.01012	0.00567	0.00648	0.00972	0.01336	0.01781	0.03846	0.75020	0.04615	0.02186	0.00891	0.00283	0.00405	0.01984	0.00648	0.00567
88	0.80405	0.01350	0.01026	0.00918	0.01350	0.01565	0.00756	0.02051	0.01188	0.03131	0.00972	0.01134	0.00756	0.00648	0.00432	0.00216	0.00540	0.00378	0.00432	0.00756
89	0.00850	0.00607	0.00810	0.00972	0.01012	0.00567	0.00648	0.00972	0.01336	0.01781	0.03846	0.75020	0.04615	0.02186	0.00891	0.00283	0.00405	0.01984	0.00648	0.00567
90	0.00850	0.00607	0.00810	0.00972	0.01012	0.00567	0.00648	0.00972	0.01336	0.01781	0.03846	0.75020	0.04615	0.02186	0.00891	0.00283	0.00405	0.01984	0.00648	0.00567
91	0.02653	0.01955	0.02094	0.01606	0.02164	0.02164	0.01326	0.68796	0.03281	0.04398	0.01675	0.01675	0.01187	0.00838	0.00698	0.00209	0.00768	0.00628	0.00698	0.01187
92	0.00850	0.00607	0.00810	0.00972	0.01012	0.00567	0.00648	0.00972	0.01336	0.01781	0.03846	0.75020	0.04615	0.02186	0.00891	0.00283	0.00405	0.01984	0.00648	0.00567
93	0.00856	0.00611	0.00815	0.00968	0.01013	0.00570	0.00648	0.00985	0.01361	0.01821	0.06475	0.72278	0.04693	0.02156	0.00888	0.00281	0.00402	0.01955	0.00653	0.00570
94	0.01400	0.03610	0.71860	0.01989	0.03020	0.01621	0.02578	0.02210	0.01473	0.02210	0.01252	0.01473	0.00884	0.00663	0.00663	0.00221	0.01031	0.00516	0.00295	0.01031
95	0.01811	0.01790	0.02296	0.08074	0.36943	0.10606	0.01716	0.02667	0.22086	0.02364	0.01736	0.01940	0.01374	0.00737	0.00689	0.00214	0.00807	0.00650	0.00454	0.01044
96	0.01744	0.00988	0.01231	0.01103	0.01379	0.00962	0.00835	0.07475	0.08355	0.21286	0.17747	0.21764	0.03584	0.07025	0.00995	0.00271	0.00504	0.01179	0.00726	0.00846
97	0.02997	0.01158	0.01576	0.01219	0.01735	0.01003	0.01003	0.03270	0.01996	0.67300	0.07009	0.02553	0.02031	0.00899	0.00709	0.00216	0.00577	0.00737	0.00858	0.01154
98	0.32604	0.01646	0.01627	0.01306	0.01808	0.01830	0.01075	0.35671	0.04760	0.09083	0.01530	0.01554	0.01097	0.00770	0.00596	0.00213	0.00659	0.00543	0.00609	0.01018
99	0.01442	0.00948	0.01115	0.01023	0.01225	0.00968	0.00736	0.06461	0.11806	0.09843	0.14079	0.10780	0.05588	0.26227	0.04334	0.00414	0.00603	0.01061	0.00619	0.00729
100	0.02653	0.01955	0.02094	0.01606	0.02164	0.02164	0.01326	0.68796	0.03281	0.04398	0.01675	0.01675	0.01187	0.00838	0.00698	0.00209	0.00768	0.00628	0.00698	0.01187
101	0.01447	0.01240	0.01447	0.01034	0.01654	0.00930	0.00827	0.01757	0.01447	0.02274	0.01240	0.01447	0.01034	0.00517	0.00517	0.00103	0.00517	0.00413	0.00413	0.79742
102	0.02777	0.01628	0.01882	0.01439	0.01994	0.01671	0.01188	0.40661	0.02704	0.29897	0.02065	0.01931	0.01385	0.00832	0.00691	0.00207	0.00689	0.00646	0.00747	0.04965
103	0.02200	0.01079	0.01378	0.01149	0.01542	0.01014	0.00914	0.02749	0.12804	0.38140	0.20727	0.05660	0.05349	0.01096	0.00745	0.00223	0.00504	0.00929	0.00800	0.00997
104	0.00860	0.00614	0.00821	0.00983	0.01028	0.00575	0.00665	0.00989	0.01346	0.01793	0.03841	0.72570	0.04594	0.02177	0.00893	0.00285	0.00414	0.04335	0.00648	0.00570
105	0.03131	0.01188	0.01619	0.01242	0.01781	0.01026	0.01026	0.03401	0.01997	0.71606	0.02753	0.02375	0.01727	0.00864	0.00702	0.00216	0.00594	0.00702	0.00864	0.01188
106	0.02653	0.01955	0.02094	0.01606	0.02164	0.02164	0.01326	0.68796	0.03281	0.04398	0.01675	0.01675	0.01187	0.00838	0.00698	0.00209	0.00768	0.00628	0.00698	0.01187
107	0.02812	0.01109	0.01509	0.01200	0.01673	0.00964	0.00972	0.03068	0.01927	0.61725	0.05368	0.10128	0.02210	0.01024	0.00726	0.00223	0.00564	0.00857	0.00837	0.01103
108	0.03062	0.01297	0.01687	0.01294	0.01836	0.01189	0.01069	0.12757	0.02181	0.61990	0.02599	0.02275	0.01650	0.00860	0.00701	0.00215	0.00619	0.00691	0.00840	0.01187
109	0.00850	0.00607	0.00810	0.00972	0.01012	0.00567	0.00648	0.00972	0.01336	0.01781	0.03846	0.75020	0.04615	0.02186	0.00891	0.00283	0.00405	0.01984	0.00648	0.00567
110	0.01447	0.01240	0.01447	0.01034	0.01654	0.00930	0.00827	0.01757	0.01447	0.02274	0.01240	0.01447	0.01034	0.00517	0.00517	0.00103	0.00517	0.00413	0.00413	0.79742
111	0.01501	0.00881	0.01045	0.00938	0.01230	0.00797	0.00720	0.01853	0.06834	0.19382	0.16541	0.08273	0.31559	0.04171	0.00890	0.00247	0.00438	0.01201	0.00719	0.00781
112	0.00892	0.00625	0.00797	0.00919	0.00949	0.00594	0.00591	0.00983	0.01255	0.01674	0.03432	0.57296	0.04093	0.20624	0.01560	0.00382	0.00473	0.01740	0.00591	0.00531
113	0.01179	0.00846	0.01052	0.00976	0.01186	0.00831	0.00739	0.01746	0.12121	0.05487	0.55773	0.06944	0.05664	0.01357	0.00804	0.00224	0.00375	0.01192	0.00759	0.00743
114	0.02963	0.01145	0.01560	0.01222	0.01725	0.00992	0.00998	0.03222	0.01949	0.66464	0.02834	0.07725	0.01940	0.00961	0.00716	0.00221	0.00580	0.00796	0.00848	0.01142
115	0.03131	0.01188	0.01619	0.01242	0.01781	0.01026	0.01026	0.03401	0.01997	0.71606	0.02753	0.02375	0.01727	0.00864	0.00702	0.00216	0.00594	0.00702	0.00864	0.01188
116	0.00860	0.00679	0.00776	0.00812	0.00980	0.00595	0.00586	0.01048	0.01585	0.02014	0.17213	0.26025	0.40698	0.01828	0.00843	0.00247	0.00364	0.01583	0.00669	0.00595
117	0.02103	0.00939	0.01268	0.01100	0.01432	0.00831	0.00853	0.02343	0.01809	0.39566	0.15482	0.23149	0.03420	0.01335	0.00777	0.00235	0.00493	0.01162	0.00786	0.00918
118	0.02692	0.01170	0.01531	0.01220	0.01696	0.01072	0.00991	0.03187	0.10693	0.54453	0.11015	0.02749	0.02368	0.00943	0.00718	0.00219	0.00556	0.00781	0.00832	0.01113
119	0.00896	0.00704	0.00798	0.00784	0.00974	0.00618	0.00578	0.01119	0.01697	0.02197	0.30539	0.08714	0.40930	0.05201	0.00958	0.00253	0.00362	0.01392	0.00682	0.00606
120	0.00980	0.00713	0.00922	0.00870	0.01038	0.00655	0.00652	0.01302	0.01957	0.02754	0.67692	0.05285	0.09674	0.01443	0.00823	0.00220	0.00330	0.01272	0.00762	0.00655
121	0.00901	0.00655	0.00845	0.00916	0.01010	0.00613	0.00637	0.01084	0.01510	0.02044	0.22606	0.42740	0.10811	0.06097	0.03880	0.00316	0.00453	0.01635	0.00658	0.00589
122	0.00833	0.00707	0.00718	0.00715	0.00947	0.00592	0.00536	0.01017	0.01609	0.01929	0.10132	0.06643	0.67750	0.01751	0.00825	0.00235	0.00352	0.01463	0.00654	0.00592
123	0.01447	0.01240	0.01447	0.01034	0.01654	0.00930	0.00827	0.01757	0.01447	0.02274	0.01240	0.01447	0.01034	0.00517	0.00517	0.00103	0.00517	0.00413	0.00413	0.79742
124	0.01866	0.75896	0.03657	0.01194	0.01791	0.02761	0.01194	0.02090	0.01418	0.01642	0.00970	0.01119	0.00896	0.00597	0.00448	0.00149	0.00746	0.00373	0.00299	0.00896
125	0.01866	0.75896	0.03657	0.01194	0.01791	0.02761	0.01194	0.02090	0.01418	0.01642	0.00970	0.01119	0.00896	0.00597	0.00448	0.00149	0.00746	0.00373	0.00299	0.00896
126	0.02584	0.01920	0.02055	0.01592	0.02138	0.02132	0.01310	0.63887	0.08302	0.04286	0.01763	0.01745	0.01258	0.00846	0.00699	0.00211	0.00752	0.00640	0.00699	0.01181
127	0.05009	0.01171	0.01417	0.01194	0.01594	0.01169	0.00949	0.02933	0.22415	0.31525	0.19394	0.03095	0.03005	0.01019	0.00724	0.00223	0.00514	0.00854	0.00778	0.01017
128	0.36347	0.01322	0.01339	0.01130	0.01579	0.01416	0.00917	0.05320	0.14028	0.23427	0.05223	0.01986	0.01591	0.00811	0.00592	0.00220	0.00557	0.00601	0.00637	0.00959
129	0.00850	0.00607	0.00810	0.00972	0.01012	0.00567	0.00648	0.00972	0.01336	0.01781	0.03846	0.75020	0.04615	0.02186	0.00891	0.00283	0.00405	0.01984	0.00648	0.00567
130	0.00981	0.00713	0.00923	0.00871	0.01038	0.00655	0.00653	0.01303	0.01959	0.02759	0.68035	0.05277	0.09328	0.01441	0.00823	0.00220	0.00330	0.01271	0.00763	0.00655
131	0.02213	0.00984	0.01325	0.01086	0.01465	0.00868	0.00868	0.02508	0.01988	0.42130	0.31883	0.03591	0.03808	0.01105	0.00754	0.00217	0.00480	0.00942	0.00823	0.00961
132	0.01779	0.00879	0.01172	0.01019	0.01306	0.00788	0.00786	0.02053	0.01885	0.28442	0.36099	0.11072	0.04420	0.03993	0.00884	0.00241	0.00449	0.01115	0.00779	0.00839
133	0.01647	0.01882	0.04118	0.02941	0.03647	0.01765	0.68588	0.02235	0.01647	0.02235	0.01412	0.01882	0.01059	0.00588	0.00824	0.00235	0.01176	0.00824	0.00353	0.00941
134	0.02698	0.04186	0.01672	0.01261	0.01751	0.01250	0.01030	0.07689	0.11913	0.49461	0.04819	0.02484	0.01905	0.03613	0.00801	0.00233	0.00600	0.00726	0.00789	0.01119
135	0.00982	0.00709	0.00928	0.00882	0.01041	0.00655	0.00658	0.01302	0.01948	0.02755	0.67897	0.08194	0.06500	0.01459	0.00826	0.00222	0.00332	0.01293	0.00763	0.00655
136	0.00895	0.00658	0.00840	0.00904	0.01014	0.00602	0.00636	0.01097	0.01595	0.02154	0.27891	0.41443	0.13968	0.01863	0.00858	0.00255	0.00371	0.01662	0.00690	0.00602
137	0.09395	0.01201	0.01571	0.01215	0.01746	0.01069	0.01004	0.03291	0.01932	0.66056	0.02609	0.02275	0.01649	0.00846	0.00680	0.00216	0.00589	0.00676	0.00829	0.01153
138	0.63749	0.01343	0.01171	0.01001	0.01457	0.01491	0.00825	0.04735	0.01409	0.15415	0.01316	0.01375	0.00945	0.00693	0.00490	0.00216	0.00558	0.00445	0.00519	0.00849
139	0.13773	0.01258	0.01502	0.01216	0.01689	0.01231	0.00987	0.08039	0.09291	0.43406	0.04968	0.05767	0.01908	0.00924	0.00677	0.00221	0.00576	0.00742	0.00759	0.01068
140	0.00870	0.00616	0.00804	0.00947	0.00982	0.00580	0.00621	0.00977	0.01298	0.01730	0.03650	0.66633	0.04368	0.10911	0.01207	0.00330	0.00437	0.01868	0.00621	0.00550
141	0.41098	0.01156	0.01142	0.00994	0.01371	0.01225	0.00798	0.04144	0.01602	0.16178	0.18145	0.05229	0.02500	0.00941	0.00603	0.00219	0.00502	0.00722	0.00612	0.00821
142	0.01183	0.00730	0.00968	0.00951	0.01116	0.00668	0.00696	0.01433	0.01757	0.10228	0.39962	0.28996	0.05355	0.01625	0.00833	0.00241	0.00385	0.01448	0.00737	0.00687
143	0.61585	0.01385	0.01158	0.01038	0.01461	0.01606	0.00839	0.02448	0.17616	0.03080	0.01419	0.01485	0.01085	0.00719	0.00498	0.00221	0.00543	0.00476	0.00498	0.00839
144	0.16173	0.01215	0.01519	0.01187	0.01708	0.01117	0.00980	0.03173	0.01861	0.60049	0.02452	0.02166	0.01563	0.00827	0.00656	0.00216	0.00585	0.00647	0.00791	0.01115
145	0.01771	0.00938	0.01217	0.01045	0.01355	0.00871	0.00819	0.02216	0.07593	0.25988	0.42234	0.04041	0.04580	0.01197	0.00773	0.00220	0.00437	0.01034	0.00796	0.00874
146	0.68513	0.01254	0.01012	0.00912	0.01304	0.01430	0.00741	0.01941	0.01306	0.03081	0.11421	0.01744	0.01628	0.00764	0.00490	0.00216	0.00508	0.00510	0.00482	0.00741
147	0.00850	0.00607	0.00810	0.00972	0.01012	0.00567	0.00648	0.00972	0.01336	0.01781	0.03846	0.75020	0.04615	0.02186	0.00891	0.00283	0.00405	0.01984	0.00648	0.00567
148	0.00955	0.00658	0.00782	0.00830	0.00859	0.00638	0.00507	0.01014	0.01178	0.01569	0.05830	0.26675	0.06007	0.46573	0.02499	0.00517	0.00564	0.01346	0.00517	0.00484
149	0.01148	0.00749	0.00984	0.00905	0.01098	0.00686	0.00686	0.01473	0.01977	0.07947	0.65666	0.05000	0.06221	0.01384	0.00814	0.00219	0.00349	0.01220	0.00775	0.00698
150	0.70834	0.01329	0.01099	0.00958	0.01403	0.01499	0.00789	0.02218	0.01288	0.11612	0.01192	0.01287	0.00876	0.00675	0.00465	0.00216	0.00546	0.00418	0.00485	0.00809
151	0.02653	0.01955	0.02094	0.01606	0.02164	0.02164	0.01326	0.68796	0.03281	0.04398	0.01675	0.01675	0.01187	0.00838	0.00698	0.00209	0.00768	0.00628	0.00698	0.01187
152	0.00959	0.00703	0.00891	0.00861	0.01018	0.00644	0.00634	0.01243	0.01847	0.02563	0.55791	0.10672	0.13727	0.04226	0.00928	0.00243	0.00350	0.01332	0.00733	0.00635
153	0.00983	0.00709	0.00928	0.00881	0.01041	0.00655	0.00658	0.01304	0.01952	0.02761	0.68295	0.07779	0.06512	0.01455	0.00826	0.00222	0.00332	0.01289	0.00764	0.00655
154	0.00849	0.00611	0.00806	0.00961	0.01009	0.00568	0.00643	0.00973	0.01346	0.01785	0.03971	0.72372	0.07183	0.02170	0.00888	0.00282	0.00403	0.01964	0.00648	0.00568
155	0.31412	0.38593	0.11347	0.01191	0.01781	0.02165	0.01205	0.02090	0.01338	0.02275	0.01007	0.01170	0.00841	0.00625	0.00469	0.00184	0.00705	0.00393	0.00348	0.00860
156	0.80405	0.01350	0.01026	0.00918	0.01350	0.01565	0.00756	0.02051	0.01188	0.03131	0.00972	0.01134	0.00756	0.00648	0.00432	0.00216	0.00540	0.00378	0.00432	0.00756
157	0.00856	0.00612	0.00815	0.00968	0.01013	0.00570	0.00648	0.00985	0.01362	0.01822	0.06518	0.72233	0.04694	0.02156	0.00888	0.00281	0.00402	0.01955	0.00653	0.00570
158	0.01647	0.01882	0.04118	0.02941	0.03647	0.01765	0.68588	0.02235	0.01647	0.02235	0.01412	0.01882	0.01059	0.00588	0.00824	0.00235	0.01176	0.00824	0.00353	0.00941
159	0.01400	0.03610	0.71860	0.01989	0.03020	0.01621	0.02578	0.02210	0.01473	0.02210	0.01252	0.01473	0.00884	0.00663	0.00663	0.00221	0.01031	0.00516	0.00295	0.01031
160	0.03131	0.01188	0.01619	0.01242	0.01781	0.01026	0.01026	0.03401	0.01997	0.71606	0.02753	0.02375	0.01727	0.00864	0.00702	0.00216	0.00594	0.00702	0.00864	0.01188
161	0.01846	0.72808	0.06569	0.01228	0.01844	0.02712	0.01253	0.02095	0.01420	0.01666	0.00982	0.01135	0.00895	0.00600	0.00457	0.00152	0.00758	0.00379	0.00298	0.00901

[dist]
# distance from previous block
# <min> <max>
0	0

# created by:
# /st0/software/busco_prod/Augustus/scripts/msa2prfl.pl ./align_prep/171479.fa
