[name]
unknown

[dist]
# distance from previous block
# <min> <max>
4	20

[block]
# block no. 0 follows, 25 sequences, length 33
# corresponding to MSA columns:
# 43-75
name=unknown_A
#
# <colnr> <probs for GDERKNQSTAVLIFYWHMCP>
#	G	D	E	R	K	N	Q	S	T	A	V	L	I	F	Y	W	H	M	C	P
0	0.02768	0.02100	0.02382	0.01863	0.02389	0.06080	0.04575	0.43441	0.02981	0.10699	0.01813	0.01903	0.01313	0.00973	0.01028	0.00248	0.10834	0.00703	0.00693	0.01215
1	0.02262	0.02539	0.02050	0.01831	0.02117	0.33568	0.01423	0.04942	0.10954	0.02279	0.06617	0.04469	0.01830	0.01093	0.01196	0.00252	0.18424	0.00731	0.00498	0.00925
2	0.01097	0.00793	0.01036	0.00975	0.01158	0.00732	0.00732	0.01463	0.02195	0.03109	0.67505	0.05792	0.07316	0.01585	0.00914	0.00244	0.00366	0.01402	0.00854	0.00732
3	0.02073	0.73217	0.04063	0.01327	0.01990	0.03068	0.01327	0.02322	0.01575	0.01824	0.01078	0.01244	0.00995	0.00663	0.00498	0.00166	0.00829	0.00415	0.00332	0.00995
4	0.02022	0.01677	0.01787	0.01564	0.02010	0.01910	0.01227	0.13330	0.51936	0.03486	0.07868	0.02955	0.02583	0.01074	0.00796	0.00257	0.00632	0.00889	0.00792	0.01203
5	0.02947	0.02172	0.02327	0.01784	0.02404	0.02404	0.01474	0.65329	0.03646	0.04887	0.01862	0.01862	0.01319	0.00931	0.00776	0.00233	0.00853	0.00698	0.00776	0.01319
6	0.01464	0.01378	0.02326	0.70887	0.05340	0.01723	0.02153	0.01981	0.01550	0.01981	0.01378	0.02067	0.01034	0.00775	0.00775	0.00258	0.01034	0.00689	0.00345	0.00861
7	0.01608	0.01378	0.01608	0.01148	0.01837	0.01034	0.00919	0.01952	0.01608	0.02527	0.01378	0.01608	0.01148	0.00574	0.00574	0.00115	0.00574	0.00459	0.00459	0.77491
8	0.01128	0.00752	0.00846	0.00846	0.00846	0.00752	0.00470	0.01128	0.01128	0.01503	0.02443	0.05074	0.02819	0.72751	0.03946	0.00752	0.00752	0.01128	0.00470	0.00470
9	0.02121	0.01744	0.02330	0.35869	0.03824	0.02066	0.01826	0.29256	0.02425	0.03224	0.01559	0.01950	0.01155	0.00887	0.00910	0.00253	0.06321	0.00692	0.00530	0.01057
10	0.02947	0.02172	0.02327	0.01784	0.02404	0.02404	0.01474	0.65329	0.03646	0.04887	0.01862	0.01862	0.01319	0.00931	0.00776	0.00233	0.00853	0.00698	0.00776	0.01319
11	0.01097	0.00793	0.01036	0.00975	0.01158	0.00732	0.00732	0.01463	0.02195	0.03109	0.67505	0.05792	0.07316	0.01585	0.00914	0.00244	0.00366	0.01402	0.00854	0.00732
12	0.01892	0.01814	0.03097	0.08760	0.64128	0.01835	0.02366	0.02355	0.01752	0.02500	0.01454	0.01928	0.01216	0.00696	0.00768	0.00232	0.00928	0.00691	0.00381	0.01206
13	0.01555	0.04011	0.68733	0.02210	0.03356	0.01801	0.02865	0.02455	0.01637	0.02455	0.01391	0.01637	0.00982	0.00737	0.00737	0.00246	0.01146	0.00573	0.00327	0.01146
14	0.03479	0.01320	0.01799	0.01380	0.01979	0.01140	0.01140	0.03779	0.02219	0.68451	0.03059	0.02639	0.01919	0.00960	0.00780	0.00240	0.00660	0.00780	0.00960	0.01320
15	0.01097	0.00793	0.01036	0.00975	0.01158	0.00732	0.00732	0.01463	0.02195	0.03109	0.67505	0.05792	0.07316	0.01585	0.00914	0.00244	0.00366	0.01402	0.00854	0.00732
16	0.03369	0.01473	0.05625	0.01427	0.02058	0.01177	0.01238	0.03703	0.02186	0.64680	0.02964	0.02582	0.01866	0.00947	0.00777	0.00240	0.00688	0.00768	0.00924	0.01310
17	0.00952	0.00787	0.00835	0.00823	0.01069	0.00670	0.00617	0.01182	0.01851	0.02294	0.19575	0.07134	0.55754	0.01889	0.00916	0.00258	0.00387	0.01590	0.00746	0.00670
18	0.01128	0.00752	0.00846	0.00846	0.00846	0.00752	0.00470	0.01128	0.01128	0.01503	0.02443	0.05074	0.02819	0.72751	0.03946	0.00752	0.00752	0.01128	0.00470	0.00470
19	0.78228	0.01499	0.01140	0.01020	0.01499	0.01739	0.00840	0.02279	0.01320	0.03479	0.01080	0.01260	0.00840	0.00720	0.00480	0.00240	0.00600	0.00420	0.00480	0.00840
20	0.01700	0.10005	0.41689	0.02581	0.08324	0.01965	0.18045	0.02444	0.01689	0.02408	0.01410	0.01733	0.01050	0.00706	0.00760	0.00241	0.01138	0.00651	0.00348	0.01113
21	0.01464	0.01378	0.02326	0.70887	0.05340	0.01723	0.02153	0.01981	0.01550	0.01981	0.01378	0.02067	0.01034	0.00775	0.00775	0.00258	0.01034	0.00689	0.00345	0.00861
22	0.00982	0.00739	0.00841	0.00902	0.01021	0.00672	0.00603	0.01105	0.01502	0.01899	0.05199	0.29109	0.29070	0.20754	0.01739	0.00409	0.00507	0.01698	0.00654	0.00597
23	0.01011	0.00723	0.00974	0.01140	0.01218	0.00685	0.00821	0.01202	0.01582	0.02108	0.07844	0.56399	0.05126	0.02327	0.01001	0.00319	0.00495	0.13647	0.00726	0.00652
24	0.01591	0.00895	0.01175	0.01141	0.01364	0.00830	0.00839	0.01920	0.04852	0.17034	0.20950	0.35782	0.04879	0.01814	0.00914	0.00277	0.00481	0.01612	0.00812	0.00837
25	0.35512	0.01578	0.03973	0.09281	0.10017	0.01545	0.01262	0.02168	0.01494	0.02886	0.01256	0.01543	0.01003	0.00680	0.00583	0.00204	0.00697	0.00499	0.00442	0.23377
26	0.05378	0.08178	0.44288	0.01839	0.02716	0.01715	0.02180	0.02453	0.05419	0.05656	0.10863	0.02295	0.01992	0.00879	0.00737	0.00240	0.00933	0.00698	0.00465	0.01074
27	0.01302	0.01137	0.01821	0.01495	0.01868	0.01030	0.16596	0.01622	0.01771	0.04892	0.08094	0.05791	0.34730	0.07269	0.01167	0.00308	0.00686	0.07013	0.00634	0.00772
28	0.01349	0.01075	0.01382	0.01304	0.01552	0.01202	0.01008	0.02092	0.17383	0.02199	0.02305	0.02984	0.02021	0.07062	0.44624	0.00896	0.01545	0.00826	0.00513	0.06676
29	0.02548	0.02047	0.02531	0.01965	0.02503	0.02301	0.08739	0.43402	0.09612	0.04041	0.01850	0.01972	0.01371	0.00968	0.01028	0.00253	0.10237	0.00739	0.00675	0.01216
30	0.01831	0.01565	0.01879	0.06731	0.02289	0.01511	0.03373	0.08985	0.20303	0.02926	0.01940	0.02051	0.01505	0.00764	0.00683	0.00185	0.00674	0.00636	0.00574	0.39596
31	0.01786	0.01560	0.02172	0.05186	0.28065	0.04073	0.01605	0.11198	0.02036	0.02788	0.09100	0.14822	0.02684	0.01186	0.00822	0.00245	0.00763	0.03692	0.00567	0.05651
32	0.01961	0.02280	0.09369	0.01705	0.06134	0.18142	0.01376	0.04576	0.01846	0.02433	0.01603	0.01809	0.03624	0.00721	0.00655	0.00167	0.00866	0.00549	0.00447	0.39738

[dist]
# distance from previous block
# <min> <max>
6	69

[block]
# block no. 1 follows, 25 sequences, length 11
# corresponding to MSA columns:
# 151-161
name=unknown_B
#
# <colnr> <probs for GDERKNQSTAVLIFYWHMCP>
#	G	D	E	R	K	N	Q	S	T	A	V	L	I	F	Y	W	H	M	C	P
0	0.02002	0.01856	0.07015	0.05405	0.02458	0.05348	0.09026	0.11325	0.06269	0.08801	0.04439	0.02503	0.06093	0.01128	0.03458	0.00268	0.07081	0.00774	0.00564	0.14187
1	0.02353	0.10242	0.10867	0.01613	0.02238	0.02022	0.01477	0.34749	0.02718	0.07416	0.04349	0.05971	0.06462	0.01040	0.00759	0.00231	0.00800	0.00815	0.00664	0.03215
2	0.07792	0.01792	0.01997	0.01720	0.05471	0.01957	0.01322	0.30806	0.12215	0.03681	0.02314	0.02363	0.06488	0.00993	0.00884	0.00234	0.06375	0.00747	0.00659	0.10192
3	0.02557	0.02010	0.02099	0.06967	0.02468	0.08192	0.01397	0.32885	0.12385	0.09010	0.01995	0.02021	0.01452	0.00884	0.00746	0.00222	0.00832	0.00683	0.00686	0.10509
4	0.01413	0.00931	0.01100	0.01085	0.01128	0.06005	0.00735	0.01221	0.01139	0.01453	0.01556	0.02726	0.01580	0.12622	0.09106	0.53794	0.00869	0.00738	0.00367	0.00431
5	0.01879	0.01870	0.07110	0.08585	0.26339	0.05414	0.01794	0.10022	0.07863	0.02649	0.01976	0.02917	0.01760	0.10157	0.01198	0.00313	0.00898	0.05708	0.00500	0.01045
6	0.02276	0.01684	0.02018	0.01612	0.02042	0.03859	0.06887	0.32129	0.02525	0.08110	0.02160	0.05914	0.01903	0.18825	0.04185	0.00405	0.00901	0.00895	0.00651	0.01017
7	0.10867	0.01283	0.01548	0.09748	0.02097	0.01326	0.01146	0.12431	0.01981	0.08437	0.07438	0.12819	0.02717	0.05201	0.00969	0.00280	0.00681	0.08706	0.00641	0.09685
8	0.02210	0.01760	0.02013	0.01777	0.07859	0.01802	0.01308	0.29728	0.12050	0.03623	0.02353	0.02383	0.06509	0.00916	0.00736	0.00209	0.00718	0.00735	0.00658	0.20654
9	0.02182	0.07986	0.02075	0.01480	0.02047	0.01839	0.01218	0.28853	0.08431	0.03479	0.02042	0.07015	0.01743	0.00975	0.00723	0.00207	0.00716	0.03505	0.00641	0.22841
10	0.01894	0.01519	0.01792	0.01436	0.01947	0.01484	0.03931	0.21242	0.08603	0.03190	0.02723	0.13221	0.07777	0.01141	0.00766	0.00215	0.00661	0.00965	0.00648	0.24846

[dist]
# distance from previous block
# <min> <max>
5	38

[block]
# block no. 2 follows, 25 sequences, length 66
# corresponding to MSA columns:
# 200-265
name=unknown_C
#
# <colnr> <probs for GDERKNQSTAVLIFYWHMCP>
#	G	D	E	R	K	N	Q	S	T	A	V	L	I	F	Y	W	H	M	C	P
0	0.05409	0.08173	0.10249	0.01899	0.04840	0.23717	0.04018	0.08032	0.01949	0.02457	0.01311	0.01560	0.01065	0.00777	0.00812	0.00204	0.06378	0.00545	0.00429	0.16177
1	0.02001	0.16807	0.11672	0.04960	0.14232	0.10410	0.04847	0.08047	0.04133	0.02423	0.01626	0.07179	0.01446	0.00923	0.00853	0.00234	0.05996	0.00730	0.00439	0.01041
2	0.01920	0.09260	0.14891	0.01960	0.05218	0.10130	0.09975	0.04521	0.01840	0.05717	0.06717	0.05205	0.01788	0.00888	0.00823	0.00219	0.04334	0.00738	0.00475	0.13379
3	0.13754	0.02267	0.24844	0.01617	0.02232	0.01594	0.01675	0.08245	0.07464	0.02836	0.04440	0.09288	0.06557	0.01181	0.00846	0.00265	0.03697	0.05674	0.00544	0.00981
4	0.01050	0.00759	0.00945	0.00989	0.01107	0.00710	0.00698	0.01256	0.01698	0.02283	0.24352	0.24478	0.13383	0.16146	0.01554	0.00376	0.00497	0.06369	0.00712	0.00640
5	0.01408	0.00948	0.01190	0.01195	0.01374	0.00941	0.00902	0.08397	0.01882	0.05793	0.13858	0.26280	0.04410	0.12724	0.01413	0.00367	0.00594	0.14856	0.00720	0.00750
6	0.01880	0.42157	0.21271	0.04745	0.02503	0.05713	0.01785	0.02325	0.01637	0.02045	0.01418	0.01979	0.01263	0.00810	0.00629	0.00208	0.00943	0.05321	0.00364	0.01004
7	0.02022	0.01533	0.01620	0.01419	0.01831	0.04825	0.01110	0.07646	0.34314	0.11592	0.14647	0.03581	0.08116	0.01184	0.00814	0.00251	0.00614	0.00985	0.00797	0.01098
8	0.00964	0.00696	0.00912	0.01051	0.01125	0.00645	0.00715	0.01132	0.01593	0.02136	0.12883	0.60155	0.08533	0.02293	0.00976	0.00303	0.00436	0.02069	0.00738	0.00645
9	0.01891	0.01814	0.03097	0.08764	0.64125	0.01835	0.02366	0.02355	0.01752	0.02500	0.01454	0.01928	0.01216	0.00696	0.00768	0.00232	0.00928	0.00691	0.00381	0.01206
10	0.01884	0.01806	0.03083	0.09905	0.63045	0.01833	0.02362	0.02349	0.01749	0.02490	0.01452	0.01931	0.01213	0.00697	0.00768	0.00232	0.00930	0.00691	0.00381	0.01200
11	0.00945	0.00675	0.00900	0.01080	0.01125	0.00630	0.00720	0.01080	0.01484	0.01979	0.04274	0.72245	0.05128	0.02429	0.00990	0.00315	0.00450	0.02204	0.00720	0.00630
12	0.01580	0.03840	0.63013	0.02304	0.03418	0.01815	0.08414	0.02458	0.01654	0.02458	0.01407	0.01678	0.01000	0.00729	0.00753	0.00247	0.01160	0.00603	0.00333	0.01137
13	0.02884	0.01501	0.01822	0.01474	0.02007	0.01499	0.01190	0.13937	0.17029	0.39021	0.02955	0.06783	0.02115	0.01065	0.00794	0.00248	0.00669	0.00874	0.00876	0.01257
14	0.01555	0.04011	0.68733	0.02210	0.03356	0.01801	0.02865	0.02455	0.01637	0.02455	0.01391	0.01637	0.00982	0.00737	0.00737	0.00246	0.01146	0.00573	0.00327	0.01146
15	0.00940	0.00694	0.00880	0.01028	0.01111	0.00634	0.00697	0.01085	0.01534	0.02000	0.04904	0.60844	0.16122	0.02347	0.00977	0.00306	0.00440	0.02104	0.00720	0.00634
16	0.01759	0.03167	0.43878	0.02271	0.05338	0.01812	0.09842	0.02813	0.13110	0.05792	0.01806	0.01970	0.01303	0.00792	0.00770	0.00250	0.01040	0.00681	0.00449	0.01160
17	0.01627	0.07947	0.56812	0.02395	0.08007	0.01889	0.05871	0.02443	0.01652	0.02424	0.01386	0.01657	0.01011	0.00725	0.00733	0.00240	0.01118	0.00589	0.00335	0.01138
18	0.01929	0.01666	0.01753	0.01578	0.02016	0.01929	0.01227	0.04120	0.66513	0.03243	0.03156	0.02893	0.02367	0.01052	0.00789	0.00263	0.00614	0.00877	0.00789	0.01227
19	0.01919	0.01842	0.03147	0.04759	0.67914	0.01842	0.02380	0.02380	0.01765	0.02533	0.01458	0.01919	0.01228	0.00691	0.00768	0.00230	0.00921	0.00691	0.00384	0.01228
20	0.01989	0.01788	0.12822	0.01544	0.02067	0.01478	0.01408	0.03148	0.27714	0.16078	0.09795	0.06749	0.02867	0.01189	0.00823	0.00263	0.00686	0.05737	0.00744	0.01111
21	0.01576	0.06817	0.66111	0.02174	0.03300	0.01852	0.02802	0.02450	0.01635	0.02430	0.01379	0.01621	0.00983	0.00734	0.00727	0.00242	0.01133	0.00567	0.00328	0.01140
22	0.00985	0.00706	0.00936	0.01052	0.01134	0.00657	0.00723	0.01181	0.01672	0.02278	0.21005	0.54661	0.05707	0.02206	0.00970	0.00296	0.00428	0.01992	0.00755	0.00657
23	0.01942	0.01918	0.03025	0.09823	0.58997	0.05938	0.02308	0.02391	0.01775	0.02451	0.01436	0.01899	0.01199	0.00704	0.00764	0.00231	0.00959	0.00679	0.00382	0.01179
24	0.01046	0.00765	0.01059	0.01293	0.03763	0.00731	0.00894	0.01240	0.01558	0.02072	0.04131	0.56189	0.04840	0.02303	0.00998	0.00321	0.00523	0.14897	0.00706	0.00670
25	0.00966	0.00690	0.00924	0.01104	0.01158	0.00648	0.00756	0.01116	0.01505	0.02003	0.04262	0.67861	0.05082	0.02409	0.00995	0.00318	0.00468	0.06381	0.00719	0.00636
26	0.01919	0.01842	0.03147	0.04759	0.67914	0.01842	0.02380	0.02380	0.01765	0.02533	0.01458	0.01919	0.01228	0.00691	0.00768	0.00230	0.00921	0.00691	0.00384	0.01228
27	0.01866	0.03576	0.57912	0.02076	0.03133	0.01694	0.02586	0.02669	0.01731	0.13126	0.01661	0.01799	0.01134	0.00773	0.00744	0.00245	0.01067	0.00606	0.00430	0.01174
28	0.01485	0.01399	0.02363	0.67904	0.08163	0.01728	0.02164	0.01999	0.01560	0.02006	0.01382	0.02061	0.01042	0.00771	0.00775	0.00257	0.01029	0.00689	0.00346	0.00878
29	0.10844	0.03706	0.60545	0.02066	0.03131	0.01793	0.02619	0.02434	0.01599	0.02579	0.01354	0.01591	0.00965	0.00735	0.00706	0.00245	0.01080	0.00554	0.00346	0.01109
30	0.02801	0.02203	0.05007	0.01783	0.02409	0.02338	0.01509	0.57356	0.09097	0.04642	0.01956	0.01943	0.01397	0.00933	0.00775	0.00236	0.00844	0.00709	0.00758	0.01303
31	0.01605	0.06687	0.60971	0.02372	0.08323	0.01856	0.02764	0.02444	0.01644	0.02436	0.01384	0.01643	0.01002	0.00730	0.00729	0.00241	0.01115	0.00576	0.00332	0.01146
32	0.02020	0.01858	0.01795	0.01618	0.02052	0.08357	0.01253	0.04023	0.60407	0.03116	0.02970	0.02751	0.02237	0.01028	0.00780	0.00257	0.00688	0.00841	0.00752	0.01196
33	0.01555	0.04011	0.68733	0.02210	0.03356	0.01801	0.02865	0.02455	0.01637	0.02455	0.01391	0.01637	0.00982	0.00737	0.00737	0.00246	0.01146	0.00573	0.00327	0.01146
34	0.01030	0.00790	0.00943	0.00905	0.01117	0.00703	0.00679	0.01333	0.02036	0.02733	0.45363	0.06412	0.29693	0.01726	0.00915	0.00251	0.00376	0.01489	0.00804	0.00703
35	0.03479	0.01320	0.01799	0.01380	0.01979	0.01140	0.01140	0.03779	0.02219	0.68451	0.03059	0.02639	0.01919	0.00960	0.00780	0.00240	0.00660	0.00780	0.00960	0.01320
36	0.00973	0.00696	0.00925	0.01060	0.01131	0.00649	0.00722	0.01150	0.01615	0.02188	0.15935	0.59990	0.05532	0.02273	0.00976	0.00302	0.00434	0.02056	0.00744	0.00649
37	0.03479	0.01320	0.01799	0.01380	0.01979	0.01140	0.01140	0.03779	0.02219	0.68451	0.03059	0.02639	0.01919	0.00960	0.00780	0.00240	0.00660	0.00780	0.00960	0.01320
38	0.02655	0.02086	0.02158	0.01733	0.02293	0.04836	0.01404	0.45498	0.21518	0.04304	0.02205	0.02138	0.01605	0.00960	0.00777	0.00240	0.00806	0.00741	0.00765	0.01277
39	0.00945	0.00675	0.00900	0.01080	0.01125	0.00630	0.00720	0.01080	0.01484	0.01979	0.04274	0.72245	0.05128	0.02429	0.00990	0.00315	0.00450	0.02204	0.00720	0.00630
40	0.02896	0.03695	0.02197	0.01998	0.02397	0.69638	0.01498	0.03096	0.02197	0.01898	0.01199	0.01398	0.00999	0.00799	0.00699	0.00200	0.01398	0.00499	0.00400	0.00899
41	0.03479	0.01320	0.01799	0.01380	0.01979	0.01140	0.01140	0.03779	0.02219	0.68451	0.03059	0.02639	0.01919	0.00960	0.00780	0.00240	0.00660	0.00780	0.00960	0.01320
42	0.01555	0.04011	0.68733	0.02210	0.03356	0.01801	0.02865	0.02455	0.01637	0.02455	0.01391	0.01637	0.00982	0.00737	0.00737	0.00246	0.01146	0.00573	0.00327	0.01146
43	0.00945	0.00675	0.00900	0.01080	0.01125	0.00630	0.00720	0.01080	0.01484	0.01979	0.04274	0.72245	0.05128	0.02429	0.00990	0.00315	0.00450	0.02204	0.00720	0.00630
44	0.01696	0.01696	0.02375	0.02036	0.02036	0.02375	0.01696	0.01866	0.01187	0.01866	0.01018	0.01696	0.01018	0.01357	0.02545	0.00339	0.71332	0.00679	0.00339	0.00848
45	0.01891	0.01814	0.03097	0.08764	0.64125	0.01835	0.02366	0.02355	0.01752	0.02500	0.01454	0.01928	0.01216	0.00696	0.00768	0.00232	0.00928	0.00691	0.00381	0.01206
46	0.02896	0.03695	0.02197	0.01998	0.02397	0.69638	0.01498	0.03096	0.02197	0.01898	0.01199	0.01398	0.00999	0.00799	0.00699	0.00200	0.01398	0.00499	0.00400	0.00899
47	0.01275	0.00928	0.01321	0.01553	0.04105	0.00928	0.01292	0.01636	0.01784	0.02328	0.04006	0.08489	0.04340	0.02087	0.01060	0.00352	0.00722	0.60359	0.00702	0.00733
48	0.02974	0.02129	0.02300	0.01764	0.02383	0.02341	0.01457	0.62228	0.03574	0.08089	0.01922	0.01901	0.01349	0.00932	0.00776	0.00233	0.00843	0.00702	0.00785	0.01319
49	0.01897	0.01820	0.03107	0.07958	0.64888	0.01836	0.02369	0.02360	0.01755	0.02506	0.01455	0.01926	0.01219	0.00695	0.00768	0.00232	0.00927	0.00691	0.00382	0.01210
50	0.00986	0.00730	0.00931	0.01075	0.01183	0.00675	0.00775	0.01167	0.01586	0.02054	0.04949	0.49849	0.17267	0.02294	0.00988	0.00311	0.00479	0.11336	0.00719	0.00647
51	0.03479	0.01320	0.01799	0.01380	0.01979	0.01140	0.01140	0.03779	0.02219	0.68451	0.03059	0.02639	0.01919	0.00960	0.00780	0.00240	0.00660	0.00780	0.00960	0.01320
52	0.01864	0.02142	0.11545	0.09568	0.20116	0.01863	0.30367	0.02451	0.01761	0.05748	0.01557	0.02004	0.01185	0.00725	0.00896	0.00253	0.03677	0.00781	0.00405	0.01094
53	0.03293	0.01279	0.01740	0.01348	0.01915	0.01108	0.01108	0.03598	0.02217	0.63366	0.08074	0.02884	0.02339	0.01008	0.00790	0.00240	0.00637	0.00828	0.00951	0.01274
54	0.01555	0.04011	0.68733	0.02210	0.03356	0.01801	0.02865	0.02455	0.01637	0.02455	0.01391	0.01637	0.00982	0.00737	0.00737	0.00246	0.01146	0.00573	0.00327	0.01146
55	0.03479	0.01320	0.01799	0.01380	0.01979	0.01140	0.01140	0.03779	0.02219	0.68451	0.03059	0.02639	0.01919	0.00960	0.00780	0.00240	0.00660	0.00780	0.00960	0.01320
56	0.02801	0.16840	0.02233	0.01392	0.01942	0.04453	0.01187	0.03239	0.07060	0.39691	0.05862	0.02770	0.02116	0.00987	0.00738	0.00230	0.00711	0.03814	0.00770	0.01165
57	0.02912	0.01814	0.10488	0.03966	0.02295	0.04272	0.01481	0.03275	0.01989	0.46440	0.02449	0.02319	0.01615	0.00969	0.00996	0.00252	0.09782	0.00725	0.00755	0.01204
58	0.03479	0.01320	0.01799	0.01380	0.01979	0.01140	0.01140	0.03779	0.02219	0.68451	0.03059	0.02639	0.01919	0.00960	0.00780	0.00240	0.00660	0.00780	0.00960	0.01320
59	0.43968	0.01464	0.01621	0.05158	0.12414	0.01579	0.01193	0.02461	0.01617	0.13803	0.06647	0.01983	0.01592	0.00824	0.00623	0.00240	0.00665	0.00612	0.00565	0.00973
60	0.02196	0.01861	0.02722	0.03730	0.46541	0.06978	0.02027	0.05118	0.01937	0.11348	0.01861	0.02470	0.01542	0.00851	0.00786	0.00239	0.00906	0.05207	0.00502	0.01181
61	0.02900	0.01442	0.01911	0.01728	0.07256	0.01378	0.01315	0.14148	0.02364	0.41312	0.02890	0.03432	0.02170	0.01124	0.00825	0.00257	0.00723	0.10769	0.00842	0.01214
62	0.05805	0.01334	0.01737	0.01360	0.01918	0.01212	0.01115	0.06139	0.04739	0.55919	0.07959	0.02814	0.02294	0.01002	0.00780	0.00241	0.00641	0.00816	0.00920	0.01254
63	0.03098	0.01797	0.07352	0.01668	0.04660	0.04311	0.01394	0.12783	0.04974	0.45720	0.02611	0.02373	0.01708	0.00924	0.00772	0.00238	0.00767	0.00740	0.00829	0.01281
64	0.02577	0.06221	0.05428	0.01678	0.04425	0.07041	0.01365	0.16484	0.15504	0.21567	0.07620	0.02523	0.02119	0.00972	0.00766	0.00236	0.00769	0.00775	0.00744	0.01189
65	0.13676	0.01303	0.01640	0.14082	0.04756	0.01381	0.01294	0.04202	0.08663	0.10703	0.05052	0.06500	0.04399	0.01187	0.00787	0.00260	0.00704	0.11890	0.00624	0.06895

[dist]
# distance from previous block
# <min> <max>
6	22

[block]
# block no. 3 follows, 25 sequences, length 10
# corresponding to MSA columns:
# 289-298
name=unknown_D
#
# <colnr> <probs for GDERKNQSTAVLIFYWHMCP>
#	G	D	E	R	K	N	Q	S	T	A	V	L	I	F	Y	W	H	M	C	P
0	0.01877	0.01982	0.07153	0.25250	0.31696	0.07214	0.02173	0.06636	0.01853	0.02456	0.01516	0.02111	0.01236	0.00791	0.00772	0.00242	0.00999	0.02568	0.00406	0.01069
1	0.01691	0.11588	0.07095	0.19993	0.23920	0.01809	0.01871	0.05445	0.01758	0.02336	0.02223	0.07269	0.07885	0.00969	0.00760	0.00239	0.00864	0.00842	0.00440	0.01005
2	0.05515	0.01821	0.10455	0.19816	0.27053	0.01615	0.01976	0.02282	0.01655	0.07854	0.01617	0.02176	0.01308	0.06312	0.00988	0.00274	0.00907	0.00691	0.00431	0.05252
3	0.04402	0.07916	0.44182	0.02074	0.07265	0.01694	0.02255	0.02192	0.01555	0.02314	0.01572	0.05566	0.01317	0.01350	0.06605	0.04572	0.01102	0.00679	0.00366	0.01020
4	0.10435	0.01479	0.10600	0.05155	0.05427	0.01221	0.01295	0.05244	0.04004	0.02558	0.07918	0.25604	0.05133	0.01587	0.00914	0.02637	0.00669	0.06680	0.00603	0.00836
5	0.01399	0.01286	0.04957	0.08340	0.13253	0.01212	0.01496	0.01927	0.06526	0.02405	0.06635	0.08177	0.09385	0.01586	0.00930	0.00298	0.00736	0.27969	0.00618	0.00866
6	0.01450	0.01233	0.01767	0.20155	0.12442	0.01306	0.01446	0.07517	0.01892	0.02473	0.08059	0.09722	0.18023	0.01392	0.00866	0.00267	0.00722	0.07820	0.00584	0.00867
7	0.01550	0.01637	0.07888	0.30363	0.24692	0.01579	0.02015	0.02051	0.01750	0.02415	0.14009	0.02693	0.02290	0.00899	0.00796	0.00245	0.00879	0.00816	0.00453	0.00979
8	0.01512	0.01337	0.01732	0.14459	0.09480	0.06512	0.01530	0.01987	0.05166	0.02289	0.03185	0.05874	0.05399	0.01569	0.00935	0.00305	0.00830	0.34472	0.00591	0.00835
9	0.16105	0.02103	0.22671	0.09770	0.02640	0.01478	0.07065	0.02053	0.01523	0.04252	0.06500	0.02141	0.01563	0.01176	0.01160	0.14961	0.00879	0.00676	0.00424	0.00864

[dist]
# distance from previous block
# <min> <max>
0	2

[block]
# block no. 4 follows, 25 sequences, length 14
# corresponding to MSA columns:
# 301-314
name=unknown_E
#
# <colnr> <probs for GDERKNQSTAVLIFYWHMCP>
#	G	D	E	R	K	N	Q	S	T	A	V	L	I	F	Y	W	H	M	C	P
0	0.02492	0.12312	0.16391	0.01858	0.02512	0.27867	0.01724	0.15812	0.02280	0.04955	0.01432	0.01575	0.01099	0.00793	0.00695	0.00210	0.01102	0.00553	0.00476	0.03861
1	0.02518	0.01994	0.02070	0.01683	0.02183	0.07065	0.01362	0.43781	0.08387	0.03958	0.01961	0.02133	0.01498	0.01833	0.13486	0.00420	0.01099	0.00723	0.00683	0.01164
2	0.01811	0.06714	0.02255	0.01537	0.02209	0.01498	0.09649	0.07495	0.07654	0.02731	0.01582	0.01784	0.01265	0.00664	0.00651	0.00161	0.00718	0.00575	0.00497	0.48550
3	0.02375	0.01887	0.02005	0.01668	0.02186	0.02137	0.01335	0.30951	0.38955	0.03964	0.02588	0.02441	0.01907	0.00999	0.00783	0.00250	0.00719	0.00798	0.00783	0.01267
4	0.00945	0.00675	0.00900	0.01080	0.01125	0.00630	0.00720	0.01080	0.01484	0.01979	0.04274	0.72245	0.05128	0.02429	0.00990	0.00315	0.00450	0.02204	0.00720	0.00630
5	0.03369	0.01496	0.01908	0.01463	0.02067	0.01401	0.01209	0.16499	0.02514	0.55315	0.02811	0.02478	0.01795	0.00954	0.00779	0.00238	0.00700	0.00763	0.00922	0.01319
6	0.01803	0.02580	0.19159	0.02911	0.03724	0.04704	0.44995	0.02471	0.01768	0.02422	0.01485	0.01939	0.01117	0.00714	0.00946	0.00259	0.04767	0.00807	0.00375	0.01053
7	0.01011	0.00807	0.00922	0.00985	0.01208	0.00719	0.00782	0.01247	0.01752	0.02149	0.06559	0.12461	0.45621	0.02046	0.00964	0.00292	0.00486	0.18602	0.00718	0.00669
8	0.00941	0.00690	0.00884	0.01040	0.01114	0.00633	0.00702	0.01084	0.01522	0.01995	0.04755	0.63536	0.13526	0.02367	0.00980	0.00308	0.00442	0.02128	0.00720	0.00633
9	0.02545	0.10235	0.07312	0.01750	0.02353	0.10214	0.01516	0.34609	0.15234	0.03701	0.01912	0.01921	0.01423	0.00895	0.00736	0.00228	0.00890	0.00669	0.00652	0.01203
10	0.01340	0.01016	0.01118	0.01046	0.01290	0.00993	0.00769	0.12984	0.01999	0.02575	0.09570	0.17899	0.30034	0.12213	0.01348	0.00337	0.00539	0.01477	0.00703	0.00751
11	0.52557	0.02072	0.01515	0.01328	0.01806	0.17114	0.01061	0.09748	0.01786	0.03285	0.01197	0.01360	0.00931	0.00762	0.00563	0.00230	0.00809	0.00470	0.00496	0.00908
12	0.01761	0.11739	0.39589	0.05296	0.12460	0.01999	0.05470	0.05416	0.04568	0.02519	0.01470	0.01734	0.01106	0.00741	0.00726	0.00235	0.01042	0.00611	0.00381	0.01134
13	0.16016	0.02442	0.16335	0.02420	0.15181	0.10916	0.07507	0.02698	0.11176	0.02676	0.01622	0.01871	0.01264	0.00974	0.03460	0.00279	0.01009	0.00643	0.00453	0.01057

[dist]
# distance from previous block
# <min> <max>
7	24

[block]
# block no. 5 follows, 25 sequences, length 12
# corresponding to MSA columns:
# 339-350
name=unknown_F
#
# <colnr> <probs for GDERKNQSTAVLIFYWHMCP>
#	G	D	E	R	K	N	Q	S	T	A	V	L	I	F	Y	W	H	M	C	P
0	0.01919	0.01842	0.03147	0.04759	0.67914	0.01842	0.02380	0.02380	0.01765	0.02533	0.01458	0.01919	0.01228	0.00691	0.00768	0.00230	0.00921	0.00691	0.00384	0.01228
1	0.01890	0.01987	0.06974	0.04478	0.58369	0.01851	0.08209	0.02393	0.01764	0.02524	0.01465	0.01919	0.01210	0.00690	0.00780	0.00234	0.00970	0.00705	0.00381	0.01207
2	0.01919	0.01842	0.03147	0.04759	0.67914	0.01842	0.02380	0.02380	0.01765	0.02533	0.01458	0.01919	0.01228	0.00691	0.00768	0.00230	0.00921	0.00691	0.00384	0.01228
3	0.01608	0.01378	0.01608	0.01148	0.01837	0.01034	0.00919	0.01952	0.01608	0.02527	0.01378	0.01608	0.01148	0.00574	0.00574	0.00115	0.00574	0.00459	0.00459	0.77491
4	0.00916	0.00785	0.00785	0.00785	0.01047	0.00655	0.00589	0.01113	0.01767	0.02095	0.07855	0.07462	0.67599	0.01964	0.00916	0.00262	0.00393	0.01636	0.00720	0.00655
5	0.00974	0.00788	0.00866	0.00846	0.01083	0.00679	0.00635	0.01225	0.01904	0.02420	0.26995	0.06926	0.48255	0.01842	0.00916	0.00256	0.00384	0.01561	0.00763	0.00679
6	0.01608	0.01378	0.01608	0.01148	0.01837	0.01034	0.00919	0.01952	0.01608	0.02527	0.01378	0.01608	0.01148	0.00574	0.00574	0.00115	0.00574	0.00459	0.00459	0.77491
7	0.00945	0.00675	0.00900	0.01080	0.01125	0.00630	0.00720	0.01080	0.01484	0.01979	0.04274	0.72245	0.05128	0.02429	0.00990	0.00315	0.00450	0.02204	0.00720	0.00630
8	0.01065	0.00768	0.01007	0.00998	0.01151	0.00710	0.00729	0.01382	0.02044	0.02870	0.54104	0.19876	0.06852	0.01764	0.00930	0.00259	0.00384	0.01572	0.00825	0.00710
9	0.56803	0.01553	0.01571	0.01312	0.01825	0.01724	0.06692	0.02621	0.08074	0.09268	0.01514	0.01626	0.01123	0.00769	0.00578	0.00244	0.00670	0.00544	0.00547	0.00941
10	0.02098	0.60466	0.09980	0.01470	0.02155	0.08923	0.01487	0.02404	0.01637	0.01890	0.01118	0.01295	0.00994	0.00682	0.00538	0.00176	0.00910	0.00437	0.00337	0.01001
11	0.01054	0.00701	0.00896	0.00990	0.01029	0.00670	0.00639	0.01083	0.01333	0.01762	0.03546	0.39888	0.07579	0.21052	0.02083	0.12346	0.00561	0.01650	0.00594	0.00544

[dist]
# distance from previous block
# <min> <max>
9	13

[block]
# block no. 6 follows, 25 sequences, length 8
# corresponding to MSA columns:
# 364-371
name=unknown_G
#
# <colnr> <probs for GDERKNQSTAVLIFYWHMCP>
#	G	D	E	R	K	N	Q	S	T	A	V	L	I	F	Y	W	H	M	C	P
0	0.01997	0.02176	0.15058	0.01782	0.02388	0.01866	0.04325	0.19838	0.13367	0.03181	0.01985	0.06612	0.01625	0.00993	0.00942	0.00241	0.08025	0.00777	0.00580	0.12243
1	0.01294	0.10007	0.01492	0.01178	0.01394	0.05664	0.00916	0.01497	0.01671	0.02093	0.09898	0.27470	0.20307	0.01810	0.01008	0.00273	0.06003	0.04663	0.00633	0.00729
2	0.02080	0.12621	0.02455	0.05194	0.02274	0.09608	0.04404	0.18356	0.02089	0.02696	0.01843	0.13264	0.01773	0.01195	0.01156	0.00259	0.16352	0.00886	0.00523	0.00971
3	0.11132	0.09486	0.06786	0.14705	0.02839	0.32644	0.01594	0.02730	0.01880	0.07460	0.01369	0.01609	0.01059	0.00781	0.00678	0.00218	0.01108	0.00545	0.00432	0.00945
4	0.01783	0.01507	0.01770	0.01312	0.01927	0.01332	0.01062	0.09810	0.01821	0.02756	0.01404	0.01648	0.01157	0.00693	0.00788	0.00151	0.07372	0.00510	0.00487	0.60711
5	0.01218	0.00891	0.01065	0.01097	0.01247	0.00873	0.00771	0.09089	0.01804	0.02385	0.08591	0.43435	0.13053	0.09185	0.01245	0.00337	0.00517	0.01777	0.00711	0.00710
6	0.01263	0.00906	0.01170	0.01126	0.01247	0.00996	0.00806	0.06405	0.01390	0.01927	0.02209	0.03777	0.02247	0.32676	0.37394	0.00964	0.01439	0.00941	0.00466	0.00652
7	0.02757	0.02040	0.01992	0.01645	0.02156	0.13600	0.01314	0.23098	0.15123	0.19788	0.02312	0.02252	0.01657	0.01248	0.05136	0.00299	0.00930	0.00727	0.00736	0.01188

[dist]
# distance from previous block
# <min> <max>
1	15

# created by:
# /st0/software/busco_prod/Augustus/scripts/msa2prfl.pl ./align_prep/171500.fa
