[name]
unknown

[dist]
# distance from previous block
# <min> <max>
11	62

[block]
# block no. 0 follows, 27 sequences, length 9
# corresponding to MSA columns:
# 75-83
name=unknown_A
#
# <colnr> <probs for GDERKNQSTAVLIFYWHMCP>
#	G	D	E	R	K	N	Q	S	T	A	V	L	I	F	Y	W	H	M	C	P
0	0.01860	0.01783	0.02602	0.10607	0.40617	0.05290	0.01965	0.05176	0.10320	0.02457	0.01559	0.01924	0.01270	0.00797	0.00915	0.00237	0.08433	0.00674	0.00426	0.01089
1	0.01120	0.00879	0.01035	0.01075	0.01238	0.02880	0.00806	0.04174	0.01682	0.02196	0.13110	0.27485	0.17160	0.04201	0.09108	0.00395	0.00673	0.09454	0.00659	0.00671
2	0.01656	0.00991	0.01147	0.01023	0.01249	0.01039	0.00775	0.06266	0.04280	0.09605	0.02319	0.05125	0.01986	0.13461	0.02990	0.00317	0.06471	0.00801	0.34424	0.04075
3	0.01687	0.01249	0.01473	0.01301	0.01601	0.01354	0.01016	0.26003	0.02175	0.02937	0.05689	0.14223	0.07896	0.05160	0.22094	0.00548	0.01049	0.01054	0.00619	0.00871
4	0.01453	0.01351	0.02163	0.63938	0.04744	0.01672	0.01959	0.02134	0.09189	0.02037	0.01517	0.02071	0.01138	0.00773	0.00744	0.00248	0.00943	0.00681	0.00379	0.00865
5	0.02181	0.01642	0.01805	0.01427	0.01916	0.01720	0.01139	0.38799	0.06206	0.03692	0.07928	0.04993	0.02055	0.06954	0.00980	0.00250	0.00696	0.00786	0.00673	0.14157
6	0.01914	0.01923	0.02752	0.03885	0.54392	0.09702	0.02033	0.02315	0.01722	0.02354	0.01359	0.01748	0.01142	0.00662	0.00708	0.00205	0.00900	0.00617	0.00377	0.09289
7	0.01617	0.01597	0.02208	0.01873	0.01932	0.02158	0.01557	0.01794	0.01173	0.01843	0.01005	0.01617	0.00986	0.01232	0.02267	0.00306	0.66084	0.00631	0.00335	0.07786
8	0.02098	0.04397	0.06272	0.03390	0.42585	0.07448	0.01948	0.05205	0.07344	0.09600	0.01673	0.01908	0.01302	0.00737	0.00723	0.00220	0.00875	0.00656	0.00470	0.01151

[dist]
# distance from previous block
# <min> <max>
0	1

[block]
# block no. 1 follows, 27 sequences, length 6
# corresponding to MSA columns:
# 85-90
name=unknown_B
#
# <colnr> <probs for GDERKNQSTAVLIFYWHMCP>
#	G	D	E	R	K	N	Q	S	T	A	V	L	I	F	Y	W	H	M	C	P
0	0.00997	0.00711	0.00871	0.00920	0.00990	0.00692	0.00604	0.01112	0.01346	0.01792	0.08429	0.26225	0.11576	0.30846	0.09073	0.00545	0.00689	0.01448	0.00575	0.00559
1	0.02418	0.01396	0.01671	0.01339	0.01825	0.01379	0.01080	0.17233	0.11265	0.27435	0.15539	0.02905	0.02723	0.01012	0.00756	0.00222	0.00605	0.00833	0.00797	0.07567
2	0.08067	0.13639	0.25478	0.02078	0.10338	0.01872	0.06697	0.09893	0.01725	0.02508	0.01331	0.01647	0.01051	0.00914	0.00917	0.08983	0.00910	0.00576	0.00389	0.00986
3	0.01925	0.07498	0.02341	0.11006	0.25399	0.16652	0.01640	0.06244	0.01815	0.02283	0.01701	0.09782	0.01562	0.00906	0.00711	0.00219	0.00896	0.00766	0.05696	0.00957
4	0.01293	0.01206	0.08956	0.01529	0.07959	0.00942	0.01158	0.01598	0.01579	0.07307	0.08266	0.30596	0.07972	0.02156	0.09285	0.00382	0.00758	0.05662	0.00608	0.00786
5	0.01112	0.01102	0.08697	0.01153	0.01348	0.00846	0.00926	0.04848	0.01554	0.02116	0.08235	0.46607	0.04105	0.12181	0.01306	0.00344	0.00562	0.01652	0.00625	0.00680

[dist]
# distance from previous block
# <min> <max>
9	22

[block]
# block no. 2 follows, 27 sequences, length 7
# corresponding to MSA columns:
# 113-119
name=unknown_C
#
# <colnr> <probs for GDERKNQSTAVLIFYWHMCP>
#	G	D	E	R	K	N	Q	S	T	A	V	L	I	F	Y	W	H	M	C	P
0	0.02343	0.01582	0.01757	0.01409	0.01870	0.01684	0.01135	0.37183	0.07006	0.11804	0.10960	0.02877	0.05578	0.04469	0.00900	0.00249	0.00670	0.00840	0.04597	0.01087
1	0.02104	0.08438	0.01584	0.01123	0.01518	0.01089	0.00917	0.02407	0.02030	0.31150	0.30816	0.03906	0.07434	0.01193	0.00780	0.00225	0.00516	0.01005	0.00803	0.00961
2	0.01371	0.00864	0.01116	0.01128	0.01319	0.00832	0.00844	0.01780	0.07922	0.11022	0.19292	0.34452	0.04699	0.01799	0.00895	0.00276	0.00479	0.08382	0.00755	0.00773
3	0.01176	0.00810	0.01074	0.01199	0.01368	0.00796	0.01013	0.01498	0.01697	0.02309	0.08132	0.11234	0.07711	0.01871	0.00938	0.00306	0.00587	0.44975	0.10627	0.00678
4	0.38573	0.17008	0.10045	0.01230	0.01785	0.01813	0.01176	0.02277	0.01432	0.09471	0.01351	0.01540	0.01055	0.01159	0.07112	0.00305	0.00821	0.00490	0.00453	0.00904
5	0.01335	0.10429	0.01894	0.01407	0.01653	0.01386	0.07135	0.01629	0.01319	0.01905	0.01763	0.02462	0.01587	0.03539	0.40914	0.00775	0.08749	0.00726	0.08641	0.00750
6	0.14480	0.41043	0.02927	0.01381	0.01950	0.10676	0.01242	0.14231	0.01906	0.02548	0.01185	0.01320	0.00987	0.00706	0.00546	0.00186	0.00828	0.00457	0.00426	0.00975

[dist]
# distance from previous block
# <min> <max>
14	27

[block]
# block no. 3 follows, 27 sequences, length 27
# corresponding to MSA columns:
# 147-173
name=unknown_D
#
# <colnr> <probs for GDERKNQSTAVLIFYWHMCP>
#	G	D	E	R	K	N	Q	S	T	A	V	L	I	F	Y	W	H	M	C	P
0	0.01280	0.03114	0.01094	0.00963	0.01188	0.00797	0.00706	0.01494	0.01685	0.08916	0.21117	0.19178	0.16748	0.11619	0.01245	0.00307	0.00479	0.01358	0.00684	0.06027
1	0.02295	0.01922	0.07493	0.01562	0.02089	0.01900	0.01343	0.44471	0.06610	0.03943	0.11084	0.02549	0.02181	0.05976	0.00967	0.00261	0.00756	0.00789	0.00698	0.01111
2	0.01182	0.00876	0.01113	0.01249	0.04441	0.00865	0.00825	0.08734	0.01665	0.02218	0.03753	0.53478	0.07500	0.07029	0.01107	0.00315	0.00514	0.01774	0.00663	0.00697
3	0.02365	0.01157	0.03579	0.01256	0.01690	0.00976	0.01067	0.02682	0.01993	0.40441	0.12718	0.04370	0.08118	0.01282	0.00826	0.00253	0.00597	0.12784	0.00824	0.01022
4	0.01401	0.00842	0.01078	0.11908	0.01646	0.00888	0.03396	0.01782	0.01553	0.02617	0.02213	0.02614	0.01730	0.00836	0.00568	0.00188	0.00482	0.00694	0.62837	0.00725
5	0.01798	0.01758	0.03103	0.09133	0.57853	0.01768	0.09083	0.02262	0.01683	0.02383	0.01402	0.01865	0.01158	0.00663	0.00750	0.00226	0.00929	0.00684	0.00366	0.01133
6	0.01565	0.01560	0.02849	0.35487	0.20505	0.01678	0.17162	0.02061	0.01609	0.02146	0.01705	0.02219	0.04618	0.00754	0.00779	0.00242	0.00992	0.00758	0.00369	0.00943
7	0.01078	0.00725	0.00836	0.00836	0.00845	0.00734	0.00483	0.01096	0.01087	0.01459	0.02315	0.04725	0.02641	0.69224	0.08386	0.00752	0.00807	0.01060	0.00446	0.00464
8	0.01812	0.01422	0.01645	0.01196	0.01842	0.01177	0.00965	0.10992	0.01841	0.06259	0.01468	0.01625	0.01161	0.00617	0.00587	0.00132	0.00591	0.00488	0.00507	0.63674
9	0.02790	0.01942	0.02108	0.01625	0.02196	0.02121	0.01339	0.58306	0.03280	0.09921	0.01909	0.01894	0.01342	0.00892	0.00732	0.00221	0.00778	0.00676	0.04696	0.01233
10	0.00877	0.00752	0.00752	0.00752	0.01003	0.00627	0.00564	0.01065	0.01692	0.02005	0.07520	0.07144	0.68978	0.01880	0.00877	0.00251	0.00376	0.01567	0.00689	0.00627
11	0.01366	0.01160	0.01319	0.04539	0.04824	0.01205	0.00984	0.05225	0.22601	0.02533	0.06869	0.05042	0.33237	0.01447	0.00827	0.00252	0.00531	0.04486	0.00684	0.00870
12	0.00908	0.00664	0.00854	0.00995	0.01069	0.00610	0.00675	0.01053	0.01483	0.01955	0.07312	0.62480	0.12739	0.02237	0.00936	0.00292	0.00421	0.02012	0.00695	0.00610
13	0.75931	0.01463	0.01139	0.01007	0.01472	0.01692	0.00830	0.04911	0.01357	0.03388	0.01065	0.01230	0.00823	0.00698	0.00471	0.00229	0.00585	0.00413	0.00471	0.00823
14	0.02434	0.08133	0.02370	0.01701	0.02238	0.06034	0.06722	0.43269	0.02801	0.03724	0.01712	0.01873	0.01292	0.01222	0.06473	0.00295	0.00950	0.00663	0.04984	0.01110
15	0.02713	0.01916	0.02081	0.01618	0.02168	0.02097	0.01320	0.55073	0.06535	0.09385	0.01964	0.02063	0.01439	0.05016	0.00915	0.00253	0.00786	0.00706	0.00740	0.01212
16	0.01626	0.01333	0.01650	0.10561	0.02216	0.01128	0.01062	0.04708	0.01634	0.04886	0.01468	0.03448	0.01214	0.00648	0.00601	0.00142	0.00620	0.00532	0.00462	0.60061
17	0.01600	0.01440	0.01955	0.07078	0.04961	0.01269	0.07672	0.02198	0.09859	0.02460	0.01554	0.01786	0.01242	0.00634	0.00631	0.00157	0.00673	0.00560	0.00461	0.51809
18	0.01032	0.00758	0.00967	0.00915	0.01098	0.00693	0.00686	0.01366	0.02058	0.02875	0.62427	0.05714	0.13529	0.01556	0.00876	0.00235	0.00353	0.01366	0.00804	0.00693
19	0.05542	0.12902	0.52180	0.02149	0.08455	0.01885	0.02410	0.02319	0.01554	0.02327	0.01283	0.01521	0.00955	0.00692	0.00665	0.00223	0.01012	0.00530	0.00326	0.01070
20	0.00904	0.00646	0.00861	0.01034	0.01077	0.00603	0.00689	0.01034	0.01421	0.01895	0.04092	0.73426	0.04910	0.02326	0.00948	0.00301	0.00431	0.02110	0.00689	0.00603
21	0.01061	0.00792	0.01175	0.01175	0.01301	0.00918	0.00905	0.01314	0.01188	0.01710	0.02005	0.03009	0.01896	0.08819	0.67772	0.01171	0.01928	0.00809	0.00400	0.00653
22	0.02134	0.54717	0.03352	0.01347	0.01938	0.06264	0.01263	0.13036	0.01873	0.02294	0.01236	0.01380	0.01054	0.00697	0.00533	0.00172	0.00803	0.00462	0.04459	0.00986
23	0.40341	0.09107	0.18034	0.04862	0.04483	0.05834	0.01481	0.02251	0.01430	0.02716	0.01136	0.01368	0.00886	0.00710	0.00609	0.00225	0.02758	0.00469	0.00394	0.00905
24	0.02117	0.01771	0.01731	0.01487	0.01935	0.09651	0.01179	0.17095	0.28700	0.07235	0.02902	0.03008	0.08176	0.01059	0.00756	0.00234	0.00710	0.04120	0.00692	0.05443
25	0.02233	0.01526	0.01962	0.02077	0.16220	0.01578	0.01367	0.06035	0.29140	0.20493	0.02686	0.02566	0.04059	0.00918	0.00745	0.00233	0.00663	0.00779	0.00702	0.04020
26	0.02158	0.04707	0.01904	0.01513	0.03119	0.03712	0.03076	0.29827	0.02371	0.06650	0.01998	0.05285	0.01696	0.04544	0.01054	0.04329	0.03841	0.04313	0.08863	0.05040

[dist]
# distance from previous block
# <min> <max>
0	5

[block]
# block no. 4 follows, 27 sequences, length 7
# corresponding to MSA columns:
# 179-185
name=unknown_E
#
# <colnr> <probs for GDERKNQSTAVLIFYWHMCP>
#	G	D	E	R	K	N	Q	S	T	A	V	L	I	F	Y	W	H	M	C	P
0	0.04410	0.01498	0.01866	0.20845	0.09382	0.05025	0.01448	0.12127	0.09890	0.05696	0.02511	0.05793	0.07953	0.04540	0.00909	0.00266	0.00785	0.03567	0.00552	0.00939
1	0.13006	0.08805	0.06860	0.01586	0.03740	0.10795	0.01333	0.18482	0.13717	0.04822	0.02106	0.02320	0.04745	0.00924	0.00687	0.00226	0.00797	0.03439	0.00578	0.01032
2	0.01237	0.00986	0.01205	0.01135	0.01346	0.01004	0.00852	0.07228	0.01613	0.02181	0.03697	0.26840	0.17064	0.05467	0.09028	0.00384	0.07377	0.01343	0.00588	0.09425
3	0.01598	0.00965	0.01215	0.01176	0.01379	0.00951	0.00858	0.12025	0.01807	0.11871	0.03254	0.44208	0.03499	0.01922	0.01095	0.08641	0.00544	0.01528	0.00691	0.00773
4	0.02475	0.01459	0.04771	0.01649	0.08428	0.01282	0.01242	0.05646	0.10505	0.35135	0.08749	0.02594	0.02173	0.00910	0.00735	0.00218	0.00642	0.00760	0.00747	0.09880
5	0.09287	0.04092	0.01629	0.01314	0.01770	0.01505	0.01050	0.03206	0.31866	0.18431	0.10041	0.02734	0.02432	0.00968	0.00714	0.00229	0.00575	0.00789	0.00734	0.06635
6	0.01600	0.05415	0.18341	0.02602	0.13133	0.01643	0.25548	0.02149	0.01632	0.02300	0.01700	0.09845	0.01508	0.00834	0.00774	0.00230	0.00979	0.00844	0.00399	0.08523

[dist]
# distance from previous block
# <min> <max>
39	123

[block]
# block no. 5 follows, 27 sequences, length 75
# corresponding to MSA columns:
# 312-386
name=unknown_F
#
# <colnr> <probs for GDERKNQSTAVLIFYWHMCP>
#	G	D	E	R	K	N	Q	S	T	A	V	L	I	F	Y	W	H	M	C	P
0	0.11195	0.02510	0.31656	0.03837	0.09969	0.01608	0.08728	0.02330	0.04849	0.04854	0.01685	0.04973	0.01381	0.00833	0.00719	0.00238	0.00915	0.03406	0.00423	0.03892
1	0.01974	0.01664	0.04424	0.03664	0.04450	0.01663	0.03971	0.27001	0.12039	0.03422	0.12119	0.02917	0.05653	0.01017	0.00763	0.00224	0.00697	0.02608	0.00664	0.09067
2	0.01680	0.05304	0.08450	0.02192	0.09449	0.01631	0.19644	0.06935	0.09085	0.02608	0.06161	0.08348	0.01992	0.00935	0.00814	0.00233	0.02917	0.00879	0.06481	0.04262
3	0.04843	0.04585	0.07853	0.01998	0.07309	0.07708	0.11476	0.21008	0.02236	0.06554	0.04183	0.04912	0.01537	0.00838	0.00726	0.00214	0.00873	0.00720	0.00544	0.09883
4	0.02166	0.27218	0.04981	0.01669	0.04931	0.26143	0.01362	0.05322	0.08412	0.02152	0.04919	0.01925	0.04224	0.00826	0.00638	0.00195	0.00939	0.00592	0.00443	0.00945
5	0.04936	0.18093	0.04981	0.01284	0.01808	0.01654	0.01132	0.11546	0.04014	0.20264	0.06920	0.05997	0.08963	0.01025	0.00695	0.00214	0.00654	0.00813	0.00647	0.04361
6	0.10208	0.04359	0.04104	0.01387	0.04575	0.01319	0.01079	0.07709	0.07856	0.23121	0.10626	0.10737	0.02659	0.05810	0.00938	0.00268	0.00620	0.00935	0.00702	0.00989
7	0.02018	0.01342	0.01564	0.01333	0.01729	0.01352	0.01036	0.23328	0.06169	0.12805	0.02776	0.26984	0.02663	0.01364	0.00793	0.00240	0.00610	0.01168	0.00715	0.10011
8	0.05663	0.04041	0.01451	0.01162	0.01510	0.04466	0.00915	0.13433	0.02168	0.13268	0.25925	0.03968	0.11127	0.06445	0.00995	0.00263	0.00580	0.01015	0.00722	0.00883
9	0.01758	0.06873	0.32658	0.08693	0.03285	0.05181	0.18942	0.02400	0.01686	0.07034	0.03511	0.01874	0.01242	0.00727	0.00746	0.00233	0.01066	0.00670	0.00393	0.01027
10	0.01296	0.01022	0.03760	0.03747	0.01623	0.00907	0.04705	0.04691	0.01684	0.06511	0.10217	0.42882	0.04065	0.01781	0.00884	0.00273	0.00562	0.04668	0.00665	0.04057
11	0.01177	0.00843	0.00947	0.00930	0.01046	0.00832	0.00625	0.06505	0.01476	0.01914	0.03606	0.10312	0.16506	0.42518	0.02521	0.00524	0.00633	0.05947	0.00558	0.00582
12	0.00904	0.00646	0.00861	0.01034	0.01077	0.00603	0.00689	0.01034	0.01421	0.01895	0.04092	0.73426	0.04910	0.02326	0.00948	0.00301	0.00431	0.02110	0.00689	0.00603
13	0.06556	0.61115	0.03504	0.01294	0.01913	0.02742	0.01250	0.08053	0.01693	0.04488	0.01166	0.01292	0.01003	0.00671	0.00509	0.00171	0.00778	0.00434	0.00385	0.00983
14	0.05899	0.01743	0.02663	0.13520	0.28043	0.04405	0.11775	0.06543	0.10223	0.02605	0.01642	0.01982	0.01284	0.00740	0.00736	0.00231	0.00895	0.00698	0.03321	0.01052
15	0.02347	0.01764	0.01911	0.01480	0.02040	0.01854	0.01206	0.42139	0.08692	0.03903	0.01844	0.01896	0.01368	0.00826	0.00685	0.00197	0.00702	0.00636	0.06728	0.17782
16	0.00900	0.00753	0.00784	0.00776	0.01017	0.00636	0.00582	0.01109	0.01746	0.02133	0.15567	0.06935	0.60853	0.01833	0.00877	0.00248	0.00373	0.01537	0.00706	0.00636
17	0.15441	0.10132	0.02192	0.01547	0.02099	0.08116	0.01287	0.41003	0.05189	0.03823	0.01566	0.01619	0.01163	0.00822	0.00660	0.00215	0.00810	0.00584	0.00618	0.01114
18	0.01591	0.00979	0.01036	0.00936	0.01150	0.01023	0.00689	0.14770	0.01834	0.02821	0.02323	0.05167	0.02048	0.17889	0.01335	0.00314	0.00531	0.00820	0.41998	0.00749
19	0.00927	0.00747	0.00830	0.00856	0.01065	0.00650	0.00644	0.01140	0.01714	0.02137	0.15011	0.15325	0.48021	0.01900	0.00897	0.00261	0.00402	0.06130	0.00706	0.00638
20	0.01574	0.01445	0.04518	0.01200	0.01823	0.01113	0.01003	0.05047	0.01617	0.02481	0.01461	0.04928	0.01275	0.00683	0.00651	0.00137	0.03115	0.00542	0.00457	0.64929
21	0.69177	0.01514	0.03762	0.01195	0.04852	0.01632	0.00945	0.02161	0.01331	0.03235	0.03878	0.01431	0.01085	0.00723	0.00500	0.00230	0.00600	0.00459	0.00464	0.00829
22	0.00902	0.00654	0.00853	0.01013	0.01071	0.00605	0.00680	0.01036	0.01441	0.01903	0.04343	0.68562	0.09611	0.02293	0.00942	0.00298	0.00427	0.02071	0.00689	0.00605
23	0.02654	0.02013	0.02235	0.01734	0.02311	0.02227	0.03774	0.56169	0.11904	0.04387	0.01935	0.01920	0.01390	0.00897	0.00749	0.00228	0.00803	0.00698	0.00731	0.01241
24	0.01837	0.01764	0.03013	0.04557	0.69279	0.01764	0.02278	0.02278	0.01690	0.02425	0.01396	0.01837	0.01176	0.00661	0.00735	0.00220	0.00882	0.00661	0.00367	0.01176
25	0.01474	0.01393	0.02356	0.61015	0.15664	0.01668	0.02097	0.01959	0.01518	0.01984	0.01332	0.01956	0.01020	0.00729	0.00741	0.00243	0.00972	0.00660	0.00336	0.00882
26	0.01690	0.01800	0.02866	0.07431	0.02776	0.06359	0.22147	0.02024	0.01430	0.01988	0.01310	0.04812	0.01190	0.01056	0.01644	0.00286	0.37190	0.00773	0.00360	0.00867
27	0.01990	0.01450	0.01772	0.04899	0.01990	0.01589	0.04355	0.28073	0.05156	0.05263	0.02252	0.04953	0.04205	0.01595	0.10096	0.00354	0.03375	0.00794	0.14862	0.00976
28	0.01761	0.01746	0.02208	0.27161	0.03198	0.10883	0.04706	0.07597	0.04394	0.02153	0.01391	0.01909	0.01142	0.01333	0.07445	0.00342	0.18698	0.00664	0.00397	0.00872
29	0.01675	0.01862	0.03984	0.02990	0.06431	0.01750	0.57492	0.02245	0.01718	0.02334	0.01746	0.08844	0.01491	0.00790	0.00877	0.00254	0.01157	0.00985	0.00405	0.00971
30	0.00904	0.00646	0.00861	0.01034	0.01077	0.00603	0.00689	0.01034	0.01421	0.01895	0.04092	0.73426	0.04910	0.02326	0.00948	0.00301	0.00431	0.02110	0.00689	0.00603
31	0.01646	0.26116	0.49160	0.01849	0.02800	0.02107	0.02278	0.02311	0.01549	0.02160	0.01237	0.01448	0.00944	0.00683	0.00633	0.00211	0.01001	0.00501	0.00315	0.01052
32	0.02419	0.12671	0.06365	0.01886	0.05508	0.39746	0.01484	0.09608	0.06394	0.02262	0.01455	0.04194	0.01232	0.00826	0.00672	0.00202	0.01089	0.00585	0.00443	0.00956
33	0.01635	0.01008	0.00957	0.00881	0.01118	0.04336	0.00677	0.10074	0.01830	0.02964	0.02278	0.02572	0.01775	0.00863	0.00555	0.00180	0.00455	0.00678	0.64391	0.00773
34	0.72052	0.08147	0.01349	0.01003	0.01479	0.01782	0.00847	0.02186	0.01286	0.03185	0.01034	0.01205	0.00818	0.00684	0.00461	0.00223	0.00594	0.00402	0.00446	0.00818
35	0.01055	0.00710	0.00817	0.00841	0.00847	0.00704	0.00483	0.01073	0.01127	0.01502	0.02581	0.14318	0.03004	0.64034	0.03388	0.00662	0.00680	0.01222	0.00483	0.00471
36	0.01615	0.01621	0.02156	0.01870	0.01900	0.05045	0.01545	0.01789	0.01184	0.01781	0.01085	0.01744	0.01064	0.01712	0.09352	0.00408	0.62337	0.00657	0.00335	0.00799
37	0.01846	0.01595	0.01679	0.01511	0.01930	0.01846	0.01175	0.03945	0.67938	0.03105	0.03022	0.02770	0.02266	0.01007	0.00755	0.00252	0.00588	0.00839	0.00755	0.01175
38	0.01071	0.00780	0.00996	0.01100	0.01224	0.00751	0.00811	0.04789	0.01656	0.02188	0.08380	0.47278	0.10521	0.02104	0.00939	0.00296	0.00488	0.13267	0.00699	0.00663
39	0.05273	0.01366	0.02244	0.62354	0.10883	0.01661	0.02020	0.01946	0.01493	0.02016	0.01313	0.01928	0.00998	0.00732	0.00728	0.00244	0.00959	0.00647	0.00340	0.00856
40	0.01834	0.01774	0.03071	0.04496	0.66509	0.01769	0.05003	0.02283	0.01693	0.02423	0.01401	0.01844	0.01174	0.00660	0.00741	0.00222	0.00898	0.00671	0.00368	0.01169
41	0.00904	0.00646	0.00861	0.01034	0.01077	0.00603	0.00689	0.01034	0.01421	0.01895	0.04092	0.73426	0.04910	0.02326	0.00948	0.00301	0.00431	0.02110	0.00689	0.00603
42	0.00904	0.00646	0.00861	0.01034	0.01077	0.00603	0.00689	0.01034	0.01421	0.01895	0.04092	0.73426	0.04910	0.02326	0.00948	0.00301	0.00431	0.02110	0.00689	0.00603
43	0.01740	0.01789	0.02494	0.05037	0.02360	0.07415	0.10765	0.04630	0.01423	0.02002	0.01245	0.04773	0.01177	0.01167	0.01873	0.00295	0.47859	0.00733	0.00370	0.00853
44	0.01624	0.01624	0.02274	0.01949	0.01949	0.02274	0.01624	0.01787	0.01137	0.01787	0.00975	0.01624	0.00975	0.01299	0.02436	0.00325	0.72552	0.00650	0.00325	0.00812
45	0.01080	0.00720	0.00810	0.00810	0.00810	0.00720	0.00450	0.01080	0.01080	0.01439	0.02339	0.04858	0.02699	0.73910	0.03779	0.00720	0.00720	0.01080	0.00450	0.00450
46	0.01539	0.01319	0.01539	0.01100	0.01759	0.00990	0.00880	0.01869	0.01539	0.02419	0.01319	0.01539	0.01100	0.00550	0.00550	0.00110	0.00550	0.00440	0.00440	0.78449
47	0.01402	0.01319	0.02227	0.72126	0.05113	0.01649	0.02062	0.01897	0.01484	0.01897	0.01319	0.01979	0.00990	0.00742	0.00742	0.00247	0.00990	0.00660	0.00330	0.00825
48	0.02012	0.01677	0.01772	0.01544	0.01994	0.01924	0.01215	0.14619	0.56994	0.03373	0.02811	0.02602	0.02096	0.00987	0.00753	0.00247	0.00626	0.00810	0.00753	0.01190
49	0.01061	0.00795	0.01193	0.01193	0.01326	0.00928	0.00928	0.01326	0.01193	0.01723	0.01988	0.02916	0.01856	0.05568	0.70968	0.01193	0.01988	0.00795	0.00398	0.00663
50	0.02803	0.01147	0.01554	0.01231	0.01713	0.01001	0.01001	0.03104	0.02119	0.54316	0.18208	0.03226	0.03035	0.01058	0.00776	0.00231	0.00566	0.00885	0.00895	0.01133
51	0.02056	0.67980	0.03729	0.01328	0.01940	0.09060	0.01285	0.02290	0.01562	0.01753	0.01042	0.01204	0.00953	0.00647	0.00494	0.00162	0.00843	0.00404	0.00323	0.00944
52	0.00926	0.00659	0.00873	0.01036	0.01083	0.00620	0.00698	0.01058	0.01416	0.01885	0.03993	0.67022	0.04766	0.06071	0.01099	0.00325	0.00457	0.04737	0.00676	0.00598
53	0.01719	0.01916	0.04039	0.09103	0.06293	0.01873	0.55409	0.02303	0.01696	0.02309	0.01456	0.01976	0.01109	0.00671	0.00937	0.00253	0.04750	0.00838	0.00369	0.00983
54	0.02734	0.07049	0.02192	0.01881	0.02276	0.67560	0.01426	0.02928	0.02074	0.01813	0.01142	0.01331	0.00956	0.00759	0.00660	0.00190	0.01312	0.00474	0.00379	0.00865
55	0.06408	0.01247	0.01649	0.01283	0.01833	0.01090	0.01051	0.03359	0.02029	0.60684	0.02818	0.05474	0.01889	0.00951	0.00733	0.00227	0.00617	0.00775	0.00866	0.05018
56	0.01714	0.04465	0.03531	0.02590	0.03099	0.04888	0.41880	0.02166	0.01594	0.02162	0.01535	0.06977	0.01349	0.00908	0.01215	0.00265	0.17477	0.00879	0.00385	0.00922
57	0.01154	0.00830	0.00978	0.00950	0.01159	0.00776	0.00706	0.01521	0.06501	0.05537	0.26516	0.11864	0.25880	0.08214	0.01137	0.00295	0.00444	0.04107	0.00726	0.00705
58	0.28623	0.18297	0.13839	0.01770	0.10407	0.01987	0.01492	0.02347	0.04220	0.05424	0.01290	0.01485	0.01020	0.00729	0.00662	0.00219	0.04301	0.00503	0.00416	0.00969
59	0.00891	0.00748	0.00774	0.00777	0.01014	0.00631	0.00579	0.01088	0.01710	0.02071	0.11813	0.09854	0.61765	0.01873	0.00880	0.00252	0.00376	0.01574	0.00699	0.00631
60	0.01791	0.39258	0.31456	0.01733	0.02559	0.04442	0.05088	0.02306	0.01563	0.02032	0.01184	0.01392	0.00956	0.00668	0.00597	0.00196	0.00959	0.00486	0.00321	0.01013
61	0.01985	0.74357	0.03890	0.01270	0.01905	0.02937	0.01270	0.02223	0.01508	0.01747	0.01032	0.01191	0.00953	0.00635	0.00476	0.00159	0.00794	0.00397	0.00318	0.00953
62	0.79154	0.01436	0.01091	0.00976	0.01436	0.01665	0.00804	0.02182	0.01263	0.03331	0.01034	0.01206	0.00804	0.00689	0.00459	0.00230	0.00574	0.00402	0.00459	0.00804
63	0.01752	0.02003	0.04380	0.03129	0.03880	0.01877	0.66583	0.02378	0.01752	0.02378	0.01502	0.02003	0.01126	0.00626	0.00876	0.00250	0.01252	0.00876	0.00375	0.01001
64	0.01061	0.00795	0.01193	0.01193	0.01326	0.00928	0.00928	0.01326	0.01193	0.01723	0.01988	0.02916	0.01856	0.05568	0.70968	0.01193	0.01988	0.00795	0.00398	0.00663
65	0.00930	0.00666	0.00864	0.01011	0.01065	0.00624	0.00680	0.01058	0.01414	0.01871	0.04093	0.61449	0.07839	0.08893	0.01208	0.00339	0.00464	0.04272	0.00667	0.00593
66	0.00974	0.00818	0.00825	0.00799	0.01067	0.00710	0.00606	0.04324	0.01781	0.02138	0.07236	0.06879	0.65621	0.01831	0.00871	0.00249	0.00398	0.01522	0.00692	0.00658
67	0.01339	0.00922	0.01021	0.00943	0.01032	0.00955	0.00593	0.10858	0.01438	0.01921	0.02256	0.04400	0.02485	0.63047	0.03327	0.00646	0.00734	0.01018	0.00493	0.00571
68	0.01004	0.00757	0.00927	0.00885	0.01080	0.00680	0.00663	0.01310	0.01990	0.02714	0.52253	0.05979	0.23803	0.01616	0.00876	0.00238	0.00357	0.01403	0.00783	0.00680
69	0.79154	0.01436	0.01091	0.00976	0.01436	0.01665	0.00804	0.02182	0.01263	0.03331	0.01034	0.01206	0.00804	0.00689	0.00459	0.00230	0.00574	0.00402	0.00459	0.00804
70	0.01741	0.01970	0.11313	0.12372	0.53297	0.01745	0.02310	0.02242	0.01650	0.02352	0.01379	0.01821	0.01124	0.00677	0.00732	0.00226	0.00922	0.00647	0.00356	0.01124
71	0.01046	0.00824	0.00921	0.00872	0.01111	0.00743	0.00660	0.04644	0.01942	0.02516	0.30607	0.06254	0.41805	0.01690	0.00870	0.00243	0.00389	0.01434	0.00741	0.00688
72	0.01013	0.00765	0.01038	0.01238	0.04912	0.00708	0.00815	0.01194	0.01498	0.02018	0.06335	0.56144	0.07270	0.02074	0.00914	0.00285	0.00473	0.05914	0.00663	0.04730
73	0.02690	0.02049	0.02189	0.01783	0.04797	0.04613	0.01408	0.58660	0.03300	0.04403	0.05267	0.01966	0.01550	0.00911	0.00747	0.00222	0.00813	0.00697	0.00720	0.01216
74	0.02731	0.02008	0.02153	0.01661	0.02224	0.02219	0.01361	0.63354	0.03364	0.04509	0.01812	0.01944	0.01338	0.04724	0.00902	0.00249	0.00812	0.00690	0.00727	0.01220

[dist]
# distance from previous block
# <min> <max>
0	5

[block]
# block no. 6 follows, 27 sequences, length 18
# corresponding to MSA columns:
# 392-409
name=unknown_G
#
# <colnr> <probs for GDERKNQSTAVLIFYWHMCP>
#	G	D	E	R	K	N	Q	S	T	A	V	L	I	F	Y	W	H	M	C	P
0	0.12351	0.02176	0.02194	0.01724	0.02284	0.10749	0.05117	0.46988	0.02937	0.04019	0.01593	0.01667	0.01159	0.00835	0.00706	0.00221	0.00877	0.00623	0.00641	0.01140
1	0.13570	0.01238	0.01400	0.01223	0.01550	0.01368	0.00972	0.18618	0.01892	0.06891	0.01914	0.02421	0.01589	0.06285	0.26212	0.00595	0.01133	0.00702	0.09559	0.00868
2	0.02650	0.02210	0.06103	0.01724	0.02319	0.05737	0.01467	0.53850	0.09409	0.04248	0.01841	0.01841	0.01323	0.00885	0.00738	0.00225	0.00838	0.00668	0.00701	0.01224
3	0.01008	0.00701	0.00820	0.00871	0.00907	0.00676	0.00532	0.01065	0.01239	0.01628	0.03348	0.25460	0.09595	0.45847	0.02664	0.00551	0.00601	0.01432	0.00544	0.00512
4	0.02870	0.02003	0.02180	0.01672	0.02264	0.02188	0.01381	0.60857	0.03362	0.10808	0.01890	0.01852	0.01317	0.00894	0.00743	0.00223	0.00799	0.00676	0.00759	0.01263
5	0.01048	0.00725	0.00801	0.00801	0.00839	0.00705	0.00467	0.01077	0.01174	0.01527	0.03138	0.05211	0.12916	0.62807	0.03331	0.00647	0.00667	0.01155	0.00487	0.00477
6	0.00923	0.00657	0.00866	0.01015	0.01064	0.00615	0.00677	0.01058	0.01443	0.01934	0.07850	0.65615	0.04913	0.06216	0.01099	0.00320	0.00442	0.02008	0.00684	0.00600
7	0.01489	0.03840	0.70064	0.02116	0.03213	0.01724	0.02743	0.02351	0.01567	0.02351	0.01332	0.01567	0.00940	0.00705	0.00705	0.00235	0.01097	0.00549	0.00313	0.01097
8	0.01051	0.00759	0.00992	0.00934	0.01109	0.00700	0.00700	0.01401	0.02101	0.02977	0.68888	0.05545	0.07005	0.01518	0.00876	0.00233	0.00350	0.01343	0.00817	0.00700
9	0.00988	0.00756	0.00905	0.00868	0.01071	0.00674	0.00651	0.01279	0.01953	0.02625	0.46659	0.06125	0.29453	0.01649	0.00876	0.00240	0.00360	0.01424	0.00771	0.00674
10	0.01051	0.00759	0.00992	0.00934	0.01109	0.00700	0.00700	0.01401	0.02101	0.02977	0.68888	0.05545	0.07005	0.01518	0.00876	0.00233	0.00350	0.01343	0.00817	0.00700
11	0.40134	0.01448	0.01403	0.01161	0.01640	0.01569	0.00952	0.15229	0.01913	0.17156	0.01720	0.01759	0.01225	0.00795	0.00581	0.00222	0.00610	0.00557	0.08950	0.00977
12	0.07639	0.00808	0.00786	0.00756	0.00969	0.00835	0.00578	0.04415	0.01612	0.02890	0.02285	0.02603	0.01789	0.00852	0.00523	0.00180	0.00383	0.00668	0.68704	0.00724
13	0.01588	0.11370	0.53228	0.02281	0.08374	0.01871	0.06589	0.02333	0.01582	0.02292	0.01315	0.01575	0.00972	0.00689	0.00693	0.00226	0.01056	0.00562	0.00322	0.01081
14	0.00977	0.00756	0.00890	0.00856	0.01064	0.00669	0.00642	0.01258	0.01927	0.02563	0.42734	0.06227	0.33417	0.01672	0.00876	0.00241	0.00361	0.01438	0.00763	0.00669
15	0.09709	0.07142	0.01751	0.01284	0.01764	0.01450	0.01055	0.08189	0.12803	0.31172	0.13203	0.02764	0.02530	0.00984	0.00720	0.00228	0.00601	0.00792	0.00770	0.01090
16	0.16348	0.30303	0.13202	0.01361	0.01957	0.06388	0.01344	0.02287	0.01566	0.08566	0.01691	0.07310	0.03225	0.00861	0.00596	0.00207	0.00780	0.00629	0.00444	0.00934
17	0.01969	0.19084	0.02435	0.13416	0.09068	0.17404	0.01444	0.07702	0.04083	0.02286	0.07047	0.02215	0.05040	0.00859	0.00674	0.00206	0.00883	0.00666	0.02596	0.00922

[dist]
# distance from previous block
# <min> <max>
10	19

[block]
# block no. 7 follows, 27 sequences, length 49
# corresponding to MSA columns:
# 429-477
name=unknown_H
#
# <colnr> <probs for GDERKNQSTAVLIFYWHMCP>
#	G	D	E	R	K	N	Q	S	T	A	V	L	I	F	Y	W	H	M	C	P
0	0.10686	0.20542	0.04533	0.01601	0.05064	0.09651	0.01314	0.19990	0.07198	0.02950	0.05178	0.01845	0.01501	0.01019	0.03679	0.00249	0.00861	0.00600	0.00523	0.01016
1	0.21119	0.01698	0.09426	0.11292	0.23509	0.01565	0.01644	0.02213	0.04032	0.04881	0.05170	0.01981	0.01452	0.00815	0.00724	0.02428	0.00764	0.00632	0.03696	0.00962
2	0.21846	0.01861	0.12970	0.17878	0.05899	0.01628	0.10963	0.04044	0.01631	0.09449	0.04046	0.01898	0.01286	0.00754	0.00688	0.00237	0.00867	0.00642	0.00459	0.00955
3	0.15455	0.01998	0.11147	0.06247	0.41468	0.03756	0.01999	0.02342	0.04284	0.02563	0.01379	0.01720	0.01110	0.00692	0.00682	0.00226	0.00861	0.00603	0.00391	0.01076
4	0.01742	0.01666	0.02841	0.19395	0.55189	0.01739	0.02231	0.02195	0.01645	0.02309	0.01380	0.01869	0.01135	0.00679	0.00737	0.00226	0.00906	0.00661	0.00359	0.01099
5	0.01804	0.01527	0.01645	0.01523	0.04116	0.01712	0.01147	0.09856	0.49482	0.03082	0.03497	0.03276	0.11857	0.01111	0.00771	0.00248	0.00590	0.00922	0.00731	0.01104
6	0.00919	0.00751	0.00793	0.00784	0.01004	0.00645	0.00576	0.01117	0.01708	0.02110	0.16438	0.06731	0.54611	0.07225	0.01095	0.00283	0.00398	0.01496	0.00691	0.00625
7	0.01066	0.00775	0.01087	0.01087	0.01183	0.00871	0.00796	0.01258	0.01162	0.01645	0.02085	0.03452	0.02088	0.24413	0.52440	0.01063	0.01639	0.00874	0.00412	0.00604
8	0.00909	0.00657	0.00861	0.01014	0.01074	0.00608	0.00683	0.01051	0.01465	0.01947	0.07000	0.66929	0.08524	0.02267	0.00941	0.00296	0.00424	0.02048	0.00695	0.00608
9	0.01624	0.01624	0.02274	0.01949	0.01949	0.02274	0.01624	0.01787	0.01137	0.01787	0.00975	0.01624	0.00975	0.01299	0.02436	0.00325	0.72552	0.00650	0.00325	0.00812
10	0.00904	0.00646	0.00861	0.01034	0.01077	0.00603	0.00689	0.01034	0.01421	0.01895	0.04092	0.73426	0.04910	0.02326	0.00948	0.00301	0.00431	0.02110	0.00689	0.00603
11	0.01810	0.01725	0.02935	0.04419	0.66350	0.01725	0.02232	0.02246	0.01691	0.02417	0.01506	0.02120	0.01310	0.00722	0.00748	0.00226	0.00873	0.03413	0.00381	0.01155
12	0.01802	0.01739	0.03000	0.09574	0.62270	0.01759	0.04425	0.02253	0.01677	0.02384	0.01394	0.01854	0.01160	0.00666	0.00740	0.00224	0.00902	0.00669	0.00365	0.01144
13	0.01080	0.00720	0.00810	0.00810	0.00810	0.00720	0.00450	0.01080	0.01080	0.01439	0.02339	0.04858	0.02699	0.73910	0.03779	0.00720	0.00720	0.01080	0.00450	0.00450
14	0.01080	0.00720	0.00810	0.00810	0.00810	0.00720	0.00450	0.01080	0.01080	0.01439	0.02339	0.04858	0.02699	0.73910	0.03779	0.00720	0.00720	0.01080	0.00450	0.00450
15	0.01402	0.01319	0.02227	0.72126	0.05113	0.01649	0.02062	0.01897	0.01484	0.01897	0.01319	0.01979	0.00990	0.00742	0.00742	0.00247	0.00990	0.00660	0.00330	0.00825
16	0.79154	0.01436	0.01091	0.00976	0.01436	0.01665	0.00804	0.02182	0.01263	0.03331	0.01034	0.01206	0.00804	0.00689	0.00459	0.00230	0.00574	0.00402	0.00459	0.00804
17	0.02125	0.01627	0.01772	0.01638	0.05277	0.04547	0.01222	0.07143	0.45989	0.12956	0.05447	0.02686	0.02231	0.00981	0.00754	0.00242	0.00643	0.00813	0.00747	0.01161
18	0.01402	0.01319	0.02227	0.72126	0.05113	0.01649	0.02062	0.01897	0.01484	0.01897	0.01319	0.01979	0.00990	0.00742	0.00742	0.00247	0.00990	0.00660	0.00330	0.00825
19	0.01080	0.00720	0.00810	0.00810	0.00810	0.00720	0.00450	0.01080	0.01080	0.01439	0.02339	0.04858	0.02699	0.73910	0.03779	0.00720	0.00720	0.01080	0.00450	0.00450
20	0.01955	0.01571	0.01682	0.01497	0.01928	0.01791	0.01169	0.03921	0.63146	0.07962	0.03015	0.02752	0.02235	0.01001	0.00755	0.00250	0.00591	0.00833	0.00767	0.01181
21	0.01851	0.01462	0.01484	0.01305	0.01562	0.09529	0.00984	0.21104	0.01949	0.02546	0.01783	0.02593	0.01616	0.14381	0.14971	0.14290	0.01033	0.00736	0.04050	0.00772
22	0.01560	0.01588	0.02962	0.02518	0.10049	0.01592	0.32223	0.02148	0.07411	0.02347	0.06194	0.13144	0.04438	0.01072	0.00994	0.00260	0.07019	0.01067	0.00487	0.00929
23	0.05928	0.01317	0.01510	0.01110	0.01719	0.01060	0.00883	0.03989	0.01595	0.06214	0.01458	0.01748	0.01209	0.04237	0.00722	0.00157	0.00573	0.00494	0.00477	0.63600
24	0.01080	0.00720	0.00810	0.00810	0.00810	0.00720	0.00450	0.01080	0.01080	0.01439	0.02339	0.04858	0.02699	0.73910	0.03779	0.00720	0.00720	0.01080	0.00450	0.00450
25	0.00904	0.00646	0.00861	0.01034	0.01077	0.00603	0.00689	0.01034	0.01421	0.01895	0.04092	0.73426	0.04910	0.02326	0.00948	0.00301	0.00431	0.02110	0.00689	0.00603
26	0.01887	0.02021	0.02585	0.29082	0.26231	0.17721	0.05555	0.02300	0.01713	0.02085	0.01316	0.01784	0.01053	0.00714	0.00730	0.00225	0.01048	0.00630	0.00357	0.00962
27	0.02149	0.01588	0.01858	0.14979	0.02514	0.01750	0.01324	0.35408	0.04690	0.06059	0.02626	0.02705	0.10707	0.01002	0.00743	0.00228	0.00735	0.00802	0.07092	0.01040
28	0.00914	0.00697	0.00840	0.00923	0.01055	0.00624	0.00647	0.01092	0.01603	0.02072	0.13610	0.41741	0.27369	0.02068	0.00914	0.00275	0.00401	0.01823	0.00706	0.00624
29	0.05070	0.02553	0.28335	0.02391	0.03232	0.01693	0.30232	0.02546	0.01719	0.12544	0.01634	0.01886	0.01151	0.00702	0.00776	0.00241	0.01073	0.00715	0.00438	0.01068
30	0.10122	0.05393	0.40470	0.02061	0.06433	0.10629	0.04855	0.02497	0.01657	0.07255	0.01393	0.01590	0.01014	0.00719	0.00679	0.00226	0.01024	0.00553	0.00387	0.01043
31	0.01880	0.01845	0.02972	0.04436	0.66212	0.04931	0.02240	0.02310	0.01709	0.02397	0.01385	0.01815	0.01166	0.00666	0.00732	0.00219	0.00903	0.00653	0.00368	0.01161
32	0.01580	0.01584	0.02441	0.02026	0.02142	0.02072	0.10350	0.01816	0.01226	0.01860	0.01157	0.01817	0.01092	0.01677	0.09756	0.00410	0.55135	0.00696	0.00340	0.00821
33	0.01692	0.01770	0.06254	0.14356	0.45279	0.01694	0.09241	0.02168	0.01660	0.02313	0.01730	0.02156	0.04862	0.00739	0.00758	0.00230	0.00922	0.00729	0.00378	0.01069
34	0.01233	0.02006	0.28520	0.01437	0.01989	0.01111	0.01525	0.01742	0.01713	0.02473	0.24172	0.17010	0.03735	0.01280	0.00797	0.00238	0.00679	0.01110	0.00563	0.06668
35	0.74905	0.01429	0.01153	0.04864	0.01637	0.01664	0.00873	0.02167	0.01275	0.03252	0.01049	0.01248	0.00814	0.00692	0.00475	0.00231	0.00597	0.00416	0.00452	0.00805
36	0.01851	0.55323	0.21752	0.01499	0.02258	0.02610	0.01668	0.02257	0.01524	0.01910	0.01113	0.01292	0.00949	0.00654	0.00538	0.00179	0.00876	0.00438	0.00316	0.00992
37	0.00935	0.00723	0.00807	0.00840	0.00993	0.00644	0.00582	0.01088	0.01553	0.01956	0.10809	0.21401	0.37471	0.15146	0.01424	0.00347	0.00449	0.01581	0.00656	0.00595
38	0.01175	0.00786	0.01032	0.00955	0.01152	0.00722	0.00722	0.01522	0.02103	0.06628	0.65283	0.05380	0.06722	0.01485	0.00869	0.00233	0.00366	0.01310	0.00823	0.00731
39	0.01384	0.00692	0.00692	0.00692	0.00865	0.00692	0.00519	0.01730	0.01557	0.02768	0.02422	0.02768	0.01903	0.00865	0.00519	0.00173	0.00346	0.00692	0.78031	0.00692
40	0.01030	0.00758	0.00964	0.00913	0.01097	0.00692	0.00684	0.01361	0.02053	0.02863	0.61657	0.05734	0.14307	0.01560	0.00876	0.00236	0.00353	0.01369	0.00802	0.00692
41	0.06984	0.01991	0.02106	0.01629	0.02199	0.02205	0.01343	0.60742	0.03293	0.04531	0.01765	0.01788	0.01262	0.00879	0.00718	0.00221	0.00785	0.00655	0.03687	0.01215
42	0.79154	0.01436	0.01091	0.00976	0.01436	0.01665	0.00804	0.02182	0.01263	0.03331	0.01034	0.01206	0.00804	0.00689	0.00459	0.00230	0.00574	0.00402	0.00459	0.00804
43	0.01837	0.01764	0.03013	0.04557	0.69279	0.01764	0.02278	0.02278	0.01690	0.02425	0.01396	0.01837	0.01176	0.00661	0.00735	0.00220	0.00882	0.00661	0.00367	0.01176
44	0.01051	0.00759	0.00992	0.00934	0.01109	0.00700	0.00700	0.01401	0.02101	0.02977	0.68888	0.05545	0.07005	0.01518	0.00876	0.00233	0.00350	0.01343	0.00817	0.00700
45	0.01522	0.01442	0.02443	0.53500	0.22801	0.01681	0.02121	0.02002	0.01541	0.02042	0.01341	0.01940	0.01041	0.00720	0.00740	0.00240	0.00960	0.00660	0.00340	0.00921
46	0.06520	0.01560	0.01697	0.01416	0.01893	0.01685	0.01134	0.19803	0.28391	0.15523	0.03061	0.02857	0.09079	0.01038	0.00747	0.00239	0.00631	0.00833	0.00758	0.01134
47	0.01180	0.00874	0.01203	0.04824	0.01640	0.00895	0.01131	0.01581	0.05282	0.02185	0.03785	0.21539	0.04134	0.01987	0.00980	0.00324	0.00640	0.44445	0.00671	0.00701
48	0.04662	0.01515	0.02157	0.37807	0.03661	0.01744	0.04333	0.17576	0.01958	0.02677	0.01551	0.05409	0.01257	0.00860	0.00807	0.00237	0.03978	0.00717	0.00462	0.06634

[dist]
# distance from previous block
# <min> <max>
0	1

[block]
# block no. 8 follows, 27 sequences, length 234
# corresponding to MSA columns:
# 479-712
name=unknown_I
#
# <colnr> <probs for GDERKNQSTAVLIFYWHMCP>
#	G	D	E	R	K	N	Q	S	T	A	V	L	I	F	Y	W	H	M	C	P
0	0.01806	0.02487	0.23789	0.03578	0.43386	0.04289	0.02354	0.05141	0.01746	0.02478	0.01384	0.01733	0.01098	0.00689	0.00724	0.00224	0.00963	0.00620	0.00368	0.01144
1	0.02166	0.58090	0.03480	0.01418	0.01995	0.18555	0.01308	0.02393	0.01645	0.01763	0.01059	0.01225	0.00954	0.00665	0.00521	0.00166	0.00919	0.00416	0.00332	0.00932
2	0.01624	0.01624	0.02274	0.01949	0.01949	0.02274	0.01624	0.01787	0.01137	0.01787	0.00975	0.01624	0.00975	0.01299	0.02436	0.00325	0.72552	0.00650	0.00325	0.00812
3	0.01065	0.00777	0.01098	0.01098	0.01198	0.00877	0.00810	0.01265	0.01165	0.01653	0.02075	0.03396	0.02064	0.22452	0.54369	0.01076	0.01675	0.00866	0.00411	0.00610
4	0.01489	0.03840	0.70064	0.02116	0.03213	0.01724	0.02743	0.02351	0.01567	0.02351	0.01332	0.01567	0.00940	0.00705	0.00705	0.00235	0.01097	0.00549	0.00313	0.01097
5	0.01169	0.00841	0.01162	0.01325	0.01494	0.00833	0.01146	0.01495	0.01696	0.02198	0.04096	0.11158	0.07163	0.02055	0.01015	0.00336	0.00659	0.58795	0.00684	0.00678
6	0.01460	0.01379	0.02331	0.63151	0.13636	0.01665	0.02090	0.01947	0.01512	0.01967	0.01330	0.01960	0.01014	0.00731	0.00741	0.00244	0.00975	0.00660	0.00335	0.00871
7	0.01504	0.05945	0.68088	0.02091	0.03174	0.01760	0.02699	0.02347	0.01566	0.02333	0.01323	0.01556	0.00941	0.00703	0.00698	0.00233	0.01088	0.00544	0.00314	0.01093
8	0.01061	0.00795	0.01193	0.01193	0.01326	0.00928	0.00928	0.01326	0.01193	0.01723	0.01988	0.02916	0.01856	0.05568	0.70968	0.01193	0.01988	0.00795	0.00398	0.00663
9	0.02702	0.03177	0.02135	0.01883	0.02272	0.55428	0.01444	0.12896	0.02255	0.02264	0.01235	0.01428	0.01006	0.00822	0.00803	0.00205	0.06172	0.00520	0.00435	0.00920
10	0.00949	0.00764	0.00858	0.00911	0.01125	0.00674	0.00712	0.01164	0.01670	0.02042	0.06421	0.13688	0.48947	0.01959	0.00916	0.00275	0.00448	0.15152	0.00688	0.00637
11	0.01985	0.74357	0.03890	0.01270	0.01905	0.02937	0.01270	0.02223	0.01508	0.01747	0.01032	0.01191	0.00953	0.00635	0.00476	0.00159	0.00794	0.00397	0.00318	0.00953
12	0.01031	0.00743	0.00974	0.00948	0.01105	0.00687	0.00699	0.01351	0.02008	0.02829	0.60033	0.14822	0.06718	0.01628	0.00885	0.00243	0.00361	0.01447	0.00800	0.00687
13	0.00907	0.00672	0.00848	0.00975	0.01064	0.00613	0.00666	0.01060	0.01510	0.01974	0.08239	0.57108	0.17259	0.02197	0.00930	0.00288	0.00416	0.01965	0.00696	0.00613
14	0.01671	0.02232	0.19554	0.11185	0.27310	0.01722	0.12981	0.02336	0.05209	0.02374	0.01473	0.01849	0.01143	0.00688	0.00743	0.00228	0.00975	0.00667	0.00376	0.05284
15	0.02005	0.66378	0.07352	0.01354	0.01999	0.06884	0.01359	0.02274	0.01547	0.01783	0.01055	0.01220	0.00952	0.00647	0.00500	0.00165	0.00842	0.00410	0.00321	0.00955
16	0.11168	0.11306	0.51416	0.01834	0.02764	0.01813	0.02258	0.02279	0.01544	0.02429	0.03891	0.01635	0.01161	0.00727	0.00656	0.00226	0.00969	0.00544	0.00352	0.01029
17	0.06167	0.20372	0.16924	0.02430	0.18605	0.16928	0.04163	0.02426	0.01688	0.02160	0.01224	0.01487	0.01003	0.00687	0.00641	0.00204	0.01000	0.00527	0.00352	0.01011
18	0.01974	0.50590	0.16214	0.01458	0.02148	0.06194	0.01531	0.02335	0.01605	0.05604	0.03516	0.01492	0.01205	0.00701	0.00559	0.00182	0.00857	0.00482	0.00370	0.00984
19	0.02150	0.01698	0.04656	0.01450	0.01980	0.01642	0.01207	0.35814	0.02590	0.05637	0.05229	0.12240	0.02031	0.01048	0.00736	0.00211	0.00689	0.00857	0.00662	0.17473
20	0.02681	0.02048	0.02106	0.01635	0.02198	0.05881	0.01339	0.56737	0.03218	0.04313	0.01760	0.01800	0.01273	0.00867	0.00717	0.00213	0.00807	0.00648	0.04875	0.04885
21	0.01244	0.00805	0.01038	0.01037	0.01155	0.00798	0.00730	0.01405	0.01512	0.08496	0.13807	0.30638	0.07585	0.18000	0.03948	0.00405	0.04611	0.01473	0.00648	0.00663
22	0.01490	0.01081	0.01401	0.09818	0.01813	0.01182	0.03306	0.07672	0.01631	0.02482	0.02189	0.04717	0.04117	0.07949	0.04451	0.00306	0.07704	0.00786	0.30563	0.05343
23	0.06913	0.01305	0.01632	0.01311	0.01840	0.01212	0.01073	0.03285	0.11981	0.45081	0.02732	0.02734	0.01914	0.00948	0.00728	0.00227	0.00616	0.04459	0.00805	0.09204
24	0.01885	0.02201	0.12814	0.03343	0.30946	0.05846	0.20157	0.02507	0.05333	0.05384	0.01558	0.01897	0.01204	0.00694	0.00768	0.00231	0.01016	0.00708	0.00408	0.01101
25	0.59680	0.01921	0.15746	0.01217	0.01801	0.01641	0.01212	0.02188	0.01360	0.03109	0.03676	0.01448	0.01069	0.00724	0.00527	0.00231	0.00677	0.00469	0.00442	0.00862
26	0.01402	0.01319	0.02227	0.72126	0.05113	0.01649	0.02062	0.01897	0.01484	0.01897	0.01319	0.01979	0.00990	0.00742	0.00742	0.00247	0.00990	0.00660	0.00330	0.00825
27	0.01539	0.01319	0.01539	0.01100	0.01759	0.00990	0.00880	0.01869	0.01539	0.02419	0.01319	0.01539	0.01100	0.00550	0.00550	0.00110	0.00550	0.00440	0.00440	0.78449
28	0.01061	0.00795	0.01193	0.01193	0.01326	0.00928	0.00928	0.01326	0.01193	0.01723	0.01988	0.02916	0.01856	0.05568	0.70968	0.01193	0.01988	0.00795	0.00398	0.00663
29	0.01585	0.01347	0.01564	0.01121	0.01779	0.01036	0.00899	0.04189	0.01609	0.02500	0.01336	0.01548	0.01105	0.00562	0.00557	0.00114	0.00559	0.00448	0.00451	0.75692
30	0.00884	0.00752	0.00761	0.00759	0.01007	0.00629	0.00569	0.01077	0.01707	0.02040	0.09719	0.07087	0.66758	0.01867	0.00877	0.00250	0.00375	0.01559	0.00694	0.00629
31	0.01061	0.00795	0.01193	0.01193	0.01326	0.00928	0.00928	0.01326	0.01193	0.01723	0.01988	0.02916	0.01856	0.05568	0.70968	0.01193	0.01988	0.00795	0.00398	0.00663
32	0.01539	0.01319	0.01539	0.01100	0.01759	0.00990	0.00880	0.01869	0.01539	0.02419	0.01319	0.01539	0.01100	0.00550	0.00550	0.00110	0.00550	0.00440	0.00440	0.78449
