[name]
unknown

[dist]
# distance from previous block
# <min> <max>
0	35

[block]
# block no. 0 follows, 26 sequences, length 12
# corresponding to MSA columns:
# 35-46
name=unknown_A
#
# <colnr> <probs for GDERKNQSTAVLIFYWHMCP>
#	G	D	E	R	K	N	Q	S	T	A	V	L	I	F	Y	W	H	M	C	P
0	0.01342	0.01131	0.01819	0.04908	0.02057	0.01117	0.13258	0.06457	0.01778	0.02346	0.03530	0.28960	0.07389	0.01755	0.00946	0.00298	0.00724	0.18776	0.00629	0.00779
1	0.01635	0.01164	0.01795	0.01544	0.01860	0.01130	0.11947	0.06672	0.01807	0.12382	0.03572	0.32512	0.09533	0.01653	0.00969	0.00280	0.03628	0.04393	0.00673	0.00853
2	0.01637	0.01516	0.02978	0.02262	0.02776	0.01413	0.37353	0.02074	0.01711	0.07573	0.02730	0.13468	0.07384	0.06641	0.01130	0.00304	0.00960	0.04673	0.00524	0.00893
3	0.01491	0.01408	0.02381	0.62702	0.13583	0.01701	0.02136	0.01989	0.01544	0.02009	0.01359	0.02003	0.01036	0.00747	0.00757	0.00249	0.00997	0.00674	0.00342	0.00890
4	0.01380	0.01291	0.02127	0.64581	0.04812	0.01583	0.01956	0.01855	0.01537	0.01949	0.01970	0.02540	0.07611	0.00872	0.00772	0.00253	0.00950	0.00765	0.00373	0.00823
5	0.08962	0.00888	0.01014	0.00966	0.01194	0.00838	0.00701	0.01627	0.01643	0.12024	0.13214	0.17518	0.19531	0.14868	0.01395	0.00346	0.00514	0.01340	0.00689	0.00726
6	0.03959	0.00822	0.01071	0.07926	0.01558	0.00802	0.00850	0.01379	0.01599	0.06089	0.09672	0.42743	0.14835	0.01928	0.00899	0.00281	0.00498	0.01708	0.00685	0.00698
7	0.02883	0.02125	0.02276	0.01745	0.02352	0.02352	0.01442	0.66082	0.03566	0.04780	0.01821	0.01821	0.01290	0.00911	0.00759	0.00228	0.00835	0.00683	0.00759	0.01290
8	0.01019	0.00747	0.00924	0.01027	0.01110	0.00723	0.00690	0.01276	0.05684	0.02006	0.07239	0.49958	0.09024	0.13181	0.01394	0.00364	0.00488	0.01832	0.00677	0.00636
9	0.01173	0.00816	0.01165	0.01149	0.01260	0.00788	0.04857	0.01315	0.01383	0.05187	0.03225	0.38136	0.03664	0.24746	0.07116	0.00504	0.00718	0.01572	0.00596	0.00632
10	0.13934	0.01374	0.01493	0.01284	0.01685	0.01448	0.01004	0.16038	0.11857	0.13110	0.05121	0.13863	0.02391	0.04791	0.00895	0.00267	0.00614	0.00959	0.03918	0.03953
11	0.01911	0.01703	0.01947	0.20121	0.02809	0.09367	0.01440	0.07768	0.12145	0.05927	0.01759	0.02169	0.01411	0.05524	0.01104	0.00261	0.08369	0.00679	0.00504	0.13081

[dist]
# distance from previous block
# <min> <max>
12	22

[block]
# block no. 1 follows, 26 sequences, length 7
# corresponding to MSA columns:
# 69-75
name=unknown_B
#
# <colnr> <probs for GDERKNQSTAVLIFYWHMCP>
#	G	D	E	R	K	N	Q	S	T	A	V	L	I	F	Y	W	H	M	C	P
0	0.02221	0.01836	0.02135	0.01668	0.02191	0.06074	0.08077	0.33879	0.02592	0.03455	0.02128	0.07643	0.04247	0.05782	0.00967	0.00252	0.00820	0.00835	0.00623	0.12574
1	0.02493	0.01452	0.01707	0.01409	0.01885	0.01486	0.01128	0.16360	0.18621	0.27614	0.07681	0.06999	0.05454	0.01127	0.00792	0.00244	0.00629	0.00932	0.00828	0.01158
2	0.05991	0.02333	0.02134	0.09193	0.09556	0.23604	0.01511	0.21857	0.06386	0.03029	0.01608	0.01802	0.01235	0.00825	0.00707	0.00219	0.00973	0.00619	0.05379	0.01040
3	0.02877	0.01688	0.01966	0.01511	0.02091	0.01711	0.01242	0.35009	0.02833	0.28059	0.05973	0.02299	0.01825	0.00932	0.00754	0.00223	0.00719	0.00734	0.00807	0.06746
4	0.01449	0.00985	0.01157	0.01078	0.01278	0.00986	0.00783	0.10175	0.01772	0.06799	0.06783	0.18348	0.18614	0.16764	0.01698	0.05520	0.03126	0.01320	0.00644	0.00720
5	0.01026	0.00709	0.00877	0.00952	0.00980	0.00700	0.00598	0.01101	0.01260	0.01689	0.03126	0.33689	0.03658	0.38407	0.07308	0.00588	0.00701	0.01530	0.00560	0.00541
6	0.19157	0.02007	0.01852	0.10292	0.02373	0.16311	0.01329	0.16618	0.04669	0.06728	0.01682	0.06409	0.01390	0.00947	0.00794	0.00238	0.04998	0.00689	0.00547	0.00969

[dist]
# distance from previous block
# <min> <max>
0	1

[block]
# block no. 2 follows, 26 sequences, length 7
# corresponding to MSA columns:
# 77-83
name=unknown_C
#
# <colnr> <probs for GDERKNQSTAVLIFYWHMCP>
#	G	D	E	R	K	N	Q	S	T	A	V	L	I	F	Y	W	H	M	C	P
0	0.10710	0.06073	0.02171	0.36265	0.07049	0.11269	0.01685	0.06862	0.01756	0.02333	0.01717	0.02107	0.05322	0.00830	0.00707	0.00234	0.00940	0.00662	0.00416	0.00892
1	0.01934	0.21111	0.02363	0.01611	0.05811	0.10586	0.01244	0.12844	0.01837	0.02305	0.01593	0.02215	0.01453	0.10014	0.16999	0.00493	0.03584	0.00659	0.00444	0.00899
2	0.13758	0.06842	0.10745	0.04877	0.02467	0.08126	0.15143	0.02090	0.01590	0.02304	0.02227	0.02535	0.10361	0.01401	0.07779	0.00339	0.05337	0.00771	0.00427	0.00880
3	0.01389	0.00872	0.01188	0.01075	0.01242	0.00842	0.04610	0.01584	0.01513	0.08750	0.13119	0.10159	0.03325	0.31290	0.06515	0.00506	0.00712	0.01126	0.09507	0.00674
4	0.05551	0.04972	0.01589	0.01333	0.01551	0.01439	0.01066	0.10439	0.01595	0.02355	0.01945	0.07340	0.01827	0.05520	0.31502	0.00692	0.11482	0.00826	0.06182	0.00798
5	0.08255	0.01693	0.08149	0.27739	0.19517	0.01651	0.05697	0.02205	0.05638	0.02451	0.08133	0.02296	0.01738	0.00819	0.00751	0.00242	0.00883	0.00736	0.00435	0.00972
6	0.14900	0.01401	0.02131	0.54453	0.09125	0.01696	0.01899	0.02017	0.01493	0.02232	0.01303	0.01874	0.00992	0.00743	0.00708	0.00248	0.00929	0.00628	0.00363	0.00865

[dist]
# distance from previous block
# <min> <max>
0	1

[block]
# block no. 3 follows, 26 sequences, length 9
# corresponding to MSA columns:
# 85-93
name=unknown_D
#
# <colnr> <probs for GDERKNQSTAVLIFYWHMCP>
#	G	D	E	R	K	N	Q	S	T	A	V	L	I	F	Y	W	H	M	C	P
0	0.01072	0.00782	0.00918	0.00960	0.01053	0.00765	0.00632	0.01326	0.06177	0.01957	0.09387	0.28084	0.11827	0.29248	0.02043	0.00455	0.00551	0.01525	0.00627	0.00610
1	0.04807	0.01841	0.03517	0.09532	0.06873	0.01869	0.39120	0.05019	0.01784	0.08310	0.01578	0.02003	0.01181	0.00762	0.01002	0.00258	0.08279	0.00800	0.00441	0.01022
2	0.01911	0.01609	0.01837	0.12909	0.02503	0.01851	0.01348	0.13459	0.42241	0.03160	0.02889	0.02816	0.06065	0.01022	0.00775	0.00252	0.00691	0.00846	0.00695	0.01122
3	0.01579	0.01943	0.11606	0.02243	0.02798	0.04436	0.30474	0.02153	0.04713	0.02375	0.09969	0.10054	0.02396	0.05277	0.01111	0.00286	0.04162	0.01025	0.00484	0.00916
4	0.05132	0.01290	0.01499	0.01280	0.01689	0.01301	0.00998	0.07931	0.18572	0.22159	0.07526	0.09420	0.06571	0.06481	0.01007	0.00279	0.00596	0.00993	0.00764	0.04512
5	0.04770	0.06170	0.22804	0.01944	0.06251	0.23622	0.01783	0.06623	0.06645	0.02487	0.01546	0.01738	0.01193	0.00784	0.00678	0.00215	0.01022	0.00576	0.08143	0.01006
6	0.01731	0.01301	0.01506	0.01181	0.01700	0.01151	0.00938	0.08835	0.07521	0.07885	0.13149	0.02994	0.08678	0.00957	0.00702	0.00180	0.00550	0.00792	0.00634	0.37616
7	0.02397	0.06387	0.01895	0.01480	0.01951	0.14182	0.01183	0.13387	0.17507	0.16588	0.03074	0.02917	0.11647	0.01056	0.00753	0.00230	0.00769	0.00825	0.00697	0.01077
8	0.10180	0.06105	0.05744	0.13744	0.21168	0.10033	0.01702	0.08801	0.01888	0.02602	0.04725	0.02270	0.06205	0.00858	0.00714	0.00227	0.00880	0.00701	0.00459	0.00993

[dist]
# distance from previous block
# <min> <max>
3	54

[block]
# block no. 4 follows, 26 sequences, length 8
# corresponding to MSA columns:
# 148-155
name=unknown_E
#
# <colnr> <probs for GDERKNQSTAVLIFYWHMCP>
#	G	D	E	R	K	N	Q	S	T	A	V	L	I	F	Y	W	H	M	C	P
0	0.02179	0.08852	0.04353	0.08438	0.05634	0.27956	0.04762	0.05971	0.13520	0.02374	0.04996	0.02166	0.03814	0.00879	0.00725	0.00220	0.01007	0.00685	0.00494	0.00975
1	0.02285	0.02574	0.06104	0.02014	0.02408	0.27121	0.08352	0.12876	0.02029	0.02463	0.01342	0.01671	0.01096	0.00932	0.01185	0.00244	0.19672	0.00623	0.04054	0.00954
2	0.09217	0.02782	0.36905	0.02320	0.14633	0.01703	0.02159	0.08244	0.01816	0.02798	0.06088	0.01968	0.01493	0.00793	0.00710	0.00233	0.00918	0.00641	0.03502	0.01077
3	0.02273	0.11604	0.01836	0.01285	0.01707	0.10503	0.01046	0.06075	0.09882	0.18759	0.07718	0.02535	0.02108	0.00925	0.00672	0.00209	0.00677	0.00722	0.18467	0.00999
4	0.14029	0.14038	0.02059	0.04547	0.04665	0.11173	0.01201	0.13019	0.09380	0.02917	0.01706	0.01869	0.01337	0.00809	0.00618	0.00209	0.00763	0.00591	0.14098	0.00972
5	0.04474	0.15258	0.08028	0.01803	0.06069	0.08332	0.01505	0.28219	0.07418	0.03299	0.01649	0.01764	0.01263	0.00836	0.00728	0.00216	0.02834	0.00611	0.04580	0.01113
6	0.01793	0.01373	0.01628	0.07156	0.02023	0.01404	0.01122	0.24713	0.02242	0.03061	0.02569	0.28123	0.02617	0.01376	0.00800	0.00238	0.00652	0.01185	0.00646	0.15281
7	0.02259	0.08798	0.02669	0.06872	0.25831	0.24629	0.04402	0.02600	0.01875	0.07090	0.01556	0.02056	0.01304	0.00804	0.00727	0.00220	0.01041	0.03809	0.00432	0.01026

[dist]
# distance from previous block
# <min> <max>
5	18

[block]
# block no. 5 follows, 26 sequences, length 105
# corresponding to MSA columns:
# 175-279
name=unknown_F
#
# <colnr> <probs for GDERKNQSTAVLIFYWHMCP>
#	G	D	E	R	K	N	Q	S	T	A	V	L	I	F	Y	W	H	M	C	P
0	0.02260	0.19382	0.16308	0.02171	0.13963	0.11094	0.01766	0.05501	0.01866	0.13612	0.01572	0.01703	0.01184	0.00743	0.00669	0.00207	0.00928	0.00570	0.00470	0.04031
1	0.02240	0.09352	0.12467	0.01973	0.08197	0.11697	0.01630	0.19225	0.09489	0.06158	0.01881	0.06641	0.01543	0.00945	0.00786	0.00231	0.03159	0.00732	0.00557	0.01097
2	0.02140	0.02183	0.15892	0.01662	0.02282	0.01863	0.01552	0.26870	0.18470	0.05519	0.06589	0.02414	0.01938	0.03591	0.00871	0.00253	0.00786	0.00757	0.00660	0.03707
3	0.02269	0.13798	0.18547	0.01623	0.02314	0.01892	0.01609	0.14296	0.10901	0.16607	0.01994	0.02007	0.01441	0.01044	0.03772	0.00266	0.00874	0.00647	0.00597	0.03501
4	0.01132	0.00901	0.01067	0.01072	0.01246	0.03808	0.00817	0.01426	0.01868	0.02515	0.36017	0.14246	0.12272	0.02169	0.08360	0.00365	0.00635	0.08667	0.00723	0.00696
5	0.01797	0.01884	0.07833	0.03238	0.36737	0.04537	0.05908	0.07831	0.01905	0.02577	0.02456	0.03066	0.09967	0.00975	0.00798	0.00241	0.00874	0.05836	0.00474	0.01066
6	0.01155	0.00885	0.01214	0.01181	0.01284	0.00998	0.00896	0.01380	0.01425	0.02017	0.15916	0.06209	0.03315	0.17278	0.28499	0.00735	0.09159	0.05270	0.00526	0.00659
7	0.02272	0.01924	0.02298	0.05391	0.16105	0.04761	0.01609	0.27369	0.19104	0.03452	0.01960	0.02070	0.01488	0.00909	0.00875	0.00242	0.05652	0.00717	0.00621	0.01182
8	0.02333	0.01085	0.01475	0.01238	0.01632	0.01015	0.00991	0.02701	0.04227	0.37667	0.17794	0.03382	0.03111	0.02068	0.15230	0.00441	0.00865	0.00916	0.00799	0.01028
9	0.01782	0.01792	0.07025	0.02708	0.23505	0.04565	0.11362	0.04845	0.08169	0.05552	0.06679	0.05476	0.08940	0.01026	0.00813	0.00244	0.00840	0.03104	0.00538	0.01035
10	0.02784	0.01998	0.02181	0.01692	0.02266	0.02201	0.01393	0.58882	0.03344	0.07464	0.01888	0.01934	0.01358	0.01237	0.05489	0.00295	0.00908	0.00695	0.00743	0.01248
11	0.02518	0.03031	0.06035	0.02309	0.05538	0.40814	0.14926	0.11178	0.02217	0.02415	0.01353	0.01602	0.01063	0.00762	0.00742	0.00216	0.01247	0.00610	0.00434	0.00989
12	0.00931	0.00663	0.00878	0.01047	0.01089	0.00621	0.00694	0.01058	0.01438	0.01918	0.04110	0.70178	0.04928	0.05168	0.01082	0.00325	0.00452	0.02115	0.00694	0.00610
13	0.01877	0.01802	0.03079	0.04656	0.68612	0.01802	0.02328	0.02328	0.01727	0.02478	0.01427	0.01877	0.01201	0.00676	0.00751	0.00225	0.00901	0.00676	0.00375	0.01201
14	0.01429	0.01223	0.01289	0.01198	0.01542	0.01291	0.00916	0.02623	0.35295	0.02632	0.04870	0.09265	0.27842	0.01448	0.00826	0.00255	0.00505	0.01218	0.00730	0.03603
15	0.02873	0.02434	0.02250	0.01789	0.02351	0.16451	0.01447	0.52999	0.03272	0.04174	0.01686	0.01727	0.01225	0.00884	0.00743	0.00221	0.00945	0.00643	0.00682	0.01205
16	0.01992	0.01636	0.04730	0.01327	0.01999	0.01358	0.01121	0.16763	0.02071	0.07402	0.01566	0.01698	0.01204	0.00674	0.00627	0.00152	0.00654	0.00529	0.00547	0.51950
17	0.01432	0.01348	0.02275	0.71520	0.05224	0.01685	0.02107	0.01938	0.01517	0.01938	0.01348	0.02022	0.01011	0.00758	0.00758	0.00253	0.01011	0.00674	0.00337	0.00843
18	0.01659	0.01659	0.02323	0.01991	0.01991	0.02323	0.01659	0.01825	0.01162	0.01825	0.00996	0.01659	0.00996	0.01328	0.02489	0.00332	0.71955	0.00664	0.00332	0.00830
19	0.02028	0.73799	0.03975	0.01298	0.01947	0.03001	0.01298	0.02271	0.01541	0.01785	0.01055	0.01217	0.00973	0.00649	0.00487	0.00162	0.00811	0.00406	0.00324	0.00973
20	0.00974	0.00685	0.00884	0.01024	0.01064	0.00652	0.00676	0.01089	0.01393	0.01854	0.03802	0.55926	0.04519	0.17089	0.01572	0.00399	0.00513	0.04644	0.00653	0.00587
21	0.02376	0.01074	0.01454	0.01286	0.01679	0.00976	0.01074	0.02697	0.01996	0.37761	0.09025	0.04750	0.03130	0.01353	0.00848	0.00267	0.00617	0.20561	0.06062	0.01014
22	0.01179	0.00847	0.01170	0.01338	0.01502	0.00838	0.01145	0.01501	0.01716	0.02228	0.04176	0.15009	0.06927	0.02117	0.01034	0.00341	0.00660	0.54885	0.00699	0.00688
23	0.00991	0.00779	0.00904	0.00918	0.01132	0.00692	0.00708	0.01249	0.01838	0.02356	0.24275	0.09944	0.39542	0.01859	0.00919	0.00266	0.00421	0.09798	0.00741	0.00668
24	0.01103	0.00735	0.00827	0.00827	0.00827	0.00735	0.00460	0.01103	0.01103	0.01471	0.02390	0.04964	0.02758	0.73343	0.03861	0.00735	0.00735	0.01103	0.00460	0.00460
25	0.01887	0.01629	0.01715	0.01544	0.01972	0.01887	0.01201	0.04031	0.67241	0.03173	0.03087	0.02830	0.02315	0.01029	0.00772	0.00257	0.00600	0.00858	0.00772	0.01201
26	0.01414	0.00707	0.00707	0.00707	0.00884	0.00707	0.00530	0.01767	0.01591	0.02828	0.02474	0.02828	0.01944	0.00884	0.00530	0.00177	0.00353	0.00707	0.77554	0.00707
27	0.01865	0.01757	0.02812	0.06234	0.54812	0.01813	0.02122	0.02616	0.13303	0.02584	0.01718	0.02050	0.01392	0.00741	0.00755	0.00232	0.00851	0.00708	0.00444	0.01190
28	0.01074	0.00775	0.01014	0.00954	0.01133	0.00716	0.00716	0.01431	0.02147	0.03042	0.68211	0.05666	0.07157	0.01551	0.00895	0.00239	0.00358	0.01372	0.00835	0.00716
29	0.01414	0.00707	0.00707	0.00707	0.00884	0.00707	0.00530	0.01767	0.01591	0.02828	0.02474	0.02828	0.01944	0.00884	0.00530	0.00177	0.00353	0.00707	0.77554	0.00707
30	0.01639	0.20135	0.54231	0.01961	0.02973	0.02049	0.02453	0.02372	0.01587	0.02259	0.01290	0.01512	0.00964	0.00704	0.00666	0.00222	0.01049	0.00525	0.00321	0.01087
31	0.01887	0.01629	0.01715	0.01544	0.01972	0.01887	0.01201	0.04031	0.67241	0.03173	0.03087	0.02830	0.02315	0.01029	0.00772	0.00257	0.00600	0.00858	0.00772	0.01201
32	0.01432	0.01348	0.02275	0.71520	0.05224	0.01685	0.02107	0.01938	0.01517	0.01938	0.01348	0.02022	0.01011	0.00758	0.00758	0.00253	0.01011	0.00674	0.00337	0.00843
33	0.02749	0.02117	0.02197	0.01727	0.02301	0.04963	0.01411	0.55360	0.11968	0.04452	0.01964	0.01937	0.01414	0.00921	0.00758	0.00230	0.00825	0.00698	0.00746	0.01262
34	0.01132	0.00829	0.01096	0.01175	0.01362	0.00793	0.00978	0.01462	0.01868	0.02478	0.24334	0.07493	0.13939	0.01903	0.00980	0.00302	0.00550	0.35889	0.00741	0.00696
35	0.01877	0.01802	0.03079	0.04656	0.68612	0.01802	0.02328	0.02328	0.01727	0.02478	0.01427	0.01877	0.01201	0.00676	0.00751	0.00225	0.00901	0.00676	0.00375	0.01201
36	0.01775	0.01502	0.01632	0.01519	0.01905	0.01716	0.01204	0.03616	0.56208	0.03021	0.03244	0.03795	0.02661	0.01209	0.00818	0.00273	0.00617	0.11412	0.00759	0.01116
37	0.02088	0.01028	0.01331	0.01136	0.01502	0.00934	0.00904	0.02484	0.04954	0.30488	0.27808	0.04372	0.09308	0.01294	0.00824	0.00241	0.00504	0.03528	0.04303	0.00970
38	0.01958	0.01232	0.01288	0.01091	0.01427	0.01316	0.00868	0.25571	0.02322	0.03550	0.02233	0.02455	0.01702	0.00894	0.00615	0.00196	0.00532	0.00698	0.49131	0.00923
39	0.01463	0.01379	0.02330	0.66975	0.09533	0.01693	0.02122	0.01964	0.01531	0.01975	0.01354	0.02012	0.01024	0.00753	0.00758	0.00251	0.01004	0.00674	0.00340	0.00867
40	0.01521	0.03923	0.69413	0.02162	0.03283	0.01762	0.02802	0.02402	0.01601	0.02402	0.01361	0.01601	0.00961	0.00721	0.00721	0.00240	0.01121	0.00560	0.00320	0.01121
41	0.02919	0.02068	0.02241	0.01718	0.02324	0.02268	0.01419	0.61842	0.03471	0.09155	0.01901	0.01873	0.01330	0.00912	0.00759	0.00228	0.00822	0.00688	0.00771	0.01290
42	0.01084	0.00813	0.01219	0.01219	0.01354	0.00948	0.00948	0.01354	0.01219	0.01761	0.02032	0.02980	0.01896	0.05689	0.70337	0.01219	0.02032	0.00813	0.00406	0.00677
43	0.01599	0.13273	0.58210	0.02083	0.03128	0.01934	0.04913	0.02385	0.01600	0.02320	0.01326	0.01566	0.00970	0.00708	0.00696	0.00230	0.01085	0.00552	0.00323	0.01097
44	0.01980	0.01957	0.02999	0.06586	0.55357	0.07328	0.04905	0.05236	0.01839	0.02511	0.01426	0.01846	0.01179	0.00696	0.00752	0.00225	0.00955	0.00670	0.00393	0.01159
45	0.78701	0.01467	0.01115	0.00997	0.01467	0.01702	0.00821	0.02230	0.01291	0.03403	0.01056	0.01232	0.00821	0.00704	0.00469	0.00235	0.00587	0.00411	0.00469	0.00821
46	0.01067	0.00775	0.01004	0.00947	0.01129	0.00713	0.00710	0.01418	0.02131	0.03003	0.65842	0.05730	0.09551	0.01565	0.00895	0.00239	0.00359	0.01381	0.00830	0.00713
47	0.01074	0.00775	0.01014	0.00954	0.01133	0.00716	0.00716	0.01431	0.02147	0.03042	0.68211	0.05666	0.07157	0.01551	0.00895	0.00239	0.00358	0.01372	0.00835	0.00716
48	0.01080	0.00779	0.01023	0.00973	0.01152	0.00722	0.00737	0.01437	0.02130	0.03009	0.65501	0.05788	0.07039	0.01574	0.00901	0.00243	0.00372	0.03995	0.00829	0.00715
49	0.02676	0.01130	0.01527	0.01226	0.01685	0.00990	0.00990	0.02989	0.02164	0.48493	0.23363	0.03545	0.03527	0.01130	0.00804	0.00236	0.00556	0.00953	0.00906	0.01111
50	0.01432	0.01348	0.02275	0.71520	0.05224	0.01685	0.02107	0.01938	0.01517	0.01938	0.01348	0.02022	0.01011	0.00758	0.00758	0.00253	0.01011	0.00674	0.00337	0.00843
51	0.01414	0.00707	0.00707	0.00707	0.00884	0.00707	0.00530	0.01767	0.01591	0.02828	0.02474	0.02828	0.01944	0.00884	0.00530	0.00177	0.00353	0.00707	0.77554	0.00707
52	0.46725	0.18407	0.07862	0.01243	0.01825	0.02071	0.01166	0.08627	0.01603	0.03080	0.01159	0.01320	0.00915	0.00713	0.00524	0.00218	0.00710	0.00450	0.00452	0.00929
53	0.78701	0.01467	0.01115	0.00997	0.01467	0.01702	0.00821	0.02230	0.01291	0.03403	0.01056	0.01232	0.00821	0.00704	0.00469	0.00235	0.00587	0.00411	0.00469	0.00821
54	0.01414	0.00707	0.00707	0.00707	0.00884	0.00707	0.00530	0.01767	0.01591	0.02828	0.02474	0.02828	0.01944	0.00884	0.00530	0.00177	0.00353	0.00707	0.77554	0.00707
55	0.02468	0.30108	0.02913	0.01865	0.06491	0.35513	0.01456	0.07083	0.01989	0.02073	0.01189	0.01375	0.01012	0.00733	0.00618	0.00187	0.01089	0.00483	0.00390	0.00965
56	0.02833	0.03615	0.02149	0.01954	0.02345	0.70298	0.01466	0.03029	0.02149	0.01856	0.01172	0.01368	0.00977	0.00782	0.00684	0.00195	0.01368	0.00489	0.00391	0.00879
57	0.00929	0.00679	0.00885	0.01033	0.01105	0.00635	0.00703	0.01074	0.01470	0.01940	0.04449	0.62342	0.11649	0.02492	0.04412	0.00348	0.00513	0.02030	0.00689	0.00622
58	0.01659	0.01659	0.02323	0.01991	0.01991	0.02323	0.01659	0.01825	0.01162	0.01825	0.00996	0.01659	0.00996	0.01328	0.02489	0.00332	0.71955	0.00664	0.00332	0.00830
59	0.00924	0.00660	0.00880	0.01056	0.01100	0.00616	0.00704	0.01056	0.01452	0.01936	0.04181	0.72848	0.05017	0.02376	0.00968	0.00308	0.00440	0.02156	0.00704	0.00616
60	0.00933	0.00780	0.00819	0.00839	0.01086	0.00666	0.00649	0.01143	0.01731	0.02074	0.07273	0.07441	0.61137	0.01941	0.00913	0.00267	0.00419	0.08540	0.00704	0.00647
61	0.03403	0.01291	0.01760	0.01350	0.01936	0.01115	0.01115	0.03697	0.02171	0.69137	0.02992	0.02582	0.01878	0.00939	0.00763	0.00235	0.00645	0.00763	0.00939	0.01291
62	0.02028	0.73799	0.03975	0.01298	0.01947	0.03001	0.01298	0.02271	0.01541	0.01785	0.01055	0.01217	0.00973	0.00649	0.00487	0.00162	0.00811	0.00406	0.00324	0.00973
63	0.01525	0.01475	0.02295	0.43249	0.03910	0.01945	0.01925	0.01892	0.01372	0.01892	0.01205	0.01875	0.01005	0.00990	0.01462	0.00285	0.29858	0.00670	0.00335	0.00837
64	0.00984	0.00717	0.00985	0.06701	0.01423	0.00706	0.00810	0.01155	0.01463	0.01972	0.03885	0.64378	0.04573	0.02187	0.00934	0.00298	0.00482	0.01980	0.03729	0.00638
65	0.78701	0.01467	0.01115	0.00997	0.01467	0.01702	0.00821	0.02230	0.01291	0.03403	0.01056	0.01232	0.00821	0.00704	0.00469	0.00235	0.00587	0.00411	0.00469	0.00821
66	0.01280	0.00686	0.01003	0.01015	0.01046	0.00685	0.00706	0.01049	0.01087	0.01439	0.01850	0.03009	0.04884	0.02700	0.05755	0.65350	0.00709	0.04985	0.00377	0.00386
67	0.01103	0.00735	0.00827	0.00827	0.00827	0.00735	0.00460	0.01103	0.01103	0.01471	0.02390	0.04964	0.02758	0.73343	0.03861	0.00735	0.00735	0.01103	0.00460	0.00460
68	0.78701	0.01467	0.01115	0.00997	0.01467	0.01702	0.00821	0.02230	0.01291	0.03403	0.01056	0.01232	0.00821	0.00704	0.00469	0.00235	0.00587	0.00411	0.00469	0.00821
69	0.01617	0.03726	0.63623	0.02169	0.03251	0.01739	0.05400	0.02461	0.01635	0.05399	0.01442	0.01664	0.01010	0.00727	0.00730	0.00241	0.01106	0.00584	0.00351	0.01124
70	0.01585	0.01381	0.01722	0.01527	0.09637	0.01091	0.01056	0.01931	0.01596	0.02458	0.01577	0.01808	0.03465	0.00622	0.00596	0.00131	0.00596	0.00516	0.00450	0.66255
71	0.70203	0.01541	0.01245	0.01081	0.01566	0.01775	0.00891	0.09387	0.01546	0.03558	0.01142	0.01298	0.00874	0.00727	0.00502	0.00234	0.00615	0.00441	0.00502	0.00874
72	0.02771	0.02069	0.02213	0.01722	0.02309	0.02300	0.01414	0.59079	0.10753	0.04599	0.01964	0.01935	0.01406	0.00924	0.00760	0.00231	0.00808	0.00703	0.00760	0.01280
73	0.00997	0.00772	0.00908	0.00874	0.01086	0.00683	0.00655	0.01283	0.01966	0.02613	0.42058	0.06372	0.33578	0.01711	0.00895	0.00246	0.00369	0.01471	0.00779	0.00683
74	0.01521	0.03923	0.69413	0.02162	0.03283	0.01762	0.02802	0.02402	0.01601	0.02402	0.01361	0.01601	0.00961	0.00721	0.00721	0.00240	0.01121	0.00560	0.00320	0.01121
75	0.01974	0.59292	0.14924	0.01469	0.02187	0.05419	0.01558	0.02323	0.01575	0.01891	0.01111	0.01287	0.00971	0.00666	0.00534	0.00177	0.00885	0.00435	0.00326	0.00995
76	0.01083	0.00738	0.00852	0.00861	0.00884	0.00739	0.00509	0.01116	0.01159	0.01541	0.02717	0.08239	0.06073	0.62001	0.07850	0.00722	0.00787	0.01160	0.00480	0.00490
77	0.00924	0.00660	0.00880	0.01056	0.01100	0.00616	0.00704	0.01056	0.01452	0.01936	0.04181	0.72848	0.05017	0.02376	0.00968	0.00308	0.00440	0.02156	0.00704	0.00616
78	0.03355	0.03828	0.01838	0.01348	0.01937	0.01181	0.01121	0.03647	0.02149	0.66781	0.02925	0.02534	0.01846	0.00929	0.00753	0.00232	0.00651	0.00750	0.00917	0.01280
79	0.03241	0.01484	0.01871	0.01442	0.02028	0.01410	0.01189	0.17320	0.04578	0.52963	0.02740	0.02424	0.01764	0.00936	0.00762	0.00234	0.00685	0.00748	0.00894	0.01288
80	0.01487	0.01455	0.02611	0.61092	0.05032	0.01721	0.11836	0.02013	0.01558	0.02013	0.01377	0.02026	0.01032	0.00740	0.00779	0.00253	0.01052	0.00708	0.00344	0.00870
81	0.78701	0.01467	0.01115	0.00997	0.01467	0.01702	0.00821	0.02230	0.01291	0.03403	0.01056	0.01232	0.00821	0.00704	0.00469	0.00235	0.00587	0.00411	0.00469	0.00821
82	0.01546	0.07306	0.66245	0.02120	0.03218	0.01822	0.02730	0.02396	0.01598	0.02372	0.01346	0.01583	0.00961	0.00717	0.00709	0.00236	0.01106	0.00553	0.00320	0.01114
83	0.01537	0.03830	0.66496	0.02272	0.06156	0.01763	0.02782	0.02399	0.01607	0.02405	0.01364	0.01614	0.00971	0.00719	0.00722	0.00240	0.01111	0.00566	0.00323	0.01125
84	0.01080	0.00767	0.00975	0.00928	0.01070	0.00720	0.00663	0.01363	0.01930	0.02716	0.54554	0.05520	0.06244	0.16447	0.01510	0.00342	0.00436	0.01316	0.00757	0.00663
85	0.01811	0.01735	0.02960	0.14556	0.59226	0.01785	0.02295	0.02270	0.01696	0.02398	0.01415	0.01899	0.01173	0.00688	0.00752	0.00229	0.00917	0.00676	0.00370	0.01148
86	0.01792	0.01707	0.02863	0.17466	0.53407	0.01783	0.02235	0.02327	0.04568	0.02404	0.01485	0.01947	0.01214	0.00707	0.00753	0.00232	0.00909	0.00683	0.00385	0.01132
87	0.78701	0.01467	0.01115	0.00997	0.01467	0.01702	0.00821	0.02230	0.01291	0.03403	0.01056	0.01232	0.00821	0.00704	0.00469	0.00235	0.00587	0.00411	0.00469	0.00821
88	0.02512	0.01915	0.02002	0.01585	0.02078	0.05417	0.01293	0.45735	0.02937	0.04027	0.01809	0.01928	0.01345	0.00912	0.00829	0.00220	0.05610	0.00664	0.12320	0.04863
89	0.01789	0.01078	0.01361	0.01232	0.01546	0.01049	0.00995	0.09573	0.04186	0.16012	0.28094	0.07498	0.06603	0.01493	0.00883	0.00263	0.00552	0.14082	0.00807	0.00902
90	0.01987	0.68153	0.09262	0.01368	0.02055	0.02901	0.01419	0.02282	0.01546	0.01834	0.01079	0.01248	0.00972	0.00655	0.00506	0.00169	0.00836	0.00418	0.00324	0.00985
91	0.02170	0.01770	0.01875	0.01601	0.02080	0.02019	0.01269	0.21685	0.49125	0.03630	0.02727	0.02543	0.02024	0.00995	0.00768	0.00249	0.00667	0.00808	0.00768	0.01226
92	0.00924	0.00660	0.00880	0.01056	0.01100	0.00616	0.00704	0.01056	0.01452	0.01936	0.04181	0.72848	0.05017	0.02376	0.00968	0.00308	0.00440	0.02156	0.00704	0.00616
93	0.10976	0.03195	0.02055	0.01825	0.02252	0.54303	0.01393	0.10960	0.02238	0.02394	0.01242	0.01411	0.01000	0.00790	0.00670	0.00204	0.01216	0.00505	0.00446	0.00925
94	0.00951	0.00671	0.00872	0.01022	0.01059	0.00634	0.00667	0.01063	0.01399	0.01866	0.03910	0.62573	0.04675	0.13118	0.01406	0.00373	0.00485	0.01997	0.00667	0.00592
95	0.01926	0.01656	0.01795	0.01684	0.04813	0.01902	0.01258	0.06424	0.61933	0.03207	0.02966	0.02749	0.02227	0.01009	0.00770	0.00255	0.00622	0.00843	0.00754	0.01204
96	0.01050	0.00788	0.01012	0.01054	0.01219	0.00694	0.00738	0.01246	0.01564	0.02170	0.12189	0.52257	0.04661	0.01969	0.00892	0.00267	0.00449	0.01772	0.00680	0.13330
97	0.01563	0.09733	0.63973	0.02090	0.03172	0.01865	0.02677	0.02391	0.01596	0.02351	0.01336	0.01569	0.00962	0.00715	0.00701	0.00234	0.01095	0.00548	0.00321	0.01109
98	0.02028	0.73799	0.03975	0.01298	0.01947	0.03001	0.01298	0.02271	0.01541	0.01785	0.01055	0.01217	0.00973	0.00649	0.00487	0.00162	0.00811	0.00406	0.00324	0.00973
99	0.00923	0.00664	0.00876	0.01045	0.01097	0.00617	0.00699	0.01057	0.01463	0.01941	0.04318	0.70282	0.07495	0.02359	0.00965	0.00306	0.00438	0.02135	0.00704	0.00617
100	0.03287	0.01265	0.01723	0.01330	0.01896	0.01095	0.01095	0.03584	0.02170	0.65848	0.06238	0.02735	0.02140	0.00969	0.00769	0.00235	0.00631	0.00793	0.00934	0.01262
101	0.78701	0.01467	0.01115	0.00997	0.01467	0.01702	0.00821	0.02230	0.01291	0.03403	0.01056	0.01232	0.00821	0.00704	0.00469	0.00235	0.00587	0.00411	0.00469	0.00821
102	0.14114	0.01778	0.02391	0.09353	0.36843	0.07127	0.01839	0.04539	0.03910	0.02613	0.01629	0.02343	0.01414	0.00836	0.00728	0.00239	0.00868	0.05949	0.00442	0.01044
103	0.07123	0.06765	0.06680	0.05745	0.40908	0.01863	0.06427	0.05498	0.04034	0.02590	0.01700	0.02032	0.03819	0.00752	0.00729	0.00228	0.00882	0.00691	0.00420	0.01113
104	0.01793	0.04608	0.01641	0.01460	0.05009	0.06624	0.01099	0.11348	0.06932	0.07209	0.05441	0.10663	0.15427	0.01355	0.00809	0.00242	0.00664	0.08594	0.00654	0.08428

[dist]
# distance from previous block
# <min> <max>
0	28

# created by:
# /st0/software/busco_prod/Augustus/scripts/msa2prfl.pl ./align_prep/171866.fa
