[name]
unknown

[dist]
# distance from previous block
# <min> <max>
0	69

[block]
# block no. 0 follows, 24 sequences, length 6
# corresponding to MSA columns:
# 71-76
name=unknown_A
#
# <colnr> <probs for GDERKNQSTAVLIFYWHMCP>
#	G	D	E	R	K	N	Q	S	T	A	V	L	I	F	Y	W	H	M	C	P
0	0.01300	0.00976	0.01401	0.01655	0.07618	0.00959	0.01245	0.01678	0.01935	0.02607	0.20540	0.07494	0.05030	0.01902	0.01024	0.00322	0.00655	0.40138	0.00737	0.00784
1	0.01962	0.01103	0.01433	0.05085	0.01770	0.01073	0.01042	0.07528	0.02231	0.19122	0.27812	0.04635	0.04332	0.01358	0.00862	0.00256	0.00572	0.08391	0.08483	0.00952
2	0.01581	0.00956	0.01150	0.01069	0.01355	0.00873	0.00811	0.01943	0.05734	0.15259	0.16934	0.12751	0.25649	0.06608	0.01131	0.00304	0.00508	0.03748	0.00796	0.00840
3	0.01790	0.01235	0.01422	0.01234	0.01582	0.01234	0.00962	0.19309	0.02485	0.08443	0.23521	0.12679	0.17753	0.01567	0.00894	0.00258	0.00554	0.01329	0.00814	0.00936
4	0.02480	0.01847	0.02030	0.01590	0.02127	0.01971	0.01279	0.44229	0.02975	0.04049	0.01917	0.02314	0.01538	0.08874	0.06512	0.00360	0.00922	0.00738	0.00686	0.11562
5	0.36793	0.09003	0.01903	0.06785	0.02074	0.01758	0.06720	0.02281	0.06379	0.02833	0.01458	0.01798	0.01177	0.01023	0.00918	0.10023	0.00735	0.00583	0.04902	0.00854

[dist]
# distance from previous block
# <min> <max>
0	1

[block]
# block no. 1 follows, 24 sequences, length 8
# corresponding to MSA columns:
# 78-85
name=unknown_B
#
# <colnr> <probs for GDERKNQSTAVLIFYWHMCP>
#	G	D	E	R	K	N	Q	S	T	A	V	L	I	F	Y	W	H	M	C	P
0	0.01521	0.01207	0.01555	0.01336	0.01701	0.01127	0.04755	0.11675	0.02055	0.02844	0.13116	0.26759	0.07676	0.01551	0.00863	0.00246	0.00590	0.01375	0.00689	0.17360
1	0.08226	0.12018	0.02087	0.03915	0.02033	0.01726	0.03793	0.09133	0.13843	0.07729	0.05037	0.15920	0.02484	0.01199	0.00766	0.00244	0.00688	0.01008	0.00649	0.07501
2	0.02400	0.02392	0.01935	0.01855	0.06002	0.29465	0.01334	0.11642	0.06593	0.07173	0.02707	0.12742	0.07955	0.01217	0.00807	0.00242	0.00973	0.00965	0.00610	0.00991
3	0.03891	0.01039	0.01250	0.01150	0.01320	0.01145	0.00857	0.07916	0.01721	0.02557	0.13378	0.03812	0.02998	0.20280	0.14843	0.00576	0.06700	0.00971	0.12849	0.00745
4	0.02532	0.01926	0.02087	0.01665	0.02226	0.02088	0.01345	0.42855	0.13925	0.04228	0.02286	0.07840	0.01838	0.01064	0.00794	0.00238	0.00769	0.00849	0.00759	0.08686
5	0.63291	0.01436	0.01203	0.01065	0.01529	0.01613	0.00869	0.02348	0.01522	0.08282	0.08909	0.01933	0.01713	0.00858	0.00565	0.00246	0.00590	0.00574	0.00572	0.00882
6	0.01081	0.00765	0.00987	0.01057	0.01152	0.00726	0.00741	0.01289	0.01709	0.02333	0.24001	0.31899	0.05442	0.15665	0.01581	0.00389	0.00517	0.07283	0.00730	0.00654
7	0.01378	0.01207	0.01257	0.01328	0.05408	0.07182	0.00891	0.05243	0.01908	0.02414	0.16057	0.17013	0.22878	0.10714	0.01307	0.00328	0.00610	0.01441	0.00680	0.00755

[dist]
# distance from previous block
# <min> <max>
12	20

[block]
# block no. 2 follows, 24 sequences, length 8
# corresponding to MSA columns:
# 107-114
name=unknown_C
#
# <colnr> <probs for GDERKNQSTAVLIFYWHMCP>
#	G	D	E	R	K	N	Q	S	T	A	V	L	I	F	Y	W	H	M	C	P
0	0.02167	0.01520	0.01585	0.01363	0.01753	0.06832	0.01055	0.12354	0.12402	0.15841	0.06706	0.03820	0.12935	0.10206	0.05537	0.00378	0.00803	0.01000	0.00735	0.01010
1	0.13170	0.01581	0.02141	0.22268	0.18002	0.01785	0.01707	0.02698	0.18746	0.02739	0.02258	0.02505	0.05314	0.00911	0.00758	0.00256	0.00810	0.00772	0.00526	0.01052
2	0.01545	0.01165	0.01217	0.01115	0.01334	0.04563	0.00783	0.06807	0.06052	0.04667	0.09287	0.09948	0.08425	0.29652	0.02108	0.00452	0.00677	0.01158	0.03719	0.05326
3	0.02234	0.07565	0.02268	0.10649	0.11354	0.11094	0.01517	0.13046	0.08755	0.09148	0.02805	0.02871	0.11260	0.01032	0.00782	0.00239	0.00865	0.00832	0.00605	0.01079
4	0.15210	0.10375	0.05442	0.01608	0.06020	0.10492	0.01277	0.15536	0.02135	0.03144	0.01992	0.02166	0.04761	0.00889	0.00655	0.00218	0.00792	0.00653	0.15637	0.00997
5	0.01552	0.04559	0.01624	0.01396	0.01529	0.06909	0.01068	0.01836	0.04794	0.02004	0.02080	0.07628	0.02086	0.18789	0.12831	0.00552	0.18555	0.00921	0.08535	0.00753
6	0.10724	0.07427	0.02295	0.10465	0.16385	0.16541	0.01589	0.04727	0.01853	0.02494	0.04089	0.02287	0.05781	0.00925	0.00835	0.00235	0.05347	0.00702	0.04330	0.00969
7	0.02122	0.08304	0.01893	0.01553	0.06998	0.01510	0.01123	0.09458	0.09709	0.14557	0.08528	0.03011	0.02394	0.09675	0.01135	0.00287	0.00670	0.00830	0.09676	0.06567

[dist]
# distance from previous block
# <min> <max>
3	9

[block]
# block no. 3 follows, 24 sequences, length 6
# corresponding to MSA columns:
# 124-129
name=unknown_D
#
# <colnr> <probs for GDERKNQSTAVLIFYWHMCP>
#	G	D	E	R	K	N	Q	S	T	A	V	L	I	F	Y	W	H	M	C	P
0	0.01557	0.01196	0.01394	0.04628	0.01687	0.01192	0.00941	0.08717	0.05691	0.02669	0.06280	0.08532	0.10392	0.11335	0.01310	0.00300	0.03916	0.01007	0.10358	0.16899
1	0.12758	0.01866	0.01954	0.23265	0.06371	0.13379	0.01532	0.11093	0.02004	0.02734	0.02154	0.05523	0.06842	0.00993	0.00748	0.00245	0.00913	0.00787	0.03903	0.00936
2	0.27924	0.01531	0.04805	0.10501	0.02202	0.01570	0.01198	0.06546	0.09966	0.06107	0.02778	0.05813	0.10847	0.01081	0.00709	0.00255	0.00676	0.00842	0.03706	0.00943
3	0.15273	0.01767	0.02466	0.19905	0.15494	0.01921	0.06849	0.16542	0.02105	0.03162	0.01501	0.01863	0.01147	0.00779	0.00737	0.00240	0.00907	0.00662	0.00497	0.06180
4	0.01342	0.01094	0.01272	0.06740	0.01719	0.01085	0.00934	0.04589	0.10621	0.02514	0.11416	0.05398	0.26700	0.09630	0.01237	0.00315	0.00582	0.04929	0.00680	0.07202
5	0.07472	0.01664	0.02618	0.13616	0.08489	0.01761	0.16950	0.12186	0.07027	0.02907	0.02223	0.11943	0.02016	0.01107	0.00853	0.00271	0.00921	0.04398	0.00557	0.01020

[dist]
# distance from previous block
# <min> <max>
4	8

[block]
# block no. 4 follows, 24 sequences, length 11
# corresponding to MSA columns:
# 138-148
name=unknown_E
#
# <colnr> <probs for GDERKNQSTAVLIFYWHMCP>
#	G	D	E	R	K	N	Q	S	T	A	V	L	I	F	Y	W	H	M	C	P
0	0.37898	0.01471	0.01498	0.10665	0.02164	0.01662	0.01133	0.10117	0.03951	0.07686	0.01752	0.02111	0.01354	0.00873	0.00630	0.00244	0.00684	0.02712	0.10447	0.00949
1	0.06757	0.01951	0.01706	0.01476	0.01906	0.17552	0.01150	0.11062	0.09303	0.05941	0.09370	0.02998	0.08778	0.01495	0.06682	0.00315	0.00930	0.00832	0.00629	0.09167
2	0.11132	0.01847	0.06774	0.10406	0.28593	0.05545	0.01843	0.02371	0.04371	0.05246	0.01968	0.06756	0.03380	0.01231	0.04936	0.00311	0.00960	0.00803	0.00473	0.01054
3	0.01529	0.01132	0.01425	0.04202	0.03555	0.01314	0.01025	0.04759	0.06403	0.02407	0.02178	0.03102	0.01961	0.15731	0.11995	0.00505	0.12461	0.00838	0.22685	0.00794
4	0.02043	0.01051	0.01351	0.01172	0.01515	0.00965	0.00904	0.02456	0.05991	0.26535	0.27391	0.09053	0.08757	0.05861	0.01077	0.00288	0.00532	0.01222	0.00865	0.00970
5	0.04486	0.01196	0.01366	0.01257	0.01567	0.03032	0.00984	0.08140	0.06383	0.12390	0.17084	0.11227	0.10914	0.06374	0.01112	0.00308	0.00611	0.09896	0.00775	0.00899
6	0.02507	0.01885	0.02133	0.06289	0.02378	0.02123	0.01407	0.45358	0.02981	0.04011	0.01907	0.02410	0.01547	0.11124	0.03691	0.00356	0.05292	0.00778	0.00679	0.01143
7	0.05169	0.01058	0.01391	0.05702	0.01751	0.00991	0.00977	0.02322	0.02142	0.24310	0.34715	0.04530	0.09001	0.01345	0.00862	0.00250	0.00530	0.01150	0.00849	0.00954
8	0.51700	0.01856	0.10684	0.01290	0.01901	0.01661	0.01213	0.02674	0.01586	0.16693	0.01568	0.01634	0.01108	0.00789	0.00591	0.00246	0.00704	0.00528	0.00570	0.01004
9	0.06787	0.01533	0.02267	0.41041	0.06723	0.01783	0.04352	0.12722	0.01935	0.02659	0.01717	0.06411	0.01449	0.04209	0.00942	0.00284	0.00953	0.00813	0.00470	0.00950
10	0.06432	0.11853	0.02411	0.01786	0.02279	0.34841	0.01430	0.12208	0.02302	0.11865	0.01569	0.01668	0.01197	0.00864	0.00783	0.00219	0.04125	0.00575	0.00540	0.01052

[dist]
# distance from previous block
# <min> <max>
7	16

[block]
# block no. 5 follows, 24 sequences, length 66
# corresponding to MSA columns:
# 166-231
name=unknown_F
#
# <colnr> <probs for GDERKNQSTAVLIFYWHMCP>
#	G	D	E	R	K	N	Q	S	T	A	V	L	I	F	Y	W	H	M	C	P
0	0.01762	0.26352	0.47279	0.01967	0.02978	0.02263	0.02419	0.02467	0.01654	0.02302	0.01319	0.01544	0.01009	0.00729	0.00674	0.00225	0.01067	0.00533	0.00336	0.01122
1	0.01644	0.01409	0.01644	0.01175	0.01879	0.01057	0.00940	0.01997	0.01644	0.02584	0.01409	0.01644	0.01175	0.00587	0.00587	0.00117	0.00587	0.00470	0.00470	0.76979
2	0.01116	0.00756	0.00891	0.00927	0.00941	0.00753	0.00550	0.01153	0.01229	0.01644	0.02851	0.18119	0.03312	0.56030	0.05861	0.00700	0.00759	0.01358	0.00528	0.00521
3	0.01224	0.00698	0.00992	0.01048	0.01072	0.00680	0.00699	0.01084	0.01255	0.01682	0.05689	0.24928	0.02985	0.05192	0.02354	0.45599	0.00602	0.01247	0.00502	0.00466
4	0.01079	0.00754	0.00944	0.01037	0.01171	0.00681	0.00724	0.01262	0.01686	0.04806	0.11360	0.47757	0.19352	0.02230	0.00979	0.00299	0.00447	0.01982	0.00760	0.00689
5	0.02869	0.02622	0.02314	0.01893	0.02414	0.21907	0.01515	0.39747	0.06282	0.03832	0.01720	0.01808	0.01289	0.00945	0.00880	0.00236	0.05220	0.00662	0.00654	0.01189
6	0.01551	0.01028	0.01278	0.01231	0.01488	0.00988	0.00900	0.04176	0.08659	0.10107	0.03472	0.38994	0.03665	0.04645	0.05106	0.00355	0.00644	0.01552	0.00717	0.09445
7	0.01294	0.01009	0.01163	0.01140	0.01391	0.00998	0.00880	0.05491	0.10262	0.02676	0.17769	0.13551	0.24446	0.04239	0.01049	0.00300	0.00521	0.10252	0.00767	0.00802
8	0.01837	0.01727	0.02937	0.18303	0.51098	0.01800	0.02300	0.02280	0.01722	0.02414	0.01469	0.02016	0.01221	0.00824	0.00899	0.03977	0.00954	0.00705	0.00382	0.01133
9	0.05436	0.23839	0.31500	0.02181	0.03090	0.02260	0.16326	0.02469	0.01685	0.02376	0.01354	0.01642	0.01047	0.00711	0.00710	0.00230	0.01087	0.00610	0.00359	0.01088
10	0.02320	0.01244	0.01522	0.01284	0.01711	0.01192	0.01021	0.07386	0.10259	0.28783	0.13980	0.04316	0.12931	0.04687	0.01008	0.00282	0.00600	0.03548	0.00857	0.01071
11	0.01036	0.00802	0.00912	0.00887	0.01091	0.00712	0.00645	0.01281	0.01902	0.02480	0.30577	0.06664	0.35735	0.10256	0.01308	0.00321	0.00435	0.01517	0.00760	0.00678
12	0.01418	0.00930	0.01484	0.24225	0.02517	0.01048	0.01196	0.01366	0.01218	0.01595	0.01388	0.02311	0.01270	0.02097	0.02326	0.51232	0.00812	0.00694	0.00347	0.00524
13	0.30548	0.01733	0.01750	0.01408	0.01975	0.04110	0.01157	0.19345	0.02318	0.25321	0.01996	0.01927	0.01363	0.00878	0.00681	0.00242	0.00731	0.00631	0.00732	0.01155
14	0.01774	0.01061	0.01318	0.01263	0.01544	0.01041	0.00949	0.02391	0.14293	0.17335	0.09083	0.31897	0.07037	0.01765	0.00917	0.00287	0.00542	0.03749	0.00817	0.00936
15	0.01810	0.01728	0.02942	0.26356	0.46891	0.01844	0.02358	0.02300	0.01733	0.02405	0.01465	0.02012	0.01191	0.00735	0.00788	0.00245	0.00980	0.00706	0.00379	0.01133
16	0.02739	0.02018	0.02200	0.01734	0.02291	0.02239	0.01415	0.53347	0.07151	0.04496	0.01972	0.02076	0.01458	0.01395	0.05615	0.04192	0.00935	0.00733	0.00746	0.01248
17	0.00984	0.00720	0.00926	0.01054	0.01146	0.00662	0.00722	0.01163	0.01654	0.02199	0.13485	0.54880	0.12871	0.02308	0.00993	0.00305	0.00441	0.02071	0.00755	0.00662
18	0.01092	0.00747	0.00903	0.00976	0.01000	0.00731	0.00606	0.01157	0.01313	0.01747	0.03239	0.28999	0.03797	0.44282	0.02831	0.00592	0.00657	0.04198	0.00582	0.00550
19	0.02036	0.01699	0.09409	0.01460	0.01923	0.03677	0.01270	0.15338	0.04857	0.13992	0.12160	0.17956	0.07978	0.01434	0.00865	0.00263	0.00691	0.01215	0.00753	0.01024
20	0.01153	0.00769	0.00865	0.00865	0.00865	0.00769	0.00480	0.01153	0.01153	0.01538	0.02499	0.05189	0.02883	0.72131	0.04036	0.00769	0.00769	0.01153	0.00480	0.00480
21	0.01016	0.00726	0.00977	0.01161	0.01229	0.00687	0.00823	0.01190	0.01567	0.02080	0.04343	0.61597	0.05136	0.02437	0.01025	0.00329	0.00503	0.11779	0.00735	0.00658
22	0.01797	0.00954	0.01239	0.01090	0.01398	0.00854	0.00844	0.02129	0.02166	0.21103	0.39203	0.07310	0.10729	0.01477	0.00884	0.00250	0.00463	0.01277	0.03927	0.00906
23	0.04208	0.06364	0.59648	0.02251	0.03360	0.01896	0.06492	0.02502	0.01673	0.02525	0.01412	0.01675	0.01012	0.00745	0.00747	0.00249	0.01151	0.00596	0.00344	0.01150
24	0.01872	0.02139	0.04679	0.03342	0.04144	0.02005	0.64305	0.02540	0.01872	0.02540	0.01604	0.02139	0.01203	0.00668	0.00936	0.00267	0.01337	0.00936	0.00401	0.01070
25	0.01644	0.01409	0.01644	0.01175	0.01879	0.01057	0.00940	0.01997	0.01644	0.02584	0.01409	0.01644	0.01175	0.00587	0.00587	0.00117	0.00587	0.00470	0.00470	0.76979
26	0.15395	0.02107	0.02179	0.01695	0.02306	0.02346	0.01400	0.54233	0.03334	0.04759	0.01771	0.01802	0.01267	0.00916	0.00743	0.00239	0.00830	0.00667	0.00743	0.01267
27	0.01872	0.02139	0.04679	0.03342	0.04144	0.02005	0.64305	0.02540	0.01872	0.02540	0.01604	0.02139	0.01203	0.00668	0.00936	0.00267	0.01337	0.00936	0.00401	0.01070
28	0.00966	0.00690	0.00920	0.01104	0.01150	0.00644	0.00736	0.01104	0.01518	0.02024	0.04371	0.71614	0.05245	0.02484	0.01012	0.00322	0.00460	0.02254	0.00736	0.00644
29	0.01963	0.01884	0.03219	0.04867	0.67185	0.01884	0.02434	0.02434	0.01806	0.02591	0.01492	0.01963	0.01256	0.00707	0.00785	0.00236	0.00942	0.00707	0.00393	0.01256
30	0.01154	0.00876	0.01294	0.01282	0.01412	0.01029	0.00992	0.01420	0.01266	0.01828	0.02106	0.03169	0.01994	0.09017	0.63574	0.01218	0.04382	0.00859	0.00425	0.00702
31	0.00951	0.00798	0.00827	0.00832	0.01083	0.00674	0.00619	0.01161	0.01823	0.02208	0.11899	0.10751	0.59649	0.02006	0.00941	0.00269	0.00403	0.01686	0.00746	0.00674
32	0.01590	0.04102	0.68023	0.02260	0.03432	0.01842	0.02930	0.02511	0.01674	0.02511	0.01423	0.01674	0.01005	0.00753	0.00753	0.00251	0.01172	0.00586	0.00335	0.01172
33	0.01377	0.00689	0.01033	0.01033	0.01033	0.00689	0.00689	0.01033	0.01033	0.01377	0.01377	0.02410	0.01377	0.02755	0.03099	0.76928	0.00689	0.00689	0.00344	0.00344
34	0.01644	0.01409	0.01644	0.01175	0.01879	0.01057	0.00940	0.01997	0.01644	0.02584	0.01409	0.01644	0.01175	0.00587	0.00587	0.00117	0.00587	0.00470	0.00470	0.76979
35	0.34351	0.01911	0.01846	0.01488	0.02054	0.02154	0.01225	0.35952	0.05261	0.04324	0.01622	0.01688	0.01187	0.00866	0.00667	0.00242	0.00754	0.00602	0.00667	0.01139
36	0.01146	0.00766	0.00867	0.00874	0.00876	0.00764	0.00491	0.01151	0.01168	0.01557	0.02572	0.07804	0.02976	0.69390	0.03917	0.00751	0.00757	0.01197	0.00491	0.00487
37	0.02030	0.01939	0.03700	0.07617	0.03617	0.01929	0.41118	0.06965	0.07421	0.07620	0.03921	0.02338	0.01557	0.00812	0.00956	0.00266	0.03687	0.00897	0.00516	0.01094
38	0.02906	0.06549	0.02448	0.01803	0.02414	0.07659	0.01488	0.53081	0.06507	0.04489	0.01867	0.01880	0.01355	0.00931	0.00771	0.00233	0.00903	0.00690	0.00737	0.01291
39	0.01972	0.01703	0.01793	0.01614	0.02062	0.01972	0.01255	0.04214	0.65752	0.03317	0.03228	0.02959	0.02421	0.01076	0.00807	0.00269	0.00628	0.00897	0.00807	0.01255
40	0.00966	0.00690	0.00920	0.01104	0.01150	0.00644	0.00736	0.01104	0.01518	0.02024	0.04371	0.71614	0.05245	0.02484	0.01012	0.00322	0.00460	0.02254	0.00736	0.00644
41	0.01877	0.01760	0.02996	0.11771	0.56471	0.01799	0.02304	0.02305	0.01735	0.02456	0.01476	0.02006	0.01242	0.00839	0.00925	0.04849	0.00939	0.00705	0.00385	0.01160
42	0.01972	0.01703	0.01793	0.01614	0.02062	0.01972	0.01255	0.04214	0.65752	0.03317	0.03228	0.02959	0.02421	0.01076	0.00807	0.00269	0.00628	0.00897	0.00807	0.01255
43	0.03558	0.01350	0.01840	0.01411	0.02024	0.01166	0.01166	0.03865	0.02270	0.67734	0.03128	0.02699	0.01963	0.00981	0.00797	0.00245	0.00675	0.00797	0.00981	0.01350
44	0.01703	0.01432	0.01521	0.01387	0.01778	0.01569	0.01084	0.06823	0.40123	0.03064	0.06726	0.04498	0.19342	0.01383	0.00858	0.00271	0.00580	0.04008	0.00787	0.01066
45	0.00966	0.00690	0.00920	0.01104	0.01150	0.00644	0.00736	0.01104	0.01518	0.02024	0.04371	0.71614	0.05245	0.02484	0.01012	0.00322	0.00460	0.02254	0.00736	0.00644
46	0.02500	0.01706	0.01898	0.01601	0.02117	0.01867	0.01275	0.13776	0.41398	0.18239	0.02993	0.02731	0.02145	0.01035	0.00803	0.00259	0.00677	0.00845	0.00844	0.01292
47	0.00966	0.00690	0.00920	0.01104	0.01150	0.00644	0.00736	0.01104	0.01518	0.02024	0.04371	0.71614	0.05245	0.02484	0.01012	0.00322	0.00460	0.02254	0.00736	0.00644
48	0.01234	0.00871	0.01061	0.00988	0.01205	0.00822	0.00748	0.04567	0.02205	0.03130	0.50064	0.05584	0.13060	0.01553	0.00886	0.00244	0.00401	0.01348	0.09262	0.00768
49	0.00964	0.00700	0.00910	0.01078	0.01143	0.00646	0.00724	0.01107	0.01543	0.02035	0.04690	0.66031	0.10622	0.02443	0.01006	0.00317	0.00455	0.02204	0.00736	0.00646
50	0.01189	0.00911	0.01209	0.01116	0.01282	0.00931	0.00856	0.01541	0.02133	0.03042	0.59618	0.05468	0.06782	0.01596	0.01117	0.00260	0.08020	0.01354	0.00816	0.00761
51	0.12207	0.09121	0.02012	0.01361	0.01967	0.01453	0.01150	0.03520	0.02089	0.52952	0.02668	0.02376	0.01729	0.00919	0.00730	0.00237	0.00686	0.00713	0.00853	0.01255
52	0.03953	0.00996	0.01243	0.01229	0.01451	0.00979	0.00929	0.08447	0.02005	0.08983	0.16288	0.34998	0.04734	0.01912	0.00945	0.00293	0.00544	0.08460	0.00785	0.00826
53	0.09367	0.00804	0.00931	0.01031	0.01112	0.00802	0.00678	0.01251	0.01398	0.02056	0.03494	0.45463	0.04110	0.21694	0.01798	0.00438	0.00563	0.01749	0.00638	0.00622
54	0.00958	0.00808	0.00855	0.00855	0.01109	0.00704	0.00645	0.01168	0.01749	0.02109	0.07391	0.07140	0.59807	0.02437	0.08338	0.00377	0.00589	0.01584	0.00702	0.00674
55	0.01080	0.00809	0.01002	0.00953	0.01159	0.00730	0.00715	0.01415	0.02145	0.02944	0.53406	0.06312	0.20990	0.01709	0.00936	0.00254	0.00380	0.01489	0.00842	0.00730
56	0.09592	0.01432	0.01803	0.01404	0.01988	0.01336	0.01156	0.10215	0.02350	0.52266	0.06045	0.02657	0.02083	0.00990	0.00778	0.00245	0.00676	0.00790	0.00914	0.01278
57	0.01017	0.00695	0.00938	0.01092	0.01139	0.00653	0.00731	0.01112	0.01494	0.01999	0.06501	0.61502	0.04912	0.02480	0.01236	0.08651	0.00482	0.02052	0.00699	0.00616
58	0.02639	0.01935	0.02096	0.01667	0.02186	0.02123	0.01339	0.52429	0.03276	0.04390	0.02221	0.09755	0.01898	0.06972	0.01084	0.00291	0.00819	0.00918	0.00761	0.01201
59	0.02890	0.02212	0.02630	0.01990	0.02642	0.02410	0.08337	0.57798	0.03526	0.04730	0.01871	0.01929	0.01333	0.00921	0.00809	0.00241	0.00923	0.00738	0.00751	0.01318
60	0.01373	0.01020	0.01238	0.01131	0.01380	0.01013	0.00861	0.08511	0.06896	0.03281	0.49294	0.09284	0.08457	0.01575	0.00915	0.00255	0.00453	0.01375	0.00846	0.00841
61	0.02103	0.64917	0.04053	0.01739	0.09121	0.03001	0.01474	0.02381	0.01632	0.01945	0.01145	0.01347	0.01044	0.00681	0.00539	0.00177	0.00858	0.00455	0.00345	0.01044
62	0.02926	0.02036	0.02240	0.01708	0.02348	0.02163	0.01408	0.50996	0.03340	0.11707	0.01986	0.01964	0.01398	0.00916	0.00771	0.00226	0.00820	0.00697	0.00779	0.09574
63	0.06465	0.01299	0.01645	0.01328	0.01846	0.01202	0.01076	0.03379	0.09096	0.45993	0.10460	0.03357	0.07024	0.01122	0.00809	0.00250	0.00615	0.00922	0.00910	0.01202
64	0.01040	0.00768	0.00999	0.01112	0.01229	0.00689	0.00758	0.01201	0.01532	0.02085	0.04049	0.64004	0.04802	0.02278	0.00966	0.00300	0.00474	0.02060	0.00707	0.08946
65	0.02178	0.01434	0.01542	0.01282	0.01667	0.01551	0.01024	0.31104	0.02583	0.03791	0.02191	0.02445	0.01680	0.01226	0.03537	0.03906	0.00690	0.00729	0.34436	0.01004

[dist]
# distance from previous block
# <min> <max>
0	3

[block]
# block no. 6 follows, 24 sequences, length 8
# corresponding to MSA columns:
# 235-242
name=unknown_G
#
# <colnr> <probs for GDERKNQSTAVLIFYWHMCP>
#	G	D	E	R	K	N	Q	S	T	A	V	L	I	F	Y	W	H	M	C	P
0	0.01252	0.00921	0.01218	0.01137	0.01352	0.00940	0.00851	0.01501	0.01346	0.02001	0.02109	0.03242	0.02018	0.17117	0.39512	0.00893	0.01464	0.00833	0.06550	0.13743
1	0.01142	0.00775	0.00977	0.01087	0.01226	0.00738	0.00823	0.01403	0.01717	0.02393	0.10517	0.31908	0.10882	0.02014	0.00939	0.00296	0.00495	0.16229	0.13742	0.00694
2	0.01137	0.00841	0.01025	0.01114	0.01249	0.00804	0.00779	0.06541	0.01757	0.02299	0.04787	0.54677	0.15475	0.02272	0.00981	0.00306	0.00485	0.02023	0.00741	0.00709
3	0.02798	0.01458	0.01633	0.01351	0.01828	0.06618	0.01079	0.03376	0.10871	0.38854	0.06504	0.02860	0.02275	0.01008	0.00758	0.00235	0.00660	0.00814	0.13858	0.01163
4	0.01283	0.00907	0.01138	0.01184	0.01319	0.00910	0.00846	0.06778	0.05381	0.02413	0.10720	0.41230	0.04469	0.05001	0.01317	0.08314	0.00545	0.04818	0.00709	0.00717
5	0.01147	0.00773	0.00930	0.00992	0.01114	0.00708	0.00668	0.01278	0.01548	0.05610	0.04782	0.36606	0.19838	0.18276	0.01676	0.00407	0.00528	0.01776	0.00691	0.00652
6	0.01035	0.00704	0.00910	0.01055	0.01127	0.00662	0.00717	0.01216	0.01587	0.02212	0.08665	0.59155	0.05044	0.02247	0.00955	0.00301	0.00444	0.02025	0.09276	0.00662
7	0.01903	0.01453	0.02381	0.51073	0.11819	0.01673	0.02051	0.02387	0.01728	0.13354	0.01713	0.02197	0.01235	0.00815	0.00793	0.00258	0.00979	0.00721	0.00465	0.01003

[dist]
# distance from previous block
# <min> <max>
0	4

# created by:
# /st0/software/busco_prod/Augustus/scripts/msa2prfl.pl ./align_prep/172076.fa
