[name]
unknown

[dist]
# distance from previous block
# <min> <max>
9	55

[block]
# block no. 0 follows, 27 sequences, length 10
# corresponding to MSA columns:
# 60-69
name=unknown_A
#
# <colnr> <probs for GDERKNQSTAVLIFYWHMCP>
#	G	D	E	R	K	N	Q	S	T	A	V	L	I	F	Y	W	H	M	C	P
0	0.01838	0.02062	0.12366	0.03862	0.52006	0.01791	0.02226	0.05649	0.06248	0.02574	0.01517	0.01860	0.01221	0.00703	0.00733	0.00225	0.00889	0.00658	0.00405	0.01169
1	0.03687	0.01261	0.01811	0.08049	0.12632	0.01240	0.05308	0.02016	0.07702	0.05031	0.09622	0.12364	0.06549	0.01101	0.00788	0.00224	0.02157	0.00974	0.02737	0.14747
2	0.01218	0.00884	0.01175	0.07623	0.04915	0.00855	0.00896	0.01484	0.01722	0.06087	0.23562	0.08754	0.19665	0.11625	0.01269	0.00317	0.00538	0.06042	0.00658	0.00709
3	0.01532	0.06429	0.43393	0.02322	0.08084	0.01713	0.14188	0.02227	0.01619	0.02301	0.01920	0.02160	0.07212	0.00791	0.00744	0.00235	0.01029	0.00703	0.00364	0.01036
4	0.01198	0.01073	0.07271	0.01041	0.01316	0.00817	0.00885	0.01482	0.01714	0.06283	0.21690	0.05690	0.23536	0.13808	0.01361	0.00333	0.00544	0.08591	0.00662	0.00704
5	0.28332	0.13641	0.08250	0.01636	0.06793	0.13172	0.01352	0.02303	0.01559	0.04444	0.01423	0.02019	0.01248	0.00854	0.00698	0.00227	0.04416	0.06308	0.00431	0.00894
6	0.01244	0.13229	0.01460	0.01001	0.01144	0.01195	0.00729	0.01353	0.01320	0.01738	0.08876	0.09956	0.06841	0.38730	0.02428	0.00485	0.06102	0.01073	0.00488	0.00610
7	0.02109	0.56665	0.07301	0.01442	0.02055	0.16011	0.01386	0.02374	0.01627	0.01794	0.01071	0.01241	0.00953	0.00664	0.00527	0.00169	0.00916	0.00421	0.00330	0.00943
8	0.02834	0.01898	0.02103	0.01608	0.02202	0.02022	0.01326	0.52391	0.03147	0.15550	0.01949	0.01894	0.01350	0.00876	0.00732	0.00217	0.00770	0.00668	0.00755	0.05705
9	0.20233	0.52653	0.07385	0.01254	0.01876	0.02560	0.01252	0.02221	0.01454	0.02160	0.01051	0.01218	0.00917	0.00652	0.00487	0.00180	0.00761	0.00408	0.00351	0.00927

[dist]
# distance from previous block
# <min> <max>
0	1

[block]
# block no. 1 follows, 27 sequences, length 10
# corresponding to MSA columns:
# 71-80
name=unknown_B
#
# <colnr> <probs for GDERKNQSTAVLIFYWHMCP>
#	G	D	E	R	K	N	Q	S	T	A	V	L	I	F	Y	W	H	M	C	P
0	0.02019	0.65194	0.07268	0.01364	0.02005	0.08075	0.01361	0.02286	0.01557	0.01784	0.01057	0.01222	0.00952	0.00649	0.00503	0.00165	0.00852	0.00411	0.00322	0.00953
1	0.02039	0.69453	0.03766	0.01315	0.01932	0.07645	0.01282	0.02274	0.01550	0.01751	0.01040	0.01201	0.00953	0.00644	0.00490	0.00161	0.00832	0.00403	0.00322	0.00946
2	0.01489	0.03840	0.70064	0.02116	0.03213	0.01724	0.02743	0.02351	0.01567	0.02351	0.01332	0.01567	0.00940	0.00705	0.00705	0.00235	0.01097	0.00549	0.00313	0.01097
3	0.01475	0.01251	0.01471	0.01093	0.01690	0.00950	0.00860	0.01785	0.01527	0.02366	0.01600	0.08817	0.01485	0.00730	0.00590	0.00129	0.00538	0.00609	0.00465	0.70567
4	0.00877	0.00752	0.00752	0.00752	0.01003	0.00627	0.00564	0.01065	0.01692	0.02005	0.07520	0.07144	0.68978	0.01880	0.00877	0.00251	0.00376	0.01567	0.00689	0.00627
5	0.64115	0.01554	0.01241	0.06202	0.01752	0.06951	0.00938	0.02170	0.01351	0.03046	0.01201	0.04528	0.01014	0.00773	0.00518	0.00231	0.00657	0.00504	0.00454	0.00801
6	0.02750	0.01987	0.02145	0.01668	0.02243	0.02192	0.01370	0.57081	0.09943	0.07981	0.01969	0.01922	0.01395	0.00904	0.00744	0.00226	0.00784	0.00690	0.00753	0.01254
7	0.00916	0.00660	0.00849	0.00994	0.01050	0.00614	0.00661	0.01040	0.01417	0.01869	0.04231	0.62834	0.09873	0.07804	0.01160	0.00330	0.00449	0.01987	0.00671	0.00593
8	0.00951	0.00666	0.00848	0.00974	0.01005	0.00634	0.00625	0.01046	0.01330	0.01773	0.03624	0.55122	0.04320	0.21434	0.01703	0.00413	0.00508	0.01835	0.00625	0.00562
9	0.01800	0.01987	0.10204	0.04295	0.62194	0.01760	0.02328	0.02286	0.01677	0.02417	0.01390	0.01808	0.01151	0.00666	0.00732	0.00222	0.00905	0.00649	0.00362	0.01167

[dist]
# distance from previous block
# <min> <max>
0	1

[block]
# block no. 2 follows, 27 sequences, length 6
# corresponding to MSA columns:
# 82-87
name=unknown_C
#
# <colnr> <probs for GDERKNQSTAVLIFYWHMCP>
#	G	D	E	R	K	N	Q	S	T	A	V	L	I	F	Y	W	H	M	C	P
0	0.01629	0.01499	0.02501	0.15587	0.44143	0.01556	0.02017	0.02059	0.01659	0.02292	0.01908	0.03216	0.01785	0.00963	0.00796	0.00250	0.00859	0.13842	0.00426	0.01013
1	0.01904	0.01668	0.02527	0.29739	0.28892	0.01847	0.01990	0.17386	0.02037	0.02756	0.01458	0.01879	0.01125	0.00747	0.00740	0.00231	0.00908	0.00662	0.00442	0.01062
2	0.01976	0.01954	0.02660	0.02587	0.18254	0.09885	0.12812	0.10846	0.01870	0.02538	0.01353	0.01713	0.01106	0.00787	0.01008	0.00221	0.13036	0.00638	0.00426	0.14329
3	0.01710	0.01618	0.02659	0.24142	0.44183	0.01738	0.02113	0.02320	0.07758	0.02333	0.01524	0.01965	0.01222	0.00717	0.00739	0.00231	0.00886	0.00677	0.00392	0.01073
4	0.02310	0.02516	0.02307	0.06402	0.11595	0.32365	0.05562	0.12314	0.05840	0.02452	0.01740	0.01948	0.04667	0.00854	0.00795	0.00219	0.04024	0.00651	0.00466	0.00974
5	0.02168	0.01506	0.01849	0.01664	0.08823	0.01431	0.01194	0.21299	0.02213	0.13929	0.02033	0.09796	0.01699	0.00919	0.00702	0.00195	0.00663	0.00766	0.00627	0.26524

[dist]
# distance from previous block
# <min> <max>
0	31

[block]
# block no. 3 follows, 27 sequences, length 7
# corresponding to MSA columns:
# 120-126
name=unknown_D
#
# <colnr> <probs for GDERKNQSTAVLIFYWHMCP>
#	G	D	E	R	K	N	Q	S	T	A	V	L	I	F	Y	W	H	M	C	P
0	0.05853	0.09649	0.38917	0.02280	0.11297	0.04703	0.07315	0.02285	0.01634	0.02379	0.05798	0.01837	0.01383	0.00743	0.00698	0.00225	0.00986	0.00617	0.00370	0.01034
1	0.01974	0.48798	0.06676	0.01429	0.01963	0.13991	0.01336	0.02224	0.01587	0.01805	0.01349	0.07982	0.01322	0.00847	0.00650	0.00189	0.04019	0.00589	0.00363	0.00906
2	0.01517	0.01096	0.01274	0.01193	0.01407	0.01137	0.00871	0.20732	0.02053	0.02761	0.09181	0.35674	0.03692	0.12278	0.01293	0.00333	0.00581	0.01457	0.00682	0.00787
3	0.39276	0.01832	0.15549	0.11641	0.02328	0.01540	0.01392	0.02160	0.01494	0.06165	0.08768	0.01941	0.01599	0.00804	0.00612	0.00234	0.00721	0.00592	0.00473	0.00879
4	0.49590	0.16660	0.07357	0.01127	0.01650	0.01845	0.01051	0.02133	0.01416	0.02890	0.07299	0.01632	0.01416	0.00755	0.00521	0.00216	0.00642	0.00500	0.00451	0.00849
5	0.01150	0.00821	0.01143	0.01314	0.01464	0.00814	0.01115	0.01457	0.01663	0.02169	0.03956	0.18773	0.04374	0.02095	0.01013	0.00335	0.00643	0.54344	0.00684	0.00671
6	0.08133	0.58581	0.07938	0.01351	0.01984	0.07842	0.01344	0.02284	0.01537	0.01918	0.01061	0.01228	0.00940	0.00654	0.00505	0.00172	0.00837	0.00414	0.00333	0.00944

[dist]
# distance from previous block
# <min> <max>
0	2

[block]
# block no. 4 follows, 27 sequences, length 23
# corresponding to MSA columns:
# 129-151
name=unknown_E
#
# <colnr> <probs for GDERKNQSTAVLIFYWHMCP>
#	G	D	E	R	K	N	Q	S	T	A	V	L	I	F	Y	W	H	M	C	P
0	0.01985	0.74357	0.03890	0.01270	0.01905	0.02937	0.01270	0.02223	0.01508	0.01747	0.01032	0.01191	0.00953	0.00635	0.00476	0.00159	0.00794	0.00397	0.00318	0.00953
1	0.01846	0.01595	0.01679	0.01511	0.01930	0.01846	0.01175	0.03945	0.67938	0.03105	0.03022	0.02770	0.02266	0.01007	0.00755	0.00252	0.00588	0.00839	0.00755	0.01175
2	0.00904	0.00646	0.00861	0.01034	0.01077	0.00603	0.00689	0.01034	0.01421	0.01895	0.04092	0.73426	0.04910	0.02326	0.00948	0.00301	0.00431	0.02110	0.00689	0.00603
3	0.03331	0.01263	0.01723	0.01321	0.01895	0.01091	0.01091	0.03618	0.02125	0.69794	0.02929	0.02527	0.01838	0.00919	0.00747	0.00230	0.00632	0.00747	0.00919	0.01263
4	0.02705	0.01999	0.02139	0.01650	0.02224	0.02201	0.01360	0.62834	0.03382	0.04517	0.02129	0.02106	0.05352	0.00951	0.00751	0.00224	0.00790	0.00723	0.00739	0.01224
5	0.01071	0.00716	0.00812	0.00820	0.00822	0.00714	0.00461	0.01077	0.01095	0.01461	0.02420	0.08036	0.02801	0.70592	0.03647	0.00700	0.00706	0.01127	0.00461	0.00457
6	0.01443	0.01361	0.02300	0.65784	0.11135	0.01660	0.02082	0.01933	0.01504	0.01946	0.01327	0.01966	0.01007	0.00735	0.00742	0.00245	0.00980	0.00660	0.00333	0.00858
7	0.01796	0.01722	0.02939	0.10898	0.63257	0.01753	0.02258	0.02243	0.01671	0.02376	0.01389	0.01851	0.01158	0.00669	0.00736	0.00223	0.00892	0.00661	0.00364	0.01143
8	0.01679	0.01602	0.02727	0.29178	0.45898	0.01722	0.02199	0.02139	0.01615	0.02233	0.01368	0.01889	0.01108	0.00691	0.00738	0.00230	0.00921	0.00661	0.00354	0.01048
9	0.00904	0.00646	0.00861	0.01034	0.01077	0.00603	0.00689	0.01034	0.01421	0.01895	0.04092	0.73426	0.04910	0.02326	0.00948	0.00301	0.00431	0.02110	0.00689	0.00603
10	0.01762	0.01687	0.02876	0.16315	0.58113	0.01744	0.02241	0.02212	0.01655	0.02333	0.01383	0.01862	0.01143	0.00676	0.00736	0.00225	0.00901	0.00661	0.00361	0.01115
11	0.63697	0.04859	0.01252	0.04106	0.01574	0.01622	0.00863	0.02103	0.01350	0.03145	0.05376	0.01581	0.01258	0.00749	0.00501	0.00225	0.00579	0.00485	0.03875	0.00801
12	0.01678	0.01586	0.01678	0.01277	0.01836	0.08485	0.01018	0.01976	0.01555	0.02288	0.01264	0.01527	0.01071	0.00653	0.00765	0.00142	0.08382	0.00466	0.00421	0.61931
13	0.01837	0.01764	0.03013	0.04557	0.69279	0.01764	0.02278	0.02278	0.01690	0.02425	0.01396	0.01837	0.01176	0.00661	0.00735	0.00220	0.00882	0.00661	0.00367	0.01176
14	0.01752	0.01677	0.02859	0.17803	0.56701	0.01741	0.02236	0.02204	0.01650	0.02322	0.01381	0.01865	0.01139	0.00677	0.00736	0.00226	0.00903	0.00661	0.00360	0.01107
15	0.09152	0.47602	0.09463	0.05845	0.02172	0.04656	0.01394	0.05054	0.01598	0.02137	0.01177	0.01378	0.00996	0.00679	0.00533	0.00183	0.00813	0.00456	0.03771	0.00943
16	0.08462	0.01449	0.01769	0.08047	0.02120	0.03716	0.05568	0.17785	0.04224	0.06945	0.19752	0.03301	0.09047	0.01113	0.00831	0.00237	0.03132	0.00921	0.00654	0.00927
17	0.57395	0.05176	0.06680	0.05673	0.01909	0.01790	0.01112	0.08244	0.01521	0.03215	0.01145	0.01336	0.00876	0.00710	0.00524	0.00227	0.00674	0.00454	0.00460	0.00878
18	0.02578	0.01898	0.01977	0.01569	0.02082	0.06306	0.01263	0.46511	0.02933	0.09513	0.02024	0.07577	0.01634	0.04196	0.00880	0.00244	0.00788	0.00784	0.00704	0.04538
19	0.39854	0.06157	0.06071	0.03839	0.01772	0.01596	0.01066	0.08192	0.01724	0.07184	0.13842	0.02198	0.02086	0.00875	0.00609	0.00226	0.00624	0.00642	0.00556	0.00885
20	0.04828	0.01588	0.01626	0.01536	0.06014	0.07857	0.01117	0.14489	0.19331	0.06204	0.11205	0.03417	0.12742	0.03676	0.00872	0.00251	0.00662	0.00925	0.00677	0.00984
21	0.04315	0.06003	0.05749	0.04085	0.05042	0.01328	0.01157	0.07846	0.08690	0.06278	0.08925	0.15880	0.07465	0.01254	0.00764	0.00233	0.00618	0.03811	0.00613	0.09946
22	0.05193	0.01429	0.01819	0.26412	0.04812	0.03539	0.01425	0.14902	0.05287	0.06832	0.10701	0.02981	0.09551	0.01016	0.00760	0.00237	0.00754	0.00846	0.00578	0.00928

[dist]
# distance from previous block
# <min> <max>
165	602

[block]
# block no. 5 follows, 27 sequences, length 7
# corresponding to MSA columns:
# 929-935
name=unknown_F
#
# <colnr> <probs for GDERKNQSTAVLIFYWHMCP>
#	G	D	E	R	K	N	Q	S	T	A	V	L	I	F	Y	W	H	M	C	P
0	0.05801	0.06111	0.43241	0.01936	0.07762	0.01575	0.02088	0.02265	0.01599	0.05324	0.03926	0.01898	0.01337	0.00758	0.00666	0.00221	0.00889	0.00599	0.10985	0.01018
1	0.02425	0.26349	0.02773	0.01964	0.08759	0.42057	0.01464	0.02656	0.01870	0.01854	0.01135	0.01340	0.00977	0.00713	0.00613	0.00184	0.01117	0.00470	0.00360	0.00922
2	0.21992	0.15649	0.40258	0.01667	0.02515	0.01923	0.01973	0.02284	0.01477	0.02502	0.01201	0.01406	0.00907	0.00689	0.00600	0.00220	0.00906	0.00483	0.00353	0.00995
3	0.02533	0.05581	0.02010	0.01582	0.02068	0.26754	0.01257	0.23931	0.02443	0.08180	0.01861	0.01927	0.04237	0.00850	0.00682	0.00198	0.00922	0.00616	0.04773	0.07595
4	0.01290	0.08081	0.01297	0.01006	0.01190	0.01094	0.00747	0.03933	0.05024	0.02047	0.08072	0.03794	0.06126	0.26917	0.17372	0.00600	0.00915	0.00928	0.08893	0.00673
5	0.02038	0.01394	0.02015	0.14758	0.02627	0.01340	0.06799	0.02476	0.04485	0.20651	0.01822	0.01988	0.01323	0.00763	0.00804	0.00201	0.05600	0.00633	0.00550	0.27732
6	0.16150	0.12217	0.48813	0.01796	0.02715	0.01865	0.02194	0.02303	0.01503	0.02459	0.01239	0.01452	0.00916	0.00693	0.00630	0.00225	0.00961	0.00502	0.00341	0.01024

[dist]
# distance from previous block
# <min> <max>
8	12

[block]
# block no. 6 follows, 27 sequences, length 30
# corresponding to MSA columns:
# 948-977
name=unknown_G
#
# <colnr> <probs for GDERKNQSTAVLIFYWHMCP>
#	G	D	E	R	K	N	Q	S	T	A	V	L	I	F	Y	W	H	M	C	P
0	0.32940	0.01824	0.04211	0.04332	0.04262	0.08364	0.09852	0.08594	0.08281	0.03008	0.01508	0.01709	0.01152	0.00753	0.00624	0.00227	0.00789	0.00585	0.06056	0.00931
1	0.01813	0.01746	0.02603	0.13323	0.45512	0.06639	0.02020	0.05057	0.01773	0.02381	0.01746	0.02461	0.03236	0.00829	0.00758	0.00232	0.00898	0.05504	0.00413	0.01056
2	0.01506	0.01152	0.01321	0.01176	0.01506	0.01109	0.00890	0.17774	0.02005	0.02713	0.03472	0.31936	0.12525	0.01558	0.00809	0.00237	0.00543	0.01347	0.00655	0.15766
3	0.02360	0.01736	0.01878	0.01494	0.01951	0.01903	0.01189	0.48330	0.05857	0.03945	0.06750	0.02610	0.01959	0.13138	0.01260	0.00308	0.00757	0.00793	0.00700	0.01082
4	0.08774	0.01609	0.01785	0.01433	0.01958	0.01694	0.01162	0.24564	0.17668	0.19298	0.05231	0.02289	0.01836	0.00911	0.00715	0.00224	0.00661	0.00718	0.00746	0.06724
5	0.20298	0.01146	0.01100	0.01060	0.01339	0.05986	0.00809	0.01770	0.01655	0.08705	0.12941	0.19987	0.14834	0.01480	0.00771	0.00253	0.00539	0.03923	0.00651	0.00753
6	0.01707	0.07047	0.03785	0.02610	0.03314	0.01773	0.49471	0.02242	0.01690	0.02323	0.01528	0.04311	0.01239	0.00673	0.00799	0.00224	0.01082	0.00816	0.00392	0.12975
7	0.01402	0.01319	0.02227	0.72126	0.05113	0.01649	0.02062	0.01897	0.01484	0.01897	0.01319	0.01979	0.00990	0.00742	0.00742	0.00247	0.00990	0.00660	0.00330	0.00825
8	0.12337	0.01253	0.01508	0.01201	0.01719	0.01131	0.00967	0.02779	0.05220	0.34951	0.04508	0.07632	0.01955	0.00935	0.00684	0.00209	0.00579	0.00759	0.00720	0.18955
9	0.06364	0.01785	0.17221	0.01365	0.01921	0.01248	0.01317	0.07533	0.04385	0.07531	0.17535	0.09400	0.02892	0.01061	0.00732	0.00217	0.00650	0.00888	0.00595	0.15362
10	0.01402	0.01319	0.02227	0.72126	0.05113	0.01649	0.02062	0.01897	0.01484	0.01897	0.01319	0.01979	0.00990	0.00742	0.00742	0.00247	0.00990	0.00660	0.00330	0.00825
11	0.01756	0.01781	0.02236	0.10123	0.33762	0.12642	0.01694	0.04332	0.01799	0.02255	0.02776	0.02995	0.16781	0.00976	0.00758	0.00226	0.00847	0.00841	0.00454	0.00965
12	0.02205	0.01243	0.01495	0.01244	0.01697	0.01197	0.00990	0.03006	0.20719	0.29474	0.10961	0.03413	0.10513	0.01097	0.00763	0.00229	0.00549	0.00914	0.00794	0.07498
13	0.01721	0.01645	0.02803	0.22583	0.52161	0.01733	0.02221	0.02177	0.01635	0.02284	0.01376	0.01875	0.01126	0.00683	0.00737	0.00228	0.00911	0.00661	0.00357	0.01082
14	0.01746	0.01641	0.02773	0.06952	0.58892	0.01655	0.02145	0.02178	0.01684	0.02380	0.01684	0.02592	0.01523	0.00824	0.00769	0.00235	0.00864	0.07955	0.00402	0.01105
15	0.01508	0.01480	0.02231	0.54433	0.04330	0.04794	0.01943	0.01920	0.01439	0.01870	0.01240	0.01877	0.00985	0.00859	0.01092	0.00261	0.15931	0.00650	0.00331	0.00824
16	0.01584	0.01505	0.02555	0.43924	0.31895	0.01697	0.02152	0.02056	0.01570	0.02117	0.01352	0.01920	0.01067	0.00709	0.00739	0.00236	0.00945	0.00660	0.00346	0.00971
17	0.01498	0.06652	0.02188	0.01760	0.01854	0.01934	0.04744	0.01683	0.01258	0.01838	0.01691	0.17399	0.01846	0.01443	0.01888	0.00304	0.47863	0.00964	0.00407	0.00786
18	0.66587	0.01586	0.06394	0.04733	0.01745	0.01634	0.01011	0.02139	0.01288	0.03113	0.01080	0.01309	0.00840	0.00757	0.00576	0.02887	0.00638	0.00435	0.00437	0.00811
19	0.02167	0.58003	0.03478	0.01419	0.01995	0.18638	0.01308	0.02394	0.01646	0.01763	0.01059	0.01225	0.00954	0.00665	0.00521	0.00166	0.00920	0.00416	0.00333	0.00931
20	0.01196	0.00854	0.01196	0.01367	0.01538	0.00854	0.01196	0.01538	0.01709	0.02222	0.03931	0.08374	0.04272	0.02051	0.01025	0.00342	0.00684	0.64283	0.00684	0.00684
21	0.02573	0.01198	0.01547	0.01261	0.01719	0.01118	0.01014	0.03157	0.12354	0.43994	0.18175	0.03262	0.03097	0.01071	0.00778	0.00234	0.00560	0.00899	0.00870	0.01120
22	0.01061	0.00795	0.01193	0.01193	0.01326	0.00928	0.00928	0.01326	0.01193	0.01723	0.01988	0.02916	0.01856	0.05568	0.70968	0.01193	0.01988	0.00795	0.00398	0.00663
23	0.07399	0.03657	0.64815	0.02029	0.03078	0.01720	0.02595	0.02338	0.01544	0.02426	0.01310	0.01540	0.00930	0.00704	0.00687	0.00235	0.01057	0.00537	0.00325	0.01075
24	0.73244	0.01619	0.06340	0.01063	0.01571	0.01670	0.00952	0.02195	0.01287	0.03256	0.01056	0.01233	0.00814	0.00690	0.00478	0.00230	0.00614	0.00413	0.00448	0.00826
25	0.01985	0.74357	0.03890	0.01270	0.01905	0.02937	0.01270	0.02223	0.01508	0.01747	0.01032	0.01191	0.00953	0.00635	0.00476	0.00159	0.00794	0.00397	0.00318	0.00953
26	0.02041	0.01039	0.01373	0.01188	0.01557	0.00943	0.00962	0.02437	0.04750	0.29487	0.26245	0.04452	0.04014	0.01289	0.00825	0.00243	0.00534	0.10767	0.00815	0.05040
27	0.02077	0.54838	0.06393	0.01648	0.06953	0.13525	0.01433	0.02349	0.01618	0.01833	0.01090	0.01278	0.00969	0.00661	0.00536	0.00172	0.00899	0.00436	0.00331	0.00961
28	0.01289	0.00645	0.00967	0.00967	0.00967	0.00645	0.00645	0.00967	0.00967	0.01289	0.01289	0.02257	0.01289	0.02579	0.02901	0.78401	0.00645	0.00645	0.00322	0.00322
29	0.01554	0.13037	0.61433	0.02006	0.03042	0.01882	0.02551	0.02334	0.01560	0.02272	0.01293	0.01518	0.00942	0.00696	0.00675	0.00225	0.01058	0.00529	0.00314	0.01078

[dist]
# distance from previous block
# <min> <max>
14	21

[block]
# block no. 7 follows, 27 sequences, length 8
# corresponding to MSA columns:
# 1002-1009
name=unknown_H
#
# <colnr> <probs for GDERKNQSTAVLIFYWHMCP>
#	G	D	E	R	K	N	Q	S	T	A	V	L	I	F	Y	W	H	M	C	P
0	0.07349	0.01542	0.02650	0.39103	0.22020	0.01713	0.10875	0.02087	0.01560	0.02212	0.01344	0.01887	0.01045	0.00700	0.00738	0.00239	0.00966	0.00671	0.00356	0.00942
1	0.16968	0.01593	0.01663	0.01421	0.01891	0.01775	0.01145	0.16581	0.31146	0.11033	0.02415	0.02499	0.01822	0.00961	0.00708	0.00243	0.00642	0.03673	0.00711	0.01109
2	0.01756	0.01549	0.02376	0.45825	0.16769	0.01796	0.01978	0.14377	0.01907	0.02529	0.01423	0.01915	0.01077	0.00755	0.00741	0.00238	0.00936	0.00662	0.00416	0.00975
3	0.13453	0.24934	0.25176	0.01474	0.02163	0.01912	0.01614	0.02195	0.01597	0.05241	0.09646	0.02156	0.01820	0.00836	0.00630	0.00214	0.00797	0.02754	0.00437	0.00952
4	0.01778	0.01703	0.02905	0.13823	0.60479	0.01748	0.02249	0.02226	0.01662	0.02353	0.01386	0.01857	0.01150	0.00673	0.00736	0.00224	0.00897	0.00661	0.00362	0.01128
5	0.01320	0.00921	0.01189	0.01076	0.01273	0.00894	0.05194	0.05987	0.01537	0.02263	0.02612	0.20123	0.02695	0.21890	0.01589	0.00363	0.00582	0.01136	0.21122	0.06233
6	0.06713	0.58373	0.11464	0.01381	0.02048	0.05744	0.01423	0.02269	0.01527	0.01919	0.01073	0.01243	0.00942	0.00653	0.00511	0.00174	0.00841	0.00419	0.00329	0.00957
7	0.02123	0.01803	0.07688	0.01488	0.01947	0.01758	0.01252	0.37754	0.07452	0.03467	0.02120	0.07626	0.01878	0.16604	0.01404	0.00338	0.00776	0.00862	0.00640	0.01021

[dist]
# distance from previous block
# <min> <max>
0	14

[block]
# block no. 8 follows, 27 sequences, length 38
# corresponding to MSA columns:
# 1024-1061
name=unknown_I
#
# <colnr> <probs for GDERKNQSTAVLIFYWHMCP>
#	G	D	E	R	K	N	Q	S	T	A	V	L	I	F	Y	W	H	M	C	P
0	0.03095	0.01211	0.01647	0.01281	0.01814	0.01051	0.01051	0.03389	0.02122	0.62889	0.09744	0.02839	0.02372	0.00981	0.00760	0.00230	0.00603	0.00808	0.00908	0.01205
1	0.03331	0.01263	0.01723	0.01321	0.01895	0.01091	0.01091	0.03618	0.02125	0.69794	0.02929	0.02527	0.01838	0.00919	0.00747	0.00230	0.00632	0.00747	0.00919	0.01263
2	0.01051	0.00759	0.00992	0.00934	0.01109	0.00700	0.00700	0.01401	0.02101	0.02977	0.68888	0.05545	0.07005	0.01518	0.00876	0.00233	0.00350	0.01343	0.00817	0.00700
3	0.02785	0.01905	0.02092	0.01629	0.02200	0.02073	0.01337	0.50415	0.10620	0.14022	0.02091	0.02003	0.01461	0.00908	0.00745	0.00227	0.00764	0.00699	0.00770	0.01253
4	0.02170	0.01044	0.01378	0.01143	0.01518	0.00944	0.00909	0.05032	0.02168	0.33785	0.35863	0.04006	0.04398	0.01217	0.00811	0.00231	0.00498	0.01041	0.00861	0.00982
5	0.79154	0.01436	0.01091	0.00976	0.01436	0.01665	0.00804	0.02182	0.01263	0.03331	0.01034	0.01206	0.00804	0.00689	0.00459	0.00230	0.00574	0.00402	0.00459	0.00804
6	0.00904	0.00646	0.00861	0.01034	0.01077	0.00603	0.00689	0.01034	0.01421	0.01895	0.04092	0.73426	0.04910	0.02326	0.00948	0.00301	0.00431	0.02110	0.00689	0.00603
7	0.01877	0.01864	0.02895	0.08800	0.60191	0.06791	0.02203	0.02303	0.01707	0.02346	0.01373	0.01810	0.01148	0.00674	0.00731	0.00220	0.00922	0.00648	0.00366	0.01130
8	0.03258	0.01280	0.01721	0.01330	0.01897	0.01128	0.01095	0.03634	0.05349	0.66526	0.02933	0.02539	0.01859	0.00923	0.00747	0.00231	0.00630	0.00751	0.00911	0.01259
9	0.01504	0.01461	0.02572	0.43208	0.04125	0.01721	0.15123	0.01969	0.01495	0.02038	0.01382	0.01986	0.01077	0.00806	0.00995	0.00254	0.11173	0.00705	0.05557	0.00850
10	0.02821	0.05247	0.12604	0.01643	0.04723	0.01549	0.01467	0.16259	0.02273	0.40255	0.02300	0.02137	0.01514	0.00857	0.00726	0.00225	0.00759	0.00680	0.00740	0.01220
11	0.01878	0.00943	0.01249	0.01068	0.01392	0.00840	0.00838	0.02198	0.02092	0.27414	0.42035	0.04509	0.07825	0.01314	0.00828	0.00233	0.00454	0.01134	0.00849	0.00903
12	0.63505	0.01568	0.01324	0.01126	0.01613	0.01796	0.00928	0.15430	0.01720	0.03607	0.01187	0.01324	0.00898	0.00731	0.00517	0.00228	0.00624	0.00457	0.00517	0.00898
13	0.01493	0.01270	0.01490	0.01095	0.01710	0.00961	0.00866	0.01808	0.01531	0.02381	0.01521	0.06772	0.01377	0.00679	0.00579	0.00124	0.00541	0.00561	0.00458	0.72782
14	0.00988	0.00743	0.00898	0.00883	0.01055	0.00671	0.00643	0.01246	0.01847	0.02486	0.40235	0.12775	0.24470	0.06456	0.01074	0.00277	0.00390	0.01467	0.00743	0.00653
15	0.01489	0.03840	0.70064	0.02116	0.03213	0.01724	0.02743	0.02351	0.01567	0.02351	0.01332	0.01567	0.00940	0.00705	0.00705	0.00235	0.01097	0.00549	0.00313	0.01097
16	0.01712	0.01813	0.07714	0.19879	0.49751	0.01735	0.02262	0.02196	0.01634	0.02299	0.01374	0.01850	0.01116	0.00683	0.00734	0.00228	0.00922	0.00653	0.00355	0.01090
17	0.00924	0.00788	0.00800	0.00799	0.01050	0.00684	0.00598	0.01201	0.04828	0.02053	0.07176	0.09457	0.63374	0.01856	0.00874	0.00253	0.00388	0.01553	0.00692	0.00652
18	0.01635	0.01572	0.02639	0.03683	0.50989	0.01538	0.06148	0.02036	0.01695	0.02336	0.02659	0.02936	0.15073	0.00909	0.00773	0.00229	0.00802	0.00861	0.00434	0.01052
19	0.01044	0.00705	0.00820	0.00856	0.00864	0.00696	0.00499	0.01070	0.01150	0.01533	0.02698	0.18915	0.03152	0.59235	0.03198	0.00634	0.00660	0.01291	0.00499	0.00481
20	0.01837	0.01764	0.03013	0.04557	0.69279	0.01764	0.02278	0.02278	0.01690	0.02425	0.01396	0.01837	0.01176	0.00661	0.00735	0.00220	0.00882	0.00661	0.00367	0.01176
21	0.01489	0.03840	0.70064	0.02116	0.03213	0.01724	0.02743	0.02351	0.01567	0.02351	0.01332	0.01567	0.00940	0.00705	0.00705	0.00235	0.01097	0.00549	0.00313	0.01097
22	0.06699	0.00800	0.00935	0.00897	0.01091	0.00754	0.00664	0.01357	0.01867	0.02669	0.45046	0.08187	0.18271	0.06312	0.01039	0.00271	0.00399	0.01331	0.00737	0.00673
23	0.00917	0.00651	0.00858	0.01017	0.01057	0.00611	0.00672	0.01037	0.01396	0.01862	0.03964	0.68434	0.04749	0.07537	0.01154	0.00332	0.00452	0.02035	0.00672	0.00592
24	0.01837	0.01764	0.03013	0.04557	0.69279	0.01764	0.02278	0.02278	0.01690	0.02425	0.01396	0.01837	0.01176	0.00661	0.00735	0.00220	0.00882	0.00661	0.00367	0.01176
25	0.04551	0.01348	0.02181	0.67079	0.04878	0.01670	0.01991	0.03942	0.01538	0.02041	0.01323	0.01942	0.00991	0.00745	0.00731	0.00246	0.00968	0.00650	0.00348	0.00838
26	0.01724	0.01648	0.02809	0.22102	0.52618	0.01734	0.02222	0.02179	0.01637	0.02288	0.01376	0.01874	0.01128	0.00682	0.00737	0.00227	0.00910	0.00661	0.00358	0.01085
27	0.68171	0.01353	0.01090	0.00974	0.01406	0.01541	0.00795	0.02154	0.01364	0.05405	0.06185	0.01626	0.01337	0.00764	0.00502	0.00228	0.00551	0.00493	0.03254	0.00807
28	0.58495	0.01610	0.01399	0.01174	0.01670	0.01838	0.00968	0.19672	0.01866	0.03696	0.01236	0.01362	0.00928	0.00744	0.00536	0.00228	0.00640	0.00474	0.00536	0.00928
29	0.01098	0.00929	0.01140	0.01210	0.01267	0.03775	0.00869	0.01238	0.01412	0.01878	0.03578	0.56408	0.06312	0.02078	0.01178	0.00299	0.12280	0.01785	0.00617	0.00649
30	0.01581	0.01679	0.03388	0.02778	0.10044	0.01634	0.42267	0.02057	0.01638	0.02247	0.01979	0.16387	0.01886	0.01017	0.00978	0.00262	0.05727	0.01088	0.00435	0.00927
31	0.04333	0.08099	0.61385	0.01998	0.03028	0.01779	0.02531	0.02376	0.01570	0.04401	0.01351	0.01560	0.00964	0.00707	0.00683	0.00230	0.01045	0.00540	0.00337	0.01083
32	0.01062	0.00790	0.01165	0.01165	0.01287	0.00912	0.00892	0.01307	0.01185	0.01702	0.02015	0.03061	0.01919	0.10646	0.65976	0.01158	0.01894	0.00817	0.00402	0.00647
33	0.00904	0.00646	0.00861	0.01034	0.01077	0.00603	0.00689	0.01034	0.01421	0.01895	0.04092	0.73426	0.04910	0.02326	0.00948	0.00301	0.00431	0.02110	0.00689	0.00603
34	0.01513	0.15172	0.41628	0.05157	0.02780	0.01773	0.05105	0.02159	0.01646	0.02326	0.11929	0.02170	0.01909	0.00819	0.00703	0.00223	0.00930	0.00668	0.00397	0.00993
35	0.01368	0.00697	0.00716	0.00716	0.00887	0.00703	0.00539	0.01710	0.01539	0.02717	0.02401	0.02775	0.01900	0.01095	0.03970	0.00223	0.00426	0.00697	0.74228	0.00690
36	0.01468	0.01355	0.02227	0.68854	0.04982	0.01680	0.02031	0.04913	0.01578	0.02026	0.01341	0.01970	0.01002	0.00749	0.00742	0.00246	0.00982	0.00660	0.00349	0.00845
37	0.02773	0.03538	0.02104	0.01913	0.02295	0.70930	0.01434	0.02964	0.02104	0.01817	0.01148	0.01339	0.00956	0.00765	0.00669	0.00191	0.01339	0.00478	0.00383	0.00861

[dist]
# distance from previous block
# <min> <max>
0	36

[block]
# block no. 9 follows, 27 sequences, length 21
# corresponding to MSA columns:
# 1098-1118
name=unknown_J
#
# <colnr> <probs for GDERKNQSTAVLIFYWHMCP>
#	G	D	E	R	K	N	Q	S	T	A	V	L	I	F	Y	W	H	M	C	P
0	0.01903	0.01935	0.04807	0.02260	0.06525	0.09942	0.21947	0.12333	0.01866	0.02445	0.01568	0.05732	0.01358	0.01267	0.04214	0.07975	0.09785	0.00786	0.00439	0.00914
1	0.00877	0.00752	0.00752	0.00752	0.01003	0.00627	0.00564	0.01065	0.01692	0.02005	0.07520	0.07144	0.68978	0.01880	0.00877	0.00251	0.00376	0.01567	0.00689	0.00627
2	0.00904	0.00646	0.00861	0.01034	0.01077	0.00603	0.00689	0.01034	0.01421	0.01895	0.04092	0.73426	0.04910	0.02326	0.00948	0.00301	0.00431	0.02110	0.00689	0.00603
3	0.33299	0.01686	0.01744	0.09746	0.02265	0.01902	0.01227	0.29681	0.02283	0.07418	0.01491	0.01616	0.01078	0.00794	0.00629	0.00229	0.00730	0.00565	0.00590	0.01027
4	0.00922	0.00659	0.00877	0.01022	0.01081	0.00615	0.00690	0.01077	0.01502	0.02023	0.11778	0.65373	0.05158	0.02230	0.00939	0.00293	0.00421	0.02019	0.00704	0.00615
5	0.01289	0.00645	0.00967	0.00967	0.00967	0.00645	0.00645	0.00967	0.00967	0.01289	0.01289	0.02257	0.01289	0.02579	0.02901	0.78401	0.00645	0.00645	0.00322	0.00322
6	0.06918	0.02531	0.02125	0.01737	0.02253	0.25157	0.01386	0.42030	0.02908	0.03652	0.01530	0.01603	0.01136	0.00838	0.00703	0.00213	0.00978	0.00591	0.00607	0.01104
7	0.05048	0.01756	0.02856	0.06557	0.59890	0.01791	0.02154	0.06500	0.01784	0.02592	0.01404	0.01813	0.01160	0.00680	0.00724	0.00222	0.00869	0.00651	0.00395	0.01154
8	0.02102	0.63831	0.03625	0.01366	0.01963	0.13044	0.01295	0.02333	0.01597	0.01757	0.01049	0.01213	0.00953	0.00654	0.00505	0.00164	0.00875	0.00409	0.00327	0.00939
9	0.01190	0.00798	0.01015	0.00955	0.01170	0.00724	0.00732	0.01509	0.02015	0.07454	0.50808	0.05746	0.16559	0.01563	0.00875	0.00242	0.00392	0.04728	0.00796	0.00727
10	0.05640	0.01904	0.02075	0.09994	0.02528	0.04180	0.01417	0.42613	0.13011	0.06238	0.01909	0.01947	0.01377	0.00880	0.00731	0.00230	0.00802	0.00680	0.00679	0.01166
11	0.01498	0.01475	0.02218	0.67213	0.04916	0.06497	0.02018	0.01971	0.01528	0.01891	0.01307	0.01934	0.00987	0.00744	0.00737	0.00243	0.01014	0.00647	0.00334	0.00827
12	0.00944	0.00765	0.00845	0.00855	0.01084	0.00666	0.00662	0.01177	0.01762	0.02193	0.17325	0.07024	0.50971	0.01840	0.00895	0.00259	0.00408	0.08969	0.00710	0.00646
13	0.00904	0.00646	0.00861	0.01034	0.01077	0.00603	0.00689	0.01034	0.01421	0.01895	0.04092	0.73426	0.04910	0.02326	0.00948	0.00301	0.00431	0.02110	0.00689	0.00603
14	0.01781	0.01463	0.01669	0.01214	0.01862	0.01237	0.00980	0.14116	0.01907	0.02845	0.01407	0.01585	0.01130	0.00614	0.00586	0.00131	0.00600	0.00483	0.00497	0.63891
15	0.00934	0.00669	0.00888	0.01014	0.01083	0.00623	0.00691	0.01108	0.01558	0.02113	0.17148	0.59748	0.05332	0.02163	0.00933	0.00288	0.00414	0.01956	0.00715	0.00623
16	0.02655	0.01531	0.01792	0.01453	0.01967	0.01587	0.01174	0.17380	0.23909	0.31500	0.05046	0.02551	0.02036	0.00963	0.00753	0.00236	0.00648	0.00781	0.00824	0.01214
17	0.01719	0.36595	0.39326	0.01723	0.02606	0.02288	0.02059	0.02292	0.01540	0.02070	0.01193	0.01392	0.00946	0.00673	0.00599	0.00200	0.00956	0.00478	0.00315	0.01030
18	0.01348	0.00695	0.00706	0.00706	0.00858	0.00695	0.00511	0.01653	0.01500	0.02610	0.02412	0.03016	0.01997	0.09530	0.00906	0.00238	0.00390	0.00738	0.68828	0.00663
19	0.71701	0.01371	0.01082	0.00972	0.01405	0.01573	0.00794	0.02108	0.01343	0.03297	0.07508	0.01620	0.01396	0.00768	0.00499	0.00230	0.00553	0.00492	0.00494	0.00794
20	0.01158	0.00785	0.01013	0.00941	0.01143	0.00716	0.00711	0.01493	0.02072	0.06437	0.60861	0.05504	0.11317	0.01513	0.00869	0.00235	0.00367	0.01328	0.00813	0.00725

[dist]
# distance from previous block
# <min> <max>
0	2

[block]
# block no. 10 follows, 27 sequences, length 64
# corresponding to MSA columns:
# 1121-1184
name=unknown_K
#
# <colnr> <probs for GDERKNQSTAVLIFYWHMCP>
#	G	D	E	R	K	N	Q	S	T	A	V	L	I	F	Y	W	H	M	C	P
0	0.16843	0.01542	0.01574	0.01363	0.01813	0.01725	0.01083	0.12032	0.36333	0.08198	0.02807	0.02651	0.06928	0.00991	0.00706	0.00242	0.00604	0.00781	0.00704	0.01080
1	0.01672	0.04336	0.01675	0.06591	0.01996	0.01163	0.01011	0.05491	0.01667	0.06739	0.01701	0.08501	0.01505	0.00780	0.00623	0.00155	0.00602	0.00647	0.00497	0.52648
2	0.02221	0.01636	0.01804	0.01478	0.01889	0.01806	0.01179	0.42574	0.04996	0.03752	0.04661	0.11860	0.02109	0.05147	0.01006	0.00264	0.04000	0.00917	0.05651	0.01048
3	0.04193	0.09950	0.39844	0.01834	0.04860	0.01623	0.02038	0.02370	0.01679	0.11291	0.06577	0.02444	0.01748	0.00882	0.00717	0.00234	0.00897	0.05315	0.00464	0.01039
4	0.17380	0.34979	0.04812	0.01405	0.01969	0.14477	0.01265	0.10110	0.01819	0.04124	0.01199	0.01335	0.00983	0.00708	0.00553	0.00190	0.00855	0.00458	0.00422	0.00957
5	0.04724	0.03740	0.67191	0.02068	0.03139	0.01722	0.02662	0.02344	0.01555	0.02392	0.01320	0.01552	0.00935	0.00705	0.00695	0.00235	0.01075	0.00542	0.00320	0.01085
6	0.02015	0.01600	0.01719	0.01363	0.01864	0.04185	0.01076	0.29100	0.02343	0.03223	0.01949	0.11866	0.01779	0.04754	0.00859	0.00219	0.00685	0.00805	0.00601	0.27999
7	0.04604	0.01385	0.01609	0.01178	0.01814	0.01144	0.00951	0.07956	0.01779	0.11051	0.01552	0.01673	0.01196	0.00631	0.00589	0.00139	0.00585	0.00497	0.00528	0.59140
8	0.01685	0.01479	0.02229	0.55396	0.04429	0.01803	0.01917	0.14340	0.01853	0.02425	0.01392	0.01925	0.01041	0.00796	0.00820	0.00246	0.04245	0.00661	0.00409	0.00908
9	0.03087	0.03401	0.01819	0.01372	0.01932	0.01324	0.01131	0.08697	0.09562	0.55220	0.02794	0.02457	0.01815	0.00919	0.00740	0.00230	0.00646	0.00741	0.00870	0.01245
10	0.02677	0.01986	0.02144	0.01671	0.02231	0.02206	0.01373	0.59950	0.06918	0.04439	0.01861	0.01895	0.01348	0.01140	0.04384	0.00275	0.00865	0.00684	0.00725	0.01227
11	0.00904	0.00646	0.00861	0.01034	0.01077	0.00603	0.00689	0.01034	0.01421	0.01895	0.04092	0.73426	0.04910	0.02326	0.00948	0.00301	0.00431	0.02110	0.00689	0.00603
12	0.00904	0.00752	0.00795	0.00821	0.01050	0.00643	0.00622	0.01100	0.01673	0.02014	0.06988	0.12127	0.59219	0.01926	0.00894	0.00262	0.00404	0.06487	0.00689	0.00629
13	0.01402	0.01319	0.02227	0.72126	0.05113	0.01649	0.02062	0.01897	0.01484	0.01897	0.01319	0.01979	0.00990	0.00742	0.00742	0.00247	0.00990	0.00660	0.00330	0.00825
14	0.01645	0.17749	0.42908	0.02156	0.03088	0.02002	0.15802	0.02331	0.01594	0.02234	0.01307	0.01582	0.00982	0.00674	0.00695	0.00223	0.01068	0.00586	0.00327	0.01048
15	0.00936	0.00754	0.00834	0.00814	0.01039	0.00652	0.00611	0.01180	0.01832	0.02337	0.28438	0.06599	0.47854	0.01757	0.00877	0.00245	0.00367	0.01490	0.00733	0.00652
16	0.01062	0.00790	0.01165	0.01165	0.01288	0.00913	0.00893	0.01308	0.01185	0.01702	0.02014	0.03060	0.01918	0.10606	0.66015	0.01158	0.01895	0.00816	0.00402	0.00647
17	0.02337	0.01405	0.01912	0.02031	0.16839	0.01379	0.01321	0.11743	0.07010	0.27001	0.09322	0.06828	0.05418	0.01048	0.00774	0.00234	0.00659	0.00898	0.00725	0.01114
18	0.01080	0.00720	0.00810	0.00810	0.00810	0.00720	0.00450	0.01080	0.01080	0.01439	0.02339	0.04858	0.02699	0.73910	0.03779	0.00720	0.00720	0.01080	0.00450	0.00450
19	0.00904	0.00646	0.00861	0.01034	0.01077	0.00603	0.00689	0.01034	0.01421	0.01895	0.04092	0.73426	0.04910	0.02326	0.00948	0.00301	0.00431	0.02110	0.00689	0.00603
20	0.02043	0.69136	0.03758	0.01318	0.01934	0.07950	0.01282	0.02278	0.01552	0.01752	0.01041	0.01202	0.00953	0.00645	0.00491	0.00161	0.00834	0.00403	0.00322	0.00946
21	0.01659	0.01914	0.06565	0.02694	0.03252	0.01875	0.45457	0.02162	0.01589	0.02217	0.01546	0.06474	0.01327	0.00884	0.01212	0.00269	0.16691	0.00892	0.00382	0.00939
22	0.04875	0.01582	0.01701	0.17361	0.02465	0.09879	0.01284	0.18731	0.02040	0.02810	0.01732	0.02124	0.01366	0.01556	0.11591	0.00366	0.00998	0.00658	0.15992	0.00890
23	0.74982	0.01426	0.01126	0.00995	0.01461	0.01634	0.00820	0.02261	0.01311	0.06988	0.01138	0.01279	0.00861	0.00702	0.00475	0.00230	0.00577	0.00421	0.00485	0.00829
24	0.01061	0.00795	0.01193	0.01193	0.01326	0.00928	0.00928	0.01326	0.01193	0.01723	0.01988	0.02916	0.01856	0.05568	0.70968	0.01193	0.01988	0.00795	0.00398	0.00663
25	0.00877	0.00752	0.00752	0.00752	0.01003	0.00627	0.00564	0.01065	0.01692	0.02005	0.07520	0.07144	0.68978	0.01880	0.00877	0.00251	0.00376	0.01567	0.00689	0.00627
26	0.02773	0.03538	0.02104	0.01913	0.02295	0.70930	0.01434	0.02964	0.02104	0.01817	0.01148	0.01339	0.00956	0.00765	0.00669	0.00191	0.01339	0.00478	0.00383	0.00861
27	0.01643	0.00956	0.01162	0.01037	0.01281	0.00922	0.00757	0.02068	0.09510	0.17165	0.22379	0.04460	0.08327	0.23091	0.01705	0.00382	0.00553	0.01089	0.00713	0.00800
28	0.79154	0.01436	0.01091	0.00976	0.01436	0.01665	0.00804	0.02182	0.01263	0.03331	0.01034	0.01206	0.00804	0.00689	0.00459	0.00230	0.00574	0.00402	0.00459	0.00804
29	0.01015	0.00773	0.00852	0.00822	0.01064	0.00664	0.00620	0.01250	0.01818	0.04781	0.23790	0.06545	0.49884	0.01747	0.00872	0.00245	0.00379	0.01476	0.00732	0.00670
30	0.03068	0.01478	0.01839	0.01404	0.01990	0.01395	0.01158	0.19758	0.02433	0.48061	0.02515	0.02262	0.01635	0.00884	0.00731	0.00219	0.00673	0.00704	0.00838	0.06954
31	0.02532	0.01828	0.01987	0.01576	0.02091	0.02003	0.01281	0.51492	0.07420	0.06544	0.04385	0.07312	0.01832	0.01026	0.00757	0.00230	0.00737	0.00812	0.02982	0.01172
32	0.05278	0.02522	0.28679	0.02021	0.06776	0.07930	0.09505	0.02350	0.03867	0.06929	0.14440	0.02462	0.02236	0.00877	0.00750	0.00232	0.00910	0.00756	0.00488	0.00993
33	0.01829	0.01784	0.02906	0.10916	0.60771	0.04210	0.02228	0.02266	0.01685	0.02353	0.01380	0.01833	0.01150	0.00673	0.00733	0.00222	0.00908	0.00655	0.00364	0.01131
34	0.16527	0.16543	0.34796	0.01751	0.02553	0.04483	0.06159	0.02283	0.01550	0.02430	0.03781	0.01597	0.01159	0.00717	0.00631	0.00219	0.00930	0.00541	0.00368	0.00983
35	0.01895	0.01920	0.02811	0.12401	0.53610	0.09932	0.02152	0.02313	0.01714	0.02290	0.01358	0.01796	0.01127	0.00683	0.00728	0.00220	0.00949	0.00640	0.00365	0.01096
36	0.09950	0.01138	0.01459	0.01188	0.01637	0.01036	0.00958	0.02865	0.02005	0.45341	0.17594	0.06335	0.03039	0.01096	0.00757	0.00234	0.00554	0.00910	0.00842	0.01063
37	0.09582	0.11095	0.45066	0.01763	0.02632	0.01786	0.02102	0.02437	0.05909	0.04851	0.01492	0.01663	0.01097	0.00731	0.00650	0.00224	0.00921	0.00550	0.04409	0.01041
38	0.02310	0.02036	0.01868	0.01525	0.02021	0.18005	0.01204	0.20522	0.05899	0.08137	0.01792	0.06257	0.01470	0.00886	0.00744	0.00197	0.03086	0.00671	0.00578	0.20790
39	0.19850	0.04584	0.01805	0.04174	0.02009	0.19155	0.01180	0.22645	0.02194	0.03069	0.01536	0.03825	0.01290	0.06222	0.00873	0.00253	0.00866	0.00623	0.02914	0.00934
40	0.02291	0.01256	0.01513	0.01248	0.01685	0.01224	0.01000	0.11470	0.11452	0.29870	0.15025	0.03673	0.12677	0.01175	0.00789	0.00236	0.00563	0.00975	0.00820	0.01058
41	0.06975	0.06051	0.07409	0.19560	0.28280	0.15056	0.01947	0.02315	0.01674	0.02200	0.01282	0.01680	0.01036	0.00704	0.00690	0.00220	0.00986	0.00586	0.00361	0.00990
42	0.04282	0.04509	0.04738	0.02127	0.05132	0.02125	0.10041	0.01912	0.01276	0.01958	0.01124	0.01709	0.01036	0.01315	0.05110	0.00338	0.49403	0.00665	0.00341	0.00860
43	0.02352	0.26455	0.02532	0.01545	0.01998	0.36301	0.01271	0.06216	0.01922	0.02069	0.01296	0.01484	0.01085	0.00741	0.00592	0.00180	0.01012	0.00488	0.09567	0.00894
44	0.01173	0.09571	0.04480	0.01234	0.01441	0.01174	0.01018	0.01424	0.01298	0.01797	0.02307	0.19317	0.02400	0.03843	0.40378	0.00785	0.04159	0.01044	0.00451	0.00707
45	0.01822	0.15931	0.10742	0.03575	0.45384	0.01991	0.05675	0.02281	0.01645	0.02284	0.01325	0.01692	0.01104	0.00659	0.00690	0.00212	0.00909	0.00610	0.00352	0.01115
46	0.00908	0.00678	0.00845	0.00963	0.01062	0.00615	0.00661	0.01065	0.01528	0.01991	0.09128	0.53900	0.19611	0.02171	0.00927	0.00285	0.00413	0.01936	0.00698	0.00615
47	0.01095	0.00796	0.01019	0.01074	0.01173	0.00794	0.00764	0.04577	0.01628	0.02211	0.16140	0.41833	0.04691	0.10611	0.01315	0.00338	0.02813	0.05802	0.00676	0.00650
48	0.09448	0.01850	0.08373	0.07731	0.35257	0.01716	0.11530	0.02334	0.06506	0.02496	0.01603	0.04980	0.01343	0.00766	0.00737	0.00235	0.00889	0.00734	0.00414	0.01059
49	0.16417	0.05894	0.50766	0.01922	0.02860	0.01766	0.05829	0.02315	0.01517	0.02518	0.01273	0.01508	0.00925	0.00695	0.00659	0.00232	0.00994	0.00533	0.00345	0.01030
50	0.01717	0.02162	0.17560	0.10725	0.43224	0.01749	0.02277	0.02378	0.06526	0.02405	0.01494	0.01861	0.01185	0.00705	0.00731	0.00229	0.00919	0.00650	0.00380	0.01123
51	0.11111	0.06731	0.02550	0.05186	0.33472	0.12505	0.04033	0.02502	0.07856	0.02439	0.01441	0.01730	0.01175	0.00709	0.00676	0.00214	0.00888	0.00601	0.00415	0.03765
52	0.01140	0.00882	0.00961	0.03231	0.01144	0.03479	0.00643	0.01325	0.04609	0.01761	0.06164	0.17872	0.09282	0.41482	0.02470	0.00515	0.00642	0.01285	0.00543	0.00571
53	0.04077	0.03136	0.53736	0.01839	0.02730	0.01521	0.02266	0.02134	0.01609	0.02415	0.09342	0.02336	0.05028	0.01043	0.03432	0.00272	0.00993	0.00694	0.00398	0.01002
54	0.12634	0.03113	0.49602	0.02121	0.09261	0.01660	0.02300	0.02264	0.01567	0.02535	0.05257	0.01775	0.01299	0.00746	0.00683	0.00233	0.00957	0.00585	0.00369	0.01040
55	0.02151	0.01854	0.01965	0.01999	0.13663	0.10068	0.01354	0.26017	0.10919	0.03238	0.02594	0.02640	0.10175	0.00977	0.00734	0.00222	0.00767	0.00785	0.06820	0.01060
56	0.07560	0.01851	0.01985	0.01563	0.02100	0.02027	0.01278	0.50683	0.05007	0.04140	0.01851	0.04804	0.01436	0.01164	0.04363	0.00271	0.00823	0.00709	0.00687	0.05697
57	0.52168	0.01290	0.01181	0.01098	0.01498	0.01433	0.00912	0.02211	0.03976	0.08440	0.04431	0.02913	0.01847	0.01013	0.00618	0.00252	0.00592	0.12734	0.00564	0.00828
58	0.02709	0.04493	0.01631	0.01227	0.01702	0.01073	0.01001	0.02987	0.02027	0.50651	0.11642	0.08244	0.05014	0.01120	0.00770	0.00233	0.00579	0.00937	0.00853	0.01105
59	0.02545	0.01882	0.02051	0.01570	0.02166	0.01989	0.01287	0.48983	0.06624	0.06419	0.01803	0.01817	0.01307	0.00834	0.00707	0.00203	0.00748	0.00638	0.00693	0.15733
60	0.06770	0.00798	0.00954	0.00939	0.01130	0.00755	0.00706	0.01367	0.01876	0.02687	0.43627	0.13914	0.15882	0.01635	0.00860	0.00249	0.00395	0.04024	0.00750	0.00684
61	0.03197	0.01254	0.01693	0.01312	0.01866	0.01099	0.01079	0.03542	0.04149	0.65152	0.05488	0.02651	0.02051	0.00945	0.00752	0.00231	0.00619	0.00773	0.00910	0.01239
62	0.04831	0.62983	0.03490	0.01244	0.01848	0.02657	0.01209	0.02152	0.01485	0.01850	0.01101	0.01304	0.01004	0.00887	0.04135	0.00212	0.00831	0.00421	0.00335	0.06023
63	0.02368	0.06572	0.02119	0.05064	0.02234	0.02067	0.01325	0.44720	0.10361	0.03853	0.02114	0.10009	0.01757	0.01043	0.00750	0.00232	0.00754	0.00833	0.00690	0.01136

[dist]
# distance from previous block
# <min> <max>
3	39

[block]
# block no. 11 follows, 27 sequences, length 21
# corresponding to MSA columns:
# 1224-1244
name=unknown_L
#
# <colnr> <probs for GDERKNQSTAVLIFYWHMCP>
#	G	D	E	R	K	N	Q	S	T	A	V	L	I	F	Y	W	H	M	C	P
0	0.79154	0.01436	0.01091	0.00976	0.01436	0.01665	0.00804	0.02182	0.01263	0.03331	0.01034	0.01206	0.00804	0.00689	0.00459	0.00230	0.00574	0.00402	0.00459	0.00804
1	0.01691	0.01852	0.03859	0.16543	0.09218	0.01825	0.49129	0.02277	0.01696	0.02289	0.01458	0.01985	0.01104	0.00651	0.00839	0.00247	0.01172	0.00818	0.00366	0.00981
