[name]
unknown

[dist]
# distance from previous block
# <min> <max>
0	7

[block]
# block no. 0 follows, 30 sequences, length 15
# corresponding to MSA columns:
# 7-21
name=unknown_A
#
# <colnr> <probs for GDERKNQSTAVLIFYWHMCP>
#	G	D	E	R	K	N	Q	S	T	A	V	L	I	F	Y	W	H	M	C	P
0	0.05421	0.01568	0.01728	0.01635	0.08051	0.07008	0.01204	0.27547	0.02255	0.08276	0.05782	0.04989	0.02035	0.03930	0.03270	0.00271	0.00761	0.09944	0.00604	0.03720
1	0.02387	0.04206	0.01836	0.01379	0.01899	0.03684	0.01126	0.32348	0.05676	0.18527	0.01996	0.06387	0.01523	0.00871	0.00673	0.00197	0.00671	0.00689	0.00664	0.13261
2	0.02077	0.01595	0.10200	0.07448	0.02343	0.01321	0.09375	0.04611	0.11358	0.26678	0.04460	0.02395	0.04865	0.00836	0.00707	0.00215	0.00717	0.00728	0.00613	0.07460
3	0.00907	0.00748	0.00804	0.00797	0.01024	0.00662	0.00608	0.01196	0.04652	0.02091	0.17181	0.06349	0.53729	0.01684	0.00827	0.00238	0.00373	0.04835	0.00670	0.00626
4	0.05317	0.02025	0.17665	0.02797	0.33379	0.01584	0.01885	0.09442	0.01779	0.12274	0.01523	0.01721	0.01135	0.00685	0.00669	0.00208	0.00810	0.00592	0.00451	0.04059
5	0.02316	0.01754	0.01928	0.01484	0.01996	0.01890	0.01213	0.50943	0.02753	0.03758	0.01587	0.01766	0.01210	0.04313	0.00889	0.00219	0.04737	0.00610	0.00617	0.14015
6	0.80405	0.01350	0.01026	0.00918	0.01350	0.01565	0.00756	0.02051	0.01188	0.03131	0.00972	0.01134	0.00756	0.00648	0.00432	0.00216	0.00540	0.00378	0.00432	0.00756
7	0.02467	0.01441	0.09687	0.01299	0.01827	0.01129	0.01165	0.03010	0.10012	0.45831	0.12006	0.02690	0.02350	0.00928	0.00715	0.00219	0.00603	0.00768	0.00766	0.01086
8	0.00996	0.00762	0.00966	0.00987	0.01169	0.00656	0.00692	0.01164	0.01363	0.01902	0.03208	0.57003	0.03738	0.01777	0.00799	0.00239	0.00432	0.01599	0.00590	0.19956
9	0.00945	0.00712	0.00874	0.00833	0.01017	0.00640	0.00625	0.01235	0.01875	0.02561	0.54191	0.05604	0.23297	0.01515	0.00823	0.00224	0.00336	0.01317	0.00737	0.00640
10	0.02024	0.01785	0.01706	0.01482	0.01888	0.10899	0.01159	0.20962	0.37521	0.03070	0.02380	0.08088	0.01919	0.00989	0.00711	0.00226	0.00690	0.00799	0.00657	0.01045
11	0.00850	0.00607	0.00810	0.00972	0.01012	0.00567	0.00648	0.00972	0.01336	0.01781	0.03846	0.75020	0.04615	0.02186	0.00891	0.00283	0.00405	0.01984	0.00648	0.00567
12	0.01610	0.02184	0.18304	0.02497	0.07950	0.04252	0.35833	0.04003	0.03459	0.02268	0.01527	0.05747	0.01243	0.00712	0.00752	0.00223	0.01017	0.00763	0.00378	0.05278
13	0.01547	0.26535	0.50230	0.01737	0.02630	0.01982	0.02139	0.02172	0.01456	0.02030	0.01163	0.01361	0.00888	0.00642	0.00595	0.00198	0.00941	0.00470	0.00296	0.00988
14	0.00849	0.00613	0.00804	0.00957	0.01008	0.00568	0.00641	0.00973	0.01350	0.01787	0.04029	0.71154	0.08364	0.02163	0.00887	0.00281	0.00402	0.01955	0.00648	0.00568

[dist]
# distance from previous block
# <min> <max>
0	1

[block]
# block no. 1 follows, 30 sequences, length 17
# corresponding to MSA columns:
# 23-39
name=unknown_B
#
# <colnr> <probs for GDERKNQSTAVLIFYWHMCP>
#	G	D	E	R	K	N	Q	S	T	A	V	L	I	F	Y	W	H	M	C	P
0	0.01425	0.03933	0.01759	0.07140	0.05682	0.08124	0.03821	0.01787	0.04763	0.02035	0.14571	0.02590	0.02274	0.01940	0.16732	0.00428	0.16277	0.00760	0.03198	0.00761
1	0.01568	0.01312	0.01512	0.01091	0.01705	0.01054	0.00877	0.08458	0.01630	0.02486	0.01284	0.01470	0.01049	0.00549	0.00535	0.00114	0.00542	0.00435	0.00442	0.71890
2	0.02490	0.01796	0.01951	0.01499	0.02047	0.01932	0.01232	0.55062	0.05209	0.07338	0.01741	0.01744	0.01246	0.00811	0.00675	0.00199	0.00716	0.00617	0.02862	0.08833
3	0.02607	0.01932	0.02069	0.01596	0.02147	0.02143	0.01315	0.65572	0.06579	0.04325	0.01733	0.01721	0.01233	0.00843	0.00699	0.00211	0.00757	0.00636	0.00699	0.01183
4	0.01545	0.01529	0.06661	0.01459	0.02080	0.01199	0.12166	0.07618	0.01634	0.02417	0.01467	0.06052	0.01261	0.00669	0.00616	0.00153	0.00675	0.00603	0.00434	0.49762
5	0.01133	0.00914	0.01181	0.01110	0.01137	0.01088	0.00799	0.01219	0.01092	0.01529	0.02149	0.09192	0.05107	0.38355	0.10466	0.00573	0.21017	0.00971	0.00413	0.00557
6	0.01011	0.00690	0.00831	0.00831	0.00855	0.00714	0.00510	0.01059	0.01035	0.01405	0.02135	0.04215	0.02384	0.61925	0.16893	0.00762	0.00907	0.00963	0.00413	0.00461
7	0.01805	0.01735	0.04886	0.03774	0.57324	0.04549	0.04030	0.02215	0.01627	0.06119	0.01482	0.01992	0.01242	0.00693	0.00703	0.00213	0.00843	0.03312	0.00386	0.01071
8	0.01609	0.08440	0.25460	0.02150	0.02786	0.07199	0.23044	0.02120	0.01490	0.02030	0.01301	0.04131	0.01077	0.00785	0.00973	0.00233	0.13261	0.00664	0.00332	0.00914
9	0.69527	0.01327	0.01109	0.00963	0.01410	0.01489	0.00794	0.02241	0.01302	0.12770	0.01222	0.01308	0.00893	0.00678	0.00470	0.00216	0.00547	0.00423	0.00493	0.00817
10	0.02303	0.01090	0.01429	0.04106	0.01688	0.01009	0.00957	0.05619	0.04823	0.41547	0.18830	0.03322	0.08052	0.01059	0.00739	0.00219	0.00534	0.00888	0.00789	0.00999
11	0.02653	0.01955	0.02094	0.01606	0.02164	0.02164	0.01326	0.68796	0.03281	0.04398	0.01675	0.01675	0.01187	0.00838	0.00698	0.00209	0.00768	0.00628	0.00698	0.01187
12	0.00862	0.00619	0.00808	0.00947	0.00999	0.00576	0.00633	0.00989	0.01361	0.01810	0.06741	0.65976	0.07585	0.05289	0.00999	0.00295	0.00411	0.01889	0.00643	0.00565
13	0.01318	0.01240	0.02093	0.73798	0.04806	0.01550	0.01938	0.01783	0.01395	0.01783	0.01240	0.01860	0.00930	0.00698	0.00698	0.00233	0.00930	0.00620	0.00310	0.00775
14	0.00968	0.00709	0.00908	0.00866	0.01033	0.00649	0.00647	0.01276	0.01917	0.02680	0.62625	0.07982	0.12162	0.01485	0.00826	0.00223	0.00334	0.01308	0.00753	0.00649
15	0.01705	0.01516	0.01533	0.01396	0.01760	0.05297	0.01076	0.03424	0.60154	0.02789	0.05178	0.06672	0.02361	0.01021	0.00720	0.00236	0.00573	0.00855	0.00691	0.01044
16	0.75666	0.01340	0.01062	0.00938	0.01376	0.01532	0.00772	0.02134	0.01237	0.07330	0.01081	0.01210	0.00815	0.00661	0.00448	0.00216	0.00543	0.00398	0.00458	0.00782

[dist]
# distance from previous block
# <min> <max>
0	16

[block]
# block no. 2 follows, 30 sequences, length 29
# corresponding to MSA columns:
# 56-84
name=unknown_C
#
# <colnr> <probs for GDERKNQSTAVLIFYWHMCP>
#	G	D	E	R	K	N	Q	S	T	A	V	L	I	F	Y	W	H	M	C	P
0	0.01585	0.01474	0.02473	0.07934	0.54772	0.01491	0.01931	0.01978	0.01570	0.02204	0.01736	0.05420	0.01633	0.00867	0.00737	0.00227	0.00793	0.09776	0.00396	0.01001
1	0.00850	0.00607	0.00810	0.00972	0.01012	0.00567	0.00648	0.00972	0.01336	0.01781	0.03846	0.75020	0.04615	0.02186	0.00891	0.00283	0.00405	0.01984	0.00648	0.00567
2	0.01545	0.01573	0.03068	0.13715	0.05904	0.01564	0.39612	0.06805	0.01689	0.02274	0.03393	0.12070	0.01674	0.00866	0.00799	0.00238	0.00967	0.00941	0.00422	0.00881
3	0.11779	0.16228	0.45293	0.01709	0.04135	0.01776	0.01990	0.02124	0.01452	0.02256	0.04401	0.01545	0.01140	0.00684	0.00602	0.00207	0.00878	0.00509	0.00337	0.00955
4	0.01031	0.00782	0.01157	0.01142	0.01262	0.00927	0.00893	0.01278	0.01129	0.01651	0.01835	0.02679	0.01706	0.04913	0.67228	0.01054	0.05317	0.00738	0.02647	0.00631
5	0.02547	0.07386	0.02126	0.01603	0.02103	0.20236	0.01299	0.41151	0.06755	0.05672	0.01579	0.01609	0.01167	0.00798	0.00664	0.00199	0.00874	0.00577	0.00590	0.01065
6	0.00962	0.00701	0.00905	0.00878	0.01033	0.00644	0.00649	0.01259	0.01879	0.02627	0.59293	0.13253	0.10237	0.01534	0.00831	0.00228	0.00339	0.01357	0.00747	0.00644
7	0.05861	0.06156	0.59944	0.01825	0.02752	0.01602	0.02289	0.02188	0.01493	0.04188	0.04502	0.01639	0.01166	0.00701	0.00650	0.00218	0.00948	0.00542	0.00340	0.00997
8	0.02024	0.01467	0.01610	0.01398	0.01826	0.01632	0.01101	0.06797	0.54772	0.15009	0.02769	0.02519	0.02014	0.00927	0.00708	0.00232	0.00570	0.00766	0.00736	0.01123
9	0.16318	0.01194	0.01457	0.01156	0.01650	0.01121	0.00949	0.03071	0.04205	0.53207	0.02420	0.02182	0.01577	0.00826	0.00643	0.00213	0.00567	0.00646	0.05519	0.01078
10	0.00880	0.00699	0.00792	0.00804	0.00994	0.00611	0.00598	0.01093	0.01657	0.02112	0.22808	0.15079	0.43756	0.01739	0.00837	0.00240	0.00363	0.03653	0.00678	0.00606
11	0.16580	0.01166	0.01441	0.01146	0.01626	0.01082	0.00939	0.02940	0.01852	0.52162	0.09675	0.02457	0.02072	0.00885	0.00667	0.00216	0.00556	0.00704	0.00777	0.01055
12	0.01134	0.00910	0.01076	0.03873	0.01354	0.00921	0.00795	0.01796	0.16859	0.02550	0.36019	0.04940	0.20021	0.01387	0.00798	0.00231	0.00419	0.03465	0.00705	0.00745
13	0.00838	0.00707	0.00725	0.00721	0.00951	0.00595	0.00541	0.01027	0.01622	0.01960	0.12265	0.06593	0.65597	0.01740	0.00825	0.00234	0.00351	0.01456	0.00658	0.00595
14	0.01508	0.01417	0.13621	0.01151	0.01568	0.03156	0.01075	0.01915	0.03472	0.15729	0.28341	0.04128	0.17652	0.01220	0.00763	0.00222	0.00544	0.01029	0.00664	0.00828
15	0.01832	0.70736	0.08525	0.01251	0.01879	0.02680	0.01293	0.02098	0.01422	0.01682	0.00990	0.01145	0.00895	0.00602	0.00463	0.00154	0.00767	0.00383	0.00298	0.00905
16	0.66196	0.03279	0.01309	0.10362	0.01864	0.01600	0.02634	0.02022	0.01232	0.02896	0.01017	0.01246	0.00789	0.00651	0.00476	0.00217	0.00612	0.00420	0.00411	0.00767
17	0.20826	0.16667	0.04788	0.01434	0.01918	0.26732	0.01213	0.12398	0.01859	0.04633	0.01181	0.01308	0.00933	0.00699	0.00561	0.00190	0.00886	0.00455	0.00429	0.00890
18	0.02388	0.12842	0.02069	0.07663	0.09841	0.06186	0.01241	0.02683	0.01808	0.35947	0.08496	0.02258	0.01865	0.00825	0.00668	0.00204	0.00692	0.00671	0.00629	0.01023
19	0.02082	0.01700	0.01691	0.01394	0.01837	0.06826	0.01117	0.36707	0.16281	0.03380	0.02997	0.02888	0.15934	0.01046	0.00722	0.00218	0.00673	0.00825	0.00666	0.01018
20	0.00850	0.00607	0.00810	0.00972	0.01012	0.00567	0.00648	0.00972	0.01336	0.01781	0.03846	0.75020	0.04615	0.02186	0.00891	0.00283	0.00405	0.01984	0.00648	0.00567
21	0.01779	0.01799	0.06427	0.03591	0.54333	0.06622	0.01947	0.02176	0.01630	0.05556	0.01749	0.02046	0.05792	0.00720	0.00694	0.00208	0.00828	0.00665	0.00389	0.01049
22	0.00883	0.00709	0.00788	0.00768	0.00978	0.00614	0.00576	0.01115	0.01729	0.02213	0.29922	0.06176	0.47782	0.01645	0.00824	0.00230	0.00345	0.01397	0.00691	0.00614
23	0.02117	0.45692	0.02947	0.01400	0.01920	0.20393	0.01239	0.08489	0.06328	0.01997	0.01188	0.01305	0.01006	0.00674	0.00534	0.00168	0.00865	0.00444	0.00378	0.00914
24	0.01779	0.01423	0.01523	0.01359	0.01754	0.01606	0.01060	0.03503	0.60197	0.07990	0.03118	0.02863	0.06715	0.00996	0.00717	0.00235	0.00542	0.00828	0.00717	0.01076
25	0.01600	0.02129	0.14769	0.05107	0.05841	0.01731	0.53745	0.02214	0.01609	0.02218	0.01378	0.01811	0.01028	0.00605	0.00790	0.00232	0.01134	0.00761	0.00342	0.00956
26	0.01641	0.01737	0.01960	0.01725	0.01800	0.14454	0.01397	0.01804	0.01249	0.01686	0.01183	0.05830	0.01187	0.01475	0.06941	0.00340	0.51831	0.00672	0.00340	0.00750
27	0.00859	0.00619	0.00815	0.00955	0.01012	0.00574	0.00644	0.00997	0.01391	0.01858	0.08742	0.67492	0.07225	0.02116	0.00883	0.00277	0.00398	0.01913	0.00656	0.00574
28	0.01666	0.01705	0.02198	0.46515	0.15491	0.14055	0.01845	0.04684	0.01605	0.01958	0.01242	0.01725	0.00965	0.00694	0.00685	0.00218	0.00964	0.00591	0.00340	0.00854

[dist]
# distance from previous block
# <min> <max>
0	1

[block]
# block no. 3 follows, 30 sequences, length 15
# corresponding to MSA columns:
# 86-100
name=unknown_D
#
# <colnr> <probs for GDERKNQSTAVLIFYWHMCP>
#	G	D	E	R	K	N	Q	S	T	A	V	L	I	F	Y	W	H	M	C	P
0	0.00859	0.00638	0.00802	0.00910	0.01002	0.00581	0.00626	0.01013	0.01452	0.01907	0.11371	0.54316	0.17925	0.02025	0.00871	0.00267	0.00387	0.01808	0.00660	0.00581
1	0.05543	0.02517	0.01980	0.01656	0.02115	0.33235	0.01305	0.34278	0.05551	0.03098	0.01437	0.01512	0.01085	0.00783	0.00658	0.00198	0.00966	0.00547	0.00539	0.01000
2	0.00954	0.00661	0.00786	0.00833	0.00865	0.00646	0.00513	0.01010	0.01150	0.01523	0.02987	0.25146	0.07619	0.46580	0.05254	0.00550	0.00622	0.01317	0.00501	0.00483
3	0.01360	0.01323	0.02353	0.64717	0.04658	0.01578	0.10480	0.01841	0.01428	0.01841	0.01262	0.01863	0.00947	0.00684	0.00714	0.00233	0.00962	0.00646	0.00316	0.00796
4	0.01207	0.00806	0.01001	0.00926	0.01152	0.00743	0.00717	0.04110	0.01927	0.08366	0.45159	0.05306	0.19080	0.01457	0.00817	0.00228	0.00393	0.05155	0.00741	0.00708
5	0.71387	0.05505	0.01235	0.00974	0.01423	0.01668	0.00814	0.06070	0.01326	0.03125	0.01014	0.01165	0.00789	0.00656	0.00449	0.00212	0.00565	0.00393	0.00441	0.00789
6	0.02653	0.01955	0.02094	0.01606	0.02164	0.02164	0.01326	0.68796	0.03281	0.04398	0.01675	0.01675	0.01187	0.00838	0.00698	0.00209	0.00768	0.00628	0.00698	0.01187
7	0.00922	0.00743	0.00821	0.00819	0.01027	0.00666	0.00618	0.01206	0.04472	0.02109	0.19645	0.08566	0.45972	0.04109	0.00920	0.00254	0.00387	0.05453	0.00668	0.00622
8	0.01001	0.00731	0.01039	0.01039	0.01135	0.00827	0.00769	0.01193	0.01097	0.01559	0.01945	0.03161	0.01927	0.21369	0.56824	0.01019	0.01595	0.00809	0.00385	0.00577
9	0.01647	0.01882	0.04118	0.02941	0.03647	0.01765	0.68588	0.02235	0.01647	0.02235	0.01412	0.01882	0.01059	0.00588	0.00824	0.00235	0.01176	0.00824	0.00353	0.00941
10	0.01015	0.00677	0.00761	0.00761	0.00761	0.00677	0.00423	0.01015	0.01015	0.01353	0.02199	0.04567	0.02537	0.75476	0.03552	0.00677	0.00677	0.01015	0.00423	0.00423
11	0.00825	0.00707	0.00707	0.00707	0.00943	0.00589	0.00530	0.01001	0.01591	0.01885	0.07069	0.06716	0.70839	0.01767	0.00825	0.00236	0.00353	0.01473	0.00648	0.00589
12	0.80405	0.01350	0.01026	0.00918	0.01350	0.01565	0.00756	0.02051	0.01188	0.03131	0.00972	0.01134	0.00756	0.00648	0.00432	0.00216	0.00540	0.00378	0.00432	0.00756
13	0.01400	0.03610	0.71860	0.01989	0.03020	0.01621	0.02578	0.02210	0.01473	0.02210	0.01252	0.01473	0.00884	0.00663	0.00663	0.00221	0.01031	0.00516	0.00295	0.01031
14	0.00848	0.00616	0.00801	0.00950	0.01006	0.00569	0.00638	0.00974	0.01357	0.01790	0.04113	0.69355	0.10108	0.02151	0.00885	0.00279	0.00401	0.01941	0.00648	0.00569

[dist]
# distance from previous block
# <min> <max>
6	13

[block]
# block no. 4 follows, 30 sequences, length 31
# corresponding to MSA columns:
# 115-145
name=unknown_E
#
# <colnr> <probs for GDERKNQSTAVLIFYWHMCP>
#	G	D	E	R	K	N	Q	S	T	A	V	L	I	F	Y	W	H	M	C	P
0	0.08011	0.01143	0.01459	0.01138	0.01632	0.00999	0.00926	0.02770	0.01852	0.46751	0.11528	0.02525	0.02204	0.00870	0.00670	0.00199	0.00542	0.00709	0.00750	0.13321
1	0.00865	0.00709	0.00763	0.00749	0.00967	0.00606	0.00562	0.01080	0.01686	0.02111	0.22837	0.06344	0.54931	0.01683	0.00824	0.00232	0.00347	0.01421	0.00678	0.00606
2	0.00849	0.00613	0.00804	0.00957	0.01008	0.00568	0.00641	0.00973	0.01350	0.01787	0.04027	0.71196	0.08324	0.02163	0.00887	0.00281	0.00402	0.01955	0.00648	0.00568
3	0.01658	0.01759	0.03510	0.07667	0.29275	0.01712	0.39452	0.02173	0.01610	0.02225	0.01364	0.01822	0.01069	0.00607	0.00766	0.00225	0.01030	0.00735	0.00348	0.00993
4	0.03131	0.01188	0.01619	0.01242	0.01781	0.01026	0.01026	0.03401	0.01997	0.71606	0.02753	0.02375	0.01727	0.00864	0.00702	0.00216	0.00594	0.00702	0.00864	0.01188
5	0.01318	0.01240	0.02093	0.73798	0.04806	0.01550	0.01938	0.01783	0.01395	0.01783	0.01240	0.01860	0.00930	0.00698	0.00698	0.00233	0.00930	0.00620	0.00310	0.00775
6	0.01262	0.00919	0.01115	0.01021	0.01257	0.00927	0.00779	0.01971	0.17805	0.06020	0.51764	0.04473	0.05320	0.01289	0.00791	0.00223	0.00394	0.01126	0.00759	0.00787
7	0.80405	0.01350	0.01026	0.00918	0.01350	0.01565	0.00756	0.02051	0.01188	0.03131	0.00972	0.01134	0.00756	0.00648	0.00432	0.00216	0.00540	0.00378	0.00432	0.00756
8	0.01318	0.01240	0.02093	0.73798	0.04806	0.01550	0.01938	0.01783	0.01395	0.01783	0.01240	0.01860	0.00930	0.00698	0.00698	0.00233	0.00930	0.00620	0.00310	0.00775
9	0.02607	0.03326	0.01978	0.01798	0.02157	0.72674	0.01348	0.02787	0.01978	0.01708	0.01079	0.01258	0.00899	0.00719	0.00629	0.00180	0.01258	0.00449	0.00360	0.00809
10	0.00999	0.00721	0.00949	0.00913	0.01077	0.00671	0.00699	0.01328	0.01944	0.02737	0.64982	0.05442	0.06363	0.01470	0.00835	0.00228	0.00356	0.06872	0.00757	0.00657
11	0.01910	0.71577	0.03557	0.01230	0.01813	0.06922	0.01203	0.02131	0.01451	0.01646	0.00977	0.01128	0.00896	0.00604	0.00459	0.00151	0.00777	0.00378	0.00302	0.00890
12	0.80405	0.01350	0.01026	0.00918	0.01350	0.01565	0.00756	0.02051	0.01188	0.03131	0.00972	0.01134	0.00756	0.00648	0.00432	0.00216	0.00540	0.00378	0.00432	0.00756
13	0.00900	0.00716	0.00822	0.00883	0.01073	0.00638	0.00690	0.01104	0.01559	0.01920	0.05808	0.16522	0.45523	0.01864	0.00867	0.00263	0.00430	0.17173	0.00647	0.00599
14	0.01866	0.75896	0.03657	0.01194	0.01791	0.02761	0.01194	0.02090	0.01418	0.01642	0.00970	0.01119	0.00896	0.00597	0.00448	0.00149	0.00746	0.00373	0.00299	0.00896
15	0.00888	0.00646	0.00845	0.00990	0.01069	0.00604	0.00706	0.01044	0.01402	0.01837	0.04158	0.58087	0.11384	0.02105	0.00895	0.00284	0.00434	0.11395	0.00647	0.00580
16	0.02524	0.08482	0.02127	0.01839	0.04479	0.65235	0.01364	0.02715	0.01924	0.01723	0.01079	0.01264	0.00906	0.00707	0.00618	0.00179	0.01207	0.00450	0.00355	0.00825
17	0.00850	0.00607	0.00810	0.00972	0.01012	0.00567	0.00648	0.00972	0.01336	0.01781	0.03846	0.75020	0.04615	0.02186	0.00891	0.00283	0.00405	0.01984	0.00648	0.00567
18	0.00997	0.00748	0.01121	0.01121	0.01246	0.00872	0.00872	0.01246	0.01121	0.01620	0.01869	0.02741	0.01745	0.05234	0.72710	0.01121	0.01869	0.00748	0.00374	0.00623
19	0.01395	0.01355	0.02029	0.32117	0.03073	0.03924	0.04087	0.01711	0.01265	0.01735	0.01225	0.01862	0.01056	0.01587	0.12496	0.00395	0.26972	0.00639	0.00322	0.00755
20	0.01663	0.01839	0.03868	0.03202	0.16765	0.01744	0.55671	0.02217	0.01636	0.02244	0.01392	0.01852	0.01068	0.00595	0.00798	0.00230	0.01109	0.00784	0.00351	0.00973
21	0.02470	0.01817	0.01957	0.01547	0.02068	0.02016	0.01263	0.51222	0.18095	0.07186	0.01986	0.01915	0.01423	0.00863	0.00701	0.00216	0.00712	0.00668	0.00708	0.01168
22	0.00857	0.00637	0.00800	0.00910	0.01001	0.00579	0.00625	0.01008	0.01443	0.01891	0.10316	0.55204	0.18111	0.02036	0.00872	0.00268	0.00388	0.01818	0.00658	0.00579
23	0.01524	0.02053	0.16763	0.06189	0.10897	0.01612	0.39293	0.02090	0.01568	0.02175	0.01569	0.08019	0.01327	0.00748	0.00777	0.00233	0.01032	0.00830	0.00364	0.00937
24	0.00885	0.00660	0.00942	0.01045	0.01115	0.00616	0.03281	0.01031	0.01368	0.01831	0.05854	0.69992	0.04539	0.02100	0.00886	0.00280	0.00432	0.01916	0.00640	0.00584
25	0.00868	0.00621	0.00826	0.00959	0.01016	0.00579	0.00649	0.01017	0.01420	0.01915	0.12662	0.65823	0.04875	0.02086	0.00882	0.00275	0.00395	0.01889	0.00664	0.00579
26	0.01353	0.01290	0.02220	0.67217	0.07984	0.01565	0.04954	0.01821	0.01416	0.01828	0.01252	0.01855	0.00945	0.00689	0.00703	0.00231	0.00936	0.00629	0.00314	0.00799
27	0.01647	0.13452	0.10232	0.06025	0.07134	0.01889	0.45081	0.02184	0.01580	0.02122	0.01315	0.01716	0.01014	0.00604	0.00737	0.00219	0.01065	0.00704	0.00337	0.00944
28	0.01015	0.00677	0.00761	0.00761	0.00761	0.00677	0.00423	0.01015	0.01015	0.01353	0.02199	0.04567	0.02537	0.75476	0.03552	0.00677	0.00677	0.01015	0.00423	0.00423
29	0.01470	0.01786	0.09424	0.02475	0.03080	0.01519	0.49583	0.01987	0.01571	0.02145	0.01871	0.16065	0.01735	0.00905	0.00822	0.00243	0.01014	0.01022	0.00405	0.00876
30	0.02791	0.01506	0.07689	0.01670	0.09576	0.01239	0.01304	0.08544	0.02014	0.52591	0.02379	0.02170	0.01543	0.00818	0.00697	0.00215	0.00671	0.00671	0.00745	0.01165

[dist]
# distance from previous block
# <min> <max>
0	18

# created by:
# /st0/software/busco_prod/Augustus/scripts/msa2prfl.pl ./align_prep/172525.fa
