[name]
unknown

[dist]
# distance from previous block
# <min> <max>
0	2

[block]
# block no. 0 follows, 29 sequences, length 104
# corresponding to MSA columns:
# 2-105
name=unknown_A
#
# <colnr> <probs for GDERKNQSTAVLIFYWHMCP>
#	G	D	E	R	K	N	Q	S	T	A	V	L	I	F	Y	W	H	M	C	P
0	0.01171	0.00860	0.01227	0.01462	0.05403	0.00859	0.01172	0.01489	0.01612	0.02111	0.03591	0.09590	0.03903	0.04008	0.01042	0.00330	0.00660	0.58205	0.00632	0.00674
1	0.49524	0.01861	0.01485	0.01424	0.06275	0.16151	0.01050	0.08000	0.01618	0.05284	0.01162	0.01315	0.00897	0.00698	0.00533	0.00212	0.00744	0.00451	0.00458	0.00859
2	0.01226	0.00725	0.00969	0.01035	0.01163	0.00668	0.00737	0.01395	0.01514	0.11606	0.08817	0.53216	0.04354	0.04092	0.00960	0.00288	0.00456	0.05410	0.00694	0.00675
3	0.68083	0.01396	0.01168	0.01009	0.01468	0.01579	0.00831	0.06017	0.01415	0.09882	0.01210	0.01312	0.00893	0.00694	0.00483	0.00220	0.00570	0.00432	0.00499	0.00839
4	0.01018	0.00688	0.00783	0.00792	0.00807	0.00680	0.00456	0.01040	0.01101	0.01464	0.04251	0.09320	0.05000	0.65987	0.03286	0.00638	0.00653	0.01122	0.00463	0.00453
5	0.01205	0.00836	0.01014	0.01000	0.01190	0.00812	0.00735	0.01653	0.10437	0.07122	0.23175	0.23633	0.13968	0.06586	0.01027	0.00281	0.00443	0.03462	0.00705	0.00717
6	0.00967	0.00725	0.00889	0.00849	0.01030	0.00655	0.00632	0.01254	0.01888	0.02578	0.52402	0.05681	0.22423	0.03784	0.00925	0.00242	0.00353	0.01334	0.00743	0.00647
7	0.80005	0.01377	0.01047	0.00936	0.01377	0.01597	0.00771	0.02093	0.01212	0.03195	0.00991	0.01157	0.00771	0.00661	0.00441	0.00220	0.00551	0.00386	0.00441	0.00771
8	0.01241	0.00778	0.01008	0.00926	0.01133	0.00708	0.00699	0.01545	0.01946	0.10403	0.54850	0.07074	0.09737	0.03676	0.00913	0.00241	0.00381	0.01250	0.00773	0.00718
9	0.00954	0.00681	0.00776	0.00813	0.00876	0.00645	0.00508	0.01022	0.01241	0.01601	0.03733	0.21049	0.18136	0.42123	0.02387	0.00499	0.00554	0.01365	0.00535	0.00503
10	0.75599	0.01368	0.01081	0.00955	0.01402	0.01566	0.00787	0.02172	0.01259	0.07085	0.01096	0.01229	0.00828	0.00674	0.00456	0.00220	0.00554	0.00405	0.00466	0.00796
11	0.01142	0.00811	0.01024	0.00949	0.01152	0.00774	0.00719	0.01610	0.07600	0.05184	0.60322	0.05045	0.08107	0.01406	0.00826	0.00226	0.00365	0.01234	0.00779	0.00726
12	0.00943	0.00676	0.00884	0.01020	0.01087	0.00644	0.00699	0.03318	0.01459	0.01950	0.05852	0.67965	0.04633	0.02152	0.00902	0.00286	0.00431	0.03828	0.00666	0.00605
13	0.00877	0.00723	0.00766	0.00778	0.00994	0.00620	0.00585	0.01067	0.01620	0.01973	0.10702	0.09318	0.57792	0.04152	0.00941	0.00261	0.00389	0.05179	0.00661	0.00602
14	0.00868	0.00620	0.00826	0.00991	0.01033	0.00578	0.00661	0.00991	0.01363	0.01818	0.03925	0.74510	0.04710	0.02231	0.00909	0.00289	0.00413	0.02024	0.00661	0.00578
15	0.02504	0.01555	0.01767	0.01399	0.01860	0.01633	0.01119	0.39761	0.02614	0.20235	0.02175	0.06442	0.01725	0.10542	0.01102	0.00281	0.00707	0.00790	0.00714	0.01074
16	0.01558	0.01558	0.02181	0.01869	0.01869	0.02181	0.01558	0.01714	0.01091	0.01714	0.00935	0.01558	0.00935	0.01246	0.02337	0.00312	0.73672	0.00623	0.00312	0.00779
17	0.03195	0.01212	0.01652	0.01267	0.01818	0.01047	0.01047	0.03470	0.02038	0.71026	0.02809	0.02424	0.01763	0.00881	0.00716	0.00220	0.00606	0.00716	0.00881	0.01212
18	0.03074	0.01239	0.01649	0.01282	0.01821	0.01108	0.01053	0.03497	0.07747	0.65246	0.02817	0.02443	0.01798	0.00889	0.00717	0.00222	0.00602	0.00724	0.00868	0.01205
19	0.01017	0.00763	0.01144	0.01144	0.01272	0.00890	0.00890	0.01272	0.01144	0.01653	0.01907	0.02797	0.01780	0.05340	0.72153	0.01144	0.01907	0.00763	0.00381	0.00636
20	0.02679	0.01981	0.02121	0.01633	0.02198	0.02195	0.01347	0.66266	0.05285	0.04443	0.01745	0.01737	0.01239	0.00858	0.00713	0.00215	0.00777	0.00646	0.00713	0.01208
21	0.01771	0.01530	0.01610	0.01449	0.01852	0.01771	0.01127	0.03784	0.69247	0.02979	0.02898	0.02657	0.02174	0.00966	0.00725	0.00242	0.00564	0.00805	0.00725	0.01127
22	0.00866	0.00722	0.00755	0.00747	0.00977	0.00612	0.00560	0.01069	0.01681	0.02061	0.16493	0.06627	0.60879	0.01752	0.00841	0.00238	0.00357	0.01471	0.00679	0.00612
23	0.01677	0.01910	0.04139	0.02966	0.03664	0.01813	0.65886	0.02263	0.01662	0.02263	0.01425	0.01910	0.01076	0.00620	0.00887	0.00242	0.03451	0.00834	0.00359	0.00955
24	0.01042	0.00753	0.01095	0.01095	0.01220	0.00866	0.00844	0.01294	0.01168	0.01721	0.01951	0.02850	0.01811	0.07377	0.64250	0.01053	0.01743	0.00765	0.06472	0.00631
25	0.01346	0.01264	0.02098	0.61050	0.10877	0.01516	0.01886	0.01793	0.01458	0.01876	0.01734	0.02270	0.06338	0.00789	0.00721	0.00235	0.00894	0.00700	0.00347	0.00809
26	0.53318	0.01389	0.01290	0.01085	0.01559	0.01519	0.00892	0.07256	0.04184	0.19251	0.01545	0.01553	0.01090	0.00739	0.00536	0.00221	0.00581	0.00498	0.00575	0.00920
27	0.00868	0.00620	0.00826	0.00991	0.01033	0.00578	0.00661	0.00991	0.01363	0.01818	0.03925	0.74510	0.04710	0.02231	0.00909	0.00289	0.00413	0.02024	0.00661	0.00578
28	0.00868	0.00620	0.00826	0.00991	0.01033	0.00578	0.00661	0.00991	0.01363	0.01818	0.03925	0.74510	0.04710	0.02231	0.00909	0.00289	0.00413	0.02024	0.00661	0.00578
29	0.01762	0.01692	0.02890	0.04371	0.70533	0.01692	0.02185	0.02185	0.01621	0.02326	0.01339	0.01762	0.01128	0.00634	0.00705	0.00211	0.00846	0.00634	0.00352	0.01128
30	0.00842	0.00721	0.00721	0.00721	0.00962	0.00601	0.00541	0.01022	0.01623	0.01924	0.07213	0.06853	0.70244	0.01803	0.00842	0.00240	0.00361	0.01503	0.00661	0.00601
31	0.01444	0.01157	0.01367	0.01377	0.01654	0.01272	0.01138	0.02572	0.33752	0.02534	0.03356	0.05479	0.03184	0.01492	0.00861	0.00287	0.00612	0.34897	0.00688	0.00880
32	0.01457	0.06374	0.65817	0.02040	0.03061	0.01705	0.05365	0.02251	0.01509	0.02234	0.01274	0.01507	0.00910	0.00671	0.00675	0.00223	0.01047	0.00534	0.00303	0.01043
33	0.01507	0.15578	0.60082	0.01895	0.02874	0.01847	0.02397	0.02235	0.01494	0.02159	0.01230	0.01443	0.00904	0.00665	0.00640	0.00213	0.01004	0.00502	0.00301	0.01029
34	0.01438	0.03615	0.68699	0.02067	0.03107	0.01659	0.05150	0.02256	0.01510	0.02256	0.01284	0.01519	0.00909	0.00674	0.00683	0.00226	0.01058	0.00538	0.00303	0.01049
35	0.01036	0.00690	0.00777	0.00777	0.00777	0.00690	0.00431	0.01036	0.01036	0.01381	0.02244	0.04660	0.02589	0.74975	0.03624	0.00690	0.00690	0.01036	0.00431	0.00431
36	0.02589	0.01835	0.01998	0.01566	0.02099	0.02011	0.01281	0.53924	0.09865	0.09780	0.01998	0.04371	0.01475	0.00916	0.00721	0.00220	0.00734	0.00712	0.00726	0.01181
37	0.67273	0.01432	0.01219	0.10237	0.01857	0.04012	0.00946	0.02084	0.01267	0.02969	0.01030	0.01256	0.00799	0.00670	0.00482	0.00221	0.00627	0.00420	0.00422	0.00776
38	0.01542	0.01264	0.01483	0.01063	0.01692	0.00953	0.00851	0.01857	0.01498	0.04924	0.01324	0.01512	0.01082	0.00541	0.00534	0.00110	0.00530	0.00433	0.00439	0.76368
39	0.01477	0.01266	0.01477	0.01055	0.01687	0.00949	0.00844	0.01793	0.01477	0.02320	0.01266	0.01477	0.01055	0.00527	0.00527	0.00105	0.00527	0.00422	0.00422	0.79328
40	0.00995	0.00740	0.00902	0.00983	0.01125	0.00697	0.00759	0.01189	0.01485	0.01884	0.04590	0.14924	0.24916	0.15966	0.01437	0.00365	0.00540	0.25302	0.00615	0.00586
41	0.02382	0.09267	0.06125	0.01773	0.02172	0.52293	0.01434	0.02715	0.05935	0.01839	0.01197	0.01390	0.00994	0.00775	0.00770	0.00197	0.07016	0.00490	0.00375	0.00861
42	0.01008	0.00728	0.00952	0.00896	0.01064	0.00672	0.00672	0.01344	0.02016	0.02855	0.70158	0.05319	0.06719	0.01456	0.00840	0.00224	0.00336	0.01288	0.00784	0.00672
43	0.01061	0.00738	0.00932	0.00891	0.01076	0.00668	0.00665	0.01350	0.01893	0.05518	0.50935	0.11608	0.16878	0.01558	0.00841	0.00232	0.00358	0.01365	0.00757	0.00675
44	0.04224	0.00793	0.00950	0.00941	0.01162	0.00717	0.00707	0.01470	0.01642	0.11961	0.13217	0.25528	0.27029	0.01717	0.00836	0.00254	0.00431	0.05021	0.00700	0.00700
45	0.01428	0.03683	0.71286	0.02030	0.03082	0.01654	0.02631	0.02255	0.01503	0.02255	0.01278	0.01503	0.00902	0.00677	0.00677	0.00226	0.01052	0.00526	0.00301	0.01052
46	0.00926	0.00663	0.00869	0.01007	0.01068	0.00629	0.00682	0.02965	0.01442	0.01929	0.05956	0.70195	0.04671	0.02166	0.00901	0.00285	0.00421	0.01961	0.00666	0.00600
47	0.01004	0.00709	0.00826	0.00864	0.01030	0.00626	0.00613	0.01163	0.01525	0.05845	0.07571	0.31979	0.35093	0.06516	0.01035	0.00286	0.00415	0.01618	0.00663	0.00619
48	0.00996	0.00692	0.00880	0.00929	0.01061	0.00629	0.00660	0.01201	0.01633	0.04824	0.24863	0.39370	0.15871	0.01870	0.00869	0.00258	0.00388	0.01662	0.00707	0.00635
49	0.66994	0.01408	0.01161	0.01011	0.01450	0.01611	0.00829	0.09298	0.01492	0.03317	0.05037	0.01456	0.01161	0.00728	0.00493	0.00220	0.00564	0.00465	0.00490	0.00814
50	0.00899	0.00636	0.00832	0.00977	0.01018	0.00602	0.00651	0.01016	0.01333	0.01775	0.03710	0.63257	0.04422	0.11270	0.01250	0.00341	0.00457	0.04358	0.00632	0.00563
51	0.03873	0.00819	0.01061	0.00975	0.01202	0.00755	0.00739	0.01695	0.01909	0.14696	0.47550	0.13663	0.05400	0.01430	0.00814	0.00232	0.00400	0.01255	0.00774	0.00758
52	0.00888	0.00628	0.00820	0.00966	0.01002	0.00592	0.00633	0.00997	0.01324	0.01765	0.03723	0.66128	0.04455	0.10961	0.01235	0.00337	0.00446	0.01906	0.00633	0.00561
53	0.01505	0.00835	0.00854	0.00789	0.01007	0.00863	0.00608	0.10234	0.01732	0.02891	0.02244	0.02533	0.01746	0.00833	0.00525	0.00172	0.00390	0.00661	0.68843	0.00734
54	0.01045	0.00748	0.01002	0.01141	0.01261	0.00731	0.00914	0.01278	0.01506	0.01963	0.03861	0.25209	0.07926	0.09145	0.01213	0.00348	0.00578	0.38886	0.00636	0.00610
55	0.01265	0.00671	0.00965	0.00949	0.00971	0.00682	0.00640	0.03099	0.01018	0.01363	0.01331	0.02314	0.01331	0.06673	0.05008	0.69714	0.00670	0.00648	0.00331	0.00356
56	0.03195	0.01212	0.01652	0.01267	0.01818	0.01047	0.01047	0.03470	0.02038	0.71026	0.02809	0.02424	0.01763	0.00881	0.00716	0.00220	0.00606	0.00716	0.00881	0.01212
57	0.21745	0.01252	0.01506	0.01187	0.01711	0.01180	0.00980	0.03138	0.01839	0.54645	0.02370	0.02118	0.01523	0.00828	0.00650	0.00220	0.00593	0.00636	0.00775	0.01105
58	0.00891	0.00637	0.00854	0.01019	0.01070	0.00599	0.00702	0.01033	0.01387	0.01844	0.03912	0.68863	0.04658	0.02208	0.00915	0.00292	0.00434	0.07437	0.00661	0.00585
59	0.01788	0.03637	0.01617	0.01386	0.01792	0.01689	0.01088	0.03540	0.59431	0.06354	0.03117	0.02872	0.06524	0.01005	0.00724	0.00238	0.00558	0.00833	0.00716	0.01091
60	0.01501	0.00829	0.01078	0.00958	0.01182	0.00759	0.00713	0.01765	0.01849	0.17827	0.43192	0.04556	0.04887	0.14230	0.01301	0.00305	0.00458	0.01116	0.00744	0.00750
61	0.01477	0.01266	0.01477	0.01055	0.01687	0.00949	0.00844	0.01793	0.01477	0.02320	0.01266	0.01477	0.01055	0.00527	0.00527	0.00105	0.00527	0.00422	0.00422	0.79328
62	0.80005	0.01377	0.01047	0.00936	0.01377	0.01597	0.00771	0.02093	0.01212	0.03195	0.00991	0.01157	0.00771	0.00661	0.00441	0.00220	0.00551	0.00386	0.00441	0.00771
63	0.02003	0.02105	0.02623	0.03471	0.46163	0.18558	0.03849	0.04357	0.05772	0.02287	0.01388	0.01704	0.01140	0.00683	0.00695	0.00207	0.00943	0.00609	0.00389	0.01053
64	0.01036	0.00690	0.00777	0.00777	0.00777	0.00690	0.00431	0.01036	0.01036	0.01381	0.02244	0.04660	0.02589	0.74975	0.03624	0.00690	0.00690	0.01036	0.00431	0.00431
65	0.01126	0.00952	0.01465	0.05846	0.13305	0.00986	0.03220	0.01339	0.01401	0.01912	0.03026	0.50090	0.03481	0.01744	0.00968	0.00273	0.06040	0.01563	0.00553	0.00712
66	0.02707	0.01995	0.02137	0.01638	0.02208	0.02208	0.01353	0.68159	0.03348	0.04488	0.01710	0.01710	0.01211	0.00855	0.00712	0.00214	0.00784	0.00641	0.00712	0.01211
67	0.00842	0.00721	0.00721	0.00721	0.00962	0.00601	0.00541	0.01022	0.01623	0.01924	0.07213	0.06853	0.70244	0.01803	0.00842	0.00240	0.00361	0.01503	0.00661	0.00601
68	0.01475	0.01459	0.01918	0.01702	0.01726	0.04864	0.01381	0.01626	0.01182	0.01735	0.01506	0.15310	0.01646	0.01410	0.01995	0.00302	0.56760	0.00880	0.00380	0.00743
69	0.01477	0.01266	0.01477	0.01055	0.01687	0.00949	0.00844	0.01793	0.01477	0.02320	0.01266	0.01477	0.01055	0.00527	0.00527	0.00105	0.00527	0.00422	0.00422	0.79328
70	0.01768	0.36919	0.06093	0.01684	0.02118	0.02421	0.08813	0.04148	0.01417	0.01871	0.01057	0.01403	0.00948	0.00834	0.01151	0.00221	0.25391	0.00528	0.00326	0.00889
71	0.02728	0.01961	0.02116	0.01622	0.02192	0.02159	0.01340	0.65398	0.03292	0.07328	0.01757	0.01740	0.01235	0.00856	0.00712	0.00214	0.00776	0.00644	0.00720	0.01211
72	0.01620	0.32554	0.44092	0.01703	0.02577	0.02122	0.02062	0.02206	0.01481	0.02022	0.01162	0.01358	0.00907	0.00649	0.00588	0.00196	0.00935	0.00468	0.00302	0.00997
73	0.01442	0.05804	0.69289	0.02006	0.03045	0.01688	0.02589	0.02251	0.01502	0.02238	0.01269	0.01493	0.00902	0.00675	0.00670	0.00223	0.01044	0.00522	0.00301	0.01048
74	0.02660	0.03394	0.02018	0.01834	0.02201	0.72116	0.01376	0.02843	0.02018	0.01743	0.01101	0.01284	0.00917	0.00734	0.00642	0.00183	0.01284	0.00459	0.00367	0.00825
75	0.01458	0.01326	0.02136	0.67303	0.04680	0.01634	0.01926	0.07340	0.01584	0.02041	0.01303	0.01883	0.00971	0.00724	0.00712	0.00235	0.00935	0.00634	0.00349	0.00826
76	0.01145	0.00764	0.00903	0.00870	0.01083	0.00677	0.00649	0.01364	0.01705	0.08906	0.23253	0.11500	0.33162	0.07332	0.01055	0.00276	0.00418	0.03575	0.00698	0.00667
77	0.01010	0.00725	0.00937	0.00886	0.01040	0.00673	0.00652	0.01318	0.01934	0.02733	0.64506	0.05264	0.06375	0.07574	0.01072	0.00263	0.00365	0.01267	0.00755	0.00652
78	0.02567	0.01725	0.01901	0.01489	0.02016	0.01851	0.01220	0.46658	0.08477	0.15414	0.02421	0.02308	0.06736	0.00942	0.00724	0.00219	0.00702	0.00734	0.00738	0.01157
79	0.00929	0.00689	0.00960	0.07031	0.01389	0.00681	0.00808	0.01098	0.01390	0.01842	0.03691	0.63314	0.04349	0.02084	0.00898	0.00288	0.00477	0.06848	0.00632	0.00602
80	0.01577	0.01345	0.01712	0.01251	0.01836	0.01120	0.06445	0.08116	0.01638	0.02451	0.01398	0.01783	0.01191	0.06336	0.00811	0.00172	0.00620	0.00525	0.00445	0.59226
81	0.05151	0.10662	0.04034	0.01248	0.01728	0.01290	0.01067	0.05212	0.01819	0.41807	0.02471	0.10061	0.01895	0.01350	0.06639	0.00296	0.00732	0.00800	0.00702	0.01037
82	0.09102	0.03080	0.01949	0.01739	0.02133	0.58953	0.01323	0.09596	0.02090	0.02150	0.01155	0.01318	0.00936	0.00740	0.00633	0.00190	0.01171	0.00472	0.00409	0.00861
83	0.01269	0.01059	0.01245	0.01252	0.01422	0.06376	0.03732	0.07857	0.01685	0.02174	0.05455	0.46184	0.03887	0.01845	0.00875	0.00275	0.00585	0.11497	0.00633	0.00691
84	0.01968	0.57513	0.05192	0.01362	0.01916	0.06661	0.01304	0.07260	0.01599	0.01916	0.01055	0.01239	0.00938	0.00690	0.00650	0.00174	0.06869	0.00429	0.00340	0.00924
85	0.01095	0.06903	0.01026	0.00830	0.00884	0.00859	0.00515	0.01123	0.01095	0.01439	0.02270	0.09782	0.02614	0.63147	0.03150	0.00614	0.00675	0.01058	0.00439	0.00483
86	0.01115	0.00793	0.01092	0.01243	0.01384	0.00790	0.01051	0.01401	0.01569	0.02047	0.03665	0.13303	0.04032	0.07649	0.01182	0.00353	0.00638	0.55422	0.00639	0.00632
87	0.01035	0.00873	0.01085	0.00964	0.01247	0.00787	0.06195	0.02886	0.03853	0.02172	0.10591	0.05750	0.50813	0.01553	0.00808	0.00233	0.00443	0.01324	0.06716	0.00672
88	0.01057	0.00741	0.00831	0.00795	0.00867	0.00705	0.00474	0.01097	0.01118	0.01501	0.02547	0.04565	0.07706	0.63107	0.03151	0.00607	0.00651	0.01021	0.00448	0.07011
89	0.02667	0.03169	0.02037	0.01803	0.02202	0.60879	0.01372	0.13343	0.02232	0.02184	0.01199	0.01353	0.00964	0.00753	0.00653	0.00188	0.01204	0.00488	0.00422	0.00887
90	0.01489	0.01415	0.01981	0.01716	0.01729	0.01934	0.01411	0.01620	0.01149	0.01762	0.06326	0.01900	0.01408	0.01365	0.02258	0.06877	0.61907	0.00674	0.00348	0.00732
91	0.01475	0.01485	0.02299	0.61879	0.04596	0.07068	0.07421	0.01937	0.01491	0.01852	0.01267	0.01853	0.00958	0.00704	0.00717	0.00233	0.00996	0.00637	0.00324	0.00808
92	0.58112	0.01450	0.01456	0.01195	0.01682	0.01597	0.06061	0.07774	0.01527	0.11522	0.01308	0.01417	0.00953	0.00699	0.00528	0.00221	0.00627	0.00482	0.00511	0.00876
93	0.01788	0.01612	0.02541	0.24742	0.39726	0.01742	0.01989	0.12680	0.01839	0.02521	0.01377	0.01795	0.01087	0.00693	0.00708	0.00220	0.00867	0.00635	0.00399	0.01039
94	0.01727	0.01100	0.06586	0.01100	0.01454	0.00848	0.00929	0.02022	0.01816	0.25386	0.21924	0.16237	0.13162	0.01385	0.00798	0.00236	0.00499	0.01194	0.00741	0.00857
95	0.01100	0.00705	0.00807	0.00799	0.00819	0.00698	0.00459	0.01113	0.01078	0.03647	0.02316	0.06826	0.02630	0.70248	0.03443	0.00662	0.00679	0.01057	0.00453	0.00461
96	0.01525	0.01253	0.01555	0.09583	0.02069	0.01056	0.01023	0.03921	0.01559	0.04347	0.01519	0.02070	0.01304	0.00681	0.00596	0.00145	0.00597	0.05526	0.00450	0.59221
97	0.01636	0.01210	0.01469	0.01425	0.06115	0.01223	0.01009	0.19547	0.05907	0.05407	0.08979	0.29572	0.03100	0.01391	0.00781	0.00234	0.00562	0.01214	0.00654	0.08566
98	0.03945	0.03129	0.51267	0.07889	0.03058	0.03949	0.04230	0.07389	0.01673	0.05010	0.01359	0.01582	0.00964	0.00700	0.00680	0.00224	0.01003	0.00554	0.00364	0.01031
99	0.01570	0.07310	0.01484	0.01199	0.01532	0.01308	0.00970	0.09393	0.18259	0.07121	0.03836	0.12527	0.18001	0.01408	0.00788	0.00248	0.00558	0.10955	0.00667	0.00869
100	0.06260	0.49621	0.19992	0.01499	0.04133	0.02404	0.01564	0.02203	0.03155	0.01956	0.01119	0.01288	0.00941	0.00638	0.00524	0.00178	0.00818	0.00435	0.00323	0.00951
101	0.01078	0.00771	0.00990	0.01096	0.01226	0.00768	0.00840	0.01458	0.07166	0.02167	0.09421	0.36152	0.04258	0.01867	0.00879	0.00282	0.00489	0.21686	0.06743	0.00663
102	0.01705	0.01832	0.08392	0.03820	0.57441	0.03746	0.02062	0.02122	0.01578	0.02229	0.01397	0.01951	0.01216	0.06404	0.00927	0.00249	0.00864	0.00651	0.00355	0.01058
103	0.00971	0.00713	0.00911	0.01020	0.01094	0.00713	0.00695	0.01250	0.06964	0.01859	0.03518	0.56127	0.04064	0.09494	0.06683	0.00391	0.00569	0.01728	0.00622	0.00614

[dist]
# distance from previous block
# <min> <max>
0	46

# created by:
# /st0/software/busco_prod/Augustus/scripts/msa2prfl.pl ./align_prep/172858.fa
