[name]
unknown

[dist]
# distance from previous block
# <min> <max>
0	24

[block]
# block no. 0 follows, 29 sequences, length 14
# corresponding to MSA columns:
# 24-37
name=unknown_A
#
# <colnr> <probs for GDERKNQSTAVLIFYWHMCP>
#	G	D	E	R	K	N	Q	S	T	A	V	L	I	F	Y	W	H	M	C	P
0	0.01202	0.00906	0.01295	0.01499	0.05031	0.00941	0.01224	0.01525	0.01607	0.02117	0.03486	0.07347	0.03768	0.01858	0.01045	0.00321	0.04773	0.58746	0.00621	0.00687
1	0.01875	0.10217	0.02098	0.10912	0.02265	0.14548	0.01349	0.07978	0.05110	0.04612	0.01460	0.04764	0.01266	0.01163	0.05038	0.00274	0.16820	0.00632	0.00426	0.07191
2	0.17002	0.01517	0.02078	0.17870	0.07783	0.04161	0.09988	0.08568	0.01618	0.02479	0.01500	0.08389	0.01325	0.00865	0.00801	0.00229	0.06318	0.00720	0.00430	0.06360
3	0.01378	0.01277	0.01945	0.35013	0.03204	0.01536	0.03627	0.03570	0.01415	0.01931	0.01770	0.10302	0.04416	0.01043	0.01107	0.00249	0.17748	0.00817	0.00391	0.07259
4	0.02455	0.01725	0.02061	0.04975	0.10001	0.01863	0.01383	0.41250	0.07885	0.12215	0.01855	0.01910	0.01335	0.00916	0.00816	0.04155	0.00750	0.00661	0.00656	0.01132
5	0.01976	0.01582	0.02287	0.10505	0.05886	0.04200	0.12677	0.14742	0.01894	0.11512	0.01756	0.06798	0.01431	0.00926	0.00986	0.00236	0.12333	0.00762	0.04093	0.03418
6	0.01086	0.00848	0.00877	0.00878	0.01081	0.03897	0.00638	0.01263	0.01611	0.05828	0.10764	0.20715	0.40636	0.05411	0.00978	0.00268	0.00442	0.01483	0.00658	0.00638
7	0.11385	0.01804	0.01921	0.01514	0.02031	0.02004	0.01243	0.46791	0.09002	0.06519	0.01729	0.01746	0.01253	0.00848	0.00744	0.00217	0.03812	0.00621	0.00661	0.04154
8	0.01112	0.00823	0.01043	0.01109	0.01208	0.00844	0.00784	0.08711	0.01577	0.02118	0.03524	0.62594	0.04124	0.02025	0.00957	0.00282	0.04058	0.01797	0.00650	0.00661
9	0.01331	0.09401	0.01441	0.10427	0.01654	0.01194	0.00919	0.04116	0.01390	0.02033	0.01954	0.06692	0.01824	0.13848	0.13713	0.00446	0.03930	0.00780	0.22219	0.00687
10	0.01805	0.01739	0.02441	0.07279	0.45203	0.08880	0.01835	0.05737	0.04331	0.02337	0.01475	0.01871	0.01221	0.01065	0.06522	0.00286	0.00950	0.00635	0.03365	0.01025
11	0.01616	0.00988	0.01180	0.01089	0.01295	0.00990	0.00779	0.12756	0.03381	0.13013	0.02834	0.27665	0.02943	0.24173	0.01678	0.00388	0.00595	0.01252	0.00635	0.00752
12	0.00980	0.00721	0.00879	0.00918	0.01033	0.00653	0.00610	0.01098	0.01309	0.01766	0.03436	0.41725	0.09091	0.21667	0.01594	0.00373	0.00497	0.01531	0.00572	0.09549
13	0.10370	0.01077	0.01209	0.05360	0.01520	0.01170	0.00861	0.11216	0.10435	0.02414	0.02602	0.26307	0.02726	0.17891	0.01399	0.00351	0.00596	0.01175	0.00580	0.00743

[dist]
# distance from previous block
# <min> <max>
39	67

[block]
# block no. 1 follows, 29 sequences, length 6
# corresponding to MSA columns:
# 119-124
name=unknown_B
#
# <colnr> <probs for GDERKNQSTAVLIFYWHMCP>
#	G	D	E	R	K	N	Q	S	T	A	V	L	I	F	Y	W	H	M	C	P
0	0.01428	0.01159	0.01706	0.21081	0.02503	0.01235	0.07191	0.11027	0.01684	0.02271	0.04359	0.14890	0.05660	0.06295	0.01099	0.05968	0.00715	0.00975	0.04126	0.04626
1	0.01620	0.01287	0.02021	0.55260	0.04127	0.01534	0.01759	0.07454	0.01626	0.08929	0.01500	0.01996	0.01108	0.01054	0.05546	0.00295	0.00966	0.00651	0.00410	0.00857
2	0.01814	0.01660	0.02226	0.12798	0.12820	0.09456	0.10952	0.13483	0.01846	0.02458	0.01493	0.01905	0.01194	0.01167	0.05991	0.05669	0.00954	0.00646	0.06938	0.04530
3	0.01211	0.00919	0.01189	0.01105	0.01267	0.00991	0.00820	0.06094	0.01319	0.01866	0.02000	0.07902	0.02033	0.22591	0.32774	0.00747	0.05392	0.00871	0.00438	0.08472
4	0.27322	0.01798	0.01790	0.01415	0.01944	0.02014	0.01168	0.47121	0.02668	0.04076	0.01481	0.01534	0.01071	0.00793	0.00626	0.00216	0.00709	0.00560	0.00626	0.01071
5	0.18212	0.01485	0.01434	0.01254	0.01637	0.06753	0.00987	0.09820	0.22924	0.07749	0.17482	0.02725	0.02684	0.00978	0.00683	0.00224	0.00590	0.00777	0.00661	0.00942

[dist]
# distance from previous block
# <min> <max>
0	14

[block]
# block no. 2 follows, 29 sequences, length 85
# corresponding to MSA columns:
# 139-223
name=unknown_C
#
# <colnr> <probs for GDERKNQSTAVLIFYWHMCP>
#	G	D	E	R	K	N	Q	S	T	A	V	L	I	F	Y	W	H	M	C	P
0	0.01812	0.61627	0.16708	0.01374	0.02069	0.02594	0.01490	0.02156	0.01458	0.01787	0.01045	0.01212	0.00912	0.00622	0.00499	0.00166	0.00817	0.00409	0.00304	0.00940
1	0.01457	0.01321	0.01923	0.01792	0.07915	0.01453	0.10041	0.02289	0.21355	0.02485	0.18301	0.03103	0.04893	0.01435	0.06991	0.00320	0.10562	0.00902	0.00571	0.00893
2	0.02255	0.30418	0.02601	0.01542	0.01996	0.38568	0.01274	0.02586	0.06403	0.01841	0.03612	0.01466	0.01206	0.00728	0.00585	0.00177	0.01004	0.00482	0.00382	0.00874
3	0.04464	0.01577	0.02588	0.16127	0.50818	0.01640	0.02007	0.02236	0.03926	0.05691	0.01441	0.01829	0.01152	0.00673	0.00698	0.00218	0.00832	0.00635	0.00388	0.01060
4	0.01278	0.02688	0.47592	0.01639	0.02397	0.01319	0.01965	0.01932	0.01656	0.02409	0.21225	0.02867	0.06135	0.00957	0.00732	0.00226	0.00812	0.00794	0.00457	0.00921
5	0.01008	0.00728	0.00952	0.00896	0.01064	0.00672	0.00672	0.01344	0.02016	0.02855	0.70158	0.05319	0.06719	0.01456	0.00840	0.00224	0.00336	0.01288	0.00784	0.00672
6	0.01904	0.75404	0.03731	0.01218	0.01828	0.02818	0.01218	0.02132	0.01447	0.01675	0.00990	0.01142	0.00914	0.00609	0.00457	0.00152	0.00761	0.00381	0.00305	0.00914
7	0.01602	0.02176	0.27316	0.04399	0.08538	0.01483	0.01787	0.06327	0.13756	0.05871	0.02320	0.05487	0.03796	0.01032	0.00753	0.00245	0.00801	0.10809	0.00513	0.00990
8	0.00842	0.00721	0.00721	0.00721	0.00962	0.00601	0.00541	0.01022	0.01623	0.01924	0.07213	0.06853	0.70244	0.01803	0.00842	0.00240	0.00361	0.01503	0.00661	0.00601
9	0.02660	0.03394	0.02018	0.01834	0.02201	0.72116	0.01376	0.02843	0.02018	0.01743	0.01101	0.01284	0.00917	0.00734	0.00642	0.00183	0.01284	0.00459	0.00367	0.00825
10	0.00868	0.00620	0.00826	0.00991	0.01033	0.00578	0.00661	0.00991	0.01363	0.01818	0.03925	0.74510	0.04710	0.02231	0.00909	0.00289	0.00413	0.02024	0.00661	0.00578
11	0.01762	0.01692	0.02890	0.04371	0.70533	0.01692	0.02185	0.02185	0.01621	0.02326	0.01339	0.01762	0.01128	0.00634	0.00705	0.00211	0.00846	0.00634	0.00352	0.01128
12	0.01036	0.00690	0.00777	0.00777	0.00777	0.00690	0.00431	0.01036	0.01036	0.01381	0.02244	0.04660	0.02589	0.74975	0.03624	0.00690	0.00690	0.01036	0.00431	0.00431
13	0.03195	0.01212	0.01652	0.01267	0.01818	0.01047	0.01047	0.03470	0.02038	0.71026	0.02809	0.02424	0.01763	0.00881	0.00716	0.00220	0.00606	0.00716	0.00881	0.01212
14	0.01428	0.03683	0.71286	0.02030	0.03082	0.01654	0.02631	0.02255	0.01503	0.02255	0.01278	0.01503	0.00902	0.00677	0.00677	0.00226	0.01052	0.00526	0.00301	0.01052
15	0.03195	0.01212	0.01652	0.01267	0.01818	0.01047	0.01047	0.03470	0.02038	0.71026	0.02809	0.02424	0.01763	0.00881	0.00716	0.00220	0.00606	0.00716	0.00881	0.01212
16	0.01345	0.01266	0.02136	0.73264	0.04904	0.01582	0.01978	0.01819	0.01424	0.01819	0.01266	0.01898	0.00949	0.00712	0.00712	0.00237	0.00949	0.00633	0.00316	0.00791
17	0.01428	0.03683	0.71286	0.02030	0.03082	0.01654	0.02631	0.02255	0.01503	0.02255	0.01278	0.01503	0.00902	0.00677	0.00677	0.00226	0.01052	0.00526	0.00301	0.01052
18	0.01428	0.03683	0.71286	0.02030	0.03082	0.01654	0.02631	0.02255	0.01503	0.02255	0.01278	0.01503	0.00902	0.00677	0.00677	0.00226	0.01052	0.00526	0.00301	0.01052
19	0.00842	0.00721	0.00721	0.00721	0.00962	0.00601	0.00541	0.01022	0.01623	0.01924	0.07213	0.06853	0.70244	0.01803	0.00842	0.00240	0.00361	0.01503	0.00661	0.00601
20	0.01452	0.07234	0.67941	0.01989	0.03020	0.01711	0.02561	0.02249	0.01501	0.02226	0.01264	0.01485	0.00903	0.00673	0.00666	0.00222	0.01038	0.00519	0.00301	0.01045
21	0.01591	0.01166	0.01432	0.01405	0.01688	0.01235	0.01201	0.19193	0.05575	0.02797	0.03181	0.06086	0.03237	0.01622	0.00899	0.00293	0.00685	0.45212	0.00674	0.00827
22	0.03195	0.01212	0.01652	0.01267	0.01818	0.01047	0.01047	0.03470	0.02038	0.71026	0.02809	0.02424	0.01763	0.00881	0.00716	0.00220	0.00606	0.00716	0.00881	0.01212
23	0.01084	0.00774	0.01074	0.01238	0.01374	0.00765	0.01036	0.01365	0.01576	0.02059	0.03805	0.23217	0.04238	0.02027	0.00966	0.00319	0.00600	0.51187	0.00657	0.00638
24	0.01518	0.17161	0.58591	0.01877	0.02846	0.01872	0.02365	0.02232	0.01493	0.02146	0.01224	0.01436	0.00904	0.00664	0.00635	0.00212	0.00998	0.00499	0.00301	0.01026
25	0.02765	0.01901	0.02079	0.01594	0.02161	0.02069	0.01317	0.60397	0.03191	0.12472	0.01842	0.01795	0.01277	0.00858	0.00713	0.00214	0.00762	0.00650	0.00733	0.01211
26	0.01762	0.01692	0.02890	0.04371	0.70533	0.01692	0.02185	0.02185	0.01621	0.02326	0.01339	0.01762	0.01128	0.00634	0.00705	0.00211	0.00846	0.00634	0.00352	0.01128
27	0.01461	0.08592	0.66662	0.01974	0.02996	0.01733	0.02534	0.02247	0.01499	0.02215	0.01258	0.01479	0.00903	0.00672	0.00661	0.00220	0.01032	0.00516	0.00301	0.01043
28	0.01771	0.01530	0.01610	0.01449	0.01852	0.01771	0.01127	0.03784	0.69247	0.02979	0.02898	0.02657	0.02174	0.00966	0.00725	0.00242	0.00564	0.00805	0.00725	0.01127
29	0.01008	0.00728	0.00952	0.00896	0.01064	0.00672	0.00672	0.01344	0.02016	0.02855	0.70158	0.05319	0.06719	0.01456	0.00840	0.00224	0.00336	0.01288	0.00784	0.00672
30	0.01017	0.00763	0.01144	0.01144	0.01272	0.00890	0.00890	0.01272	0.01144	0.01653	0.01907	0.02797	0.01780	0.05340	0.72153	0.01144	0.01907	0.00763	0.00381	0.00636
31	0.01036	0.00690	0.00777	0.00777	0.00777	0.00690	0.00431	0.01036	0.01036	0.01381	0.02244	0.04660	0.02589	0.74975	0.03624	0.00690	0.00690	0.01036	0.00431	0.00431
32	0.02363	0.31627	0.02690	0.01593	0.02055	0.44946	0.01314	0.02565	0.01794	0.01716	0.01057	0.01228	0.00916	0.00685	0.00569	0.00171	0.01079	0.00428	0.00342	0.00860
33	0.01428	0.03683	0.71286	0.02030	0.03082	0.01654	0.02631	0.02255	0.01503	0.02255	0.01278	0.01503	0.00902	0.00677	0.00677	0.00226	0.01052	0.00526	0.00301	0.01052
34	0.01428	0.03683	0.71286	0.02030	0.03082	0.01654	0.02631	0.02255	0.01503	0.02255	0.01278	0.01503	0.00902	0.00677	0.00677	0.00226	0.01052	0.00526	0.00301	0.01052
35	0.03195	0.01212	0.01652	0.01267	0.01818	0.01047	0.01047	0.03470	0.02038	0.71026	0.02809	0.02424	0.01763	0.00881	0.00716	0.00220	0.00606	0.00716	0.00881	0.01212
36	0.01491	0.06012	0.66482	0.01988	0.03008	0.01713	0.02537	0.04683	0.01570	0.02318	0.01284	0.01499	0.00914	0.00681	0.00671	0.00223	0.01033	0.00526	0.00316	0.01054
37	0.01327	0.00664	0.00664	0.00664	0.00830	0.00664	0.00498	0.01659	0.01493	0.02655	0.02323	0.02655	0.01825	0.00830	0.00498	0.00166	0.00332	0.00664	0.78928	0.00664
38	0.03195	0.01212	0.01652	0.01267	0.01818	0.01047	0.01047	0.03470	0.02038	0.71026	0.02809	0.02424	0.01763	0.00881	0.00716	0.00220	0.00606	0.00716	0.00881	0.01212
39	0.01345	0.01266	0.02136	0.73264	0.04904	0.01582	0.01978	0.01819	0.01424	0.01819	0.01266	0.01898	0.00949	0.00712	0.00712	0.00237	0.00949	0.00633	0.00316	0.00791
40	0.02568	0.17645	0.04647	0.01261	0.01804	0.01473	0.01114	0.02965	0.06185	0.43168	0.05963	0.02407	0.03923	0.00877	0.00668	0.00208	0.00633	0.00694	0.00711	0.01088
41	0.03061	0.01182	0.01610	0.01244	0.01772	0.01024	0.01024	0.03340	0.02037	0.66868	0.06918	0.02600	0.02065	0.00916	0.00724	0.00221	0.00589	0.00751	0.00875	0.01179
42	0.01008	0.00728	0.00952	0.00896	0.01064	0.00672	0.00672	0.01344	0.02016	0.02855	0.70158	0.05319	0.06719	0.01456	0.00840	0.00224	0.00336	0.01288	0.00784	0.00672
43	0.07254	0.01786	0.02531	0.03365	0.46270	0.09033	0.03918	0.02445	0.01701	0.12663	0.01516	0.01776	0.01176	0.00683	0.00687	0.00211	0.00848	0.00618	0.00440	0.01080
44	0.01460	0.08544	0.66707	0.01975	0.02997	0.01733	0.02535	0.02247	0.01500	0.02216	0.01258	0.01479	0.00903	0.00672	0.00662	0.00221	0.01033	0.00516	0.00301	0.01043
45	0.01008	0.00728	0.00952	0.00896	0.01064	0.00672	0.00672	0.01344	0.02016	0.02855	0.70158	0.05319	0.06719	0.01456	0.00840	0.00224	0.00336	0.01288	0.00784	0.00672
46	0.00894	0.00638	0.00846	0.00987	0.01043	0.00598	0.00671	0.01040	0.01419	0.01905	0.09591	0.64129	0.04797	0.04389	0.00989	0.00297	0.00423	0.04094	0.00664	0.00585
47	0.07204	0.44865	0.20662	0.01454	0.02154	0.04591	0.01563	0.06547	0.01589	0.02116	0.01115	0.01278	0.00921	0.00650	0.00535	0.00181	0.00839	0.00438	0.00342	0.00956
48	0.01076	0.00813	0.01172	0.04937	0.06017	0.00810	0.01046	0.01329	0.01508	0.01992	0.03553	0.36169	0.04011	0.01931	0.00919	0.00299	0.00578	0.30557	0.00621	0.00660
49	0.01030	0.00712	0.00886	0.00886	0.00923	0.00750	0.00567	0.01105	0.01068	0.01461	0.02144	0.04108	0.02349	0.54328	0.23944	0.00825	0.01051	0.00955	0.00417	0.00492
50	0.01585	0.12722	0.36800	0.02025	0.05219	0.06061	0.09761	0.02155	0.01493	0.02063	0.01276	0.01609	0.01008	0.01082	0.06618	0.00295	0.06379	0.00569	0.00321	0.00958
51	0.66205	0.01474	0.03552	0.01232	0.06181	0.01594	0.00948	0.04536	0.01359	0.03140	0.03637	0.01386	0.01039	0.00697	0.00492	0.00220	0.00588	0.00451	0.00453	0.00818
52	0.00868	0.00620	0.00826	0.00991	0.01033	0.00578	0.00661	0.00991	0.01363	0.01818	0.03925	0.74510	0.04710	0.02231	0.00909	0.00289	0.00413	0.02024	0.00661	0.00578
53	0.00868	0.00620	0.00826	0.00991	0.01033	0.00578	0.00661	0.00991	0.01363	0.01818	0.03925	0.74510	0.04710	0.02231	0.00909	0.00289	0.00413	0.02024	0.00661	0.00578
54	0.27908	0.07129	0.14341	0.04956	0.04405	0.01541	0.01333	0.04617	0.01604	0.20744	0.01618	0.01681	0.01139	0.00732	0.00591	0.00215	0.00702	0.00537	0.03233	0.00973
55	0.01769	0.01714	0.02761	0.07555	0.61690	0.03807	0.02096	0.02269	0.05109	0.02317	0.01409	0.01801	0.01167	0.00658	0.00704	0.00213	0.00850	0.00638	0.00370	0.01102
56	0.00981	0.00705	0.00915	0.00986	0.01087	0.00669	0.00691	0.03640	0.01642	0.02242	0.24495	0.50183	0.05204	0.01937	0.00880	0.00266	0.00403	0.01742	0.00701	0.00631
57	0.01820	0.01486	0.01805	0.03970	0.05539	0.01424	0.03230	0.13655	0.15780	0.05048	0.01737	0.01834	0.01336	0.00699	0.00631	0.00170	0.00634	0.00579	0.00540	0.38082
58	0.01452	0.10454	0.61139	0.01893	0.02857	0.01715	0.02394	0.02196	0.01524	0.02230	0.04800	0.01665	0.01203	0.00710	0.00664	0.00218	0.00987	0.00551	0.00326	0.01019
59	0.02252	0.04662	0.05996	0.02661	0.28548	0.01898	0.01703	0.29561	0.04686	0.08566	0.01644	0.01786	0.01228	0.00757	0.00699	0.00213	0.00799	0.00634	0.00551	0.01157
60	0.01494	0.09883	0.60367	0.02127	0.07847	0.01759	0.02474	0.02239	0.01507	0.02209	0.01257	0.01490	0.00919	0.00668	0.00659	0.00218	0.01012	0.00521	0.00305	0.01046
61	0.01584	0.01510	0.02568	0.33793	0.42505	0.01645	0.02097	0.02029	0.01537	0.02110	0.01308	0.01820	0.01052	0.00668	0.00708	0.00223	0.00890	0.00634	0.00337	0.00984
62	0.35706	0.05260	0.03983	0.01284	0.04118	0.01492	0.01053	0.06973	0.01708	0.29395	0.01764	0.01716	0.01208	0.00756	0.00583	0.00216	0.00626	0.00544	0.00614	0.01000
63	0.02536	0.01192	0.01531	0.01223	0.01674	0.01113	0.00991	0.10720	0.04223	0.43610	0.19824	0.03082	0.02970	0.01027	0.00747	0.00221	0.00557	0.00855	0.00831	0.01072
64	0.00870	0.00654	0.00807	0.00914	0.01016	0.00591	0.00630	0.01023	0.01475	0.01915	0.09257	0.52157	0.21971	0.02067	0.00887	0.00272	0.00394	0.01838	0.00669	0.00591
65	0.01649	0.01855	0.03961	0.08596	0.03747	0.01797	0.60183	0.02223	0.01638	0.02223	0.01408	0.01905	0.01064	0.00633	0.00886	0.00243	0.03878	0.00816	0.00355	0.00940
66	0.01345	0.01266	0.02136	0.73264	0.04904	0.01582	0.01978	0.01819	0.01424	0.01819	0.01266	0.01898	0.00949	0.00712	0.00712	0.00237	0.00949	0.00633	0.00316	0.00791
67	0.02744	0.01936	0.02101	0.01610	0.02179	0.02121	0.01330	0.63296	0.03249	0.09490	0.01792	0.01763	0.01252	0.00857	0.00713	0.00214	0.00770	0.00647	0.00725	0.01211
68	0.01147	0.00820	0.01147	0.01311	0.01475	0.00820	0.01147	0.01475	0.01639	0.02131	0.03770	0.08032	0.04098	0.01967	0.00984	0.00328	0.00656	0.65741	0.00656	0.00656
69	0.80005	0.01377	0.01047	0.00936	0.01377	0.01597	0.00771	0.02093	0.01212	0.03195	0.00991	0.01157	0.00771	0.00661	0.00441	0.00220	0.00551	0.00386	0.00441	0.00771
70	0.00868	0.00620	0.00826	0.00991	0.01033	0.00578	0.00661	0.00991	0.01363	0.01818	0.03925	0.74510	0.04710	0.02231	0.00909	0.00289	0.00413	0.02024	0.00661	0.00578
71	0.01762	0.01692	0.02890	0.04371	0.70533	0.01692	0.02185	0.02185	0.01621	0.02326	0.01339	0.01762	0.01128	0.00634	0.00705	0.00211	0.00846	0.00634	0.00352	0.01128
72	0.00867	0.00730	0.00757	0.00771	0.01005	0.00619	0.00592	0.01060	0.01624	0.01941	0.06926	0.06951	0.64723	0.01817	0.00853	0.00248	0.00385	0.06864	0.00661	0.00606
73	0.01428	0.03683	0.71286	0.02030	0.03082	0.01654	0.02631	0.02255	0.01503	0.02255	0.01278	0.01503	0.00902	0.00677	0.00677	0.00226	0.01052	0.00526	0.00301	0.01052
74	0.01681	0.01921	0.04202	0.03001	0.03721	0.01801	0.67947	0.02281	0.01681	0.02281	0.01441	0.01921	0.01080	0.00600	0.00840	0.00240	0.01200	0.00840	0.00360	0.00960
75	0.00866	0.00627	0.00819	0.00972	0.01028	0.00580	0.00652	0.00994	0.01382	0.01825	0.04163	0.69598	0.09468	0.02200	0.00904	0.00286	0.00409	0.01986	0.00661	0.00580
76	0.01828	0.01815	0.02827	0.04187	0.65572	0.06805	0.02127	0.02233	0.01650	0.02284	0.01322	0.01728	0.01113	0.00642	0.00700	0.00209	0.00878	0.00622	0.00354	0.01106
77	0.03024	0.01176	0.01585	0.01227	0.01756	0.01014	0.01010	0.03292	0.02008	0.66009	0.03129	0.02745	0.06735	0.00948	0.00725	0.00222	0.00588	0.00773	0.00865	0.01167
78	0.07133	0.03516	0.66186	0.01950	0.02958	0.01650	0.02496	0.02243	0.01482	0.02323	0.01257	0.01478	0.00893	0.00675	0.00659	0.00225	0.01016	0.00516	0.00311	0.01032
79	0.00942	0.00697	0.00888	0.01009	0.01092	0.00672	0.00691	0.01220	0.06347	0.01979	0.08651	0.62058	0.06933	0.02069	0.00888	0.00279	0.00417	0.01866	0.00674	0.00626
80	0.01737	0.02121	0.19552	0.02277	0.05423	0.03970	0.29431	0.02263	0.01649	0.10943	0.01904	0.11923	0.01623	0.00887	0.00782	0.00238	0.00969	0.00891	0.00454	0.00963
81	0.01687	0.01904	0.04106	0.03101	0.08572	0.01793	0.63173	0.02274	0.01676	0.02284	0.01433	0.01909	0.01084	0.00603	0.00831	0.00238	0.01175	0.00825	0.00360	0.00973
82	0.00901	0.00623	0.00814	0.00968	0.01018	0.00585	0.00649	0.01040	0.01373	0.01879	0.03808	0.69293	0.04500	0.02129	0.00879	0.00280	0.00407	0.01926	0.06344	0.00585
83	0.07914	0.31614	0.06192	0.01537	0.02040	0.36080	0.01335	0.02479	0.01708	0.01848	0.01058	0.01230	0.00904	0.00676	0.00556	0.00176	0.01013	0.00426	0.00344	0.00868
84	0.01602	0.24241	0.44392	0.02045	0.09947	0.01995	0.02174	0.02212	0.01500	0.02095	0.01201	0.01427	0.00930	0.00653	0.00616	0.00203	0.00946	0.00496	0.00307	0.01020

[dist]
# distance from previous block
# <min> <max>
0	14

# created by:
# /st0/software/busco_prod/Augustus/scripts/msa2prfl.pl ./align_prep/172939.fa
