[name]
unknown

[dist]
# distance from previous block
# <min> <max>
18	61

[block]
# block no. 0 follows, 28 sequences, length 50
# corresponding to MSA columns:
# 71-120
name=unknown_A
#
# <colnr> <probs for GDERKNQSTAVLIFYWHMCP>
#	G	D	E	R	K	N	Q	S	T	A	V	L	I	F	Y	W	H	M	C	P
0	0.07784	0.06212	0.16275	0.01610	0.06605	0.07599	0.01412	0.06396	0.04429	0.10577	0.11078	0.02727	0.07772	0.03121	0.00788	0.00231	0.00750	0.00760	0.00546	0.03329
1	0.07510	0.16906	0.09239	0.01713	0.06328	0.11921	0.01435	0.12380	0.01888	0.08130	0.03512	0.05763	0.01450	0.00896	0.00816	0.00217	0.07796	0.00647	0.00481	0.00970
2	0.09771	0.22644	0.08392	0.01357	0.01877	0.14771	0.01230	0.04332	0.03945	0.07908	0.07134	0.02248	0.07439	0.00869	0.00625	0.00198	0.00786	0.00640	0.00485	0.03349
3	0.10953	0.12701	0.06899	0.01735	0.04951	0.21959	0.04925	0.10702	0.07930	0.02562	0.04372	0.01713	0.01352	0.00769	0.00643	0.00202	0.00912	0.00572	0.00466	0.03682
4	0.08500	0.06503	0.04481	0.01509	0.03777	0.18209	0.03140	0.09348	0.04112	0.06332	0.07086	0.07432	0.10156	0.01061	0.00754	0.00221	0.02896	0.00831	0.02772	0.00879
5	0.11575	0.17738	0.02191	0.09318	0.07177	0.08200	0.01276	0.05481	0.11437	0.08995	0.02029	0.05015	0.04936	0.00877	0.00646	0.00214	0.00747	0.00681	0.00512	0.00954
6	0.22178	0.04020	0.04158	0.03817	0.10365	0.05355	0.03590	0.16251	0.09742	0.03077	0.04811	0.06249	0.01652	0.00887	0.00665	0.00227	0.00730	0.00707	0.00542	0.00978
7	0.15128	0.02029	0.02005	0.01600	0.02130	0.08867	0.03245	0.43053	0.08574	0.03891	0.01663	0.01702	0.01216	0.00831	0.00680	0.00220	0.00804	0.00615	0.00638	0.01110
8	0.18361	0.02097	0.04930	0.01481	0.01993	0.14197	0.01234	0.28504	0.06485	0.03390	0.01546	0.01639	0.01160	0.00788	0.00634	0.00208	0.00801	0.00561	0.04596	0.05393
9	0.01994	0.20171	0.28230	0.01878	0.06283	0.05024	0.01878	0.19212	0.04025	0.02754	0.01393	0.01541	0.01057	0.00730	0.00648	0.00207	0.00915	0.00544	0.00435	0.01079
10	0.02892	0.04730	0.01813	0.01328	0.01869	0.01329	0.01098	0.14616	0.02246	0.48463	0.04891	0.04687	0.01908	0.00934	0.00722	0.00219	0.00639	0.00755	0.00814	0.04047
11	0.00953	0.00682	0.00915	0.01051	0.01132	0.00644	0.00757	0.01144	0.01534	0.02061	0.13451	0.53384	0.05003	0.02119	0.00930	0.00292	0.00451	0.12189	0.00692	0.00617
12	0.09907	0.01287	0.01654	0.01280	0.01834	0.01169	0.01057	0.06213	0.02065	0.61681	0.02657	0.02329	0.01686	0.00879	0.00706	0.00225	0.00622	0.00698	0.00853	0.01198
13	0.01648	0.01865	0.10206	0.23274	0.35364	0.04557	0.02079	0.02207	0.05065	0.02216	0.01600	0.02000	0.03280	0.00734	0.00721	0.00226	0.00905	0.00664	0.00374	0.01015
14	0.63866	0.01371	0.01196	0.01025	0.01498	0.01515	0.00845	0.02426	0.01411	0.17095	0.01394	0.01447	0.00996	0.00721	0.00508	0.00225	0.00574	0.00463	0.00543	0.00880
15	0.00889	0.00649	0.00838	0.00978	0.01048	0.00597	0.00662	0.01031	0.01450	0.01914	0.07256	0.63732	0.11891	0.02195	0.00917	0.00287	0.00412	0.01976	0.00680	0.00597
16	0.02688	0.01928	0.02101	0.01626	0.02182	0.02123	0.01340	0.60797	0.03228	0.07444	0.01808	0.01842	0.01295	0.01134	0.04750	0.00272	0.00857	0.00665	0.00716	0.01203
17	0.02502	0.01722	0.01907	0.01536	0.02048	0.01882	0.01246	0.36038	0.22286	0.14725	0.02292	0.02187	0.01637	0.01073	0.03254	0.00261	0.00745	0.00721	0.00747	0.01190
18	0.01149	0.00879	0.01097	0.01179	0.01385	0.00874	0.00978	0.01631	0.09178	0.02238	0.07456	0.10921	0.19085	0.01847	0.00930	0.00297	0.00561	0.36921	0.00685	0.00707
19	0.00878	0.00663	0.00813	0.00933	0.01033	0.00597	0.00639	0.01021	0.01468	0.01887	0.04975	0.54657	0.23505	0.02151	0.00908	0.00281	0.00406	0.01913	0.00675	0.00597
20	0.08750	0.01974	0.12979	0.01532	0.02139	0.01731	0.01411	0.25940	0.12519	0.17275	0.02262	0.02179	0.04252	0.00890	0.00707	0.00228	0.00736	0.00692	0.00671	0.01134
21	0.02566	0.06086	0.02131	0.01602	0.02138	0.06992	0.01312	0.43216	0.15377	0.08176	0.01961	0.01911	0.01419	0.00873	0.00710	0.00218	0.00781	0.00663	0.00693	0.01175
22	0.00967	0.00731	0.00892	0.00872	0.01053	0.00656	0.00646	0.01244	0.01880	0.02542	0.45523	0.12175	0.24840	0.01661	0.00864	0.00240	0.00357	0.01447	0.00752	0.00656
23	0.00877	0.00742	0.00761	0.00771	0.01012	0.00626	0.00587	0.01069	0.01658	0.01976	0.07164	0.07064	0.65909	0.01850	0.00867	0.00251	0.00385	0.05139	0.00675	0.00617
24	0.01646	0.01550	0.02479	0.27431	0.35716	0.01718	0.01986	0.02309	0.10784	0.02265	0.01545	0.01965	0.01228	0.00745	0.00786	0.00233	0.03525	0.00671	0.00398	0.01020
25	0.06196	0.55099	0.18385	0.01410	0.02122	0.02545	0.01536	0.02202	0.01476	0.01928	0.01075	0.01248	0.00922	0.00640	0.00515	0.00176	0.00831	0.00422	0.00318	0.00956
26	0.01050	0.00702	0.00795	0.00801	0.00803	0.00700	0.00450	0.01055	0.01070	0.01427	0.02357	0.07458	0.02727	0.71638	0.03592	0.00689	0.00694	0.01096	0.00450	0.00446
27	0.01943	0.74891	0.03809	0.01244	0.01866	0.02876	0.01244	0.02177	0.01477	0.01710	0.01011	0.01166	0.00933	0.00622	0.00466	0.00155	0.00777	0.00389	0.00311	0.00933
28	0.04586	0.08318	0.02171	0.01544	0.02084	0.04690	0.01280	0.50431	0.02940	0.06925	0.01728	0.01828	0.01280	0.03244	0.00784	0.00226	0.00783	0.00635	0.03385	0.01138
29	0.01795	0.01643	0.02663	0.26841	0.33707	0.01776	0.06247	0.11909	0.01856	0.02529	0.01405	0.01848	0.01100	0.00706	0.00732	0.00227	0.00913	0.00662	0.00403	0.01038
30	0.03241	0.01269	0.01707	0.01309	0.01872	0.01116	0.01081	0.06108	0.02134	0.67781	0.02823	0.02445	0.01777	0.00899	0.00731	0.00225	0.00626	0.00728	0.00893	0.01237
31	0.04587	0.08914	0.20405	0.01882	0.02495	0.04007	0.17027	0.02185	0.01600	0.09879	0.01987	0.15695	0.01812	0.01016	0.00802	0.00240	0.03148	0.00912	0.00468	0.00936
32	0.05719	0.33086	0.06174	0.01587	0.02222	0.02025	0.12202	0.02636	0.01699	0.23538	0.01685	0.01727	0.01227	0.00713	0.00624	0.00199	0.00806	0.00581	0.00512	0.01037
33	0.01971	0.01474	0.01615	0.01424	0.01844	0.01646	0.01115	0.03689	0.55853	0.12464	0.06391	0.02819	0.02400	0.01000	0.00745	0.00243	0.00569	0.00835	0.00765	0.01139
34	0.01492	0.01018	0.01191	0.01133	0.01355	0.01027	0.00833	0.17034	0.01923	0.06409	0.03567	0.39378	0.09883	0.06351	0.01024	0.00290	0.00533	0.01491	0.03290	0.00777
35	0.01874	0.01750	0.02237	0.27890	0.14934	0.10247	0.03790	0.08767	0.11883	0.04519	0.01717	0.02157	0.01345	0.00812	0.00732	0.00232	0.00904	0.02763	0.00468	0.00979
36	0.02763	0.02036	0.02182	0.01672	0.02254	0.02254	0.01382	0.67496	0.03418	0.04581	0.01745	0.01745	0.01236	0.00873	0.00727	0.00218	0.00800	0.00654	0.00727	0.01236
37	0.01716	0.01961	0.04289	0.03064	0.03799	0.01838	0.67279	0.02328	0.01716	0.02328	0.01471	0.01961	0.01103	0.00613	0.00858	0.00245	0.01225	0.00858	0.00368	0.00980
38	0.02006	0.60092	0.03465	0.01376	0.01915	0.11069	0.01292	0.02228	0.01516	0.01722	0.01019	0.01219	0.00935	0.00692	0.00652	0.00173	0.06979	0.00419	0.00319	0.00910
39	0.01602	0.01731	0.04938	0.02482	0.08033	0.01835	0.28989	0.02096	0.05243	0.02142	0.01711	0.06465	0.03458	0.00994	0.01338	0.00269	0.24510	0.00853	0.00398	0.00910
40	0.00886	0.00633	0.00843	0.01012	0.01054	0.00590	0.00675	0.01012	0.01392	0.01856	0.04006	0.73979	0.04808	0.02277	0.00928	0.00295	0.00422	0.02066	0.00675	0.00590
41	0.02677	0.01959	0.02035	0.01595	0.02124	0.06138	0.01295	0.52172	0.05269	0.10002	0.01879	0.01985	0.01380	0.05003	0.00891	0.00245	0.00801	0.00678	0.00706	0.01165
42	0.14758	0.01596	0.01793	0.01442	0.01878	0.01737	0.05220	0.36501	0.02418	0.03520	0.01883	0.07915	0.01652	0.10960	0.01105	0.00292	0.00732	0.00794	0.02833	0.00971
43	0.02544	0.01734	0.01922	0.01521	0.02039	0.01874	0.01240	0.42677	0.12886	0.14022	0.07971	0.02318	0.01955	0.00947	0.00741	0.00224	0.00700	0.00748	0.00761	0.01176
44	0.00875	0.00673	0.00802	0.00904	0.01026	0.00600	0.00627	0.01024	0.01495	0.01898	0.05321	0.47758	0.30181	0.02107	0.00901	0.00276	0.00401	0.01858	0.00675	0.00600
45	0.01928	0.71690	0.03740	0.01273	0.01868	0.02848	0.01259	0.02158	0.01461	0.01712	0.01008	0.01185	0.00934	0.00650	0.00550	0.00163	0.03937	0.00399	0.00311	0.00927
46	0.01373	0.01292	0.02180	0.72707	0.05006	0.01615	0.02019	0.01857	0.01453	0.01857	0.01292	0.01938	0.00969	0.00727	0.00727	0.00242	0.00969	0.00646	0.00323	0.00807
47	0.00886	0.00633	0.00843	0.01012	0.01054	0.00590	0.00675	0.01012	0.01392	0.01856	0.04006	0.73979	0.04808	0.02277	0.00928	0.00295	0.00422	0.02066	0.00675	0.00590
48	0.01681	0.01428	0.01534	0.01388	0.01760	0.01626	0.01075	0.03458	0.57792	0.03020	0.13778	0.03154	0.02973	0.01067	0.00759	0.00244	0.00538	0.00902	0.00749	0.01075
49	0.30695	0.01480	0.02030	0.20156	0.02848	0.01628	0.11990	0.05215	0.04365	0.10861	0.01496	0.01749	0.01087	0.00727	0.00647	0.00233	0.00794	0.00605	0.00482	0.00913

[dist]
# distance from previous block
# <min> <max>
0	1

[block]
# block no. 1 follows, 28 sequences, length 59
# corresponding to MSA columns:
# 122-180
name=unknown_B
#
# <colnr> <probs for GDERKNQSTAVLIFYWHMCP>
#	G	D	E	R	K	N	Q	S	T	A	V	L	I	F	Y	W	H	M	C	P
0	0.01470	0.03674	0.67510	0.02119	0.03177	0.01695	0.05777	0.02303	0.01543	0.02303	0.01312	0.01555	0.00930	0.00687	0.00699	0.00231	0.01082	0.00552	0.00310	0.01070
1	0.00886	0.00633	0.00843	0.01012	0.01054	0.00590	0.00675	0.01012	0.01392	0.01856	0.04006	0.73979	0.04808	0.02277	0.00928	0.00295	0.00422	0.02066	0.00675	0.00590
2	0.01943	0.74891	0.03809	0.01244	0.01866	0.02876	0.01244	0.02177	0.01477	0.01710	0.01011	0.01166	0.00933	0.00622	0.00466	0.00155	0.00777	0.00389	0.00311	0.00933
3	0.01727	0.01849	0.03732	0.06908	0.26355	0.01790	0.41990	0.02272	0.01682	0.02321	0.01427	0.01905	0.01113	0.00630	0.00804	0.00235	0.01090	0.00776	0.00363	0.01030
4	0.00886	0.00633	0.00843	0.01012	0.01054	0.00590	0.00675	0.01012	0.01392	0.01856	0.04006	0.73979	0.04808	0.02277	0.00928	0.00295	0.00422	0.02066	0.00675	0.00590
5	0.00886	0.00633	0.00843	0.01012	0.01054	0.00590	0.00675	0.01012	0.01392	0.01856	0.04006	0.73979	0.04808	0.02277	0.00928	0.00295	0.00422	0.02066	0.00675	0.00590
6	0.01548	0.07043	0.64950	0.02004	0.03037	0.01722	0.02557	0.02342	0.01552	0.04804	0.01349	0.01552	0.00954	0.00695	0.00681	0.00226	0.01043	0.00537	0.00329	0.01074
7	0.02077	0.62556	0.03507	0.01352	0.01932	0.14733	0.01272	0.02302	0.01578	0.01722	0.01030	0.01191	0.00933	0.00644	0.00499	0.00161	0.00869	0.00402	0.00322	0.00917
8	0.03261	0.01237	0.01687	0.01293	0.01856	0.01068	0.01068	0.03543	0.02081	0.70423	0.02868	0.02474	0.01799	0.00900	0.00731	0.00225	0.00619	0.00731	0.00900	0.01237
9	0.01507	0.01292	0.01507	0.01077	0.01723	0.00969	0.00861	0.01830	0.01507	0.02369	0.01292	0.01507	0.01077	0.00538	0.00538	0.00108	0.00538	0.00431	0.00431	0.78898
10	0.01287	0.00927	0.01119	0.01137	0.01288	0.00942	0.00815	0.14226	0.01775	0.02368	0.03388	0.50099	0.03865	0.08841	0.01155	0.00321	0.00535	0.04541	0.00663	0.00708
11	0.01507	0.01292	0.01507	0.01077	0.01723	0.00969	0.00861	0.01830	0.01507	0.02369	0.01292	0.01507	0.01077	0.00538	0.00538	0.00108	0.00538	0.00431	0.00431	0.78898
12	0.01049	0.00701	0.00795	0.00803	0.00805	0.00699	0.00451	0.01055	0.01073	0.01430	0.02371	0.08003	0.02744	0.71070	0.03570	0.00686	0.00691	0.01104	0.00451	0.00447
13	0.00874	0.00741	0.00757	0.00765	0.01007	0.00624	0.00582	0.01065	0.01658	0.01974	0.07197	0.07053	0.66518	0.01849	0.00866	0.00250	0.00382	0.04548	0.00675	0.00616
14	0.01140	0.00816	0.01127	0.01245	0.01414	0.00803	0.01064	0.01476	0.01758	0.02338	0.18311	0.07590	0.04772	0.01893	0.00972	0.00311	0.00597	0.51000	0.00698	0.00673
15	0.01716	0.01961	0.04289	0.03064	0.03799	0.01838	0.67279	0.02328	0.01716	0.02328	0.01471	0.01961	0.01103	0.00613	0.00858	0.00245	0.01225	0.00858	0.00368	0.00980
16	0.01564	0.01551	0.02176	0.01873	0.01879	0.02163	0.01558	0.01728	0.01116	0.01746	0.01002	0.01651	0.00996	0.01472	0.05697	0.00359	0.69717	0.00643	0.00321	0.00788
17	0.03261	0.01237	0.01687	0.01293	0.01856	0.01068	0.01068	0.03543	0.02081	0.70423	0.02868	0.02474	0.01799	0.00900	0.00731	0.00225	0.00619	0.00731	0.00900	0.01237
18	0.03007	0.01417	0.01773	0.01376	0.01923	0.01359	0.01131	0.17839	0.05704	0.50161	0.04716	0.02415	0.01853	0.00916	0.00735	0.00225	0.00648	0.00737	0.00850	0.01215
19	0.01600	0.01524	0.02591	0.36284	0.39651	0.01675	0.02132	0.02057	0.01561	0.02133	0.01332	0.01864	0.01066	0.00685	0.00723	0.00228	0.00913	0.00647	0.00343	0.00991
20	0.00873	0.00729	0.00745	0.00754	0.00973	0.00618	0.00551	0.01043	0.01606	0.01923	0.06874	0.10201	0.62136	0.06469	0.01043	0.00277	0.00392	0.01530	0.00660	0.00601
21	0.02675	0.01992	0.02132	0.01655	0.02221	0.02213	0.01360	0.61631	0.09426	0.04439	0.01857	0.01834	0.01327	0.00883	0.00728	0.00221	0.00779	0.00670	0.00728	0.01228
22	0.33987	0.01905	0.01628	0.01357	0.01837	0.13285	0.01095	0.22578	0.02147	0.09363	0.03507	0.01621	0.01225	0.00793	0.00607	0.00217	0.00758	0.00544	0.00574	0.00972
23	0.01029	0.00743	0.00972	0.00914	0.01086	0.00686	0.00686	0.01372	0.02058	0.02915	0.69536	0.05430	0.06859	0.01486	0.00857	0.00229	0.00343	0.01315	0.00800	0.00686
24	0.01485	0.01406	0.02382	0.54790	0.22048	0.01644	0.02074	0.01955	0.01506	0.01993	0.01312	0.01902	0.01017	0.00706	0.00725	0.00235	0.00941	0.00646	0.00333	0.00898
25	0.01763	0.01746	0.03143	0.07630	0.55257	0.01741	0.13454	0.02229	0.01656	0.02341	0.01381	0.01834	0.01134	0.00646	0.00744	0.00222	0.00931	0.00684	0.00359	0.01105
26	0.01373	0.01292	0.02180	0.72707	0.05006	0.01615	0.02019	0.01857	0.01453	0.01857	0.01292	0.01938	0.00969	0.00727	0.00727	0.00242	0.00969	0.00646	0.00323	0.00807
27	0.01010	0.00742	0.00945	0.00895	0.01074	0.00678	0.00671	0.01335	0.02013	0.02808	0.62563	0.05605	0.13898	0.01526	0.00858	0.00231	0.00346	0.01339	0.00786	0.00678
28	0.02279	0.01662	0.01881	0.01646	0.05523	0.01805	0.01243	0.41045	0.10264	0.07049	0.02293	0.13362	0.01979	0.03451	0.00855	0.00249	0.00706	0.00912	0.00700	0.01095
29	0.02789	0.01994	0.02155	0.01653	0.02233	0.02192	0.01365	0.64125	0.03347	0.08051	0.01804	0.01784	0.01266	0.00874	0.00727	0.00219	0.00790	0.00658	0.00736	0.01236
30	0.00909	0.00649	0.00870	0.01039	0.01091	0.00611	0.00715	0.01053	0.01415	0.01882	0.03994	0.68602	0.04757	0.02255	0.00934	0.00298	0.00442	0.07213	0.00674	0.00597
31	0.02715	0.03464	0.02060	0.01873	0.02247	0.71536	0.01404	0.02903	0.02060	0.01779	0.01124	0.01311	0.00936	0.00749	0.00655	0.00187	0.01311	0.00468	0.00375	0.00843
32	0.02150	0.01531	0.01703	0.01425	0.01825	0.01652	0.01120	0.40005	0.06133	0.06802	0.02505	0.21702	0.02352	0.04449	0.00912	0.00262	0.00672	0.01070	0.00709	0.01021
33	0.00954	0.00692	0.00900	0.00950	0.01066	0.00638	0.00674	0.01189	0.01730	0.02377	0.36094	0.37133	0.09156	0.01869	0.00890	0.00260	0.00381	0.01673	0.00736	0.00638
34	0.00886	0.00633	0.00843	0.01012	0.01054	0.00590	0.00675	0.01012	0.01392	0.01856	0.04006	0.73979	0.04808	0.02277	0.00928	0.00295	0.00422	0.02066	0.00675	0.00590
35	0.01756	0.01684	0.02873	0.11289	0.63425	0.01716	0.02210	0.02193	0.01635	0.02323	0.01360	0.01813	0.01133	0.00656	0.00720	0.00219	0.00874	0.00648	0.00356	0.01117
36	0.02712	0.02076	0.02148	0.01672	0.02235	0.05368	0.01371	0.61283	0.06725	0.04375	0.01780	0.01775	0.01273	0.00873	0.00725	0.00218	0.00811	0.00655	0.00712	0.01214
37	0.00917	0.00742	0.00817	0.00809	0.01032	0.00642	0.00614	0.01149	0.01763	0.02222	0.23491	0.06638	0.50356	0.01755	0.00865	0.00245	0.00375	0.04225	0.00708	0.00635
38	0.01716	0.01961	0.04289	0.03064	0.03799	0.01838	0.67279	0.02328	0.01716	0.02328	0.01471	0.01961	0.01103	0.00613	0.00858	0.00245	0.01225	0.00858	0.00368	0.00980
39	0.06089	0.01387	0.02254	0.53199	0.07153	0.01709	0.05024	0.01899	0.01419	0.01972	0.01244	0.01844	0.00971	0.00784	0.00926	0.00250	0.10075	0.00640	0.00334	0.00828
40	0.01373	0.01292	0.02180	0.72707	0.05006	0.01615	0.02019	0.01857	0.01453	0.01857	0.01292	0.01938	0.00969	0.00727	0.00727	0.00242	0.00969	0.00646	0.00323	0.00807
41	0.00912	0.00702	0.00827	0.00871	0.01024	0.00625	0.00621	0.01107	0.01640	0.02125	0.20037	0.29276	0.31628	0.04015	0.00964	0.00272	0.00390	0.01651	0.00696	0.00617
42	0.01943	0.74891	0.03809	0.01244	0.01866	0.02876	0.01244	0.02177	0.01477	0.01710	0.01011	0.01166	0.00933	0.00622	0.00466	0.00155	0.00777	0.00389	0.00311	0.00933
43	0.02628	0.03287	0.02001	0.01812	0.02187	0.65883	0.01363	0.04919	0.02085	0.01879	0.01443	0.01597	0.04234	0.00805	0.00668	0.00191	0.01249	0.00525	0.00400	0.00845
44	0.00876	0.00742	0.00759	0.00768	0.01009	0.00625	0.00585	0.01068	0.01658	0.01975	0.07179	0.07059	0.66176	0.01850	0.00867	0.00250	0.00384	0.04880	0.00675	0.00617
45	0.01943	0.74891	0.03809	0.01244	0.01866	0.02876	0.01244	0.02177	0.01477	0.01710	0.01011	0.01166	0.00933	0.00622	0.00466	0.00155	0.00777	0.00389	0.00311	0.00933
46	0.03590	0.01373	0.02192	0.48534	0.03973	0.01747	0.03985	0.01829	0.01369	0.01884	0.01283	0.03898	0.01075	0.00903	0.01147	0.00262	0.19129	0.00684	0.00337	0.00803
47	0.01309	0.00935	0.01219	0.01329	0.03302	0.00943	0.01046	0.01834	0.10875	0.05789	0.06683	0.18584	0.07713	0.01789	0.00917	0.00297	0.00583	0.33402	0.00690	0.00761
48	0.00906	0.00657	0.00861	0.01015	0.01084	0.00612	0.00704	0.01054	0.01436	0.01890	0.04270	0.63281	0.10083	0.02220	0.00928	0.00294	0.00437	0.06996	0.00674	0.00599
49	0.02643	0.01976	0.02114	0.01648	0.02208	0.02198	0.01353	0.59499	0.11610	0.04388	0.01898	0.01867	0.01360	0.00887	0.00729	0.00222	0.00772	0.00675	0.00729	0.01225
50	0.02001	0.01028	0.01327	0.01182	0.01521	0.00960	0.00948	0.04750	0.05147	0.28979	0.13592	0.10809	0.08635	0.03623	0.00916	0.00268	0.00555	0.12062	0.00779	0.00919
51	0.58915	0.01748	0.01290	0.01136	0.01588	0.13644	0.00911	0.02322	0.01433	0.06211	0.01134	0.01281	0.00876	0.00692	0.00503	0.00213	0.00693	0.00425	0.00458	0.04527
52	0.01446	0.01226	0.01254	0.01214	0.01444	0.07050	0.00897	0.10132	0.12949	0.02512	0.10432	0.34237	0.09019	0.01637	0.00835	0.00257	0.00558	0.01423	0.00680	0.00799
53	0.01575	0.01337	0.01530	0.03246	0.01763	0.06717	0.05133	0.05586	0.10861	0.06340	0.06767	0.16130	0.14028	0.01256	0.00765	0.00222	0.00618	0.01084	0.00611	0.14431
54	0.01744	0.01598	0.02434	0.02012	0.04742	0.01844	0.13376	0.05514	0.04638	0.05605	0.01433	0.03970	0.01239	0.01009	0.01509	0.00259	0.34660	0.00708	0.00425	0.11281
55	0.09108	0.15233	0.33463	0.01890	0.05807	0.05082	0.07002	0.02214	0.01571	0.02313	0.05375	0.01708	0.01304	0.00713	0.00645	0.00210	0.00918	0.00567	0.00367	0.04508
56	0.04321	0.01907	0.05057	0.06200	0.36295	0.08436	0.04002	0.02477	0.11739	0.02354	0.01527	0.01850	0.01242	0.00780	0.00889	0.00232	0.08581	0.00650	0.00414	0.01049
57	0.01970	0.05875	0.05410	0.05430	0.05669	0.03761	0.08415	0.09994	0.18762	0.11175	0.02390	0.05816	0.04265	0.00948	0.00738	0.00228	0.00754	0.02655	0.00598	0.05147
58	0.10712	0.01676	0.01838	0.01565	0.03788	0.07093	0.03196	0.16754	0.13138	0.18093	0.05718	0.02308	0.03614	0.00941	0.00832	0.00232	0.06067	0.00720	0.00661	0.01054

[dist]
# distance from previous block
# <min> <max>
0	69

# created by:
# /st0/software/busco_prod/Augustus/scripts/msa2prfl.pl ./align_prep/173526.fa
