[name]
unknown

[dist]
# distance from previous block
# <min> <max>
5	26

[block]
# block no. 0 follows, 30 sequences, length 23
# corresponding to MSA columns:
# 28-50
name=unknown_A
#
# <colnr> <probs for GDERKNQSTAVLIFYWHMCP>
#	G	D	E	R	K	N	Q	S	T	A	V	L	I	F	Y	W	H	M	C	P
0	0.48862	0.13543	0.01686	0.01120	0.01602	0.01884	0.00954	0.15193	0.04790	0.03128	0.01195	0.01305	0.00926	0.00690	0.00499	0.00205	0.00618	0.00445	0.00475	0.00879
1	0.07270	0.01450	0.04771	0.04641	0.01847	0.01435	0.01106	0.26692	0.05595	0.05333	0.10641	0.15895	0.02499	0.01119	0.00717	0.00221	0.00615	0.00933	0.00628	0.06592
2	0.09404	0.01204	0.01450	0.01213	0.01577	0.01236	0.05625	0.13528	0.10830	0.07140	0.21840	0.03734	0.16059	0.01156	0.00741	0.00224	0.00536	0.00978	0.00669	0.00857
3	0.01929	0.01414	0.01729	0.15721	0.02380	0.01503	0.01229	0.24832	0.08101	0.09363	0.06840	0.05857	0.04384	0.00923	0.00699	0.00209	0.00670	0.00762	0.00602	0.10852
4	0.01565	0.01559	0.04836	0.25122	0.42134	0.01557	0.01973	0.01999	0.01513	0.02125	0.01282	0.01733	0.01038	0.00637	0.00676	0.00206	0.00838	0.00598	0.00339	0.08271
5	0.01377	0.01178	0.01929	0.62197	0.04235	0.01421	0.01743	0.01784	0.01425	0.05530	0.01731	0.02239	0.05907	0.00842	0.00778	0.03008	0.00860	0.00684	0.00363	0.00768
6	0.02084	0.01642	0.01850	0.08118	0.02228	0.01753	0.01230	0.35040	0.15962	0.03399	0.01772	0.01828	0.01317	0.00777	0.00661	0.00194	0.00685	0.00613	0.00603	0.18245
7	0.01328	0.01115	0.01217	0.01285	0.04789	0.07523	0.00883	0.10604	0.01786	0.02335	0.14666	0.42428	0.03962	0.01656	0.00818	0.00249	0.00542	0.01463	0.00634	0.00717
8	0.01318	0.01240	0.02093	0.73798	0.04806	0.01550	0.01938	0.01783	0.01395	0.01783	0.01240	0.01860	0.00930	0.00698	0.00698	0.00233	0.00930	0.00620	0.00310	0.00775
9	0.01551	0.01469	0.02491	0.30385	0.43553	0.01586	0.02027	0.01981	0.01517	0.02085	0.01373	0.02003	0.01146	0.00698	0.00703	0.00221	0.00860	0.03043	0.00343	0.00964
10	0.01701	0.01659	0.02575	0.15910	0.51460	0.05197	0.01995	0.02221	0.06316	0.02210	0.01395	0.01787	0.01136	0.00662	0.00690	0.00212	0.00849	0.00624	0.00365	0.01034
11	0.01685	0.00949	0.01226	0.01056	0.01343	0.00909	0.00830	0.03830	0.04560	0.22247	0.40117	0.04129	0.08331	0.01243	0.00848	0.00224	0.03820	0.01050	0.00763	0.00841
12	0.18525	0.01602	0.01501	0.01264	0.01683	0.11769	0.01006	0.15500	0.04064	0.19249	0.08861	0.05609	0.04577	0.00946	0.00660	0.00214	0.00669	0.00730	0.00636	0.00936
13	0.01590	0.01232	0.01545	0.16057	0.02218	0.01360	0.01173	0.22860	0.06165	0.02755	0.06714	0.25567	0.02725	0.01323	0.00778	0.00244	0.00640	0.03601	0.00606	0.00847
14	0.01508	0.01434	0.02436	0.41551	0.35570	0.01600	0.02032	0.01949	0.01485	0.02013	0.01274	0.01799	0.01011	0.00662	0.00695	0.00221	0.00883	0.00621	0.00326	0.00928
15	0.02565	0.03031	0.01945	0.01728	0.02108	0.59959	0.01313	0.12138	0.02144	0.02124	0.01208	0.01368	0.00973	0.00739	0.00634	0.00183	0.01154	0.00482	0.03347	0.00857
16	0.00997	0.00748	0.01121	0.01121	0.01246	0.00872	0.00872	0.01246	0.01121	0.01620	0.01869	0.02741	0.01745	0.05234	0.72710	0.01121	0.01869	0.00748	0.00374	0.00623
17	0.02055	0.57317	0.03227	0.01349	0.01885	0.20659	0.01234	0.02268	0.01561	0.01659	0.00998	0.01155	0.00896	0.00628	0.00494	0.00157	0.00877	0.00393	0.00314	0.00873
18	0.01400	0.03610	0.71860	0.01989	0.03020	0.01621	0.02578	0.02210	0.01473	0.02210	0.01252	0.01473	0.00884	0.00663	0.00663	0.00221	0.01031	0.00516	0.00295	0.01031
19	0.12157	0.11815	0.02091	0.01697	0.04288	0.53026	0.01282	0.02589	0.01799	0.01896	0.01060	0.01242	0.00887	0.00692	0.00585	0.00181	0.01093	0.00437	0.00361	0.00823
20	0.01371	0.00814	0.01205	0.01163	0.01352	0.00744	0.05443	0.01555	0.01492	0.16052	0.03454	0.55127	0.03779	0.01806	0.00847	0.00266	0.00497	0.01642	0.00671	0.00719
21	0.01097	0.00794	0.01086	0.01232	0.01400	0.00784	0.01070	0.01405	0.01605	0.02070	0.04004	0.07765	0.10147	0.01913	0.00951	0.00313	0.00616	0.60466	0.00643	0.00638
22	0.01918	0.70784	0.03538	0.01237	0.01817	0.07686	0.01205	0.02139	0.01457	0.01646	0.00978	0.01129	0.00896	0.00606	0.00461	0.00151	0.00782	0.00379	0.00303	0.00889

[dist]
# distance from previous block
# <min> <max>
8	15

[block]
# block no. 1 follows, 30 sequences, length 62
# corresponding to MSA columns:
# 67-128
name=unknown_B
#
# <colnr> <probs for GDERKNQSTAVLIFYWHMCP>
#	G	D	E	R	K	N	Q	S	T	A	V	L	I	F	Y	W	H	M	C	P
0	0.01550	0.01477	0.02512	0.34391	0.42400	0.01611	0.02053	0.01986	0.01505	0.02065	0.01281	0.01785	0.01030	0.00655	0.00694	0.00218	0.00873	0.00621	0.00330	0.00962
1	0.09718	0.02090	0.01545	0.01380	0.01706	0.31380	0.01045	0.12111	0.04574	0.02268	0.02078	0.02463	0.09027	0.10380	0.05031	0.00310	0.00948	0.00683	0.00472	0.00789
2	0.01424	0.01349	0.02286	0.55684	0.22087	0.01578	0.01991	0.01876	0.01446	0.01912	0.01259	0.01826	0.00976	0.00678	0.00696	0.00226	0.00904	0.00621	0.00319	0.00861
3	0.01821	0.01541	0.01626	0.01437	0.01847	0.01776	0.01125	0.09764	0.63667	0.03057	0.02732	0.02517	0.02042	0.00937	0.00709	0.00234	0.00572	0.00774	0.00709	0.01112
4	0.01718	0.01569	0.02574	0.11301	0.48315	0.01599	0.04787	0.02283	0.08080	0.04846	0.01504	0.01842	0.01201	0.00663	0.00691	0.00209	0.00805	0.00639	0.00399	0.04977
5	0.01543	0.02688	0.37552	0.02796	0.19905	0.01667	0.19384	0.02200	0.01546	0.02234	0.01308	0.01640	0.00983	0.00634	0.00711	0.00221	0.01019	0.00621	0.00322	0.01026
6	0.01841	0.60726	0.11299	0.01393	0.02044	0.02514	0.05505	0.02155	0.01457	0.04046	0.01088	0.01248	0.00932	0.00613	0.00504	0.00165	0.00800	0.00428	0.00320	0.00923
7	0.00849	0.00611	0.00806	0.00963	0.01010	0.00568	0.00644	0.00973	0.01345	0.01785	0.03955	0.72704	0.06861	0.02172	0.00888	0.00282	0.00403	0.01966	0.00648	0.00568
8	0.01415	0.03504	0.67724	0.02047	0.03059	0.01629	0.06608	0.02211	0.01484	0.02211	0.01262	0.01498	0.00895	0.00658	0.00673	0.00222	0.01040	0.00534	0.00298	0.01026
9	0.01727	0.01658	0.02832	0.04283	0.71123	0.01658	0.02142	0.02142	0.01589	0.02280	0.01313	0.01727	0.01105	0.00622	0.00691	0.00207	0.00829	0.00622	0.00345	0.01105
10	0.01400	0.03610	0.71860	0.01989	0.03020	0.01621	0.02578	0.02210	0.01473	0.02210	0.01252	0.01473	0.00884	0.00663	0.00663	0.00221	0.01031	0.00516	0.00295	0.01031
11	0.01821	0.01480	0.01580	0.01409	0.01813	0.01692	0.01100	0.03689	0.65718	0.07113	0.02835	0.02590	0.02106	0.00942	0.00710	0.00235	0.00555	0.00784	0.00719	0.01110
12	0.01469	0.03474	0.64123	0.05550	0.03056	0.05955	0.02471	0.02224	0.01500	0.02158	0.01241	0.01479	0.00887	0.00668	0.00663	0.00219	0.01040	0.00517	0.00299	0.01005
13	0.01619	0.01413	0.01588	0.01605	0.08390	0.01582	0.01131	0.03212	0.54564	0.02726	0.03232	0.03044	0.10799	0.01020	0.00723	0.00234	0.00554	0.00860	0.00667	0.01039
14	0.01400	0.03610	0.71860	0.01989	0.03020	0.01621	0.02578	0.02210	0.01473	0.02210	0.01252	0.01473	0.00884	0.00663	0.00663	0.00221	0.01031	0.00516	0.00295	0.01031
15	0.03078	0.01273	0.01672	0.01282	0.01824	0.01152	0.01059	0.10647	0.02140	0.64159	0.02634	0.02298	0.01667	0.00861	0.00701	0.00215	0.00613	0.00694	0.00845	0.01187
16	0.01068	0.00763	0.01059	0.01220	0.01356	0.00754	0.01026	0.01348	0.01550	0.02025	0.03726	0.21787	0.04140	0.01981	0.00949	0.00313	0.00593	0.53071	0.00644	0.00627
17	0.00835	0.00710	0.00721	0.00726	0.00960	0.00596	0.00550	0.01016	0.01591	0.01892	0.06955	0.06755	0.68584	0.01773	0.00829	0.00239	0.00363	0.03665	0.00648	0.00591
18	0.03131	0.01188	0.01619	0.01242	0.01781	0.01026	0.01026	0.03401	0.01997	0.71606	0.02753	0.02375	0.01727	0.00864	0.00702	0.00216	0.00594	0.00702	0.00864	0.01188
19	0.00886	0.00644	0.00796	0.00902	0.00974	0.00599	0.00607	0.01003	0.01334	0.01736	0.04100	0.48307	0.15508	0.14983	0.01350	0.00346	0.00453	0.04314	0.00608	0.00548
20	0.02653	0.01955	0.02094	0.01606	0.02164	0.02164	0.01326	0.68796	0.03281	0.04398	0.01675	0.01675	0.01187	0.00838	0.00698	0.00209	0.00768	0.00628	0.00698	0.01187
21	0.00883	0.00633	0.00839	0.00949	0.01019	0.00589	0.00650	0.01055	0.01490	0.02026	0.19963	0.58205	0.05090	0.02003	0.00874	0.00268	0.00387	0.01810	0.00677	0.00589
22	0.80405	0.01350	0.01026	0.00918	0.01350	0.01565	0.00756	0.02051	0.01188	0.03131	0.00972	0.01134	0.00756	0.00648	0.00432	0.00216	0.00540	0.00378	0.00432	0.00756
23	0.01015	0.00677	0.00761	0.00761	0.00761	0.00677	0.00423	0.01015	0.01015	0.01353	0.02199	0.04567	0.02537	0.75476	0.03552	0.00677	0.00677	0.01015	0.00423	0.00423
24	0.01447	0.01240	0.01447	0.01034	0.01654	0.00930	0.00827	0.01757	0.01447	0.02274	0.01240	0.01447	0.01034	0.00517	0.00517	0.00103	0.00517	0.00413	0.00413	0.79742
25	0.00825	0.00707	0.00707	0.00707	0.00943	0.00589	0.00530	0.01001	0.01591	0.01885	0.07069	0.06716	0.70839	0.01767	0.00825	0.00236	0.00353	0.01473	0.00648	0.00589
26	0.01866	0.75896	0.03657	0.01194	0.01791	0.02761	0.01194	0.02090	0.01418	0.01642	0.00970	0.01119	0.00896	0.00597	0.00448	0.00149	0.00746	0.00373	0.00299	0.00896
27	0.02524	0.14733	0.17658	0.01400	0.02060	0.01461	0.01402	0.02907	0.01779	0.43931	0.02108	0.01955	0.01394	0.00772	0.00649	0.00205	0.00718	0.00603	0.00638	0.01102
28	0.00850	0.00607	0.00810	0.00972	0.01012	0.00567	0.00648	0.00972	0.01336	0.01781	0.03846	0.75020	0.04615	0.02186	0.00891	0.00283	0.00405	0.01984	0.00648	0.00567
29	0.00849	0.00612	0.00805	0.00959	0.01009	0.00568	0.00642	0.00973	0.01349	0.01787	0.04006	0.71633	0.07899	0.02165	0.00887	0.00281	0.00402	0.01958	0.00648	0.00568
30	0.01451	0.11151	0.61867	0.01867	0.02836	0.01714	0.02363	0.02179	0.01466	0.02152	0.01222	0.01435	0.00891	0.00650	0.00634	0.00209	0.00981	0.00497	0.00300	0.04135
31	0.01554	0.14093	0.54235	0.01908	0.02819	0.06133	0.05584	0.02229	0.01505	0.02097	0.01208	0.01429	0.00895	0.00653	0.00637	0.00209	0.01011	0.00506	0.00302	0.00993
32	0.01400	0.03610	0.71860	0.01989	0.03020	0.01621	0.02578	0.02210	0.01473	0.02210	0.01252	0.01473	0.00884	0.00663	0.00663	0.00221	0.01031	0.00516	0.00295	0.01031
33	0.00934	0.00817	0.00977	0.07060	0.06081	0.00745	0.00763	0.01158	0.01590	0.01940	0.08746	0.05908	0.57642	0.01586	0.00805	0.00233	0.00433	0.01335	0.00604	0.00643
34	0.05045	0.01542	0.02536	0.30787	0.29841	0.03870	0.09372	0.02079	0.01532	0.04847	0.01330	0.01781	0.01035	0.00661	0.00696	0.00220	0.00899	0.00631	0.00357	0.00937
35	0.03131	0.01188	0.01619	0.01242	0.01781	0.01026	0.01026	0.03401	0.01997	0.71606	0.02753	0.02375	0.01727	0.00864	0.00702	0.00216	0.00594	0.00702	0.00864	0.01188
36	0.74554	0.01356	0.01130	0.03921	0.03897	0.01568	0.00850	0.02044	0.01210	0.03048	0.00994	0.01183	0.00775	0.00649	0.00451	0.00216	0.00565	0.00396	0.00424	0.00769
37	0.00988	0.00713	0.00933	0.00878	0.01043	0.00658	0.00658	0.01317	0.01975	0.02798	0.70754	0.05213	0.06584	0.01427	0.00823	0.00219	0.00329	0.01262	0.00768	0.00658
38	0.00988	0.00713	0.00933	0.00878	0.01043	0.00658	0.00658	0.01317	0.01975	0.02798	0.70754	0.05213	0.06584	0.01427	0.00823	0.00219	0.00329	0.01262	0.00768	0.00658
39	0.09289	0.01615	0.03971	0.30420	0.05687	0.01797	0.01566	0.26548	0.07227	0.02984	0.01498	0.01764	0.01103	0.00759	0.00673	0.00222	0.00805	0.00610	0.00495	0.00969
40	0.01489	0.11044	0.48662	0.02103	0.05438	0.01738	0.12947	0.02169	0.01516	0.02174	0.03538	0.01633	0.01109	0.00667	0.00672	0.00215	0.00993	0.00578	0.00322	0.00992
41	0.00849	0.00612	0.00805	0.00959	0.01009	0.00568	0.00642	0.00973	0.01349	0.01787	0.04006	0.71633	0.07899	0.02165	0.00887	0.00281	0.00402	0.01958	0.00648	0.00568
42	0.60244	0.17377	0.01629	0.01015	0.01479	0.04896	0.00875	0.02091	0.01271	0.02751	0.00976	0.01136	0.00792	0.00640	0.00444	0.00200	0.00615	0.00380	0.00400	0.00788
43	0.80405	0.01350	0.01026	0.00918	0.01350	0.01565	0.00756	0.02051	0.01188	0.03131	0.00972	0.01134	0.00756	0.00648	0.00432	0.00216	0.00540	0.00378	0.00432	0.00756
44	0.01727	0.01658	0.02832	0.04283	0.71123	0.01658	0.02142	0.02142	0.01589	0.02280	0.01313	0.01727	0.01105	0.00622	0.00691	0.00207	0.00829	0.00622	0.00345	0.01105
45	0.01408	0.03550	0.69507	0.02022	0.03042	0.01626	0.04871	0.02211	0.01479	0.02211	0.01258	0.01488	0.00890	0.00660	0.00669	0.00221	0.01036	0.00526	0.00297	0.01028
46	0.01647	0.01882	0.04118	0.02941	0.03647	0.01765	0.68588	0.02235	0.01647	0.02235	0.01412	0.01882	0.01059	0.00588	0.00824	0.00235	0.01176	0.00824	0.00353	0.00941
47	0.02607	0.03326	0.01978	0.01798	0.02157	0.72674	0.01348	0.02787	0.01978	0.01708	0.01079	0.01258	0.00899	0.00719	0.00629	0.00180	0.01258	0.00449	0.00360	0.00809
48	0.01898	0.72757	0.03584	0.01220	0.01807	0.05784	0.01201	0.02120	0.01442	0.01645	0.00975	0.01125	0.00896	0.00602	0.00456	0.00151	0.00768	0.00376	0.00301	0.00892
49	0.00997	0.00748	0.01121	0.01121	0.01246	0.00872	0.00872	0.01246	0.01121	0.01620	0.01869	0.02741	0.01745	0.05234	0.72710	0.01121	0.01869	0.00748	0.00374	0.00623
50	0.00826	0.00702	0.00712	0.00720	0.00946	0.00588	0.00536	0.01000	0.01578	0.01880	0.06909	0.10114	0.67545	0.01788	0.00828	0.00238	0.00356	0.01498	0.00648	0.00588
51	0.00988	0.00713	0.00933	0.00878	0.01043	0.00658	0.00658	0.01317	0.01975	0.02798	0.70754	0.05213	0.06584	0.01427	0.00823	0.00219	0.00329	0.01262	0.00768	0.00658
52	0.00974	0.00708	0.00918	0.00876	0.01037	0.00651	0.00653	0.01287	0.01928	0.02711	0.64879	0.08735	0.09067	0.01478	0.00826	0.00223	0.00334	0.01306	0.00757	0.00651
53	0.01318	0.01240	0.02093	0.73798	0.04806	0.01550	0.01938	0.01783	0.01395	0.01783	0.01240	0.01860	0.00930	0.00698	0.00698	0.00233	0.00930	0.00620	0.00310	0.00775
54	0.02607	0.03326	0.01978	0.01798	0.02157	0.72674	0.01348	0.02787	0.01978	0.01708	0.01079	0.01258	0.00899	0.00719	0.00629	0.00180	0.01258	0.00449	0.00360	0.00809
55	0.01527	0.01527	0.02137	0.01832	0.01832	0.02137	0.01527	0.01679	0.01069	0.01679	0.00916	0.01527	0.00916	0.01221	0.02290	0.00305	0.74198	0.00611	0.00305	0.00763
56	0.00825	0.00707	0.00707	0.00707	0.00943	0.00589	0.00530	0.01001	0.01591	0.01885	0.07069	0.06716	0.70839	0.01767	0.00825	0.00236	0.00353	0.01473	0.00648	0.00589
57	0.00870	0.00623	0.00828	0.00958	0.01017	0.00580	0.00649	0.01022	0.01429	0.01929	0.13569	0.64876	0.04902	0.02076	0.00881	0.00274	0.00394	0.01879	0.00665	0.00580
58	0.02978	0.01245	0.01635	0.01265	0.01790	0.01129	0.01041	0.08841	0.04038	0.61668	0.04965	0.02419	0.01858	0.00883	0.00706	0.00216	0.00598	0.00717	0.00842	0.01167
59	0.01333	0.01232	0.02041	0.43664	0.20383	0.01401	0.01753	0.01726	0.01439	0.01907	0.01819	0.13011	0.03534	0.00934	0.00729	0.00234	0.00810	0.00851	0.00379	0.00819
60	0.01212	0.00606	0.00909	0.00909	0.00909	0.00606	0.00606	0.00909	0.00909	0.01212	0.01212	0.02121	0.01212	0.02424	0.02727	0.79697	0.00606	0.00606	0.00303	0.00303
61	0.01318	0.01240	0.02093	0.73798	0.04806	0.01550	0.01938	0.01783	0.01395	0.01783	0.01240	0.01860	0.00930	0.00698	0.00698	0.00233	0.00930	0.00620	0.00310	0.00775

[dist]
# distance from previous block
# <min> <max>
0	1

[block]
# block no. 2 follows, 30 sequences, length 43
# corresponding to MSA columns:
# 130-172
name=unknown_C
#
# <colnr> <probs for GDERKNQSTAVLIFYWHMCP>
#	G	D	E	R	K	N	Q	S	T	A	V	L	I	F	Y	W	H	M	C	P
0	0.19570	0.07775	0.14953	0.01474	0.02085	0.05390	0.01401	0.28070	0.02173	0.08699	0.01443	0.01510	0.01041	0.00741	0.00611	0.00207	0.00776	0.00529	0.00530	0.01022
1	0.02607	0.03326	0.01978	0.01798	0.02157	0.72674	0.01348	0.02787	0.01978	0.01708	0.01079	0.01258	0.00899	0.00719	0.00629	0.00180	0.01258	0.00449	0.00360	0.00809
2	0.00988	0.00713	0.00933	0.00878	0.01043	0.00658	0.00658	0.01317	0.01975	0.02798	0.70754	0.05213	0.06584	0.01427	0.00823	0.00219	0.00329	0.01262	0.00768	0.00658
3	0.05734	0.01386	0.02164	0.40088	0.08228	0.01751	0.03856	0.01804	0.01302	0.01872	0.01134	0.01707	0.00932	0.00851	0.01189	0.00253	0.24021	0.00610	0.00319	0.00798
4	0.01257	0.00917	0.01200	0.05080	0.01513	0.00873	0.03732	0.05782	0.01795	0.07481	0.18093	0.07367	0.29243	0.01497	0.00823	0.00243	0.00506	0.11218	0.00659	0.00719
5	0.01212	0.00606	0.00909	0.00909	0.00909	0.00606	0.00606	0.00909	0.00909	0.01212	0.01212	0.02121	0.01212	0.02424	0.02727	0.79697	0.00606	0.00606	0.00303	0.00303
6	0.00850	0.00607	0.00810	0.00972	0.01012	0.00567	0.00648	0.00972	0.01336	0.01781	0.03846	0.75020	0.04615	0.02186	0.00891	0.00283	0.00405	0.01984	0.00648	0.00567
7	0.02155	0.01714	0.01766	0.01473	0.01901	0.05801	0.01169	0.39472	0.18032	0.03493	0.02252	0.13537	0.01931	0.01070	0.00728	0.00226	0.00689	0.00870	0.00674	0.01048
8	0.01704	0.01635	0.02792	0.08134	0.67449	0.01652	0.02130	0.02122	0.01578	0.02252	0.01309	0.01735	0.01096	0.00626	0.00691	0.00209	0.00835	0.00622	0.00343	0.01087
9	0.58941	0.16909	0.01614	0.00997	0.01470	0.01780	0.00865	0.02148	0.01289	0.07303	0.01088	0.01212	0.00849	0.00651	0.00453	0.00202	0.00586	0.00398	0.00432	0.00813
10	0.01548	0.01733	0.06070	0.20121	0.10695	0.01679	0.39317	0.02078	0.01556	0.02110	0.01404	0.02002	0.01104	0.00676	0.00817	0.00235	0.03036	0.02563	0.00346	0.00908
11	0.00834	0.00707	0.00719	0.00716	0.00948	0.00593	0.00537	0.01019	0.01612	0.01936	0.10597	0.06632	0.67280	0.01748	0.00825	0.00235	0.00352	0.01461	0.00655	0.00593
12	0.01427	0.01352	0.02290	0.55286	0.22467	0.01579	0.01992	0.01878	0.01447	0.01915	0.01260	0.01825	0.00977	0.00677	0.00696	0.00226	0.00903	0.00621	0.00319	0.00863
13	0.01400	0.03610	0.71860	0.01989	0.03020	0.01621	0.02578	0.02210	0.01473	0.02210	0.01252	0.01473	0.00884	0.00663	0.00663	0.00221	0.01031	0.00516	0.00295	0.01031
14	0.01784	0.01523	0.01605	0.01430	0.01833	0.01758	0.01116	0.07140	0.66352	0.02997	0.02779	0.02555	0.02080	0.00941	0.00709	0.00235	0.00564	0.00780	0.00709	0.01109
15	0.00988	0.00713	0.00933	0.00878	0.01043	0.00658	0.00658	0.01317	0.01975	0.02798	0.70754	0.05213	0.06584	0.01427	0.00823	0.00219	0.00329	0.01262	0.00768	0.00658
16	0.02653	0.01955	0.02094	0.01606	0.02164	0.02164	0.01326	0.68796	0.03281	0.04398	0.01675	0.01675	0.01187	0.00838	0.00698	0.00209	0.00768	0.00628	0.00698	0.01187
17	0.10063	0.02239	0.01822	0.01525	0.01965	0.27348	0.01204	0.28826	0.02419	0.07276	0.07282	0.01813	0.01529	0.00828	0.00658	0.00201	0.00875	0.00597	0.00566	0.00964
18	0.01482	0.16423	0.59770	0.01848	0.02802	0.01823	0.02333	0.02189	0.01463	0.02109	0.01202	0.01411	0.00886	0.00651	0.00625	0.00208	0.00981	0.00490	0.00295	0.01007
19	0.01047	0.00718	0.00975	0.00975	0.01081	0.00798	0.00721	0.01258	0.01153	0.01717	0.01999	0.03091	0.01913	0.18852	0.47483	0.00883	0.01388	0.00787	0.12574	0.00587
20	0.06843	0.05529	0.53767	0.01795	0.02687	0.04426	0.02178	0.02361	0.01536	0.10553	0.01398	0.01539	0.00978	0.00686	0.00644	0.00216	0.00946	0.00522	0.00375	0.01019
21	0.01607	0.06496	0.02225	0.04870	0.01977	0.06560	0.01511	0.01780	0.01162	0.01683	0.00944	0.01498	0.00914	0.01127	0.01997	0.00284	0.61694	0.00585	0.00308	0.00775
22	0.00856	0.00612	0.00815	0.00968	0.01013	0.00571	0.00648	0.00986	0.01362	0.01823	0.06603	0.72144	0.04697	0.02155	0.00888	0.00281	0.00402	0.01954	0.00653	0.00571
23	0.00872	0.00706	0.00778	0.00787	0.00992	0.00612	0.00593	0.01081	0.01646	0.02059	0.18562	0.11076	0.50932	0.01740	0.00836	0.00240	0.00367	0.04845	0.00670	0.00603
24	0.02520	0.01888	0.01827	0.01480	0.01929	0.14421	0.01193	0.34069	0.02494	0.16109	0.01800	0.01839	0.01296	0.00950	0.02633	0.00229	0.03750	0.00614	0.07922	0.01038
25	0.02542	0.01533	0.01694	0.01347	0.01829	0.05385	0.01094	0.27205	0.05231	0.29997	0.06784	0.02604	0.07622	0.00960	0.00715	0.00214	0.00657	0.00763	0.00744	0.01080
26	0.03110	0.01220	0.01640	0.01257	0.01798	0.01074	0.01039	0.06202	0.02052	0.68727	0.02707	0.02345	0.01704	0.00863	0.00702	0.00216	0.00601	0.00699	0.00857	0.01188
27	0.00997	0.00748	0.01121	0.01121	0.01246	0.00872	0.00872	0.01246	0.01121	0.01620	0.01869	0.02741	0.01745	0.05234	0.72710	0.01121	0.01869	0.00748	0.00374	0.00623
28	0.01828	0.69987	0.09232	0.01259	0.01892	0.02668	0.01307	0.02099	0.01422	0.01688	0.00993	0.01148	0.00895	0.00602	0.00465	0.00155	0.00770	0.00385	0.00298	0.00907
29	0.01014	0.00681	0.00785	0.00785	0.00793	0.00689	0.00452	0.01030	0.01022	0.01371	0.02177	0.04447	0.02485	0.70877	0.08080	0.00706	0.00755	0.00997	0.00420	0.00436
30	0.00850	0.00607	0.00810	0.00972	0.01012	0.00567	0.00648	0.00972	0.01336	0.01781	0.03846	0.75020	0.04615	0.02186	0.00891	0.00283	0.00405	0.01984	0.00648	0.00567
31	0.00861	0.00612	0.00807	0.00958	0.00996	0.00574	0.00633	0.00974	0.01315	0.01753	0.03738	0.70407	0.04479	0.06985	0.01065	0.00309	0.00423	0.01920	0.00633	0.00557
32	0.01316	0.01072	0.01355	0.01231	0.01403	0.04635	0.03666	0.08072	0.01389	0.01914	0.01816	0.02813	0.01729	0.18068	0.37976	0.00771	0.05820	0.00766	0.03517	0.00671
33	0.02607	0.03326	0.01978	0.01798	0.02157	0.72674	0.01348	0.02787	0.01978	0.01708	0.01079	0.01258	0.00899	0.00719	0.00629	0.00180	0.01258	0.00449	0.00360	0.00809
34	0.80405	0.01350	0.01026	0.00918	0.01350	0.01565	0.00756	0.02051	0.01188	0.03131	0.00972	0.01134	0.00756	0.00648	0.00432	0.00216	0.00540	0.00378	0.00432	0.00756
35	0.00998	0.00744	0.01102	0.01102	0.01221	0.00862	0.00849	0.01234	0.01116	0.01606	0.01887	0.02838	0.01786	0.08937	0.69064	0.01098	0.01806	0.00762	0.00376	0.00612
36	0.00825	0.00707	0.00707	0.00707	0.00943	0.00589	0.00530	0.01001	0.01591	0.01885	0.07069	0.06716	0.70839	0.01767	0.00825	0.00236	0.00353	0.01473	0.00648	0.00589
37	0.02607	0.03326	0.01978	0.01798	0.02157	0.72674	0.01348	0.02787	0.01978	0.01708	0.01079	0.01258	0.00899	0.00719	0.00629	0.00180	0.01258	0.00449	0.00360	0.00809
38	0.01014	0.00680	0.00779	0.00779	0.00785	0.00686	0.00445	0.01026	0.01020	0.01366	0.02182	0.04476	0.02498	0.71984	0.06989	0.00699	0.00736	0.01002	0.00420	0.00433
39	0.80405	0.01350	0.01026	0.00918	0.01350	0.01565	0.00756	0.02051	0.01188	0.03131	0.00972	0.01134	0.00756	0.00648	0.00432	0.00216	0.00540	0.00378	0.00432	0.00756
40	0.00968	0.00709	0.00908	0.00866	0.01033	0.00649	0.00647	0.01277	0.01919	0.02682	0.62782	0.07748	0.12238	0.01483	0.00826	0.00223	0.00334	0.01306	0.00753	0.00649
41	0.02404	0.01627	0.01810	0.01442	0.01907	0.01748	0.01163	0.48827	0.02771	0.12306	0.02131	0.12095	0.01779	0.03621	0.00825	0.00237	0.00692	0.00840	0.00702	0.01074
42	0.01632	0.01322	0.01586	0.01146	0.01760	0.01072	0.02684	0.08122	0.01646	0.05199	0.01345	0.01517	0.01076	0.00562	0.00549	0.00121	0.00561	0.00456	0.00456	0.67188

[dist]
# distance from previous block
# <min> <max>
6	10

[block]
# block no. 3 follows, 30 sequences, length 47
# corresponding to MSA columns:
# 183-229
name=unknown_D
#
# <colnr> <probs for GDERKNQSTAVLIFYWHMCP>
#	G	D	E	R	K	N	Q	S	T	A	V	L	I	F	Y	W	H	M	C	P
0	0.02100	0.01978	0.01777	0.04010	0.02045	0.18229	0.01228	0.18636	0.32108	0.02922	0.04290	0.02269	0.01773	0.00901	0.00698	0.00219	0.00775	0.02413	0.00612	0.01018
1	0.01419	0.06594	0.69044	0.01956	0.02970	0.01668	0.02521	0.02205	0.01471	0.02186	0.01241	0.01459	0.00884	0.00660	0.00654	0.00218	0.01020	0.00510	0.00295	0.01026
2	0.68304	0.01322	0.01136	0.01077	0.04246	0.01491	0.00827	0.02113	0.01295	0.07731	0.04274	0.01428	0.01101	0.00697	0.00479	0.00216	0.00546	0.00450	0.00473	0.00795
3	0.02513	0.01885	0.02015	0.01577	0.02111	0.02099	0.01292	0.58845	0.13460	0.04172	0.01853	0.01817	0.01331	0.00854	0.00700	0.00214	0.00735	0.00653	0.00700	0.01174
4	0.01092	0.00737	0.00960	0.00891	0.01077	0.00675	0.00673	0.01413	0.01963	0.06296	0.65030	0.05120	0.08591	0.01410	0.00817	0.00220	0.00344	0.01241	0.00769	0.00683
5	0.00851	0.00708	0.00743	0.00735	0.00959	0.00600	0.00551	0.01053	0.01653	0.02033	0.17374	0.06473	0.60443	0.01712	0.00824	0.00233	0.00350	0.01439	0.00667	0.00600
6	0.00873	0.00709	0.00773	0.00757	0.00972	0.00609	0.00568	0.01094	0.01704	0.02154	0.25794	0.06274	0.51947	0.01667	0.00824	0.00231	0.00346	0.01411	0.00683	0.00609
7	0.00945	0.00712	0.00873	0.00833	0.01016	0.00640	0.00625	0.01234	0.01874	0.02557	0.53942	0.05609	0.23547	0.01517	0.00823	0.00224	0.00336	0.01318	0.00736	0.00640
8	0.80405	0.01350	0.01026	0.00918	0.01350	0.01565	0.00756	0.02051	0.01188	0.03131	0.00972	0.01134	0.00756	0.00648	0.00432	0.00216	0.00540	0.00378	0.00432	0.00756
9	0.03131	0.01188	0.01619	0.01242	0.01781	0.01026	0.01026	0.03401	0.01997	0.71606	0.02753	0.02375	0.01727	0.00864	0.00702	0.00216	0.00594	0.00702	0.00864	0.01188
10	0.80405	0.01350	0.01026	0.00918	0.01350	0.01565	0.00756	0.02051	0.01188	0.03131	0.00972	0.01134	0.00756	0.00648	0.00432	0.00216	0.00540	0.00378	0.00432	0.00756
11	0.00850	0.00607	0.00810	0.00972	0.01012	0.00567	0.00648	0.00972	0.01336	0.01781	0.03846	0.75020	0.04615	0.02186	0.00891	0.00283	0.00405	0.01984	0.00648	0.00567
12	0.03109	0.01222	0.01641	0.01258	0.01799	0.01077	0.01039	0.06369	0.02056	0.68555	0.02704	0.02343	0.01703	0.00863	0.00702	0.00216	0.00602	0.00698	0.00856	0.01188
13	0.80405	0.01350	0.01026	0.00918	0.01350	0.01565	0.00756	0.02051	0.01188	0.03131	0.00972	0.01134	0.00756	0.00648	0.00432	0.00216	0.00540	0.00378	0.00432	0.00756
14	0.00850	0.00607	0.00810	0.00972	0.01012	0.00567	0.00648	0.00972	0.01336	0.01781	0.03846	0.75020	0.04615	0.02186	0.00891	0.00283	0.00405	0.01984	0.00648	0.00567
15	0.03063	0.01297	0.01687	0.01294	0.01836	0.01188	0.01069	0.12750	0.02181	0.61998	0.02599	0.02275	0.01650	0.00860	0.00701	0.00215	0.00619	0.00691	0.00840	0.01187
16	0.03131	0.01188	0.01619	0.01242	0.01781	0.01026	0.01026	0.03401	0.01997	0.71606	0.02753	0.02375	0.01727	0.00864	0.00702	0.00216	0.00594	0.00702	0.00864	0.01188
17	0.05916	0.01193	0.01598	0.01230	0.01766	0.01045	0.01016	0.03352	0.01968	0.69138	0.02689	0.02330	0.01692	0.00856	0.00692	0.00216	0.00592	0.00690	0.00848	0.01172
18	0.01344	0.01267	0.02140	0.69348	0.09052	0.01557	0.01951	0.01806	0.01408	0.01815	0.01245	0.01852	0.00941	0.00693	0.00697	0.00231	0.00924	0.00620	0.00312	0.00796
19	0.01642	0.01867	0.04031	0.02893	0.03568	0.01781	0.65657	0.02211	0.01622	0.02211	0.01390	0.01867	0.01053	0.00616	0.00888	0.00238	0.04369	0.00814	0.00351	0.00933
20	0.00850	0.00607	0.00810	0.00972	0.01012	0.00567	0.00648	0.00972	0.01336	0.01781	0.03846	0.75020	0.04615	0.02186	0.00891	0.00283	0.00405	0.01984	0.00648	0.00567
21	0.00936	0.00678	0.00903	0.01051	0.01146	0.00645	0.00791	0.01127	0.01444	0.01889	0.04061	0.47842	0.09836	0.02069	0.00909	0.00292	0.00477	0.22666	0.00646	0.00593
22	0.02592	0.01835	0.01997	0.01549	0.02080	0.02008	0.01272	0.61031	0.03097	0.08668	0.01857	0.05484	0.01398	0.00909	0.00708	0.00214	0.00738	0.00703	0.00706	0.01155
23	0.01002	0.00671	0.00765	0.00777	0.00780	0.00668	0.00440	0.01012	0.01039	0.01386	0.02324	0.09905	0.02694	0.69922	0.03350	0.00647	0.00656	0.01088	0.00440	0.00434
24	0.77638	0.01346	0.01063	0.03467	0.01470	0.01565	0.00797	0.02042	0.01195	0.03084	0.00981	0.01159	0.00762	0.00650	0.00441	0.00217	0.00553	0.00386	0.00428	0.00756
25	0.01013	0.00685	0.00806	0.00806	0.00821	0.00701	0.00479	0.01043	0.01028	0.01386	0.02158	0.04340	0.02439	0.66766	0.12128	0.00732	0.00824	0.00982	0.00417	0.00448
26	0.01727	0.01658	0.02832	0.04283	0.71123	0.01658	0.02142	0.02142	0.01589	0.02280	0.01313	0.01727	0.01105	0.00622	0.00691	0.00207	0.00829	0.00622	0.00345	0.01105
27	0.00988	0.00713	0.00933	0.00878	0.01043	0.00658	0.00658	0.01317	0.01975	0.02798	0.70754	0.05213	0.06584	0.01427	0.00823	0.00219	0.00329	0.01262	0.00768	0.00658
28	0.01224	0.00813	0.01021	0.00957	0.01152	0.00769	0.00713	0.06021	0.01896	0.07596	0.43023	0.17218	0.09130	0.04155	0.00916	0.00247	0.00406	0.01309	0.00729	0.00704
29	0.00953	0.00712	0.00884	0.00841	0.01021	0.00644	0.00631	0.01249	0.01893	0.02603	0.57124	0.05534	0.20337	0.01500	0.00823	0.00223	0.00334	0.01307	0.00742	0.00644
30	0.00848	0.00614	0.00803	0.00953	0.01007	0.00568	0.00640	0.00974	0.01354	0.01789	0.04071	0.70259	0.09231	0.02157	0.00886	0.00280	0.00401	0.01948	0.00648	0.00568
31	0.01400	0.03610	0.71860	0.01989	0.03020	0.01621	0.02578	0.02210	0.01473	0.02210	0.01252	0.01473	0.00884	0.00663	0.00663	0.00221	0.01031	0.00516	0.00295	0.01031
32	0.77324	0.01343	0.01049	0.00931	0.01367	0.01544	0.00766	0.02105	0.01220	0.05861	0.01043	0.01183	0.00794	0.00656	0.00443	0.00216	0.00542	0.00391	0.00449	0.00773
33	0.01318	0.01240	0.02093	0.73798	0.04806	0.01550	0.01938	0.01783	0.01395	0.01783	0.01240	0.01860	0.00930	0.00698	0.00698	0.00233	0.00930	0.00620	0.00310	0.00775
34	0.02527	0.06082	0.02056	0.01690	0.02102	0.45015	0.01320	0.18086	0.05218	0.04887	0.01344	0.01457	0.01050	0.00774	0.00701	0.00193	0.03588	0.00517	0.00467	0.00926
35	0.01318	0.01240	0.02093	0.73798	0.04806	0.01550	0.01938	0.01783	0.01395	0.01783	0.01240	0.01860	0.00930	0.00698	0.00698	0.00233	0.00930	0.00620	0.00310	0.00775
36	0.01447	0.01240	0.01447	0.01034	0.01654	0.00930	0.00827	0.01757	0.01447	0.02274	0.01240	0.01447	0.01034	0.00517	0.00517	0.00103	0.00517	0.00413	0.00413	0.79742
37	0.80405	0.01350	0.01026	0.00918	0.01350	0.01565	0.00756	0.02051	0.01188	0.03131	0.00972	0.01134	0.00756	0.00648	0.00432	0.00216	0.00540	0.00378	0.00432	0.00756
38	0.80405	0.01350	0.01026	0.00918	0.01350	0.01565	0.00756	0.02051	0.01188	0.03131	0.00972	0.01134	0.00756	0.00648	0.00432	0.00216	0.00540	0.00378	0.00432	0.00756
39	0.01318	0.01240	0.02093	0.73798	0.04806	0.01550	0.01938	0.01783	0.01395	0.01783	0.01240	0.01860	0.00930	0.00698	0.00698	0.00233	0.00930	0.00620	0.00310	0.00775
40	0.00988	0.00713	0.00933	0.00878	0.01043	0.00658	0.00658	0.01317	0.01975	0.02798	0.70754	0.05213	0.06584	0.01427	0.00823	0.00219	0.00329	0.01262	0.00768	0.00658
41	0.00997	0.00748	0.01121	0.01121	0.01246	0.00872	0.00872	0.01246	0.01121	0.01620	0.01869	0.02741	0.01745	0.05234	0.72710	0.01121	0.01869	0.00748	0.00374	0.00623
42	0.01776	0.01519	0.01601	0.01428	0.01830	0.01755	0.01114	0.06579	0.66925	0.02984	0.02789	0.02563	0.02089	0.00942	0.00710	0.00235	0.00562	0.00782	0.00710	0.01108
43	0.01630	0.02001	0.08780	0.02876	0.03604	0.01755	0.64045	0.02234	0.01635	0.02234	0.01401	0.01854	0.01047	0.00593	0.00812	0.00234	0.01166	0.00802	0.00349	0.00947
44	0.01681	0.01605	0.02732	0.06324	0.66389	0.01613	0.02078	0.02086	0.01573	0.02245	0.01407	0.04519	0.01233	0.00684	0.00699	0.00211	0.00816	0.00674	0.00356	0.01075
45	0.01105	0.00795	0.01098	0.01241	0.01405	0.00787	0.01077	0.01421	0.01625	0.02117	0.07271	0.07689	0.06835	0.01896	0.00951	0.00313	0.00615	0.60471	0.00649	0.00641
46	0.71358	0.01462	0.01124	0.00998	0.01430	0.04728	0.00814	0.04278	0.04027	0.03100	0.01073	0.01215	0.00831	0.00669	0.00460	0.00215	0.00579	0.00405	0.00448	0.00786

[dist]
# distance from previous block
# <min> <max>
0	2

[block]
# block no. 4 follows, 30 sequences, length 397
# corresponding to MSA columns:
# 232-628
name=unknown_E
#
# <colnr> <probs for GDERKNQSTAVLIFYWHMCP>
#	G	D	E	R	K	N	Q	S	T	A	V	L	I	F	Y	W	H	M	C	P
0	0.11219	0.05970	0.02786	0.11373	0.17380	0.04612	0.23050	0.02036	0.01467	0.02145	0.01234	0.01678	0.01001	0.00773	0.00909	0.05101	0.05409	0.00633	0.00347	0.00875
1	0.05114	0.09268	0.10584	0.03012	0.36545	0.13049	0.05910	0.02290	0.01621	0.04389	0.01274	0.01571	0.01030	0.00646	0.00652	0.00201	0.00914	0.00563	0.00358	0.01008
2	0.53099	0.22695	0.04254	0.01053	0.01556	0.01925	0.00960	0.03945	0.01322	0.02710	0.01001	0.01157	0.00812	0.00639	0.00452	0.00197	0.00622	0.00388	0.00397	0.00817
3	0.01803	0.05036	0.04867	0.13855	0.32780	0.13140	0.08782	0.04901	0.01687	0.02153	0.01456	0.01811	0.03247	0.00691	0.00689	0.00209	0.00935	0.00628	0.00364	0.00966
4	0.01047	0.00850	0.03822	0.03336	0.01104	0.00814	0.00672	0.01143	0.01077	0.01470	0.02106	0.06846	0.02332	0.54208	0.13462	0.00682	0.03143	0.00968	0.00412	0.00506
5	0.05656	0.01267	0.01645	0.01266	0.01804	0.01153	0.01046	0.09643	0.02094	0.62867	0.02590	0.02267	0.01643	0.00854	0.00692	0.00215	0.00609	0.00684	0.00833	0.01173
6	0.02980	0.01180	0.01588	0.01233	0.01750	0.01039	0.01013	0.03322	0.04783	0.65779	0.05729	0.02509	0.01956	0.00892	0.00707	0.00217	0.00581	0.00730	0.00853	0.01161
7	0.01049	0.00734	0.00950	0.00906	0.01087	0.00675	0.00695	0.01364	0.01919	0.04699	0.58819	0.05445	0.11160	0.01474	0.00830	0.00228	0.00363	0.06184	0.00752	0.00668
8	0.01776	0.62001	0.16766	0.01347	0.02027	0.02542	0.01460	0.02113	0.01429	0.01751	0.01024	0.01187	0.00893	0.00610	0.00489	0.00163	0.00801	0.00401	0.00298	0.00922
9	0.00850	0.00607	0.00810	0.00972	0.01012	0.00567	0.00648	0.00972	0.01336	0.01781	0.03846	0.75020	0.04615	0.02186	0.00891	0.00283	0.00405	0.01984	0.00648	0.00567
10	0.80405	0.01350	0.01026	0.00918	0.01350	0.01565	0.00756	0.02051	0.01188	0.03131	0.00972	0.01134	0.00756	0.00648	0.00432	0.00216	0.00540	0.00378	0.00432	0.00756
11	0.80405	0.01350	0.01026	0.00918	0.01350	0.01565	0.00756	0.02051	0.01188	0.03131	0.00972	0.01134	0.00756	0.00648	0.00432	0.00216	0.00540	0.00378	0.00432	0.00756
12	0.02653	0.01955	0.02094	0.01606	0.02164	0.02164	0.01326	0.68796	0.03281	0.04398	0.01675	0.01675	0.01187	0.00838	0.00698	0.00209	0.00768	0.00628	0.00698	0.01187
13	0.00982	0.00713	0.00925	0.00872	0.01039	0.00656	0.00654	0.01306	0.01962	0.02766	0.68472	0.05266	0.08888	0.01439	0.00823	0.00220	0.00330	0.01270	0.00764	0.00656
14	0.00825	0.00707	0.00707	0.00707	0.00943	0.00589	0.00530	0.01001	0.01591	0.01885	0.07069	0.06716	0.70839	0.01767	0.00825	0.00236	0.00353	0.01473	0.00648	0.00589
15	0.01736	0.01499	0.01578	0.01420	0.01815	0.01736	0.01105	0.03708	0.69862	0.02919	0.02840	0.02604	0.02130	0.00947	0.00710	0.00237	0.00552	0.00789	0.00710	0.01105
16	0.80405	0.01350	0.01026	0.00918	0.01350	0.01565	0.00756	0.02051	0.01188	0.03131	0.00972	0.01134	0.00756	0.00648	0.00432	0.00216	0.00540	0.00378	0.00432	0.00756
17	0.00838	0.00695	0.00736	0.00765	0.00969	0.00592	0.00567	0.01011	0.01552	0.01876	0.06474	0.17107	0.58693	0.01836	0.00839	0.00246	0.00370	0.03598	0.00648	0.00587
18	0.01527	0.01527	0.02137	0.01832	0.01832	0.02137	0.01527	0.01679	0.01069	0.01679	0.00916	0.01527	0.00916	0.01221	0.02290	0.00305	0.74198	0.00611	0.00305	0.00763
19	0.03131	0.01188	0.01619	0.01242	0.01781	0.01026	0.01026	0.03401	0.01997	0.71606	0.02753	0.02375	0.01727	0.00864	0.00702	0.00216	0.00594	0.00702	0.00864	0.01188
20	0.02607	0.03326	0.01978	0.01798	0.02157	0.72674	0.01348	0.02787	0.01978	0.01708	0.01079	0.01258	0.00899	0.00719	0.00629	0.00180	0.01258	0.00449	0.00360	0.00809
21	0.01447	0.01240	0.01447	0.01034	0.01654	0.00930	0.00827	0.01757	0.01447	0.02274	0.01240	0.01447	0.01034	0.00517	0.00517	0.00103	0.00517	0.00413	0.00413	0.79742
22	0.00850	0.00607	0.00810	0.00972	0.01012	0.00567	0.00648	0.00972	0.01336	0.01781	0.03846	0.75020	0.04615	0.02186	0.00891	0.00283	0.00405	0.01984	0.00648	0.00567
23	0.77026	0.01342	0.01052	0.00932	0.01368	0.01542	0.00768	0.02110	0.01223	0.06125	0.01050	0.01188	0.00798	0.00657	0.00444	0.00216	0.00542	0.00392	0.00451	0.00775
24	0.00988	0.00713	0.00933	0.00878	0.01043	0.00658	0.00658	0.01317	0.01975	0.02798	0.70754	0.05213	0.06584	0.01427	0.00823	0.00219	0.00329	0.01262	0.00768	0.00658
25	0.00850	0.00607	0.00810	0.00972	0.01012	0.00567	0.00648	0.00972	0.01336	0.01781	0.03846	0.75020	0.04615	0.02186	0.00891	0.00283	0.00405	0.01984	0.00648	0.00567
26	0.03131	0.01188	0.01619	0.01242	0.01781	0.01026	0.01026	0.03401	0.01997	0.71606	0.02753	0.02375	0.01727	0.00864	0.00702	0.00216	0.00594	0.00702	0.00864	0.01188
27	0.01318	0.01240	0.02093	0.73798	0.04806	0.01550	0.01938	0.01783	0.01395	0.01783	0.01240	0.01860	0.00930	0.00698	0.00698	0.00233	0.00930	0.00620	0.00310	0.00775
28	0.01647	0.01882	0.04118	0.02941	0.03647	0.01765	0.68588	0.02235	0.01647	0.02235	0.01412	0.01882	0.01059	0.00588	0.00824	0.00235	0.01176	0.00824	0.00353	0.00941
29	0.00849	0.00611	0.00805	0.00961	0.01009	0.00568	0.00643	0.00973	0.01347	0.01786	0.03981	0.72162	0.07386	0.02169	0.00888	0.00281	0.00403	0.01962	0.00648	0.00568
30	0.02669	0.01928	0.02078	0.01593	0.02151	0.02125	0.01316	0.66535	0.03237	0.06721	0.01713	0.01700	0.01205	0.00839	0.00698	0.00210	0.00762	0.00631	0.00704	0.01187
31	0.00837	0.00707	0.00724	0.00720	0.00950	0.00594	0.00540	0.01025	0.01619	0.01953	0.11789	0.06604	0.66077	0.01742	0.00825	0.00234	0.00352	0.01457	0.00657	0.00594
32	0.01447	0.01240	0.01447	0.01034	0.01654	0.00930	0.00827	0.01757	0.01447	0.02274	0.01240	0.01447	0.01034	0.00517	0.00517	0.00103	0.00517	0.00413	0.00413	0.79742
33	0.00850	0.00607	0.00810	0.00972	0.01012	0.00567	0.00648	0.00972	0.01336	0.01781	0.03846	0.75020	0.04615	0.02186	0.00891	0.00283	0.00405	0.01984	0.00648	0.00567
34	0.01527	0.01527	0.02137	0.01832	0.01832	0.02137	0.01527	0.01679	0.01069	0.01679	0.00916	0.01527	0.00916	0.01221	0.02290	0.00305	0.74198	0.00611	0.00305	0.00763
35	0.01727	0.01651	0.02778	0.04158	0.68092	0.01661	0.02096	0.02210	0.04574	0.02308	0.01379	0.01765	0.01150	0.00636	0.00692	0.00209	0.00817	0.00629	0.00361	0.01105
36	0.00981	0.00713	0.00924	0.00871	0.01038	0.00656	0.00653	0.01304	0.01960	0.02761	0.68140	0.05274	0.09222	0.01441	0.00823	0.00220	0.00330	0.01271	0.00763	0.00656
37	0.01318	0.01240	0.02093	0.73798	0.04806	0.01550	0.01938	0.01783	0.01395	0.01783	0.01240	0.01860	0.00930	0.00698	0.00698	0.00233	0.00930	0.00620	0.00310	0.00775
38	0.01874	0.67214	0.06333	0.01219	0.01818	0.02571	0.01228	0.02127	0.01463	0.04762	0.03280	0.01319	0.01112	0.00638	0.00480	0.00157	0.00738	0.00422	0.00338	0.00906
39	0.02209	0.02592	0.02297	0.05007	0.27244	0.42201	0.01661	0.02482	0.01787	0.01917	0.01163	0.01457	0.00975	0.00700	0.00711	0.00196	0.03614	0.00523	0.00351	0.00914
40	0.01301	0.00650	0.00650	0.00650	0.00813	0.00650	0.00488	0.01626	0.01463	0.02602	0.02276	0.02602	0.01789	0.00813	0.00488	0.00163	0.00325	0.00650	0.79350	0.00650
41	0.01447	0.01240	0.01447	0.01034	0.01654	0.00930	0.00827	0.01757	0.01447	0.02274	0.01240	0.01447	0.01034	0.00517	0.00517	0.00103	0.00517	0.00413	0.00413	0.79742
42	0.00850	0.00607	0.00810	0.00972	0.01012	0.00567	0.00648	0.00972	0.01336	0.01781	0.03846	0.75020	0.04615	0.02186	0.00891	0.00283	0.00405	0.01984	0.00648	0.00567
43	0.00997	0.00748	0.01121	0.01121	0.01246	0.00872	0.00872	0.01246	0.01121	0.01620	0.01869	0.02741	0.01745	0.05234	0.72710	0.01121	0.01869	0.00748	0.00374	0.00623
44	0.01824	0.05112	0.02662	0.11046	0.50698	0.12461	0.01959	0.02200	0.01620	0.02113	0.01255	0.01643	0.01047	0.00643	0.00672	0.00203	0.00901	0.00585	0.00342	0.01017
45	0.01630	0.01349	0.01545	0.01120	0.01731	0.01117	0.00903	0.11920	0.01725	0.02596	0.01306	0.01482	0.01057	0.00565	0.00544	0.00119	0.00555	0.00446	0.00457	0.67833
46	0.07289	0.50699	0.14583	0.01374	0.02005	0.10277	0.01410	0.02184	0.01474	0.01846	0.01029	0.01194	0.00884	0.00625	0.00503	0.00169	0.00836	0.00406	0.00314	0.00899
47	0.80405	0.01350	0.01026	0.00918	0.01350	0.01565	0.00756	0.02051	0.01188	0.03131	0.00972	0.01134	0.00756	0.00648	0.00432	0.00216	0.00540	0.00378	0.00432	0.00756
48	0.05609	0.01574	0.11566	0.01478	0.04919	0.01259	0.01278	0.02985	0.14128	0.36992	0.06679	0.02555	0.01986	0.00899	0.00702	0.00224	0.00642	0.02745	0.00702	0.01079
49	0.01348	0.01065	0.01268	0.01001	0.01468	0.00835	0.00776	0.01618	0.01495	0.05049	0.06726	0.14278	0.06352	0.00946	0.00626	0.00154	0.00479	0.00808	0.00509	0.53200
50	0.00976	0.00713	0.00917	0.00866	0.01036	0.00654	0.00649	0.01295	0.01948	0.02734	0.66289	0.05318	0.11090	0.01451	0.00823	0.00221	0.00331	0.01277	0.00760	0.00654
51	0.08422	0.56795	0.03141	0.01280	0.01821	0.15191	0.01186	0.02211	0.01499	0.01775	0.00990	0.01145	0.00885	0.00623	0.00479	0.00160	0.00821	0.00387	0.00320	0.00869
52	0.01955	0.01669	0.05565	0.03439	0.48057	0.01556	0.07353	0.02430	0.04108	0.14516	0.01627	0.01875	0.01239	0.00675	0.00703	0.00213	0.00814	0.00654	0.00448	0.01103
53	0.01503	0.10051	0.41775	0.01713	0.05232	0.01489	0.01897	0.02095	0.01618	0.07497	0.16051	0.02307	0.02164	0.00831	0.00679	0.00212	0.00812	0.00678	0.00440	0.00953
54	0.01209	0.00835	0.00939	0.00878	0.01149	0.00757	0.00679	0.01580	0.07538	0.10286	0.16229	0.05658	0.44242	0.01543	0.00805	0.00234	0.00405	0.03619	0.00698	0.00716
55	0.01866	0.75896	0.03657	0.01194	0.01791	0.02761	0.01194	0.02090	0.01418	0.01642	0.00970	0.01119	0.00896	0.00597	0.00448	0.00149	0.00746	0.00373	0.00299	0.00896
56	0.02545	0.01802	0.01976	0.01540	0.02063	0.01980	0.01266	0.56956	0.05835	0.09129	0.01816	0.01834	0.01302	0.01123	0.05263	0.00269	0.00816	0.00648	0.00690	0.01148
57	0.01871	0.01886	0.02385	0.20917	0.29464	0.15398	0.03766	0.09288	0.01799	0.02263	0.01367	0.01866	0.01122	0.00724	0.00694	0.00213	0.00935	0.02702	0.00387	0.00954
58	0.00957	0.00737	0.00877	0.00837	0.01034	0.00670	0.00629	0.01288	0.04101	0.02489	0.46612	0.05642	0.28515	0.01528	0.00820	0.00226	0.00345	0.01319	0.00725	0.00649
59	0.01400	0.03610	0.71860	0.01989	0.03020	0.01621	0.02578	0.02210	0.01473	0.02210	0.01252	0.01473	0.00884	0.00663	0.00663	0.00221	0.01031	0.00516	0.00295	0.01031
60	0.00992	0.00713	0.00877	0.00905	0.00959	0.00722	0.00607	0.01095	0.01252	0.01680	0.09043	0.20093	0.07711	0.37855	0.04815	0.00500	0.03683	0.05453	0.00524	0.00521
61	0.12951	0.00837	0.00825	0.00794	0.01055	0.00794	0.00607	0.01319	0.04361	0.02256	0.15732	0.05472	0.47578	0.01512	0.00760	0.00230	0.00386	0.01247	0.00636	0.00646
