[name]
unknown

[dist]
# distance from previous block
# <min> <max>
0	46

[block]
# block no. 0 follows, 30 sequences, length 24
# corresponding to MSA columns:
# 47-70
name=unknown_A
#
# <colnr> <probs for GDERKNQSTAVLIFYWHMCP>
#	G	D	E	R	K	N	Q	S	T	A	V	L	I	F	Y	W	H	M	C	P
0	0.09537	0.09364	0.35787	0.01922	0.09534	0.01585	0.04597	0.02042	0.01472	0.02241	0.01626	0.02188	0.03639	0.00789	0.00652	0.00216	0.00853	0.06279	0.00366	0.05309
1	0.09694	0.07972	0.45481	0.01857	0.06771	0.01611	0.02045	0.02354	0.01524	0.12341	0.01426	0.01561	0.01008	0.00683	0.00632	0.00214	0.00886	0.00525	0.00395	0.01021
2	0.01540	0.14330	0.58805	0.01840	0.02786	0.01767	0.02308	0.02240	0.01486	0.04938	0.01271	0.01457	0.00920	0.00661	0.00632	0.00210	0.00971	0.00502	0.00318	0.01017
3	0.01709	0.57706	0.13297	0.01302	0.01914	0.02402	0.01362	0.02021	0.01396	0.01722	0.01103	0.01337	0.00981	0.01081	0.07880	0.00259	0.00903	0.00432	0.00306	0.00887
4	0.09000	0.06944	0.32675	0.07694	0.02695	0.18003	0.04807	0.04434	0.01633	0.02200	0.03011	0.01527	0.01047	0.00696	0.00637	0.00208	0.00994	0.00525	0.00352	0.00918
5	0.01455	0.01313	0.02093	0.66405	0.04536	0.01613	0.01875	0.08646	0.01588	0.02051	0.01285	0.01842	0.00957	0.00712	0.00698	0.00230	0.00914	0.00621	0.00350	0.00817
6	0.01431	0.01356	0.02298	0.54537	0.23181	0.01580	0.01994	0.01882	0.01449	0.01921	0.01260	0.01824	0.00979	0.00677	0.00696	0.00226	0.00902	0.00621	0.00320	0.00867
7	0.09491	0.03378	0.64605	0.01879	0.02849	0.01615	0.02392	0.02194	0.01444	0.02304	0.01224	0.01439	0.00871	0.00661	0.00639	0.00220	0.00981	0.00502	0.00309	0.01003
8	0.02775	0.01120	0.01510	0.01206	0.01676	0.00987	0.00976	0.03084	0.04016	0.59789	0.05390	0.09928	0.02216	0.01023	0.00726	0.00224	0.00563	0.00857	0.00833	0.01102
9	0.02681	0.01077	0.01464	0.01182	0.01629	0.00939	0.00950	0.02933	0.01900	0.57655	0.06682	0.13078	0.02416	0.01087	0.00736	0.00226	0.00552	0.00919	0.00827	0.01068
10	0.01011	0.00961	0.00852	0.00857	0.01077	0.07969	0.00631	0.01180	0.01593	0.01852	0.05988	0.16072	0.54063	0.01721	0.00814	0.00237	0.00454	0.01442	0.00618	0.00608
11	0.03063	0.01296	0.01687	0.01293	0.01835	0.01186	0.01068	0.12639	0.02179	0.62112	0.02601	0.02276	0.01651	0.00860	0.00701	0.00215	0.00618	0.00691	0.00840	0.01187
12	0.02529	0.01865	0.02022	0.01569	0.02096	0.02068	0.01292	0.63758	0.03120	0.04191	0.01690	0.01755	0.01228	0.01166	0.06069	0.00277	0.00850	0.00637	0.00674	0.01145
13	0.02214	0.01638	0.01687	0.01426	0.01866	0.07378	0.01130	0.16288	0.34914	0.16147	0.05888	0.02400	0.01993	0.00915	0.00705	0.00222	0.00649	0.00737	0.00711	0.01090
14	0.04106	0.01365	0.03911	0.01298	0.01847	0.01138	0.07012	0.08759	0.01710	0.09232	0.04498	0.08534	0.01661	0.00789	0.00630	0.00166	0.00608	0.00682	0.00514	0.41540
15	0.02142	0.01494	0.01641	0.01323	0.01733	0.01632	0.01069	0.43665	0.02579	0.05320	0.03947	0.02183	0.01579	0.04076	0.08236	0.00313	0.00782	0.00680	0.14617	0.00989
16	0.00850	0.00607	0.00810	0.00972	0.01012	0.00567	0.00648	0.00972	0.01336	0.01781	0.03846	0.75020	0.04615	0.02186	0.00891	0.00283	0.00405	0.01984	0.00648	0.00567
17	0.01628	0.01827	0.03655	0.15856	0.03795	0.04786	0.53492	0.02176	0.01615	0.02130	0.01366	0.01851	0.01028	0.00614	0.00792	0.00232	0.01135	0.00770	0.00345	0.00905
18	0.01556	0.01305	0.01506	0.01085	0.01700	0.01042	0.00872	0.07828	0.01613	0.02466	0.01280	0.01468	0.01047	0.00546	0.00533	0.00113	0.00540	0.00433	0.00439	0.72628
19	0.10387	0.07967	0.02032	0.01775	0.05028	0.57684	0.01312	0.02637	0.01843	0.01872	0.01071	0.01257	0.00893	0.00699	0.00600	0.00183	0.01133	0.00444	0.00362	0.00822
20	0.01001	0.00678	0.00800	0.00812	0.00828	0.00688	0.00484	0.01034	0.01049	0.01411	0.02289	0.09641	0.02614	0.63074	0.10181	0.00691	0.00774	0.01061	0.00435	0.00453
21	0.01896	0.02051	0.06337	0.03293	0.44766	0.14169	0.01877	0.04704	0.09702	0.02322	0.01459	0.01731	0.01180	0.00687	0.00681	0.00207	0.00881	0.00605	0.00400	0.01052
22	0.01643	0.01442	0.01692	0.11766	0.02201	0.04588	0.01129	0.11147	0.01707	0.02444	0.03291	0.01646	0.01186	0.00676	0.00715	0.00159	0.06136	0.00514	0.00438	0.45478
23	0.01959	0.01691	0.02282	0.04993	0.33629	0.04027	0.01636	0.22624	0.06488	0.02979	0.07252	0.02037	0.01635	0.00778	0.00699	0.00208	0.00760	0.00676	0.00513	0.03133

[dist]
# distance from previous block
# <min> <max>
0	2

[block]
# block no. 1 follows, 30 sequences, length 22
# corresponding to MSA columns:
# 73-94
name=unknown_B
#
# <colnr> <probs for GDERKNQSTAVLIFYWHMCP>
#	G	D	E	R	K	N	Q	S	T	A	V	L	I	F	Y	W	H	M	C	P
0	0.45910	0.01573	0.01461	0.11726	0.04752	0.09572	0.01098	0.04637	0.01486	0.10242	0.01255	0.01430	0.00932	0.00692	0.00542	0.00214	0.00703	0.00475	0.00459	0.00841
1	0.00932	0.00690	0.00870	0.00869	0.01020	0.00628	0.00635	0.01193	0.01780	0.02438	0.46418	0.19861	0.16807	0.01640	0.00837	0.00235	0.00349	0.01446	0.00723	0.00628
2	0.02149	0.01861	0.01749	0.01506	0.01938	0.13009	0.01183	0.16782	0.41263	0.07389	0.02319	0.02187	0.01718	0.00883	0.00694	0.00221	0.00711	0.00697	0.00662	0.01080
3	0.01706	0.01980	0.07615	0.02604	0.09053	0.06535	0.40103	0.04263	0.01642	0.02233	0.01325	0.01724	0.01032	0.00652	0.00861	0.00219	0.06426	0.00698	0.00363	0.08968
4	0.02101	0.16507	0.11317	0.01972	0.12414	0.01741	0.06734	0.06807	0.01718	0.20964	0.01717	0.04329	0.01315	0.00800	0.00782	0.00212	0.06399	0.00644	0.00501	0.01024
5	0.01626	0.01842	0.03989	0.07440	0.03721	0.01751	0.64357	0.02207	0.01631	0.02207	0.01401	0.01881	0.01051	0.00595	0.00816	0.00235	0.01161	0.00811	0.00350	0.00931
6	0.00852	0.00645	0.00788	0.00885	0.00993	0.00580	0.00613	0.01005	0.01458	0.01885	0.09571	0.49532	0.24656	0.02006	0.00866	0.00265	0.00384	0.01779	0.00656	0.00580
7	0.02491	0.01860	0.04707	0.01581	0.02122	0.01926	0.03859	0.53360	0.02880	0.09701	0.01777	0.01940	0.01312	0.06117	0.00904	0.00245	0.00772	0.00665	0.00664	0.01117
8	0.01727	0.01658	0.02832	0.04283	0.71123	0.01658	0.02142	0.02142	0.01589	0.02280	0.01313	0.01727	0.01105	0.00622	0.00691	0.00207	0.00829	0.00622	0.00345	0.01105
9	0.00971	0.00658	0.00774	0.00818	0.00828	0.00647	0.00483	0.01003	0.01101	0.01468	0.02641	0.23475	0.03095	0.55806	0.02838	0.00571	0.00604	0.01275	0.00483	0.00461
10	0.01585	0.01761	0.03736	0.16302	0.03866	0.01724	0.56021	0.02150	0.01600	0.02150	0.01379	0.01878	0.01035	0.00609	0.00800	0.00235	0.01130	0.00785	0.00345	0.00910
11	0.01400	0.03610	0.71860	0.01989	0.03020	0.01621	0.02578	0.02210	0.01473	0.02210	0.01252	0.01473	0.00884	0.00663	0.00663	0.00221	0.01031	0.00516	0.00295	0.01031
12	0.00850	0.00607	0.00810	0.00972	0.01012	0.00567	0.00648	0.00972	0.01336	0.01781	0.03846	0.75020	0.04615	0.02186	0.00891	0.00283	0.00405	0.01984	0.00648	0.00567
13	0.01532	0.01544	0.02232	0.01885	0.01919	0.02120	0.04729	0.01706	0.01096	0.01706	0.00940	0.01544	0.00923	0.01191	0.02220	0.00302	0.70712	0.00621	0.00308	0.00772
14	0.01520	0.01460	0.02518	0.38774	0.35399	0.01609	0.04766	0.01967	0.01495	0.02031	0.01281	0.01800	0.01016	0.00658	0.00700	0.00221	0.00894	0.00629	0.00328	0.00935
15	0.01365	0.01288	0.02178	0.65825	0.12413	0.01563	0.01961	0.01824	0.01418	0.01840	0.01249	0.01845	0.00950	0.00689	0.00697	0.00230	0.00919	0.00620	0.00314	0.00813
16	0.01318	0.01240	0.02093	0.73798	0.04806	0.01550	0.01938	0.01783	0.01395	0.01783	0.01240	0.01860	0.00930	0.00698	0.00698	0.00233	0.00930	0.00620	0.00310	0.00775
17	0.00902	0.00644	0.00869	0.01031	0.01094	0.00611	0.00738	0.01061	0.01387	0.01839	0.03818	0.62326	0.04502	0.02137	0.00905	0.00291	0.00450	0.14166	0.00647	0.00581
18	0.01670	0.01819	0.03753	0.03322	0.22816	0.01734	0.49711	0.02209	0.01631	0.02248	0.01384	0.01838	0.01072	0.00598	0.00786	0.00227	0.01078	0.00766	0.00351	0.00988
19	0.00859	0.00701	0.00762	0.00779	0.00982	0.00604	0.00582	0.01055	0.01611	0.01994	0.14357	0.13809	0.53296	0.01777	0.00837	0.00242	0.00368	0.04125	0.00662	0.00597
20	0.01727	0.01658	0.02832	0.04283	0.71123	0.01658	0.02142	0.02142	0.01589	0.02280	0.01313	0.01727	0.01105	0.00622	0.00691	0.00207	0.00829	0.00622	0.00345	0.01105
21	0.02657	0.01706	0.06404	0.01625	0.04863	0.01603	0.03677	0.29442	0.05529	0.31933	0.02125	0.02005	0.01427	0.00825	0.00702	0.00215	0.00719	0.00666	0.00715	0.01162

[dist]
# distance from previous block
# <min> <max>
0	2

[block]
# block no. 2 follows, 30 sequences, length 10
# corresponding to MSA columns:
# 97-106
name=unknown_C
#
# <colnr> <probs for GDERKNQSTAVLIFYWHMCP>
#	G	D	E	R	K	N	Q	S	T	A	V	L	I	F	Y	W	H	M	C	P
0	0.01684	0.01918	0.12014	0.03978	0.62064	0.01653	0.02200	0.02151	0.01574	0.02271	0.01305	0.01693	0.01076	0.00627	0.00687	0.00209	0.00856	0.00608	0.00339	0.01096
1	0.01192	0.01066	0.01528	0.01489	0.08062	0.02600	0.09827	0.01587	0.06566	0.02150	0.17654	0.07285	0.21143	0.10690	0.03796	0.00318	0.00636	0.01126	0.00565	0.00721
2	0.01607	0.01674	0.05793	0.05903	0.34293	0.01723	0.07073	0.01974	0.01423	0.02087	0.01199	0.01651	0.01025	0.00779	0.01124	0.00228	0.21056	0.00610	0.00338	0.08440
3	0.01706	0.09382	0.02614	0.12763	0.44467	0.06629	0.01847	0.02137	0.04077	0.02113	0.01579	0.01917	0.04373	0.00702	0.00669	0.00205	0.00831	0.00630	0.00364	0.00995
4	0.01896	0.01665	0.02215	0.06727	0.39334	0.10652	0.01651	0.02334	0.05026	0.08829	0.01619	0.01895	0.01270	0.00703	0.00658	0.00201	0.00787	0.00619	0.10921	0.00997
5	0.02004	0.05562	0.02163	0.02181	0.20979	0.01747	0.01407	0.28485	0.06856	0.03080	0.01675	0.05241	0.01389	0.02699	0.00741	0.00209	0.00716	0.00669	0.00533	0.11664
6	0.01598	0.11572	0.08817	0.06600	0.40844	0.01661	0.03557	0.01996	0.01517	0.02115	0.01498	0.08572	0.01377	0.00768	0.00670	0.00205	0.00795	0.00704	0.00365	0.04768
7	0.23662	0.28155	0.13631	0.01436	0.05225	0.02024	0.01344	0.08513	0.01586	0.06998	0.01216	0.01344	0.00947	0.00663	0.00530	0.00192	0.00731	0.00455	0.00412	0.00936
8	0.14538	0.05437	0.04435	0.01790	0.12063	0.01582	0.03523	0.08995	0.17416	0.10222	0.02007	0.02460	0.01620	0.00938	0.00747	0.03161	0.00676	0.06861	0.00556	0.00973
9	0.10049	0.03248	0.01838	0.11370	0.12536	0.06403	0.01304	0.09717	0.08901	0.14741	0.03761	0.05502	0.01610	0.02976	0.00750	0.00228	0.00717	0.00699	0.00548	0.03102

[dist]
# distance from previous block
# <min> <max>
31	58

[block]
# block no. 3 follows, 30 sequences, length 24
# corresponding to MSA columns:
# 167-190
name=unknown_D
#
# <colnr> <probs for GDERKNQSTAVLIFYWHMCP>
#	G	D	E	R	K	N	Q	S	T	A	V	L	I	F	Y	W	H	M	C	P
0	0.04529	0.01165	0.01461	0.01197	0.01623	0.01100	0.00956	0.09763	0.05615	0.37049	0.09237	0.11101	0.02436	0.01195	0.03133	0.00248	0.00599	0.00879	0.00746	0.05969
1	0.02277	0.01387	0.01647	0.01245	0.01802	0.01275	0.01015	0.18923	0.03677	0.25142	0.04477	0.01970	0.01528	0.00752	0.00637	0.00173	0.00598	0.00600	0.00649	0.30227
2	0.01777	0.01800	0.02212	0.04254	0.34665	0.15325	0.02915	0.04359	0.03560	0.02189	0.01796	0.07183	0.02956	0.00885	0.00710	0.00212	0.00839	0.06019	0.00424	0.05922
3	0.01673	0.01659	0.02606	0.17545	0.49790	0.06092	0.03879	0.02080	0.01577	0.02133	0.01461	0.01879	0.03175	0.00677	0.00696	0.00212	0.00871	0.00642	0.00349	0.01002
4	0.01378	0.01277	0.02038	0.47947	0.12965	0.01444	0.01726	0.01788	0.01417	0.01921	0.01357	0.05037	0.01134	0.00742	0.00725	0.00214	0.03021	0.00649	0.00346	0.12876
5	0.01601	0.01767	0.03688	0.07301	0.06041	0.01713	0.54904	0.02137	0.01583	0.02169	0.01381	0.01867	0.01063	0.00740	0.02693	0.00255	0.04404	0.00778	0.00350	0.03565
6	0.01727	0.01658	0.02832	0.04283	0.71123	0.01658	0.02142	0.02142	0.01589	0.02280	0.01313	0.01727	0.01105	0.00622	0.00691	0.00207	0.00829	0.00622	0.00345	0.01105
7	0.00850	0.00607	0.00810	0.00972	0.01012	0.00567	0.00648	0.00972	0.01336	0.01781	0.03846	0.75020	0.04615	0.02186	0.00891	0.00283	0.00405	0.01984	0.00648	0.00567
8	0.01450	0.01407	0.01961	0.01701	0.01709	0.01937	0.01397	0.01598	0.01068	0.01651	0.01081	0.01843	0.01097	0.07110	0.07414	0.00392	0.63486	0.00651	0.00319	0.00728
9	0.01212	0.00606	0.00909	0.00909	0.00909	0.00606	0.00606	0.00909	0.00909	0.01212	0.01212	0.02121	0.01212	0.02424	0.02727	0.79697	0.00606	0.00606	0.00303	0.00303
10	0.80405	0.01350	0.01026	0.00918	0.01350	0.01565	0.00756	0.02051	0.01188	0.03131	0.00972	0.01134	0.00756	0.00648	0.00432	0.00216	0.00540	0.00378	0.00432	0.00756
11	0.00902	0.00645	0.00864	0.00971	0.01022	0.00642	0.00660	0.01031	0.01249	0.01689	0.03226	0.50910	0.03760	0.13189	0.15283	0.00503	0.00729	0.01605	0.00562	0.00557
12	0.01520	0.50526	0.02682	0.01081	0.01519	0.02025	0.00993	0.01717	0.01426	0.01704	0.02398	0.16335	0.11554	0.01073	0.00588	0.00188	0.00624	0.00844	0.00416	0.00788
13	0.01884	0.01299	0.01451	0.01276	0.01636	0.01415	0.00979	0.03196	0.44872	0.16097	0.04703	0.02913	0.02239	0.11529	0.01115	0.00295	0.00572	0.00818	0.00701	0.01011
14	0.01882	0.01513	0.02332	0.11143	0.40261	0.01571	0.01758	0.02586	0.14948	0.12194	0.01807	0.02005	0.01374	0.00728	0.00697	0.00217	0.00753	0.00666	0.00486	0.01080
15	0.12940	0.02948	0.43774	0.01750	0.02561	0.06206	0.01997	0.15217	0.01817	0.02736	0.01284	0.01451	0.00926	0.00698	0.00635	0.00215	0.00924	0.00514	0.00397	0.01008
16	0.01166	0.01027	0.01632	0.45995	0.03386	0.01191	0.01453	0.01508	0.01378	0.01804	0.02119	0.26508	0.02177	0.01191	0.00755	0.00244	0.00735	0.01071	0.00429	0.04231
17	0.01568	0.00996	0.01235	0.01118	0.01283	0.01071	0.00817	0.14554	0.11164	0.02076	0.01534	0.02103	0.01338	0.01905	0.02045	0.52901	0.00630	0.00636	0.00438	0.00589
18	0.01413	0.02867	0.48347	0.12156	0.03042	0.01711	0.02282	0.02046	0.01383	0.02046	0.01185	0.01539	0.00897	0.00777	0.00985	0.00239	0.15295	0.00549	0.00299	0.00943
19	0.01399	0.01291	0.01993	0.59675	0.04222	0.01587	0.01775	0.02159	0.14756	0.02005	0.01553	0.02005	0.01164	0.00746	0.00700	0.00233	0.00856	0.00653	0.00388	0.00839
20	0.01588	0.01467	0.02428	0.03596	0.57392	0.01467	0.01806	0.01922	0.01477	0.02099	0.01486	0.02281	0.01385	0.15229	0.01249	0.00299	0.00799	0.00698	0.00361	0.00972
21	0.13614	0.01440	0.01763	0.15458	0.02420	0.01530	0.01251	0.21594	0.02132	0.29037	0.01897	0.01898	0.01279	0.00793	0.00662	0.00217	0.00702	0.00619	0.00647	0.01046
22	0.13345	0.02528	0.01605	0.01470	0.01770	0.48526	0.01084	0.02336	0.01677	0.01841	0.01282	0.01886	0.01198	0.15297	0.01171	0.00282	0.01043	0.00550	0.00382	0.00726
23	0.01189	0.00900	0.01296	0.01609	0.11207	0.00900	0.01132	0.01461	0.01488	0.01972	0.03065	0.06354	0.03314	0.16094	0.01430	0.00374	0.00676	0.44316	0.00557	0.00665

[dist]
# distance from previous block
# <min> <max>
0	43

# created by:
# /st0/software/busco_prod/Augustus/scripts/msa2prfl.pl ./align_prep/174050.fa
