[name]
unknown

[dist]
# distance from previous block
# <min> <max>
3	46

[block]
# block no. 0 follows, 27 sequences, length 13
# corresponding to MSA columns:
# 47-59
name=unknown_A
#
# <colnr> <probs for GDERKNQSTAVLIFYWHMCP>
#	G	D	E	R	K	N	Q	S	T	A	V	L	I	F	Y	W	H	M	C	P
0	0.05956	0.22478	0.36460	0.01793	0.02604	0.14570	0.02011	0.02419	0.01633	0.02145	0.01203	0.01406	0.00939	0.00697	0.00625	0.00207	0.01032	0.00488	0.00335	0.01000
1	0.05486	0.07709	0.02016	0.01696	0.02069	0.53307	0.01299	0.02624	0.01930	0.01878	0.01639	0.01847	0.05676	0.01213	0.06273	0.00275	0.01259	0.00570	0.00403	0.00833
2	0.31320	0.01613	0.01497	0.01273	0.01710	0.09999	0.01021	0.06826	0.01821	0.22145	0.06419	0.05213	0.01765	0.00930	0.00707	0.00231	0.03243	0.00678	0.00630	0.00957
3	0.19668	0.06835	0.01947	0.01494	0.01924	0.13726	0.02928	0.10021	0.03889	0.15235	0.05442	0.01906	0.01513	0.00892	0.00862	0.00230	0.09328	0.00619	0.00566	0.00974
4	0.71341	0.05046	0.04891	0.01051	0.01553	0.01729	0.00929	0.02193	0.01291	0.03203	0.01049	0.01224	0.00818	0.00687	0.00473	0.00227	0.00613	0.00410	0.00445	0.00827
5	0.02822	0.02079	0.02228	0.01708	0.02302	0.02302	0.01411	0.66804	0.03490	0.04679	0.01782	0.01782	0.01262	0.00891	0.00743	0.00223	0.00817	0.00668	0.00743	0.01262
6	0.01985	0.74357	0.03890	0.01270	0.01905	0.02937	0.01270	0.02223	0.01508	0.01747	0.01032	0.01191	0.00953	0.00635	0.00476	0.00159	0.00794	0.00397	0.00318	0.00953
7	0.02726	0.02032	0.02174	0.01689	0.02266	0.02257	0.01388	0.60628	0.09822	0.04524	0.01904	0.01879	0.01361	0.00903	0.00744	0.00226	0.00794	0.00685	0.00744	0.01254
8	0.01985	0.74357	0.03890	0.01270	0.01905	0.02937	0.01270	0.02223	0.01508	0.01747	0.01032	0.01191	0.00953	0.00635	0.00476	0.00159	0.00794	0.00397	0.00318	0.00953
9	0.02124	0.01655	0.01785	0.01514	0.01971	0.01857	0.01202	0.22088	0.41174	0.06147	0.08037	0.02699	0.02343	0.01012	0.00761	0.00241	0.00637	0.00827	0.00763	0.01165
10	0.02621	0.07364	0.02134	0.01799	0.02198	0.59809	0.01374	0.05754	0.02110	0.01956	0.01539	0.01687	0.04905	0.00828	0.00674	0.00194	0.01228	0.00545	0.00413	0.00871
11	0.02260	0.01602	0.01835	0.01442	0.01940	0.01657	0.01173	0.31813	0.02479	0.11390	0.02356	0.06344	0.06954	0.01020	0.00863	0.00216	0.06473	0.00785	0.00661	0.16734
12	0.07017	0.51745	0.06695	0.01258	0.01845	0.02387	0.01235	0.02221	0.01611	0.06691	0.09553	0.01841	0.01750	0.00771	0.00555	0.00182	0.00730	0.00546	0.00429	0.00941

[dist]
# distance from previous block
# <min> <max>
0	3

[block]
# block no. 1 follows, 27 sequences, length 16
# corresponding to MSA columns:
# 63-78
name=unknown_B
#
# <colnr> <probs for GDERKNQSTAVLIFYWHMCP>
#	G	D	E	R	K	N	Q	S	T	A	V	L	I	F	Y	W	H	M	C	P
0	0.01807	0.52992	0.19154	0.01445	0.02158	0.02505	0.01576	0.02198	0.01562	0.01970	0.05614	0.01568	0.01352	0.00710	0.00556	0.00182	0.00835	0.00495	0.00350	0.00970
1	0.06450	0.01657	0.01847	0.01456	0.01992	0.01736	0.01189	0.34076	0.08762	0.19774	0.04530	0.02440	0.05567	0.00961	0.00734	0.00225	0.00688	0.00753	0.00758	0.04404
2	0.07130	0.01670	0.02187	0.01638	0.02248	0.05445	0.13794	0.11433	0.01920	0.08575	0.01625	0.04152	0.01293	0.00727	0.00672	0.00183	0.00775	0.00640	0.00518	0.33375
3	0.01707	0.26327	0.45760	0.01837	0.02753	0.05358	0.02212	0.02339	0.01574	0.02133	0.01228	0.01436	0.00945	0.00686	0.00631	0.00209	0.01012	0.00497	0.00318	0.01040
4	0.01061	0.00795	0.01193	0.01193	0.01326	0.00928	0.00928	0.01326	0.01193	0.01723	0.01988	0.02916	0.01856	0.05568	0.70968	0.01193	0.01988	0.00795	0.00398	0.00663
5	0.01061	0.00795	0.01193	0.01193	0.01326	0.00928	0.00928	0.01326	0.01193	0.01723	0.01988	0.02916	0.01856	0.05568	0.70968	0.01193	0.01988	0.00795	0.00398	0.00663
6	0.01608	0.02552	0.26848	0.02647	0.03472	0.01744	0.40364	0.02284	0.01667	0.02338	0.01607	0.06367	0.01301	0.00761	0.00822	0.00248	0.01146	0.00841	0.00374	0.01009
7	0.01539	0.01319	0.01539	0.01100	0.01759	0.00990	0.00880	0.01869	0.01539	0.02419	0.01319	0.01539	0.01100	0.00550	0.00550	0.00110	0.00550	0.00440	0.00440	0.78449
8	0.00896	0.00753	0.00778	0.00771	0.01014	0.00635	0.00579	0.01101	0.01736	0.02109	0.14080	0.06974	0.62354	0.01841	0.00877	0.00249	0.00373	0.01543	0.00703	0.00635
9	0.02822	0.02079	0.02228	0.01708	0.02302	0.02302	0.01411	0.66804	0.03490	0.04679	0.01782	0.01782	0.01262	0.00891	0.00743	0.00223	0.00817	0.00668	0.00743	0.01262
10	0.03139	0.06283	0.01969	0.01396	0.01978	0.01458	0.01168	0.16272	0.02359	0.52138	0.02572	0.02288	0.01663	0.00894	0.00728	0.00224	0.00680	0.00708	0.00843	0.01243
11	0.01554	0.01155	0.01338	0.01204	0.01509	0.01208	0.00935	0.08701	0.21293	0.06163	0.32930	0.06488	0.07769	0.01340	0.00829	0.00244	0.00493	0.03153	0.00782	0.00913
12	0.02248	0.55012	0.03313	0.01296	0.01905	0.02496	0.01228	0.02613	0.05832	0.15560	0.01540	0.01560	0.01214	0.00716	0.00548	0.00179	0.00748	0.00495	0.00467	0.01029
13	0.11845	0.19424	0.12067	0.01361	0.01869	0.01797	0.01286	0.13278	0.01804	0.02598	0.02135	0.15784	0.04616	0.01406	0.05346	0.00291	0.00805	0.00876	0.00503	0.00908
14	0.01818	0.46119	0.18704	0.01468	0.02132	0.06371	0.01550	0.02183	0.01515	0.01868	0.01234	0.01600	0.01103	0.05728	0.03642	0.00258	0.00939	0.00498	0.00332	0.00935
15	0.10097	0.39483	0.14497	0.01473	0.02133	0.08426	0.01484	0.05411	0.04436	0.04660	0.01280	0.01411	0.01036	0.00702	0.00564	0.00191	0.00857	0.00474	0.00397	0.00989

[dist]
# distance from previous block
# <min> <max>
7	26

[block]
# block no. 2 follows, 27 sequences, length 7
# corresponding to MSA columns:
# 111-117
name=unknown_C
#
# <colnr> <probs for GDERKNQSTAVLIFYWHMCP>
#	G	D	E	R	K	N	Q	S	T	A	V	L	I	F	Y	W	H	M	C	P
0	0.01910	0.05111	0.02811	0.14472	0.03043	0.09534	0.17035	0.10472	0.01768	0.02320	0.01285	0.01747	0.01047	0.00902	0.01274	0.00259	0.23007	0.00678	0.00397	0.00929
1	0.20263	0.01784	0.02081	0.16891	0.02778	0.11250	0.10404	0.10473	0.01845	0.02728	0.05044	0.05491	0.01518	0.00851	0.00694	0.00230	0.00876	0.00707	0.00476	0.03616
2	0.00921	0.00668	0.00871	0.01002	0.01076	0.00617	0.00682	0.01083	0.01527	0.02042	0.12674	0.60192	0.09516	0.02191	0.00934	0.00289	0.00417	0.01975	0.00706	0.00617
3	0.01858	0.01472	0.01611	0.01271	0.01796	0.01435	0.01017	0.20477	0.12625	0.03133	0.02577	0.02590	0.10120	0.00907	0.00678	0.00186	0.00598	0.00726	0.04674	0.30251
4	0.02779	0.03376	0.02118	0.01890	0.02296	0.63309	0.01432	0.10054	0.02258	0.02135	0.01218	0.01388	0.00990	0.00779	0.00678	0.00195	0.01281	0.00499	0.00422	0.00905
5	0.79154	0.01436	0.01091	0.00976	0.01436	0.01665	0.00804	0.02182	0.01263	0.03331	0.01034	0.01206	0.00804	0.00689	0.00459	0.00230	0.00574	0.00402	0.00459	0.00804
6	0.04967	0.01198	0.03792	0.01413	0.01538	0.01408	0.01156	0.01549	0.01255	0.01936	0.05268	0.06185	0.01953	0.07538	0.27321	0.00650	0.26182	0.00828	0.03141	0.00722

[dist]
# distance from previous block
# <min> <max>
1	7

[block]
# block no. 3 follows, 27 sequences, length 16
# corresponding to MSA columns:
# 125-140
name=unknown_D
#
# <colnr> <probs for GDERKNQSTAVLIFYWHMCP>
#	G	D	E	R	K	N	Q	S	T	A	V	L	I	F	Y	W	H	M	C	P
0	0.02081	0.01087	0.01391	0.01169	0.01539	0.01025	0.00925	0.05441	0.08018	0.28838	0.34563	0.03964	0.04331	0.01213	0.00809	0.00233	0.00501	0.01037	0.00848	0.00985
1	0.01494	0.03449	0.58474	0.02165	0.03169	0.01683	0.10015	0.02299	0.01620	0.02390	0.05250	0.01847	0.01312	0.00743	0.00735	0.00237	0.01072	0.00632	0.00350	0.01063
2	0.02344	0.11518	0.08093	0.04220	0.02330	0.45556	0.01497	0.02713	0.05093	0.01984	0.04229	0.01880	0.01402	0.00836	0.00679	0.00204	0.01139	0.02977	0.00415	0.00892
3	0.68778	0.01515	0.03852	0.04774	0.01718	0.01642	0.00958	0.02236	0.01324	0.06092	0.01142	0.01318	0.00864	0.00702	0.00496	0.00231	0.00619	0.00436	0.00467	0.00836
4	0.00936	0.00757	0.00834	0.00824	0.01051	0.00655	0.00624	0.01174	0.01806	0.02281	0.24337	0.06746	0.49630	0.01786	0.00882	0.00249	0.00380	0.03676	0.00724	0.00649
5	0.02812	0.02009	0.02163	0.05033	0.02388	0.05054	0.01405	0.53555	0.03175	0.12080	0.01868	0.01860	0.01304	0.00882	0.00740	0.00223	0.00826	0.00669	0.00728	0.01225
6	0.02692	0.01981	0.02145	0.01681	0.02241	0.02186	0.01394	0.61574	0.03348	0.04482	0.01954	0.02311	0.01504	0.00984	0.00765	0.00232	0.00806	0.05766	0.00738	0.01216
7	0.01038	0.00774	0.00936	0.01020	0.01149	0.00732	0.00714	0.05836	0.01633	0.02123	0.04695	0.53293	0.19055	0.02121	0.00917	0.00284	0.00447	0.01883	0.00693	0.00656
8	0.02075	0.28220	0.05190	0.10542	0.02611	0.06962	0.06247	0.16137	0.04833	0.02527	0.01362	0.01602	0.01095	0.00785	0.00790	0.00213	0.06797	0.00573	0.00438	0.01003
9	0.01014	0.06069	0.01095	0.00987	0.01144	0.00804	0.00725	0.01210	0.01615	0.02113	0.16299	0.40372	0.17851	0.01957	0.00889	0.00270	0.00440	0.03806	0.00685	0.00654
10	0.08873	0.05646	0.02024	0.01680	0.02111	0.37496	0.01308	0.19330	0.04210	0.02724	0.01567	0.06734	0.01349	0.00907	0.00686	0.00211	0.01030	0.00647	0.00513	0.00954
11	0.12108	0.47794	0.11341	0.01386	0.02049	0.02550	0.01404	0.09824	0.01716	0.02371	0.01157	0.01308	0.00968	0.00681	0.00533	0.00185	0.00805	0.00448	0.00386	0.00987
12	0.19764	0.27564	0.09500	0.01358	0.01879	0.11364	0.01275	0.02197	0.01605	0.02357	0.10381	0.01868	0.01748	0.00819	0.00654	0.00204	0.03590	0.00565	0.00428	0.00881
13	0.05866	0.09354	0.16750	0.01338	0.01864	0.01342	0.01310	0.02293	0.04613	0.16862	0.21521	0.05424	0.03153	0.04070	0.00864	0.00248	0.00662	0.00884	0.00634	0.00947
14	0.06511	0.14635	0.49670	0.01854	0.02788	0.01894	0.02257	0.02439	0.04522	0.04889	0.01402	0.01575	0.01027	0.00715	0.00658	0.00223	0.00976	0.00536	0.00366	0.01066
15	0.07493	0.06807	0.31092	0.05077	0.06435	0.01815	0.07181	0.10617	0.01817	0.06525	0.01560	0.04641	0.01220	0.00819	0.00776	0.00236	0.03737	0.00662	0.00439	0.01052

[dist]
# distance from previous block
# <min> <max>
6	32

[block]
# block no. 4 follows, 27 sequences, length 59
# corresponding to MSA columns:
# 177-235
name=unknown_E
#
# <colnr> <probs for GDERKNQSTAVLIFYWHMCP>
#	G	D	E	R	K	N	Q	S	T	A	V	L	I	F	Y	W	H	M	C	P
0	0.02285	0.05130	0.09505	0.01627	0.02196	0.08426	0.01423	0.27891	0.16403	0.06432	0.02047	0.05538	0.01599	0.00927	0.00723	0.00223	0.00805	0.00726	0.00635	0.05461
1	0.02693	0.02081	0.22550	0.01653	0.02394	0.01322	0.04897	0.03172	0.01937	0.45970	0.02373	0.02210	0.01530	0.00839	0.00741	0.00232	0.00804	0.00693	0.00708	0.01200
2	0.00973	0.00769	0.00885	0.00892	0.01110	0.00681	0.00693	0.01231	0.01814	0.02321	0.24984	0.06850	0.41675	0.01798	0.00898	0.00259	0.00412	0.10374	0.00726	0.00656
3	0.01468	0.06500	0.02585	0.45320	0.04163	0.01665	0.13597	0.01950	0.01595	0.02076	0.06811	0.02540	0.01657	0.00842	0.00773	0.00245	0.00957	0.04014	0.00394	0.00849
4	0.01596	0.01376	0.02122	0.55821	0.04388	0.01661	0.01873	0.07010	0.06923	0.04366	0.01656	0.02329	0.01284	0.00838	0.00756	0.00250	0.00920	0.03509	0.00429	0.00893
5	0.03255	0.01266	0.01715	0.01311	0.01889	0.01087	0.01082	0.03544	0.02100	0.66946	0.02861	0.02485	0.01806	0.00903	0.00738	0.00225	0.00628	0.00734	0.00899	0.04526
6	0.01046	0.00714	0.00827	0.00846	0.00875	0.00699	0.00504	0.01095	0.01222	0.01632	0.07452	0.14285	0.05941	0.56265	0.03076	0.00610	0.00641	0.01257	0.00518	0.00495
7	0.04678	0.01798	0.16175	0.44195	0.04016	0.01566	0.01980	0.02001	0.03606	0.02143	0.04047	0.02463	0.04315	0.00864	0.00744	0.00247	0.00922	0.02975	0.00390	0.00874
8	0.01489	0.03840	0.70064	0.02116	0.03213	0.01724	0.02743	0.02351	0.01567	0.02351	0.01332	0.01567	0.00940	0.00705	0.00705	0.00235	0.01097	0.00549	0.00313	0.01097
9	0.01942	0.68231	0.09639	0.01344	0.02019	0.02832	0.01398	0.02234	0.01514	0.01799	0.01058	0.01224	0.00952	0.00641	0.00496	0.00165	0.00820	0.00410	0.00317	0.00965
10	0.01489	0.03840	0.70064	0.02116	0.03213	0.01724	0.02743	0.02351	0.01567	0.02351	0.01332	0.01567	0.00940	0.00705	0.00705	0.00235	0.01097	0.00549	0.00313	0.01097
11	0.02441	0.02243	0.02147	0.15668	0.02823	0.18943	0.01524	0.32635	0.08591	0.03285	0.01647	0.01802	0.01224	0.00841	0.00726	0.00223	0.00958	0.00636	0.00574	0.01070
12	0.01402	0.01319	0.02227	0.72126	0.05113	0.01649	0.02062	0.01897	0.01484	0.01897	0.01319	0.01979	0.00990	0.00742	0.00742	0.00247	0.00990	0.00660	0.00330	0.00825
13	0.01402	0.01319	0.02227	0.72126	0.05113	0.01649	0.02062	0.01897	0.01484	0.01897	0.01319	0.01979	0.00990	0.00742	0.00742	0.00247	0.00990	0.00660	0.00330	0.00825
14	0.02508	0.03110	0.02127	0.15470	0.02839	0.57553	0.01556	0.02758	0.01984	0.01832	0.01181	0.01462	0.00963	0.00761	0.00683	0.00202	0.01271	0.00513	0.00372	0.00854
15	0.03111	0.01420	0.01796	0.01398	0.01961	0.01349	0.01148	0.13328	0.08638	0.53431	0.02762	0.02436	0.01791	0.00923	0.00747	0.00231	0.00656	0.00743	0.00876	0.01255
16	0.01539	0.01319	0.01539	0.01100	0.01759	0.00990	0.00880	0.01869	0.01539	0.02419	0.01319	0.01539	0.01100	0.00550	0.00550	0.00110	0.00550	0.00440	0.00440	0.78449
17	0.00903	0.00652	0.00855	0.01018	0.01073	0.00604	0.00682	0.01035	0.01436	0.01901	0.04282	0.69746	0.08467	0.02301	0.00944	0.00299	0.00428	0.02080	0.00689	0.00604
18	0.01781	0.01478	0.01612	0.01405	0.01832	0.01604	0.01102	0.09557	0.42497	0.03091	0.08505	0.05267	0.02578	0.01057	0.00752	0.00233	0.00583	0.02919	0.00713	0.11435
19	0.02178	0.01633	0.10560	0.01350	0.01970	0.01218	0.01225	0.06213	0.06193	0.25365	0.08958	0.02382	0.02020	0.00843	0.00694	0.00195	0.00646	0.00689	0.00661	0.25007
20	0.01495	0.03738	0.66942	0.02108	0.03155	0.01749	0.02691	0.02325	0.01548	0.02325	0.01316	0.01570	0.00942	0.00733	0.00785	0.00239	0.04388	0.00553	0.00314	0.01084
21	0.02775	0.03487	0.02108	0.01905	0.02295	0.68545	0.01434	0.05183	0.02152	0.01916	0.01170	0.01354	0.00967	0.00769	0.00672	0.00192	0.01321	0.00485	0.00395	0.00875
22	0.03157	0.01302	0.01718	0.01343	0.01899	0.01179	0.01101	0.03656	0.09821	0.61995	0.02940	0.02555	0.01888	0.00929	0.00748	0.00232	0.00627	0.00757	0.00900	0.01253
23	0.01752	0.01373	0.01553	0.03508	0.01868	0.01530	0.01132	0.03261	0.45738	0.07275	0.12211	0.03693	0.03065	0.01172	0.00799	0.00257	0.00579	0.07425	0.00754	0.01054
24	0.01413	0.01341	0.02294	0.69970	0.05074	0.01656	0.04078	0.01912	0.01493	0.01912	0.01325	0.01980	0.00994	0.00739	0.00746	0.00247	0.00998	0.00667	0.00331	0.00830
25	0.01043	0.00759	0.00982	0.00926	0.01104	0.00697	0.00694	0.01386	0.02083	0.02934	0.66156	0.05617	0.09763	0.01534	0.00876	0.00234	0.00351	0.01353	0.00812	0.00697
26	0.01222	0.00912	0.01323	0.10082	0.01978	0.00952	0.01303	0.01582	0.01681	0.02182	0.03609	0.07586	0.03868	0.01890	0.00991	0.00330	0.00721	0.56446	0.00640	0.00701
27	0.01489	0.03840	0.70064	0.02116	0.03213	0.01724	0.02743	0.02351	0.01567	0.02351	0.01332	0.01567	0.00940	0.00705	0.00705	0.00235	0.01097	0.00549	0.00313	0.01097
28	0.03331	0.01263	0.01723	0.01321	0.01895	0.01091	0.01091	0.03618	0.02125	0.69794	0.02929	0.02527	0.01838	0.00919	0.00747	0.00230	0.00632	0.00747	0.00919	0.01263
29	0.01196	0.00854	0.01196	0.01367	0.01538	0.00854	0.01196	0.01538	0.01709	0.02222	0.03931	0.08374	0.04272	0.02051	0.01025	0.00342	0.00684	0.64283	0.00684	0.00684
30	0.01402	0.01319	0.02227	0.72126	0.05113	0.01649	0.02062	0.01897	0.01484	0.01897	0.01319	0.01979	0.00990	0.00742	0.00742	0.00247	0.00990	0.00660	0.00330	0.00825
31	0.52562	0.04392	0.01475	0.11841	0.02084	0.01627	0.01058	0.02360	0.01439	0.13229	0.01367	0.01525	0.00997	0.00730	0.00547	0.00229	0.00655	0.00494	0.00504	0.00884
32	0.00969	0.00756	0.00880	0.00849	0.01059	0.00666	0.00637	0.01244	0.01910	0.02522	0.40132	0.06295	0.36044	0.01688	0.00876	0.00242	0.00362	0.01448	0.00757	0.00666
33	0.02845	0.02043	0.02205	0.01691	0.02284	0.02248	0.01397	0.63986	0.03429	0.07583	0.01833	0.01816	0.01288	0.00892	0.00743	0.00223	0.00809	0.00672	0.00750	0.01263
34	0.01080	0.00720	0.00810	0.00810	0.00810	0.00720	0.00450	0.01080	0.01080	0.01439	0.02339	0.04858	0.02699	0.73910	0.03779	0.00720	0.00720	0.01080	0.00450	0.00450
35	0.28781	0.01313	0.01403	0.01131	0.01631	0.01286	0.00918	0.06006	0.01788	0.21593	0.10471	0.02232	0.01978	0.00845	0.00626	0.00207	0.00570	0.00642	0.00645	0.15936
36	0.79154	0.01436	0.01091	0.00976	0.01436	0.01665	0.00804	0.02182	0.01263	0.03331	0.01034	0.01206	0.00804	0.00689	0.00459	0.00230	0.00574	0.00402	0.00459	0.00804
37	0.01275	0.01184	0.06634	0.01218	0.01494	0.01037	0.01009	0.04742	0.13255	0.02695	0.27969	0.22093	0.04719	0.01582	0.00865	0.00261	0.00516	0.05918	0.00721	0.00813
38	0.02641	0.01212	0.01583	0.01237	0.01758	0.01050	0.01003	0.03025	0.04965	0.46209	0.12548	0.02834	0.02514	0.00954	0.00735	0.00212	0.00575	0.00792	0.00821	0.13334
39	0.01539	0.01319	0.01539	0.01100	0.01759	0.00990	0.00880	0.01869	0.01539	0.02419	0.01319	0.01539	0.01100	0.00550	0.00550	0.00110	0.00550	0.00440	0.00440	0.78449
40	0.01979	0.60852	0.03599	0.01367	0.01995	0.06527	0.03932	0.02239	0.01555	0.01837	0.01084	0.01264	0.00973	0.00634	0.00510	0.00160	0.00821	0.00425	0.00335	0.07912
41	0.01289	0.00645	0.00967	0.00967	0.00967	0.00645	0.00645	0.00967	0.00967	0.01289	0.01289	0.02257	0.01289	0.02579	0.02901	0.78401	0.00645	0.00645	0.00322	0.00322
42	0.02669	0.01315	0.01643	0.01335	0.01823	0.01275	0.01076	0.06187	0.17883	0.42660	0.11164	0.02930	0.02562	0.01014	0.00765	0.00235	0.00594	0.00840	0.00859	0.01172
43	0.13445	0.08516	0.02250	0.08663	0.02433	0.06994	0.04358	0.27220	0.05119	0.07984	0.01594	0.01730	0.01181	0.00830	0.00765	0.00226	0.04452	0.00612	0.00571	0.01057
44	0.01664	0.13016	0.11105	0.21263	0.03368	0.01955	0.16284	0.05156	0.04983	0.02221	0.01671	0.02044	0.04110	0.00814	0.00881	0.00239	0.07185	0.00703	0.00392	0.00945
45	0.01102	0.05922	0.01175	0.00942	0.01156	0.00851	0.00729	0.01430	0.02025	0.02809	0.58944	0.05375	0.11813	0.01486	0.00848	0.00230	0.00384	0.01295	0.00771	0.00712
46	0.01903	0.01767	0.01753	0.04422	0.02065	0.11918	0.01091	0.11205	0.01899	0.02623	0.01358	0.01562	0.01096	0.00639	0.00604	0.00144	0.00728	0.00488	0.00469	0.52266
47	0.01534	0.12585	0.59101	0.01964	0.02968	0.01837	0.02480	0.02299	0.01580	0.02299	0.03882	0.01672	0.01174	0.00728	0.00683	0.00225	0.01030	0.00560	0.00333	0.01064
48	0.05962	0.62027	0.06239	0.01324	0.01935	0.02737	0.01318	0.02244	0.01497	0.03802	0.01095	0.01267	0.00971	0.00682	0.00591	0.00176	0.04412	0.00426	0.00342	0.00953
49	0.05929	0.01692	0.02686	0.40118	0.04163	0.08007	0.19236	0.02124	0.01611	0.02113	0.01451	0.02164	0.01157	0.00767	0.00768	0.00246	0.01055	0.03475	0.00370	0.00868
50	0.01248	0.00645	0.00956	0.00974	0.00979	0.00640	0.00649	0.00974	0.01016	0.01354	0.01589	0.09876	0.01677	0.02552	0.02692	0.70040	0.00622	0.00802	0.00362	0.00352
51	0.00955	0.00796	0.00840	0.00833	0.01079	0.00700	0.00633	0.01256	0.04791	0.02177	0.14264	0.06807	0.56165	0.01805	0.00877	0.00252	0.00395	0.04006	0.00707	0.00663
52	0.01879	0.54133	0.10509	0.01565	0.02189	0.02665	0.06258	0.02201	0.01493	0.01859	0.01091	0.01335	0.00967	0.00712	0.00737	0.00191	0.08464	0.00474	0.00322	0.00956
53	0.01669	0.01816	0.03614	0.14357	0.03710	0.01916	0.43264	0.02183	0.01588	0.02183	0.01369	0.01925	0.01074	0.00776	0.01157	0.00264	0.15045	0.00796	0.00358	0.00935
54	0.00901	0.00660	0.00847	0.00997	0.01067	0.00606	0.00673	0.01038	0.01457	0.01910	0.04541	0.64744	0.13302	0.02267	0.00938	0.00295	0.00424	0.02039	0.00689	0.00606
55	0.01484	0.01450	0.02533	0.55252	0.04636	0.01724	0.11766	0.02046	0.04159	0.02012	0.01397	0.01996	0.01060	0.00764	0.00850	0.00252	0.04701	0.00699	0.00353	0.00865
56	0.04615	0.01477	0.02247	0.57464	0.04545	0.04712	0.05244	0.02130	0.06401	0.02064	0.01435	0.01980	0.01082	0.00755	0.00736	0.00245	0.00972	0.00666	0.00371	0.00860
57	0.00981	0.00747	0.01049	0.10273	0.01618	0.00751	0.00885	0.01169	0.01453	0.01914	0.03861	0.58648	0.06929	0.02090	0.00921	0.00294	0.00512	0.04625	0.00642	0.00636
58	0.01474	0.01358	0.02227	0.68572	0.04971	0.01682	0.02029	0.05173	0.01586	0.02037	0.01343	0.01969	0.01003	0.00750	0.00742	0.00246	0.00981	0.00660	0.00351	0.00847

[dist]
# distance from previous block
# <min> <max>
0	13

# created by:
# /st0/software/busco_prod/Augustus/scripts/msa2prfl.pl ./align_prep/174227.fa
