[name]
unknown

[dist]
# distance from previous block
# <min> <max>
0	29

[block]
# block no. 0 follows, 27 sequences, length 86
# corresponding to MSA columns:
# 29-114
name=unknown_A
#
# <colnr> <probs for GDERKNQSTAVLIFYWHMCP>
#	G	D	E	R	K	N	Q	S	T	A	V	L	I	F	Y	W	H	M	C	P
0	0.01302	0.00945	0.01270	0.01371	0.01591	0.00939	0.01190	0.05026	0.01794	0.02363	0.03673	0.07649	0.03938	0.01907	0.00984	0.00323	0.00683	0.57398	0.00673	0.04980
1	0.61746	0.01415	0.01206	0.01039	0.01499	0.01578	0.00843	0.05764	0.01453	0.08311	0.01300	0.01546	0.01021	0.04605	0.00677	0.00250	0.00599	0.00480	0.00508	0.04159
2	0.01406	0.01424	0.05866	0.64488	0.04783	0.01603	0.02017	0.01913	0.01493	0.01968	0.01379	0.01999	0.01035	0.00747	0.00728	0.00243	0.00961	0.00655	0.04460	0.00833
3	0.01256	0.00653	0.00974	0.00983	0.00993	0.00658	0.00663	0.00990	0.01004	0.01345	0.01477	0.06077	0.01513	0.02729	0.06531	0.70013	0.00707	0.00731	0.00346	0.00356
4	0.01056	0.00795	0.01011	0.01058	0.01250	0.00749	0.00859	0.01352	0.01789	0.02351	0.23585	0.06909	0.23331	0.02041	0.04777	0.00331	0.00572	0.24806	0.00708	0.00671
5	0.01505	0.01542	0.05949	0.34810	0.27605	0.01578	0.02001	0.01964	0.01563	0.02110	0.01851	0.02346	0.06214	0.01061	0.04600	0.00289	0.00965	0.00730	0.00373	0.00942
6	0.01510	0.01423	0.05153	0.01145	0.01801	0.01013	0.00969	0.01869	0.01572	0.02446	0.05027	0.01761	0.01415	0.00611	0.00576	0.00123	0.00568	0.00495	0.00454	0.70071
7	0.01542	0.06470	0.60150	0.02105	0.03129	0.01788	0.06102	0.02432	0.05104	0.02368	0.01419	0.01640	0.01022	0.00714	0.00708	0.00234	0.01066	0.00576	0.00341	0.01090
8	0.01047	0.00762	0.00988	0.00941	0.01120	0.00703	0.00712	0.01389	0.02067	0.02901	0.63441	0.05729	0.09976	0.01555	0.00881	0.00238	0.00364	0.03683	0.00806	0.00696
9	0.01061	0.00795	0.01193	0.01193	0.01326	0.00928	0.00928	0.01326	0.01193	0.01723	0.01988	0.02916	0.01856	0.05568	0.70968	0.01193	0.01988	0.00795	0.00398	0.00663
10	0.01539	0.01319	0.01539	0.01100	0.01759	0.00990	0.00880	0.01869	0.01539	0.02419	0.01319	0.01539	0.01100	0.00550	0.00550	0.00110	0.00550	0.00440	0.00440	0.78449
11	0.00904	0.00646	0.00861	0.01034	0.01077	0.00603	0.00689	0.01034	0.01421	0.01895	0.04092	0.73426	0.04910	0.02326	0.00948	0.00301	0.00431	0.02110	0.00689	0.00603
12	0.01044	0.00751	0.01018	0.01175	0.01290	0.00725	0.00921	0.01282	0.01589	0.02087	0.06251	0.38183	0.07269	0.02153	0.00979	0.00316	0.00544	0.31087	0.00691	0.00645
13	0.27121	0.01317	0.01525	0.01213	0.01751	0.01271	0.01001	0.03167	0.01855	0.48940	0.02334	0.02112	0.01513	0.00847	0.00656	0.00230	0.00614	0.00638	0.00775	0.01119
14	0.03242	0.01266	0.01714	0.01310	0.01888	0.01086	0.01081	0.03531	0.02096	0.66453	0.02849	0.02478	0.01801	0.00901	0.00737	0.00224	0.00628	0.00731	0.00895	0.05090
15	0.01196	0.00854	0.01196	0.01367	0.01538	0.00854	0.01196	0.01538	0.01709	0.02222	0.03931	0.08374	0.04272	0.02051	0.01025	0.00342	0.00684	0.64283	0.00684	0.00684
16	0.15283	0.01497	0.01573	0.01371	0.01815	0.01667	0.01085	0.06010	0.41054	0.12943	0.05883	0.02565	0.02148	0.00961	0.00709	0.00243	0.00589	0.00769	0.00731	0.01104
17	0.01064	0.00722	0.00805	0.00805	0.00824	0.00713	0.00458	0.01079	0.01126	0.01482	0.02729	0.05030	0.07683	0.68494	0.03560	0.00684	0.00694	0.01116	0.00468	0.00463
18	0.01051	0.00759	0.00992	0.00934	0.01109	0.00700	0.00700	0.01401	0.02101	0.02977	0.68888	0.05545	0.07005	0.01518	0.00876	0.00233	0.00350	0.01343	0.00817	0.00700
19	0.07708	0.01572	0.01636	0.01464	0.01892	0.01808	0.01144	0.03802	0.60792	0.05283	0.02869	0.02644	0.02142	0.00980	0.00733	0.00249	0.00588	0.00803	0.00738	0.01150
20	0.33648	0.01788	0.01733	0.01399	0.01928	0.02015	0.01150	0.36633	0.06712	0.04033	0.01559	0.01612	0.01141	0.00817	0.00629	0.00227	0.00704	0.00572	0.00629	0.01071
21	0.01140	0.00814	0.01131	0.01302	0.01448	0.00806	0.01098	0.01440	0.01653	0.02158	0.03962	0.21019	0.04396	0.02104	0.01010	0.00334	0.00634	0.52198	0.00685	0.00668
22	0.01314	0.00706	0.00755	0.00743	0.00916	0.00694	0.00557	0.01661	0.01671	0.02812	0.16407	0.03352	0.02976	0.01002	0.00594	0.00186	0.00347	0.00829	0.61785	0.00694
23	0.01335	0.00852	0.01074	0.00978	0.01222	0.00782	0.00747	0.01722	0.04584	0.10985	0.49774	0.05293	0.14819	0.01476	0.00855	0.00236	0.00397	0.01282	0.00809	0.00777
24	0.01080	0.00720	0.00810	0.00810	0.00810	0.00720	0.00450	0.01080	0.01080	0.01439	0.02339	0.04858	0.02699	0.73910	0.03779	0.00720	0.00720	0.01080	0.00450	0.00450
25	0.01833	0.02008	0.04219	0.03022	0.03761	0.01909	0.61682	0.07223	0.01883	0.02551	0.01523	0.01986	0.01137	0.00646	0.00866	0.00248	0.01219	0.00860	0.00403	0.01021
26	0.00904	0.00646	0.00861	0.01034	0.01077	0.00603	0.00689	0.01034	0.01421	0.01895	0.04092	0.73426	0.04910	0.02326	0.00948	0.00301	0.00431	0.02110	0.00689	0.00603
27	0.07734	0.01566	0.01637	0.01461	0.01891	0.01795	0.01143	0.03796	0.59662	0.06429	0.02867	0.02640	0.02135	0.00979	0.00733	0.00249	0.00589	0.00802	0.00741	0.01152
28	0.01402	0.01319	0.02227	0.72126	0.05113	0.01649	0.02062	0.01897	0.01484	0.01897	0.01319	0.01979	0.00990	0.00742	0.00742	0.00247	0.00990	0.00660	0.00330	0.00825
29	0.02687	0.03394	0.02117	0.01915	0.02269	0.65767	0.01449	0.02876	0.02031	0.01815	0.01134	0.01360	0.00958	0.00805	0.00802	0.00201	0.06694	0.00491	0.00378	0.00857
30	0.01339	0.00826	0.01066	0.00983	0.01217	0.00747	0.00755	0.01655	0.02021	0.11835	0.48334	0.07445	0.13538	0.01524	0.00866	0.00241	0.00406	0.03629	0.00807	0.00764
31	0.01153	0.00777	0.00958	0.01016	0.01117	0.00756	0.00684	0.01418	0.06414	0.05533	0.06398	0.42230	0.06272	0.19807	0.01617	0.00393	0.00519	0.01636	0.00653	0.00648
32	0.09832	0.00813	0.01042	0.01132	0.01271	0.00802	0.02755	0.01284	0.01468	0.02127	0.03765	0.50522	0.06525	0.02030	0.00900	0.00296	0.00509	0.11621	0.00653	0.00651
33	0.02773	0.03538	0.02104	0.01913	0.02295	0.70930	0.01434	0.02964	0.02104	0.01817	0.01148	0.01339	0.00956	0.00765	0.00669	0.00191	0.01339	0.00478	0.00383	0.00861
34	0.01539	0.01319	0.01539	0.01100	0.01759	0.00990	0.00880	0.01869	0.01539	0.02419	0.01319	0.01539	0.01100	0.00550	0.00550	0.00110	0.00550	0.00440	0.00440	0.78449
35	0.02053	0.66902	0.06300	0.01306	0.01955	0.02771	0.01315	0.02318	0.01551	0.06181	0.01167	0.01292	0.01010	0.00656	0.00503	0.00166	0.00795	0.00425	0.00356	0.00978
36	0.01096	0.00750	0.00952	0.00901	0.01076	0.00699	0.00676	0.01445	0.02028	0.02949	0.59901	0.05170	0.06315	0.01429	0.00827	0.00225	0.00350	0.01255	0.11257	0.00699
37	0.01402	0.01319	0.02227	0.72126	0.05113	0.01649	0.02062	0.01897	0.01484	0.01897	0.01319	0.01979	0.00990	0.00742	0.00742	0.00247	0.00990	0.00660	0.00330	0.00825
38	0.00911	0.00753	0.00798	0.00787	0.01023	0.00641	0.00590	0.01130	0.01771	0.02192	0.19288	0.06838	0.57094	0.01811	0.00877	0.00247	0.00371	0.01524	0.00714	0.00641
39	0.02716	0.05731	0.04323	0.01851	0.02312	0.51135	0.01464	0.17077	0.02373	0.02466	0.01290	0.01439	0.01024	0.00787	0.00680	0.00198	0.01196	0.00520	0.00458	0.00960
40	0.01837	0.01764	0.03013	0.04557	0.69279	0.01764	0.02278	0.02278	0.01690	0.02425	0.01396	0.01837	0.01176	0.00661	0.00735	0.00220	0.00882	0.00661	0.00367	0.01176
41	0.05113	0.01815	0.13563	0.01493	0.02110	0.01415	0.01391	0.12933	0.06101	0.36553	0.04207	0.06066	0.01884	0.00966	0.00744	0.00235	0.00718	0.00783	0.00747	0.01164
42	0.07597	0.06524	0.02289	0.10765	0.04732	0.10535	0.01595	0.02019	0.01352	0.01940	0.01062	0.01582	0.00967	0.01053	0.01672	0.00277	0.42259	0.00595	0.00344	0.00841
43	0.01402	0.01319	0.02227	0.72126	0.05113	0.01649	0.02062	0.01897	0.01484	0.01897	0.01319	0.01979	0.00990	0.00742	0.00742	0.00247	0.00990	0.00660	0.00330	0.00825
44	0.04829	0.01653	0.02148	0.13438	0.16646	0.01811	0.01572	0.24941	0.09934	0.05917	0.01994	0.08262	0.01645	0.00953	0.00751	0.00237	0.00782	0.00806	0.00592	0.01090
45	0.01577	0.01198	0.01784	0.01790	0.06385	0.01215	0.08289	0.02256	0.13208	0.07651	0.03266	0.05831	0.03192	0.01537	0.00922	0.00300	0.00737	0.37323	0.00660	0.00881
46	0.43820	0.01355	0.01385	0.01137	0.01650	0.01398	0.00938	0.02851	0.01665	0.34303	0.01917	0.01821	0.01286	0.00796	0.00593	0.00230	0.00601	0.00563	0.00674	0.01018
47	0.01022	0.00758	0.00952	0.00904	0.01091	0.00688	0.00678	0.01345	0.02033	0.02815	0.58669	0.05812	0.17325	0.01578	0.00876	0.00236	0.00355	0.01380	0.00796	0.00688
48	0.00910	0.00649	0.00860	0.01026	0.01068	0.00607	0.00681	0.01035	0.01410	0.01880	0.04032	0.71098	0.04835	0.04756	0.01044	0.00316	0.00441	0.02075	0.00681	0.00598
49	0.01679	0.30867	0.44702	0.01792	0.02712	0.02189	0.02178	0.02302	0.01545	0.02119	0.01217	0.01423	0.00945	0.00678	0.00618	0.00206	0.00981	0.00490	0.00315	0.01042
50	0.02773	0.03538	0.02104	0.01913	0.02295	0.70930	0.01434	0.02964	0.02104	0.01817	0.01148	0.01339	0.00956	0.00765	0.00669	0.00191	0.01339	0.00478	0.00383	0.00861
51	0.05785	0.02462	0.30729	0.06533	0.12955	0.01617	0.08388	0.02261	0.01577	0.07380	0.01598	0.04628	0.01273	0.01111	0.05352	0.00303	0.03930	0.00693	0.00403	0.01021
52	0.01623	0.25070	0.47492	0.01816	0.02740	0.02054	0.02222	0.02277	0.01569	0.02191	0.03729	0.01600	0.01167	0.00714	0.00642	0.00212	0.00978	0.00532	0.00333	0.01039
53	0.01489	0.03840	0.70064	0.02116	0.03213	0.01724	0.02743	0.02351	0.01567	0.02351	0.01332	0.01567	0.00940	0.00705	0.00705	0.00235	0.01097	0.00549	0.00313	0.01097
54	0.79154	0.01436	0.01091	0.00976	0.01436	0.01665	0.00804	0.02182	0.01263	0.03331	0.01034	0.01206	0.00804	0.00689	0.00459	0.00230	0.00574	0.00402	0.00459	0.00804
55	0.01504	0.03751	0.67202	0.02220	0.06033	0.01726	0.02723	0.02348	0.01573	0.02354	0.01335	0.01579	0.00950	0.00703	0.00707	0.00234	0.01088	0.00553	0.00316	0.01100
56	0.01787	0.01724	0.02978	0.11886	0.59861	0.01756	0.04622	0.02240	0.01670	0.02366	0.01392	0.01859	0.01154	0.00669	0.00741	0.00225	0.00907	0.00669	0.00364	0.01131
57	0.01061	0.00795	0.01193	0.01193	0.01326	0.00928	0.00928	0.01326	0.01193	0.01723	0.01988	0.02916	0.01856	0.05568	0.70968	0.01193	0.01988	0.00795	0.00398	0.00663
58	0.03182	0.01383	0.01815	0.04145	0.02079	0.01287	0.01175	0.12638	0.02296	0.57774	0.02701	0.02398	0.01722	0.00908	0.00746	0.00229	0.00672	0.00732	0.00870	0.01246
59	0.01612	0.02962	0.39709	0.02650	0.08731	0.01801	0.24319	0.02332	0.01623	0.02344	0.01381	0.01739	0.01024	0.00698	0.00833	0.00243	0.03926	0.00673	0.00339	0.01060
60	0.01624	0.01624	0.02274	0.01949	0.01949	0.02274	0.01624	0.01787	0.01137	0.01787	0.00975	0.01624	0.00975	0.01299	0.02436	0.00325	0.72552	0.00650	0.00325	0.00812
61	0.49057	0.01887	0.01522	0.01292	0.01776	0.11195	0.01046	0.19025	0.01954	0.03475	0.01243	0.01373	0.00943	0.00752	0.00561	0.00223	0.00740	0.00481	0.00522	0.00930
62	0.00937	0.00660	0.00852	0.00992	0.01027	0.00625	0.00644	0.01042	0.01357	0.01809	0.03762	0.60542	0.04495	0.15777	0.01479	0.00380	0.00485	0.01917	0.00644	0.00574
63	0.01402	0.01319	0.02227	0.72126	0.05113	0.01649	0.02062	0.01897	0.01484	0.01897	0.01319	0.01979	0.00990	0.00742	0.00742	0.00247	0.00990	0.00660	0.00330	0.00825
64	0.01843	0.01836	0.02814	0.15185	0.53568	0.07337	0.02175	0.02273	0.01691	0.02291	0.01364	0.01820	0.01128	0.00683	0.00731	0.00222	0.00936	0.00646	0.00363	0.01094
65	0.01076	0.00736	0.00890	0.00890	0.00918	0.00763	0.00550	0.01131	0.01103	0.01499	0.02266	0.04451	0.02522	0.59581	0.17866	0.00819	0.00986	0.01020	0.00439	0.00494
66	0.00904	0.00646	0.00861	0.01034	0.01077	0.00603	0.00689	0.01034	0.01421	0.01895	0.04092	0.73426	0.04910	0.02326	0.00948	0.00301	0.00431	0.02110	0.00689	0.00603
67	0.01491	0.01383	0.02297	0.66023	0.04919	0.01693	0.04121	0.05473	0.01603	0.02065	0.01351	0.01969	0.01009	0.00747	0.00747	0.00246	0.00989	0.00667	0.00354	0.00854
68	0.01881	0.01707	0.04380	0.01544	0.01999	0.01864	0.01248	0.06999	0.62148	0.03154	0.02894	0.02674	0.02165	0.00990	0.00753	0.00250	0.00619	0.00819	0.00737	0.01176
69	0.01402	0.01319	0.02227	0.72126	0.05113	0.01649	0.02062	0.01897	0.01484	0.01897	0.01319	0.01979	0.00990	0.00742	0.00742	0.00247	0.00990	0.00660	0.00330	0.00825
70	0.01626	0.01442	0.01922	0.06521	0.02257	0.01247	0.07817	0.04704	0.06629	0.02520	0.01485	0.01722	0.01189	0.00620	0.00621	0.00150	0.00668	0.00540	0.00461	0.55860
71	0.01539	0.01319	0.01539	0.01100	0.01759	0.00990	0.00880	0.01869	0.01539	0.02419	0.01319	0.01539	0.01100	0.00550	0.00550	0.00110	0.00550	0.00440	0.00440	0.78449
72	0.01584	0.03177	0.46365	0.02481	0.03454	0.01779	0.25777	0.02361	0.01634	0.02361	0.01393	0.01724	0.01008	0.00677	0.00767	0.00241	0.01153	0.00667	0.00336	0.01063
73	0.00987	0.00756	0.00904	0.00867	0.01070	0.00673	0.00650	0.01277	0.01951	0.02619	0.46271	0.06135	0.29845	0.01651	0.00876	0.00240	0.00360	0.01425	0.00770	0.00673
74	0.01187	0.00844	0.01167	0.01325	0.01483	0.00844	0.01140	0.01504	0.01662	0.02163	0.03811	0.08110	0.04154	0.07455	0.01232	0.00370	0.00686	0.59530	0.00666	0.00666
75	0.01539	0.01319	0.01539	0.01100	0.01759	0.00990	0.00880	0.01869	0.01539	0.02419	0.01319	0.01539	0.01100	0.00550	0.00550	0.00110	0.00550	0.00440	0.00440	0.78449
76	0.02728	0.01749	0.02056	0.01782	0.07165	0.01850	0.01349	0.34044	0.13605	0.22326	0.02276	0.02156	0.01581	0.00901	0.00745	0.00229	0.00733	0.00718	0.00765	0.01242
77	0.00890	0.00730	0.00785	0.00819	0.01023	0.00625	0.00596	0.01073	0.01653	0.02024	0.09418	0.21022	0.52853	0.01958	0.00892	0.00261	0.00386	0.01672	0.00695	0.00625
78	0.02773	0.03538	0.02104	0.01913	0.02295	0.70930	0.01434	0.02964	0.02104	0.01817	0.01148	0.01339	0.00956	0.00765	0.00669	0.00191	0.01339	0.00478	0.00383	0.00861
79	0.01604	0.01505	0.02318	0.41263	0.03818	0.01913	0.04151	0.07272	0.01549	0.02110	0.01253	0.01850	0.01012	0.00930	0.01292	0.00270	0.23998	0.00665	0.00364	0.00863
80	0.01079	0.00722	0.00823	0.00823	0.00828	0.00727	0.00467	0.01088	0.01084	0.01450	0.02327	0.04789	0.02669	0.71464	0.06184	0.00737	0.00765	0.01069	0.00448	0.00457
81	0.01080	0.00720	0.00810	0.00810	0.00810	0.00720	0.00450	0.01080	0.01080	0.01439	0.02339	0.04858	0.02699	0.73910	0.03779	0.00720	0.00720	0.01080	0.00450	0.00450
82	0.02753	0.02045	0.02189	0.01694	0.02276	0.02270	0.01394	0.62345	0.08062	0.04567	0.01870	0.01852	0.01334	0.00899	0.00744	0.00225	0.00801	0.00681	0.00744	0.01256
83	0.01735	0.21945	0.26874	0.02096	0.02833	0.04086	0.16848	0.02269	0.01555	0.02110	0.01241	0.01568	0.00991	0.00745	0.00900	0.00228	0.10056	0.00594	0.00332	0.00994
84	0.01870	0.35932	0.15972	0.01584	0.02241	0.02335	0.03599	0.07058	0.07165	0.02263	0.01342	0.01524	0.01100	0.00745	0.00738	0.00198	0.06577	0.00521	0.00396	0.06839
85	0.01882	0.20630	0.10624	0.03140	0.36109	0.03965	0.04187	0.04297	0.01679	0.02272	0.01289	0.01625	0.01080	0.00692	0.00732	0.00210	0.03559	0.00583	0.00360	0.01085

[dist]
# distance from previous block
# <min> <max>
0	8

# created by:
# /st0/software/busco_prod/Augustus/scripts/msa2prfl.pl ./align_prep/174919.fa
