[name]
unknown

[dist]
# distance from previous block
# <min> <max>
0	51

[block]
# block no. 0 follows, 30 sequences, length 25
# corresponding to MSA columns:
# 52-76
name=unknown_A
#
# <colnr> <probs for GDERKNQSTAVLIFYWHMCP>
#	G	D	E	R	K	N	Q	S	T	A	V	L	I	F	Y	W	H	M	C	P
0	0.11248	0.09736	0.01957	0.05042	0.02010	0.04744	0.06032	0.12726	0.14096	0.05918	0.05245	0.04222	0.01831	0.00909	0.00668	0.00215	0.00694	0.06055	0.00551	0.06100
1	0.01680	0.07502	0.02163	0.02211	0.21129	0.01552	0.06249	0.04779	0.19815	0.06418	0.04798	0.08866	0.03986	0.01161	0.04328	0.00267	0.00740	0.00843	0.00535	0.00979
2	0.05526	0.04680	0.02081	0.05954	0.05446	0.03503	0.13700	0.10097	0.06504	0.02419	0.02465	0.10602	0.10731	0.01005	0.00759	0.00216	0.02864	0.00885	0.00497	0.10066
3	0.05034	0.06293	0.20019	0.01853	0.11333	0.13850	0.01554	0.02078	0.04094	0.02266	0.16968	0.02508	0.04848	0.00904	0.00740	0.00212	0.03396	0.00720	0.00453	0.00876
4	0.20239	0.09326	0.16593	0.07512	0.09683	0.03980	0.01487	0.08615	0.01650	0.02579	0.07318	0.01994	0.04730	0.00787	0.00616	0.00210	0.00747	0.00606	0.00433	0.00896
5	0.05919	0.25621	0.06911	0.01893	0.15102	0.12817	0.01392	0.06044	0.04922	0.02137	0.01899	0.02024	0.09011	0.00792	0.00605	0.00191	0.00795	0.00602	0.00406	0.00916
6	0.07817	0.18309	0.31353	0.05689	0.09523	0.03896	0.05928	0.02116	0.01497	0.02163	0.04668	0.01623	0.01198	0.00681	0.00620	0.00204	0.00886	0.00545	0.00341	0.00944
7	0.22490	0.07317	0.09955	0.03770	0.01884	0.05890	0.01192	0.15762	0.06689	0.02864	0.06257	0.02294	0.09158	0.00885	0.00624	0.00213	0.00684	0.00663	0.00516	0.00891
8	0.02137	0.01877	0.08029	0.12571	0.02616	0.01862	0.04836	0.43011	0.02603	0.03504	0.04177	0.01988	0.03693	0.00833	0.00705	0.00213	0.00799	0.00673	0.00580	0.03294
9	0.02227	0.01718	0.01785	0.01460	0.01887	0.05465	0.01160	0.47691	0.05956	0.03605	0.02087	0.14044	0.01853	0.04680	0.00866	0.00244	0.00718	0.00871	0.00659	0.01023
10	0.00946	0.00698	0.00877	0.00874	0.01025	0.00639	0.00643	0.01206	0.01766	0.02414	0.45150	0.16108	0.16654	0.04388	0.00941	0.00253	0.00369	0.03713	0.00713	0.00624
11	0.06180	0.02291	0.23460	0.02949	0.23690	0.01679	0.25191	0.02189	0.01552	0.02293	0.01309	0.01672	0.01004	0.00624	0.00714	0.00222	0.00992	0.00646	0.00338	0.01006
12	0.00842	0.00706	0.00734	0.00746	0.00968	0.00598	0.00562	0.01027	0.01593	0.01918	0.08900	0.09693	0.63349	0.01780	0.00833	0.00240	0.00366	0.03901	0.00652	0.00592
13	0.01727	0.01658	0.02832	0.04283	0.71123	0.01658	0.02142	0.02142	0.01589	0.02280	0.01313	0.01727	0.01105	0.00622	0.00691	0.00207	0.00829	0.00622	0.00345	0.01105
14	0.01022	0.00746	0.00922	0.00875	0.01025	0.00712	0.00632	0.01366	0.05189	0.02496	0.51670	0.05043	0.08965	0.14783	0.01310	0.00304	0.00404	0.01205	0.00697	0.00635
15	0.00861	0.00615	0.00822	0.00984	0.01029	0.00576	0.00667	0.00991	0.01347	0.01794	0.03840	0.72342	0.04591	0.02176	0.00894	0.00285	0.00414	0.04554	0.00648	0.00570
16	0.00985	0.00664	0.00770	0.00799	0.00806	0.00657	0.00463	0.01007	0.01073	0.01430	0.02495	0.17239	0.02911	0.62294	0.03073	0.00606	0.00628	0.01189	0.00463	0.00449
17	0.01015	0.00677	0.00761	0.00761	0.00761	0.00677	0.00423	0.01015	0.01015	0.01353	0.02199	0.04567	0.02537	0.75476	0.03552	0.00677	0.00677	0.01015	0.00423	0.00423
18	0.03131	0.01188	0.01619	0.01242	0.01781	0.01026	0.01026	0.03401	0.01997	0.71606	0.02753	0.02375	0.01727	0.00864	0.00702	0.00216	0.00594	0.00702	0.00864	0.01188
19	0.01352	0.01275	0.02155	0.67956	0.10379	0.01559	0.01955	0.01813	0.01412	0.01825	0.01246	0.01849	0.00945	0.00691	0.00697	0.00230	0.00922	0.00620	0.00313	0.00803
20	0.03131	0.01188	0.01619	0.01242	0.01781	0.01026	0.01026	0.03401	0.01997	0.71606	0.02753	0.02375	0.01727	0.00864	0.00702	0.00216	0.00594	0.00702	0.00864	0.01188
21	0.01318	0.01240	0.02093	0.73798	0.04806	0.01550	0.01938	0.01783	0.01395	0.01783	0.01240	0.01860	0.00930	0.00698	0.00698	0.00233	0.00930	0.00620	0.00310	0.00775
22	0.01804	0.66343	0.12670	0.01299	0.01953	0.02610	0.01377	0.02105	0.01425	0.01717	0.01007	0.01166	0.00894	0.00606	0.00476	0.00159	0.00784	0.00392	0.00298	0.00913
23	0.00847	0.00621	0.00796	0.00936	0.01003	0.00570	0.00632	0.00976	0.01371	0.01795	0.04284	0.65736	0.13617	0.02129	0.00882	0.00277	0.00398	0.01914	0.00648	0.00570
24	0.01828	0.01503	0.01599	0.01420	0.01826	0.01722	0.01109	0.06112	0.64545	0.05853	0.02793	0.02560	0.02078	0.00939	0.00709	0.00235	0.00562	0.00779	0.00716	0.01111

[dist]
# distance from previous block
# <min> <max>
0	1

[block]
# block no. 1 follows, 30 sequences, length 66
# corresponding to MSA columns:
# 78-143
name=unknown_B
#
# <colnr> <probs for GDERKNQSTAVLIFYWHMCP>
#	G	D	E	R	K	N	Q	S	T	A	V	L	I	F	Y	W	H	M	C	P
0	0.77474	0.01372	0.01066	0.00944	0.01380	0.01588	0.00777	0.04567	0.01266	0.03179	0.00998	0.01154	0.00772	0.00655	0.00442	0.00216	0.00548	0.00387	0.00442	0.00772
1	0.00990	0.00722	0.00944	0.01044	0.01153	0.00704	0.00777	0.01293	0.05214	0.02090	0.16138	0.40969	0.04654	0.03917	0.00957	0.00288	0.00460	0.16395	0.00666	0.00626
2	0.02047	0.01674	0.01725	0.01426	0.01905	0.05540	0.01134	0.21579	0.34356	0.05741	0.02167	0.02082	0.01614	0.00834	0.00672	0.00204	0.00647	0.00664	0.00647	0.13342
3	0.01619	0.37578	0.39810	0.01615	0.02443	0.02157	0.01928	0.02153	0.01447	0.01943	0.01120	0.01307	0.00889	0.00632	0.00562	0.00187	0.00897	0.00449	0.00296	0.00968
4	0.01038	0.00742	0.01020	0.01151	0.01283	0.00725	0.00942	0.01311	0.01592	0.02112	0.13136	0.24003	0.04524	0.01921	0.00926	0.00298	0.00540	0.41449	0.00661	0.00626
5	0.01614	0.01379	0.01694	0.01403	0.04819	0.01292	0.03420	0.09310	0.12272	0.02547	0.01670	0.05662	0.01413	0.00751	0.00695	0.00165	0.04304	0.00614	0.00492	0.44484
6	0.00877	0.00626	0.00840	0.01002	0.01054	0.00589	0.00694	0.01017	0.01362	0.01811	0.03832	0.68575	0.04558	0.02161	0.00898	0.00287	0.00428	0.08169	0.00647	0.00574
7	0.01463	0.06015	0.53658	0.02342	0.15544	0.01637	0.02370	0.02159	0.01511	0.02222	0.03868	0.01647	0.01140	0.00681	0.00666	0.00216	0.00956	0.00558	0.00322	0.01026
8	0.01005	0.00730	0.00957	0.00947	0.01114	0.00682	0.00741	0.01325	0.01884	0.02613	0.54450	0.05804	0.09567	0.01541	0.00850	0.00240	0.00391	0.13770	0.00738	0.00652
9	0.01975	0.01552	0.01715	0.01321	0.01866	0.01538	0.01066	0.30806	0.10005	0.03242	0.01713	0.04605	0.01367	0.00770	0.00632	0.00171	0.00624	0.00611	0.00579	0.33841
10	0.02131	0.01608	0.01859	0.01488	0.01942	0.01752	0.03839	0.43830	0.07027	0.03544	0.01890	0.05881	0.01521	0.01489	0.10447	0.00334	0.00873	0.00728	0.03590	0.04229
11	0.77555	0.04054	0.01121	0.00928	0.01366	0.01609	0.00772	0.02053	0.01196	0.03077	0.00972	0.01133	0.00761	0.00646	0.00432	0.00214	0.00547	0.00378	0.00427	0.00761
12	0.02575	0.01916	0.02051	0.01590	0.02135	0.02128	0.01308	0.63307	0.08896	0.04273	0.01774	0.01754	0.01266	0.00847	0.00699	0.00212	0.00750	0.00642	0.00699	0.01180
13	0.01841	0.01551	0.01637	0.01441	0.01855	0.01785	0.01130	0.11154	0.62245	0.03088	0.02707	0.02497	0.02022	0.00934	0.00709	0.00234	0.00577	0.00771	0.00709	0.01114
14	0.02488	0.01331	0.01600	0.01324	0.01797	0.01353	0.01062	0.03542	0.33255	0.39969	0.02793	0.02480	0.01913	0.00902	0.00706	0.00225	0.00575	0.00742	0.00793	0.01149
15	0.18819	0.06919	0.02414	0.04803	0.12462	0.05828	0.14077	0.07566	0.01564	0.02421	0.01288	0.04502	0.01107	0.00803	0.00900	0.00228	0.12383	0.00634	0.00397	0.00886
16	0.05031	0.61327	0.03422	0.01663	0.12554	0.02541	0.01324	0.02096	0.01435	0.01801	0.01023	0.01214	0.00922	0.00603	0.00485	0.00161	0.00751	0.00412	0.00311	0.00922
17	0.01301	0.00650	0.00650	0.00650	0.00813	0.00650	0.00488	0.01626	0.01463	0.02602	0.02276	0.02602	0.01789	0.00813	0.00488	0.00163	0.00325	0.00650	0.79350	0.00650
18	0.00885	0.00632	0.00850	0.01011	0.01067	0.00597	0.00708	0.01032	0.01370	0.01820	0.03827	0.66531	0.04540	0.02154	0.00900	0.00288	0.00435	0.10131	0.00647	0.00576
19	0.02259	0.29140	0.02658	0.01814	0.08465	0.41025	0.01367	0.02477	0.01741	0.01738	0.01062	0.01252	0.00917	0.00666	0.00570	0.00171	0.01035	0.00438	0.00336	0.00868
20	0.01653	0.04846	0.17063	0.05794	0.52475	0.01689	0.02190	0.02143	0.01553	0.02226	0.01285	0.01656	0.01047	0.00632	0.00676	0.00209	0.00871	0.00590	0.00332	0.01072
21	0.00876	0.00642	0.00823	0.00919	0.01010	0.00589	0.00635	0.01049	0.01504	0.02011	0.18536	0.51645	0.13244	0.01972	0.00868	0.00264	0.00382	0.01766	0.00674	0.00589
22	0.01028	0.00730	0.00869	0.00829	0.01031	0.00647	0.00619	0.01276	0.01772	0.05834	0.37687	0.08129	0.31527	0.03819	0.00903	0.00242	0.00365	0.01335	0.00711	0.00647
23	0.06441	0.01222	0.01448	0.01200	0.01607	0.01215	0.00958	0.15771	0.07418	0.28331	0.12607	0.09572	0.06933	0.01113	0.00730	0.00224	0.00552	0.00924	0.00748	0.00986
24	0.01599	0.01523	0.02532	0.18606	0.37360	0.01661	0.06236	0.04379	0.01550	0.02157	0.01504	0.02078	0.03041	0.00790	0.00907	0.00231	0.09700	0.02826	0.00364	0.00956
25	0.01014	0.00679	0.00775	0.00775	0.00779	0.00684	0.00440	0.01024	0.01019	0.01363	0.02186	0.04498	0.02507	0.72832	0.06154	0.00693	0.00721	0.01005	0.00421	0.00430
26	0.01447	0.01240	0.01447	0.01034	0.01654	0.00930	0.00827	0.01757	0.01447	0.02274	0.01240	0.01447	0.01034	0.00517	0.00517	0.00103	0.00517	0.00413	0.00413	0.79742
27	0.26422	0.03719	0.01898	0.19187	0.04844	0.08276	0.04000	0.18964	0.01878	0.02888	0.01254	0.01509	0.00948	0.00710	0.00607	0.00214	0.00799	0.00533	0.00453	0.00897
28	0.00850	0.00607	0.00810	0.00972	0.01012	0.00567	0.00648	0.00972	0.01336	0.01781	0.03846	0.75020	0.04615	0.02186	0.00891	0.00283	0.00405	0.01984	0.00648	0.00567
29	0.01469	0.08279	0.59305	0.02103	0.08439	0.01705	0.02400	0.02246	0.03733	0.02201	0.01290	0.01507	0.00944	0.00665	0.00652	0.00216	0.00980	0.00524	0.00313	0.01031
30	0.01429	0.08201	0.67528	0.01938	0.02942	0.01693	0.02490	0.02202	0.01470	0.02174	0.01234	0.01451	0.00885	0.00659	0.00649	0.00216	0.01013	0.00507	0.00295	0.01023
31	0.00852	0.00700	0.00750	0.00754	0.00963	0.00598	0.00559	0.01048	0.01631	0.02019	0.16725	0.11722	0.55768	0.01746	0.00830	0.00237	0.00354	0.01479	0.00667	0.00598
32	0.01304	0.01229	0.02096	0.67336	0.04560	0.01505	0.04242	0.01755	0.01401	0.01799	0.01387	0.05818	0.01134	0.00774	0.00713	0.00235	0.00911	0.00701	0.00330	0.00770
33	0.53502	0.01606	0.04129	0.03372	0.01812	0.04514	0.06270	0.10413	0.01543	0.03070	0.01159	0.01347	0.00882	0.00677	0.00522	0.00214	0.00670	0.00468	0.02996	0.00834
34	0.01301	0.00650	0.00650	0.00650	0.00813	0.00650	0.00488	0.01626	0.01463	0.02602	0.02276	0.02602	0.01789	0.00813	0.00488	0.00163	0.00325	0.00650	0.79350	0.00650
35	0.01027	0.00762	0.00989	0.01067	0.01246	0.00724	0.00891	0.01317	0.01680	0.02191	0.18522	0.07049	0.19865	0.01786	0.00902	0.00280	0.00511	0.37887	0.00670	0.00634
36	0.00969	0.00699	0.00916	0.00891	0.01038	0.00646	0.00657	0.01270	0.01889	0.02661	0.61697	0.14662	0.06318	0.01529	0.00832	0.00228	0.00339	0.01360	0.00752	0.00646
37	0.00850	0.00607	0.00810	0.00972	0.01012	0.00567	0.00648	0.00972	0.01336	0.01781	0.03846	0.75020	0.04615	0.02186	0.00891	0.00283	0.00405	0.01984	0.00648	0.00567
38	0.03131	0.01188	0.01619	0.01242	0.01781	0.01026	0.01026	0.03401	0.01997	0.71606	0.02753	0.02375	0.01727	0.00864	0.00702	0.00216	0.00594	0.00702	0.00864	0.01188
39	0.00914	0.00693	0.00983	0.10830	0.01526	0.00700	0.00822	0.01081	0.01344	0.01782	0.03493	0.65117	0.04117	0.01985	0.00865	0.00277	0.00476	0.01799	0.00602	0.00595
40	0.02607	0.03326	0.01978	0.01798	0.02157	0.72674	0.01348	0.02787	0.01978	0.01708	0.01079	0.01258	0.00899	0.00719	0.00629	0.00180	0.01258	0.00449	0.00360	0.00809
41	0.01400	0.03610	0.71860	0.01989	0.03020	0.01621	0.02578	0.02210	0.01473	0.02210	0.01252	0.01473	0.00884	0.00663	0.00663	0.00221	0.01031	0.00516	0.00295	0.01031
42	0.01425	0.07519	0.68171	0.01946	0.02954	0.01682	0.02503	0.02203	0.01470	0.02179	0.01237	0.01454	0.00885	0.00659	0.00651	0.00217	0.01016	0.00508	0.00295	0.01024
43	0.00997	0.00748	0.01121	0.01121	0.01246	0.00872	0.00872	0.01246	0.01121	0.01620	0.01869	0.02741	0.01745	0.05234	0.72710	0.01121	0.01869	0.00748	0.00374	0.00623
44	0.01858	0.01472	0.01582	0.01404	0.01812	0.01673	0.01098	0.03681	0.63890	0.08964	0.02833	0.02583	0.02095	0.00939	0.00709	0.00235	0.00556	0.00781	0.00724	0.01112
45	0.01925	0.01535	0.01616	0.01380	0.01819	0.04264	0.01084	0.11400	0.42795	0.08382	0.02467	0.05005	0.01895	0.00913	0.00688	0.00215	0.00599	0.00749	0.00669	0.10601
46	0.01539	0.17229	0.53613	0.01777	0.02674	0.01789	0.02193	0.02197	0.01470	0.04695	0.01277	0.01486	0.00949	0.00824	0.03237	0.00240	0.00991	0.00504	0.00320	0.00996
47	0.02622	0.01907	0.02053	0.01584	0.02134	0.02106	0.01305	0.63389	0.06604	0.06500	0.01769	0.01745	0.01252	0.00844	0.00699	0.00211	0.00751	0.00639	0.00704	0.01183
48	0.02479	0.01357	0.01621	0.01328	0.01801	0.01383	0.01069	0.09333	0.27775	0.36981	0.05251	0.02505	0.02014	0.00914	0.00709	0.00223	0.00584	0.00749	0.00787	0.01136
49	0.01043	0.00844	0.00943	0.00904	0.01133	0.00813	0.00681	0.01585	0.13673	0.02383	0.28572	0.08455	0.33322	0.01522	0.00807	0.00232	0.00382	0.01301	0.00701	0.00703
50	0.00979	0.00713	0.00921	0.00869	0.01037	0.00655	0.00652	0.01301	0.01956	0.02752	0.67536	0.05289	0.09831	0.01444	0.00823	0.00220	0.00330	0.01273	0.00762	0.00655
51	0.01736	0.01742	0.02972	0.06031	0.56436	0.04347	0.12091	0.02169	0.01607	0.02237	0.01317	0.01737	0.01085	0.00623	0.00709	0.00211	0.00900	0.00646	0.00346	0.01060
52	0.01745	0.44803	0.16091	0.01493	0.02046	0.05485	0.01525	0.02063	0.01385	0.01759	0.01017	0.01271	0.00897	0.00735	0.00852	0.00194	0.14996	0.00449	0.00302	0.00892
53	0.19533	0.01555	0.02116	0.21151	0.30692	0.05202	0.01674	0.02152	0.05411	0.02353	0.01293	0.01654	0.01030	0.00671	0.00632	0.00216	0.00795	0.00567	0.00378	0.00926
54	0.01866	0.75896	0.03657	0.01194	0.01791	0.02761	0.01194	0.02090	0.01418	0.01642	0.00970	0.01119	0.00896	0.00597	0.00448	0.00149	0.00746	0.00373	0.00299	0.00896
55	0.01400	0.03610	0.71860	0.01989	0.03020	0.01621	0.02578	0.02210	0.01473	0.02210	0.01252	0.01473	0.00884	0.00663	0.00663	0.00221	0.01031	0.00516	0.00295	0.01031
56	0.00850	0.00607	0.00810	0.00972	0.01012	0.00567	0.00648	0.00972	0.01336	0.01781	0.03846	0.75020	0.04615	0.02186	0.00891	0.00283	0.00405	0.01984	0.00648	0.00567
57	0.03131	0.01188	0.01619	0.01242	0.01781	0.01026	0.01026	0.03401	0.01997	0.71606	0.02753	0.02375	0.01727	0.00864	0.00702	0.00216	0.00594	0.00702	0.00864	0.01188
58	0.00833	0.00700	0.00723	0.00733	0.00951	0.00590	0.00544	0.01012	0.01588	0.01914	0.09375	0.11512	0.63574	0.01784	0.00829	0.00238	0.00356	0.01501	0.00653	0.00590
59	0.00825	0.00707	0.00707	0.00707	0.00943	0.00589	0.00530	0.01001	0.01591	0.01885	0.07069	0.06716	0.70839	0.01767	0.00825	0.00236	0.00353	0.01473	0.00648	0.00589
60	0.01447	0.01240	0.01447	0.01034	0.01654	0.00930	0.00827	0.01757	0.01447	0.02274	0.01240	0.01447	0.01034	0.00517	0.00517	0.00103	0.00517	0.00413	0.00413	0.79742
61	0.01447	0.01240	0.01447	0.01034	0.01654	0.00930	0.00827	0.01757	0.01447	0.02274	0.01240	0.01447	0.01034	0.00517	0.00517	0.00103	0.00517	0.00413	0.00413	0.79742
62	0.00825	0.00707	0.00707	0.00707	0.00943	0.00589	0.00530	0.01001	0.01591	0.01885	0.07069	0.06716	0.70839	0.01767	0.00825	0.00236	0.00353	0.01473	0.00648	0.00589
63	0.02653	0.01955	0.02094	0.01606	0.02164	0.02164	0.01326	0.68796	0.03281	0.04398	0.01675	0.01675	0.01187	0.00838	0.00698	0.00209	0.00768	0.00628	0.00698	0.01187
64	0.80405	0.01350	0.01026	0.00918	0.01350	0.01565	0.00756	0.02051	0.01188	0.03131	0.00972	0.01134	0.00756	0.00648	0.00432	0.00216	0.00540	0.00378	0.00432	0.00756
65	0.80405	0.01350	0.01026	0.00918	0.01350	0.01565	0.00756	0.02051	0.01188	0.03131	0.00972	0.01134	0.00756	0.00648	0.00432	0.00216	0.00540	0.00378	0.00432	0.00756

[dist]
# distance from previous block
# <min> <max>
0	0

# created by:
# /st0/software/busco_prod/Augustus/scripts/msa2prfl.pl ./align_prep/175133.fa
