[name]
unknown

[dist]
# distance from previous block
# <min> <max>
36	288

[block]
# block no. 0 follows, 26 sequences, length 8
# corresponding to MSA columns:
# 343-350
name=unknown_A
#
# <colnr> <probs for GDERKNQSTAVLIFYWHMCP>
#	G	D	E	R	K	N	Q	S	T	A	V	L	I	F	Y	W	H	M	C	P
0	0.01571	0.01232	0.01939	0.46970	0.03932	0.01398	0.01677	0.01980	0.01580	0.09078	0.01975	0.13376	0.01753	0.01020	0.00776	0.00248	0.00844	0.00902	0.00469	0.07282
1	0.02011	0.01528	0.01798	0.12605	0.02409	0.01632	0.01271	0.24211	0.11445	0.06954	0.06218	0.03100	0.12634	0.01070	0.00773	0.00231	0.00698	0.00874	0.00671	0.07870
2	0.02009	0.01622	0.01939	0.18171	0.02766	0.01777	0.01404	0.26403	0.12836	0.03282	0.02511	0.02613	0.08836	0.00967	0.00754	0.00229	0.00758	0.00785	0.00619	0.09720
3	0.05135	0.11961	0.02328	0.09077	0.02492	0.25916	0.01448	0.14182	0.12601	0.02644	0.01587	0.01738	0.01245	0.00842	0.00755	0.00219	0.03722	0.00595	0.00504	0.01009
4	0.01648	0.01588	0.01419	0.01321	0.01488	0.16169	0.00944	0.02074	0.11928	0.01884	0.02087	0.03375	0.02071	0.33497	0.08976	0.00555	0.06911	0.00866	0.00479	0.00721
5	0.01892	0.01524	0.01683	0.01301	0.01873	0.01443	0.01045	0.20374	0.09480	0.03153	0.02519	0.02545	0.10228	0.00894	0.00686	0.00181	0.00620	0.00715	0.00608	0.37237
6	0.01916	0.01995	0.03052	0.02352	0.02899	0.10835	0.32873	0.09190	0.09264	0.02606	0.02113	0.13347	0.01891	0.01008	0.00851	0.00253	0.01034	0.01016	0.00519	0.00987
7	0.29609	0.04161	0.06377	0.01646	0.07369	0.16469	0.01248	0.05403	0.01708	0.02696	0.03685	0.12961	0.01786	0.01021	0.00664	0.00235	0.00809	0.00782	0.00493	0.00878

[dist]
# distance from previous block
# <min> <max>
0	4

[block]
# block no. 1 follows, 26 sequences, length 9
# corresponding to MSA columns:
# 355-363
name=unknown_B
#
# <colnr> <probs for GDERKNQSTAVLIFYWHMCP>
#	G	D	E	R	K	N	Q	S	T	A	V	L	I	F	Y	W	H	M	C	P
0	0.26040	0.07194	0.01848	0.15329	0.02459	0.06581	0.01270	0.10872	0.07699	0.04810	0.05294	0.02112	0.03858	0.00868	0.00655	0.00232	0.00760	0.00648	0.00533	0.00939
1	0.04985	0.46095	0.11388	0.10375	0.02533	0.02549	0.01569	0.06129	0.04239	0.02177	0.01255	0.01466	0.01042	0.00704	0.00576	0.00194	0.00858	0.00493	0.00375	0.00996
2	0.08810	0.23612	0.05788	0.01674	0.02170	0.36030	0.01420	0.02722	0.05128	0.02057	0.01228	0.01408	0.01030	0.00765	0.00676	0.00199	0.03476	0.00486	0.00392	0.00928
3	0.01167	0.00848	0.01024	0.01044	0.01175	0.00820	0.00712	0.06139	0.01539	0.02068	0.03479	0.38811	0.07470	0.20625	0.04339	0.00432	0.00612	0.01579	0.00618	0.05501
4	0.01573	0.00894	0.01124	0.00998	0.01293	0.00789	0.00772	0.01872	0.02042	0.18290	0.36841	0.05376	0.22147	0.01505	0.00864	0.00242	0.00432	0.01290	0.00825	0.00831
5	0.22500	0.32216	0.06847	0.01403	0.01931	0.06397	0.01310	0.02347	0.01506	0.06503	0.01196	0.01396	0.00992	0.00781	0.00781	0.00215	0.09859	0.00477	0.00406	0.00938
6	0.10589	0.49743	0.14888	0.01450	0.02126	0.02604	0.01523	0.02266	0.01503	0.02077	0.01105	0.01308	0.00955	0.00703	0.00630	0.00193	0.04575	0.00447	0.00341	0.00974
7	0.02086	0.01474	0.01751	0.05093	0.02094	0.01397	0.01128	0.11859	0.12444	0.13825	0.01995	0.02060	0.01489	0.00978	0.03635	0.00227	0.00708	0.00628	0.00619	0.34510
8	0.01432	0.01348	0.02275	0.71520	0.05224	0.01685	0.02107	0.01938	0.01517	0.01938	0.01348	0.02022	0.01011	0.00758	0.00758	0.00253	0.01011	0.00674	0.00337	0.00843

[dist]
# distance from previous block
# <min> <max>
0	1

[block]
# block no. 2 follows, 26 sequences, length 6
# corresponding to MSA columns:
# 365-370
name=unknown_C
#
# <colnr> <probs for GDERKNQSTAVLIFYWHMCP>
#	G	D	E	R	K	N	Q	S	T	A	V	L	I	F	Y	W	H	M	C	P
0	0.01318	0.00659	0.00988	0.00988	0.00988	0.00659	0.00659	0.00988	0.00988	0.01318	0.01318	0.02306	0.01318	0.02635	0.02964	0.77931	0.00659	0.00659	0.00329	0.00329
1	0.12440	0.02119	0.02043	0.11195	0.09751	0.18391	0.01476	0.18429	0.05100	0.03037	0.07373	0.02049	0.01668	0.00868	0.00714	0.00226	0.00909	0.00666	0.00541	0.01005
2	0.01763	0.01526	0.02484	0.41442	0.04058	0.01823	0.08890	0.06220	0.01666	0.07518	0.01467	0.01991	0.01111	0.00872	0.01085	0.00264	0.13776	0.00704	0.00416	0.00924
3	0.02403	0.09877	0.02395	0.06037	0.09960	0.21190	0.01504	0.14669	0.04381	0.07605	0.01529	0.01708	0.01190	0.00809	0.00785	0.00210	0.04806	0.00588	0.00505	0.07848
4	0.01479	0.05427	0.01796	0.18963	0.02534	0.07393	0.04929	0.06802	0.01822	0.02217	0.03936	0.11549	0.25490	0.01352	0.00817	0.00248	0.00746	0.01149	0.00549	0.00802
5	0.16563	0.09791	0.02132	0.11637	0.05833	0.11499	0.01370	0.15780	0.05561	0.06205	0.01574	0.01882	0.01246	0.04857	0.00839	0.00251	0.00861	0.00610	0.00519	0.00990

[dist]
# distance from previous block
# <min> <max>
3	19

[block]
# block no. 3 follows, 26 sequences, length 98
# corresponding to MSA columns:
# 391-488
name=unknown_D
#
# <colnr> <probs for GDERKNQSTAVLIFYWHMCP>
#	G	D	E	R	K	N	Q	S	T	A	V	L	I	F	Y	W	H	M	C	P
0	0.04625	0.40003	0.33025	0.01672	0.02524	0.02401	0.01951	0.02328	0.01559	0.02119	0.01191	0.01389	0.00962	0.00683	0.00590	0.00200	0.00941	0.00475	0.00328	0.01034
1	0.01897	0.37994	0.30299	0.01725	0.02565	0.02373	0.03945	0.04731	0.01671	0.04630	0.01293	0.01471	0.01019	0.00698	0.00614	0.00202	0.00946	0.00507	0.00363	0.01058
2	0.01730	0.21365	0.44125	0.01898	0.02775	0.02106	0.02254	0.02361	0.01566	0.04579	0.01308	0.01544	0.01000	0.00767	0.00827	0.00229	0.07622	0.00538	0.00345	0.01062
3	0.01619	0.06577	0.62883	0.02116	0.03176	0.05914	0.02665	0.02435	0.01632	0.02346	0.01338	0.01573	0.00962	0.00722	0.00709	0.00235	0.01124	0.00550	0.00325	0.01101
4	0.01659	0.22891	0.51651	0.01927	0.02920	0.02098	0.02394	0.02367	0.01585	0.02234	0.01278	0.01497	0.00964	0.00701	0.00657	0.00219	0.01037	0.00518	0.00321	0.01081
5	0.01558	0.07195	0.63913	0.02209	0.05549	0.01822	0.02713	0.02393	0.01603	0.02375	0.01349	0.01593	0.00970	0.00716	0.00711	0.00236	0.01098	0.00557	0.00322	0.01117
6	0.02028	0.73799	0.03975	0.01298	0.01947	0.03001	0.01298	0.02271	0.01541	0.01785	0.01055	0.01217	0.00973	0.00649	0.00487	0.00162	0.00811	0.00406	0.00324	0.00973
7	0.01432	0.01348	0.02275	0.71520	0.05224	0.01685	0.02107	0.01938	0.01517	0.01938	0.01348	0.02022	0.01011	0.00758	0.00758	0.00253	0.01011	0.00674	0.00337	0.00843
8	0.02883	0.02125	0.02276	0.01745	0.02352	0.02352	0.01442	0.66082	0.03566	0.04780	0.01821	0.01821	0.01290	0.00911	0.00759	0.00228	0.00835	0.00683	0.00759	0.01290
9	0.00937	0.00677	0.00890	0.01056	0.01118	0.00630	0.00721	0.01083	0.01482	0.01959	0.04378	0.65934	0.08688	0.02336	0.00968	0.00307	0.00449	0.05062	0.00704	0.00621
10	0.02028	0.73799	0.03975	0.01298	0.01947	0.03001	0.01298	0.02271	0.01541	0.01785	0.01055	0.01217	0.00973	0.00649	0.00487	0.00162	0.00811	0.00406	0.00324	0.00973
11	0.00924	0.00660	0.00880	0.01056	0.01100	0.00616	0.00704	0.01056	0.01452	0.01936	0.04181	0.72848	0.05017	0.02376	0.00968	0.00308	0.00440	0.02156	0.00704	0.00616
12	0.00938	0.00666	0.00876	0.01038	0.01078	0.00626	0.00685	0.01060	0.01424	0.01899	0.04038	0.67451	0.04837	0.08018	0.01198	0.00342	0.00464	0.02073	0.00685	0.00604
13	0.01019	0.00756	0.00950	0.00938	0.01109	0.00687	0.00689	0.01312	0.01963	0.02692	0.47443	0.16621	0.17525	0.01747	0.00907	0.00253	0.00376	0.01536	0.00791	0.00687
14	0.01543	0.01449	0.02443	0.50212	0.22163	0.01679	0.02125	0.02026	0.01584	0.02099	0.01493	0.02287	0.01218	0.00798	0.00770	0.00250	0.00967	0.03597	0.00364	0.00933
15	0.01103	0.00735	0.00827	0.00827	0.00827	0.00735	0.00460	0.01103	0.01103	0.01471	0.02390	0.04964	0.02758	0.73343	0.03861	0.00735	0.00735	0.01103	0.00460	0.00460
16	0.01060	0.00775	0.00996	0.00940	0.01125	0.00710	0.00705	0.01406	0.02116	0.02967	0.63681	0.05788	0.11733	0.01578	0.00895	0.00240	0.00360	0.01389	0.00825	0.00710
17	0.01682	0.02802	0.30624	0.02780	0.03690	0.01855	0.40467	0.02419	0.01714	0.02419	0.01465	0.01867	0.01074	0.00672	0.00825	0.00249	0.01215	0.00760	0.00358	0.01062
18	0.02836	0.03528	0.02157	0.01942	0.02345	0.66323	0.01464	0.06718	0.02232	0.02027	0.01210	0.01394	0.00995	0.00789	0.00688	0.00197	0.01337	0.00500	0.00412	0.00903
19	0.01084	0.00782	0.01028	0.00985	0.01164	0.00727	0.00751	0.01441	0.02119	0.02988	0.63731	0.05868	0.06962	0.01589	0.00905	0.00246	0.00382	0.05708	0.00825	0.00714
20	0.01103	0.00735	0.00827	0.00827	0.00827	0.00735	0.00460	0.01103	0.01103	0.01471	0.02390	0.04964	0.02758	0.73343	0.03861	0.00735	0.00735	0.01103	0.00460	0.00460
21	0.01716	0.01638	0.02787	0.28902	0.45626	0.01760	0.02248	0.02186	0.01651	0.02282	0.01398	0.01930	0.01132	0.00706	0.00754	0.00235	0.00941	0.00675	0.00362	0.01071
22	0.01877	0.01802	0.03079	0.04656	0.68612	0.01802	0.02328	0.02328	0.01727	0.02478	0.01427	0.01877	0.01201	0.00676	0.00751	0.00225	0.00901	0.00676	0.00375	0.01201
23	0.01064	0.00810	0.00961	0.00943	0.01142	0.00742	0.00697	0.03972	0.01944	0.02586	0.33777	0.17853	0.27136	0.01793	0.00902	0.00256	0.00401	0.01558	0.00765	0.00697
24	0.02883	0.02125	0.02276	0.01745	0.02352	0.02352	0.01442	0.66082	0.03566	0.04780	0.01821	0.01821	0.01290	0.00911	0.00759	0.00228	0.00835	0.00683	0.00759	0.01290
25	0.01649	0.01569	0.02667	0.38939	0.36111	0.01742	0.02214	0.02128	0.01619	0.02201	0.01386	0.01952	0.01104	0.00718	0.00755	0.00239	0.00958	0.00675	0.00356	0.01017
26	0.01611	0.01530	0.02597	0.44719	0.30632	0.01732	0.02195	0.02094	0.01601	0.02154	0.01380	0.01964	0.01087	0.00725	0.00755	0.00242	0.00967	0.00675	0.00352	0.00986
27	0.03258	0.01323	0.01756	0.01368	0.01940	0.01189	0.01123	0.03729	0.08406	0.62816	0.03002	0.02605	0.01920	0.00947	0.00764	0.00237	0.00641	0.00772	0.00923	0.01282
28	0.01458	0.01375	0.02322	0.67608	0.08933	0.01692	0.02119	0.01961	0.01529	0.01970	0.01353	0.02014	0.01022	0.00754	0.00758	0.00251	0.01005	0.00674	0.00339	0.00864
29	0.01815	0.01738	0.02966	0.14051	0.59705	0.01786	0.02297	0.02273	0.01698	0.02402	0.01416	0.01898	0.01175	0.00687	0.00752	0.00229	0.00917	0.00676	0.00370	0.01151
30	0.03403	0.01291	0.01760	0.01350	0.01936	0.01115	0.01115	0.03697	0.02171	0.69137	0.02992	0.02582	0.01878	0.00939	0.00763	0.00235	0.00645	0.00763	0.00939	0.01291
31	0.01131	0.00788	0.01009	0.00953	0.01149	0.00717	0.00715	0.01459	0.02073	0.05224	0.56722	0.08695	0.13297	0.01604	0.00893	0.00243	0.00374	0.01409	0.00819	0.00724
32	0.01454	0.01370	0.02313	0.68337	0.08241	0.01691	0.02117	0.01957	0.01527	0.01964	0.01352	0.02015	0.01020	0.00754	0.00758	0.00251	0.01006	0.00674	0.00339	0.00860
33	0.02890	0.02043	0.02217	0.01708	0.02307	0.02241	0.01408	0.59147	0.05628	0.09699	0.01955	0.01914	0.01370	0.00917	0.00760	0.00229	0.00812	0.00695	0.00773	0.01287
34	0.01038	0.00774	0.00964	0.00917	0.01111	0.00700	0.00687	0.01362	0.02062	0.02840	0.55926	0.05998	0.19568	0.01626	0.00895	0.00242	0.00363	0.01418	0.00808	0.00700
35	0.00924	0.00660	0.00880	0.01056	0.01100	0.00616	0.00704	0.01056	0.01452	0.01936	0.04181	0.72848	0.05017	0.02376	0.00968	0.00308	0.00440	0.02156	0.00704	0.00616
36	0.01573	0.01348	0.01573	0.01123	0.01798	0.01011	0.00899	0.01910	0.01573	0.02472	0.01348	0.01573	0.01123	0.00562	0.00562	0.00112	0.00562	0.00449	0.00449	0.77980
37	0.01254	0.06243	0.01483	0.01150	0.01410	0.00978	0.05816	0.01571	0.01928	0.04883	0.42082	0.09553	0.11279	0.05782	0.01043	0.00270	0.00503	0.01301	0.00723	0.00749
38	0.02663	0.02094	0.02118	0.01638	0.02236	0.08478	0.01334	0.46193	0.03020	0.06549	0.01720	0.01763	0.01253	0.00837	0.00716	0.00204	0.00829	0.00626	0.00675	0.15056
39	0.00896	0.00768	0.00768	0.00768	0.01025	0.00640	0.00576	0.01089	0.01729	0.02049	0.07684	0.07300	0.68304	0.01921	0.00896	0.00256	0.00384	0.01601	0.00704	0.00640
40	0.02672	0.01999	0.02163	0.01645	0.02263	0.02136	0.01354	0.55723	0.03244	0.04408	0.01745	0.01781	0.01263	0.00854	0.00727	0.00209	0.00791	0.00645	0.00709	0.13670
41	0.02156	0.01770	0.01916	0.01710	0.04459	0.02010	0.01306	0.20769	0.47659	0.03583	0.02685	0.02523	0.01998	0.00984	0.00768	0.00248	0.00675	0.00804	0.00754	0.01225
42	0.01859	0.02034	0.07178	0.03944	0.44695	0.04306	0.15781	0.02349	0.01714	0.02402	0.01411	0.01866	0.01156	0.00714	0.00881	0.00238	0.05266	0.00708	0.00372	0.01125
43	0.00924	0.00660	0.00880	0.01056	0.01100	0.00616	0.00704	0.01056	0.01452	0.01936	0.04181	0.72848	0.05017	0.02376	0.00968	0.00308	0.00440	0.02156	0.00704	0.00616
44	0.01063	0.00775	0.00999	0.00943	0.01127	0.00711	0.00707	0.01411	0.02122	0.02982	0.64586	0.05764	0.10819	0.01573	0.00895	0.00240	0.00359	0.01385	0.00827	0.00711
45	0.55069	0.01559	0.01369	0.01159	0.01659	0.04156	0.00950	0.07245	0.01668	0.16779	0.01509	0.01554	0.01076	0.00770	0.00558	0.00233	0.00646	0.00505	0.00583	0.00953
46	0.01103	0.00735	0.00827	0.00827	0.00827	0.00735	0.00460	0.01103	0.01103	0.01471	0.02390	0.04964	0.02758	0.73343	0.03861	0.00735	0.00735	0.01103	0.00460	0.00460
47	0.02908	0.02085	0.02252	0.01726	0.02332	0.02293	0.01426	0.63113	0.03500	0.07844	0.01877	0.01857	0.01318	0.00912	0.00759	0.00228	0.00826	0.00687	0.00767	0.01290
48	0.01074	0.00775	0.01014	0.00954	0.01133	0.00716	0.00716	0.01431	0.02147	0.03042	0.68211	0.05666	0.07157	0.01551	0.00895	0.00239	0.00358	0.01372	0.00835	0.00716
49	0.02769	0.09236	0.02296	0.01902	0.02313	0.64908	0.01452	0.02968	0.02101	0.01851	0.01163	0.01356	0.00977	0.00771	0.00668	0.00193	0.01323	0.00482	0.00386	0.00887
50	0.78701	0.01467	0.01115	0.00997	0.01467	0.01702	0.00821	0.02230	0.01291	0.03403	0.01056	0.01232	0.00821	0.00704	0.00469	0.00235	0.00587	0.00411	0.00469	0.00821
51	0.01154	0.00864	0.01067	0.01002	0.01200	0.00839	0.00746	0.01676	0.09063	0.02918	0.54545	0.05396	0.09223	0.05712	0.01055	0.00270	0.00407	0.01311	0.00800	0.00749
52	0.00914	0.00701	0.00838	0.00948	0.01072	0.00625	0.00656	0.01068	0.01556	0.01979	0.05498	0.48193	0.28821	0.02205	0.00941	0.00289	0.00419	0.01947	0.00704	0.00625
53	0.00958	0.00777	0.00861	0.00910	0.01131	0.00680	0.00706	0.01173	0.01705	0.02078	0.06676	0.13959	0.50524	0.01997	0.00931	0.00278	0.00447	0.12857	0.00703	0.00648
54	0.00924	0.00660	0.00880	0.01056	0.01100	0.00616	0.00704	0.01056	0.01452	0.01936	0.04181	0.72848	0.05017	0.02376	0.00968	0.00308	0.00440	0.02156	0.00704	0.00616
55	0.02921	0.01398	0.01746	0.01411	0.01948	0.01360	0.01142	0.03803	0.22841	0.48183	0.03023	0.02661	0.02017	0.00967	0.00766	0.00242	0.00631	0.00793	0.00886	0.01262
56	0.01114	0.00734	0.00823	0.00823	0.00829	0.00734	0.00462	0.01126	0.01120	0.01517	0.02393	0.04891	0.02730	0.70887	0.03748	0.00716	0.00722	0.01090	0.03073	0.00468
57	0.00933	0.00664	0.00878	0.01045	0.01087	0.00622	0.00692	0.01058	0.01435	0.01914	0.04095	0.69597	0.04909	0.05775	0.01107	0.00329	0.00454	0.02106	0.00692	0.00609
58	0.01318	0.00659	0.00988	0.00988	0.00988	0.00659	0.00659	0.00988	0.00988	0.01318	0.01318	0.02306	0.01318	0.02635	0.02964	0.77931	0.00659	0.00659	0.00329	0.00329
59	0.00983	0.00746	0.00906	0.00920	0.01091	0.00669	0.00669	0.01236	0.01853	0.02472	0.34268	0.21907	0.25801	0.01860	0.00912	0.00260	0.00385	0.01627	0.00763	0.00669
60	0.01268	0.00917	0.01125	0.01177	0.01320	0.00921	0.00834	0.12476	0.01823	0.02436	0.03766	0.60374	0.04362	0.02119	0.00931	0.00294	0.00509	0.01898	0.00714	0.00734
61	0.01856	0.01781	0.03041	0.07838	0.65594	0.01797	0.02317	0.02309	0.01717	0.02452	0.01423	0.01884	0.01192	0.00680	0.00751	0.00227	0.00906	0.00676	0.00374	0.01184
62	0.03403	0.01291	0.01760	0.01350	0.01936	0.01115	0.01115	0.03697	0.02171	0.69137	0.02992	0.02582	0.01878	0.00939	0.00763	0.00235	0.00645	0.00763	0.00939	0.01291
63	0.01096	0.00745	0.00871	0.00857	0.00899	0.00731	0.00520	0.01180	0.01347	0.01839	0.17801	0.05128	0.03788	0.56534	0.03166	0.00619	0.00647	0.01166	0.00547	0.00520
64	0.00924	0.00660	0.00880	0.01056	0.01100	0.00616	0.00704	0.01056	0.01452	0.01936	0.04181	0.72848	0.05017	0.02376	0.00968	0.00308	0.00440	0.02156	0.00704	0.00616
65	0.01537	0.03811	0.65524	0.02224	0.03324	0.01771	0.06579	0.02404	0.01613	0.02404	0.01372	0.01628	0.00972	0.00716	0.00731	0.00241	0.01130	0.00581	0.00324	0.01115
66	0.01074	0.00775	0.01014	0.00954	0.01133	0.00716	0.00716	0.01431	0.02147	0.03042	0.68211	0.05666	0.07157	0.01551	0.00895	0.00239	0.00358	0.01372	0.00835	0.00716
67	0.01404	0.00839	0.01029	0.00954	0.01164	0.00762	0.00689	0.01620	0.01777	0.12895	0.25875	0.09379	0.18025	0.18390	0.01573	0.00362	0.00502	0.01307	0.00728	0.00725
68	0.01414	0.00707	0.00707	0.00707	0.00884	0.00707	0.00530	0.01767	0.01591	0.02828	0.02474	0.02828	0.01944	0.00884	0.00530	0.00177	0.00353	0.00707	0.77554	0.00707
69	0.01887	0.01629	0.01715	0.01544	0.01972	0.01887	0.01201	0.04031	0.67241	0.03173	0.03087	0.02830	0.02315	0.01029	0.00772	0.00257	0.00600	0.00858	0.00772	0.01201
70	0.00924	0.00660	0.00880	0.01056	0.01100	0.00616	0.00704	0.01056	0.01452	0.01936	0.04181	0.72848	0.05017	0.02376	0.00968	0.00308	0.00440	0.02156	0.00704	0.00616
71	0.78701	0.01467	0.01115	0.00997	0.01467	0.01702	0.00821	0.02230	0.01291	0.03403	0.01056	0.01232	0.00821	0.00704	0.00469	0.00235	0.00587	0.00411	0.00469	0.00821
72	0.02601	0.01984	0.02117	0.01688	0.02245	0.02220	0.01373	0.48510	0.21599	0.04325	0.02180	0.02107	0.01580	0.00944	0.00762	0.00236	0.00768	0.00732	0.00762	0.01265
73	0.01223	0.00810	0.01013	0.00953	0.01175	0.00726	0.00717	0.01522	0.02004	0.08438	0.44166	0.10572	0.20536	0.01642	0.00889	0.00247	0.00395	0.01428	0.00805	0.00741
74	0.01055	0.00770	0.00992	0.00945	0.01124	0.00707	0.00706	0.01393	0.02091	0.02930	0.61510	0.08432	0.11287	0.01609	0.00898	0.00243	0.00363	0.01419	0.00821	0.00707
75	0.01103	0.00735	0.00827	0.00827	0.00827	0.00735	0.00460	0.01103	0.01103	0.01471	0.02390	0.04964	0.02758	0.73343	0.03861	0.00735	0.00735	0.01103	0.00460	0.00460
76	0.01938	0.01074	0.01361	0.01173	0.01520	0.01028	0.00919	0.02559	0.12492	0.23924	0.37284	0.04242	0.04722	0.01275	0.00833	0.00240	0.00487	0.01098	0.00858	0.00974
77	0.02786	0.02051	0.02194	0.01698	0.02282	0.02271	0.01398	0.60989	0.06306	0.04638	0.01901	0.01902	0.01359	0.00915	0.00751	0.00227	0.00807	0.00691	0.03570	0.01265
78	0.00896	0.00768	0.00768	0.00768	0.01025	0.00640	0.00576	0.01089	0.01729	0.02049	0.07684	0.07300	0.68304	0.01921	0.00896	0.00256	0.00384	0.01601	0.00704	0.00640
79	0.00924	0.00660	0.00880	0.01056	0.01100	0.00616	0.00704	0.01056	0.01452	0.01936	0.04181	0.72848	0.05017	0.02376	0.00968	0.00308	0.00440	0.02156	0.00704	0.00616
80	0.00928	0.00669	0.00880	0.01040	0.01098	0.00621	0.00699	0.01071	0.01489	0.01981	0.06629	0.67674	0.07759	0.02328	0.00962	0.00303	0.00435	0.02105	0.00709	0.00621
81	0.00924	0.00769	0.00806	0.00797	0.01041	0.00652	0.00598	0.01141	0.01793	0.02201	0.16939	0.07050	0.58954	0.01864	0.00896	0.00253	0.00380	0.01566	0.00724	0.00652
82	0.01432	0.01348	0.02275	0.71520	0.05224	0.01685	0.02107	0.01938	0.01517	0.01938	0.01348	0.02022	0.01011	0.00758	0.00758	0.00253	0.01011	0.00674	0.00337	0.00843
83	0.75106	0.01432	0.01096	0.00984	0.01440	0.01655	0.00808	0.02208	0.01305	0.03376	0.01122	0.01306	0.00874	0.00712	0.00472	0.00232	0.00576	0.00425	0.04054	0.00816
84	0.00982	0.00745	0.00905	0.00921	0.01091	0.00668	0.00669	0.01233	0.01848	0.02463	0.33730	0.22430	0.25825	0.01867	0.00913	0.00261	0.00386	0.01633	0.00762	0.00668
85	0.01318	0.00659	0.00988	0.00988	0.00988	0.00659	0.00659	0.00988	0.00988	0.01318	0.01318	0.02306	0.01318	0.02635	0.02964	0.77931	0.00659	0.00659	0.00329	0.00329
86	0.02209	0.01535	0.01706	0.01466	0.01926	0.01666	0.01166	0.11842	0.38861	0.15976	0.03302	0.03198	0.07465	0.01103	0.00787	0.00252	0.00626	0.02951	0.00794	0.01168
87	0.74179	0.01422	0.01091	0.00980	0.01433	0.01643	0.00804	0.02203	0.01308	0.03369	0.01139	0.01326	0.00887	0.00715	0.00473	0.00231	0.00573	0.00428	0.04979	0.00815
88	0.00993	0.00772	0.00902	0.00870	0.01084	0.00681	0.00652	0.01275	0.01956	0.02589	0.40614	0.06411	0.35037	0.01720	0.00895	0.00247	0.00370	0.01476	0.00775	0.00681
89	0.02615	0.01756	0.01954	0.01580	0.02108	0.01901	0.01277	0.33125	0.21598	0.16877	0.02517	0.05253	0.01859	0.01012	0.00772	0.00241	0.00713	0.00811	0.00796	0.01236
90	0.01086	0.00805	0.01178	0.01178	0.01300	0.00926	0.00897	0.01328	0.01207	0.01731	0.02069	0.03186	0.01986	0.12728	0.63420	0.01169	0.01897	0.00843	0.00412	0.00655
91	0.01014	0.00725	0.00948	0.01053	0.01145	0.00685	0.00753	0.01212	0.01613	0.02171	0.17298	0.41281	0.07175	0.08929	0.01238	0.00339	0.00486	0.10595	0.00707	0.00634
92	0.01782	0.02023	0.04347	0.03125	0.03846	0.01942	0.62012	0.02393	0.01753	0.02393	0.01502	0.02023	0.01142	0.00681	0.00991	0.00260	0.05512	0.00881	0.00381	0.01011
93	0.01898	0.13369	0.44751	0.01996	0.02881	0.17977	0.02285	0.02531	0.01722	0.02190	0.01275	0.01494	0.00966	0.00725	0.00680	0.00219	0.01137	0.00523	0.00337	0.01044
94	0.06289	0.02599	0.02029	0.01723	0.02195	0.30873	0.01350	0.27095	0.08394	0.03177	0.01966	0.02011	0.05147	0.00916	0.00723	0.00219	0.01001	0.00657	0.00587	0.01048
95	0.08202	0.01381	0.02177	0.60442	0.04667	0.01732	0.01963	0.01956	0.01472	0.02058	0.01298	0.01928	0.00993	0.00794	0.00855	0.00257	0.05988	0.00650	0.00348	0.00840
96	0.05948	0.08181	0.02120	0.01721	0.02109	0.37165	0.01349	0.08446	0.08918	0.02312	0.01499	0.01733	0.01238	0.01358	0.08154	0.00321	0.05457	0.00580	0.00461	0.00930
97	0.01691	0.05986	0.02445	0.01932	0.02218	0.12594	0.14784	0.01973	0.01531	0.01965	0.01832	0.14243	0.01843	0.01817	0.10464	0.00398	0.20081	0.00949	0.00426	0.00829

[dist]
# distance from previous block
# <min> <max>
6	10

[block]
# block no. 4 follows, 26 sequences, length 10
# corresponding to MSA columns:
# 500-504,506-510
name=unknown_E
#
# <colnr> <probs for GDERKNQSTAVLIFYWHMCP>
#	G	D	E	R	K	N	Q	S	T	A	V	L	I	F	Y	W	H	M	C	P
0	0.04640	0.09694	0.02709	0.32092	0.03645	0.01947	0.11267	0.02036	0.01485	0.02066	0.01262	0.01801	0.01025	0.00824	0.01063	0.00248	0.14921	0.00649	0.00355	0.06271
1	0.02879	0.01459	0.04602	0.01378	0.01950	0.01256	0.01172	0.11605	0.02294	0.46160	0.10026	0.02725	0.02310	0.00972	0.00763	0.00227	0.00653	0.00793	0.00847	0.05932
2	0.01318	0.00659	0.00988	0.00988	0.00988	0.00659	0.00659	0.00988	0.00988	0.01318	0.01318	0.02306	0.01318	0.02635	0.02964	0.77931	0.00659	0.00659	0.00329	0.00329
3	0.02240	0.02147	0.01951	0.06527	0.02343	0.18060	0.01342	0.15457	0.28175	0.03015	0.02089	0.02103	0.01587	0.00881	0.00726	0.00222	0.00852	0.00682	0.00616	0.08986
4	0.70139	0.01709	0.01232	0.01105	0.01566	0.09443	0.00894	0.02320	0.01388	0.03229	0.01069	0.01247	0.00839	0.00713	0.00494	0.00230	0.00675	0.00420	0.00461	0.00828
5	0.05175	0.01344	0.01564	0.01382	0.01791	0.01417	0.01109	0.05543	0.28945	0.19269	0.12080	0.03785	0.03040	0.01197	0.00809	0.00259	0.00598	0.08814	0.00800	0.01080
6	0.01747	0.01954	0.04135	0.10135	0.03987	0.01916	0.55877	0.02347	0.01728	0.02347	0.01487	0.02023	0.01128	0.00689	0.00967	0.00260	0.05045	0.00860	0.00376	0.00994
7	0.01573	0.01348	0.01573	0.01123	0.01798	0.01011	0.00899	0.01910	0.01573	0.02472	0.01348	0.01573	0.01123	0.00562	0.00562	0.00112	0.00562	0.00449	0.00449	0.77980
8	0.02542	0.01151	0.01517	0.01237	0.01681	0.01044	0.00993	0.02994	0.07017	0.43003	0.23932	0.03590	0.03605	0.01142	0.00806	0.00238	0.00550	0.00965	0.00893	0.01100
9	0.05880	0.01948	0.01831	0.01547	0.02021	0.11606	0.01226	0.22824	0.23797	0.07991	0.02790	0.02674	0.08468	0.01027	0.00753	0.00236	0.00763	0.00799	0.00704	0.01114

[dist]
# distance from previous block
# <min> <max>
0	0

# created by:
# /st0/software/busco_prod/Augustus/scripts/msa2prfl.pl ./align_prep/175248.fa
