[name]
unknown

[dist]
# distance from previous block
# <min> <max>
0	1

[block]
# block no. 0 follows, 27 sequences, length 11
# corresponding to MSA columns:
# 1-11
name=unknown_A
#
# <colnr> <probs for GDERKNQSTAVLIFYWHMCP>
#	G	D	E	R	K	N	Q	S	T	A	V	L	I	F	Y	W	H	M	C	P
0	0.10551	0.00924	0.01184	0.01320	0.01526	0.00952	0.01149	0.01615	0.01655	0.02355	0.03583	0.07514	0.03856	0.01887	0.00957	0.00328	0.00670	0.56617	0.00657	0.00698
1	0.01632	0.02584	0.27763	0.02520	0.03385	0.01715	0.35641	0.02307	0.01660	0.02373	0.01419	0.01790	0.01056	0.00645	0.00775	0.00228	0.01112	0.00705	0.00361	0.10330
2	0.00877	0.00752	0.00752	0.00752	0.01003	0.00627	0.00564	0.01065	0.01692	0.02005	0.07520	0.07144	0.68978	0.01880	0.00877	0.00251	0.00376	0.01567	0.00689	0.00627
3	0.01586	0.01884	0.11075	0.32955	0.16856	0.01739	0.18856	0.02149	0.01603	0.02177	0.01383	0.01909	0.01055	0.00692	0.00771	0.00242	0.01050	0.00703	0.00347	0.00970
4	0.01028	0.00749	0.00966	0.00931	0.01100	0.00688	0.00691	0.01349	0.02019	0.02825	0.59599	0.11352	0.10709	0.01608	0.00882	0.00240	0.00359	0.01421	0.00798	0.00688
5	0.01796	0.01722	0.02939	0.10904	0.63252	0.01753	0.02258	0.02242	0.01671	0.02376	0.01389	0.01851	0.01158	0.00669	0.00736	0.00223	0.00892	0.00661	0.00364	0.01143
6	0.01384	0.00692	0.00692	0.00692	0.00865	0.00692	0.00519	0.01730	0.01557	0.02768	0.02422	0.02768	0.01903	0.00865	0.00519	0.00173	0.00346	0.00692	0.78031	0.00692
7	0.11895	0.02101	0.02066	0.16060	0.02770	0.14162	0.01474	0.34362	0.02563	0.03441	0.01484	0.01674	0.01097	0.00814	0.00695	0.00223	0.00914	0.00600	0.00560	0.01046
8	0.01384	0.00692	0.00692	0.00692	0.00865	0.00692	0.00519	0.01730	0.01557	0.02768	0.02422	0.02768	0.01903	0.00865	0.00519	0.00173	0.00346	0.00692	0.78031	0.00692
9	0.70460	0.05567	0.01313	0.01035	0.01512	0.01773	0.00865	0.05877	0.01404	0.03319	0.01076	0.01238	0.00839	0.00698	0.00477	0.00225	0.00600	0.00417	0.00468	0.00839
10	0.06170	0.03181	0.52307	0.01891	0.02846	0.01592	0.02299	0.02600	0.01664	0.16155	0.01641	0.01743	0.01116	0.00748	0.00700	0.00234	0.00973	0.00581	0.00445	0.01115

[dist]
# distance from previous block
# <min> <max>
0	1

[block]
# block no. 1 follows, 27 sequences, length 18
# corresponding to MSA columns:
# 13-30
name=unknown_B
#
# <colnr> <probs for GDERKNQSTAVLIFYWHMCP>
#	G	D	E	R	K	N	Q	S	T	A	V	L	I	F	Y	W	H	M	C	P
0	0.08197	0.04853	0.12998	0.02398	0.17638	0.21044	0.01761	0.13593	0.05878	0.02718	0.01438	0.01632	0.01120	0.00758	0.00685	0.00216	0.00988	0.00576	0.00455	0.01055
1	0.01384	0.00692	0.00692	0.00692	0.00865	0.00692	0.00519	0.01730	0.01557	0.02768	0.02422	0.02768	0.01903	0.00865	0.00519	0.00173	0.00346	0.00692	0.78031	0.00692
2	0.01814	0.01700	0.06949	0.05195	0.12272	0.01450	0.01386	0.15617	0.01967	0.02841	0.01563	0.05114	0.01312	0.00745	0.00658	0.00175	0.00712	0.00620	0.00490	0.37420
3	0.01489	0.03840	0.70064	0.02116	0.03213	0.01724	0.02743	0.02351	0.01567	0.02351	0.01332	0.01567	0.00940	0.00705	0.00705	0.00235	0.01097	0.00549	0.00313	0.01097
4	0.01289	0.00645	0.00967	0.00967	0.00967	0.00645	0.00645	0.00967	0.00967	0.01289	0.01289	0.02257	0.01289	0.02579	0.02901	0.78401	0.00645	0.00645	0.00322	0.00322
5	0.13855	0.01326	0.01629	0.01294	0.01834	0.01259	0.01060	0.03453	0.09554	0.52769	0.02672	0.02368	0.01741	0.00897	0.00707	0.00232	0.00619	0.00709	0.00835	0.01188
6	0.00920	0.00758	0.00811	0.00810	0.01045	0.00649	0.00616	0.01140	0.01756	0.02165	0.16745	0.06960	0.56289	0.01833	0.00884	0.00253	0.00387	0.04629	0.00709	0.00641
7	0.00978	0.00740	0.00902	0.00894	0.01073	0.00664	0.00658	0.01248	0.01881	0.02530	0.41195	0.15918	0.25124	0.01743	0.00887	0.00249	0.00370	0.01521	0.00761	0.00664
8	0.01489	0.03840	0.70064	0.02116	0.03213	0.01724	0.02743	0.02351	0.01567	0.02351	0.01332	0.01567	0.00940	0.00705	0.00705	0.00235	0.01097	0.00549	0.00313	0.01097
9	0.00913	0.00653	0.00869	0.01028	0.01079	0.00609	0.00690	0.01055	0.01461	0.01958	0.07832	0.69508	0.05031	0.02279	0.00943	0.00298	0.00426	0.02066	0.00697	0.00609
10	0.01752	0.02003	0.04380	0.03129	0.03880	0.01877	0.66583	0.02378	0.01752	0.02378	0.01502	0.02003	0.01126	0.00626	0.00876	0.00250	0.01252	0.00876	0.00375	0.01001
11	0.79154	0.01436	0.01091	0.00976	0.01436	0.01665	0.00804	0.02182	0.01263	0.03331	0.01034	0.01206	0.00804	0.00689	0.00459	0.00230	0.00574	0.00402	0.00459	0.00804
12	0.01156	0.00786	0.01031	0.00981	0.01164	0.00730	0.00747	0.01487	0.02020	0.05521	0.57422	0.05638	0.06355	0.04980	0.01021	0.00266	0.00408	0.06786	0.00792	0.00710
13	0.01041	0.00758	0.00979	0.00924	0.01103	0.00696	0.00693	0.01382	0.02078	0.02922	0.65387	0.05637	0.10540	0.01538	0.00876	0.00234	0.00352	0.01355	0.00810	0.00696
14	0.01527	0.09296	0.64944	0.02050	0.03112	0.01818	0.02629	0.02341	0.01563	0.02304	0.01309	0.01538	0.00941	0.00700	0.00688	0.00229	0.01074	0.00537	0.00314	0.01086
15	0.01996	0.01227	0.01512	0.01246	0.01652	0.01197	0.00992	0.07474	0.10876	0.20731	0.24598	0.03329	0.03433	0.01095	0.00844	0.00221	0.03992	0.00904	0.00753	0.11928
16	0.01758	0.01986	0.04288	0.03225	0.08291	0.01870	0.62246	0.02371	0.01748	0.02381	0.01495	0.01991	0.01130	0.00628	0.00867	0.00248	0.01227	0.00862	0.00375	0.01013
17	0.02090	0.01539	0.01760	0.01301	0.01933	0.01387	0.01057	0.21216	0.02172	0.09561	0.01611	0.01706	0.01219	0.00686	0.00626	0.00155	0.00637	0.00537	0.00575	0.48235

[dist]
# distance from previous block
# <min> <max>
0	1

[block]
# block no. 2 follows, 27 sequences, length 18
# corresponding to MSA columns:
# 32-49
name=unknown_C
#
# <colnr> <probs for GDERKNQSTAVLIFYWHMCP>
#	G	D	E	R	K	N	Q	S	T	A	V	L	I	F	Y	W	H	M	C	P
0	0.12003	0.09226	0.08384	0.01646	0.02260	0.02055	0.05500	0.34112	0.04325	0.08661	0.01743	0.03797	0.01313	0.00854	0.00693	0.00224	0.00806	0.00663	0.00616	0.01122
1	0.01063	0.00717	0.00830	0.00838	0.00857	0.00709	0.00491	0.01105	0.01198	0.01613	0.08449	0.10271	0.03258	0.61826	0.03297	0.00643	0.00664	0.01184	0.00501	0.00484
2	0.01761	0.06555	0.08018	0.03185	0.17740	0.01934	0.40594	0.02308	0.01674	0.02310	0.01406	0.01866	0.01105	0.00681	0.00907	0.00242	0.05554	0.00765	0.00363	0.01030
3	0.20758	0.41455	0.09170	0.01356	0.01949	0.08597	0.01320	0.02278	0.01496	0.02196	0.01069	0.01256	0.00916	0.00687	0.00571	0.00191	0.03031	0.00427	0.00358	0.00917
4	0.02219	0.01902	0.02201	0.26444	0.03256	0.08216	0.01646	0.32524	0.04677	0.03230	0.01559	0.01836	0.01156	0.00855	0.00832	0.00235	0.04975	0.00653	0.00542	0.01044
5	0.00931	0.00684	0.00849	0.00951	0.01040	0.00629	0.00644	0.01080	0.01504	0.01977	0.10954	0.47922	0.16457	0.09286	0.01209	0.00327	0.00442	0.01834	0.00678	0.00602
6	0.01780	0.01866	0.05605	0.11814	0.03701	0.01752	0.45967	0.02340	0.01701	0.06503	0.01533	0.01978	0.01141	0.00679	0.00878	0.00242	0.03528	0.00796	0.00404	0.05793
7	0.07446	0.03214	0.01998	0.01814	0.02205	0.59737	0.01369	0.03013	0.08600	0.02039	0.01327	0.01473	0.01077	0.00784	0.00665	0.00200	0.01216	0.00509	0.00424	0.00888
8	0.00904	0.00646	0.00861	0.01034	0.01077	0.00603	0.00689	0.01034	0.01421	0.01895	0.04092	0.73426	0.04910	0.02326	0.00948	0.00301	0.00431	0.02110	0.00689	0.00603
9	0.01549	0.02407	0.27262	0.04308	0.04886	0.01645	0.18735	0.02187	0.03261	0.02379	0.08003	0.02123	0.01643	0.00813	0.00920	0.00235	0.07820	0.00724	0.00406	0.08696
10	0.00909	0.00762	0.00796	0.00813	0.01056	0.00649	0.00627	0.01112	0.01694	0.02027	0.07163	0.07267	0.62542	0.01897	0.00892	0.00260	0.00407	0.07805	0.00689	0.00632
11	0.79154	0.01436	0.01091	0.00976	0.01436	0.01665	0.00804	0.02182	0.01263	0.03331	0.01034	0.01206	0.00804	0.00689	0.00459	0.00230	0.00574	0.00402	0.00459	0.00804
12	0.01517	0.01485	0.04466	0.21692	0.09657	0.01521	0.10993	0.04390	0.13526	0.02418	0.06455	0.07455	0.09139	0.01037	0.00798	0.00248	0.00804	0.00950	0.00520	0.00929
13	0.00902	0.00656	0.00852	0.01008	0.01070	0.00605	0.00678	0.01037	0.01446	0.01905	0.04399	0.67477	0.10660	0.02286	0.00941	0.00297	0.00426	0.02062	0.00689	0.00605
14	0.01384	0.00692	0.00692	0.00692	0.00865	0.00692	0.00519	0.01730	0.01557	0.02768	0.02422	0.02768	0.01903	0.00865	0.00519	0.00173	0.00346	0.00692	0.78031	0.00692
15	0.01444	0.01377	0.02236	0.58786	0.04512	0.01768	0.01979	0.01876	0.01418	0.01876	0.01254	0.01912	0.00987	0.00848	0.01064	0.00262	0.14593	0.00658	0.00329	0.00822
16	0.01778	0.01533	0.01661	0.01239	0.01863	0.04336	0.00991	0.10343	0.05953	0.02724	0.01477	0.01638	0.01187	0.00632	0.00593	0.00137	0.00622	0.00496	0.00496	0.60304
17	0.02546	0.11380	0.06621	0.01660	0.02276	0.02307	0.01455	0.49029	0.08764	0.04021	0.01767	0.01780	0.01291	0.00857	0.00707	0.00218	0.00811	0.00641	0.00663	0.01205

[dist]
# distance from previous block
# <min> <max>
1	4

[block]
# block no. 3 follows, 27 sequences, length 33
# corresponding to MSA columns:
# 58-90
name=unknown_D
#
# <colnr> <probs for GDERKNQSTAVLIFYWHMCP>
#	G	D	E	R	K	N	Q	S	T	A	V	L	I	F	Y	W	H	M	C	P
0	0.01741	0.06751	0.07600	0.02835	0.03591	0.01886	0.55129	0.02336	0.01714	0.02338	0.01452	0.01900	0.01104	0.00626	0.00822	0.00235	0.01172	0.00802	0.00372	0.05593
1	0.07053	0.03549	0.60877	0.02100	0.03129	0.01730	0.06745	0.02341	0.01558	0.02423	0.01322	0.01570	0.00943	0.00699	0.00699	0.00236	0.01070	0.00559	0.00328	0.01070
2	0.02212	0.02259	0.01805	0.01601	0.01987	0.28177	0.01240	0.13457	0.19049	0.02815	0.12407	0.02723	0.02420	0.01018	0.00750	0.00225	0.00880	0.03382	0.00617	0.00975
3	0.01061	0.00795	0.01193	0.01193	0.01326	0.00928	0.00928	0.01326	0.01193	0.01723	0.01988	0.02916	0.01856	0.05568	0.70968	0.01193	0.01988	0.00795	0.00398	0.00663
4	0.01846	0.01595	0.01679	0.01511	0.01930	0.01846	0.01175	0.03945	0.67938	0.03105	0.03022	0.02770	0.02266	0.01007	0.00755	0.00252	0.00588	0.00839	0.00755	0.01175
5	0.01069	0.00715	0.00813	0.00824	0.00826	0.00712	0.00465	0.01077	0.01101	0.01468	0.02448	0.09132	0.02837	0.69449	0.03602	0.00694	0.00702	0.01144	0.00465	0.00459
6	0.01786	0.01542	0.01621	0.01463	0.01873	0.01770	0.01137	0.03765	0.63809	0.03037	0.03302	0.03042	0.06424	0.01062	0.00763	0.00252	0.00574	0.00885	0.00751	0.01141
7	0.01034	0.00758	0.00969	0.00917	0.01099	0.00693	0.00687	0.01369	0.02062	0.02884	0.63023	0.05698	0.12928	0.01552	0.00876	0.00235	0.00353	0.01364	0.00805	0.00693
8	0.79154	0.01436	0.01091	0.00976	0.01436	0.01665	0.00804	0.02182	0.01263	0.03331	0.01034	0.01206	0.00804	0.00689	0.00459	0.00230	0.00574	0.00402	0.00459	0.00804
9	0.01061	0.00795	0.01193	0.01193	0.01326	0.00928	0.00928	0.01326	0.01193	0.01723	0.01988	0.02916	0.01856	0.05568	0.70968	0.01193	0.01988	0.00795	0.00398	0.00663
10	0.01624	0.01624	0.02274	0.01949	0.01949	0.02274	0.01624	0.01787	0.01137	0.01787	0.00975	0.01624	0.00975	0.01299	0.02436	0.00325	0.72552	0.00650	0.00325	0.00812
11	0.01489	0.03840	0.70064	0.02116	0.03213	0.01724	0.02743	0.02351	0.01567	0.02351	0.01332	0.01567	0.00940	0.00705	0.00705	0.00235	0.01097	0.00549	0.00313	0.01097
12	0.00904	0.00646	0.00861	0.01034	0.01077	0.00603	0.00689	0.01034	0.01421	0.01895	0.04092	0.73426	0.04910	0.02326	0.00948	0.00301	0.00431	0.02110	0.00689	0.00603
13	0.01982	0.01533	0.01657	0.01437	0.01867	0.01704	0.01132	0.13419	0.44232	0.07889	0.07541	0.03089	0.07051	0.01078	0.00769	0.00244	0.00596	0.00890	0.00764	0.01125
14	0.79154	0.01436	0.01091	0.00976	0.01436	0.01665	0.00804	0.02182	0.01263	0.03331	0.01034	0.01206	0.00804	0.00689	0.00459	0.00230	0.00574	0.00402	0.00459	0.00804
15	0.02615	0.01976	0.02111	0.01666	0.02223	0.02205	0.01361	0.53437	0.17195	0.04344	0.02046	0.01992	0.01476	0.00916	0.00745	0.00229	0.00768	0.00705	0.00745	0.01244
16	0.01837	0.01764	0.03013	0.04557	0.69279	0.01764	0.02278	0.02278	0.01690	0.02425	0.01396	0.01837	0.01176	0.00661	0.00735	0.00220	0.00882	0.00661	0.00367	0.01176
17	0.01098	0.00848	0.01215	0.01104	0.01321	0.00786	0.05010	0.01455	0.02016	0.02806	0.54611	0.05677	0.10401	0.01532	0.00889	0.00246	0.00441	0.07062	0.00768	0.00714
18	0.01880	0.01508	0.01829	0.01402	0.01996	0.01405	0.04918	0.09686	0.18206	0.07004	0.01901	0.01959	0.01453	0.00728	0.00653	0.00173	0.00635	0.00609	0.00577	0.41477
19	0.00923	0.00660	0.00883	0.01055	0.01107	0.00619	0.00722	0.01066	0.01440	0.01916	0.04081	0.69199	0.04869	0.02308	0.00953	0.00304	0.00447	0.06150	0.00689	0.00608
20	0.01837	0.01764	0.03013	0.04557	0.69279	0.01764	0.02278	0.02278	0.01690	0.02425	0.01396	0.01837	0.01176	0.00661	0.00735	0.00220	0.00882	0.00661	0.00367	0.01176
21	0.01837	0.01764	0.03013	0.04557	0.69279	0.01764	0.02278	0.02278	0.01690	0.02425	0.01396	0.01837	0.01176	0.00661	0.00735	0.00220	0.00882	0.00661	0.00367	0.01176
22	0.01539	0.01319	0.01539	0.01100	0.01759	0.00990	0.00880	0.01869	0.01539	0.02419	0.01319	0.01539	0.01100	0.00550	0.00550	0.00110	0.00550	0.00440	0.00440	0.78449
23	0.00990	0.00707	0.00933	0.01082	0.01160	0.00675	0.00784	0.01161	0.01470	0.01936	0.04028	0.48822	0.07102	0.08828	0.01224	0.00348	0.00516	0.16960	0.00666	0.00609
24	0.00924	0.00661	0.00879	0.01020	0.01081	0.00616	0.00691	0.01084	0.01514	0.02043	0.12927	0.64170	0.05196	0.02216	0.00938	0.00292	0.00420	0.02006	0.00707	0.00616
25	0.01051	0.00759	0.00992	0.00934	0.01109	0.00700	0.00700	0.01401	0.02101	0.02977	0.68888	0.05545	0.07005	0.01518	0.00876	0.00233	0.00350	0.01343	0.00817	0.00700
26	0.00920	0.00657	0.00879	0.01051	0.01101	0.00616	0.00716	0.01060	0.01436	0.01912	0.04083	0.70039	0.04877	0.02311	0.00952	0.00304	0.00444	0.05348	0.00689	0.00607
27	0.01865	0.01840	0.02908	0.08783	0.61148	0.05855	0.02214	0.02294	0.01702	0.02355	0.01377	0.01817	0.01151	0.00673	0.00732	0.00220	0.00916	0.00650	0.00366	0.01134
28	0.01837	0.01764	0.03013	0.04557	0.69279	0.01764	0.02278	0.02278	0.01690	0.02425	0.01396	0.01837	0.01176	0.00661	0.00735	0.00220	0.00882	0.00661	0.00367	0.01176
29	0.01106	0.00889	0.01099	0.01202	0.05591	0.00852	0.00813	0.01557	0.09076	0.02424	0.24484	0.20919	0.23793	0.01696	0.00870	0.00255	0.00437	0.01483	0.00715	0.00740
30	0.01756	0.01759	0.02994	0.09492	0.46825	0.03962	0.12547	0.02207	0.01697	0.02327	0.01797	0.02204	0.05551	0.00745	0.00766	0.00229	0.00933	0.00749	0.00387	0.01073
31	0.01373	0.01309	0.05597	0.01559	0.05667	0.01348	0.01197	0.04254	0.01442	0.02088	0.02429	0.17459	0.06504	0.06929	0.07342	0.00377	0.20943	0.01043	0.05337	0.05804
32	0.06402	0.12735	0.01987	0.01551	0.06127	0.01671	0.01221	0.17360	0.02038	0.02861	0.04951	0.06259	0.02287	0.01172	0.00805	0.00238	0.03545	0.15588	0.05277	0.05922

[dist]
# distance from previous block
# <min> <max>
0	17

[block]
# block no. 4 follows, 27 sequences, length 30
# corresponding to MSA columns:
# 108-137
name=unknown_E
#
# <colnr> <probs for GDERKNQSTAVLIFYWHMCP>
#	G	D	E	R	K	N	Q	S	T	A	V	L	I	F	Y	W	H	M	C	P
0	0.04903	0.04995	0.02191	0.05198	0.07472	0.08175	0.01418	0.41403	0.05039	0.03683	0.01772	0.04687	0.01415	0.03298	0.00824	0.00239	0.00841	0.00707	0.00624	0.01116
1	0.14226	0.05398	0.06279	0.01513	0.02084	0.02028	0.01318	0.42439	0.02751	0.05977	0.04051	0.01856	0.01410	0.00858	0.00678	0.00220	0.00752	0.00635	0.04409	0.01120
2	0.11162	0.01626	0.01986	0.02083	0.17034	0.01715	0.01370	0.22455	0.09125	0.09645	0.05292	0.02141	0.01673	0.00847	0.00695	0.00220	0.00699	0.00687	0.05239	0.04307
3	0.11567	0.02030	0.12336	0.13202	0.15105	0.07422	0.04890	0.07735	0.01812	0.09048	0.01629	0.02059	0.01263	0.00797	0.00705	0.00231	0.00893	0.03129	0.03140	0.01008
4	0.01328	0.00980	0.01191	0.01105	0.01353	0.00994	0.00851	0.02090	0.17712	0.05344	0.47787	0.04915	0.05565	0.01401	0.00850	0.00243	0.00433	0.04227	0.00800	0.00832
5	0.01627	0.09901	0.60761	0.02001	0.03031	0.01798	0.02529	0.02404	0.01591	0.05744	0.01387	0.01583	0.00987	0.00710	0.00687	0.00228	0.01047	0.00545	0.00345	0.01093
6	0.00904	0.00646	0.00861	0.01034	0.01077	0.00603	0.00689	0.01034	0.01421	0.01895	0.04092	0.73426	0.04910	0.02326	0.00948	0.00301	0.00431	0.02110	0.00689	0.00603
7	0.01719	0.28201	0.32881	0.02034	0.02896	0.02183	0.15790	0.02312	0.01586	0.02145	0.01263	0.01528	0.00984	0.00664	0.00661	0.00212	0.01024	0.00565	0.00328	0.01026
8	0.01051	0.00759	0.00992	0.00934	0.01109	0.00700	0.00700	0.01401	0.02101	0.02977	0.68888	0.05545	0.07005	0.01518	0.00876	0.00233	0.00350	0.01343	0.00817	0.00700
9	0.00964	0.00755	0.00872	0.00843	0.01056	0.00663	0.00632	0.01232	0.01896	0.02489	0.38062	0.06349	0.38135	0.01700	0.00876	0.00242	0.00363	0.01455	0.00753	0.00663
10	0.79154	0.01436	0.01091	0.00976	0.01436	0.01665	0.00804	0.02182	0.01263	0.03331	0.01034	0.01206	0.00804	0.00689	0.00459	0.00230	0.00574	0.00402	0.00459	0.00804
11	0.00928	0.00754	0.00822	0.00805	0.01034	0.00648	0.00604	0.01163	0.01811	0.02287	0.25327	0.06680	0.50995	0.01775	0.00877	0.00246	0.00369	0.01502	0.00726	0.00648
12	0.00893	0.00753	0.00773	0.00768	0.01012	0.00633	0.00576	0.01095	0.01728	0.02091	0.12901	0.07004	0.63544	0.01848	0.00877	0.00249	0.00374	0.01547	0.00701	0.00633
13	0.01402	0.01319	0.02227	0.72126	0.05113	0.01649	0.02062	0.01897	0.01484	0.01897	0.01319	0.01979	0.00990	0.00742	0.00742	0.00247	0.00990	0.00660	0.00330	0.00825
14	0.01782	0.01740	0.02708	0.05748	0.02599	0.02111	0.16904	0.08541	0.07743	0.02339	0.01386	0.01854	0.01160	0.01045	0.01659	0.00286	0.38317	0.00723	0.00418	0.00935
15	0.01634	0.01545	0.02560	0.36046	0.34946	0.01715	0.02107	0.02205	0.05772	0.02220	0.01463	0.01963	0.01157	0.00721	0.00740	0.00235	0.00914	0.00672	0.00374	0.01011
16	0.00877	0.00752	0.00752	0.00752	0.01003	0.00627	0.00564	0.01065	0.01692	0.02005	0.07520	0.07144	0.68978	0.01880	0.00877	0.00251	0.00376	0.01567	0.00689	0.00627
17	0.00904	0.00646	0.00861	0.01034	0.01077	0.00603	0.00689	0.01034	0.01421	0.01895	0.04092	0.73426	0.04910	0.02326	0.00948	0.00301	0.00431	0.02110	0.00689	0.00603
18	0.01080	0.00720	0.00810	0.00810	0.00810	0.00720	0.00450	0.01080	0.01080	0.01439	0.02339	0.04858	0.02699	0.73910	0.03779	0.00720	0.00720	0.01080	0.00450	0.00450
19	0.01925	0.01930	0.02928	0.04309	0.63018	0.08229	0.02199	0.02342	0.01729	0.02368	0.01373	0.01791	0.01155	0.00671	0.00729	0.00218	0.00925	0.00644	0.00369	0.01146
20	0.02039	0.01933	0.01771	0.01585	0.02006	0.13160	0.01227	0.06424	0.54469	0.02961	0.02663	0.02494	0.02010	0.00963	0.00741	0.00241	0.00720	0.00773	0.00694	0.01127
21	0.01402	0.01319	0.02227	0.72126	0.05113	0.01649	0.02062	0.01897	0.01484	0.01897	0.01319	0.01979	0.00990	0.00742	0.00742	0.00247	0.00990	0.00660	0.00330	0.00825
22	0.01539	0.01319	0.01539	0.01100	0.01759	0.00990	0.00880	0.01869	0.01539	0.02419	0.01319	0.01539	0.01100	0.00550	0.00550	0.00110	0.00550	0.00440	0.00440	0.78449
23	0.01760	0.01682	0.02865	0.10935	0.54370	0.01717	0.05114	0.02267	0.03957	0.02384	0.01570	0.02203	0.01340	0.00746	0.00757	0.00231	0.00890	0.03709	0.00393	0.01110
24	0.02877	0.01250	0.01652	0.01260	0.01831	0.01053	0.01032	0.03175	0.02012	0.53647	0.05820	0.02484	0.01947	0.00877	0.00715	0.00207	0.00602	0.00717	0.00822	0.16021
25	0.00901	0.00659	0.00848	0.00999	0.01068	0.00606	0.00674	0.01038	0.01455	0.01909	0.04512	0.65294	0.12770	0.02271	0.00939	0.00295	0.00424	0.02044	0.00689	0.00606
26	0.00890	0.00750	0.00756	0.00756	0.00991	0.00633	0.00557	0.01066	0.01653	0.01970	0.07194	0.07000	0.64798	0.06423	0.01060	0.00280	0.00398	0.01536	0.00674	0.00616
27	0.02757	0.02047	0.02191	0.01695	0.02278	0.02272	0.01395	0.62636	0.07764	0.04574	0.01865	0.01848	0.01329	0.00899	0.00743	0.00225	0.00802	0.00680	0.00743	0.01257
28	0.22190	0.01805	0.02335	0.03007	0.36902	0.04566	0.01705	0.13901	0.01920	0.03043	0.01362	0.01643	0.01086	0.00714	0.00662	0.00222	0.00808	0.00588	0.00460	0.01082
29	0.04539	0.01634	0.01736	0.01531	0.06580	0.07136	0.01119	0.08118	0.14617	0.04861	0.01966	0.02044	0.04026	0.00763	0.00645	0.00175	0.00666	0.00609	0.00543	0.36690

[dist]
# distance from previous block
# <min> <max>
0	128

# created by:
# /st0/software/busco_prod/Augustus/scripts/msa2prfl.pl ./align_prep/175270.fa
