[name]
unknown

[dist]
# distance from previous block
# <min> <max>
14	58

[block]
# block no. 0 follows, 29 sequences, length 12
# corresponding to MSA columns:
# 68-79
name=unknown_A
#
# <colnr> <probs for GDERKNQSTAVLIFYWHMCP>
#	G	D	E	R	K	N	Q	S	T	A	V	L	I	F	Y	W	H	M	C	P
0	0.09836	0.17978	0.39341	0.01689	0.02511	0.01974	0.01949	0.12467	0.01749	0.02580	0.01256	0.01425	0.00939	0.00689	0.00612	0.00208	0.00899	0.00500	0.00380	0.01019
1	0.36976	0.11908	0.02034	0.01390	0.01888	0.01745	0.11350	0.02425	0.10807	0.07600	0.04565	0.01758	0.01371	0.00738	0.00582	0.00217	0.00678	0.00578	0.00495	0.00897
2	0.01678	0.13594	0.08167	0.02054	0.02422	0.04983	0.17853	0.02006	0.01361	0.01889	0.01100	0.01566	0.00964	0.00923	0.01477	0.00257	0.35891	0.00624	0.00324	0.00867
3	0.02714	0.01671	0.06602	0.01400	0.01947	0.08760	0.01197	0.03291	0.12430	0.45112	0.02464	0.02231	0.01644	0.00848	0.00698	0.00215	0.00700	0.00676	0.00740	0.04661
4	0.01558	0.01314	0.01520	0.01094	0.01722	0.01033	0.00878	0.06207	0.01601	0.02464	0.01295	0.01492	0.01065	0.00549	0.00540	0.00113	0.00544	0.00436	0.00441	0.74132
5	0.01808	0.01314	0.01551	0.01129	0.01745	0.01059	0.00911	0.07094	0.01697	0.11990	0.01513	0.01625	0.01165	0.00601	0.00568	0.00130	0.00558	0.00479	0.00508	0.62555
6	0.01791	0.01695	0.02516	0.07661	0.47554	0.04381	0.01882	0.04628	0.12197	0.02447	0.01577	0.01875	0.01271	0.00696	0.00697	0.00211	0.00807	0.00644	0.00424	0.05045
7	0.01909	0.01739	0.02773	0.03946	0.59903	0.01772	0.02056	0.12450	0.01890	0.02663	0.01397	0.01754	0.01141	0.00669	0.00706	0.00212	0.00836	0.00635	0.00408	0.01141
8	0.01750	0.01143	0.01394	0.01328	0.04968	0.01150	0.00970	0.11767	0.11390	0.14706	0.13632	0.14743	0.10673	0.03709	0.00882	0.00254	0.00544	0.03384	0.00712	0.00901
9	0.02255	0.01418	0.01643	0.01342	0.01773	0.01476	0.01070	0.22966	0.12702	0.20593	0.02479	0.08182	0.03543	0.05088	0.00935	0.00249	0.03189	0.00827	0.02560	0.05711
10	0.01713	0.01570	0.02446	0.15151	0.42229	0.01671	0.01896	0.05669	0.12198	0.02443	0.01701	0.02212	0.01403	0.00772	0.00722	0.00226	0.00807	0.03679	0.00437	0.01054
11	0.01836	0.01607	0.02239	0.07247	0.21692	0.01683	0.05464	0.15470	0.13522	0.02791	0.01881	0.02072	0.03944	0.00793	0.00765	0.00211	0.03702	0.00681	0.00506	0.11895

[dist]
# distance from previous block
# <min> <max>
1	11

[block]
# block no. 1 follows, 29 sequences, length 68
# corresponding to MSA columns:
# 91-125,127-159
name=unknown_B
#
# <colnr> <probs for GDERKNQSTAVLIFYWHMCP>
#	G	D	E	R	K	N	Q	S	T	A	V	L	I	F	Y	W	H	M	C	P
0	0.01941	0.42307	0.12066	0.01560	0.02189	0.07380	0.06457	0.10461	0.01761	0.02178	0.01304	0.01688	0.01128	0.00728	0.00587	0.00187	0.00867	0.03876	0.00382	0.00953
1	0.02291	0.04671	0.08360	0.01511	0.02096	0.04082	0.01335	0.33342	0.06564	0.10702	0.01855	0.02085	0.01407	0.00845	0.00685	0.00204	0.00747	0.03991	0.00621	0.12607
2	0.07073	0.66571	0.03407	0.01183	0.01758	0.02624	0.01160	0.02089	0.01461	0.01838	0.04592	0.01361	0.01207	0.00657	0.00476	0.00161	0.00725	0.00428	0.00339	0.00892
3	0.15455	0.36715	0.09754	0.01323	0.01902	0.04726	0.01281	0.08745	0.04165	0.04172	0.01263	0.01420	0.01032	0.00921	0.04259	0.00236	0.00824	0.00470	0.00405	0.00931
4	0.00855	0.00717	0.00744	0.00748	0.00973	0.00605	0.00557	0.01044	0.01638	0.01986	0.11601	0.10265	0.62231	0.01800	0.00845	0.00242	0.00362	0.01514	0.00670	0.00605
5	0.00994	0.00717	0.00904	0.00870	0.01013	0.00666	0.00626	0.01261	0.01816	0.02528	0.52917	0.08138	0.10537	0.12425	0.01256	0.00297	0.00393	0.01295	0.00718	0.00627
6	0.01072	0.00746	0.00968	0.00908	0.01093	0.00691	0.00686	0.01388	0.01939	0.05113	0.59096	0.05211	0.11475	0.01666	0.04550	0.00273	0.00429	0.01258	0.00756	0.00683
7	0.01427	0.00703	0.00733	0.00707	0.00902	0.00686	0.00537	0.01747	0.01536	0.07183	0.02610	0.02858	0.05384	0.00884	0.00530	0.00173	0.00352	0.00711	0.69640	0.00697
8	0.01626	0.03548	0.57382	0.02051	0.02983	0.12251	0.05844	0.02345	0.01590	0.02179	0.01260	0.01492	0.00914	0.00681	0.00680	0.00220	0.01095	0.00532	0.00314	0.01013
9	0.00860	0.00692	0.00767	0.00812	0.00989	0.00599	0.00585	0.01035	0.01574	0.01955	0.10481	0.26517	0.46830	0.01905	0.00861	0.00254	0.00374	0.01641	0.00669	0.00599
10	0.05533	0.01972	0.02097	0.01613	0.02178	0.02186	0.01332	0.65743	0.03270	0.04440	0.01683	0.01689	0.01195	0.00848	0.00702	0.00214	0.00775	0.00632	0.00702	0.01195
11	0.01747	0.01677	0.02863	0.06843	0.68178	0.01688	0.02178	0.02172	0.01614	0.02308	0.01337	0.01767	0.01121	0.00637	0.00705	0.00212	0.00850	0.00634	0.00351	0.01116
12	0.02662	0.03337	0.02023	0.01826	0.02202	0.69280	0.01375	0.05494	0.02072	0.01854	0.01125	0.01301	0.00929	0.00739	0.00645	0.00185	0.01264	0.00466	0.00381	0.00841
13	0.01345	0.01266	0.02136	0.73264	0.04904	0.01582	0.01978	0.01819	0.01424	0.01819	0.01266	0.01898	0.00949	0.00712	0.00712	0.00237	0.00949	0.00633	0.00316	0.00791
14	0.01420	0.01343	0.02272	0.60826	0.16753	0.01602	0.02015	0.01885	0.01459	0.01911	0.01279	0.01874	0.00981	0.00698	0.00711	0.00233	0.00931	0.00633	0.00323	0.00852
15	0.01000	0.00722	0.00945	0.00901	0.01062	0.00667	0.00671	0.01324	0.01978	0.02796	0.66379	0.09267	0.06604	0.01500	0.00844	0.00228	0.00340	0.01330	0.00777	0.00667
16	0.02290	0.01775	0.01899	0.01554	0.02045	0.01992	0.01258	0.40735	0.29215	0.03820	0.02242	0.02282	0.01681	0.00934	0.00726	0.00228	0.00693	0.02759	0.00715	0.01160
17	0.01008	0.00728	0.00952	0.00896	0.01064	0.00672	0.00672	0.01344	0.02016	0.02855	0.70158	0.05319	0.06719	0.01456	0.00840	0.00224	0.00336	0.01288	0.00784	0.00672
18	0.01345	0.01266	0.02136	0.73264	0.04904	0.01582	0.01978	0.01819	0.01424	0.01819	0.01266	0.01898	0.00949	0.00712	0.00712	0.00237	0.00949	0.00633	0.00316	0.00791
19	0.02426	0.02729	0.01923	0.01749	0.04219	0.46469	0.01303	0.15654	0.04265	0.02363	0.01915	0.02001	0.08185	0.00872	0.00681	0.00198	0.01053	0.00619	0.00476	0.00898
20	0.01204	0.00632	0.00915	0.00915	0.00920	0.00637	0.00603	0.00953	0.00949	0.01269	0.01388	0.02505	0.01428	0.11841	0.05184	0.66648	0.00670	0.00677	0.00327	0.00336
21	0.10068	0.02278	0.03116	0.02379	0.02925	0.22533	0.37580	0.02395	0.01698	0.02184	0.01265	0.01633	0.00992	0.00683	0.00826	0.00225	0.05293	0.00668	0.00368	0.00891
22	0.80005	0.01377	0.01047	0.00936	0.01377	0.01597	0.00771	0.02093	0.01212	0.03195	0.00991	0.01157	0.00771	0.00661	0.00441	0.00220	0.00551	0.00386	0.00441	0.00771
23	0.01733	0.01624	0.02697	0.17938	0.53562	0.01699	0.02096	0.05876	0.01681	0.02349	0.01346	0.01786	0.01097	0.00662	0.00707	0.00217	0.00863	0.00635	0.00366	0.01066
24	0.01025	0.00774	0.00889	0.00846	0.01071	0.00697	0.00639	0.01357	0.04791	0.04425	0.34300	0.05868	0.37548	0.01588	0.00832	0.00233	0.00366	0.01355	0.00724	0.00673
25	0.01166	0.00736	0.01084	0.01063	0.01166	0.00716	0.03147	0.01185	0.01359	0.01831	0.16699	0.04275	0.05049	0.04785	0.01901	0.37960	0.00582	0.14303	0.00499	0.00495
26	0.00966	0.00726	0.00894	0.00852	0.01038	0.00654	0.00639	0.01263	0.01917	0.02621	0.54328	0.05705	0.22694	0.01543	0.00840	0.00228	0.00342	0.01342	0.00753	0.00654
27	0.01904	0.75404	0.03731	0.01218	0.01828	0.02818	0.01218	0.02132	0.01447	0.01675	0.00990	0.01142	0.00914	0.00609	0.00457	0.00152	0.00761	0.00381	0.00305	0.00914
28	0.00842	0.00721	0.00721	0.00721	0.00962	0.00601	0.00541	0.01022	0.01623	0.01924	0.07213	0.06853	0.70244	0.01803	0.00842	0.00240	0.00361	0.01503	0.00661	0.00601
29	0.01345	0.01266	0.02136	0.73264	0.04904	0.01582	0.01978	0.01819	0.01424	0.01819	0.01266	0.01898	0.00949	0.00712	0.00712	0.00237	0.00949	0.00633	0.00316	0.00791
30	0.01428	0.03683	0.71286	0.02030	0.03082	0.01654	0.02631	0.02255	0.01503	0.02255	0.01278	0.01503	0.00902	0.00677	0.00677	0.00226	0.01052	0.00526	0.00301	0.01052
31	0.01036	0.00690	0.00777	0.00777	0.00777	0.00690	0.00431	0.01036	0.01036	0.01381	0.02244	0.04660	0.02589	0.74975	0.03624	0.00690	0.00690	0.01036	0.00431	0.00431
32	0.01017	0.00763	0.01144	0.01144	0.01272	0.00890	0.00890	0.01272	0.01144	0.01653	0.01907	0.02797	0.01780	0.05340	0.72153	0.01144	0.01907	0.00763	0.00381	0.00636
33	0.01094	0.05758	0.01154	0.00958	0.01160	0.00877	0.00731	0.01505	0.06635	0.02597	0.48566	0.13683	0.09633	0.01484	0.00815	0.00230	0.00392	0.01299	0.00725	0.00704
34	0.01762	0.01692	0.02890	0.04371	0.70533	0.01692	0.02185	0.02185	0.01621	0.02326	0.01339	0.01762	0.01128	0.00634	0.00705	0.00211	0.00846	0.00634	0.00352	0.01128
35	0.01877	0.71341	0.07558	0.01264	0.01899	0.02752	0.01298	0.02139	0.01450	0.01708	0.01006	0.01163	0.00913	0.00613	0.00469	0.00156	0.00778	0.00389	0.00304	0.00922
36	0.80005	0.01377	0.01047	0.00936	0.01377	0.01597	0.00771	0.02093	0.01212	0.03195	0.00991	0.01157	0.00771	0.00661	0.00441	0.00220	0.00551	0.00386	0.00441	0.00771
37	0.01762	0.01692	0.02890	0.04371	0.70533	0.01692	0.02185	0.02185	0.01621	0.02326	0.01339	0.01762	0.01128	0.00634	0.00705	0.00211	0.00846	0.00634	0.00352	0.01128
38	0.01777	0.01978	0.09063	0.02597	0.08780	0.01810	0.37353	0.08511	0.15484	0.02623	0.01737	0.02002	0.01302	0.00707	0.00780	0.00234	0.00992	0.00771	0.00460	0.01039
39	0.01013	0.00704	0.00942	0.01076	0.01176	0.00686	0.00822	0.01232	0.01482	0.02012	0.06576	0.38984	0.04239	0.04250	0.03142	0.00329	0.00543	0.24302	0.05876	0.00613
40	0.01477	0.01266	0.01477	0.01055	0.01687	0.00949	0.00844	0.01793	0.01477	0.02320	0.01266	0.01477	0.01055	0.00527	0.00527	0.00105	0.00527	0.00422	0.00422	0.79328
41	0.80005	0.01377	0.01047	0.00936	0.01377	0.01597	0.00771	0.02093	0.01212	0.03195	0.00991	0.01157	0.00771	0.00661	0.00441	0.00220	0.00551	0.00386	0.00441	0.00771
42	0.01692	0.01620	0.02763	0.15977	0.59477	0.01673	0.02150	0.02124	0.01588	0.02241	0.01327	0.01785	0.01098	0.00648	0.00706	0.00216	0.00863	0.00634	0.00346	0.01071
43	0.01762	0.01692	0.02890	0.04371	0.70533	0.01692	0.02185	0.02185	0.01621	0.02326	0.01339	0.01762	0.01128	0.00634	0.00705	0.00211	0.00846	0.00634	0.00352	0.01128
44	0.80005	0.01377	0.01047	0.00936	0.01377	0.01597	0.00771	0.02093	0.01212	0.03195	0.00991	0.01157	0.00771	0.00661	0.00441	0.00220	0.00551	0.00386	0.00441	0.00771
45	0.00842	0.00721	0.00721	0.00721	0.00962	0.00601	0.00541	0.01022	0.01623	0.01924	0.07213	0.06853	0.70244	0.01803	0.00842	0.00240	0.00361	0.01503	0.00661	0.00601
46	0.02722	0.01970	0.02122	0.01627	0.02196	0.02172	0.01344	0.66144	0.03307	0.06560	0.01744	0.01732	0.01228	0.00856	0.00712	0.00214	0.00778	0.00643	0.00718	0.01211
47	0.00868	0.00620	0.00826	0.00991	0.01033	0.00578	0.00661	0.00991	0.01363	0.01818	0.03925	0.74510	0.04710	0.02231	0.00909	0.00289	0.00413	0.02024	0.00661	0.00578
48	0.02335	0.01826	0.01915	0.01529	0.02041	0.04253	0.01235	0.44704	0.15973	0.03797	0.01982	0.05074	0.01531	0.00905	0.00705	0.00212	0.00719	0.00709	0.00676	0.07878
49	0.01108	0.00850	0.01191	0.01410	0.08296	0.00817	0.01002	0.01411	0.01713	0.02305	0.23078	0.14182	0.10880	0.01698	0.00891	0.00273	0.00527	0.27010	0.00663	0.00694
50	0.01904	0.75404	0.03731	0.01218	0.01828	0.02818	0.01218	0.02132	0.01447	0.01675	0.00990	0.01142	0.00914	0.00609	0.00457	0.00152	0.00761	0.00381	0.00305	0.00914
51	0.01681	0.01921	0.04202	0.03001	0.03721	0.01801	0.67947	0.02281	0.01681	0.02281	0.01441	0.01921	0.01080	0.00600	0.00840	0.00240	0.01200	0.00840	0.00360	0.00960
52	0.01220	0.00627	0.00929	0.00925	0.00938	0.00622	0.00622	0.00959	0.01010	0.01359	0.06433	0.02402	0.01650	0.02397	0.02636	0.73322	0.00597	0.00669	0.00345	0.00337
53	0.02245	0.05288	0.02030	0.02047	0.12034	0.49187	0.01379	0.02461	0.01864	0.01844	0.01753	0.07242	0.05864	0.00899	0.00678	0.00198	0.01074	0.00669	0.00404	0.00839
54	0.01225	0.01076	0.03831	0.01253	0.05276	0.01013	0.00926	0.01953	0.17508	0.02720	0.40658	0.06640	0.10446	0.01320	0.00802	0.00231	0.00449	0.01151	0.00713	0.00809
55	0.01006	0.00723	0.00925	0.01040	0.01121	0.00701	0.00713	0.06056	0.01513	0.02019	0.03758	0.69022	0.04446	0.02127	0.00894	0.00283	0.00441	0.01920	0.00665	0.00626
56	0.01281	0.01159	0.01888	0.56843	0.04049	0.01418	0.01706	0.01695	0.01441	0.01898	0.05499	0.09868	0.01705	0.00939	0.00791	0.00243	0.03396	0.00820	0.02603	0.00757
57	0.02189	0.34623	0.06398	0.01656	0.05949	0.20167	0.01390	0.09358	0.05537	0.04727	0.01301	0.01423	0.01058	0.00701	0.00581	0.00181	0.00900	0.00486	0.00410	0.00965
58	0.01504	0.01495	0.02071	0.01783	0.01801	0.02062	0.01481	0.01662	0.01131	0.01729	0.01408	0.01957	0.06160	0.01288	0.02224	0.00306	0.68144	0.00689	0.00338	0.00766
59	0.02003	0.01022	0.01309	0.01106	0.01465	0.00939	0.00887	0.07208	0.02063	0.30171	0.27704	0.04199	0.10732	0.01245	0.00789	0.00229	0.00499	0.04709	0.00798	0.00921
60	0.05581	0.21955	0.33584	0.01594	0.02342	0.04402	0.01785	0.06515	0.01603	0.02251	0.01409	0.06900	0.01216	0.00781	0.00617	0.00202	0.00863	0.00593	0.00373	0.05434
61	0.01550	0.15220	0.46393	0.01834	0.04253	0.01808	0.02111	0.02145	0.01450	0.04006	0.01313	0.01690	0.01049	0.05675	0.00964	0.00250	0.06437	0.00551	0.00329	0.00973
62	0.00912	0.00753	0.00811	0.05561	0.01215	0.00671	0.00634	0.01123	0.01600	0.01972	0.06448	0.06205	0.60458	0.01657	0.00807	0.00235	0.00398	0.01381	0.06539	0.00619
63	0.01794	0.50915	0.10383	0.01320	0.01877	0.08402	0.01301	0.02067	0.01451	0.01719	0.01186	0.01569	0.01097	0.06550	0.05523	0.00270	0.00909	0.00478	0.00324	0.00866
64	0.01602	0.02055	0.17728	0.04935	0.38973	0.04120	0.04737	0.02086	0.01591	0.02226	0.01675	0.07028	0.01527	0.00855	0.00737	0.00229	0.00881	0.05614	0.00384	0.01013
65	0.02778	0.01183	0.01550	0.01229	0.01714	0.01061	0.00999	0.07952	0.02062	0.54672	0.05052	0.07691	0.06640	0.01050	0.00741	0.00226	0.00582	0.00869	0.00836	0.01112
66	0.01027	0.00927	0.05640	0.01031	0.01236	0.00731	0.00819	0.01296	0.01625	0.02273	0.28910	0.30606	0.04804	0.05839	0.00996	0.00271	0.00461	0.04276	0.00653	0.06578
67	0.09428	0.01722	0.01958	0.06935	0.02273	0.10349	0.05669	0.17188	0.02180	0.32137	0.01990	0.01942	0.01344	0.00806	0.00690	0.00217	0.00791	0.00641	0.00664	0.01077

[dist]
# distance from previous block
# <min> <max>
0	15

# created by:
# /st0/software/busco_prod/Augustus/scripts/msa2prfl.pl ./align_prep/175688.fa
