[name]
unknown

[dist]
# distance from previous block
# <min> <max>
0	36

[block]
# block no. 0 follows, 29 sequences, length 30
# corresponding to MSA columns:
# 38-67
name=unknown_A
#
# <colnr> <probs for GDERKNQSTAVLIFYWHMCP>
#	G	D	E	R	K	N	Q	S	T	A	V	L	I	F	Y	W	H	M	C	P
0	0.01147	0.00820	0.01147	0.01311	0.01475	0.00820	0.01147	0.01475	0.01639	0.02131	0.03770	0.08032	0.04098	0.01967	0.00984	0.00328	0.00656	0.65741	0.00656	0.00656
1	0.01896	0.57269	0.14667	0.01388	0.02066	0.02574	0.01462	0.07889	0.01621	0.02015	0.01100	0.01251	0.00938	0.00642	0.00515	0.00170	0.00811	0.00427	0.00339	0.00962
2	0.02306	0.08045	0.02094	0.01445	0.02035	0.01920	0.01204	0.44597	0.02680	0.03662	0.01528	0.01598	0.01143	0.00745	0.00641	0.00179	0.00712	0.00560	0.00599	0.22306
3	0.01043	0.00752	0.00947	0.01007	0.01112	0.00750	0.00743	0.01272	0.03510	0.01864	0.07840	0.15911	0.09376	0.25219	0.07831	0.00489	0.00687	0.18488	0.00574	0.00583
4	0.01469	0.01393	0.02361	0.52683	0.24510	0.01615	0.02040	0.01929	0.01483	0.01971	0.01288	0.01858	0.01003	0.00689	0.00710	0.00230	0.00918	0.00633	0.00327	0.00892
5	0.69688	0.01362	0.01189	0.10422	0.01840	0.01595	0.00929	0.02057	0.01240	0.03014	0.01027	0.01254	0.00795	0.00668	0.00476	0.00223	0.00603	0.00418	0.00424	0.00774
6	0.01681	0.01921	0.04202	0.03001	0.03721	0.01801	0.67947	0.02281	0.01681	0.02281	0.01441	0.01921	0.01080	0.00600	0.00840	0.00240	0.01200	0.00840	0.00360	0.00960
7	0.73178	0.01577	0.07149	0.01031	0.01525	0.01602	0.00933	0.02107	0.01237	0.03113	0.01016	0.01187	0.00783	0.00662	0.00461	0.00221	0.00594	0.00398	0.00429	0.00796
8	0.80005	0.01377	0.01047	0.00936	0.01377	0.01597	0.00771	0.02093	0.01212	0.03195	0.00991	0.01157	0.00771	0.00661	0.00441	0.00220	0.00551	0.00386	0.00441	0.00771
9	0.00842	0.00721	0.00721	0.00721	0.00962	0.00601	0.00541	0.01022	0.01623	0.01924	0.07213	0.06853	0.70244	0.01803	0.00842	0.00240	0.00361	0.01503	0.00661	0.00601
10	0.01681	0.01921	0.04202	0.03001	0.03721	0.01801	0.67947	0.02281	0.01681	0.02281	0.01441	0.01921	0.01080	0.00600	0.00840	0.00240	0.01200	0.00840	0.00360	0.00960
11	0.01193	0.00913	0.01407	0.01455	0.01666	0.00903	0.06832	0.01544	0.01643	0.02144	0.03572	0.07512	0.03841	0.01851	0.00971	0.00320	0.00702	0.60217	0.00631	0.00682
12	0.00868	0.00620	0.00826	0.00991	0.01033	0.00578	0.00661	0.00991	0.01363	0.01818	0.03925	0.74510	0.04710	0.02231	0.00909	0.00289	0.00413	0.02024	0.00661	0.00578
13	0.00938	0.00733	0.01119	0.01166	0.01266	0.00685	0.06507	0.01104	0.01391	0.01858	0.03709	0.68204	0.04394	0.02089	0.00903	0.00285	0.00482	0.01921	0.00635	0.00612
14	0.01881	0.01541	0.01581	0.01408	0.01802	0.05668	0.01096	0.03495	0.53812	0.08809	0.08511	0.02784	0.02452	0.00987	0.00729	0.00235	0.00589	0.00818	0.00723	0.01078
15	0.03195	0.01212	0.01652	0.01267	0.01818	0.01047	0.01047	0.03470	0.02038	0.71026	0.02809	0.02424	0.01763	0.00881	0.00716	0.00220	0.00606	0.00716	0.00881	0.01212
16	0.01428	0.03683	0.71286	0.02030	0.03082	0.01654	0.02631	0.02255	0.01503	0.02255	0.01278	0.01503	0.00902	0.00677	0.00677	0.00226	0.01052	0.00526	0.00301	0.01052
17	0.01681	0.01921	0.04202	0.03001	0.03721	0.01801	0.67947	0.02281	0.01681	0.02281	0.01441	0.01921	0.01080	0.00600	0.00840	0.00240	0.01200	0.00840	0.00360	0.00960
18	0.01484	0.12080	0.63376	0.01935	0.02935	0.01790	0.02466	0.02241	0.01497	0.02187	0.01244	0.01461	0.00903	0.00669	0.00651	0.00217	0.01018	0.00509	0.00301	0.01036
19	0.03195	0.01212	0.01652	0.01267	0.01818	0.01047	0.01047	0.03470	0.02038	0.71026	0.02809	0.02424	0.01763	0.00881	0.00716	0.00220	0.00606	0.00716	0.00881	0.01212
20	0.13230	0.01759	0.03479	0.11402	0.03521	0.01744	0.49831	0.02196	0.01579	0.02359	0.01352	0.01805	0.01018	0.00623	0.00765	0.00237	0.01073	0.00747	0.00367	0.00911
21	0.01584	0.01674	0.03145	0.10499	0.03109	0.01869	0.34827	0.01983	0.01418	0.01993	0.01236	0.01799	0.01020	0.00905	0.01418	0.03000	0.26598	0.00733	0.00336	0.00855
22	0.00851	0.00722	0.00734	0.00731	0.00967	0.00605	0.00548	0.01039	0.01644	0.01974	0.10601	0.06770	0.66826	0.01785	0.00841	0.00240	0.00359	0.01491	0.00668	0.00605
23	0.00976	0.00727	0.00908	0.00863	0.01045	0.00659	0.00647	0.01283	0.01942	0.02680	0.58277	0.05609	0.18709	0.01521	0.00840	0.00227	0.00341	0.01328	0.00761	0.00659
24	0.02560	0.01984	0.01948	0.01572	0.02062	0.12534	0.01269	0.41274	0.06709	0.11530	0.01833	0.01876	0.01336	0.01222	0.06688	0.00290	0.00920	0.00642	0.00653	0.01099
25	0.02748	0.01966	0.01854	0.01519	0.02011	0.18170	0.01212	0.19635	0.11699	0.28529	0.02143	0.02008	0.01482	0.00852	0.00699	0.00213	0.00804	0.00649	0.00696	0.01109
26	0.03195	0.01212	0.01652	0.01267	0.01818	0.01047	0.01047	0.03470	0.02038	0.71026	0.02809	0.02424	0.01763	0.00881	0.00716	0.00220	0.00606	0.00716	0.00881	0.01212
27	0.01389	0.01310	0.02215	0.66029	0.11796	0.01594	0.01999	0.01858	0.01445	0.01873	0.01273	0.01884	0.00968	0.00704	0.00711	0.00235	0.00938	0.00633	0.00320	0.00826
28	0.02361	0.02770	0.01847	0.01678	0.02045	0.50047	0.01269	0.03040	0.19941	0.02115	0.01637	0.01714	0.01294	0.00800	0.00657	0.00198	0.01048	0.00561	0.04080	0.00899
29	0.03980	0.00865	0.01123	0.01094	0.01317	0.00808	0.00817	0.03933	0.01669	0.20520	0.08637	0.41672	0.03813	0.01703	0.00835	0.00263	0.00488	0.04951	0.00724	0.00785

[dist]
# distance from previous block
# <min> <max>
0	22

[block]
# block no. 1 follows, 29 sequences, length 36
# corresponding to MSA columns:
# 90-125
name=unknown_B
#
# <colnr> <probs for GDERKNQSTAVLIFYWHMCP>
#	G	D	E	R	K	N	Q	S	T	A	V	L	I	F	Y	W	H	M	C	P
0	0.01716	0.01645	0.02807	0.11989	0.63276	0.01680	0.02162	0.02145	0.01600	0.02270	0.01331	0.01777	0.01108	0.00643	0.00706	0.00214	0.00857	0.00634	0.00348	0.01091
1	0.01235	0.01018	0.01143	0.01197	0.01395	0.03737	0.00925	0.01889	0.18250	0.02199	0.03867	0.28498	0.10708	0.01742	0.00866	0.00279	0.00545	0.19096	0.00664	0.00747
2	0.02322	0.01572	0.02122	0.01814	0.06479	0.05504	0.11574	0.05185	0.21223	0.27541	0.05273	0.02406	0.01880	0.00861	0.00738	0.00227	0.00734	0.00763	0.00683	0.01098
3	0.01345	0.01266	0.02136	0.73264	0.04904	0.01582	0.01978	0.01819	0.01424	0.01819	0.01266	0.01898	0.00949	0.00712	0.00712	0.00237	0.00949	0.00633	0.00316	0.00791
4	0.00902	0.00645	0.00866	0.01031	0.01088	0.00608	0.00722	0.01052	0.01398	0.01857	0.03905	0.66228	0.04633	0.02198	0.00918	0.00294	0.00443	0.09963	0.00660	0.00588
5	0.01640	0.01567	0.02670	0.24487	0.51370	0.01660	0.02125	0.02078	0.01564	0.02178	0.01318	0.01802	0.01076	0.00657	0.00707	0.00219	0.00876	0.00634	0.00342	0.01030
6	0.01681	0.01921	0.04202	0.03001	0.03721	0.01801	0.67947	0.02281	0.01681	0.02281	0.01441	0.01921	0.01080	0.00600	0.00840	0.00240	0.01200	0.00840	0.00360	0.00960
7	0.03195	0.01212	0.01652	0.01267	0.01818	0.01047	0.01047	0.03470	0.02038	0.71026	0.02809	0.02424	0.01763	0.00881	0.00716	0.00220	0.00606	0.00716	0.00881	0.01212
8	0.01743	0.01692	0.02948	0.06585	0.64108	0.01695	0.06345	0.02179	0.01619	0.02307	0.01343	0.01777	0.01119	0.00635	0.00714	0.00214	0.00872	0.00647	0.00352	0.01106
9	0.01680	0.32395	0.38813	0.01690	0.02500	0.05419	0.01972	0.02216	0.01492	0.01982	0.01143	0.01350	0.00908	0.00670	0.00638	0.00197	0.03182	0.00468	0.00306	0.00978
10	0.01458	0.08227	0.67006	0.01978	0.03002	0.01727	0.02541	0.02247	0.01500	0.02218	0.01260	0.01480	0.00903	0.00672	0.00663	0.00221	0.01034	0.00517	0.00301	0.01044
11	0.03195	0.01212	0.01652	0.01267	0.01818	0.01047	0.01047	0.03470	0.02038	0.71026	0.02809	0.02424	0.01763	0.00881	0.00716	0.00220	0.00606	0.00716	0.00881	0.01212
12	0.05980	0.11159	0.60096	0.01881	0.02851	0.01774	0.02375	0.02233	0.01481	0.02247	0.01231	0.01445	0.00896	0.00668	0.00640	0.00217	0.00993	0.00503	0.00309	0.01022
13	0.01550	0.01592	0.06419	0.24272	0.34648	0.01572	0.04976	0.02059	0.03671	0.02169	0.01625	0.02488	0.01407	0.00810	0.00742	0.00235	0.00876	0.07543	0.00383	0.00966
14	0.01512	0.16294	0.59408	0.01887	0.02861	0.01858	0.02383	0.02233	0.01493	0.02153	0.01227	0.01440	0.00904	0.00665	0.00638	0.00213	0.01001	0.00501	0.00301	0.01028
15	0.01430	0.00832	0.01102	0.01021	0.01263	0.00761	0.00809	0.01746	0.01944	0.15419	0.44503	0.05267	0.08259	0.01443	0.00839	0.00240	0.00437	0.11140	0.00777	0.00767
16	0.07332	0.01696	0.12603	0.01662	0.05139	0.01328	0.07289	0.02955	0.09068	0.36498	0.02331	0.05408	0.01656	0.00870	0.00713	0.00228	0.00722	0.00742	0.00667	0.01095
17	0.01574	0.01899	0.12734	0.01965	0.08196	0.11005	0.11614	0.02005	0.04228	0.04354	0.05031	0.21894	0.02327	0.01192	0.00902	0.00245	0.06459	0.01044	0.00480	0.00854
18	0.01018	0.00760	0.01130	0.01130	0.01252	0.00882	0.00872	0.01262	0.01140	0.01642	0.01920	0.02869	0.01811	0.08028	0.69508	0.01127	0.01860	0.00773	0.00383	0.00628
19	0.01379	0.01304	0.02183	0.66017	0.08690	0.01615	0.01972	0.01837	0.01421	0.01845	0.01256	0.01875	0.00959	0.00731	0.00783	0.00239	0.04134	0.00632	0.00318	0.00811
20	0.02591	0.01804	0.01970	0.01542	0.02078	0.01965	0.01263	0.50425	0.11223	0.12150	0.02161	0.02074	0.03582	0.00902	0.00718	0.00219	0.00722	0.00697	0.00732	0.01181
21	0.01821	0.02002	0.02428	0.11121	0.09130	0.18314	0.08930	0.02098	0.01464	0.01855	0.01109	0.01596	0.00967	0.00930	0.01418	0.00255	0.32770	0.00611	0.00334	0.00845
22	0.01008	0.00720	0.00987	0.01152	0.01254	0.00699	0.00904	0.01234	0.01501	0.01974	0.03847	0.41255	0.04404	0.02099	0.00946	0.00309	0.00534	0.33898	0.00658	0.00617
23	0.01428	0.03683	0.71286	0.02030	0.03082	0.01654	0.02631	0.02255	0.01503	0.02255	0.01278	0.01503	0.00902	0.00677	0.00677	0.00226	0.01052	0.00526	0.00301	0.01052
24	0.02487	0.10367	0.15611	0.01645	0.06054	0.01591	0.01484	0.11325	0.05330	0.33795	0.02080	0.01979	0.01410	0.00797	0.00678	0.00213	0.00745	0.00631	0.00642	0.01137
25	0.01526	0.06639	0.65344	0.01961	0.02973	0.01677	0.02501	0.02303	0.01524	0.05248	0.01333	0.01528	0.00940	0.00683	0.00669	0.00222	0.01020	0.00528	0.00326	0.01053
26	0.01085	0.00851	0.01226	0.01188	0.01285	0.01023	0.00916	0.01297	0.01125	0.01628	0.01829	0.02871	0.01775	0.13242	0.55368	0.00988	0.10516	0.00779	0.00379	0.00629
27	0.01681	0.01968	0.07128	0.03163	0.13790	0.01777	0.54965	0.02265	0.01663	0.02287	0.01418	0.01877	0.01079	0.00609	0.00812	0.00235	0.01140	0.00795	0.00356	0.00990
28	0.01877	0.01913	0.02682	0.03469	0.45360	0.11149	0.07244	0.02528	0.12118	0.02345	0.01556	0.01849	0.01257	0.00696	0.00711	0.00215	0.00890	0.00654	0.00412	0.01074
29	0.01875	0.01700	0.02646	0.07592	0.29229	0.04645	0.13975	0.11560	0.03587	0.05653	0.01951	0.02409	0.05263	0.00817	0.00751	0.00226	0.00874	0.03756	0.00468	0.01025
30	0.00887	0.00699	0.00803	0.00846	0.01018	0.00615	0.00619	0.01082	0.01614	0.02046	0.15805	0.24961	0.39994	0.01873	0.00866	0.00255	0.00384	0.04345	0.00680	0.00608
31	0.02688	0.01880	0.02049	0.01586	0.02142	0.02057	0.01305	0.56811	0.08047	0.11193	0.01909	0.01852	0.01338	0.00866	0.00714	0.00216	0.00749	0.00661	0.00731	0.01205
32	0.13607	0.10776	0.53427	0.01777	0.02688	0.01766	0.02197	0.02217	0.01452	0.02340	0.01204	0.01412	0.00883	0.00667	0.00617	0.00217	0.00945	0.00489	0.00323	0.00995
33	0.02002	0.01644	0.01740	0.01496	0.01940	0.01879	0.01183	0.19679	0.52976	0.03351	0.02605	0.02423	0.01936	0.00939	0.00722	0.00235	0.00618	0.00765	0.00722	0.01148
34	0.05430	0.10821	0.04516	0.01542	0.02099	0.02166	0.01319	0.44582	0.14035	0.03769	0.01780	0.01771	0.01309	0.00830	0.00672	0.00212	0.00744	0.00623	0.00641	0.01138
35	0.62977	0.01528	0.03763	0.01300	0.01807	0.01613	0.11208	0.02171	0.01320	0.05201	0.01128	0.01326	0.00855	0.00659	0.00519	0.00224	0.00669	0.00471	0.00438	0.00823

[dist]
# distance from previous block
# <min> <max>
0	2

[block]
# block no. 2 follows, 29 sequences, length 40
# corresponding to MSA columns:
# 128-167
name=unknown_C
#
# <colnr> <probs for GDERKNQSTAVLIFYWHMCP>
#	G	D	E	R	K	N	Q	S	T	A	V	L	I	F	Y	W	H	M	C	P
0	0.41674	0.22573	0.16528	0.01245	0.01861	0.01951	0.01286	0.02138	0.01339	0.02573	0.01051	0.01225	0.00839	0.00650	0.00495	0.00202	0.00715	0.00414	0.00373	0.00870
1	0.02585	0.01826	0.01902	0.01505	0.02003	0.07171	0.01217	0.43257	0.05426	0.15199	0.05268	0.02154	0.01655	0.04467	0.00855	0.00237	0.00757	0.00697	0.00705	0.01114
2	0.02173	0.04340	0.01790	0.01538	0.01932	0.26007	0.01193	0.03218	0.33054	0.09048	0.02147	0.02122	0.01636	0.01145	0.05239	0.00274	0.00909	0.00661	0.00581	0.00993
3	0.01486	0.01176	0.08548	0.01116	0.01460	0.00912	0.00974	0.01970	0.06250	0.14801	0.46738	0.04236	0.04942	0.01241	0.00793	0.00225	0.00474	0.01076	0.00746	0.00836
4	0.01754	0.01716	0.03027	0.04228	0.63552	0.01703	0.09057	0.02195	0.01628	0.02322	0.01350	0.01779	0.01123	0.00631	0.00719	0.00214	0.00883	0.00656	0.00353	0.01110
5	0.01398	0.01355	0.02396	0.62800	0.07236	0.01611	0.09380	0.01885	0.01460	0.01890	0.01288	0.01896	0.00971	0.00696	0.00726	0.00237	0.00974	0.00656	0.00323	0.00823
6	0.00868	0.00620	0.00826	0.00991	0.01033	0.00578	0.00661	0.00991	0.01363	0.01818	0.03925	0.74510	0.04710	0.02231	0.00909	0.00289	0.00413	0.02024	0.00661	0.00578
7	0.01539	0.20460	0.55484	0.01840	0.02788	0.01926	0.02300	0.02226	0.01490	0.02119	0.01211	0.01419	0.00905	0.00661	0.00625	0.00208	0.00984	0.00492	0.00302	0.01020
8	0.01417	0.13548	0.39049	0.01670	0.02417	0.01607	0.05445	0.02056	0.03716	0.02280	0.13806	0.02479	0.05815	0.00871	0.00692	0.00216	0.00837	0.00719	0.00423	0.00937
9	0.01451	0.07151	0.68020	0.01990	0.03021	0.01710	0.02563	0.02249	0.01501	0.02227	0.01264	0.01486	0.00903	0.00673	0.00666	0.00222	0.01038	0.00519	0.00301	0.01046
10	0.01771	0.01530	0.01610	0.01449	0.01852	0.01771	0.01127	0.03784	0.69247	0.02979	0.02898	0.02657	0.02174	0.00966	0.00725	0.00242	0.00564	0.00805	0.00725	0.01127
11	0.01846	0.31832	0.29313	0.01720	0.02488	0.06574	0.07335	0.02335	0.01568	0.07040	0.01278	0.01448	0.00986	0.00662	0.00604	0.00195	0.00931	0.00504	0.00354	0.00987
12	0.05411	0.01183	0.05270	0.04290	0.01757	0.01045	0.04392	0.02155	0.07269	0.18366	0.20060	0.09475	0.07467	0.01259	0.00788	0.00242	0.00576	0.07443	0.00688	0.00866
13	0.01681	0.01609	0.02744	0.17761	0.57778	0.01671	0.02145	0.02114	0.01583	0.02228	0.01325	0.01789	0.01093	0.00650	0.00706	0.00217	0.00866	0.00634	0.00345	0.01062
14	0.00842	0.00721	0.00721	0.00721	0.00962	0.00601	0.00541	0.01022	0.01623	0.01924	0.07213	0.06853	0.70244	0.01803	0.00842	0.00240	0.00361	0.01503	0.00661	0.00601
15	0.01736	0.05527	0.07622	0.05389	0.35826	0.03740	0.23004	0.02274	0.03685	0.02265	0.01389	0.01784	0.01109	0.00640	0.00733	0.00219	0.00974	0.00681	0.00360	0.01042
16	0.02329	0.07277	0.02442	0.04050	0.04297	0.37904	0.09766	0.08335	0.01925	0.04987	0.01255	0.01502	0.01008	0.00780	0.00857	0.00209	0.09213	0.00557	0.00406	0.00901
17	0.00889	0.00635	0.00851	0.01016	0.01067	0.00597	0.00699	0.01029	0.01385	0.01842	0.03913	0.69315	0.04662	0.02210	0.00915	0.00292	0.00432	0.07004	0.00661	0.00584
18	0.01751	0.01753	0.05158	0.04168	0.65345	0.01694	0.02156	0.02255	0.04472	0.02351	0.01403	0.01791	0.01164	0.00650	0.00705	0.00213	0.00841	0.00638	0.00366	0.01125
19	0.04770	0.07520	0.42004	0.02690	0.24737	0.01738	0.02321	0.02218	0.01526	0.02279	0.01268	0.01550	0.00970	0.00658	0.00662	0.00216	0.00947	0.00546	0.00323	0.01056
20	0.02682	0.01815	0.02113	0.01624	0.02186	0.01945	0.04538	0.48620	0.07558	0.16506	0.01980	0.01916	0.01372	0.00855	0.00720	0.00218	0.00756	0.00676	0.00727	0.01193
21	0.08938	0.01470	0.01701	0.01364	0.01876	0.01512	0.01110	0.17716	0.17497	0.35455	0.02440	0.02217	0.01654	0.00877	0.00695	0.00224	0.00631	0.00693	0.00773	0.01157
22	0.02618	0.01784	0.01967	0.01542	0.02073	0.01936	0.01261	0.50036	0.09451	0.13894	0.02067	0.04636	0.01515	0.00921	0.00721	0.00220	0.00723	0.00720	0.00736	0.01179
23	0.01665	0.04266	0.06417	0.16226	0.41908	0.01693	0.05414	0.03649	0.04373	0.02273	0.01490	0.02059	0.01243	0.00723	0.00716	0.00223	0.00870	0.03385	0.00378	0.01029
24	0.01157	0.00812	0.01023	0.00947	0.01154	0.00771	0.00718	0.01614	0.07252	0.05854	0.58860	0.05056	0.09214	0.01409	0.00825	0.00226	0.00367	0.01235	0.00778	0.00728
25	0.02530	0.01949	0.02319	0.03518	0.02409	0.02133	0.07977	0.57124	0.06068	0.04136	0.01725	0.01777	0.01234	0.00831	0.00726	0.00218	0.00819	0.00668	0.00668	0.01172
26	0.01806	0.01638	0.04878	0.06710	0.20233	0.01513	0.01461	0.15437	0.05557	0.02761	0.01464	0.01691	0.01153	0.00663	0.00640	0.00176	0.00713	0.00561	0.00467	0.30476
27	0.01676	0.39215	0.35370	0.01708	0.04809	0.02233	0.01914	0.02192	0.01479	0.01970	0.01137	0.01333	0.00916	0.00642	0.00568	0.00189	0.00901	0.00458	0.00304	0.00986
28	0.00925	0.00717	0.00842	0.00828	0.01017	0.00634	0.00614	0.01177	0.01794	0.02370	0.37662	0.11392	0.34133	0.01667	0.00846	0.00236	0.00353	0.01439	0.00721	0.00634
29	0.01015	0.00789	0.00931	0.00884	0.01093	0.00736	0.00666	0.01434	0.07155	0.02573	0.45162	0.05591	0.26276	0.01526	0.00831	0.00231	0.00362	0.01317	0.00741	0.00685
30	0.11678	0.11179	0.10241	0.02266	0.21621	0.06225	0.01591	0.08509	0.01802	0.16041	0.01555	0.01676	0.01151	0.00714	0.00637	0.00207	0.00798	0.00565	0.00489	0.01054
31	0.01204	0.00902	0.01273	0.01520	0.06839	0.00910	0.01178	0.01583	0.04244	0.02134	0.03484	0.09676	0.03746	0.05083	0.01066	0.00330	0.00659	0.52843	0.00625	0.00698
32	0.00869	0.00635	0.00818	0.00957	0.01025	0.00584	0.00647	0.01006	0.01415	0.01864	0.06458	0.64334	0.12459	0.02156	0.00899	0.00281	0.00404	0.01939	0.00665	0.00584
33	0.01090	0.00904	0.00997	0.01053	0.01242	0.03563	0.00810	0.01481	0.08450	0.02073	0.06834	0.24202	0.25984	0.01816	0.00873	0.00271	0.00499	0.16525	0.00659	0.00672
34	0.01798	0.01774	0.02872	0.04028	0.59875	0.04837	0.06288	0.02299	0.04950	0.02329	0.01411	0.01795	0.01167	0.00653	0.00712	0.00214	0.00874	0.00648	0.00372	0.01104
35	0.01162	0.00936	0.01345	0.01274	0.01375	0.01167	0.01013	0.01400	0.01157	0.01739	0.01717	0.02506	0.01592	0.04085	0.51123	0.00885	0.18078	0.00724	0.06052	0.00670
36	0.00944	0.00725	0.00863	0.00829	0.01025	0.00645	0.00622	0.01220	0.01865	0.02497	0.45968	0.05908	0.31131	0.01589	0.00841	0.00230	0.00345	0.01370	0.00737	0.00645
37	0.01698	0.01466	0.01541	0.01392	0.01782	0.01680	0.01081	0.03568	0.63962	0.02896	0.03235	0.02985	0.07493	0.01032	0.00734	0.00241	0.00548	0.00860	0.00720	0.01086
38	0.05857	0.01922	0.01812	0.01742	0.07297	0.14569	0.01261	0.10225	0.41453	0.02874	0.02231	0.02164	0.01693	0.00871	0.00693	0.00225	0.00739	0.00691	0.00615	0.01064
39	0.01193	0.00854	0.01012	0.00948	0.01183	0.00813	0.00718	0.01687	0.10465	0.06914	0.37101	0.08554	0.22856	0.01488	0.00821	0.00234	0.00393	0.01283	0.00743	0.00741

[dist]
# distance from previous block
# <min> <max>
0	2

# created by:
# /st0/software/busco_prod/Augustus/scripts/msa2prfl.pl ./align_prep/175700.fa
