[name]
unknown

[dist]
# distance from previous block
# <min> <max>
0	1

[block]
# block no. 0 follows, 28 sequences, length 6
# corresponding to MSA columns:
# 1-6
name=unknown_A
#
# <colnr> <probs for GDERKNQSTAVLIFYWHMCP>
#	G	D	E	R	K	N	Q	S	T	A	V	L	I	F	Y	W	H	M	C	P
0	0.01171	0.00837	0.01171	0.01339	0.01506	0.00837	0.01171	0.01506	0.01673	0.02175	0.03849	0.08199	0.04183	0.02008	0.01004	0.00335	0.00669	0.65027	0.00669	0.00669
1	0.01800	0.01710	0.02812	0.04145	0.62700	0.01736	0.02116	0.02404	0.08760	0.02445	0.01536	0.01896	0.01265	0.00684	0.00722	0.00219	0.00833	0.00666	0.00400	0.01151
2	0.06299	0.02190	0.02477	0.06892	0.36431	0.20479	0.01818	0.10319	0.01945	0.02503	0.01325	0.01636	0.01075	0.00708	0.00689	0.00210	0.00965	0.00587	0.00411	0.01041
3	0.05391	0.01520	0.01927	0.27188	0.14875	0.08944	0.01543	0.05007	0.01616	0.02128	0.01893	0.02723	0.05341	0.09414	0.01064	0.00283	0.00862	0.03987	0.00416	0.03876
4	0.05711	0.15467	0.10798	0.01634	0.05824	0.10378	0.01401	0.04617	0.05042	0.09846	0.07069	0.02338	0.01805	0.01292	0.06896	0.00300	0.04588	0.03566	0.00492	0.00937
5	0.12745	0.15459	0.06025	0.09298	0.05819	0.01721	0.08976	0.05980	0.01644	0.05799	0.04559	0.02098	0.01459	0.00845	0.00735	0.03304	0.00779	0.03651	0.00446	0.08658

[dist]
# distance from previous block
# <min> <max>
7	28

[block]
# block no. 1 follows, 28 sequences, length 13
# corresponding to MSA columns:
# 37-49
name=unknown_B
#
# <colnr> <probs for GDERKNQSTAVLIFYWHMCP>
#	G	D	E	R	K	N	Q	S	T	A	V	L	I	F	Y	W	H	M	C	P
0	0.01714	0.05145	0.16235	0.02348	0.19639	0.13580	0.01742	0.02248	0.06272	0.02170	0.02015	0.02917	0.03950	0.03596	0.04145	0.00292	0.00962	0.09656	0.00434	0.00941
1	0.01881	0.01887	0.05361	0.02507	0.23175	0.09850	0.01637	0.09184	0.14788	0.02602	0.04624	0.02634	0.01829	0.00971	0.00904	0.00241	0.07605	0.06783	0.00513	0.01023
2	0.01803	0.07137	0.02507	0.05815	0.38983	0.10213	0.01812	0.02271	0.05575	0.02239	0.01808	0.02803	0.01662	0.00904	0.00741	0.00230	0.00867	0.11192	0.00430	0.01005
3	0.01623	0.01477	0.02390	0.08309	0.44684	0.01517	0.01894	0.02148	0.06260	0.02338	0.02052	0.03368	0.01921	0.00995	0.00788	0.00248	0.00806	0.15712	0.00456	0.01015
4	0.01813	0.01735	0.02717	0.12827	0.45979	0.04509	0.04341	0.06663	0.01739	0.02393	0.01426	0.01972	0.01199	0.00750	0.00825	0.00229	0.04943	0.02493	0.00388	0.01060
5	0.01802	0.01792	0.02893	0.11218	0.55972	0.05630	0.05629	0.02235	0.01660	0.02286	0.01351	0.01795	0.01118	0.00660	0.00724	0.00219	0.00919	0.00649	0.00357	0.01090
6	0.02715	0.03464	0.02060	0.01873	0.02247	0.71536	0.01404	0.02903	0.02060	0.01779	0.01124	0.01311	0.00936	0.00749	0.00655	0.00187	0.01311	0.00468	0.00375	0.00843
7	0.01175	0.00924	0.01300	0.01606	0.11400	0.00895	0.01107	0.01468	0.01652	0.02172	0.09809	0.09665	0.15804	0.05951	0.01076	0.00311	0.00605	0.31743	0.00623	0.00715
8	0.01794	0.01667	0.02652	0.09588	0.15185	0.04008	0.19224	0.12646	0.05519	0.02640	0.02024	0.03167	0.01793	0.00977	0.00815	0.00251	0.00922	0.13653	0.00500	0.00977
9	0.01373	0.01292	0.02180	0.72707	0.05006	0.01615	0.02019	0.01857	0.01453	0.01857	0.01292	0.01938	0.00969	0.00727	0.00727	0.00242	0.00969	0.00646	0.00323	0.00807
10	0.00953	0.00680	0.00920	0.01089	0.01160	0.00648	0.00791	0.01128	0.01458	0.01931	0.03969	0.58550	0.04661	0.02214	0.00946	0.00304	0.00480	0.16834	0.00673	0.00609
11	0.79588	0.01406	0.01068	0.00956	0.01406	0.01631	0.00787	0.02137	0.01237	0.03261	0.01012	0.01181	0.00787	0.00675	0.00450	0.00225	0.00562	0.00394	0.00450	0.00787
12	0.73555	0.01455	0.01156	0.01012	0.01472	0.01680	0.00834	0.07270	0.01408	0.03365	0.01070	0.01225	0.00822	0.00690	0.00472	0.00224	0.00581	0.00414	0.00472	0.00822

[dist]
# distance from previous block
# <min> <max>
0	3

[block]
# block no. 2 follows, 28 sequences, length 15
# corresponding to MSA columns:
# 53-67
name=unknown_C
#
# <colnr> <probs for GDERKNQSTAVLIFYWHMCP>
#	G	D	E	R	K	N	Q	S	T	A	V	L	I	F	Y	W	H	M	C	P
0	0.42455	0.01542	0.01671	0.01523	0.06578	0.01702	0.05654	0.12073	0.09154	0.05520	0.04647	0.01773	0.01377	0.00778	0.00599	0.00227	0.00658	0.00584	0.00542	0.00944
1	0.73250	0.01392	0.01120	0.00984	0.01443	0.01584	0.00811	0.02253	0.01307	0.08838	0.01166	0.01288	0.00871	0.00693	0.00473	0.00225	0.00567	0.00422	0.00487	0.00825
2	0.00924	0.00684	0.00948	0.06604	0.01363	0.00670	0.00780	0.01078	0.01397	0.01856	0.03795	0.68361	0.04508	0.02156	0.00912	0.00291	0.00464	0.01956	0.00647	0.00607
3	0.02763	0.02036	0.02182	0.01672	0.02254	0.02254	0.01382	0.67496	0.03418	0.04581	0.01745	0.01745	0.01236	0.00873	0.00727	0.00218	0.00800	0.00654	0.00727	0.01236
4	0.00886	0.00633	0.00843	0.01012	0.01054	0.00590	0.00675	0.01012	0.01392	0.01856	0.04006	0.73979	0.04808	0.02277	0.00928	0.00295	0.00422	0.02066	0.00675	0.00590
5	0.01642	0.06558	0.45896	0.02263	0.03178	0.07227	0.18444	0.02350	0.01618	0.02241	0.01318	0.01605	0.00967	0.00673	0.00719	0.00227	0.01116	0.00604	0.00327	0.01027
6	0.02557	0.01247	0.01573	0.01276	0.01740	0.01195	0.01029	0.06948	0.13750	0.42054	0.15412	0.03031	0.02795	0.01024	0.00756	0.00229	0.00570	0.00853	0.00843	0.01118
7	0.01057	0.00705	0.00793	0.00793	0.00793	0.00705	0.00440	0.01057	0.01057	0.01409	0.02290	0.04757	0.02643	0.74454	0.03700	0.00705	0.00705	0.01057	0.00440	0.00440
8	0.03034	0.01187	0.01614	0.01255	0.01777	0.01030	0.01030	0.03322	0.02078	0.63563	0.09642	0.02774	0.02313	0.00959	0.00744	0.00225	0.00591	0.00790	0.00890	0.01181
9	0.02715	0.03464	0.02060	0.01873	0.02247	0.71536	0.01404	0.02903	0.02060	0.01779	0.01124	0.01311	0.00936	0.00749	0.00655	0.00187	0.01311	0.00468	0.00375	0.00843
10	0.02784	0.01134	0.01538	0.01258	0.01731	0.00994	0.01033	0.03057	0.01974	0.55818	0.03226	0.07978	0.04919	0.01148	0.00779	0.00242	0.00601	0.07826	0.00851	0.01108
11	0.01799	0.01727	0.02950	0.04462	0.69919	0.01727	0.02231	0.02231	0.01655	0.02375	0.01367	0.01799	0.01151	0.00648	0.00720	0.00216	0.00864	0.00648	0.00360	0.01151
12	0.02635	0.01903	0.02058	0.01615	0.02167	0.02101	0.01322	0.52545	0.14325	0.08663	0.02024	0.01956	0.01439	0.00894	0.00730	0.00223	0.00750	0.00688	0.00741	0.01222
13	0.01911	0.04921	0.07000	0.11006	0.20427	0.12547	0.01700	0.05387	0.22640	0.02484	0.01814	0.01980	0.01408	0.00789	0.00705	0.00223	0.00864	0.00657	0.00485	0.01051
14	0.02453	0.02673	0.01992	0.05046	0.02295	0.39979	0.01371	0.14549	0.17536	0.02570	0.01663	0.01739	0.01285	0.00824	0.00691	0.00209	0.01035	0.00591	0.00519	0.00982

[dist]
# distance from previous block
# <min> <max>
0	3

[block]
# block no. 3 follows, 28 sequences, length 7
# corresponding to MSA columns:
# 71-77
name=unknown_D
#
# <colnr> <probs for GDERKNQSTAVLIFYWHMCP>
#	G	D	E	R	K	N	Q	S	T	A	V	L	I	F	Y	W	H	M	C	P
0	0.04330	0.04030	0.02129	0.11388	0.02385	0.09166	0.06191	0.02197	0.06738	0.07334	0.01508	0.01992	0.01264	0.03801	0.08228	0.00362	0.25008	0.00669	0.00422	0.00857
1	0.01116	0.00886	0.01289	0.01244	0.01347	0.01077	0.00970	0.01344	0.01153	0.01676	0.01834	0.02815	0.01756	0.09795	0.57110	0.01017	0.11754	0.00779	0.00383	0.00654
2	0.02715	0.03464	0.02060	0.01873	0.02247	0.71536	0.01404	0.02903	0.02060	0.01779	0.01124	0.01311	0.00936	0.00749	0.00655	0.00187	0.01311	0.00468	0.00375	0.00843
3	0.01507	0.01292	0.01507	0.01077	0.01723	0.00969	0.00861	0.01830	0.01507	0.02369	0.01292	0.01507	0.01077	0.00538	0.00538	0.00108	0.00538	0.00431	0.00431	0.78898
4	0.03176	0.01374	0.01772	0.01358	0.01924	0.01272	0.01122	0.14514	0.02310	0.59127	0.02675	0.02349	0.01703	0.00895	0.00730	0.00224	0.00650	0.00718	0.00870	0.01237
5	0.01032	0.00753	0.00912	0.00974	0.01084	0.00720	0.00668	0.05191	0.01557	0.02050	0.08492	0.44970	0.14421	0.12105	0.01285	0.00335	0.00471	0.01706	0.00654	0.00620
6	0.00992	0.00866	0.01053	0.01276	0.10572	0.00767	0.00795	0.01206	0.01636	0.02012	0.06267	0.11532	0.55016	0.01709	0.00845	0.00245	0.00441	0.01453	0.00631	0.00687

[dist]
# distance from previous block
# <min> <max>
0	2

[block]
# block no. 4 follows, 28 sequences, length 26
# corresponding to MSA columns:
# 80-105
name=unknown_E
#
# <colnr> <probs for GDERKNQSTAVLIFYWHMCP>
#	G	D	E	R	K	N	Q	S	T	A	V	L	I	F	Y	W	H	M	C	P
0	0.01799	0.01727	0.02950	0.04462	0.69919	0.01727	0.02231	0.02231	0.01655	0.02375	0.01367	0.01799	0.01151	0.00648	0.00720	0.00216	0.00864	0.00648	0.00360	0.01151
1	0.01812	0.08379	0.03029	0.04169	0.63732	0.01832	0.02141	0.02226	0.01639	0.02314	0.01335	0.01742	0.01132	0.00645	0.00697	0.00210	0.00856	0.00624	0.00355	0.01132
2	0.01818	0.01904	0.03736	0.03118	0.15343	0.01879	0.45787	0.08202	0.01824	0.02507	0.01447	0.01890	0.01115	0.00682	0.00912	0.00242	0.05386	0.00789	0.00396	0.01023
3	0.01494	0.01375	0.02330	0.45861	0.21003	0.01568	0.04771	0.01957	0.01522	0.02086	0.01417	0.01974	0.01102	0.00713	0.00711	0.00229	0.00896	0.00658	0.07441	0.00890
4	0.01622	0.03531	0.64414	0.02001	0.03029	0.01632	0.02539	0.02415	0.01584	0.08496	0.01447	0.01620	0.01001	0.00710	0.00694	0.00230	0.01033	0.00555	0.00361	0.01089
5	0.01047	0.00700	0.00796	0.00806	0.00809	0.00698	0.00455	0.01054	0.01077	0.01436	0.02394	0.08952	0.02774	0.70080	0.03532	0.00680	0.00688	0.01118	0.00455	0.00450
6	0.01114	0.00900	0.01208	0.01200	0.01341	0.04097	0.00931	0.01370	0.01208	0.01692	0.01910	0.02786	0.01777	0.05239	0.68371	0.01124	0.01918	0.00765	0.00389	0.00658
7	0.01774	0.01701	0.02905	0.08509	0.66070	0.01720	0.02218	0.02209	0.01643	0.02344	0.01363	0.01807	0.01141	0.00652	0.00720	0.00217	0.00870	0.00648	0.00358	0.01131
8	0.02715	0.03464	0.02060	0.01873	0.02247	0.71536	0.01404	0.02903	0.02060	0.01779	0.01124	0.01311	0.00936	0.00749	0.00655	0.00187	0.01311	0.00468	0.00375	0.00843
9	0.03239	0.01273	0.01709	0.01310	0.01873	0.01121	0.01082	0.06380	0.02140	0.67501	0.02818	0.02442	0.01774	0.00898	0.00731	0.00225	0.00627	0.00728	0.00892	0.01237
10	0.01799	0.01727	0.02950	0.04462	0.69919	0.01727	0.02231	0.02231	0.01655	0.02375	0.01367	0.01799	0.01151	0.00648	0.00720	0.00216	0.00864	0.00648	0.00360	0.01151
11	0.01326	0.01150	0.01310	0.01251	0.01388	0.08615	0.00967	0.01559	0.01294	0.01812	0.01810	0.02636	0.01674	0.08198	0.42545	0.00808	0.10337	0.00733	0.09910	0.00678
12	0.01019	0.00743	0.00959	0.00905	0.01080	0.00682	0.00678	0.01354	0.02035	0.02862	0.66084	0.05517	0.10344	0.01506	0.00857	0.00230	0.00344	0.01327	0.00793	0.00682
13	0.02477	0.02493	0.02457	0.06364	0.05569	0.27634	0.10432	0.28039	0.02491	0.02982	0.01435	0.01629	0.01088	0.00773	0.00718	0.00212	0.01059	0.00613	0.00508	0.01027
14	0.01799	0.01727	0.02950	0.04462	0.69919	0.01727	0.02231	0.02231	0.01655	0.02375	0.01367	0.01799	0.01151	0.00648	0.00720	0.00216	0.00864	0.00648	0.00360	0.01151
15	0.01045	0.00753	0.01037	0.01037	0.01122	0.00837	0.00745	0.01214	0.01129	0.01590	0.02067	0.03520	0.02106	0.29558	0.47861	0.01006	0.01513	0.00876	0.00407	0.00576
16	0.01711	0.01637	0.02792	0.18540	0.56529	0.01704	0.02187	0.02154	0.01614	0.02268	0.01352	0.01828	0.01114	0.00664	0.00721	0.00221	0.00885	0.00647	0.00352	0.01080
17	0.01668	0.01593	0.02713	0.25481	0.49926	0.01693	0.02166	0.02116	0.01593	0.02215	0.01344	0.01842	0.01095	0.00672	0.00722	0.00224	0.00896	0.00647	0.00348	0.01045
18	0.01958	0.01472	0.01690	0.01554	0.05719	0.01565	0.01160	0.36710	0.02539	0.03377	0.03017	0.19467	0.10055	0.01364	0.00805	0.00246	0.00659	0.04983	0.00684	0.00976
19	0.01043	0.00809	0.01125	0.01240	0.04301	0.00780	0.02855	0.01364	0.05548	0.02188	0.16894	0.46599	0.06767	0.01897	0.00891	0.00274	0.00466	0.03597	0.00680	0.00683
20	0.02310	0.02058	0.03177	0.04526	0.64089	0.01975	0.02338	0.02550	0.01966	0.02833	0.01907	0.02535	0.01665	0.01019	0.00946	0.00316	0.01024	0.00815	0.00551	0.01399
21	0.01679	0.01873	0.03900	0.07138	0.03633	0.01874	0.54997	0.02226	0.01623	0.02226	0.01394	0.01912	0.01076	0.00703	0.01044	0.00254	0.10324	0.00817	0.00359	0.00946
22	0.01653	0.01954	0.07005	0.02862	0.03547	0.01777	0.58248	0.02233	0.01667	0.02280	0.01585	0.05927	0.01295	0.00733	0.00911	0.00250	0.03835	0.00902	0.00380	0.00956
23	0.08890	0.05271	0.08568	0.01901	0.02434	0.34733	0.09986	0.12615	0.04549	0.02496	0.01335	0.01518	0.01037	0.00743	0.00675	0.00208	0.01092	0.00558	0.00439	0.00952
24	0.05803	0.01718	0.10302	0.02032	0.06131	0.01466	0.22018	0.10919	0.01798	0.02525	0.02398	0.17916	0.06047	0.04416	0.00934	0.00269	0.00844	0.01068	0.00503	0.00895
25	0.05721	0.04342	0.10660	0.02022	0.05394	0.04625	0.21002	0.01995	0.01513	0.02186	0.01536	0.08258	0.01383	0.00938	0.00978	0.04883	0.06693	0.00756	0.00395	0.14721

[dist]
# distance from previous block
# <min> <max>
12	51

[block]
# block no. 5 follows, 28 sequences, length 82
# corresponding to MSA columns:
# 174-255
name=unknown_F
#
# <colnr> <probs for GDERKNQSTAVLIFYWHMCP>
#	G	D	E	R	K	N	Q	S	T	A	V	L	I	F	Y	W	H	M	C	P
0	0.05451	0.11608	0.10052	0.07892	0.18530	0.12143	0.01657	0.06218	0.01783	0.04605	0.04456	0.02400	0.04038	0.00867	0.00693	0.00218	0.00872	0.05114	0.00442	0.00960
1	0.04515	0.02092	0.08904	0.12862	0.22997	0.16546	0.04805	0.02273	0.01700	0.04909	0.01808	0.02100	0.05717	0.00785	0.00700	0.00217	0.00931	0.00664	0.04526	0.00949
2	0.06094	0.02148	0.02491	0.20998	0.20598	0.22510	0.08176	0.04497	0.01765	0.02178	0.01279	0.01671	0.01019	0.00704	0.00702	0.00218	0.01041	0.00601	0.00372	0.00937
3	0.01830	0.01870	0.02582	0.15008	0.44987	0.12191	0.01983	0.02220	0.01671	0.02183	0.01403	0.04128	0.01208	0.00727	0.00713	0.00216	0.00925	0.00661	0.00368	0.03126
4	0.12573	0.01997	0.05809	0.13898	0.24360	0.13865	0.01719	0.07107	0.03988	0.02459	0.01369	0.01713	0.01095	0.00932	0.03924	0.00262	0.00964	0.00588	0.00407	0.00972
5	0.05365	0.01821	0.05477	0.13956	0.44819	0.04231	0.06151	0.05252	0.01702	0.02415	0.01353	0.01771	0.01092	0.00674	0.00714	0.00222	0.00909	0.00638	0.00375	0.01063
6	0.02008	0.01950	0.02599	0.08397	0.44361	0.11483	0.01927	0.11370	0.01925	0.02534	0.01409	0.01824	0.01166	0.02970	0.00804	0.00229	0.00919	0.00636	0.00413	0.01074
7	0.02114	0.14860	0.02548	0.05201	0.19213	0.27955	0.01590	0.04300	0.01750	0.01995	0.01231	0.01565	0.01057	0.01040	0.05270	0.00264	0.06206	0.00544	0.00365	0.00930
8	0.22544	0.01806	0.01970	0.04315	0.13604	0.05151	0.01383	0.31092	0.02339	0.03529	0.01542	0.01889	0.01217	0.00824	0.00663	0.00224	0.00772	0.03530	0.00560	0.01046
9	0.05103	0.01444	0.01853	0.13613	0.04663	0.01493	0.01305	0.20731	0.02285	0.29586	0.05879	0.02454	0.04464	0.00916	0.00731	0.00227	0.00710	0.00745	0.00706	0.01091
10	0.01312	0.01219	0.01717	0.20275	0.02490	0.04048	0.06024	0.01608	0.01417	0.01868	0.02511	0.03159	0.12996	0.10032	0.11745	0.00425	0.07866	0.00851	0.00421	0.08014
11	0.15847	0.01978	0.01988	0.01557	0.02109	0.04543	0.01281	0.54130	0.02999	0.04259	0.01599	0.01634	0.01149	0.00835	0.00677	0.00218	0.00777	0.00604	0.00668	0.01146
12	0.00906	0.00648	0.00861	0.00999	0.01059	0.00604	0.00676	0.01062	0.01485	0.02003	0.13151	0.64413	0.05094	0.02167	0.00918	0.00286	0.00411	0.01962	0.00692	0.00604
13	0.01539	0.02387	0.27278	0.26927	0.13614	0.05369	0.05657	0.02127	0.01566	0.02120	0.01518	0.01913	0.03357	0.00736	0.00720	0.00231	0.01003	0.00639	0.00340	0.00960
14	0.01642	0.13098	0.52830	0.02047	0.05405	0.01824	0.04976	0.02349	0.01567	0.05824	0.01356	0.01561	0.00985	0.00688	0.00670	0.00220	0.01008	0.00544	0.00343	0.01063
15	0.00915	0.00670	0.00860	0.00958	0.01053	0.00615	0.00663	0.01098	0.01574	0.02109	0.19318	0.50715	0.12676	0.02047	0.00904	0.00274	0.00398	0.01834	0.00703	0.00615
16	0.01038	0.00779	0.01168	0.01168	0.01298	0.00909	0.00909	0.01298	0.01168	0.01687	0.01947	0.02856	0.01817	0.05452	0.71573	0.01168	0.01947	0.00779	0.00389	0.00649
17	0.01599	0.02952	0.42614	0.05097	0.22946	0.04867	0.02398	0.02260	0.01611	0.02307	0.03753	0.01756	0.01204	0.00710	0.00705	0.00224	0.00993	0.00598	0.00344	0.01064
18	0.01684	0.01664	0.02996	0.20402	0.43269	0.01719	0.13260	0.02159	0.01618	0.02244	0.01367	0.01860	0.01100	0.00660	0.00745	0.00227	0.00950	0.00683	0.00352	0.01041
19	0.01776	0.01797	0.05223	0.03461	0.41210	0.01762	0.12365	0.02629	0.17249	0.02520	0.01752	0.02028	0.01384	0.00722	0.00745	0.00228	0.00861	0.00718	0.00448	0.01121
20	0.01473	0.01404	0.02176	0.38141	0.05739	0.01833	0.01792	0.01789	0.01299	0.01806	0.01153	0.01800	0.00981	0.01023	0.01500	0.03422	0.30913	0.00641	0.00322	0.00794
21	0.01498	0.05659	0.63255	0.02204	0.06693	0.01729	0.04449	0.02295	0.01545	0.02290	0.01304	0.01550	0.00939	0.00684	0.00690	0.00228	0.01059	0.00548	0.00312	0.01072
22	0.01468	0.03687	0.67995	0.02112	0.03173	0.01694	0.05305	0.02303	0.01542	0.02303	0.01311	0.01552	0.00928	0.00687	0.00697	0.00231	0.01080	0.00550	0.00309	0.01070
23	0.01537	0.07197	0.25141	0.02682	0.25399	0.01584	0.04376	0.02066	0.01594	0.02242	0.01889	0.06618	0.01770	0.00978	0.00757	0.00242	0.00884	0.11642	0.00409	0.00993
24	0.01509	0.11253	0.63642	0.01985	0.03011	0.01813	0.02534	0.02289	0.01529	0.02240	0.01274	0.01496	0.00922	0.00683	0.00667	0.00222	0.01043	0.00521	0.00307	0.01059
25	0.01720	0.01645	0.02786	0.11002	0.60799	0.01672	0.02143	0.02147	0.01635	0.02308	0.01600	0.02021	0.03873	0.00703	0.00726	0.00220	0.00854	0.00683	0.00369	0.01096
26	0.02779	0.01618	0.12655	0.01399	0.02012	0.01166	0.01304	0.03212	0.04142	0.52923	0.07012	0.02527	0.02006	0.00908	0.00733	0.00227	0.00672	0.00741	0.00793	0.01172
27	0.01407	0.01327	0.02242	0.67197	0.10247	0.01624	0.02036	0.01887	0.01470	0.01899	0.01298	0.01927	0.00984	0.00720	0.00726	0.00240	0.00960	0.00646	0.00326	0.00835
28	0.01358	0.01175	0.01543	0.09411	0.11223	0.04843	0.01336	0.01795	0.05440	0.02194	0.05374	0.05760	0.10412	0.01526	0.00882	0.00283	0.00714	0.33369	0.00582	0.00781
29	0.01458	0.03760	0.70688	0.02072	0.03146	0.01688	0.02686	0.02302	0.01535	0.02302	0.01304	0.01535	0.00921	0.00691	0.00691	0.00230	0.01074	0.00537	0.00307	0.01074
30	0.01479	0.01378	0.02256	0.51380	0.17557	0.01619	0.01967	0.02054	0.06089	0.02054	0.01524	0.02217	0.01221	0.00781	0.00737	0.00241	0.00909	0.03269	0.00373	0.00894
31	0.01523	0.13261	0.61755	0.01961	0.02975	0.01847	0.02493	0.02285	0.01527	0.02223	0.01265	0.01485	0.00922	0.00681	0.00661	0.00220	0.01035	0.00517	0.00307	0.01055
32	0.02997	0.01345	0.04461	0.04656	0.02035	0.01139	0.01172	0.05224	0.02068	0.59837	0.05366	0.02508	0.01911	0.00906	0.00734	0.00226	0.00648	0.00740	0.00840	0.01188
33	0.01390	0.01023	0.01090	0.01017	0.01298	0.03415	0.00776	0.01907	0.12718	0.09828	0.13579	0.08034	0.32470	0.04925	0.00958	0.00265	0.00488	0.03332	0.00705	0.00781
34	0.01123	0.00857	0.00902	0.00891	0.01055	0.03559	0.00628	0.01272	0.01504	0.04588	0.09324	0.09804	0.30276	0.23915	0.04245	0.00420	0.00588	0.03847	0.00599	0.00603
35	0.01656	0.01619	0.03200	0.07176	0.16017	0.01558	0.36369	0.02129	0.01654	0.05828	0.01929	0.13761	0.01748	0.00914	0.00828	0.00246	0.00976	0.00996	0.00442	0.00952
36	0.02771	0.01465	0.08907	0.01350	0.01914	0.01126	0.01204	0.03192	0.05101	0.53180	0.06844	0.05432	0.02157	0.00973	0.00743	0.00230	0.00640	0.00804	0.00814	0.01156
37	0.01703	0.01615	0.02742	0.14373	0.56681	0.01663	0.02143	0.02137	0.01626	0.02288	0.01489	0.02161	0.01286	0.00732	0.00736	0.00226	0.00869	0.04085	0.00371	0.01075
38	0.01830	0.01786	0.02921	0.04375	0.67645	0.04073	0.02203	0.02253	0.01669	0.02355	0.01359	0.01783	0.01144	0.00651	0.00717	0.00215	0.00879	0.00642	0.00360	0.01141
39	0.01468	0.03688	0.68027	0.02112	0.03172	0.01694	0.05274	0.02303	0.01542	0.02303	0.01311	0.01552	0.00928	0.00687	0.00697	0.00231	0.01080	0.00550	0.00309	0.01071
40	0.01909	0.02646	0.36257	0.05955	0.05257	0.01582	0.15523	0.02551	0.01690	0.17070	0.01679	0.01856	0.01159	0.00721	0.00737	0.00232	0.00994	0.00654	0.00451	0.01079
41	0.01531	0.01445	0.02444	0.43855	0.30004	0.01632	0.02072	0.01990	0.01539	0.02068	0.01409	0.02099	0.01150	0.00740	0.00733	0.00235	0.00918	0.02853	0.00349	0.00936
42	0.01512	0.03380	0.56667	0.02281	0.03284	0.01720	0.16325	0.02308	0.01573	0.02308	0.01340	0.01625	0.00959	0.00674	0.00726	0.00233	0.01106	0.00605	0.00320	0.01054
43	0.01620	0.02002	0.14510	0.21008	0.31530	0.01710	0.12758	0.02165	0.01594	0.02225	0.01354	0.01815	0.01058	0.00669	0.00739	0.00230	0.00984	0.00662	0.00343	0.01024
44	0.03034	0.01319	0.01709	0.01322	0.01860	0.01215	0.01088	0.12728	0.02274	0.56128	0.07328	0.02573	0.02068	0.00936	0.00739	0.00224	0.00626	0.00760	0.00868	0.01199
45	0.01490	0.03557	0.63564	0.02251	0.06708	0.01698	0.06111	0.02300	0.01551	0.02307	0.01317	0.01571	0.00943	0.00684	0.00701	0.00230	0.01071	0.00560	0.00313	0.01073
46	0.03034	0.01534	0.01863	0.01435	0.02000	0.01518	0.01183	0.26464	0.04787	0.44579	0.02469	0.02221	0.01612	0.00893	0.00730	0.00223	0.00682	0.00707	0.00833	0.01234
47	0.01458	0.01455	0.02668	0.54629	0.04640	0.01684	0.17068	0.01963	0.01504	0.01963	0.01324	0.01933	0.00999	0.00716	0.00804	0.00245	0.03072	0.00695	0.00333	0.00847
48	0.01373	0.01292	0.02180	0.72707	0.05006	0.01615	0.02019	0.01857	0.01453	0.01857	0.01292	0.01938	0.00969	0.00727	0.00727	0.00242	0.00969	0.00646	0.00323	0.00807
49	0.01828	0.01799	0.02867	0.07512	0.63313	0.05409	0.02177	0.02249	0.01667	0.02319	0.01351	0.01780	0.01132	0.00657	0.00717	0.00216	0.00892	0.00638	0.00359	0.01119
50	0.04422	0.07612	0.11033	0.01376	0.01949	0.01406	0.01272	0.08537	0.05769	0.35162	0.11546	0.02565	0.02256	0.00926	0.00714	0.00221	0.00667	0.00747	0.00723	0.01098
51	0.04363	0.01395	0.10872	0.01419	0.04787	0.01093	0.01167	0.02195	0.10377	0.16114	0.07586	0.27971	0.04805	0.01415	0.00798	0.00254	0.00590	0.01234	0.00664	0.00901
52	0.01497	0.01419	0.02406	0.52747	0.23991	0.01648	0.02081	0.01967	0.01512	0.02009	0.01314	0.01897	0.01022	0.00704	0.00725	0.00235	0.00938	0.00646	0.00334	0.00908
53	0.17518	0.02948	0.46291	0.01963	0.07682	0.01658	0.02139	0.04382	0.01566	0.02604	0.03994	0.01645	0.01159	0.00722	0.00651	0.00228	0.00915	0.00551	0.00374	0.01011
54	0.01780	0.01823	0.05747	0.04280	0.63156	0.01732	0.06272	0.02240	0.01654	0.02369	0.01371	0.01798	0.01139	0.00647	0.00727	0.00218	0.00894	0.00656	0.00358	0.01138
55	0.01171	0.00837	0.01171	0.01339	0.01506	0.00837	0.01171	0.01506	0.01673	0.02175	0.03849	0.08199	0.04183	0.02008	0.01004	0.00335	0.00669	0.65027	0.00669	0.00669
56	0.01036	0.00714	0.00884	0.00942	0.00984	0.00715	0.00625	0.01128	0.01220	0.01629	0.02835	0.19443	0.03241	0.44239	0.07937	0.00604	0.00736	0.10054	0.00517	0.00519
57	0.01726	0.01653	0.02819	0.16086	0.58863	0.01708	0.02195	0.02167	0.01621	0.02287	0.01354	0.01823	0.01120	0.00661	0.00721	0.00220	0.00882	0.00647	0.00354	0.01093
58	0.01705	0.01631	0.02781	0.19487	0.55628	0.01702	0.02184	0.02149	0.01611	0.02261	0.01351	0.01830	0.01111	0.00665	0.00721	0.00222	0.00887	0.00647	0.00352	0.01076
59	0.01808	0.01561	0.01644	0.01479	0.01890	0.01808	0.01151	0.03863	0.68606	0.03041	0.02959	0.02712	0.02219	0.00986	0.00740	0.00247	0.00575	0.00822	0.00740	0.01151
60	0.01460	0.01400	0.02404	0.56758	0.14179	0.01664	0.05482	0.01932	0.01485	0.01953	0.01301	0.01907	0.01002	0.00728	0.00790	0.00241	0.03462	0.00657	0.00330	0.00866
61	0.02024	0.01682	0.02271	0.09096	0.13999	0.01994	0.01630	0.22730	0.02011	0.05547	0.01423	0.01792	0.01145	0.01125	0.03909	0.00289	0.25188	0.00654	0.00482	0.01010
62	0.79588	0.01406	0.01068	0.00956	0.01406	0.01631	0.00787	0.02137	0.01237	0.03261	0.01012	0.01181	0.00787	0.00675	0.00450	0.00225	0.00562	0.00394	0.00450	0.00787
63	0.01716	0.01961	0.04289	0.03064	0.03799	0.01838	0.67279	0.02328	0.01716	0.02328	0.01471	0.01961	0.01103	0.00613	0.00858	0.00245	0.01225	0.00858	0.00368	0.00980
64	0.01507	0.01292	0.01507	0.01077	0.01723	0.00969	0.00861	0.01830	0.01507	0.02369	0.01292	0.01507	0.01077	0.00538	0.00538	0.00108	0.00538	0.00431	0.00431	0.78898
65	0.01021	0.00743	0.00961	0.00906	0.01081	0.00683	0.00680	0.01357	0.02039	0.02871	0.66683	0.05502	0.09739	0.01502	0.00857	0.00229	0.00344	0.01325	0.00794	0.00683
66	0.01171	0.00837	0.01171	0.01339	0.01506	0.00837	0.01171	0.01506	0.01673	0.02175	0.03849	0.08199	0.04183	0.02008	0.01004	0.00335	0.00669	0.65027	0.00669	0.00669
67	0.01799	0.01727	0.02950	0.04462	0.69919	0.01727	0.02231	0.02231	0.01655	0.02375	0.01367	0.01799	0.01151	0.00648	0.00720	0.00216	0.00864	0.00648	0.00360	0.01151
68	0.01038	0.00779	0.01168	0.01168	0.01298	0.00909	0.00909	0.01298	0.01168	0.01687	0.01947	0.02856	0.01817	0.05452	0.71573	0.01168	0.01947	0.00779	0.00389	0.00649
69	0.01373	0.01292	0.02180	0.72707	0.05006	0.01615	0.02019	0.01857	0.01453	0.01857	0.01292	0.01938	0.00969	0.00727	0.00727	0.00242	0.00969	0.00646	0.00323	0.00807
70	0.00859	0.00736	0.00736	0.00736	0.00982	0.00614	0.00552	0.01043	0.01657	0.01964	0.07364	0.06996	0.69624	0.01841	0.00859	0.00245	0.00368	0.01534	0.00675	0.00614
71	0.01477	0.03625	0.65711	0.02146	0.03195	0.01699	0.07526	0.02304	0.01548	0.02304	0.01317	0.01567	0.00934	0.00685	0.00703	0.00231	0.01086	0.00561	0.00311	0.01067
72	0.01595	0.01604	0.02303	0.01951	0.01978	0.02212	0.04024	0.01771	0.01136	0.01771	0.00973	0.01604	0.00960	0.01248	0.02329	0.00315	0.70459	0.00644	0.00320	0.00802
73	0.00897	0.00657	0.00847	0.00993	0.01069	0.00607	0.00685	0.01043	0.01441	0.01887	0.04437	0.61703	0.13255	0.02206	0.00923	0.00291	0.00428	0.05358	0.00675	0.00598
74	0.00886	0.00633	0.00843	0.01012	0.01054	0.00590	0.00675	0.01012	0.01392	0.01856	0.04006	0.73979	0.04808	0.02277	0.00928	0.00295	0.00422	0.02066	0.00675	0.00590
75	0.01541	0.03182	0.49355	0.02390	0.03356	0.01736	0.23438	0.02311	0.01593	0.02311	0.01358	0.01672	0.00979	0.00666	0.00744	0.00235	0.01123	0.00640	0.00326	0.01044
76	0.02125	0.01728	0.01892	0.01703	0.05643	0.01952	0.01285	0.24901	0.43390	0.03517	0.02471	0.02342	0.01836	0.00930	0.00734	0.00235	0.00665	0.00757	0.00715	0.01179
77	0.00877	0.00718	0.00776	0.00819	0.01018	0.00618	0.00603	0.01055	0.01601	0.01949	0.06511	0.21252	0.53258	0.01940	0.00879	0.00260	0.00392	0.04188	0.00675	0.00611
78	0.05843	0.01892	0.03891	0.03191	0.14935	0.01808	0.52688	0.02302	0.01680	0.02386	0.01429	0.01892	0.01095	0.00622	0.00813	0.00239	0.01129	0.00798	0.00371	0.00999
79	0.54381	0.01552	0.01518	0.01642	0.13175	0.04459	0.01102	0.04577	0.01486	0.08516	0.01252	0.01415	0.00953	0.00698	0.00536	0.00222	0.00657	0.00476	0.00477	0.00903
80	0.02573	0.01902	0.02044	0.01599	0.02126	0.02102	0.01302	0.59097	0.06226	0.04265	0.01907	0.04512	0.01475	0.04364	0.00874	0.00245	0.00772	0.00731	0.00712	0.01172
81	0.02418	0.01718	0.02084	0.05909	0.16092	0.06527	0.01458	0.15472	0.16352	0.21080	0.02158	0.02137	0.01543	0.00841	0.00724	0.00225	0.00761	0.00696	0.00655	0.01151

[dist]
# distance from previous block
# <min> <max>
0	14

# created by:
# /st0/software/busco_prod/Augustus/scripts/msa2prfl.pl ./align_prep/175790.fa
