[name]
unknown

[dist]
# distance from previous block
# <min> <max>
32	100

[block]
# block no. 0 follows, 28 sequences, length 23
# corresponding to MSA columns:
# 125-147
name=unknown_A
#
# <colnr> <probs for GDERKNQSTAVLIFYWHMCP>
#	G	D	E	R	K	N	Q	S	T	A	V	L	I	F	Y	W	H	M	C	P
0	0.12910	0.01969	0.01997	0.21396	0.11772	0.19740	0.01535	0.05893	0.06708	0.04965	0.01456	0.01799	0.01146	0.02854	0.00755	0.00234	0.00927	0.00593	0.00437	0.00914
1	0.15165	0.04498	0.01776	0.11683	0.10805	0.07397	0.01303	0.02367	0.13475	0.05217	0.09310	0.05233	0.02224	0.00989	0.00705	0.00235	0.00713	0.05461	0.00540	0.00903
2	0.01574	0.03518	0.01717	0.05345	0.06786	0.16913	0.04729	0.01792	0.01575	0.01928	0.08383	0.14469	0.03800	0.15380	0.01423	0.00322	0.05004	0.00993	0.00475	0.03872
3	0.26553	0.01244	0.01460	0.09692	0.05164	0.01337	0.03349	0.07989	0.01743	0.05218	0.14563	0.05835	0.11004	0.01064	0.00691	0.00233	0.00602	0.00868	0.00571	0.00823
4	0.01493	0.01064	0.01467	0.01343	0.05258	0.01005	0.05740	0.08051	0.02057	0.10060	0.33511	0.04641	0.18692	0.01330	0.00824	0.00231	0.00516	0.01165	0.00721	0.00830
5	0.02136	0.01919	0.02392	0.14706	0.31024	0.14476	0.01797	0.06004	0.05050	0.11081	0.01599	0.01860	0.01220	0.00740	0.00712	0.00218	0.00915	0.00634	0.00463	0.01053
6	0.03032	0.01421	0.01786	0.01364	0.01937	0.01329	0.01125	0.17844	0.02344	0.51051	0.02510	0.02245	0.01624	0.00870	0.00717	0.00216	0.00654	0.00694	0.00830	0.06408
7	0.01328	0.00869	0.00975	0.03712	0.01134	0.00906	0.00623	0.08612	0.01443	0.02081	0.02209	0.03836	0.02240	0.46301	0.02512	0.00508	0.00641	0.00908	0.18561	0.00598
8	0.01188	0.00768	0.00852	0.00833	0.00895	0.00777	0.00515	0.04736	0.01279	0.01817	0.02369	0.08082	0.02559	0.54483	0.02865	0.00568	0.00634	0.01029	0.13219	0.00530
9	0.01197	0.00820	0.00920	0.00867	0.00958	0.00807	0.00538	0.04999	0.01265	0.01751	0.02262	0.07078	0.02496	0.57961	0.03015	0.00588	0.00667	0.01010	0.04669	0.06132
10	0.02646	0.10006	0.02226	0.01807	0.02212	0.62661	0.01389	0.05200	0.02056	0.01875	0.01136	0.01313	0.00947	0.00742	0.00641	0.00185	0.01243	0.00468	0.00382	0.00865
11	0.01517	0.01250	0.01459	0.01119	0.01661	0.01021	0.00877	0.07538	0.01658	0.02482	0.01776	0.13367	0.01700	0.00852	0.00619	0.00148	0.00543	0.00718	0.00497	0.59196
12	0.01794	0.01502	0.03245	0.01267	0.01711	0.05032	0.01023	0.15941	0.14944	0.06121	0.08287	0.03334	0.15752	0.03175	0.00816	0.00225	0.00614	0.00882	0.00647	0.13690
13	0.01775	0.18964	0.20948	0.02313	0.03083	0.07151	0.31093	0.02330	0.01641	0.02142	0.01299	0.01625	0.01006	0.00645	0.00712	0.00217	0.01092	0.00642	0.00340	0.00984
14	0.01524	0.13929	0.45670	0.01968	0.02848	0.01793	0.10593	0.02201	0.01598	0.02273	0.07581	0.01894	0.01494	0.00744	0.00694	0.00221	0.00982	0.00628	0.00361	0.01005
15	0.01491	0.01292	0.01587	0.09588	0.02113	0.01046	0.00999	0.01834	0.01501	0.02308	0.01292	0.01558	0.01064	0.00561	0.00561	0.00124	0.00590	0.00456	0.00418	0.69618
16	0.00868	0.00737	0.00749	0.00746	0.00987	0.00617	0.00559	0.01061	0.01678	0.02014	0.10665	0.06912	0.66292	0.01822	0.00859	0.00245	0.00367	0.01522	0.00682	0.00617
17	0.00915	0.00660	0.00866	0.00981	0.01058	0.00611	0.00672	0.01089	0.01542	0.02082	0.17910	0.57049	0.07675	0.02095	0.00910	0.00279	0.00403	0.01888	0.00701	0.00611
18	0.01971	0.01834	0.02716	0.09340	0.50105	0.05474	0.02032	0.12898	0.01948	0.02662	0.01410	0.01776	0.01139	0.00696	0.00718	0.00217	0.00885	0.00639	0.00418	0.01121
19	0.01583	0.09419	0.45649	0.02423	0.09769	0.01824	0.14678	0.02289	0.01576	0.02263	0.01316	0.01609	0.00979	0.00666	0.00705	0.00225	0.01056	0.00596	0.00324	0.01052
20	0.03097	0.01201	0.01634	0.01265	0.01799	0.01040	0.01040	0.03383	0.02079	0.65466	0.07763	0.02691	0.02171	0.00943	0.00740	0.00225	0.00598	0.00774	0.00892	0.01197
21	0.00910	0.00654	0.00852	0.00979	0.01043	0.00608	0.00660	0.01059	0.01467	0.01967	0.11980	0.59685	0.07559	0.05620	0.01049	0.00305	0.00424	0.01906	0.00679	0.00596
22	0.01794	0.01741	0.03028	0.04381	0.66084	0.01734	0.06004	0.02237	0.01659	0.02372	0.01373	0.01808	0.01149	0.00646	0.00728	0.00218	0.00885	0.00660	0.00360	0.01141

[dist]
# distance from previous block
# <min> <max>
0	1

[block]
# block no. 1 follows, 28 sequences, length 40
# corresponding to MSA columns:
# 149-188
name=unknown_B
#
# <colnr> <probs for GDERKNQSTAVLIFYWHMCP>
#	G	D	E	R	K	N	Q	S	T	A	V	L	I	F	Y	W	H	M	C	P
0	0.01458	0.03760	0.70688	0.02072	0.03146	0.01688	0.02686	0.02302	0.01535	0.02302	0.01304	0.01535	0.00921	0.00691	0.00691	0.00230	0.01074	0.00537	0.00307	0.01074
1	0.01507	0.01292	0.01507	0.01077	0.01723	0.00969	0.00861	0.01830	0.01507	0.02369	0.01292	0.01507	0.01077	0.00538	0.00538	0.00108	0.00538	0.00431	0.00431	0.78898
2	0.01002	0.00742	0.00934	0.00886	0.01069	0.00674	0.00665	0.01319	0.01994	0.02764	0.59643	0.05679	0.16846	0.01543	0.00858	0.00231	0.00347	0.01350	0.00780	0.00674
3	0.03261	0.01237	0.01687	0.01293	0.01856	0.01068	0.01068	0.03543	0.02081	0.70423	0.02868	0.02474	0.01799	0.00900	0.00731	0.00225	0.00619	0.00731	0.00900	0.01237
4	0.01057	0.00705	0.00793	0.00793	0.00793	0.00705	0.00440	0.01057	0.01057	0.01409	0.02290	0.04757	0.02643	0.74454	0.03700	0.00705	0.00705	0.01057	0.00440	0.00440
5	0.01574	0.00862	0.01172	0.01164	0.01394	0.00799	0.00926	0.01841	0.01763	0.18737	0.15213	0.24206	0.04247	0.01721	0.00891	0.00279	0.00532	0.21141	0.00750	0.00788
6	0.79588	0.01406	0.01068	0.00956	0.01406	0.01631	0.00787	0.02137	0.01237	0.03261	0.01012	0.01181	0.00787	0.00675	0.00450	0.00225	0.00562	0.00394	0.00450	0.00787
7	0.79588	0.01406	0.01068	0.00956	0.01406	0.01631	0.00787	0.02137	0.01237	0.03261	0.01012	0.01181	0.00787	0.00675	0.00450	0.00225	0.00562	0.00394	0.00450	0.00787
8	0.01084	0.00798	0.01057	0.01192	0.01363	0.00771	0.01006	0.01371	0.01643	0.02105	0.04536	0.14210	0.16765	0.02002	0.00969	0.00314	0.00588	0.46904	0.00671	0.00651
9	0.01057	0.00705	0.00793	0.00793	0.00793	0.00705	0.00440	0.01057	0.01057	0.01409	0.02290	0.04757	0.02643	0.74454	0.03700	0.00705	0.00705	0.01057	0.00440	0.00440
10	0.03261	0.01237	0.01687	0.01293	0.01856	0.01068	0.01068	0.03543	0.02081	0.70423	0.02868	0.02474	0.01799	0.00900	0.00731	0.00225	0.00619	0.00731	0.00900	0.01237
11	0.79588	0.01406	0.01068	0.00956	0.01406	0.01631	0.00787	0.02137	0.01237	0.03261	0.01012	0.01181	0.00787	0.00675	0.00450	0.00225	0.00562	0.00394	0.00450	0.00787
12	0.00895	0.00659	0.00826	0.00948	0.01029	0.00604	0.00641	0.01033	0.01445	0.01889	0.06834	0.56019	0.16317	0.05925	0.01057	0.00305	0.00424	0.01893	0.00667	0.00590
13	0.00886	0.00633	0.00843	0.01012	0.01054	0.00590	0.00675	0.01012	0.01392	0.01856	0.04006	0.73979	0.04808	0.02277	0.00928	0.00295	0.00422	0.02066	0.00675	0.00590
14	0.01395	0.01315	0.02220	0.69152	0.08387	0.01621	0.02030	0.01877	0.01464	0.01884	0.01296	0.01931	0.00978	0.00723	0.00726	0.00241	0.00964	0.00646	0.00325	0.00825
15	0.00886	0.00633	0.00843	0.01012	0.01054	0.00590	0.00675	0.01012	0.01392	0.01856	0.04006	0.73979	0.04808	0.02277	0.00928	0.00295	0.00422	0.02066	0.00675	0.00590
16	0.01943	0.74891	0.03809	0.01244	0.01866	0.02876	0.01244	0.02177	0.01477	0.01710	0.01011	0.01166	0.00933	0.00622	0.00466	0.00155	0.00777	0.00389	0.00311	0.00933
17	0.00886	0.00633	0.00843	0.01012	0.01054	0.00590	0.00675	0.01012	0.01392	0.01856	0.04006	0.73979	0.04808	0.02277	0.00928	0.00295	0.00422	0.02066	0.00675	0.00590
18	0.02598	0.07123	0.04482	0.01945	0.04839	0.62964	0.01471	0.02819	0.01997	0.01816	0.01133	0.01329	0.00944	0.00737	0.00649	0.00188	0.01258	0.00473	0.00368	0.00867
19	0.01531	0.14417	0.60668	0.01948	0.02954	0.01866	0.02470	0.02283	0.01526	0.02213	0.01260	0.01479	0.00923	0.00680	0.00657	0.00219	0.01030	0.00515	0.00308	0.01053
20	0.01714	0.41341	0.35354	0.01634	0.02470	0.02316	0.01924	0.02236	0.01504	0.01989	0.01149	0.01340	0.00927	0.00654	0.00572	0.00191	0.00917	0.00459	0.00309	0.01000
21	0.01507	0.01292	0.01507	0.01077	0.01723	0.00969	0.00861	0.01830	0.01507	0.02369	0.01292	0.01507	0.01077	0.00538	0.00538	0.00108	0.00538	0.00431	0.00431	0.78898
22	0.00886	0.00633	0.00843	0.01012	0.01054	0.00590	0.00675	0.01012	0.01392	0.01856	0.04006	0.73979	0.04808	0.02277	0.00928	0.00295	0.00422	0.02066	0.00675	0.00590
23	0.01781	0.01709	0.02918	0.07332	0.67189	0.01722	0.02222	0.02215	0.01647	0.02353	0.01364	0.01805	0.01144	0.00651	0.00720	0.00217	0.00868	0.00648	0.00358	0.01137
24	0.01538	0.15432	0.59713	0.01936	0.02936	0.01883	0.02449	0.02281	0.01525	0.02205	0.01256	0.01474	0.00923	0.00679	0.00654	0.00218	0.01026	0.00513	0.00308	0.01051
25	0.01263	0.00631	0.00947	0.00947	0.00947	0.00631	0.00631	0.00947	0.00947	0.01263	0.01263	0.02210	0.01263	0.02525	0.02841	0.78851	0.00631	0.00631	0.00316	0.00316
26	0.01000	0.00742	0.00932	0.00885	0.01069	0.00674	0.00664	0.01317	0.01991	0.02756	0.59163	0.05691	0.17331	0.01545	0.00858	0.00231	0.00347	0.01351	0.00779	0.00674
27	0.08737	0.01749	0.04420	0.01649	0.06022	0.05336	0.01276	0.13226	0.29640	0.16674	0.02339	0.02216	0.01685	0.00882	0.00704	0.00231	0.00692	0.00703	0.00688	0.01132
28	0.01435	0.01370	0.02357	0.62071	0.12206	0.01637	0.04865	0.01919	0.01487	0.01935	0.01308	0.01923	0.00995	0.00713	0.00732	0.00239	0.00968	0.00655	0.00329	0.00853
29	0.01808	0.01561	0.01644	0.01479	0.01890	0.01808	0.01151	0.03863	0.68606	0.03041	0.02959	0.02712	0.02219	0.00986	0.00740	0.00247	0.00575	0.00822	0.00740	0.01151
30	0.01029	0.00743	0.00972	0.00914	0.01086	0.00686	0.00686	0.01372	0.02058	0.02915	0.69536	0.05430	0.06859	0.01486	0.00857	0.00229	0.00343	0.01315	0.00800	0.00686
31	0.01500	0.09975	0.64844	0.01999	0.03034	0.01792	0.02560	0.02291	0.01530	0.02250	0.01279	0.01502	0.00922	0.00685	0.00671	0.00224	0.01048	0.00524	0.00307	0.01062
32	0.03232	0.01285	0.01716	0.01316	0.01879	0.01139	0.01087	0.07356	0.02160	0.66497	0.02801	0.02431	0.01766	0.00898	0.00731	0.00225	0.00629	0.00726	0.00889	0.01237
33	0.02828	0.01933	0.02118	0.01624	0.02203	0.02101	0.01341	0.59237	0.03245	0.13083	0.01890	0.01839	0.01309	0.00876	0.00728	0.00219	0.00776	0.00664	0.00749	0.01236
34	0.73511	0.01478	0.01132	0.01005	0.01456	0.04293	0.00822	0.02224	0.01303	0.05954	0.01092	0.01239	0.00834	0.00687	0.00469	0.00223	0.00593	0.00410	0.00465	0.00808
35	0.00907	0.00732	0.00809	0.00821	0.01030	0.00634	0.00615	0.01122	0.01709	0.02144	0.18777	0.13102	0.48777	0.01821	0.00871	0.00251	0.00381	0.04170	0.00699	0.00628
36	0.02128	0.04599	0.01825	0.01474	0.01934	0.01822	0.01189	0.19845	0.38412	0.09197	0.02736	0.02751	0.04051	0.01005	0.00740	0.00237	0.00642	0.03552	0.00728	0.01134
37	0.01854	0.02502	0.36293	0.01713	0.02477	0.01428	0.04615	0.05191	0.04575	0.17301	0.09135	0.02503	0.05376	0.00895	0.00736	0.00230	0.00837	0.00742	0.00544	0.01051
38	0.01597	0.09167	0.56695	0.02107	0.05315	0.01766	0.05852	0.02343	0.01566	0.05096	0.01357	0.01576	0.00976	0.00688	0.00684	0.00224	0.01032	0.00554	0.00337	0.01068
39	0.10305	0.14097	0.45604	0.01726	0.02580	0.01809	0.02069	0.02274	0.04317	0.02387	0.05364	0.01720	0.01316	0.00738	0.00641	0.00219	0.00907	0.00557	0.00371	0.01000

[dist]
# distance from previous block
# <min> <max>
1	3

[block]
# block no. 2 follows, 28 sequences, length 6
# corresponding to MSA columns:
# 192-197
name=unknown_C
#
# <colnr> <probs for GDERKNQSTAVLIFYWHMCP>
#	G	D	E	R	K	N	Q	S	T	A	V	L	I	F	Y	W	H	M	C	P
0	0.09795	0.09622	0.01983	0.01527	0.05641	0.07747	0.01182	0.06268	0.10825	0.34733	0.02214	0.02068	0.01528	0.00831	0.00670	0.00216	0.00709	0.00643	0.00688	0.01111
1	0.04538	0.12252	0.25677	0.02132	0.12798	0.04924	0.04928	0.10424	0.01832	0.04709	0.01907	0.02064	0.07111	0.00805	0.00684	0.00216	0.00890	0.00650	0.00431	0.01027
2	0.50278	0.15096	0.07681	0.01183	0.01732	0.01931	0.01099	0.09313	0.01545	0.03040	0.01117	0.01270	0.00874	0.00688	0.00504	0.00212	0.00672	0.00434	0.00443	0.00888
3	0.01858	0.21515	0.02166	0.01296	0.01736	0.01801	0.01102	0.21796	0.02107	0.02786	0.07525	0.08309	0.02285	0.05870	0.00889	0.00242	0.00684	0.07651	0.00564	0.07818
4	0.01663	0.05037	0.10411	0.06741	0.09963	0.01631	0.13402	0.04376	0.08647	0.04652	0.09466	0.02265	0.01867	0.00842	0.00877	0.00224	0.07215	0.00735	0.00475	0.09510
5	0.01896	0.01908	0.14681	0.01583	0.02203	0.01518	0.06614	0.12487	0.16122	0.10456	0.02573	0.02550	0.08902	0.00902	0.00720	0.00216	0.00731	0.00756	0.00593	0.12589

[dist]
# distance from previous block
# <min> <max>
0	3

[block]
# block no. 3 follows, 28 sequences, length 10
# corresponding to MSA columns:
# 201-210
name=unknown_D
#
# <colnr> <probs for GDERKNQSTAVLIFYWHMCP>
#	G	D	E	R	K	N	Q	S	T	A	V	L	I	F	Y	W	H	M	C	P
0	0.01555	0.18688	0.49721	0.01894	0.02813	0.01903	0.05697	0.02234	0.01556	0.02205	0.04388	0.01658	0.01206	0.00708	0.00659	0.00215	0.00985	0.00558	0.00334	0.01021
1	0.01948	0.28053	0.28514	0.01706	0.02473	0.06163	0.05332	0.02510	0.04418	0.10333	0.01458	0.01579	0.01096	0.00703	0.00626	0.00202	0.00917	0.00534	0.00405	0.01029
2	0.06930	0.01360	0.01583	0.01442	0.05365	0.01420	0.01077	0.13454	0.19218	0.16732	0.15369	0.03181	0.07591	0.01068	0.00747	0.00231	0.00577	0.00884	0.00738	0.01033
3	0.01507	0.01292	0.01507	0.01077	0.01723	0.00969	0.00861	0.01830	0.01507	0.02369	0.01292	0.01507	0.01077	0.00538	0.00538	0.00108	0.00538	0.00431	0.00431	0.78898
4	0.01599	0.01944	0.09854	0.02628	0.03291	0.01674	0.49206	0.02265	0.05863	0.02314	0.01851	0.10557	0.01598	0.00842	0.00843	0.00250	0.01075	0.00970	0.00422	0.00953
5	0.01641	0.02358	0.20245	0.02707	0.03519	0.01751	0.47713	0.02293	0.01660	0.02324	0.01420	0.01831	0.01057	0.00627	0.00799	0.00233	0.01149	0.00755	0.00357	0.05562
6	0.00859	0.00736	0.00736	0.00736	0.00982	0.00614	0.00552	0.01043	0.01657	0.01964	0.07364	0.06996	0.69624	0.01841	0.00859	0.00245	0.00368	0.01534	0.00675	0.00614
7	0.01538	0.08719	0.54336	0.02181	0.03163	0.01802	0.13668	0.02297	0.01561	0.02263	0.01311	0.01581	0.00953	0.00672	0.00703	0.00227	0.01078	0.00581	0.00318	0.01048
8	0.00859	0.00736	0.00736	0.00736	0.00982	0.00614	0.00552	0.01043	0.01657	0.01964	0.07364	0.06996	0.69624	0.01841	0.00859	0.00245	0.00368	0.01534	0.00675	0.00614
9	0.01492	0.08720	0.66024	0.02014	0.03057	0.01771	0.02585	0.02293	0.01531	0.02261	0.01284	0.01509	0.00922	0.00686	0.00675	0.00225	0.01054	0.00527	0.00307	0.01064

[dist]
# distance from previous block
# <min> <max>
0	0

# created by:
# /st0/software/busco_prod/Augustus/scripts/msa2prfl.pl ./align_prep/176272.fa
