[name]
unknown

[dist]
# distance from previous block
# <min> <max>
0	54

[block]
# block no. 0 follows, 27 sequences, length 58
# corresponding to MSA columns:
# 54-111
name=unknown_A
#
# <colnr> <probs for GDERKNQSTAVLIFYWHMCP>
#	G	D	E	R	K	N	Q	S	T	A	V	L	I	F	Y	W	H	M	C	P
0	0.01196	0.00854	0.01196	0.01367	0.01538	0.00854	0.01196	0.01538	0.01709	0.02222	0.03931	0.08374	0.04272	0.02051	0.01025	0.00342	0.00684	0.64283	0.00684	0.00684
1	0.03081	0.01664	0.01971	0.01511	0.02095	0.01686	0.01248	0.34671	0.02796	0.37792	0.02365	0.02161	0.01555	0.00905	0.00745	0.00226	0.00723	0.00708	0.00832	0.01263
2	0.01837	0.01764	0.03013	0.04557	0.69279	0.01764	0.02278	0.02278	0.01690	0.02425	0.01396	0.01837	0.01176	0.00661	0.00735	0.00220	0.00882	0.00661	0.00367	0.01176
3	0.02822	0.02079	0.02228	0.01708	0.02302	0.02302	0.01411	0.66804	0.03490	0.04679	0.01782	0.01782	0.01262	0.00891	0.00743	0.00223	0.00817	0.00668	0.00743	0.01262
4	0.01384	0.00692	0.00692	0.00692	0.00865	0.00692	0.00519	0.01730	0.01557	0.02768	0.02422	0.02768	0.01903	0.00865	0.00519	0.00173	0.00346	0.00692	0.78031	0.00692
5	0.01882	0.01778	0.02978	0.04428	0.66265	0.01788	0.02239	0.05182	0.01771	0.02527	0.01414	0.01835	0.01180	0.00672	0.00735	0.00221	0.00879	0.00662	0.00384	0.01180
6	0.79154	0.01436	0.01091	0.00976	0.01436	0.01665	0.00804	0.02182	0.01263	0.03331	0.01034	0.01206	0.00804	0.00689	0.00459	0.00230	0.00574	0.00402	0.00459	0.00804
7	0.00904	0.00646	0.00861	0.01034	0.01077	0.00603	0.00689	0.01034	0.01421	0.01895	0.04092	0.73426	0.04910	0.02326	0.00948	0.00301	0.00431	0.02110	0.00689	0.00603
8	0.03331	0.01263	0.01723	0.01321	0.01895	0.01091	0.01091	0.03618	0.02125	0.69794	0.02929	0.02527	0.01838	0.00919	0.00747	0.00230	0.00632	0.00747	0.00919	0.01263
9	0.01482	0.04750	0.13809	0.01455	0.01855	0.01140	0.01413	0.01960	0.03981	0.08532	0.07834	0.08492	0.03447	0.01577	0.00894	0.00292	0.00721	0.34893	0.00634	0.00839
10	0.01489	0.03840	0.70064	0.02116	0.03213	0.01724	0.02743	0.02351	0.01567	0.02351	0.01332	0.01567	0.00940	0.00705	0.00705	0.00235	0.01097	0.00549	0.00313	0.01097
11	0.00904	0.00646	0.00861	0.01034	0.01077	0.00603	0.00689	0.01034	0.01421	0.01895	0.04092	0.73426	0.04910	0.02326	0.00948	0.00301	0.00431	0.02110	0.00689	0.00603
12	0.01051	0.00759	0.00992	0.00934	0.01109	0.00700	0.00700	0.01401	0.02101	0.02977	0.68888	0.05545	0.07005	0.01518	0.00876	0.00233	0.00350	0.01343	0.00817	0.00700
13	0.01837	0.01764	0.03013	0.04557	0.69279	0.01764	0.02278	0.02278	0.01690	0.02425	0.01396	0.01837	0.01176	0.00661	0.00735	0.00220	0.00882	0.00661	0.00367	0.01176
14	0.05752	0.00734	0.00714	0.00708	0.00897	0.00747	0.00535	0.01755	0.01540	0.02799	0.02344	0.02680	0.01841	0.00855	0.00516	0.00176	0.00359	0.00676	0.73674	0.00698
15	0.00904	0.00646	0.00861	0.01034	0.01077	0.00603	0.00689	0.01034	0.01421	0.01895	0.04092	0.73426	0.04910	0.02326	0.00948	0.00301	0.00431	0.02110	0.00689	0.00603
16	0.02822	0.02079	0.02228	0.01708	0.02302	0.02302	0.01411	0.66804	0.03490	0.04679	0.01782	0.01782	0.01262	0.00891	0.00743	0.00223	0.00817	0.00668	0.00743	0.01262
17	0.01535	0.10385	0.63922	0.02037	0.03092	0.01837	0.02606	0.02339	0.01562	0.02295	0.01304	0.01532	0.00942	0.00699	0.00684	0.00228	0.01069	0.00534	0.00314	0.01084
18	0.02662	0.01946	0.02080	0.01618	0.02171	0.02153	0.01329	0.58676	0.06374	0.04453	0.01891	0.01907	0.01361	0.00895	0.00725	0.00220	0.00769	0.00678	0.06878	0.01213
19	0.01834	0.61083	0.03375	0.01228	0.01797	0.02575	0.01189	0.02143	0.04128	0.01844	0.01902	0.02140	0.08351	0.00832	0.00549	0.00179	0.00738	0.02810	0.00387	0.00917
20	0.01384	0.00692	0.00692	0.00692	0.00865	0.00692	0.00519	0.01730	0.01557	0.02768	0.02422	0.02768	0.01903	0.00865	0.00519	0.00173	0.00346	0.00692	0.78031	0.00692
21	0.01030	0.00752	0.00967	0.00926	0.01099	0.00689	0.00690	0.01355	0.02033	0.02844	0.60661	0.09478	0.11519	0.01590	0.00880	0.00239	0.00357	0.01402	0.00800	0.00689
22	0.01838	0.01756	0.02948	0.04409	0.66005	0.01768	0.02225	0.02359	0.04911	0.02458	0.01475	0.01883	0.01229	0.00678	0.00736	0.00222	0.00868	0.00670	0.00386	0.01176
23	0.07082	0.08529	0.01304	0.00972	0.01217	0.01008	0.00768	0.01546	0.01976	0.02875	0.56617	0.04759	0.05899	0.01362	0.00802	0.00225	0.00414	0.01172	0.00738	0.00735
24	0.01520	0.06586	0.64661	0.02125	0.03189	0.01779	0.05361	0.02347	0.01573	0.02328	0.01327	0.01571	0.00949	0.00699	0.00703	0.00233	0.01091	0.00556	0.00316	0.01087
25	0.01957	0.01990	0.02897	0.04219	0.60725	0.10597	0.02171	0.02366	0.01743	0.02348	0.01365	0.01774	0.01148	0.00675	0.00727	0.00217	0.00940	0.00638	0.00369	0.01136
26	0.01477	0.01396	0.02363	0.60435	0.16215	0.01669	0.02099	0.01963	0.01520	0.01988	0.01333	0.01955	0.01022	0.00728	0.00741	0.00243	0.00971	0.00660	0.00336	0.00885
27	0.02576	0.01938	0.02095	0.01603	0.02200	0.02074	0.01316	0.53806	0.05881	0.04252	0.01760	0.01785	0.01279	0.00842	0.00712	0.00206	0.00765	0.00639	0.00695	0.13576
28	0.01034	0.00758	0.00962	0.00960	0.01065	0.00787	0.00674	0.01188	0.01270	0.01708	0.05284	0.04500	0.14479	0.30598	0.30635	0.00813	0.01164	0.01060	0.00484	0.00577
29	0.01422	0.01340	0.02264	0.68942	0.08137	0.01655	0.02072	0.01915	0.01494	0.01922	0.01323	0.01973	0.00998	0.00738	0.00742	0.00246	0.00985	0.00660	0.00332	0.00841
30	0.01650	0.26804	0.48514	0.01841	0.02787	0.02119	0.02263	0.02309	0.01548	0.02154	0.01234	0.01445	0.00944	0.00682	0.00631	0.00210	0.00998	0.00499	0.00315	0.01050
31	0.01384	0.00692	0.00692	0.00692	0.00865	0.00692	0.00519	0.01730	0.01557	0.02768	0.02422	0.02768	0.01903	0.00865	0.00519	0.00173	0.00346	0.00692	0.78031	0.00692
32	0.03001	0.01209	0.01608	0.01262	0.01783	0.01067	0.01032	0.03357	0.04513	0.58947	0.05947	0.02836	0.04366	0.00978	0.00746	0.00229	0.00596	0.00801	0.04535	0.01187
33	0.54801	0.01539	0.01697	0.02104	0.22805	0.01696	0.01268	0.02212	0.01398	0.03046	0.01148	0.01405	0.00921	0.00680	0.00546	0.00227	0.00671	0.00484	0.00430	0.00921
34	0.01485	0.03728	0.67062	0.05214	0.03297	0.01721	0.02713	0.02331	0.01564	0.02331	0.01332	0.01586	0.00943	0.00707	0.00707	0.00236	0.01092	0.00553	0.00314	0.01085
35	0.01805	0.01735	0.02999	0.04346	0.63102	0.01729	0.05356	0.02250	0.01694	0.02414	0.01514	0.02135	0.01311	0.00721	0.00755	0.00227	0.00891	0.03487	0.00382	0.01146
36	0.02713	0.02005	0.02145	0.01654	0.02229	0.02208	0.01363	0.63111	0.03389	0.04528	0.02105	0.02084	0.05066	0.00947	0.00750	0.00224	0.00792	0.00719	0.00740	0.01227
37	0.01539	0.01319	0.01539	0.01100	0.01759	0.00990	0.00880	0.01869	0.01539	0.02419	0.01319	0.01539	0.01100	0.00550	0.00550	0.00110	0.00550	0.00440	0.00440	0.78449
38	0.01665	0.01027	0.01097	0.00989	0.01249	0.01074	0.00763	0.17473	0.02032	0.03137	0.04935	0.11018	0.02294	0.01069	0.00638	0.00203	0.00471	0.00879	0.47170	0.00821
39	0.00877	0.00752	0.00752	0.00752	0.01003	0.00627	0.00564	0.01065	0.01692	0.02005	0.07520	0.07144	0.68978	0.01880	0.00877	0.00251	0.00376	0.01567	0.00689	0.00627
40	0.02004	0.01557	0.01762	0.01299	0.01935	0.01406	0.01054	0.22362	0.02173	0.05441	0.01520	0.01650	0.01176	0.00670	0.00617	0.00150	0.00637	0.00522	0.00552	0.51513
41	0.02820	0.02143	0.02222	0.01717	0.02302	0.05301	0.01412	0.64014	0.03430	0.04554	0.01755	0.01763	0.01249	0.00886	0.00739	0.00221	0.00840	0.00660	0.00727	0.01245
42	0.01489	0.03840	0.70064	0.02116	0.03213	0.01724	0.02743	0.02351	0.01567	0.02351	0.01332	0.01567	0.00940	0.00705	0.00705	0.00235	0.01097	0.00549	0.00313	0.01097
43	0.01384	0.00692	0.00692	0.00692	0.00865	0.00692	0.00519	0.01730	0.01557	0.02768	0.02422	0.02768	0.01903	0.00865	0.00519	0.00173	0.00346	0.00692	0.78031	0.00692
44	0.01030	0.00758	0.00964	0.00912	0.01096	0.00692	0.00684	0.01361	0.02053	0.02862	0.61622	0.05735	0.14342	0.01561	0.00876	0.00236	0.00353	0.01369	0.00802	0.00692
45	0.79154	0.01436	0.01091	0.00976	0.01436	0.01665	0.00804	0.02182	0.01263	0.03331	0.01034	0.01206	0.00804	0.00689	0.00459	0.00230	0.00574	0.00402	0.00459	0.00804
46	0.00904	0.00646	0.00861	0.01034	0.01077	0.00603	0.00689	0.01034	0.01421	0.01895	0.04092	0.73426	0.04910	0.02326	0.00948	0.00301	0.00431	0.02110	0.00689	0.00603
47	0.01402	0.01319	0.02227	0.72126	0.05113	0.01649	0.02062	0.01897	0.01484	0.01897	0.01319	0.01979	0.00990	0.00742	0.00742	0.00247	0.00990	0.00660	0.00330	0.00825
48	0.01489	0.03840	0.70064	0.02116	0.03213	0.01724	0.02743	0.02351	0.01567	0.02351	0.01332	0.01567	0.00940	0.00705	0.00705	0.00235	0.01097	0.00549	0.00313	0.01097
49	0.01846	0.01595	0.01679	0.01511	0.01930	0.01846	0.01175	0.03945	0.67938	0.03105	0.03022	0.02770	0.02266	0.01007	0.00755	0.00252	0.00588	0.00839	0.00755	0.01175
50	0.01061	0.00795	0.01193	0.01193	0.01326	0.00928	0.00928	0.01326	0.01193	0.01723	0.01988	0.02916	0.01856	0.05568	0.70968	0.01193	0.01988	0.00795	0.00398	0.00663
51	0.01080	0.00720	0.00810	0.00810	0.00810	0.00720	0.00450	0.01080	0.01080	0.01439	0.02339	0.04858	0.02699	0.73910	0.03779	0.00720	0.00720	0.01080	0.00450	0.00450
52	0.02736	0.03461	0.02087	0.01897	0.02281	0.68186	0.01424	0.03003	0.04718	0.01868	0.01222	0.01396	0.01008	0.00775	0.00673	0.00194	0.01309	0.00492	0.00397	0.00873
53	0.01384	0.00692	0.00692	0.00692	0.00865	0.00692	0.00519	0.01730	0.01557	0.02768	0.02422	0.02768	0.01903	0.00865	0.00519	0.00173	0.00346	0.00692	0.78031	0.00692
54	0.01837	0.01764	0.03013	0.04557	0.69279	0.01764	0.02278	0.02278	0.01690	0.02425	0.01396	0.01837	0.01176	0.00661	0.00735	0.00220	0.00882	0.00661	0.00367	0.01176
55	0.01402	0.01319	0.02227	0.72126	0.05113	0.01649	0.02062	0.01897	0.01484	0.01897	0.01319	0.01979	0.00990	0.00742	0.00742	0.00247	0.00990	0.00660	0.00330	0.00825
56	0.79154	0.01436	0.01091	0.00976	0.01436	0.01665	0.00804	0.02182	0.01263	0.03331	0.01034	0.01206	0.00804	0.00689	0.00459	0.00230	0.00574	0.00402	0.00459	0.00804
57	0.01752	0.02003	0.04380	0.03129	0.03880	0.01877	0.66583	0.02378	0.01752	0.02378	0.01502	0.02003	0.01126	0.00626	0.00876	0.00250	0.01252	0.00876	0.00375	0.01001

[dist]
# distance from previous block
# <min> <max>
0	2

[block]
# block no. 1 follows, 27 sequences, length 13
# corresponding to MSA columns:
# 114-121,124-128
name=unknown_B
#
# <colnr> <probs for GDERKNQSTAVLIFYWHMCP>
#	G	D	E	R	K	N	Q	S	T	A	V	L	I	F	Y	W	H	M	C	P
0	0.01043	0.00731	0.00892	0.00883	0.00973	0.00697	0.00586	0.01215	0.01580	0.02174	0.31706	0.11683	0.07295	0.32905	0.02137	0.00451	0.00519	0.01309	0.00642	0.00580
1	0.01518	0.42489	0.02581	0.01168	0.01547	0.01928	0.01019	0.01709	0.01471	0.01811	0.02355	0.32421	0.02664	0.01366	0.00680	0.00220	0.00637	0.01138	0.00478	0.00801
2	0.01070	0.00764	0.01051	0.01223	0.01339	0.00746	0.00977	0.01320	0.01585	0.02080	0.04000	0.36498	0.04548	0.02170	0.00992	0.00324	0.00574	0.37403	0.00686	0.00649
3	0.01263	0.01060	0.01614	0.41293	0.03253	0.01247	0.01365	0.01543	0.01309	0.01699	0.01760	0.03224	0.01729	0.32375	0.02055	0.00452	0.00873	0.00841	0.00382	0.00663
4	0.02333	0.01129	0.01345	0.01126	0.01443	0.04017	0.00829	0.02492	0.01672	0.37237	0.02595	0.03482	0.02171	0.32469	0.02054	0.00440	0.00701	0.00879	0.00692	0.00894
5	0.02016	0.01648	0.02227	0.41682	0.03898	0.01932	0.01780	0.29959	0.02352	0.03099	0.01520	0.01894	0.01108	0.00807	0.00742	0.00237	0.00915	0.00663	0.00508	0.01014
6	0.00957	0.00771	0.00943	0.00943	0.01142	0.00757	0.00721	0.01178	0.01476	0.01883	0.05129	0.05317	0.39959	0.03474	0.31180	0.00658	0.01073	0.01233	0.00563	0.00642
7	0.02236	0.01295	0.02009	0.41514	0.03722	0.01408	0.01642	0.02641	0.01761	0.31251	0.02015	0.02216	0.01356	0.00819	0.00744	0.00240	0.00835	0.00697	0.00584	0.01014
8	0.45312	0.01140	0.00945	0.00879	0.01248	0.01216	0.00700	0.01699	0.01449	0.02758	0.03838	0.03773	0.30278	0.01204	0.00640	0.00239	0.00489	0.00906	0.00559	0.00727
9	0.02132	0.02287	0.01612	0.01504	0.01721	0.40543	0.01093	0.02101	0.01612	0.01589	0.01209	0.01736	0.01100	0.01549	0.01634	0.34004	0.01039	0.00550	0.00357	0.00628
10	0.01434	0.01281	0.02083	0.03034	0.39793	0.01262	0.01591	0.01740	0.01574	0.02196	0.02562	0.32788	0.02790	0.01381	0.00827	0.00256	0.00687	0.01288	0.00507	0.00928
11	0.46153	0.01714	0.01583	0.01293	0.01810	0.01941	0.01066	0.30121	0.02226	0.03913	0.01357	0.01455	0.01002	0.00776	0.00582	0.00227	0.00679	0.00517	0.00582	0.01002
12	0.01061	0.00795	0.01193	0.01193	0.01326	0.00928	0.00928	0.01326	0.01193	0.01723	0.01988	0.02916	0.01856	0.05568	0.70968	0.01193	0.01988	0.00795	0.00398	0.00663

[dist]
# distance from previous block
# <min> <max>
0	19

# created by:
# /st0/software/busco_prod/Augustus/scripts/msa2prfl.pl ./align_prep/176807.fa
