[name]
unknown

[dist]
# distance from previous block
# <min> <max>
0	4

[block]
# block no. 0 follows, 26 sequences, length 20
# corresponding to MSA columns:
# 4-23
name=unknown_A
#
# <colnr> <probs for GDERKNQSTAVLIFYWHMCP>
#	G	D	E	R	K	N	Q	S	T	A	V	L	I	F	Y	W	H	M	C	P
0	0.01222	0.00873	0.01222	0.01397	0.01572	0.00873	0.01222	0.01572	0.01746	0.02270	0.04016	0.08556	0.04365	0.02095	0.01048	0.00349	0.00698	0.63506	0.00698	0.00698
1	0.01664	0.01844	0.03950	0.02884	0.03546	0.01728	0.56336	0.02229	0.01741	0.02358	0.01921	0.12392	0.01716	0.00893	0.00906	0.00263	0.01156	0.01079	0.00430	0.00964
2	0.01458	0.01364	0.02243	0.67508	0.05038	0.01697	0.02055	0.02058	0.05285	0.02009	0.01448	0.02069	0.01086	0.00774	0.00759	0.00253	0.00988	0.00685	0.00362	0.00863
3	0.01220	0.00676	0.00918	0.00948	0.00971	0.00669	0.00621	0.01086	0.01140	0.01579	0.02100	0.15104	0.02265	0.14691	0.02566	0.44462	0.00608	0.01001	0.06942	0.00434
4	0.01349	0.00701	0.00730	0.00753	0.00912	0.00695	0.00553	0.01673	0.01572	0.02710	0.02701	0.12114	0.02352	0.01082	0.00588	0.00194	0.00365	0.00899	0.67362	0.00695
5	0.02505	0.01704	0.01901	0.01543	0.02065	0.01832	0.01241	0.26878	0.25986	0.15916	0.02453	0.02329	0.01760	0.01001	0.00831	0.02927	0.00696	0.00748	0.00767	0.04916
6	0.01877	0.01802	0.03079	0.04656	0.68612	0.01802	0.02328	0.02328	0.01727	0.02478	0.01427	0.01877	0.01201	0.00676	0.00751	0.00225	0.00901	0.00676	0.00375	0.01201
7	0.00942	0.00670	0.00882	0.01037	0.01083	0.00628	0.00688	0.01074	0.01456	0.01949	0.06596	0.65624	0.04950	0.07114	0.01160	0.00334	0.00457	0.02054	0.00693	0.00610
8	0.08733	0.01359	0.02165	0.64856	0.04869	0.01687	0.01985	0.01966	0.01495	0.02076	0.01321	0.01948	0.00993	0.00753	0.00731	0.00251	0.00971	0.00649	0.00350	0.00841
9	0.02441	0.01706	0.01888	0.01506	0.01979	0.01858	0.01221	0.40946	0.04721	0.08337	0.02087	0.05399	0.01637	0.02900	0.00900	0.00240	0.04320	0.00766	0.10911	0.04235
10	0.01094	0.00728	0.00908	0.00995	0.01104	0.00666	0.00676	0.01231	0.01502	0.06041	0.04506	0.48423	0.15778	0.11046	0.01303	0.00348	0.00480	0.01841	0.00688	0.00642
11	0.06677	0.01463	0.01817	0.01394	0.01985	0.01373	0.01149	0.15487	0.02358	0.49246	0.02567	0.02305	0.01665	0.00897	0.00735	0.00225	0.00673	0.00710	0.00850	0.06424
12	0.12905	0.01070	0.01263	0.01155	0.01480	0.01051	0.00884	0.02324	0.07959	0.21906	0.12293	0.24153	0.05577	0.01463	0.00806	0.00260	0.00523	0.01252	0.00763	0.00911
13	0.01699	0.01559	0.02832	0.04165	0.06790	0.01547	0.28730	0.08056	0.01866	0.05344	0.05620	0.19830	0.02453	0.01196	0.00961	0.00266	0.04427	0.01177	0.00541	0.00939
14	0.02342	0.01721	0.02014	0.11010	0.02504	0.01853	0.01362	0.37198	0.05954	0.06414	0.01762	0.01945	0.01310	0.01015	0.00943	0.07560	0.00787	0.00662	0.00630	0.11017
15	0.02232	0.02089	0.02233	0.11056	0.02698	0.15031	0.07503	0.23211	0.12853	0.03136	0.04830	0.02413	0.05423	0.00943	0.00773	0.00234	0.00920	0.00773	0.00599	0.01052
16	0.01892	0.01899	0.02800	0.17709	0.03349	0.08337	0.21577	0.09717	0.10775	0.02571	0.01974	0.02295	0.04666	0.00877	0.00927	0.00252	0.06114	0.00797	0.00482	0.00990
17	0.01861	0.01646	0.01823	0.04474	0.02094	0.09998	0.07197	0.04861	0.20044	0.07415	0.03264	0.05139	0.14114	0.01090	0.00769	0.00230	0.00731	0.00922	0.03740	0.08588
18	0.01468	0.01304	0.01370	0.01419	0.04878	0.08463	0.00974	0.04477	0.10702	0.02337	0.07069	0.35049	0.03527	0.04948	0.00983	0.00279	0.00621	0.01405	0.00638	0.08090
19	0.01876	0.01452	0.01705	0.01498	0.05916	0.01393	0.01089	0.11786	0.14994	0.06649	0.02099	0.05688	0.01776	0.07700	0.00987	0.00241	0.00646	0.00741	0.00596	0.31168

[dist]
# distance from previous block
# <min> <max>
33	62

[block]
# block no. 1 follows, 26 sequences, length 23
# corresponding to MSA columns:
# 94-116
name=unknown_B
#
# <colnr> <probs for GDERKNQSTAVLIFYWHMCP>
#	G	D	E	R	K	N	Q	S	T	A	V	L	I	F	Y	W	H	M	C	P
0	0.12597	0.01454	0.01566	0.01267	0.01708	0.01494	0.00993	0.18598	0.04984	0.03040	0.01793	0.04761	0.01593	0.12146	0.01231	0.00283	0.04116	0.00705	0.03024	0.22645
1	0.01646	0.01287	0.01327	0.01263	0.01509	0.07346	0.00940	0.05125	0.13170	0.07306	0.03101	0.17200	0.05060	0.17744	0.01530	0.00373	0.00689	0.09183	0.00643	0.03559
2	0.14402	0.01513	0.02000	0.24830	0.02965	0.01864	0.01561	0.08571	0.01620	0.02523	0.04486	0.01916	0.01308	0.00962	0.01222	0.00263	0.21960	0.00650	0.00431	0.04952
3	0.02383	0.01688	0.01887	0.01480	0.01999	0.01764	0.01196	0.38475	0.05019	0.09083	0.09070	0.02478	0.02067	0.04489	0.02932	0.00268	0.00754	0.00761	0.00716	0.11492
4	0.02493	0.01880	0.02025	0.01609	0.02148	0.02053	0.01305	0.48440	0.11462	0.04179	0.02326	0.06698	0.04096	0.01040	0.00769	0.00232	0.00750	0.00822	0.00740	0.04930
5	0.01548	0.01198	0.01538	0.01326	0.01640	0.01188	0.04070	0.09850	0.04747	0.04545	0.02551	0.23756	0.02640	0.10845	0.04564	0.00349	0.04874	0.01159	0.00585	0.17026
6	0.01402	0.00967	0.01174	0.01080	0.01311	0.00912	0.00779	0.07900	0.01820	0.06020	0.18900	0.23796	0.04093	0.15325	0.01423	0.00337	0.00542	0.01332	0.00676	0.10213
7	0.01823	0.01374	0.01624	0.01253	0.01780	0.01236	0.00997	0.10731	0.01841	0.07708	0.01813	0.07613	0.01589	0.03150	0.00864	0.00189	0.05177	0.00686	0.03027	0.45524
8	0.01526	0.01242	0.01416	0.01287	0.01541	0.05535	0.00982	0.03685	0.01625	0.07175	0.03252	0.28197	0.11140	0.01572	0.01099	0.00256	0.12353	0.01283	0.00598	0.14236
9	0.02414	0.01859	0.02102	0.01687	0.02119	0.02141	0.01374	0.44402	0.06246	0.03826	0.01800	0.02114	0.01424	0.05902	0.05131	0.00334	0.12629	0.00723	0.00650	0.01122
10	0.01148	0.00816	0.01026	0.01054	0.01165	0.00812	0.00739	0.05364	0.01644	0.02237	0.16469	0.30568	0.04421	0.18890	0.06847	0.00459	0.00649	0.04385	0.00655	0.00652
11	0.01492	0.00966	0.01192	0.01108	0.01382	0.00930	0.00862	0.02051	0.10920	0.12031	0.33381	0.08422	0.13794	0.01530	0.00876	0.00256	0.00468	0.06688	0.00805	0.00846
12	0.01771	0.01987	0.04200	0.03017	0.03739	0.01889	0.58835	0.02369	0.01745	0.02400	0.01496	0.01999	0.01141	0.00671	0.00961	0.00252	0.04974	0.00858	0.00385	0.05312
13	0.01074	0.00775	0.01014	0.00954	0.01133	0.00716	0.00716	0.01431	0.02147	0.03042	0.68211	0.05666	0.07157	0.01551	0.00895	0.00239	0.00358	0.01372	0.00835	0.00716
14	0.01432	0.01348	0.02275	0.71520	0.05224	0.01685	0.02107	0.01938	0.01517	0.01938	0.01348	0.02022	0.01011	0.00758	0.00758	0.00253	0.01011	0.00674	0.00337	0.00843
15	0.01873	0.02009	0.02111	0.01858	0.01972	0.18476	0.01500	0.02064	0.01420	0.01861	0.01197	0.01767	0.01118	0.01636	0.09067	0.00386	0.45213	0.00639	0.03013	0.00822
16	0.01023	0.00757	0.00897	0.00878	0.01046	0.00685	0.00630	0.01230	0.01776	0.02354	0.32373	0.08505	0.27654	0.11192	0.01397	0.04419	0.00436	0.01409	0.00708	0.00631
17	0.02481	0.01925	0.02050	0.01664	0.02199	0.02164	0.01344	0.41047	0.29257	0.04132	0.02332	0.02228	0.01704	0.00958	0.00764	0.00240	0.00740	0.00753	0.00764	0.01254
18	0.02804	0.01755	0.01994	0.01572	0.02116	0.01854	0.01280	0.41524	0.05441	0.21274	0.02389	0.08494	0.01820	0.01055	0.00779	0.00238	0.00741	0.00844	0.00801	0.01226
19	0.01687	0.01608	0.02735	0.33214	0.41538	0.01752	0.02233	0.02161	0.01637	0.02247	0.01393	0.01939	0.01120	0.00711	0.00754	0.00237	0.00948	0.00675	0.00359	0.01048
20	0.01794	0.16445	0.34059	0.02254	0.03149	0.02083	0.19849	0.07186	0.01790	0.02473	0.01386	0.01668	0.01041	0.00699	0.00728	0.00229	0.01085	0.00633	0.00372	0.01079
21	0.01578	0.01497	0.02538	0.49620	0.25985	0.01724	0.02179	0.02066	0.01586	0.02115	0.01374	0.01975	0.01073	0.00731	0.00756	0.00244	0.00975	0.00675	0.00350	0.00960
22	0.01765	0.01750	0.07403	0.15501	0.30444	0.05360	0.01947	0.02214	0.01752	0.06164	0.05055	0.03176	0.01978	0.00991	0.00803	0.00251	0.00890	0.11071	0.00473	0.01012

[dist]
# distance from previous block
# <min> <max>
0	5

[block]
# block no. 2 follows, 26 sequences, length 77
# corresponding to MSA columns:
# 122-198
name=unknown_C
#
# <colnr> <probs for GDERKNQSTAVLIFYWHMCP>
#	G	D	E	R	K	N	Q	S	T	A	V	L	I	F	Y	W	H	M	C	P
0	0.01936	0.01680	0.02515	0.25730	0.28294	0.01845	0.01961	0.17919	0.02101	0.02846	0.01625	0.05172	0.01336	0.00839	0.00765	0.00239	0.00900	0.00745	0.00473	0.01079
1	0.01409	0.01208	0.02013	0.57148	0.04361	0.01476	0.01811	0.01744	0.01409	0.01812	0.01342	0.02080	0.01074	0.01141	0.01208	0.16081	0.00939	0.00671	0.00335	0.00738
2	0.01764	0.01716	0.03011	0.20452	0.47808	0.01785	0.07882	0.02244	0.01683	0.02345	0.01418	0.01927	0.01152	0.00692	0.00765	0.00235	0.00961	0.00695	0.00367	0.01100
3	0.01582	0.01370	0.01670	0.03804	0.05106	0.01073	0.01010	0.01931	0.01578	0.02453	0.01352	0.01603	0.01123	0.00574	0.00578	0.00123	0.00594	0.00468	0.00442	0.71567
4	0.01364	0.00997	0.01399	0.12297	0.02124	0.01051	0.01283	0.01837	0.06375	0.05317	0.03634	0.12671	0.05951	0.01777	0.00957	0.00315	0.00703	0.38513	0.00659	0.00774
5	0.01887	0.01629	0.01715	0.01544	0.01972	0.01887	0.01201	0.04031	0.67241	0.03173	0.03087	0.02830	0.02315	0.01029	0.00772	0.00257	0.00600	0.00858	0.00772	0.01201
6	0.01573	0.01348	0.01573	0.01123	0.01798	0.01011	0.00899	0.01910	0.01573	0.02472	0.01348	0.01573	0.01123	0.00562	0.00562	0.00112	0.00562	0.00449	0.00449	0.77980
7	0.01392	0.00967	0.01211	0.08778	0.01720	0.00938	0.00920	0.01834	0.06946	0.10396	0.22914	0.05397	0.28437	0.01509	0.00861	0.00252	0.00505	0.03486	0.00733	0.00807
8	0.01610	0.01366	0.01527	0.01476	0.04676	0.01504	0.01082	0.03094	0.43663	0.02992	0.17014	0.03863	0.10475	0.01219	0.00810	0.00252	0.00540	0.01037	0.00760	0.01039
9	0.02883	0.02125	0.02276	0.01745	0.02352	0.02352	0.01442	0.66082	0.03566	0.04780	0.01821	0.01821	0.01290	0.00911	0.00759	0.00228	0.00835	0.00683	0.00759	0.01290
10	0.01856	0.01781	0.03040	0.07844	0.65589	0.01797	0.02317	0.02309	0.01717	0.02452	0.01423	0.01884	0.01192	0.00680	0.00751	0.00227	0.00906	0.00676	0.00374	0.01184
11	0.01013	0.00752	0.00944	0.00940	0.01107	0.00683	0.00688	0.01298	0.01940	0.02653	0.45138	0.18700	0.17795	0.01774	0.00909	0.00255	0.00378	0.01562	0.00787	0.00683
12	0.01877	0.01802	0.03079	0.04656	0.68612	0.01802	0.02328	0.02328	0.01727	0.02478	0.01427	0.01877	0.01201	0.00676	0.00751	0.00225	0.00901	0.00676	0.00375	0.01201
13	0.01877	0.01802	0.03079	0.04656	0.68612	0.01802	0.02328	0.02328	0.01727	0.02478	0.01427	0.01877	0.01201	0.00676	0.00751	0.00225	0.00901	0.00676	0.00375	0.01201
14	0.01191	0.00992	0.01067	0.01009	0.01293	0.00978	0.00768	0.01922	0.18700	0.02558	0.19906	0.05786	0.37760	0.01609	0.00864	0.00253	0.00434	0.01359	0.00751	0.00801
15	0.01877	0.01802	0.03079	0.04656	0.68612	0.01802	0.02328	0.02328	0.01727	0.02478	0.01427	0.01877	0.01201	0.00676	0.00751	0.00225	0.00901	0.00676	0.00375	0.01201
16	0.01074	0.00817	0.01021	0.01127	0.01325	0.00764	0.00933	0.01346	0.01718	0.02160	0.05458	0.12653	0.29349	0.02047	0.00983	0.00310	0.00557	0.34985	0.00701	0.00670
17	0.01877	0.01802	0.03079	0.04656	0.68612	0.01802	0.02328	0.02328	0.01727	0.02478	0.01427	0.01877	0.01201	0.00676	0.00751	0.00225	0.00901	0.00676	0.00375	0.01201
18	0.09085	0.01312	0.01440	0.01203	0.01529	0.01371	0.00897	0.20984	0.02003	0.10272	0.02104	0.03188	0.01936	0.31194	0.04393	0.00469	0.00778	0.00835	0.00601	0.04404
19	0.01084	0.00813	0.01219	0.01219	0.01354	0.00948	0.00948	0.01354	0.01219	0.01761	0.02032	0.02980	0.01896	0.05689	0.70337	0.01219	0.02032	0.00813	0.00406	0.00677
20	0.02883	0.02125	0.02276	0.01745	0.02352	0.02352	0.01442	0.66082	0.03566	0.04780	0.01821	0.01821	0.01290	0.00911	0.00759	0.00228	0.00835	0.00683	0.00759	0.01290
21	0.02883	0.02125	0.02276	0.01745	0.02352	0.02352	0.01442	0.66082	0.03566	0.04780	0.01821	0.01821	0.01290	0.00911	0.00759	0.00228	0.00835	0.00683	0.00759	0.01290
22	0.01075	0.00784	0.01107	0.01121	0.01219	0.00876	0.00822	0.01276	0.01212	0.01711	0.02277	0.08822	0.02327	0.20259	0.50401	0.01043	0.01624	0.00980	0.00441	0.00625
23	0.01877	0.01802	0.03079	0.04656	0.68612	0.01802	0.02328	0.02328	0.01727	0.02478	0.01427	0.01877	0.01201	0.00676	0.00751	0.00225	0.00901	0.00676	0.00375	0.01201
24	0.18789	0.24211	0.02411	0.01379	0.01911	0.02228	0.01199	0.25060	0.02215	0.03239	0.01676	0.07170	0.01485	0.00939	0.00638	0.00219	0.00739	0.02920	0.00554	0.01017
25	0.01432	0.01348	0.02275	0.71520	0.05224	0.01685	0.02107	0.01938	0.01517	0.01938	0.01348	0.02022	0.01011	0.00758	0.00758	0.00253	0.01011	0.00674	0.00337	0.00843
26	0.01103	0.00735	0.00827	0.00827	0.00827	0.00735	0.00460	0.01103	0.01103	0.01471	0.02390	0.04964	0.02758	0.73343	0.03861	0.00735	0.00735	0.01103	0.00460	0.00460
27	0.01480	0.01356	0.02284	0.58072	0.12900	0.01627	0.02031	0.01919	0.01505	0.01962	0.01356	0.02024	0.01057	0.00882	0.00915	0.05792	0.00972	0.00673	0.00341	0.00851
28	0.01424	0.01273	0.04194	0.01235	0.01619	0.01159	0.00987	0.02295	0.21299	0.02746	0.20483	0.14610	0.03741	0.01270	0.00787	0.00227	0.00522	0.01103	0.00686	0.18339
29	0.01150	0.00822	0.01140	0.01315	0.01458	0.00811	0.01097	0.01447	0.01675	0.02189	0.04056	0.24090	0.04523	0.02163	0.01028	0.00339	0.00636	0.48683	0.00700	0.00679
30	0.02537	0.02790	0.02467	0.02781	0.23473	0.37195	0.01737	0.13259	0.02250	0.02539	0.01361	0.01605	0.01100	0.00769	0.00718	0.00210	0.01131	0.00580	0.00447	0.01050
31	0.02028	0.73799	0.03975	0.01298	0.01947	0.03001	0.01298	0.02271	0.01541	0.01785	0.01055	0.01217	0.00973	0.00649	0.00487	0.00162	0.00811	0.00406	0.00324	0.00973
32	0.78701	0.01467	0.01115	0.00997	0.01467	0.01702	0.00821	0.02230	0.01291	0.03403	0.01056	0.01232	0.00821	0.00704	0.00469	0.00235	0.00587	0.00411	0.00469	0.00821
33	0.02182	0.02145	0.02403	0.02054	0.05114	0.16706	0.13226	0.16392	0.17588	0.02931	0.02166	0.09745	0.01840	0.01011	0.00793	0.00241	0.00937	0.00881	0.00591	0.01054
34	0.00913	0.00769	0.00791	0.00791	0.01031	0.00658	0.00588	0.01101	0.01680	0.02012	0.07209	0.07009	0.62587	0.05082	0.04127	0.00319	0.00473	0.01545	0.00681	0.00634
35	0.01464	0.01381	0.02332	0.66749	0.09747	0.01694	0.02122	0.01966	0.01532	0.01977	0.01354	0.02012	0.01025	0.00752	0.00758	0.00251	0.01003	0.00674	0.00340	0.00868
36	0.01432	0.01348	0.02275	0.71520	0.05224	0.01685	0.02107	0.01938	0.01517	0.01938	0.01348	0.02022	0.01011	0.00758	0.00758	0.00253	0.01011	0.00674	0.00337	0.00843
37	0.04255	0.00739	0.01085	0.06021	0.01309	0.00771	0.00768	0.01103	0.01037	0.01441	0.01310	0.02245	0.01277	0.02428	0.02713	0.69448	0.00681	0.00650	0.00335	0.00385
38	0.01677	0.01582	0.02656	0.26348	0.40680	0.01715	0.02153	0.02128	0.01640	0.02263	0.01571	0.02394	0.01358	0.00827	0.00834	0.00247	0.03352	0.05158	0.00384	0.01035
39	0.01521	0.03923	0.69413	0.02162	0.03283	0.01762	0.02802	0.02402	0.01601	0.02402	0.01361	0.01601	0.00961	0.00721	0.00721	0.00240	0.01121	0.00560	0.00320	0.01121
40	0.78701	0.01467	0.01115	0.00997	0.01467	0.01702	0.00821	0.02230	0.01291	0.03403	0.01056	0.01232	0.00821	0.00704	0.00469	0.00235	0.00587	0.00411	0.00469	0.00821
41	0.01877	0.01802	0.03079	0.04656	0.68612	0.01802	0.02328	0.02328	0.01727	0.02478	0.01427	0.01877	0.01201	0.00676	0.00751	0.00225	0.00901	0.00676	0.00375	0.01201
42	0.01648	0.01686	0.02288	0.59143	0.07216	0.11401	0.02024	0.02107	0.01614	0.01947	0.01326	0.01924	0.01014	0.00759	0.00748	0.00244	0.01057	0.00648	0.00346	0.00861
43	0.01659	0.01659	0.02323	0.01991	0.01991	0.02323	0.01659	0.01825	0.01162	0.01825	0.00996	0.01659	0.00996	0.01328	0.02489	0.00332	0.71955	0.00664	0.00332	0.00830
44	0.02833	0.03615	0.02149	0.01954	0.02345	0.70298	0.01466	0.03029	0.02149	0.01856	0.01172	0.01368	0.00977	0.00782	0.00684	0.00195	0.01368	0.00489	0.00391	0.00879
45	0.03403	0.01291	0.01760	0.01350	0.01936	0.01115	0.01115	0.03697	0.02171	0.69137	0.02992	0.02582	0.01878	0.00939	0.00763	0.00235	0.00645	0.00763	0.00939	0.01291
46	0.01659	0.01659	0.02323	0.01991	0.01991	0.02323	0.01659	0.01825	0.01162	0.01825	0.00996	0.01659	0.00996	0.01328	0.02489	0.00332	0.71955	0.00664	0.00332	0.00830
47	0.01064	0.00765	0.00980	0.01105	0.01189	0.00740	0.00757	0.05696	0.01603	0.02139	0.04012	0.67780	0.04751	0.02272	0.00953	0.00302	0.00468	0.02051	0.00708	0.00664
48	0.01877	0.01802	0.03079	0.04656	0.68612	0.01802	0.02328	0.02328	0.01727	0.02478	0.01427	0.01877	0.01201	0.00676	0.00751	0.00225	0.00901	0.00676	0.00375	0.01201
49	0.02883	0.02125	0.02276	0.01745	0.02352	0.02352	0.01442	0.66082	0.03566	0.04780	0.01821	0.01821	0.01290	0.00911	0.00759	0.00228	0.00835	0.00683	0.00759	0.01290
50	0.01877	0.01802	0.03079	0.04656	0.68612	0.01802	0.02328	0.02328	0.01727	0.02478	0.01427	0.01877	0.01201	0.00676	0.00751	0.00225	0.00901	0.00676	0.00375	0.01201
51	0.01726	0.01655	0.02795	0.08916	0.53887	0.01660	0.04254	0.02157	0.01714	0.02387	0.02167	0.02536	0.09144	0.00828	0.00774	0.00232	0.00860	0.00793	0.00412	0.01103
52	0.02941	0.02032	0.02219	0.01701	0.02306	0.02214	0.01405	0.59128	0.03411	0.11955	0.01952	0.01906	0.01355	0.00914	0.00759	0.00228	0.00814	0.00692	0.00779	0.01290
53	0.01828	0.01752	0.02990	0.12032	0.61619	0.01789	0.02303	0.02285	0.01704	0.02418	0.01418	0.01893	0.01180	0.00685	0.00752	0.00228	0.00913	0.00676	0.00371	0.01162
54	0.01432	0.01348	0.02275	0.71520	0.05224	0.01685	0.02107	0.01938	0.01517	0.01938	0.01348	0.02022	0.01011	0.00758	0.00758	0.00253	0.01011	0.00674	0.00337	0.00843
55	0.01464	0.01381	0.02332	0.66749	0.09747	0.01694	0.02122	0.01966	0.01532	0.01977	0.01354	0.02012	0.01025	0.00752	0.00758	0.00251	0.01003	0.00674	0.00340	0.00868
56	0.04309	0.00695	0.00890	0.01054	0.01116	0.00663	0.00709	0.01107	0.01445	0.02000	0.04045	0.69731	0.04834	0.02304	0.00946	0.00305	0.00446	0.02080	0.00694	0.00625
57	0.01432	0.01348	0.02275	0.71520	0.05224	0.01685	0.02107	0.01938	0.01517	0.01938	0.01348	0.02022	0.01011	0.00758	0.00758	0.00253	0.01011	0.00674	0.00337	0.00843
58	0.01717	0.01799	0.03575	0.03438	0.25574	0.01724	0.36561	0.02232	0.01729	0.02388	0.01812	0.10385	0.01627	0.00858	0.00855	0.00252	0.01051	0.00970	0.00419	0.01035
59	0.01573	0.01348	0.01573	0.01123	0.01798	0.01011	0.00899	0.01910	0.01573	0.02472	0.01348	0.01573	0.01123	0.00562	0.00562	0.00112	0.00562	0.00449	0.00449	0.77980
60	0.32534	0.01539	0.04769	0.01277	0.01845	0.01455	0.01103	0.07160	0.01893	0.36191	0.02085	0.01961	0.01385	0.00835	0.00647	0.00234	0.00658	0.00611	0.00715	0.01100
61	0.01194	0.00990	0.01076	0.01075	0.01323	0.00998	0.00794	0.01940	0.20806	0.02346	0.05372	0.24109	0.31521	0.01786	0.00880	0.00271	0.00463	0.01537	0.00724	0.00797
62	0.01074	0.00775	0.01014	0.00954	0.01133	0.00716	0.00716	0.01431	0.02147	0.03042	0.68211	0.05666	0.07157	0.01551	0.00895	0.00239	0.00358	0.01372	0.00835	0.00716
63	0.01576	0.01361	0.01603	0.01159	0.01805	0.01064	0.00930	0.01906	0.01556	0.02445	0.01334	0.01576	0.01118	0.00593	0.00640	0.00121	0.03462	0.00458	0.00445	0.74846
64	0.02036	0.01077	0.01395	0.01173	0.01589	0.00911	0.00908	0.02302	0.01826	0.27647	0.09674	0.22056	0.03109	0.01308	0.00785	0.00226	0.00539	0.01135	0.00745	0.19562
65	0.03403	0.01291	0.01760	0.01350	0.01936	0.01115	0.01115	0.03697	0.02171	0.69137	0.02992	0.02582	0.01878	0.00939	0.00763	0.00235	0.00645	0.00763	0.00939	0.01291
66	0.01084	0.00813	0.01219	0.01219	0.01354	0.00948	0.00948	0.01354	0.01219	0.01761	0.02032	0.02980	0.01896	0.05689	0.70337	0.01219	0.02032	0.00813	0.00406	0.00677
67	0.03403	0.01291	0.01760	0.01350	0.01936	0.01115	0.01115	0.03697	0.02171	0.69137	0.02992	0.02582	0.01878	0.00939	0.00763	0.00235	0.00645	0.00763	0.00939	0.01291
68	0.01878	0.01794	0.03016	0.04513	0.65549	0.01806	0.02276	0.02406	0.04738	0.02510	0.01503	0.01921	0.01253	0.00692	0.00752	0.00227	0.00887	0.00684	0.00394	0.01201
69	0.01062	0.00767	0.01004	0.00962	0.01131	0.00708	0.00715	0.01403	0.02094	0.02957	0.63332	0.10786	0.06994	0.01614	0.00900	0.00244	0.00364	0.01432	0.00825	0.00708
70	0.01198	0.00856	0.01191	0.01348	0.01517	0.00850	0.01160	0.01538	0.01764	0.02314	0.08916	0.11212	0.04607	0.02066	0.01032	0.00339	0.00661	0.56026	0.00709	0.00696
71	0.01816	0.01724	0.02921	0.04374	0.63469	0.01719	0.02205	0.02260	0.01759	0.02521	0.06516	0.02166	0.01655	0.00742	0.00762	0.00226	0.00860	0.00729	0.00410	0.01164
72	0.01850	0.01964	0.08134	0.04466	0.63633	0.01799	0.02364	0.02334	0.01718	0.02472	0.01422	0.01856	0.01183	0.00679	0.00749	0.00226	0.00918	0.00667	0.00371	0.01195
73	0.06851	0.00722	0.00898	0.01052	0.01128	0.00699	0.00713	0.01146	0.01440	0.02048	0.03942	0.67390	0.04697	0.02249	0.00930	0.00302	0.00451	0.02023	0.00686	0.00632
74	0.02692	0.03208	0.02060	0.01837	0.02245	0.56303	0.01395	0.10942	0.02299	0.02245	0.01752	0.01878	0.06148	0.00885	0.00710	0.00204	0.01225	0.00598	0.00462	0.00914
75	0.01101	0.00738	0.00842	0.00837	0.00851	0.00734	0.00479	0.01128	0.01183	0.01590	0.07406	0.05017	0.03093	0.67872	0.03635	0.00698	0.00707	0.01124	0.00488	0.00479
76	0.05194	0.00974	0.00986	0.00894	0.01148	0.01022	0.00690	0.12238	0.01881	0.03124	0.02300	0.02666	0.01815	0.03451	0.00683	0.00208	0.00456	0.00703	0.58770	0.00798

[dist]
# distance from previous block
# <min> <max>
0	3

# created by:
# /st0/software/busco_prod/Augustus/scripts/msa2prfl.pl ./align_prep/177383.fa
