[name]
unknown

[dist]
# distance from previous block
# <min> <max>
7	54

[block]
# block no. 0 follows, 29 sequences, length 6
# corresponding to MSA columns:
# 71-76
name=unknown_A
#
# <colnr> <probs for GDERKNQSTAVLIFYWHMCP>
#	G	D	E	R	K	N	Q	S	T	A	V	L	I	F	Y	W	H	M	C	P
0	0.05733	0.03676	0.01206	0.01084	0.01231	0.00978	0.00798	0.01516	0.01374	0.10540	0.06651	0.30154	0.03111	0.13435	0.03932	0.04038	0.08044	0.01254	0.00572	0.00674
1	0.05510	0.01357	0.01477	0.01287	0.01602	0.07545	0.01016	0.14408	0.01878	0.12423	0.07371	0.08298	0.02114	0.02136	0.18774	0.00453	0.04446	0.00812	0.03772	0.03322
2	0.06525	0.03794	0.02254	0.29056	0.19252	0.01660	0.04764	0.05457	0.10340	0.02345	0.01675	0.02318	0.01378	0.00810	0.00712	0.00233	0.00827	0.05234	0.00431	0.00936
3	0.01599	0.01716	0.07111	0.05506	0.33506	0.07486	0.04672	0.02086	0.05126	0.02355	0.14758	0.06735	0.02422	0.00916	0.00743	0.00221	0.00780	0.00837	0.00469	0.00956
4	0.18535	0.01662	0.12806	0.17459	0.05744	0.03669	0.01438	0.02128	0.01576	0.11850	0.11496	0.02322	0.01924	0.03590	0.00773	0.00241	0.00740	0.00679	0.00494	0.00873
5	0.01945	0.01571	0.01741	0.01616	0.05636	0.08538	0.03138	0.11383	0.19447	0.11010	0.02773	0.10437	0.07523	0.01151	0.00869	0.00241	0.05832	0.03550	0.00631	0.00969

[dist]
# distance from previous block
# <min> <max>
8	15

[block]
# block no. 1 follows, 29 sequences, length 6
# corresponding to MSA columns:
# 92-97
name=unknown_B
#
# <colnr> <probs for GDERKNQSTAVLIFYWHMCP>
#	G	D	E	R	K	N	Q	S	T	A	V	L	I	F	Y	W	H	M	C	P
0	0.01854	0.01567	0.05812	0.01577	0.06369	0.01504	0.01235	0.29285	0.05140	0.03254	0.12304	0.10957	0.02627	0.01126	0.00753	0.00224	0.00654	0.05210	0.00640	0.07909
1	0.01592	0.04881	0.07820	0.09686	0.25894	0.03482	0.06208	0.02096	0.06280	0.05435	0.02507	0.08021	0.11124	0.00964	0.00736	0.00226	0.00775	0.00866	0.00461	0.00947
2	0.01717	0.01802	0.07173	0.21308	0.33970	0.06828	0.01936	0.07065	0.01749	0.02347	0.06084	0.01986	0.01444	0.00738	0.00710	0.00218	0.00879	0.00659	0.00398	0.00988
3	0.04880	0.05817	0.07712	0.14197	0.02169	0.06603	0.01246	0.01841	0.03762	0.05201	0.16644	0.10246	0.02883	0.06250	0.01015	0.00267	0.04165	0.03805	0.00520	0.00774
4	0.01422	0.01594	0.12090	0.10058	0.14216	0.01295	0.01452	0.06254	0.06480	0.02405	0.09353	0.05542	0.14681	0.01029	0.00730	0.00217	0.00676	0.00881	0.00508	0.09118
5	0.01616	0.01304	0.01753	0.08009	0.18175	0.01387	0.01263	0.15789	0.06786	0.02490	0.02152	0.14228	0.02122	0.18103	0.01414	0.00339	0.00715	0.00965	0.00521	0.00868

[dist]
# distance from previous block
# <min> <max>
0	1

[block]
# block no. 2 follows, 29 sequences, length 12
# corresponding to MSA columns:
# 99-110
name=unknown_C
#
# <colnr> <probs for GDERKNQSTAVLIFYWHMCP>
#	G	D	E	R	K	N	Q	S	T	A	V	L	I	F	Y	W	H	M	C	P
0	0.01246	0.00944	0.01121	0.08540	0.01589	0.00928	0.00840	0.04933	0.07645	0.06566	0.17916	0.05138	0.37005	0.01444	0.00803	0.00234	0.00472	0.01217	0.00670	0.00749
1	0.01477	0.01216	0.01406	0.01142	0.01636	0.01069	0.00919	0.02116	0.14302	0.02438	0.01992	0.02697	0.01743	0.00832	0.00627	0.00166	0.00540	0.09734	0.05286	0.48662
2	0.01391	0.01305	0.02157	0.65536	0.08796	0.01598	0.01949	0.01937	0.04729	0.01907	0.01349	0.01927	0.01020	0.00719	0.00712	0.00236	0.00924	0.00641	0.00338	0.00828
3	0.02195	0.05941	0.01587	0.01188	0.01592	0.04478	0.00969	0.25822	0.02259	0.13499	0.02042	0.02130	0.01501	0.00829	0.00611	0.00191	0.00602	0.00637	0.30963	0.00964
4	0.06266	0.01799	0.02064	0.13118	0.04879	0.02024	0.01433	0.46732	0.08281	0.03800	0.01688	0.01791	0.01223	0.00824	0.00699	0.00220	0.00782	0.00640	0.00624	0.01112
5	0.14652	0.04205	0.05998	0.03614	0.02007	0.08214	0.01236	0.29298	0.05848	0.03369	0.11196	0.02111	0.01902	0.00874	0.00667	0.00212	0.00733	0.00663	0.00592	0.02610
6	0.02368	0.01969	0.06264	0.01838	0.08364	0.01975	0.01441	0.48004	0.06310	0.03855	0.01666	0.01727	0.01219	0.00796	0.00691	0.00204	0.00767	0.00619	0.00626	0.09298
7	0.02405	0.05273	0.02062	0.01524	0.02083	0.04906	0.01253	0.47098	0.08390	0.03794	0.01683	0.01709	0.01241	0.00798	0.00671	0.00196	0.00746	0.00602	0.00637	0.12928
8	0.05499	0.08976	0.04629	0.01681	0.02156	0.37692	0.01367	0.21696	0.05199	0.02660	0.01347	0.01457	0.01050	0.00763	0.00644	0.00195	0.01027	0.00519	0.00478	0.00964
9	0.09459	0.06174	0.01944	0.01450	0.01970	0.08039	0.01185	0.35355	0.09537	0.03483	0.03779	0.01772	0.01383	0.00802	0.00648	0.00198	0.00735	0.00597	0.00600	0.10890
10	0.09297	0.07019	0.02078	0.01554	0.02072	0.11128	0.01273	0.42771	0.09805	0.03674	0.01645	0.01668	0.01216	0.00818	0.00664	0.00209	0.00803	0.00595	0.00618	0.01094
11	0.22388	0.07160	0.11235	0.01435	0.01985	0.07630	0.01308	0.22752	0.07609	0.03205	0.05624	0.01760	0.01424	0.00799	0.00622	0.00213	0.00754	0.00579	0.00534	0.00983

[dist]
# distance from previous block
# <min> <max>
2	12

[block]
# block no. 3 follows, 29 sequences, length 33
# corresponding to MSA columns:
# 123-155
name=unknown_D
#
# <colnr> <probs for GDERKNQSTAVLIFYWHMCP>
#	G	D	E	R	K	N	Q	S	T	A	V	L	I	F	Y	W	H	M	C	P
0	0.10521	0.19008	0.08612	0.02203	0.16872	0.06765	0.08870	0.06000	0.04806	0.05512	0.01368	0.01574	0.01080	0.00674	0.00623	0.00200	0.00843	0.00555	0.00412	0.03503
1	0.04293	0.01745	0.03074	0.02706	0.15452	0.01754	0.32838	0.05265	0.17444	0.05270	0.01811	0.02050	0.01366	0.00715	0.00766	0.00233	0.00926	0.00767	0.00480	0.01044
2	0.09690	0.12392	0.13125	0.02324	0.22002	0.05868	0.01669	0.07449	0.07115	0.09530	0.01535	0.01683	0.01170	0.00714	0.00639	0.00208	0.00811	0.00570	0.00458	0.01048
3	0.01727	0.01760	0.05338	0.06333	0.51948	0.01706	0.09795	0.02326	0.07547	0.02358	0.01483	0.01855	0.01200	0.00664	0.00722	0.00219	0.00874	0.00670	0.00383	0.01094
4	0.01892	0.01398	0.01645	0.01603	0.07592	0.01522	0.01150	0.03305	0.45242	0.13129	0.10915	0.02869	0.02575	0.00985	0.00736	0.00234	0.00566	0.00836	0.00724	0.01085
5	0.01530	0.01433	0.05375	0.01135	0.01789	0.01046	0.00966	0.04854	0.01564	0.02416	0.01287	0.01489	0.01053	0.00551	0.00544	0.00117	0.00568	0.00438	0.00428	0.71418
6	0.01036	0.00690	0.00777	0.00777	0.00777	0.00690	0.00431	0.01036	0.01036	0.01381	0.02244	0.04660	0.02589	0.74975	0.03624	0.00690	0.00690	0.01036	0.00431	0.00431
7	0.80005	0.01377	0.01047	0.00936	0.01377	0.01597	0.00771	0.02093	0.01212	0.03195	0.00991	0.01157	0.00771	0.00661	0.00441	0.00220	0.00551	0.00386	0.00441	0.00771
8	0.01017	0.00763	0.01144	0.01144	0.01272	0.00890	0.00890	0.01272	0.01144	0.01653	0.01907	0.02797	0.01780	0.05340	0.72153	0.01144	0.01907	0.00763	0.00381	0.00636
9	0.02084	0.01811	0.01778	0.01531	0.01972	0.08094	0.01206	0.19814	0.46814	0.03247	0.02442	0.02298	0.01822	0.00918	0.00714	0.00229	0.00682	0.00733	0.00690	0.01121
10	0.01345	0.01266	0.02136	0.73264	0.04904	0.01582	0.01978	0.01819	0.01424	0.01819	0.01266	0.01898	0.00949	0.00712	0.00712	0.00237	0.00949	0.00633	0.00316	0.00791
11	0.01762	0.01692	0.02890	0.04371	0.70533	0.01692	0.02185	0.02185	0.01621	0.02326	0.01339	0.01762	0.01128	0.00634	0.00705	0.00211	0.00846	0.00634	0.00352	0.01128
12	0.01904	0.75404	0.03731	0.01218	0.01828	0.02818	0.01218	0.02132	0.01447	0.01675	0.00990	0.01142	0.00914	0.00609	0.00457	0.00152	0.00761	0.00381	0.00305	0.00914
13	0.01008	0.00728	0.00952	0.00896	0.01064	0.00672	0.00672	0.01344	0.02016	0.02855	0.70158	0.05319	0.06719	0.01456	0.00840	0.00224	0.00336	0.01288	0.00784	0.00672
14	0.00861	0.00647	0.00798	0.00918	0.01014	0.00585	0.00629	0.01000	0.01434	0.01846	0.04815	0.56197	0.22449	0.02115	0.00891	0.00276	0.00399	0.01883	0.00661	0.00585
15	0.00874	0.00629	0.00818	0.00966	0.01017	0.00585	0.00643	0.00995	0.01363	0.01804	0.04039	0.67315	0.08443	0.05580	0.01031	0.00305	0.00423	0.01948	0.00650	0.00573
16	0.00842	0.00721	0.00721	0.00721	0.00962	0.00601	0.00541	0.01022	0.01623	0.01924	0.07213	0.06853	0.70244	0.01803	0.00842	0.00240	0.00361	0.01503	0.00661	0.00601
17	0.76570	0.04633	0.01165	0.00949	0.01397	0.01651	0.00791	0.02095	0.01222	0.03128	0.00991	0.01156	0.00777	0.00659	0.00441	0.00217	0.00560	0.00385	0.00435	0.00777
18	0.00943	0.00678	0.00894	0.00940	0.01049	0.00628	0.00667	0.01180	0.01713	0.02374	0.39420	0.37430	0.05786	0.01815	0.00872	0.00254	0.00372	0.01630	0.00727	0.00628
19	0.80005	0.01377	0.01047	0.00936	0.01377	0.01597	0.00771	0.02093	0.01212	0.03195	0.00991	0.01157	0.00771	0.00661	0.00441	0.00220	0.00551	0.00386	0.00441	0.00771
20	0.00998	0.00727	0.00938	0.00886	0.01058	0.00668	0.00664	0.01325	0.01993	0.02801	0.66478	0.05409	0.10433	0.01476	0.00840	0.00225	0.00337	0.01300	0.00777	0.00668
21	0.01771	0.01530	0.01610	0.01449	0.01852	0.01771	0.01127	0.03784	0.69247	0.02979	0.02898	0.02657	0.02174	0.00966	0.00725	0.00242	0.00564	0.00805	0.00725	0.01127
22	0.06959	0.00848	0.01063	0.00994	0.01215	0.00797	0.00735	0.01743	0.01693	0.17568	0.26078	0.22520	0.04257	0.08960	0.01086	0.00288	0.00467	0.01266	0.00713	0.00749
23	0.04392	0.00715	0.00886	0.00957	0.01066	0.00675	0.00654	0.01239	0.01404	0.06912	0.05985	0.49408	0.09021	0.11739	0.01231	0.00329	0.00464	0.01664	0.00641	0.00618
24	0.80005	0.01377	0.01047	0.00936	0.01377	0.01597	0.00771	0.02093	0.01212	0.03195	0.00991	0.01157	0.00771	0.00661	0.00441	0.00220	0.00551	0.00386	0.00441	0.00771
25	0.00915	0.00727	0.00837	0.00823	0.01020	0.00660	0.00615	0.01137	0.01640	0.02108	0.22559	0.05852	0.42443	0.05067	0.10065	0.00370	0.00565	0.01334	0.00648	0.00617
26	0.72518	0.01361	0.01106	0.00969	0.01420	0.01544	0.00798	0.02227	0.01292	0.09807	0.01169	0.01280	0.00868	0.00682	0.00468	0.00220	0.00556	0.00418	0.00484	0.00814
27	0.00868	0.00620	0.00826	0.00991	0.01033	0.00578	0.00661	0.00991	0.01363	0.01818	0.03925	0.74510	0.04710	0.02231	0.00909	0.00289	0.00413	0.02024	0.00661	0.00578
28	0.01690	0.02126	0.17801	0.03860	0.55828	0.01684	0.02282	0.02201	0.01596	0.02311	0.01326	0.01706	0.01079	0.00644	0.00699	0.00215	0.00891	0.00611	0.00341	0.01111
29	0.02621	0.01952	0.02089	0.01621	0.02176	0.02168	0.01333	0.62281	0.09365	0.04350	0.01818	0.01796	0.01299	0.00865	0.00713	0.00216	0.00763	0.00656	0.00713	0.01203
30	0.80005	0.01377	0.01047	0.00936	0.01377	0.01597	0.00771	0.02093	0.01212	0.03195	0.00991	0.01157	0.00771	0.00661	0.00441	0.00220	0.00551	0.00386	0.00441	0.00771
31	0.00868	0.00620	0.00826	0.00991	0.01033	0.00578	0.00661	0.00991	0.01363	0.01818	0.03925	0.74510	0.04710	0.02231	0.00909	0.00289	0.00413	0.02024	0.00661	0.00578
32	0.01428	0.03683	0.71286	0.02030	0.03082	0.01654	0.02631	0.02255	0.01503	0.02255	0.01278	0.01503	0.00902	0.00677	0.00677	0.00226	0.01052	0.00526	0.00301	0.01052

[dist]
# distance from previous block
# <min> <max>
0	11

[block]
# block no. 4 follows, 29 sequences, length 77
# corresponding to MSA columns:
# 167-243
name=unknown_E
#
# <colnr> <probs for GDERKNQSTAVLIFYWHMCP>
#	G	D	E	R	K	N	Q	S	T	A	V	L	I	F	Y	W	H	M	C	P
0	0.01015	0.00709	0.00906	0.00921	0.00968	0.00749	0.00608	0.01112	0.01101	0.01511	0.02274	0.10074	0.02497	0.44921	0.26766	0.00810	0.01081	0.01028	0.00434	0.00514
1	0.01688	0.00859	0.01129	0.01012	0.01257	0.00779	0.00754	0.01921	0.01771	0.24260	0.27808	0.15485	0.04195	0.12341	0.01226	0.00303	0.00487	0.01187	0.00743	0.00794
2	0.80005	0.01377	0.01047	0.00936	0.01377	0.01597	0.00771	0.02093	0.01212	0.03195	0.00991	0.01157	0.00771	0.00661	0.00441	0.00220	0.00551	0.00386	0.00441	0.00771
3	0.01005	0.00724	0.00929	0.00885	0.01032	0.00682	0.00645	0.01286	0.01825	0.02561	0.55131	0.05167	0.08484	0.11476	0.04787	0.00333	0.00463	0.01236	0.00712	0.00635
4	0.01904	0.75404	0.03731	0.01218	0.01828	0.02818	0.01218	0.02132	0.01447	0.01675	0.00990	0.01142	0.00914	0.00609	0.00457	0.00152	0.00761	0.00381	0.00305	0.00914
5	0.01664	0.01377	0.01577	0.01144	0.01767	0.01141	0.00921	0.11913	0.01762	0.02651	0.01333	0.01512	0.01079	0.00577	0.00556	0.00122	0.00566	0.00455	0.00466	0.67416
6	0.00882	0.00630	0.00842	0.01008	0.01055	0.00590	0.00685	0.01016	0.01377	0.01833	0.03917	0.71177	0.04679	0.02218	0.00913	0.00291	0.00425	0.05219	0.00661	0.00582
7	0.01681	0.01921	0.04202	0.03001	0.03721	0.01801	0.67947	0.02281	0.01681	0.02281	0.01441	0.01921	0.01080	0.00600	0.00840	0.00240	0.01200	0.00840	0.00360	0.00960
8	0.03195	0.01212	0.01652	0.01267	0.01818	0.01047	0.01047	0.03470	0.02038	0.71026	0.02809	0.02424	0.01763	0.00881	0.00716	0.00220	0.00606	0.00716	0.00881	0.01212
9	0.80005	0.01377	0.01047	0.00936	0.01377	0.01597	0.00771	0.02093	0.01212	0.03195	0.00991	0.01157	0.00771	0.00661	0.00441	0.00220	0.00551	0.00386	0.00441	0.00771
10	0.02660	0.03394	0.02018	0.01834	0.02201	0.72116	0.01376	0.02843	0.02018	0.01743	0.01101	0.01284	0.00917	0.00734	0.00642	0.00183	0.01284	0.00459	0.00367	0.00825
11	0.01359	0.00806	0.01064	0.00955	0.01185	0.00732	0.00732	0.01685	0.02019	0.13797	0.59348	0.04854	0.05923	0.01364	0.00820	0.00223	0.00379	0.01196	0.00799	0.00759
12	0.01008	0.00728	0.00952	0.00896	0.01064	0.00672	0.00672	0.01344	0.02016	0.02855	0.70158	0.05319	0.06719	0.01456	0.00840	0.00224	0.00336	0.01288	0.00784	0.00672
13	0.01667	0.02014	0.07760	0.02950	0.03688	0.01793	0.64483	0.02280	0.01671	0.02280	0.01432	0.01899	0.01071	0.00604	0.00832	0.00239	0.01193	0.00824	0.00357	0.00965
14	0.00875	0.00625	0.00833	0.00986	0.01034	0.00583	0.00662	0.01010	0.01398	0.01873	0.07438	0.70840	0.04816	0.02190	0.00905	0.00286	0.00409	0.01985	0.00668	0.00583
15	0.00963	0.00719	0.00894	0.00865	0.01040	0.00651	0.00643	0.01252	0.01889	0.02588	0.52332	0.10227	0.20151	0.01581	0.00845	0.00232	0.00346	0.01382	0.00750	0.00651
16	0.00899	0.00643	0.00858	0.00997	0.01060	0.00602	0.00688	0.01059	0.01456	0.01958	0.11814	0.62774	0.04917	0.02125	0.00905	0.00283	0.00417	0.05278	0.00675	0.00594
17	0.01008	0.00728	0.00952	0.00896	0.01064	0.00672	0.00672	0.01344	0.02016	0.02855	0.70158	0.05319	0.06719	0.01456	0.00840	0.00224	0.00336	0.01288	0.00784	0.00672
18	0.00868	0.00620	0.00826	0.00991	0.01033	0.00578	0.00661	0.00991	0.01363	0.01818	0.03925	0.74510	0.04710	0.02231	0.00909	0.00289	0.00413	0.02024	0.00661	0.00578
19	0.80005	0.01377	0.01047	0.00936	0.01377	0.01597	0.00771	0.02093	0.01212	0.03195	0.00991	0.01157	0.00771	0.00661	0.00441	0.00220	0.00551	0.00386	0.00441	0.00771
20	0.00886	0.00633	0.00848	0.01013	0.01062	0.00594	0.00693	0.01024	0.01382	0.01838	0.03914	0.70110	0.04669	0.02213	0.00914	0.00292	0.00429	0.06242	0.00661	0.00583
21	0.01771	0.01530	0.01610	0.01449	0.01852	0.01771	0.01127	0.03784	0.69247	0.02979	0.02898	0.02657	0.02174	0.00966	0.00725	0.00242	0.00564	0.00805	0.00725	0.01127
22	0.00940	0.00698	0.00876	0.00889	0.01037	0.00634	0.00645	0.01192	0.01771	0.02410	0.41095	0.23846	0.17894	0.01724	0.00858	0.00244	0.00361	0.01522	0.00729	0.00634
23	0.80005	0.01377	0.01047	0.00936	0.01377	0.01597	0.00771	0.02093	0.01212	0.03195	0.00991	0.01157	0.00771	0.00661	0.00441	0.00220	0.00551	0.00386	0.00441	0.00771
24	0.01237	0.00618	0.00928	0.00928	0.00928	0.00618	0.00618	0.00928	0.00928	0.01237	0.01237	0.02165	0.01237	0.02474	0.02783	0.79283	0.00618	0.00618	0.00309	0.00309
25	0.00850	0.00722	0.00734	0.00731	0.00967	0.00605	0.00548	0.01039	0.01644	0.01973	0.10552	0.06771	0.66875	0.01785	0.00841	0.00240	0.00359	0.01491	0.00668	0.00605
26	0.02463	0.01808	0.01951	0.01533	0.02026	0.01990	0.01240	0.58819	0.03048	0.04084	0.01895	0.06744	0.01543	0.06350	0.00938	0.00253	0.00752	0.00761	0.00688	0.01112
27	0.01833	0.01560	0.01645	0.01462	0.01875	0.01800	0.01142	0.08045	0.64885	0.03079	0.02820	0.02594	0.02110	0.00959	0.00724	0.00240	0.00578	0.00794	0.00724	0.01133
28	0.01017	0.00763	0.01144	0.01144	0.01272	0.00890	0.00890	0.01272	0.01144	0.01653	0.01907	0.02797	0.01780	0.05340	0.72153	0.01144	0.01907	0.00763	0.00381	0.00636
29	0.00889	0.00733	0.00788	0.00803	0.01029	0.00632	0.00621	0.01098	0.01654	0.02016	0.11402	0.06878	0.57918	0.01797	0.00858	0.00249	0.00393	0.08960	0.00670	0.00613
30	0.01034	0.00693	0.00788	0.00785	0.00796	0.00689	0.00447	0.01056	0.01100	0.01478	0.06739	0.04703	0.02862	0.70109	0.03440	0.00659	0.00667	0.01052	0.00455	0.00447
31	0.01345	0.01266	0.02136	0.73264	0.04904	0.01582	0.01978	0.01819	0.01424	0.01819	0.01266	0.01898	0.00949	0.00712	0.00712	0.00237	0.00949	0.00633	0.00316	0.00791
32	0.01008	0.00728	0.00952	0.00896	0.01064	0.00672	0.00672	0.01344	0.02016	0.02855	0.70158	0.05319	0.06719	0.01456	0.00840	0.00224	0.00336	0.01288	0.00784	0.00672
33	0.15146	0.01844	0.01930	0.01501	0.02049	0.02033	0.01240	0.53273	0.02918	0.08685	0.01667	0.01668	0.01177	0.00825	0.00669	0.00215	0.00734	0.00605	0.00680	0.01140
34	0.02662	0.03324	0.02024	0.01825	0.02202	0.68611	0.01375	0.06118	0.02085	0.01880	0.01131	0.01305	0.00932	0.00740	0.00646	0.00185	0.01259	0.00468	0.00384	0.00845
35	0.01762	0.01692	0.02890	0.04371	0.70533	0.01692	0.02185	0.02185	0.01621	0.02326	0.01339	0.01762	0.01128	0.00634	0.00705	0.00211	0.00846	0.00634	0.00352	0.01128
36	0.01484	0.12027	0.63427	0.01935	0.02936	0.01789	0.02467	0.02241	0.01497	0.02188	0.01244	0.01461	0.00903	0.00669	0.00651	0.00217	0.01019	0.00509	0.00301	0.01036
37	0.01147	0.00820	0.01147	0.01311	0.01475	0.00820	0.01147	0.01475	0.01639	0.02131	0.03770	0.08032	0.04098	0.01967	0.00984	0.00328	0.00656	0.65741	0.00656	0.00656
38	0.01771	0.01530	0.01610	0.01449	0.01852	0.01771	0.01127	0.03784	0.69247	0.02979	0.02898	0.02657	0.02174	0.00966	0.00725	0.00242	0.00564	0.00805	0.00725	0.01127
39	0.01017	0.00763	0.01144	0.01144	0.01272	0.00890	0.00890	0.01272	0.01144	0.01653	0.01907	0.02797	0.01780	0.05340	0.72153	0.01144	0.01907	0.00763	0.00381	0.00636
40	0.03195	0.01212	0.01652	0.01267	0.01818	0.01047	0.01047	0.03470	0.02038	0.71026	0.02809	0.02424	0.01763	0.00881	0.00716	0.00220	0.00606	0.00716	0.00881	0.01212
41	0.01684	0.01906	0.04102	0.02941	0.03649	0.01800	0.65365	0.02339	0.04292	0.02308	0.01497	0.01949	0.01123	0.00614	0.00836	0.00240	0.01176	0.00839	0.00374	0.00967
42	0.01681	0.01921	0.04202	0.03001	0.03721	0.01801	0.67947	0.02281	0.01681	0.02281	0.01441	0.01921	0.01080	0.00600	0.00840	0.00240	0.01200	0.00840	0.00360	0.00960
43	0.00867	0.00623	0.00823	0.00983	0.01030	0.00579	0.00657	0.00992	0.01372	0.01821	0.04031	0.72317	0.06834	0.02217	0.00907	0.00288	0.00411	0.02007	0.00661	0.00579
44	0.01326	0.01246	0.02084	0.70596	0.04759	0.01546	0.01925	0.01790	0.01431	0.01823	0.01484	0.02081	0.03498	0.00752	0.00717	0.00237	0.00928	0.00665	0.00329	0.00784
45	0.01904	0.75404	0.03731	0.01218	0.01828	0.02818	0.01218	0.02132	0.01447	0.01675	0.00990	0.01142	0.00914	0.00609	0.00457	0.00152	0.00761	0.00381	0.00305	0.00914
46	0.01017	0.00763	0.01144	0.01144	0.01272	0.00890	0.00890	0.01272	0.01144	0.01653	0.01907	0.02797	0.01780	0.05340	0.72153	0.01144	0.01907	0.00763	0.00381	0.00636
47	0.01446	0.03579	0.67699	0.02152	0.06619	0.01656	0.02608	0.02251	0.01510	0.02259	0.01281	0.01517	0.00914	0.00674	0.00678	0.00225	0.01042	0.00532	0.00303	0.01056
48	0.02242	0.17053	0.02294	0.04394	0.02099	0.12611	0.01284	0.32581	0.02426	0.03063	0.05115	0.01980	0.01504	0.01118	0.05007	0.00258	0.00902	0.02530	0.00543	0.00995
49	0.01793	0.01714	0.03063	0.04055	0.57694	0.01689	0.12705	0.02240	0.01644	0.04435	0.01401	0.01808	0.01140	0.00637	0.00727	0.00216	0.00895	0.00670	0.00370	0.01104
50	0.01122	0.00753	0.00989	0.00915	0.01103	0.00692	0.00692	0.01455	0.02017	0.06430	0.66626	0.05167	0.06459	0.01426	0.00833	0.00224	0.00350	0.01258	0.00789	0.00700
51	0.01147	0.00820	0.01147	0.01311	0.01475	0.00820	0.01147	0.01475	0.01639	0.02131	0.03770	0.08032	0.04098	0.01967	0.00984	0.00328	0.00656	0.65741	0.00656	0.00656
52	0.01548	0.02848	0.39486	0.02490	0.03385	0.01723	0.33593	0.02267	0.01587	0.02267	0.01355	0.01701	0.00987	0.00640	0.00754	0.00232	0.01123	0.00675	0.00329	0.01009
53	0.01762	0.01692	0.02890	0.04371	0.70533	0.01692	0.02185	0.02185	0.01621	0.02326	0.01339	0.01762	0.01128	0.00634	0.00705	0.00211	0.00846	0.00634	0.00352	0.01128
54	0.01345	0.01266	0.02136	0.73264	0.04904	0.01582	0.01978	0.01819	0.01424	0.01819	0.01266	0.01898	0.00949	0.00712	0.00712	0.00237	0.00949	0.00633	0.00316	0.00791
55	0.00867	0.00623	0.00823	0.00982	0.01030	0.00579	0.00657	0.00993	0.01372	0.01821	0.04035	0.72240	0.06909	0.02217	0.00907	0.00288	0.00411	0.02007	0.00661	0.00579
56	0.01462	0.08799	0.66467	0.01972	0.02992	0.01737	0.02530	0.02246	0.01499	0.02214	0.01257	0.01478	0.00903	0.00672	0.00661	0.00220	0.01032	0.00516	0.00301	0.01042
57	0.36413	0.01725	0.01662	0.01332	0.01846	0.01942	0.01100	0.39351	0.02416	0.03924	0.01396	0.01469	0.01019	0.00770	0.00594	0.00217	0.00682	0.00530	0.00594	0.01019
58	0.00868	0.00620	0.00826	0.00991	0.01033	0.00578	0.00661	0.00991	0.01363	0.01818	0.03925	0.74510	0.04710	0.02231	0.00909	0.00289	0.00413	0.02024	0.00661	0.00578
59	0.01956	0.01621	0.01714	0.01486	0.01922	0.01857	0.01172	0.16484	0.56246	0.03276	0.02664	0.02470	0.01984	0.00944	0.00722	0.00236	0.00607	0.00773	0.00722	0.01144
60	0.01428	0.03683	0.71286	0.02030	0.03082	0.01654	0.02631	0.02255	0.01503	0.02255	0.01278	0.01503	0.00902	0.00677	0.00677	0.00226	0.01052	0.00526	0.00301	0.01052
61	0.03195	0.01212	0.01652	0.01267	0.01818	0.01047	0.01047	0.03470	0.02038	0.71026	0.02809	0.02424	0.01763	0.00881	0.00716	0.00220	0.00606	0.00716	0.00881	0.01212
62	0.01446	0.03579	0.67699	0.02152	0.06619	0.01656	0.02608	0.02251	0.01510	0.02259	0.01281	0.01517	0.00914	0.00674	0.00678	0.00225	0.01042	0.00532	0.00303	0.01056
63	0.00865	0.00630	0.00815	0.00963	0.01025	0.00581	0.00648	0.00995	0.01391	0.01829	0.04275	0.67313	0.11681	0.02185	0.00902	0.00284	0.00408	0.01969	0.00661	0.00581
64	0.01529	0.02748	0.40146	0.02237	0.03083	0.01598	0.24626	0.02219	0.01625	0.04369	0.07494	0.02012	0.01505	0.00726	0.00748	0.00230	0.01026	0.00706	0.00381	0.00992
65	0.02554	0.01070	0.01447	0.01158	0.01597	0.00937	0.00937	0.02847	0.02031	0.51063	0.22532	0.03272	0.03214	0.01050	0.00752	0.00221	0.00527	0.00883	0.00853	0.01054
66	0.00868	0.00620	0.00826	0.00991	0.01033	0.00578	0.00661	0.00991	0.01363	0.01818	0.03925	0.74510	0.04710	0.02231	0.00909	0.00289	0.00413	0.02024	0.00661	0.00578
67	0.00917	0.00661	0.00877	0.01025	0.01101	0.00622	0.00733	0.01084	0.01447	0.01914	0.06634	0.57578	0.08165	0.02136	0.00915	0.00290	0.00446	0.12195	0.00665	0.00596
68	0.01612	0.03373	0.61892	0.01991	0.02982	0.01600	0.04955	0.02376	0.01563	0.09019	0.01435	0.01610	0.00993	0.00694	0.00687	0.00226	0.01014	0.00557	0.00360	0.01065
69	0.01653	0.02116	0.11639	0.02893	0.03651	0.01784	0.60706	0.02278	0.01661	0.02278	0.01423	0.01874	0.01061	0.00609	0.00822	0.00238	0.01184	0.00806	0.00354	0.00971
70	0.01008	0.00728	0.00952	0.00896	0.01064	0.00672	0.00672	0.01344	0.02016	0.02855	0.70158	0.05319	0.06719	0.01456	0.00840	0.00224	0.00336	0.01288	0.00784	0.00672
71	0.01519	0.17403	0.58363	0.01874	0.02842	0.01876	0.02361	0.02232	0.01493	0.02144	0.01223	0.01434	0.00904	0.00664	0.00635	0.00212	0.00997	0.00498	0.00301	0.01026
72	0.01428	0.03683	0.71286	0.02030	0.03082	0.01654	0.02631	0.02255	0.01503	0.02255	0.01278	0.01503	0.00902	0.00677	0.00677	0.00226	0.01052	0.00526	0.00301	0.01052
73	0.01446	0.06406	0.68721	0.01999	0.03034	0.01698	0.02577	0.02250	0.01501	0.02233	0.01267	0.01490	0.00902	0.00674	0.00668	0.00223	0.01041	0.00521	0.00301	0.01047
74	0.01762	0.01692	0.02890	0.04371	0.70533	0.01692	0.02185	0.02185	0.01621	0.02326	0.01339	0.01762	0.01128	0.00634	0.00705	0.00211	0.00846	0.00634	0.00352	0.01128
75	0.01684	0.01485	0.02173	0.42468	0.05768	0.01738	0.05185	0.13572	0.13871	0.02522	0.01644	0.01998	0.01225	0.00774	0.00721	0.00233	0.00862	0.00676	0.00460	0.00942
76	0.01568	0.01473	0.02470	0.42450	0.10617	0.01682	0.11820	0.08099	0.03563	0.02215	0.01453	0.04031	0.01156	0.00773	0.00797	0.00237	0.03610	0.00711	0.00385	0.00891

[dist]
# distance from previous block
# <min> <max>
0	8

# created by:
# /st0/software/busco_prod/Augustus/scripts/msa2prfl.pl ./align_prep/177493.fa
