[name]
unknown

[dist]
# distance from previous block
# <min> <max>
0	32

[block]
# block no. 0 follows, 27 sequences, length 11
# corresponding to MSA columns:
# 32-42
name=unknown_A
#
# <colnr> <probs for GDERKNQSTAVLIFYWHMCP>
#	G	D	E	R	K	N	Q	S	T	A	V	L	I	F	Y	W	H	M	C	P
0	0.01196	0.00854	0.01196	0.01367	0.01538	0.00854	0.01196	0.01538	0.01709	0.02222	0.03931	0.08374	0.04272	0.02051	0.01025	0.00342	0.00684	0.64283	0.00684	0.00684
1	0.01407	0.00838	0.01106	0.00994	0.01232	0.00761	0.00761	0.01747	0.02105	0.13412	0.58587	0.05074	0.06198	0.01424	0.00855	0.00233	0.00394	0.01249	0.00833	0.00788
2	0.01593	0.01448	0.02324	0.56983	0.12741	0.01727	0.02025	0.08234	0.01704	0.02231	0.01374	0.01943	0.01039	0.00747	0.00741	0.00242	0.00960	0.00661	0.00374	0.00910
3	0.15675	0.00987	0.01167	0.07885	0.01614	0.01008	0.00856	0.01786	0.01540	0.13021	0.09378	0.17742	0.08586	0.14040	0.01288	0.00334	0.00581	0.01139	0.00620	0.00751
4	0.14656	0.02076	0.01971	0.01572	0.02104	0.09490	0.01280	0.47083	0.02911	0.04079	0.01625	0.01687	0.01186	0.00845	0.00681	0.00218	0.00815	0.00607	0.03988	0.01123
5	0.01473	0.01455	0.06415	0.26209	0.19362	0.01430	0.01728	0.04525	0.01653	0.02228	0.06108	0.03297	0.05413	0.08215	0.01082	0.00294	0.00836	0.06948	0.00449	0.00878
6	0.01711	0.01548	0.10464	0.01674	0.10095	0.01256	0.01292	0.08795	0.07350	0.11221	0.15630	0.03830	0.17368	0.01234	0.00854	0.02446	0.00631	0.00998	0.00654	0.00952
7	0.00946	0.00692	0.00892	0.00994	0.01095	0.00638	0.00699	0.01139	0.01614	0.02160	0.18757	0.48291	0.12519	0.02086	0.00927	0.00283	0.00418	0.04503	0.00717	0.00631
8	0.01061	0.00760	0.00977	0.01097	0.01185	0.00740	0.00770	0.05333	0.01566	0.02084	0.03854	0.60187	0.04524	0.05248	0.01061	0.00318	0.00490	0.07417	0.00682	0.00646
9	0.01785	0.01753	0.03118	0.10701	0.54748	0.01768	0.10636	0.02256	0.01679	0.02370	0.01403	0.01872	0.01152	0.00664	0.00754	0.00227	0.00940	0.00689	0.00365	0.01120
10	0.01985	0.36644	0.15627	0.01944	0.10984	0.05556	0.01690	0.08871	0.06065	0.02332	0.01344	0.01513	0.01096	0.00707	0.00606	0.00195	0.00876	0.00519	0.00397	0.01050

[dist]
# distance from previous block
# <min> <max>
0	9

[block]
# block no. 1 follows, 27 sequences, length 18
# corresponding to MSA columns:
# 52-69
name=unknown_B
#
# <colnr> <probs for GDERKNQSTAVLIFYWHMCP>
#	G	D	E	R	K	N	Q	S	T	A	V	L	I	F	Y	W	H	M	C	P
0	0.01097	0.00762	0.00894	0.00900	0.01081	0.00682	0.00648	0.01286	0.01652	0.06189	0.15960	0.19611	0.31087	0.11309	0.01268	0.00321	0.00453	0.03457	0.00693	0.00651
1	0.04792	0.09065	0.02128	0.01631	0.02104	0.28545	0.01300	0.17626	0.11886	0.08883	0.01750	0.01781	0.01320	0.00832	0.00677	0.00208	0.00945	0.00595	0.02895	0.01036
2	0.01897	0.01854	0.02791	0.04014	0.56743	0.06109	0.02089	0.02528	0.09918	0.02471	0.01582	0.01922	0.01297	0.00711	0.00733	0.00223	0.00874	0.00672	0.00416	0.01156
3	0.01864	0.01575	0.01749	0.01684	0.06162	0.01783	0.01228	0.09749	0.51947	0.03116	0.02886	0.08445	0.02317	0.01083	0.00769	0.00251	0.00616	0.00916	0.00724	0.01136
4	0.00903	0.00653	0.00854	0.01016	0.01072	0.00604	0.00681	0.01036	0.01438	0.01902	0.04309	0.69228	0.08968	0.02298	0.00943	0.00298	0.00427	0.02076	0.00689	0.00604
5	0.02239	0.01596	0.01794	0.01478	0.01906	0.01728	0.01181	0.42815	0.02784	0.06512	0.06283	0.15940	0.02375	0.01549	0.05940	0.00310	0.00793	0.00999	0.00719	0.01058
6	0.01621	0.20180	0.50506	0.01982	0.02950	0.02017	0.06400	0.02323	0.01565	0.02212	0.01273	0.01507	0.00955	0.00684	0.00663	0.00218	0.01036	0.00534	0.00318	0.01057
7	0.00958	0.00791	0.00896	0.06022	0.01295	0.00734	0.00679	0.01145	0.01554	0.01895	0.05945	0.06161	0.49883	0.12858	0.05627	0.00379	0.00572	0.01379	0.00609	0.00617
8	0.00922	0.00658	0.00881	0.01054	0.01104	0.00618	0.00719	0.01064	0.01438	0.01915	0.04082	0.69555	0.04872	0.02309	0.00952	0.00304	0.00446	0.05810	0.00689	0.00608
9	0.01051	0.00759	0.00992	0.00934	0.01109	0.00700	0.00700	0.01401	0.02101	0.02977	0.68888	0.05545	0.07005	0.01518	0.00876	0.00233	0.00350	0.01343	0.00817	0.00700
10	0.01384	0.00692	0.00692	0.00692	0.00865	0.00692	0.00519	0.01730	0.01557	0.02768	0.02422	0.02768	0.01903	0.00865	0.00519	0.00173	0.00346	0.00692	0.78031	0.00692
11	0.01539	0.01319	0.01539	0.01100	0.01759	0.00990	0.00880	0.01869	0.01539	0.02419	0.01319	0.01539	0.01100	0.00550	0.00550	0.00110	0.00550	0.00440	0.00440	0.78449
12	0.00904	0.00646	0.00861	0.01034	0.01077	0.00603	0.00689	0.01034	0.01421	0.01895	0.04092	0.73426	0.04910	0.02326	0.00948	0.00301	0.00431	0.02110	0.00689	0.00603
13	0.02773	0.02055	0.02200	0.01698	0.02284	0.02279	0.01399	0.63654	0.06720	0.04600	0.01844	0.01832	0.01313	0.00897	0.00743	0.00224	0.00805	0.00677	0.00743	0.01258
14	0.01805	0.01731	0.02956	0.09512	0.64574	0.01755	0.02262	0.02250	0.01675	0.02387	0.01391	0.01848	0.01162	0.00667	0.00735	0.00222	0.00890	0.00661	0.00365	0.01150
15	0.01836	0.02129	0.04193	0.03029	0.03749	0.07576	0.61207	0.02426	0.01781	0.02332	0.01473	0.01948	0.01112	0.00637	0.00859	0.00245	0.01259	0.00843	0.00376	0.00990
16	0.01635	0.01316	0.01549	0.01111	0.01767	0.00995	0.00891	0.01963	0.01571	0.06033	0.01406	0.01592	0.01139	0.00570	0.00560	0.00116	0.00554	0.00456	0.00466	0.74308
17	0.00904	0.00646	0.00861	0.01034	0.01077	0.00603	0.00689	0.01034	0.01421	0.01895	0.04092	0.73426	0.04910	0.02326	0.00948	0.00301	0.00431	0.02110	0.00689	0.00603

[dist]
# distance from previous block
# <min> <max>
0	1

[block]
# block no. 2 follows, 27 sequences, length 44
# corresponding to MSA columns:
# 71-114
name=unknown_C
#
# <colnr> <probs for GDERKNQSTAVLIFYWHMCP>
#	G	D	E	R	K	N	Q	S	T	A	V	L	I	F	Y	W	H	M	C	P
0	0.01402	0.01319	0.02227	0.72126	0.05113	0.01649	0.02062	0.01897	0.01484	0.01897	0.01319	0.01979	0.00990	0.00742	0.00742	0.00247	0.00990	0.00660	0.00330	0.00825
1	0.01050	0.00765	0.01006	0.01016	0.01098	0.00808	0.00713	0.01214	0.01329	0.01836	0.11384	0.15262	0.05756	0.26270	0.24336	0.00712	0.03136	0.01193	0.00525	0.00593
2	0.01509	0.00813	0.00826	0.00781	0.00990	0.00832	0.00597	0.07404	0.01725	0.02934	0.02366	0.02682	0.01847	0.00867	0.00538	0.00177	0.00387	0.00690	0.71292	0.00742
3	0.01504	0.03735	0.66315	0.02174	0.03251	0.01733	0.06386	0.02353	0.01578	0.02353	0.01342	0.01592	0.00951	0.00701	0.00715	0.00236	0.01106	0.00567	0.00317	0.01092
4	0.01876	0.02570	0.30874	0.03137	0.33345	0.01664	0.02326	0.02474	0.01693	0.10718	0.01559	0.01810	0.01159	0.00712	0.00724	0.00228	0.00941	0.00625	0.00413	0.01154
5	0.02088	0.01710	0.01816	0.01546	0.02020	0.01932	0.01225	0.20189	0.48667	0.03488	0.02635	0.02466	0.01961	0.00960	0.00744	0.00239	0.00646	0.00780	0.00740	0.04148
6	0.09954	0.02869	0.02119	0.02203	0.13207	0.47435	0.01478	0.02760	0.01934	0.04772	0.01254	0.01463	0.01018	0.00738	0.00658	0.00198	0.01132	0.00510	0.00411	0.03885
7	0.02740	0.02038	0.02182	0.01691	0.02271	0.02264	0.01391	0.61493	0.08936	0.04546	0.01887	0.01866	0.01347	0.00901	0.00744	0.00225	0.00798	0.00683	0.00744	0.01255
8	0.00904	0.00646	0.00861	0.01034	0.01077	0.00603	0.00689	0.01034	0.01421	0.01895	0.04092	0.73426	0.04910	0.02326	0.00948	0.00301	0.00431	0.02110	0.00689	0.00603
9	0.00906	0.00753	0.00791	0.00782	0.01020	0.00639	0.00586	0.01120	0.01759	0.02163	0.17490	0.06885	0.58910	0.01821	0.00877	0.00248	0.00372	0.01530	0.00710	0.00639
10	0.02822	0.02079	0.02228	0.01708	0.02302	0.02302	0.01411	0.66804	0.03490	0.04679	0.01782	0.01782	0.01262	0.00891	0.00743	0.00223	0.00817	0.00668	0.00743	0.01262
11	0.01985	0.74357	0.03890	0.01270	0.01905	0.02937	0.01270	0.02223	0.01508	0.01747	0.01032	0.01191	0.00953	0.00635	0.00476	0.00159	0.00794	0.00397	0.00318	0.00953
12	0.02767	0.01690	0.05114	0.01510	0.02080	0.01632	0.01279	0.21413	0.17240	0.33298	0.02551	0.02326	0.01729	0.00921	0.00745	0.00233	0.00696	0.00736	0.00804	0.01235
13	0.00877	0.00752	0.00752	0.00752	0.01003	0.00627	0.00564	0.01065	0.01692	0.02005	0.07520	0.07144	0.68978	0.01880	0.00877	0.00251	0.00376	0.01567	0.00689	0.00627
14	0.75520	0.01401	0.01072	0.00963	0.01409	0.01620	0.00791	0.02161	0.01277	0.03304	0.01099	0.01279	0.00855	0.00697	0.00462	0.00227	0.00564	0.00416	0.04084	0.00799
15	0.01051	0.00759	0.00992	0.00934	0.01109	0.00700	0.00700	0.01401	0.02101	0.02977	0.68888	0.05545	0.07005	0.01518	0.00876	0.00233	0.00350	0.01343	0.00817	0.00700
16	0.02856	0.02024	0.02194	0.01682	0.02275	0.02220	0.01389	0.62538	0.03398	0.09075	0.01860	0.01833	0.01301	0.00893	0.00743	0.00223	0.00804	0.00674	0.00755	0.01263
17	0.01073	0.00747	0.00948	0.00948	0.00996	0.00795	0.00623	0.01169	0.01121	0.01542	0.02212	0.04156	0.02394	0.49189	0.28083	0.00891	0.01179	0.00977	0.00431	0.00527
18	0.01539	0.01319	0.01539	0.01100	0.01759	0.00990	0.00880	0.01869	0.01539	0.02419	0.01319	0.01539	0.01100	0.00550	0.00550	0.00110	0.00550	0.00440	0.00440	0.78449
19	0.00886	0.00752	0.00764	0.00761	0.01008	0.00630	0.00571	0.01082	0.01712	0.02053	0.10508	0.07067	0.65961	0.01862	0.00877	0.00250	0.00375	0.01556	0.00696	0.00630
20	0.01537	0.01397	0.02270	0.06744	0.42659	0.01390	0.01720	0.01942	0.01801	0.02541	0.21586	0.03191	0.06118	0.00976	0.00784	0.00227	0.00707	0.00905	0.00514	0.00992
21	0.02121	0.62095	0.03581	0.01381	0.01973	0.14710	0.01299	0.02351	0.01611	0.01759	0.01052	0.01216	0.00953	0.00658	0.00510	0.00164	0.00888	0.00411	0.00329	0.00937
22	0.79154	0.01436	0.01091	0.00976	0.01436	0.01665	0.00804	0.02182	0.01263	0.03331	0.01034	0.01206	0.00804	0.00689	0.00459	0.00230	0.00574	0.00402	0.00459	0.00804
23	0.00905	0.00753	0.00790	0.00781	0.01020	0.00639	0.00586	0.01119	0.01758	0.02161	0.17339	0.06889	0.59063	0.01822	0.00877	0.00248	0.00372	0.01531	0.00710	0.00639
24	0.01539	0.01319	0.01539	0.01100	0.01759	0.00990	0.00880	0.01869	0.01539	0.02419	0.01319	0.01539	0.01100	0.00550	0.00550	0.00110	0.00550	0.00440	0.00440	0.78449
25	0.01524	0.00994	0.01219	0.14372	0.01862	0.01114	0.00954	0.07789	0.01682	0.02678	0.02068	0.02535	0.01645	0.03420	0.00805	0.00219	0.04645	0.00695	0.49010	0.00768
26	0.00904	0.00646	0.00861	0.01034	0.01077	0.00603	0.00689	0.01034	0.01421	0.01895	0.04092	0.73426	0.04910	0.02326	0.00948	0.00301	0.00431	0.02110	0.00689	0.00603
27	0.01160	0.00783	0.01027	0.00952	0.01147	0.00719	0.00719	0.01507	0.02103	0.06167	0.65739	0.05401	0.06758	0.01489	0.00869	0.00233	0.00364	0.01314	0.00822	0.00727
28	0.01539	0.01319	0.01539	0.01100	0.01759	0.00990	0.00880	0.01869	0.01539	0.02419	0.01319	0.01539	0.01100	0.00550	0.00550	0.00110	0.00550	0.00440	0.00440	0.78449
29	0.01925	0.01651	0.02229	0.12631	0.25373	0.06631	0.01697	0.02634	0.14777	0.09454	0.02044	0.05029	0.01690	0.00939	0.00855	0.00244	0.04910	0.03718	0.00522	0.01047
30	0.01942	0.68262	0.09609	0.01343	0.02018	0.02833	0.01398	0.02234	0.01514	0.01799	0.01058	0.01223	0.00952	0.00641	0.00496	0.00165	0.00820	0.00410	0.00317	0.00965
31	0.79154	0.01436	0.01091	0.00976	0.01436	0.01665	0.00804	0.02182	0.01263	0.03331	0.01034	0.01206	0.00804	0.00689	0.00459	0.00230	0.00574	0.00402	0.00459	0.00804
32	0.01816	0.01733	0.02910	0.07848	0.62801	0.01762	0.02215	0.02338	0.04843	0.02431	0.01470	0.01889	0.01218	0.00682	0.00736	0.00223	0.00873	0.00670	0.00384	0.01158
33	0.01005	0.00781	0.00821	0.00812	0.01073	0.00660	0.00624	0.01206	0.01712	0.05034	0.07111	0.07009	0.62298	0.01847	0.00880	0.00255	0.00405	0.05110	0.00699	0.00658
34	0.00906	0.00685	0.00841	0.00962	0.01071	0.00619	0.00670	0.01060	0.01511	0.01939	0.05101	0.51565	0.23854	0.02184	0.00929	0.00288	0.00423	0.04090	0.00689	0.00613
35	0.07683	0.26159	0.40222	0.01719	0.02593	0.02078	0.02041	0.02359	0.01552	0.05515	0.01291	0.01466	0.00978	0.00692	0.00615	0.00210	0.00937	0.00498	0.00355	0.01036
36	0.02129	0.08285	0.16976	0.01552	0.02156	0.05172	0.01487	0.10403	0.14697	0.16455	0.05357	0.05569	0.04552	0.00980	0.00731	0.00230	0.00766	0.00787	0.00630	0.01083
37	0.01878	0.51080	0.22714	0.01540	0.02296	0.05600	0.01698	0.02292	0.01552	0.01922	0.01123	0.01305	0.00949	0.00661	0.00550	0.00182	0.00905	0.00444	0.00319	0.00990
38	0.10060	0.43920	0.05453	0.01326	0.01889	0.05582	0.01248	0.02466	0.05355	0.09047	0.01404	0.01512	0.01137	0.00733	0.00611	0.00190	0.03474	0.00488	0.03136	0.00969
39	0.02381	0.19927	0.07143	0.01380	0.01959	0.05036	0.01246	0.05926	0.09317	0.26110	0.02513	0.02387	0.06835	0.00896	0.00676	0.00210	0.00720	0.00692	0.00636	0.04009
40	0.02107	0.04067	0.05352	0.01883	0.09151	0.04696	0.04254	0.18950	0.09049	0.10878	0.02380	0.12068	0.02098	0.01119	0.00779	0.00241	0.00762	0.05809	0.00636	0.03721
41	0.01979	0.11160	0.02558	0.02708	0.28651	0.10384	0.01648	0.09897	0.04865	0.02536	0.05533	0.02153	0.04498	0.00850	0.00803	0.00215	0.04991	0.00685	0.00464	0.03423
42	0.05813	0.04564	0.04269	0.02074	0.15102	0.01702	0.03824	0.14421	0.07361	0.02856	0.01794	0.01987	0.04227	0.00805	0.00800	0.00203	0.05921	0.00640	0.00502	0.21133
43	0.09641	0.33384	0.06214	0.01559	0.04987	0.10079	0.01349	0.05433	0.03884	0.12858	0.01471	0.01557	0.01144	0.00747	0.00639	0.00198	0.02862	0.00515	0.00468	0.01011

[dist]
# distance from previous block
# <min> <max>
0	25

# created by:
# /st0/software/busco_prod/Augustus/scripts/msa2prfl.pl ./align_prep/177652.fa
