[name]
unknown

[dist]
# distance from previous block
# <min> <max>
0	41

[block]
# block no. 0 follows, 29 sequences, length 22
# corresponding to MSA columns:
# 47-68
name=unknown_A
#
# <colnr> <probs for GDERKNQSTAVLIFYWHMCP>
#	G	D	E	R	K	N	Q	S	T	A	V	L	I	F	Y	W	H	M	C	P
0	0.01560	0.01455	0.02373	0.29178	0.05378	0.01519	0.15410	0.06617	0.05721	0.02300	0.01584	0.02220	0.01283	0.00752	0.00720	0.00216	0.00866	0.04559	0.00419	0.15871
1	0.01470	0.01282	0.01620	0.01230	0.01722	0.01147	0.03568	0.04112	0.01562	0.02360	0.08485	0.02083	0.03909	0.00772	0.00822	0.00158	0.09971	0.00596	0.00461	0.52671
2	0.01622	0.12101	0.45593	0.02316	0.13195	0.06042	0.05033	0.02266	0.01553	0.02165	0.01248	0.01503	0.00946	0.00662	0.00659	0.00212	0.01005	0.00534	0.00316	0.01029
3	0.00866	0.00624	0.00821	0.00979	0.01030	0.00579	0.00656	0.00993	0.01375	0.01823	0.04074	0.71435	0.07688	0.02211	0.00906	0.00287	0.00411	0.02001	0.00661	0.00579
4	0.01562	0.00887	0.01209	0.01097	0.01372	0.00783	0.03199	0.01787	0.01672	0.20247	0.12075	0.31941	0.11457	0.01567	0.00816	0.00244	0.00484	0.01387	0.00709	0.05505
5	0.02031	0.52291	0.11643	0.01377	0.02032	0.02487	0.01399	0.11127	0.01746	0.06292	0.01231	0.01340	0.01003	0.00667	0.00534	0.00174	0.00791	0.00454	0.00394	0.00989
6	0.01433	0.01422	0.02606	0.55488	0.07350	0.01633	0.16017	0.01933	0.01487	0.01938	0.01306	0.01898	0.00984	0.00685	0.00739	0.00237	0.00998	0.00677	0.00327	0.00841
7	0.00862	0.00722	0.00750	0.00743	0.00974	0.00610	0.00557	0.01061	0.01671	0.02037	0.14902	0.06665	0.62485	0.01761	0.00841	0.00238	0.00358	0.01477	0.00676	0.00610
8	0.02215	0.01586	0.01697	0.01376	0.01813	0.01742	0.01110	0.43936	0.09107	0.03795	0.02089	0.06511	0.01648	0.00945	0.00681	0.00211	0.00645	0.00747	0.17098	0.01049
9	0.04180	0.01387	0.02221	0.63775	0.04609	0.04152	0.06003	0.01895	0.01454	0.01894	0.01261	0.01851	0.00950	0.00704	0.00708	0.00235	0.00963	0.00631	0.00325	0.00802
10	0.00866	0.00626	0.00820	0.00975	0.01029	0.00580	0.00654	0.00993	0.01379	0.01824	0.04123	0.70439	0.08653	0.02205	0.00905	0.00286	0.00410	0.01993	0.00661	0.00580
11	0.00876	0.00626	0.00834	0.00985	0.01035	0.00584	0.00662	0.01014	0.01404	0.01883	0.08077	0.70172	0.04836	0.02182	0.00905	0.00285	0.00408	0.01978	0.00669	0.00584
12	0.00957	0.00750	0.00874	0.00880	0.01073	0.00684	0.00661	0.01267	0.04568	0.02271	0.26977	0.15177	0.33967	0.01721	0.00853	0.00247	0.00386	0.05337	0.00704	0.00647
13	0.00868	0.00620	0.00826	0.00991	0.01033	0.00578	0.00661	0.00991	0.01363	0.01818	0.03925	0.74510	0.04710	0.02231	0.00909	0.00289	0.00413	0.02024	0.00661	0.00578
14	0.24892	0.01730	0.02303	0.19300	0.02950	0.09743	0.17438	0.02118	0.01456	0.02318	0.01173	0.01579	0.00923	0.00728	0.00824	0.00235	0.08504	0.00589	0.00369	0.00829
15	0.01345	0.01266	0.02136	0.73264	0.04904	0.01582	0.01978	0.01819	0.01424	0.01819	0.01266	0.01898	0.00949	0.00712	0.00712	0.00237	0.00949	0.00633	0.00316	0.00791
16	0.01125	0.00840	0.01117	0.01045	0.01220	0.00880	0.00782	0.01338	0.01192	0.01761	0.01879	0.02942	0.01818	0.18698	0.40666	0.00809	0.03382	0.00758	0.05321	0.12427
17	0.02088	0.24061	0.05958	0.01613	0.02122	0.15789	0.06701	0.02778	0.17186	0.08794	0.01674	0.01743	0.01300	0.00776	0.00715	0.00204	0.04464	0.00582	0.00474	0.00978
18	0.03037	0.05936	0.01859	0.01323	0.01881	0.01341	0.01106	0.13692	0.02210	0.56127	0.02521	0.02230	0.01622	0.00860	0.00699	0.00215	0.00644	0.00683	0.00819	0.01193
19	0.00886	0.00660	0.00825	0.00917	0.01023	0.00599	0.00637	0.01058	0.01530	0.02017	0.15887	0.48181	0.19166	0.02007	0.00883	0.00268	0.00389	0.01787	0.00682	0.00599
20	0.06917	0.20228	0.02606	0.04729	0.09654	0.14545	0.04201	0.10920	0.01769	0.04127	0.01212	0.01476	0.01003	0.00785	0.00891	0.00212	0.12853	0.00535	0.00402	0.00935
21	0.04995	0.22713	0.02554	0.04307	0.11764	0.26508	0.01419	0.07075	0.08297	0.02169	0.01320	0.01489	0.01083	0.00712	0.00607	0.00190	0.00936	0.00511	0.00407	0.00945

[dist]
# distance from previous block
# <min> <max>
0	2

[block]
# block no. 1 follows, 29 sequences, length 72
# corresponding to MSA columns:
# 71-142
name=unknown_B
#
# <colnr> <probs for GDERKNQSTAVLIFYWHMCP>
#	G	D	E	R	K	N	Q	S	T	A	V	L	I	F	Y	W	H	M	C	P
0	0.00868	0.00620	0.00826	0.00991	0.01033	0.00578	0.00661	0.00991	0.01363	0.01818	0.03925	0.74510	0.04710	0.02231	0.00909	0.00289	0.00413	0.02024	0.00661	0.00578
1	0.02299	0.06081	0.02299	0.08600	0.14614	0.14981	0.01538	0.32151	0.02432	0.03092	0.01459	0.01668	0.01123	0.00936	0.03384	0.00242	0.00944	0.00596	0.00514	0.01049
2	0.01012	0.00686	0.00787	0.00801	0.00819	0.00676	0.00467	0.01043	0.01124	0.01498	0.05235	0.11582	0.05022	0.62735	0.03164	0.00619	0.00639	0.01156	0.00475	0.00460
3	0.01746	0.36894	0.15380	0.01734	0.08737	0.02140	0.03909	0.04396	0.05258	0.02129	0.03688	0.01574	0.01235	0.00674	0.00577	0.00180	0.00792	0.00516	0.00374	0.08067
4	0.01027	0.00687	0.00779	0.00787	0.00789	0.00685	0.00443	0.01033	0.01052	0.01402	0.02326	0.08096	0.02693	0.71397	0.03491	0.00671	0.00677	0.01084	0.00443	0.00439
5	0.02707	0.01995	0.02137	0.01638	0.02208	0.02208	0.01353	0.68159	0.03348	0.04488	0.01710	0.01710	0.01211	0.00855	0.00712	0.00214	0.00784	0.00641	0.00712	0.01211
6	0.01994	0.62368	0.06038	0.01337	0.01929	0.12710	0.01294	0.02239	0.01531	0.01707	0.01017	0.01176	0.00914	0.00630	0.00492	0.00160	0.00847	0.00397	0.00313	0.00906
7	0.01935	0.13149	0.13644	0.01949	0.07081	0.20342	0.07153	0.05736	0.01695	0.02093	0.01218	0.01507	0.01003	0.00891	0.03368	0.00234	0.08085	0.00536	0.00364	0.08017
8	0.00872	0.00630	0.00817	0.00964	0.01018	0.00584	0.00643	0.00995	0.01369	0.01808	0.04093	0.66938	0.09295	0.05066	0.01011	0.00302	0.00420	0.01948	0.00652	0.00574
9	0.01081	0.00823	0.01018	0.01083	0.01223	0.00835	0.00785	0.01610	0.14199	0.02239	0.15340	0.44201	0.04544	0.01839	0.00868	0.00272	0.00445	0.06198	0.00694	0.00703
10	0.02190	0.48106	0.03082	0.01452	0.01969	0.29088	0.01278	0.02402	0.01663	0.01701	0.01032	0.01196	0.00915	0.00656	0.00527	0.00164	0.00960	0.00410	0.00328	0.00880
11	0.02535	0.01704	0.01964	0.01545	0.02058	0.01821	0.03229	0.44618	0.07422	0.15649	0.02169	0.08292	0.01676	0.00980	0.00735	0.00224	0.00718	0.00793	0.00727	0.01142
12	0.00945	0.00695	0.00885	0.00901	0.01041	0.00635	0.00652	0.01199	0.01773	0.02430	0.42540	0.25791	0.14418	0.01728	0.00860	0.00245	0.00362	0.01532	0.00732	0.00635
13	0.00868	0.00620	0.00826	0.00991	0.01033	0.00578	0.00661	0.00991	0.01363	0.01818	0.03925	0.74510	0.04710	0.02231	0.00909	0.00289	0.00413	0.02024	0.00661	0.00578
14	0.05469	0.01220	0.01948	0.40283	0.09987	0.01395	0.04839	0.01802	0.03539	0.02099	0.08510	0.07205	0.04526	0.01064	0.02963	0.00265	0.00831	0.00829	0.00425	0.00803
15	0.01938	0.01960	0.02446	0.20330	0.28228	0.15715	0.03507	0.09953	0.01833	0.02313	0.01303	0.01690	0.01043	0.00724	0.00768	0.00218	0.04065	0.00605	0.00387	0.00976
16	0.00934	0.00669	0.00873	0.01015	0.01075	0.00637	0.00686	0.03409	0.01435	0.01914	0.03845	0.71891	0.04584	0.02181	0.00902	0.00286	0.00426	0.01975	0.00663	0.00601
17	0.01546	0.01471	0.02500	0.40046	0.36548	0.01635	0.02078	0.01996	0.01519	0.02064	0.01301	0.01833	0.01035	0.00675	0.00709	0.00225	0.00899	0.00634	0.00334	0.00953
18	0.05284	0.00819	0.00944	0.01053	0.01127	0.03699	0.00727	0.01161	0.01359	0.01869	0.03459	0.61837	0.04100	0.04653	0.01031	0.00296	0.03590	0.01774	0.00614	0.00602
19	0.02124	0.02501	0.02097	0.01851	0.02040	0.38111	0.01464	0.02294	0.01567	0.01729	0.01020	0.01417	0.00926	0.00983	0.01466	0.00246	0.36482	0.00539	0.00340	0.00803
20	0.01477	0.01266	0.01477	0.01055	0.01687	0.00949	0.00844	0.01793	0.01477	0.02320	0.01266	0.01477	0.01055	0.00527	0.00527	0.00105	0.00527	0.00422	0.00422	0.79328
21	0.06197	0.08364	0.11159	0.01705	0.05835	0.16510	0.03787	0.11327	0.07891	0.08723	0.03935	0.02236	0.07569	0.00868	0.00678	0.00211	0.00843	0.00675	0.00518	0.00970
22	0.03052	0.01299	0.01695	0.01296	0.01853	0.01167	0.01069	0.10363	0.02150	0.60222	0.02609	0.02297	0.01666	0.00860	0.00706	0.00214	0.00621	0.00692	0.00839	0.05332
23	0.02096	0.01224	0.01339	0.01103	0.01471	0.01277	0.00886	0.25935	0.02242	0.13221	0.02172	0.02280	0.01594	0.00846	0.00607	0.00191	0.00535	0.00663	0.39378	0.00941
24	0.00877	0.00625	0.00829	0.00982	0.01026	0.00585	0.00655	0.01004	0.01376	0.01840	0.06070	0.70217	0.04715	0.04290	0.00984	0.00299	0.00419	0.01972	0.00658	0.00577
25	0.09486	0.01945	0.15798	0.01649	0.02082	0.03814	0.03584	0.10261	0.04397	0.07248	0.01481	0.01818	0.01184	0.01554	0.11591	0.00380	0.19750	0.00619	0.00442	0.00917
26	0.01002	0.00688	0.00782	0.00795	0.00827	0.00672	0.00471	0.01041	0.01154	0.01523	0.05295	0.11074	0.09168	0.59133	0.03027	0.00597	0.00623	0.01175	0.00486	0.00469
27	0.01036	0.00690	0.00777	0.00777	0.00777	0.00690	0.00431	0.01036	0.01036	0.01381	0.02244	0.04660	0.02589	0.74975	0.03624	0.00690	0.00690	0.01036	0.00431	0.00431
28	0.01996	0.06076	0.02849	0.03183	0.35001	0.21235	0.11392	0.02355	0.01704	0.02094	0.01250	0.01610	0.01042	0.00686	0.00774	0.00210	0.04596	0.00602	0.00353	0.00992
29	0.00880	0.00635	0.00836	0.00977	0.01033	0.00600	0.00658	0.01009	0.01354	0.01799	0.03937	0.64605	0.08021	0.04942	0.04759	0.00346	0.00499	0.01895	0.00638	0.00577
30	0.03118	0.01195	0.01628	0.01254	0.01791	0.01033	0.01033	0.03395	0.02037	0.68618	0.05189	0.02526	0.01938	0.00902	0.00720	0.00220	0.00596	0.00736	0.00878	0.01193
31	0.02507	0.01764	0.01939	0.01544	0.02054	0.01924	0.01266	0.49966	0.09432	0.10132	0.02118	0.05020	0.01642	0.00980	0.00736	0.00226	0.00725	0.04151	0.00724	0.01149
32	0.05615	0.01647	0.02821	0.11382	0.44342	0.01736	0.10783	0.02108	0.01536	0.02249	0.01288	0.01748	0.01065	0.00698	0.00867	0.00228	0.07871	0.00648	0.00350	0.01017
33	0.01640	0.01866	0.05797	0.08070	0.08676	0.01818	0.47967	0.02170	0.01580	0.02181	0.01353	0.01850	0.01051	0.00692	0.00998	0.00246	0.09982	0.00773	0.00349	0.00942
34	0.01834	0.01864	0.03188	0.05243	0.09490	0.05531	0.36472	0.10944	0.01873	0.02537	0.01415	0.01774	0.01084	0.00638	0.00747	0.00210	0.01003	0.00702	0.00414	0.13038
35	0.01739	0.01803	0.02001	0.02384	0.23730	0.18005	0.01443	0.02042	0.03948	0.01918	0.01685	0.02349	0.03967	0.11651	0.07986	0.00375	0.11041	0.00699	0.00389	0.00846
36	0.04013	0.00742	0.00918	0.00914	0.00976	0.00796	0.00608	0.01160	0.01081	0.01546	0.02076	0.03863	0.02232	0.47337	0.27939	0.00834	0.01119	0.00914	0.00414	0.00517
37	0.01398	0.01320	0.02233	0.64403	0.13346	0.01596	0.02004	0.01866	0.01449	0.01885	0.01275	0.01881	0.00972	0.00702	0.00711	0.00234	0.00936	0.00633	0.00321	0.00834
38	0.01477	0.01266	0.01477	0.01055	0.01687	0.00949	0.00844	0.01793	0.01477	0.02320	0.01266	0.01477	0.01055	0.00527	0.00527	0.00105	0.00527	0.00422	0.00422	0.79328
39	0.06043	0.18859	0.02385	0.01609	0.01890	0.16178	0.01352	0.06528	0.01519	0.01973	0.01089	0.01464	0.00982	0.01163	0.05156	0.00283	0.29795	0.00531	0.00359	0.00840
40	0.01403	0.00902	0.01140	0.01037	0.01269	0.00888	0.00792	0.07964	0.01865	0.10456	0.30089	0.09271	0.10253	0.06070	0.12926	0.00408	0.00701	0.01130	0.00682	0.00754
41	0.01706	0.01622	0.02299	0.06683	0.35518	0.06288	0.04234	0.04532	0.13405	0.02421	0.05311	0.09107	0.01913	0.00904	0.00736	0.00225	0.00776	0.00827	0.00480	0.01010
42	0.02682	0.01758	0.01940	0.01499	0.02034	0.01891	0.01235	0.51998	0.02981	0.15620	0.01944	0.01904	0.01352	0.00857	0.00696	0.00211	0.00718	0.00656	0.06856	0.01168
43	0.01038	0.00785	0.01148	0.01137	0.01248	0.00918	0.00873	0.01266	0.01133	0.01631	0.01903	0.02921	0.01823	0.11492	0.63448	0.01073	0.04375	0.00783	0.00383	0.00622
44	0.01443	0.00796	0.00822	0.00771	0.00976	0.00813	0.00590	0.08070	0.01701	0.02843	0.05955	0.02708	0.02032	0.00866	0.00537	0.00174	0.00376	0.00695	0.67116	0.00717
45	0.01473	0.01372	0.02242	0.11647	0.44379	0.01388	0.01743	0.01831	0.01564	0.02146	0.02442	0.12125	0.10615	0.01009	0.00751	0.00229	0.00737	0.00933	0.00430	0.00946
46	0.00921	0.00699	0.00861	0.00963	0.01101	0.00639	0.00721	0.01112	0.01527	0.01948	0.06907	0.35841	0.26885	0.02009	0.00899	0.00279	0.00443	0.14978	0.00664	0.00605
47	0.00966	0.00707	0.00906	0.00897	0.01048	0.00648	0.00657	0.01247	0.01856	0.02572	0.51707	0.18413	0.12457	0.01634	0.00853	0.00238	0.00353	0.01446	0.00749	0.00648
48	0.01558	0.01558	0.02181	0.01869	0.01869	0.02181	0.01558	0.01714	0.01091	0.01714	0.00935	0.01558	0.00935	0.01246	0.02337	0.00312	0.73672	0.00623	0.00312	0.00779
49	0.00842	0.00721	0.00721	0.00721	0.00962	0.00601	0.00541	0.01022	0.01623	0.01924	0.07213	0.06853	0.70244	0.01803	0.00842	0.00240	0.00361	0.01503	0.00661	0.00601
50	0.00866	0.00625	0.00821	0.00977	0.01029	0.00580	0.00655	0.00993	0.01377	0.01823	0.04102	0.70855	0.08250	0.02208	0.00905	0.00287	0.00410	0.01996	0.00661	0.00580
51	0.02687	0.01734	0.01945	0.01509	0.02046	0.01851	0.01240	0.47706	0.05539	0.19100	0.05698	0.02100	0.01668	0.00897	0.00721	0.00217	0.00711	0.00699	0.00754	0.01179
52	0.01476	0.01447	0.02220	0.57489	0.12244	0.05465	0.01946	0.01912	0.01461	0.01869	0.01247	0.01831	0.00968	0.00733	0.00795	0.00235	0.04884	0.00623	0.00323	0.00832
53	0.13752	0.01220	0.01548	0.01210	0.01734	0.01112	0.00997	0.03216	0.01923	0.59608	0.04571	0.02335	0.01774	0.00868	0.00682	0.00220	0.00590	0.00687	0.00817	0.01135
54	0.01422	0.01344	0.02275	0.60516	0.17048	0.01602	0.02016	0.01887	0.01460	0.01913	0.01279	0.01873	0.00982	0.00698	0.00711	0.00233	0.00930	0.00633	0.00323	0.00853
55	0.01187	0.00940	0.01139	0.01282	0.01434	0.05178	0.01067	0.01466	0.01609	0.02046	0.03635	0.20487	0.04020	0.01942	0.00948	0.00311	0.00648	0.49370	0.00639	0.00651
56	0.01025	0.00731	0.00985	0.00985	0.01057	0.00803	0.00691	0.01169	0.01097	0.01535	0.02053	0.03606	0.02131	0.35566	0.42408	0.00947	0.01379	0.00881	0.00403	0.00547
57	0.04505	0.49382	0.03110	0.01403	0.04179	0.07384	0.03111	0.04862	0.01575	0.01980	0.01092	0.01268	0.00954	0.00619	0.00510	0.00157	0.00774	0.00425	0.00351	0.12361
58	0.01485	0.03296	0.56779	0.02281	0.05257	0.01682	0.14711	0.02258	0.01540	0.02262	0.01310	0.01589	0.00942	0.00661	0.00708	0.00228	0.01073	0.00588	0.00313	0.01038
59	0.02001	0.01446	0.01596	0.01398	0.01819	0.01605	0.01097	0.03646	0.54949	0.15183	0.05124	0.02704	0.02251	0.00967	0.00727	0.00237	0.00564	0.00805	0.00755	0.01127
60	0.01428	0.01334	0.02161	0.59351	0.11250	0.01611	0.01916	0.02046	0.08000	0.01983	0.01431	0.01958	0.01086	0.00729	0.00712	0.00235	0.00901	0.00650	0.00360	0.00858
61	0.02177	0.01465	0.03764	0.01325	0.01736	0.01468	0.01068	0.28022	0.07996	0.16594	0.06571	0.06642	0.02177	0.14232	0.01253	0.00308	0.00673	0.00853	0.00685	0.00991
62	0.01043	0.00786	0.01110	0.01104	0.01223	0.00895	0.00847	0.01277	0.01240	0.01785	0.05260	0.09577	0.05928	0.05987	0.49072	0.00865	0.05722	0.00933	0.04710	0.00635
63	0.00867	0.00624	0.00822	0.00981	0.01030	0.00579	0.00656	0.00993	0.01374	0.01822	0.04054	0.71845	0.07292	0.02214	0.00906	0.00287	0.00411	0.02004	0.00661	0.00579
64	0.02077	0.05815	0.01913	0.11427	0.02265	0.19425	0.01296	0.19761	0.02063	0.02637	0.01499	0.01778	0.01182	0.00937	0.02608	0.00230	0.07474	0.00586	0.14138	0.00891
65	0.05743	0.02949	0.46777	0.05909	0.03167	0.01650	0.16965	0.02202	0.01538	0.02307	0.03371	0.01713	0.01112	0.00684	0.00707	0.00229	0.01031	0.00617	0.00337	0.00991
66	0.00885	0.00624	0.00834	0.00986	0.01031	0.00583	0.00660	0.01003	0.01375	0.01840	0.06407	0.69573	0.04679	0.02208	0.00965	0.02751	0.00417	0.01952	0.00655	0.00574
67	0.00956	0.00697	0.00900	0.00910	0.01048	0.00640	0.00659	0.01222	0.01804	0.02497	0.47000	0.24904	0.10710	0.01699	0.00859	0.00244	0.00359	0.01510	0.00740	0.00640
68	0.19278	0.11579	0.11470	0.03422	0.04907	0.01769	0.01350	0.15425	0.04343	0.14995	0.03888	0.01773	0.01338	0.00771	0.00619	0.00212	0.00719	0.00575	0.00549	0.01018
69	0.01042	0.00955	0.04645	0.01093	0.01233	0.03683	0.00811	0.02752	0.01439	0.01906	0.03468	0.61151	0.04072	0.04183	0.00949	0.00285	0.00504	0.01760	0.00615	0.03452
70	0.02054	0.04913	0.01765	0.01429	0.01734	0.17196	0.01147	0.19580	0.02023	0.02723	0.01575	0.01834	0.01257	0.00884	0.00929	0.00209	0.14402	0.00593	0.22878	0.00876
71	0.01544	0.01535	0.07798	0.12079	0.22860	0.03356	0.01592	0.01931	0.01470	0.02225	0.01527	0.01963	0.01243	0.00809	0.00917	0.00219	0.12955	0.00627	0.22471	0.00878

[dist]
# distance from previous block
# <min> <max>
0	5

[block]
# block no. 2 follows, 29 sequences, length 116
# corresponding to MSA columns:
# 148-263
name=unknown_C
#
# <colnr> <probs for GDERKNQSTAVLIFYWHMCP>
#	G	D	E	R	K	N	Q	S	T	A	V	L	I	F	Y	W	H	M	C	P
0	0.23740	0.01231	0.01355	0.01142	0.01525	0.01290	0.00921	0.10625	0.01845	0.21664	0.12424	0.04434	0.02309	0.03903	0.00844	0.00245	0.03602	0.02333	0.03661	0.00908
1	0.01462	0.01089	0.01188	0.01084	0.01256	0.03453	0.00764	0.17076	0.01713	0.02277	0.05105	0.13263	0.02596	0.35686	0.08416	0.00526	0.00788	0.01044	0.00538	0.00678
2	0.01509	0.00855	0.01094	0.01010	0.01225	0.00809	0.00742	0.01820	0.05274	0.17418	0.24049	0.15778	0.05872	0.14298	0.04683	0.00359	0.00557	0.01195	0.00699	0.00755
3	0.01044	0.00742	0.00912	0.00866	0.01065	0.00664	0.00651	0.01328	0.01888	0.05257	0.48134	0.07861	0.23841	0.01553	0.00838	0.00230	0.00356	0.01348	0.00750	0.00671
4	0.01242	0.00635	0.00854	0.00854	0.00893	0.00635	0.00575	0.01106	0.01067	0.01577	0.01570	0.02480	0.01483	0.07972	0.02322	0.54579	0.00558	0.00663	0.18535	0.00401
5	0.06392	0.33302	0.02800	0.08564	0.02308	0.23511	0.04444	0.02338	0.01615	0.03684	0.01118	0.01351	0.00942	0.00697	0.00651	0.00187	0.04404	0.00471	0.00351	0.00871
6	0.05683	0.09829	0.51565	0.01928	0.02791	0.01815	0.05400	0.02185	0.01452	0.02201	0.01211	0.01477	0.00908	0.00720	0.00811	0.00227	0.07962	0.00530	0.00312	0.00994
7	0.00893	0.00644	0.00846	0.00963	0.01036	0.00597	0.00658	0.01059	0.01495	0.02016	0.16447	0.59004	0.07560	0.02070	0.00893	0.00275	0.00397	0.01867	0.00684	0.00597
8	0.01034	0.00746	0.00948	0.00911	0.01057	0.00710	0.00664	0.01368	0.04014	0.02590	0.54025	0.07938	0.05838	0.11959	0.01239	0.00296	0.00405	0.02884	0.00724	0.00648
9	0.04385	0.04630	0.01940	0.37891	0.03339	0.01552	0.01518	0.08250	0.08067	0.11454	0.05424	0.05167	0.01652	0.00868	0.00708	0.00230	0.00776	0.00734	0.00509	0.00906
10	0.01133	0.00755	0.00975	0.00904	0.01091	0.00692	0.00677	0.01443	0.01952	0.06860	0.59926	0.05184	0.09190	0.04927	0.00965	0.00247	0.00370	0.01251	0.00767	0.00690
11	0.01020	0.00752	0.01091	0.01091	0.01199	0.00861	0.00823	0.01237	0.01128	0.01613	0.01956	0.03070	0.01898	0.15515	0.62140	0.01078	0.01729	0.00803	0.00389	0.00606
12	0.01673	0.01882	0.07605	0.34223	0.27386	0.11045	0.02019	0.02117	0.01578	0.02020	0.01270	0.01739	0.01004	0.00685	0.00697	0.00220	0.00966	0.00602	0.00335	0.00933
13	0.01504	0.06147	0.64278	0.02051	0.04900	0.01718	0.02519	0.04774	0.01575	0.02322	0.01286	0.01506	0.00921	0.00680	0.00671	0.00222	0.01026	0.00528	0.00318	0.01056
14	0.01036	0.00690	0.00777	0.00777	0.00777	0.00690	0.00431	0.01036	0.01036	0.01381	0.02244	0.04660	0.02589	0.74975	0.03624	0.00690	0.00690	0.01036	0.00431	0.00431
15	0.24606	0.01680	0.01931	0.04862	0.21041	0.06293	0.01393	0.11948	0.08049	0.09349	0.01556	0.01699	0.01173	0.00737	0.00629	0.00217	0.00736	0.00576	0.00513	0.01012
16	0.01036	0.00690	0.00777	0.00777	0.00777	0.00690	0.00431	0.01036	0.01036	0.01381	0.02244	0.04660	0.02589	0.74975	0.03624	0.00690	0.00690	0.01036	0.00431	0.00431
17	0.02707	0.01995	0.02137	0.01638	0.02208	0.02208	0.01353	0.68159	0.03348	0.04488	0.01710	0.01710	0.01211	0.00855	0.00712	0.00214	0.00784	0.00641	0.00712	0.01211
18	0.09218	0.01314	0.01468	0.01073	0.01684	0.01077	0.00863	0.05196	0.01546	0.02516	0.01261	0.01457	0.01035	0.00557	0.00528	0.00122	0.00543	0.00429	0.00438	0.67675
19	0.01889	0.01441	0.01631	0.01546	0.05287	0.01603	0.01142	0.03488	0.53270	0.11234	0.02873	0.07113	0.02230	0.01019	0.00734	0.00240	0.00574	0.00862	0.00721	0.01103
20	0.01001	0.00723	0.00946	0.00900	0.01062	0.00668	0.00671	0.01327	0.01985	0.02807	0.67064	0.08551	0.06625	0.01492	0.00843	0.00227	0.00340	0.01322	0.00778	0.00668
21	0.01028	0.00687	0.00779	0.00787	0.00789	0.00685	0.00442	0.01033	0.01051	0.01401	0.02322	0.07922	0.02688	0.71578	0.03497	0.00672	0.00677	0.01082	0.00442	0.00438
22	0.01839	0.68246	0.07215	0.01258	0.01870	0.02669	0.01279	0.02100	0.01436	0.01705	0.01046	0.01235	0.00952	0.00824	0.03673	0.00201	0.00828	0.00406	0.00308	0.00909
23	0.01133	0.00815	0.01127	0.01283	0.01451	0.00809	0.01119	0.01454	0.01638	0.02121	0.03934	0.07976	0.07238	0.01959	0.00977	0.00324	0.00642	0.62691	0.00656	0.00653
24	0.00891	0.00695	0.00809	0.00840	0.01007	0.00613	0.00607	0.01096	0.01653	0.02133	0.22408	0.24905	0.36139	0.01831	0.00859	0.00250	0.00369	0.01590	0.00693	0.00613
25	0.00882	0.00630	0.00843	0.01009	0.01056	0.00591	0.00687	0.01017	0.01378	0.01834	0.03916	0.70968	0.04677	0.02217	0.00913	0.00291	0.00426	0.05419	0.00661	0.00582
26	0.01711	0.01639	0.02797	0.12908	0.62400	0.01678	0.02160	0.02140	0.01597	0.02263	0.01330	0.01779	0.01106	0.00644	0.00706	0.00215	0.00859	0.00634	0.00348	0.01086
27	0.01518	0.00846	0.01058	0.00944	0.01227	0.00743	0.00729	0.01781	0.01871	0.20216	0.30369	0.08319	0.24679	0.01449	0.00812	0.00231	0.00417	0.01240	0.00766	0.00786
28	0.01022	0.00743	0.01041	0.01041	0.01133	0.00834	0.00762	0.01205	0.01114	0.01577	0.02002	0.03319	0.02007	0.24857	0.52947	0.01017	0.01566	0.00839	0.00395	0.00579
29	0.02610	0.01115	0.01478	0.01176	0.01627	0.00996	0.00954	0.05614	0.02068	0.50307	0.18046	0.03060	0.02868	0.01009	0.00736	0.00219	0.00542	0.00841	0.03665	0.01069
30	0.01507	0.03203	0.54582	0.02558	0.17422	0.01667	0.04663	0.02241	0.01534	0.02271	0.01296	0.01572	0.00956	0.00665	0.00688	0.00223	0.01013	0.00559	0.00314	0.01065
31	0.01818	0.01842	0.02763	0.10358	0.55373	0.09255	0.03866	0.02225	0.01648	0.02216	0.01310	0.01728	0.01088	0.00651	0.00703	0.00212	0.00912	0.00621	0.00351	0.01060
32	0.80005	0.01377	0.01047	0.00936	0.01377	0.01597	0.00771	0.02093	0.01212	0.03195	0.00991	0.01157	0.00771	0.00661	0.00441	0.00220	0.00551	0.00386	0.00441	0.00771
33	0.01109	0.00790	0.01042	0.01160	0.01283	0.00785	0.00912	0.04423	0.01563	0.02058	0.03584	0.31630	0.04041	0.08939	0.01194	0.00343	0.00577	0.33298	0.00639	0.00633
34	0.01298	0.01050	0.01161	0.01101	0.01365	0.01113	0.00832	0.02291	0.30368	0.02600	0.18886	0.13164	0.15690	0.01381	0.00785	0.00240	0.00447	0.01188	0.04199	0.00840
35	0.01702	0.01630	0.02781	0.14339	0.61038	0.01676	0.02155	0.02132	0.01593	0.02253	0.01329	0.01782	0.01102	0.00646	0.00706	0.00215	0.00861	0.00634	0.00347	0.01079
36	0.02146	0.09307	0.04744	0.01699	0.02013	0.41679	0.01371	0.02353	0.01667	0.01731	0.01172	0.01571	0.01048	0.03708	0.06992	0.00303	0.14810	0.00530	0.00352	0.00804
37	0.03195	0.01212	0.01652	0.01267	0.01818	0.01047	0.01047	0.03470	0.02038	0.71026	0.02809	0.02424	0.01763	0.00881	0.00716	0.00220	0.00606	0.00716	0.00881	0.01212
38	0.00868	0.00620	0.00826	0.00991	0.01033	0.00578	0.00661	0.00991	0.01363	0.01818	0.03925	0.74510	0.04710	0.02231	0.00909	0.00289	0.00413	0.02024	0.00661	0.00578
39	0.01427	0.01370	0.01648	0.01500	0.01603	0.09088	0.01204	0.01636	0.01228	0.01721	0.01435	0.02120	0.01341	0.03009	0.33333	0.00666	0.31281	0.00669	0.03006	0.00716
40	0.01068	0.00744	0.00978	0.00923	0.01101	0.00688	0.00702	0.01402	0.01999	0.04504	0.65543	0.05368	0.06480	0.01464	0.00843	0.00228	0.00357	0.04142	0.00781	0.00684
41	0.01036	0.00690	0.00777	0.00777	0.00777	0.00690	0.00431	0.01036	0.01036	0.01381	0.02244	0.04660	0.02589	0.74975	0.03624	0.00690	0.00690	0.01036	0.00431	0.00431
42	0.01904	0.75404	0.03731	0.01218	0.01828	0.02818	0.01218	0.02132	0.01447	0.01675	0.00990	0.01142	0.00914	0.00609	0.00457	0.00152	0.00761	0.00381	0.00305	0.00914
43	0.02346	0.03382	0.17437	0.01992	0.05468	0.53306	0.01691	0.02683	0.01886	0.01883	0.01151	0.01354	0.00923	0.00717	0.00653	0.00194	0.01213	0.00482	0.00352	0.00889
44	0.01136	0.00816	0.01131	0.01289	0.01456	0.00811	0.01124	0.01458	0.01639	0.02123	0.03902	0.07987	0.06632	0.01961	0.00978	0.00324	0.00644	0.63279	0.00656	0.00654
45	0.44998	0.01333	0.01168	0.01028	0.01395	0.04536	0.00820	0.04676	0.01384	0.02812	0.01334	0.03858	0.01123	0.00854	0.00705	0.04226	0.04186	0.00517	0.10930	0.08118
46	0.01778	0.01669	0.02618	0.20209	0.46781	0.03754	0.02036	0.08271	0.01748	0.02392	0.01350	0.01776	0.01088	0.00676	0.00705	0.00217	0.00877	0.00630	0.00378	0.01048
47	0.01121	0.00700	0.00875	0.00902	0.01019	0.00725	0.00663	0.01329	0.01362	0.02092	0.05315	0.18735	0.06048	0.02327	0.16391	0.06494	0.02523	0.01046	0.29722	0.00612
48	0.80005	0.01377	0.01047	0.00936	0.01377	0.01597	0.00771	0.02093	0.01212	0.03195	0.00991	0.01157	0.00771	0.00661	0.00441	0.00220	0.00551	0.00386	0.00441	0.00771
49	0.01335	0.01208	0.01997	0.66265	0.04510	0.01494	0.01833	0.01787	0.01418	0.01864	0.01365	0.02027	0.01055	0.02788	0.00778	0.00245	0.00900	0.00646	0.05712	0.00772
50	0.01090	0.00831	0.01000	0.00941	0.01149	0.00799	0.00709	0.03376	0.08101	0.02704	0.48179	0.08320	0.17116	0.01489	0.00829	0.00231	0.00377	0.01296	0.00750	0.00712
51	0.01477	0.01266	0.01477	0.01055	0.01687	0.00949	0.00844	0.01793	0.01477	0.02320	0.01266	0.01477	0.01055	0.00527	0.00527	0.00105	0.00527	0.00422	0.00422	0.79328
52	0.02583	0.01898	0.02038	0.01565	0.02120	0.02075	0.01289	0.61813	0.03170	0.04296	0.01714	0.01740	0.01230	0.00837	0.00693	0.00206	0.00750	0.00631	0.04194	0.05158
53	0.00868	0.00620	0.00826	0.00991	0.01033	0.00578	0.00661	0.00991	0.01363	0.01818	0.03925	0.74510	0.04710	0.02231	0.00909	0.00289	0.00413	0.02024	0.00661	0.00578
54	0.07859	0.01301	0.01965	0.41340	0.06083	0.01533	0.04218	0.07796	0.01575	0.02207	0.01672	0.12575	0.01528	0.00964	0.00801	0.00244	0.04280	0.00828	0.00417	0.00815
55	0.02633	0.01924	0.02058	0.01586	0.02135	0.02126	0.01308	0.64616	0.03249	0.04390	0.01742	0.01760	0.01244	0.00853	0.00701	0.00211	0.00759	0.00642	0.04880	0.01182
56	0.01382	0.00716	0.00722	0.00702	0.00884	0.00725	0.00532	0.04284	0.01566	0.02727	0.02299	0.02617	0.01801	0.00831	0.00506	0.00168	0.00350	0.00663	0.75841	0.00685
57	0.02664	0.03260	0.02029	0.01816	0.02202	0.65420	0.01374	0.09100	0.02145	0.02006	0.01159	0.01325	0.00945	0.00745	0.00649	0.00186	0.01236	0.00476	0.00400	0.00862
58	0.13520	0.01555	0.01628	0.03890	0.01842	0.01721	0.01075	0.39817	0.02470	0.03633	0.01732	0.02060	0.01361	0.07917	0.00920	0.00254	0.00679	0.00645	0.12306	0.00976
59	0.00868	0.00620	0.00826	0.00991	0.01033	0.00578	0.00661	0.00991	0.01363	0.01818	0.03925	0.74510	0.04710	0.02231	0.00909	0.00289	0.00413	0.02024	0.00661	0.00578
60	0.00868	0.00620	0.00826	0.00991	0.01033	0.00578	0.00661	0.00991	0.01363	0.01818	0.03925	0.74510	0.04710	0.02231	0.00909	0.00289	0.00413	0.02024	0.00661	0.00578
61	0.06911	0.01976	0.01974	0.01554	0.02090	0.10014	0.01268	0.45003	0.02836	0.16558	0.01807	0.01765	0.01257	0.00835	0.00690	0.00212	0.00796	0.00620	0.00690	0.01143
62	0.12276	0.02285	0.01955	0.12209	0.08972	0.30068	0.01419	0.14491	0.02011	0.02542	0.01300	0.01542	0.01018	0.00738	0.00639	0.00203	0.00965	0.00534	0.03927	0.00906
63	0.00868	0.00620	0.00826	0.00991	0.01033	0.00578	0.00661	0.00991	0.01363	0.01818	0.03925	0.74510	0.04710	0.02231	0.00909	0.00289	0.00413	0.02024	0.00661	0.00578
64	0.01008	0.00728	0.00952	0.00896	0.01064	0.00672	0.00672	0.01344	0.02016	0.02855	0.70158	0.05319	0.06719	0.01456	0.00840	0.00224	0.00336	0.01288	0.00784	0.00672
65	0.01677	0.01617	0.02548	0.32283	0.34856	0.04842	0.04244	0.05422	0.01648	0.02201	0.01321	0.01799	0.01048	0.00681	0.00710	0.00222	0.00917	0.00633	0.00357	0.00975
66	0.05589	0.02179	0.06114	0.03156	0.39965	0.19781	0.01833	0.02472	0.01737	0.08490	0.01393	0.01659	0.01104	0.00686	0.00676	0.00206	0.00935	0.00580	0.00406	0.01038
67	0.65654	0.01513	0.04602	0.04055	0.08354	0.01609	0.01043	0.02100	0.01274	0.03013	0.01049	0.01260	0.00819	0.00661	0.00488	0.00220	0.00619	0.00426	0.00421	0.00820
68	0.01524	0.14362	0.54664	0.02000	0.02953	0.01844	0.08653	0.02239	0.01512	0.02170	0.01250	0.01489	0.00921	0.00659	0.00659	0.00216	0.01023	0.00534	0.00307	0.01023
69	0.12074	0.01479	0.01417	0.01221	0.01557	0.09119	0.00941	0.18228	0.04215	0.08100	0.05348	0.02921	0.08030	0.14214	0.07737	0.00384	0.00815	0.00786	0.00572	0.00841
70	0.12815	0.03253	0.01422	0.01218	0.01380	0.04572	0.00927	0.07308	0.01343	0.02044	0.01603	0.02743	0.01625	0.27765	0.10826	0.00517	0.16802	0.00740	0.00419	0.00680
71	0.01710	0.01491	0.01728	0.01634	0.06834	0.04095	0.04115	0.09072	0.37664	0.02931	0.14892	0.03076	0.05568	0.01030	0.00750	0.00231	0.00610	0.00883	0.00675	0.01012
72	0.02796	0.01124	0.01525	0.01199	0.01680	0.00978	0.00978	0.03082	0.02034	0.58593	0.15093	0.02952	0.02667	0.00986	0.00739	0.00221	0.00557	0.00820	0.00864	0.01113
73	0.00945	0.00698	0.00851	0.00906	0.00981	0.00676	0.00608	0.01066	0.01371	0.01809	0.10078	0.34611	0.15744	0.21952	0.01681	0.00385	0.02934	0.01547	0.00598	0.00558
74	0.01416	0.04074	0.01326	0.01183	0.01373	0.01133	0.00924	0.08160	0.04666	0.05531	0.06009	0.28238	0.03102	0.01659	0.03355	0.00286	0.08604	0.07398	0.10806	0.00756
75	0.01099	0.00748	0.00981	0.00911	0.01095	0.00687	0.00687	0.01432	0.02017	0.05693	0.67355	0.05199	0.06512	0.01432	0.00835	0.00224	0.00347	0.01264	0.00788	0.00694
76	0.01022	0.00745	0.01056	0.01056	0.01153	0.00842	0.00780	0.01215	0.01118	0.01588	0.01988	0.03245	0.01975	0.22086	0.55674	0.01035	0.01615	0.00828	0.00393	0.00587
77	0.01746	0.50300	0.25067	0.01534	0.02287	0.02416	0.03906	0.02176	0.01473	0.01879	0.01096	0.01282	0.00916	0.00630	0.00539	0.00178	0.00868	0.00442	0.00305	0.00959
78	0.01654	0.01937	0.06212	0.05853	0.03683	0.01801	0.60698	0.02240	0.01643	0.02240	0.01410	0.01893	0.01064	0.00631	0.00884	0.00242	0.03797	0.00814	0.00355	0.00950
79	0.01066	0.00787	0.01034	0.01133	0.01313	0.00754	0.00957	0.01366	0.01691	0.02196	0.14178	0.07400	0.17674	0.01860	0.00934	0.00295	0.00550	0.43491	0.00676	0.00647
80	0.01192	0.03180	0.01135	0.04859	0.01426	0.10257	0.00831	0.01417	0.01683	0.02028	0.14612	0.15173	0.31453	0.01591	0.00818	0.00241	0.00553	0.06278	0.00612	0.00661
81	0.03624	0.01447	0.02262	0.43412	0.20463	0.01655	0.01884	0.08226	0.03575	0.04599	0.01416	0.01868	0.01075	0.00718	0.00704	0.00228	0.00876	0.00635	0.00396	0.00936
82	0.00952	0.00719	0.00856	0.00903	0.01053	0.00659	0.00671	0.01148	0.01565	0.02015	0.15396	0.17550	0.28658	0.11961	0.01261	0.00323	0.00462	0.12605	0.00648	0.00595
83	0.75673	0.01504	0.04919	0.00997	0.01471	0.01601	0.00874	0.02102	0.01228	0.03143	0.01007	0.01176	0.00778	0.00662	0.00454	0.00221	0.00578	0.00393	0.00433	0.00787
84	0.00927	0.00719	0.00826	0.00818	0.01001	0.00639	0.00602	0.01151	0.01705	0.02217	0.29281	0.09365	0.36812	0.07676	0.01075	0.00276	0.00389	0.03220	0.00687	0.00613
85	0.01554	0.01183	0.04197	0.01155	0.01471	0.01111	0.00951	0.18001	0.02272	0.06199	0.40430	0.06493	0.04569	0.01274	0.00793	0.00226	0.00503	0.03509	0.03268	0.00841
86	0.01477	0.01266	0.01477	0.01055	0.01687	0.00949	0.00844	0.01793	0.01477	0.02320	0.01266	0.01477	0.01055	0.00527	0.00527	0.00105	0.00527	0.00422	0.00422	0.79328
87	0.01904	0.75404	0.03731	0.01218	0.01828	0.02818	0.01218	0.02132	0.01447	0.01675	0.00990	0.01142	0.00914	0.00609	0.00457	0.00152	0.00761	0.00381	0.00305	0.00914
88	0.00979	0.00727	0.00912	0.00865	0.01046	0.00660	0.00649	0.01288	0.01947	0.02693	0.59187	0.05586	0.17791	0.01516	0.00840	0.00227	0.00340	0.01325	0.00762	0.00660
89	0.01041	0.00723	0.00941	0.00941	0.01007	0.00781	0.00646	0.01174	0.01107	0.01567	0.02092	0.03706	0.02180	0.39341	0.35081	0.00875	0.01235	0.00892	0.04135	0.00537
90	0.01625	0.01356	0.01486	0.01390	0.01740	0.01527	0.01109	0.05335	0.49424	0.02799	0.03260	0.03964	0.06005	0.01214	0.00784	0.00259	0.00580	0.14434	0.00706	0.01004
91	0.01249	0.00676	0.00700	0.00698	0.00862	0.00667	0.00518	0.01549	0.01490	0.02504	0.05032	0.03223	0.08276	0.04425	0.03103	0.00231	0.00404	0.00781	0.62966	0.00647
92	0.05473	0.01788	0.01922	0.01533	0.02054	0.01977	0.01248	0.43958	0.19778	0.09645	0.02074	0.01987	0.01483	0.00878	0.00705	0.00222	0.00704	0.00679	0.00719	0.01173
93	0.00842	0.00721	0.00721	0.00721	0.00962	0.00601	0.00541	0.01022	0.01623	0.01924	0.07213	0.06853	0.70244	0.01803	0.00842	0.00240	0.00361	0.01503	0.00661	0.00601
94	0.01071	0.00776	0.01040	0.01103	0.01273	0.00745	0.00913	0.01392	0.01794	0.02417	0.31382	0.06838	0.09350	0.01746	0.00915	0.00279	0.00505	0.35094	0.00709	0.00659
95	0.01090	0.00746	0.00978	0.00910	0.01092	0.00686	0.00686	0.01424	0.02016	0.05429	0.67615	0.05210	0.06532	0.01434	0.00835	0.00224	0.00346	0.01266	0.00788	0.00692
96	0.02566	0.06488	0.02086	0.03737	0.02248	0.65136	0.01378	0.02810	0.03869	0.01777	0.01151	0.01333	0.00953	0.00734	0.00638	0.00185	0.01231	0.00470	0.00373	0.00837
97	0.03195	0.01212	0.01652	0.01267	0.01818	0.01047	0.01047	0.03470	0.02038	0.71026	0.02809	0.02424	0.01763	0.00881	0.00716	0.00220	0.00606	0.00716	0.00881	0.01212
98	0.01165	0.00983	0.01351	0.01287	0.01393	0.03128	0.01013	0.01391	0.01155	0.01658	0.01714	0.02585	0.01625	0.06784	0.54771	0.00946	0.15282	0.00737	0.00370	0.00661
99	0.01327	0.00664	0.00664	0.00664	0.00830	0.00664	0.00498	0.01659	0.01493	0.02655	0.02323	0.02655	0.01825	0.00830	0.00498	0.00166	0.00332	0.00664	0.78928	0.00664
100	0.01617	0.01559	0.02702	0.27589	0.44952	0.01660	0.05458	0.02066	0.01558	0.02153	0.01320	0.01816	0.01065	0.00659	0.00714	0.00222	0.00899	0.00644	0.00341	0.01006
101	0.01742	0.33846	0.25383	0.01504	0.02187	0.06743	0.01629	0.05816	0.01665	0.02166	0.07792	0.01742	0.01507	0.00740	0.00593	0.00189	0.00841	0.00543	0.02433	0.00940
102	0.72256	0.01406	0.01260	0.03070	0.03816	0.01608	0.03501	0.02096	0.01249	0.03094	0.01028	0.01227	0.00800	0.00659	0.00472	0.00221	0.00597	0.00418	0.00431	0.00791
103	0.01646	0.01745	0.06963	0.32272	0.29177	0.06810	0.01986	0.04190	0.01592	0.02100	0.01296	0.01779	0.01030	0.00750	0.00776	0.03071	0.00924	0.00613	0.00345	0.00935
104	0.01060	0.00737	0.00969	0.00924	0.01095	0.00681	0.00696	0.01383	0.01970	0.04502	0.62808	0.08975	0.06402	0.01499	0.00845	0.00231	0.00357	0.03410	0.00776	0.00680
105	0.09800	0.39846	0.15872	0.01431	0.02078	0.09336	0.01456	0.05935	0.01623	0.05185	0.01176	0.01315	0.00952	0.00665	0.00541	0.00182	0.00842	0.00446	0.00372	0.00947
106	0.01492	0.01704	0.12813	0.22084	0.29945	0.01474	0.01912	0.01975	0.01572	0.02254	0.07378	0.02150	0.01594	0.00751	0.00695	0.00218	0.00814	0.00677	0.07554	0.00943
107	0.10230	0.01227	0.01597	0.01237	0.01777	0.01097	0.01021	0.03344	0.01962	0.64813	0.02643	0.02308	0.01672	0.00861	0.00691	0.00220	0.00601	0.00686	0.00841	0.01171
108	0.01280	0.01553	0.19617	0.01338	0.01745	0.00988	0.01336	0.01710	0.01688	0.06500	0.21445	0.10773	0.03840	0.03908	0.00929	0.00274	0.00649	0.19038	0.00604	0.00785
109	0.08106	0.07557	0.36085	0.11144	0.02716	0.03946	0.01889	0.02105	0.03162	0.04018	0.03936	0.02229	0.08542	0.00833	0.00670	0.00222	0.00866	0.00655	0.00395	0.00923
110	0.04585	0.00721	0.00789	0.00784	0.00804	0.00731	0.00447	0.01083	0.01043	0.01462	0.02187	0.04502	0.02507	0.71635	0.03481	0.00669	0.00684	0.01006	0.00432	0.00447
111	0.01306	0.00785	0.01032	0.00979	0.01185	0.00715	0.00742	0.01588	0.01868	0.12711	0.42386	0.17114	0.08659	0.01547	0.00840	0.00240	0.00406	0.04401	0.00765	0.00731
112	0.04857	0.09507	0.20675	0.11847	0.32036	0.01733	0.02060	0.02101	0.01521	0.02194	0.01366	0.04495	0.01151	0.00717	0.00671	0.00216	0.00875	0.00625	0.00345	0.01008
113	0.05006	0.03094	0.51259	0.02524	0.17916	0.01664	0.04202	0.02233	0.01521	0.02313	0.01283	0.01556	0.00951	0.00664	0.00677	0.00223	0.00988	0.00552	0.00320	0.01054
114	0.01097	0.00810	0.01069	0.01182	0.01358	0.00793	0.00998	0.01444	0.03613	0.02169	0.09562	0.10445	0.13960	0.01885	0.00940	0.00303	0.00573	0.46471	0.00669	0.00659
115	0.01420	0.10921	0.54196	0.01784	0.02665	0.01640	0.02205	0.02114	0.01569	0.02278	0.10924	0.02001	0.01720	0.00779	0.00676	0.00217	0.00921	0.00618	0.00369	0.00984

[dist]
# distance from previous block
# <min> <max>
0	1

[block]
# block no. 3 follows, 29 sequences, length 71
# corresponding to MSA columns:
# 265-335
name=unknown_D
#
# <colnr> <probs for GDERKNQSTAVLIFYWHMCP>
#	G	D	E	R	K	N	Q	S	T	A	V	L	I	F	Y	W	H	M	C	P
0	0.08411	0.05132	0.07788	0.08153	0.22137	0.19590	0.01684	0.11784	0.01889	0.02466	0.01298	0.01585	0.01038	0.00858	0.03030	0.00237	0.00981	0.00556	0.00407	0.00977
1	0.01471	0.03875	0.03568	0.01260	0.01526	0.01177	0.01038	0.17700	0.01925	0.02546	0.03140	0.23408	0.05816	0.07409	0.01070	0.00305	0.00630	0.20733	0.00629	0.00774
2	0.70580	0.03423	0.01152	0.04110	0.01519	0.01586	0.00824	0.02061	0.01241	0.03066	0.01067	0.01261	0.00833	0.00670	0.00456	0.00217	0.00564	0.00410	0.04191	0.00771
3	0.00971	0.00667	0.00815	0.00879	0.00945	0.00640	0.00579	0.01102	0.01344	0.01849	0.09849	0.34076	0.08081	0.24551	0.04117	0.00423	0.00532	0.01469	0.06559	0.00552
4	0.01551	0.08200	0.59706	0.02062	0.05750	0.06191	0.02442	0.02281	0.01537	0.02188	0.01251	0.01477	0.00913	0.00674	0.00661	0.00218	0.01040	0.00517	0.00307	0.01032
5	0.01054	0.00803	0.01017	0.01037	0.01224	0.00725	0.00754	0.01331	0.04302	0.02100	0.10905	0.45134	0.04121	0.01761	0.00830	0.00250	0.00451	0.06688	0.00634	0.14880
6	0.02667	0.03173	0.02037	0.01804	0.02202	0.61105	0.01372	0.13132	0.02227	0.02175	0.01197	0.01351	0.00963	0.00753	0.00653	0.00188	0.01205	0.00487	0.00421	0.00886
7	0.01046	0.00821	0.00961	0.00908	0.01091	0.03170	0.00681	0.01358	0.01968	0.02704	0.60150	0.05362	0.14170	0.01472	0.00833	0.00225	0.00372	0.01285	0.00754	0.00669
8	0.01125	0.00749	0.00969	0.00902	0.01090	0.00684	0.00678	0.01413	0.01931	0.06489	0.57463	0.05154	0.12028	0.01502	0.00922	0.03854	0.00366	0.01245	0.00756	0.00679
9	0.06669	0.01418	0.01497	0.01328	0.01709	0.01599	0.01039	0.09378	0.46372	0.03082	0.12712	0.03010	0.05049	0.01038	0.00726	0.00235	0.00543	0.00858	0.00712	0.01027
10	0.01027	0.00760	0.01129	0.01129	0.01257	0.00883	0.00877	0.01284	0.01156	0.01686	0.01921	0.02793	0.01782	0.05194	0.69823	0.01113	0.01856	0.00760	0.02936	0.00637
11	0.02408	0.02973	0.02055	0.01842	0.02125	0.56105	0.01418	0.02585	0.01806	0.01736	0.01063	0.01347	0.00921	0.00851	0.01030	0.00213	0.17858	0.00496	0.00354	0.00815
12	0.11517	0.01894	0.01904	0.01500	0.02024	0.06406	0.01228	0.48449	0.02836	0.09503	0.01704	0.01717	0.01213	0.00826	0.00668	0.00211	0.00755	0.00607	0.03925	0.01114
13	0.00868	0.00620	0.00826	0.00991	0.01033	0.00578	0.00661	0.00991	0.01363	0.01818	0.03925	0.74510	0.04710	0.02231	0.00909	0.00289	0.00413	0.02024	0.00661	0.00578
14	0.00863	0.00724	0.00751	0.00751	0.00984	0.00613	0.00568	0.01060	0.01655	0.02005	0.12242	0.06759	0.63318	0.01779	0.00845	0.00241	0.00367	0.03194	0.00671	0.00608
15	0.08672	0.29813	0.02571	0.01534	0.01996	0.40797	0.01269	0.02520	0.01742	0.01836	0.01051	0.01221	0.00904	0.00682	0.00557	0.00175	0.01032	0.00424	0.00350	0.00854
16	0.76573	0.01370	0.01074	0.00951	0.01397	0.01573	0.00783	0.02155	0.01249	0.06226	0.01073	0.01213	0.00815	0.00671	0.00453	0.00220	0.00553	0.00400	0.00460	0.00791
17	0.01040	0.00747	0.01066	0.01066	0.01179	0.00850	0.00806	0.01268	0.01154	0.01686	0.01978	0.03024	0.01886	0.13868	0.58657	0.01021	0.01647	0.00791	0.05657	0.00612
18	0.01681	0.00877	0.01167	0.01010	0.01296	0.00787	0.00787	0.01998	0.02023	0.23834	0.49432	0.04428	0.05194	0.01279	0.00802	0.00223	0.00419	0.01112	0.00814	0.00838
19	0.07992	0.02033	0.17049	0.01529	0.02102	0.01701	0.01474	0.33161	0.02383	0.03419	0.04172	0.02552	0.01680	0.00948	0.00702	0.00226	0.00758	0.08145	0.06959	0.01015
20	0.01355	0.01151	0.01722	0.06341	0.20525	0.01154	0.03701	0.07545	0.01713	0.02309	0.07502	0.25895	0.10826	0.01407	0.00811	0.00248	0.00625	0.03787	0.00557	0.00825
21	0.67680	0.01427	0.01337	0.01477	0.12271	0.01612	0.00994	0.02108	0.01276	0.03058	0.01046	0.01252	0.00827	0.00657	0.00482	0.00219	0.00597	0.00425	0.00427	0.00827
22	0.01904	0.75404	0.03731	0.01218	0.01828	0.02818	0.01218	0.02132	0.01447	0.01675	0.00990	0.01142	0.00914	0.00609	0.00457	0.00152	0.00761	0.00381	0.00305	0.00914
23	0.01105	0.00744	0.00993	0.01030	0.01177	0.00702	0.00790	0.01372	0.01734	0.05377	0.32912	0.22475	0.05240	0.04444	0.00988	0.00281	0.00456	0.16807	0.00715	0.00660
24	0.08002	0.06048	0.38547	0.05077	0.15351	0.04798	0.02130	0.05360	0.01623	0.02405	0.03440	0.01643	0.01135	0.00701	0.00660	0.00217	0.00931	0.00559	0.00360	0.01013
25	0.63348	0.01599	0.06962	0.03533	0.01756	0.01618	0.03268	0.04736	0.01364	0.04825	0.01114	0.01290	0.00841	0.00675	0.00500	0.00222	0.00637	0.00439	0.00444	0.00830
26	0.02306	0.01020	0.01370	0.01133	0.01531	0.00900	0.00916	0.02600	0.01993	0.43193	0.24122	0.03814	0.05968	0.01157	0.00775	0.00228	0.00515	0.04641	0.00830	0.00988
27	0.01628	0.07188	0.32014	0.02600	0.22948	0.01764	0.03986	0.02505	0.13850	0.02372	0.01577	0.01779	0.01206	0.00710	0.00684	0.00220	0.00888	0.00609	0.00395	0.01077
28	0.16940	0.01354	0.01986	0.40017	0.15575	0.01571	0.01692	0.04036	0.01485	0.02277	0.01398	0.03983	0.01165	0.00777	0.00672	0.00233	0.00822	0.02786	0.00381	0.00850
