[name]
unknown

[dist]
# distance from previous block
# <min> <max>
0	22

[block]
# block no. 0 follows, 25 sequences, length 6
# corresponding to MSA columns:
# 22-27
name=unknown_A
#
# <colnr> <probs for GDERKNQSTAVLIFYWHMCP>
#	G	D	E	R	K	N	Q	S	T	A	V	L	I	F	Y	W	H	M	C	P
0	0.01742	0.00989	0.01298	0.01281	0.01563	0.00937	0.01041	0.02138	0.05637	0.18494	0.07163	0.17751	0.10025	0.01796	0.00947	0.00301	0.00602	0.24638	0.00787	0.00872
1	0.02511	0.01365	0.01852	0.16952	0.02662	0.01397	0.01351	0.10080	0.06279	0.32618	0.05744	0.09265	0.02246	0.01092	0.00805	0.00252	0.00728	0.00923	0.00762	0.01117
2	0.04103	0.01567	0.01618	0.01366	0.01785	0.08373	0.01090	0.09557	0.05576	0.05556	0.12956	0.03467	0.08353	0.01149	0.00893	0.00223	0.05723	0.05611	0.00627	0.20407
3	0.33584	0.01737	0.04632	0.05846	0.02091	0.07601	0.03813	0.02616	0.10382	0.09485	0.01978	0.09614	0.01678	0.00987	0.00676	0.00250	0.00744	0.00768	0.00570	0.00946
4	0.02335	0.01463	0.02117	0.01993	0.10959	0.01428	0.07391	0.10990	0.06758	0.24124	0.13865	0.07934	0.02877	0.01111	0.00830	0.00247	0.00713	0.00987	0.00755	0.01123
5	0.01980	0.01449	0.01661	0.01315	0.01852	0.01354	0.01033	0.11892	0.12867	0.09766	0.02193	0.06986	0.01842	0.05760	0.00918	0.00227	0.00635	0.00762	0.00633	0.34873

[dist]
# distance from previous block
# <min> <max>
7	25

[block]
# block no. 1 follows, 25 sequences, length 6
# corresponding to MSA columns:
# 53-58
name=unknown_B
#
# <colnr> <probs for GDERKNQSTAVLIFYWHMCP>
#	G	D	E	R	K	N	Q	S	T	A	V	L	I	F	Y	W	H	M	C	P
0	0.05247	0.01804	0.02523	0.08667	0.36208	0.06925	0.01885	0.04947	0.01789	0.02526	0.04431	0.05209	0.01606	0.00887	0.00909	0.00237	0.07000	0.00749	0.00440	0.06011
1	0.06532	0.00850	0.00987	0.00956	0.01059	0.00858	0.00620	0.01445	0.01315	0.06899	0.05910	0.09060	0.02933	0.48025	0.08821	0.00664	0.00809	0.01115	0.00540	0.00604
2	0.01419	0.00913	0.01116	0.01078	0.01276	0.00875	0.00777	0.06512	0.01816	0.09214	0.13685	0.26492	0.13687	0.12865	0.04310	0.00388	0.00598	0.01508	0.00718	0.00753
3	0.06477	0.01070	0.01404	0.01241	0.01539	0.01049	0.06369	0.01782	0.08646	0.02513	0.17527	0.12318	0.15838	0.07037	0.06506	0.00367	0.00682	0.01248	0.00652	0.05736
4	0.01678	0.07154	0.02293	0.01946	0.08428	0.04314	0.08336	0.04705	0.06027	0.02415	0.07265	0.08594	0.05072	0.01439	0.05740	0.00311	0.11878	0.00906	0.00511	0.10990
5	0.07163	0.01728	0.01689	0.01761	0.10344	0.14759	0.01163	0.06285	0.03931	0.08174	0.02655	0.03239	0.10169	0.14713	0.06372	0.00399	0.00931	0.00856	0.00547	0.03124

[dist]
# distance from previous block
# <min> <max>
0	15

[block]
# block no. 2 follows, 25 sequences, length 7
# corresponding to MSA columns:
# 74-80
name=unknown_C
#
# <colnr> <probs for GDERKNQSTAVLIFYWHMCP>
#	G	D	E	R	K	N	Q	S	T	A	V	L	I	F	Y	W	H	M	C	P
0	0.04899	0.07652	0.02068	0.01513	0.02050	0.04567	0.01247	0.32120	0.05255	0.03565	0.02223	0.06749	0.04034	0.01050	0.00744	0.00222	0.00758	0.04844	0.00653	0.13788
1	0.02095	0.01914	0.01750	0.06253	0.02151	0.15562	0.01218	0.12080	0.18523	0.05126	0.02954	0.02944	0.11355	0.01048	0.00754	0.00228	0.00789	0.00827	0.05554	0.06875
2	0.08681	0.01706	0.01922	0.06325	0.02293	0.01890	0.01318	0.26215	0.19316	0.12925	0.02288	0.02296	0.01666	0.01313	0.06033	0.00322	0.00849	0.00743	0.00724	0.01176
3	0.13749	0.01769	0.02001	0.12718	0.02587	0.02035	0.01426	0.31168	0.07665	0.03638	0.02107	0.02253	0.05754	0.00989	0.00886	0.00251	0.06567	0.00731	0.00623	0.01082
4	0.07569	0.01162	0.01358	0.06729	0.01732	0.01221	0.00942	0.07477	0.09687	0.10552	0.09076	0.08483	0.07016	0.21677	0.01698	0.00397	0.00663	0.01061	0.00655	0.00846
5	0.11453	0.01642	0.02742	0.22148	0.28687	0.01745	0.11161	0.02215	0.01685	0.02529	0.05483	0.02140	0.01493	0.00768	0.00764	0.00245	0.00933	0.00732	0.00415	0.01020
6	0.11730	0.01276	0.01795	0.31796	0.06510	0.01460	0.01495	0.02025	0.07228	0.02367	0.06989	0.07093	0.01952	0.01154	0.00986	0.08195	0.00785	0.00819	0.00474	0.03872

[dist]
# distance from previous block
# <min> <max>
0	3

[block]
# block no. 3 follows, 25 sequences, length 12
# corresponding to MSA columns:
# 84-95
name=unknown_D
#
# <colnr> <probs for GDERKNQSTAVLIFYWHMCP>
#	G	D	E	R	K	N	Q	S	T	A	V	L	I	F	Y	W	H	M	C	P
0	0.02288	0.01755	0.02111	0.01650	0.02177	0.01842	0.06536	0.38806	0.02784	0.03794	0.02287	0.06443	0.04931	0.03536	0.04198	0.00293	0.00850	0.00848	0.04037	0.08835
1	0.01379	0.00974	0.01132	0.01068	0.01268	0.00948	0.00768	0.08250	0.01695	0.02366	0.06200	0.15382	0.05231	0.26336	0.01912	0.00423	0.00624	0.07395	0.07791	0.08856
2	0.01593	0.01271	0.01629	0.13703	0.02317	0.01303	0.01211	0.05201	0.07142	0.06264	0.03172	0.09341	0.13564	0.01247	0.00930	0.00241	0.06216	0.04560	0.00585	0.18510
3	0.01355	0.00921	0.01073	0.00989	0.01274	0.00844	0.00757	0.01792	0.07374	0.09999	0.29135	0.05919	0.32362	0.01634	0.00890	0.00253	0.00431	0.01390	0.00802	0.00805
4	0.01655	0.01497	0.02571	0.32180	0.07101	0.01664	0.14398	0.02248	0.06290	0.05132	0.01934	0.02958	0.01642	0.04536	0.01077	0.00296	0.04378	0.07058	0.00458	0.00928
5	0.03291	0.01278	0.01739	0.01348	0.01915	0.01107	0.01107	0.03596	0.02217	0.63306	0.08134	0.02887	0.02344	0.01009	0.00790	0.00240	0.00637	0.00829	0.00951	0.01273
6	0.02570	0.01771	0.02017	0.06199	0.02307	0.01920	0.01331	0.43049	0.02967	0.11063	0.04621	0.06917	0.01950	0.06450	0.01034	0.00280	0.00792	0.00863	0.00743	0.01158
7	0.13375	0.29535	0.02858	0.05813	0.07744	0.17403	0.01446	0.09293	0.01915	0.02481	0.01239	0.01451	0.01030	0.00739	0.00608	0.00202	0.00944	0.00504	0.00421	0.00998
8	0.10389	0.12581	0.02349	0.06302	0.06137	0.10607	0.03153	0.13498	0.02022	0.02826	0.01374	0.01597	0.01101	0.00718	0.00639	0.00188	0.00842	0.00538	0.00477	0.22662
9	0.01720	0.10624	0.05076	0.14134	0.11693	0.01705	0.12846	0.02172	0.01655	0.02335	0.01386	0.01770	0.01119	0.00655	0.00691	0.00192	0.00882	0.00609	0.00397	0.28338
10	0.02143	0.05863	0.11408	0.08991	0.06214	0.08887	0.11231	0.13637	0.12311	0.05351	0.01806	0.01991	0.01351	0.00812	0.00762	0.00234	0.00977	0.00698	0.00530	0.04803
11	0.06964	0.14033	0.29927	0.01919	0.02749	0.02148	0.06201	0.16167	0.07462	0.03016	0.01582	0.01734	0.01176	0.00787	0.00707	0.00232	0.00964	0.00613	0.00478	0.01140

[dist]
# distance from previous block
# <min> <max>
7	37

[block]
# block no. 4 follows, 25 sequences, length 60
# corresponding to MSA columns:
# 136-195
name=unknown_E
#
# <colnr> <probs for GDERKNQSTAVLIFYWHMCP>
#	G	D	E	R	K	N	Q	S	T	A	V	L	I	F	Y	W	H	M	C	P
0	0.01685	0.10438	0.56521	0.02159	0.03206	0.05461	0.05220	0.02477	0.01668	0.02368	0.01359	0.01606	0.00992	0.00730	0.00720	0.00236	0.01136	0.00568	0.00334	0.01115
1	0.02073	0.73217	0.04063	0.01327	0.01990	0.03068	0.01327	0.02322	0.01575	0.01824	0.01078	0.01244	0.00995	0.00663	0.00498	0.00166	0.00829	0.00415	0.00332	0.00995
2	0.01178	0.00833	0.01056	0.01109	0.01228	0.00813	0.00777	0.06810	0.01782	0.02415	0.16613	0.46807	0.04967	0.04716	0.01162	0.04030	0.00490	0.01797	0.00724	0.00691
3	0.02551	0.02974	0.11591	0.02157	0.07911	0.29573	0.01730	0.20247	0.08538	0.02981	0.01615	0.01744	0.01233	0.00842	0.00740	0.00224	0.01099	0.00616	0.00529	0.01108
4	0.01113	0.00809	0.01137	0.01137	0.01238	0.00910	0.00833	0.01315	0.01214	0.01719	0.02176	0.03597	0.02178	0.24016	0.51805	0.01112	0.01717	0.00911	0.00430	0.00632
5	0.00957	0.00684	0.00911	0.01071	0.01127	0.00638	0.00721	0.01111	0.01542	0.02071	0.09416	0.66840	0.05306	0.02361	0.00984	0.00309	0.00443	0.02139	0.00731	0.00638
6	0.08751	0.00780	0.00983	0.01033	0.01135	0.00773	0.00721	0.01255	0.01473	0.02171	0.15719	0.31772	0.04047	0.02168	0.01514	0.22571	0.00513	0.01425	0.00612	0.00586
7	0.01919	0.01842	0.03147	0.04759	0.67914	0.01842	0.02380	0.02380	0.01765	0.02533	0.01458	0.01919	0.01228	0.00691	0.00768	0.00230	0.00921	0.00691	0.00384	0.01228
8	0.00958	0.00695	0.00905	0.01047	0.01122	0.00642	0.00711	0.01120	0.01576	0.02100	0.10807	0.60838	0.09993	0.02311	0.00977	0.00304	0.00437	0.02082	0.00733	0.00642
9	0.60153	0.01328	0.01108	0.01015	0.01418	0.01498	0.00814	0.02068	0.01488	0.03333	0.13345	0.05783	0.02243	0.00966	0.00586	0.00245	0.00549	0.00692	0.00560	0.00809
10	0.21045	0.01174	0.01361	0.01145	0.01565	0.01140	0.00918	0.02573	0.01989	0.28852	0.25831	0.03437	0.03601	0.01126	0.00754	0.00241	0.00539	0.00916	0.00803	0.00989
11	0.78228	0.01499	0.01140	0.01020	0.01499	0.01739	0.00840	0.02279	0.01320	0.03479	0.01080	0.01260	0.00840	0.00720	0.00480	0.00240	0.00600	0.00420	0.00480	0.00840
12	0.02947	0.02172	0.02327	0.01784	0.02404	0.02404	0.01474	0.65329	0.03646	0.04887	0.01862	0.01862	0.01319	0.00931	0.00776	0.00233	0.00853	0.00698	0.00776	0.01319
13	0.01152	0.00807	0.01014	0.00972	0.01172	0.00735	0.00729	0.01462	0.02036	0.05188	0.47224	0.09015	0.17517	0.04177	0.01025	0.00272	0.00411	0.03558	0.00809	0.00725
14	0.02350	0.01058	0.01410	0.01193	0.01576	0.00935	0.00931	0.02627	0.02049	0.37902	0.19408	0.12814	0.06131	0.04736	0.00995	0.00276	0.00554	0.01169	0.00870	0.01019
15	0.74713	0.01491	0.01171	0.01037	0.01522	0.01711	0.00854	0.02350	0.01362	0.06533	0.01173	0.01324	0.00890	0.00731	0.00494	0.00240	0.00603	0.00437	0.00502	0.00862
16	0.21113	0.01362	0.01644	0.01295	0.01866	0.01281	0.01069	0.03425	0.02007	0.53123	0.02592	0.02314	0.01665	0.00903	0.00709	0.00240	0.00646	0.00695	0.00846	0.01206
17	0.03479	0.01320	0.01799	0.01380	0.01979	0.01140	0.01140	0.03779	0.02219	0.68451	0.03059	0.02639	0.01919	0.00960	0.00780	0.00240	0.00660	0.00780	0.00960	0.01320
18	0.01489	0.00876	0.01083	0.01004	0.01265	0.00776	0.00754	0.01744	0.01932	0.15291	0.26101	0.13912	0.23838	0.05115	0.01044	0.00282	0.00460	0.01438	0.00799	0.00798
19	0.00918	0.00781	0.00790	0.00798	0.01050	0.00654	0.00594	0.01111	0.01756	0.02090	0.07708	0.10117	0.65039	0.01983	0.00919	0.00264	0.00395	0.01660	0.00720	0.00654
20	0.01919	0.01842	0.03147	0.04759	0.67914	0.01842	0.02380	0.02380	0.01765	0.02533	0.01458	0.01919	0.01228	0.00691	0.00768	0.00230	0.00921	0.00691	0.00384	0.01228
21	0.01108	0.00831	0.01246	0.01246	0.01385	0.00969	0.00969	0.01385	0.01246	0.01800	0.02077	0.03046	0.01938	0.05815	0.69678	0.01246	0.02077	0.00831	0.00415	0.00692
22	0.78228	0.01499	0.01140	0.01020	0.01499	0.01739	0.00840	0.02279	0.01320	0.03479	0.01080	0.01260	0.00840	0.00720	0.00480	0.00240	0.00600	0.00420	0.00480	0.00840
23	0.02947	0.02172	0.02327	0.01784	0.02404	0.02404	0.01474	0.65329	0.03646	0.04887	0.01862	0.01862	0.01319	0.00931	0.00776	0.00233	0.00853	0.00698	0.00776	0.01319
24	0.01401	0.00876	0.01037	0.00947	0.01239	0.00760	0.00728	0.01671	0.01984	0.13436	0.26789	0.06110	0.36766	0.01672	0.00893	0.00252	0.00428	0.01417	0.00804	0.00790
25	0.00956	0.00730	0.00879	0.00962	0.01102	0.00653	0.00675	0.01145	0.01683	0.02178	0.14391	0.40156	0.27401	0.02147	0.00953	0.00286	0.00418	0.01892	0.00739	0.00653
26	0.04823	0.00786	0.00898	0.00907	0.00957	0.00792	0.00558	0.01218	0.01278	0.01809	0.08538	0.12183	0.03354	0.52554	0.05673	0.00652	0.00726	0.01224	0.00531	0.00538
27	0.01670	0.01415	0.01641	0.01178	0.01864	0.01097	0.00944	0.04883	0.01702	0.02636	0.01400	0.01620	0.01156	0.00591	0.00584	0.00120	0.00587	0.00470	0.00474	0.73969
28	0.01715	0.06784	0.50058	0.02345	0.03373	0.01865	0.15159	0.02510	0.01697	0.05188	0.01482	0.01751	0.01061	0.00726	0.00763	0.00245	0.01143	0.00642	0.00367	0.01126
29	0.00925	0.00786	0.00798	0.00795	0.01053	0.00658	0.00596	0.01130	0.01788	0.02144	0.10732	0.07381	0.64691	0.01945	0.00916	0.00261	0.00391	0.01625	0.00726	0.00658
30	0.01929	0.01666	0.01753	0.01578	0.02016	0.01929	0.01227	0.04120	0.66513	0.03243	0.03156	0.02893	0.02367	0.01052	0.00789	0.00263	0.00614	0.00877	0.00789	0.01227
31	0.01646	0.01554	0.02496	0.42905	0.12339	0.01799	0.07188	0.02510	0.14885	0.02349	0.01767	0.02220	0.01342	0.00811	0.00789	0.00256	0.00956	0.00746	0.00444	0.00997
32	0.01608	0.01378	0.01608	0.01148	0.01837	0.01034	0.00919	0.01952	0.01608	0.02527	0.01378	0.01608	0.01148	0.00574	0.00574	0.00115	0.00574	0.00459	0.00459	0.77491
33	0.02896	0.03695	0.02197	0.01998	0.02397	0.69638	0.01498	0.03096	0.02197	0.01898	0.01199	0.01398	0.00999	0.00799	0.00699	0.00200	0.01398	0.00499	0.00400	0.00899
34	0.00922	0.00762	0.00810	0.00849	0.01064	0.00649	0.00617	0.01106	0.01706	0.02070	0.07083	0.21430	0.54130	0.02064	0.00932	0.00273	0.00405	0.01759	0.00720	0.00649
35	0.01840	0.01335	0.01508	0.01341	0.01699	0.01413	0.01037	0.14339	0.21642	0.08355	0.14529	0.15398	0.09421	0.01431	0.00853	0.00261	0.00572	0.01221	0.00793	0.01013
36	0.01358	0.01429	0.05294	0.02066	0.02482	0.01257	0.28591	0.01758	0.01670	0.02264	0.05629	0.36277	0.03343	0.01558	0.00944	0.00286	0.00845	0.01547	0.00568	0.00835
37	0.03479	0.01320	0.01799	0.01380	0.01979	0.01140	0.01140	0.03779	0.02219	0.68451	0.03059	0.02639	0.01919	0.00960	0.00780	0.00240	0.00660	0.00780	0.00960	0.01320
38	0.00945	0.00675	0.00900	0.01080	0.01125	0.00630	0.00720	0.01080	0.01484	0.01979	0.04274	0.72245	0.05128	0.02429	0.00990	0.00315	0.00450	0.02204	0.00720	0.00630
39	0.04505	0.00963	0.01058	0.01002	0.01200	0.00960	0.00702	0.04597	0.07556	0.05135	0.09577	0.10362	0.18907	0.27817	0.01996	0.00442	0.00589	0.01272	0.00649	0.00711
40	0.01146	0.00859	0.01105	0.01228	0.01433	0.00819	0.01044	0.01453	0.01779	0.02250	0.05270	0.08347	0.24080	0.02087	0.01023	0.00327	0.00614	0.43723	0.00716	0.00696
41	0.00939	0.00786	0.00817	0.00809	0.01061	0.00664	0.00607	0.01157	0.01821	0.02223	0.15377	0.07251	0.59997	0.01916	0.00916	0.00260	0.00389	0.01607	0.00737	0.00664
42	0.02128	0.01577	0.01721	0.01444	0.01847	0.01698	0.01134	0.36737	0.05681	0.03608	0.03031	0.12566	0.09168	0.10311	0.01229	0.00318	0.00722	0.03334	0.00722	0.01023
43	0.02855	0.01459	0.01781	0.01459	0.01994	0.01457	0.01175	0.03916	0.28078	0.42225	0.03098	0.02741	0.02099	0.00997	0.00783	0.00249	0.00641	0.00819	0.00891	0.01282
44	0.01608	0.01378	0.01608	0.01148	0.01837	0.01034	0.00919	0.01952	0.01608	0.02527	0.01378	0.01608	0.01148	0.00574	0.00574	0.00115	0.00574	0.00459	0.00459	0.77491
45	0.01116	0.00805	0.01062	0.01031	0.01213	0.00751	0.00795	0.01481	0.02145	0.03013	0.59768	0.06152	0.06968	0.01653	0.00934	0.00258	0.00408	0.08882	0.00836	0.00729
46	0.01022	0.00788	0.00921	0.00889	0.01097	0.00700	0.00659	0.01299	0.01966	0.02607	0.39246	0.06473	0.32820	0.04841	0.01047	0.00274	0.00394	0.01490	0.00780	0.00687
47	0.00998	0.00766	0.00914	0.00926	0.01110	0.00682	0.00676	0.01253	0.01888	0.02495	0.32079	0.20142	0.29469	0.01901	0.00931	0.00265	0.00393	0.01656	0.00776	0.00682
48	0.03384	0.01471	0.01893	0.01451	0.02055	0.01364	0.01199	0.14715	0.02473	0.57157	0.02846	0.02501	0.01813	0.00955	0.00779	0.00239	0.00694	0.00765	0.00927	0.01319
49	0.01336	0.00887	0.01102	0.01011	0.01262	0.00819	0.00771	0.01760	0.05471	0.09193	0.47206	0.05640	0.17428	0.01566	0.00895	0.00248	0.00412	0.01357	0.00836	0.00800
50	0.01034	0.00736	0.00918	0.00965	0.01076	0.00680	0.00665	0.01190	0.01647	0.02199	0.21566	0.29106	0.16248	0.10985	0.01480	0.06081	0.00472	0.01637	0.00696	0.00620
51	0.00942	0.00684	0.00890	0.01054	0.01118	0.00632	0.00708	0.01083	0.01509	0.01989	0.04588	0.66556	0.10614	0.02388	0.00983	0.00310	0.00445	0.02154	0.00720	0.00632
52	0.00945	0.00675	0.00900	0.01080	0.01125	0.00630	0.00720	0.01080	0.01484	0.01979	0.04274	0.72245	0.05128	0.02429	0.00990	0.00315	0.00450	0.02204	0.00720	0.00630
53	0.01067	0.00824	0.00878	0.00862	0.01046	0.00753	0.00598	0.03556	0.01653	0.02064	0.08644	0.09002	0.40160	0.23395	0.01833	0.00411	0.00520	0.01458	0.00652	0.00626
54	0.01739	0.01766	0.02152	0.07578	0.28920	0.14008	0.01635	0.02049	0.01749	0.02196	0.02512	0.22628	0.05272	0.01281	0.00827	0.00253	0.00856	0.01140	0.00497	0.00941
55	0.05708	0.02100	0.06411	0.02904	0.09272	0.01975	0.39683	0.13688	0.02132	0.05904	0.01647	0.02001	0.01216	0.00726	0.00843	0.00251	0.01123	0.00813	0.00486	0.01117
56	0.02947	0.02172	0.02327	0.01784	0.02404	0.02404	0.01474	0.65329	0.03646	0.04887	0.01862	0.01862	0.01319	0.00931	0.00776	0.00233	0.00853	0.00698	0.00776	0.01319
57	0.01830	0.01574	0.02326	0.53840	0.04616	0.01891	0.01986	0.17608	0.02067	0.02698	0.01497	0.02016	0.01104	0.00814	0.00775	0.00252	0.00989	0.00691	0.00451	0.00974
58	0.02410	0.01460	0.01968	0.04787	0.08061	0.01460	0.03792	0.16037	0.05351	0.24491	0.13488	0.08096	0.02831	0.01128	0.00822	0.00246	0.00699	0.00971	0.00776	0.01126
59	0.01902	0.21061	0.20004	0.02124	0.09325	0.05608	0.07607	0.09105	0.01918	0.02521	0.04116	0.05106	0.04592	0.00890	0.00722	0.00225	0.00943	0.00735	0.00447	0.01052

[dist]
# distance from previous block
# <min> <max>
0	5

# created by:
# /st0/software/busco_prod/Augustus/scripts/msa2prfl.pl ./align_prep/178740.fa
