[name]
unknown

[dist]
# distance from previous block
# <min> <max>
0	4

[block]
# block no. 0 follows, 30 sequences, length 29
# corresponding to MSA columns:
# 4-32
name=unknown_A
#
# <colnr> <probs for GDERKNQSTAVLIFYWHMCP>
#	G	D	E	R	K	N	Q	S	T	A	V	L	I	F	Y	W	H	M	C	P
0	0.01109	0.00793	0.01103	0.01238	0.01400	0.00787	0.01071	0.01431	0.01649	0.02170	0.11387	0.07567	0.04311	0.01870	0.00948	0.00310	0.00607	0.58951	0.00657	0.00644
1	0.06253	0.01596	0.01799	0.01422	0.01940	0.01688	0.01163	0.32945	0.14282	0.26176	0.02199	0.02041	0.01508	0.00856	0.00689	0.00217	0.00663	0.00669	0.00742	0.01153
2	0.01318	0.01215	0.01947	0.60150	0.04190	0.01420	0.01722	0.01747	0.01401	0.01855	0.01344	0.04707	0.01092	0.00730	0.00679	0.00215	0.00848	0.00644	0.00339	0.12437
3	0.05950	0.01597	0.02037	0.08234	0.16043	0.01700	0.01429	0.25846	0.09864	0.17357	0.01885	0.01924	0.01345	0.00791	0.00686	0.00216	0.00724	0.00648	0.00617	0.01106
4	0.01318	0.01240	0.02093	0.73798	0.04806	0.01550	0.01938	0.01783	0.01395	0.01783	0.01240	0.01860	0.00930	0.00698	0.00698	0.00233	0.00930	0.00620	0.00310	0.00775
5	0.02607	0.03326	0.01978	0.01798	0.02157	0.72674	0.01348	0.02787	0.01978	0.01708	0.01079	0.01258	0.00899	0.00719	0.00629	0.00180	0.01258	0.00449	0.00360	0.00809
6	0.01366	0.00821	0.01014	0.00946	0.01189	0.00746	0.00715	0.01686	0.05029	0.15551	0.25786	0.17451	0.21932	0.01521	0.00807	0.00235	0.00410	0.01317	0.00731	0.00747
7	0.01031	0.00763	0.00878	0.00870	0.01093	0.00684	0.00674	0.01315	0.03801	0.05359	0.19588	0.08926	0.41317	0.01664	0.00835	0.00244	0.00403	0.09219	0.00685	0.00653
8	0.00972	0.00701	0.00919	0.00889	0.01039	0.00648	0.00657	0.01277	0.01902	0.02682	0.63080	0.13220	0.06359	0.01514	0.00831	0.00227	0.00338	0.01345	0.00754	0.00648
9	0.03131	0.01188	0.01619	0.01242	0.01781	0.01026	0.01026	0.03401	0.01997	0.71606	0.02753	0.02375	0.01727	0.00864	0.00702	0.00216	0.00594	0.00702	0.00864	0.01188
10	0.04937	0.01443	0.01603	0.01361	0.01801	0.01570	0.01082	0.10978	0.41168	0.19291	0.05204	0.02490	0.02047	0.00922	0.00701	0.00227	0.00578	0.00753	0.00737	0.01104
11	0.73629	0.01402	0.01119	0.00978	0.01421	0.01618	0.00805	0.07868	0.01370	0.03241	0.01033	0.01181	0.00793	0.00664	0.00455	0.00215	0.00560	0.00400	0.00455	0.00793
12	0.00850	0.00607	0.00810	0.00972	0.01012	0.00567	0.00648	0.00972	0.01336	0.01781	0.03846	0.75020	0.04615	0.02186	0.00891	0.00283	0.00405	0.01984	0.00648	0.00567
13	0.00926	0.00673	0.00872	0.00901	0.01025	0.00620	0.00646	0.01167	0.01711	0.02358	0.41552	0.31351	0.10133	0.01733	0.00848	0.00244	0.00359	0.01545	0.00715	0.00620
14	0.02135	0.00965	0.01298	0.01077	0.01439	0.00853	0.00856	0.02425	0.01964	0.39763	0.31761	0.06217	0.03901	0.01151	0.00760	0.00220	0.00474	0.00987	0.00815	0.00940
15	0.01015	0.00677	0.00761	0.00761	0.00761	0.00677	0.00423	0.01015	0.01015	0.01353	0.02199	0.04567	0.02537	0.75476	0.03552	0.00677	0.00677	0.01015	0.00423	0.00423
16	0.03131	0.01188	0.01619	0.01242	0.01781	0.01026	0.01026	0.03401	0.01997	0.71606	0.02753	0.02375	0.01727	0.00864	0.00702	0.00216	0.00594	0.00702	0.00864	0.01188
17	0.07221	0.01506	0.01778	0.01370	0.01912	0.01514	0.01132	0.29688	0.02470	0.40717	0.02220	0.02024	0.01456	0.00841	0.00685	0.00213	0.00661	0.00654	0.00773	0.01163
18	0.11131	0.01204	0.01558	0.01208	0.01737	0.01082	0.00998	0.03261	0.01913	0.64517	0.02569	0.02247	0.01627	0.00841	0.00674	0.00216	0.00588	0.00668	0.00819	0.01143
19	0.80405	0.01350	0.01026	0.00918	0.01350	0.01565	0.00756	0.02051	0.01188	0.03131	0.00972	0.01134	0.00756	0.00648	0.00432	0.00216	0.00540	0.00378	0.00432	0.00756
20	0.00889	0.00635	0.00854	0.01016	0.01073	0.00600	0.00715	0.01039	0.01374	0.01825	0.03825	0.65540	0.04531	0.02150	0.00901	0.00289	0.00438	0.11082	0.00647	0.00577
21	0.02938	0.01354	0.01708	0.01315	0.01846	0.01285	0.01084	0.18970	0.02304	0.53011	0.04981	0.02311	0.01776	0.00878	0.00705	0.00214	0.00626	0.00705	0.00821	0.01168
22	0.01015	0.00677	0.00761	0.00761	0.00761	0.00677	0.00423	0.01015	0.01015	0.01353	0.02199	0.04567	0.02537	0.75476	0.03552	0.00677	0.00677	0.01015	0.00423	0.00423
23	0.01447	0.01240	0.01447	0.01034	0.01654	0.00930	0.00827	0.01757	0.01447	0.02274	0.01240	0.01447	0.01034	0.00517	0.00517	0.00103	0.00517	0.00413	0.00413	0.79742
24	0.01013	0.00685	0.00802	0.00802	0.00817	0.00699	0.00474	0.01041	0.01027	0.01384	0.02161	0.04357	0.02446	0.67419	0.11484	0.00728	0.00813	0.00984	0.00417	0.00446
25	0.00997	0.00748	0.01121	0.01121	0.01246	0.00872	0.00872	0.01246	0.01121	0.01620	0.01869	0.02741	0.01745	0.05234	0.72710	0.01121	0.01869	0.00748	0.00374	0.00623
26	0.01093	0.00781	0.01088	0.01249	0.01396	0.00776	0.01070	0.01391	0.01575	0.02053	0.03712	0.15574	0.04085	0.01957	0.00955	0.00317	0.00615	0.59034	0.00643	0.00634
27	0.02885	0.01133	0.01541	0.01200	0.01697	0.00984	0.00984	0.03162	0.01995	0.63714	0.10553	0.02701	0.02284	0.00928	0.00716	0.00216	0.00563	0.00766	0.00853	0.01127
28	0.02471	0.01728	0.01894	0.01503	0.02008	0.01887	0.01223	0.47424	0.13893	0.11740	0.02093	0.05434	0.01567	0.00923	0.00710	0.00218	0.00695	0.00728	0.00717	0.01144

[dist]
# distance from previous block
# <min> <max>
1	5

[block]
# block no. 1 follows, 30 sequences, length 35
# corresponding to MSA columns:
# 38-72
name=unknown_B
#
# <colnr> <probs for GDERKNQSTAVLIFYWHMCP>
#	G	D	E	R	K	N	Q	S	T	A	V	L	I	F	Y	W	H	M	C	P
0	0.01780	0.01638	0.02418	0.11839	0.32171	0.04337	0.07101	0.04602	0.19594	0.04752	0.01764	0.01989	0.01365	0.00732	0.00706	0.00220	0.00803	0.00678	0.00466	0.01045
1	0.01438	0.01240	0.01490	0.05890	0.01864	0.00972	0.00901	0.01759	0.01444	0.02241	0.01240	0.01475	0.01027	0.00529	0.00529	0.00112	0.00544	0.00427	0.00407	0.74471
2	0.01018	0.00748	0.00967	0.00888	0.01083	0.00677	0.00670	0.01346	0.01940	0.02763	0.66115	0.04961	0.06214	0.01366	0.00803	0.00212	0.00342	0.01205	0.00744	0.05937
3	0.00836	0.00707	0.00722	0.00718	0.00949	0.00594	0.00539	0.01023	0.01616	0.01946	0.11320	0.06615	0.66551	0.01745	0.00825	0.00235	0.00352	0.01459	0.00656	0.00594
4	0.01866	0.75896	0.03657	0.01194	0.01791	0.02761	0.01194	0.02090	0.01418	0.01642	0.00970	0.01119	0.00896	0.00597	0.00448	0.00149	0.00746	0.00373	0.00299	0.00896
5	0.02196	0.01645	0.01822	0.01367	0.01949	0.01635	0.01118	0.39939	0.02511	0.06088	0.01545	0.01612	0.01147	0.00712	0.00627	0.00168	0.00662	0.00546	0.00592	0.32120
6	0.02337	0.01798	0.01917	0.01542	0.02044	0.02017	0.01250	0.46411	0.26179	0.03889	0.02076	0.01995	0.01511	0.00875	0.00702	0.00219	0.00694	0.00684	0.00702	0.01158
7	0.01711	0.01642	0.02804	0.06950	0.68578	0.01654	0.02134	0.02128	0.01582	0.02261	0.01310	0.01732	0.01099	0.00625	0.00691	0.00208	0.00833	0.00622	0.00344	0.01093
8	0.01512	0.01238	0.01454	0.01042	0.01659	0.00934	0.00835	0.01821	0.01468	0.04964	0.01299	0.01483	0.01061	0.00530	0.00524	0.00108	0.00520	0.00425	0.00431	0.76694
9	0.00850	0.00607	0.00810	0.00972	0.01012	0.00567	0.00648	0.00972	0.01336	0.01781	0.03846	0.75020	0.04615	0.02186	0.00891	0.00283	0.00405	0.01984	0.00648	0.00567
10	0.01632	0.01350	0.01546	0.01121	0.01732	0.01119	0.00903	0.12014	0.01728	0.02599	0.01307	0.01482	0.01057	0.00566	0.00545	0.00120	0.00555	0.00446	0.00457	0.67722
11	0.01447	0.01240	0.01447	0.01034	0.01654	0.00930	0.00827	0.01757	0.01447	0.02274	0.01240	0.01447	0.01034	0.00517	0.00517	0.00103	0.00517	0.00413	0.00413	0.79742
12	0.01647	0.01882	0.04118	0.02941	0.03647	0.01765	0.68588	0.02235	0.01647	0.02235	0.01412	0.01882	0.01059	0.00588	0.00824	0.00235	0.01176	0.00824	0.00353	0.00941
13	0.03131	0.01188	0.01619	0.01242	0.01781	0.01026	0.01026	0.03401	0.01997	0.71606	0.02753	0.02375	0.01727	0.00864	0.00702	0.00216	0.00594	0.00702	0.00864	0.01188
14	0.01668	0.01440	0.01513	0.01367	0.01750	0.01650	0.01062	0.03507	0.64783	0.02842	0.03155	0.02909	0.07241	0.01008	0.00719	0.00237	0.00537	0.00840	0.00705	0.01066
15	0.01001	0.00679	0.00757	0.00757	0.00775	0.00670	0.00431	0.01014	0.01058	0.01393	0.02561	0.04726	0.07618	0.69993	0.03349	0.00644	0.00652	0.01049	0.00440	0.00435
16	0.01318	0.01240	0.02093	0.73798	0.04806	0.01550	0.01938	0.01783	0.01395	0.01783	0.01240	0.01860	0.00930	0.00698	0.00698	0.00233	0.00930	0.00620	0.00310	0.00775
17	0.80405	0.01350	0.01026	0.00918	0.01350	0.01565	0.00756	0.02051	0.01188	0.03131	0.00972	0.01134	0.00756	0.00648	0.00432	0.00216	0.00540	0.00378	0.00432	0.00756
18	0.01447	0.01240	0.01447	0.01034	0.01654	0.00930	0.00827	0.01757	0.01447	0.02274	0.01240	0.01447	0.01034	0.00517	0.00517	0.00103	0.00517	0.00413	0.00413	0.79742
19	0.00997	0.00748	0.01121	0.01121	0.01246	0.00872	0.00872	0.01246	0.01121	0.01620	0.01869	0.02741	0.01745	0.05234	0.72710	0.01121	0.01869	0.00748	0.00374	0.00623
20	0.00852	0.00703	0.00750	0.00763	0.00975	0.00601	0.00572	0.01044	0.01608	0.01968	0.12565	0.11699	0.57660	0.01773	0.00834	0.00241	0.00365	0.03772	0.00659	0.00596
21	0.02607	0.03326	0.01978	0.01798	0.02157	0.72674	0.01348	0.02787	0.01978	0.01708	0.01079	0.01258	0.00899	0.00719	0.00629	0.00180	0.01258	0.00449	0.00360	0.00809
22	0.01736	0.01499	0.01578	0.01420	0.01815	0.01736	0.01105	0.03708	0.69862	0.02919	0.02840	0.02604	0.02130	0.00947	0.00710	0.00237	0.00552	0.00789	0.00710	0.01105
23	0.80405	0.01350	0.01026	0.00918	0.01350	0.01565	0.00756	0.02051	0.01188	0.03131	0.00972	0.01134	0.00756	0.00648	0.00432	0.00216	0.00540	0.00378	0.00432	0.00756
24	0.02653	0.01955	0.02094	0.01606	0.02164	0.02164	0.01326	0.68796	0.03281	0.04398	0.01675	0.01675	0.01187	0.00838	0.00698	0.00209	0.00768	0.00628	0.00698	0.01187
25	0.01333	0.01240	0.02043	0.65754	0.04438	0.01561	0.01854	0.01769	0.01374	0.01805	0.01254	0.01863	0.00961	0.00741	0.00808	0.00235	0.06358	0.00621	0.03217	0.00770
26	0.01866	0.75896	0.03657	0.01194	0.01791	0.02761	0.01194	0.02090	0.01418	0.01642	0.00970	0.01119	0.00896	0.00597	0.00448	0.00149	0.00746	0.00373	0.00299	0.00896
27	0.00928	0.00711	0.00850	0.00815	0.01006	0.00633	0.00611	0.01201	0.01834	0.02462	0.47301	0.05766	0.30248	0.01552	0.00824	0.00225	0.00338	0.01340	0.00724	0.00633
28	0.80405	0.01350	0.01026	0.00918	0.01350	0.01565	0.00756	0.02051	0.01188	0.03131	0.00972	0.01134	0.00756	0.00648	0.00432	0.00216	0.00540	0.00378	0.00432	0.00756
29	0.01447	0.01240	0.01447	0.01034	0.01654	0.00930	0.00827	0.01757	0.01447	0.02274	0.01240	0.01447	0.01034	0.00517	0.00517	0.00103	0.00517	0.00413	0.00413	0.79742
30	0.01866	0.75896	0.03657	0.01194	0.01791	0.02761	0.01194	0.02090	0.01418	0.01642	0.00970	0.01119	0.00896	0.00597	0.00448	0.00149	0.00746	0.00373	0.00299	0.00896
31	0.01555	0.01426	0.01972	0.01691	0.01748	0.01918	0.01400	0.03767	0.01257	0.04515	0.07464	0.01943	0.01504	0.01350	0.04410	0.00318	0.59921	0.00679	0.00383	0.00778
32	0.05239	0.01799	0.08316	0.21808	0.03743	0.01700	0.40346	0.02084	0.01525	0.02135	0.01316	0.01799	0.00992	0.00648	0.00809	0.00235	0.03559	0.00718	0.00339	0.00888
33	0.01806	0.07058	0.01810	0.01524	0.04932	0.01810	0.01159	0.10232	0.52139	0.02911	0.02671	0.02512	0.04498	0.00926	0.00693	0.00226	0.00594	0.00760	0.00659	0.01078
34	0.01060	0.00842	0.01339	0.01349	0.04500	0.00950	0.04113	0.01333	0.01167	0.01679	0.01823	0.02655	0.01684	0.04808	0.66093	0.01039	0.01790	0.00746	0.00372	0.00660

[dist]
# distance from previous block
# <min> <max>
0	7

# created by:
# /st0/software/busco_prod/Augustus/scripts/msa2prfl.pl ./align_prep/178819.fa
