[name]
unknown

[dist]
# distance from previous block
# <min> <max>
43	79

[block]
# block no. 0 follows, 27 sequences, length 6
# corresponding to MSA columns:
# 115-120
name=unknown_A
#
# <colnr> <probs for GDERKNQSTAVLIFYWHMCP>
#	G	D	E	R	K	N	Q	S	T	A	V	L	I	F	Y	W	H	M	C	P
0	0.02066	0.01532	0.04043	0.11933	0.04573	0.01580	0.01346	0.19287	0.14236	0.12927	0.08107	0.10508	0.02381	0.01097	0.00779	0.00243	0.00701	0.00926	0.00684	0.01051
1	0.01172	0.00773	0.01032	0.01014	0.01184	0.00725	0.00758	0.01466	0.01888	0.06914	0.44057	0.19851	0.05809	0.01906	0.04871	0.00307	0.00494	0.04297	0.00766	0.00713
2	0.01084	0.00844	0.01119	0.01209	0.06946	0.00777	0.00809	0.01410	0.01986	0.02739	0.51028	0.05541	0.18684	0.01515	0.00864	0.00236	0.00401	0.01328	0.00753	0.00727
3	0.02121	0.01500	0.01674	0.01432	0.01906	0.01608	0.01129	0.03675	0.47953	0.16726	0.02836	0.02600	0.02064	0.00944	0.00734	0.00233	0.00593	0.00781	0.00758	0.08732
4	0.06756	0.01265	0.02021	0.60564	0.04482	0.01553	0.01847	0.01836	0.01463	0.01996	0.01558	0.08579	0.01342	0.00886	0.00742	0.00251	0.00909	0.00777	0.00372	0.00803
5	0.11892	0.01283	0.01651	0.01282	0.01843	0.01156	0.01059	0.03456	0.02028	0.62289	0.02715	0.02378	0.01721	0.00893	0.00714	0.00230	0.00625	0.00708	0.00867	0.01212

[dist]
# distance from previous block
# <min> <max>
1	3

[block]
# block no. 1 follows, 27 sequences, length 53
# corresponding to MSA columns:
# 124-176
name=unknown_B
#
# <colnr> <probs for GDERKNQSTAVLIFYWHMCP>
#	G	D	E	R	K	N	Q	S	T	A	V	L	I	F	Y	W	H	M	C	P
0	0.01766	0.01200	0.01433	0.01088	0.01648	0.00941	0.00867	0.02059	0.01672	0.15425	0.02662	0.05065	0.11601	0.00883	0.00651	0.00161	0.00535	0.00727	0.00579	0.49037
1	0.10576	0.02169	0.02023	0.01638	0.02165	0.12359	0.01322	0.42801	0.11113	0.03918	0.01766	0.01780	0.01295	0.00866	0.00704	0.00222	0.00841	0.00634	0.00662	0.01145
2	0.04429	0.01662	0.01773	0.01506	0.01984	0.01856	0.01194	0.17125	0.45572	0.06630	0.02605	0.02437	0.01927	0.00945	0.00733	0.00236	0.00636	0.00764	0.00735	0.05250
3	0.06810	0.02120	0.02282	0.01967	0.07735	0.08208	0.04149	0.46729	0.06140	0.04000	0.01703	0.01773	0.01246	0.00845	0.00726	0.00223	0.00862	0.00653	0.00650	0.01180
4	0.02597	0.02020	0.02422	0.01853	0.02448	0.02206	0.08984	0.52801	0.09944	0.04248	0.01878	0.01910	0.01350	0.00872	0.00760	0.00229	0.00844	0.00710	0.00701	0.01223
5	0.01039	0.00786	0.01144	0.01151	0.01290	0.00891	0.00889	0.01293	0.01243	0.01753	0.02521	0.06067	0.07422	0.05139	0.62495	0.01081	0.01796	0.00910	0.00433	0.00658
6	0.01056	0.00750	0.00900	0.00910	0.01098	0.00665	0.00664	0.01280	0.01760	0.05591	0.24328	0.24475	0.30112	0.01848	0.00890	0.00258	0.00396	0.01609	0.00738	0.00673
7	0.01053	0.00709	0.00817	0.00843	0.00850	0.00702	0.00486	0.01073	0.01131	0.01507	0.02601	0.15093	0.03029	0.63225	0.03356	0.00657	0.00677	0.01233	0.00486	0.00473
8	0.03331	0.01263	0.01723	0.01321	0.01895	0.01091	0.01091	0.03618	0.02125	0.69794	0.02929	0.02527	0.01838	0.00919	0.00747	0.00230	0.00632	0.00747	0.00919	0.01263
9	0.01118	0.00739	0.00855	0.00856	0.00927	0.00707	0.00533	0.01190	0.01301	0.04331	0.07100	0.13393	0.11815	0.48831	0.02772	0.00561	0.00615	0.01270	0.00550	0.00538
10	0.01825	0.00973	0.01240	0.01063	0.01383	0.00886	0.00828	0.04929	0.02078	0.23861	0.35035	0.04595	0.12427	0.04355	0.00950	0.00254	0.00478	0.01142	0.00815	0.00883
11	0.00998	0.00711	0.00826	0.00878	0.00944	0.00675	0.00562	0.01081	0.01312	0.01699	0.03867	0.23822	0.16164	0.38246	0.02361	0.00504	0.00574	0.03674	0.00569	0.00533
12	0.01539	0.01319	0.01539	0.01100	0.01759	0.00990	0.00880	0.01869	0.01539	0.02419	0.01319	0.01539	0.01100	0.00550	0.00550	0.00110	0.00550	0.00440	0.00440	0.78449
13	0.01429	0.00857	0.01099	0.01122	0.01288	0.00818	0.00798	0.06756	0.01681	0.12238	0.03661	0.54301	0.04067	0.04850	0.01014	0.00301	0.00504	0.01749	0.00718	0.00749
14	0.02676	0.02007	0.02146	0.01679	0.02247	0.02234	0.01376	0.57421	0.13110	0.04444	0.01967	0.01930	0.01412	0.00908	0.00745	0.00227	0.00783	0.00694	0.00745	0.01249
15	0.00904	0.00646	0.00861	0.01034	0.01077	0.00603	0.00689	0.01034	0.01421	0.01895	0.04092	0.73426	0.04910	0.02326	0.00948	0.00301	0.00431	0.02110	0.00689	0.00603
16	0.00897	0.00675	0.00832	0.00958	0.01057	0.00609	0.00655	0.01042	0.01494	0.01925	0.05018	0.55521	0.22217	0.02205	0.00929	0.00288	0.00416	0.01964	0.00689	0.00609
17	0.02950	0.01177	0.01591	0.01256	0.01763	0.01021	0.01023	0.03232	0.02077	0.58917	0.08588	0.06065	0.04740	0.01064	0.00771	0.00234	0.00591	0.00885	0.00892	0.01166
18	0.04172	0.00874	0.01053	0.00958	0.01232	0.00785	0.00730	0.01736	0.01866	0.16046	0.27512	0.09448	0.24545	0.04540	0.00961	0.00262	0.00443	0.01295	0.00763	0.00779
19	0.01846	0.01595	0.01679	0.01511	0.01930	0.01846	0.01175	0.03945	0.67938	0.03105	0.03022	0.02770	0.02266	0.01007	0.00755	0.00252	0.00588	0.00839	0.00755	0.01175
20	0.00965	0.00755	0.00873	0.00844	0.01056	0.00664	0.00633	0.01234	0.01898	0.02495	0.38422	0.06339	0.37771	0.01698	0.00876	0.00242	0.00363	0.01454	0.00754	0.00664
21	0.01065	0.00718	0.00810	0.00818	0.00828	0.00711	0.00464	0.01077	0.01116	0.01479	0.02597	0.07962	0.05107	0.68242	0.03552	0.00685	0.00695	0.01142	0.00469	0.00463
22	0.02113	0.01592	0.01729	0.01503	0.01956	0.01788	0.01184	0.09002	0.54386	0.11669	0.02909	0.02659	0.02131	0.00987	0.00753	0.00247	0.00612	0.00814	0.00775	0.01193
23	0.02905	0.01838	0.02065	0.01595	0.02175	0.01957	0.01314	0.46762	0.06518	0.21843	0.02151	0.02031	0.01468	0.00905	0.00744	0.00226	0.00756	0.00698	0.00790	0.01258
24	0.01357	0.00817	0.00998	0.00979	0.01215	0.00718	0.00732	0.01565	0.01725	0.14343	0.11031	0.26428	0.29429	0.01815	0.00880	0.00264	0.00448	0.03771	0.00742	0.00743
25	0.01625	0.01589	0.02498	0.44752	0.27586	0.05202	0.02106	0.02085	0.01588	0.02079	0.01338	0.01897	0.01054	0.00715	0.00736	0.00235	0.00969	0.00651	0.00346	0.00950
26	0.00934	0.00755	0.00835	0.00850	0.01068	0.00656	0.00646	0.01158	0.01745	0.02178	0.17232	0.11078	0.49450	0.01861	0.00893	0.00258	0.00400	0.06650	0.00710	0.00642
27	0.19286	0.08003	0.01801	0.01264	0.01802	0.01488	0.01060	0.09603	0.02024	0.39424	0.05416	0.02191	0.01726	0.00870	0.00666	0.00223	0.00640	0.00662	0.00743	0.01109
28	0.01960	0.70892	0.07142	0.01312	0.01970	0.02878	0.01343	0.02229	0.01511	0.01776	0.01047	0.01209	0.00952	0.00639	0.00488	0.00163	0.00809	0.00404	0.00317	0.00960
29	0.01992	0.02052	0.02823	0.04030	0.56222	0.13178	0.02106	0.02441	0.03732	0.02345	0.01404	0.01783	0.01172	0.00689	0.00725	0.00217	0.00949	0.00636	0.00382	0.01124
30	0.00904	0.00646	0.00861	0.01034	0.01077	0.00603	0.00689	0.01034	0.01421	0.01895	0.04092	0.73426	0.04910	0.02326	0.00948	0.00301	0.00431	0.02110	0.00689	0.00603
31	0.01940	0.67949	0.09904	0.01347	0.02024	0.02827	0.01404	0.02235	0.01514	0.01802	0.01059	0.01225	0.00952	0.00641	0.00497	0.00166	0.00821	0.00411	0.00317	0.00966
32	0.01595	0.04518	0.22871	0.22481	0.13386	0.01784	0.18334	0.02215	0.01606	0.02222	0.01371	0.01820	0.01035	0.00687	0.00756	0.00238	0.01065	0.00673	0.00341	0.01003
33	0.01872	0.41245	0.11275	0.02412	0.21235	0.02400	0.05765	0.02263	0.01582	0.02047	0.01199	0.01467	0.01025	0.00650	0.00601	0.00191	0.00882	0.00519	0.00335	0.01035
34	0.01093	0.00728	0.00894	0.00894	0.00919	0.00752	0.00555	0.01116	0.01092	0.01480	0.02189	0.04285	0.02427	0.55373	0.16243	0.07109	0.00950	0.00991	0.00430	0.00479
35	0.00951	0.00713	0.00983	0.06794	0.01413	0.00705	0.00806	0.01120	0.01429	0.01892	0.03937	0.60806	0.07690	0.02334	0.04368	0.00338	0.00550	0.01901	0.00646	0.00625
36	0.01481	0.03620	0.64148	0.08222	0.03379	0.01718	0.02683	0.02311	0.01560	0.02311	0.01331	0.01603	0.00945	0.00709	0.00709	0.00236	0.01088	0.00558	0.00315	0.01073
37	0.01621	0.22680	0.52385	0.01890	0.02864	0.02048	0.02349	0.02317	0.01552	0.02190	0.01252	0.01467	0.00944	0.00687	0.00644	0.00215	0.01016	0.00508	0.00315	0.01059
38	0.00943	0.00702	0.00886	0.01010	0.01122	0.00645	0.00728	0.01122	0.01548	0.02007	0.07531	0.47312	0.19238	0.02157	0.00939	0.00293	0.00448	0.10055	0.00694	0.00623
39	0.03117	0.01273	0.01681	0.01306	0.01857	0.01131	0.01073	0.05941	0.04000	0.61180	0.03171	0.02790	0.05980	0.00980	0.00755	0.00231	0.00622	0.00797	0.00893	0.01221
40	0.01032	0.00816	0.01058	0.01210	0.06614	0.00747	0.00802	0.01287	0.01766	0.02345	0.26426	0.21345	0.25767	0.01770	0.00887	0.00258	0.00433	0.04040	0.00705	0.00693
41	0.02607	0.06739	0.02116	0.01837	0.02215	0.61963	0.01407	0.02813	0.02043	0.01846	0.01368	0.01902	0.01225	0.00863	0.00689	0.00202	0.01259	0.05650	0.00404	0.00851
42	0.01652	0.02718	0.30317	0.02803	0.07055	0.01811	0.37923	0.02362	0.01676	0.02370	0.01429	0.01822	0.01055	0.00659	0.00801	0.00243	0.01171	0.00735	0.00350	0.01048
43	0.03180	0.01333	0.01745	0.01356	0.01919	0.01216	0.01114	0.06848	0.07744	0.60869	0.02878	0.02510	0.01845	0.00925	0.00747	0.00231	0.00637	0.00750	0.00896	0.01256
44	0.01138	0.00811	0.00917	0.00911	0.01172	0.00707	0.00721	0.01367	0.01746	0.07579	0.08930	0.06919	0.49952	0.01817	0.00892	0.00264	0.00449	0.12304	0.00712	0.00691
45	0.01556	0.01301	0.02112	0.21780	0.26943	0.01375	0.01741	0.01940	0.01620	0.05843	0.02272	0.13807	0.02221	0.01171	0.00816	0.00260	0.00798	0.11038	0.00486	0.00919
46	0.01809	0.09934	0.53784	0.01920	0.02896	0.01741	0.02361	0.02528	0.01645	0.12362	0.01543	0.01676	0.01075	0.00731	0.00690	0.00227	0.01000	0.00564	0.00404	0.01109
47	0.16282	0.01404	0.04680	0.01378	0.01892	0.01270	0.05119	0.02935	0.06917	0.36858	0.05774	0.08134	0.02105	0.01001	0.00725	0.00239	0.00647	0.00831	0.00740	0.01070
48	0.01819	0.29853	0.32887	0.01941	0.05869	0.04613	0.05292	0.05712	0.01680	0.02234	0.01249	0.01465	0.00983	0.00685	0.00631	0.00205	0.00975	0.00518	0.00346	0.01043
49	0.01609	0.12038	0.56149	0.02151	0.06871	0.04111	0.02500	0.02352	0.01585	0.02267	0.01295	0.01531	0.00956	0.00696	0.00679	0.00224	0.01057	0.00535	0.00319	0.01077
50	0.15672	0.33794	0.15903	0.01521	0.02168	0.05529	0.05492	0.02213	0.01494	0.02188	0.01203	0.01464	0.01008	0.01064	0.06270	0.00277	0.00965	0.00493	0.00355	0.00929
51	0.04919	0.36476	0.20823	0.01654	0.02375	0.05070	0.05681	0.07623	0.01704	0.02252	0.01249	0.01471	0.01020	0.00899	0.03700	0.00239	0.00969	0.00510	0.00367	0.00997
52	0.17996	0.26070	0.17418	0.01509	0.02132	0.14784	0.01507	0.02324	0.01560	0.02221	0.01179	0.01411	0.00976	0.00991	0.04919	0.00260	0.00989	0.00471	0.00363	0.00919

[dist]
# distance from previous block
# <min> <max>
6	22

[block]
# block no. 2 follows, 27 sequences, length 6
# corresponding to MSA columns:
# 202-207
name=unknown_C
#
# <colnr> <probs for GDERKNQSTAVLIFYWHMCP>
#	G	D	E	R	K	N	Q	S	T	A	V	L	I	F	Y	W	H	M	C	P
0	0.01597	0.02799	0.37104	0.02881	0.20612	0.01703	0.13848	0.02267	0.01625	0.02351	0.01525	0.05500	0.01244	0.00765	0.00756	0.00237	0.01033	0.00719	0.00358	0.01075
1	0.01623	0.03024	0.43245	0.02992	0.24973	0.01748	0.07240	0.02329	0.01621	0.02377	0.01366	0.01688	0.01031	0.00685	0.00727	0.00231	0.01038	0.00610	0.00336	0.01116
2	0.01745	0.01299	0.01576	0.04830	0.01919	0.01079	0.00978	0.05886	0.01706	0.09707	0.01767	0.08078	0.01522	0.00778	0.00628	0.00154	0.00587	0.00646	0.00526	0.54589
3	0.02486	0.01338	0.05721	0.01278	0.01798	0.01082	0.01095	0.02932	0.05891	0.41547	0.16738	0.03037	0.02843	0.01006	0.00755	0.00221	0.00590	0.00840	0.00808	0.07995
4	0.01286	0.00980	0.01294	0.11771	0.01905	0.00994	0.00997	0.01777	0.10266	0.05067	0.09033	0.36616	0.03626	0.01593	0.00834	0.00257	0.00549	0.01420	0.00638	0.09096
5	0.01841	0.01504	0.02205	0.01605	0.02241	0.01304	0.14360	0.05323	0.01722	0.09718	0.01536	0.01755	0.01186	0.00655	0.00732	0.00167	0.03980	0.00582	0.00488	0.47095

[dist]
# distance from previous block
# <min> <max>
0	2

[block]
# block no. 3 follows, 27 sequences, length 10
# corresponding to MSA columns:
# 210-219
name=unknown_D
#
# <colnr> <probs for GDERKNQSTAVLIFYWHMCP>
#	G	D	E	R	K	N	Q	S	T	A	V	L	I	F	Y	W	H	M	C	P
0	0.01420	0.01344	0.02230	0.66579	0.04863	0.01699	0.02027	0.01888	0.01457	0.01888	0.01292	0.01951	0.00988	0.00786	0.00876	0.00254	0.06646	0.00659	0.00329	0.00824
1	0.06221	0.01594	0.01677	0.01482	0.01921	0.01821	0.01163	0.07109	0.57484	0.06677	0.02843	0.02620	0.02111	0.00979	0.00738	0.00248	0.00601	0.00802	0.00747	0.01164
2	0.01402	0.01319	0.02227	0.72126	0.05113	0.01649	0.02062	0.01897	0.01484	0.01897	0.01319	0.01979	0.00990	0.00742	0.00742	0.00247	0.00990	0.00660	0.00330	0.00825
3	0.02632	0.03271	0.02241	0.02310	0.12372	0.60524	0.01561	0.02861	0.02042	0.01908	0.01185	0.01414	0.00989	0.00749	0.00679	0.00196	0.01270	0.00506	0.00380	0.00908
4	0.01402	0.01319	0.02227	0.72126	0.05113	0.01649	0.02062	0.01897	0.01484	0.01897	0.01319	0.01979	0.00990	0.00742	0.00742	0.00247	0.00990	0.00660	0.00330	0.00825
5	0.01539	0.01319	0.01539	0.01100	0.01759	0.00990	0.00880	0.01869	0.01539	0.02419	0.01319	0.01539	0.01100	0.00550	0.00550	0.00110	0.00550	0.00440	0.00440	0.78449
6	0.01837	0.01764	0.03013	0.04557	0.69279	0.01764	0.02278	0.02278	0.01690	0.02425	0.01396	0.01837	0.01176	0.00661	0.00735	0.00220	0.00882	0.00661	0.00367	0.01176
7	0.01402	0.01319	0.02227	0.72126	0.05113	0.01649	0.02062	0.01897	0.01484	0.01897	0.01319	0.01979	0.00990	0.00742	0.00742	0.00247	0.00990	0.00660	0.00330	0.00825
8	0.01538	0.10840	0.63495	0.02032	0.03083	0.01845	0.02597	0.02338	0.01561	0.02291	0.01302	0.01530	0.00942	0.00698	0.00683	0.00228	0.01067	0.00534	0.00314	0.01083
9	0.01850	0.00936	0.01248	0.01070	0.01385	0.00837	0.00837	0.02178	0.02110	0.26409	0.45756	0.04487	0.05193	0.01308	0.00830	0.00232	0.00449	0.01134	0.00853	0.00898

[dist]
# distance from previous block
# <min> <max>
0	5

# created by:
# /st0/software/busco_prod/Augustus/scripts/msa2prfl.pl ./align_prep/179019.fa
