[name]
unknown

[dist]
# distance from previous block
# <min> <max>
0	45

[block]
# block no. 0 follows, 29 sequences, length 18
# corresponding to MSA columns:
# 53-70
name=unknown_A
#
# <colnr> <probs for GDERKNQSTAVLIFYWHMCP>
#	G	D	E	R	K	N	Q	S	T	A	V	L	I	F	Y	W	H	M	C	P
0	0.01608	0.07162	0.18079	0.12560	0.18747	0.03500	0.10722	0.04922	0.01644	0.02237	0.01714	0.02225	0.04534	0.00778	0.00713	0.00221	0.00914	0.03767	0.00381	0.03574
1	0.03993	0.22133	0.11214	0.10904	0.30447	0.05703	0.01868	0.02169	0.01546	0.02075	0.01205	0.01534	0.01000	0.00648	0.00624	0.00199	0.00874	0.00535	0.00332	0.00995
2	0.01161	0.00793	0.01012	0.01012	0.01181	0.00755	0.00765	0.04531	0.01795	0.05487	0.30935	0.22878	0.09362	0.04953	0.00989	0.00276	0.00450	0.10271	0.00713	0.00681
3	0.01463	0.03457	0.62988	0.02206	0.05955	0.01667	0.07906	0.02254	0.01523	0.02260	0.01294	0.01548	0.00926	0.00669	0.00691	0.00226	0.01056	0.00556	0.00308	0.01048
4	0.01053	0.00909	0.01084	0.01117	0.01247	0.05906	0.03980	0.01235	0.01528	0.01969	0.11864	0.51460	0.10109	0.01911	0.00872	0.00267	0.00502	0.01718	0.00640	0.00628
5	0.00867	0.00710	0.00765	0.00777	0.00984	0.00608	0.00573	0.01062	0.01645	0.02037	0.15310	0.14595	0.53983	0.01807	0.00849	0.00244	0.00364	0.01535	0.00678	0.00608
6	0.02077	0.21233	0.08891	0.02081	0.07687	0.17390	0.14065	0.11691	0.01891	0.02304	0.01251	0.01493	0.01004	0.00698	0.00706	0.00200	0.03417	0.00561	0.00390	0.00969
7	0.01439	0.04109	0.08709	0.10521	0.19544	0.05872	0.08889	0.01809	0.01548	0.02037	0.02409	0.20680	0.07142	0.01144	0.00768	0.00237	0.00795	0.01047	0.00445	0.00857
8	0.02878	0.01199	0.01589	0.01252	0.01756	0.01080	0.01022	0.03317	0.08155	0.58992	0.08586	0.02693	0.02225	0.00938	0.00727	0.00223	0.00579	0.00773	0.00859	0.01158
9	0.00856	0.00722	0.00741	0.00736	0.00971	0.00607	0.00552	0.01049	0.01657	0.02003	0.12604	0.06721	0.64804	0.01774	0.00841	0.00239	0.00359	0.01484	0.00672	0.00607
10	0.01656	0.06438	0.13039	0.12418	0.11126	0.04218	0.36258	0.02214	0.01612	0.02165	0.01344	0.01774	0.01028	0.00635	0.00755	0.00227	0.01083	0.00705	0.00342	0.00962
11	0.01645	0.01857	0.09640	0.15388	0.40234	0.01691	0.14797	0.02149	0.01588	0.02226	0.01341	0.01790	0.01067	0.00645	0.00729	0.00223	0.00951	0.00663	0.00343	0.01032
12	0.01008	0.00826	0.00959	0.01054	0.01133	0.04499	0.00735	0.01161	0.01465	0.01921	0.10613	0.57194	0.07469	0.02008	0.00948	0.00276	0.03701	0.01779	0.00642	0.00611
13	0.01065	0.00915	0.01072	0.04392	0.05046	0.04161	0.00880	0.01283	0.01563	0.01941	0.04768	0.25436	0.29255	0.01792	0.00864	0.00266	0.00527	0.13507	0.00614	0.00652
14	0.01659	0.07633	0.33174	0.02145	0.09848	0.04195	0.06318	0.02339	0.07203	0.05067	0.01585	0.01811	0.02942	0.00800	0.00895	0.00231	0.10154	0.00616	0.00384	0.01003
15	0.04629	0.27666	0.33039	0.01728	0.02485	0.03978	0.05159	0.05400	0.01561	0.02157	0.01173	0.01396	0.00927	0.00694	0.00702	0.00205	0.05297	0.00497	0.00333	0.00976
16	0.01818	0.17282	0.12580	0.07475	0.22372	0.07879	0.04995	0.07179	0.04237	0.02264	0.01578	0.01823	0.04050	0.00727	0.00659	0.00205	0.00884	0.00606	0.00388	0.00999
17	0.05900	0.04111	0.10008	0.21558	0.18389	0.04141	0.10875	0.07069	0.04175	0.02347	0.01360	0.01747	0.01055	0.00710	0.00759	0.00226	0.03595	0.00630	0.00381	0.00964

[dist]
# distance from previous block
# <min> <max>
5	34

[block]
# block no. 1 follows, 29 sequences, length 13
# corresponding to MSA columns:
# 106-118
name=unknown_B
#
# <colnr> <probs for GDERKNQSTAVLIFYWHMCP>
#	G	D	E	R	K	N	Q	S	T	A	V	L	I	F	Y	W	H	M	C	P
0	0.02059	0.29762	0.15966	0.07960	0.02452	0.02002	0.04654	0.06106	0.03925	0.16354	0.01569	0.01662	0.01156	0.00712	0.00616	0.00198	0.00817	0.00550	0.00463	0.01016
1	0.06123	0.36234	0.06712	0.01572	0.03390	0.06541	0.08729	0.02292	0.03658	0.08143	0.04026	0.03362	0.01358	0.00760	0.00675	0.00195	0.04311	0.00579	0.00414	0.00927
2	0.06671	0.20722	0.17138	0.07877	0.02541	0.10677	0.07319	0.02227	0.03923	0.02017	0.01187	0.01483	0.00969	0.00756	0.00865	0.00217	0.11633	0.00533	0.00342	0.00904
3	0.01651	0.32622	0.06580	0.17850	0.02640	0.06480	0.04583	0.01983	0.01432	0.01772	0.01214	0.01621	0.01044	0.01301	0.10086	0.00321	0.05114	0.00537	0.00324	0.00846
4	0.01611	0.08418	0.03125	0.09507	0.05383	0.01934	0.29220	0.02009	0.01445	0.02011	0.01302	0.01903	0.01103	0.00852	0.01243	0.00253	0.23327	0.02362	0.02117	0.00875
5	0.01381	0.01406	0.02280	0.05885	0.02333	0.06301	0.23185	0.01691	0.01482	0.01952	0.02360	0.31628	0.02532	0.01370	0.01044	0.00266	0.10408	0.01259	0.00475	0.00761
6	0.01125	0.00696	0.00913	0.00988	0.01094	0.00642	0.00681	0.01274	0.01469	0.08830	0.09384	0.54471	0.06204	0.07339	0.01080	0.00305	0.00445	0.01744	0.00677	0.00640
7	0.00866	0.00626	0.00819	0.00974	0.01028	0.00580	0.00653	0.00993	0.01380	0.01825	0.04138	0.70112	0.08970	0.02203	0.00904	0.00286	0.00410	0.01990	0.00661	0.00580
8	0.02583	0.06059	0.02177	0.01607	0.02157	0.04935	0.01328	0.56647	0.08638	0.04101	0.01744	0.01740	0.01263	0.00846	0.00697	0.00211	0.00784	0.00633	0.00677	0.01173
9	0.07743	0.01691	0.02656	0.25304	0.15118	0.06319	0.17064	0.04295	0.01571	0.02194	0.01268	0.01742	0.01002	0.00729	0.00878	0.00235	0.08281	0.00650	0.00358	0.00902
10	0.00865	0.00629	0.00817	0.00968	0.01027	0.00580	0.00650	0.00994	0.01386	0.01827	0.04213	0.68582	0.10452	0.02193	0.00903	0.00285	0.00409	0.01979	0.00661	0.00580
11	0.00896	0.00651	0.00834	0.00961	0.01034	0.00605	0.00660	0.01039	0.01414	0.01861	0.06765	0.55770	0.12319	0.06697	0.01073	0.00308	0.00435	0.05446	0.00651	0.00580
12	0.02544	0.01913	0.02045	0.01605	0.02146	0.02132	0.01314	0.56925	0.14848	0.04224	0.01917	0.01875	0.01379	0.00874	0.00714	0.00219	0.00745	0.00670	0.00714	0.01196

[dist]
# distance from previous block
# <min> <max>
0	3

[block]
# block no. 2 follows, 29 sequences, length 8
# corresponding to MSA columns:
# 122-129
name=unknown_C
#
# <colnr> <probs for GDERKNQSTAVLIFYWHMCP>
#	G	D	E	R	K	N	Q	S	T	A	V	L	I	F	Y	W	H	M	C	P
0	0.01624	0.02320	0.19380	0.02781	0.03577	0.01767	0.53169	0.02275	0.01641	0.02275	0.01404	0.01826	0.01040	0.00617	0.00803	0.00237	0.01167	0.00769	0.00347	0.00981
1	0.00934	0.00648	0.00836	0.00930	0.00986	0.00611	0.00618	0.01039	0.01373	0.01841	0.11711	0.47340	0.07158	0.13790	0.01454	0.05442	0.00459	0.01663	0.00617	0.00550
2	0.01591	0.11765	0.45174	0.01852	0.04921	0.09618	0.02060	0.02167	0.01506	0.02033	0.01334	0.01799	0.01102	0.09009	0.00978	0.00264	0.00996	0.00562	0.00325	0.00943
3	0.02027	0.01501	0.01644	0.01359	0.01751	0.01624	0.01080	0.40151	0.06399	0.03487	0.07880	0.07283	0.06660	0.09420	0.01083	0.00281	0.00670	0.04049	0.00678	0.00972
4	0.01213	0.00927	0.01109	0.01078	0.01301	0.00885	0.00784	0.08494	0.05717	0.02303	0.06581	0.44585	0.07450	0.01697	0.00814	0.00245	0.00472	0.01504	0.00641	0.12200
5	0.01740	0.02012	0.10029	0.09031	0.39909	0.11788	0.01903	0.02129	0.01584	0.02086	0.01393	0.02001	0.01221	0.09000	0.01021	0.00265	0.00923	0.00642	0.00355	0.00970
6	0.22521	0.01907	0.18810	0.05112	0.06184	0.01457	0.05718	0.05391	0.01525	0.08946	0.01562	0.03944	0.01290	0.09068	0.00966	0.00274	0.00781	0.00639	0.00449	0.03457
7	0.09109	0.27755	0.17761	0.01718	0.09465	0.04927	0.01531	0.04573	0.01539	0.02185	0.01201	0.01489	0.01012	0.03470	0.00676	0.00200	0.00809	0.00483	0.00358	0.09740

[dist]
# distance from previous block
# <min> <max>
15	41

[block]
# block no. 3 follows, 29 sequences, length 52
# corresponding to MSA columns:
# 171-222
name=unknown_D
#
# <colnr> <probs for GDERKNQSTAVLIFYWHMCP>
#	G	D	E	R	K	N	Q	S	T	A	V	L	I	F	Y	W	H	M	C	P
0	0.12923	0.07083	0.18413	0.05344	0.02380	0.05450	0.08140	0.12000	0.03727	0.02644	0.01596	0.01818	0.03410	0.00787	0.00745	0.00220	0.05311	0.00605	0.06472	0.00932
1	0.09773	0.07263	0.14344	0.03194	0.01947	0.03204	0.03523	0.06130	0.09684	0.08936	0.03857	0.13806	0.04533	0.01053	0.00689	0.00227	0.00682	0.00873	0.05378	0.00905
2	0.21055	0.02681	0.39181	0.04443	0.06922	0.01659	0.03643	0.06196	0.01567	0.04617	0.01285	0.01498	0.00934	0.00686	0.00629	0.00223	0.00886	0.00522	0.00382	0.00990
3	0.01430	0.04658	0.26681	0.01411	0.01971	0.03634	0.01492	0.03577	0.03639	0.06486	0.09170	0.03882	0.16636	0.04361	0.00882	0.00255	0.00733	0.07722	0.00525	0.00857
4	0.18133	0.12312	0.15366	0.01865	0.11500	0.06152	0.01543	0.15689	0.04350	0.02840	0.01351	0.01519	0.01042	0.00713	0.00604	0.00206	0.00803	0.00525	0.02489	0.00997
5	0.01811	0.06474	0.18211	0.07000	0.05198	0.09570	0.01494	0.02329	0.05988	0.13381	0.07438	0.02703	0.10683	0.00932	0.00701	0.00214	0.00778	0.00751	0.00521	0.03824
6	0.01511	0.14272	0.58788	0.01993	0.05317	0.01828	0.02405	0.02234	0.01499	0.02171	0.01237	0.01459	0.00912	0.00665	0.00645	0.00214	0.01002	0.00508	0.00303	0.01034
7	0.01511	0.03340	0.57854	0.04863	0.11467	0.04186	0.02507	0.02252	0.01534	0.02230	0.01279	0.01542	0.00932	0.00675	0.00680	0.00223	0.01031	0.00541	0.00310	0.01044
8	0.00880	0.00712	0.00782	0.00788	0.00991	0.00614	0.00582	0.01087	0.01678	0.02110	0.20218	0.13959	0.49556	0.01777	0.00849	0.00242	0.00361	0.01514	0.00687	0.00614
9	0.01478	0.00845	0.01085	0.00994	0.01261	0.00759	0.00786	0.01768	0.01896	0.17758	0.34465	0.05311	0.18091	0.01460	0.00830	0.00239	0.00440	0.08992	0.00765	0.00776
10	0.01780	0.01763	0.02906	0.06713	0.61091	0.04694	0.06196	0.02206	0.01635	0.02280	0.01333	0.01757	0.01109	0.00639	0.00711	0.00213	0.00890	0.00640	0.00352	0.01092
11	0.01518	0.15138	0.56878	0.01950	0.02914	0.01849	0.05841	0.02237	0.01504	0.02163	0.01240	0.01467	0.00913	0.00662	0.00650	0.00214	0.01013	0.00519	0.00304	0.01025
12	0.00868	0.00640	0.00814	0.00945	0.01022	0.00585	0.00642	0.01008	0.01427	0.01870	0.06710	0.61261	0.15330	0.02136	0.00896	0.00279	0.00402	0.01915	0.00665	0.00585
13	0.01717	0.01706	0.02618	0.22928	0.47451	0.07042	0.02067	0.02136	0.01598	0.02144	0.01301	0.01763	0.01063	0.00663	0.00702	0.00216	0.00908	0.00621	0.00344	0.01013
14	0.01864	0.02024	0.11601	0.07677	0.41634	0.07613	0.02030	0.02293	0.01621	0.07482	0.01391	0.01733	0.01104	0.00716	0.00815	0.00220	0.06136	0.00611	0.00382	0.01053
15	0.00968	0.00729	0.00900	0.00888	0.01071	0.00661	0.00677	0.01251	0.01845	0.02488	0.43929	0.08979	0.24054	0.01631	0.00856	0.00241	0.00374	0.07080	0.00733	0.00647
16	0.01693	0.01804	0.06677	0.09968	0.48401	0.01701	0.14870	0.02176	0.01609	0.02270	0.01349	0.01791	0.01091	0.00637	0.00730	0.00220	0.00934	0.00668	0.00348	0.01062
17	0.01580	0.01505	0.02560	0.34535	0.41798	0.01644	0.02094	0.02025	0.01535	0.02104	0.01307	0.01822	0.01050	0.00668	0.00708	0.00223	0.00891	0.00634	0.00337	0.00980
18	0.01681	0.01921	0.04202	0.03001	0.03721	0.01801	0.67947	0.02281	0.01681	0.02281	0.01441	0.01921	0.01080	0.00600	0.00840	0.00240	0.01200	0.00840	0.00360	0.00960
19	0.02660	0.03394	0.02018	0.01834	0.02201	0.72116	0.01376	0.02843	0.02018	0.01743	0.01101	0.01284	0.00917	0.00734	0.00642	0.00183	0.01284	0.00459	0.00367	0.00825
20	0.01416	0.01107	0.01400	0.03830	0.11574	0.01165	0.00978	0.04670	0.16619	0.03907	0.02654	0.10441	0.06048	0.28967	0.01838	0.00409	0.00650	0.01009	0.00540	0.00778
21	0.00957	0.00766	0.00860	0.00829	0.01049	0.00691	0.00624	0.01295	0.05338	0.02349	0.31986	0.06023	0.41432	0.01621	0.00835	0.00234	0.00362	0.01381	0.00713	0.00657
22	0.01771	0.01530	0.01610	0.01449	0.01852	0.01771	0.01127	0.03784	0.69247	0.02979	0.02898	0.02657	0.02174	0.00966	0.00725	0.00242	0.00564	0.00805	0.00725	0.01127
23	0.01570	0.01594	0.02380	0.01981	0.02052	0.02143	0.08109	0.01770	0.01149	0.01770	0.00985	0.01594	0.00949	0.01183	0.02189	0.00305	0.66521	0.00645	0.00316	0.00797
24	0.04698	0.00696	0.00756	0.00747	0.00901	0.00691	0.00549	0.01457	0.01420	0.02351	0.07062	0.03068	0.08425	0.01271	0.00989	0.15359	0.00399	0.00763	0.47804	0.00595
25	0.00868	0.00620	0.00826	0.00991	0.01033	0.00578	0.00661	0.00991	0.01363	0.01818	0.03925	0.74510	0.04710	0.02231	0.00909	0.00289	0.00413	0.02024	0.00661	0.00578
26	0.00871	0.00629	0.00825	0.00974	0.01030	0.00583	0.00655	0.01006	0.01401	0.01862	0.06566	0.68371	0.08234	0.02179	0.00903	0.00284	0.00407	0.01969	0.00666	0.00583
27	0.02504	0.01872	0.02000	0.01564	0.02098	0.02068	0.01282	0.57982	0.09424	0.04188	0.02160	0.02115	0.05556	0.00924	0.00721	0.00218	0.00737	0.00710	0.00710	0.01165
28	0.02679	0.01124	0.01504	0.01197	0.01662	0.00998	0.00972	0.03039	0.04801	0.53987	0.16877	0.03038	0.02815	0.01005	0.00742	0.00222	0.00548	0.00839	0.00855	0.01096
29	0.01111	0.00803	0.01096	0.01242	0.01392	0.00801	0.01040	0.01457	0.03825	0.02126	0.06035	0.20084	0.04238	0.01966	0.00956	0.00314	0.00597	0.49596	0.00663	0.00657
30	0.00843	0.00717	0.00725	0.00732	0.00965	0.00600	0.00546	0.01021	0.01613	0.01919	0.07084	0.09509	0.67672	0.01820	0.00844	0.00242	0.00363	0.01523	0.00661	0.00600
31	0.05837	0.00761	0.00895	0.00858	0.01047	0.00711	0.00638	0.01294	0.01816	0.02573	0.46857	0.07717	0.20139	0.04641	0.00937	0.00249	0.00372	0.01294	0.00716	0.00649
32	0.00884	0.00634	0.00831	0.00968	0.01023	0.00591	0.00649	0.01021	0.01408	0.01884	0.09055	0.64456	0.06704	0.05014	0.01008	0.00298	0.00417	0.01913	0.00661	0.00580
33	0.01771	0.01530	0.01610	0.01449	0.01852	0.01771	0.01127	0.03784	0.69247	0.02979	0.02898	0.02657	0.02174	0.00966	0.00725	0.00242	0.00564	0.00805	0.00725	0.01127
34	0.00915	0.00674	0.00857	0.00918	0.01034	0.00616	0.00648	0.01125	0.01638	0.02212	0.28615	0.39675	0.14672	0.01887	0.00874	0.00258	0.00378	0.01681	0.00706	0.00616
35	0.02212	0.01229	0.01486	0.01247	0.01654	0.01235	0.00986	0.05807	0.23089	0.30700	0.15735	0.03122	0.02859	0.04271	0.00870	0.00248	0.00552	0.00865	0.00787	0.01047
36	0.01237	0.00618	0.00928	0.00928	0.00928	0.00618	0.00618	0.00928	0.00928	0.01237	0.01237	0.02165	0.01237	0.02474	0.02783	0.79283	0.00618	0.00618	0.00309	0.00309
37	0.01681	0.01921	0.04202	0.03001	0.03721	0.01801	0.67947	0.02281	0.01681	0.02281	0.01441	0.01921	0.01080	0.00600	0.00840	0.00240	0.01200	0.00840	0.00360	0.00960
38	0.01070	0.00702	0.00889	0.00943	0.01075	0.00637	0.00662	0.01242	0.01547	0.07266	0.14603	0.43796	0.15948	0.04930	0.00984	0.00282	0.00418	0.01680	0.00687	0.00639
39	0.07471	0.01956	0.02070	0.01595	0.02157	0.02171	0.01318	0.64087	0.03216	0.04408	0.01665	0.01676	0.01184	0.00843	0.00696	0.00214	0.00769	0.00625	0.00696	0.01184
40	0.01428	0.03683	0.71286	0.02030	0.03082	0.01654	0.02631	0.02255	0.01503	0.02255	0.01278	0.01503	0.00902	0.00677	0.00677	0.00226	0.01052	0.00526	0.00301	0.01052
41	0.01105	0.00755	0.01014	0.00952	0.01130	0.00723	0.00723	0.01425	0.01876	0.05655	0.56211	0.04786	0.05706	0.02056	0.12317	0.00372	0.00601	0.01178	0.00723	0.00690
42	0.02574	0.01936	0.02117	0.01736	0.05082	0.02143	0.01366	0.58978	0.09797	0.04246	0.01811	0.01806	0.01303	0.00856	0.00713	0.00216	0.00764	0.00657	0.00698	0.01199
43	0.00936	0.00678	0.00888	0.01031	0.01118	0.00640	0.00753	0.01107	0.01439	0.01883	0.04140	0.50214	0.10731	0.04840	0.01021	0.00308	0.00474	0.16555	0.00651	0.00593
44	0.00864	0.00697	0.00762	0.00797	0.00978	0.00603	0.00573	0.01035	0.01566	0.01937	0.10076	0.22558	0.48800	0.04304	0.00949	0.00266	0.00382	0.01597	0.00661	0.00594
45	0.00938	0.00641	0.00851	0.00975	0.01014	0.00615	0.00653	0.01018	0.01284	0.01714	0.03389	0.54078	0.03999	0.11689	0.03754	0.07663	0.00525	0.04071	0.00590	0.00539
46	0.01608	0.01493	0.02591	0.05998	0.46204	0.01492	0.08381	0.01990	0.01580	0.02205	0.01732	0.02817	0.01602	0.00962	0.00891	0.05108	0.00840	0.11136	0.00398	0.00973
47	0.00973	0.00701	0.00924	0.01003	0.01117	0.00661	0.00746	0.01205	0.01634	0.02214	0.26087	0.33527	0.07892	0.04314	0.00987	0.00286	0.00441	0.13976	0.00693	0.00621
48	0.01714	0.01642	0.02802	0.12406	0.62878	0.01679	0.02161	0.02143	0.01598	0.02267	0.01331	0.01778	0.01107	0.00643	0.00706	0.00214	0.00858	0.00634	0.00348	0.01089
49	0.01965	0.50224	0.11868	0.01460	0.02055	0.15105	0.01439	0.02257	0.01541	0.01762	0.01044	0.01231	0.00914	0.00668	0.00599	0.00174	0.04046	0.00424	0.00316	0.00910
50	0.67340	0.01359	0.01222	0.12582	0.01945	0.01595	0.00965	0.02049	0.01246	0.02973	0.01036	0.01276	0.00800	0.00669	0.00484	0.00223	0.00615	0.00425	0.00421	0.00774
51	0.00886	0.00658	0.00811	0.00906	0.01003	0.00600	0.00620	0.01036	0.01466	0.01916	0.11035	0.47753	0.19936	0.06598	0.01056	0.00297	0.00411	0.01770	0.00659	0.00584

[dist]
# distance from previous block
# <min> <max>
0	1

[block]
# block no. 4 follows, 29 sequences, length 16
# corresponding to MSA columns:
# 224-239
name=unknown_E
#
# <colnr> <probs for GDERKNQSTAVLIFYWHMCP>
#	G	D	E	R	K	N	Q	S	T	A	V	L	I	F	Y	W	H	M	C	P
0	0.02547	0.02406	0.02015	0.01677	0.02151	0.26271	0.01326	0.35742	0.12995	0.03309	0.01682	0.01708	0.01257	0.00830	0.00690	0.00208	0.00923	0.00603	0.00595	0.01065
1	0.01811	0.01979	0.02144	0.01861	0.01946	0.18234	0.01516	0.01973	0.01303	0.01720	0.00973	0.01495	0.00931	0.01129	0.01948	0.00282	0.57056	0.00585	0.00324	0.00790
2	0.01477	0.01266	0.01477	0.01055	0.01687	0.00949	0.00844	0.01793	0.01477	0.02320	0.01266	0.01477	0.01055	0.00527	0.00527	0.00105	0.00527	0.00422	0.00422	0.79328
3	0.01001	0.00687	0.00797	0.00811	0.00848	0.00670	0.00490	0.01061	0.01209	0.01615	0.09640	0.13304	0.07266	0.54382	0.02848	0.00568	0.00601	0.01208	0.00509	0.00484
4	0.01501	0.01425	0.02419	0.47438	0.29507	0.01623	0.02055	0.01957	0.01498	0.02009	0.01293	0.01847	0.01016	0.00683	0.00709	0.00228	0.00910	0.00633	0.00330	0.00917
5	0.02495	0.01733	0.01902	0.01490	0.01986	0.01892	0.01216	0.52759	0.02917	0.09093	0.01861	0.02005	0.01379	0.04241	0.05129	0.00288	0.00809	0.00672	0.05019	0.01113
6	0.00951	0.00703	0.00808	0.00810	0.00932	0.00647	0.00548	0.01104	0.01497	0.01962	0.20862	0.12348	0.25234	0.26430	0.01786	0.00393	0.00471	0.01343	0.00614	0.00559
7	0.74338	0.01388	0.01087	0.00974	0.01411	0.01610	0.00797	0.02216	0.06140	0.03179	0.01130	0.01265	0.00873	0.00683	0.00461	0.00222	0.00552	0.00416	0.00461	0.00797
8	0.26897	0.06397	0.01841	0.01409	0.01901	0.12025	0.01152	0.30134	0.06396	0.03427	0.01426	0.01499	0.01072	0.00769	0.00602	0.00209	0.00767	0.00529	0.00554	0.00995
9	0.01173	0.00790	0.01056	0.01145	0.01321	0.00757	0.00950	0.01425	0.01620	0.05432	0.08478	0.12661	0.14160	0.01904	0.01028	0.04440	0.00565	0.39786	0.00658	0.00651
10	0.00919	0.00661	0.00819	0.00900	0.00973	0.00617	0.00598	0.01049	0.01406	0.01867	0.12354	0.42447	0.12404	0.17844	0.01480	0.00362	0.00457	0.01654	0.00627	0.00561
11	0.02030	0.01653	0.02097	0.02471	0.26322	0.06264	0.01497	0.10257	0.19364	0.10789	0.05640	0.04752	0.01886	0.00880	0.00722	0.00222	0.00725	0.00760	0.00586	0.01084
12	0.47122	0.04703	0.06733	0.11112	0.02130	0.01729	0.01181	0.09656	0.05083	0.03007	0.01232	0.01426	0.00935	0.00705	0.00542	0.00221	0.00679	0.00481	0.00453	0.00870
13	0.01174	0.00872	0.01226	0.01487	0.09622	0.00862	0.01008	0.01420	0.04271	0.01941	0.03354	0.18294	0.09771	0.05431	0.01308	0.12086	0.00597	0.24063	0.00561	0.00650
14	0.05767	0.00773	0.00890	0.00924	0.01054	0.00761	0.00646	0.01296	0.05537	0.01993	0.10791	0.25898	0.15376	0.16909	0.01506	0.04271	0.00490	0.03923	0.00600	0.00597
15	0.01820	0.01591	0.02536	0.03262	0.43228	0.01592	0.06615	0.05985	0.08705	0.06617	0.01921	0.04656	0.03936	0.00789	0.00724	0.00217	0.00781	0.00746	0.00468	0.03808

[dist]
# distance from previous block
# <min> <max>
13	66

[block]
# block no. 5 follows, 29 sequences, length 7
# corresponding to MSA columns:
# 320-326
name=unknown_F
#
# <colnr> <probs for GDERKNQSTAVLIFYWHMCP>
#	G	D	E	R	K	N	Q	S	T	A	V	L	I	F	Y	W	H	M	C	P
0	0.06339	0.03814	0.02219	0.01807	0.07266	0.01717	0.09490	0.24306	0.02092	0.03006	0.01501	0.04622	0.01237	0.00796	0.00804	0.00200	0.06935	0.00644	0.00505	0.20700
1	0.00920	0.00667	0.00865	0.00983	0.01069	0.00623	0.00696	0.01090	0.01476	0.01960	0.11563	0.50072	0.10637	0.05308	0.01024	0.00300	0.00439	0.09050	0.00664	0.00593
2	0.01803	0.01939	0.02703	0.06032	0.29008	0.15244	0.15530	0.02185	0.01674	0.02115	0.01758	0.02339	0.05131	0.00825	0.00834	0.00227	0.04952	0.04370	0.00388	0.00945
3	0.00942	0.00739	0.00865	0.00901	0.01099	0.00662	0.00707	0.01182	0.01686	0.02139	0.18060	0.10538	0.39988	0.01798	0.00877	0.00260	0.00425	0.15825	0.00683	0.00625
4	0.01513	0.01299	0.01493	0.01104	0.01708	0.01052	0.00879	0.02042	0.09970	0.02403	0.01470	0.01624	0.01195	0.00582	0.00552	0.00123	0.00532	0.00470	0.00460	0.69528
5	0.01794	0.15617	0.43624	0.01855	0.02698	0.10647	0.04794	0.02392	0.01602	0.06773	0.01317	0.01494	0.00972	0.00683	0.00644	0.00208	0.01008	0.00519	0.00352	0.01007
6	0.00970	0.00698	0.00904	0.01031	0.01123	0.00667	0.00763	0.01143	0.01428	0.01864	0.03985	0.39039	0.10746	0.11606	0.01279	0.00348	0.00516	0.20676	0.00629	0.00584

[dist]
# distance from previous block
# <min> <max>
5	20

# created by:
# /st0/software/busco_prod/Augustus/scripts/msa2prfl.pl ./align_prep/179130.fa
