[name]
unknown

[dist]
# distance from previous block
# <min> <max>
0	321

[block]
# block no. 0 follows, 29 sequences, length 15
# corresponding to MSA columns:
# 323-337
name=unknown_A
#
# <colnr> <probs for GDERKNQSTAVLIFYWHMCP>
#	G	D	E	R	K	N	Q	S	T	A	V	L	I	F	Y	W	H	M	C	P
0	0.01356	0.00891	0.01243	0.01263	0.05027	0.00836	0.03648	0.01589	0.01597	0.10979	0.13266	0.12347	0.12593	0.15983	0.01399	0.00344	0.00578	0.13719	0.00632	0.00709
1	0.07093	0.01809	0.01914	0.01560	0.01958	0.06380	0.01267	0.40793	0.02552	0.03507	0.05346	0.06860	0.01659	0.01027	0.00978	0.00234	0.12698	0.00741	0.00608	0.01016
2	0.01485	0.01085	0.05562	0.01181	0.01451	0.00917	0.03697	0.05223	0.01588	0.13301	0.03297	0.20625	0.09888	0.18126	0.01464	0.00358	0.00623	0.08775	0.00612	0.00740
3	0.02126	0.05082	0.01818	0.01528	0.05995	0.03159	0.01144	0.24765	0.02123	0.13987	0.01955	0.02601	0.01645	0.13392	0.07019	0.00369	0.03886	0.03295	0.00588	0.03524
4	0.08632	0.02002	0.17913	0.24915	0.11913	0.04390	0.09386	0.02086	0.01497	0.03770	0.01343	0.01772	0.01030	0.00974	0.05197	0.00285	0.01018	0.00613	0.00353	0.00911
5	0.01063	0.00756	0.00903	0.00943	0.01046	0.00733	0.00649	0.05272	0.01436	0.01871	0.03726	0.31064	0.14834	0.22176	0.01741	0.04651	0.00530	0.05453	0.00582	0.00572
6	0.33537	0.01381	0.01822	0.10871	0.02289	0.01481	0.11997	0.06224	0.01566	0.10937	0.01707	0.10150	0.01453	0.00880	0.00647	0.00233	0.00715	0.00740	0.00507	0.00862
7	0.01958	0.01970	0.01990	0.20452	0.10168	0.21997	0.01501	0.13876	0.02057	0.02497	0.12597	0.02233	0.01952	0.00857	0.00712	0.00212	0.00905	0.00691	0.00482	0.00893
8	0.02041	0.01355	0.01579	0.05799	0.01841	0.01428	0.01047	0.29871	0.02344	0.12550	0.10929	0.05119	0.06259	0.13168	0.01219	0.00299	0.00663	0.00886	0.00669	0.00936
9	0.01248	0.00720	0.00958	0.01027	0.01159	0.00656	0.00720	0.01399	0.01483	0.13165	0.03858	0.60299	0.06547	0.01995	0.00875	0.00276	0.00443	0.01791	0.00697	0.00683
10	0.01510	0.01373	0.01923	0.01374	0.02021	0.01089	0.11842	0.01873	0.01510	0.02314	0.01294	0.01549	0.01059	0.00539	0.00579	0.00128	0.00638	0.00490	0.00412	0.66483
11	0.01014	0.00694	0.00770	0.00770	0.00798	0.00680	0.00444	0.01034	0.01102	0.01442	0.02805	0.04908	0.10238	0.66703	0.03310	0.00639	0.00653	0.01088	0.00457	0.00451
12	0.02414	0.01836	0.01976	0.01541	0.02091	0.01994	0.01259	0.50104	0.13938	0.03995	0.01854	0.01838	0.01351	0.00836	0.00693	0.00206	0.00719	0.00643	0.00681	0.10029
13	0.24833	0.01415	0.01774	0.34816	0.06954	0.03890	0.01479	0.02235	0.08025	0.06103	0.01425	0.01753	0.01068	0.00727	0.00630	0.00229	0.00780	0.00575	0.00427	0.00860
14	0.00916	0.00668	0.00871	0.00961	0.01040	0.00650	0.00663	0.01069	0.01363	0.01826	0.08198	0.44096	0.10720	0.10171	0.12856	0.00462	0.00676	0.01613	0.00600	0.00581

[dist]
# distance from previous block
# <min> <max>
1	4

[block]
# block no. 1 follows, 29 sequences, length 53
# corresponding to MSA columns:
# 342-394
name=unknown_B
#
# <colnr> <probs for GDERKNQSTAVLIFYWHMCP>
#	G	D	E	R	K	N	Q	S	T	A	V	L	I	F	Y	W	H	M	C	P
0	0.01345	0.01266	0.02136	0.73264	0.04904	0.01582	0.01978	0.01819	0.01424	0.01819	0.01266	0.01898	0.00949	0.00712	0.00712	0.00237	0.00949	0.00633	0.00316	0.00791
1	0.01689	0.01898	0.04070	0.03139	0.10453	0.01790	0.61322	0.02271	0.01675	0.02285	0.01430	0.01905	0.01085	0.00604	0.00827	0.00237	0.01165	0.00820	0.00359	0.00977
2	0.00884	0.00633	0.00841	0.00980	0.01037	0.00590	0.00662	0.01034	0.01442	0.01943	0.11907	0.66171	0.04952	0.02137	0.00901	0.00281	0.00404	0.01936	0.00676	0.00590
3	0.01428	0.03683	0.71286	0.02030	0.03082	0.01654	0.02631	0.02255	0.01503	0.02255	0.01278	0.01503	0.00902	0.00677	0.00677	0.00226	0.01052	0.00526	0.00301	0.01052
4	0.01572	0.01670	0.03326	0.02720	0.10611	0.01641	0.43545	0.02117	0.04358	0.02240	0.03824	0.10252	0.01703	0.00875	0.00933	0.00247	0.06078	0.00949	0.00418	0.00921
5	0.01575	0.23731	0.48792	0.01853	0.02763	0.01988	0.05665	0.02222	0.01497	0.02094	0.01206	0.01424	0.00915	0.00654	0.00623	0.00206	0.00978	0.00502	0.00305	0.01009
6	0.01449	0.00862	0.01155	0.01168	0.01409	0.00810	0.00983	0.01752	0.01768	0.14319	0.14764	0.06471	0.11752	0.01675	0.00897	0.00282	0.00561	0.36456	0.00717	0.00750
7	0.01428	0.03683	0.71286	0.02030	0.03082	0.01654	0.02631	0.02255	0.01503	0.02255	0.01278	0.01503	0.00902	0.00677	0.00677	0.00226	0.01052	0.00526	0.00301	0.01052
8	0.01771	0.01530	0.01610	0.01449	0.01852	0.01771	0.01127	0.03784	0.69247	0.02979	0.02898	0.02657	0.02174	0.00966	0.00725	0.00242	0.00564	0.00805	0.00725	0.01127
9	0.01008	0.00728	0.00952	0.00896	0.01064	0.00672	0.00672	0.01344	0.02016	0.02855	0.70158	0.05319	0.06719	0.01456	0.00840	0.00224	0.00336	0.01288	0.00784	0.00672
10	0.00926	0.00725	0.00838	0.00810	0.01013	0.00637	0.00607	0.01185	0.01822	0.02395	0.39053	0.06077	0.38110	0.01628	0.00841	0.00232	0.00348	0.01394	0.00723	0.00637
11	0.01899	0.01987	0.02567	0.11881	0.45763	0.16246	0.01949	0.02345	0.04504	0.02173	0.01346	0.01717	0.01107	0.00678	0.00694	0.00210	0.00937	0.00605	0.00367	0.01025
12	0.01008	0.00728	0.00952	0.00896	0.01064	0.00672	0.00672	0.01344	0.02016	0.02855	0.70158	0.05319	0.06719	0.01456	0.00840	0.00224	0.00336	0.01288	0.00784	0.00672
13	0.00868	0.00620	0.00826	0.00991	0.01033	0.00578	0.00661	0.00991	0.01363	0.01818	0.03925	0.74510	0.04710	0.02231	0.00909	0.00289	0.00413	0.02024	0.00661	0.00578
14	0.01685	0.01909	0.04133	0.03073	0.07231	0.01795	0.64493	0.02276	0.01678	0.02283	0.01435	0.01912	0.01083	0.00602	0.00833	0.00239	0.01182	0.00830	0.00360	0.00969
15	0.01477	0.01266	0.01477	0.01055	0.01687	0.00949	0.00844	0.01793	0.01477	0.02320	0.01266	0.01477	0.01055	0.00527	0.00527	0.00105	0.00527	0.00422	0.00422	0.79328
16	0.80005	0.01377	0.01047	0.00936	0.01377	0.01597	0.00771	0.02093	0.01212	0.03195	0.00991	0.01157	0.00771	0.00661	0.00441	0.00220	0.00551	0.00386	0.00441	0.00771
17	0.01528	0.01296	0.01504	0.01079	0.01709	0.01002	0.00865	0.04565	0.01555	0.02411	0.01284	0.01486	0.01061	0.00541	0.00535	0.00110	0.00538	0.00431	0.00434	0.76066
18	0.00878	0.00627	0.00835	0.00985	0.01035	0.00585	0.00662	0.01017	0.01410	0.01892	0.08687	0.69535	0.04854	0.02175	0.00904	0.00284	0.00408	0.01971	0.00670	0.00585
19	0.80005	0.01377	0.01047	0.00936	0.01377	0.01597	0.00771	0.02093	0.01212	0.03195	0.00991	0.01157	0.00771	0.00661	0.00441	0.00220	0.00551	0.00386	0.00441	0.00771
20	0.00842	0.00721	0.00721	0.00721	0.00962	0.00601	0.00541	0.01022	0.01623	0.01924	0.07213	0.06853	0.70244	0.01803	0.00842	0.00240	0.00361	0.01503	0.00661	0.00601
21	0.00949	0.00766	0.00849	0.00821	0.01045	0.00688	0.00618	0.01281	0.05313	0.02308	0.29218	0.06091	0.44233	0.01637	0.00835	0.00235	0.00363	0.01390	0.00708	0.00654
22	0.01428	0.03683	0.71286	0.02030	0.03082	0.01654	0.02631	0.02255	0.01503	0.02255	0.01278	0.01503	0.00902	0.00677	0.00677	0.00226	0.01052	0.00526	0.00301	0.01052
23	0.01558	0.01558	0.02181	0.01869	0.01869	0.02181	0.01558	0.01714	0.01091	0.01714	0.00935	0.01558	0.00935	0.01246	0.02337	0.00312	0.73672	0.00623	0.00312	0.00779
24	0.01762	0.01692	0.02890	0.04371	0.70533	0.01692	0.02185	0.02185	0.01621	0.02326	0.01339	0.01762	0.01128	0.00634	0.00705	0.00211	0.00846	0.00634	0.00352	0.01128
25	0.01036	0.00690	0.00777	0.00777	0.00777	0.00690	0.00431	0.01036	0.01036	0.01381	0.02244	0.04660	0.02589	0.74975	0.03624	0.00690	0.00690	0.01036	0.00431	0.00431
26	0.02477	0.01852	0.02000	0.01591	0.02111	0.02053	0.01310	0.55280	0.11501	0.04129	0.02007	0.02283	0.01539	0.00949	0.00733	0.00225	0.00747	0.05343	0.00710	0.01160
27	0.02915	0.06649	0.01845	0.01308	0.01849	0.01346	0.01092	0.12328	0.04309	0.52313	0.04795	0.02337	0.01805	0.00880	0.00701	0.00215	0.00631	0.00704	0.00808	0.01169
28	0.01566	0.13754	0.44680	0.02249	0.07860	0.01853	0.13858	0.02237	0.01535	0.02180	0.01269	0.01542	0.00951	0.00650	0.00675	0.00216	0.01021	0.00568	0.00315	0.01021
29	0.01582	0.03469	0.65243	0.01963	0.02972	0.01601	0.02493	0.02360	0.01550	0.08223	0.01411	0.01583	0.00977	0.00694	0.00680	0.00225	0.01014	0.00543	0.00351	0.01066
30	0.00863	0.00723	0.00754	0.00764	0.00992	0.00613	0.00578	0.01055	0.01632	0.01968	0.09520	0.08827	0.62663	0.01809	0.00850	0.00245	0.00375	0.04496	0.00666	0.00606
31	0.01526	0.05258	0.02407	0.42387	0.08148	0.01675	0.09277	0.01948	0.01455	0.04340	0.01353	0.01876	0.01051	0.00762	0.00883	0.00235	0.09090	0.00647	0.04839	0.00844
32	0.01639	0.04695	0.27231	0.08301	0.29580	0.01732	0.07594	0.04221	0.03985	0.02327	0.01375	0.01704	0.01063	0.00670	0.00700	0.00220	0.00942	0.00611	0.00354	0.01058
33	0.03175	0.01244	0.01672	0.01282	0.01834	0.01094	0.01059	0.06108	0.02091	0.68314	0.02764	0.02395	0.01740	0.00880	0.00716	0.00220	0.00613	0.00713	0.00874	0.01212
34	0.02318	0.02679	0.04525	0.02407	0.16668	0.38412	0.04691	0.10706	0.02006	0.02246	0.01237	0.01493	0.01006	0.00754	0.00788	0.00206	0.05961	0.00549	0.00401	0.00947
35	0.02956	0.11975	0.02004	0.01300	0.01862	0.01427	0.01105	0.10296	0.02095	0.53826	0.02428	0.02162	0.01581	0.00839	0.00678	0.00210	0.00648	0.00660	0.00780	0.01169
36	0.01761	0.01426	0.01546	0.01394	0.01778	0.01616	0.01091	0.03496	0.58243	0.06322	0.07766	0.03061	0.02560	0.01039	0.00743	0.00243	0.00553	0.03547	0.00734	0.01079
37	0.01008	0.00728	0.00952	0.00896	0.01064	0.00672	0.00672	0.01344	0.02016	0.02855	0.70158	0.05319	0.06719	0.01456	0.00840	0.00224	0.00336	0.01288	0.00784	0.00672
38	0.01878	0.01702	0.05175	0.12054	0.20765	0.03891	0.08508	0.14596	0.01921	0.06594	0.01923	0.02189	0.06122	0.00833	0.00823	0.00225	0.05422	0.00714	0.03669	0.00994
39	0.01601	0.01617	0.05708	0.31829	0.20402	0.01680	0.09508	0.06824	0.05017	0.02268	0.01586	0.02012	0.03162	0.00749	0.00775	0.00231	0.03008	0.00687	0.00389	0.00947
40	0.03195	0.01212	0.01652	0.01267	0.01818	0.01047	0.01047	0.03470	0.02038	0.71026	0.02809	0.02424	0.01763	0.00881	0.00716	0.00220	0.00606	0.00716	0.00881	0.01212
41	0.01008	0.00728	0.00952	0.00896	0.01064	0.00672	0.00672	0.01344	0.02016	0.02855	0.70158	0.05319	0.06719	0.01456	0.00840	0.00224	0.00336	0.01288	0.00784	0.00672
42	0.06533	0.06711	0.27203	0.01788	0.02492	0.04867	0.11924	0.07774	0.01756	0.10375	0.02072	0.04556	0.07123	0.00850	0.00703	0.00223	0.00883	0.00720	0.00466	0.00980
43	0.02542	0.03111	0.02059	0.01987	0.07093	0.60453	0.01418	0.04960	0.06185	0.01950	0.01249	0.01417	0.01019	0.00745	0.00654	0.00190	0.01192	0.00499	0.00399	0.00878
44	0.01237	0.00618	0.00928	0.00928	0.00928	0.00618	0.00618	0.00928	0.00928	0.01237	0.01237	0.02165	0.01237	0.02474	0.02783	0.79283	0.00618	0.00618	0.00309	0.00309
45	0.01381	0.01335	0.02363	0.59270	0.06883	0.01572	0.10058	0.01855	0.01460	0.01894	0.01398	0.04853	0.01125	0.00757	0.00736	0.00239	0.00955	0.00715	0.00337	0.00815
46	0.01405	0.01313	0.02199	0.68470	0.04768	0.01612	0.03968	0.04288	0.01503	0.01932	0.01287	0.01892	0.00963	0.00714	0.00716	0.00237	0.00951	0.00639	0.00332	0.00812
47	0.02193	0.02621	0.02244	0.07069	0.02443	0.42204	0.07388	0.02492	0.04087	0.01833	0.01168	0.01496	0.00982	0.00846	0.01058	0.00224	0.17899	0.00555	0.00362	0.00835
48	0.03043	0.01364	0.01736	0.01341	0.01888	0.01284	0.01104	0.14841	0.05393	0.56182	0.02620	0.02309	0.01685	0.00881	0.00716	0.00220	0.00635	0.00707	0.00844	0.01208
49	0.01630	0.02037	0.12441	0.01642	0.07758	0.20244	0.01313	0.02022	0.04451	0.03912	0.06578	0.06535	0.18447	0.01447	0.06146	0.00290	0.00894	0.00899	0.00492	0.00822
50	0.00984	0.00770	0.01027	0.03059	0.01260	0.00731	0.03427	0.01227	0.03423	0.01991	0.12397	0.33263	0.18728	0.09562	0.01163	0.00310	0.00486	0.04939	0.00631	0.00621
51	0.01452	0.07254	0.67923	0.01989	0.03019	0.01712	0.02561	0.02249	0.01501	0.02226	0.01264	0.01485	0.00903	0.00673	0.00666	0.00222	0.01038	0.00519	0.00301	0.01045
52	0.04280	0.09933	0.02841	0.13990	0.20992	0.01943	0.12933	0.02012	0.01429	0.02035	0.01189	0.01668	0.01005	0.00797	0.01114	0.00240	0.19716	0.00629	0.00335	0.00920

[dist]
# distance from previous block
# <min> <max>
0	1

[block]
# block no. 2 follows, 29 sequences, length 8
# corresponding to MSA columns:
# 396-403
name=unknown_C
#
# <colnr> <probs for GDERKNQSTAVLIFYWHMCP>
#	G	D	E	R	K	N	Q	S	T	A	V	L	I	F	Y	W	H	M	C	P
0	0.05136	0.02429	0.01956	0.04251	0.02199	0.30398	0.01316	0.29559	0.07491	0.03020	0.01730	0.01800	0.03891	0.00840	0.00681	0.00206	0.00951	0.00605	0.00548	0.00994
1	0.19930	0.09216	0.03674	0.01252	0.01725	0.01517	0.05929	0.07147	0.01551	0.02637	0.01379	0.01627	0.01108	0.00705	0.00664	0.00184	0.05756	0.00516	0.13895	0.19589
2	0.00896	0.00709	0.00793	0.00798	0.00984	0.00621	0.00581	0.01097	0.01655	0.02107	0.21846	0.14232	0.43337	0.05921	0.01007	0.00268	0.00379	0.01485	0.00678	0.00606
3	0.01219	0.00881	0.01093	0.01144	0.01291	0.00889	0.00842	0.12582	0.01739	0.02316	0.03525	0.53458	0.04030	0.01961	0.00885	0.00281	0.00508	0.09989	0.00669	0.00697
4	0.01960	0.01986	0.07269	0.03582	0.49900	0.06318	0.02020	0.13555	0.01935	0.02655	0.01383	0.01705	0.01114	0.00681	0.00700	0.00211	0.00877	0.00617	0.00412	0.01118
5	0.01983	0.47599	0.07619	0.01386	0.01940	0.16255	0.01306	0.04819	0.01683	0.01931	0.06508	0.01546	0.01383	0.00715	0.00548	0.00171	0.00852	0.00488	0.00370	0.00898
6	0.01115	0.00879	0.01221	0.01167	0.01237	0.01056	0.00878	0.01282	0.01105	0.01588	0.01833	0.03100	0.01859	0.23911	0.41204	0.00876	0.13887	0.00814	0.00383	0.00604
7	0.01191	0.00932	0.00992	0.00911	0.01173	0.00888	0.00688	0.12568	0.01888	0.02384	0.10371	0.09399	0.44750	0.07402	0.01042	0.00273	0.00460	0.01331	0.00661	0.00696

[dist]
# distance from previous block
# <min> <max>
0	42

# created by:
# /st0/software/busco_prod/Augustus/scripts/msa2prfl.pl ./align_prep/179947.fa
