[name]
unknown

[dist]
# distance from previous block
# <min> <max>
1	22

[block]
# block no. 0 follows, 26 sequences, length 7
# corresponding to MSA columns:
# 22-28
name=unknown_A
#
# <colnr> <probs for GDERKNQSTAVLIFYWHMCP>
#	G	D	E	R	K	N	Q	S	T	A	V	L	I	F	Y	W	H	M	C	P
0	0.04810	0.02150	0.03515	0.02869	0.10092	0.11636	0.38467	0.02599	0.04766	0.05533	0.01566	0.01943	0.01198	0.00732	0.00903	0.00246	0.04744	0.00777	0.00428	0.01025
1	0.01978	0.11994	0.08252	0.02028	0.12268	0.26819	0.01486	0.02286	0.01854	0.02092	0.06228	0.06941	0.10652	0.01039	0.00730	0.00217	0.00950	0.00818	0.00461	0.00905
2	0.01595	0.01421	0.01874	0.01339	0.02022	0.01105	0.07636	0.01964	0.01595	0.02467	0.01367	0.01622	0.01126	0.00570	0.00596	0.00127	0.00636	0.00496	0.00443	0.69998
3	0.02210	0.11930	0.06588	0.02627	0.24573	0.18938	0.01708	0.02566	0.01819	0.08106	0.01437	0.01667	0.01150	0.00710	0.00673	0.00196	0.00952	0.00564	0.00429	0.11158
4	0.02087	0.06291	0.01933	0.01475	0.01981	0.10894	0.01181	0.05277	0.22800	0.08500	0.02005	0.02029	0.01542	0.00838	0.00780	0.00201	0.04951	0.00632	0.00585	0.24018
5	0.02015	0.01772	0.02061	0.01803	0.06855	0.08943	0.04545	0.05012	0.12194	0.08396	0.01735	0.01908	0.01360	0.00825	0.00933	0.00206	0.10693	0.00624	0.00524	0.27595
6	0.06703	0.06925	0.06353	0.01979	0.05419	0.10978	0.12393	0.10543	0.06520	0.08553	0.01660	0.01862	0.01269	0.00968	0.03412	0.00257	0.04013	0.00650	0.00510	0.09033

[dist]
# distance from previous block
# <min> <max>
21	37

[block]
# block no. 1 follows, 26 sequences, length 69
# corresponding to MSA columns:
# 67-135
name=unknown_B
#
# <colnr> <probs for GDERKNQSTAVLIFYWHMCP>
#	G	D	E	R	K	N	Q	S	T	A	V	L	I	F	Y	W	H	M	C	P
0	0.02772	0.03512	0.02159	0.01956	0.02326	0.66731	0.01476	0.02966	0.02098	0.01855	0.01163	0.01383	0.00978	0.00810	0.00779	0.00203	0.05072	0.00498	0.00388	0.00877
1	0.01562	0.01348	0.01626	0.06406	0.02055	0.01062	0.00989	0.01912	0.01569	0.02432	0.01348	0.01607	0.01115	0.00576	0.00576	0.00123	0.00595	0.00466	0.00441	0.72192
2	0.01573	0.01348	0.01573	0.01123	0.01798	0.01011	0.00899	0.01910	0.01573	0.02472	0.01348	0.01573	0.01123	0.00562	0.00562	0.00112	0.00562	0.00449	0.00449	0.77980
3	0.01770	0.38238	0.37277	0.01738	0.02627	0.02370	0.02064	0.02338	0.01572	0.02099	0.01211	0.01413	0.00967	0.00685	0.00606	0.00202	0.00969	0.00484	0.00322	0.01049
4	0.02147	0.01474	0.01905	0.14109	0.07233	0.01541	0.01377	0.15579	0.10530	0.15935	0.02501	0.09642	0.04101	0.01043	0.00770	0.00237	0.00725	0.00882	0.00660	0.07609
5	0.01998	0.01653	0.06552	0.01498	0.01975	0.01584	0.03392	0.18886	0.19080	0.09162	0.12083	0.03493	0.08552	0.03413	0.00903	0.00262	0.00678	0.03046	0.00729	0.01062
6	0.02620	0.03302	0.01997	0.01824	0.02200	0.62628	0.01368	0.02815	0.02103	0.01878	0.01889	0.02021	0.08391	0.00907	0.00707	0.00202	0.01260	0.00611	0.00425	0.00853
7	0.01573	0.01348	0.01573	0.01123	0.01798	0.01011	0.00899	0.01910	0.01573	0.02472	0.01348	0.01573	0.01123	0.00562	0.00562	0.00112	0.00562	0.00449	0.00449	0.77980
8	0.02028	0.73799	0.03975	0.01298	0.01947	0.03001	0.01298	0.02271	0.01541	0.01785	0.01055	0.01217	0.00973	0.00649	0.00487	0.00162	0.00811	0.00406	0.00324	0.00973
9	0.02184	0.01379	0.02066	0.01546	0.02144	0.01164	0.12049	0.02543	0.01829	0.25643	0.04437	0.07207	0.01873	0.00869	0.00729	0.00198	0.00698	0.00787	0.00640	0.30016
10	0.03114	0.01418	0.05269	0.01381	0.01967	0.01163	0.01187	0.03526	0.05117	0.59191	0.06292	0.02702	0.02123	0.00963	0.00768	0.00236	0.00653	0.00788	0.00893	0.01248
11	0.02014	0.01601	0.01719	0.01527	0.01969	0.01822	0.01193	0.04002	0.61760	0.08729	0.03079	0.02809	0.02279	0.01021	0.00771	0.00255	0.00604	0.00850	0.00786	0.01208
12	0.00940	0.00671	0.00898	0.01074	0.01125	0.00629	0.00731	0.01083	0.01467	0.01954	0.04172	0.69515	0.04983	0.02362	0.00972	0.00310	0.00453	0.05337	0.00704	0.00620
13	0.01472	0.01389	0.02347	0.65526	0.10906	0.01696	0.02126	0.01973	0.01536	0.01986	0.01355	0.02009	0.01028	0.00751	0.00758	0.00250	0.01001	0.00674	0.00340	0.00875
14	0.01723	0.29708	0.41767	0.01896	0.02824	0.02229	0.05554	0.02355	0.01589	0.02175	0.01257	0.01482	0.00975	0.00690	0.00643	0.00212	0.01015	0.00521	0.00325	0.01061
15	0.01790	0.02046	0.04476	0.03197	0.03964	0.01918	0.65857	0.02430	0.01790	0.02430	0.01535	0.02046	0.01151	0.00639	0.00895	0.00256	0.01279	0.00895	0.00384	0.01023
16	0.01318	0.00659	0.00988	0.00988	0.00988	0.00659	0.00659	0.00988	0.00988	0.01318	0.01318	0.02306	0.01318	0.02635	0.02964	0.77931	0.00659	0.00659	0.00329	0.00329
17	0.01539	0.01457	0.02468	0.55440	0.20468	0.01713	0.02160	0.02032	0.01567	0.02068	0.01367	0.01987	0.01057	0.00738	0.00757	0.00246	0.00985	0.00675	0.00346	0.00929
18	0.01098	0.00757	0.00937	0.00937	0.00974	0.00795	0.00596	0.01173	0.01135	0.01552	0.02290	0.04410	0.02517	0.54460	0.22415	0.00870	0.01097	0.01022	0.00445	0.00520
19	0.03403	0.01291	0.01760	0.01350	0.01936	0.01115	0.01115	0.03697	0.02171	0.69137	0.02992	0.02582	0.01878	0.00939	0.00763	0.00235	0.00645	0.00763	0.00939	0.01291
20	0.00980	0.00834	0.00854	0.00849	0.01114	0.00738	0.00647	0.01317	0.06383	0.02138	0.07208	0.07034	0.61005	0.01865	0.00894	0.00260	0.00412	0.04076	0.00709	0.00682
21	0.01590	0.01509	0.02561	0.47764	0.27744	0.01727	0.02185	0.02076	0.01591	0.02130	0.01376	0.01971	0.01079	0.00729	0.00756	0.00243	0.00972	0.00675	0.00351	0.00970
22	0.01790	0.02046	0.04476	0.03197	0.03964	0.01918	0.65857	0.02430	0.01790	0.02430	0.01535	0.02046	0.01151	0.00639	0.00895	0.00256	0.01279	0.00895	0.00384	0.01023
23	0.01085	0.00807	0.01191	0.01191	0.01317	0.00933	0.00913	0.01337	0.01211	0.01740	0.02057	0.03121	0.01957	0.10494	0.65615	0.01185	0.01940	0.00833	0.00410	0.00662
24	0.02883	0.02125	0.02276	0.01745	0.02352	0.02352	0.01442	0.66082	0.03566	0.04780	0.01821	0.01821	0.01290	0.00911	0.00759	0.00228	0.00835	0.00683	0.00759	0.01290
25	0.01750	0.01672	0.02848	0.23852	0.50413	0.01769	0.02264	0.02216	0.01667	0.02323	0.01404	0.01919	0.01147	0.00700	0.00753	0.00233	0.00933	0.00675	0.00364	0.01098
26	0.01318	0.00659	0.00988	0.00988	0.00988	0.00659	0.00659	0.00988	0.00988	0.01318	0.01318	0.02306	0.01318	0.02635	0.02964	0.77931	0.00659	0.00659	0.00329	0.00329
27	0.01208	0.01012	0.01285	0.01271	0.01425	0.05874	0.00985	0.01473	0.01285	0.01768	0.01971	0.02865	0.01831	0.05340	0.65390	0.01146	0.01985	0.00790	0.00405	0.00692
28	0.02920	0.02065	0.02240	0.01717	0.02323	0.02264	0.01418	0.61651	0.03467	0.09352	0.01904	0.01875	0.01332	0.00913	0.00759	0.00228	0.00821	0.00689	0.00772	0.01290
29	0.01715	0.01681	0.02321	0.01980	0.02008	0.02325	0.01650	0.04765	0.01272	0.01961	0.01033	0.01667	0.01009	0.01308	0.02410	0.00327	0.68701	0.00665	0.00351	0.00851
30	0.03403	0.01291	0.01760	0.01350	0.01936	0.01115	0.01115	0.03697	0.02171	0.69137	0.02992	0.02582	0.01878	0.00939	0.00763	0.00235	0.00645	0.00763	0.00939	0.01291
31	0.01318	0.00659	0.00988	0.00988	0.00988	0.00659	0.00659	0.00988	0.00988	0.01318	0.01318	0.02306	0.01318	0.02635	0.02964	0.77931	0.00659	0.00659	0.00329	0.00329
32	0.78701	0.01467	0.01115	0.00997	0.01467	0.01702	0.00821	0.02230	0.01291	0.03403	0.01056	0.01232	0.00821	0.00704	0.00469	0.00235	0.00587	0.00411	0.00469	0.00821
33	0.01887	0.01629	0.01715	0.01544	0.01972	0.01887	0.01201	0.04031	0.67241	0.03173	0.03087	0.02830	0.02315	0.01029	0.00772	0.00257	0.00600	0.00858	0.00772	0.01201
34	0.03403	0.01291	0.01760	0.01350	0.01936	0.01115	0.01115	0.03697	0.02171	0.69137	0.02992	0.02582	0.01878	0.00939	0.00763	0.00235	0.00645	0.00763	0.00939	0.01291
35	0.00896	0.00768	0.00768	0.00768	0.01025	0.00640	0.00576	0.01089	0.01729	0.02049	0.07684	0.07300	0.68304	0.01921	0.00896	0.00256	0.00384	0.01601	0.00704	0.00640
36	0.00947	0.00670	0.00873	0.01027	0.01066	0.00631	0.00673	0.01062	0.01408	0.01877	0.03954	0.64250	0.04731	0.11365	0.01334	0.00362	0.00477	0.02023	0.00673	0.00596
37	0.03403	0.01291	0.01760	0.01350	0.01936	0.01115	0.01115	0.03697	0.02171	0.69137	0.02992	0.02582	0.01878	0.00939	0.00763	0.00235	0.00645	0.00763	0.00939	0.01291
38	0.78701	0.01467	0.01115	0.00997	0.01467	0.01702	0.00821	0.02230	0.01291	0.03403	0.01056	0.01232	0.00821	0.00704	0.00469	0.00235	0.00587	0.00411	0.00469	0.00821
39	0.21451	0.01038	0.01098	0.01071	0.01326	0.01089	0.00797	0.01899	0.08815	0.06127	0.15170	0.25000	0.05884	0.04796	0.00922	0.00284	0.00503	0.01273	0.00676	0.00781
40	0.02706	0.01683	0.01925	0.01506	0.02029	0.01762	0.01227	0.39332	0.02938	0.20623	0.11247	0.02646	0.02292	0.03436	0.00883	0.00248	0.00718	0.00812	0.00804	0.01183
41	0.01103	0.00735	0.00827	0.00827	0.00827	0.00735	0.00460	0.01103	0.01103	0.01471	0.02390	0.04964	0.02758	0.73343	0.03861	0.00735	0.00735	0.01103	0.00460	0.00460
42	0.01100	0.00749	0.00897	0.00897	0.00921	0.00773	0.00547	0.01148	0.01124	0.01522	0.02326	0.04611	0.02604	0.61304	0.15690	0.00821	0.00966	0.01051	0.00450	0.00498
43	0.18475	0.01326	0.01631	0.01279	0.01842	0.01232	0.01056	0.03403	0.01995	0.55979	0.02605	0.02312	0.01666	0.00892	0.00704	0.00235	0.00634	0.00692	0.00845	0.01197
44	0.00924	0.00660	0.00880	0.01056	0.01100	0.00616	0.00704	0.01056	0.01452	0.01936	0.04181	0.72848	0.05017	0.02376	0.00968	0.00308	0.00440	0.02156	0.00704	0.00616
45	0.78701	0.01467	0.01115	0.00997	0.01467	0.01702	0.00821	0.02230	0.01291	0.03403	0.01056	0.01232	0.00821	0.00704	0.00469	0.00235	0.00587	0.00411	0.00469	0.00821
46	0.01318	0.00659	0.00988	0.00988	0.00988	0.00659	0.00659	0.00988	0.00988	0.01318	0.01318	0.02306	0.01318	0.02635	0.02964	0.77931	0.00659	0.00659	0.00329	0.00329
47	0.00937	0.00757	0.00823	0.00831	0.01043	0.00654	0.00608	0.01142	0.01745	0.02179	0.17132	0.13776	0.49033	0.04683	0.01019	0.00277	0.00399	0.01601	0.00716	0.00643
48	0.00918	0.00769	0.00799	0.00791	0.01038	0.00650	0.00593	0.01131	0.01780	0.02171	0.15144	0.07098	0.60768	0.01875	0.00896	0.00254	0.00381	0.01573	0.00720	0.00650
49	0.01877	0.01802	0.03079	0.04656	0.68612	0.01802	0.02328	0.02328	0.01727	0.02478	0.01427	0.01877	0.01201	0.00676	0.00751	0.00225	0.00901	0.00676	0.00375	0.01201
50	0.78701	0.01467	0.01115	0.00997	0.01467	0.01702	0.00821	0.02230	0.01291	0.03403	0.01056	0.01232	0.00821	0.00704	0.00469	0.00235	0.00587	0.00411	0.00469	0.00821
51	0.14563	0.08645	0.09639	0.01634	0.02279	0.02243	0.01481	0.43323	0.02811	0.04034	0.01582	0.01650	0.01152	0.00834	0.00685	0.00224	0.00825	0.00602	0.00626	0.01169
52	0.09634	0.03422	0.02057	0.01868	0.02266	0.64149	0.01408	0.02957	0.02073	0.01995	0.01162	0.01356	0.00963	0.00775	0.00665	0.00199	0.01298	0.00482	0.00398	0.00874
53	0.01600	0.01389	0.01708	0.01440	0.07787	0.01082	0.01027	0.01947	0.01587	0.02472	0.01355	0.01600	0.01130	0.00572	0.00579	0.00122	0.00592	0.00470	0.00443	0.71097
54	0.01282	0.00833	0.01046	0.01100	0.01256	0.00787	0.00779	0.05915	0.01697	0.08175	0.04292	0.54286	0.11439	0.02093	0.00927	0.00290	0.00480	0.01866	0.00729	0.00727
55	0.01541	0.01306	0.01541	0.01148	0.01777	0.00999	0.00928	0.01880	0.01588	0.02454	0.01587	0.02199	0.01414	0.00699	0.00605	0.00134	0.00574	0.06102	0.00472	0.71052
56	0.02930	0.02050	0.02230	0.01710	0.02315	0.02241	0.01412	0.60490	0.03441	0.10549	0.01926	0.01889	0.01343	0.00913	0.00759	0.00228	0.00818	0.00690	0.00775	0.01290
57	0.01294	0.07407	0.01320	0.05647	0.01387	0.01089	0.00768	0.05868	0.01422	0.01868	0.02560	0.19325	0.02881	0.41094	0.02489	0.00521	0.00702	0.01217	0.00515	0.00625
58	0.12222	0.01881	0.02754	0.06066	0.23252	0.09284	0.16867	0.02248	0.01655	0.02404	0.01587	0.08127	0.01432	0.00885	0.00883	0.00247	0.06010	0.00803	0.00416	0.00977
59	0.05007	0.13492	0.02360	0.09934	0.05864	0.04103	0.01425	0.19970	0.04563	0.07705	0.07561	0.02125	0.01746	0.00916	0.00864	0.00227	0.07243	0.00684	0.00567	0.03644
60	0.05356	0.20039	0.12419	0.01726	0.05217	0.09569	0.01531	0.14043	0.02031	0.09601	0.01751	0.08009	0.01492	0.00931	0.00738	0.00221	0.03060	0.00703	0.00517	0.01044
61	0.02571	0.16816	0.08648	0.01699	0.02300	0.12093	0.01520	0.29870	0.02542	0.09175	0.01599	0.01675	0.01191	0.00844	0.00769	0.00216	0.04170	0.00594	0.00575	0.01131
62	0.01887	0.06819	0.15476	0.05859	0.13866	0.09210	0.05121	0.09935	0.01905	0.02551	0.01640	0.07879	0.01435	0.00856	0.00721	0.00215	0.00916	0.00723	0.00448	0.12538
63	0.02140	0.18645	0.05512	0.01611	0.04211	0.06887	0.03336	0.15371	0.04769	0.08354	0.06393	0.02105	0.01718	0.01263	0.06921	0.00292	0.00919	0.00657	0.00547	0.08350
64	0.11672	0.07868	0.01944	0.08119	0.02220	0.05769	0.01190	0.11418	0.03889	0.13724	0.03678	0.01891	0.01417	0.00774	0.00647	0.00195	0.00726	0.00589	0.00571	0.21698
65	0.11593	0.08699	0.02444	0.02273	0.18657	0.01864	0.04831	0.16594	0.04059	0.05525	0.01533	0.01728	0.01194	0.00726	0.00666	0.00203	0.00776	0.00596	0.00515	0.15524
66	0.02250	0.09693	0.06896	0.08300	0.08397	0.09804	0.06189	0.20306	0.05634	0.05659	0.01597	0.01793	0.01214	0.00801	0.00772	0.00220	0.03224	0.00634	0.00520	0.06099
67	0.02217	0.04434	0.06244	0.05140	0.02164	0.12414	0.01313	0.18374	0.02221	0.10391	0.06664	0.02524	0.04072	0.07420	0.01074	0.00263	0.03472	0.00739	0.00588	0.08272
68	0.02075	0.11862	0.07315	0.01806	0.08462	0.03927	0.01437	0.18572	0.02181	0.07422	0.07955	0.02462	0.06489	0.00974	0.00879	0.00222	0.07261	0.00740	0.00568	0.07391

[dist]
# distance from previous block
# <min> <max>
0	30

# created by:
# /st0/software/busco_prod/Augustus/scripts/msa2prfl.pl ./align_prep/180031.fa
