[name]
unknown

[dist]
# distance from previous block
# <min> <max>
7	29

[block]
# block no. 0 follows, 28 sequences, length 34
# corresponding to MSA columns:
# 39-50,53-74
name=unknown_A
#
# <colnr> <probs for GDERKNQSTAVLIFYWHMCP>
#	G	D	E	R	K	N	Q	S	T	A	V	L	I	F	Y	W	H	M	C	P
0	0.04508	0.00804	0.00976	0.01010	0.01178	0.00773	0.00738	0.01474	0.05438	0.06140	0.16491	0.34187	0.13068	0.04591	0.00974	0.00284	0.00452	0.05529	0.00696	0.00688
1	0.04628	0.00801	0.00979	0.01009	0.01153	0.00784	0.00741	0.04099	0.01677	0.02340	0.23005	0.26941	0.08205	0.10725	0.01224	0.00322	0.00485	0.09563	0.00674	0.00648
2	0.13231	0.00807	0.00887	0.00952	0.01123	0.00797	0.00703	0.01294	0.01470	0.02190	0.06472	0.32324	0.17740	0.05054	0.00950	0.00288	0.00466	0.08459	0.04157	0.00635
3	0.01063	0.00827	0.00963	0.01001	0.01160	0.00808	0.00703	0.01498	0.11721	0.02073	0.07215	0.36929	0.17373	0.09615	0.01167	0.00313	0.00464	0.01580	0.00659	0.02865
4	0.01009	0.00729	0.00899	0.00952	0.01054	0.00693	0.00652	0.03569	0.01571	0.02104	0.16933	0.39290	0.11482	0.13985	0.01359	0.00342	0.00462	0.01643	0.00663	0.00611
5	0.01037	0.00720	0.00908	0.00973	0.01069	0.00686	0.00663	0.01264	0.03997	0.03890	0.16277	0.42661	0.07340	0.13422	0.01337	0.00341	0.00460	0.01660	0.00670	0.00624
6	0.01030	0.00736	0.00916	0.03613	0.01210	0.00699	0.00707	0.01243	0.03076	0.03809	0.07298	0.40058	0.18095	0.08290	0.01122	0.00309	0.00464	0.03207	0.03489	0.00630
7	0.05013	0.01128	0.01406	0.01181	0.01597	0.01034	0.00928	0.04495	0.07046	0.32691	0.06952	0.16832	0.05509	0.01205	0.00752	0.00228	0.00544	0.01023	0.00753	0.09683
8	0.05415	0.01721	0.01735	0.09271	0.02227	0.12045	0.01150	0.09396	0.04848	0.05572	0.01449	0.01634	0.01132	0.00671	0.00612	0.00164	0.00740	0.00514	0.00478	0.39227
9	0.04945	0.01370	0.01615	0.01434	0.05031	0.05431	0.01082	0.09299	0.05468	0.28682	0.13267	0.02748	0.02444	0.01460	0.08625	0.00323	0.00786	0.00784	0.00706	0.04499
10	0.02567	0.01798	0.01933	0.01506	0.02024	0.01969	0.01236	0.55039	0.03078	0.06760	0.01883	0.01920	0.01353	0.00870	0.00694	0.00211	0.00723	0.00661	0.12625	0.01151
11	0.01607	0.08190	0.47476	0.01946	0.05775	0.03567	0.02193	0.05144	0.01630	0.02362	0.01300	0.01520	0.00970	0.00670	0.00654	0.00204	0.00956	0.00519	0.00349	0.12969
12	0.15253	0.01451	0.01705	0.01329	0.01878	0.01436	0.01097	0.18309	0.02260	0.44336	0.02310	0.02098	0.01507	0.00858	0.00685	0.00223	0.00652	0.00660	0.00788	0.01165
13	0.02553	0.01184	0.01500	0.01210	0.01678	0.01086	0.00979	0.05861	0.08075	0.45269	0.09111	0.03403	0.12609	0.01099	0.00762	0.00230	0.00561	0.00908	0.00835	0.01088
14	0.12899	0.00834	0.00792	0.00782	0.01050	0.00768	0.00594	0.01209	0.01581	0.02157	0.06240	0.09140	0.56163	0.01682	0.00800	0.00245	0.00400	0.01384	0.00641	0.00639
15	0.02218	0.02089	0.12433	0.01646	0.02237	0.01953	0.01481	0.30838	0.27968	0.06109	0.02183	0.02109	0.01584	0.00889	0.00726	0.00231	0.00749	0.00703	0.00674	0.01179
16	0.01355	0.00678	0.00678	0.00678	0.00847	0.00678	0.00508	0.01694	0.01524	0.02710	0.02371	0.02710	0.01863	0.00847	0.00508	0.00169	0.00339	0.00678	0.78489	0.00678
17	0.17980	0.01717	0.01802	0.01451	0.01937	0.01923	0.01190	0.44203	0.02634	0.03873	0.01628	0.01801	0.01235	0.01533	0.11505	0.00365	0.00927	0.00621	0.00620	0.01056
18	0.13689	0.32539	0.02396	0.01238	0.01709	0.04933	0.01081	0.02501	0.17959	0.02442	0.10973	0.02142	0.02045	0.00844	0.00593	0.00200	0.00657	0.00627	0.00507	0.00926
19	0.01180	0.01223	0.11660	0.01106	0.01430	0.00854	0.01006	0.01597	0.01979	0.05402	0.56553	0.04721	0.05757	0.01342	0.00827	0.00229	0.00465	0.01173	0.00729	0.00766
20	0.00966	0.00779	0.00870	0.00904	0.01095	0.00720	0.00655	0.01314	0.07645	0.02101	0.10776	0.27445	0.38357	0.01873	0.00870	0.00260	0.00402	0.01619	0.00691	0.00660
21	0.04243	0.01738	0.02557	0.02898	0.30695	0.04557	0.10232	0.16837	0.02126	0.02950	0.11870	0.02325	0.02017	0.00827	0.00750	0.00221	0.00826	0.00764	0.00514	0.01053
22	0.01939	0.42465	0.13452	0.01467	0.02099	0.06080	0.01463	0.08773	0.08644	0.02222	0.01373	0.01516	0.01130	0.00899	0.03476	0.00226	0.00880	0.00502	0.00402	0.00990
23	0.00881	0.00650	0.00826	0.00967	0.01042	0.00594	0.00655	0.01017	0.01435	0.01873	0.04555	0.63042	0.15391	0.02206	0.00917	0.00287	0.00413	0.01980	0.00675	0.00594
24	0.01504	0.01316	0.02225	0.37960	0.10680	0.01460	0.09008	0.04267	0.01603	0.05027	0.01934	0.13240	0.01780	0.01013	0.00784	0.00250	0.00868	0.03784	0.00441	0.00858
25	0.01507	0.01292	0.01507	0.01077	0.01723	0.00969	0.00861	0.01830	0.01507	0.02369	0.01292	0.01507	0.01077	0.00538	0.00538	0.00108	0.00538	0.00431	0.00431	0.78898
26	0.01355	0.00678	0.00678	0.00678	0.00847	0.00678	0.00508	0.01694	0.01524	0.02710	0.02371	0.02710	0.01863	0.00847	0.00508	0.00169	0.00339	0.00678	0.78489	0.00678
27	0.01325	0.00795	0.01023	0.00966	0.01174	0.00719	0.00717	0.01586	0.01849	0.12868	0.37165	0.18109	0.12594	0.04582	0.00968	0.00262	0.00418	0.01382	0.00763	0.00734
28	0.02513	0.02217	0.02106	0.01857	0.06547	0.16167	0.01398	0.38304	0.15223	0.03583	0.01822	0.01842	0.01354	0.00854	0.00714	0.00217	0.00865	0.00648	0.00634	0.01135
29	0.01041	0.00767	0.01111	0.01111	0.01221	0.00877	0.00837	0.01261	0.01151	0.01645	0.02000	0.03146	0.01943	0.16003	0.61194	0.01097	0.01757	0.00821	0.00397	0.00617
30	0.00882	0.00648	0.00827	0.00970	0.01043	0.00594	0.00656	0.01017	0.01432	0.01872	0.04520	0.63736	0.14719	0.02211	0.00917	0.00288	0.00414	0.01985	0.00675	0.00594
31	0.01445	0.01318	0.02154	0.08116	0.06619	0.01350	0.16910	0.02205	0.14896	0.02560	0.19972	0.03961	0.03295	0.01141	0.00837	0.00253	0.00736	0.10751	0.00596	0.00884
32	0.33347	0.02012	0.01768	0.01611	0.06505	0.14041	0.01206	0.25732	0.02191	0.03417	0.01319	0.01448	0.00999	0.00757	0.00603	0.00215	0.00798	0.00517	0.00530	0.00983
33	0.52037	0.01433	0.01277	0.01076	0.01554	0.01563	0.00875	0.08570	0.05734	0.03226	0.04062	0.01556	0.01214	0.00726	0.00525	0.00208	0.00574	0.00489	0.00507	0.12794

[dist]
# distance from previous block
# <min> <max>
2	4

[block]
# block no. 1 follows, 28 sequences, length 35
# corresponding to MSA columns:
# 79-113
name=unknown_B
#
# <colnr> <probs for GDERKNQSTAVLIFYWHMCP>
#	G	D	E	R	K	N	Q	S	T	A	V	L	I	F	Y	W	H	M	C	P
0	0.01830	0.01827	0.02918	0.03245	0.33392	0.08209	0.18905	0.02265	0.01714	0.04301	0.01640	0.02387	0.01413	0.00774	0.00764	0.00225	0.00954	0.06621	0.00413	0.06207
1	0.01507	0.01292	0.01507	0.01077	0.01723	0.00969	0.00861	0.01830	0.01507	0.02369	0.01292	0.01507	0.01077	0.00538	0.00538	0.00108	0.00538	0.00431	0.00431	0.78898
2	0.01507	0.01292	0.01507	0.01077	0.01723	0.00969	0.00861	0.01830	0.01507	0.02369	0.01292	0.01507	0.01077	0.00538	0.00538	0.00108	0.00538	0.00431	0.00431	0.78898
3	0.02285	0.02070	0.15367	0.02038	0.04718	0.01631	0.17879	0.15934	0.02113	0.21036	0.01856	0.01941	0.01283	0.00754	0.00742	0.00222	0.00894	0.00689	0.00576	0.05973
4	0.02241	0.01275	0.01570	0.01287	0.01788	0.01182	0.01048	0.02940	0.16909	0.29911	0.02613	0.02981	0.02003	0.00963	0.00718	0.00214	0.00595	0.08482	0.00718	0.20562
5	0.01355	0.00678	0.00678	0.00678	0.00847	0.00678	0.00508	0.01694	0.01524	0.02710	0.02371	0.02710	0.01863	0.00847	0.00508	0.00169	0.00339	0.00678	0.78489	0.00678
6	0.01355	0.00678	0.00678	0.00678	0.00847	0.00678	0.00508	0.01694	0.01524	0.02710	0.02371	0.02710	0.01863	0.00847	0.00508	0.00169	0.00339	0.00678	0.78489	0.00678
7	0.02578	0.20088	0.02376	0.01428	0.01992	0.02005	0.01225	0.24014	0.11033	0.22948	0.02047	0.01939	0.01453	0.00832	0.00664	0.00208	0.00712	0.00632	0.00675	0.01149
8	0.74241	0.01394	0.01112	0.00980	0.01437	0.01591	0.00807	0.02235	0.01296	0.07966	0.01142	0.01271	0.00858	0.00691	0.00470	0.00225	0.00566	0.00417	0.00481	0.00819
9	0.02068	0.00959	0.01249	0.01084	0.01429	0.00867	0.00877	0.02375	0.01915	0.32260	0.18465	0.04099	0.06417	0.01204	0.00762	0.00231	0.00504	0.08700	0.13616	0.00920
10	0.02047	0.01877	0.03091	0.05660	0.22123	0.01923	0.23848	0.22077	0.04685	0.03032	0.01573	0.01876	0.01193	0.00720	0.00770	0.00229	0.00960	0.00727	0.00486	0.01106
11	0.02721	0.01822	0.01970	0.01579	0.02051	0.08825	0.01287	0.26927	0.06926	0.26270	0.02050	0.01996	0.01429	0.00925	0.00923	0.00231	0.09555	0.00671	0.00701	0.01137
12	0.00910	0.00651	0.00865	0.00996	0.01060	0.00606	0.00677	0.01073	0.01503	0.02033	0.15008	0.62471	0.05152	0.02144	0.00916	0.00284	0.00408	0.01940	0.00696	0.00606
13	0.02836	0.04047	0.01692	0.01258	0.01764	0.01158	0.01037	0.07387	0.02142	0.53078	0.12941	0.02829	0.02504	0.00977	0.00740	0.00222	0.00594	0.00802	0.00850	0.01141
14	0.02802	0.01816	0.01983	0.01554	0.02105	0.04446	0.01271	0.40636	0.09728	0.22736	0.02162	0.02033	0.01484	0.00887	0.00727	0.00222	0.00745	0.00686	0.00764	0.01213
15	0.02843	0.01609	0.10078	0.01413	0.02017	0.01266	0.01280	0.09640	0.04177	0.50386	0.05711	0.02434	0.01888	0.00902	0.00732	0.00226	0.00678	0.00730	0.00801	0.01189
16	0.02784	0.01321	0.01660	0.01334	0.01842	0.01273	0.01081	0.05760	0.18368	0.48482	0.05992	0.02646	0.02120	0.00947	0.00739	0.00230	0.00601	0.00778	0.00850	0.01190
17	0.02254	0.10629	0.02113	0.01515	0.02024	0.02073	0.01246	0.27791	0.32626	0.06596	0.02257	0.02146	0.01670	0.00895	0.00701	0.00224	0.00687	0.00702	0.00690	0.01161
18	0.02039	0.01638	0.01745	0.01508	0.01957	0.01864	0.01191	0.15691	0.54025	0.05811	0.02729	0.02523	0.02021	0.00962	0.00737	0.00240	0.00619	0.00787	0.00743	0.01170
19	0.04548	0.01613	0.01774	0.01556	0.05037	0.01757	0.01187	0.31387	0.20111	0.05744	0.06961	0.02875	0.10148	0.01043	0.00746	0.00230	0.00649	0.00840	0.00709	0.01086
20	0.02605	0.01841	0.17352	0.01453	0.02143	0.01231	0.01418	0.04942	0.01921	0.43983	0.02271	0.02111	0.01487	0.00804	0.00696	0.00210	0.00717	0.00645	0.00698	0.11473
21	0.01926	0.66009	0.03705	0.01634	0.10128	0.02737	0.01364	0.02183	0.01499	0.01791	0.01054	0.01243	0.00959	0.00625	0.00497	0.00163	0.00788	0.00420	0.00317	0.00959
22	0.01671	0.01596	0.02719	0.24983	0.50400	0.01693	0.02167	0.02119	0.01595	0.02219	0.01345	0.01841	0.01097	0.00671	0.00722	0.00224	0.00895	0.00647	0.00349	0.01048
23	0.01694	0.01720	0.03228	0.16719	0.37049	0.01741	0.22648	0.02192	0.01637	0.02264	0.01386	0.01876	0.01102	0.00651	0.00764	0.00230	0.00997	0.00713	0.00355	0.01034
24	0.02921	0.01397	0.01739	0.01375	0.01911	0.01355	0.01122	0.11368	0.15065	0.49442	0.02749	0.02431	0.01812	0.00913	0.00732	0.00228	0.00632	0.00739	0.00848	0.01220
25	0.02901	0.01192	0.01569	0.01234	0.01751	0.01048	0.01010	0.03254	0.05164	0.58936	0.03418	0.03034	0.10053	0.01018	0.00747	0.00228	0.00586	0.00833	0.00865	0.01157
26	0.01355	0.00678	0.00678	0.00678	0.00847	0.00678	0.00508	0.01694	0.01524	0.02710	0.02371	0.02710	0.01863	0.00847	0.00508	0.00169	0.00339	0.00678	0.78489	0.00678
27	0.08636	0.04753	0.08325	0.02119	0.04793	0.14795	0.21892	0.02787	0.12768	0.09416	0.01723	0.01882	0.01281	0.00742	0.00721	0.00225	0.00976	0.00677	0.00485	0.01004
28	0.01355	0.00678	0.00678	0.00678	0.00847	0.00678	0.00508	0.01694	0.01524	0.02710	0.02371	0.02710	0.01863	0.00847	0.00508	0.00169	0.00339	0.00678	0.78489	0.00678
29	0.00869	0.00696	0.00778	0.00844	0.01010	0.00605	0.00600	0.01031	0.01553	0.01921	0.06049	0.33230	0.44239	0.02012	0.00886	0.00265	0.00389	0.01743	0.00675	0.00605
30	0.01799	0.01727	0.02950	0.04462	0.69919	0.01727	0.02231	0.02231	0.01655	0.02375	0.01367	0.01799	0.01151	0.00648	0.00720	0.00216	0.00864	0.00648	0.00360	0.01151
31	0.02547	0.11253	0.02258	0.01648	0.02147	0.24370	0.01334	0.29028	0.10729	0.05279	0.01643	0.01679	0.01243	0.00818	0.00674	0.00204	0.00927	0.00586	0.00571	0.01063
32	0.02577	0.01253	0.01722	0.01638	0.10001	0.01166	0.01158	0.03073	0.09060	0.44347	0.13251	0.02885	0.02566	0.00971	0.00751	0.00227	0.00600	0.00823	0.00801	0.01130
33	0.03154	0.01409	0.01793	0.01375	0.01941	0.01323	0.01136	0.17291	0.02368	0.56268	0.02626	0.02317	0.01678	0.00894	0.00730	0.00223	0.00658	0.00715	0.00863	0.01237
34	0.01850	0.01926	0.03030	0.02867	0.20186	0.10163	0.27494	0.06753	0.04333	0.02524	0.09738	0.02274	0.01844	0.00776	0.00784	0.00227	0.00983	0.00796	0.00457	0.00996

[dist]
# distance from previous block
# <min> <max>
0	2

[block]
# block no. 2 follows, 28 sequences, length 32
# corresponding to MSA columns:
# 116-147
name=unknown_C
#
# <colnr> <probs for GDERKNQSTAVLIFYWHMCP>
#	G	D	E	R	K	N	Q	S	T	A	V	L	I	F	Y	W	H	M	C	P
0	0.02388	0.02217	0.02484	0.02723	0.25830	0.16159	0.03548	0.29805	0.02480	0.03180	0.01479	0.01682	0.01142	0.00762	0.00714	0.00212	0.00938	0.00620	0.00517	0.01119
1	0.00964	0.00738	0.00889	0.00896	0.01082	0.00663	0.00679	0.01226	0.01807	0.02386	0.33718	0.12914	0.30061	0.01744	0.00878	0.00251	0.00390	0.07336	0.00729	0.00648
2	0.02220	0.02444	0.02293	0.02694	0.25818	0.31500	0.01643	0.04766	0.14939	0.02316	0.01585	0.01768	0.01271	0.00764	0.00696	0.00210	0.00996	0.00605	0.00451	0.01022
3	0.01105	0.00889	0.01056	0.00929	0.01243	0.00749	0.00708	0.01378	0.01699	0.02356	0.24847	0.09299	0.22701	0.01580	0.04420	0.00253	0.00493	0.01153	0.00632	0.22510
4	0.02443	0.12054	0.02450	0.02292	0.15204	0.49543	0.01543	0.02683	0.01909	0.01885	0.01156	0.01387	0.00977	0.00714	0.00644	0.00189	0.01158	0.00493	0.00364	0.00913
5	0.02264	0.01526	0.01683	0.01296	0.01853	0.05814	0.01044	0.14160	0.04262	0.21151	0.06126	0.02084	0.01691	0.00783	0.00658	0.00176	0.00646	0.00622	0.00640	0.31520
6	0.04503	0.04957	0.22864	0.02657	0.06806	0.01793	0.38729	0.02343	0.01648	0.04555	0.01431	0.01792	0.01059	0.00649	0.00771	0.00235	0.01105	0.00719	0.00368	0.01016
7	0.01070	0.00787	0.01132	0.01451	0.09681	0.00747	0.00881	0.01240	0.01445	0.03960	0.03643	0.62835	0.04261	0.02033	0.00896	0.00283	0.00483	0.01849	0.00642	0.00680
8	0.02961	0.01175	0.01568	0.01224	0.01746	0.01012	0.01004	0.03230	0.02028	0.61870	0.03429	0.03039	0.10273	0.01017	0.00747	0.00227	0.00587	0.00831	0.00872	0.01159
9	0.05808	0.01890	0.05857	0.06042	0.25661	0.01777	0.37490	0.02267	0.01654	0.02374	0.01400	0.01851	0.01091	0.00635	0.00780	0.00234	0.01056	0.00745	0.00366	0.01024
10	0.08229	0.05309	0.01912	0.01427	0.01909	0.04575	0.01185	0.12850	0.02072	0.40613	0.02157	0.02045	0.01455	0.00906	0.00901	0.00230	0.09738	0.00655	0.00716	0.01117
11	0.01001	0.00749	0.00943	0.01071	0.01159	0.00743	0.00734	0.01368	0.09789	0.02004	0.03876	0.65076	0.04484	0.02116	0.00904	0.00289	0.00441	0.01911	0.00683	0.00660
12	0.01824	0.01317	0.01553	0.01161	0.01765	0.01090	0.00930	0.02357	0.09981	0.13282	0.01751	0.01812	0.01334	0.00652	0.00594	0.00144	0.00556	0.00527	0.00544	0.56827
13	0.22698	0.01730	0.02216	0.02169	0.16046	0.01843	0.08208	0.23926	0.03921	0.08169	0.01557	0.01707	0.01152	0.00752	0.00667	0.00223	0.00776	0.00615	0.00554	0.01072
14	0.02729	0.02911	0.02086	0.01948	0.06643	0.50323	0.01414	0.10235	0.02189	0.10710	0.01428	0.01537	0.01092	0.00775	0.00677	0.00197	0.01137	0.00534	0.00479	0.00957
15	0.01355	0.00678	0.00678	0.00678	0.00847	0.00678	0.00508	0.01694	0.01524	0.02710	0.02371	0.02710	0.01863	0.00847	0.00508	0.00169	0.00339	0.00678	0.78489	0.00678
16	0.73601	0.01503	0.01177	0.01120	0.03902	0.04537	0.00865	0.02172	0.01286	0.03168	0.01030	0.01208	0.00807	0.00677	0.00468	0.00223	0.00604	0.00406	0.00443	0.00803
17	0.01281	0.00818	0.00942	0.00866	0.01145	0.00703	0.00665	0.01517	0.01817	0.13078	0.21049	0.05913	0.44294	0.01609	0.00838	0.00238	0.00402	0.01355	0.00740	0.00730
18	0.02458	0.02052	0.02164	0.02005	0.10638	0.09080	0.01447	0.40867	0.15325	0.03734	0.01864	0.01890	0.01380	0.00853	0.00721	0.00220	0.00817	0.00666	0.00648	0.01170
19	0.00954	0.00714	0.00885	0.01003	0.01095	0.00684	0.00685	0.01219	0.06172	0.01937	0.04290	0.58087	0.12644	0.04715	0.01005	0.00300	0.00436	0.01876	0.00671	0.00628
20	0.04533	0.01427	0.01610	0.01177	0.01805	0.01219	0.00950	0.13378	0.01833	0.02789	0.01362	0.01537	0.01094	0.00602	0.00568	0.00131	0.00585	0.00469	0.00483	0.62447
21	0.01001	0.00727	0.00847	0.00830	0.00945	0.00685	0.00558	0.01158	0.01507	0.02007	0.23825	0.05427	0.19897	0.32565	0.04591	0.00468	0.00559	0.01239	0.00603	0.00564
22	0.01914	0.13270	0.02113	0.01393	0.01951	0.04387	0.03405	0.10053	0.21089	0.04783	0.01827	0.01865	0.01419	0.00740	0.00628	0.00179	0.00673	0.00588	0.00544	0.27178
23	0.01229	0.00834	0.00983	0.00974	0.03486	0.00725	0.00704	0.01469	0.01799	0.10727	0.20421	0.05905	0.44853	0.01604	0.00838	0.00238	0.00411	0.01355	0.00720	0.00726
24	0.02678	0.11110	0.02368	0.01606	0.02192	0.02290	0.01353	0.57096	0.03128	0.06528	0.01693	0.01698	0.01218	0.00842	0.00695	0.00211	0.00791	0.00624	0.00681	0.01198
25	0.01877	0.01462	0.01635	0.01220	0.01829	0.03166	0.00980	0.10745	0.05881	0.08638	0.01585	0.01690	0.01226	0.00647	0.00595	0.00143	0.00603	0.00511	0.00528	0.55037
26	0.06353	0.07632	0.02022	0.01632	0.02068	0.31991	0.01280	0.12128	0.22591	0.02629	0.01760	0.01785	0.01364	0.00826	0.00667	0.00209	0.00937	0.00593	0.00535	0.00996
27	0.01270	0.00819	0.01054	0.00962	0.01184	0.00758	0.00733	0.01655	0.04238	0.09646	0.57438	0.05124	0.09434	0.01429	0.00841	0.00230	0.00380	0.01251	0.00802	0.00753
28	0.01943	0.74891	0.03809	0.01244	0.01866	0.02876	0.01244	0.02177	0.01477	0.01710	0.01011	0.01166	0.00933	0.00622	0.00466	0.00155	0.00777	0.00389	0.00311	0.00933
29	0.01355	0.00678	0.00678	0.00678	0.00847	0.00678	0.00508	0.01694	0.01524	0.02710	0.02371	0.02710	0.01863	0.00847	0.00508	0.00169	0.00339	0.00678	0.78489	0.00678
30	0.02472	0.02196	0.01998	0.01658	0.02146	0.16653	0.01318	0.35217	0.22323	0.03540	0.01972	0.01939	0.01463	0.00880	0.00716	0.00220	0.00841	0.00665	0.00657	0.01128
31	0.01783	0.01661	0.02546	0.06567	0.47787	0.01745	0.01915	0.02678	0.20664	0.02542	0.01816	0.02064	0.01447	0.00747	0.00726	0.00226	0.00786	0.00697	0.00466	0.01136

[dist]
# distance from previous block
# <min> <max>
0	18

# created by:
# /st0/software/busco_prod/Augustus/scripts/msa2prfl.pl ./align_prep/180042.fa
