[name]
unknown

[dist]
# distance from previous block
# <min> <max>
0	10

[block]
# block no. 0 follows, 28 sequences, length 14
# corresponding to MSA columns:
# 10-23
name=unknown_A
#
# <colnr> <probs for GDERKNQSTAVLIFYWHMCP>
#	G	D	E	R	K	N	Q	S	T	A	V	L	I	F	Y	W	H	M	C	P
0	0.01531	0.00906	0.01260	0.01331	0.01566	0.00877	0.01154	0.01856	0.01743	0.13913	0.03680	0.07215	0.03773	0.01817	0.00957	0.00316	0.00661	0.53968	0.00709	0.00767
1	0.02996	0.01362	0.02134	0.01598	0.02190	0.01201	0.12456	0.03334	0.02018	0.58711	0.02627	0.02386	0.01680	0.00850	0.00753	0.00228	0.00723	0.00753	0.00808	0.01193
2	0.01291	0.00749	0.00976	0.01028	0.01184	0.00675	0.00728	0.01451	0.01541	0.13661	0.04206	0.53794	0.11923	0.01989	0.00886	0.00277	0.00449	0.01774	0.00713	0.00704
3	0.01926	0.01558	0.01644	0.09788	0.02154	0.09315	0.01190	0.03046	0.32560	0.12082	0.13995	0.02898	0.02668	0.01003	0.00748	0.00233	0.00670	0.00834	0.00682	0.01008
4	0.02097	0.01542	0.01501	0.01289	0.01661	0.13228	0.01008	0.09037	0.08849	0.19124	0.23059	0.03493	0.08740	0.01135	0.00767	0.00223	0.00647	0.00930	0.00727	0.00942
5	0.22754	0.01430	0.01477	0.01304	0.01693	0.01641	0.01040	0.13782	0.24520	0.03070	0.02005	0.02165	0.01577	0.01858	0.16129	0.00437	0.00910	0.00668	0.00583	0.00958
6	0.01609	0.01443	0.01341	0.01231	0.01497	0.13244	0.00929	0.14520	0.02126	0.02691	0.22014	0.19878	0.11648	0.01461	0.00813	0.00237	0.00622	0.01236	0.00669	0.00791
7	0.02249	0.02094	0.01665	0.01445	0.01823	0.25343	0.01123	0.19996	0.10113	0.02934	0.01848	0.01976	0.01422	0.00837	0.00644	0.00198	0.00821	0.00617	0.21913	0.00939
8	0.01927	0.01629	0.02481	0.05083	0.39183	0.01689	0.04396	0.02826	0.21181	0.09087	0.01977	0.02140	0.01517	0.00771	0.00732	0.00228	0.00773	0.00715	0.00522	0.01143
9	0.01114	0.00886	0.01027	0.01052	0.01134	0.05087	0.00732	0.01253	0.01234	0.01637	0.02461	0.18929	0.02692	0.27492	0.29167	0.00763	0.01161	0.01134	0.00468	0.00578
10	0.02781	0.01320	0.01639	0.01285	0.01785	0.01247	0.01043	0.16443	0.02253	0.45604	0.03051	0.02918	0.08560	0.05499	0.00925	0.00255	0.00636	0.00816	0.00813	0.01125
11	0.02098	0.01529	0.01678	0.01390	0.01765	0.01658	0.01079	0.42905	0.02610	0.03495	0.02284	0.16473	0.02182	0.13903	0.01282	0.00318	0.00709	0.01002	0.00667	0.00971
12	0.02400	0.01906	0.02436	0.01832	0.02430	0.02003	0.12642	0.47677	0.02872	0.03889	0.01720	0.03934	0.01305	0.00837	0.00737	0.00214	0.00835	0.00709	0.00634	0.08989
13	0.02141	0.02384	0.01951	0.20794	0.02842	0.35923	0.01467	0.10260	0.02014	0.02163	0.01979	0.02202	0.09070	0.00887	0.00707	0.00213	0.01046	0.00664	0.00439	0.00854

[dist]
# distance from previous block
# <min> <max>
0	9

[block]
# block no. 1 follows, 28 sequences, length 7
# corresponding to MSA columns:
# 33-39
name=unknown_B
#
# <colnr> <probs for GDERKNQSTAVLIFYWHMCP>
#	G	D	E	R	K	N	Q	S	T	A	V	L	I	F	Y	W	H	M	C	P
0	0.01372	0.00811	0.01074	0.00984	0.01206	0.00738	0.00746	0.01684	0.01998	0.13592	0.52649	0.11489	0.05856	0.01468	0.00844	0.00234	0.00394	0.01293	0.00804	0.00765
1	0.01676	0.01834	0.03763	0.03042	0.12075	0.01802	0.49614	0.02200	0.01637	0.02258	0.01527	0.05266	0.01268	0.00756	0.00985	0.00250	0.07836	0.00866	0.00376	0.00967
2	0.12832	0.01735	0.12669	0.01409	0.02040	0.01350	0.01319	0.09060	0.02007	0.44759	0.02274	0.02089	0.01476	0.00835	0.00688	0.00225	0.00701	0.00649	0.00731	0.01153
3	0.01401	0.00935	0.01136	0.01035	0.01284	0.00897	0.00788	0.10036	0.02070	0.08721	0.35211	0.15871	0.14687	0.01534	0.00841	0.00240	0.00443	0.01331	0.00761	0.00779
4	0.01659	0.08922	0.02556	0.17445	0.02803	0.06479	0.08790	0.01956	0.01367	0.01861	0.01116	0.01644	0.00976	0.00951	0.01474	0.00260	0.34551	0.00618	0.00332	0.04239
5	0.05235	0.13175	0.02202	0.29540	0.08890	0.05962	0.01506	0.02163	0.09801	0.02029	0.01567	0.02192	0.01341	0.10301	0.01055	0.00283	0.00848	0.00658	0.00400	0.00854
6	0.08795	0.01811	0.02560	0.20816	0.21673	0.09920	0.12225	0.02387	0.08430	0.02312	0.01466	0.01840	0.01147	0.00711	0.00714	0.00228	0.00944	0.00655	0.00400	0.00967

[dist]
# distance from previous block
# <min> <max>
5	27

[block]
# block no. 2 follows, 28 sequences, length 16
# corresponding to MSA columns:
# 67-82
name=unknown_C
#
# <colnr> <probs for GDERKNQSTAVLIFYWHMCP>
#	G	D	E	R	K	N	Q	S	T	A	V	L	I	F	Y	W	H	M	C	P
0	0.11892	0.03969	0.02109	0.01918	0.11098	0.05668	0.07355	0.09334	0.15683	0.13334	0.04602	0.02103	0.01633	0.00811	0.00688	0.00218	0.00739	0.00680	0.00592	0.05573
1	0.06434	0.05646	0.11060	0.01666	0.06206	0.05273	0.01384	0.13972	0.20873	0.05492	0.03997	0.02193	0.01667	0.04731	0.00841	0.00242	0.00744	0.00677	0.00571	0.06332
2	0.01947	0.01725	0.06604	0.01501	0.01954	0.09302	0.05393	0.06770	0.19715	0.13132	0.08536	0.08860	0.06803	0.01089	0.00760	0.00232	0.00708	0.00923	0.00654	0.03392
3	0.16528	0.20237	0.06149	0.03123	0.01686	0.01612	0.01062	0.01941	0.01456	0.08874	0.02378	0.02514	0.13166	0.01107	0.00914	0.08532	0.03675	0.00680	0.00466	0.03903
4	0.11319	0.01172	0.05286	0.01230	0.01494	0.01091	0.06342	0.01606	0.06412	0.02123	0.03267	0.21640	0.13785	0.14740	0.01399	0.00342	0.04282	0.01223	0.00543	0.00705
5	0.54409	0.01484	0.04199	0.08606	0.01933	0.01571	0.01042	0.02313	0.05305	0.08284	0.01325	0.01480	0.00987	0.00711	0.00532	0.00224	0.00631	0.00479	0.00482	0.04004
6	0.01373	0.01292	0.02180	0.72707	0.05006	0.01615	0.02019	0.01857	0.01453	0.01857	0.01292	0.01938	0.00969	0.00727	0.00727	0.00242	0.00969	0.00646	0.00323	0.00807
7	0.01471	0.01345	0.02180	0.67672	0.04811	0.01660	0.01974	0.06510	0.01593	0.02050	0.01324	0.01924	0.00988	0.00737	0.00727	0.00241	0.00957	0.00647	0.00352	0.00838
8	0.34551	0.04824	0.08846	0.06637	0.02034	0.12232	0.01219	0.05071	0.01606	0.08516	0.01381	0.01553	0.01037	0.00731	0.00568	0.00213	0.00766	0.00502	0.06830	0.00882
9	0.00902	0.00667	0.00826	0.00933	0.01023	0.00610	0.00633	0.01046	0.01468	0.01918	0.09034	0.50513	0.18213	0.07281	0.01106	0.00310	0.00425	0.01833	0.00667	0.00591
10	0.00911	0.00666	0.00838	0.00943	0.01027	0.00613	0.00640	0.01061	0.01481	0.01957	0.11748	0.51037	0.14601	0.07531	0.01117	0.00311	0.00426	0.01826	0.00671	0.00593
11	0.00933	0.00661	0.00821	0.00929	0.00974	0.00625	0.00599	0.01027	0.01316	0.01736	0.03767	0.49176	0.09045	0.22873	0.01715	0.00409	0.00499	0.01738	0.00608	0.00549
12	0.02594	0.01844	0.02023	0.01586	0.02112	0.02020	0.01298	0.56555	0.03108	0.08069	0.01953	0.06085	0.01508	0.01188	0.04325	0.00271	0.00825	0.00748	0.00717	0.01169
13	0.02421	0.01685	0.01855	0.01520	0.02022	0.01849	0.01224	0.27922	0.32406	0.15268	0.02483	0.02305	0.01774	0.00928	0.00733	0.00232	0.00668	0.00743	0.00763	0.01198
14	0.01484	0.00992	0.01195	0.01106	0.01367	0.00987	0.00837	0.05950	0.13053	0.10738	0.27303	0.19152	0.09907	0.01494	0.00830	0.00246	0.00461	0.01302	0.00760	0.00836
15	0.01819	0.01055	0.01277	0.01095	0.01426	0.01002	0.00853	0.11894	0.02109	0.20022	0.23201	0.09248	0.16362	0.04159	0.00919	0.00252	0.00507	0.01151	0.00768	0.00880

[dist]
# distance from previous block
# <min> <max>
7	17

[block]
# block no. 3 follows, 28 sequences, length 45
# corresponding to MSA columns:
# 106-150
name=unknown_D
#
# <colnr> <probs for GDERKNQSTAVLIFYWHMCP>
#	G	D	E	R	K	N	Q	S	T	A	V	L	I	F	Y	W	H	M	C	P
0	0.01591	0.06184	0.37606	0.02223	0.03060	0.01683	0.22590	0.02253	0.01586	0.05010	0.01542	0.04479	0.01208	0.00985	0.04525	0.00284	0.01111	0.00709	0.00368	0.01004
1	0.00883	0.00642	0.00834	0.00987	0.01048	0.00593	0.00663	0.01015	0.01416	0.01866	0.04317	0.67790	0.10797	0.02237	0.00921	0.00291	0.00417	0.02017	0.00675	0.00593
2	0.00895	0.00636	0.00841	0.01000	0.01040	0.00597	0.00662	0.01015	0.01374	0.01832	0.03915	0.70286	0.04692	0.06128	0.01076	0.00317	0.00437	0.02013	0.00662	0.00582
3	0.01761	0.01931	0.06059	0.03523	0.33794	0.03703	0.29669	0.02273	0.01680	0.02335	0.01398	0.01828	0.01112	0.00632	0.00765	0.00222	0.01020	0.00716	0.00365	0.05215
4	0.01720	0.01825	0.06409	0.19913	0.45147	0.04890	0.05246	0.02184	0.01623	0.02222	0.01340	0.01802	0.01085	0.00671	0.00723	0.00223	0.00937	0.00643	0.00350	0.01046
5	0.01038	0.00779	0.01168	0.01168	0.01298	0.00909	0.00909	0.01298	0.01168	0.01687	0.01947	0.02856	0.01817	0.05452	0.71573	0.01168	0.01947	0.00779	0.00389	0.00649
6	0.00949	0.00734	0.01105	0.01168	0.01263	0.00685	0.05737	0.01112	0.01416	0.01892	0.03814	0.68506	0.04526	0.02151	0.00922	0.00291	0.00483	0.01975	0.00651	0.00620
7	0.01786	0.01806	0.05569	0.04369	0.67338	0.01726	0.02248	0.02234	0.01650	0.02372	0.01365	0.01789	0.01142	0.00649	0.00719	0.00216	0.00872	0.00643	0.00358	0.01148
8	0.01768	0.01695	0.02894	0.09490	0.65137	0.01719	0.02215	0.02203	0.01640	0.02337	0.01362	0.01809	0.01138	0.00653	0.00720	0.00218	0.00871	0.00648	0.00357	0.01126
9	0.02523	0.01917	0.02046	0.01624	0.02163	0.02142	0.01323	0.51485	0.19820	0.04194	0.02051	0.01988	0.01483	0.00901	0.00730	0.00225	0.00743	0.00697	0.00730	0.01215
10	0.01458	0.03760	0.70688	0.02072	0.03146	0.01688	0.02686	0.02302	0.01535	0.02302	0.01304	0.01535	0.00921	0.00691	0.00691	0.00230	0.01074	0.00537	0.00307	0.01074
11	0.01494	0.09001	0.65760	0.02011	0.03052	0.01776	0.02579	0.02293	0.01530	0.02258	0.01283	0.01508	0.00922	0.00686	0.00674	0.00225	0.01052	0.00526	0.00307	0.01064
12	0.02715	0.03464	0.02060	0.01873	0.02247	0.71536	0.01404	0.02903	0.02060	0.01779	0.01124	0.01311	0.00936	0.00749	0.00655	0.00187	0.01311	0.00468	0.00375	0.00843
13	0.01771	0.01698	0.02899	0.08990	0.65613	0.01720	0.02217	0.02206	0.01642	0.02340	0.01362	0.01808	0.01139	0.00653	0.00720	0.00218	0.00871	0.00648	0.00357	0.01129
14	0.02522	0.04593	0.12101	0.01470	0.02070	0.01489	0.01352	0.10585	0.14526	0.34750	0.05168	0.02365	0.01855	0.00895	0.00721	0.00226	0.00694	0.00721	0.00735	0.01162
15	0.01799	0.01727	0.02950	0.04462	0.69919	0.01727	0.02231	0.02231	0.01655	0.02375	0.01367	0.01799	0.01151	0.00648	0.00720	0.00216	0.00864	0.00648	0.00360	0.01151
16	0.02715	0.03464	0.02060	0.01873	0.02247	0.71536	0.01404	0.02903	0.02060	0.01779	0.01124	0.01311	0.00936	0.00749	0.00655	0.00187	0.01311	0.00468	0.00375	0.00843
17	0.01943	0.74891	0.03809	0.01244	0.01866	0.02876	0.01244	0.02177	0.01477	0.01710	0.01011	0.01166	0.00933	0.00622	0.00466	0.00155	0.00777	0.00389	0.00311	0.00933
18	0.01799	0.01727	0.02950	0.04462	0.69919	0.01727	0.02231	0.02231	0.01655	0.02375	0.01367	0.01799	0.01151	0.00648	0.00720	0.00216	0.00864	0.00648	0.00360	0.01151
19	0.01477	0.03627	0.65795	0.02145	0.03194	0.01699	0.07445	0.02304	0.01548	0.02304	0.01317	0.01566	0.00934	0.00685	0.00703	0.00231	0.01085	0.00561	0.00311	0.01067
20	0.01373	0.01292	0.02180	0.72707	0.05006	0.01615	0.02019	0.01857	0.01453	0.01857	0.01292	0.01938	0.00969	0.00727	0.00727	0.00242	0.00969	0.00646	0.00323	0.00807
21	0.00967	0.00713	0.01012	0.01129	0.01219	0.00676	0.02827	0.01153	0.01476	0.01966	0.06361	0.57705	0.04661	0.02149	0.00936	0.00298	0.00487	0.12977	0.00669	0.00620
22	0.01885	0.66314	0.11873	0.01344	0.02020	0.02733	0.01418	0.02192	0.01484	0.01782	0.01046	0.01210	0.00931	0.00630	0.00493	0.00164	0.00813	0.00407	0.00310	0.00950
23	0.05829	0.07533	0.02243	0.01633	0.02190	0.09785	0.01350	0.53017	0.03039	0.04012	0.01594	0.01632	0.01163	0.00833	0.00689	0.00210	0.00844	0.00604	0.00647	0.01153
24	0.01040	0.00772	0.01134	0.01134	0.01251	0.00890	0.00865	0.01276	0.01158	0.01662	0.01979	0.03031	0.01893	0.11808	0.65321	0.01126	0.01833	0.00804	0.00394	0.00630
25	0.01038	0.00779	0.01168	0.01168	0.01298	0.00909	0.00909	0.01298	0.01168	0.01687	0.01947	0.02856	0.01817	0.05452	0.71573	0.01168	0.01947	0.00779	0.00389	0.00649
26	0.01780	0.01707	0.02915	0.07576	0.66958	0.01722	0.02221	0.02214	0.01646	0.02351	0.01364	0.01805	0.01143	0.00651	0.00720	0.00217	0.00868	0.00648	0.00358	0.01136
27	0.01373	0.01292	0.02180	0.72707	0.05006	0.01615	0.02019	0.01857	0.01453	0.01857	0.01292	0.01938	0.00969	0.00727	0.00727	0.00242	0.00969	0.00646	0.00323	0.00807
28	0.02715	0.03464	0.02060	0.01873	0.02247	0.71536	0.01404	0.02903	0.02060	0.01779	0.01124	0.01311	0.00936	0.00749	0.00655	0.00187	0.01311	0.00468	0.00375	0.00843
29	0.01038	0.00779	0.01168	0.01168	0.01298	0.00909	0.00909	0.01298	0.01168	0.01687	0.01947	0.02856	0.01817	0.05452	0.71573	0.01168	0.01947	0.00779	0.00389	0.00649
30	0.06387	0.01655	0.02744	0.12619	0.57875	0.01708	0.02119	0.02179	0.01605	0.02364	0.01337	0.01779	0.01107	0.00659	0.00704	0.00220	0.00859	0.00632	0.00361	0.01088
31	0.01943	0.74891	0.03809	0.01244	0.01866	0.02876	0.01244	0.02177	0.01477	0.01710	0.01011	0.01166	0.00933	0.00622	0.00466	0.00155	0.00777	0.00389	0.00311	0.00933
32	0.01038	0.00779	0.01168	0.01168	0.01298	0.00909	0.00909	0.01298	0.01168	0.01687	0.01947	0.02856	0.01817	0.05452	0.71573	0.01168	0.01947	0.00779	0.00389	0.00649
33	0.01057	0.00705	0.00793	0.00793	0.00793	0.00705	0.00440	0.01057	0.01057	0.01409	0.02290	0.04757	0.02643	0.74454	0.03700	0.00705	0.00705	0.01057	0.00440	0.00440
34	0.16842	0.13334	0.40497	0.01784	0.02631	0.01840	0.06818	0.02291	0.01498	0.04468	0.01265	0.01472	0.00937	0.00678	0.00625	0.00219	0.00929	0.00517	0.00358	0.00996
35	0.01036	0.00704	0.00834	0.00853	0.00870	0.00711	0.00511	0.01075	0.01105	0.01485	0.02449	0.12293	0.02806	0.59877	0.09815	0.00703	0.00791	0.01143	0.00462	0.00477
36	0.01148	0.01151	0.10178	0.01112	0.01406	0.00823	0.00987	0.01504	0.01816	0.05268	0.36292	0.15744	0.11823	0.01555	0.00852	0.00249	0.00490	0.06169	0.00697	0.00736
37	0.01458	0.03760	0.70688	0.02072	0.03146	0.01688	0.02686	0.02302	0.01535	0.02302	0.01304	0.01535	0.00921	0.00691	0.00691	0.00230	0.01074	0.00537	0.00307	0.01074
38	0.79588	0.01406	0.01068	0.00956	0.01406	0.01631	0.00787	0.02137	0.01237	0.03261	0.01012	0.01181	0.00787	0.00675	0.00450	0.00225	0.00562	0.00394	0.00450	0.00787
39	0.05108	0.06184	0.02015	0.01514	0.02043	0.04271	0.01237	0.33935	0.20761	0.06803	0.02006	0.01957	0.01475	0.00854	0.00689	0.00214	0.00718	0.00656	0.00671	0.06888
40	0.01027	0.00766	0.00943	0.01033	0.01150	0.00742	0.00720	0.04331	0.05225	0.02100	0.06586	0.56403	0.12110	0.02061	0.00897	0.00281	0.00439	0.01843	0.00685	0.00658
41	0.01746	0.01604	0.02719	0.21011	0.51707	0.01677	0.02139	0.02185	0.01621	0.04614	0.01401	0.01856	0.01129	0.00676	0.00722	0.00223	0.00881	0.00650	0.00370	0.01070
42	0.39741	0.06268	0.01939	0.06841	0.02173	0.06959	0.09121	0.07164	0.01639	0.10076	0.01349	0.01521	0.01001	0.00712	0.00587	0.00221	0.00767	0.00530	0.00484	0.00907
43	0.01810	0.01776	0.02850	0.09526	0.61784	0.05022	0.02176	0.02234	0.01659	0.02307	0.01350	0.01787	0.01127	0.00658	0.00717	0.00217	0.00893	0.00639	0.00358	0.01111
44	0.01939	0.16669	0.07772	0.02585	0.23832	0.04544	0.06889	0.09818	0.14016	0.02578	0.01622	0.01808	0.01283	0.00733	0.00680	0.00212	0.00847	0.00630	0.00457	0.01087

[dist]
# distance from previous block
# <min> <max>
0	2

[block]
# block no. 4 follows, 28 sequences, length 17
# corresponding to MSA columns:
# 153-169
name=unknown_E
#
# <colnr> <probs for GDERKNQSTAVLIFYWHMCP>
#	G	D	E	R	K	N	Q	S	T	A	V	L	I	F	Y	W	H	M	C	P
0	0.01606	0.07763	0.35442	0.02470	0.06725	0.01800	0.26398	0.02282	0.01603	0.02278	0.01349	0.01680	0.01007	0.00649	0.00733	0.00225	0.01079	0.00647	0.00337	0.03926
1	0.00895	0.00640	0.00852	0.01006	0.01056	0.00597	0.00675	0.01036	0.01436	0.01926	0.08339	0.69448	0.04943	0.02225	0.00923	0.00291	0.00417	0.02017	0.00683	0.00597
2	0.02430	0.01871	0.01994	0.01605	0.02127	0.02099	0.01301	0.45329	0.26126	0.04045	0.02168	0.02082	0.01579	0.00912	0.00732	0.00228	0.00722	0.00713	0.00732	0.01206
3	0.01523	0.11245	0.60819	0.02081	0.05724	0.01816	0.02514	0.02286	0.01533	0.02242	0.01276	0.01506	0.00931	0.00682	0.00668	0.00222	0.01034	0.00526	0.00310	0.01062
4	0.02874	0.01659	0.01924	0.01497	0.02053	0.01720	0.01229	0.34763	0.09330	0.31631	0.02329	0.02142	0.01566	0.00895	0.00730	0.00224	0.00703	0.00703	0.00800	0.01228
5	0.01458	0.03760	0.70688	0.02072	0.03146	0.01688	0.02686	0.02302	0.01535	0.02302	0.01304	0.01535	0.00921	0.00691	0.00691	0.00230	0.01074	0.00537	0.00307	0.01074
6	0.01774	0.01735	0.03063	0.06884	0.60478	0.01735	0.09107	0.02227	0.01654	0.02350	0.01375	0.01821	0.01139	0.00647	0.00735	0.00220	0.00906	0.00670	0.00359	0.01120
7	0.50413	0.04375	0.01525	0.06916	0.01905	0.01619	0.02799	0.05855	0.01543	0.15021	0.01415	0.01522	0.01020	0.00726	0.00549	0.00224	0.00645	0.00500	0.00526	0.00904
8	0.01196	0.00966	0.00992	0.00902	0.01207	0.00904	0.00699	0.12808	0.01969	0.02427	0.06369	0.06066	0.57517	0.01670	0.00836	0.00241	0.00445	0.01378	0.00684	0.00724
9	0.01052	0.00834	0.01217	0.01608	0.13245	0.00796	0.00946	0.01242	0.01473	0.01990	0.06058	0.56076	0.06777	0.01943	0.00886	0.00277	0.00495	0.01767	0.00624	0.00694
10	0.01732	0.37064	0.20597	0.14321	0.06850	0.04325	0.01815	0.02177	0.01516	0.01930	0.01161	0.01440	0.00949	0.00663	0.00591	0.00195	0.00909	0.00490	0.00317	0.00957
11	0.01221	0.00651	0.00951	0.00941	0.00972	0.00641	0.00641	0.01022	0.01144	0.01555	0.13350	0.02780	0.02253	0.02341	0.02490	0.64931	0.00580	0.00752	0.00401	0.00381
12	0.00996	0.00749	0.00961	0.01024	0.01173	0.00657	0.00708	0.01157	0.01412	0.01946	0.03526	0.61149	0.04147	0.01969	0.00859	0.00262	0.00442	0.01777	0.00632	0.14454
13	0.01713	0.07391	0.19406	0.03424	0.37766	0.01818	0.13525	0.02261	0.01624	0.02303	0.01345	0.01720	0.01073	0.00650	0.00719	0.00220	0.00970	0.00639	0.00345	0.01088
14	0.02291	0.01744	0.02134	0.07588	0.18371	0.06331	0.01510	0.21101	0.10276	0.14103	0.02209	0.02259	0.05033	0.00870	0.00730	0.00223	0.00782	0.00719	0.00613	0.01114
15	0.02444	0.03436	0.14217	0.01909	0.02392	0.56197	0.01639	0.02747	0.01926	0.01870	0.01148	0.01362	0.00934	0.00761	0.00736	0.00200	0.04349	0.00488	0.00360	0.00882
16	0.01716	0.02064	0.14902	0.07678	0.54636	0.01714	0.02300	0.02224	0.01623	0.02334	0.01352	0.01760	0.01101	0.00659	0.00715	0.00220	0.00906	0.00628	0.00348	0.01119

[dist]
# distance from previous block
# <min> <max>
0	188

# created by:
# /st0/software/busco_prod/Augustus/scripts/msa2prfl.pl ./align_prep/180735.fa
