[name]
unknown

[dist]
# distance from previous block
# <min> <max>
6	69

[block]
# block no. 0 follows, 28 sequences, length 86
# corresponding to MSA columns:
# 84-169
name=unknown_A
#
# <colnr> <probs for GDERKNQSTAVLIFYWHMCP>
#	G	D	E	R	K	N	Q	S	T	A	V	L	I	F	Y	W	H	M	C	P
0	0.26035	0.05030	0.01393	0.01161	0.01505	0.03700	0.00909	0.11879	0.08903	0.02878	0.06350	0.17981	0.04684	0.03578	0.00779	0.00253	0.00589	0.00964	0.00591	0.00837
1	0.33920	0.11828	0.10277	0.05247	0.01861	0.01644	0.01175	0.03668	0.01522	0.02728	0.13133	0.04527	0.02047	0.00891	0.00647	0.00222	0.02697	0.00657	0.00478	0.00832
2	0.12725	0.01432	0.01472	0.03716	0.01782	0.03539	0.01015	0.12898	0.19352	0.09018	0.03258	0.03141	0.16796	0.01065	0.00708	0.00226	0.00600	0.00846	0.00653	0.05755
3	0.15862	0.12074	0.04245	0.10403	0.05164	0.06754	0.01359	0.15790	0.03735	0.08692	0.01475	0.01659	0.01122	0.00888	0.02526	0.00238	0.03472	0.00560	0.00498	0.03483
4	0.14067	0.03678	0.05316	0.05023	0.02074	0.03769	0.03514	0.17650	0.08365	0.12024	0.02503	0.02512	0.10337	0.00971	0.00791	0.00232	0.04835	0.00744	0.00602	0.00992
5	0.01441	0.01328	0.02042	0.04531	0.01962	0.01699	0.07475	0.01615	0.01173	0.01733	0.01255	0.01972	0.01181	0.02190	0.16166	0.10427	0.40065	0.00685	0.00337	0.00723
6	0.01292	0.00982	0.05372	0.09094	0.01660	0.00899	0.02673	0.03327	0.01193	0.01603	0.01623	0.08731	0.01627	0.06615	0.04757	0.46128	0.00750	0.00794	0.00373	0.00507
7	0.01239	0.00713	0.01064	0.01161	0.05102	0.00712	0.00742	0.01055	0.01066	0.01425	0.01804	0.05538	0.05640	0.02551	0.06985	0.60961	0.00706	0.00758	0.00360	0.00417
8	0.01263	0.00631	0.00947	0.00947	0.00947	0.00631	0.00631	0.00947	0.00947	0.01263	0.01263	0.02210	0.01263	0.02525	0.02841	0.78851	0.00631	0.00631	0.00316	0.00316
9	0.13082	0.01283	0.01568	0.01258	0.01767	0.01230	0.01026	0.03306	0.11326	0.49087	0.05548	0.02465	0.01945	0.00908	0.00700	0.00228	0.00593	0.00725	0.00813	0.01141
10	0.09463	0.00949	0.01162	0.01088	0.01368	0.00907	0.00844	0.02001	0.03774	0.20522	0.13877	0.20326	0.08299	0.04089	0.00912	0.00273	0.00513	0.08087	0.00725	0.00820
11	0.17562	0.01269	0.01571	0.01230	0.01771	0.01174	0.01016	0.03279	0.01922	0.57839	0.02520	0.02232	0.01610	0.00858	0.00678	0.00225	0.00608	0.00668	0.00815	0.01153
12	0.09212	0.01911	0.02044	0.01578	0.02147	0.02095	0.01304	0.56255	0.03115	0.10435	0.01786	0.01764	0.01250	0.00859	0.00704	0.00219	0.00764	0.00640	0.00720	0.01199
13	0.23216	0.01255	0.01369	0.01162	0.01591	0.01299	0.00932	0.02835	0.15272	0.26121	0.12582	0.02633	0.02387	0.00944	0.00669	0.00228	0.00543	0.00746	0.03220	0.00995
14	0.18386	0.01269	0.01487	0.01200	0.01694	0.01229	0.00980	0.05225	0.06376	0.42996	0.05642	0.02602	0.05881	0.00941	0.00688	0.00228	0.00583	0.00740	0.00774	0.01079
15	0.01716	0.01961	0.04289	0.03064	0.03799	0.01838	0.67279	0.02328	0.01716	0.02328	0.01471	0.01961	0.01103	0.00613	0.00858	0.00245	0.01225	0.00858	0.00368	0.00980
16	0.00962	0.00696	0.00877	0.00993	0.01078	0.00657	0.00704	0.01111	0.01420	0.01849	0.04146	0.40893	0.13362	0.14829	0.01418	0.00367	0.00508	0.12917	0.00633	0.00581
17	0.44463	0.01180	0.01111	0.01059	0.01400	0.01302	0.00853	0.02018	0.05564	0.05839	0.08058	0.11080	0.02398	0.01147	0.00649	0.00250	0.00545	0.09728	0.00575	0.00781
18	0.01217	0.00687	0.00967	0.00992	0.01026	0.00693	0.00671	0.01135	0.05086	0.01491	0.01930	0.17049	0.02051	0.02382	0.02320	0.57939	0.00585	0.00939	0.00415	0.00422
19	0.67001	0.01378	0.01170	0.01012	0.01480	0.01538	0.00834	0.02369	0.01376	0.14337	0.01318	0.01394	0.00954	0.00712	0.00496	0.00225	0.00572	0.00449	0.00524	0.00861
20	0.00940	0.00746	0.00849	0.00841	0.01055	0.00655	0.00643	0.01190	0.01797	0.02309	0.28697	0.06538	0.43159	0.01730	0.00869	0.00246	0.00381	0.05994	0.00718	0.00643
21	0.01795	0.01347	0.01817	0.23408	0.02750	0.01539	0.01396	0.20507	0.02044	0.07179	0.08464	0.02449	0.01865	0.01865	0.15677	0.00430	0.03272	0.00748	0.00537	0.00912
22	0.02436	0.01626	0.01871	0.01608	0.05398	0.01727	0.01228	0.41635	0.02736	0.13453	0.02244	0.12109	0.01855	0.01062	0.00743	0.00227	0.00696	0.00866	0.05374	0.01107
23	0.01111	0.00793	0.01005	0.00985	0.01117	0.00845	0.00718	0.03774	0.01323	0.01849	0.02823	0.03888	0.11482	0.22897	0.34771	0.00794	0.01214	0.00946	0.07053	0.00613
24	0.01515	0.01248	0.02039	0.57283	0.06741	0.01478	0.01814	0.01949	0.01523	0.08091	0.01823	0.05640	0.04121	0.00861	0.00742	0.00242	0.00882	0.00759	0.00408	0.00840
25	0.01615	0.01539	0.02618	0.33894	0.41924	0.01679	0.02139	0.02070	0.01568	0.02152	0.01335	0.01859	0.01073	0.00682	0.00723	0.00227	0.00909	0.00647	0.00344	0.01003
26	0.70877	0.01326	0.01056	0.00953	0.01363	0.01523	0.00773	0.02030	0.01271	0.03138	0.05124	0.01488	0.01175	0.00818	0.00597	0.04253	0.00553	0.00461	0.00464	0.00757
27	0.01202	0.00907	0.01265	0.05439	0.01518	0.01052	0.00953	0.05399	0.01320	0.01879	0.01917	0.02934	0.01809	0.13985	0.48050	0.00917	0.04578	0.00791	0.03410	0.00673
28	0.11323	0.01338	0.01632	0.01286	0.01805	0.01286	0.01055	0.11792	0.04444	0.47104	0.07329	0.02457	0.01993	0.00917	0.00709	0.00225	0.00615	0.00729	0.00815	0.01145
29	0.74793	0.01399	0.01095	0.00963	0.01425	0.01590	0.00792	0.02118	0.01254	0.03207	0.01029	0.01201	0.00805	0.00666	0.00455	0.00218	0.00561	0.00396	0.00449	0.05585
30	0.05597	0.47478	0.16646	0.01481	0.02128	0.07695	0.01540	0.02228	0.01498	0.01909	0.01074	0.01276	0.00925	0.00687	0.00642	0.00186	0.05309	0.00439	0.00322	0.00939
31	0.07051	0.01498	0.01575	0.01303	0.01684	0.03838	0.01046	0.30256	0.02357	0.03401	0.07412	0.06000	0.03781	0.01008	0.00787	0.00215	0.05337	0.00773	0.16003	0.04676
32	0.05281	0.01381	0.02036	0.48338	0.05949	0.01676	0.01748	0.06806	0.08281	0.02285	0.01508	0.01976	0.01147	0.00791	0.00790	0.00240	0.04553	0.00653	0.03687	0.00876
33	0.01121	0.00818	0.01013	0.01095	0.01205	0.00823	0.00777	0.05365	0.06474	0.02089	0.03559	0.48621	0.04060	0.11077	0.01256	0.00342	0.00518	0.08472	0.00653	0.00661
34	0.01171	0.00837	0.01171	0.01339	0.01506	0.00837	0.01171	0.01506	0.01673	0.02175	0.03849	0.08199	0.04183	0.02008	0.01004	0.00335	0.00669	0.65027	0.00669	0.00669
35	0.01507	0.01292	0.01507	0.01077	0.01723	0.00969	0.00861	0.01830	0.01507	0.02369	0.01292	0.01507	0.01077	0.00538	0.00538	0.00108	0.00538	0.00431	0.00431	0.78898
36	0.00937	0.00657	0.00839	0.00952	0.00991	0.00625	0.00617	0.01046	0.01350	0.01811	0.07664	0.52501	0.04397	0.20169	0.01612	0.00393	0.00487	0.01769	0.00624	0.00559
37	0.01773	0.01700	0.02903	0.08653	0.65932	0.01720	0.02218	0.02208	0.01643	0.02343	0.01363	0.01808	0.01140	0.00653	0.00720	0.00218	0.00870	0.00648	0.00358	0.01130
38	0.03261	0.01237	0.01687	0.01293	0.01856	0.01068	0.01068	0.03543	0.02081	0.70423	0.02868	0.02474	0.01799	0.00900	0.00731	0.00225	0.00619	0.00731	0.00900	0.01237
39	0.01161	0.00732	0.00845	0.00823	0.00859	0.00721	0.00483	0.01192	0.01157	0.04787	0.05752	0.04682	0.02818	0.67210	0.03413	0.00657	0.00682	0.01055	0.00481	0.00491
40	0.28023	0.01315	0.01425	0.01193	0.01657	0.01356	0.00964	0.05253	0.10631	0.30961	0.04024	0.06521	0.01816	0.00936	0.00655	0.00232	0.00582	0.00726	0.00707	0.01023
41	0.01008	0.00742	0.00943	0.00893	0.01073	0.00677	0.00669	0.01331	0.02008	0.02798	0.61871	0.05623	0.14596	0.01530	0.00858	0.00231	0.00346	0.01342	0.00785	0.00677
42	0.03236	0.01278	0.01712	0.01313	0.01876	0.01129	0.01084	0.06819	0.02149	0.67050	0.02810	0.02437	0.01771	0.00898	0.00731	0.00225	0.00628	0.00727	0.00891	0.01237
43	0.02763	0.02036	0.02182	0.01672	0.02254	0.02254	0.01382	0.67496	0.03418	0.04581	0.01745	0.01745	0.01236	0.00873	0.00727	0.00218	0.00800	0.00654	0.00727	0.01236
44	0.00886	0.00633	0.00843	0.01012	0.01054	0.00590	0.00675	0.01012	0.01392	0.01856	0.04006	0.73979	0.04808	0.02277	0.00928	0.00295	0.00422	0.02066	0.00675	0.00590
45	0.01035	0.00706	0.00806	0.00815	0.00837	0.00701	0.00477	0.01063	0.01115	0.01477	0.02676	0.08356	0.06836	0.63658	0.05991	0.00673	0.00717	0.01127	0.00465	0.00467
46	0.00999	0.00726	0.00942	0.00922	0.01077	0.00668	0.00679	0.01302	0.01937	0.02710	0.56722	0.16166	0.09178	0.01624	0.00868	0.00240	0.00356	0.01441	0.00775	0.00668
47	0.79588	0.01406	0.01068	0.00956	0.01406	0.01631	0.00787	0.02137	0.01237	0.03261	0.01012	0.01181	0.00787	0.00675	0.00450	0.00225	0.00562	0.00394	0.00450	0.00787
48	0.06972	0.01546	0.01841	0.01419	0.01982	0.01543	0.01172	0.27500	0.02540	0.42255	0.02351	0.02134	0.01536	0.00878	0.00715	0.00222	0.00684	0.00685	0.00812	0.01214
49	0.13836	0.01244	0.01411	0.01196	0.01624	0.01250	0.00953	0.06969	0.13377	0.28435	0.05015	0.08636	0.10739	0.01125	0.00726	0.00237	0.00559	0.00916	0.00744	0.01009
50	0.03104	0.01246	0.01659	0.01283	0.01812	0.01107	0.01047	0.06670	0.02088	0.62922	0.02776	0.02573	0.01821	0.05298	0.00908	0.00253	0.00633	0.00747	0.00863	0.01189
51	0.02333	0.01791	0.01905	0.01552	0.02049	0.02009	0.01252	0.40198	0.28068	0.03907	0.02236	0.02158	0.01639	0.00914	0.00721	0.00227	0.00693	0.00719	0.04451	0.01177
52	0.05702	0.01411	0.01748	0.01364	0.01913	0.01359	0.01120	0.14720	0.07985	0.50786	0.02614	0.02322	0.01702	0.00895	0.00721	0.00226	0.00645	0.00714	0.00840	0.01214
53	0.05665	0.01739	0.01931	0.01517	0.02050	0.01862	0.01240	0.44761	0.05780	0.18163	0.02142	0.06240	0.01594	0.00960	0.00730	0.00226	0.00720	0.00752	0.00750	0.01177
54	0.01094	0.00752	0.00948	0.00923	0.01068	0.00705	0.00671	0.01341	0.01756	0.04333	0.41165	0.07564	0.09662	0.17956	0.01507	0.00347	0.00462	0.06407	0.00700	0.00637
55	0.09036	0.01238	0.01567	0.01261	0.01747	0.01151	0.01020	0.08532	0.02035	0.50335	0.02774	0.11791	0.02069	0.01062	0.00734	0.00234	0.00603	0.00874	0.00819	0.01115
56	0.09599	0.01178	0.01326	0.01169	0.01476	0.01217	0.00886	0.16563	0.04873	0.13040	0.07262	0.19391	0.04620	0.12634	0.01219	0.00316	0.00594	0.01105	0.00673	0.00861
57	0.00911	0.00658	0.00853	0.00972	0.01043	0.00610	0.00659	0.01066	0.01486	0.01991	0.13284	0.57272	0.08980	0.05295	0.01035	0.00301	0.00420	0.01885	0.00682	0.00599
58	0.01719	0.01673	0.02937	0.26309	0.12204	0.01809	0.23241	0.08966	0.05769	0.02424	0.01490	0.01938	0.01138	0.00736	0.00849	0.00241	0.04449	0.00726	0.00409	0.00972
59	0.03128	0.01243	0.01670	0.01289	0.01832	0.01096	0.01061	0.05948	0.02132	0.64385	0.06228	0.02596	0.02036	0.00929	0.00737	0.00225	0.00612	0.00758	0.00888	0.01209
60	0.02467	0.02058	0.01893	0.01554	0.02014	0.15296	0.01233	0.37589	0.09817	0.05601	0.01868	0.02019	0.01423	0.04617	0.00849	0.00236	0.00827	0.00661	0.06912	0.01066
61	0.79588	0.01406	0.01068	0.00956	0.01406	0.01631	0.00787	0.02137	0.01237	0.03261	0.01012	0.01181	0.00787	0.00675	0.00450	0.00225	0.00562	0.00394	0.00450	0.00787
62	0.00879	0.00737	0.00764	0.00757	0.00994	0.00622	0.00568	0.01082	0.01704	0.02075	0.14622	0.06813	0.62297	0.01800	0.00859	0.00243	0.00365	0.01508	0.00690	0.00622
63	0.01633	0.01677	0.02170	0.15902	0.02534	0.08344	0.01638	0.01862	0.01268	0.01772	0.01066	0.01672	0.00982	0.01243	0.03986	0.00317	0.50185	0.00627	0.00326	0.00798
64	0.12398	0.01746	0.02246	0.02657	0.29084	0.01883	0.01601	0.21569	0.13910	0.03254	0.01711	0.01862	0.01316	0.00777	0.00690	0.00223	0.00754	0.00647	0.00546	0.01128
65	0.01029	0.00743	0.00972	0.00914	0.01086	0.00686	0.00686	0.01372	0.02058	0.02915	0.69536	0.05430	0.06859	0.01486	0.00857	0.00229	0.00343	0.01315	0.00800	0.00686
66	0.01618	0.06300	0.48144	0.02319	0.06082	0.05947	0.14851	0.02335	0.01603	0.02254	0.01316	0.01599	0.00967	0.00674	0.00712	0.00227	0.01096	0.00593	0.00325	0.01040
67	0.01943	0.74891	0.03809	0.01244	0.01866	0.02876	0.01244	0.02177	0.01477	0.01710	0.01011	0.01166	0.00933	0.00622	0.00466	0.00155	0.00777	0.00389	0.00311	0.00933
68	0.01497	0.00811	0.01088	0.01106	0.01290	0.00746	0.00822	0.01688	0.01595	0.17976	0.05943	0.41604	0.03960	0.06207	0.01055	0.00306	0.00516	0.10324	0.00717	0.00747
69	0.01184	0.00979	0.01398	0.01787	0.16669	0.00934	0.01126	0.01485	0.01706	0.02261	0.15073	0.11313	0.21242	0.01593	0.00871	0.00264	0.00560	0.18175	0.00623	0.00760
70	0.04324	0.10814	0.37066	0.06224	0.06695	0.01695	0.02001	0.05543	0.01708	0.06315	0.09241	0.02035	0.01685	0.00795	0.00685	0.00220	0.00880	0.00636	0.00429	0.01010
71	0.01359	0.00799	0.01048	0.01021	0.01225	0.00726	0.00768	0.01612	0.01803	0.13895	0.29108	0.25913	0.10394	0.01689	0.00867	0.00256	0.00437	0.05578	0.00760	0.00743
72	0.79588	0.01406	0.01068	0.00956	0.01406	0.01631	0.00787	0.02137	0.01237	0.03261	0.01012	0.01181	0.00787	0.00675	0.00450	0.00225	0.00562	0.00394	0.00450	0.00787
73	0.02944	0.01495	0.07291	0.05028	0.02142	0.01233	0.01266	0.06644	0.04385	0.55722	0.02607	0.02342	0.01672	0.00876	0.00728	0.00227	0.00681	0.00710	0.00808	0.01199
74	0.02679	0.03051	0.02093	0.04342	0.02347	0.52762	0.01421	0.18052	0.02358	0.02441	0.01276	0.01435	0.01008	0.00777	0.00675	0.00196	0.01179	0.00518	0.00456	0.00934
75	0.00879	0.00717	0.00777	0.00805	0.01005	0.00615	0.00587	0.01065	0.01640	0.02024	0.12051	0.19790	0.51727	0.01895	0.00872	0.00254	0.00376	0.01618	0.00686	0.00615
76	0.01373	0.01292	0.02180	0.72707	0.05006	0.01615	0.02019	0.01857	0.01453	0.01857	0.01292	0.01938	0.00969	0.00727	0.00727	0.00242	0.00969	0.00646	0.00323	0.00807
77	0.02249	0.01582	0.01745	0.01478	0.01947	0.01745	0.01175	0.14830	0.44712	0.16066	0.02731	0.02499	0.01969	0.00950	0.00736	0.00238	0.00622	0.00776	0.00768	0.01182
78	0.45739	0.01884	0.01695	0.03833	0.10875	0.14784	0.03049	0.06200	0.01597	0.02877	0.01145	0.01366	0.00905	0.00697	0.00561	0.00217	0.00788	0.00478	0.00434	0.00879
79	0.00886	0.00633	0.00843	0.01012	0.01054	0.00590	0.00675	0.01012	0.01392	0.01856	0.04006	0.73979	0.04808	0.02277	0.00928	0.00295	0.00422	0.02066	0.00675	0.00590
80	0.79588	0.01406	0.01068	0.00956	0.01406	0.01631	0.00787	0.02137	0.01237	0.03261	0.01012	0.01181	0.00787	0.00675	0.00450	0.00225	0.00562	0.00394	0.00450	0.00787
81	0.01190	0.00900	0.01000	0.00997	0.01193	0.04093	0.00738	0.01476	0.03814	0.06347	0.24293	0.23989	0.21452	0.01724	0.00861	0.00253	0.00453	0.03817	0.00713	0.00696
82	0.01582	0.01438	0.01995	0.21506	0.05802	0.01517	0.05432	0.02446	0.20085	0.02386	0.01755	0.02005	0.01363	0.00753	0.00745	0.00205	0.03513	0.00643	0.00475	0.24354
83	0.05049	0.01392	0.01734	0.18148	0.02556	0.01316	0.01200	0.10280	0.01728	0.02570	0.01338	0.01626	0.01059	0.00632	0.00603	0.00159	0.00675	0.00509	0.00444	0.46980
84	0.01417	0.01384	0.02494	0.57004	0.04606	0.01610	0.13452	0.01917	0.01529	0.01991	0.04587	0.02109	0.01274	0.00743	0.00756	0.00242	0.00984	0.00715	0.00354	0.00832
85	0.09681	0.01409	0.01526	0.01283	0.01740	0.03930	0.01025	0.06994	0.21639	0.28143	0.03214	0.02966	0.11226	0.01028	0.00722	0.00232	0.00602	0.00824	0.00749	0.01067

[dist]
# distance from previous block
# <min> <max>
0	27

# created by:
# /st0/software/busco_prod/Augustus/scripts/msa2prfl.pl ./align_prep/181266.fa
