[name]
unknown

[dist]
# distance from previous block
# <min> <max>
0	6

[block]
# block no. 0 follows, 28 sequences, length 7
# corresponding to MSA columns:
# 6-12
name=unknown_A
#
# <colnr> <probs for GDERKNQSTAVLIFYWHMCP>
#	G	D	E	R	K	N	Q	S	T	A	V	L	I	F	Y	W	H	M	C	P
0	0.01914	0.01549	0.01950	0.01499	0.02068	0.01474	0.07179	0.24437	0.02206	0.03101	0.01802	0.02514	0.01544	0.00854	0.00694	0.00188	0.00709	0.09073	0.00558	0.34686
1	0.02241	0.11360	0.02125	0.01441	0.01950	0.01958	0.01196	0.41525	0.02648	0.03559	0.05060	0.04291	0.01661	0.04358	0.04040	0.00267	0.00786	0.00699	0.00619	0.08216
2	0.02006	0.53951	0.03506	0.01491	0.02067	0.02664	0.06309	0.10776	0.01723	0.02139	0.01138	0.01336	0.00987	0.00706	0.00682	0.00183	0.06519	0.00479	0.00371	0.00966
3	0.01883	0.01550	0.02042	0.01500	0.02114	0.01417	0.09348	0.16477	0.01962	0.05498	0.01463	0.01658	0.01139	0.00666	0.00703	0.00163	0.03649	0.00554	0.00502	0.45713
4	0.02556	0.01608	0.01827	0.01440	0.01926	0.01697	0.01165	0.40209	0.02697	0.19485	0.02289	0.02455	0.04211	0.07783	0.04960	0.00318	0.00796	0.00750	0.00721	0.01108
5	0.02051	0.19915	0.07231	0.02058	0.11253	0.22943	0.04586	0.05537	0.01782	0.02090	0.04145	0.01773	0.03302	0.00812	0.00807	0.00206	0.07602	0.00587	0.00391	0.00929
6	0.07919	0.01750	0.02558	0.13131	0.02962	0.01857	0.18981	0.23757	0.08694	0.03137	0.01630	0.01867	0.01208	0.00752	0.00728	0.00224	0.00881	0.00688	0.00526	0.06751

[dist]
# distance from previous block
# <min> <max>
0	3

[block]
# block no. 1 follows, 28 sequences, length 61
# corresponding to MSA columns:
# 16-76
name=unknown_B
#
# <colnr> <probs for GDERKNQSTAVLIFYWHMCP>
#	G	D	E	R	K	N	Q	S	T	A	V	L	I	F	Y	W	H	M	C	P
0	0.04355	0.01352	0.06754	0.01536	0.01995	0.01121	0.14187	0.02224	0.01921	0.20373	0.29602	0.03635	0.03696	0.01092	0.00804	0.00234	0.00659	0.02853	0.00690	0.00919
1	0.01290	0.00872	0.01246	0.01156	0.01388	0.00825	0.04654	0.01583	0.01745	0.09259	0.25743	0.10747	0.12211	0.04488	0.08778	0.00374	0.00674	0.11559	0.00682	0.00728
2	0.01290	0.01453	0.10745	0.34826	0.05430	0.01292	0.01613	0.01683	0.01469	0.01936	0.02477	0.03067	0.13180	0.03763	0.00990	0.05388	0.00808	0.02897	0.00405	0.05286
3	0.01535	0.01458	0.02452	0.41412	0.25024	0.01599	0.04882	0.01993	0.01534	0.02089	0.01324	0.01855	0.01042	0.00679	0.00713	0.00221	0.00907	0.00636	0.00347	0.08299
4	0.01609	0.01631	0.03017	0.28232	0.23146	0.01752	0.20978	0.02094	0.01565	0.02136	0.01343	0.01882	0.01059	0.00707	0.00871	0.00240	0.05727	0.00707	0.00346	0.00956
5	0.02149	0.02288	0.02423	0.15084	0.27743	0.25972	0.01814	0.09594	0.01955	0.02322	0.01311	0.01648	0.01055	0.00721	0.00699	0.00211	0.01030	0.00586	0.00399	0.00994
6	0.01945	0.02064	0.02646	0.11162	0.41819	0.17588	0.04339	0.02328	0.01721	0.02180	0.01304	0.01696	0.01077	0.00673	0.00703	0.00208	0.00975	0.00604	0.00363	0.04606
7	0.67590	0.01469	0.01221	0.01051	0.01521	0.01675	0.00866	0.09515	0.01519	0.06399	0.01177	0.01302	0.00883	0.00707	0.00493	0.00224	0.00591	0.00438	0.00501	0.00858
8	0.02128	0.04346	0.01689	0.01178	0.01794	0.01138	0.00965	0.05391	0.01772	0.23598	0.01791	0.01805	0.01303	0.00669	0.00604	0.00151	0.00585	0.00533	0.00585	0.47974
9	0.01787	0.01470	0.01801	0.01320	0.01949	0.05137	0.06705	0.02123	0.01620	0.09764	0.01470	0.01641	0.01150	0.00596	0.00594	0.00137	0.00652	0.00503	0.00473	0.59109
10	0.00965	0.00715	0.00780	0.00787	0.00896	0.00660	0.00509	0.01061	0.01359	0.01719	0.07043	0.09699	0.30229	0.37880	0.02272	0.00476	0.00537	0.01320	0.00563	0.00529
11	0.01794	0.01918	0.12298	0.03718	0.52073	0.01613	0.02129	0.02256	0.01651	0.06780	0.01609	0.05981	0.01373	0.00764	0.00728	0.00223	0.00852	0.00720	0.00406	0.01114
12	0.01033	0.00706	0.00852	0.00873	0.00896	0.00719	0.00535	0.01086	0.01114	0.01504	0.02453	0.13015	0.02793	0.55833	0.12930	0.00720	0.00845	0.01142	0.00462	0.00488
13	0.00897	0.00637	0.00840	0.00998	0.01037	0.00598	0.00659	0.01015	0.01370	0.01826	0.03894	0.69457	0.04666	0.06993	0.01109	0.00322	0.00440	0.02001	0.00659	0.00581
14	0.00997	0.00733	0.00917	0.00885	0.01050	0.00671	0.00649	0.01281	0.01894	0.02613	0.51989	0.09589	0.16004	0.06266	0.01044	0.00266	0.00375	0.01375	0.00751	0.00654
15	0.01507	0.01292	0.01507	0.01077	0.01723	0.00969	0.00861	0.01830	0.01507	0.02369	0.01292	0.01507	0.01077	0.00538	0.00538	0.00108	0.00538	0.00431	0.00431	0.78898
16	0.00886	0.00633	0.00843	0.01012	0.01054	0.00590	0.00675	0.01012	0.01392	0.01856	0.04006	0.73979	0.04808	0.02277	0.00928	0.00295	0.00422	0.02066	0.00675	0.00590
17	0.00901	0.00738	0.00794	0.00780	0.01007	0.00631	0.00585	0.01124	0.01755	0.02197	0.22625	0.06611	0.54217	0.01754	0.00859	0.00241	0.00362	0.01480	0.00706	0.00631
18	0.01038	0.00779	0.01168	0.01168	0.01298	0.00909	0.00909	0.01298	0.01168	0.01687	0.01947	0.02856	0.01817	0.05452	0.71573	0.01168	0.01947	0.00779	0.00389	0.00649
19	0.03261	0.01237	0.01687	0.01293	0.01856	0.01068	0.01068	0.03543	0.02081	0.70423	0.02868	0.02474	0.01799	0.00900	0.00731	0.00225	0.00619	0.00731	0.00900	0.01237
20	0.01507	0.01292	0.01507	0.01077	0.01723	0.00969	0.00861	0.01830	0.01507	0.02369	0.01292	0.01507	0.01077	0.00538	0.00538	0.00108	0.00538	0.00431	0.00431	0.78898
21	0.01512	0.00853	0.01108	0.00981	0.01248	0.00764	0.00758	0.01824	0.02021	0.17946	0.48141	0.04930	0.12239	0.01391	0.00829	0.00230	0.00407	0.01207	0.00809	0.00802
22	0.00886	0.00633	0.00843	0.01012	0.01054	0.00590	0.00675	0.01012	0.01392	0.01856	0.04006	0.73979	0.04808	0.02277	0.00928	0.00295	0.00422	0.02066	0.00675	0.00590
23	0.01507	0.01292	0.01507	0.01077	0.01723	0.00969	0.00861	0.01830	0.01507	0.02369	0.01292	0.01507	0.01077	0.00538	0.00538	0.00108	0.00538	0.00431	0.00431	0.78898
24	0.00884	0.00639	0.00836	0.00994	0.01050	0.00592	0.00667	0.01014	0.01409	0.01863	0.04226	0.69603	0.09042	0.02249	0.00923	0.00292	0.00418	0.02032	0.00675	0.00592
25	0.00859	0.00736	0.00736	0.00736	0.00982	0.00614	0.00552	0.01043	0.01657	0.01964	0.07364	0.06996	0.69624	0.01841	0.00859	0.00245	0.00368	0.01534	0.00675	0.00614
26	0.01373	0.01292	0.02180	0.72707	0.05006	0.01615	0.02019	0.01857	0.01453	0.01857	0.01292	0.01938	0.00969	0.00727	0.00727	0.00242	0.00969	0.00646	0.00323	0.00807
27	0.00875	0.00675	0.00799	0.00898	0.01024	0.00600	0.00624	0.01025	0.01501	0.01900	0.05394	0.46297	0.31594	0.02097	0.00899	0.00275	0.00400	0.01846	0.00675	0.00600
28	0.02616	0.01705	0.01907	0.01524	0.02053	0.01836	0.01239	0.33729	0.21522	0.20384	0.02365	0.02198	0.01653	0.00911	0.00732	0.00228	0.00692	0.00721	0.00773	0.01212
29	0.00886	0.00633	0.00843	0.01012	0.01054	0.00590	0.00675	0.01012	0.01392	0.01856	0.04006	0.73979	0.04808	0.02277	0.00928	0.00295	0.00422	0.02066	0.00675	0.00590
30	0.01397	0.01317	0.02225	0.68760	0.08761	0.01621	0.02031	0.01879	0.01465	0.01887	0.01296	0.01930	0.00980	0.00722	0.00726	0.00241	0.00963	0.00646	0.00325	0.00827
31	0.01624	0.01592	0.02437	0.11916	0.22654	0.01997	0.01838	0.01907	0.01320	0.01950	0.01122	0.01698	0.01015	0.01014	0.01671	0.00278	0.42091	0.00641	0.00331	0.00903
32	0.02107	0.02362	0.02735	0.05714	0.36804	0.26908	0.08322	0.02470	0.01800	0.02138	0.01287	0.01644	0.01063	0.00683	0.00710	0.00209	0.01064	0.00604	0.00365	0.01012
33	0.01507	0.01292	0.01507	0.01077	0.01723	0.00969	0.00861	0.01830	0.01507	0.02369	0.01292	0.01507	0.01077	0.00538	0.00538	0.00108	0.00538	0.00431	0.00431	0.78898
34	0.01029	0.00743	0.00972	0.00914	0.01086	0.00686	0.00686	0.01372	0.02058	0.02915	0.69536	0.05430	0.06859	0.01486	0.00857	0.00229	0.00343	0.01315	0.00800	0.00686
35	0.00912	0.00653	0.00867	0.00994	0.01060	0.00608	0.00677	0.01079	0.01515	0.02052	0.16151	0.61276	0.05188	0.02131	0.00915	0.00283	0.00407	0.01927	0.00698	0.00608
36	0.01373	0.01292	0.02180	0.72707	0.05006	0.01615	0.02019	0.01857	0.01453	0.01857	0.01292	0.01938	0.00969	0.00727	0.00727	0.00242	0.00969	0.00646	0.00323	0.00807
37	0.01943	0.74891	0.03809	0.01244	0.01866	0.02876	0.01244	0.02177	0.01477	0.01710	0.01011	0.01166	0.00933	0.00622	0.00466	0.00155	0.00777	0.00389	0.00311	0.00933
38	0.01373	0.01292	0.02180	0.72707	0.05006	0.01615	0.02019	0.01857	0.01453	0.01857	0.01292	0.01938	0.00969	0.00727	0.00727	0.00242	0.00969	0.00646	0.00323	0.00807
39	0.00886	0.00633	0.00843	0.01012	0.01054	0.00590	0.00675	0.01012	0.01392	0.01856	0.04006	0.73979	0.04808	0.02277	0.00928	0.00295	0.00422	0.02066	0.00675	0.00590
40	0.01057	0.00705	0.00793	0.00793	0.00793	0.00705	0.00440	0.01057	0.01057	0.01409	0.02290	0.04757	0.02643	0.74454	0.03700	0.00705	0.00705	0.01057	0.00440	0.00440
41	0.11803	0.01322	0.01417	0.01311	0.01654	0.01518	0.01029	0.02913	0.40889	0.02718	0.02705	0.02897	0.04794	0.01935	0.15332	0.00437	0.00851	0.02888	0.00624	0.00961
42	0.21761	0.01119	0.01297	0.01120	0.01521	0.01080	0.00885	0.02501	0.01692	0.34868	0.02856	0.18799	0.05137	0.01201	0.00711	0.00242	0.00548	0.00988	0.00725	0.00949
43	0.01029	0.00743	0.00972	0.00914	0.01086	0.00686	0.00686	0.01372	0.02058	0.02915	0.69536	0.05430	0.06859	0.01486	0.00857	0.00229	0.00343	0.01315	0.00800	0.00686
44	0.00886	0.00633	0.00843	0.01012	0.01054	0.00590	0.00675	0.01012	0.01392	0.01856	0.04006	0.73979	0.04808	0.02277	0.00928	0.00295	0.00422	0.02066	0.00675	0.00590
45	0.02860	0.01150	0.01550	0.01218	0.01715	0.00998	0.00995	0.03145	0.02059	0.58461	0.11871	0.03066	0.05487	0.01019	0.00753	0.00226	0.00571	0.00844	0.00877	0.01137
46	0.79588	0.01406	0.01068	0.00956	0.01406	0.01631	0.00787	0.02137	0.01237	0.03261	0.01012	0.01181	0.00787	0.00675	0.00450	0.00225	0.00562	0.00394	0.00450	0.00787
47	0.08307	0.01248	0.01646	0.01271	0.01826	0.01106	0.01050	0.03450	0.02025	0.65983	0.02745	0.02389	0.01732	0.00885	0.00712	0.00225	0.00615	0.00709	0.00870	0.01207
48	0.01055	0.00707	0.00804	0.00801	0.00812	0.00704	0.00456	0.01077	0.01122	0.01507	0.06633	0.04800	0.02915	0.69741	0.03516	0.00674	0.00681	0.01074	0.00464	0.00456
49	0.07802	0.01151	0.01496	0.01189	0.01670	0.01027	0.00969	0.03010	0.02004	0.52720	0.13198	0.03038	0.05411	0.01015	0.00738	0.00226	0.00562	0.00833	0.00845	0.01096
50	0.01590	0.01590	0.02226	0.01908	0.01908	0.02226	0.01590	0.01749	0.01113	0.01749	0.00954	0.01590	0.00954	0.01272	0.02385	0.00318	0.73123	0.00636	0.00318	0.00795
51	0.75109	0.01396	0.01105	0.00976	0.01432	0.01598	0.00804	0.02219	0.01287	0.07203	0.01121	0.01257	0.00847	0.00688	0.00466	0.00225	0.00566	0.00413	0.00476	0.00814
52	0.01488	0.01071	0.01207	0.01125	0.01327	0.01143	0.00807	0.07130	0.19812	0.05302	0.04813	0.08636	0.02758	0.33573	0.02079	0.00454	0.00641	0.05265	0.00607	0.00764
53	0.01092	0.05128	0.01323	0.01173	0.01331	0.01024	0.00928	0.01350	0.01186	0.01689	0.01892	0.02757	0.01765	0.05168	0.67400	0.01109	0.01878	0.00756	0.00385	0.00666
54	0.00922	0.00671	0.00882	0.01016	0.01094	0.00613	0.00686	0.01060	0.01398	0.01886	0.03847	0.69726	0.04589	0.02175	0.00905	0.00284	0.00429	0.01970	0.00660	0.05186
55	0.01037	0.00742	0.00939	0.00899	0.01077	0.00684	0.00680	0.01364	0.01974	0.02785	0.57297	0.05519	0.12487	0.01501	0.00842	0.00231	0.00357	0.03565	0.05343	0.00678
56	0.07636	0.01394	0.01503	0.01348	0.01693	0.01611	0.01061	0.07288	0.39742	0.02867	0.02661	0.02676	0.04994	0.01472	0.08284	0.00339	0.04964	0.00784	0.06690	0.00993
57	0.01815	0.47063	0.02957	0.05433	0.01979	0.02238	0.01207	0.02185	0.05370	0.04817	0.01421	0.01770	0.01244	0.01076	0.06061	0.00249	0.00832	0.02735	0.00393	0.09156
58	0.04436	0.07733	0.01250	0.01033	0.01222	0.00965	0.02849	0.01355	0.04496	0.01932	0.03910	0.35411	0.16830	0.11773	0.01220	0.00322	0.00522	0.01495	0.00592	0.00653
59	0.01229	0.01024	0.03468	0.01224	0.01431	0.01068	0.00982	0.07302	0.01427	0.02008	0.02258	0.08146	0.05042	0.06983	0.46207	0.00853	0.04572	0.00883	0.00452	0.03439
60	0.01841	0.51020	0.03161	0.03829	0.01986	0.05272	0.03758	0.02273	0.07619	0.01967	0.04321	0.01923	0.01489	0.00771	0.00566	0.00183	0.00768	0.03474	0.02863	0.00916

[dist]
# distance from previous block
# <min> <max>
0	62

# created by:
# /st0/software/busco_prod/Augustus/scripts/msa2prfl.pl ./align_prep/181426.fa
