[name]
unknown

[dist]
# distance from previous block
# <min> <max>
34	99

[block]
# block no. 0 follows, 28 sequences, length 17
# corresponding to MSA columns:
# 111-127
name=unknown_A
#
# <colnr> <probs for GDERKNQSTAVLIFYWHMCP>
#	G	D	E	R	K	N	Q	S	T	A	V	L	I	F	Y	W	H	M	C	P
0	0.12631	0.04747	0.06305	0.05033	0.04967	0.08824	0.01272	0.15581	0.13232	0.02849	0.02502	0.02564	0.11085	0.01161	0.03931	0.00267	0.00801	0.00740	0.00552	0.00956
1	0.18103	0.14193	0.09358	0.09853	0.05499	0.21187	0.01457	0.05523	0.01680	0.02290	0.01206	0.01530	0.00996	0.03474	0.00715	0.00223	0.00936	0.00507	0.00386	0.00885
2	0.05021	0.27885	0.08434	0.01548	0.02036	0.17512	0.01405	0.05347	0.01677	0.07543	0.01284	0.01501	0.01058	0.01014	0.04310	0.00251	0.10336	0.00510	0.00401	0.00926
3	0.44335	0.06007	0.04379	0.01128	0.01512	0.04350	0.00949	0.02043	0.01309	0.06439	0.01351	0.01873	0.01181	0.11163	0.04352	0.00336	0.05519	0.00547	0.00445	0.00783
4	0.01663	0.04598	0.01607	0.01508	0.06154	0.13695	0.01068	0.10750	0.01688	0.02142	0.01894	0.07286	0.01826	0.13818	0.24607	0.00603	0.01223	0.00807	0.02290	0.00775
5	0.10059	0.25102	0.06486	0.03576	0.04015	0.01765	0.01154	0.05153	0.01669	0.04916	0.14509	0.02625	0.05578	0.03783	0.00807	0.00224	0.03214	0.00719	0.03787	0.00858
6	0.19870	0.01836	0.13525	0.11161	0.16722	0.01593	0.01622	0.09472	0.01755	0.02798	0.08841	0.02194	0.04031	0.00829	0.00673	0.00226	0.00762	0.00673	0.00467	0.00950
7	0.01359	0.04692	0.01384	0.01449	0.10892	0.04292	0.00872	0.04691	0.01478	0.01978	0.07201	0.09603	0.05544	0.34719	0.02090	0.00442	0.00679	0.01020	0.04940	0.00675
8	0.25553	0.03923	0.19444	0.17475	0.04620	0.04189	0.05415	0.04463	0.04201	0.02575	0.01291	0.01584	0.00970	0.00707	0.00631	0.00229	0.00869	0.00548	0.00393	0.00920
9	0.01734	0.04830	0.14893	0.09070	0.24541	0.04456	0.16164	0.02234	0.01614	0.04596	0.01467	0.04179	0.01202	0.00756	0.00835	0.00232	0.05100	0.00707	0.00375	0.01015
10	0.01366	0.01054	0.01195	0.01224	0.01427	0.04940	0.00953	0.04957	0.08363	0.05082	0.10365	0.27454	0.06878	0.01760	0.00888	0.00280	0.00575	0.19801	0.00687	0.00752
11	0.70763	0.09758	0.01380	0.00989	0.01458	0.01772	0.00839	0.02141	0.01264	0.03085	0.01012	0.01179	0.00804	0.00669	0.00452	0.00217	0.00587	0.00393	0.00434	0.00804
12	0.04747	0.01278	0.01481	0.03914	0.01683	0.01354	0.00988	0.20436	0.04401	0.05092	0.11230	0.09279	0.03954	0.12996	0.03320	0.00329	0.03982	0.00931	0.00610	0.07993
13	0.16508	0.08784	0.13343	0.07457	0.13672	0.09158	0.03952	0.02386	0.03067	0.08225	0.01378	0.01609	0.01058	0.00719	0.00691	0.00216	0.03277	0.00550	0.00419	0.03533
14	0.04836	0.25860	0.12619	0.02012	0.13826	0.05205	0.04585	0.07766	0.01659	0.02222	0.01368	0.01843	0.01201	0.08096	0.03785	0.00285	0.00914	0.00585	0.00382	0.00950
15	0.09058	0.01746	0.01874	0.01515	0.01975	0.08860	0.06571	0.27092	0.06156	0.08113	0.05467	0.04655	0.04830	0.00948	0.00706	0.00220	0.00745	0.00765	0.07704	0.01003
16	0.17419	0.04393	0.13315	0.15318	0.12527	0.01609	0.01648	0.06709	0.01647	0.06962	0.01518	0.02019	0.01213	0.00776	0.00657	0.00223	0.00800	0.04231	0.00444	0.06571

[dist]
# distance from previous block
# <min> <max>
14	52

[block]
# block no. 1 follows, 28 sequences, length 18
# corresponding to MSA columns:
# 185-202
name=unknown_B
#
# <colnr> <probs for GDERKNQSTAVLIFYWHMCP>
#	G	D	E	R	K	N	Q	S	T	A	V	L	I	F	Y	W	H	M	C	P
0	0.03881	0.26487	0.07307	0.04686	0.02098	0.04488	0.01325	0.22828	0.02145	0.04495	0.04360	0.06369	0.01577	0.00875	0.00637	0.00202	0.00764	0.00664	0.03821	0.00991
1	0.12008	0.21870	0.10849	0.05815	0.02007	0.04779	0.01291	0.08361	0.01695	0.02482	0.04962	0.02049	0.04928	0.00831	0.00655	0.00203	0.03290	0.00604	0.10439	0.00883
2	0.01845	0.30044	0.15777	0.05029	0.02218	0.08345	0.01484	0.05434	0.06580	0.05017	0.02117	0.02191	0.09391	0.00850	0.00631	0.00201	0.00823	0.00635	0.00437	0.00950
3	0.02016	0.54233	0.13356	0.01417	0.02082	0.07853	0.01457	0.02339	0.01569	0.06221	0.01182	0.01315	0.00987	0.00660	0.00531	0.00173	0.00852	0.00439	0.00353	0.00966
4	0.01984	0.41065	0.16242	0.01466	0.02116	0.08813	0.01497	0.05464	0.01715	0.06470	0.05863	0.01652	0.01402	0.00736	0.00584	0.00185	0.00847	0.00522	0.00407	0.00969
5	0.10221	0.38123	0.09340	0.01383	0.01970	0.05487	0.01333	0.10553	0.01780	0.05936	0.04549	0.01571	0.01288	0.00748	0.00619	0.00192	0.02996	0.00511	0.00436	0.00965
6	0.01142	0.04381	0.01050	0.00955	0.01051	0.00868	0.00637	0.05583	0.01389	0.01831	0.03055	0.30721	0.06102	0.35466	0.02171	0.00471	0.00593	0.01400	0.00552	0.00582
7	0.04643	0.01454	0.10413	0.05849	0.15229	0.01168	0.01449	0.01874	0.01629	0.07148	0.08525	0.14715	0.02794	0.01253	0.00790	0.00247	0.00688	0.12726	0.00545	0.06859
8	0.06161	0.00788	0.00940	0.00906	0.01073	0.00751	0.00649	0.01391	0.01695	0.05697	0.35226	0.13074	0.11102	0.15751	0.01387	0.00330	0.00453	0.01286	0.00686	0.00653
9	0.01255	0.00935	0.01110	0.01083	0.01291	0.00911	0.00792	0.12568	0.01860	0.02492	0.11686	0.41078	0.12493	0.01795	0.00856	0.00258	0.00477	0.01581	0.00686	0.04794
10	0.04026	0.14097	0.05277	0.06737	0.09430	0.31650	0.01494	0.07140	0.05639	0.02138	0.01302	0.01542	0.01066	0.00821	0.00750	0.04028	0.01018	0.00529	0.00401	0.00915
11	0.02411	0.01968	0.01949	0.01554	0.02067	0.09979	0.01248	0.44975	0.02814	0.03702	0.01837	0.08784	0.01533	0.00954	0.00714	0.00208	0.00788	0.00743	0.00643	0.11129
12	0.01429	0.01012	0.01190	0.01083	0.01268	0.01074	0.00786	0.15911	0.01768	0.02438	0.10240	0.09034	0.02810	0.27768	0.14888	0.00570	0.00874	0.01007	0.04142	0.00707
13	0.21589	0.13517	0.02048	0.03600	0.01999	0.29340	0.01216	0.07373	0.04159	0.02419	0.01223	0.01406	0.00993	0.00750	0.00646	0.00202	0.03621	0.00481	0.02541	0.00876
14	0.15263	0.01331	0.01956	0.25883	0.21121	0.01462	0.01586	0.02030	0.01536	0.06949	0.04507	0.07505	0.01617	0.00863	0.00690	0.00232	0.00756	0.00746	0.03065	0.00900
15	0.04929	0.05263	0.02077	0.01853	0.07235	0.29658	0.04104	0.12997	0.03501	0.02473	0.06678	0.02228	0.06376	0.01052	0.02947	0.00241	0.04308	0.00685	0.00488	0.00909
16	0.09078	0.04440	0.03515	0.17515	0.04196	0.13202	0.03916	0.02049	0.01512	0.02156	0.01366	0.01779	0.01116	0.00953	0.03363	0.00248	0.10256	0.00578	0.11259	0.07502
17	0.19671	0.02063	0.15130	0.12142	0.10068	0.06570	0.13811	0.02169	0.01578	0.02484	0.06483	0.01899	0.01411	0.00738	0.00684	0.00229	0.00907	0.00645	0.00402	0.00915

[dist]
# distance from previous block
# <min> <max>
12	18

[block]
# block no. 2 follows, 28 sequences, length 238
# corresponding to MSA columns:
# 225-462
name=unknown_C
#
# <colnr> <probs for GDERKNQSTAVLIFYWHMCP>
#	G	D	E	R	K	N	Q	S	T	A	V	L	I	F	Y	W	H	M	C	P
0	0.04558	0.48506	0.14297	0.01419	0.02101	0.02465	0.01468	0.09402	0.01727	0.06346	0.01251	0.01369	0.01012	0.00679	0.00547	0.00181	0.00811	0.00463	0.00396	0.01003
1	0.01435	0.03596	0.66892	0.02009	0.03034	0.01634	0.02577	0.02251	0.01563	0.02335	0.05019	0.01747	0.01244	0.00734	0.00700	0.00230	0.01034	0.00579	0.00334	0.01053
2	0.01247	0.00895	0.01077	0.01072	0.01223	0.00906	0.00790	0.09754	0.01668	0.02217	0.08280	0.18976	0.08459	0.23466	0.04434	0.00439	0.00649	0.13184	0.00610	0.00655
3	0.06476	0.01299	0.02108	0.68025	0.04772	0.01616	0.01938	0.01875	0.01439	0.01949	0.01274	0.01889	0.00957	0.00723	0.00709	0.00241	0.00942	0.00630	0.00331	0.00806
4	0.01632	0.01660	0.02220	0.01907	0.01921	0.04795	0.01583	0.01792	0.01148	0.01750	0.00960	0.01580	0.00954	0.01253	0.02321	0.00313	0.70462	0.00630	0.00320	0.00797
5	0.01581	0.01352	0.01591	0.01163	0.01764	0.01121	0.00937	0.05400	0.01586	0.02449	0.01295	0.01526	0.01077	0.00604	0.00669	0.00127	0.05289	0.00456	0.00439	0.69573
6	0.00886	0.00633	0.00843	0.01012	0.01054	0.00590	0.00675	0.01012	0.01392	0.01856	0.04006	0.73979	0.04808	0.02277	0.00928	0.00295	0.00422	0.02066	0.00675	0.00590
7	0.01029	0.00743	0.00972	0.00914	0.01086	0.00686	0.00686	0.01372	0.02058	0.02915	0.69536	0.05430	0.06859	0.01486	0.00857	0.00229	0.00343	0.01315	0.00800	0.00686
8	0.01500	0.01422	0.02410	0.52360	0.24360	0.01648	0.02082	0.01969	0.01514	0.02012	0.01314	0.01897	0.01023	0.00703	0.00725	0.00234	0.00938	0.00646	0.00334	0.00910
9	0.01484	0.07633	0.67046	0.02027	0.03076	0.01753	0.02607	0.02295	0.01532	0.02270	0.01288	0.01515	0.00921	0.00687	0.00678	0.00226	0.01058	0.00529	0.00307	0.01067
10	0.01273	0.01033	0.01165	0.01081	0.01352	0.01072	0.00825	0.02195	0.25692	0.02774	0.33647	0.04768	0.17488	0.01377	0.00816	0.00238	0.00431	0.01182	0.00754	0.00837
11	0.07075	0.00915	0.00797	0.00777	0.00980	0.05445	0.00588	0.01806	0.01539	0.02688	0.02191	0.02507	0.01724	0.00828	0.00514	0.00175	0.00419	0.00643	0.67693	0.00696
12	0.01396	0.01316	0.02222	0.68991	0.08541	0.01621	0.02030	0.01878	0.01464	0.01885	0.01296	0.01930	0.00979	0.00722	0.00726	0.00241	0.00963	0.00646	0.00325	0.00826
13	0.00886	0.00633	0.00843	0.01012	0.01054	0.00590	0.00675	0.01012	0.01392	0.01856	0.04006	0.73979	0.04808	0.02277	0.00928	0.00295	0.00422	0.02066	0.00675	0.00590
14	0.00876	0.00734	0.00762	0.00762	0.00994	0.00620	0.00569	0.01073	0.01686	0.02048	0.13016	0.08961	0.61770	0.01822	0.00861	0.00245	0.00368	0.01531	0.00687	0.00620
15	0.14117	0.10697	0.28496	0.01916	0.02669	0.04276	0.14540	0.02476	0.09636	0.02465	0.01451	0.01654	0.01094	0.00703	0.00664	0.00224	0.00937	0.00592	0.00397	0.00996
16	0.01063	0.00837	0.01208	0.14870	0.01899	0.00912	0.01027	0.01286	0.01416	0.01906	0.03229	0.47549	0.03680	0.01846	0.00971	0.00286	0.04988	0.07158	0.03216	0.00655
17	0.01503	0.01425	0.02442	0.52376	0.07670	0.01667	0.10164	0.05478	0.01592	0.02087	0.01422	0.04256	0.01134	0.00782	0.00797	0.00244	0.03016	0.00719	0.00364	0.00862
18	0.02656	0.01931	0.02087	0.01618	0.02185	0.02117	0.01329	0.56523	0.09341	0.07345	0.01894	0.01860	0.01348	0.00873	0.00722	0.00217	0.00762	0.00666	0.00726	0.03801
19	0.07473	0.09041	0.02016	0.01542	0.05243	0.06860	0.01204	0.15909	0.08368	0.28494	0.05051	0.02146	0.01699	0.00862	0.00686	0.00215	0.00715	0.00670	0.00693	0.01112
20	0.01263	0.00631	0.00947	0.00947	0.00947	0.00631	0.00631	0.00947	0.00947	0.01263	0.01263	0.02210	0.01263	0.02525	0.02841	0.78851	0.00631	0.00631	0.00316	0.00316
21	0.02515	0.02997	0.01971	0.01779	0.02168	0.53881	0.01347	0.05123	0.16897	0.02147	0.01551	0.01636	0.01231	0.00806	0.00676	0.00201	0.01131	0.00553	0.00467	0.00923
22	0.01663	0.01287	0.01561	0.04997	0.01914	0.01013	0.00944	0.01991	0.01558	0.08663	0.01438	0.01621	0.01138	0.00582	0.00566	0.00126	0.00569	0.00470	0.00468	0.67432
23	0.01959	0.04375	0.06211	0.03654	0.47151	0.15320	0.06308	0.02370	0.01726	0.02233	0.01313	0.01683	0.01089	0.00666	0.00707	0.00211	0.00982	0.00613	0.00359	0.01070
24	0.01001	0.00747	0.00968	0.01044	0.01071	0.00784	0.00704	0.01098	0.01275	0.01727	0.03248	0.48455	0.03851	0.21246	0.01806	0.00406	0.07764	0.01657	0.00577	0.00571
25	0.01475	0.06217	0.68377	0.02043	0.03102	0.01729	0.02636	0.02298	0.01533	0.02282	0.01294	0.01522	0.00921	0.00688	0.00683	0.00228	0.01064	0.00532	0.00307	0.01069
26	0.51367	0.01293	0.01144	0.03406	0.01512	0.01435	0.00834	0.06804	0.01504	0.05264	0.02332	0.02411	0.13717	0.00978	0.00645	0.02833	0.00562	0.00654	0.00519	0.00789
27	0.01624	0.09956	0.46512	0.02118	0.02993	0.06046	0.11828	0.02297	0.01562	0.02186	0.01269	0.01553	0.00951	0.00712	0.00795	0.00228	0.05462	0.00572	0.00321	0.01017
28	0.00941	0.00670	0.00896	0.01057	0.01118	0.00637	0.00747	0.01096	0.01423	0.01889	0.03903	0.59906	0.04606	0.05499	0.01066	0.00320	0.00476	0.12492	0.00663	0.00597
29	0.01445	0.01365	0.02310	0.61185	0.15965	0.01634	0.02055	0.01920	0.01488	0.01945	0.01305	0.01915	0.01000	0.00713	0.00726	0.00238	0.00951	0.00646	0.00329	0.00866
30	0.01739	0.01883	0.02347	0.19601	0.02932	0.16318	0.09718	0.02050	0.01474	0.01849	0.01220	0.01771	0.01045	0.01296	0.07218	0.00334	0.25400	0.00643	0.00343	0.00819
31	0.00886	0.00633	0.00843	0.01012	0.01054	0.00590	0.00675	0.01012	0.01392	0.01856	0.04006	0.73979	0.04808	0.02277	0.00928	0.00295	0.00422	0.02066	0.00675	0.00590
32	0.00904	0.00647	0.00860	0.01000	0.01058	0.00603	0.00676	0.01059	0.01478	0.01992	0.12459	0.65138	0.05072	0.02175	0.00919	0.00287	0.00412	0.01969	0.00691	0.00603
33	0.01373	0.01292	0.02180	0.72707	0.05006	0.01615	0.02019	0.01857	0.01453	0.01857	0.01292	0.01938	0.00969	0.00727	0.00727	0.00242	0.00969	0.00646	0.00323	0.00807
34	0.05707	0.02012	0.02139	0.01645	0.02222	0.02230	0.01359	0.64991	0.03334	0.04531	0.01717	0.01724	0.01219	0.00865	0.00717	0.00218	0.00791	0.00644	0.00717	0.01219
35	0.00931	0.00665	0.00896	0.01064	0.01126	0.00630	0.00754	0.01091	0.01437	0.01907	0.03981	0.63495	0.04708	0.02234	0.00940	0.00301	0.00461	0.12102	0.00674	0.00603
36	0.01849	0.01822	0.02902	0.04321	0.66235	0.05528	0.02186	0.02267	0.01677	0.02342	0.01354	0.01772	0.01140	0.00653	0.00716	0.00214	0.00888	0.00638	0.00361	0.01135
37	0.01563	0.01290	0.01513	0.01083	0.01727	0.00972	0.00868	0.01884	0.01525	0.04513	0.01342	0.01538	0.01099	0.00550	0.00544	0.00111	0.00541	0.00440	0.00445	0.76451
38	0.01599	0.01441	0.02271	0.28287	0.05856	0.01581	0.11148	0.11344	0.01759	0.02381	0.01748	0.12017	0.01585	0.00965	0.00865	0.00238	0.05569	0.00858	0.00449	0.08038
39	0.01615	0.01800	0.03873	0.02816	0.03467	0.01688	0.59234	0.02169	0.01677	0.02271	0.01777	0.10661	0.01550	0.00814	0.00866	0.00251	0.01128	0.01004	0.00405	0.00933
40	0.01009	0.00742	0.00944	0.00894	0.01074	0.00677	0.00670	0.01333	0.02010	0.02803	0.62211	0.05614	0.14253	0.01528	0.00858	0.00231	0.00346	0.01340	0.00785	0.00677
41	0.01460	0.00779	0.00790	0.00752	0.00952	0.00795	0.00573	0.06599	0.01666	0.02850	0.02325	0.02638	0.01816	0.00849	0.00524	0.00173	0.00373	0.00676	0.72693	0.00719
42	0.03261	0.01237	0.01687	0.01293	0.01856	0.01068	0.01068	0.03543	0.02081	0.70423	0.02868	0.02474	0.01799	0.00900	0.00731	0.00225	0.00619	0.00731	0.00900	0.01237
43	0.01102	0.00759	0.00995	0.00927	0.01111	0.00698	0.00698	0.01443	0.02058	0.05125	0.67353	0.05333	0.06693	0.01467	0.00853	0.00229	0.00352	0.01295	0.00803	0.00704
44	0.00884	0.00637	0.00839	0.01000	0.01051	0.00591	0.00669	0.01014	0.01404	0.01860	0.04158	0.70948	0.07741	0.02258	0.00925	0.00293	0.00419	0.02042	0.00675	0.00591
45	0.01414	0.01347	0.02255	0.42997	0.08307	0.01598	0.07780	0.01879	0.03644	0.01961	0.01649	0.10385	0.01484	0.00964	0.00950	0.00256	0.09077	0.00837	0.00384	0.00831
46	0.02568	0.01776	0.02008	0.01586	0.02074	0.01958	0.01300	0.48325	0.02880	0.12399	0.01968	0.06134	0.01517	0.01147	0.03310	0.00264	0.06185	0.00750	0.00704	0.01145
47	0.01716	0.01961	0.04289	0.03064	0.03799	0.01838	0.67279	0.02328	0.01716	0.02328	0.01471	0.01961	0.01103	0.00613	0.00858	0.00245	0.01225	0.00858	0.00368	0.00980
48	0.02324	0.13827	0.11312	0.01740	0.07180	0.05277	0.01477	0.19647	0.06175	0.16613	0.05891	0.02033	0.01635	0.00834	0.00685	0.00212	0.00785	0.00652	0.00600	0.01102
49	0.01943	0.74891	0.03809	0.01244	0.01866	0.02876	0.01244	0.02177	0.01477	0.01710	0.01011	0.01166	0.00933	0.00622	0.00466	0.00155	0.00777	0.00389	0.00311	0.00933
50	0.01592	0.03572	0.65544	0.02014	0.03050	0.01642	0.02565	0.02394	0.01575	0.07380	0.01421	0.01605	0.00986	0.00706	0.00694	0.00230	0.01040	0.00552	0.00351	0.01086
51	0.01373	0.01292	0.02180	0.72707	0.05006	0.01615	0.02019	0.01857	0.01453	0.01857	0.01292	0.01938	0.00969	0.00727	0.00727	0.00242	0.00969	0.00646	0.00323	0.00807
52	0.00978	0.00741	0.00901	0.00861	0.01055	0.00664	0.00646	0.01273	0.01937	0.02629	0.50871	0.05900	0.25702	0.01593	0.00858	0.00234	0.00351	0.01380	0.00763	0.00664
53	0.03261	0.01237	0.01687	0.01293	0.01856	0.01068	0.01068	0.03543	0.02081	0.70423	0.02868	0.02474	0.01799	0.00900	0.00731	0.00225	0.00619	0.00731	0.00900	0.01237
54	0.00886	0.00633	0.00843	0.01012	0.01054	0.00590	0.00675	0.01012	0.01392	0.01856	0.04006	0.73979	0.04808	0.02277	0.00928	0.00295	0.00422	0.02066	0.00675	0.00590
55	0.01823	0.04411	0.13387	0.08964	0.29130	0.10687	0.11145	0.04296	0.01730	0.02277	0.01444	0.01988	0.01194	0.00735	0.00732	0.00224	0.01000	0.03435	0.00375	0.01022
56	0.01035	0.00700	0.00822	0.00843	0.00856	0.00703	0.00498	0.01066	0.01105	0.01481	0.02482	0.13195	0.02860	0.61342	0.07482	0.00682	0.00745	0.01165	0.00466	0.00472
57	0.01057	0.00705	0.00793	0.00793	0.00793	0.00705	0.00440	0.01057	0.01057	0.01409	0.02290	0.04757	0.02643	0.74454	0.03700	0.00705	0.00705	0.01057	0.00440	0.00440
58	0.01038	0.00779	0.01168	0.01168	0.01298	0.00909	0.00909	0.01298	0.01168	0.01687	0.01947	0.02856	0.01817	0.05452	0.71573	0.01168	0.01947	0.00779	0.00389	0.00649
59	0.01263	0.00631	0.00947	0.00947	0.00947	0.00631	0.00631	0.00947	0.00947	0.01263	0.01263	0.02210	0.01263	0.02525	0.02841	0.78851	0.00631	0.00631	0.00316	0.00316
60	0.03261	0.01237	0.01687	0.01293	0.01856	0.01068	0.01068	0.03543	0.02081	0.70423	0.02868	0.02474	0.01799	0.00900	0.00731	0.00225	0.00619	0.00731	0.00900	0.01237
61	0.04256	0.72702	0.03727	0.01235	0.01852	0.02839	0.01230	0.02175	0.01470	0.01756	0.01011	0.01166	0.00928	0.00623	0.00466	0.00158	0.00771	0.00389	0.00315	0.00928
62	0.01443	0.01426	0.02576	0.57657	0.04692	0.01674	0.14228	0.01942	0.01493	0.01942	0.01316	0.01932	0.00994	0.00721	0.00798	0.00245	0.03064	0.00685	0.00331	0.00840
63	0.01670	0.01888	0.04102	0.02952	0.03650	0.01770	0.63653	0.02257	0.01698	0.02303	0.01609	0.05882	0.01305	0.00703	0.00862	0.00248	0.01182	0.00924	0.00384	0.00959
64	0.01263	0.00631	0.00947	0.00947	0.00947	0.00631	0.00631	0.00947	0.00947	0.01263	0.01263	0.02210	0.01263	0.02525	0.02841	0.78851	0.00631	0.00631	0.00316	0.00316
65	0.01373	0.01292	0.02180	0.72707	0.05006	0.01615	0.02019	0.01857	0.01453	0.01857	0.01292	0.01938	0.00969	0.00727	0.00727	0.00242	0.00969	0.00646	0.00323	0.00807
66	0.01038	0.00779	0.01168	0.01168	0.01298	0.00909	0.00909	0.01298	0.01168	0.01687	0.01947	0.02856	0.01817	0.05452	0.71573	0.01168	0.01947	0.00779	0.00389	0.00649
67	0.01423	0.01343	0.02337	0.59622	0.09272	0.01597	0.06838	0.01879	0.01465	0.01903	0.01309	0.01942	0.01005	0.00791	0.00828	0.03667	0.00966	0.00661	0.00329	0.00823
68	0.01590	0.01590	0.02226	0.01908	0.01908	0.02226	0.01590	0.01749	0.01113	0.01749	0.00954	0.01590	0.00954	0.01272	0.02385	0.00318	0.73123	0.00636	0.00318	0.00795
69	0.01938	0.55293	0.03333	0.01396	0.01890	0.09289	0.01298	0.02158	0.01471	0.01722	0.01043	0.01294	0.00964	0.00879	0.02998	0.00214	0.11161	0.00444	0.00321	0.00896
70	0.01593	0.01363	0.01643	0.01220	0.01827	0.01137	0.03455	0.05584	0.07657	0.02533	0.01553	0.03769	0.01298	0.00651	0.00590	0.00137	0.00579	0.00542	0.00479	0.62389
71	0.01018	0.00816	0.00892	0.00867	0.01111	0.00733	0.00670	0.04757	0.01826	0.02293	0.17913	0.06524	0.49498	0.01738	0.00863	0.00248	0.00411	0.06457	0.00700	0.00665
72	0.01019	0.00743	0.00958	0.00904	0.01080	0.00682	0.00678	0.01352	0.02034	0.02858	0.65827	0.05523	0.10603	0.01507	0.00857	0.00230	0.00344	0.01328	0.00793	0.00682
73	0.01038	0.00779	0.01168	0.01168	0.01298	0.00909	0.00909	0.01298	0.01168	0.01687	0.01947	0.02856	0.01817	0.05452	0.71573	0.01168	0.01947	0.00779	0.00389	0.00649
74	0.01180	0.01008	0.01265	0.01246	0.01383	0.06216	0.00964	0.01422	0.01244	0.01706	0.01953	0.06556	0.01875	0.04739	0.59309	0.01009	0.05038	0.00819	0.00401	0.00667
75	0.02079	0.01210	0.01460	0.01239	0.01626	0.01212	0.00993	0.11749	0.13143	0.23131	0.21174	0.03710	0.05310	0.01164	0.00779	0.00234	0.00548	0.04830	0.03412	0.01000
76	0.01152	0.00823	0.01149	0.01317	0.01475	0.00820	0.01138	0.01473	0.01654	0.02154	0.03859	0.12651	0.04226	0.02026	0.00999	0.00332	0.00653	0.60766	0.00670	0.00664
77	0.00886	0.00633	0.00843	0.01012	0.01054	0.00590	0.00675	0.01012	0.01392	0.01856	0.04006	0.73979	0.04808	0.02277	0.00928	0.00295	0.00422	0.02066	0.00675	0.00590
78	0.05040	0.11764	0.36598	0.02218	0.06232	0.05003	0.16266	0.02279	0.01572	0.02239	0.01306	0.01609	0.00995	0.00808	0.02816	0.00250	0.01075	0.00592	0.00335	0.01005
79	0.01034	0.00775	0.00975	0.00932	0.01142	0.00687	0.02532	0.01284	0.01781	0.04685	0.29742	0.16706	0.31624	0.01710	0.00865	0.00246	0.00400	0.01489	0.00721	0.00669
80	0.00886	0.00633	0.00843	0.01012	0.01054	0.00590	0.00675	0.01012	0.01392	0.01856	0.04006	0.73979	0.04808	0.02277	0.00928	0.00295	0.00422	0.02066	0.00675	0.00590
81	0.15604	0.01931	0.01995	0.01553	0.02112	0.02150	0.01282	0.56571	0.03053	0.04361	0.01623	0.01651	0.01161	0.00840	0.00681	0.00219	0.00760	0.00611	0.00681	0.01161
82	0.01721	0.01641	0.02766	0.16975	0.55713	0.01709	0.02157	0.02215	0.03795	0.02301	0.01405	0.01854	0.01152	0.00673	0.00722	0.00222	0.00874	0.00653	0.00365	0.01088
83	0.01808	0.01561	0.01644	0.01479	0.01890	0.01808	0.01151	0.03863	0.68606	0.03041	0.02959	0.02712	0.02219	0.00986	0.00740	0.00247	0.00575	0.00822	0.00740	0.01151
84	0.01871	0.01750	0.02893	0.04254	0.64876	0.01766	0.02168	0.07096	0.01787	0.02539	0.01395	0.01795	0.01158	0.00664	0.00720	0.00216	0.00859	0.00648	0.00387	0.01158
85	0.00916	0.00658	0.00876	0.01039	0.01101	0.00618	0.00725	0.01067	0.01431	0.01894	0.04096	0.64742	0.06792	0.02234	0.00934	0.00298	0.00447	0.08861	0.00674	0.00600
86	0.01331	0.00685	0.00714	0.00714	0.00881	0.00695	0.00538	0.01664	0.01498	0.02634	0.02340	0.02721	0.01860	0.01190	0.05805	0.00244	0.00459	0.00685	0.72668	0.00675
87	0.01716	0.01961	0.04289	0.03064	0.03799	0.01838	0.67279	0.02328	0.01716	0.02328	0.01471	0.01961	0.01103	0.00613	0.00858	0.00245	0.01225	0.00858	0.00368	0.00980
88	0.79588	0.01406	0.01068	0.00956	0.01406	0.01631	0.00787	0.02137	0.01237	0.03261	0.01012	0.01181	0.00787	0.00675	0.00450	0.00225	0.00562	0.00394	0.00450	0.00787
89	0.03261	0.01237	0.01687	0.01293	0.01856	0.01068	0.01068	0.03543	0.02081	0.70423	0.02868	0.02474	0.01799	0.00900	0.00731	0.00225	0.00619	0.00731	0.00900	0.01237
90	0.01623	0.01547	0.02632	0.32716	0.43045	0.01681	0.02143	0.02076	0.01572	0.02161	0.01336	0.01857	0.01076	0.00680	0.00723	0.00227	0.00907	0.00647	0.00345	0.01009
91	0.01373	0.01292	0.02180	0.72707	0.05006	0.01615	0.02019	0.01857	0.01453	0.01857	0.01292	0.01938	0.00969	0.00727	0.00727	0.00242	0.00969	0.00646	0.00323	0.00807
92	0.00982	0.00741	0.00906	0.00865	0.01057	0.00666	0.00649	0.01280	0.01946	0.02651	0.52255	0.05865	0.24305	0.01585	0.00858	0.00233	0.00350	0.01376	0.00765	0.00666
93	0.00882	0.00645	0.00831	0.00980	0.01046	0.00593	0.00660	0.01016	0.01423	0.01868	0.04403	0.66067	0.12464	0.02226	0.00920	0.00289	0.00415	0.02004	0.00675	0.00593
94	0.01422	0.01336	0.02239	0.49293	0.14695	0.01573	0.03749	0.01864	0.01515	0.02019	0.06039	0.04419	0.01525	0.00839	0.00826	0.00243	0.04437	0.00742	0.00374	0.00851
95	0.00886	0.00633	0.00843	0.01012	0.01054	0.00590	0.00675	0.01012	0.01392	0.01856	0.04006	0.73979	0.04808	0.02277	0.00928	0.00295	0.00422	0.02066	0.00675	0.00590
96	0.01161	0.00833	0.01157	0.01318	0.01488	0.00829	0.01150	0.01490	0.01673	0.02168	0.03968	0.08159	0.06396	0.02002	0.00999	0.00332	0.00659	0.62880	0.00670	0.00667
97	0.02443	0.01371	0.01841	0.09231	0.08621	0.01394	0.01299	0.07890	0.14216	0.34056	0.04432	0.02449	0.01836	0.01112	0.04207	0.00276	0.00742	0.00745	0.00717	0.01122
98	0.01385	0.01284	0.02151	0.68217	0.06767	0.01586	0.01973	0.01863	0.01462	0.01902	0.01331	0.01961	0.01005	0.00729	0.00719	0.00239	0.00944	0.00647	0.03024	0.00813
99	0.01373	0.01292	0.02180	0.72707	0.05006	0.01615	0.02019	0.01857	0.01453	0.01857	0.01292	0.01938	0.00969	0.00727	0.00727	0.00242	0.00969	0.00646	0.00323	0.00807
100	0.41457	0.01370	0.01646	0.32865	0.06100	0.01628	0.01398	0.02017	0.01352	0.02600	0.01152	0.01544	0.00884	0.00697	0.00585	0.00232	0.00756	0.00517	0.00390	0.00813
101	0.00865	0.00737	0.00745	0.00743	0.00985	0.00616	0.00557	0.01055	0.01671	0.01997	0.09518	0.06941	0.67449	0.01829	0.00859	0.00245	0.00367	0.01527	0.00679	0.00616
102	0.01520	0.02274	0.28901	0.07021	0.02595	0.01501	0.05368	0.04067	0.01608	0.04366	0.09075	0.02110	0.01701	0.00995	0.03281	0.00254	0.09226	0.00663	0.00421	0.13055
103	0.01274	0.01006	0.01538	0.34976	0.02956	0.01142	0.03425	0.01648	0.01481	0.02116	0.02330	0.14437	0.04974	0.01067	0.00709	0.00231	0.00682	0.00940	0.22336	0.00732
104	0.04278	0.01558	0.05047	0.29068	0.03208	0.01710	0.05639	0.12325	0.11549	0.02559	0.01641	0.02008	0.01254	0.00906	0.00933	0.03798	0.06221	0.00673	0.04708	0.00916
105	0.01570	0.01334	0.01540	0.01119	0.01751	0.01059	0.00895	0.04446	0.04870	0.02486	0.01391	0.01575	0.01139	0.00573	0.00555	0.00119	0.00550	0.00458	0.00457	0.72110
106	0.01490	0.03470	0.61604	0.04450	0.07688	0.01693	0.02582	0.02336	0.03797	0.02318	0.01364	0.01605	0.00982	0.00699	0.00695	0.00230	0.01040	0.00558	0.00326	0.01074
107	0.02896	0.18394	0.04464	0.01308	0.01901	0.01508	0.01163	0.03185	0.01923	0.52239	0.02385	0.02140	0.01569	0.00828	0.00668	0.00209	0.00670	0.00645	0.00744	0.01161
108	0.01057	0.00705	0.00793	0.00793	0.00793	0.00705	0.00440	0.01057	0.01057	0.01409	0.02290	0.04757	0.02643	0.74454	0.03700	0.00705	0.00705	0.01057	0.00440	0.00440
109	0.56135	0.01512	0.01377	0.04633	0.01774	0.01715	0.00980	0.14854	0.01722	0.07634	0.01283	0.01408	0.00946	0.00730	0.00535	0.00224	0.00632	0.00477	0.00525	0.00903
110	0.01223	0.00926	0.01116	0.01096	0.01221	0.04368	0.00830	0.01459	0.01296	0.01920	0.02104	0.07544	0.01997	0.09737	0.36248	0.00732	0.06180	0.00840	0.18511	0.00653
111	0.01059	0.00727	0.00957	0.00956	0.01102	0.00670	0.00695	0.01336	0.01862	0.04800	0.48071	0.25518	0.06090	0.01700	0.00874	0.00248	0.00375	0.01517	0.00766	0.00676
112	0.01171	0.00837	0.01171	0.01339	0.01506	0.00837	0.01171	0.01506	0.01673	0.02175	0.03849	0.08199	0.04183	0.02008	0.01004	0.00335	0.00669	0.65027	0.00669	0.00669
113	0.01002	0.00737	0.00937	0.00897	0.01072	0.00673	0.00669	0.01315	0.01979	0.02751	0.58997	0.08611	0.14525	0.01564	0.00861	0.00234	0.00349	0.01374	0.00779	0.00673
114	0.02845	0.01906	0.02101	0.01611	0.02189	0.02060	0.01330	0.57046	0.03199	0.15340	0.01929	0.01864	0.01328	0.00877	0.00728	0.00219	0.00770	0.00667	0.00755	0.01236
115	0.01043	0.00759	0.01067	0.01067	0.01162	0.00854	0.00783	0.01233	0.01138	0.01613	0.02039	0.03367	0.02039	0.24004	0.53325	0.01044	0.01613	0.00854	0.00403	0.00593
116	0.02763	0.02036	0.02182	0.01672	0.02254	0.02254	0.01382	0.67496	0.03418	0.04581	0.01745	0.01745	0.01236	0.00873	0.00727	0.00218	0.00800	0.00654	0.00727	0.01236
117	0.01373	0.01292	0.02180	0.72707	0.05006	0.01615	0.02019	0.01857	0.01453	0.01857	0.01292	0.01938	0.00969	0.00727	0.00727	0.00242	0.00969	0.00646	0.00323	0.00807
118	0.03261	0.01237	0.01687	0.01293	0.01856	0.01068	0.01068	0.03543	0.02081	0.70423	0.02868	0.02474	0.01799	0.00900	0.00731	0.00225	0.00619	0.00731	0.00900	0.01237
119	0.79588	0.01406	0.01068	0.00956	0.01406	0.01631	0.00787	0.02137	0.01237	0.03261	0.01012	0.01181	0.00787	0.00675	0.00450	0.00225	0.00562	0.00394	0.00450	0.00787
120	0.01751	0.01804	0.02790	0.09272	0.29113	0.06834	0.11295	0.02112	0.01509	0.02089	0.01232	0.01736	0.01053	0.00848	0.01246	0.00252	0.23093	0.00661	0.00346	0.00966
121	0.00928	0.00645	0.00851	0.00982	0.01033	0.00604	0.00657	0.01028	0.01386	0.01847	0.07061	0.59654	0.06948	0.05508	0.01190	0.06164	0.00444	0.01857	0.00644	0.00569
122	0.01373	0.01292	0.02180	0.72707	0.05006	0.01615	0.02019	0.01857	0.01453	0.01857	0.01292	0.01938	0.00969	0.00727	0.00727	0.00242	0.00969	0.00646	0.00323	0.00807
123	0.02058	0.21631	0.02848	0.05685	0.25481	0.21423	0.01685	0.02353	0.01673	0.01967	0.01173	0.01487	0.01012	0.00716	0.00751	0.00200	0.06015	0.00528	0.00346	0.00968
124	0.03261	0.01237	0.01687	0.01293	0.01856	0.01068	0.01068	0.03543	0.02081	0.70423	0.02868	0.02474	0.01799	0.00900	0.00731	0.00225	0.00619	0.00731	0.00900	0.01237
125	0.01048	0.00755	0.01026	0.01186	0.01310	0.00733	0.00954	0.01297	0.01566	0.02044	0.04081	0.32953	0.07627	0.02101	0.00968	0.00315	0.00561	0.38165	0.00672	0.00637
126	0.05454	0.01697	0.03275	0.18676	0.18254	0.01725	0.33311	0.02161	0.01604	0.02260	0.01401	0.01910	0.01090	0.00799	0.02976	0.00266	0.01080	0.00740	0.00361	0.00959
127	0.00993	0.00738	0.00924	0.00884	0.01066	0.00669	0.00661	0.01299	0.01962	0.02705	0.55911	0.07842	0.18504	0.01577	0.00860	0.00234	0.00350	0.01379	0.00773	0.00669
128	0.00898	0.00638	0.00840	0.00996	0.01035	0.00599	0.00657	0.01015	0.01367	0.01822	0.03878	0.68819	0.04646	0.07657	0.01134	0.00326	0.00443	0.01991	0.00657	0.00579
129	0.02067	0.01974	0.01809	0.05069	0.02152	0.15600	0.01268	0.10295	0.45303	0.02897	0.02387	0.02296	0.01801	0.00915	0.00721	0.00232	0.00763	0.00726	0.00646	0.01082
130	0.00983	0.00703	0.00936	0.01032	0.01132	0.00665	0.00755	0.01205	0.01623	0.02205	0.23156	0.39950	0.05222	0.04674	0.01023	0.00298	0.00452	0.12659	0.00702	0.00626
131	0.01171	0.00837	0.01171	0.01339	0.01506	0.00837	0.01171	0.01506	0.01673	0.02175	0.03849	0.08199	0.04183	0.02008	0.01004	0.00335	0.00669	0.65027	0.00669	0.00669
132	0.01696	0.02095	0.09239	0.02990	0.03750	0.01827	0.62465	0.02326	0.01702	0.02326	0.01458	0.01929	0.01089	0.00619	0.00845	0.00244	0.01214	0.00834	0.00363	0.00987
133	0.01663	0.01588	0.02704	0.26275	0.49172	0.01691	0.02163	0.02111	0.01591	0.02209	0.01343	0.01843	0.01093	0.00673	0.00722	0.00224	0.00897	0.00647	0.00348	0.01041
134	0.03180	0.01355	0.04259	0.01334	0.01915	0.01127	0.01138	0.05416	0.02100	0.65922	0.02776	0.02417	0.01750	0.00891	0.00729	0.00225	0.00641	0.00722	0.00873	0.01231
135	0.71418	0.01424	0.01228	0.01228	0.06527	0.01620	0.00904	0.02187	0.01294	0.05282	0.01096	0.01267	0.00846	0.00680	0.00479	0.00224	0.00587	0.00423	0.00457	0.00828
136	0.00980	0.00764	0.00892	0.00864	0.01069	0.00691	0.00646	0.01307	0.04164	0.02483	0.38873	0.08614	0.32719	0.01647	0.00857	0.00239	0.00364	0.01418	0.00741	0.00668
137	0.01624	0.03465	0.60182	0.02066	0.03072	0.01718	0.05705	0.07201	0.01701	0.04590	0.01394	0.01600	0.00981	0.00707	0.00703	0.00230	0.01047	0.00568	0.00360	0.01087
138	0.01397	0.01174	0.01389	0.01065	0.01604	0.00902	0.00828	0.01685	0.01487	0.02277	0.01776	0.14421	0.01741	0.00848	0.00608	0.00141	0.00518	0.00722	0.00474	0.64944
139	0.02281	0.43608	0.03043	0.01519	0.02033	0.32947	0.01314	0.02495	0.01732	0.01740	0.01060	0.01229	0.00934	0.00678	0.00549	0.00169	0.01011	0.00423	0.00339	0.00893
140	0.00897	0.00641	0.00853	0.01005	0.01057	0.00598	0.00676	0.01040	0.01443	0.01937	0.09037	0.68717	0.04965	0.02217	0.00922	0.00290	0.00416	0.02009	0.00684	0.00598
141	0.05081	0.01533	0.01702	0.01420	0.01833	0.01645	0.01124	0.40447	0.02631	0.08461	0.02480	0.23521	0.02335	0.01290	0.00778	0.00242	0.00664	0.01075	0.00714	0.01025
142	0.00906	0.00742	0.00801	0.00796	0.01023	0.00637	0.00603	0.01128	0.01740	0.02167	0.20001	0.06720	0.54223	0.01774	0.00864	0.00245	0.00375	0.03922	0.00701	0.00631
143	0.01331	0.00685	0.00714	0.00714	0.00881	0.00695	0.00538	0.01664	0.01498	0.02634	0.02340	0.02721	0.01860	0.01190	0.05805	0.00244	0.00459	0.00685	0.72668	0.00675
144	0.02715	0.03464	0.02060	0.01873	0.02247	0.71536	0.01404	0.02903	0.02060	0.01779	0.01124	0.01311	0.00936	0.00749	0.00655	0.00187	0.01311	0.00468	0.00375	0.00843
145	0.01703	0.01464	0.01547	0.01399	0.01787	0.01670	0.01086	0.03544	0.60715	0.02955	0.06189	0.03150	0.07446	0.01072	0.00754	0.00246	0.00550	0.00896	0.00737	0.01090
146	0.03008	0.01263	0.01659	0.01305	0.01836	0.01150	0.01067	0.03516	0.10526	0.59780	0.04942	0.02596	0.02009	0.00929	0.00736	0.00228	0.00605	0.00761	0.00876	0.01209
147	0.00888	0.00736	0.00779	0.00790	0.01017	0.00628	0.00596	0.01088	0.01677	0.02044	0.12014	0.10207	0.58579	0.01841	0.00869	0.00250	0.00382	0.04310	0.00685	0.00621
148	0.01485	0.08709	0.01867	0.01482	0.01638	0.07838	0.01212	0.01703	0.01272	0.01759	0.01445	0.02096	0.01347	0.02895	0.30954	0.00641	0.26903	0.00658	0.03348	0.00747
149	0.01079	0.00758	0.00966	0.00905	0.01098	0.00689	0.00682	0.01401	0.02011	0.04929	0.60086	0.05522	0.14119	0.01510	0.00854	0.00230	0.00355	0.01322	0.00789	0.00695
150	0.00903	0.00640	0.00838	0.00990	0.01028	0.00602	0.00651	0.01017	0.01358	0.01811	0.03835	0.67060	0.04591	0.09492	0.01205	0.00336	0.00450	0.01966	0.00651	0.00575
151	0.01011	0.00739	0.00949	0.00904	0.01077	0.00677	0.00675	0.01335	0.02005	0.02807	0.62598	0.07856	0.11568	0.01540	0.00860	0.00232	0.00348	0.01357	0.00786	0.00677
152	0.01503	0.01454	0.05304	0.15445	0.33471	0.01416	0.01860	0.01932	0.01632	0.02239	0.04186	0.03775	0.02162	0.01083	0.00806	0.00256	0.00819	0.19272	0.00454	0.00933
153	0.52471	0.01378	0.01290	0.01088	0.01553	0.01500	0.00890	0.07283	0.01584	0.18972	0.01512	0.01572	0.01079	0.00826	0.00644	0.03783	0.00596	0.00503	0.00570	0.00905
154	0.02498	0.12594	0.05413	0.01885	0.04736	0.54880	0.01465	0.02785	0.03882	0.01853	0.01180	0.01361	0.00980	0.00733	0.00637	0.00188	0.01193	0.00478	0.00373	0.00885
155	0.01673	0.01755	0.06362	0.26180	0.43207	0.03974	0.02160	0.02137	0.01597	0.02185	0.01332	0.01813	0.01073	0.00679	0.00718	0.00224	0.00924	0.00635	0.00346	0.01027
156	0.00930	0.00692	0.00875	0.01007	0.01100	0.00650	0.00704	0.01142	0.03637	0.01932	0.04479	0.56980	0.14666	0.02150	0.00916	0.00289	0.00435	0.06122	0.00677	0.00617
157	0.01605	0.14137	0.54922	0.02055	0.06551	0.01847	0.02396	0.02318	0.01550	0.04335	0.01313	0.01524	0.00962	0.00685	0.00660	0.00218	0.01005	0.00527	0.00329	0.01063
158	0.01752	0.01661	0.02818	0.04229	0.64820	0.01661	0.02152	0.02177	0.01657	0.02360	0.01552	0.02276	0.01377	0.00749	0.00741	0.00225	0.00849	0.05447	0.00383	0.01115
159	0.03261	0.01237	0.01687	0.01293	0.01856	0.01068	0.01068	0.03543	0.02081	0.70423	0.02868	0.02474	0.01799	0.00900	0.00731	0.00225	0.00619	0.00731	0.00900	0.01237
160	0.00919	0.00654	0.00869	0.01024	0.01078	0.00617	0.00702	0.01061	0.01418	0.01891	0.05842	0.64048	0.04727	0.05380	0.01052	0.00314	0.00450	0.06694	0.00668	0.00593
161	0.01469	0.01368	0.02271	0.62320	0.12584	0.01649	0.02023	0.04050	0.01542	0.02008	0.01316	0.01915	0.00999	0.00722	0.00726	0.00238	0.00951	0.00646	0.00341	0.00862
162	0.01070	0.00741	0.00827	0.00819	0.00858	0.00740	0.00484	0.01173	0.03722	0.01561	0.04813	0.04867	0.07752	0.63927	0.03285	0.00638	0.00663	0.01092	0.00481	0.00488
163	0.01049	0.00691	0.00907	0.01011	0.01101	0.00643	0.00700	0.01203	0.01481	0.05661	0.09072	0.55357	0.06693	0.06670	0.01088	0.00312	0.00453	0.04599	0.00682	0.00628
164	0.03945	0.08686	0.52950	0.02249	0.08626	0.01789	0.07298	0.02284	0.01545	0.02295	0.01291	0.01550	0.00950	0.00676	0.00681	0.00224	0.01030	0.00555	0.00321	0.01054
165	0.01373	0.01292	0.02180	0.72707	0.05006	0.01615	0.02019	0.01857	0.01453	0.01857	0.01292	0.01938	0.00969	0.00727	0.00727	0.00242	0.00969	0.00646	0.00323	0.00807
166	0.01171	0.00837	0.01171	0.01339	0.01506	0.00837	0.01171	0.01506	0.01673	0.02175	0.03849	0.08199	0.04183	0.02008	0.01004	0.00335	0.00669	0.65027	0.00669	0.00669
167	0.01693	0.01853	0.03870	0.03196	0.15455	0.01756	0.52041	0.02259	0.01723	0.02369	0.05158	0.02121	0.01425	0.00667	0.00833	0.00239	0.01113	0.00845	0.00390	0.00995
168	0.00925	0.00677	0.00870	0.00952	0.01056	0.00622	0.00664	0.01123	0.01621	0.02185	0.23986	0.45960	0.12692	0.01992	0.00899	0.00270	0.00392	0.01782	0.00712	0.00622
169	0.01176	0.00798	0.01016	0.00939	0.01149	0.00738	0.00712	0.01554	0.04070	0.07020	0.57815	0.05302	0.11995	0.01466	0.00846	0.00230	0.00369	0.01283	0.00793	0.00728
170	0.69030	0.01647	0.08335	0.03313	0.01699	0.01636	0.01023	0.02145	0.01275	0.03118	0.01051	0.01241	0.00807	0.00678	0.00484	0.00226	0.00628	0.00416	0.00431	0.00818
171	0.00860	0.00733	0.00740	0.00745	0.00984	0.00613	0.00556	0.01042	0.01649	0.01960	0.07259	0.09088	0.67600	0.01855	0.00861	0.00247	0.00370	0.01551	0.00675	0.00613
172	0.02001	0.01645	0.08838	0.01722	0.08160	0.03324	0.01363	0.03010	0.26417	0.18262	0.05125	0.03258	0.04512	0.01057	0.00766	0.00245	0.00679	0.07873	0.00679	0.01067
173	0.01507	0.01292	0.01507	0.01077	0.01723	0.00969	0.00861	0.01830	0.01507	0.02369	0.01292	0.01507	0.01077	0.00538	0.00538	0.00108	0.00538	0.00431	0.00431	0.78898
174	0.02581	0.16051	0.02374	0.01754	0.02180	0.56818	0.01375	0.05168	0.02007	0.01871	0.01127	0.01301	0.00947	0.00731	0.00625	0.00183	0.01198	0.00461	0.00376	0.00873
175	0.01120	0.00982	0.06182	0.01006	0.01259	0.00769	0.00842	0.01494	0.02007	0.04804	0.60587	0.05102	0.08211	0.01421	0.00841	0.00229	0.00406	0.01246	0.00762	0.00729
176	0.01009	0.00732	0.00952	0.00919	0.01080	0.00674	0.00681	0.01325	0.01978	0.02779	0.61033	0.12463	0.08491	0.01577	0.00865	0.00236	0.00352	0.01398	0.00784	0.00674
177	0.01857	0.01551	0.01645	0.01473	0.01889	0.01783	0.01148	0.03852	0.66357	0.05319	0.02956	0.02704	0.02205	0.00983	0.00739	0.00246	0.00577	0.00819	0.00745	0.01153
178	0.01038	0.00779	0.01168	0.01168	0.01298	0.00909	0.00909	0.01298	0.01168	0.01687	0.01947	0.02856	0.01817	0.05452	0.71573	0.01168	0.01947	0.00779	0.00389	0.00649
179	0.02715	0.03464	0.02060	0.01873	0.02247	0.71536	0.01404	0.02903	0.02060	0.01779	0.01124	0.01311	0.00936	0.00749	0.00655	0.00187	0.01311	0.00468	0.00375	0.00843
180	0.01459	0.00777	0.00788	0.00751	0.00950	0.00794	0.00572	0.06537	0.01664	0.02848	0.02325	0.02639	0.01817	0.00849	0.00524	0.00173	0.00373	0.00676	0.72766	0.00719
181	0.00904	0.00646	0.00865	0.01033	0.01084	0.00607	0.00707	0.01044	0.01410	0.01876	0.03996	0.69683	0.04767	0.02260	0.00933	0.00298	0.00438	0.06178	0.00674	0.00596
182	0.00859	0.00736	0.00736	0.00736	0.00982	0.00614	0.00552	0.01043	0.01657	0.01964	0.07364	0.06996	0.69624	0.01841	0.00859	0.00245	0.00368	0.01534	0.00675	0.00614
183	0.01714	0.01630	0.02769	0.13505	0.58206	0.01673	0.02156	0.02149	0.01629	0.02296	0.01465	0.02097	0.01259	0.00718	0.00733	0.00225	0.00869	0.03454	0.00368	0.01084
184	0.79588	0.01406	0.01068	0.00956	0.01406	0.01631	0.00787	0.02137	0.01237	0.03261	0.01012	0.01181	0.00787	0.00675	0.00450	0.00225	0.00562	0.00394	0.00450	0.00787
185	0.01038	0.00779	0.01168	0.01168	0.01298	0.00909	0.00909	0.01298	0.01168	0.01687	0.01947	0.02856	0.01817	0.05452	0.71573	0.01168	0.01947	0.00779	0.00389	0.00649
186	0.01355	0.00678	0.00678	0.00678	0.00847	0.00678	0.00508	0.01694	0.01524	0.02710	0.02371	0.02710	0.01863	0.00847	0.00508	0.00169	0.00339	0.00678	0.78489	0.00678
187	0.01981	0.58678	0.10953	0.01409	0.02051	0.10817	0.01421	0.02276	0.01552	0.01783	0.01056	0.01224	0.00932	0.00644	0.00513	0.00167	0.00873	0.00414	0.00318	0.00938
188	0.01189	0.00804	0.01079	0.01171	0.04296	0.00746	0.00833	0.01449	0.01749	0.07405	0.26353	0.25736	0.12143	0.01748	0.00883	0.00264	0.00458	0.10265	0.00719	0.00710
189	0.07638	0.04615	0.02103	0.01754	0.01909	0.15220	0.01435	0.04264	0.01398	0.01961	0.01079	0.01571	0.00998	0.01338	0.05873	0.00327	0.44759	0.00586	0.00357	0.00815
190	0.01438	0.01407	0.02597	0.48405	0.04336	0.01585	0.18681	0.01933	0.01521	0.02016	0.01508	0.05238	0.01216	0.00773	0.00760	0.00242	0.00983	0.00766	0.03758	0.00836
191	0.01005	0.00767	0.00918	0.00882	0.01075	0.00704	0.00655	0.01347	0.04354	0.02559	0.44672	0.07777	0.24908	0.04012	0.00950	0.00252	0.00373	0.01374	0.00746	0.00671
192	0.01559	0.11560	0.48156	0.02292	0.10549	0.01818	0.07227	0.02250	0.01544	0.02225	0.01310	0.01594	0.00990	0.00819	0.02873	0.00250	0.01054	0.00564	0.00320	0.01046
193	0.04424	0.56821	0.10325	0.01457	0.02098	0.04963	0.04984	0.02208	0.01497	0.01857	0.01067	0.01264	0.00937	0.00654	0.00573	0.00176	0.02997	0.00439	0.00321	0.00938
194	0.03261	0.01237	0.01687	0.01293	0.01856	0.01068	0.01068	0.03543	0.02081	0.70423	0.02868	0.02474	0.01799	0.00900	0.00731	0.00225	0.00619	0.00731	0.00900	0.01237
195	0.00994	0.00732	0.00953	0.01084	0.01214	0.00691	0.00842	0.01217	0.01568	0.02033	0.06812	0.34816	0.16116	0.02071	0.00942	0.00299	0.00503	0.25807	0.00677	0.00628
196	0.04492	0.03174	0.47665	0.02356	0.11371	0.06876	0.07063	0.02296	0.01587	0.02297	0.01379	0.03691	0.01073	0.00730	0.00702	0.00228	0.01038	0.00608	0.00339	0.01035
197	0.00886	0.00633	0.00843	0.01012	0.01054	0.00590	0.00675	0.01012	0.01392	0.01856	0.04006	0.73979	0.04808	0.02277	0.00928	0.00295	0.00422	0.02066	0.00675	0.00590
198	0.00874	0.00721	0.00769	0.00805	0.01011	0.00616	0.00594	0.01052	0.01609	0.01951	0.06643	0.19215	0.55792	0.01926	0.00876	0.00257	0.00387	0.03614	0.00675	0.00611
199	0.02446	0.16451	0.12613	0.01572	0.02213	0.04014	0.06305	0.09328	0.01985	0.29558	0.05008	0.02057	0.01588	0.00811	0.00685	0.00212	0.00792	0.00653	0.00615	0.01095
200	0.07542	0.11427	0.44183	0.01955	0.05325	0.01766	0.05704	0.02406	0.01578	0.09543	0.01426	0.01599	0.01024	0.00698	0.00661	0.00221	0.00953	0.00551	0.00386	0.01052
201	0.01171	0.00837	0.01171	0.01339	0.01506	0.00837	0.01171	0.01506	0.01673	0.02175	0.03849	0.08199	0.04183	0.02008	0.01004	0.00335	0.00669	0.65027	0.00669	0.00669
202	0.01675	0.01354	0.01568	0.01141	0.01772	0.01094	0.00917	0.06851	0.03735	0.05076	0.01435	0.01598	0.01150	0.00590	0.00566	0.00125	0.00562	0.00471	0.00480	0.67839
203	0.01874	0.01312	0.01576	0.01446	0.04263	0.01405	0.01076	0.26660	0.04228	0.07874	0.02445	0.19005	0.02326	0.06400	0.14165	0.00443	0.00903	0.01040	0.00634	0.00924
204	0.01828	0.01815	0.02677	0.12593	0.50661	0.07931	0.02050	0.02365	0.06656	0.02306	0.01455	0.01841	0.01189	0.00692	0.00716	0.00219	0.00895	0.00644	0.00385	0.01081
