[name]
unknown

[dist]
# distance from previous block
# <min> <max>
0	45

[block]
# block no. 0 follows, 29 sequences, length 92
# corresponding to MSA columns:
# 45-136
name=unknown_A
#
# <colnr> <probs for GDERKNQSTAVLIFYWHMCP>
#	G	D	E	R	K	N	Q	S	T	A	V	L	I	F	Y	W	H	M	C	P
0	0.07524	0.04911	0.06887	0.23392	0.05382	0.18190	0.01597	0.11279	0.04534	0.02377	0.01501	0.02074	0.01236	0.00822	0.00683	0.00222	0.00937	0.05128	0.00431	0.00894
1	0.17814	0.19977	0.04582	0.07169	0.02036	0.13990	0.03691	0.02176	0.05394	0.02264	0.08649	0.02138	0.05809	0.00832	0.00607	0.00202	0.00772	0.00624	0.00441	0.00834
2	0.33154	0.12302	0.09334	0.08479	0.02279	0.04815	0.06298	0.08902	0.01613	0.05166	0.01225	0.01428	0.00932	0.00686	0.00570	0.00212	0.00778	0.00499	0.00429	0.00900
3	0.10802	0.46880	0.17375	0.01439	0.02116	0.04849	0.03835	0.02184	0.01460	0.01994	0.01070	0.01251	0.00901	0.00633	0.00521	0.00180	0.00832	0.00431	0.00324	0.00925
4	0.07635	0.33839	0.32140	0.01552	0.02328	0.02125	0.01776	0.02291	0.03832	0.04771	0.01250	0.01399	0.00975	0.00665	0.00569	0.00194	0.00857	0.00471	0.00350	0.00981
5	0.04256	0.33554	0.32562	0.01599	0.02354	0.07629	0.01805	0.02197	0.01505	0.01986	0.01234	0.04089	0.01048	0.00711	0.00583	0.00194	0.00908	0.00512	0.00326	0.00949
6	0.01684	0.01612	0.02748	0.17349	0.58170	0.01671	0.02146	0.02116	0.01584	0.02231	0.01325	0.01788	0.01094	0.00649	0.00706	0.00216	0.00865	0.00634	0.00346	0.01064
7	0.80005	0.01377	0.01047	0.00936	0.01377	0.01597	0.00771	0.02093	0.01212	0.03195	0.00991	0.01157	0.00771	0.00661	0.00441	0.00220	0.00551	0.00386	0.00441	0.00771
8	0.00880	0.00625	0.00823	0.00976	0.01014	0.00586	0.00644	0.00995	0.01340	0.01786	0.03804	0.69486	0.04557	0.07464	0.01104	0.00318	0.00433	0.01953	0.00644	0.00568
9	0.00959	0.00672	0.00842	0.00934	0.01048	0.00607	0.00649	0.01115	0.01491	0.04531	0.08964	0.51872	0.19627	0.02032	0.00882	0.00271	0.00403	0.01808	0.00677	0.00614
10	0.01237	0.00618	0.00928	0.00928	0.00928	0.00618	0.00618	0.00928	0.00928	0.01237	0.01237	0.02165	0.01237	0.02474	0.02783	0.79283	0.00618	0.00618	0.00309	0.00309
11	0.01802	0.01789	0.02783	0.08248	0.61743	0.06759	0.02115	0.02211	0.01638	0.02254	0.01318	0.01736	0.01102	0.00646	0.00701	0.00211	0.00884	0.00622	0.00351	0.01086
12	0.00868	0.00620	0.00826	0.00991	0.01033	0.00578	0.00661	0.00991	0.01363	0.01818	0.03925	0.74510	0.04710	0.02231	0.00909	0.00289	0.00413	0.02024	0.00661	0.00578
13	0.01477	0.01266	0.01477	0.01055	0.01687	0.00949	0.00844	0.01793	0.01477	0.02320	0.01266	0.01477	0.01055	0.00527	0.00527	0.00105	0.00527	0.00422	0.00422	0.79328
14	0.01481	0.01409	0.09258	0.04352	0.02051	0.01160	0.13160	0.04202	0.01840	0.09835	0.27104	0.03782	0.12246	0.01143	0.00856	0.00232	0.03419	0.01018	0.00611	0.00841
15	0.01031	0.00713	0.00916	0.00921	0.01073	0.00650	0.00669	0.01284	0.01775	0.05062	0.40636	0.26621	0.12558	0.01708	0.00856	0.00246	0.00373	0.01514	0.00737	0.00657
16	0.01694	0.01685	0.02621	0.20852	0.44450	0.06795	0.04361	0.02112	0.01586	0.02132	0.01329	0.01806	0.01092	0.00841	0.03456	0.00253	0.00957	0.00633	0.00346	0.00999
17	0.01953	0.01466	0.01588	0.01325	0.01707	0.01585	0.01038	0.36586	0.10024	0.03344	0.04720	0.10845	0.10125	0.09092	0.01066	0.00280	0.00646	0.00973	0.00674	0.00962
18	0.01864	0.07022	0.02881	0.05544	0.47093	0.08411	0.07423	0.04676	0.01705	0.02288	0.01310	0.01680	0.01085	0.00646	0.00688	0.00204	0.00901	0.00610	0.00366	0.03605
19	0.01776	0.21459	0.13460	0.04860	0.05471	0.08714	0.24868	0.02230	0.01571	0.02012	0.01220	0.01563	0.00982	0.00678	0.00795	0.00214	0.06252	0.00607	0.00332	0.00936
20	0.00924	0.00661	0.00829	0.00908	0.00979	0.00620	0.00605	0.01064	0.01429	0.01914	0.15208	0.42452	0.10153	0.17142	0.01454	0.00357	0.00453	0.01649	0.00634	0.00566
21	0.80005	0.01377	0.01047	0.00936	0.01377	0.01597	0.00771	0.02093	0.01212	0.03195	0.00991	0.01157	0.00771	0.00661	0.00441	0.00220	0.00551	0.00386	0.00441	0.00771
22	0.01796	0.01755	0.02858	0.04277	0.67998	0.04305	0.02155	0.02210	0.01636	0.02305	0.01331	0.01745	0.01120	0.00638	0.00703	0.00210	0.00862	0.00628	0.00353	0.01117
23	0.00999	0.00710	0.00887	0.00898	0.01056	0.00641	0.00652	0.01237	0.01738	0.04489	0.34805	0.26113	0.19652	0.01743	0.00857	0.00247	0.00373	0.01535	0.00724	0.00646
24	0.80005	0.01377	0.01047	0.00936	0.01377	0.01597	0.00771	0.02093	0.01212	0.03195	0.00991	0.01157	0.00771	0.00661	0.00441	0.00220	0.00551	0.00386	0.00441	0.00771
25	0.01477	0.01266	0.01477	0.01055	0.01687	0.00949	0.00844	0.01793	0.01477	0.02320	0.01266	0.01477	0.01055	0.00527	0.00527	0.00105	0.00527	0.00422	0.00422	0.79328
26	0.14291	0.01236	0.01565	0.01219	0.01754	0.01126	0.01007	0.03271	0.01919	0.61227	0.02547	0.02241	0.01619	0.00849	0.00676	0.00220	0.00598	0.00668	0.00818	0.01148
27	0.01030	0.00688	0.00778	0.00783	0.00785	0.00687	0.00439	0.01034	0.01046	0.01395	0.02297	0.06893	0.02657	0.72650	0.03537	0.00678	0.00681	0.01067	0.00439	0.00436
28	0.77026	0.01371	0.01070	0.00949	0.01394	0.01576	0.00782	0.02147	0.01244	0.05825	0.01062	0.01206	0.00810	0.00670	0.00451	0.00220	0.00553	0.00398	0.00458	0.00788
29	0.00941	0.00696	0.00840	0.00917	0.01010	0.00659	0.00618	0.01146	0.04265	0.01876	0.08558	0.42081	0.16164	0.15185	0.01375	0.00347	0.00455	0.01651	0.00630	0.00585
30	0.80005	0.01377	0.01047	0.00936	0.01377	0.01597	0.00771	0.02093	0.01212	0.03195	0.00991	0.01157	0.00771	0.00661	0.00441	0.00220	0.00551	0.00386	0.00441	0.00771
31	0.01931	0.00927	0.01228	0.01046	0.01364	0.00827	0.00814	0.02208	0.01930	0.31770	0.32866	0.07019	0.06184	0.05462	0.00949	0.00252	0.00475	0.01067	0.00796	0.00882
32	0.80005	0.01377	0.01047	0.00936	0.01377	0.01597	0.00771	0.02093	0.01212	0.03195	0.00991	0.01157	0.00771	0.00661	0.00441	0.00220	0.00551	0.00386	0.00441	0.00771
33	0.01327	0.00664	0.00664	0.00664	0.00830	0.00664	0.00498	0.01659	0.01493	0.02655	0.02323	0.02655	0.01825	0.00830	0.00498	0.00166	0.00332	0.00664	0.78928	0.00664
34	0.80005	0.01377	0.01047	0.00936	0.01377	0.01597	0.00771	0.02093	0.01212	0.03195	0.00991	0.01157	0.00771	0.00661	0.00441	0.00220	0.00551	0.00386	0.00441	0.00771
35	0.00973	0.00682	0.00840	0.00870	0.00939	0.00650	0.00570	0.01112	0.01434	0.01951	0.22569	0.24784	0.06801	0.30393	0.01947	0.00425	0.00497	0.01406	0.00607	0.00549
36	0.80005	0.01377	0.01047	0.00936	0.01377	0.01597	0.00771	0.02093	0.01212	0.03195	0.00991	0.01157	0.00771	0.00661	0.00441	0.00220	0.00551	0.00386	0.00441	0.00771
37	0.01066	0.00707	0.00819	0.00819	0.00883	0.00679	0.00508	0.01136	0.01249	0.03956	0.08397	0.12245	0.10900	0.50561	0.02699	0.00543	0.00592	0.01203	0.00525	0.00512
38	0.80005	0.01377	0.01047	0.00936	0.01377	0.01597	0.00771	0.02093	0.01212	0.03195	0.00991	0.01157	0.00771	0.00661	0.00441	0.00220	0.00551	0.00386	0.00441	0.00771
39	0.01418	0.00818	0.01018	0.00931	0.01185	0.00723	0.00706	0.01664	0.01811	0.17151	0.28532	0.12133	0.23858	0.03689	0.00903	0.00248	0.00420	0.01294	0.00746	0.00751
40	0.80005	0.01377	0.01047	0.00936	0.01377	0.01597	0.00771	0.02093	0.01212	0.03195	0.00991	0.01157	0.00771	0.00661	0.00441	0.00220	0.00551	0.00386	0.00441	0.00771
41	0.00873	0.00622	0.00824	0.00984	0.01024	0.00582	0.00653	0.00993	0.01352	0.01802	0.03866	0.72056	0.04635	0.04787	0.01004	0.00303	0.00423	0.01990	0.00653	0.00573
42	0.00894	0.00704	0.00811	0.00855	0.01030	0.00621	0.00632	0.01093	0.01618	0.02049	0.15453	0.23440	0.40090	0.01869	0.00868	0.00256	0.00390	0.06038	0.00679	0.00610
43	0.80005	0.01377	0.01047	0.00936	0.01377	0.01597	0.00771	0.02093	0.01212	0.03195	0.00991	0.01157	0.00771	0.00661	0.00441	0.00220	0.00551	0.00386	0.00441	0.00771
44	0.80005	0.01377	0.01047	0.00936	0.01377	0.01597	0.00771	0.02093	0.01212	0.03195	0.00991	0.01157	0.00771	0.00661	0.00441	0.00220	0.00551	0.00386	0.00441	0.00771
45	0.01762	0.01001	0.01254	0.01100	0.01415	0.00964	0.00855	0.02352	0.13667	0.22613	0.32219	0.08651	0.06618	0.01267	0.00788	0.00231	0.00460	0.01094	0.00789	0.00900
46	0.80005	0.01377	0.01047	0.00936	0.01377	0.01597	0.00771	0.02093	0.01212	0.03195	0.00991	0.01157	0.00771	0.00661	0.00441	0.00220	0.00551	0.00386	0.00441	0.00771
47	0.00996	0.00687	0.00775	0.00793	0.00824	0.00669	0.00468	0.01029	0.01136	0.01487	0.02981	0.12130	0.10486	0.59151	0.03028	0.00598	0.00624	0.01191	0.00481	0.00466
48	0.80005	0.01377	0.01047	0.00936	0.01377	0.01597	0.00771	0.02093	0.01212	0.03195	0.00991	0.01157	0.00771	0.00661	0.00441	0.00220	0.00551	0.00386	0.00441	0.00771
49	0.01585	0.01242	0.01470	0.01064	0.01674	0.00946	0.00852	0.01899	0.01538	0.07376	0.03928	0.01688	0.01316	0.00588	0.00553	0.00118	0.00526	0.00475	0.00469	0.70692
50	0.80005	0.01377	0.01047	0.00936	0.01377	0.01597	0.00771	0.02093	0.01212	0.03195	0.00991	0.01157	0.00771	0.00661	0.00441	0.00220	0.00551	0.00386	0.00441	0.00771
51	0.00891	0.00705	0.00775	0.00789	0.00965	0.00619	0.00563	0.01066	0.01579	0.01983	0.15388	0.15263	0.44621	0.10197	0.01169	0.00296	0.00402	0.01486	0.00653	0.00589
52	0.01477	0.01266	0.01477	0.01055	0.01687	0.00949	0.00844	0.01793	0.01477	0.02320	0.01266	0.01477	0.01055	0.00527	0.00527	0.00105	0.00527	0.00422	0.00422	0.79328
53	0.80005	0.01377	0.01047	0.00936	0.01377	0.01597	0.00771	0.02093	0.01212	0.03195	0.00991	0.01157	0.00771	0.00661	0.00441	0.00220	0.00551	0.00386	0.00441	0.00771
54	0.00897	0.00639	0.00852	0.01011	0.01062	0.00603	0.00695	0.01034	0.01375	0.01829	0.03853	0.66378	0.04583	0.04750	0.01010	0.00307	0.00444	0.07445	0.00653	0.00580
55	0.01681	0.01921	0.04202	0.03001	0.03721	0.01801	0.67947	0.02281	0.01681	0.02281	0.01441	0.01921	0.01080	0.00600	0.00840	0.00240	0.01200	0.00840	0.00360	0.00960
56	0.00959	0.00679	0.00864	0.00930	0.01009	0.00644	0.00639	0.01123	0.01481	0.02006	0.20438	0.34604	0.06828	0.18506	0.01510	0.00365	0.00470	0.05731	0.00640	0.00575
57	0.76677	0.01370	0.01073	0.00951	0.01396	0.01574	0.00783	0.02153	0.01248	0.06134	0.01070	0.01212	0.00814	0.00671	0.00453	0.00220	0.00553	0.00400	0.00460	0.00790
58	0.00994	0.00690	0.00800	0.00829	0.00874	0.00669	0.00516	0.01057	0.01207	0.01588	0.05514	0.15247	0.10439	0.50732	0.02716	0.00551	0.00600	0.03976	0.00512	0.00489
59	0.80005	0.01377	0.01047	0.00936	0.01377	0.01597	0.00771	0.02093	0.01212	0.03195	0.00991	0.01157	0.00771	0.00661	0.00441	0.00220	0.00551	0.00386	0.00441	0.00771
60	0.00969	0.00673	0.00795	0.00844	0.00881	0.00649	0.00520	0.01034	0.01221	0.01618	0.06062	0.26272	0.08325	0.44170	0.02469	0.00514	0.00566	0.01384	0.00534	0.00499
61	0.80005	0.01377	0.01047	0.00936	0.01377	0.01597	0.00771	0.02093	0.01212	0.03195	0.00991	0.01157	0.00771	0.00661	0.00441	0.00220	0.00551	0.00386	0.00441	0.00771
62	0.06025	0.01199	0.01603	0.01240	0.01772	0.01053	0.01022	0.03336	0.02006	0.65829	0.05332	0.02487	0.01916	0.00895	0.00710	0.00220	0.00593	0.00726	0.00861	0.01174
63	0.80005	0.01377	0.01047	0.00936	0.01377	0.01597	0.00771	0.02093	0.01212	0.03195	0.00991	0.01157	0.00771	0.00661	0.00441	0.00220	0.00551	0.00386	0.00441	0.00771
64	0.01327	0.00664	0.00664	0.00664	0.00830	0.00664	0.00498	0.01659	0.01493	0.02655	0.02323	0.02655	0.01825	0.00830	0.00498	0.00166	0.00332	0.00664	0.78928	0.00664
65	0.80005	0.01377	0.01047	0.00936	0.01377	0.01597	0.00771	0.02093	0.01212	0.03195	0.00991	0.01157	0.00771	0.00661	0.00441	0.00220	0.00551	0.00386	0.00441	0.00771
66	0.00926	0.00725	0.00838	0.00810	0.01014	0.00637	0.00607	0.01185	0.01822	0.02397	0.39192	0.06074	0.37971	0.01627	0.00841	0.00232	0.00348	0.01394	0.00724	0.00637
67	0.80005	0.01377	0.01047	0.00936	0.01377	0.01597	0.00771	0.02093	0.01212	0.03195	0.00991	0.01157	0.00771	0.00661	0.00441	0.00220	0.00551	0.00386	0.00441	0.00771
68	0.00923	0.00668	0.00885	0.00961	0.01056	0.00630	0.00675	0.01128	0.01575	0.02155	0.25904	0.44587	0.07403	0.02161	0.05507	0.00321	0.00483	0.01680	0.00684	0.00614
69	0.80005	0.01377	0.01047	0.00936	0.01377	0.01597	0.00771	0.02093	0.01212	0.03195	0.00991	0.01157	0.00771	0.00661	0.00441	0.00220	0.00551	0.00386	0.00441	0.00771
70	0.01036	0.00690	0.00777	0.00777	0.00777	0.00690	0.00431	0.01036	0.01036	0.01381	0.02244	0.04660	0.02589	0.74975	0.03624	0.00690	0.00690	0.01036	0.00431	0.00431
71	0.80005	0.01377	0.01047	0.00936	0.01377	0.01597	0.00771	0.02093	0.01212	0.03195	0.00991	0.01157	0.00771	0.00661	0.00441	0.00220	0.00551	0.00386	0.00441	0.00771
72	0.01017	0.00763	0.01144	0.01144	0.01272	0.00890	0.00890	0.01272	0.01144	0.01653	0.01907	0.02797	0.01780	0.05340	0.72153	0.01144	0.01907	0.00763	0.00381	0.00636
73	0.67076	0.01349	0.01149	0.00992	0.01451	0.01505	0.00818	0.02325	0.01351	0.14613	0.01297	0.01370	0.00938	0.00698	0.00487	0.00220	0.00560	0.00441	0.00515	0.00845
74	0.01182	0.00775	0.01006	0.00967	0.01169	0.00711	0.00753	0.01487	0.01898	0.08193	0.46203	0.08245	0.12820	0.01546	0.00852	0.00242	0.00407	0.10084	0.00756	0.00703
75	0.80005	0.01377	0.01047	0.00936	0.01377	0.01597	0.00771	0.02093	0.01212	0.03195	0.00991	0.01157	0.00771	0.00661	0.00441	0.00220	0.00551	0.00386	0.00441	0.00771
76	0.01467	0.01390	0.02357	0.53093	0.24119	0.01614	0.02038	0.01926	0.01482	0.01968	0.01287	0.01859	0.01002	0.00689	0.00710	0.00230	0.00919	0.00633	0.00327	0.00890
77	0.80005	0.01377	0.01047	0.00936	0.01377	0.01597	0.00771	0.02093	0.01212	0.03195	0.00991	0.01157	0.00771	0.00661	0.00441	0.00220	0.00551	0.00386	0.00441	0.00771
78	0.01321	0.00903	0.01003	0.00934	0.01190	0.03486	0.00717	0.01551	0.01725	0.12153	0.18794	0.05340	0.34536	0.04522	0.06043	0.00317	0.00561	0.03514	0.00679	0.00712
79	0.06111	0.01218	0.01629	0.01254	0.01801	0.01067	0.01036	0.03418	0.02007	0.68451	0.02740	0.02376	0.01725	0.00873	0.00706	0.00220	0.00604	0.00704	0.00865	0.01195
80	0.01285	0.01186	0.01914	0.04743	0.01939	0.01437	0.10194	0.01560	0.01220	0.01770	0.01587	0.04966	0.01495	0.03094	0.34757	0.00688	0.24299	0.00772	0.00364	0.00729
81	0.05006	0.72463	0.03625	0.01207	0.01810	0.02769	0.01201	0.02131	0.01438	0.01736	0.00990	0.01143	0.00908	0.00611	0.00456	0.00155	0.00753	0.00381	0.00310	0.00908
82	0.04586	0.30216	0.32074	0.01616	0.02317	0.02110	0.01819	0.02100	0.01444	0.02034	0.04031	0.01522	0.01151	0.00751	0.00787	0.00208	0.09452	0.00510	0.00329	0.00941
83	0.05024	0.02040	0.01897	0.01871	0.09250	0.23995	0.01336	0.11789	0.04108	0.02292	0.01649	0.01976	0.04172	0.01645	0.13003	0.00378	0.11631	0.00633	0.00438	0.00874
84	0.04408	0.01398	0.02206	0.59800	0.06812	0.04084	0.04692	0.01894	0.01441	0.01902	0.01246	0.01832	0.00953	0.00725	0.00769	0.00237	0.03842	0.00626	0.00326	0.00810
85	0.01664	0.01482	0.02257	0.42880	0.18187	0.01711	0.01867	0.11714	0.06797	0.02402	0.01468	0.01899	0.01116	0.00735	0.00711	0.00229	0.00874	0.00647	0.00412	0.00949
86	0.01059	0.00824	0.01224	0.01200	0.01317	0.00989	0.00941	0.01305	0.01140	0.01658	0.01833	0.02703	0.01716	0.05028	0.66817	0.01081	0.07392	0.00752	0.00376	0.00647
87	0.02427	0.01799	0.01974	0.01560	0.02059	0.02001	0.01278	0.56132	0.05356	0.04021	0.01780	0.01902	0.01328	0.01513	0.11128	0.00350	0.00940	0.00665	0.00665	0.01124
88	0.02660	0.03394	0.02018	0.01834	0.02201	0.72116	0.01376	0.02843	0.02018	0.01743	0.01101	0.01284	0.00917	0.00734	0.00642	0.00183	0.01284	0.00459	0.00367	0.00825
89	0.01100	0.00773	0.00978	0.00911	0.01109	0.00716	0.00688	0.01475	0.04251	0.05355	0.59042	0.05272	0.12719	0.01452	0.00831	0.00226	0.00356	0.01271	0.00773	0.00701
90	0.74716	0.01382	0.01131	0.01067	0.03795	0.01582	0.00830	0.02142	0.01254	0.05435	0.01064	0.01220	0.00817	0.00667	0.00459	0.00220	0.00563	0.00405	0.00452	0.00798
91	0.01994	0.04850	0.02489	0.11249	0.33760	0.21362	0.01807	0.04659	0.04310	0.02158	0.01308	0.01646	0.01076	0.00714	0.00742	0.00209	0.03722	0.00582	0.00376	0.00986

[dist]
# distance from previous block
# <min> <max>
0	16

[block]
# block no. 1 follows, 29 sequences, length 33
# corresponding to MSA columns:
# 153-185
name=unknown_B
#
# <colnr> <probs for GDERKNQSTAVLIFYWHMCP>
#	G	D	E	R	K	N	Q	S	T	A	V	L	I	F	Y	W	H	M	C	P
0	0.01525	0.04862	0.01562	0.01082	0.01666	0.01114	0.00875	0.05852	0.03958	0.02408	0.01873	0.02001	0.07347	0.00682	0.00570	0.00131	0.00540	0.00544	0.00466	0.60941
1	0.02170	0.01879	0.01858	0.01562	0.01963	0.11438	0.01256	0.30672	0.16153	0.03257	0.06122	0.02506	0.03755	0.01016	0.00884	0.00232	0.07655	0.03970	0.00630	0.01023
2	0.01525	0.01836	0.09501	0.02571	0.06324	0.01625	0.42723	0.02025	0.01562	0.02160	0.01764	0.13130	0.01618	0.00918	0.00958	0.00251	0.07245	0.00967	0.00397	0.00902
3	0.01973	0.61642	0.07623	0.01348	0.01953	0.11786	0.01325	0.02232	0.01525	0.01719	0.01022	0.01183	0.00914	0.00630	0.00494	0.00161	0.00847	0.00400	0.00312	0.00911
4	0.01508	0.18066	0.53301	0.01821	0.02729	0.01839	0.02254	0.02183	0.01500	0.02130	0.01371	0.01828	0.01099	0.00741	0.00651	0.00217	0.00969	0.04469	0.00323	0.01000
5	0.00923	0.00725	0.00839	0.00843	0.01041	0.00641	0.00641	0.01163	0.01739	0.02243	0.27638	0.10560	0.39836	0.01727	0.00857	0.00245	0.00379	0.06631	0.00701	0.00628
6	0.53100	0.12854	0.01532	0.01036	0.01487	0.01726	0.00877	0.02258	0.07474	0.05465	0.05445	0.01591	0.01320	0.00737	0.00503	0.00212	0.00574	0.00490	0.00483	0.00836
7	0.11054	0.01760	0.12960	0.01535	0.02129	0.01427	0.07010	0.10801	0.05313	0.29220	0.04790	0.02149	0.01609	0.01017	0.03792	0.00263	0.00787	0.00680	0.00640	0.01064
8	0.00866	0.00628	0.00818	0.00971	0.01027	0.00580	0.00652	0.00994	0.01383	0.01826	0.04179	0.69278	0.09778	0.02198	0.00904	0.00285	0.00409	0.01984	0.00661	0.00580
9	0.00907	0.00719	0.00816	0.00802	0.01005	0.00628	0.00598	0.01146	0.01763	0.02281	0.31526	0.09470	0.42437	0.01689	0.00844	0.00236	0.00354	0.01444	0.00709	0.00628
10	0.01868	0.69958	0.08860	0.01280	0.01923	0.02729	0.01326	0.02142	0.01451	0.01719	0.01012	0.01170	0.00913	0.00614	0.00474	0.00158	0.00784	0.00392	0.00304	0.00924
11	0.01519	0.17323	0.58438	0.01875	0.02843	0.01875	0.02362	0.02232	0.01493	0.02145	0.01223	0.01435	0.00904	0.00664	0.00635	0.00212	0.00997	0.00499	0.00301	0.01026
12	0.00884	0.00646	0.00820	0.00936	0.01013	0.00595	0.00634	0.01027	0.01437	0.01898	0.09834	0.56120	0.13703	0.05632	0.01025	0.00297	0.00413	0.01844	0.00660	0.00582
13	0.01008	0.00728	0.00952	0.00896	0.01064	0.00672	0.00672	0.01344	0.02016	0.02855	0.70158	0.05319	0.06719	0.01456	0.00840	0.00224	0.00336	0.01288	0.00784	0.00672
14	0.01128	0.05819	0.01151	0.03826	0.01297	0.00885	0.00751	0.01463	0.04941	0.04897	0.28017	0.12602	0.27540	0.01527	0.00807	0.00233	0.00427	0.01309	0.00678	0.00701
15	0.02606	0.03153	0.02039	0.01816	0.02184	0.61247	0.01383	0.09457	0.02104	0.02022	0.01154	0.01342	0.00948	0.00773	0.00740	0.00193	0.05090	0.00486	0.00399	0.00862
16	0.01811	0.01550	0.01633	0.01457	0.01867	0.01790	0.01137	0.06546	0.66419	0.03043	0.02847	0.02616	0.02132	0.00961	0.00724	0.00240	0.00573	0.00798	0.00724	0.01131
17	0.01762	0.01692	0.02890	0.04371	0.70533	0.01692	0.02185	0.02185	0.01621	0.02326	0.01339	0.01762	0.01128	0.00634	0.00705	0.00211	0.00846	0.00634	0.00352	0.01128
18	0.01743	0.01672	0.02855	0.07548	0.67506	0.01687	0.02176	0.02168	0.01612	0.02303	0.01336	0.01769	0.01120	0.00638	0.00705	0.00213	0.00851	0.00634	0.00351	0.01112
19	0.00875	0.00625	0.00833	0.00987	0.01034	0.00583	0.00662	0.01009	0.01396	0.01870	0.07241	0.71046	0.04810	0.02192	0.00905	0.00286	0.00409	0.01987	0.00667	0.00583
20	0.01098	0.00765	0.00883	0.00831	0.01070	0.00664	0.00631	0.01344	0.01802	0.08015	0.29966	0.05921	0.41214	0.01599	0.00830	0.00233	0.00372	0.01358	0.00725	0.00678
21	0.01592	0.01550	0.04317	0.18170	0.42004	0.01557	0.04410	0.03697	0.01673	0.02339	0.10014	0.02237	0.01790	0.00760	0.00728	0.00220	0.00820	0.00722	0.00407	0.00994
22	0.03073	0.01239	0.01649	0.01282	0.01821	0.01109	0.01053	0.03497	0.07785	0.65208	0.02817	0.02444	0.01798	0.00889	0.00717	0.00222	0.00602	0.00724	0.00868	0.01205
23	0.01951	0.01490	0.01615	0.01426	0.01847	0.01680	0.01117	0.03744	0.60771	0.11560	0.02887	0.02627	0.02122	0.00955	0.00723	0.00239	0.00569	0.00794	0.00744	0.01138
24	0.02249	0.01867	0.04726	0.01592	0.02093	0.02018	0.01328	0.38095	0.28282	0.03702	0.02111	0.02056	0.01553	0.00907	0.00786	0.00229	0.03871	0.00698	0.00683	0.01154
25	0.01637	0.01702	0.02678	0.37209	0.19439	0.08855	0.14150	0.02093	0.01577	0.02013	0.01298	0.01809	0.01011	0.00676	0.00727	0.00226	0.01006	0.00654	0.00338	0.00903
26	0.01428	0.03683	0.71286	0.02030	0.03082	0.01654	0.02631	0.02255	0.01503	0.02255	0.01278	0.01503	0.00902	0.00677	0.00677	0.00226	0.01052	0.00526	0.00301	0.01052
27	0.00893	0.00706	0.00801	0.00841	0.01017	0.00622	0.00619	0.01084	0.01596	0.02008	0.13641	0.21136	0.42063	0.04283	0.00957	0.00270	0.00399	0.05793	0.00668	0.00603
28	0.01782	0.57017	0.21050	0.01426	0.02149	0.02519	0.01581	0.02164	0.01461	0.01824	0.01064	0.01235	0.00911	0.00626	0.00513	0.00171	0.00836	0.00418	0.00304	0.00949
29	0.01762	0.01692	0.02890	0.04371	0.70533	0.01692	0.02185	0.02185	0.01621	0.02326	0.01339	0.01762	0.01128	0.00634	0.00705	0.00211	0.00846	0.00634	0.00352	0.01128
30	0.01237	0.00618	0.00928	0.00928	0.00928	0.00618	0.00618	0.00928	0.00928	0.01237	0.01237	0.02165	0.01237	0.02474	0.02783	0.79283	0.00618	0.00618	0.00309	0.00309
31	0.01328	0.01235	0.02012	0.60188	0.07425	0.01493	0.01815	0.01822	0.03801	0.01890	0.01814	0.04880	0.05702	0.00844	0.00728	0.00238	0.00873	0.00747	0.00367	0.00798
32	0.01428	0.01350	0.02286	0.59579	0.17940	0.01604	0.02019	0.01892	0.01463	0.01920	0.01280	0.01871	0.00985	0.00697	0.00711	0.00232	0.00929	0.00633	0.00324	0.00858

[dist]
# distance from previous block
# <min> <max>
0	1

# created by:
# /st0/software/busco_prod/Augustus/scripts/msa2prfl.pl ./align_prep/182316.fa
