[name]
unknown

[dist]
# distance from previous block
# <min> <max>
8	41

[block]
# block no. 0 follows, 29 sequences, length 39
# corresponding to MSA columns:
# 46-84
name=unknown_A
#
# <colnr> <probs for GDERKNQSTAVLIFYWHMCP>
#	G	D	E	R	K	N	Q	S	T	A	V	L	I	F	Y	W	H	M	C	P
0	0.01814	0.04927	0.01833	0.05356	0.01995	0.03565	0.05557	0.06162	0.10751	0.11530	0.01942	0.06711	0.01635	0.06214	0.00929	0.00228	0.03032	0.00718	0.00536	0.24564
1	0.01685	0.01307	0.01580	0.07345	0.01938	0.01302	0.01060	0.14666	0.05526	0.05906	0.04071	0.10926	0.04196	0.03163	0.00872	0.00211	0.05275	0.00805	0.00549	0.27615
2	0.01914	0.01497	0.01898	0.05870	0.02091	0.01570	0.05156	0.23798	0.02038	0.06117	0.01652	0.04561	0.01407	0.08447	0.01176	0.00254	0.09482	0.00690	0.00526	0.19856
3	0.01822	0.01394	0.01589	0.01255	0.01733	0.01359	0.00995	0.18257	0.10671	0.06099	0.06202	0.04780	0.01845	0.04967	0.00867	0.00208	0.02787	0.00692	0.00582	0.31896
4	0.01086	0.00829	0.00985	0.00999	0.01168	0.00803	0.00711	0.04986	0.05826	0.02039	0.03906	0.37314	0.16157	0.08996	0.05695	0.00355	0.00563	0.01497	0.00614	0.05471
5	0.01870	0.07277	0.20339	0.09860	0.02613	0.04237	0.01749	0.19957	0.07429	0.02713	0.01468	0.01711	0.01125	0.00967	0.03001	0.00258	0.11370	0.00601	0.00454	0.01003
6	0.00947	0.00714	0.00942	0.01003	0.01093	0.00730	0.00715	0.01112	0.01346	0.01812	0.07378	0.36438	0.12435	0.08684	0.17911	0.00513	0.03574	0.01485	0.00570	0.00596
7	0.01571	0.01325	0.01526	0.01109	0.01729	0.01066	0.00889	0.06358	0.04192	0.02492	0.01358	0.01537	0.01108	0.00566	0.00547	0.00118	0.00546	0.00451	0.00453	0.71056
8	0.00868	0.00620	0.00826	0.00991	0.01033	0.00578	0.00661	0.00991	0.01363	0.01818	0.03925	0.74510	0.04710	0.02231	0.00909	0.00289	0.00413	0.02024	0.00661	0.00578
9	0.02577	0.02146	0.02050	0.01643	0.02160	0.12782	0.01327	0.49755	0.11817	0.03872	0.01773	0.01770	0.01293	0.00851	0.00703	0.00213	0.00831	0.00635	0.00661	0.01141
10	0.01532	0.01520	0.02131	0.01835	0.01841	0.02119	0.01526	0.01692	0.01093	0.01711	0.00981	0.01617	0.00975	0.01442	0.05682	0.00351	0.70233	0.00630	0.00315	0.00772
11	0.01477	0.01266	0.01477	0.01055	0.01687	0.00949	0.00844	0.01793	0.01477	0.02320	0.01266	0.01477	0.01055	0.00527	0.00527	0.00105	0.00527	0.00422	0.00422	0.79328
12	0.01265	0.01089	0.01126	0.01053	0.01367	0.01134	0.00808	0.02279	0.32413	0.02404	0.05249	0.04942	0.39251	0.01422	0.00788	0.00241	0.00453	0.01185	0.00690	0.00841
13	0.01020	0.00751	0.01086	0.01086	0.01194	0.00859	0.00818	0.01234	0.01127	0.01610	0.01960	0.03091	0.01907	0.16302	0.61366	0.01073	0.01716	0.00806	0.00389	0.00604
14	0.01284	0.01076	0.01342	0.01282	0.01529	0.01137	0.04873	0.02202	0.28510	0.02328	0.03643	0.33520	0.09080	0.01583	0.00828	0.00264	0.00524	0.03502	0.00668	0.00825
15	0.00859	0.00722	0.00746	0.00740	0.00973	0.00609	0.00555	0.01056	0.01665	0.02024	0.13977	0.06688	0.63418	0.01766	0.00841	0.00239	0.00358	0.01480	0.00674	0.00609
16	0.01237	0.00618	0.00928	0.00928	0.00928	0.00618	0.00618	0.00928	0.00928	0.01237	0.01237	0.02165	0.01237	0.02474	0.02783	0.79283	0.00618	0.00618	0.00309	0.00309
17	0.21916	0.01544	0.01684	0.01324	0.01855	0.01615	0.01093	0.27222	0.02323	0.29553	0.01952	0.01846	0.01313	0.00817	0.00647	0.00218	0.00659	0.00607	0.00710	0.01103
18	0.02920	0.01653	0.01926	0.01476	0.02038	0.01702	0.01220	0.39955	0.02777	0.33498	0.02189	0.02021	0.01451	0.00866	0.00714	0.00217	0.00706	0.00674	0.00786	0.01211
19	0.02660	0.03394	0.02018	0.01834	0.02201	0.72116	0.01376	0.02843	0.02018	0.01743	0.01101	0.01284	0.00917	0.00734	0.00642	0.00183	0.01284	0.00459	0.00367	0.00825
20	0.01771	0.01530	0.01610	0.01449	0.01852	0.01771	0.01127	0.03784	0.69247	0.02979	0.02898	0.02657	0.02174	0.00966	0.00725	0.00242	0.00564	0.00805	0.00725	0.01127
21	0.19048	0.01905	0.01877	0.01484	0.02014	0.05916	0.01217	0.47544	0.02762	0.07179	0.01576	0.01603	0.01128	0.00808	0.00651	0.00214	0.00754	0.00581	0.00644	0.01097
22	0.00898	0.00643	0.00853	0.00971	0.01039	0.00598	0.00663	0.01067	0.01503	0.02039	0.18069	0.59735	0.05139	0.02065	0.00894	0.00275	0.00397	0.01867	0.00687	0.00598
23	0.80005	0.01377	0.01047	0.00936	0.01377	0.01597	0.00771	0.02093	0.01212	0.03195	0.00991	0.01157	0.00771	0.00661	0.00441	0.00220	0.00551	0.00386	0.00441	0.00771
24	0.01762	0.01692	0.02890	0.04371	0.70533	0.01692	0.02185	0.02185	0.01621	0.02326	0.01339	0.01762	0.01128	0.00634	0.00705	0.00211	0.00846	0.00634	0.00352	0.01128
25	0.01771	0.01530	0.01610	0.01449	0.01852	0.01771	0.01127	0.03784	0.69247	0.02979	0.02898	0.02657	0.02174	0.00966	0.00725	0.00242	0.00564	0.00805	0.00725	0.01127
26	0.00868	0.00620	0.00826	0.00991	0.01033	0.00578	0.00661	0.00991	0.01363	0.01818	0.03925	0.74510	0.04710	0.02231	0.00909	0.00289	0.00413	0.02024	0.00661	0.00578
27	0.00991	0.00727	0.00928	0.00878	0.01053	0.00665	0.00658	0.01310	0.01975	0.02759	0.63638	0.05478	0.13299	0.01492	0.00840	0.00226	0.00338	0.01310	0.00771	0.00665
28	0.02707	0.01995	0.02137	0.01638	0.02208	0.02208	0.01353	0.68159	0.03348	0.04488	0.01710	0.01710	0.01211	0.00855	0.00712	0.00214	0.00784	0.00641	0.00712	0.01211
29	0.02573	0.01351	0.01634	0.01347	0.01833	0.01363	0.01082	0.03607	0.31412	0.41286	0.02848	0.02525	0.01942	0.00918	0.00720	0.00230	0.00587	0.00755	0.00813	0.01175
30	0.80005	0.01377	0.01047	0.00936	0.01377	0.01597	0.00771	0.02093	0.01212	0.03195	0.00991	0.01157	0.00771	0.00661	0.00441	0.00220	0.00551	0.00386	0.00441	0.00771
31	0.00864	0.00655	0.00798	0.00905	0.01012	0.00589	0.00624	0.01013	0.01466	0.01886	0.07240	0.51212	0.25021	0.02072	0.00886	0.00272	0.00394	0.01838	0.00665	0.00589
32	0.02969	0.01449	0.01784	0.01381	0.01928	0.01415	0.01137	0.21406	0.06699	0.48247	0.02510	0.02241	0.01636	0.00879	0.00716	0.00220	0.00652	0.00701	0.00824	0.01206
33	0.02597	0.01433	0.01708	0.01380	0.01861	0.01457	0.01123	0.21500	0.12990	0.33742	0.02548	0.02725	0.01861	0.04513	0.00873	0.00251	0.00656	0.04882	0.00773	0.01125
34	0.02764	0.01903	0.02081	0.01595	0.02163	0.02073	0.01318	0.60624	0.03195	0.12238	0.01838	0.01793	0.01275	0.00858	0.00713	0.00214	0.00763	0.00650	0.00732	0.01211
35	0.01447	0.01027	0.01144	0.01020	0.01180	0.01087	0.00699	0.16715	0.04081	0.02250	0.05912	0.03877	0.02457	0.48653	0.05046	0.00553	0.00729	0.00940	0.00525	0.00658
36	0.00866	0.00626	0.00820	0.00974	0.01028	0.00580	0.00653	0.00993	0.01380	0.01825	0.04135	0.70184	0.08900	0.02204	0.00905	0.00286	0.00410	0.01991	0.00661	0.00580
37	0.01358	0.01142	0.05074	0.01204	0.01434	0.01062	0.00936	0.16140	0.04977	0.02470	0.03156	0.47529	0.03499	0.05271	0.00974	0.00286	0.00551	0.01529	0.00644	0.00764
38	0.02320	0.01840	0.02336	0.04008	0.02422	0.01940	0.11416	0.46639	0.02756	0.03733	0.01622	0.01812	0.01208	0.03051	0.00801	0.00221	0.00821	0.00659	0.00606	0.09791

[dist]
# distance from previous block
# <min> <max>
1	11

[block]
# block no. 1 follows, 29 sequences, length 32
# corresponding to MSA columns:
# 96-127
name=unknown_B
#
# <colnr> <probs for GDERKNQSTAVLIFYWHMCP>
#	G	D	E	R	K	N	Q	S	T	A	V	L	I	F	Y	W	H	M	C	P
0	0.01887	0.01598	0.01799	0.08892	0.04824	0.08127	0.01213	0.10596	0.05641	0.07725	0.01521	0.01786	0.01207	0.02964	0.00870	0.00197	0.07311	0.00565	0.00483	0.30793
1	0.01927	0.01500	0.02001	0.22223	0.11576	0.01666	0.01506	0.21851	0.09682	0.07120	0.07070	0.02313	0.01748	0.03690	0.00834	0.00243	0.00765	0.00726	0.00560	0.01000
2	0.01777	0.01700	0.02894	0.08659	0.50603	0.01756	0.09252	0.06519	0.01701	0.02398	0.01349	0.01775	0.01106	0.00683	0.00806	0.00222	0.04698	0.00657	0.00373	0.01074
3	0.01004	0.00677	0.00786	0.00816	0.00824	0.00670	0.00474	0.01027	0.01096	0.01462	0.02555	0.17619	0.02982	0.61480	0.03121	0.00616	0.00639	0.01219	0.00474	0.00459
4	0.01022	0.00822	0.01090	0.01113	0.01181	0.00898	0.00814	0.01187	0.01426	0.01960	0.14235	0.42579	0.09092	0.04156	0.01244	0.00292	0.14078	0.01575	0.00608	0.00628
5	0.01018	0.00759	0.01125	0.01125	0.01246	0.00880	0.00866	0.01259	0.01139	0.01639	0.01925	0.02895	0.01822	0.08984	0.68567	0.01121	0.01844	0.00777	0.00384	0.00625
6	0.00877	0.00638	0.00809	0.00941	0.01004	0.00590	0.00628	0.00999	0.01371	0.01797	0.04210	0.60541	0.12824	0.07824	0.01111	0.00314	0.00428	0.01882	0.00643	0.00570
7	0.01762	0.01692	0.02890	0.04371	0.70533	0.01692	0.02185	0.02185	0.01621	0.02326	0.01339	0.01762	0.01128	0.00634	0.00705	0.00211	0.00846	0.00634	0.00352	0.01128
8	0.01477	0.01266	0.01477	0.01055	0.01687	0.00949	0.00844	0.01793	0.01477	0.02320	0.01266	0.01477	0.01055	0.00527	0.00527	0.00105	0.00527	0.00422	0.00422	0.79328
9	0.00916	0.00685	0.00851	0.00892	0.01028	0.00620	0.00637	0.01136	0.01678	0.02247	0.30504	0.31857	0.20683	0.01830	0.00866	0.00252	0.00371	0.01616	0.00709	0.00620
10	0.01681	0.01921	0.04202	0.03001	0.03721	0.01801	0.67947	0.02281	0.01681	0.02281	0.01441	0.01921	0.01080	0.00600	0.00840	0.00240	0.01200	0.00840	0.00360	0.00960
11	0.01771	0.01530	0.01610	0.01449	0.01852	0.01771	0.01127	0.03784	0.69247	0.02979	0.02898	0.02657	0.02174	0.00966	0.00725	0.00242	0.00564	0.00805	0.00725	0.01127
12	0.80005	0.01377	0.01047	0.00936	0.01377	0.01597	0.00771	0.02093	0.01212	0.03195	0.00991	0.01157	0.00771	0.00661	0.00441	0.00220	0.00551	0.00386	0.00441	0.00771
13	0.01034	0.00696	0.00805	0.00805	0.00815	0.00706	0.00467	0.01054	0.01044	0.01402	0.02218	0.04517	0.02527	0.69630	0.08885	0.00725	0.00784	0.01015	0.00428	0.00447
14	0.01477	0.01266	0.01477	0.01055	0.01687	0.00949	0.00844	0.01793	0.01477	0.02320	0.01266	0.01477	0.01055	0.00527	0.00527	0.00105	0.00527	0.00422	0.00422	0.79328
15	0.02400	0.04621	0.05779	0.01488	0.02000	0.01797	0.01278	0.39598	0.02604	0.14567	0.02127	0.05483	0.03868	0.01081	0.02816	0.00247	0.03510	0.00736	0.02912	0.01091
16	0.01904	0.75404	0.03731	0.01218	0.01828	0.02818	0.01218	0.02132	0.01447	0.01675	0.00990	0.01142	0.00914	0.00609	0.00457	0.00152	0.00761	0.00381	0.00305	0.00914
17	0.02707	0.01995	0.02137	0.01638	0.02208	0.02208	0.01353	0.68159	0.03348	0.04488	0.01710	0.01710	0.01211	0.00855	0.00712	0.00214	0.00784	0.00641	0.00712	0.01211
18	0.01904	0.75404	0.03731	0.01218	0.01828	0.02818	0.01218	0.02132	0.01447	0.01675	0.00990	0.01142	0.00914	0.00609	0.00457	0.00152	0.00761	0.00381	0.00305	0.00914
19	0.02745	0.01934	0.02099	0.01610	0.02178	0.02118	0.01330	0.63138	0.03246	0.09653	0.01795	0.01765	0.01254	0.00857	0.00713	0.00214	0.00770	0.00647	0.00725	0.01211
20	0.01530	0.01272	0.02016	0.52844	0.03993	0.01555	0.01752	0.03857	0.01492	0.07621	0.01544	0.06609	0.01267	0.00886	0.00899	0.00247	0.08668	0.00729	0.00397	0.00823
21	0.01036	0.00690	0.00777	0.00777	0.00777	0.00690	0.00431	0.01036	0.01036	0.01381	0.02244	0.04660	0.02589	0.74975	0.03624	0.00690	0.00690	0.01036	0.00431	0.00431
22	0.00981	0.00711	0.00926	0.00905	0.01056	0.00656	0.00666	0.01280	0.01905	0.02670	0.58183	0.15823	0.08399	0.01584	0.00850	0.00234	0.00348	0.01406	0.00761	0.00656
23	0.01019	0.00709	0.00896	0.00907	0.00950	0.00746	0.00591	0.01107	0.01091	0.01495	0.02248	0.08649	0.02472	0.48207	0.25097	0.00807	0.01057	0.01014	0.00431	0.00506
24	0.02190	0.02084	0.02147	0.18448	0.02848	0.19973	0.04958	0.20290	0.08702	0.05210	0.01551	0.01765	0.01167	0.00809	0.00787	0.00221	0.04759	0.00620	0.00499	0.00970
25	0.01763	0.01679	0.02791	0.04144	0.65202	0.01698	0.02103	0.02309	0.06871	0.02377	0.01460	0.01832	0.01209	0.00660	0.00706	0.00214	0.00824	0.00648	0.00381	0.01128
26	0.00914	0.00656	0.00855	0.00960	0.01020	0.00635	0.00648	0.01046	0.01331	0.01785	0.06485	0.49897	0.07268	0.13257	0.09338	0.00440	0.00617	0.01679	0.00601	0.00568
27	0.07904	0.07354	0.02039	0.11722	0.02388	0.03978	0.01306	0.29105	0.06739	0.07352	0.01592	0.01716	0.01181	0.00782	0.00702	0.00205	0.03019	0.00586	0.00560	0.09769
28	0.02160	0.08171	0.11582	0.01945	0.02550	0.02057	0.15213	0.31166	0.02320	0.05677	0.01497	0.01690	0.01111	0.00802	0.00887	0.00226	0.08714	0.00647	0.00517	0.01068
29	0.00902	0.00650	0.00810	0.00914	0.00978	0.00606	0.00604	0.01019	0.01362	0.01794	0.06894	0.50158	0.12452	0.15717	0.01404	0.00355	0.00455	0.01744	0.00624	0.00558
30	0.01897	0.01289	0.01523	0.06820	0.01806	0.01381	0.01017	0.27163	0.02144	0.09399	0.07125	0.06369	0.02218	0.21086	0.05252	0.00397	0.00762	0.00874	0.00608	0.00869
31	0.04595	0.01219	0.01349	0.07787	0.01762	0.06595	0.00995	0.13598	0.01846	0.07492	0.05192	0.38466	0.03141	0.01540	0.00800	0.00253	0.00613	0.01340	0.00628	0.00789

[dist]
# distance from previous block
# <min> <max>
3	6

[block]
# block no. 2 follows, 29 sequences, length 18
# corresponding to MSA columns:
# 134-151
name=unknown_C
#
# <colnr> <probs for GDERKNQSTAVLIFYWHMCP>
#	G	D	E	R	K	N	Q	S	T	A	V	L	I	F	Y	W	H	M	C	P
0	0.01289	0.00953	0.01151	0.06640	0.01455	0.00994	0.00804	0.12312	0.01691	0.02255	0.11548	0.14604	0.09916	0.25730	0.05169	0.00432	0.00664	0.01153	0.00570	0.00669
1	0.02101	0.01639	0.01844	0.01438	0.01953	0.01715	0.01170	0.30507	0.11922	0.05239	0.01703	0.01778	0.01291	0.00803	0.00797	0.00192	0.07009	0.00596	0.00593	0.25710
2	0.00910	0.00655	0.00856	0.00949	0.01031	0.00608	0.00653	0.01091	0.01543	0.02095	0.22279	0.50890	0.07551	0.04179	0.00969	0.00281	0.00398	0.01773	0.00688	0.00601
3	0.01536	0.01110	0.01247	0.01122	0.01344	0.01161	0.00815	0.23412	0.01968	0.02624	0.05622	0.22050	0.06894	0.23874	0.01664	0.00381	0.00615	0.01200	0.00613	0.00750
4	0.02580	0.01256	0.01566	0.01255	0.01723	0.01192	0.01016	0.14108	0.05297	0.42492	0.07277	0.07154	0.07675	0.01071	0.00745	0.00226	0.00586	0.00885	0.00808	0.01087
5	0.02707	0.01995	0.02137	0.01638	0.02208	0.02208	0.01353	0.68159	0.03348	0.04488	0.01710	0.01710	0.01211	0.00855	0.00712	0.00214	0.00784	0.00641	0.00712	0.01211
6	0.02339	0.10940	0.02242	0.01774	0.02088	0.49376	0.01398	0.02521	0.01755	0.01729	0.01053	0.01328	0.00921	0.00831	0.00987	0.00208	0.16853	0.00486	0.00348	0.00825
7	0.01876	0.01762	0.07535	0.10285	0.02450	0.01899	0.05801	0.23135	0.01966	0.02791	0.01423	0.01777	0.01122	0.00929	0.01209	0.00245	0.23835	0.00641	0.08379	0.00941
8	0.01100	0.00842	0.01022	0.00957	0.01166	0.00821	0.00724	0.01659	0.11562	0.02779	0.54194	0.05095	0.12504	0.01421	0.00824	0.00228	0.00371	0.01241	0.00763	0.00730
9	0.05362	0.00671	0.00849	0.00981	0.01055	0.00643	0.00668	0.01081	0.01406	0.01977	0.08930	0.64952	0.04643	0.02081	0.00877	0.00280	0.00415	0.01874	0.00658	0.00597
10	0.01810	0.01959	0.02069	0.19501	0.17612	0.23734	0.01601	0.02104	0.01612	0.01883	0.01518	0.06686	0.01419	0.05311	0.00994	0.00253	0.05916	0.02802	0.00380	0.00835
11	0.02244	0.01313	0.01578	0.01285	0.01704	0.01321	0.01044	0.25079	0.02462	0.23364	0.22983	0.03376	0.03213	0.01108	0.00768	0.00225	0.00588	0.04548	0.00780	0.01016
12	0.02615	0.01940	0.02088	0.01595	0.02169	0.02114	0.01315	0.63196	0.03208	0.04326	0.01676	0.01692	0.01199	0.00830	0.00698	0.00206	0.00764	0.00625	0.00691	0.07053
13	0.04001	0.01043	0.01178	0.01091	0.01383	0.04831	0.00825	0.01724	0.01602	0.12550	0.08377	0.29708	0.06665	0.01460	0.00771	0.00230	0.00525	0.05398	0.00634	0.16002
14	0.02070	0.01369	0.01748	0.01315	0.01866	0.01222	0.05279	0.13880	0.01924	0.18988	0.01866	0.04300	0.01461	0.05175	0.00822	0.00201	0.00641	0.00646	0.00587	0.34637
15	0.02821	0.01215	0.01625	0.04241	0.01885	0.01111	0.01064	0.07986	0.02108	0.55049	0.10692	0.02694	0.02278	0.00941	0.00730	0.00221	0.00601	0.00775	0.00834	0.01130
16	0.11087	0.01462	0.06049	0.01317	0.01819	0.01322	0.01125	0.12839	0.07058	0.35623	0.02482	0.10727	0.01896	0.01007	0.00706	0.00229	0.00630	0.00819	0.00732	0.01071
17	0.05247	0.10889	0.18628	0.04105	0.20212	0.12764	0.01817	0.05946	0.03911	0.07893	0.01420	0.01613	0.01088	0.00702	0.00651	0.00206	0.00911	0.00554	0.00414	0.01026

[dist]
# distance from previous block
# <min> <max>
10	135

[block]
# block no. 3 follows, 29 sequences, length 27
# corresponding to MSA columns:
# 290-316
name=unknown_D
#
# <colnr> <probs for GDERKNQSTAVLIFYWHMCP>
#	G	D	E	R	K	N	Q	S	T	A	V	L	I	F	Y	W	H	M	C	P
0	0.33872	0.06509	0.03775	0.03730	0.01682	0.01425	0.00970	0.05685	0.01594	0.12470	0.08555	0.05790	0.01803	0.00853	0.00588	0.00209	0.00585	0.00643	0.00544	0.08719
1	0.08554	0.01309	0.06173	0.01179	0.01539	0.03683	0.00986	0.04054	0.05558	0.17808	0.17026	0.05584	0.05522	0.08276	0.05475	0.00325	0.02554	0.00889	0.00633	0.02873
2	0.02362	0.01770	0.02036	0.04074	0.06953	0.01849	0.01316	0.45251	0.02729	0.06365	0.01620	0.01699	0.01186	0.00769	0.00674	0.00192	0.00734	0.00598	0.00621	0.17201
3	0.01476	0.03052	0.51493	0.06806	0.15949	0.01626	0.02452	0.02187	0.01526	0.02237	0.01380	0.01816	0.01065	0.00718	0.00695	0.00227	0.00992	0.02941	0.00324	0.01036
4	0.00876	0.00626	0.00834	0.00986	0.01035	0.00584	0.00662	0.01013	0.01403	0.01880	0.07922	0.70334	0.04831	0.02184	0.00905	0.00285	0.00408	0.01980	0.00668	0.00584
5	0.01075	0.00838	0.01017	0.00973	0.01161	0.00825	0.00739	0.03907	0.04358	0.02484	0.35682	0.13240	0.22186	0.01596	0.00920	0.00243	0.04164	0.03199	0.00705	0.00686
6	0.01564	0.00892	0.00916	0.00831	0.01066	0.00928	0.00644	0.13044	0.01811	0.02969	0.02218	0.02493	0.01720	0.00834	0.00534	0.00174	0.00409	0.00660	0.65537	0.00757
7	0.01685	0.01948	0.12668	0.08851	0.56250	0.01679	0.02235	0.02170	0.01591	0.02281	0.01325	0.01735	0.01083	0.00646	0.00701	0.00215	0.00883	0.00619	0.00343	0.01093
8	0.01771	0.01530	0.01610	0.01449	0.01852	0.01771	0.01127	0.03784	0.69247	0.02979	0.02898	0.02657	0.02174	0.00966	0.00725	0.00242	0.00564	0.00805	0.00725	0.01127
9	0.00989	0.00712	0.00961	0.01109	0.01215	0.00684	0.00859	0.01209	0.01517	0.01996	0.06764	0.40857	0.07503	0.02069	0.00934	0.00300	0.00509	0.28533	0.00664	0.00616
10	0.01020	0.00750	0.01080	0.01080	0.01184	0.00855	0.00809	0.01230	0.01125	0.01605	0.01967	0.03126	0.01923	0.17623	0.60066	0.01064	0.01693	0.00811	0.00390	0.00600
11	0.19806	0.01248	0.01521	0.01195	0.01722	0.01166	0.00987	0.03172	0.01859	0.56357	0.02416	0.02150	0.01548	0.00834	0.00657	0.00220	0.00594	0.00645	0.00786	0.01117
12	0.01237	0.00618	0.00928	0.00928	0.00928	0.00618	0.00618	0.00928	0.00928	0.01237	0.01237	0.02165	0.01237	0.02474	0.02783	0.79283	0.00618	0.00618	0.00309	0.00309
13	0.07343	0.02329	0.24988	0.11892	0.32714	0.04236	0.02172	0.02180	0.01543	0.02282	0.01276	0.01633	0.00998	0.00663	0.00675	0.00219	0.00921	0.00574	0.00338	0.01024
14	0.09772	0.13577	0.44402	0.01692	0.02546	0.01732	0.02011	0.02392	0.01541	0.11985	0.01423	0.01545	0.01012	0.00694	0.00626	0.00214	0.00896	0.00517	0.00398	0.01026
15	0.03064	0.01216	0.01639	0.01251	0.01808	0.01039	0.01031	0.03342	0.01995	0.65787	0.02692	0.02351	0.01709	0.00854	0.00702	0.00212	0.00600	0.00694	0.00846	0.07169
16	0.00942	0.00702	0.00876	0.00882	0.01036	0.00636	0.00643	0.01197	0.01786	0.02427	0.42092	0.21553	0.19200	0.01705	0.00856	0.00242	0.00359	0.01501	0.00731	0.00636
17	0.02707	0.01995	0.02137	0.01638	0.02208	0.02208	0.01353	0.68159	0.03348	0.04488	0.01710	0.01710	0.01211	0.00855	0.00712	0.00214	0.00784	0.00641	0.00712	0.01211
18	0.01477	0.01266	0.01477	0.01055	0.01687	0.00949	0.00844	0.01793	0.01477	0.02320	0.01266	0.01477	0.01055	0.00527	0.00527	0.00105	0.00527	0.00422	0.00422	0.79328
19	0.01558	0.01558	0.02181	0.01869	0.01869	0.02181	0.01558	0.01714	0.01091	0.01714	0.00935	0.01558	0.00935	0.01246	0.02337	0.00312	0.73672	0.00623	0.00312	0.00779
20	0.00868	0.00620	0.00826	0.00991	0.01033	0.00578	0.00661	0.00991	0.01363	0.01818	0.03925	0.74510	0.04710	0.02231	0.00909	0.00289	0.00413	0.02024	0.00661	0.00578
21	0.02854	0.01136	0.01543	0.01209	0.01700	0.00988	0.00988	0.03139	0.02035	0.60398	0.13309	0.02875	0.02535	0.00971	0.00735	0.00221	0.00564	0.00805	0.00866	0.01128
22	0.02960	0.01160	0.01577	0.01227	0.01737	0.01006	0.01006	0.03242	0.02036	0.63699	0.10048	0.02735	0.02295	0.00943	0.00729	0.00221	0.00577	0.00778	0.00871	0.01154
23	0.01529	0.03365	0.62248	0.06964	0.03133	0.01612	0.02490	0.02298	0.01530	0.06375	0.01369	0.01587	0.00957	0.00691	0.00681	0.00226	0.01018	0.00545	0.00337	0.01044
24	0.01368	0.01290	0.02179	0.69344	0.08638	0.01588	0.01989	0.01840	0.01435	0.01848	0.01270	0.01891	0.00959	0.00708	0.00712	0.00236	0.00943	0.00633	0.00318	0.00810
25	0.01428	0.03683	0.71286	0.02030	0.03082	0.01654	0.02631	0.02255	0.01503	0.02255	0.01278	0.01503	0.00902	0.00677	0.00677	0.00226	0.01052	0.00526	0.00301	0.01052
26	0.22260	0.04635	0.05920	0.01493	0.01938	0.34386	0.01228	0.10382	0.01888	0.02538	0.01239	0.01408	0.00978	0.00729	0.00586	0.00197	0.00940	0.00478	0.05914	0.00863

[dist]
# distance from previous block
# <min> <max>
0	1

[block]
# block no. 4 follows, 29 sequences, length 21
# corresponding to MSA columns:
# 318-338
name=unknown_E
#
# <colnr> <probs for GDERKNQSTAVLIFYWHMCP>
#	G	D	E	R	K	N	Q	S	T	A	V	L	I	F	Y	W	H	M	C	P
0	0.39855	0.01219	0.01253	0.01063	0.01494	0.01257	0.00854	0.02494	0.01539	0.29558	0.01999	0.07757	0.01563	0.04322	0.00734	0.00248	0.00568	0.00678	0.00631	0.00912
1	0.02012	0.04464	0.03556	0.09968	0.02038	0.03911	0.01112	0.02474	0.07280	0.26022	0.17094	0.02977	0.05361	0.00975	0.00717	0.00212	0.00615	0.00814	0.00669	0.07731
2	0.00999	0.00728	0.00939	0.00886	0.01058	0.00668	0.00665	0.01326	0.01994	0.02804	0.66701	0.05403	0.10208	0.01475	0.00840	0.00225	0.00337	0.01300	0.00777	0.00668
3	0.07806	0.08975	0.43887	0.02046	0.08326	0.04737	0.05081	0.02273	0.01531	0.04358	0.01282	0.01504	0.00952	0.00666	0.00644	0.00212	0.00956	0.00525	0.00344	0.03895
4	0.01904	0.75404	0.03731	0.01218	0.01828	0.02818	0.01218	0.02132	0.01447	0.01675	0.00990	0.01142	0.00914	0.00609	0.00457	0.00152	0.00761	0.00381	0.00305	0.00914
5	0.06350	0.06544	0.05081	0.01616	0.04612	0.01927	0.01337	0.41710	0.02702	0.18300	0.01832	0.01793	0.01273	0.00820	0.00682	0.00212	0.00747	0.00623	0.00679	0.01161
6	0.01572	0.04632	0.22428	0.01450	0.04611	0.01150	0.01403	0.02027	0.01777	0.14614	0.25578	0.06549	0.07036	0.01107	0.00752	0.00224	0.00641	0.00940	0.00608	0.00902
7	0.00956	0.00692	0.00903	0.00921	0.01050	0.00639	0.00664	0.01218	0.01789	0.02485	0.46375	0.27946	0.08258	0.01721	0.00862	0.00246	0.00362	0.01535	0.00740	0.00639
8	0.00935	0.00706	0.00983	0.01050	0.01161	0.00656	0.03186	0.01128	0.01515	0.02023	0.14218	0.51097	0.10415	0.01998	0.00895	0.00276	0.00442	0.06033	0.00668	0.00614
9	0.08761	0.06834	0.33407	0.08238	0.14428	0.01674	0.06757	0.02205	0.01525	0.04946	0.01408	0.01835	0.01098	0.00717	0.00674	0.00224	0.00924	0.02986	0.00364	0.00994
10	0.01518	0.01183	0.01453	0.04255	0.01785	0.01302	0.01184	0.11368	0.17407	0.02643	0.05518	0.07889	0.03122	0.01494	0.00919	0.00282	0.03471	0.31698	0.00658	0.00850
11	0.00889	0.00649	0.00836	0.00946	0.01030	0.00597	0.00650	0.01055	0.01503	0.02006	0.15590	0.55305	0.12216	0.02052	0.00890	0.00273	0.00394	0.01842	0.00682	0.00597
12	0.13963	0.02399	0.28080	0.02593	0.20833	0.01715	0.10360	0.02172	0.01479	0.02384	0.01243	0.01575	0.00967	0.00698	0.00797	0.00229	0.06595	0.00580	0.00345	0.00995
13	0.10970	0.01826	0.07885	0.25638	0.16429	0.07329	0.07355	0.05193	0.04326	0.04417	0.01382	0.01743	0.01053	0.00702	0.00682	0.00224	0.00905	0.00609	0.00396	0.00937
14	0.05060	0.00867	0.04206	0.03569	0.01132	0.00789	0.00679	0.01689	0.01472	0.02595	0.02231	0.05366	0.01811	0.00865	0.00529	0.00179	0.00405	0.00697	0.65169	0.00689
15	0.00889	0.00629	0.00820	0.00964	0.01000	0.00593	0.00632	0.00997	0.01322	0.01762	0.03710	0.65611	0.04439	0.11499	0.01255	0.00340	0.00448	0.01898	0.00632	0.00560
16	0.08649	0.01919	0.17595	0.25813	0.11342	0.04676	0.03654	0.02016	0.03407	0.02153	0.01648	0.02021	0.04757	0.00833	0.00769	0.03621	0.00870	0.00636	0.02750	0.00870
17	0.01574	0.05126	0.26803	0.01456	0.02060	0.05180	0.01529	0.10600	0.01851	0.05714	0.08377	0.03189	0.18031	0.01250	0.03918	0.00263	0.00812	0.00846	0.00515	0.00906
18	0.38841	0.08116	0.19684	0.01231	0.01802	0.01548	0.01273	0.01991	0.01431	0.02714	0.10184	0.02056	0.04980	0.00818	0.00574	0.00217	0.00664	0.00592	0.00447	0.00836
19	0.01343	0.01100	0.03139	0.01274	0.03491	0.04403	0.00967	0.08826	0.01846	0.04268	0.19039	0.29205	0.04218	0.01650	0.00852	0.00261	0.00555	0.12154	0.00667	0.00742
20	0.14566	0.07767	0.33265	0.05240	0.08913	0.01566	0.01831	0.02052	0.01454	0.04184	0.01618	0.11460	0.01449	0.00885	0.00658	0.00227	0.00823	0.00717	0.00395	0.00930

[dist]
# distance from previous block
# <min> <max>
2	8

[block]
# block no. 5 follows, 29 sequences, length 173
# corresponding to MSA columns:
# 347-519
name=unknown_F
#
# <colnr> <probs for GDERKNQSTAVLIFYWHMCP>
#	G	D	E	R	K	N	Q	S	T	A	V	L	I	F	Y	W	H	M	C	P
0	0.04854	0.02020	0.17345	0.17681	0.39887	0.01658	0.02180	0.02122	0.01539	0.02244	0.01297	0.01709	0.01028	0.00660	0.00689	0.00220	0.00899	0.00601	0.00338	0.01029
1	0.12886	0.01383	0.04631	0.01293	0.01675	0.01372	0.01087	0.17339	0.09441	0.09011	0.04978	0.11258	0.04577	0.03645	0.00846	0.00264	0.00628	0.12136	0.00647	0.00903
2	0.06722	0.33948	0.27393	0.05425	0.02435	0.06135	0.01740	0.02265	0.04298	0.02045	0.01193	0.01384	0.00955	0.00664	0.00570	0.00193	0.00883	0.00469	0.00333	0.00951
3	0.07003	0.00946	0.01122	0.01026	0.01265	0.00957	0.00788	0.05960	0.04985	0.08423	0.33771	0.12635	0.08516	0.01362	0.00830	0.00232	0.03073	0.01155	0.05182	0.00767
4	0.00997	0.00670	0.00857	0.00946	0.00984	0.00653	0.00633	0.01062	0.01238	0.01644	0.03048	0.34129	0.03545	0.29095	0.02086	0.07389	0.00564	0.09407	0.00545	0.00510
5	0.01468	0.00839	0.00857	0.00806	0.01023	0.00877	0.00617	0.06666	0.07842	0.02817	0.02331	0.02587	0.01813	0.00844	0.00534	0.00176	0.00386	0.00675	0.66095	0.00746
6	0.00950	0.00691	0.00894	0.00917	0.01047	0.00636	0.00660	0.01204	0.01770	0.02444	0.43670	0.28737	0.10249	0.01740	0.00863	0.00247	0.00364	0.01550	0.00734	0.00636
7	0.00956	0.00726	0.00881	0.00842	0.01032	0.00650	0.00631	0.01244	0.01894	0.02568	0.50709	0.05793	0.26347	0.01563	0.00840	0.00229	0.00344	0.01354	0.00746	0.00650
8	0.01428	0.03683	0.71286	0.02030	0.03082	0.01654	0.02631	0.02255	0.01503	0.02255	0.01278	0.01503	0.00902	0.00677	0.00677	0.00226	0.01052	0.00526	0.00301	0.01052
9	0.01800	0.01544	0.01627	0.01455	0.01863	0.01785	0.01134	0.05804	0.67179	0.03026	0.02861	0.02627	0.02143	0.00963	0.00724	0.00241	0.00570	0.00800	0.00724	0.01130
10	0.03195	0.01212	0.01652	0.01267	0.01818	0.01047	0.01047	0.03470	0.02038	0.71026	0.02809	0.02424	0.01763	0.00881	0.00716	0.00220	0.00606	0.00716	0.00881	0.01212
11	0.80005	0.01377	0.01047	0.00936	0.01377	0.01597	0.00771	0.02093	0.01212	0.03195	0.00991	0.01157	0.00771	0.00661	0.00441	0.00220	0.00551	0.00386	0.00441	0.00771
12	0.80005	0.01377	0.01047	0.00936	0.01377	0.01597	0.00771	0.02093	0.01212	0.03195	0.00991	0.01157	0.00771	0.00661	0.00441	0.00220	0.00551	0.00386	0.00441	0.00771
13	0.01008	0.00728	0.00952	0.00896	0.01064	0.00672	0.00672	0.01344	0.02016	0.02855	0.70158	0.05319	0.06719	0.01456	0.00840	0.00224	0.00336	0.01288	0.00784	0.00672
14	0.03195	0.01212	0.01652	0.01267	0.01818	0.01047	0.01047	0.03470	0.02038	0.71026	0.02809	0.02424	0.01763	0.00881	0.00716	0.00220	0.00606	0.00716	0.00881	0.01212
15	0.02707	0.01995	0.02137	0.01638	0.02208	0.02208	0.01353	0.68159	0.03348	0.04488	0.01710	0.01710	0.01211	0.00855	0.00712	0.00214	0.00784	0.00641	0.00712	0.01211
16	0.01477	0.01266	0.01477	0.01055	0.01687	0.00949	0.00844	0.01793	0.01477	0.02320	0.01266	0.01477	0.01055	0.00527	0.00527	0.00105	0.00527	0.00422	0.00422	0.79328
17	0.75620	0.01368	0.01081	0.00955	0.01402	0.01566	0.00787	0.02172	0.01259	0.07068	0.01095	0.01229	0.00828	0.00674	0.00456	0.00220	0.00554	0.00404	0.00466	0.00796
18	0.01528	0.01296	0.01504	0.01079	0.01709	0.01001	0.00865	0.04548	0.01554	0.02410	0.01284	0.01486	0.01061	0.00541	0.00535	0.00110	0.00538	0.00431	0.00434	0.76085
19	0.02672	0.01977	0.02117	0.01631	0.02195	0.02192	0.01345	0.65738	0.05826	0.04431	0.01754	0.01745	0.01247	0.00859	0.00713	0.00215	0.00775	0.00647	0.00713	0.01208
20	0.75533	0.01408	0.01227	0.01054	0.01511	0.01609	0.04607	0.02104	0.01239	0.03143	0.01017	0.01200	0.00789	0.00658	0.00463	0.00221	0.00588	0.00412	0.00436	0.00782
21	0.02249	0.01767	0.01879	0.01546	0.02034	0.01994	0.01243	0.36652	0.35600	0.03749	0.02291	0.02173	0.01682	0.00909	0.00718	0.00227	0.00676	0.00721	0.00718	0.01170
22	0.00868	0.00620	0.00826	0.00991	0.01033	0.00578	0.00661	0.00991	0.01363	0.01818	0.03925	0.74510	0.04710	0.02231	0.00909	0.00289	0.00413	0.02024	0.00661	0.00578
23	0.01681	0.01921	0.04202	0.03001	0.03721	0.01801	0.67947	0.02281	0.01681	0.02281	0.01441	0.01921	0.01080	0.00600	0.00840	0.00240	0.01200	0.00840	0.00360	0.00960
24	0.01327	0.00664	0.00664	0.00664	0.00830	0.00664	0.00498	0.01659	0.01493	0.02655	0.02323	0.02655	0.01825	0.00830	0.00498	0.00166	0.00332	0.00664	0.78928	0.00664
25	0.01904	0.75404	0.03731	0.01218	0.01828	0.02818	0.01218	0.02132	0.01447	0.01675	0.00990	0.01142	0.00914	0.00609	0.00457	0.00152	0.00761	0.00381	0.00305	0.00914
26	0.00877	0.00627	0.00837	0.01003	0.01048	0.00587	0.00678	0.01008	0.01373	0.01829	0.03919	0.72183	0.04688	0.02222	0.00911	0.00291	0.00422	0.04255	0.00661	0.00581
27	0.01018	0.00760	0.01131	0.01131	0.01254	0.00883	0.00874	0.01263	0.01140	0.01643	0.01919	0.02865	0.01809	0.07856	0.69677	0.01128	0.01863	0.00773	0.00383	0.00628
28	0.01345	0.01266	0.02136	0.73264	0.04904	0.01582	0.01978	0.01819	0.01424	0.01819	0.01266	0.01898	0.00949	0.00712	0.00712	0.00237	0.00949	0.00633	0.00316	0.00791
29	0.01477	0.01266	0.01477	0.01055	0.01687	0.00949	0.00844	0.01793	0.01477	0.02320	0.01266	0.01477	0.01055	0.00527	0.00527	0.00105	0.00527	0.00422	0.00422	0.79328
30	0.01012	0.00680	0.00784	0.00807	0.00813	0.00675	0.00464	0.01029	0.01082	0.01442	0.02481	0.14506	0.02888	0.64721	0.03242	0.00634	0.00651	0.01175	0.00464	0.00452
31	0.01345	0.01266	0.02136	0.73264	0.04904	0.01582	0.01978	0.01819	0.01424	0.01819	0.01266	0.01898	0.00949	0.00712	0.00712	0.00237	0.00949	0.00633	0.00316	0.00791
32	0.00911	0.00655	0.00796	0.00890	0.00950	0.00613	0.00578	0.01009	0.01311	0.01711	0.03957	0.44527	0.14158	0.22592	0.01661	0.00394	0.00483	0.01667	0.00597	0.00541
33	0.01477	0.01266	0.01477	0.01055	0.01687	0.00949	0.00844	0.01793	0.01477	0.02320	0.01266	0.01477	0.01055	0.00527	0.00527	0.00105	0.00527	0.00422	0.00422	0.79328
34	0.28169	0.01295	0.01437	0.01154	0.01650	0.01293	0.00950	0.07782	0.01837	0.40158	0.02106	0.01968	0.01400	0.00805	0.00614	0.00217	0.00586	0.00600	0.04940	0.01038
35	0.00890	0.00714	0.00795	0.00794	0.00996	0.00619	0.00588	0.01109	0.01709	0.02174	0.24449	0.12422	0.46747	0.01744	0.00847	0.00240	0.00358	0.01489	0.00695	0.00619
36	0.00868	0.00620	0.00826	0.00991	0.01033	0.00578	0.00661	0.00991	0.01363	0.01818	0.03925	0.74510	0.04710	0.02231	0.00909	0.00289	0.00413	0.02024	0.00661	0.00578
37	0.01002	0.00728	0.00943	0.00889	0.01060	0.00669	0.00667	0.01332	0.02001	0.02820	0.67769	0.05377	0.09129	0.01469	0.00840	0.00225	0.00337	0.01296	0.00779	0.00669
38	0.80005	0.01377	0.01047	0.00936	0.01377	0.01597	0.00771	0.02093	0.01212	0.03195	0.00991	0.01157	0.00771	0.00661	0.00441	0.00220	0.00551	0.00386	0.00441	0.00771
39	0.01904	0.75404	0.03731	0.01218	0.01828	0.02818	0.01218	0.02132	0.01447	0.01675	0.00990	0.01142	0.00914	0.00609	0.00457	0.00152	0.00761	0.00381	0.00305	0.00914
40	0.80005	0.01377	0.01047	0.00936	0.01377	0.01597	0.00771	0.02093	0.01212	0.03195	0.00991	0.01157	0.00771	0.00661	0.00441	0.00220	0.00551	0.00386	0.00441	0.00771
41	0.01417	0.01351	0.02322	0.60783	0.14209	0.01606	0.04510	0.01889	0.01462	0.01909	0.01283	0.01880	0.00980	0.00697	0.00716	0.00234	0.00944	0.00641	0.00323	0.00845
42	0.00868	0.00620	0.00826	0.00991	0.01033	0.00578	0.00661	0.00991	0.01363	0.01818	0.03925	0.74510	0.04710	0.02231	0.00909	0.00289	0.00413	0.02024	0.00661	0.00578
43	0.80005	0.01377	0.01047	0.00936	0.01377	0.01597	0.00771	0.02093	0.01212	0.03195	0.00991	0.01157	0.00771	0.00661	0.00441	0.00220	0.00551	0.00386	0.00441	0.00771
44	0.80005	0.01377	0.01047	0.00936	0.01377	0.01597	0.00771	0.02093	0.01212	0.03195	0.00991	0.01157	0.00771	0.00661	0.00441	0.00220	0.00551	0.00386	0.00441	0.00771
45	0.00842	0.00721	0.00721	0.00721	0.00962	0.00601	0.00541	0.01022	0.01623	0.01924	0.07213	0.06853	0.70244	0.01803	0.00842	0.00240	0.00361	0.01503	0.00661	0.00601
46	0.02707	0.01995	0.02137	0.01638	0.02208	0.02208	0.01353	0.68159	0.03348	0.04488	0.01710	0.01710	0.01211	0.00855	0.00712	0.00214	0.00784	0.00641	0.00712	0.01211
47	0.67156	0.01377	0.01165	0.01004	0.01464	0.01546	0.00828	0.04563	0.01395	0.12223	0.01257	0.01344	0.00918	0.00697	0.00487	0.00220	0.00566	0.00438	0.00508	0.00845
48	0.01771	0.01530	0.01610	0.01449	0.01852	0.01771	0.01127	0.03784	0.69247	0.02979	0.02898	0.02657	0.02174	0.00966	0.00725	0.00242	0.00564	0.00805	0.00725	0.01127
49	0.00842	0.00721	0.00721	0.00721	0.00962	0.00601	0.00541	0.01022	0.01623	0.01924	0.07213	0.06853	0.70244	0.01803	0.00842	0.00240	0.00361	0.01503	0.00661	0.00601
50	0.02780	0.01877	0.02064	0.01583	0.02150	0.02034	0.01307	0.58472	0.03152	0.14452	0.01874	0.01817	0.01294	0.00859	0.00713	0.00215	0.00757	0.00652	0.00738	0.01211
51	0.03195	0.01212	0.01652	0.01267	0.01818	0.01047	0.01047	0.03470	0.02038	0.71026	0.02809	0.02424	0.01763	0.00881	0.00716	0.00220	0.00606	0.00716	0.00881	0.01212
52	0.01017	0.00763	0.01144	0.01144	0.01272	0.00890	0.00890	0.01272	0.01144	0.01653	0.01907	0.02797	0.01780	0.05340	0.72153	0.01144	0.01907	0.00763	0.00381	0.00636
53	0.01428	0.03683	0.71286	0.02030	0.03082	0.01654	0.02631	0.02255	0.01503	0.02255	0.01278	0.01503	0.00902	0.00677	0.00677	0.00226	0.01052	0.00526	0.00301	0.01052
54	0.02569	0.01926	0.02059	0.01610	0.02156	0.02144	0.01320	0.58681	0.13050	0.04265	0.01885	0.01849	0.01353	0.00871	0.00714	0.00218	0.00751	0.00665	0.00714	0.01199
55	0.00868	0.00620	0.00826	0.00991	0.01033	0.00578	0.00661	0.00991	0.01363	0.01818	0.03925	0.74510	0.04710	0.02231	0.00909	0.00289	0.00413	0.02024	0.00661	0.00578
56	0.01718	0.01613	0.02546	0.06885	0.52255	0.01671	0.01924	0.02444	0.14666	0.02417	0.01805	0.02087	0.03297	0.00735	0.00713	0.00219	0.00782	0.00692	0.00431	0.01097
57	0.00863	0.00636	0.00810	0.00949	0.01022	0.00582	0.00642	0.00996	0.01404	0.01834	0.04443	0.63845	0.15040	0.02163	0.00898	0.00282	0.00405	0.01942	0.00661	0.00582
58	0.01345	0.01266	0.02136	0.73264	0.04904	0.01582	0.01978	0.01819	0.01424	0.01819	0.01266	0.01898	0.00949	0.00712	0.00712	0.00237	0.00949	0.00633	0.00316	0.00791
59	0.80005	0.01377	0.01047	0.00936	0.01377	0.01597	0.00771	0.02093	0.01212	0.03195	0.00991	0.01157	0.00771	0.00661	0.00441	0.00220	0.00551	0.00386	0.00441	0.00771
60	0.01017	0.00763	0.01144	0.01144	0.01272	0.00890	0.00890	0.01272	0.01144	0.01653	0.01907	0.02797	0.01780	0.05340	0.72153	0.01144	0.01907	0.00763	0.00381	0.00636
61	0.01904	0.75404	0.03731	0.01218	0.01828	0.02818	0.01218	0.02132	0.01447	0.01675	0.00990	0.01142	0.00914	0.00609	0.00457	0.00152	0.00761	0.00381	0.00305	0.00914
62	0.00976	0.00727	0.00908	0.00862	0.01044	0.00658	0.00647	0.01282	0.01940	0.02676	0.58062	0.05614	0.18926	0.01523	0.00840	0.00227	0.00341	0.01329	0.00760	0.00658
63	0.01659	0.00873	0.01154	0.01001	0.01287	0.00782	0.00780	0.01971	0.02007	0.23329	0.47508	0.04506	0.07638	0.01296	0.00803	0.00223	0.00418	0.01124	0.00809	0.00832
64	0.03195	0.01212	0.01652	0.01267	0.01818	0.01047	0.01047	0.03470	0.02038	0.71026	0.02809	0.02424	0.01763	0.00881	0.00716	0.00220	0.00606	0.00716	0.00881	0.01212
65	0.00965	0.00722	0.00894	0.00859	0.01039	0.00652	0.00641	0.01257	0.01902	0.02604	0.53323	0.08171	0.21221	0.01563	0.00843	0.00230	0.00344	0.01364	0.00751	0.00652
66	0.01119	0.00758	0.00954	0.00887	0.01094	0.00683	0.00672	0.01422	0.01944	0.07095	0.54110	0.05416	0.18194	0.01483	0.00832	0.00227	0.00358	0.01291	0.00767	0.00694
67	0.00981	0.00684	0.00783	0.00809	0.00853	0.00659	0.00492	0.01035	0.01197	0.01569	0.05163	0.16798	0.11973	0.50880	0.02717	0.00550	0.00590	0.01272	0.00511	0.00486
68	0.01524	0.03550	0.67525	0.01988	0.03014	0.01621	0.02545	0.02321	0.01532	0.05969	0.01361	0.01553	0.00948	0.00688	0.00679	0.00225	0.01028	0.00536	0.00332	0.01061
69	0.01904	0.75404	0.03731	0.01218	0.01828	0.02818	0.01218	0.02132	0.01447	0.01675	0.00990	0.01142	0.00914	0.00609	0.00457	0.00152	0.00761	0.00381	0.00305	0.00914
70	0.01613	0.01632	0.02229	0.01879	0.01959	0.05844	0.06185	0.01812	0.01205	0.01809	0.01059	0.01631	0.00995	0.01149	0.02034	0.00291	0.60448	0.00632	0.04807	0.00788
71	0.77060	0.01401	0.01088	0.00963	0.01409	0.01621	0.00793	0.04610	0.01293	0.03244	0.01019	0.01178	0.00788	0.00668	0.00451	0.00220	0.00560	0.00395	0.00451	0.00788
72	0.00868	0.00620	0.00826	0.00991	0.01033	0.00578	0.00661	0.00991	0.01363	0.01818	0.03925	0.74510	0.04710	0.02231	0.00909	0.00289	0.00413	0.02024	0.00661	0.00578
73	0.01304	0.00973	0.04897	0.01169	0.04155	0.00802	0.00898	0.01627	0.01854	0.10766	0.41407	0.14624	0.07353	0.01452	0.00826	0.00237	0.00452	0.03719	0.00725	0.00760
74	0.02660	0.03394	0.02018	0.01834	0.02201	0.72116	0.01376	0.02843	0.02018	0.01743	0.01101	0.01284	0.00917	0.00734	0.00642	0.00183	0.01284	0.00459	0.00367	0.00825
75	0.01472	0.10261	0.65090	0.01955	0.02967	0.01760	0.02501	0.02244	0.01498	0.02202	0.01251	0.01470	0.00903	0.00670	0.00656	0.00219	0.01026	0.00513	0.00301	0.01040
76	0.19919	0.01049	0.04246	0.00974	0.01278	0.00956	0.00810	0.01655	0.01746	0.06673	0.37466	0.04251	0.11622	0.01254	0.00736	0.00228	0.00449	0.03285	0.00668	0.00736
77	0.01521	0.01278	0.01486	0.01079	0.01684	0.01006	0.00864	0.05558	0.01613	0.02473	0.05012	0.01697	0.01370	0.00596	0.00555	0.00118	0.00532	0.00481	0.00458	0.70620
78	0.00868	0.00620	0.00826	0.00991	0.01033	0.00578	0.00661	0.00991	0.01363	0.01818	0.03925	0.74510	0.04710	0.02231	0.00909	0.00289	0.00413	0.02024	0.00661	0.00578
79	0.01663	0.01210	0.01511	0.01574	0.07866	0.01263	0.01134	0.14930	0.12056	0.07335	0.03108	0.20986	0.05278	0.01462	0.00825	0.00262	0.00612	0.15362	0.00666	0.00895
80	0.02676	0.01932	0.02085	0.01610	0.02170	0.02130	0.01326	0.61495	0.07050	0.07476	0.01828	0.01797	0.01291	0.00862	0.00713	0.00216	0.00763	0.00654	0.00721	0.01206
81	0.01046	0.00806	0.01200	0.01184	0.01304	0.00960	0.00926	0.01295	0.01141	0.01656	0.01855	0.02730	0.01734	0.05119	0.68383	0.01099	0.05783	0.00755	0.00378	0.00644
82	0.00910	0.00644	0.00845	0.00984	0.01033	0.00610	0.00666	0.01039	0.01364	0.01820	0.05801	0.59921	0.04487	0.10636	0.01227	0.00336	0.00459	0.06011	0.00638	0.00569
83	0.03791	0.01306	0.02220	0.67021	0.04728	0.01595	0.05707	0.01854	0.01432	0.01888	0.01267	0.01877	0.00951	0.00704	0.00711	0.00237	0.00951	0.00637	0.00323	0.00800
84	0.02435	0.06934	0.02131	0.11906	0.02564	0.56011	0.01452	0.04882	0.01948	0.01843	0.01139	0.01378	0.00932	0.00728	0.00644	0.00190	0.01191	0.00485	0.00368	0.00838
85	0.01618	0.01462	0.02321	0.47366	0.20706	0.01687	0.01951	0.10205	0.01713	0.02278	0.01339	0.01841	0.01026	0.00711	0.00710	0.00228	0.00903	0.00634	0.00375	0.00926
86	0.00992	0.00721	0.00934	0.00893	0.01057	0.00663	0.00665	0.01309	0.01960	0.02753	0.63468	0.09340	0.09539	0.01516	0.00844	0.00228	0.00341	0.01340	0.00771	0.00663
87	0.01477	0.01266	0.01477	0.01055	0.01687	0.00949	0.00844	0.01793	0.01477	0.02320	0.01266	0.01477	0.01055	0.00527	0.00527	0.00105	0.00527	0.00422	0.00422	0.79328
88	0.00999	0.00728	0.00939	0.00886	0.01058	0.00668	0.00665	0.01326	0.01994	0.02805	0.66758	0.05402	0.10150	0.01475	0.00840	0.00225	0.00337	0.01299	0.00777	0.00668
89	0.00871	0.00633	0.00813	0.00956	0.01017	0.00585	0.00641	0.00996	0.01380	0.01814	0.04215	0.64993	0.11555	0.04660	0.00994	0.00298	0.00417	0.01936	0.00653	0.00576
90	0.01095	0.00793	0.01011	0.00945	0.01127	0.00753	0.00710	0.05135	0.02048	0.02878	0.61772	0.09791	0.06268	0.01474	0.00837	0.00228	0.00367	0.01301	0.00771	0.00696
91	0.00868	0.00620	0.00826	0.00991	0.01033	0.00578	0.00661	0.00991	0.01363	0.01818	0.03925	0.74510	0.04710	0.02231	0.00909	0.00289	0.00413	0.02024	0.00661	0.00578
92	0.01477	0.01266	0.01477	0.01055	0.01687	0.00949	0.00844	0.01793	0.01477	0.02320	0.01266	0.01477	0.01055	0.00527	0.00527	0.00105	0.00527	0.00422	0.00422	0.79328
93	0.01649	0.01379	0.01599	0.01172	0.01767	0.01178	0.00946	0.10862	0.01715	0.02589	0.01311	0.01512	0.01071	0.00605	0.00636	0.00130	0.03942	0.00461	0.00456	0.65020
94	0.00902	0.00720	0.00807	0.00793	0.01001	0.00626	0.00592	0.01136	0.01754	0.02252	0.29535	0.08581	0.45402	0.01694	0.00843	0.00236	0.00354	0.01444	0.00705	0.00626
95	0.01477	0.01266	0.01477	0.01055	0.01687	0.00949	0.00844	0.01793	0.01477	0.02320	0.01266	0.01477	0.01055	0.00527	0.00527	0.00105	0.00527	0.00422	0.00422	0.79328
96	0.01691	0.01827	0.08439	0.07896	0.32599	0.01641	0.24056	0.02198	0.01655	0.04680	0.05131	0.02019	0.01407	0.00684	0.00756	0.00225	0.00951	0.00733	0.00390	0.01023
97	0.01836	0.65251	0.13294	0.01333	0.02005	0.02653	0.01418	0.02150	0.01455	0.01757	0.01031	0.01193	0.00912	0.00619	0.00488	0.00163	0.00803	0.00401	0.00304	0.00933
98	0.01271	0.01010	0.01230	0.01119	0.01466	0.00885	0.00886	0.03792	0.04142	0.02232	0.02900	0.20594	0.06441	0.01376	0.00759	0.00219	0.00533	0.16804	0.00569	0.31771
