[name]
unknown

[dist]
# distance from previous block
# <min> <max>
0	14

[block]
# block no. 0 follows, 29 sequences, length 13
# corresponding to MSA columns:
# 14-26
name=unknown_A
#
# <colnr> <probs for GDERKNQSTAVLIFYWHMCP>
#	G	D	E	R	K	N	Q	S	T	A	V	L	I	F	Y	W	H	M	C	P
0	0.01430	0.00874	0.01217	0.01305	0.01523	0.00851	0.01134	0.01751	0.01694	0.11645	0.03637	0.07258	0.03776	0.01817	0.00947	0.00313	0.00649	0.56761	0.00687	0.00732
1	0.03139	0.01302	0.01708	0.01309	0.01862	0.01180	0.01082	0.10883	0.02188	0.63401	0.02683	0.02342	0.01699	0.00878	0.00716	0.00220	0.00626	0.00707	0.00862	0.01212
2	0.01564	0.01024	0.01230	0.01077	0.01329	0.01024	0.00813	0.15436	0.02094	0.09410	0.33641	0.10013	0.04304	0.12375	0.01225	0.00297	0.00515	0.01122	0.00715	0.00792
3	0.02236	0.01632	0.01769	0.01410	0.01849	0.01766	0.01121	0.48572	0.02731	0.03698	0.01947	0.07370	0.01671	0.11340	0.01119	0.00280	0.00716	0.00787	0.03551	0.04435
4	0.03038	0.01335	0.01719	0.01314	0.01872	0.01221	0.01084	0.13342	0.02213	0.57517	0.02567	0.02269	0.01644	0.00860	0.00707	0.00214	0.00629	0.00691	0.00833	0.04934
5	0.01780	0.01823	0.03089	0.06730	0.49594	0.05830	0.16179	0.02229	0.01649	0.02262	0.01344	0.01774	0.01098	0.00636	0.00730	0.00217	0.00952	0.00668	0.00353	0.01061
6	0.02004	0.01560	0.01685	0.01415	0.01880	0.01703	0.01123	0.18252	0.40894	0.07200	0.02633	0.02478	0.04529	0.00926	0.00707	0.00221	0.00605	0.00753	0.00699	0.08734
7	0.01939	0.01524	0.01707	0.01286	0.01862	0.01436	0.01039	0.28456	0.02223	0.03165	0.01588	0.05529	0.01316	0.00751	0.00622	0.00159	0.00624	0.00597	0.00552	0.43625
8	0.01669	0.01579	0.02637	0.07352	0.07567	0.01650	0.23043	0.02355	0.12891	0.05005	0.01635	0.01963	0.01282	0.00923	0.03284	0.00258	0.11796	0.00706	0.00440	0.11962
9	0.01110	0.00861	0.00957	0.00949	0.01124	0.00855	0.00671	0.04304	0.11221	0.02082	0.07237	0.21734	0.24347	0.17598	0.01439	0.00348	0.00491	0.01380	0.00628	0.00663
10	0.01640	0.01368	0.01676	0.01367	0.01727	0.01451	0.01100	0.15284	0.01730	0.02509	0.01642	0.10200	0.01545	0.01357	0.06888	0.00283	0.17990	0.00730	0.00480	0.29032
11	0.01361	0.01035	0.01209	0.01130	0.01381	0.03169	0.00840	0.04474	0.04574	0.06892	0.03172	0.37714	0.07945	0.01560	0.00876	0.00238	0.04780	0.01344	0.00606	0.15700
12	0.01761	0.01820	0.02156	0.07629	0.07184	0.15784	0.11261	0.02246	0.07405	0.02158	0.01456	0.01775	0.01181	0.00917	0.03961	0.00234	0.05785	0.00596	0.03829	0.20861

[dist]
# distance from previous block
# <min> <max>
11	18

[block]
# block no. 1 follows, 29 sequences, length 11
# corresponding to MSA columns:
# 47-57
name=unknown_B
#
# <colnr> <probs for GDERKNQSTAVLIFYWHMCP>
#	G	D	E	R	K	N	Q	S	T	A	V	L	I	F	Y	W	H	M	C	P
0	0.02080	0.01775	0.04581	0.01452	0.01893	0.09688	0.01175	0.12028	0.33466	0.11091	0.04513	0.02468	0.01935	0.05410	0.00885	0.00251	0.00701	0.00739	0.00659	0.03209
1	0.01024	0.00825	0.01191	0.03779	0.01409	0.00793	0.06249	0.01313	0.04357	0.02061	0.15135	0.37621	0.12242	0.07290	0.01073	0.00294	0.00506	0.01561	0.00630	0.00648
2	0.03782	0.02054	0.01755	0.05515	0.02039	0.25530	0.01222	0.12891	0.11698	0.05487	0.01846	0.02144	0.03193	0.05438	0.08794	0.00343	0.04211	0.00657	0.00506	0.00894
3	0.01013	0.00694	0.00806	0.00815	0.00843	0.00695	0.00489	0.01052	0.01098	0.01460	0.02611	0.08487	0.06757	0.60772	0.08957	0.00678	0.00755	0.01096	0.00454	0.00467
4	0.02066	0.01578	0.01813	0.01561	0.04767	0.01716	0.01198	0.38012	0.07177	0.03380	0.01920	0.07167	0.01621	0.03907	0.10101	0.00351	0.02850	0.00761	0.00608	0.07446
5	0.01536	0.01446	0.01808	0.05510	0.03249	0.09175	0.06640	0.03866	0.03384	0.01948	0.06462	0.08849	0.01933	0.07695	0.01633	0.09357	0.19159	0.00828	0.00429	0.05091
6	0.01985	0.06223	0.02221	0.10419	0.14464	0.25261	0.04752	0.07062	0.07433	0.02215	0.03391	0.02209	0.07646	0.00842	0.00695	0.00209	0.00934	0.00680	0.00445	0.00915
7	0.01337	0.01052	0.01267	0.08966	0.01695	0.01015	0.00865	0.09767	0.01604	0.02185	0.02749	0.13289	0.11452	0.19141	0.01422	0.00320	0.00607	0.00995	0.00516	0.19756
8	0.10831	0.01701	0.02676	0.07664	0.19230	0.04669	0.19851	0.07629	0.01710	0.06288	0.01512	0.05023	0.01242	0.00785	0.00835	0.00232	0.06001	0.00722	0.00433	0.00966
9	0.01861	0.01649	0.04416	0.04097	0.18852	0.03874	0.01428	0.11078	0.26713	0.06136	0.02567	0.02624	0.07728	0.02819	0.00798	0.00238	0.00699	0.00780	0.00588	0.01056
10	0.01664	0.01530	0.01873	0.15836	0.04822	0.07474	0.01408	0.09754	0.04663	0.02242	0.01653	0.09947	0.01522	0.01078	0.01208	0.00249	0.23199	0.00777	0.06017	0.03084

[dist]
# distance from previous block
# <min> <max>
0	2

[block]
# block no. 2 follows, 29 sequences, length 9
# corresponding to MSA columns:
# 60-68
name=unknown_C
#
# <colnr> <probs for GDERKNQSTAVLIFYWHMCP>
#	G	D	E	R	K	N	Q	S	T	A	V	L	I	F	Y	W	H	M	C	P
0	0.01522	0.01480	0.02276	0.04647	0.18578	0.04877	0.11866	0.01790	0.01355	0.01873	0.01490	0.02467	0.01441	0.18947	0.04976	0.00396	0.18092	0.00758	0.00364	0.00804
1	0.01519	0.01157	0.01318	0.05406	0.01617	0.01189	0.00910	0.22230	0.02060	0.02711	0.06884	0.15926	0.19889	0.09276	0.01089	0.00282	0.00579	0.01162	0.00628	0.04168
2	0.04691	0.01413	0.01554	0.01284	0.01682	0.01476	0.01000	0.30840	0.06278	0.05836	0.02323	0.13697	0.04001	0.10350	0.01082	0.00276	0.00643	0.00911	0.00632	0.10030
3	0.01424	0.01108	0.01446	0.01652	0.12198	0.01137	0.01045	0.14269	0.05154	0.02507	0.06896	0.37609	0.03353	0.05566	0.00974	0.00278	0.00570	0.01382	0.00620	0.00811
4	0.01595	0.01518	0.02512	0.30990	0.32204	0.01665	0.05891	0.02247	0.09980	0.02206	0.01511	0.01937	0.01185	0.00704	0.00718	0.00227	0.00872	0.00667	0.00385	0.00985
5	0.01803	0.01762	0.02541	0.07400	0.43342	0.07619	0.04681	0.05231	0.05521	0.02367	0.01597	0.01916	0.03260	0.00701	0.00697	0.00206	0.00845	0.00647	0.00404	0.07459
6	0.01819	0.01461	0.01823	0.01624	0.05919	0.01584	0.03369	0.17656	0.14118	0.05649	0.07016	0.08605	0.03897	0.01059	0.00960	0.00229	0.11190	0.00840	0.00594	0.10586
7	0.01631	0.01731	0.03351	0.10519	0.14254	0.01773	0.37626	0.02112	0.01550	0.02160	0.01325	0.01820	0.01052	0.00706	0.01002	0.00239	0.11382	0.00734	0.00350	0.04683
8	0.13971	0.02369	0.17138	0.02126	0.09732	0.12840	0.09948	0.07611	0.04738	0.02480	0.01301	0.01570	0.01017	0.00763	0.00856	0.00228	0.09381	0.00578	0.00399	0.00954

[dist]
# distance from previous block
# <min> <max>
7	15

[block]
# block no. 3 follows, 29 sequences, length 29
# corresponding to MSA columns:
# 84-112
name=unknown_D
#
# <colnr> <probs for GDERKNQSTAVLIFYWHMCP>
#	G	D	E	R	K	N	Q	S	T	A	V	L	I	F	Y	W	H	M	C	P
0	0.01637	0.05141	0.01552	0.01264	0.01618	0.01520	0.01003	0.16094	0.24804	0.02785	0.03679	0.10107	0.19830	0.01274	0.00832	0.00239	0.03998	0.01036	0.00658	0.00929
1	0.02034	0.08275	0.01940	0.01440	0.01869	0.11386	0.01163	0.19463	0.11903	0.04405	0.01945	0.02124	0.05043	0.04336	0.00958	0.00226	0.07941	0.00650	0.00538	0.12360
2	0.02087	0.01893	0.01881	0.01610	0.02034	0.12622	0.03864	0.13396	0.41181	0.05200	0.02301	0.02220	0.01727	0.00907	0.00778	0.00230	0.03634	0.00718	0.00642	0.01076
3	0.01811	0.01741	0.02454	0.05748	0.06639	0.07425	0.14830	0.04579	0.14336	0.05437	0.01602	0.01926	0.01280	0.01039	0.03184	0.00279	0.23605	0.00698	0.00448	0.00937
4	0.01994	0.28538	0.02564	0.01467	0.01933	0.21270	0.05299	0.05672	0.05333	0.01963	0.01359	0.01785	0.01219	0.09509	0.00941	0.00235	0.00896	0.00548	0.00393	0.07080
5	0.01845	0.01397	0.01721	0.01277	0.01859	0.01226	0.04563	0.12552	0.04507	0.09426	0.01605	0.01817	0.01262	0.03890	0.00735	0.00172	0.00621	0.00550	0.00522	0.48452
6	0.02664	0.03277	0.02028	0.01818	0.02202	0.66288	0.01374	0.08289	0.02129	0.01972	0.01151	0.01320	0.00942	0.00744	0.00648	0.00186	0.01242	0.00474	0.00396	0.00858
7	0.02549	0.01891	0.02033	0.01592	0.02122	0.02093	0.01302	0.60518	0.07348	0.04249	0.01903	0.05702	0.01460	0.00936	0.00724	0.00220	0.00750	0.00726	0.00710	0.01172
8	0.01634	0.12741	0.06283	0.09546	0.02482	0.09023	0.11838	0.01956	0.01446	0.01899	0.04761	0.04227	0.01411	0.01145	0.04523	0.00285	0.22922	0.00687	0.00363	0.00829
9	0.00859	0.00652	0.00793	0.00905	0.01010	0.00586	0.00622	0.01001	0.01447	0.01852	0.04981	0.52772	0.25766	0.02094	0.00887	0.00274	0.00396	0.01857	0.00661	0.00586
10	0.01532	0.01313	0.01417	0.05138	0.01639	0.07397	0.01023	0.08352	0.07760	0.02333	0.04675	0.09769	0.09813	0.04235	0.03063	0.00279	0.14010	0.00911	0.14566	0.00776
11	0.10891	0.05935	0.19636	0.02303	0.03021	0.01715	0.36615	0.02162	0.01550	0.02323	0.01485	0.06353	0.01226	0.00731	0.00739	0.00233	0.01015	0.00764	0.00372	0.00933
12	0.00874	0.00622	0.00824	0.00983	0.01023	0.00583	0.00652	0.00993	0.01350	0.01801	0.03859	0.71783	0.04627	0.05072	0.01015	0.00305	0.00424	0.01986	0.00652	0.00573
13	0.01327	0.00664	0.00664	0.00664	0.00830	0.00664	0.00498	0.01659	0.01493	0.02655	0.02323	0.02655	0.01825	0.00830	0.00498	0.00166	0.00332	0.00664	0.78928	0.00664
14	0.01303	0.00823	0.01073	0.05476	0.01394	0.00806	0.00792	0.05054	0.01551	0.10186	0.06480	0.42659	0.05881	0.11602	0.01222	0.00323	0.00521	0.01523	0.00644	0.00687
15	0.01779	0.04905	0.05057	0.07689	0.06774	0.19304	0.12504	0.02092	0.01600	0.03791	0.01889	0.09152	0.05700	0.01098	0.02650	0.00256	0.11708	0.00805	0.00409	0.00838
16	0.65156	0.01716	0.01237	0.01102	0.01536	0.12728	0.00886	0.04488	0.01412	0.03011	0.01033	0.01196	0.00809	0.00679	0.00482	0.00214	0.00674	0.00406	0.00438	0.00795
17	0.02158	0.07153	0.07831	0.02419	0.16999	0.32176	0.07326	0.06933	0.01871	0.02138	0.01306	0.03612	0.01106	0.00757	0.00730	0.00205	0.03362	0.00593	0.00385	0.00943
18	0.00868	0.00620	0.00826	0.00991	0.01033	0.00578	0.00661	0.00991	0.01363	0.01818	0.03925	0.74510	0.04710	0.02231	0.00909	0.00289	0.00413	0.02024	0.00661	0.00578
19	0.06488	0.13349	0.44892	0.01903	0.02764	0.05122	0.08269	0.02324	0.04479	0.02242	0.01297	0.01510	0.00968	0.00674	0.00647	0.00215	0.00983	0.00535	0.00337	0.00999
20	0.01632	0.02399	0.25534	0.09618	0.09799	0.01761	0.27124	0.06301	0.01672	0.02346	0.01357	0.01740	0.01016	0.00681	0.00813	0.00234	0.03941	0.00677	0.00356	0.00998
21	0.03082	0.01226	0.01631	0.01258	0.01791	0.01088	0.01037	0.06720	0.02080	0.64374	0.02730	0.02398	0.01737	0.00878	0.00706	0.00217	0.00602	0.00710	0.04550	0.01186
22	0.00942	0.00706	0.00891	0.01011	0.01143	0.00655	0.00770	0.01141	0.01515	0.01938	0.04779	0.36590	0.22457	0.02037	0.00912	0.00287	0.00470	0.20489	0.00660	0.00607
23	0.06490	0.01712	0.02098	0.02622	0.31479	0.09371	0.01519	0.12722	0.04447	0.02661	0.06336	0.02618	0.11080	0.00906	0.00711	0.00215	0.00759	0.00767	0.00500	0.00986
24	0.01143	0.00940	0.01376	0.05139	0.01532	0.01082	0.04324	0.01335	0.01236	0.01746	0.03810	0.18983	0.02480	0.16577	0.19449	0.00573	0.13850	0.01080	0.02709	0.00636
25	0.00873	0.00624	0.00832	0.00987	0.01034	0.00582	0.00661	0.01006	0.01391	0.01861	0.06699	0.71612	0.04794	0.02198	0.00906	0.00286	0.00410	0.01993	0.00666	0.00582
26	0.02031	0.22869	0.13195	0.02001	0.12102	0.19765	0.01610	0.02542	0.08255	0.04909	0.01373	0.01538	0.01103	0.00721	0.00670	0.00197	0.03230	0.00523	0.00392	0.00973
27	0.02673	0.01926	0.02079	0.01608	0.02166	0.02122	0.01324	0.60854	0.07388	0.07781	0.01840	0.01805	0.01299	0.00863	0.00713	0.00216	0.00761	0.00655	0.00722	0.01206
28	0.01081	0.00790	0.01058	0.01178	0.01348	0.00766	0.00999	0.01382	0.01664	0.02162	0.10801	0.10065	0.13442	0.01904	0.00947	0.00304	0.00575	0.48218	0.00669	0.00647

[dist]
# distance from previous block
# <min> <max>
0	1

[block]
# block no. 4 follows, 29 sequences, length 36
# corresponding to MSA columns:
# 114-149
name=unknown_E
#
# <colnr> <probs for GDERKNQSTAVLIFYWHMCP>
#	G	D	E	R	K	N	Q	S	T	A	V	L	I	F	Y	W	H	M	C	P
0	0.01650	0.01743	0.03411	0.03207	0.24208	0.01737	0.37301	0.02125	0.01587	0.02214	0.01495	0.05802	0.01279	0.00763	0.00948	0.00241	0.08124	0.00820	0.00369	0.00974
1	0.01505	0.10571	0.52945	0.06418	0.08059	0.01775	0.04695	0.02212	0.01508	0.02177	0.01258	0.01524	0.00929	0.00666	0.00664	0.00218	0.01007	0.00537	0.00308	0.01025
2	0.01006	0.00732	0.00935	0.01033	0.01134	0.00693	0.00711	0.05050	0.01487	0.02001	0.03666	0.66704	0.04328	0.02068	0.00879	0.00276	0.00441	0.01866	0.00653	0.04335
3	0.01689	0.01967	0.06939	0.22645	0.08286	0.11240	0.21660	0.02132	0.01549	0.01994	0.01252	0.01738	0.00992	0.00754	0.00984	0.00240	0.12055	0.00664	0.00337	0.00884
4	0.12839	0.00800	0.00837	0.00844	0.01059	0.00761	0.00626	0.01240	0.01583	0.02274	0.17758	0.19797	0.33806	0.01653	0.00795	0.00244	0.00396	0.01401	0.00652	0.00636
5	0.06478	0.04909	0.03718	0.01415	0.05732	0.01454	0.01080	0.14651	0.13833	0.05920	0.05171	0.07570	0.01940	0.03531	0.00762	0.00219	0.00605	0.00756	0.07123	0.13134
6	0.00966	0.00720	0.00898	0.00867	0.01042	0.00652	0.00645	0.01258	0.01897	0.02606	0.53556	0.09926	0.19191	0.01573	0.00844	0.00231	0.00346	0.01376	0.00752	0.00652
7	0.01578	0.24995	0.48882	0.01821	0.02730	0.02005	0.04424	0.02219	0.01493	0.02083	0.01198	0.01410	0.00912	0.00654	0.00617	0.00204	0.00971	0.00493	0.00304	0.01008
8	0.01496	0.13918	0.61646	0.01914	0.02903	0.01820	0.02429	0.02238	0.01495	0.02172	0.01237	0.01452	0.00904	0.00667	0.00645	0.00215	0.01011	0.00505	0.00301	0.01033
9	0.01735	0.49918	0.27737	0.01507	0.02273	0.02404	0.01720	0.02176	0.01467	0.01881	0.01092	0.01271	0.00910	0.00633	0.00535	0.00178	0.00865	0.00432	0.00303	0.00963
10	0.02342	0.01450	0.01668	0.01384	0.01847	0.01534	0.01108	0.14547	0.31381	0.25400	0.07339	0.02603	0.02191	0.00953	0.00728	0.00229	0.00599	0.00781	0.00778	0.01137
11	0.01155	0.00747	0.00973	0.00957	0.01041	0.00783	0.00655	0.01274	0.01155	0.05837	0.02234	0.07242	0.02335	0.40426	0.29264	0.00813	0.01132	0.00961	0.00452	0.00565
12	0.00924	0.00725	0.00836	0.00808	0.01013	0.00636	0.00606	0.01182	0.01818	0.02387	0.38520	0.06090	0.38649	0.01630	0.00841	0.00232	0.00348	0.01396	0.00722	0.00636
13	0.08683	0.01371	0.01598	0.01296	0.01779	0.04696	0.01049	0.06881	0.09127	0.46057	0.02524	0.04446	0.01747	0.01116	0.04071	0.00266	0.00696	0.00725	0.00766	0.01104
14	0.00916	0.00652	0.00864	0.00995	0.01058	0.00615	0.00689	0.01072	0.01437	0.01930	0.10971	0.57316	0.04749	0.06479	0.01070	0.00309	0.00442	0.07190	0.00660	0.00586
15	0.01390	0.00858	0.01071	0.00985	0.01225	0.00794	0.00747	0.05554	0.01927	0.12931	0.34821	0.16450	0.15416	0.01518	0.00825	0.00236	0.00420	0.01320	0.00754	0.00759
16	0.01417	0.06763	0.02309	0.62862	0.09526	0.01681	0.01937	0.01869	0.01440	0.01846	0.01251	0.01833	0.00960	0.00699	0.00693	0.00229	0.00928	0.00614	0.00318	0.00825
17	0.00868	0.00620	0.00826	0.00991	0.01033	0.00578	0.00661	0.00991	0.01363	0.01818	0.03925	0.74510	0.04710	0.02231	0.00909	0.00289	0.00413	0.02024	0.00661	0.00578
18	0.01376	0.00711	0.00716	0.00698	0.00878	0.00718	0.00528	0.04010	0.01559	0.02720	0.02301	0.02621	0.01803	0.00830	0.00505	0.00168	0.00348	0.00663	0.76164	0.00683
19	0.01428	0.03683	0.71286	0.02030	0.03082	0.01654	0.02631	0.02255	0.01503	0.02255	0.01278	0.01503	0.00902	0.00677	0.00677	0.00226	0.01052	0.00526	0.00301	0.01052
20	0.01329	0.00936	0.01127	0.06339	0.01333	0.05884	0.00786	0.01232	0.01099	0.01438	0.01461	0.02563	0.01470	0.16448	0.02513	0.43879	0.05064	0.00693	0.03954	0.00450
21	0.01691	0.01726	0.05934	0.13571	0.58564	0.01675	0.02178	0.02139	0.01589	0.02255	0.01327	0.01769	0.01093	0.00647	0.00705	0.00216	0.00869	0.00629	0.00345	0.01079
22	0.06359	0.01273	0.02066	0.68653	0.04679	0.01583	0.01901	0.01837	0.01410	0.01907	0.01248	0.01851	0.00938	0.00709	0.00695	0.00236	0.00924	0.00617	0.00324	0.00790
23	0.12341	0.01250	0.01577	0.01238	0.01767	0.01156	0.01018	0.03323	0.05905	0.58860	0.02596	0.02285	0.01668	0.00860	0.00683	0.00222	0.00597	0.00682	0.00819	0.01154
24	0.01719	0.01538	0.07037	0.12968	0.05548	0.01552	0.04559	0.14981	0.01785	0.06709	0.04302	0.02250	0.01523	0.06170	0.12214	0.00404	0.10327	0.00705	0.00471	0.03238
25	0.01889	0.16304	0.24566	0.02033	0.11200	0.17693	0.01803	0.04205	0.04345	0.02137	0.01268	0.01470	0.01007	0.00677	0.00624	0.00192	0.00959	0.00505	0.00360	0.06763
26	0.01464	0.06139	0.63905	0.02072	0.03084	0.01706	0.07395	0.02253	0.01514	0.02236	0.01279	0.01521	0.00916	0.00668	0.00681	0.00224	0.01053	0.00544	0.00305	0.01041
27	0.68400	0.01352	0.01138	0.00986	0.01444	0.01514	0.00813	0.02301	0.01337	0.13443	0.01266	0.01348	0.00921	0.00694	0.00482	0.00220	0.00559	0.00436	0.00507	0.00838
28	0.02169	0.06655	0.01777	0.06597	0.01953	0.01574	0.01120	0.29513	0.02322	0.13716	0.02186	0.11731	0.01819	0.01012	0.00689	0.00215	0.00649	0.00823	0.12490	0.00991
29	0.01403	0.01755	0.15403	0.20301	0.20577	0.01450	0.06747	0.01877	0.01469	0.02047	0.01662	0.09673	0.01499	0.01396	0.09319	0.00343	0.01018	0.00793	0.00371	0.00899
30	0.00993	0.00722	0.00935	0.00892	0.01057	0.00664	0.00665	0.01311	0.01965	0.02761	0.63936	0.08785	0.09620	0.01510	0.00843	0.00228	0.00341	0.01334	0.00772	0.00664
31	0.01063	0.00806	0.01132	0.01108	0.01193	0.00939	0.00826	0.01246	0.01113	0.01589	0.01917	0.03169	0.01918	0.22462	0.49639	0.00967	0.07108	0.00820	0.00389	0.00596
32	0.04851	0.03725	0.07199	0.04252	0.06966	0.01836	0.01364	0.40741	0.02572	0.03543	0.02053	0.02209	0.06323	0.03389	0.00788	0.00229	0.00743	0.00694	0.05473	0.01050
33	0.01292	0.00847	0.01096	0.01055	0.01236	0.00894	0.00815	0.04535	0.01510	0.07013	0.07665	0.10949	0.08951	0.05097	0.25489	0.00563	0.03850	0.04048	0.12395	0.00701
34	0.01212	0.00782	0.00964	0.00887	0.01121	0.00694	0.00676	0.01494	0.01900	0.10504	0.43389	0.05444	0.25252	0.01493	0.00826	0.00228	0.00375	0.01286	0.00758	0.00713
35	0.01731	0.01309	0.01620	0.03874	0.09097	0.01404	0.01155	0.26361	0.02143	0.02938	0.02515	0.27773	0.02546	0.01354	0.00825	0.00244	0.02998	0.02810	0.06407	0.00896

[dist]
# distance from previous block
# <min> <max>
0	4

[block]
# block no. 5 follows, 29 sequences, length 67
# corresponding to MSA columns:
# 154-220
name=unknown_F
#
# <colnr> <probs for GDERKNQSTAVLIFYWHMCP>
#	G	D	E	R	K	N	Q	S	T	A	V	L	I	F	Y	W	H	M	C	P
0	0.06986	0.00982	0.01240	0.01344	0.04789	0.01012	0.01051	0.04869	0.06123	0.02452	0.12866	0.05869	0.09178	0.01744	0.03869	0.00316	0.00641	0.33289	0.00639	0.00742
1	0.02313	0.01906	0.01816	0.01538	0.01995	0.12758	0.01216	0.20422	0.34040	0.10795	0.02298	0.02169	0.01680	0.00891	0.00708	0.00223	0.00738	0.00698	0.00683	0.01112
2	0.01767	0.01566	0.02187	0.08653	0.02412	0.04419	0.13627	0.18153	0.01928	0.02642	0.01796	0.12309	0.01635	0.01001	0.00937	0.00229	0.10032	0.00845	0.04321	0.09542
3	0.00876	0.00623	0.00824	0.00981	0.01020	0.00584	0.00649	0.00994	0.01347	0.01795	0.03839	0.70947	0.04601	0.05942	0.01047	0.00310	0.00427	0.01974	0.00649	0.00571
4	0.16394	0.05614	0.01948	0.01451	0.01973	0.04508	0.01202	0.47461	0.02732	0.03928	0.01553	0.01613	0.01137	0.00802	0.00638	0.00208	0.00736	0.00577	0.04448	0.01077
5	0.00929	0.00683	0.00871	0.00912	0.01038	0.00625	0.00650	0.01159	0.01701	0.02315	0.35194	0.33483	0.14177	0.01814	0.00868	0.00252	0.00370	0.01613	0.00718	0.00625
6	0.01391	0.03777	0.10485	0.54488	0.06253	0.01614	0.05715	0.01901	0.01473	0.01940	0.03460	0.01935	0.01138	0.00720	0.00711	0.00232	0.00948	0.00645	0.00333	0.00841
7	0.00868	0.00620	0.00826	0.00991	0.01033	0.00578	0.00661	0.00991	0.01363	0.01818	0.03925	0.74510	0.04710	0.02231	0.00909	0.00289	0.00413	0.02024	0.00661	0.00578
8	0.80005	0.01377	0.01047	0.00936	0.01377	0.01597	0.00771	0.02093	0.01212	0.03195	0.00991	0.01157	0.00771	0.00661	0.00441	0.00220	0.00551	0.00386	0.00441	0.00771
9	0.02660	0.03394	0.02018	0.01834	0.02201	0.72116	0.01376	0.02843	0.02018	0.01743	0.01101	0.01284	0.00917	0.00734	0.00642	0.00183	0.01284	0.00459	0.00367	0.00825
10	0.03177	0.01241	0.01670	0.01281	0.01832	0.01090	0.01058	0.05864	0.02087	0.68564	0.02769	0.02397	0.01742	0.00880	0.00716	0.00220	0.00612	0.00713	0.00875	0.01212
11	0.00908	0.00637	0.00814	0.00940	0.00972	0.00605	0.00606	0.01002	0.01285	0.01713	0.03523	0.57840	0.04203	0.19592	0.01557	0.00385	0.00479	0.01788	0.00606	0.00543
12	0.00868	0.00620	0.00826	0.00991	0.01033	0.00578	0.00661	0.00991	0.01363	0.01818	0.03925	0.74510	0.04710	0.02231	0.00909	0.00289	0.00413	0.02024	0.00661	0.00578
13	0.05579	0.01857	0.02026	0.01558	0.02121	0.02015	0.01287	0.56253	0.03078	0.14225	0.01845	0.01795	0.01276	0.00852	0.00703	0.00215	0.00749	0.00643	0.00727	0.01195
14	0.01136	0.00812	0.01135	0.01299	0.01458	0.00810	0.01128	0.01456	0.01628	0.02118	0.03776	0.10696	0.04123	0.01978	0.00981	0.00326	0.00646	0.63187	0.00656	0.00653
15	0.01035	0.00694	0.00793	0.00793	0.00798	0.00699	0.00452	0.01046	0.01040	0.01393	0.02229	0.04578	0.02553	0.71916	0.06635	0.00710	0.00744	0.01024	0.00429	0.00440
16	0.01008	0.00728	0.00952	0.00896	0.01064	0.00672	0.00672	0.01344	0.02016	0.02855	0.70158	0.05319	0.06719	0.01456	0.00840	0.00224	0.00336	0.01288	0.00784	0.00672
17	0.01363	0.01284	0.02168	0.70287	0.07740	0.01587	0.01987	0.01835	0.01432	0.01841	0.01269	0.01893	0.00957	0.00709	0.00712	0.00236	0.00945	0.00633	0.00318	0.00806
18	0.00990	0.00671	0.00790	0.00835	0.00846	0.00660	0.00494	0.01024	0.01124	0.01499	0.02699	0.23570	0.03163	0.55281	0.02889	0.00582	0.00615	0.01303	0.00494	0.00471
19	0.74033	0.01401	0.01130	0.03336	0.01529	0.01624	0.00836	0.04986	0.01313	0.03207	0.01032	0.01205	0.00796	0.00671	0.00461	0.00221	0.00574	0.00405	0.00449	0.00791
20	0.02453	0.18883	0.02431	0.01824	0.05428	0.53722	0.01381	0.02658	0.01875	0.01756	0.01088	0.01277	0.00927	0.00702	0.00605	0.00178	0.01150	0.00450	0.00353	0.00859
21	0.00868	0.00620	0.00826	0.00991	0.01033	0.00578	0.00661	0.00991	0.01363	0.01818	0.03925	0.74510	0.04710	0.02231	0.00909	0.00289	0.00413	0.02024	0.00661	0.00578
22	0.30362	0.04978	0.01254	0.01013	0.01353	0.04351	0.00811	0.05181	0.01740	0.05783	0.28771	0.03167	0.06592	0.01051	0.00653	0.00217	0.00514	0.00827	0.00609	0.00774
23	0.01902	0.53243	0.07721	0.01381	0.01920	0.10184	0.01335	0.02162	0.01481	0.01759	0.01063	0.01274	0.00947	0.00695	0.00670	0.00176	0.07693	0.00432	0.03071	0.00892
24	0.03195	0.01212	0.01652	0.01267	0.01818	0.01047	0.01047	0.03470	0.02038	0.71026	0.02809	0.02424	0.01763	0.00881	0.00716	0.00220	0.00606	0.00716	0.00881	0.01212
25	0.01237	0.00618	0.00928	0.00928	0.00928	0.00618	0.00618	0.00928	0.00928	0.01237	0.01237	0.02165	0.01237	0.02474	0.02783	0.79283	0.00618	0.00618	0.00309	0.00309
26	0.01145	0.00964	0.01199	0.01184	0.01326	0.06398	0.00911	0.01385	0.01208	0.01650	0.01857	0.02748	0.01743	0.07507	0.64133	0.01054	0.01815	0.00749	0.00382	0.00643
27	0.01008	0.00728	0.00952	0.00896	0.01064	0.00672	0.00672	0.01344	0.02016	0.02855	0.70158	0.05319	0.06719	0.01456	0.00840	0.00224	0.00336	0.01288	0.00784	0.00672
28	0.01036	0.00690	0.00777	0.00777	0.00777	0.00690	0.00431	0.01036	0.01036	0.01381	0.02244	0.04660	0.02589	0.74975	0.03624	0.00690	0.00690	0.01036	0.00431	0.00431
29	0.76263	0.01407	0.01099	0.00970	0.01417	0.01627	0.00799	0.05291	0.01315	0.03257	0.01026	0.01183	0.00792	0.00670	0.00454	0.00220	0.00562	0.00398	0.00454	0.00792
30	0.01636	0.01563	0.02663	0.25143	0.50745	0.01659	0.02123	0.02075	0.01562	0.02173	0.01317	0.01803	0.01074	0.00658	0.00707	0.00219	0.00877	0.00634	0.00342	0.01026
31	0.01147	0.00820	0.01147	0.01311	0.01475	0.00820	0.01147	0.01475	0.01639	0.02131	0.03770	0.08032	0.04098	0.01967	0.00984	0.00328	0.00656	0.65741	0.00656	0.00656
32	0.09657	0.02293	0.21439	0.01625	0.02258	0.05289	0.03738	0.27479	0.02250	0.05175	0.04922	0.04216	0.01486	0.00845	0.00680	0.00218	0.00817	0.00661	0.03927	0.01025
33	0.01509	0.12847	0.58694	0.02057	0.06721	0.01806	0.02423	0.02235	0.01503	0.02184	0.01244	0.01471	0.00916	0.00665	0.00650	0.00215	0.01003	0.00513	0.00304	0.01039
34	0.01345	0.01266	0.02136	0.73264	0.04904	0.01582	0.01978	0.01819	0.01424	0.01819	0.01266	0.01898	0.00949	0.00712	0.00712	0.00237	0.00949	0.00633	0.00316	0.00791
35	0.02147	0.52228	0.03180	0.01417	0.01948	0.25121	0.01269	0.02361	0.01631	0.01697	0.01026	0.01188	0.00915	0.00649	0.00516	0.00162	0.00930	0.00406	0.00325	0.00885
36	0.01032	0.00696	0.00920	0.00958	0.01080	0.00642	0.00682	0.01262	0.01699	0.05224	0.35051	0.38905	0.05531	0.01809	0.00868	0.00256	0.00385	0.01622	0.00728	0.00649
37	0.01036	0.00690	0.00777	0.00777	0.00777	0.00690	0.00431	0.01036	0.01036	0.01381	0.02244	0.04660	0.02589	0.74975	0.03624	0.00690	0.00690	0.01036	0.00431	0.00431
38	0.02707	0.01995	0.02137	0.01638	0.02208	0.02208	0.01353	0.68159	0.03348	0.04488	0.01710	0.01710	0.01211	0.00855	0.00712	0.00214	0.00784	0.00641	0.00712	0.01211
39	0.01237	0.00618	0.00928	0.00928	0.00928	0.00618	0.00618	0.00928	0.00928	0.01237	0.01237	0.02165	0.01237	0.02474	0.02783	0.79283	0.00618	0.00618	0.00309	0.00309
40	0.02660	0.03394	0.02018	0.01834	0.02201	0.72116	0.01376	0.02843	0.02018	0.01743	0.01101	0.01284	0.00917	0.00734	0.00642	0.00183	0.01284	0.00459	0.00367	0.00825
41	0.01008	0.00728	0.00952	0.00896	0.01064	0.00672	0.00672	0.01344	0.02016	0.02855	0.70158	0.05319	0.06719	0.01456	0.00840	0.00224	0.00336	0.01288	0.00784	0.00672
42	0.00879	0.00628	0.00840	0.01005	0.01051	0.00589	0.00682	0.01012	0.01375	0.01831	0.03918	0.71708	0.04684	0.02220	0.00912	0.00291	0.00423	0.04711	0.00661	0.00582
43	0.00944	0.00725	0.00863	0.00829	0.01025	0.00645	0.00622	0.01220	0.01865	0.02498	0.46029	0.05907	0.31071	0.01589	0.00841	0.00230	0.00345	0.01370	0.00737	0.00645
44	0.76263	0.01407	0.01099	0.00970	0.01417	0.01627	0.00799	0.05291	0.01315	0.03257	0.01026	0.01183	0.00792	0.00670	0.00454	0.00220	0.00562	0.00398	0.00454	0.00792
45	0.80005	0.01377	0.01047	0.00936	0.01377	0.01597	0.00771	0.02093	0.01212	0.03195	0.00991	0.01157	0.00771	0.00661	0.00441	0.00220	0.00551	0.00386	0.00441	0.00771
46	0.01017	0.00763	0.01144	0.01144	0.01272	0.00890	0.00890	0.01272	0.01144	0.01653	0.01907	0.02797	0.01780	0.05340	0.72153	0.01144	0.01907	0.00763	0.00381	0.00636
47	0.03125	0.01227	0.01650	0.01276	0.01819	0.01082	0.01051	0.03486	0.05318	0.67706	0.02814	0.02435	0.01783	0.00885	0.00716	0.00221	0.00604	0.00720	0.00874	0.01208
48	0.01762	0.01692	0.02890	0.04371	0.70533	0.01692	0.02185	0.02185	0.01621	0.02326	0.01339	0.01762	0.01128	0.00634	0.00705	0.00211	0.00846	0.00634	0.00352	0.01128
49	0.08266	0.01835	0.02239	0.02031	0.11211	0.14504	0.11090	0.06210	0.01933	0.30688	0.01909	0.01923	0.01322	0.00763	0.00699	0.00215	0.00856	0.00648	0.00599	0.01060
50	0.80005	0.01377	0.01047	0.00936	0.01377	0.01597	0.00771	0.02093	0.01212	0.03195	0.00991	0.01157	0.00771	0.00661	0.00441	0.00220	0.00551	0.00386	0.00441	0.00771
51	0.01043	0.00715	0.00902	0.00902	0.00955	0.00760	0.00598	0.01150	0.01097	0.01540	0.02128	0.03900	0.02264	0.46590	0.27845	0.00826	0.01106	0.00920	0.04244	0.00515
52	0.01016	0.00682	0.00782	0.00802	0.00807	0.00677	0.00458	0.01030	0.01074	0.01432	0.02441	0.12866	0.02838	0.66429	0.03305	0.00643	0.00658	0.01152	0.00458	0.00449
53	0.01904	0.75404	0.03731	0.01218	0.01828	0.02818	0.01218	0.02132	0.01447	0.01675	0.00990	0.01142	0.00914	0.00609	0.00457	0.00152	0.00761	0.00381	0.00305	0.00914
54	0.01428	0.03683	0.71286	0.02030	0.03082	0.01654	0.02631	0.02255	0.01503	0.02255	0.01278	0.01503	0.00902	0.00677	0.00677	0.00226	0.01052	0.00526	0.00301	0.01052
55	0.03100	0.01236	0.01655	0.01274	0.01813	0.01093	0.01050	0.06676	0.02104	0.65482	0.04904	0.02480	0.01893	0.00898	0.00720	0.00220	0.00606	0.00731	0.00870	0.01195
56	0.00906	0.00652	0.00867	0.01016	0.01084	0.00612	0.00715	0.01067	0.01436	0.01910	0.07360	0.61197	0.06747	0.02148	0.00912	0.00289	0.00436	0.09389	0.00667	0.00593
57	0.04363	0.24759	0.05510	0.01152	0.01571	0.11704	0.01027	0.06555	0.01679	0.02304	0.01841	0.02027	0.04777	0.00785	0.00545	0.00176	0.00678	0.00571	0.27153	0.00823
58	0.00868	0.00620	0.00826	0.00991	0.01033	0.00578	0.00661	0.00991	0.01363	0.01818	0.03925	0.74510	0.04710	0.02231	0.00909	0.00289	0.00413	0.02024	0.00661	0.00578
59	0.01017	0.00763	0.01144	0.01144	0.01272	0.00890	0.00890	0.01272	0.01144	0.01653	0.01907	0.02797	0.01780	0.05340	0.72153	0.01144	0.01907	0.00763	0.00381	0.00636
60	0.05547	0.01686	0.04775	0.02038	0.02229	0.02063	0.13919	0.01856	0.01220	0.01912	0.01043	0.01603	0.00953	0.01078	0.01907	0.00291	0.54082	0.00648	0.00327	0.00821
61	0.01383	0.01304	0.02204	0.66988	0.10883	0.01592	0.01996	0.01853	0.01442	0.01866	0.01272	0.01886	0.00965	0.00705	0.00711	0.00235	0.00940	0.00633	0.00320	0.00822
62	0.01147	0.00820	0.01147	0.01311	0.01475	0.00820	0.01147	0.01475	0.01639	0.02131	0.03770	0.08032	0.04098	0.01967	0.00984	0.00328	0.00656	0.65741	0.00656	0.00656
63	0.00931	0.00665	0.00864	0.01002	0.01057	0.00633	0.00672	0.03035	0.01409	0.01880	0.03785	0.69279	0.04512	0.05332	0.01020	0.00304	0.00436	0.01940	0.00653	0.00591
64	0.01237	0.00618	0.00928	0.00928	0.00928	0.00618	0.00618	0.00928	0.00928	0.01237	0.01237	0.02165	0.01237	0.02474	0.02783	0.79283	0.00618	0.00618	0.00309	0.00309
65	0.01353	0.00800	0.01058	0.00960	0.01184	0.00727	0.00732	0.01668	0.01986	0.13776	0.55964	0.08355	0.05819	0.01402	0.00823	0.00227	0.00383	0.01233	0.00793	0.00754
66	0.69550	0.05243	0.04598	0.00995	0.01465	0.01631	0.00876	0.02089	0.01247	0.03053	0.01050	0.01223	0.00820	0.00665	0.00455	0.00215	0.00579	0.00402	0.03056	0.00789

[dist]
# distance from previous block
# <min> <max>
0	3

[block]
# block no. 6 follows, 29 sequences, length 138
# corresponding to MSA columns:
# 224-361
name=unknown_G
#
# <colnr> <probs for GDERKNQSTAVLIFYWHMCP>
#	G	D	E	R	K	N	Q	S	T	A	V	L	I	F	Y	W	H	M	C	P
0	0.00951	0.00890	0.04997	0.00869	0.01093	0.00695	0.00692	0.01184	0.01627	0.02117	0.23267	0.09362	0.35618	0.12053	0.01230	0.00301	0.00445	0.01347	0.00641	0.00622
1	0.01458	0.01364	0.02270	0.37406	0.28350	0.01532	0.01889	0.01876	0.01519	0.02066	0.05720	0.05872	0.01572	0.00828	0.00781	0.00232	0.03246	0.00747	0.00377	0.00895
2	0.01477	0.01266	0.01477	0.01055	0.01687	0.00949	0.00844	0.01793	0.01477	0.02320	0.01266	0.01477	0.01055	0.00527	0.00527	0.00105	0.00527	0.00422	0.00422	0.79328
3	0.01939	0.72053	0.03652	0.01247	0.01845	0.06042	0.01226	0.02165	0.01473	0.01678	0.00995	0.01149	0.00914	0.00615	0.00466	0.00154	0.00786	0.00384	0.00307	0.00910
4	0.01014	0.00866	0.04229	0.00935	0.01150	0.00712	0.00753	0.01361	0.01960	0.02753	0.61932	0.05262	0.11491	0.01447	0.00832	0.00225	0.00371	0.01269	0.00751	0.00684
5	0.01017	0.00763	0.01144	0.01144	0.01272	0.00890	0.00890	0.01272	0.01144	0.01653	0.01907	0.02797	0.01780	0.05340	0.72153	0.01144	0.01907	0.00763	0.00381	0.00636
6	0.01771	0.01530	0.01610	0.01449	0.01852	0.01771	0.01127	0.03784	0.69247	0.02979	0.02898	0.02657	0.02174	0.00966	0.00725	0.00242	0.00564	0.00805	0.00725	0.01127
7	0.01030	0.00688	0.00778	0.00784	0.00785	0.00687	0.00439	0.01034	0.01047	0.01395	0.02300	0.07018	0.02660	0.72520	0.03533	0.00677	0.00681	0.01069	0.00439	0.00436
8	0.01477	0.01266	0.01477	0.01055	0.01687	0.00949	0.00844	0.01793	0.01477	0.02320	0.01266	0.01477	0.01055	0.00527	0.00527	0.00105	0.00527	0.00422	0.00422	0.79328
9	0.01464	0.00796	0.00810	0.00760	0.00966	0.00817	0.00583	0.08253	0.01677	0.02836	0.02262	0.02561	0.01764	0.00832	0.00519	0.00171	0.00377	0.00661	0.71173	0.00718
10	0.00991	0.00727	0.00929	0.00878	0.01054	0.00665	0.00659	0.01312	0.01977	0.02763	0.63896	0.05472	0.13038	0.01490	0.00840	0.00226	0.00338	0.01309	0.00772	0.00665
11	0.00868	0.00620	0.00826	0.00991	0.01033	0.00578	0.00661	0.00991	0.01363	0.01818	0.03925	0.74510	0.04710	0.02231	0.00909	0.00289	0.00413	0.02024	0.00661	0.00578
12	0.01345	0.01266	0.02136	0.73264	0.04904	0.01582	0.01978	0.01819	0.01424	0.01819	0.01266	0.01898	0.00949	0.00712	0.00712	0.00237	0.00949	0.00633	0.00316	0.00791
13	0.01884	0.01519	0.01633	0.01449	0.01861	0.01728	0.01142	0.08775	0.57743	0.06257	0.02840	0.02818	0.02166	0.00999	0.00735	0.00242	0.00587	0.03777	0.00728	0.01116
14	0.01327	0.00664	0.00664	0.00664	0.00830	0.00664	0.00498	0.01659	0.01493	0.02655	0.02323	0.02655	0.01825	0.00830	0.00498	0.00166	0.00332	0.00664	0.78928	0.00664
15	0.80005	0.01377	0.01047	0.00936	0.01377	0.01597	0.00771	0.02093	0.01212	0.03195	0.00991	0.01157	0.00771	0.00661	0.00441	0.00220	0.00551	0.00386	0.00441	0.00771
16	0.70903	0.01357	0.01118	0.00976	0.01429	0.01532	0.00804	0.02256	0.01310	0.11233	0.01207	0.01307	0.00889	0.00687	0.00473	0.00220	0.00557	0.00425	0.00493	0.00823
17	0.01119	0.00749	0.00937	0.00939	0.01128	0.00676	0.00709	0.01362	0.01734	0.07725	0.27285	0.20953	0.22575	0.01721	0.00859	0.00252	0.00411	0.07472	0.00720	0.00674
18	0.01641	0.01428	0.01588	0.01173	0.01763	0.03866	0.00941	0.08037	0.01657	0.02476	0.01287	0.01494	0.01059	0.00595	0.00623	0.00127	0.03564	0.00452	0.00442	0.65787
19	0.02034	0.62991	0.03436	0.01325	0.01892	0.14763	0.01246	0.02255	0.01545	0.01687	0.01009	0.01167	0.00914	0.00631	0.00489	0.00158	0.00852	0.00394	0.00315	0.00899
20	0.01009	0.00699	0.00973	0.03222	0.04358	0.00678	0.00739	0.01064	0.01277	0.01696	0.03211	0.45891	0.06622	0.07917	0.01479	0.16027	0.00510	0.01536	0.00548	0.00546
21	0.09259	0.01366	0.07220	0.07796	0.11246	0.01180	0.01307	0.02343	0.01710	0.26150	0.07551	0.09046	0.04856	0.01056	0.00732	0.00234	0.00655	0.04707	0.00626	0.00959
22	0.01325	0.01184	0.01959	0.56910	0.06447	0.01428	0.01798	0.01739	0.01439	0.01855	0.01636	0.02811	0.01433	0.00977	0.00849	0.03964	0.00887	0.10231	0.00367	0.00760
23	0.80005	0.01377	0.01047	0.00936	0.01377	0.01597	0.00771	0.02093	0.01212	0.03195	0.00991	0.01157	0.00771	0.00661	0.00441	0.00220	0.00551	0.00386	0.00441	0.00771
24	0.01436	0.01358	0.02300	0.58281	0.19177	0.01606	0.02023	0.01899	0.01467	0.01930	0.01282	0.01869	0.00988	0.00695	0.00710	0.00232	0.00927	0.00633	0.00324	0.00864
25	0.01428	0.03683	0.71286	0.02030	0.03082	0.01654	0.02631	0.02255	0.01503	0.02255	0.01278	0.01503	0.00902	0.00677	0.00677	0.00226	0.01052	0.00526	0.00301	0.01052
26	0.00922	0.00720	0.00836	0.00817	0.01013	0.00634	0.00609	0.01173	0.01797	0.02360	0.36896	0.09296	0.37062	0.01659	0.00844	0.00235	0.00351	0.01425	0.00719	0.00634
27	0.01558	0.01558	0.02181	0.01869	0.01869	0.02181	0.01558	0.01714	0.01091	0.01714	0.00935	0.01558	0.00935	0.01246	0.02337	0.00312	0.73672	0.00623	0.00312	0.00779
28	0.03874	0.00836	0.01070	0.00964	0.01211	0.00771	0.00739	0.01812	0.01904	0.17132	0.43328	0.09762	0.04949	0.01321	0.00780	0.00224	0.00405	0.01148	0.06990	0.00781
29	0.01558	0.01558	0.02181	0.01869	0.01869	0.02181	0.01558	0.01714	0.01091	0.01714	0.00935	0.01558	0.00935	0.01246	0.02337	0.00312	0.73672	0.00623	0.00312	0.00779
30	0.01003	0.00724	0.00948	0.00899	0.01063	0.00669	0.00672	0.01332	0.01994	0.02820	0.67922	0.07654	0.06651	0.01482	0.00842	0.00226	0.00339	0.01313	0.00780	0.00669
31	0.00883	0.00693	0.00784	0.00822	0.00983	0.00610	0.00584	0.01058	0.01570	0.01988	0.14578	0.24796	0.39693	0.06410	0.01032	0.00279	0.00392	0.01586	0.00664	0.00594
32	0.01345	0.01266	0.02136	0.73264	0.04904	0.01582	0.01978	0.01819	0.01424	0.01819	0.01266	0.01898	0.00949	0.00712	0.00712	0.00237	0.00949	0.00633	0.00316	0.00791
33	0.01104	0.00833	0.00977	0.00957	0.01003	0.03016	0.00635	0.01185	0.01097	0.01480	0.02059	0.03916	0.02245	0.50678	0.21832	0.00779	0.04352	0.00926	0.00411	0.00514
34	0.73361	0.01390	0.01095	0.00967	0.01406	0.01603	0.00795	0.05724	0.01338	0.03250	0.01071	0.01233	0.00827	0.00677	0.00457	0.00218	0.00557	0.00408	0.02831	0.00792
35	0.01029	0.00717	0.00912	0.00912	0.00959	0.00764	0.00600	0.01122	0.01076	0.01481	0.02120	0.03974	0.02291	0.49332	0.28860	0.00858	0.01138	0.00935	0.00413	0.00507
36	0.01558	0.10895	0.61180	0.01912	0.02896	0.01745	0.02414	0.02298	0.01522	0.05362	0.01319	0.01509	0.00943	0.00679	0.00656	0.00218	0.01002	0.00520	0.00328	0.01046
37	0.02353	0.01627	0.01807	0.01467	0.01927	0.01756	0.01178	0.44054	0.08084	0.10977	0.02320	0.14975	0.01976	0.01114	0.00749	0.00230	0.00680	0.00911	0.00722	0.01090
38	0.01856	0.59523	0.15431	0.01389	0.02064	0.05862	0.01472	0.02187	0.01483	0.01780	0.01045	0.01212	0.00912	0.00627	0.00504	0.00167	0.00837	0.00410	0.00307	0.00934
39	0.00993	0.00768	0.00911	0.00868	0.01072	0.00706	0.00653	0.01366	0.05425	0.02556	0.45948	0.05683	0.27341	0.01544	0.00834	0.00230	0.00356	0.01333	0.00740	0.00673
40	0.01968	0.69574	0.03605	0.01252	0.01858	0.02769	0.01229	0.07376	0.01598	0.01899	0.01047	0.01187	0.00937	0.00629	0.00477	0.00157	0.00763	0.00401	0.00337	0.00937
41	0.01176	0.00766	0.01000	0.00920	0.01121	0.00699	0.00698	0.01503	0.02005	0.08240	0.62862	0.05137	0.08290	0.01421	0.00830	0.00224	0.00358	0.01249	0.00788	0.00713
42	0.04725	0.00871	0.00966	0.00959	0.01124	0.04447	0.00702	0.01350	0.01793	0.02497	0.42902	0.21956	0.09871	0.01594	0.00828	0.00239	0.00416	0.01397	0.00708	0.00657
43	0.02660	0.03394	0.02018	0.01834	0.02201	0.72116	0.01376	0.02843	0.02018	0.01743	0.01101	0.01284	0.00917	0.00734	0.00642	0.00183	0.01284	0.00459	0.00367	0.00825
44	0.03124	0.01326	0.01723	0.01321	0.01875	0.01216	0.01091	0.12892	0.02229	0.61335	0.02649	0.02320	0.01682	0.00877	0.00716	0.00219	0.00632	0.00705	0.00857	0.01212
45	0.00868	0.00620	0.00826	0.00991	0.01033	0.00578	0.00661	0.00991	0.01363	0.01818	0.03925	0.74510	0.04710	0.02231	0.00909	0.00289	0.00413	0.02024	0.00661	0.00578
46	0.00852	0.00722	0.00736	0.00733	0.00968	0.00606	0.00550	0.01043	0.01649	0.01984	0.11313	0.06753	0.66107	0.01781	0.00841	0.00239	0.00359	0.01489	0.00669	0.00606
47	0.01771	0.01530	0.01610	0.01449	0.01852	0.01771	0.01127	0.03784	0.69247	0.02979	0.02898	0.02657	0.02174	0.00966	0.00725	0.00242	0.00564	0.00805	0.00725	0.01127
48	0.01147	0.00820	0.01147	0.01311	0.01475	0.00820	0.01147	0.01475	0.01639	0.02131	0.03770	0.08032	0.04098	0.01967	0.00984	0.00328	0.00656	0.65741	0.00656	0.00656
49	0.01017	0.00763	0.01144	0.01144	0.01272	0.00890	0.00890	0.01272	0.01144	0.01653	0.01907	0.02797	0.01780	0.05340	0.72153	0.01144	0.01907	0.00763	0.00381	0.00636
50	0.01014	0.00732	0.00961	0.00915	0.01083	0.00679	0.00693	0.01350	0.01999	0.02823	0.67140	0.05442	0.06600	0.01479	0.00846	0.00229	0.00350	0.04217	0.00778	0.00671
51	0.01762	0.01692	0.02890	0.04371	0.70533	0.01692	0.02185	0.02185	0.01621	0.02326	0.01339	0.01762	0.01128	0.00634	0.00705	0.00211	0.00846	0.00634	0.00352	0.01128
52	0.01327	0.00664	0.00664	0.00664	0.00830	0.00664	0.00498	0.01659	0.01493	0.02655	0.02323	0.02655	0.01825	0.00830	0.00498	0.00166	0.00332	0.00664	0.78928	0.00664
53	0.74421	0.01422	0.01125	0.00987	0.01437	0.01642	0.00813	0.06866	0.01366	0.03288	0.01043	0.01197	0.00803	0.00675	0.00460	0.00220	0.00568	0.00404	0.00460	0.00803
54	0.01973	0.62498	0.03363	0.01247	0.01802	0.04886	0.01199	0.02204	0.01490	0.06044	0.01156	0.01302	0.01003	0.00665	0.00557	0.00165	0.03726	0.00425	0.03380	0.00914
55	0.00950	0.00710	0.00882	0.00872	0.01037	0.00642	0.00641	0.01219	0.01829	0.02492	0.46171	0.16280	0.20354	0.01651	0.00851	0.00238	0.00353	0.01448	0.00738	0.00642
56	0.16938	0.01267	0.01362	0.01394	0.08749	0.04131	0.00944	0.11867	0.01743	0.02733	0.09946	0.02757	0.04326	0.11057	0.04790	0.00319	0.00677	0.00743	0.10830	0.03427
57	0.06103	0.02041	0.02099	0.07071	0.07812	0.11091	0.01428	0.42665	0.06718	0.03615	0.01606	0.01703	0.01184	0.00809	0.00691	0.00213	0.00841	0.00614	0.00598	0.01098
58	0.03195	0.01212	0.01652	0.01267	0.01818	0.01047	0.01047	0.03470	0.02038	0.71026	0.02809	0.02424	0.01763	0.00881	0.00716	0.00220	0.00606	0.00716	0.00881	0.01212
59	0.01345	0.01266	0.02136	0.73264	0.04904	0.01582	0.01978	0.01819	0.01424	0.01819	0.01266	0.01898	0.00949	0.00712	0.00712	0.00237	0.00949	0.00633	0.00316	0.00791
60	0.00999	0.00750	0.01008	0.01189	0.04393	0.00722	0.00814	0.01265	0.04124	0.02056	0.11601	0.47844	0.07641	0.01960	0.00891	0.00279	0.00462	0.10691	0.00663	0.00648
61	0.01053	0.00706	0.00933	0.00952	0.01087	0.00651	0.00685	0.01300	0.01750	0.05636	0.39960	0.33423	0.05666	0.01745	0.00862	0.00250	0.00380	0.01562	0.00738	0.00659
62	0.01036	0.00690	0.00777	0.00777	0.00777	0.00690	0.00431	0.01036	0.01036	0.01381	0.02244	0.04660	0.02589	0.74975	0.03624	0.00690	0.00690	0.01036	0.00431	0.00431
63	0.01904	0.75404	0.03731	0.01218	0.01828	0.02818	0.01218	0.02132	0.01447	0.01675	0.00990	0.01142	0.00914	0.00609	0.00457	0.00152	0.00761	0.00381	0.00305	0.00914
64	0.22635	0.01440	0.02098	0.30532	0.26138	0.01623	0.01723	0.02017	0.01434	0.02361	0.01217	0.01653	0.00962	0.00672	0.00637	0.00224	0.00807	0.00567	0.00362	0.00900
65	0.01147	0.00820	0.01147	0.01311	0.01475	0.00820	0.01147	0.01475	0.01639	0.02131	0.03770	0.08032	0.04098	0.01967	0.00984	0.00328	0.00656	0.65741	0.00656	0.00656
66	0.01791	0.01396	0.01594	0.01203	0.01767	0.01251	0.00966	0.17615	0.04154	0.05163	0.04750	0.04600	0.01554	0.00740	0.00613	0.00152	0.00579	0.00598	0.00542	0.48974
67	0.01631	0.01632	0.02391	0.38777	0.18636	0.09041	0.07108	0.04279	0.01647	0.02105	0.04919	0.01979	0.01308	0.00732	0.00720	0.00225	0.00944	0.00666	0.00371	0.00890
68	0.01380	0.01302	0.02200	0.67364	0.10525	0.01591	0.01995	0.01851	0.01441	0.01863	0.01272	0.01887	0.00965	0.00705	0.00711	0.00235	0.00940	0.00633	0.00319	0.00820
