[name]
unknown

[dist]
# distance from previous block
# <min> <max>
36	61

[block]
# block no. 0 follows, 25 sequences, length 8
# corresponding to MSA columns:
# 71-78
name=unknown_A
#
# <colnr> <probs for GDERKNQSTAVLIFYWHMCP>
#	G	D	E	R	K	N	Q	S	T	A	V	L	I	F	Y	W	H	M	C	P
0	0.01847	0.01701	0.06100	0.01626	0.02348	0.01331	0.11977	0.06251	0.01817	0.06833	0.01548	0.01773	0.01203	0.00644	0.00667	0.00163	0.00755	0.00579	0.00492	0.50345
1	0.01581	0.00978	0.01058	0.00940	0.01234	0.00965	0.00730	0.08768	0.01822	0.02940	0.02508	0.02829	0.04713	0.01311	0.06220	0.00268	0.00584	0.00736	0.49229	0.10586
2	0.01443	0.01326	0.01932	0.09176	0.02141	0.01759	0.01464	0.01692	0.01249	0.01853	0.01467	0.02260	0.01376	0.03023	0.28382	0.00682	0.36878	0.00739	0.00369	0.00789
3	0.19376	0.01648	0.01686	0.01350	0.01858	0.03966	0.01076	0.22438	0.02250	0.13980	0.01867	0.02213	0.01467	0.10007	0.01085	0.00285	0.00734	0.00665	0.00645	0.11404
4	0.01612	0.00942	0.01020	0.00943	0.01180	0.00993	0.00731	0.10716	0.01860	0.03025	0.02374	0.02766	0.01886	0.01572	0.09937	0.00332	0.00663	0.00734	0.55909	0.00803
5	0.01246	0.00765	0.00899	0.00899	0.01052	0.00791	0.00662	0.01516	0.01462	0.02297	0.02961	0.03726	0.09182	0.12186	0.21298	0.00579	0.00920	0.00908	0.35976	0.00672
6	0.06774	0.06351	0.02174	0.11007	0.02504	0.14036	0.08171	0.07109	0.01953	0.02532	0.11477	0.02972	0.10114	0.01048	0.00858	0.00234	0.04521	0.00850	0.00525	0.04790
7	0.01909	0.02336	0.11424	0.02085	0.02396	0.12959	0.06135	0.05248	0.01577	0.02137	0.01230	0.01745	0.01082	0.01342	0.05225	0.00340	0.38868	0.00661	0.00376	0.00925

[dist]
# distance from previous block
# <min> <max>
50	68

[block]
# block no. 1 follows, 25 sequences, length 9
# corresponding to MSA columns:
# 155-163
name=unknown_B
#
# <colnr> <probs for GDERKNQSTAVLIFYWHMCP>
#	G	D	E	R	K	N	Q	S	T	A	V	L	I	F	Y	W	H	M	C	P
0	0.10644	0.18586	0.05337	0.02810	0.26901	0.12669	0.03897	0.06181	0.01848	0.02511	0.01314	0.01602	0.01091	0.00719	0.00667	0.00214	0.00955	0.00571	0.00406	0.01077
1	0.01699	0.01715	0.02025	0.01786	0.01851	0.10143	0.01430	0.01864	0.01309	0.01816	0.01347	0.02248	0.01353	0.10812	0.10591	0.00484	0.45635	0.00732	0.00372	0.00788
2	0.01643	0.01623	0.02364	0.17854	0.02795	0.02225	0.01801	0.01892	0.01271	0.01892	0.01101	0.01782	0.01021	0.01223	0.02138	0.00321	0.55181	0.00681	0.00340	0.00851
3	0.01445	0.00723	0.00723	0.00723	0.00903	0.00723	0.00542	0.01807	0.01626	0.02891	0.02529	0.02891	0.01987	0.00903	0.00542	0.00181	0.00361	0.00723	0.77055	0.00723
4	0.10984	0.01075	0.01085	0.01001	0.01306	0.01152	0.00777	0.02532	0.16538	0.07596	0.02535	0.02676	0.01931	0.00919	0.00608	0.00211	0.00469	0.00725	0.44987	0.00894
5	0.46273	0.01845	0.01880	0.02291	0.22281	0.09152	0.01391	0.02399	0.01554	0.03012	0.01211	0.01480	0.00978	0.00719	0.00593	0.00233	0.00787	0.00513	0.00441	0.00967
6	0.01408	0.00719	0.00736	0.00749	0.00920	0.00716	0.00555	0.01752	0.01615	0.02822	0.02660	0.08083	0.02223	0.01018	0.00576	0.00191	0.00368	0.00834	0.71340	0.00716
7	0.02268	0.01775	0.02011	0.05780	0.02337	0.01761	0.01272	0.33609	0.02622	0.03672	0.01620	0.01763	0.01226	0.00765	0.00687	0.00183	0.00742	0.00593	0.00610	0.34704
8	0.02743	0.02811	0.02060	0.01746	0.02248	0.40993	0.01349	0.10502	0.02270	0.10427	0.01536	0.01642	0.01176	0.00794	0.00696	0.00193	0.01096	0.00550	0.00523	0.14645

[dist]
# distance from previous block
# <min> <max>
18	28

[block]
# block no. 2 follows, 25 sequences, length 26
# corresponding to MSA columns:
# 194-219
name=unknown_C
#
# <colnr> <probs for GDERKNQSTAVLIFYWHMCP>
#	G	D	E	R	K	N	Q	S	T	A	V	L	I	F	Y	W	H	M	C	P
0	0.23136	0.09006	0.02086	0.04260	0.06071	0.21791	0.01338	0.06770	0.01851	0.02661	0.06205	0.01793	0.01470	0.00879	0.00825	0.00230	0.07652	0.00587	0.00467	0.00922
1	0.12017	0.30118	0.25892	0.01571	0.02338	0.02167	0.01744	0.02378	0.01645	0.06025	0.06306	0.01803	0.01497	0.00782	0.00626	0.00213	0.00865	0.00565	0.00424	0.01025
2	0.05020	0.01842	0.02056	0.01600	0.02145	0.01976	0.01308	0.41844	0.02933	0.12022	0.04546	0.02187	0.01644	0.03705	0.00971	0.00249	0.04523	0.00722	0.00729	0.07982
3	0.05163	0.00930	0.04582	0.01136	0.01291	0.00788	0.00872	0.01309	0.01586	0.02248	0.14340	0.44268	0.04719	0.02108	0.01095	0.06114	0.00514	0.05586	0.00679	0.00669
4	0.01425	0.05227	0.04903	0.01143	0.01434	0.03592	0.00940	0.01780	0.02067	0.08141	0.46657	0.10972	0.05740	0.01484	0.00869	0.00244	0.00505	0.01290	0.00775	0.00813
5	0.01641	0.04130	0.01692	0.01176	0.01827	0.01142	0.00945	0.04330	0.01677	0.02560	0.01539	0.05361	0.01361	0.00690	0.00601	0.00132	0.00588	0.00560	0.00480	0.67568
6	0.01379	0.00921	0.01080	0.00988	0.01229	0.00846	0.00710	0.01693	0.05396	0.08858	0.18379	0.07896	0.19021	0.20547	0.01682	0.00378	0.00538	0.01254	0.00691	0.06514
7	0.16334	0.01975	0.07826	0.18627	0.07218	0.04222	0.21535	0.05775	0.01753	0.02668	0.01407	0.01828	0.01067	0.00721	0.00749	0.00244	0.01024	0.00685	0.00416	0.03928
8	0.01461	0.01051	0.01234	0.01145	0.01353	0.01044	0.00816	0.12982	0.01831	0.02493	0.07683	0.23695	0.03393	0.22833	0.01860	0.03130	0.00634	0.03007	0.00628	0.07728
9	0.06581	0.01806	0.02582	0.12716	0.37564	0.04164	0.01966	0.06018	0.13682	0.02749	0.01748	0.02057	0.01384	0.00787	0.00753	0.00240	0.00873	0.00702	0.00480	0.01148
10	0.02809	0.11338	0.02418	0.01903	0.02352	0.56046	0.01477	0.08693	0.02260	0.02162	0.01246	0.01423	0.01028	0.00796	0.00684	0.00199	0.01285	0.00508	0.00426	0.00948
11	0.04696	0.01306	0.01477	0.01311	0.01551	0.08061	0.05708	0.05297	0.01613	0.02378	0.02045	0.02880	0.01820	0.12978	0.18020	0.00546	0.03778	0.00787	0.22986	0.00761
12	0.01883	0.01510	0.01882	0.01364	0.02046	0.01255	0.04893	0.09437	0.01892	0.06548	0.01541	0.01725	0.01214	0.00642	0.00630	0.00145	0.00656	0.00533	0.00520	0.59683
13	0.01139	0.00860	0.01246	0.01218	0.01382	0.00961	0.00939	0.01405	0.01262	0.01828	0.02055	0.03070	0.01939	0.09177	0.61867	0.01150	0.01913	0.00825	0.00421	0.05344
14	0.01608	0.01378	0.01608	0.01148	0.01837	0.01034	0.00919	0.01952	0.01608	0.02527	0.01378	0.01608	0.01148	0.00574	0.00574	0.00115	0.00574	0.00459	0.00459	0.77491
15	0.00992	0.00771	0.00890	0.00894	0.01086	0.00682	0.00650	0.01229	0.01843	0.02397	0.27483	0.15745	0.35188	0.05348	0.01074	0.00287	0.00409	0.01610	0.00753	0.00668
16	0.05305	0.00817	0.00985	0.00993	0.01165	0.00776	0.00735	0.01379	0.01838	0.02587	0.33745	0.16223	0.14671	0.08554	0.01205	0.00315	0.00463	0.06815	0.00744	0.00684
17	0.01463	0.00779	0.01082	0.01045	0.01099	0.00795	0.00720	0.05462	0.01229	0.01685	0.01456	0.02356	0.01385	0.02461	0.02721	0.67335	0.00666	0.00678	0.05154	0.00428
18	0.00948	0.00778	0.00824	0.00852	0.01073	0.00669	0.00630	0.01135	0.01705	0.02063	0.07008	0.14027	0.54524	0.05794	0.01093	0.00298	0.00434	0.04793	0.00706	0.00645
19	0.01608	0.01378	0.01608	0.01148	0.01837	0.01034	0.00919	0.01952	0.01608	0.02527	0.01378	0.01608	0.01148	0.00574	0.00574	0.00115	0.00574	0.00459	0.00459	0.77491
20	0.01708	0.01603	0.01926	0.01463	0.02014	0.05227	0.04222	0.02027	0.01575	0.02368	0.01311	0.01636	0.01117	0.00734	0.00959	0.00168	0.13616	0.00524	0.00431	0.55372
21	0.10047	0.22249	0.41474	0.01797	0.02705	0.02096	0.02152	0.02364	0.01606	0.02421	0.03687	0.01642	0.01201	0.00746	0.00651	0.00223	0.00973	0.00544	0.00364	0.01057
22	0.01701	0.08958	0.01841	0.01479	0.01741	0.16312	0.01177	0.04475	0.01582	0.01952	0.01722	0.02388	0.01567	0.03777	0.41463	0.00822	0.05126	0.00703	0.00414	0.00801
23	0.01674	0.01151	0.01492	0.01608	0.06609	0.03479	0.01195	0.02148	0.07155	0.11854	0.09643	0.11788	0.03644	0.02077	0.08019	0.00394	0.00819	0.23669	0.00703	0.00880
24	0.11336	0.01782	0.02520	0.20716	0.29400	0.06810	0.04441	0.05317	0.01741	0.02510	0.01390	0.01864	0.01122	0.00841	0.00856	0.04345	0.00945	0.00651	0.00404	0.01011
25	0.05716	0.05347	0.04848	0.06046	0.02511	0.44601	0.01520	0.12596	0.02289	0.02462	0.01582	0.01756	0.03744	0.00855	0.00711	0.00213	0.01189	0.00585	0.00466	0.00963

[dist]
# distance from previous block
# <min> <max>
23	39

[block]
# block no. 3 follows, 25 sequences, length 16
# corresponding to MSA columns:
# 261-276
name=unknown_D
#
# <colnr> <probs for GDERKNQSTAVLIFYWHMCP>
#	G	D	E	R	K	N	Q	S	T	A	V	L	I	F	Y	W	H	M	C	P
0	0.05439	0.01921	0.11350	0.01353	0.02079	0.05796	0.01236	0.02118	0.01638	0.02521	0.01353	0.01581	0.01099	0.00620	0.00602	0.00146	0.00714	0.00477	0.00437	0.57522
1	0.17116	0.09680	0.04685	0.12405	0.15973	0.14573	0.03943	0.02398	0.01690	0.02440	0.01277	0.01610	0.01038	0.00716	0.00658	0.00215	0.00945	0.00556	0.00399	0.07681
2	0.08381	0.03699	0.01780	0.01400	0.01764	0.01409	0.07732	0.16270	0.02219	0.03164	0.24970	0.05914	0.06135	0.10345	0.01220	0.00308	0.00666	0.01068	0.00679	0.00879
3	0.01385	0.01000	0.05728	0.10812	0.01763	0.00899	0.01017	0.01306	0.01176	0.01632	0.01448	0.02310	0.01329	0.02153	0.02365	0.55377	0.00731	0.00673	0.06401	0.00495
4	0.02591	0.02934	0.02321	0.08472	0.07983	0.42111	0.01643	0.12137	0.02233	0.02401	0.01320	0.01596	0.01070	0.00855	0.00881	0.00224	0.07223	0.00577	0.00444	0.00981
5	0.42664	0.03825	0.01453	0.04253	0.01771	0.01667	0.01008	0.12671	0.01833	0.03355	0.06213	0.08335	0.04146	0.01051	0.00650	0.00248	0.00637	0.02751	0.00580	0.00891
6	0.01323	0.00743	0.01065	0.07093	0.01386	0.00768	0.00787	0.01233	0.01217	0.01732	0.01906	0.11125	0.01894	0.02202	0.02175	0.48529	0.00626	0.00873	0.12840	0.00482
7	0.01406	0.01039	0.01195	0.01064	0.01299	0.00978	0.00732	0.08525	0.01587	0.02206	0.02483	0.16671	0.02709	0.34960	0.02264	0.00466	0.00666	0.01132	0.00549	0.18066
8	0.01672	0.01392	0.01614	0.01198	0.01831	0.01121	0.00951	0.07405	0.01776	0.02689	0.01649	0.07213	0.01478	0.00752	0.00625	0.00141	0.00589	0.00618	0.00508	0.64778
9	0.01304	0.00991	0.01227	0.01169	0.01282	0.01071	0.00829	0.06338	0.01476	0.02026	0.02769	0.20972	0.04857	0.28907	0.09402	0.00562	0.08956	0.01266	0.00543	0.04052
10	0.01866	0.51109	0.03470	0.01460	0.01988	0.02561	0.05830	0.02119	0.01502	0.01844	0.01316	0.01825	0.01251	0.07468	0.06982	0.00329	0.05242	0.00565	0.00356	0.00917
11	0.18294	0.01566	0.09516	0.01485	0.04401	0.04015	0.01265	0.04650	0.01755	0.02711	0.09113	0.15066	0.05428	0.01477	0.00826	0.00280	0.00697	0.16013	0.00607	0.00835
12	0.09238	0.06796	0.02398	0.05071	0.13256	0.33147	0.01598	0.14637	0.02262	0.02708	0.01357	0.01578	0.01085	0.00790	0.00697	0.00215	0.01099	0.00565	0.00469	0.01032
13	0.19685	0.02449	0.01911	0.07101	0.02352	0.28272	0.01342	0.13898	0.06127	0.05576	0.01677	0.01806	0.02930	0.00856	0.00684	0.00226	0.00988	0.00597	0.00535	0.00988
14	0.01686	0.01155	0.01374	0.01266	0.01551	0.01180	0.00984	0.17409	0.02124	0.07216	0.05981	0.19050	0.13310	0.05233	0.07132	0.02943	0.00745	0.08104	0.00704	0.00854
15	0.15251	0.08330	0.13995	0.12018	0.21855	0.01864	0.06582	0.02295	0.01613	0.02545	0.01339	0.01708	0.01062	0.00703	0.00687	0.00228	0.00916	0.00600	0.00387	0.06023

[dist]
# distance from previous block
# <min> <max>
15	112

[block]
# block no. 4 follows, 25 sequences, length 18
# corresponding to MSA columns:
# 390-407
name=unknown_E
#
# <colnr> <probs for GDERKNQSTAVLIFYWHMCP>
#	G	D	E	R	K	N	Q	S	T	A	V	L	I	F	Y	W	H	M	C	P
0	0.02111	0.31881	0.13366	0.01989	0.08194	0.10180	0.05933	0.04169	0.01794	0.05973	0.01492	0.01898	0.01255	0.00783	0.00662	0.00208	0.00963	0.03460	0.00417	0.03272
1	0.01824	0.02427	0.16086	0.08500	0.22915	0.13518	0.06732	0.02314	0.01820	0.02332	0.04931	0.02584	0.08846	0.00905	0.00784	0.00237	0.01006	0.00787	0.00430	0.01024
2	0.01666	0.02012	0.13119	0.14578	0.13190	0.08303	0.01797	0.02141	0.01749	0.02355	0.05672	0.03105	0.01986	0.00987	0.00780	0.00235	0.00900	0.10529	0.00462	0.14432
3	0.11888	0.01552	0.02153	0.22234	0.15576	0.01719	0.03505	0.11133	0.05532	0.05852	0.01737	0.02073	0.01315	0.00809	0.00713	0.00237	0.00820	0.00681	0.09448	0.01023
4	0.01840	0.02370	0.12884	0.06260	0.11396	0.05267	0.43371	0.02476	0.01802	0.02434	0.01505	0.01974	0.01141	0.00682	0.00857	0.00252	0.01232	0.00812	0.00381	0.01065
5	0.01290	0.00911	0.01057	0.01024	0.01139	0.00925	0.00683	0.08653	0.01599	0.02138	0.07012	0.17661	0.07102	0.39063	0.05902	0.00572	0.00727	0.01316	0.00589	0.00638
6	0.01742	0.01505	0.02001	0.01476	0.02120	0.01277	0.08792	0.09358	0.01864	0.02756	0.01674	0.06975	0.01469	0.00764	0.00670	0.00161	0.00687	0.00673	0.00508	0.53527
7	0.01139	0.00775	0.00966	0.00963	0.01024	0.00813	0.00635	0.01261	0.01251	0.01761	0.05978	0.04393	0.02764	0.44969	0.22832	0.00835	0.01095	0.01032	0.04949	0.00564
8	0.01608	0.01378	0.01608	0.01148	0.01837	0.01034	0.00919	0.01952	0.01608	0.02527	0.01378	0.01608	0.01148	0.00574	0.00574	0.00115	0.00574	0.00459	0.00459	0.77491
9	0.00994	0.00783	0.00860	0.00844	0.01048	0.00688	0.00610	0.01207	0.01791	0.02280	0.22852	0.06687	0.42634	0.11748	0.01339	0.00325	0.00436	0.01504	0.00720	0.00649
10	0.10037	0.00855	0.00851	0.00837	0.01018	0.00821	0.00570	0.01255	0.01454	0.02015	0.04853	0.05762	0.33346	0.30723	0.02103	0.00459	0.00564	0.01286	0.00590	0.00601
11	0.07067	0.00744	0.01001	0.00992	0.01027	0.00762	0.00662	0.01119	0.01047	0.01524	0.01455	0.02592	0.01481	0.10732	0.02947	0.62710	0.00677	0.00708	0.00363	0.00390
12	0.01102	0.00815	0.01048	0.01161	0.01326	0.00773	0.00932	0.01368	0.01729	0.02231	0.09648	0.19587	0.18969	0.05174	0.01134	0.00337	0.00569	0.30704	0.00716	0.00676
13	0.01608	0.01378	0.01608	0.01148	0.01837	0.01034	0.00919	0.01952	0.01608	0.02527	0.01378	0.01608	0.01148	0.00574	0.00574	0.00115	0.00574	0.00459	0.00459	0.77491
14	0.01954	0.01446	0.01585	0.01347	0.01710	0.05198	0.01056	0.20856	0.02123	0.05517	0.01984	0.02539	0.01667	0.07479	0.20242	0.03128	0.01118	0.00736	0.09505	0.08812
15	0.01768	0.07178	0.07005	0.03921	0.10369	0.09588	0.04179	0.07649	0.01727	0.02253	0.01857	0.02518	0.03683	0.08198	0.18967	0.00541	0.06505	0.00753	0.00435	0.00907
16	0.16096	0.09869	0.07115	0.01503	0.02083	0.21359	0.01287	0.02583	0.06575	0.02493	0.01374	0.01543	0.01111	0.00724	0.00613	0.00189	0.00891	0.00499	0.00447	0.21647
17	0.01893	0.02300	0.13089	0.12236	0.41298	0.08074	0.05213	0.02413	0.01762	0.02392	0.01419	0.01854	0.01143	0.00717	0.00764	0.00235	0.01031	0.00665	0.00372	0.01131

[dist]
# distance from previous block
# <min> <max>
33	68

[block]
# block no. 5 follows, 25 sequences, length 14
# corresponding to MSA columns:
# 489-502
name=unknown_F
#
# <colnr> <probs for GDERKNQSTAVLIFYWHMCP>
#	G	D	E	R	K	N	Q	S	T	A	V	L	I	F	Y	W	H	M	C	P
0	0.02160	0.02114	0.07930	0.02678	0.07843	0.01793	0.29122	0.02669	0.06105	0.06562	0.06276	0.04670	0.02122	0.01053	0.00969	0.00301	0.01075	0.00959	0.00621	0.12975
1	0.01774	0.01727	0.02605	0.20985	0.38819	0.05444	0.02056	0.02316	0.05617	0.02363	0.02057	0.02447	0.06747	0.00846	0.00779	0.00240	0.00914	0.00770	0.00427	0.01069
2	0.02269	0.02150	0.01710	0.01491	0.01884	0.23971	0.01156	0.18587	0.06882	0.03013	0.04701	0.02767	0.09414	0.01033	0.00727	0.00218	0.00851	0.00783	0.15431	0.00961
3	0.01106	0.00820	0.00890	0.00854	0.01124	0.00697	0.00647	0.01337	0.01866	0.06402	0.17358	0.06887	0.53595	0.01839	0.00908	0.00258	0.00405	0.01544	0.00757	0.00709
4	0.01685	0.01439	0.01756	0.01472	0.06495	0.01207	0.01076	0.05892	0.01725	0.02624	0.01538	0.05005	0.01349	0.00722	0.00693	0.00148	0.03235	0.00582	0.00482	0.60877
5	0.01177	0.05402	0.06817	0.01081	0.01380	0.00953	0.00931	0.01564	0.02071	0.02883	0.52426	0.05331	0.12076	0.01495	0.00875	0.00241	0.00461	0.01296	0.00766	0.00775
6	0.01800	0.01938	0.09101	0.08424	0.52384	0.01752	0.02317	0.02297	0.01741	0.02473	0.01667	0.02469	0.01461	0.00821	0.00790	0.00244	0.00932	0.05830	0.00403	0.01155
7	0.01687	0.12812	0.07168	0.02365	0.03019	0.01826	0.35974	0.02198	0.01769	0.02395	0.07921	0.08820	0.02083	0.00909	0.00828	0.00240	0.01012	0.00959	0.00457	0.05559
8	0.01339	0.01037	0.01429	0.05381	0.07887	0.01041	0.01180	0.05904	0.01953	0.02618	0.18551	0.14276	0.09798	0.01739	0.00947	0.00292	0.00621	0.22506	0.00700	0.00800
9	0.06097	0.06116	0.49459	0.02160	0.05136	0.13216	0.02454	0.02546	0.01715	0.02400	0.01333	0.01572	0.00985	0.00742	0.00709	0.00234	0.01140	0.00550	0.00350	0.01085
10	0.09255	0.05379	0.04071	0.02025	0.06051	0.12116	0.13901	0.04783	0.01850	0.08286	0.05706	0.04303	0.01672	0.00888	0.00887	0.00229	0.06771	0.00736	0.00504	0.10587
11	0.01932	0.08607	0.04878	0.03965	0.13792	0.09885	0.03236	0.07329	0.01793	0.02417	0.01800	0.02130	0.05368	0.00955	0.01104	0.00235	0.16321	0.00683	0.05823	0.07745
12	0.05839	0.01947	0.16746	0.06276	0.11159	0.03974	0.01622	0.02220	0.07029	0.06094	0.06798	0.13291	0.02435	0.07877	0.01138	0.00304	0.02785	0.00986	0.00532	0.00949
13	0.07097	0.07036	0.28619	0.05222	0.08069	0.01715	0.01923	0.08093	0.01833	0.02727	0.04925	0.02093	0.04133	0.00815	0.00703	0.00219	0.00879	0.00647	0.00448	0.12805

[dist]
# distance from previous block
# <min> <max>
18	43

[block]
# block no. 6 follows, 25 sequences, length 24
# corresponding to MSA columns:
# 549-572
name=unknown_G
#
# <colnr> <probs for GDERKNQSTAVLIFYWHMCP>
#	G	D	E	R	K	N	Q	S	T	A	V	L	I	F	Y	W	H	M	C	P
0	0.09903	0.02010	0.06864	0.10944	0.14092	0.01911	0.33756	0.06335	0.01838	0.02688	0.01487	0.01936	0.01132	0.00702	0.00811	0.00251	0.01102	0.00769	0.00415	0.01054
1	0.07214	0.02096	0.02430	0.04521	0.02592	0.02305	0.06360	0.54352	0.03289	0.04507	0.01775	0.01852	0.01269	0.00891	0.00769	0.00236	0.00880	0.00698	0.00712	0.01252
2	0.02503	0.01951	0.04493	0.01610	0.02224	0.01959	0.01353	0.41521	0.07236	0.06651	0.05654	0.02132	0.01713	0.00906	0.00747	0.00215	0.00762	0.00706	0.00715	0.14949
3	0.02777	0.02062	0.02209	0.01722	0.02297	0.02286	0.01405	0.57272	0.08586	0.04589	0.01994	0.02101	0.01476	0.04439	0.00931	0.00260	0.00829	0.00733	0.00762	0.01270
4	0.01915	0.01561	0.01793	0.01344	0.01958	0.01419	0.01085	0.17477	0.02083	0.03053	0.01593	0.04439	0.01340	0.00772	0.00734	0.00162	0.04031	0.00597	0.00541	0.52102
5	0.01996	0.01649	0.02001	0.01746	0.07658	0.01595	0.03262	0.18363	0.12021	0.03205	0.01932	0.05524	0.01588	0.00845	0.00707	0.00192	0.00697	0.00707	0.00595	0.33716
6	0.01874	0.01927	0.06466	0.08425	0.61008	0.01833	0.02391	0.02361	0.01747	0.02497	0.01450	0.01913	0.01204	0.00698	0.00766	0.00233	0.00939	0.00685	0.00379	0.01203
7	0.06944	0.01644	0.01977	0.04561	0.07155	0.01741	0.01368	0.19156	0.17312	0.22006	0.02534	0.02694	0.01866	0.01000	0.00779	0.00250	0.00733	0.04305	0.00764	0.01210
8	0.02900	0.02084	0.02253	0.01745	0.02350	0.02295	0.01436	0.57113	0.08373	0.08410	0.02029	0.01985	0.01433	0.00942	0.00777	0.00235	0.00824	0.00716	0.00787	0.01312
9	0.01823	0.01862	0.06152	0.15939	0.51697	0.01823	0.02324	0.02375	0.03955	0.02459	0.01500	0.01964	0.01222	0.00720	0.00768	0.00237	0.00941	0.00691	0.00388	0.01161
10	0.00957	0.00680	0.00896	0.01064	0.01106	0.00638	0.00703	0.01083	0.01461	0.01948	0.04153	0.67814	0.04976	0.07067	0.01185	0.00344	0.00470	0.02133	0.00703	0.00619
11	0.01696	0.01430	0.01655	0.01190	0.01875	0.01124	0.00955	0.06133	0.01742	0.02682	0.01410	0.01625	0.01160	0.00598	0.00588	0.00123	0.00593	0.00475	0.00480	0.72466
12	0.01608	0.01378	0.01608	0.01148	0.01837	0.01034	0.00919	0.01952	0.01608	0.02527	0.01378	0.01608	0.01148	0.00574	0.00574	0.00115	0.00574	0.00459	0.00459	0.77491
13	0.01084	0.00792	0.01017	0.00961	0.01150	0.00726	0.00721	0.01437	0.02163	0.03033	0.63006	0.05918	0.11863	0.01614	0.00915	0.00245	0.00368	0.01420	0.00843	0.00726
14	0.01445	0.00723	0.00723	0.00723	0.00903	0.00723	0.00542	0.01807	0.01626	0.02891	0.02529	0.02891	0.01987	0.00903	0.00542	0.00181	0.00361	0.00723	0.77055	0.00723
15	0.00945	0.00675	0.00900	0.01080	0.01125	0.00630	0.00720	0.01080	0.01484	0.01979	0.04274	0.72245	0.05128	0.02429	0.00990	0.00315	0.00450	0.02204	0.00720	0.00630
16	0.01464	0.01378	0.02326	0.70887	0.05340	0.01723	0.02153	0.01981	0.01550	0.01981	0.01378	0.02067	0.01034	0.00775	0.00775	0.00258	0.01034	0.00689	0.00345	0.00861
17	0.01087	0.00792	0.01022	0.00964	0.01152	0.00727	0.00723	0.01443	0.02170	0.03050	0.64011	0.05890	0.10847	0.01607	0.00915	0.00245	0.00367	0.01416	0.00846	0.00727
18	0.02043	0.69249	0.07771	0.01377	0.02068	0.02995	0.01415	0.02329	0.01579	0.01860	0.01096	0.01266	0.00994	0.00668	0.00511	0.00170	0.00847	0.00424	0.00331	0.01004
19	0.01608	0.01378	0.01608	0.01148	0.01837	0.01034	0.00919	0.01952	0.01608	0.02527	0.01378	0.01608	0.01148	0.00574	0.00574	0.00115	0.00574	0.00459	0.00459	0.77491
20	0.00945	0.00675	0.00900	0.01080	0.01125	0.00630	0.00720	0.01080	0.01484	0.01979	0.04274	0.72245	0.05128	0.02429	0.00990	0.00315	0.00450	0.02204	0.00720	0.00630
21	0.01709	0.01438	0.01662	0.01196	0.01880	0.01137	0.00961	0.06732	0.01762	0.02705	0.01415	0.01627	0.01161	0.00601	0.00589	0.00124	0.00595	0.00477	0.00483	0.71746
22	0.01884	0.01790	0.02719	0.29327	0.35425	0.05313	0.02173	0.07568	0.01865	0.02490	0.01449	0.01943	0.01151	0.00748	0.00768	0.00240	0.00982	0.00681	0.00403	0.01080
23	0.01818	0.01869	0.06364	0.16643	0.53231	0.01818	0.02363	0.02311	0.01720	0.02429	0.01440	0.01931	0.01180	0.00709	0.00767	0.00236	0.00953	0.00684	0.00374	0.01157

[dist]
# distance from previous block
# <min> <max>
1	4

[block]
# block no. 7 follows, 25 sequences, length 7
# corresponding to MSA columns:
# 577-583
name=unknown_H
#
# <colnr> <probs for GDERKNQSTAVLIFYWHMCP>
#	G	D	E	R	K	N	Q	S	T	A	V	L	I	F	Y	W	H	M	C	P
0	0.07960	0.03316	0.02146	0.01899	0.02338	0.54862	0.01450	0.12500	0.02358	0.02458	0.01291	0.01459	0.01037	0.00814	0.00696	0.00207	0.01262	0.00524	0.00462	0.00959
1	0.62416	0.01482	0.01232	0.01125	0.01579	0.01709	0.00921	0.02490	0.10426	0.03368	0.01573	0.01992	0.01297	0.00862	0.00563	0.00251	0.00609	0.04682	0.00539	0.00885
2	0.19434	0.02034	0.01896	0.01558	0.02083	0.08695	0.01258	0.33578	0.11647	0.03916	0.02094	0.02098	0.04544	0.00938	0.00711	0.00237	0.00795	0.00687	0.00672	0.01126
3	0.02947	0.02172	0.02327	0.01784	0.02404	0.02404	0.01474	0.65329	0.03646	0.04887	0.01862	0.01862	0.01319	0.00931	0.00776	0.00233	0.00853	0.00698	0.00776	0.01319
4	0.01630	0.01521	0.02429	0.46541	0.18785	0.01778	0.02075	0.02367	0.10641	0.02279	0.01643	0.02149	0.01262	0.00795	0.00775	0.00253	0.00950	0.00716	0.00415	0.00994
5	0.02947	0.02172	0.02327	0.01784	0.02404	0.02404	0.01474	0.65329	0.03646	0.04887	0.01862	0.01862	0.01319	0.00931	0.00776	0.00233	0.00853	0.00698	0.00776	0.01319
6	0.01533	0.01271	0.01533	0.04562	0.01881	0.01054	0.00963	0.04891	0.01742	0.02596	0.07787	0.11308	0.02234	0.00937	0.00679	0.00166	0.00575	0.00797	0.00539	0.52951

[dist]
# distance from previous block
# <min> <max>
26	49

[block]
# block no. 8 follows, 25 sequences, length 14
# corresponding to MSA columns:
# 635-648
name=unknown_I
#
# <colnr> <probs for GDERKNQSTAVLIFYWHMCP>
#	G	D	E	R	K	N	Q	S	T	A	V	L	I	F	Y	W	H	M	C	P
0	0.02164	0.02320	0.19686	0.03056	0.29853	0.01751	0.02149	0.10477	0.02039	0.12941	0.01859	0.02261	0.01430	0.00840	0.00776	0.00242	0.00921	0.03506	0.00522	0.01209
1	0.08833	0.01763	0.02128	0.04757	0.27020	0.09242	0.01542	0.06740	0.01855	0.02761	0.01609	0.01942	0.01298	0.00750	0.00668	0.00205	0.00797	0.00621	0.14650	0.10820
2	0.01942	0.02307	0.10659	0.12687	0.29127	0.14917	0.02024	0.04596	0.01892	0.02410	0.05000	0.02298	0.05088	0.00852	0.00767	0.00233	0.00999	0.00726	0.00430	0.01050
3	0.01302	0.01418	0.11393	0.07985	0.04458	0.01076	0.01260	0.01807	0.04786	0.04570	0.31621	0.07922	0.14540	0.01405	0.00863	0.00252	0.00595	0.01217	0.00681	0.00847
4	0.01868	0.02147	0.12361	0.04401	0.58844	0.01836	0.02448	0.02390	0.01747	0.02522	0.01449	0.01879	0.01194	0.00697	0.00763	0.00232	0.00953	0.00674	0.00376	0.01217
5	0.01585	0.01431	0.04386	0.01229	0.01540	0.08027	0.00990	0.04559	0.13897	0.03006	0.31526	0.03944	0.04272	0.01219	0.00787	0.00231	0.00568	0.01025	0.14902	0.00878
6	0.01096	0.01386	0.13473	0.01114	0.01513	0.00893	0.01060	0.01481	0.01888	0.02506	0.26908	0.05815	0.34777	0.01608	0.00882	0.00253	0.00523	0.01360	0.00693	0.00772
7	0.07454	0.06634	0.39151	0.02252	0.06197	0.04409	0.11578	0.02415	0.01664	0.02494	0.01373	0.01658	0.01028	0.00705	0.00717	0.00229	0.01060	0.00597	0.00366	0.08020
8	0.01481	0.01128	0.05050	0.06364	0.01731	0.00972	0.01026	0.04232	0.02157	0.10328	0.46868	0.04840	0.07941	0.01396	0.00874	0.00245	0.00512	0.01215	0.00790	0.00850
9	0.02209	0.01662	0.01792	0.01796	0.09840	0.11526	0.01239	0.11629	0.02208	0.16575	0.11332	0.08367	0.09860	0.01472	0.04673	0.00297	0.00827	0.00999	0.00690	0.01009
10	0.10126	0.17343	0.11163	0.02346	0.11515	0.02019	0.16943	0.02582	0.05282	0.08800	0.01686	0.03943	0.01340	0.00782	0.00720	0.00232	0.00931	0.00707	0.00466	0.01074
11	0.19966	0.02466	0.17064	0.05190	0.10012	0.11791	0.04810	0.07061	0.01788	0.02775	0.01383	0.01677	0.01074	0.00792	0.00776	0.00238	0.04836	0.00585	0.04716	0.01002
12	0.05578	0.01827	0.05826	0.08221	0.21780	0.04789	0.01700	0.02938	0.26163	0.02739	0.02482	0.02821	0.04790	0.00973	0.00779	0.00253	0.00798	0.03868	0.00568	0.01107
13	0.02083	0.07069	0.04539	0.02041	0.14200	0.01756	0.01425	0.12619	0.17068	0.08111	0.02383	0.02428	0.04834	0.00895	0.00722	0.00219	0.00715	0.00737	0.05617	0.10540

[dist]
# distance from previous block
# <min> <max>
31	102

[block]
# block no. 9 follows, 25 sequences, length 61
# corresponding to MSA columns:
# 768-828
name=unknown_J
#
# <colnr> <probs for GDERKNQSTAVLIFYWHMCP>
#	G	D	E	R	K	N	Q	S	T	A	V	L	I	F	Y	W	H	M	C	P
0	0.10077	0.06971	0.01827	0.01748	0.11459	0.01466	0.01185	0.04660	0.10696	0.11461	0.13254	0.10157	0.02911	0.01364	0.03955	0.00288	0.00688	0.00963	0.03879	0.00991
1	0.06388	0.15825	0.11843	0.07779	0.04619	0.13838	0.04906	0.02476	0.04868	0.05456	0.07772	0.02243	0.03818	0.00866	0.00703	0.00219	0.00921	0.00683	0.00475	0.04304
2	0.13836	0.13504	0.14873	0.02048	0.11734	0.08566	0.01676	0.09406	0.04665	0.05918	0.05544	0.01914	0.01527	0.00819	0.00680	0.00224	0.00879	0.00622	0.00497	0.01068
3	0.11453	0.01887	0.14274	0.08816	0.10816	0.01561	0.06717	0.02358	0.08111	0.04943	0.05170	0.03163	0.02043	0.01318	0.05017	0.00324	0.00938	0.09591	0.00515	0.00986
4	0.13555	0.02204	0.16920	0.04179	0.12160	0.05589	0.01695	0.12180	0.01960	0.03009	0.01729	0.02254	0.01402	0.00864	0.00697	0.00232	0.00846	0.04412	0.10370	0.03743
5	0.06391	0.01871	0.02837	0.11009	0.41482	0.05040	0.06149	0.08558	0.01918	0.02710	0.01554	0.04153	0.01306	0.00784	0.00766	0.00237	0.00940	0.00730	0.00436	0.01129
6	0.01929	0.04852	0.12521	0.09034	0.08838	0.01409	0.01534	0.02422	0.04030	0.14479	0.04052	0.04394	0.01699	0.04213	0.00865	0.00233	0.00772	0.00712	0.00538	0.21473
7	0.02072	0.09153	0.25656	0.02191	0.09700	0.03891	0.07630	0.02693	0.04044	0.15049	0.04824	0.02089	0.01558	0.00803	0.00741	0.00228	0.00934	0.00681	0.00511	0.05553
8	0.05385	0.01567	0.02438	0.22550	0.32570	0.01697	0.01930	0.05477	0.04578	0.02580	0.03917	0.02176	0.01472	0.00848	0.00817	0.02524	0.00861	0.00713	0.04861	0.01037
9	0.04763	0.01874	0.02758	0.14245	0.33759	0.04294	0.05635	0.14151	0.02079	0.02895	0.01501	0.01884	0.01185	0.00746	0.00756	0.00230	0.00936	0.00676	0.00460	0.05173
10	0.01831	0.01849	0.04306	0.11074	0.18031	0.09795	0.03698	0.04715	0.16339	0.02685	0.11941	0.02926	0.05473	0.00997	0.00798	0.00243	0.00834	0.00863	0.00568	0.01036
11	0.01038	0.00730	0.00953	0.01097	0.01158	0.00703	0.00768	0.01186	0.01469	0.01947	0.03876	0.47090	0.04543	0.16440	0.01596	0.00410	0.00559	0.13155	0.00669	0.00613
12	0.02702	0.01970	0.02136	0.01692	0.02247	0.02169	0.01376	0.51991	0.09531	0.06672	0.02226	0.07765	0.01754	0.01067	0.00795	0.00243	0.00790	0.00842	0.00779	0.01253
13	0.01958	0.42568	0.20219	0.01633	0.02344	0.08858	0.01728	0.02371	0.01658	0.02050	0.04018	0.01575	0.01264	0.00767	0.00690	0.00201	0.04214	0.00518	0.00360	0.01006
14	0.02103	0.29037	0.17648	0.01490	0.02172	0.01994	0.01541	0.04727	0.01878	0.15496	0.10502	0.02421	0.04077	0.00910	0.00685	0.00214	0.00793	0.00700	0.00552	0.01060
15	0.01805	0.16868	0.42450	0.02415	0.13530	0.02021	0.02408	0.02480	0.01673	0.05454	0.01420	0.01654	0.01069	0.00726	0.00698	0.00227	0.01025	0.00571	0.00367	0.01138
16	0.03456	0.01355	0.01822	0.01397	0.01997	0.01193	0.01154	0.06370	0.02279	0.65775	0.03009	0.02606	0.01894	0.00958	0.00780	0.00240	0.00668	0.00776	0.00952	0.01319
17	0.03479	0.01320	0.01799	0.01380	0.01979	0.01140	0.01140	0.03779	0.02219	0.68451	0.03059	0.02639	0.01919	0.00960	0.00780	0.00240	0.00660	0.00780	0.00960	0.01320
18	0.01657	0.01215	0.01656	0.13593	0.07427	0.01285	0.01258	0.02425	0.15636	0.10034	0.27157	0.06961	0.04001	0.01231	0.00841	0.00252	0.00614	0.01080	0.00720	0.00958
19	0.01102	0.00903	0.01232	0.12395	0.04610	0.00899	0.01036	0.01370	0.01673	0.02146	0.08696	0.26342	0.24340	0.01859	0.00927	0.00286	0.00569	0.08248	0.00653	0.00715
20	0.00916	0.00785	0.00785	0.00785	0.01047	0.00655	0.00589	0.01113	0.01767	0.02095	0.07855	0.07462	0.67599	0.01964	0.00916	0.00262	0.00393	0.01636	0.00720	0.00655
21	0.01814	0.02061	0.04477	0.06206	0.04108	0.01950	0.62363	0.02462	0.01818	0.02462	0.01560	0.02090	0.01170	0.00659	0.00909	0.00261	0.01295	0.00905	0.00390	0.01038
22	0.03027	0.02044	0.02248	0.01723	0.02341	0.02215	0.01424	0.56109	0.03432	0.14408	0.02041	0.01978	0.01409	0.00935	0.00776	0.00234	0.00824	0.00710	0.00803	0.01319
23	0.02908	0.01254	0.01744	0.08841	0.02244	0.01149	0.01215	0.03232	0.02095	0.51461	0.05298	0.03324	0.05462	0.01088	0.00810	0.00251	0.00681	0.04904	0.00862	0.01178
24	0.01125	0.00820	0.01190	0.01190	0.01320	0.00941	0.00910	0.01384	0.01255	0.01828	0.02127	0.03196	0.02009	0.10780	0.61320	0.01158	0.01893	0.00849	0.04028	0.00676
25	0.01464	0.01378	0.02326	0.70887	0.05340	0.01723	0.02153	0.01981	0.01550	0.01981	0.01378	0.02067	0.01034	0.00775	0.00775	0.00258	0.01034	0.00689	0.00345	0.00861
26	0.78228	0.01499	0.01140	0.01020	0.01499	0.01739	0.00840	0.02279	0.01320	0.03479	0.01080	0.01260	0.00840	0.00720	0.00480	0.00240	0.00600	0.00420	0.00480	0.00840
27	0.01150	0.00825	0.01053	0.01036	0.01081	0.00904	0.00694	0.01248	0.01169	0.01618	0.02252	0.04243	0.02441	0.47346	0.25307	0.00892	0.04724	0.01008	0.00446	0.00561
28	0.10300	0.15022	0.22761	0.01760	0.02417	0.13405	0.04726	0.02411	0.04385	0.02343	0.01774	0.09126	0.01627	0.00981	0.00713	0.00237	0.00967	0.03637	0.00438	0.00969
29	0.01083	0.00787	0.01020	0.00972	0.01152	0.00724	0.00725	0.01432	0.02147	0.03019	0.62315	0.08627	0.09812	0.01636	0.00918	0.00248	0.00370	0.01446	0.00842	0.00724
30	0.01464	0.01378	0.02326	0.70887	0.05340	0.01723	0.02153	0.01981	0.01550	0.01981	0.01378	0.02067	0.01034	0.00775	0.00775	0.00258	0.01034	0.00689	0.00345	0.00861
31	0.01667	0.01586	0.02693	0.41338	0.33301	0.01776	0.02254	0.02159	0.01647	0.02228	0.01414	0.02001	0.01121	0.00738	0.00772	0.00246	0.00983	0.00690	0.00362	0.01025
32	0.01611	0.00877	0.01202	0.01191	0.01218	0.00838	0.00792	0.01215	0.01187	0.01611	0.01605	0.02684	0.01584	0.02782	0.03038	0.74134	0.00758	0.00752	0.00429	0.00490
33	0.01590	0.06929	0.62947	0.02221	0.03329	0.01863	0.05685	0.02451	0.01643	0.02429	0.01386	0.01641	0.00992	0.00730	0.00735	0.00243	0.01140	0.00582	0.00331	0.01135
34	0.01719	0.01432	0.01647	0.01228	0.01864	0.01191	0.00978	0.08137	0.05145	0.02763	0.01669	0.05424	0.01438	0.00731	0.00627	0.00144	0.00597	0.00596	0.00521	0.62150
35	0.00972	0.00722	0.00910	0.01053	0.01142	0.00674	0.00717	0.01180	0.03571	0.02035	0.04748	0.60850	0.13925	0.02320	0.00973	0.00306	0.00447	0.02082	0.00722	0.00652
36	0.01961	0.01916	0.03060	0.04535	0.62920	0.04755	0.02304	0.02468	0.03928	0.02529	0.01504	0.01929	0.01256	0.00707	0.00765	0.00230	0.00931	0.00689	0.00398	0.01214
37	0.01919	0.01842	0.03147	0.04759	0.67914	0.01842	0.02380	0.02380	0.01765	0.02533	0.01458	0.01919	0.01228	0.00691	0.00768	0.00230	0.00921	0.00691	0.00384	0.01228
38	0.00974	0.00686	0.00922	0.01096	0.01146	0.00645	0.00746	0.01105	0.01485	0.01977	0.04171	0.66661	0.04972	0.02422	0.01059	0.02783	0.00471	0.05346	0.00707	0.00625
39	0.01895	0.01818	0.03104	0.08214	0.64644	0.01836	0.02368	0.02359	0.01754	0.02504	0.01454	0.01927	0.01218	0.00695	0.00768	0.00232	0.00927	0.00691	0.00382	0.01209
40	0.01766	0.02536	0.19425	0.03023	0.03891	0.01924	0.50693	0.02477	0.01785	0.02477	0.01528	0.01986	0.01132	0.00673	0.00874	0.00258	0.01270	0.00836	0.00377	0.01069
41	0.00937	0.00777	0.00824	0.00857	0.01086	0.00664	0.00640	0.01134	0.01732	0.02091	0.07196	0.15937	0.56235	0.02033	0.00934	0.00274	0.00417	0.04859	0.00720	0.00654
42	0.03136	0.04902	0.04036	0.01424	0.02012	0.03338	0.01210	0.06178	0.04269	0.52974	0.06208	0.02645	0.02091	0.00968	0.00770	0.00236	0.00697	0.00780	0.00874	0.01252
43	0.01782	0.05009	0.23449	0.07041	0.27378	0.01886	0.05190	0.02685	0.12954	0.02573	0.01719	0.01993	0.01327	0.00770	0.00759	0.00242	0.00959	0.00687	0.00433	0.01164
44	0.01133	0.00808	0.00979	0.00935	0.01155	0.00719	0.00701	0.01429	0.02020	0.05557	0.41844	0.09341	0.27073	0.01724	0.00913	0.00253	0.00392	0.01491	0.00807	0.00727
45	0.01732	0.01881	0.09794	0.39731	0.14852	0.01841	0.07767	0.08628	0.01834	0.02464	0.01459	0.01978	0.01101	0.00763	0.00782	0.00250	0.01033	0.00698	0.00397	0.01015
46	0.09388	0.06809	0.42622	0.02589	0.15523	0.01876	0.05771	0.02418	0.01637	0.02542	0.01366	0.01657	0.01026	0.00718	0.00714	0.00239	0.01040	0.00590	0.00357	0.01118
47	0.01754	0.02644	0.23402	0.03035	0.07215	0.01907	0.43455	0.02470	0.01770	0.02478	0.01511	0.01948	0.01122	0.00680	0.00855	0.00255	0.01239	0.00802	0.00373	0.01085
48	0.01253	0.00867	0.01154	0.01175	0.01371	0.00835	0.00944	0.01658	0.04050	0.05087	0.37101	0.10473	0.05832	0.01792	0.00965	0.00288	0.00512	0.23087	0.00798	0.00756
49	0.17973	0.09536	0.01827	0.01325	0.01821	0.07240	0.01085	0.03028	0.14858	0.21808	0.02830	0.02684	0.08870	0.00994	0.00697	0.00235	0.00688	0.00757	0.00685	0.01059
50	0.04287	0.17552	0.36084	0.02199	0.09860	0.05262	0.02208	0.02359	0.01612	0.02278	0.01332	0.01640	0.01060	0.01016	0.04374	0.00282	0.04619	0.00564	0.00348	0.01064
51	0.01173	0.00837	0.01056	0.01012	0.01205	0.00789	0.00759	0.01461	0.01966	0.05719	0.40448	0.14957	0.19254	0.01743	0.00987	0.00261	0.03348	0.01503	0.00790	0.00733
52	0.01676	0.01628	0.02867	0.38632	0.29326	0.01793	0.08542	0.02185	0.01661	0.02244	0.01428	0.02013	0.01123	0.00731	0.00786	0.00248	0.01018	0.00712	0.00364	0.01021
53	0.06341	0.12833	0.06117	0.07424	0.11998	0.34641	0.05360	0.02692	0.01905	0.02129	0.01257	0.01545	0.01035	0.00747	0.00689	0.00212	0.01163	0.00552	0.00384	0.00975
54	0.01679	0.05650	0.02542	0.33783	0.08802	0.01850	0.08096	0.05313	0.01661	0.02300	0.01488	0.02039	0.01180	0.00855	0.00998	0.00253	0.10965	0.00699	0.08926	0.00922
55	0.00990	0.00795	0.00887	0.00882	0.01116	0.00692	0.00673	0.01245	0.01890	0.02397	0.24505	0.07074	0.46334	0.01868	0.00926	0.00263	0.00406	0.05619	0.00757	0.00680
56	0.01803	0.02039	0.08051	0.03098	0.13466	0.01832	0.41281	0.02540	0.06837	0.02581	0.01739	0.02160	0.01328	0.00715	0.00841	0.00249	0.01109	0.00840	0.06421	0.01069
57	0.08979	0.04087	0.05353	0.01489	0.02088	0.05444	0.01276	0.10519	0.06988	0.41919	0.02517	0.02292	0.01668	0.00914	0.00740	0.00236	0.00747	0.00711	0.00803	0.01231
58	0.00970	0.00688	0.00902	0.01051	0.01099	0.00647	0.00696	0.01104	0.01487	0.01992	0.07399	0.62221	0.05017	0.09244	0.01274	0.00354	0.00475	0.02057	0.00702	0.00619
59	0.01628	0.03686	0.61370	0.02096	0.03158	0.01705	0.02653	0.02466	0.01699	0.05896	0.05298	0.01929	0.01397	0.00797	0.00749	0.00245	0.01076	0.00632	0.00390	0.01131
60	0.06222	0.05491	0.02061	0.04829	0.02207	0.01984	0.01303	0.39561	0.04870	0.06140	0.08512	0.08928	0.02267	0.01110	0.00781	0.00241	0.00748	0.00889	0.00726	0.01130

[dist]
# distance from previous block
# <min> <max>
3	10

[block]
# block no. 10 follows, 25 sequences, length 22
# corresponding to MSA columns:
# 840-861
name=unknown_K
#
# <colnr> <probs for GDERKNQSTAVLIFYWHMCP>
#	G	D	E	R	K	N	Q	S	T	A	V	L	I	F	Y	W	H	M	C	P
0	0.01900	0.38367	0.19009	0.01582	0.02256	0.10131	0.01642	0.02302	0.01681	0.02064	0.05119	0.05099	0.01583	0.01015	0.03055	0.00238	0.00971	0.00619	0.00390	0.00977
1	0.10481	0.24999	0.25810	0.01757	0.02506	0.18019	0.01848	0.02544	0.01714	0.02243	0.01215	0.01418	0.00974	0.00727	0.00626	0.00210	0.01047	0.00490	0.00362	0.01008
2	0.01888	0.01853	0.02954	0.16304	0.53576	0.05218	0.02295	0.02345	0.01749	0.02404	0.01431	0.01919	0.01182	0.00711	0.00766	0.00234	0.00965	0.00681	0.00378	0.01147
3	0.01685	0.02593	0.24292	0.02791	0.03638	0.01821	0.41397	0.02380	0.01747	0.02441	0.01696	0.06676	0.01382	0.00799	0.00865	0.00260	0.01199	0.00895	0.00394	0.01049
4	0.01428	0.01333	0.02128	0.40017	0.17531	0.01491	0.01824	0.01856	0.01648	0.02125	0.02956	0.03336	0.17116	0.01044	0.00808	0.00253	0.00855	0.00918	0.00443	0.00889
5	0.01467	0.01009	0.01190	0.01120	0.01396	0.00989	0.00845	0.02124	0.15249	0.09982	0.22785	0.16765	0.18741	0.01637	0.00887	0.00264	0.00470	0.01416	0.00799	0.00864
6	0.01365	0.00837	0.01037	0.01000	0.01219	0.00749	0.00732	0.01596	0.01841	0.12029	0.22891	0.21363	0.21300	0.07066	0.01138	0.00302	0.00464	0.01540	0.00775	0.00754
7	0.01325	0.01107	0.01058	0.01056	0.01297	0.07986	0.00784	0.01527	0.01793	0.06564	0.08145	0.21863	0.36538	0.01876	0.00907	0.00269	0.00542	0.03933	0.00707	0.00725
8	0.62485	0.01534	0.01266	0.01135	0.01606	0.01778	0.00920	0.02659	0.14771	0.03430	0.01508	0.01597	0.01155	0.00788	0.00544	0.00245	0.00603	0.00514	0.00544	0.00920
9	0.01555	0.04011	0.68733	0.02210	0.03356	0.01801	0.02865	0.02455	0.01637	0.02455	0.01391	0.01637	0.00982	0.00737	0.00737	0.00246	0.01146	0.00573	0.00327	0.01146
10	0.01883	0.01319	0.01605	0.01642	0.06208	0.03561	0.01239	0.05591	0.15510	0.12913	0.08179	0.08064	0.05548	0.01495	0.00899	0.00286	0.00680	0.21649	0.00749	0.00981
11	0.00978	0.00788	0.00871	0.00850	0.01085	0.00681	0.00637	0.01232	0.01912	0.02439	0.28080	0.06896	0.47159	0.01835	0.00916	0.00256	0.00384	0.01557	0.00765	0.00681
12	0.01249	0.00892	0.01249	0.01428	0.01606	0.00892	0.01249	0.01606	0.01785	0.02320	0.04105	0.08746	0.04462	0.02142	0.01071	0.00357	0.00714	0.62695	0.00714	0.00714
13	0.15491	0.02257	0.02049	0.16918	0.02867	0.20213	0.01504	0.19644	0.06629	0.03089	0.01529	0.01748	0.01158	0.00833	0.00705	0.00233	0.00980	0.00607	0.00529	0.01016
14	0.00945	0.00675	0.00900	0.01080	0.01125	0.00630	0.00720	0.01080	0.01484	0.01979	0.04274	0.72245	0.05128	0.02429	0.00990	0.00315	0.00450	0.02204	0.00720	0.00630
15	0.00945	0.00675	0.00900	0.01080	0.01125	0.00630	0.00720	0.01080	0.01484	0.01979	0.04274	0.72245	0.05128	0.02429	0.00990	0.00315	0.00450	0.02204	0.00720	0.00630
16	0.00943	0.00682	0.00893	0.01061	0.01120	0.00631	0.00712	0.01082	0.01502	0.01986	0.04495	0.68242	0.08989	0.02400	0.00985	0.00312	0.00446	0.02169	0.00720	0.00631
17	0.01835	0.01788	0.03143	0.15575	0.51628	0.01833	0.08156	0.02323	0.01736	0.02437	0.01455	0.01960	0.01191	0.00701	0.00783	0.00238	0.00976	0.00711	0.00378	0.01150
18	0.00954	0.00682	0.00908	0.01074	0.01127	0.00636	0.00720	0.01102	0.01526	0.02046	0.07988	0.68341	0.05257	0.02380	0.00985	0.00311	0.00445	0.02157	0.00728	0.00636
19	0.02073	0.73217	0.04063	0.01327	0.01990	0.03068	0.01327	0.02322	0.01575	0.01824	0.01078	0.01244	0.00995	0.00663	0.00498	0.00166	0.00829	0.00415	0.00332	0.00995
20	0.02616	0.01678	0.01896	0.01566	0.02093	0.01803	0.01257	0.17829	0.33364	0.22849	0.02835	0.02585	0.01998	0.00997	0.00783	0.00249	0.00681	0.00808	0.00836	0.01275
21	0.00972	0.00793	0.00863	0.00861	0.01102	0.00684	0.00656	0.01212	0.01855	0.02314	0.19810	0.07194	0.51727	0.01897	0.00925	0.00264	0.00405	0.05047	0.00747	0.00674

[dist]
# distance from previous block
# <min> <max>
0	1

[block]
# block no. 11 follows, 25 sequences, length 33
# corresponding to MSA columns:
# 863-895
name=unknown_L
#
# <colnr> <probs for GDERKNQSTAVLIFYWHMCP>
#	G	D	E	R	K	N	Q	S	T	A	V	L	I	F	Y	W	H	M	C	P
0	0.01803	0.02281	0.10916	0.03163	0.03983	0.01945	0.58948	0.02481	0.01811	0.02481	0.01551	0.02047	0.01157	0.00662	0.00897	0.00260	0.01291	0.00881	0.00386	0.01056
1	0.78228	0.01499	0.01140	0.01020	0.01499	0.01739	0.00840	0.02279	0.01320	0.03479	0.01080	0.01260	0.00840	0.00720	0.00480	0.00240	0.00600	0.00420	0.00480	0.00840
2	0.00945	0.00675	0.00900	0.01080	0.01125	0.00630	0.00720	0.01080	0.01484	0.01979	0.04274	0.72245	0.05128	0.02429	0.00990	0.00315	0.00450	0.02204	0.00720	0.00630
3	0.01622	0.01596	0.02229	0.01941	0.01946	0.02203	0.01600	0.01788	0.01217	0.01877	0.01339	0.08658	0.01423	0.01463	0.02391	0.00337	0.64337	0.00829	0.00377	0.00827
4	0.01759	0.01467	0.01689	0.01220	0.01901	0.01188	0.00981	0.09083	0.01837	0.02792	0.01433	0.01636	0.01168	0.00614	0.00597	0.00128	0.00606	0.00486	0.00495	0.68921
5	0.02707	0.04732	0.02191	0.01680	0.02235	0.07423	0.01371	0.43307	0.12388	0.06939	0.02055	0.02040	0.01495	0.00928	0.00749	0.00230	0.00826	0.00703	0.04773	0.01229
6	0.00998	0.00756	0.00906	0.00933	0.01095	0.00680	0.00667	0.01225	0.01803	0.02381	0.27136	0.24200	0.26478	0.05829	0.01101	0.00297	0.00418	0.01681	0.00752	0.00664
