[name]
unknown

[dist]
# distance from previous block
# <min> <max>
0	0

[block]
# block no. 0 follows, 31 sequences, length 7
# corresponding to MSA columns:
# 0-6
name=unknown_A
#
# <colnr> <probs for GDERKNQSTAVLIFYWHMCP>
#	G	D	E	R	K	N	Q	S	T	A	V	L	I	F	Y	W	H	M	C	P
0	0.01102	0.00787	0.01102	0.01260	0.01417	0.00787	0.01102	0.01417	0.01575	0.02047	0.03622	0.07717	0.03937	0.01890	0.00945	0.00315	0.00630	0.67084	0.00630	0.00630
1	0.01436	0.13686	0.62822	0.01841	0.02793	0.01745	0.02339	0.02150	0.01437	0.02089	0.01189	0.01396	0.00868	0.00641	0.00621	0.00207	0.00972	0.00486	0.00289	0.00993
2	0.01568	0.34748	0.42918	0.01616	0.02445	0.02068	0.01946	0.02116	0.01421	0.01928	0.01109	0.01296	0.00871	0.00622	0.00560	0.00187	0.00891	0.00446	0.00290	0.00954
3	0.01628	0.01559	0.02659	0.15631	0.60769	0.01608	0.02067	0.02042	0.01527	0.02156	0.01275	0.01715	0.01056	0.00622	0.00678	0.00207	0.00829	0.00609	0.00333	0.01031
4	0.01356	0.01278	0.01965	0.47184	0.03599	0.01554	0.01645	0.01722	0.01305	0.01799	0.01146	0.01690	0.00924	0.00770	0.01000	0.00224	0.17075	0.00575	0.00318	0.12869
5	0.05272	0.01513	0.02064	0.27806	0.20474	0.07226	0.01611	0.05234	0.01631	0.12818	0.01455	0.01752	0.01083	0.00683	0.00653	0.00204	0.00809	0.00582	0.00429	0.06701
6	0.13697	0.31218	0.13556	0.01245	0.01796	0.01871	0.01232	0.07311	0.01502	0.02203	0.01464	0.11590	0.01396	0.00834	0.00556	0.00187	0.00684	0.00632	0.00399	0.06625

[dist]
# distance from previous block
# <min> <max>
19	36

[block]
# block no. 1 follows, 31 sequences, length 10
# corresponding to MSA columns:
# 44-53
name=unknown_B
#
# <colnr> <probs for GDERKNQSTAVLIFYWHMCP>
#	G	D	E	R	K	N	Q	S	T	A	V	L	I	F	Y	W	H	M	C	P
0	0.01636	0.01832	0.02610	0.02064	0.02447	0.16851	0.30045	0.01974	0.01563	0.01947	0.04565	0.14723	0.01821	0.01002	0.00985	0.00237	0.11580	0.00916	0.00408	0.00794
1	0.01693	0.01626	0.02777	0.04199	0.71689	0.01626	0.02100	0.02100	0.01558	0.02235	0.01287	0.01693	0.01084	0.00610	0.00677	0.00203	0.00813	0.00610	0.00339	0.01084
2	0.01292	0.01216	0.02052	0.74312	0.04712	0.01520	0.01900	0.01748	0.01368	0.01748	0.01216	0.01824	0.00912	0.00684	0.00684	0.00228	0.00912	0.00608	0.00304	0.00760
3	0.01693	0.01626	0.02777	0.04199	0.71689	0.01626	0.02100	0.02100	0.01558	0.02235	0.01287	0.01693	0.01084	0.00610	0.00677	0.00203	0.00813	0.00610	0.00339	0.01084
4	0.02647	0.01393	0.01720	0.01344	0.01814	0.01412	0.01106	0.24349	0.02299	0.40043	0.07582	0.02267	0.01839	0.00906	0.00803	0.00216	0.05712	0.00701	0.00750	0.01095
5	0.08350	0.02165	0.01992	0.01621	0.02097	0.23487	0.05887	0.27991	0.07186	0.10221	0.01586	0.01628	0.01158	0.00765	0.00654	0.00201	0.00877	0.00576	0.00559	0.00997
6	0.02845	0.01737	0.01784	0.01414	0.01919	0.13373	0.01146	0.22823	0.02328	0.40295	0.02112	0.01943	0.01401	0.00816	0.00675	0.00204	0.00741	0.00625	0.00716	0.01102
7	0.00982	0.00742	0.00892	0.00942	0.01089	0.00689	0.00665	0.05836	0.01506	0.01975	0.04196	0.51197	0.19024	0.01876	0.00827	0.00253	0.00416	0.01662	0.00627	0.04603
8	0.34430	0.01983	0.01600	0.01343	0.01795	0.18158	0.01077	0.26697	0.02088	0.03202	0.01228	0.01333	0.00927	0.00719	0.00563	0.00201	0.00772	0.00476	0.00502	0.00907
9	0.17109	0.01728	0.01652	0.01350	0.01825	0.11977	0.01089	0.20677	0.08585	0.24491	0.01863	0.01782	0.01295	0.00788	0.00629	0.00207	0.00709	0.00582	0.00639	0.01024

[dist]
# distance from previous block
# <min> <max>
0	9

[block]
# block no. 2 follows, 31 sequences, length 9
# corresponding to MSA columns:
# 63-71
name=unknown_C
#
# <colnr> <probs for GDERKNQSTAVLIFYWHMCP>
#	G	D	E	R	K	N	Q	S	T	A	V	L	I	F	Y	W	H	M	C	P
0	0.02191	0.01551	0.01772	0.01360	0.01858	0.01594	0.01109	0.35168	0.02324	0.11784	0.01625	0.01776	0.01225	0.03952	0.00870	0.00204	0.06069	0.00583	0.00590	0.22394
1	0.02084	0.01729	0.02135	0.01613	0.02167	0.04487	0.11315	0.37129	0.02402	0.03268	0.01569	0.04823	0.01243	0.00761	0.00665	0.00186	0.00756	0.00644	0.00550	0.20476
2	0.02357	0.01765	0.01913	0.01497	0.02017	0.01919	0.01233	0.55309	0.07895	0.03911	0.01793	0.02007	0.01363	0.00858	0.00684	0.00204	0.00710	0.04075	0.00659	0.07832
3	0.02133	0.01428	0.01601	0.01362	0.01800	0.01557	0.01081	0.09139	0.46965	0.20975	0.02665	0.02417	0.01907	0.00898	0.00693	0.00224	0.00570	0.00738	0.00734	0.01111
4	0.01809	0.01422	0.01599	0.01218	0.01751	0.01334	0.00978	0.27089	0.02084	0.02967	0.01613	0.08369	0.01395	0.00777	0.00607	0.00157	0.00589	0.00627	0.00531	0.43083
5	0.02422	0.01798	0.01953	0.01506	0.02034	0.01961	0.01239	0.60544	0.02964	0.04004	0.01621	0.01684	0.01183	0.01038	0.04709	0.00247	0.00794	0.00607	0.00646	0.07048
6	0.01693	0.01626	0.02777	0.04199	0.71689	0.01626	0.02100	0.02100	0.01558	0.02235	0.01287	0.01693	0.01084	0.00610	0.00677	0.00203	0.00813	0.00610	0.00339	0.01084
7	0.01292	0.01216	0.02052	0.74312	0.04712	0.01520	0.01900	0.01748	0.01368	0.01748	0.01216	0.01824	0.00912	0.00684	0.00684	0.00228	0.00912	0.00608	0.00304	0.00760
8	0.01355	0.01209	0.02195	0.01768	0.02117	0.01185	0.26213	0.01710	0.01559	0.05726	0.10111	0.12774	0.07024	0.03434	0.01020	0.00267	0.06291	0.12765	0.00519	0.00758

[dist]
# distance from previous block
# <min> <max>
11	24

[block]
# block no. 3 follows, 31 sequences, length 7
# corresponding to MSA columns:
# 99-105
name=unknown_D
#
# <colnr> <probs for GDERKNQSTAVLIFYWHMCP>
#	G	D	E	R	K	N	Q	S	T	A	V	L	I	F	Y	W	H	M	C	P
0	0.10038	0.02890	0.01787	0.01631	0.01973	0.61014	0.01232	0.02553	0.01803	0.01804	0.01103	0.01327	0.00928	0.01018	0.05854	0.00246	0.01209	0.00455	0.00360	0.00775
1	0.80789	0.01323	0.01006	0.00900	0.01323	0.01535	0.00741	0.02011	0.01164	0.03070	0.00953	0.01111	0.00741	0.00635	0.00423	0.00212	0.00529	0.00370	0.00423	0.00741
2	0.01419	0.01216	0.01419	0.01013	0.01621	0.00912	0.00811	0.01723	0.01419	0.02229	0.01216	0.01419	0.01013	0.00507	0.00507	0.00101	0.00507	0.00405	0.00405	0.80139
3	0.00888	0.00604	0.00775	0.00907	0.00956	0.00571	0.00604	0.01018	0.01299	0.01794	0.03504	0.63285	0.04108	0.07354	0.01024	0.00294	0.00409	0.01749	0.08302	0.00553
4	0.01702	0.01470	0.01547	0.01392	0.01779	0.01702	0.01083	0.03635	0.70453	0.02862	0.02785	0.02553	0.02088	0.00928	0.00696	0.00232	0.00541	0.00773	0.00696	0.01083
5	0.01292	0.01216	0.02052	0.74312	0.04712	0.01520	0.01900	0.01748	0.01368	0.01748	0.01216	0.01824	0.00912	0.00684	0.00684	0.00228	0.00912	0.00608	0.00304	0.00760
6	0.03070	0.01164	0.01588	0.01217	0.01746	0.01006	0.01006	0.03334	0.01958	0.72163	0.02699	0.02329	0.01694	0.00847	0.00688	0.00212	0.00582	0.00688	0.00847	0.01164

[dist]
# distance from previous block
# <min> <max>
0	1

[block]
# block no. 4 follows, 31 sequences, length 11
# corresponding to MSA columns:
# 107-117
name=unknown_E
#
# <colnr> <probs for GDERKNQSTAVLIFYWHMCP>
#	G	D	E	R	K	N	Q	S	T	A	V	L	I	F	Y	W	H	M	C	P
0	0.01292	0.01216	0.02052	0.74312	0.04712	0.01520	0.01900	0.01748	0.01368	0.01748	0.01216	0.01824	0.00912	0.00684	0.00684	0.00228	0.00912	0.00608	0.00304	0.00760
1	0.01439	0.01557	0.03279	0.02421	0.02968	0.01459	0.53013	0.01921	0.01584	0.02152	0.06408	0.14592	0.01989	0.00897	0.00819	0.00238	0.00970	0.01029	0.00422	0.00842
2	0.24605	0.01389	0.02062	0.01608	0.02080	0.01406	0.22133	0.06255	0.04637	0.10720	0.02155	0.09398	0.06844	0.00900	0.00677	0.00226	0.00717	0.00816	0.00514	0.00857
3	0.01711	0.01280	0.01500	0.01091	0.01684	0.01042	0.00880	0.08623	0.01655	0.09842	0.01415	0.01537	0.01100	0.00574	0.00544	0.00123	0.00539	0.00456	0.00480	0.63923
4	0.02113	0.09562	0.01916	0.01461	0.01869	0.30097	0.01160	0.14320	0.04534	0.04172	0.01397	0.01614	0.01140	0.01379	0.11656	0.00314	0.01068	0.00525	0.00440	0.09264
5	0.02215	0.02244	0.01762	0.01519	0.01878	0.32536	0.01172	0.23824	0.04786	0.02538	0.01698	0.02012	0.04267	0.07530	0.04858	0.00285	0.02895	0.00621	0.00489	0.00870
6	0.10019	0.01474	0.07409	0.01258	0.01593	0.08306	0.01064	0.04914	0.09882	0.10215	0.08747	0.13156	0.02592	0.05716	0.00925	0.00262	0.02452	0.08630	0.00577	0.00809
7	0.07335	0.05696	0.01740	0.01302	0.01799	0.13680	0.01055	0.12470	0.01956	0.28935	0.01852	0.03739	0.01341	0.00772	0.00622	0.00185	0.00707	0.00587	0.00606	0.13622
8	0.06768	0.01432	0.01642	0.01305	0.01784	0.01456	0.01056	0.29393	0.05177	0.24707	0.02167	0.09666	0.01686	0.00936	0.00676	0.00207	0.00620	0.00754	0.00691	0.07876
9	0.02273	0.01346	0.07547	0.01229	0.01718	0.01099	0.01070	0.07330	0.07254	0.39163	0.05339	0.07538	0.08875	0.01014	0.00706	0.00215	0.00580	0.00840	0.00720	0.04144
10	0.02296	0.01196	0.01468	0.01199	0.01592	0.01171	0.00947	0.17870	0.04161	0.33982	0.08431	0.10380	0.02373	0.08496	0.00995	0.00263	0.00586	0.00885	0.00731	0.00978

[dist]
# distance from previous block
# <min> <max>
16	32

[block]
# block no. 5 follows, 31 sequences, length 130
# corresponding to MSA columns:
# 154-283
name=unknown_F
#
# <colnr> <probs for GDERKNQSTAVLIFYWHMCP>
#	G	D	E	R	K	N	Q	S	T	A	V	L	I	F	Y	W	H	M	C	P
0	0.01596	0.08101	0.27306	0.05193	0.04644	0.01313	0.01549	0.02088	0.03313	0.14693	0.07271	0.09005	0.09090	0.00985	0.00691	0.00217	0.00715	0.00819	0.00502	0.00908
1	0.01968	0.05045	0.32430	0.05456	0.08219	0.01379	0.01788	0.02479	0.01632	0.26085	0.03568	0.03913	0.01413	0.00773	0.00669	0.00213	0.00798	0.00635	0.00506	0.01030
2	0.01495	0.03367	0.67284	0.01897	0.02873	0.01547	0.02418	0.02251	0.01482	0.07234	0.01334	0.01508	0.00927	0.00664	0.00653	0.00216	0.00980	0.00519	0.00329	0.01022
3	0.01321	0.01294	0.08400	0.10581	0.02180	0.01122	0.11738	0.07201	0.01594	0.04902	0.05991	0.30681	0.02808	0.03507	0.00870	0.00259	0.00687	0.03576	0.00528	0.00759
4	0.01954	0.04649	0.04309	0.04300	0.01865	0.33184	0.01145	0.04607	0.03762	0.07827	0.04660	0.17559	0.05158	0.01098	0.00695	0.00210	0.00852	0.00878	0.00497	0.00790
5	0.01746	0.01778	0.10982	0.12432	0.28383	0.04205	0.07409	0.06654	0.01720	0.08698	0.07823	0.02042	0.01574	0.00733	0.00697	0.00211	0.00825	0.00672	0.00436	0.00979
6	0.02006	0.01354	0.06905	0.10621	0.17811	0.01177	0.01398	0.02375	0.01756	0.29090	0.15753	0.02615	0.02350	0.00869	0.00706	0.00213	0.00653	0.00757	0.00608	0.00983
7	0.01708	0.01978	0.17157	0.05352	0.16606	0.07969	0.01575	0.12770	0.01865	0.05410	0.07178	0.02513	0.10254	0.00879	0.00686	0.00208	0.00767	0.00727	0.03469	0.00931
8	0.01731	0.02732	0.40261	0.10869	0.02887	0.03886	0.02034	0.19642	0.04802	0.02685	0.01394	0.01583	0.01001	0.00712	0.00664	0.00215	0.00919	0.00556	0.00412	0.01016
9	0.01622	0.21273	0.38732	0.07771	0.07693	0.04408	0.01995	0.02171	0.01474	0.05144	0.01222	0.01439	0.00927	0.00645	0.00603	0.00197	0.00908	0.00492	0.00322	0.00962
10	0.01030	0.00603	0.00846	0.00915	0.00945	0.00592	0.00618	0.00969	0.01109	0.01517	0.02387	0.33880	0.02684	0.02322	0.05029	0.37901	0.00552	0.01187	0.04474	0.00441
11	0.01496	0.03197	0.61959	0.01983	0.06306	0.01524	0.02348	0.02220	0.01500	0.07070	0.03276	0.01620	0.01090	0.00682	0.00658	0.00216	0.00952	0.00544	0.00343	0.01015
12	0.02747	0.01509	0.06815	0.01475	0.05419	0.04212	0.01206	0.07006	0.06054	0.52537	0.02396	0.02160	0.01562	0.00818	0.00682	0.00211	0.00660	0.00661	0.00742	0.01129
13	0.00834	0.00595	0.00794	0.00953	0.00992	0.00556	0.00635	0.00953	0.01310	0.01746	0.03771	0.75510	0.04525	0.02143	0.00873	0.00278	0.00397	0.01945	0.00635	0.00556
14	0.01405	0.03322	0.63948	0.02115	0.05630	0.01602	0.08180	0.02166	0.01463	0.02171	0.01243	0.01488	0.00889	0.00642	0.00664	0.00217	0.01016	0.00535	0.00296	0.01006
15	0.05912	0.01205	0.01540	0.01209	0.01707	0.03099	0.00988	0.03159	0.01898	0.64306	0.02633	0.05558	0.01762	0.00893	0.00684	0.00214	0.00591	0.00726	0.00807	0.01110
16	0.04906	0.01943	0.18570	0.02504	0.28196	0.01485	0.01765	0.09385	0.01789	0.14520	0.06862	0.01976	0.01541	0.00743	0.00674	0.00209	0.00765	0.00638	0.00486	0.01043
17	0.00858	0.00705	0.00753	0.00775	0.00986	0.00611	0.00597	0.01044	0.01538	0.01854	0.06266	0.06655	0.59043	0.04866	0.00940	0.00261	0.00400	0.10647	0.00625	0.00578
18	0.01441	0.03442	0.69529	0.01920	0.02912	0.01565	0.02466	0.02214	0.01465	0.05016	0.01288	0.01480	0.00900	0.00658	0.00652	0.00216	0.00994	0.00513	0.00312	0.01017
19	0.02997	0.01148	0.01565	0.01205	0.01722	0.00993	0.00993	0.03264	0.01957	0.69780	0.05055	0.02424	0.01857	0.00866	0.00692	0.00212	0.00573	0.00707	0.00844	0.01146
20	0.03748	0.22488	0.49783	0.01751	0.02622	0.01886	0.04638	0.02132	0.01429	0.02047	0.01153	0.01359	0.00873	0.00630	0.00594	0.00199	0.00930	0.00477	0.00296	0.00965
21	0.00976	0.00673	0.00761	0.00761	0.00816	0.00664	0.00470	0.01039	0.01116	0.01489	0.02911	0.04587	0.13620	0.54666	0.08564	0.00605	0.00691	0.01030	0.04095	0.00467
22	0.01460	0.12399	0.56657	0.02050	0.08064	0.01735	0.04174	0.02148	0.01451	0.02103	0.01202	0.01431	0.00889	0.00637	0.00630	0.00207	0.00965	0.00504	0.00295	0.00998
23	0.07659	0.04782	0.05312	0.01396	0.05012	0.01286	0.01143	0.10427	0.01978	0.47559	0.04864	0.02151	0.01648	0.00819	0.00662	0.00208	0.00627	0.00653	0.00721	0.01093
24	0.00820	0.00685	0.00715	0.00726	0.00936	0.00580	0.00538	0.00997	0.01559	0.01891	0.10395	0.12783	0.61527	0.01751	0.00814	0.00234	0.00350	0.01478	0.00642	0.00580
25	0.03602	0.01217	0.02000	0.60091	0.10164	0.01465	0.01802	0.01755	0.01409	0.01878	0.03840	0.02181	0.01260	0.00757	0.00692	0.00229	0.00858	0.03680	0.00342	0.00778
26	0.02555	0.01894	0.02028	0.01565	0.02104	0.02100	0.01289	0.66074	0.06625	0.04238	0.01700	0.01689	0.01210	0.00827	0.00685	0.00207	0.00742	0.00624	0.00685	0.01159
27	0.01292	0.01216	0.02052	0.74312	0.04712	0.01520	0.01900	0.01748	0.01368	0.01748	0.01216	0.01824	0.00912	0.00684	0.00684	0.00228	0.00912	0.00608	0.00304	0.00760
28	0.14225	0.55774	0.02983	0.01200	0.01732	0.11104	0.01122	0.02126	0.01422	0.01845	0.00964	0.01116	0.00857	0.00608	0.00458	0.00160	0.00761	0.00376	0.00320	0.00846
29	0.02355	0.01355	0.01689	0.09508	0.02110	0.01380	0.01149	0.21523	0.06670	0.30272	0.05375	0.05884	0.01810	0.00901	0.00693	0.00211	0.00640	0.00739	0.00693	0.05046
30	0.06090	0.05924	0.02002	0.01792	0.04981	0.60524	0.01321	0.06025	0.01930	0.01893	0.01088	0.01263	0.00897	0.00699	0.00607	0.00179	0.01139	0.00450	0.00370	0.00825
31	0.02236	0.04450	0.01431	0.01083	0.01479	0.00951	0.00880	0.02520	0.01924	0.43262	0.27984	0.03300	0.03416	0.01039	0.00720	0.00210	0.00493	0.00876	0.00787	0.00959
32	0.01497	0.01497	0.02095	0.01796	0.01796	0.02095	0.01497	0.01646	0.01048	0.01646	0.00898	0.01497	0.00898	0.01197	0.02245	0.00299	0.74704	0.00599	0.00299	0.00748
33	0.01101	0.00730	0.00952	0.00879	0.01067	0.00667	0.00665	0.01416	0.01927	0.07262	0.64976	0.04971	0.08019	0.01372	0.00799	0.00215	0.00340	0.01207	0.00756	0.00678
34	0.01063	0.00720	0.00945	0.00877	0.01055	0.00662	0.00662	0.01383	0.01938	0.05881	0.68226	0.04985	0.06240	0.01374	0.00802	0.00215	0.00334	0.01212	0.00757	0.00669
35	0.01419	0.01216	0.01419	0.01013	0.01621	0.00912	0.00811	0.01723	0.01419	0.02229	0.01216	0.01419	0.01013	0.00507	0.00507	0.00101	0.00507	0.00405	0.00405	0.80139
36	0.01965	0.01951	0.01644	0.01443	0.01798	0.23127	0.01121	0.14345	0.23219	0.02618	0.08955	0.02530	0.07560	0.00963	0.00749	0.00211	0.03573	0.00738	0.00576	0.00914
37	0.01671	0.01516	0.02066	0.01748	0.01822	0.02042	0.01455	0.07553	0.01280	0.05450	0.01053	0.01551	0.00961	0.01147	0.02032	0.00287	0.64595	0.00605	0.00360	0.00805
38	0.01800	0.00887	0.00995	0.00867	0.01149	0.00875	0.00682	0.07861	0.03535	0.18231	0.02300	0.02423	0.01698	0.00814	0.00548	0.00177	0.00421	0.00651	0.53273	0.00812
39	0.80789	0.01323	0.01006	0.00900	0.01323	0.01535	0.00741	0.02011	0.01164	0.03070	0.00953	0.01111	0.00741	0.00635	0.00423	0.00212	0.00529	0.00370	0.00423	0.00741
40	0.01188	0.00594	0.00891	0.00891	0.00891	0.00594	0.00594	0.00891	0.00891	0.01188	0.01188	0.02080	0.01188	0.02377	0.02674	0.80095	0.00594	0.00594	0.00297	0.00297
41	0.00994	0.00665	0.00757	0.00757	0.00761	0.00669	0.00428	0.01002	0.00998	0.01334	0.02146	0.04423	0.02464	0.73804	0.05602	0.00677	0.00699	0.00987	0.00413	0.00421
42	0.02601	0.01916	0.02053	0.01574	0.02122	0.02122	0.01300	0.69408	0.03217	0.04312	0.01643	0.01643	0.01163	0.00821	0.00684	0.00205	0.00753	0.00616	0.00684	0.01163
43	0.01188	0.00594	0.00891	0.00891	0.00891	0.00594	0.00594	0.00891	0.00891	0.01188	0.01188	0.02080	0.01188	0.02377	0.02674	0.80095	0.00594	0.00594	0.00297	0.00297
44	0.03853	0.01558	0.08321	0.03451	0.05415	0.01520	0.01236	0.02945	0.45749	0.02594	0.02516	0.08824	0.02078	0.00989	0.00698	0.00230	0.00598	0.02814	0.00602	0.04007
45	0.01715	0.01842	0.06363	0.05758	0.54149	0.09349	0.01958	0.02109	0.01560	0.02117	0.01289	0.01693	0.01082	0.00894	0.04994	0.00255	0.00933	0.00593	0.00338	0.01010
46	0.00865	0.00691	0.00774	0.00763	0.00961	0.00600	0.00569	0.01088	0.01679	0.02154	0.29122	0.09188	0.45860	0.01635	0.00811	0.00228	0.00341	0.01395	0.00676	0.00600
47	0.01497	0.01497	0.02095	0.01796	0.01796	0.02095	0.01497	0.01646	0.01048	0.01646	0.00898	0.01497	0.00898	0.01197	0.02245	0.00299	0.74704	0.00599	0.00299	0.00748
48	0.01570	0.01433	0.05692	0.01176	0.01718	0.03206	0.00990	0.07124	0.04751	0.05023	0.01583	0.07820	0.01383	0.00736	0.00627	0.00149	0.02622	0.00593	0.00465	0.51339
49	0.00826	0.00626	0.00763	0.00872	0.00971	0.00562	0.00599	0.00962	0.01387	0.01778	0.04750	0.54150	0.25253	0.02016	0.00853	0.00263	0.00381	0.01790	0.00635	0.00562
50	0.01372	0.03539	0.72412	0.01950	0.02961	0.01589	0.02528	0.02167	0.01444	0.02167	0.01228	0.01444	0.00867	0.00650	0.00650	0.00217	0.01011	0.00506	0.00289	0.01011
51	0.01539	0.02862	0.48402	0.02603	0.23764	0.01576	0.02336	0.02194	0.01500	0.05036	0.01306	0.01556	0.00966	0.00646	0.00660	0.00212	0.00933	0.00545	0.00327	0.01039
52	0.01409	0.01370	0.02447	0.50835	0.04129	0.01586	0.16554	0.03705	0.01459	0.01934	0.01278	0.01828	0.00970	0.00694	0.00784	0.00230	0.04684	0.00652	0.02650	0.00803
53	0.01951	0.01243	0.01477	0.01312	0.01684	0.01300	0.01080	0.14053	0.20403	0.18491	0.04925	0.03971	0.04399	0.01195	0.00768	0.00245	0.00600	0.19231	0.00710	0.00962
54	0.00889	0.00635	0.00857	0.01016	0.01079	0.00603	0.00731	0.01048	0.01364	0.01808	0.03740	0.61624	0.04405	0.02091	0.00888	0.00285	0.00445	0.15287	0.00634	0.00571
55	0.01543	0.01275	0.01585	0.01140	0.01746	0.01008	0.04306	0.04647	0.01525	0.05079	0.01301	0.01486	0.01048	0.00537	0.00537	0.00117	0.00553	0.00446	0.00431	0.69692
56	0.02508	0.01830	0.01968	0.01523	0.02052	0.02015	0.01254	0.62228	0.05937	0.06048	0.01919	0.01886	0.03869	0.00861	0.00690	0.00208	0.00724	0.00656	0.00688	0.01138
57	0.00995	0.00663	0.00746	0.00746	0.00746	0.00663	0.00415	0.00995	0.00995	0.01327	0.02156	0.04477	0.02487	0.75957	0.03482	0.00663	0.00663	0.00995	0.00415	0.00415
58	0.00995	0.00663	0.00746	0.00746	0.00746	0.00663	0.00415	0.00995	0.00995	0.01327	0.02156	0.04477	0.02487	0.75957	0.03482	0.00663	0.00663	0.00995	0.00415	0.00415
59	0.02512	0.08083	0.02067	0.01696	0.02091	0.58542	0.01309	0.11912	0.02078	0.02035	0.01131	0.01281	0.00920	0.00713	0.00614	0.00178	0.01133	0.00460	0.00394	0.00850
60	0.71765	0.01575	0.09120	0.01019	0.01509	0.01541	0.00944	0.02029	0.01196	0.02967	0.00984	0.01149	0.00755	0.00637	0.00449	0.00212	0.00584	0.00386	0.00408	0.00772
61	0.01693	0.01626	0.02777	0.04199	0.71689	0.01626	0.02100	0.02100	0.01558	0.02235	0.01287	0.01693	0.01084	0.00610	0.00677	0.00203	0.00813	0.00610	0.00339	0.01084
62	0.01948	0.01472	0.01669	0.01494	0.05278	0.01593	0.01119	0.39505	0.08723	0.03350	0.05281	0.19093	0.04094	0.01174	0.00737	0.00226	0.00626	0.00985	0.00658	0.00974
63	0.01538	0.07843	0.42710	0.02053	0.05449	0.01612	0.15183	0.02172	0.01497	0.05075	0.01302	0.01543	0.00956	0.00626	0.00657	0.00204	0.00951	0.00558	0.00335	0.07736
64	0.12061	0.04254	0.01744	0.01458	0.01870	0.28163	0.01145	0.18550	0.13881	0.02691	0.01873	0.01899	0.05888	0.00828	0.00630	0.00200	0.00838	0.00596	0.00517	0.00913
65	0.01292	0.01216	0.02052	0.74312	0.04712	0.01520	0.01900	0.01748	0.01368	0.01748	0.01216	0.01824	0.00912	0.00684	0.00684	0.00228	0.00912	0.00608	0.00304	0.00760
66	0.01834	0.01591	0.01618	0.01427	0.01830	0.04658	0.01116	0.10750	0.60354	0.02971	0.02590	0.02400	0.01939	0.00907	0.00692	0.00227	0.00593	0.00743	0.00681	0.01080
67	0.01629	0.01350	0.01557	0.01143	0.01716	0.01171	0.00924	0.13598	0.01720	0.02572	0.01278	0.01461	0.01035	0.00589	0.00607	0.00127	0.03483	0.00450	0.00450	0.63141
68	0.04334	0.40119	0.29932	0.01508	0.02234	0.07684	0.01692	0.02146	0.01446	0.01878	0.01066	0.01242	0.00869	0.00621	0.00534	0.00178	0.00872	0.00426	0.00300	0.00918
69	0.01189	0.00881	0.01084	0.01147	0.05274	0.00846	0.00827	0.01644	0.10139	0.06676	0.17471	0.10117	0.27662	0.01498	0.00803	0.00240	0.00452	0.10663	0.00661	0.00726
70	0.00977	0.00733	0.01100	0.01100	0.01222	0.00855	0.00855	0.01222	0.01100	0.01588	0.01833	0.02688	0.01710	0.05131	0.73245	0.01100	0.01833	0.00733	0.00367	0.00611
71	0.01153	0.00922	0.01334	0.08533	0.10014	0.00944	0.01188	0.01515	0.03992	0.02017	0.03419	0.13871	0.09804	0.01601	0.00858	0.00278	0.00622	0.36670	0.00567	0.00699
72	0.01399	0.03363	0.65551	0.02083	0.05079	0.01600	0.07154	0.02166	0.01460	0.02170	0.01240	0.01480	0.00885	0.00644	0.00662	0.00217	0.01015	0.00530	0.00294	0.01007
73	0.00809	0.00693	0.00693	0.00693	0.00924	0.00578	0.00520	0.00982	0.01559	0.01848	0.06931	0.06584	0.71411	0.01733	0.00809	0.00231	0.00347	0.01444	0.00635	0.00578
74	0.01292	0.01216	0.02052	0.74312	0.04712	0.01520	0.01900	0.01748	0.01368	0.01748	0.01216	0.01824	0.00912	0.00684	0.00684	0.00228	0.00912	0.00608	0.00304	0.00760
75	0.02505	0.08362	0.02054	0.01721	0.02090	0.68291	0.01311	0.02684	0.01900	0.01670	0.01050	0.01224	0.00881	0.00697	0.00604	0.00174	0.01199	0.00435	0.00348	0.00799
76	0.04978	0.00768	0.01037	0.01053	0.03792	0.00793	0.00703	0.06038	0.01140	0.01645	0.01292	0.02023	0.01204	0.01996	0.02183	0.61484	0.00591	0.00589	0.06253	0.00437
77	0.00810	0.00689	0.00697	0.00703	0.00927	0.00577	0.00524	0.00981	0.01550	0.01844	0.06811	0.09186	0.68887	0.01748	0.00811	0.00233	0.00348	0.01463	0.00635	0.00577
78	0.01042	0.00750	0.01026	0.01150	0.01298	0.00734	0.00966	0.01330	0.01591	0.02095	0.12509	0.15083	0.07076	0.01849	0.00913	0.00294	0.00552	0.48472	0.00647	0.00621
79	0.03475	0.01652	0.02624	0.11196	0.60041	0.04904	0.02013	0.02091	0.01547	0.02178	0.01262	0.01672	0.01049	0.00622	0.00669	0.00205	0.00836	0.00596	0.00338	0.01029
80	0.01626	0.01578	0.02569	0.14446	0.57133	0.03648	0.01990	0.02025	0.01541	0.02132	0.01474	0.01876	0.03597	0.00664	0.00681	0.00207	0.00823	0.00635	0.00345	0.01009
81	0.00992	0.00675	0.00804	0.00804	0.00824	0.00695	0.00486	0.01032	0.01012	0.01369	0.02103	0.04186	0.02361	0.64417	0.14848	0.00734	0.00854	0.00952	0.00407	0.00447
82	0.01489	0.01486	0.02094	0.04662	0.01911	0.02073	0.01513	0.01650	0.01060	0.01650	0.00911	0.01510	0.00899	0.01177	0.02183	0.00297	0.71788	0.00599	0.00300	0.00749
83	0.05792	0.01419	0.01685	0.01341	0.01817	0.01461	0.01095	0.22700	0.10307	0.35919	0.02302	0.04859	0.01624	0.00902	0.00740	0.00218	0.03277	0.00708	0.00736	0.01099
84	0.02387	0.20209	0.02320	0.01625	0.02032	0.56866	0.01287	0.02573	0.01812	0.01659	0.01033	0.01202	0.00880	0.00677	0.00576	0.00169	0.01117	0.00423	0.00339	0.00813
85	0.01419	0.01216	0.01419	0.01013	0.01621	0.00912	0.00811	0.01723	0.01419	0.02229	0.01216	0.01419	0.01013	0.00507	0.00507	0.00101	0.00507	0.00405	0.00405	0.80139
86	0.08308	0.02779	0.01885	0.01737	0.04774	0.52389	0.01284	0.12573	0.02046	0.02200	0.01310	0.01453	0.02886	0.00742	0.00620	0.00186	0.01068	0.00496	0.00415	0.00850
87	0.01395	0.01180	0.03786	0.01199	0.03384	0.01155	0.00936	0.04914	0.27007	0.05749	0.16819	0.04146	0.21149	0.01232	0.00751	0.00228	0.00485	0.02956	0.00671	0.00857
88	0.01530	0.01685	0.03279	0.05763	0.03103	0.05149	0.50524	0.02000	0.01557	0.02063	0.01659	0.10413	0.01479	0.03495	0.00889	0.00246	0.01025	0.00908	0.00382	0.02851
89	0.00816	0.00689	0.00706	0.00711	0.00931	0.00579	0.00530	0.00992	0.01563	0.01878	0.09255	0.09643	0.65899	0.01738	0.00811	0.00233	0.00348	0.01459	0.00640	0.00579
90	0.01372	0.03539	0.72412	0.01950	0.02961	0.01589	0.02528	0.02167	0.01444	0.02167	0.01228	0.01444	0.00867	0.00650	0.00650	0.00217	0.01011	0.00506	0.00289	0.01011
91	0.03261	0.00811	0.04092	0.01013	0.01138	0.00701	0.00749	0.03922	0.01423	0.01954	0.06305	0.62503	0.05677	0.01937	0.00838	0.00267	0.00439	0.01738	0.00620	0.00611
92	0.01836	0.01824	0.02646	0.03793	0.60354	0.09699	0.01972	0.05569	0.01684	0.02277	0.01279	0.01639	0.01065	0.00631	0.00671	0.00200	0.00857	0.00591	0.00358	0.01055
93	0.01808	0.71506	0.03488	0.01211	0.01759	0.02667	0.01192	0.02022	0.01368	0.01612	0.00948	0.01123	0.00879	0.00625	0.00556	0.00156	0.05535	0.00381	0.00293	0.00870
94	0.00860	0.00614	0.00824	0.00983	0.01034	0.00578	0.00681	0.00998	0.01336	0.01776	0.03756	0.68873	0.04467	0.02119	0.00880	0.00281	0.00420	0.08322	0.00635	0.00563
95	0.02314	0.01910	0.06618	0.01532	0.02050	0.04445	0.01304	0.49170	0.09233	0.05807	0.01892	0.07225	0.01487	0.00915	0.00695	0.00213	0.00736	0.00718	0.00648	0.01087
96	0.01448	0.13210	0.59102	0.01901	0.02836	0.01747	0.06319	0.02152	0.01447	0.02093	0.01200	0.01422	0.00878	0.00637	0.00631	0.00208	0.00982	0.00505	0.00293	0.00988
97	0.00831	0.00604	0.00785	0.00929	0.00986	0.00558	0.00625	0.00955	0.01333	0.01756	0.04059	0.69226	0.10623	0.02106	0.00867	0.00274	0.00392	0.01899	0.00635	0.00558
98	0.01811	0.09866	0.37554	0.01686	0.02435	0.06030	0.01861	0.17688	0.04389	0.04658	0.04608	0.01678	0.01262	0.00737	0.00646	0.00205	0.00877	0.00562	0.00436	0.01011
99	0.01268	0.00812	0.01021	0.00916	0.01147	0.00752	0.00704	0.04922	0.01958	0.10519	0.52263	0.04802	0.13551	0.01348	0.00788	0.00216	0.00377	0.01169	0.00746	0.00722
100	0.75163	0.01312	0.01048	0.00923	0.01354	0.01496	0.00760	0.02107	0.01222	0.08072	0.01079	0.01199	0.00810	0.00650	0.00443	0.00212	0.00533	0.00393	0.00454	0.00772
101	0.01811	0.67950	0.09538	0.01250	0.01871	0.02593	0.01292	0.03935	0.01446	0.01733	0.00994	0.01143	0.00885	0.00598	0.00464	0.00154	0.00757	0.00385	0.00303	0.00898
102	0.01117	0.00809	0.01005	0.01048	0.01180	0.00812	0.00766	0.08766	0.03700	0.02179	0.10570	0.43798	0.04057	0.07347	0.01043	0.00295	0.00482	0.09740	0.00638	0.00648
103	0.01766	0.57176	0.19293	0.01351	0.02032	0.02394	0.01476	0.02118	0.01421	0.04083	0.01073	0.01218	0.00902	0.00609	0.00496	0.00165	0.00791	0.00409	0.00310	0.00918
104	0.02801	0.01138	0.01525	0.01188	0.01674	0.01005	0.00974	0.05622	0.02004	0.61281	0.10846	0.02634	0.02241	0.00912	0.00702	0.00212	0.00558	0.00751	0.00829	0.01102
105	0.01473	0.01401	0.02379	0.42656	0.34952	0.01568	0.01990	0.01907	0.01454	0.01968	0.01248	0.01765	0.00990	0.00650	0.00681	0.00217	0.00867	0.00609	0.00320	0.00906
106	0.01619	0.01813	0.03854	0.02983	0.10318	0.01730	0.60528	0.02166	0.01592	0.02180	0.01360	0.01820	0.01039	0.00598	0.00837	0.00230	0.03273	0.00782	0.00344	0.00934
107	0.01372	0.03539	0.72412	0.01950	0.02961	0.01589	0.02528	0.02167	0.01444	0.02167	0.01228	0.01444	0.00867	0.00650	0.00650	0.00217	0.01011	0.00506	0.00289	0.01011
108	0.00944	0.00698	0.00880	0.00835	0.01007	0.00635	0.00626	0.01243	0.01878	0.02605	0.61373	0.05338	0.16496	0.01450	0.00807	0.00218	0.00326	0.01269	0.00735	0.00635
109	0.01045	0.00746	0.01036	0.01194	0.01326	0.00738	0.01002	0.01318	0.01518	0.01983	0.03654	0.22279	0.04064	0.01944	0.00930	0.00307	0.00580	0.53092	0.00631	0.00614
110	0.01389	0.06288	0.69814	0.01921	0.02916	0.01631	0.02476	0.02162	0.01442	0.02146	0.01217	0.01431	0.00867	0.00648	0.00642	0.00214	0.01001	0.00500	0.00289	0.01006
111	0.00995	0.00663	0.00746	0.00746	0.00746	0.00663	0.00415	0.00995	0.00995	0.01327	0.02156	0.04477	0.02487	0.75957	0.03482	0.00663	0.00663	0.00995	0.00415	0.00415
112	0.00834	0.00595	0.00794	0.00953	0.00992	0.00556	0.00635	0.00953	0.01310	0.01746	0.03771	0.75510	0.04525	0.02143	0.00873	0.00278	0.00397	0.01945	0.00635	0.00556
113	0.01814	0.73947	0.05873	0.01197	0.01796	0.02670	0.01216	0.02053	0.01392	0.01628	0.00960	0.01109	0.00878	0.00587	0.00446	0.00149	0.00741	0.00370	0.00293	0.00882
114	0.01077	0.00880	0.01291	0.01234	0.01332	0.01094	0.00979	0.01303	0.01090	0.01599	0.01653	0.02459	0.01554	0.04374	0.59585	0.00946	0.15853	0.00707	0.00354	0.00637
115	0.01188	0.00594	0.00891	0.00891	0.00891	0.00594	0.00594	0.00891	0.00891	0.01188	0.01188	0.02080	0.01188	0.02377	0.02674	0.80095	0.00594	0.00594	0.00297	0.00297
116	0.80789	0.01323	0.01006	0.00900	0.01323	0.01535	0.00741	0.02011	0.01164	0.03070	0.00953	0.01111	0.00741	0.00635	0.00423	0.00212	0.00529	0.00370	0.00423	0.00741
117	0.00834	0.00595	0.00794	0.00953	0.00992	0.00556	0.00635	0.00953	0.01310	0.01746	0.03771	0.75510	0.04525	0.02143	0.00873	0.00278	0.00397	0.01945	0.00635	0.00556
118	0.00810	0.00689	0.00697	0.00703	0.00927	0.00577	0.00524	0.00981	0.01550	0.01844	0.06810	0.09225	0.68848	0.01748	0.00811	0.00233	0.00348	0.01463	0.00635	0.00577
119	0.02556	0.03261	0.01939	0.01763	0.02115	0.73210	0.01322	0.02732	0.01939	0.01674	0.01058	0.01234	0.00881	0.00705	0.00617	0.00176	0.01234	0.00441	0.00353	0.00793
120	0.00989	0.00687	0.00867	0.00867	0.00908	0.00729	0.00565	0.01072	0.01031	0.01416	0.02046	0.03867	0.02223	0.51829	0.27248	0.00812	0.01062	0.00906	0.00398	0.00481
121	0.01509	0.04206	0.02149	0.01774	0.01795	0.02118	0.01485	0.01661	0.01060	0.01645	0.00900	0.01482	0.00897	0.01175	0.02180	0.00294	0.72028	0.00590	0.00299	0.00753
122	0.01419	0.01216	0.01419	0.01013	0.01621	0.00912	0.00811	0.01723	0.01419	0.02229	0.01216	0.01419	0.01013	0.00507	0.00507	0.00101	0.00507	0.00405	0.00405	0.80139
123	0.01053	0.00709	0.00793	0.00776	0.00796	0.00716	0.00447	0.03471	0.01075	0.01435	0.02137	0.04374	0.02439	0.73238	0.03381	0.00647	0.00667	0.00981	0.00424	0.00442
124	0.01303	0.01093	0.01295	0.01001	0.01497	0.00841	0.00776	0.01570	0.01397	0.02134	0.01722	0.16084	0.01708	0.00831	0.00579	0.00136	0.00485	0.00710	0.00451	0.64386
125	0.01687	0.01723	0.08869	0.04434	0.02561	0.01444	0.23357	0.10116	0.01711	0.05359	0.01376	0.01642	0.01048	0.00620	0.00701	0.00181	0.02877	0.00595	0.00421	0.29277
126	0.01840	0.01568	0.01535	0.01363	0.01741	0.09770	0.01069	0.07696	0.40764	0.07453	0.06562	0.02881	0.04565	0.00989	0.00705	0.00222	0.00624	0.04709	0.00655	0.03290
127	0.09969	0.43450	0.10086	0.01331	0.01890	0.13255	0.01283	0.05804	0.01555	0.01978	0.01120	0.03447	0.00990	0.00676	0.00513	0.00172	0.00809	0.00454	0.00347	0.00871
128	0.02412	0.01692	0.01863	0.01450	0.01968	0.01806	0.01185	0.49720	0.06900	0.10880	0.01879	0.05087	0.01412	0.00863	0.00679	0.00202	0.00685	0.00675	0.00675	0.07967
129	0.05650	0.07396	0.01678	0.01197	0.01674	0.03787	0.00985	0.13598	0.04625	0.27797	0.09965	0.02413	0.04860	0.00868	0.00650	0.00193	0.00593	0.00690	0.00660	0.10721

[dist]
# distance from previous block
# <min> <max>
3	13

[block]
# block no. 6 follows, 31 sequences, length 24
# corresponding to MSA columns:
# 297-320
name=unknown_G
#
# <colnr> <probs for GDERKNQSTAVLIFYWHMCP>
#	G	D	E	R	K	N	Q	S	T	A	V	L	I	F	Y	W	H	M	C	P
0	0.01902	0.51836	0.06319	0.03851	0.05830	0.07033	0.01328	0.08777	0.03960	0.01987	0.01128	0.01282	0.00959	0.00635	0.00514	0.00166	0.00783	0.00437	0.00352	0.00921
1	0.17819	0.17410	0.02003	0.01344	0.04190	0.04213	0.01094	0.11869	0.01752	0.14748	0.08332	0.01857	0.01596	0.00821	0.00745	0.00204	0.07990	0.00580	0.00522	0.00910
2	0.05308	0.54913	0.10746	0.01223	0.01802	0.04698	0.01246	0.01988	0.01434	0.01794	0.03768	0.01636	0.05664	0.00701	0.00504	0.00166	0.00731	0.00484	0.00338	0.00856
3	0.31770	0.11740	0.14944	0.07691	0.10173	0.01696	0.01415	0.02185	0.05323	0.05537	0.01246	0.01435	0.00956	0.00659	0.00546	0.00205	0.00713	0.00480	0.00396	0.00889
4	0.01883	0.05829	0.13300	0.04591	0.01868	0.01142	0.01219	0.04842	0.01744	0.26603	0.11270	0.11700	0.05044	0.01109	0.00723	0.00224	0.00623	0.04741	0.00633	0.00912
5	0.12744	0.01618	0.09793	0.01471	0.05848	0.03743	0.01229	0.09101	0.06754	0.32293	0.06879	0.02138	0.01721	0.00820	0.00654	0.00212	0.00655	0.00650	0.00648	0.01031
6	0.01585	0.14545	0.21518	0.04728	0.31030	0.01765	0.08115	0.02077	0.01514	0.02115	0.03880	0.01675	0.01187	0.00645	0.00647	0.00201	0.00867	0.00583	0.00333	0.00990
7	0.01611	0.01694	0.06736	0.04905	0.37142	0.07451	0.01685	0.02223	0.11748	0.02251	0.05628	0.06544	0.01855	0.00875	0.00707	0.00218	0.00762	0.04555	0.00445	0.00965
8	0.05333	0.40876	0.18794	0.01545	0.04731	0.11294	0.01521	0.05334	0.01555	0.01960	0.01073	0.01243	0.00891	0.00629	0.00529	0.00174	0.00854	0.00428	0.00325	0.00913
9	0.02443	0.01810	0.01954	0.01509	0.02037	0.01971	0.01238	0.61868	0.03012	0.04059	0.01712	0.04997	0.01307	0.00861	0.00681	0.00202	0.00721	0.00663	0.00664	0.06290
10	0.00953	0.00684	0.00886	0.01008	0.01085	0.00661	0.00704	0.04914	0.01437	0.01913	0.03639	0.66843	0.04293	0.02051	0.00867	0.00276	0.00433	0.06120	0.00638	0.00595
11	0.00870	0.00647	0.00811	0.00872	0.00988	0.00588	0.00615	0.01063	0.01553	0.02075	0.25256	0.39948	0.18545	0.01831	0.00840	0.00249	0.00364	0.01626	0.00672	0.00588
12	0.01635	0.18320	0.45244	0.01817	0.02637	0.11277	0.05773	0.02218	0.01508	0.01989	0.01157	0.01368	0.00880	0.00640	0.00611	0.00198	0.00991	0.00485	0.00301	0.00950
13	0.01829	0.01819	0.06104	0.03652	0.56552	0.04311	0.01987	0.11008	0.01785	0.02485	0.01322	0.01657	0.01076	0.00643	0.00675	0.00203	0.00830	0.00599	0.00382	0.01080
14	0.00846	0.00601	0.00790	0.00937	0.00974	0.00564	0.00618	0.00956	0.01286	0.01715	0.03648	0.70115	0.04370	0.07749	0.01071	0.00307	0.00417	0.01873	0.00618	0.00545
15	0.00983	0.00710	0.00983	0.00983	0.01066	0.00792	0.00710	0.01147	0.01065	0.01502	0.01939	0.03275	0.01965	0.28388	0.50337	0.00956	0.01449	0.00819	0.00382	0.00546
16	0.01373	0.01473	0.06131	0.36613	0.03434	0.01671	0.09977	0.01756	0.01305	0.01795	0.01270	0.05363	0.01100	0.00892	0.01166	0.00251	0.22634	0.00690	0.00323	0.00780
17	0.00995	0.00663	0.00746	0.00746	0.00746	0.00663	0.00415	0.00995	0.00995	0.01327	0.02156	0.04477	0.02487	0.75957	0.03482	0.00663	0.00663	0.00995	0.00415	0.00415
18	0.01477	0.14880	0.52460	0.01949	0.02851	0.01785	0.11111	0.02151	0.01458	0.02081	0.01204	0.01442	0.00891	0.00630	0.00637	0.00207	0.00985	0.00523	0.00297	0.00978
19	0.02081	0.01570	0.07403	0.01594	0.07185	0.01473	0.01268	0.18967	0.17114	0.18209	0.09507	0.02693	0.02167	0.00942	0.00712	0.00221	0.00642	0.04539	0.00668	0.01043
20	0.01231	0.20200	0.09857	0.01085	0.01473	0.01320	0.00999	0.01610	0.05979	0.01967	0.09662	0.18269	0.18562	0.01276	0.00692	0.00212	0.00547	0.01067	0.00516	0.03475
21	0.01508	0.02622	0.36091	0.02568	0.09669	0.01654	0.31542	0.02171	0.01529	0.02184	0.01301	0.01642	0.00962	0.00614	0.00721	0.00222	0.01055	0.00647	0.00318	0.00979
22	0.02032	0.01351	0.01554	0.01273	0.01703	0.01369	0.01010	0.25477	0.10473	0.15272	0.04681	0.15127	0.02128	0.01049	0.00699	0.00208	0.00583	0.00875	0.00668	0.12469
23	0.04861	0.00831	0.00995	0.11511	0.01495	0.00898	0.00770	0.06044	0.01447	0.02360	0.01824	0.02247	0.01458	0.01023	0.00864	0.12718	0.00487	0.00613	0.46914	0.00642

[dist]
# distance from previous block
# <min> <max>
2	5

[block]
# block no. 7 follows, 31 sequences, length 9
# corresponding to MSA columns:
# 326-334
name=unknown_H
#
# <colnr> <probs for GDERKNQSTAVLIFYWHMCP>
#	G	D	E	R	K	N	Q	S	T	A	V	L	I	F	Y	W	H	M	C	P
0	0.01243	0.00753	0.00975	0.00905	0.01105	0.00683	0.00678	0.01513	0.01811	0.12433	0.47084	0.12203	0.10270	0.04158	0.00895	0.00239	0.00382	0.01240	0.00733	0.00697
1	0.01590	0.01420	0.01942	0.01440	0.01986	0.01306	0.11074	0.08878	0.04796	0.02414	0.01328	0.01565	0.01071	0.00634	0.00742	0.00156	0.07595	0.00522	0.00429	0.49111
2	0.01487	0.01395	0.02354	0.31643	0.39504	0.01515	0.01939	0.01905	0.01484	0.02027	0.01450	0.02237	0.01249	0.00744	0.00702	0.00222	0.00837	0.06038	0.00349	0.00919
3	0.01797	0.01408	0.01529	0.01231	0.01717	0.04113	0.00992	0.15332	0.13337	0.07596	0.02180	0.02506	0.05574	0.00851	0.00642	0.00179	0.00595	0.05874	0.00568	0.31981
4	0.05449	0.02293	0.01953	0.12152	0.05247	0.30962	0.01388	0.21833	0.07609	0.02619	0.01391	0.01554	0.01065	0.00747	0.00647	0.00199	0.00949	0.00546	0.00471	0.00928
5	0.01160	0.00861	0.01228	0.01154	0.01358	0.00825	0.06789	0.01527	0.06997	0.06142	0.14999	0.28598	0.10895	0.05718	0.00977	0.00276	0.00509	0.08669	0.00634	0.00683
6	0.02136	0.01366	0.01572	0.01341	0.01763	0.01448	0.01087	0.16093	0.28280	0.21367	0.02788	0.03087	0.04498	0.01031	0.00726	0.00231	0.00598	0.08818	0.00724	0.01047
7	0.02055	0.01292	0.01471	0.01249	0.01648	0.01361	0.00980	0.08946	0.33249	0.23138	0.02936	0.02883	0.07417	0.07086	0.00929	0.00259	0.00567	0.00806	0.00712	0.01019
8	0.01615	0.01301	0.01812	0.01302	0.01914	0.01039	0.10644	0.01954	0.01502	0.09337	0.01391	0.01572	0.01086	0.00551	0.00568	0.00131	0.00607	0.00492	0.00442	0.60740

[dist]
# distance from previous block
# <min> <max>
1	4

[block]
# block no. 8 follows, 31 sequences, length 9
# corresponding to MSA columns:
# 339-347
name=unknown_I
#
# <colnr> <probs for GDERKNQSTAVLIFYWHMCP>
#	G	D	E	R	K	N	Q	S	T	A	V	L	I	F	Y	W	H	M	C	P
0	0.01682	0.01219	0.01432	0.01101	0.01599	0.01072	0.00880	0.10190	0.06189	0.10307	0.14091	0.02280	0.02150	0.00769	0.00614	0.00155	0.00514	0.00635	0.00569	0.42554
1	0.02326	0.01769	0.01902	0.01488	0.02012	0.01930	0.01214	0.51138	0.15089	0.03852	0.01806	0.01784	0.01315	0.00810	0.00669	0.00200	0.00691	0.00624	0.00660	0.08718
2	0.52551	0.01410	0.01381	0.14163	0.02073	0.01637	0.01049	0.14037	0.01568	0.03055	0.01123	0.01334	0.00847	0.00677	0.00517	0.00213	0.00638	0.00457	0.00449	0.00820
3	0.00972	0.00749	0.01043	0.14064	0.01651	0.00764	0.00835	0.01141	0.01275	0.01703	0.02921	0.46996	0.03368	0.13802	0.01245	0.00323	0.00538	0.01473	0.00528	0.04611
4	0.00938	0.00639	0.00763	0.00819	0.00833	0.00625	0.00493	0.00980	0.01107	0.01475	0.02728	0.29660	0.03210	0.49788	0.02557	0.00527	0.00569	0.01332	0.00493	0.00465
5	0.01470	0.01258	0.01512	0.08082	0.01946	0.01063	0.00950	0.04548	0.05327	0.02302	0.01320	0.01530	0.01069	0.00560	0.00541	0.00125	0.00557	0.00454	0.00423	0.64962
6	0.01465	0.18410	0.58358	0.01791	0.02715	0.01817	0.02251	0.02143	0.01433	0.02053	0.01171	0.01374	0.00869	0.00637	0.00607	0.00202	0.00954	0.00477	0.00290	0.00984
7	0.02231	0.01713	0.01850	0.01442	0.01972	0.01833	0.01175	0.45669	0.14944	0.03684	0.01772	0.01766	0.01303	0.00785	0.00655	0.00192	0.00671	0.00607	0.00637	0.15099
8	0.02080	0.01083	0.01394	0.01234	0.01600	0.01044	0.01028	0.07909	0.07364	0.31784	0.07655	0.04340	0.04864	0.01251	0.00783	0.00247	0.00584	0.22086	0.00739	0.00933

[dist]
# distance from previous block
# <min> <max>
4	6

[block]
# block no. 9 follows, 31 sequences, length 8
# corresponding to MSA columns:
# 354-361
name=unknown_J
#
# <colnr> <probs for GDERKNQSTAVLIFYWHMCP>
#	G	D	E	R	K	N	Q	S	T	A	V	L	I	F	Y	W	H	M	C	P
0	0.01254	0.00765	0.01033	0.01039	0.01224	0.00716	0.00822	0.01528	0.01717	0.11360	0.30171	0.18811	0.04748	0.01609	0.00844	0.00255	0.00459	0.20245	0.00708	0.00691
1	0.01632	0.01607	0.02542	0.21586	0.43594	0.05256	0.05369	0.02138	0.05601	0.02118	0.01351	0.01761	0.01087	0.00650	0.00684	0.00211	0.00861	0.00620	0.00352	0.00979
2	0.01916	0.05538	0.02431	0.01715	0.02297	0.01540	0.20578	0.19125	0.01972	0.08953	0.01613	0.05192	0.01279	0.00719	0.00668	0.00185	0.00768	0.00671	0.00503	0.22337
3	0.01372	0.03539	0.72412	0.01950	0.02961	0.01589	0.02528	0.02167	0.01444	0.02167	0.01228	0.01444	0.00867	0.00650	0.00650	0.00217	0.01011	0.00506	0.00289	0.01011
4	0.74128	0.01509	0.06995	0.00988	0.01460	0.01539	0.00891	0.02024	0.01188	0.02994	0.00976	0.01139	0.00751	0.00636	0.00442	0.00212	0.00570	0.00382	0.00412	0.00764
5	0.01419	0.01216	0.01419	0.01013	0.01621	0.00912	0.00811	0.01723	0.01419	0.02229	0.01216	0.01419	0.01013	0.00507	0.00507	0.00101	0.00507	0.00405	0.00405	0.80139
6	0.02908	0.01423	0.01748	0.01340	0.01876	0.01390	0.01107	0.26085	0.02391	0.48800	0.02335	0.02092	0.01511	0.00838	0.00687	0.00209	0.00641	0.00663	0.00791	0.01164
7	0.00955	0.00699	0.00897	0.00847	0.01014	0.00640	0.00635	0.01266	0.01906	0.02671	0.66104	0.05230	0.11724	0.01426	0.00807	0.00216	0.00325	0.01254	0.00744	0.00640

[dist]
# distance from previous block
# <min> <max>
0	3

[block]
# block no. 10 follows, 31 sequences, length 39
# corresponding to MSA columns:
# 365-403
name=unknown_K
#
# <colnr> <probs for GDERKNQSTAVLIFYWHMCP>
#	G	D	E	R	K	N	Q	S	T	A	V	L	I	F	Y	W	H	M	C	P
0	0.01372	0.03539	0.72412	0.01950	0.02961	0.01589	0.02528	0.02167	0.01444	0.02167	0.01228	0.01444	0.00867	0.00650	0.00650	0.00217	0.01011	0.00506	0.00289	0.01011
1	0.00977	0.00733	0.01100	0.01100	0.01222	0.00855	0.00855	0.01222	0.01100	0.01588	0.01833	0.02688	0.01710	0.05131	0.73245	0.01100	0.01833	0.00733	0.00367	0.00611
2	0.01497	0.01497	0.02095	0.01796	0.01796	0.02095	0.01497	0.01646	0.01048	0.01646	0.00898	0.01497	0.00898	0.01197	0.02245	0.00299	0.74704	0.00599	0.00299	0.00748
3	0.01275	0.00638	0.00638	0.00638	0.00797	0.00638	0.00478	0.01594	0.01435	0.02551	0.02232	0.02551	0.01754	0.00797	0.00478	0.00159	0.00319	0.00638	0.79755	0.00638
