[name]
unknown

[dist]
# distance from previous block
# <min> <max>
24	40

[block]
# block no. 0 follows, 27 sequences, length 170
# corresponding to MSA columns:
# 50-219
name=unknown_A
#
# <colnr> <probs for GDERKNQSTAVLIFYWHMCP>
#	G	D	E	R	K	N	Q	S	T	A	V	L	I	F	Y	W	H	M	C	P
0	0.32282	0.01377	0.01330	0.01164	0.01574	0.01502	0.00936	0.14975	0.07010	0.06527	0.02742	0.05594	0.11904	0.03675	0.00783	0.00259	0.00602	0.04253	0.00617	0.00893
1	0.02324	0.10080	0.08037	0.05729	0.12345	0.05617	0.01552	0.09759	0.08982	0.20353	0.03892	0.02095	0.01570	0.00850	0.00773	0.00225	0.03438	0.00673	0.00595	0.01113
2	0.02247	0.02030	0.16996	0.01602	0.02293	0.01516	0.03831	0.11409	0.12041	0.21401	0.02092	0.02054	0.01467	0.00803	0.00707	0.00212	0.00760	0.00655	0.00630	0.15253
3	0.01882	0.01613	0.01699	0.01518	0.01944	0.01863	0.01184	0.06257	0.65567	0.03163	0.02976	0.02733	0.02229	0.01003	0.00755	0.00251	0.00596	0.00833	0.00755	0.01178
4	0.79154	0.01436	0.01091	0.00976	0.01436	0.01665	0.00804	0.02182	0.01263	0.03331	0.01034	0.01206	0.00804	0.00689	0.00459	0.00230	0.00574	0.00402	0.00459	0.00804
5	0.00904	0.00646	0.00861	0.01034	0.01077	0.00603	0.00689	0.01034	0.01421	0.01895	0.04092	0.73426	0.04910	0.02326	0.00948	0.00301	0.00431	0.02110	0.00689	0.00603
6	0.01061	0.00795	0.01193	0.01193	0.01326	0.00928	0.00928	0.01326	0.01193	0.01723	0.01988	0.02916	0.01856	0.05568	0.70968	0.01193	0.01988	0.00795	0.00398	0.00663
7	0.79154	0.01436	0.01091	0.00976	0.01436	0.01665	0.00804	0.02182	0.01263	0.03331	0.01034	0.01206	0.00804	0.00689	0.00459	0.00230	0.00574	0.00402	0.00459	0.00804
8	0.01079	0.00719	0.00817	0.00824	0.00851	0.00717	0.00486	0.01121	0.01151	0.01566	0.02636	0.07554	0.05715	0.61310	0.05773	0.00669	0.00718	0.01112	0.04697	0.00485
9	0.01874	0.41148	0.03111	0.01486	0.01999	0.06137	0.04235	0.02128	0.01488	0.01902	0.01098	0.01376	0.00990	0.00751	0.00882	0.00187	0.14144	0.00477	0.00346	0.14240
10	0.01641	0.01676	0.02413	0.02024	0.02106	0.04058	0.07631	0.01846	0.01231	0.01846	0.01143	0.04293	0.01133	0.01260	0.02188	0.00313	0.61309	0.00720	0.00345	0.00823
11	0.00904	0.00646	0.00861	0.01034	0.01077	0.00603	0.00689	0.01034	0.01421	0.01895	0.04092	0.73426	0.04910	0.02326	0.00948	0.00301	0.00431	0.02110	0.00689	0.00603
12	0.01837	0.01764	0.03013	0.04557	0.69279	0.01764	0.02278	0.02278	0.01690	0.02425	0.01396	0.01837	0.01176	0.00661	0.00735	0.00220	0.00882	0.00661	0.00367	0.01176
13	0.02183	0.01829	0.01864	0.01589	0.02059	0.05111	0.01258	0.22877	0.45502	0.03522	0.02563	0.02407	0.01904	0.00961	0.00748	0.00240	0.00691	0.00771	0.00735	0.01187
14	0.02003	0.01305	0.01587	0.01157	0.01794	0.01016	0.00934	0.02322	0.01691	0.19863	0.01736	0.01795	0.01291	0.00645	0.00601	0.00141	0.00571	0.00519	0.00564	0.58464
15	0.01884	0.01892	0.03095	0.04259	0.58847	0.05859	0.08597	0.02329	0.01721	0.02385	0.01392	0.01824	0.01158	0.00664	0.00745	0.00222	0.00946	0.00672	0.00369	0.01140
16	0.79154	0.01436	0.01091	0.00976	0.01436	0.01665	0.00804	0.02182	0.01263	0.03331	0.01034	0.01206	0.00804	0.00689	0.00459	0.00230	0.00574	0.00402	0.00459	0.00804
17	0.01080	0.00720	0.00810	0.00810	0.00810	0.00720	0.00450	0.01080	0.01080	0.01439	0.02339	0.04858	0.02699	0.73910	0.03779	0.00720	0.00720	0.01080	0.00450	0.00450
18	0.01763	0.01996	0.03954	0.10781	0.03876	0.05525	0.53928	0.02337	0.01722	0.02276	0.01447	0.01953	0.01097	0.00666	0.00897	0.00249	0.03368	0.00824	0.00369	0.00968
19	0.01587	0.01436	0.02303	0.61109	0.04727	0.01737	0.04267	0.09817	0.01738	0.02253	0.01382	0.01956	0.01028	0.00756	0.00747	0.00245	0.00978	0.00668	0.00382	0.00884
20	0.01086	0.00727	0.00830	0.00839	0.00848	0.00727	0.00489	0.01104	0.01113	0.01481	0.02423	0.05044	0.02782	0.70100	0.03633	0.00700	0.00718	0.04431	0.00462	0.00462
21	0.01051	0.00759	0.00992	0.00934	0.01109	0.00700	0.00700	0.01401	0.02101	0.02977	0.68888	0.05545	0.07005	0.01518	0.00876	0.00233	0.00350	0.01343	0.00817	0.00700
22	0.02178	0.63889	0.03580	0.01277	0.01904	0.02673	0.01245	0.02423	0.01597	0.11492	0.01304	0.01382	0.01079	0.00676	0.00515	0.00169	0.00771	0.00447	0.00404	0.00997
23	0.01749	0.40775	0.35404	0.01673	0.02528	0.02360	0.01972	0.02284	0.01536	0.02034	0.01175	0.01370	0.00947	0.00669	0.00585	0.00195	0.00938	0.00469	0.00316	0.01021
24	0.03331	0.01263	0.01723	0.01321	0.01895	0.01091	0.01091	0.03618	0.02125	0.69794	0.02929	0.02527	0.01838	0.00919	0.00747	0.00230	0.00632	0.00747	0.00919	0.01263
25	0.00883	0.00752	0.00760	0.00758	0.01006	0.00629	0.00569	0.01077	0.01706	0.02038	0.09591	0.07090	0.66887	0.01868	0.00877	0.00250	0.00375	0.01559	0.00694	0.00629
26	0.01573	0.09620	0.54046	0.02202	0.03205	0.01853	0.12649	0.02344	0.01591	0.02303	0.01333	0.01603	0.00971	0.00687	0.00712	0.00231	0.01095	0.00587	0.00324	0.01070
27	0.01402	0.01319	0.02227	0.72126	0.05113	0.01649	0.02062	0.01897	0.01484	0.01897	0.01319	0.01979	0.00990	0.00742	0.00742	0.00247	0.00990	0.00660	0.00330	0.00825
28	0.02822	0.02079	0.02228	0.01708	0.02302	0.02302	0.01411	0.66804	0.03490	0.04679	0.01782	0.01782	0.01262	0.00891	0.00743	0.00223	0.00817	0.00668	0.00743	0.01262
29	0.46954	0.01870	0.04108	0.04034	0.02020	0.09218	0.05299	0.10673	0.04709	0.03181	0.01284	0.01458	0.00978	0.00736	0.00578	0.00228	0.00766	0.00510	0.00486	0.00910
30	0.01489	0.03840	0.70064	0.02116	0.03213	0.01724	0.02743	0.02351	0.01567	0.02351	0.01332	0.01567	0.00940	0.00705	0.00705	0.00235	0.01097	0.00549	0.00313	0.01097
31	0.00904	0.00646	0.00861	0.01034	0.01077	0.00603	0.00689	0.01034	0.01421	0.01895	0.04092	0.73426	0.04910	0.02326	0.00948	0.00301	0.00431	0.02110	0.00689	0.00603
32	0.01031	0.00758	0.00965	0.00913	0.01097	0.00692	0.00685	0.01362	0.02054	0.02865	0.61816	0.05730	0.14146	0.01559	0.00876	0.00235	0.00353	0.01368	0.00802	0.00692
33	0.06672	0.13745	0.04368	0.01720	0.04556	0.20660	0.01384	0.19841	0.10558	0.07097	0.01652	0.01704	0.01255	0.00808	0.00666	0.00209	0.00911	0.00582	0.00550	0.01062
34	0.01132	0.00902	0.01227	0.03252	0.01432	0.03412	0.00944	0.01382	0.01225	0.01711	0.01965	0.02976	0.01861	0.10281	0.61500	0.01095	0.01843	0.00801	0.00399	0.00659
35	0.00877	0.00752	0.00752	0.00752	0.01003	0.00627	0.00564	0.01065	0.01692	0.02005	0.07520	0.07144	0.68978	0.01880	0.00877	0.00251	0.00376	0.01567	0.00689	0.00627
36	0.02824	0.01760	0.01972	0.01526	0.02079	0.01866	0.01256	0.45669	0.02988	0.20544	0.02119	0.02050	0.01459	0.00896	0.00724	0.00220	0.00731	0.00690	0.07415	0.01214
37	0.45948	0.01530	0.03405	0.05176	0.04556	0.01662	0.01094	0.09630	0.07559	0.03223	0.03936	0.04551	0.01490	0.00873	0.00601	0.00238	0.00643	0.02454	0.00531	0.00900
38	0.01290	0.00987	0.01424	0.01739	0.09778	0.00993	0.01302	0.01707	0.04071	0.02316	0.06843	0.07238	0.03961	0.01818	0.00973	0.00318	0.00688	0.51138	0.00654	0.00762
39	0.01534	0.01350	0.01742	0.01259	0.01904	0.01047	0.06111	0.01880	0.01552	0.02397	0.01432	0.04121	0.01237	0.00619	0.00590	0.00128	0.00602	0.00534	0.00444	0.69519
40	0.02675	0.01950	0.02120	0.01615	0.02216	0.02087	0.01330	0.56014	0.03186	0.06819	0.01765	0.01779	0.01263	0.00848	0.00718	0.00208	0.00775	0.00642	0.00710	0.11281
41	0.02934	0.01900	0.02117	0.01623	0.02213	0.02036	0.01341	0.52900	0.03190	0.19007	0.02035	0.01946	0.01389	0.00897	0.00743	0.00224	0.00776	0.00686	0.00781	0.01263
42	0.05700	0.01335	0.01715	0.01427	0.05584	0.01161	0.01085	0.05559	0.01949	0.38712	0.04155	0.02199	0.01666	0.00802	0.00680	0.00194	0.00619	0.00651	0.00717	0.24093
43	0.01525	0.05993	0.63623	0.02196	0.05105	0.01770	0.04979	0.02346	0.01576	0.02335	0.01330	0.01579	0.00954	0.00699	0.00705	0.00233	0.01087	0.00559	0.00317	0.01091
44	0.00899	0.00753	0.00782	0.00774	0.01016	0.00636	0.00581	0.01107	0.01742	0.02125	0.15072	0.06948	0.61352	0.01836	0.00877	0.00249	0.00373	0.01539	0.00705	0.00636
45	0.00924	0.00759	0.00821	0.00849	0.01076	0.00656	0.00653	0.01134	0.01694	0.02061	0.09150	0.10927	0.55252	0.01912	0.00899	0.00264	0.00416	0.09225	0.00693	0.00635
46	0.01620	0.01629	0.02674	0.44163	0.19328	0.05481	0.10342	0.02103	0.01599	0.02074	0.01351	0.01915	0.01047	0.00710	0.00754	0.00239	0.01018	0.00678	0.00347	0.00929
47	0.03241	0.01321	0.01748	0.01349	0.01918	0.01187	0.01112	0.06982	0.04964	0.63538	0.02872	0.02498	0.01825	0.00921	0.00747	0.00230	0.00640	0.00746	0.00903	0.01260
48	0.01181	0.00843	0.01179	0.01349	0.01514	0.00841	0.01169	0.01511	0.01694	0.02204	0.03939	0.11823	0.04306	0.02065	0.01021	0.00340	0.00670	0.60986	0.00684	0.00679
49	0.01985	0.74357	0.03890	0.01270	0.01905	0.02937	0.01270	0.02223	0.01508	0.01747	0.01032	0.01191	0.00953	0.00635	0.00476	0.00159	0.00794	0.00397	0.00318	0.00953
50	0.01489	0.03840	0.70064	0.02116	0.03213	0.01724	0.02743	0.02351	0.01567	0.02351	0.01332	0.01567	0.00940	0.00705	0.00705	0.00235	0.01097	0.00549	0.00313	0.01097
51	0.00877	0.00752	0.00752	0.00752	0.01003	0.00627	0.00564	0.01065	0.01692	0.02005	0.07520	0.07144	0.68978	0.01880	0.00877	0.00251	0.00376	0.01567	0.00689	0.00627
52	0.02822	0.02079	0.02228	0.01708	0.02302	0.02302	0.01411	0.66804	0.03490	0.04679	0.01782	0.01782	0.01262	0.00891	0.00743	0.00223	0.00817	0.00668	0.00743	0.01262
53	0.02140	0.60404	0.03538	0.01397	0.01982	0.16334	0.01303	0.02369	0.01626	0.01760	0.01055	0.01220	0.00953	0.00661	0.00514	0.00165	0.00901	0.00413	0.00330	0.00935
54	0.02044	0.01589	0.01767	0.01637	0.04992	0.01783	0.01226	0.06560	0.55234	0.10146	0.02885	0.02659	0.02128	0.00977	0.00753	0.00247	0.00615	0.00814	0.00754	0.01188
55	0.01051	0.00759	0.00992	0.00934	0.01109	0.00700	0.00700	0.01401	0.02101	0.02977	0.68888	0.05545	0.07005	0.01518	0.00876	0.00233	0.00350	0.01343	0.00817	0.00700
56	0.01384	0.00692	0.00692	0.00692	0.00865	0.00692	0.00519	0.01730	0.01557	0.02768	0.02422	0.02768	0.01903	0.00865	0.00519	0.00173	0.00346	0.00692	0.78031	0.00692
57	0.02347	0.01723	0.01954	0.01544	0.02037	0.01881	0.04745	0.42395	0.09984	0.03969	0.02040	0.02115	0.01503	0.00884	0.00703	0.00217	0.00714	0.00703	0.17427	0.01115
58	0.01051	0.00759	0.00992	0.00934	0.01109	0.00700	0.00700	0.01401	0.02101	0.02977	0.68888	0.05545	0.07005	0.01518	0.00876	0.00233	0.00350	0.01343	0.00817	0.00700
59	0.01011	0.00750	0.00932	0.00900	0.01074	0.00682	0.00663	0.01304	0.01943	0.02669	0.50937	0.09595	0.18272	0.04768	0.01006	0.00262	0.00376	0.01416	0.00770	0.00670
60	0.01985	0.74357	0.03890	0.01270	0.01905	0.02937	0.01270	0.02223	0.01508	0.01747	0.01032	0.01191	0.00953	0.00635	0.00476	0.00159	0.00794	0.00397	0.00318	0.00953
61	0.02822	0.02079	0.02228	0.01708	0.02302	0.02302	0.01411	0.66804	0.03490	0.04679	0.01782	0.01782	0.01262	0.00891	0.00743	0.00223	0.00817	0.00668	0.00743	0.01262
62	0.03248	0.01282	0.01720	0.01331	0.01897	0.01133	0.01096	0.03636	0.05790	0.66079	0.02934	0.02540	0.01862	0.00924	0.00747	0.00231	0.00629	0.00752	0.00910	0.01258
63	0.01509	0.03715	0.66255	0.02082	0.03142	0.01731	0.02656	0.02440	0.05264	0.02393	0.01426	0.01634	0.01014	0.00722	0.00708	0.00236	0.01069	0.00565	0.00338	0.01101
64	0.00911	0.00649	0.00859	0.01025	0.01067	0.00607	0.00680	0.01035	0.01409	0.01878	0.04026	0.70874	0.04828	0.04989	0.01053	0.00317	0.00441	0.02072	0.00680	0.00597
65	0.01384	0.00692	0.00692	0.00692	0.00865	0.00692	0.00519	0.01730	0.01557	0.02768	0.02422	0.02768	0.01903	0.00865	0.00519	0.00173	0.00346	0.00692	0.78031	0.00692
66	0.01402	0.01319	0.02227	0.72126	0.05113	0.01649	0.02062	0.01897	0.01484	0.01897	0.01319	0.01979	0.00990	0.00742	0.00742	0.00247	0.00990	0.00660	0.00330	0.00825
67	0.01804	0.01993	0.03139	0.02440	0.02797	0.09632	0.28862	0.02164	0.01501	0.02038	0.01215	0.01752	0.01036	0.00958	0.01588	0.00279	0.34828	0.00726	0.00352	0.00897
68	0.01846	0.01595	0.01679	0.01511	0.01930	0.01846	0.01175	0.03945	0.67938	0.03105	0.03022	0.02770	0.02266	0.01007	0.00755	0.00252	0.00588	0.00839	0.00755	0.01175
69	0.01624	0.01624	0.02274	0.01949	0.01949	0.02274	0.01624	0.01787	0.01137	0.01787	0.00975	0.01624	0.00975	0.01299	0.02436	0.00325	0.72552	0.00650	0.00325	0.00812
70	0.01539	0.01319	0.01539	0.01100	0.01759	0.00990	0.00880	0.01869	0.01539	0.02419	0.01319	0.01539	0.01100	0.00550	0.00550	0.00110	0.00550	0.00440	0.00440	0.78449
71	0.02236	0.55248	0.03385	0.01399	0.01981	0.16046	0.01289	0.02469	0.01669	0.06709	0.01192	0.01317	0.01018	0.00681	0.00534	0.00170	0.00888	0.00438	0.00374	0.00957
72	0.01402	0.01319	0.02227	0.72126	0.05113	0.01649	0.02062	0.01897	0.01484	0.01897	0.01319	0.01979	0.00990	0.00742	0.00742	0.00247	0.00990	0.00660	0.00330	0.00825
73	0.04274	0.07598	0.64007	0.02029	0.03079	0.01788	0.02594	0.02338	0.01553	0.02353	0.01305	0.01534	0.00936	0.00701	0.00684	0.00231	0.01062	0.00535	0.00319	0.01079
74	0.01079	0.00723	0.00824	0.00824	0.00829	0.00727	0.00468	0.01089	0.01084	0.01450	0.02326	0.04786	0.02668	0.71367	0.06279	0.00737	0.00767	0.01069	0.00448	0.00458
75	0.01066	0.00783	0.01002	0.00943	0.01128	0.00731	0.00708	0.01460	0.03988	0.02940	0.64403	0.05532	0.09473	0.01518	0.00872	0.00235	0.00358	0.01337	0.00810	0.00711
76	0.01607	0.12248	0.56116	0.02063	0.03061	0.04215	0.06076	0.02358	0.01589	0.02261	0.01299	0.01538	0.00953	0.00694	0.00686	0.00225	0.01077	0.00546	0.00320	0.01066
77	0.01617	0.03587	0.62513	0.02117	0.03164	0.01692	0.05837	0.02431	0.01611	0.06558	0.01440	0.01649	0.01006	0.00715	0.00716	0.00236	0.01076	0.00577	0.00354	0.01103
78	0.03331	0.01263	0.01723	0.01321	0.01895	0.01091	0.01091	0.03618	0.02125	0.69794	0.02929	0.02527	0.01838	0.00919	0.00747	0.00230	0.00632	0.00747	0.00919	0.01263
79	0.02411	0.02517	0.01964	0.01714	0.02111	0.33584	0.01343	0.19487	0.08473	0.02719	0.02069	0.02390	0.06042	0.01001	0.00841	0.00226	0.05470	0.04125	0.00545	0.00966
80	0.01811	0.01764	0.02808	0.04159	0.60988	0.04678	0.02124	0.02226	0.01709	0.02372	0.01766	0.02271	0.04652	0.00767	0.00748	0.00224	0.00871	0.02548	0.00393	0.01120
81	0.03331	0.01263	0.01723	0.01321	0.01895	0.01091	0.01091	0.03618	0.02125	0.69794	0.02929	0.02527	0.01838	0.00919	0.00747	0.00230	0.00632	0.00747	0.00919	0.01263
82	0.02932	0.01904	0.02119	0.01625	0.02214	0.02041	0.01342	0.53189	0.03196	0.18709	0.02029	0.01943	0.01386	0.00897	0.00743	0.00224	0.00777	0.00685	0.00781	0.01263
83	0.01114	0.00811	0.01077	0.01214	0.01375	0.00789	0.01013	0.01394	0.01644	0.02116	0.04389	0.14517	0.13751	0.05863	0.01142	0.00344	0.00615	0.45504	0.00673	0.00655
84	0.01474	0.03937	0.08025	0.56899	0.11587	0.01709	0.02116	0.01985	0.01514	0.01985	0.01319	0.01904	0.01004	0.00727	0.00730	0.00241	0.00981	0.00642	0.00332	0.00888
85	0.00995	0.00777	0.00920	0.00971	0.01177	0.00702	0.00774	0.01247	0.01737	0.02193	0.14493	0.10804	0.38381	0.01905	0.00924	0.00278	0.00465	0.19899	0.00705	0.00652
86	0.02644	0.06897	0.02149	0.01836	0.02224	0.61823	0.01399	0.04692	0.02066	0.01891	0.01205	0.01428	0.01013	0.01017	0.04389	0.00244	0.01331	0.00496	0.00391	0.00866
87	0.01567	0.17022	0.55139	0.01915	0.02892	0.01916	0.02393	0.02293	0.01575	0.02259	0.03675	0.01638	0.01158	0.00721	0.00668	0.00221	0.01013	0.00548	0.00332	0.01056
88	0.01062	0.00788	0.01155	0.01155	0.01274	0.00907	0.00880	0.01301	0.01182	0.01695	0.02024	0.03111	0.01940	0.12407	0.64245	0.01146	0.01862	0.00824	0.00403	0.00642
89	0.00912	0.00649	0.00859	0.01024	0.01065	0.00608	0.00679	0.01036	0.01406	0.01875	0.04016	0.70454	0.04814	0.05428	0.01070	0.00320	0.00443	0.02066	0.00679	0.00596
90	0.01688	0.01648	0.02271	0.01936	0.01968	0.02275	0.01613	0.05234	0.01262	0.01940	0.01017	0.01633	0.00990	0.01278	0.02346	0.00319	0.68748	0.00651	0.00347	0.00836
91	0.01151	0.00905	0.01334	0.01267	0.01386	0.01057	0.03043	0.01381	0.01218	0.01767	0.02034	0.06890	0.02004	0.12510	0.46772	0.00924	0.09494	0.00884	0.03313	0.00663
92	0.00904	0.00646	0.00861	0.01034	0.01077	0.00603	0.00689	0.01034	0.01421	0.01895	0.04092	0.73426	0.04910	0.02326	0.00948	0.00301	0.00431	0.02110	0.00689	0.00603
93	0.02773	0.03538	0.02104	0.01913	0.02295	0.70930	0.01434	0.02964	0.02104	0.01817	0.01148	0.01339	0.00956	0.00765	0.00669	0.00191	0.01339	0.00478	0.00383	0.00861
94	0.01898	0.01620	0.01708	0.01521	0.01950	0.01871	0.01188	0.07278	0.64521	0.03189	0.02956	0.02717	0.02213	0.01001	0.00755	0.00250	0.00600	0.00830	0.00755	0.01180
95	0.02775	0.03477	0.02109	0.01904	0.02295	0.68045	0.01433	0.05648	0.02162	0.01937	0.01174	0.01357	0.00969	0.00770	0.00672	0.00193	0.01317	0.00486	0.00398	0.00878
96	0.01573	0.01554	0.02194	0.05808	0.02078	0.02148	0.01598	0.01752	0.01172	0.01799	0.01164	0.05558	0.01190	0.01324	0.02261	0.00319	0.64635	0.00730	0.00345	0.00801
97	0.02116	0.10699	0.02047	0.01517	0.01978	0.09303	0.01224	0.15997	0.35758	0.03101	0.04217	0.02310	0.01892	0.00923	0.00705	0.00225	0.00722	0.00722	0.03443	0.01101
98	0.00902	0.00657	0.00850	0.01005	0.01069	0.00605	0.00677	0.01037	0.01448	0.01906	0.04435	0.66793	0.11321	0.02281	0.00941	0.00296	0.00425	0.02056	0.00689	0.00605
99	0.01061	0.00793	0.01182	0.01182	0.01310	0.00922	0.00914	0.01318	0.01190	0.01715	0.01999	0.02975	0.01881	0.07629	0.68942	0.01179	0.01950	0.00804	0.00399	0.00656
100	0.02434	0.23291	0.02666	0.05604	0.08953	0.23051	0.01451	0.05460	0.01885	0.13695	0.01476	0.01614	0.01145	0.00767	0.00705	0.00201	0.03592	0.00543	0.00465	0.01002
101	0.03331	0.01263	0.01723	0.01321	0.01895	0.01091	0.01091	0.03618	0.02125	0.69794	0.02929	0.02527	0.01838	0.00919	0.00747	0.00230	0.00632	0.00747	0.00919	0.01263
102	0.01042	0.00762	0.00980	0.00934	0.01115	0.00700	0.00706	0.01379	0.02056	0.02874	0.61812	0.05768	0.11853	0.01564	0.00881	0.00238	0.00363	0.03476	0.00803	0.00694
103	0.01706	0.01537	0.02246	0.09435	0.37379	0.05857	0.01729	0.02063	0.01699	0.05980	0.02583	0.09371	0.09992	0.01061	0.00783	0.00239	0.00794	0.04084	0.00480	0.00984
104	0.01805	0.01748	0.03035	0.08837	0.61676	0.01762	0.05674	0.02259	0.01680	0.02389	0.01397	0.01855	0.01161	0.00665	0.00743	0.00224	0.00908	0.00673	0.00365	0.01144
105	0.03162	0.01226	0.01669	0.01292	0.01837	0.01062	0.01062	0.03453	0.02123	0.64838	0.07821	0.02751	0.02221	0.00963	0.00756	0.00230	0.00611	0.00791	0.00911	0.01222
106	0.01516	0.07684	0.66457	0.02070	0.03142	0.01790	0.02663	0.02344	0.01564	0.02318	0.01316	0.01547	0.00941	0.00701	0.00693	0.00231	0.01081	0.00540	0.00314	0.01089
107	0.01680	0.05047	0.03514	0.08747	0.17903	0.01798	0.36278	0.02178	0.01653	0.02257	0.01625	0.07560	0.01411	0.00807	0.00889	0.00247	0.04154	0.00878	0.00390	0.00983
108	0.01838	0.42981	0.27104	0.01628	0.02389	0.06089	0.01812	0.02291	0.01547	0.01965	0.01142	0.01348	0.00949	0.00692	0.00641	0.00194	0.03612	0.00464	0.00320	0.00994
109	0.27734	0.03692	0.01851	0.04159	0.05712	0.01814	0.04722	0.19859	0.04857	0.03338	0.01547	0.01750	0.01185	0.00807	0.00711	0.00226	0.04505	0.00592	0.09969	0.00969
110	0.02123	0.02271	0.02183	0.01888	0.02094	0.23789	0.01518	0.09151	0.05330	0.02174	0.01226	0.01614	0.01070	0.01073	0.01611	0.00268	0.38703	0.00608	0.00411	0.00895
111	0.01172	0.00860	0.01070	0.01151	0.01292	0.00857	0.00843	0.07799	0.04290	0.02271	0.03968	0.51348	0.07563	0.02071	0.00927	0.00295	0.00507	0.10317	0.00696	0.00704
112	0.00991	0.00735	0.00944	0.01063	0.01161	0.00692	0.00726	0.01239	0.05054	0.01990	0.03879	0.65571	0.04554	0.02155	0.00915	0.00288	0.00446	0.01948	0.00679	0.04970
113	0.02217	0.01853	0.01883	0.01596	0.02072	0.05458	0.01266	0.24794	0.43215	0.03564	0.02516	0.02370	0.01867	0.00956	0.00747	0.00239	0.00701	0.00764	0.00732	0.01188
114	0.01753	0.02644	0.27260	0.06102	0.29782	0.07890	0.02298	0.02300	0.01618	0.02258	0.01306	0.01680	0.01042	0.00754	0.00889	0.00235	0.08177	0.00603	0.00343	0.01068
115	0.01489	0.03840	0.70064	0.02116	0.03213	0.01724	0.02743	0.02351	0.01567	0.02351	0.01332	0.01567	0.00940	0.00705	0.00705	0.00235	0.01097	0.00549	0.00313	0.01097
116	0.03181	0.05351	0.01841	0.01328	0.01897	0.01232	0.01105	0.03557	0.05386	0.62664	0.02828	0.02465	0.01810	0.00907	0.00732	0.00227	0.00639	0.00732	0.00877	0.01242
117	0.01866	0.01797	0.02857	0.05217	0.17820	0.04453	0.19060	0.11374	0.01843	0.02551	0.01565	0.05648	0.01345	0.00914	0.01114	0.00252	0.15218	0.00789	0.03321	0.00996
118	0.01408	0.01315	0.02210	0.66667	0.07230	0.01619	0.02032	0.01895	0.01501	0.01930	0.01435	0.02251	0.01138	0.00796	0.00754	0.00251	0.00973	0.03417	0.00347	0.00831
119	0.12094	0.01300	0.01574	0.01279	0.01776	0.01263	0.01037	0.03307	0.13903	0.43770	0.08527	0.02676	0.02244	0.00960	0.00725	0.00234	0.00592	0.00774	0.00824	0.01142
120	0.03053	0.01202	0.01634	0.01274	0.01799	0.01044	0.01044	0.03348	0.02122	0.61658	0.10960	0.02894	0.02467	0.00992	0.00762	0.00230	0.00597	0.00819	0.00906	0.01195
121	0.01659	0.01642	0.02137	0.18780	0.02689	0.07420	0.01633	0.04797	0.01417	0.01947	0.01275	0.04316	0.01179	0.01378	0.05575	0.00339	0.39927	0.00699	0.00367	0.00824
122	0.01593	0.05472	0.01865	0.01553	0.01695	0.09213	0.01245	0.04460	0.01373	0.01855	0.01477	0.02294	0.01425	0.09757	0.23129	0.00602	0.29142	0.00706	0.00383	0.00762
123	0.00911	0.00649	0.00859	0.01025	0.01067	0.00607	0.00680	0.01035	0.01409	0.01878	0.04026	0.70874	0.04828	0.04989	0.01053	0.00317	0.00441	0.02072	0.00680	0.00597
124	0.01401	0.01291	0.02157	0.68892	0.04921	0.01606	0.01992	0.01889	0.01488	0.01936	0.01369	0.02015	0.01031	0.00748	0.00732	0.00244	0.00960	0.00661	0.03847	0.00819
125	0.01213	0.00856	0.01051	0.01053	0.01261	0.00810	0.00824	0.04847	0.01844	0.05135	0.20247	0.13688	0.21352	0.05803	0.01070	0.00298	0.00503	0.16722	0.00717	0.00705
126	0.01985	0.74357	0.03890	0.01270	0.01905	0.02937	0.01270	0.02223	0.01508	0.01747	0.01032	0.01191	0.00953	0.00635	0.00476	0.00159	0.00794	0.00397	0.00318	0.00953
127	0.01067	0.00718	0.00831	0.00856	0.00867	0.00714	0.00505	0.01094	0.01140	0.01518	0.02581	0.11867	0.02986	0.63726	0.03379	0.00662	0.00689	0.03840	0.00484	0.00475
128	0.01489	0.03840	0.70064	0.02116	0.03213	0.01724	0.02743	0.02351	0.01567	0.02351	0.01332	0.01567	0.00940	0.00705	0.00705	0.00235	0.01097	0.00549	0.00313	0.01097
129	0.01663	0.01586	0.02698	0.31652	0.43549	0.01718	0.02191	0.02125	0.01608	0.02213	0.01366	0.01894	0.01101	0.00694	0.00738	0.00231	0.00925	0.00661	0.00352	0.01035
130	0.73302	0.01450	0.01157	0.01016	0.01485	0.01662	0.00837	0.04416	0.01376	0.06257	0.01141	0.01283	0.00864	0.00706	0.00481	0.00229	0.00585	0.00426	0.00489	0.00839
131	0.79154	0.01436	0.01091	0.00976	0.01436	0.01665	0.00804	0.02182	0.01263	0.03331	0.01034	0.01206	0.00804	0.00689	0.00459	0.00230	0.00574	0.00402	0.00459	0.00804
132	0.00887	0.00752	0.00765	0.00762	0.01009	0.00631	0.00572	0.01084	0.01715	0.02060	0.10938	0.07055	0.65527	0.01860	0.00877	0.00250	0.00375	0.01554	0.00696	0.00631
133	0.01716	0.01777	0.02260	0.01946	0.01977	0.07747	0.01609	0.01880	0.01214	0.01789	0.00988	0.01601	0.00973	0.01257	0.02295	0.00314	0.66875	0.00636	0.00329	0.00816
134	0.00904	0.00646	0.00861	0.01034	0.01077	0.00603	0.00689	0.01034	0.01421	0.01895	0.04092	0.73426	0.04910	0.02326	0.00948	0.00301	0.00431	0.02110	0.00689	0.00603
135	0.02138	0.09539	0.01832	0.01254	0.01731	0.01661	0.01040	0.28803	0.02370	0.05865	0.01876	0.02014	0.01424	0.00811	0.00619	0.00186	0.00628	0.00618	0.24353	0.11237
136	0.06474	0.01650	0.01873	0.01424	0.02022	0.01637	0.01169	0.31364	0.02552	0.21315	0.01938	0.01893	0.01353	0.00807	0.00684	0.00198	0.00692	0.00621	0.00703	0.19631
137	0.10378	0.17231	0.49434	0.01823	0.02758	0.01953	0.02238	0.02307	0.01522	0.02345	0.01240	0.01453	0.00927	0.00690	0.00633	0.00220	0.00979	0.00503	0.00331	0.01036
138	0.01837	0.01764	0.03013	0.04557	0.69279	0.01764	0.02278	0.02278	0.01690	0.02425	0.01396	0.01837	0.01176	0.00661	0.00735	0.00220	0.00882	0.00661	0.00367	0.01176
139	0.00960	0.00711	0.00983	0.01222	0.04795	0.00670	0.00776	0.01114	0.01459	0.01960	0.06123	0.67242	0.04777	0.02208	0.00934	0.00295	0.00453	0.02006	0.00676	0.00637
140	0.01937	0.67633	0.10200	0.01351	0.02030	0.02822	0.01411	0.02235	0.01514	0.01804	0.01061	0.01227	0.00952	0.00642	0.00498	0.00166	0.00823	0.00411	0.00317	0.00966
141	0.01478	0.01411	0.02426	0.59655	0.14252	0.01675	0.04705	0.01971	0.01525	0.01992	0.01338	0.01960	0.01022	0.00726	0.00747	0.00244	0.00985	0.00669	0.00337	0.00882
142	0.01332	0.00823	0.01073	0.00974	0.01204	0.00746	0.00743	0.01666	0.02083	0.11444	0.57225	0.05245	0.09632	0.01461	0.00859	0.00234	0.00387	0.01278	0.00823	0.00768
143	0.02776	0.03459	0.02111	0.01901	0.02295	0.67189	0.01433	0.06444	0.02179	0.01973	0.01182	0.01363	0.00973	0.00772	0.00673	0.00193	0.01310	0.00488	0.00402	0.00883
144	0.01851	0.02323	0.12157	0.07987	0.07147	0.09801	0.35262	0.04327	0.07070	0.02398	0.01548	0.01913	0.01170	0.00701	0.00799	0.00239	0.01136	0.00751	0.00405	0.01015
145	0.00904	0.00646	0.00861	0.01034	0.01077	0.00603	0.00689	0.01034	0.01421	0.01895	0.04092	0.73426	0.04910	0.02326	0.00948	0.00301	0.00431	0.02110	0.00689	0.00603
146	0.02606	0.05877	0.02112	0.01771	0.02189	0.44406	0.01373	0.09370	0.11610	0.06636	0.01581	0.01668	0.01231	0.00836	0.00751	0.00209	0.03731	0.00569	0.00501	0.00973
147	0.05528	0.01003	0.01077	0.01053	0.01332	0.01014	0.00823	0.01912	0.17694	0.02453	0.10813	0.08243	0.32957	0.01610	0.00846	0.00262	0.00478	0.09416	0.00703	0.00782
148	0.01964	0.27825	0.27501	0.01847	0.04503	0.17753	0.01887	0.02422	0.01656	0.02005	0.01176	0.01397	0.00957	0.00715	0.00684	0.00202	0.03700	0.00488	0.00332	0.00986
149	0.01068	0.00793	0.00840	0.00818	0.01089	0.00669	0.00627	0.01270	0.01724	0.06944	0.07046	0.06857	0.61558	0.01817	0.00874	0.00253	0.00407	0.03967	0.00706	0.00675
150	0.02035	0.01268	0.01470	0.01238	0.01560	0.01308	0.00942	0.21518	0.02110	0.16002	0.02915	0.09767	0.08865	0.21151	0.01668	0.00374	0.03222	0.01016	0.00672	0.00901
151	0.01726	0.01928	0.04054	0.06851	0.06123	0.01891	0.55845	0.02303	0.01689	0.02308	0.01448	0.01967	0.01109	0.00685	0.00982	0.00255	0.06644	0.00839	0.00369	0.00983
152	0.00984	0.00689	0.00890	0.01034	0.01099	0.00655	0.00700	0.02911	0.01487	0.02021	0.03936	0.67570	0.04644	0.02206	0.00918	0.00292	0.00437	0.01993	0.04906	0.00626
153	0.01622	0.00922	0.00947	0.00861	0.01103	0.00959	0.00667	0.12527	0.01878	0.03085	0.02316	0.02604	0.01797	0.00869	0.00556	0.00181	0.00424	0.00688	0.65208	0.00787
154	0.01572	0.01357	0.02287	0.53790	0.04411	0.01587	0.07611	0.04106	0.01623	0.05774	0.01617	0.02385	0.01267	0.00823	0.00763	0.00249	0.00951	0.04228	0.02733	0.00867
155	0.01537	0.03521	0.59009	0.02357	0.06600	0.01744	0.10200	0.02351	0.01595	0.02358	0.01355	0.01632	0.00974	0.00694	0.00727	0.00236	0.01104	0.00593	0.00323	0.01090
156	0.01073	0.00746	0.00944	0.00944	0.00990	0.00792	0.00617	0.01165	0.01119	0.01539	0.02217	0.04180	0.02405	0.50055	0.27231	0.00885	0.01163	0.00980	0.00432	0.00524
157	0.16834	0.02634	0.01994	0.01793	0.05042	0.34483	0.01348	0.22023	0.02349	0.02985	0.01329	0.01470	0.01030	0.00785	0.00656	0.00209	0.01021	0.00529	0.00505	0.00985
158	0.04119	0.03435	0.57326	0.02149	0.03162	0.01707	0.09485	0.02412	0.01605	0.05763	0.01421	0.01651	0.01001	0.00707	0.00718	0.00236	0.01074	0.00589	0.00355	0.01086
159	0.02773	0.03538	0.02104	0.01913	0.02295	0.70930	0.01434	0.02964	0.02104	0.01817	0.01148	0.01339	0.00956	0.00765	0.00669	0.00191	0.01339	0.00478	0.00383	0.00861
160	0.00892	0.00757	0.00772	0.00780	0.01027	0.00637	0.00593	0.01087	0.01693	0.02015	0.07358	0.07200	0.66049	0.01888	0.00884	0.00255	0.00390	0.04406	0.00689	0.00629
161	0.01778	0.05111	0.01365	0.01057	0.01416	0.01058	0.00841	0.08515	0.02029	0.18912	0.17929	0.04718	0.26379	0.04430	0.00931	0.00254	0.00515	0.01144	0.00746	0.00872
162	0.01702	0.09990	0.07256	0.01541	0.05459	0.12116	0.01244	0.02340	0.13883	0.04731	0.08630	0.06627	0.14075	0.01215	0.00766	0.00236	0.00729	0.05977	0.00583	0.00900
163	0.02024	0.70810	0.03801	0.01302	0.01925	0.06343	0.01278	0.02260	0.01538	0.01750	0.01038	0.01198	0.00953	0.00642	0.00486	0.00160	0.00821	0.00401	0.00321	0.00948
164	0.01524	0.01298	0.01524	0.01112	0.01749	0.00983	0.00894	0.01854	0.01547	0.02410	0.01438	0.01849	0.01243	0.00618	0.00571	0.00120	0.00556	0.03330	0.00451	0.74928
165	0.79154	0.01436	0.01091	0.00976	0.01436	0.01665	0.00804	0.02182	0.01263	0.03331	0.01034	0.01206	0.00804	0.00689	0.00459	0.00230	0.00574	0.00402	0.00459	0.00804
166	0.01813	0.01631	0.02066	0.01856	0.04558	0.04565	0.01461	0.09312	0.09252	0.04330	0.01515	0.01966	0.01303	0.01714	0.10706	0.00405	0.39492	0.00690	0.00452	0.00915
167	0.01037	0.00754	0.00975	0.00929	0.01103	0.00693	0.00693	0.01370	0.02055	0.02888	0.63392	0.08163	0.10030	0.01566	0.00878	0.00237	0.00355	0.01382	0.00806	0.00693
168	0.01966	0.71721	0.06364	0.01302	0.01954	0.02892	0.01325	0.02228	0.01511	0.01769	0.01043	0.01205	0.00952	0.00638	0.00485	0.00162	0.00805	0.00403	0.00317	0.00958
169	0.00895	0.00753	0.00776	0.00770	0.01013	0.00634	0.00578	0.01099	0.01733	0.02104	0.13716	0.06983	0.62721	0.01844	0.00877	0.00249	0.00373	0.01544	0.00702	0.00634

[dist]
# distance from previous block
# <min> <max>
0	1

[block]
# block no. 1 follows, 27 sequences, length 21
# corresponding to MSA columns:
# 221-241
name=unknown_B
#
# <colnr> <probs for GDERKNQSTAVLIFYWHMCP>
#	G	D	E	R	K	N	Q	S	T	A	V	L	I	F	Y	W	H	M	C	P
0	0.01553	0.01363	0.01720	0.01229	0.01894	0.01046	0.05059	0.01902	0.01553	0.02416	0.01331	0.01569	0.01101	0.00555	0.00571	0.00119	0.00594	0.00468	0.00436	0.73522
1	0.07476	0.01505	0.06022	0.01352	0.01929	0.01282	0.01172	0.11193	0.02165	0.42649	0.07801	0.02461	0.02008	0.00909	0.00722	0.00220	0.00652	0.00728	0.00786	0.06968
2	0.02508	0.01869	0.02011	0.01595	0.02118	0.02057	0.01297	0.53854	0.08122	0.04218	0.02334	0.07496	0.04971	0.01057	0.00766	0.00232	0.00749	0.00834	0.00737	0.01175
3	0.01424	0.01289	0.02096	0.52322	0.09528	0.01564	0.01849	0.01868	0.01507	0.02041	0.04101	0.03833	0.01401	0.00848	0.00843	0.00245	0.05446	0.00723	0.06239	0.00832
4	0.00924	0.00760	0.00820	0.00842	0.01073	0.00656	0.00648	0.01136	0.01706	0.02077	0.10160	0.09575	0.56025	0.01897	0.00897	0.00262	0.00412	0.08799	0.00695	0.00636
5	0.01539	0.01319	0.01539	0.01100	0.01759	0.00990	0.00880	0.01869	0.01539	0.02419	0.01319	0.01539	0.01100	0.00550	0.00550	0.00110	0.00550	0.00440	0.00440	0.78449
6	0.01765	0.01765	0.02749	0.25864	0.41149	0.06919	0.04731	0.02212	0.01658	0.02209	0.01357	0.01852	0.01098	0.00694	0.00738	0.00228	0.00965	0.00656	0.00357	0.01033
7	0.01985	0.02100	0.02416	0.05758	0.10399	0.17572	0.05418	0.06651	0.01651	0.02132	0.01180	0.01633	0.01028	0.00982	0.01477	0.00260	0.32769	0.00620	0.00379	0.03592
8	0.00904	0.00673	0.00843	0.00969	0.01062	0.00612	0.00663	0.01054	0.01505	0.01959	0.07250	0.56622	0.18780	0.02200	0.00930	0.00288	0.00416	0.01965	0.00694	0.00612
9	0.01590	0.01586	0.02326	0.01967	0.02024	0.02148	0.05678	0.01789	0.01180	0.01819	0.01084	0.01745	0.01050	0.01577	0.07477	0.00385	0.62752	0.00675	0.00333	0.00813
10	0.01556	0.01532	0.02233	0.07223	0.02190	0.02081	0.03714	0.01769	0.01189	0.01808	0.01118	0.01791	0.01067	0.01656	0.09008	0.00402	0.57853	0.00672	0.00334	0.00805
11	0.00902	0.00654	0.00853	0.01012	0.01071	0.00605	0.00680	0.01036	0.01442	0.01903	0.04351	0.68411	0.09758	0.02292	0.00942	0.00298	0.00427	0.02069	0.00689	0.00605
12	0.05233	0.00816	0.01025	0.01013	0.01202	0.00767	0.00738	0.01637	0.01712	0.12509	0.21983	0.32504	0.04545	0.03873	0.00927	0.00271	0.00448	0.01464	0.06593	0.00742
13	0.02034	0.01991	0.02698	0.03681	0.48544	0.10373	0.01989	0.07756	0.08804	0.02603	0.01566	0.01869	0.01270	0.00729	0.00730	0.00220	0.00902	0.00658	0.00440	0.01144
14	0.01539	0.01319	0.01539	0.01100	0.01759	0.00990	0.00880	0.01869	0.01539	0.02419	0.01319	0.01539	0.01100	0.00550	0.00550	0.00110	0.00550	0.00440	0.00440	0.78449
15	0.00950	0.00798	0.00830	0.00814	0.01065	0.00701	0.00613	0.01259	0.05293	0.02178	0.14435	0.06723	0.58174	0.01791	0.00871	0.00249	0.00384	0.01502	0.00708	0.00665
16	0.01254	0.01043	0.01454	0.04203	0.04225	0.03127	0.01114	0.01523	0.01265	0.01836	0.01797	0.02598	0.01646	0.04138	0.49144	0.00900	0.11946	0.00748	0.05321	0.00718
17	0.07812	0.01346	0.02163	0.59128	0.04522	0.01655	0.04076	0.01927	0.01464	0.02052	0.01321	0.01925	0.01005	0.00759	0.00783	0.00247	0.03751	0.00646	0.02593	0.00825
18	0.06129	0.01701	0.01717	0.01427	0.01846	0.07242	0.01117	0.33808	0.02461	0.03337	0.02072	0.13278	0.01923	0.07707	0.03758	0.00305	0.00799	0.00887	0.00624	0.07862
19	0.02075	0.01906	0.06644	0.01775	0.06980	0.08979	0.01366	0.11515	0.30137	0.08665	0.04336	0.08107	0.02132	0.01033	0.00758	0.00240	0.00739	0.00854	0.00665	0.01096
20	0.09258	0.02040	0.09586	0.01560	0.02187	0.01901	0.01389	0.40526	0.02657	0.03795	0.01569	0.01683	0.01159	0.00858	0.00761	0.03089	0.00776	0.00592	0.00603	0.14012

[dist]
# distance from previous block
# <min> <max>
0	13

[block]
# block no. 2 follows, 27 sequences, length 112
# corresponding to MSA columns:
# 255-366
name=unknown_C
#
# <colnr> <probs for GDERKNQSTAVLIFYWHMCP>
#	G	D	E	R	K	N	Q	S	T	A	V	L	I	F	Y	W	H	M	C	P
0	0.01874	0.01959	0.06560	0.07190	0.49573	0.04306	0.09430	0.05655	0.01790	0.02486	0.01412	0.01827	0.01146	0.00679	0.00748	0.00225	0.00953	0.00673	0.00384	0.01129
1	0.01516	0.03605	0.62059	0.02199	0.03229	0.01756	0.08289	0.02335	0.01569	0.02335	0.01335	0.01607	0.00958	0.00718	0.00778	0.00239	0.03493	0.00581	0.00319	0.01079
2	0.01872	0.01842	0.02940	0.06671	0.63640	0.05374	0.02227	0.02301	0.01705	0.02376	0.01381	0.01816	0.01158	0.00670	0.00732	0.00220	0.00909	0.00652	0.00367	0.01148
3	0.74857	0.01569	0.04908	0.01039	0.01534	0.01669	0.00911	0.02192	0.01280	0.03277	0.01050	0.01226	0.00812	0.00690	0.00473	0.00230	0.00603	0.00410	0.00451	0.00820
4	0.01134	0.00769	0.00881	0.00871	0.00900	0.00781	0.00518	0.03497	0.01191	0.01594	0.02395	0.08227	0.02725	0.64575	0.06408	0.00700	0.00763	0.01106	0.00471	0.00497
5	0.01437	0.01363	0.02383	0.62256	0.04817	0.01634	0.08542	0.01939	0.01514	0.01981	0.01382	0.02013	0.01040	0.00735	0.00747	0.00245	0.00990	0.00683	0.03460	0.00837
6	0.00883	0.00731	0.00774	0.00809	0.01018	0.00622	0.00589	0.01059	0.01638	0.01983	0.06831	0.20478	0.56090	0.01970	0.00891	0.00261	0.00387	0.01676	0.00689	0.00622
7	0.01776	0.01409	0.01442	0.01278	0.01652	0.07319	0.01000	0.04712	0.22877	0.09956	0.15643	0.03932	0.12535	0.01214	0.00785	0.00234	0.00593	0.04276	0.00715	0.06652
8	0.01846	0.01595	0.01679	0.01511	0.01930	0.01846	0.01175	0.03945	0.67938	0.03105	0.03022	0.02770	0.02266	0.01007	0.00755	0.00252	0.00588	0.00839	0.00755	0.01175
9	0.01777	0.44844	0.31585	0.01624	0.02453	0.02430	0.01887	0.02277	0.01533	0.02000	0.01158	0.01348	0.00948	0.00664	0.00572	0.00191	0.00921	0.00460	0.00316	0.01013
10	0.01788	0.01524	0.01987	0.01453	0.02093	0.01331	0.08774	0.14130	0.01929	0.02824	0.01509	0.03740	0.01245	0.00675	0.00636	0.00153	0.00680	0.00583	0.00496	0.52449
11	0.04083	0.05557	0.02364	0.27442	0.03279	0.09296	0.06461	0.11429	0.01852	0.04875	0.04270	0.01941	0.01316	0.00874	0.00983	0.00243	0.11706	0.00668	0.00443	0.00920
12	0.01911	0.01598	0.01692	0.01488	0.01916	0.01821	0.01167	0.12040	0.54699	0.03266	0.05186	0.02901	0.04896	0.01043	0.00762	0.00247	0.00602	0.00862	0.00753	0.01150
13	0.00921	0.00659	0.00876	0.01022	0.01080	0.00614	0.00690	0.01076	0.01499	0.02019	0.11487	0.65678	0.05149	0.02234	0.00939	0.00294	0.00422	0.02023	0.00704	0.00614
14	0.02298	0.04743	0.02337	0.01738	0.02243	0.01960	0.10131	0.36786	0.05483	0.06021	0.06072	0.02256	0.01732	0.03710	0.00957	0.00248	0.04770	0.00754	0.04671	0.01089
15	0.10192	0.01928	0.02038	0.01582	0.02147	0.02125	0.01305	0.55220	0.03140	0.07529	0.01787	0.01797	0.01268	0.00872	0.00707	0.00222	0.00768	0.00647	0.03527	0.01197
16	0.00975	0.00752	0.00866	0.00840	0.01032	0.00669	0.00614	0.01218	0.01817	0.02388	0.34674	0.06202	0.34625	0.08699	0.01158	0.00288	0.00398	0.01418	0.00724	0.00643
17	0.00904	0.00646	0.00861	0.01034	0.01077	0.00603	0.00689	0.01034	0.01421	0.01895	0.04092	0.73426	0.04910	0.02326	0.00948	0.00301	0.00431	0.02110	0.00689	0.00603
18	0.01748	0.01991	0.04315	0.03092	0.03820	0.01890	0.64560	0.02360	0.01733	0.02360	0.01485	0.01991	0.01122	0.00647	0.00925	0.00253	0.03472	0.00869	0.00374	0.00995
19	0.04065	0.00743	0.00966	0.00972	0.01025	0.00780	0.00673	0.01206	0.01173	0.01755	0.02017	0.14397	0.02090	0.08583	0.02139	0.37981	0.04542	0.00928	0.13478	0.00488
20	0.02417	0.01412	0.01666	0.01383	0.01849	0.01457	0.01106	0.10722	0.26555	0.28672	0.11733	0.02938	0.02627	0.01029	0.00767	0.00238	0.00599	0.00852	0.00825	0.01155
21	0.02437	0.01766	0.02071	0.01568	0.02155	0.01807	0.03623	0.37386	0.02651	0.10690	0.01731	0.01796	0.01261	0.00812	0.00776	0.00199	0.04102	0.00622	0.00647	0.21901
22	0.02013	0.71788	0.03825	0.01294	0.01920	0.05404	0.01276	0.02250	0.01530	0.01749	0.01036	0.01196	0.00953	0.00640	0.00483	0.00160	0.00814	0.00400	0.00320	0.00949
23	0.02154	0.40215	0.20363	0.01498	0.02238	0.02220	0.01608	0.02563	0.01659	0.16872	0.01526	0.01581	0.01144	0.00716	0.00594	0.00194	0.00836	0.00513	0.00449	0.01058
24	0.09069	0.03279	0.52305	0.02304	0.09115	0.01734	0.07334	0.02330	0.01563	0.02455	0.01322	0.01590	0.00963	0.00694	0.00697	0.00234	0.01038	0.00569	0.00337	0.01069
25	0.01044	0.00759	0.00982	0.00927	0.01105	0.00697	0.00695	0.01387	0.02085	0.02937	0.66377	0.05611	0.09540	0.01533	0.00876	0.00234	0.00351	0.01352	0.00812	0.00697
26	0.01402	0.01319	0.02227	0.72126	0.05113	0.01649	0.02062	0.01897	0.01484	0.01897	0.01319	0.01979	0.00990	0.00742	0.00742	0.00247	0.00990	0.00660	0.00330	0.00825
27	0.01837	0.01764	0.03013	0.04557	0.69279	0.01764	0.02278	0.02278	0.01690	0.02425	0.01396	0.01837	0.01176	0.00661	0.00735	0.00220	0.00882	0.00661	0.00367	0.01176
28	0.01117	0.00998	0.05752	0.01265	0.01479	0.00830	0.01106	0.01435	0.01662	0.02191	0.08314	0.21496	0.10026	0.01969	0.00964	0.00311	0.00609	0.37118	0.00669	0.00691
29	0.02508	0.01139	0.01497	0.01220	0.01659	0.01038	0.00980	0.02972	0.07848	0.43652	0.23012	0.03467	0.03448	0.01109	0.00787	0.00233	0.00542	0.00936	0.00874	0.01084
30	0.01061	0.00795	0.01193	0.01193	0.01326	0.00928	0.00928	0.01326	0.01193	0.01723	0.01988	0.02916	0.01856	0.05568	0.70968	0.01193	0.01988	0.00795	0.00398	0.00663
31	0.01050	0.00765	0.00868	0.00863	0.01084	0.00662	0.00639	0.01264	0.01749	0.05920	0.18187	0.17207	0.43418	0.01831	0.00881	0.00254	0.00394	0.01567	0.00726	0.00672
32	0.01700	0.01924	0.08113	0.16086	0.26691	0.01786	0.28139	0.02254	0.01669	0.02305	0.01420	0.01911	0.01106	0.00665	0.00791	0.00238	0.01065	0.00740	0.00360	0.01036
33	0.75578	0.01466	0.01144	0.01011	0.01476	0.01695	0.00832	0.05209	0.01368	0.03394	0.01069	0.01233	0.00825	0.00699	0.00473	0.00229	0.00586	0.00414	0.00473	0.00825
34	0.02730	0.03407	0.02115	0.01906	0.02282	0.65616	0.01441	0.05365	0.02119	0.01925	0.01165	0.01367	0.00969	0.00791	0.00741	0.00198	0.04102	0.00492	0.00394	0.00874
35	0.02822	0.02079	0.02228	0.01708	0.02302	0.02302	0.01411	0.66804	0.03490	0.04679	0.01782	0.01782	0.01262	0.00891	0.00743	0.00223	0.00817	0.00668	0.00743	0.01262
36	0.01255	0.00854	0.01086	0.00988	0.01208	0.00802	0.00753	0.04921	0.02160	0.06502	0.59600	0.05253	0.08811	0.01468	0.00862	0.00233	0.00390	0.01285	0.00814	0.00756
37	0.01539	0.01319	0.01539	0.01100	0.01759	0.00990	0.00880	0.01869	0.01539	0.02419	0.01319	0.01539	0.01100	0.00550	0.00550	0.00110	0.00550	0.00440	0.00440	0.78449
38	0.01586	0.01605	0.02403	0.17674	0.02827	0.04482	0.09019	0.01882	0.01364	0.01927	0.03708	0.04225	0.01344	0.01121	0.01711	0.00290	0.40895	0.00744	0.00364	0.00827
39	0.03315	0.01288	0.01738	0.01332	0.01907	0.01127	0.01101	0.05516	0.02166	0.67837	0.02894	0.02504	0.01820	0.00918	0.00746	0.00229	0.00637	0.00744	0.00914	0.01263
40	0.02773	0.03538	0.02104	0.01913	0.02295	0.70930	0.01434	0.02964	0.02104	0.01817	0.01148	0.01339	0.00956	0.00765	0.00669	0.00191	0.01339	0.00478	0.00383	0.00861
41	0.01134	0.00953	0.01293	0.01285	0.01337	0.01112	0.00964	0.01301	0.01424	0.01991	0.10744	0.42119	0.06048	0.01913	0.01380	0.00299	0.21860	0.01570	0.00596	0.00677
42	0.30463	0.13530	0.18579	0.03591	0.06372	0.01789	0.01499	0.02307	0.01525	0.08269	0.04823	0.01690	0.01298	0.00747	0.00593	0.00220	0.00761	0.00538	0.00449	0.00956
43	0.01044	0.00759	0.00984	0.00927	0.01105	0.00698	0.00695	0.01389	0.02086	0.02942	0.66649	0.05604	0.09265	0.01531	0.00876	0.00234	0.00351	0.01351	0.00813	0.00698
44	0.00904	0.00646	0.00861	0.01034	0.01077	0.00603	0.00689	0.01034	0.01421	0.01895	0.04092	0.73426	0.04910	0.02326	0.00948	0.00301	0.00431	0.02110	0.00689	0.00603
45	0.01879	0.52569	0.13652	0.01802	0.09869	0.02594	0.01621	0.02231	0.01524	0.01917	0.01117	0.01339	0.00977	0.00675	0.00617	0.00184	0.03654	0.00460	0.00323	0.00995
46	0.01841	0.02022	0.07602	0.11891	0.49039	0.07774	0.04545	0.02303	0.01696	0.02304	0.01365	0.01797	0.01117	0.00682	0.00733	0.00223	0.00963	0.00645	0.00361	0.01096
47	0.00904	0.00646	0.00861	0.01034	0.01077	0.00603	0.00689	0.01034	0.01421	0.01895	0.04092	0.73426	0.04910	0.02326	0.00948	0.00301	0.00431	0.02110	0.00689	0.00603
48	0.00885	0.00747	0.00766	0.00773	0.01010	0.00628	0.00575	0.01076	0.01693	0.02035	0.09569	0.10532	0.63399	0.01890	0.00881	0.00253	0.00378	0.01587	0.00694	0.00628
