[name]
unknown

[dist]
# distance from previous block
# <min> <max>
25	83

[block]
# block no. 0 follows, 29 sequences, length 8
# corresponding to MSA columns:
# 96-103
name=unknown_A
#
# <colnr> <probs for GDERKNQSTAVLIFYWHMCP>
#	G	D	E	R	K	N	Q	S	T	A	V	L	I	F	Y	W	H	M	C	P
0	0.02341	0.14358	0.02275	0.01564	0.04149	0.02103	0.01281	0.46197	0.02758	0.03689	0.04595	0.02078	0.01541	0.00878	0.00676	0.00206	0.00737	0.03388	0.04101	0.01087
1	0.02341	0.16902	0.07255	0.01609	0.02231	0.02204	0.04409	0.43565	0.02656	0.03544	0.01497	0.01577	0.01115	0.00763	0.00654	0.00197	0.00802	0.00577	0.00569	0.05533
2	0.08971	0.25228	0.02475	0.01393	0.01951	0.02234	0.01216	0.35883	0.02433	0.06602	0.01679	0.01709	0.03694	0.00797	0.00613	0.00196	0.00732	0.00572	0.00566	0.01056
3	0.09297	0.34801	0.12240	0.01495	0.02142	0.02331	0.04093	0.21061	0.01987	0.02725	0.01254	0.01387	0.00991	0.00693	0.00574	0.00190	0.00806	0.00494	0.00436	0.01006
4	0.02449	0.18775	0.06590	0.01566	0.02173	0.02314	0.01398	0.49256	0.02807	0.03717	0.01521	0.01568	0.01125	0.00788	0.00652	0.00200	0.00794	0.00575	0.00595	0.01134
5	0.05483	0.45805	0.05957	0.01371	0.01970	0.05549	0.01293	0.18174	0.01944	0.04775	0.01242	0.01345	0.01008	0.00688	0.00544	0.00177	0.00788	0.00465	0.00431	0.00992
6	0.02657	0.10478	0.02280	0.01556	0.02129	0.02176	0.01310	0.54693	0.03010	0.10097	0.01724	0.01707	0.01226	0.00829	0.00683	0.00207	0.00765	0.00617	0.00680	0.01176
7	0.01940	0.56097	0.10754	0.01485	0.04862	0.02575	0.01426	0.09841	0.01682	0.02092	0.01119	0.01273	0.00956	0.00646	0.00521	0.00170	0.00799	0.00437	0.00354	0.00972

[dist]
# distance from previous block
# <min> <max>
0	3

[block]
# block no. 1 follows, 29 sequences, length 71
# corresponding to MSA columns:
# 107-177
name=unknown_B
#
# <colnr> <probs for GDERKNQSTAVLIFYWHMCP>
#	G	D	E	R	K	N	Q	S	T	A	V	L	I	F	Y	W	H	M	C	P
0	0.01605	0.17907	0.48384	0.01813	0.02720	0.01830	0.04520	0.02251	0.01517	0.04811	0.01284	0.01479	0.00953	0.00659	0.00631	0.00204	0.00951	0.00509	0.00333	0.05640
1	0.07505	0.01373	0.04345	0.01297	0.01846	0.01201	0.01105	0.09649	0.02097	0.54684	0.05577	0.02373	0.01840	0.00884	0.00704	0.00220	0.00625	0.00708	0.00812	0.01155
2	0.01683	0.02557	0.28155	0.02485	0.05780	0.04812	0.30393	0.02289	0.01591	0.04878	0.01372	0.01723	0.01024	0.00702	0.00892	0.00237	0.07405	0.00678	0.00355	0.00988
3	0.01831	0.09159	0.10711	0.02385	0.05410	0.01800	0.36482	0.09256	0.01840	0.06633	0.04231	0.03920	0.01421	0.00733	0.00761	0.00226	0.00994	0.00776	0.00442	0.00992
4	0.02351	0.02533	0.01929	0.01931	0.09350	0.42697	0.01339	0.07011	0.04962	0.07329	0.01718	0.10371	0.01538	0.00934	0.00695	0.00207	0.01015	0.00714	0.00479	0.00897
5	0.01260	0.03341	0.07303	0.01532	0.01841	0.01132	0.13196	0.01658	0.05488	0.04066	0.03040	0.37861	0.05659	0.01569	0.00927	0.00267	0.04633	0.03908	0.00558	0.00761
6	0.01559	0.02023	0.13358	0.07037	0.03445	0.01685	0.47446	0.02134	0.01598	0.02197	0.01578	0.07319	0.01316	0.00760	0.00859	0.00244	0.03277	0.00865	0.00370	0.00929
7	0.00856	0.00664	0.00781	0.00874	0.01002	0.00588	0.00609	0.01005	0.01477	0.01864	0.05359	0.45010	0.33284	0.02044	0.00880	0.00268	0.00390	0.01797	0.00661	0.00588
8	0.01593	0.02219	0.18993	0.05921	0.10195	0.01732	0.38873	0.02194	0.01607	0.02250	0.03258	0.01887	0.01188	0.00678	0.00849	0.00236	0.04256	0.00742	0.00354	0.00975
9	0.02322	0.01551	0.01733	0.01445	0.01920	0.01686	0.01156	0.17473	0.38597	0.20065	0.02622	0.02397	0.01867	0.00921	0.00720	0.00230	0.00621	0.00748	0.00761	0.01166
10	0.00868	0.00620	0.00826	0.00991	0.01033	0.00578	0.00661	0.00991	0.01363	0.01818	0.03925	0.74510	0.04710	0.02231	0.00909	0.00289	0.00413	0.02024	0.00661	0.00578
11	0.01510	0.03074	0.48781	0.02354	0.05325	0.01714	0.19874	0.02239	0.01539	0.02244	0.01310	0.01624	0.00958	0.00676	0.00783	0.00232	0.03807	0.00616	0.00318	0.01020
12	0.02465	0.01703	0.01855	0.01501	0.01997	0.03596	0.01214	0.33435	0.21746	0.16360	0.02246	0.02145	0.01603	0.01062	0.03487	0.00258	0.00744	0.00702	0.00726	0.01155
13	0.01512	0.11517	0.55581	0.02056	0.03019	0.01802	0.10383	0.02244	0.01518	0.02193	0.01265	0.01513	0.00925	0.00660	0.00672	0.00219	0.01038	0.00548	0.00308	0.01026
14	0.00876	0.00626	0.00834	0.00986	0.01035	0.00584	0.00662	0.01013	0.01404	0.01882	0.08035	0.70216	0.04834	0.02183	0.00905	0.00285	0.00408	0.01979	0.00669	0.00584
15	0.02409	0.01577	0.01798	0.01448	0.01908	0.01684	0.01170	0.42671	0.02681	0.15366	0.02216	0.11835	0.01827	0.01395	0.06287	0.00297	0.00790	0.00852	0.00709	0.01080
16	0.02602	0.02003	0.01848	0.04774	0.02135	0.20712	0.01246	0.14305	0.15477	0.24336	0.02106	0.02015	0.01483	0.00846	0.00697	0.00214	0.00828	0.00647	0.00656	0.01071
17	0.02567	0.07811	0.04817	0.01795	0.02213	0.61923	0.01414	0.05728	0.02023	0.01882	0.01128	0.01303	0.00930	0.00729	0.00635	0.00185	0.01220	0.00465	0.00376	0.00857
18	0.01551	0.01263	0.01484	0.01064	0.01693	0.00953	0.00853	0.01866	0.01501	0.05316	0.01333	0.01518	0.01086	0.00543	0.00536	0.00110	0.00531	0.00435	0.00442	0.75922
19	0.05216	0.01734	0.01895	0.01499	0.01990	0.01917	0.01229	0.52368	0.02867	0.06054	0.01767	0.01892	0.01311	0.01447	0.10234	0.00337	0.00903	0.00651	0.03591	0.01098
20	0.02521	0.11184	0.02260	0.01924	0.06401	0.60147	0.01409	0.02725	0.01931	0.01772	0.01103	0.01298	0.00930	0.00714	0.00626	0.00182	0.01200	0.00461	0.00359	0.00854
21	0.01017	0.00763	0.01144	0.01144	0.01272	0.00890	0.00890	0.01272	0.01144	0.01653	0.01907	0.02797	0.01780	0.05340	0.72153	0.01144	0.01907	0.00763	0.00381	0.00636
22	0.01827	0.67784	0.06088	0.01244	0.01838	0.02647	0.01250	0.02080	0.01429	0.01696	0.01061	0.01265	0.00971	0.00925	0.05206	0.00221	0.00848	0.00411	0.00310	0.00901
23	0.05738	0.01250	0.01584	0.01275	0.01772	0.01179	0.01033	0.03364	0.14293	0.52859	0.02807	0.05676	0.01934	0.00949	0.00716	0.00227	0.00587	0.00779	0.00826	0.01151
24	0.01551	0.01560	0.02033	0.01771	0.01809	0.06130	0.01458	0.01721	0.01152	0.01707	0.01074	0.01707	0.01047	0.01763	0.11560	0.00415	0.59824	0.00632	0.00324	0.00763
25	0.00979	0.00711	0.00923	0.00903	0.01055	0.00655	0.00664	0.01276	0.01899	0.02656	0.57302	0.15907	0.09225	0.01589	0.00850	0.00235	0.00349	0.01409	0.00760	0.00655
26	0.01608	0.01923	0.08055	0.02854	0.06501	0.01696	0.55927	0.02179	0.01643	0.02247	0.01610	0.07276	0.01341	0.00728	0.00829	0.00242	0.01117	0.00899	0.00378	0.00945
27	0.01017	0.00763	0.01144	0.01144	0.01272	0.00890	0.00890	0.01272	0.01144	0.01653	0.01907	0.02797	0.01780	0.05340	0.72153	0.01144	0.01907	0.00763	0.00381	0.00636
28	0.00842	0.00721	0.00721	0.00721	0.00962	0.00601	0.00541	0.01022	0.01623	0.01924	0.07213	0.06853	0.70244	0.01803	0.00842	0.00240	0.00361	0.01503	0.00661	0.00601
29	0.01768	0.01661	0.02720	0.09319	0.58398	0.01709	0.02068	0.04831	0.06083	0.02414	0.01450	0.01829	0.01186	0.00671	0.00707	0.00215	0.00833	0.00646	0.00388	0.01105
30	0.01325	0.00783	0.01001	0.01034	0.01206	0.00736	0.00756	0.01604	0.04924	0.12805	0.06376	0.44167	0.08280	0.01796	0.00841	0.00265	0.00454	0.05366	0.05560	0.00720
31	0.00941	0.00674	0.00887	0.01025	0.01093	0.00642	0.00709	0.02909	0.01460	0.01951	0.06417	0.65883	0.04654	0.02147	0.00905	0.00287	0.00435	0.05712	0.00667	0.00604
32	0.01345	0.01266	0.02136	0.73264	0.04904	0.01582	0.01978	0.01819	0.01424	0.01819	0.01266	0.01898	0.00949	0.00712	0.00712	0.00237	0.00949	0.00633	0.00316	0.00791
33	0.01699	0.01709	0.04897	0.12492	0.58266	0.01681	0.04532	0.02147	0.01596	0.02262	0.01332	0.01777	0.01098	0.00644	0.00710	0.00216	0.00877	0.00638	0.00347	0.01079
34	0.01408	0.01354	0.04625	0.06775	0.02249	0.01331	0.14315	0.02274	0.20920	0.02376	0.05821	0.11571	0.05157	0.01272	0.00831	0.00264	0.00722	0.15285	0.00585	0.00866
35	0.62469	0.01339	0.01185	0.01012	0.01478	0.01472	0.00834	0.02408	0.01400	0.18681	0.01406	0.01446	0.00998	0.00711	0.00504	0.00220	0.00563	0.00461	0.00541	0.00872
36	0.01891	0.38501	0.26512	0.01580	0.02306	0.11607	0.01716	0.02319	0.01565	0.04478	0.01171	0.01333	0.00942	0.00659	0.00566	0.00184	0.00925	0.00453	0.00333	0.00961
37	0.00865	0.00705	0.00766	0.00788	0.00986	0.00605	0.00577	0.01053	0.01623	0.02011	0.13781	0.18332	0.51757	0.01838	0.00853	0.00247	0.00367	0.01568	0.00675	0.00605
38	0.01595	0.20334	0.50751	0.01863	0.02776	0.04657	0.04305	0.02250	0.01516	0.02101	0.01209	0.01424	0.00911	0.00661	0.00629	0.00207	0.00998	0.00500	0.00306	0.01008
39	0.01786	0.01750	0.02824	0.06876	0.65062	0.04758	0.02142	0.02200	0.01631	0.02282	0.01326	0.01747	0.01112	0.00642	0.00702	0.00211	0.00869	0.00627	0.00352	0.01102
40	0.00868	0.00620	0.00826	0.00991	0.01033	0.00578	0.00661	0.00991	0.01363	0.01818	0.03925	0.74510	0.04710	0.02231	0.00909	0.00289	0.00413	0.02024	0.00661	0.00578
41	0.01378	0.01304	0.02164	0.60957	0.04455	0.01572	0.05746	0.01965	0.06565	0.01938	0.01624	0.02145	0.03674	0.00766	0.00725	0.00238	0.00913	0.00691	0.00363	0.00819
42	0.01567	0.01978	0.15958	0.12083	0.08848	0.01575	0.31643	0.02115	0.01588	0.04846	0.01698	0.09620	0.01448	0.00818	0.00784	0.00239	0.01003	0.00859	0.00395	0.00937
43	0.03195	0.01212	0.01652	0.01267	0.01818	0.01047	0.01047	0.03470	0.02038	0.71026	0.02809	0.02424	0.01763	0.00881	0.00716	0.00220	0.00606	0.00716	0.00881	0.01212
44	0.01345	0.01266	0.02136	0.73264	0.04904	0.01582	0.01978	0.01819	0.01424	0.01819	0.01266	0.01898	0.00949	0.00712	0.00712	0.00237	0.00949	0.00633	0.00316	0.00791
45	0.01428	0.03683	0.71286	0.02030	0.03082	0.01654	0.02631	0.02255	0.01503	0.02255	0.01278	0.01503	0.00902	0.00677	0.00677	0.00226	0.01052	0.00526	0.00301	0.01052
46	0.03052	0.01421	0.01698	0.01335	0.01865	0.06215	0.01089	0.06367	0.05982	0.59138	0.02643	0.02323	0.01701	0.00874	0.00711	0.00219	0.00660	0.00699	0.00828	0.01179
47	0.01147	0.00820	0.01147	0.01311	0.01475	0.00820	0.01147	0.01475	0.01639	0.02131	0.03770	0.08032	0.04098	0.01967	0.00984	0.00328	0.00656	0.65741	0.00656	0.00656
48	0.02696	0.02325	0.02109	0.01685	0.02207	0.18736	0.01359	0.52717	0.03033	0.03839	0.01566	0.01609	0.01142	0.00826	0.00696	0.00207	0.00902	0.00598	0.00631	0.01120
49	0.02321	0.02191	0.28455	0.01737	0.06331	0.01336	0.01715	0.04753	0.01846	0.35571	0.05082	0.02138	0.01598	0.00813	0.00706	0.00222	0.00785	0.00661	0.00618	0.01122
50	0.00947	0.00739	0.00854	0.00906	0.01070	0.00678	0.00654	0.02946	0.03459	0.02039	0.09177	0.34980	0.33388	0.01918	0.00867	0.00262	0.00406	0.03411	0.00671	0.00628
51	0.01068	0.00744	0.00864	0.00844	0.00844	0.00783	0.00501	0.01078	0.01039	0.01401	0.02162	0.04467	0.02486	0.70400	0.03544	0.00667	0.05220	0.01010	0.00424	0.00453
52	0.01477	0.01266	0.01477	0.01055	0.01687	0.00949	0.00844	0.01793	0.01477	0.02320	0.01266	0.01477	0.01055	0.00527	0.00527	0.00105	0.00527	0.00422	0.00422	0.79328
53	0.00868	0.00620	0.00826	0.00991	0.01033	0.00578	0.00661	0.00991	0.01363	0.01818	0.03925	0.74510	0.04710	0.02231	0.00909	0.00289	0.00413	0.02024	0.00661	0.00578
54	0.02188	0.01737	0.01845	0.01533	0.02010	0.01966	0.01228	0.32465	0.39887	0.03651	0.02369	0.02235	0.01745	0.00916	0.00719	0.00229	0.00662	0.00732	0.00719	0.01164
55	0.01568	0.01311	0.01513	0.01096	0.01707	0.01048	0.00875	0.07333	0.01621	0.02477	0.01329	0.01582	0.01109	0.02563	0.00626	0.00130	0.00553	0.00457	0.00446	0.70655
56	0.02363	0.01926	0.15908	0.01516	0.02123	0.01536	0.01430	0.22373	0.07820	0.25315	0.02365	0.06636	0.03505	0.00948	0.00723	0.00226	0.00728	0.00765	0.00680	0.01116
57	0.01100	0.00785	0.01093	0.01257	0.01400	0.00778	0.01064	0.01393	0.01592	0.02077	0.03797	0.19401	0.04203	0.02012	0.00971	0.00321	0.00614	0.54844	0.00657	0.00642
58	0.01237	0.00618	0.00928	0.00928	0.00928	0.00618	0.00618	0.00928	0.00928	0.01237	0.01237	0.02165	0.01237	0.02474	0.02783	0.79283	0.00618	0.00618	0.00309	0.00309
59	0.01523	0.01651	0.03448	0.02551	0.03114	0.01575	0.51658	0.02024	0.01630	0.02219	0.04857	0.11916	0.01891	0.00917	0.00910	0.00251	0.03787	0.02771	0.00425	0.00881
60	0.01499	0.08684	0.56656	0.02110	0.03082	0.01760	0.11952	0.02250	0.01525	0.02216	0.01280	0.01537	0.00929	0.00661	0.00684	0.00222	0.01052	0.00561	0.00310	0.01029
61	0.01237	0.00618	0.00928	0.00928	0.00928	0.00618	0.00618	0.00928	0.00928	0.01237	0.01237	0.02165	0.01237	0.02474	0.02783	0.79283	0.00618	0.00618	0.00309	0.00309
62	0.02619	0.01160	0.01482	0.01190	0.01669	0.01048	0.00966	0.03070	0.09408	0.51206	0.03602	0.03237	0.13981	0.01055	0.00739	0.00226	0.00558	0.00866	0.00825	0.01094
63	0.01696	0.06007	0.02652	0.25423	0.41942	0.06015	0.02015	0.02109	0.01574	0.02095	0.01281	0.01739	0.01047	0.00663	0.00689	0.00214	0.00900	0.00608	0.00339	0.00992
64	0.01904	0.75404	0.03731	0.01218	0.01828	0.02818	0.01218	0.02132	0.01447	0.01675	0.00990	0.01142	0.00914	0.00609	0.00457	0.00152	0.00761	0.00381	0.00305	0.00914
65	0.01428	0.03683	0.71286	0.02030	0.03082	0.01654	0.02631	0.02255	0.01503	0.02255	0.01278	0.01503	0.00902	0.00677	0.00677	0.00226	0.01052	0.00526	0.00301	0.01052
66	0.02138	0.01064	0.01340	0.01154	0.01530	0.00995	0.00904	0.02641	0.12065	0.35612	0.07556	0.15846	0.11484	0.01284	0.00775	0.00238	0.00518	0.01094	0.00785	0.00977
67	0.02635	0.01899	0.02052	0.01596	0.02147	0.02093	0.01311	0.57443	0.10338	0.08247	0.01902	0.01853	0.01347	0.00868	0.00714	0.00217	0.00749	0.00663	0.00724	0.01202
68	0.01045	0.00694	0.00906	0.01017	0.01129	0.00641	0.00733	0.01211	0.01471	0.06165	0.04230	0.53451	0.12301	0.02062	0.00898	0.00284	0.00450	0.10007	0.00674	0.00630
69	0.09847	0.01748	0.01760	0.05883	0.02075	0.09387	0.01194	0.29312	0.07105	0.12399	0.04730	0.05337	0.04217	0.00945	0.00698	0.00220	0.00738	0.00736	0.00646	0.01023
70	0.02181	0.03729	0.01857	0.01464	0.01951	0.04925	0.01178	0.31833	0.21930	0.05327	0.04711	0.04339	0.01789	0.00909	0.00699	0.00211	0.00682	0.00721	0.00666	0.08897

[dist]
# distance from previous block
# <min> <max>
0	5

[block]
# block no. 2 follows, 29 sequences, length 87
# corresponding to MSA columns:
# 183-269
name=unknown_C
#
# <colnr> <probs for GDERKNQSTAVLIFYWHMCP>
#	G	D	E	R	K	N	Q	S	T	A	V	L	I	F	Y	W	H	M	C	P
0	0.06603	0.18365	0.46300	0.01755	0.02631	0.01945	0.02099	0.08359	0.01645	0.02401	0.01240	0.01425	0.00925	0.00678	0.00619	0.00209	0.00935	0.00498	0.00349	0.01020
1	0.15059	0.05304	0.01682	0.01287	0.01775	0.10491	0.01048	0.03053	0.06922	0.40292	0.04527	0.02127	0.01654	0.00839	0.00654	0.00214	0.00681	0.00640	0.00700	0.01052
2	0.01079	0.00787	0.00961	0.00951	0.01049	0.00797	0.00656	0.04540	0.01486	0.02013	0.16846	0.21421	0.09051	0.26928	0.05077	0.00445	0.03424	0.01313	0.00584	0.00592
3	0.02005	0.01615	0.08137	0.01366	0.01912	0.01383	0.01190	0.18027	0.04875	0.14123	0.01953	0.09155	0.01608	0.00900	0.00741	0.00195	0.03757	0.00720	0.00588	0.25751
4	0.07943	0.01619	0.12481	0.07975	0.02187	0.01320	0.01344	0.06019	0.09548	0.26771	0.10258	0.02701	0.02181	0.00938	0.00715	0.00230	0.00678	0.03414	0.00658	0.01019
5	0.00917	0.00724	0.00825	0.00800	0.01008	0.00633	0.00600	0.01167	0.01800	0.02344	0.35637	0.06160	0.41559	0.01646	0.00841	0.00233	0.00350	0.01406	0.00717	0.00633
6	0.01333	0.02944	0.52846	0.01828	0.02659	0.01434	0.04956	0.02022	0.01564	0.02294	0.10469	0.08724	0.02014	0.00917	0.00726	0.00232	0.00907	0.00776	0.00399	0.00956
7	0.01680	0.01670	0.05096	0.07592	0.59319	0.01616	0.02108	0.02113	0.01609	0.02282	0.01527	0.02258	0.01347	0.00746	0.00726	0.00223	0.00843	0.05803	0.00373	0.01070
8	0.00865	0.00632	0.00814	0.00960	0.01025	0.00581	0.00647	0.00995	0.01394	0.01830	0.04308	0.66621	0.12351	0.02181	0.00901	0.00284	0.00407	0.01963	0.00661	0.00581
9	0.01019	0.00755	0.01102	0.01102	0.01215	0.00867	0.00837	0.01244	0.01132	0.01622	0.01946	0.03011	0.01873	0.13324	0.64297	0.01092	0.01768	0.00794	0.00387	0.00612
10	0.01479	0.09661	0.62727	0.02002	0.03003	0.01758	0.05294	0.02246	0.01506	0.02207	0.01260	0.01491	0.00911	0.00668	0.00665	0.00220	0.01034	0.00527	0.00304	0.01037
11	0.01380	0.01298	0.02242	0.62914	0.06398	0.01559	0.06791	0.01856	0.01451	0.01905	0.01329	0.01931	0.01004	0.00707	0.00711	0.00234	0.00937	0.00650	0.03897	0.00807
12	0.80005	0.01377	0.01047	0.00936	0.01377	0.01597	0.00771	0.02093	0.01212	0.03195	0.00991	0.01157	0.00771	0.00661	0.00441	0.00220	0.00551	0.00386	0.00441	0.00771
13	0.01055	0.00725	0.00934	0.00915	0.01080	0.00662	0.00673	0.01330	0.01845	0.05421	0.47771	0.19642	0.12013	0.01624	0.00849	0.00239	0.00366	0.01436	0.00751	0.00669
14	0.02197	0.01552	0.01699	0.01372	0.01768	0.01680	0.01073	0.44619	0.02601	0.06389	0.02051	0.08029	0.01824	0.18210	0.01405	0.00331	0.00726	0.00843	0.00650	0.00981
15	0.01845	0.66582	0.12041	0.01318	0.01982	0.02674	0.01392	0.02147	0.01454	0.01747	0.01025	0.01187	0.00912	0.00617	0.00484	0.00161	0.00797	0.00399	0.00304	0.00931
16	0.01017	0.00763	0.01144	0.01144	0.01272	0.00890	0.00890	0.01272	0.01144	0.01653	0.01907	0.02797	0.01780	0.05340	0.72153	0.01144	0.01907	0.00763	0.00381	0.00636
17	0.00985	0.00797	0.01278	0.01266	0.01400	0.00747	0.09416	0.01179	0.01416	0.01891	0.03596	0.62291	0.04213	0.02008	0.00903	0.00284	0.00526	0.04550	0.00622	0.00631
18	0.02707	0.01995	0.02137	0.01638	0.02208	0.02208	0.01353	0.68159	0.03348	0.04488	0.01710	0.01710	0.01211	0.00855	0.00712	0.00214	0.00784	0.00641	0.00712	0.01211
19	0.01050	0.00743	0.00929	0.00873	0.01069	0.00670	0.00658	0.01352	0.01936	0.05040	0.54925	0.05532	0.19552	0.01507	0.00836	0.00227	0.00350	0.01312	0.00762	0.00676
20	0.02378	0.01677	0.01875	0.01413	0.02001	0.01681	0.01159	0.39984	0.02612	0.11438	0.01697	0.01719	0.01225	0.00755	0.00655	0.00181	0.00683	0.00581	0.00641	0.25645
21	0.00868	0.00620	0.00826	0.00991	0.01033	0.00578	0.00661	0.00991	0.01363	0.01818	0.03925	0.74510	0.04710	0.02231	0.00909	0.00289	0.00413	0.02024	0.00661	0.00578
22	0.01237	0.00618	0.00928	0.00928	0.00928	0.00618	0.00618	0.00928	0.00928	0.01237	0.01237	0.02165	0.01237	0.02474	0.02783	0.79283	0.00618	0.00618	0.00309	0.00309
23	0.01372	0.00832	0.00976	0.06685	0.01326	0.00903	0.00749	0.05497	0.01547	0.02537	0.02196	0.06202	0.01827	0.01249	0.05989	0.00260	0.03560	0.00736	0.54855	0.00704
24	0.01839	0.65667	0.12903	0.01329	0.01998	0.02660	0.01410	0.02149	0.01455	0.01754	0.01029	0.01191	0.00912	0.00618	0.00487	0.00162	0.00801	0.00400	0.00304	0.00933
25	0.01018	0.00760	0.01130	0.01130	0.01252	0.00882	0.00872	0.01262	0.01140	0.01642	0.01920	0.02870	0.01812	0.08050	0.69487	0.01127	0.01860	0.00774	0.00383	0.00628
26	0.00864	0.00634	0.00812	0.00954	0.01023	0.00582	0.00644	0.00996	0.01399	0.01832	0.04380	0.65142	0.13784	0.02172	0.00900	0.00282	0.00406	0.01952	0.00661	0.00582
27	0.02563	0.04871	0.02193	0.02038	0.10180	0.39435	0.01449	0.21500	0.02337	0.04854	0.01356	0.01495	0.01054	0.00758	0.00666	0.00196	0.01052	0.00538	0.00479	0.00987
28	0.01032	0.00703	0.00840	0.00840	0.00862	0.00725	0.00511	0.01076	0.01054	0.01428	0.02186	0.04338	0.02449	0.62954	0.15455	0.00769	0.00900	0.00988	0.00423	0.00467
29	0.01067	0.00744	0.00943	0.00929	0.01112	0.00678	0.00707	0.01347	0.01835	0.05379	0.41875	0.13415	0.17908	0.01631	0.00856	0.00244	0.00391	0.07530	0.00739	0.00670
30	0.01456	0.01540	0.03143	0.15997	0.03417	0.01518	0.42119	0.01939	0.01569	0.02102	0.01897	0.16216	0.01770	0.00943	0.00829	0.00249	0.00997	0.01034	0.00411	0.00853
31	0.01488	0.06487	0.59626	0.02228	0.08360	0.01714	0.05860	0.02246	0.01519	0.02237	0.01279	0.01530	0.00929	0.00666	0.00678	0.00222	0.01031	0.00544	0.00308	0.01048
32	0.01520	0.01345	0.01512	0.01360	0.01500	0.08537	0.01058	0.07816	0.01434	0.01978	0.01628	0.02505	0.01547	0.14835	0.21503	0.00574	0.21269	0.00721	0.06643	0.00716
33	0.01898	0.66083	0.09373	0.01315	0.01951	0.05845	0.01345	0.02175	0.01477	0.01727	0.01019	0.01179	0.00913	0.00621	0.00484	0.00160	0.00810	0.00397	0.00307	0.00922
34	0.01515	0.01441	0.04757	0.01338	0.01969	0.01105	0.08623	0.04218	0.01563	0.02368	0.01422	0.04832	0.01222	0.00631	0.00593	0.00138	0.00631	0.00554	0.00431	0.60647
35	0.02083	0.01626	0.04713	0.01614	0.05390	0.01651	0.01279	0.39190	0.02545	0.05257	0.02307	0.12737	0.02138	0.04329	0.00898	0.00260	0.00721	0.09600	0.00655	0.01005
36	0.00988	0.00727	0.00925	0.00875	0.01052	0.00664	0.00657	0.01306	0.01970	0.02747	0.62818	0.05498	0.14126	0.01496	0.00840	0.00226	0.00339	0.01313	0.00770	0.00664
37	0.01433	0.01311	0.02140	0.51012	0.06206	0.01598	0.05183	0.03543	0.01462	0.01992	0.01346	0.01920	0.01046	0.00778	0.00882	0.00238	0.09069	0.00645	0.07389	0.00809
38	0.11891	0.12995	0.27299	0.01747	0.02463	0.01769	0.10595	0.02453	0.09293	0.07501	0.01624	0.01933	0.01253	0.00756	0.00657	0.00222	0.00859	0.03269	0.00434	0.00987
39	0.04746	0.00852	0.00959	0.02519	0.01161	0.00895	0.00689	0.07271	0.01549	0.04707	0.02257	0.07862	0.01994	0.10099	0.10219	0.00372	0.00655	0.00804	0.39689	0.00699
40	0.02405	0.01751	0.01909	0.01515	0.02025	0.01902	0.01229	0.47690	0.11900	0.07397	0.02068	0.07288	0.01621	0.00957	0.00719	0.00218	0.00704	0.00759	0.00704	0.05240
41	0.02033	0.01364	0.01598	0.01227	0.01756	0.01260	0.00990	0.17311	0.05569	0.15834	0.10912	0.02280	0.02035	0.00815	0.00657	0.00175	0.00577	0.00662	0.00638	0.32306
42	0.05589	0.26128	0.07845	0.01350	0.01918	0.01924	0.01246	0.08512	0.13775	0.19576	0.04101	0.01943	0.01555	0.00797	0.00620	0.00201	0.00690	0.00603	0.00579	0.01049
43	0.74038	0.04525	0.01182	0.00960	0.01411	0.01630	0.00800	0.02142	0.01250	0.05461	0.01054	0.01200	0.00811	0.00666	0.00451	0.00217	0.00562	0.00397	0.00450	0.00792
44	0.00861	0.00717	0.00751	0.00752	0.00976	0.00608	0.00560	0.01055	0.01653	0.02019	0.13818	0.09741	0.60473	0.01785	0.00844	0.00241	0.00360	0.01503	0.00674	0.00608
45	0.02447	0.01834	0.02072	0.01804	0.07816	0.02005	0.01355	0.56045	0.03009	0.04045	0.01896	0.08853	0.01547	0.00971	0.00731	0.00221	0.00752	0.00776	0.00677	0.01142
46	0.01745	0.01674	0.02859	0.07217	0.67822	0.01687	0.02177	0.02170	0.01613	0.02305	0.01336	0.01768	0.01121	0.00638	0.00705	0.00213	0.00850	0.00634	0.00351	0.01114
47	0.05706	0.01117	0.01492	0.01229	0.01684	0.00999	0.01013	0.02943	0.01924	0.52992	0.06377	0.06317	0.02408	0.01101	0.00755	0.00237	0.00588	0.09229	0.00821	0.01068
48	0.01345	0.01266	0.02136	0.73264	0.04904	0.01582	0.01978	0.01819	0.01424	0.01819	0.01266	0.01898	0.00949	0.00712	0.00712	0.00237	0.00949	0.00633	0.00316	0.00791
49	0.02482	0.20656	0.02444	0.01665	0.02112	0.48129	0.01335	0.09431	0.02017	0.02011	0.01137	0.01294	0.00947	0.00716	0.00605	0.00179	0.01106	0.00459	0.00388	0.00887
50	0.00871	0.00628	0.00826	0.00976	0.01031	0.00583	0.00656	0.01005	0.01397	0.01858	0.06349	0.69081	0.07735	0.02185	0.00903	0.00285	0.00408	0.01975	0.00665	0.00583
51	0.01035	0.00694	0.00793	0.00793	0.00799	0.00699	0.00452	0.01046	0.01040	0.01393	0.02228	0.04576	0.02552	0.71834	0.06716	0.00711	0.00745	0.01023	0.00429	0.00441
52	0.01428	0.03683	0.71286	0.02030	0.03082	0.01654	0.02631	0.02255	0.01503	0.02255	0.01278	0.01503	0.00902	0.00677	0.00677	0.00226	0.01052	0.00526	0.00301	0.01052
53	0.01393	0.01267	0.02057	0.66080	0.04566	0.01565	0.01872	0.03608	0.03573	0.01960	0.01373	0.01949	0.01031	0.00729	0.00703	0.00234	0.00907	0.00640	0.03688	0.00807
54	0.03195	0.01212	0.01652	0.01267	0.01818	0.01047	0.01047	0.03470	0.02038	0.71026	0.02809	0.02424	0.01763	0.00881	0.00716	0.00220	0.00606	0.00716	0.00881	0.01212
55	0.00874	0.00655	0.00812	0.00916	0.01018	0.00593	0.00633	0.01032	0.01488	0.01940	0.10903	0.51443	0.20997	0.02054	0.00886	0.00271	0.00393	0.01828	0.00672	0.00593
56	0.01607	0.01370	0.01481	0.01304	0.01703	0.01490	0.01014	0.03131	0.49948	0.02836	0.10576	0.02982	0.05362	0.01000	0.00717	0.00222	0.00524	0.00839	0.00689	0.11205
57	0.03195	0.01212	0.01652	0.01267	0.01818	0.01047	0.01047	0.03470	0.02038	0.71026	0.02809	0.02424	0.01763	0.00881	0.00716	0.00220	0.00606	0.00716	0.00881	0.01212
58	0.05495	0.01183	0.01555	0.01214	0.01728	0.01054	0.00997	0.03294	0.03706	0.61795	0.02715	0.02407	0.01746	0.00872	0.00691	0.00217	0.00582	0.00704	0.06893	0.01153
59	0.72849	0.01362	0.01103	0.00967	0.01418	0.01546	0.00797	0.02221	0.01289	0.09514	0.01161	0.01275	0.00864	0.00682	0.00466	0.00220	0.00556	0.00416	0.00482	0.00812
60	0.00894	0.00632	0.00824	0.00961	0.01001	0.00596	0.00632	0.01009	0.01342	0.01795	0.05846	0.63208	0.04499	0.11649	0.01259	0.00339	0.00447	0.01872	0.00635	0.00562
61	0.01558	0.01558	0.02181	0.01869	0.01869	0.02181	0.01558	0.01714	0.01091	0.01714	0.00935	0.01558	0.00935	0.01246	0.02337	0.00312	0.73672	0.00623	0.00312	0.00779
62	0.01003	0.00724	0.00926	0.00877	0.01033	0.00671	0.00644	0.01301	0.01907	0.02678	0.61129	0.05323	0.09034	0.08347	0.01100	0.00268	0.00370	0.01273	0.00746	0.00646
63	0.02554	0.01475	0.01723	0.01404	0.01901	0.01536	0.01133	0.15174	0.28388	0.32672	0.02647	0.02386	0.01824	0.00910	0.00719	0.00227	0.00621	0.00737	0.00790	0.01179
64	0.01493	0.08308	0.58130	0.02099	0.03079	0.01751	0.10896	0.02250	0.01522	0.02219	0.01279	0.01532	0.00926	0.00662	0.00683	0.00222	0.01052	0.00557	0.00309	0.01031
65	0.76052	0.01369	0.01078	0.00953	0.01400	0.01569	0.00785	0.02164	0.01254	0.06686	0.01085	0.01222	0.00822	0.00672	0.00455	0.00220	0.00554	0.00403	0.00463	0.00794
66	0.02241	0.02206	0.05375	0.01537	0.01964	0.22097	0.01255	0.29945	0.02386	0.02942	0.02019	0.02290	0.07084	0.07188	0.00993	0.00250	0.03237	0.00689	0.03362	0.00940
67	0.01688	0.01691	0.02644	0.26712	0.40510	0.06911	0.05404	0.02119	0.01589	0.02114	0.01303	0.01779	0.01051	0.00666	0.00709	0.00219	0.00931	0.00631	0.00342	0.00986
68	0.00882	0.00749	0.00840	0.06163	0.01265	0.00671	0.00663	0.01078	0.01575	0.01902	0.06354	0.15037	0.56793	0.01776	0.00840	0.00246	0.00411	0.01504	0.00636	0.00612
69	0.01251	0.00847	0.06172	0.01010	0.01088	0.00696	0.00768	0.01027	0.00971	0.01313	0.01240	0.02115	0.01212	0.02340	0.02626	0.73389	0.00651	0.00612	0.00309	0.00365
70	0.01520	0.13440	0.56751	0.01874	0.02817	0.01823	0.02323	0.02352	0.06545	0.02229	0.01359	0.01539	0.00998	0.00689	0.00650	0.00217	0.00976	0.00527	0.00333	0.01039
71	0.15253	0.01302	0.01542	0.01434	0.06766	0.04148	0.01047	0.05619	0.01830	0.36848	0.04256	0.12757	0.02059	0.01033	0.00698	0.00228	0.00616	0.00849	0.00705	0.01009
72	0.01073	0.00832	0.01275	0.01385	0.06435	0.00950	0.00987	0.01340	0.01180	0.01703	0.01865	0.02720	0.01732	0.04990	0.66827	0.01075	0.01828	0.00753	0.00379	0.00672
73	0.01384	0.01272	0.02039	0.58809	0.06651	0.01547	0.01844	0.01989	0.07765	0.01968	0.01607	0.02422	0.01304	0.00826	0.00733	0.00244	0.00888	0.05502	0.00381	0.00824
74	0.01570	0.06844	0.47959	0.02323	0.07986	0.01764	0.14566	0.04618	0.01608	0.02315	0.01313	0.01588	0.00963	0.00662	0.00699	0.00223	0.01040	0.00589	0.00330	0.01039
75	0.01066	0.00743	0.00876	0.00844	0.00908	0.00735	0.00521	0.01122	0.01082	0.01486	0.02128	0.04184	0.02371	0.60524	0.12154	0.00705	0.00834	0.00955	0.00424	0.06339
76	0.01453	0.03535	0.66187	0.02204	0.08110	0.01657	0.02598	0.02250	0.01512	0.02260	0.01282	0.01523	0.00919	0.00673	0.00679	0.00224	0.01037	0.00534	0.00305	0.01058
77	0.01614	0.02105	0.13570	0.02847	0.06954	0.01722	0.52374	0.02217	0.01639	0.02260	0.01518	0.04940	0.01212	0.00682	0.00813	0.00239	0.01128	0.00835	0.00364	0.00966
78	0.12759	0.07280	0.06947	0.01317	0.01877	0.01419	0.01175	0.08329	0.04801	0.40856	0.02265	0.02244	0.01560	0.00857	0.00667	0.00220	0.00659	0.02968	0.00707	0.01096
79	0.00928	0.00768	0.00820	0.00827	0.01046	0.00691	0.00612	0.01249	0.06659	0.02062	0.11437	0.15783	0.51053	0.01773	0.00842	0.00246	0.00381	0.01506	0.00676	0.00643
80	0.00943	0.00656	0.00850	0.00951	0.00999	0.00648	0.00634	0.01066	0.01268	0.01735	0.03223	0.46720	0.03737	0.18541	0.10869	0.00485	0.00667	0.01584	0.03866	0.00557
81	0.01592	0.11030	0.01910	0.04338	0.01818	0.01225	0.09830	0.01850	0.01556	0.14241	0.04878	0.32064	0.02879	0.01387	0.00827	0.00244	0.03004	0.01239	0.03280	0.00808
82	0.04659	0.01575	0.01594	0.01422	0.01829	0.04455	0.01109	0.05576	0.57940	0.04982	0.02861	0.02650	0.04251	0.00967	0.00714	0.00237	0.00593	0.00792	0.00703	0.01091
83	0.00967	0.00803	0.00853	0.00859	0.01096	0.00733	0.00663	0.01318	0.07480	0.02022	0.06240	0.06558	0.53797	0.04300	0.00946	0.00267	0.00426	0.09366	0.00658	0.00648
84	0.01967	0.55957	0.08499	0.01291	0.01924	0.04582	0.01289	0.02250	0.01521	0.07579	0.01188	0.01306	0.00995	0.00635	0.00506	0.00161	0.00769	0.00425	0.00363	0.06792
85	0.04168	0.10080	0.41471	0.02187	0.11466	0.01748	0.05514	0.02235	0.01515	0.04894	0.01301	0.01548	0.00978	0.00686	0.00724	0.00215	0.04018	0.00544	0.00344	0.04364
86	0.02211	0.04841	0.07024	0.01504	0.02023	0.03674	0.01285	0.17477	0.34271	0.14336	0.02378	0.02228	0.01717	0.00885	0.00704	0.00226	0.00682	0.00707	0.00689	0.01137

[dist]
# distance from previous block
# <min> <max>
0	144

[block]
# block no. 3 follows, 29 sequences, length 39
# corresponding to MSA columns:
# 414-452
name=unknown_D
#
# <colnr> <probs for GDERKNQSTAVLIFYWHMCP>
#	G	D	E	R	K	N	Q	S	T	A	V	L	I	F	Y	W	H	M	C	P
0	0.01873	0.66615	0.06629	0.01264	0.01868	0.05148	0.01266	0.02132	0.01492	0.01751	0.03754	0.01330	0.01144	0.00650	0.00489	0.00160	0.00776	0.00426	0.00326	0.00907
1	0.01967	0.01243	0.01363	0.01174	0.01551	0.05383	0.00918	0.06230	0.12098	0.23593	0.09607	0.10302	0.16043	0.01233	0.00760	0.00227	0.00557	0.01030	0.00725	0.03996
2	0.04708	0.10863	0.25003	0.02381	0.07838	0.04857	0.26983	0.02232	0.01602	0.02240	0.03748	0.01752	0.01190	0.00667	0.00711	0.00220	0.01025	0.00655	0.00353	0.00973
3	0.05260	0.01769	0.16330	0.01425	0.02005	0.01299	0.01357	0.12461	0.02006	0.33085	0.04672	0.11095	0.01993	0.01012	0.00725	0.00229	0.00692	0.00834	0.00686	0.01065
4	0.01571	0.01496	0.02544	0.35984	0.40417	0.01641	0.02090	0.02017	0.01531	0.02094	0.01306	0.01825	0.01046	0.00670	0.00708	0.00223	0.00893	0.00634	0.00336	0.00973
5	0.06201	0.08468	0.53071	0.01883	0.02776	0.11352	0.02254	0.02317	0.01553	0.02200	0.01217	0.01428	0.00897	0.00679	0.00643	0.00214	0.01035	0.00499	0.00318	0.00995
6	0.01852	0.01735	0.02637	0.03789	0.57266	0.06061	0.01967	0.04443	0.01721	0.04936	0.01734	0.02052	0.05163	0.00726	0.00710	0.00212	0.00834	0.00677	0.00404	0.01084
7	0.01675	0.01905	0.04114	0.02952	0.03641	0.01817	0.65075	0.02256	0.01655	0.02256	0.01419	0.01905	0.01074	0.00628	0.00905	0.00243	0.04336	0.00831	0.00358	0.00953
8	0.00940	0.00725	0.00857	0.00824	0.01022	0.00643	0.00618	0.01212	0.01855	0.02474	0.44375	0.05947	0.32740	0.01598	0.00841	0.00231	0.00346	0.01376	0.00734	0.00643
9	0.01681	0.01921	0.04202	0.03001	0.03721	0.01801	0.67947	0.02281	0.01681	0.02281	0.01441	0.01921	0.01080	0.00600	0.00840	0.00240	0.01200	0.00840	0.00360	0.00960
10	0.01333	0.01231	0.02037	0.65190	0.04497	0.01535	0.01860	0.01777	0.01411	0.01843	0.01394	0.04819	0.01128	0.00798	0.00776	0.00240	0.03747	0.00689	0.02919	0.00778
11	0.00848	0.00722	0.00730	0.00728	0.00965	0.00604	0.00546	0.01034	0.01637	0.01957	0.09496	0.06797	0.67941	0.01791	0.00842	0.00240	0.00360	0.01495	0.00666	0.00604
12	0.01345	0.01266	0.02136	0.73264	0.04904	0.01582	0.01978	0.01819	0.01424	0.01819	0.01266	0.01898	0.00949	0.00712	0.00712	0.00237	0.00949	0.00633	0.00316	0.00791
13	0.05467	0.02371	0.01963	0.01634	0.02098	0.26566	0.01293	0.34904	0.07945	0.03290	0.04439	0.01766	0.01399	0.00839	0.00684	0.00206	0.00914	0.00608	0.00585	0.01030
14	0.00849	0.00694	0.00750	0.00795	0.00981	0.00595	0.00574	0.01014	0.01553	0.01895	0.06321	0.25211	0.52462	0.01919	0.00860	0.00254	0.00375	0.01644	0.00661	0.00595
15	0.01034	0.00695	0.00798	0.00798	0.00805	0.00702	0.00458	0.01049	0.01042	0.01396	0.02224	0.04552	0.02542	0.70962	0.07574	0.00717	0.00760	0.01020	0.00429	0.00443
16	0.01563	0.01573	0.02266	0.01917	0.01947	0.02165	0.04347	0.01737	0.01115	0.01737	0.00956	0.01573	0.00941	0.01219	0.02274	0.00309	0.70627	0.00632	0.00314	0.00787
17	0.01345	0.01266	0.02136	0.73264	0.04904	0.01582	0.01978	0.01819	0.01424	0.01819	0.01266	0.01898	0.00949	0.00712	0.00712	0.00237	0.00949	0.00633	0.00316	0.00791
18	0.01660	0.01859	0.03859	0.02809	0.03408	0.01865	0.56695	0.02185	0.01581	0.02185	0.01355	0.01859	0.01056	0.00710	0.01094	0.00252	0.13483	0.00804	0.00352	0.00930
19	0.00868	0.00620	0.00826	0.00991	0.01033	0.00578	0.00661	0.00991	0.01363	0.01818	0.03925	0.74510	0.04710	0.02231	0.00909	0.00289	0.00413	0.02024	0.00661	0.00578
20	0.02707	0.01995	0.02137	0.01638	0.02208	0.02208	0.01353	0.68159	0.03348	0.04488	0.01710	0.01710	0.01211	0.00855	0.00712	0.00214	0.00784	0.00641	0.00712	0.01211
21	0.00959	0.00722	0.00887	0.00855	0.01036	0.00650	0.00638	0.01247	0.01888	0.02573	0.51247	0.08487	0.23046	0.01577	0.00843	0.00231	0.00345	0.01373	0.00747	0.00650
22	0.01494	0.01281	0.01484	0.01077	0.01697	0.00997	0.00860	0.01908	0.05383	0.02358	0.01360	0.01545	0.01119	0.00553	0.00539	0.00113	0.00529	0.00444	0.00439	0.74821
23	0.01027	0.00831	0.01126	0.01180	0.01210	0.00939	0.00853	0.01154	0.01291	0.01779	0.03200	0.55825	0.03795	0.04546	0.01322	0.00308	0.16743	0.01678	0.00575	0.00618
24	0.02285	0.01440	0.07386	0.01474	0.05478	0.01238	0.01201	0.09087	0.05958	0.33402	0.15268	0.02938	0.05119	0.01009	0.00795	0.00225	0.03086	0.00828	0.00733	0.01050
25	0.02364	0.34386	0.02737	0.01535	0.02018	0.38034	0.01289	0.02573	0.01772	0.05744	0.01152	0.01289	0.00965	0.00689	0.00566	0.00172	0.01019	0.00440	0.00370	0.00886
26	0.01054	0.00759	0.01007	0.01140	0.01258	0.00742	0.00884	0.03858	0.01563	0.02055	0.03872	0.42416	0.06279	0.02056	0.00930	0.00301	0.00525	0.28006	0.00661	0.00636
27	0.04973	0.01939	0.08604	0.19938	0.11854	0.06650	0.01678	0.26459	0.02203	0.02998	0.01469	0.01740	0.01098	0.00756	0.00682	0.00216	0.00862	0.00606	0.04261	0.01010
28	0.02643	0.01864	0.02033	0.01568	0.02113	0.02034	0.01291	0.59572	0.03175	0.09227	0.05772	0.01971	0.01571	0.00892	0.00720	0.00215	0.00745	0.00684	0.00729	0.01180
29	0.01815	0.01537	0.01627	0.01444	0.01851	0.01765	0.01128	0.08620	0.61813	0.03090	0.05203	0.02679	0.02262	0.00975	0.00728	0.00239	0.00572	0.00810	0.00726	0.01117
30	0.00868	0.00620	0.00826	0.00991	0.01033	0.00578	0.00661	0.00991	0.01363	0.01818	0.03925	0.74510	0.04710	0.02231	0.00909	0.00289	0.00413	0.02024	0.00661	0.00578
31	0.01097	0.01027	0.04117	0.01300	0.01483	0.00981	0.06324	0.01437	0.06181	0.01965	0.03590	0.43593	0.10845	0.01790	0.01024	0.00278	0.08102	0.03585	0.00590	0.00693
32	0.02663	0.03815	0.01718	0.01325	0.01826	0.01362	0.01081	0.07722	0.19959	0.43784	0.05100	0.02499	0.01984	0.00913	0.00714	0.00223	0.00602	0.00744	0.00806	0.01160
33	0.01019	0.00758	0.01118	0.01118	0.01237	0.00876	0.00858	0.01255	0.01137	0.01634	0.01931	0.02929	0.01837	0.10265	0.67307	0.01112	0.01821	0.00782	0.00385	0.00621
34	0.01805	0.01706	0.02856	0.04247	0.67429	0.01715	0.02148	0.05183	0.01700	0.02425	0.01356	0.01760	0.01132	0.00644	0.00705	0.00212	0.00843	0.00635	0.00369	0.01132
35	0.02899	0.01307	0.01669	0.01311	0.01832	0.01231	0.01072	0.09760	0.09988	0.54041	0.05233	0.02489	0.01942	0.00910	0.00721	0.00222	0.00608	0.00740	0.00843	0.01182
36	0.01237	0.00618	0.00928	0.00928	0.00928	0.00618	0.00618	0.00928	0.00928	0.01237	0.01237	0.02165	0.01237	0.02474	0.02783	0.79283	0.00618	0.00618	0.00309	0.00309
37	0.01428	0.03683	0.71286	0.02030	0.03082	0.01654	0.02631	0.02255	0.01503	0.02255	0.01278	0.01503	0.00902	0.00677	0.00677	0.00226	0.01052	0.00526	0.00301	0.01052
38	0.01873	0.00989	0.01285	0.01133	0.01444	0.00927	0.00895	0.07694	0.02006	0.25525	0.26175	0.14607	0.04068	0.01373	0.00811	0.00241	0.00504	0.06788	0.00781	0.00883

[dist]
# distance from previous block
# <min> <max>
0	2

[block]
# block no. 4 follows, 29 sequences, length 9
# corresponding to MSA columns:
# 455-463
name=unknown_E
#
# <colnr> <probs for GDERKNQSTAVLIFYWHMCP>
#	G	D	E	R	K	N	Q	S	T	A	V	L	I	F	Y	W	H	M	C	P
0	0.01521	0.10628	0.55255	0.02264	0.12064	0.01776	0.02429	0.02233	0.01514	0.02206	0.01257	0.01502	0.00934	0.00664	0.00658	0.00216	0.00995	0.00526	0.00308	0.01049
1	0.01604	0.01769	0.03622	0.02668	0.03218	0.01782	0.51901	0.02095	0.01557	0.02151	0.01524	0.06843	0.01305	0.00823	0.01103	0.00256	0.13618	0.00884	0.00372	0.00903
2	0.68619	0.01361	0.01204	0.11406	0.01888	0.01595	0.00946	0.02054	0.01243	0.02996	0.01031	0.01264	0.00797	0.00668	0.00480	0.00223	0.00608	0.00421	0.00423	0.00774
3	0.10147	0.02163	0.01619	0.01426	0.01819	0.31593	0.01103	0.07156	0.08569	0.11804	0.02353	0.02341	0.09782	0.00914	0.00663	0.00206	0.00856	0.00671	0.03919	0.00895
4	0.01958	0.18980	0.02021	0.01277	0.01702	0.14422	0.01048	0.08414	0.01859	0.10193	0.09074	0.11294	0.05046	0.01020	0.00665	0.00195	0.00713	0.00810	0.00543	0.08768
5	0.01059	0.00912	0.01378	0.01301	0.01435	0.00951	0.07918	0.01254	0.01415	0.01911	0.06631	0.45639	0.10864	0.01831	0.01102	0.00279	0.11280	0.01603	0.00583	0.00655
6	0.02082	0.61643	0.03383	0.01298	0.01873	0.11243	0.01226	0.02308	0.01556	0.06249	0.01123	0.01244	0.00970	0.00642	0.00497	0.00161	0.00816	0.00412	0.00350	0.00923
7	0.01347	0.00949	0.01105	0.01015	0.01255	0.03249	0.00772	0.01832	0.09337	0.09553	0.45074	0.08054	0.10874	0.01387	0.00811	0.00229	0.00426	0.01203	0.00757	0.00771
8	0.15579	0.14192	0.26026	0.01632	0.02304	0.18536	0.01677	0.08235	0.01730	0.02407	0.01180	0.01354	0.00912	0.00693	0.00596	0.00202	0.00951	0.00473	0.00378	0.00942

[dist]
# distance from previous block
# <min> <max>
0	1

[block]
# block no. 5 follows, 29 sequences, length 35
# corresponding to MSA columns:
# 465-499
name=unknown_F
#
# <colnr> <probs for GDERKNQSTAVLIFYWHMCP>
#	G	D	E	R	K	N	Q	S	T	A	V	L	I	F	Y	W	H	M	C	P
0	0.04678	0.17402	0.02210	0.01392	0.01890	0.05543	0.01178	0.37339	0.02543	0.03388	0.07770	0.02107	0.04254	0.00878	0.00652	0.00199	0.00720	0.00659	0.04178	0.01019
1	0.02059	0.37246	0.04948	0.01416	0.01916	0.19245	0.01260	0.09097	0.03612	0.02073	0.01277	0.01477	0.01083	0.01057	0.06174	0.00249	0.00968	0.00484	0.03456	0.00902
2	0.01053	0.00791	0.01004	0.01081	0.01188	0.00800	0.00777	0.04557	0.04739	0.02084	0.07519	0.53652	0.07336	0.01984	0.00944	0.00280	0.03339	0.05555	0.00659	0.00655
3	0.01921	0.46743	0.05126	0.01300	0.01845	0.02366	0.01226	0.15320	0.01878	0.02374	0.07398	0.01867	0.04192	0.00800	0.00620	0.00181	0.02894	0.00568	0.00442	0.00941
4	0.54390	0.10771	0.01757	0.01664	0.15373	0.01770	0.01113	0.02117	0.01324	0.02828	0.01061	0.01277	0.00861	0.00649	0.00496	0.00210	0.00637	0.00435	0.00406	0.00861
5	0.01083	0.03411	0.01025	0.00916	0.01138	0.00827	0.00691	0.06827	0.01804	0.02337	0.21192	0.20098	0.32670	0.01687	0.00831	0.00241	0.00416	0.01448	0.00683	0.00676
6	0.02281	0.01619	0.01821	0.01427	0.01922	0.01709	0.01158	0.42515	0.02604	0.08657	0.01779	0.02002	0.01365	0.04763	0.09825	0.00338	0.00872	0.00649	0.00630	0.12064
7	0.02005	0.01532	0.01830	0.01402	0.01939	0.01514	0.03380	0.22469	0.07579	0.08115	0.01655	0.01776	0.01262	0.00884	0.02929	0.00208	0.05203	0.00580	0.00560	0.33179
8	0.01676	0.01806	0.02619	0.02115	0.02344	0.09665	0.18694	0.01948	0.01359	0.01869	0.01233	0.05266	0.01159	0.01072	0.01692	0.00278	0.43305	0.00731	0.00348	0.00821
9	0.01197	0.00816	0.01034	0.00958	0.01167	0.00773	0.00725	0.01642	0.07006	0.07254	0.56241	0.07169	0.08414	0.01419	0.00825	0.00228	0.00374	0.01246	0.00777	0.00736
10	0.03074	0.01273	0.01680	0.01284	0.01841	0.01129	0.01060	0.08223	0.02108	0.62691	0.02651	0.02324	0.01687	0.00862	0.00707	0.00214	0.00615	0.00696	0.00846	0.05036
11	0.02495	0.01767	0.01937	0.01519	0.02028	0.01924	0.01241	0.53629	0.05035	0.08622	0.08019	0.04644	0.01891	0.00962	0.00731	0.00219	0.00712	0.00757	0.00729	0.01138
12	0.02807	0.01377	0.01704	0.01344	0.01856	0.01341	0.01096	0.17290	0.08845	0.45685	0.04788	0.04657	0.01936	0.00945	0.00726	0.00223	0.00625	0.00768	0.00820	0.01166
13	0.01219	0.01086	0.01252	0.01229	0.01386	0.09631	0.00950	0.01464	0.01252	0.01664	0.01808	0.02612	0.01674	0.04775	0.63377	0.01026	0.01831	0.00726	0.00380	0.00659
14	0.01652	0.01953	0.08758	0.08761	0.17561	0.01750	0.44300	0.02223	0.01635	0.02252	0.01394	0.01855	0.01067	0.00622	0.00790	0.00233	0.01096	0.00758	0.00351	0.00988
15	0.01726	0.01654	0.02824	0.10439	0.64753	0.01682	0.02167	0.02153	0.01604	0.02282	0.01333	0.01774	0.01112	0.00641	0.00706	0.00214	0.00855	0.00634	0.00349	0.01098
16	0.03178	0.01239	0.01669	0.01280	0.01831	0.01087	0.01057	0.05719	0.02084	0.68713	0.02771	0.02399	0.01743	0.00880	0.00716	0.00220	0.00612	0.00713	0.00875	0.01212
17	0.01029	0.00978	0.05260	0.01338	0.01534	0.00818	0.09508	0.01272	0.01436	0.01930	0.03441	0.55177	0.03972	0.01909	0.00893	0.00283	0.00572	0.07387	0.00601	0.00661
18	0.01589	0.21720	0.43582	0.01974	0.02861	0.01974	0.12451	0.02228	0.01517	0.02111	0.01230	0.01476	0.00933	0.00647	0.00646	0.00209	0.01001	0.00538	0.00311	0.01003
19	0.04142	0.00837	0.01127	0.01274	0.01451	0.00841	0.01109	0.01481	0.01622	0.02163	0.03800	0.07723	0.06583	0.01911	0.00957	0.00320	0.00640	0.60712	0.00648	0.00658
20	0.01027	0.00749	0.01089	0.01131	0.01254	0.00835	0.00882	0.01278	0.01248	0.01771	0.02412	0.12241	0.02443	0.04362	0.51630	0.00899	0.01506	0.09424	0.03187	0.00632
21	0.02581	0.07299	0.02117	0.01750	0.02164	0.53828	0.01351	0.13027	0.05383	0.02225	0.01274	0.01407	0.01022	0.00756	0.00646	0.00189	0.01141	0.00499	0.00434	0.00905
