[name]
unknown

[dist]
# distance from previous block
# <min> <max>
1	69

[block]
# block no. 0 follows, 26 sequences, length 28
# corresponding to MSA columns:
# 80-107
name=unknown_A
#
# <colnr> <probs for GDERKNQSTAVLIFYWHMCP>
#	G	D	E	R	K	N	Q	S	T	A	V	L	I	F	Y	W	H	M	C	P
0	0.01622	0.01305	0.01641	0.01474	0.03912	0.04396	0.05531	0.06503	0.06462	0.07423	0.14293	0.07516	0.13285	0.09172	0.03745	0.00336	0.06762	0.01087	0.00630	0.02904
1	0.01152	0.01173	0.07225	0.01121	0.01341	0.03744	0.00894	0.01471	0.04514	0.02163	0.15086	0.28316	0.13356	0.13322	0.01368	0.00344	0.00574	0.01498	0.00642	0.00695
2	0.02118	0.14046	0.02163	0.05908	0.02113	0.05346	0.01260	0.06262	0.24321	0.12756	0.05940	0.02506	0.02015	0.04001	0.00969	0.00257	0.05576	0.00752	0.00633	0.01057
3	0.03785	0.07622	0.37389	0.02182	0.10719	0.01645	0.04116	0.02350	0.01668	0.09132	0.03672	0.08942	0.01665	0.00918	0.00741	0.00240	0.00926	0.00773	0.00449	0.01065
4	0.01848	0.15012	0.20430	0.01733	0.02369	0.06671	0.08576	0.02477	0.07982	0.08070	0.08493	0.02486	0.01986	0.07465	0.01008	0.00271	0.00898	0.00742	0.00494	0.00988
5	0.01279	0.00910	0.01116	0.01120	0.01287	0.00906	0.00816	0.10527	0.01936	0.02659	0.19690	0.38935	0.04801	0.03660	0.00975	0.00285	0.00488	0.03724	0.04143	0.00740
6	0.01312	0.00800	0.00897	0.00906	0.01044	0.00799	0.00635	0.05927	0.01591	0.02408	0.03024	0.21435	0.05590	0.13470	0.01338	0.03756	0.00488	0.01183	0.32733	0.00664
7	0.37809	0.01851	0.05080	0.04623	0.06146	0.08666	0.01230	0.08923	0.04526	0.08373	0.01782	0.01890	0.04581	0.00830	0.00622	0.00233	0.00752	0.00591	0.00534	0.00959
8	0.01827	0.02028	0.07124	0.13715	0.25547	0.07891	0.15329	0.04564	0.01770	0.02347	0.01720	0.02135	0.04565	0.00805	0.00887	0.00242	0.05334	0.00744	0.00397	0.01027
9	0.01244	0.00865	0.00983	0.00937	0.01202	0.00777	0.00707	0.01594	0.05926	0.08993	0.17844	0.12546	0.40086	0.01742	0.00882	0.00256	0.00424	0.01481	0.00756	0.00752
10	0.00924	0.00660	0.00880	0.01056	0.01100	0.00616	0.00704	0.01056	0.01452	0.01936	0.04181	0.72848	0.05017	0.02376	0.00968	0.00308	0.00440	0.02156	0.00704	0.00616
11	0.02079	0.69348	0.03859	0.01339	0.01972	0.07270	0.01308	0.02319	0.01580	0.01789	0.01062	0.01226	0.00974	0.00657	0.00499	0.00164	0.00846	0.00411	0.00329	0.00967
12	0.01863	0.01946	0.06238	0.11836	0.16174	0.01895	0.28238	0.08468	0.10405	0.02690	0.01711	0.02072	0.01299	0.00741	0.00813	0.00246	0.01035	0.00785	0.00459	0.01087
13	0.01514	0.04109	0.01439	0.01303	0.01504	0.12584	0.00999	0.04397	0.01567	0.02061	0.02242	0.14915	0.02213	0.03201	0.30691	0.00657	0.03529	0.00959	0.09371	0.00745
14	0.01593	0.01366	0.01582	0.01150	0.01808	0.01066	0.00918	0.02043	0.05685	0.02516	0.01457	0.01652	0.01198	0.00591	0.00575	0.00121	0.00564	0.00475	0.00470	0.73173
15	0.06003	0.67020	0.03748	0.01311	0.01940	0.05872	0.01281	0.02302	0.01555	0.01871	0.01060	0.01224	0.00966	0.00658	0.00494	0.00167	0.00824	0.00409	0.00335	0.00961
16	0.01001	0.00841	0.00970	0.05837	0.01396	0.00753	0.00738	0.01237	0.01705	0.02138	0.11742	0.10793	0.47354	0.01876	0.03158	0.00281	0.00496	0.01454	0.00664	0.05566
17	0.01777	0.01738	0.02798	0.14101	0.50235	0.04335	0.03820	0.02212	0.01714	0.02343	0.01850	0.02266	0.05901	0.00779	0.00764	0.00231	0.00909	0.00739	0.00394	0.01092
18	0.01852	0.01621	0.01841	0.01618	0.02053	0.01854	0.04554	0.03850	0.61426	0.03083	0.02968	0.02795	0.02240	0.01179	0.03319	0.00292	0.00688	0.00858	0.00738	0.01172
19	0.00931	0.00665	0.00886	0.01051	0.01102	0.00621	0.00705	0.01073	0.01484	0.01987	0.07118	0.69766	0.05115	0.02338	0.00965	0.00305	0.00436	0.02120	0.00710	0.00621
20	0.01808	0.01795	0.02913	0.21481	0.44991	0.05299	0.06205	0.02271	0.01699	0.02305	0.01400	0.01899	0.01138	0.00700	0.00758	0.00233	0.00977	0.00679	0.00367	0.01082
21	0.01910	0.01990	0.05239	0.06181	0.46551	0.08607	0.02050	0.02555	0.09896	0.02465	0.01823	0.02130	0.03664	0.00779	0.00751	0.00229	0.00905	0.00708	0.00434	0.01133
22	0.00962	0.00697	0.00898	0.01002	0.01089	0.00645	0.00686	0.01142	0.01609	0.02163	0.18187	0.50251	0.10347	0.05260	0.01073	0.00308	0.00431	0.01898	0.00722	0.00633
23	0.01619	0.01600	0.02245	0.01937	0.01946	0.02226	0.01609	0.01792	0.01166	0.01821	0.01069	0.01753	0.01059	0.01635	0.07280	0.00395	0.67018	0.00674	0.00337	0.00819
24	0.05758	0.01824	0.02001	0.01554	0.02114	0.01960	0.01279	0.46741	0.03054	0.16134	0.02060	0.02024	0.01435	0.00905	0.00728	0.00225	0.00749	0.00689	0.07547	0.01221
25	0.01904	0.01805	0.02673	0.25785	0.36707	0.06168	0.02105	0.09182	0.01886	0.02514	0.01428	0.01886	0.01135	0.00735	0.00750	0.00233	0.00959	0.00664	0.00406	0.01075
26	0.01005	0.00777	0.00833	0.00824	0.01053	0.00667	0.00605	0.01200	0.01726	0.04089	0.13109	0.10239	0.52235	0.06921	0.01105	0.00290	0.00417	0.01547	0.00707	0.00653
27	0.00977	0.00746	0.00821	0.00838	0.01008	0.00665	0.00588	0.01152	0.01625	0.02078	0.13279	0.15568	0.38263	0.14551	0.01418	0.00343	0.00450	0.01529	0.03483	0.00616

[dist]
# distance from previous block
# <min> <max>
1	2

[block]
# block no. 1 follows, 26 sequences, length 166
# corresponding to MSA columns:
# 110-275
name=unknown_B
#
# <colnr> <probs for GDERKNQSTAVLIFYWHMCP>
#	G	D	E	R	K	N	Q	S	T	A	V	L	I	F	Y	W	H	M	C	P
0	0.07492	0.07063	0.14453	0.05613	0.02923	0.01704	0.24524	0.02143	0.01600	0.02361	0.01644	0.08867	0.01451	0.00857	0.00825	0.00234	0.03858	0.00813	0.00411	0.11162
1	0.11770	0.17808	0.02280	0.03631	0.02012	0.18668	0.01288	0.06398	0.04296	0.02311	0.04076	0.01821	0.01392	0.01425	0.08909	0.00336	0.09660	0.00588	0.00436	0.00894
2	0.01040	0.00750	0.00975	0.03656	0.01259	0.00736	0.00747	0.03452	0.01481	0.01972	0.03732	0.57850	0.04407	0.12512	0.01370	0.00365	0.00518	0.01896	0.00657	0.00626
3	0.01537	0.01360	0.01906	0.33736	0.03253	0.04124	0.01581	0.04372	0.01595	0.02227	0.06591	0.02362	0.01665	0.01201	0.04565	0.00302	0.14634	0.00730	0.11438	0.00822
4	0.05474	0.01869	0.06053	0.01482	0.01912	0.10640	0.03519	0.22896	0.02235	0.05743	0.02045	0.02435	0.04191	0.06897	0.03126	0.06496	0.00853	0.00724	0.10476	0.00933
5	0.02651	0.18798	0.05157	0.01761	0.02263	0.44001	0.01453	0.06178	0.02070	0.07150	0.01327	0.01460	0.01061	0.00769	0.00652	0.00195	0.01153	0.00504	0.00435	0.00962
6	0.02172	0.01637	0.01831	0.01410	0.02012	0.01595	0.01138	0.22367	0.14239	0.08216	0.01934	0.01954	0.01448	0.00783	0.00676	0.00184	0.00660	0.00620	0.00640	0.34484
7	0.02630	0.01958	0.02189	0.01722	0.02225	0.02217	0.01418	0.50327	0.05756	0.06645	0.04528	0.02027	0.01556	0.00996	0.00987	0.00243	0.09938	0.00719	0.00714	0.01204
8	0.00925	0.00688	0.00862	0.00991	0.01086	0.00625	0.00678	0.01079	0.01540	0.02006	0.07602	0.56217	0.18445	0.02246	0.00950	0.00294	0.00425	0.02006	0.00710	0.00625
9	0.43024	0.01370	0.01435	0.07322	0.01946	0.01461	0.01032	0.02679	0.01646	0.25903	0.04294	0.01935	0.01442	0.00822	0.00612	0.00236	0.00636	0.00592	0.00633	0.00981
10	0.00935	0.00756	0.00831	0.00842	0.01056	0.00652	0.00620	0.01152	0.01776	0.02231	0.19232	0.15399	0.48050	0.01906	0.00905	0.00259	0.00386	0.01627	0.00730	0.00652
11	0.01877	0.01802	0.03079	0.04656	0.68612	0.01802	0.02328	0.02328	0.01727	0.02478	0.01427	0.01877	0.01201	0.00676	0.00751	0.00225	0.00901	0.00676	0.00375	0.01201
12	0.00932	0.00663	0.00878	0.01046	0.01088	0.00621	0.00693	0.01058	0.01437	0.01916	0.04103	0.69902	0.04919	0.05456	0.01094	0.00327	0.00453	0.02111	0.00693	0.00609
13	0.01193	0.00864	0.01182	0.01341	0.01523	0.00852	0.01165	0.01528	0.01745	0.02250	0.04343	0.08444	0.10067	0.02080	0.01034	0.00341	0.00670	0.57986	0.00699	0.00693
14	0.01483	0.01400	0.02366	0.63942	0.12408	0.01698	0.02132	0.01982	0.01541	0.01999	0.01357	0.02006	0.01033	0.00749	0.00758	0.00250	0.00999	0.00674	0.00341	0.00883
15	0.06516	0.01340	0.01740	0.01348	0.01914	0.01218	0.01110	0.08286	0.02238	0.58632	0.05553	0.02595	0.02009	0.00952	0.00755	0.00234	0.00645	0.00767	0.00900	0.01246
16	0.01084	0.00810	0.01205	0.01205	0.01336	0.00941	0.00931	0.01345	0.01215	0.01750	0.02045	0.03051	0.01927	0.08111	0.67957	0.01202	0.01985	0.00823	0.00408	0.00669
17	0.03342	0.01389	0.01821	0.01396	0.01985	0.01260	0.01153	0.11015	0.02335	0.61587	0.02855	0.02492	0.01809	0.00935	0.00762	0.00234	0.00668	0.00753	0.00918	0.01291
18	0.07044	0.01557	0.06908	0.01414	0.02020	0.01293	0.01242	0.09223	0.02210	0.51938	0.05320	0.02492	0.01913	0.00932	0.00749	0.00235	0.00685	0.00746	0.00846	0.01230
19	0.01319	0.00796	0.00948	0.07278	0.01349	0.00844	0.00737	0.01613	0.01502	0.02445	0.02578	0.13920	0.02381	0.07736	0.00996	0.00261	0.03112	0.00966	0.48530	0.00687
20	0.60719	0.01511	0.01512	0.06956	0.12315	0.01716	0.01156	0.02223	0.01377	0.03146	0.01137	0.01394	0.00896	0.00704	0.00536	0.00235	0.00669	0.00473	0.00445	0.00883
21	0.01669	0.14085	0.33394	0.02452	0.09085	0.01939	0.18048	0.02311	0.01642	0.02294	0.01509	0.05393	0.01243	0.00772	0.00743	0.00234	0.01056	0.00713	0.00362	0.01054
22	0.01422	0.01189	0.01393	0.01083	0.01605	0.00952	0.00848	0.01814	0.04359	0.02530	0.12568	0.06424	0.07453	0.00935	0.00669	0.00159	0.00511	0.00788	0.00556	0.52742
23	0.22939	0.01792	0.04494	0.09415	0.05127	0.09773	0.01307	0.07349	0.06172	0.15885	0.04199	0.02003	0.01479	0.00912	0.00767	0.03405	0.00789	0.00632	0.00576	0.00987
24	0.01403	0.01107	0.01234	0.01164	0.01417	0.03304	0.00893	0.10745	0.06658	0.02851	0.26379	0.16714	0.14938	0.01641	0.00885	0.00260	0.00521	0.06328	0.00751	0.00806
25	0.02555	0.01480	0.01735	0.01458	0.01956	0.01547	0.01163	0.03883	0.38567	0.32241	0.03045	0.02721	0.02122	0.00989	0.00768	0.00247	0.00620	0.00816	0.00845	0.01240
26	0.01432	0.01348	0.02275	0.71520	0.05224	0.01685	0.02107	0.01938	0.01517	0.01938	0.01348	0.02022	0.01011	0.00758	0.00758	0.00253	0.01011	0.00674	0.00337	0.00843
27	0.01675	0.01639	0.02831	0.03003	0.24985	0.01806	0.15667	0.02063	0.01517	0.02214	0.01461	0.02043	0.01260	0.01514	0.10438	0.00390	0.20064	0.00740	0.03719	0.00973
28	0.00978	0.00743	0.00901	0.00921	0.01090	0.00666	0.00668	0.01224	0.01833	0.02438	0.32246	0.23536	0.26236	0.01883	0.00914	0.00262	0.00388	0.01648	0.00759	0.00666
29	0.01103	0.00735	0.00827	0.00827	0.00827	0.00735	0.00460	0.01103	0.01103	0.01471	0.02390	0.04964	0.02758	0.73343	0.03861	0.00735	0.00735	0.01103	0.00460	0.00460
30	0.02042	0.68967	0.06000	0.01350	0.02004	0.05453	0.01352	0.02303	0.01566	0.01807	0.01069	0.01235	0.00973	0.00656	0.00501	0.00166	0.00842	0.00414	0.00327	0.00975
31	0.06534	0.08025	0.44041	0.09536	0.09892	0.01846	0.05188	0.02327	0.01589	0.02384	0.01333	0.01642	0.00991	0.00711	0.00703	0.00235	0.01039	0.00578	0.00340	0.01067
32	0.01220	0.00978	0.01018	0.00939	0.01225	0.00924	0.00711	0.09810	0.04424	0.02449	0.08808	0.06161	0.49435	0.07190	0.01100	0.00288	0.00478	0.01404	0.00701	0.00737
33	0.01626	0.01359	0.01564	0.01221	0.01754	0.01219	0.00961	0.04605	0.12041	0.02599	0.01827	0.04880	0.01566	0.03408	0.00821	0.00183	0.03669	0.00637	0.03675	0.50386
34	0.01639	0.15039	0.51123	0.02202	0.05785	0.01976	0.07352	0.02380	0.01611	0.02307	0.01327	0.01584	0.00987	0.00701	0.00697	0.00228	0.01074	0.00566	0.00328	0.01093
35	0.01640	0.01560	0.02650	0.40323	0.34799	0.01740	0.02210	0.02120	0.01615	0.02190	0.01385	0.01955	0.01100	0.00720	0.00755	0.00240	0.00960	0.00675	0.00355	0.01010
36	0.02772	0.08973	0.02289	0.01904	0.02315	0.65161	0.01453	0.02971	0.02103	0.01851	0.01163	0.01356	0.00977	0.00772	0.00669	0.00193	0.01325	0.00482	0.00386	0.00887
37	0.03574	0.00955	0.01078	0.01004	0.01221	0.04249	0.00758	0.01580	0.02089	0.04990	0.55978	0.05348	0.11318	0.01496	0.00867	0.00238	0.00427	0.01297	0.00795	0.00739
38	0.01319	0.00841	0.01025	0.00940	0.01201	0.00742	0.00719	0.01609	0.02001	0.11446	0.37912	0.05842	0.28335	0.01602	0.00878	0.00244	0.00405	0.01373	0.00802	0.00765
39	0.01042	0.00749	0.00829	0.00823	0.00913	0.00707	0.00518	0.01132	0.01383	0.01790	0.10436	0.05691	0.21641	0.46093	0.02731	0.00551	0.00599	0.01270	0.00566	0.00536
40	0.01095	0.00755	0.00918	0.00925	0.01011	0.00775	0.00623	0.01231	0.01269	0.01764	0.03003	0.07014	0.10413	0.36822	0.21281	0.00742	0.01001	0.01085	0.07703	0.00570
41	0.02833	0.03615	0.02149	0.01954	0.02345	0.70298	0.01466	0.03029	0.02149	0.01856	0.01172	0.01368	0.00977	0.00782	0.00684	0.00195	0.01368	0.00489	0.00391	0.00879
42	0.01074	0.00775	0.01014	0.00954	0.01133	0.00716	0.00716	0.01431	0.02147	0.03042	0.68211	0.05666	0.07157	0.01551	0.00895	0.00239	0.00358	0.01372	0.00835	0.00716
43	0.01246	0.00900	0.01240	0.01402	0.01586	0.00909	0.01222	0.01660	0.04091	0.02302	0.03983	0.08351	0.04292	0.02057	0.01038	0.00346	0.00695	0.61263	0.00701	0.00716
44	0.00911	0.00773	0.00788	0.00796	0.01048	0.00650	0.00604	0.01109	0.01730	0.02059	0.07526	0.07354	0.65544	0.01929	0.00903	0.00260	0.00398	0.04273	0.00704	0.00643
45	0.01432	0.01348	0.02275	0.71520	0.05224	0.01685	0.02107	0.01938	0.01517	0.01938	0.01348	0.02022	0.01011	0.00758	0.00758	0.00253	0.01011	0.00674	0.00337	0.00843
46	0.02883	0.02125	0.02276	0.01745	0.02352	0.02352	0.01442	0.66082	0.03566	0.04780	0.01821	0.01821	0.01290	0.00911	0.00759	0.00228	0.00835	0.00683	0.00759	0.01290
47	0.01084	0.00813	0.01219	0.01219	0.01354	0.00948	0.00948	0.01354	0.01219	0.01761	0.02032	0.02980	0.01896	0.05689	0.70337	0.01219	0.02032	0.00813	0.00406	0.00677
48	0.01079	0.00779	0.01022	0.00972	0.01150	0.00722	0.00735	0.01437	0.02131	0.03012	0.65702	0.05779	0.07048	0.01572	0.00901	0.00243	0.00371	0.03801	0.00830	0.00715
49	0.02784	0.03511	0.02127	0.01933	0.02325	0.66729	0.01452	0.03081	0.05545	0.01925	0.01272	0.01444	0.01047	0.00795	0.00689	0.00199	0.01328	0.00508	0.00411	0.00896
50	0.02772	0.03513	0.02159	0.01956	0.02326	0.66752	0.01476	0.02966	0.02098	0.01855	0.01163	0.01383	0.00978	0.00810	0.00778	0.00203	0.05050	0.00498	0.00388	0.00877
51	0.13850	0.01933	0.07444	0.16136	0.11612	0.07331	0.05127	0.02149	0.01472	0.02261	0.01203	0.01686	0.01003	0.00904	0.01235	0.00265	0.22489	0.00618	0.00367	0.00916
52	0.01161	0.00853	0.01258	0.03555	0.01400	0.00847	0.06728	0.01301	0.01326	0.01833	0.02735	0.24836	0.03025	0.27873	0.06376	0.05635	0.00750	0.01312	0.06600	0.00597
53	0.01113	0.00853	0.01262	0.01245	0.01369	0.01010	0.00968	0.01370	0.01212	0.01754	0.01991	0.02979	0.01879	0.07697	0.64739	0.01159	0.05503	0.00815	0.00404	0.00678
54	0.04327	0.02065	0.07634	0.19273	0.15812	0.11380	0.07333	0.04818	0.01680	0.02235	0.01354	0.01905	0.01125	0.03798	0.01137	0.00269	0.11854	0.00667	0.00380	0.00953
55	0.01897	0.51863	0.19303	0.01757	0.07350	0.02618	0.01730	0.02306	0.01570	0.01983	0.01155	0.01358	0.00988	0.00668	0.00562	0.00185	0.00891	0.00463	0.00327	0.01026
56	0.15247	0.01319	0.01659	0.01294	0.01862	0.01207	0.01069	0.03466	0.02033	0.58798	0.02688	0.02369	0.01711	0.00902	0.00717	0.00235	0.00636	0.00707	0.00865	0.01217
57	0.00927	0.00700	0.00848	0.00956	0.01068	0.00631	0.00656	0.01080	0.01547	0.01989	0.07260	0.47926	0.24478	0.04904	0.01054	0.00306	0.00431	0.01920	0.00699	0.00621
58	0.01256	0.01012	0.01563	0.06778	0.03952	0.01007	0.08988	0.04092	0.01629	0.02236	0.10960	0.29982	0.03674	0.13724	0.01384	0.00348	0.00655	0.01427	0.04612	0.00721
59	0.01048	0.00777	0.00984	0.00985	0.01166	0.00714	0.00754	0.01355	0.01962	0.02670	0.43689	0.11994	0.17731	0.01757	0.00921	0.00262	0.00413	0.09345	0.00783	0.00691
60	0.01095	0.00767	0.00986	0.00986	0.01041	0.00822	0.00658	0.01205	0.01150	0.01589	0.02244	0.04158	0.02408	0.45869	0.30857	0.00932	0.01262	0.00985	0.00438	0.00548
61	0.13799	0.01596	0.02508	0.18474	0.37302	0.01694	0.04537	0.02154	0.01615	0.02476	0.01742	0.02149	0.05239	0.00774	0.00723	0.00236	0.00859	0.00700	0.00402	0.01021
62	0.02202	0.19160	0.07714	0.01595	0.02146	0.12736	0.01402	0.11995	0.22384	0.05245	0.04660	0.02090	0.01721	0.00878	0.00690	0.00218	0.00835	0.00663	0.00579	0.01087
63	0.01209	0.00864	0.01208	0.01382	0.01551	0.00862	0.01200	0.01549	0.01733	0.02256	0.04023	0.11331	0.04393	0.02107	0.01044	0.00347	0.00687	0.60858	0.00699	0.00695
64	0.01867	0.01126	0.01295	0.01136	0.01432	0.01155	0.00873	0.17400	0.02122	0.10811	0.09167	0.12263	0.02766	0.06893	0.03887	0.00306	0.00616	0.01001	0.22999	0.00885
65	0.20682	0.07026	0.02190	0.05742	0.16016	0.04400	0.01458	0.14062	0.07543	0.09296	0.01643	0.01793	0.01243	0.00805	0.00718	0.00231	0.02918	0.00610	0.00547	0.01076
66	0.06961	0.03452	0.01763	0.10674	0.02099	0.03507	0.06271	0.05012	0.01552	0.02323	0.02092	0.06315	0.04569	0.09419	0.04053	0.00339	0.11942	0.00837	0.16036	0.00783
67	0.40730	0.14721	0.01930	0.01303	0.01775	0.13441	0.01091	0.02484	0.01554	0.08884	0.01252	0.01403	0.00983	0.00766	0.00655	0.00221	0.04967	0.00471	0.00466	0.00902
68	0.01064	0.00761	0.00924	0.00896	0.01015	0.00724	0.00613	0.01265	0.01669	0.02284	0.33744	0.05484	0.12457	0.28668	0.04849	0.00467	0.00571	0.01275	0.00661	0.00609
69	0.05046	0.12934	0.04829	0.14388	0.06936	0.12091	0.01523	0.15458	0.02155	0.06108	0.09605	0.02178	0.01854	0.00873	0.00710	0.00220	0.00880	0.00683	0.00528	0.01000
70	0.01642	0.01346	0.01580	0.01132	0.01803	0.01015	0.00907	0.01978	0.01596	0.04998	0.01410	0.01611	0.01152	0.00576	0.00569	0.00117	0.00565	0.00461	0.00468	0.75074
71	0.02028	0.73799	0.03975	0.01298	0.01947	0.03001	0.01298	0.02271	0.01541	0.01785	0.01055	0.01217	0.00973	0.00649	0.00487	0.00162	0.00811	0.00406	0.00324	0.00973
72	0.02037	0.02284	0.02174	0.01931	0.02082	0.26086	0.01556	0.02228	0.01555	0.01872	0.01299	0.02108	0.01258	0.01197	0.01740	0.00285	0.41467	0.05622	0.00382	0.00837
73	0.01085	0.00807	0.01189	0.01189	0.01314	0.00932	0.00911	0.01335	0.01210	0.01739	0.02059	0.03131	0.01962	0.10853	0.65263	0.01182	0.01933	0.00835	0.00410	0.00661
74	0.01887	0.01629	0.01715	0.01544	0.01972	0.01887	0.01201	0.04031	0.67241	0.03173	0.03087	0.02830	0.02315	0.01029	0.00772	0.00257	0.00600	0.00858	0.00772	0.01201
75	0.01082	0.00774	0.01042	0.01046	0.01130	0.00835	0.00738	0.01253	0.01259	0.01760	0.07324	0.07428	0.02772	0.30155	0.37036	0.00920	0.01346	0.01030	0.00474	0.00597
76	0.01554	0.01326	0.01552	0.01117	0.01772	0.01000	0.00892	0.01892	0.01595	0.02493	0.03887	0.01728	0.01353	0.00599	0.00574	0.00117	0.00554	0.00484	0.00464	0.75046
77	0.01498	0.00863	0.01054	0.00936	0.01175	0.00862	0.05551	0.04255	0.01681	0.02871	0.02378	0.02730	0.01859	0.00866	0.00567	0.00185	0.00442	0.00720	0.68753	0.00753
78	0.01280	0.00824	0.01063	0.00976	0.01200	0.00747	0.00741	0.01617	0.02112	0.09256	0.56653	0.05516	0.12049	0.01525	0.00882	0.00240	0.00388	0.01334	0.00833	0.00764
79	0.00924	0.00660	0.00880	0.01056	0.01100	0.00616	0.00704	0.01056	0.01452	0.01936	0.04181	0.72848	0.05017	0.02376	0.00968	0.00308	0.00440	0.02156	0.00704	0.00616
80	0.01877	0.01802	0.03079	0.04656	0.68612	0.01802	0.02328	0.02328	0.01727	0.02478	0.01427	0.01877	0.01201	0.00676	0.00751	0.00225	0.00901	0.00676	0.00375	0.01201
81	0.03403	0.01291	0.01760	0.01350	0.01936	0.01115	0.01115	0.03697	0.02171	0.69137	0.02992	0.02582	0.01878	0.00939	0.00763	0.00235	0.00645	0.00763	0.00939	0.01291
82	0.01591	0.00878	0.00896	0.00832	0.01061	0.00906	0.00640	0.09530	0.01829	0.03064	0.02396	0.02706	0.01865	0.00887	0.00558	0.00183	0.00412	0.00704	0.68285	0.00777
83	0.02647	0.01940	0.02084	0.01624	0.02150	0.02138	0.01312	0.57471	0.03240	0.04342	0.01896	0.02238	0.01484	0.10510	0.01170	0.00295	0.00822	0.00739	0.00719	0.01180
84	0.45849	0.01205	0.01083	0.03892	0.01472	0.01340	0.00807	0.02111	0.01487	0.06470	0.06657	0.02082	0.01655	0.00829	0.00544	0.00221	0.00530	0.00589	0.20367	0.00808
85	0.02731	0.02010	0.02167	0.01691	0.02255	0.02217	0.01384	0.61011	0.03401	0.04559	0.02005	0.07360	0.01581	0.01025	0.00775	0.00234	0.00804	0.00798	0.00755	0.01237
86	0.16990	0.38730	0.20135	0.01479	0.02212	0.02401	0.01596	0.04909	0.01590	0.02384	0.01165	0.01343	0.00953	0.00689	0.00554	0.00199	0.00848	0.00458	0.00370	0.00994
87	0.02702	0.12479	0.02375	0.01848	0.02282	0.56620	0.01435	0.05606	0.04234	0.02012	0.01246	0.01415	0.01033	0.00778	0.00665	0.00195	0.01249	0.00498	0.00410	0.00919
88	0.01055	0.00766	0.01002	0.01169	0.03901	0.00697	0.00769	0.01221	0.01533	0.04003	0.04487	0.55101	0.14588	0.02130	0.00928	0.00288	0.00460	0.01908	0.00689	0.03303
89	0.04730	0.01048	0.01565	0.29486	0.02797	0.01191	0.01290	0.03873	0.01538	0.02126	0.14597	0.02793	0.02329	0.01516	0.01475	0.24980	0.00745	0.00796	0.00454	0.00669
90	0.01302	0.00831	0.01048	0.00966	0.01195	0.00755	0.00729	0.01599	0.01983	0.10116	0.43476	0.05505	0.18010	0.05312	0.03546	0.00302	0.00475	0.01314	0.00787	0.00751
91	0.78701	0.01467	0.01115	0.00997	0.01467	0.01702	0.00821	0.02230	0.01291	0.03403	0.01056	0.01232	0.00821	0.00704	0.00469	0.00235	0.00587	0.00411	0.00469	0.00821
92	0.01121	0.00891	0.01340	0.03863	0.09782	0.00868	0.03119	0.01329	0.01499	0.02015	0.03531	0.50371	0.04092	0.06576	0.01123	0.00325	0.00581	0.06245	0.00625	0.00706
93	0.01804	0.02008	0.04256	0.03426	0.14133	0.01900	0.55864	0.02414	0.01780	0.02437	0.01518	0.02019	0.01159	0.00645	0.00872	0.00251	0.01219	0.00861	0.00382	0.01051
94	0.00996	0.00824	0.00881	0.00878	0.01117	0.00742	0.00653	0.01350	0.06751	0.02241	0.14122	0.13337	0.49710	0.01855	0.00894	0.00259	0.00403	0.01573	0.00725	0.00690
95	0.01659	0.01659	0.02323	0.01991	0.01991	0.02323	0.01659	0.01825	0.01162	0.01825	0.00996	0.01659	0.00996	0.01328	0.02489	0.00332	0.71955	0.00664	0.00332	0.00830
96	0.41539	0.04291	0.01352	0.01078	0.01514	0.01498	0.00884	0.07323	0.01735	0.12142	0.09575	0.02168	0.01890	0.00871	0.00590	0.00225	0.00570	0.00627	0.09224	0.00902
97	0.03056	0.01446	0.01822	0.01395	0.01980	0.01340	0.01147	0.15965	0.02396	0.48025	0.04836	0.02444	0.01873	0.00920	0.00749	0.00222	0.00666	0.00740	0.00855	0.08123
98	0.01638	0.00903	0.01180	0.01038	0.01324	0.00809	0.00804	0.01967	0.02120	0.19387	0.47227	0.05029	0.10672	0.01428	0.00862	0.00239	0.00431	0.01239	0.00850	0.00853
99	0.08948	0.00995	0.01125	0.01093	0.01315	0.01037	0.00809	0.03911	0.12039	0.02658	0.22074	0.20268	0.08969	0.06393	0.04658	0.00341	0.00567	0.01326	0.00700	0.00774
100	0.01775	0.01698	0.02894	0.20056	0.54012	0.01775	0.02277	0.02238	0.01679	0.02354	0.01409	0.01911	0.01158	0.00695	0.00753	0.00232	0.00926	0.00675	0.00367	0.01119
101	0.01232	0.00989	0.01407	0.08458	0.10094	0.00986	0.01059	0.01654	0.04117	0.02763	0.45917	0.04772	0.08027	0.04086	0.00972	0.00259	0.00515	0.01197	0.00705	0.00793
102	0.75900	0.01463	0.01157	0.03554	0.01603	0.01701	0.00868	0.02219	0.01299	0.03350	0.01067	0.01261	0.00828	0.00706	0.00480	0.00235	0.00602	0.00420	0.00465	0.00822
103	0.01007	0.00763	0.01084	0.01173	0.01247	0.00743	0.03407	0.01160	0.01445	0.01936	0.03847	0.60820	0.04557	0.06802	0.01203	0.00336	0.02857	0.04318	0.00663	0.00633
104	0.02176	0.53357	0.03486	0.01455	0.02035	0.06358	0.01357	0.12314	0.01862	0.02263	0.01177	0.01353	0.01025	0.00749	0.00693	0.00187	0.06275	0.00473	0.00397	0.01007
105	0.05353	0.01436	0.01611	0.01409	0.01769	0.01532	0.01098	0.32771	0.02507	0.05936	0.02850	0.30684	0.02888	0.01530	0.00840	0.00264	0.00653	0.03158	0.00729	0.00980
106	0.02476	0.12413	0.02270	0.01753	0.02161	0.45254	0.01371	0.02990	0.12248	0.02093	0.01505	0.01648	0.01227	0.00827	0.00732	0.00205	0.03745	0.00551	0.03599	0.00933
107	0.00930	0.00665	0.00886	0.01052	0.01102	0.00620	0.00705	0.01071	0.01481	0.01981	0.06794	0.70106	0.05104	0.02343	0.00965	0.00305	0.00437	0.02124	0.00709	0.00620
108	0.01100	0.00747	0.00888	0.00888	0.00909	0.00768	0.00535	0.01142	0.01121	0.01516	0.02334	0.04656	0.02624	0.62839	0.14182	0.00810	0.00937	0.01058	0.00451	0.00493
109	0.01122	0.00878	0.01028	0.00972	0.01204	0.00838	0.00734	0.01650	0.10035	0.02766	0.42387	0.05798	0.24553	0.01595	0.00880	0.00246	0.00395	0.01376	0.00789	0.00753
110	0.78701	0.01467	0.01115	0.00997	0.01467	0.01702	0.00821	0.02230	0.01291	0.03403	0.01056	0.01232	0.00821	0.00704	0.00469	0.00235	0.00587	0.00411	0.00469	0.00821
111	0.02833	0.03615	0.02149	0.01954	0.02345	0.70298	0.01466	0.03029	0.02149	0.01856	0.01172	0.01368	0.00977	0.00782	0.00684	0.00195	0.01368	0.00489	0.00391	0.00879
112	0.58312	0.01384	0.01173	0.01026	0.01474	0.01553	0.00839	0.05501	0.01519	0.08927	0.01445	0.01587	0.01083	0.00758	0.00517	0.00227	0.00573	0.00493	0.10739	0.00869
113	0.00924	0.00660	0.00880	0.01056	0.01100	0.00616	0.00704	0.01056	0.01452	0.01936	0.04181	0.72848	0.05017	0.02376	0.00968	0.00308	0.00440	0.02156	0.00704	0.00616
114	0.00998	0.00772	0.00910	0.00875	0.01087	0.00684	0.00657	0.01286	0.01970	0.02621	0.42545	0.06359	0.33086	0.01708	0.00895	0.00246	0.00369	0.01469	0.00780	0.00684
115	0.03140	0.01554	0.01903	0.01477	0.02057	0.01525	0.01214	0.21451	0.07535	0.45813	0.02667	0.02385	0.01744	0.00938	0.00762	0.00234	0.00696	0.00747	0.00875	0.01284
116	0.01203	0.00859	0.01200	0.01375	0.01541	0.00857	0.01189	0.01539	0.01727	0.02249	0.04027	0.12671	0.04407	0.02113	0.01043	0.00347	0.00682	0.59580	0.00699	0.00693
117	0.01084	0.00813	0.01219	0.01219	0.01354	0.00948	0.00948	0.01354	0.01219	0.01761	0.02032	0.02980	0.01896	0.05689	0.70337	0.01219	0.02032	0.00813	0.00406	0.00677
118	0.72713	0.01519	0.01207	0.01057	0.01537	0.01753	0.00870	0.07273	0.01471	0.03512	0.01117	0.01279	0.00858	0.00720	0.00492	0.00234	0.00606	0.00432	0.00492	0.00858
119	0.01877	0.01802	0.03079	0.04656	0.68612	0.01802	0.02328	0.02328	0.01727	0.02478	0.01427	0.01877	0.01201	0.00676	0.00751	0.00225	0.00901	0.00676	0.00375	0.01201
120	0.01414	0.00707	0.00707	0.00707	0.00884	0.00707	0.00530	0.01767	0.01591	0.02828	0.02474	0.02828	0.01944	0.00884	0.00530	0.00177	0.00353	0.00707	0.77554	0.00707
121	0.56023	0.01661	0.01547	0.08305	0.10157	0.06949	0.01180	0.02275	0.01432	0.03030	0.01139	0.01398	0.00898	0.00712	0.00548	0.00232	0.00726	0.00475	0.00439	0.00875
122	0.01451	0.00875	0.01031	0.06373	0.04671	0.00910	0.00768	0.04399	0.01598	0.02611	0.02295	0.03012	0.01936	0.12262	0.01092	0.00275	0.00511	0.00764	0.52437	0.00728
123	0.00924	0.00660	0.00880	0.01056	0.01100	0.00616	0.00704	0.01056	0.01452	0.01936	0.04181	0.72848	0.05017	0.02376	0.00968	0.00308	0.00440	0.02156	0.00704	0.00616
124	0.01541	0.01080	0.01443	0.04323	0.06937	0.01076	0.01065	0.09750	0.02134	0.07765	0.32351	0.14193	0.04760	0.01488	0.00875	0.00256	0.00551	0.06809	0.00745	0.00858
125	0.01605	0.13731	0.57349	0.02084	0.03123	0.01944	0.05311	0.02385	0.01601	0.02316	0.01325	0.01566	0.00971	0.00707	0.00695	0.00230	0.01084	0.00553	0.00324	0.01096
126	0.09151	0.01304	0.01711	0.01323	0.01900	0.01160	0.01092	0.03585	0.02104	0.64119	0.02845	0.02479	0.01797	0.00921	0.00740	0.00235	0.00641	0.00736	0.00903	0.01255
127	0.01433	0.01330	0.02262	0.63018	0.04843	0.01626	0.04668	0.01929	0.01520	0.01988	0.01429	0.02094	0.01090	0.00951	0.03475	0.00288	0.01035	0.00690	0.03494	0.00838
128	0.01608	0.01588	0.02906	0.15485	0.15259	0.01660	0.23120	0.03943	0.01677	0.02288	0.01944	0.13324	0.01840	0.01052	0.00983	0.00266	0.06625	0.03049	0.00442	0.00940
129	0.01172	0.00801	0.01043	0.00980	0.01180	0.00736	0.00746	0.01520	0.02115	0.05823	0.60332	0.05713	0.09476	0.01561	0.00895	0.00243	0.00384	0.03715	0.00829	0.00737
130	0.01000	0.00716	0.00919	0.01023	0.01061	0.00705	0.00673	0.01112	0.01392	0.01874	0.06971	0.50060	0.04435	0.20122	0.01738	0.00412	0.02756	0.01804	0.00638	0.00589
131	0.04862	0.52503	0.03398	0.01450	0.02037	0.16729	0.01325	0.06363	0.01782	0.02039	0.01126	0.01286	0.00988	0.00694	0.00543	0.00176	0.00919	0.00440	0.00370	0.00968
132	0.01635	0.06148	0.54299	0.02274	0.03303	0.01855	0.12470	0.04891	0.01705	0.02477	0.01395	0.01665	0.01004	0.00713	0.00741	0.00239	0.01123	0.00611	0.00347	0.01107
133	0.01209	0.00869	0.01203	0.01371	0.01549	0.00863	0.01195	0.01551	0.01745	0.02261	0.04170	0.08503	0.07045	0.02088	0.01041	0.00345	0.00685	0.60912	0.00699	0.00696
134	0.01778	0.01423	0.01647	0.01202	0.01847	0.01172	0.00967	0.09991	0.01863	0.04914	0.03883	0.01785	0.01387	0.00653	0.00605	0.00135	0.00591	0.00522	0.00518	0.63117
135	0.01636	0.01307	0.01685	0.15534	0.11057	0.03871	0.01302	0.10826	0.01920	0.02704	0.08343	0.02973	0.07245	0.01412	0.07073	0.00313	0.00817	0.00826	0.18277	0.00880
136	0.01455	0.01371	0.02315	0.68160	0.08410	0.01691	0.02118	0.01958	0.01527	0.01965	0.01352	0.02015	0.01021	0.00754	0.00758	0.00251	0.01006	0.00674	0.00339	0.00861
137	0.02028	0.73799	0.03975	0.01298	0.01947	0.03001	0.01298	0.02271	0.01541	0.01785	0.01055	0.01217	0.00973	0.00649	0.00487	0.00162	0.00811	0.00406	0.00324	0.00973
138	0.01046	0.00770	0.00978	0.00934	0.01118	0.00702	0.00698	0.01374	0.02068	0.02875	0.58179	0.08360	0.14818	0.01628	0.00898	0.00243	0.00364	0.01430	0.00814	0.00702
139	0.01055	0.00775	0.00988	0.00935	0.01122	0.00708	0.00701	0.01396	0.02103	0.02938	0.61903	0.05836	0.13530	0.01589	0.00895	0.00240	0.00361	0.01396	0.00821	0.00708
140	0.02883	0.02125	0.02276	0.01745	0.02352	0.02352	0.01442	0.66082	0.03566	0.04780	0.01821	0.01821	0.01290	0.00911	0.00759	0.00228	0.00835	0.00683	0.00759	0.01290
141	0.01325	0.00662	0.00967	0.00967	0.00980	0.00662	0.00649	0.01045	0.01032	0.01428	0.01403	0.02344	0.01364	0.02506	0.02786	0.72218	0.00636	0.00662	0.06004	0.00357
142	0.02833	0.03615	0.02149	0.01954	0.02345	0.70298	0.01466	0.03029	0.02149	0.01856	0.01172	0.01368	0.00977	0.00782	0.00684	0.00195	0.01368	0.00489	0.00391	0.00879
143	0.02923	0.02061	0.02237	0.01715	0.02320	0.02258	0.01417	0.61320	0.03460	0.09693	0.01910	0.01879	0.01335	0.00913	0.00759	0.00228	0.00820	0.00689	0.00773	0.01290
144	0.01148	0.00820	0.01137	0.01312	0.01454	0.00809	0.01094	0.01444	0.01673	0.02187	0.04057	0.24524	0.04527	0.02165	0.01028	0.00339	0.00634	0.48269	0.00700	0.00678
145	0.01074	0.00775	0.01014	0.00954	0.01133	0.00716	0.00716	0.01431	0.02147	0.03042	0.68211	0.05666	0.07157	0.01551	0.00895	0.00239	0.00358	0.01372	0.00835	0.00716
146	0.02867	0.01287	0.01671	0.01317	0.01824	0.01183	0.01073	0.10778	0.02335	0.47941	0.16090	0.03116	0.02878	0.01060	0.00789	0.00235	0.00610	0.00877	0.00896	0.01174
147	0.62635	0.01359	0.01138	0.01008	0.01448	0.01525	0.00822	0.02249	0.01449	0.08364	0.07451	0.01809	0.01532	0.00807	0.00533	0.00233	0.00561	0.00538	0.03695	0.00843
148	0.01097	0.00808	0.01198	0.01198	0.01335	0.00938	0.00931	0.01371	0.01234	0.01804	0.02050	0.02974	0.01898	0.05493	0.67488	0.01176	0.01963	0.00808	0.03556	0.00678
149	0.03106	0.01273	0.01699	0.01323	0.01864	0.01131	0.01085	0.06569	0.02238	0.58224	0.10510	0.02902	0.02461	0.01008	0.00778	0.00235	0.00622	0.00830	0.00918	0.01224
150	0.01776	0.02018	0.04386	0.05986	0.04016	0.01909	0.63254	0.02410	0.01779	0.02410	0.01527	0.02045	0.01145	0.00644	0.00890	0.00256	0.01268	0.00886	0.00382	0.01016
151	0.02762	0.03436	0.02161	0.05575	0.02495	0.63935	0.01498	0.05555	0.02175	0.01980	0.01208	0.01421	0.00992	0.00786	0.00691	0.00200	0.01327	0.00506	0.00403	0.00894
152	0.43825	0.01695	0.07344	0.06971	0.04579	0.01651	0.11384	0.02183	0.01489	0.02937	0.03873	0.02121	0.01381	0.00822	0.00642	0.00247	0.00781	0.04736	0.00459	0.00880
153	0.01483	0.01356	0.02344	0.42527	0.04015	0.01567	0.11947	0.01960	0.01569	0.02151	0.01709	0.02610	0.01409	0.00887	0.00863	0.00255	0.04646	0.05509	0.10351	0.00842
154	0.01103	0.00735	0.00827	0.00827	0.00827	0.00735	0.00460	0.01103	0.01103	0.01471	0.02390	0.04964	0.02758	0.73343	0.03861	0.00735	0.00735	0.01103	0.00460	0.00460
155	0.02059	0.58161	0.11192	0.01468	0.02142	0.10261	0.01487	0.02369	0.01615	0.01862	0.01102	0.01277	0.00972	0.00672	0.00535	0.00175	0.00907	0.00432	0.00331	0.00980
156	0.02024	0.56778	0.11729	0.01589	0.05017	0.05183	0.01536	0.04929	0.01661	0.02015	0.01143	0.01322	0.00995	0.00674	0.00545	0.00178	0.00873	0.00450	0.00346	0.01011
157	0.03403	0.01291	0.01760	0.01350	0.01936	0.01115	0.01115	0.03697	0.02171	0.69137	0.02992	0.02582	0.01878	0.00939	0.00763	0.00235	0.00645	0.00763	0.00939	0.01291
158	0.00923	0.00665	0.00875	0.01044	0.01097	0.00617	0.00699	0.01058	0.01464	0.01941	0.04333	0.70004	0.07763	0.02357	0.00965	0.00306	0.00438	0.02132	0.00704	0.00617
159	0.01667	0.12221	0.50579	0.04958	0.03198	0.05497	0.06956	0.02402	0.01632	0.02281	0.01325	0.01591	0.00979	0.00711	0.00704	0.00230	0.01103	0.00566	0.00330	0.01072
160	0.01140	0.00791	0.00987	0.00942	0.01147	0.00711	0.00704	0.01441	0.02002	0.06059	0.46651	0.11233	0.20023	0.01666	0.00894	0.00248	0.00385	0.01454	0.00801	0.00720
161	0.01414	0.00707	0.00707	0.00707	0.00884	0.00707	0.00530	0.01767	0.01591	0.02828	0.02474	0.02828	0.01944	0.00884	0.00530	0.00177	0.00353	0.00707	0.77554	0.00707
162	0.01601	0.01520	0.02579	0.46250	0.29180	0.01729	0.02190	0.02085	0.01596	0.02142	0.01378	0.01967	0.01083	0.00727	0.00756	0.00242	0.00970	0.00675	0.00352	0.00978
163	0.01584	0.06388	0.58808	0.02189	0.05966	0.01821	0.02601	0.02518	0.06615	0.02440	0.01484	0.01692	0.01075	0.00739	0.00717	0.00238	0.01060	0.00582	0.00357	0.01125
164	0.01222	0.00873	0.01222	0.01397	0.01572	0.00873	0.01222	0.01572	0.01746	0.02270	0.04016	0.08556	0.04365	0.02095	0.01048	0.00349	0.00698	0.63506	0.00698	0.00698
165	0.01765	0.12335	0.41539	0.02107	0.05719	0.08368	0.04757	0.04792	0.01744	0.02356	0.01534	0.02099	0.01254	0.00824	0.00722	0.00234	0.01058	0.05362	0.00378	0.01053

[dist]
# distance from previous block
# <min> <max>
0	1

[block]
# block no. 2 follows, 26 sequences, length 19
# corresponding to MSA columns:
# 277-295
name=unknown_C
#
# <colnr> <probs for GDERKNQSTAVLIFYWHMCP>
#	G	D	E	R	K	N	Q	S	T	A	V	L	I	F	Y	W	H	M	C	P
0	0.07302	0.05811	0.01577	0.01244	0.01611	0.01406	0.00986	0.18151	0.04573	0.11078	0.10374	0.18694	0.05122	0.01325	0.00771	0.00242	0.00585	0.01109	0.07094	0.00945
1	0.01278	0.00920	0.01129	0.01150	0.01303	0.00922	0.00827	0.11382	0.01867	0.02514	0.12236	0.45337	0.04533	0.06895	0.01127	0.00317	0.00522	0.04300	0.00713	0.00728
2	0.25956	0.01836	0.02175	0.11949	0.27855	0.09644	0.01666	0.02420	0.05222	0.02662	0.01363	0.01689	0.01093	0.00727	0.00657	0.00230	0.00855	0.00581	0.00423	0.00998
3	0.01182	0.00977	0.01384	0.01269	0.01484	0.00970	0.06689	0.04898	0.01750	0.02336	0.15312	0.27861	0.18575	0.02042	0.05344	0.00334	0.04672	0.01533	0.00661	0.00729
4	0.05772	0.02120	0.05287	0.03570	0.40662	0.09082	0.08531	0.10930	0.01998	0.02757	0.01444	0.01793	0.01158	0.00718	0.00745	0.00227	0.00973	0.00663	0.00432	0.01140
5	0.01718	0.01379	0.01719	0.01318	0.01826	0.01275	0.01069	0.02014	0.01524	0.07818	0.01447	0.01741	0.01198	0.00990	0.04302	0.00219	0.14715	0.00535	0.00465	0.52729
6	0.02313	0.48974	0.03329	0.01530	0.02088	0.26805	0.01357	0.02539	0.01756	0.01810	0.01096	0.01270	0.00975	0.00696	0.00556	0.00174	0.01008	0.00435	0.00348	0.00940
7	0.03038	0.05095	0.01857	0.01339	0.01911	0.01324	0.01113	0.10655	0.02229	0.50034	0.02626	0.02378	0.01722	0.00895	0.00721	0.00219	0.00653	0.00713	0.05668	0.05811
8	0.69324	0.01375	0.01065	0.00962	0.01396	0.01581	0.00786	0.02174	0.01327	0.03333	0.01228	0.01426	0.00958	0.00726	0.00477	0.00228	0.00558	0.00447	0.09822	0.00808
9	0.01887	0.01629	0.01715	0.01544	0.01972	0.01887	0.01201	0.04031	0.67241	0.03173	0.03087	0.02830	0.02315	0.01029	0.00772	0.00257	0.00600	0.00858	0.00772	0.01201
10	0.01222	0.00873	0.01222	0.01397	0.01572	0.00873	0.01222	0.01572	0.01746	0.02270	0.04016	0.08556	0.04365	0.02095	0.01048	0.00349	0.00698	0.63506	0.00698	0.00698
11	0.03362	0.01358	0.01802	0.01381	0.01970	0.01214	0.01141	0.08689	0.02283	0.63987	0.02899	0.02521	0.01831	0.00937	0.00762	0.00234	0.00661	0.00756	0.00924	0.01291
12	0.02883	0.02125	0.02276	0.01745	0.02352	0.02352	0.01442	0.66082	0.03566	0.04780	0.01821	0.01821	0.01290	0.00911	0.00759	0.00228	0.00835	0.00683	0.00759	0.01290
13	0.00924	0.00660	0.00880	0.01056	0.01100	0.00616	0.00704	0.01056	0.01452	0.01936	0.04181	0.72848	0.05017	0.02376	0.00968	0.00308	0.00440	0.02156	0.00704	0.00616
14	0.01263	0.00897	0.01099	0.01151	0.01289	0.00901	0.00823	0.10754	0.01765	0.02379	0.03635	0.51065	0.04156	0.06959	0.01125	0.00323	0.00532	0.05665	0.03505	0.00714
15	0.01588	0.01396	0.01772	0.01266	0.01946	0.01073	0.05358	0.01946	0.01588	0.02469	0.01361	0.01605	0.01125	0.00567	0.00585	0.00122	0.00611	0.00480	0.00445	0.72697
16	0.03255	0.01258	0.01713	0.01324	0.01885	0.01089	0.01089	0.03553	0.02169	0.64939	0.07135	0.02778	0.02213	0.00978	0.00771	0.00235	0.00627	0.00801	0.00932	0.01254
17	0.01223	0.00801	0.01054	0.00991	0.01186	0.00735	0.00742	0.01555	0.02086	0.07551	0.57877	0.11522	0.06595	0.01583	0.00892	0.00245	0.00385	0.01400	0.00830	0.00747
18	0.07559	0.01641	0.01730	0.01468	0.01933	0.01837	0.01169	0.20169	0.35407	0.07726	0.02545	0.02434	0.01876	0.00955	0.00724	0.00239	0.00641	0.00760	0.08030	0.01157

[dist]
# distance from previous block
# <min> <max>
0	1

[block]
# block no. 3 follows, 26 sequences, length 17
# corresponding to MSA columns:
# 297-313
name=unknown_D
#
# <colnr> <probs for GDERKNQSTAVLIFYWHMCP>
#	G	D	E	R	K	N	Q	S	T	A	V	L	I	F	Y	W	H	M	C	P
0	0.02591	0.10114	0.02248	0.01804	0.02212	0.52127	0.01398	0.07379	0.02104	0.02053	0.01290	0.01540	0.01087	0.01248	0.07337	0.00292	0.01338	0.00526	0.00413	0.00899
1	0.02037	0.01628	0.01743	0.01539	0.01987	0.01854	0.01205	0.06795	0.59843	0.07846	0.03024	0.02767	0.02239	0.01017	0.00771	0.00254	0.00614	0.00843	0.00783	0.01211
2	0.02582	0.01927	0.02055	0.01633	0.02174	0.02145	0.01330	0.49178	0.16192	0.04323	0.02120	0.02093	0.01541	0.00932	0.00746	0.00230	0.00754	0.00720	0.06094	0.01232
3	0.02100	0.01437	0.01675	0.06313	0.02033	0.01518	0.01159	0.25988	0.07133	0.12228	0.03376	0.12129	0.13654	0.01492	0.03937	0.00292	0.00729	0.01061	0.00722	0.01024
4	0.01758	0.19380	0.44958	0.01901	0.02820	0.04611	0.02251	0.04732	0.06450	0.02382	0.01427	0.01603	0.01074	0.00736	0.00672	0.00222	0.01013	0.00549	0.00372	0.01091
5	0.02726	0.03348	0.02079	0.01872	0.02270	0.61574	0.01413	0.07315	0.02224	0.02071	0.01590	0.01739	0.04851	0.00856	0.00701	0.00201	0.01274	0.00566	0.00434	0.00894
6	0.01045	0.00774	0.00974	0.00924	0.01115	0.00703	0.00693	0.01375	0.02079	0.02880	0.58333	0.05933	0.17136	0.01611	0.00895	0.00241	0.00362	0.01409	0.00814	0.00703
7	0.01698	0.01457	0.06468	0.01605	0.01991	0.01332	0.07421	0.15471	0.04517	0.05850	0.05076	0.20773	0.03220	0.01566	0.00902	0.00285	0.00734	0.18049	0.00674	0.00911
8	0.01082	0.00785	0.01091	0.01095	0.01193	0.00867	0.00797	0.01281	0.01248	0.01760	0.05827	0.06235	0.02528	0.23271	0.46354	0.01004	0.01538	0.00970	0.00455	0.00619
9	0.01067	0.00782	0.01006	0.00969	0.01155	0.00720	0.00739	0.01409	0.02078	0.02891	0.57750	0.06032	0.12807	0.01626	0.00906	0.00248	0.00385	0.05912	0.00813	0.00707
10	0.01832	0.02235	0.14282	0.06211	0.45164	0.05589	0.02290	0.02317	0.01667	0.02349	0.01358	0.01787	0.01122	0.00755	0.00909	0.00237	0.07769	0.00645	0.00361	0.01122
11	0.01891	0.25457	0.26222	0.02310	0.12306	0.02233	0.08302	0.08448	0.01807	0.02447	0.01334	0.01584	0.01050	0.00702	0.00671	0.00214	0.00979	0.00573	0.00378	0.01092
12	0.01159	0.00853	0.01134	0.01274	0.01465	0.00828	0.01096	0.01477	0.01743	0.02227	0.04733	0.08310	0.16862	0.02061	0.01018	0.00331	0.00637	0.51406	0.00700	0.00687
13	0.01103	0.00735	0.00827	0.00827	0.00827	0.00735	0.00460	0.01103	0.01103	0.01471	0.02390	0.04964	0.02758	0.73343	0.03861	0.00735	0.00735	0.01103	0.00460	0.00460
14	0.01173	0.01261	0.11730	0.01293	0.01563	0.00902	0.01170	0.01488	0.01633	0.02234	0.14825	0.20778	0.04164	0.07027	0.01279	0.05392	0.00645	0.20112	0.00624	0.00708
15	0.02168	0.05565	0.02735	0.09977	0.37087	0.21140	0.01967	0.06128	0.01922	0.02351	0.01353	0.01715	0.01115	0.00726	0.00721	0.00217	0.01035	0.00611	0.00396	0.01071
16	0.01151	0.00883	0.01217	0.01328	0.01425	0.00949	0.01058	0.01385	0.01547	0.02072	0.03701	0.34985	0.04213	0.02117	0.01198	0.00330	0.09669	0.29440	0.00654	0.00680

[dist]
# distance from previous block
# <min> <max>
0	1

[block]
# block no. 4 follows, 26 sequences, length 29
# corresponding to MSA columns:
# 315-343
name=unknown_E
#
# <colnr> <probs for GDERKNQSTAVLIFYWHMCP>
#	G	D	E	R	K	N	Q	S	T	A	V	L	I	F	Y	W	H	M	C	P
0	0.01800	0.01755	0.02815	0.15901	0.52526	0.04398	0.02189	0.02240	0.01707	0.02344	0.01645	0.02092	0.03750	0.00742	0.00755	0.00230	0.00918	0.00704	0.00382	0.01106
1	0.01864	0.02158	0.14549	0.03768	0.47318	0.01805	0.02263	0.06950	0.04515	0.02651	0.01602	0.02098	0.01322	0.00765	0.00757	0.00234	0.00916	0.02868	0.00421	0.01176
2	0.02628	0.13738	0.06280	0.01722	0.02326	0.12679	0.01490	0.40631	0.05252	0.03673	0.01623	0.01682	0.01212	0.00843	0.00703	0.00214	0.00919	0.00609	0.00610	0.01165
3	0.00950	0.00680	0.00903	0.01038	0.01106	0.00633	0.00706	0.01121	0.01573	0.02128	0.15302	0.61180	0.05388	0.02233	0.00955	0.00296	0.00426	0.02020	0.00727	0.00633
4	0.01037	0.00774	0.00964	0.00916	0.01111	0.00700	0.00687	0.01362	0.02062	0.02840	0.55886	0.05999	0.19609	0.01626	0.00895	0.00242	0.00363	0.01418	0.00808	0.00700
5	0.02824	0.01981	0.02169	0.01656	0.02267	0.02124	0.01366	0.54852	0.03269	0.10692	0.01893	0.01873	0.01332	0.00884	0.00743	0.00219	0.00794	0.00671	0.00750	0.07640
6	0.01318	0.00659	0.00988	0.00988	0.00988	0.00659	0.00659	0.00988	0.00988	0.01318	0.01318	0.02306	0.01318	0.02635	0.02964	0.77931	0.00659	0.00659	0.00329	0.00329
