[name]
unknown

[dist]
# distance from previous block
# <min> <max>
10	46

[block]
# block no. 0 follows, 27 sequences, length 8
# corresponding to MSA columns:
# 68-75
name=unknown_A
#
# <colnr> <probs for GDERKNQSTAVLIFYWHMCP>
#	G	D	E	R	K	N	Q	S	T	A	V	L	I	F	Y	W	H	M	C	P
0	0.01406	0.01134	0.01593	0.16497	0.02310	0.01195	0.04072	0.03670	0.08421	0.04402	0.16551	0.12476	0.05595	0.01340	0.02961	0.00266	0.02834	0.01045	0.03916	0.08316
1	0.06231	0.01746	0.01962	0.11750	0.02438	0.08405	0.04955	0.26514	0.02234	0.03001	0.01666	0.02258	0.01400	0.11757	0.05779	0.00355	0.00952	0.00701	0.00529	0.05369
2	0.09291	0.01641	0.01904	0.01683	0.04974	0.09106	0.08061	0.12253	0.08568	0.12309	0.04373	0.14503	0.02223	0.04620	0.00909	0.00264	0.00766	0.00961	0.00626	0.00965
3	0.01814	0.01787	0.12700	0.11485	0.08144	0.01585	0.01587	0.13916	0.07120	0.06953	0.04818	0.06251	0.01804	0.01228	0.04841	0.00293	0.04942	0.00784	0.06955	0.00993
4	0.06204	0.01293	0.01621	0.01335	0.01719	0.01294	0.05351	0.15479	0.02013	0.09667	0.08879	0.12665	0.10159	0.06014	0.01046	0.00265	0.03857	0.01036	0.00642	0.09461
5	0.01719	0.03596	0.06416	0.12898	0.02465	0.05445	0.01367	0.08841	0.13106	0.02530	0.01821	0.06009	0.01529	0.01125	0.04561	0.00261	0.04038	0.00699	0.00499	0.21073
6	0.05821	0.01200	0.01512	0.14338	0.09446	0.04524	0.01160	0.04467	0.04219	0.02207	0.08310	0.19431	0.02852	0.15665	0.01383	0.00345	0.00706	0.01126	0.00530	0.00760
7	0.01785	0.01153	0.01486	0.06119	0.10579	0.01097	0.01046	0.05724	0.01741	0.10475	0.02002	0.02248	0.01532	0.00771	0.00608	0.00180	0.00562	0.00637	0.32866	0.17390

[dist]
# distance from previous block
# <min> <max>
9	45

[block]
# block no. 1 follows, 27 sequences, length 36
# corresponding to MSA columns:
# 124-159
name=unknown_B
#
# <colnr> <probs for GDERKNQSTAVLIFYWHMCP>
#	G	D	E	R	K	N	Q	S	T	A	V	L	I	F	Y	W	H	M	C	P
0	0.07390	0.22572	0.15999	0.03950	0.04065	0.06768	0.04961	0.04489	0.01722	0.07416	0.05698	0.02047	0.01547	0.00799	0.00650	0.00207	0.00852	0.02970	0.00448	0.05451
1	0.07004	0.25275	0.21784	0.01634	0.02314	0.06437	0.03764	0.09222	0.05595	0.02451	0.01566	0.06949	0.01353	0.00843	0.00645	0.00213	0.00877	0.00645	0.00431	0.00999
2	0.14172	0.13681	0.21347	0.06903	0.02466	0.06262	0.01651	0.10346	0.07215	0.02675	0.01776	0.01915	0.05002	0.00814	0.00650	0.00221	0.00855	0.00603	0.00454	0.00992
3	0.01963	0.15793	0.26829	0.02023	0.10215	0.10136	0.01874	0.02456	0.01680	0.09543	0.01462	0.01658	0.01117	0.00894	0.03365	0.00241	0.00989	0.00549	0.00408	0.06804
4	0.04739	0.16916	0.32672	0.01788	0.04230	0.09085	0.01905	0.06068	0.01766	0.04654	0.05566	0.01757	0.01381	0.00759	0.00657	0.00209	0.00939	0.00569	0.00410	0.03930
5	0.07422	0.12613	0.29627	0.06645	0.05900	0.04226	0.01920	0.05212	0.10517	0.06722	0.01609	0.01752	0.01194	0.00758	0.00669	0.00224	0.00899	0.00584	0.00445	0.01061
6	0.01674	0.04301	0.19304	0.06810	0.19288	0.06816	0.03715	0.04546	0.01701	0.02352	0.03566	0.02224	0.05446	0.01017	0.03662	0.00260	0.03020	0.00687	0.04884	0.04726
7	0.41122	0.04497	0.01633	0.06280	0.01988	0.06984	0.01093	0.14042	0.01831	0.07632	0.01342	0.01483	0.01005	0.00740	0.00572	0.00217	0.00716	0.00499	0.00520	0.05805
8	0.04299	0.01241	0.09291	0.06367	0.01649	0.00941	0.00986	0.03796	0.01701	0.02190	0.05694	0.08108	0.47889	0.01583	0.00827	0.00249	0.00536	0.01314	0.00609	0.00729
9	0.16064	0.01919	0.02029	0.06002	0.02327	0.02150	0.01346	0.51443	0.02976	0.04269	0.01623	0.01694	0.01165	0.00847	0.00693	0.00226	0.00785	0.00621	0.00667	0.01155
10	0.22385	0.01550	0.02093	0.12850	0.19126	0.01676	0.05563	0.11780	0.01846	0.02933	0.05945	0.02232	0.05339	0.00837	0.00690	0.00232	0.00767	0.00702	0.00490	0.00964
11	0.00925	0.00751	0.00820	0.00809	0.01034	0.00646	0.00604	0.01154	0.01794	0.02263	0.23877	0.08750	0.50387	0.01797	0.00879	0.00248	0.00371	0.01523	0.00724	0.00646
12	0.03710	0.01894	0.10412	0.14573	0.16120	0.01784	0.15282	0.02106	0.01522	0.02218	0.01300	0.01779	0.01051	0.00785	0.01063	0.00242	0.14700	0.00662	0.00358	0.08439
13	0.01051	0.00759	0.00992	0.00934	0.01109	0.00700	0.00700	0.01401	0.02101	0.02977	0.68888	0.05545	0.07005	0.01518	0.00876	0.00233	0.00350	0.01343	0.00817	0.00700
14	0.01780	0.01403	0.01628	0.01181	0.01828	0.01145	0.00951	0.09380	0.01793	0.06224	0.01457	0.01619	0.01157	0.00608	0.00582	0.00129	0.00585	0.00482	0.00500	0.65566
15	0.01402	0.01319	0.02227	0.72126	0.05113	0.01649	0.02062	0.01897	0.01484	0.01897	0.01319	0.01979	0.00990	0.00742	0.00742	0.00247	0.00990	0.00660	0.00330	0.00825
16	0.01708	0.02264	0.14177	0.02931	0.03705	0.01870	0.54477	0.02351	0.01701	0.02351	0.01456	0.01922	0.01093	0.00664	0.00911	0.00251	0.03978	0.00818	0.00364	0.01008
17	0.01765	0.01690	0.02883	0.15765	0.58636	0.01745	0.02242	0.02215	0.01656	0.02338	0.01384	0.01861	0.01145	0.00675	0.00736	0.00225	0.00900	0.00661	0.00361	0.01118
18	0.01165	0.00949	0.01393	0.01333	0.01441	0.01177	0.01057	0.01411	0.01183	0.01735	0.01801	0.02678	0.01693	0.04779	0.58307	0.01033	0.15025	0.00768	0.00384	0.00690
19	0.00877	0.00752	0.00752	0.00752	0.01003	0.00627	0.00564	0.01065	0.01692	0.02005	0.07520	0.07144	0.68978	0.01880	0.00877	0.00251	0.00376	0.01567	0.00689	0.00627
20	0.02187	0.01677	0.01749	0.03484	0.02020	0.09871	0.01090	0.10232	0.01957	0.15489	0.01662	0.01746	0.01239	0.00694	0.00632	0.00161	0.00709	0.00538	0.00558	0.42305
21	0.01388	0.00884	0.01110	0.01012	0.01262	0.00828	0.00773	0.01838	0.07015	0.11672	0.46441	0.07267	0.12661	0.01465	0.00852	0.00238	0.00411	0.01275	0.00808	0.00800
22	0.02761	0.02049	0.02193	0.01696	0.02279	0.02274	0.01396	0.62857	0.07537	0.04580	0.01860	0.01844	0.01326	0.00898	0.00743	0.00225	0.00802	0.00679	0.00743	0.01257
23	0.01837	0.01764	0.03013	0.04557	0.69279	0.01764	0.02278	0.02278	0.01690	0.02425	0.01396	0.01837	0.01176	0.00661	0.00735	0.00220	0.00882	0.00661	0.00367	0.01176
24	0.02884	0.01666	0.01928	0.01493	0.02034	0.01721	0.01216	0.37757	0.02788	0.29247	0.02261	0.02299	0.01590	0.06421	0.00974	0.00263	0.00739	0.00729	0.00788	0.01201
25	0.01712	0.21689	0.27683	0.02208	0.03009	0.02124	0.22745	0.02293	0.01586	0.02168	0.01287	0.01611	0.01005	0.00696	0.00800	0.00225	0.05192	0.00619	0.00335	0.01012
26	0.00903	0.00652	0.00856	0.01019	0.01073	0.00604	0.00683	0.01035	0.01436	0.01901	0.04272	0.69936	0.08283	0.02302	0.00944	0.00299	0.00428	0.02082	0.00689	0.00604
27	0.00976	0.00728	0.00974	0.01073	0.01137	0.00725	0.00750	0.01147	0.01525	0.02082	0.15520	0.56740	0.05039	0.02116	0.01028	0.00291	0.04945	0.01881	0.00689	0.00634
28	0.05252	0.58882	0.03461	0.01372	0.01955	0.14906	0.01280	0.02352	0.01604	0.01823	0.01053	0.01218	0.00947	0.00660	0.00510	0.00167	0.00881	0.00412	0.00335	0.00930
29	0.16575	0.01293	0.01612	0.01261	0.01815	0.01191	0.01041	0.03367	0.01974	0.58184	0.02598	0.02296	0.01657	0.00879	0.00696	0.00230	0.00622	0.00686	0.00839	0.01183
30	0.00895	0.00746	0.00781	0.00786	0.01017	0.00632	0.00584	0.01094	0.01712	0.02087	0.12912	0.11160	0.59293	0.01875	0.00882	0.00252	0.00377	0.01580	0.00701	0.00632
31	0.01236	0.00865	0.01086	0.01058	0.01250	0.00846	0.00781	0.01753	0.10613	0.06215	0.38967	0.23612	0.05533	0.01640	0.00873	0.00254	0.00418	0.01455	0.00779	0.00766
32	0.02079	0.01608	0.01760	0.01510	0.01933	0.01784	0.01205	0.30282	0.25372	0.03568	0.04908	0.11056	0.02454	0.01206	0.00797	0.00251	0.00667	0.05726	0.00739	0.01093
33	0.01723	0.09751	0.02129	0.03921	0.17581	0.04042	0.01408	0.04126	0.25223	0.02550	0.04474	0.09163	0.04069	0.01097	0.00759	0.00241	0.00701	0.05443	0.00581	0.01018
34	0.01193	0.01056	0.06268	0.01206	0.01396	0.00893	0.00988	0.05429	0.01596	0.02139	0.05223	0.28960	0.03813	0.16393	0.01506	0.00385	0.00634	0.19627	0.00618	0.00677
35	0.01194	0.06785	0.06352	0.01035	0.01203	0.01017	0.00783	0.01436	0.05419	0.01731	0.02566	0.18382	0.02859	0.43221	0.02511	0.00523	0.00686	0.01184	0.00498	0.00616

[dist]
# distance from previous block
# <min> <max>
2	10

[block]
# block no. 2 follows, 27 sequences, length 42
# corresponding to MSA columns:
# 170-211
name=unknown_C
#
# <colnr> <probs for GDERKNQSTAVLIFYWHMCP>
#	G	D	E	R	K	N	Q	S	T	A	V	L	I	F	Y	W	H	M	C	P
0	0.01854	0.42768	0.17522	0.01449	0.02116	0.02295	0.01520	0.05073	0.04068	0.04715	0.05787	0.04798	0.01606	0.00815	0.00603	0.00195	0.00802	0.00605	0.00422	0.00986
1	0.02537	0.01313	0.01733	0.01594	0.08188	0.01232	0.01152	0.10491	0.04184	0.37348	0.08226	0.07911	0.05222	0.01070	0.00767	0.00230	0.00624	0.00901	0.00785	0.04491
2	0.04908	0.25185	0.05290	0.04008	0.02314	0.05079	0.11119	0.04851	0.01540	0.02080	0.01355	0.06500	0.01267	0.00954	0.01132	0.00239	0.20212	0.00684	0.00381	0.00902
3	0.01516	0.05260	0.09860	0.02157	0.02642	0.01728	0.27201	0.01944	0.01539	0.02112	0.02364	0.05454	0.11399	0.01229	0.03850	0.00299	0.17233	0.00917	0.00415	0.00881
4	0.01080	0.00720	0.00810	0.00810	0.00810	0.00720	0.00450	0.01080	0.01080	0.01439	0.02339	0.04858	0.02699	0.73910	0.03779	0.00720	0.00720	0.01080	0.00450	0.00450
5	0.01142	0.00960	0.01462	0.24381	0.02526	0.01046	0.03314	0.01504	0.04359	0.02018	0.06240	0.39379	0.05469	0.01643	0.00864	0.00275	0.00642	0.01487	0.00570	0.00719
6	0.01203	0.01034	0.01249	0.01273	0.01389	0.05718	0.03439	0.04139	0.01551	0.02022	0.03457	0.57255	0.04041	0.02013	0.01025	0.00290	0.05811	0.01779	0.00631	0.00681
7	0.00934	0.00677	0.00885	0.01011	0.01092	0.00628	0.00699	0.01108	0.01551	0.02077	0.14145	0.56721	0.09342	0.02165	0.00935	0.00289	0.00423	0.03987	0.00708	0.00622
8	0.02750	0.01969	0.02132	0.01659	0.02233	0.02167	0.01362	0.55419	0.10523	0.09073	0.02000	0.01944	0.01414	0.00906	0.00744	0.00226	0.00779	0.00693	0.00756	0.01253
9	0.02374	0.01802	0.02079	0.09664	0.04777	0.02001	0.01424	0.47365	0.05529	0.03912	0.02026	0.09904	0.01679	0.01032	0.00766	0.00235	0.00786	0.00836	0.00678	0.01132
10	0.01386	0.00765	0.00871	0.09043	0.01362	0.00804	0.00699	0.01749	0.01548	0.02666	0.02293	0.02676	0.01796	0.00851	0.00545	0.00182	0.00421	0.00688	0.68947	0.00707
11	0.00904	0.00646	0.00861	0.01034	0.01077	0.00603	0.00689	0.01034	0.01421	0.01895	0.04092	0.73426	0.04910	0.02326	0.00948	0.00301	0.00431	0.02110	0.00689	0.00603
12	0.01985	0.74357	0.03890	0.01270	0.01905	0.02937	0.01270	0.02223	0.01508	0.01747	0.01032	0.01191	0.00953	0.00635	0.00476	0.00159	0.00794	0.00397	0.00318	0.00953
13	0.02642	0.01862	0.02039	0.01605	0.02136	0.02027	0.01308	0.55032	0.03163	0.08874	0.02121	0.09892	0.01713	0.01054	0.00766	0.00232	0.00761	0.00836	0.00749	0.01188
14	0.00877	0.00752	0.00752	0.00752	0.01003	0.00627	0.00564	0.01065	0.01692	0.02005	0.07520	0.07144	0.68978	0.01880	0.00877	0.00251	0.00376	0.01567	0.00689	0.00627
15	0.00906	0.00667	0.00850	0.00987	0.01067	0.00610	0.00670	0.01053	0.01489	0.01953	0.07081	0.60642	0.14854	0.02226	0.00934	0.00291	0.00419	0.01998	0.00694	0.00610
16	0.01624	0.01624	0.02274	0.01949	0.01949	0.02274	0.01624	0.01787	0.01137	0.01787	0.00975	0.01624	0.00975	0.01299	0.02436	0.00325	0.72552	0.00650	0.00325	0.00812
17	0.03238	0.01243	0.01693	0.01305	0.01863	0.01075	0.01075	0.03528	0.02124	0.67083	0.05605	0.02649	0.02047	0.00943	0.00752	0.00230	0.00620	0.00771	0.00915	0.01241
18	0.01489	0.03840	0.70064	0.02116	0.03213	0.01724	0.02743	0.02351	0.01567	0.02351	0.01332	0.01567	0.00940	0.00705	0.00705	0.00235	0.01097	0.00549	0.00313	0.01097
19	0.01624	0.01624	0.02274	0.01949	0.01949	0.02274	0.01624	0.01787	0.01137	0.01787	0.00975	0.01624	0.00975	0.01299	0.02436	0.00325	0.72552	0.00650	0.00325	0.00812
20	0.01820	0.01746	0.02982	0.07268	0.66704	0.01759	0.02270	0.02263	0.01682	0.02404	0.01393	0.01843	0.01168	0.00665	0.00735	0.00222	0.00886	0.00661	0.00366	0.01162
21	0.02026	0.01639	0.01912	0.11740	0.07218	0.04479	0.01360	0.30475	0.05274	0.03412	0.14376	0.02958	0.07810	0.01047	0.00775	0.00230	0.00737	0.00862	0.00652	0.01020
22	0.00909	0.00753	0.00795	0.00785	0.01022	0.00640	0.00589	0.01126	0.01766	0.02180	0.18538	0.06857	0.57852	0.01815	0.00877	0.00248	0.00371	0.01527	0.00712	0.00640
23	0.00904	0.00646	0.00861	0.01034	0.01077	0.00603	0.00689	0.01034	0.01421	0.01895	0.04092	0.73426	0.04910	0.02326	0.00948	0.00301	0.00431	0.02110	0.00689	0.00603
24	0.01489	0.03840	0.70064	0.02116	0.03213	0.01724	0.02743	0.02351	0.01567	0.02351	0.01332	0.01567	0.00940	0.00705	0.00705	0.00235	0.01097	0.00549	0.00313	0.01097
25	0.01663	0.08138	0.45498	0.02296	0.03249	0.01825	0.19487	0.02397	0.01633	0.04870	0.01417	0.01693	0.01024	0.00687	0.00736	0.00234	0.01099	0.00632	0.00353	0.01068
26	0.01196	0.00854	0.01196	0.01367	0.01538	0.00854	0.01196	0.01538	0.01709	0.02222	0.03931	0.08374	0.04272	0.02051	0.01025	0.00342	0.00684	0.64283	0.00684	0.00684
27	0.01402	0.01319	0.02227	0.72126	0.05113	0.01649	0.02062	0.01897	0.01484	0.01897	0.01319	0.01979	0.00990	0.00742	0.00742	0.00247	0.00990	0.00660	0.00330	0.00825
28	0.02409	0.01494	0.01675	0.01385	0.01846	0.04204	0.01107	0.14715	0.19292	0.25830	0.12304	0.03025	0.05244	0.01055	0.00769	0.00234	0.00631	0.00864	0.00800	0.01118
29	0.01963	0.62536	0.08871	0.01386	0.02025	0.02786	0.01407	0.04805	0.01575	0.01913	0.01083	0.01264	0.00965	0.00682	0.00598	0.00175	0.04230	0.00432	0.00335	0.00970
30	0.01064	0.00781	0.01119	0.01119	0.01226	0.00888	0.00836	0.01278	0.01171	0.01668	0.02056	0.03292	0.02019	0.18774	0.57985	0.01102	0.01743	0.00850	0.00408	0.00622
31	0.01534	0.17169	0.02033	0.01288	0.01614	0.01523	0.05803	0.08270	0.01693	0.02287	0.11919	0.08493	0.02656	0.15757	0.06405	0.00384	0.03378	0.00918	0.02976	0.03901
32	0.01520	0.06242	0.01447	0.09108	0.01778	0.01079	0.00989	0.04485	0.01620	0.12146	0.03245	0.28964	0.07605	0.07506	0.05502	0.00358	0.00696	0.04312	0.00621	0.00778
33	0.02102	0.05082	0.01799	0.01430	0.01884	0.04015	0.01146	0.21477	0.27549	0.08048	0.03190	0.05154	0.11659	0.01110	0.00759	0.00237	0.00656	0.00896	0.00719	0.01088
34	0.01962	0.04420	0.02636	0.02090	0.02406	0.17923	0.15340	0.06652	0.01680	0.02121	0.01352	0.04803	0.01221	0.01162	0.03611	0.00292	0.28328	0.00720	0.00396	0.00885
35	0.08073	0.01842	0.02010	0.01571	0.02127	0.02003	0.01292	0.47799	0.05487	0.14136	0.01957	0.01938	0.01379	0.01078	0.03617	0.00265	0.00812	0.00673	0.00736	0.01203
36	0.07748	0.01353	0.04063	0.01247	0.01508	0.08860	0.00975	0.02000	0.09224	0.07211	0.10128	0.26240	0.03474	0.06546	0.01025	0.00294	0.00635	0.06041	0.00642	0.00788
37	0.04730	0.10324	0.30093	0.07091	0.02845	0.09190	0.09090	0.02340	0.01648	0.06866	0.01638	0.07884	0.01370	0.00853	0.00713	0.00230	0.00990	0.00713	0.00410	0.00983
38	0.09741	0.10357	0.09705	0.04767	0.10357	0.06483	0.01561	0.12781	0.11905	0.02742	0.01609	0.01831	0.01275	0.01130	0.05375	0.00291	0.05968	0.00616	0.00482	0.01024
39	0.01844	0.02281	0.18734	0.05305	0.18897	0.07154	0.04219	0.12657	0.02007	0.02761	0.09918	0.02226	0.01856	0.00856	0.00797	0.00228	0.03319	0.00715	0.03191	0.01036
40	0.17711	0.08062	0.15447	0.06921	0.06242	0.17428	0.06318	0.04592	0.01715	0.04629	0.01379	0.03872	0.01117	0.00771	0.00657	0.00221	0.00967	0.00591	0.00414	0.00946
41	0.05242	0.05363	0.06837	0.04426	0.14786	0.09187	0.03847	0.07437	0.17738	0.04938	0.02386	0.06339	0.06358	0.00965	0.00735	0.00232	0.00801	0.00809	0.00547	0.01031

[dist]
# distance from previous block
# <min> <max>
23	87

[block]
# block no. 3 follows, 27 sequences, length 110
# corresponding to MSA columns:
# 317-426
name=unknown_D
#
# <colnr> <probs for GDERKNQSTAVLIFYWHMCP>
#	G	D	E	R	K	N	Q	S	T	A	V	L	I	F	Y	W	H	M	C	P
0	0.09458	0.02227	0.24515	0.01731	0.06592	0.04143	0.01642	0.02547	0.08229	0.13960	0.08687	0.02466	0.04926	0.00895	0.00710	0.00227	0.00778	0.00720	0.00553	0.04994
1	0.02496	0.02320	0.11494	0.04190	0.09351	0.04832	0.01701	0.47023	0.02931	0.03937	0.01643	0.01747	0.01190	0.00833	0.00734	0.00224	0.00887	0.00644	0.00620	0.01202
2	0.01697	0.01602	0.05643	0.54176	0.04442	0.01787	0.01963	0.15216	0.01900	0.02489	0.01415	0.01918	0.01043	0.00771	0.00740	0.00242	0.00960	0.00656	0.00414	0.00928
3	0.01120	0.00844	0.01048	0.01003	0.01196	0.00820	0.00749	0.01643	0.09625	0.02840	0.52069	0.12277	0.08802	0.01557	0.00869	0.00243	0.00387	0.01373	0.00792	0.00742
4	0.02822	0.01297	0.01674	0.01354	0.01872	0.01204	0.01115	0.05654	0.10627	0.48878	0.02928	0.03080	0.02086	0.01027	0.00767	0.00238	0.00634	0.07195	0.00846	0.04703
5	0.01439	0.00885	0.01098	0.00989	0.01260	0.00808	0.00761	0.01831	0.05332	0.14072	0.41077	0.05243	0.19364	0.01469	0.00848	0.00238	0.00415	0.01265	0.00803	0.00804
6	0.05582	0.04717	0.01867	0.01354	0.01935	0.01370	0.01128	0.12850	0.02244	0.51599	0.02533	0.02265	0.01643	0.00877	0.00715	0.00220	0.00661	0.00693	0.00827	0.04920
7	0.05739	0.01651	0.01737	0.01509	0.01963	0.01883	0.01191	0.13573	0.52575	0.05599	0.02732	0.02534	0.02027	0.00971	0.00739	0.00246	0.00624	0.00789	0.00745	0.01174
8	0.01416	0.01346	0.02311	0.69416	0.05065	0.01658	0.04596	0.01916	0.01495	0.01916	0.01327	0.01980	0.00995	0.00738	0.00747	0.00248	0.01000	0.00668	0.00332	0.00832
9	0.01080	0.00720	0.00810	0.00810	0.00810	0.00720	0.00450	0.01080	0.01080	0.01439	0.02339	0.04858	0.02699	0.73910	0.03779	0.00720	0.00720	0.01080	0.00450	0.00450
10	0.01752	0.02003	0.04380	0.03129	0.03880	0.01877	0.66583	0.02378	0.01752	0.02378	0.01502	0.02003	0.01126	0.00626	0.00876	0.00250	0.01252	0.00876	0.00375	0.01001
11	0.01460	0.01399	0.02239	0.53768	0.04285	0.01813	0.01947	0.01868	0.01394	0.01868	0.01229	0.01886	0.00986	0.00888	0.01185	0.00268	0.19710	0.00657	0.00329	0.00821
12	0.03110	0.03762	0.01967	0.01457	0.02040	0.01576	0.01210	0.25973	0.02590	0.44656	0.02465	0.02223	0.01607	0.00900	0.00737	0.00225	0.00702	0.00708	0.00838	0.01254
13	0.01080	0.00720	0.00810	0.00810	0.00810	0.00720	0.00450	0.01080	0.01080	0.01439	0.02339	0.04858	0.02699	0.73910	0.03779	0.00720	0.00720	0.01080	0.00450	0.00450
14	0.01094	0.00808	0.01062	0.01197	0.01370	0.00777	0.01002	0.01378	0.01672	0.02138	0.04720	0.15630	0.18231	0.02046	0.00985	0.00318	0.00588	0.43638	0.00685	0.00662
15	0.01751	0.01920	0.03999	0.06940	0.16925	0.01843	0.50519	0.02334	0.01726	0.02363	0.01472	0.01969	0.01129	0.00639	0.00841	0.00244	0.01165	0.00822	0.00372	0.01027
16	0.00904	0.00646	0.00861	0.01034	0.01077	0.00603	0.00689	0.01034	0.01421	0.01895	0.04092	0.73426	0.04910	0.02326	0.00948	0.00301	0.00431	0.02110	0.00689	0.00603
17	0.00904	0.00646	0.00861	0.01034	0.01077	0.00603	0.00689	0.01034	0.01421	0.01895	0.04092	0.73426	0.04910	0.02326	0.00948	0.00301	0.00431	0.02110	0.00689	0.00603
18	0.01994	0.14480	0.04502	0.01730	0.04438	0.11428	0.04636	0.15894	0.01933	0.02511	0.01494	0.01864	0.01253	0.01709	0.13776	0.00397	0.09988	0.00624	0.04411	0.00937
19	0.02468	0.31124	0.02811	0.01647	0.02143	0.39559	0.01369	0.07129	0.01968	0.01989	0.01147	0.01312	0.00976	0.00723	0.00599	0.00181	0.01089	0.00460	0.00382	0.00925
20	0.03331	0.01263	0.01723	0.01321	0.01895	0.01091	0.01091	0.03618	0.02125	0.69794	0.02929	0.02527	0.01838	0.00919	0.00747	0.00230	0.00632	0.00747	0.00919	0.01263
21	0.27473	0.01898	0.06274	0.02367	0.03037	0.01800	0.41811	0.02312	0.01581	0.02694	0.01339	0.01718	0.01011	0.00650	0.00730	0.00243	0.01019	0.00704	0.00401	0.00940
22	0.01080	0.00720	0.00810	0.00810	0.00810	0.00720	0.00450	0.01080	0.01080	0.01439	0.02339	0.04858	0.02699	0.73910	0.03779	0.00720	0.00720	0.01080	0.00450	0.00450
23	0.01498	0.03775	0.67729	0.02152	0.03237	0.01730	0.05012	0.02352	0.01574	0.02352	0.01338	0.01583	0.00947	0.00702	0.00711	0.00236	0.01103	0.00560	0.00316	0.01094
24	0.01489	0.03840	0.70064	0.02116	0.03213	0.01724	0.02743	0.02351	0.01567	0.02351	0.01332	0.01567	0.00940	0.00705	0.00705	0.00235	0.01097	0.00549	0.00313	0.01097
25	0.00910	0.00650	0.00867	0.01030	0.01078	0.00607	0.00690	0.01048	0.01448	0.01937	0.06624	0.70772	0.04992	0.02294	0.00945	0.00299	0.00428	0.02080	0.00694	0.00607
26	0.02822	0.02079	0.02228	0.01708	0.02302	0.02302	0.01411	0.66804	0.03490	0.04679	0.01782	0.01782	0.01262	0.00891	0.00743	0.00223	0.00817	0.00668	0.00743	0.01262
27	0.02843	0.01401	0.06748	0.01325	0.01896	0.01088	0.01160	0.03183	0.02052	0.53790	0.10368	0.02757	0.02333	0.00955	0.00749	0.00225	0.00630	0.00786	0.00839	0.04872
28	0.01634	0.01402	0.04459	0.55043	0.04358	0.01575	0.01890	0.05337	0.01636	0.07939	0.01576	0.02240	0.01203	0.00872	0.00824	0.02860	0.00931	0.02937	0.00414	0.00873
29	0.01985	0.74357	0.03890	0.01270	0.01905	0.02937	0.01270	0.02223	0.01508	0.01747	0.01032	0.01191	0.00953	0.00635	0.00476	0.00159	0.00794	0.00397	0.00318	0.00953
30	0.00904	0.00646	0.00861	0.01034	0.01077	0.00603	0.00689	0.01034	0.01421	0.01895	0.04092	0.73426	0.04910	0.02326	0.00948	0.00301	0.00431	0.02110	0.00689	0.00603
31	0.01598	0.01006	0.01460	0.09634	0.04348	0.01012	0.01298	0.01952	0.01767	0.13645	0.05693	0.06318	0.03471	0.01641	0.00930	0.00304	0.00705	0.41726	0.00676	0.00816
32	0.00904	0.00646	0.00861	0.01034	0.01077	0.00603	0.00689	0.01034	0.01421	0.01895	0.04092	0.73426	0.04910	0.02326	0.00948	0.00301	0.00431	0.02110	0.00689	0.00603
33	0.01846	0.01595	0.01679	0.01511	0.01930	0.01846	0.01175	0.03945	0.67938	0.03105	0.03022	0.02770	0.02266	0.01007	0.00755	0.00252	0.00588	0.00839	0.00755	0.01175
34	0.02819	0.02175	0.02220	0.01721	0.02302	0.06791	0.01413	0.62629	0.03400	0.04491	0.01741	0.01753	0.01242	0.00883	0.00738	0.00221	0.00851	0.00656	0.00719	0.01236
35	0.03331	0.01263	0.01723	0.01321	0.01895	0.01091	0.01091	0.03618	0.02125	0.69794	0.02929	0.02527	0.01838	0.00919	0.00747	0.00230	0.00632	0.00747	0.00919	0.01263
36	0.00904	0.00646	0.00861	0.01034	0.01077	0.00603	0.00689	0.01034	0.01421	0.01895	0.04092	0.73426	0.04910	0.02326	0.00948	0.00301	0.00431	0.02110	0.00689	0.00603
37	0.02773	0.03538	0.02104	0.01913	0.02295	0.70930	0.01434	0.02964	0.02104	0.01817	0.01148	0.01339	0.00956	0.00765	0.00669	0.00191	0.01339	0.00478	0.00383	0.00861
38	0.02030	0.01686	0.01782	0.01548	0.02000	0.01932	0.01219	0.15776	0.55808	0.03402	0.02788	0.02584	0.02077	0.00985	0.00753	0.00246	0.00631	0.00807	0.00753	0.01191
39	0.01985	0.74357	0.03890	0.01270	0.01905	0.02937	0.01270	0.02223	0.01508	0.01747	0.01032	0.01191	0.00953	0.00635	0.00476	0.00159	0.00794	0.00397	0.00318	0.00953
40	0.01061	0.00795	0.01193	0.01193	0.01326	0.00928	0.00928	0.01326	0.01193	0.01723	0.01988	0.02916	0.01856	0.05568	0.70968	0.01193	0.01988	0.00795	0.00398	0.00663
41	0.00904	0.00646	0.00861	0.01034	0.01077	0.00603	0.00689	0.01034	0.01421	0.01895	0.04092	0.73426	0.04910	0.02326	0.00948	0.00301	0.00431	0.02110	0.00689	0.00603
42	0.00904	0.00646	0.00861	0.01034	0.01077	0.00603	0.00689	0.01034	0.01421	0.01895	0.04092	0.73426	0.04910	0.02326	0.00948	0.00301	0.00431	0.02110	0.00689	0.00603
43	0.01915	0.01738	0.01710	0.01540	0.01957	0.06945	0.01194	0.03872	0.63080	0.03010	0.02883	0.02664	0.02169	0.00989	0.00749	0.00247	0.00643	0.00813	0.00728	0.01152
44	0.00904	0.00646	0.00861	0.01034	0.01077	0.00603	0.00689	0.01034	0.01421	0.01895	0.04092	0.73426	0.04910	0.02326	0.00948	0.00301	0.00431	0.02110	0.00689	0.00603
45	0.01539	0.01319	0.01539	0.01100	0.01759	0.00990	0.00880	0.01869	0.01539	0.02419	0.01319	0.01539	0.01100	0.00550	0.00550	0.00110	0.00550	0.00440	0.00440	0.78449
46	0.00920	0.00754	0.00812	0.00797	0.01029	0.00645	0.00598	0.01149	0.01794	0.02247	0.22750	0.06748	0.53598	0.01790	0.00877	0.00246	0.00370	0.01511	0.00721	0.00645
47	0.01264	0.00944	0.01313	0.01253	0.01439	0.01087	0.00984	0.08895	0.01459	0.02065	0.01965	0.02785	0.01787	0.05027	0.62851	0.01081	0.01853	0.00781	0.00438	0.00732
48	0.01051	0.00759	0.00992	0.00934	0.01109	0.00700	0.00700	0.01401	0.02101	0.02977	0.68888	0.05545	0.07005	0.01518	0.00876	0.00233	0.00350	0.01343	0.00817	0.00700
49	0.01985	0.74357	0.03890	0.01270	0.01905	0.02937	0.01270	0.02223	0.01508	0.01747	0.01032	0.01191	0.00953	0.00635	0.00476	0.00159	0.00794	0.00397	0.00318	0.00953
50	0.01289	0.00645	0.00967	0.00967	0.00967	0.00645	0.00645	0.00967	0.00967	0.01289	0.01289	0.02257	0.01289	0.02579	0.02901	0.78401	0.00645	0.00645	0.00322	0.00322
51	0.01868	0.01836	0.03025	0.04414	0.64722	0.04268	0.04348	0.02306	0.01707	0.02402	0.01391	0.01825	0.01166	0.00664	0.00737	0.00220	0.00911	0.00662	0.00368	0.01159
52	0.01737	0.01606	0.02626	0.32212	0.37423	0.01760	0.02119	0.07302	0.01750	0.02388	0.01396	0.01891	0.01106	0.00713	0.00739	0.00232	0.00921	0.00661	0.00382	0.01038
53	0.03331	0.01263	0.01723	0.01321	0.01895	0.01091	0.01091	0.03618	0.02125	0.69794	0.02929	0.02527	0.01838	0.00919	0.00747	0.00230	0.00632	0.00747	0.00919	0.01263
54	0.02649	0.01953	0.02126	0.01658	0.02206	0.02167	0.01364	0.60381	0.03265	0.04389	0.01803	0.01894	0.01321	0.01350	0.07631	0.00318	0.00932	0.00681	0.00709	0.01204
55	0.01592	0.09730	0.50582	0.02322	0.06578	0.01858	0.12463	0.02340	0.01597	0.02305	0.01335	0.01615	0.00982	0.00685	0.00713	0.00230	0.01083	0.00591	0.00326	0.01073
56	0.02848	0.02038	0.02202	0.01688	0.02281	0.02240	0.01395	0.63573	0.03421	0.08008	0.01841	0.01820	0.01292	0.00893	0.00743	0.00223	0.00807	0.00672	0.00752	0.01263
57	0.02698	0.03216	0.02197	0.02118	0.08109	0.56994	0.01505	0.10284	0.02228	0.02200	0.01242	0.01433	0.01011	0.00771	0.00684	0.00197	0.01239	0.00516	0.00423	0.00934
58	0.03331	0.01263	0.01723	0.01321	0.01895	0.01091	0.01091	0.03618	0.02125	0.69794	0.02929	0.02527	0.01838	0.00919	0.00747	0.00230	0.00632	0.00747	0.00919	0.01263
59	0.00877	0.00752	0.00752	0.00752	0.01003	0.00627	0.00564	0.01065	0.01692	0.02005	0.07520	0.07144	0.68978	0.01880	0.00877	0.00251	0.00376	0.01567	0.00689	0.00627
60	0.00910	0.00741	0.00805	0.00815	0.01029	0.00636	0.00602	0.01118	0.01730	0.02157	0.17502	0.14536	0.51092	0.01870	0.00885	0.00254	0.00378	0.01592	0.00711	0.00636
61	0.01078	0.00726	0.00843	0.00843	0.00854	0.00738	0.00491	0.01101	0.01089	0.01464	0.02309	0.04691	0.02626	0.68028	0.09561	0.00760	0.00829	0.01055	0.00445	0.00468
62	0.01419	0.01337	0.02258	0.69472	0.07633	0.01654	0.02070	0.01912	0.01493	0.01918	0.01322	0.01974	0.00997	0.00739	0.00742	0.00246	0.00985	0.00660	0.00331	0.00838
63	0.01402	0.01319	0.02227	0.72126	0.05113	0.01649	0.02062	0.01897	0.01484	0.01897	0.01319	0.01979	0.00990	0.00742	0.00742	0.00247	0.00990	0.00660	0.00330	0.00825
64	0.79154	0.01436	0.01091	0.00976	0.01436	0.01665	0.00804	0.02182	0.01263	0.03331	0.01034	0.01206	0.00804	0.00689	0.00459	0.00230	0.00574	0.00402	0.00459	0.00804
65	0.01062	0.00790	0.01167	0.01167	0.01291	0.00914	0.00895	0.01309	0.01185	0.01704	0.02012	0.03048	0.01913	0.10212	0.66403	0.01161	0.01902	0.00815	0.00401	0.00648
66	0.03244	0.01318	0.01746	0.01348	0.01917	0.01183	0.01111	0.06813	0.04913	0.63760	0.02875	0.02499	0.01826	0.00921	0.00747	0.00230	0.00639	0.00746	0.00903	0.01260
67	0.01951	0.01605	0.01707	0.01513	0.01947	0.01839	0.01183	0.06934	0.62275	0.05800	0.02959	0.02713	0.02201	0.00998	0.00754	0.00250	0.00600	0.00828	0.00761	0.01183
68	0.01489	0.03840	0.70064	0.02116	0.03213	0.01724	0.02743	0.02351	0.01567	0.02351	0.01332	0.01567	0.00940	0.00705	0.00705	0.00235	0.01097	0.00549	0.00313	0.01097
69	0.01558	0.01479	0.02509	0.47878	0.28140	0.01690	0.02139	0.02034	0.01558	0.02086	0.01347	0.01928	0.01056	0.00713	0.00740	0.00238	0.00951	0.00660	0.00343	0.00951
70	0.01725	0.02189	0.11052	0.03026	0.03812	0.01862	0.60099	0.02375	0.01733	0.02375	0.01485	0.01958	0.01108	0.00634	0.00859	0.00249	0.01236	0.00843	0.00369	0.01011
71	0.01873	0.01865	0.02873	0.10218	0.58421	0.07211	0.02193	0.02299	0.01705	0.02331	0.01370	0.01810	0.01142	0.00677	0.00730	0.00221	0.00927	0.00647	0.00365	0.01121
72	0.79154	0.01436	0.01091	0.00976	0.01436	0.01665	0.00804	0.02182	0.01263	0.03331	0.01034	0.01206	0.00804	0.00689	0.00459	0.00230	0.00574	0.00402	0.00459	0.00804
73	0.00919	0.00657	0.00878	0.01050	0.01100	0.00616	0.00715	0.01059	0.01436	0.01912	0.04084	0.70150	0.04878	0.02312	0.00951	0.00304	0.00443	0.05241	0.00689	0.00607
74	0.00904	0.00646	0.00861	0.01034	0.01077	0.00603	0.00689	0.01034	0.01421	0.01895	0.04092	0.73426	0.04910	0.02326	0.00948	0.00301	0.00431	0.02110	0.00689	0.00603
75	0.00892	0.00722	0.00793	0.00841	0.01028	0.00623	0.00606	0.01069	0.01630	0.02012	0.08941	0.26221	0.48043	0.01995	0.00898	0.00265	0.00391	0.01715	0.00694	0.00623
76	0.07938	0.00842	0.01036	0.00956	0.01175	0.00803	0.00728	0.01575	0.02030	0.06198	0.59849	0.05025	0.06220	0.01417	0.00833	0.00233	0.00383	0.01232	0.00791	0.00736
77	0.01590	0.09027	0.62740	0.02025	0.03069	0.01793	0.02575	0.02385	0.01582	0.04647	0.01365	0.01572	0.00972	0.00707	0.00690	0.00229	0.01058	0.00544	0.00335	0.01092
78	0.01837	0.01764	0.03013	0.04557	0.69279	0.01764	0.02278	0.02278	0.01690	0.02425	0.01396	0.01837	0.01176	0.00661	0.00735	0.00220	0.00882	0.00661	0.00367	0.01176
79	0.00904	0.00646	0.00861	0.01034	0.01077	0.00603	0.00689	0.01034	0.01421	0.01895	0.04092	0.73426	0.04910	0.02326	0.00948	0.00301	0.00431	0.02110	0.00689	0.00603
80	0.01948	0.69174	0.08754	0.01332	0.02001	0.02848	0.01378	0.02232	0.01513	0.01791	0.01054	0.01219	0.00952	0.00640	0.00493	0.00164	0.00816	0.00408	0.00317	0.00963
81	0.01061	0.00795	0.01193	0.01193	0.01326	0.00928	0.00928	0.01326	0.01193	0.01723	0.01988	0.02916	0.01856	0.05568	0.70968	0.01193	0.01988	0.00795	0.00398	0.00663
82	0.00892	0.00695	0.00811	0.00904	0.01043	0.00614	0.00631	0.01048	0.01546	0.01946	0.05676	0.42802	0.34511	0.02120	0.00915	0.00278	0.00405	0.01859	0.00689	0.00614
83	0.01752	0.02003	0.04380	0.03129	0.03880	0.01877	0.66583	0.02378	0.01752	0.02378	0.01502	0.02003	0.01126	0.00626	0.00876	0.00250	0.01252	0.00876	0.00375	0.01001
84	0.02822	0.02079	0.02228	0.01708	0.02302	0.02302	0.01411	0.66804	0.03490	0.04679	0.01782	0.01782	0.01262	0.00891	0.00743	0.00223	0.00817	0.00668	0.00743	0.01262
85	0.01642	0.01548	0.02583	0.16024	0.48649	0.01594	0.02017	0.02069	0.01682	0.02342	0.06437	0.02473	0.06083	0.00816	0.00755	0.00228	0.00831	0.00769	0.00413	0.01044
86	0.00955	0.00686	0.00877	0.00968	0.01048	0.00639	0.00656	0.01122	0.01549	0.02087	0.18331	0.46316	0.09257	0.10394	0.01254	0.00332	0.00443	0.01788	0.00690	0.00608
87	0.00903	0.00650	0.00857	0.01022	0.01074	0.00604	0.00684	0.01035	0.01433	0.01900	0.04235	0.70660	0.07583	0.02307	0.00945	0.00299	0.00428	0.02088	0.00689	0.00604
88	0.01584	0.01687	0.03433	0.21463	0.06278	0.01695	0.40980	0.02122	0.01648	0.02207	0.01687	0.08538	0.01438	0.00814	0.00842	0.00253	0.01093	0.00924	0.00392	0.00924
89	0.43373	0.05009	0.05032	0.13947	0.04467	0.01683	0.01233	0.02311	0.06247	0.05913	0.03683	0.01706	0.01230	0.00758	0.00581	0.00231	0.00691	0.00544	0.00474	0.00886
90	0.01061	0.00810	0.00889	0.00877	0.01098	0.00734	0.00642	0.01374	0.05959	0.04409	0.13380	0.13728	0.42903	0.07453	0.01100	0.00291	0.00428	0.01489	0.00697	0.00676
91	0.01071	0.00716	0.00812	0.00821	0.00823	0.00714	0.00462	0.01077	0.01097	0.01463	0.02429	0.08364	0.02812	0.70250	0.03634	0.00698	0.00705	0.01132	0.00462	0.00458
92	0.05620	0.01234	0.01330	0.01139	0.01380	0.01321	0.00817	0.24191	0.01986	0.02749	0.05481	0.03631	0.02320	0.40926	0.02399	0.00496	0.00728	0.00915	0.00572	0.00765
93	0.04708	0.00937	0.01074	0.01070	0.01280	0.00956	0.00788	0.01835	0.16292	0.02548	0.22521	0.26486	0.13315	0.01672	0.00853	0.00261	0.00442	0.01463	0.00730	0.00769
94	0.00936	0.00756	0.00823	0.00817	0.01037	0.00656	0.00612	0.01156	0.01750	0.02192	0.20110	0.06745	0.50178	0.05250	0.01021	0.00273	0.00399	0.03948	0.00705	0.00636
95	0.02714	0.01771	0.01989	0.01545	0.02087	0.01886	0.01268	0.47198	0.03070	0.16895	0.09758	0.02359	0.02036	0.00969	0.00759	0.00225	0.00728	0.00761	0.00785	0.01198
96	0.01837	0.01764	0.03013	0.04557	0.69279	0.01764	0.02278	0.02278	0.01690	0.02425	0.01396	0.01837	0.01176	0.00661	0.00735	0.00220	0.00882	0.00661	0.00367	0.01176
97	0.01539	0.01319	0.01539	0.01100	0.01759	0.00990	0.00880	0.01869	0.01539	0.02419	0.01319	0.01539	0.01100	0.00550	0.00550	0.00110	0.00550	0.00440	0.00440	0.78449
98	0.00910	0.00650	0.00866	0.01030	0.01078	0.00606	0.00690	0.01046	0.01445	0.01933	0.06338	0.71073	0.04983	0.02298	0.00945	0.00299	0.00428	0.02084	0.00694	0.00606
99	0.36857	0.01511	0.04153	0.19110	0.12497	0.01624	0.01442	0.02204	0.03579	0.04967	0.01441	0.01958	0.01166	0.00785	0.00626	0.00239	0.00749	0.03751	0.00445	0.00896
100	0.01820	0.01877	0.05105	0.14693	0.49069	0.06386	0.02149	0.02351	0.05017	0.02334	0.01447	0.01864	0.01179	0.00700	0.00732	0.00225	0.00922	0.00654	0.00380	0.01097
101	0.00987	0.00722	0.00908	0.00930	0.01063	0.00663	0.00660	0.01224	0.01770	0.02414	0.36698	0.25768	0.14165	0.07256	0.01116	0.00292	0.00405	0.01579	0.00735	0.00643
102	0.66710	0.01502	0.01253	0.01077	0.01558	0.01712	0.00888	0.09721	0.01562	0.06660	0.01211	0.01336	0.00906	0.00723	0.00506	0.00229	0.00605	0.00449	0.00514	0.00879
103	0.01833	0.01569	0.02098	0.02547	0.27167	0.01642	0.01512	0.15558	0.15381	0.02927	0.02962	0.06505	0.12931	0.01066	0.00775	0.00236	0.00702	0.00923	0.00592	0.01073
104	0.01224	0.00645	0.00949	0.00978	0.00986	0.00638	0.00652	0.00978	0.01044	0.01392	0.01763	0.14292	0.01902	0.02536	0.02571	0.65194	0.00609	0.00893	0.00384	0.00370
105	0.00925	0.00742	0.00820	0.00860	0.01055	0.00649	0.00638	0.01114	0.01638	0.02020	0.08959	0.17904	0.47517	0.05228	0.01033	0.00287	0.00425	0.06879	0.00683	0.00623
106	0.02441	0.02293	0.02021	0.01980	0.10045	0.26535	0.01389	0.11634	0.16367	0.10888	0.02209	0.02207	0.04891	0.00898	0.00726	0.00220	0.00917	0.00692	0.00591	0.01057
107	0.01532	0.03206	0.51234	0.02514	0.14292	0.01686	0.05449	0.02273	0.01572	0.02324	0.01394	0.01721	0.01049	0.01012	0.05314	0.00296	0.01126	0.00599	0.00331	0.01078
108	0.02508	0.01305	0.01601	0.01433	0.05144	0.05610	0.01068	0.05019	0.02075	0.39666	0.15940	0.09943	0.03056	0.01152	0.00786	0.00234	0.00621	0.00974	0.00807	0.01056
109	0.00997	0.03327	0.00984	0.00974	0.01069	0.00749	0.00670	0.01133	0.01392	0.01837	0.06500	0.39196	0.11698	0.17185	0.08368	0.00461	0.00646	0.01613	0.00603	0.00597

[dist]
# distance from previous block
# <min> <max>
0	7

[block]
# block no. 4 follows, 27 sequences, length 6
# corresponding to MSA columns:
# 434-439
name=unknown_E
#
# <colnr> <probs for GDERKNQSTAVLIFYWHMCP>
#	G	D	E	R	K	N	Q	S	T	A	V	L	I	F	Y	W	H	M	C	P
0	0.01717	0.02289	0.21695	0.04789	0.24999	0.03653	0.05956	0.08498	0.03789	0.02544	0.02036	0.07323	0.05604	0.00906	0.00759	0.00235	0.00903	0.00805	0.00443	0.01056
1	0.11851	0.12035	0.10395	0.17074	0.05222	0.11621	0.03949	0.06324	0.05802	0.02452	0.05420	0.01878	0.01418	0.00784	0.00668	0.00221	0.00903	0.00612	0.00434	0.00937
2	0.06775	0.01433	0.01710	0.01343	0.01866	0.01406	0.01101	0.21329	0.02435	0.37963	0.06918	0.02811	0.07489	0.01015	0.00749	0.00230	0.00643	0.00811	0.00819	0.01152
3	0.01775	0.01401	0.01484	0.01264	0.01648	0.03902	0.00999	0.23256	0.07706	0.03042	0.05437	0.06148	0.17369	0.01726	0.09058	0.00337	0.00777	0.00960	0.05145	0.06566
4	0.01808	0.02092	0.08993	0.02917	0.08365	0.01878	0.46838	0.06152	0.08289	0.02580	0.01645	0.02019	0.01234	0.00687	0.00833	0.00246	0.01123	0.00820	0.00428	0.01053
5	0.07489	0.01829	0.06217	0.10920	0.15780	0.07427	0.01598	0.02873	0.27185	0.02619	0.02146	0.02586	0.01738	0.00919	0.00737	0.00244	0.00796	0.05321	0.00540	0.01038

[dist]
# distance from previous block
# <min> <max>
0	1

[block]
# block no. 5 follows, 27 sequences, length 25
# corresponding to MSA columns:
# 441-465
name=unknown_F
#
# <colnr> <probs for GDERKNQSTAVLIFYWHMCP>
#	G	D	E	R	K	N	Q	S	T	A	V	L	I	F	Y	W	H	M	C	P
0	0.06334	0.13925	0.41723	0.02011	0.06989	0.05260	0.02169	0.06079	0.01708	0.05323	0.01359	0.01549	0.01007	0.00714	0.00661	0.00219	0.00983	0.00536	0.00380	0.01069
1	0.01567	0.01120	0.01190	0.01082	0.01384	0.05336	0.00829	0.02072	0.10758	0.13156	0.23620	0.07698	0.24348	0.01453	0.00830	0.00241	0.00500	0.01227	0.00753	0.00836
2	0.04050	0.02273	0.16891	0.02832	0.08565	0.01793	0.41262	0.02422	0.01704	0.06657	0.01523	0.01904	0.01125	0.00682	0.00852	0.00245	0.03014	0.00767	0.00398	0.01040
3	0.01621	0.27483	0.09337	0.01280	0.01752	0.11459	0.01188	0.01913	0.01702	0.02029	0.10564	0.07651	0.17012	0.01146	0.00693	0.00209	0.00735	0.00902	0.00490	0.00831
4	0.01204	0.00651	0.00943	0.00973	0.00987	0.00641	0.00648	0.00997	0.01090	0.01458	0.03954	0.15513	0.02179	0.04837	0.02508	0.59069	0.00599	0.00950	0.00409	0.00390
5	0.07284	0.01275	0.01422	0.01224	0.01610	0.01325	0.00962	0.10332	0.19620	0.15052	0.16131	0.03705	0.11934	0.03724	0.00877	0.00255	0.00552	0.00977	0.00755	0.00984
6	0.04437	0.02581	0.22021	0.12256	0.25725	0.12652	0.05312	0.02358	0.01681	0.02266	0.01321	0.01687	0.01034	0.00700	0.00715	0.00225	0.01038	0.00601	0.00353	0.01036
7	0.03889	0.01688	0.02404	0.42148	0.22679	0.08513	0.02006	0.04041	0.01656	0.02160	0.01330	0.01849	0.01042	0.00725	0.00725	0.00233	0.00977	0.00635	0.00361	0.00939
8	0.01078	0.00792	0.00994	0.01057	0.01197	0.00767	0.00799	0.01387	0.04675	0.02204	0.17315	0.20921	0.12514	0.12486	0.01352	0.00351	0.00525	0.18253	0.00682	0.00651
9	0.01851	0.01851	0.02904	0.11057	0.48352	0.06568	0.07605	0.02396	0.05708	0.02365	0.01478	0.01888	0.01203	0.00695	0.00744	0.00226	0.00938	0.00678	0.00389	0.01103
10	0.01015	0.00772	0.01024	0.01089	0.01180	0.00767	0.00772	0.01196	0.01531	0.02111	0.15833	0.52104	0.04833	0.02019	0.01032	0.00282	0.06005	0.01782	0.00674	0.03978
11	0.01289	0.00645	0.00967	0.00967	0.00967	0.00645	0.00645	0.00967	0.00967	0.01289	0.01289	0.02257	0.01289	0.02579	0.02901	0.78401	0.00645	0.00645	0.00322	0.00322
12	0.01065	0.00697	0.00929	0.01038	0.01129	0.00644	0.00714	0.01232	0.01550	0.05997	0.12405	0.60509	0.05002	0.02139	0.00927	0.00289	0.00432	0.01932	0.00719	0.00654
13	0.01693	0.02444	0.23887	0.06759	0.31445	0.06464	0.05983	0.02238	0.01652	0.02288	0.01570	0.07278	0.01363	0.00813	0.00746	0.00232	0.00973	0.00738	0.00375	0.01056
14	0.01580	0.18095	0.48967	0.01889	0.02777	0.01972	0.02285	0.02242	0.01511	0.02162	0.01278	0.01555	0.00987	0.00952	0.03996	0.00269	0.05600	0.00535	0.00319	0.01029
15	0.01201	0.00784	0.01008	0.01068	0.01196	0.00752	0.00757	0.01487	0.05435	0.07348	0.12703	0.44268	0.04562	0.08766	0.01182	0.00325	0.00486	0.05275	0.00706	0.00691
16	0.02539	0.01912	0.02076	0.01574	0.02182	0.02012	0.01294	0.52472	0.03060	0.04180	0.01680	0.01729	0.01227	0.00816	0.00700	0.00198	0.00758	0.00618	0.00676	0.18298
17	0.01039	0.06410	0.01125	0.00994	0.01152	0.00827	0.00735	0.01245	0.01634	0.02157	0.19593	0.35694	0.15091	0.04340	0.00983	0.00283	0.00454	0.04905	0.00682	0.00656
18	0.01279	0.00904	0.01038	0.00972	0.01094	0.00905	0.00635	0.08302	0.01422	0.01930	0.02413	0.12837	0.02673	0.48920	0.05750	0.00591	0.00737	0.01108	0.00509	0.05982
19	0.01643	0.01719	0.03401	0.16937	0.18760	0.01718	0.34680	0.02167	0.01662	0.02260	0.01622	0.06919	0.01373	0.00775	0.00823	0.00247	0.01059	0.00870	0.00386	0.00978
20	0.01843	0.04579	0.09362	0.03024	0.17382	0.09567	0.34040	0.02335	0.01710	0.02240	0.01397	0.01842	0.01105	0.00768	0.00910	0.04693	0.01119	0.00728	0.00364	0.00991
21	0.02231	0.01639	0.01813	0.01474	0.01961	0.01734	0.01176	0.35024	0.13008	0.07130	0.02342	0.13204	0.02003	0.01093	0.00753	0.00226	0.00677	0.00897	0.00707	0.10908
22	0.01430	0.06707	0.01516	0.01218	0.01476	0.01250	0.00954	0.11702	0.01615	0.02227	0.02081	0.09713	0.02031	0.10919	0.35576	0.00747	0.01324	0.00880	0.00483	0.06152
23	0.01709	0.01275	0.01510	0.10155	0.01952	0.01384	0.01052	0.24992	0.02096	0.02783	0.02561	0.16798	0.05098	0.21386	0.01627	0.00380	0.00719	0.01098	0.00597	0.00829
24	0.01867	0.21885	0.02194	0.01370	0.01739	0.13378	0.01119	0.10615	0.05164	0.02193	0.01805	0.07665	0.01716	0.08979	0.14721	0.00446	0.01076	0.00747	0.00465	0.00857

[dist]
# distance from previous block
# <min> <max>
7	13

[block]
# block no. 6 follows, 27 sequences, length 56
# corresponding to MSA columns:
# 479-534
name=unknown_G
#
# <colnr> <probs for GDERKNQSTAVLIFYWHMCP>
#	G	D	E	R	K	N	Q	S	T	A	V	L	I	F	Y	W	H	M	C	P
0	0.25698	0.04821	0.24158	0.06178	0.14434	0.05460	0.01820	0.02252	0.01538	0.02616	0.03826	0.01655	0.01177	0.00727	0.00633	0.00227	0.00864	0.00551	0.00393	0.00972
1	0.12224	0.05973	0.05736	0.01190	0.03988	0.01104	0.00962	0.01680	0.01776	0.04599	0.31549	0.04505	0.12012	0.04432	0.00905	0.00258	0.00529	0.05162	0.00647	0.00771
2	0.18734	0.32273	0.12505	0.01466	0.02096	0.11069	0.03164	0.02429	0.01590	0.06939	0.01236	0.01383	0.00986	0.00693	0.00560	0.00197	0.00862	0.00468	0.00399	0.00953
3	0.01828	0.06870	0.06089	0.02330	0.05101	0.01777	0.33405	0.07445	0.08659	0.05566	0.01994	0.02469	0.03770	0.08020	0.01095	0.00286	0.00986	0.00839	0.00480	0.00991
4	0.04382	0.00919	0.03306	0.03558	0.01433	0.00810	0.03542	0.01287	0.01532	0.02093	0.08370	0.38415	0.16212	0.04633	0.00992	0.00291	0.00521	0.04336	0.00634	0.02731
5	0.02281	0.01730	0.01968	0.01546	0.02071	0.01809	0.03184	0.43931	0.02795	0.03805	0.02053	0.12795	0.01794	0.01048	0.00746	0.00217	0.00726	0.00859	0.00673	0.13970
6	0.02070	0.45051	0.13353	0.01694	0.05832	0.12076	0.01577	0.06843	0.01748	0.02087	0.01165	0.01344	0.00985	0.00683	0.00570	0.00182	0.00921	0.00464	0.00358	0.00995
