[name]
unknown

[dist]
# distance from previous block
# <min> <max>
0	35

[block]
# block no. 0 follows, 29 sequences, length 21
# corresponding to MSA columns:
# 42-62
name=unknown_A
#
# <colnr> <probs for GDERKNQSTAVLIFYWHMCP>
#	G	D	E	R	K	N	Q	S	T	A	V	L	I	F	Y	W	H	M	C	P
0	0.05997	0.01141	0.01222	0.01079	0.01365	0.05975	0.00836	0.07434	0.04443	0.10457	0.42601	0.04155	0.07967	0.01245	0.00775	0.00221	0.00492	0.01054	0.00732	0.00806
1	0.07593	0.10738	0.08142	0.01400	0.01915	0.04194	0.01247	0.27928	0.04679	0.06966	0.11071	0.02376	0.04894	0.01035	0.02533	0.00235	0.00739	0.00712	0.00604	0.01000
2	0.46868	0.01365	0.01344	0.01107	0.01597	0.01448	0.00913	0.07581	0.01667	0.27391	0.01692	0.01649	0.01157	0.00754	0.00559	0.00220	0.00588	0.00522	0.00618	0.00961
3	0.00976	0.00746	0.00898	0.00868	0.01058	0.00682	0.00648	0.01309	0.04072	0.02526	0.45631	0.09598	0.25197	0.01586	0.00840	0.00233	0.00355	0.01377	0.00739	0.00661
4	0.01629	0.02279	0.17848	0.02804	0.03591	0.01771	0.54661	0.02276	0.01645	0.02276	0.01407	0.01836	0.01044	0.00616	0.00807	0.00237	0.01170	0.00776	0.00348	0.00979
5	0.00843	0.00714	0.00729	0.00740	0.00967	0.00600	0.00549	0.01020	0.01605	0.01916	0.06981	0.11630	0.65617	0.01834	0.00846	0.00244	0.00364	0.01540	0.00661	0.00600
6	0.00865	0.00629	0.00816	0.00966	0.01026	0.00581	0.00650	0.00994	0.01388	0.01828	0.04239	0.68042	0.10975	0.02190	0.00902	0.00285	0.00408	0.01974	0.00661	0.00581
7	0.02707	0.01995	0.02137	0.01638	0.02208	0.02208	0.01353	0.68159	0.03348	0.04488	0.01710	0.01710	0.01211	0.00855	0.00712	0.00214	0.00784	0.00641	0.00712	0.01211
8	0.01762	0.01692	0.02890	0.04371	0.70533	0.01692	0.02185	0.02185	0.01621	0.02326	0.01339	0.01762	0.01128	0.00634	0.00705	0.00211	0.00846	0.00634	0.00352	0.01128
9	0.02707	0.01995	0.02137	0.01638	0.02208	0.02208	0.01353	0.68159	0.03348	0.04488	0.01710	0.01710	0.01211	0.00855	0.00712	0.00214	0.00784	0.00641	0.00712	0.01211
10	0.01741	0.01670	0.02852	0.07875	0.67195	0.01686	0.02175	0.02167	0.01611	0.02301	0.01336	0.01769	0.01119	0.00638	0.00705	0.00213	0.00851	0.00634	0.00351	0.01111
11	0.00868	0.00620	0.00826	0.00991	0.01033	0.00578	0.00661	0.00991	0.01363	0.01818	0.03925	0.74510	0.04710	0.02231	0.00909	0.00289	0.00413	0.02024	0.00661	0.00578
12	0.01509	0.09959	0.51712	0.04889	0.03138	0.01782	0.12806	0.02231	0.01523	0.02188	0.01276	0.01551	0.00933	0.00660	0.00683	0.00221	0.01045	0.00567	0.00311	0.01015
13	0.01724	0.01652	0.02820	0.10758	0.64449	0.01682	0.02166	0.02151	0.01603	0.02279	0.01333	0.01775	0.01111	0.00642	0.00706	0.00214	0.00856	0.00634	0.00349	0.01097
14	0.01327	0.00664	0.00664	0.00664	0.00830	0.00664	0.00498	0.01659	0.01493	0.02655	0.02323	0.02655	0.01825	0.00830	0.00498	0.00166	0.00332	0.00664	0.78928	0.00664
15	0.01452	0.03520	0.65066	0.02120	0.03141	0.01667	0.08686	0.02257	0.01520	0.02257	0.01293	0.01542	0.00919	0.00669	0.00692	0.00227	0.01066	0.00555	0.00306	0.01044
16	0.01742	0.01671	0.02853	0.07808	0.67258	0.01686	0.02175	0.02167	0.01612	0.02301	0.01336	0.01769	0.01119	0.00638	0.00705	0.00213	0.00851	0.00634	0.00351	0.01111
17	0.04451	0.01592	0.01562	0.06366	0.01907	0.11687	0.01098	0.13695	0.17516	0.05239	0.21102	0.03087	0.05599	0.01051	0.00736	0.00222	0.00663	0.00859	0.00652	0.00918
18	0.02609	0.01996	0.02079	0.01626	0.02171	0.04643	0.01331	0.59226	0.10074	0.04235	0.01810	0.01792	0.01299	0.00862	0.00711	0.00215	0.00779	0.00651	0.00701	0.01189
19	0.02004	0.45549	0.14777	0.01430	0.02076	0.08721	0.01452	0.02436	0.05398	0.08283	0.01326	0.01421	0.01062	0.00677	0.00550	0.00179	0.00833	0.00468	0.00387	0.00969
20	0.02630	0.08842	0.02275	0.01614	0.02173	0.07200	0.01343	0.57477	0.03079	0.04035	0.01600	0.01627	0.01163	0.00824	0.00684	0.00206	0.00817	0.00604	0.00650	0.01156

[dist]
# distance from previous block
# <min> <max>
0	6

[block]
# block no. 1 follows, 29 sequences, length 35
# corresponding to MSA columns:
# 69-103
name=unknown_B
#
# <colnr> <probs for GDERKNQSTAVLIFYWHMCP>
#	G	D	E	R	K	N	Q	S	T	A	V	L	I	F	Y	W	H	M	C	P
0	0.18084	0.27429	0.05926	0.01453	0.04023	0.17431	0.01243	0.02507	0.05496	0.08548	0.01319	0.01420	0.01043	0.00697	0.00553	0.00190	0.00825	0.00470	0.00425	0.00919
1	0.06350	0.10865	0.05455	0.04014	0.04260	0.34520	0.01399	0.15710	0.03977	0.02458	0.01281	0.01436	0.01015	0.00733	0.00629	0.00191	0.01006	0.00505	0.00440	0.03755
2	0.00868	0.00620	0.00826	0.00991	0.01033	0.00578	0.00661	0.00991	0.01363	0.01818	0.03925	0.74510	0.04710	0.02231	0.00909	0.00289	0.00413	0.02024	0.00661	0.00578
3	0.02660	0.03394	0.02018	0.01834	0.02201	0.72116	0.01376	0.02843	0.02018	0.01743	0.01101	0.01284	0.00917	0.00734	0.00642	0.00183	0.01284	0.00459	0.00367	0.00825
4	0.01327	0.00664	0.00664	0.00664	0.00830	0.00664	0.00498	0.01659	0.01493	0.02655	0.02323	0.02655	0.01825	0.00830	0.00498	0.00166	0.00332	0.00664	0.78928	0.00664
5	0.01874	0.01580	0.01668	0.01470	0.01891	0.01819	0.01152	0.10830	0.62034	0.03144	0.02768	0.02553	0.02068	0.00954	0.00723	0.00238	0.00588	0.00787	0.00723	0.01136
6	0.02053	0.01933	0.02062	0.02217	0.17509	0.13994	0.01457	0.10140	0.29342	0.04628	0.01990	0.02044	0.01532	0.00852	0.00796	0.00225	0.04924	0.00676	0.00558	0.01067
7	0.01762	0.01692	0.02890	0.04371	0.70533	0.01692	0.02185	0.02185	0.01621	0.02326	0.01339	0.01762	0.01128	0.00634	0.00705	0.00211	0.00846	0.00634	0.00352	0.01128
8	0.00849	0.00722	0.00731	0.00729	0.00966	0.00604	0.00547	0.01036	0.01640	0.01963	0.09885	0.06788	0.67548	0.01789	0.00842	0.00240	0.00360	0.01494	0.00666	0.00604
9	0.00961	0.00726	0.00887	0.00847	0.01035	0.00652	0.00635	0.01253	0.01905	0.02592	0.52384	0.05752	0.24657	0.01554	0.00840	0.00229	0.00343	0.01348	0.00749	0.00652
10	0.00869	0.00676	0.00791	0.00860	0.01004	0.00598	0.00608	0.01039	0.01543	0.01965	0.11759	0.37306	0.34516	0.01963	0.00872	0.00261	0.00382	0.01718	0.00673	0.00598
11	0.02408	0.27528	0.02598	0.01620	0.02076	0.46233	0.01322	0.05041	0.01876	0.01822	0.01086	0.01252	0.00927	0.00696	0.00582	0.00174	0.01090	0.00439	0.00359	0.00870
12	0.01002	0.00716	0.00981	0.01145	0.01246	0.00694	0.00895	0.01224	0.01496	0.01968	0.03850	0.42540	0.04415	0.02104	0.00945	0.00308	0.00530	0.32666	0.00658	0.00616
13	0.03195	0.01212	0.01652	0.01267	0.01818	0.01047	0.01047	0.03470	0.02038	0.71026	0.02809	0.02424	0.01763	0.00881	0.00716	0.00220	0.00606	0.00716	0.00881	0.01212
14	0.00992	0.00727	0.00930	0.00879	0.01054	0.00665	0.00659	0.01313	0.01978	0.02766	0.64082	0.05467	0.12850	0.01489	0.00840	0.00226	0.00338	0.01309	0.00772	0.00665
15	0.01477	0.01266	0.01477	0.01055	0.01687	0.00949	0.00844	0.01793	0.01477	0.02320	0.01266	0.01477	0.01055	0.00527	0.00527	0.00105	0.00527	0.00422	0.00422	0.79328
16	0.02707	0.01995	0.02137	0.01638	0.02208	0.02208	0.01353	0.68159	0.03348	0.04488	0.01710	0.01710	0.01211	0.00855	0.00712	0.00214	0.00784	0.00641	0.00712	0.01211
17	0.50660	0.05047	0.16820	0.01358	0.01952	0.05671	0.05105	0.02184	0.01358	0.02791	0.01086	0.01284	0.00832	0.00663	0.00528	0.00218	0.00749	0.00447	0.00396	0.00853
18	0.02701	0.01925	0.02084	0.01607	0.02169	0.02115	0.01324	0.61382	0.05886	0.08763	0.01829	0.01794	0.01285	0.00861	0.00713	0.00215	0.00763	0.00653	0.00724	0.01208
19	0.02707	0.01995	0.02137	0.01638	0.02208	0.02208	0.01353	0.68159	0.03348	0.04488	0.01710	0.01710	0.01211	0.00855	0.00712	0.00214	0.00784	0.00641	0.00712	0.01211
20	0.80005	0.01377	0.01047	0.00936	0.01377	0.01597	0.00771	0.02093	0.01212	0.03195	0.00991	0.01157	0.00771	0.00661	0.00441	0.00220	0.00551	0.00386	0.00441	0.00771
21	0.51747	0.01779	0.01396	0.09013	0.01954	0.16323	0.01042	0.02283	0.01441	0.05846	0.01127	0.01322	0.00866	0.00692	0.00525	0.00214	0.00750	0.00443	0.00432	0.00805
22	0.01447	0.06461	0.68670	0.01998	0.03033	0.01699	0.02576	0.02250	0.01501	0.02233	0.01267	0.01489	0.00902	0.00674	0.00668	0.00223	0.01041	0.00521	0.00301	0.01047
23	0.03172	0.01248	0.01675	0.01284	0.01836	0.01100	0.01061	0.06431	0.02098	0.67981	0.02759	0.02391	0.01737	0.00880	0.00716	0.00220	0.00614	0.00713	0.00874	0.01212
24	0.02628	0.01933	0.02073	0.01598	0.02141	0.02137	0.01310	0.64989	0.03239	0.04341	0.01735	0.01849	0.01276	0.04355	0.00850	0.00236	0.00779	0.00660	0.00699	0.01174
25	0.00883	0.00703	0.00797	0.00852	0.01030	0.00617	0.00631	0.01068	0.01575	0.01958	0.09022	0.24692	0.44266	0.01914	0.00871	0.00260	0.00399	0.07193	0.00666	0.00603
26	0.00996	0.00727	0.00935	0.00883	0.01057	0.00667	0.00663	0.01321	0.01988	0.02789	0.65657	0.05429	0.11261	0.01481	0.00840	0.00225	0.00338	0.01303	0.00775	0.00667
27	0.03195	0.01212	0.01652	0.01267	0.01818	0.01047	0.01047	0.03470	0.02038	0.71026	0.02809	0.02424	0.01763	0.00881	0.00716	0.00220	0.00606	0.00716	0.00881	0.01212
28	0.01428	0.03683	0.71286	0.02030	0.03082	0.01654	0.02631	0.02255	0.01503	0.02255	0.01278	0.01503	0.00902	0.00677	0.00677	0.00226	0.01052	0.00526	0.00301	0.01052
29	0.00874	0.00704	0.00779	0.00800	0.00992	0.00609	0.00585	0.01071	0.01643	0.02062	0.17294	0.18863	0.47583	0.01822	0.00853	0.00246	0.00366	0.01561	0.00682	0.00609
30	0.01171	0.00824	0.01179	0.01038	0.01260	0.00758	0.04572	0.01518	0.01998	0.06689	0.62376	0.04959	0.06113	0.01374	0.00833	0.00225	0.00401	0.01230	0.00765	0.00719
31	0.01428	0.03683	0.71286	0.02030	0.03082	0.01654	0.02631	0.02255	0.01503	0.02255	0.01278	0.01503	0.00902	0.00677	0.00677	0.00226	0.01052	0.00526	0.00301	0.01052
32	0.01120	0.00753	0.00988	0.00915	0.01102	0.00691	0.00691	0.01453	0.02017	0.06346	0.66709	0.05171	0.06465	0.01426	0.00834	0.00224	0.00350	0.01258	0.00789	0.00700
33	0.01428	0.03683	0.71286	0.02030	0.03082	0.01654	0.02631	0.02255	0.01503	0.02255	0.01278	0.01503	0.00902	0.00677	0.00677	0.00226	0.01052	0.00526	0.00301	0.01052
34	0.06072	0.20555	0.51219	0.01774	0.02686	0.01926	0.02189	0.02217	0.01473	0.02172	0.01193	0.01398	0.00897	0.00660	0.00611	0.00208	0.00954	0.00484	0.00310	0.01003

[dist]
# distance from previous block
# <min> <max>
3	6

[block]
# block no. 2 follows, 29 sequences, length 61
# corresponding to MSA columns:
# 111-171
name=unknown_C
#
# <colnr> <probs for GDERKNQSTAVLIFYWHMCP>
#	G	D	E	R	K	N	Q	S	T	A	V	L	I	F	Y	W	H	M	C	P
0	0.02318	0.09837	0.02392	0.05653	0.04468	0.21331	0.06502	0.21816	0.07685	0.05366	0.01513	0.01659	0.01159	0.00791	0.00755	0.00209	0.04446	0.00594	0.00504	0.01002
1	0.02274	0.02655	0.02334	0.02790	0.28421	0.41842	0.01675	0.02634	0.04958	0.02024	0.01275	0.01531	0.01056	0.00706	0.00670	0.00197	0.01083	0.00542	0.00378	0.00955
2	0.01242	0.00838	0.01171	0.01309	0.01491	0.00830	0.01143	0.01567	0.01658	0.05300	0.03726	0.07774	0.03991	0.01917	0.00971	0.00323	0.00653	0.62750	0.00666	0.00681
3	0.01577	0.01705	0.03504	0.25367	0.06208	0.01728	0.44910	0.02131	0.01597	0.02136	0.01382	0.01909	0.01040	0.00637	0.00795	0.00238	0.01109	0.00768	0.00346	0.00912
4	0.01806	0.01604	0.01626	0.01464	0.01865	0.04561	0.01137	0.03746	0.66581	0.02930	0.02827	0.02602	0.02124	0.00957	0.00721	0.00239	0.00592	0.00791	0.00710	0.01115
5	0.00915	0.00652	0.00855	0.00952	0.01023	0.00610	0.00648	0.01084	0.01506	0.02051	0.20682	0.51963	0.05072	0.07155	0.01082	0.00301	0.00413	0.01767	0.00676	0.00592
6	0.01345	0.01266	0.02136	0.73264	0.04904	0.01582	0.01978	0.01819	0.01424	0.01819	0.01266	0.01898	0.00949	0.00712	0.00712	0.00237	0.00949	0.00633	0.00316	0.00791
7	0.01003	0.00989	0.06131	0.00939	0.01214	0.00775	0.00785	0.01396	0.05854	0.02343	0.29006	0.08806	0.35009	0.01563	0.00825	0.00236	0.00418	0.01334	0.00682	0.00691
8	0.01477	0.01266	0.01477	0.01055	0.01687	0.00949	0.00844	0.01793	0.01477	0.02320	0.01266	0.01477	0.01055	0.00527	0.00527	0.00105	0.00527	0.00422	0.00422	0.79328
9	0.01477	0.01266	0.01477	0.01055	0.01687	0.00949	0.00844	0.01793	0.01477	0.02320	0.01266	0.01477	0.01055	0.00527	0.00527	0.00105	0.00527	0.00422	0.00422	0.79328
10	0.01045	0.00766	0.00984	0.00922	0.01102	0.00725	0.00694	0.01461	0.05253	0.02861	0.66919	0.05191	0.06500	0.01432	0.00834	0.00225	0.00347	0.01265	0.00781	0.00694
11	0.00869	0.00699	0.00775	0.00806	0.00991	0.00605	0.00585	0.01056	0.01613	0.02017	0.14398	0.22280	0.47096	0.01858	0.00857	0.00250	0.00370	0.01596	0.00677	0.00605
12	0.01771	0.01530	0.01610	0.01449	0.01852	0.01771	0.01127	0.03784	0.69247	0.02979	0.02898	0.02657	0.02174	0.00966	0.00725	0.00242	0.00564	0.00805	0.00725	0.01127
13	0.00967	0.00726	0.00895	0.00853	0.01039	0.00654	0.00639	0.01264	0.01918	0.02624	0.54550	0.05699	0.22470	0.01542	0.00840	0.00228	0.00342	0.01341	0.00753	0.00654
14	0.02663	0.03309	0.02025	0.01823	0.02202	0.67867	0.01374	0.06814	0.02099	0.01910	0.01138	0.01310	0.00935	0.00741	0.00646	0.00185	0.01254	0.00470	0.00388	0.00849
15	0.01762	0.01692	0.02890	0.04371	0.70533	0.01692	0.02185	0.02185	0.01621	0.02326	0.01339	0.01762	0.01128	0.00634	0.00705	0.00211	0.00846	0.00634	0.00352	0.01128
16	0.02598	0.01940	0.02075	0.01616	0.02167	0.02157	0.01327	0.60643	0.11042	0.04311	0.01848	0.01820	0.01323	0.00868	0.00714	0.00217	0.00758	0.00660	0.00714	0.01201
17	0.03014	0.01338	0.01718	0.01312	0.01871	0.01223	0.01083	0.13545	0.02210	0.56382	0.02542	0.02254	0.01633	0.00856	0.00704	0.00212	0.00629	0.00686	0.00827	0.05960
18	0.03130	0.01251	0.01669	0.01287	0.01833	0.01113	0.01061	0.05887	0.04284	0.66327	0.02771	0.02405	0.01756	0.00883	0.00716	0.00221	0.00611	0.00716	0.00870	0.01209
19	0.01018	0.00759	0.01122	0.01122	0.01241	0.00878	0.00862	0.01257	0.01138	0.01636	0.01928	0.02911	0.01829	0.09574	0.67987	0.01117	0.01833	0.00779	0.00385	0.00623
20	0.03062	0.01182	0.01610	0.01244	0.01772	0.01024	0.01024	0.03341	0.02037	0.66882	0.06903	0.02600	0.02064	0.00916	0.00724	0.00221	0.00589	0.00751	0.00875	0.01179
21	0.01031	0.00794	0.01159	0.01162	0.01299	0.00755	0.05729	0.03743	0.01576	0.02130	0.14118	0.53075	0.04601	0.01925	0.00888	0.00274	0.00482	0.03953	0.00660	0.00649
22	0.01018	0.00760	0.01127	0.01127	0.01248	0.00881	0.00869	0.01261	0.01139	0.01640	0.01923	0.02884	0.01818	0.08592	0.68953	0.01123	0.01850	0.00776	0.00384	0.00626
23	0.01570	0.19718	0.44401	0.01924	0.02766	0.01972	0.08380	0.02189	0.01476	0.02085	0.01202	0.01464	0.00924	0.00697	0.00766	0.00217	0.06421	0.00530	0.00308	0.00992
24	0.00866	0.00625	0.00821	0.00978	0.01029	0.00579	0.00655	0.00993	0.01376	0.01823	0.04083	0.71253	0.07865	0.02210	0.00906	0.00287	0.00411	0.01999	0.00661	0.00579
25	0.01737	0.01495	0.01580	0.01432	0.01820	0.01726	0.01109	0.03677	0.66661	0.02934	0.02937	0.05394	0.02270	0.01014	0.00732	0.00243	0.00558	0.00852	0.00722	0.01106
26	0.01017	0.00763	0.01144	0.01144	0.01272	0.00890	0.00890	0.01272	0.01144	0.01653	0.01907	0.02797	0.01780	0.05340	0.72153	0.01144	0.01907	0.00763	0.00381	0.00636
27	0.00842	0.00721	0.00721	0.00721	0.00962	0.00601	0.00541	0.01022	0.01623	0.01924	0.07213	0.06853	0.70244	0.01803	0.00842	0.00240	0.00361	0.01503	0.00661	0.00601
28	0.01345	0.01266	0.02136	0.73264	0.04904	0.01582	0.01978	0.01819	0.01424	0.01819	0.01266	0.01898	0.00949	0.00712	0.00712	0.00237	0.00949	0.00633	0.00316	0.00791
29	0.01904	0.75404	0.03731	0.01218	0.01828	0.02818	0.01218	0.02132	0.01447	0.01675	0.00990	0.01142	0.00914	0.00609	0.00457	0.00152	0.00761	0.00381	0.00305	0.00914
30	0.00998	0.00727	0.00938	0.00886	0.01058	0.00668	0.00664	0.01325	0.01993	0.02801	0.66487	0.05408	0.10423	0.01476	0.00840	0.00225	0.00337	0.01300	0.00777	0.00668
31	0.02054	0.01277	0.01556	0.01143	0.01748	0.01028	0.00926	0.04863	0.01722	0.23607	0.01759	0.01778	0.01279	0.00649	0.00593	0.00145	0.00561	0.00521	0.00575	0.52217
32	0.01019	0.00756	0.01110	0.01110	0.01225	0.00871	0.00847	0.01249	0.01134	0.01627	0.01939	0.02973	0.01856	0.11894	0.65703	0.01102	0.01793	0.00789	0.00386	0.00617
33	0.01743	0.01672	0.02855	0.07588	0.67469	0.01687	0.02176	0.02168	0.01612	0.02303	0.01336	0.01769	0.01120	0.00638	0.00705	0.00213	0.00851	0.00634	0.00351	0.01112
34	0.01477	0.01266	0.01477	0.01055	0.01687	0.00949	0.00844	0.01793	0.01477	0.02320	0.01266	0.01477	0.01055	0.00527	0.00527	0.00105	0.00527	0.00422	0.00422	0.79328
35	0.01557	0.02263	0.20668	0.02609	0.03361	0.01673	0.46647	0.02178	0.01613	0.02240	0.01585	0.07235	0.01307	0.00741	0.00805	0.00240	0.01105	0.00850	0.00368	0.00955
36	0.01428	0.03683	0.71286	0.02030	0.03082	0.01654	0.02631	0.02255	0.01503	0.02255	0.01278	0.01503	0.00902	0.00677	0.00677	0.00226	0.01052	0.00526	0.00301	0.01052
37	0.01003	0.00711	0.00941	0.00965	0.01026	0.00759	0.00661	0.01130	0.01130	0.01561	0.02348	0.14162	0.02556	0.34541	0.32463	0.00825	0.01169	0.01065	0.00444	0.00540
38	0.01304	0.01044	0.01407	0.01291	0.01417	0.01265	0.01008	0.08080	0.01339	0.01910	0.01734	0.02710	0.01668	0.14619	0.39808	0.00806	0.16728	0.00763	0.00408	0.00693
39	0.01015	0.00728	0.00946	0.00902	0.01058	0.00679	0.00672	0.01326	0.01928	0.02718	0.62619	0.05371	0.06313	0.06963	0.01053	0.00263	0.00374	0.03666	0.00753	0.00653
40	0.01873	0.01937	0.02752	0.03170	0.34654	0.11484	0.14082	0.02620	0.15465	0.02370	0.01643	0.01908	0.01303	0.00709	0.00725	0.00219	0.00915	0.00683	0.00432	0.01055
41	0.01771	0.01530	0.01610	0.01449	0.01852	0.01771	0.01127	0.03784	0.69247	0.02979	0.02898	0.02657	0.02174	0.00966	0.00725	0.00242	0.00564	0.00805	0.00725	0.01127
42	0.01345	0.01266	0.02136	0.73264	0.04904	0.01582	0.01978	0.01819	0.01424	0.01819	0.01266	0.01898	0.00949	0.00712	0.00712	0.00237	0.00949	0.00633	0.00316	0.00791
43	0.01762	0.01692	0.02890	0.04371	0.70533	0.01692	0.02185	0.02185	0.01621	0.02326	0.01339	0.01762	0.01128	0.00634	0.00705	0.00211	0.00846	0.00634	0.00352	0.01128
44	0.01327	0.00664	0.00664	0.00664	0.00830	0.00664	0.00498	0.01659	0.01493	0.02655	0.02323	0.02655	0.01825	0.00830	0.00498	0.00166	0.00332	0.00664	0.78928	0.00664
45	0.01546	0.03403	0.60259	0.02085	0.03073	0.01708	0.08246	0.07177	0.01657	0.02424	0.01324	0.01555	0.00941	0.00683	0.00694	0.00226	0.01045	0.00562	0.00337	0.01056
46	0.01460	0.01274	0.01595	0.11694	0.02166	0.01079	0.01032	0.01794	0.01457	0.02228	0.01256	0.01541	0.01036	0.00576	0.00609	0.00131	0.02789	0.00459	0.00403	0.65421
47	0.01838	0.69832	0.03538	0.01213	0.01786	0.02674	0.01194	0.02068	0.01424	0.01674	0.01058	0.01266	0.00978	0.00962	0.05809	0.00226	0.00847	0.00409	0.00310	0.00893
48	0.03195	0.01212	0.01652	0.01267	0.01818	0.01047	0.01047	0.03470	0.02038	0.71026	0.02809	0.02424	0.01763	0.00881	0.00716	0.00220	0.00606	0.00716	0.00881	0.01212
49	0.55339	0.14734	0.01665	0.01073	0.01561	0.01867	0.00923	0.09337	0.01511	0.05022	0.01122	0.01251	0.00873	0.00679	0.00481	0.00207	0.00616	0.00422	0.00459	0.00857
50	0.05815	0.01258	0.01617	0.01240	0.01794	0.01110	0.01018	0.05011	0.04161	0.54521	0.02491	0.02227	0.01622	0.00824	0.00679	0.00204	0.00596	0.00662	0.00789	0.12359
51	0.02011	0.36723	0.02996	0.06348	0.14546	0.19235	0.01493	0.02275	0.01598	0.01820	0.01094	0.01354	0.00957	0.00680	0.00650	0.00183	0.04319	0.00472	0.00329	0.00917
52	0.00996	0.00756	0.00975	0.04848	0.01257	0.00709	0.00720	0.01312	0.01912	0.02630	0.54970	0.05408	0.17902	0.01478	0.00833	0.00228	0.00374	0.01291	0.00736	0.00666
53	0.01008	0.00728	0.00952	0.00896	0.01064	0.00672	0.00672	0.01344	0.02016	0.02855	0.70158	0.05319	0.06719	0.01456	0.00840	0.00224	0.00336	0.01288	0.00784	0.00672
54	0.10042	0.01782	0.05023	0.03541	0.41850	0.01712	0.21159	0.02205	0.01592	0.02403	0.01330	0.01737	0.01070	0.00629	0.00715	0.00221	0.00923	0.00665	0.00363	0.01039
55	0.00960	0.00814	0.00959	0.00934	0.01186	0.00728	0.03255	0.01250	0.04204	0.02012	0.06261	0.06697	0.54119	0.01752	0.00860	0.00255	0.00449	0.12010	0.00651	0.00644
56	0.01327	0.00664	0.00664	0.00664	0.00830	0.00664	0.00498	0.01659	0.01493	0.02655	0.02323	0.02655	0.01825	0.00830	0.00498	0.00166	0.00332	0.00664	0.78928	0.00664
57	0.01428	0.03683	0.71286	0.02030	0.03082	0.01654	0.02631	0.02255	0.01503	0.02255	0.01278	0.01503	0.00902	0.00677	0.00677	0.00226	0.01052	0.00526	0.00301	0.01052
58	0.01377	0.01285	0.02097	0.67903	0.04676	0.01596	0.01914	0.01966	0.06487	0.01906	0.01387	0.01955	0.01041	0.00731	0.00713	0.00238	0.00920	0.00646	0.00347	0.00816
59	0.00905	0.00680	0.00982	0.01084	0.01156	0.00635	0.03756	0.01051	0.01378	0.01839	0.03810	0.71172	0.04543	0.02156	0.00906	0.00287	0.00449	0.01970	0.00647	0.00596
60	0.01335	0.01247	0.02118	0.58786	0.06636	0.01487	0.05003	0.01797	0.01514	0.01984	0.09588	0.02308	0.01658	0.00794	0.00733	0.00235	0.00884	0.00722	0.00376	0.00796

[dist]
# distance from previous block
# <min> <max>
0	4

[block]
# block no. 3 follows, 29 sequences, length 73
# corresponding to MSA columns:
# 176-248
name=unknown_D
#
# <colnr> <probs for GDERKNQSTAVLIFYWHMCP>
#	G	D	E	R	K	N	Q	S	T	A	V	L	I	F	Y	W	H	M	C	P
0	0.01763	0.01880	0.02123	0.01842	0.01927	0.14485	0.01504	0.02018	0.04732	0.01783	0.01064	0.01566	0.00995	0.01142	0.01956	0.00285	0.57184	0.00603	0.00342	0.00805
1	0.00891	0.00717	0.00787	0.00781	0.00985	0.00621	0.00577	0.01102	0.01690	0.02136	0.22743	0.09849	0.48740	0.04071	0.00933	0.00253	0.00368	0.01460	0.00685	0.00612
2	0.00856	0.00702	0.00743	0.00772	0.00965	0.00602	0.00557	0.01017	0.01547	0.01877	0.06380	0.18664	0.55243	0.05613	0.00995	0.00272	0.00387	0.01571	0.00649	0.00588
3	0.01390	0.03291	0.60625	0.01956	0.02905	0.01558	0.05845	0.02148	0.01545	0.02270	0.05064	0.01991	0.04743	0.00769	0.00702	0.00227	0.00989	0.00631	0.00347	0.01005
4	0.02047	0.02109	0.02452	0.01998	0.02311	0.19481	0.13156	0.09103	0.03897	0.04989	0.01286	0.01640	0.01059	0.00940	0.01364	0.00251	0.29976	0.00632	0.00412	0.00896
5	0.01807	0.01523	0.01609	0.01430	0.01825	0.01750	0.01109	0.08680	0.60611	0.03015	0.02772	0.02685	0.02120	0.04734	0.00872	0.00262	0.00587	0.00804	0.00709	0.01098
6	0.01607	0.02062	0.12440	0.11686	0.03789	0.01755	0.51404	0.02220	0.01626	0.02220	0.01398	0.01865	0.01041	0.00624	0.00803	0.00238	0.01150	0.00775	0.00347	0.00951
7	0.01477	0.01266	0.01477	0.01055	0.01687	0.00949	0.00844	0.01793	0.01477	0.02320	0.01266	0.01477	0.01055	0.00527	0.00527	0.00105	0.00527	0.00422	0.00422	0.79328
8	0.01204	0.01013	0.01083	0.01025	0.01310	0.01034	0.00789	0.02061	0.25670	0.02426	0.13651	0.05211	0.35393	0.01468	0.00805	0.00242	0.00441	0.03676	0.00699	0.00799
9	0.01327	0.00664	0.00664	0.00664	0.00830	0.00664	0.00498	0.01659	0.01493	0.02655	0.02323	0.02655	0.01825	0.00830	0.00498	0.00166	0.00332	0.00664	0.78928	0.00664
10	0.01327	0.00664	0.00664	0.00664	0.00830	0.00664	0.00498	0.01659	0.01493	0.02655	0.02323	0.02655	0.01825	0.00830	0.00498	0.00166	0.00332	0.00664	0.78928	0.00664
11	0.01541	0.01264	0.01483	0.01063	0.01692	0.00953	0.00851	0.01855	0.01497	0.04879	0.01323	0.01512	0.01081	0.00541	0.00534	0.00110	0.00530	0.00433	0.00439	0.76419
12	0.01327	0.00664	0.00664	0.00664	0.00830	0.00664	0.00498	0.01659	0.01493	0.02655	0.02323	0.02655	0.01825	0.00830	0.00498	0.00166	0.00332	0.00664	0.78928	0.00664
13	0.80005	0.01377	0.01047	0.00936	0.01377	0.01597	0.00771	0.02093	0.01212	0.03195	0.00991	0.01157	0.00771	0.00661	0.00441	0.00220	0.00551	0.00386	0.00441	0.00771
14	0.04708	0.18894	0.02048	0.01158	0.01756	0.03687	0.00984	0.04536	0.03614	0.05880	0.01332	0.01473	0.01083	0.00602	0.00534	0.00137	0.00622	0.00447	0.00437	0.46067
15	0.01643	0.01888	0.05905	0.08430	0.07166	0.01799	0.52869	0.02201	0.01612	0.02208	0.01382	0.01873	0.01057	0.00657	0.00919	0.00243	0.06060	0.00789	0.00351	0.00947
16	0.01366	0.01279	0.02109	0.69641	0.04750	0.01592	0.01935	0.01918	0.04845	0.01878	0.01348	0.01937	0.01011	0.00725	0.00713	0.00238	0.00930	0.00641	0.00337	0.00808
17	0.01345	0.01266	0.02136	0.73264	0.04904	0.01582	0.01978	0.01819	0.01424	0.01819	0.01266	0.01898	0.00949	0.00712	0.00712	0.00237	0.00949	0.00633	0.00316	0.00791
18	0.01124	0.00772	0.01028	0.01027	0.01210	0.00727	0.00822	0.01451	0.01894	0.05122	0.46308	0.06055	0.07630	0.01595	0.00878	0.00255	0.00441	0.20229	0.00746	0.00685
19	0.01477	0.01266	0.01477	0.01055	0.01687	0.00949	0.00844	0.01793	0.01477	0.02320	0.01266	0.01477	0.01055	0.00527	0.00527	0.00105	0.00527	0.00422	0.00422	0.79328
20	0.02658	0.01970	0.02109	0.01628	0.02190	0.02185	0.01342	0.64789	0.06798	0.04409	0.01772	0.01759	0.01261	0.00861	0.00713	0.00215	0.00772	0.00650	0.00713	0.01207
21	0.02668	0.01975	0.02115	0.01631	0.02194	0.02190	0.01344	0.65520	0.06049	0.04426	0.01758	0.01748	0.01250	0.00859	0.00713	0.00215	0.00775	0.00648	0.00713	0.01208
22	0.01327	0.00664	0.00664	0.00664	0.00830	0.00664	0.00498	0.01659	0.01493	0.02655	0.02323	0.02655	0.01825	0.00830	0.00498	0.00166	0.00332	0.00664	0.78928	0.00664
23	0.80005	0.01377	0.01047	0.00936	0.01377	0.01597	0.00771	0.02093	0.01212	0.03195	0.00991	0.01157	0.00771	0.00661	0.00441	0.00220	0.00551	0.00386	0.00441	0.00771
24	0.02481	0.15989	0.02299	0.01706	0.02118	0.56314	0.01335	0.02766	0.05348	0.01794	0.01173	0.01329	0.00981	0.00724	0.00614	0.00181	0.01155	0.00463	0.00374	0.00856
25	0.00977	0.00705	0.00787	0.00779	0.00871	0.00662	0.00498	0.01077	0.01345	0.01751	0.13631	0.05375	0.22270	0.43535	0.02430	0.00495	0.00545	0.01204	0.00548	0.00515
26	0.01036	0.00690	0.00777	0.00777	0.00777	0.00690	0.00431	0.01036	0.01036	0.01381	0.02244	0.04660	0.02589	0.74975	0.03624	0.00690	0.00690	0.01036	0.00431	0.00431
27	0.01862	0.69113	0.09656	0.01290	0.01938	0.02715	0.01342	0.02143	0.01452	0.01726	0.01015	0.01174	0.00913	0.00615	0.00476	0.00159	0.00787	0.00394	0.00304	0.00926
28	0.01762	0.01692	0.02890	0.04371	0.70533	0.01692	0.02185	0.02185	0.01621	0.02326	0.01339	0.01762	0.01128	0.00634	0.00705	0.00211	0.00846	0.00634	0.00352	0.01128
29	0.00971	0.00694	0.00945	0.01110	0.01196	0.00668	0.00841	0.01170	0.01465	0.01934	0.03868	0.49939	0.04484	0.02133	0.00936	0.00303	0.00503	0.25575	0.00659	0.00607
30	0.01164	0.00921	0.01089	0.01123	0.01347	0.00933	0.00900	0.01797	0.16260	0.02281	0.09279	0.12895	0.21483	0.01696	0.00872	0.00275	0.00511	0.23756	0.00682	0.00737
31	0.01749	0.01683	0.02844	0.04208	0.66064	0.01724	0.02144	0.02155	0.01587	0.02286	0.01313	0.01749	0.01115	0.00674	0.00811	0.00218	0.05586	0.00634	0.00350	0.01105
32	0.80005	0.01377	0.01047	0.00936	0.01377	0.01597	0.00771	0.02093	0.01212	0.03195	0.00991	0.01157	0.00771	0.00661	0.00441	0.00220	0.00551	0.00386	0.00441	0.00771
33	0.01762	0.01692	0.02890	0.04371	0.70533	0.01692	0.02185	0.02185	0.01621	0.02326	0.01339	0.01762	0.01128	0.00634	0.00705	0.00211	0.00846	0.00634	0.00352	0.01128
34	0.03045	0.01243	0.01745	0.03840	0.06153	0.01104	0.01148	0.03336	0.01992	0.64504	0.02668	0.02366	0.01697	0.00861	0.00715	0.00220	0.00632	0.00708	0.00830	0.01193
35	0.02660	0.03394	0.02018	0.01834	0.02201	0.72116	0.01376	0.02843	0.02018	0.01743	0.01101	0.01284	0.00917	0.00734	0.00642	0.00183	0.01284	0.00459	0.00367	0.00825
36	0.01771	0.01530	0.01610	0.01449	0.01852	0.01771	0.01127	0.03784	0.69247	0.02979	0.02898	0.02657	0.02174	0.00966	0.00725	0.00242	0.00564	0.00805	0.00725	0.01127
37	0.03195	0.01212	0.01652	0.01267	0.01818	0.01047	0.01047	0.03470	0.02038	0.71026	0.02809	0.02424	0.01763	0.00881	0.00716	0.00220	0.00606	0.00716	0.00881	0.01212
38	0.01558	0.01558	0.02181	0.01869	0.01869	0.02181	0.01558	0.01714	0.01091	0.01714	0.00935	0.01558	0.00935	0.01246	0.02337	0.00312	0.73672	0.00623	0.00312	0.00779
39	0.01327	0.00664	0.00664	0.00664	0.00830	0.00664	0.00498	0.01659	0.01493	0.02655	0.02323	0.02655	0.01825	0.00830	0.00498	0.00166	0.00332	0.00664	0.78928	0.00664
40	0.00898	0.00643	0.00854	0.00971	0.01040	0.00599	0.00663	0.01068	0.01506	0.02045	0.18400	0.59388	0.05149	0.02061	0.00894	0.00275	0.00396	0.01863	0.00688	0.00599
41	0.01345	0.01266	0.02136	0.73264	0.04904	0.01582	0.01978	0.01819	0.01424	0.01819	0.01266	0.01898	0.00949	0.00712	0.00712	0.00237	0.00949	0.00633	0.00316	0.00791
42	0.01035	0.00693	0.00790	0.00790	0.00795	0.00698	0.00449	0.01044	0.01040	0.01391	0.02231	0.04591	0.02559	0.72387	0.06171	0.00707	0.00736	0.01025	0.00430	0.00439
43	0.01487	0.01275	0.01481	0.01069	0.01693	0.00979	0.00854	0.01864	0.03891	0.02344	0.01324	0.01519	0.01095	0.00543	0.00534	0.00110	0.00529	0.00436	0.00433	0.76542
44	0.67361	0.11044	0.01431	0.00996	0.01462	0.01776	0.00848	0.04205	0.01311	0.03038	0.01014	0.01172	0.00804	0.00660	0.00451	0.00211	0.00586	0.00393	0.00432	0.00804
45	0.01889	0.73131	0.05872	0.01244	0.01867	0.02781	0.01263	0.02136	0.01449	0.01694	0.00999	0.01154	0.00913	0.00611	0.00464	0.00155	0.00771	0.00385	0.00304	0.00918
46	0.01237	0.00618	0.00928	0.00928	0.00928	0.00618	0.00618	0.00928	0.00928	0.01237	0.01237	0.02165	0.01237	0.02474	0.02783	0.79283	0.00618	0.00618	0.00309	0.00309
47	0.01035	0.00694	0.00795	0.00795	0.00802	0.00700	0.00455	0.01047	0.01041	0.01394	0.02227	0.04566	0.02548	0.71463	0.07081	0.00713	0.00752	0.01022	0.00429	0.00442
48	0.01558	0.01558	0.02181	0.01869	0.01869	0.02181	0.01558	0.01714	0.01091	0.01714	0.00935	0.01558	0.00935	0.01246	0.02337	0.00312	0.73672	0.00623	0.00312	0.00779
49	0.01008	0.00728	0.00952	0.00896	0.01064	0.00672	0.00672	0.01344	0.02016	0.02855	0.70158	0.05319	0.06719	0.01456	0.00840	0.00224	0.00336	0.01288	0.00784	0.00672
50	0.01035	0.00693	0.00791	0.00791	0.00795	0.00698	0.00449	0.01045	0.01040	0.01391	0.02231	0.04589	0.02558	0.72321	0.06236	0.00708	0.00737	0.01025	0.00430	0.00439
51	0.69676	0.01460	0.01192	0.01030	0.01488	0.01679	0.00849	0.10921	0.01497	0.03368	0.01087	0.01231	0.00830	0.00687	0.00477	0.00219	0.00582	0.00420	0.00477	0.00830
52	0.00842	0.00721	0.00721	0.00721	0.00962	0.00601	0.00541	0.01022	0.01623	0.01924	0.07213	0.06853	0.70244	0.01803	0.00842	0.00240	0.00361	0.01503	0.00661	0.00601
53	0.80005	0.01377	0.01047	0.00936	0.01377	0.01597	0.00771	0.02093	0.01212	0.03195	0.00991	0.01157	0.00771	0.00661	0.00441	0.00220	0.00551	0.00386	0.00441	0.00771
54	0.01652	0.01850	0.03958	0.09683	0.06323	0.01776	0.59271	0.02234	0.01654	0.02239	0.01420	0.01913	0.01070	0.00612	0.00823	0.00239	0.01164	0.00813	0.00356	0.00951
55	0.01372	0.01291	0.02227	0.61600	0.04495	0.01570	0.06768	0.01803	0.01404	0.01819	0.01265	0.01901	0.00973	0.00816	0.00891	0.04379	0.03682	0.00647	0.00319	0.00778
56	0.02541	0.01912	0.02044	0.01605	0.02145	0.02131	0.01313	0.56738	0.15040	0.04220	0.01920	0.01878	0.01382	0.00875	0.00714	0.00219	0.00745	0.00670	0.00714	0.01196
57	0.00895	0.00669	0.00831	0.00905	0.01023	0.00606	0.00635	0.01083	0.01580	0.02090	0.20465	0.42032	0.20697	0.01945	0.00877	0.00262	0.00382	0.01726	0.00690	0.00606
58	0.80005	0.01377	0.01047	0.00936	0.01377	0.01597	0.00771	0.02093	0.01212	0.03195	0.00991	0.01157	0.00771	0.00661	0.00441	0.00220	0.00551	0.00386	0.00441	0.00771
59	0.01036	0.00690	0.00777	0.00777	0.00777	0.00690	0.00431	0.01036	0.01036	0.01381	0.02244	0.04660	0.02589	0.74975	0.03624	0.00690	0.00690	0.01036	0.00431	0.00431
60	0.02603	0.01943	0.02078	0.01617	0.02169	0.02160	0.01328	0.60990	0.10686	0.04320	0.01842	0.01815	0.01318	0.00867	0.00714	0.00217	0.00759	0.00659	0.00714	0.01202
61	0.00964	0.00726	0.00891	0.00850	0.01037	0.00653	0.00637	0.01259	0.01912	0.02610	0.53564	0.05723	0.23466	0.01547	0.00840	0.00228	0.00342	0.01344	0.00752	0.00653
62	0.01337	0.01266	0.02158	0.62619	0.04493	0.01545	0.05331	0.01785	0.01423	0.01840	0.01442	0.06730	0.01206	0.00823	0.00781	0.00243	0.03115	0.00736	0.00342	0.00785
63	0.00888	0.00723	0.00786	0.00770	0.00990	0.00621	0.00578	0.01112	0.01733	0.02185	0.24843	0.06423	0.52452	0.01706	0.00841	0.00236	0.00354	0.01443	0.00696	0.00621
64	0.01554	0.12321	0.44234	0.02183	0.05508	0.01858	0.14306	0.02213	0.01511	0.02160	0.01255	0.01546	0.00946	0.00682	0.00766	0.00223	0.04837	0.00574	0.00315	0.01006
65	0.00993	0.00716	0.00944	0.00943	0.01089	0.00666	0.00705	0.01291	0.01873	0.02619	0.53572	0.17713	0.06171	0.01630	0.00863	0.00243	0.00373	0.06188	0.00753	0.00654
66	0.01762	0.01692	0.02890	0.04371	0.70533	0.01692	0.02185	0.02185	0.01621	0.02326	0.01339	0.01762	0.01128	0.00634	0.00705	0.00211	0.00846	0.00634	0.00352	0.01128
67	0.01897	0.01619	0.01887	0.01942	0.12875	0.01818	0.01327	0.12311	0.49451	0.03080	0.02487	0.02385	0.01875	0.00898	0.00720	0.00233	0.00639	0.00755	0.00663	0.01139
68	0.59367	0.01468	0.01690	0.06294	0.04455	0.01632	0.11637	0.02108	0.01316	0.02925	0.01094	0.01351	0.00845	0.00654	0.00532	0.00224	0.00692	0.00484	0.00416	0.00815
69	0.02380	0.01872	0.01948	0.01575	0.02075	0.04611	0.01274	0.44910	0.22473	0.03859	0.02040	0.02004	0.01499	0.01020	0.02903	0.00249	0.00772	0.00686	0.00693	0.01155
70	0.01676	0.01642	0.02880	0.16094	0.43621	0.01695	0.12585	0.02245	0.06195	0.02274	0.01449	0.01872	0.01160	0.00665	0.00729	0.00223	0.00902	0.00679	0.00373	0.01042
71	0.01236	0.01152	0.01072	0.01008	0.01223	0.12072	0.00756	0.01513	0.01931	0.02475	0.45443	0.05008	0.19598	0.01416	0.00809	0.00221	0.00493	0.01202	0.00691	0.00681
72	0.02707	0.01995	0.02137	0.01638	0.02208	0.02208	0.01353	0.68159	0.03348	0.04488	0.01710	0.01710	0.01211	0.00855	0.00712	0.00214	0.00784	0.00641	0.00712	0.01211

[dist]
# distance from previous block
# <min> <max>
0	1

[block]
# block no. 4 follows, 29 sequences, length 13
# corresponding to MSA columns:
# 250-262
name=unknown_E
#
# <colnr> <probs for GDERKNQSTAVLIFYWHMCP>
#	G	D	E	R	K	N	Q	S	T	A	V	L	I	F	Y	W	H	M	C	P
0	0.01428	0.03683	0.71286	0.02030	0.03082	0.01654	0.02631	0.02255	0.01503	0.02255	0.01278	0.01503	0.00902	0.00677	0.00677	0.00226	0.01052	0.00526	0.00301	0.01052
1	0.00995	0.00718	0.00940	0.00905	0.01061	0.00663	0.00671	0.01311	0.01956	0.02760	0.64066	0.11682	0.06534	0.01527	0.00846	0.00230	0.00343	0.01355	0.00773	0.00663
2	0.01101	0.00878	0.00983	0.00930	0.01170	0.00845	0.00704	0.04408	0.10531	0.02487	0.27966	0.09279	0.32940	0.01558	0.00824	0.00236	0.00400	0.01330	0.00714	0.00719
3	0.00960	0.00719	0.00890	0.00863	0.01038	0.00649	0.00641	0.01245	0.01879	0.02568	0.50992	0.10595	0.21161	0.01591	0.00845	0.00232	0.00347	0.01390	0.00747	0.00649
4	0.64354	0.01444	0.01231	0.01051	0.01516	0.01634	0.00866	0.10645	0.01547	0.08452	0.01220	0.01323	0.00902	0.00702	0.00496	0.00219	0.00585	0.00443	0.00508	0.00860
5	0.01477	0.01266	0.01477	0.01055	0.01687	0.00949	0.00844	0.01793	0.01477	0.02320	0.01266	0.01477	0.01055	0.00527	0.00527	0.00105	0.00527	0.00422	0.00422	0.79328
6	0.11297	0.09595	0.51295	0.01844	0.02749	0.01777	0.04714	0.04836	0.01542	0.02410	0.01240	0.01452	0.00906	0.00673	0.00635	0.00218	0.00959	0.00512	0.00337	0.01008
7	0.02660	0.03394	0.02018	0.01834	0.02201	0.72116	0.01376	0.02843	0.02018	0.01743	0.01101	0.01284	0.00917	0.00734	0.00642	0.00183	0.01284	0.00459	0.00367	0.00825
8	0.01370	0.01292	0.02182	0.69066	0.08903	0.01589	0.01990	0.01842	0.01436	0.01850	0.01270	0.01890	0.00960	0.00707	0.00711	0.00236	0.00943	0.00633	0.00319	0.00812
9	0.01908	0.01547	0.01650	0.01454	0.01875	0.01766	0.01139	0.08349	0.61240	0.06445	0.02809	0.02578	0.02085	0.00954	0.00723	0.00238	0.00581	0.00789	0.00731	0.01137
10	0.02586	0.01077	0.01458	0.01164	0.01608	0.00942	0.00942	0.02878	0.02032	0.52057	0.21550	0.03229	0.03142	0.01041	0.00751	0.00221	0.00531	0.00875	0.00854	0.01062
11	0.01399	0.01166	0.01259	0.01177	0.01484	0.01254	0.00905	0.04902	0.35396	0.02612	0.09209	0.10720	0.20590	0.01370	0.00790	0.00246	0.00491	0.03435	0.00704	0.00891
12	0.02786	0.01868	0.02058	0.01578	0.02145	0.02020	0.01304	0.57676	0.03136	0.15271	0.01888	0.01825	0.01300	0.00859	0.00713	0.00215	0.00755	0.00653	0.00740	0.01211

[dist]
# distance from previous block
# <min> <max>
0	1

[block]
# block no. 5 follows, 29 sequences, length 33
# corresponding to MSA columns:
# 264-296
name=unknown_F
#
# <colnr> <probs for GDERKNQSTAVLIFYWHMCP>
#	G	D	E	R	K	N	Q	S	T	A	V	L	I	F	Y	W	H	M	C	P
0	0.01967	0.69369	0.03588	0.01270	0.01859	0.08625	0.01232	0.02192	0.01495	0.01681	0.00999	0.01154	0.00914	0.00620	0.00472	0.00155	0.00805	0.00387	0.00310	0.00906
1	0.02445	0.06101	0.02268	0.02326	0.16122	0.54814	0.01534	0.02679	0.01913	0.01859	0.01145	0.01376	0.00960	0.00708	0.00647	0.00188	0.01173	0.00491	0.00361	0.00891
2	0.01036	0.00690	0.00777	0.00777	0.00777	0.00690	0.00431	0.01036	0.01036	0.01381	0.02244	0.04660	0.02589	0.74975	0.03624	0.00690	0.00690	0.01036	0.00431	0.00431
3	0.00873	0.00624	0.00831	0.00988	0.01034	0.00582	0.00661	0.01005	0.01387	0.01856	0.06374	0.71951	0.04784	0.02202	0.00906	0.00287	0.00410	0.01997	0.00666	0.00582
4	0.01469	0.01393	0.02361	0.52681	0.24512	0.01615	0.02040	0.01929	0.01483	0.01971	0.01288	0.01858	0.01003	0.00689	0.00710	0.00230	0.00918	0.00633	0.00327	0.00892
5	0.01223	0.00776	0.01021	0.00932	0.01138	0.00709	0.00709	0.01553	0.02018	0.09566	0.63528	0.05034	0.06231	0.01399	0.00828	0.00224	0.00363	0.01231	0.00793	0.00725
6	0.02660	0.03394	0.02018	0.01834	0.02201	0.72116	0.01376	0.02843	0.02018	0.01743	0.01101	0.01284	0.00917	0.00734	0.00642	0.00183	0.01284	0.00459	0.00367	0.00825
7	0.00868	0.00620	0.00826	0.00991	0.01033	0.00578	0.00661	0.00991	0.01363	0.01818	0.03925	0.74510	0.04710	0.02231	0.00909	0.00289	0.00413	0.02024	0.00661	0.00578
8	0.00868	0.00722	0.00758	0.00749	0.00978	0.00612	0.00562	0.01073	0.01685	0.02071	0.17153	0.06611	0.60213	0.01748	0.00841	0.00238	0.00357	0.01469	0.00681	0.00612
9	0.80005	0.01377	0.01047	0.00936	0.01377	0.01597	0.00771	0.02093	0.01212	0.03195	0.00991	0.01157	0.00771	0.00661	0.00441	0.00220	0.00551	0.00386	0.00441	0.00771
10	0.01904	0.75404	0.03731	0.01218	0.01828	0.02818	0.01218	0.02132	0.01447	0.01675	0.00990	0.01142	0.00914	0.00609	0.00457	0.00152	0.00761	0.00381	0.00305	0.00914
11	0.01025	0.00710	0.00891	0.00897	0.00937	0.00748	0.00580	0.01107	0.01079	0.01478	0.02194	0.06320	0.02408	0.51226	0.24621	0.00817	0.01056	0.00983	0.00423	0.00499
12	0.07573	0.00937	0.01163	0.01012	0.01302	0.00889	0.00790	0.04636	0.02015	0.18004	0.47187	0.04213	0.04944	0.01244	0.00777	0.00222	0.00430	0.01066	0.00776	0.00821
13	0.80005	0.01377	0.01047	0.00936	0.01377	0.01597	0.00771	0.02093	0.01212	0.03195	0.00991	0.01157	0.00771	0.00661	0.00441	0.00220	0.00551	0.00386	0.00441	0.00771
14	0.01017	0.00763	0.01144	0.01144	0.01272	0.00890	0.00890	0.01272	0.01144	0.01653	0.01907	0.02797	0.01780	0.05340	0.72153	0.01144	0.01907	0.00763	0.00381	0.00636
15	0.01956	0.01673	0.01686	0.01484	0.01905	0.05901	0.01161	0.09896	0.56959	0.05114	0.02676	0.02479	0.01995	0.00939	0.00718	0.00235	0.00628	0.00766	0.00707	0.01120
16	0.02462	0.22776	0.02504	0.01634	0.02101	0.41709	0.01329	0.13424	0.02082	0.02177	0.01171	0.01316	0.00965	0.00720	0.00603	0.00180	0.01059	0.00468	0.00407	0.00913
17	0.00859	0.00714	0.00751	0.00759	0.00977	0.00606	0.00563	0.01049	0.01638	0.02001	0.12723	0.12215	0.59084	0.01806	0.00847	0.00243	0.00363	0.01525	0.00672	0.00606
18	0.01477	0.01266	0.01477	0.01055	0.01687	0.00949	0.00844	0.01793	0.01477	0.02320	0.01266	0.01477	0.01055	0.00527	0.00527	0.00105	0.00527	0.00422	0.00422	0.79328
19	0.02649	0.02017	0.02101	0.01634	0.02186	0.04686	0.01341	0.61936	0.07275	0.04298	0.01759	0.01751	0.01259	0.00857	0.00711	0.00214	0.00788	0.00644	0.00701	0.01192
20	0.01027	0.00687	0.00779	0.00787	0.00789	0.00685	0.00442	0.01033	0.01051	0.01402	0.02324	0.08011	0.02691	0.71485	0.03494	0.00671	0.00677	0.01083	0.00442	0.00439
21	0.01524	0.18117	0.57691	0.01866	0.02829	0.01888	0.02347	0.02230	0.01492	0.02138	0.01220	0.01431	0.00904	0.00663	0.00632	0.00211	0.00994	0.00497	0.00301	0.01024
22	0.01960	0.66183	0.05798	0.01304	0.01905	0.09374	0.01280	0.02204	0.01503	0.01701	0.01010	0.01168	0.00914	0.00623	0.00482	0.00158	0.00821	0.00393	0.00310	0.00910
23	0.01006	0.00683	0.00809	0.00837	0.00853	0.00685	0.00501	0.01044	0.01098	0.01472	0.02503	0.16235	0.02890	0.58145	0.07741	0.00653	0.00725	0.01183	0.00467	0.00470
24	0.01018	0.00759	0.01123	0.01123	0.01243	0.00878	0.00863	0.01258	0.01138	0.01637	0.01927	0.02906	0.01827	0.09409	0.68150	0.01118	0.01836	0.00779	0.00384	0.00624
25	0.00868	0.00620	0.00826	0.00991	0.01033	0.00578	0.00661	0.00991	0.01363	0.01818	0.03925	0.74510	0.04710	0.02231	0.00909	0.00289	0.00413	0.02024	0.00661	0.00578
26	0.01000	0.00728	0.00941	0.00888	0.01059	0.00669	0.00666	0.01329	0.01997	0.02812	0.67234	0.05390	0.09669	0.01472	0.00840	0.00225	0.00337	0.01298	0.00778	0.00669
27	0.00906	0.00750	0.00797	0.00780	0.01012	0.00655	0.00587	0.01179	0.03976	0.02144	0.19560	0.06407	0.55347	0.01706	0.00837	0.00237	0.00363	0.01437	0.00688	0.00633
28	0.01477	0.01266	0.01477	0.01055	0.01687	0.00949	0.00844	0.01793	0.01477	0.02320	0.01266	0.01477	0.01055	0.00527	0.00527	0.00105	0.00527	0.00422	0.00422	0.79328
29	0.01345	0.01266	0.02136	0.73264	0.04904	0.01582	0.01978	0.01819	0.01424	0.01819	0.01266	0.01898	0.00949	0.00712	0.00712	0.00237	0.00949	0.00633	0.00316	0.00791
30	0.01639	0.02212	0.15285	0.02841	0.03616	0.01776	0.57156	0.02277	0.01651	0.02277	0.01414	0.01852	0.01051	0.00613	0.00813	0.00238	0.01176	0.00788	0.00350	0.00976
31	0.61875	0.01391	0.01211	0.01052	0.01478	0.01594	0.00863	0.06041	0.03693	0.07479	0.03751	0.01489	0.01132	0.00750	0.00577	0.00225	0.03587	0.00478	0.00501	0.00833
32	0.50689	0.01638	0.05989	0.01173	0.01686	0.03761	0.01027	0.10042	0.01641	0.14444	0.01398	0.01457	0.00999	0.00723	0.00540	0.00219	0.00643	0.00482	0.00533	0.00916

[dist]
