[name]
unknown

[dist]
# distance from previous block
# <min> <max>
5	24

[block]
# block no. 0 follows, 28 sequences, length 8
# corresponding to MSA columns:
# 27-34
name=unknown_A
#
# <colnr> <probs for GDERKNQSTAVLIFYWHMCP>
#	G	D	E	R	K	N	Q	S	T	A	V	L	I	F	Y	W	H	M	C	P
0	0.02411	0.01755	0.02000	0.09416	0.02412	0.01946	0.01359	0.44315	0.10586	0.08306	0.02056	0.06562	0.01588	0.00962	0.00742	0.00230	0.00756	0.00769	0.00692	0.01138
1	0.01073	0.00769	0.00964	0.01057	0.01146	0.00754	0.00722	0.07192	0.01554	0.02074	0.03664	0.61919	0.04309	0.07725	0.01123	0.00320	0.00479	0.01857	0.00662	0.00639
2	0.01259	0.01128	0.01253	0.01368	0.06015	0.09458	0.02919	0.01401	0.01392	0.01758	0.02767	0.33409	0.03153	0.22972	0.06022	0.00447	0.00762	0.01363	0.00521	0.00633
3	0.04046	0.13641	0.40818	0.01894	0.02692	0.01820	0.08631	0.02158	0.01555	0.02268	0.07584	0.01877	0.01490	0.00785	0.00795	0.00226	0.05753	0.00621	0.00365	0.00980
4	0.02255	0.09253	0.02568	0.07664	0.29232	0.13506	0.01715	0.11864	0.01997	0.10832	0.01524	0.01739	0.01173	0.00731	0.00687	0.00208	0.00898	0.00603	0.00474	0.01077
5	0.00918	0.00657	0.00872	0.00990	0.01061	0.00612	0.00677	0.01092	0.01540	0.02092	0.18612	0.58700	0.05265	0.02101	0.00912	0.00280	0.00404	0.01899	0.00703	0.00612
6	0.01803	0.01821	0.03077	0.08308	0.52007	0.05061	0.12705	0.02256	0.01672	0.02307	0.01368	0.01811	0.01122	0.00652	0.00739	0.00221	0.00950	0.00673	0.00360	0.01088
7	0.01056	0.00785	0.01013	0.00982	0.01177	0.00703	0.00729	0.01338	0.01791	0.02525	0.40172	0.23553	0.05461	0.01610	0.00845	0.00237	0.00405	0.04657	0.00714	0.10247

[dist]
# distance from previous block
# <min> <max>
3	5

[block]
# block no. 1 follows, 28 sequences, length 20
# corresponding to MSA columns:
# 41-60
name=unknown_B
#
# <colnr> <probs for GDERKNQSTAVLIFYWHMCP>
#	G	D	E	R	K	N	Q	S	T	A	V	L	I	F	Y	W	H	M	C	P
0	0.01141	0.00691	0.01001	0.01006	0.01068	0.00726	0.00716	0.01079	0.01086	0.01477	0.02007	0.05178	0.05926	0.05956	0.26212	0.42027	0.01061	0.00801	0.00380	0.00462
1	0.00909	0.00651	0.00865	0.00996	0.01060	0.00606	0.00677	0.01071	0.01501	0.02030	0.14780	0.62709	0.05145	0.02147	0.00916	0.00284	0.00409	0.01943	0.00695	0.00606
2	0.01560	0.01443	0.05509	0.01290	0.01915	0.01084	0.05563	0.01989	0.04310	0.04975	0.01606	0.06196	0.01380	0.00694	0.00609	0.00146	0.00613	0.00597	0.00466	0.58055
3	0.01684	0.01336	0.01560	0.01126	0.01764	0.01056	0.00906	0.06065	0.01660	0.06284	0.01408	0.01576	0.01127	0.00579	0.00561	0.00121	0.00559	0.00461	0.00475	0.69692
4	0.01645	0.01600	0.02115	0.36466	0.14048	0.08388	0.01742	0.02418	0.15834	0.02235	0.05043	0.02194	0.01553	0.00809	0.00728	0.00233	0.00871	0.00700	0.00446	0.00932
5	0.01970	0.01929	0.01895	0.01566	0.02055	0.15894	0.05707	0.08816	0.26424	0.02679	0.02156	0.02173	0.04120	0.00832	0.00688	0.00200	0.00775	0.00674	0.00565	0.18883
6	0.01263	0.00631	0.00947	0.00947	0.00947	0.00631	0.00631	0.00947	0.00947	0.01263	0.01263	0.02210	0.01263	0.02525	0.02841	0.78851	0.00631	0.00631	0.00316	0.00316
7	0.01490	0.08493	0.66237	0.02017	0.03061	0.01767	0.02590	0.02294	0.01531	0.02263	0.01285	0.01510	0.00922	0.00686	0.00676	0.00225	0.01055	0.00527	0.00307	0.01065
8	0.02763	0.02036	0.02182	0.01672	0.02254	0.02254	0.01382	0.67496	0.03418	0.04581	0.01745	0.01745	0.01236	0.00873	0.00727	0.00218	0.00800	0.00654	0.00727	0.01236
9	0.00983	0.00794	0.00851	0.00851	0.01075	0.00709	0.00630	0.05003	0.01724	0.02131	0.08469	0.19494	0.51003	0.01855	0.00864	0.00253	0.00403	0.01577	0.00682	0.00649
10	0.01636	0.01357	0.01621	0.01200	0.01772	0.01166	0.00970	0.05060	0.01578	0.04695	0.01332	0.01560	0.01096	0.00643	0.00747	0.00139	0.08141	0.00473	0.00449	0.64366
11	0.02763	0.02036	0.02182	0.01672	0.02254	0.02254	0.01382	0.67496	0.03418	0.04581	0.01745	0.01745	0.01236	0.00873	0.00727	0.00218	0.00800	0.00654	0.00727	0.01236
12	0.01648	0.03031	0.45206	0.02345	0.03279	0.01700	0.23384	0.02384	0.01625	0.06364	0.01451	0.01728	0.01032	0.00678	0.00747	0.00235	0.01096	0.00652	0.00362	0.01054
13	0.02693	0.02103	0.02079	0.01651	0.02190	0.10332	0.01340	0.49074	0.09846	0.08473	0.01871	0.01841	0.01339	0.00871	0.00720	0.00218	0.00825	0.00655	0.00698	0.01181
14	0.61721	0.01425	0.01321	0.03161	0.01662	0.01597	0.03711	0.05973	0.01448	0.03199	0.04513	0.01497	0.01149	0.00719	0.00516	0.00220	0.00605	0.00484	0.00476	0.04601
15	0.04725	0.03674	0.01824	0.18184	0.02506	0.03131	0.04050	0.09658	0.01764	0.08769	0.04628	0.06650	0.05467	0.06018	0.00966	0.00249	0.03108	0.00794	0.00516	0.13320
16	0.04201	0.01346	0.01469	0.03175	0.01609	0.03002	0.00959	0.21402	0.04803	0.02692	0.02282	0.04747	0.06356	0.23854	0.01764	0.00374	0.06299	0.00852	0.03393	0.05421
17	0.04146	0.01368	0.01793	0.05941	0.02028	0.01435	0.07115	0.20086	0.01978	0.02742	0.02411	0.15157	0.06791	0.05057	0.04928	0.00307	0.04945	0.00977	0.00555	0.10239
18	0.04843	0.01526	0.01788	0.04988	0.02008	0.01655	0.01198	0.23528	0.06279	0.02990	0.01813	0.10495	0.01619	0.01018	0.00958	0.00220	0.12065	0.00770	0.00555	0.19685
19	0.01732	0.01492	0.01752	0.07861	0.02140	0.05223	0.04297	0.15915	0.04713	0.02694	0.02110	0.13137	0.04331	0.00981	0.00699	0.00195	0.00687	0.00834	0.00538	0.28669

[dist]
# distance from previous block
# <min> <max>
3	14

[block]
# block no. 2 follows, 28 sequences, length 47
# corresponding to MSA columns:
# 75-121
name=unknown_C
#
# <colnr> <probs for GDERKNQSTAVLIFYWHMCP>
#	G	D	E	R	K	N	Q	S	T	A	V	L	I	F	Y	W	H	M	C	P
0	0.01551	0.01392	0.01793	0.01591	0.04074	0.07921	0.10376	0.05205	0.03470	0.04911	0.02598	0.28824	0.04107	0.03508	0.00943	0.00252	0.03597	0.01196	0.00549	0.12141
1	0.01656	0.01256	0.01746	0.01473	0.01782	0.01383	0.07433	0.14844	0.05173	0.06334	0.02144	0.02670	0.04343	0.05807	0.29782	0.00635	0.06261	0.00789	0.03631	0.00858
2	0.02292	0.14610	0.02335	0.04164	0.02153	0.08120	0.01349	0.24755	0.13443	0.07703	0.01729	0.01807	0.01316	0.00885	0.00888	0.00223	0.09967	0.00623	0.00572	0.01064
3	0.01889	0.01317	0.01509	0.01318	0.01687	0.01392	0.01027	0.16844	0.20750	0.11392	0.05705	0.17314	0.05463	0.01482	0.04377	0.00289	0.00649	0.01062	0.00714	0.03820
4	0.02682	0.05727	0.02296	0.01765	0.05016	0.02264	0.01410	0.61493	0.03247	0.04345	0.01692	0.01718	0.01217	0.00851	0.00714	0.00215	0.00801	0.00641	0.00691	0.01217
5	0.02375	0.01625	0.01794	0.01466	0.01952	0.01760	0.01178	0.28363	0.26164	0.15683	0.02677	0.02561	0.05197	0.02796	0.00813	0.00243	0.00663	0.00782	0.00753	0.01155
6	0.01084	0.00728	0.00952	0.00962	0.01110	0.00668	0.00696	0.01339	0.01802	0.05925	0.39986	0.30228	0.08249	0.01757	0.00877	0.00253	0.00387	0.01566	0.00755	0.00676
7	0.02665	0.01901	0.02061	0.01596	0.02136	0.02089	0.01309	0.60193	0.03196	0.06558	0.01775	0.01819	0.01273	0.00957	0.00829	0.04214	0.00773	0.00656	0.02823	0.01174
8	0.01458	0.03760	0.70688	0.02072	0.03146	0.01688	0.02686	0.02302	0.01535	0.02302	0.01304	0.01535	0.00921	0.00691	0.00691	0.00230	0.01074	0.00537	0.00307	0.01074
9	0.02898	0.01629	0.04657	0.01454	0.02042	0.01525	0.01237	0.25533	0.04822	0.39956	0.02359	0.02156	0.01556	0.00871	0.00721	0.00219	0.00695	0.00688	0.00792	0.04187
10	0.02763	0.02036	0.02182	0.01672	0.02254	0.02254	0.01382	0.67496	0.03418	0.04581	0.01745	0.01745	0.01236	0.00873	0.00727	0.00218	0.00800	0.00654	0.00727	0.01236
11	0.00910	0.00651	0.00868	0.01017	0.01076	0.00609	0.00696	0.01065	0.01463	0.01964	0.09881	0.65151	0.04966	0.02195	0.00925	0.00291	0.00425	0.04560	0.00686	0.00602
12	0.01029	0.00743	0.00972	0.00914	0.01086	0.00686	0.00686	0.01372	0.02058	0.02915	0.69536	0.05430	0.06859	0.01486	0.00857	0.00229	0.00343	0.01315	0.00800	0.00686
13	0.01373	0.01292	0.02180	0.72707	0.05006	0.01615	0.02019	0.01857	0.01453	0.01857	0.01292	0.01938	0.00969	0.00727	0.00727	0.00242	0.00969	0.00646	0.00323	0.00807
14	0.00892	0.00638	0.00850	0.01008	0.01056	0.00595	0.00675	0.01029	0.01423	0.01906	0.07110	0.70733	0.04905	0.02240	0.00924	0.00292	0.00418	0.02031	0.00681	0.00595
15	0.03127	0.01225	0.01655	0.01282	0.01824	0.01073	0.01054	0.03459	0.03922	0.65698	0.05693	0.02606	0.02025	0.00927	0.00737	0.00226	0.00606	0.00758	0.00891	0.01211
16	0.01016	0.00732	0.00989	0.01149	0.01259	0.00705	0.00897	0.01241	0.01535	0.02008	0.04101	0.40345	0.07747	0.02132	0.00959	0.00311	0.00533	0.31040	0.00672	0.00628
17	0.04494	0.11648	0.02203	0.01747	0.02143	0.58879	0.01350	0.02733	0.01935	0.01805	0.01141	0.01354	0.00968	0.00924	0.03513	0.00224	0.01256	0.00470	0.00370	0.00844
18	0.10634	0.01253	0.01627	0.01261	0.01812	0.01123	0.01041	0.03407	0.01999	0.63935	0.02689	0.02349	0.01702	0.00878	0.00704	0.00225	0.00613	0.00698	0.00856	0.01194
19	0.00942	0.00673	0.00908	0.01077	0.01144	0.00639	0.00773	0.01110	0.01447	0.01919	0.03975	0.60974	0.04684	0.02224	0.00943	0.00303	0.00471	0.14514	0.00674	0.00606
20	0.01699	0.01929	0.04189	0.06362	0.03856	0.01828	0.64189	0.02306	0.01703	0.02306	0.01462	0.01960	0.01097	0.00618	0.00852	0.00245	0.01213	0.00848	0.00366	0.00972
21	0.79588	0.01406	0.01068	0.00956	0.01406	0.01631	0.00787	0.02137	0.01237	0.03261	0.01012	0.01181	0.00787	0.00675	0.00450	0.00225	0.00562	0.00394	0.00450	0.00787
22	0.01169	0.00767	0.01013	0.00967	0.01150	0.00706	0.00728	0.01483	0.01969	0.07361	0.55078	0.13213	0.06181	0.01556	0.00862	0.00240	0.00383	0.03673	0.00788	0.00712
23	0.01610	0.03064	0.44467	0.02704	0.16924	0.04159	0.12192	0.02312	0.01605	0.02303	0.01336	0.01645	0.00996	0.00672	0.00720	0.00228	0.01062	0.00605	0.00329	0.01068
24	0.02648	0.01979	0.02117	0.01649	0.02210	0.02201	0.01354	0.59838	0.11262	0.04396	0.01891	0.01862	0.01354	0.00886	0.00729	0.00222	0.00773	0.00675	0.00729	0.01226
25	0.03058	0.01563	0.01889	0.01448	0.02018	0.01553	0.01196	0.29659	0.02627	0.43535	0.02409	0.02176	0.01569	0.00889	0.00729	0.00222	0.00693	0.00700	0.00829	0.01237
26	0.00898	0.00642	0.00854	0.01004	0.01057	0.00598	0.00676	0.01042	0.01447	0.01944	0.09474	0.68259	0.04979	0.02211	0.00922	0.00290	0.00415	0.02004	0.00685	0.00598
27	0.00955	0.00758	0.00820	0.00808	0.01031	0.00672	0.00604	0.01242	0.03943	0.02247	0.20833	0.08715	0.47476	0.01698	0.00839	0.00240	0.00370	0.01437	0.04661	0.00650
28	0.02671	0.01990	0.02130	0.01654	0.02219	0.02211	0.01359	0.61349	0.09715	0.04432	0.01862	0.01839	0.01331	0.00884	0.00728	0.00221	0.00778	0.00671	0.00728	0.01228
29	0.00876	0.00737	0.00759	0.00754	0.00992	0.00621	0.00565	0.01075	0.01696	0.02056	0.13426	0.06843	0.63504	0.01806	0.00859	0.00244	0.00366	0.01513	0.00687	0.00621
30	0.01657	0.05395	0.34103	0.02494	0.03360	0.05277	0.32565	0.02340	0.01643	0.02268	0.01362	0.01709	0.01007	0.00655	0.00759	0.00232	0.01146	0.00677	0.00339	0.01014
31	0.01882	0.01952	0.02877	0.08558	0.48452	0.11281	0.07949	0.02293	0.01687	0.02237	0.01327	0.01751	0.01100	0.00681	0.00769	0.00219	0.02923	0.00642	0.00359	0.01061
32	0.00888	0.00649	0.00836	0.00976	0.01047	0.00597	0.00661	0.01030	0.01450	0.01911	0.07026	0.63341	0.12528	0.02194	0.00917	0.00287	0.00412	0.01974	0.00680	0.00597
33	0.02632	0.01873	0.02021	0.01566	0.02099	0.02055	0.01281	0.58517	0.03158	0.06969	0.01847	0.01965	0.01357	0.04357	0.00857	0.00239	0.00765	0.00678	0.04592	0.01171
34	0.02846	0.01373	0.01722	0.01330	0.01881	0.01280	0.01090	0.14079	0.05561	0.46705	0.05195	0.02388	0.01858	0.00888	0.00717	0.00214	0.00628	0.00717	0.00813	0.08712
35	0.02055	0.00986	0.01270	0.01124	0.01461	0.00883	0.00865	0.04918	0.01837	0.33627	0.03941	0.26983	0.13945	0.01512	0.00817	0.00251	0.00519	0.01304	0.00781	0.00919
36	0.01024	0.00691	0.00802	0.00835	0.00843	0.00683	0.00485	0.01048	0.01121	0.01495	0.02618	0.17979	0.03056	0.60668	0.03170	0.00627	0.00651	0.01250	0.00485	0.00469
37	0.01508	0.00878	0.00937	0.03339	0.01169	0.00917	0.00667	0.10166	0.01720	0.02792	0.02244	0.02764	0.01829	0.08252	0.00865	0.00232	0.00457	0.00712	0.57819	0.00731
38	0.02315	0.01807	0.04788	0.01518	0.02005	0.01892	0.01266	0.48277	0.04774	0.03817	0.01856	0.02183	0.01460	0.08224	0.07054	0.00345	0.00875	0.00704	0.03761	0.01079
39	0.01898	0.52661	0.10727	0.01456	0.02036	0.04669	0.01455	0.04645	0.01527	0.01891	0.01066	0.01288	0.00946	0.00728	0.00759	0.00188	0.10342	0.00450	0.00329	0.00939
40	0.01795	0.01424	0.01635	0.01192	0.01823	0.01204	0.00962	0.13719	0.01872	0.05149	0.01429	0.01584	0.01131	0.00611	0.00579	0.00132	0.00588	0.00481	0.00500	0.62190
41	0.02953	0.01224	0.01623	0.01289	0.01796	0.01100	0.01046	0.05872	0.04774	0.58422	0.02936	0.09362	0.02084	0.01035	0.00750	0.00232	0.00605	0.00861	0.00865	0.01171
42	0.01909	0.67811	0.03656	0.01308	0.01870	0.02813	0.01277	0.02135	0.01442	0.01714	0.01005	0.01207	0.00935	0.00685	0.00652	0.00171	0.07766	0.00413	0.00312	0.00920
43	0.01415	0.01318	0.02128	0.65826	0.04705	0.01634	0.01935	0.02051	0.07940	0.01972	0.01453	0.02013	0.01090	0.00752	0.00728	0.00243	0.00931	0.00663	0.00363	0.00841
44	0.02069	0.01704	0.01859	0.01578	0.01999	0.01980	0.01261	0.22418	0.42869	0.03370	0.02407	0.02319	0.01807	0.00980	0.00895	0.00245	0.07649	0.00755	0.00695	0.01141
45	0.04633	0.01049	0.01106	0.01047	0.01175	0.03601	0.00711	0.04175	0.11827	0.01926	0.02303	0.07309	0.02393	0.44843	0.06070	0.00565	0.03145	0.00978	0.00502	0.00641
46	0.01580	0.01588	0.02127	0.01846	0.01862	0.04427	0.01522	0.01738	0.01164	0.01758	0.01168	0.06508	0.01216	0.01323	0.02229	0.00312	0.65780	0.00728	0.00344	0.00783

[dist]
# distance from previous block
# <min> <max>
0	3

[block]
# block no. 3 follows, 28 sequences, length 45
# corresponding to MSA columns:
# 125-169
name=unknown_D
#
# <colnr> <probs for GDERKNQSTAVLIFYWHMCP>
#	G	D	E	R	K	N	Q	S	T	A	V	L	I	F	Y	W	H	M	C	P
0	0.01626	0.01655	0.02932	0.19736	0.10698	0.01848	0.23980	0.02246	0.08550	0.02176	0.01467	0.01941	0.01163	0.00818	0.01111	0.00256	0.15742	0.00734	0.00385	0.00937
1	0.01068	0.00886	0.00910	0.00859	0.01138	0.00814	0.00657	0.06290	0.05887	0.02262	0.08819	0.06280	0.58130	0.01703	0.00842	0.00243	0.00413	0.01416	0.00687	0.00696
2	0.01513	0.01278	0.01484	0.01109	0.01696	0.01020	0.00877	0.03885	0.04763	0.02430	0.01592	0.07095	0.01420	0.00703	0.00583	0.00132	0.00539	0.00581	0.00473	0.66827
3	0.02576	0.02227	0.02112	0.01710	0.02193	0.15272	0.01380	0.44417	0.09021	0.03694	0.01680	0.01741	0.01249	0.00890	0.00841	0.00223	0.06387	0.00633	0.00631	0.01120
4	0.00886	0.00633	0.00843	0.01012	0.01054	0.00590	0.00675	0.01012	0.01392	0.01856	0.04006	0.73979	0.04808	0.02277	0.00928	0.00295	0.00422	0.02066	0.00675	0.00590
5	0.01241	0.00631	0.00941	0.00951	0.00953	0.00629	0.00634	0.00951	0.00972	0.01296	0.01417	0.06257	0.01463	0.02511	0.02733	0.74421	0.00619	0.00712	0.00336	0.00331
6	0.02344	0.02613	0.01991	0.01761	0.02106	0.39227	0.01365	0.09851	0.14646	0.02314	0.01539	0.01707	0.01240	0.01019	0.03019	0.00249	0.11019	0.00588	0.00474	0.00931
7	0.01368	0.01263	0.02127	0.69603	0.04831	0.01572	0.01959	0.01818	0.01432	0.01832	0.01291	0.01950	0.00982	0.00805	0.00818	0.03642	0.00954	0.00645	0.00323	0.00786
8	0.02304	0.01567	0.01744	0.01441	0.01890	0.01692	0.01151	0.32852	0.16757	0.12890	0.02500	0.12039	0.02044	0.01093	0.00748	0.00233	0.00653	0.00896	0.04403	0.01103
9	0.02421	0.01780	0.01938	0.01552	0.02036	0.01951	0.01253	0.55386	0.03049	0.04085	0.02157	0.14902	0.01887	0.01128	0.00764	0.00232	0.00731	0.00912	0.00718	0.01119
10	0.02690	0.02000	0.02141	0.01658	0.02226	0.02220	0.01364	0.62647	0.08385	0.04464	0.01838	0.01819	0.01311	0.00881	0.00728	0.00220	0.00783	0.00667	0.00728	0.01230
11	0.01772	0.01530	0.01609	0.01451	0.01856	0.01762	0.01128	0.03755	0.66050	0.03000	0.03127	0.02876	0.04792	0.01019	0.00744	0.00247	0.00567	0.00849	0.00737	0.01130
12	0.01425	0.06334	0.01911	0.05934	0.01863	0.03642	0.03527	0.01666	0.01398	0.01995	0.11511	0.09842	0.02338	0.01621	0.07357	0.00344	0.31591	0.00885	0.04055	0.00758
13	0.02971	0.01379	0.01742	0.01349	0.01885	0.01307	0.01109	0.17864	0.02382	0.50134	0.07913	0.02544	0.02074	0.00940	0.00740	0.00224	0.00638	0.00760	0.00853	0.01193
14	0.00886	0.00633	0.00843	0.01012	0.01054	0.00590	0.00675	0.01012	0.01392	0.01856	0.04006	0.73979	0.04808	0.02277	0.00928	0.00295	0.00422	0.02066	0.00675	0.00590
15	0.73772	0.01393	0.01116	0.00982	0.01440	0.01588	0.00809	0.02244	0.01301	0.08379	0.01154	0.01279	0.00864	0.00692	0.00471	0.00225	0.00567	0.00419	0.00484	0.00822
16	0.02155	0.02505	0.02552	0.09298	0.19158	0.35001	0.10719	0.02495	0.01839	0.02026	0.01377	0.01907	0.01170	0.00764	0.00722	0.00214	0.01127	0.03666	0.00379	0.00925
17	0.00879	0.00721	0.00777	0.00816	0.01020	0.00620	0.00604	0.01059	0.01607	0.01953	0.06566	0.19730	0.54326	0.01931	0.00879	0.00259	0.00392	0.04575	0.00675	0.00612
18	0.00901	0.00644	0.00859	0.01019	0.01070	0.00602	0.00691	0.01043	0.01428	0.01908	0.06633	0.69104	0.04870	0.02237	0.00927	0.00294	0.00427	0.04068	0.00680	0.00597
19	0.01801	0.01797	0.02542	0.18267	0.37055	0.09371	0.03604	0.04356	0.04844	0.02266	0.01588	0.01976	0.03280	0.00757	0.00781	0.00225	0.03415	0.00669	0.00392	0.01013
20	0.02515	0.03976	0.02088	0.01614	0.02155	0.09846	0.01311	0.45123	0.12039	0.03823	0.01791	0.01797	0.01318	0.00844	0.00701	0.00209	0.00807	0.00634	0.00657	0.06751
21	0.00859	0.00736	0.00736	0.00736	0.00982	0.00614	0.00552	0.01043	0.01657	0.01964	0.07364	0.06996	0.69624	0.01841	0.00859	0.00245	0.00368	0.01534	0.00675	0.00614
22	0.65310	0.01378	0.01145	0.00999	0.01446	0.01559	0.00820	0.05339	0.01423	0.08409	0.01272	0.01400	0.00952	0.00712	0.00488	0.00221	0.00564	0.00449	0.05277	0.00836
23	0.01512	0.01091	0.01445	0.09901	0.01800	0.01262	0.04101	0.06739	0.01569	0.02488	0.01876	0.02389	0.01534	0.04313	0.01073	0.00239	0.14348	0.00690	0.40867	0.00762
24	0.01845	0.01363	0.01485	0.01264	0.01566	0.01481	0.00945	0.28530	0.11409	0.03004	0.04451	0.07567	0.02282	0.27458	0.01815	0.00402	0.00696	0.00932	0.00625	0.00880
25	0.74855	0.01395	0.01107	0.00977	0.01434	0.01596	0.00805	0.02224	0.01289	0.07426	0.01127	0.01261	0.00850	0.00689	0.00467	0.00225	0.00566	0.00415	0.00478	0.00815
26	0.01895	0.01314	0.01430	0.01205	0.01534	0.01415	0.00938	0.31858	0.02308	0.03247	0.02347	0.07023	0.04611	0.11552	0.05447	0.00339	0.00707	0.00845	0.19095	0.00892
27	0.00973	0.00723	0.00889	0.00983	0.01097	0.00676	0.00683	0.04110	0.01568	0.02049	0.07417	0.54086	0.17878	0.02090	0.00902	0.00279	0.00425	0.01861	0.00683	0.00629
28	0.00997	0.00742	0.00927	0.00881	0.01066	0.00672	0.00661	0.01310	0.01982	0.02735	0.57768	0.05726	0.18739	0.01553	0.00858	0.00232	0.00348	0.01356	0.00776	0.00672
29	0.01047	0.00711	0.00813	0.00813	0.00833	0.00713	0.00474	0.01071	0.01092	0.01452	0.02504	0.04744	0.05694	0.66865	0.07725	0.00712	0.00765	0.01062	0.00448	0.00461
30	0.00979	0.00757	0.01092	0.01159	0.01261	0.00723	0.04776	0.01225	0.04522	0.01939	0.03803	0.66271	0.04461	0.02116	0.00915	0.00290	0.00478	0.01935	0.00659	0.00640
31	0.00897	0.00641	0.00857	0.01025	0.01073	0.00600	0.00695	0.01032	0.01403	0.01869	0.04000	0.71306	0.04782	0.02266	0.00931	0.00297	0.00432	0.04625	0.00675	0.00594
32	0.04205	0.01413	0.02079	0.33394	0.03237	0.01834	0.01688	0.04808	0.01393	0.01987	0.01330	0.06172	0.01204	0.01051	0.01412	0.00275	0.30623	0.00721	0.00366	0.00808
33	0.01809	0.01744	0.06013	0.11300	0.48165	0.01714	0.04208	0.02242	0.01615	0.06486	0.01421	0.01833	0.01144	0.00720	0.00851	0.00229	0.06388	0.00653	0.00384	0.01083
34	0.01057	0.00705	0.00793	0.00793	0.00793	0.00705	0.00440	0.01057	0.01057	0.01409	0.02290	0.04757	0.02643	0.74454	0.03700	0.00705	0.00705	0.01057	0.00440	0.00440
35	0.01022	0.00743	0.00962	0.00907	0.01082	0.00683	0.00681	0.01359	0.02042	0.02877	0.67039	0.05493	0.09380	0.01500	0.00857	0.00229	0.00344	0.01323	0.00795	0.00683
36	0.01965	0.59822	0.08760	0.01393	0.02003	0.09262	0.01384	0.02239	0.01523	0.01764	0.01042	0.01224	0.00933	0.00664	0.00575	0.00170	0.03613	0.00417	0.00317	0.00930
37	0.01343	0.01240	0.01605	0.01479	0.01577	0.05865	0.01185	0.01562	0.01205	0.01715	0.01539	0.02304	0.01452	0.03654	0.42248	0.00801	0.27443	0.00708	0.00363	0.00714
38	0.01049	0.00710	0.00835	0.00841	0.00856	0.00723	0.00499	0.01082	0.01080	0.01454	0.02309	0.06816	0.02624	0.64620	0.10959	0.00742	0.00830	0.01060	0.00443	0.00468
39	0.01901	0.01555	0.01829	0.04703	0.09798	0.01741	0.01305	0.08925	0.46525	0.06217	0.02645	0.05564	0.02053	0.00979	0.00743	0.00241	0.00639	0.00830	0.00683	0.01124
40	0.02165	0.02365	0.03959	0.03396	0.01974	0.34548	0.01241	0.09696	0.05123	0.02352	0.01892	0.02074	0.05410	0.00890	0.00765	0.00205	0.05524	0.00627	0.14933	0.00860
41	0.01108	0.00829	0.01025	0.01085	0.01248	0.00799	0.00811	0.04369	0.04492	0.02145	0.05927	0.37318	0.12273	0.05283	0.01025	0.00300	0.00506	0.14456	0.00660	0.04341
42	0.04819	0.14719	0.08927	0.03930	0.05517	0.28165	0.04670	0.14327	0.04046	0.02465	0.01318	0.01495	0.01040	0.00738	0.00651	0.00200	0.01027	0.00535	0.00432	0.00978
43	0.01190	0.00796	0.00976	0.00957	0.01127	0.00739	0.00679	0.03477	0.01622	0.05035	0.18415	0.29158	0.06286	0.11555	0.01204	0.00303	0.00462	0.01383	0.07926	0.06709
44	0.05728	0.34457	0.09035	0.01414	0.01946	0.11500	0.01333	0.04388	0.01643	0.08480	0.01356	0.01519	0.01093	0.00750	0.00694	0.00192	0.06330	0.00496	0.06712	0.00934

[dist]
# distance from previous block
# <min> <max>
0	32

[block]
# block no. 4 follows, 28 sequences, length 38
# corresponding to MSA columns:
# 202-239
name=unknown_E
#
# <colnr> <probs for GDERKNQSTAVLIFYWHMCP>
#	G	D	E	R	K	N	Q	S	T	A	V	L	I	F	Y	W	H	M	C	P
0	0.01914	0.01882	0.02150	0.05958	0.07043	0.16075	0.10447	0.10339	0.01869	0.02449	0.01550	0.04510	0.01313	0.02751	0.00822	0.00209	0.03645	0.00660	0.06957	0.17458
1	0.04517	0.01180	0.01607	0.01557	0.04920	0.04712	0.04333	0.01562	0.01261	0.01826	0.01761	0.06283	0.01711	0.07691	0.37511	0.00756	0.14898	0.00804	0.00394	0.00717
2	0.02289	0.01801	0.01915	0.01577	0.02074	0.02033	0.01267	0.35931	0.35754	0.03817	0.02347	0.02225	0.01724	0.00929	0.00733	0.00232	0.00688	0.00737	0.00733	0.01194
3	0.00886	0.00633	0.00843	0.01012	0.01054	0.00590	0.00675	0.01012	0.01392	0.01856	0.04006	0.73979	0.04808	0.02277	0.00928	0.00295	0.00422	0.02066	0.00675	0.00590
4	0.01020	0.00743	0.00959	0.00905	0.01080	0.00682	0.00679	0.01354	0.02036	0.02864	0.66222	0.05513	0.10204	0.01505	0.00857	0.00230	0.00344	0.01326	0.00794	0.00682
5	0.02715	0.03464	0.02060	0.01873	0.02247	0.71536	0.01404	0.02903	0.02060	0.01779	0.01124	0.01311	0.00936	0.00749	0.00655	0.00187	0.01311	0.00468	0.00375	0.00843
6	0.01710	0.01944	0.04197	0.03012	0.03714	0.01856	0.64336	0.02302	0.01689	0.02302	0.01447	0.01944	0.01096	0.00642	0.00926	0.00248	0.04447	0.00848	0.00365	0.00972
7	0.03261	0.01237	0.01687	0.01293	0.01856	0.01068	0.01068	0.03543	0.02081	0.70423	0.02868	0.02474	0.01799	0.00900	0.00731	0.00225	0.00619	0.00731	0.00900	0.01237
8	0.01057	0.00705	0.00793	0.00793	0.00793	0.00705	0.00440	0.01057	0.01057	0.01409	0.02290	0.04757	0.02643	0.74454	0.03700	0.00705	0.00705	0.01057	0.00440	0.00440
9	0.03133	0.01271	0.01691	0.01303	0.01850	0.01133	0.01074	0.07830	0.02171	0.63057	0.05612	0.02549	0.01975	0.00923	0.00736	0.00225	0.00619	0.00750	0.00884	0.01214
10	0.01083	0.00761	0.00954	0.00895	0.01096	0.00687	0.00675	0.01393	0.01982	0.05341	0.55039	0.05616	0.18698	0.01531	0.00853	0.00232	0.00358	0.01334	0.00780	0.00693
11	0.03116	0.01470	0.01831	0.01404	0.01972	0.01413	0.01160	0.22153	0.02470	0.51263	0.02541	0.02262	0.01635	0.00892	0.00730	0.00223	0.00671	0.00709	0.00849	0.01237
12	0.01007	0.00726	0.00952	0.00930	0.01081	0.00671	0.00684	0.01316	0.01954	0.02750	0.59359	0.16076	0.06540	0.01609	0.00868	0.00239	0.00355	0.01431	0.00781	0.00671
13	0.40080	0.01511	0.04198	0.14717	0.05636	0.03415	0.01237	0.02410	0.01508	0.16896	0.01484	0.01640	0.01060	0.00733	0.00589	0.00227	0.00705	0.00531	0.00508	0.00915
14	0.01785	0.01704	0.02861	0.06598	0.64414	0.01727	0.02171	0.02298	0.04930	0.02390	0.01443	0.01848	0.01198	0.00667	0.00721	0.00218	0.00853	0.00656	0.00377	0.01140
15	0.00986	0.00741	0.00912	0.00869	0.01060	0.00668	0.00652	0.01288	0.01956	0.02674	0.53769	0.05827	0.22776	0.01576	0.00858	0.00233	0.00349	0.01370	0.00768	0.00668
16	0.00898	0.00642	0.00855	0.01004	0.01057	0.00599	0.00676	0.01043	0.01450	0.01948	0.09716	0.68007	0.04986	0.02208	0.00922	0.00289	0.00415	0.02001	0.00686	0.00599
17	0.01559	0.18608	0.56728	0.01899	0.02879	0.01936	0.02385	0.02276	0.01523	0.02178	0.01243	0.01458	0.00923	0.00676	0.00644	0.00215	0.01012	0.00506	0.00308	0.01045
18	0.79588	0.01406	0.01068	0.00956	0.01406	0.01631	0.00787	0.02137	0.01237	0.03261	0.01012	0.01181	0.00787	0.00675	0.00450	0.00225	0.00562	0.00394	0.00450	0.00787
19	0.01039	0.00775	0.01150	0.01150	0.01273	0.00899	0.00886	0.01286	0.01163	0.01674	0.01964	0.02949	0.01858	0.08843	0.68238	0.01145	0.01886	0.00792	0.00392	0.00639
20	0.01224	0.00998	0.01104	0.01078	0.01348	0.01007	0.00846	0.04089	0.18431	0.02415	0.09536	0.09125	0.32339	0.01620	0.00852	0.00261	0.00485	0.11760	0.00700	0.00781
21	0.07409	0.01340	0.01412	0.03736	0.01647	0.01462	0.00961	0.30274	0.02323	0.03529	0.01966	0.02157	0.01484	0.00842	0.00607	0.00197	0.00577	0.00647	0.36499	0.00932
22	0.22038	0.01384	0.01599	0.01260	0.01797	0.01363	0.01040	0.11596	0.02048	0.45195	0.02262	0.02059	0.01476	0.00841	0.00661	0.00224	0.00628	0.00638	0.00766	0.01126
23	0.00886	0.00633	0.00843	0.01012	0.01054	0.00590	0.00675	0.01012	0.01392	0.01856	0.04006	0.73979	0.04808	0.02277	0.00928	0.00295	0.00422	0.02066	0.00675	0.00590
24	0.02164	0.54507	0.03310	0.01423	0.01975	0.22470	0.01290	0.02384	0.01643	0.01730	0.01043	0.01207	0.00934	0.00658	0.00520	0.00165	0.00930	0.00411	0.00329	0.00907
25	0.01855	0.01585	0.01670	0.01489	0.01908	0.01830	0.01162	0.06994	0.65398	0.03117	0.02899	0.02664	0.02171	0.00981	0.00739	0.00245	0.00586	0.00814	0.00739	0.01155
26	0.00889	0.00648	0.00837	0.00978	0.01048	0.00597	0.00662	0.01030	0.01447	0.01910	0.07020	0.63945	0.11918	0.02198	0.00918	0.00287	0.00413	0.01978	0.00680	0.00597
27	0.01377	0.01118	0.01384	0.01286	0.01434	0.04658	0.01019	0.05064	0.01385	0.02042	0.01778	0.02448	0.01583	0.03335	0.38063	0.00724	0.15451	0.00711	0.14416	0.00723
28	0.03027	0.01289	0.01680	0.01323	0.01861	0.01188	0.01082	0.03594	0.12831	0.59534	0.02882	0.02513	0.01867	0.00914	0.00732	0.00228	0.00612	0.00746	0.00874	0.01223
29	0.02763	0.02036	0.02182	0.01672	0.02254	0.02254	0.01382	0.67496	0.03418	0.04581	0.01745	0.01745	0.01236	0.00873	0.00727	0.00218	0.00800	0.00654	0.00727	0.01236
30	0.01240	0.00793	0.00996	0.00924	0.01150	0.00709	0.00700	0.01530	0.01940	0.10358	0.45159	0.08803	0.19860	0.01535	0.00847	0.00235	0.00384	0.01333	0.00778	0.00728
31	0.20023	0.02244	0.11198	0.10747	0.02370	0.20660	0.01423	0.04771	0.04179	0.02381	0.01907	0.02090	0.08411	0.00874	0.00721	0.00224	0.03862	0.00626	0.00434	0.00857
32	0.00929	0.00656	0.00853	0.00986	0.01031	0.00621	0.00657	0.01052	0.01375	0.01839	0.06280	0.57942	0.04523	0.13608	0.01365	0.00359	0.00473	0.04236	0.00643	0.00573
33	0.01373	0.01292	0.02180	0.72707	0.05006	0.01615	0.02019	0.01857	0.01453	0.01857	0.01292	0.01938	0.00969	0.00727	0.00727	0.00242	0.00969	0.00646	0.00323	0.00807
34	0.01398	0.01326	0.02186	0.64545	0.04649	0.01685	0.01969	0.01845	0.01414	0.01845	0.01253	0.01898	0.00967	0.00790	0.00918	0.00251	0.09287	0.00645	0.00322	0.00806
35	0.05564	0.01679	0.01876	0.07888	0.02234	0.01832	0.01254	0.41287	0.05927	0.05579	0.01870	0.04754	0.01478	0.04810	0.00863	0.00242	0.00737	0.00714	0.03089	0.06323
36	0.02176	0.01586	0.01793	0.01554	0.04503	0.01711	0.01181	0.41264	0.05428	0.05633	0.06347	0.15140	0.02340	0.04765	0.00917	0.00258	0.00688	0.00976	0.00699	0.01041
37	0.01946	0.02054	0.05252	0.05880	0.38494	0.14755	0.01841	0.04961	0.06570	0.02388	0.01487	0.01794	0.01203	0.00709	0.00691	0.00208	0.00900	0.00614	0.03904	0.04350

[dist]
# distance from previous block
# <min> <max>
1	9

[block]
# block no. 5 follows, 28 sequences, length 47
# corresponding to MSA columns:
# 249-295
name=unknown_F
#
# <colnr> <probs for GDERKNQSTAVLIFYWHMCP>
#	G	D	E	R	K	N	Q	S	T	A	V	L	I	F	Y	W	H	M	C	P
0	0.02043	0.01667	0.01933	0.01926	0.12792	0.05296	0.01316	0.29573	0.07116	0.03208	0.05277	0.06160	0.01865	0.04643	0.07824	0.00333	0.00873	0.00785	0.00591	0.04779
1	0.20042	0.01503	0.08233	0.11596	0.02102	0.04915	0.01207	0.05195	0.01616	0.07413	0.11743	0.05457	0.02162	0.01173	0.00956	0.10125	0.00700	0.02561	0.00511	0.00790
2	0.18056	0.01549	0.10595	0.03664	0.01898	0.01312	0.04765	0.09379	0.01814	0.02861	0.18165	0.09645	0.02901	0.01096	0.00720	0.00231	0.00644	0.03728	0.00569	0.06409
3	0.74259	0.01394	0.01112	0.00979	0.01437	0.01591	0.00807	0.02235	0.01296	0.07951	0.01142	0.01271	0.00858	0.00690	0.00469	0.00225	0.00566	0.00417	0.00481	0.00819
4	0.01508	0.00845	0.00873	0.00818	0.01032	0.00870	0.00625	0.09872	0.01754	0.02902	0.02372	0.06020	0.01927	0.00919	0.00556	0.00182	0.00400	0.00741	0.65040	0.00743
5	0.00927	0.00650	0.00831	0.00959	0.00991	0.00618	0.00618	0.01023	0.01310	0.01747	0.03588	0.57109	0.04280	0.19867	0.01603	0.00395	0.00491	0.01820	0.00618	0.00554
6	0.01867	0.01726	0.01813	0.01847	0.09599	0.07990	0.01296	0.03514	0.52881	0.02824	0.02644	0.02666	0.02049	0.00961	0.00739	0.00241	0.00677	0.02898	0.00662	0.01107
7	0.02709	0.02493	0.02120	0.01731	0.02237	0.25313	0.01380	0.43448	0.05560	0.03586	0.01586	0.01639	0.01175	0.00836	0.00704	0.00209	0.00961	0.00599	0.00610	0.01102
8	0.03374	0.00781	0.00961	0.00899	0.01108	0.00716	0.00680	0.01422	0.01964	0.05444	0.53930	0.05465	0.17544	0.01502	0.00841	0.00231	0.00365	0.01303	0.00772	0.00698
9	0.17925	0.00978	0.01093	0.00983	0.01255	0.00991	0.00764	0.05249	0.01959	0.06329	0.48063	0.04183	0.05018	0.01252	0.00758	0.00227	0.00428	0.01055	0.00727	0.00764
10	0.01545	0.01545	0.02071	0.01799	0.01858	0.05554	0.03357	0.01729	0.01202	0.01766	0.01270	0.05763	0.01278	0.01797	0.10700	0.00413	0.54497	0.00731	0.00351	0.00774
11	0.14917	0.01822	0.01900	0.01467	0.02037	0.01959	0.01207	0.47036	0.02778	0.04034	0.01559	0.01618	0.01140	0.00790	0.00654	0.00202	0.00722	0.00579	0.00638	0.12941
12	0.03841	0.06996	0.44815	0.02540	0.19663	0.01717	0.02346	0.02230	0.01577	0.02343	0.04373	0.01746	0.01243	0.00711	0.00686	0.00222	0.00957	0.00587	0.00347	0.01060
13	0.00910	0.00728	0.00806	0.00807	0.01009	0.00632	0.00593	0.01123	0.01716	0.02175	0.22449	0.12532	0.46183	0.03916	0.00948	0.00259	0.00377	0.01513	0.00699	0.00625
14	0.01903	0.01609	0.01697	0.01499	0.01926	0.01852	0.01174	0.10206	0.62108	0.03194	0.02838	0.02616	0.02121	0.00975	0.00738	0.00244	0.00598	0.00805	0.00738	0.01159
15	0.00886	0.00633	0.00843	0.01012	0.01054	0.00590	0.00675	0.01012	0.01392	0.01856	0.04006	0.73979	0.04808	0.02277	0.00928	0.00295	0.00422	0.02066	0.00675	0.00590
16	0.00886	0.00633	0.00843	0.01012	0.01054	0.00590	0.00675	0.01012	0.01392	0.01856	0.04006	0.73979	0.04808	0.02277	0.00928	0.00295	0.00422	0.02066	0.00675	0.00590
17	0.01458	0.03760	0.70688	0.02072	0.03146	0.01688	0.02686	0.02302	0.01535	0.02302	0.01304	0.01535	0.00921	0.00691	0.00691	0.00230	0.01074	0.00537	0.00307	0.01074
18	0.01416	0.00849	0.01089	0.01021	0.01228	0.00801	0.00759	0.01769	0.05463	0.13405	0.35039	0.15432	0.04895	0.09998	0.01177	0.00298	0.00465	0.03392	0.00747	0.00756
19	0.01065	0.00810	0.01172	0.01161	0.01266	0.00946	0.00885	0.01285	0.01162	0.01667	0.02013	0.05844	0.01981	0.12795	0.57327	0.01034	0.05700	0.00853	0.00403	0.00632
20	0.00946	0.00669	0.00864	0.01011	0.01074	0.00640	0.00683	0.01156	0.03887	0.01947	0.03877	0.67383	0.04548	0.02150	0.00898	0.00286	0.00423	0.01943	0.04999	0.00616
21	0.01590	0.01590	0.02226	0.01908	0.01908	0.02226	0.01590	0.01749	0.01113	0.01749	0.00954	0.01590	0.00954	0.01272	0.02385	0.00318	0.73123	0.00636	0.00318	0.00795
22	0.01962	0.01638	0.01730	0.01510	0.01949	0.01880	0.01188	0.14087	0.58132	0.03288	0.02764	0.02557	0.02061	0.00968	0.00738	0.00242	0.00611	0.00795	0.00738	0.01164
23	0.01991	0.01728	0.05706	0.13249	0.35638	0.04197	0.01874	0.02613	0.09812	0.13289	0.01778	0.02007	0.01339	0.00746	0.00721	0.00224	0.00831	0.00670	0.00485	0.01100
24	0.21863	0.07477	0.45628	0.01771	0.02640	0.01753	0.04798	0.02252	0.01461	0.02517	0.01217	0.01437	0.00894	0.00679	0.00621	0.00225	0.00929	0.00504	0.00347	0.00987
25	0.00892	0.00635	0.00841	0.01003	0.01044	0.00595	0.00665	0.01014	0.01378	0.01838	0.03938	0.71209	0.04721	0.05166	0.01039	0.00312	0.00433	0.02026	0.00665	0.00584
26	0.01391	0.01310	0.02213	0.69847	0.07726	0.01620	0.02028	0.01873	0.01462	0.01879	0.01295	0.01932	0.00977	0.00723	0.00726	0.00241	0.00965	0.00646	0.00325	0.00822
27	0.01722	0.01471	0.01544	0.01397	0.01788	0.01681	0.01085	0.03580	0.61392	0.02949	0.03269	0.03033	0.07255	0.01046	0.00741	0.00244	0.00552	0.00870	0.03286	0.01095
28	0.01684	0.01886	0.04077	0.06871	0.03785	0.01792	0.61760	0.02263	0.01679	0.02272	0.01455	0.01967	0.01100	0.00673	0.00907	0.02480	0.01194	0.00840	0.00364	0.00952
29	0.00899	0.00745	0.00794	0.00821	0.01049	0.00640	0.00634	0.01099	0.01649	0.01986	0.06805	0.09603	0.59133	0.01878	0.00880	0.00258	0.00407	0.09426	0.00674	0.00620
30	0.01534	0.13108	0.58878	0.02006	0.03005	0.01852	0.05360	0.02287	0.01535	0.02225	0.01273	0.01505	0.00930	0.00678	0.00668	0.00221	0.01042	0.00532	0.00310	0.01051
31	0.02574	0.01125	0.01496	0.01197	0.01644	0.01007	0.00968	0.05719	0.02133	0.47406	0.22679	0.03322	0.03282	0.01073	0.00768	0.00226	0.00544	0.00901	0.00862	0.01073
32	0.00886	0.00633	0.00843	0.01012	0.01054	0.00590	0.00675	0.01012	0.01392	0.01856	0.04006	0.73979	0.04808	0.02277	0.00928	0.00295	0.00422	0.02066	0.00675	0.00590
33	0.52508	0.01361	0.01285	0.01084	0.01567	0.01465	0.00890	0.02649	0.04536	0.23993	0.01673	0.01649	0.01164	0.00758	0.00550	0.00226	0.00580	0.00517	0.00602	0.00943
34	0.02661	0.03154	0.02087	0.01845	0.02230	0.57659	0.01411	0.12249	0.02206	0.02186	0.01205	0.01389	0.00981	0.00796	0.00760	0.00199	0.05158	0.00504	0.00423	0.00897
35	0.00881	0.00727	0.00774	0.00784	0.01001	0.00620	0.00580	0.01078	0.01677	0.02063	0.14220	0.13494	0.55902	0.01843	0.00866	0.00248	0.00371	0.01562	0.00689	0.00620
36	0.01355	0.00678	0.00678	0.00678	0.00847	0.00678	0.00508	0.01694	0.01524	0.02710	0.02371	0.02710	0.01863	0.00847	0.00508	0.00169	0.00339	0.00678	0.78489	0.00678
37	0.05038	0.09991	0.02252	0.01929	0.05923	0.55063	0.01425	0.02708	0.01903	0.01852	0.01113	0.01335	0.00944	0.00757	0.00729	0.00194	0.05132	0.00477	0.00367	0.00864
38	0.00938	0.00676	0.00898	0.01046	0.01125	0.00636	0.00749	0.01112	0.01484	0.01967	0.07539	0.56633	0.07934	0.02172	0.00933	0.00296	0.00455	0.12118	0.00680	0.00609
39	0.01744	0.01566	0.02089	0.01725	0.02021	0.05326	0.08722	0.15895	0.01761	0.02435	0.01507	0.02031	0.01298	0.02318	0.22649	0.00530	0.20917	0.00691	0.00441	0.04334
40	0.02097	0.39242	0.03123	0.04921	0.07053	0.21974	0.04390	0.02355	0.01645	0.01813	0.01098	0.01344	0.00960	0.00697	0.00666	0.00185	0.04712	0.00475	0.00336	0.00913
41	0.01074	0.00769	0.00912	0.00916	0.01068	0.00725	0.00653	0.04757	0.01661	0.02217	0.18629	0.23234	0.21514	0.08313	0.01250	0.05896	0.00448	0.01435	0.03906	0.00623
42	0.02835	0.04931	0.01839	0.01342	0.01894	0.01390	0.01111	0.14981	0.05705	0.44653	0.04921	0.02335	0.01815	0.00884	0.00710	0.00214	0.00642	0.00707	0.00797	0.06296
43	0.01204	0.04228	0.01284	0.05028	0.01503	0.03306	0.00890	0.04305	0.01559	0.02070	0.06748	0.42588	0.08181	0.01727	0.00920	0.00257	0.04689	0.01499	0.00597	0.07415
44	0.05652	0.01105	0.01328	0.15513	0.02022	0.01234	0.01027	0.14131	0.01822	0.02832	0.01928	0.02305	0.01504	0.01209	0.06620	0.00281	0.00701	0.00661	0.37312	0.00813
45	0.01118	0.00785	0.00982	0.00965	0.01040	0.00831	0.00650	0.04090	0.01254	0.01721	0.05048	0.07390	0.02603	0.43119	0.24514	0.00788	0.01068	0.01012	0.00464	0.00558
46	0.02277	0.01593	0.01743	0.01387	0.01861	0.01686	0.01120	0.42287	0.02702	0.06740	0.02060	0.08695	0.01677	0.00971	0.00695	0.00208	0.00662	0.00773	0.12494	0.08370

[dist]
# distance from previous block
# <min> <max>
0	1

[block]
# block no. 6 follows, 28 sequences, length 9
# corresponding to MSA columns:
# 297-305
name=unknown_G
#
# <colnr> <probs for GDERKNQSTAVLIFYWHMCP>
#	G	D	E	R	K	N	Q	S	T	A	V	L	I	F	Y	W	H	M	C	P
0	0.01950	0.01482	0.01638	0.01401	0.01785	0.01622	0.01103	0.32509	0.15407	0.03394	0.05609	0.16959	0.05467	0.01484	0.04442	0.00290	0.00700	0.01046	0.00702	0.01008
1	0.02336	0.04051	0.01856	0.01373	0.01923	0.01665	0.01127	0.33340	0.05403	0.11912	0.01866	0.01892	0.01360	0.00793	0.00656	0.00188	0.00664	0.00613	0.07847	0.19135
2	0.01080	0.00738	0.00890	0.00929	0.00984	0.00737	0.00596	0.01236	0.06182	0.01671	0.02961	0.25231	0.06341	0.33602	0.02385	0.11489	0.00583	0.01308	0.00527	0.00529
3	0.01630	0.10545	0.52604	0.02066	0.03028	0.01793	0.10072	0.02357	0.01578	0.05757	0.01375	0.01596	0.00989	0.00685	0.00690	0.00224	0.01039	0.00570	0.00345	0.01057
4	0.01742	0.32537	0.25710	0.01514	0.02184	0.07237	0.01651	0.02189	0.01533	0.02056	0.01307	0.01533	0.01060	0.00710	0.00632	0.00191	0.03504	0.00494	0.11283	0.00933
5	0.01134	0.00718	0.00912	0.00987	0.01125	0.00646	0.00692	0.01288	0.01518	0.09195	0.04552	0.53031	0.17373	0.02044	0.00893	0.00278	0.00432	0.01818	0.00699	0.00664
6	0.04978	0.01281	0.01360	0.04226	0.01663	0.03063	0.00950	0.15923	0.11743	0.02862	0.12076	0.07419	0.23185	0.01296	0.00772	0.00231	0.00557	0.01072	0.00666	0.04677
7	0.02459	0.01370	0.01686	0.01475	0.04526	0.01401	0.01132	0.08927	0.22921	0.32912	0.02649	0.02496	0.01860	0.01250	0.05981	0.00298	0.00717	0.00751	0.04048	0.01139
8	0.01693	0.02196	0.18770	0.07037	0.46513	0.01721	0.07045	0.02237	0.01622	0.02330	0.01357	0.01756	0.01086	0.00659	0.00723	0.00223	0.00944	0.00637	0.00346	0.01105

[dist]
# distance from previous block
# <min> <max>
0	2

[block]
# block no. 7 follows, 28 sequences, length 73
# corresponding to MSA columns:
# 308-380
name=unknown_H
#
# <colnr> <probs for GDERKNQSTAVLIFYWHMCP>
#	G	D	E	R	K	N	Q	S	T	A	V	L	I	F	Y	W	H	M	C	P
0	0.01720	0.01198	0.01434	0.05023	0.01742	0.01269	0.01028	0.17472	0.11028	0.08701	0.05580	0.26926	0.03075	0.05426	0.00979	0.00283	0.00605	0.04935	0.00689	0.00887
1	0.03839	0.03027	0.49201	0.13661	0.06866	0.01655	0.04204	0.02274	0.01547	0.05132	0.01368	0.01655	0.00979	0.00700	0.00697	0.00231	0.01016	0.00573	0.00343	0.01031
2	0.01037	0.00709	0.00793	0.00791	0.00821	0.00695	0.00459	0.01066	0.01149	0.01513	0.05033	0.04996	0.09258	0.64991	0.03330	0.00644	0.00660	0.01112	0.00475	0.00465
3	0.01932	0.01851	0.02043	0.13195	0.05074	0.15782	0.05797	0.11281	0.05355	0.02464	0.01556	0.01899	0.01235	0.00866	0.00958	0.00227	0.12843	0.00639	0.14111	0.00892
4	0.15082	0.06465	0.02111	0.02044	0.12192	0.40310	0.01403	0.05148	0.01888	0.05273	0.01238	0.01424	0.00994	0.00727	0.00628	0.00199	0.01044	0.00498	0.00418	0.00917
5	0.01057	0.00705	0.00793	0.00793	0.00793	0.00705	0.00440	0.01057	0.01057	0.01409	0.02290	0.04757	0.02643	0.74454	0.03700	0.00705	0.00705	0.01057	0.00440	0.00440
6	0.01270	0.00986	0.01271	0.01105	0.01382	0.00974	0.00853	0.01503	0.01287	0.01960	0.01701	0.02464	0.01572	0.09667	0.27930	0.03610	0.06286	0.00666	0.06962	0.26550
7	0.01460	0.01291	0.02136	0.60999	0.09171	0.01546	0.01914	0.01916	0.01506	0.04955	0.01686	0.02218	0.04622	0.00787	0.00733	0.00240	0.00915	0.00697	0.00370	0.00840
8	0.62795	0.01544	0.01312	0.01113	0.01591	0.01767	0.00917	0.16424	0.01714	0.03550	0.01172	0.01304	0.00885	0.00718	0.00510	0.00223	0.00614	0.00451	0.00510	0.00885
9	0.67078	0.01508	0.01250	0.01073	0.01544	0.01732	0.00884	0.12780	0.01592	0.03476	0.01132	0.01273	0.00860	0.00707	0.00495	0.00224	0.00601	0.00436	0.00495	0.00860
10	0.02337	0.38953	0.06965	0.01442	0.02013	0.15278	0.01332	0.02606	0.01711	0.16780	0.01454	0.01514	0.01123	0.00730	0.00630	0.00186	0.03013	0.00495	0.00452	0.00987
11	0.00886	0.00633	0.00843	0.01012	0.01054	0.00590	0.00675	0.01012	0.01392	0.01856	0.04006	0.73979	0.04808	0.02277	0.00928	0.00295	0.00422	0.02066	0.00675	0.00590
12	0.00886	0.00633	0.00843	0.01012	0.01054	0.00590	0.00675	0.01012	0.01392	0.01856	0.04006	0.73979	0.04808	0.02277	0.00928	0.00295	0.00422	0.02066	0.00675	0.00590
13	0.02090	0.01664	0.01774	0.01519	0.01976	0.01888	0.01203	0.19127	0.50537	0.05861	0.02664	0.02471	0.01968	0.00956	0.00736	0.00239	0.00631	0.00778	0.00742	0.01174
14	0.01044	0.00756	0.01055	0.01055	0.01145	0.00847	0.00767	0.01225	0.01135	0.01603	0.02051	0.03431	0.02067	0.26333	0.51033	0.01028	0.01571	0.00863	0.00405	0.00586
15	0.00886	0.00633	0.00843	0.01012	0.01054	0.00590	0.00675	0.01012	0.01392	0.01856	0.04006	0.73979	0.04808	0.02277	0.00928	0.00295	0.00422	0.02066	0.00675	0.00590
16	0.01072	0.00823	0.01210	0.01191	0.01306	0.00976	0.00923	0.01311	0.01159	0.01675	0.01907	0.02888	0.01812	0.09105	0.63601	0.01091	0.06129	0.00786	0.00388	0.00646
17	0.01982	0.01689	0.05886	0.04431	0.04960	0.01728	0.01328	0.15161	0.36761	0.07979	0.02753	0.02765	0.05432	0.00992	0.00747	0.00240	0.00669	0.02701	0.00685	0.01112
18	0.01681	0.01905	0.04144	0.02977	0.03683	0.01786	0.64473	0.02273	0.01702	0.02309	0.01577	0.04995	0.01259	0.00683	0.00861	0.00247	0.01192	0.00909	0.00381	0.00964
