[name]
unknown

[dist]
# distance from previous block
# <min> <max>
0	2

[block]
# block no. 0 follows, 27 sequences, length 69
# corresponding to MSA columns:
# 2-70
name=unknown_A
#
# <colnr> <probs for GDERKNQSTAVLIFYWHMCP>
#	G	D	E	R	K	N	Q	S	T	A	V	L	I	F	Y	W	H	M	C	P
0	0.01196	0.00854	0.01196	0.01367	0.01538	0.00854	0.01196	0.01538	0.01709	0.02222	0.03931	0.08374	0.04272	0.02051	0.01025	0.00342	0.00684	0.64283	0.00684	0.00684
1	0.02064	0.01591	0.01689	0.01316	0.01867	0.06367	0.01048	0.14785	0.07606	0.10210	0.01938	0.02020	0.03742	0.00857	0.00761	0.03982	0.00669	0.00605	0.00577	0.36307
2	0.06369	0.01019	0.01168	0.01093	0.01296	0.01032	0.00782	0.11441	0.01676	0.07205	0.02738	0.22791	0.02926	0.27363	0.01871	0.00425	0.00633	0.04290	0.00606	0.03280
3	0.01239	0.00945	0.01250	0.01221	0.01354	0.00993	0.00900	0.01402	0.01404	0.05142	0.03051	0.45435	0.03483	0.04282	0.01268	0.00293	0.14111	0.01532	0.00593	0.10105
4	0.02363	0.01778	0.01942	0.01701	0.05337	0.04013	0.01296	0.24868	0.31035	0.11219	0.02396	0.02276	0.01744	0.00917	0.00739	0.00231	0.00706	0.00737	0.00728	0.03974
5	0.02145	0.01256	0.01642	0.01240	0.01812	0.01022	0.03291	0.02461	0.01792	0.27189	0.06277	0.05578	0.01922	0.00833	0.00673	0.00176	0.00587	0.00704	0.00649	0.38750
6	0.02521	0.20754	0.02599	0.01924	0.06462	0.49891	0.01448	0.02739	0.01932	0.01838	0.01135	0.01334	0.00969	0.00727	0.00626	0.00185	0.01176	0.00470	0.00366	0.00903
7	0.02616	0.01796	0.07042	0.01544	0.02102	0.01699	0.01329	0.33381	0.05778	0.23128	0.02392	0.09791	0.01849	0.01046	0.00764	0.00236	0.00731	0.00846	0.00756	0.01175
8	0.00904	0.00646	0.00861	0.01034	0.01077	0.00603	0.00689	0.01034	0.01421	0.01895	0.04092	0.73426	0.04910	0.02326	0.00948	0.00301	0.00431	0.02110	0.00689	0.00603
9	0.43401	0.01354	0.01389	0.01139	0.01652	0.01395	0.00939	0.02859	0.01670	0.34670	0.01927	0.01829	0.01291	0.00797	0.00595	0.00230	0.00601	0.00564	0.00676	0.01021
10	0.02323	0.01627	0.01815	0.01474	0.01919	0.01748	0.01171	0.41195	0.06171	0.07734	0.02177	0.11288	0.01866	0.03562	0.01045	0.06916	0.00717	0.00872	0.00692	0.03688
11	0.00914	0.00658	0.00850	0.00999	0.01054	0.00612	0.00665	0.01039	0.01419	0.01874	0.04230	0.64236	0.09435	0.06849	0.01123	0.00324	0.00445	0.02005	0.00674	0.00595
12	0.00922	0.00683	0.00861	0.00967	0.01068	0.00622	0.00668	0.01096	0.01575	0.02081	0.14665	0.50818	0.17016	0.02120	0.00924	0.00282	0.00408	0.01893	0.00709	0.00622
13	0.01678	0.03051	0.44927	0.02447	0.11659	0.01721	0.09616	0.06371	0.01763	0.04354	0.04376	0.01864	0.01300	0.00744	0.00739	0.00234	0.01024	0.00647	0.00393	0.01094
14	0.02827	0.02179	0.02116	0.01681	0.02230	0.12862	0.01362	0.45534	0.06492	0.12367	0.01893	0.01859	0.01340	0.00881	0.00732	0.00220	0.00863	0.00657	0.00709	0.01195
15	0.03281	0.01343	0.01772	0.01358	0.01935	0.01209	0.01122	0.09765	0.02258	0.63459	0.02817	0.02454	0.01782	0.00916	0.00746	0.00229	0.00650	0.00739	0.00902	0.01263
16	0.00982	0.00744	0.00905	0.00891	0.01074	0.00667	0.00658	0.01258	0.01900	0.02562	0.43055	0.13858	0.25298	0.01719	0.00884	0.00246	0.00367	0.01498	0.00764	0.00667
17	0.02796	0.02039	0.02246	0.01820	0.05227	0.02239	0.01439	0.61890	0.03366	0.06726	0.01803	0.01809	0.01278	0.00882	0.00742	0.00223	0.00814	0.00671	0.00732	0.01259
18	0.02077	0.01530	0.01671	0.01458	0.01902	0.01699	0.01147	0.06749	0.51908	0.13334	0.03146	0.02878	0.05080	0.01026	0.00759	0.00247	0.00596	0.00849	0.00777	0.01169
19	0.01792	0.01734	0.02790	0.31886	0.03858	0.04371	0.18712	0.12202	0.01847	0.02441	0.01390	0.01887	0.01065	0.00805	0.00985	0.00252	0.09927	0.00710	0.00408	0.00939
20	0.02742	0.02003	0.02143	0.01652	0.02223	0.02213	0.01362	0.63198	0.03383	0.04573	0.01818	0.01837	0.01298	0.00890	0.00730	0.00220	0.00791	0.00670	0.05025	0.01231
21	0.01981	0.01491	0.01706	0.01466	0.01843	0.01608	0.01175	0.33413	0.04563	0.03360	0.02583	0.20428	0.02535	0.01388	0.00898	0.00255	0.04165	0.08541	0.00683	0.05917
22	0.01167	0.00928	0.01321	0.21079	0.02262	0.01003	0.01096	0.04770	0.01589	0.02101	0.08187	0.37670	0.05933	0.06161	0.01046	0.00301	0.00618	0.01483	0.00586	0.00699
23	0.01074	0.00808	0.01029	0.01103	0.01186	0.00829	0.00771	0.03711	0.03689	0.02054	0.06810	0.53427	0.06255	0.07530	0.01237	0.00325	0.05057	0.01790	0.00658	0.00654
24	0.75471	0.01427	0.01122	0.00993	0.01458	0.01637	0.00818	0.02252	0.01305	0.06559	0.01126	0.01270	0.00854	0.00700	0.00473	0.00230	0.00577	0.00419	0.00482	0.00826
25	0.06371	0.01348	0.02193	0.64316	0.07996	0.01656	0.01992	0.01933	0.01480	0.02014	0.01305	0.01923	0.00987	0.00735	0.00724	0.00245	0.00958	0.00643	0.00340	0.00840
26	0.02809	0.01231	0.01615	0.01274	0.01767	0.01117	0.01038	0.08785	0.02242	0.50022	0.16617	0.03092	0.02867	0.01042	0.00773	0.00230	0.00589	0.00864	0.00882	0.01146
27	0.01694	0.01140	0.01348	0.01198	0.01527	0.01174	0.00929	0.02660	0.25848	0.13578	0.32776	0.04115	0.06392	0.01250	0.00812	0.00240	0.00481	0.01073	0.00807	0.00959
28	0.01624	0.01624	0.02274	0.01949	0.01949	0.02274	0.01624	0.01787	0.01137	0.01787	0.00975	0.01624	0.00975	0.01299	0.02436	0.00325	0.72552	0.00650	0.00325	0.00812
29	0.08513	0.01275	0.01680	0.01297	0.01864	0.01130	0.01071	0.03520	0.02066	0.65251	0.02799	0.02437	0.01767	0.00903	0.00727	0.00230	0.00628	0.00723	0.00887	0.01232
30	0.01508	0.01496	0.02606	0.19987	0.06389	0.01734	0.17615	0.01893	0.01454	0.02016	0.01632	0.07411	0.01514	0.01296	0.04972	0.00327	0.21074	0.03839	0.00388	0.00850
31	0.00950	0.00793	0.00835	0.00826	0.01073	0.00696	0.00627	0.01246	0.04647	0.02173	0.14344	0.06805	0.56800	0.01805	0.00877	0.00252	0.00392	0.03492	0.00707	0.00661
32	0.00943	0.00759	0.00844	0.00852	0.01060	0.00670	0.00628	0.01206	0.03388	0.02229	0.20342	0.16509	0.44251	0.01845	0.00884	0.00254	0.00384	0.01580	0.00719	0.00653
33	0.01645	0.01568	0.02666	0.34404	0.40935	0.01713	0.02183	0.02110	0.01599	0.02192	0.01362	0.01900	0.01094	0.00697	0.00738	0.00232	0.00929	0.00661	0.00351	0.01021
34	0.01889	0.01616	0.01703	0.01519	0.01947	0.01866	0.01185	0.06685	0.65129	0.03174	0.02968	0.02727	0.02222	0.01002	0.00755	0.00251	0.00598	0.00832	0.00755	0.01179
35	0.00983	0.00774	0.00993	0.01074	0.01149	0.00792	0.00760	0.01123	0.01428	0.01888	0.04317	0.51292	0.16033	0.04566	0.01192	0.00309	0.08244	0.01819	0.00642	0.00625
36	0.06768	0.29236	0.14474	0.06200	0.02663	0.04051	0.14764	0.02291	0.01609	0.05681	0.01614	0.01833	0.04330	0.00734	0.00651	0.00209	0.00922	0.00614	0.00390	0.00967
37	0.01997	0.01703	0.01732	0.01428	0.01876	0.09206	0.01132	0.19188	0.09290	0.05016	0.02311	0.06810	0.06683	0.01205	0.03900	0.00252	0.05262	0.00777	0.00588	0.19644
38	0.01625	0.01384	0.01622	0.01183	0.01804	0.01141	0.00953	0.05997	0.01642	0.02530	0.01331	0.01559	0.01103	0.00611	0.00661	0.00128	0.04355	0.00465	0.00453	0.69451
39	0.01074	0.00811	0.01004	0.01004	0.01150	0.00751	0.00690	0.01220	0.01402	0.01933	0.06735	0.37490	0.06915	0.18155	0.01568	0.00361	0.02885	0.01501	0.00591	0.12761
40	0.01736	0.01516	0.01622	0.01219	0.01823	0.05574	0.00968	0.09455	0.01797	0.02618	0.01497	0.05057	0.01295	0.00690	0.00599	0.00138	0.00625	0.00550	0.00484	0.60736
41	0.02279	0.01610	0.01824	0.01393	0.01980	0.01564	0.01130	0.28658	0.05553	0.11858	0.01898	0.04567	0.01460	0.00825	0.00678	0.00185	0.00666	0.00655	0.00648	0.30568
42	0.01109	0.00761	0.00859	0.00861	0.00885	0.00772	0.00503	0.01227	0.04619	0.01556	0.02485	0.09039	0.02815	0.65595	0.03442	0.00669	0.00695	0.01131	0.00481	0.00498
43	0.00912	0.00661	0.00861	0.01006	0.01073	0.00611	0.00680	0.01059	0.01485	0.01971	0.08413	0.64034	0.10013	0.02241	0.00938	0.00293	0.00421	0.02020	0.00697	0.00611
44	0.02642	0.01723	0.01910	0.01500	0.02020	0.01854	0.01229	0.44379	0.05429	0.14857	0.02098	0.02093	0.01489	0.01038	0.02837	0.00248	0.00757	0.00694	0.10029	0.01173
45	0.02685	0.11420	0.02303	0.01841	0.02252	0.63363	0.01416	0.02882	0.02037	0.01809	0.01135	0.01322	0.00956	0.00751	0.00648	0.00188	0.01278	0.00469	0.00375	0.00871
46	0.01506	0.01451	0.02048	0.01791	0.01819	0.01992	0.01479	0.01690	0.01149	0.01773	0.01186	0.01894	0.01159	0.02192	0.16764	0.00506	0.57799	0.00680	0.00340	0.00781
47	0.00904	0.00646	0.00861	0.01034	0.01077	0.00603	0.00689	0.01034	0.01421	0.01895	0.04092	0.73426	0.04910	0.02326	0.00948	0.00301	0.00431	0.02110	0.00689	0.00603
48	0.00987	0.00807	0.00878	0.00851	0.01091	0.00724	0.00641	0.01341	0.05954	0.02350	0.24651	0.06417	0.47219	0.01723	0.00869	0.00246	0.00382	0.01458	0.00730	0.00682
49	0.02705	0.03312	0.02123	0.01900	0.02274	0.61636	0.01445	0.07539	0.02144	0.02023	0.01183	0.01389	0.00980	0.00808	0.00785	0.00202	0.05757	0.00503	0.00405	0.00887
50	0.01143	0.00814	0.01121	0.01283	0.01424	0.00807	0.01074	0.01432	0.01628	0.02126	0.03867	0.18517	0.04286	0.06104	0.01167	0.00356	0.00645	0.50874	0.00671	0.00658
51	0.01061	0.00795	0.01193	0.01193	0.01326	0.00928	0.00928	0.01326	0.01193	0.01723	0.01988	0.02916	0.01856	0.05568	0.70968	0.01193	0.01988	0.00795	0.00398	0.00663
52	0.02847	0.02040	0.02203	0.01689	0.02282	0.02243	0.01395	0.63735	0.03424	0.07841	0.01838	0.01818	0.01290	0.00893	0.00743	0.00223	0.00808	0.00672	0.00751	0.01263
53	0.01837	0.01764	0.03013	0.04557	0.69279	0.01764	0.02278	0.02278	0.01690	0.02425	0.01396	0.01837	0.01176	0.00661	0.00735	0.00220	0.00882	0.00661	0.00367	0.01176
54	0.00921	0.00653	0.00856	0.01012	0.01051	0.00614	0.00666	0.01038	0.01388	0.01851	0.03923	0.66829	0.04697	0.09213	0.01220	0.00342	0.00459	0.02011	0.00666	0.00588
55	0.02044	0.68996	0.03755	0.01319	0.01935	0.08085	0.01283	0.02279	0.01553	0.01752	0.01041	0.01202	0.00953	0.00645	0.00491	0.00161	0.00835	0.00403	0.00322	0.00946
56	0.01405	0.01055	0.01535	0.13107	0.02092	0.01157	0.03617	0.05193	0.01582	0.07459	0.02942	0.40684	0.03200	0.01684	0.01059	0.00283	0.09121	0.01460	0.00596	0.00769
57	0.01354	0.01128	0.01338	0.01069	0.01558	0.00878	0.00819	0.01628	0.01516	0.02272	0.02263	0.19706	0.04802	0.01047	0.00662	0.00163	0.00513	0.00902	0.00512	0.55868
58	0.07073	0.14345	0.15415	0.01762	0.02305	0.37307	0.01607	0.02571	0.01796	0.02008	0.01328	0.01528	0.02848	0.00786	0.00725	0.00205	0.04601	0.00513	0.00370	0.00908
59	0.02630	0.01970	0.02124	0.01629	0.02223	0.02130	0.01339	0.56497	0.06091	0.04347	0.01783	0.01797	0.01288	0.00857	0.00721	0.00211	0.00776	0.00649	0.00708	0.10232
60	0.03331	0.01263	0.01723	0.01321	0.01895	0.01091	0.01091	0.03618	0.02125	0.69794	0.02929	0.02527	0.01838	0.00919	0.00747	0.00230	0.00632	0.00747	0.00919	0.01263
61	0.01683	0.02000	0.08277	0.18024	0.03766	0.04901	0.35913	0.02214	0.01610	0.02164	0.01361	0.01884	0.01054	0.00756	0.01041	0.00256	0.11046	0.00756	0.00354	0.00937
62	0.00911	0.00662	0.00861	0.01004	0.01073	0.00611	0.00679	0.01060	0.01487	0.01973	0.08505	0.63511	0.10451	0.02237	0.00937	0.00293	0.00421	0.02016	0.00697	0.00611
63	0.00991	0.00713	0.00939	0.00975	0.01096	0.00661	0.00696	0.01251	0.01823	0.02534	0.42385	0.33310	0.06148	0.01848	0.00905	0.00261	0.00383	0.01657	0.00765	0.00661
64	0.00904	0.00646	0.00861	0.01034	0.01077	0.00603	0.00689	0.01034	0.01421	0.01895	0.04092	0.73426	0.04910	0.02326	0.00948	0.00301	0.00431	0.02110	0.00689	0.00603
65	0.02053	0.01768	0.02614	0.14737	0.03036	0.01957	0.16186	0.28731	0.02332	0.03142	0.01725	0.07275	0.01428	0.00956	0.00966	0.00250	0.08458	0.00821	0.00537	0.01027
66	0.00975	0.00752	0.01126	0.01184	0.01279	0.00704	0.05668	0.01137	0.01433	0.01914	0.03828	0.65355	0.04538	0.04978	0.01052	0.00314	0.00504	0.01977	0.00656	0.00627
67	0.01922	0.01847	0.04313	0.01545	0.01988	0.08314	0.01242	0.06717	0.52921	0.02980	0.02933	0.02748	0.05206	0.01009	0.00751	0.00244	0.00679	0.00820	0.00700	0.01121
68	0.01636	0.01506	0.01642	0.01230	0.01814	0.06169	0.00983	0.01942	0.01546	0.02322	0.01278	0.01532	0.01079	0.00629	0.00718	0.00134	0.06694	0.00460	0.00426	0.66260

[dist]
# distance from previous block
# <min> <max>
0	2

[block]
# block no. 1 follows, 27 sequences, length 137
# corresponding to MSA columns:
# 73-209
name=unknown_B
#
# <colnr> <probs for GDERKNQSTAVLIFYWHMCP>
#	G	D	E	R	K	N	Q	S	T	A	V	L	I	F	Y	W	H	M	C	P
0	0.02099	0.04901	0.01821	0.01429	0.01824	0.04232	0.01138	0.22798	0.10322	0.09293	0.02086	0.05312	0.01761	0.09765	0.08254	0.00380	0.05299	0.00781	0.00613	0.05894
1	0.01408	0.01319	0.02198	0.69211	0.04975	0.01622	0.02013	0.01896	0.01487	0.01918	0.01319	0.01961	0.00994	0.00734	0.00734	0.00242	0.00972	0.00651	0.00334	0.04011
2	0.02679	0.02264	0.02131	0.01716	0.02250	0.14065	0.01383	0.47140	0.12135	0.03969	0.01844	0.01842	0.01348	0.00885	0.00732	0.00221	0.00875	0.00659	0.00682	0.01181
3	0.01051	0.00759	0.00992	0.00934	0.01109	0.00700	0.00700	0.01401	0.02101	0.02977	0.68888	0.05545	0.07005	0.01518	0.00876	0.00233	0.00350	0.01343	0.00817	0.00700
4	0.01051	0.00759	0.00992	0.00934	0.01109	0.00700	0.00700	0.01401	0.02101	0.02977	0.68888	0.05545	0.07005	0.01518	0.00876	0.00233	0.00350	0.01343	0.00817	0.00700
5	0.02099	0.01720	0.01821	0.01562	0.02027	0.01964	0.01236	0.20214	0.51258	0.03513	0.02701	0.02514	0.02006	0.00977	0.00752	0.00244	0.00647	0.00795	0.00752	0.01198
6	0.01289	0.00645	0.00967	0.00967	0.00967	0.00645	0.00645	0.00967	0.00967	0.01289	0.01289	0.02257	0.01289	0.02579	0.02901	0.78401	0.00645	0.00645	0.00322	0.00322
7	0.01846	0.01595	0.01679	0.01511	0.01930	0.01846	0.01175	0.03945	0.67938	0.03105	0.03022	0.02770	0.02266	0.01007	0.00755	0.00252	0.00588	0.00839	0.00755	0.01175
8	0.03065	0.01689	0.01986	0.01523	0.02107	0.01723	0.01258	0.36586	0.02837	0.35819	0.02331	0.02138	0.01538	0.00904	0.00745	0.00226	0.00728	0.00706	0.00827	0.01263
9	0.00904	0.00646	0.00861	0.01034	0.01077	0.00603	0.00689	0.01034	0.01421	0.01895	0.04092	0.73426	0.04910	0.02326	0.00948	0.00301	0.00431	0.02110	0.00689	0.00603
10	0.00902	0.00753	0.00786	0.00778	0.01018	0.00637	0.00584	0.01113	0.01751	0.02144	0.16282	0.06916	0.60130	0.01828	0.00877	0.00248	0.00372	0.01535	0.00708	0.00637
11	0.02969	0.01844	0.02082	0.01596	0.02185	0.01953	0.01319	0.48579	0.03097	0.23460	0.02113	0.01997	0.01428	0.00899	0.00744	0.00225	0.00763	0.00691	0.00793	0.01263
12	0.79154	0.01436	0.01091	0.00976	0.01436	0.01665	0.00804	0.02182	0.01263	0.03331	0.01034	0.01206	0.00804	0.00689	0.00459	0.00230	0.00574	0.00402	0.00459	0.00804
13	0.02022	0.01516	0.01627	0.01398	0.01720	0.05206	0.01089	0.29459	0.02337	0.05474	0.02391	0.19514	0.02288	0.05778	0.01082	0.00274	0.06125	0.01039	0.08725	0.00937
14	0.01306	0.00815	0.01074	0.00977	0.01197	0.00744	0.00744	0.01649	0.02104	0.10461	0.61500	0.05207	0.06426	0.01451	0.00861	0.00233	0.00382	0.01276	0.00829	0.00764
15	0.01775	0.02017	0.04080	0.02963	0.03622	0.04366	0.57502	0.02337	0.01700	0.02296	0.01434	0.01940	0.01105	0.00701	0.01031	0.00256	0.08689	0.00838	0.00370	0.00977
16	0.02747	0.03437	0.02095	0.01895	0.02284	0.66841	0.01426	0.04899	0.04089	0.01940	0.01222	0.01394	0.01004	0.00776	0.00674	0.00194	0.01301	0.00494	0.00404	0.00882
17	0.68119	0.01419	0.01252	0.11074	0.01958	0.01663	0.00982	0.02142	0.01295	0.03127	0.01074	0.01316	0.00830	0.00697	0.00500	0.00232	0.00633	0.00439	0.00441	0.00807
18	0.01558	0.01533	0.02212	0.14183	0.02469	0.02101	0.01665	0.01777	0.01209	0.01810	0.01154	0.04434	0.01128	0.01241	0.02083	0.00310	0.57281	0.00707	0.00340	0.00806
19	0.01079	0.00723	0.00826	0.00826	0.00832	0.00729	0.00470	0.01090	0.01084	0.01452	0.02324	0.04774	0.02663	0.70966	0.06673	0.00740	0.00774	0.01067	0.00448	0.00459
20	0.02352	0.01638	0.01830	0.01497	0.01975	0.01783	0.01206	0.30637	0.21586	0.12737	0.09206	0.02603	0.02245	0.01194	0.03786	0.00275	0.00728	0.00803	0.00763	0.01154
21	0.02472	0.06294	0.02074	0.01529	0.02043	0.02040	0.01248	0.45425	0.09478	0.06952	0.02166	0.02343	0.03898	0.07430	0.01003	0.00267	0.00760	0.00741	0.00698	0.01140
22	0.03304	0.01307	0.01750	0.01341	0.01917	0.01155	0.01108	0.06963	0.02197	0.66346	0.02868	0.02487	0.01807	0.00917	0.00746	0.00229	0.00641	0.00742	0.00909	0.01263
23	0.00919	0.00668	0.00841	0.00972	0.01038	0.00619	0.00647	0.01043	0.01421	0.01861	0.04366	0.57213	0.13293	0.09885	0.01239	0.00339	0.00454	0.01928	0.00664	0.00590
24	0.01112	0.00799	0.00991	0.01045	0.01152	0.00787	0.00721	0.06719	0.01613	0.02164	0.09613	0.46099	0.06761	0.12619	0.03864	0.00380	0.00553	0.01699	0.00660	0.00649
25	0.01654	0.02112	0.13933	0.01960	0.02258	0.08794	0.06130	0.01989	0.01384	0.01945	0.01331	0.02078	0.01226	0.01498	0.07557	0.00365	0.38559	0.04012	0.00357	0.00860
26	0.01080	0.00720	0.00810	0.00810	0.00810	0.00720	0.00450	0.01080	0.01080	0.01439	0.02339	0.04858	0.02699	0.73910	0.03779	0.00720	0.00720	0.01080	0.00450	0.00450
27	0.02119	0.01489	0.01692	0.04628	0.01928	0.01600	0.01122	0.32205	0.07434	0.08725	0.08343	0.08432	0.04899	0.10569	0.01170	0.00299	0.00692	0.00946	0.00701	0.01006
28	0.02156	0.11144	0.14002	0.08867	0.02632	0.32962	0.01693	0.02677	0.08018	0.02028	0.01348	0.01580	0.01081	0.00798	0.00793	0.00216	0.06136	0.00545	0.00389	0.00935
29	0.01196	0.00854	0.01196	0.01367	0.01538	0.00854	0.01196	0.01538	0.01709	0.02222	0.03931	0.08374	0.04272	0.02051	0.01025	0.00342	0.00684	0.64283	0.00684	0.00684
30	0.01365	0.01270	0.02076	0.57952	0.04380	0.01586	0.01868	0.01790	0.01447	0.01887	0.01603	0.10029	0.01432	0.00970	0.00913	0.00260	0.07180	0.00823	0.00370	0.00798
31	0.01433	0.01292	0.02110	0.53691	0.10237	0.01563	0.01870	0.01882	0.01492	0.02021	0.01507	0.04423	0.01223	0.00825	0.00805	0.00243	0.04192	0.00711	0.07641	0.00836
32	0.03987	0.25618	0.41156	0.01913	0.02814	0.02116	0.08235	0.02309	0.01557	0.02194	0.01246	0.01480	0.00958	0.00675	0.00643	0.00213	0.01001	0.00528	0.00325	0.01034
33	0.20127	0.01547	0.01485	0.06302	0.01864	0.06452	0.01048	0.22370	0.02124	0.03338	0.01789	0.04586	0.01425	0.00871	0.00618	0.00213	0.00667	0.00652	0.21607	0.00916
34	0.00970	0.00756	0.00881	0.00850	0.01060	0.00666	0.00637	0.01245	0.01911	0.02526	0.40403	0.06288	0.35771	0.01686	0.00876	0.00241	0.00362	0.01447	0.00758	0.00666
35	0.01787	0.01672	0.06784	0.08044	0.02768	0.01564	0.23590	0.11425	0.01909	0.07652	0.06467	0.09898	0.02084	0.06669	0.01122	0.00287	0.03848	0.00964	0.00528	0.00937
36	0.01650	0.01316	0.01551	0.01113	0.01768	0.00996	0.00893	0.01977	0.01576	0.06585	0.01419	0.01600	0.01145	0.00573	0.00562	0.00117	0.00555	0.00459	0.00469	0.73676
37	0.02773	0.03538	0.02104	0.01913	0.02295	0.70930	0.01434	0.02964	0.02104	0.01817	0.01148	0.01339	0.00956	0.00765	0.00669	0.00191	0.01339	0.00478	0.00383	0.00861
38	0.01985	0.74357	0.03890	0.01270	0.01905	0.02937	0.01270	0.02223	0.01508	0.01747	0.01032	0.01191	0.00953	0.00635	0.00476	0.00159	0.00794	0.00397	0.00318	0.00953
39	0.01080	0.00720	0.00810	0.00810	0.00810	0.00720	0.00450	0.01080	0.01080	0.01439	0.02339	0.04858	0.02699	0.73910	0.03779	0.00720	0.00720	0.01080	0.00450	0.00450
40	0.01846	0.01595	0.01679	0.01511	0.01930	0.01846	0.01175	0.03945	0.67938	0.03105	0.03022	0.02770	0.02266	0.01007	0.00755	0.00252	0.00588	0.00839	0.00755	0.01175
41	0.01079	0.00723	0.00827	0.00827	0.00833	0.00729	0.00472	0.01091	0.01085	0.01452	0.02323	0.04769	0.02660	0.70767	0.06869	0.00741	0.00778	0.01067	0.00447	0.00460
42	0.01539	0.01319	0.01539	0.01100	0.01759	0.00990	0.00880	0.01869	0.01539	0.02419	0.01319	0.01539	0.01100	0.00550	0.00550	0.00110	0.00550	0.00440	0.00440	0.78449
43	0.04625	0.00770	0.00761	0.00739	0.00938	0.00787	0.00561	0.03991	0.01611	0.02857	0.02343	0.02670	0.01836	0.00859	0.00524	0.00177	0.00372	0.00679	0.72185	0.00716
44	0.02110	0.00974	0.01312	0.01144	0.01479	0.00865	0.00885	0.02377	0.01949	0.34787	0.21682	0.20384	0.04022	0.01424	0.00831	0.00248	0.00505	0.01241	0.00835	0.00947
45	0.01080	0.00720	0.00810	0.00810	0.00810	0.00720	0.00450	0.01080	0.01080	0.01439	0.02339	0.04858	0.02699	0.73910	0.03779	0.00720	0.00720	0.01080	0.00450	0.00450
46	0.01837	0.01764	0.03013	0.04557	0.69279	0.01764	0.02278	0.02278	0.01690	0.02425	0.01396	0.01837	0.01176	0.00661	0.00735	0.00220	0.00882	0.00661	0.00367	0.01176
47	0.03309	0.01299	0.01745	0.01337	0.01913	0.01143	0.01105	0.06340	0.02184	0.66988	0.02879	0.02495	0.01813	0.00918	0.00746	0.00229	0.00640	0.00743	0.00911	0.01263
48	0.02628	0.01827	0.02001	0.01558	0.02092	0.01983	0.01278	0.52714	0.03164	0.09496	0.08243	0.02241	0.01879	0.00951	0.00745	0.00222	0.00737	0.00739	0.04318	0.01183
49	0.22094	0.01438	0.01601	0.01276	0.01813	0.04487	0.01046	0.05353	0.01956	0.47997	0.02338	0.02120	0.01521	0.00854	0.00672	0.00228	0.00656	0.00646	0.00774	0.01131
50	0.06509	0.01612	0.01773	0.01425	0.01874	0.01727	0.01131	0.39584	0.02654	0.12540	0.02167	0.08108	0.01830	0.12210	0.01211	0.00307	0.00733	0.00844	0.00702	0.01060
51	0.00903	0.00653	0.00855	0.01016	0.01072	0.00604	0.00681	0.01036	0.01438	0.01902	0.04304	0.69328	0.08871	0.02298	0.00943	0.00298	0.00427	0.02077	0.00689	0.00604
52	0.01448	0.01351	0.02110	0.45326	0.03820	0.01743	0.01803	0.01825	0.01385	0.01911	0.01378	0.04502	0.01175	0.00968	0.01231	0.00268	0.21785	0.00711	0.04455	0.00806
53	0.01593	0.05662	0.01552	0.03964	0.01698	0.01310	0.01072	0.18720	0.01994	0.02635	0.02927	0.22866	0.05115	0.01931	0.05313	0.06275	0.00735	0.13212	0.00620	0.00807
54	0.01511	0.01282	0.01494	0.01082	0.01701	0.00973	0.00853	0.01820	0.01511	0.02358	0.01383	0.01745	0.01198	0.05086	0.00749	0.00148	0.00560	0.00479	0.00440	0.73626
55	0.01278	0.00866	0.01135	0.05402	0.01428	0.00848	0.00823	0.04198	0.01902	0.06657	0.40013	0.11693	0.05190	0.11199	0.01256	0.00310	0.00497	0.03860	0.00723	0.00721
56	0.01438	0.01179	0.01327	0.01264	0.01561	0.01276	0.00988	0.02624	0.34568	0.02778	0.17565	0.08311	0.10722	0.01418	0.00840	0.00263	0.00520	0.09687	0.00748	0.00920
57	0.79154	0.01436	0.01091	0.00976	0.01436	0.01665	0.00804	0.02182	0.01263	0.03331	0.01034	0.01206	0.00804	0.00689	0.00459	0.00230	0.00574	0.00402	0.00459	0.00804
58	0.01701	0.01648	0.02909	0.14996	0.46035	0.01684	0.09957	0.02159	0.01657	0.02309	0.01588	0.04447	0.01388	0.00781	0.00772	0.00236	0.00921	0.03367	0.00386	0.01060
59	0.01752	0.02003	0.04380	0.03129	0.03880	0.01877	0.66583	0.02378	0.01752	0.02378	0.01502	0.02003	0.01126	0.00626	0.00876	0.00250	0.01252	0.00876	0.00375	0.01001
60	0.00953	0.00713	0.00871	0.00917	0.01053	0.00646	0.00647	0.01160	0.01687	0.02239	0.25218	0.31184	0.22199	0.05740	0.01056	0.00289	0.00406	0.01673	0.00717	0.00632
61	0.01624	0.01624	0.02274	0.01949	0.01949	0.02274	0.01624	0.01787	0.01137	0.01787	0.00975	0.01624	0.00975	0.01299	0.02436	0.00325	0.72552	0.00650	0.00325	0.00812
62	0.18208	0.01297	0.01599	0.01253	0.01805	0.01204	0.01035	0.03336	0.01956	0.56753	0.02557	0.02268	0.01635	0.00874	0.00690	0.00230	0.00620	0.00679	0.00829	0.01173
63	0.00901	0.00659	0.00848	0.00999	0.01068	0.00606	0.00674	0.01038	0.01455	0.01909	0.04515	0.65235	0.12827	0.02271	0.00939	0.00295	0.00424	0.02043	0.00689	0.00606
64	0.03172	0.01261	0.01695	0.01310	0.01861	0.01109	0.01078	0.05675	0.02171	0.63401	0.06967	0.02688	0.02137	0.00955	0.00754	0.00230	0.00621	0.00781	0.00906	0.01229
65	0.01042	0.00792	0.00969	0.00987	0.01152	0.00754	0.00715	0.01442	0.07447	0.02470	0.31716	0.28260	0.15862	0.01802	0.00890	0.00261	0.00402	0.01592	0.00749	0.00697
66	0.01810	0.01736	0.02965	0.08734	0.65312	0.01757	0.02265	0.02255	0.01678	0.02393	0.01392	0.01846	0.01164	0.00666	0.00735	0.00222	0.00889	0.00661	0.00365	0.01154
67	0.14641	0.03648	0.01353	0.01112	0.01461	0.01321	0.00875	0.12178	0.08010	0.09806	0.10075	0.06662	0.05193	0.06204	0.00896	0.00258	0.00556	0.00863	0.14001	0.00887
68	0.57554	0.01480	0.01301	0.01118	0.01585	0.01663	0.00913	0.12151	0.01679	0.08498	0.01454	0.05212	0.01170	0.00824	0.00550	0.00232	0.00608	0.00559	0.00550	0.00899
69	0.01526	0.01720	0.06396	0.14312	0.03189	0.05861	0.30279	0.01973	0.01609	0.02101	0.02026	0.16883	0.01961	0.05506	0.01024	0.00285	0.01001	0.01064	0.00434	0.00851
70	0.00910	0.00746	0.00776	0.00773	0.01005	0.00631	0.00575	0.01074	0.01665	0.02003	0.09779	0.06773	0.62123	0.01908	0.01002	0.05082	0.00392	0.01500	0.00672	0.00611
71	0.01477	0.05281	0.05652	0.08165	0.04104	0.08042	0.01208	0.04094	0.01565	0.02074	0.05701	0.16376	0.02477	0.07179	0.06519	0.03592	0.06548	0.03721	0.05474	0.00753
72	0.01985	0.74357	0.03890	0.01270	0.01905	0.02937	0.01270	0.02223	0.01508	0.01747	0.01032	0.01191	0.00953	0.00635	0.00476	0.00159	0.00794	0.00397	0.00318	0.00953
73	0.01258	0.00875	0.01109	0.01005	0.01225	0.00834	0.00767	0.06428	0.02207	0.05249	0.61687	0.05163	0.06404	0.01451	0.00861	0.00233	0.00395	0.01272	0.00815	0.00761
74	0.01080	0.00720	0.00810	0.00810	0.00810	0.00720	0.00450	0.01080	0.01080	0.01439	0.02339	0.04858	0.02699	0.73910	0.03779	0.00720	0.00720	0.01080	0.00450	0.00450
75	0.01051	0.00759	0.00992	0.00934	0.01109	0.00700	0.00700	0.01401	0.02101	0.02977	0.68888	0.05545	0.07005	0.01518	0.00876	0.00233	0.00350	0.01343	0.00817	0.00700
76	0.75146	0.01427	0.01124	0.00994	0.01460	0.01635	0.00819	0.02258	0.01309	0.06844	0.01134	0.01276	0.00859	0.00701	0.00475	0.00230	0.00577	0.00420	0.00484	0.00828
77	0.01520	0.00823	0.00837	0.00788	0.01000	0.00844	0.00603	0.07868	0.01739	0.02948	0.02361	0.02675	0.01842	0.00867	0.00540	0.00178	0.00390	0.00690	0.70741	0.00746
78	0.02822	0.02079	0.02228	0.01708	0.02302	0.02302	0.01411	0.66804	0.03490	0.04679	0.01782	0.01782	0.01262	0.00891	0.00743	0.00223	0.00817	0.00668	0.00743	0.01262
79	0.03054	0.01207	0.01601	0.01253	0.01776	0.01069	0.01027	0.03407	0.04216	0.59754	0.02872	0.02563	0.01859	0.00915	0.00720	0.00224	0.00597	0.00743	0.09949	0.01194
80	0.01080	0.00720	0.00810	0.00810	0.00810	0.00720	0.00450	0.01080	0.01080	0.01439	0.02339	0.04858	0.02699	0.73910	0.03779	0.00720	0.00720	0.01080	0.00450	0.00450
81	0.01970	0.71347	0.03823	0.01298	0.01907	0.02910	0.01285	0.02205	0.01493	0.01748	0.01030	0.01209	0.00954	0.00663	0.00557	0.00166	0.03764	0.00407	0.00318	0.00947
82	0.01196	0.00854	0.01196	0.01367	0.01538	0.00854	0.01196	0.01538	0.01709	0.02222	0.03931	0.08374	0.04272	0.02051	0.01025	0.00342	0.00684	0.64283	0.00684	0.00684
83	0.01061	0.00795	0.01193	0.01193	0.01326	0.00928	0.00928	0.01326	0.01193	0.01723	0.01988	0.02916	0.01856	0.05568	0.70968	0.01193	0.01988	0.00795	0.00398	0.00663
84	0.05220	0.01266	0.01355	0.01150	0.01507	0.01344	0.00922	0.25437	0.02282	0.07575	0.02284	0.05196	0.01825	0.00971	0.00647	0.00208	0.00560	0.03161	0.36156	0.00935
85	0.01837	0.01764	0.03013	0.04557	0.69279	0.01764	0.02278	0.02278	0.01690	0.02425	0.01396	0.01837	0.01176	0.00661	0.00735	0.00220	0.00882	0.00661	0.00367	0.01176
86	0.01797	0.01518	0.01573	0.01428	0.01824	0.03668	0.01115	0.03494	0.53686	0.05386	0.03486	0.03422	0.09488	0.01134	0.00777	0.00253	0.00592	0.03530	0.00740	0.01090
87	0.65772	0.01431	0.01314	0.10890	0.04297	0.01667	0.01028	0.02146	0.01309	0.03102	0.01086	0.01334	0.00842	0.00695	0.00508	0.00232	0.00642	0.00446	0.00438	0.00820
88	0.00914	0.00650	0.00859	0.01022	0.01063	0.00609	0.00676	0.01036	0.01403	0.01871	0.03999	0.69801	0.04793	0.06110	0.01097	0.00324	0.00446	0.02056	0.00676	0.00595
89	0.04427	0.01407	0.02284	0.46547	0.20333	0.01630	0.01962	0.02031	0.03988	0.02125	0.01537	0.05721	0.01283	0.00814	0.00741	0.00243	0.00903	0.00734	0.00379	0.00911
90	0.07375	0.36776	0.17989	0.01516	0.02173	0.02247	0.03887	0.05567	0.01666	0.02303	0.08229	0.01805	0.01594	0.00783	0.00664	0.00201	0.03290	0.00570	0.00404	0.00961
91	0.01668	0.38162	0.26845	0.01557	0.02278	0.02200	0.01738	0.02130	0.01481	0.01956	0.01285	0.01589	0.01087	0.01417	0.11379	0.00345	0.01084	0.00512	0.00328	0.00959
92	0.03331	0.01263	0.01723	0.01321	0.01895	0.01091	0.01091	0.03618	0.02125	0.69794	0.02929	0.02527	0.01838	0.00919	0.00747	0.00230	0.00632	0.00747	0.00919	0.01263
93	0.04514	0.07823	0.02523	0.43028	0.04004	0.04966	0.10320	0.02116	0.04076	0.02076	0.01399	0.01907	0.01082	0.00750	0.00770	0.00237	0.03312	0.00655	0.03574	0.00867
94	0.01971	0.02058	0.02822	0.03903	0.52616	0.14183	0.04348	0.02365	0.01767	0.02300	0.01560	0.01931	0.03405	0.00720	0.00733	0.00217	0.00960	0.00666	0.00381	0.01095
95	0.01046	0.00749	0.01014	0.01126	0.01249	0.00718	0.00872	0.01309	0.01701	0.02293	0.20928	0.32621	0.05230	0.02017	0.00956	0.00298	0.00500	0.23995	0.00721	0.00657
96	0.01080	0.00720	0.00810	0.00810	0.00810	0.00720	0.00450	0.01080	0.01080	0.01439	0.02339	0.04858	0.02699	0.73910	0.03779	0.00720	0.00720	0.01080	0.00450	0.00450
97	0.01924	0.65688	0.12025	0.01374	0.02066	0.02788	0.01451	0.02239	0.01516	0.01821	0.01069	0.01237	0.00951	0.00644	0.00504	0.00168	0.00831	0.00416	0.00317	0.00970
98	0.01489	0.03840	0.70064	0.02116	0.03213	0.01724	0.02743	0.02351	0.01567	0.02351	0.01332	0.01567	0.00940	0.00705	0.00705	0.00235	0.01097	0.00549	0.00313	0.01097
99	0.01134	0.00827	0.01115	0.01264	0.01436	0.00807	0.01079	0.01441	0.01686	0.02171	0.04406	0.12809	0.12679	0.02048	0.01001	0.00327	0.00626	0.51787	0.00685	0.00671
100	0.01539	0.01319	0.01539	0.01100	0.01759	0.00990	0.00880	0.01869	0.01539	0.02419	0.01319	0.01539	0.01100	0.00550	0.00550	0.00110	0.00550	0.00440	0.00440	0.78449
101	0.01532	0.02646	0.34443	0.02227	0.05658	0.01791	0.11652	0.02119	0.01501	0.02218	0.04416	0.01911	0.01313	0.01129	0.04869	0.00309	0.18257	0.00675	0.00355	0.00977
102	0.01460	0.01378	0.02331	0.63178	0.13610	0.01665	0.02090	0.01947	0.01512	0.01967	0.01330	0.01960	0.01014	0.00732	0.00741	0.00244	0.00975	0.00660	0.00335	0.00871
103	0.02777	0.03428	0.02113	0.01897	0.02296	0.65729	0.01433	0.07802	0.02209	0.02034	0.01196	0.01372	0.00979	0.00775	0.00675	0.00194	0.01299	0.00493	0.00410	0.00891
104	0.01033	0.00792	0.00959	0.04702	0.01310	0.00750	0.00742	0.03855	0.01684	0.02197	0.12021	0.33223	0.27519	0.01885	0.00880	0.00265	0.00445	0.01647	0.03427	0.00664
105	0.02625	0.01518	0.10981	0.01353	0.01920	0.01101	0.01241	0.03004	0.02043	0.47255	0.15798	0.02994	0.02740	0.01008	0.00766	0.00231	0.00640	0.00838	0.00815	0.01129
106	0.01876	0.01521	0.01644	0.01490	0.01899	0.01731	0.01172	0.03745	0.59435	0.06569	0.03086	0.03182	0.02395	0.01082	0.00775	0.00257	0.00597	0.05642	0.00759	0.01142
107	0.01289	0.00645	0.00967	0.00967	0.00967	0.00645	0.00645	0.00967	0.00967	0.01289	0.01289	0.02257	0.01289	0.02579	0.02901	0.78401	0.00645	0.00645	0.00322	0.00322
108	0.02773	0.03538	0.02104	0.01913	0.02295	0.70930	0.01434	0.02964	0.02104	0.01817	0.01148	0.01339	0.00956	0.00765	0.00669	0.00191	0.01339	0.00478	0.00383	0.00861
109	0.03252	0.01281	0.01720	0.01331	0.01897	0.01131	0.01096	0.03635	0.05609	0.66263	0.02934	0.02540	0.01860	0.00924	0.00747	0.00231	0.00629	0.00751	0.00910	0.01259
110	0.01279	0.00986	0.01135	0.03184	0.01350	0.06177	0.00855	0.01539	0.01346	0.01957	0.02043	0.02927	0.01857	0.10753	0.40054	0.00799	0.01391	0.00771	0.18929	0.00668
111	0.00924	0.00759	0.00822	0.00859	0.01083	0.00657	0.00662	0.01130	0.01675	0.02028	0.06768	0.12077	0.55260	0.01936	0.00903	0.00267	0.00423	0.10443	0.00689	0.00633
112	0.02822	0.02079	0.02228	0.01708	0.02302	0.02302	0.01411	0.66804	0.03490	0.04679	0.01782	0.01782	0.01262	0.00891	0.00743	0.00223	0.00817	0.00668	0.00743	0.01262
113	0.02773	0.03538	0.02104	0.01913	0.02295	0.70930	0.01434	0.02964	0.02104	0.01817	0.01148	0.01339	0.00956	0.00765	0.00669	0.00191	0.01339	0.00478	0.00383	0.00861
114	0.02996	0.01521	0.01853	0.01444	0.01992	0.01500	0.01182	0.26389	0.02577	0.41964	0.02585	0.06640	0.01819	0.00996	0.00758	0.00232	0.00686	0.00803	0.00841	0.01222
115	0.01051	0.00759	0.00992	0.00934	0.01109	0.00700	0.00700	0.01401	0.02101	0.02977	0.68888	0.05545	0.07005	0.01518	0.00876	0.00233	0.00350	0.01343	0.00817	0.00700
116	0.01122	0.00922	0.01337	0.01295	0.01478	0.00904	0.07618	0.01574	0.10105	0.02173	0.07837	0.49795	0.07064	0.01909	0.00908	0.00283	0.00529	0.01747	0.00673	0.00725
117	0.04565	0.62889	0.06058	0.01323	0.01938	0.06371	0.01306	0.02233	0.01522	0.01825	0.01084	0.01276	0.00980	0.00825	0.03044	0.00203	0.00870	0.00421	0.00329	0.00938
118	0.76226	0.01431	0.01134	0.03656	0.01574	0.01665	0.00851	0.02171	0.01272	0.03277	0.01044	0.01235	0.00811	0.00691	0.00470	0.00230	0.00590	0.00412	0.00455	0.00805
119	0.01545	0.01477	0.02338	0.46880	0.16941	0.04782	0.04130	0.01978	0.01552	0.02003	0.01469	0.02273	0.01215	0.00869	0.00846	0.03479	0.00963	0.04027	0.00359	0.00872
120	0.06400	0.01302	0.01479	0.01132	0.01682	0.01127	0.00903	0.08332	0.01690	0.02655	0.01563	0.04199	0.01335	0.01041	0.05734	0.00219	0.00667	0.00560	0.05382	0.52600
121	0.01503	0.04089	0.02204	0.21837	0.09974	0.04145	0.09022	0.04263	0.01610	0.02150	0.04495	0.09788	0.04144	0.01572	0.09336	0.00360	0.04787	0.00894	0.02980	0.00846
122	0.01895	0.25451	0.22158	0.01905	0.08180	0.13441	0.01771	0.04717	0.01715	0.02122	0.01687	0.01867	0.06136	0.00805	0.00701	0.00206	0.03300	0.00584	0.00376	0.00981
123	0.16041	0.01292	0.01617	0.01263	0.01818	0.01187	0.01043	0.03377	0.01980	0.58652	0.02611	0.02305	0.01664	0.00880	0.00698	0.00230	0.00622	0.00689	0.00842	0.01186
124	0.01385	0.00898	0.01072	0.00971	0.01244	0.00819	0.00746	0.05566	0.02020	0.11274	0.32269	0.08008	0.27759	0.01560	0.00854	0.00241	0.00427	0.01332	0.00776	0.00778
125	0.13321	0.16131	0.13956	0.05228	0.04344	0.04082	0.01409	0.04207	0.04078	0.07289	0.04301	0.12795	0.01911	0.01132	0.02550	0.00253	0.00788	0.00808	0.00493	0.00923
126	0.05800	0.01399	0.02070	0.02353	0.24225	0.01309	0.01444	0.02945	0.01943	0.39576	0.07339	0.02472	0.01966	0.00869	0.00741	0.00227	0.00691	0.00749	0.00709	0.01173
127	0.01080	0.00720	0.00810	0.00810	0.00810	0.00720	0.00450	0.01080	0.01080	0.01439	0.02339	0.04858	0.02699	0.73910	0.03779	0.00720	0.00720	0.01080	0.00450	0.00450
128	0.01038	0.00860	0.01071	0.01212	0.08159	0.00771	0.00790	0.01308	0.01834	0.02386	0.28174	0.06036	0.40406	0.01627	0.00862	0.00242	0.00420	0.01395	0.00700	0.00710
129	0.01612	0.03234	0.48384	0.04811	0.14420	0.04066	0.08417	0.02348	0.01620	0.02334	0.01352	0.01658	0.00999	0.00694	0.00726	0.00233	0.01080	0.00599	0.00331	0.01085
130	0.01101	0.00757	0.00892	0.00927	0.00969	0.00753	0.00575	0.04087	0.01306	0.01742	0.02906	0.27889	0.03380	0.46360	0.02682	0.00556	0.00627	0.01409	0.00544	0.00539
131	0.01204	0.01049	0.01674	0.43083	0.03466	0.01226	0.01501	0.01558	0.01484	0.01937	0.04892	0.28607	0.02670	0.01359	0.00823	0.00267	0.00758	0.01223	0.00481	0.00738
132	0.01442	0.01300	0.02130	0.56818	0.09545	0.01582	0.01901	0.01905	0.01495	0.02025	0.01428	0.02037	0.01099	0.00769	0.00781	0.00240	0.03568	0.00663	0.08434	0.00838
133	0.01353	0.01055	0.05804	0.01062	0.01367	0.00844	0.00883	0.01716	0.04045	0.11510	0.25911	0.12354	0.22115	0.01763	0.04556	0.00296	0.00550	0.01305	0.00723	0.00787
134	0.58772	0.06236	0.05085	0.01174	0.01674	0.01842	0.01035	0.09145	0.01530	0.03261	0.01128	0.01303	0.00877	0.00733	0.00585	0.00229	0.03596	0.00448	0.00468	0.00879
135	0.57425	0.01876	0.15306	0.01201	0.01764	0.01604	0.01188	0.02156	0.01326	0.03032	0.01155	0.01376	0.00890	0.00769	0.00603	0.03128	0.00677	0.00452	0.03230	0.00843
136	0.01612	0.03023	0.46223	0.02134	0.05100	0.01729	0.06513	0.02283	0.01577	0.05870	0.04953	0.01874	0.01334	0.00841	0.00985	0.00249	0.11639	0.00641	0.00380	0.01039

[dist]
# distance from previous block
# <min> <max>
0	1

[block]
# block no. 2 follows, 27 sequences, length 65
# corresponding to MSA columns:
# 211-275
name=unknown_C
#
# <colnr> <probs for GDERKNQSTAVLIFYWHMCP>
#	G	D	E	R	K	N	Q	S	T	A	V	L	I	F	Y	W	H	M	C	P
0	0.05917	0.01326	0.01514	0.01093	0.01741	0.01028	0.00875	0.01887	0.01524	0.02470	0.01303	0.01521	0.01083	0.00558	0.00545	0.00117	0.00551	0.00438	0.00441	0.74070
1	0.02476	0.24535	0.02608	0.01694	0.02154	0.46047	0.01368	0.02808	0.06310	0.01882	0.01238	0.01390	0.01042	0.00742	0.00618	0.00186	0.01126	0.00478	0.00388	0.00909
2	0.02502	0.01781	0.01971	0.01554	0.02082	0.01912	0.01264	0.47489	0.05103	0.08638	0.02056	0.07405	0.01632	0.01204	0.04074	0.00268	0.00803	0.00780	0.00713	0.06768
3	0.00923	0.00787	0.00799	0.00790	0.01045	0.00679	0.00594	0.01196	0.04409	0.02087	0.09668	0.06905	0.63904	0.01831	0.00872	0.00250	0.00384	0.01529	0.00697	0.00652
4	0.01910	0.01626	0.01714	0.01524	0.01955	0.01876	0.01190	0.08038	0.63741	0.03208	0.02941	0.02705	0.02201	0.01000	0.00755	0.00250	0.00602	0.00828	0.00755	0.01181
5	0.01061	0.00712	0.00815	0.00833	0.00837	0.00708	0.00475	0.01075	0.01115	0.01487	0.02521	0.11976	0.02928	0.66480	0.03485	0.00676	0.00690	0.01187	0.00475	0.00466
6	0.01433	0.00739	0.00744	0.00727	0.00914	0.00747	0.00549	0.03951	0.01623	0.02833	0.02400	0.02734	0.01881	0.00866	0.00527	0.00175	0.00362	0.00691	0.75393	0.00711
7	0.07509	0.01082	0.01402	0.01150	0.01564	0.00980	0.00923	0.02676	0.02058	0.39848	0.27995	0.03592	0.03742	0.01132	0.00777	0.00231	0.00520	0.00951	0.00849	0.01018
8	0.01076	0.00725	0.00832	0.00825	0.00846	0.00717	0.00481	0.01119	0.01205	0.01629	0.10523	0.04943	0.03228	0.65007	0.03422	0.00660	0.00674	0.01112	0.00495	0.00481
9	0.00940	0.00661	0.00851	0.00989	0.01023	0.00627	0.00641	0.01043	0.01352	0.01803	0.03738	0.59602	0.04464	0.16758	0.01518	0.00386	0.00489	0.01903	0.00641	0.00572
10	0.02773	0.03538	0.02104	0.01913	0.02295	0.70930	0.01434	0.02964	0.02104	0.01817	0.01148	0.01339	0.00956	0.00765	0.00669	0.00191	0.01339	0.00478	0.00383	0.00861
11	0.03331	0.01263	0.01723	0.01321	0.01895	0.01091	0.01091	0.03618	0.02125	0.69794	0.02929	0.02527	0.01838	0.00919	0.00747	0.00230	0.00632	0.00747	0.00919	0.01263
12	0.01384	0.00692	0.00692	0.00692	0.00865	0.00692	0.00519	0.01730	0.01557	0.02768	0.02422	0.02768	0.01903	0.00865	0.00519	0.00173	0.00346	0.00692	0.78031	0.00692
13	0.02886	0.01803	0.02039	0.01571	0.02142	0.01906	0.01294	0.46920	0.03062	0.22275	0.04905	0.02142	0.01659	0.00925	0.00749	0.00225	0.00747	0.00718	0.00794	0.01239
14	0.05040	0.71470	0.03779	0.01259	0.01887	0.02887	0.01252	0.02221	0.01499	0.01809	0.01032	0.01191	0.00947	0.00637	0.00476	0.00162	0.00785	0.00397	0.00323	0.00947
15	0.23812	0.01285	0.01523	0.01369	0.03648	0.01316	0.03684	0.02615	0.09577	0.21192	0.02358	0.05284	0.01928	0.01075	0.00766	0.02646	0.00630	0.08699	0.03532	0.03061
16	0.01460	0.01078	0.01234	0.05182	0.01569	0.05465	0.00915	0.08281	0.01754	0.07649	0.05731	0.46700	0.03806	0.04306	0.00975	0.00289	0.00585	0.01599	0.00669	0.00752
17	0.01486	0.05301	0.01513	0.04232	0.01603	0.06614	0.01011	0.06102	0.01490	0.04252	0.02107	0.12513	0.02115	0.12395	0.25784	0.03598	0.05753	0.00937	0.00471	0.00724
18	0.01128	0.00746	0.00973	0.01074	0.01176	0.00706	0.00742	0.03950	0.01575	0.05885	0.06572	0.63658	0.04669	0.02153	0.00925	0.00291	0.00455	0.01942	0.00710	0.00672
19	0.01863	0.12582	0.19807	0.05082	0.11602	0.09206	0.11045	0.06809	0.06138	0.02449	0.05253	0.01922	0.01454	0.00764	0.00715	0.00221	0.00975	0.00658	0.00424	0.01032
20	0.00980	0.00765	0.01107	0.01154	0.01279	0.00701	0.04978	0.01153	0.01465	0.01952	0.04053	0.61808	0.08794	0.02122	0.00924	0.00288	0.00485	0.01935	0.00660	0.03396
21	0.79154	0.01436	0.01091	0.00976	0.01436	0.01665	0.00804	0.02182	0.01263	0.03331	0.01034	0.01206	0.00804	0.00689	0.00459	0.00230	0.00574	0.00402	0.00459	0.00804
22	0.01456	0.01567	0.07026	0.39061	0.10542	0.01602	0.10113	0.01940	0.01557	0.02064	0.01934	0.02695	0.05961	0.00907	0.00864	0.00254	0.04350	0.04844	0.00386	0.00877
23	0.01752	0.02003	0.04380	0.03129	0.03880	0.01877	0.66583	0.02378	0.01752	0.02378	0.01502	0.02003	0.01126	0.00626	0.00876	0.00250	0.01252	0.00876	0.00375	0.01001
24	0.00926	0.00671	0.00878	0.01017	0.01090	0.00622	0.00699	0.01087	0.01512	0.02014	0.10350	0.60494	0.09349	0.02212	0.00939	0.00293	0.00428	0.04101	0.00701	0.00616
25	0.01624	0.01624	0.02274	0.01949	0.01949	0.02274	0.01624	0.01787	0.01137	0.01787	0.00975	0.01624	0.00975	0.01299	0.02436	0.00325	0.72552	0.00650	0.00325	0.00812
26	0.70929	0.01417	0.01160	0.01014	0.01486	0.01603	0.00835	0.02338	0.01357	0.10540	0.01239	0.01349	0.00916	0.00714	0.00491	0.00230	0.00580	0.00439	0.00509	0.00854
27	0.01049	0.00725	0.00925	0.00960	0.01012	0.00754	0.00636	0.01162	0.01198	0.01658	0.02599	0.18170	0.02882	0.37499	0.22116	0.00750	0.01007	0.01195	0.03153	0.00550
28	0.01010	0.00746	0.00944	0.00917	0.01090	0.00680	0.00679	0.01314	0.01972	0.02724	0.53240	0.12726	0.15898	0.01654	0.00883	0.00243	0.00362	0.01454	0.00785	0.00680
29	0.00970	0.00743	0.00860	0.00877	0.01046	0.00669	0.00637	0.01176	0.01678	0.02166	0.21093	0.14331	0.33282	0.11553	0.01285	0.00322	0.00442	0.05560	0.00688	0.00622
30	0.01453	0.01369	0.02361	0.60317	0.09042	0.01634	0.06322	0.01947	0.01519	0.01997	0.01380	0.02002	0.01047	0.00734	0.00742	0.00243	0.00975	0.00676	0.03385	0.00854
31	0.02101	0.01558	0.01851	0.01497	0.01919	0.01674	0.05362	0.37951	0.02587	0.03537	0.02340	0.09916	0.04397	0.05866	0.05617	0.00324	0.00810	0.00904	0.08788	0.01002
32	0.73747	0.01428	0.01170	0.05924	0.01691	0.01664	0.00891	0.02162	0.01279	0.03231	0.01054	0.01260	0.00817	0.00693	0.00479	0.00231	0.00603	0.00420	0.00450	0.00805
33	0.01102	0.00790	0.00983	0.00968	0.01000	0.00852	0.00633	0.01180	0.01160	0.01595	0.04883	0.07579	0.02710	0.50781	0.15404	0.00739	0.05595	0.01060	0.00458	0.00528
