[name]
unknown

[dist]
# distance from previous block
# <min> <max>
1	11

[block]
# block no. 0 follows, 29 sequences, length 7
# corresponding to MSA columns:
# 11-17
name=unknown_A
#
# <colnr> <probs for GDERKNQSTAVLIFYWHMCP>
#	G	D	E	R	K	N	Q	S	T	A	V	L	I	F	Y	W	H	M	C	P
0	0.11002	0.00881	0.00972	0.00934	0.01078	0.00905	0.00642	0.05266	0.01344	0.02020	0.06296	0.12978	0.02748	0.37988	0.05783	0.00508	0.00675	0.03529	0.00506	0.03944
1	0.01897	0.01661	0.01662	0.01653	0.08717	0.13298	0.01146	0.17673	0.09407	0.05277	0.07548	0.13362	0.07407	0.04943	0.00899	0.00250	0.00720	0.00967	0.00604	0.00910
2	0.01098	0.00778	0.00920	0.00960	0.01080	0.00769	0.00664	0.05206	0.04949	0.02113	0.07630	0.38779	0.09344	0.13644	0.01280	0.00328	0.00471	0.01507	0.07845	0.00635
3	0.06158	0.05539	0.07317	0.07207	0.28562	0.05339	0.01649	0.02369	0.13116	0.02358	0.01673	0.05541	0.01414	0.00777	0.00670	0.00210	0.00770	0.00671	0.00436	0.08225
4	0.01248	0.00999	0.01270	0.01302	0.07651	0.00892	0.00857	0.04665	0.01567	0.02209	0.09759	0.23860	0.07388	0.09292	0.01052	0.00258	0.00523	0.01146	0.00554	0.23509
5	0.01652	0.01315	0.01564	0.06024	0.01876	0.01273	0.01019	0.13168	0.05058	0.02615	0.01589	0.04289	0.01328	0.00839	0.00811	0.03746	0.05339	0.00592	0.07704	0.38198
6	0.01632	0.01488	0.03075	0.03962	0.01621	0.13153	0.01042	0.07327	0.04200	0.02178	0.05565	0.02422	0.01743	0.07004	0.09579	0.07639	0.10050	0.00693	0.14895	0.00730

[dist]
# distance from previous block
# <min> <max>
58	104

[block]
# block no. 1 follows, 29 sequences, length 182
# corresponding to MSA columns:
# 135-316
name=unknown_B
#
# <colnr> <probs for GDERKNQSTAVLIFYWHMCP>
#	G	D	E	R	K	N	Q	S	T	A	V	L	I	F	Y	W	H	M	C	P
0	0.13185	0.09162	0.02043	0.04158	0.03985	0.17491	0.01271	0.23071	0.13607	0.03020	0.01581	0.01652	0.01207	0.00785	0.00636	0.00208	0.00830	0.00567	0.00537	0.01004
1	0.01417	0.06642	0.01403	0.03696	0.01474	0.01229	0.00871	0.11668	0.10982	0.02454	0.13581	0.18615	0.05724	0.15495	0.01321	0.00324	0.00574	0.01149	0.00614	0.00769
2	0.62636	0.05095	0.01321	0.01035	0.01504	0.01644	0.00863	0.06934	0.01461	0.10258	0.01231	0.01327	0.00913	0.00695	0.00489	0.00216	0.00584	0.00438	0.00499	0.00855
3	0.01923	0.63724	0.09404	0.01320	0.01964	0.02672	0.01350	0.07116	0.01595	0.01937	0.01069	0.01216	0.00935	0.00633	0.00495	0.00163	0.00788	0.00413	0.00335	0.00948
4	0.30823	0.05025	0.04854	0.01405	0.01927	0.10083	0.01195	0.30847	0.02254	0.03483	0.01328	0.01426	0.00991	0.00752	0.00593	0.00211	0.00768	0.00511	0.00538	0.00987
5	0.01228	0.01098	0.01283	0.01251	0.01401	0.09231	0.00971	0.01470	0.01244	0.01666	0.01778	0.02577	0.01649	0.04657	0.61320	0.01003	0.04410	0.00722	0.00377	0.00663
6	0.00998	0.00727	0.00938	0.00886	0.01058	0.00668	0.00664	0.01325	0.01993	0.02801	0.66456	0.05409	0.10455	0.01476	0.00840	0.00225	0.00337	0.01300	0.00777	0.00668
7	0.09129	0.01229	0.01591	0.01224	0.01772	0.01082	0.01009	0.03227	0.01928	0.60174	0.02542	0.02248	0.01628	0.00836	0.00679	0.00211	0.00595	0.00666	0.00810	0.07419
8	0.00868	0.00620	0.00826	0.00991	0.01033	0.00578	0.00661	0.00991	0.01363	0.01818	0.03925	0.74510	0.04710	0.02231	0.00909	0.00289	0.00413	0.02024	0.00661	0.00578
9	0.01027	0.00687	0.00779	0.00787	0.00789	0.00685	0.00443	0.01033	0.01052	0.01402	0.02327	0.08143	0.02695	0.71348	0.03489	0.00670	0.00677	0.01085	0.00443	0.00439
10	0.00983	0.00727	0.00917	0.00869	0.01048	0.00661	0.00652	0.01295	0.01956	0.02714	0.60612	0.05552	0.16353	0.01508	0.00840	0.00226	0.00340	0.01320	0.00765	0.00661
11	0.05845	0.01292	0.02137	0.66964	0.04666	0.01590	0.03948	0.01849	0.01420	0.01912	0.01255	0.01857	0.00943	0.00706	0.00700	0.00236	0.00934	0.00625	0.00325	0.00795
12	0.01147	0.00820	0.01147	0.01311	0.01475	0.00820	0.01147	0.01475	0.01639	0.02131	0.03770	0.08032	0.04098	0.01967	0.00984	0.00328	0.00656	0.65741	0.00656	0.00656
13	0.00868	0.00620	0.00826	0.00991	0.01033	0.00578	0.00661	0.00991	0.01363	0.01818	0.03925	0.74510	0.04710	0.02231	0.00909	0.00289	0.00413	0.02024	0.00661	0.00578
14	0.77184	0.01400	0.01086	0.00962	0.01407	0.01620	0.00792	0.04504	0.01290	0.03242	0.01018	0.01177	0.00787	0.00668	0.00451	0.00220	0.00559	0.00395	0.00451	0.00787
15	0.00868	0.00620	0.00826	0.00991	0.01033	0.00578	0.00661	0.00991	0.01363	0.01818	0.03925	0.74510	0.04710	0.02231	0.00909	0.00289	0.00413	0.02024	0.00661	0.00578
16	0.01904	0.75404	0.03731	0.01218	0.01828	0.02818	0.01218	0.02132	0.01447	0.01675	0.00990	0.01142	0.00914	0.00609	0.00457	0.00152	0.00761	0.00381	0.00305	0.00914
17	0.02020	0.02343	0.02148	0.08984	0.02373	0.33509	0.04011	0.02240	0.01565	0.01757	0.01091	0.01521	0.00960	0.01065	0.03515	0.00270	0.28923	0.00563	0.00341	0.00804
18	0.06201	0.71330	0.03584	0.01203	0.01803	0.02750	0.01194	0.02130	0.01434	0.01759	0.00990	0.01143	0.00906	0.00612	0.00456	0.00156	0.00750	0.00381	0.00312	0.00906
19	0.01559	0.01252	0.01490	0.01141	0.01645	0.01079	0.00901	0.06311	0.01572	0.04933	0.01609	0.08172	0.01473	0.03825	0.00831	0.00172	0.05491	0.00630	0.00473	0.55440
20	0.00995	0.00726	0.00929	0.01028	0.01129	0.00682	0.00707	0.04478	0.01471	0.01982	0.03665	0.66760	0.04329	0.02067	0.00878	0.00275	0.00438	0.01865	0.00650	0.04944
21	0.01904	0.75404	0.03731	0.01218	0.01828	0.02818	0.01218	0.02132	0.01447	0.01675	0.00990	0.01142	0.00914	0.00609	0.00457	0.00152	0.00761	0.00381	0.00305	0.00914
22	0.01345	0.01266	0.02136	0.73264	0.04904	0.01582	0.01978	0.01819	0.01424	0.01819	0.01266	0.01898	0.00949	0.00712	0.00712	0.00237	0.00949	0.00633	0.00316	0.00791
23	0.01460	0.06798	0.66128	0.02068	0.05161	0.01706	0.02554	0.02247	0.01505	0.02232	0.01267	0.01496	0.00910	0.00672	0.00668	0.00222	0.01033	0.00523	0.00302	0.01049
24	0.01681	0.01921	0.04202	0.03001	0.03721	0.01801	0.67947	0.02281	0.01681	0.02281	0.01441	0.01921	0.01080	0.00600	0.00840	0.00240	0.01200	0.00840	0.00360	0.00960
25	0.03195	0.01212	0.01652	0.01267	0.01818	0.01047	0.01047	0.03470	0.02038	0.71026	0.02809	0.02424	0.01763	0.00881	0.00716	0.00220	0.00606	0.00716	0.00881	0.01212
26	0.00941	0.00725	0.00860	0.00826	0.01023	0.00644	0.00620	0.01215	0.01859	0.02483	0.44989	0.05932	0.32120	0.01595	0.00841	0.00231	0.00346	0.01374	0.00735	0.00644
27	0.01080	0.05086	0.13649	0.01072	0.01444	0.00940	0.01023	0.01449	0.01759	0.02369	0.32278	0.04987	0.25583	0.01398	0.00796	0.00229	0.00503	0.02996	0.00630	0.00730
28	0.03037	0.01247	0.01648	0.01287	0.01821	0.01127	0.01055	0.03505	0.09468	0.63504	0.02819	0.02449	0.01808	0.00891	0.00717	0.00223	0.00601	0.00726	0.00864	0.01202
29	0.00868	0.00620	0.00826	0.00991	0.01033	0.00578	0.00661	0.00991	0.01363	0.01818	0.03925	0.74510	0.04710	0.02231	0.00909	0.00289	0.00413	0.02024	0.00661	0.00578
30	0.01292	0.00671	0.00973	0.00955	0.00976	0.00679	0.00646	0.03472	0.01019	0.01360	0.01255	0.02147	0.01236	0.02412	0.02705	0.76290	0.00625	0.00619	0.00324	0.00343
31	0.01755	0.01714	0.03016	0.04239	0.64109	0.01702	0.08509	0.02195	0.01627	0.02322	0.01349	0.01778	0.01123	0.00631	0.00718	0.00214	0.00880	0.00654	0.00353	0.01112
32	0.01017	0.00763	0.01144	0.01144	0.01272	0.00890	0.00890	0.01272	0.01144	0.01653	0.01907	0.02797	0.01780	0.05340	0.72153	0.01144	0.01907	0.00763	0.00381	0.00636
33	0.02707	0.01995	0.02137	0.01638	0.02208	0.02208	0.01353	0.68159	0.03348	0.04488	0.01710	0.01710	0.01211	0.00855	0.00712	0.00214	0.00784	0.00641	0.00712	0.01211
34	0.00906	0.00671	0.00901	0.01040	0.01079	0.00667	0.00710	0.01031	0.01348	0.01812	0.03760	0.70496	0.04502	0.02177	0.00987	0.00290	0.04444	0.01947	0.00642	0.00589
35	0.80005	0.01377	0.01047	0.00936	0.01377	0.01597	0.00771	0.02093	0.01212	0.03195	0.00991	0.01157	0.00771	0.00661	0.00441	0.00220	0.00551	0.00386	0.00441	0.00771
36	0.80005	0.01377	0.01047	0.00936	0.01377	0.01597	0.00771	0.02093	0.01212	0.03195	0.00991	0.01157	0.00771	0.00661	0.00441	0.00220	0.00551	0.00386	0.00441	0.00771
37	0.01793	0.01859	0.05660	0.04148	0.64352	0.05202	0.02163	0.02221	0.01636	0.02294	0.01325	0.01728	0.01108	0.00641	0.00701	0.00211	0.00876	0.00621	0.00351	0.01110
38	0.01777	0.01915	0.05165	0.07148	0.42432	0.07274	0.17337	0.02230	0.01638	0.02225	0.01327	0.01755	0.01079	0.00656	0.00776	0.00220	0.02993	0.00665	0.00351	0.01036
39	0.01279	0.00797	0.01029	0.04886	0.01281	0.00856	0.03242	0.01593	0.01396	0.02317	0.02099	0.02661	0.01742	0.04957	0.14113	0.00384	0.03386	0.00702	0.50609	0.00671
40	0.00905	0.00724	0.00809	0.00788	0.01001	0.00628	0.00591	0.01144	0.01772	0.02278	0.31134	0.06270	0.46102	0.01671	0.00841	0.00234	0.00351	0.01421	0.00708	0.00628
41	0.01935	0.72442	0.03661	0.01244	0.01843	0.05668	0.01225	0.02161	0.01470	0.01678	0.00995	0.01148	0.00914	0.00614	0.00465	0.00154	0.00783	0.00384	0.00307	0.00910
42	0.02404	0.01579	0.01649	0.01427	0.01829	0.12443	0.01149	0.03035	0.16243	0.31434	0.02556	0.02957	0.01966	0.01167	0.03029	0.00265	0.04394	0.08755	0.00695	0.01024
43	0.00844	0.00712	0.00731	0.00745	0.00968	0.00599	0.00552	0.01019	0.01600	0.01914	0.06924	0.12804	0.64480	0.01841	0.00847	0.00245	0.00365	0.01549	0.00661	0.00599
44	0.01126	0.00805	0.01123	0.01287	0.01442	0.00801	0.01111	0.01439	0.01618	0.02107	0.03782	0.13040	0.04144	0.01987	0.00978	0.00325	0.00637	0.60941	0.00656	0.00650
45	0.01670	0.01880	0.04043	0.06184	0.07198	0.01785	0.61654	0.02256	0.01666	0.02263	0.01428	0.01912	0.01077	0.00607	0.00828	0.00239	0.01171	0.00821	0.00358	0.00961
46	0.01120	0.00761	0.00867	0.00841	0.00877	0.00779	0.00504	0.04489	0.01160	0.01555	0.02198	0.04406	0.02474	0.67345	0.07246	0.00691	0.00762	0.01000	0.00443	0.00483
47	0.01560	0.01445	0.02189	0.22204	0.02925	0.01583	0.09929	0.07269	0.01558	0.02206	0.01356	0.04442	0.01154	0.00829	0.01023	0.00219	0.15817	0.00656	0.00394	0.21246
48	0.77256	0.03982	0.01141	0.00946	0.01393	0.01640	0.00787	0.02095	0.01220	0.03141	0.00991	0.01156	0.00776	0.00659	0.00441	0.00218	0.00558	0.00385	0.00436	0.00776
49	0.01682	0.01006	0.01043	0.00915	0.01184	0.01061	0.00718	0.18778	0.01971	0.03127	0.02165	0.02411	0.01667	0.00836	0.00553	0.00178	0.00448	0.00658	0.58794	0.00805
50	0.00900	0.00705	0.00814	0.00826	0.01007	0.00620	0.00604	0.01120	0.01703	0.02204	0.26851	0.18420	0.38152	0.01768	0.00853	0.00244	0.00362	0.01527	0.00701	0.00620
51	0.02539	0.03150	0.01963	0.01776	0.02117	0.63948	0.01333	0.04623	0.01974	0.01804	0.01171	0.01479	0.01012	0.04560	0.00857	0.00215	0.03787	0.00499	0.00378	0.00815
52	0.00868	0.00620	0.00826	0.00991	0.01033	0.00578	0.00661	0.00991	0.01363	0.01818	0.03925	0.74510	0.04710	0.02231	0.00909	0.00289	0.00413	0.02024	0.00661	0.00578
53	0.01464	0.01127	0.01244	0.01132	0.01451	0.01185	0.00874	0.02528	0.32828	0.07232	0.19220	0.04280	0.19964	0.01278	0.00779	0.00236	0.00465	0.01081	0.00733	0.00900
54	0.00982	0.00720	0.00921	0.00885	0.01052	0.00659	0.00658	0.01289	0.01935	0.02697	0.59687	0.09990	0.12786	0.01540	0.00845	0.00230	0.00343	0.01357	0.00764	0.00659
55	0.02573	0.03235	0.02011	0.01822	0.02172	0.66105	0.01376	0.02821	0.04385	0.01786	0.01157	0.01347	0.00963	0.00768	0.00730	0.00192	0.04868	0.00479	0.00377	0.00834
56	0.00868	0.00620	0.00826	0.00991	0.01033	0.00578	0.00661	0.00991	0.01363	0.01818	0.03925	0.74510	0.04710	0.02231	0.00909	0.00289	0.00413	0.02024	0.00661	0.00578
57	0.00868	0.00620	0.00826	0.00991	0.01033	0.00578	0.00661	0.00991	0.01363	0.01818	0.03925	0.74510	0.04710	0.02231	0.00909	0.00289	0.00413	0.02024	0.00661	0.00578
58	0.01687	0.01643	0.02344	0.38367	0.20843	0.07939	0.03872	0.06122	0.06118	0.02191	0.01409	0.01849	0.01092	0.00716	0.00709	0.00225	0.00925	0.00636	0.00382	0.00932
59	0.02668	0.01931	0.02084	0.01608	0.02162	0.02125	0.01324	0.64233	0.03250	0.06422	0.01808	0.03865	0.01330	0.00896	0.00718	0.00216	0.00767	0.00684	0.00716	0.01192
60	0.01525	0.15620	0.56539	0.02010	0.06235	0.01851	0.02372	0.02231	0.01500	0.02161	0.01233	0.01456	0.00915	0.00663	0.00641	0.00213	0.00993	0.00507	0.00304	0.01033
61	0.02646	0.01964	0.02103	0.01626	0.02185	0.02180	0.01339	0.63961	0.07645	0.04389	0.01787	0.01771	0.01274	0.00862	0.00713	0.00216	0.00769	0.00652	0.00713	0.01205
62	0.02339	0.12071	0.02242	0.05805	0.02232	0.07413	0.01322	0.40158	0.10602	0.03497	0.04177	0.01854	0.01447	0.00838	0.00678	0.00208	0.00786	0.00634	0.00611	0.01086
63	0.02598	0.01636	0.01916	0.01605	0.05391	0.01713	0.01242	0.41012	0.02745	0.21365	0.05606	0.06088	0.01824	0.00957	0.00730	0.00220	0.00697	0.00769	0.00739	0.01145
64	0.02498	0.01432	0.01680	0.01386	0.01871	0.01489	0.01113	0.09834	0.32849	0.33560	0.02744	0.02461	0.01897	0.00917	0.00720	0.00229	0.00604	0.00749	0.00793	0.01173
65	0.01367	0.00723	0.00759	0.03341	0.01017	0.00740	0.00576	0.03529	0.01543	0.02676	0.02267	0.02601	0.01776	0.00826	0.00512	0.00170	0.00367	0.00662	0.73867	0.00684
66	0.01428	0.03683	0.71286	0.02030	0.03082	0.01654	0.02631	0.02255	0.01503	0.02255	0.01278	0.01503	0.00902	0.00677	0.00677	0.00226	0.01052	0.00526	0.00301	0.01052
67	0.03195	0.01212	0.01652	0.01267	0.01818	0.01047	0.01047	0.03470	0.02038	0.71026	0.02809	0.02424	0.01763	0.00881	0.00716	0.00220	0.00606	0.00716	0.00881	0.01212
68	0.03195	0.01212	0.01652	0.01267	0.01818	0.01047	0.01047	0.03470	0.02038	0.71026	0.02809	0.02424	0.01763	0.00881	0.00716	0.00220	0.00606	0.00716	0.00881	0.01212
69	0.03195	0.01212	0.01652	0.01267	0.01818	0.01047	0.01047	0.03470	0.02038	0.71026	0.02809	0.02424	0.01763	0.00881	0.00716	0.00220	0.00606	0.00716	0.00881	0.01212
70	0.80005	0.01377	0.01047	0.00936	0.01377	0.01597	0.00771	0.02093	0.01212	0.03195	0.00991	0.01157	0.00771	0.00661	0.00441	0.00220	0.00551	0.00386	0.00441	0.00771
71	0.00868	0.00620	0.00826	0.00991	0.01033	0.00578	0.00661	0.00991	0.01363	0.01818	0.03925	0.74510	0.04710	0.02231	0.00909	0.00289	0.00413	0.02024	0.00661	0.00578
72	0.00865	0.00631	0.00815	0.00961	0.01025	0.00581	0.00648	0.00995	0.01392	0.01830	0.04293	0.66939	0.12043	0.02183	0.00901	0.00284	0.00407	0.01966	0.00661	0.00581
73	0.01345	0.01266	0.02136	0.73264	0.04904	0.01582	0.01978	0.01819	0.01424	0.01819	0.01266	0.01898	0.00949	0.00712	0.00712	0.00237	0.00949	0.00633	0.00316	0.00791
74	0.02216	0.01716	0.03959	0.01556	0.02026	0.01807	0.01328	0.45763	0.05762	0.03733	0.02291	0.03408	0.02003	0.01147	0.00783	0.00245	0.00748	0.17765	0.00685	0.01056
75	0.00863	0.00712	0.00758	0.00768	0.00981	0.00607	0.00568	0.01056	0.01642	0.02020	0.14106	0.13415	0.56432	0.01806	0.00848	0.00243	0.00363	0.01530	0.00675	0.00607
76	0.02839	0.01782	0.02005	0.01537	0.02102	0.01893	0.01270	0.50595	0.02992	0.22554	0.02008	0.01903	0.01361	0.00862	0.00713	0.00215	0.00735	0.00661	0.00758	0.01211
77	0.02549	0.01792	0.01963	0.01543	0.02056	0.01951	0.01258	0.56329	0.03043	0.09103	0.02024	0.09425	0.01620	0.01002	0.00733	0.00222	0.00731	0.00792	0.00719	0.01144
78	0.00952	0.00726	0.00874	0.00837	0.01029	0.00648	0.00628	0.01235	0.01884	0.02542	0.48975	0.05835	0.28097	0.01573	0.00840	0.00230	0.00344	0.01360	0.00743	0.00648
79	0.02530	0.15742	0.02312	0.01729	0.02137	0.60233	0.01349	0.02721	0.01920	0.01731	0.01082	0.01260	0.00917	0.00712	0.00610	0.00178	0.01194	0.00445	0.00356	0.00841
80	0.01304	0.00859	0.01060	0.01065	0.01265	0.00821	0.00804	0.07828	0.01743	0.08719	0.08455	0.35643	0.16073	0.01810	0.00864	0.00267	0.00483	0.09526	0.00694	0.00719
81	0.01034	0.00787	0.01176	0.01166	0.01290	0.00929	0.00910	0.01285	0.01143	0.01655	0.01878	0.02760	0.01754	0.05216	0.70027	0.01119	0.04093	0.00759	0.00379	0.00640
82	0.01360	0.01282	0.02164	0.70668	0.07377	0.01586	0.01985	0.01833	0.01431	0.01838	0.01268	0.01893	0.00956	0.00709	0.00712	0.00236	0.00945	0.00633	0.00318	0.00804
83	0.04012	0.39631	0.28453	0.01572	0.02316	0.09254	0.01743	0.02247	0.01518	0.01939	0.01107	0.01290	0.00906	0.00648	0.00556	0.00184	0.00915	0.00442	0.00313	0.00952
84	0.01521	0.01115	0.01273	0.01163	0.01411	0.01156	0.00870	0.24004	0.02101	0.02804	0.09628	0.31470	0.09270	0.07510	0.01048	0.00285	0.00550	0.01356	0.00672	0.00794
85	0.01003	0.00728	0.00945	0.00891	0.01061	0.00670	0.00668	0.01334	0.02004	0.02827	0.68260	0.05365	0.08634	0.01466	0.00840	0.00224	0.00337	0.01294	0.00780	0.00670
86	0.06598	0.01219	0.01626	0.01252	0.01798	0.01071	0.01034	0.03409	0.02001	0.68021	0.02729	0.02368	0.01719	0.00872	0.00704	0.00220	0.00603	0.00701	0.00862	0.01192
87	0.04606	0.26285	0.42501	0.01757	0.02610	0.04506	0.04260	0.02232	0.01498	0.02089	0.01175	0.01382	0.00907	0.00654	0.00602	0.00201	0.00954	0.00483	0.00312	0.00987
88	0.02644	0.01886	0.02032	0.01567	0.02112	0.02073	0.01291	0.61791	0.03189	0.06899	0.01787	0.01792	0.01268	0.00854	0.00700	0.00211	0.00750	0.00645	0.05329	0.01179
89	0.80005	0.01377	0.01047	0.00936	0.01377	0.01597	0.00771	0.02093	0.01212	0.03195	0.00991	0.01157	0.00771	0.00661	0.00441	0.00220	0.00551	0.00386	0.00441	0.00771
90	0.03195	0.01212	0.01652	0.01267	0.01818	0.01047	0.01047	0.03470	0.02038	0.71026	0.02809	0.02424	0.01763	0.00881	0.00716	0.00220	0.00606	0.00716	0.00881	0.01212
91	0.00868	0.00710	0.00769	0.00795	0.00999	0.00611	0.00591	0.01056	0.01612	0.01979	0.10871	0.16793	0.53741	0.01849	0.00857	0.00250	0.00378	0.03997	0.00669	0.00605
92	0.01441	0.03593	0.67848	0.02079	0.03115	0.01661	0.05978	0.02256	0.01512	0.02256	0.01286	0.01525	0.00911	0.00673	0.00685	0.00226	0.01060	0.00542	0.00304	0.01048
93	0.04389	0.03596	0.68639	0.01988	0.03018	0.01652	0.02561	0.02249	0.01492	0.02290	0.01267	0.01490	0.00897	0.00676	0.00668	0.00225	0.01033	0.00521	0.00306	0.01042
94	0.00888	0.00762	0.00766	0.00758	0.01006	0.00659	0.00570	0.01160	0.04995	0.01976	0.06998	0.06644	0.66850	0.01762	0.00836	0.00241	0.00371	0.01468	0.00664	0.00627
95	0.01918	0.01935	0.01617	0.01472	0.01825	0.21225	0.01122	0.03164	0.41037	0.02473	0.02441	0.02491	0.03810	0.04366	0.03531	0.00277	0.00808	0.00734	0.02789	0.00965
96	0.42914	0.01346	0.01436	0.12245	0.02085	0.01476	0.01063	0.05813	0.01580	0.21565	0.01567	0.01646	0.01092	0.00739	0.00572	0.00223	0.00639	0.00527	0.00556	0.00917
97	0.00878	0.00628	0.00836	0.00984	0.01035	0.00585	0.00662	0.01018	0.01412	0.01896	0.08914	0.69299	0.04861	0.02172	0.00904	0.00284	0.00407	0.01969	0.00670	0.00585
98	0.00868	0.00620	0.00826	0.00991	0.01033	0.00578	0.00661	0.00991	0.01363	0.01818	0.03925	0.74510	0.04710	0.02231	0.00909	0.00289	0.00413	0.02024	0.00661	0.00578
99	0.01832	0.01507	0.01859	0.29860	0.03039	0.04025	0.01452	0.22797	0.09337	0.02862	0.02002	0.02244	0.05057	0.00856	0.00698	0.00222	0.00776	0.00699	0.07939	0.00937
100	0.01449	0.01454	0.02685	0.51195	0.06423	0.01659	0.18765	0.01944	0.01485	0.01948	0.01302	0.01890	0.00987	0.00698	0.00794	0.00240	0.03225	0.00685	0.00328	0.00844
101	0.02018	0.01549	0.01741	0.01291	0.01896	0.01445	0.01050	0.27817	0.02228	0.05586	0.01494	0.01601	0.01141	0.00668	0.00606	0.00152	0.00630	0.00518	0.00552	0.46017
102	0.05109	0.06014	0.02190	0.01593	0.02161	0.02222	0.01328	0.62435	0.03176	0.04292	0.01647	0.01661	0.01181	0.00835	0.00690	0.00211	0.00775	0.00619	0.00681	0.01181
103	0.00899	0.00652	0.00854	0.01008	0.01062	0.00620	0.00677	0.01090	0.03752	0.01859	0.03889	0.71982	0.04620	0.02186	0.00902	0.00288	0.00418	0.01981	0.00663	0.00598
104	0.02173	0.01510	0.01685	0.01405	0.01871	0.01626	0.01120	0.16087	0.36963	0.16088	0.05539	0.02481	0.02048	0.00926	0.00715	0.00224	0.00602	0.00757	0.00738	0.05443
105	0.02118	0.01613	0.01779	0.01392	0.01926	0.01650	0.01123	0.33554	0.12389	0.05343	0.01907	0.05807	0.01515	0.00851	0.00670	0.00190	0.00650	0.00679	0.00630	0.24213
106	0.01530	0.11801	0.46815	0.01748	0.02557	0.07746	0.02064	0.02157	0.01617	0.02230	0.11408	0.02005	0.01764	0.00789	0.00671	0.00213	0.00932	0.00615	0.00378	0.00960
107	0.01006	0.00732	0.00950	0.00908	0.01079	0.00676	0.00689	0.01334	0.01977	0.02772	0.63621	0.05533	0.09844	0.01499	0.00847	0.00230	0.00353	0.04513	0.00771	0.00667
108	0.01665	0.01573	0.02640	0.03939	0.61503	0.01566	0.02017	0.02068	0.01623	0.02289	0.01846	0.02515	0.05155	0.00799	0.00733	0.00222	0.00805	0.05586	0.00392	0.01063
109	0.01374	0.03389	0.64511	0.01930	0.02885	0.01550	0.02441	0.02134	0.01490	0.02213	0.01532	0.08523	0.01268	0.00826	0.00699	0.00232	0.00991	0.00670	0.00335	0.01007
110	0.01681	0.01921	0.04202	0.03001	0.03721	0.01801	0.67947	0.02281	0.01681	0.02281	0.01441	0.01921	0.01080	0.00600	0.00840	0.00240	0.01200	0.00840	0.00360	0.00960
111	0.08432	0.01768	0.01882	0.01467	0.01988	0.01936	0.01207	0.52422	0.02921	0.08791	0.01789	0.01807	0.01274	0.00840	0.00672	0.00210	0.00711	0.00629	0.08129	0.01126
112	0.00894	0.00693	0.00823	0.00913	0.01062	0.00622	0.00674	0.01072	0.01519	0.01909	0.05394	0.34671	0.34328	0.02001	0.00889	0.00272	0.00423	0.10581	0.00660	0.00599
113	0.01517	0.00965	0.00909	0.00852	0.01065	0.04777	0.00644	0.06788	0.05601	0.02704	0.02240	0.02598	0.01783	0.04119	0.00674	0.00198	0.00447	0.00675	0.60714	0.00730
114	0.02001	0.01318	0.01519	0.01325	0.01723	0.01406	0.01051	0.05192	0.38175	0.19274	0.12488	0.03220	0.02791	0.01062	0.00752	0.00237	0.00552	0.04086	0.00767	0.01061
115	0.00868	0.00620	0.00826	0.00991	0.01033	0.00578	0.00661	0.00991	0.01363	0.01818	0.03925	0.74510	0.04710	0.02231	0.00909	0.00289	0.00413	0.02024	0.00661	0.00578
116	0.01341	0.00651	0.00953	0.00933	0.00969	0.00642	0.00635	0.01090	0.01010	0.04877	0.01366	0.02200	0.01290	0.02319	0.02576	0.71725	0.00605	0.00625	0.03822	0.00371
117	0.02660	0.03394	0.02018	0.01834	0.02201	0.72116	0.01376	0.02843	0.02018	0.01743	0.01101	0.01284	0.00917	0.00734	0.00642	0.00183	0.01284	0.00459	0.00367	0.00825
118	0.00868	0.00620	0.00826	0.00991	0.01033	0.00578	0.00661	0.00991	0.01363	0.01818	0.03925	0.74510	0.04710	0.02231	0.00909	0.00289	0.00413	0.02024	0.00661	0.00578
119	0.02540	0.01873	0.02014	0.01587	0.02123	0.02078	0.01297	0.52986	0.16324	0.06709	0.01986	0.01924	0.01422	0.00878	0.00715	0.00219	0.00733	0.00676	0.00721	0.01194
120	0.01118	0.00750	0.00977	0.00908	0.01086	0.00692	0.00677	0.01433	0.01963	0.06173	0.63062	0.05138	0.06244	0.05473	0.00987	0.00249	0.00369	0.01245	0.00769	0.00686
121	0.01889	0.73205	0.05803	0.01243	0.01866	0.02782	0.01262	0.02136	0.01449	0.01693	0.00999	0.01153	0.00913	0.00611	0.00464	0.00155	0.00770	0.00385	0.00304	0.00918
122	0.01458	0.06571	0.66393	0.02069	0.05115	0.01703	0.02559	0.02248	0.01505	0.02233	0.01268	0.01497	0.00909	0.00672	0.00668	0.00222	0.01034	0.00524	0.00302	0.01049
123	0.04580	0.02091	0.12997	0.03730	0.53460	0.06323	0.02148	0.02236	0.01615	0.02308	0.01302	0.01670	0.01067	0.00648	0.00687	0.00212	0.00895	0.00598	0.00349	0.01084
124	0.01092	0.00752	0.00935	0.00965	0.01073	0.00743	0.00680	0.01236	0.01410	0.05651	0.06303	0.36533	0.15894	0.12891	0.01371	0.00330	0.05487	0.01517	0.04521	0.00617
125	0.01338	0.01228	0.02065	0.69035	0.04672	0.01526	0.01898	0.01767	0.01395	0.01785	0.01264	0.01914	0.00966	0.00815	0.00833	0.04858	0.00930	0.00632	0.00316	0.00763
126	0.01443	0.01650	0.11559	0.01290	0.01631	0.12445	0.01133	0.04652	0.01805	0.04367	0.19926	0.18255	0.09978	0.01404	0.00798	0.00239	0.00662	0.05397	0.00600	0.00766
127	0.01758	0.01704	0.02957	0.04300	0.67109	0.01697	0.05556	0.02190	0.01624	0.02324	0.01345	0.01770	0.01125	0.00633	0.00712	0.00213	0.00864	0.00645	0.00353	0.01119
128	0.00953	0.00734	0.00796	0.00782	0.01012	0.00627	0.00586	0.01157	0.01684	0.04541	0.16507	0.10182	0.54459	0.01741	0.00841	0.00240	0.00369	0.01470	0.00688	0.00633
129	0.03027	0.01246	0.01648	0.01278	0.01808	0.01120	0.01050	0.07167	0.04133	0.62072	0.05731	0.02517	0.01962	0.00908	0.00722	0.00221	0.00603	0.00740	0.00862	0.01185
130	0.02338	0.11411	0.02336	0.02137	0.12682	0.48037	0.01477	0.02565	0.01824	0.01821	0.01140	0.01396	0.00974	0.00854	0.02688	0.00216	0.04379	0.00492	0.00355	0.00875
131	0.02123	0.01666	0.01734	0.01425	0.01852	0.03999	0.01120	0.35358	0.20283	0.03408	0.02226	0.02521	0.03608	0.11853	0.01142	0.00288	0.00708	0.00755	0.00653	0.03276
132	0.01922	0.64796	0.10134	0.01299	0.01948	0.02617	0.01346	0.02211	0.01482	0.05189	0.01108	0.01241	0.00955	0.00629	0.00491	0.00163	0.00782	0.00411	0.00333	0.00942
133	0.00919	0.00723	0.00816	0.00852	0.01015	0.00656	0.00605	0.01160	0.04323	0.01988	0.11959	0.26157	0.36858	0.07371	0.01066	0.00287	0.00407	0.01570	0.00659	0.00610
134	0.00910	0.00675	0.00905	0.01037	0.01080	0.00670	0.00711	0.01042	0.01369	0.01845	0.05856	0.68306	0.04565	0.02152	0.00985	0.00288	0.04442	0.01924	0.00646	0.00592
135	0.01389	0.01192	0.01520	0.07579	0.06004	0.00992	0.00996	0.01696	0.01463	0.02200	0.01678	0.12728	0.01610	0.00811	0.00613	0.00152	0.00566	0.00699	0.00445	0.55667
136	0.00885	0.00636	0.00831	0.00963	0.01023	0.00592	0.00648	0.01026	0.01420	0.01898	0.09869	0.62758	0.07711	0.04884	0.01002	0.00296	0.00414	0.01899	0.00663	0.00582
137	0.01231	0.00718	0.00954	0.01021	0.01152	0.00654	0.00716	0.01387	0.01497	0.12554	0.05894	0.58696	0.06796	0.01982	0.00874	0.00275	0.00439	0.01780	0.00699	0.00680
138	0.00923	0.00760	0.00798	0.00790	0.01020	0.00663	0.00590	0.03492	0.01691	0.02072	0.11058	0.12361	0.57737	0.01782	0.00843	0.00243	0.00379	0.01501	0.00672	0.00626
139	0.01915	0.01819	0.02680	0.05891	0.53916	0.06394	0.01995	0.09658	0.04262	0.02538	0.01419	0.01761	0.01155	0.00680	0.00703	0.00212	0.00861	0.00630	0.00406	0.01107
140	0.01643	0.01194	0.01309	0.01158	0.01385	0.03776	0.00851	0.21059	0.01845	0.04524	0.02170	0.09831	0.02149	0.28425	0.12819	0.00534	0.00889	0.00929	0.02760	0.00752
141	0.00877	0.00626	0.00837	0.01002	0.01048	0.00586	0.00677	0.01008	0.01373	0.01828	0.03919	0.72279	0.04689	0.02222	0.00911	0.00290	0.00421	0.04163	0.00661	0.00581
142	0.01649	0.36999	0.39905	0.01653	0.02499	0.02194	0.01975	0.02198	0.01477	0.01986	0.01144	0.01336	0.00907	0.00645	0.00574	0.00191	0.00917	0.00459	0.00302	0.00988
143	0.01823	0.67619	0.05574	0.01237	0.01824	0.02637	0.01236	0.02071	0.01426	0.01691	0.01068	0.01278	0.00979	0.00968	0.05864	0.00229	0.00857	0.00414	0.00310	0.00897
144	0.01564	0.16903	0.54234	0.01961	0.05352	0.03864	0.02317	0.02246	0.01512	0.02136	0.01222	0.01440	0.00913	0.00664	0.00636	0.00210	0.00997	0.00501	0.00305	0.01023
145	0.01852	0.61525	0.14617	0.01363	0.02042	0.02610	0.01451	0.04193	0.01515	0.01856	0.01059	0.01218	0.00921	0.00628	0.00500	0.00166	0.00809	0.00412	0.00317	0.00945
146	0.01077	0.00846	0.01049	0.01118	0.04962	0.00788	0.00811	0.04032	0.01829	0.02401	0.27339	0.06042	0.31003	0.01610	0.00852	0.00247	0.00446	0.12173	0.00687	0.00688
147	0.01792	0.01838	0.02723	0.05763	0.49591	0.09901	0.06928	0.02180	0.01650	0.02198	0.01628	0.01996	0.04892	0.00729	0.00766	0.00216	0.03133	0.00677	0.00369	0.01030
148	0.01003	0.00724	0.00948	0.00899	0.01063	0.00669	0.00672	0.01332	0.01994	0.02821	0.67935	0.07641	0.06651	0.01482	0.00842	0.00226	0.00339	0.01312	0.00780	0.00669
149	0.01636	0.01551	0.02585	0.03848	0.60421	0.01536	0.01952	0.02030	0.01639	0.02309	0.04982	0.02435	0.08364	0.00789	0.00725	0.00215	0.00774	0.00751	0.00403	0.01054
150	0.01428	0.03683	0.71286	0.02030	0.03082	0.01654	0.02631	0.02255	0.01503	0.02255	0.01278	0.01503	0.00902	0.00677	0.00677	0.00226	0.01052	0.00526	0.00301	0.01052
151	0.06089	0.01218	0.01630	0.01254	0.01801	0.01067	0.01036	0.03418	0.02007	0.68471	0.02741	0.02376	0.01725	0.00873	0.00706	0.00220	0.00604	0.00704	0.00865	0.01195
152	0.03170	0.01252	0.01677	0.01286	0.01838	0.01106	0.01062	0.06786	0.02105	0.67616	0.02753	0.02387	0.01734	0.00880	0.00716	0.00220	0.00615	0.00712	0.00873	0.01212
153	0.70253	0.01366	0.01122	0.00984	0.01434	0.01550	0.00808	0.02277	0.03349	0.09711	0.01224	0.01324	0.00909	0.00691	0.00476	0.00221	0.00557	0.00430	0.00492	0.00824
154	0.77758	0.01374	0.01078	0.03002	0.01478	0.01597	0.00806	0.02085	0.01218	0.03156	0.00999	0.01178	0.00776	0.00662	0.00448	0.00221	0.00562	0.00393	0.00437	0.00772
155	0.00986	0.00727	0.00921	0.00872	0.01050	0.00662	0.00654	0.01301	0.01963	0.02731	0.61737	0.05524	0.15217	0.01502	0.00840	0.00226	0.00339	0.01317	0.00767	0.00662
156	0.00868	0.00620	0.00826	0.00991	0.01033	0.00578	0.00661	0.00991	0.01363	0.01818	0.03925	0.74510	0.04710	0.02231	0.00909	0.00289	0.00413	0.02024	0.00661	0.00578
157	0.03158	0.01271	0.01689	0.01295	0.01847	0.01134	0.01070	0.08357	0.02137	0.66000	0.02726	0.02370	0.01721	0.00879	0.00716	0.00220	0.00619	0.00710	0.00869	0.01212
158	0.02603	0.05531	0.02055	0.01801	0.02177	0.67329	0.01362	0.02857	0.04546	0.01787	0.01165	0.01332	0.00965	0.00739	0.00640	0.00185	0.01241	0.00469	0.00379	0.00840
159	0.00868	0.00620	0.00826	0.00991	0.01033	0.00578	0.00661	0.00991	0.01363	0.01818	0.03925	0.74510	0.04710	0.02231	0.00909	0.00289	0.00413	0.02024	0.00661	0.00578
160	0.03124	0.01271	0.01682	0.01296	0.01844	0.01141	0.01068	0.07614	0.03985	0.64887	0.02741	0.02384	0.01739	0.00882	0.00716	0.00220	0.00616	0.00714	0.00866	0.01209
161	0.00868	0.00620	0.00826	0.00991	0.01033	0.00578	0.00661	0.00991	0.01363	0.01818	0.03925	0.74510	0.04710	0.02231	0.00909	0.00289	0.00413	0.02024	0.00661	0.00578
162	0.02498	0.01891	0.02019	0.01596	0.02128	0.02111	0.01303	0.53768	0.18080	0.04150	0.01975	0.01921	0.01426	0.00880	0.00715	0.00220	0.00734	0.00678	0.00715	0.01192
163	0.01813	0.01645	0.07154	0.16852	0.04836	0.03557	0.08083	0.11902	0.03932	0.09598	0.09272	0.02376	0.03855	0.00904	0.00893	0.00230	0.08035	0.00745	0.00517	0.03801
164	0.02101	0.01457	0.01610	0.01290	0.01702	0.01540	0.01028	0.37751	0.02563	0.07042	0.12442	0.02681	0.02282	0.08261	0.00989	0.00252	0.00637	0.00775	0.08704	0.04890
165	0.02556	0.03139	0.01963	0.01778	0.02146	0.62764	0.01339	0.05735	0.05953	0.01938	0.01318	0.03613	0.01119	0.00798	0.00658	0.00191	0.01194	0.00534	0.00412	0.00853
166	0.01558	0.01558	0.02181	0.01869	0.01869	0.02181	0.01558	0.01714	0.01091	0.01714	0.00935	0.01558	0.00935	0.01246	0.02337	0.00312	0.73672	0.00623	0.00312	0.00779
167	0.10028	0.09219	0.05045	0.02559	0.26592	0.15594	0.01632	0.16322	0.02003	0.02694	0.01301	0.01528	0.01039	0.00702	0.00643	0.00202	0.00888	0.00548	0.00434	0.01027
168	0.01199	0.01185	0.01007	0.00979	0.01233	0.12233	0.00746	0.01459	0.03754	0.02022	0.11384	0.05771	0.46916	0.01586	0.00815	0.00236	0.00534	0.05651	0.00626	0.00663
169	0.01094	0.00790	0.01082	0.01235	0.01390	0.00777	0.01050	0.01389	0.01605	0.02080	0.04012	0.15843	0.08456	0.01988	0.00965	0.00318	0.00608	0.54019	0.00657	0.00643
170	0.00995	0.00727	0.00934	0.00883	0.01056	0.00667	0.00662	0.01320	0.01986	0.02785	0.65416	0.05435	0.11504	0.01482	0.00840	0.00225	0.00338	0.01304	0.00775	0.00667
171	0.01428	0.03683	0.71286	0.02030	0.03082	0.01654	0.02631	0.02255	0.01503	0.02255	0.01278	0.01503	0.00902	0.00677	0.00677	0.00226	0.01052	0.00526	0.00301	0.01052
172	0.02698	0.01168	0.01545	0.01230	0.01702	0.01065	0.01001	0.05450	0.05493	0.52408	0.12693	0.02852	0.02497	0.01138	0.03439	0.00257	0.00620	0.00804	0.00834	0.01106
173	0.80005	0.01377	0.01047	0.00936	0.01377	0.01597	0.00771	0.02093	0.01212	0.03195	0.00991	0.01157	0.00771	0.00661	0.00441	0.00220	0.00551	0.00386	0.00441	0.00771
174	0.00992	0.00720	0.00935	0.00896	0.01058	0.00663	0.00666	0.01308	0.01957	0.02751	0.63379	0.09981	0.08978	0.01520	0.00845	0.00229	0.00342	0.01345	0.00771	0.00663
175	0.00848	0.00722	0.00730	0.00728	0.00966	0.00604	0.00546	0.01034	0.01638	0.01959	0.09572	0.06795	0.67864	0.01790	0.00842	0.00240	0.00360	0.01495	0.00666	0.00604
176	0.01477	0.01266	0.01477	0.01055	0.01687	0.00949	0.00844	0.01793	0.01477	0.02320	0.01266	0.01477	0.01055	0.00527	0.00527	0.00105	0.00527	0.00422	0.00422	0.79328
177	0.01727	0.01649	0.02780	0.07636	0.63732	0.01648	0.02106	0.02147	0.01604	0.02301	0.01332	0.01754	0.01115	0.00633	0.00696	0.00207	0.00835	0.00623	0.00354	0.05119
178	0.00868	0.00620	0.00826	0.00991	0.01033	0.00578	0.00661	0.00991	0.01363	0.01818	0.03925	0.74510	0.04710	0.02231	0.00909	0.00289	0.00413	0.02024	0.00661	0.00578
179	0.03195	0.01212	0.01652	0.01267	0.01818	0.01047	0.01047	0.03470	0.02038	0.71026	0.02809	0.02424	0.01763	0.00881	0.00716	0.00220	0.00606	0.00716	0.00881	0.01212
180	0.01583	0.01524	0.04597	0.03485	0.50471	0.01463	0.01907	0.01992	0.01616	0.02278	0.03894	0.03107	0.01885	0.01089	0.03370	0.00269	0.00839	0.13206	0.00423	0.01003
181	0.01046	0.00722	0.00977	0.01012	0.01099	0.00684	0.03077	0.01171	0.01342	0.04372	0.05342	0.42955	0.05872	0.22981	0.01678	0.00398	0.00532	0.03564	0.00596	0.00580

[dist]
# distance from previous block
# <min> <max>
5	8

[block]
# block no. 2 follows, 29 sequences, length 49
# corresponding to MSA columns:
# 326-374
name=unknown_C
#
# <colnr> <probs for GDERKNQSTAVLIFYWHMCP>
#	G	D	E	R	K	N	Q	S	T	A	V	L	I	F	Y	W	H	M	C	P
0	0.01529	0.12186	0.54241	0.02232	0.11603	0.01801	0.02401	0.02231	0.01512	0.02193	0.01251	0.01493	0.00933	0.00663	0.00653	0.00215	0.00990	0.00522	0.00308	0.01045
1	0.61269	0.01699	0.10527	0.01133	0.01668	0.01592	0.01062	0.04825	0.01391	0.07679	0.01180	0.01310	0.00873	0.00686	0.00501	0.00221	0.00631	0.00437	0.00462	0.00856
2	0.02567	0.01893	0.02055	0.01598	0.02131	0.02099	0.01315	0.62641	0.03166	0.04254	0.01726	0.01799	0.01258	0.01225	0.06606	0.00290	0.00876	0.00651	0.00685	0.01164
3	0.01759	0.01700	0.02939	0.04320	0.68044	0.01696	0.04636	0.02189	0.01624	0.02325	0.01343	0.01768	0.01126	0.00633	0.00710	0.00213	0.00859	0.00642	0.00353	0.01122
4	0.00985	0.00727	0.00921	0.00872	0.01050	0.00662	0.00654	0.01300	0.01963	0.02730	0.61685	0.05525	0.15270	0.01503	0.00840	0.00226	0.00339	0.01317	0.00767	0.00662
5	0.00910	0.00767	0.00795	0.00795	0.01029	0.00678	0.00593	0.01211	0.06030	0.02018	0.08913	0.11527	0.58714	0.01768	0.00839	0.00244	0.00377	0.01488	0.00670	0.00636
6	0.01454	0.01387	0.02380	0.54787	0.20322	0.01615	0.04142	0.01920	0.01479	0.01954	0.01289	0.01867	0.00996	0.00690	0.00714	0.00231	0.00933	0.00640	0.00326	0.00876
7	0.01825	0.01811	0.02829	0.04193	0.65754	0.06617	0.02129	0.02231	0.01649	0.02286	0.01323	0.01729	0.01113	0.00641	0.00701	0.00210	0.00877	0.00622	0.00353	0.01107
8	0.01428	0.03683	0.71286	0.02030	0.03082	0.01654	0.02631	0.02255	0.01503	0.02255	0.01278	0.01503	0.00902	0.00677	0.00677	0.00226	0.01052	0.00526	0.00301	0.01052
9	0.03195	0.01212	0.01652	0.01267	0.01818	0.01047	0.01047	0.03470	0.02038	0.71026	0.02809	0.02424	0.01763	0.00881	0.00716	0.00220	0.00606	0.00716	0.00881	0.01212
10	0.01463	0.01395	0.02357	0.52670	0.14947	0.01627	0.06384	0.02045	0.06216	0.02011	0.01403	0.01932	0.01072	0.00710	0.00720	0.00234	0.00923	0.00659	0.00354	0.00879
11	0.02665	0.03241	0.02031	0.01813	0.02202	0.64471	0.01373	0.09987	0.02163	0.02043	0.01167	0.01331	0.00949	0.00747	0.00650	0.00187	0.01229	0.00479	0.00405	0.00868
12	0.02774	0.01145	0.01535	0.01213	0.01695	0.01015	0.00988	0.03133	0.04868	0.56913	0.13922	0.02911	0.02597	0.00980	0.00737	0.00222	0.00560	0.00814	0.00859	0.01119
13	0.00868	0.00620	0.00826	0.00991	0.01033	0.00578	0.00661	0.00991	0.01363	0.01818	0.03925	0.74510	0.04710	0.02231	0.00909	0.00289	0.00413	0.02024	0.00661	0.00578
14	0.00878	0.00632	0.00833	0.00975	0.01033	0.00587	0.00658	0.01022	0.01426	0.01907	0.09495	0.66608	0.07001	0.02153	0.00901	0.00282	0.00405	0.01947	0.00671	0.00587
15	0.01428	0.03683	0.71286	0.02030	0.03082	0.01654	0.02631	0.02255	0.01503	0.02255	0.01278	0.01503	0.00902	0.00677	0.00677	0.00226	0.01052	0.00526	0.00301	0.01052
16	0.00866	0.00627	0.00819	0.00973	0.01028	0.00580	0.00653	0.00994	0.01381	0.01825	0.04146	0.69964	0.09114	0.02202	0.00904	0.00286	0.00410	0.01989	0.00661	0.00580
17	0.07703	0.01061	0.01340	0.01089	0.01502	0.00964	0.00870	0.02713	0.01836	0.44896	0.09566	0.02949	0.04289	0.06220	0.00896	0.00249	0.00543	0.00792	0.09531	0.00992
18	0.01762	0.01692	0.02890	0.04371	0.70533	0.01692	0.02185	0.02185	0.01621	0.02326	0.01339	0.01762	0.01128	0.00634	0.00705	0.00211	0.00846	0.00634	0.00352	0.01128
19	0.01998	0.66427	0.03518	0.01295	0.01874	0.11456	0.01238	0.02221	0.01518	0.01684	0.01004	0.01160	0.00914	0.00625	0.00480	0.00156	0.00827	0.00390	0.00312	0.00903
20	0.04173	0.19010	0.42092	0.04909	0.02744	0.06900	0.04017	0.02232	0.01519	0.02106	0.01197	0.01426	0.00914	0.00660	0.00620	0.00203	0.00972	0.00496	0.00317	0.03493
21	0.01081	0.06073	0.01315	0.01136	0.01293	0.01020	0.00897	0.01324	0.01162	0.01645	0.01854	0.02747	0.01748	0.07535	0.64559	0.01057	0.01782	0.00746	0.00378	0.00648
22	0.01374	0.01138	0.01379	0.01288	0.01484	0.05937	0.01013	0.10203	0.01491	0.02035	0.01784	0.02498	0.01610	0.04260	0.54865	0.00921	0.04849	0.00720	0.00421	0.00731
23	0.01500	0.01424	0.02415	0.47720	0.29238	0.01623	0.02055	0.01955	0.01497	0.02007	0.01293	0.01848	0.01015	0.00683	0.00709	0.00228	0.00911	0.00633	0.00330	0.00916
24	0.00842	0.00721	0.00721	0.00721	0.00962	0.00601	0.00541	0.01022	0.01623	0.01924	0.07213	0.06853	0.70244	0.01803	0.00842	0.00240	0.00361	0.01503	0.00661	0.00601
25	0.00907	0.00659	0.00860	0.01011	0.01069	0.00630	0.00681	0.01113	0.04325	0.01868	0.03880	0.71375	0.04599	0.02176	0.00901	0.00287	0.00420	0.01971	0.00664	0.00602
26	0.00941	0.00718	0.00864	0.00842	0.01026	0.00641	0.00626	0.01209	0.01836	0.02463	0.43923	0.10500	0.28568	0.01628	0.00845	0.00234	0.00350	0.01412	0.00733	0.00641
27	0.00941	0.00748	0.00859	0.00897	0.01110	0.00667	0.00717	0.01176	0.01668	0.02075	0.12808	0.07009	0.45995	0.01811	0.00879	0.00262	0.00437	0.18646	0.00672	0.00623
28	0.01462	0.08829	0.66439	0.01971	0.02992	0.01737	0.02530	0.02246	0.01499	0.02213	0.01257	0.01477	0.00903	0.00672	0.00661	0.00220	0.01031	0.00516	0.00301	0.01042
29	0.01428	0.03683	0.71286	0.02030	0.03082	0.01654	0.02631	0.02255	0.01503	0.02255	0.01278	0.01503	0.00902	0.00677	0.00677	0.00226	0.01052	0.00526	0.00301	0.01052
30	0.77186	0.04049	0.01143	0.00947	0.01393	0.01641	0.00787	0.02095	0.01220	0.03140	0.00991	0.01156	0.00776	0.00659	0.00441	0.00218	0.00558	0.00385	0.00436	0.00776
31	0.00895	0.00641	0.00851	0.00973	0.01039	0.00597	0.00663	0.01061	0.01491	0.02021	0.16920	0.60935	0.05104	0.02079	0.00895	0.00276	0.00398	0.01880	0.00685	0.00597
32	0.00978	0.00710	0.00922	0.00904	0.01055	0.00654	0.00665	0.01274	0.01895	0.02651	0.56943	0.16501	0.08990	0.01594	0.00851	0.00235	0.00349	0.01415	0.00759	0.00654
33	0.01290	0.01078	0.01272	0.01015	0.01484	0.00839	0.00779	0.01553	0.01462	0.02176	0.02317	0.18525	0.07072	0.01011	0.00638	0.00157	0.00489	0.00868	0.00494	0.55481
34	0.00986	0.00727	0.00922	0.00873	0.01051	0.00663	0.00655	0.01302	0.01965	0.02736	0.62063	0.05516	0.14888	0.01500	0.00840	0.00226	0.00339	0.01315	0.00768	0.00663
35	0.01477	0.01266	0.01477	0.01055	0.01687	0.00949	0.00844	0.01793	0.01477	0.02320	0.01266	0.01477	0.01055	0.00527	0.00527	0.00105	0.00527	0.00422	0.00422	0.79328
36	0.00931	0.00692	0.00882	0.01011	0.01126	0.00643	0.00755	0.01118	0.01489	0.01919	0.04615	0.43095	0.19084	0.02071	0.00912	0.00288	0.00461	0.17646	0.00660	0.00603
37	0.00909	0.00720	0.00818	0.00802	0.01005	0.00628	0.00598	0.01149	0.01770	0.02292	0.32226	0.08921	0.42273	0.01681	0.00844	0.00236	0.00353	0.01438	0.00710	0.00628
38	0.80005	0.01377	0.01047	0.00936	0.01377	0.01597	0.00771	0.02093	0.01212	0.03195	0.00991	0.01157	0.00771	0.00661	0.00441	0.00220	0.00551	0.00386	0.00441	0.00771
39	0.02973	0.01264	0.01656	0.01278	0.01825	0.01128	0.01049	0.05762	0.06202	0.59751	0.02670	0.02348	0.01720	0.00862	0.00704	0.00214	0.00605	0.00699	0.00835	0.06456
40	0.07791	0.18464	0.02072	0.01244	0.01748	0.01551	0.01070	0.02875	0.04706	0.40283	0.06345	0.02193	0.01787	0.00858	0.00714	0.00210	0.03700	0.00651	0.00681	0.01058
41	0.03088	0.01303	0.01699	0.01311	0.01858	0.01192	0.01080	0.09919	0.04913	0.61627	0.02703	0.02362	0.01725	0.00882	0.00716	0.00221	0.00622	0.00712	0.00858	0.01208
42	0.01019	0.00758	0.01118	0.01118	0.01236	0.00876	0.00857	0.01255	0.01137	0.01634	0.01931	0.02930	0.01838	0.10297	0.67276	0.01112	0.01821	0.00782	0.00385	0.00621
43	0.01794	0.01665	0.02854	0.06932	0.63655	0.01668	0.03977	0.02219	0.01630	0.04732	0.01391	0.01796	0.01142	0.00645	0.00709	0.00214	0.00851	0.00643	0.00370	0.01113
44	0.02761	0.01907	0.02083	0.01597	0.02165	0.02079	0.01319	0.60962	0.03202	0.11891	0.01832	0.01789	0.01272	0.00858	0.00713	0.00214	0.00764	0.00649	0.00731	0.01211
45	0.01025	0.00702	0.00852	0.00858	0.00885	0.00726	0.00531	0.01081	0.01070	0.01452	0.02242	0.06984	0.02510	0.58328	0.17141	0.00765	0.00922	0.01019	0.00430	0.00478
46	0.01525	0.01337	0.02038	0.46919	0.10614	0.01571	0.01743	0.02271	0.14514	0.04923	0.01872	0.02237	0.03818	0.00801	0.00719	0.00235	0.00829	0.00702	0.00434	0.00899
47	0.01477	0.01266	0.01477	0.01055	0.01687	0.00949	0.00844	0.01793	0.01477	0.02320	0.01266	0.01477	0.01055	0.00527	0.00527	0.00105	0.00527	0.00422	0.00422	0.79328
48	0.21624	0.15851	0.04319	0.04233	0.01983	0.01746	0.03274	0.11530	0.01806	0.19517	0.01590	0.01629	0.01144	0.00723	0.00586	0.00200	0.00689	0.00533	0.00546	0.06478

[dist]
# distance from previous block
# <min> <max>
0	1

[block]
# block no. 3 follows, 29 sequences, length 12
# corresponding to MSA columns:
# 376-387
name=unknown_D
#
# <colnr> <probs for GDERKNQSTAVLIFYWHMCP>
#	G	D	E	R	K	N	Q	S	T	A	V	L	I	F	Y	W	H	M	C	P
