[name]
unknown

[dist]
# distance from previous block
# <min> <max>
18	123

[block]
# block no. 0 follows, 28 sequences, length 92
# corresponding to MSA columns:
# 151-242
name=unknown_A
#
# <colnr> <probs for GDERKNQSTAVLIFYWHMCP>
#	G	D	E	R	K	N	Q	S	T	A	V	L	I	F	Y	W	H	M	C	P
0	0.02180	0.05902	0.01807	0.01338	0.01807	0.01484	0.01097	0.19042	0.04511	0.18469	0.08611	0.06713	0.02175	0.01005	0.00804	0.00212	0.04683	0.02560	0.00668	0.14932
1	0.09061	0.06310	0.11230	0.01748	0.02380	0.01577	0.16519	0.08913	0.03783	0.10112	0.05371	0.04595	0.01607	0.00795	0.00697	0.00211	0.00805	0.00712	0.00514	0.13061
2	0.04104	0.01635	0.02490	0.05450	0.35503	0.01685	0.07294	0.11743	0.08363	0.02744	0.04104	0.02448	0.07500	0.00844	0.00743	0.00226	0.00793	0.00774	0.00493	0.01065
3	0.01773	0.05489	0.01841	0.01567	0.06055	0.01468	0.03707	0.14969	0.12379	0.05343	0.10203	0.05708	0.04456	0.01109	0.00757	0.00226	0.00646	0.09798	0.00631	0.11876
4	0.08580	0.07945	0.42982	0.02347	0.15205	0.04495	0.02256	0.02275	0.01536	0.02327	0.01254	0.01520	0.00954	0.00694	0.00701	0.00223	0.02804	0.00535	0.00333	0.01037
5	0.01792	0.01748	0.03069	0.04337	0.64042	0.01737	0.08013	0.02240	0.01661	0.02371	0.01376	0.01813	0.01147	0.00645	0.00732	0.00218	0.00896	0.00666	0.00361	0.01136
6	0.02055	0.64541	0.03556	0.01335	0.01921	0.12826	0.01267	0.02282	0.01561	0.01720	0.01027	0.01187	0.00933	0.00640	0.00494	0.00160	0.00855	0.00400	0.00320	0.00920
7	0.01507	0.01292	0.01507	0.01077	0.01723	0.00969	0.00861	0.01830	0.01507	0.02369	0.01292	0.01507	0.01077	0.00538	0.00538	0.00108	0.00538	0.00431	0.00431	0.78898
8	0.01475	0.01382	0.02252	0.56187	0.14671	0.01649	0.01977	0.02086	0.07216	0.02037	0.01446	0.01983	0.01104	0.00737	0.00727	0.00239	0.00919	0.00661	0.00364	0.00889
9	0.01662	0.01555	0.02496	0.12588	0.46906	0.01621	0.01925	0.02276	0.09912	0.02347	0.01906	0.06150	0.03789	0.00832	0.00739	0.00229	0.00800	0.00779	0.00430	0.01057
10	0.00871	0.00737	0.00753	0.00749	0.00989	0.00619	0.00562	0.01066	0.01685	0.02031	0.11770	0.06885	0.65177	0.01816	0.00859	0.00244	0.00366	0.01519	0.00684	0.00619
11	0.03261	0.01237	0.01687	0.01293	0.01856	0.01068	0.01068	0.03543	0.02081	0.70423	0.02868	0.02474	0.01799	0.00900	0.00731	0.00225	0.00619	0.00731	0.00900	0.01237
12	0.01373	0.01292	0.02180	0.72707	0.05006	0.01615	0.02019	0.01857	0.01453	0.01857	0.01292	0.01938	0.00969	0.00727	0.00727	0.00242	0.00969	0.00646	0.00323	0.00807
13	0.09131	0.01639	0.02641	0.15630	0.43749	0.01726	0.05633	0.04437	0.04072	0.02466	0.01397	0.01805	0.01124	0.00682	0.00704	0.00224	0.00861	0.00642	0.00389	0.01051
14	0.01038	0.00779	0.01168	0.01168	0.01298	0.00909	0.00909	0.01298	0.01168	0.01687	0.01947	0.02856	0.01817	0.05452	0.71573	0.01168	0.01947	0.00779	0.00389	0.00649
15	0.01716	0.01961	0.04289	0.03064	0.03799	0.01838	0.67279	0.02328	0.01716	0.02328	0.01471	0.01961	0.01103	0.00613	0.00858	0.00245	0.01225	0.00858	0.00368	0.00980
16	0.00974	0.00727	0.00918	0.01032	0.01143	0.00694	0.00740	0.01252	0.05263	0.02037	0.08486	0.49991	0.13016	0.02070	0.00912	0.00286	0.00445	0.08688	0.00686	0.00639
17	0.01563	0.16182	0.55107	0.02060	0.06661	0.01900	0.02406	0.02276	0.01531	0.02202	0.01256	0.01485	0.00936	0.00676	0.00653	0.00216	0.01010	0.00517	0.00311	0.01054
18	0.00886	0.00633	0.00843	0.01012	0.01054	0.00590	0.00675	0.01012	0.01392	0.01856	0.04006	0.73979	0.04808	0.02277	0.00928	0.00295	0.00422	0.02066	0.00675	0.00590
19	0.01524	0.00727	0.00767	0.00732	0.00937	0.00712	0.00558	0.01858	0.01574	0.08729	0.02415	0.02689	0.01857	0.00852	0.00528	0.00174	0.00364	0.00682	0.71592	0.00727
20	0.01771	0.01873	0.05767	0.10122	0.48920	0.04441	0.11960	0.02241	0.01657	0.02296	0.01364	0.01806	0.01110	0.00655	0.00737	0.00222	0.00953	0.00668	0.00356	0.01080
21	0.01783	0.01711	0.02922	0.06959	0.67544	0.01723	0.02223	0.02217	0.01648	0.02356	0.01365	0.01804	0.01145	0.00651	0.00720	0.00217	0.00867	0.00648	0.00358	0.01139
22	0.03261	0.01237	0.01687	0.01293	0.01856	0.01068	0.01068	0.03543	0.02081	0.70423	0.02868	0.02474	0.01799	0.00900	0.00731	0.00225	0.00619	0.00731	0.00900	0.01237
23	0.01009	0.00725	0.00953	0.01087	0.01174	0.00706	0.00797	0.01247	0.03586	0.01978	0.06411	0.45982	0.04456	0.08552	0.01185	0.00338	0.00512	0.18024	0.00660	0.00619
24	0.01532	0.06106	0.60233	0.01975	0.02951	0.01713	0.02469	0.05902	0.01646	0.02400	0.01470	0.01931	0.01134	0.00777	0.00703	0.00233	0.01024	0.04394	0.00352	0.01054
25	0.01458	0.03760	0.70688	0.02072	0.03146	0.01688	0.02686	0.02302	0.01535	0.02302	0.01304	0.01535	0.00921	0.00691	0.00691	0.00230	0.01074	0.00537	0.00307	0.01074
26	0.02715	0.03464	0.02060	0.01873	0.02247	0.71536	0.01404	0.02903	0.02060	0.01779	0.01124	0.01311	0.00936	0.00749	0.00655	0.00187	0.01311	0.00468	0.00375	0.00843
27	0.00976	0.00785	0.00875	0.00844	0.01072	0.00707	0.00636	0.01324	0.05556	0.02379	0.30317	0.06171	0.42427	0.01661	0.00852	0.00239	0.00370	0.01412	0.00725	0.00671
28	0.00884	0.00737	0.00771	0.00763	0.00997	0.00624	0.00572	0.01091	0.01716	0.02103	0.16497	0.06766	0.60404	0.01789	0.00859	0.00243	0.00364	0.01502	0.00693	0.00624
29	0.01154	0.00771	0.01012	0.00936	0.01129	0.00707	0.00707	0.01493	0.02059	0.06696	0.65802	0.05264	0.06575	0.01453	0.00850	0.00228	0.00358	0.01282	0.00806	0.00717
30	0.01038	0.00776	0.01151	0.01146	0.01279	0.00889	0.00889	0.01305	0.01247	0.01797	0.07955	0.03084	0.02265	0.05099	0.65287	0.01085	0.01804	0.00826	0.00426	0.00652
31	0.00896	0.00640	0.00855	0.01024	0.01070	0.00599	0.00692	0.01029	0.01402	0.01867	0.04001	0.71675	0.04786	0.02268	0.00930	0.00297	0.00430	0.04272	0.00675	0.00593
32	0.57387	0.02075	0.20851	0.01273	0.01900	0.01647	0.01327	0.02184	0.01322	0.02989	0.01095	0.01281	0.00825	0.00679	0.00518	0.00226	0.00708	0.00434	0.00409	0.00869
33	0.01808	0.01561	0.01644	0.01479	0.01890	0.01808	0.01151	0.03863	0.68606	0.03041	0.02959	0.02712	0.02219	0.00986	0.00740	0.00247	0.00575	0.00822	0.00740	0.01151
34	0.79588	0.01406	0.01068	0.00956	0.01406	0.01631	0.00787	0.02137	0.01237	0.03261	0.01012	0.01181	0.00787	0.00675	0.00450	0.00225	0.00562	0.00394	0.00450	0.00787
35	0.01446	0.00765	0.00775	0.00742	0.00938	0.00780	0.00565	0.05952	0.01647	0.02831	0.02331	0.02648	0.01823	0.00849	0.00522	0.00173	0.00369	0.00676	0.73457	0.00714
36	0.79588	0.01406	0.01068	0.00956	0.01406	0.01631	0.00787	0.02137	0.01237	0.03261	0.01012	0.01181	0.00787	0.00675	0.00450	0.00225	0.00562	0.00394	0.00450	0.00787
37	0.01799	0.01727	0.02950	0.04462	0.69919	0.01727	0.02231	0.02231	0.01655	0.02375	0.01367	0.01799	0.01151	0.00648	0.00720	0.00216	0.00864	0.00648	0.00360	0.01151
38	0.01808	0.01561	0.01644	0.01479	0.01890	0.01808	0.01151	0.03863	0.68606	0.03041	0.02959	0.02712	0.02219	0.00986	0.00740	0.00247	0.00575	0.00822	0.00740	0.01151
39	0.01528	0.01505	0.02104	0.01829	0.01832	0.02081	0.01509	0.01684	0.01138	0.01759	0.01226	0.08025	0.01297	0.01362	0.02256	0.00316	0.66661	0.00763	0.00350	0.00777
40	0.00859	0.00736	0.00736	0.00736	0.00982	0.00614	0.00552	0.01043	0.01657	0.01964	0.07364	0.06996	0.69624	0.01841	0.00859	0.00245	0.00368	0.01534	0.00675	0.00614
41	0.03261	0.01237	0.01687	0.01293	0.01856	0.01068	0.01068	0.03543	0.02081	0.70423	0.02868	0.02474	0.01799	0.00900	0.00731	0.00225	0.00619	0.00731	0.00900	0.01237
42	0.01002	0.00742	0.00934	0.00886	0.01069	0.00674	0.00664	0.01319	0.01993	0.02762	0.59572	0.05681	0.16918	0.01543	0.00858	0.00231	0.00347	0.01350	0.00780	0.00674
43	0.00935	0.00668	0.00900	0.01069	0.01132	0.00633	0.00760	0.01097	0.01440	0.01911	0.03979	0.62623	0.04700	0.02231	0.00941	0.00302	0.00464	0.12936	0.00674	0.00604
44	0.00901	0.00644	0.00857	0.01002	0.01058	0.00600	0.00676	0.01050	0.01461	0.01966	0.10836	0.66835	0.05021	0.02195	0.00920	0.00288	0.00414	0.01988	0.00688	0.00600
45	0.00918	0.00755	0.00818	0.00850	0.01080	0.00656	0.00669	0.01130	0.01660	0.02003	0.06703	0.07222	0.57318	0.01872	0.00886	0.00262	0.00425	0.13474	0.00674	0.00624
46	0.01151	0.00893	0.01286	0.01237	0.01351	0.01089	0.00977	0.01402	0.01192	0.01788	0.01834	0.02650	0.01690	0.04406	0.54716	0.00950	0.12647	0.00748	0.07321	0.00674
47	0.01564	0.09995	0.62325	0.01971	0.02987	0.01772	0.02501	0.02334	0.01549	0.04636	0.01333	0.01535	0.00953	0.00692	0.00672	0.00223	0.01032	0.00531	0.00328	0.01067
48	0.01004	0.00724	0.00974	0.01132	0.01239	0.00695	0.00875	0.01221	0.01525	0.01996	0.04141	0.42432	0.08422	0.02138	0.00956	0.00309	0.00522	0.28396	0.00673	0.00625
49	0.53307	0.01385	0.01416	0.10215	0.06023	0.01547	0.01072	0.02325	0.01420	0.13435	0.01356	0.01513	0.00989	0.00714	0.00544	0.00227	0.00640	0.00493	0.00498	0.00881
50	0.01584	0.01591	0.02366	0.06204	0.02243	0.02107	0.07042	0.01807	0.01199	0.01829	0.01031	0.01639	0.00972	0.01155	0.02085	0.00299	0.59925	0.00647	0.00327	0.03946
51	0.00935	0.00712	0.01049	0.01135	0.01218	0.00665	0.04657	0.01091	0.01411	0.01884	0.03855	0.69673	0.04586	0.02178	0.00924	0.00292	0.00470	0.01994	0.00656	0.00614
52	0.00895	0.00743	0.00786	0.00790	0.01024	0.00634	0.00603	0.01104	0.01698	0.02071	0.13356	0.06911	0.59450	0.01816	0.00868	0.00249	0.00384	0.05308	0.00687	0.00624
53	0.01548	0.01556	0.02023	0.35156	0.15368	0.11819	0.01687	0.01905	0.01567	0.01938	0.01842	0.16726	0.01791	0.01037	0.00756	0.00240	0.00888	0.00914	0.00410	0.00829
54	0.02008	0.01943	0.02685	0.08684	0.48050	0.10053	0.02002	0.11149	0.01928	0.02567	0.01384	0.01744	0.01124	0.00696	0.00714	0.00215	0.00915	0.00627	0.00409	0.01102
55	0.01627	0.01363	0.01571	0.01133	0.01773	0.01091	0.00911	0.08062	0.01689	0.02579	0.01335	0.01530	0.01092	0.00570	0.00556	0.00118	0.00563	0.00452	0.00459	0.71528
56	0.01649	0.01812	0.05943	0.05769	0.14375	0.01678	0.41557	0.04505	0.01713	0.02344	0.01740	0.10134	0.01527	0.00825	0.00827	0.00244	0.01043	0.00934	0.00410	0.00970
57	0.01905	0.01942	0.02891	0.04105	0.59584	0.10035	0.04381	0.02314	0.01705	0.02302	0.01342	0.01747	0.01124	0.00659	0.00717	0.00213	0.00929	0.00634	0.00362	0.01109
58	0.05228	0.05121	0.06288	0.03919	0.06974	0.34494	0.01521	0.22730	0.02356	0.02770	0.01341	0.01500	0.01038	0.00769	0.00673	0.00203	0.01055	0.00542	0.00478	0.00999
59	0.00957	0.00772	0.00908	0.00948	0.03545	0.00680	0.00667	0.01207	0.01796	0.02327	0.30005	0.08415	0.41812	0.01680	0.00856	0.00240	0.00379	0.01438	0.00710	0.00659
60	0.01355	0.00678	0.00678	0.00678	0.00847	0.00678	0.00508	0.01694	0.01524	0.02710	0.02371	0.02710	0.01863	0.00847	0.00508	0.00169	0.00339	0.00678	0.78489	0.00678
61	0.00950	0.00740	0.00862	0.00832	0.01038	0.00652	0.00624	0.01219	0.01871	0.02473	0.40623	0.06158	0.36048	0.01651	0.00858	0.00236	0.00355	0.01417	0.00742	0.00652
62	0.01057	0.00705	0.00793	0.00793	0.00793	0.00705	0.00440	0.01057	0.01057	0.01409	0.02290	0.04757	0.02643	0.74454	0.03700	0.00705	0.00705	0.01057	0.00440	0.00440
63	0.00886	0.00633	0.00843	0.01012	0.01054	0.00590	0.00675	0.01012	0.01392	0.01856	0.04006	0.73979	0.04808	0.02277	0.00928	0.00295	0.00422	0.02066	0.00675	0.00590
64	0.03261	0.01237	0.01687	0.01293	0.01856	0.01068	0.01068	0.03543	0.02081	0.70423	0.02868	0.02474	0.01799	0.00900	0.00731	0.00225	0.00619	0.00731	0.00900	0.01237
65	0.01507	0.01292	0.01507	0.01077	0.01723	0.00969	0.00861	0.01830	0.01507	0.02369	0.01292	0.01507	0.01077	0.00538	0.00538	0.00108	0.00538	0.00431	0.00431	0.78898
66	0.01808	0.01561	0.01644	0.01479	0.01890	0.01808	0.01151	0.03863	0.68606	0.03041	0.02959	0.02712	0.02219	0.00986	0.00740	0.00247	0.00575	0.00822	0.00740	0.01151
67	0.01086	0.00835	0.01009	0.00947	0.01125	0.03090	0.00710	0.01424	0.02058	0.02876	0.67214	0.05290	0.06658	0.01461	0.00850	0.00227	0.00376	0.01286	0.00786	0.00691
68	0.02995	0.01195	0.01616	0.01251	0.01782	0.01031	0.01026	0.03283	0.02056	0.61781	0.08733	0.02699	0.02221	0.00938	0.00735	0.00221	0.00591	0.00771	0.00873	0.04201
69	0.00886	0.00633	0.00843	0.01012	0.01054	0.00590	0.00675	0.01012	0.01392	0.01856	0.04006	0.73979	0.04808	0.02277	0.00928	0.00295	0.00422	0.02066	0.00675	0.00590
70	0.01029	0.00743	0.00972	0.00914	0.01086	0.00686	0.00686	0.01372	0.02058	0.02915	0.69536	0.05430	0.06859	0.01486	0.00857	0.00229	0.00343	0.01315	0.00800	0.00686
71	0.01590	0.02458	0.25651	0.08830	0.03529	0.01803	0.34650	0.02228	0.01581	0.02228	0.01356	0.01787	0.01019	0.00705	0.00924	0.00246	0.07381	0.00715	0.00340	0.00980
72	0.01716	0.01961	0.04289	0.03064	0.03799	0.01838	0.67279	0.02328	0.01716	0.02328	0.01471	0.01961	0.01103	0.00613	0.00858	0.00245	0.01225	0.00858	0.00368	0.00980
73	0.01716	0.01961	0.04289	0.03064	0.03799	0.01838	0.67279	0.02328	0.01716	0.02328	0.01471	0.01961	0.01103	0.00613	0.00858	0.00245	0.01225	0.00858	0.00368	0.00980
74	0.05900	0.01243	0.01666	0.01282	0.01840	0.01088	0.01059	0.03494	0.02051	0.68101	0.02804	0.02429	0.01764	0.00892	0.00721	0.00225	0.00617	0.00719	0.00884	0.01222
75	0.01597	0.01525	0.02615	0.30358	0.40183	0.01642	0.04216	0.02042	0.01569	0.02155	0.01448	0.04755	0.01227	0.00742	0.00735	0.00230	0.00898	0.00711	0.00359	0.00992
76	0.01029	0.00743	0.00972	0.00914	0.01086	0.00686	0.00686	0.01372	0.02058	0.02915	0.69536	0.05430	0.06859	0.01486	0.00857	0.00229	0.00343	0.01315	0.00800	0.00686
77	0.00859	0.00736	0.00736	0.00736	0.00982	0.00614	0.00552	0.01043	0.01657	0.01964	0.07364	0.06996	0.69624	0.01841	0.00859	0.00245	0.00368	0.01534	0.00675	0.00614
78	0.07227	0.02884	0.44176	0.02129	0.10514	0.01608	0.02188	0.04885	0.01687	0.13664	0.01565	0.01703	0.01094	0.00726	0.00685	0.00227	0.00930	0.00576	0.00436	0.01096
79	0.01889	0.46004	0.13466	0.01841	0.07259	0.04401	0.09077	0.04771	0.01617	0.02029	0.01164	0.01383	0.00978	0.00646	0.00578	0.00184	0.00894	0.00495	0.00338	0.00984
80	0.02576	0.01900	0.02038	0.01587	0.02111	0.02100	0.01289	0.59248	0.05607	0.04243	0.01838	0.02049	0.01397	0.07418	0.00992	0.00262	0.00783	0.00696	0.00702	0.01162
81	0.01029	0.00837	0.00927	0.00934	0.01148	0.00797	0.00687	0.01501	0.11701	0.02220	0.13772	0.21685	0.36549	0.01769	0.00857	0.00255	0.00409	0.01523	0.00700	0.00698
82	0.04543	0.57827	0.03362	0.01365	0.01930	0.17020	0.01263	0.02325	0.01590	0.01773	0.01034	0.01196	0.00929	0.00650	0.00505	0.00164	0.00881	0.00405	0.00328	0.00910
83	0.01048	0.00707	0.00815	0.00814	0.00836	0.00699	0.00477	0.01092	0.01184	0.01599	0.10136	0.07207	0.03205	0.63530	0.03276	0.00636	0.00653	0.01121	0.00490	0.00474
84	0.01860	0.02003	0.06921	0.04089	0.59911	0.07930	0.02185	0.02295	0.01684	0.02317	0.01342	0.01740	0.01119	0.00659	0.00712	0.00214	0.00916	0.00625	0.00358	0.01119
85	0.01029	0.00743	0.00972	0.00914	0.01086	0.00686	0.00686	0.01372	0.02058	0.02915	0.69536	0.05430	0.06859	0.01486	0.00857	0.00229	0.00343	0.01315	0.00800	0.00686
86	0.61208	0.01369	0.01249	0.05788	0.01723	0.01533	0.00918	0.02361	0.01397	0.14763	0.01351	0.01454	0.00974	0.00717	0.00517	0.00226	0.00599	0.00469	0.00519	0.00866
87	0.01295	0.01066	0.01158	0.01069	0.01364	0.01099	0.00820	0.04498	0.24634	0.02669	0.21591	0.04944	0.28095	0.01424	0.00813	0.00241	0.00448	0.01203	0.00731	0.00838
88	0.01148	0.00908	0.01297	0.01242	0.01338	0.01108	0.00967	0.01369	0.01162	0.01712	0.01824	0.02810	0.01748	0.11036	0.50493	0.00939	0.14056	0.00776	0.03412	0.00656
89	0.03785	0.00820	0.00823	0.00774	0.00988	0.00846	0.00594	0.07556	0.01684	0.02893	0.02276	0.02579	0.01776	0.00844	0.00526	0.00175	0.00386	0.00667	0.69277	0.00730
90	0.79588	0.01406	0.01068	0.00956	0.01406	0.01631	0.00787	0.02137	0.01237	0.03261	0.01012	0.01181	0.00787	0.00675	0.00450	0.00225	0.00562	0.00394	0.00450	0.00787
91	0.23739	0.08523	0.02084	0.01769	0.09300	0.12617	0.01301	0.26809	0.02248	0.03298	0.01343	0.01478	0.01031	0.00753	0.00616	0.00210	0.00817	0.00530	0.00520	0.01017

[dist]
# distance from previous block
# <min> <max>
0	1

[block]
# block no. 1 follows, 28 sequences, length 65
# corresponding to MSA columns:
# 244-308
name=unknown_B
#
# <colnr> <probs for GDERKNQSTAVLIFYWHMCP>
#	G	D	E	R	K	N	Q	S	T	A	V	L	I	F	Y	W	H	M	C	P
0	0.02584	0.02007	0.02115	0.01857	0.08117	0.08075	0.01388	0.47865	0.04838	0.06637	0.01774	0.01826	0.01290	0.00845	0.00708	0.00213	0.00809	0.00647	0.05246	0.01159
1	0.01761	0.01760	0.02567	0.24819	0.40293	0.08631	0.02034	0.02260	0.04748	0.02189	0.01394	0.01835	0.01124	0.00698	0.00716	0.00222	0.00927	0.00637	0.00368	0.01016
2	0.01606	0.01559	0.02161	0.21089	0.02828	0.04718	0.05966	0.05684	0.07328	0.02109	0.01872	0.02282	0.07155	0.01061	0.01389	0.00269	0.28913	0.00743	0.00416	0.00853
3	0.01034	0.00742	0.00948	0.01030	0.01127	0.00715	0.00714	0.05253	0.01625	0.02198	0.15289	0.55265	0.04875	0.04312	0.00990	0.00292	0.00441	0.01814	0.00693	0.00643
4	0.01875	0.01877	0.02778	0.06417	0.57988	0.08633	0.02094	0.02357	0.04647	0.02328	0.01411	0.01796	0.01171	0.00675	0.00714	0.00215	0.00899	0.00638	0.00377	0.01109
5	0.04970	0.01979	0.01972	0.07802	0.02345	0.10256	0.01344	0.37083	0.15825	0.03598	0.01869	0.01916	0.01378	0.00860	0.00704	0.00221	0.00807	0.00657	0.03314	0.01101
6	0.01580	0.01576	0.02224	0.05201	0.02052	0.02198	0.01610	0.01754	0.01129	0.01754	0.00970	0.01607	0.00955	0.01247	0.02308	0.00315	0.69767	0.00637	0.00318	0.00796
7	0.01774	0.01763	0.09297	0.07312	0.02647	0.01668	0.18086	0.13564	0.04648	0.05541	0.04395	0.02182	0.01515	0.01448	0.10216	0.00363	0.08251	0.00746	0.03630	0.00954
8	0.01966	0.59072	0.10525	0.01381	0.02015	0.05514	0.01405	0.02260	0.01519	0.04539	0.01118	0.01277	0.00967	0.00668	0.00574	0.00173	0.03308	0.00430	0.00337	0.00951
9	0.01263	0.00631	0.00947	0.00947	0.00947	0.00631	0.00631	0.00947	0.00947	0.01263	0.01263	0.02210	0.01263	0.02525	0.02841	0.78851	0.00631	0.00631	0.00316	0.00316
10	0.01524	0.03665	0.65095	0.02161	0.05829	0.04573	0.02614	0.02324	0.01561	0.02283	0.01300	0.01536	0.00931	0.00691	0.00690	0.00228	0.01075	0.00539	0.00312	0.01068
11	0.01672	0.01655	0.02719	0.24607	0.40154	0.04549	0.07287	0.02116	0.01616	0.02178	0.01534	0.01999	0.03265	0.00711	0.00735	0.00226	0.00927	0.00685	0.00360	0.01005
12	0.01458	0.03760	0.70688	0.02072	0.03146	0.01688	0.02686	0.02302	0.01535	0.02302	0.01304	0.01535	0.00921	0.00691	0.00691	0.00230	0.01074	0.00537	0.00307	0.01074
13	0.00963	0.00749	0.00881	0.00938	0.01125	0.00677	0.00731	0.01186	0.01645	0.02068	0.11317	0.14808	0.37869	0.04396	0.01001	0.00288	0.00460	0.17598	0.00676	0.00625
14	0.05317	0.08411	0.45406	0.01892	0.04824	0.01740	0.02141	0.08861	0.01744	0.07536	0.01546	0.04683	0.01185	0.00785	0.00681	0.00225	0.00933	0.00614	0.00417	0.01061
15	0.01703	0.02411	0.22489	0.02889	0.11015	0.01759	0.39880	0.02349	0.01670	0.04514	0.01458	0.01841	0.01080	0.00648	0.00792	0.00237	0.01123	0.00741	0.00367	0.01034
16	0.01431	0.01403	0.01435	0.01371	0.01543	0.15818	0.01064	0.01668	0.01351	0.01711	0.01700	0.02437	0.01568	0.04152	0.51509	0.00899	0.07156	0.00703	0.00381	0.00701
17	0.01458	0.03760	0.70688	0.02072	0.03146	0.01688	0.02686	0.02302	0.01535	0.02302	0.01304	0.01535	0.00921	0.00691	0.00691	0.00230	0.01074	0.00537	0.00307	0.01074
18	0.01015	0.00742	0.00952	0.00900	0.01077	0.00680	0.00675	0.01345	0.02025	0.02837	0.64437	0.05558	0.12007	0.01515	0.00857	0.00230	0.00345	0.01333	0.00790	0.00680
19	0.00914	0.00645	0.00835	0.00976	0.01011	0.00609	0.00636	0.01020	0.01336	0.01782	0.03723	0.62535	0.04450	0.14210	0.01386	0.00363	0.00469	0.01900	0.00636	0.00566
20	0.01029	0.00743	0.00972	0.00914	0.01086	0.00686	0.00686	0.01372	0.02058	0.02915	0.69536	0.05430	0.06859	0.01486	0.00857	0.00229	0.00343	0.01315	0.00800	0.00686
21	0.01171	0.00837	0.01171	0.01339	0.01506	0.00837	0.01171	0.01506	0.01673	0.02175	0.03849	0.08199	0.04183	0.02008	0.01004	0.00335	0.00669	0.65027	0.00669	0.00669
22	0.01770	0.01528	0.01607	0.01449	0.01854	0.01760	0.01126	0.03749	0.65902	0.02997	0.03137	0.02885	0.04942	0.01021	0.00744	0.00247	0.00567	0.00851	0.00737	0.01129
23	0.01507	0.01292	0.01507	0.01077	0.01723	0.00969	0.00861	0.01830	0.01507	0.02369	0.01292	0.01507	0.01077	0.00538	0.00538	0.00108	0.00538	0.00431	0.00431	0.78898
24	0.01656	0.02066	0.09952	0.02877	0.03621	0.01772	0.58751	0.02271	0.01697	0.02310	0.01710	0.02140	0.04035	0.00672	0.00843	0.00244	0.01175	0.00859	0.00376	0.00973
25	0.00879	0.00737	0.00764	0.00757	0.00994	0.00622	0.00568	0.01082	0.01704	0.02075	0.14612	0.06813	0.62307	0.01800	0.00859	0.00243	0.00365	0.01509	0.00690	0.00622
26	0.00909	0.00646	0.00856	0.01015	0.01061	0.00608	0.00685	0.01038	0.01386	0.01845	0.03903	0.67027	0.04657	0.06324	0.01087	0.00320	0.00449	0.04938	0.00661	0.00586
27	0.00928	0.00695	0.00998	0.01096	0.01174	0.00648	0.03541	0.01085	0.01436	0.01924	0.06893	0.67747	0.04742	0.02170	0.00922	0.00290	0.00453	0.01980	0.00667	0.00612
28	0.01543	0.01546	0.02244	0.28954	0.03161	0.05147	0.04450	0.01850	0.01314	0.01814	0.01153	0.01777	0.01000	0.01181	0.04403	0.00314	0.36371	0.00647	0.00328	0.00804
29	0.05217	0.02895	0.01913	0.01700	0.02090	0.51094	0.01297	0.11873	0.04476	0.02344	0.01374	0.01532	0.01095	0.00780	0.00649	0.00193	0.01107	0.00521	0.06955	0.00893
30	0.00886	0.00633	0.00843	0.01012	0.01054	0.00590	0.00675	0.01012	0.01392	0.01856	0.04006	0.73979	0.04808	0.02277	0.00928	0.00295	0.00422	0.02066	0.00675	0.00590
31	0.04592	0.01520	0.02108	0.01681	0.02115	0.01640	0.12709	0.28741	0.02206	0.03085	0.01765	0.02179	0.01419	0.02371	0.24744	0.00543	0.01236	0.00724	0.03667	0.00954
32	0.01590	0.01590	0.02226	0.01908	0.01908	0.02226	0.01590	0.01749	0.01113	0.01749	0.00954	0.01590	0.00954	0.01272	0.02385	0.00318	0.73123	0.00636	0.00318	0.00795
33	0.01445	0.00810	0.00887	0.06226	0.01252	0.00848	0.00678	0.05853	0.01638	0.02763	0.02250	0.02590	0.01756	0.00839	0.00539	0.00178	0.00416	0.00674	0.67636	0.00723
34	0.01046	0.00720	0.00864	0.00864	0.00898	0.00741	0.00535	0.01103	0.01100	0.01483	0.02405	0.04468	0.04878	0.58452	0.16784	0.00778	0.00934	0.01020	0.00439	0.00487
35	0.00859	0.00736	0.00736	0.00736	0.00982	0.00614	0.00552	0.01043	0.01657	0.01964	0.07364	0.06996	0.69624	0.01841	0.00859	0.00245	0.00368	0.01534	0.00675	0.00614
36	0.01574	0.01486	0.02514	0.35814	0.36834	0.01635	0.02085	0.02025	0.01563	0.02127	0.01446	0.02156	0.01206	0.00746	0.00736	0.00233	0.00903	0.03590	0.00357	0.00971
37	0.01090	0.00811	0.01058	0.01182	0.01370	0.00779	0.01011	0.01386	0.01669	0.02120	0.04761	0.07887	0.21171	0.01965	0.00966	0.00312	0.00591	0.48545	0.00671	0.00655
38	0.01555	0.17942	0.57353	0.01907	0.02891	0.01925	0.02398	0.02277	0.01523	0.02184	0.01246	0.01461	0.00923	0.00677	0.00646	0.00215	0.01015	0.00508	0.00308	0.01046
39	0.01252	0.00869	0.01075	0.03930	0.01333	0.00904	0.00814	0.08007	0.01591	0.02224	0.03113	0.31938	0.05578	0.09236	0.01255	0.03782	0.02958	0.06450	0.13026	0.00665
40	0.00869	0.00737	0.00750	0.00746	0.00988	0.00618	0.00560	0.01062	0.01679	0.02017	0.10860	0.06908	0.66094	0.01821	0.00859	0.00245	0.00367	0.01522	0.00682	0.00618
41	0.03018	0.01606	0.05708	0.01445	0.02042	0.01441	0.01249	0.21680	0.02431	0.47847	0.02460	0.02214	0.01590	0.00880	0.00728	0.00223	0.00696	0.00698	0.00817	0.01228
42	0.00886	0.00633	0.00843	0.01012	0.01054	0.00590	0.00675	0.01012	0.01392	0.01856	0.04006	0.73979	0.04808	0.02277	0.00928	0.00295	0.00422	0.02066	0.00675	0.00590
43	0.00886	0.00633	0.00843	0.01012	0.01054	0.00590	0.00675	0.01012	0.01392	0.01856	0.04006	0.73979	0.04808	0.02277	0.00928	0.00295	0.00422	0.02066	0.00675	0.00590
44	0.00859	0.00736	0.00736	0.00736	0.00982	0.00614	0.00552	0.01043	0.01657	0.01964	0.07364	0.06996	0.69624	0.01841	0.00859	0.00245	0.00368	0.01534	0.00675	0.00614
45	0.01042	0.00698	0.00797	0.00812	0.00816	0.00695	0.00461	0.01053	0.01086	0.01448	0.02439	0.10772	0.02831	0.68182	0.03459	0.00669	0.00680	0.01145	0.00461	0.00453
46	0.01943	0.74891	0.03809	0.01244	0.01866	0.02876	0.01244	0.02177	0.01477	0.01710	0.01011	0.01166	0.00933	0.00622	0.00466	0.00155	0.00777	0.00389	0.00311	0.00933
47	0.01458	0.03760	0.70688	0.02072	0.03146	0.01688	0.02686	0.02302	0.01535	0.02302	0.01304	0.01535	0.00921	0.00691	0.00691	0.00230	0.01074	0.00537	0.00307	0.01074
48	0.01355	0.00678	0.00678	0.00678	0.00847	0.00678	0.00508	0.01694	0.01524	0.02710	0.02371	0.02710	0.01863	0.00847	0.00508	0.00169	0.00339	0.00678	0.78489	0.00678
49	0.01590	0.01590	0.02226	0.01908	0.01908	0.02226	0.01590	0.01749	0.01113	0.01749	0.00954	0.01590	0.00954	0.01272	0.02385	0.00318	0.73123	0.00636	0.00318	0.00795
50	0.01448	0.01381	0.01953	0.01717	0.01751	0.01886	0.01414	0.01633	0.01127	0.01733	0.01211	0.01917	0.01177	0.02351	0.20250	0.00538	0.54745	0.00673	0.00336	0.00757
51	0.03261	0.01237	0.01687	0.01293	0.01856	0.01068	0.01068	0.03543	0.02081	0.70423	0.02868	0.02474	0.01799	0.00900	0.00731	0.00225	0.00619	0.00731	0.00900	0.01237
52	0.01716	0.01961	0.04289	0.03064	0.03799	0.01838	0.67279	0.02328	0.01716	0.02328	0.01471	0.01961	0.01103	0.00613	0.00858	0.00245	0.01225	0.00858	0.00368	0.00980
53	0.01212	0.01160	0.07386	0.01350	0.04287	0.00912	0.06797	0.01578	0.01839	0.05351	0.36478	0.12253	0.13664	0.01417	0.00840	0.00239	0.00529	0.01268	0.00675	0.00767
54	0.01679	0.05578	0.17570	0.03167	0.29114	0.01763	0.20091	0.02293	0.04049	0.02362	0.04258	0.01942	0.01355	0.00693	0.00746	0.00226	0.00972	0.00704	0.00380	0.01058
55	0.02724	0.02017	0.02160	0.01665	0.02239	0.02236	0.01372	0.64904	0.06073	0.04518	0.01795	0.01785	0.01276	0.00877	0.00728	0.00219	0.00791	0.00661	0.00728	0.01233
56	0.05876	0.17153	0.02365	0.01697	0.02137	0.50418	0.01345	0.07177	0.02005	0.02022	0.01140	0.01307	0.00950	0.00730	0.00615	0.00185	0.01140	0.00462	0.00390	0.00885
57	0.01590	0.01590	0.02226	0.01908	0.01908	0.02226	0.01590	0.01749	0.01113	0.01749	0.00954	0.01590	0.00954	0.01272	0.02385	0.00318	0.73123	0.00636	0.00318	0.00795
58	0.01658	0.01331	0.01553	0.01120	0.01759	0.01046	0.00900	0.05602	0.01641	0.05605	0.01390	0.01565	0.01119	0.00574	0.00558	0.00119	0.00557	0.00457	0.00469	0.70979
59	0.01038	0.00779	0.01168	0.01168	0.01298	0.00909	0.00909	0.01298	0.01168	0.01687	0.01947	0.02856	0.01817	0.05452	0.71573	0.01168	0.01947	0.00779	0.00389	0.00649
60	0.03244	0.01265	0.01704	0.01306	0.01869	0.01110	0.01079	0.05766	0.02127	0.68133	0.02829	0.02449	0.01780	0.00899	0.00731	0.00225	0.00625	0.00728	0.00894	0.01237
61	0.01488	0.03301	0.56235	0.02299	0.08526	0.01659	0.08170	0.02256	0.01584	0.02338	0.04444	0.01771	0.01227	0.00717	0.00715	0.00230	0.01037	0.00610	0.00339	0.01055
62	0.00859	0.00736	0.00736	0.00736	0.00982	0.00614	0.00552	0.01043	0.01657	0.01964	0.07364	0.06996	0.69624	0.01841	0.00859	0.00245	0.00368	0.01534	0.00675	0.00614
63	0.01147	0.00819	0.01143	0.01310	0.01467	0.00815	0.01128	0.01463	0.01649	0.02148	0.03862	0.13915	0.04238	0.02031	0.00997	0.00331	0.00648	0.59556	0.00670	0.00662
64	0.01662	0.01587	0.02703	0.26368	0.49083	0.01691	0.02163	0.02111	0.01590	0.02209	0.01343	0.01844	0.01093	0.00673	0.00722	0.00224	0.00897	0.00647	0.00348	0.01041

[dist]
# distance from previous block
# <min> <max>
4	6

[block]
# block no. 2 follows, 28 sequences, length 21
# corresponding to MSA columns:
# 315-335
name=unknown_C
#
# <colnr> <probs for GDERKNQSTAVLIFYWHMCP>
#	G	D	E	R	K	N	Q	S	T	A	V	L	I	F	Y	W	H	M	C	P
0	0.07856	0.29058	0.14179	0.01656	0.05121	0.14521	0.01515	0.05111	0.08241	0.04481	0.01377	0.01500	0.01097	0.00716	0.00593	0.00195	0.00886	0.00504	0.00412	0.00983
1	0.11715	0.10268	0.01671	0.01167	0.01569	0.01441	0.00960	0.15095	0.02121	0.13461	0.24212	0.05506	0.05712	0.01104	0.00715	0.00219	0.00561	0.00896	0.00688	0.00918
2	0.09387	0.01320	0.03607	0.01257	0.01632	0.01306	0.01020	0.14200	0.11958	0.10442	0.15564	0.14825	0.03177	0.01251	0.00764	0.00240	0.00568	0.03389	0.00701	0.03392
3	0.01705	0.01648	0.02871	0.06526	0.48908	0.01654	0.11003	0.02227	0.04941	0.02351	0.01680	0.05001	0.01480	0.00792	0.00762	0.00231	0.00877	0.03867	0.00405	0.01069
4	0.03948	0.00991	0.01401	0.14525	0.02030	0.03291	0.05577	0.01427	0.01542	0.02098	0.14059	0.36498	0.03827	0.04240	0.00948	0.00279	0.00611	0.01442	0.00582	0.00684
5	0.01507	0.01292	0.01507	0.01077	0.01723	0.00969	0.00861	0.01830	0.01507	0.02369	0.01292	0.01507	0.01077	0.00538	0.00538	0.00108	0.00538	0.00431	0.00431	0.78898
6	0.01373	0.01292	0.02180	0.72707	0.05006	0.01615	0.02019	0.01857	0.01453	0.01857	0.01292	0.01938	0.00969	0.00727	0.00727	0.00242	0.00969	0.00646	0.00323	0.00807
7	0.00869	0.00737	0.00750	0.00746	0.00988	0.00618	0.00560	0.01062	0.01679	0.02017	0.10851	0.06908	0.66104	0.01821	0.00859	0.00245	0.00367	0.01522	0.00682	0.00618
8	0.01057	0.00705	0.00793	0.00793	0.00793	0.00705	0.00440	0.01057	0.01057	0.01409	0.02290	0.04757	0.02643	0.74454	0.03700	0.00705	0.00705	0.01057	0.00440	0.00440
9	0.79588	0.01406	0.01068	0.00956	0.01406	0.01631	0.00787	0.02137	0.01237	0.03261	0.01012	0.01181	0.00787	0.00675	0.00450	0.00225	0.00562	0.00394	0.00450	0.00787
10	0.01171	0.00837	0.01171	0.01339	0.01506	0.00837	0.01171	0.01506	0.01673	0.02175	0.03849	0.08199	0.04183	0.02008	0.01004	0.00335	0.00669	0.65027	0.00669	0.00669
11	0.01808	0.01561	0.01644	0.01479	0.01890	0.01808	0.01151	0.03863	0.68606	0.03041	0.02959	0.02712	0.02219	0.00986	0.00740	0.00247	0.00575	0.00822	0.00740	0.01151
12	0.03261	0.01237	0.01687	0.01293	0.01856	0.01068	0.01068	0.03543	0.02081	0.70423	0.02868	0.02474	0.01799	0.00900	0.00731	0.00225	0.00619	0.00731	0.00900	0.01237
13	0.02763	0.02036	0.02182	0.01672	0.02254	0.02254	0.01382	0.67496	0.03418	0.04581	0.01745	0.01745	0.01236	0.00873	0.00727	0.00218	0.00800	0.00654	0.00727	0.01236
14	0.01507	0.01292	0.01507	0.01077	0.01723	0.00969	0.00861	0.01830	0.01507	0.02369	0.01292	0.01507	0.01077	0.00538	0.00538	0.00108	0.00538	0.00431	0.00431	0.78898
15	0.01009	0.00798	0.00997	0.01053	0.05048	0.00719	0.00725	0.01297	0.01882	0.02523	0.41997	0.05812	0.30328	0.01572	0.00850	0.00234	0.00383	0.01359	0.00727	0.00686
16	0.01302	0.00931	0.01129	0.01031	0.01245	0.00924	0.00777	0.11800	0.02135	0.02991	0.45775	0.12532	0.05352	0.04265	0.00939	0.00250	0.00438	0.01258	0.04173	0.00752
17	0.79588	0.01406	0.01068	0.00956	0.01406	0.01631	0.00787	0.02137	0.01237	0.03261	0.01012	0.01181	0.00787	0.00675	0.00450	0.00225	0.00562	0.00394	0.00450	0.00787
18	0.01799	0.01727	0.02950	0.04462	0.69919	0.01727	0.02231	0.02231	0.01655	0.02375	0.01367	0.01799	0.01151	0.00648	0.00720	0.00216	0.00864	0.00648	0.00360	0.01151
19	0.71996	0.08592	0.01336	0.00984	0.01451	0.01752	0.00832	0.02141	0.01261	0.03110	0.01012	0.01179	0.00801	0.00670	0.00451	0.00218	0.00583	0.00393	0.00436	0.00801
20	0.07594	0.01468	0.01749	0.01360	0.01912	0.04047	0.01118	0.14212	0.02256	0.52749	0.02503	0.02231	0.01612	0.00876	0.00711	0.00222	0.00673	0.00688	0.00824	0.01195

[dist]
# distance from previous block
# <min> <max>
0	18

[block]
# block no. 3 follows, 28 sequences, length 9
# corresponding to MSA columns:
# 354-362
name=unknown_D
#
# <colnr> <probs for GDERKNQSTAVLIFYWHMCP>
#	G	D	E	R	K	N	Q	S	T	A	V	L	I	F	Y	W	H	M	C	P
0	0.03022	0.01367	0.01736	0.01359	0.01904	0.01294	0.01114	0.10676	0.10657	0.54584	0.02755	0.02423	0.01790	0.00908	0.00732	0.00227	0.00633	0.00734	0.00860	0.01226
1	0.01915	0.01947	0.02838	0.04134	0.61346	0.10571	0.02126	0.02316	0.01706	0.02299	0.01336	0.01737	0.01124	0.00661	0.00711	0.00212	0.00920	0.00625	0.00362	0.01112
2	0.01029	0.00743	0.00972	0.00914	0.01086	0.00686	0.00686	0.01372	0.02058	0.02915	0.69536	0.05430	0.06859	0.01486	0.00857	0.00229	0.00343	0.01315	0.00800	0.00686
3	0.01038	0.00779	0.01168	0.01168	0.01298	0.00909	0.00909	0.01298	0.01168	0.01687	0.01947	0.02856	0.01817	0.05452	0.71573	0.01168	0.01947	0.00779	0.00389	0.00649
4	0.02504	0.01907	0.02036	0.01620	0.02156	0.02133	0.01319	0.50240	0.21095	0.04163	0.02074	0.02007	0.01503	0.00903	0.00731	0.00226	0.00739	0.00700	0.00731	0.01213
5	0.01013	0.00742	0.00950	0.00898	0.01077	0.00679	0.00674	0.01342	0.02021	0.02829	0.63902	0.05572	0.12546	0.01518	0.00857	0.00230	0.00345	0.01334	0.00789	0.00679
6	0.11528	0.03438	0.56859	0.01915	0.02859	0.06705	0.02351	0.02324	0.01534	0.02387	0.01254	0.01473	0.00905	0.00693	0.00657	0.00226	0.01026	0.00514	0.00330	0.01021
7	0.02196	0.55374	0.03328	0.01345	0.01941	0.07290	0.01260	0.10718	0.01809	0.07069	0.01247	0.01345	0.01035	0.00683	0.00532	0.00171	0.00805	0.00453	0.00411	0.00988
8	0.02083	0.02196	0.02645	0.10451	0.35863	0.22507	0.06297	0.02453	0.01777	0.04925	0.01355	0.01706	0.01092	0.00694	0.00711	0.00212	0.01022	0.00612	0.00383	0.01016

[dist]
# distance from previous block
# <min> <max>
0	1

[block]
# block no. 4 follows, 28 sequences, length 18
# corresponding to MSA columns:
# 364-381
name=unknown_E
#
# <colnr> <probs for GDERKNQSTAVLIFYWHMCP>
#	G	D	E	R	K	N	Q	S	T	A	V	L	I	F	Y	W	H	M	C	P
0	0.01623	0.05912	0.54352	0.02139	0.03116	0.01715	0.11972	0.02377	0.01592	0.06450	0.01414	0.01641	0.01002	0.00690	0.00709	0.00229	0.01058	0.00590	0.00352	0.01065
1	0.00886	0.00633	0.00843	0.01012	0.01054	0.00590	0.00675	0.01012	0.01392	0.01856	0.04006	0.73979	0.04808	0.02277	0.00928	0.00295	0.00422	0.02066	0.00675	0.00590
2	0.01717	0.19402	0.34744	0.02012	0.06486	0.09100	0.06027	0.02265	0.01560	0.02071	0.01251	0.01534	0.00993	0.00921	0.04075	0.00257	0.03736	0.00537	0.00326	0.00987
3	0.13352	0.01588	0.01977	0.12524	0.02470	0.03577	0.08013	0.20496	0.06656	0.05572	0.01754	0.04413	0.01372	0.00866	0.00762	0.00229	0.04198	0.00696	0.08522	0.00961
4	0.01230	0.00844	0.00947	0.00891	0.00963	0.00862	0.00554	0.07878	0.01368	0.01838	0.06870	0.04495	0.02789	0.61894	0.03200	0.00622	0.00690	0.01034	0.00495	0.00539
5	0.01021	0.00743	0.00960	0.00906	0.01081	0.00682	0.00680	0.01356	0.02039	0.02870	0.66587	0.05504	0.09835	0.01503	0.00857	0.00229	0.00344	0.01325	0.00794	0.00682
6	0.02469	0.01444	0.01700	0.01373	0.01846	0.01483	0.01109	0.21822	0.14606	0.27422	0.13977	0.02812	0.02579	0.01008	0.00753	0.00228	0.00616	0.00825	0.00803	0.01127
7	0.02650	0.01980	0.02118	0.01650	0.02211	0.02201	0.01354	0.59968	0.11129	0.04399	0.01889	0.01860	0.01352	0.00886	0.00729	0.00222	0.00773	0.00674	0.00729	0.01226
8	0.01507	0.01292	0.01507	0.01077	0.01723	0.00969	0.00861	0.01830	0.01507	0.02369	0.01292	0.01507	0.01077	0.00538	0.00538	0.00108	0.00538	0.00431	0.00431	0.78898
9	0.01195	0.00986	0.01404	0.01726	0.16904	0.00942	0.01034	0.01572	0.03846	0.02588	0.38639	0.09055	0.14504	0.01380	0.00827	0.00233	0.00478	0.01226	0.00671	0.00790
10	0.00987	0.00741	0.00914	0.00871	0.01060	0.00668	0.00653	0.01291	0.01959	0.02681	0.54244	0.05815	0.22297	0.01573	0.00858	0.00233	0.00349	0.01369	0.00769	0.00668
11	0.02027	0.02373	0.06997	0.16094	0.16514	0.25854	0.01785	0.05042	0.04940	0.02120	0.01313	0.01659	0.01060	0.00790	0.00869	0.00224	0.08432	0.00585	0.00383	0.00940
12	0.00992	0.00742	0.00921	0.00876	0.01063	0.00670	0.00657	0.01300	0.01971	0.02708	0.56035	0.05770	0.20488	0.01563	0.00858	0.00232	0.00348	0.01362	0.00773	0.00670
13	0.01095	0.00862	0.01277	0.01244	0.01360	0.01043	0.00978	0.01344	0.01163	0.01694	0.01845	0.02726	0.01729	0.05024	0.64493	0.01081	0.09231	0.00764	0.00382	0.00664
14	0.01501	0.03221	0.01743	0.01491	0.01704	0.06303	0.04978	0.08350	0.01518	0.02090	0.01776	0.06695	0.01658	0.03092	0.33359	0.00671	0.14818	0.00788	0.03471	0.00774
15	0.01038	0.00779	0.01168	0.01168	0.01298	0.00909	0.00909	0.01298	0.01168	0.01687	0.01947	0.02856	0.01817	0.05452	0.71573	0.01168	0.01947	0.00779	0.00389	0.00649
16	0.38389	0.01579	0.01772	0.05887	0.02095	0.01760	0.06599	0.16445	0.04538	0.09499	0.01473	0.01612	0.01079	0.00772	0.00674	0.00231	0.03531	0.00562	0.00543	0.00958
17	0.02015	0.01526	0.01725	0.01299	0.01899	0.01422	0.01051	0.20887	0.08389	0.07755	0.01686	0.01755	0.01279	0.00701	0.00624	0.00160	0.00622	0.00552	0.00577	0.44075

[dist]
# distance from previous block
# <min> <max>
6	10

[block]
# block no. 5 follows, 28 sequences, length 11
# corresponding to MSA columns:
# 392-402
name=unknown_F
#
# <colnr> <probs for GDERKNQSTAVLIFYWHMCP>
#	G	D	E	R	K	N	Q	S	T	A	V	L	I	F	Y	W	H	M	C	P
0	0.01917	0.01429	0.01671	0.07260	0.04544	0.01550	0.01182	0.17382	0.24381	0.09352	0.06331	0.06748	0.10845	0.01120	0.00765	0.00238	0.00627	0.00935	0.00695	0.01030
1	0.01122	0.00808	0.01131	0.04787	0.01433	0.00906	0.00908	0.01463	0.03899	0.01945	0.02369	0.11238	0.02287	0.03795	0.42460	0.00789	0.01358	0.04973	0.11655	0.00675
2	0.01684	0.04991	0.11723	0.01264	0.01683	0.01381	0.01158	0.17572	0.04936	0.02867	0.02075	0.06632	0.01738	0.03243	0.08645	0.00325	0.00784	0.00749	0.25657	0.00889
3	0.02224	0.04766	0.06027	0.02002	0.08972	0.12188	0.07570	0.23696	0.06983	0.06646	0.01803	0.06377	0.01470	0.00972	0.00839	0.04271	0.00878	0.00733	0.00552	0.01031
4	0.01756	0.01674	0.02658	0.09410	0.39512	0.04765	0.08848	0.06504	0.01774	0.02406	0.01761	0.04966	0.01599	0.00882	0.00772	0.00236	0.00890	0.08135	0.00429	0.01021
5	0.00882	0.00646	0.00829	0.00976	0.01045	0.00593	0.00659	0.01016	0.01426	0.01870	0.04445	0.65235	0.13269	0.02220	0.00919	0.00289	0.00415	0.01997	0.00675	0.00593
6	0.01587	0.03422	0.59849	0.02196	0.06102	0.01665	0.06505	0.02368	0.01581	0.06030	0.01403	0.01624	0.00990	0.00695	0.00704	0.00230	0.01049	0.00572	0.00345	0.01081
7	0.05391	0.16125	0.43149	0.02032	0.06267	0.01919	0.06911	0.02355	0.05192	0.02288	0.01343	0.01560	0.01013	0.00686	0.00655	0.00218	0.00969	0.00548	0.00345	0.01036
8	0.00924	0.00751	0.00826	0.00841	0.01067	0.00653	0.00654	0.01149	0.01711	0.02116	0.14962	0.06956	0.52578	0.01818	0.00879	0.00255	0.00406	0.10134	0.00691	0.00631
9	0.01799	0.01727	0.02950	0.04462	0.69919	0.01727	0.02231	0.02231	0.01655	0.02375	0.01367	0.01799	0.01151	0.00648	0.00720	0.00216	0.00864	0.00648	0.00360	0.01151
10	0.01791	0.01640	0.02398	0.32139	0.03528	0.07563	0.12562	0.07814	0.01719	0.05955	0.01467	0.01914	0.01116	0.00802	0.00918	0.00239	0.09215	0.00673	0.05657	0.00890

[dist]
# distance from previous block
# <min> <max>
0	1

[block]
# block no. 6 follows, 28 sequences, length 7
# corresponding to MSA columns:
# 404-410
name=unknown_G
#
# <colnr> <probs for GDERKNQSTAVLIFYWHMCP>
#	G	D	E	R	K	N	Q	S	T	A	V	L	I	F	Y	W	H	M	C	P
0	0.01654	0.01958	0.08619	0.13629	0.08366	0.01784	0.45364	0.02313	0.04502	0.02288	0.01487	0.01947	0.01120	0.00654	0.00811	0.00242	0.01123	0.00786	0.00372	0.00980
1	0.01499	0.00843	0.00885	0.00825	0.01040	0.00877	0.00636	0.09365	0.01723	0.02863	0.02271	0.02607	0.01787	0.01145	0.05091	0.00239	0.00496	0.00681	0.64385	0.00741
2	0.00996	0.00777	0.00918	0.00963	0.01144	0.00725	0.00725	0.01332	0.05951	0.02194	0.16312	0.23829	0.29540	0.01860	0.00888	0.00267	0.00430	0.09789	0.00700	0.00662
3	0.01884	0.01551	0.07299	0.01550	0.05782	0.01386	0.01234	0.17805	0.08992	0.10117	0.06341	0.15458	0.02435	0.01149	0.00755	0.00227	0.00648	0.03352	0.00644	0.11389
4	0.02163	0.01958	0.14876	0.01498	0.02043	0.05741	0.01380	0.14073	0.13009	0.18538	0.09014	0.02609	0.02127	0.06530	0.00959	0.00263	0.00751	0.00764	0.00653	0.01051
5	0.00905	0.00651	0.00844	0.00976	0.01038	0.00606	0.00655	0.01044	0.01439	0.01917	0.09106	0.60841	0.08676	0.06306	0.01076	0.00311	0.00429	0.01920	0.00671	0.00591
6	0.09097	0.01512	0.01992	0.12929	0.12651	0.01754	0.01479	0.17563	0.01887	0.02733	0.04048	0.02277	0.06309	0.01257	0.05570	0.00304	0.14508	0.00718	0.00482	0.00930

[dist]
# distance from previous block
# <min> <max>
7	11

[block]
# block no. 7 follows, 28 sequences, length 34
# corresponding to MSA columns:
# 422-455
name=unknown_H
#
# <colnr> <probs for GDERKNQSTAVLIFYWHMCP>
#	G	D	E	R	K	N	Q	S	T	A	V	L	I	F	Y	W	H	M	C	P
0	0.01062	0.00706	0.00940	0.03295	0.01216	0.00665	0.00726	0.01222	0.01480	0.06052	0.08720	0.56241	0.07350	0.05410	0.01030	0.00301	0.00456	0.01816	0.00675	0.00637
1	0.01300	0.01172	0.01976	0.35978	0.09198	0.01303	0.07028	0.01662	0.01481	0.01939	0.02287	0.17040	0.05147	0.01226	0.00891	0.03648	0.00811	0.04707	0.00437	0.00770
2	0.02649	0.02738	0.02101	0.01896	0.05654	0.39926	0.01410	0.22453	0.06559	0.05497	0.01507	0.01600	0.01152	0.00802	0.00689	0.00203	0.01061	0.00566	0.00524	0.01012
3	0.01917	0.01459	0.01655	0.04536	0.02001	0.01631	0.01210	0.10536	0.41990	0.08692	0.02886	0.03434	0.02335	0.01120	0.00780	0.00256	0.00636	0.11129	0.00722	0.01075
4	0.01800	0.01717	0.02869	0.04276	0.65678	0.01732	0.02164	0.02333	0.05829	0.02416	0.01467	0.01856	0.01218	0.00669	0.00721	0.00218	0.00846	0.00659	0.00383	0.01151
5	0.01720	0.01646	0.02808	0.17122	0.57877	0.01706	0.02192	0.02162	0.01618	0.02279	0.01353	0.01825	0.01118	0.00662	0.00721	0.00221	0.00883	0.00647	0.00353	0.01088
6	0.01157	0.00867	0.01227	0.01239	0.01405	0.00851	0.04974	0.01542	0.07385	0.03858	0.08946	0.39088	0.04217	0.05019	0.01032	0.00307	0.00548	0.14977	0.00666	0.00698
7	0.00894	0.00636	0.00841	0.01002	0.01042	0.00596	0.00664	0.01014	0.01376	0.01835	0.03926	0.70721	0.04706	0.05675	0.01058	0.00314	0.00435	0.02019	0.00664	0.00583
8	0.01946	0.02077	0.02637	0.04986	0.24250	0.18189	0.14458	0.04679	0.08087	0.02289	0.01809	0.02167	0.04472	0.03735	0.00860	0.00240	0.00984	0.00721	0.00430	0.00983
9	0.01433	0.01353	0.02288	0.63118	0.14127	0.01631	0.02049	0.01910	0.01482	0.01930	0.01303	0.01918	0.00995	0.00716	0.00726	0.00239	0.00954	0.00646	0.00328	0.00856
