[name]
unknown

[dist]
# distance from previous block
# <min> <max>
0	27

[block]
# block no. 0 follows, 26 sequences, length 24
# corresponding to MSA columns:
# 27-50
name=unknown_A
#
# <colnr> <probs for GDERKNQSTAVLIFYWHMCP>
#	G	D	E	R	K	N	Q	S	T	A	V	L	I	F	Y	W	H	M	C	P
0	0.00948	0.00677	0.00908	0.01084	0.01138	0.00637	0.00746	0.01098	0.01476	0.01963	0.04167	0.67632	0.04964	0.02354	0.00975	0.00311	0.00461	0.07134	0.00704	0.00623
1	0.03250	0.01504	0.07249	0.01415	0.02046	0.01167	0.01252	0.03592	0.02125	0.63722	0.02860	0.02502	0.01803	0.00921	0.00759	0.00235	0.00684	0.00746	0.00889	0.01277
2	0.02048	0.61808	0.09723	0.01429	0.02099	0.08350	0.01447	0.02345	0.01596	0.01846	0.01092	0.01264	0.00973	0.00666	0.00524	0.00172	0.00884	0.00426	0.00329	0.00979
3	0.01253	0.01073	0.01419	0.01377	0.01495	0.04282	0.01083	0.01493	0.01295	0.01814	0.02094	0.09129	0.02087	0.04272	0.46432	0.00903	0.13715	0.03644	0.00432	0.00708
4	0.01847	0.02042	0.14180	0.02060	0.02432	0.01987	0.09932	0.04692	0.01500	0.08345	0.01361	0.01820	0.01117	0.01141	0.01770	0.03803	0.37932	0.00685	0.00410	0.00944
5	0.01527	0.03576	0.59367	0.02210	0.03248	0.01727	0.09204	0.02357	0.01648	0.02436	0.04651	0.01846	0.01284	0.00753	0.00747	0.00242	0.01100	0.00635	0.00352	0.01091
6	0.01927	0.01943	0.03075	0.10238	0.43500	0.07196	0.11852	0.04285	0.04015	0.02463	0.01484	0.01907	0.01199	0.00705	0.00769	0.00231	0.00993	0.00701	0.00399	0.01118
7	0.01686	0.01608	0.02494	0.20369	0.33415	0.04955	0.04442	0.04122	0.01737	0.02336	0.04370	0.11373	0.01877	0.00965	0.00790	0.00243	0.00882	0.00897	0.00440	0.00996
8	0.78701	0.01467	0.01115	0.00997	0.01467	0.01702	0.00821	0.02230	0.01291	0.03403	0.01056	0.01232	0.00821	0.00704	0.00469	0.00235	0.00587	0.00411	0.00469	0.00821
9	0.01583	0.12484	0.61397	0.02056	0.03119	0.01913	0.02618	0.02386	0.01594	0.02326	0.01324	0.01554	0.00962	0.00712	0.00692	0.00231	0.01083	0.00542	0.00321	0.01103
10	0.00929	0.00769	0.00816	0.00825	0.01062	0.00657	0.00624	0.01141	0.01758	0.02147	0.12997	0.09801	0.57229	0.01913	0.00906	0.00261	0.00398	0.04402	0.00716	0.00649
11	0.68285	0.01517	0.01249	0.01081	0.01568	0.01731	0.00891	0.07965	0.01536	0.06748	0.01219	0.01351	0.00915	0.00734	0.00509	0.00234	0.00612	0.00452	0.00518	0.00886
12	0.01877	0.01802	0.03079	0.04656	0.68612	0.01802	0.02328	0.02328	0.01727	0.02478	0.01427	0.01877	0.01201	0.00676	0.00751	0.00225	0.00901	0.00676	0.00375	0.01201
13	0.03052	0.01498	0.01845	0.01453	0.02017	0.01468	0.01188	0.14927	0.13507	0.46372	0.02799	0.02488	0.01847	0.00949	0.00764	0.00237	0.00672	0.00765	0.00878	0.01275
14	0.01022	0.00773	0.00942	0.00900	0.01102	0.00694	0.00675	0.01332	0.02025	0.02753	0.50588	0.06142	0.24961	0.01658	0.00895	0.00244	0.00366	0.01438	0.00797	0.00694
15	0.01877	0.01802	0.03079	0.04656	0.68612	0.01802	0.02328	0.02328	0.01727	0.02478	0.01427	0.01877	0.01201	0.00676	0.00751	0.00225	0.00901	0.00676	0.00375	0.01201
16	0.01481	0.00771	0.00778	0.00754	0.00950	0.00782	0.00572	0.04682	0.01680	0.02916	0.02445	0.02782	0.01914	0.00885	0.00541	0.00179	0.00375	0.00706	0.74073	0.00733
17	0.00924	0.00660	0.00880	0.01056	0.01100	0.00616	0.00704	0.01056	0.01452	0.01936	0.04181	0.72848	0.05017	0.02376	0.00968	0.00308	0.00440	0.02156	0.00704	0.00616
18	0.01521	0.03923	0.69413	0.02162	0.03283	0.01762	0.02802	0.02402	0.01601	0.02402	0.01361	0.01601	0.00961	0.00721	0.00721	0.00240	0.01121	0.00560	0.00320	0.01121
19	0.03403	0.01291	0.01760	0.01350	0.01936	0.01115	0.01115	0.03697	0.02171	0.69137	0.02992	0.02582	0.01878	0.00939	0.00763	0.00235	0.00645	0.00763	0.00939	0.01291
20	0.00914	0.00764	0.00796	0.00798	0.01038	0.00646	0.00595	0.01119	0.01756	0.02136	0.13148	0.10026	0.59850	0.01907	0.00899	0.00257	0.00384	0.01604	0.00716	0.00646
21	0.01382	0.00713	0.00735	0.00730	0.00907	0.00708	0.00547	0.01736	0.01642	0.02848	0.08576	0.03091	0.02428	0.00946	0.00564	0.00182	0.00354	0.00769	0.70433	0.00708
22	0.01790	0.02046	0.04476	0.03197	0.03964	0.01918	0.65857	0.02430	0.01790	0.02430	0.01535	0.02046	0.01151	0.00639	0.00895	0.00256	0.01279	0.00895	0.00384	0.01023
23	0.09876	0.02041	0.02143	0.01667	0.02253	0.02271	0.01373	0.57353	0.06231	0.04580	0.01807	0.01812	0.01293	0.00897	0.00733	0.00230	0.00801	0.00666	0.00733	0.01242

[dist]
# distance from previous block
# <min> <max>
0	1

[block]
# block no. 1 follows, 26 sequences, length 84
# corresponding to MSA columns:
# 52-135
name=unknown_B
#
# <colnr> <probs for GDERKNQSTAVLIFYWHMCP>
#	G	D	E	R	K	N	Q	S	T	A	V	L	I	F	Y	W	H	M	C	P
0	0.01789	0.06896	0.07490	0.02380	0.02995	0.01947	0.32106	0.05029	0.04774	0.02421	0.01459	0.01860	0.01157	0.00782	0.01072	0.00241	0.13133	0.00731	0.00410	0.11327
1	0.01194	0.00856	0.01043	0.00973	0.01203	0.00798	0.00737	0.01638	0.06566	0.05730	0.48106	0.05679	0.19469	0.01566	0.00881	0.00243	0.00393	0.01358	0.00808	0.00759
2	0.02883	0.02125	0.02276	0.01745	0.02352	0.02352	0.01442	0.66082	0.03566	0.04780	0.01821	0.01821	0.01290	0.00911	0.00759	0.00228	0.00835	0.00683	0.00759	0.01290
3	0.01091	0.00730	0.00831	0.00843	0.00846	0.00727	0.00477	0.01100	0.01127	0.01503	0.02514	0.09662	0.02914	0.68431	0.03660	0.00706	0.00715	0.01176	0.00477	0.00470
4	0.00974	0.00681	0.00866	0.00993	0.01025	0.00649	0.00637	0.01069	0.01356	0.01808	0.03686	0.54111	0.04393	0.21964	0.01766	0.00426	0.00522	0.01866	0.00637	0.00573
5	0.01573	0.01348	0.01573	0.01123	0.01798	0.01011	0.00899	0.01910	0.01573	0.02472	0.01348	0.01573	0.01123	0.00562	0.00562	0.00112	0.00562	0.00449	0.00449	0.77980
6	0.00939	0.00753	0.00843	0.00888	0.01087	0.00657	0.00659	0.01143	0.01706	0.02121	0.11577	0.21060	0.45614	0.01999	0.00922	0.00272	0.00416	0.05984	0.00714	0.00645
7	0.01009	0.00765	0.00929	0.00904	0.01097	0.00686	0.00672	0.01300	0.01971	0.02661	0.45238	0.10700	0.25859	0.01720	0.00900	0.00249	0.00372	0.01495	0.00786	0.00686
8	0.01495	0.03789	0.66491	0.02103	0.03187	0.01714	0.02708	0.02346	0.01607	0.02387	0.01630	0.01844	0.03827	0.00772	0.00728	0.00241	0.01090	0.00605	0.00337	0.01101
9	0.01045	0.00774	0.00974	0.00924	0.01115	0.00703	0.00693	0.01375	0.02079	0.02879	0.58313	0.05933	0.17156	0.01611	0.00895	0.00241	0.00362	0.01409	0.00814	0.00703
10	0.01877	0.01802	0.03079	0.04656	0.68612	0.01802	0.02328	0.02328	0.01727	0.02478	0.01427	0.01877	0.01201	0.00676	0.00751	0.00225	0.00901	0.00676	0.00375	0.01201
11	0.02076	0.01723	0.01822	0.01582	0.02045	0.01975	0.01246	0.15812	0.55151	0.03478	0.02847	0.02638	0.02121	0.01007	0.00769	0.00252	0.00645	0.00824	0.00769	0.01218
12	0.01432	0.01348	0.02275	0.71520	0.05224	0.01685	0.02107	0.01938	0.01517	0.01938	0.01348	0.02022	0.01011	0.00758	0.00758	0.00253	0.01011	0.00674	0.00337	0.00843
13	0.00924	0.00660	0.00880	0.01056	0.01100	0.00616	0.00704	0.01056	0.01452	0.01936	0.04181	0.72848	0.05017	0.02376	0.00968	0.00308	0.00440	0.02156	0.00704	0.00616
14	0.01432	0.01348	0.02275	0.71520	0.05224	0.01685	0.02107	0.01938	0.01517	0.01938	0.01348	0.02022	0.01011	0.00758	0.00758	0.00253	0.01011	0.00674	0.00337	0.00843
15	0.00938	0.00760	0.00833	0.00836	0.01056	0.00655	0.00619	0.01161	0.01796	0.02258	0.20763	0.13029	0.48881	0.01881	0.00903	0.00257	0.00384	0.01602	0.00733	0.00655
16	0.03299	0.01458	0.01864	0.01429	0.02020	0.01363	0.01180	0.16187	0.02450	0.56252	0.02758	0.02429	0.01760	0.00933	0.00762	0.00233	0.00683	0.00747	0.00903	0.01291
17	0.02298	0.01654	0.01773	0.01529	0.02000	0.04048	0.01206	0.07655	0.47527	0.17118	0.02927	0.02668	0.02117	0.00995	0.00766	0.00249	0.00650	0.00815	0.00793	0.01214
18	0.00938	0.00670	0.00896	0.01072	0.01122	0.00628	0.00728	0.01080	0.01466	0.01952	0.04173	0.69829	0.04986	0.02363	0.00972	0.00310	0.00452	0.05037	0.00704	0.00620
19	0.00924	0.00660	0.00880	0.01056	0.01100	0.00616	0.00704	0.01056	0.01452	0.01936	0.04181	0.72848	0.05017	0.02376	0.00968	0.00308	0.00440	0.02156	0.00704	0.00616
20	0.00942	0.00673	0.00901	0.01077	0.01128	0.00632	0.00735	0.01087	0.01470	0.01956	0.04171	0.68985	0.04978	0.02359	0.00973	0.00311	0.00456	0.05842	0.00704	0.00621
21	0.01794	0.01801	0.02586	0.27746	0.31144	0.08558	0.02064	0.02269	0.03852	0.02188	0.01390	0.01890	0.01130	0.00788	0.00910	0.00243	0.07605	0.00662	0.00373	0.01008
22	0.01519	0.01453	0.02053	0.01803	0.01836	0.01987	0.01486	0.01710	0.01176	0.01810	0.01249	0.01982	0.01216	0.02393	0.19069	0.00549	0.54868	0.00700	0.00350	0.00792
23	0.02752	0.02059	0.02202	0.01719	0.02302	0.02291	0.01410	0.57879	0.11984	0.04568	0.01988	0.01954	0.01426	0.00926	0.00761	0.00232	0.00804	0.00706	0.00761	0.01278
24	0.01812	0.01913	0.02301	0.01987	0.02037	0.11149	0.01634	0.01982	0.01290	0.01829	0.01019	0.01622	0.00993	0.01257	0.02255	0.00314	0.62790	0.00641	0.00340	0.00836
25	0.02837	0.03512	0.02158	0.01940	0.02345	0.65595	0.01464	0.07393	0.02248	0.02059	0.01217	0.01399	0.00999	0.00791	0.00689	0.00198	0.01331	0.00502	0.00416	0.00908
26	0.01069	0.00771	0.01009	0.00958	0.01132	0.00712	0.00715	0.01419	0.02124	0.03004	0.66054	0.07929	0.07085	0.01578	0.00897	0.00241	0.00361	0.01398	0.00831	0.00712
27	0.02644	0.03142	0.02067	0.01861	0.02270	0.53222	0.01411	0.06213	0.15407	0.02261	0.01591	0.01686	0.01263	0.00838	0.00705	0.00209	0.01187	0.00572	0.00485	0.00964
28	0.01758	0.01783	0.06831	0.02051	0.02254	0.02095	0.08556	0.02035	0.01330	0.06584	0.01264	0.01823	0.01113	0.01392	0.05270	0.00353	0.51536	0.00696	0.00382	0.00894
29	0.03403	0.01291	0.01760	0.01350	0.01936	0.01115	0.01115	0.03697	0.02171	0.69137	0.02992	0.02582	0.01878	0.00939	0.00763	0.00235	0.00645	0.00763	0.00939	0.01291
30	0.01861	0.01785	0.03049	0.07154	0.66243	0.01798	0.02320	0.02313	0.01719	0.02458	0.01424	0.01883	0.01194	0.00679	0.00751	0.00226	0.00905	0.00676	0.00374	0.01188
31	0.02989	0.01956	0.02172	0.01665	0.02268	0.02102	0.01376	0.53453	0.03284	0.17809	0.02058	0.01975	0.01409	0.00916	0.00760	0.00229	0.00796	0.00699	0.00795	0.01290
32	0.01659	0.01659	0.02323	0.01991	0.01991	0.02323	0.01659	0.01825	0.01162	0.01825	0.00996	0.01659	0.00996	0.01328	0.02489	0.00332	0.71955	0.00664	0.00332	0.00830
33	0.00924	0.00660	0.00880	0.01056	0.01100	0.00616	0.00704	0.01056	0.01452	0.01936	0.04181	0.72848	0.05017	0.02376	0.00968	0.00308	0.00440	0.02156	0.00704	0.00616
34	0.01521	0.03923	0.69413	0.02162	0.03283	0.01762	0.02802	0.02402	0.01601	0.02402	0.01361	0.01601	0.00961	0.00721	0.00721	0.00240	0.01121	0.00560	0.00320	0.01121
35	0.01432	0.01348	0.02275	0.71520	0.05224	0.01685	0.02107	0.01938	0.01517	0.01938	0.01348	0.02022	0.01011	0.00758	0.00758	0.00253	0.01011	0.00674	0.00337	0.00843
36	0.02965	0.01994	0.02195	0.01683	0.02287	0.02158	0.01390	0.56305	0.03348	0.14866	0.02005	0.01940	0.01382	0.00915	0.00759	0.00229	0.00805	0.00695	0.00787	0.01290
37	0.01599	0.01727	0.03569	0.02663	0.03224	0.01672	0.47692	0.02099	0.01676	0.02284	0.02055	0.16931	0.01954	0.01053	0.01021	0.00272	0.05994	0.01145	0.00448	0.00924
38	0.00924	0.00660	0.00880	0.01056	0.01100	0.00616	0.00704	0.01056	0.01452	0.01936	0.04181	0.72848	0.05017	0.02376	0.00968	0.00308	0.00440	0.02156	0.00704	0.00616
39	0.00924	0.00660	0.00880	0.01056	0.01100	0.00616	0.00704	0.01056	0.01452	0.01936	0.04181	0.72848	0.05017	0.02376	0.00968	0.00308	0.00440	0.02156	0.00704	0.00616
40	0.00924	0.00660	0.00880	0.01056	0.01100	0.00616	0.00704	0.01056	0.01452	0.01936	0.04181	0.72848	0.05017	0.02376	0.00968	0.00308	0.00440	0.02156	0.00704	0.00616
41	0.02027	0.02087	0.02933	0.04232	0.58208	0.12556	0.02192	0.02438	0.01793	0.02380	0.01387	0.01797	0.01166	0.00692	0.00740	0.00221	0.00974	0.00646	0.00378	0.01151
42	0.02924	0.02059	0.02236	0.01714	0.02319	0.02255	0.01416	0.61157	0.03456	0.09861	0.01914	0.01881	0.01336	0.00913	0.00759	0.00228	0.00820	0.00689	0.00773	0.01290
43	0.00896	0.00768	0.00768	0.00768	0.01025	0.00640	0.00576	0.01089	0.01729	0.02049	0.07684	0.07300	0.68304	0.01921	0.00896	0.00256	0.00384	0.01601	0.00704	0.00640
44	0.01573	0.01348	0.01573	0.01123	0.01798	0.01011	0.00899	0.01910	0.01573	0.02472	0.01348	0.01573	0.01123	0.00562	0.00562	0.00112	0.00562	0.00449	0.00449	0.77980
45	0.02883	0.02125	0.02276	0.01745	0.02352	0.02352	0.01442	0.66082	0.03566	0.04780	0.01821	0.01821	0.01290	0.00911	0.00759	0.00228	0.00835	0.00683	0.00759	0.01290
46	0.01814	0.01105	0.01150	0.01002	0.01293	0.01168	0.00783	0.19742	0.02127	0.03328	0.02289	0.02619	0.01789	0.03368	0.00708	0.00210	0.00501	0.00714	0.53429	0.00862
47	0.01090	0.00741	0.00881	0.00892	0.00912	0.00756	0.00538	0.01133	0.01139	0.01536	0.02451	0.08785	0.02782	0.60299	0.12314	0.00772	0.00886	0.01129	0.00467	0.00497
48	0.01776	0.36721	0.34691	0.01817	0.02695	0.02355	0.05882	0.02342	0.01584	0.02113	0.01227	0.01447	0.00978	0.00682	0.00621	0.00204	0.00985	0.00508	0.00326	0.01046
49	0.00923	0.00664	0.00876	0.01046	0.01098	0.00617	0.00700	0.01057	0.01462	0.01940	0.04298	0.70643	0.07146	0.02361	0.00966	0.00306	0.00438	0.02138	0.00704	0.00617
50	0.01877	0.01802	0.03079	0.04656	0.68612	0.01802	0.02328	0.02328	0.01727	0.02478	0.01427	0.01877	0.01201	0.00676	0.00751	0.00225	0.00901	0.00676	0.00375	0.01201
51	0.01302	0.00717	0.00750	0.00750	0.00863	0.00717	0.00505	0.01529	0.01416	0.02341	0.02444	0.03594	0.02236	0.26887	0.01725	0.00377	0.00491	0.00849	0.49888	0.00618
52	0.01567	0.01377	0.02345	0.64185	0.04969	0.01662	0.04957	0.02066	0.01568	0.05998	0.01455	0.02057	0.01070	0.00764	0.00765	0.00252	0.01001	0.00690	0.00375	0.00878
53	0.02662	0.01442	0.01646	0.01368	0.01849	0.04478	0.01093	0.03559	0.23254	0.37214	0.02882	0.02634	0.01986	0.00955	0.00736	0.00234	0.00631	0.00775	0.09424	0.01177
54	0.01221	0.00891	0.01230	0.01193	0.01346	0.01013	0.00911	0.05818	0.01379	0.01968	0.02073	0.03131	0.01958	0.13256	0.55446	0.01060	0.01743	0.00835	0.02833	0.00695
55	0.02840	0.02103	0.02252	0.01736	0.02336	0.02332	0.01431	0.63371	0.06349	0.04710	0.01876	0.01865	0.01335	0.00916	0.00759	0.00229	0.00824	0.00691	0.00759	0.01286
56	0.00924	0.00660	0.00880	0.01056	0.01100	0.00616	0.00704	0.01056	0.01452	0.01936	0.04181	0.72848	0.05017	0.02376	0.00968	0.00308	0.00440	0.02156	0.00704	0.00616
57	0.00924	0.00660	0.00880	0.01056	0.01100	0.00616	0.00704	0.01056	0.01452	0.01936	0.04181	0.72848	0.05017	0.02376	0.00968	0.00308	0.00440	0.02156	0.00704	0.00616
58	0.02883	0.02125	0.02276	0.01745	0.02352	0.02352	0.01442	0.66082	0.03566	0.04780	0.01821	0.01821	0.01290	0.00911	0.00759	0.00228	0.00835	0.00683	0.00759	0.01290
59	0.01727	0.01895	0.03761	0.02793	0.03323	0.01991	0.45856	0.02218	0.01604	0.02245	0.01466	0.04152	0.01228	0.00886	0.01343	0.00279	0.21030	0.00870	0.00379	0.00956
60	0.01414	0.00707	0.00707	0.00707	0.00884	0.00707	0.00530	0.01767	0.01591	0.02828	0.02474	0.02828	0.01944	0.00884	0.00530	0.00177	0.00353	0.00707	0.77554	0.00707
61	0.01084	0.00813	0.01219	0.01219	0.01354	0.00948	0.00948	0.01354	0.01219	0.01761	0.02032	0.02980	0.01896	0.05689	0.70337	0.01219	0.02032	0.00813	0.00406	0.00677
62	0.01676	0.01710	0.02603	0.02148	0.02248	0.02271	0.09995	0.01904	0.01243	0.01904	0.01066	0.01710	0.01016	0.01238	0.02282	0.00322	0.62778	0.00694	0.00339	0.00855
63	0.00924	0.00660	0.00880	0.01056	0.01100	0.00616	0.00704	0.01056	0.01452	0.01936	0.04181	0.72848	0.05017	0.02376	0.00968	0.00308	0.00440	0.02156	0.00704	0.00616
64	0.01026	0.00747	0.00965	0.00966	0.01118	0.00687	0.00703	0.01318	0.01952	0.02709	0.48719	0.21835	0.10878	0.01774	0.00912	0.00256	0.00379	0.01575	0.00795	0.00687
65	0.65617	0.01436	0.01227	0.01059	0.01548	0.01600	0.00872	0.02485	0.01444	0.14825	0.01393	0.01467	0.01005	0.00745	0.00520	0.00235	0.00597	0.00472	0.00551	0.00903
66	0.03182	0.01428	0.01822	0.01415	0.01980	0.01340	0.01161	0.16092	0.02417	0.53044	0.02814	0.05752	0.01908	0.01001	0.00772	0.00237	0.00674	0.00813	0.00892	0.01259
67	0.01000	0.00810	0.00852	0.00846	0.01057	0.00734	0.00607	0.01282	0.05568	0.02062	0.09214	0.09455	0.47762	0.13764	0.01386	0.00337	0.00457	0.01487	0.00674	0.00646
68	0.01829	0.01379	0.01626	0.01177	0.01838	0.01085	0.00947	0.05114	0.01730	0.09685	0.01546	0.01692	0.01212	0.00618	0.00592	0.00131	0.00583	0.00494	0.00516	0.66205
69	0.01963	0.01566	0.01767	0.01319	0.01944	0.01422	0.01064	0.22385	0.02205	0.03186	0.01624	0.04794	0.01348	0.00753	0.00643	0.00158	0.00644	0.00599	0.00560	0.50056
70	0.01759	0.01995	0.04345	0.03119	0.03860	0.01871	0.63481	0.02380	0.01778	0.02412	0.01631	0.04628	0.01292	0.00703	0.00898	0.00258	0.01248	0.00941	0.00395	0.01008
71	0.01784	0.01707	0.02909	0.18738	0.55262	0.01778	0.02281	0.02246	0.01683	0.02364	0.01410	0.01908	0.01161	0.00693	0.00752	0.00231	0.00924	0.00675	0.00367	0.01126
72	0.02047	0.02422	0.03620	0.02730	0.03338	0.21021	0.43201	0.02527	0.01856	0.02230	0.01507	0.04337	0.01233	0.00766	0.00897	0.00243	0.03852	0.00817	0.00395	0.00961
73	0.00933	0.00738	0.00841	0.00882	0.01064	0.00645	0.00636	0.01135	0.01716	0.02177	0.16451	0.26131	0.39979	0.01994	0.00917	0.00268	0.00396	0.01726	0.00725	0.00645
74	0.00923	0.00664	0.00876	0.01046	0.01097	0.00617	0.00699	0.01057	0.01462	0.01940	0.04310	0.70431	0.07350	0.02360	0.00965	0.00306	0.00438	0.02136	0.00704	0.00617
75	0.01804	0.01877	0.01785	0.05808	0.02006	0.20618	0.01291	0.04419	0.04445	0.02051	0.04849	0.10780	0.02033	0.05053	0.11318	0.00421	0.17289	0.00878	0.00467	0.00808
76	0.01847	0.01771	0.03023	0.09284	0.64224	0.01794	0.02313	0.02301	0.01713	0.02441	0.01421	0.01887	0.01188	0.00682	0.00751	0.00227	0.00909	0.00676	0.00373	0.01177
77	0.26047	0.01344	0.01566	0.01244	0.01795	0.01291	0.01027	0.03255	0.01906	0.49369	0.02410	0.02176	0.01560	0.00868	0.00675	0.00235	0.00628	0.00657	0.00798	0.01150
78	0.00924	0.00660	0.00880	0.01056	0.01100	0.00616	0.00704	0.01056	0.01452	0.01936	0.04181	0.72848	0.05017	0.02376	0.00968	0.00308	0.00440	0.02156	0.00704	0.00616
79	0.01711	0.26856	0.41939	0.01842	0.02728	0.02202	0.02186	0.02403	0.04356	0.02205	0.01317	0.01529	0.01024	0.00737	0.00723	0.00219	0.04092	0.00526	0.00341	0.01063
80	0.00924	0.00660	0.00880	0.01056	0.01100	0.00616	0.00704	0.01056	0.01452	0.01936	0.04181	0.72848	0.05017	0.02376	0.00968	0.00308	0.00440	0.02156	0.00704	0.00616
81	0.02198	0.01401	0.01596	0.01374	0.01815	0.01467	0.01083	0.07944	0.31887	0.21529	0.03630	0.07474	0.10848	0.01192	0.00796	0.00252	0.00592	0.00993	0.00805	0.01125
82	0.02737	0.01878	0.02060	0.07984	0.02446	0.06706	0.01384	0.33928	0.07934	0.19549	0.04174	0.02189	0.01646	0.00924	0.00760	0.00232	0.00810	0.00723	0.00741	0.01195
83	0.02675	0.02043	0.05278	0.01692	0.02288	0.02129	0.01432	0.45925	0.15447	0.09915	0.02141	0.02068	0.01520	0.00927	0.00760	0.00234	0.00787	0.00717	0.00756	0.01265

[dist]
# distance from previous block
# <min> <max>
2	7

[block]
# block no. 2 follows, 26 sequences, length 60
# corresponding to MSA columns:
# 143-202
name=unknown_C
#
# <colnr> <probs for GDERKNQSTAVLIFYWHMCP>
#	G	D	E	R	K	N	Q	S	T	A	V	L	I	F	Y	W	H	M	C	P
0	0.21810	0.31022	0.19507	0.01487	0.02213	0.02204	0.03603	0.02278	0.01501	0.02420	0.01164	0.01364	0.00945	0.00676	0.00558	0.00201	0.00831	0.00464	0.00370	0.05382
1	0.01025	0.00757	0.00884	0.00890	0.01028	0.00699	0.00621	0.01207	0.01634	0.02147	0.22060	0.11292	0.23983	0.23281	0.01798	0.00404	0.00502	0.04514	0.00666	0.00608
2	0.05524	0.01869	0.02076	0.01611	0.02197	0.02002	0.01326	0.44814	0.07345	0.20111	0.02160	0.02050	0.01483	0.00918	0.00751	0.00232	0.00765	0.00704	0.00793	0.01268
3	0.14274	0.01119	0.01344	0.01160	0.01542	0.01085	0.00931	0.02506	0.05390	0.26505	0.27015	0.03900	0.03852	0.01206	0.00783	0.00244	0.00530	0.04850	0.00802	0.00961
4	0.04350	0.01485	0.02431	0.11945	0.41643	0.01563	0.01883	0.02024	0.01554	0.02253	0.01569	0.02231	0.01374	0.04816	0.15194	0.00455	0.01129	0.00713	0.00384	0.01004
5	0.00924	0.00660	0.00880	0.01056	0.01100	0.00616	0.00704	0.01056	0.01452	0.01936	0.04181	0.72848	0.05017	0.02376	0.00968	0.00308	0.00440	0.02156	0.00704	0.00616
6	0.01318	0.00659	0.00988	0.00988	0.00988	0.00659	0.00659	0.00988	0.00988	0.01318	0.01318	0.02306	0.01318	0.02635	0.02964	0.77931	0.00659	0.00659	0.00329	0.00329
7	0.02452	0.01734	0.01943	0.01556	0.02036	0.01908	0.01265	0.46100	0.02894	0.07224	0.01962	0.02225	0.01509	0.04340	0.14118	0.00433	0.01033	0.00727	0.03417	0.01124
8	0.01414	0.00707	0.00707	0.00707	0.00884	0.00707	0.00530	0.01767	0.01591	0.02828	0.02474	0.02828	0.01944	0.00884	0.00530	0.00177	0.00353	0.00707	0.77554	0.00707
9	0.02833	0.03615	0.02149	0.01954	0.02345	0.70298	0.01466	0.03029	0.02149	0.01856	0.01172	0.01368	0.00977	0.00782	0.00684	0.00195	0.01368	0.00489	0.00391	0.00879
10	0.01103	0.00735	0.00827	0.00827	0.00827	0.00735	0.00460	0.01103	0.01103	0.01471	0.02390	0.04964	0.02758	0.73343	0.03861	0.00735	0.00735	0.01103	0.00460	0.00460
11	0.02606	0.03211	0.02009	0.01825	0.02201	0.59238	0.01376	0.05077	0.02119	0.01969	0.01679	0.01872	0.05524	0.01143	0.04690	0.00259	0.01321	0.00588	0.00426	0.00867
12	0.02930	0.02050	0.02230	0.01710	0.02315	0.02242	0.01412	0.60505	0.03442	0.10534	0.01926	0.01889	0.01342	0.00913	0.00759	0.00228	0.00818	0.00690	0.00775	0.01290
13	0.01790	0.02046	0.04476	0.03197	0.03964	0.01918	0.65857	0.02430	0.01790	0.02430	0.01535	0.02046	0.01151	0.00639	0.00895	0.00256	0.01279	0.00895	0.00384	0.01023
14	0.00924	0.00660	0.00880	0.01056	0.01100	0.00616	0.00704	0.01056	0.01452	0.01936	0.04181	0.72848	0.05017	0.02376	0.00968	0.00308	0.00440	0.02156	0.00704	0.00616
15	0.03369	0.01346	0.01795	0.01376	0.01964	0.01197	0.01137	0.07851	0.02264	0.64851	0.02914	0.02531	0.01838	0.00937	0.00763	0.00234	0.00658	0.00757	0.00927	0.01291
16	0.02654	0.03290	0.02121	0.02027	0.05731	0.59770	0.01462	0.02992	0.06448	0.01983	0.01538	0.01696	0.03397	0.00832	0.00701	0.00203	0.01259	0.00561	0.00426	0.00909
17	0.02980	0.01331	0.01712	0.01367	0.01902	0.01247	0.01111	0.03645	0.15095	0.52587	0.06413	0.02792	0.02240	0.00989	0.00771	0.00239	0.00621	0.00813	0.00900	0.01243
18	0.00967	0.00678	0.00867	0.01001	0.01034	0.00645	0.00645	0.01067	0.01368	0.01824	0.03749	0.56499	0.04473	0.19468	0.01665	0.00411	0.00511	0.01903	0.00645	0.00578
19	0.01176	0.00982	0.01016	0.00965	0.01259	0.00940	0.00734	0.05598	0.12056	0.02389	0.06418	0.09679	0.50523	0.01742	0.00872	0.00257	0.00449	0.01457	0.00718	0.00767
20	0.01089	0.00974	0.00911	0.00875	0.01155	0.04109	0.00663	0.04418	0.01841	0.02176	0.07076	0.06739	0.61698	0.01815	0.00879	0.00252	0.00454	0.01501	0.00692	0.00684
21	0.01586	0.03474	0.53855	0.02410	0.03446	0.01799	0.17910	0.02409	0.01647	0.02409	0.01403	0.01708	0.01006	0.00701	0.00762	0.00244	0.01159	0.00641	0.00335	0.01098
22	0.63719	0.01472	0.01268	0.01087	0.01580	0.01645	0.00896	0.05551	0.01533	0.13334	0.01384	0.01463	0.01003	0.00749	0.00527	0.00234	0.00608	0.00477	0.00554	0.00915
23	0.02028	0.73799	0.03975	0.01298	0.01947	0.03001	0.01298	0.02271	0.01541	0.01785	0.01055	0.01217	0.00973	0.00649	0.00487	0.00162	0.00811	0.00406	0.00324	0.00973
24	0.01160	0.00898	0.01256	0.01215	0.01299	0.01064	0.00911	0.01349	0.01182	0.01695	0.01995	0.03324	0.02005	0.22461	0.44915	0.00985	0.10368	0.00869	0.00411	0.00640
25	0.01676	0.01723	0.03102	0.12133	0.06541	0.01779	0.28368	0.02135	0.01583	0.02254	0.01361	0.01865	0.01098	0.00777	0.01114	0.00240	0.14896	0.00720	0.00380	0.16255
26	0.20961	0.02243	0.02041	0.01657	0.02188	0.17637	0.04481	0.28604	0.02507	0.08440	0.01563	0.01644	0.01143	0.00820	0.00680	0.00224	0.00906	0.00590	0.00600	0.01071
27	0.02921	0.02065	0.02239	0.01717	0.02322	0.02264	0.01418	0.61621	0.03466	0.09383	0.01905	0.01875	0.01332	0.00913	0.00759	0.00228	0.00821	0.00689	0.00772	0.01290
28	0.00921	0.00736	0.00825	0.00873	0.01058	0.00640	0.00628	0.01110	0.01683	0.02106	0.12186	0.27140	0.43375	0.02026	0.00918	0.00270	0.00399	0.01749	0.00716	0.00640
29	0.02956	0.02008	0.02204	0.01690	0.02294	0.02179	0.01396	0.57347	0.03371	0.13792	0.01985	0.01928	0.01372	0.00914	0.00759	0.00229	0.00808	0.00694	0.00784	0.01290
30	0.03018	0.01400	0.01770	0.01398	0.01944	0.01332	0.01141	0.10302	0.11225	0.49773	0.06282	0.02695	0.02150	0.00980	0.00770	0.00237	0.00645	0.00799	0.00891	0.01248
31	0.00924	0.00660	0.00880	0.01056	0.01100	0.00616	0.00704	0.01056	0.01452	0.01936	0.04181	0.72848	0.05017	0.02376	0.00968	0.00308	0.00440	0.02156	0.00704	0.00616
32	0.01630	0.16384	0.51979	0.02042	0.03015	0.02016	0.05143	0.02355	0.01580	0.02267	0.01297	0.01553	0.00973	0.00730	0.00761	0.00231	0.04091	0.00551	0.00324	0.01078
33	0.02460	0.04136	0.02278	0.04156	0.02346	0.08333	0.07846	0.33593	0.02646	0.07782	0.01829	0.01980	0.01349	0.00872	0.00793	0.00223	0.03680	0.00685	0.11915	0.01096
34	0.75708	0.01460	0.01140	0.01011	0.01486	0.01678	0.00833	0.02288	0.01326	0.06016	0.01133	0.01286	0.00863	0.00713	0.00481	0.00235	0.00589	0.00425	0.00488	0.00840
35	0.01109	0.00822	0.01106	0.01105	0.01170	0.00920	0.00784	0.01256	0.01201	0.01679	0.02362	0.12288	0.02542	0.30034	0.32609	0.00868	0.06011	0.01077	0.00458	0.00599
36	0.01562	0.03830	0.01408	0.05215	0.01654	0.08024	0.00976	0.04127	0.03894	0.07814	0.26958	0.14671	0.06588	0.04964	0.00996	0.00274	0.00613	0.04938	0.00696	0.00798
37	0.01910	0.01178	0.01261	0.01083	0.01391	0.01242	0.00841	0.22051	0.02187	0.05899	0.02341	0.05180	0.01919	0.07617	0.00934	0.00251	0.00555	0.00789	0.40484	0.00888
38	0.03385	0.01320	0.01778	0.01363	0.01951	0.01158	0.01126	0.05866	0.02220	0.66899	0.02952	0.02555	0.01857	0.00938	0.00763	0.00234	0.00652	0.00760	0.00933	0.01291
39	0.02420	0.01682	0.01858	0.01554	0.02056	0.01847	0.01241	0.18758	0.39393	0.16399	0.02767	0.02541	0.01986	0.00983	0.00767	0.00246	0.00665	0.00797	0.00801	0.01239
40	0.01639	0.05304	0.33618	0.05879	0.03350	0.01934	0.22071	0.02296	0.01588	0.02280	0.01349	0.01755	0.01028	0.00786	0.01034	0.00257	0.11783	0.00680	0.00343	0.01028
41	0.00983	0.00784	0.00893	0.00931	0.01150	0.00694	0.00728	0.01222	0.01764	0.02200	0.13686	0.11116	0.44987	0.01939	0.00930	0.00276	0.00447	0.13894	0.00718	0.00659
42	0.12489	0.01055	0.01112	0.04632	0.01425	0.01163	0.00820	0.09353	0.01746	0.03014	0.02065	0.02402	0.01621	0.01040	0.03065	0.00237	0.03382	0.00663	0.47916	0.00802
43	0.01171	0.00856	0.01175	0.01158	0.01286	0.00958	0.00862	0.04662	0.01333	0.01872	0.02226	0.07670	0.02230	0.18671	0.49179	0.01014	0.01613	0.00947	0.00454	0.00662
44	0.01565	0.01342	0.01552	0.01132	0.01779	0.01041	0.00902	0.01984	0.04768	0.02491	0.01653	0.01833	0.03517	0.00632	0.00584	0.00124	0.00557	0.00509	0.00474	0.71562
45	0.01543	0.06873	0.66651	0.02125	0.03226	0.01814	0.02739	0.02397	0.01599	0.02376	0.01348	0.01585	0.00961	0.00718	0.00711	0.00237	0.01108	0.00554	0.00320	0.01115
46	0.00944	0.00674	0.00903	0.01079	0.01132	0.00633	0.00739	0.01090	0.01472	0.01958	0.04170	0.68567	0.04973	0.02358	0.00973	0.00311	0.00457	0.06242	0.00704	0.00622
47	0.01775	0.02154	0.08194	0.03138	0.03925	0.01909	0.62246	0.02428	0.01779	0.02428	0.01525	0.02021	0.01140	0.00644	0.00885	0.00255	0.01270	0.00876	0.00380	0.01029
48	0.01222	0.00873	0.01222	0.01397	0.01572	0.00873	0.01222	0.01572	0.01746	0.02270	0.04016	0.08556	0.04365	0.02095	0.01048	0.00349	0.00698	0.63506	0.00698	0.00698
49	0.01103	0.00735	0.00827	0.00827	0.00827	0.00735	0.00460	0.01103	0.01103	0.01471	0.02390	0.04964	0.02758	0.73343	0.03861	0.00735	0.00735	0.01103	0.00460	0.00460
50	0.01103	0.00735	0.00827	0.00827	0.00827	0.00735	0.00460	0.01103	0.01103	0.01471	0.02390	0.04964	0.02758	0.73343	0.03861	0.00735	0.00735	0.01103	0.00460	0.00460
51	0.03019	0.01340	0.01725	0.01374	0.01915	0.01254	0.01118	0.03682	0.15095	0.53688	0.05327	0.02741	0.02152	0.00978	0.00769	0.00239	0.00626	0.00803	0.00902	0.01253
52	0.02242	0.01550	0.01726	0.01498	0.01964	0.01706	0.01181	0.03952	0.52006	0.18617	0.03065	0.02772	0.02213	0.01008	0.00770	0.00252	0.00611	0.00835	0.00811	0.01222
53	0.02812	0.01999	0.02154	0.01662	0.02241	0.02195	0.01370	0.59344	0.03381	0.07372	0.01912	0.01917	0.01356	0.00910	0.00744	0.00225	0.00796	0.00688	0.05668	0.01253
54	0.01023	0.00802	0.00945	0.00992	0.01212	0.00724	0.00799	0.01288	0.01792	0.02256	0.14909	0.07469	0.39723	0.01925	0.00944	0.00283	0.00479	0.21045	0.00721	0.00669
55	0.00936	0.00665	0.00877	0.01041	0.01082	0.00624	0.00688	0.01059	0.01429	0.01905	0.04061	0.68327	0.04866	0.07102	0.01161	0.00337	0.00460	0.02086	0.00688	0.00606
56	0.01659	0.01659	0.02323	0.01991	0.01991	0.02323	0.01659	0.01825	0.01162	0.01825	0.00996	0.01659	0.00996	0.01328	0.02489	0.00332	0.71955	0.00664	0.00332	0.00830
57	0.01074	0.00775	0.01014	0.00954	0.01133	0.00716	0.00716	0.01431	0.02147	0.03042	0.68211	0.05666	0.07157	0.01551	0.00895	0.00239	0.00358	0.01372	0.00835	0.00716
58	0.01626	0.01614	0.02316	0.12256	0.02469	0.02229	0.01725	0.01842	0.01214	0.01842	0.01048	0.01713	0.00998	0.01244	0.02234	0.00320	0.61482	0.00665	0.00333	0.00832
59	0.00919	0.00682	0.00858	0.00999	0.01085	0.00621	0.00679	0.01063	0.01507	0.01959	0.04876	0.59828	0.17588	0.02286	0.00954	0.00298	0.00429	0.02046	0.00704	0.00621

[dist]
# distance from previous block
# <min> <max>
0	1

[block]
# block no. 3 follows, 26 sequences, length 9
# corresponding to MSA columns:
# 204-212
name=unknown_D
#
# <colnr> <probs for GDERKNQSTAVLIFYWHMCP>
#	G	D	E	R	K	N	Q	S	T	A	V	L	I	F	Y	W	H	M	C	P
0	0.01189	0.00862	0.01175	0.01332	0.01515	0.00849	0.01155	0.01521	0.01744	0.02247	0.04396	0.08426	0.10988	0.02077	0.01032	0.00340	0.00666	0.57094	0.00699	0.00692
1	0.01780	0.02016	0.04311	0.03104	0.03813	0.01949	0.60934	0.02383	0.01742	0.02383	0.01493	0.02016	0.01139	0.00692	0.01017	0.00262	0.06699	0.00877	0.00380	0.01008
2	0.01318	0.00659	0.00988	0.00988	0.00988	0.00659	0.00659	0.00988	0.00988	0.01318	0.01318	0.02306	0.01318	0.02635	0.02964	0.77931	0.00659	0.00659	0.00329	0.00329
3	0.01884	0.30774	0.21132	0.01612	0.02286	0.09806	0.01667	0.02542	0.09898	0.02175	0.01518	0.01705	0.01230	0.01028	0.04603	0.00260	0.00984	0.00549	0.03343	0.01005
4	0.02123	0.65492	0.03759	0.01376	0.01994	0.10967	0.01318	0.02361	0.01613	0.01793	0.01068	0.01235	0.00974	0.00665	0.00510	0.00166	0.00877	0.00415	0.00332	0.00962
5	0.05047	0.29505	0.25022	0.01870	0.02647	0.02168	0.12976	0.02272	0.01642	0.02270	0.06665	0.01847	0.01493	0.00746	0.00666	0.00213	0.00947	0.00620	0.00381	0.01003
6	0.02360	0.02388	0.01896	0.01648	0.02059	0.29499	0.01282	0.21241	0.07011	0.02818	0.02282	0.02422	0.08254	0.01574	0.09522	0.00345	0.01139	0.00728	0.00560	0.00973
7	0.02169	0.01519	0.01728	0.01489	0.01890	0.01624	0.01189	0.33846	0.06758	0.08222	0.02835	0.20938	0.02696	0.01429	0.00846	0.00264	0.00690	0.08071	0.00752	0.01045
8	0.01333	0.00833	0.01097	0.00998	0.01223	0.00760	0.00760	0.01683	0.02150	0.10398	0.60952	0.05323	0.06569	0.01483	0.00880	0.00238	0.00390	0.01304	0.00847	0.00780

[dist]
# distance from previous block
# <min> <max>
0	2

[block]
# block no. 4 follows, 26 sequences, length 82
# corresponding to MSA columns:
# 215-296
name=unknown_E
#
# <colnr> <probs for GDERKNQSTAVLIFYWHMCP>
#	G	D	E	R	K	N	Q	S	T	A	V	L	I	F	Y	W	H	M	C	P
0	0.01561	0.06241	0.48381	0.06189	0.03369	0.01790	0.13931	0.02320	0.01622	0.02336	0.01495	0.04631	0.01166	0.00774	0.00754	0.00243	0.01102	0.00686	0.00349	0.01061
1	0.01842	0.10836	0.03122	0.19128	0.14743	0.01923	0.19242	0.05043	0.06848	0.05104	0.01684	0.04147	0.01348	0.00782	0.00768	0.00238	0.00968	0.00764	0.00442	0.01028
2	0.03309	0.01342	0.01779	0.01375	0.01955	0.01203	0.01132	0.06289	0.05368	0.63297	0.02949	0.02562	0.01874	0.00942	0.00763	0.00235	0.00651	0.00764	0.00923	0.01286
3	0.01020	0.00739	0.00962	0.00978	0.01118	0.00682	0.00706	0.01301	0.01915	0.02658	0.45876	0.26545	0.09019	0.01822	0.00917	0.00261	0.00384	0.01624	0.00789	0.00682
4	0.02464	0.02780	0.02560	0.02215	0.05228	0.38580	0.12566	0.05464	0.06820	0.05165	0.01476	0.01712	0.01169	0.00834	0.00904	0.00227	0.07785	0.00630	0.00451	0.00971
5	0.01694	0.01687	0.02626	0.41483	0.26164	0.06527	0.04768	0.02165	0.01643	0.02133	0.01370	0.01929	0.01078	0.00727	0.00756	0.00240	0.01010	0.00671	0.00356	0.00973
6	0.01414	0.00707	0.00707	0.00707	0.00884	0.00707	0.00530	0.01767	0.01591	0.02828	0.02474	0.02828	0.01944	0.00884	0.00530	0.00177	0.00353	0.00707	0.77554	0.00707
7	0.02284	0.51449	0.03393	0.01507	0.02074	0.24432	0.01351	0.02513	0.01735	0.01807	0.01092	0.01265	0.00975	0.00691	0.00550	0.00173	0.00988	0.00432	0.00346	0.00943
8	0.01557	0.08210	0.33753	0.09613	0.02908	0.01692	0.05608	0.02157	0.01651	0.04643	0.10457	0.05174	0.02011	0.00948	0.00885	0.00246	0.06303	0.00769	0.00433	0.00982
9	0.01145	0.00799	0.00945	0.00907	0.01138	0.00702	0.00680	0.01406	0.01907	0.07127	0.31469	0.11465	0.34049	0.01739	0.00892	0.00252	0.00396	0.01494	0.00773	0.00714
10	0.01318	0.00659	0.00988	0.00988	0.00988	0.00659	0.00659	0.00988	0.00988	0.01318	0.01318	0.02306	0.01318	0.02635	0.02964	0.77931	0.00659	0.00659	0.00329	0.00329
11	0.01798	0.16631	0.41117	0.02170	0.05297	0.01974	0.11011	0.02469	0.01660	0.06954	0.01443	0.01668	0.01062	0.00710	0.00704	0.00227	0.01043	0.00595	0.00375	0.01094
12	0.02530	0.01869	0.02017	0.01620	0.02140	0.02069	0.01306	0.44525	0.17840	0.06568	0.02259	0.04650	0.01738	0.04188	0.00906	0.00260	0.00756	0.00795	0.00753	0.01210
13	0.00929	0.00755	0.00815	0.00847	0.01053	0.00653	0.00621	0.01116	0.01676	0.02052	0.09022	0.17244	0.51003	0.05045	0.01040	0.00288	0.00419	0.04090	0.00698	0.00634
14	0.07932	0.17566	0.21247	0.01683	0.02398	0.02013	0.04761	0.13181	0.01883	0.02725	0.01456	0.04433	0.01204	0.00807	0.00735	0.00213	0.04003	0.00608	0.00444	0.10709
15	0.01906	0.01437	0.01649	0.01304	0.01827	0.01335	0.01030	0.20939	0.02167	0.05774	0.02133	0.16194	0.01996	0.01050	0.00711	0.00192	0.00622	0.00879	0.00613	0.36242
16	0.01977	0.43040	0.14610	0.01677	0.02343	0.10853	0.06391	0.02353	0.01653	0.01991	0.03542	0.01535	0.01206	0.00732	0.00664	0.00195	0.03386	0.00522	0.00355	0.00976
17	0.01814	0.01778	0.02837	0.20940	0.49854	0.05078	0.02232	0.02266	0.01696	0.02315	0.01395	0.01888	0.01144	0.00701	0.00750	0.00231	0.00951	0.00666	0.00367	0.01098
18	0.01554	0.01464	0.02365	0.51971	0.07165	0.01741	0.06413	0.02348	0.12857	0.02207	0.01664	0.02157	0.01253	0.00793	0.00770	0.00253	0.00955	0.00721	0.00417	0.00931
19	0.04941	0.09165	0.13363	0.10012	0.07864	0.01811	0.26859	0.02313	0.01704	0.06072	0.04304	0.04998	0.01525	0.00797	0.00781	0.00241	0.01017	0.00801	0.00429	0.01003
20	0.07087	0.01823	0.03511	0.14693	0.06215	0.01914	0.39031	0.02244	0.01619	0.02331	0.01390	0.01925	0.01084	0.00761	0.01057	0.00263	0.10936	0.00783	0.00374	0.00958
21	0.01455	0.00747	0.00751	0.00736	0.00925	0.00753	0.00556	0.03576	0.01646	0.02883	0.02456	0.02800	0.01926	0.00884	0.00537	0.00178	0.00367	0.00706	0.75394	0.00723
22	0.01143	0.00900	0.01141	0.01110	0.01335	0.00803	0.00799	0.01343	0.01501	0.02125	0.05769	0.47195	0.03838	0.01790	0.00915	0.00251	0.03474	0.01583	0.00622	0.22361
23	0.78701	0.01467	0.01115	0.00997	0.01467	0.01702	0.00821	0.02230	0.01291	0.03403	0.01056	0.01232	0.00821	0.00704	0.00469	0.00235	0.00587	0.00411	0.00469	0.00821
24	0.00924	0.00660	0.00880	0.01056	0.01100	0.00616	0.00704	0.01056	0.01452	0.01936	0.04181	0.72848	0.05017	0.02376	0.00968	0.00308	0.00440	0.02156	0.00704	0.00616
25	0.00981	0.00687	0.00879	0.01010	0.01048	0.00656	0.00661	0.01087	0.01373	0.01829	0.03714	0.52998	0.04412	0.20614	0.01715	0.00419	0.00526	0.04171	0.00641	0.00579
26	0.01103	0.00735	0.00827	0.00827	0.00827	0.00735	0.00460	0.01103	0.01103	0.01471	0.02390	0.04964	0.02758	0.73343	0.03861	0.00735	0.00735	0.01103	0.00460	0.00460
27	0.01084	0.00813	0.01219	0.01219	0.01354	0.00948	0.00948	0.01354	0.01219	0.01761	0.02032	0.02980	0.01896	0.05689	0.70337	0.01219	0.02032	0.00813	0.00406	0.00677
28	0.02833	0.03615	0.02149	0.01954	0.02345	0.70298	0.01466	0.03029	0.02149	0.01856	0.01172	0.01368	0.00977	0.00782	0.00684	0.00195	0.01368	0.00489	0.00391	0.00879
29	0.01521	0.03923	0.69413	0.02162	0.03283	0.01762	0.02802	0.02402	0.01601	0.02402	0.01361	0.01601	0.00961	0.00721	0.00721	0.00240	0.01121	0.00560	0.00320	0.01121
30	0.00975	0.00697	0.00939	0.01115	0.01181	0.00660	0.00793	0.01145	0.01503	0.01994	0.04152	0.61782	0.04905	0.02328	0.00982	0.00315	0.00485	0.12716	0.00703	0.00630
31	0.00924	0.00660	0.00880	0.01056	0.01100	0.00616	0.00704	0.01056	0.01452	0.01936	0.04181	0.72848	0.05017	0.02376	0.00968	0.00308	0.00440	0.02156	0.00704	0.00616
32	0.01659	0.01659	0.02323	0.01991	0.01991	0.02323	0.01659	0.01825	0.01162	0.01825	0.00996	0.01659	0.00996	0.01328	0.02489	0.00332	0.71955	0.00664	0.00332	0.00830
33	0.00953	0.00757	0.00855	0.00859	0.01066	0.00660	0.00634	0.01187	0.01820	0.02332	0.25353	0.14789	0.42321	0.01866	0.00905	0.00257	0.00383	0.01600	0.00743	0.00660
34	0.01103	0.00735	0.00827	0.00827	0.00827	0.00735	0.00460	0.01103	0.01103	0.01471	0.02390	0.04964	0.02758	0.73343	0.03861	0.00735	0.00735	0.01103	0.00460	0.00460
35	0.01084	0.00813	0.01219	0.01219	0.01354	0.00948	0.00948	0.01354	0.01219	0.01761	0.02032	0.02980	0.01896	0.05689	0.70337	0.01219	0.02032	0.00813	0.00406	0.00677
36	0.05652	0.01187	0.01919	0.39095	0.03543	0.01362	0.06573	0.01750	0.01492	0.02090	0.02018	0.16900	0.01931	0.01185	0.00887	0.04006	0.00826	0.00989	0.05819	0.00774
37	0.00953	0.00676	0.00892	0.01054	0.01101	0.00638	0.00709	0.01085	0.01438	0.01915	0.04027	0.64232	0.04802	0.08127	0.01207	0.00345	0.00477	0.05030	0.00684	0.00607
38	0.01458	0.01378	0.02307	0.66224	0.07446	0.01715	0.02097	0.01948	0.01510	0.01953	0.01337	0.02002	0.01018	0.00778	0.00828	0.00255	0.03878	0.00674	0.00338	0.00855
39	0.00983	0.00799	0.00880	0.00914	0.01118	0.00725	0.00664	0.01304	0.06251	0.02151	0.09751	0.25309	0.42509	0.01966	0.00908	0.00270	0.00414	0.01692	0.00716	0.00677
40	0.01496	0.00786	0.00794	0.00765	0.00966	0.00799	0.00581	0.05350	0.01701	0.02937	0.02438	0.02772	0.01908	0.00885	0.00543	0.00180	0.00380	0.00706	0.73276	0.00739
41	0.02028	0.73799	0.03975	0.01298	0.01947	0.03001	0.01298	0.02271	0.01541	0.01785	0.01055	0.01217	0.00973	0.00649	0.00487	0.00162	0.00811	0.00406	0.00324	0.00973
42	0.01105	0.00839	0.01242	0.01230	0.01355	0.00988	0.00953	0.01361	0.01212	0.01751	0.02010	0.03015	0.01900	0.08334	0.65192	0.01168	0.04446	0.00819	0.00406	0.00674
43	0.01877	0.01802	0.03079	0.04656	0.68612	0.01802	0.02328	0.02328	0.01727	0.02478	0.01427	0.01877	0.01201	0.00676	0.00751	0.00225	0.00901	0.00676	0.00375	0.01201
44	0.08134	0.03465	0.02077	0.01887	0.02284	0.65506	0.01421	0.02973	0.02089	0.01964	0.01164	0.01358	0.00966	0.00776	0.00669	0.00198	0.01313	0.00483	0.00396	0.00875
45	0.03112	0.01266	0.01686	0.01313	0.01858	0.01117	0.01077	0.05952	0.02207	0.59040	0.07703	0.02969	0.05069	0.01022	0.00778	0.00236	0.00622	0.00838	0.00914	0.01223
46	0.09851	0.01432	0.02052	0.01623	0.02140	0.01404	0.12194	0.03087	0.14703	0.29610	0.08571	0.05532	0.02344	0.00996	0.00779	0.00246	0.00705	0.00882	0.00746	0.01102
47	0.01709	0.01953	0.07942	0.02568	0.06699	0.01821	0.32287	0.02198	0.01599	0.02309	0.01367	0.01836	0.01102	0.00780	0.01154	0.00243	0.16199	0.00728	0.00380	0.15125
48	0.01659	0.01659	0.02323	0.01991	0.01991	0.02323	0.01659	0.01825	0.01162	0.01825	0.00996	0.01659	0.00996	0.01328	0.02489	0.00332	0.71955	0.00664	0.00332	0.00830
49	0.01060	0.00770	0.00998	0.00950	0.01127	0.00708	0.00709	0.01401	0.02101	0.02954	0.63020	0.08380	0.09774	0.01599	0.00898	0.00242	0.00362	0.01413	0.00824	0.00708
50	0.01926	0.59799	0.17086	0.01471	0.02214	0.02753	0.01599	0.02297	0.01553	0.01908	0.01116	0.01294	0.00971	0.00663	0.00534	0.00178	0.00873	0.00437	0.00324	0.01003
51	0.01880	0.01930	0.02685	0.25431	0.38587	0.12045	0.02128	0.02310	0.01724	0.02214	0.01364	0.01847	0.01107	0.00718	0.00743	0.00230	0.01006	0.00647	0.00366	0.01039
52	0.00924	0.00660	0.00880	0.01056	0.01100	0.00616	0.00704	0.01056	0.01452	0.01936	0.04181	0.72848	0.05017	0.02376	0.00968	0.00308	0.00440	0.02156	0.00704	0.00616
53	0.02028	0.73799	0.03975	0.01298	0.01947	0.03001	0.01298	0.02271	0.01541	0.01785	0.01055	0.01217	0.00973	0.00649	0.00487	0.00162	0.00811	0.00406	0.00324	0.00973
54	0.03005	0.01565	0.02229	0.01696	0.02286	0.06073	0.12269	0.03353	0.02103	0.50660	0.04878	0.02512	0.01873	0.00898	0.00785	0.00236	0.00795	0.00788	0.00801	0.01196
55	0.03307	0.01270	0.01729	0.01333	0.01903	0.01098	0.01098	0.03603	0.02170	0.66402	0.05691	0.02709	0.02096	0.00964	0.00768	0.00235	0.00634	0.00788	0.00935	0.01267
56	0.01191	0.00859	0.01179	0.01324	0.01503	0.00846	0.01142	0.01532	0.01780	0.02324	0.09781	0.08236	0.08169	0.02038	0.01026	0.00334	0.00651	0.54675	0.00711	0.00697
57	0.02042	0.02114	0.02919	0.04191	0.57206	0.13592	0.02179	0.02449	0.01800	0.02371	0.01383	0.01790	0.01163	0.00694	0.00739	0.00220	0.00981	0.00644	0.00378	0.01146
58	0.02995	0.01370	0.01864	0.01443	0.01985	0.01268	0.04695	0.09163	0.04851	0.50399	0.02753	0.02645	0.01856	0.05305	0.00950	0.00264	0.00692	0.00785	0.03515	0.01202
59	0.01937	0.61345	0.03636	0.01382	0.01921	0.02820	0.01324	0.02165	0.01487	0.01796	0.01165	0.03986	0.01129	0.00805	0.00774	0.00191	0.10351	0.00506	0.00340	0.00941
