[name]
unknown

[dist]
# distance from previous block
# <min> <max>
0	28

[block]
# block no. 0 follows, 30 sequences, length 94
# corresponding to MSA columns:
# 28-121
name=unknown_A
#
# <colnr> <probs for GDERKNQSTAVLIFYWHMCP>
#	G	D	E	R	K	N	Q	S	T	A	V	L	I	F	Y	W	H	M	C	P
0	0.01124	0.00803	0.01124	0.01285	0.01446	0.00803	0.01124	0.01446	0.01606	0.02088	0.03695	0.07871	0.04016	0.01928	0.00964	0.00321	0.00643	0.66426	0.00643	0.00643
1	0.03131	0.01188	0.01619	0.01242	0.01781	0.01026	0.01026	0.03401	0.01997	0.71606	0.02753	0.02375	0.01727	0.00864	0.00702	0.00216	0.00594	0.00702	0.00864	0.01188
2	0.01088	0.00736	0.00965	0.00895	0.01077	0.00676	0.00676	0.01415	0.01976	0.06027	0.67563	0.05079	0.06356	0.01400	0.00817	0.00219	0.00342	0.01236	0.00773	0.00683
3	0.01318	0.01240	0.02093	0.73798	0.04806	0.01550	0.01938	0.01783	0.01395	0.01783	0.01240	0.01860	0.00930	0.00698	0.00698	0.00233	0.00930	0.00620	0.00310	0.00775
4	0.03038	0.01191	0.01610	0.01230	0.01774	0.01020	0.01015	0.03310	0.01967	0.67771	0.02669	0.02324	0.01689	0.00845	0.00692	0.00210	0.00590	0.00686	0.00839	0.05532
5	0.01785	0.01523	0.01605	0.01430	0.01833	0.01759	0.01116	0.07182	0.66309	0.02998	0.02778	0.02554	0.02080	0.00941	0.00709	0.00235	0.00564	0.00780	0.00709	0.01109
6	0.01084	0.00768	0.00980	0.00943	0.01125	0.00727	0.00715	0.01478	0.05639	0.04750	0.52517	0.10896	0.08892	0.01490	0.00827	0.00232	0.00375	0.05129	0.00745	0.00688
7	0.02233	0.01697	0.01809	0.01452	0.01925	0.01873	0.01172	0.46647	0.16562	0.03746	0.02435	0.02445	0.07921	0.03818	0.00822	0.00235	0.00682	0.00754	0.00685	0.01085
8	0.01318	0.01240	0.02093	0.73798	0.04806	0.01550	0.01938	0.01783	0.01395	0.01783	0.01240	0.01860	0.00930	0.00698	0.00698	0.00233	0.00930	0.00620	0.00310	0.00775
9	0.01014	0.00679	0.00775	0.00775	0.00780	0.00684	0.00440	0.01024	0.01019	0.01363	0.02186	0.04496	0.02507	0.72773	0.06213	0.00694	0.00722	0.01005	0.00421	0.00431
10	0.01447	0.01240	0.01447	0.01034	0.01654	0.00930	0.00827	0.01757	0.01447	0.02274	0.01240	0.01447	0.01034	0.00517	0.00517	0.00103	0.00517	0.00413	0.00413	0.79742
11	0.09748	0.00981	0.01029	0.00966	0.01251	0.00976	0.00767	0.10771	0.03603	0.02488	0.09743	0.07459	0.36756	0.01502	0.00780	0.00241	0.00472	0.09109	0.00642	0.00715
12	0.01946	0.68009	0.03474	0.01260	0.01831	0.10359	0.01211	0.02165	0.01479	0.01649	0.00982	0.01135	0.00896	0.00610	0.00467	0.00153	0.00802	0.00381	0.00305	0.00886
13	0.01915	0.01474	0.01868	0.04218	0.02067	0.04651	0.08500	0.11573	0.08712	0.12802	0.05786	0.04647	0.01707	0.00792	0.00666	0.00184	0.00675	0.00684	0.00565	0.26513
14	0.07022	0.61764	0.08029	0.01204	0.01800	0.02482	0.01224	0.02035	0.01416	0.01794	0.01327	0.01454	0.04754	0.00670	0.00482	0.00163	0.00730	0.00444	0.00326	0.00879
15	0.02910	0.01504	0.09286	0.01348	0.01942	0.01169	0.01215	0.07789	0.02029	0.59421	0.02515	0.02229	0.01598	0.00840	0.00697	0.00216	0.00653	0.00676	0.00790	0.01171
16	0.01413	0.01481	0.02940	0.09470	0.02964	0.01494	0.39383	0.01837	0.01493	0.02029	0.01927	0.19243	0.01878	0.01039	0.00966	0.00253	0.07898	0.01059	0.00414	0.00819
17	0.01407	0.06247	0.66735	0.01934	0.02917	0.01634	0.02474	0.02178	0.01476	0.02184	0.01329	0.01690	0.00997	0.00706	0.00666	0.00222	0.01007	0.02879	0.00307	0.01012
18	0.11725	0.04638	0.13768	0.01449	0.02047	0.07562	0.01351	0.15066	0.03813	0.28947	0.01883	0.01811	0.01279	0.00779	0.00648	0.00211	0.00755	0.00587	0.00618	0.01065
19	0.02543	0.01848	0.01977	0.01528	0.02054	0.02041	0.01258	0.63327	0.03133	0.04252	0.01724	0.01751	0.01236	0.00836	0.00681	0.00206	0.00732	0.00630	0.07101	0.01143
20	0.80405	0.01350	0.01026	0.00918	0.01350	0.01565	0.00756	0.02051	0.01188	0.03131	0.00972	0.01134	0.00756	0.00648	0.00432	0.00216	0.00540	0.00378	0.00432	0.00756
21	0.00863	0.00634	0.00810	0.00923	0.01006	0.00581	0.00633	0.01017	0.01448	0.01918	0.12341	0.57077	0.14112	0.02036	0.00873	0.00269	0.00389	0.01826	0.00662	0.00581
22	0.01359	0.01147	0.01353	0.01024	0.01559	0.00877	0.00801	0.01642	0.01431	0.02201	0.01624	0.12274	0.01561	0.00762	0.00572	0.00130	0.00500	0.00645	0.00448	0.68090
23	0.01212	0.00606	0.00909	0.00909	0.00909	0.00606	0.00606	0.00909	0.00909	0.01212	0.01212	0.02121	0.01212	0.02424	0.02727	0.79697	0.00606	0.00606	0.00303	0.00303
24	0.80405	0.01350	0.01026	0.00918	0.01350	0.01565	0.00756	0.02051	0.01188	0.03131	0.00972	0.01134	0.00756	0.00648	0.00432	0.00216	0.00540	0.00378	0.00432	0.00756
25	0.00936	0.00691	0.00875	0.00871	0.01022	0.00630	0.00637	0.01202	0.01791	0.02461	0.48046	0.19289	0.15708	0.01628	0.00837	0.00235	0.00348	0.01436	0.00726	0.00630
26	0.01865	0.01526	0.01623	0.01429	0.01843	0.01746	0.01121	0.09244	0.61678	0.05585	0.02738	0.02516	0.02035	0.00934	0.00709	0.00234	0.00572	0.00772	0.00715	0.01115
27	0.00964	0.00701	0.00908	0.00881	0.01034	0.00645	0.00651	0.01262	0.01883	0.02637	0.59996	0.13390	0.09371	0.01531	0.00831	0.00228	0.00339	0.01356	0.00749	0.00645
28	0.01890	0.01576	0.01665	0.01451	0.01874	0.01808	0.01142	0.14688	0.58631	0.03169	0.02644	0.02447	0.01971	0.00928	0.00708	0.00232	0.00589	0.00762	0.00708	0.01118
29	0.01447	0.01240	0.01447	0.01034	0.01654	0.00930	0.00827	0.01757	0.01447	0.02274	0.01240	0.01447	0.01034	0.00517	0.00517	0.00103	0.00517	0.00413	0.00413	0.79742
30	0.01015	0.00677	0.00761	0.00761	0.00761	0.00677	0.00423	0.01015	0.01015	0.01353	0.02199	0.04567	0.02537	0.75476	0.03552	0.00677	0.00677	0.01015	0.00423	0.00423
31	0.03065	0.01294	0.01685	0.01292	0.01834	0.01184	0.01067	0.12476	0.02175	0.62279	0.02603	0.02278	0.01652	0.00860	0.00701	0.00215	0.00618	0.00692	0.00841	0.01187
32	0.05182	0.01419	0.01706	0.05203	0.02000	0.01449	0.01133	0.18754	0.13696	0.33884	0.04235	0.02229	0.01706	0.00860	0.00691	0.00215	0.00634	0.00690	0.00737	0.03574
33	0.01853	0.01634	0.02725	0.03990	0.64184	0.01630	0.02039	0.04273	0.01669	0.07168	0.01424	0.01771	0.01151	0.00645	0.00692	0.00208	0.00811	0.00628	0.00392	0.01114
34	0.01866	0.75896	0.03657	0.01194	0.01791	0.02761	0.01194	0.02090	0.01418	0.01642	0.00970	0.01119	0.00896	0.00597	0.00448	0.00149	0.00746	0.00373	0.00299	0.00896
35	0.01400	0.03610	0.71860	0.01989	0.03020	0.01621	0.02578	0.02210	0.01473	0.02210	0.01252	0.01473	0.00884	0.00663	0.00663	0.00221	0.01031	0.00516	0.00295	0.01031
36	0.02581	0.03232	0.01968	0.01781	0.02147	0.68563	0.01340	0.04625	0.04097	0.01819	0.01149	0.01311	0.00945	0.00729	0.00634	0.00182	0.01223	0.00465	0.00380	0.00828
37	0.68376	0.05675	0.03275	0.01025	0.01478	0.06581	0.00874	0.02109	0.01264	0.02923	0.00987	0.01151	0.00777	0.00650	0.00453	0.00210	0.00615	0.00387	0.00415	0.00775
38	0.01812	0.02032	0.02260	0.10565	0.02584	0.26799	0.18908	0.02140	0.01743	0.04028	0.04435	0.02731	0.15084	0.00916	0.00735	0.00214	0.00970	0.00804	0.00436	0.00803
39	0.13047	0.01376	0.01548	0.01172	0.01736	0.01270	0.00956	0.14618	0.01878	0.18822	0.01634	0.01660	0.01184	0.00675	0.00581	0.00165	0.00584	0.00515	0.00573	0.36008
40	0.01447	0.01240	0.01447	0.01034	0.01654	0.00930	0.00827	0.01757	0.01447	0.02274	0.01240	0.01447	0.01034	0.00517	0.00517	0.00103	0.00517	0.00413	0.00413	0.79742
41	0.01851	0.00978	0.01260	0.01073	0.01393	0.00913	0.00842	0.06772	0.03853	0.26457	0.37241	0.07649	0.04319	0.01220	0.00773	0.00221	0.00460	0.01052	0.00788	0.00884
42	0.01012	0.00748	0.01109	0.01117	0.01245	0.00862	0.00875	0.01267	0.01157	0.01672	0.01978	0.03011	0.01867	0.04934	0.66866	0.01052	0.01761	0.04250	0.02592	0.00625
43	0.80405	0.01350	0.01026	0.00918	0.01350	0.01565	0.00756	0.02051	0.01188	0.03131	0.00972	0.01134	0.00756	0.00648	0.00432	0.00216	0.00540	0.00378	0.00432	0.00756
44	0.02653	0.01955	0.02094	0.01606	0.02164	0.02164	0.01326	0.68796	0.03281	0.04398	0.01675	0.01675	0.01187	0.00838	0.00698	0.00209	0.00768	0.00628	0.00698	0.01187
45	0.22398	0.41384	0.07449	0.01261	0.01812	0.12099	0.01197	0.02185	0.01440	0.02078	0.01005	0.01167	0.00859	0.00632	0.00484	0.00176	0.00783	0.00395	0.00341	0.00856
46	0.76415	0.01341	0.01056	0.00934	0.01372	0.01538	0.00770	0.02121	0.01229	0.06667	0.01064	0.01198	0.00806	0.00659	0.00446	0.00216	0.00543	0.00395	0.00454	0.00778
47	0.04629	0.18929	0.12482	0.01739	0.02082	0.02163	0.05610	0.01897	0.01246	0.01836	0.01008	0.01432	0.00909	0.00938	0.01475	0.00250	0.39675	0.00546	0.00310	0.00842
48	0.01029	0.00920	0.03652	0.01074	0.01197	0.04513	0.00791	0.03249	0.01454	0.01889	0.03645	0.61416	0.06597	0.01984	0.00862	0.00273	0.00491	0.03726	0.00620	0.00620
49	0.00849	0.00611	0.00806	0.00962	0.01010	0.00568	0.00643	0.00973	0.01346	0.01785	0.03968	0.72433	0.07124	0.02170	0.00888	0.00282	0.00403	0.01964	0.00648	0.00568
50	0.01447	0.01240	0.01447	0.01034	0.01654	0.00930	0.00827	0.01757	0.01447	0.02274	0.01240	0.01447	0.01034	0.00517	0.00517	0.00103	0.00517	0.00413	0.00413	0.79742
51	0.01318	0.01240	0.02093	0.73798	0.04806	0.01550	0.01938	0.01783	0.01395	0.01783	0.01240	0.01860	0.00930	0.00698	0.00698	0.00233	0.00930	0.00620	0.00310	0.00775
52	0.01301	0.00650	0.00650	0.00650	0.00813	0.00650	0.00488	0.01626	0.01463	0.02602	0.02276	0.02602	0.01789	0.00813	0.00488	0.00163	0.00325	0.00650	0.79350	0.00650
53	0.01400	0.03610	0.71860	0.01989	0.03020	0.01621	0.02578	0.02210	0.01473	0.02210	0.01252	0.01473	0.00884	0.00663	0.00663	0.00221	0.01031	0.00516	0.00295	0.01031
54	0.02551	0.03233	0.01986	0.01800	0.02141	0.69032	0.01358	0.02729	0.01931	0.01706	0.01070	0.01272	0.00900	0.00745	0.00715	0.00186	0.05025	0.00458	0.00357	0.00807
55	0.01301	0.00650	0.00650	0.00650	0.00813	0.00650	0.00488	0.01626	0.01463	0.02602	0.02276	0.02602	0.01789	0.00813	0.00488	0.00163	0.00325	0.00650	0.79350	0.00650
56	0.01139	0.00654	0.00981	0.00981	0.01024	0.00697	0.00697	0.01024	0.00981	0.01351	0.01436	0.02332	0.01393	0.03381	0.26552	0.52947	0.01036	0.00654	0.00327	0.00412
57	0.08104	0.01198	0.01581	0.01221	0.01754	0.01060	0.01008	0.03314	0.01945	0.67199	0.02638	0.02295	0.01665	0.00850	0.00684	0.00216	0.00590	0.00681	0.00836	0.01160
58	0.00997	0.00748	0.01121	0.01121	0.01246	0.00872	0.00872	0.01246	0.01121	0.01620	0.01869	0.02741	0.01745	0.05234	0.72710	0.01121	0.01869	0.00748	0.00374	0.00623
59	0.01009	0.00700	0.00882	0.00882	0.00923	0.00742	0.00573	0.01092	0.01050	0.01442	0.02089	0.03957	0.02272	0.52006	0.26660	0.00825	0.01075	0.00926	0.00406	0.00490
60	0.02607	0.03326	0.01978	0.01798	0.02157	0.72674	0.01348	0.02787	0.01978	0.01708	0.01079	0.01258	0.00899	0.00719	0.00629	0.00180	0.01258	0.00449	0.00360	0.00809
61	0.01832	0.01547	0.01632	0.01440	0.01851	0.01781	0.01128	0.10543	0.62871	0.03074	0.02718	0.02506	0.02031	0.00935	0.00709	0.00234	0.00575	0.00772	0.00709	0.01113
62	0.00997	0.00748	0.01121	0.01121	0.01246	0.00872	0.00872	0.01246	0.01121	0.01620	0.01869	0.02741	0.01745	0.05234	0.72710	0.01121	0.01869	0.00748	0.00374	0.00623
63	0.01301	0.00650	0.00650	0.00650	0.00813	0.00650	0.00488	0.01626	0.01463	0.02602	0.02276	0.02602	0.01789	0.00813	0.00488	0.00163	0.00325	0.00650	0.79350	0.00650
64	0.01457	0.12522	0.63451	0.01891	0.02869	0.01761	0.02408	0.02195	0.01466	0.02140	0.01218	0.01430	0.00885	0.00655	0.00636	0.00212	0.00996	0.00498	0.00295	0.01015
65	0.01086	0.00984	0.01788	0.01554	0.01791	0.00921	0.20734	0.01345	0.01428	0.01916	0.03126	0.53397	0.03564	0.01714	0.00871	0.00269	0.00633	0.01641	0.00561	0.00677
66	0.01644	0.41471	0.36137	0.01573	0.02376	0.02218	0.01853	0.02147	0.01444	0.01912	0.01105	0.01288	0.00890	0.00628	0.00550	0.00183	0.00882	0.00441	0.00297	0.00960
67	0.01641	0.01864	0.04015	0.02884	0.03553	0.01784	0.65125	0.02207	0.01617	0.02207	0.01386	0.01864	0.01051	0.00621	0.00899	0.00239	0.04947	0.00813	0.00350	0.00932
68	0.01212	0.00606	0.00909	0.00909	0.00909	0.00606	0.00606	0.00909	0.00909	0.01212	0.01212	0.02121	0.01212	0.02424	0.02727	0.79697	0.00606	0.00606	0.00303	0.00303
69	0.03029	0.01351	0.01721	0.01319	0.01863	0.01269	0.01090	0.17361	0.02271	0.57258	0.02523	0.02226	0.01612	0.00858	0.00701	0.00215	0.00631	0.00686	0.00828	0.01187
70	0.01212	0.00606	0.00909	0.00909	0.00909	0.00606	0.00606	0.00909	0.00909	0.01212	0.01212	0.02121	0.01212	0.02424	0.02727	0.79697	0.00606	0.00606	0.00303	0.00303
71	0.02137	0.06247	0.01886	0.01550	0.01967	0.24107	0.01215	0.11885	0.36024	0.02663	0.02031	0.01977	0.01552	0.00842	0.00669	0.00210	0.00813	0.00638	0.00576	0.01011
72	0.01301	0.00650	0.00650	0.00650	0.00813	0.00650	0.00488	0.01626	0.01463	0.02602	0.02276	0.02602	0.01789	0.00813	0.00488	0.00163	0.00325	0.00650	0.79350	0.00650
73	0.02805	0.01711	0.01943	0.01490	0.02042	0.01802	0.01231	0.47992	0.02873	0.25778	0.02018	0.01898	0.01359	0.00846	0.00699	0.00211	0.00713	0.00652	0.00751	0.01187
74	0.00850	0.00607	0.00810	0.00972	0.01012	0.00567	0.00648	0.00972	0.01336	0.01781	0.03846	0.75020	0.04615	0.02186	0.00891	0.00283	0.00405	0.01984	0.00648	0.00567
75	0.01301	0.00650	0.00650	0.00650	0.00813	0.00650	0.00488	0.01626	0.01463	0.02602	0.02276	0.02602	0.01789	0.00813	0.00488	0.00163	0.00325	0.00650	0.79350	0.00650
76	0.80405	0.01350	0.01026	0.00918	0.01350	0.01565	0.00756	0.02051	0.01188	0.03131	0.00972	0.01134	0.00756	0.00648	0.00432	0.00216	0.00540	0.00378	0.00432	0.00756
77	0.01938	0.01880	0.01674	0.01502	0.01894	0.15993	0.01160	0.05484	0.54224	0.02720	0.02451	0.02305	0.01855	0.00898	0.00693	0.00224	0.00701	0.00716	0.00639	0.01048
78	0.00939	0.00699	0.00895	0.01001	0.01099	0.00656	0.00685	0.01175	0.05134	0.01877	0.03616	0.66101	0.04239	0.02006	0.00856	0.00269	0.00420	0.01813	0.00636	0.05885
79	0.02543	0.03229	0.02120	0.01874	0.02257	0.67938	0.05840	0.02750	0.01955	0.01743	0.01101	0.01300	0.00910	0.00710	0.00642	0.00183	0.01253	0.00474	0.00359	0.00818
80	0.80405	0.01350	0.01026	0.00918	0.01350	0.01565	0.00756	0.02051	0.01188	0.03131	0.00972	0.01134	0.00756	0.00648	0.00432	0.00216	0.00540	0.00378	0.00432	0.00756
81	0.00850	0.00607	0.00810	0.00972	0.01012	0.00567	0.00648	0.00972	0.01336	0.01781	0.03846	0.75020	0.04615	0.02186	0.00891	0.00283	0.00405	0.01984	0.00648	0.00567
82	0.02372	0.05287	0.02035	0.01490	0.02047	0.01983	0.01232	0.51033	0.08140	0.03851	0.01671	0.01689	0.01225	0.00789	0.00661	0.00194	0.00714	0.00598	0.00640	0.12348
83	0.02635	0.01892	0.02045	0.01577	0.02127	0.02083	0.01300	0.62251	0.06337	0.07915	0.01788	0.01756	0.01260	0.00844	0.00699	0.00211	0.00748	0.00640	0.00707	0.01183
84	0.01646	0.21939	0.22043	0.06244	0.06317	0.02020	0.16950	0.04356	0.01523	0.02069	0.01199	0.01519	0.00954	0.00686	0.00796	0.00212	0.07683	0.00572	0.00327	0.00944
85	0.02811	0.01335	0.01661	0.01298	0.01808	0.01286	0.01064	0.16649	0.07103	0.48696	0.04435	0.02336	0.01785	0.00878	0.00698	0.00214	0.00610	0.00707	0.03476	0.01148
86	0.00857	0.00708	0.00752	0.00741	0.00962	0.00603	0.00556	0.01064	0.01667	0.02065	0.19644	0.06419	0.58152	0.01700	0.00824	0.00232	0.00349	0.01431	0.00672	0.00603
87	0.02575	0.04308	0.08553	0.01387	0.01941	0.01378	0.01240	0.12367	0.09979	0.40983	0.02452	0.02473	0.01712	0.00899	0.00704	0.00221	0.00664	0.04307	0.00734	0.01122
88	0.01354	0.01277	0.02158	0.67733	0.10593	0.01560	0.01956	0.01814	0.01412	0.01826	0.01247	0.01849	0.00946	0.00691	0.00697	0.00230	0.00921	0.00620	0.00313	0.00804
89	0.00998	0.00744	0.01103	0.01103	0.01221	0.00862	0.00849	0.01234	0.01116	0.01606	0.01886	0.02836	0.01785	0.08861	0.69139	0.01099	0.01808	0.00761	0.00376	0.00613
90	0.02653	0.01955	0.02094	0.01606	0.02164	0.02164	0.01326	0.68796	0.03281	0.04398	0.01675	0.01675	0.01187	0.00838	0.00698	0.00209	0.00768	0.00628	0.00698	0.01187
91	0.01523	0.01562	0.01986	0.15654	0.02476	0.12832	0.09876	0.03943	0.01493	0.01888	0.01865	0.20265	0.01906	0.01314	0.03284	0.00279	0.15709	0.00967	0.00423	0.00755
92	0.01488	0.01265	0.01469	0.01053	0.01671	0.00972	0.00844	0.04029	0.01509	0.02346	0.01255	0.01455	0.01039	0.00528	0.00523	0.00107	0.00525	0.00421	0.00423	0.77079
93	0.01544	0.02390	0.26139	0.02429	0.03117	0.01783	0.34862	0.02128	0.01487	0.02128	0.01271	0.01684	0.00976	0.00726	0.01031	0.00243	0.14113	0.00684	0.00325	0.00939

[dist]
# distance from previous block
# <min> <max>
0	1

[block]
# block no. 1 follows, 30 sequences, length 17
# corresponding to MSA columns:
# 123-139
name=unknown_B
#
# <colnr> <probs for GDERKNQSTAVLIFYWHMCP>
#	G	D	E	R	K	N	Q	S	T	A	V	L	I	F	Y	W	H	M	C	P
0	0.02542	0.01894	0.02034	0.01566	0.02119	0.02076	0.01288	0.61945	0.06509	0.04210	0.01710	0.01710	0.01226	0.00826	0.00689	0.00205	0.00744	0.00625	0.00683	0.05400
1	0.01384	0.00760	0.00786	0.00741	0.00954	0.00747	0.00567	0.05623	0.01614	0.05464	0.03002	0.03174	0.12439	0.00964	0.00561	0.00179	0.00367	0.00779	0.59201	0.00695
2	0.02031	0.01222	0.01507	0.01106	0.01698	0.00963	0.00896	0.02327	0.01638	0.26314	0.01765	0.01769	0.01274	0.00637	0.00581	0.00142	0.00543	0.00513	0.00570	0.52504
3	0.01400	0.03610	0.71860	0.01989	0.03020	0.01621	0.02578	0.02210	0.01473	0.02210	0.01252	0.01473	0.00884	0.00663	0.00663	0.00221	0.01031	0.00516	0.00295	0.01031
4	0.01594	0.01602	0.01391	0.01432	0.01658	0.23025	0.01167	0.01932	0.04643	0.01990	0.02858	0.09207	0.03004	0.01526	0.00846	0.00272	0.00816	0.39768	0.00558	0.00710
5	0.01362	0.01050	0.01317	0.01402	0.04973	0.01091	0.01095	0.09180	0.11562	0.02457	0.05618	0.09548	0.10177	0.01584	0.00862	0.00277	0.00601	0.34414	0.00648	0.00783
6	0.02653	0.01955	0.02094	0.01606	0.02164	0.02164	0.01326	0.68796	0.03281	0.04398	0.01675	0.01675	0.01187	0.00838	0.00698	0.00209	0.00768	0.00628	0.00698	0.01187
7	0.02653	0.01955	0.02094	0.01606	0.02164	0.02164	0.01326	0.68796	0.03281	0.04398	0.01675	0.01675	0.01187	0.00838	0.00698	0.00209	0.00768	0.00628	0.00698	0.01187
8	0.01015	0.00677	0.00761	0.00761	0.00761	0.00677	0.00423	0.01015	0.01015	0.01353	0.02199	0.04567	0.02537	0.75476	0.03552	0.00677	0.00677	0.01015	0.00423	0.00423
9	0.00863	0.00708	0.00760	0.00747	0.00966	0.00605	0.00560	0.01076	0.01681	0.02100	0.22034	0.06363	0.55741	0.01687	0.00824	0.00232	0.00348	0.01423	0.00676	0.00605
10	0.01866	0.75896	0.03657	0.01194	0.01791	0.02761	0.01194	0.02090	0.01418	0.01642	0.00970	0.01119	0.00896	0.00597	0.00448	0.00149	0.00746	0.00373	0.00299	0.00896
11	0.00850	0.00607	0.00810	0.00972	0.01012	0.00567	0.00648	0.00972	0.01336	0.01781	0.03846	0.75020	0.04615	0.02186	0.00891	0.00283	0.00405	0.01984	0.00648	0.00567
12	0.01431	0.06783	0.65951	0.01993	0.02991	0.01678	0.05290	0.02206	0.01478	0.02186	0.01246	0.01475	0.00892	0.00657	0.00660	0.00218	0.01025	0.00522	0.00297	0.01021
13	0.00886	0.00631	0.00840	0.00995	0.01046	0.00596	0.00687	0.01022	0.01350	0.01794	0.03758	0.64985	0.04462	0.05391	0.01016	0.00305	0.00441	0.08591	0.00637	0.00568
14	0.01515	0.01281	0.01484	0.01066	0.01683	0.01000	0.00855	0.05548	0.01551	0.02394	0.01265	0.01460	0.01042	0.00535	0.00527	0.00109	0.00531	0.00426	0.00430	0.75300
15	0.01220	0.02842	0.01103	0.01064	0.01256	0.00845	0.00803	0.04125	0.05848	0.06712	0.08711	0.38584	0.09384	0.01743	0.00834	0.00260	0.00476	0.10109	0.00659	0.03425
16	0.04286	0.20217	0.44084	0.01835	0.02688	0.01904	0.08534	0.02238	0.04163	0.02139	0.01255	0.01463	0.00948	0.00651	0.00622	0.00206	0.00943	0.00518	0.00322	0.00984

[dist]
# distance from previous block
# <min> <max>
2	5

[block]
# block no. 2 follows, 30 sequences, length 35
# corresponding to MSA columns:
# 145-179
name=unknown_C
#
# <colnr> <probs for GDERKNQSTAVLIFYWHMCP>
#	G	D	E	R	K	N	Q	S	T	A	V	L	I	F	Y	W	H	M	C	P
0	0.01592	0.03341	0.64073	0.01906	0.02883	0.01555	0.02406	0.02342	0.01531	0.09903	0.01419	0.01573	0.00977	0.00685	0.00667	0.00220	0.00983	0.00536	0.00358	0.01049
1	0.01913	0.04236	0.13851	0.01363	0.01857	0.01186	0.01300	0.05235	0.05682	0.23806	0.04787	0.05738	0.04738	0.01157	0.00757	0.00240	0.00669	0.16942	0.00639	0.03905
2	0.01202	0.00906	0.01167	0.01261	0.01452	0.00943	0.01053	0.01803	0.14038	0.02234	0.06073	0.13897	0.03832	0.01757	0.00905	0.00298	0.00589	0.45210	0.00660	0.00719
3	0.01562	0.01896	0.08853	0.02651	0.03285	0.01692	0.54115	0.02104	0.01572	0.02163	0.01544	0.07164	0.01295	0.00753	0.00916	0.00242	0.06048	0.00871	0.00367	0.00909
4	0.02980	0.01218	0.01622	0.01238	0.01784	0.01057	0.01020	0.05526	0.01998	0.63745	0.02595	0.02277	0.01653	0.00835	0.00687	0.00207	0.00594	0.00676	0.00822	0.07466
5	0.01315	0.01157	0.01889	0.63473	0.04243	0.01423	0.01733	0.01761	0.01405	0.01899	0.01387	0.01965	0.01051	0.00714	0.00668	0.00223	0.00845	0.00624	0.11467	0.00758
6	0.01447	0.01240	0.01447	0.01034	0.01654	0.00930	0.00827	0.01757	0.01447	0.02274	0.01240	0.01447	0.01034	0.00517	0.00517	0.00103	0.00517	0.00413	0.00413	0.79742
7	0.00988	0.00713	0.00933	0.00878	0.01043	0.00658	0.00658	0.01317	0.01975	0.02798	0.70754	0.05213	0.06584	0.01427	0.00823	0.00219	0.00329	0.01262	0.00768	0.00658
8	0.00997	0.00748	0.01121	0.01121	0.01246	0.00872	0.00872	0.01246	0.01121	0.01620	0.01869	0.02741	0.01745	0.05234	0.72710	0.01121	0.01869	0.00748	0.00374	0.00623
9	0.00988	0.00713	0.00933	0.00878	0.01043	0.00658	0.00658	0.01317	0.01975	0.02798	0.70754	0.05213	0.06584	0.01427	0.00823	0.00219	0.00329	0.01262	0.00768	0.00658
10	0.03131	0.01188	0.01619	0.01242	0.01781	0.01026	0.01026	0.03401	0.01997	0.71606	0.02753	0.02375	0.01727	0.00864	0.00702	0.00216	0.00594	0.00702	0.00864	0.01188
11	0.03131	0.01188	0.01619	0.01242	0.01781	0.01026	0.01026	0.03401	0.01997	0.71606	0.02753	0.02375	0.01727	0.00864	0.00702	0.00216	0.00594	0.00702	0.00864	0.01188
12	0.00921	0.00711	0.00841	0.00808	0.01002	0.00630	0.00606	0.01188	0.01819	0.02427	0.44829	0.05825	0.32742	0.01565	0.00824	0.00226	0.00339	0.01348	0.00719	0.00630
13	0.01866	0.75896	0.03657	0.01194	0.01791	0.02761	0.01194	0.02090	0.01418	0.01642	0.00970	0.01119	0.00896	0.00597	0.00448	0.00149	0.00746	0.00373	0.00299	0.00896
14	0.00847	0.00620	0.00796	0.00937	0.01003	0.00570	0.00632	0.00976	0.01369	0.01795	0.04266	0.66116	0.13249	0.02132	0.00882	0.00277	0.00398	0.01917	0.00648	0.00570
15	0.02744	0.01808	0.02004	0.01536	0.02091	0.01947	0.01269	0.56300	0.03036	0.17240	0.01881	0.01809	0.01290	0.00843	0.00699	0.00211	0.00735	0.00642	0.00730	0.01187
16	0.02653	0.01955	0.02094	0.01606	0.02164	0.02164	0.01326	0.68796	0.03281	0.04398	0.01675	0.01675	0.01187	0.00838	0.00698	0.00209	0.00768	0.00628	0.00698	0.01187
17	0.02653	0.01955	0.02094	0.01606	0.02164	0.02164	0.01326	0.68796	0.03281	0.04398	0.01675	0.01675	0.01187	0.00838	0.00698	0.00209	0.00768	0.00628	0.00698	0.01187
18	0.01434	0.08863	0.66903	0.01931	0.02931	0.01704	0.02478	0.02201	0.01469	0.02169	0.01232	0.01448	0.00885	0.00658	0.00647	0.00216	0.01011	0.00505	0.00295	0.01021
19	0.01400	0.03610	0.71860	0.01989	0.03020	0.01621	0.02578	0.02210	0.01473	0.02210	0.01252	0.01473	0.00884	0.00663	0.00663	0.00221	0.01031	0.00516	0.00295	0.01031
20	0.01015	0.00677	0.00761	0.00761	0.00761	0.00677	0.00423	0.01015	0.01015	0.01353	0.02199	0.04567	0.02537	0.75476	0.03552	0.00677	0.00677	0.01015	0.00423	0.00423
21	0.00850	0.00607	0.00810	0.00972	0.01012	0.00567	0.00648	0.00972	0.01336	0.01781	0.03846	0.75020	0.04615	0.02186	0.00891	0.00283	0.00405	0.01984	0.00648	0.00567
22	0.01420	0.06740	0.68907	0.01955	0.02967	0.01670	0.02518	0.02205	0.01471	0.02185	0.01240	0.01458	0.00884	0.00660	0.00654	0.00218	0.01019	0.00509	0.00295	0.01025
23	0.00850	0.00607	0.00810	0.00972	0.01012	0.00567	0.00648	0.00972	0.01336	0.01781	0.03846	0.75020	0.04615	0.02186	0.00891	0.00283	0.00405	0.01984	0.00648	0.00567
24	0.01546	0.01255	0.01363	0.01234	0.01574	0.01384	0.00955	0.02954	0.47312	0.05253	0.15596	0.03539	0.10808	0.01125	0.00743	0.00233	0.00491	0.00950	0.00719	0.00968
25	0.01704	0.01634	0.02790	0.08270	0.67319	0.01652	0.02130	0.02121	0.01578	0.02251	0.01308	0.01735	0.01095	0.00626	0.00691	0.00209	0.00835	0.00622	0.00343	0.01086
26	0.02653	0.01955	0.02094	0.01606	0.02164	0.02164	0.01326	0.68796	0.03281	0.04398	0.01675	0.01675	0.01187	0.00838	0.00698	0.00209	0.00768	0.00628	0.00698	0.01187
27	0.03097	0.01241	0.01653	0.01267	0.01808	0.01105	0.01047	0.07970	0.02087	0.66910	0.02678	0.02326	0.01690	0.00862	0.00701	0.00215	0.00606	0.00697	0.00852	0.01188
28	0.00849	0.00611	0.00805	0.00961	0.01009	0.00568	0.00643	0.00973	0.01347	0.01786	0.03980	0.72185	0.07365	0.02169	0.00888	0.00281	0.00403	0.01963	0.00648	0.00568
29	0.00996	0.00840	0.01414	0.01331	0.01493	0.00785	0.13050	0.01202	0.01393	0.01864	0.03402	0.61669	0.03966	0.01895	0.00878	0.00275	0.00546	0.01772	0.00594	0.00635
30	0.03131	0.01188	0.01619	0.01242	0.01781	0.01026	0.01026	0.03401	0.01997	0.71606	0.02753	0.02375	0.01727	0.00864	0.00702	0.00216	0.00594	0.00702	0.00864	0.01188
31	0.03110	0.01221	0.01640	0.01257	0.01798	0.01075	0.01039	0.06248	0.02053	0.68679	0.02706	0.02345	0.01704	0.00863	0.00702	0.00216	0.00601	0.00699	0.00856	0.01188
32	0.00850	0.00607	0.00810	0.00972	0.01012	0.00567	0.00648	0.00972	0.01336	0.01781	0.03846	0.75020	0.04615	0.02186	0.00891	0.00283	0.00405	0.01984	0.00648	0.00567
33	0.01400	0.03610	0.71860	0.01989	0.03020	0.01621	0.02578	0.02210	0.01473	0.02210	0.01252	0.01473	0.00884	0.00663	0.00663	0.00221	0.01031	0.00516	0.00295	0.01031
34	0.07563	0.01197	0.01585	0.01223	0.01757	0.01057	0.01010	0.03323	0.01951	0.67678	0.02651	0.02304	0.01672	0.00851	0.00686	0.00216	0.00591	0.00683	0.00839	0.01163

[dist]
# distance from previous block
# <min> <max>
0	34

[block]
# block no. 3 follows, 30 sequences, length 81
# corresponding to MSA columns:
# 214-294
name=unknown_D
#
# <colnr> <probs for GDERKNQSTAVLIFYWHMCP>
#	G	D	E	R	K	N	Q	S	T	A	V	L	I	F	Y	W	H	M	C	P
0	0.00858	0.00613	0.00816	0.00967	0.01014	0.00572	0.00648	0.00990	0.01370	0.01836	0.07440	0.71271	0.04721	0.02145	0.00887	0.00280	0.00401	0.01945	0.00654	0.00572
1	0.33576	0.01400	0.01447	0.01151	0.01662	0.01437	0.00946	0.14674	0.01836	0.22513	0.01639	0.01625	0.01146	0.00726	0.00568	0.00199	0.00594	0.00520	0.00600	0.11739
2	0.01474	0.01235	0.01439	0.01051	0.01631	0.00974	0.00840	0.05322	0.01589	0.02431	0.07019	0.01771	0.01501	0.00609	0.00552	0.00119	0.00515	0.00495	0.00458	0.68974
3	0.77967	0.01419	0.03211	0.00951	0.01401	0.01567	0.00812	0.02056	0.01196	0.03102	0.00980	0.01144	0.00760	0.00648	0.00439	0.00216	0.00555	0.00382	0.00428	0.00764
4	0.02838	0.01658	0.01910	0.01465	0.02016	0.01723	0.01210	0.43485	0.02784	0.30410	0.02092	0.01946	0.01396	0.00848	0.00700	0.00212	0.00701	0.00657	0.00762	0.01187
5	0.00850	0.00607	0.00810	0.00972	0.01012	0.00567	0.00648	0.00972	0.01336	0.01781	0.03846	0.75020	0.04615	0.02186	0.00891	0.00283	0.00405	0.01984	0.00648	0.00567
6	0.01015	0.00677	0.00761	0.00761	0.00761	0.00677	0.00423	0.01015	0.01015	0.01353	0.02199	0.04567	0.02537	0.75476	0.03552	0.00677	0.00677	0.01015	0.00423	0.00423
7	0.80405	0.01350	0.01026	0.00918	0.01350	0.01565	0.00756	0.02051	0.01188	0.03131	0.00972	0.01134	0.00756	0.00648	0.00432	0.00216	0.00540	0.00378	0.00432	0.00756
8	0.00850	0.00607	0.00810	0.00972	0.01012	0.00567	0.00648	0.00972	0.01336	0.01781	0.03846	0.75020	0.04615	0.02186	0.00891	0.00283	0.00405	0.01984	0.00648	0.00567
9	0.02849	0.01127	0.01522	0.01188	0.01683	0.00976	0.00973	0.03121	0.01979	0.62746	0.08855	0.02801	0.04991	0.00950	0.00717	0.00217	0.00561	0.00782	0.00847	0.01117
10	0.01722	0.01423	0.01526	0.01369	0.01750	0.01622	0.01065	0.03500	0.61918	0.05260	0.08461	0.02812	0.02485	0.00984	0.00719	0.00235	0.00535	0.00825	0.00720	0.01070
11	0.01007	0.00678	0.00759	0.00759	0.00768	0.00673	0.00427	0.01014	0.01038	0.01374	0.02393	0.04652	0.05265	0.72532	0.03443	0.00659	0.00664	0.01033	0.00432	0.00429
12	0.07571	0.01916	0.02027	0.01562	0.02113	0.02126	0.01290	0.64574	0.03149	0.04318	0.01631	0.01641	0.01159	0.00826	0.00681	0.00210	0.00753	0.00612	0.00681	0.01159
13	0.01482	0.01459	0.02038	0.01753	0.01767	0.02015	0.01455	0.01649	0.01144	0.01772	0.06699	0.01832	0.01385	0.01238	0.02169	0.00298	0.68082	0.00665	0.00344	0.00755
14	0.01727	0.01658	0.02832	0.04283	0.71123	0.01658	0.02142	0.02142	0.01589	0.02280	0.01313	0.01727	0.01105	0.00622	0.00691	0.00207	0.00829	0.00622	0.00345	0.01105
15	0.00837	0.00659	0.00756	0.00834	0.00976	0.00578	0.00586	0.00987	0.01469	0.01835	0.05527	0.39390	0.39160	0.01968	0.00856	0.00258	0.00378	0.01717	0.00648	0.00578
16	0.80405	0.01350	0.01026	0.00918	0.01350	0.01565	0.00756	0.02051	0.01188	0.03131	0.00972	0.01134	0.00756	0.00648	0.00432	0.00216	0.00540	0.00378	0.00432	0.00756
17	0.00850	0.00607	0.00810	0.00972	0.01012	0.00567	0.00648	0.00972	0.01336	0.01781	0.03846	0.75020	0.04615	0.02186	0.00891	0.00283	0.00405	0.01984	0.00648	0.00567
18	0.00997	0.00748	0.01121	0.01121	0.01246	0.00872	0.00872	0.01246	0.01121	0.01620	0.01869	0.02741	0.01745	0.05234	0.72710	0.01121	0.01869	0.00748	0.00374	0.00623
19	0.01866	0.75896	0.03657	0.01194	0.01791	0.02761	0.01194	0.02090	0.01418	0.01642	0.00970	0.01119	0.00896	0.00597	0.00448	0.00149	0.00746	0.00373	0.00299	0.00896
20	0.00988	0.00713	0.00933	0.00878	0.01043	0.00658	0.00658	0.01317	0.01975	0.02798	0.70754	0.05213	0.06584	0.01427	0.00823	0.00219	0.00329	0.01262	0.00768	0.00658
21	0.01647	0.01882	0.04118	0.02941	0.03647	0.01765	0.68588	0.02235	0.01647	0.02235	0.01412	0.01882	0.01059	0.00588	0.00824	0.00235	0.01176	0.00824	0.00353	0.00941
22	0.80405	0.01350	0.01026	0.00918	0.01350	0.01565	0.00756	0.02051	0.01188	0.03131	0.00972	0.01134	0.00756	0.00648	0.00432	0.00216	0.00540	0.00378	0.00432	0.00756
23	0.01537	0.01237	0.01456	0.01045	0.01661	0.00935	0.00838	0.01845	0.01477	0.05998	0.01322	0.01497	0.01071	0.00535	0.00527	0.00109	0.00521	0.00429	0.00438	0.75522
24	0.00848	0.00708	0.00739	0.00732	0.00957	0.00599	0.00549	0.01047	0.01646	0.02017	0.16248	0.06499	0.61579	0.01718	0.00824	0.00233	0.00350	0.01442	0.00665	0.00599
25	0.01409	0.01200	0.01407	0.01030	0.01613	0.00907	0.00816	0.01707	0.01440	0.02243	0.01405	0.06101	0.01260	0.00622	0.00540	0.00115	0.00510	0.00513	0.00428	0.74734
26	0.00988	0.00713	0.00933	0.00878	0.01043	0.00658	0.00658	0.01317	0.01975	0.02798	0.70754	0.05213	0.06584	0.01427	0.00823	0.00219	0.00329	0.01262	0.00768	0.00658
27	0.00988	0.00713	0.00933	0.00878	0.01043	0.00658	0.00658	0.01317	0.01975	0.02798	0.70754	0.05213	0.06584	0.01427	0.00823	0.00219	0.00329	0.01262	0.00768	0.00658
28	0.01727	0.01658	0.02832	0.04283	0.71123	0.01658	0.02142	0.02142	0.01589	0.02280	0.01313	0.01727	0.01105	0.00622	0.00691	0.00207	0.00829	0.00622	0.00345	0.01105
29	0.02607	0.03326	0.01978	0.01798	0.02157	0.72674	0.01348	0.02787	0.01978	0.01708	0.01079	0.01258	0.00899	0.00719	0.00629	0.00180	0.01258	0.00449	0.00360	0.00809
30	0.00965	0.00716	0.00901	0.00864	0.01041	0.00652	0.00654	0.01267	0.01894	0.02611	0.57018	0.05579	0.17682	0.01506	0.00829	0.00226	0.00346	0.03861	0.00742	0.00646
31	0.00997	0.00669	0.00766	0.00784	0.00788	0.00665	0.00447	0.01010	0.01050	0.01400	0.02378	0.12250	0.02764	0.67483	0.03262	0.00634	0.00647	0.01120	0.00447	0.00439
32	0.00831	0.00702	0.00720	0.00726	0.00949	0.00590	0.00540	0.01011	0.01591	0.01911	0.09049	0.10032	0.65418	0.01777	0.00828	0.00237	0.00355	0.01491	0.00652	0.00590
33	0.01429	0.01217	0.01419	0.01022	0.01617	0.00920	0.00810	0.01727	0.01429	0.02236	0.01280	0.01575	0.01095	0.03597	0.00642	0.00127	0.00523	0.00438	0.00414	0.76482
34	0.01759	0.01405	0.01802	0.01355	0.01870	0.01325	0.04923	0.10178	0.01672	0.08188	0.01379	0.01590	0.01093	0.00698	0.00846	0.00165	0.11955	0.00518	0.00466	0.46814
35	0.01807	0.66749	0.12287	0.01295	0.01947	0.02617	0.01369	0.02105	0.01425	0.01714	0.01006	0.01164	0.00894	0.00605	0.00475	0.00158	0.00782	0.00391	0.00298	0.00913
36	0.06888	0.01522	0.01705	0.01382	0.01867	0.01622	0.01119	0.24396	0.22491	0.23632	0.04393	0.02233	0.01765	0.00885	0.00691	0.00220	0.00626	0.00703	0.00737	0.01122
37	0.01648	0.31322	0.42817	0.01653	0.02498	0.02036	0.01984	0.02211	0.01473	0.04763	0.01204	0.01373	0.00922	0.00646	0.00582	0.00193	0.00904	0.00468	0.00319	0.00985
38	0.52743	0.05515	0.04301	0.01113	0.01610	0.01655	0.00968	0.11834	0.01608	0.11164	0.01292	0.01369	0.00944	0.00698	0.00512	0.00212	0.00610	0.00457	0.00508	0.00887
39	0.02118	0.01604	0.01740	0.03533	0.03959	0.04534	0.01194	0.14848	0.41969	0.12938	0.02467	0.02310	0.01796	0.00891	0.00703	0.00226	0.00642	0.00725	0.00694	0.01110
40	0.00901	0.00663	0.00843	0.00967	0.01043	0.00629	0.00662	0.01110	0.04187	0.01859	0.05889	0.60215	0.09965	0.04581	0.00969	0.00290	0.00420	0.03569	0.00646	0.00590
41	0.01838	0.01521	0.01868	0.01386	0.01980	0.01417	0.06603	0.21706	0.06533	0.02940	0.01489	0.01627	0.01153	0.00646	0.00608	0.00154	0.00648	0.00536	0.00512	0.44834
42	0.00901	0.00707	0.00828	0.00903	0.01077	0.00634	0.00697	0.01099	0.01537	0.01910	0.05548	0.22394	0.40182	0.01900	0.00872	0.00267	0.00433	0.16868	0.00647	0.00597
43	0.07941	0.03422	0.65995	0.01900	0.02882	0.01616	0.02427	0.02197	0.01450	0.02286	0.01229	0.01445	0.00873	0.00662	0.00644	0.00221	0.00991	0.00504	0.00306	0.01008
44	0.00850	0.00607	0.00810	0.00972	0.01012	0.00567	0.00648	0.00972	0.01336	0.01781	0.03846	0.75020	0.04615	0.02186	0.00891	0.00283	0.00405	0.01984	0.00648	0.00567
45	0.01476	0.09328	0.55766	0.02070	0.03015	0.01737	0.12644	0.02204	0.01496	0.02167	0.01254	0.01507	0.00912	0.00646	0.00670	0.00217	0.01030	0.00551	0.00304	0.01006
46	0.01866	0.75896	0.03657	0.01194	0.01791	0.02761	0.01194	0.02090	0.01418	0.01642	0.00970	0.01119	0.00896	0.00597	0.00448	0.00149	0.00746	0.00373	0.00299	0.00896
47	0.01300	0.00782	0.01033	0.00931	0.01150	0.00712	0.00712	0.01620	0.01979	0.12815	0.60855	0.04800	0.05877	0.01345	0.00805	0.00219	0.00368	0.01180	0.00782	0.00735
48	0.01124	0.00803	0.01124	0.01285	0.01446	0.00803	0.01124	0.01446	0.01606	0.02088	0.03695	0.07871	0.04016	0.01928	0.00964	0.00321	0.00643	0.66426	0.00643	0.00643
49	0.01523	0.01285	0.01488	0.01070	0.01686	0.01008	0.00858	0.05997	0.01563	0.02408	0.01268	0.01461	0.01043	0.00537	0.00528	0.00110	0.00533	0.00427	0.00431	0.74773
50	0.00850	0.00607	0.00810	0.00972	0.01012	0.00567	0.00648	0.00972	0.01336	0.01781	0.03846	0.75020	0.04615	0.02186	0.00891	0.00283	0.00405	0.01984	0.00648	0.00567
51	0.01293	0.00929	0.01097	0.01081	0.01234	0.00953	0.00765	0.16575	0.01728	0.02309	0.03064	0.46035	0.03469	0.14484	0.01304	0.00334	0.00535	0.01505	0.00621	0.00685
52	0.02050	0.01911	0.03306	0.02406	0.03052	0.01925	0.41622	0.28921	0.02302	0.03102	0.01517	0.01799	0.01110	0.00688	0.00773	0.00225	0.01013	0.00745	0.00491	0.01040
53	0.01015	0.00677	0.00761	0.00761	0.00761	0.00677	0.00423	0.01015	0.01015	0.01353	0.02199	0.04567	0.02537	0.75476	0.03552	0.00677	0.00677	0.01015	0.00423	0.00423
54	0.00850	0.00607	0.00810	0.00972	0.01012	0.00567	0.00648	0.00972	0.01336	0.01781	0.03846	0.75020	0.04615	0.02186	0.00891	0.00283	0.00405	0.01984	0.00648	0.00567
55	0.03131	0.01188	0.01619	0.01242	0.01781	0.01026	0.01026	0.03401	0.01997	0.71606	0.02753	0.02375	0.01727	0.00864	0.00702	0.00216	0.00594	0.00702	0.00864	0.01188
56	0.01447	0.01240	0.01447	0.01034	0.01654	0.00930	0.00827	0.01757	0.01447	0.02274	0.01240	0.01447	0.01034	0.00517	0.00517	0.00103	0.00517	0.00413	0.00413	0.79742
57	0.00988	0.00713	0.00933	0.00878	0.01043	0.00658	0.00658	0.01317	0.01975	0.02798	0.70754	0.05213	0.06584	0.01427	0.00823	0.00219	0.00329	0.01262	0.00768	0.00658
58	0.01606	0.35576	0.41699	0.01637	0.02477	0.02125	0.01966	0.02157	0.01449	0.01959	0.01128	0.01317	0.00889	0.00634	0.00568	0.00189	0.00905	0.00453	0.00296	0.00971
59	0.01735	0.01509	0.01657	0.01601	0.06199	0.01731	0.01170	0.03609	0.65543	0.02879	0.02744	0.02548	0.02065	0.00926	0.00709	0.00235	0.00570	0.00778	0.00687	0.01105
60	0.01267	0.00653	0.00663	0.00663	0.00807	0.00653	0.00480	0.01555	0.01411	0.02456	0.02267	0.02831	0.01876	0.09546	0.00846	0.00223	0.00366	0.00693	0.70118	0.00624
61	0.01727	0.01658	0.02832	0.04283	0.71123	0.01658	0.02142	0.02142	0.01589	0.02280	0.01313	0.01727	0.01105	0.00622	0.00691	0.00207	0.00829	0.00622	0.00345	0.01105
62	0.01802	0.66027	0.12967	0.01303	0.01959	0.02605	0.01383	0.02106	0.01425	0.01719	0.01009	0.01168	0.00894	0.00606	0.00477	0.00159	0.00785	0.00393	0.00298	0.00914
63	0.01469	0.01484	0.02080	0.65377	0.04496	0.09870	0.01869	0.01900	0.01463	0.01774	0.01221	0.01790	0.00927	0.00700	0.00690	0.00226	0.00969	0.00600	0.00316	0.00779
64	0.00825	0.00707	0.00707	0.00707	0.00943	0.00589	0.00530	0.01001	0.01591	0.01885	0.07069	0.06716	0.70839	0.01767	0.00825	0.00236	0.00353	0.01473	0.00648	0.00589
65	0.05298	0.01355	0.03482	0.01306	0.01810	0.01280	0.01083	0.03418	0.22942	0.46148	0.02679	0.02379	0.01796	0.00877	0.00694	0.00222	0.00591	0.00713	0.00786	0.01143
66	0.02695	0.01745	0.01984	0.01533	0.02052	0.01892	0.01268	0.49009	0.02836	0.20198	0.01883	0.01832	0.01298	0.00868	0.00800	0.00217	0.05371	0.00645	0.00713	0.01160
67	0.03131	0.01188	0.01619	0.01242	0.01781	0.01026	0.01026	0.03401	0.01997	0.71606	0.02753	0.02375	0.01727	0.00864	0.00702	0.00216	0.00594	0.00702	0.00864	0.01188
68	0.00848	0.00616	0.00801	0.00950	0.01006	0.00569	0.00638	0.00974	0.01357	0.01790	0.04113	0.69365	0.10099	0.02152	0.00885	0.00279	0.00401	0.01941	0.00648	0.00569
69	0.01431	0.08422	0.67320	0.01936	0.02938	0.01697	0.02486	0.02202	0.01470	0.02172	0.01234	0.01450	0.00885	0.00659	0.00649	0.00216	0.01012	0.00506	0.00295	0.01022
70	0.01808	0.01650	0.01611	0.01451	0.01843	0.07609	0.01125	0.03632	0.64241	0.02819	0.02694	0.02492	0.02028	0.00928	0.00703	0.00232	0.00611	0.00761	0.00681	0.01080
71	0.00850	0.00607	0.00810	0.00972	0.01012	0.00567	0.00648	0.00972	0.01336	0.01781	0.03846	0.75020	0.04615	0.02186	0.00891	0.00283	0.00405	0.01984	0.00648	0.00567
72	0.01399	0.01323	0.02239	0.60076	0.17897	0.01572	0.01978	0.01854	0.01434	0.01881	0.01255	0.01834	0.00965	0.00683	0.00696	0.00228	0.00910	0.00620	0.00317	0.00840
73	0.01447	0.01240	0.01447	0.01034	0.01654	0.00930	0.00827	0.01757	0.01447	0.02274	0.01240	0.01447	0.01034	0.00517	0.00517	0.00103	0.00517	0.00413	0.00413	0.79742
74	0.01528	0.01305	0.01390	0.01286	0.01634	0.01461	0.01007	0.03055	0.52457	0.02672	0.03639	0.03748	0.14115	0.01169	0.00751	0.00244	0.00526	0.06341	0.00694	0.00978
75	0.01781	0.01521	0.01603	0.01429	0.01832	0.01757	0.01115	0.06917	0.66580	0.02992	0.02783	0.02558	0.02084	0.00941	0.00709	0.00235	0.00563	0.00781	0.00709	0.01109
76	0.02672	0.01924	0.02076	0.01591	0.02149	0.02119	0.01315	0.66224	0.03231	0.07041	0.01718	0.01703	0.01208	0.00839	0.00698	0.00210	0.00761	0.00631	0.00705	0.01187
77	0.01212	0.00606	0.00909	0.00909	0.00909	0.00606	0.00606	0.00909	0.00909	0.01212	0.01212	0.02121	0.01212	0.02424	0.02727	0.79697	0.00606	0.00606	0.00303	0.00303
78	0.01423	0.07173	0.68498	0.01950	0.02960	0.01677	0.02510	0.02204	0.01471	0.02182	0.01238	0.01456	0.00885	0.00660	0.00652	0.00217	0.01017	0.00509	0.00295	0.01025
79	0.01384	0.01276	0.02093	0.70240	0.04676	0.01581	0.01908	0.05086	0.01488	0.01912	0.01262	0.01851	0.00943	0.00705	0.00698	0.00231	0.00922	0.00621	0.00329	0.00795
80	0.01956	0.01617	0.01745	0.01493	0.01905	0.01870	0.01188	0.20154	0.48556	0.03217	0.02422	0.02299	0.01813	0.00936	0.00807	0.00234	0.05265	0.00737	0.00681	0.01104

[dist]
# distance from previous block
# <min> <max>
0	2

[block]
# block no. 4 follows, 30 sequences, length 165
# corresponding to MSA columns:
# 297-461
name=unknown_E
#
# <colnr> <probs for GDERKNQSTAVLIFYWHMCP>
#	G	D	E	R	K	N	Q	S	T	A	V	L	I	F	Y	W	H	M	C	P
0	0.48408	0.01282	0.01272	0.01052	0.01528	0.01342	0.00867	0.02610	0.01523	0.31484	0.01709	0.01648	0.01158	0.00737	0.00544	0.00216	0.00562	0.00512	0.00611	0.00935
1	0.07280	0.01207	0.01586	0.01230	0.01759	0.01079	0.01014	0.03338	0.04255	0.65559	0.02659	0.02315	0.01688	0.00855	0.00687	0.00217	0.00589	0.00687	0.00835	0.01161
2	0.62144	0.01366	0.01200	0.01020	0.01479	0.01520	0.00841	0.07057	0.01471	0.14465	0.01315	0.01376	0.00946	0.00697	0.00495	0.00215	0.00565	0.00449	0.00522	0.00858
3	0.01647	0.01882	0.04118	0.02941	0.03647	0.01765	0.68588	0.02235	0.01647	0.02235	0.01412	0.01882	0.01059	0.00588	0.00824	0.00235	0.01176	0.00824	0.00353	0.00941
4	0.74642	0.01420	0.03451	0.00967	0.01423	0.01546	0.00828	0.02111	0.01230	0.05832	0.01052	0.01195	0.00799	0.00657	0.00450	0.00216	0.00559	0.00395	0.00444	0.00782
5	0.00887	0.00642	0.00846	0.00988	0.01062	0.00601	0.00699	0.01045	0.01410	0.01863	0.06459	0.59379	0.09304	0.02097	0.00893	0.00282	0.00428	0.09881	0.00651	0.00581
6	0.01841	0.65736	0.10864	0.01299	0.01934	0.05010	0.01347	0.02126	0.01443	0.01705	0.01004	0.01162	0.00894	0.00608	0.00477	0.00158	0.00794	0.00391	0.00300	0.00907
7	0.66160	0.01405	0.01202	0.04956	0.01629	0.01626	0.00885	0.08238	0.03832	0.03167	0.01117	0.01275	0.00854	0.00679	0.00481	0.00217	0.00582	0.00429	0.00460	0.00809
8	0.01036	0.00730	0.00927	0.00877	0.01064	0.00664	0.00666	0.01340	0.01906	0.04833	0.56849	0.05434	0.16022	0.01476	0.00824	0.00225	0.00351	0.03362	0.00749	0.00664
9	0.00875	0.00618	0.00802	0.00940	0.00975	0.00583	0.00614	0.00978	0.01288	0.01717	0.03600	0.64479	0.04304	0.13152	0.01289	0.00342	0.00446	0.01839	0.00614	0.00545
