[name]
unknown

[dist]
# distance from previous block
# <min> <max>
9	106

[block]
# block no. 0 follows, 30 sequences, length 19
# corresponding to MSA columns:
# 107-125
name=unknown_A
#
# <colnr> <probs for GDERKNQSTAVLIFYWHMCP>
#	G	D	E	R	K	N	Q	S	T	A	V	L	I	F	Y	W	H	M	C	P
0	0.01297	0.00972	0.01104	0.01020	0.01253	0.03822	0.00780	0.04234	0.08813	0.06541	0.44099	0.07580	0.10997	0.01372	0.00799	0.00226	0.00436	0.03178	0.00729	0.00749
1	0.01325	0.01100	0.01310	0.00992	0.01491	0.00858	0.00782	0.01640	0.01588	0.02413	0.19742	0.02449	0.02511	0.00759	0.00598	0.00134	0.00467	0.00639	0.00508	0.58693
2	0.01447	0.01240	0.01447	0.01034	0.01654	0.00930	0.00827	0.01757	0.01447	0.02274	0.01240	0.01447	0.01034	0.00517	0.00517	0.00103	0.00517	0.00413	0.00413	0.79742
3	0.00980	0.00713	0.00922	0.00869	0.01038	0.00655	0.00652	0.01301	0.01956	0.02753	0.67576	0.05288	0.09792	0.01444	0.00823	0.00220	0.00330	0.01273	0.00762	0.00655
4	0.01400	0.03610	0.71860	0.01989	0.03020	0.01621	0.02578	0.02210	0.01473	0.02210	0.01252	0.01473	0.00884	0.00663	0.00663	0.00221	0.01031	0.00516	0.00295	0.01031
5	0.80405	0.01350	0.01026	0.00918	0.01350	0.01565	0.00756	0.02051	0.01188	0.03131	0.00972	0.01134	0.00756	0.00648	0.00432	0.00216	0.00540	0.00378	0.00432	0.00756
6	0.00982	0.00706	0.00916	0.00876	0.01024	0.00655	0.00644	0.01281	0.01886	0.02661	0.63266	0.08749	0.06244	0.05853	0.00988	0.00250	0.00354	0.01284	0.00742	0.00640
7	0.03131	0.01188	0.01619	0.01242	0.01781	0.01026	0.01026	0.03401	0.01997	0.71606	0.02753	0.02375	0.01727	0.00864	0.00702	0.00216	0.00594	0.00702	0.00864	0.01188
8	0.80405	0.01350	0.01026	0.00918	0.01350	0.01565	0.00756	0.02051	0.01188	0.03131	0.00972	0.01134	0.00756	0.00648	0.00432	0.00216	0.00540	0.00378	0.00432	0.00756
9	0.80405	0.01350	0.01026	0.00918	0.01350	0.01565	0.00756	0.02051	0.01188	0.03131	0.00972	0.01134	0.00756	0.00648	0.00432	0.00216	0.00540	0.00378	0.00432	0.00756
10	0.80405	0.01350	0.01026	0.00918	0.01350	0.01565	0.00756	0.02051	0.01188	0.03131	0.00972	0.01134	0.00756	0.00648	0.00432	0.00216	0.00540	0.00378	0.00432	0.00756
11	0.01736	0.01499	0.01578	0.01420	0.01815	0.01736	0.01105	0.03708	0.69862	0.02919	0.02840	0.02604	0.02130	0.00947	0.00710	0.00237	0.00552	0.00789	0.00710	0.01105
12	0.03076	0.01275	0.01674	0.01283	0.01825	0.01155	0.01060	0.10860	0.02144	0.63940	0.02630	0.02295	0.01666	0.00861	0.00701	0.00215	0.00614	0.00693	0.00845	0.01187
13	0.00997	0.00748	0.01121	0.01121	0.01246	0.00872	0.00872	0.01246	0.01121	0.01620	0.01869	0.02741	0.01745	0.05234	0.72710	0.01121	0.01869	0.00748	0.00374	0.00623
14	0.80405	0.01350	0.01026	0.00918	0.01350	0.01565	0.00756	0.02051	0.01188	0.03131	0.00972	0.01134	0.00756	0.00648	0.00432	0.00216	0.00540	0.00378	0.00432	0.00756
15	0.01172	0.00620	0.00879	0.00879	0.00879	0.00620	0.00569	0.00930	0.00930	0.01241	0.01411	0.02614	0.01479	0.17133	0.02893	0.63786	0.00620	0.00688	0.00327	0.00327
16	0.05184	0.05079	0.02008	0.01642	0.02088	0.35689	0.01292	0.26776	0.08687	0.02843	0.01451	0.01525	0.01112	0.00777	0.00649	0.00196	0.00973	0.00541	0.00515	0.00975
17	0.01819	0.67440	0.07612	0.01277	0.01866	0.02659	0.01295	0.02074	0.01402	0.01678	0.00984	0.01163	0.00896	0.00636	0.00564	0.00162	0.04884	0.00395	0.00299	0.00896
18	0.42343	0.05653	0.01465	0.01155	0.01607	0.03978	0.00945	0.07243	0.16312	0.10731	0.01628	0.01632	0.01205	0.00749	0.00548	0.00215	0.00600	0.00523	0.00549	0.00919

[dist]
# distance from previous block
# <min> <max>
1	8

[block]
# block no. 1 follows, 30 sequences, length 37
# corresponding to MSA columns:
# 134-170
name=unknown_B
#
# <colnr> <probs for GDERKNQSTAVLIFYWHMCP>
#	G	D	E	R	K	N	Q	S	T	A	V	L	I	F	Y	W	H	M	C	P
0	0.01605	0.01388	0.01483	0.01229	0.01630	0.06834	0.00954	0.13522	0.01762	0.02442	0.01954	0.20393	0.01964	0.01063	0.00764	0.00187	0.05169	0.00870	0.00513	0.34273
1	0.01025	0.00809	0.01051	0.01061	0.01177	0.00816	0.00768	0.01187	0.01363	0.01889	0.08525	0.44135	0.05962	0.06357	0.01177	0.00285	0.09275	0.03183	0.00576	0.09378
2	0.05092	0.01593	0.02470	0.16488	0.44102	0.03594	0.01915	0.02113	0.04545	0.02180	0.01307	0.01733	0.01079	0.00713	0.00837	0.00223	0.08060	0.00613	0.00355	0.00988
3	0.55380	0.01501	0.04654	0.11189	0.04022	0.01590	0.08532	0.02044	0.01290	0.02786	0.01078	0.01346	0.00828	0.00648	0.00528	0.00220	0.00693	0.00473	0.00398	0.00800
4	0.02534	0.01869	0.01907	0.01505	0.02029	0.08792	0.01220	0.40413	0.09458	0.14148	0.01864	0.01816	0.01324	0.00815	0.00679	0.00202	0.00748	0.00621	0.00669	0.07387
5	0.00989	0.00832	0.00873	0.00841	0.01093	0.00779	0.00637	0.01469	0.12392	0.02166	0.14644	0.05874	0.51704	0.01594	0.00806	0.00234	0.00382	0.01338	0.00673	0.00679
6	0.01962	0.59138	0.07610	0.01345	0.01929	0.14508	0.01306	0.02215	0.01516	0.01688	0.01006	0.01165	0.00895	0.00622	0.00492	0.00159	0.00851	0.00395	0.00309	0.00889
7	0.01447	0.01240	0.01447	0.01034	0.01654	0.00930	0.00827	0.01757	0.01447	0.02274	0.01240	0.01447	0.01034	0.00517	0.00517	0.00103	0.00517	0.00413	0.00413	0.79742
8	0.02005	0.01606	0.01684	0.01450	0.01866	0.04066	0.01149	0.23404	0.38205	0.05195	0.02520	0.07205	0.02021	0.01021	0.00725	0.00232	0.00637	0.03246	0.00693	0.01070
9	0.01465	0.02982	0.50989	0.04683	0.19502	0.01600	0.02398	0.02155	0.01513	0.02231	0.03278	0.01655	0.01104	0.00676	0.00675	0.00218	0.00959	0.00566	0.00321	0.01031
10	0.00960	0.00712	0.00895	0.00849	0.01026	0.00647	0.00637	0.01264	0.01910	0.02644	0.60023	0.05466	0.17412	0.01484	0.00823	0.00222	0.00333	0.01298	0.00748	0.00647
11	0.01530	0.01300	0.01521	0.01107	0.01695	0.01066	0.00891	0.06180	0.01551	0.02388	0.01255	0.01466	0.01038	0.00569	0.00608	0.00119	0.03825	0.00436	0.00427	0.71027
12	0.01972	0.01608	0.01713	0.01445	0.01901	0.01798	0.01147	0.21801	0.46351	0.03287	0.02400	0.02261	0.01788	0.00886	0.00693	0.00220	0.00610	0.00717	0.00686	0.06715
13	0.02460	0.01386	0.01776	0.07279	0.06355	0.01406	0.01214	0.21185	0.05174	0.32504	0.02364	0.09912	0.01802	0.00974	0.00720	0.00223	0.00662	0.00811	0.00711	0.01079
14	0.01769	0.50173	0.23902	0.01466	0.02179	0.06432	0.01616	0.02165	0.01467	0.01815	0.01061	0.01233	0.00892	0.00624	0.00522	0.00172	0.00861	0.00420	0.00301	0.00931
15	0.00850	0.00607	0.00810	0.00972	0.01012	0.00567	0.00648	0.00972	0.01336	0.01781	0.03846	0.75020	0.04615	0.02186	0.00891	0.00283	0.00405	0.01984	0.00648	0.00567
16	0.00947	0.00685	0.00897	0.00918	0.01048	0.00635	0.00671	0.01208	0.01755	0.02432	0.45637	0.26200	0.08140	0.01687	0.00849	0.00244	0.00366	0.04331	0.00723	0.00628
17	0.01818	0.04779	0.02153	0.01799	0.01914	0.20351	0.01468	0.01980	0.01316	0.01685	0.00960	0.01442	0.00911	0.01068	0.01793	0.00267	0.52635	0.00560	0.00319	0.00780
18	0.00967	0.00703	0.00911	0.00880	0.01035	0.00646	0.00652	0.01269	0.01896	0.02658	0.61384	0.12153	0.09196	0.01516	0.00830	0.00226	0.00338	0.01342	0.00751	0.00646
19	0.01212	0.00606	0.00909	0.00909	0.00909	0.00606	0.00606	0.00909	0.00909	0.01212	0.01212	0.02121	0.01212	0.02424	0.02727	0.79697	0.00606	0.00606	0.00303	0.00303
20	0.01454	0.00818	0.00852	0.00789	0.00987	0.00845	0.00596	0.10210	0.01651	0.02709	0.02159	0.02588	0.01738	0.05508	0.00780	0.02846	0.00413	0.00669	0.61694	0.00694
21	0.01077	0.00781	0.01063	0.01208	0.01369	0.00767	0.01036	0.01372	0.01588	0.02049	0.04037	0.12037	0.10635	0.01928	0.00945	0.00310	0.00599	0.55922	0.00643	0.00632
22	0.01447	0.01240	0.01447	0.01034	0.01654	0.00930	0.00827	0.01757	0.01447	0.02274	0.01240	0.01447	0.01034	0.00517	0.00517	0.00103	0.00517	0.00413	0.00413	0.79742
23	0.02639	0.02365	0.02059	0.01663	0.02162	0.23288	0.01333	0.49020	0.02890	0.03592	0.01497	0.01550	0.01100	0.00802	0.00677	0.00201	0.00915	0.00575	0.00597	0.01074
24	0.01811	0.01536	0.01620	0.01435	0.01843	0.01771	0.01123	0.09037	0.64411	0.03040	0.02745	0.02528	0.02053	0.00938	0.00709	0.00234	0.00570	0.00776	0.00709	0.01111
25	0.02506	0.01057	0.01394	0.01127	0.01552	0.00946	0.00909	0.02849	0.04464	0.49741	0.12798	0.05242	0.02563	0.00989	0.00705	0.00214	0.00520	0.00825	0.08566	0.01033
26	0.02607	0.03326	0.01978	0.01798	0.02157	0.72674	0.01348	0.02787	0.01978	0.01708	0.01079	0.01258	0.00899	0.00719	0.00629	0.00180	0.01258	0.00449	0.00360	0.00809
27	0.00965	0.00712	0.00901	0.00854	0.01029	0.00649	0.00641	0.01273	0.01922	0.02671	0.61904	0.05422	0.15514	0.01474	0.00823	0.00222	0.00333	0.01291	0.00751	0.00649
28	0.72747	0.01409	0.01131	0.00985	0.01430	0.01624	0.00812	0.08625	0.01394	0.03256	0.01041	0.01187	0.00798	0.00666	0.00458	0.00215	0.00562	0.00403	0.00458	0.00798
29	0.01805	0.01353	0.01580	0.01204	0.01739	0.01228	0.00968	0.12955	0.06029	0.09442	0.01659	0.04864	0.01346	0.00734	0.00670	0.00157	0.03780	0.00577	0.00528	0.47380
30	0.01647	0.01882	0.04118	0.02941	0.03647	0.01765	0.68588	0.02235	0.01647	0.02235	0.01412	0.01882	0.01059	0.00588	0.00824	0.00235	0.01176	0.00824	0.00353	0.00941
31	0.01624	0.38464	0.38974	0.01606	0.02428	0.02171	0.01911	0.02152	0.01447	0.01936	0.01116	0.01303	0.00890	0.00631	0.00559	0.00186	0.00894	0.00447	0.00297	0.00966
32	0.01146	0.00872	0.01102	0.01182	0.01382	0.00883	0.00988	0.01667	0.10999	0.02208	0.08356	0.09013	0.13838	0.01746	0.00897	0.00289	0.00560	0.41514	0.00661	0.00697
33	0.01581	0.01236	0.01461	0.01050	0.01664	0.00938	0.00843	0.01888	0.01491	0.07786	0.01361	0.01521	0.01089	0.00544	0.00532	0.00112	0.00523	0.00436	0.00449	0.73496
34	0.01331	0.01240	0.02029	0.66632	0.04496	0.01489	0.01829	0.01780	0.01400	0.01831	0.01240	0.01820	0.00940	0.00680	0.00680	0.00220	0.00890	0.00600	0.00320	0.08552
35	0.01640	0.05993	0.11125	0.04240	0.02137	0.07587	0.04291	0.02057	0.04489	0.03831	0.01260	0.01543	0.01033	0.00749	0.00960	0.00191	0.16712	0.00520	0.00382	0.29259
36	0.00870	0.00635	0.00830	0.00955	0.01030	0.00595	0.00660	0.01022	0.01399	0.01856	0.08229	0.58883	0.11117	0.02223	0.04019	0.00312	0.00466	0.03674	0.00643	0.00579

[dist]
# distance from previous block
# <min> <max>
0	6

[block]
# block no. 2 follows, 30 sequences, length 28
# corresponding to MSA columns:
# 177-204
name=unknown_C
#
# <colnr> <probs for GDERKNQSTAVLIFYWHMCP>
#	G	D	E	R	K	N	Q	S	T	A	V	L	I	F	Y	W	H	M	C	P
0	0.01420	0.03483	0.67659	0.01955	0.02948	0.01628	0.02490	0.02299	0.05561	0.02252	0.01347	0.01541	0.00958	0.00680	0.00666	0.00222	0.01003	0.00532	0.00319	0.01036
1	0.01501	0.01269	0.01464	0.01122	0.01644	0.01108	0.00893	0.06604	0.07947	0.02416	0.01862	0.04905	0.05461	0.00753	0.00656	0.00147	0.03631	0.00600	0.00480	0.55537
2	0.00875	0.00709	0.00777	0.00760	0.00973	0.00611	0.00570	0.01099	0.01710	0.02167	0.26760	0.06251	0.50973	0.01662	0.00824	0.00231	0.00346	0.01408	0.00685	0.00611
3	0.02585	0.02816	0.01998	0.01721	0.02145	0.47420	0.01331	0.23667	0.05252	0.02608	0.01341	0.01447	0.01042	0.00766	0.00654	0.00192	0.01074	0.00520	0.00481	0.00941
4	0.00850	0.00607	0.00810	0.00972	0.01012	0.00567	0.00648	0.00972	0.01336	0.01781	0.03846	0.75020	0.04615	0.02186	0.00891	0.00283	0.00405	0.01984	0.00648	0.00567
5	0.00850	0.00607	0.00810	0.00972	0.01012	0.00567	0.00648	0.00972	0.01336	0.01781	0.03846	0.75020	0.04615	0.02186	0.00891	0.00283	0.00405	0.01984	0.00648	0.00567
6	0.03131	0.01188	0.01619	0.01242	0.01781	0.01026	0.01026	0.03401	0.01997	0.71606	0.02753	0.02375	0.01727	0.00864	0.00702	0.00216	0.00594	0.00702	0.00864	0.01188
7	0.03131	0.01188	0.01619	0.01242	0.01781	0.01026	0.01026	0.03401	0.01997	0.71606	0.02753	0.02375	0.01727	0.00864	0.00702	0.00216	0.00594	0.00702	0.00864	0.01188
8	0.01318	0.01240	0.02093	0.73798	0.04806	0.01550	0.01938	0.01783	0.01395	0.01783	0.01240	0.01860	0.00930	0.00698	0.00698	0.00233	0.00930	0.00620	0.00310	0.00775
9	0.02607	0.03326	0.01978	0.01798	0.02157	0.72674	0.01348	0.02787	0.01978	0.01708	0.01079	0.01258	0.00899	0.00719	0.00629	0.00180	0.01258	0.00449	0.00360	0.00809
10	0.01400	0.03610	0.71860	0.01989	0.03020	0.01621	0.02578	0.02210	0.01473	0.02210	0.01252	0.01473	0.00884	0.00663	0.00663	0.00221	0.01031	0.00516	0.00295	0.01031
11	0.01318	0.01240	0.02093	0.73798	0.04806	0.01550	0.01938	0.01783	0.01395	0.01783	0.01240	0.01860	0.00930	0.00698	0.00698	0.00233	0.00930	0.00620	0.00310	0.00775
12	0.01400	0.03610	0.71860	0.01989	0.03020	0.01621	0.02578	0.02210	0.01473	0.02210	0.01252	0.01473	0.00884	0.00663	0.00663	0.00221	0.01031	0.00516	0.00295	0.01031
13	0.02651	0.02020	0.02089	0.01615	0.02164	0.05504	0.01327	0.65669	0.03219	0.04271	0.01647	0.01656	0.01173	0.00832	0.00695	0.00208	0.00791	0.00620	0.00682	0.01169
14	0.01002	0.00761	0.00897	0.00856	0.01032	0.00718	0.00624	0.01362	0.06473	0.02375	0.40397	0.05323	0.22030	0.11696	0.01192	0.00288	0.00399	0.01248	0.00686	0.00639
15	0.01647	0.01882	0.04118	0.02941	0.03647	0.01765	0.68588	0.02235	0.01647	0.02235	0.01412	0.01882	0.01059	0.00588	0.00824	0.00235	0.01176	0.00824	0.00353	0.00941
16	0.00844	0.00701	0.00738	0.00743	0.00958	0.00595	0.00552	0.01034	0.01616	0.01979	0.13859	0.11013	0.59449	0.01757	0.00829	0.00237	0.00354	0.01483	0.00661	0.00595
17	0.03131	0.01188	0.01619	0.01242	0.01781	0.01026	0.01026	0.03401	0.01997	0.71606	0.02753	0.02375	0.01727	0.00864	0.00702	0.00216	0.00594	0.00702	0.00864	0.01188
18	0.00913	0.00707	0.00847	0.00925	0.01091	0.00640	0.00714	0.01119	0.01548	0.01948	0.08039	0.23690	0.35123	0.01896	0.00876	0.00268	0.00438	0.17966	0.00652	0.00600
19	0.01412	0.01291	0.02093	0.68688	0.04619	0.01594	0.01895	0.06526	0.01529	0.01968	0.01271	0.01847	0.00948	0.00708	0.00698	0.00231	0.00919	0.00621	0.00338	0.00804
20	0.01564	0.01237	0.01459	0.01048	0.01663	0.00937	0.00841	0.01872	0.01485	0.07102	0.01346	0.01512	0.01082	0.00541	0.00530	0.00111	0.00522	0.00434	0.00445	0.74271
21	0.01727	0.01658	0.02832	0.04283	0.71123	0.01658	0.02142	0.02142	0.01589	0.02280	0.01313	0.01727	0.01105	0.00622	0.00691	0.00207	0.00829	0.00622	0.00345	0.01105
22	0.01126	0.00742	0.00968	0.00901	0.01089	0.00678	0.00679	0.01438	0.01940	0.07521	0.61315	0.07653	0.08419	0.01427	0.00817	0.00222	0.00351	0.01257	0.00766	0.00689
23	0.02495	0.01859	0.01991	0.01555	0.02076	0.02064	0.01270	0.59320	0.10407	0.04129	0.01820	0.01879	0.01337	0.03525	0.00802	0.00229	0.00741	0.00660	0.00690	0.01150
24	0.01212	0.00606	0.00909	0.00909	0.00909	0.00606	0.00606	0.00909	0.00909	0.01212	0.01212	0.02121	0.01212	0.02424	0.02727	0.79697	0.00606	0.00606	0.00303	0.00303
25	0.44178	0.05891	0.01518	0.01138	0.01627	0.01642	0.00951	0.15521	0.01784	0.17623	0.01483	0.01500	0.01053	0.00727	0.00542	0.00211	0.00609	0.00495	0.00567	0.00940
26	0.44263	0.01502	0.04648	0.01151	0.01628	0.01556	0.00983	0.10195	0.10453	0.12773	0.01597	0.01621	0.01157	0.00744	0.00549	0.00216	0.00592	0.00520	0.02930	0.00921
27	0.02320	0.01702	0.01862	0.01436	0.01969	0.01802	0.01176	0.48348	0.04927	0.05767	0.01701	0.01761	0.01250	0.00938	0.03141	0.00222	0.00733	0.00604	0.03812	0.14530

[dist]
# distance from previous block
# <min> <max>
0	5

[block]
# block no. 3 follows, 30 sequences, length 87
# corresponding to MSA columns:
# 210-296
name=unknown_D
#
# <colnr> <probs for GDERKNQSTAVLIFYWHMCP>
#	G	D	E	R	K	N	Q	S	T	A	V	L	I	F	Y	W	H	M	C	P
0	0.05309	0.01290	0.01663	0.01279	0.01818	0.01187	0.01056	0.11723	0.02138	0.61028	0.02564	0.02250	0.01630	0.00854	0.00693	0.00215	0.00614	0.00683	0.00830	0.01175
1	0.80405	0.01350	0.01026	0.00918	0.01350	0.01565	0.00756	0.02051	0.01188	0.03131	0.00972	0.01134	0.00756	0.00648	0.00432	0.00216	0.00540	0.00378	0.00432	0.00756
2	0.01518	0.01114	0.01254	0.01127	0.01436	0.01158	0.00870	0.09030	0.23306	0.08165	0.18719	0.10386	0.16433	0.01305	0.00772	0.00232	0.00476	0.01110	0.00716	0.00873
3	0.00988	0.00713	0.00933	0.00878	0.01043	0.00658	0.00658	0.01317	0.01975	0.02798	0.70754	0.05213	0.06584	0.01427	0.00823	0.00219	0.00329	0.01262	0.00768	0.00658
4	0.01635	0.01846	0.03916	0.02828	0.03462	0.01803	0.61762	0.02179	0.01588	0.02179	0.01361	0.01846	0.01044	0.00653	0.00973	0.00242	0.08609	0.00802	0.00348	0.00923
5	0.00946	0.00707	0.00879	0.00846	0.01020	0.00639	0.00630	0.01233	0.01863	0.02555	0.53969	0.08781	0.20290	0.01535	0.00827	0.00226	0.00338	0.01341	0.00737	0.00639
6	0.01613	0.01811	0.03870	0.04967	0.03517	0.01742	0.61615	0.02161	0.01595	0.02171	0.01408	0.01946	0.01093	0.02857	0.00965	0.00251	0.04338	0.00814	0.00352	0.00913
7	0.04675	0.00717	0.00716	0.00704	0.00885	0.00731	0.00531	0.03623	0.01500	0.02642	0.02272	0.05670	0.01850	0.00867	0.00509	0.00172	0.00351	0.00696	0.70222	0.00667
8	0.07242	0.01866	0.01695	0.01446	0.01873	0.14169	0.01142	0.21447	0.27469	0.06019	0.02044	0.02004	0.01523	0.00845	0.00659	0.00212	0.00722	0.00645	0.05951	0.01026
9	0.01866	0.75896	0.03657	0.01194	0.01791	0.02761	0.01194	0.02090	0.01418	0.01642	0.00970	0.01119	0.00896	0.00597	0.00448	0.00149	0.00746	0.00373	0.00299	0.00896
10	0.00850	0.00607	0.00810	0.00972	0.01012	0.00567	0.00648	0.00972	0.01336	0.01781	0.03846	0.75020	0.04615	0.02186	0.00891	0.00283	0.00405	0.01984	0.00648	0.00567
11	0.01397	0.00762	0.00785	0.00742	0.00937	0.00777	0.00566	0.07197	0.01641	0.02761	0.05765	0.02660	0.01986	0.00847	0.00523	0.00169	0.00362	0.00680	0.68747	0.00695
12	0.02653	0.01955	0.02094	0.01606	0.02164	0.02164	0.01326	0.68796	0.03281	0.04398	0.01675	0.01675	0.01187	0.00838	0.00698	0.00209	0.00768	0.00628	0.00698	0.01187
13	0.02100	0.01456	0.01690	0.01451	0.04765	0.01481	0.01107	0.12987	0.28546	0.17113	0.02245	0.02136	0.01631	0.00809	0.00665	0.00199	0.00598	0.00661	0.00662	0.17701
14	0.02475	0.01598	0.01756	0.01374	0.01857	0.01713	0.01126	0.46522	0.02752	0.14205	0.01949	0.01952	0.01379	0.00837	0.00660	0.00202	0.00660	0.00643	0.15252	0.01088
15	0.80405	0.01350	0.01026	0.00918	0.01350	0.01565	0.00756	0.02051	0.01188	0.03131	0.00972	0.01134	0.00756	0.00648	0.00432	0.00216	0.00540	0.00378	0.00432	0.00756
16	0.02067	0.58664	0.03226	0.01245	0.01804	0.02451	0.01189	0.04558	0.01553	0.12260	0.01260	0.01346	0.01032	0.00674	0.00580	0.00169	0.04139	0.00442	0.00398	0.00943
17	0.01317	0.01220	0.02043	0.71272	0.04668	0.01519	0.01888	0.01778	0.01398	0.01811	0.01276	0.01886	0.00960	0.00702	0.00690	0.00230	0.00909	0.00621	0.03040	0.00771
18	0.00850	0.00607	0.00810	0.00972	0.01012	0.00567	0.00648	0.00972	0.01336	0.01781	0.03846	0.75020	0.04615	0.02186	0.00891	0.00283	0.00405	0.01984	0.00648	0.00567
19	0.01176	0.00749	0.00959	0.00905	0.01104	0.00676	0.00678	0.01451	0.01840	0.09904	0.45779	0.14299	0.14781	0.01514	0.00819	0.00230	0.00371	0.01326	0.00746	0.00693
20	0.01076	0.00732	0.00943	0.00886	0.01070	0.00667	0.00666	0.01380	0.01918	0.06119	0.59280	0.08154	0.11545	0.01459	0.00820	0.00223	0.00348	0.01282	0.00758	0.00675
21	0.76335	0.05212	0.01162	0.00932	0.01372	0.01627	0.00778	0.02053	0.01200	0.03054	0.00972	0.01133	0.00763	0.00645	0.00433	0.00212	0.00551	0.00378	0.00425	0.00763
22	0.01637	0.01984	0.08827	0.03000	0.09959	0.01744	0.57622	0.02225	0.01629	0.02238	0.01391	0.01839	0.01051	0.00597	0.00800	0.00232	0.01133	0.00783	0.00348	0.00963
23	0.02538	0.01982	0.05094	0.01601	0.02163	0.02087	0.01358	0.63639	0.03138	0.04216	0.01729	0.04103	0.01287	0.00875	0.00703	0.00212	0.00767	0.00668	0.00679	0.01159
24	0.00865	0.00638	0.00810	0.00917	0.01005	0.00583	0.00631	0.01024	0.01464	0.01938	0.13549	0.54558	0.15429	0.02015	0.00871	0.00267	0.00386	0.01803	0.00664	0.00583
25	0.01634	0.01475	0.01910	0.06424	0.22467	0.03466	0.01441	0.02774	0.34620	0.02501	0.02372	0.06952	0.02014	0.00978	0.00731	0.00235	0.00673	0.05761	0.00561	0.01011
26	0.00885	0.00637	0.00836	0.00975	0.01041	0.00597	0.00678	0.01032	0.01390	0.01843	0.06776	0.60147	0.07998	0.04543	0.00979	0.00295	0.00429	0.07701	0.00645	0.00574
27	0.01318	0.01240	0.02093	0.73798	0.04806	0.01550	0.01938	0.01783	0.01395	0.01783	0.01240	0.01860	0.00930	0.00698	0.00698	0.00233	0.00930	0.00620	0.00310	0.00775
28	0.01338	0.01261	0.02130	0.70324	0.08120	0.01556	0.01948	0.01801	0.01405	0.01808	0.01244	0.01854	0.00939	0.00694	0.00697	0.00231	0.00925	0.00620	0.00312	0.00792
29	0.00988	0.00713	0.00933	0.00878	0.01043	0.00658	0.00658	0.01317	0.01975	0.02798	0.70754	0.05213	0.06584	0.01427	0.00823	0.00219	0.00329	0.01262	0.00768	0.00658
30	0.01061	0.00730	0.00956	0.00890	0.01068	0.00671	0.00671	0.01388	0.01976	0.05161	0.68419	0.05115	0.06418	0.01407	0.00819	0.00219	0.00338	0.01243	0.00771	0.00677
31	0.01623	0.01295	0.01503	0.01099	0.01700	0.01052	0.00882	0.06108	0.05009	0.06021	0.01425	0.01567	0.01134	0.00576	0.00547	0.00122	0.00538	0.00460	0.00469	0.66868
32	0.00912	0.00714	0.00829	0.00810	0.01010	0.00630	0.00614	0.01165	0.01768	0.02314	0.36201	0.06074	0.38461	0.01618	0.00830	0.00232	0.00355	0.04137	0.00703	0.00623
33	0.00850	0.00607	0.00810	0.00972	0.01012	0.00567	0.00648	0.00972	0.01336	0.01781	0.03846	0.75020	0.04615	0.02186	0.00891	0.00283	0.00405	0.01984	0.00648	0.00567
34	0.80405	0.01350	0.01026	0.00918	0.01350	0.01565	0.00756	0.02051	0.01188	0.03131	0.00972	0.01134	0.00756	0.00648	0.00432	0.00216	0.00540	0.00378	0.00432	0.00756
35	0.00976	0.00713	0.00916	0.00865	0.01035	0.00653	0.00649	0.01294	0.01947	0.02732	0.66127	0.05322	0.11253	0.01451	0.00823	0.00221	0.00331	0.01277	0.00759	0.00653
36	0.01447	0.01240	0.01447	0.01034	0.01654	0.00930	0.00827	0.01757	0.01447	0.02274	0.01240	0.01447	0.01034	0.00517	0.00517	0.00103	0.00517	0.00413	0.00413	0.79742
37	0.01866	0.75896	0.03657	0.01194	0.01791	0.02761	0.01194	0.02090	0.01418	0.01642	0.00970	0.01119	0.00896	0.00597	0.00448	0.00149	0.00746	0.00373	0.00299	0.00896
38	0.03131	0.01188	0.01619	0.01242	0.01781	0.01026	0.01026	0.03401	0.01997	0.71606	0.02753	0.02375	0.01727	0.00864	0.00702	0.00216	0.00594	0.00702	0.00864	0.01188
39	0.00850	0.00607	0.00810	0.00972	0.01012	0.00567	0.00648	0.00972	0.01336	0.01781	0.03846	0.75020	0.04615	0.02186	0.00891	0.00283	0.00405	0.01984	0.00648	0.00567
40	0.00988	0.00713	0.00933	0.00878	0.01043	0.00658	0.00658	0.01317	0.01975	0.02798	0.70754	0.05213	0.06584	0.01427	0.00823	0.00219	0.00329	0.01262	0.00768	0.00658
41	0.01447	0.01240	0.01447	0.01034	0.01654	0.00930	0.00827	0.01757	0.01447	0.02274	0.01240	0.01447	0.01034	0.00517	0.00517	0.00103	0.00517	0.00413	0.00413	0.79742
42	0.00856	0.00621	0.00809	0.00947	0.01009	0.00574	0.00640	0.00993	0.01391	0.01847	0.07889	0.66070	0.09552	0.02112	0.00882	0.00276	0.00397	0.01905	0.00655	0.00574
43	0.01864	0.63046	0.12409	0.01299	0.01950	0.02533	0.01366	0.02166	0.01452	0.04968	0.01090	0.01224	0.00933	0.00618	0.00487	0.00162	0.00776	0.00407	0.00324	0.00927
44	0.00971	0.00730	0.00993	0.01107	0.01175	0.00752	0.00824	0.01147	0.01399	0.01882	0.06402	0.51502	0.04262	0.02018	0.01020	0.00291	0.06591	0.15706	0.00623	0.00603
45	0.01447	0.01240	0.01447	0.01034	0.01654	0.00930	0.00827	0.01757	0.01447	0.02274	0.01240	0.01447	0.01034	0.00517	0.00517	0.00103	0.00517	0.00413	0.00413	0.79742
46	0.01181	0.00826	0.01017	0.00942	0.01155	0.00785	0.00713	0.04944	0.04830	0.06083	0.48424	0.09775	0.13747	0.01443	0.00811	0.00226	0.00383	0.01258	0.00744	0.00716
47	0.04518	0.01529	0.01615	0.01306	0.01726	0.01683	0.01050	0.41654	0.09194	0.03650	0.01932	0.02110	0.01472	0.04694	0.00791	0.00226	0.00635	0.00661	0.18550	0.01004
48	0.01631	0.01850	0.04016	0.06482	0.03705	0.01754	0.65257	0.02213	0.01634	0.02213	0.01403	0.01881	0.01052	0.00594	0.00817	0.00235	0.01164	0.00813	0.00351	0.00933
49	0.00842	0.00667	0.00757	0.00820	0.00975	0.00583	0.00582	0.01003	0.01505	0.01882	0.08484	0.33873	0.41724	0.01920	0.00851	0.00254	0.00373	0.01667	0.00653	0.00583
50	0.02594	0.02527	0.02022	0.01681	0.02146	0.32574	0.01326	0.37555	0.05537	0.03174	0.01467	0.01535	0.01102	0.00791	0.00669	0.00198	0.00970	0.00558	0.00552	0.01020
51	0.00850	0.00607	0.00810	0.00972	0.01012	0.00567	0.00648	0.00972	0.01336	0.01781	0.03846	0.75020	0.04615	0.02186	0.00891	0.00283	0.00405	0.01984	0.00648	0.00567
52	0.00970	0.00727	0.00994	0.00983	0.01075	0.00690	0.04618	0.01100	0.01321	0.01763	0.10142	0.32542	0.08855	0.28861	0.01851	0.00415	0.00539	0.01447	0.00560	0.00547
53	0.01534	0.01238	0.01456	0.01044	0.01660	0.00935	0.00837	0.01842	0.01476	0.05866	0.01319	0.01495	0.01070	0.00535	0.00526	0.00109	0.00521	0.00428	0.00437	0.75671
54	0.80405	0.01350	0.01026	0.00918	0.01350	0.01565	0.00756	0.02051	0.01188	0.03131	0.00972	0.01134	0.00756	0.00648	0.00432	0.00216	0.00540	0.00378	0.00432	0.00756
55	0.01411	0.03529	0.68711	0.02033	0.03049	0.01627	0.05647	0.02211	0.01481	0.02211	0.01260	0.01492	0.00892	0.00660	0.00670	0.00222	0.01038	0.00530	0.00297	0.01027
56	0.01736	0.01499	0.01578	0.01420	0.01815	0.01736	0.01105	0.03708	0.69862	0.02919	0.02840	0.02604	0.02130	0.00947	0.00710	0.00237	0.00552	0.00789	0.00710	0.01105
57	0.01938	0.01598	0.01715	0.03727	0.01990	0.01831	0.01183	0.18956	0.52062	0.03231	0.02516	0.02362	0.01871	0.00913	0.00707	0.00230	0.00615	0.00746	0.00695	0.01114
58	0.02413	0.01050	0.01403	0.01134	0.01552	0.00935	0.00914	0.02760	0.04335	0.47725	0.24013	0.03270	0.03260	0.01043	0.00740	0.00218	0.00510	0.00880	0.00829	0.01019
59	0.00871	0.00690	0.00776	0.00792	0.00971	0.00604	0.00575	0.01067	0.01613	0.02052	0.20475	0.17926	0.43067	0.04211	0.00926	0.00255	0.00368	0.01498	0.00667	0.00595
60	0.01212	0.00606	0.00909	0.00909	0.00909	0.00606	0.00606	0.00909	0.00909	0.01212	0.01212	0.02121	0.01212	0.02424	0.02727	0.79697	0.00606	0.00606	0.00303	0.00303
61	0.00943	0.00699	0.00880	0.00862	0.01022	0.00635	0.00636	0.01221	0.01830	0.02518	0.51690	0.14516	0.16804	0.01581	0.00832	0.00230	0.00343	0.01390	0.00733	0.00635
62	0.02653	0.01955	0.02094	0.01606	0.02164	0.02164	0.01326	0.68796	0.03281	0.04398	0.01675	0.01675	0.01187	0.00838	0.00698	0.00209	0.00768	0.00628	0.00698	0.01187
63	0.00856	0.00708	0.00751	0.00740	0.00962	0.00603	0.00555	0.01063	0.01665	0.02062	0.19397	0.06425	0.58401	0.01701	0.00824	0.00233	0.00349	0.01432	0.00671	0.00603
64	0.01936	0.68971	0.03496	0.01252	0.01826	0.09432	0.01209	0.02156	0.01471	0.01648	0.00981	0.01133	0.00896	0.00609	0.00465	0.00152	0.00795	0.00380	0.00304	0.00887
65	0.01062	0.00733	0.00939	0.00876	0.01064	0.00667	0.00661	0.01373	0.01937	0.05631	0.61390	0.05245	0.12909	0.01437	0.00818	0.00221	0.00343	0.01260	0.00760	0.00674
66	0.01447	0.01240	0.01447	0.01034	0.01654	0.00930	0.00827	0.01757	0.01447	0.02274	0.01240	0.01447	0.01034	0.00517	0.00517	0.00103	0.00517	0.00413	0.00413	0.79742
67	0.02629	0.02286	0.02038	0.01642	0.02143	0.20776	0.01319	0.47948	0.04618	0.05404	0.01576	0.01607	0.01149	0.00810	0.00680	0.00202	0.00888	0.00587	0.00613	0.01085
68	0.09933	0.02074	0.24530	0.03445	0.02224	0.01466	0.01556	0.06500	0.13999	0.20194	0.03671	0.02175	0.01560	0.00831	0.00674	0.00225	0.00738	0.02595	0.00573	0.01038
69	0.01639	0.01859	0.03990	0.02870	0.03530	0.01789	0.64264	0.02199	0.01610	0.02199	0.01380	0.01859	0.01050	0.00629	0.00918	0.00240	0.05885	0.00810	0.00350	0.00930
70	0.01520	0.01233	0.01437	0.01076	0.01645	0.00993	0.00853	0.01976	0.07905	0.05335	0.01578	0.05017	0.01334	0.00650	0.00560	0.00129	0.00518	0.00534	0.00472	0.65234
71	0.01585	0.01236	0.01461	0.01051	0.01664	0.00938	0.00843	0.01892	0.01492	0.07960	0.01364	0.01523	0.01090	0.00545	0.00532	0.00113	0.00523	0.00437	0.00450	0.73299
72	0.80405	0.01350	0.01026	0.00918	0.01350	0.01565	0.00756	0.02051	0.01188	0.03131	0.00972	0.01134	0.00756	0.00648	0.00432	0.00216	0.00540	0.00378	0.00432	0.00756
73	0.01426	0.01517	0.03131	0.02347	0.02851	0.01442	0.47425	0.01880	0.01575	0.02143	0.05542	0.18922	0.02161	0.01019	0.00882	0.00248	0.03104	0.01108	0.00441	0.00835
74	0.00997	0.00748	0.01121	0.01121	0.01246	0.00872	0.00872	0.01246	0.01121	0.01620	0.01869	0.02741	0.01745	0.05234	0.72710	0.01121	0.01869	0.00748	0.00374	0.00623
75	0.01455	0.12224	0.63733	0.01894	0.02874	0.01757	0.02413	0.02196	0.01467	0.02142	0.01219	0.01431	0.00885	0.00655	0.00637	0.00212	0.00997	0.00499	0.00295	0.01015
76	0.80405	0.01350	0.01026	0.00918	0.01350	0.01565	0.00756	0.02051	0.01188	0.03131	0.00972	0.01134	0.00756	0.00648	0.00432	0.00216	0.00540	0.00378	0.00432	0.00756
77	0.01456	0.10285	0.61977	0.01964	0.02938	0.01735	0.05860	0.02200	0.01477	0.02158	0.01234	0.01461	0.00894	0.00653	0.00651	0.00215	0.01012	0.00518	0.00298	0.01014
78	0.00866	0.00685	0.00744	0.00770	0.00931	0.00602	0.00540	0.01012	0.01472	0.01823	0.08510	0.18538	0.45533	0.13324	0.01262	0.00312	0.00412	0.01484	0.00618	0.00562
79	0.00903	0.00758	0.00801	0.00798	0.01025	0.00683	0.00598	0.01208	0.06269	0.01963	0.08171	0.10150	0.56821	0.01904	0.04535	0.00284	0.00448	0.01412	0.00642	0.00627
80	0.00854	0.00708	0.00747	0.00738	0.00960	0.00602	0.00553	0.01058	0.01659	0.02049	0.18472	0.06447	0.59335	0.01706	0.00824	0.00233	0.00349	0.01435	0.00670	0.00602
81	0.02150	0.01860	0.01801	0.01526	0.01974	0.09789	0.01208	0.26113	0.39274	0.03296	0.02241	0.02133	0.01667	0.00884	0.00697	0.00221	0.00706	0.00696	0.00667	0.01100
82	0.03111	0.01220	0.01640	0.01257	0.01798	0.01074	0.01038	0.06181	0.02052	0.68748	0.02707	0.02345	0.01704	0.00863	0.00702	0.00216	0.00601	0.00699	0.00857	0.01188
83	0.01478	0.01228	0.01456	0.01518	0.08105	0.01318	0.01090	0.06738	0.30488	0.02633	0.09213	0.04261	0.13714	0.01253	0.00780	0.00245	0.00557	0.12357	0.00658	0.00909
84	0.01842	0.01596	0.02687	0.06939	0.61775	0.01594	0.02028	0.02245	0.01619	0.08798	0.01445	0.01794	0.01157	0.00648	0.00692	0.00209	0.00811	0.00629	0.00393	0.01099
85	0.02443	0.08342	0.01836	0.01428	0.04994	0.01433	0.01108	0.05127	0.21038	0.37508	0.02557	0.05350	0.01840	0.00906	0.00688	0.00218	0.00605	0.00744	0.00729	0.01106
86	0.01792	0.51936	0.19494	0.01412	0.02100	0.02419	0.01522	0.05643	0.04437	0.01972	0.01152	0.01294	0.00960	0.00640	0.00522	0.00173	0.00806	0.00437	0.00336	0.00951

[dist]
# distance from previous block
# <min> <max>
2	7

[block]
# block no. 4 follows, 30 sequences, length 28
# corresponding to MSA columns:
# 304-331
name=unknown_E
#
# <colnr> <probs for GDERKNQSTAVLIFYWHMCP>
#	G	D	E	R	K	N	Q	S	T	A	V	L	I	F	Y	W	H	M	C	P
0	0.07329	0.01442	0.01723	0.10097	0.02180	0.01539	0.03516	0.20449	0.15105	0.07878	0.01963	0.05997	0.01546	0.00854	0.00662	0.00207	0.00655	0.00702	0.04972	0.11184
1	0.06013	0.01646	0.01753	0.01387	0.01885	0.05764	0.01122	0.31645	0.06922	0.20645	0.04509	0.02068	0.01580	0.03166	0.00764	0.00219	0.00691	0.00655	0.00682	0.06883
2	0.01823	0.05455	0.03649	0.02689	0.07081	0.01808	0.49987	0.07430	0.01759	0.06427	0.01466	0.01836	0.01098	0.00648	0.00832	0.00229	0.03641	0.00760	0.00405	0.00975
3	0.05286	0.01302	0.01349	0.01170	0.01451	0.04851	0.00928	0.18812	0.06905	0.02850	0.02026	0.02310	0.03534	0.03103	0.05590	0.00276	0.07947	0.00669	0.28807	0.00834
4	0.00891	0.00634	0.00841	0.00992	0.01043	0.00600	0.00686	0.01027	0.01345	0.01787	0.03720	0.62907	0.04411	0.07028	0.01076	0.00314	0.00449	0.09051	0.00632	0.00566
5	0.49136	0.01602	0.01378	0.01173	0.01626	0.06118	0.00952	0.15722	0.08381	0.06049	0.01374	0.01444	0.01025	0.00728	0.00536	0.00214	0.00634	0.00486	0.00525	0.00897
6	0.01646	0.01744	0.07815	0.13721	0.56941	0.01640	0.02146	0.02097	0.01554	0.02206	0.01298	0.01727	0.01065	0.00635	0.00690	0.00212	0.00858	0.00614	0.00337	0.01054
7	0.08955	0.01182	0.01520	0.01262	0.01603	0.01221	0.03026	0.09347	0.01884	0.25429	0.19032	0.08659	0.02896	0.01121	0.00914	0.00233	0.09219	0.00900	0.00686	0.00911
8	0.01400	0.03610	0.71860	0.01989	0.03020	0.01621	0.02578	0.02210	0.01473	0.02210	0.01252	0.01473	0.00884	0.00663	0.00663	0.00221	0.01031	0.00516	0.00295	0.01031
9	0.01658	0.01596	0.02749	0.15603	0.58330	0.01644	0.04035	0.02086	0.01559	0.02197	0.01304	0.01753	0.01075	0.00633	0.00696	0.00212	0.00856	0.00627	0.00340	0.01047
10	0.01573	0.12563	0.02352	0.05796	0.02020	0.04456	0.03429	0.01766	0.01199	0.01702	0.01098	0.04896	0.01089	0.01109	0.01764	0.00271	0.51172	0.00641	0.00324	0.00781
11	0.01604	0.01935	0.08374	0.09041	0.05472	0.01734	0.56735	0.02192	0.01612	0.02196	0.01384	0.01849	0.01037	0.00604	0.00799	0.00233	0.01137	0.00780	0.00345	0.00937
12	0.00848	0.00617	0.00799	0.00945	0.01005	0.00569	0.00636	0.00975	0.01362	0.01792	0.04172	0.68124	0.11302	0.02144	0.00884	0.00279	0.00400	0.01932	0.00648	0.00569
13	0.01045	0.00720	0.00983	0.00983	0.01089	0.00802	0.00729	0.01258	0.01152	0.01714	0.01993	0.03070	0.01903	0.18024	0.48765	0.00894	0.01412	0.00784	0.12091	0.00589
14	0.01440	0.01264	0.01902	0.35775	0.07766	0.01449	0.03793	0.05810	0.11738	0.02264	0.06674	0.03117	0.02007	0.00975	0.00753	0.00243	0.00781	0.10925	0.00478	0.00846
15	0.01471	0.11766	0.59054	0.01968	0.02926	0.01762	0.07282	0.02198	0.01480	0.02147	0.01232	0.01463	0.00898	0.00650	0.00650	0.00214	0.01009	0.00522	0.00299	0.01009
16	0.00860	0.00615	0.00819	0.00965	0.01014	0.00574	0.00649	0.00997	0.01383	0.01856	0.08775	0.69878	0.04760	0.02130	0.00886	0.00279	0.00399	0.01931	0.00657	0.00574
17	0.01592	0.01611	0.02413	0.41049	0.25785	0.08648	0.05037	0.02019	0.01527	0.01956	0.01255	0.01759	0.00989	0.00670	0.00695	0.00219	0.00942	0.00613	0.00328	0.00892
18	0.06841	0.17020	0.04864	0.01573	0.02059	0.31642	0.01315	0.19247	0.04881	0.02521	0.01279	0.01392	0.01012	0.00728	0.00604	0.00187	0.00956	0.00492	0.00449	0.00938
19	0.01285	0.00652	0.00657	0.00657	0.00810	0.00652	0.00484	0.01591	0.01438	0.02531	0.02272	0.02713	0.01831	0.05033	0.00661	0.00192	0.00345	0.00671	0.74889	0.00638
20	0.00855	0.00611	0.00814	0.00968	0.01013	0.00570	0.00648	0.00985	0.01360	0.01820	0.06385	0.72372	0.04690	0.02157	0.00888	0.00281	0.00402	0.01956	0.00652	0.00570
21	0.01784	0.63248	0.15590	0.01333	0.02006	0.02562	0.01436	0.02111	0.01428	0.01741	0.01020	0.01181	0.00894	0.00609	0.00485	0.00162	0.00796	0.00398	0.00298	0.00919
22	0.01361	0.00986	0.01064	0.00973	0.01259	0.02614	0.00752	0.04781	0.10787	0.09792	0.14925	0.05088	0.35217	0.03897	0.00881	0.00246	0.00463	0.03466	0.00685	0.00761
23	0.01007	0.00730	0.00963	0.00976	0.01137	0.00687	0.00768	0.01315	0.01830	0.02521	0.47235	0.09487	0.09163	0.01608	0.00862	0.00249	0.00413	0.17677	0.00724	0.00646
24	0.05082	0.06193	0.66037	0.01910	0.02897	0.01660	0.02442	0.02198	0.01458	0.02232	0.01229	0.01444	0.00878	0.00660	0.00644	0.00218	0.00998	0.00504	0.00301	0.01013
25	0.01415	0.01234	0.01519	0.01098	0.01697	0.00945	0.03862	0.01729	0.01466	0.02247	0.01632	0.01814	0.05636	0.00602	0.00551	0.00118	0.00536	0.00502	0.00426	0.70972
26	0.00846	0.00692	0.00747	0.00767	0.00964	0.00593	0.00562	0.01029	0.01590	0.01963	0.13112	0.17414	0.53704	0.01799	0.00835	0.00242	0.00359	0.01532	0.00660	0.00593
27	0.01680	0.45494	0.30218	0.01596	0.04348	0.02284	0.01762	0.02138	0.01445	0.01882	0.01090	0.01276	0.00897	0.00623	0.00539	0.00179	0.00860	0.00436	0.00298	0.00955

[dist]
# distance from previous block
# <min> <max>
0	1

[block]
# block no. 5 follows, 30 sequences, length 24
# corresponding to MSA columns:
# 333-356
name=unknown_F
#
# <colnr> <probs for GDERKNQSTAVLIFYWHMCP>
#	G	D	E	R	K	N	Q	S	T	A	V	L	I	F	Y	W	H	M	C	P
0	0.61536	0.01772	0.13332	0.01239	0.01792	0.01588	0.05699	0.02091	0.01268	0.02912	0.01050	0.01243	0.00798	0.00646	0.00498	0.00218	0.00667	0.00432	0.00403	0.00815
1	0.01661	0.01579	0.02686	0.06880	0.63667	0.01600	0.02047	0.02066	0.01549	0.02215	0.01348	0.01802	0.01142	0.00940	0.05609	0.00271	0.00904	0.00630	0.00346	0.01059
2	0.01557	0.01310	0.01505	0.01097	0.01702	0.01066	0.00880	0.07264	0.04625	0.02474	0.01346	0.01517	0.01095	0.00562	0.00540	0.00118	0.00539	0.00447	0.00450	0.69908
3	0.00991	0.00711	0.00936	0.01049	0.01147	0.00687	0.00770	0.03844	0.01532	0.02050	0.10483	0.51866	0.04558	0.02004	0.00890	0.00281	0.00458	0.14466	0.00661	0.00616
4	0.01755	0.40443	0.28278	0.01534	0.02250	0.03986	0.01711	0.02190	0.01461	0.05077	0.01155	0.01331	0.00931	0.00669	0.00638	0.00187	0.04675	0.00454	0.00325	0.00949
5	0.01400	0.03610	0.71860	0.01989	0.03020	0.01621	0.02578	0.02210	0.01473	0.02210	0.01252	0.01473	0.00884	0.00663	0.00663	0.00221	0.01031	0.00516	0.00295	0.01031
6	0.01102	0.00746	0.00987	0.00942	0.01123	0.00692	0.00729	0.01428	0.01934	0.05888	0.59864	0.05389	0.06063	0.01459	0.00834	0.00231	0.00378	0.08773	0.00758	0.00681
7	0.00981	0.00708	0.00926	0.00883	0.01041	0.00654	0.00658	0.01299	0.01942	0.02746	0.67285	0.08833	0.06482	0.01466	0.00827	0.00223	0.00333	0.01299	0.00762	0.00654
8	0.01445	0.08451	0.63470	0.01987	0.02971	0.01706	0.06121	0.02203	0.01479	0.02173	0.01242	0.01472	0.00894	0.00654	0.00657	0.00217	0.01020	0.00523	0.00298	0.01017
9	0.05675	0.01246	0.02034	0.69783	0.04616	0.01551	0.01873	0.01798	0.01384	0.01857	0.01226	0.01820	0.00921	0.00695	0.00683	0.00232	0.00909	0.00607	0.00317	0.00774
10	0.01243	0.00774	0.00998	0.00926	0.01144	0.00701	0.00713	0.01539	0.01892	0.11362	0.48671	0.07112	0.13965	0.01445	0.00817	0.00228	0.00384	0.04617	0.00755	0.00713
11	0.01727	0.01658	0.02832	0.04283	0.71123	0.01658	0.02142	0.02142	0.01589	0.02280	0.01313	0.01727	0.01105	0.00622	0.00691	0.00207	0.00829	0.00622	0.00345	0.01105
12	0.02480	0.01788	0.01910	0.01484	0.01992	0.01971	0.01220	0.60239	0.03049	0.04169	0.01752	0.01793	0.01263	0.00835	0.00671	0.00203	0.00711	0.00631	0.10718	0.01118
13	0.03008	0.01238	0.01633	0.01268	0.01797	0.01119	0.01042	0.05665	0.07216	0.64065	0.02723	0.02369	0.01740	0.00869	0.00702	0.00217	0.00597	0.00706	0.00846	0.01181
14	0.02088	0.01681	0.01775	0.05501	0.02095	0.04953	0.01221	0.22317	0.40322	0.06800	0.02333	0.02223	0.01716	0.00887	0.00702	0.00225	0.00669	0.00714	0.00677	0.01101
15	0.02196	0.01643	0.01774	0.01474	0.01942	0.01836	0.01181	0.28017	0.39271	0.09240	0.02397	0.02237	0.01744	0.00899	0.00705	0.00225	0.00636	0.00722	0.00718	0.01142
16	0.02467	0.01938	0.01962	0.01561	0.02068	0.06867	0.01268	0.52202	0.13377	0.03931	0.01832	0.01818	0.01331	0.00846	0.00689	0.00210	0.00755	0.00641	0.03106	0.01132
17	0.00849	0.00613	0.00804	0.00957	0.01008	0.00568	0.00641	0.00973	0.01350	0.01787	0.04025	0.71227	0.08294	0.02163	0.00887	0.00281	0.00402	0.01955	0.00648	0.00568
18	0.01342	0.01265	0.02137	0.69619	0.08793	0.01557	0.01950	0.01805	0.01407	0.01813	0.01245	0.01852	0.00941	0.00693	0.00697	0.00231	0.00924	0.00620	0.00312	0.00795
19	0.01430	0.01317	0.02157	0.63663	0.10360	0.01595	0.01920	0.05670	0.01521	0.01976	0.01272	0.01838	0.00960	0.00699	0.00697	0.00229	0.00912	0.00621	0.00335	0.00827
20	0.00938	0.00711	0.00865	0.00826	0.01012	0.00638	0.00620	0.01222	0.01859	0.02523	0.51526	0.05666	0.25985	0.01529	0.00824	0.00224	0.00337	0.01326	0.00732	0.00638
21	0.00857	0.00622	0.00795	0.00930	0.00990	0.00576	0.00622	0.00977	0.01346	0.01768	0.04113	0.63309	0.11920	0.06356	0.01036	0.00301	0.00415	0.01871	0.00635	0.00561
22	0.00935	0.00700	0.01000	0.01041	0.01121	0.00662	0.04517	0.01076	0.01340	0.01801	0.08019	0.53365	0.04174	0.15189	0.01360	0.00347	0.00493	0.01693	0.00599	0.00569
23	0.02653	0.01955	0.02094	0.01606	0.02164	0.02164	0.01326	0.68796	0.03281	0.04398	0.01675	0.01675	0.01187	0.00838	0.00698	0.00209	0.00768	0.00628	0.00698	0.01187

[dist]
# distance from previous block
# <min> <max>
0	1

[block]
# block no. 6 follows, 30 sequences, length 14
# corresponding to MSA columns:
# 358-371
name=unknown_G
#
# <colnr> <probs for GDERKNQSTAVLIFYWHMCP>
#	G	D	E	R	K	N	Q	S	T	A	V	L	I	F	Y	W	H	M	C	P
0	0.02314	0.01724	0.01874	0.01479	0.01976	0.01862	0.01199	0.53306	0.05016	0.03871	0.01933	0.10319	0.01608	0.00974	0.00706	0.00210	0.00698	0.00775	0.00669	0.07487
1	0.01015	0.00677	0.00761	0.00761	0.00761	0.00677	0.00423	0.01015	0.01015	0.01353	0.02199	0.04567	0.02537	0.75476	0.03552	0.00677	0.00677	0.01015	0.00423	0.00423
2	0.02538	0.01894	0.04117	0.01517	0.02044	0.05935	0.01269	0.48497	0.05579	0.11544	0.01836	0.01823	0.01299	0.00831	0.00680	0.00207	0.00747	0.00631	0.05891	0.01121
3	0.07259	0.23909	0.47417	0.01686	0.02551	0.01940	0.02054	0.02164	0.01437	0.02116	0.01152	0.01348	0.00878	0.00643	0.00585	0.00200	0.00915	0.00465	0.00306	0.00973
4	0.01001	0.00671	0.00765	0.00778	0.00781	0.00668	0.00441	0.01011	0.01041	0.01388	0.02332	0.10285	0.02706	0.69527	0.03336	0.00645	0.00654	0.01093	0.00441	0.00435
5	0.01038	0.00734	0.00856	0.00842	0.00947	0.00726	0.00567	0.03512	0.01360	0.01836	0.10863	0.08652	0.15211	0.35467	0.10119	0.00531	0.00684	0.01119	0.04388	0.00548
6	0.02476	0.01842	0.01979	0.01520	0.02067	0.01997	0.01251	0.60613	0.03065	0.04121	0.01908	0.01906	0.04590	0.00860	0.00691	0.00203	0.00729	0.00654	0.00675	0.06852
7	0.01809	0.43874	0.14921	0.01417	0.02023	0.09122	0.01425	0.02362	0.10530	0.01915	0.01309	0.01448	0.01087	0.00831	0.03095	0.00211	0.00859	0.00473	0.00361	0.00929
8	0.07574	0.14614	0.02147	0.01617	0.02009	0.54009	0.01266	0.02566	0.01802	0.01788	0.01086	0.01287	0.00923	0.00875	0.03457	0.00215	0.01154	0.00444	0.00355	0.00812
9	0.69188	0.01349	0.01145	0.01003	0.01415	0.01561	0.00828	0.02131	0.01243	0.08348	0.01106	0.01256	0.00842	0.00702	0.00576	0.00222	0.05419	0.00418	0.00457	0.00790
10	0.01966	0.01468	0.01681	0.03490	0.01908	0.01410	0.01054	0.28072	0.02187	0.07019	0.01700	0.07311	0.01408	0.00798	0.00633	0.00169	0.00624	0.00642	0.00566	0.35894
