[name]
unknown

[dist]
# distance from previous block
# <min> <max>
0	277

[block]
# block no. 0 follows, 28 sequences, length 26
# corresponding to MSA columns:
# 281-306
name=unknown_A
#
# <colnr> <probs for GDERKNQSTAVLIFYWHMCP>
#	G	D	E	R	K	N	Q	S	T	A	V	L	I	F	Y	W	H	M	C	P
0	0.01829	0.02017	0.05439	0.11402	0.35487	0.10157	0.18503	0.02297	0.01692	0.02230	0.01353	0.01787	0.01085	0.00661	0.00746	0.00223	0.01028	0.00675	0.00358	0.01030
1	0.04573	0.01978	0.02217	0.02749	0.29459	0.20441	0.01631	0.02176	0.01604	0.02051	0.01375	0.01847	0.01202	0.01720	0.15467	0.00414	0.07189	0.00617	0.00370	0.00922
2	0.69619	0.04877	0.01275	0.01046	0.01497	0.07584	0.00860	0.02203	0.01317	0.03067	0.01021	0.01191	0.00806	0.00679	0.00468	0.00219	0.00635	0.00400	0.00437	0.00798
3	0.01008	0.00741	0.00934	0.00886	0.01061	0.00677	0.00659	0.01317	0.01967	0.02733	0.58796	0.05611	0.14975	0.04292	0.00965	0.00249	0.00360	0.01334	0.00770	0.00667
4	0.01503	0.23647	0.02157	0.01293	0.01610	0.03380	0.03144	0.01955	0.09836	0.01923	0.05007	0.04732	0.01928	0.10400	0.19627	0.00515	0.05356	0.00749	0.00438	0.00799
5	0.01507	0.01292	0.01507	0.01077	0.01723	0.00969	0.00861	0.01830	0.01507	0.02369	0.01292	0.01507	0.01077	0.00538	0.00538	0.00108	0.00538	0.00431	0.00431	0.78898
6	0.01852	0.01653	0.01664	0.01498	0.01907	0.05176	0.01163	0.03816	0.65392	0.02980	0.02870	0.02644	0.02157	0.00975	0.00736	0.00244	0.00611	0.00805	0.00722	0.01136
7	0.01507	0.01292	0.01507	0.01077	0.01723	0.00969	0.00861	0.01830	0.01507	0.02369	0.01292	0.01507	0.01077	0.00538	0.00538	0.00108	0.00538	0.00431	0.00431	0.78898
8	0.01752	0.01679	0.02865	0.12055	0.62697	0.01715	0.02207	0.02189	0.01633	0.02317	0.01359	0.01815	0.01131	0.00656	0.00720	0.00219	0.00875	0.00647	0.00356	0.01113
9	0.00859	0.00736	0.00736	0.00736	0.00982	0.00614	0.00552	0.01043	0.01657	0.01964	0.07364	0.06996	0.69624	0.01841	0.00859	0.00245	0.00368	0.01534	0.00675	0.00614
10	0.00989	0.00785	0.00898	0.00906	0.01102	0.00728	0.00665	0.01360	0.07352	0.02280	0.22560	0.20939	0.33237	0.01772	0.00864	0.00252	0.00391	0.01533	0.00713	0.00673
11	0.01625	0.01656	0.02235	0.20591	0.05798	0.07130	0.01718	0.01884	0.01296	0.01808	0.01074	0.01670	0.00966	0.01063	0.01749	0.00284	0.45685	0.00627	0.00325	0.00818
12	0.02119	0.01853	0.01689	0.01480	0.01900	0.14767	0.01154	0.09780	0.36440	0.09305	0.02925	0.02758	0.08603	0.01008	0.00734	0.00230	0.00720	0.00801	0.00679	0.01056
13	0.00883	0.00645	0.00831	0.00980	0.01046	0.00593	0.00660	0.01016	0.01423	0.01868	0.04401	0.66100	0.12433	0.02226	0.00920	0.00289	0.00415	0.02004	0.00675	0.00593
14	0.01433	0.01341	0.02253	0.67842	0.04870	0.01645	0.04254	0.04143	0.01530	0.01968	0.01314	0.01932	0.00983	0.00728	0.00731	0.00242	0.00972	0.00654	0.00339	0.00828
15	0.01798	0.01752	0.02842	0.04241	0.65150	0.04102	0.02143	0.02212	0.01669	0.02340	0.01570	0.01965	0.03556	0.00693	0.00722	0.00216	0.00862	0.00673	0.00371	0.01122
16	0.01751	0.01678	0.02863	0.12193	0.62566	0.01714	0.02207	0.02189	0.01632	0.02316	0.01359	0.01815	0.01131	0.00657	0.00720	0.00219	0.00876	0.00647	0.00356	0.01112
17	0.01639	0.02890	0.41052	0.02393	0.06321	0.01745	0.19352	0.02318	0.01578	0.05537	0.01396	0.01708	0.01024	0.00727	0.00881	0.00241	0.07160	0.00644	0.00355	0.01038
18	0.00868	0.00703	0.00771	0.00826	0.01005	0.00606	0.00592	0.01033	0.01571	0.01929	0.06274	0.28744	0.48580	0.01983	0.00881	0.00262	0.00386	0.01707	0.00675	0.00606
19	0.01671	0.01875	0.03973	0.02882	0.03526	0.01820	0.58994	0.02225	0.01652	0.02260	0.01531	0.04897	0.01243	0.00737	0.00990	0.00253	0.07258	0.00889	0.00376	0.00949
20	0.01799	0.01727	0.02950	0.04462	0.69919	0.01727	0.02231	0.02231	0.01655	0.02375	0.01367	0.01799	0.01151	0.00648	0.00720	0.00216	0.00864	0.00648	0.00360	0.01151
21	0.01684	0.01531	0.01895	0.01634	0.01782	0.04049	0.01322	0.10886	0.07179	0.02226	0.01729	0.02315	0.04567	0.07621	0.07271	0.00388	0.39903	0.00738	0.00444	0.00838
22	0.02409	0.02977	0.01860	0.01721	0.02054	0.58401	0.01283	0.02659	0.04462	0.01841	0.01734	0.09866	0.03762	0.00970	0.00697	0.00204	0.01150	0.00700	0.00433	0.00818
23	0.01373	0.01292	0.02180	0.72707	0.05006	0.01615	0.02019	0.01857	0.01453	0.01857	0.01292	0.01938	0.00969	0.00727	0.00727	0.00242	0.00969	0.00646	0.00323	0.00807
24	0.01690	0.01587	0.02648	0.28287	0.44325	0.01710	0.02121	0.04821	0.01658	0.02285	0.01357	0.01846	0.01091	0.00685	0.00722	0.00225	0.00898	0.00647	0.00362	0.01034
25	0.01508	0.01131	0.01522	0.04332	0.01781	0.01166	0.06436	0.06285	0.17181	0.08133	0.03362	0.34618	0.06389	0.01549	0.00837	0.00264	0.00585	0.01390	0.00672	0.00858

[dist]
# distance from previous block
# <min> <max>
2	10

[block]
# block no. 1 follows, 28 sequences, length 10
# corresponding to MSA columns:
# 317-326
name=unknown_B
#
# <colnr> <probs for GDERKNQSTAVLIFYWHMCP>
#	G	D	E	R	K	N	Q	S	T	A	V	L	I	F	Y	W	H	M	C	P
0	0.02020	0.04399	0.05985	0.01558	0.02137	0.09951	0.06085	0.11841	0.09846	0.07354	0.01637	0.01754	0.01252	0.00731	0.00708	0.00183	0.03176	0.00578	0.00516	0.28289
1	0.01667	0.01745	0.12306	0.01466	0.02166	0.01221	0.07819	0.02195	0.05434	0.07407	0.01524	0.01697	0.01175	0.00621	0.00619	0.00157	0.00696	0.00534	0.00458	0.49093
2	0.01550	0.05656	0.01659	0.01196	0.01696	0.06205	0.03688	0.05849	0.01777	0.02456	0.12625	0.02816	0.10742	0.00896	0.00658	0.00165	0.00601	0.00741	0.00524	0.38502
3	0.01258	0.01008	0.01515	0.01389	0.01604	0.01016	0.09494	0.09742	0.01659	0.02240	0.03068	0.44336	0.03405	0.02371	0.11813	0.00414	0.00811	0.01529	0.00597	0.00733
4	0.02052	0.01667	0.01785	0.01485	0.01976	0.01832	0.01182	0.22408	0.40748	0.03410	0.02387	0.02272	0.01782	0.00895	0.00710	0.00220	0.00637	0.00722	0.00696	0.11133
5	0.01871	0.10238	0.22569	0.01809	0.02567	0.03528	0.13395	0.02439	0.03968	0.11945	0.01574	0.01733	0.01158	0.00678	0.00670	0.00197	0.00879	0.00591	0.00446	0.17747
6	0.02409	0.01719	0.05823	0.01463	0.02025	0.01641	0.01241	0.26500	0.14236	0.19183	0.02160	0.02159	0.01557	0.03634	0.00817	0.00230	0.00696	0.00682	0.00696	0.11127
7	0.01588	0.06550	0.12079	0.02529	0.03237	0.01727	0.46590	0.02151	0.01671	0.02240	0.02176	0.02503	0.09845	0.00780	0.00813	0.00238	0.01069	0.00875	0.00396	0.00942
8	0.01824	0.16478	0.08729	0.08501	0.25443	0.05163	0.01718	0.04480	0.04976	0.05783	0.01706	0.08927	0.01516	0.00858	0.00686	0.00216	0.00822	0.00732	0.00434	0.01008
9	0.01585	0.02017	0.12529	0.09520	0.03556	0.01675	0.44903	0.02171	0.01635	0.02251	0.01584	0.06474	0.01301	0.00737	0.00812	0.00239	0.01096	0.00851	0.00378	0.04684

[dist]
# distance from previous block
# <min> <max>
1	7

[block]
# block no. 2 follows, 28 sequences, length 17
# corresponding to MSA columns:
# 334-350
name=unknown_C
#
# <colnr> <probs for GDERKNQSTAVLIFYWHMCP>
#	G	D	E	R	K	N	Q	S	T	A	V	L	I	F	Y	W	H	M	C	P
0	0.01516	0.13610	0.53777	0.01941	0.02883	0.01809	0.05761	0.02233	0.01565	0.02254	0.05102	0.01723	0.01265	0.00721	0.00677	0.00220	0.00999	0.00577	0.00338	0.01027
1	0.02517	0.01783	0.05714	0.01775	0.02349	0.01736	0.11472	0.25882	0.07230	0.23443	0.02077	0.02081	0.01444	0.00990	0.02876	0.00259	0.03830	0.00718	0.00676	0.01147
2	0.01591	0.05241	0.02171	0.07420	0.02102	0.05951	0.01519	0.01792	0.01218	0.01751	0.01107	0.01726	0.01052	0.01646	0.09985	0.00394	0.51586	0.00631	0.00329	0.00789
3	0.01057	0.00705	0.00793	0.00793	0.00793	0.00705	0.00440	0.01057	0.01057	0.01409	0.02290	0.04757	0.02643	0.74454	0.03700	0.00705	0.00705	0.01057	0.00440	0.00440
4	0.01587	0.01744	0.05097	0.13414	0.03241	0.05317	0.33816	0.02012	0.01542	0.02051	0.01589	0.08760	0.01413	0.00985	0.01120	0.04737	0.09471	0.00871	0.00380	0.00852
5	0.02080	0.01570	0.04564	0.01612	0.05783	0.01605	0.01242	0.06666	0.41457	0.16384	0.06853	0.02685	0.02260	0.00963	0.00741	0.00237	0.00618	0.00804	0.00735	0.01140
6	0.00894	0.00677	0.00826	0.00917	0.01036	0.00609	0.00639	0.01064	0.01550	0.02012	0.12696	0.45645	0.24699	0.02052	0.00899	0.00272	0.00396	0.01817	0.00690	0.00609
7	0.01775	0.01658	0.02720	0.16903	0.51705	0.01739	0.02107	0.05938	0.03958	0.02427	0.01428	0.01852	0.01158	0.00687	0.00722	0.00222	0.00870	0.00654	0.00387	0.01092
8	0.01910	0.04671	0.02340	0.38408	0.07290	0.07183	0.05475	0.11349	0.04050	0.08085	0.01532	0.01895	0.01130	0.00757	0.00718	0.00228	0.00931	0.00648	0.00449	0.00951
9	0.01458	0.03760	0.70688	0.02072	0.03146	0.01688	0.02686	0.02302	0.01535	0.02302	0.01304	0.01535	0.00921	0.00691	0.00691	0.00230	0.01074	0.00537	0.00307	0.01074
10	0.01042	0.00763	0.01089	0.01089	0.01192	0.00866	0.00810	0.01247	0.01145	0.01629	0.02019	0.03255	0.01991	0.19944	0.57318	0.01071	0.01686	0.00837	0.00400	0.00605
11	0.01679	0.01638	0.02527	0.31280	0.36904	0.05394	0.02045	0.02205	0.05170	0.02173	0.01409	0.01877	0.01124	0.00703	0.00720	0.00226	0.00914	0.00647	0.00366	0.00998
12	0.03998	0.05386	0.13645	0.08609	0.13702	0.01814	0.14440	0.13230	0.07900	0.02733	0.01671	0.02090	0.01312	0.00779	0.00731	0.00230	0.00905	0.03057	0.02729	0.01038
13	0.01045	0.00705	0.00816	0.00819	0.00841	0.00696	0.00482	0.01091	0.01192	0.01609	0.10235	0.08530	0.03251	0.62080	0.03220	0.00627	0.00647	0.01141	0.00495	0.00477
14	0.02001	0.01930	0.01856	0.05489	0.06064	0.17034	0.01351	0.10933	0.26519	0.02702	0.03906	0.02857	0.01985	0.01029	0.00813	0.00241	0.03499	0.08208	0.00592	0.00995
15	0.01641	0.01905	0.12404	0.21687	0.43697	0.01693	0.02241	0.02145	0.01586	0.02231	0.01339	0.01797	0.01072	0.00674	0.00717	0.00225	0.00921	0.00631	0.00343	0.01052
16	0.02742	0.01909	0.14957	0.01509	0.02149	0.05055	0.01420	0.06845	0.07418	0.44629	0.02421	0.02211	0.01588	0.00857	0.00720	0.00225	0.00749	0.00683	0.00736	0.01178

[dist]
# distance from previous block
# <min> <max>
0	20

[block]
# block no. 3 follows, 28 sequences, length 8
# corresponding to MSA columns:
# 371-378
name=unknown_D
#
# <colnr> <probs for GDERKNQSTAVLIFYWHMCP>
#	G	D	E	R	K	N	Q	S	T	A	V	L	I	F	Y	W	H	M	C	P
0	0.01408	0.03908	0.01544	0.09815	0.07415	0.03785	0.01108	0.09809	0.01770	0.02355	0.08618	0.35244	0.03305	0.01506	0.00808	0.00248	0.00616	0.01332	0.00588	0.04819
1	0.01066	0.00797	0.01017	0.01106	0.01263	0.00776	0.00865	0.01436	0.06217	0.02221	0.14205	0.27145	0.13270	0.01919	0.00922	0.00289	0.00499	0.23616	0.00696	0.00674
2	0.01311	0.00790	0.01030	0.00955	0.01163	0.00724	0.00721	0.01626	0.01966	0.11117	0.51133	0.11175	0.05736	0.01446	0.00826	0.00231	0.00384	0.01272	0.05650	0.00744
3	0.79588	0.01406	0.01068	0.00956	0.01406	0.01631	0.00787	0.02137	0.01237	0.03261	0.01012	0.01181	0.00787	0.00675	0.00450	0.00225	0.00562	0.00394	0.00450	0.00787
4	0.01823	0.01892	0.02395	0.17709	0.34614	0.16088	0.01873	0.02204	0.01717	0.02155	0.04555	0.02328	0.01534	0.00816	0.00733	0.00224	0.00941	0.05039	0.00396	0.00962
5	0.01507	0.01292	0.01507	0.01077	0.01723	0.00969	0.00861	0.01830	0.01507	0.02369	0.01292	0.01507	0.01077	0.00538	0.00538	0.00108	0.00538	0.00431	0.00431	0.78898
6	0.01263	0.00631	0.00947	0.00947	0.00947	0.00631	0.00631	0.00947	0.00947	0.01263	0.01263	0.02210	0.01263	0.02525	0.02841	0.78851	0.00631	0.00631	0.00316	0.00316
7	0.01505	0.10590	0.64266	0.01992	0.03023	0.01802	0.02547	0.02290	0.01529	0.02245	0.01276	0.01499	0.00922	0.00684	0.00669	0.00223	0.01046	0.00523	0.00307	0.01061

[dist]
# distance from previous block
# <min> <max>
0	4

[block]
# block no. 4 follows, 28 sequences, length 8
# corresponding to MSA columns:
# 383-390
name=unknown_E
#
# <colnr> <probs for GDERKNQSTAVLIFYWHMCP>
#	G	D	E	R	K	N	Q	S	T	A	V	L	I	F	Y	W	H	M	C	P
0	0.08080	0.01355	0.02022	0.45543	0.10226	0.01609	0.01758	0.02186	0.11207	0.02216	0.01670	0.02347	0.01344	0.00829	0.00721	0.00244	0.00850	0.04495	0.00418	0.00880
1	0.01425	0.01013	0.03184	0.01051	0.01375	0.00860	0.00834	0.01838	0.06310	0.11816	0.28297	0.13470	0.12371	0.01369	0.00793	0.00224	0.00458	0.01185	0.00713	0.11413
2	0.14335	0.02322	0.20562	0.07292	0.28343	0.06608	0.05931	0.02264	0.01575	0.02422	0.01277	0.01613	0.01002	0.00673	0.00672	0.00223	0.00930	0.00577	0.00360	0.01018
3	0.00944	0.00665	0.00819	0.00918	0.00958	0.00632	0.00585	0.01030	0.01292	0.01707	0.03627	0.45439	0.08297	0.27434	0.01891	0.00435	0.00517	0.01679	0.00593	0.00540
4	0.01539	0.01440	0.02199	0.34111	0.12657	0.06347	0.07938	0.01938	0.01576	0.04340	0.01927	0.12765	0.01806	0.01024	0.00781	0.00248	0.00892	0.05194	0.00430	0.00847
5	0.01517	0.09648	0.60305	0.02072	0.03084	0.01799	0.07161	0.02293	0.01543	0.02254	0.01291	0.01534	0.00935	0.00679	0.00684	0.00225	0.01060	0.00547	0.00312	0.01056
6	0.01022	0.00785	0.01074	0.06069	0.06617	0.00761	0.00856	0.01228	0.01491	0.02010	0.06468	0.45678	0.14305	0.01852	0.00856	0.00267	0.00476	0.01656	0.05867	0.00662
7	0.02295	0.01314	0.01634	0.06140	0.01955	0.01332	0.01108	0.18134	0.06994	0.26796	0.17347	0.06607	0.02915	0.01088	0.00769	0.00230	0.00611	0.00911	0.00774	0.01046

[dist]
# distance from previous block
# <min> <max>
0	6

[block]
# block no. 5 follows, 28 sequences, length 22
# corresponding to MSA columns:
# 397-418
name=unknown_F
#
# <colnr> <probs for GDERKNQSTAVLIFYWHMCP>
#	G	D	E	R	K	N	Q	S	T	A	V	L	I	F	Y	W	H	M	C	P
0	0.08117	0.05357	0.21220	0.05470	0.20495	0.06534	0.05365	0.02476	0.08391	0.05432	0.03352	0.01850	0.01314	0.00737	0.00689	0.00223	0.00894	0.00624	0.00425	0.01038
1	0.10548	0.07027	0.41760	0.01735	0.02526	0.01637	0.04735	0.05566	0.01638	0.02525	0.08554	0.02059	0.01637	0.04089	0.00811	0.00246	0.00895	0.00637	0.00407	0.00968
2	0.01192	0.01058	0.04025	0.01140	0.01318	0.04621	0.00891	0.03484	0.01465	0.02007	0.14969	0.07209	0.02973	0.15425	0.34102	0.00745	0.01247	0.00965	0.00498	0.00665
3	0.16900	0.04610	0.05799	0.08535	0.02162	0.10192	0.01276	0.18596	0.02007	0.04673	0.05914	0.02021	0.01526	0.04732	0.00896	0.00246	0.04568	0.00631	0.03799	0.00914
4	0.69240	0.01432	0.01201	0.04051	0.01623	0.01648	0.00884	0.05998	0.01402	0.05510	0.01129	0.01289	0.00855	0.00696	0.00487	0.00225	0.00595	0.00431	0.00476	0.00829
5	0.20975	0.20045	0.27336	0.01584	0.02315	0.07112	0.04148	0.02259	0.01492	0.02362	0.01154	0.01357	0.00904	0.00666	0.00576	0.00204	0.00880	0.00469	0.00355	0.03805
6	0.01929	0.02012	0.07992	0.09553	0.45429	0.06725	0.02077	0.10893	0.01891	0.02575	0.01389	0.01749	0.01114	0.00695	0.00714	0.00218	0.00912	0.00627	0.00402	0.01105
7	0.00914	0.00663	0.00874	0.01015	0.01085	0.00608	0.00683	0.01049	0.01397	0.01879	0.03883	0.70689	0.04638	0.02198	0.00910	0.00287	0.00427	0.01992	0.00664	0.04146
8	0.01939	0.02036	0.02677	0.11865	0.48374	0.16150	0.02035	0.02326	0.01715	0.02191	0.01308	0.01714	0.01086	0.00678	0.00707	0.00213	0.00968	0.00610	0.00359	0.01048
9	0.01587	0.01388	0.02100	0.28857	0.19393	0.01533	0.01672	0.08862	0.04159	0.02354	0.04415	0.02242	0.01496	0.04286	0.07768	0.00335	0.00944	0.00700	0.00428	0.05484
10	0.01471	0.03666	0.67218	0.02124	0.03180	0.01696	0.06061	0.02303	0.01544	0.02303	0.01313	0.01557	0.00930	0.00687	0.00699	0.00231	0.01082	0.00554	0.00310	0.01069
11	0.02205	0.02488	0.08205	0.01968	0.05067	0.24542	0.01608	0.16424	0.01978	0.02447	0.01228	0.01538	0.01015	0.00939	0.01249	0.00242	0.24909	0.00578	0.00426	0.00946
12	0.00886	0.00633	0.00843	0.01012	0.01054	0.00590	0.00675	0.01012	0.01392	0.01856	0.04006	0.73979	0.04808	0.02277	0.00928	0.00295	0.00422	0.02066	0.00675	0.00590
13	0.01625	0.04735	0.02181	0.19987	0.24267	0.04559	0.01666	0.04744	0.04826	0.02196	0.04252	0.02715	0.01705	0.01077	0.00970	0.08561	0.00823	0.07796	0.00429	0.00887
14	0.01553	0.03560	0.64683	0.02141	0.05993	0.01662	0.02594	0.02354	0.01564	0.05325	0.01377	0.01588	0.00970	0.00698	0.00694	0.00229	0.01045	0.00551	0.00336	0.01085
15	0.00886	0.00633	0.00843	0.01012	0.01054	0.00590	0.00675	0.01012	0.01392	0.01856	0.04006	0.73979	0.04808	0.02277	0.00928	0.00295	0.00422	0.02066	0.00675	0.00590
16	0.11713	0.01752	0.05872	0.21139	0.24766	0.01808	0.01816	0.17543	0.01960	0.02868	0.01389	0.01731	0.01066	0.00727	0.00688	0.00225	0.00849	0.00611	0.00446	0.01031
17	0.01592	0.17870	0.40425	0.02297	0.15381	0.01882	0.02196	0.02195	0.01538	0.02170	0.01398	0.05335	0.01172	0.00752	0.00662	0.00216	0.00939	0.00608	0.00337	0.01034
18	0.01129	0.00978	0.01009	0.01068	0.01268	0.06302	0.00847	0.01354	0.01645	0.01991	0.05096	0.12540	0.32196	0.05113	0.01028	0.00298	0.00571	0.24285	0.00639	0.00642
19	0.00967	0.00696	0.00790	0.00830	0.00901	0.00655	0.00523	0.01043	0.01286	0.01653	0.03965	0.21509	0.19961	0.39347	0.02338	0.00494	0.00554	0.01413	0.00554	0.00519
20	0.01453	0.03631	0.67105	0.05766	0.03243	0.01684	0.02651	0.02279	0.01530	0.02279	0.01304	0.01556	0.00923	0.00692	0.00692	0.00231	0.01069	0.00543	0.00308	0.01060
21	0.03602	0.07694	0.14327	0.04258	0.16801	0.01667	0.09628	0.05721	0.09294	0.05586	0.08058	0.02236	0.01806	0.00803	0.00709	0.00221	0.00807	0.00715	0.05049	0.01018

[dist]
# distance from previous block
# <min> <max>
0	4

[block]
# block no. 6 follows, 28 sequences, length 13
# corresponding to MSA columns:
# 423-435
name=unknown_G
#
# <colnr> <probs for GDERKNQSTAVLIFYWHMCP>
#	G	D	E	R	K	N	Q	S	T	A	V	L	I	F	Y	W	H	M	C	P
0	0.06933	0.28167	0.22455	0.02206	0.17863	0.02075	0.01843	0.02310	0.01557	0.06523	0.01296	0.01502	0.01026	0.00669	0.00605	0.00200	0.00858	0.00513	0.00368	0.01034
1	0.00948	0.00666	0.00857	0.00978	0.01023	0.00635	0.00652	0.01066	0.01357	0.01812	0.06027	0.51453	0.04347	0.18842	0.01568	0.00389	0.00499	0.05692	0.00625	0.00564
2	0.01813	0.01802	0.05134	0.27070	0.19758	0.09018	0.01788	0.11524	0.04202	0.02393	0.01496	0.02043	0.01223	0.06564	0.00951	0.00263	0.00924	0.00663	0.00419	0.00952
3	0.01381	0.00742	0.01045	0.01004	0.01050	0.00760	0.00691	0.06205	0.01142	0.01525	0.01301	0.02173	0.01261	0.02395	0.02674	0.72638	0.00645	0.00633	0.00348	0.00388
4	0.01085	0.00742	0.00943	0.00920	0.01080	0.00680	0.00668	0.01346	0.01828	0.05387	0.44220	0.16965	0.12148	0.07395	0.01089	0.00279	0.00399	0.01418	0.00743	0.00667
5	0.00921	0.00652	0.00856	0.01005	0.01049	0.00617	0.00675	0.01044	0.01369	0.01822	0.03803	0.62511	0.04527	0.10475	0.01247	0.00344	0.00467	0.05390	0.00648	0.00578
6	0.01886	0.52676	0.19521	0.01487	0.02198	0.07751	0.01597	0.02261	0.01534	0.01856	0.01089	0.01264	0.00930	0.00648	0.00534	0.00176	0.00888	0.00430	0.00315	0.00960
7	0.02151	0.48793	0.07565	0.01546	0.04996	0.13939	0.01390	0.02428	0.01638	0.07887	0.01229	0.01357	0.01019	0.00673	0.00547	0.00174	0.00874	0.00453	0.00376	0.00964
8	0.01943	0.74891	0.03809	0.01244	0.01866	0.02876	0.01244	0.02177	0.01477	0.01710	0.01011	0.01166	0.00933	0.00622	0.00466	0.00155	0.00777	0.00389	0.00311	0.00933
9	0.00968	0.00734	0.00894	0.00882	0.01065	0.00660	0.00660	0.01242	0.01860	0.02497	0.41957	0.12101	0.26233	0.01686	0.00869	0.00244	0.00369	0.03680	0.00745	0.00654
10	0.01538	0.17629	0.47886	0.01913	0.02806	0.01867	0.07121	0.02197	0.01528	0.02157	0.01431	0.06120	0.01185	0.00772	0.00674	0.00221	0.00985	0.00629	0.00336	0.01008
11	0.00999	0.05193	0.01048	0.00960	0.01115	0.00774	0.00709	0.01201	0.01607	0.02109	0.18955	0.34073	0.18546	0.04184	0.00963	0.00277	0.00439	0.05540	0.00673	0.00637
12	0.07508	0.10772	0.34354	0.02353	0.17743	0.06073	0.02081	0.02240	0.01597	0.02330	0.05387	0.01749	0.01325	0.00724	0.00662	0.00216	0.00926	0.00578	0.00364	0.01017

[dist]
# distance from previous block
# <min> <max>
14	21

[block]
# block no. 7 follows, 28 sequences, length 69
# corresponding to MSA columns:
# 460-528
name=unknown_H
#
# <colnr> <probs for GDERKNQSTAVLIFYWHMCP>
#	G	D	E	R	K	N	Q	S	T	A	V	L	I	F	Y	W	H	M	C	P
0	0.05083	0.01248	0.02006	0.62795	0.04476	0.01529	0.01833	0.01811	0.01478	0.01972	0.04329	0.02294	0.04613	0.00810	0.00725	0.00241	0.00894	0.00705	0.00366	0.00792
1	0.21088	0.02123	0.01780	0.01488	0.01973	0.18466	0.01185	0.24963	0.09924	0.03281	0.01531	0.01602	0.01159	0.00788	0.00633	0.00209	0.00822	0.00552	0.00559	0.05873
2	0.01601	0.24788	0.50916	0.01827	0.02768	0.02039	0.02259	0.02265	0.01518	0.02127	0.01218	0.01426	0.00924	0.00670	0.00624	0.00208	0.00987	0.00493	0.00308	0.01032
3	0.25031	0.05320	0.01839	0.05461	0.10601	0.01515	0.01215	0.06797	0.01799	0.30792	0.01884	0.01869	0.01297	0.00776	0.00633	0.00221	0.00672	0.00595	0.00627	0.01056
4	0.01566	0.12001	0.55584	0.01956	0.02918	0.01786	0.05209	0.02295	0.01568	0.04244	0.03495	0.01661	0.01145	0.00710	0.00678	0.00222	0.01009	0.00564	0.00343	0.01046
5	0.06081	0.01394	0.06238	0.03984	0.01886	0.01246	0.01140	0.05176	0.13833	0.30187	0.17727	0.03013	0.02861	0.01015	0.00744	0.00230	0.00596	0.00844	0.00758	0.01047
6	0.00902	0.00738	0.00796	0.00781	0.01008	0.00632	0.00586	0.01126	0.01758	0.02203	0.23031	0.06601	0.53808	0.01752	0.00859	0.00241	0.00362	0.01479	0.00707	0.00632
7	0.01616	0.01530	0.05974	0.52047	0.10819	0.01647	0.03875	0.06119	0.01641	0.05763	0.01417	0.01920	0.01049	0.00732	0.00728	0.00237	0.00943	0.00651	0.00383	0.00910
8	0.01043	0.00712	0.00818	0.00809	0.00849	0.00697	0.00485	0.01107	0.01246	0.01677	0.13252	0.04975	0.06646	0.59221	0.03106	0.00606	0.00630	0.01122	0.00509	0.00488
9	0.00882	0.00645	0.00830	0.00978	0.01045	0.00593	0.00660	0.01016	0.01425	0.01869	0.04424	0.65649	0.12869	0.02223	0.00919	0.00289	0.00415	0.02000	0.00675	0.00593
10	0.01008	0.00742	0.00942	0.00892	0.01073	0.00677	0.00669	0.01331	0.02008	0.02797	0.61804	0.05625	0.14665	0.01530	0.00858	0.00231	0.00346	0.01342	0.00785	0.00677
11	0.01918	0.61121	0.07222	0.01514	0.05570	0.05032	0.01396	0.02189	0.01491	0.01782	0.01046	0.01246	0.00945	0.00664	0.00594	0.00172	0.04415	0.00425	0.00316	0.00942
12	0.01399	0.01319	0.02228	0.68446	0.09059	0.01622	0.02032	0.01881	0.01466	0.01890	0.01297	0.01929	0.00980	0.00722	0.00726	0.00241	0.00962	0.00646	0.00325	0.00829
13	0.00886	0.00633	0.00843	0.01012	0.01054	0.00590	0.00675	0.01012	0.01392	0.01856	0.04006	0.73979	0.04808	0.02277	0.00928	0.00295	0.00422	0.02066	0.00675	0.00590
14	0.06744	0.01921	0.02031	0.01582	0.02130	0.02131	0.01301	0.58109	0.06344	0.04356	0.01792	0.01803	0.01287	0.00866	0.00703	0.00218	0.00756	0.00650	0.04092	0.01184
15	0.24150	0.11746	0.13626	0.01463	0.04266	0.01708	0.01353	0.08806	0.01754	0.19742	0.01639	0.01691	0.01171	0.00897	0.02864	0.00246	0.00770	0.00548	0.00541	0.01020
16	0.04770	0.01427	0.01997	0.35603	0.09537	0.01666	0.01643	0.02676	0.24701	0.05656	0.01939	0.02188	0.01450	0.00815	0.00720	0.00240	0.00790	0.00701	0.00503	0.00977
17	0.01521	0.09343	0.58240	0.02114	0.07154	0.01759	0.02467	0.02269	0.01536	0.02261	0.01284	0.01520	0.00942	0.00676	0.00668	0.00218	0.01016	0.00528	0.00315	0.04169
18	0.00938	0.00738	0.00838	0.00858	0.01044	0.00647	0.00621	0.01122	0.01585	0.02018	0.12351	0.21381	0.37737	0.07863	0.01102	0.00291	0.00424	0.04029	0.00659	0.03757
19	0.15041	0.01788	0.05329	0.01468	0.01951	0.03668	0.01220	0.15083	0.40098	0.03287	0.02275	0.02179	0.01697	0.00891	0.00684	0.00235	0.00660	0.00695	0.00656	0.01093
20	0.04424	0.01398	0.13665	0.01283	0.01660	0.01005	0.01220	0.01819	0.03867	0.07832	0.22380	0.04910	0.06974	0.01465	0.00944	0.04442	0.00619	0.18666	0.00636	0.00791
21	0.01627	0.01552	0.02640	0.31932	0.43790	0.01682	0.02145	0.02080	0.01574	0.02166	0.01337	0.01855	0.01078	0.00679	0.00722	0.00226	0.00906	0.00647	0.00345	0.01013
22	0.01941	0.56006	0.03385	0.01414	0.01904	0.08209	0.01319	0.02157	0.01458	0.01723	0.01009	0.01254	0.00937	0.00749	0.00827	0.00187	0.13862	0.00440	0.00317	0.00901
23	0.01235	0.00650	0.00974	0.00974	0.00991	0.00666	0.00666	0.00991	0.00974	0.01315	0.01348	0.02290	0.01332	0.02889	0.11389	0.69190	0.00795	0.00650	0.00325	0.00357
24	0.01799	0.01727	0.02950	0.04462	0.69919	0.01727	0.02231	0.02231	0.01655	0.02375	0.01367	0.01799	0.01151	0.00648	0.00720	0.00216	0.00864	0.00648	0.00360	0.01151
25	0.01025	0.00691	0.00802	0.00834	0.00842	0.00683	0.00484	0.01049	0.01120	0.01493	0.02613	0.17761	0.03049	0.60894	0.03179	0.00628	0.00652	0.01247	0.00484	0.00469
26	0.07150	0.01588	0.01749	0.01405	0.01872	0.01708	0.01139	0.36743	0.08418	0.10923	0.16794	0.02678	0.02585	0.01007	0.00740	0.00224	0.00647	0.00805	0.00745	0.01080
27	0.01496	0.01418	0.02403	0.52932	0.23816	0.01647	0.02080	0.01965	0.01512	0.02007	0.01314	0.01898	0.01022	0.00704	0.00725	0.00235	0.00938	0.00646	0.00334	0.00907
28	0.01036	0.00772	0.00994	0.01108	0.01274	0.00730	0.00905	0.01297	0.01640	0.02102	0.07934	0.18794	0.21352	0.01985	0.00947	0.00300	0.00534	0.34975	0.00678	0.00642
29	0.01171	0.00837	0.01171	0.01339	0.01506	0.00837	0.01171	0.01506	0.01673	0.02175	0.03849	0.08199	0.04183	0.02008	0.01004	0.00335	0.00669	0.65027	0.00669	0.00669
30	0.01856	0.01881	0.02728	0.06443	0.56719	0.10066	0.02057	0.02251	0.01697	0.02268	0.01574	0.01952	0.03848	0.00710	0.00718	0.00215	0.00901	0.00661	0.00373	0.01081
31	0.01531	0.01636	0.03293	0.05304	0.03090	0.01648	0.43629	0.01993	0.01560	0.02140	0.01816	0.13305	0.01689	0.01135	0.03583	0.00295	0.10056	0.01010	0.00409	0.00877
32	0.02763	0.02036	0.02182	0.01672	0.02254	0.02254	0.01382	0.67496	0.03418	0.04581	0.01745	0.01745	0.01236	0.00873	0.00727	0.00218	0.00800	0.00654	0.00727	0.01236
33	0.69862	0.01610	0.06443	0.01144	0.01655	0.01645	0.04237	0.02159	0.01283	0.03143	0.01057	0.01246	0.00813	0.00673	0.00488	0.00226	0.00634	0.00427	0.00435	0.00818
34	0.00886	0.00633	0.00843	0.01012	0.01054	0.00590	0.00675	0.01012	0.01392	0.01856	0.04006	0.73979	0.04808	0.02277	0.00928	0.00295	0.00422	0.02066	0.00675	0.00590
35	0.01584	0.01816	0.07090	0.07301	0.03367	0.01607	0.45721	0.02129	0.01645	0.02264	0.01682	0.06630	0.01433	0.00775	0.00817	0.00236	0.01056	0.03367	0.00399	0.09082
36	0.01056	0.00709	0.00817	0.00817	0.00825	0.00718	0.00471	0.01073	0.01064	0.01427	0.02268	0.04634	0.02590	0.70006	0.08075	0.00735	0.00785	0.01039	0.00437	0.00454
37	0.01973	0.01679	0.01726	0.01520	0.01946	0.04611	0.01201	0.14506	0.51322	0.03206	0.02727	0.02784	0.02105	0.01012	0.00748	0.00244	0.00648	0.04195	0.00719	0.01127
38	0.01458	0.03760	0.70688	0.02072	0.03146	0.01688	0.02686	0.02302	0.01535	0.02302	0.01304	0.01535	0.00921	0.00691	0.00691	0.00230	0.01074	0.00537	0.00307	0.01074
39	0.25659	0.19208	0.10585	0.07087	0.05631	0.01804	0.01304	0.04252	0.01496	0.02466	0.05648	0.01881	0.03892	0.00880	0.00714	0.04939	0.00717	0.00568	0.00416	0.00853
40	0.01716	0.01961	0.04289	0.03064	0.03799	0.01838	0.67279	0.02328	0.01716	0.02328	0.01471	0.01961	0.01103	0.00613	0.00858	0.00245	0.01225	0.00858	0.00368	0.00980
41	0.00993	0.00710	0.00965	0.01121	0.01213	0.00681	0.00848	0.01204	0.01526	0.02024	0.07476	0.47378	0.04701	0.02141	0.00951	0.00305	0.00504	0.23959	0.00680	0.00623
42	0.00914	0.00654	0.00874	0.01029	0.01088	0.00613	0.00710	0.01069	0.01453	0.01944	0.08087	0.65128	0.04892	0.02209	0.00929	0.00294	0.00434	0.06395	0.00682	0.00602
43	0.01719	0.01665	0.02659	0.22279	0.47465	0.04118	0.02099	0.02226	0.04525	0.02246	0.01408	0.01859	0.01142	0.00687	0.00720	0.00223	0.00894	0.00649	0.00367	0.01050
44	0.00877	0.00724	0.00770	0.00786	0.01000	0.00617	0.00579	0.01068	0.01659	0.02034	0.12442	0.15188	0.56015	0.01864	0.00867	0.00250	0.00373	0.01581	0.00686	0.00617
45	0.00971	0.00698	0.00920	0.00954	0.01073	0.00647	0.00681	0.01226	0.01788	0.02486	0.42986	0.33203	0.06028	0.01807	0.00886	0.00256	0.00375	0.01619	0.00749	0.00647
46	0.10981	0.17246	0.34525	0.05642	0.05337	0.08174	0.04162	0.02286	0.01541	0.02232	0.01203	0.01446	0.00926	0.00678	0.00623	0.00212	0.00967	0.00505	0.00336	0.00977
47	0.44715	0.01559	0.09532	0.09767	0.02053	0.01466	0.01207	0.02043	0.01388	0.05454	0.01638	0.06555	0.01471	0.00931	0.00611	0.00244	0.00677	0.07401	0.00472	0.00817
48	0.00886	0.00633	0.00843	0.01012	0.01054	0.00590	0.00675	0.01012	0.01392	0.01856	0.04006	0.73979	0.04808	0.02277	0.00928	0.00295	0.00422	0.02066	0.00675	0.00590
49	0.72146	0.01424	0.01150	0.01005	0.01467	0.01628	0.00828	0.05052	0.01377	0.06931	0.01144	0.01275	0.00861	0.00695	0.00477	0.00225	0.00576	0.00423	0.00486	0.00831
50	0.02061	0.18381	0.10827	0.10170	0.06424	0.10180	0.01475	0.02407	0.01677	0.16579	0.04210	0.02081	0.01494	0.05434	0.03376	0.00270	0.00894	0.00626	0.00478	0.00953
51	0.05942	0.01778	0.02778	0.11582	0.51751	0.05913	0.05317	0.02230	0.01638	0.02327	0.01331	0.01760	0.01097	0.00662	0.00709	0.00219	0.00904	0.00634	0.00362	0.01067
52	0.55020	0.01498	0.01562	0.08440	0.07135	0.03439	0.04347	0.02187	0.01363	0.05461	0.01160	0.01405	0.00895	0.00703	0.00590	0.00229	0.02801	0.00482	0.00438	0.00845
53	0.01789	0.01523	0.02461	0.02168	0.10888	0.01589	0.20853	0.13459	0.01887	0.02784	0.01723	0.02089	0.01345	0.00799	0.00867	0.00221	0.08111	0.00719	0.23786	0.00938
54	0.01356	0.00719	0.01024	0.00992	0.01029	0.00733	0.00678	0.05102	0.01101	0.01470	0.01293	0.02181	0.01261	0.02422	0.02709	0.73941	0.00642	0.00633	0.00341	0.00373
55	0.01718	0.01763	0.07254	0.23079	0.43167	0.01726	0.02150	0.06207	0.01701	0.02364	0.01366	0.01816	0.01091	0.00687	0.00720	0.00224	0.00903	0.00640	0.00369	0.01056
56	0.01673	0.01835	0.03588	0.02671	0.03157	0.01970	0.44961	0.02132	0.01511	0.02132	0.01295	0.01835	0.01052	0.00837	0.01377	0.00270	0.25653	0.00783	0.00351	0.00917
57	0.03223	0.01299	0.01725	0.01322	0.01886	0.01160	0.01092	0.08460	0.02183	0.65360	0.02781	0.02418	0.01756	0.00898	0.00731	0.00224	0.00632	0.00725	0.00886	0.01237
58	0.01071	0.00783	0.00987	0.01088	0.01212	0.00759	0.00798	0.06084	0.01618	0.02124	0.04156	0.50703	0.11109	0.02082	0.00918	0.00291	0.00486	0.12398	0.00678	0.00654
59	0.06894	0.01778	0.05324	0.01502	0.02081	0.01743	0.01287	0.37158	0.02715	0.26363	0.04343	0.02073	0.01574	0.00883	0.00716	0.00222	0.00725	0.00683	0.00752	0.01186
60	0.01023	0.00743	0.00964	0.00909	0.01082	0.00683	0.00681	0.01361	0.02044	0.02883	0.67450	0.05482	0.08965	0.01498	0.00857	0.00229	0.00344	0.01322	0.00796	0.00683
61	0.01016	0.00738	0.00956	0.00911	0.01080	0.00679	0.00680	0.01343	0.02014	0.02832	0.64272	0.08179	0.09506	0.01532	0.00860	0.00232	0.00347	0.01354	0.00790	0.00679
62	0.01628	0.05618	0.34257	0.02249	0.05546	0.05367	0.12916	0.02193	0.01490	0.02125	0.01228	0.01604	0.00969	0.00819	0.01123	0.00249	0.18708	0.00609	0.00325	0.00977
63	0.01254	0.00637	0.00956	0.00956	0.00961	0.00642	0.00642	0.00961	0.00956	0.01280	0.01290	0.02236	0.01285	0.02643	0.05609	0.75722	0.00684	0.00637	0.00319	0.00329
64	0.01121	0.00760	0.00989	0.00932	0.01117	0.00696	0.00698	0.01442	0.02004	0.06051	0.60054	0.09470	0.08860	0.01519	0.00856	0.00233	0.00362	0.01340	0.00793	0.00704
65	0.01098	0.00867	0.01177	0.01170	0.01301	0.03342	0.00898	0.01339	0.01192	0.01674	0.01939	0.02916	0.01836	0.09423	0.65051	0.01106	0.01851	0.00785	0.00392	0.00643
66	0.10026	0.05163	0.02064	0.06145	0.05899	0.30362	0.01395	0.13724	0.09869	0.02583	0.01443	0.01610	0.01137	0.00807	0.00750	0.00214	0.04819	0.00560	0.00475	0.00955
67	0.02103	0.31534	0.02663	0.04969	0.02080	0.09041	0.01275	0.22094	0.02102	0.02614	0.01554	0.07249	0.01388	0.01142	0.04957	0.00255	0.00889	0.00647	0.00479	0.00966
68	0.01776	0.01704	0.02909	0.08132	0.66428	0.01721	0.02219	0.02211	0.01644	0.02347	0.01363	0.01807	0.01142	0.00652	0.00720	0.00217	0.00869	0.00648	0.00358	0.01133

[dist]
# distance from previous block
# <min> <max>
0	2

[block]
# block no. 8 follows, 28 sequences, length 76
# corresponding to MSA columns:
# 531-606
name=unknown_I
#
# <colnr> <probs for GDERKNQSTAVLIFYWHMCP>
#	G	D	E	R	K	N	Q	S	T	A	V	L	I	F	Y	W	H	M	C	P
0	0.07854	0.21494	0.35294	0.02074	0.10689	0.02019	0.04065	0.04634	0.01585	0.02319	0.01235	0.01465	0.00958	0.00671	0.00624	0.00209	0.00927	0.00515	0.00343	0.01028
1	0.01652	0.01715	0.02334	0.23507	0.05255	0.09614	0.06434	0.01960	0.01399	0.01861	0.01215	0.01902	0.01073	0.01004	0.01484	0.00273	0.33535	0.02617	0.00342	0.00825
2	0.01632	0.01500	0.02451	0.37774	0.30677	0.01675	0.02028	0.06527	0.01678	0.02265	0.01450	0.02106	0.01182	0.00754	0.00734	0.00234	0.00904	0.03082	0.00379	0.00970
3	0.01605	0.12170	0.05234	0.18456	0.07109	0.02106	0.05008	0.01917	0.01325	0.01859	0.01106	0.01640	0.00973	0.00957	0.01477	0.00264	0.35000	0.00611	0.00323	0.00861
4	0.01439	0.01073	0.01129	0.01072	0.01236	0.05860	0.00772	0.10458	0.01600	0.02210	0.02313	0.13975	0.02330	0.20513	0.13485	0.03738	0.00858	0.00985	0.14281	0.00673
5	0.01708	0.01668	0.02941	0.17439	0.50603	0.01717	0.08914	0.02169	0.01623	0.02270	0.01363	0.01843	0.01111	0.00659	0.00735	0.00224	0.00921	0.00669	0.00354	0.01068
6	0.02763	0.02036	0.02182	0.01672	0.02254	0.02254	0.01382	0.67496	0.03418	0.04581	0.01745	0.01745	0.01236	0.00873	0.00727	0.00218	0.00800	0.00654	0.00727	0.01236
7	0.01373	0.01292	0.02180	0.72707	0.05006	0.01615	0.02019	0.01857	0.01453	0.01857	0.01292	0.01938	0.00969	0.00727	0.00727	0.00242	0.00969	0.00646	0.00323	0.00807
8	0.01056	0.00708	0.00812	0.00812	0.00818	0.00715	0.00464	0.01069	0.01063	0.01423	0.02273	0.04662	0.02601	0.71004	0.07093	0.00728	0.00767	0.01043	0.00438	0.00451
9	0.01029	0.00743	0.00972	0.00914	0.01086	0.00686	0.00686	0.01372	0.02058	0.02915	0.69536	0.05430	0.06859	0.01486	0.00857	0.00229	0.00343	0.01315	0.00800	0.00686
10	0.01038	0.00779	0.01168	0.01168	0.01298	0.00909	0.00909	0.01298	0.01168	0.01687	0.01947	0.02856	0.01817	0.05452	0.71573	0.01168	0.01947	0.00779	0.00389	0.00649
11	0.01808	0.01561	0.01644	0.01479	0.01890	0.01808	0.01151	0.03863	0.68606	0.03041	0.02959	0.02712	0.02219	0.00986	0.00740	0.00247	0.00575	0.00822	0.00740	0.01151
12	0.01799	0.01727	0.02950	0.04462	0.69919	0.01727	0.02231	0.02231	0.01655	0.02375	0.01367	0.01799	0.01151	0.00648	0.00720	0.00216	0.00864	0.00648	0.00360	0.01151
13	0.00886	0.00633	0.00843	0.01012	0.01054	0.00590	0.00675	0.01012	0.01392	0.01856	0.04006	0.73979	0.04808	0.02277	0.00928	0.00295	0.00422	0.02066	0.00675	0.00590
14	0.00886	0.00633	0.00843	0.01012	0.01054	0.00590	0.00675	0.01012	0.01392	0.01856	0.04006	0.73979	0.04808	0.02277	0.00928	0.00295	0.00422	0.02066	0.00675	0.00590
15	0.03070	0.01544	0.01877	0.01439	0.02009	0.01524	0.01189	0.28141	0.02595	0.45098	0.02436	0.02194	0.01583	0.00889	0.00730	0.00222	0.00688	0.00702	0.00833	0.01237
16	0.01010	0.00742	0.00945	0.00895	0.01074	0.00678	0.00671	0.01335	0.02013	0.02808	0.62569	0.05605	0.13892	0.01526	0.00858	0.00231	0.00346	0.01339	0.00786	0.00678
17	0.00886	0.00633	0.00843	0.01012	0.01054	0.00590	0.00675	0.01012	0.01392	0.01856	0.04006	0.73979	0.04808	0.02277	0.00928	0.00295	0.00422	0.02066	0.00675	0.00590
18	0.73138	0.01396	0.01160	0.06873	0.01703	0.01629	0.00889	0.02114	0.01255	0.03146	0.01035	0.01243	0.00802	0.00679	0.00473	0.00226	0.00596	0.00414	0.00439	0.00789
19	0.01645	0.01552	0.02398	0.06106	0.48741	0.04360	0.01807	0.01989	0.01575	0.02160	0.01845	0.02691	0.04440	0.11911	0.01184	0.00295	0.00833	0.03096	0.00396	0.00977
20	0.03094	0.01403	0.04702	0.01355	0.01934	0.01191	0.01159	0.06920	0.05007	0.61036	0.02744	0.02405	0.01749	0.00893	0.00729	0.00226	0.00646	0.00722	0.00858	0.01226
21	0.14100	0.01324	0.02024	0.58894	0.06466	0.01621	0.01825	0.01914	0.01425	0.02102	0.01249	0.01811	0.00945	0.00716	0.00682	0.00239	0.00900	0.00605	0.00345	0.00815
22	0.01421	0.01341	0.02267	0.64995	0.12341	0.01628	0.02043	0.01899	0.01476	0.01916	0.01300	0.01922	0.00990	0.00718	0.00726	0.00239	0.00957	0.00646	0.00327	0.00846
23	0.01510	0.01302	0.01533	0.01106	0.01729	0.01013	0.00887	0.01827	0.01493	0.02347	0.01280	0.01510	0.01072	0.00564	0.00603	0.00115	0.03091	0.00438	0.00427	0.76151
24	0.01667	0.05468	0.05619	0.09434	0.14989	0.01947	0.26679	0.02105	0.01503	0.02107	0.01270	0.01777	0.01045	0.00807	0.01200	0.00254	0.20130	0.00707	0.00344	0.00946
25	0.01581	0.10312	0.61438	0.01961	0.02970	0.01773	0.02481	0.02344	0.01553	0.05195	0.01345	0.01541	0.00960	0.00693	0.00671	0.00223	0.01027	0.00532	0.00333	0.01068
26	0.03261	0.01237	0.01687	0.01293	0.01856	0.01068	0.01068	0.03543	0.02081	0.70423	0.02868	0.02474	0.01799	0.00900	0.00731	0.00225	0.00619	0.00731	0.00900	0.01237
27	0.00886	0.00633	0.00843	0.01012	0.01054	0.00590	0.00675	0.01012	0.01392	0.01856	0.04006	0.73979	0.04808	0.02277	0.00928	0.00295	0.00422	0.02066	0.00675	0.00590
28	0.01693	0.04156	0.03359	0.21746	0.03790	0.07024	0.36962	0.02189	0.01611	0.02091	0.01338	0.01850	0.01036	0.00710	0.00925	0.00243	0.07282	0.00738	0.00350	0.00906
29	0.00979	0.00755	0.00822	0.00808	0.01038	0.00651	0.00609	0.01190	0.01711	0.04144	0.16989	0.06562	0.52061	0.04750	0.00978	0.00265	0.00397	0.03961	0.00692	0.00639
30	0.01057	0.00705	0.00793	0.00793	0.00793	0.00705	0.00440	0.01057	0.01057	0.01409	0.02290	0.04757	0.02643	0.74454	0.03700	0.00705	0.00705	0.01057	0.00440	0.00440
31	0.02625	0.03170	0.02162	0.02124	0.09240	0.58767	0.01488	0.08012	0.02127	0.02065	0.01199	0.01396	0.00983	0.00748	0.00668	0.00193	0.01224	0.00502	0.00401	0.00906
32	0.01133	0.01068	0.05377	0.01405	0.01633	0.00913	0.10032	0.04181	0.01551	0.02085	0.03395	0.52480	0.03880	0.01879	0.00901	0.00284	0.00602	0.05883	0.00613	0.00705
33	0.01171	0.00837	0.01171	0.01339	0.01506	0.00837	0.01171	0.01506	0.01673	0.02175	0.03849	0.08199	0.04183	0.02008	0.01004	0.00335	0.00669	0.65027	0.00669	0.00669
34	0.01187	0.01011	0.01598	0.41907	0.03299	0.01179	0.01433	0.01528	0.01434	0.01899	0.02376	0.29306	0.02470	0.01321	0.00792	0.00259	0.00730	0.01186	0.04365	0.00719
35	0.58278	0.01916	0.16456	0.01220	0.01814	0.01613	0.01221	0.02248	0.01348	0.06639	0.01176	0.01328	0.00871	0.00690	0.00518	0.00226	0.00678	0.00443	0.00442	0.00875
36	0.02047	0.65311	0.03574	0.01328	0.01917	0.12085	0.01265	0.02274	0.01555	0.01719	0.01026	0.01185	0.00933	0.00639	0.00492	0.00160	0.00849	0.00399	0.00319	0.00921
37	0.10664	0.01078	0.01253	0.11841	0.01811	0.03858	0.00962	0.01798	0.01475	0.08086	0.04439	0.02995	0.08839	0.07122	0.11059	0.00391	0.03937	0.00786	0.16865	0.00742
38	0.01687	0.01796	0.02500	0.05123	0.02382	0.10021	0.13858	0.01953	0.01361	0.01866	0.01221	0.03751	0.01133	0.01302	0.05245	0.00328	0.42596	0.00706	0.00348	0.00823
39	0.00875	0.00699	0.00785	0.00844	0.01012	0.00608	0.00602	0.01045	0.01576	0.01962	0.08591	0.31408	0.43465	0.01986	0.00884	0.00263	0.00387	0.01720	0.00680	0.00608
40	0.01038	0.00779	0.01168	0.01168	0.01298	0.00909	0.00909	0.01298	0.01168	0.01687	0.01947	0.02856	0.01817	0.05452	0.71573	0.01168	0.01947	0.00779	0.00389	0.00649
41	0.01507	0.01292	0.01507	0.01077	0.01723	0.00969	0.00861	0.01830	0.01507	0.02369	0.01292	0.01507	0.01077	0.00538	0.00538	0.00108	0.00538	0.00431	0.00431	0.78898
42	0.01943	0.74891	0.03809	0.01244	0.01866	0.02876	0.01244	0.02177	0.01477	0.01710	0.01011	0.01166	0.00933	0.00622	0.00466	0.00155	0.00777	0.00389	0.00311	0.00933
43	0.01166	0.00815	0.01063	0.01163	0.01359	0.00774	0.00978	0.01446	0.01668	0.05115	0.04702	0.12040	0.20611	0.01935	0.00950	0.00305	0.00575	0.41979	0.00681	0.00675
44	0.03261	0.01237	0.01687	0.01293	0.01856	0.01068	0.01068	0.03543	0.02081	0.70423	0.02868	0.02474	0.01799	0.00900	0.00731	0.00225	0.00619	0.00731	0.00900	0.01237
45	0.03261	0.01237	0.01687	0.01293	0.01856	0.01068	0.01068	0.03543	0.02081	0.70423	0.02868	0.02474	0.01799	0.00900	0.00731	0.00225	0.00619	0.00731	0.00900	0.01237
46	0.01038	0.00779	0.01168	0.01168	0.01298	0.00909	0.00909	0.01298	0.01168	0.01687	0.01947	0.02856	0.01817	0.05452	0.71573	0.01168	0.01947	0.00779	0.00389	0.00649
47	0.01590	0.01590	0.02226	0.01908	0.01908	0.02226	0.01590	0.01749	0.01113	0.01749	0.00954	0.01590	0.00954	0.01272	0.02385	0.00318	0.73123	0.00636	0.00318	0.00795
48	0.02506	0.01819	0.01959	0.01529	0.02043	0.01996	0.01253	0.56684	0.03151	0.04291	0.07387	0.02128	0.01751	0.00921	0.00720	0.00215	0.00725	0.00711	0.07066	0.01145
49	0.00887	0.00731	0.00779	0.00782	0.01002	0.00623	0.00581	0.01091	0.01701	0.02102	0.16642	0.11146	0.55788	0.01815	0.00863	0.00246	0.00368	0.01535	0.00694	0.00623
50	0.03197	0.01251	0.01685	0.01302	0.01857	0.01101	0.01072	0.03557	0.05019	0.67447	0.02872	0.02485	0.01818	0.00904	0.00731	0.00226	0.00617	0.00735	0.00893	0.01233
51	0.01020	0.00743	0.00959	0.00905	0.01080	0.00682	0.00679	0.01354	0.02036	0.02864	0.66214	0.05513	0.10213	0.01505	0.00857	0.00230	0.00344	0.01326	0.00793	0.00682
52	0.01886	0.01544	0.01646	0.01469	0.01888	0.01768	0.01146	0.03845	0.65051	0.06642	0.02954	0.02699	0.02197	0.00982	0.00739	0.00245	0.00578	0.00817	0.00748	0.01155
53	0.00897	0.00640	0.00856	0.01025	0.01072	0.00600	0.00694	0.01031	0.01403	0.01868	0.04000	0.71441	0.04784	0.02267	0.00931	0.00297	0.00431	0.04496	0.00675	0.00593
54	0.79588	0.01406	0.01068	0.00956	0.01406	0.01631	0.00787	0.02137	0.01237	0.03261	0.01012	0.01181	0.00787	0.00675	0.00450	0.00225	0.00562	0.00394	0.00450	0.00787
55	0.01716	0.01961	0.04289	0.03064	0.03799	0.01838	0.67279	0.02328	0.01716	0.02328	0.01471	0.01961	0.01103	0.00613	0.00858	0.00245	0.01225	0.00858	0.00368	0.00980
56	0.03099	0.01338	0.01730	0.01344	0.01896	0.01239	0.01104	0.09617	0.07464	0.58870	0.02769	0.02424	0.01779	0.00904	0.00731	0.00226	0.00632	0.00731	0.00871	0.01230
57	0.79588	0.01406	0.01068	0.00956	0.01406	0.01631	0.00787	0.02137	0.01237	0.03261	0.01012	0.01181	0.00787	0.00675	0.00450	0.00225	0.00562	0.00394	0.00450	0.00787
