[name]
unknown

[dist]
# distance from previous block
# <min> <max>
7	21

[block]
# block no. 0 follows, 28 sequences, length 8
# corresponding to MSA columns:
# 22-29
name=unknown_A
#
# <colnr> <probs for GDERKNQSTAVLIFYWHMCP>
#	G	D	E	R	K	N	Q	S	T	A	V	L	I	F	Y	W	H	M	C	P
0	0.47090	0.01593	0.01401	0.01171	0.01661	0.06941	0.00953	0.09322	0.01701	0.15631	0.01456	0.01507	0.01049	0.00735	0.00552	0.00215	0.00654	0.00491	0.00555	0.05321
1	0.01144	0.00739	0.00912	0.00939	0.01099	0.00665	0.00666	0.01321	0.01594	0.08726	0.13595	0.35083	0.21387	0.07329	0.01089	0.00297	0.00438	0.01619	0.00697	0.00662
2	0.13286	0.01210	0.01293	0.08143	0.01680	0.05129	0.00923	0.05792	0.01463	0.02324	0.01641	0.02357	0.01459	0.12258	0.04874	0.06385	0.05017	0.00650	0.15744	0.08371
3	0.01761	0.01421	0.01601	0.08339	0.02056	0.04819	0.01135	0.06599	0.26650	0.07594	0.07734	0.06291	0.02264	0.01326	0.06182	0.00293	0.00740	0.00818	0.00624	0.11754
4	0.05275	0.01278	0.01584	0.01241	0.01690	0.01191	0.04612	0.05807	0.06492	0.04220	0.08297	0.02482	0.01953	0.10959	0.01148	0.00246	0.04406	0.00687	0.00512	0.35919
5	0.01511	0.01239	0.01867	0.14427	0.02422	0.01294	0.10278	0.04617	0.07880	0.06923	0.02803	0.18507	0.08793	0.01229	0.00886	0.00246	0.05082	0.01085	0.02383	0.06527
6	0.06907	0.00942	0.01128	0.01183	0.04373	0.00914	0.00791	0.06604	0.01525	0.02193	0.03025	0.38119	0.05551	0.13131	0.01258	0.00322	0.00539	0.01403	0.00584	0.09509
7	0.05965	0.01229	0.01403	0.06660	0.01797	0.01260	0.00978	0.10728	0.13450	0.02823	0.08304	0.11094	0.02359	0.01023	0.00680	0.00206	0.00554	0.00856	0.11369	0.17262

[dist]
# distance from previous block
# <min> <max>
8	41

[block]
# block no. 1 follows, 28 sequences, length 14
# corresponding to MSA columns:
# 73-86
name=unknown_B
#
# <colnr> <probs for GDERKNQSTAVLIFYWHMCP>
#	G	D	E	R	K	N	Q	S	T	A	V	L	I	F	Y	W	H	M	C	P
0	0.09955	0.01330	0.01427	0.01349	0.04056	0.04251	0.00994	0.10651	0.15667	0.05639	0.10297	0.17250	0.05192	0.01356	0.02635	0.00260	0.00615	0.01041	0.00649	0.05385
1	0.08172	0.01761	0.01772	0.01458	0.01961	0.06351	0.01165	0.22427	0.26609	0.07368	0.02097	0.02038	0.01553	0.00848	0.00681	0.00213	0.00687	0.00658	0.00658	0.11524
2	0.02089	0.01522	0.01683	0.01421	0.01880	0.01649	0.01127	0.13683	0.40312	0.12482	0.06993	0.02623	0.02233	0.00959	0.00731	0.00229	0.00599	0.00789	0.00743	0.06252
3	0.01815	0.01520	0.01450	0.01297	0.01646	0.10229	0.01002	0.08070	0.26707	0.07093	0.11664	0.05899	0.10762	0.01146	0.00747	0.00229	0.00613	0.00942	0.06223	0.00946
4	0.01512	0.00964	0.01021	0.00929	0.01127	0.01016	0.00671	0.11817	0.06818	0.02611	0.02294	0.03212	0.02042	0.24276	0.01575	0.00353	0.00545	0.00806	0.35686	0.00725
5	0.02646	0.01803	0.01981	0.01548	0.02076	0.01955	0.01259	0.49470	0.08084	0.13290	0.02028	0.02117	0.01481	0.05718	0.00924	0.00253	0.00752	0.00704	0.00733	0.01177
6	0.09352	0.01321	0.01626	0.01305	0.01825	0.01274	0.01062	0.03493	0.16247	0.50369	0.02732	0.02417	0.01804	0.00899	0.00709	0.00230	0.00605	0.00722	0.00828	0.01181
7	0.02763	0.02036	0.02182	0.01672	0.02254	0.02254	0.01382	0.67496	0.03418	0.04581	0.01745	0.01745	0.01236	0.00873	0.00727	0.00218	0.00800	0.00654	0.00727	0.01236
8	0.01732	0.01659	0.02829	0.15214	0.59692	0.01709	0.02197	0.02172	0.01623	0.02293	0.01355	0.01821	0.01123	0.00660	0.00721	0.00220	0.00880	0.00647	0.00354	0.01097
9	0.01263	0.00631	0.00947	0.00947	0.00947	0.00631	0.00631	0.00947	0.00947	0.01263	0.01263	0.02210	0.01263	0.02525	0.02841	0.78851	0.00631	0.00631	0.00316	0.00316
10	0.03158	0.01260	0.01684	0.01307	0.01858	0.01121	0.01074	0.03565	0.06806	0.65637	0.02874	0.02491	0.01829	0.00906	0.00732	0.00226	0.00615	0.00737	0.00888	0.01231
11	0.01767	0.47339	0.24122	0.01550	0.02260	0.02462	0.01712	0.02181	0.01466	0.01894	0.01096	0.01312	0.00931	0.00694	0.00687	0.00191	0.06607	0.00454	0.00310	0.00965
12	0.01373	0.01292	0.02180	0.72707	0.05006	0.01615	0.02019	0.01857	0.01453	0.01857	0.01292	0.01938	0.00969	0.00727	0.00727	0.00242	0.00969	0.00646	0.00323	0.00807
13	0.00886	0.00633	0.00843	0.01012	0.01054	0.00590	0.00675	0.01012	0.01392	0.01856	0.04006	0.73979	0.04808	0.02277	0.00928	0.00295	0.00422	0.02066	0.00675	0.00590

[dist]
# distance from previous block
# <min> <max>
0	1

[block]
# block no. 2 follows, 28 sequences, length 12
# corresponding to MSA columns:
# 88-99
name=unknown_C
#
# <colnr> <probs for GDERKNQSTAVLIFYWHMCP>
#	G	D	E	R	K	N	Q	S	T	A	V	L	I	F	Y	W	H	M	C	P
0	0.02899	0.01590	0.01888	0.01441	0.02019	0.01578	0.01188	0.31303	0.02616	0.36064	0.02248	0.02076	0.01494	0.00858	0.00713	0.00212	0.00691	0.00673	0.00786	0.07664
1	0.01943	0.74891	0.03809	0.01244	0.01866	0.02876	0.01244	0.02177	0.01477	0.01710	0.01011	0.01166	0.00933	0.00622	0.00466	0.00155	0.00777	0.00389	0.00311	0.00933
2	0.01057	0.00705	0.00793	0.00793	0.00793	0.00705	0.00440	0.01057	0.01057	0.01409	0.02290	0.04757	0.02643	0.74454	0.03700	0.00705	0.00705	0.01057	0.00440	0.00440
3	0.01887	0.02219	0.03906	0.02859	0.03532	0.13810	0.55964	0.02427	0.01775	0.02234	0.01411	0.01849	0.01074	0.00636	0.00823	0.00235	0.01240	0.00791	0.00369	0.00957
4	0.01057	0.00705	0.00793	0.00793	0.00793	0.00705	0.00440	0.01057	0.01057	0.01409	0.02290	0.04757	0.02643	0.74454	0.03700	0.00705	0.00705	0.01057	0.00440	0.00440
5	0.01127	0.00880	0.01036	0.01100	0.01247	0.00908	0.00774	0.01741	0.18466	0.02140	0.03881	0.47428	0.08554	0.05854	0.01026	0.00302	0.00472	0.01658	0.00678	0.00726
6	0.13567	0.01477	0.01591	0.01245	0.01803	0.01440	0.01003	0.13239	0.13964	0.07738	0.01737	0.01783	0.01317	0.00720	0.00606	0.00177	0.00598	0.00554	0.00571	0.34870
7	0.02243	0.30263	0.02595	0.01362	0.01935	0.02131	0.01196	0.16050	0.12942	0.12671	0.01779	0.01762	0.01346	0.00766	0.00610	0.00189	0.00703	0.00568	0.00564	0.08325
8	0.05515	0.07717	0.01930	0.01422	0.01943	0.04856	0.01158	0.19037	0.24811	0.08685	0.02057	0.02004	0.01533	0.00825	0.00665	0.00204	0.00677	0.00640	0.00636	0.13686
9	0.02284	0.07059	0.02008	0.01514	0.02009	0.08910	0.01229	0.30286	0.17753	0.05896	0.02126	0.02126	0.03771	0.01098	0.04014	0.00256	0.00815	0.00681	0.00637	0.05526
10	0.02458	0.21914	0.02524	0.01534	0.02085	0.09637	0.01303	0.32230	0.09860	0.07080	0.01677	0.01690	0.01262	0.00805	0.00650	0.00201	0.00813	0.00585	0.00588	0.01103
11	0.05607	0.07318	0.02009	0.01490	0.01970	0.01934	0.01224	0.29520	0.16679	0.08910	0.02027	0.05081	0.01578	0.00942	0.00812	0.00224	0.05739	0.00713	0.00652	0.05572

[dist]
# distance from previous block
# <min> <max>
10	21

[block]
# block no. 3 follows, 28 sequences, length 208
# corresponding to MSA columns:
# 121-328
name=unknown_D
#
# <colnr> <probs for GDERKNQSTAVLIFYWHMCP>
#	G	D	E	R	K	N	Q	S	T	A	V	L	I	F	Y	W	H	M	C	P
0	0.01590	0.01208	0.01438	0.01102	0.01650	0.00958	0.00865	0.01947	0.04053	0.08371	0.01864	0.11494	0.01691	0.00824	0.00616	0.00149	0.00531	0.00694	0.00517	0.58438
1	0.02024	0.04454	0.01858	0.03976	0.01992	0.03943	0.03288	0.20186	0.02096	0.10836	0.02033	0.13764	0.01809	0.01008	0.00760	0.00205	0.03148	0.00829	0.00592	0.21198
2	0.01254	0.00988	0.01143	0.01038	0.01339	0.00902	0.00778	0.07909	0.04459	0.02431	0.11558	0.25441	0.18074	0.01520	0.00792	0.00226	0.00470	0.01316	0.00644	0.17717
3	0.02465	0.17981	0.02207	0.01332	0.01903	0.01730	0.01136	0.12469	0.10504	0.27318	0.02079	0.01969	0.01475	0.00794	0.00645	0.00195	0.00664	0.00613	0.00657	0.11863
4	0.01671	0.01294	0.01626	0.12083	0.02226	0.01112	0.01061	0.04198	0.01601	0.08390	0.01480	0.01772	0.01180	0.02990	0.00693	0.00162	0.00626	0.00518	0.00466	0.54852
5	0.01572	0.01327	0.01524	0.01116	0.01733	0.01068	0.00893	0.06046	0.04178	0.02518	0.01628	0.01789	0.03889	0.00629	0.00571	0.00125	0.00549	0.00504	0.00471	0.67866
6	0.01644	0.21941	0.47470	0.01903	0.02817	0.04649	0.05597	0.02294	0.01549	0.02131	0.01231	0.01453	0.00934	0.00671	0.00640	0.00210	0.01015	0.00513	0.00314	0.01024
7	0.01373	0.01292	0.02180	0.72707	0.05006	0.01615	0.02019	0.01857	0.01453	0.01857	0.01292	0.01938	0.00969	0.00727	0.00727	0.00242	0.00969	0.00646	0.00323	0.00807
8	0.01586	0.03810	0.02164	0.01802	0.01876	0.05615	0.03385	0.01766	0.01195	0.01748	0.01132	0.01821	0.01109	0.04292	0.09507	0.00408	0.55016	0.00657	0.00334	0.00779
9	0.00982	0.00741	0.00907	0.00866	0.01057	0.00666	0.00649	0.01282	0.01948	0.02654	0.52475	0.05859	0.24082	0.01583	0.00858	0.00233	0.00350	0.01375	0.00766	0.00666
10	0.02543	0.01869	0.02038	0.01548	0.02141	0.01973	0.01273	0.53005	0.03014	0.06361	0.01697	0.01725	0.01225	0.00811	0.00692	0.00198	0.00745	0.00615	0.00677	0.15852
11	0.00936	0.00758	0.00843	0.00874	0.01098	0.00665	0.00691	0.01162	0.01688	0.02074	0.10943	0.07138	0.51631	0.01851	0.00889	0.00263	0.00429	0.14754	0.00683	0.00630
12	0.01507	0.01292	0.01507	0.01077	0.01723	0.00969	0.00861	0.01830	0.01507	0.02369	0.01292	0.01507	0.01077	0.00538	0.00538	0.00108	0.00538	0.00431	0.00431	0.78898
13	0.00870	0.00693	0.00781	0.00851	0.01012	0.00604	0.00603	0.01030	0.01547	0.01919	0.05970	0.34810	0.42710	0.02022	0.00888	0.00266	0.00390	0.01755	0.00675	0.00604
14	0.02005	0.62254	0.03514	0.01356	0.01910	0.10345	0.01284	0.02228	0.01517	0.01720	0.01019	0.01210	0.00935	0.00679	0.00613	0.00170	0.05596	0.00414	0.00318	0.00914
15	0.01045	0.00700	0.00796	0.00809	0.00812	0.00697	0.00457	0.01054	0.01081	0.01441	0.02414	0.09730	0.02798	0.69268	0.03501	0.00675	0.00684	0.01130	0.00457	0.00451
16	0.01038	0.00779	0.01168	0.01168	0.01298	0.00909	0.00909	0.01298	0.01168	0.01687	0.01947	0.02856	0.01817	0.05452	0.71573	0.01168	0.01947	0.00779	0.00389	0.00649
17	0.01557	0.01688	0.05393	0.35427	0.10950	0.01719	0.28393	0.02100	0.01582	0.02114	0.01372	0.01920	0.01040	0.00672	0.00778	0.00240	0.01065	0.00728	0.00344	0.00921
18	0.01101	0.00757	0.00985	0.00925	0.01110	0.00694	0.00695	0.01428	0.02018	0.05397	0.62119	0.07877	0.09119	0.01507	0.00855	0.00232	0.00357	0.01329	0.00794	0.00700
19	0.00886	0.00633	0.00843	0.01012	0.01054	0.00590	0.00675	0.01012	0.01392	0.01856	0.04006	0.73979	0.04808	0.02277	0.00928	0.00295	0.00422	0.02066	0.00675	0.00590
20	0.77133	0.01402	0.01103	0.03209	0.01519	0.01630	0.00826	0.02128	0.01244	0.03217	0.01021	0.01205	0.00793	0.00676	0.00459	0.00225	0.00575	0.00402	0.00446	0.00788
21	0.03208	0.01249	0.01685	0.01300	0.01857	0.01095	0.01071	0.03554	0.04503	0.67969	0.02871	0.02483	0.01815	0.00903	0.00731	0.00226	0.00617	0.00734	0.00894	0.01234
22	0.01499	0.03470	0.59996	0.02232	0.03251	0.01712	0.13087	0.02306	0.01564	0.02306	0.01331	0.01603	0.00950	0.00678	0.00718	0.00233	0.01099	0.00589	0.00317	0.01059
23	0.02215	0.01598	0.01839	0.01512	0.02011	0.01716	0.03414	0.16439	0.37294	0.14368	0.02526	0.02364	0.01830	0.00903	0.00725	0.00227	0.00647	0.00746	0.00728	0.06901
24	0.01590	0.01590	0.02226	0.01908	0.01908	0.02226	0.01590	0.01749	0.01113	0.01749	0.00954	0.01590	0.00954	0.01272	0.02385	0.00318	0.73123	0.00636	0.00318	0.00795
25	0.01057	0.00705	0.00793	0.00793	0.00793	0.00705	0.00440	0.01057	0.01057	0.01409	0.02290	0.04757	0.02643	0.74454	0.03700	0.00705	0.00705	0.01057	0.00440	0.00440
26	0.00886	0.00633	0.00843	0.01012	0.01054	0.00590	0.00675	0.01012	0.01392	0.01856	0.04006	0.73979	0.04808	0.02277	0.00928	0.00295	0.00422	0.02066	0.00675	0.00590
27	0.62336	0.01444	0.01216	0.01072	0.01525	0.01658	0.00873	0.04626	0.11663	0.05717	0.01402	0.01481	0.01058	0.00737	0.00514	0.00228	0.00574	0.00480	0.00520	0.00874
28	0.01924	0.71996	0.06531	0.01277	0.01918	0.02828	0.01302	0.02182	0.01479	0.01734	0.01023	0.01181	0.00932	0.00625	0.00476	0.00159	0.00789	0.00395	0.00311	0.00939
29	0.79588	0.01406	0.01068	0.00956	0.01406	0.01631	0.00787	0.02137	0.01237	0.03261	0.01012	0.01181	0.00787	0.00675	0.00450	0.00225	0.00562	0.00394	0.00450	0.00787
30	0.00859	0.00736	0.00736	0.00736	0.00982	0.00614	0.00552	0.01043	0.01657	0.01964	0.07364	0.06996	0.69624	0.01841	0.00859	0.00245	0.00368	0.01534	0.00675	0.00614
31	0.01469	0.01390	0.02354	0.57304	0.19657	0.01640	0.02067	0.01942	0.01499	0.01974	0.01309	0.01907	0.01010	0.00709	0.00725	0.00236	0.00945	0.00646	0.00331	0.00885
32	0.01373	0.01292	0.02180	0.72707	0.05006	0.01615	0.02019	0.01857	0.01453	0.01857	0.01292	0.01938	0.00969	0.00727	0.00727	0.00242	0.00969	0.00646	0.00323	0.00807
33	0.02991	0.01186	0.01566	0.01222	0.01732	0.01051	0.01003	0.05206	0.02046	0.59369	0.02768	0.02484	0.01791	0.00892	0.00701	0.00217	0.00586	0.00722	0.11305	0.01162
34	0.01041	0.00767	0.01111	0.01111	0.01221	0.00877	0.00837	0.01261	0.01151	0.01645	0.02000	0.03147	0.01944	0.16025	0.61173	0.01097	0.01757	0.00821	0.00397	0.00617
35	0.01633	0.17100	0.50885	0.01944	0.02889	0.01952	0.05672	0.05766	0.01634	0.02313	0.01281	0.01498	0.00949	0.00683	0.00659	0.00216	0.01011	0.00532	0.00333	0.01051
36	0.07366	0.01420	0.05228	0.01336	0.01914	0.01206	0.01152	0.05986	0.04432	0.58100	0.02641	0.02333	0.01690	0.00878	0.00713	0.00226	0.00645	0.00702	0.00831	0.01200
37	0.01421	0.01341	0.02267	0.65057	0.12283	0.01628	0.02043	0.01899	0.01476	0.01915	0.01300	0.01922	0.00989	0.00718	0.00726	0.00239	0.00957	0.00646	0.00327	0.00846
38	0.01389	0.00816	0.01022	0.00945	0.01169	0.00733	0.00700	0.01628	0.01801	0.14702	0.30837	0.12325	0.17546	0.09712	0.01161	0.00292	0.00447	0.01302	0.00740	0.00734
39	0.02540	0.01982	0.02040	0.01628	0.02151	0.05694	0.01320	0.51627	0.13568	0.04091	0.01989	0.04578	0.01510	0.00937	0.00733	0.00224	0.00777	0.00724	0.00709	0.01178
40	0.01795	0.01739	0.03020	0.04390	0.66510	0.01733	0.05585	0.02236	0.01658	0.02372	0.01373	0.01807	0.01149	0.00646	0.00727	0.00217	0.00882	0.00659	0.00360	0.01143
41	0.01527	0.01372	0.01863	0.03922	0.02090	0.01096	0.08816	0.01891	0.01530	0.02345	0.01313	0.01577	0.01076	0.00554	0.00583	0.00129	0.00636	0.00489	0.00419	0.66771
42	0.01507	0.01292	0.01507	0.01077	0.01723	0.00969	0.00861	0.01830	0.01507	0.02369	0.01292	0.01507	0.01077	0.00538	0.00538	0.00108	0.00538	0.00431	0.00431	0.78898
43	0.01667	0.01859	0.03949	0.02837	0.03538	0.01725	0.59790	0.02239	0.01688	0.02312	0.01561	0.04859	0.01252	0.00675	0.00838	0.00237	0.01143	0.00876	0.00385	0.06571
44	0.01134	0.00831	0.01146	0.01118	0.01246	0.00939	0.00838	0.04788	0.01266	0.01785	0.02007	0.03186	0.01955	0.19338	0.53885	0.01023	0.01631	0.00829	0.00418	0.00638
45	0.71032	0.01387	0.01138	0.00994	0.01456	0.01568	0.00819	0.02294	0.01332	0.10790	0.01220	0.01326	0.00901	0.00700	0.00481	0.00225	0.00569	0.00431	0.00500	0.00838
46	0.01052	0.00724	0.00890	0.00890	0.00923	0.00757	0.00561	0.01119	0.01086	0.01481	0.02202	0.04266	0.02430	0.56654	0.21209	0.00824	0.01025	0.00985	0.00427	0.00494
47	0.02649	0.01979	0.02117	0.01649	0.02211	0.02201	0.01354	0.59874	0.11225	0.04397	0.01891	0.01861	0.01354	0.00886	0.00729	0.00222	0.00773	0.00674	0.00729	0.01226
48	0.01912	0.25060	0.07264	0.02186	0.02855	0.09949	0.31056	0.04471	0.01718	0.02147	0.01281	0.01592	0.01025	0.00641	0.00687	0.00204	0.01046	0.00627	0.00362	0.03917
49	0.01774	0.50062	0.27154	0.01533	0.02313	0.02462	0.01747	0.02220	0.01497	0.01917	0.01113	0.01295	0.00929	0.00646	0.00545	0.00182	0.00881	0.00441	0.00310	0.00982
50	0.02860	0.01229	0.01613	0.01275	0.01779	0.01119	0.01039	0.05188	0.07669	0.54850	0.10761	0.02824	0.02419	0.00976	0.00747	0.00227	0.00588	0.00806	0.00869	0.01164
51	0.00885	0.00636	0.00840	0.01004	0.01052	0.00591	0.00671	0.01013	0.01400	0.01859	0.04107	0.71971	0.06751	0.02264	0.00926	0.00294	0.00420	0.02051	0.00675	0.00591
52	0.00886	0.00737	0.00768	0.00777	0.01003	0.00628	0.00582	0.01074	0.01644	0.01985	0.09214	0.08877	0.60492	0.04320	0.00964	0.00266	0.00393	0.04110	0.00671	0.00612
53	0.14925	0.01892	0.01978	0.01538	0.02098	0.02089	0.01270	0.53595	0.02998	0.08055	0.01692	0.01697	0.01197	0.00843	0.00684	0.00220	0.00752	0.00618	0.00693	0.01165
54	0.01373	0.01292	0.02180	0.72707	0.05006	0.01615	0.02019	0.01857	0.01453	0.01857	0.01292	0.01938	0.00969	0.00727	0.00727	0.00242	0.00969	0.00646	0.00323	0.00807
55	0.01373	0.01292	0.02180	0.72707	0.05006	0.01615	0.02019	0.01857	0.01453	0.01857	0.01292	0.01938	0.00969	0.00727	0.00727	0.00242	0.00969	0.00646	0.00323	0.00807
56	0.01682	0.01907	0.04149	0.02980	0.03687	0.01787	0.64569	0.02275	0.01702	0.02309	0.01574	0.04892	0.01254	0.00680	0.00861	0.00247	0.01193	0.00907	0.00380	0.00965
57	0.00859	0.00736	0.00736	0.00736	0.00982	0.00614	0.00552	0.01043	0.01657	0.01964	0.07364	0.06996	0.69624	0.01841	0.00859	0.00245	0.00368	0.01534	0.00675	0.00614
58	0.00884	0.00638	0.00838	0.00997	0.01050	0.00592	0.00668	0.01014	0.01406	0.01861	0.04186	0.70398	0.08274	0.02254	0.00924	0.00293	0.00419	0.02038	0.00675	0.00592
59	0.01674	0.05636	0.04044	0.02839	0.03524	0.01812	0.59610	0.02236	0.01683	0.02266	0.01609	0.06531	0.01331	0.00720	0.00842	0.00244	0.01151	0.00911	0.00384	0.00953
60	0.10509	0.01253	0.01628	0.01261	0.01813	0.01122	0.01042	0.03409	0.02000	0.64046	0.02692	0.02351	0.01703	0.00878	0.00704	0.00225	0.00613	0.00699	0.00857	0.01194
61	0.03261	0.01237	0.01687	0.01293	0.01856	0.01068	0.01068	0.03543	0.02081	0.70423	0.02868	0.02474	0.01799	0.00900	0.00731	0.00225	0.00619	0.00731	0.00900	0.01237
62	0.01340	0.00679	0.00683	0.00683	0.00844	0.00679	0.00505	0.01661	0.01500	0.02643	0.02367	0.02816	0.01903	0.04642	0.00673	0.00197	0.00358	0.00697	0.74465	0.00665
63	0.01471	0.03667	0.67264	0.02123	0.03180	0.01696	0.06016	0.02303	0.01544	0.02303	0.01313	0.01557	0.00930	0.00687	0.00699	0.00231	0.01082	0.00554	0.00310	0.01069
64	0.01808	0.01561	0.01644	0.01479	0.01890	0.01808	0.01151	0.03863	0.68606	0.03041	0.02959	0.02712	0.02219	0.00986	0.00740	0.00247	0.00575	0.00822	0.00740	0.01151
65	0.00886	0.00633	0.00843	0.01012	0.01054	0.00590	0.00675	0.01012	0.01392	0.01856	0.04006	0.73979	0.04808	0.02277	0.00928	0.00295	0.00422	0.02066	0.00675	0.00590
66	0.02860	0.01363	0.01712	0.01341	0.01854	0.01301	0.01096	0.18553	0.02371	0.46281	0.08293	0.05340	0.02211	0.00997	0.00748	0.00226	0.00631	0.00814	0.00841	0.01165
67	0.02283	0.34141	0.02800	0.01647	0.04264	0.36704	0.01333	0.02505	0.01795	0.01815	0.03867	0.01432	0.01183	0.00721	0.00584	0.00176	0.01026	0.00474	0.00364	0.00885
68	0.01817	0.01434	0.01644	0.01200	0.01830	0.01221	0.00970	0.14591	0.01898	0.05376	0.01439	0.01590	0.01135	0.00617	0.00582	0.00133	0.00592	0.00485	0.00506	0.60939
69	0.06724	0.01737	0.02082	0.20867	0.05305	0.08476	0.04993	0.14205	0.14942	0.10603	0.01856	0.02006	0.01354	0.00813	0.00713	0.00230	0.00841	0.00671	0.00558	0.01023
70	0.02763	0.02036	0.02182	0.01672	0.02254	0.02254	0.01382	0.67496	0.03418	0.04581	0.01745	0.01745	0.01236	0.00873	0.00727	0.00218	0.00800	0.00654	0.00727	0.01236
71	0.01424	0.01344	0.02272	0.64559	0.12756	0.01628	0.02044	0.01902	0.01478	0.01919	0.01301	0.01921	0.00991	0.00717	0.00726	0.00239	0.00956	0.00646	0.00327	0.00849
72	0.01355	0.01272	0.02129	0.70160	0.04864	0.01580	0.01967	0.01828	0.01461	0.01861	0.01507	0.02117	0.03398	0.00766	0.00731	0.00242	0.00948	0.00677	0.00335	0.00801
73	0.01595	0.12839	0.58064	0.01954	0.02929	0.05984	0.02425	0.02322	0.01558	0.02195	0.01256	0.01474	0.00923	0.00685	0.00660	0.00218	0.01050	0.00514	0.00311	0.01042
74	0.01038	0.00779	0.01168	0.01168	0.01298	0.00909	0.00909	0.01298	0.01168	0.01687	0.01947	0.02856	0.01817	0.05452	0.71573	0.01168	0.01947	0.00779	0.00389	0.00649
75	0.02691	0.05803	0.02122	0.01846	0.02235	0.67139	0.01398	0.04843	0.02082	0.01862	0.01139	0.01319	0.00945	0.00749	0.00651	0.00187	0.01278	0.00471	0.00383	0.00858
76	0.01620	0.02129	0.14144	0.05386	0.06063	0.01733	0.48846	0.02230	0.01658	0.02283	0.01577	0.05917	0.01279	0.00723	0.00826	0.00244	0.01134	0.00861	0.00374	0.00973
77	0.64407	0.01504	0.01288	0.03611	0.01670	0.01731	0.00927	0.12688	0.01597	0.03425	0.01140	0.01299	0.00866	0.00709	0.00504	0.00224	0.00615	0.00445	0.00490	0.00860
78	0.00893	0.00635	0.00841	0.01003	0.01044	0.00595	0.00665	0.01014	0.01378	0.01838	0.03937	0.71193	0.04721	0.05183	0.01039	0.00312	0.00433	0.02026	0.00665	0.00584
79	0.02198	0.01043	0.01360	0.01142	0.01509	0.00948	0.00896	0.06069	0.02015	0.35864	0.20786	0.11538	0.05886	0.04204	0.00911	0.00253	0.00528	0.01074	0.00812	0.00963
80	0.01868	0.47622	0.15077	0.01693	0.02407	0.02480	0.11924	0.05590	0.01624	0.02056	0.01171	0.01384	0.00973	0.00645	0.00579	0.00185	0.00899	0.00502	0.00341	0.00980
81	0.01982	0.54372	0.05880	0.01384	0.01919	0.02575	0.01338	0.02230	0.01473	0.07597	0.01171	0.01358	0.01010	0.00751	0.00800	0.00190	0.12202	0.00463	0.00362	0.00942
82	0.01463	0.03361	0.59207	0.02015	0.02953	0.01664	0.05097	0.02264	0.03708	0.02257	0.01408	0.01773	0.01069	0.04845	0.00932	0.00261	0.03775	0.00592	0.00332	0.01027
83	0.01587	0.15093	0.14152	0.05679	0.02085	0.04377	0.05815	0.01914	0.01456	0.06741	0.03829	0.06374	0.01829	0.17855	0.05088	0.00379	0.03716	0.00789	0.00427	0.00814
84	0.13877	0.35860	0.10831	0.01328	0.01963	0.02116	0.01313	0.05122	0.01662	0.17595	0.01493	0.01530	0.01117	0.00711	0.00561	0.00193	0.00746	0.00495	0.00481	0.01009
85	0.01923	0.01533	0.01642	0.01452	0.01876	0.01738	0.01136	0.06318	0.59239	0.07912	0.03032	0.02782	0.04126	0.01000	0.00742	0.00244	0.00581	0.00829	0.00749	0.01144
86	0.00953	0.00833	0.00824	0.00814	0.01046	0.03189	0.00608	0.01160	0.01724	0.02099	0.16553	0.08777	0.55368	0.01762	0.00854	0.00242	0.00400	0.01480	0.00683	0.00632
87	0.00898	0.00683	0.00820	0.00900	0.01025	0.00613	0.00627	0.01065	0.01546	0.01997	0.12476	0.41223	0.26951	0.04447	0.00989	0.00284	0.00404	0.01767	0.00681	0.00604
88	0.01766	0.01514	0.01596	0.01441	0.01829	0.01746	0.01111	0.03706	0.64828	0.02950	0.02921	0.02826	0.02243	0.05096	0.00905	0.00272	0.00583	0.00835	0.00723	0.01111
89	0.01676	0.16540	0.17044	0.02194	0.02961	0.01875	0.30891	0.02215	0.01600	0.02208	0.01319	0.01648	0.01029	0.00618	0.00697	0.00203	0.00999	0.00634	0.00354	0.13297
90	0.01003	0.00742	0.00936	0.00888	0.01070	0.00675	0.00666	0.01322	0.01997	0.02771	0.60141	0.05666	0.16344	0.01540	0.00858	0.00231	0.00347	0.01348	0.00781	0.00675
91	0.01507	0.01292	0.01507	0.01077	0.01723	0.00969	0.00861	0.01830	0.01507	0.02369	0.01292	0.01507	0.01077	0.00538	0.00538	0.00108	0.00538	0.00431	0.00431	0.78898
92	0.01195	0.00650	0.00904	0.00911	0.00912	0.00648	0.00585	0.00977	0.00993	0.01324	0.01634	0.05775	0.01756	0.20702	0.02980	0.55895	0.00641	0.00797	0.00362	0.00358
93	0.01940	0.64817	0.09728	0.01351	0.02000	0.06310	0.01382	0.02225	0.01512	0.01767	0.01043	0.01207	0.00932	0.00635	0.00496	0.00164	0.00832	0.00406	0.00314	0.00941
94	0.01881	0.01882	0.02871	0.04231	0.63898	0.07938	0.02157	0.02291	0.01691	0.02322	0.01346	0.01756	0.01132	0.00657	0.00714	0.00213	0.00903	0.00632	0.00361	0.01124
95	0.01029	0.00743	0.00972	0.00914	0.01086	0.00686	0.00686	0.01372	0.02058	0.02915	0.69536	0.05430	0.06859	0.01486	0.00857	0.00229	0.00343	0.01315	0.00800	0.00686
96	0.01507	0.01292	0.01507	0.01077	0.01723	0.00969	0.00861	0.01830	0.01507	0.02369	0.01292	0.01507	0.01077	0.00538	0.00538	0.00108	0.00538	0.00431	0.00431	0.78898
97	0.79588	0.01406	0.01068	0.00956	0.01406	0.01631	0.00787	0.02137	0.01237	0.03261	0.01012	0.01181	0.00787	0.00675	0.00450	0.00225	0.00562	0.00394	0.00450	0.00787
98	0.03261	0.01237	0.01687	0.01293	0.01856	0.01068	0.01068	0.03543	0.02081	0.70423	0.02868	0.02474	0.01799	0.00900	0.00731	0.00225	0.00619	0.00731	0.00900	0.01237
99	0.00895	0.00639	0.00854	0.01023	0.01069	0.00599	0.00691	0.01029	0.01401	0.01866	0.04001	0.71797	0.04787	0.02268	0.00930	0.00297	0.00430	0.04156	0.00675	0.00593
100	0.01337	0.00676	0.00684	0.00690	0.00855	0.00674	0.00514	0.01668	0.01519	0.02678	0.02433	0.05412	0.01975	0.00901	0.00524	0.00174	0.00342	0.00730	0.75539	0.00674
101	0.01021	0.00737	0.00965	0.00920	0.01084	0.00681	0.00685	0.01353	0.02023	0.02860	0.66157	0.08964	0.06753	0.01527	0.00861	0.00232	0.00347	0.01353	0.00794	0.00681
102	0.00886	0.00633	0.00843	0.01012	0.01054	0.00590	0.00675	0.01012	0.01392	0.01856	0.04006	0.73979	0.04808	0.02277	0.00928	0.00295	0.00422	0.02066	0.00675	0.00590
103	0.01702	0.02057	0.07840	0.03011	0.03764	0.01830	0.63825	0.02327	0.01706	0.02327	0.01462	0.01938	0.01093	0.00617	0.00849	0.00244	0.01217	0.00841	0.00364	0.00985
104	0.01458	0.03760	0.70688	0.02072	0.03146	0.01688	0.02686	0.02302	0.01535	0.02302	0.01304	0.01535	0.00921	0.00691	0.00691	0.00230	0.01074	0.00537	0.00307	0.01074
105	0.05446	0.01349	0.01727	0.01335	0.01891	0.01252	0.01100	0.11227	0.04358	0.58293	0.02680	0.02355	0.01715	0.00892	0.00722	0.00225	0.00637	0.00715	0.00860	0.01221
106	0.79588	0.01406	0.01068	0.00956	0.01406	0.01631	0.00787	0.02137	0.01237	0.03261	0.01012	0.01181	0.00787	0.00675	0.00450	0.00225	0.00562	0.00394	0.00450	0.00787
107	0.01482	0.03617	0.65914	0.02240	0.07852	0.01691	0.02654	0.02297	0.01543	0.02307	0.01309	0.01553	0.00937	0.00688	0.00693	0.00229	0.01059	0.00545	0.00311	0.01080
108	0.01798	0.04284	0.01770	0.01475	0.01896	0.03822	0.03473	0.03388	0.50926	0.05008	0.02813	0.02693	0.04400	0.01213	0.04690	0.00287	0.00698	0.00802	0.00671	0.03895
109	0.03828	0.03689	0.68576	0.02038	0.03093	0.01686	0.02628	0.02297	0.01526	0.02331	0.01296	0.01524	0.00917	0.00690	0.00683	0.00230	0.01059	0.00533	0.00311	0.01066
110	0.00948	0.00692	0.00892	0.00943	0.01062	0.00636	0.00669	0.01179	0.01719	0.02347	0.34122	0.36695	0.11644	0.01878	0.00889	0.00260	0.00381	0.01676	0.00732	0.00636
111	0.01029	0.00743	0.00972	0.00914	0.01086	0.00686	0.00686	0.01372	0.02058	0.02915	0.69536	0.05430	0.06859	0.01486	0.00857	0.00229	0.00343	0.01315	0.00800	0.00686
112	0.00885	0.00637	0.00839	0.01001	0.01051	0.00591	0.00670	0.01013	0.01402	0.01860	0.04137	0.71366	0.07337	0.02260	0.00925	0.00293	0.00420	0.02046	0.00675	0.00591
113	0.01550	0.02091	0.16702	0.25259	0.04001	0.01748	0.31469	0.02154	0.01577	0.02154	0.01364	0.01858	0.01019	0.00685	0.00829	0.00243	0.03299	0.00719	0.00340	0.00938
114	0.00894	0.00738	0.00785	0.00773	0.01003	0.00628	0.00580	0.01110	0.01739	0.02158	0.20096	0.06675	0.56771	0.01768	0.00859	0.00242	0.00363	0.01489	0.00701	0.00628
115	0.79588	0.01406	0.01068	0.00956	0.01406	0.01631	0.00787	0.02137	0.01237	0.03261	0.01012	0.01181	0.00787	0.00675	0.00450	0.00225	0.00562	0.00394	0.00450	0.00787
116	0.01541	0.13021	0.57088	0.02034	0.03024	0.01856	0.07136	0.02287	0.01540	0.02226	0.01278	0.01517	0.00935	0.00676	0.00673	0.00221	0.01046	0.00541	0.00312	0.01049
117	0.11242	0.04133	0.01965	0.01566	0.04395	0.01893	0.01241	0.38808	0.06252	0.14174	0.05654	0.02034	0.01626	0.00879	0.00696	0.00220	0.00709	0.00674	0.00701	0.01138
118	0.00886	0.00633	0.00843	0.01012	0.01054	0.00590	0.00675	0.01012	0.01392	0.01856	0.04006	0.73979	0.04808	0.02277	0.00928	0.00295	0.00422	0.02066	0.00675	0.00590
119	0.00886	0.00633	0.00843	0.01012	0.01054	0.00590	0.00675	0.01012	0.01392	0.01856	0.04006	0.73979	0.04808	0.02277	0.00928	0.00295	0.00422	0.02066	0.00675	0.00590
120	0.01573	0.01496	0.02542	0.40656	0.35493	0.01668	0.02118	0.02033	0.01548	0.02100	0.01327	0.01873	0.01055	0.00690	0.00723	0.00230	0.00919	0.00647	0.00340	0.00969
121	0.01458	0.03760	0.70688	0.02072	0.03146	0.01688	0.02686	0.02302	0.01535	0.02302	0.01304	0.01535	0.00921	0.00691	0.00691	0.00230	0.01074	0.00537	0.00307	0.01074
122	0.01369	0.01270	0.02139	0.70321	0.04871	0.01582	0.01973	0.01827	0.01437	0.01837	0.01291	0.01947	0.00979	0.00787	0.00797	0.02856	0.00958	0.00646	0.00323	0.00791
123	0.00895	0.00639	0.00854	0.01023	0.01069	0.00599	0.00691	0.01029	0.01401	0.01866	0.04001	0.71797	0.04787	0.02268	0.00930	0.00297	0.00430	0.04156	0.00675	0.00593
124	0.01511	0.01304	0.01535	0.01109	0.01730	0.01018	0.00890	0.01827	0.01492	0.02344	0.01279	0.01511	0.01072	0.00567	0.00610	0.00116	0.03371	0.00439	0.00426	0.75850
125	0.01799	0.01727	0.02950	0.04462	0.69919	0.01727	0.02231	0.02231	0.01655	0.02375	0.01367	0.01799	0.01151	0.00648	0.00720	0.00216	0.00864	0.00648	0.00360	0.01151
126	0.05092	0.01919	0.01984	0.01558	0.02110	0.05694	0.01269	0.44617	0.10317	0.07907	0.01847	0.01832	0.01334	0.00842	0.00698	0.00210	0.00758	0.00638	0.00682	0.08696
127	0.01057	0.00705	0.00793	0.00793	0.00793	0.00705	0.00440	0.01057	0.01057	0.01409	0.02290	0.04757	0.02643	0.74454	0.03700	0.00705	0.00705	0.01057	0.00440	0.00440
128	0.01799	0.01727	0.02950	0.04462	0.69919	0.01727	0.02231	0.02231	0.01655	0.02375	0.01367	0.01799	0.01151	0.00648	0.00720	0.00216	0.00864	0.00648	0.00360	0.01151
129	0.01709	0.01940	0.04174	0.02999	0.03693	0.01860	0.63605	0.02296	0.01682	0.02296	0.01442	0.01940	0.01095	0.00650	0.00943	0.00249	0.05247	0.00845	0.00365	0.00970
130	0.01943	0.74891	0.03809	0.01244	0.01866	0.02876	0.01244	0.02177	0.01477	0.01710	0.01011	0.01166	0.00933	0.00622	0.00466	0.00155	0.00777	0.00389	0.00311	0.00933
131	0.01000	0.00736	0.00935	0.00897	0.01071	0.00672	0.00668	0.01311	0.01971	0.02737	0.58127	0.09294	0.14729	0.01573	0.00861	0.00234	0.00350	0.01383	0.00778	0.00672
132	0.01024	0.00739	0.00968	0.00918	0.01085	0.00683	0.00686	0.01360	0.02036	0.02881	0.67426	0.07637	0.06793	0.01512	0.00860	0.00231	0.00345	0.01339	0.00796	0.00683
133	0.00886	0.00633	0.00843	0.01012	0.01054	0.00590	0.00675	0.01012	0.01392	0.01856	0.04006	0.73979	0.04808	0.02277	0.00928	0.00295	0.00422	0.02066	0.00675	0.00590
134	0.02466	0.01090	0.01453	0.01173	0.01600	0.00973	0.00945	0.04843	0.02116	0.44735	0.26107	0.03483	0.03548	0.01104	0.00775	0.00226	0.00528	0.00932	0.00859	0.01045
135	0.01153	0.00824	0.01148	0.01303	0.01466	0.00819	0.01126	0.01480	0.01683	0.02202	0.07367	0.10618	0.04351	0.01991	0.00993	0.00327	0.00642	0.59163	0.00677	0.00667
136	0.03231	0.01286	0.01717	0.01316	0.01880	0.01141	0.01088	0.07455	0.02162	0.66395	0.02799	0.02430	0.01765	0.00898	0.00731	0.00225	0.00630	0.00726	0.00889	0.01237
137	0.00886	0.00633	0.00843	0.01012	0.01054	0.00590	0.00675	0.01012	0.01392	0.01856	0.04006	0.73979	0.04808	0.02277	0.00928	0.00295	0.00422	0.02066	0.00675	0.00590
138	0.03243	0.01267	0.01705	0.01307	0.01871	0.01113	0.01080	0.05935	0.02131	0.67959	0.02826	0.02447	0.01778	0.00899	0.00731	0.00225	0.00625	0.00728	0.00893	0.01237
139	0.01044	0.00755	0.01048	0.01048	0.01136	0.00843	0.00758	0.01221	0.01133	0.01598	0.02057	0.03466	0.02082	0.27619	0.49768	0.01019	0.01548	0.00868	0.00406	0.00582
140	0.01002	0.00729	0.00943	0.00917	0.01076	0.00670	0.00677	0.01309	0.01953	0.02730	0.57939	0.14011	0.10115	0.01604	0.00866	0.00238	0.00354	0.01420	0.00778	0.00670
141	0.01899	0.68426	0.09888	0.01319	0.01982	0.02768	0.01375	0.02188	0.01482	0.01764	0.01037	0.01200	0.00932	0.00628	0.00487	0.00162	0.00804	0.00402	0.00311	0.00946
142	0.01060	0.00968	0.04741	0.01111	0.01272	0.00877	0.00894	0.01265	0.01454	0.01914	0.06041	0.22581	0.19318	0.13150	0.01483	0.00351	0.07565	0.12734	0.00587	0.00635
143	0.02763	0.02036	0.02182	0.01672	0.02254	0.02254	0.01382	0.67496	0.03418	0.04581	0.01745	0.01745	0.01236	0.00873	0.00727	0.00218	0.00800	0.00654	0.00727	0.01236
144	0.01373	0.01292	0.02180	0.72707	0.05006	0.01615	0.02019	0.01857	0.01453	0.01857	0.01292	0.01938	0.00969	0.00727	0.00727	0.00242	0.00969	0.00646	0.00323	0.00807
145	0.01986	0.71135	0.03725	0.01266	0.01886	0.02844	0.01251	0.05545	0.01577	0.01858	0.01048	0.01196	0.00948	0.00635	0.00480	0.00159	0.00779	0.00402	0.00332	0.00948
146	0.03133	0.01233	0.01662	0.01288	0.01831	0.01083	0.01059	0.03482	0.04569	0.65657	0.05088	0.02581	0.01983	0.00922	0.00736	0.00226	0.00608	0.00754	0.00890	0.01216
147	0.01171	0.00837	0.01171	0.01339	0.01506	0.00837	0.01171	0.01506	0.01673	0.02175	0.03849	0.08199	0.04183	0.02008	0.01004	0.00335	0.00669	0.65027	0.00669	0.00669
148	0.03169	0.01372	0.04067	0.01343	0.01924	0.01162	0.01143	0.07413	0.02144	0.64075	0.02746	0.02398	0.01735	0.00891	0.00729	0.00225	0.00645	0.00720	0.00869	0.01231
149	0.00892	0.00635	0.00842	0.01004	0.01044	0.00595	0.00666	0.01014	0.01379	0.01839	0.03941	0.71355	0.04726	0.05014	0.01033	0.00311	0.00432	0.02028	0.00666	0.00585
150	0.02450	0.10939	0.04386	0.01626	0.02170	0.14413	0.01370	0.36932	0.05219	0.03362	0.01523	0.01609	0.01155	0.00809	0.00725	0.00202	0.03280	0.00576	0.00568	0.06687
151	0.01531	0.01367	0.01820	0.01300	0.01956	0.01067	0.08336	0.01886	0.01531	0.02364	0.01312	0.01558	0.01080	0.00547	0.00574	0.00123	0.00616	0.00479	0.00424	0.70128
152	0.01507	0.01292	0.01507	0.01077	0.01723	0.00969	0.00861	0.01830	0.01507	0.02369	0.01292	0.01507	0.01077	0.00538	0.00538	0.00108	0.00538	0.00431	0.00431	0.78898
153	0.01943	0.74891	0.03809	0.01244	0.01866	0.02876	0.01244	0.02177	0.01477	0.01710	0.01011	0.01166	0.00933	0.00622	0.00466	0.00155	0.00777	0.00389	0.00311	0.00933
154	0.01055	0.00714	0.00842	0.00842	0.00859	0.00731	0.00502	0.01089	0.01072	0.01446	0.02245	0.04507	0.02534	0.65397	0.12609	0.00766	0.00868	0.01021	0.00434	0.00468
155	0.00903	0.00732	0.00801	0.00796	0.01012	0.00630	0.00593	0.01124	0.01742	0.02196	0.22732	0.10350	0.50294	0.01777	0.00863	0.00244	0.00365	0.01509	0.00706	0.00630
156	0.09600	0.01477	0.02172	0.13609	0.18432	0.01583	0.08051	0.02550	0.17404	0.07390	0.04609	0.02351	0.01692	0.04920	0.00885	0.00260	0.00771	0.00740	0.00514	0.00990
157	0.71032	0.01387	0.01138	0.00994	0.01456	0.01568	0.00819	0.02294	0.01332	0.10790	0.01220	0.01326	0.00901	0.00700	0.00481	0.00225	0.00569	0.00431	0.00500	0.00838
158	0.01382	0.00766	0.00833	0.00806	0.00991	0.00797	0.00616	0.05152	0.01571	0.02653	0.02273	0.02681	0.01823	0.01554	0.11409	0.00325	0.00610	0.00692	0.62364	0.00703
159	0.01458	0.03760	0.70688	0.02072	0.03146	0.01688	0.02686	0.02302	0.01535	0.02302	0.01304	0.01535	0.00921	0.00691	0.00691	0.00230	0.01074	0.00537	0.00307	0.01074
160	0.01330	0.00800	0.01050	0.01059	0.01220	0.00757	0.00799	0.01550	0.01634	0.10970	0.18634	0.18963	0.04300	0.16632	0.01472	0.00364	0.00546	0.16552	0.00684	0.00684
161	0.00908	0.00650	0.00863	0.00997	0.01059	0.00605	0.00676	0.01067	0.01494	0.02018	0.14047	0.63476	0.05122	0.02156	0.00917	0.00285	0.00410	0.01951	0.00694	0.00605
162	0.04507	0.03668	0.67971	0.02028	0.03078	0.01686	0.02612	0.02296	0.01523	0.02339	0.01293	0.01521	0.00916	0.00690	0.00681	0.00230	0.01054	0.00532	0.00313	0.01063
163	0.01373	0.01642	0.12615	0.57492	0.04506	0.01578	0.02069	0.01904	0.01479	0.01945	0.01451	0.02262	0.01159	0.00800	0.00738	0.00246	0.00967	0.04591	0.00342	0.00840
164	0.03261	0.01237	0.01687	0.01293	0.01856	0.01068	0.01068	0.03543	0.02081	0.70423	0.02868	0.02474	0.01799	0.00900	0.00731	0.00225	0.00619	0.00731	0.00900	0.01237
165	0.00886	0.00633	0.00843	0.01012	0.01054	0.00590	0.00675	0.01012	0.01392	0.01856	0.04006	0.73979	0.04808	0.02277	0.00928	0.00295	0.00422	0.02066	0.00675	0.00590
166	0.01775	0.01703	0.02907	0.08279	0.66289	0.01721	0.02219	0.02210	0.01644	0.02346	0.01363	0.01807	0.01141	0.00652	0.00720	0.00217	0.00869	0.00648	0.00358	0.01132
167	0.00886	0.00633	0.00843	0.01012	0.01054	0.00590	0.00675	0.01012	0.01392	0.01856	0.04006	0.73979	0.04808	0.02277	0.00928	0.00295	0.00422	0.02066	0.00675	0.00590
168	0.00897	0.00641	0.00857	0.01025	0.01073	0.00600	0.00695	0.01032	0.01403	0.01868	0.04000	0.71331	0.04783	0.02266	0.00931	0.00297	0.00432	0.04601	0.00675	0.00594
169	0.01716	0.01961	0.04289	0.03064	0.03799	0.01838	0.67279	0.02328	0.01716	0.02328	0.01471	0.01961	0.01103	0.00613	0.00858	0.00245	0.01225	0.00858	0.00368	0.00980
170	0.01458	0.03760	0.70688	0.02072	0.03146	0.01688	0.02686	0.02302	0.01535	0.02302	0.01304	0.01535	0.00921	0.00691	0.00691	0.00230	0.01074	0.00537	0.00307	0.01074
171	0.01458	0.03760	0.70688	0.02072	0.03146	0.01688	0.02686	0.02302	0.01535	0.02302	0.01304	0.01535	0.00921	0.00691	0.00691	0.00230	0.01074	0.00537	0.00307	0.01074
172	0.79588	0.01406	0.01068	0.00956	0.01406	0.01631	0.00787	0.02137	0.01237	0.03261	0.01012	0.01181	0.00787	0.00675	0.00450	0.00225	0.00562	0.00394	0.00450	0.00787
173	0.03233	0.01282	0.01715	0.01315	0.01878	0.01135	0.01086	0.07120	0.02155	0.66740	0.02805	0.02433	0.01768	0.00898	0.00731	0.00225	0.00629	0.00727	0.00890	0.01237
174	0.02695	0.02002	0.02143	0.01659	0.02228	0.02222	0.01365	0.62924	0.08101	0.04470	0.01832	0.01815	0.01307	0.00881	0.00728	0.00220	0.00784	0.00666	0.00728	0.01230
175	0.06862	0.02274	0.02099	0.01672	0.02208	0.15394	0.01354	0.51719	0.03043	0.03978	0.01588	0.01632	0.01155	0.00839	0.00699	0.00213	0.00884	0.00605	0.00645	0.01137
176	0.00886	0.00633	0.00843	0.01012	0.01054	0.00590	0.00675	0.01012	0.01392	0.01856	0.04006	0.73979	0.04808	0.02277	0.00928	0.00295	0.00422	0.02066	0.00675	0.00590
177	0.03261	0.01237	0.01687	0.01293	0.01856	0.01068	0.01068	0.03543	0.02081	0.70423	0.02868	0.02474	0.01799	0.00900	0.00731	0.00225	0.00619	0.00731	0.00900	0.01237
178	0.01447	0.01228	0.01443	0.01070	0.01658	0.00932	0.00843	0.01751	0.01496	0.02319	0.01555	0.08520	0.01438	0.00707	0.00576	0.00126	0.00527	0.00589	0.00454	0.71320
179	0.01943	0.74891	0.03809	0.01244	0.01866	0.02876	0.01244	0.02177	0.01477	0.01710	0.01011	0.01166	0.00933	0.00622	0.00466	0.00155	0.00777	0.00389	0.00311	0.00933
180	0.00886	0.00633	0.00843	0.01012	0.01054	0.00590	0.00675	0.01012	0.01392	0.01856	0.04006	0.73979	0.04808	0.02277	0.00928	0.00295	0.00422	0.02066	0.00675	0.00590
181	0.01652	0.01836	0.03897	0.16028	0.04024	0.01797	0.55131	0.02241	0.01667	0.02241	0.01437	0.01957	0.01078	0.00634	0.00833	0.00245	0.01178	0.00818	0.00359	0.00948
182	0.03037	0.01426	0.01847	0.01541	0.05572	0.01355	0.01193	0.15599	0.04684	0.51907	0.02578	0.02308	0.01673	0.00884	0.00730	0.00224	0.00664	0.00715	0.00832	0.01229
183	0.01701	0.02061	0.08003	0.03008	0.03762	0.01830	0.63666	0.02327	0.01706	0.02327	0.01461	0.01937	0.01093	0.00617	0.00848	0.00244	0.01217	0.00840	0.00364	0.00986
184	0.00869	0.00737	0.00750	0.00746	0.00988	0.00618	0.00560	0.01062	0.01679	0.02017	0.10841	0.06908	0.66114	0.01821	0.00859	0.00245	0.00367	0.01522	0.00682	0.00618
185	0.01943	0.74891	0.03809	0.01244	0.01866	0.02876	0.01244	0.02177	0.01477	0.01710	0.01011	0.01166	0.00933	0.00622	0.00466	0.00155	0.00777	0.00389	0.00311	0.00933
186	0.01458	0.03760	0.70688	0.02072	0.03146	0.01688	0.02686	0.02302	0.01535	0.02302	0.01304	0.01535	0.00921	0.00691	0.00691	0.00230	0.01074	0.00537	0.00307	0.01074
187	0.01857	0.01663	0.01666	0.01500	0.01909	0.05537	0.01164	0.03811	0.65048	0.02973	0.02860	0.02637	0.02150	0.00974	0.00735	0.00243	0.00615	0.00803	0.00720	0.01134
188	0.00886	0.00633	0.00843	0.01012	0.01054	0.00590	0.00675	0.01012	0.01392	0.01856	0.04006	0.73979	0.04808	0.02277	0.00928	0.00295	0.00422	0.02066	0.00675	0.00590
189	0.01458	0.03760	0.70688	0.02072	0.03146	0.01688	0.02686	0.02302	0.01535	0.02302	0.01304	0.01535	0.00921	0.00691	0.00691	0.00230	0.01074	0.00537	0.00307	0.01074
190	0.01458	0.03760	0.70688	0.02072	0.03146	0.01688	0.02686	0.02302	0.01535	0.02302	0.01304	0.01535	0.00921	0.00691	0.00691	0.00230	0.01074	0.00537	0.00307	0.01074
191	0.00859	0.00736	0.00736	0.00736	0.00982	0.00614	0.00552	0.01043	0.01657	0.01964	0.07364	0.06996	0.69624	0.01841	0.00859	0.00245	0.00368	0.01534	0.00675	0.00614
192	0.02058	0.02077	0.01871	0.05728	0.05680	0.20319	0.01330	0.05663	0.41426	0.02660	0.02253	0.02215	0.01719	0.00887	0.00715	0.00228	0.00815	0.00703	0.00599	0.01053
193	0.01507	0.01292	0.01507	0.01077	0.01723	0.00969	0.00861	0.01830	0.01507	0.02369	0.01292	0.01507	0.01077	0.00538	0.00538	0.00108	0.00538	0.00431	0.00431	0.78898
194	0.01382	0.01278	0.02118	0.63783	0.04567	0.01606	0.01914	0.01801	0.01402	0.01818	0.01266	0.01928	0.00984	0.00862	0.00959	0.04451	0.06135	0.00645	0.00322	0.00780
195	0.01200	0.00759	0.00992	0.04761	0.01284	0.00833	0.00778	0.01511	0.01377	0.02205	0.04497	0.02831	0.01971	0.02963	0.32944	0.00631	0.01106	0.00745	0.35940	0.00672
196	0.01147	0.00773	0.00989	0.00918	0.01121	0.00701	0.00694	0.01468	0.02014	0.06939	0.58545	0.05423	0.13527	0.01490	0.00850	0.00230	0.00363	0.01303	0.00792	0.00712
197	0.00886	0.00633	0.00843	0.01012	0.01054	0.00590	0.00675	0.01012	0.01392	0.01856	0.04006	0.73979	0.04808	0.02277	0.00928	0.00295	0.00422	0.02066	0.00675	0.00590
198	0.01472	0.03664	0.67137	0.02125	0.03181	0.01696	0.06140	0.02303	0.01544	0.02303	0.01313	0.01557	0.00931	0.00686	0.00700	0.00231	0.01082	0.00554	0.00310	0.01069
199	0.00886	0.00633	0.00843	0.01012	0.01054	0.00590	0.00675	0.01012	0.01392	0.01856	0.04006	0.73979	0.04808	0.02277	0.00928	0.00295	0.00422	0.02066	0.00675	0.00590
200	0.00886	0.00633	0.00843	0.01012	0.01054	0.00590	0.00675	0.01012	0.01392	0.01856	0.04006	0.73979	0.04808	0.02277	0.00928	0.00295	0.00422	0.02066	0.00675	0.00590
201	0.20547	0.04149	0.01629	0.01215	0.01754	0.01267	0.01011	0.03170	0.01865	0.52487	0.02374	0.02129	0.01536	0.00838	0.00657	0.00222	0.00612	0.00641	0.00775	0.01123
202	0.00913	0.00644	0.00835	0.00978	0.01013	0.00608	0.00638	0.01019	0.01339	0.01785	0.03735	0.63046	0.04466	0.13677	0.01366	0.00360	0.00466	0.01907	0.00638	0.00567
203	0.01567	0.01290	0.01513	0.01084	0.01727	0.00972	0.00868	0.01889	0.01527	0.04686	0.01346	0.01540	0.01101	0.00551	0.00545	0.00112	0.00541	0.00441	0.00447	0.76253
