[name]
unknown

[dist]
# distance from previous block
# <min> <max>
0	41

[block]
# block no. 0 follows, 25 sequences, length 19
# corresponding to MSA columns:
# 41-59
name=unknown_A
#
# <colnr> <probs for GDERKNQSTAVLIFYWHMCP>
#	G	D	E	R	K	N	Q	S	T	A	V	L	I	F	Y	W	H	M	C	P
0	0.01381	0.01013	0.01264	0.01398	0.01585	0.04197	0.01172	0.01692	0.01776	0.05207	0.03944	0.18237	0.04287	0.02070	0.01027	0.00337	0.00703	0.47263	0.00711	0.00737
1	0.02355	0.10615	0.15665	0.04943	0.09428	0.28329	0.01854	0.10672	0.04585	0.02498	0.01416	0.01625	0.01113	0.00786	0.00708	0.00217	0.01125	0.00572	0.00437	0.01056
2	0.01109	0.00824	0.01210	0.01210	0.01336	0.00950	0.00924	0.01362	0.01235	0.01773	0.02110	0.03228	0.02017	0.11816	0.63786	0.01202	0.01958	0.00857	0.00420	0.00672
3	0.01632	0.03528	0.53624	0.02676	0.12949	0.01820	0.08054	0.02447	0.01672	0.02469	0.01416	0.01717	0.01035	0.00723	0.00756	0.00245	0.01126	0.00619	0.00341	0.01150
4	0.01727	0.01993	0.07265	0.19001	0.07303	0.01914	0.40561	0.02326	0.01716	0.02333	0.01479	0.02032	0.01127	0.00727	0.00956	0.00263	0.05078	0.00820	0.00374	0.01006
5	0.01501	0.01416	0.02393	0.65491	0.10446	0.01732	0.02172	0.02014	0.01568	0.02026	0.01385	0.02055	0.01049	0.00768	0.00775	0.00256	0.01024	0.00689	0.00348	0.00891
6	0.00943	0.00682	0.00892	0.01060	0.01119	0.00631	0.00711	0.01082	0.01503	0.01987	0.04514	0.67896	0.09322	0.02398	0.00985	0.00311	0.00446	0.02166	0.00720	0.00631
7	0.01498	0.02002	0.17215	0.05796	0.13946	0.01473	0.15268	0.02034	0.01760	0.02394	0.05579	0.03903	0.14163	0.01143	0.00862	0.00263	0.00913	0.08330	0.00492	0.00965
8	0.06991	0.01241	0.01598	0.01287	0.01781	0.01139	0.01042	0.03227	0.06481	0.46607	0.16649	0.03250	0.03036	0.01086	0.00792	0.00242	0.00591	0.00899	0.00899	0.01162
9	0.03284	0.01277	0.01737	0.01347	0.01912	0.01106	0.01106	0.03590	0.02217	0.63119	0.08317	0.02896	0.02360	0.01011	0.00791	0.00240	0.00636	0.00831	0.00951	0.01272
10	0.03326	0.01383	0.01817	0.01413	0.02000	0.01258	0.01161	0.06302	0.07712	0.60363	0.03019	0.02629	0.01933	0.00966	0.00780	0.00242	0.00664	0.00785	0.00938	0.01312
11	0.02040	0.02225	0.09663	0.06447	0.43796	0.07620	0.02203	0.08263	0.05346	0.02701	0.01552	0.01898	0.01244	0.00749	0.00761	0.00232	0.00967	0.00673	0.00435	0.01185
12	0.01041	0.00816	0.00860	0.00865	0.01080	0.00740	0.00625	0.01339	0.05247	0.02175	0.08259	0.12700	0.44497	0.09380	0.01211	0.00312	0.00445	0.01521	0.06215	0.00672
13	0.00984	0.00788	0.00879	0.00856	0.01089	0.00683	0.00642	0.01243	0.01926	0.02472	0.30017	0.06841	0.45202	0.01823	0.00916	0.00255	0.00383	0.01549	0.00770	0.00683
14	0.01019	0.00775	0.01016	0.01116	0.01205	0.00781	0.00798	0.01187	0.01483	0.01968	0.04287	0.46102	0.13343	0.04994	0.09213	0.00434	0.04417	0.04555	0.00655	0.00651
15	0.02353	0.29818	0.08641	0.01462	0.02084	0.02096	0.01370	0.03061	0.14818	0.20920	0.02195	0.04529	0.01677	0.00894	0.00674	0.00219	0.00753	0.00688	0.00614	0.01134
16	0.19600	0.17796	0.04460	0.01621	0.07190	0.05450	0.01284	0.02668	0.01702	0.20455	0.01747	0.01906	0.01324	0.02939	0.04047	0.00285	0.03344	0.00595	0.00552	0.01034
17	0.02059	0.56125	0.14386	0.01527	0.02246	0.08490	0.01590	0.02409	0.01638	0.01933	0.01139	0.01321	0.00993	0.00687	0.00553	0.00182	0.00929	0.00447	0.00337	0.01011
18	0.02789	0.01888	0.10063	0.01591	0.02221	0.01630	0.01428	0.19782	0.10410	0.32196	0.05930	0.02508	0.01984	0.00969	0.00782	0.00242	0.00749	0.00777	0.00807	0.01256

[dist]
# distance from previous block
# <min> <max>
0	5

[block]
# block no. 1 follows, 25 sequences, length 39
# corresponding to MSA columns:
# 65-103
name=unknown_B
#
# <colnr> <probs for GDERKNQSTAVLIFYWHMCP>
#	G	D	E	R	K	N	Q	S	T	A	V	L	I	F	Y	W	H	M	C	P
0	0.05410	0.31278	0.09952	0.01788	0.04491	0.11807	0.04520	0.04933	0.01720	0.02209	0.01211	0.01472	0.01031	0.00773	0.00820	0.00207	0.08688	0.00520	0.00380	0.06791
1	0.02422	0.04745	0.04266	0.01377	0.01884	0.01423	0.01152	0.08255	0.15310	0.28402	0.08178	0.05805	0.05526	0.01095	0.00776	0.00238	0.00633	0.00902	0.03649	0.03959
2	0.01910	0.04897	0.02060	0.09512	0.02448	0.01434	0.04714	0.08207	0.04414	0.07795	0.01621	0.01826	0.01253	0.00689	0.00656	0.00169	0.00715	0.00573	0.00518	0.44589
3	0.01223	0.00963	0.01191	0.03357	0.01450	0.00836	0.00800	0.01551	0.01920	0.02724	0.37830	0.04740	0.12556	0.04564	0.00958	0.00236	0.00464	0.01147	0.00700	0.20792
4	0.02484	0.33961	0.02985	0.01610	0.02158	0.25021	0.01379	0.14232	0.02168	0.02459	0.01322	0.01476	0.01096	0.00768	0.00618	0.00190	0.01004	0.00508	0.03547	0.01012
5	0.05317	0.01438	0.08611	0.01235	0.01650	0.01213	0.01078	0.07815	0.07656	0.15450	0.04931	0.06080	0.02182	0.06338	0.01010	0.02644	0.00622	0.00840	0.22941	0.00950
6	0.04502	0.02089	0.16748	0.11577	0.02750	0.01671	0.01684	0.17808	0.04683	0.13396	0.09975	0.02456	0.02053	0.00933	0.00767	0.00238	0.00825	0.00756	0.00630	0.04459
7	0.01795	0.25737	0.45676	0.01898	0.02870	0.02174	0.02311	0.02466	0.01641	0.04874	0.01359	0.01553	0.01023	0.00722	0.00663	0.00220	0.01027	0.00531	0.00354	0.01105
8	0.01027	0.00735	0.00876	0.00939	0.01006	0.00705	0.00604	0.01123	0.01366	0.01785	0.03974	0.28661	0.14547	0.32667	0.06043	0.00545	0.00659	0.01571	0.00596	0.00569
9	0.70959	0.01613	0.04462	0.01095	0.01613	0.01714	0.00952	0.02359	0.01378	0.06502	0.01188	0.01343	0.00898	0.00732	0.00507	0.00240	0.00629	0.00444	0.00495	0.00877
10	0.01055	0.00781	0.00984	0.00953	0.01137	0.00710	0.00707	0.01373	0.02065	0.02847	0.52379	0.11670	0.17029	0.01718	0.00921	0.00253	0.00377	0.01508	0.00820	0.00710
11	0.01873	0.01652	0.01978	0.10019	0.09880	0.01895	0.01466	0.03673	0.51594	0.03016	0.02756	0.02686	0.02082	0.00979	0.00785	0.00259	0.00697	0.00834	0.00691	0.01185
12	0.03479	0.01320	0.01799	0.01380	0.01979	0.01140	0.01140	0.03779	0.02219	0.68451	0.03059	0.02639	0.01919	0.00960	0.00780	0.00240	0.00660	0.00780	0.00960	0.01320
13	0.02025	0.01777	0.04906	0.01606	0.02092	0.01902	0.01309	0.06332	0.57984	0.06443	0.03020	0.02783	0.02241	0.01028	0.00786	0.00260	0.00650	0.00851	0.00775	0.01231
14	0.00945	0.00675	0.00900	0.01080	0.01125	0.00630	0.00720	0.01080	0.01484	0.01979	0.04274	0.72245	0.05128	0.02429	0.00990	0.00315	0.00450	0.02204	0.00720	0.00630
15	0.01919	0.01842	0.03147	0.04759	0.67914	0.01842	0.02380	0.02380	0.01765	0.02533	0.01458	0.01919	0.01228	0.00691	0.00768	0.00230	0.00921	0.00691	0.00384	0.01228
16	0.01608	0.01378	0.01608	0.01148	0.01837	0.01034	0.00919	0.01952	0.01608	0.02527	0.01378	0.01608	0.01148	0.00574	0.00574	0.00115	0.00574	0.00459	0.00459	0.77491
17	0.01645	0.01621	0.02277	0.01967	0.01979	0.02253	0.01633	0.01824	0.01193	0.01860	0.01110	0.01813	0.01098	0.01744	0.08364	0.00418	0.65329	0.00692	0.00346	0.00835
18	0.01830	0.02092	0.04575	0.03268	0.04052	0.01961	0.65098	0.02484	0.01830	0.02484	0.01569	0.02092	0.01176	0.00654	0.00915	0.00261	0.01307	0.00915	0.00392	0.01046
19	0.01054	0.00791	0.00976	0.00930	0.01132	0.00713	0.00698	0.01379	0.02093	0.02867	0.53252	0.06191	0.21720	0.01676	0.00915	0.00248	0.00372	0.01458	0.00822	0.00713
20	0.01644	0.15909	0.57615	0.02058	0.03121	0.02019	0.02600	0.02432	0.01626	0.02347	0.01338	0.01569	0.00984	0.00724	0.00696	0.00232	0.01091	0.00546	0.00328	0.01120
21	0.78228	0.01499	0.01140	0.01020	0.01499	0.01739	0.00840	0.02279	0.01320	0.03479	0.01080	0.01260	0.00840	0.00720	0.00480	0.00240	0.00600	0.00420	0.00480	0.00840
22	0.01076	0.00776	0.01017	0.00990	0.01154	0.00717	0.00730	0.01410	0.02096	0.02952	0.58693	0.15053	0.07011	0.01703	0.00925	0.00254	0.00378	0.01514	0.00835	0.00717
23	0.02730	0.02044	0.02314	0.01788	0.02366	0.02237	0.04517	0.56803	0.03359	0.04503	0.01979	0.05189	0.01544	0.03821	0.00917	0.00258	0.00853	0.00794	0.00742	0.01240
24	0.01347	0.00673	0.01010	0.01010	0.01010	0.00673	0.00673	0.01010	0.01010	0.01347	0.01347	0.02357	0.01347	0.02694	0.03030	0.77441	0.00673	0.00673	0.00337	0.00337
25	0.00945	0.00675	0.00900	0.01080	0.01125	0.00630	0.00720	0.01080	0.01484	0.01979	0.04274	0.72245	0.05128	0.02429	0.00990	0.00315	0.00450	0.02204	0.00720	0.00630
26	0.00938	0.00786	0.00815	0.00808	0.01060	0.00664	0.00606	0.01154	0.01818	0.02215	0.14934	0.07264	0.60445	0.01919	0.00916	0.00260	0.00390	0.01609	0.00736	0.00664
27	0.01515	0.01473	0.02589	0.60510	0.05070	0.01774	0.09463	0.02035	0.01570	0.02035	0.01387	0.02057	0.01050	0.00782	0.00856	0.00262	0.03625	0.00715	0.00350	0.00882
28	0.01570	0.01478	0.02453	0.55366	0.16867	0.01754	0.02153	0.02154	0.04570	0.02142	0.01475	0.02077	0.01131	0.00772	0.00774	0.00253	0.00993	0.00698	0.00372	0.00947
29	0.01108	0.00831	0.01246	0.01246	0.01385	0.00969	0.00969	0.01385	0.01246	0.01800	0.02077	0.03046	0.01938	0.05815	0.69678	0.01246	0.02077	0.00831	0.00415	0.00692
30	0.01450	0.01296	0.01610	0.04559	0.08870	0.05892	0.01206	0.04466	0.04124	0.02280	0.07928	0.35842	0.03560	0.01723	0.01140	0.00288	0.10883	0.01463	0.00606	0.00815
31	0.00943	0.00681	0.00893	0.01063	0.01120	0.00631	0.00713	0.01081	0.01500	0.01986	0.04472	0.68661	0.08584	0.02403	0.00986	0.00312	0.00447	0.02173	0.00720	0.00631
32	0.78228	0.01499	0.01140	0.01020	0.01499	0.01739	0.00840	0.02279	0.01320	0.03479	0.01080	0.01260	0.00840	0.00720	0.00480	0.00240	0.00600	0.00420	0.00480	0.00840
33	0.01097	0.00793	0.01036	0.00975	0.01158	0.00732	0.00732	0.01463	0.02195	0.03109	0.67505	0.05792	0.07316	0.01585	0.00914	0.00244	0.00366	0.01402	0.00854	0.00732
34	0.02896	0.03695	0.02197	0.01998	0.02397	0.69638	0.01498	0.03096	0.02197	0.01898	0.01199	0.01398	0.00999	0.00799	0.00699	0.00200	0.01398	0.00499	0.00400	0.00899
35	0.01097	0.00793	0.01036	0.00975	0.01158	0.00732	0.00732	0.01463	0.02195	0.03109	0.67505	0.05792	0.07316	0.01585	0.00914	0.00244	0.00366	0.01402	0.00854	0.00732
36	0.01014	0.00784	0.00925	0.00901	0.01110	0.00695	0.00671	0.01298	0.01982	0.02631	0.39538	0.09597	0.32492	0.01783	0.00919	0.00255	0.00381	0.01538	0.00791	0.00695
37	0.00945	0.00675	0.00900	0.01080	0.01125	0.00630	0.00720	0.01080	0.01484	0.01979	0.04274	0.72245	0.05128	0.02429	0.00990	0.00315	0.00450	0.02204	0.00720	0.00630
38	0.74924	0.01608	0.04052	0.01071	0.01579	0.01742	0.00927	0.02287	0.01333	0.03435	0.01093	0.01276	0.00846	0.00720	0.00491	0.00240	0.00623	0.00426	0.00473	0.00853

[dist]
# distance from previous block
# <min> <max>
0	1

[block]
# block no. 2 follows, 25 sequences, length 77
# corresponding to MSA columns:
# 105-181
name=unknown_C
#
# <colnr> <probs for GDERKNQSTAVLIFYWHMCP>
#	G	D	E	R	K	N	Q	S	T	A	V	L	I	F	Y	W	H	M	C	P
0	0.02073	0.73217	0.04063	0.01327	0.01990	0.03068	0.01327	0.02322	0.01575	0.01824	0.01078	0.01244	0.00995	0.00663	0.00498	0.00166	0.00829	0.00415	0.00332	0.00995
1	0.01566	0.03931	0.66084	0.02254	0.03385	0.01807	0.05434	0.02457	0.01645	0.02457	0.01399	0.01656	0.00990	0.00733	0.00744	0.00246	0.01153	0.00587	0.00330	0.01142
2	0.01249	0.00892	0.01249	0.01428	0.01606	0.00892	0.01249	0.01606	0.01785	0.02320	0.04105	0.08746	0.04462	0.02142	0.01071	0.00357	0.00714	0.62695	0.00714	0.00714
3	0.78228	0.01499	0.01140	0.01020	0.01499	0.01739	0.00840	0.02279	0.01320	0.03479	0.01080	0.01260	0.00840	0.00720	0.00480	0.00240	0.00600	0.00420	0.00480	0.00840
4	0.00945	0.00675	0.00900	0.01080	0.01125	0.00630	0.00720	0.01080	0.01484	0.01979	0.04274	0.72245	0.05128	0.02429	0.00990	0.00315	0.00450	0.02204	0.00720	0.00630
5	0.78228	0.01499	0.01140	0.01020	0.01499	0.01739	0.00840	0.02279	0.01320	0.03479	0.01080	0.01260	0.00840	0.00720	0.00480	0.00240	0.00600	0.00420	0.00480	0.00840
6	0.01919	0.01842	0.03147	0.04759	0.67914	0.01842	0.02380	0.02380	0.01765	0.02533	0.01458	0.01919	0.01228	0.00691	0.00768	0.00230	0.00921	0.00691	0.00384	0.01228
7	0.01929	0.01666	0.01753	0.01578	0.02016	0.01929	0.01227	0.04120	0.66513	0.03243	0.03156	0.02893	0.02367	0.01052	0.00789	0.00263	0.00614	0.00877	0.00789	0.01227
8	0.00945	0.00675	0.00900	0.01080	0.01125	0.00630	0.00720	0.01080	0.01484	0.01979	0.04274	0.72245	0.05128	0.02429	0.00990	0.00315	0.00450	0.02204	0.00720	0.00630
9	0.01830	0.02092	0.04575	0.03268	0.04052	0.01961	0.65098	0.02484	0.01830	0.02484	0.01569	0.02092	0.01176	0.00654	0.00915	0.00261	0.01307	0.00915	0.00392	0.01046
10	0.03479	0.01320	0.01799	0.01380	0.01979	0.01140	0.01140	0.03779	0.02219	0.68451	0.03059	0.02639	0.01919	0.00960	0.00780	0.00240	0.00660	0.00780	0.00960	0.01320
11	0.00940	0.00786	0.00818	0.00810	0.01062	0.00665	0.00608	0.01159	0.01824	0.02228	0.15696	0.07242	0.59675	0.01914	0.00916	0.00259	0.00389	0.01606	0.00738	0.00665
12	0.02857	0.01951	0.02123	0.01644	0.02221	0.02122	0.01353	0.53304	0.03315	0.10889	0.02042	0.02035	0.01441	0.00931	0.00754	0.00228	0.00788	0.00708	0.08034	0.01262
13	0.01072	0.00729	0.00862	0.00916	0.00930	0.00715	0.00545	0.01113	0.01235	0.01647	0.02994	0.25302	0.03514	0.51574	0.03056	0.00620	0.00661	0.01452	0.00545	0.00518
14	0.00945	0.00675	0.00900	0.01080	0.01125	0.00630	0.00720	0.01080	0.01484	0.01979	0.04274	0.72245	0.05128	0.02429	0.00990	0.00315	0.00450	0.02204	0.00720	0.00630
15	0.02820	0.02121	0.02187	0.01705	0.02279	0.05351	0.01397	0.57180	0.03411	0.04583	0.01887	0.01926	0.01360	0.00922	0.00753	0.00227	0.00837	0.00691	0.07113	0.01250
16	0.01108	0.00831	0.01246	0.01246	0.01385	0.00969	0.00969	0.01385	0.01246	0.01800	0.02077	0.03046	0.01938	0.05815	0.69678	0.01246	0.02077	0.00831	0.00415	0.00692
17	0.00955	0.00682	0.00911	0.01091	0.01141	0.00639	0.00738	0.01097	0.01495	0.01991	0.04268	0.70114	0.05106	0.02420	0.00992	0.00316	0.00459	0.04234	0.00720	0.00633
18	0.01887	0.01797	0.03057	0.04600	0.64751	0.01797	0.02326	0.02343	0.01766	0.02523	0.01585	0.02245	0.01382	0.00760	0.00782	0.00236	0.00911	0.03648	0.00400	0.01204
19	0.01217	0.00806	0.01006	0.00949	0.01098	0.00755	0.00666	0.01461	0.01852	0.05781	0.42237	0.05472	0.07689	0.23557	0.01845	0.00401	0.00500	0.01295	0.00736	0.00677
20	0.01735	0.01490	0.02146	0.09858	0.02367	0.01815	0.07550	0.09525	0.01673	0.02483	0.01611	0.02224	0.01372	0.04124	0.04754	0.00337	0.28171	0.00738	0.15147	0.00879
21	0.01687	0.01911	0.06872	0.14974	0.11401	0.01783	0.38239	0.02262	0.01735	0.02357	0.01747	0.08087	0.01488	0.00836	0.00871	0.00261	0.01133	0.00944	0.00408	0.01004
22	0.18036	0.01309	0.01800	0.12326	0.20314	0.01390	0.01439	0.01885	0.01611	0.02534	0.05067	0.14031	0.08597	0.01240	0.00782	0.00262	0.00708	0.05258	0.00524	0.00887
23	0.02226	0.01661	0.01821	0.01529	0.01963	0.01804	0.01208	0.39776	0.08392	0.03833	0.02912	0.20956	0.05710	0.01391	0.00841	0.00259	0.00702	0.01161	0.00759	0.01095
24	0.01779	0.04790	0.01867	0.05819	0.02088	0.01415	0.01148	0.07358	0.01747	0.05767	0.01693	0.07736	0.01511	0.00889	0.00873	0.00186	0.08764	0.00682	0.00506	0.43382
25	0.74589	0.01507	0.01169	0.01046	0.01524	0.01748	0.00858	0.02367	0.04429	0.03468	0.01179	0.01337	0.00913	0.00736	0.00495	0.00241	0.00600	0.00442	0.00495	0.00858
26	0.01608	0.01378	0.01608	0.01148	0.01837	0.01034	0.00919	0.01952	0.01608	0.02527	0.01378	0.01608	0.01148	0.00574	0.00574	0.00115	0.00574	0.00459	0.00459	0.77491
27	0.01128	0.00752	0.00846	0.00846	0.00846	0.00752	0.00470	0.01128	0.01128	0.01503	0.02443	0.05074	0.02819	0.72751	0.03946	0.00752	0.00752	0.01128	0.00470	0.00470
28	0.00954	0.00679	0.00897	0.01068	0.01111	0.00636	0.00707	0.01082	0.01467	0.01956	0.04183	0.68925	0.05014	0.05905	0.01136	0.00336	0.00465	0.02151	0.00707	0.00622
29	0.01080	0.00792	0.01012	0.00957	0.01148	0.00724	0.00718	0.01430	0.02154	0.03012	0.61785	0.05952	0.13097	0.01621	0.00915	0.00246	0.00368	0.01425	0.00841	0.00724
30	0.00972	0.00705	0.00924	0.01089	0.01165	0.00657	0.00760	0.01134	0.01537	0.02022	0.04556	0.60679	0.10270	0.02362	0.00991	0.00315	0.00471	0.08032	0.00719	0.00640
31	0.01445	0.00723	0.00723	0.00723	0.00903	0.00723	0.00542	0.01807	0.01626	0.02891	0.02529	0.02891	0.01987	0.00903	0.00542	0.00181	0.00361	0.00723	0.77055	0.00723
32	0.01608	0.01378	0.01608	0.01148	0.01837	0.01034	0.00919	0.01952	0.01608	0.02527	0.01378	0.01608	0.01148	0.00574	0.00574	0.00115	0.00574	0.00459	0.00459	0.77491
33	0.00945	0.00675	0.00900	0.01080	0.01125	0.00630	0.00720	0.01080	0.01484	0.01979	0.04274	0.72245	0.05128	0.02429	0.00990	0.00315	0.00450	0.02204	0.00720	0.00630
34	0.02947	0.02172	0.02327	0.01784	0.02404	0.02404	0.01474	0.65329	0.03646	0.04887	0.01862	0.01862	0.01319	0.00931	0.00776	0.00233	0.00853	0.00698	0.00776	0.01319
35	0.01097	0.00793	0.01036	0.00975	0.01158	0.00732	0.00732	0.01463	0.02195	0.03109	0.67505	0.05792	0.07316	0.01585	0.00914	0.00244	0.00366	0.01402	0.00854	0.00732
36	0.01878	0.01622	0.01705	0.01539	0.01968	0.01865	0.01196	0.03971	0.63295	0.03186	0.03389	0.03120	0.05610	0.01097	0.00795	0.00263	0.00603	0.00914	0.00786	0.01199
37	0.02023	0.66537	0.10305	0.01412	0.02122	0.02946	0.01475	0.02335	0.01581	0.01885	0.01108	0.01282	0.00994	0.00670	0.00521	0.00174	0.00860	0.00430	0.00331	0.01010
38	0.78228	0.01499	0.01140	0.01020	0.01499	0.01739	0.00840	0.02279	0.01320	0.03479	0.01080	0.01260	0.00840	0.00720	0.00480	0.00240	0.00600	0.00420	0.00480	0.00840
39	0.01347	0.00673	0.01010	0.01010	0.01010	0.00673	0.00673	0.01010	0.01010	0.01347	0.01347	0.02357	0.01347	0.02694	0.03030	0.77441	0.00673	0.00673	0.00337	0.00337
40	0.01102	0.00801	0.01042	0.01005	0.01192	0.00742	0.00769	0.01458	0.02139	0.02992	0.59121	0.06128	0.10024	0.01652	0.00928	0.00254	0.00397	0.06693	0.00835	0.00726
41	0.02853	0.02102	0.02260	0.01751	0.02344	0.02321	0.01438	0.62314	0.03544	0.04750	0.01975	0.05164	0.01497	0.01001	0.00786	0.00237	0.00834	0.00769	0.00773	0.01286
42	0.01555	0.04011	0.68733	0.02210	0.03356	0.01801	0.02865	0.02455	0.01637	0.02455	0.01391	0.01637	0.00982	0.00737	0.00737	0.00246	0.01146	0.00573	0.00327	0.01146
43	0.01095	0.00866	0.01012	0.01058	0.01293	0.00805	0.00856	0.01460	0.05024	0.02321	0.11873	0.07512	0.37588	0.01943	0.00962	0.00292	0.00509	0.22085	0.00734	0.00710
44	0.06145	0.01896	0.07119	0.01428	0.01894	0.15912	0.01209	0.02696	0.02097	0.24535	0.20583	0.03289	0.05689	0.01109	0.00787	0.00234	0.00764	0.00892	0.00723	0.01000
45	0.02131	0.02331	0.02789	0.15096	0.34652	0.22174	0.04991	0.02532	0.01862	0.02246	0.01372	0.01796	0.01124	0.00736	0.00755	0.00227	0.01101	0.00643	0.00382	0.01059
46	0.01126	0.00758	0.00876	0.00876	0.00887	0.00768	0.00508	0.01147	0.01137	0.01526	0.02415	0.04920	0.02752	0.67669	0.08937	0.00789	0.00852	0.01105	0.00466	0.00487
47	0.02865	0.01457	0.01781	0.01458	0.01994	0.01452	0.01174	0.03914	0.27674	0.42635	0.03097	0.02740	0.02097	0.00996	0.00783	0.00249	0.00642	0.00818	0.00892	0.01283
48	0.01674	0.01418	0.01644	0.01180	0.01866	0.01102	0.00946	0.05103	0.01709	0.02644	0.01402	0.01620	0.01157	0.00592	0.00584	0.00121	0.00588	0.00471	0.00475	0.73704
49	0.02084	0.02145	0.02849	0.04036	0.52139	0.14806	0.02123	0.02490	0.01842	0.02428	0.01460	0.01865	0.01220	0.00722	0.00744	0.00222	0.00986	0.00656	0.04043	0.01141
50	0.00945	0.00675	0.00900	0.01080	0.01125	0.00630	0.00720	0.01080	0.01484	0.01979	0.04274	0.72245	0.05128	0.02429	0.00990	0.00315	0.00450	0.02204	0.00720	0.00630
51	0.01690	0.04587	0.23354	0.21076	0.22941	0.01844	0.02331	0.02459	0.07710	0.02407	0.01563	0.01940	0.01199	0.00760	0.00754	0.00244	0.00990	0.00662	0.00392	0.01098
52	0.01191	0.00807	0.01049	0.00996	0.01190	0.00738	0.00744	0.01524	0.02108	0.06156	0.55535	0.12062	0.09644	0.01653	0.00915	0.00251	0.00389	0.01459	0.00840	0.00747
53	0.00968	0.00687	0.00902	0.01054	0.01102	0.00645	0.00699	0.01102	0.01488	0.01992	0.07131	0.63269	0.05033	0.08467	0.01242	0.00349	0.00472	0.02073	0.00705	0.00621
54	0.01710	0.01589	0.02619	0.46808	0.12485	0.01831	0.08190	0.07835	0.04807	0.02416	0.01532	0.02071	0.01159	0.00780	0.00789	0.00253	0.01011	0.00721	0.00413	0.00982
55	0.01108	0.00831	0.01246	0.01246	0.01385	0.00969	0.00969	0.01385	0.01246	0.01800	0.02077	0.03046	0.01938	0.05815	0.69678	0.01246	0.02077	0.00831	0.00415	0.00692
56	0.01129	0.00833	0.01060	0.00996	0.01194	0.00784	0.00749	0.01573	0.05164	0.03075	0.62149	0.05724	0.09480	0.01575	0.00909	0.00245	0.00378	0.01387	0.00845	0.00752
57	0.78228	0.01499	0.01140	0.01020	0.01499	0.01739	0.00840	0.02279	0.01320	0.03479	0.01080	0.01260	0.00840	0.00720	0.00480	0.00240	0.00600	0.00420	0.00480	0.00840
58	0.01898	0.49894	0.25857	0.01624	0.02450	0.02641	0.01845	0.02367	0.01596	0.02037	0.01184	0.01376	0.00991	0.00688	0.00578	0.00193	0.00936	0.00468	0.00330	0.01046
59	0.01902	0.01825	0.03117	0.07195	0.65609	0.01838	0.02371	0.02365	0.01758	0.02513	0.01455	0.01924	0.01221	0.00694	0.00768	0.00231	0.00925	0.00691	0.00382	0.01215
60	0.01657	0.19829	0.45830	0.01984	0.02928	0.02044	0.05262	0.02349	0.01604	0.02263	0.01376	0.01668	0.01063	0.01080	0.05637	0.00300	0.01146	0.00570	0.00338	0.01074
61	0.01692	0.01568	0.01916	0.01672	0.01805	0.07477	0.03646	0.02023	0.04507	0.02157	0.01611	0.02221	0.01429	0.03940	0.07403	0.00376	0.36353	0.00719	0.16659	0.00826
62	0.01464	0.01378	0.02326	0.70887	0.05340	0.01723	0.02153	0.01981	0.01550	0.01981	0.01378	0.02067	0.01034	0.00775	0.00775	0.00258	0.01034	0.00689	0.00345	0.00861
63	0.01455	0.01373	0.02342	0.65739	0.05123	0.01686	0.04203	0.01961	0.01557	0.01998	0.01504	0.04966	0.01207	0.00839	0.00789	0.00261	0.01019	0.00759	0.00362	0.00858
64	0.06264	0.12360	0.02348	0.01796	0.05174	0.24423	0.01385	0.21790	0.05442	0.02986	0.02043	0.02117	0.06787	0.00922	0.00709	0.00217	0.00970	0.00667	0.00553	0.01047
65	0.01129	0.00789	0.01108	0.01191	0.01320	0.00733	0.03182	0.01318	0.01584	0.05212	0.04349	0.55067	0.09152	0.02230	0.00980	0.00310	0.00516	0.08422	0.00718	0.00689
66	0.01464	0.01378	0.02326	0.70887	0.05340	0.01723	0.02153	0.01981	0.01550	0.01981	0.01378	0.02067	0.01034	0.00775	0.00775	0.00258	0.01034	0.00689	0.00345	0.00861
67	0.01632	0.01532	0.02617	0.33475	0.29212	0.01678	0.05020	0.02113	0.01676	0.02261	0.01753	0.02831	0.01537	0.00905	0.00815	0.00260	0.00963	0.08317	0.00407	0.00995
68	0.02127	0.02162	0.08352	0.05655	0.16125	0.10403	0.01713	0.11518	0.20568	0.05066	0.04326	0.02512	0.01852	0.00941	0.00780	0.00244	0.00876	0.03044	0.00594	0.01141
69	0.01168	0.00905	0.01105	0.01191	0.01415	0.00875	0.00987	0.01598	0.06683	0.02296	0.05424	0.09861	0.27661	0.02002	0.00990	0.00313	0.00579	0.33497	0.00722	0.00728
70	0.01245	0.00993	0.01411	0.01342	0.01442	0.01221	0.01048	0.01479	0.01242	0.01839	0.01919	0.02956	0.01837	0.10973	0.46485	0.00963	0.15883	0.00823	0.04193	0.00704
71	0.01766	0.21412	0.45926	0.02028	0.02997	0.05494	0.05458	0.02455	0.01659	0.02269	0.01311	0.01548	0.00996	0.00717	0.00683	0.00224	0.01086	0.00546	0.00335	0.01091
72	0.01702	0.01701	0.02328	0.01981	0.02069	0.05489	0.05456	0.01921	0.01302	0.01947	0.01221	0.01877	0.01150	0.01646	0.07994	0.00398	0.54362	0.00699	0.03914	0.00844
73	0.03928	0.00892	0.01153	0.01070	0.01274	0.00875	0.00827	0.01629	0.02097	0.06140	0.55881	0.05418	0.06389	0.01540	0.00981	0.00254	0.03924	0.04148	0.00814	0.00768
74	0.02026	0.02039	0.04987	0.06728	0.34119	0.09888	0.08029	0.02694	0.09855	0.05632	0.04993	0.02217	0.01653	0.00808	0.00783	0.00237	0.00951	0.00748	0.00483	0.01130
75	0.01918	0.02549	0.25160	0.14561	0.23268	0.05065	0.04674	0.02516	0.01754	0.08915	0.01572	0.01901	0.01167	0.00751	0.00762	0.00241	0.01028	0.00658	0.00416	0.01124
76	0.05710	0.02025	0.08354	0.05977	0.09550	0.02012	0.20608	0.12922	0.01929	0.02769	0.01570	0.05095	0.01315	0.00947	0.01172	0.00269	0.15477	0.00803	0.00457	0.01040

[dist]
# distance from previous block
# <min> <max>
1	5

[block]
# block no. 3 follows, 25 sequences, length 45
# corresponding to MSA columns:
# 187-231
name=unknown_D
#
# <colnr> <probs for GDERKNQSTAVLIFYWHMCP>
#	G	D	E	R	K	N	Q	S	T	A	V	L	I	F	Y	W	H	M	C	P
0	0.02244	0.34018	0.03211	0.02152	0.13089	0.18024	0.01588	0.05859	0.01820	0.02129	0.01205	0.01473	0.01055	0.00787	0.00819	0.00206	0.08405	0.00523	0.00381	0.01014
1	0.20206	0.08330	0.03933	0.01248	0.01665	0.04247	0.03261	0.02193	0.01868	0.12139	0.26159	0.05931	0.03599	0.01137	0.00738	0.00236	0.00615	0.00930	0.00669	0.00894
2	0.01882	0.01610	0.05533	0.01808	0.07114	0.01557	0.04007	0.17951	0.02226	0.05868	0.13714	0.11260	0.02907	0.01244	0.01001	0.00251	0.07868	0.03385	0.00644	0.08170
3	0.01862	0.01310	0.01512	0.01298	0.01676	0.01302	0.00995	0.18856	0.06243	0.08265	0.08159	0.21026	0.05776	0.05873	0.01019	0.00274	0.00613	0.01196	0.00716	0.12030
4	0.00966	0.00684	0.00893	0.01052	0.01092	0.00644	0.00691	0.01085	0.01443	0.01924	0.04061	0.64432	0.04860	0.10608	0.01334	0.00366	0.00485	0.02079	0.00691	0.00611
5	0.01763	0.01470	0.01691	0.01222	0.01903	0.01193	0.00983	0.09316	0.01845	0.02801	0.01434	0.01637	0.01168	0.00616	0.00598	0.00129	0.00607	0.00487	0.00496	0.68640
6	0.01128	0.00752	0.00846	0.00846	0.00846	0.00752	0.00470	0.01128	0.01128	0.01503	0.02443	0.05074	0.02819	0.72751	0.03946	0.00752	0.00752	0.01128	0.00470	0.00470
7	0.02073	0.73217	0.04063	0.01327	0.01990	0.03068	0.01327	0.02322	0.01575	0.01824	0.01078	0.01244	0.00995	0.00663	0.00498	0.00166	0.00829	0.00415	0.00332	0.00995
8	0.01067	0.00782	0.01001	0.00965	0.01145	0.00716	0.00717	0.01398	0.02095	0.02918	0.56524	0.11314	0.13085	0.01691	0.00921	0.00251	0.00375	0.01490	0.00830	0.00716
9	0.00945	0.00675	0.00900	0.01080	0.01125	0.00630	0.00720	0.01080	0.01484	0.01979	0.04274	0.72245	0.05128	0.02429	0.00990	0.00315	0.00450	0.02204	0.00720	0.00630
10	0.00945	0.00675	0.00900	0.01080	0.01125	0.00630	0.00720	0.01080	0.01484	0.01979	0.04274	0.72245	0.05128	0.02429	0.00990	0.00315	0.00450	0.02204	0.00720	0.00630
11	0.01929	0.01666	0.01753	0.01578	0.02016	0.01929	0.01227	0.04120	0.66513	0.03243	0.03156	0.02893	0.02367	0.01052	0.00789	0.00263	0.00614	0.00877	0.00789	0.01227
12	0.02052	0.01727	0.01823	0.01603	0.02063	0.01986	0.01257	0.11510	0.58923	0.03442	0.03000	0.02768	0.02240	0.01037	0.00787	0.00259	0.00643	0.00855	0.00787	0.01238
13	0.01108	0.00831	0.01246	0.01246	0.01385	0.00969	0.00969	0.01385	0.01246	0.01800	0.02077	0.03046	0.01938	0.05815	0.69678	0.01246	0.02077	0.00831	0.00415	0.00692
14	0.02050	0.70124	0.06953	0.01366	0.02051	0.03011	0.01395	0.02328	0.01578	0.01852	0.01092	0.01261	0.00994	0.00667	0.00508	0.00169	0.00843	0.00422	0.00331	0.01002
15	0.00940	0.00791	0.00818	0.00823	0.01078	0.00669	0.00626	0.01151	0.01788	0.02152	0.10442	0.07443	0.61956	0.01954	0.00923	0.00265	0.00406	0.04388	0.00726	0.00661
16	0.03024	0.01214	0.01649	0.01309	0.01824	0.01058	0.01062	0.03324	0.02176	0.56141	0.11737	0.06807	0.02813	0.01122	0.00809	0.00244	0.00609	0.00940	0.00933	0.01204
17	0.00964	0.00688	0.00922	0.01101	0.01155	0.00646	0.00753	0.01112	0.01503	0.02001	0.04263	0.68284	0.05087	0.02411	0.00995	0.00318	0.00466	0.05977	0.00719	0.00635
18	0.01258	0.00882	0.01135	0.01193	0.01404	0.00844	0.00972	0.01635	0.04362	0.05435	0.17506	0.13515	0.16042	0.01930	0.00980	0.00304	0.00555	0.28543	0.00758	0.00746
19	0.02073	0.73217	0.04063	0.01327	0.01990	0.03068	0.01327	0.02322	0.01575	0.01824	0.01078	0.01244	0.00995	0.00663	0.00498	0.00166	0.00829	0.00415	0.00332	0.00995
20	0.01811	0.02254	0.10612	0.03294	0.09430	0.01935	0.53777	0.02472	0.01806	0.02485	0.01542	0.02033	0.01162	0.00665	0.00885	0.00257	0.01259	0.00863	0.00385	0.01071
21	0.05583	0.61784	0.06705	0.01401	0.02044	0.05145	0.01393	0.02334	0.01573	0.01933	0.01094	0.01284	0.00988	0.00700	0.00591	0.00180	0.03505	0.00435	0.00341	0.00986
22	0.01128	0.00752	0.00846	0.00846	0.00846	0.00752	0.00470	0.01128	0.01128	0.01503	0.02443	0.05074	0.02819	0.72751	0.03946	0.00752	0.00752	0.01128	0.00470	0.00470
23	0.00945	0.00675	0.00900	0.01080	0.01125	0.00630	0.00720	0.01080	0.01484	0.01979	0.04274	0.72245	0.05128	0.02429	0.00990	0.00315	0.00450	0.02204	0.00720	0.00630
24	0.02947	0.02172	0.02327	0.01784	0.02404	0.02404	0.01474	0.65329	0.03646	0.04887	0.01862	0.01862	0.01319	0.00931	0.00776	0.00233	0.00853	0.00698	0.00776	0.01319
25	0.01830	0.02092	0.04575	0.03268	0.04052	0.01961	0.65098	0.02484	0.01830	0.02484	0.01569	0.02092	0.01176	0.00654	0.00915	0.00261	0.01307	0.00915	0.00392	0.01046
26	0.00963	0.00781	0.00818	0.00812	0.01030	0.00675	0.00586	0.01148	0.01719	0.02110	0.12829	0.06970	0.52812	0.11762	0.01337	0.00328	0.00440	0.01543	0.00698	0.00636
27	0.01649	0.01436	0.01743	0.01278	0.01946	0.01161	0.03570	0.02190	0.08089	0.02596	0.01563	0.01756	0.01271	0.00625	0.00610	0.00136	0.00608	0.00520	0.00489	0.66764
28	0.01347	0.00673	0.01010	0.01010	0.01010	0.00673	0.00673	0.01010	0.01010	0.01347	0.01347	0.02357	0.01347	0.02694	0.03030	0.77441	0.00673	0.00673	0.00337	0.00337
29	0.01927	0.01945	0.03048	0.02355	0.02783	0.07435	0.26839	0.08476	0.01810	0.02503	0.01507	0.02000	0.01228	0.01108	0.03792	0.00305	0.22016	0.00770	0.07192	0.00961
30	0.01126	0.00825	0.01218	0.01218	0.01359	0.00956	0.00946	0.01407	0.01267	0.01859	0.02101	0.03038	0.01941	0.05550	0.65949	0.01189	0.01984	0.00825	0.04549	0.00694
31	0.03090	0.01362	0.01759	0.01400	0.01952	0.01270	0.01139	0.03746	0.14227	0.53537	0.05774	0.02818	0.02229	0.01003	0.00787	0.00244	0.00639	0.00824	0.00923	0.01278
32	0.00983	0.00788	0.00877	0.00855	0.01088	0.00683	0.00641	0.01241	0.01924	0.02466	0.29705	0.06850	0.45517	0.01825	0.00916	0.00255	0.00383	0.01551	0.00769	0.00683
33	0.00925	0.00786	0.00797	0.00794	0.01052	0.00658	0.00595	0.01128	0.01786	0.02140	0.10532	0.07387	0.64894	0.01947	0.00916	0.00261	0.00392	0.01626	0.00726	0.00658
34	0.02073	0.73217	0.04063	0.01327	0.01990	0.03068	0.01327	0.02322	0.01575	0.01824	0.01078	0.01244	0.00995	0.00663	0.00498	0.00166	0.00829	0.00415	0.00332	0.00995
35	0.01555	0.04011	0.68733	0.02210	0.03356	0.01801	0.02865	0.02455	0.01637	0.02455	0.01391	0.01637	0.00982	0.00737	0.00737	0.00246	0.01146	0.00573	0.00327	0.01146
36	0.03479	0.01320	0.01799	0.01380	0.01979	0.01140	0.01140	0.03779	0.02219	0.68451	0.03059	0.02639	0.01919	0.00960	0.00780	0.00240	0.00660	0.00780	0.00960	0.01320
37	0.01830	0.02092	0.04575	0.03268	0.04052	0.01961	0.65098	0.02484	0.01830	0.02484	0.01569	0.02092	0.01176	0.00654	0.00915	0.00261	0.01307	0.00915	0.00392	0.01046
38	0.01464	0.01378	0.02326	0.70887	0.05340	0.01723	0.02153	0.01981	0.01550	0.01981	0.01378	0.02067	0.01034	0.00775	0.00775	0.00258	0.01034	0.00689	0.00345	0.00861
39	0.00945	0.00675	0.00900	0.01080	0.01125	0.00630	0.00720	0.01080	0.01484	0.01979	0.04274	0.72245	0.05128	0.02429	0.00990	0.00315	0.00450	0.02204	0.00720	0.00630
40	0.01919	0.01842	0.03147	0.04759	0.67914	0.01842	0.02380	0.02380	0.01765	0.02533	0.01458	0.01919	0.01228	0.00691	0.00768	0.00230	0.00921	0.00691	0.00384	0.01228
41	0.02896	0.03695	0.02197	0.01998	0.02397	0.69638	0.01498	0.03096	0.02197	0.01898	0.01199	0.01398	0.00999	0.00799	0.00699	0.00200	0.01398	0.00499	0.00400	0.00899
42	0.01608	0.01378	0.01608	0.01148	0.01837	0.01034	0.00919	0.01952	0.01608	0.02527	0.01378	0.01608	0.01148	0.00574	0.00574	0.00115	0.00574	0.00459	0.00459	0.77491
43	0.02937	0.02494	0.02299	0.01829	0.02403	0.16642	0.01479	0.52150	0.03339	0.04254	0.01721	0.01763	0.01251	0.00903	0.00759	0.00226	0.00969	0.00656	0.00696	0.01230
44	0.02947	0.02172	0.02327	0.01784	0.02404	0.02404	0.01474	0.65329	0.03646	0.04887	0.01862	0.01862	0.01319	0.00931	0.00776	0.00233	0.00853	0.00698	0.00776	0.01319

[dist]
# distance from previous block
# <min> <max>
0	1

[block]
# block no. 4 follows, 25 sequences, length 43
# corresponding to MSA columns:
# 233-275
name=unknown_E
#
# <colnr> <probs for GDERKNQSTAVLIFYWHMCP>
#	G	D	E	R	K	N	Q	S	T	A	V	L	I	F	Y	W	H	M	C	P
0	0.01097	0.00793	0.01036	0.00975	0.01158	0.00732	0.00732	0.01463	0.02195	0.03109	0.67505	0.05792	0.07316	0.01585	0.00914	0.00244	0.00366	0.01402	0.00854	0.00732
1	0.00945	0.00675	0.00900	0.01080	0.01125	0.00630	0.00720	0.01080	0.01484	0.01979	0.04274	0.72245	0.05128	0.02429	0.00990	0.00315	0.00450	0.02204	0.00720	0.00630
2	0.01134	0.00857	0.01245	0.01231	0.01347	0.01001	0.00939	0.01374	0.01230	0.01767	0.02077	0.03232	0.02006	0.13610	0.59097	0.01150	0.04753	0.00860	0.00419	0.00672
3	0.05492	0.03359	0.02187	0.04975	0.05248	0.58761	0.01529	0.03029	0.04655	0.02039	0.01290	0.01502	0.01058	0.00801	0.00701	0.00207	0.01303	0.00527	0.00415	0.00922
4	0.01082	0.00787	0.01019	0.00971	0.01152	0.00724	0.00724	0.01430	0.02144	0.03013	0.61978	0.08685	0.10103	0.01639	0.00918	0.00248	0.00371	0.01447	0.00841	0.00724
5	0.00945	0.00675	0.00900	0.01080	0.01125	0.00630	0.00720	0.01080	0.01484	0.01979	0.04274	0.72245	0.05128	0.02429	0.00990	0.00315	0.00450	0.02204	0.00720	0.00630
6	0.01617	0.01572	0.02183	0.23430	0.23710	0.08248	0.01775	0.01989	0.01687	0.02166	0.02315	0.16788	0.04346	0.01188	0.00826	0.00259	0.00879	0.03634	0.00468	0.00921
7	0.01730	0.27380	0.46896	0.01912	0.02895	0.02229	0.02345	0.02410	0.01616	0.02242	0.01286	0.01504	0.00987	0.00712	0.00656	0.00219	0.01039	0.00519	0.00329	0.01095
8	0.01640	0.01572	0.02641	0.47150	0.04493	0.01894	0.10672	0.05948	0.01664	0.02212	0.01381	0.02003	0.01068	0.00854	0.01056	0.00269	0.11471	0.00719	0.00377	0.00913
9	0.01120	0.00780	0.00989	0.00989	0.01039	0.00830	0.00649	0.01220	0.01170	0.01610	0.02312	0.04347	0.02503	0.48756	0.27510	0.00929	0.01227	0.01021	0.00450	0.00550
10	0.00993	0.00731	0.00934	0.01032	0.01150	0.00672	0.00735	0.01202	0.01704	0.02268	0.18778	0.43554	0.15308	0.02153	0.00967	0.00294	0.00439	0.05677	0.00749	0.00661
11	0.01134	0.00855	0.01089	0.01206	0.01413	0.00810	0.01021	0.01436	0.01779	0.02242	0.05402	0.08302	0.26303	0.02080	0.01017	0.00324	0.00603	0.41574	0.00716	0.00693
12	0.01608	0.01378	0.01608	0.01148	0.01837	0.01034	0.00919	0.01952	0.01608	0.02527	0.01378	0.01608	0.01148	0.00574	0.00574	0.00115	0.00574	0.00459	0.00459	0.77491
13	0.01464	0.01378	0.02326	0.70887	0.05340	0.01723	0.02153	0.01981	0.01550	0.01981	0.01378	0.02067	0.01034	0.00775	0.00775	0.00258	0.01034	0.00689	0.00345	0.00861
14	0.01529	0.01419	0.02408	0.56341	0.12199	0.01684	0.04518	0.02035	0.01591	0.02120	0.01466	0.02102	0.01120	0.00769	0.00765	0.00250	0.00990	0.00700	0.05092	0.00902
15	0.00945	0.00675	0.00900	0.01080	0.01125	0.00630	0.00720	0.01080	0.01484	0.01979	0.04274	0.72245	0.05128	0.02429	0.00990	0.00315	0.00450	0.02204	0.00720	0.00630
16	0.00945	0.00675	0.00900	0.01080	0.01125	0.00630	0.00720	0.01080	0.01484	0.01979	0.04274	0.72245	0.05128	0.02429	0.00990	0.00315	0.00450	0.02204	0.00720	0.00630
17	0.01179	0.00864	0.01154	0.01302	0.01489	0.00840	0.01113	0.01498	0.01769	0.02266	0.04757	0.11338	0.15337	0.02124	0.01041	0.00339	0.00647	0.49527	0.00715	0.00700
18	0.01929	0.01666	0.01753	0.01578	0.02016	0.01929	0.01227	0.04120	0.66513	0.03243	0.03156	0.02893	0.02367	0.01052	0.00789	0.00263	0.00614	0.00877	0.00789	0.01227
19	0.78228	0.01499	0.01140	0.01020	0.01499	0.01739	0.00840	0.02279	0.01320	0.03479	0.01080	0.01260	0.00840	0.00720	0.00480	0.00240	0.00600	0.00420	0.00480	0.00840
20	0.01929	0.01666	0.01753	0.01578	0.02016	0.01929	0.01227	0.04120	0.66513	0.03243	0.03156	0.02893	0.02367	0.01052	0.00789	0.00263	0.00614	0.00877	0.00789	0.01227
21	0.01608	0.01378	0.01608	0.01148	0.01837	0.01034	0.00919	0.01952	0.01608	0.02527	0.01378	0.01608	0.01148	0.00574	0.00574	0.00115	0.00574	0.00459	0.00459	0.77491
22	0.00937	0.00792	0.00814	0.00825	0.01081	0.00669	0.00629	0.01143	0.01768	0.02108	0.07625	0.07540	0.63740	0.01975	0.00926	0.00268	0.00412	0.05369	0.00720	0.00658
23	0.01830	0.02092	0.04575	0.03268	0.04052	0.01961	0.65098	0.02484	0.01830	0.02484	0.01569	0.02092	0.01176	0.00654	0.00915	0.00261	0.01307	0.00915	0.00392	0.01046
24	0.02896	0.03695	0.02197	0.01998	0.02397	0.69638	0.01498	0.03096	0.02197	0.01898	0.01199	0.01398	0.00999	0.00799	0.00699	0.00200	0.01398	0.00499	0.00400	0.00899
25	0.02900	0.03601	0.02205	0.01984	0.02397	0.65483	0.01497	0.06942	0.02287	0.02082	0.01239	0.01427	0.01019	0.00807	0.00704	0.00202	0.01365	0.00512	0.00423	0.00925
26	0.00943	0.00681	0.00894	0.01064	0.01120	0.00631	0.00713	0.01081	0.01500	0.01986	0.04466	0.68756	0.08492	0.02404	0.00986	0.00312	0.00447	0.02174	0.00720	0.00631
27	0.02212	0.01783	0.01889	0.01599	0.02089	0.02012	0.01272	0.24698	0.41231	0.03731	0.03004	0.02822	0.05999	0.01067	0.00792	0.00253	0.00681	0.00863	0.00780	0.01223
28	0.01555	0.04011	0.68733	0.02210	0.03356	0.01801	0.02865	0.02455	0.01637	0.02455	0.01391	0.01637	0.00982	0.00737	0.00737	0.00246	0.01146	0.00573	0.00327	0.01146
29	0.00945	0.00675	0.00900	0.01080	0.01125	0.00630	0.00720	0.01080	0.01484	0.01979	0.04274	0.72245	0.05128	0.02429	0.00990	0.00315	0.00450	0.02204	0.00720	0.00630
30	0.01347	0.00673	0.01010	0.01010	0.01010	0.00673	0.00673	0.01010	0.01010	0.01347	0.01347	0.02357	0.01347	0.02694	0.03030	0.77441	0.00673	0.00673	0.00337	0.00337
31	0.03333	0.01287	0.01753	0.01355	0.01929	0.01115	0.01115	0.03637	0.02218	0.64457	0.06999	0.02832	0.02249	0.00998	0.00788	0.00240	0.00642	0.00818	0.00953	0.01284
32	0.00945	0.00675	0.00900	0.01080	0.01125	0.00630	0.00720	0.01080	0.01484	0.01979	0.04274	0.72245	0.05128	0.02429	0.00990	0.00315	0.00450	0.02204	0.00720	0.00630
33	0.01183	0.00845	0.01173	0.01352	0.01501	0.00835	0.01134	0.01492	0.01719	0.02246	0.04142	0.22583	0.04607	0.02204	0.01053	0.00348	0.00656	0.49513	0.00715	0.00696
34	0.01600	0.01554	0.02190	0.01906	0.01929	0.02144	0.01577	0.01787	0.01197	0.01855	0.01192	0.01918	0.01169	0.02089	0.13570	0.00488	0.59958	0.00704	0.00352	0.00823
35	0.01128	0.00752	0.00846	0.00846	0.00846	0.00752	0.00470	0.01128	0.01128	0.01503	0.02443	0.05074	0.02819	0.72751	0.03946	0.00752	0.00752	0.01128	0.00470	0.00470
36	0.01445	0.00723	0.00723	0.00723	0.00903	0.00723	0.00542	0.01807	0.01626	0.02891	0.02529	0.02891	0.01987	0.00903	0.00542	0.00181	0.00361	0.00723	0.77055	0.00723
37	0.01249	0.00892	0.01249	0.01428	0.01606	0.00892	0.01249	0.01606	0.01785	0.02320	0.04105	0.08746	0.04462	0.02142	0.01071	0.00357	0.00714	0.62695	0.00714	0.00714
38	0.01608	0.01378	0.01608	0.01148	0.01837	0.01034	0.00919	0.01952	0.01608	0.02527	0.01378	0.01608	0.01148	0.00574	0.00574	0.00115	0.00574	0.00459	0.00459	0.77491
39	0.02440	0.01792	0.01965	0.01605	0.02080	0.01955	0.01283	0.49044	0.03098	0.04150	0.02473	0.19701	0.02284	0.01311	0.00830	0.00254	0.00751	0.01080	0.00761	0.01144
40	0.01074	0.00796	0.01005	0.00965	0.01161	0.00726	0.00732	0.01411	0.02104	0.02902	0.54487	0.06213	0.17275	0.01675	0.00922	0.00252	0.00387	0.04369	0.00825	0.00718
41	0.01126	0.00756	0.00867	0.00867	0.00875	0.00763	0.00497	0.01141	0.01134	0.01519	0.02423	0.04965	0.02771	0.69147	0.07486	0.00778	0.00823	0.01112	0.00467	0.00482
42	0.74746	0.01462	0.01129	0.01022	0.01483	0.01689	0.00834	0.02225	0.01327	0.03411	0.01224	0.04458	0.01033	0.00797	0.00503	0.00243	0.00593	0.00500	0.00491	0.00830

[dist]
# distance from previous block
# <min> <max>
0	1

[block]
# block no. 5 follows, 25 sequences, length 14
# corresponding to MSA columns:
# 277-290
name=unknown_F
#
# <colnr> <probs for GDERKNQSTAVLIFYWHMCP>
#	G	D	E	R	K	N	Q	S	T	A	V	L	I	F	Y	W	H	M	C	P
0	0.02010	0.01670	0.01937	0.01982	0.10604	0.01875	0.01373	0.03875	0.54654	0.06619	0.02929	0.02752	0.02195	0.01000	0.00786	0.00257	0.00656	0.00847	0.00745	0.01232
1	0.01005	0.00757	0.01038	0.04336	0.01363	0.00766	0.00834	0.01160	0.01473	0.01974	0.03980	0.65552	0.04738	0.02300	0.01056	0.00313	0.03959	0.02060	0.00684	0.00651
2	0.01970	0.38127	0.28937	0.01749	0.02568	0.10462	0.01944	0.02465	0.01673	0.02078	0.01214	0.01415	0.00990	0.00708	0.00614	0.00201	0.01019	0.00486	0.00338	0.01042
3	0.01802	0.02311	0.12290	0.03221	0.07460	0.01935	0.54110	0.02475	0.01803	0.02483	0.01541	0.02027	0.01156	0.00666	0.00885	0.00258	0.01266	0.00861	0.00384	0.01068
4	0.01128	0.00752	0.00846	0.00846	0.00846	0.00752	0.00470	0.01128	0.01128	0.01503	0.02443	0.05074	0.02819	0.72751	0.03946	0.00752	0.00752	0.01128	0.00470	0.00470
5	0.00988	0.00684	0.00878	0.01034	0.01101	0.00639	0.00698	0.01146	0.01511	0.02066	0.04288	0.62933	0.07833	0.02270	0.00946	0.00300	0.00439	0.02044	0.07560	0.00639
6	0.02494	0.01802	0.02014	0.01601	0.02068	0.01992	0.01293	0.44787	0.02984	0.06889	0.07887	0.02589	0.02035	0.08094	0.03327	0.00322	0.05156	0.00810	0.00723	0.01135
7	0.02308	0.01579	0.01899	0.01817	0.07894	0.01708	0.01314	0.05898	0.38092	0.19409	0.02908	0.05158	0.02173	0.01051	0.00845	0.00257	0.02820	0.00871	0.00778	0.01221
8	0.01128	0.00752	0.00846	0.00846	0.00846	0.00752	0.00470	0.01128	0.01128	0.01503	0.02443	0.05074	0.02819	0.72751	0.03946	0.00752	0.00752	0.01128	0.00470	0.00470
9	0.01880	0.01802	0.03076	0.10467	0.62513	0.01832	0.02360	0.02345	0.01747	0.02485	0.01452	0.01932	0.01211	0.00698	0.00768	0.00233	0.00931	0.00691	0.00380	0.01197
10	0.01802	0.21001	0.48593	0.01940	0.02933	0.02074	0.02378	0.02504	0.01657	0.06351	0.01416	0.01601	0.01043	0.00732	0.00680	0.00225	0.01038	0.00546	0.00367	0.01119
11	0.09267	0.06896	0.01772	0.01287	0.01806	0.01440	0.01058	0.07574	0.09599	0.28543	0.07021	0.03039	0.09464	0.01046	0.00740	0.00229	0.00622	0.00835	0.00762	0.07000
12	0.53058	0.01561	0.01525	0.04371	0.07717	0.01752	0.01111	0.09433	0.01709	0.06088	0.04394	0.01688	0.01282	0.00793	0.00584	0.00239	0.00667	0.00547	0.00536	0.00944
