[name]
unknown

[dist]
# distance from previous block
# <min> <max>
41	58

[block]
# block no. 0 follows, 24 sequences, length 17
# corresponding to MSA columns:
# 73-89
name=unknown_A
#
# <colnr> <probs for GDERKNQSTAVLIFYWHMCP>
#	G	D	E	R	K	N	Q	S	T	A	V	L	I	F	Y	W	H	M	C	P
0	0.20626	0.13129	0.06473	0.07587	0.06155	0.01851	0.01420	0.02701	0.03973	0.18830	0.01888	0.04845	0.01462	0.00916	0.00786	0.00245	0.04802	0.00680	0.00574	0.01058
1	0.24228	0.01661	0.02110	0.08988	0.16299	0.05184	0.05194	0.02514	0.01771	0.12200	0.06853	0.02170	0.01703	0.00834	0.00708	0.00237	0.00803	0.00687	0.00546	0.05308
2	0.01854	0.01288	0.01745	0.08505	0.11378	0.01276	0.01251	0.04711	0.07890	0.13320	0.15151	0.03796	0.09071	0.08441	0.01153	0.00295	0.00674	0.00999	0.00678	0.06522
3	0.02063	0.09920	0.06619	0.01695	0.04494	0.14086	0.01370	0.13558	0.02007	0.02578	0.01711	0.02328	0.01508	0.09851	0.10946	0.00433	0.05153	0.00696	0.04860	0.04123
4	0.02689	0.02084	0.02158	0.01713	0.02272	0.05992	0.01384	0.49724	0.03256	0.04326	0.02113	0.09783	0.01761	0.01095	0.00800	0.00238	0.00839	0.00861	0.00744	0.06167
5	0.01126	0.00827	0.01011	0.01128	0.04717	0.00785	0.00684	0.01232	0.01466	0.01914	0.08169	0.15755	0.18367	0.33755	0.02425	0.03404	0.00616	0.01420	0.00595	0.00606
6	0.13080	0.01170	0.04011	0.11641	0.01926	0.01195	0.01030	0.02007	0.04944	0.02685	0.02111	0.02703	0.01740	0.06761	0.07804	0.00368	0.00768	0.00731	0.32522	0.00802
7	0.01525	0.00960	0.00949	0.03792	0.01251	0.04869	0.00719	0.01887	0.01711	0.02808	0.06608	0.03032	0.02283	0.01240	0.04450	0.00255	0.00561	0.00775	0.59571	0.00755
8	0.01521	0.01135	0.01131	0.01062	0.01221	0.05597	0.00719	0.07875	0.01641	0.02264	0.02538	0.11779	0.02654	0.36540	0.02378	0.00495	0.00712	0.01092	0.13763	0.03886
9	0.02066	0.01092	0.01232	0.01073	0.01404	0.01107	0.00846	0.10373	0.04747	0.15293	0.02601	0.02782	0.01945	0.01235	0.04594	0.00269	0.00604	0.00760	0.45025	0.00952
10	0.01928	0.01954	0.03678	0.10242	0.33913	0.01945	0.26674	0.05074	0.01893	0.02620	0.01546	0.02044	0.01221	0.00710	0.00845	0.00251	0.01105	0.00797	0.00409	0.01152
11	0.02709	0.01643	0.01953	0.05513	0.02282	0.01724	0.01308	0.22832	0.14999	0.24907	0.09205	0.02795	0.02372	0.01045	0.00812	0.00249	0.00720	0.00850	0.00840	0.01242
12	0.16201	0.09862	0.14637	0.01866	0.04923	0.12105	0.01680	0.23785	0.02401	0.03405	0.01470	0.01616	0.01109	0.00818	0.00690	0.00230	0.00964	0.00578	0.00534	0.01125
13	0.13228	0.07613	0.01964	0.01474	0.01976	0.01934	0.01200	0.21957	0.17018	0.09945	0.02634	0.08812	0.04680	0.01116	0.00756	0.00250	0.00699	0.00883	0.00726	0.01135
14	0.05497	0.06029	0.28888	0.02474	0.10179	0.06220	0.12077	0.02793	0.05231	0.10559	0.01723	0.01923	0.01252	0.00780	0.00769	0.00245	0.01059	0.00678	0.00468	0.01154
15	0.01558	0.01776	0.18393	0.01531	0.05360	0.01111	0.01406	0.01981	0.01844	0.11842	0.09614	0.11952	0.25485	0.01488	0.00870	0.00263	0.00672	0.01260	0.00661	0.00932
16	0.01576	0.12449	0.14251	0.01739	0.02320	0.01623	0.12869	0.06021	0.01956	0.02623	0.15627	0.08726	0.12490	0.01230	0.00836	0.00249	0.00807	0.01091	0.00574	0.00943

[dist]
# distance from previous block
# <min> <max>
4	12

[block]
# block no. 1 follows, 24 sequences, length 47
# corresponding to MSA columns:
# 102-148
name=unknown_B
#
# <colnr> <probs for GDERKNQSTAVLIFYWHMCP>
#	G	D	E	R	K	N	Q	S	T	A	V	L	I	F	Y	W	H	M	C	P
0	0.07504	0.05432	0.32627	0.02401	0.10476	0.04714	0.08254	0.05609	0.06318	0.02770	0.05223	0.02039	0.01523	0.00819	0.00761	0.00246	0.01021	0.00689	0.00449	0.01123
1	0.02073	0.17541	0.11862	0.01612	0.02194	0.19659	0.01472	0.07017	0.04500	0.02371	0.02452	0.05627	0.10347	0.01020	0.00720	0.00216	0.00942	0.00770	0.00492	0.07113
2	0.01648	0.09797	0.59713	0.02234	0.03347	0.01959	0.05623	0.02501	0.01678	0.02458	0.01404	0.01662	0.01015	0.00743	0.00741	0.00245	0.01152	0.00588	0.00338	0.01154
3	0.01498	0.01409	0.02378	0.70226	0.05462	0.01762	0.02202	0.02026	0.01586	0.02026	0.01409	0.02114	0.01057	0.00793	0.00793	0.00264	0.01057	0.00705	0.00352	0.00881
4	0.01740	0.01474	0.01767	0.07317	0.02241	0.01230	0.01096	0.06953	0.01804	0.02726	0.01449	0.01706	0.01178	0.00634	0.00622	0.00140	0.00651	0.00510	0.00485	0.64276
5	0.01718	0.01460	0.01715	0.03946	0.02056	0.01188	0.01029	0.05144	0.04185	0.02708	0.01503	0.01726	0.01226	0.00632	0.00614	0.00135	0.00621	0.00507	0.00494	0.67392
6	0.01153	0.00769	0.00865	0.00865	0.00865	0.00769	0.00480	0.01153	0.01153	0.01538	0.02499	0.05189	0.02883	0.72131	0.04036	0.00769	0.00769	0.01153	0.00480	0.00480
7	0.02120	0.72609	0.04155	0.01357	0.02035	0.03138	0.01357	0.02374	0.01611	0.01866	0.01102	0.01272	0.01018	0.00678	0.00509	0.00170	0.00848	0.00424	0.00339	0.01018
8	0.00939	0.00798	0.00809	0.00818	0.01075	0.00668	0.00609	0.01136	0.01793	0.02136	0.07855	0.10753	0.63857	0.02032	0.00941	0.00270	0.00405	0.01702	0.00736	0.00668
9	0.02962	0.03779	0.02247	0.02043	0.02451	0.68948	0.01532	0.03166	0.02247	0.01941	0.01226	0.01430	0.01021	0.00817	0.00715	0.00204	0.01430	0.00511	0.00409	0.00919
10	0.00966	0.00690	0.00920	0.01104	0.01150	0.00644	0.00736	0.01104	0.01518	0.02024	0.04371	0.71614	0.05245	0.02484	0.01012	0.00322	0.00460	0.02254	0.00736	0.00644
11	0.03558	0.01350	0.01840	0.01411	0.02024	0.01166	0.01166	0.03865	0.02270	0.67734	0.03128	0.02699	0.01963	0.00981	0.00797	0.00245	0.00675	0.00797	0.00981	0.01350
12	0.01114	0.00810	0.01049	0.00989	0.01180	0.00745	0.00742	0.01481	0.02225	0.03134	0.64182	0.05999	0.10095	0.01638	0.00935	0.00250	0.00375	0.01445	0.00867	0.00745
13	0.00959	0.00804	0.00833	0.00826	0.01084	0.00679	0.00620	0.01180	0.01859	0.02264	0.14936	0.07431	0.59884	0.01963	0.00937	0.00266	0.00398	0.01645	0.00752	0.00679
14	0.00966	0.00690	0.00920	0.01104	0.01150	0.00644	0.00736	0.01104	0.01518	0.02024	0.04371	0.71614	0.05245	0.02484	0.01012	0.00322	0.00460	0.02254	0.00736	0.00644
15	0.03558	0.01350	0.01840	0.01411	0.02024	0.01166	0.01166	0.03865	0.02270	0.67734	0.03128	0.02699	0.01963	0.00981	0.00797	0.00245	0.00675	0.00797	0.00981	0.01350
16	0.77733	0.01534	0.01166	0.01043	0.01534	0.01779	0.00859	0.02331	0.01350	0.03558	0.01104	0.01288	0.00859	0.00736	0.00491	0.00245	0.00613	0.00429	0.00491	0.00859
17	0.01153	0.00769	0.00865	0.00865	0.00865	0.00769	0.00480	0.01153	0.01153	0.01538	0.02499	0.05189	0.02883	0.72131	0.04036	0.00769	0.00769	0.01153	0.00480	0.00480
18	0.03558	0.01350	0.01840	0.01411	0.02024	0.01166	0.01166	0.03865	0.02270	0.67734	0.03128	0.02699	0.01963	0.00981	0.00797	0.00245	0.00675	0.00797	0.00981	0.01350
19	0.01153	0.00769	0.00865	0.00865	0.00865	0.00769	0.00480	0.01153	0.01153	0.01538	0.02499	0.05189	0.02883	0.72131	0.04036	0.00769	0.00769	0.01153	0.00480	0.00480
20	0.01590	0.04102	0.68023	0.02260	0.03432	0.01842	0.02930	0.02511	0.01674	0.02511	0.01423	0.01674	0.01005	0.00753	0.00753	0.00251	0.01172	0.00586	0.00335	0.01172
21	0.03495	0.01451	0.01903	0.01459	0.02075	0.01315	0.01205	0.10897	0.02439	0.60463	0.02987	0.02607	0.01892	0.00978	0.00797	0.00245	0.00698	0.00788	0.00960	0.01349
22	0.01133	0.00850	0.01274	0.01274	0.01416	0.00991	0.00991	0.01416	0.01274	0.01841	0.02124	0.03115	0.01982	0.05947	0.68989	0.01274	0.02124	0.00850	0.00425	0.00708
23	0.02410	0.01576	0.01771	0.01499	0.01994	0.01677	0.01192	0.11083	0.34525	0.20555	0.03554	0.03260	0.09042	0.01135	0.00817	0.00259	0.00646	0.00931	0.00844	0.01229
24	0.05786	0.02002	0.02113	0.01714	0.02274	0.02252	0.01387	0.39763	0.26403	0.04320	0.02356	0.02265	0.01722	0.00988	0.00786	0.00250	0.00772	0.00769	0.00786	0.01294
25	0.01644	0.01409	0.01644	0.01175	0.01879	0.01057	0.00940	0.01997	0.01644	0.02584	0.01409	0.01644	0.01175	0.00587	0.00587	0.00117	0.00587	0.00470	0.00470	0.76979
26	0.01780	0.01490	0.01717	0.01239	0.01937	0.01196	0.00996	0.08210	0.01851	0.02824	0.01459	0.01670	0.01192	0.00623	0.00608	0.00129	0.00616	0.00494	0.00502	0.69466
27	0.01730	0.22542	0.44952	0.02018	0.03000	0.02161	0.05411	0.02436	0.01689	0.02363	0.03864	0.01751	0.01268	0.00762	0.00703	0.00230	0.01061	0.00592	0.00360	0.01109
28	0.02744	0.03270	0.02470	0.02655	0.16779	0.50269	0.01730	0.06546	0.02235	0.02261	0.01324	0.01575	0.01092	0.00800	0.00735	0.00213	0.01290	0.00566	0.00427	0.01019
29	0.01174	0.00826	0.00991	0.00947	0.01162	0.00739	0.00699	0.01449	0.01985	0.05817	0.36291	0.09063	0.26923	0.07021	0.01164	0.00297	0.00431	0.01498	0.00797	0.00727
30	0.74102	0.01525	0.01199	0.01061	0.01558	0.01749	0.00874	0.02406	0.01395	0.06700	0.01203	0.01357	0.00913	0.00748	0.00506	0.00245	0.00616	0.00447	0.00515	0.00883
31	0.01721	0.01638	0.02782	0.38800	0.35139	0.01821	0.02314	0.02222	0.01691	0.02298	0.01449	0.02041	0.01153	0.00751	0.00789	0.00250	0.01002	0.00706	0.00372	0.01061
32	0.01567	0.01414	0.02317	0.48057	0.08079	0.01677	0.04983	0.04202	0.01674	0.02254	0.01722	0.07005	0.01451	0.00939	0.00868	0.00263	0.03710	0.00827	0.06091	0.00901
33	0.01590	0.04102	0.68023	0.02260	0.03432	0.01842	0.02930	0.02511	0.01674	0.02511	0.01423	0.01674	0.01005	0.00753	0.00753	0.00251	0.01172	0.00586	0.00335	0.01172
34	0.01165	0.00860	0.01097	0.01046	0.01249	0.00814	0.00797	0.01623	0.05312	0.03098	0.57697	0.06019	0.09544	0.01643	0.00938	0.00258	0.00408	0.04809	0.00856	0.00769
35	0.02287	0.58982	0.03778	0.01493	0.02118	0.16167	0.01392	0.02531	0.01737	0.01881	0.01127	0.01303	0.01018	0.00706	0.00550	0.00176	0.00963	0.00441	0.00353	0.00998
36	0.07184	0.01359	0.01807	0.01393	0.02000	0.01195	0.01151	0.03790	0.02225	0.64597	0.03029	0.02630	0.01909	0.00969	0.00782	0.00245	0.00672	0.00779	0.00957	0.01326
37	0.07722	0.01360	0.01802	0.01390	0.01997	0.01200	0.01148	0.03778	0.02218	0.64131	0.03015	0.02620	0.01901	0.00968	0.00780	0.00245	0.00671	0.00777	0.00954	0.01322
38	0.46642	0.14043	0.01991	0.01498	0.05476	0.14590	0.01158	0.02501	0.01588	0.02913	0.01148	0.01350	0.00939	0.00740	0.00552	0.00224	0.00825	0.00459	0.00444	0.00919
39	0.01478	0.00739	0.00739	0.00739	0.00924	0.00739	0.00554	0.01848	0.01663	0.02956	0.02587	0.02956	0.02033	0.00924	0.00554	0.00185	0.00370	0.00739	0.76534	0.00739
40	0.02118	0.02223	0.02963	0.03703	0.38969	0.15134	0.08600	0.02703	0.07366	0.02508	0.01732	0.02303	0.01466	0.00829	0.00804	0.00242	0.01043	0.03701	0.00449	0.01144
41	0.01913	0.01651	0.01736	0.01567	0.02005	0.01897	0.01217	0.04036	0.62063	0.03249	0.03505	0.03228	0.06139	0.01130	0.00814	0.00269	0.00615	0.00941	0.00803	0.01221
42	0.01050	0.00776	0.00981	0.00998	0.01158	0.00707	0.00722	0.01331	0.01974	0.02696	0.40243	0.24580	0.16008	0.01923	0.00957	0.00273	0.00402	0.01701	0.00814	0.00707
43	0.01141	0.00818	0.01116	0.01116	0.01203	0.00905	0.00794	0.01314	0.01227	0.01723	0.02269	0.03918	0.02331	0.31569	0.43844	0.01079	0.01599	0.00967	0.00446	0.00620
44	0.00966	0.00690	0.00920	0.01104	0.01150	0.00644	0.00736	0.01104	0.01518	0.02024	0.04371	0.71614	0.05245	0.02484	0.01012	0.00322	0.00460	0.02254	0.00736	0.00644
45	0.03014	0.02221	0.02380	0.01825	0.02459	0.02459	0.01507	0.64541	0.03728	0.04998	0.01904	0.01904	0.01349	0.00952	0.00793	0.00238	0.00873	0.00714	0.00793	0.01349
46	0.01590	0.04102	0.68023	0.02260	0.03432	0.01842	0.02930	0.02511	0.01674	0.02511	0.01423	0.01674	0.01005	0.00753	0.00753	0.00251	0.01172	0.00586	0.00335	0.01172

[dist]
# distance from previous block
# <min> <max>
0	6

[block]
# block no. 2 follows, 24 sequences, length 68
# corresponding to MSA columns:
# 155-222
name=unknown_C
#
# <colnr> <probs for GDERKNQSTAVLIFYWHMCP>
#	G	D	E	R	K	N	Q	S	T	A	V	L	I	F	Y	W	H	M	C	P
0	0.02827	0.02276	0.08744	0.01797	0.02477	0.02209	0.01585	0.48070	0.05966	0.10225	0.02005	0.01988	0.01409	0.00927	0.00783	0.00237	0.00863	0.00708	0.00754	0.04151
1	0.01153	0.00769	0.00865	0.00865	0.00865	0.00769	0.00480	0.01153	0.01153	0.01538	0.02499	0.05189	0.02883	0.72131	0.04036	0.00769	0.00769	0.01153	0.00480	0.00480
2	0.01114	0.00801	0.01041	0.00997	0.01166	0.00743	0.00733	0.01454	0.02142	0.03021	0.59486	0.09974	0.07100	0.05401	0.01104	0.00281	0.00400	0.01470	0.00844	0.00728
3	0.01508	0.01424	0.02381	0.67116	0.05307	0.01792	0.02181	0.02021	0.01569	0.02021	0.01393	0.02097	0.01056	0.00820	0.00875	0.00268	0.04235	0.00704	0.00352	0.00880
4	0.01602	0.04019	0.65364	0.02306	0.03462	0.01848	0.05506	0.02513	0.01682	0.02513	0.01431	0.01694	0.01013	0.00750	0.00761	0.00252	0.01179	0.00601	0.00338	0.01168
5	0.00971	0.00800	0.00854	0.00850	0.01094	0.00682	0.00634	0.01200	0.01874	0.02322	0.18337	0.09900	0.53820	0.01959	0.00940	0.00267	0.00399	0.01654	0.00761	0.00682
6	0.01133	0.00850	0.01274	0.01274	0.01416	0.00991	0.00991	0.01416	0.01274	0.01841	0.02124	0.03115	0.01982	0.05947	0.68989	0.01274	0.02124	0.00850	0.00425	0.00708
7	0.02120	0.72609	0.04155	0.01357	0.02035	0.03138	0.01357	0.02374	0.01611	0.01866	0.01102	0.01272	0.01018	0.00678	0.00509	0.00170	0.00848	0.00424	0.00339	0.01018
8	0.77733	0.01534	0.01166	0.01043	0.01534	0.01779	0.00859	0.02331	0.01350	0.03558	0.01104	0.01288	0.00859	0.00736	0.00491	0.00245	0.00613	0.00429	0.00491	0.00859
9	0.01859	0.02231	0.07639	0.03292	0.04111	0.01998	0.61437	0.02539	0.01862	0.02539	0.01596	0.02117	0.01194	0.00672	0.00927	0.00267	0.01329	0.00919	0.00398	0.01074
10	0.00966	0.00690	0.00920	0.01104	0.01150	0.00644	0.00736	0.01104	0.01518	0.02024	0.04371	0.71614	0.05245	0.02484	0.01012	0.00322	0.00460	0.02254	0.00736	0.00644
11	0.01260	0.00880	0.00979	0.00943	0.01015	0.00891	0.00579	0.04256	0.04066	0.01878	0.05430	0.05124	0.06960	0.58627	0.03432	0.00671	0.00729	0.01166	0.00540	0.00576
12	0.00973	0.00805	0.00853	0.00841	0.01093	0.00685	0.00631	0.01207	0.01892	0.02343	0.19381	0.07302	0.55390	0.01934	0.00937	0.00264	0.00396	0.01627	0.00763	0.00685
13	0.01963	0.01884	0.03219	0.04867	0.67185	0.01884	0.02434	0.02434	0.01806	0.02591	0.01492	0.01963	0.01256	0.00707	0.00785	0.00236	0.00942	0.00707	0.00393	0.01256
14	0.00966	0.00690	0.00920	0.01104	0.01150	0.00644	0.00736	0.01104	0.01518	0.02024	0.04371	0.71614	0.05245	0.02484	0.01012	0.00322	0.00460	0.02254	0.00736	0.00644
15	0.01963	0.01884	0.03219	0.04867	0.67185	0.01884	0.02434	0.02434	0.01806	0.02591	0.01492	0.01963	0.01256	0.00707	0.00785	0.00236	0.00942	0.00707	0.00393	0.01256
16	0.01853	0.01772	0.03020	0.20344	0.52569	0.01855	0.02379	0.02337	0.01754	0.02457	0.01472	0.01999	0.01209	0.00727	0.00787	0.00242	0.00969	0.00706	0.00383	0.01167
17	0.77733	0.01534	0.01166	0.01043	0.01534	0.01779	0.00859	0.02331	0.01350	0.03558	0.01104	0.01288	0.00859	0.00736	0.00491	0.00245	0.00613	0.00429	0.00491	0.00859
18	0.01282	0.01001	0.01047	0.01049	0.01166	0.04364	0.00697	0.05205	0.01607	0.02064	0.06693	0.23208	0.11938	0.32509	0.02286	0.00495	0.00659	0.01474	0.00618	0.00639
19	0.02501	0.27152	0.09834	0.01898	0.04847	0.25276	0.01647	0.13412	0.02208	0.02528	0.01331	0.01503	0.01084	0.00782	0.00664	0.00204	0.01088	0.00531	0.00443	0.01066
20	0.01062	0.00731	0.00892	0.00981	0.01003	0.00708	0.00604	0.01129	0.01330	0.01774	0.03406	0.37397	0.04028	0.38361	0.02570	0.00552	0.00619	0.01687	0.00604	0.00560
21	0.01644	0.01409	0.01644	0.01175	0.01879	0.01057	0.00940	0.01997	0.01644	0.02584	0.01409	0.01644	0.01175	0.00587	0.00587	0.00117	0.00587	0.00470	0.00470	0.76979
22	0.03558	0.01350	0.01840	0.01411	0.02024	0.01166	0.01166	0.03865	0.02270	0.67734	0.03128	0.02699	0.01963	0.00981	0.00797	0.00245	0.00675	0.00797	0.00981	0.01350
23	0.01198	0.00856	0.01186	0.01369	0.01517	0.00844	0.01139	0.01505	0.01747	0.02284	0.04243	0.25009	0.04738	0.02266	0.01074	0.00354	0.00661	0.46572	0.00732	0.00708
24	0.02120	0.72609	0.04155	0.01357	0.02035	0.03138	0.01357	0.02374	0.01611	0.01866	0.01102	0.01272	0.01018	0.00678	0.00509	0.00170	0.00848	0.00424	0.00339	0.01018
25	0.01594	0.01356	0.01590	0.01169	0.01825	0.01026	0.00924	0.01930	0.01635	0.02542	0.01631	0.06869	0.01478	0.00729	0.00619	0.00133	0.00578	0.00603	0.00490	0.71280
26	0.01377	0.00689	0.01033	0.01033	0.01033	0.00689	0.00689	0.01033	0.01033	0.01377	0.01377	0.02410	0.01377	0.02755	0.03099	0.76928	0.00689	0.00689	0.00344	0.00344
27	0.77733	0.01534	0.01166	0.01043	0.01534	0.01779	0.00859	0.02331	0.01350	0.03558	0.01104	0.01288	0.00859	0.00736	0.00491	0.00245	0.00613	0.00429	0.00491	0.00859
28	0.01972	0.01703	0.01793	0.01614	0.02062	0.01972	0.01255	0.04214	0.65752	0.03317	0.03228	0.02959	0.02421	0.01076	0.00807	0.00269	0.00628	0.00897	0.00807	0.01255
29	0.03014	0.02221	0.02380	0.01825	0.02459	0.02459	0.01507	0.64541	0.03728	0.04998	0.01904	0.01904	0.01349	0.00952	0.00793	0.00238	0.00873	0.00714	0.00793	0.01349
30	0.02120	0.72609	0.04155	0.01357	0.02035	0.03138	0.01357	0.02374	0.01611	0.01866	0.01102	0.01272	0.01018	0.00678	0.00509	0.00170	0.00848	0.00424	0.00339	0.01018
31	0.01644	0.01409	0.01644	0.01175	0.01879	0.01057	0.00940	0.01997	0.01644	0.02584	0.01409	0.01644	0.01175	0.00587	0.00587	0.00117	0.00587	0.00470	0.00470	0.76979
32	0.01133	0.00850	0.01274	0.01274	0.01416	0.00991	0.00991	0.01416	0.01274	0.01841	0.02124	0.03115	0.01982	0.05947	0.68989	0.01274	0.02124	0.00850	0.00425	0.00708
33	0.01122	0.00811	0.01060	0.00998	0.01185	0.00748	0.00748	0.01496	0.02245	0.03180	0.66766	0.05923	0.07482	0.01621	0.00935	0.00249	0.00374	0.01434	0.00873	0.00748
34	0.01092	0.00809	0.01018	0.00966	0.01166	0.00735	0.00724	0.01438	0.02173	0.03010	0.57167	0.06203	0.17188	0.01684	0.00936	0.00252	0.00379	0.01473	0.00851	0.00735
35	0.01148	0.00844	0.01099	0.01235	0.01402	0.00809	0.01006	0.01422	0.01733	0.02223	0.04912	0.19466	0.17115	0.05810	0.01201	0.00359	0.00619	0.36188	0.00720	0.00690
36	0.01895	0.15993	0.10291	0.02859	0.03671	0.02210	0.46552	0.02505	0.01803	0.02407	0.01491	0.01929	0.01149	0.00678	0.00836	0.00247	0.01227	0.00805	0.00383	0.01069
37	0.00992	0.00706	0.00936	0.01111	0.01161	0.00665	0.00751	0.01135	0.01516	0.02017	0.04264	0.64856	0.05086	0.06083	0.01173	0.00348	0.00490	0.05346	0.00723	0.00640
38	0.02131	0.64796	0.08033	0.01448	0.02144	0.06449	0.01464	0.02424	0.01648	0.01910	0.01129	0.01305	0.01017	0.00690	0.00535	0.00176	0.00898	0.00439	0.00343	0.01022
39	0.46353	0.01761	0.01607	0.01326	0.01858	0.01993	0.01091	0.25831	0.02262	0.04077	0.01467	0.01589	0.01092	0.00825	0.00608	0.00240	0.00701	0.00550	0.03727	0.01039
40	0.01872	0.02139	0.04679	0.03342	0.04144	0.02005	0.64305	0.02540	0.01872	0.02540	0.01604	0.02139	0.01203	0.00668	0.00936	0.00267	0.01337	0.00936	0.00401	0.01070
41	0.01216	0.01033	0.03868	0.01100	0.01358	0.00910	0.00880	0.01787	0.08453	0.03113	0.54799	0.05545	0.09779	0.01552	0.00915	0.00252	0.00433	0.01359	0.00837	0.00811
42	0.01950	0.00988	0.01319	0.01147	0.01471	0.00885	0.00891	0.02285	0.02204	0.25315	0.40612	0.09295	0.05430	0.01460	0.00893	0.00253	0.00483	0.01271	0.00901	0.00948
43	0.01940	0.01862	0.03179	0.07982	0.64243	0.01878	0.02423	0.02414	0.01795	0.02564	0.01488	0.01970	0.01247	0.00711	0.00785	0.00237	0.00948	0.00706	0.00391	0.01238
44	0.03014	0.02221	0.02380	0.01825	0.02459	0.02459	0.01507	0.64541	0.03728	0.04998	0.01904	0.01904	0.01349	0.00952	0.00793	0.00238	0.00873	0.00714	0.00793	0.01349
45	0.05619	0.02236	0.02873	0.03997	0.48641	0.15162	0.02134	0.02649	0.04553	0.02537	0.01494	0.01868	0.01240	0.00745	0.00759	0.00231	0.01011	0.00663	0.00418	0.01171
46	0.01341	0.01075	0.01231	0.01146	0.01425	0.01098	0.00872	0.02240	0.21059	0.03032	0.37159	0.05353	0.16799	0.01529	0.00897	0.00259	0.00455	0.01318	0.00828	0.00885
47	0.01963	0.01884	0.03219	0.04867	0.67185	0.01884	0.02434	0.02434	0.01806	0.02591	0.01492	0.01963	0.01256	0.00707	0.00785	0.00236	0.00942	0.00707	0.00393	0.01256
48	0.01377	0.00689	0.01033	0.01033	0.01033	0.00689	0.00689	0.01033	0.01033	0.01377	0.01377	0.02410	0.01377	0.02755	0.03099	0.76928	0.00689	0.00689	0.00344	0.00344
49	0.77733	0.01534	0.01166	0.01043	0.01534	0.01779	0.00859	0.02331	0.01350	0.03558	0.01104	0.01288	0.00859	0.00736	0.00491	0.00245	0.00613	0.00429	0.00491	0.00859
50	0.01971	0.01726	0.01968	0.02012	0.10038	0.01962	0.01399	0.03996	0.57921	0.03228	0.03015	0.02837	0.02278	0.01031	0.00804	0.00265	0.00666	0.00873	0.00756	0.01255
51	0.01914	0.01835	0.03131	0.11691	0.60741	0.01871	0.02410	0.02391	0.01783	0.02532	0.01483	0.01978	0.01235	0.00716	0.00786	0.00239	0.00954	0.00706	0.00388	0.01217
52	0.01613	0.07518	0.61325	0.05717	0.03464	0.01905	0.02811	0.02479	0.01666	0.02453	0.01406	0.01676	0.01008	0.00752	0.00743	0.00248	0.01149	0.00584	0.00336	0.01149
53	0.01644	0.01409	0.01644	0.01175	0.01879	0.01057	0.00940	0.01997	0.01644	0.02584	0.01409	0.01644	0.01175	0.00587	0.00587	0.00117	0.00587	0.00470	0.00470	0.76979
54	0.01975	0.01796	0.02084	0.04700	0.14396	0.05101	0.01524	0.03656	0.46049	0.03034	0.02778	0.02892	0.02167	0.01026	0.00809	0.00263	0.00744	0.03110	0.00691	0.01206
55	0.01377	0.00689	0.01033	0.01033	0.01033	0.00689	0.00689	0.01033	0.01033	0.01377	0.01377	0.02410	0.01377	0.02755	0.03099	0.76928	0.00689	0.00689	0.00344	0.00344
56	0.02962	0.03779	0.02247	0.02043	0.02451	0.68948	0.01532	0.03166	0.02247	0.01941	0.01226	0.01430	0.01021	0.00817	0.00715	0.00204	0.01430	0.00511	0.00409	0.00919
57	0.01590	0.04102	0.68023	0.02260	0.03432	0.01842	0.02930	0.02511	0.01674	0.02511	0.01423	0.01674	0.01005	0.00753	0.00753	0.00251	0.01172	0.00586	0.00335	0.01172
58	0.01866	0.31417	0.39470	0.01890	0.02829	0.05494	0.02237	0.02487	0.01676	0.02227	0.01286	0.01502	0.01011	0.00726	0.00654	0.00216	0.01055	0.00518	0.00340	0.01099
59	0.01142	0.00764	0.00868	0.00880	0.00883	0.00761	0.00496	0.01150	0.01176	0.01568	0.02615	0.09324	0.03030	0.67796	0.03848	0.00741	0.00750	0.01222	0.00496	0.00491
60	0.02185	0.01440	0.01678	0.01435	0.01857	0.01531	0.01138	0.08563	0.26873	0.17993	0.15629	0.03623	0.07159	0.01221	0.00912	0.00260	0.03533	0.01002	0.00835	0.01134
61	0.01084	0.00753	0.00915	0.00985	0.01033	0.00728	0.00633	0.01182	0.01409	0.01877	0.07455	0.28769	0.06534	0.37053	0.02514	0.00540	0.00620	0.04725	0.00617	0.00575
62	0.02962	0.03779	0.02247	0.02043	0.02451	0.68948	0.01532	0.03166	0.02247	0.01941	0.01226	0.01430	0.01021	0.00817	0.00715	0.00204	0.01430	0.00511	0.00409	0.00919
63	0.00937	0.00803	0.00803	0.00803	0.01071	0.00669	0.00602	0.01138	0.01807	0.02142	0.08033	0.07632	0.66863	0.02008	0.00937	0.00268	0.00402	0.01674	0.00736	0.00669
64	0.01963	0.01884	0.03219	0.04867	0.67185	0.01884	0.02434	0.02434	0.01806	0.02591	0.01492	0.01963	0.01256	0.00707	0.00785	0.00236	0.00942	0.00707	0.00393	0.01256
65	0.01456	0.01578	0.06175	0.05926	0.05169	0.01402	0.28664	0.01898	0.01694	0.02294	0.02754	0.31589	0.02902	0.01451	0.00946	0.00288	0.00927	0.01457	0.00537	0.00891
66	0.01741	0.01495	0.01758	0.01309	0.01937	0.01295	0.01053	0.05409	0.05044	0.02692	0.01499	0.01734	0.01237	0.00700	0.00781	0.00151	0.06553	0.00524	0.00494	0.62594
67	0.02001	0.01550	0.01893	0.01378	0.02069	0.01304	0.03744	0.10991	0.01998	0.08165	0.01626	0.01787	0.01264	0.00674	0.00648	0.00151	0.00667	0.00551	0.00554	0.56985

[dist]
# distance from previous block
# <min> <max>
1	2

[block]
# block no. 3 follows, 24 sequences, length 31
# corresponding to MSA columns:
# 225-255
name=unknown_D
#
# <colnr> <probs for GDERKNQSTAVLIFYWHMCP>
#	G	D	E	R	K	N	Q	S	T	A	V	L	I	F	Y	W	H	M	C	P
0	0.01925	0.01836	0.02706	0.10777	0.37492	0.07840	0.04298	0.02336	0.01761	0.04893	0.01822	0.02294	0.03777	0.01377	0.08211	0.00355	0.04036	0.00752	0.00428	0.01085
1	0.02296	0.16360	0.02680	0.02335	0.16492	0.20631	0.01560	0.10712	0.02063	0.02471	0.01497	0.01954	0.01310	0.06477	0.04015	0.00296	0.01072	0.00626	0.00452	0.04702
2	0.00967	0.00721	0.00901	0.01033	0.01134	0.00654	0.00707	0.01129	0.01615	0.02102	0.07983	0.54512	0.18974	0.02340	0.00992	0.00307	0.00443	0.02089	0.00742	0.00654
3	0.01853	0.02297	0.10207	0.03345	0.08149	0.01983	0.54866	0.02531	0.01850	0.02541	0.01581	0.02086	0.01189	0.00678	0.00910	0.00264	0.01297	0.00890	0.00395	0.01091
4	0.01037	0.00788	0.00955	0.00953	0.01143	0.00706	0.00700	0.01317	0.01985	0.02658	0.37702	0.17352	0.26044	0.01888	0.00949	0.00267	0.00397	0.01646	0.00807	0.00706
5	0.03558	0.01350	0.01840	0.01411	0.02024	0.01166	0.01166	0.03865	0.02270	0.67734	0.03128	0.02699	0.01963	0.00981	0.00797	0.00245	0.00675	0.00797	0.00981	0.01350
6	0.03558	0.01350	0.01840	0.01411	0.02024	0.01166	0.01166	0.03865	0.02270	0.67734	0.03128	0.02699	0.01963	0.00981	0.00797	0.00245	0.00675	0.00797	0.00981	0.01350
7	0.01377	0.00689	0.01033	0.01033	0.01033	0.00689	0.00689	0.01033	0.01033	0.01377	0.01377	0.02410	0.01377	0.02755	0.03099	0.76928	0.00689	0.00689	0.00344	0.00344
8	0.02120	0.72609	0.04155	0.01357	0.02035	0.03138	0.01357	0.02374	0.01611	0.01866	0.01102	0.01272	0.01018	0.00678	0.00509	0.00170	0.00848	0.00424	0.00339	0.01018
9	0.03558	0.01350	0.01840	0.01411	0.02024	0.01166	0.01166	0.03865	0.02270	0.67734	0.03128	0.02699	0.01963	0.00981	0.00797	0.00245	0.00675	0.00797	0.00981	0.01350
10	0.02962	0.03779	0.02247	0.02043	0.02451	0.68948	0.01532	0.03166	0.02247	0.01941	0.01226	0.01430	0.01021	0.00817	0.00715	0.00204	0.01430	0.00511	0.00409	0.00919
11	0.00977	0.00701	0.00911	0.01074	0.01128	0.00653	0.00713	0.01109	0.01509	0.01999	0.04428	0.64216	0.08089	0.06955	0.01204	0.00348	0.00477	0.02155	0.00720	0.00635
12	0.01122	0.00811	0.01060	0.00998	0.01185	0.00748	0.00748	0.01496	0.02245	0.03180	0.66766	0.05923	0.07482	0.01621	0.00935	0.00249	0.00374	0.01434	0.00873	0.00748
13	0.02199	0.01598	0.01753	0.01539	0.02008	0.01769	0.01208	0.04004	0.51602	0.14484	0.03442	0.03139	0.05454	0.01104	0.00812	0.00265	0.00625	0.00917	0.00834	0.01243
14	0.01644	0.01409	0.01644	0.01175	0.01879	0.01057	0.00940	0.01997	0.01644	0.02584	0.01409	0.01644	0.01175	0.00587	0.00587	0.00117	0.00587	0.00470	0.00470	0.76979
15	0.01735	0.01735	0.02429	0.02082	0.02082	0.02429	0.01735	0.01908	0.01214	0.01908	0.01041	0.01735	0.01041	0.01388	0.02602	0.00347	0.70680	0.00694	0.00347	0.00867
16	0.01963	0.01884	0.03219	0.04867	0.67185	0.01884	0.02434	0.02434	0.01806	0.02591	0.01492	0.01963	0.01256	0.00707	0.00785	0.00236	0.00942	0.00707	0.00393	0.01256
17	0.01498	0.01409	0.02378	0.70226	0.05462	0.01762	0.02202	0.02026	0.01586	0.02026	0.01409	0.02114	0.01057	0.00793	0.00793	0.00264	0.01057	0.00705	0.00352	0.00881
18	0.01278	0.00913	0.01278	0.01460	0.01643	0.00913	0.01278	0.01643	0.01825	0.02373	0.04199	0.08945	0.04564	0.02191	0.01095	0.00365	0.00730	0.61847	0.00730	0.00730
19	0.77733	0.01534	0.01166	0.01043	0.01534	0.01779	0.00859	0.02331	0.01350	0.03558	0.01104	0.01288	0.00859	0.00736	0.00491	0.00245	0.00613	0.00429	0.00491	0.00859
20	0.02962	0.03779	0.02247	0.02043	0.02451	0.68948	0.01532	0.03166	0.02247	0.01941	0.01226	0.01430	0.01021	0.00817	0.00715	0.00204	0.01430	0.00511	0.00409	0.00919
21	0.03438	0.01542	0.01960	0.01502	0.02120	0.01452	0.01241	0.17285	0.02592	0.53858	0.02858	0.02523	0.01827	0.00975	0.00797	0.00244	0.00719	0.00779	0.00940	0.01349
22	0.27142	0.02094	0.18991	0.01463	0.02125	0.01539	0.01478	0.05077	0.01839	0.18049	0.07988	0.02250	0.01849	0.00898	0.00687	0.00244	0.00752	0.00675	0.03801	0.01058
23	0.01014	0.00799	0.00915	0.00902	0.01122	0.00700	0.00670	0.01281	0.01966	0.02556	0.31652	0.11066	0.38769	0.01882	0.00941	0.00264	0.00394	0.01614	0.00792	0.00700
24	0.06061	0.20888	0.02603	0.01691	0.02176	0.30981	0.01387	0.11915	0.02182	0.02498	0.01601	0.01767	0.03688	0.00872	0.00742	0.00210	0.03868	0.00577	0.03307	0.00987
25	0.00981	0.00702	0.00934	0.01094	0.01153	0.00654	0.00737	0.01142	0.01588	0.02135	0.10357	0.65311	0.05459	0.02402	0.01005	0.00315	0.00452	0.02176	0.00749	0.00654
26	0.01667	0.09438	0.56954	0.02425	0.09129	0.01950	0.02757	0.02493	0.01681	0.02466	0.01403	0.01668	0.01029	0.00743	0.00737	0.00243	0.01125	0.00584	0.00340	0.01167
27	0.04829	0.04328	0.01718	0.01402	0.01674	0.04435	0.01125	0.14341	0.01940	0.05403	0.01934	0.04826	0.01631	0.01451	0.04451	0.06817	0.14645	0.00751	0.21403	0.00894
28	0.00984	0.00719	0.00915	0.01045	0.01131	0.00662	0.00709	0.01146	0.01605	0.02122	0.10313	0.54466	0.13503	0.05327	0.01125	0.00328	0.00458	0.02057	0.00737	0.00650
29	0.01478	0.00739	0.00739	0.00739	0.00924	0.00739	0.00554	0.01848	0.01663	0.02956	0.02587	0.02956	0.02033	0.00924	0.00554	0.00185	0.00370	0.00739	0.76534	0.00739
30	0.02120	0.72609	0.04155	0.01357	0.02035	0.03138	0.01357	0.02374	0.01611	0.01866	0.01102	0.01272	0.01018	0.00678	0.00509	0.00170	0.00848	0.00424	0.00339	0.01018

[dist]
# distance from previous block
# <min> <max>
0	5

[block]
# block no. 4 follows, 24 sequences, length 39
# corresponding to MSA columns:
# 262-300
name=unknown_E
#
# <colnr> <probs for GDERKNQSTAVLIFYWHMCP>
#	G	D	E	R	K	N	Q	S	T	A	V	L	I	F	Y	W	H	M	C	P
0	0.77733	0.01534	0.01166	0.01043	0.01534	0.01779	0.00859	0.02331	0.01350	0.03558	0.01104	0.01288	0.00859	0.00736	0.00491	0.00245	0.00613	0.00429	0.00491	0.00859
1	0.02532	0.28620	0.02941	0.01883	0.05070	0.39113	0.01484	0.02770	0.01954	0.01937	0.01232	0.01469	0.01072	0.00986	0.03623	0.00240	0.01227	0.00502	0.00383	0.00961
2	0.02101	0.01452	0.01666	0.01455	0.01823	0.01530	0.01125	0.29035	0.05063	0.08433	0.06412	0.29973	0.03308	0.01604	0.00889	0.00274	0.00658	0.01378	0.00790	0.01033
3	0.01735	0.01735	0.02429	0.02082	0.02082	0.02429	0.01735	0.01908	0.01214	0.01908	0.01041	0.01735	0.01041	0.01388	0.02602	0.00347	0.70680	0.00694	0.00347	0.00867
4	0.01649	0.08005	0.59487	0.02397	0.08018	0.01922	0.02800	0.02497	0.01680	0.02479	0.01409	0.01671	0.01024	0.00746	0.00741	0.00245	0.01136	0.00585	0.00339	0.01169
5	0.01085	0.00792	0.01028	0.01063	0.01221	0.00735	0.00796	0.01383	0.01972	0.02697	0.38169	0.22954	0.11963	0.01942	0.00974	0.00283	0.00441	0.08980	0.00809	0.00713
6	0.01048	0.00763	0.00998	0.01146	0.01232	0.00733	0.00802	0.01318	0.04524	0.02201	0.09230	0.58530	0.05241	0.02330	0.01003	0.00317	0.00481	0.06667	0.00750	0.00687
7	0.01103	0.00795	0.01042	0.01011	0.01180	0.00735	0.00747	0.01447	0.02153	0.03035	0.58916	0.14188	0.07201	0.01730	0.00945	0.00259	0.00385	0.01537	0.00856	0.00735
8	0.01755	0.23546	0.46669	0.02056	0.03069	0.02219	0.05519	0.02474	0.01666	0.02329	0.01341	0.01582	0.01018	0.00728	0.00693	0.00229	0.01088	0.00557	0.00339	0.01123
9	0.00966	0.00690	0.00920	0.01104	0.01150	0.00644	0.00736	0.01104	0.01518	0.02024	0.04371	0.71614	0.05245	0.02484	0.01012	0.00322	0.00460	0.02254	0.00736	0.00644
10	0.06223	0.18680	0.50322	0.01994	0.03019	0.02117	0.02469	0.02471	0.01641	0.02435	0.01335	0.01565	0.00999	0.00736	0.00685	0.00233	0.01069	0.00542	0.00345	0.01120
11	0.77733	0.01534	0.01166	0.01043	0.01534	0.01779	0.00859	0.02331	0.01350	0.03558	0.01104	0.01288	0.00859	0.00736	0.00491	0.00245	0.00613	0.00429	0.00491	0.00859
12	0.01202	0.00888	0.01172	0.01313	0.01515	0.00858	0.01127	0.01530	0.01821	0.02321	0.05057	0.08651	0.18515	0.02150	0.01060	0.00343	0.00657	0.48372	0.00732	0.00717
13	0.77733	0.01534	0.01166	0.01043	0.01534	0.01779	0.00859	0.02331	0.01350	0.03558	0.01104	0.01288	0.00859	0.00736	0.00491	0.00245	0.00613	0.00429	0.00491	0.00859
14	0.77733	0.01534	0.01166	0.01043	0.01534	0.01779	0.00859	0.02331	0.01350	0.03558	0.01104	0.01288	0.00859	0.00736	0.00491	0.00245	0.00613	0.00429	0.00491	0.00859
15	0.77733	0.01534	0.01166	0.01043	0.01534	0.01779	0.00859	0.02331	0.01350	0.03558	0.01104	0.01288	0.00859	0.00736	0.00491	0.00245	0.00613	0.00429	0.00491	0.00859
16	0.77733	0.01534	0.01166	0.01043	0.01534	0.01779	0.00859	0.02331	0.01350	0.03558	0.01104	0.01288	0.00859	0.00736	0.00491	0.00245	0.00613	0.00429	0.00491	0.00859
17	0.01963	0.01884	0.03219	0.04867	0.67185	0.01884	0.02434	0.02434	0.01806	0.02591	0.01492	0.01963	0.01256	0.00707	0.00785	0.00236	0.00942	0.00707	0.00393	0.01256
18	0.01011	0.00771	0.00918	0.00952	0.01119	0.00690	0.00680	0.01238	0.01828	0.02397	0.24581	0.25485	0.28241	0.05078	0.01093	0.00300	0.00426	0.01746	0.00767	0.00678
19	0.01713	0.02373	0.17354	0.02785	0.03517	0.01880	0.39574	0.02338	0.01736	0.02426	0.01779	0.08665	0.01534	0.00927	0.01060	0.00277	0.07651	0.00967	0.00414	0.01031
20	0.00993	0.00732	0.00933	0.01064	0.01166	0.00672	0.00744	0.01176	0.01652	0.02174	0.11004	0.51583	0.15440	0.02308	0.00997	0.00308	0.00456	0.05187	0.00749	0.00663
21	0.01590	0.04102	0.68023	0.02260	0.03432	0.01842	0.02930	0.02511	0.01674	0.02511	0.01423	0.01674	0.01005	0.00753	0.00753	0.00251	0.01172	0.00586	0.00335	0.01172
22	0.01042	0.00807	0.00948	0.00913	0.01135	0.00714	0.00685	0.01341	0.02055	0.02729	0.41223	0.06666	0.33308	0.01790	0.00936	0.00257	0.00386	0.01538	0.00814	0.00714
23	0.01985	0.01965	0.03153	0.14414	0.44451	0.05882	0.08914	0.05027	0.01886	0.02561	0.01493	0.01971	0.01210	0.00733	0.00799	0.00242	0.01028	0.00719	0.00405	0.01163
24	0.01133	0.00850	0.01274	0.01274	0.01416	0.00991	0.00991	0.01416	0.01274	0.01841	0.02124	0.03115	0.01982	0.05947	0.68989	0.01274	0.02124	0.00850	0.00425	0.00708
25	0.01869	0.01920	0.06346	0.15205	0.54089	0.01862	0.02422	0.02372	0.01764	0.02496	0.01475	0.01972	0.01212	0.00723	0.00785	0.00241	0.00972	0.00700	0.00383	0.01192
26	0.16296	0.02003	0.02054	0.01645	0.02220	0.02248	0.01344	0.42330	0.14603	0.04432	0.02001	0.01985	0.01456	0.00936	0.00741	0.00245	0.00781	0.00696	0.00741	0.01243
27	0.01244	0.00845	0.00961	0.00934	0.00973	0.00864	0.00558	0.04305	0.01287	0.01725	0.02450	0.04919	0.02760	0.65158	0.07261	0.00769	0.00845	0.01116	0.00493	0.00535
28	0.10861	0.30528	0.29386	0.01838	0.04994	0.02375	0.01979	0.05504	0.01718	0.02507	0.01286	0.01493	0.01019	0.00730	0.00630	0.00217	0.00955	0.00515	0.00380	0.01086
29	0.01709	0.08857	0.49609	0.02736	0.16655	0.01949	0.02706	0.02485	0.01697	0.02479	0.01413	0.01704	0.01058	0.00738	0.00741	0.00242	0.01099	0.00599	0.00347	0.01178
30	0.00988	0.00810	0.00874	0.00871	0.01119	0.00696	0.00661	0.01229	0.01891	0.02349	0.18956	0.07370	0.52738	0.01944	0.00944	0.00269	0.00412	0.04431	0.00762	0.00687
31	0.01713	0.24581	0.40847	0.01920	0.02858	0.02153	0.04845	0.02366	0.01673	0.02288	0.01837	0.02025	0.06034	0.00823	0.00701	0.00228	0.01022	0.00634	0.00370	0.01082
32	0.01678	0.15399	0.57491	0.02111	0.03202	0.02055	0.02670	0.02489	0.01664	0.02405	0.01370	0.01608	0.01007	0.00741	0.00713	0.00238	0.01119	0.00559	0.00336	0.01146
33	0.12736	0.17693	0.45313	0.01900	0.02872	0.02097	0.02309	0.02457	0.01614	0.02531	0.01311	0.01536	0.00986	0.00736	0.00665	0.00234	0.01025	0.00530	0.00358	0.01095
34	0.01934	0.02053	0.08155	0.04669	0.62329	0.01881	0.02471	0.02440	0.01796	0.02585	0.01486	0.01941	0.01237	0.00710	0.00783	0.00237	0.00960	0.00697	0.00388	0.01250
35	0.02029	0.02068	0.02874	0.10619	0.47427	0.12009	0.02205	0.02458	0.01852	0.02424	0.01604	0.02311	0.01397	0.00820	0.00794	0.00241	0.01015	0.04305	0.00411	0.01137
36	0.01382	0.00719	0.01090	0.03954	0.01220	0.00734	0.00753	0.01075	0.01056	0.01405	0.01379	0.02398	0.01364	0.02672	0.03002	0.73692	0.00704	0.00689	0.00345	0.00367
37	0.01377	0.00689	0.01033	0.01033	0.01033	0.00689	0.00689	0.01033	0.01033	0.01377	0.01377	0.02410	0.01377	0.02755	0.03099	0.76928	0.00689	0.00689	0.00344	0.00344
38	0.01910	0.01861	0.02667	0.31329	0.24407	0.08495	0.04499	0.07032	0.01908	0.02462	0.01603	0.02327	0.01321	0.00845	0.00803	0.00252	0.01038	0.03774	0.00425	0.01040

[dist]
# distance from previous block
# <min> <max>
0	1

[block]
# block no. 5 follows, 24 sequences, length 18
# corresponding to MSA columns:
# 302-319
name=unknown_F
#
# <colnr> <probs for GDERKNQSTAVLIFYWHMCP>
#	G	D	E	R	K	N	Q	S	T	A	V	L	I	F	Y	W	H	M	C	P
0	0.01026	0.00781	0.00893	0.00906	0.01070	0.00703	0.00634	0.01219	0.01740	0.02250	0.20077	0.16562	0.31456	0.15329	0.01538	0.00367	0.00474	0.01608	0.00719	0.00648
1	0.01644	0.01409	0.01644	0.01175	0.01879	0.01057	0.00940	0.01997	0.01644	0.02584	0.01409	0.01644	0.01175	0.00587	0.00587	0.00117	0.00587	0.00470	0.00470	0.76979
2	0.01078	0.00766	0.00858	0.00884	0.00952	0.00729	0.00544	0.01143	0.01354	0.01744	0.04028	0.15006	0.17881	0.46348	0.02904	0.00592	0.00642	0.01426	0.00575	0.00547
3	0.01068	0.00808	0.00985	0.00941	0.01151	0.00725	0.00705	0.01391	0.02116	0.02875	0.49525	0.06425	0.24914	0.01735	0.00936	0.00255	0.00382	0.01504	0.00833	0.00725
4	0.02548	0.01933	0.02083	0.01696	0.02223	0.02146	0.01364	0.43614	0.17796	0.04281	0.02482	0.09847	0.02026	0.01150	0.00821	0.00254	0.00770	0.00926	0.00790	0.01249
5	0.01717	0.12001	0.57490	0.02145	0.03224	0.05209	0.02681	0.02527	0.01694	0.02409	0.01377	0.01616	0.01007	0.00748	0.00723	0.00239	0.01147	0.00564	0.00339	0.01142
6	0.01139	0.00771	0.00861	0.00861	0.00878	0.00762	0.00489	0.01152	0.01196	0.01577	0.02862	0.05350	0.07086	0.67525	0.03833	0.00736	0.00745	0.01187	0.00497	0.00493
7	0.00977	0.00695	0.00917	0.01090	0.01133	0.00652	0.00721	0.01107	0.01496	0.01995	0.04258	0.67602	0.05102	0.06691	0.01195	0.00349	0.00479	0.02188	0.00721	0.00634
8	0.01721	0.01719	0.03164	0.35428	0.23177	0.01855	0.16858	0.02266	0.01717	0.02312	0.01479	0.02076	0.01150	0.00738	0.00824	0.00257	0.01089	0.00760	0.00376	0.01035
9	0.01908	0.01869	0.02738	0.23417	0.31346	0.07596	0.05159	0.06501	0.01912	0.02498	0.01921	0.02350	0.05626	0.00845	0.00800	0.00245	0.00996	0.00766	0.00433	0.01073
10	0.05690	0.03117	0.02448	0.02468	0.12665	0.45149	0.04313	0.07199	0.05261	0.02406	0.01421	0.01644	0.01149	0.00812	0.00736	0.00219	0.01241	0.00589	0.00454	0.01021
11	0.59520	0.02148	0.17158	0.01334	0.01988	0.01794	0.01354	0.02374	0.01427	0.03308	0.01180	0.01381	0.00894	0.00740	0.00554	0.00247	0.00747	0.00467	0.00453	0.00934
12	0.01116	0.00784	0.00882	0.00887	0.00957	0.00755	0.00555	0.01191	0.01367	0.01777	0.06952	0.05872	0.15542	0.51739	0.03143	0.00627	0.00676	0.04075	0.00562	0.00542
13	0.01752	0.21633	0.37309	0.02312	0.12089	0.02116	0.02296	0.02395	0.01715	0.02398	0.05775	0.01898	0.01483	0.00786	0.00706	0.00227	0.00999	0.00618	0.00381	0.01115
14	0.02814	0.02102	0.02272	0.01729	0.02374	0.02254	0.01424	0.55378	0.03423	0.04644	0.01831	0.01866	0.01323	0.00899	0.00763	0.00220	0.00831	0.00678	0.00746	0.12428
15	0.02897	0.01238	0.01651	0.01322	0.01825	0.01106	0.01070	0.03315	0.05401	0.49109	0.18355	0.03483	0.03306	0.01139	0.00831	0.00248	0.00601	0.00955	0.00947	0.01201
16	0.00989	0.00709	0.00923	0.01085	0.01145	0.00664	0.00731	0.01129	0.01519	0.02010	0.04426	0.61567	0.08230	0.07168	0.01216	0.00351	0.00488	0.04294	0.00719	0.00637
17	0.02010	0.01955	0.02981	0.14690	0.50030	0.06437	0.02291	0.05463	0.01896	0.02577	0.01481	0.01947	0.01214	0.00739	0.00782	0.00238	0.00990	0.00693	0.00407	0.01179

[dist]
# distance from previous block
# <min> <max>
0	13

[block]
# block no. 6 follows, 24 sequences, length 6
# corresponding to MSA columns:
# 333-338
name=unknown_G
#
# <colnr> <probs for GDERKNQSTAVLIFYWHMCP>
#	G	D	E	R	K	N	Q	S	T	A	V	L	I	F	Y	W	H	M	C	P
0	0.02079	0.01956	0.02013	0.02262	0.14655	0.17490	0.01527	0.05511	0.09972	0.05799	0.07186	0.04208	0.02746	0.01280	0.00869	0.00270	0.00903	0.17649	0.00623	0.01003
1	0.01176	0.00804	0.00989	0.00995	0.01176	0.00724	0.00716	0.01412	0.01862	0.06303	0.26325	0.24831	0.21473	0.06153	0.01135	0.00306	0.00447	0.01675	0.00782	0.00718
2	0.05381	0.00961	0.01157	0.01097	0.01339	0.00923	0.00822	0.06122	0.02073	0.08014	0.31152	0.22012	0.12428	0.01740	0.00911	0.00269	0.00471	0.01515	0.00806	0.00809
3	0.58133	0.14295	0.01799	0.01163	0.01699	0.02077	0.01001	0.07404	0.01590	0.03373	0.01169	0.01335	0.00927	0.00743	0.00519	0.00231	0.00676	0.00452	0.00488	0.00927
4	0.03014	0.02221	0.02380	0.01825	0.02459	0.02459	0.01507	0.64541	0.03728	0.04998	0.01904	0.01904	0.01349	0.00952	0.00793	0.00238	0.00873	0.00714	0.00793	0.01349
5	0.01792	0.30207	0.43686	0.01916	0.02900	0.02336	0.02330	0.02459	0.01650	0.02265	0.01301	0.01521	0.01010	0.00725	0.00660	0.00220	0.01049	0.00524	0.00337	0.01113

[dist]
# distance from previous block
# <min> <max>
0	1

[block]
# block no. 7 follows, 24 sequences, length 19
# corresponding to MSA columns:
# 340-358
name=unknown_H
#
# <colnr> <probs for GDERKNQSTAVLIFYWHMCP>
#	G	D	E	R	K	N	Q	S	T	A	V	L	I	F	Y	W	H	M	C	P
0	0.07727	0.01757	0.01902	0.01591	0.02116	0.01939	0.01274	0.18794	0.35172	0.14858	0.02740	0.02540	0.01971	0.01006	0.00780	0.00256	0.00695	0.00803	0.00812	0.01267
1	0.01111	0.00810	0.01045	0.00986	0.01178	0.00744	0.00740	0.01475	0.02219	0.03118	0.63279	0.06025	0.11008	0.01644	0.00935	0.00250	0.00376	0.01448	0.00865	0.00744
2	0.01849	0.01818	0.03161	0.02267	0.03014	0.01612	0.31595	0.06574	0.01898	0.02729	0.01538	0.01901	0.01200	0.00652	0.00770	0.00198	0.00969	0.00712	0.00459	0.35084
3	0.03064	0.01240	0.01682	0.01327	0.01854	0.01081	0.01081	0.03384	0.02265	0.54632	0.16045	0.03353	0.03083	0.01111	0.00825	0.00246	0.00614	0.00927	0.00959	0.01227
4	0.01718	0.01528	0.02379	0.60267	0.05024	0.01863	0.02101	0.11127	0.01898	0.02459	0.01481	0.02084	0.01100	0.00816	0.00793	0.00260	0.01030	0.00706	0.00417	0.00949
5	0.01848	0.02303	0.09955	0.03252	0.04085	0.01992	0.59193	0.02538	0.01855	0.02538	0.01589	0.02100	0.01187	0.00676	0.00921	0.00266	0.01323	0.00907	0.00396	0.01078
6	0.01153	0.00769	0.00865	0.00865	0.00865	0.00769	0.00480	0.01153	0.01153	0.01538	0.02499	0.05189	0.02883	0.72131	0.04036	0.00769	0.00769	0.01153	0.00480	0.00480
