[name]
unknown

[dist]
# distance from previous block
# <min> <max>
0	2

[block]
# block no. 0 follows, 28 sequences, length 15
# corresponding to MSA columns:
# 2-16
name=unknown_A
#
# <colnr> <probs for GDERKNQSTAVLIFYWHMCP>
#	G	D	E	R	K	N	Q	S	T	A	V	L	I	F	Y	W	H	M	C	P
0	0.01171	0.00837	0.01171	0.01339	0.01506	0.00837	0.01171	0.01506	0.01673	0.02175	0.03849	0.08199	0.04183	0.02008	0.01004	0.00335	0.00669	0.65027	0.00669	0.00669
1	0.01900	0.01919	0.02852	0.04176	0.62453	0.09430	0.02140	0.02305	0.01700	0.02309	0.01340	0.01745	0.01128	0.00659	0.00713	0.00213	0.00913	0.00628	0.00361	0.01117
2	0.01355	0.00678	0.00678	0.00678	0.00847	0.00678	0.00508	0.01694	0.01524	0.02710	0.02371	0.02710	0.01863	0.00847	0.00508	0.00169	0.00339	0.00678	0.78489	0.00678
3	0.06060	0.01448	0.02434	0.47130	0.21210	0.01657	0.05810	0.01996	0.01507	0.02098	0.01305	0.01860	0.01013	0.00697	0.00716	0.00235	0.00933	0.00644	0.00342	0.00904
4	0.02763	0.02036	0.02182	0.01672	0.02254	0.02254	0.01382	0.67496	0.03418	0.04581	0.01745	0.01745	0.01236	0.00873	0.00727	0.00218	0.00800	0.00654	0.00727	0.01236
5	0.00971	0.00736	0.00895	0.00865	0.01053	0.00660	0.00645	0.01256	0.01906	0.02580	0.47788	0.09060	0.25672	0.01629	0.00861	0.00237	0.00354	0.01415	0.00757	0.00660
6	0.03053	0.01191	0.01620	0.01258	0.01784	0.01033	0.01033	0.03340	0.02078	0.64119	0.09093	0.02750	0.02272	0.00954	0.00743	0.00225	0.00593	0.00785	0.00890	0.01186
7	0.08660	0.00746	0.00714	0.00704	0.00899	0.00767	0.00534	0.01735	0.01498	0.02762	0.02244	0.02567	0.01763	0.00831	0.00503	0.00175	0.00360	0.00651	0.71202	0.00688
8	0.00871	0.00723	0.00762	0.00782	0.00997	0.00614	0.00575	0.01055	0.01641	0.01996	0.09966	0.15927	0.57824	0.01882	0.00868	0.00251	0.00374	0.01595	0.00681	0.00614
9	0.01263	0.00631	0.00947	0.00947	0.00947	0.00631	0.00631	0.00947	0.00947	0.01263	0.01263	0.02210	0.01263	0.02525	0.02841	0.78851	0.00631	0.00631	0.00316	0.00316
10	0.02625	0.01954	0.02107	0.01607	0.02196	0.02112	0.01324	0.60250	0.03207	0.04337	0.01695	0.01719	0.01219	0.00836	0.00706	0.00206	0.00771	0.00630	0.00694	0.09805
11	0.41081	0.10278	0.11543	0.14123	0.02382	0.01750	0.01349	0.02192	0.01393	0.06386	0.01206	0.01437	0.00912	0.00693	0.00552	0.00221	0.00737	0.00478	0.00415	0.00874
12	0.02241	0.01521	0.01690	0.01415	0.01868	0.01653	0.01129	0.19116	0.32816	0.15822	0.06264	0.02581	0.02135	0.00962	0.00728	0.00230	0.00612	0.00783	0.05301	0.01134
13	0.01522	0.01340	0.01678	0.01216	0.01830	0.01079	0.04024	0.01849	0.01495	0.02333	0.01282	0.01533	0.01071	0.00582	0.00655	0.00126	0.04553	0.00462	0.00422	0.70949
14	0.01434	0.01205	0.01409	0.01049	0.01606	0.00925	0.00815	0.01718	0.01463	0.02259	0.01534	0.06008	0.01425	0.06796	0.00824	0.00168	0.00545	0.00578	0.00446	0.67793

[dist]
# distance from previous block
# <min> <max>
1	3

[block]
# block no. 1 follows, 28 sequences, length 13
# corresponding to MSA columns:
# 20-32
name=unknown_B
#
# <colnr> <probs for GDERKNQSTAVLIFYWHMCP>
#	G	D	E	R	K	N	Q	S	T	A	V	L	I	F	Y	W	H	M	C	P
0	0.01598	0.01612	0.02348	0.01977	0.02020	0.02204	0.05468	0.01784	0.01149	0.01784	0.00985	0.01612	0.00963	0.01233	0.02295	0.00314	0.68879	0.00649	0.00321	0.00806
1	0.01611	0.01600	0.02406	0.46153	0.24590	0.07305	0.02034	0.02056	0.01564	0.02009	0.01301	0.01845	0.01022	0.00704	0.00719	0.00230	0.00964	0.00632	0.00338	0.00915
2	0.00997	0.00731	0.00935	0.00906	0.01072	0.00669	0.00671	0.01302	0.01950	0.02712	0.56646	0.12356	0.13141	0.01601	0.00864	0.00237	0.00353	0.01411	0.00775	0.00669
3	0.01808	0.01561	0.01644	0.01479	0.01890	0.01808	0.01151	0.03863	0.68606	0.03041	0.02959	0.02712	0.02219	0.00986	0.00740	0.00247	0.00575	0.00822	0.00740	0.01151
4	0.03261	0.01237	0.01687	0.01293	0.01856	0.01068	0.01068	0.03543	0.02081	0.70423	0.02868	0.02474	0.01799	0.00900	0.00731	0.00225	0.00619	0.00731	0.00900	0.01237
5	0.01833	0.01183	0.01400	0.01226	0.01580	0.01224	0.00958	0.02856	0.29035	0.17730	0.27972	0.03682	0.03872	0.01155	0.00782	0.00235	0.00497	0.00987	0.00797	0.00995
6	0.03018	0.01226	0.01640	0.01274	0.01798	0.01086	0.01045	0.06332	0.02141	0.60669	0.09394	0.02732	0.02272	0.00956	0.00743	0.00225	0.00600	0.00785	0.00882	0.01183
7	0.02429	0.01133	0.01478	0.01193	0.01619	0.01038	0.00961	0.08401	0.02190	0.40776	0.26327	0.03454	0.03538	0.01105	0.00775	0.00226	0.00537	0.00930	0.00849	0.01042
8	0.00901	0.00646	0.00832	0.00973	0.01024	0.00603	0.00644	0.01019	0.01375	0.01818	0.04047	0.62951	0.08656	0.09372	0.01197	0.00333	0.00446	0.01934	0.00652	0.00577
9	0.02154	0.21910	0.02428	0.01631	0.04286	0.18537	0.01300	0.06764	0.23828	0.04645	0.01793	0.01824	0.01412	0.00822	0.00708	0.00207	0.03631	0.00595	0.00513	0.01013
10	0.02023	0.02516	0.12449	0.10636	0.03036	0.20848	0.17213	0.10265	0.01893	0.02329	0.01309	0.01654	0.01016	0.00777	0.00912	0.00232	0.08918	0.00632	0.00394	0.00947
11	0.01507	0.01292	0.01507	0.01077	0.01723	0.00969	0.00861	0.01830	0.01507	0.02369	0.01292	0.01507	0.01077	0.00538	0.00538	0.00108	0.00538	0.00431	0.00431	0.78898
12	0.01751	0.01348	0.01576	0.01142	0.01776	0.01081	0.00920	0.07270	0.01708	0.08052	0.01456	0.01605	0.01148	0.00595	0.00569	0.00126	0.00566	0.00473	0.00493	0.66346

[dist]
# distance from previous block
# <min> <max>
0	2

[block]
# block no. 2 follows, 28 sequences, length 18
# corresponding to MSA columns:
# 35-52
name=unknown_C
#
# <colnr> <probs for GDERKNQSTAVLIFYWHMCP>
#	G	D	E	R	K	N	Q	S	T	A	V	L	I	F	Y	W	H	M	C	P
0	0.01989	0.01593	0.01702	0.01489	0.01926	0.01814	0.01170	0.10514	0.58086	0.06937	0.02826	0.02598	0.02093	0.00969	0.00738	0.00242	0.00601	0.00799	0.00747	0.01164
1	0.00904	0.00654	0.00824	0.00951	0.01012	0.00608	0.00630	0.01022	0.01381	0.01812	0.04196	0.57058	0.12406	0.11385	0.01271	0.00341	0.00451	0.01874	0.00645	0.00574
2	0.01038	0.00779	0.01168	0.01168	0.01298	0.00909	0.00909	0.01298	0.01168	0.01687	0.01947	0.02856	0.01817	0.05452	0.71573	0.01168	0.01947	0.00779	0.00389	0.00649
3	0.01808	0.01561	0.01644	0.01479	0.01890	0.01808	0.01151	0.03863	0.68606	0.03041	0.02959	0.02712	0.02219	0.00986	0.00740	0.00247	0.00575	0.00822	0.00740	0.01151
4	0.69901	0.01384	0.01147	0.00999	0.01463	0.01559	0.00823	0.02315	0.01344	0.11785	0.01248	0.01345	0.00916	0.00703	0.00486	0.00225	0.00569	0.00436	0.00507	0.00844
5	0.74288	0.01394	0.01111	0.00979	0.01437	0.01592	0.00807	0.02234	0.01296	0.07925	0.01141	0.01271	0.00858	0.00690	0.00469	0.00225	0.00566	0.00417	0.00481	0.00818
6	0.02799	0.01978	0.02146	0.01645	0.02225	0.02169	0.01359	0.62884	0.03321	0.09329	0.01826	0.01798	0.01277	0.00875	0.00727	0.00219	0.00787	0.00660	0.00740	0.01236
7	0.02007	0.68972	0.03664	0.01296	0.01897	0.08566	0.01257	0.02237	0.01525	0.01716	0.01020	0.01178	0.00933	0.00632	0.00482	0.00158	0.00822	0.00395	0.00316	0.00925
8	0.79588	0.01406	0.01068	0.00956	0.01406	0.01631	0.00787	0.02137	0.01237	0.03261	0.01012	0.01181	0.00787	0.00675	0.00450	0.00225	0.00562	0.00394	0.00450	0.00787
9	0.02679	0.01994	0.02134	0.01655	0.02222	0.02215	0.01361	0.61872	0.09179	0.04445	0.01852	0.01831	0.01323	0.00883	0.00728	0.00221	0.00780	0.00669	0.00728	0.01229
10	0.00873	0.00732	0.00758	0.00762	0.00993	0.00618	0.00568	0.01065	0.01673	0.02027	0.11686	0.10094	0.61991	0.01836	0.00862	0.00247	0.00369	0.01544	0.00684	0.00618
11	0.00921	0.00714	0.00801	0.00822	0.00982	0.00635	0.00578	0.01091	0.01581	0.02009	0.15752	0.18332	0.37985	0.12970	0.01306	0.00322	0.00425	0.01521	0.00659	0.00594
12	0.01412	0.00810	0.01185	0.01088	0.01178	0.00822	0.03665	0.06563	0.01216	0.01661	0.01370	0.02186	0.01285	0.02215	0.02455	0.64715	0.00657	0.00646	0.04433	0.00441
13	0.01263	0.00631	0.00947	0.00947	0.00947	0.00631	0.00631	0.00947	0.00947	0.01263	0.01263	0.02210	0.01263	0.02525	0.02841	0.78851	0.00631	0.00631	0.00316	0.00316
14	0.02399	0.02536	0.02032	0.01809	0.04581	0.34297	0.01365	0.17009	0.10677	0.02623	0.01504	0.01637	0.01186	0.00821	0.00795	0.00205	0.06012	0.00569	0.00498	0.07445
15	0.00885	0.00668	0.00808	0.00916	0.01020	0.00603	0.00626	0.01024	0.01460	0.01870	0.04981	0.50006	0.24980	0.05299	0.01028	0.00298	0.00417	0.01856	0.00665	0.00591
16	0.02535	0.01898	0.02091	0.05026	0.02291	0.02112	0.01365	0.57809	0.03145	0.04214	0.03960	0.02063	0.04024	0.00934	0.00786	0.00224	0.02957	0.00707	0.00696	0.01162
17	0.10600	0.11077	0.02052	0.01444	0.01938	0.05619	0.01189	0.32242	0.14242	0.03423	0.01984	0.02084	0.03842	0.04156	0.00800	0.00237	0.00738	0.00663	0.00614	0.01056

[dist]
# distance from previous block
# <min> <max>
0	35

[block]
# block no. 3 follows, 28 sequences, length 27
# corresponding to MSA columns:
# 88-114
name=unknown_D
#
# <colnr> <probs for GDERKNQSTAVLIFYWHMCP>
#	G	D	E	R	K	N	Q	S	T	A	V	L	I	F	Y	W	H	M	C	P
0	0.01957	0.01628	0.02030	0.01629	0.03830	0.01675	0.05946	0.23705	0.08594	0.03075	0.01691	0.04664	0.01380	0.00848	0.00860	0.00200	0.08398	0.00666	0.00550	0.26673
1	0.05377	0.08130	0.47740	0.02188	0.07178	0.01752	0.10219	0.02250	0.01565	0.02338	0.03798	0.01703	0.01170	0.00702	0.00691	0.00226	0.01007	0.00594	0.00343	0.01030
2	0.00923	0.00739	0.00828	0.00824	0.01038	0.00644	0.00622	0.01159	0.01767	0.02249	0.25383	0.08814	0.46184	0.01758	0.00867	0.00246	0.00376	0.04231	0.00712	0.00637
3	0.01727	0.01781	0.05681	0.05247	0.44586	0.05995	0.01876	0.02330	0.09282	0.02415	0.06829	0.02386	0.05035	0.00817	0.00734	0.00221	0.00809	0.00743	0.00448	0.01058
4	0.01807	0.01283	0.01538	0.01114	0.01745	0.00986	0.00897	0.02123	0.01605	0.14014	0.01562	0.01673	0.01200	0.00600	0.00571	0.00128	0.00552	0.00482	0.00511	0.65609
5	0.00973	0.00744	0.00895	0.00867	0.01065	0.00666	0.00657	0.01258	0.01897	0.02542	0.44438	0.06107	0.29423	0.01635	0.00864	0.00239	0.00365	0.03955	0.00750	0.00659
6	0.16322	0.01266	0.01581	0.01236	0.01779	0.01165	0.01020	0.03302	0.01936	0.58931	0.02550	0.02253	0.01626	0.00861	0.00683	0.00225	0.00609	0.00673	0.00823	0.01160
7	0.01106	0.00800	0.01083	0.01190	0.01358	0.00778	0.01001	0.01423	0.01744	0.02308	0.18452	0.10353	0.09342	0.01894	0.00959	0.00304	0.00566	0.43973	0.00699	0.00666
8	0.00886	0.00633	0.00843	0.01012	0.01054	0.00590	0.00675	0.01012	0.01392	0.01856	0.04006	0.73979	0.04808	0.02277	0.00928	0.00295	0.00422	0.02066	0.00675	0.00590
9	0.01355	0.00678	0.00678	0.00678	0.00847	0.00678	0.00508	0.01694	0.01524	0.02710	0.02371	0.02710	0.01863	0.00847	0.00508	0.00169	0.00339	0.00678	0.78489	0.00678
10	0.79588	0.01406	0.01068	0.00956	0.01406	0.01631	0.00787	0.02137	0.01237	0.03261	0.01012	0.01181	0.00787	0.00675	0.00450	0.00225	0.00562	0.00394	0.00450	0.00787
11	0.01590	0.01590	0.02226	0.01908	0.01908	0.02226	0.01590	0.01749	0.01113	0.01749	0.00954	0.01590	0.00954	0.01272	0.02385	0.00318	0.73123	0.00636	0.00318	0.00795
12	0.10445	0.01263	0.01518	0.01242	0.01702	0.01242	0.01003	0.06673	0.12504	0.37348	0.14376	0.02858	0.02621	0.00992	0.00726	0.00229	0.00568	0.00809	0.00801	0.01080
13	0.03209	0.01321	0.01739	0.01333	0.01898	0.01193	0.01101	0.10277	0.02221	0.63490	0.02750	0.02397	0.01740	0.00897	0.00731	0.00224	0.00638	0.00723	0.00882	0.01237
14	0.01567	0.01331	0.01538	0.01117	0.01750	0.01055	0.00894	0.04281	0.04755	0.02480	0.01387	0.01573	0.01136	0.00572	0.00555	0.00118	0.00549	0.00457	0.00456	0.72429
15	0.00877	0.00733	0.00764	0.00764	0.00995	0.00620	0.00570	0.01076	0.01689	0.02058	0.13630	0.09133	0.60959	0.01819	0.00861	0.00245	0.00367	0.01530	0.00688	0.00620
16	0.02618	0.01268	0.01598	0.01290	0.01765	0.01216	0.01043	0.07691	0.13553	0.43428	0.13560	0.02941	0.02648	0.01007	0.00753	0.00229	0.00579	0.00835	0.00844	0.01133
17	0.01943	0.74891	0.03809	0.01244	0.01866	0.02876	0.01244	0.02177	0.01477	0.01710	0.01011	0.01166	0.00933	0.00622	0.00466	0.00155	0.00777	0.00389	0.00311	0.00933
18	0.00905	0.00647	0.00866	0.01035	0.01086	0.00608	0.00709	0.01046	0.01411	0.01878	0.03995	0.69409	0.04764	0.02259	0.00933	0.00298	0.00439	0.06441	0.00674	0.00596
19	0.35954	0.04947	0.01489	0.01128	0.01621	0.01441	0.00938	0.06292	0.01726	0.30178	0.01883	0.01827	0.01293	0.00784	0.00583	0.00218	0.00595	0.00561	0.05552	0.00993
20	0.00901	0.00731	0.00799	0.00797	0.01011	0.00629	0.00592	0.01119	0.01734	0.02181	0.21846	0.11212	0.50333	0.01787	0.00863	0.00245	0.00366	0.01519	0.00705	0.00629
21	0.01444	0.00763	0.00772	0.00740	0.00935	0.00777	0.00563	0.05836	0.01644	0.02828	0.02332	0.02649	0.01824	0.00849	0.00522	0.00172	0.00368	0.00676	0.73594	0.00713
22	0.01413	0.16372	0.01804	0.08473	0.01748	0.04014	0.01015	0.01769	0.06007	0.01942	0.09432	0.02956	0.02246	0.16204	0.14800	0.00487	0.03534	0.00781	0.04266	0.00736
23	0.01507	0.01292	0.01507	0.01077	0.01723	0.00969	0.00861	0.01830	0.01507	0.02369	0.01292	0.01507	0.01077	0.00538	0.00538	0.00108	0.00538	0.00431	0.00431	0.78898
24	0.01522	0.01032	0.01192	0.01099	0.01399	0.01030	0.00839	0.02271	0.20717	0.12704	0.15913	0.13964	0.20470	0.01455	0.00815	0.00247	0.00467	0.01246	0.00749	0.00869
25	0.01963	0.01468	0.04494	0.01330	0.01740	0.03918	0.01096	0.14699	0.16218	0.14609	0.14489	0.07875	0.08558	0.01200	0.00781	0.00237	0.00609	0.02993	0.00731	0.00991
26	0.01632	0.11141	0.01601	0.01114	0.01473	0.01240	0.00900	0.05162	0.09014	0.11683	0.29230	0.08010	0.07184	0.01209	0.00751	0.00216	0.00505	0.01023	0.00697	0.06215

[dist]
# distance from previous block
# <min> <max>
6	21

[block]
# block no. 4 follows, 28 sequences, length 58
# corresponding to MSA columns:
# 138-195
name=unknown_E
#
# <colnr> <probs for GDERKNQSTAVLIFYWHMCP>
#	G	D	E	R	K	N	Q	S	T	A	V	L	I	F	Y	W	H	M	C	P
0	0.02174	0.01627	0.03782	0.06360	0.02088	0.01682	0.01202	0.34369	0.07133	0.08221	0.01950	0.02468	0.01593	0.15738	0.01317	0.00314	0.00755	0.00735	0.00624	0.05867
1	0.10228	0.11254	0.04794	0.01350	0.01794	0.05153	0.01153	0.21288	0.05200	0.05397	0.18282	0.04372	0.02645	0.01009	0.00744	0.00219	0.02760	0.00785	0.00619	0.00955
2	0.06253	0.19793	0.02421	0.01788	0.06941	0.35426	0.01351	0.06232	0.01857	0.02049	0.01424	0.01620	0.03885	0.00901	0.02515	0.00218	0.03513	0.00528	0.00394	0.00890
3	0.03997	0.03608	0.01499	0.01217	0.01468	0.02935	0.07969	0.06040	0.01544	0.02402	0.01956	0.02618	0.01678	0.10091	0.10665	0.00390	0.05301	0.00727	0.33157	0.00739
4	0.50689	0.01448	0.01340	0.04776	0.01739	0.01638	0.00960	0.12138	0.04660	0.08010	0.01431	0.01551	0.01061	0.00747	0.00542	0.00223	0.00611	0.00505	0.05034	0.00897
5	0.03228	0.01290	0.01720	0.01319	0.01882	0.01147	0.01089	0.07795	0.02169	0.66045	0.02793	0.02426	0.01762	0.00898	0.00731	0.00224	0.00631	0.00726	0.00888	0.01237
6	0.00895	0.00639	0.00854	0.01023	0.01069	0.00598	0.00691	0.01028	0.01401	0.01866	0.04001	0.71883	0.04788	0.02269	0.00930	0.00296	0.00430	0.04073	0.00675	0.00593
7	0.00900	0.00709	0.00802	0.00838	0.01008	0.00622	0.00600	0.01084	0.01621	0.02053	0.15494	0.24292	0.40381	0.05014	0.00999	0.00276	0.00393	0.01621	0.00683	0.00611
8	0.02763	0.02036	0.02182	0.01672	0.02254	0.02254	0.01382	0.67496	0.03418	0.04581	0.01745	0.01745	0.01236	0.00873	0.00727	0.00218	0.00800	0.00654	0.00727	0.01236
9	0.03106	0.01203	0.01637	0.01267	0.01802	0.01042	0.01042	0.03392	0.02079	0.65735	0.07497	0.02679	0.02151	0.00940	0.00740	0.00225	0.00599	0.00772	0.00893	0.01199
10	0.01418	0.00738	0.00745	0.00722	0.00910	0.00748	0.00547	0.04632	0.01609	0.02794	0.02343	0.02667	0.01835	0.00848	0.00518	0.00172	0.00359	0.00676	0.75017	0.00702
11	0.07320	0.01476	0.01610	0.01499	0.05237	0.01642	0.01115	0.15318	0.33747	0.05173	0.04421	0.05219	0.02060	0.00972	0.00699	0.00230	0.00593	0.00795	0.09822	0.01053
12	0.01943	0.74891	0.03809	0.01244	0.01866	0.02876	0.01244	0.02177	0.01477	0.01710	0.01011	0.01166	0.00933	0.00622	0.00466	0.00155	0.00777	0.00389	0.00311	0.00933
13	0.74491	0.01448	0.01142	0.01003	0.01462	0.01672	0.00827	0.06473	0.01382	0.03349	0.01061	0.01218	0.00817	0.00688	0.00468	0.00224	0.00578	0.00411	0.00468	0.00817
14	0.01050	0.00750	0.00976	0.00953	0.01104	0.00707	0.00717	0.01352	0.01892	0.02646	0.53478	0.05695	0.06031	0.10110	0.01209	0.00298	0.00426	0.09209	0.00742	0.00655
15	0.00900	0.00643	0.00860	0.01029	0.01077	0.00603	0.00700	0.01037	0.01406	0.01872	0.03998	0.70604	0.04776	0.02264	0.00932	0.00297	0.00434	0.05297	0.00674	0.00594
16	0.01449	0.00768	0.00778	0.00744	0.00940	0.00782	0.00566	0.06069	0.01650	0.02834	0.02330	0.02646	0.01821	0.00849	0.00523	0.00173	0.00369	0.00676	0.73318	0.00715
17	0.01025	0.00766	0.00954	0.00909	0.01096	0.00709	0.00681	0.01394	0.04195	0.02742	0.55842	0.07632	0.16246	0.01547	0.00856	0.00234	0.00357	0.01354	0.00775	0.00687
18	0.01263	0.00631	0.00947	0.00947	0.00947	0.00631	0.00631	0.00947	0.00947	0.01263	0.01263	0.02210	0.01263	0.02525	0.02841	0.78851	0.00631	0.00631	0.00316	0.00316
19	0.07872	0.01994	0.02107	0.01625	0.02198	0.02213	0.01342	0.63149	0.03273	0.04493	0.01696	0.01708	0.01206	0.00859	0.00709	0.00219	0.00784	0.00637	0.00709	0.01206
20	0.01423	0.01343	0.02271	0.64702	0.12621	0.01628	0.02044	0.01901	0.01477	0.01918	0.01301	0.01922	0.00990	0.00717	0.00726	0.00239	0.00957	0.00646	0.00327	0.00848
21	0.13840	0.08896	0.02032	0.04435	0.02098	0.06900	0.01223	0.26364	0.02359	0.22195	0.01817	0.01788	0.01266	0.00812	0.00658	0.00214	0.00757	0.00598	0.00652	0.01095
22	0.02763	0.02036	0.02182	0.01672	0.02254	0.02254	0.01382	0.67496	0.03418	0.04581	0.01745	0.01745	0.01236	0.00873	0.00727	0.00218	0.00800	0.00654	0.00727	0.01236
23	0.76297	0.01433	0.01116	0.00987	0.01442	0.01657	0.00813	0.04937	0.01330	0.03318	0.01044	0.01205	0.00806	0.00683	0.00462	0.00225	0.00572	0.00405	0.00462	0.00806
24	0.01612	0.01655	0.02586	0.02110	0.02238	0.02159	0.13031	0.01850	0.01218	0.01850	0.01044	0.01655	0.00980	0.01157	0.02119	0.00305	0.60602	0.00675	0.00327	0.00827
25	0.01355	0.00678	0.00678	0.00678	0.00847	0.00678	0.00508	0.01694	0.01524	0.02710	0.02371	0.02710	0.01863	0.00847	0.00508	0.00169	0.00339	0.00678	0.78489	0.00678
26	0.01465	0.01341	0.02180	0.67983	0.04823	0.01657	0.01976	0.06222	0.01584	0.02038	0.01322	0.01925	0.00987	0.00736	0.00727	0.00241	0.00958	0.00647	0.00350	0.00836
27	0.01385	0.01234	0.02030	0.61976	0.06689	0.01509	0.01849	0.01851	0.01469	0.01975	0.01421	0.02024	0.01080	0.00738	0.00701	0.00233	0.00892	0.00650	0.09493	0.00804
28	0.01373	0.01292	0.02180	0.72707	0.05006	0.01615	0.02019	0.01857	0.01453	0.01857	0.01292	0.01938	0.00969	0.00727	0.00727	0.00242	0.00969	0.00646	0.00323	0.00807
29	0.01373	0.01292	0.02180	0.72707	0.05006	0.01615	0.02019	0.01857	0.01453	0.01857	0.01292	0.01938	0.00969	0.00727	0.00727	0.00242	0.00969	0.00646	0.00323	0.00807
30	0.01795	0.01739	0.03019	0.04390	0.66527	0.01733	0.05568	0.02236	0.01658	0.02372	0.01373	0.01807	0.01149	0.00646	0.00727	0.00217	0.00882	0.00658	0.00360	0.01143
31	0.00954	0.00682	0.00922	0.01091	0.01163	0.00650	0.00794	0.01131	0.01459	0.01933	0.03968	0.58156	0.04658	0.02213	0.00946	0.00305	0.00481	0.17212	0.00673	0.00609
32	0.01507	0.01292	0.01507	0.01077	0.01723	0.00969	0.00861	0.01830	0.01507	0.02369	0.01292	0.01507	0.01077	0.00538	0.00538	0.00108	0.00538	0.00431	0.00431	0.78898
33	0.01785	0.01338	0.01574	0.01142	0.01774	0.01069	0.00920	0.06576	0.01702	0.09921	0.01495	0.01629	0.01166	0.00601	0.00572	0.00128	0.00565	0.00479	0.00502	0.65062
34	0.01263	0.00631	0.00947	0.00947	0.00947	0.00631	0.00631	0.00947	0.00947	0.01263	0.01263	0.02210	0.01263	0.02525	0.02841	0.78851	0.00631	0.00631	0.00316	0.00316
35	0.01259	0.00797	0.01052	0.00971	0.01181	0.00731	0.00745	0.01595	0.02043	0.09655	0.60034	0.05252	0.06237	0.01450	0.00851	0.00233	0.00385	0.03986	0.00805	0.00740
36	0.79588	0.01406	0.01068	0.00956	0.01406	0.01631	0.00787	0.02137	0.01237	0.03261	0.01012	0.01181	0.00787	0.00675	0.00450	0.00225	0.00562	0.00394	0.00450	0.00787
37	0.02411	0.01949	0.01963	0.01595	0.02101	0.06874	0.01285	0.41973	0.22305	0.03840	0.02263	0.02191	0.04020	0.00933	0.00731	0.00225	0.00754	0.00723	0.00704	0.01161
38	0.01507	0.01292	0.01507	0.01077	0.01723	0.00969	0.00861	0.01830	0.01507	0.02369	0.01292	0.01507	0.01077	0.00538	0.00538	0.00108	0.00538	0.00431	0.00431	0.78898
39	0.02007	0.01496	0.01751	0.06610	0.02048	0.01663	0.01203	0.38169	0.02462	0.03317	0.02039	0.10378	0.01814	0.05577	0.15577	0.00449	0.01002	0.00860	0.00608	0.00971
40	0.01057	0.00880	0.00962	0.01024	0.01205	0.04311	0.00792	0.01284	0.01670	0.02091	0.12422	0.21122	0.28889	0.01880	0.00899	0.00273	0.00500	0.17423	0.00672	0.00642
41	0.00912	0.00715	0.00826	0.00848	0.01027	0.00629	0.00617	0.01128	0.01709	0.02205	0.23953	0.21713	0.37446	0.01841	0.00874	0.00252	0.00373	0.01593	0.00710	0.00629
42	0.01486	0.01338	0.02290	0.42221	0.03833	0.01532	0.13377	0.04103	0.01566	0.02181	0.01519	0.02060	0.01162	0.00754	0.00776	0.00232	0.03702	0.00689	0.14351	0.00829
43	0.02098	0.01465	0.01648	0.01382	0.01868	0.01532	0.01094	0.05443	0.41824	0.17274	0.02637	0.02440	0.01918	0.00893	0.00705	0.00219	0.00586	0.00735	0.00724	0.13514
44	0.00916	0.00653	0.00838	0.00965	0.01016	0.00612	0.00637	0.01037	0.01388	0.01849	0.07118	0.58051	0.07340	0.12377	0.01312	0.00347	0.00455	0.01865	0.00648	0.00575
45	0.05311	0.01273	0.01461	0.01068	0.01683	0.00987	0.00851	0.01815	0.01490	0.02394	0.01378	0.04159	0.01200	0.00609	0.00548	0.00120	0.00535	0.00489	0.00441	0.72187
46	0.02203	0.05882	0.19253	0.01684	0.02330	0.01965	0.01635	0.38890	0.04793	0.03505	0.01689	0.01978	0.01292	0.00972	0.00857	0.05441	0.00844	0.03119	0.00573	0.01095
47	0.02401	0.03153	0.11389	0.01955	0.05185	0.48213	0.01583	0.05417	0.09830	0.02132	0.01398	0.01543	0.01105	0.00769	0.00676	0.00202	0.01154	0.00534	0.00421	0.00939
48	0.01667	0.01347	0.01850	0.22939	0.07478	0.01274	0.01341	0.04548	0.01619	0.07400	0.01433	0.01739	0.01110	0.00643	0.00629	0.00169	0.00707	0.00542	0.00440	0.41126
49	0.01373	0.01292	0.02180	0.72707	0.05006	0.01615	0.02019	0.01857	0.01453	0.01857	0.01292	0.01938	0.00969	0.00727	0.00727	0.00242	0.00969	0.00646	0.00323	0.00807
50	0.01038	0.00779	0.01168	0.01168	0.01298	0.00909	0.00909	0.01298	0.01168	0.01687	0.01947	0.02856	0.01817	0.05452	0.71573	0.01168	0.01947	0.00779	0.00389	0.00649
51	0.01165	0.00775	0.01003	0.00927	0.01130	0.00706	0.00702	0.01493	0.02031	0.07328	0.60796	0.05342	0.10881	0.01472	0.00849	0.00230	0.00363	0.01291	0.00798	0.00717
52	0.01355	0.00678	0.00678	0.00678	0.00847	0.00678	0.00508	0.01694	0.01524	0.02710	0.02371	0.02710	0.01863	0.00847	0.00508	0.00169	0.00339	0.00678	0.78489	0.00678
53	0.00944	0.00740	0.00854	0.00825	0.01034	0.00650	0.00619	0.01207	0.01857	0.02439	0.38443	0.06213	0.38248	0.01664	0.00858	0.00237	0.00356	0.01424	0.00738	0.00650
54	0.32583	0.01297	0.01409	0.01150	0.01647	0.01307	0.00943	0.02947	0.04994	0.38703	0.02138	0.01995	0.01432	0.00815	0.00615	0.00224	0.00584	0.00603	0.03574	0.01039
55	0.01453	0.00772	0.00782	0.00747	0.00945	0.00787	0.00569	0.06263	0.01656	0.02840	0.02328	0.02643	0.01820	0.00849	0.00523	0.00173	0.00371	0.00676	0.73090	0.00716
56	0.01915	0.01300	0.01437	0.01209	0.01531	0.01443	0.00972	0.28426	0.02235	0.03314	0.01984	0.02256	0.01543	0.01306	0.07205	0.00290	0.05513	0.00675	0.34536	0.00910
57	0.01281	0.00898	0.01050	0.00989	0.01098	0.00941	0.00663	0.10448	0.01466	0.01983	0.04795	0.09246	0.02650	0.46632	0.12203	0.00651	0.00853	0.01047	0.00505	0.00601

[dist]
# distance from previous block
# <min> <max>
3	20

[block]
# block no. 5 follows, 28 sequences, length 10
# corresponding to MSA columns:
# 216-225
name=unknown_F
#
# <colnr> <probs for GDERKNQSTAVLIFYWHMCP>
#	G	D	E	R	K	N	Q	S	T	A	V	L	I	F	Y	W	H	M	C	P
0	0.01448	0.10113	0.57710	0.01892	0.02825	0.01694	0.02357	0.02166	0.01516	0.02204	0.01537	0.08472	0.01296	0.00837	0.00692	0.00229	0.00984	0.00670	0.00343	0.01014
1	0.16567	0.01234	0.01460	0.01231	0.01627	0.01254	0.04663	0.05719	0.12532	0.11078	0.18473	0.07078	0.06051	0.01086	0.00718	0.00226	0.00550	0.00913	0.00666	0.06873
2	0.01658	0.01226	0.01392	0.01248	0.01533	0.01294	0.00947	0.25886	0.05969	0.03034	0.10558	0.28746	0.06380	0.05425	0.00980	0.00276	0.00574	0.01310	0.00699	0.00865
3	0.11792	0.07795	0.08157	0.01215	0.01667	0.01306	0.01087	0.04391	0.06871	0.17630	0.09234	0.09078	0.11600	0.01178	0.00726	0.00235	0.00598	0.03877	0.00647	0.00916
4	0.01941	0.59028	0.03457	0.01569	0.07800	0.07928	0.01324	0.02189	0.01520	0.01772	0.01101	0.01324	0.01000	0.00895	0.04351	0.00218	0.00889	0.00438	0.00324	0.00930
5	0.05807	0.01783	0.11926	0.25000	0.18585	0.01635	0.01844	0.05908	0.09686	0.02420	0.01987	0.02277	0.06417	0.00825	0.00717	0.00233	0.00835	0.00707	0.00436	0.00974
6	0.07071	0.19138	0.51166	0.01812	0.02744	0.01944	0.02237	0.02263	0.01501	0.02240	0.01220	0.01429	0.00914	0.00674	0.00625	0.00213	0.00973	0.00495	0.00318	0.01023
7	0.01725	0.01337	0.01447	0.01242	0.01572	0.05240	0.00967	0.15697	0.05265	0.06115	0.09005	0.03588	0.08241	0.13223	0.05288	0.00352	0.03381	0.05378	0.00598	0.10339
8	0.08428	0.01732	0.03314	0.02443	0.03023	0.01711	0.43913	0.02125	0.01567	0.02322	0.01497	0.05832	0.01263	0.00779	0.00969	0.00241	0.09214	0.00819	0.00392	0.08419
9	0.01916	0.02019	0.01950	0.01784	0.03904	0.22691	0.01393	0.06679	0.01655	0.02041	0.01469	0.02284	0.01379	0.01528	0.08503	0.00346	0.26572	0.06788	0.00412	0.04689

[dist]
# distance from previous block
# <min> <max>
0	3

[block]
# block no. 6 follows, 28 sequences, length 37
# corresponding to MSA columns:
# 229-265
name=unknown_G
#
# <colnr> <probs for GDERKNQSTAVLIFYWHMCP>
#	G	D	E	R	K	N	Q	S	T	A	V	L	I	F	Y	W	H	M	C	P
0	0.02103	0.01606	0.01786	0.01373	0.01914	0.01609	0.01113	0.36674	0.02581	0.03591	0.09247	0.04274	0.01921	0.00875	0.00686	0.00186	0.00652	0.00698	0.00637	0.26473
1	0.01714	0.01641	0.02797	0.18041	0.57003	0.01705	0.02189	0.02157	0.01615	0.02272	0.01352	0.01827	0.01115	0.00663	0.00721	0.00221	0.00885	0.00647	0.00352	0.01083
2	0.01434	0.00754	0.00762	0.00733	0.00926	0.00766	0.00557	0.05378	0.01630	0.02815	0.02336	0.02656	0.01828	0.00848	0.00520	0.00172	0.00365	0.00676	0.74136	0.00709
3	0.01951	0.01601	0.01701	0.01494	0.01927	0.01833	0.01172	0.10508	0.59809	0.05207	0.02829	0.02604	0.02104	0.00972	0.00738	0.00243	0.00600	0.00802	0.00743	0.01162
4	0.00992	0.00734	0.00925	0.00893	0.01067	0.00668	0.00664	0.01294	0.01948	0.02690	0.55091	0.10425	0.16720	0.01597	0.00862	0.00236	0.00352	0.01402	0.00772	0.00668
5	0.00988	0.00729	0.00924	0.00902	0.01068	0.00664	0.00666	0.01283	0.01922	0.02657	0.53128	0.14023	0.15083	0.01631	0.00866	0.00239	0.00356	0.01436	0.00768	0.00664
6	0.00888	0.00738	0.00776	0.00767	0.01000	0.00626	0.00575	0.01099	0.01725	0.02125	0.17927	0.06730	0.58960	0.01781	0.00859	0.00243	0.00364	0.01497	0.00696	0.00626
7	0.01003	0.00742	0.00936	0.00887	0.01070	0.00675	0.00665	0.01322	0.01996	0.02770	0.60047	0.05669	0.16438	0.01540	0.00858	0.00231	0.00347	0.01348	0.00781	0.00675
8	0.01943	0.74891	0.03809	0.01244	0.01866	0.02876	0.01244	0.02177	0.01477	0.01710	0.01011	0.01166	0.00933	0.00622	0.00466	0.00155	0.00777	0.00389	0.00311	0.00933
9	0.02191	0.01752	0.01859	0.01557	0.02036	0.01987	0.01243	0.29363	0.42482	0.03658	0.02472	0.02325	0.01825	0.00941	0.00735	0.00235	0.00665	0.00755	0.00735	0.01185
10	0.01040	0.00772	0.01133	0.01133	0.01251	0.00889	0.00865	0.01275	0.01158	0.01661	0.01979	0.03034	0.01895	0.11923	0.65207	0.01125	0.01831	0.00805	0.00394	0.00629
11	0.04530	0.08465	0.01877	0.01448	0.01889	0.01913	0.01161	0.14689	0.44827	0.03128	0.02556	0.06336	0.02023	0.00994	0.00713	0.00235	0.00625	0.00807	0.00684	0.01102
12	0.00886	0.00633	0.00843	0.01012	0.01054	0.00590	0.00675	0.01012	0.01392	0.01856	0.04006	0.73979	0.04808	0.02277	0.00928	0.00295	0.00422	0.02066	0.00675	0.00590
13	0.09718	0.01709	0.01736	0.01475	0.01941	0.04708	0.01174	0.18710	0.38143	0.09205	0.02399	0.02256	0.01758	0.00912	0.00704	0.00233	0.00661	0.00718	0.00707	0.01131
14	0.00859	0.00736	0.00736	0.00736	0.00982	0.00614	0.00552	0.01043	0.01657	0.01964	0.07364	0.06996	0.69624	0.01841	0.00859	0.00245	0.00368	0.01534	0.00675	0.00614
15	0.01117	0.00843	0.01044	0.00976	0.01180	0.00820	0.00737	0.01662	0.10178	0.02889	0.58715	0.05165	0.08997	0.01440	0.00843	0.00232	0.00372	0.01264	0.00787	0.00740
16	0.01685	0.01998	0.07293	0.02853	0.03502	0.01885	0.54870	0.02246	0.01622	0.02246	0.01390	0.01888	0.01073	0.00709	0.01064	0.00255	0.11294	0.00811	0.00358	0.00959
17	0.01898	0.01606	0.01694	0.01497	0.01924	0.01850	0.01172	0.09831	0.62492	0.03185	0.02845	0.02621	0.02127	0.00976	0.00738	0.00244	0.00596	0.00806	0.00738	0.01159
18	0.01017	0.00743	0.00955	0.00902	0.01079	0.00681	0.00677	0.01349	0.02030	0.02849	0.65206	0.05539	0.11230	0.01511	0.00857	0.00230	0.00345	0.01330	0.00791	0.00681
19	0.01028	0.00695	0.00810	0.00835	0.00850	0.00685	0.00491	0.01065	0.01161	0.01557	0.05905	0.16104	0.03206	0.59039	0.03106	0.00614	0.00641	0.01235	0.00497	0.00477
20	0.01578	0.01573	0.02224	0.06073	0.02091	0.02190	0.01616	0.01756	0.01133	0.01756	0.00974	0.01611	0.00955	0.01240	0.02288	0.00314	0.68879	0.00637	0.00318	0.00796
21	0.79588	0.01406	0.01068	0.00956	0.01406	0.01631	0.00787	0.02137	0.01237	0.03261	0.01012	0.01181	0.00787	0.00675	0.00450	0.00225	0.00562	0.00394	0.00450	0.00787
22	0.02537	0.02837	0.02167	0.01860	0.02264	0.44368	0.04117	0.16307	0.06165	0.02458	0.01361	0.01534	0.01083	0.00827	0.00827	0.00210	0.07112	0.00558	0.00465	0.00945
23	0.00899	0.00643	0.00855	0.01003	0.01057	0.00599	0.00676	0.01046	0.01454	0.01955	0.10152	0.67550	0.05000	0.02203	0.00921	0.00289	0.00414	0.01996	0.00687	0.00599
24	0.05761	0.01923	0.02053	0.01580	0.02157	0.02092	0.01300	0.56373	0.05489	0.04264	0.01716	0.01734	0.01238	0.00837	0.00699	0.00209	0.00758	0.00629	0.00688	0.08498
25	0.01005	0.00911	0.00857	0.00837	0.01100	0.03754	0.00631	0.01320	0.06337	0.02031	0.06788	0.06452	0.61968	0.01734	0.00842	0.00243	0.00423	0.01439	0.00667	0.00661
26	0.76459	0.01399	0.01094	0.00970	0.01424	0.01608	0.00799	0.02194	0.01272	0.06015	0.01088	0.01234	0.00829	0.00684	0.00461	0.00225	0.00565	0.00407	0.00468	0.00806
27	0.01665	0.01362	0.01598	0.01231	0.01742	0.01251	0.00986	0.12867	0.01781	0.02648	0.01582	0.06678	0.01399	0.00931	0.02862	0.00190	0.06457	0.00617	0.02814	0.49338
28	0.00948	0.00695	0.00877	0.00968	0.01073	0.00628	0.00658	0.01073	0.01398	0.01859	0.04035	0.54277	0.12228	0.06357	0.01119	0.02918	0.00447	0.01780	0.00632	0.06029
29	0.01793	0.01820	0.02534	0.11907	0.46085	0.11547	0.01942	0.02168	0.01664	0.02180	0.01571	0.08516	0.01442	0.00824	0.00731	0.00222	0.00898	0.00755	0.00387	0.01014
30	0.01458	0.01028	0.01165	0.01045	0.01198	0.01095	0.00718	0.16765	0.01627	0.02191	0.02121	0.03819	0.02212	0.48861	0.11092	0.00645	0.00875	0.00929	0.00502	0.00653
31	0.01151	0.00823	0.01143	0.01278	0.01446	0.00815	0.01102	0.01487	0.01728	0.02281	0.13190	0.07806	0.04564	0.01934	0.00983	0.00320	0.00623	0.55966	0.00688	0.00672
32	0.11335	0.13294	0.02013	0.01322	0.01855	0.04669	0.01114	0.12247	0.06697	0.32906	0.02119	0.01989	0.01460	0.00824	0.00648	0.00211	0.00683	0.00621	0.02894	0.01099
33	0.00972	0.00716	0.00910	0.00913	0.01064	0.00654	0.00665	0.01243	0.01848	0.02539	0.45842	0.21625	0.14875	0.01719	0.00874	0.00246	0.00365	0.01520	0.00754	0.00654
34	0.01000	0.00737	0.00907	0.00867	0.01033	0.00674	0.00633	0.01273	0.01868	0.02563	0.50071	0.05653	0.18379	0.09782	0.01178	0.00286	0.00389	0.01328	0.00736	0.00644
35	0.01953	0.01671	0.04943	0.01710	0.02172	0.01668	0.12217	0.31260	0.06295	0.03220	0.02300	0.18509	0.02154	0.05269	0.00961	0.00270	0.00777	0.01039	0.00622	0.00990
36	0.07074	0.01455	0.01601	0.01315	0.01761	0.01480	0.01037	0.30601	0.02302	0.03269	0.02185	0.20602	0.02107	0.01151	0.00718	0.00213	0.00625	0.00956	0.00627	0.18921

[dist]
# distance from previous block
# <min> <max>
1	4

[block]
# block no. 7 follows, 28 sequences, length 23
# corresponding to MSA columns:
# 270-292
name=unknown_H
#
# <colnr> <probs for GDERKNQSTAVLIFYWHMCP>
#	G	D	E	R	K	N	Q	S	T	A	V	L	I	F	Y	W	H	M	C	P
0	0.08129	0.06482	0.44111	0.02080	0.09206	0.01623	0.04572	0.02124	0.01508	0.02310	0.01596	0.10065	0.01397	0.00866	0.00696	0.00233	0.00924	0.00720	0.00370	0.00990
1	0.01722	0.01684	0.02619	0.09991	0.34137	0.04771	0.10557	0.02437	0.13164	0.02380	0.01991	0.02475	0.04169	0.00824	0.00758	0.00233	0.00864	0.03735	0.00450	0.01037
2	0.01651	0.05658	0.22253	0.02056	0.02567	0.08661	0.13084	0.02100	0.01451	0.02004	0.01249	0.01702	0.01042	0.01275	0.07394	0.00334	0.23648	0.00631	0.00335	0.00905
3	0.02576	0.01846	0.02002	0.01561	0.02081	0.02029	0.01275	0.57166	0.03102	0.06334	0.01838	0.01987	0.01366	0.04360	0.03743	0.00277	0.00818	0.00681	0.03802	0.01154
4	0.04784	0.00958	0.01196	0.01065	0.01339	0.00917	0.00820	0.07365	0.02055	0.15701	0.39636	0.13539	0.04904	0.01396	0.00815	0.00236	0.00453	0.01211	0.00782	0.00828
5	0.01197	0.00757	0.00988	0.01038	0.01182	0.00706	0.00768	0.01400	0.01598	0.08529	0.14422	0.33467	0.09134	0.08964	0.01176	0.00321	0.00494	0.12500	0.00692	0.00667
6	0.01066	0.00773	0.01037	0.01145	0.01297	0.00744	0.00934	0.01354	0.01701	0.02254	0.17657	0.19157	0.10151	0.01935	0.00949	0.00299	0.00534	0.35662	0.00698	0.00654
7	0.02178	0.01002	0.01311	0.01085	0.01475	0.00876	0.00866	0.02463	0.02005	0.38352	0.24308	0.04125	0.14367	0.01234	0.00791	0.00229	0.00492	0.01042	0.00832	0.00965
8	0.01990	0.70549	0.03703	0.01282	0.01889	0.07050	0.01254	0.02221	0.01512	0.01714	0.01017	0.01175	0.00933	0.00630	0.00478	0.00157	0.00810	0.00394	0.00315	0.00927
9	0.02571	0.01902	0.02055	0.01598	0.02144	0.02076	0.01307	0.59714	0.03185	0.04284	0.01885	0.06862	0.01482	0.00957	0.00733	0.00218	0.00761	0.00744	0.00710	0.04812
10	0.01429	0.01109	0.04898	0.01101	0.01277	0.01054	0.00830	0.08741	0.01477	0.06270	0.04927	0.06906	0.02447	0.41983	0.07638	0.00567	0.05196	0.00974	0.00508	0.00667
11	0.79588	0.01406	0.01068	0.00956	0.01406	0.01631	0.00787	0.02137	0.01237	0.03261	0.01012	0.01181	0.00787	0.00675	0.00450	0.00225	0.00562	0.00394	0.00450	0.00787
12	0.08385	0.01523	0.02327	0.32999	0.30413	0.04167	0.01906	0.02025	0.01513	0.02155	0.01290	0.01807	0.01040	0.00780	0.00801	0.04095	0.00887	0.00618	0.00350	0.00921
13	0.01373	0.01024	0.01452	0.01343	0.01581	0.01015	0.07324	0.08733	0.05399	0.05571	0.10273	0.38361	0.03935	0.01720	0.00880	0.00273	0.00574	0.07715	0.00677	0.00776
14	0.01635	0.01954	0.07527	0.02793	0.03479	0.01761	0.56111	0.02210	0.01675	0.02275	0.01857	0.02279	0.05951	0.00734	0.00917	0.00248	0.04382	0.00879	0.00384	0.00951
15	0.01220	0.00876	0.01190	0.01172	0.01346	0.00884	0.04823	0.04557	0.04844	0.02243	0.03121	0.30960	0.03307	0.05854	0.06000	0.00352	0.00639	0.10385	0.15534	0.00696
16	0.00975	0.00725	0.00907	0.00895	0.01061	0.00658	0.00658	0.01254	0.01881	0.02573	0.47725	0.15963	0.18699	0.01673	0.00868	0.00242	0.00360	0.01469	0.00757	0.00658
17	0.01923	0.01475	0.01682	0.01251	0.01855	0.01320	0.01010	0.20221	0.02065	0.06316	0.01589	0.04090	0.01284	0.00709	0.00614	0.00151	0.00611	0.00564	0.00545	0.50726
18	0.00918	0.00711	0.00839	0.00887	0.01052	0.00632	0.00648	0.01124	0.01658	0.02136	0.18876	0.27240	0.33675	0.01910	0.00887	0.00262	0.00394	0.04826	0.00700	0.00624
19	0.01847	0.01368	0.01550	0.01322	0.01684	0.01425	0.01028	0.32845	0.02440	0.03312	0.09796	0.26228	0.03023	0.01381	0.00793	0.00236	0.00603	0.01179	0.00694	0.07244
20	0.01736	0.06886	0.17299	0.03749	0.51430	0.01793	0.02263	0.02242	0.01618	0.02316	0.01331	0.01702	0.01089	0.00655	0.00697	0.00215	0.00902	0.00608	0.00345	0.01121
21	0.01861	0.38932	0.22596	0.01654	0.04164	0.11826	0.01690	0.02270	0.01563	0.01907	0.01167	0.01394	0.00980	0.00901	0.04119	0.00234	0.00997	0.00469	0.00324	0.00953
22	0.05847	0.01468	0.01642	0.05773	0.01948	0.01529	0.01085	0.28828	0.04708	0.03272	0.03861	0.05602	0.01661	0.03848	0.00842	0.02248	0.00655	0.00709	0.07762	0.16713

[dist]
# distance from previous block
# <min> <max>
5	18

[block]
# block no. 8 follows, 28 sequences, length 37
# corresponding to MSA columns:
# 311-347
name=unknown_I
#
# <colnr> <probs for GDERKNQSTAVLIFYWHMCP>
#	G	D	E	R	K	N	Q	S	T	A	V	L	I	F	Y	W	H	M	C	P
0	0.01631	0.01420	0.03235	0.01736	0.10940	0.03886	0.01230	0.13904	0.12711	0.02759	0.07666	0.08670	0.13700	0.01333	0.00815	0.00251	0.00651	0.11905	0.00639	0.00917
1	0.06694	0.04044	0.06018	0.01319	0.01747	0.01402	0.01141	0.12887	0.13984	0.08156	0.08869	0.05802	0.08957	0.01214	0.00766	0.00242	0.00623	0.11080	0.00661	0.04396
2	0.01546	0.21737	0.01881	0.01096	0.01437	0.04977	0.00899	0.03988	0.06883	0.04714	0.19872	0.03724	0.12279	0.10701	0.01091	0.00271	0.00606	0.00930	0.00574	0.00794
3	0.01499	0.00938	0.01127	0.01044	0.01228	0.00955	0.00769	0.13250	0.01638	0.02347	0.02115	0.13084	0.02048	0.04577	0.01546	0.26923	0.00569	0.02938	0.16988	0.04418
4	0.08859	0.07063	0.13404	0.12567	0.02442	0.01510	0.03384	0.05457	0.08392	0.10948	0.12473	0.06258	0.02312	0.00961	0.00713	0.00230	0.00725	0.00801	0.00558	0.00942
5	0.02179	0.17304	0.18644	0.01846	0.02454	0.30448	0.05183	0.07255	0.01869	0.02121	0.01202	0.01411	0.00963	0.00731	0.00704	0.00201	0.03657	0.00509	0.00370	0.00949
6	0.54323	0.01543	0.09548	0.01089	0.01532	0.01440	0.00990	0.01937	0.01264	0.02816	0.04123	0.01573	0.01147	0.01002	0.00871	0.12515	0.00626	0.00489	0.00427	0.00744
7	0.01479	0.01094	0.01257	0.01190	0.01403	0.01154	0.00866	0.17580	0.09455	0.02618	0.05020	0.35711	0.03374	0.12757	0.01278	0.00331	0.00572	0.01405	0.00663	0.00791
8	0.04881	0.01851	0.01790	0.01765	0.09790	0.15702	0.01238	0.23199	0.02295	0.02986	0.08514	0.02888	0.06373	0.04556	0.00869	0.00242	0.00793	0.04290	0.05043	0.00936
9	0.06113	0.14930	0.48815	0.01934	0.05062	0.04017	0.02239	0.04877	0.01603	0.02339	0.01255	0.01466	0.00936	0.00686	0.00642	0.00216	0.00986	0.00511	0.00336	0.01037
10	0.38840	0.05331	0.01556	0.13538	0.06458	0.01509	0.01119	0.02061	0.01506	0.07190	0.12579	0.02140	0.01924	0.00828	0.00602	0.00224	0.00631	0.00628	0.00502	0.00835
11	0.53050	0.06281	0.20909	0.01288	0.01924	0.01718	0.01350	0.02186	0.01335	0.02901	0.01095	0.01280	0.00833	0.00676	0.00519	0.00222	0.00719	0.00434	0.00401	0.00877
12	0.01421	0.01369	0.02318	0.01824	0.02233	0.02925	0.25664	0.05956	0.01778	0.02379	0.11835	0.18117	0.11283	0.01270	0.00892	0.00247	0.02914	0.01212	0.00553	0.03810
13	0.01359	0.00824	0.01066	0.00991	0.01225	0.00734	0.00743	0.01632	0.01855	0.13133	0.36395	0.20081	0.09903	0.01546	0.00836	0.00238	0.00416	0.01359	0.00759	0.04906
14	0.00990	0.00741	0.00922	0.00904	0.01085	0.00673	0.00683	0.01283	0.01904	0.02590	0.47491	0.09734	0.21229	0.01644	0.00870	0.00243	0.00373	0.05222	0.00756	0.00663
15	0.02683	0.01736	0.01937	0.01514	0.02041	0.01855	0.01239	0.48215	0.02953	0.16986	0.02121	0.06070	0.01579	0.00957	0.00729	0.00222	0.00721	0.00751	0.04520	0.01172
16	0.01010	0.00727	0.00845	0.00822	0.00965	0.00672	0.00574	0.01217	0.01649	0.02242	0.31137	0.05504	0.21819	0.21579	0.01619	0.00360	0.00449	0.01266	0.04945	0.00599
17	0.02531	0.01163	0.01481	0.01204	0.01655	0.01055	0.00968	0.09159	0.02079	0.44296	0.05806	0.10143	0.12806	0.01197	0.00774	0.00234	0.00569	0.00998	0.00822	0.01058
18	0.01909	0.01712	0.01701	0.01654	0.06255	0.10530	0.01206	0.03330	0.45028	0.06312	0.02968	0.02967	0.06919	0.01028	0.00745	0.00239	0.00678	0.03090	0.00670	0.01060
19	0.01443	0.01107	0.01561	0.21458	0.02404	0.01272	0.04086	0.05317	0.05239	0.02356	0.03849	0.02533	0.01683	0.05415	0.06144	0.00317	0.06016	0.00728	0.26295	0.00777
20	0.60954	0.01551	0.05743	0.10382	0.02007	0.01659	0.01105	0.02094	0.01279	0.02950	0.01065	0.01320	0.00827	0.00709	0.00587	0.00232	0.03863	0.00446	0.00418	0.00809
21	0.02199	0.04659	0.02266	0.01905	0.03984	0.39938	0.09277	0.02534	0.04239	0.01972	0.01302	0.01587	0.01084	0.01038	0.05336	0.00256	0.04664	0.00554	0.00390	0.10815
22	0.00990	0.00744	0.00912	0.00918	0.01076	0.00690	0.00664	0.01299	0.04202	0.02420	0.36519	0.21993	0.18515	0.04527	0.00979	0.00267	0.00389	0.01510	0.00729	0.00656
23	0.00943	0.00707	0.00865	0.00892	0.01038	0.00640	0.00638	0.01168	0.01718	0.02296	0.31352	0.25951	0.22607	0.04612	0.00988	0.00271	0.00387	0.01583	0.00717	0.00629
24	0.11160	0.01218	0.01568	0.01229	0.01751	0.01099	0.01010	0.03232	0.01990	0.58294	0.07642	0.02558	0.02070	0.00920	0.00711	0.00225	0.00592	0.00739	0.00845	0.01148
25	0.01157	0.00835	0.00972	0.00983	0.01088	0.00843	0.00656	0.06101	0.05818	0.01999	0.05873	0.29617	0.07028	0.31367	0.02021	0.00448	0.00568	0.01413	0.00593	0.00618
26	0.01004	0.00723	0.00914	0.00912	0.01042	0.00674	0.00653	0.01248	0.01757	0.02423	0.42228	0.15991	0.10393	0.13056	0.01318	0.00318	0.00425	0.03585	0.00711	0.00627
27	0.01220	0.00917	0.01192	0.01184	0.01314	0.01004	0.00876	0.09398	0.01538	0.02109	0.02808	0.34829	0.03090	0.07573	0.22130	0.00572	0.05642	0.01353	0.00559	0.00692
28	0.09099	0.01848	0.09857	0.12688	0.36991	0.01698	0.01950	0.05840	0.05227	0.02537	0.01419	0.01763	0.01125	0.00691	0.00685	0.00219	0.00839	0.00611	0.00401	0.04511
29	0.04918	0.20202	0.02322	0.01588	0.03885	0.18434	0.01263	0.06428	0.28650	0.02485	0.01867	0.01869	0.01466	0.00814	0.00640	0.00207	0.00817	0.00602	0.00526	0.01016
