[name]
unknown

[dist]
# distance from previous block
# <min> <max>
35	208

[block]
# block no. 0 follows, 28 sequences, length 27
# corresponding to MSA columns:
# 220-246
name=unknown_A
#
# <colnr> <probs for GDERKNQSTAVLIFYWHMCP>
#	G	D	E	R	K	N	Q	S	T	A	V	L	I	F	Y	W	H	M	C	P
0	0.01075	0.00802	0.01090	0.01127	0.05211	0.00748	0.00778	0.01423	0.02033	0.02883	0.65451	0.05212	0.06517	0.01436	0.00849	0.00228	0.00374	0.01275	0.00774	0.00714
1	0.01778	0.01965	0.04163	0.02980	0.03706	0.01863	0.63331	0.06233	0.01818	0.02463	0.01487	0.01948	0.01111	0.00628	0.00850	0.00243	0.01200	0.00846	0.00389	0.00996
2	0.01848	0.01187	0.01296	0.01129	0.01404	0.07206	0.00849	0.06438	0.01906	0.19037	0.25505	0.03837	0.03610	0.16699	0.04529	0.00365	0.00674	0.00974	0.00688	0.00819
3	0.01171	0.00837	0.01171	0.01339	0.01506	0.00837	0.01171	0.01506	0.01673	0.02175	0.03849	0.08199	0.04183	0.02008	0.01004	0.00335	0.00669	0.65027	0.00669	0.00669
4	0.01508	0.11126	0.63762	0.01986	0.03014	0.01811	0.02536	0.02289	0.01529	0.02241	0.01274	0.01497	0.00922	0.00683	0.00667	0.00222	0.01044	0.00522	0.00307	0.01060
5	0.01733	0.01660	0.02831	0.15059	0.59840	0.01710	0.02198	0.02173	0.01624	0.02294	0.01356	0.01821	0.01123	0.00660	0.00721	0.00220	0.00880	0.00647	0.00354	0.01098
6	0.01650	0.02007	0.08681	0.02669	0.03305	0.04806	0.49372	0.02188	0.01653	0.02224	0.01673	0.09185	0.01450	0.00828	0.00923	0.00250	0.04883	0.00928	0.00392	0.00932
7	0.01765	0.01324	0.01614	0.01373	0.01690	0.01392	0.04749	0.29366	0.02288	0.03079	0.08602	0.24177	0.02989	0.10705	0.01185	0.00306	0.00657	0.01201	0.00661	0.00877
8	0.01777	0.01751	0.02764	0.16267	0.54646	0.05733	0.02146	0.02204	0.01643	0.02250	0.01340	0.01795	0.01107	0.00667	0.00717	0.00219	0.00908	0.00637	0.00354	0.01073
9	0.01295	0.00897	0.01025	0.00952	0.01077	0.00914	0.00640	0.10626	0.01627	0.02232	0.15366	0.08916	0.03372	0.42333	0.02424	0.00496	0.00616	0.01102	0.03470	0.00620
10	0.01629	0.01668	0.03274	0.02431	0.02931	0.01708	0.43361	0.02110	0.01570	0.02287	0.01532	0.02023	0.01208	0.00777	0.01082	0.00245	0.14487	0.00785	0.14001	0.00893
11	0.02385	0.01859	0.01887	0.01516	0.01969	0.06486	0.01200	0.46503	0.08201	0.03719	0.01898	0.02321	0.01542	0.13724	0.01243	0.00303	0.00799	0.00726	0.00655	0.01065
12	0.04742	0.11263	0.02178	0.04847	0.01909	0.03745	0.01391	0.01760	0.01228	0.01809	0.01269	0.05459	0.01255	0.01708	0.10665	0.00393	0.42558	0.00682	0.00352	0.00786
13	0.01136	0.00910	0.01036	0.00975	0.01219	0.00895	0.00740	0.01783	0.15681	0.02640	0.36136	0.05363	0.25731	0.01495	0.00834	0.00238	0.00399	0.01282	0.00748	0.00759
14	0.65869	0.01290	0.01051	0.00949	0.01350	0.01466	0.00770	0.02003	0.01380	0.03201	0.12979	0.01923	0.01848	0.00816	0.00521	0.00226	0.00524	0.00554	0.00511	0.00770
15	0.08976	0.00825	0.00801	0.00761	0.00981	0.00859	0.00585	0.05494	0.01605	0.02870	0.02205	0.02508	0.01724	0.00832	0.00515	0.00178	0.00387	0.00649	0.66527	0.00720
16	0.01235	0.00993	0.01410	0.01325	0.01459	0.01214	0.01054	0.05297	0.01292	0.01869	0.01765	0.02573	0.01635	0.04463	0.55504	0.00966	0.14093	0.00747	0.00397	0.00709
17	0.01432	0.01325	0.02161	0.67918	0.04808	0.01642	0.01968	0.04001	0.03916	0.01986	0.01366	0.01960	0.01022	0.00741	0.00727	0.00242	0.00950	0.00653	0.00351	0.00833
18	0.00886	0.00633	0.00843	0.01012	0.01054	0.00590	0.00675	0.01012	0.01392	0.01856	0.04006	0.73979	0.04808	0.02277	0.00928	0.00295	0.00422	0.02066	0.00675	0.00590
19	0.00912	0.00652	0.00871	0.01025	0.01083	0.00611	0.00705	0.01065	0.01452	0.01944	0.08290	0.65592	0.04905	0.02210	0.00928	0.00293	0.00431	0.05747	0.00683	0.00601
20	0.02115	0.01879	0.02518	0.02835	0.29151	0.07656	0.07592	0.18942	0.06897	0.05687	0.02003	0.02178	0.05562	0.00819	0.00739	0.00221	0.00856	0.00725	0.00524	0.01101
21	0.01263	0.00631	0.00947	0.00947	0.00947	0.00631	0.00631	0.00947	0.00947	0.01263	0.01263	0.02210	0.01263	0.02525	0.02841	0.78851	0.00631	0.00631	0.00316	0.00316
22	0.02763	0.02036	0.02182	0.01672	0.02254	0.02254	0.01382	0.67496	0.03418	0.04581	0.01745	0.01745	0.01236	0.00873	0.00727	0.00218	0.00800	0.00654	0.00727	0.01236
23	0.01447	0.00767	0.00776	0.00743	0.00939	0.00781	0.00565	0.06004	0.01648	0.02833	0.02330	0.02647	0.01822	0.00849	0.00522	0.00173	0.00369	0.00676	0.73395	0.00714
24	0.00902	0.00651	0.00827	0.00960	0.01018	0.00605	0.00636	0.01020	0.01383	0.01818	0.04167	0.59483	0.11283	0.10115	0.01223	0.00335	0.00447	0.01901	0.00649	0.00576
25	0.00886	0.00633	0.00843	0.01012	0.01054	0.00590	0.00675	0.01012	0.01392	0.01856	0.04006	0.73979	0.04808	0.02277	0.00928	0.00295	0.00422	0.02066	0.00675	0.00590
26	0.00900	0.00641	0.00847	0.00998	0.01044	0.00600	0.00664	0.01031	0.01406	0.01883	0.06897	0.67684	0.04801	0.05566	0.01052	0.00311	0.00431	0.01986	0.00670	0.00588

[dist]
# distance from previous block
# <min> <max>
0	1

[block]
# block no. 1 follows, 28 sequences, length 26
# corresponding to MSA columns:
# 248-273
name=unknown_B
#
# <colnr> <probs for GDERKNQSTAVLIFYWHMCP>
#	G	D	E	R	K	N	Q	S	T	A	V	L	I	F	Y	W	H	M	C	P
0	0.01958	0.01938	0.02636	0.06842	0.40344	0.11585	0.04726	0.09298	0.01845	0.02438	0.01386	0.01784	0.01145	0.00967	0.04486	0.00269	0.04264	0.00638	0.00400	0.01050
1	0.02692	0.02001	0.02142	0.01658	0.02227	0.02221	0.01364	0.62773	0.08256	0.04467	0.01835	0.01817	0.01309	0.00881	0.00728	0.00220	0.00783	0.00667	0.00728	0.01230
2	0.01737	0.01941	0.03799	0.05298	0.11858	0.05573	0.50928	0.02281	0.01706	0.02271	0.01532	0.04725	0.01241	0.00693	0.00828	0.00240	0.01146	0.00851	0.00378	0.00973
3	0.01057	0.00705	0.00793	0.00793	0.00793	0.00705	0.00440	0.01057	0.01057	0.01409	0.02290	0.04757	0.02643	0.74454	0.03700	0.00705	0.00705	0.01057	0.00440	0.00440
4	0.02703	0.01414	0.01712	0.01333	0.01874	0.01352	0.01089	0.18226	0.06688	0.38944	0.02793	0.02562	0.06660	0.00934	0.00722	0.00215	0.00632	0.00750	0.00787	0.08610
5	0.02310	0.01606	0.01774	0.01472	0.01946	0.01750	0.01178	0.25828	0.29738	0.14602	0.02704	0.05690	0.04019	0.01017	0.00746	0.00235	0.00648	0.00827	0.00757	0.01153
6	0.01257	0.00793	0.01011	0.00939	0.01159	0.00713	0.00710	0.01552	0.01950	0.10702	0.47196	0.10336	0.15834	0.01529	0.00848	0.00236	0.00385	0.01334	0.00783	0.00733
7	0.02763	0.02036	0.02182	0.01672	0.02254	0.02254	0.01382	0.67496	0.03418	0.04581	0.01745	0.01745	0.01236	0.00873	0.00727	0.00218	0.00800	0.00654	0.00727	0.01236
8	0.01745	0.01672	0.02853	0.13140	0.61664	0.01713	0.02204	0.02183	0.01630	0.02309	0.01358	0.01817	0.01128	0.00658	0.00721	0.00219	0.00877	0.00647	0.00355	0.01108
9	0.02715	0.03464	0.02060	0.01873	0.02247	0.71536	0.01404	0.02903	0.02060	0.01779	0.01124	0.01311	0.00936	0.00749	0.00655	0.00187	0.01311	0.00468	0.00375	0.00843
10	0.07460	0.01246	0.01653	0.01275	0.01831	0.01099	0.01053	0.03465	0.02034	0.66728	0.02766	0.02403	0.01744	0.00887	0.00716	0.00225	0.00615	0.00712	0.00875	0.01212
11	0.01005	0.00702	0.00885	0.00943	0.01011	0.00675	0.00640	0.01154	0.01446	0.01961	0.17891	0.27926	0.04431	0.27817	0.01908	0.00430	0.00528	0.07461	0.00618	0.00565
12	0.01618	0.00994	0.01064	0.00940	0.01202	0.01033	0.00734	0.16429	0.02037	0.03164	0.13238	0.02939	0.02541	0.00957	0.00615	0.00190	0.00443	0.00777	0.48281	0.00804
13	0.01396	0.01316	0.02222	0.68982	0.08550	0.01621	0.02030	0.01878	0.01464	0.01885	0.01296	0.01930	0.00979	0.00722	0.00726	0.00241	0.00963	0.00646	0.00325	0.00826
14	0.01001	0.00722	0.00947	0.00933	0.01080	0.00667	0.00684	0.01302	0.01929	0.02711	0.56901	0.18647	0.06463	0.01639	0.00871	0.00241	0.00358	0.01460	0.00776	0.00667
15	0.07049	0.01273	0.01631	0.01268	0.01806	0.01157	0.01044	0.08057	0.02109	0.57678	0.02974	0.02640	0.06023	0.00946	0.00724	0.00226	0.00613	0.00759	0.00849	0.01174
16	0.02671	0.01615	0.02292	0.01742	0.02323	0.01604	0.13467	0.19674	0.10403	0.32810	0.02333	0.02221	0.01577	0.00850	0.00755	0.00230	0.00772	0.00746	0.00737	0.01179
17	0.05260	0.01170	0.01503	0.01219	0.01674	0.01084	0.00983	0.03051	0.09289	0.45906	0.17479	0.03105	0.02923	0.01030	0.00750	0.00228	0.00551	0.00858	0.00845	0.01091
18	0.01716	0.01961	0.04289	0.03064	0.03799	0.01838	0.67279	0.02328	0.01716	0.02328	0.01471	0.01961	0.01103	0.00613	0.00858	0.00245	0.01225	0.00858	0.00368	0.00980
19	0.03169	0.01258	0.01684	0.01305	0.01858	0.01115	0.01074	0.03563	0.06316	0.66133	0.02874	0.02489	0.01826	0.00905	0.00732	0.00226	0.00616	0.00737	0.00889	0.01232
20	0.02763	0.02036	0.02182	0.01672	0.02254	0.02254	0.01382	0.67496	0.03418	0.04581	0.01745	0.01745	0.01236	0.00873	0.00727	0.00218	0.00800	0.00654	0.00727	0.01236
21	0.00962	0.00701	0.00911	0.01007	0.01099	0.00668	0.00698	0.01228	0.04468	0.02179	0.20786	0.53299	0.05222	0.02018	0.00902	0.00276	0.00408	0.01820	0.00710	0.00639
22	0.00882	0.00648	0.00828	0.00972	0.01044	0.00594	0.00657	0.01017	0.01430	0.01871	0.04496	0.64209	0.14262	0.02214	0.00918	0.00288	0.00414	0.01989	0.00675	0.00594
23	0.06028	0.01686	0.02271	0.05838	0.02231	0.04482	0.06386	0.08240	0.01458	0.02185	0.01112	0.01616	0.00989	0.01070	0.01770	0.00280	0.47028	0.00627	0.00376	0.04327
24	0.01033	0.00838	0.00906	0.00893	0.01126	0.00777	0.00665	0.04275	0.06561	0.02228	0.11829	0.17153	0.45542	0.01774	0.00855	0.00251	0.00409	0.01509	0.00693	0.00683
25	0.12179	0.00921	0.01037	0.00967	0.01203	0.00918	0.00736	0.06317	0.01935	0.02882	0.41804	0.11349	0.12184	0.01441	0.00797	0.00236	0.00418	0.01232	0.00720	0.00724

[dist]
# distance from previous block
# <min> <max>
0	1

[block]
# block no. 2 follows, 28 sequences, length 56
# corresponding to MSA columns:
# 275-330
name=unknown_C
#
# <colnr> <probs for GDERKNQSTAVLIFYWHMCP>
#	G	D	E	R	K	N	Q	S	T	A	V	L	I	F	Y	W	H	M	C	P
0	0.01105	0.00794	0.01069	0.01193	0.01354	0.00772	0.01001	0.01377	0.01643	0.02130	0.08248	0.12190	0.12942	0.01995	0.01052	0.03791	0.00590	0.45449	0.00663	0.00642
1	0.01630	0.04494	0.16757	0.09087	0.07985	0.01793	0.38319	0.02211	0.01603	0.02215	0.01378	0.01835	0.01053	0.00717	0.00899	0.02494	0.03483	0.00734	0.00346	0.00968
2	0.34183	0.01547	0.04389	0.28858	0.03073	0.01705	0.04770	0.09158	0.01593	0.02780	0.01234	0.01587	0.00927	0.00714	0.00617	0.00232	0.00798	0.00548	0.00422	0.00864
3	0.02783	0.02005	0.02162	0.01658	0.02238	0.02207	0.01369	0.64973	0.03365	0.07179	0.01789	0.01774	0.01258	0.00874	0.00727	0.00218	0.00793	0.00657	0.00734	0.01236
4	0.01360	0.00954	0.01069	0.00983	0.01111	0.00980	0.00647	0.13075	0.01532	0.02057	0.02346	0.11502	0.02575	0.51361	0.02777	0.00556	0.00687	0.01074	0.00517	0.02835
5	0.01504	0.01400	0.02190	0.53537	0.04189	0.01782	0.01890	0.05868	0.01503	0.02002	0.01249	0.01853	0.00982	0.00850	0.01074	0.00257	0.16047	0.00644	0.00347	0.00831
6	0.01341	0.02664	0.43812	0.01787	0.02541	0.01377	0.05353	0.01998	0.01652	0.02373	0.12868	0.03321	0.04535	0.01042	0.00777	0.00246	0.00883	0.10041	0.00454	0.00934
7	0.06861	0.01353	0.02282	0.58091	0.04500	0.01611	0.08846	0.01922	0.01469	0.02031	0.01324	0.01911	0.00998	0.00715	0.00715	0.00239	0.00949	0.00652	0.02711	0.00821
8	0.01424	0.01364	0.02365	0.63578	0.09545	0.01637	0.06044	0.01913	0.01484	0.01923	0.01308	0.01930	0.00990	0.00714	0.00734	0.00241	0.00977	0.00659	0.00328	0.00843
9	0.02948	0.04664	0.01807	0.01343	0.01886	0.01336	0.01108	0.07460	0.12343	0.52933	0.02729	0.02407	0.01790	0.00899	0.00720	0.00225	0.00630	0.00725	0.00838	0.01210
10	0.01449	0.00768	0.00778	0.00744	0.00941	0.00783	0.00566	0.06082	0.01651	0.02835	0.02330	0.02646	0.01821	0.00849	0.00523	0.00173	0.00370	0.00676	0.73304	0.00715
11	0.01666	0.01591	0.02695	0.21252	0.51841	0.01667	0.02130	0.02104	0.01605	0.02235	0.01523	0.01985	0.03098	0.00702	0.00725	0.00223	0.00875	0.00673	0.00360	0.01051
12	0.01666	0.01627	0.02878	0.24113	0.43608	0.01707	0.09517	0.02133	0.01603	0.02219	0.01357	0.01858	0.01093	0.00667	0.00737	0.00227	0.00935	0.00671	0.00350	0.01032
13	0.01740	0.01313	0.01590	0.01641	0.09378	0.01404	0.01111	0.11318	0.23886	0.07498	0.02828	0.15576	0.04540	0.09314	0.03225	0.00324	0.00663	0.01042	0.00649	0.00959
14	0.01020	0.00714	0.00848	0.00901	0.00959	0.00693	0.00596	0.01110	0.01270	0.01658	0.03391	0.17641	0.10932	0.43381	0.02512	0.00529	0.00611	0.10175	0.00540	0.00518
15	0.01049	0.00711	0.00809	0.00809	0.00839	0.00710	0.00479	0.01087	0.01118	0.01498	0.02632	0.04749	0.07332	0.63238	0.07590	0.00687	0.00748	0.01065	0.02379	0.00471
16	0.01641	0.01505	0.02091	0.04190	0.01971	0.01943	0.04730	0.09040	0.01415	0.02074	0.01298	0.02101	0.01248	0.11269	0.02204	0.00351	0.47229	0.00709	0.02188	0.00803
17	0.01030	0.00737	0.00935	0.01044	0.01122	0.00716	0.00709	0.05739	0.01513	0.02020	0.03731	0.64230	0.04410	0.06991	0.01098	0.00317	0.00467	0.01899	0.00663	0.00626
18	0.01038	0.00697	0.00798	0.00817	0.00822	0.00692	0.00466	0.01052	0.01094	0.01458	0.02479	0.12359	0.02880	0.66527	0.03395	0.00660	0.00674	0.01168	0.00466	0.00457
19	0.02552	0.01898	0.02042	0.01610	0.02139	0.02100	0.01313	0.57570	0.08602	0.04262	0.02005	0.06957	0.01570	0.00982	0.00742	0.00226	0.00755	0.00768	0.00724	0.01183
20	0.01695	0.02193	0.14624	0.03243	0.19708	0.01787	0.41156	0.02301	0.01672	0.02335	0.01419	0.01853	0.01085	0.00634	0.00798	0.00236	0.01114	0.00755	0.00356	0.01037
21	0.02717	0.01840	0.02031	0.01580	0.02125	0.01988	0.01295	0.54581	0.03109	0.13503	0.02039	0.06285	0.01533	0.00963	0.00740	0.00224	0.00752	0.00752	0.00748	0.01197
22	0.01611	0.01463	0.04115	0.01647	0.05548	0.01188	0.12650	0.03833	0.01621	0.05312	0.01660	0.08376	0.01462	0.00748	0.00658	0.00167	0.00692	0.00691	0.00464	0.46094
23	0.02112	0.49629	0.07488	0.01462	0.02071	0.07309	0.04324	0.04497	0.01647	0.09184	0.01277	0.01407	0.01043	0.00694	0.00611	0.00181	0.03217	0.00478	0.00394	0.00975
24	0.00890	0.00742	0.00779	0.00782	0.01017	0.00631	0.00595	0.01095	0.01692	0.02057	0.12577	0.06921	0.60863	0.01819	0.00866	0.00249	0.00381	0.04735	0.00686	0.00623
25	0.01194	0.00986	0.01235	0.01203	0.01328	0.05307	0.00921	0.01420	0.01224	0.01714	0.01882	0.02858	0.01789	0.11504	0.52828	0.00962	0.06462	0.00773	0.03758	0.00651
26	0.01984	0.03739	0.02535	0.14874	0.34700	0.10430	0.01874	0.11781	0.06386	0.02561	0.01476	0.01799	0.01172	0.00728	0.00709	0.00218	0.00906	0.00631	0.00433	0.01063
27	0.01558	0.01145	0.01301	0.01208	0.01509	0.01195	0.00934	0.10150	0.20633	0.07230	0.09157	0.18798	0.14899	0.01495	0.00825	0.00256	0.00525	0.05572	0.00724	0.00886
28	0.01041	0.00769	0.01117	0.01117	0.01230	0.00881	0.00845	0.01265	0.01153	0.01650	0.01994	0.03113	0.01929	0.14794	0.62384	0.01105	0.01779	0.00816	0.00396	0.00621
29	0.01184	0.00884	0.01078	0.01128	0.01359	0.00861	0.00934	0.01643	0.08572	0.04182	0.07835	0.06939	0.26294	0.01791	0.00913	0.00287	0.00541	0.32166	0.00691	0.00717
30	0.01627	0.24732	0.45205	0.01964	0.05429	0.02049	0.05101	0.02263	0.01530	0.02130	0.01227	0.01454	0.00942	0.00665	0.00633	0.00208	0.00984	0.00512	0.00313	0.01031
31	0.01458	0.03760	0.70688	0.02072	0.03146	0.01688	0.02686	0.02302	0.01535	0.02302	0.01304	0.01535	0.00921	0.00691	0.00691	0.00230	0.01074	0.00537	0.00307	0.01074
32	0.00918	0.00662	0.00861	0.00971	0.01048	0.00614	0.00663	0.01085	0.01524	0.02052	0.16833	0.54786	0.08647	0.04475	0.01002	0.00293	0.00413	0.01859	0.00691	0.00605
33	0.01803	0.01704	0.02770	0.18333	0.47475	0.04695	0.05404	0.02239	0.01651	0.04924	0.01406	0.01842	0.01127	0.00677	0.00726	0.00222	0.00913	0.00654	0.00374	0.01061
34	0.11011	0.38689	0.11574	0.01449	0.02039	0.18118	0.01395	0.02328	0.01608	0.02019	0.03244	0.01383	0.01103	0.00693	0.00549	0.00183	0.00898	0.00456	0.00356	0.00906
35	0.23893	0.01555	0.01675	0.01331	0.01863	0.01636	0.01096	0.23774	0.05151	0.27955	0.02003	0.01896	0.01359	0.00833	0.00653	0.00224	0.00660	0.00618	0.00714	0.01110
36	0.01358	0.01268	0.02127	0.69527	0.04833	0.01574	0.01960	0.01836	0.01480	0.01904	0.04315	0.02093	0.01230	0.00760	0.00733	0.00242	0.00941	0.00676	0.00344	0.00802
37	0.00859	0.00736	0.00736	0.00736	0.00982	0.00614	0.00552	0.01043	0.01657	0.01964	0.07364	0.06996	0.69624	0.01841	0.00859	0.00245	0.00368	0.01534	0.00675	0.00614
38	0.01731	0.01437	0.01624	0.01219	0.01823	0.01271	0.00977	0.11624	0.11047	0.02782	0.01588	0.01708	0.01257	0.00649	0.00593	0.00143	0.00581	0.00517	0.00516	0.56914
39	0.01040	0.00774	0.01142	0.01142	0.01263	0.00894	0.00876	0.01281	0.01160	0.01668	0.01971	0.02988	0.01875	0.10262	0.66842	0.01136	0.01860	0.00798	0.00393	0.00634
40	0.01799	0.01727	0.02950	0.04462	0.69919	0.01727	0.02231	0.02231	0.01655	0.02375	0.01367	0.01799	0.01151	0.00648	0.00720	0.00216	0.00864	0.00648	0.00360	0.01151
41	0.01936	0.60039	0.10735	0.01397	0.02030	0.07609	0.01419	0.02229	0.01513	0.01779	0.01048	0.01228	0.00932	0.00658	0.00562	0.00171	0.03044	0.00418	0.00315	0.00937
42	0.02136	0.01392	0.01495	0.01234	0.01633	0.01501	0.00991	0.29631	0.10365	0.08423	0.02215	0.02289	0.01639	0.00878	0.00644	0.00203	0.00580	0.00689	0.31053	0.01008
43	0.01507	0.01292	0.01507	0.01077	0.01723	0.00969	0.00861	0.01830	0.01507	0.02369	0.01292	0.01507	0.01077	0.00538	0.00538	0.00108	0.00538	0.00431	0.00431	0.78898
44	0.01505	0.10643	0.64216	0.01992	0.03022	0.01803	0.02546	0.02290	0.01529	0.02245	0.01276	0.01499	0.00922	0.00684	0.00669	0.00223	0.01046	0.00523	0.00307	0.01061
45	0.00912	0.00663	0.00851	0.00991	0.01064	0.00617	0.00683	0.01053	0.01425	0.01867	0.04298	0.57746	0.12258	0.06060	0.01073	0.00314	0.00448	0.06424	0.00662	0.00591
46	0.00914	0.00707	0.00840	0.00936	0.01069	0.00645	0.00661	0.01129	0.03602	0.01943	0.05205	0.44907	0.28586	0.02067	0.00899	0.00277	0.00415	0.03903	0.00677	0.00619
47	0.12162	0.00952	0.01019	0.01034	0.01194	0.03922	0.00762	0.04391	0.01427	0.02192	0.02430	0.23664	0.02543	0.01856	0.03838	0.17219	0.00603	0.05517	0.12655	0.00620
48	0.00920	0.00651	0.00845	0.00974	0.01019	0.00613	0.00642	0.01044	0.01392	0.01868	0.08419	0.59280	0.04646	0.12469	0.01316	0.00349	0.00456	0.01870	0.00650	0.00576
49	0.00955	0.00688	0.00919	0.01080	0.01162	0.00652	0.00792	0.01135	0.01473	0.01939	0.04119	0.54734	0.07582	0.02191	0.00943	0.00303	0.00480	0.17566	0.00673	0.00611
50	0.00908	0.00660	0.00861	0.01013	0.01086	0.00614	0.00705	0.01058	0.01442	0.01894	0.04326	0.61669	0.11184	0.02211	0.00928	0.00294	0.00438	0.07436	0.00674	0.00600
51	0.01511	0.11478	0.63431	0.01982	0.03007	0.01817	0.02529	0.02288	0.01528	0.02238	0.01273	0.01495	0.00922	0.00683	0.00666	0.00222	0.01042	0.00521	0.00307	0.01059
52	0.01054	0.00716	0.00849	0.00849	0.00868	0.00735	0.00510	0.01093	0.01074	0.01451	0.02239	0.04473	0.02519	0.64151	0.13834	0.00774	0.00890	0.01016	0.00433	0.00472
53	0.02566	0.01853	0.02012	0.01589	0.02117	0.02037	0.01295	0.53430	0.09680	0.07583	0.02076	0.06777	0.01604	0.00981	0.00742	0.00227	0.00743	0.00771	0.00734	0.01184
54	0.02097	0.01681	0.01731	0.06159	0.02020	0.07322	0.01181	0.32218	0.07181	0.03300	0.02389	0.02556	0.08297	0.03575	0.00885	0.00237	0.03993	0.00756	0.11441	0.00981
55	0.04362	0.01704	0.03960	0.06650	0.08864	0.05167	0.05952	0.16702	0.13401	0.12682	0.06527	0.04527	0.01892	0.00903	0.00734	0.00226	0.00759	0.00768	0.00622	0.03598

[dist]
# distance from previous block
# <min> <max>
0	4

[block]
# block no. 3 follows, 28 sequences, length 345
# corresponding to MSA columns:
# 335-679
name=unknown_D
#
# <colnr> <probs for GDERKNQSTAVLIFYWHMCP>
#	G	D	E	R	K	N	Q	S	T	A	V	L	I	F	Y	W	H	M	C	P
0	0.01745	0.01446	0.01671	0.01231	0.01831	0.01274	0.00997	0.14046	0.01842	0.02748	0.01359	0.01556	0.01100	0.00639	0.00671	0.00139	0.04407	0.00483	0.00480	0.60335
1	0.02438	0.01613	0.01832	0.01425	0.01980	0.01631	0.01158	0.30728	0.10284	0.17833	0.02098	0.04128	0.01544	0.00864	0.00696	0.00202	0.00669	0.00686	0.00702	0.17491
2	0.01529	0.01138	0.01389	0.01430	0.05938	0.01180	0.00981	0.21438	0.02012	0.02701	0.03052	0.43526	0.03362	0.05495	0.00997	0.00288	0.00581	0.01489	0.00658	0.00817
3	0.01055	0.00707	0.00805	0.00801	0.00813	0.00703	0.00457	0.01079	0.01126	0.01514	0.06946	0.04803	0.02935	0.69402	0.03503	0.00672	0.00680	0.01075	0.00465	0.00457
4	0.13633	0.23946	0.38037	0.01618	0.02432	0.01988	0.01903	0.02207	0.01491	0.02300	0.03613	0.01512	0.01116	0.00697	0.00594	0.00208	0.00883	0.00500	0.00348	0.00975
5	0.01707	0.02244	0.13642	0.06217	0.06107	0.04740	0.49707	0.02323	0.01689	0.02281	0.01420	0.01865	0.01065	0.00636	0.00814	0.00239	0.01182	0.00777	0.00357	0.00986
6	0.01613	0.01074	0.01274	0.01130	0.01315	0.01170	0.00838	0.16978	0.03931	0.02426	0.03871	0.02734	0.01795	0.14779	0.04708	0.23178	0.04500	0.00753	0.11251	0.00683
7	0.01784	0.01711	0.02922	0.06950	0.67553	0.01723	0.02223	0.02217	0.01648	0.02356	0.01365	0.01804	0.01145	0.00651	0.00720	0.00217	0.00867	0.00648	0.00358	0.01139
8	0.01912	0.04906	0.02079	0.01450	0.02079	0.01295	0.10479	0.04877	0.05236	0.13680	0.01670	0.01788	0.01259	0.00649	0.00631	0.00161	0.00674	0.00569	0.00521	0.44087
9	0.01517	0.01305	0.01219	0.01140	0.01435	0.11043	0.00883	0.02040	0.12247	0.07645	0.15660	0.04996	0.27771	0.01432	0.00813	0.00240	0.00577	0.06562	0.00680	0.00796
10	0.01040	0.00716	0.00834	0.00834	0.00868	0.00723	0.00506	0.01085	0.01116	0.01485	0.02631	0.04695	0.07585	0.60634	0.11703	0.00726	0.00830	0.01059	0.00452	0.00479
11	0.00982	0.00667	0.00888	0.01008	0.01085	0.00619	0.00689	0.01142	0.01502	0.04222	0.12651	0.62576	0.04982	0.02128	0.00912	0.00284	0.00418	0.01923	0.00699	0.00624
12	0.04912	0.61810	0.13298	0.01351	0.02031	0.02657	0.01433	0.02193	0.01476	0.01856	0.01053	0.01220	0.00925	0.00634	0.00498	0.00169	0.00812	0.00410	0.00316	0.00947
13	0.00985	0.00780	0.00906	0.00962	0.01169	0.00714	0.00762	0.01270	0.03702	0.02083	0.08351	0.13491	0.40488	0.01889	0.00903	0.00275	0.00464	0.19478	0.00680	0.00646
14	0.01038	0.00779	0.01168	0.01168	0.01298	0.00909	0.00909	0.01298	0.01168	0.01687	0.01947	0.02856	0.01817	0.05452	0.71573	0.01168	0.01947	0.00779	0.00389	0.00649
15	0.01106	0.00754	0.00990	0.00936	0.01114	0.00694	0.00700	0.01431	0.02011	0.05481	0.62241	0.10216	0.06514	0.01520	0.00857	0.00233	0.00359	0.01346	0.00795	0.00701
16	0.01925	0.01857	0.02803	0.09818	0.49190	0.06771	0.05158	0.09130	0.01855	0.02518	0.01388	0.01778	0.01127	0.00684	0.00723	0.00218	0.00915	0.00645	0.00397	0.01100
17	0.02883	0.13433	0.02044	0.01299	0.01853	0.01453	0.01106	0.08942	0.02100	0.49669	0.05929	0.02347	0.01869	0.00882	0.00694	0.00213	0.00647	0.00698	0.00782	0.01158
18	0.00980	0.00741	0.00904	0.00863	0.01056	0.00665	0.00647	0.01277	0.01942	0.02641	0.51599	0.05882	0.24967	0.01588	0.00858	0.00233	0.00350	0.01378	0.00764	0.00665
19	0.00886	0.00633	0.00843	0.01012	0.01054	0.00590	0.00675	0.01012	0.01392	0.01856	0.04006	0.73979	0.04808	0.02277	0.00928	0.00295	0.00422	0.02066	0.00675	0.00590
20	0.02720	0.03314	0.02073	0.01852	0.02248	0.64234	0.01402	0.09710	0.02203	0.02074	0.01189	0.01357	0.00968	0.00762	0.00663	0.00191	0.01257	0.00488	0.00412	0.00884
21	0.03029	0.01398	0.01765	0.01362	0.01909	0.01325	0.01122	0.18355	0.02391	0.51545	0.06074	0.02458	0.01931	0.00924	0.00737	0.00224	0.00647	0.00743	0.00854	0.01208
22	0.01507	0.01429	0.02423	0.51197	0.25466	0.01650	0.02086	0.01975	0.01517	0.02020	0.01316	0.01894	0.01026	0.00702	0.00725	0.00234	0.00936	0.00647	0.00335	0.00916
23	0.01481	0.07143	0.67506	0.02032	0.03085	0.01745	0.02617	0.02296	0.01532	0.02274	0.01291	0.01517	0.00921	0.00687	0.00680	0.00227	0.01060	0.00530	0.00307	0.01068
24	0.01789	0.01788	0.04981	0.04390	0.67918	0.01726	0.02244	0.02233	0.01652	0.02373	0.01365	0.01791	0.01144	0.00649	0.00719	0.00216	0.00870	0.00644	0.00358	0.01149
25	0.01485	0.01311	0.01729	0.01263	0.01876	0.01027	0.07236	0.01822	0.01519	0.02329	0.01496	0.06536	0.01336	0.00665	0.00596	0.00134	0.00596	0.00584	0.00441	0.66018
26	0.10389	0.01456	0.01799	0.04251	0.10743	0.01471	0.01244	0.09276	0.14878	0.20197	0.02138	0.02275	0.01588	0.00840	0.00683	0.00215	0.00657	0.02993	0.00638	0.12269
27	0.01710	0.01886	0.09612	0.03494	0.42710	0.01657	0.10901	0.02297	0.05830	0.02395	0.01567	0.02083	0.01302	0.00714	0.00736	0.00220	0.00886	0.03186	0.00396	0.06417
28	0.46408	0.01742	0.01394	0.03386	0.01730	0.13119	0.00987	0.09117	0.01656	0.06175	0.01482	0.01632	0.03833	0.00842	0.00645	0.03290	0.00720	0.00515	0.00488	0.00840
29	0.00885	0.00636	0.00840	0.01002	0.01052	0.00591	0.00670	0.01013	0.01401	0.01859	0.04126	0.71598	0.07112	0.02262	0.00925	0.00293	0.00420	0.02048	0.00675	0.00591
30	0.02612	0.01938	0.02071	0.01617	0.02166	0.02151	0.01326	0.58450	0.10221	0.04352	0.01895	0.01881	0.01362	0.00884	0.00721	0.00219	0.00760	0.00673	0.03493	0.01207
31	0.05339	0.13621	0.46523	0.02032	0.07375	0.06174	0.02226	0.02362	0.03863	0.02261	0.01299	0.01510	0.00978	0.00691	0.00649	0.00216	0.00990	0.00522	0.00337	0.01034
32	0.02790	0.01255	0.01562	0.01230	0.01716	0.01184	0.01006	0.13705	0.02187	0.45758	0.02581	0.02402	0.01720	0.00884	0.00685	0.00212	0.00591	0.00707	0.16700	0.01123
33	0.01057	0.00705	0.00793	0.00793	0.00793	0.00705	0.00440	0.01057	0.01057	0.01409	0.02290	0.04757	0.02643	0.74454	0.03700	0.00705	0.00705	0.01057	0.00440	0.00440
34	0.05499	0.01316	0.02096	0.22026	0.06974	0.01513	0.10242	0.01761	0.01471	0.02107	0.05886	0.08526	0.07652	0.01088	0.01090	0.00256	0.15325	0.00894	0.03477	0.00801
35	0.01664	0.01376	0.01582	0.01154	0.01774	0.01137	0.00927	0.10923	0.01792	0.02695	0.03794	0.01681	0.01305	0.00619	0.00576	0.00127	0.00568	0.00493	0.00485	0.65329
36	0.00886	0.00633	0.00843	0.01012	0.01054	0.00590	0.00675	0.01012	0.01392	0.01856	0.04006	0.73979	0.04808	0.02277	0.00928	0.00295	0.00422	0.02066	0.00675	0.00590
37	0.01027	0.00701	0.00841	0.00869	0.00889	0.00707	0.00528	0.01075	0.01124	0.01512	0.02537	0.15975	0.02913	0.55276	0.10396	0.00686	0.00789	0.01194	0.00474	0.00487
38	0.05132	0.01481	0.01905	0.09525	0.04915	0.04784	0.07568	0.17014	0.06441	0.07189	0.02343	0.16386	0.02202	0.04661	0.00923	0.00270	0.00763	0.04989	0.00590	0.00919
39	0.01451	0.01387	0.02284	0.38124	0.03604	0.01723	0.08640	0.01839	0.01375	0.01913	0.01308	0.01932	0.01070	0.01119	0.04877	0.00308	0.21122	0.00674	0.04443	0.00807
40	0.00994	0.00712	0.00953	0.01107	0.01199	0.00684	0.00835	0.01190	0.01485	0.01952	0.03990	0.44968	0.06827	0.05599	0.01084	0.00327	0.00521	0.24298	0.00662	0.00612
41	0.02401	0.01738	0.01900	0.01532	0.02018	0.01904	0.01236	0.45945	0.12444	0.07485	0.04251	0.09718	0.01955	0.01058	0.00754	0.00231	0.00704	0.00853	0.00735	0.01139
42	0.01575	0.01570	0.02223	0.06843	0.02124	0.02184	0.01620	0.01757	0.01137	0.01757	0.00978	0.01615	0.00955	0.01234	0.02270	0.00313	0.68094	0.00637	0.00318	0.00796
43	0.01532	0.14563	0.60530	0.01946	0.02952	0.01869	0.02467	0.02283	0.01526	0.02212	0.01260	0.01479	0.00923	0.00680	0.00657	0.00219	0.01029	0.00515	0.00308	0.01053
44	0.01813	0.55714	0.21840	0.01467	0.02211	0.02556	0.01633	0.02210	0.01493	0.01870	0.01090	0.01265	0.00930	0.00640	0.00527	0.00176	0.00857	0.00429	0.00310	0.00971
45	0.01039	0.00697	0.00798	0.00816	0.00821	0.00692	0.00466	0.01052	0.01093	0.01458	0.02476	0.12228	0.02876	0.66664	0.03401	0.00661	0.00674	0.01166	0.00466	0.00457
46	0.05840	0.01857	0.03691	0.03401	0.24857	0.01792	0.42940	0.02287	0.01671	0.02392	0.01413	0.01868	0.01102	0.00627	0.00792	0.00235	0.01075	0.00766	0.00369	0.01025
47	0.02520	0.02522	0.02005	0.01711	0.02166	0.31083	0.01337	0.25665	0.18069	0.03051	0.01769	0.01790	0.01340	0.00848	0.00700	0.00212	0.00961	0.00616	0.00583	0.01052
48	0.01177	0.00955	0.01070	0.01003	0.01262	0.00955	0.00763	0.01915	0.19328	0.02634	0.31595	0.05236	0.26371	0.01473	0.00827	0.00239	0.00412	0.01258	0.00743	0.00784
49	0.00978	0.00741	0.00901	0.00861	0.01055	0.00664	0.00646	0.01274	0.01938	0.02631	0.50948	0.05898	0.25624	0.01592	0.00858	0.00234	0.00350	0.01380	0.00763	0.00664
50	0.00940	0.00705	0.00874	0.00921	0.01064	0.00639	0.00666	0.01166	0.01705	0.02271	0.28173	0.30549	0.21616	0.01877	0.00888	0.00261	0.00389	0.03943	0.00719	0.00633
51	0.01507	0.01292	0.01507	0.01077	0.01723	0.00969	0.00861	0.01830	0.01507	0.02369	0.01292	0.01507	0.01077	0.00538	0.00538	0.00108	0.00538	0.00431	0.00431	0.78898
52	0.02882	0.01846	0.02064	0.01582	0.02160	0.01973	0.01307	0.52303	0.03100	0.20223	0.02012	0.01918	0.01370	0.00879	0.00728	0.00220	0.00757	0.00673	0.00768	0.01236
53	0.02920	0.01646	0.01925	0.01487	0.02044	0.01688	0.01224	0.37701	0.02775	0.33010	0.02303	0.04341	0.01593	0.00929	0.00735	0.00224	0.00709	0.00732	0.00800	0.01216
54	0.01111	0.00786	0.01000	0.00940	0.01133	0.00733	0.00706	0.01501	0.04607	0.04886	0.58435	0.07774	0.10619	0.01500	0.00851	0.00233	0.00365	0.01319	0.00788	0.00713
55	0.01799	0.01727	0.02950	0.04462	0.69919	0.01727	0.02231	0.02231	0.01655	0.02375	0.01367	0.01799	0.01151	0.00648	0.00720	0.00216	0.00864	0.00648	0.00360	0.01151
56	0.01160	0.00829	0.01159	0.01326	0.01488	0.00827	0.01152	0.01487	0.01662	0.02163	0.03855	0.10773	0.04208	0.02019	0.01001	0.00333	0.00660	0.62563	0.00670	0.00666
57	0.00886	0.00633	0.00843	0.01012	0.01054	0.00590	0.00675	0.01012	0.01392	0.01856	0.04006	0.73979	0.04808	0.02277	0.00928	0.00295	0.00422	0.02066	0.00675	0.00590
58	0.01799	0.01727	0.02950	0.04462	0.69919	0.01727	0.02231	0.02231	0.01655	0.02375	0.01367	0.01799	0.01151	0.00648	0.00720	0.00216	0.00864	0.00648	0.00360	0.01151
59	0.01373	0.01292	0.02180	0.72707	0.05006	0.01615	0.02019	0.01857	0.01453	0.01857	0.01292	0.01938	0.00969	0.00727	0.00727	0.00242	0.00969	0.00646	0.00323	0.00807
60	0.02718	0.03390	0.02066	0.01862	0.02248	0.67931	0.01403	0.06263	0.02131	0.01925	0.01156	0.01333	0.00952	0.00755	0.00659	0.00189	0.01284	0.00478	0.00393	0.00863
61	0.01507	0.01292	0.01507	0.01077	0.01723	0.00969	0.00861	0.01830	0.01507	0.02369	0.01292	0.01507	0.01077	0.00538	0.00538	0.00108	0.00538	0.00431	0.00431	0.78898
62	0.01458	0.03760	0.70688	0.02072	0.03146	0.01688	0.02686	0.02302	0.01535	0.02302	0.01304	0.01535	0.00921	0.00691	0.00691	0.00230	0.01074	0.00537	0.00307	0.01074
63	0.00866	0.00709	0.00764	0.00808	0.01001	0.00608	0.00584	0.01035	0.01588	0.01935	0.06487	0.24481	0.52704	0.01955	0.00877	0.00258	0.00382	0.01673	0.00675	0.00608
64	0.01140	0.00769	0.01001	0.00928	0.01123	0.00703	0.00701	0.01474	0.02044	0.06433	0.63761	0.05331	0.08881	0.01468	0.00851	0.00229	0.00358	0.01292	0.00801	0.00712
65	0.00886	0.00633	0.00843	0.01012	0.01054	0.00590	0.00675	0.01012	0.01392	0.01856	0.04006	0.73979	0.04808	0.02277	0.00928	0.00295	0.00422	0.02066	0.00675	0.00590
66	0.05560	0.09070	0.61958	0.01951	0.02958	0.01776	0.02477	0.02284	0.01515	0.02307	0.01267	0.01488	0.00915	0.00685	0.00661	0.00224	0.01025	0.00518	0.00315	0.01049
67	0.02713	0.01971	0.02130	0.01629	0.02213	0.02148	0.01344	0.61963	0.03274	0.06603	0.01758	0.01756	0.01246	0.00856	0.00717	0.00213	0.00780	0.00645	0.00717	0.05323
68	0.00998	0.00742	0.00929	0.00882	0.01067	0.00673	0.00661	0.01311	0.01984	0.02741	0.58135	0.05717	0.18369	0.01551	0.00858	0.00232	0.00348	0.01355	0.00777	0.00673
69	0.64546	0.05375	0.01307	0.01047	0.01494	0.05315	0.00864	0.04897	0.01423	0.03142	0.04292	0.01412	0.01109	0.00723	0.00492	0.00219	0.00612	0.00452	0.00467	0.00812
70	0.01030	0.00752	0.00825	0.00805	0.01007	0.00659	0.00579	0.01205	0.01617	0.05228	0.14217	0.08576	0.44486	0.14223	0.01343	0.00323	0.00436	0.01405	0.00662	0.00622
71	0.00905	0.00634	0.00836	0.00998	0.01046	0.00594	0.00668	0.01041	0.01397	0.01892	0.03937	0.70975	0.04684	0.02217	0.00910	0.00290	0.00418	0.02008	0.03955	0.00594
72	0.00884	0.00640	0.00836	0.00993	0.01049	0.00592	0.00666	0.01014	0.01410	0.01863	0.04241	0.69291	0.09345	0.02247	0.00923	0.00292	0.00418	0.02029	0.00675	0.00592
73	0.02135	0.01757	0.02844	0.06549	0.34046	0.03943	0.13988	0.09316	0.01925	0.13779	0.01662	0.01926	0.01243	0.00713	0.00746	0.00223	0.00903	0.00695	0.00488	0.01116
74	0.02535	0.02072	0.02039	0.01634	0.02108	0.11069	0.01313	0.49755	0.02921	0.03799	0.01733	0.04150	0.01385	0.05523	0.00989	0.00252	0.04288	0.00699	0.00642	0.01094
75	0.01307	0.00859	0.01084	0.00977	0.01211	0.00804	0.00748	0.05348	0.02107	0.08728	0.55039	0.05086	0.11013	0.01428	0.00839	0.00229	0.00395	0.01244	0.00795	0.00759
76	0.02464	0.05395	0.02292	0.02357	0.16163	0.48218	0.01557	0.06179	0.04833	0.02100	0.01280	0.01488	0.01050	0.00740	0.00670	0.00196	0.01143	0.00527	0.00403	0.00943
77	0.00880	0.00655	0.00820	0.00952	0.01039	0.00595	0.00648	0.01019	0.01449	0.01879	0.04737	0.59405	0.18910	0.02182	0.00913	0.00284	0.00410	0.01951	0.00675	0.00595
78	0.01943	0.74891	0.03809	0.01244	0.01866	0.02876	0.01244	0.02177	0.01477	0.01710	0.01011	0.01166	0.00933	0.00622	0.00466	0.00155	0.00777	0.00389	0.00311	0.00933
79	0.00899	0.00642	0.00859	0.01028	0.01076	0.00602	0.00698	0.01036	0.01405	0.01871	0.03999	0.70866	0.04778	0.02265	0.00931	0.00297	0.00433	0.05046	0.00675	0.00594
80	0.02763	0.02036	0.02182	0.01672	0.02254	0.02254	0.01382	0.67496	0.03418	0.04581	0.01745	0.01745	0.01236	0.00873	0.00727	0.00218	0.00800	0.00654	0.00727	0.01236
81	0.01799	0.01727	0.02950	0.04462	0.69919	0.01727	0.02231	0.02231	0.01655	0.02375	0.01367	0.01799	0.01151	0.00648	0.00720	0.00216	0.00864	0.00648	0.00360	0.01151
82	0.01038	0.00779	0.01168	0.01168	0.01298	0.00909	0.00909	0.01298	0.01168	0.01687	0.01947	0.02856	0.01817	0.05452	0.71573	0.01168	0.01947	0.00779	0.00389	0.00649
83	0.03216	0.01310	0.01732	0.01328	0.01892	0.01177	0.01097	0.09410	0.02203	0.64382	0.02765	0.02407	0.01748	0.00897	0.00731	0.00224	0.00635	0.00724	0.00884	0.01237
84	0.01414	0.01008	0.01222	0.01209	0.03703	0.00991	0.00901	0.08642	0.07195	0.07310	0.19367	0.14064	0.19368	0.01560	0.00848	0.00253	0.00502	0.08920	0.00718	0.00804
85	0.01458	0.03760	0.70688	0.02072	0.03146	0.01688	0.02686	0.02302	0.01535	0.02302	0.01304	0.01535	0.00921	0.00691	0.00691	0.00230	0.01074	0.00537	0.00307	0.01074
86	0.00880	0.00714	0.00767	0.00799	0.00989	0.00616	0.00574	0.01047	0.01585	0.01940	0.08212	0.20022	0.51544	0.05738	0.01022	0.00279	0.00396	0.01608	0.00666	0.00602
87	0.00885	0.00637	0.00839	0.01001	0.01051	0.00591	0.00670	0.01013	0.01402	0.01860	0.04138	0.71359	0.07344	0.02260	0.00925	0.00293	0.00420	0.02046	0.00675	0.00591
88	0.06089	0.01826	0.01961	0.01501	0.02084	0.01928	0.01231	0.47630	0.05445	0.03977	0.01659	0.01704	0.01219	0.00795	0.00673	0.00196	0.00723	0.00600	0.00650	0.18109
89	0.01023	0.00739	0.00967	0.00918	0.01085	0.00682	0.00685	0.01358	0.02031	0.02873	0.66966	0.08118	0.06778	0.01517	0.00860	0.00231	0.00346	0.01344	0.00795	0.00682
90	0.01047	0.00742	0.00929	0.00905	0.01086	0.00670	0.00670	0.01325	0.01883	0.04754	0.45597	0.15482	0.18902	0.01651	0.00864	0.00241	0.00368	0.01447	0.00760	0.00676
91	0.00965	0.00692	0.00900	0.01040	0.01105	0.00661	0.00705	0.03814	0.01477	0.01970	0.03911	0.70935	0.04657	0.02218	0.00919	0.00292	0.00438	0.02007	0.00677	0.00618
92	0.01963	0.01454	0.01663	0.01263	0.01844	0.01333	0.01017	0.16097	0.09391	0.09683	0.04195	0.01928	0.01517	0.00729	0.00631	0.00162	0.00599	0.00583	0.00587	0.43361
93	0.01716	0.01961	0.04289	0.03064	0.03799	0.01838	0.67279	0.02328	0.01716	0.02328	0.01471	0.01961	0.01103	0.00613	0.00858	0.00245	0.01225	0.00858	0.00368	0.00980
94	0.02899	0.01157	0.01571	0.01232	0.01731	0.01006	0.01006	0.03190	0.02077	0.59474	0.13681	0.02954	0.02620	0.00995	0.00751	0.00226	0.00574	0.00826	0.00884	0.01148
95	0.01373	0.01292	0.02180	0.72707	0.05006	0.01615	0.02019	0.01857	0.01453	0.01857	0.01292	0.01938	0.00969	0.00727	0.00727	0.00242	0.00969	0.00646	0.00323	0.00807
96	0.01590	0.01590	0.02226	0.01908	0.01908	0.02226	0.01590	0.01749	0.01113	0.01749	0.00954	0.01590	0.00954	0.01272	0.02385	0.00318	0.73123	0.00636	0.00318	0.00795
97	0.02799	0.01246	0.01620	0.01314	0.01811	0.01162	0.01076	0.03381	0.13123	0.52188	0.05247	0.03009	0.02207	0.01011	0.00756	0.00236	0.00605	0.05189	0.00854	0.01165
98	0.01892	0.67429	0.10825	0.01331	0.02000	0.02752	0.01395	0.02190	0.01483	0.01772	0.01041	0.01205	0.00932	0.00629	0.00490	0.00163	0.00809	0.00404	0.00311	0.00948
99	0.01490	0.08439	0.66288	0.02017	0.03062	0.01766	0.02591	0.02294	0.01531	0.02263	0.01285	0.01510	0.00922	0.00686	0.00676	0.00225	0.01055	0.00527	0.00307	0.01065
100	0.47643	0.17772	0.01825	0.01129	0.01619	0.04838	0.00971	0.06323	0.01508	0.06767	0.01197	0.01342	0.00942	0.00832	0.02584	0.00235	0.00700	0.00443	0.00457	0.00872
101	0.01373	0.01292	0.02180	0.72707	0.05006	0.01615	0.02019	0.01857	0.01453	0.01857	0.01292	0.01938	0.00969	0.00727	0.00727	0.00242	0.00969	0.00646	0.00323	0.00807
102	0.01388	0.01308	0.02208	0.70219	0.07373	0.01619	0.02026	0.01871	0.01461	0.01876	0.01295	0.01933	0.00976	0.00724	0.00726	0.00241	0.00965	0.00646	0.00324	0.00820
103	0.01089	0.08600	0.01260	0.01014	0.01207	0.00999	0.00775	0.01349	0.04013	0.02071	0.14477	0.29212	0.23221	0.01745	0.00933	0.00255	0.04977	0.01485	0.00636	0.00681
104	0.43334	0.01309	0.01282	0.01080	0.01534	0.01385	0.00879	0.04972	0.03697	0.19239	0.09941	0.02091	0.01844	0.00840	0.00590	0.00221	0.00558	0.00612	0.00619	0.03974
105	0.03261	0.01237	0.01687	0.01293	0.01856	0.01068	0.01068	0.03543	0.02081	0.70423	0.02868	0.02474	0.01799	0.00900	0.00731	0.00225	0.00619	0.00731	0.00900	0.01237
106	0.00898	0.00642	0.00854	0.01004	0.01057	0.00599	0.00676	0.01043	0.01449	0.01946	0.09628	0.68099	0.04984	0.02209	0.00922	0.00289	0.00415	0.02002	0.00686	0.00599
107	0.02694	0.05205	0.04684	0.01491	0.02056	0.01756	0.01272	0.32746	0.07169	0.26438	0.05364	0.02196	0.01733	0.00899	0.00722	0.00220	0.00711	0.00706	0.00754	0.01184
108	0.00916	0.00753	0.00816	0.00841	0.01072	0.00653	0.00659	0.01130	0.01672	0.02029	0.08746	0.07145	0.56848	0.01857	0.00883	0.00260	0.00417	0.12001	0.00678	0.00625
109	0.00986	0.00741	0.00912	0.00870	0.01060	0.00668	0.00652	0.01289	0.01957	0.02676	0.53894	0.05824	0.22650	0.01575	0.00858	0.00233	0.00349	0.01370	0.00769	0.00668
110	0.07324	0.01348	0.02240	0.53602	0.07783	0.01590	0.07386	0.01922	0.01478	0.02065	0.01397	0.02082	0.01097	0.00750	0.00718	0.00240	0.00927	0.02529	0.02692	0.00831
111	0.01550	0.00866	0.00886	0.00815	0.01042	0.00896	0.00629	0.10816	0.01787	0.02969	0.02284	0.02576	0.01776	0.00850	0.00538	0.00176	0.00403	0.00674	0.67709	0.00755
112	0.00886	0.00633	0.00843	0.01012	0.01054	0.00590	0.00675	0.01012	0.01392	0.01856	0.04006	0.73979	0.04808	0.02277	0.00928	0.00295	0.00422	0.02066	0.00675	0.00590
113	0.02752	0.01987	0.02143	0.01650	0.02225	0.02189	0.01361	0.62685	0.05528	0.07305	0.01833	0.01808	0.01293	0.00878	0.00728	0.00219	0.00785	0.00663	0.00735	0.01233
114	0.04812	0.02210	0.20429	0.02434	0.05241	0.01612	0.36454	0.02126	0.01639	0.02310	0.02251	0.02537	0.10877	0.00812	0.00794	0.00240	0.01025	0.00847	0.00400	0.00949
115	0.01835	0.01795	0.02916	0.04360	0.67265	0.04465	0.02198	0.02257	0.01671	0.02351	0.01358	0.01780	0.01143	0.00652	0.00717	0.00215	0.00881	0.00641	0.00360	0.01139
116	0.02763	0.02036	0.02182	0.01672	0.02254	0.02254	0.01382	0.67496	0.03418	0.04581	0.01745	0.01745	0.01236	0.00873	0.00727	0.00218	0.00800	0.00654	0.00727	0.01236
117	0.02763	0.02036	0.02182	0.01672	0.02254	0.02254	0.01382	0.67496	0.03418	0.04581	0.01745	0.01745	0.01236	0.00873	0.00727	0.00218	0.00800	0.00654	0.00727	0.01236
118	0.02724	0.03192	0.02083	0.01834	0.02249	0.58316	0.01400	0.15228	0.02319	0.02314	0.01242	0.01394	0.00994	0.00773	0.00669	0.00193	0.01213	0.00504	0.00442	0.00918
119	0.01507	0.01292	0.01507	0.01077	0.01723	0.00969	0.00861	0.01830	0.01507	0.02369	0.01292	0.01507	0.01077	0.00538	0.00538	0.00108	0.00538	0.00431	0.00431	0.78898
120	0.01943	0.74891	0.03809	0.01244	0.01866	0.02876	0.01244	0.02177	0.01477	0.01710	0.01011	0.01166	0.00933	0.00622	0.00466	0.00155	0.00777	0.00389	0.00311	0.00933
121	0.02810	0.01250	0.01609	0.01286	0.01791	0.01160	0.01045	0.03397	0.13551	0.52878	0.06547	0.02826	0.04474	0.00978	0.00744	0.00230	0.00588	0.00805	0.00859	0.01172
122	0.01081	0.00778	0.00886	0.00905	0.01097	0.00713	0.00660	0.01360	0.05108	0.05291	0.08370	0.22968	0.34274	0.06733	0.01050	0.00288	0.00437	0.03999	0.03341	0.00662
123	0.01535	0.15000	0.60120	0.01941	0.02944	0.01876	0.02458	0.02282	0.01526	0.02209	0.01258	0.01476	0.00923	0.00680	0.00655	0.00218	0.01027	0.00514	0.00308	0.01052
124	0.02882	0.01355	0.01703	0.01355	0.01875	0.01301	0.01101	0.10743	0.12717	0.49629	0.02799	0.05227	0.01920	0.00964	0.00740	0.00230	0.00625	0.00789	0.00846	0.01198
125	0.01171	0.00837	0.01171	0.01339	0.01506	0.00837	0.01171	0.01506	0.01673	0.02175	0.03849	0.08199	0.04183	0.02008	0.01004	0.00335	0.00669	0.65027	0.00669	0.00669
126	0.01057	0.00705	0.00793	0.00793	0.00793	0.00705	0.00440	0.01057	0.01057	0.01409	0.02290	0.04757	0.02643	0.74454	0.03700	0.00705	0.00705	0.01057	0.00440	0.00440
127	0.06345	0.02613	0.01947	0.01804	0.05646	0.42673	0.01326	0.05985	0.04073	0.15565	0.01590	0.01679	0.01196	0.00954	0.03255	0.00237	0.01092	0.00557	0.00509	0.00955
128	0.03041	0.01508	0.01798	0.01397	0.01942	0.04313	0.01145	0.18950	0.02403	0.49253	0.04803	0.02349	0.01800	0.00907	0.00731	0.00222	0.00682	0.00721	0.00832	0.01201
129	0.00964	0.00741	0.00882	0.00847	0.01046	0.00658	0.00635	0.01247	0.01906	0.02554	0.45960	0.06024	0.30660	0.01621	0.00858	0.00235	0.00353	0.01398	0.00753	0.00658
