[name]
unknown

[dist]
# distance from previous block
# <min> <max>
8	25

[block]
# block no. 0 follows, 27 sequences, length 38
# corresponding to MSA columns:
# 29-66
name=unknown_A
#
# <colnr> <probs for GDERKNQSTAVLIFYWHMCP>
#	G	D	E	R	K	N	Q	S	T	A	V	L	I	F	Y	W	H	M	C	P
0	0.00919	0.00666	0.00856	0.00990	0.01059	0.00617	0.00666	0.01060	0.01471	0.01948	0.08140	0.59733	0.11157	0.05647	0.01071	0.00312	0.00434	0.01963	0.00685	0.00604
1	0.01371	0.00891	0.01042	0.00998	0.01221	0.00833	0.00727	0.07043	0.01761	0.10040	0.07753	0.25007	0.25488	0.10862	0.01236	0.00319	0.00502	0.01480	0.00696	0.00730
2	0.04844	0.02350	0.12174	0.08210	0.03011	0.10462	0.18476	0.18947	0.02116	0.02832	0.01422	0.01735	0.01076	0.00802	0.00923	0.00240	0.08231	0.00670	0.00456	0.01023
3	0.54605	0.01313	0.01136	0.01005	0.01415	0.01464	0.00814	0.05816	0.01572	0.05678	0.11302	0.02168	0.03823	0.00873	0.00562	0.00228	0.00541	0.00615	0.04248	0.00821
4	0.01544	0.00874	0.01043	0.00962	0.01118	0.00844	0.00648	0.04691	0.01492	0.13749	0.05349	0.11073	0.05211	0.42254	0.02476	0.00511	0.00639	0.01115	0.03737	0.00672
5	0.02215	0.02137	0.02349	0.07995	0.10847	0.18963	0.08529	0.11702	0.13808	0.06088	0.01784	0.01963	0.01360	0.00825	0.00789	0.00227	0.03350	0.00677	0.03358	0.01036
6	0.02555	0.01899	0.02044	0.01615	0.02137	0.02108	0.01309	0.52775	0.12235	0.04193	0.01955	0.02058	0.01458	0.03799	0.00952	0.03532	0.00774	0.00707	0.00715	0.01179
7	0.01099	0.00784	0.00919	0.00920	0.01023	0.00760	0.00611	0.04479	0.01539	0.02054	0.15356	0.20289	0.12150	0.32296	0.02111	0.00456	0.00551	0.01395	0.00614	0.00592
8	0.05988	0.02148	0.02388	0.07804	0.28696	0.22036	0.04428	0.05052	0.01812	0.02262	0.01606	0.01950	0.04319	0.00878	0.00842	0.04800	0.00983	0.00646	0.00403	0.00959
9	0.06238	0.05299	0.05953	0.02417	0.05426	0.02077	0.26090	0.02097	0.01434	0.02147	0.01211	0.01728	0.01027	0.00928	0.01498	0.00275	0.32180	0.00705	0.00353	0.00916
10	0.00934	0.00669	0.00887	0.01014	0.01083	0.00622	0.00691	0.01107	0.01557	0.02111	0.17002	0.59901	0.05327	0.02165	0.00933	0.00288	0.00415	0.01957	0.00715	0.00622
11	0.01837	0.01764	0.03013	0.04557	0.69279	0.01764	0.02278	0.02278	0.01690	0.02425	0.01396	0.01837	0.01176	0.00661	0.00735	0.00220	0.00882	0.00661	0.00367	0.01176
12	0.01588	0.01642	0.02832	0.02246	0.02508	0.01955	0.23488	0.01909	0.01370	0.01993	0.01442	0.07600	0.01377	0.01314	0.04344	0.00330	0.39986	0.00850	0.00374	0.00854
13	0.01442	0.00843	0.01016	0.00925	0.01198	0.00744	0.00710	0.01715	0.01893	0.15206	0.26911	0.07540	0.27655	0.01506	0.00825	0.00236	0.00415	0.01281	0.07162	0.00777
14	0.01630	0.01640	0.02365	0.02000	0.02032	0.02257	0.04422	0.01812	0.01163	0.01812	0.00997	0.01640	0.00981	0.01270	0.02369	0.00322	0.69480	0.00659	0.00327	0.00820
15	0.02711	0.01126	0.01473	0.01182	0.01642	0.01010	0.00958	0.03078	0.04331	0.49199	0.10070	0.02905	0.02429	0.00979	0.00724	0.00222	0.00553	0.00806	0.13497	0.01105
16	0.01947	0.01473	0.02112	0.42559	0.03826	0.01711	0.01725	0.16758	0.02013	0.10844	0.01841	0.02183	0.03690	0.00858	0.00803	0.00242	0.03229	0.00706	0.00509	0.00970
17	0.00901	0.00661	0.00846	0.00993	0.01066	0.00606	0.00671	0.01038	0.01460	0.01911	0.04584	0.63905	0.14112	0.02262	0.00937	0.00294	0.00423	0.02032	0.00689	0.00606
18	0.00923	0.00687	0.00833	0.00931	0.01029	0.00626	0.00630	0.01063	0.01482	0.01918	0.07528	0.45713	0.21327	0.10203	0.01244	0.00332	0.00446	0.01822	0.00668	0.00596
19	0.04761	0.01426	0.02177	0.61844	0.04642	0.04226	0.01956	0.01941	0.01474	0.01947	0.01278	0.01899	0.00980	0.00778	0.00841	0.00250	0.05777	0.00641	0.00337	0.00824
20	0.01228	0.00966	0.01266	0.01249	0.01323	0.01108	0.00917	0.01495	0.05786	0.03658	0.05378	0.35876	0.03422	0.12361	0.04016	0.00389	0.16854	0.01439	0.00578	0.00689
21	0.49963	0.09055	0.01689	0.01272	0.01653	0.07508	0.01063	0.02172	0.01331	0.02745	0.01031	0.01297	0.00865	0.00809	0.00865	0.00238	0.14749	0.00456	0.00412	0.00825
22	0.00963	0.00695	0.00903	0.01026	0.01059	0.00685	0.00679	0.01070	0.01348	0.01807	0.03656	0.58199	0.04360	0.15453	0.01522	0.00379	0.03112	0.01868	0.00632	0.00582
23	0.01813	0.24141	0.05538	0.01632	0.01979	0.10532	0.04469	0.02075	0.01484	0.01938	0.01397	0.04380	0.01308	0.00995	0.01196	0.00236	0.23825	0.02744	0.07459	0.00860
24	0.01686	0.01983	0.07994	0.02615	0.03105	0.02017	0.37741	0.02153	0.01507	0.02153	0.01291	0.01830	0.01056	0.00886	0.01454	0.00277	0.28194	0.00769	0.00352	0.00936
25	0.06558	0.51098	0.07239	0.01439	0.02024	0.14567	0.01371	0.02341	0.01588	0.01888	0.01068	0.01255	0.00945	0.00689	0.00592	0.00179	0.03462	0.00429	0.00337	0.00932
26	0.02480	0.02674	0.01987	0.01732	0.02175	0.37772	0.01335	0.14120	0.19284	0.02671	0.01748	0.01794	0.01354	0.00838	0.00698	0.00208	0.01015	0.00602	0.00543	0.04970
27	0.01223	0.00945	0.01293	0.01227	0.01337	0.01116	0.00932	0.04668	0.01278	0.01819	0.01932	0.03131	0.01905	0.19936	0.44167	0.00933	0.10241	0.00834	0.00418	0.00664
28	0.00904	0.00646	0.00861	0.01034	0.01077	0.00603	0.00689	0.01034	0.01421	0.01895	0.04092	0.73426	0.04910	0.02326	0.00948	0.00301	0.00431	0.02110	0.00689	0.00603
29	0.00967	0.00710	0.00893	0.00969	0.01092	0.00638	0.00673	0.01113	0.01522	0.02018	0.11156	0.46321	0.16859	0.02088	0.01021	0.04808	0.00430	0.01764	0.00669	0.04288
30	0.02748	0.03396	0.02098	0.01889	0.02285	0.64892	0.01425	0.06699	0.04142	0.02021	0.01240	0.01407	0.01013	0.00780	0.00676	0.00195	0.01286	0.00500	0.00414	0.00893
31	0.01263	0.00895	0.01117	0.01164	0.01371	0.00866	0.00897	0.01707	0.09455	0.06143	0.04113	0.32688	0.11526	0.01873	0.00905	0.00286	0.00526	0.17804	0.00696	0.04705
32	0.00922	0.00689	0.00849	0.00944	0.01053	0.00625	0.00651	0.01089	0.01562	0.02043	0.13048	0.46159	0.20858	0.04617	0.01020	0.00295	0.00417	0.01844	0.00697	0.00616
33	0.00903	0.00652	0.00855	0.01017	0.01072	0.00604	0.00682	0.01036	0.01437	0.01901	0.04291	0.69579	0.08628	0.02300	0.00943	0.00299	0.00428	0.02079	0.00689	0.00604
34	0.06170	0.01517	0.02482	0.32485	0.35796	0.01669	0.02033	0.02092	0.01574	0.02270	0.01383	0.01896	0.01104	0.00705	0.00713	0.00230	0.00888	0.00647	0.03357	0.00988
35	0.02170	0.01637	0.01875	0.17431	0.02605	0.05752	0.01351	0.29663	0.02379	0.07497	0.01832	0.02249	0.01427	0.07096	0.03993	0.00305	0.00871	0.00702	0.08174	0.00991
36	0.08678	0.01523	0.01637	0.01377	0.01817	0.01669	0.01103	0.23221	0.21713	0.08827	0.05857	0.02785	0.07182	0.01291	0.04848	0.00290	0.00708	0.00813	0.03598	0.01065
37	0.00987	0.00681	0.00837	0.00928	0.00951	0.00658	0.00577	0.01055	0.01261	0.01681	0.03267	0.41176	0.03870	0.35995	0.02279	0.00498	0.00567	0.01626	0.00577	0.00531

[dist]
# distance from previous block
# <min> <max>
4	5

[block]
# block no. 1 follows, 27 sequences, length 12
# corresponding to MSA columns:
# 72-83
name=unknown_B
#
# <colnr> <probs for GDERKNQSTAVLIFYWHMCP>
#	G	D	E	R	K	N	Q	S	T	A	V	L	I	F	Y	W	H	M	C	P
0	0.02006	0.01660	0.01805	0.01520	0.02007	0.06143	0.03967	0.03438	0.43077	0.09759	0.02544	0.02416	0.01895	0.00891	0.00720	0.00222	0.00664	0.00742	0.00680	0.13844
1	0.07294	0.10079	0.02829	0.04266	0.04903	0.21629	0.17142	0.07615	0.04008	0.02336	0.01317	0.01628	0.01065	0.00793	0.00917	0.00228	0.09974	0.00620	0.00411	0.00947
2	0.01204	0.01026	0.01270	0.01253	0.01407	0.06803	0.00970	0.01463	0.01270	0.01731	0.01918	0.02784	0.01780	0.05165	0.65068	0.01109	0.01934	0.00769	0.00396	0.00679
3	0.02663	0.01605	0.01860	0.01461	0.02021	0.01629	0.01189	0.24303	0.15618	0.27380	0.02386	0.02217	0.01649	0.00885	0.00725	0.00218	0.00675	0.00704	0.00774	0.10038
4	0.06877	0.01456	0.02041	0.12993	0.15554	0.03908	0.05686	0.04392	0.06601	0.06670	0.02114	0.06040	0.04783	0.07259	0.03515	0.00316	0.05644	0.00825	0.02413	0.00913
5	0.01044	0.00755	0.00945	0.01041	0.01135	0.00726	0.00713	0.05301	0.01580	0.02100	0.06905	0.57209	0.08667	0.06778	0.01109	0.00317	0.00467	0.01883	0.00683	0.00641
6	0.00981	0.00720	0.00899	0.00924	0.01057	0.00661	0.00654	0.01209	0.01744	0.02364	0.33817	0.26248	0.16023	0.07896	0.01141	0.00298	0.00410	0.01589	0.00727	0.00638
7	0.01080	0.00720	0.00810	0.00810	0.00810	0.00720	0.00450	0.01080	0.01080	0.01439	0.02339	0.04858	0.02699	0.73910	0.03779	0.00720	0.00720	0.01080	0.00450	0.00450
8	0.02386	0.13581	0.02423	0.06413	0.02326	0.21902	0.01457	0.16617	0.02086	0.07548	0.01380	0.01601	0.01095	0.00887	0.01012	0.00226	0.15028	0.00573	0.00477	0.00982
9	0.01705	0.02010	0.08079	0.06437	0.08960	0.01908	0.44029	0.02253	0.01628	0.02266	0.01392	0.01902	0.01088	0.00743	0.01086	0.00258	0.12121	0.00792	0.00361	0.00984
10	0.01897	0.01328	0.01472	0.01299	0.01703	0.01411	0.01017	0.03198	0.39497	0.15413	0.06719	0.03718	0.15741	0.01187	0.00783	0.00247	0.00543	0.00989	0.00776	0.01062
11	0.01794	0.01676	0.02854	0.09644	0.23437	0.01724	0.17592	0.02374	0.07177	0.05706	0.01573	0.01948	0.01240	0.00759	0.00936	0.00233	0.08639	0.00707	0.00429	0.09560

[dist]
# distance from previous block
# <min> <max>
0	1

[block]
# block no. 2 follows, 27 sequences, length 33
# corresponding to MSA columns:
# 85-108,110-118
name=unknown_C
#
# <colnr> <probs for GDERKNQSTAVLIFYWHMCP>
#	G	D	E	R	K	N	Q	S	T	A	V	L	I	F	Y	W	H	M	C	P
0	0.01545	0.05401	0.35257	0.05075	0.02662	0.07517	0.07355	0.02083	0.01503	0.02050	0.01523	0.02261	0.01328	0.14567	0.04318	0.00364	0.03252	0.00682	0.00355	0.00903
1	0.01539	0.01319	0.01539	0.01100	0.01759	0.00990	0.00880	0.01869	0.01539	0.02419	0.01319	0.01539	0.01100	0.00550	0.00550	0.00110	0.00550	0.00440	0.00440	0.78449
2	0.06242	0.06530	0.02135	0.01842	0.02239	0.64788	0.01398	0.02896	0.02039	0.01883	0.01137	0.01326	0.00949	0.00756	0.00651	0.00192	0.01280	0.00471	0.00383	0.00862
3	0.01074	0.05369	0.01083	0.00894	0.01169	0.00902	0.00694	0.01483	0.08172	0.02291	0.19023	0.06033	0.45874	0.01646	0.00841	0.00242	0.00417	0.01379	0.00699	0.00715
4	0.01149	0.00799	0.00975	0.00950	0.01016	0.00840	0.00622	0.04018	0.01257	0.01718	0.05130	0.04271	0.02614	0.50559	0.20246	0.00795	0.01024	0.01002	0.00466	0.00549
5	0.00922	0.00659	0.00877	0.01022	0.01081	0.00614	0.00690	0.01077	0.01502	0.02023	0.11734	0.65420	0.05157	0.02230	0.00939	0.00293	0.00421	0.02020	0.00704	0.00614
6	0.01136	0.00740	0.01085	0.01085	0.01163	0.00818	0.00793	0.01188	0.01110	0.01558	0.01797	0.02887	0.01753	0.11000	0.42883	0.25881	0.01439	0.00774	0.00378	0.00534
7	0.02733	0.07106	0.02194	0.01880	0.02275	0.67504	0.01426	0.02927	0.02074	0.01813	0.01142	0.01331	0.00956	0.00758	0.00660	0.00190	0.01311	0.00474	0.00379	0.00865
8	0.01888	0.01615	0.01702	0.01519	0.01946	0.01866	0.01185	0.06636	0.65179	0.03173	0.02968	0.02727	0.02223	0.01002	0.00755	0.00251	0.00597	0.00832	0.00755	0.01179
9	0.01073	0.00779	0.01046	0.01200	0.01339	0.00753	0.00973	0.01333	0.01618	0.02098	0.04355	0.28403	0.11214	0.02118	0.00986	0.00320	0.00573	0.38482	0.00686	0.00653
10	0.00884	0.00752	0.00762	0.00759	0.01007	0.00630	0.00570	0.01079	0.01709	0.02045	0.10023	0.07079	0.66450	0.01865	0.00877	0.00250	0.00375	0.01558	0.00695	0.00630
11	0.01715	0.01812	0.02370	0.42611	0.03997	0.14617	0.08099	0.02125	0.01591	0.01944	0.01302	0.01848	0.01023	0.00799	0.00917	0.00243	0.08751	0.00647	0.02746	0.00843
12	0.79154	0.01436	0.01091	0.00976	0.01436	0.01665	0.00804	0.02182	0.01263	0.03331	0.01034	0.01206	0.00804	0.00689	0.00459	0.00230	0.00574	0.00402	0.00459	0.00804
13	0.00971	0.00682	0.00883	0.01017	0.01064	0.00653	0.00686	0.01092	0.01375	0.01828	0.03697	0.52289	0.04370	0.17796	0.01568	0.00396	0.00518	0.07902	0.00637	0.00578
14	0.01051	0.00759	0.00992	0.00934	0.01109	0.00700	0.00700	0.01401	0.02101	0.02977	0.68888	0.05545	0.07005	0.01518	0.00876	0.00233	0.00350	0.01343	0.00817	0.00700
15	0.02760	0.02325	0.02175	0.01735	0.02281	0.15064	0.01403	0.51497	0.06731	0.04060	0.01731	0.01753	0.01260	0.00874	0.00730	0.00218	0.00902	0.00642	0.00676	0.01183
16	0.05174	0.04543	0.02225	0.06427	0.09447	0.40113	0.01532	0.11251	0.04573	0.02365	0.01323	0.01549	0.01067	0.00799	0.00770	0.00211	0.04687	0.00551	0.00438	0.00955
17	0.02023	0.45673	0.08738	0.01550	0.02084	0.14239	0.01471	0.02293	0.01558	0.01814	0.01067	0.01312	0.00956	0.00763	0.00823	0.00196	0.11721	0.00461	0.00329	0.00928
18	0.01412	0.00864	0.01111	0.11074	0.01650	0.00930	0.00882	0.01714	0.01525	0.06534	0.02591	0.18812	0.02403	0.01213	0.00782	0.00226	0.04923	0.01014	0.39608	0.00733
19	0.01089	0.00720	0.00839	0.00839	0.00847	0.00728	0.00486	0.01088	0.01080	0.01448	0.02267	0.04619	0.02581	0.66498	0.07520	0.04625	0.00787	0.01042	0.00441	0.00455
20	0.05158	0.11347	0.12526	0.04423	0.06333	0.02002	0.03604	0.02018	0.04253	0.02054	0.01445	0.06925	0.01365	0.03059	0.01474	0.00280	0.29734	0.00724	0.00381	0.00892
21	0.01689	0.26861	0.38817	0.01988	0.04839	0.02155	0.07325	0.02292	0.01554	0.02139	0.01238	0.01488	0.00968	0.00692	0.00696	0.00213	0.03158	0.00531	0.00322	0.01036
22	0.07163	0.01513	0.01779	0.01423	0.01959	0.01539	0.01158	0.16351	0.17298	0.37775	0.02612	0.02357	0.01761	0.00920	0.00732	0.00233	0.00656	0.00732	0.00820	0.01217
23	0.01034	0.00775	0.00887	0.00902	0.01105	0.00694	0.00659	0.01308	0.04177	0.04559	0.16049	0.23564	0.37857	0.01870	0.00886	0.00260	0.00403	0.01615	0.00720	0.00675
24	0.05705	0.17607	0.17537	0.05723	0.09783	0.01997	0.14347	0.06245	0.01686	0.04264	0.01393	0.01720	0.01097	0.00979	0.04690	0.00276	0.02932	0.00619	0.00389	0.01011
25	0.01017	0.00698	0.00890	0.00967	0.01019	0.00701	0.00642	0.01141	0.01281	0.01772	0.03066	0.34973	0.03493	0.25945	0.13669	0.00580	0.00782	0.01467	0.05327	0.00569
26	0.01069	0.00760	0.01015	0.01015	0.01086	0.00831	0.00706	0.01211	0.01140	0.01591	0.02151	0.03818	0.02248	0.37315	0.39756	0.00973	0.01399	0.00927	0.00422	0.00564
27	0.09389	0.01185	0.01454	0.04589	0.03506	0.03325	0.01063	0.04601	0.01631	0.11371	0.08886	0.14020	0.07807	0.02028	0.12329	0.00410	0.09977	0.01025	0.00583	0.00821
28	0.06645	0.01817	0.01966	0.01560	0.02075	0.01986	0.01273	0.50953	0.03013	0.07893	0.02037	0.05847	0.01642	0.04183	0.00882	0.00254	0.00764	0.03345	0.00720	0.01146
29	0.01192	0.00878	0.01169	0.01297	0.01489	0.00876	0.01114	0.01607	0.05058	0.02271	0.06562	0.07867	0.10757	0.01962	0.00992	0.00324	0.00636	0.52553	0.00693	0.00703
30	0.01423	0.01349	0.02231	0.65337	0.04807	0.01710	0.02019	0.01886	0.01451	0.01886	0.01286	0.01945	0.00988	0.00796	0.00906	0.00255	0.07913	0.00659	0.00329	0.00823
31	0.06302	0.01943	0.06388	0.10971	0.26102	0.07490	0.09819	0.06234	0.09217	0.02546	0.01827	0.02114	0.04176	0.00784	0.00739	0.00231	0.00914	0.00711	0.00447	0.01043
32	0.03927	0.10926	0.25136	0.04214	0.05512	0.06148	0.06593	0.02352	0.01575	0.08697	0.01413	0.01696	0.01087	0.00830	0.01006	0.00239	0.14306	0.00597	0.02750	0.00996

[dist]
# distance from previous block
# <min> <max>
0	1

[block]
# block no. 3 follows, 27 sequences, length 69
# corresponding to MSA columns:
# 120-188
name=unknown_D
#
# <colnr> <probs for GDERKNQSTAVLIFYWHMCP>
#	G	D	E	R	K	N	Q	S	T	A	V	L	I	F	Y	W	H	M	C	P
0	0.64214	0.01504	0.01268	0.01093	0.01571	0.01715	0.00898	0.09337	0.04262	0.06538	0.01283	0.01393	0.00961	0.00735	0.00515	0.00230	0.00604	0.00465	0.00523	0.00890
1	0.00997	0.00690	0.00838	0.00910	0.00943	0.00666	0.00567	0.01072	0.01286	0.01715	0.05954	0.34573	0.05696	0.38006	0.02355	0.00506	0.00570	0.01549	0.00575	0.00531
2	0.01339	0.00955	0.01113	0.01118	0.01274	0.03212	0.00796	0.08580	0.01714	0.05358	0.08507	0.41133	0.06038	0.08349	0.03728	0.03266	0.00595	0.01563	0.00660	0.00702
3	0.01425	0.01198	0.01417	0.01088	0.01636	0.00920	0.00845	0.01718	0.01518	0.02324	0.01821	0.14536	0.01788	0.00871	0.00622	0.00145	0.00528	0.00742	0.00485	0.64375
4	0.02222	0.23819	0.02603	0.01682	0.02061	0.32568	0.01388	0.02509	0.04651	0.01844	0.01201	0.01476	0.01054	0.01035	0.03874	0.00250	0.13992	0.00515	0.00370	0.00885
5	0.16334	0.02507	0.01815	0.01607	0.01988	0.36285	0.01248	0.12100	0.02013	0.02540	0.01334	0.01587	0.01090	0.01236	0.07128	0.00300	0.04361	0.00537	0.03108	0.00884
6	0.01079	0.00723	0.00826	0.00826	0.00831	0.00729	0.00470	0.01090	0.01084	0.01451	0.02324	0.04776	0.02663	0.71025	0.06615	0.00740	0.00773	0.01068	0.00448	0.00459
7	0.01846	0.01595	0.01679	0.01511	0.01930	0.01846	0.01175	0.03945	0.67938	0.03105	0.03022	0.02770	0.02266	0.01007	0.00755	0.00252	0.00588	0.00839	0.00755	0.01175
8	0.01084	0.00715	0.00807	0.00816	0.00825	0.00713	0.00465	0.01106	0.01118	0.01520	0.02431	0.08205	0.02775	0.67129	0.03494	0.00675	0.00689	0.01114	0.03853	0.00468
9	0.01539	0.01319	0.01539	0.01100	0.01759	0.00990	0.00880	0.01869	0.01539	0.02419	0.01319	0.01539	0.01100	0.00550	0.00550	0.00110	0.00550	0.00440	0.00440	0.78449
10	0.01054	0.00709	0.00817	0.00842	0.00849	0.00703	0.00485	0.01073	0.01129	0.01506	0.02594	0.14847	0.03021	0.63482	0.03366	0.00659	0.00678	0.01230	0.00485	0.00472
11	0.01033	0.00745	0.00977	0.00946	0.01105	0.00689	0.00699	0.01357	0.02020	0.02848	0.61136	0.13666	0.06754	0.01614	0.00884	0.00242	0.00360	0.01434	0.00802	0.00689
12	0.00911	0.00654	0.00854	0.01010	0.01061	0.00609	0.00672	0.01037	0.01419	0.01880	0.04175	0.67192	0.07846	0.05535	0.01072	0.00318	0.00441	0.02038	0.00678	0.00597
13	0.01837	0.01764	0.03013	0.04557	0.69279	0.01764	0.02278	0.02278	0.01690	0.02425	0.01396	0.01837	0.01176	0.00661	0.00735	0.00220	0.00882	0.00661	0.00367	0.01176
14	0.03194	0.01317	0.01725	0.01330	0.01888	0.01190	0.01096	0.09645	0.02231	0.60471	0.02795	0.02466	0.01785	0.00914	0.00736	0.00226	0.00637	0.00737	0.04381	0.01238
15	0.01373	0.00696	0.00709	0.00709	0.00881	0.00700	0.00533	0.01716	0.01544	0.02731	0.02407	0.02773	0.01901	0.01030	0.02989	0.00209	0.00404	0.00696	0.75310	0.00691
16	0.02731	0.01379	0.01687	0.01373	0.01884	0.01360	0.01108	0.05978	0.23342	0.43060	0.03108	0.02770	0.04762	0.00986	0.00755	0.00237	0.00614	0.00808	0.00850	0.01208
17	0.01402	0.01319	0.02227	0.72126	0.05113	0.01649	0.02062	0.01897	0.01484	0.01897	0.01319	0.01979	0.00990	0.00742	0.00742	0.00247	0.00990	0.00660	0.00330	0.00825
18	0.01470	0.01218	0.04387	0.06328	0.04105	0.04196	0.01070	0.08802	0.01792	0.07007	0.06017	0.40808	0.06412	0.01702	0.00859	0.00268	0.00608	0.01503	0.00649	0.00797
19	0.01709	0.01535	0.01863	0.10612	0.04983	0.08945	0.06203	0.14645	0.01915	0.02461	0.02355	0.23116	0.02431	0.07779	0.01156	0.00299	0.04004	0.02600	0.00546	0.00842
20	0.02075	0.43492	0.09509	0.01499	0.02077	0.18402	0.01413	0.04639	0.01717	0.01936	0.01327	0.06315	0.01239	0.00799	0.00585	0.00186	0.00925	0.00559	0.00373	0.00932
21	0.01116	0.00826	0.01026	0.05911	0.01322	0.00867	0.00728	0.01394	0.07036	0.01773	0.02918	0.21474	0.05358	0.36476	0.08048	0.00565	0.00748	0.01280	0.00532	0.00601
22	0.05226	0.05282	0.11474	0.08129	0.17801	0.01877	0.20853	0.02278	0.04347	0.02321	0.01394	0.01809	0.01109	0.00753	0.00956	0.00242	0.09895	0.00686	0.00375	0.03192
23	0.00916	0.00660	0.00868	0.01013	0.01076	0.00612	0.00685	0.01066	0.01491	0.01992	0.09751	0.64851	0.07793	0.02238	0.00938	0.00294	0.00422	0.02022	0.00700	0.00612
24	0.79154	0.01436	0.01091	0.00976	0.01436	0.01665	0.00804	0.02182	0.01263	0.03331	0.01034	0.01206	0.00804	0.00689	0.00459	0.00230	0.00574	0.00402	0.00459	0.00804
25	0.01074	0.00777	0.00971	0.04488	0.01301	0.00714	0.00738	0.01314	0.01748	0.05342	0.24227	0.24440	0.26536	0.01795	0.00883	0.00258	0.00426	0.01567	0.00720	0.00681
26	0.01868	0.09523	0.13144	0.14290	0.22718	0.03748	0.01920	0.05167	0.07496	0.07076	0.01713	0.02174	0.01370	0.00806	0.00719	0.00229	0.00882	0.03647	0.00451	0.01059
27	0.01318	0.00855	0.01036	0.01020	0.01253	0.00782	0.00777	0.04381	0.01806	0.10349	0.13236	0.23675	0.26946	0.01809	0.00888	0.00267	0.00467	0.07659	0.00735	0.00740
28	0.01624	0.01624	0.02274	0.01949	0.01949	0.02274	0.01624	0.01787	0.01137	0.01787	0.00975	0.01624	0.00975	0.01299	0.02436	0.00325	0.72552	0.00650	0.00325	0.00812
29	0.09919	0.01818	0.01873	0.01520	0.02045	0.04913	0.01228	0.30292	0.20432	0.11884	0.02139	0.02056	0.01541	0.00887	0.00708	0.00226	0.00720	0.00681	0.00712	0.04405
30	0.00916	0.00660	0.00868	0.01014	0.01076	0.00612	0.00685	0.01066	0.01490	0.01991	0.09677	0.65000	0.07716	0.02240	0.00939	0.00294	0.00422	0.02024	0.00700	0.00612
31	0.01044	0.00758	0.00985	0.00947	0.01121	0.00700	0.00714	0.01379	0.02043	0.02865	0.61203	0.08124	0.09581	0.01584	0.00884	0.00241	0.00368	0.03964	0.00802	0.00693
32	0.01025	0.00756	0.00948	0.00901	0.01081	0.00690	0.00670	0.01336	0.01999	0.02767	0.56791	0.05771	0.16564	0.04264	0.00984	0.00254	0.00368	0.01368	0.00784	0.00680
33	0.01817	0.01743	0.02977	0.07678	0.66315	0.01759	0.02268	0.02261	0.01681	0.02401	0.01393	0.01844	0.01167	0.00665	0.00735	0.00222	0.00887	0.00661	0.00366	0.01160
34	0.08922	0.01155	0.03543	0.01160	0.01475	0.01130	0.00941	0.02377	0.16683	0.10798	0.05893	0.14765	0.02791	0.01263	0.00735	0.00245	0.00529	0.07019	0.17695	0.00880
35	0.79154	0.01436	0.01091	0.00976	0.01436	0.01665	0.00804	0.02182	0.01263	0.03331	0.01034	0.01206	0.00804	0.00689	0.00459	0.00230	0.00574	0.00402	0.00459	0.00804
36	0.01147	0.00792	0.00946	0.00927	0.00985	0.00818	0.00592	0.04123	0.01274	0.01729	0.05674	0.07505	0.02816	0.53068	0.13887	0.00728	0.00891	0.01076	0.00484	0.00540
37	0.05952	0.46531	0.09024	0.01459	0.02060	0.15130	0.01398	0.04554	0.01667	0.01991	0.01139	0.01332	0.00987	0.00850	0.03017	0.00213	0.00952	0.00449	0.00354	0.00941
38	0.08135	0.03676	0.01445	0.03962	0.04624	0.04128	0.01009	0.04690	0.01486	0.02338	0.01892	0.05960	0.01711	0.06862	0.12474	0.00417	0.10822	0.00754	0.22853	0.00761
39	0.02022	0.71002	0.03805	0.01301	0.01924	0.06159	0.01278	0.02258	0.01537	0.01750	0.01038	0.01198	0.00953	0.00641	0.00485	0.00160	0.00820	0.00401	0.00321	0.00948
40	0.01361	0.00958	0.04153	0.01036	0.01302	0.00791	0.00838	0.01709	0.02034	0.11751	0.51882	0.08239	0.08120	0.01453	0.00854	0.00237	0.00426	0.01272	0.00798	0.00786
41	0.04569	0.00849	0.01007	0.00956	0.01068	0.00881	0.00640	0.03683	0.01284	0.06484	0.02239	0.03978	0.02315	0.47138	0.16546	0.00723	0.00950	0.00944	0.03147	0.00600
42	0.01456	0.00850	0.01115	0.00997	0.01247	0.00768	0.00766	0.01789	0.02090	0.15020	0.54670	0.05059	0.08387	0.01423	0.00852	0.00233	0.00402	0.01243	0.00831	0.00799
43	0.01926	0.02007	0.02550	0.03318	0.38806	0.17039	0.05119	0.02303	0.01789	0.02250	0.01804	0.02916	0.01684	0.00934	0.00780	0.00237	0.00967	0.12133	0.00428	0.01008
44	0.01846	0.01595	0.01679	0.01511	0.01930	0.01846	0.01175	0.03945	0.67938	0.03105	0.03022	0.02770	0.02266	0.01007	0.00755	0.00252	0.00588	0.00839	0.00755	0.01175
45	0.31991	0.01935	0.01785	0.01443	0.01971	0.06840	0.01181	0.37659	0.02543	0.03964	0.01452	0.01531	0.01066	0.00805	0.00629	0.00223	0.00761	0.00553	0.00609	0.01059
46	0.00914	0.00662	0.00867	0.01027	0.01090	0.00614	0.00700	0.01056	0.01451	0.01915	0.04324	0.66277	0.09349	0.02284	0.00946	0.00300	0.00437	0.04492	0.00689	0.00608
47	0.00973	0.00699	0.00923	0.00987	0.01092	0.00648	0.00694	0.01205	0.01739	0.02400	0.34333	0.41745	0.05888	0.01949	0.00914	0.00270	0.00393	0.01752	0.00749	0.00648
48	0.05351	0.01222	0.01196	0.01046	0.01350	0.04300	0.00823	0.18931	0.02064	0.03215	0.02117	0.02379	0.01640	0.01035	0.03215	0.00228	0.00586	0.00667	0.47782	0.00854
49	0.01049	0.00746	0.00897	0.00956	0.01034	0.00721	0.00635	0.03341	0.01431	0.01886	0.05945	0.33643	0.10719	0.28520	0.01975	0.00447	0.00553	0.04316	0.00607	0.00579
50	0.01061	0.00795	0.01193	0.01193	0.01326	0.00928	0.00928	0.01326	0.01193	0.01723	0.01988	0.02916	0.01856	0.05568	0.70968	0.01193	0.01988	0.00795	0.00398	0.00663
51	0.02861	0.01582	0.01874	0.01462	0.02005	0.01606	0.01198	0.29988	0.05996	0.33777	0.07715	0.02467	0.02030	0.00959	0.00756	0.00228	0.00685	0.00766	0.00829	0.01214
52	0.15809	0.01714	0.02437	0.14632	0.38296	0.04792	0.01881	0.04416	0.01635	0.02525	0.01302	0.01713	0.01063	0.00720	0.00760	0.00230	0.04056	0.00606	0.00390	0.01024
53	0.01749	0.01193	0.01106	0.00993	0.01260	0.07090	0.00768	0.13587	0.01979	0.03040	0.05220	0.02592	0.01937	0.00891	0.00589	0.00186	0.00518	0.00699	0.53795	0.00810
54	0.72902	0.04114	0.04328	0.01038	0.01533	0.01713	0.00909	0.02191	0.01286	0.03230	0.01047	0.01222	0.00815	0.00688	0.00471	0.00227	0.00606	0.00408	0.00448	0.00823
55	0.01482	0.01249	0.01486	0.16925	0.02188	0.06834	0.01135	0.07531	0.01553	0.02072	0.01927	0.06045	0.01839	0.18766	0.15961	0.00544	0.03850	0.00839	0.07049	0.00726
56	0.00938	0.00682	0.00889	0.01024	0.01108	0.00633	0.00718	0.01109	0.01531	0.02030	0.10350	0.56172	0.10890	0.02190	0.00940	0.00294	0.00438	0.06744	0.00700	0.00620
57	0.11069	0.28946	0.13671	0.04106	0.02222	0.09382	0.01478	0.08000	0.03938	0.05431	0.04406	0.01659	0.01320	0.00758	0.00604	0.00201	0.00850	0.00537	0.00441	0.00981
58	0.01895	0.52019	0.03343	0.03909	0.02022	0.05662	0.01360	0.02127	0.01451	0.01762	0.01072	0.01372	0.00992	0.00956	0.03504	0.00234	0.14616	0.00473	0.00325	0.00906
59	0.03331	0.01263	0.01723	0.01321	0.01895	0.01091	0.01091	0.03618	0.02125	0.69794	0.02929	0.02527	0.01838	0.00919	0.00747	0.00230	0.00632	0.00747	0.00919	0.01263
60	0.01404	0.01310	0.01999	0.23897	0.02812	0.01657	0.04365	0.01701	0.01349	0.01906	0.01843	0.11190	0.03953	0.01441	0.04947	0.00329	0.28649	0.00890	0.03582	0.00779
61	0.04963	0.01742	0.02969	0.07459	0.60201	0.01760	0.05503	0.02262	0.01667	0.02435	0.01383	0.01827	0.01150	0.00664	0.00731	0.00224	0.00893	0.00662	0.00370	0.01136
62	0.01065	0.00771	0.01018	0.01025	0.01193	0.00723	0.00799	0.01392	0.01958	0.02710	0.48648	0.10956	0.08408	0.01698	0.00912	0.00262	0.00427	0.14572	0.00776	0.00688
63	0.01064	0.00713	0.00814	0.00829	0.00833	0.00709	0.00471	0.01076	0.01110	0.01480	0.02494	0.10922	0.02894	0.67580	0.03528	0.00683	0.00694	0.01171	0.00471	0.00463
64	0.01931	0.66763	0.11016	0.01361	0.02046	0.02807	0.01429	0.02237	0.01515	0.01812	0.01064	0.01231	0.00951	0.00643	0.00501	0.00167	0.00827	0.00413	0.00317	0.00968
65	0.01798	0.51569	0.21854	0.01490	0.02224	0.02495	0.01646	0.02202	0.01520	0.01919	0.01259	0.04716	0.01137	0.00734	0.00561	0.00186	0.00860	0.00520	0.00334	0.00976
66	0.00933	0.00765	0.00833	0.00870	0.01098	0.00665	0.00678	0.01145	0.01684	0.02038	0.06759	0.10154	0.55163	0.01928	0.00906	0.00268	0.00431	0.12358	0.00688	0.00635
67	0.01576	0.01296	0.01578	0.06616	0.01999	0.01033	0.00972	0.01918	0.01579	0.04903	0.04008	0.01766	0.01348	0.00616	0.00585	0.00130	0.00579	0.00503	0.00464	0.66530
68	0.01665	0.28913	0.46535	0.01815	0.02748	0.02155	0.02219	0.02305	0.01546	0.02136	0.01226	0.01433	0.00945	0.00680	0.00624	0.00208	0.00989	0.00495	0.00315	0.01046

[dist]
# distance from previous block
# <min> <max>
0	2

[block]
# block no. 4 follows, 27 sequences, length 12
# corresponding to MSA columns:
# 191-202
name=unknown_E
#
# <colnr> <probs for GDERKNQSTAVLIFYWHMCP>
#	G	D	E	R	K	N	Q	S	T	A	V	L	I	F	Y	W	H	M	C	P
0	0.01778	0.01661	0.02748	0.23006	0.47446	0.01766	0.02165	0.06167	0.01745	0.02419	0.01399	0.01873	0.01130	0.00698	0.00737	0.00228	0.00908	0.00661	0.00380	0.01084
1	0.02711	0.03045	0.02099	0.01833	0.02268	0.49496	0.01408	0.17884	0.07647	0.02584	0.01444	0.01555	0.01131	0.00814	0.00693	0.00203	0.01158	0.00551	0.00496	0.00979
2	0.01050	0.00786	0.00985	0.00916	0.01126	0.00704	0.00690	0.01377	0.02016	0.02812	0.56889	0.05574	0.15464	0.01521	0.00860	0.00230	0.00364	0.01330	0.00781	0.04526
3	0.01039	0.00758	0.00977	0.00922	0.01102	0.00696	0.00691	0.01379	0.02074	0.02913	0.64855	0.05650	0.11077	0.01541	0.00876	0.00235	0.00352	0.01357	0.00809	0.00696
4	0.02608	0.01940	0.02072	0.01629	0.02177	0.02156	0.01332	0.54370	0.12856	0.04354	0.01996	0.01976	0.01441	0.00907	0.00733	0.00225	0.00760	0.00695	0.04553	0.01222
5	0.01289	0.00645	0.00967	0.00967	0.00967	0.00645	0.00645	0.00967	0.00967	0.01289	0.01289	0.02257	0.01289	0.02579	0.02901	0.78401	0.00645	0.00645	0.00322	0.00322
6	0.01846	0.01595	0.01679	0.01511	0.01930	0.01846	0.01175	0.03945	0.67938	0.03105	0.03022	0.02770	0.02266	0.01007	0.00755	0.00252	0.00588	0.00839	0.00755	0.01175
7	0.03331	0.01263	0.01723	0.01321	0.01895	0.01091	0.01091	0.03618	0.02125	0.69794	0.02929	0.02527	0.01838	0.00919	0.00747	0.00230	0.00632	0.00747	0.00919	0.01263
8	0.00963	0.00750	0.00853	0.00908	0.01082	0.00675	0.00678	0.01145	0.01576	0.01954	0.05723	0.16794	0.39742	0.11257	0.01287	0.00334	0.00482	0.12527	0.00657	0.00610
9	0.00975	0.00757	0.00837	0.00852	0.01030	0.00681	0.00623	0.01152	0.01591	0.01986	0.11191	0.06633	0.41161	0.18155	0.01550	0.00366	0.00487	0.08727	0.00645	0.00600
10	0.05733	0.01825	0.01926	0.01537	0.02052	0.02029	0.01252	0.46825	0.13772	0.04160	0.02022	0.02025	0.01476	0.00899	0.00709	0.00223	0.00719	0.00688	0.08962	0.01168
11	0.79154	0.01436	0.01091	0.00976	0.01436	0.01665	0.00804	0.02182	0.01263	0.03331	0.01034	0.01206	0.00804	0.00689	0.00459	0.00230	0.00574	0.00402	0.00459	0.00804

[dist]
# distance from previous block
# <min> <max>
0	11

[block]
# block no. 5 follows, 27 sequences, length 179
# corresponding to MSA columns:
# 214-392
name=unknown_F
#
# <colnr> <probs for GDERKNQSTAVLIFYWHMCP>
#	G	D	E	R	K	N	Q	S	T	A	V	L	I	F	Y	W	H	M	C	P
0	0.21131	0.33805	0.09446	0.01370	0.01983	0.07272	0.01317	0.07946	0.01704	0.06313	0.01243	0.01370	0.00992	0.00703	0.00548	0.00196	0.00803	0.00463	0.00428	0.00968
1	0.01170	0.00766	0.01006	0.01102	0.01236	0.00723	0.00810	0.01415	0.03418	0.07218	0.07579	0.48005	0.08241	0.02069	0.00932	0.00295	0.00485	0.12129	0.00714	0.00689
2	0.01080	0.00720	0.00810	0.00810	0.00810	0.00720	0.00450	0.01080	0.01080	0.01439	0.02339	0.04858	0.02699	0.73910	0.03779	0.00720	0.00720	0.01080	0.00450	0.00450
3	0.01545	0.01432	0.02302	0.36895	0.21198	0.01600	0.04000	0.04474	0.05406	0.02234	0.02087	0.04765	0.07136	0.00888	0.00764	0.00242	0.00869	0.00804	0.00424	0.00935
4	0.12178	0.01684	0.06556	0.30181	0.20154	0.01728	0.04600	0.07684	0.01702	0.02522	0.01425	0.01984	0.01133	0.00759	0.00714	0.00238	0.00900	0.02486	0.00404	0.00968
5	0.01317	0.00947	0.01178	0.01223	0.01389	0.00963	0.00936	0.11841	0.01812	0.02404	0.03518	0.36542	0.03938	0.08205	0.01182	0.00337	0.00593	0.20277	0.00675	0.00721
6	0.00928	0.00668	0.00879	0.01007	0.01080	0.00620	0.00687	0.01096	0.01544	0.02079	0.14983	0.59852	0.07470	0.02176	0.00933	0.00288	0.00415	0.01964	0.00710	0.00620
7	0.01693	0.06078	0.55940	0.02042	0.02996	0.07803	0.02469	0.05799	0.01699	0.02388	0.01317	0.01548	0.00960	0.00739	0.00757	0.00231	0.03582	0.00547	0.00343	0.01071
8	0.01383	0.01075	0.01468	0.04116	0.07579	0.01119	0.01305	0.04315	0.09240	0.02413	0.03556	0.06666	0.05688	0.01718	0.00944	0.00310	0.00695	0.44949	0.00654	0.00806
9	0.67497	0.04331	0.01310	0.01095	0.01552	0.09738	0.00894	0.02274	0.01370	0.03098	0.01047	0.01221	0.00827	0.00696	0.00484	0.00223	0.00671	0.00411	0.00445	0.00816
10	0.01002	0.00720	0.00937	0.01033	0.01125	0.00682	0.00716	0.03291	0.01648	0.02240	0.19139	0.55217	0.05278	0.02090	0.00924	0.00283	0.00425	0.01884	0.00721	0.00648
11	0.01668	0.01459	0.02330	0.40917	0.21561	0.01650	0.01938	0.07663	0.01757	0.04284	0.04329	0.04176	0.01453	0.00817	0.00752	0.00239	0.00893	0.00734	0.00424	0.00957
12	0.01694	0.01315	0.01555	0.01119	0.01771	0.00998	0.00898	0.02021	0.01590	0.08248	0.01459	0.01625	0.01163	0.00582	0.00567	0.00120	0.00557	0.00466	0.00481	0.71771
13	0.01985	0.74357	0.03890	0.01270	0.01905	0.02937	0.01270	0.02223	0.01508	0.01747	0.01032	0.01191	0.00953	0.00635	0.00476	0.00159	0.00794	0.00397	0.00318	0.00953
14	0.14302	0.01903	0.01969	0.01540	0.02089	0.02114	0.01268	0.53327	0.03043	0.04366	0.01705	0.01751	0.01229	0.00859	0.00687	0.00221	0.00753	0.00629	0.05081	0.01161
15	0.01059	0.00731	0.00907	0.00922	0.00958	0.00760	0.00587	0.01135	0.01138	0.01549	0.02411	0.10519	0.02693	0.50972	0.19785	0.00797	0.01001	0.01103	0.00459	0.00515
16	0.02014	0.01551	0.01680	0.01439	0.01845	0.01726	0.01122	0.21086	0.34753	0.05541	0.06916	0.05104	0.02403	0.08129	0.01059	0.00289	0.00646	0.00884	0.00729	0.01083
17	0.00905	0.00692	0.00831	0.00925	0.01052	0.00619	0.00645	0.01072	0.01568	0.02013	0.09990	0.44670	0.28134	0.02107	0.00917	0.00278	0.00405	0.01859	0.00698	0.00619
18	0.01051	0.00759	0.00992	0.00934	0.01109	0.00700	0.00700	0.01401	0.02101	0.02977	0.68888	0.05545	0.07005	0.01518	0.00876	0.00233	0.00350	0.01343	0.00817	0.00700
19	0.01533	0.01486	0.02617	0.50359	0.19025	0.01697	0.08642	0.02029	0.01557	0.02061	0.01355	0.01951	0.01044	0.00713	0.00754	0.00242	0.00993	0.00682	0.00343	0.00919
20	0.01327	0.00823	0.01048	0.00955	0.01186	0.00742	0.00724	0.01633	0.02010	0.11549	0.49252	0.05348	0.14820	0.04122	0.00964	0.00253	0.00404	0.01286	0.00799	0.00755
21	0.00912	0.00656	0.00865	0.01019	0.01076	0.00609	0.00686	0.01056	0.01469	0.01960	0.07877	0.67409	0.07125	0.02265	0.00941	0.00296	0.00424	0.02049	0.00696	0.00609
22	0.02400	0.01678	0.01903	0.06093	0.02197	0.01844	0.01278	0.41086	0.07145	0.09219	0.02073	0.04448	0.01574	0.01251	0.05446	0.00290	0.00823	0.00744	0.07393	0.01117
23	0.03331	0.01263	0.01723	0.01321	0.01895	0.01091	0.01091	0.03618	0.02125	0.69794	0.02929	0.02527	0.01838	0.00919	0.00747	0.00230	0.00632	0.00747	0.00919	0.01263
24	0.01384	0.00692	0.00692	0.00692	0.00865	0.00692	0.00519	0.01730	0.01557	0.02768	0.02422	0.02768	0.01903	0.00865	0.00519	0.00173	0.00346	0.00692	0.78031	0.00692
25	0.04610	0.01525	0.01745	0.01399	0.01884	0.01585	0.01134	0.28762	0.08747	0.21496	0.13572	0.02900	0.05191	0.01048	0.00765	0.00230	0.00644	0.00846	0.00793	0.01123
26	0.01570	0.01813	0.08753	0.29335	0.05701	0.01857	0.20781	0.02063	0.01502	0.02067	0.01303	0.01871	0.01027	0.00821	0.01135	0.00263	0.16177	0.00711	0.00342	0.00907
27	0.01003	0.00742	0.00945	0.01029	0.01139	0.00712	0.00720	0.01322	0.06068	0.02251	0.20366	0.49021	0.07849	0.02017	0.00914	0.00279	0.00419	0.01811	0.00726	0.00667
28	0.72435	0.01644	0.07058	0.01075	0.01589	0.01670	0.00972	0.02197	0.01290	0.03246	0.01060	0.01237	0.00816	0.00691	0.00481	0.00230	0.00620	0.00415	0.00447	0.00829
29	0.01972	0.68076	0.03814	0.01555	0.07734	0.02836	0.01357	0.02228	0.01524	0.01805	0.01064	0.01247	0.00972	0.00637	0.00499	0.00164	0.00802	0.00420	0.00322	0.00972
30	0.01152	0.00761	0.00985	0.01053	0.01168	0.00722	0.00733	0.03985	0.01638	0.06007	0.13846	0.52968	0.04810	0.05172	0.01039	0.00302	0.00458	0.01810	0.00714	0.00676
31	0.02234	0.14284	0.12757	0.10268	0.08476	0.08980	0.01700	0.17009	0.04988	0.09961	0.01614	0.01758	0.01197	0.00778	0.00686	0.00216	0.00904	0.00600	0.00508	0.01082
32	0.02535	0.01892	0.01902	0.01535	0.02014	0.08329	0.01225	0.38995	0.09474	0.10110	0.02044	0.02235	0.01552	0.07210	0.00987	0.00264	0.00789	0.00712	0.05083	0.01113
33	0.67120	0.01381	0.01139	0.01000	0.01460	0.01551	0.00821	0.02272	0.01376	0.10169	0.01575	0.01658	0.04528	0.00776	0.00511	0.00231	0.00570	0.00500	0.00519	0.00842
34	0.04771	0.03154	0.51545	0.11338	0.05581	0.01660	0.02438	0.02286	0.01582	0.04326	0.03662	0.01779	0.01182	0.00742	0.00708	0.00236	0.01015	0.00594	0.00358	0.01043
35	0.01289	0.00645	0.00967	0.00967	0.00967	0.00645	0.00645	0.00967	0.00967	0.01289	0.01289	0.02257	0.01289	0.02579	0.02901	0.78401	0.00645	0.00645	0.00322	0.00322
36	0.00885	0.00747	0.00766	0.00773	0.01010	0.00628	0.00575	0.01075	0.01692	0.02033	0.09424	0.10606	0.63474	0.01891	0.00881	0.00253	0.00378	0.01588	0.00694	0.00628
37	0.01799	0.35169	0.02876	0.01513	0.01845	0.02384	0.01351	0.02020	0.01439	0.04431	0.07672	0.01838	0.01583	0.00999	0.01315	0.00236	0.29653	0.00604	0.00392	0.00883
38	0.13971	0.04128	0.08020	0.28170	0.22361	0.04293	0.01883	0.02108	0.01521	0.02286	0.01280	0.01741	0.01017	0.00768	0.00755	0.02913	0.00897	0.00594	0.00361	0.00933
39	0.01186	0.00839	0.01136	0.01118	0.01270	0.00946	0.00864	0.03850	0.01378	0.02048	0.02374	0.07833	0.04466	0.04046	0.46003	0.00848	0.03699	0.00886	0.14520	0.00690
40	0.01296	0.00842	0.01040	0.01022	0.01274	0.00759	0.00823	0.01574	0.01845	0.10441	0.20545	0.06529	0.29534	0.01723	0.00899	0.00268	0.00480	0.17624	0.00746	0.00735
41	0.01926	0.01934	0.13085	0.06295	0.02296	0.04046	0.01469	0.15258	0.20853	0.07328	0.13009	0.02870	0.02517	0.01015	0.00767	0.00239	0.00737	0.02639	0.00656	0.01059
42	0.01743	0.09323	0.43995	0.02007	0.02887	0.05791	0.06891	0.08003	0.05281	0.02491	0.01459	0.01682	0.01085	0.00894	0.03089	0.00260	0.01075	0.00589	0.00386	0.01068
43	0.01544	0.01408	0.01242	0.01228	0.01475	0.15001	0.00954	0.01907	0.06563	0.04465	0.03974	0.08861	0.19555	0.06757	0.01048	0.00292	0.00696	0.16645	0.05645	0.00740
44	0.62125	0.03682	0.08042	0.01285	0.05209	0.01673	0.01081	0.02173	0.01357	0.03128	0.03828	0.01450	0.01092	0.00721	0.00515	0.00228	0.00639	0.00468	0.00451	0.00852
45	0.01100	0.00800	0.01076	0.01228	0.01382	0.00777	0.01019	0.01380	0.01648	0.02130	0.04380	0.21520	0.11903	0.02087	0.00992	0.00323	0.00596	0.44313	0.00685	0.00661
46	0.24847	0.01919	0.13976	0.01621	0.02198	0.01643	0.10120	0.07013	0.05188	0.07801	0.03504	0.01866	0.01331	0.00803	0.00763	0.00233	0.05433	0.00623	0.05701	0.03417
47	0.06776	0.01485	0.02429	0.43438	0.27573	0.01691	0.02054	0.02051	0.01542	0.02180	0.01328	0.01877	0.01043	0.00710	0.00721	0.00237	0.00924	0.00643	0.00352	0.00948
48	0.02743	0.06205	0.02171	0.01888	0.02280	0.68369	0.01428	0.02936	0.02081	0.01814	0.01143	0.01333	0.00956	0.00760	0.00662	0.00190	0.01318	0.00475	0.00380	0.00864
49	0.01290	0.00934	0.01136	0.01021	0.01256	0.00912	0.00783	0.10197	0.02249	0.03148	0.54495	0.05036	0.09358	0.01432	0.00846	0.00231	0.00414	0.01243	0.03245	0.00772
50	0.01076	0.00726	0.00840	0.00835	0.00855	0.00726	0.00489	0.01117	0.01172	0.01583	0.08084	0.04845	0.03040	0.65088	0.06044	0.00695	0.00735	0.01092	0.00480	0.00479
51	0.01030	0.00743	0.00974	0.00948	0.01105	0.00687	0.00699	0.01350	0.02006	0.02826	0.59844	0.15019	0.06712	0.01630	0.00886	0.00243	0.00361	0.01450	0.00799	0.00687
52	0.11653	0.01808	0.01784	0.08299	0.02238	0.15263	0.01234	0.08574	0.04722	0.31484	0.02086	0.02037	0.01429	0.00844	0.00690	0.00222	0.00806	0.00640	0.03121	0.01065
53	0.01846	0.01595	0.01679	0.01511	0.01930	0.01846	0.01175	0.03945	0.67938	0.03105	0.03022	0.02770	0.02266	0.01007	0.00755	0.00252	0.00588	0.00839	0.00755	0.01175
54	0.09315	0.01782	0.02023	0.01795	0.07893	0.01927	0.01342	0.34816	0.13633	0.14738	0.02077	0.02023	0.01476	0.00877	0.00720	0.00229	0.00733	0.00686	0.00716	0.01201
55	0.00910	0.00650	0.00866	0.01030	0.01078	0.00607	0.00690	0.01048	0.01447	0.01936	0.06532	0.70869	0.04989	0.02295	0.00945	0.00299	0.00428	0.02082	0.00694	0.00607
56	0.01015	0.00747	0.00950	0.00922	0.01093	0.00682	0.00683	0.01324	0.01984	0.02752	0.55063	0.12534	0.14203	0.01642	0.00883	0.00242	0.00361	0.01446	0.00789	0.00682
57	0.02116	0.62582	0.03593	0.01377	0.01970	0.14242	0.01298	0.02346	0.01607	0.01758	0.01051	0.01215	0.00953	0.00657	0.00508	0.00164	0.00884	0.00410	0.00328	0.00937
58	0.01143	0.00831	0.01121	0.01274	0.01420	0.00831	0.01042	0.01513	0.05136	0.02170	0.03931	0.27722	0.04359	0.02078	0.00988	0.00325	0.00602	0.42141	0.00689	0.00685
59	0.01061	0.00793	0.01179	0.01179	0.01307	0.00920	0.00911	0.01317	0.01189	0.01713	0.02001	0.02987	0.01887	0.08053	0.68525	0.01176	0.01942	0.00806	0.00400	0.00655
60	0.05412	0.01220	0.01595	0.01267	0.01771	0.01105	0.01032	0.03278	0.06512	0.53641	0.12231	0.02928	0.02565	0.01002	0.00756	0.00232	0.00587	0.00826	0.00878	0.01162
61	0.01837	0.01764	0.03013	0.04557	0.69279	0.01764	0.02278	0.02278	0.01690	0.02425	0.01396	0.01837	0.01176	0.00661	0.00735	0.00220	0.00882	0.00661	0.00367	0.01176
62	0.01444	0.00820	0.00914	0.05714	0.01251	0.00877	0.00701	0.03955	0.01601	0.02733	0.02265	0.02633	0.01780	0.00875	0.00620	0.00186	0.03328	0.00687	0.66891	0.00725
63	0.79154	0.01436	0.01091	0.00976	0.01436	0.01665	0.00804	0.02182	0.01263	0.03331	0.01034	0.01206	0.00804	0.00689	0.00459	0.00230	0.00574	0.00402	0.00459	0.00804
64	0.02322	0.07667	0.06059	0.02295	0.15588	0.27874	0.03384	0.14438	0.02150	0.02590	0.01437	0.01664	0.01142	0.00760	0.00677	0.00203	0.01011	0.00577	0.07156	0.01007
65	0.01184	0.00845	0.01182	0.01353	0.01518	0.00844	0.01174	0.01516	0.01696	0.02207	0.03938	0.11200	0.04300	0.02063	0.01022	0.00340	0.00673	0.61581	0.00684	0.00680
66	0.01678	0.09614	0.56098	0.01934	0.02915	0.01740	0.02404	0.02419	0.01628	0.08201	0.03676	0.01750	0.01220	0.00745	0.00695	0.00228	0.01006	0.00579	0.00383	0.01086
67	0.01820	0.02010	0.11839	0.07011	0.53218	0.01735	0.04510	0.02320	0.01682	0.04680	0.01440	0.01837	0.01157	0.00678	0.00737	0.00225	0.00919	0.00657	0.00378	0.01147
68	0.03331	0.01263	0.01723	0.01321	0.01895	0.01091	0.01091	0.03618	0.02125	0.69794	0.02929	0.02527	0.01838	0.00919	0.00747	0.00230	0.00632	0.00747	0.00919	0.01263
69	0.01490	0.01442	0.02235	0.56538	0.10206	0.04659	0.01973	0.01934	0.01508	0.01933	0.01416	0.04903	0.01167	0.00832	0.00837	0.00249	0.04768	0.00712	0.00350	0.00847
70	0.03904	0.01524	0.09688	0.08678	0.02063	0.01359	0.01247	0.17213	0.01975	0.06417	0.02267	0.08203	0.03891	0.03807	0.07206	0.00328	0.00806	0.00825	0.17694	0.00903
71	0.01217	0.00828	0.01033	0.00975	0.01190	0.00769	0.00732	0.01610	0.05468	0.07557	0.45176	0.12014	0.15429	0.01580	0.00867	0.00243	0.00395	0.01381	0.00790	0.00746
