[name]
unknown

[dist]
# distance from previous block
# <min> <max>
0	1

[block]
# block no. 0 follows, 28 sequences, length 10
# corresponding to MSA columns:
# 1-10
name=unknown_A
#
# <colnr> <probs for GDERKNQSTAVLIFYWHMCP>
#	G	D	E	R	K	N	Q	S	T	A	V	L	I	F	Y	W	H	M	C	P
0	0.01171	0.00837	0.01171	0.01339	0.01506	0.00837	0.01171	0.01506	0.01673	0.02175	0.03849	0.08199	0.04183	0.02008	0.01004	0.00335	0.00669	0.65027	0.00669	0.00669
1	0.03261	0.01237	0.01687	0.01293	0.01856	0.01068	0.01068	0.03543	0.02081	0.70423	0.02868	0.02474	0.01799	0.00900	0.00731	0.00225	0.00619	0.00731	0.00900	0.01237
2	0.01507	0.00842	0.01118	0.01006	0.01252	0.00762	0.00769	0.01817	0.02004	0.17650	0.49146	0.10791	0.05568	0.01427	0.00836	0.00234	0.00410	0.01252	0.00811	0.00799
3	0.02394	0.01760	0.01929	0.01479	0.02042	0.01835	0.01203	0.44700	0.05675	0.06722	0.01770	0.01896	0.01329	0.03968	0.00814	0.00216	0.00721	0.00633	0.00658	0.18257
4	0.01458	0.03760	0.70688	0.02072	0.03146	0.01688	0.02686	0.02302	0.01535	0.02302	0.01304	0.01535	0.00921	0.00691	0.00691	0.00230	0.01074	0.00537	0.00307	0.01074
5	0.01565	0.19384	0.55997	0.01890	0.02865	0.01949	0.02369	0.02274	0.01522	0.02172	0.01240	0.01454	0.00923	0.00676	0.00641	0.00214	0.01009	0.00505	0.00308	0.01043
6	0.01425	0.03528	0.65326	0.01983	0.02988	0.01611	0.02532	0.02230	0.01575	0.02349	0.06552	0.01834	0.01377	0.00752	0.00703	0.00230	0.01018	0.00597	0.00345	0.01044
7	0.02035	0.01333	0.01404	0.01158	0.01526	0.01439	0.00930	0.33461	0.02438	0.03613	0.02069	0.02244	0.01560	0.00859	0.00614	0.00193	0.00561	0.00666	0.40948	0.00947
8	0.02672	0.01982	0.02133	0.01629	0.02216	0.02161	0.01344	0.62725	0.03279	0.04420	0.01712	0.01728	0.01225	0.00848	0.00713	0.00210	0.00781	0.00638	0.00706	0.06878
9	0.02685	0.01869	0.01960	0.01566	0.02096	0.06759	0.01270	0.36621	0.15634	0.18549	0.02183	0.02062	0.01529	0.00892	0.00725	0.00223	0.00752	0.00691	0.00743	0.01192

[dist]
# distance from previous block
# <min> <max>
0	1

[block]
# block no. 1 follows, 28 sequences, length 6
# corresponding to MSA columns:
# 12-17
name=unknown_B
#
# <colnr> <probs for GDERKNQSTAVLIFYWHMCP>
#	G	D	E	R	K	N	Q	S	T	A	V	L	I	F	Y	W	H	M	C	P
0	0.02174	0.01901	0.02590	0.10770	0.23261	0.05265	0.07304	0.28968	0.02358	0.03163	0.01494	0.01775	0.01143	0.00776	0.00798	0.00225	0.03766	0.00659	0.00506	0.01104
1	0.06522	0.01797	0.02038	0.10339	0.02482	0.01960	0.01369	0.46379	0.02823	0.09204	0.01708	0.01781	0.01213	0.00823	0.00700	0.00214	0.00776	0.00630	0.00656	0.06587
2	0.19831	0.01795	0.02090	0.13538	0.02645	0.10304	0.09497	0.14382	0.01981	0.14811	0.01591	0.01752	0.01136	0.00761	0.00673	0.00224	0.00859	0.00610	0.00539	0.00983
3	0.14220	0.01907	0.01910	0.06241	0.02210	0.10473	0.01289	0.30015	0.02378	0.11064	0.01577	0.01679	0.01150	0.00832	0.00783	0.00219	0.05858	0.00587	0.00591	0.05015
4	0.02490	0.01761	0.01933	0.01477	0.02044	0.01839	0.01212	0.46913	0.02859	0.09004	0.01785	0.01815	0.01287	0.00813	0.00680	0.00196	0.00711	0.00621	0.05339	0.15222
5	0.02540	0.01985	0.02054	0.10383	0.02505	0.11282	0.01386	0.38053	0.02685	0.11208	0.01697	0.01774	0.01214	0.00814	0.00703	0.00209	0.00848	0.00619	0.00625	0.07417

[dist]
# distance from previous block
# <min> <max>
0	14

[block]
# block no. 2 follows, 28 sequences, length 73
# corresponding to MSA columns:
# 32-104
name=unknown_C
#
# <colnr> <probs for GDERKNQSTAVLIFYWHMCP>
#	G	D	E	R	K	N	Q	S	T	A	V	L	I	F	Y	W	H	M	C	P
0	0.02576	0.02024	0.02067	0.08198	0.02422	0.10440	0.01380	0.45349	0.02865	0.08026	0.01703	0.01778	0.01225	0.00834	0.00706	0.00212	0.00843	0.00629	0.03037	0.03686
1	0.08543	0.01815	0.02028	0.11674	0.02512	0.11847	0.05548	0.17701	0.04326	0.19128	0.04508	0.02027	0.01494	0.00847	0.00753	0.00225	0.02716	0.00668	0.00608	0.01030
2	0.38987	0.08168	0.01755	0.01283	0.01793	0.07498	0.01065	0.22554	0.02016	0.03376	0.01263	0.01381	0.00966	0.00731	0.00558	0.00208	0.00714	0.00482	0.00517	0.04683
3	0.04357	0.13684	0.01997	0.10645	0.02160	0.01610	0.01171	0.10862	0.08619	0.14010	0.11940	0.02566	0.04388	0.00912	0.00683	0.00207	0.00653	0.00735	0.00607	0.08195
4	0.01629	0.01526	0.01896	0.01654	0.01759	0.06304	0.01343	0.07460	0.01396	0.02000	0.01329	0.02014	0.01250	0.05618	0.15005	0.00474	0.43101	0.00676	0.02778	0.00788
5	0.01040	0.00774	0.01146	0.01146	0.01268	0.00896	0.00881	0.01284	0.01162	0.01671	0.01967	0.02969	0.01866	0.09554	0.67538	0.01141	0.01873	0.00795	0.00392	0.00637
6	0.00886	0.00633	0.00843	0.01012	0.01054	0.00590	0.00675	0.01012	0.01392	0.01856	0.04006	0.73979	0.04808	0.02277	0.00928	0.00295	0.00422	0.02066	0.00675	0.00590
7	0.03166	0.01390	0.01781	0.01366	0.01932	0.01295	0.01128	0.15759	0.02336	0.57845	0.02653	0.02335	0.01692	0.00895	0.00730	0.00224	0.00653	0.00716	0.00867	0.01237
8	0.01799	0.01727	0.02950	0.04462	0.69919	0.01727	0.02231	0.02231	0.01655	0.02375	0.01367	0.01799	0.01151	0.00648	0.00720	0.00216	0.00864	0.00648	0.00360	0.01151
9	0.01552	0.00942	0.00969	0.00898	0.01143	0.01003	0.00691	0.07693	0.12967	0.02926	0.02416	0.02628	0.01869	0.00873	0.00566	0.00187	0.00418	0.00700	0.58756	0.00805
10	0.01012	0.00742	0.00948	0.00897	0.01076	0.00679	0.00673	0.01339	0.02018	0.02821	0.63363	0.05585	0.13091	0.01521	0.00858	0.00230	0.00345	0.01336	0.00788	0.00679
11	0.00892	0.00638	0.00850	0.01008	0.01056	0.00595	0.00675	0.01029	0.01423	0.01906	0.07097	0.70747	0.04904	0.02240	0.00924	0.00292	0.00418	0.02031	0.00681	0.00595
12	0.01454	0.01369	0.02290	0.57765	0.16368	0.01609	0.02010	0.01922	0.01491	0.01969	0.01305	0.01896	0.01006	0.00705	0.00718	0.00232	0.00933	0.00638	0.00334	0.03985
13	0.59792	0.01413	0.01213	0.01015	0.01512	0.01525	0.00831	0.05239	0.01398	0.03142	0.01105	0.01275	0.00869	0.00656	0.00481	0.00200	0.00569	0.00414	0.00459	0.16890
14	0.02718	0.02013	0.02156	0.01663	0.02237	0.02233	0.01371	0.64450	0.06538	0.04507	0.01803	0.01791	0.01283	0.00878	0.00728	0.00220	0.00789	0.00662	0.00728	0.01232
15	0.01362	0.00817	0.01078	0.00971	0.01201	0.00743	0.00743	0.01696	0.02061	0.12989	0.59587	0.04989	0.06104	0.01399	0.00838	0.00228	0.00384	0.01227	0.00815	0.00768
16	0.01015	0.00736	0.00956	0.00915	0.01081	0.00678	0.00681	0.01340	0.02005	0.02821	0.63645	0.09555	0.08751	0.01544	0.00862	0.00233	0.00348	0.01366	0.00789	0.00678
17	0.00886	0.00633	0.00843	0.01012	0.01054	0.00590	0.00675	0.01012	0.01392	0.01856	0.04006	0.73979	0.04808	0.02277	0.00928	0.00295	0.00422	0.02066	0.00675	0.00590
18	0.01698	0.01907	0.03992	0.02897	0.03527	0.01894	0.57825	0.02245	0.01629	0.02245	0.01396	0.01907	0.01082	0.00708	0.01078	0.00256	0.11573	0.00826	0.00361	0.00954
19	0.01140	0.00768	0.01007	0.00933	0.01124	0.00705	0.00705	0.01480	0.02059	0.06282	0.66211	0.05282	0.06606	0.01457	0.00851	0.00228	0.00357	0.01285	0.00805	0.00713
20	0.01756	0.00878	0.01178	0.01078	0.01342	0.00787	0.00815	0.02007	0.01849	0.25961	0.25121	0.26704	0.04439	0.01540	0.00836	0.00249	0.00464	0.01357	0.00794	0.00846
21	0.01271	0.01017	0.01484	0.01340	0.01539	0.01166	0.04202	0.05377	0.01357	0.01981	0.01796	0.02539	0.01623	0.04034	0.49600	0.00876	0.09300	0.00738	0.04298	0.04462
22	0.65008	0.01374	0.01187	0.01020	0.01492	0.01523	0.00841	0.02405	0.01398	0.16091	0.01367	0.01428	0.00981	0.00718	0.00504	0.00225	0.00573	0.00458	0.00536	0.00873
23	0.01453	0.01393	0.02039	0.16138	0.02434	0.01881	0.01563	0.01695	0.01191	0.01761	0.01190	0.01874	0.01102	0.01864	0.13681	0.00446	0.46528	0.00662	0.00331	0.00773
24	0.00925	0.00698	0.00783	0.00829	0.00946	0.00634	0.00553	0.01039	0.01407	0.01770	0.04939	0.24794	0.31970	0.23417	0.01717	0.00395	0.00482	0.01540	0.00606	0.00556
25	0.01373	0.01292	0.02180	0.72707	0.05006	0.01615	0.02019	0.01857	0.01453	0.01857	0.01292	0.01938	0.00969	0.00727	0.00727	0.00242	0.00969	0.00646	0.00323	0.00807
26	0.02706	0.01991	0.02135	0.01643	0.02205	0.02202	0.01350	0.65259	0.03338	0.04474	0.01764	0.01847	0.01284	0.03350	0.00827	0.00235	0.00797	0.00668	0.00718	0.01209
27	0.01606	0.01346	0.01598	0.05830	0.01970	0.01130	0.00984	0.08482	0.01694	0.02543	0.01428	0.03948	0.01209	0.00642	0.00583	0.00134	0.00589	0.00521	0.00462	0.63301
28	0.02503	0.01963	0.02016	0.01613	0.02129	0.05565	0.01303	0.48593	0.17145	0.04011	0.01990	0.02026	0.01476	0.03262	0.00822	0.00238	0.00775	0.00694	0.00703	0.01173
29	0.02651	0.01951	0.02101	0.01626	0.02173	0.02159	0.01333	0.63167	0.03267	0.04382	0.01771	0.01889	0.01305	0.03746	0.02818	0.00263	0.00828	0.00673	0.00707	0.01190
30	0.01806	0.05364	0.01899	0.16937	0.05509	0.20490	0.01371	0.08602	0.01752	0.02079	0.01676	0.08090	0.01544	0.04185	0.15105	0.00426	0.01173	0.00747	0.00426	0.00820
31	0.01943	0.74891	0.03809	0.01244	0.01866	0.02876	0.01244	0.02177	0.01477	0.01710	0.01011	0.01166	0.00933	0.00622	0.00466	0.00155	0.00777	0.00389	0.00311	0.00933
32	0.00951	0.00740	0.00864	0.00833	0.01038	0.00653	0.00625	0.01222	0.01875	0.02481	0.41155	0.06145	0.35510	0.01648	0.00858	0.00236	0.00354	0.01415	0.00743	0.00653
33	0.01015	0.00742	0.00953	0.00900	0.01078	0.00680	0.00675	0.01345	0.02025	0.02838	0.64511	0.05556	0.11931	0.01515	0.00857	0.00230	0.00345	0.01332	0.00790	0.00680
34	0.01051	0.00702	0.00795	0.00801	0.00802	0.00701	0.00449	0.01055	0.01069	0.01426	0.02353	0.07302	0.02722	0.71801	0.03598	0.00690	0.00694	0.01094	0.00449	0.00446
35	0.75051	0.01396	0.01105	0.00976	0.01433	0.01597	0.00804	0.02220	0.01287	0.07254	0.01122	0.01258	0.00847	0.00688	0.00467	0.00225	0.00566	0.00414	0.00477	0.00814
36	0.01799	0.01727	0.02950	0.04462	0.69919	0.01727	0.02231	0.02231	0.01655	0.02375	0.01367	0.01799	0.01151	0.00648	0.00720	0.00216	0.00864	0.00648	0.00360	0.01151
37	0.01458	0.03760	0.70688	0.02072	0.03146	0.01688	0.02686	0.02302	0.01535	0.02302	0.01304	0.01535	0.00921	0.00691	0.00691	0.00230	0.01074	0.00537	0.00307	0.01074
38	0.01807	0.01571	0.01721	0.01657	0.05935	0.01803	0.01215	0.03766	0.64626	0.03001	0.02864	0.02658	0.02155	0.00966	0.00738	0.00245	0.00592	0.00811	0.00717	0.01151
39	0.02551	0.01769	0.01905	0.01487	0.01998	0.01932	0.01220	0.53336	0.03035	0.07456	0.01905	0.01943	0.01369	0.00870	0.00691	0.00210	0.00714	0.00662	0.13808	0.01142
40	0.00869	0.00724	0.00758	0.00777	0.00995	0.00613	0.00572	0.01051	0.01639	0.01985	0.09240	0.15105	0.59414	0.01881	0.00867	0.00251	0.00374	0.01591	0.00680	0.00613
41	0.01458	0.03760	0.70688	0.02072	0.03146	0.01688	0.02686	0.02302	0.01535	0.02302	0.01304	0.01535	0.00921	0.00691	0.00691	0.00230	0.01074	0.00537	0.00307	0.01074
42	0.00886	0.00633	0.00843	0.01012	0.01054	0.00590	0.00675	0.01012	0.01392	0.01856	0.04006	0.73979	0.04808	0.02277	0.00928	0.00295	0.00422	0.02066	0.00675	0.00590
43	0.01134	0.00766	0.01005	0.00932	0.01122	0.00704	0.00704	0.01474	0.02059	0.06099	0.66392	0.05290	0.06620	0.01458	0.00851	0.00228	0.00356	0.01287	0.00805	0.00712
44	0.00977	0.04329	0.00966	0.00823	0.01050	0.00752	0.00625	0.01208	0.01753	0.02242	0.27491	0.06087	0.42267	0.05088	0.00973	0.00257	0.00395	0.01383	0.00688	0.00645
45	0.00878	0.00740	0.00762	0.00765	0.01004	0.00624	0.00579	0.01074	0.01677	0.02018	0.10352	0.06956	0.64398	0.01829	0.00864	0.00247	0.00377	0.03556	0.00681	0.00619
46	0.46797	0.28031	0.06344	0.01128	0.01679	0.02083	0.01069	0.02161	0.01342	0.02643	0.01030	0.01197	0.00848	0.00657	0.00471	0.00200	0.00671	0.00401	0.00391	0.00857
47	0.01695	0.17978	0.51839	0.01844	0.02788	0.01881	0.02269	0.02372	0.01565	0.07413	0.01365	0.01532	0.00991	0.00693	0.00648	0.00215	0.00979	0.00522	0.00353	0.01058
48	0.01903	0.71578	0.03691	0.01240	0.01840	0.02788	0.01229	0.02137	0.01463	0.01709	0.01052	0.01242	0.00972	0.00838	0.03645	0.00201	0.00830	0.00406	0.00314	0.00920
49	0.79588	0.01406	0.01068	0.00956	0.01406	0.01631	0.00787	0.02137	0.01237	0.03261	0.01012	0.01181	0.00787	0.00675	0.00450	0.00225	0.00562	0.00394	0.00450	0.00787
50	0.01182	0.01097	0.01010	0.00962	0.01184	0.09979	0.00715	0.01425	0.01852	0.02312	0.32153	0.05508	0.31853	0.04448	0.00945	0.00249	0.00495	0.01284	0.00678	0.00667
51	0.01022	0.00738	0.00966	0.00919	0.01085	0.00682	0.00685	0.01356	0.02028	0.02868	0.66606	0.08494	0.06767	0.01521	0.00860	0.00232	0.00346	0.01348	0.00795	0.00682
52	0.01675	0.02227	0.15221	0.02761	0.03511	0.01823	0.50234	0.02405	0.05956	0.02353	0.01523	0.01926	0.01139	0.00669	0.00867	0.00245	0.03289	0.00795	0.00380	0.01002
53	0.02727	0.02018	0.02161	0.01665	0.02240	0.02237	0.01373	0.65093	0.05879	0.04523	0.01791	0.01782	0.01273	0.00877	0.00728	0.00219	0.00791	0.00661	0.00728	0.01233
54	0.00960	0.00740	0.00877	0.00843	0.01044	0.00657	0.00632	0.01239	0.01896	0.02531	0.44432	0.06062	0.32202	0.01629	0.00858	0.00235	0.00353	0.01403	0.00750	0.00657
55	0.01425	0.00745	0.00753	0.00727	0.00917	0.00756	0.00552	0.04976	0.01619	0.02803	0.02340	0.02662	0.01832	0.00848	0.00519	0.00172	0.00362	0.00676	0.74610	0.00705
56	0.01522	0.13119	0.61888	0.01963	0.02978	0.01844	0.02496	0.02286	0.01527	0.02224	0.01266	0.01486	0.00922	0.00682	0.00661	0.00220	0.01035	0.00518	0.00307	0.01056
57	0.01716	0.01961	0.04289	0.03064	0.03799	0.01838	0.67279	0.02328	0.01716	0.02328	0.01471	0.01961	0.01103	0.00613	0.00858	0.00245	0.01225	0.00858	0.00368	0.00980
58	0.01895	0.01553	0.01616	0.01264	0.01804	0.08584	0.01004	0.08465	0.06102	0.09000	0.03949	0.01897	0.01463	0.00996	0.05061	0.00217	0.00736	0.00562	0.00527	0.43304
59	0.01022	0.00738	0.00966	0.00919	0.01084	0.00681	0.00685	0.01355	0.02026	0.02864	0.66399	0.08711	0.06761	0.01524	0.00861	0.00232	0.00347	0.01351	0.00794	0.00681
60	0.01056	0.00709	0.00815	0.00815	0.00823	0.00717	0.00468	0.01071	0.01064	0.01426	0.02270	0.04644	0.02594	0.70352	0.07735	0.00732	0.00779	0.01041	0.00437	0.00453
61	0.79588	0.01406	0.01068	0.00956	0.01406	0.01631	0.00787	0.02137	0.01237	0.03261	0.01012	0.01181	0.00787	0.00675	0.00450	0.00225	0.00562	0.00394	0.00450	0.00787
62	0.01577	0.01354	0.01426	0.01300	0.01666	0.01510	0.01006	0.03167	0.51731	0.02815	0.07082	0.03717	0.16188	0.01185	0.00770	0.00245	0.00522	0.00991	0.00729	0.01019
63	0.00859	0.00736	0.00736	0.00736	0.00982	0.00614	0.00552	0.01043	0.01657	0.01964	0.07364	0.06996	0.69624	0.01841	0.00859	0.00245	0.00368	0.01534	0.00675	0.00614
64	0.01784	0.01712	0.02924	0.06796	0.67699	0.01723	0.02224	0.02218	0.01648	0.02357	0.01365	0.01804	0.01145	0.00650	0.00720	0.00217	0.00867	0.00648	0.00359	0.01140
65	0.01943	0.74891	0.03809	0.01244	0.01866	0.02876	0.01244	0.02177	0.01477	0.01710	0.01011	0.01166	0.00933	0.00622	0.00466	0.00155	0.00777	0.00389	0.00311	0.00933
66	0.00904	0.00687	0.00837	0.00939	0.01064	0.00621	0.00670	0.01075	0.01531	0.01963	0.08056	0.43520	0.26703	0.02075	0.00907	0.00278	0.00418	0.06463	0.00680	0.00608
67	0.03192	0.01217	0.01650	0.01271	0.01819	0.01054	0.01048	0.03475	0.02060	0.67942	0.02850	0.02483	0.01802	0.00898	0.00723	0.00223	0.00608	0.00729	0.03742	0.01217
68	0.00971	0.00741	0.00891	0.00854	0.01050	0.00661	0.00640	0.01259	0.01921	0.02590	0.48279	0.05965	0.28318	0.01607	0.00858	0.00234	0.00352	0.01390	0.00757	0.00661
69	0.00884	0.00660	0.00823	0.00945	0.01039	0.00599	0.00647	0.01031	0.01475	0.01916	0.06940	0.56188	0.19909	0.02150	0.00910	0.00281	0.00407	0.01918	0.00679	0.00599
70	0.01496	0.01292	0.01565	0.07178	0.02002	0.01024	0.00960	0.01833	0.01503	0.02325	0.01292	0.01544	0.01067	0.00554	0.00554	0.00119	0.00575	0.00449	0.00421	0.72246
71	0.01376	0.00875	0.01466	0.04107	0.01519	0.00880	0.09256	0.03401	0.01149	0.01535	0.01307	0.02151	0.01230	0.02153	0.02431	0.62989	0.00727	0.00662	0.00336	0.00451
72	0.02722	0.03277	0.02076	0.01846	0.02248	0.62427	0.01401	0.11395	0.02238	0.02147	0.01205	0.01368	0.00976	0.00765	0.00665	0.00191	0.01244	0.00493	0.00421	0.00894

[dist]
# distance from previous block
# <min> <max>
0	19

[block]
# block no. 3 follows, 28 sequences, length 37
# corresponding to MSA columns:
# 124-160
name=unknown_D
#
# <colnr> <probs for GDERKNQSTAVLIFYWHMCP>
#	G	D	E	R	K	N	Q	S	T	A	V	L	I	F	Y	W	H	M	C	P
0	0.01212	0.00988	0.01533	0.01528	0.03863	0.00973	0.09032	0.01647	0.06138	0.02261	0.10865	0.23154	0.04039	0.01736	0.00924	0.00292	0.00637	0.27798	0.00644	0.00737
1	0.01244	0.01064	0.01818	0.06683	0.05724	0.01035	0.13884	0.01525	0.01524	0.02043	0.05076	0.25383	0.04877	0.01631	0.01051	0.06975	0.00707	0.14044	0.00538	0.03173
2	0.72611	0.01392	0.01102	0.00979	0.01418	0.01601	0.00803	0.04384	0.01358	0.03289	0.04777	0.01432	0.01134	0.00726	0.00482	0.00225	0.00559	0.00453	0.00479	0.00797
3	0.01734	0.01661	0.02833	0.14907	0.59984	0.01710	0.02198	0.02174	0.01624	0.02296	0.01356	0.01820	0.01123	0.00660	0.00721	0.00220	0.00880	0.00647	0.00354	0.01099
4	0.01943	0.74891	0.03809	0.01244	0.01866	0.02876	0.01244	0.02177	0.01477	0.01710	0.01011	0.01166	0.00933	0.00622	0.00466	0.00155	0.00777	0.00389	0.00311	0.00933
5	0.01051	0.00680	0.00911	0.01043	0.01124	0.00631	0.00720	0.01195	0.01448	0.06297	0.03927	0.66710	0.04588	0.02178	0.00918	0.00292	0.00444	0.04518	0.00689	0.00635
6	0.00886	0.00633	0.00843	0.01012	0.01054	0.00590	0.00675	0.01012	0.01392	0.01856	0.04006	0.73979	0.04808	0.02277	0.00928	0.00295	0.00422	0.02066	0.00675	0.00590
7	0.01550	0.00855	0.01117	0.01000	0.01263	0.00766	0.00768	0.01848	0.01977	0.19299	0.42776	0.10306	0.10693	0.01435	0.00832	0.00234	0.00419	0.01250	0.00804	0.00807
8	0.01352	0.00818	0.01058	0.00955	0.01193	0.00737	0.00731	0.01670	0.02022	0.13105	0.53319	0.05132	0.12208	0.01431	0.00838	0.00230	0.00387	0.01247	0.00803	0.00763
9	0.00998	0.00809	0.00899	0.00925	0.01124	0.00761	0.00673	0.01409	0.09959	0.02133	0.10242	0.26512	0.37224	0.01840	0.00865	0.00259	0.00408	0.01590	0.00692	0.00679
10	0.02763	0.02036	0.02182	0.01672	0.02254	0.02254	0.01382	0.67496	0.03418	0.04581	0.01745	0.01745	0.01236	0.00873	0.00727	0.00218	0.00800	0.00654	0.00727	0.01236
11	0.01943	0.74891	0.03809	0.01244	0.01866	0.02876	0.01244	0.02177	0.01477	0.01710	0.01011	0.01166	0.00933	0.00622	0.00466	0.00155	0.00777	0.00389	0.00311	0.00933
12	0.02763	0.02036	0.02182	0.01672	0.02254	0.02254	0.01382	0.67496	0.03418	0.04581	0.01745	0.01745	0.01236	0.00873	0.00727	0.00218	0.00800	0.00654	0.00727	0.01236
13	0.79588	0.01406	0.01068	0.00956	0.01406	0.01631	0.00787	0.02137	0.01237	0.03261	0.01012	0.01181	0.00787	0.00675	0.00450	0.00225	0.00562	0.00394	0.00450	0.00787
14	0.01860	0.01842	0.02892	0.04291	0.65452	0.06335	0.02176	0.02275	0.01682	0.02335	0.01351	0.01767	0.01137	0.00654	0.00715	0.00214	0.00893	0.00636	0.00361	0.01131
15	0.00886	0.00633	0.00843	0.01012	0.01054	0.00590	0.00675	0.01012	0.01392	0.01856	0.04006	0.73979	0.04808	0.02277	0.00928	0.00295	0.00422	0.02066	0.00675	0.00590
16	0.02763	0.02036	0.02182	0.01672	0.02254	0.02254	0.01382	0.67496	0.03418	0.04581	0.01745	0.01745	0.01236	0.00873	0.00727	0.00218	0.00800	0.00654	0.00727	0.01236
17	0.01012	0.00703	0.00833	0.00847	0.00904	0.00678	0.00533	0.01113	0.01348	0.01816	0.16416	0.15581	0.08147	0.44082	0.02522	0.00517	0.00567	0.01293	0.00564	0.00524
18	0.00886	0.00633	0.00843	0.01012	0.01054	0.00590	0.00675	0.01012	0.01392	0.01856	0.04006	0.73979	0.04808	0.02277	0.00928	0.00295	0.00422	0.02066	0.00675	0.00590
19	0.02094	0.01647	0.01886	0.12237	0.02465	0.01877	0.01346	0.22464	0.36026	0.06464	0.02343	0.02297	0.01719	0.00909	0.00734	0.00236	0.00703	0.00741	0.00681	0.01128
20	0.01057	0.00705	0.00793	0.00793	0.00793	0.00705	0.00440	0.01057	0.01057	0.01409	0.02290	0.04757	0.02643	0.74454	0.03700	0.00705	0.00705	0.01057	0.00440	0.00440
21	0.01627	0.00940	0.00968	0.00870	0.01118	0.00982	0.00677	0.14393	0.01890	0.03071	0.02250	0.02524	0.01742	0.00852	0.00550	0.00179	0.00428	0.00673	0.63481	0.00785
22	0.06849	0.03065	0.01974	0.01755	0.02156	0.56012	0.01337	0.11315	0.02180	0.02236	0.01426	0.01567	0.03456	0.00801	0.00661	0.00196	0.01168	0.00527	0.00436	0.00883
23	0.01474	0.03664	0.67488	0.02185	0.06300	0.01690	0.02664	0.02299	0.01540	0.02305	0.01307	0.01547	0.00932	0.00689	0.00692	0.00230	0.01064	0.00542	0.00309	0.01078
24	0.01171	0.00837	0.01171	0.01339	0.01506	0.00837	0.01171	0.01506	0.01673	0.02175	0.03849	0.08199	0.04183	0.02008	0.01004	0.00335	0.00669	0.65027	0.00669	0.00669
25	0.01727	0.01818	0.02206	0.01904	0.01950	0.10655	0.01568	0.01890	0.01228	0.01753	0.00975	0.01556	0.00952	0.01209	0.02175	0.00302	0.64390	0.00616	0.00325	0.00801
26	0.01390	0.01310	0.02212	0.69880	0.07695	0.01620	0.02028	0.01873	0.01462	0.01879	0.01295	0.01932	0.00977	0.00723	0.00726	0.00241	0.00965	0.00646	0.00325	0.00822
27	0.01057	0.00705	0.00793	0.00793	0.00793	0.00705	0.00440	0.01057	0.01057	0.01409	0.02290	0.04757	0.02643	0.74454	0.03700	0.00705	0.00705	0.01057	0.00440	0.00440
28	0.01341	0.00946	0.01090	0.01020	0.01155	0.00979	0.00696	0.13424	0.01644	0.02216	0.08210	0.16258	0.03086	0.39248	0.05102	0.00521	0.00691	0.01169	0.00563	0.00644
29	0.01883	0.01347	0.01592	0.01161	0.01788	0.01094	0.00937	0.07693	0.01758	0.12991	0.01572	0.01676	0.01201	0.00622	0.00584	0.00135	0.00573	0.00496	0.00528	0.60368
30	0.00970	0.00724	0.00904	0.00915	0.01077	0.00658	0.00677	0.01234	0.01819	0.02460	0.39734	0.19491	0.20169	0.01746	0.00879	0.00251	0.00380	0.04522	0.00742	0.00650
31	0.01980	0.03935	0.02156	0.01712	0.02203	0.01814	0.11313	0.07657	0.46501	0.08573	0.02583	0.02466	0.01909	0.00903	0.00748	0.00240	0.00700	0.00795	0.00682	0.01130
32	0.01682	0.01697	0.02684	0.02153	0.02349	0.02141	0.16241	0.05466	0.01373	0.02033	0.01113	0.01681	0.01003	0.01103	0.01954	0.00296	0.53129	0.00687	0.00351	0.00861
33	0.01024	0.00794	0.00938	0.00893	0.01104	0.00735	0.00672	0.01425	0.06224	0.02611	0.44865	0.05767	0.27125	0.01570	0.00850	0.00235	0.00366	0.01355	0.00755	0.00692
34	0.01710	0.01944	0.04193	0.03010	0.03711	0.01856	0.64215	0.02301	0.01688	0.02301	0.01446	0.01944	0.01096	0.00644	0.00929	0.00249	0.04580	0.00847	0.00365	0.00972
35	0.00910	0.00650	0.00871	0.01040	0.01093	0.00611	0.00717	0.01054	0.01416	0.01883	0.03993	0.68370	0.04754	0.02254	0.00934	0.00299	0.00443	0.07436	0.00674	0.00597
36	0.02763	0.02036	0.02182	0.01672	0.02254	0.02254	0.01382	0.67496	0.03418	0.04581	0.01745	0.01745	0.01236	0.00873	0.00727	0.00218	0.00800	0.00654	0.00727	0.01236

[dist]
# distance from previous block
# <min> <max>
0	1

[block]
# block no. 4 follows, 28 sequences, length 17
# corresponding to MSA columns:
# 162-178
name=unknown_E
#
# <colnr> <probs for GDERKNQSTAVLIFYWHMCP>
#	G	D	E	R	K	N	Q	S	T	A	V	L	I	F	Y	W	H	M	C	P
0	0.02484	0.08500	0.02135	0.01634	0.02107	0.28273	0.01306	0.29142	0.06585	0.03007	0.01923	0.01965	0.06014	0.00881	0.00689	0.00205	0.00946	0.00635	0.00557	0.01013
1	0.01537	0.01296	0.01507	0.01102	0.01716	0.01011	0.00877	0.04868	0.01591	0.02448	0.01442	0.04963	0.01261	0.00637	0.00566	0.00122	0.00545	0.00519	0.00456	0.71536
2	0.79588	0.01406	0.01068	0.00956	0.01406	0.01631	0.00787	0.02137	0.01237	0.03261	0.01012	0.01181	0.00787	0.00675	0.00450	0.00225	0.00562	0.00394	0.00450	0.00787
3	0.02715	0.03464	0.02060	0.01873	0.02247	0.71536	0.01404	0.02903	0.02060	0.01779	0.01124	0.01311	0.00936	0.00749	0.00655	0.00187	0.01311	0.00468	0.00375	0.00843
4	0.02154	0.01606	0.01776	0.01395	0.01916	0.01635	0.01124	0.36988	0.04929	0.05705	0.02196	0.09326	0.04715	0.00981	0.00707	0.00201	0.00663	0.00790	0.00651	0.20541
5	0.01342	0.01215	0.01955	0.56504	0.04202	0.01475	0.01790	0.01874	0.05232	0.01955	0.01833	0.07722	0.01632	0.00979	0.00769	0.00255	0.00878	0.07183	0.00406	0.00798
6	0.06155	0.26660	0.02528	0.01495	0.01843	0.11688	0.02958	0.02072	0.03416	0.01950	0.04873	0.02066	0.07065	0.00979	0.01099	0.00225	0.21052	0.00635	0.00397	0.00842
7	0.01548	0.01675	0.03484	0.02579	0.03136	0.01606	0.50546	0.02034	0.01606	0.02184	0.01888	0.13559	0.01757	0.04259	0.01069	0.00277	0.04441	0.01049	0.00418	0.00885
8	0.01017	0.00801	0.00963	0.00951	0.01176	0.00681	0.00684	0.01214	0.01530	0.02067	0.09202	0.37701	0.19938	0.01755	0.00826	0.00240	0.00427	0.01545	0.00634	0.16647
9	0.75313	0.01396	0.01103	0.00975	0.01431	0.01599	0.00803	0.02216	0.01284	0.07024	0.01116	0.01253	0.00844	0.00687	0.00466	0.00225	0.00565	0.00413	0.00475	0.00812
10	0.01392	0.01329	0.02296	0.68888	0.04940	0.01627	0.05597	0.01883	0.01468	0.01883	0.01302	0.01939	0.00976	0.00720	0.00734	0.00242	0.00983	0.00658	0.00325	0.00817
11	0.01219	0.00916	0.01337	0.06572	0.05378	0.00939	0.01288	0.01569	0.01657	0.02163	0.03536	0.07416	0.03795	0.01845	0.00969	0.00322	0.00701	0.57046	0.00628	0.00705
12	0.00886	0.00633	0.00843	0.01012	0.01054	0.00590	0.00675	0.01012	0.01392	0.01856	0.04006	0.73979	0.04808	0.02277	0.00928	0.00295	0.00422	0.02066	0.00675	0.00590
13	0.02924	0.01312	0.01677	0.01337	0.01864	0.01240	0.01087	0.03617	0.17541	0.54764	0.02889	0.02529	0.01897	0.00920	0.00733	0.00230	0.00608	0.00752	0.00862	0.01217
14	0.01057	0.00793	0.00963	0.00902	0.01107	0.00731	0.00681	0.03923	0.02015	0.02751	0.51818	0.05662	0.21800	0.01547	0.00853	0.00232	0.00367	0.01341	0.00767	0.00690
15	0.02002	0.69464	0.03676	0.01292	0.01895	0.08093	0.01256	0.02232	0.01521	0.01715	0.01019	0.01177	0.00933	0.00632	0.00481	0.00158	0.00818	0.00395	0.00316	0.00926
16	0.02691	0.02000	0.02141	0.01658	0.02227	0.02220	0.01364	0.62660	0.08371	0.04464	0.01837	0.01819	0.01311	0.00881	0.00728	0.00220	0.00783	0.00667	0.00728	0.01230

[dist]
# distance from previous block
# <min> <max>
0	13

[block]
# block no. 5 follows, 28 sequences, length 20
# corresponding to MSA columns:
# 192-211
name=unknown_F
#
# <colnr> <probs for GDERKNQSTAVLIFYWHMCP>
#	G	D	E	R	K	N	Q	S	T	A	V	L	I	F	Y	W	H	M	C	P
0	0.02492	0.02162	0.01980	0.01625	0.02099	0.16858	0.01295	0.42195	0.07318	0.03635	0.05240	0.06130	0.01730	0.00967	0.00731	0.00218	0.00849	0.00742	0.00653	0.01081
1	0.79588	0.01406	0.01068	0.00956	0.01406	0.01631	0.00787	0.02137	0.01237	0.03261	0.01012	0.01181	0.00787	0.00675	0.00450	0.00225	0.00562	0.00394	0.00450	0.00787
2	0.05183	0.00740	0.00830	0.03716	0.01120	0.00767	0.00648	0.01566	0.01453	0.02462	0.02520	0.15534	0.02303	0.01482	0.06598	0.00282	0.00527	0.00922	0.50680	0.00670
3	0.01046	0.00707	0.00829	0.00838	0.00851	0.00717	0.00494	0.01076	0.01085	0.01458	0.02351	0.08261	0.02685	0.64541	0.09538	0.00724	0.00799	0.01086	0.00448	0.00467
4	0.00879	0.00718	0.00777	0.00803	0.01004	0.00616	0.00587	0.01067	0.01645	0.02031	0.12406	0.18996	0.52169	0.01888	0.00871	0.00253	0.00376	0.01611	0.00686	0.00616
5	0.03261	0.01237	0.01687	0.01293	0.01856	0.01068	0.01068	0.03543	0.02081	0.70423	0.02868	0.02474	0.01799	0.00900	0.00731	0.00225	0.00619	0.00731	0.00900	0.01237
6	0.02055	0.01132	0.01410	0.01186	0.01560	0.01100	0.00940	0.07294	0.12028	0.26791	0.31316	0.03721	0.03985	0.01161	0.00786	0.00229	0.00507	0.00989	0.00821	0.00988
7	0.02703	0.02006	0.02148	0.01660	0.02231	0.02226	0.01367	0.63479	0.07532	0.04484	0.01822	0.01806	0.01298	0.00880	0.00728	0.00220	0.00786	0.00665	0.00728	0.01231
8	0.03261	0.01237	0.01687	0.01293	0.01856	0.01068	0.01068	0.03543	0.02081	0.70423	0.02868	0.02474	0.01799	0.00900	0.00731	0.00225	0.00619	0.00731	0.00900	0.01237
9	0.01038	0.00779	0.01168	0.01168	0.01298	0.00909	0.00909	0.01298	0.01168	0.01687	0.01947	0.02856	0.01817	0.05452	0.71573	0.01168	0.01947	0.00779	0.00389	0.00649
10	0.01456	0.03183	0.54039	0.01972	0.02797	0.01725	0.02366	0.02145	0.01490	0.02239	0.05389	0.01782	0.01288	0.00844	0.01008	0.00246	0.14091	0.00602	0.00339	0.01000
11	0.01898	0.59056	0.07335	0.01302	0.01879	0.07815	0.01272	0.02144	0.01489	0.01725	0.01145	0.01502	0.01077	0.06877	0.00767	0.00209	0.00829	0.00460	0.00326	0.00893
12	0.01548	0.01447	0.02449	0.48630	0.04226	0.01698	0.12137	0.07025	0.01629	0.02174	0.01381	0.01938	0.01049	0.00760	0.00843	0.00242	0.05523	0.00681	0.03759	0.00862
13	0.00946	0.00665	0.00850	0.00947	0.00998	0.00631	0.00622	0.01074	0.01409	0.01904	0.12983	0.48139	0.04600	0.18883	0.01560	0.00381	0.00476	0.01725	0.00638	0.00569
14	0.07209	0.01224	0.01622	0.01258	0.01797	0.01081	0.01036	0.03370	0.02035	0.63807	0.05785	0.02539	0.01975	0.00914	0.00722	0.00225	0.00603	0.00739	0.00871	0.01188
15	0.00949	0.00677	0.00881	0.01015	0.01081	0.00642	0.00708	0.01097	0.01419	0.01880	0.05883	0.51606	0.07142	0.11229	0.01280	0.00348	0.00486	0.10443	0.00649	0.00586
16	0.01057	0.00705	0.00793	0.00793	0.00793	0.00705	0.00440	0.01057	0.01057	0.01409	0.02290	0.04757	0.02643	0.74454	0.03700	0.00705	0.00705	0.01057	0.00440	0.00440
17	0.02682	0.02010	0.02247	0.01908	0.07974	0.02210	0.01453	0.61978	0.03269	0.04395	0.01713	0.01750	0.01229	0.00854	0.00727	0.00218	0.00805	0.00654	0.00696	0.01229
18	0.01034	0.00800	0.01063	0.08173	0.01538	0.00798	0.00877	0.01356	0.04521	0.02169	0.16984	0.33064	0.13354	0.01819	0.00886	0.00273	0.00491	0.09464	0.00666	0.00668
19	0.02763	0.02036	0.02182	0.01672	0.02254	0.02254	0.01382	0.67496	0.03418	0.04581	0.01745	0.01745	0.01236	0.00873	0.00727	0.00218	0.00800	0.00654	0.00727	0.01236

[dist]
# distance from previous block
# <min> <max>
2	4

[block]
# block no. 6 follows, 28 sequences, length 19
# corresponding to MSA columns:
# 216-234
name=unknown_G
#
# <colnr> <probs for GDERKNQSTAVLIFYWHMCP>
#	G	D	E	R	K	N	Q	S	T	A	V	L	I	F	Y	W	H	M	C	P
0	0.43559	0.13903	0.01685	0.01146	0.01600	0.01752	0.00992	0.08140	0.01587	0.06339	0.01602	0.02357	0.01418	0.00897	0.00576	0.00229	0.00640	0.10211	0.00508	0.00858
1	0.20890	0.04095	0.01895	0.01460	0.01991	0.05271	0.01201	0.38651	0.06164	0.09060	0.01672	0.01682	0.01203	0.00821	0.00651	0.00218	0.00741	0.00591	0.00646	0.01098
2	0.01877	0.69469	0.03616	0.01238	0.01824	0.02732	0.01219	0.02112	0.01454	0.01709	0.01079	0.01290	0.00998	0.00975	0.05669	0.00230	0.00863	0.00417	0.00317	0.00912
3	0.00945	0.00802	0.00826	0.00823	0.01076	0.00713	0.00629	0.01274	0.06556	0.02054	0.06853	0.06747	0.61191	0.01787	0.00858	0.00250	0.00399	0.04880	0.00679	0.00656
4	0.00886	0.00730	0.00761	0.00764	0.00978	0.00624	0.00558	0.01065	0.01630	0.01984	0.11035	0.09506	0.58012	0.06954	0.01062	0.00279	0.00392	0.01508	0.00667	0.00605
5	0.01867	0.60456	0.06717	0.01383	0.01932	0.02722	0.01364	0.02118	0.01425	0.01744	0.01016	0.01248	0.00936	0.00724	0.00767	0.00184	0.11735	0.00433	0.00312	0.00919
6	0.01698	0.02304	0.21477	0.03663	0.44713	0.01728	0.09324	0.02261	0.01629	0.02350	0.01361	0.01745	0.01084	0.00656	0.00727	0.00223	0.00960	0.00640	0.00346	0.01112
7	0.01485	0.01422	0.02458	0.54018	0.19383	0.01651	0.05355	0.01964	0.01512	0.01996	0.01318	0.01908	0.01016	0.00703	0.00732	0.00237	0.00958	0.00657	0.00333	0.00893
8	0.00859	0.00736	0.00736	0.00736	0.00982	0.00614	0.00552	0.01043	0.01657	0.01964	0.07364	0.06996	0.69624	0.01841	0.00859	0.00245	0.00368	0.01534	0.00675	0.00614
9	0.01344	0.00958	0.01064	0.00986	0.01150	0.00991	0.00682	0.10340	0.07401	0.02294	0.09907	0.08706	0.07632	0.35718	0.02148	0.00454	0.00601	0.01082	0.05867	0.00673
10	0.01121	0.00785	0.01083	0.01070	0.01190	0.00899	0.00816	0.01367	0.01222	0.01854	0.02020	0.02961	0.01871	0.11053	0.49026	0.00903	0.04371	0.00781	0.14968	0.00640
11	0.01507	0.01292	0.01507	0.01077	0.01723	0.00969	0.00861	0.01830	0.01507	0.02369	0.01292	0.01507	0.01077	0.00538	0.00538	0.00108	0.00538	0.00431	0.00431	0.78898
12	0.02044	0.01607	0.01892	0.01428	0.02027	0.01548	0.04247	0.24616	0.09700	0.05667	0.01699	0.01780	0.01287	0.00719	0.00648	0.00172	0.00668	0.00582	0.00581	0.37089
13	0.01569	0.20063	0.55359	0.01882	0.02853	0.01960	0.02355	0.02273	0.01521	0.02166	0.01237	0.01450	0.00924	0.00675	0.00639	0.00213	0.01006	0.00503	0.00308	0.01042
14	0.02262	0.13314	0.02449	0.02165	0.15168	0.22141	0.01491	0.16629	0.08499	0.02614	0.01638	0.01782	0.03139	0.00805	0.00715	0.00206	0.02882	0.00600	0.00480	0.01022
15	0.19078	0.09887	0.38718	0.01888	0.02728	0.01813	0.11689	0.02257	0.01489	0.02464	0.01235	0.01483	0.00919	0.00669	0.00640	0.00224	0.00953	0.00538	0.00348	0.00982
16	0.57295	0.12926	0.01531	0.01034	0.01494	0.01730	0.00888	0.02154	0.01364	0.06156	0.03530	0.01722	0.01226	0.00769	0.00506	0.00219	0.00597	0.03565	0.00472	0.00823
17	0.05042	0.24116	0.05404	0.02043	0.14055	0.14054	0.01500	0.07397	0.11657	0.02335	0.01445	0.01611	0.01180	0.00758	0.00708	0.00204	0.04505	0.00551	0.00430	0.01004
18	0.12504	0.01180	0.01292	0.01137	0.01511	0.01204	0.00892	0.06426	0.15744	0.17529	0.07760	0.10063	0.17312	0.01256	0.00748	0.00240	0.00523	0.01035	0.00718	0.00926

[dist]
# distance from previous block
# <min> <max>
2	30

[block]
# block no. 7 follows, 28 sequences, length 15
# corresponding to MSA columns:
# 265-279
name=unknown_H
#
# <colnr> <probs for GDERKNQSTAVLIFYWHMCP>
#	G	D	E	R	K	N	Q	S	T	A	V	L	I	F	Y	W	H	M	C	P
0	0.01308	0.01148	0.01771	0.21594	0.20252	0.01209	0.01409	0.01646	0.01596	0.02150	0.15377	0.03626	0.11463	0.11042	0.01172	0.00296	0.00705	0.00949	0.00487	0.00799
1	0.01869	0.01757	0.02031	0.01644	0.02129	0.10770	0.11841	0.08074	0.23587	0.04869	0.02781	0.02767	0.11084	0.00946	0.00738	0.00218	0.00765	0.00815	0.00587	0.10727
2	0.06219	0.01989	0.05511	0.01583	0.02124	0.06941	0.01342	0.42919	0.02755	0.11230	0.01787	0.01864	0.01295	0.01287	0.07497	0.00309	0.00930	0.00643	0.00654	0.01122
3	0.00900	0.00741	0.00797	0.00819	0.01042	0.00638	0.00626	0.01104	0.01666	0.02030	0.10166	0.10494	0.56536	0.01861	0.00877	0.00256	0.00399	0.07745	0.00681	0.00622
4	0.05047	0.01537	0.01801	0.15482	0.02437	0.01751	0.01301	0.32252	0.05309	0.03396	0.01775	0.02000	0.01328	0.00855	0.00749	0.00219	0.04141	0.00654	0.16973	0.00992
5	0.79588	0.01406	0.01068	0.00956	0.01406	0.01631	0.00787	0.02137	0.01237	0.03261	0.01012	0.01181	0.00787	0.00675	0.00450	0.00225	0.00562	0.00394	0.00450	0.00787
6	0.01808	0.01561	0.01644	0.01479	0.01890	0.01808	0.01151	0.03863	0.68606	0.03041	0.02959	0.02712	0.02219	0.00986	0.00740	0.00247	0.00575	0.00822	0.00740	0.01151
7	0.00859	0.00736	0.00736	0.00736	0.00982	0.00614	0.00552	0.01043	0.01657	0.01964	0.07364	0.06996	0.69624	0.01841	0.00859	0.00245	0.00368	0.01534	0.00675	0.00614
8	0.01263	0.00631	0.00947	0.00947	0.00947	0.00631	0.00631	0.00947	0.00947	0.01263	0.01263	0.02210	0.01263	0.02525	0.02841	0.78851	0.00631	0.00631	0.00316	0.00316
9	0.02763	0.02036	0.02182	0.01672	0.02254	0.02254	0.01382	0.67496	0.03418	0.04581	0.01745	0.01745	0.01236	0.00873	0.00727	0.00218	0.00800	0.00654	0.00727	0.01236
10	0.01130	0.00817	0.01117	0.01271	0.01438	0.00805	0.01093	0.01441	0.01657	0.02140	0.04149	0.11700	0.09647	0.02009	0.00988	0.00325	0.00631	0.56313	0.00670	0.00660
11	0.01469	0.00788	0.00800	0.00758	0.00961	0.00806	0.00579	0.07043	0.01678	0.02862	0.02320	0.02632	0.01812	0.00849	0.00526	0.00173	0.00376	0.00676	0.72168	0.00723
12	0.01057	0.00705	0.00793	0.00793	0.00793	0.00705	0.00440	0.01057	0.01057	0.01409	0.02290	0.04757	0.02643	0.74454	0.03700	0.00705	0.00705	0.01057	0.00440	0.00440
13	0.00876	0.00732	0.00763	0.00766	0.00995	0.00619	0.00570	0.01071	0.01679	0.02042	0.12697	0.10327	0.60707	0.01832	0.00863	0.00247	0.00369	0.01542	0.00686	0.00619
14	0.02792	0.01990	0.02153	0.01650	0.02231	0.02185	0.01363	0.63778	0.03340	0.08408	0.01810	0.01788	0.01269	0.00874	0.00727	0.00219	0.00789	0.00659	0.00737	0.01236

[dist]
# distance from previous block
# <min> <max>
2	8

[block]
# block no. 8 follows, 28 sequences, length 17
# corresponding to MSA columns:
# 288-304
name=unknown_I
#
# <colnr> <probs for GDERKNQSTAVLIFYWHMCP>
#	G	D	E	R	K	N	Q	S	T	A	V	L	I	F	Y	W	H	M	C	P
0	0.02378	0.02155	0.05773	0.01620	0.02132	0.12919	0.01358	0.40532	0.07268	0.03539	0.02056	0.02126	0.05373	0.01244	0.05909	0.00287	0.00939	0.00692	0.00621	0.01079
1	0.04568	0.01672	0.02855	0.04027	0.58813	0.01669	0.06516	0.02183	0.01668	0.02436	0.05441	0.02005	0.01476	0.00696	0.00728	0.00219	0.00846	0.00693	0.00390	0.01099
2	0.10674	0.14346	0.52329	0.01815	0.02747	0.01863	0.02243	0.02264	0.01491	0.02324	0.01225	0.01437	0.00907	0.00678	0.00628	0.00218	0.00969	0.00498	0.00324	0.01019
3	0.01479	0.05081	0.01919	0.05550	0.01884	0.06485	0.01343	0.01690	0.01243	0.01742	0.01416	0.05214	0.01380	0.02443	0.22278	0.00545	0.36476	0.00719	0.00359	0.00754
4	0.04971	0.10032	0.02225	0.01860	0.05910	0.47587	0.01383	0.07228	0.02049	0.08350	0.01325	0.01456	0.01043	0.00751	0.00646	0.00192	0.01112	0.00505	0.00442	0.00930
5	0.01593	0.01289	0.01516	0.01087	0.01729	0.00974	0.00871	0.01914	0.01535	0.05676	0.01369	0.01554	0.01112	0.00556	0.00548	0.00113	0.00542	0.00445	0.00453	0.75124
6	0.00985	0.00735	0.00915	0.00883	0.01062	0.00665	0.00657	0.01282	0.01934	0.02653	0.52640	0.09858	0.19834	0.01607	0.00862	0.00236	0.00353	0.01405	0.00767	0.00665
7	0.00897	0.00637	0.00840	0.00998	0.01038	0.00598	0.00660	0.01015	0.01370	0.01827	0.03896	0.69537	0.04669	0.06909	0.01106	0.00321	0.00440	0.02002	0.00660	0.00581
8	0.03261	0.01237	0.01687	0.01293	0.01856	0.01068	0.01068	0.03543	0.02081	0.70423	0.02868	0.02474	0.01799	0.00900	0.00731	0.00225	0.00619	0.00731	0.00900	0.01237
9	0.00904	0.00743	0.00799	0.00797	0.01026	0.00637	0.00606	0.01123	0.01727	0.02139	0.17967	0.06784	0.55475	0.01788	0.00866	0.00247	0.00379	0.04667	0.00696	0.00629
10	0.00916	0.00688	0.00849	0.00916	0.01044	0.00621	0.00646	0.01113	0.01631	0.02156	0.21745	0.39178	0.21926	0.01962	0.00892	0.00265	0.00388	0.01737	0.00707	0.00621
11	0.00887	0.00659	0.00828	0.00952	0.01041	0.00599	0.00650	0.01035	0.01476	0.01925	0.07651	0.57280	0.18059	0.02153	0.00911	0.00282	0.00407	0.01924	0.00680	0.00599
12	0.02719	0.03360	0.02069	0.01858	0.02248	0.66463	0.01403	0.07632	0.02159	0.01984	0.01169	0.01343	0.00958	0.00758	0.00661	0.00190	0.01273	0.00482	0.00400	0.00872
13	0.01392	0.01312	0.02216	0.69560	0.08000	0.01620	0.02029	0.01874	0.01463	0.01881	0.01295	0.01932	0.00977	0.00723	0.00726	0.00241	0.00964	0.00646	0.00325	0.00823
14	0.01566	0.01400	0.02227	0.39668	0.21824	0.01580	0.01851	0.07398	0.01659	0.02201	0.01739	0.02224	0.05463	0.00889	0.00851	0.04602	0.00869	0.00703	0.00389	0.00897
15	0.65565	0.06774	0.01388	0.08627	0.01823	0.01720	0.00952	0.02110	0.01278	0.02998	0.01042	0.01260	0.00817	0.00676	0.00481	0.00222	0.00621	0.00420	0.00426	0.00800
16	0.02944	0.01803	0.04040	0.01525	0.02102	0.05242	0.01282	0.33533	0.02691	0.33895	0.02203	0.02044	0.01464	0.00873	0.00724	0.00220	0.00753	0.00676	0.00774	0.01212

[dist]
# distance from previous block
# <min> <max>
0	1

[block]
# block no. 9 follows, 28 sequences, length 75
# corresponding to MSA columns:
# 306-380
name=unknown_J
#
# <colnr> <probs for GDERKNQSTAVLIFYWHMCP>
#	G	D	E	R	K	N	Q	S	T	A	V	L	I	F	Y	W	H	M	C	P
0	0.01167	0.00833	0.01078	0.01072	0.01219	0.00857	0.00787	0.04157	0.04023	0.04396	0.17435	0.26534	0.06803	0.07773	0.16188	0.00488	0.02525	0.01352	0.00627	0.00687
1	0.01070	0.00880	0.01374	0.16445	0.02105	0.00912	0.05173	0.01331	0.01485	0.01963	0.06366	0.43999	0.05479	0.01773	0.00882	0.00280	0.00603	0.06623	0.00586	0.00672
2	0.02616	0.03052	0.02028	0.01800	0.02206	0.54157	0.01372	0.11625	0.10013	0.02300	0.01421	0.01532	0.01126	0.00793	0.00675	0.00198	0.01157	0.00534	0.00464	0.00931
3	0.01458	0.03760	0.70688	0.02072	0.03146	0.01688	0.02686	0.02302	0.01535	0.02302	0.01304	0.01535	0.00921	0.00691	0.00691	0.00230	0.01074	0.00537	0.00307	0.01074
4	0.00888	0.00647	0.00838	0.00982	0.01048	0.00596	0.00663	0.01028	0.01441	0.01904	0.06660	0.65033	0.11182	0.02207	0.00919	0.00288	0.00414	0.01988	0.00679	0.00596
5	0.01069	0.00714	0.00948	0.01036	0.01152	0.00664	0.00752	0.01274	0.01605	0.05622	0.17492	0.46340	0.07115	0.01999	0.00910	0.00281	0.00443	0.09220	0.00711	0.00653
6	0.00886	0.00633	0.00843	0.01012	0.01054	0.00590	0.00675	0.01012	0.01392	0.01856	0.04006	0.73979	0.04808	0.02277	0.00928	0.00295	0.00422	0.02066	0.00675	0.00590
7	0.00916	0.00666	0.00821	0.00924	0.00997	0.00618	0.00613	0.01037	0.01399	0.01830	0.06434	0.48277	0.15396	0.14869	0.01401	0.00357	0.00460	0.01775	0.00638	0.00571
8	0.33906	0.02452	0.32601	0.11055	0.02672	0.01654	0.01808	0.02174	0.01400	0.02641	0.01181	0.01442	0.00872	0.00689	0.00595	0.00230	0.00847	0.00492	0.00368	0.00919
9	0.01263	0.00631	0.00947	0.00947	0.00947	0.00631	0.00631	0.00947	0.00947	0.01263	0.01263	0.02210	0.01263	0.02525	0.02841	0.78851	0.00631	0.00631	0.00316	0.00316
10	0.02559	0.11750	0.02222	0.01752	0.02157	0.58894	0.01354	0.04623	0.02016	0.01859	0.01351	0.01510	0.03401	0.00777	0.00642	0.00186	0.01199	0.00502	0.00388	0.00857
11	0.01105	0.00881	0.01012	0.00979	0.01211	0.00856	0.00748	0.01674	0.13104	0.02523	0.30312	0.08182	0.27506	0.01586	0.00850	0.00247	0.00414	0.05341	0.00734	0.00735
12	0.01675	0.01734	0.07824	0.25724	0.36455	0.01688	0.02075	0.06985	0.01714	0.02355	0.01581	0.02005	0.03530	0.00736	0.00725	0.00227	0.00891	0.00671	0.00383	0.01023
13	0.01708	0.08302	0.57843	0.01922	0.02904	0.01695	0.02393	0.02443	0.01596	0.10445	0.01472	0.01622	0.01027	0.00711	0.00680	0.00224	0.00999	0.00550	0.00378	0.01084
14	0.01749	0.05542	0.11811	0.06518	0.05056	0.11133	0.14377	0.02129	0.01479	0.01993	0.01201	0.01658	0.01008	0.00901	0.01335	0.00255	0.27808	0.00634	0.02523	0.00891
15	0.02534	0.07652	0.04764	0.01681	0.06294	0.05018	0.01329	0.25124	0.10953	0.21202	0.02091	0.02099	0.01507	0.03460	0.00809	0.00235	0.00756	0.00676	0.00676	0.01143
