[name]
unknown

[dist]
# distance from previous block
# <min> <max>
0	24

[block]
# block no. 0 follows, 27 sequences, length 26
# corresponding to MSA columns:
# 24-49
name=unknown_A
#
# <colnr> <probs for GDERKNQSTAVLIFYWHMCP>
#	G	D	E	R	K	N	Q	S	T	A	V	L	I	F	Y	W	H	M	C	P
0	0.01780	0.01706	0.02728	0.07323	0.49537	0.03481	0.04588	0.02302	0.05299	0.02405	0.01619	0.02243	0.01390	0.00758	0.00745	0.00224	0.00864	0.04299	0.00410	0.06300
1	0.02103	0.01858	0.02081	0.02090	0.14450	0.09045	0.01416	0.21687	0.10743	0.03141	0.08421	0.02209	0.01881	0.00892	0.00816	0.00215	0.04688	0.00706	0.00583	0.10975
2	0.00903	0.00652	0.00855	0.01018	0.01073	0.00604	0.00682	0.01035	0.01437	0.01901	0.04288	0.69635	0.08574	0.02300	0.00944	0.00299	0.00428	0.02079	0.00689	0.00604
3	0.02579	0.01939	0.02074	0.01637	0.02177	0.02158	0.01331	0.52993	0.14893	0.04270	0.02025	0.02080	0.01498	0.03796	0.00865	0.00248	0.00772	0.00715	0.00733	0.01215
4	0.02025	0.01583	0.01734	0.03792	0.02017	0.05824	0.01068	0.12758	0.01959	0.10260	0.01564	0.01692	0.01195	0.00668	0.00618	0.00152	0.00670	0.00522	0.00535	0.49363
5	0.01881	0.01729	0.02886	0.04163	0.59808	0.01785	0.02163	0.02288	0.01655	0.05258	0.01421	0.01846	0.01185	0.00735	0.00902	0.00231	0.07871	0.00664	0.00387	0.01144
6	0.01553	0.01354	0.01999	0.39906	0.03561	0.01661	0.01672	0.10091	0.01680	0.02267	0.01730	0.11388	0.01574	0.01065	0.01033	0.00261	0.12327	0.00853	0.03181	0.00845
7	0.00955	0.00682	0.00895	0.00993	0.01070	0.00637	0.00678	0.01138	0.01590	0.02168	0.21958	0.50595	0.05362	0.06284	0.01093	0.00307	0.00425	0.01837	0.00711	0.00621
8	0.00902	0.00657	0.00850	0.01005	0.01069	0.00605	0.00677	0.01037	0.01449	0.01906	0.04436	0.66763	0.11350	0.02281	0.00940	0.00296	0.00425	0.02056	0.00689	0.00605
9	0.01880	0.01887	0.03065	0.04038	0.52837	0.05740	0.10697	0.02428	0.05593	0.02424	0.01491	0.01885	0.01220	0.00683	0.00751	0.00225	0.00940	0.00690	0.00392	0.01135
10	0.00945	0.00701	0.00957	0.05791	0.01347	0.00679	0.00778	0.01113	0.01471	0.01958	0.07546	0.62897	0.06723	0.02162	0.00928	0.00293	0.00462	0.01955	0.00672	0.00624
11	0.00904	0.00646	0.00861	0.01034	0.01077	0.00603	0.00689	0.01034	0.01421	0.01895	0.04092	0.73426	0.04910	0.02326	0.00948	0.00301	0.00431	0.02110	0.00689	0.00603
12	0.01839	0.01957	0.07131	0.04248	0.59544	0.03844	0.05936	0.02309	0.01699	0.02400	0.01391	0.01815	0.01152	0.00665	0.00739	0.00222	0.00930	0.00661	0.00365	0.01152
13	0.03010	0.01778	0.02041	0.01565	0.02152	0.01855	0.01293	0.43461	0.02986	0.28734	0.02206	0.02057	0.01475	0.00901	0.00744	0.00225	0.00748	0.00697	0.00808	0.01263
14	0.01555	0.03390	0.56181	0.02134	0.03112	0.01709	0.08793	0.05789	0.01682	0.02455	0.01524	0.05542	0.01193	0.00796	0.00737	0.00240	0.01061	0.00672	0.00363	0.01070
15	0.01808	0.01727	0.02907	0.08970	0.62293	0.01759	0.02220	0.02319	0.04313	0.02417	0.01456	0.01884	0.01207	0.00681	0.00736	0.00224	0.00877	0.00668	0.00380	0.01152
16	0.02647	0.10152	0.02270	0.01797	0.02236	0.50506	0.01399	0.11858	0.06233	0.02287	0.01338	0.01473	0.01078	0.00785	0.00666	0.00196	0.01167	0.00519	0.00449	0.00945
17	0.01473	0.01250	0.01417	0.01149	0.01644	0.01107	0.00894	0.02177	0.16758	0.02505	0.04568	0.09051	0.08420	0.00974	0.00674	0.00177	0.00525	0.00819	0.00570	0.43847
18	0.01858	0.02029	0.01971	0.10339	0.05993	0.24201	0.03348	0.02263	0.07264	0.01995	0.02005	0.11668	0.04348	0.01310	0.03838	0.00286	0.13130	0.00858	0.00451	0.00844
19	0.07759	0.01721	0.03785	0.01505	0.02062	0.01754	0.01256	0.27323	0.15834	0.25601	0.02347	0.02182	0.01615	0.00905	0.00727	0.00232	0.00702	0.00708	0.00772	0.01210
20	0.03303	0.01308	0.01750	0.01342	0.01917	0.01157	0.01109	0.07057	0.02199	0.66250	0.02866	0.02486	0.01806	0.00917	0.00746	0.00229	0.00642	0.00742	0.00909	0.01263
21	0.00926	0.00655	0.00855	0.01007	0.01045	0.00617	0.00660	0.01039	0.01380	0.01840	0.03880	0.65157	0.04643	0.10959	0.01289	0.00352	0.00466	0.01986	0.00660	0.00585
22	0.02991	0.01791	0.02115	0.01628	0.02208	0.06212	0.05217	0.29315	0.02659	0.34644	0.02257	0.02113	0.01502	0.00880	0.00748	0.00226	0.00791	0.00705	0.00779	0.01221
23	0.00902	0.00654	0.00853	0.01012	0.01071	0.00605	0.00679	0.01036	0.01442	0.01904	0.04359	0.68260	0.09904	0.02291	0.00942	0.00298	0.00426	0.02068	0.00689	0.00605
24	0.01058	0.00711	0.00816	0.00837	0.00843	0.00705	0.00479	0.01074	0.01122	0.01496	0.02556	0.13357	0.02973	0.65037	0.03428	0.00668	0.00684	0.01207	0.00479	0.00469
25	0.01975	0.54032	0.05422	0.01401	0.01942	0.11286	0.01318	0.02215	0.01558	0.01787	0.01258	0.06094	0.01220	0.00806	0.00654	0.00185	0.05040	0.00542	0.00351	0.00914

[dist]
# distance from previous block
# <min> <max>
5	8

[block]
# block no. 1 follows, 27 sequences, length 15
# corresponding to MSA columns:
# 58-72
name=unknown_B
#
# <colnr> <probs for GDERKNQSTAVLIFYWHMCP>
#	G	D	E	R	K	N	Q	S	T	A	V	L	I	F	Y	W	H	M	C	P
0	0.02291	0.01602	0.01787	0.05494	0.02134	0.04014	0.01220	0.13386	0.31451	0.18075	0.05171	0.02520	0.02029	0.00945	0.00743	0.00233	0.00671	0.00771	0.00741	0.04722
1	0.01661	0.01671	0.02176	0.05538	0.02111	0.05615	0.01550	0.01863	0.01252	0.01868	0.01042	0.01618	0.00989	0.01154	0.02035	0.00289	0.56662	0.00617	0.00342	0.09947
2	0.02457	0.13894	0.02374	0.01590	0.02150	0.02301	0.01333	0.41506	0.18174	0.03828	0.01947	0.01915	0.01445	0.00876	0.00702	0.00219	0.00760	0.00663	0.00675	0.01191
3	0.02254	0.01432	0.01706	0.01263	0.01888	0.01239	0.01028	0.13273	0.02030	0.21559	0.01845	0.01855	0.01332	0.00710	0.00637	0.00162	0.00617	0.00564	0.00624	0.43980
4	0.01672	0.15955	0.01877	0.01231	0.01579	0.04245	0.01010	0.08336	0.05433	0.06267	0.08512	0.06538	0.13236	0.05766	0.08854	0.00360	0.05007	0.00923	0.00563	0.02636
5	0.01062	0.00801	0.00987	0.00941	0.01137	0.00750	0.00705	0.01477	0.05760	0.02785	0.52702	0.08174	0.16778	0.01578	0.00872	0.00240	0.00371	0.01379	0.00788	0.00712
6	0.01076	0.00735	0.00885	0.00885	0.00911	0.00761	0.00544	0.01128	0.01102	0.01495	0.02270	0.04475	0.02533	0.60441	0.17021	0.00813	0.00970	0.01024	0.00440	0.00492
7	0.01592	0.01592	0.02314	0.01965	0.02009	0.02162	0.05164	0.01779	0.01186	0.01825	0.01172	0.05525	0.01196	0.01318	0.02270	0.00319	0.64714	0.00741	0.00347	0.00811
8	0.01593	0.01578	0.02213	0.01907	0.01914	0.02198	0.01585	0.01761	0.01140	0.01783	0.01031	0.01697	0.01024	0.01539	0.06286	0.00374	0.68588	0.00658	0.00329	0.00804
9	0.00904	0.00753	0.00793	0.00806	0.01039	0.00641	0.00609	0.01106	0.01702	0.02063	0.10405	0.10180	0.59442	0.01890	0.00888	0.00257	0.00393	0.04800	0.00696	0.00632
10	0.00918	0.00652	0.00857	0.01016	0.01056	0.00612	0.00670	0.01037	0.01395	0.01860	0.03955	0.68072	0.04737	0.07915	0.01169	0.00334	0.00453	0.02030	0.00670	0.00591
11	0.01428	0.01346	0.02274	0.68034	0.08999	0.01656	0.02075	0.01920	0.01497	0.01929	0.01324	0.01971	0.01001	0.00737	0.00742	0.00246	0.00983	0.00660	0.00332	0.00846
12	0.01474	0.01393	0.02356	0.60976	0.15702	0.01668	0.02097	0.01960	0.01518	0.01984	0.01332	0.01956	0.01020	0.00729	0.00741	0.00243	0.00972	0.00660	0.00336	0.00883
13	0.00901	0.00660	0.00847	0.00996	0.01067	0.00606	0.00673	0.01038	0.01457	0.01910	0.04545	0.64669	0.13375	0.02267	0.00938	0.00295	0.00423	0.02039	0.00689	0.00606
14	0.02297	0.01456	0.01655	0.01342	0.01780	0.01504	0.01069	0.29935	0.05116	0.17438	0.09089	0.05633	0.09821	0.07168	0.01030	0.00273	0.00655	0.00939	0.00755	0.01046

[dist]
# distance from previous block
# <min> <max>
1	10

[block]
# block no. 2 follows, 27 sequences, length 12
# corresponding to MSA columns:
# 83-94
name=unknown_C
#
# <colnr> <probs for GDERKNQSTAVLIFYWHMCP>
#	G	D	E	R	K	N	Q	S	T	A	V	L	I	F	Y	W	H	M	C	P
0	0.01102	0.00718	0.00931	0.01032	0.01117	0.00683	0.00722	0.01259	0.01461	0.04938	0.06238	0.45121	0.04285	0.14492	0.01418	0.00368	0.00514	0.09411	0.03570	0.00623
1	0.01088	0.00873	0.01092	0.01024	0.01219	0.00849	0.00775	0.01347	0.01762	0.02429	0.32806	0.15866	0.19168	0.01621	0.01015	0.00247	0.07544	0.01368	0.00688	0.07220
2	0.02025	0.01523	0.01577	0.01273	0.01731	0.08572	0.00992	0.11379	0.05363	0.13119	0.11953	0.02698	0.02326	0.08120	0.01000	0.00239	0.00673	0.00743	0.00624	0.24071
3	0.01647	0.01692	0.02653	0.02161	0.02297	0.02202	0.13316	0.01893	0.01248	0.01893	0.01069	0.01692	0.01002	0.01178	0.02155	0.00311	0.59718	0.00690	0.00334	0.00846
4	0.01107	0.00844	0.01033	0.01010	0.01215	0.00812	0.00774	0.01590	0.08482	0.02688	0.41712	0.09454	0.16766	0.01627	0.00883	0.00253	0.00417	0.07837	0.00769	0.00728
5	0.12991	0.05787	0.01994	0.01491	0.02029	0.01844	0.04649	0.22021	0.18561	0.08401	0.02134	0.02113	0.03426	0.00860	0.00683	0.00219	0.00695	0.00679	0.00644	0.08779
6	0.08541	0.01360	0.02127	0.58656	0.04463	0.01713	0.01903	0.01912	0.01430	0.02017	0.01259	0.01873	0.00971	0.00793	0.00884	0.00253	0.08046	0.00635	0.00341	0.00822
7	0.00911	0.00753	0.00798	0.00787	0.01023	0.00641	0.00590	0.01130	0.01771	0.02193	0.19352	0.06836	0.57029	0.01810	0.00877	0.00247	0.00371	0.01524	0.00714	0.00641
8	0.01025	0.00751	0.00962	0.00924	0.01097	0.00687	0.00687	0.01346	0.02020	0.02818	0.59062	0.10101	0.12541	0.01603	0.00880	0.00239	0.00358	0.01413	0.00797	0.00687
9	0.01920	0.22782	0.22047	0.02061	0.02794	0.10591	0.16735	0.05827	0.01745	0.02227	0.01276	0.01549	0.01007	0.00708	0.00745	0.00215	0.03823	0.00583	0.00361	0.01004
10	0.01251	0.00971	0.01177	0.01215	0.01390	0.01021	0.00910	0.05214	0.14279	0.02352	0.05716	0.39678	0.07568	0.01881	0.00952	0.00289	0.02800	0.09870	0.00696	0.00769
11	0.00901	0.00757	0.00785	0.00790	0.01033	0.00641	0.00600	0.01105	0.01715	0.02068	0.10717	0.07112	0.62688	0.01868	0.00884	0.00254	0.00388	0.04365	0.00696	0.00633

[dist]
# distance from previous block
# <min> <max>
0	4

[block]
# block no. 3 follows, 27 sequences, length 107
# corresponding to MSA columns:
# 99-205
name=unknown_D
#
# <colnr> <probs for GDERKNQSTAVLIFYWHMCP>
#	G	D	E	R	K	N	Q	S	T	A	V	L	I	F	Y	W	H	M	C	P
0	0.06728	0.02044	0.10717	0.12107	0.37794	0.05039	0.10361	0.02279	0.01651	0.02374	0.01358	0.01780	0.01085	0.00679	0.00730	0.00229	0.00969	0.00650	0.00364	0.01062
1	0.01369	0.00693	0.00698	0.00698	0.00862	0.00693	0.00516	0.01699	0.01534	0.02705	0.02418	0.02867	0.01941	0.04335	0.00674	0.00199	0.00364	0.00710	0.74346	0.00680
2	0.01715	0.01717	0.02439	0.08574	0.15830	0.09247	0.14761	0.05374	0.04067	0.02329	0.02210	0.08609	0.07026	0.01128	0.03591	0.00264	0.00934	0.00875	0.00463	0.08846
3	0.01384	0.00692	0.00692	0.00692	0.00865	0.00692	0.00519	0.01730	0.01557	0.02768	0.02422	0.02768	0.01903	0.00865	0.00519	0.00173	0.00346	0.00692	0.78031	0.00692
4	0.02172	0.12613	0.02291	0.01594	0.04921	0.01973	0.01276	0.29136	0.04983	0.03252	0.01521	0.01656	0.01188	0.00773	0.00747	0.00187	0.04973	0.00567	0.00551	0.23627
5	0.01489	0.03840	0.70064	0.02116	0.03213	0.01724	0.02743	0.02351	0.01567	0.02351	0.01332	0.01567	0.00940	0.00705	0.00705	0.00235	0.01097	0.00549	0.00313	0.01097
6	0.01955	0.70185	0.07805	0.01320	0.01983	0.02866	0.01357	0.02231	0.01512	0.01782	0.01050	0.01213	0.00952	0.00639	0.00490	0.00163	0.00812	0.00406	0.00317	0.00961
7	0.01065	0.00800	0.00991	0.00936	0.01135	0.00747	0.00704	0.01479	0.05368	0.02837	0.56304	0.05646	0.16110	0.01547	0.00870	0.00237	0.00366	0.01351	0.00795	0.00713
8	0.03004	0.01274	0.01689	0.01280	0.01870	0.01073	0.01053	0.03299	0.02018	0.57511	0.02635	0.02347	0.01703	0.00852	0.00711	0.00208	0.00617	0.00691	0.00832	0.15334
9	0.00904	0.00646	0.00861	0.01034	0.01077	0.00603	0.00689	0.01034	0.01421	0.01895	0.04092	0.73426	0.04910	0.02326	0.00948	0.00301	0.00431	0.02110	0.00689	0.00603
10	0.02055	0.01599	0.01717	0.01458	0.01905	0.01772	0.01157	0.22243	0.36199	0.05965	0.06965	0.03038	0.08448	0.01081	0.00770	0.00241	0.00624	0.00882	0.00755	0.01125
11	0.01187	0.00781	0.01027	0.00970	0.01158	0.00716	0.00725	0.01510	0.02030	0.07324	0.57571	0.12584	0.06436	0.01564	0.00875	0.00240	0.00378	0.01385	0.00810	0.00728
12	0.00890	0.00727	0.00786	0.00824	0.01024	0.00624	0.00598	0.01070	0.01643	0.02014	0.08902	0.22599	0.51779	0.01972	0.00894	0.00262	0.00388	0.01686	0.00694	0.00624
13	0.01834	0.01773	0.03068	0.04499	0.66652	0.01768	0.04861	0.02282	0.01693	0.02423	0.01401	0.01844	0.01174	0.00660	0.00741	0.00222	0.00897	0.00670	0.00368	0.01169
14	0.11922	0.01275	0.01543	0.01239	0.01746	0.01208	0.01010	0.05091	0.07673	0.46259	0.03036	0.02756	0.07248	0.00975	0.00716	0.00231	0.00595	0.00777	0.03570	0.01129
15	0.01061	0.00795	0.01193	0.01193	0.01326	0.00928	0.00928	0.01326	0.01193	0.01723	0.01988	0.02916	0.01856	0.05568	0.70968	0.01193	0.01988	0.00795	0.00398	0.00663
16	0.17394	0.01416	0.01632	0.01310	0.01831	0.01424	0.01071	0.11178	0.09826	0.38590	0.05070	0.02332	0.01826	0.00906	0.00698	0.00232	0.00628	0.00706	0.00786	0.01143
17	0.01860	0.01756	0.02938	0.07843	0.62976	0.01783	0.02228	0.05207	0.01762	0.02502	0.01410	0.01842	0.01170	0.00676	0.00736	0.00222	0.00884	0.00662	0.00383	0.01162
18	0.02641	0.03118	0.02007	0.01788	0.02185	0.56244	0.01358	0.11113	0.02245	0.02230	0.01577	0.01722	0.04261	0.00838	0.00684	0.00198	0.01191	0.00562	0.03144	0.00896
19	0.02503	0.01857	0.02157	0.06038	0.07893	0.02032	0.01448	0.49893	0.02999	0.06078	0.01962	0.08130	0.01578	0.00991	0.00760	0.00231	0.00793	0.00797	0.00688	0.01171
20	0.01174	0.00838	0.01171	0.01342	0.01503	0.00835	0.01157	0.01499	0.01687	0.02197	0.03943	0.13370	0.04321	0.02072	0.01019	0.00339	0.00664	0.59508	0.00684	0.00677
21	0.01653	0.01175	0.01416	0.01095	0.01597	0.00967	0.00868	0.04706	0.01848	0.10667	0.19755	0.02944	0.05312	0.00916	0.00681	0.00167	0.00511	0.00769	0.00620	0.42333
22	0.07900	0.53862	0.12682	0.01411	0.02078	0.07624	0.01450	0.02291	0.01541	0.01957	0.01082	0.01255	0.00940	0.00658	0.00521	0.00177	0.00859	0.00424	0.00333	0.00955
23	0.01791	0.02011	0.07142	0.15479	0.31548	0.07084	0.19520	0.02296	0.01696	0.02270	0.01389	0.01852	0.01100	0.00676	0.00767	0.00232	0.01048	0.00698	0.00361	0.01039
24	0.03331	0.01263	0.01723	0.01321	0.01895	0.01091	0.01091	0.03618	0.02125	0.69794	0.02929	0.02527	0.01838	0.00919	0.00747	0.00230	0.00632	0.00747	0.00919	0.01263
25	0.00955	0.00682	0.00920	0.01092	0.01157	0.00647	0.00777	0.01122	0.01471	0.01952	0.04064	0.62090	0.04799	0.02278	0.00961	0.00309	0.00475	0.12944	0.00688	0.00617
26	0.02015	0.36303	0.14451	0.01763	0.05443	0.10029	0.03914	0.02481	0.05438	0.05516	0.01339	0.01516	0.01091	0.00738	0.00709	0.00200	0.05151	0.00520	0.00385	0.01000
27	0.01182	0.00898	0.01070	0.01013	0.01231	0.00873	0.00760	0.05725	0.07483	0.02789	0.40076	0.14039	0.16819	0.01602	0.00867	0.00246	0.00415	0.01395	0.00769	0.00751
28	0.01080	0.00720	0.00810	0.00810	0.00810	0.00720	0.00450	0.01080	0.01080	0.01439	0.02339	0.04858	0.02699	0.73910	0.03779	0.00720	0.00720	0.01080	0.00450	0.00450
29	0.01745	0.07621	0.07926	0.05083	0.07117	0.01949	0.50616	0.02327	0.01693	0.02298	0.01429	0.01895	0.01096	0.00656	0.00870	0.00243	0.03274	0.00796	0.00364	0.01001
30	0.01895	0.02068	0.02435	0.34118	0.12209	0.21058	0.07098	0.02404	0.05637	0.02052	0.01397	0.01831	0.01091	0.00745	0.00733	0.00229	0.01071	0.00637	0.00378	0.00915
31	0.01196	0.00854	0.01196	0.01367	0.01538	0.00854	0.01196	0.01538	0.01709	0.02222	0.03931	0.08374	0.04272	0.02051	0.01025	0.00342	0.00684	0.64283	0.00684	0.00684
32	0.07851	0.03936	0.08591	0.10298	0.18515	0.04469	0.04444	0.09242	0.04855	0.02680	0.06034	0.01997	0.01529	0.00781	0.00740	0.00216	0.02644	0.00654	0.00461	0.10063
33	0.03974	0.10600	0.37439	0.05550	0.05596	0.05351	0.13919	0.02307	0.01600	0.02253	0.01338	0.01662	0.01016	0.00859	0.03206	0.00262	0.01108	0.00602	0.00339	0.01018
34	0.00917	0.00754	0.00807	0.00793	0.01027	0.00643	0.00595	0.01142	0.01785	0.02226	0.21475	0.06781	0.54886	0.01798	0.00877	0.00247	0.00370	0.01516	0.00718	0.00643
35	0.01080	0.00720	0.00810	0.00810	0.00810	0.00720	0.00450	0.01080	0.01080	0.01439	0.02339	0.04858	0.02699	0.73910	0.03779	0.00720	0.00720	0.01080	0.00450	0.00450
36	0.79154	0.01436	0.01091	0.00976	0.01436	0.01665	0.00804	0.02182	0.01263	0.03331	0.01034	0.01206	0.00804	0.00689	0.00459	0.00230	0.00574	0.00402	0.00459	0.00804
37	0.01384	0.00692	0.00692	0.00692	0.00865	0.00692	0.00519	0.01730	0.01557	0.02768	0.02422	0.02768	0.01903	0.00865	0.00519	0.00173	0.00346	0.00692	0.78031	0.00692
38	0.01580	0.02816	0.40286	0.02331	0.12239	0.01608	0.07571	0.02345	0.05563	0.03986	0.04209	0.02158	0.04755	0.00796	0.00735	0.00230	0.00949	0.00688	0.00409	0.04746
39	0.01611	0.01317	0.01547	0.01108	0.01765	0.00994	0.00888	0.01940	0.01563	0.05126	0.01384	0.01579	0.01129	0.00565	0.00558	0.00115	0.00553	0.00452	0.00459	0.75348
40	0.72480	0.01440	0.01143	0.01017	0.01478	0.01660	0.00834	0.02326	0.05232	0.05159	0.01204	0.01335	0.00919	0.00714	0.00485	0.00231	0.00577	0.00437	0.00490	0.00839
41	0.01074	0.00784	0.00881	0.00840	0.01087	0.00676	0.00636	0.01316	0.01839	0.06304	0.25450	0.06397	0.46625	0.01716	0.00869	0.00244	0.00383	0.01452	0.00741	0.00686
42	0.01402	0.01319	0.02227	0.72126	0.05113	0.01649	0.02062	0.01897	0.01484	0.01897	0.01319	0.01979	0.00990	0.00742	0.00742	0.00247	0.00990	0.00660	0.00330	0.00825
43	0.02822	0.02079	0.02228	0.01708	0.02302	0.02302	0.01411	0.66804	0.03490	0.04679	0.01782	0.01782	0.01262	0.00891	0.00743	0.00223	0.00817	0.00668	0.00743	0.01262
44	0.01090	0.00770	0.01067	0.01067	0.01173	0.00862	0.00788	0.01301	0.01195	0.01739	0.02102	0.03347	0.02051	0.20763	0.50263	0.01007	0.01574	0.00852	0.06372	0.00617
45	0.02773	0.03538	0.02104	0.01913	0.02295	0.70930	0.01434	0.02964	0.02104	0.01817	0.01148	0.01339	0.00956	0.00765	0.00669	0.00191	0.01339	0.00478	0.00383	0.00861
46	0.02263	0.01641	0.01765	0.01468	0.01934	0.01821	0.01176	0.27596	0.30346	0.08300	0.02466	0.02376	0.01808	0.00939	0.00720	0.00229	0.00647	0.00749	0.10604	0.01153
47	0.00943	0.00674	0.00902	0.01057	0.01122	0.00634	0.00737	0.01108	0.01500	0.02008	0.09053	0.62204	0.05012	0.02238	0.00949	0.00300	0.00448	0.07794	0.00698	0.00618
48	0.00904	0.00646	0.00861	0.01034	0.01077	0.00603	0.00689	0.01034	0.01421	0.01895	0.04092	0.73426	0.04910	0.02326	0.00948	0.00301	0.00431	0.02110	0.00689	0.00603
49	0.02776	0.03445	0.02112	0.01900	0.02295	0.66569	0.01433	0.07021	0.02192	0.01999	0.01188	0.01367	0.00976	0.00773	0.00674	0.00193	0.01306	0.00490	0.00405	0.00886
50	0.09042	0.01244	0.01615	0.01258	0.01800	0.01112	0.01036	0.03399	0.02026	0.60829	0.02754	0.02439	0.01762	0.00898	0.00711	0.00226	0.00611	0.00717	0.05325	0.01195
51	0.01055	0.00714	0.00839	0.00862	0.00875	0.00716	0.00509	0.01088	0.01132	0.01516	0.02552	0.13863	0.02944	0.60456	0.07272	0.00691	0.00754	0.01200	0.00479	0.00482
52	0.01432	0.00849	0.01082	0.00972	0.01232	0.00758	0.00747	0.01742	0.02033	0.14880	0.46143	0.05282	0.17003	0.01473	0.00853	0.00236	0.00406	0.01274	0.00813	0.00789
53	0.01394	0.02961	0.48940	0.01878	0.02723	0.01476	0.05907	0.02114	0.01712	0.02510	0.18302	0.02591	0.02474	0.00905	0.00758	0.00236	0.00919	0.00767	0.00444	0.00992
54	0.02664	0.01801	0.01997	0.01579	0.02111	0.01945	0.01285	0.47077	0.08064	0.14070	0.02240	0.07901	0.01728	0.01023	0.00761	0.00233	0.00740	0.00813	0.00766	0.01201
55	0.10685	0.02872	0.04268	0.06405	0.10843	0.45116	0.01561	0.02654	0.01861	0.02077	0.01175	0.01447	0.00970	0.00766	0.00745	0.00210	0.04553	0.00514	0.00381	0.00897
56	0.01693	0.02137	0.11926	0.09870	0.08886	0.01828	0.47745	0.02320	0.01699	0.02331	0.01456	0.01936	0.01095	0.00649	0.00832	0.00246	0.01179	0.00799	0.00363	0.01009
57	0.01201	0.00648	0.00938	0.00974	0.00982	0.00640	0.00645	0.00986	0.01065	0.01420	0.01910	0.16909	0.02093	0.05786	0.02542	0.58904	0.00604	0.00964	0.00403	0.00385
58	0.02017	0.28813	0.12202	0.09349	0.02440	0.05228	0.01513	0.10271	0.01894	0.08512	0.07227	0.01919	0.01600	0.00794	0.00641	0.00200	0.00825	0.00599	0.00475	0.03480
59	0.01565	0.01722	0.08883	0.41152	0.26147	0.01701	0.04128	0.02080	0.01568	0.02129	0.01352	0.01894	0.01051	0.00709	0.00740	0.00237	0.00972	0.00656	0.00342	0.00972
60	0.02990	0.01188	0.01614	0.01263	0.01777	0.01033	0.01033	0.03286	0.02121	0.59796	0.12798	0.02978	0.02611	0.01008	0.00766	0.00230	0.00590	0.00836	0.00904	0.01179
61	0.01530	0.09706	0.64559	0.02046	0.03104	0.01825	0.02620	0.02340	0.01562	0.02301	0.01307	0.01536	0.00941	0.00699	0.00686	0.00229	0.01072	0.00536	0.00314	0.01085
62	0.06623	0.01558	0.01852	0.01710	0.06667	0.01670	0.03150	0.34757	0.02516	0.03474	0.02456	0.20513	0.02385	0.01310	0.00803	0.00253	0.00711	0.05911	0.00670	0.01009
63	0.01048	0.00707	0.00819	0.00850	0.00857	0.00699	0.00493	0.01071	0.01141	0.01521	0.02653	0.17132	0.03095	0.61097	0.03272	0.00645	0.00668	0.01264	0.00493	0.00477
64	0.01140	0.00780	0.00884	0.00867	0.00908	0.00788	0.00520	0.03905	0.01222	0.01625	0.02560	0.06701	0.05331	0.63281	0.05971	0.00685	0.00749	0.01100	0.00477	0.00504
65	0.02376	0.01617	0.02284	0.11052	0.27471	0.05494	0.01676	0.05358	0.04210	0.25931	0.02048	0.03912	0.01508	0.00830	0.00742	0.00228	0.00810	0.00724	0.00593	0.01135
66	0.01303	0.01061	0.01369	0.01304	0.01476	0.04299	0.01023	0.06453	0.01408	0.01958	0.01883	0.02692	0.01725	0.04773	0.58899	0.01029	0.05436	0.00764	0.00420	0.00725
67	0.01061	0.00719	0.00808	0.00813	0.00831	0.00710	0.00465	0.01077	0.01130	0.01491	0.02727	0.07293	0.06984	0.66943	0.03500	0.00676	0.00688	0.01145	0.00473	0.00466
68	0.11100	0.03107	0.48862	0.11205	0.03281	0.01716	0.06091	0.02272	0.01530	0.02414	0.01303	0.01602	0.00941	0.00704	0.00690	0.00237	0.01027	0.00564	0.00337	0.01020
69	0.01865	0.01567	0.01707	0.04712	0.02051	0.01796	0.01203	0.10069	0.53271	0.03201	0.07876	0.02846	0.02469	0.01022	0.00763	0.00247	0.00611	0.00852	0.00739	0.01132
70	0.01958	0.01039	0.01385	0.01280	0.01609	0.00983	0.01070	0.05949	0.02030	0.24626	0.17146	0.05486	0.03877	0.01502	0.00886	0.00275	0.00604	0.26593	0.00792	0.00910
71	0.65691	0.04573	0.01360	0.07892	0.01841	0.01740	0.00967	0.04391	0.01372	0.03171	0.01087	0.01300	0.00844	0.00699	0.00497	0.00228	0.00632	0.00436	0.00451	0.00828
72	0.01014	0.00742	0.00957	0.00966	0.01122	0.00684	0.00719	0.01303	0.01897	0.02611	0.45285	0.19620	0.12451	0.01753	0.00901	0.00256	0.00392	0.05885	0.00770	0.00672
73	0.02226	0.01643	0.04368	0.01997	0.13028	0.01629	0.03322	0.25113	0.06350	0.13176	0.04188	0.09345	0.01998	0.04345	0.00900	0.00255	0.00736	0.00874	0.03416	0.01090
74	0.01677	0.01315	0.01553	0.01117	0.01770	0.00997	0.00896	0.02004	0.01584	0.07594	0.01443	0.01615	0.01156	0.00578	0.00565	0.00119	0.00556	0.00463	0.00477	0.72521
75	0.02730	0.07559	0.02212	0.01867	0.02273	0.64274	0.01424	0.05470	0.02125	0.01927	0.01166	0.01348	0.00968	0.00763	0.00661	0.00191	0.01287	0.00481	0.00393	0.00882
76	0.00930	0.00673	0.00879	0.00999	0.01078	0.00622	0.00684	0.01103	0.01562	0.02100	0.16177	0.57154	0.08984	0.02152	0.00930	0.00286	0.00413	0.01938	0.00713	0.00622
77	0.01626	0.02562	0.27416	0.02677	0.07207	0.01736	0.34417	0.02296	0.01650	0.02347	0.01446	0.01853	0.01091	0.00850	0.03590	0.00274	0.01171	0.00723	0.00357	0.04711
78	0.01921	0.01632	0.01721	0.01526	0.01959	0.01881	0.01193	0.08773	0.62988	0.03226	0.02926	0.02694	0.02189	0.00998	0.00754	0.00250	0.00605	0.00826	0.00754	0.01182
79	0.01064	0.00783	0.01129	0.01129	0.01239	0.00893	0.00848	0.01284	0.01174	0.01676	0.02047	0.03242	0.01997	0.17017	0.59712	0.01114	0.01776	0.00843	0.00406	0.00627
80	0.02773	0.03538	0.02104	0.01913	0.02295	0.70930	0.01434	0.02964	0.02104	0.01817	0.01148	0.01339	0.00956	0.00765	0.00669	0.00191	0.01339	0.00478	0.00383	0.00861
81	0.00977	0.00780	0.00878	0.00849	0.01074	0.00693	0.00638	0.01288	0.03806	0.02437	0.32588	0.06359	0.41570	0.01706	0.00873	0.00244	0.00372	0.01453	0.00744	0.00673
82	0.00904	0.00646	0.00861	0.01034	0.01077	0.00603	0.00689	0.01034	0.01421	0.01895	0.04092	0.73426	0.04910	0.02326	0.00948	0.00301	0.00431	0.02110	0.00689	0.00603
83	0.00912	0.00759	0.00804	0.00829	0.01063	0.00650	0.00636	0.01115	0.01683	0.02024	0.07001	0.09922	0.59519	0.01916	0.00896	0.00262	0.00411	0.08278	0.00689	0.00632
84	0.01837	0.01764	0.03013	0.04557	0.69279	0.01764	0.02278	0.02278	0.01690	0.02425	0.01396	0.01837	0.01176	0.00661	0.00735	0.00220	0.00882	0.00661	0.00367	0.01176
85	0.00971	0.00757	0.00895	0.00959	0.01147	0.00681	0.00742	0.01198	0.01686	0.02126	0.11845	0.19163	0.37025	0.01965	0.00923	0.00279	0.00453	0.15844	0.00700	0.00642
86	0.02275	0.01448	0.01700	0.01410	0.01815	0.01516	0.01115	0.29708	0.02418	0.16865	0.02521	0.18121	0.02265	0.04713	0.03327	0.00297	0.03272	0.01022	0.00717	0.03475
87	0.01384	0.00692	0.00692	0.00692	0.00865	0.00692	0.00519	0.01730	0.01557	0.02768	0.02422	0.02768	0.01903	0.00865	0.00519	0.00173	0.00346	0.00692	0.78031	0.00692
88	0.01885	0.01913	0.02781	0.14575	0.51254	0.10218	0.02142	0.02304	0.01709	0.02270	0.01354	0.01798	0.01120	0.00686	0.00728	0.00221	0.00954	0.00639	0.00364	0.01084
89	0.01791	0.01717	0.02930	0.11751	0.62447	0.01752	0.02255	0.02238	0.01668	0.02369	0.01388	0.01852	0.01156	0.00670	0.00736	0.00223	0.00893	0.00661	0.00363	0.01139
90	0.09640	0.01720	0.04532	0.30623	0.24131	0.04504	0.06569	0.05416	0.01673	0.02392	0.01344	0.01810	0.01049	0.00711	0.00717	0.00234	0.00941	0.00639	0.00380	0.00975
91	0.01708	0.05806	0.11310	0.02680	0.03386	0.03952	0.47139	0.02292	0.01738	0.02354	0.06608	0.02153	0.01539	0.00728	0.00877	0.00243	0.03278	0.00832	0.00398	0.00976
92	0.01071	0.00721	0.00807	0.00807	0.00818	0.00716	0.00455	0.01079	0.01106	0.01464	0.02561	0.04956	0.05540	0.70822	0.03654	0.00700	0.00705	0.01100	0.00460	0.00457
93	0.01743	0.20834	0.44900	0.02045	0.07738	0.01988	0.02252	0.02387	0.01594	0.06093	0.01355	0.01550	0.01013	0.00697	0.00654	0.00215	0.00980	0.00531	0.00353	0.01077
94	0.01878	0.01844	0.02902	0.04242	0.61547	0.05281	0.02180	0.02346	0.03676	0.02393	0.01418	0.01833	0.01190	0.00699	0.00791	0.00224	0.03374	0.00657	0.00378	0.01147
95	0.03110	0.01215	0.01652	0.01283	0.01819	0.01053	0.01053	0.03404	0.02123	0.63335	0.09304	0.02819	0.02337	0.00977	0.00759	0.00230	0.00604	0.00804	0.00909	0.01209
96	0.01685	0.01635	0.02516	0.21909	0.40281	0.05599	0.02016	0.02108	0.01661	0.02217	0.01819	0.02576	0.04258	0.00848	0.00762	0.00237	0.00900	0.05575	0.00396	0.01003
97	0.11166	0.04701	0.28748	0.09087	0.11971	0.01679	0.01972	0.05179	0.04059	0.09264	0.04229	0.01896	0.01354	0.00771	0.00690	0.00231	0.00878	0.00620	0.00455	0.01051
98	0.00948	0.00675	0.00877	0.01021	0.01076	0.00638	0.00694	0.01079	0.01410	0.01866	0.03977	0.57481	0.06797	0.11327	0.01309	0.00356	0.00485	0.06736	0.00658	0.00591
99	0.00920	0.00672	0.00866	0.00991	0.01073	0.00618	0.00677	0.01083	0.01535	0.02042	0.12517	0.57819	0.12100	0.02177	0.00931	0.00288	0.00415	0.01956	0.00705	0.00618
100	0.02166	0.38774	0.08217	0.01635	0.04190	0.18014	0.01452	0.07135	0.08033	0.02165	0.01332	0.01463	0.01105	0.00724	0.00591	0.00187	0.00925	0.00496	0.00405	0.00993
101	0.01539	0.00952	0.01145	0.01078	0.01174	0.04384	0.00761	0.08364	0.01341	0.01787	0.01411	0.02192	0.01310	0.02188	0.02393	0.60672	0.00679	0.00642	0.05509	0.00477
102	0.01157	0.00833	0.01146	0.01307	0.01473	0.00823	0.01123	0.01474	0.01687	0.02185	0.04152	0.12998	0.08101	0.02061	0.01011	0.00334	0.00647	0.56129	0.00684	0.00674
103	0.01443	0.00798	0.01094	0.01039	0.01102	0.00821	0.00718	0.07873	0.01236	0.01650	0.01378	0.02297	0.01336	0.04882	0.02706	0.67504	0.00665	0.00662	0.00371	0.00425
104	0.04430	0.07612	0.27222	0.07745	0.14993	0.06663	0.02078	0.15681	0.02005	0.02765	0.01394	0.01640	0.01051	0.00737	0.00695	0.00222	0.00971	0.00583	0.00423	0.01089
105	0.01949	0.02126	0.15468	0.05525	0.13401	0.06142	0.09930	0.10368	0.04279	0.08904	0.07055	0.02682	0.01912	0.00918	0.00780	0.00239	0.00906	0.05843	0.00528	0.01044
106	0.57147	0.08221	0.01597	0.03665	0.05119	0.07371	0.01039	0.02232	0.01378	0.02925	0.01069	0.01286	0.00860	0.00709	0.00562	0.00223	0.02891	0.00437	0.00427	0.00842

[dist]
# distance from previous block
# <min> <max>
0	1

[block]
# block no. 4 follows, 27 sequences, length 208
# corresponding to MSA columns:
# 207-414
name=unknown_E
#
# <colnr> <probs for GDERKNQSTAVLIFYWHMCP>
#	G	D	E	R	K	N	Q	S	T	A	V	L	I	F	Y	W	H	M	C	P
0	0.00995	0.00727	0.00934	0.01083	0.03274	0.00688	0.00702	0.01133	0.01430	0.01892	0.07215	0.42023	0.10786	0.18373	0.01575	0.00387	0.00515	0.05038	0.00631	0.00599
1	0.04350	0.04996	0.02400	0.06321	0.29155	0.03917	0.04025	0.06906	0.01778	0.02468	0.05524	0.03016	0.04854	0.01023	0.00936	0.00247	0.07895	0.08742	0.00469	0.00977
2	0.01539	0.01319	0.01539	0.01100	0.01759	0.00990	0.00880	0.01869	0.01539	0.02419	0.01319	0.01539	0.01100	0.00550	0.00550	0.00110	0.00550	0.00440	0.00440	0.78449
3	0.02141	0.60306	0.03536	0.01398	0.01983	0.16427	0.01303	0.02370	0.01627	0.01761	0.01055	0.01220	0.00953	0.00661	0.00515	0.00165	0.00902	0.00413	0.00330	0.00934
4	0.01198	0.00995	0.01191	0.04297	0.04168	0.05291	0.00872	0.01531	0.02005	0.02748	0.53748	0.10226	0.05948	0.01462	0.00856	0.00236	0.00470	0.01288	0.00739	0.00728
5	0.01106	0.00843	0.01251	0.01177	0.01309	0.00880	0.05365	0.01312	0.01314	0.01824	0.08430	0.09466	0.02863	0.26133	0.30545	0.00791	0.01219	0.03068	0.00483	0.00619
6	0.02711	0.02024	0.02166	0.01686	0.02260	0.02251	0.01384	0.59679	0.10795	0.04500	0.01923	0.01894	0.01376	0.00904	0.00744	0.00226	0.00791	0.00688	0.00744	0.01253
7	0.01061	0.00795	0.01193	0.01193	0.01326	0.00928	0.00928	0.01326	0.01193	0.01723	0.01988	0.02916	0.01856	0.05568	0.70968	0.01193	0.01988	0.00795	0.00398	0.00663
8	0.62279	0.01551	0.01326	0.01125	0.01614	0.01767	0.00928	0.14408	0.01711	0.05767	0.01237	0.01358	0.00924	0.00735	0.00522	0.00228	0.00622	0.00464	0.00528	0.00905
9	0.01856	0.01585	0.01676	0.01499	0.01918	0.01826	0.01168	0.06121	0.63527	0.03158	0.05076	0.02823	0.02381	0.01019	0.00759	0.00250	0.00588	0.00849	0.00757	0.01163
10	0.00962	0.00688	0.00906	0.00991	0.01079	0.00641	0.00685	0.01164	0.01649	0.02261	0.26836	0.47287	0.05575	0.04392	0.01015	0.00291	0.00412	0.01806	0.00726	0.00632
11	0.00879	0.00747	0.00757	0.00764	0.01006	0.00626	0.00570	0.01064	0.01680	0.02001	0.07371	0.10042	0.66177	0.01900	0.00880	0.00253	0.00378	0.01591	0.00689	0.00626
12	0.09185	0.03130	0.01963	0.01779	0.02160	0.58055	0.01347	0.05085	0.02023	0.02043	0.01215	0.01445	0.01012	0.01072	0.05171	0.00260	0.01297	0.00499	0.00403	0.00858
13	0.48904	0.10235	0.03793	0.01128	0.01640	0.01705	0.00986	0.04608	0.01557	0.14017	0.04375	0.01643	0.01285	0.00764	0.00544	0.00221	0.00625	0.00513	0.00538	0.00918
14	0.01025	0.00774	0.01005	0.01111	0.01178	0.00794	0.00783	0.01243	0.04144	0.01927	0.03797	0.53619	0.06385	0.07900	0.01270	0.00336	0.05329	0.06096	0.00648	0.00635
15	0.02523	0.01126	0.01494	0.01205	0.01643	0.01011	0.00971	0.05680	0.02178	0.43868	0.25596	0.03533	0.03592	0.01124	0.00791	0.00231	0.00543	0.00948	0.00876	0.01069
16	0.01815	0.01897	0.07322	0.04400	0.65034	0.01761	0.02308	0.02283	0.01682	0.02421	0.01392	0.01820	0.01161	0.00664	0.00733	0.00221	0.00896	0.00654	0.00364	0.01171
17	0.14863	0.04386	0.01841	0.01464	0.01944	0.16429	0.01177	0.22800	0.04337	0.13686	0.03913	0.01907	0.01459	0.00850	0.00664	0.00214	0.00807	0.00617	0.05603	0.01037
18	0.70702	0.01387	0.01135	0.04115	0.01577	0.01603	0.00853	0.02119	0.01327	0.03245	0.05406	0.01519	0.01211	0.00745	0.00499	0.00231	0.00578	0.00474	0.00477	0.00798
19	0.02078	0.27221	0.06356	0.02011	0.12398	0.22509	0.01514	0.02370	0.01686	0.01970	0.01255	0.01537	0.01079	0.00903	0.03116	0.00228	0.05104	0.00516	0.05214	0.00933
20	0.00964	0.00702	0.00923	0.01059	0.01152	0.00650	0.00751	0.01136	0.01495	0.01993	0.06330	0.57848	0.07780	0.02185	0.00938	0.00295	0.00460	0.09416	0.00684	0.03237
21	0.16870	0.12444	0.04137	0.07237	0.01981	0.04752	0.01157	0.10823	0.08282	0.02762	0.06670	0.13289	0.02178	0.01070	0.00679	0.00230	0.00682	0.00855	0.03005	0.00896
22	0.19310	0.31765	0.07809	0.01479	0.05701	0.06521	0.01281	0.05598	0.01635	0.02423	0.05953	0.01759	0.01446	0.03757	0.00696	0.00218	0.00775	0.00539	0.00419	0.00915
23	0.03331	0.01263	0.01723	0.01321	0.01895	0.01091	0.01091	0.03618	0.02125	0.69794	0.02929	0.02527	0.01838	0.00919	0.00747	0.00230	0.00632	0.00747	0.00919	0.01263
24	0.00983	0.00727	0.01011	0.05628	0.01391	0.00723	0.00833	0.01183	0.01494	0.02010	0.10050	0.52180	0.04581	0.02377	0.06360	0.00363	0.00597	0.06216	0.00656	0.00637
25	0.01733	0.07300	0.34062	0.03016	0.27942	0.01803	0.06519	0.02362	0.01641	0.04731	0.01405	0.01707	0.01073	0.00687	0.00714	0.00226	0.00991	0.00609	0.00359	0.01117
26	0.01003	0.00722	0.00952	0.00986	0.01113	0.00671	0.00714	0.01273	0.01841	0.02559	0.43136	0.30182	0.06149	0.01829	0.00907	0.00262	0.00391	0.03880	0.00766	0.00665
27	0.01080	0.00720	0.00810	0.00810	0.00810	0.00720	0.00450	0.01080	0.01080	0.01439	0.02339	0.04858	0.02699	0.73910	0.03779	0.00720	0.00720	0.01080	0.00450	0.00450
28	0.01985	0.74357	0.03890	0.01270	0.01905	0.02937	0.01270	0.02223	0.01508	0.01747	0.01032	0.01191	0.00953	0.00635	0.00476	0.00159	0.00794	0.00397	0.00318	0.00953
29	0.01489	0.03840	0.70064	0.02116	0.03213	0.01724	0.02743	0.02351	0.01567	0.02351	0.01332	0.01567	0.00940	0.00705	0.00705	0.00235	0.01097	0.00549	0.00313	0.01097
30	0.01196	0.00854	0.01196	0.01367	0.01538	0.00854	0.01196	0.01538	0.01709	0.02222	0.03931	0.08374	0.04272	0.02051	0.01025	0.00342	0.00684	0.64283	0.00684	0.00684
31	0.01778	0.01314	0.01501	0.04147	0.01693	0.01378	0.00966	0.25745	0.02130	0.02899	0.06453	0.06287	0.02279	0.25322	0.04847	0.00424	0.00769	0.00896	0.00586	0.08585
32	0.01528	0.05929	0.58471	0.01975	0.02949	0.04085	0.02453	0.02352	0.03999	0.02348	0.03752	0.01905	0.03474	0.00781	0.00709	0.00232	0.01029	0.00611	0.00361	0.01058
33	0.01439	0.01361	0.02279	0.64893	0.09106	0.01682	0.02058	0.01917	0.01483	0.01926	0.01310	0.01955	0.01001	0.00760	0.00812	0.00249	0.03931	0.00659	0.00332	0.00847
34	0.63321	0.01704	0.08408	0.03492	0.06505	0.01678	0.01147	0.02198	0.01332	0.03122	0.01099	0.01311	0.00850	0.00690	0.00513	0.00230	0.00663	0.00443	0.00434	0.00861
35	0.01022	0.00736	0.00969	0.00971	0.01116	0.00683	0.00715	0.01322	0.01933	0.02704	0.51874	0.21174	0.06433	0.01721	0.00897	0.00253	0.00380	0.03637	0.00783	0.00678
36	0.01924	0.01799	0.12191	0.04653	0.02124	0.04705	0.01395	0.10722	0.12262	0.12946	0.08074	0.03087	0.06954	0.01479	0.07144	0.00328	0.02995	0.03591	0.00626	0.01000
37	0.01723	0.01324	0.01562	0.01135	0.01778	0.01030	0.00911	0.02112	0.03947	0.08950	0.01535	0.01678	0.01212	0.00602	0.00576	0.00127	0.00559	0.00484	0.00497	0.68258
38	0.02013	0.71849	0.03827	0.01293	0.01919	0.05345	0.01276	0.02249	0.01529	0.01749	0.01036	0.01196	0.00953	0.00640	0.00483	0.00160	0.00813	0.00400	0.00320	0.00949
39	0.01051	0.00759	0.00992	0.00934	0.01109	0.00700	0.00700	0.01401	0.02101	0.02977	0.68888	0.05545	0.07005	0.01518	0.00876	0.00233	0.00350	0.01343	0.00817	0.00700
40	0.01550	0.01201	0.01409	0.01381	0.01683	0.01304	0.01126	0.02701	0.32465	0.04999	0.08559	0.05321	0.05396	0.01482	0.00875	0.00285	0.00603	0.25994	0.00735	0.00931
41	0.01447	0.00753	0.00759	0.00736	0.00928	0.00762	0.00558	0.04574	0.01641	0.02851	0.02394	0.02725	0.01875	0.00866	0.00529	0.00175	0.00367	0.00691	0.74653	0.00717
42	0.01061	0.00795	0.01193	0.01193	0.01326	0.00928	0.00928	0.01326	0.01193	0.01723	0.01988	0.02916	0.01856	0.05568	0.70968	0.01193	0.01988	0.00795	0.00398	0.00663
43	0.02773	0.03538	0.02104	0.01913	0.02295	0.70930	0.01434	0.02964	0.02104	0.01817	0.01148	0.01339	0.00956	0.00765	0.00669	0.00191	0.01339	0.00478	0.00383	0.00861
44	0.00931	0.00763	0.00829	0.00856	0.01084	0.00661	0.00662	0.01146	0.01706	0.02080	0.10009	0.09517	0.54740	0.01901	0.00900	0.00264	0.00419	0.10200	0.00695	0.00637
45	0.00913	0.00663	0.00864	0.01022	0.01087	0.00614	0.00697	0.01055	0.01455	0.01916	0.04379	0.65422	0.10356	0.02278	0.00944	0.00299	0.00435	0.04306	0.00689	0.00608
46	0.00918	0.00781	0.00794	0.00786	0.01039	0.00671	0.00591	0.01177	0.03949	0.02085	0.10051	0.06927	0.64014	0.01835	0.00873	0.00250	0.00382	0.01532	0.00697	0.00648
47	0.01985	0.74357	0.03890	0.01270	0.01905	0.02937	0.01270	0.02223	0.01508	0.01747	0.01032	0.01191	0.00953	0.00635	0.00476	0.00159	0.00794	0.00397	0.00318	0.00953
48	0.74429	0.01410	0.01109	0.00986	0.01441	0.01619	0.00810	0.02206	0.01316	0.05460	0.03079	0.01375	0.01019	0.00721	0.00481	0.00230	0.00570	0.00441	0.00485	0.00816
49	0.01127	0.00758	0.00884	0.00878	0.00906	0.00771	0.00528	0.03024	0.01172	0.01572	0.02360	0.08201	0.02675	0.61295	0.07828	0.03188	0.00786	0.01090	0.00464	0.00492
50	0.01014	0.00692	0.00829	0.00893	0.00909	0.00676	0.00539	0.01062	0.01207	0.01609	0.02992	0.30404	0.03523	0.47240	0.02724	0.00564	0.00612	0.01464	0.00539	0.00507
51	0.01770	0.01695	0.02892	0.14972	0.59389	0.01746	0.02245	0.02220	0.01659	0.02344	0.01385	0.01859	0.01147	0.00674	0.00736	0.00225	0.00899	0.00661	0.00362	0.01122
52	0.04472	0.04468	0.08390	0.05079	0.30116	0.09833	0.01819	0.12721	0.01977	0.02647	0.01929	0.02174	0.07138	0.00846	0.00776	0.00224	0.03188	0.00694	0.00453	0.01055
53	0.58460	0.01431	0.01440	0.15986	0.06166	0.01668	0.01152	0.02128	0.01334	0.02980	0.01114	0.01404	0.00864	0.00699	0.00534	0.00233	0.00679	0.00471	0.00427	0.00830
54	0.01922	0.63953	0.06553	0.01316	0.01924	0.05186	0.01304	0.02179	0.01527	0.01785	0.01246	0.05854	0.01207	0.00752	0.00524	0.00172	0.00804	0.00517	0.00344	0.00933
55	0.01202	0.00933	0.01232	0.01163	0.01251	0.01081	0.00860	0.03383	0.01294	0.01820	0.06435	0.03657	0.04620	0.27612	0.28556	0.00775	0.12113	0.00927	0.00452	0.00633
56	0.01624	0.12307	0.01881	0.01592	0.08518	0.03656	0.01134	0.05966	0.03925	0.06950	0.14414	0.22018	0.03372	0.01397	0.00898	0.00247	0.05233	0.03393	0.00610	0.00862
57	0.05915	0.02038	0.08881	0.05394	0.31122	0.08759	0.01865	0.10109	0.03804	0.05666	0.01741	0.02395	0.01465	0.00859	0.00741	0.00233	0.00892	0.06570	0.00477	0.01073
58	0.18083	0.01272	0.01562	0.01234	0.01765	0.01184	0.01015	0.03224	0.01955	0.53386	0.05889	0.02420	0.01896	0.00904	0.00697	0.00230	0.00606	0.00709	0.00824	0.01145
59	0.01996	0.05260	0.02164	0.02455	0.21961	0.21380	0.01562	0.07117	0.01927	0.02345	0.02026	0.05264	0.01940	0.01074	0.00767	0.00237	0.00923	0.14795	0.03873	0.00935
60	0.10442	0.05577	0.44628	0.02203	0.10770	0.01699	0.04200	0.02253	0.01579	0.02476	0.04397	0.01935	0.01328	0.00769	0.00695	0.00233	0.00960	0.02449	0.00372	0.01035
61	0.00958	0.00747	0.00875	0.00899	0.01090	0.00663	0.00676	0.01196	0.01768	0.02282	0.24081	0.16897	0.36130	0.01860	0.00900	0.00261	0.00403	0.06940	0.00725	0.00649
62	0.01269	0.00652	0.00952	0.00952	0.00952	0.00652	0.00626	0.00978	0.00978	0.01304	0.01392	0.02512	0.01428	0.09573	0.02987	0.70784	0.00652	0.00687	0.00335	0.00335
63	0.04006	0.11993	0.43958	0.02017	0.05896	0.03830	0.04533	0.02352	0.01587	0.06113	0.01423	0.01673	0.01066	0.01018	0.05193	0.00285	0.01077	0.00568	0.00365	0.01045
64	0.01480	0.01399	0.02368	0.59983	0.16644	0.01670	0.02101	0.01965	0.01521	0.01992	0.01333	0.01954	0.01023	0.00728	0.00741	0.00243	0.00970	0.00660	0.00337	0.00888
65	0.00904	0.00646	0.00861	0.01034	0.01077	0.00603	0.00689	0.01034	0.01421	0.01895	0.04092	0.73426	0.04910	0.02326	0.00948	0.00301	0.00431	0.02110	0.00689	0.00603
66	0.01114	0.00878	0.01014	0.01047	0.01214	0.02728	0.00769	0.03477	0.04727	0.02361	0.21436	0.32168	0.16400	0.01868	0.00898	0.00270	0.00462	0.05759	0.00718	0.00692
67	0.04422	0.02335	0.19703	0.11017	0.21891	0.07425	0.02030	0.08209	0.06075	0.02558	0.01648	0.02217	0.01349	0.00828	0.00735	0.00236	0.00939	0.04901	0.00434	0.01050
68	0.18323	0.35392	0.11044	0.01349	0.01971	0.02264	0.01333	0.08544	0.03645	0.04824	0.04260	0.01581	0.01285	0.00739	0.00562	0.00198	0.00756	0.00509	0.00443	0.00975
69	0.02490	0.02036	0.07835	0.01623	0.02234	0.01992	0.01415	0.44639	0.09523	0.07374	0.01911	0.01914	0.01373	0.00861	0.00719	0.00217	0.00772	0.00662	0.03172	0.07241
70	0.05089	0.05805	0.04285	0.01621	0.02176	0.10351	0.01359	0.42043	0.05764	0.08100	0.01787	0.01810	0.01295	0.00857	0.00701	0.00216	0.00836	0.00633	0.04124	0.01150
71	0.01386	0.00833	0.01100	0.00991	0.01225	0.00758	0.00758	0.01727	0.02105	0.12796	0.59195	0.05102	0.06245	0.01430	0.00857	0.00233	0.00392	0.01255	0.00832	0.00783
72	0.01074	0.00785	0.01142	0.01142	0.01265	0.00902	0.00872	0.01319	0.01197	0.01737	0.02034	0.03077	0.01930	0.11232	0.62692	0.01116	0.01821	0.00816	0.03202	0.00646
73	0.01539	0.01319	0.01539	0.01100	0.01759	0.00990	0.00880	0.01869	0.01539	0.02419	0.01319	0.01539	0.01100	0.00550	0.00550	0.00110	0.00550	0.00440	0.00440	0.78449
74	0.02780	0.03344	0.02120	0.01885	0.02296	0.61815	0.01431	0.11443	0.02288	0.02197	0.01232	0.01398	0.00997	0.00782	0.00679	0.00195	0.01269	0.00503	0.00430	0.00914
75	0.01169	0.00852	0.01071	0.00982	0.01189	0.00811	0.00746	0.05992	0.02185	0.03063	0.62062	0.05335	0.08724	0.01486	0.00866	0.00233	0.00384	0.01303	0.00808	0.00737
76	0.05415	0.01156	0.04604	0.01576	0.11676	0.01026	0.01072	0.03847	0.01997	0.02921	0.47248	0.04299	0.05106	0.01251	0.00808	0.00227	0.00501	0.01098	0.00691	0.03480
