[name]
unknown

[dist]
# distance from previous block
# <min> <max>
0	73

[block]
# block no. 0 follows, 28 sequences, length 11
# corresponding to MSA columns:
# 73-83
name=unknown_A
#
# <colnr> <probs for GDERKNQSTAVLIFYWHMCP>
#	G	D	E	R	K	N	Q	S	T	A	V	L	I	F	Y	W	H	M	C	P
0	0.10773	0.01638	0.01665	0.01399	0.01842	0.07322	0.01120	0.21259	0.13713	0.15803	0.08351	0.05609	0.02197	0.01019	0.00724	0.00231	0.00682	0.02905	0.00705	0.01044
1	0.13051	0.01261	0.01399	0.01266	0.03812	0.01293	0.00956	0.10540	0.13067	0.10767	0.12761	0.07559	0.11498	0.01139	0.00725	0.00227	0.00543	0.00937	0.00676	0.06523
2	0.01279	0.01134	0.01828	0.45663	0.07451	0.01317	0.01601	0.01703	0.01625	0.02172	0.19838	0.06678	0.02770	0.01009	0.00772	0.00240	0.00765	0.00901	0.00472	0.00783
3	0.16174	0.01346	0.01979	0.43201	0.10011	0.01554	0.01680	0.02175	0.01518	0.11560	0.01463	0.01858	0.01066	0.00733	0.00675	0.00234	0.00836	0.00611	0.00429	0.00895
4	0.01058	0.00701	0.00802	0.00810	0.00832	0.00694	0.00475	0.01104	0.01165	0.01597	0.06538	0.09585	0.03016	0.61268	0.03173	0.00620	0.00645	0.01125	0.04313	0.00478
5	0.01614	0.01538	0.02616	0.34066	0.41761	0.01678	0.02139	0.02069	0.01568	0.02150	0.01335	0.01859	0.01072	0.00682	0.00723	0.00227	0.00909	0.00647	0.00344	0.01002
6	0.00902	0.00661	0.00847	0.00962	0.01049	0.00607	0.00660	0.01066	0.01518	0.02015	0.13430	0.55706	0.13683	0.02111	0.00909	0.00279	0.00404	0.01893	0.00692	0.00607
7	0.02048	0.01569	0.01860	0.01514	0.01957	0.01652	0.04895	0.37452	0.05418	0.03461	0.02352	0.21253	0.02220	0.01213	0.00773	0.00232	0.00690	0.01035	0.00668	0.07739
8	0.01311	0.01201	0.01683	0.01547	0.01580	0.01573	0.01233	0.01478	0.01197	0.01768	0.01937	0.21311	0.02132	0.02218	0.13169	0.00449	0.42026	0.01045	0.00426	0.00716
9	0.00996	0.00696	0.00814	0.00846	0.00897	0.00668	0.00526	0.01075	0.01286	0.01704	0.09368	0.20264	0.10626	0.44192	0.02528	0.00522	0.00574	0.01353	0.00550	0.00514
10	0.01333	0.00839	0.01065	0.01113	0.01275	0.00817	0.00792	0.01737	0.10398	0.11407	0.03711	0.54733	0.04052	0.01917	0.00876	0.00279	0.00469	0.01718	0.00714	0.00753

[dist]
# distance from previous block
# <min> <max>
0	3

[block]
# block no. 1 follows, 28 sequences, length 31
# corresponding to MSA columns:
# 87-117
name=unknown_B
#
# <colnr> <probs for GDERKNQSTAVLIFYWHMCP>
#	G	D	E	R	K	N	Q	S	T	A	V	L	I	F	Y	W	H	M	C	P
0	0.50876	0.01256	0.01172	0.01014	0.01437	0.01355	0.00824	0.02275	0.01546	0.16261	0.13471	0.02183	0.02056	0.00862	0.00576	0.00226	0.00535	0.00622	0.00599	0.00857
1	0.01085	0.00775	0.00892	0.00898	0.01105	0.00695	0.00661	0.01343	0.03975	0.06450	0.12906	0.21778	0.37155	0.04155	0.00958	0.00271	0.00419	0.03110	0.00698	0.00671
2	0.27817	0.01343	0.01520	0.01209	0.01736	0.01326	0.00998	0.07227	0.01895	0.44528	0.02197	0.02010	0.01437	0.00825	0.00640	0.00224	0.00612	0.00617	0.00744	0.01092
3	0.15064	0.01116	0.01361	0.01125	0.01547	0.01044	0.00900	0.02652	0.01858	0.39952	0.14360	0.06635	0.04649	0.03478	0.00818	0.00246	0.00547	0.00880	0.00776	0.00990
4	0.00929	0.00651	0.00831	0.00957	0.00989	0.00619	0.00616	0.01023	0.01308	0.01744	0.03576	0.56625	0.04265	0.20372	0.01623	0.00398	0.00493	0.01813	0.00616	0.00553
5	0.01038	0.00779	0.01168	0.01168	0.01298	0.00909	0.00909	0.01298	0.01168	0.01687	0.01947	0.02856	0.01817	0.05452	0.71573	0.01168	0.01947	0.00779	0.00389	0.00649
6	0.00886	0.00633	0.00843	0.01012	0.01054	0.00590	0.00675	0.01012	0.01392	0.01856	0.04006	0.73979	0.04808	0.02277	0.00928	0.00295	0.00422	0.02066	0.00675	0.00590
7	0.04950	0.00757	0.00862	0.00859	0.01055	0.00690	0.00635	0.01223	0.01752	0.02387	0.30914	0.16214	0.31693	0.01708	0.00848	0.00245	0.00376	0.01470	0.00713	0.00647
8	0.01008	0.00684	0.00807	0.00856	0.00868	0.00672	0.00508	0.01044	0.01153	0.01537	0.02782	0.24605	0.03263	0.53759	0.02905	0.00587	0.00624	0.01347	0.00508	0.00483
9	0.00886	0.00718	0.00787	0.00811	0.01009	0.00619	0.00593	0.01081	0.01661	0.02069	0.14966	0.19252	0.49259	0.01875	0.00872	0.00252	0.00375	0.01604	0.00692	0.00619
10	0.02396	0.01286	0.01490	0.01208	0.01626	0.01300	0.00967	0.20112	0.05868	0.26455	0.02401	0.02500	0.01742	0.05588	0.00861	0.00240	0.00595	0.00722	0.21612	0.01031
11	0.01058	0.00702	0.00833	0.00846	0.00901	0.00693	0.00537	0.01172	0.01306	0.01839	0.12889	0.13698	0.03466	0.43456	0.05661	0.00547	0.00633	0.01181	0.08054	0.00530
12	0.01826	0.01984	0.08115	0.04128	0.60855	0.05770	0.02218	0.02275	0.01669	0.02335	0.01348	0.01750	0.01121	0.00657	0.00714	0.00215	0.00906	0.00629	0.00357	0.01128
13	0.01166	0.00790	0.00882	0.00849	0.00886	0.00804	0.00501	0.05307	0.01208	0.01612	0.02255	0.04564	0.02553	0.69747	0.03510	0.00674	0.00711	0.01031	0.00459	0.00491
14	0.01698	0.01405	0.01610	0.01167	0.01803	0.01164	0.00940	0.11796	0.01797	0.02704	0.01361	0.01543	0.01101	0.00589	0.00567	0.00124	0.00578	0.00465	0.00476	0.67112
15	0.01733	0.01976	0.14640	0.12316	0.10649	0.01757	0.17383	0.02209	0.01530	0.08509	0.01436	0.01855	0.01109	0.00938	0.02889	0.00276	0.16752	0.00686	0.00390	0.00967
16	0.01047	0.00708	0.00831	0.00839	0.00854	0.00718	0.00496	0.01077	0.01085	0.01458	0.02346	0.08113	0.02676	0.64296	0.09925	0.00727	0.00807	0.01083	0.00448	0.00468
17	0.00905	0.00658	0.00820	0.00940	0.01007	0.00610	0.00624	0.01023	0.01385	0.01810	0.04272	0.54290	0.14243	0.12250	0.01303	0.00345	0.00453	0.01846	0.00642	0.00573
18	0.01550	0.08771	0.49942	0.05064	0.10071	0.01794	0.08304	0.02270	0.01556	0.02249	0.01303	0.01587	0.00964	0.00675	0.00693	0.00225	0.01039	0.00570	0.00319	0.01053
19	0.01521	0.06849	0.01479	0.01189	0.01534	0.01342	0.00968	0.14503	0.13481	0.02660	0.04321	0.08645	0.26173	0.01462	0.00808	0.00250	0.00567	0.10720	0.00667	0.00858
20	0.06081	0.01259	0.01567	0.01249	0.01713	0.01202	0.01015	0.13868	0.02265	0.39483	0.19038	0.03020	0.02905	0.01030	0.00749	0.00225	0.00579	0.00847	0.00825	0.01081
21	0.05981	0.01465	0.01757	0.01546	0.05284	0.01529	0.01180	0.14604	0.20648	0.28371	0.02465	0.02349	0.01740	0.01247	0.06175	0.00302	0.00751	0.00727	0.00738	0.01143
22	0.05525	0.01103	0.01316	0.01233	0.01524	0.01165	0.00992	0.05813	0.17670	0.08060	0.21850	0.04545	0.03778	0.01667	0.06270	0.00327	0.00650	0.14934	0.00712	0.00868
23	0.01240	0.00826	0.01045	0.01111	0.01251	0.00814	0.00798	0.03409	0.07813	0.07328	0.03656	0.50924	0.04071	0.05674	0.01037	0.00307	0.00496	0.06802	0.00687	0.00710
24	0.15432	0.02093	0.08422	0.01591	0.02197	0.02097	0.01405	0.50498	0.02878	0.04148	0.01582	0.01631	0.01132	0.00823	0.00678	0.00220	0.00786	0.00600	0.00642	0.01146
25	0.59290	0.08322	0.01430	0.01064	0.01520	0.01764	0.00887	0.06022	0.06564	0.03110	0.01213	0.01364	0.00953	0.00766	0.00568	0.02802	0.00600	0.00449	0.00471	0.00839
26	0.06837	0.59424	0.13756	0.01351	0.02030	0.02617	0.01433	0.02193	0.01470	0.01899	0.01055	0.01223	0.00922	0.00636	0.00499	0.00171	0.00809	0.00411	0.00319	0.00945
27	0.08608	0.37891	0.11262	0.01365	0.01988	0.02194	0.01345	0.02645	0.11637	0.12314	0.01616	0.01640	0.01241	0.00731	0.00573	0.00195	0.00742	0.00523	0.00474	0.01016
28	0.21403	0.07386	0.01825	0.01351	0.01832	0.08264	0.01111	0.25910	0.02306	0.10189	0.09853	0.02045	0.01819	0.00871	0.00649	0.00214	0.00713	0.00641	0.00621	0.00999
29	0.01462	0.06588	0.01660	0.13448	0.02099	0.03247	0.01161	0.05862	0.01509	0.05725	0.02021	0.13007	0.01924	0.02729	0.27026	0.00578	0.03561	0.00878	0.00464	0.05052
30	0.01902	0.21070	0.02118	0.07952	0.01972	0.14750	0.01134	0.02178	0.01817	0.11089	0.18070	0.02935	0.08192	0.00999	0.00687	0.00204	0.00738	0.00788	0.00548	0.00859

[dist]
# distance from previous block
# <min> <max>
9	23

[block]
# block no. 2 follows, 28 sequences, length 10
# corresponding to MSA columns:
# 144-153
name=unknown_C
#
# <colnr> <probs for GDERKNQSTAVLIFYWHMCP>
#	G	D	E	R	K	N	Q	S	T	A	V	L	I	F	Y	W	H	M	C	P
0	0.01467	0.01472	0.15262	0.01253	0.01660	0.01008	0.01173	0.05570	0.01888	0.11279	0.28005	0.17189	0.07048	0.01381	0.00813	0.00241	0.00569	0.01197	0.00679	0.00846
1	0.05657	0.01522	0.04817	0.12601	0.02344	0.01667	0.01377	0.23964	0.01990	0.02806	0.01610	0.02078	0.01317	0.02328	0.23442	0.00535	0.07872	0.00673	0.00486	0.00912
2	0.01894	0.02334	0.18835	0.04646	0.17382	0.09299	0.01798	0.16212	0.05902	0.02735	0.02221	0.02356	0.09429	0.00884	0.00725	0.00223	0.00877	0.00720	0.00486	0.01041
3	0.02119	0.50317	0.08621	0.01420	0.02067	0.02621	0.01393	0.19225	0.01988	0.02505	0.01225	0.01346	0.01011	0.00693	0.00552	0.00178	0.00806	0.00470	0.00419	0.01023
4	0.24844	0.01250	0.01374	0.01383	0.05494	0.01354	0.01046	0.02444	0.17353	0.08542	0.10517	0.03636	0.02660	0.01136	0.00720	0.00252	0.00583	0.13881	0.00638	0.00895
5	0.01177	0.00986	0.00938	0.00961	0.01031	0.08304	0.00613	0.01243	0.01298	0.01607	0.03001	0.22259	0.08257	0.42369	0.02440	0.00508	0.00671	0.01289	0.00512	0.00536
6	0.01845	0.05281	0.02280	0.01848	0.01977	0.09151	0.01533	0.08972	0.01473	0.02056	0.01059	0.01559	0.00982	0.01147	0.01944	0.00287	0.54776	0.00610	0.00367	0.00854
7	0.01813	0.02196	0.09656	0.39460	0.03895	0.19903	0.05669	0.05102	0.01722	0.02032	0.01280	0.01724	0.00975	0.00729	0.00712	0.00226	0.01077	0.00600	0.00355	0.00874
8	0.02099	0.01848	0.02385	0.12213	0.32957	0.11414	0.01776	0.10254	0.01944	0.09805	0.01829	0.02074	0.04588	0.00786	0.00721	0.00218	0.00881	0.00676	0.00475	0.01056
9	0.00910	0.00651	0.00865	0.00996	0.01060	0.00607	0.00677	0.01073	0.01505	0.02035	0.15108	0.62367	0.05155	0.02143	0.00916	0.00284	0.00408	0.01939	0.00696	0.00607

[dist]
# distance from previous block
# <min> <max>
0	4

[block]
# block no. 3 follows, 28 sequences, length 7
# corresponding to MSA columns:
# 158-164
name=unknown_D
#
# <colnr> <probs for GDERKNQSTAVLIFYWHMCP>
#	G	D	E	R	K	N	Q	S	T	A	V	L	I	F	Y	W	H	M	C	P
0	0.06504	0.06609	0.09309	0.14545	0.02730	0.25962	0.01606	0.11541	0.04634	0.02368	0.01308	0.01571	0.01027	0.00795	0.00796	0.00219	0.06578	0.00552	0.00419	0.00926
1	0.05193	0.01916	0.14673	0.02238	0.05199	0.01487	0.31824	0.02025	0.01614	0.02334	0.08684	0.05043	0.01930	0.07348	0.01043	0.00274	0.00952	0.00860	0.00427	0.04936
2	0.01700	0.21568	0.15710	0.01498	0.02000	0.08716	0.01455	0.07150	0.01677	0.02184	0.08470	0.02089	0.01741	0.01708	0.14060	0.00387	0.05951	0.00633	0.00416	0.00887
3	0.13668	0.01302	0.01607	0.01483	0.07747	0.01246	0.01073	0.06163	0.05616	0.29243	0.07725	0.06018	0.02063	0.00920	0.00685	0.00214	0.00596	0.00753	0.00687	0.11190
4	0.01359	0.01191	0.01735	0.05337	0.01964	0.01028	0.10356	0.01675	0.01521	0.02215	0.07849	0.11756	0.02240	0.08595	0.01004	0.00233	0.00646	0.00862	0.00481	0.37956
5	0.01461	0.01109	0.01578	0.04346	0.10068	0.01098	0.04769	0.06926	0.05014	0.07098	0.17928	0.17852	0.10542	0.03166	0.00900	0.00259	0.00587	0.03817	0.00649	0.00834
6	0.01539	0.01637	0.11725	0.11189	0.08593	0.01445	0.01610	0.06690	0.15886	0.02515	0.02585	0.04226	0.02395	0.01231	0.00821	0.00270	0.00774	0.23377	0.00562	0.00930

[dist]
# distance from previous block
# <min> <max>
0	28

[block]
# block no. 4 follows, 28 sequences, length 56
# corresponding to MSA columns:
# 193-248
name=unknown_E
#
# <colnr> <probs for GDERKNQSTAVLIFYWHMCP>
#	G	D	E	R	K	N	Q	S	T	A	V	L	I	F	Y	W	H	M	C	P
0	0.13592	0.04743	0.18217	0.09010	0.08203	0.12883	0.01690	0.13542	0.01891	0.02671	0.01476	0.06174	0.01232	0.00829	0.00669	0.00222	0.00908	0.00638	0.00442	0.00966
1	0.38104	0.01592	0.07419	0.05105	0.04509	0.05842	0.01117	0.02115	0.01543	0.08007	0.11808	0.06292	0.02069	0.00917	0.00621	0.00228	0.00652	0.00699	0.00523	0.00839
2	0.01965	0.06170	0.01877	0.07074	0.02086	0.01712	0.01206	0.31869	0.06428	0.03214	0.04247	0.12330	0.01999	0.01529	0.08104	0.00322	0.00833	0.00870	0.00612	0.05553
3	0.11263	0.06414	0.09229	0.11299	0.20992	0.01660	0.05196	0.02072	0.01494	0.02326	0.01249	0.01612	0.01016	0.00680	0.00747	0.00205	0.05440	0.00557	0.00369	0.16180
4	0.01813	0.04665	0.01888	0.01396	0.01902	0.04402	0.03045	0.15146	0.03796	0.02678	0.01554	0.06233	0.01356	0.00827	0.00825	0.00179	0.08780	0.00627	0.00493	0.38394
5	0.01163	0.00990	0.01235	0.04287	0.09041	0.00931	0.00913	0.01553	0.07108	0.02139	0.07266	0.09433	0.32991	0.06103	0.00987	0.00264	0.00519	0.03865	0.00596	0.08614
6	0.01673	0.01638	0.02923	0.12489	0.40093	0.01635	0.15041	0.02135	0.01633	0.02287	0.01519	0.02205	0.01291	0.00723	0.00753	0.00225	0.00917	0.04444	0.00379	0.05995
7	0.01469	0.01312	0.01746	0.04252	0.02004	0.01052	0.07427	0.01815	0.01538	0.02310	0.01812	0.02024	0.06742	0.00661	0.00604	0.00138	0.00610	0.00573	0.00440	0.61470
8	0.01106	0.00872	0.01101	0.05026	0.04257	0.00820	0.00809	0.03900	0.01550	0.02058	0.06581	0.31775	0.18372	0.09393	0.01136	0.00297	0.00512	0.01454	0.00600	0.08381
9	0.01658	0.06323	0.03120	0.09138	0.20034	0.01660	0.26660	0.02122	0.01614	0.02252	0.01441	0.03911	0.01197	0.00668	0.00730	0.00208	0.00933	0.00713	0.00379	0.15238
10	0.01469	0.01299	0.01649	0.01470	0.01586	0.04362	0.03847	0.08120	0.01470	0.02018	0.02125	0.20907	0.02329	0.16549	0.01978	0.00373	0.26147	0.01096	0.00481	0.00723
11	0.04749	0.01431	0.02354	0.40233	0.07866	0.01716	0.08767	0.01893	0.01418	0.01989	0.01326	0.04152	0.01111	0.00860	0.01054	0.00253	0.15024	0.00697	0.00348	0.02758
12	0.01038	0.00779	0.01168	0.01168	0.01298	0.00909	0.00909	0.01298	0.01168	0.01687	0.01947	0.02856	0.01817	0.05452	0.71573	0.01168	0.01947	0.00779	0.00389	0.00649
13	0.79588	0.01406	0.01068	0.00956	0.01406	0.01631	0.00787	0.02137	0.01237	0.03261	0.01012	0.01181	0.00787	0.00675	0.00450	0.00225	0.00562	0.00394	0.00450	0.00787
14	0.01373	0.01292	0.02180	0.72707	0.05006	0.01615	0.02019	0.01857	0.01453	0.01857	0.01292	0.01938	0.00969	0.00727	0.00727	0.00242	0.00969	0.00646	0.00323	0.00807
15	0.00881	0.00736	0.00771	0.00793	0.01020	0.00626	0.00600	0.01071	0.01641	0.01970	0.06925	0.11337	0.61306	0.01879	0.00873	0.00254	0.00391	0.05635	0.00675	0.00616
16	0.01941	0.01537	0.01676	0.01472	0.01900	0.01715	0.01175	0.13538	0.46076	0.05972	0.02794	0.03078	0.02209	0.01055	0.00757	0.00245	0.00621	0.07482	0.00725	0.04034
17	0.51076	0.01621	0.04128	0.01166	0.01667	0.06010	0.00992	0.05230	0.01583	0.18349	0.01481	0.01519	0.01049	0.00739	0.00548	0.00222	0.00654	0.00491	0.00552	0.00923
18	0.01906	0.12245	0.40868	0.02064	0.09143	0.06001	0.02132	0.02506	0.01655	0.12659	0.01502	0.01644	0.01080	0.00713	0.00669	0.00216	0.00961	0.00554	0.00408	0.01075
19	0.01001	0.00820	0.00857	0.00818	0.01076	0.00727	0.00621	0.05340	0.01818	0.02245	0.14446	0.06472	0.57730	0.01736	0.00850	0.00242	0.00393	0.01451	0.00693	0.00662
20	0.01185	0.00850	0.01137	0.01264	0.01420	0.00851	0.01039	0.05380	0.01697	0.02228	0.03767	0.27025	0.04186	0.02018	0.00965	0.00316	0.00605	0.42713	0.00674	0.00681
21	0.01546	0.01417	0.02312	0.49927	0.19395	0.01647	0.01992	0.05924	0.01628	0.02154	0.01444	0.02158	0.01162	0.00772	0.00737	0.00239	0.00922	0.03350	0.00370	0.00906
22	0.01415	0.01674	0.10875	0.47244	0.04322	0.01601	0.13673	0.01944	0.01507	0.01996	0.01491	0.06279	0.01221	0.00796	0.00758	0.00245	0.00994	0.00757	0.00350	0.00858
23	0.01360	0.01244	0.02133	0.38194	0.08808	0.01393	0.09021	0.01778	0.01511	0.01981	0.02001	0.07606	0.01907	0.05348	0.00977	0.00287	0.00887	0.12347	0.00421	0.00794
24	0.02574	0.03159	0.02284	0.02164	0.08206	0.58180	0.05669	0.05487	0.02059	0.01982	0.01193	0.01413	0.00978	0.00737	0.00677	0.00195	0.01246	0.00516	0.00387	0.00895
25	0.11314	0.01296	0.01961	0.41834	0.10013	0.01545	0.01727	0.01868	0.01458	0.02127	0.01636	0.02769	0.01456	0.00943	0.00835	0.00256	0.05255	0.10497	0.00395	0.00816
26	0.01777	0.01947	0.12254	0.01580	0.02092	0.03549	0.01393	0.03599	0.56631	0.02896	0.02658	0.02496	0.01987	0.00935	0.00730	0.00243	0.00670	0.00769	0.00664	0.01131
27	0.02111	0.01972	0.01965	0.17118	0.05366	0.16798	0.01435	0.24898	0.05145	0.02873	0.02319	0.02456	0.10521	0.00943	0.00730	0.00222	0.00881	0.00740	0.00542	0.00966
28	0.01938	0.31253	0.15791	0.01834	0.06549	0.15922	0.01665	0.02279	0.01556	0.01884	0.01102	0.01371	0.00949	0.00764	0.00864	0.00205	0.12325	0.00488	0.00327	0.00934
29	0.00969	0.00688	0.00917	0.01062	0.01133	0.00658	0.00765	0.01140	0.01453	0.01932	0.06544	0.50732	0.04571	0.08304	0.01177	0.00336	0.00497	0.15863	0.00659	0.00599
30	0.02702	0.02006	0.02147	0.01660	0.02231	0.02226	0.01367	0.63444	0.07568	0.04483	0.01822	0.01807	0.01299	0.00880	0.00728	0.00220	0.00786	0.00665	0.00728	0.01231
31	0.06159	0.01103	0.05548	0.01051	0.01388	0.00903	0.00885	0.01634	0.04515	0.02694	0.38286	0.04480	0.09974	0.01275	0.00775	0.00218	0.00466	0.04945	0.00667	0.13033
32	0.00918	0.00646	0.00834	0.00971	0.01006	0.00612	0.00631	0.01021	0.01329	0.01773	0.03687	0.61101	0.04405	0.15705	0.01444	0.00371	0.00474	0.01879	0.00631	0.00563
33	0.01532	0.14680	0.60421	0.01945	0.02950	0.01871	0.02464	0.02283	0.01526	0.02211	0.01259	0.01478	0.00923	0.00680	0.00656	0.00219	0.01029	0.00514	0.00308	0.01053
34	0.01570	0.01607	0.06772	0.46133	0.21830	0.01686	0.02081	0.05746	0.01624	0.02178	0.01339	0.01865	0.01029	0.00712	0.00723	0.00233	0.00938	0.00640	0.00355	0.00940
35	0.01161	0.00829	0.01159	0.01327	0.01490	0.00828	0.01153	0.01488	0.01663	0.02164	0.03854	0.10592	0.04206	0.02018	0.01001	0.00333	0.00660	0.62736	0.00670	0.00666
36	0.03156	0.01385	0.05726	0.01339	0.01931	0.01105	0.01163	0.03470	0.02049	0.66435	0.02776	0.02419	0.01748	0.00887	0.00729	0.00225	0.00645	0.00720	0.00865	0.01228
37	0.01899	0.68452	0.09863	0.01319	0.01982	0.02769	0.01374	0.02188	0.01482	0.01764	0.01037	0.01199	0.00932	0.00628	0.00487	0.00162	0.00804	0.00402	0.00311	0.00946
38	0.01458	0.03760	0.70688	0.02072	0.03146	0.01688	0.02686	0.02302	0.01535	0.02302	0.01304	0.01535	0.00921	0.00691	0.00691	0.00230	0.01074	0.00537	0.00307	0.01074
39	0.03261	0.01237	0.01687	0.01293	0.01856	0.01068	0.01068	0.03543	0.02081	0.70423	0.02868	0.02474	0.01799	0.00900	0.00731	0.00225	0.00619	0.00731	0.00900	0.01237
40	0.01263	0.00631	0.00947	0.00947	0.00947	0.00631	0.00631	0.00947	0.00947	0.01263	0.01263	0.02210	0.01263	0.02525	0.02841	0.78851	0.00631	0.00631	0.00316	0.00316
41	0.01812	0.01408	0.01525	0.01344	0.01736	0.01534	0.01067	0.16385	0.32424	0.05887	0.03645	0.05988	0.15199	0.01236	0.00784	0.00247	0.00586	0.05452	0.00724	0.01017
42	0.00886	0.00633	0.00843	0.01012	0.01054	0.00590	0.00675	0.01012	0.01392	0.01856	0.04006	0.73979	0.04808	0.02277	0.00928	0.00295	0.00422	0.02066	0.00675	0.00590
43	0.79588	0.01406	0.01068	0.00956	0.01406	0.01631	0.00787	0.02137	0.01237	0.03261	0.01012	0.01181	0.00787	0.00675	0.00450	0.00225	0.00562	0.00394	0.00450	0.00787
44	0.01469	0.01025	0.01221	0.01187	0.01389	0.01050	0.00865	0.17119	0.03907	0.05368	0.03314	0.48656	0.03659	0.04900	0.00983	0.00290	0.00537	0.01593	0.00689	0.00782
45	0.01769	0.01714	0.02847	0.06112	0.59651	0.03488	0.04579	0.02197	0.01663	0.02331	0.01514	0.02186	0.01323	0.00734	0.00741	0.00224	0.00880	0.04571	0.00378	0.01098
46	0.03261	0.01237	0.01687	0.01293	0.01856	0.01068	0.01068	0.03543	0.02081	0.70423	0.02868	0.02474	0.01799	0.00900	0.00731	0.00225	0.00619	0.00731	0.00900	0.01237
47	0.01263	0.00631	0.00947	0.00947	0.00947	0.00631	0.00631	0.00947	0.00947	0.01263	0.01263	0.02210	0.01263	0.02525	0.02841	0.78851	0.00631	0.00631	0.00316	0.00316
48	0.04342	0.05182	0.59912	0.02191	0.06987	0.01723	0.05163	0.02290	0.01537	0.02328	0.01297	0.01546	0.00937	0.00683	0.00685	0.00228	0.01042	0.00548	0.00318	0.01061
49	0.01553	0.17619	0.57657	0.01910	0.02897	0.01920	0.02405	0.02278	0.01523	0.02187	0.01247	0.01463	0.00923	0.00677	0.00647	0.00216	0.01016	0.00508	0.00308	0.01047
50	0.00956	0.00704	0.00897	0.00940	0.01074	0.00645	0.00680	0.01195	0.01738	0.02356	0.33733	0.31268	0.15111	0.01851	0.00889	0.00260	0.00388	0.03944	0.00731	0.00639
51	0.05013	0.51198	0.12883	0.01551	0.04878	0.05475	0.01498	0.02198	0.01484	0.01889	0.01068	0.01278	0.00936	0.00682	0.00638	0.00183	0.05443	0.00440	0.00321	0.00943
52	0.01814	0.01852	0.05078	0.04181	0.62390	0.04365	0.02188	0.02238	0.01644	0.02324	0.01339	0.01764	0.01128	0.00679	0.00786	0.00220	0.03894	0.00637	0.00357	0.01123
53	0.01077	0.00797	0.01063	0.01038	0.01114	0.00881	0.00742	0.01243	0.01263	0.01778	0.12215	0.05900	0.02906	0.29938	0.29156	0.00773	0.06065	0.00989	0.00473	0.00586
54	0.06577	0.40725	0.21577	0.01749	0.07676	0.06758	0.01696	0.02259	0.01529	0.02023	0.01126	0.01327	0.00938	0.00654	0.00559	0.00187	0.00886	0.00455	0.00326	0.00974
55	0.10771	0.03992	0.31814	0.01474	0.02083	0.01319	0.01618	0.01904	0.03575	0.02423	0.11727	0.12732	0.06846	0.01154	0.00737	0.00242	0.00736	0.03487	0.00496	0.00871

[dist]
# distance from previous block
# <min> <max>
4	5

[block]
# block no. 5 follows, 28 sequences, length 23
# corresponding to MSA columns:
# 255-260,262-278
name=unknown_F
#
# <colnr> <probs for GDERKNQSTAVLIFYWHMCP>
#	G	D	E	R	K	N	Q	S	T	A	V	L	I	F	Y	W	H	M	C	P
0	0.01803	0.03713	0.13838	0.02101	0.04236	0.01689	0.20863	0.18914	0.02089	0.02834	0.02075	0.07711	0.01877	0.01043	0.00814	0.00251	0.00923	0.11719	0.00521	0.00986
1	0.02664	0.02464	0.02067	0.01710	0.02201	0.26581	0.01355	0.36022	0.09638	0.05627	0.01689	0.01716	0.01251	0.00842	0.00703	0.00210	0.00951	0.00609	0.00610	0.01089
2	0.02404	0.01828	0.01945	0.01534	0.02046	0.03763	0.01245	0.50203	0.05607	0.04039	0.08325	0.05101	0.01943	0.00970	0.00735	0.00216	0.00729	0.00764	0.00705	0.05898
3	0.01216	0.01019	0.00977	0.00938	0.01182	0.07436	0.00702	0.01434	0.01781	0.06169	0.19068	0.11583	0.40546	0.01645	0.00838	0.00239	0.00472	0.01385	0.00685	0.00685
4	0.01095	0.01122	0.07647	0.01122	0.01305	0.03540	0.00900	0.01309	0.01412	0.01888	0.08929	0.28730	0.09064	0.15998	0.09703	0.00455	0.03231	0.01358	0.00549	0.00642
5	0.09037	0.19175	0.49325	0.01783	0.02698	0.01944	0.02187	0.02259	0.01494	0.02264	0.01212	0.01420	0.00911	0.00674	0.00618	0.00213	0.00960	0.00491	0.00321	0.01016
6	0.62206	0.01327	0.01165	0.03956	0.01570	0.01494	0.00856	0.02193	0.01398	0.09596	0.07171	0.01706	0.01420	0.00769	0.00524	0.00226	0.00565	0.00517	0.00518	0.00822
7	0.01715	0.01611	0.02659	0.03885	0.58256	0.01603	0.01992	0.02197	0.04255	0.02452	0.07945	0.02171	0.01735	0.00737	0.00727	0.00214	0.00791	0.00710	0.00419	0.03926
8	0.01374	0.01432	0.08212	0.01327	0.01865	0.01066	0.07322	0.01842	0.04916	0.02434	0.14244	0.07085	0.06489	0.00937	0.00694	0.00181	0.00604	0.00826	0.00524	0.36623
9	0.01639	0.03582	0.61092	0.02025	0.03021	0.04841	0.02504	0.08563	0.01738	0.02497	0.01339	0.01545	0.00952	0.00711	0.00693	0.00227	0.01059	0.00545	0.00350	0.01079
10	0.02623	0.01970	0.02152	0.01659	0.02205	0.02189	0.01370	0.59864	0.03169	0.04283	0.01670	0.01723	0.01209	0.00883	0.00829	0.00219	0.05646	0.00642	0.00685	0.05009
11	0.01355	0.00678	0.00678	0.00678	0.00847	0.00678	0.00508	0.01694	0.01524	0.02710	0.02371	0.02710	0.01863	0.00847	0.00508	0.00169	0.00339	0.00678	0.78489	0.00678
12	0.01507	0.01292	0.01507	0.01077	0.01723	0.00969	0.00861	0.01830	0.01507	0.02369	0.01292	0.01507	0.01077	0.00538	0.00538	0.00108	0.00538	0.00431	0.00431	0.78898
13	0.02587	0.01900	0.02061	0.01588	0.02138	0.02069	0.01301	0.59010	0.03138	0.04229	0.01685	0.01758	0.01227	0.00951	0.00844	0.05025	0.00772	0.00638	0.00682	0.06397
14	0.01368	0.00940	0.01722	0.01438	0.01608	0.00911	0.16084	0.01267	0.01125	0.01510	0.01311	0.02152	0.01226	0.02082	0.02381	0.60626	0.00769	0.00684	0.00328	0.00470
15	0.00933	0.00716	0.00854	0.00869	0.01040	0.00637	0.00633	0.01167	0.01758	0.02319	0.31443	0.21330	0.30082	0.01797	0.00874	0.00250	0.00370	0.01565	0.00725	0.00637
16	0.02793	0.01989	0.02152	0.01650	0.02231	0.02184	0.01363	0.63726	0.03339	0.08462	0.01811	0.01788	0.01269	0.00874	0.00727	0.00219	0.00789	0.00659	0.00737	0.01236
17	0.03563	0.01005	0.01264	0.01309	0.01543	0.01042	0.01110	0.07496	0.07335	0.02564	0.10694	0.06656	0.05507	0.01726	0.00923	0.00301	0.00628	0.43885	0.00688	0.00762
18	0.02601	0.05230	0.02211	0.01831	0.05523	0.20670	0.01407	0.39856	0.07684	0.03501	0.01621	0.01680	0.01212	0.00827	0.00698	0.00209	0.00922	0.00606	0.00600	0.01109
19	0.67908	0.01456	0.01266	0.04324	0.04308	0.01676	0.00938	0.06519	0.01410	0.03253	0.01088	0.01277	0.00840	0.00689	0.00491	0.00225	0.00608	0.00432	0.00459	0.00833
20	0.01988	0.25521	0.26803	0.01957	0.10919	0.01961	0.01842	0.02516	0.03325	0.14380	0.01542	0.01650	0.01144	0.00708	0.00632	0.00204	0.00859	0.00546	0.00432	0.01070
21	0.01663	0.27676	0.38495	0.01986	0.05403	0.02109	0.08788	0.02259	0.01538	0.02106	0.01224	0.01463	0.00953	0.00658	0.00633	0.00206	0.00981	0.00524	0.00317	0.01020
22	0.00894	0.00646	0.00831	0.00974	0.01032	0.00599	0.00650	0.01018	0.01395	0.01838	0.04197	0.63838	0.10387	0.06658	0.01091	0.00316	0.00434	0.01958	0.00660	0.00583

[dist]
# distance from previous block
# <min> <max>
0	1

[block]
# block no. 6 follows, 28 sequences, length 38
# corresponding to MSA columns:
# 280-317
name=unknown_G
#
# <colnr> <probs for GDERKNQSTAVLIFYWHMCP>
#	G	D	E	R	K	N	Q	S	T	A	V	L	I	F	Y	W	H	M	C	P
0	0.07202	0.01862	0.05365	0.06069	0.39668	0.04717	0.03767	0.12371	0.04473	0.02744	0.01537	0.01988	0.01260	0.00753	0.00714	0.00223	0.00858	0.02895	0.00445	0.01088
1	0.41610	0.01547	0.03849	0.04122	0.04218	0.01621	0.04971	0.05230	0.11531	0.12419	0.01648	0.01718	0.01201	0.00758	0.00595	0.00230	0.00663	0.00565	0.00549	0.00955
2	0.07219	0.50947	0.11843	0.01417	0.02050	0.12249	0.01418	0.02291	0.01550	0.01899	0.01064	0.01234	0.00922	0.00652	0.00520	0.00174	0.00875	0.00419	0.00329	0.00928
3	0.10827	0.01653	0.02437	0.31903	0.10466	0.07786	0.13194	0.02066	0.01513	0.02129	0.01301	0.01870	0.01050	0.03536	0.00921	0.00255	0.05222	0.00653	0.00358	0.00859
4	0.00949	0.00715	0.00890	0.00986	0.01126	0.00656	0.00739	0.01155	0.01591	0.02054	0.11322	0.34242	0.24137	0.02017	0.00916	0.00282	0.00448	0.14465	0.00686	0.00622
5	0.01226	0.00901	0.01208	0.01335	0.01525	0.00922	0.01150	0.01722	0.07990	0.02287	0.06411	0.07571	0.04106	0.01891	0.00973	0.00322	0.00647	0.56416	0.00681	0.00715
6	0.01020	0.00693	0.00800	0.00829	0.00845	0.00682	0.00485	0.01049	0.01136	0.01506	0.02762	0.16962	0.05284	0.59354	0.03118	0.00617	0.00644	0.01250	0.00489	0.00473
7	0.00886	0.00633	0.00843	0.01012	0.01054	0.00590	0.00675	0.01012	0.01392	0.01856	0.04006	0.73979	0.04808	0.02277	0.00928	0.00295	0.00422	0.02066	0.00675	0.00590
8	0.01507	0.01292	0.01507	0.01077	0.01723	0.00969	0.00861	0.01830	0.01507	0.02369	0.01292	0.01507	0.01077	0.00538	0.00538	0.00108	0.00538	0.00431	0.00431	0.78898
9	0.01355	0.00678	0.00678	0.00678	0.00847	0.00678	0.00508	0.01694	0.01524	0.02710	0.02371	0.02710	0.01863	0.00847	0.00508	0.00169	0.00339	0.00678	0.78489	0.00678
10	0.79588	0.01406	0.01068	0.00956	0.01406	0.01631	0.00787	0.02137	0.01237	0.03261	0.01012	0.01181	0.00787	0.00675	0.00450	0.00225	0.00562	0.00394	0.00450	0.00787
11	0.00886	0.00633	0.00843	0.01012	0.01054	0.00590	0.00675	0.01012	0.01392	0.01856	0.04006	0.73979	0.04808	0.02277	0.00928	0.00295	0.00422	0.02066	0.00675	0.00590
12	0.03039	0.01238	0.01723	0.01468	0.06042	0.01087	0.01118	0.03333	0.02053	0.62224	0.06694	0.02606	0.02057	0.00918	0.00738	0.00225	0.00618	0.00760	0.00860	0.01199
13	0.03261	0.01237	0.01687	0.01293	0.01856	0.01068	0.01068	0.03543	0.02081	0.70423	0.02868	0.02474	0.01799	0.00900	0.00731	0.00225	0.00619	0.00731	0.00900	0.01237
14	0.79588	0.01406	0.01068	0.00956	0.01406	0.01631	0.00787	0.02137	0.01237	0.03261	0.01012	0.01181	0.00787	0.00675	0.00450	0.00225	0.00562	0.00394	0.00450	0.00787
15	0.02763	0.02036	0.02182	0.01672	0.02254	0.02254	0.01382	0.67496	0.03418	0.04581	0.01745	0.01745	0.01236	0.00873	0.00727	0.00218	0.00800	0.00654	0.00727	0.01236
16	0.02763	0.02036	0.02182	0.01672	0.02254	0.02254	0.01382	0.67496	0.03418	0.04581	0.01745	0.01745	0.01236	0.00873	0.00727	0.00218	0.00800	0.00654	0.00727	0.01236
17	0.00888	0.00733	0.00779	0.00777	0.01002	0.00624	0.00579	0.01095	0.01711	0.02113	0.17260	0.09529	0.56797	0.01802	0.00862	0.00245	0.00366	0.01521	0.00695	0.00624
18	0.01808	0.01561	0.01644	0.01479	0.01890	0.01808	0.01151	0.03863	0.68606	0.03041	0.02959	0.02712	0.02219	0.00986	0.00740	0.00247	0.00575	0.00822	0.00740	0.01151
19	0.00966	0.00721	0.00897	0.00894	0.01058	0.00653	0.00655	0.01235	0.01849	0.02515	0.44065	0.18325	0.20079	0.01708	0.00871	0.00244	0.00363	0.01500	0.00750	0.00653
20	0.00965	0.00722	0.00896	0.00891	0.01057	0.00653	0.00654	0.01235	0.01851	0.02515	0.44038	0.17795	0.20648	0.01705	0.00870	0.00244	0.00362	0.01496	0.00750	0.00653
21	0.79588	0.01406	0.01068	0.00956	0.01406	0.01631	0.00787	0.02137	0.01237	0.03261	0.01012	0.01181	0.00787	0.00675	0.00450	0.00225	0.00562	0.00394	0.00450	0.00787
22	0.01808	0.01561	0.01644	0.01479	0.01890	0.01808	0.01151	0.03863	0.68606	0.03041	0.02959	0.02712	0.02219	0.00986	0.00740	0.00247	0.00575	0.00822	0.00740	0.01151
23	0.01600	0.01347	0.01557	0.01120	0.01762	0.01063	0.00900	0.06657	0.01648	0.02531	0.01325	0.01525	0.01088	0.00563	0.00552	0.00116	0.00558	0.00447	0.00452	0.73189
24	0.01595	0.01623	0.02620	0.11505	0.06239	0.02052	0.13191	0.01890	0.01292	0.01898	0.01111	0.01712	0.00993	0.01052	0.01813	0.00290	0.47269	0.00677	0.00330	0.00848
25	0.01132	0.00925	0.01244	0.01223	0.01346	0.03681	0.00945	0.01368	0.01204	0.01692	0.01949	0.05726	0.01881	0.07298	0.59108	0.01024	0.06378	0.00821	0.00398	0.00656
26	0.03261	0.01237	0.01687	0.01293	0.01856	0.01068	0.01068	0.03543	0.02081	0.70423	0.02868	0.02474	0.01799	0.00900	0.00731	0.00225	0.00619	0.00731	0.00900	0.01237
27	0.01590	0.01590	0.02226	0.01908	0.01908	0.02226	0.01590	0.01749	0.01113	0.01749	0.00954	0.01590	0.00954	0.01272	0.02385	0.00318	0.73123	0.00636	0.00318	0.00795
28	0.01699	0.04405	0.07973	0.09854	0.17276	0.04359	0.24980	0.02159	0.01549	0.02134	0.01289	0.01771	0.01046	0.00773	0.01087	0.00247	0.15392	0.00696	0.00346	0.00963
29	0.01458	0.03760	0.70688	0.02072	0.03146	0.01688	0.02686	0.02302	0.01535	0.02302	0.01304	0.01535	0.00921	0.00691	0.00691	0.00230	0.01074	0.00537	0.00307	0.01074
30	0.01343	0.00991	0.01305	0.01216	0.01411	0.01122	0.00941	0.12872	0.01550	0.02164	0.01949	0.02867	0.01805	0.12116	0.51815	0.00952	0.01612	0.00787	0.00454	0.00729
31	0.01087	0.00786	0.01010	0.00955	0.01132	0.00742	0.00714	0.04088	0.02051	0.02884	0.60488	0.11792	0.06430	0.01536	0.00859	0.00235	0.00369	0.01359	0.00785	0.00700
32	0.01507	0.01292	0.01507	0.01077	0.01723	0.00969	0.00861	0.01830	0.01507	0.02369	0.01292	0.01507	0.01077	0.00538	0.00538	0.00108	0.00538	0.00431	0.00431	0.78898
33	0.01725	0.01926	0.04071	0.03062	0.07585	0.01830	0.59961	0.02404	0.05247	0.02369	0.01543	0.01991	0.01165	0.00635	0.00843	0.00243	0.01170	0.00844	0.00387	0.00999
34	0.01015	0.00818	0.01260	0.13683	0.01892	0.00836	0.04430	0.01230	0.01420	0.01881	0.03397	0.57550	0.03939	0.01918	0.00889	0.00283	0.00560	0.01754	0.00597	0.00649
35	0.02981	0.01419	0.01770	0.01381	0.01920	0.01367	0.01131	0.18930	0.05183	0.48805	0.02647	0.05268	0.01805	0.00954	0.00739	0.00227	0.00652	0.00772	0.00842	0.01206
36	0.01632	0.01557	0.02649	0.31178	0.44508	0.01683	0.02148	0.02085	0.01576	0.02172	0.01338	0.01853	0.01080	0.00679	0.00722	0.00226	0.00905	0.00647	0.00345	0.01017
37	0.01174	0.00910	0.01138	0.04193	0.03354	0.00935	0.00861	0.03992	0.11297	0.02220	0.09810	0.35978	0.08269	0.08604	0.01131	0.00311	0.00519	0.03932	0.00652	0.00720

[dist]
# distance from previous block
# <min> <max>
0	1

[block]
# block no. 7 follows, 28 sequences, length 91
# corresponding to MSA columns:
# 319-409
name=unknown_H
#
# <colnr> <probs for GDERKNQSTAVLIFYWHMCP>
#	G	D	E	R	K	N	Q	S	T	A	V	L	I	F	Y	W	H	M	C	P
0	0.10935	0.01785	0.01885	0.19445	0.08478	0.16472	0.01426	0.05354	0.01806	0.17237	0.01918	0.04708	0.03765	0.00862	0.00693	0.00223	0.00861	0.00684	0.00522	0.00941
1	0.62769	0.06697	0.01412	0.03625	0.01650	0.01752	0.00920	0.07396	0.01462	0.05246	0.01137	0.01291	0.00871	0.00696	0.00492	0.00220	0.00613	0.00433	0.00471	0.00848
2	0.05275	0.48470	0.03098	0.01403	0.01936	0.19994	0.01258	0.04726	0.01674	0.01895	0.01102	0.01288	0.00972	0.00848	0.03217	0.00207	0.00948	0.00433	0.00351	0.00905
3	0.45374	0.01395	0.01356	0.01106	0.01618	0.01454	0.00908	0.07164	0.01635	0.19664	0.01555	0.01580	0.01104	0.00727	0.00550	0.00209	0.00590	0.00500	0.00577	0.10934
4	0.01074	0.00836	0.01018	0.01147	0.01278	0.03325	0.00894	0.01303	0.01587	0.02041	0.07054	0.34891	0.10762	0.02033	0.00939	0.00300	0.00547	0.27667	0.00667	0.00638
5	0.01120	0.00765	0.00993	0.00924	0.01116	0.00700	0.00697	0.01454	0.02042	0.05857	0.63990	0.05365	0.09261	0.01475	0.00852	0.00229	0.00356	0.01298	0.00799	0.00707
6	0.01235	0.00904	0.01213	0.01371	0.03880	0.00908	0.01062	0.07036	0.01728	0.02282	0.03631	0.29388	0.04030	0.01952	0.00945	0.00307	0.00605	0.36150	0.00665	0.00709
7	0.01029	0.00743	0.00972	0.00914	0.01086	0.00686	0.00686	0.01372	0.02058	0.02915	0.69536	0.05430	0.06859	0.01486	0.00857	0.00229	0.00343	0.01315	0.00800	0.00686
8	0.02763	0.02036	0.02182	0.01672	0.02254	0.02254	0.01382	0.67496	0.03418	0.04581	0.01745	0.01745	0.01236	0.00873	0.00727	0.00218	0.00800	0.00654	0.00727	0.01236
9	0.01716	0.01961	0.04289	0.03064	0.03799	0.01838	0.67279	0.02328	0.01716	0.02328	0.01471	0.01961	0.01103	0.00613	0.00858	0.00245	0.01225	0.00858	0.00368	0.00980
10	0.01057	0.00705	0.00793	0.00793	0.00793	0.00705	0.00440	0.01057	0.01057	0.01409	0.02290	0.04757	0.02643	0.74454	0.03700	0.00705	0.00705	0.01057	0.00440	0.00440
11	0.01277	0.00933	0.01295	0.01483	0.04348	0.00944	0.01225	0.04839	0.01760	0.02304	0.03642	0.07614	0.03912	0.01895	0.00979	0.00324	0.00684	0.59166	0.00660	0.00717
12	0.01001	0.00740	0.00924	0.00879	0.01055	0.00674	0.00652	0.01302	0.01944	0.02685	0.55932	0.05665	0.17316	0.04862	0.00987	0.00253	0.00364	0.01340	0.00763	0.00662
13	0.01458	0.03760	0.70688	0.02072	0.03146	0.01688	0.02686	0.02302	0.01535	0.02302	0.01304	0.01535	0.00921	0.00691	0.00691	0.00230	0.01074	0.00537	0.00307	0.01074
14	0.00886	0.00633	0.00843	0.01012	0.01054	0.00590	0.00675	0.01012	0.01392	0.01856	0.04006	0.73979	0.04808	0.02277	0.00928	0.00295	0.00422	0.02066	0.00675	0.00590
15	0.01716	0.01961	0.04289	0.03064	0.03799	0.01838	0.67279	0.02328	0.01716	0.02328	0.01471	0.01961	0.01103	0.00613	0.00858	0.00245	0.01225	0.00858	0.00368	0.00980
16	0.79588	0.01406	0.01068	0.00956	0.01406	0.01631	0.00787	0.02137	0.01237	0.03261	0.01012	0.01181	0.00787	0.00675	0.00450	0.00225	0.00562	0.00394	0.00450	0.00787
17	0.00886	0.00633	0.00843	0.01012	0.01054	0.00590	0.00675	0.01012	0.01392	0.01856	0.04006	0.73979	0.04808	0.02277	0.00928	0.00295	0.00422	0.02066	0.00675	0.00590
18	0.01796	0.01736	0.03002	0.04408	0.67362	0.01731	0.04747	0.02235	0.01657	0.02373	0.01371	0.01805	0.01150	0.00646	0.00725	0.00217	0.00878	0.00656	0.00360	0.01145
19	0.02605	0.01788	0.01970	0.01555	0.02089	0.01944	0.01270	0.44514	0.14607	0.13915	0.04615	0.02157	0.01698	0.00919	0.00735	0.00225	0.00717	0.00719	0.00757	0.01201
20	0.14810	0.00859	0.00989	0.00922	0.01142	0.00852	0.00704	0.01506	0.01914	0.02976	0.57516	0.04684	0.05794	0.01344	0.00786	0.00228	0.00381	0.01153	0.00739	0.00704
21	0.01722	0.48803	0.09495	0.01273	0.01828	0.04875	0.01263	0.02036	0.01634	0.02039	0.16373	0.02161	0.02258	0.00827	0.00582	0.00180	0.00729	0.00613	0.00422	0.00888
22	0.76460	0.01399	0.01094	0.00970	0.01424	0.01608	0.00799	0.02194	0.01272	0.06014	0.01088	0.01234	0.00829	0.00684	0.00461	0.00225	0.00565	0.00407	0.00468	0.00806
23	0.01458	0.03760	0.70688	0.02072	0.03146	0.01688	0.02686	0.02302	0.01535	0.02302	0.01304	0.01535	0.00921	0.00691	0.00691	0.00230	0.01074	0.00537	0.00307	0.01074
24	0.01862	0.49597	0.08571	0.01302	0.01869	0.02275	0.01286	0.02154	0.01481	0.07851	0.01363	0.01608	0.01164	0.01499	0.12982	0.00345	0.00992	0.00500	0.00377	0.00921
25	0.01507	0.01292	0.01507	0.01077	0.01723	0.00969	0.00861	0.01830	0.01507	0.02369	0.01292	0.01507	0.01077	0.00538	0.00538	0.00108	0.00538	0.00431	0.00431	0.78898
26	0.01507	0.01292	0.01507	0.01077	0.01723	0.00969	0.00861	0.01830	0.01507	0.02369	0.01292	0.01507	0.01077	0.00538	0.00538	0.00108	0.00538	0.00431	0.00431	0.78898
27	0.01799	0.01727	0.02950	0.04462	0.69919	0.01727	0.02231	0.02231	0.01655	0.02375	0.01367	0.01799	0.01151	0.00648	0.00720	0.00216	0.00864	0.00648	0.00360	0.01151
28	0.00859	0.00736	0.00736	0.00736	0.00982	0.00614	0.00552	0.01043	0.01657	0.01964	0.07364	0.06996	0.69624	0.01841	0.00859	0.00245	0.00368	0.01534	0.00675	0.00614
29	0.00886	0.00633	0.00843	0.01012	0.01054	0.00590	0.00675	0.01012	0.01392	0.01856	0.04006	0.73979	0.04808	0.02277	0.00928	0.00295	0.00422	0.02066	0.00675	0.00590
30	0.01590	0.01590	0.02226	0.01908	0.01908	0.02226	0.01590	0.01749	0.01113	0.01749	0.00954	0.01590	0.00954	0.01272	0.02385	0.00318	0.73123	0.00636	0.00318	0.00795
31	0.00886	0.00633	0.00843	0.01012	0.01054	0.00590	0.00675	0.01012	0.01392	0.01856	0.04006	0.73979	0.04808	0.02277	0.00928	0.00295	0.00422	0.02066	0.00675	0.00590
32	0.02715	0.03464	0.02060	0.01873	0.02247	0.71536	0.01404	0.02903	0.02060	0.01779	0.01124	0.01311	0.00936	0.00749	0.00655	0.00187	0.01311	0.00468	0.00375	0.00843
33	0.01507	0.01292	0.01507	0.01077	0.01723	0.00969	0.00861	0.01830	0.01507	0.02369	0.01292	0.01507	0.01077	0.00538	0.00538	0.00108	0.00538	0.00431	0.00431	0.78898
34	0.01373	0.01292	0.02180	0.72707	0.05006	0.01615	0.02019	0.01857	0.01453	0.01857	0.01292	0.01938	0.00969	0.00727	0.00727	0.00242	0.00969	0.00646	0.00323	0.00807
35	0.00875	0.00673	0.00802	0.00905	0.01026	0.00599	0.00627	0.01024	0.01494	0.01897	0.05306	0.48043	0.29905	0.02108	0.00901	0.00276	0.00401	0.01860	0.00675	0.00599
36	0.01603	0.01527	0.02597	0.35779	0.40131	0.01676	0.02134	0.02059	0.01563	0.02137	0.01333	0.01863	0.01068	0.00684	0.00723	0.00228	0.00912	0.00647	0.00343	0.00994
37	0.79588	0.01406	0.01068	0.00956	0.01406	0.01631	0.00787	0.02137	0.01237	0.03261	0.01012	0.01181	0.00787	0.00675	0.00450	0.00225	0.00562	0.00394	0.00450	0.00787
38	0.01943	0.74891	0.03809	0.01244	0.01866	0.02876	0.01244	0.02177	0.01477	0.01710	0.01011	0.01166	0.00933	0.00622	0.00466	0.00155	0.00777	0.00389	0.00311	0.00933
39	0.01263	0.00631	0.00947	0.00947	0.00947	0.00631	0.00631	0.00947	0.00947	0.01263	0.01263	0.02210	0.01263	0.02525	0.02841	0.78851	0.00631	0.00631	0.00316	0.00316
40	0.02758	0.02183	0.02169	0.01693	0.02253	0.09389	0.01384	0.60843	0.03278	0.04293	0.01681	0.01700	0.01205	0.00860	0.00720	0.00215	0.00853	0.00635	0.00691	0.01196
41	0.01613	0.01604	0.02553	0.13975	0.17828	0.01984	0.07257	0.01923	0.01340	0.01955	0.01144	0.01724	0.01013	0.00990	0.01618	0.00277	0.39321	0.00659	0.00332	0.00892
42	0.01406	0.01353	0.02381	0.59571	0.07222	0.01601	0.08996	0.01887	0.01487	0.01928	0.01428	0.04948	0.01151	0.00776	0.00749	0.00244	0.00970	0.00728	0.00344	0.00830
43	0.01603	0.01315	0.01622	0.01163	0.01808	0.01007	0.03389	0.01935	0.01544	0.05773	0.01378	0.01573	0.01114	0.00559	0.00560	0.00119	0.00568	0.00462	0.00452	0.72058
44	0.01029	0.00743	0.00972	0.00914	0.01086	0.00686	0.00686	0.01372	0.02058	0.02915	0.69536	0.05430	0.06859	0.01486	0.00857	0.00229	0.00343	0.01315	0.00800	0.00686
45	0.00859	0.00736	0.00736	0.00736	0.00982	0.00614	0.00552	0.01043	0.01657	0.01964	0.07364	0.06996	0.69624	0.01841	0.00859	0.00245	0.00368	0.01534	0.00675	0.00614
46	0.01458	0.03760	0.70688	0.02072	0.03146	0.01688	0.02686	0.02302	0.01535	0.02302	0.01304	0.01535	0.00921	0.00691	0.00691	0.00230	0.01074	0.00537	0.00307	0.01074
47	0.01590	0.01590	0.02226	0.01908	0.01908	0.02226	0.01590	0.01749	0.01113	0.01749	0.00954	0.01590	0.00954	0.01272	0.02385	0.00318	0.73123	0.00636	0.00318	0.00795
48	0.02715	0.03464	0.02060	0.01873	0.02247	0.71536	0.01404	0.02903	0.02060	0.01779	0.01124	0.01311	0.00936	0.00749	0.00655	0.00187	0.01311	0.00468	0.00375	0.00843
49	0.01808	0.01561	0.01644	0.01479	0.01890	0.01808	0.01151	0.03863	0.68606	0.03041	0.02959	0.02712	0.02219	0.00986	0.00740	0.00247	0.00575	0.00822	0.00740	0.01151
50	0.01355	0.00678	0.00678	0.00678	0.00847	0.00678	0.00508	0.01694	0.01524	0.02710	0.02371	0.02710	0.01863	0.00847	0.00508	0.00169	0.00339	0.00678	0.78489	0.00678
51	0.01038	0.00779	0.01168	0.01168	0.01298	0.00909	0.00909	0.01298	0.01168	0.01687	0.01947	0.02856	0.01817	0.05452	0.71573	0.01168	0.01947	0.00779	0.00389	0.00649
52	0.01373	0.01292	0.02180	0.72707	0.05006	0.01615	0.02019	0.01857	0.01453	0.01857	0.01292	0.01938	0.00969	0.00727	0.00727	0.00242	0.00969	0.00646	0.00323	0.00807
53	0.01171	0.00837	0.01171	0.01339	0.01506	0.00837	0.01171	0.01506	0.01673	0.02175	0.03849	0.08199	0.04183	0.02008	0.01004	0.00335	0.00669	0.65027	0.00669	0.00669
54	0.01700	0.01915	0.04032	0.02920	0.03563	0.01887	0.59095	0.02256	0.01641	0.02256	0.01406	0.01915	0.01084	0.00695	0.01048	0.00254	0.10183	0.00830	0.00361	0.00957
55	0.01263	0.00631	0.00947	0.00947	0.00947	0.00631	0.00631	0.00947	0.00947	0.01263	0.01263	0.02210	0.01263	0.02525	0.02841	0.78851	0.00631	0.00631	0.00316	0.00316
56	0.79588	0.01406	0.01068	0.00956	0.01406	0.01631	0.00787	0.02137	0.01237	0.03261	0.01012	0.01181	0.00787	0.00675	0.00450	0.00225	0.00562	0.00394	0.00450	0.00787
