[name]
unknown

[dist]
# distance from previous block
# <min> <max>
27	62

[block]
# block no. 0 follows, 28 sequences, length 19
# corresponding to MSA columns:
# 378-396
name=unknown_A
#
# <colnr> <probs for GDERKNQSTAVLIFYWHMCP>
#	G	D	E	R	K	N	Q	S	T	A	V	L	I	F	Y	W	H	M	C	P
0	0.01002	0.01061	0.08367	0.01146	0.01390	0.00783	0.03865	0.01273	0.01583	0.02119	0.15034	0.38584	0.17389	0.01819	0.00874	0.00265	0.00503	0.01622	0.00643	0.00679
1	0.01915	0.35583	0.02691	0.01421	0.01842	0.15763	0.01228	0.02314	0.08615	0.01872	0.01657	0.01903	0.04902	0.03217	0.03994	0.00255	0.08978	0.00577	0.00396	0.00878
2	0.01471	0.01558	0.08974	0.01328	0.01986	0.01086	0.06341	0.01859	0.01525	0.02322	0.01600	0.05317	0.03017	0.00681	0.00608	0.00145	0.00640	0.00586	0.00431	0.58525
3	0.01733	0.14040	0.22860	0.04494	0.08601	0.05942	0.27550	0.02309	0.01634	0.02182	0.01317	0.01663	0.01015	0.00650	0.00722	0.00221	0.01080	0.00647	0.00340	0.01001
4	0.01925	0.71152	0.03728	0.01278	0.01868	0.02843	0.01261	0.02155	0.01458	0.01712	0.01008	0.01188	0.00934	0.00655	0.00564	0.00164	0.04468	0.00401	0.00311	0.00926
5	0.01506	0.01452	0.04230	0.17070	0.32379	0.01446	0.05187	0.01934	0.01619	0.02199	0.02247	0.03566	0.05525	0.01037	0.00800	0.00252	0.00838	0.15343	0.00439	0.00933
6	0.11214	0.01422	0.01662	0.01312	0.01848	0.05042	0.01073	0.06146	0.04251	0.54510	0.02531	0.02251	0.01635	0.00869	0.00697	0.00223	0.00657	0.00681	0.00811	0.01165
7	0.02377	0.01675	0.01858	0.01510	0.01972	0.01811	0.01218	0.48450	0.02884	0.08033	0.02323	0.15983	0.02062	0.01185	0.00776	0.00237	0.00711	0.03117	0.00726	0.01092
8	0.00902	0.00644	0.00860	0.01019	0.01071	0.00603	0.00692	0.01045	0.01431	0.01913	0.06886	0.68696	0.04876	0.02233	0.00927	0.00294	0.00427	0.04202	0.00680	0.00597
9	0.01010	0.00732	0.00935	0.01048	0.01143	0.00702	0.00735	0.04782	0.01559	0.02070	0.06407	0.60154	0.08261	0.02131	0.00914	0.00288	0.00451	0.05360	0.00682	0.00636
10	0.01099	0.00997	0.06840	0.01226	0.05043	0.00780	0.00892	0.01295	0.01428	0.03821	0.03693	0.40394	0.12133	0.09518	0.01219	0.02916	0.00533	0.01538	0.03973	0.00662
11	0.01050	0.00702	0.00795	0.00802	0.00804	0.00700	0.00451	0.01055	0.01072	0.01429	0.02365	0.07771	0.02737	0.71311	0.03579	0.00687	0.00692	0.01101	0.00451	0.00447
12	0.09289	0.01633	0.02484	0.25691	0.39677	0.04712	0.01987	0.02132	0.01568	0.02271	0.01298	0.01762	0.01049	0.00680	0.00693	0.00224	0.00887	0.00615	0.00358	0.00993
13	0.02139	0.01505	0.01693	0.01403	0.01807	0.01606	0.01113	0.40228	0.02706	0.07416	0.11122	0.18690	0.02810	0.01273	0.00790	0.00237	0.00644	0.01066	0.00734	0.01018
14	0.06673	0.01583	0.02538	0.08550	0.06443	0.01670	0.21581	0.16677	0.01910	0.02712	0.01654	0.06973	0.01404	0.01018	0.01030	0.07067	0.04906	0.00797	0.03903	0.00911
15	0.01084	0.00734	0.00889	0.00900	0.01052	0.00665	0.00634	0.01267	0.01609	0.06292	0.19744	0.25334	0.22139	0.12758	0.01298	0.00324	0.00444	0.01515	0.00682	0.00636
16	0.01624	0.01771	0.03506	0.06745	0.04915	0.01835	0.44524	0.02106	0.01570	0.02161	0.01681	0.02161	0.04908	0.00826	0.01165	0.00259	0.16123	0.00832	0.00372	0.00915
17	0.06632	0.55684	0.17437	0.01397	0.02101	0.02554	0.01513	0.02200	0.01474	0.01928	0.01071	0.01243	0.00921	0.00639	0.00512	0.00175	0.00825	0.00420	0.00319	0.00953
18	0.01749	0.01430	0.01566	0.01209	0.01769	0.04318	0.00956	0.07258	0.08784	0.06368	0.01762	0.06455	0.01489	0.00756	0.00616	0.00153	0.00594	0.00615	0.00526	0.51627

[dist]
# distance from previous block
# <min> <max>
9	11

[block]
# block no. 1 follows, 28 sequences, length 82
# corresponding to MSA columns:
# 408-439,443-492
name=unknown_B
#
# <colnr> <probs for GDERKNQSTAVLIFYWHMCP>
#	G	D	E	R	K	N	Q	S	T	A	V	L	I	F	Y	W	H	M	C	P
0	0.02329	0.04593	0.01994	0.06052	0.02263	0.34862	0.01310	0.15897	0.04291	0.02542	0.04843	0.01718	0.01364	0.00784	0.00665	0.00189	0.00984	0.00564	0.00483	0.12274
1	0.10541	0.00767	0.00754	0.00752	0.00948	0.00790	0.00572	0.01696	0.01503	0.02722	0.04344	0.06497	0.02101	0.00951	0.00547	0.00189	0.00378	0.02419	0.60841	0.00686
2	0.02320	0.01780	0.01905	0.01566	0.02065	0.01999	0.01260	0.34651	0.34798	0.06072	0.02368	0.02236	0.01729	0.00928	0.00733	0.00232	0.00685	0.00738	0.00739	0.01195
3	0.02577	0.06117	0.02143	0.01870	0.04429	0.51194	0.01399	0.11191	0.08154	0.02267	0.01371	0.01502	0.01096	0.00777	0.00666	0.00196	0.01142	0.00526	0.00449	0.00935
4	0.01250	0.00636	0.00937	0.00937	0.00937	0.00636	0.00619	0.00954	0.00954	0.01272	0.01327	0.02368	0.01349	0.07009	0.02894	0.73980	0.00636	0.00658	0.00323	0.00323
5	0.01979	0.01611	0.01665	0.01479	0.01902	0.04645	0.01154	0.03793	0.59760	0.09141	0.02874	0.02632	0.02127	0.00968	0.00735	0.00242	0.00610	0.00799	0.00739	0.01146
6	0.79588	0.01406	0.01068	0.00956	0.01406	0.01631	0.00787	0.02137	0.01237	0.03261	0.01012	0.01181	0.00787	0.00675	0.00450	0.00225	0.00562	0.00394	0.00450	0.00787
7	0.00939	0.00712	0.00866	0.00885	0.01046	0.00639	0.00642	0.01177	0.01760	0.02345	0.33273	0.23879	0.25589	0.01802	0.00876	0.00251	0.00371	0.01579	0.00729	0.00639
8	0.04847	0.01464	0.01657	0.01392	0.01845	0.01562	0.01109	0.14668	0.30017	0.21534	0.06848	0.05450	0.02278	0.01015	0.00740	0.00236	0.00606	0.00834	0.00772	0.01126
9	0.01333	0.00788	0.00944	0.13307	0.01583	0.00839	0.00775	0.01689	0.01519	0.02522	0.02438	0.02794	0.05176	0.00877	0.00564	0.00186	0.00451	0.00716	0.60803	0.00697
10	0.02113	0.10967	0.16529	0.01994	0.02656	0.04890	0.14232	0.26663	0.02256	0.03027	0.01432	0.01647	0.01078	0.00783	0.00838	0.00225	0.06492	0.00630	0.00480	0.01070
11	0.02535	0.03169	0.02020	0.07869	0.02425	0.62754	0.01418	0.02740	0.01968	0.01771	0.01184	0.01502	0.01007	0.03682	0.00783	0.00213	0.01258	0.00507	0.00373	0.00824
12	0.06401	0.01678	0.07687	0.14534	0.05967	0.01512	0.24478	0.02078	0.04323	0.02262	0.01548	0.05532	0.01289	0.00830	0.00842	0.04217	0.00909	0.00743	0.00398	0.12772
13	0.01947	0.01704	0.01717	0.01518	0.01944	0.05394	0.01186	0.09973	0.58916	0.03126	0.02748	0.02547	0.02059	0.00963	0.00734	0.00241	0.00634	0.00788	0.00720	0.01143
14	0.79588	0.01406	0.01068	0.00956	0.01406	0.01631	0.00787	0.02137	0.01237	0.03261	0.01012	0.01181	0.00787	0.00675	0.00450	0.00225	0.00562	0.00394	0.00450	0.00787
15	0.01477	0.01395	0.02398	0.49327	0.16733	0.01627	0.06042	0.01908	0.01469	0.01950	0.01302	0.01913	0.01025	0.00814	0.00902	0.04048	0.03822	0.00658	0.00332	0.00858
16	0.01015	0.00732	0.00959	0.00924	0.01083	0.00676	0.00685	0.01336	0.01991	0.02809	0.63007	0.12259	0.06654	0.01565	0.00864	0.00235	0.00351	0.01389	0.00788	0.00676
17	0.01134	0.00904	0.01039	0.01018	0.01236	0.00903	0.00756	0.01781	0.16896	0.02492	0.25693	0.19058	0.21063	0.01621	0.00845	0.00250	0.00418	0.01410	0.00730	0.00754
18	0.13195	0.01946	0.04687	0.01556	0.02138	0.02039	0.01324	0.50234	0.02926	0.10294	0.01730	0.01726	0.01214	0.00841	0.00688	0.00220	0.00762	0.00621	0.00689	0.01169
19	0.00911	0.00685	0.00844	0.00917	0.01042	0.00618	0.00645	0.01101	0.01611	0.02122	0.19628	0.40870	0.22392	0.01984	0.00894	0.00267	0.00390	0.01757	0.00703	0.00618
20	0.02509	0.05862	0.02108	0.01891	0.05080	0.52559	0.01394	0.05468	0.12206	0.02101	0.01433	0.01556	0.01152	0.00781	0.00666	0.00197	0.01139	0.00534	0.00441	0.00921
21	0.00885	0.00637	0.00839	0.01001	0.01052	0.00591	0.00670	0.01013	0.01402	0.01860	0.04136	0.71384	0.07319	0.02260	0.00925	0.00293	0.00420	0.02046	0.00675	0.00591
22	0.02116	0.01648	0.01773	0.01500	0.01971	0.01841	0.01191	0.19337	0.46128	0.07368	0.02592	0.02415	0.01909	0.00936	0.00728	0.00233	0.00631	0.00760	0.00734	0.04189
23	0.20043	0.10268	0.02000	0.13903	0.02423	0.17367	0.01300	0.10886	0.01841	0.08472	0.01381	0.01594	0.01057	0.00931	0.03455	0.00249	0.00916	0.00533	0.00468	0.00912
24	0.01174	0.00846	0.01071	0.01145	0.01287	0.00851	0.00899	0.03962	0.04243	0.02105	0.06089	0.15562	0.06998	0.18312	0.01569	0.00397	0.00619	0.31596	0.00629	0.00646
25	0.02723	0.03222	0.02081	0.01839	0.02248	0.59773	0.01401	0.13869	0.02290	0.02255	0.01229	0.01385	0.00987	0.00770	0.00668	0.00193	0.01224	0.00500	0.00434	0.00910
26	0.00891	0.00635	0.00842	0.01005	0.01046	0.00594	0.00667	0.01014	0.01381	0.01842	0.03953	0.71809	0.04740	0.04541	0.01015	0.00308	0.00431	0.02035	0.00667	0.00586
27	0.02655	0.01955	0.02106	0.01625	0.02181	0.02156	0.01338	0.63374	0.03333	0.04477	0.05971	0.01975	0.01587	0.00911	0.00735	0.00219	0.00771	0.00696	0.00732	0.01202
28	0.77414	0.01424	0.01100	0.00976	0.01430	0.01648	0.00804	0.03987	0.01299	0.03299	0.01033	0.01197	0.00800	0.00680	0.00458	0.00225	0.00569	0.00401	0.00458	0.00800
29	0.01677	0.04388	0.05579	0.05472	0.07348	0.01796	0.46837	0.02286	0.04321	0.02283	0.01485	0.01934	0.01150	0.00799	0.02967	0.00263	0.03505	0.00780	0.00379	0.04749
30	0.00911	0.00714	0.00824	0.00848	0.01026	0.00628	0.00616	0.01125	0.01704	0.02195	0.23327	0.21924	0.37879	0.01845	0.00874	0.00252	0.00374	0.01597	0.00709	0.00628
31	0.01664	0.01659	0.02175	0.01870	0.01911	0.05149	0.01546	0.04409	0.01255	0.01867	0.01087	0.03799	0.01083	0.01265	0.02200	0.00308	0.64924	0.00673	0.00348	0.00809
32	0.01820	0.01483	0.01674	0.01240	0.01857	0.01320	0.01000	0.17411	0.05795	0.02928	0.01494	0.01632	0.01180	0.00643	0.00594	0.00142	0.00602	0.00506	0.00518	0.56161
33	0.12599	0.01830	0.01653	0.04218	0.01923	0.13654	0.01141	0.28308	0.02341	0.03313	0.01753	0.02114	0.01386	0.00869	0.00646	0.00210	0.00761	0.03710	0.16621	0.00949
34	0.00900	0.00639	0.00839	0.00994	0.01032	0.00600	0.00655	0.01016	0.01363	0.01818	0.03861	0.68128	0.04625	0.08379	0.01162	0.00330	0.00446	0.01981	0.00655	0.00578
35	0.01355	0.00678	0.00678	0.00678	0.00847	0.00678	0.00508	0.01694	0.01524	0.02710	0.02371	0.02710	0.01863	0.00847	0.00508	0.00169	0.00339	0.00678	0.78489	0.00678
36	0.02037	0.02537	0.10371	0.04826	0.23610	0.27183	0.04304	0.02480	0.04325	0.02116	0.01433	0.01935	0.01216	0.00802	0.00798	0.00221	0.04747	0.03701	0.00386	0.00971
37	0.00889	0.00645	0.00840	0.00986	0.01050	0.00596	0.00665	0.01029	0.01440	0.01906	0.06864	0.65826	0.10162	0.02211	0.00919	0.00289	0.00414	0.01993	0.00680	0.00596
38	0.02144	0.01594	0.01754	0.01425	0.01916	0.01681	0.01139	0.29295	0.19934	0.07773	0.02419	0.08068	0.03839	0.00997	0.00722	0.00216	0.00646	0.00811	0.00691	0.12936
39	0.01575	0.01133	0.01269	0.01124	0.01326	0.01216	0.00799	0.20447	0.05042	0.02457	0.02245	0.07950	0.02284	0.39613	0.07911	0.00553	0.00807	0.00970	0.00549	0.00731
40	0.00895	0.00639	0.00851	0.01006	0.01056	0.00596	0.00675	0.01035	0.01433	0.01922	0.08091	0.69706	0.04936	0.02228	0.00923	0.00291	0.00417	0.02020	0.00683	0.00596
41	0.01618	0.03276	0.50221	0.02273	0.03223	0.04653	0.17198	0.04792	0.01669	0.02372	0.01351	0.01630	0.00975	0.00682	0.00728	0.00231	0.01108	0.00611	0.00339	0.01049
42	0.01797	0.03971	0.01804	0.01647	0.07174	0.01710	0.01207	0.16290	0.26400	0.02869	0.02687	0.02831	0.08584	0.04390	0.07870	0.00348	0.05986	0.00822	0.00609	0.01004
43	0.00897	0.00641	0.00854	0.01004	0.01057	0.00598	0.00676	0.01041	0.01445	0.01940	0.09208	0.68538	0.04970	0.02215	0.00922	0.00290	0.00415	0.02007	0.00685	0.00598
44	0.06957	0.12300	0.01525	0.01127	0.03263	0.06005	0.00868	0.01638	0.01808	0.02492	0.37008	0.04134	0.11818	0.01463	0.04344	0.00264	0.00591	0.01028	0.00623	0.00745
45	0.00886	0.00633	0.00843	0.01012	0.01054	0.00590	0.00675	0.01012	0.01392	0.01856	0.04006	0.73979	0.04808	0.02277	0.00928	0.00295	0.00422	0.02066	0.00675	0.00590
46	0.02780	0.02009	0.02164	0.01659	0.02240	0.02213	0.01371	0.65293	0.03372	0.06849	0.01784	0.01770	0.01256	0.00874	0.00727	0.00218	0.00794	0.00657	0.00733	0.01236
47	0.09275	0.01727	0.06772	0.17704	0.02979	0.01929	0.13578	0.04569	0.01428	0.02174	0.01182	0.01697	0.00977	0.00921	0.01378	0.00269	0.29568	0.00649	0.00357	0.00866
48	0.02715	0.03464	0.02060	0.01873	0.02247	0.71536	0.01404	0.02903	0.02060	0.01779	0.01124	0.01311	0.00936	0.00749	0.00655	0.00187	0.01311	0.00468	0.00375	0.00843
49	0.05008	0.02691	0.01997	0.01709	0.02152	0.40629	0.01330	0.21243	0.02389	0.08864	0.01487	0.01596	0.01129	0.00976	0.03396	0.00238	0.01105	0.00555	0.00525	0.00981
50	0.01048	0.00701	0.00795	0.00804	0.00806	0.00699	0.00452	0.01055	0.01074	0.01432	0.02378	0.08274	0.02753	0.70787	0.03559	0.00684	0.00690	0.01108	0.00452	0.00448
51	0.02360	0.05974	0.02100	0.04396	0.02231	0.21739	0.01359	0.24413	0.18741	0.03016	0.01772	0.01830	0.01353	0.00868	0.00782	0.00219	0.04597	0.00628	0.00573	0.01049
52	0.43617	0.01488	0.01273	0.01100	0.01518	0.05224	0.00888	0.13574	0.03498	0.05035	0.01497	0.01644	0.01137	0.00759	0.00535	0.00212	0.00603	0.00516	0.15014	0.00869
53	0.02198	0.01945	0.02142	0.04543	0.02329	0.12394	0.08752	0.24205	0.14235	0.05454	0.04623	0.04764	0.01708	0.00893	0.00733	0.00218	0.00835	0.00745	0.00604	0.06681
54	0.00867	0.00723	0.00757	0.00777	0.00994	0.00613	0.00572	0.01048	0.01634	0.01976	0.08675	0.15698	0.59395	0.01888	0.00868	0.00251	0.00374	0.01597	0.00679	0.00613
55	0.01507	0.01292	0.01507	0.01077	0.01723	0.00969	0.00861	0.01830	0.01507	0.02369	0.01292	0.01507	0.01077	0.00538	0.00538	0.00108	0.00538	0.00431	0.00431	0.78898
56	0.01965	0.05303	0.04483	0.01461	0.01933	0.01616	0.04351	0.26038	0.08882	0.05780	0.07236	0.09484	0.02246	0.04806	0.00892	0.00246	0.00693	0.02971	0.00634	0.08981
57	0.01355	0.00678	0.00678	0.00678	0.00847	0.00678	0.00508	0.01694	0.01524	0.02710	0.02371	0.02710	0.01863	0.00847	0.00508	0.00169	0.00339	0.00678	0.78489	0.00678
58	0.00989	0.00676	0.00813	0.00880	0.00897	0.00659	0.00534	0.01039	0.01190	0.01587	0.02973	0.32299	0.03504	0.45737	0.02597	0.00542	0.00592	0.01459	0.00534	0.00500
59	0.58010	0.01410	0.01148	0.01032	0.01405	0.05069	0.00814	0.05293	0.01343	0.02908	0.01140	0.01497	0.00955	0.03850	0.00927	0.10924	0.00628	0.00469	0.00441	0.00735
60	0.10172	0.04876	0.02008	0.03780	0.12120	0.16304	0.01344	0.17181	0.06270	0.07516	0.01683	0.05426	0.01382	0.00964	0.00816	0.05153	0.00839	0.00664	0.00527	0.00976
61	0.00904	0.00646	0.00833	0.00974	0.01021	0.00604	0.00642	0.01019	0.01367	0.01810	0.03975	0.62903	0.07702	0.10423	0.01238	0.00339	0.00451	0.01926	0.00648	0.00575
62	0.03738	0.01145	0.01620	0.18683	0.02335	0.01298	0.03160	0.08714	0.04095	0.04181	0.01999	0.10808	0.04552	0.01525	0.01473	0.21833	0.06808	0.00858	0.00460	0.00714
63	0.17129	0.05151	0.01992	0.04789	0.06371	0.26826	0.01328	0.20301	0.02180	0.02870	0.01389	0.03922	0.01136	0.00808	0.00645	0.00209	0.00935	0.00575	0.00490	0.00953
64	0.00884	0.00638	0.00838	0.00998	0.01051	0.00592	0.00669	0.01014	0.01405	0.01861	0.04177	0.70576	0.08101	0.02255	0.00924	0.00293	0.00419	0.02039	0.00675	0.00592
65	0.01584	0.01508	0.02562	0.38873	0.37188	0.01671	0.02124	0.02042	0.01553	0.02114	0.01329	0.01869	0.01059	0.00688	0.00723	0.00229	0.00917	0.00647	0.00341	0.00978
66	0.01718	0.01412	0.01500	0.01359	0.01721	0.03591	0.01064	0.05255	0.44411	0.05510	0.13077	0.03595	0.06372	0.01154	0.00777	0.00246	0.00567	0.04914	0.00736	0.01021
67	0.00906	0.00661	0.00828	0.00943	0.01017	0.00610	0.00632	0.01037	0.01423	0.01869	0.07128	0.53602	0.14274	0.10002	0.01215	0.00329	0.00441	0.01846	0.00655	0.00582
68	0.02039	0.59400	0.03443	0.01381	0.01926	0.13292	0.01290	0.02260	0.01543	0.01723	0.01024	0.01215	0.00935	0.00682	0.00616	0.00171	0.05412	0.00416	0.00321	0.00910
69	0.00901	0.00649	0.00854	0.00990	0.01055	0.00602	0.00671	0.01054	0.01478	0.01980	0.11581	0.63514	0.07636	0.02170	0.00917	0.00286	0.00411	0.01960	0.00689	0.00602
70	0.11319	0.01966	0.02058	0.01593	0.02160	0.02185	0.01315	0.60217	0.03175	0.04434	0.01664	0.01682	0.01186	0.00851	0.00696	0.00219	0.00773	0.00625	0.00696	0.01186
71	0.01307	0.01180	0.01854	0.17878	0.02430	0.01451	0.06082	0.01589	0.01247	0.01758	0.01548	0.02469	0.01443	0.10598	0.25083	0.00621	0.19632	0.00749	0.00360	0.00723
72	0.02715	0.03464	0.02060	0.01873	0.02247	0.71536	0.01404	0.02903	0.02060	0.01779	0.01124	0.01311	0.00936	0.00749	0.00655	0.00187	0.01311	0.00468	0.00375	0.00843
73	0.07763	0.01272	0.01797	0.29536	0.07890	0.01425	0.01493	0.09490	0.01772	0.06685	0.05547	0.05135	0.03737	0.03243	0.00849	0.00263	0.00775	0.09956	0.00515	0.00860
74	0.01039	0.00697	0.00798	0.00816	0.00820	0.00693	0.00465	0.01052	0.01092	0.01457	0.02471	0.12061	0.02871	0.66838	0.03407	0.00662	0.00675	0.01164	0.00465	0.00456
75	0.09975	0.01425	0.01688	0.04446	0.01889	0.01587	0.03343	0.19908	0.11182	0.05793	0.15337	0.02809	0.02534	0.05856	0.03108	0.00294	0.06436	0.00819	0.00631	0.00938
76	0.72426	0.01390	0.01100	0.00987	0.01421	0.01601	0.00805	0.04655	0.01331	0.03240	0.01198	0.05026	0.01016	0.00767	0.00486	0.00228	0.00564	0.00492	0.00473	0.00795
77	0.07837	0.04749	0.03299	0.01161	0.01499	0.01221	0.00944	0.13114	0.04034	0.09482	0.30715	0.12386	0.04084	0.01281	0.00772	0.00232	0.00523	0.01086	0.00715	0.00865
78	0.00949	0.00718	0.00863	0.00869	0.01032	0.00646	0.00628	0.01183	0.01754	0.02335	0.33946	0.18671	0.26388	0.05483	0.01017	0.00271	0.00384	0.01512	0.00718	0.00632
79	0.01507	0.01292	0.01507	0.01077	0.01723	0.00969	0.00861	0.01830	0.01507	0.02369	0.01292	0.01507	0.01077	0.00538	0.00538	0.00108	0.00538	0.00431	0.00431	0.78898
80	0.11400	0.35921	0.05803	0.01488	0.02069	0.12922	0.04664	0.10084	0.01814	0.06015	0.01251	0.01385	0.01007	0.00695	0.00568	0.00188	0.00863	0.00482	0.00421	0.00963
81	0.02110	0.03742	0.01800	0.01496	0.01950	0.03969	0.01187	0.12955	0.49184	0.09320	0.02663	0.02464	0.01963	0.00944	0.00727	0.00236	0.00640	0.00766	0.00729	0.01155

[dist]
# distance from previous block
# <min> <max>
0	1

[block]
# block no. 2 follows, 28 sequences, length 15
# corresponding to MSA columns:
# 494-508
name=unknown_C
#
# <colnr> <probs for GDERKNQSTAVLIFYWHMCP>
#	G	D	E	R	K	N	Q	S	T	A	V	L	I	F	Y	W	H	M	C	P
0	0.01131	0.00729	0.00863	0.00883	0.00986	0.00680	0.00578	0.01225	0.01349	0.06758	0.03835	0.25449	0.16367	0.33463	0.02105	0.00458	0.00549	0.01424	0.00590	0.00578
1	0.05147	0.00993	0.01259	0.03318	0.01570	0.01005	0.01024	0.04506	0.05918	0.12198	0.10232	0.07596	0.03449	0.06250	0.01037	0.00305	0.00609	0.28356	0.04430	0.00797
2	0.04433	0.01599	0.02149	0.27423	0.16484	0.04903	0.01703	0.11685	0.10620	0.05702	0.01768	0.02256	0.01392	0.00835	0.00728	0.00235	0.00844	0.03754	0.00492	0.00996
3	0.01064	0.00782	0.00990	0.01088	0.01208	0.00766	0.00790	0.04429	0.04661	0.02157	0.08260	0.50798	0.07840	0.02042	0.00911	0.00288	0.00472	0.10103	0.00688	0.00665
4	0.12137	0.01933	0.05904	0.10722	0.13816	0.06862	0.01560	0.24914	0.07465	0.03164	0.01545	0.01752	0.01171	0.00829	0.00745	0.02480	0.00830	0.00611	0.00521	0.01041
5	0.01768	0.02264	0.12344	0.17122	0.08392	0.13375	0.22045	0.02253	0.01624	0.02077	0.01290	0.01738	0.01010	0.00743	0.00928	0.00239	0.08851	0.00666	0.00345	0.00928
6	0.00884	0.00638	0.00837	0.00996	0.01050	0.00592	0.00668	0.01014	0.01407	0.01862	0.04197	0.70174	0.08490	0.02253	0.00924	0.00292	0.00419	0.02036	0.00675	0.00592
7	0.01411	0.01419	0.05673	0.31967	0.09953	0.01470	0.01593	0.02188	0.16021	0.02211	0.02887	0.03091	0.15129	0.00998	0.00754	0.00240	0.00758	0.00858	0.00487	0.00892
8	0.01476	0.03635	0.66071	0.02141	0.03192	0.01699	0.07177	0.02304	0.01547	0.02304	0.01316	0.01564	0.00933	0.00685	0.00702	0.00231	0.01085	0.00559	0.00311	0.01068
9	0.00906	0.00646	0.00853	0.00995	0.01047	0.00604	0.00667	0.01047	0.01440	0.01936	0.09991	0.64940	0.04912	0.05029	0.01030	0.00305	0.00426	0.01958	0.00677	0.00593
10	0.01429	0.31203	0.02134	0.01060	0.01427	0.03723	0.00919	0.01695	0.01748	0.02233	0.29460	0.06096	0.11932	0.01180	0.00694	0.00202	0.00556	0.00962	0.00567	0.00780
11	0.00909	0.00642	0.00837	0.00983	0.01019	0.00606	0.00643	0.01018	0.01347	0.01796	0.03775	0.64665	0.04516	0.11989	0.01301	0.00350	0.00460	0.01931	0.00643	0.00570
12	0.07613	0.02291	0.02039	0.01743	0.04717	0.20537	0.01343	0.39878	0.02771	0.03573	0.05301	0.01801	0.01438	0.00853	0.00697	0.00211	0.00897	0.00625	0.00605	0.01068
13	0.27642	0.04224	0.10620	0.01528	0.01869	0.01885	0.01393	0.03723	0.01304	0.04422	0.01110	0.01487	0.00938	0.01004	0.01383	0.03327	0.30377	0.00537	0.00388	0.00839
14	0.02715	0.03464	0.02060	0.01873	0.02247	0.71536	0.01404	0.02903	0.02060	0.01779	0.01124	0.01311	0.00936	0.00749	0.00655	0.00187	0.01311	0.00468	0.00375	0.00843

[dist]
# distance from previous block
# <min> <max>
0	1

[block]
# block no. 3 follows, 28 sequences, length 13
# corresponding to MSA columns:
# 510-522
name=unknown_D
#
# <colnr> <probs for GDERKNQSTAVLIFYWHMCP>
#	G	D	E	R	K	N	Q	S	T	A	V	L	I	F	Y	W	H	M	C	P
0	0.11391	0.26060	0.06987	0.01315	0.01737	0.01701	0.03569	0.01828	0.01464	0.02085	0.02091	0.08945	0.02145	0.03984	0.05865	0.00319	0.00814	0.16444	0.00457	0.00797
1	0.00917	0.00646	0.00834	0.00972	0.01007	0.00611	0.00632	0.01020	0.01331	0.01775	0.03696	0.61460	0.04416	0.15331	0.01429	0.00369	0.00473	0.01884	0.00632	0.00563
2	0.46087	0.10442	0.01701	0.07712	0.01946	0.01879	0.01066	0.10949	0.07346	0.03100	0.01302	0.01455	0.01004	0.00726	0.00539	0.00219	0.00658	0.00487	0.00483	0.00898
3	0.64716	0.05351	0.01536	0.01194	0.01649	0.01748	0.06114	0.02131	0.01280	0.03016	0.01045	0.01266	0.00830	0.00702	0.00597	0.00228	0.04912	0.00444	0.00428	0.00811
4	0.01386	0.04363	0.18332	0.01334	0.01827	0.01200	0.01308	0.08208	0.01826	0.02556	0.18022	0.10530	0.06930	0.03573	0.00861	0.00242	0.00654	0.06032	0.00568	0.10247
5	0.00901	0.00700	0.00808	0.00858	0.01012	0.00620	0.00608	0.01078	0.01593	0.02032	0.14533	0.29747	0.35590	0.05272	0.01013	0.00281	0.00399	0.01665	0.00681	0.00608
6	0.01507	0.01292	0.01507	0.01077	0.01723	0.00969	0.00861	0.01830	0.01507	0.02369	0.01292	0.01507	0.01077	0.00538	0.00538	0.00108	0.00538	0.00431	0.00431	0.78898
7	0.07111	0.01006	0.01287	0.01239	0.01390	0.01119	0.00970	0.05087	0.01421	0.04066	0.02342	0.13066	0.02460	0.08815	0.07219	0.11965	0.11383	0.14692	0.00510	0.02850
8	0.01263	0.00631	0.00947	0.00947	0.00947	0.00631	0.00631	0.00947	0.00947	0.01263	0.01263	0.02210	0.01263	0.02525	0.02841	0.78851	0.00631	0.00631	0.00316	0.00316
9	0.00926	0.00728	0.00797	0.00793	0.00974	0.00642	0.00566	0.01109	0.01625	0.02055	0.18644	0.09247	0.43363	0.13764	0.01330	0.00320	0.00421	0.01435	0.00661	0.00598
10	0.79588	0.01406	0.01068	0.00956	0.01406	0.01631	0.00787	0.02137	0.01237	0.03261	0.01012	0.01181	0.00787	0.00675	0.00450	0.00225	0.00562	0.00394	0.00450	0.00787
11	0.08085	0.11348	0.02186	0.01737	0.02145	0.58855	0.01343	0.02767	0.01936	0.01877	0.01103	0.01285	0.00925	0.00729	0.00620	0.00186	0.01198	0.00454	0.00373	0.00849
12	0.01035	0.00700	0.00814	0.00828	0.00848	0.00690	0.00488	0.01080	0.01182	0.01591	0.08362	0.12597	0.03255	0.59961	0.03140	0.00617	0.00641	0.01193	0.00498	0.00479

[dist]
# distance from previous block
# <min> <max>
0	1

[block]
# block no. 4 follows, 28 sequences, length 144
# corresponding to MSA columns:
# 524-667
name=unknown_E
#
# <colnr> <probs for GDERKNQSTAVLIFYWHMCP>
#	G	D	E	R	K	N	Q	S	T	A	V	L	I	F	Y	W	H	M	C	P
0	0.01645	0.03864	0.01535	0.04801	0.03948	0.01224	0.01157	0.09134	0.09570	0.09608	0.08471	0.13490	0.03315	0.01488	0.00852	0.00272	0.00634	0.23443	0.00679	0.00868
1	0.02236	0.02498	0.02271	0.05896	0.13728	0.35028	0.06015	0.08200	0.07524	0.02267	0.01621	0.01851	0.03226	0.00959	0.03324	0.00244	0.01103	0.00623	0.00439	0.00947
2	0.00886	0.00633	0.00843	0.01012	0.01054	0.00590	0.00675	0.01012	0.01392	0.01856	0.04006	0.73979	0.04808	0.02277	0.00928	0.00295	0.00422	0.02066	0.00675	0.00590
3	0.01466	0.03561	0.64432	0.05475	0.03264	0.01691	0.05571	0.02282	0.01539	0.02282	0.01311	0.01573	0.00931	0.00689	0.00700	0.00231	0.01076	0.00557	0.00310	0.01057
4	0.01735	0.01706	0.02698	0.22432	0.49034	0.05472	0.02130	0.02168	0.01624	0.02205	0.01334	0.01810	0.01091	0.00674	0.00718	0.00221	0.00916	0.00638	0.00351	0.01043
5	0.00920	0.00671	0.00869	0.00985	0.01075	0.00620	0.00689	0.01096	0.01537	0.02048	0.14518	0.53072	0.11776	0.02096	0.00914	0.00282	0.00417	0.05111	0.00694	0.00612
6	0.02008	0.51602	0.06906	0.01462	0.02001	0.14103	0.01383	0.02259	0.01538	0.01757	0.01039	0.01254	0.00935	0.00715	0.00711	0.00182	0.08477	0.00436	0.00322	0.00911
7	0.01029	0.00695	0.00920	0.01052	0.01137	0.00655	0.00750	0.01188	0.01449	0.04433	0.03937	0.54545	0.06473	0.06647	0.01102	0.00323	0.00484	0.11894	0.00668	0.00618
8	0.46735	0.01675	0.01544	0.01262	0.01769	0.01897	0.01041	0.30087	0.02170	0.03826	0.01326	0.01422	0.00979	0.00759	0.00568	0.00222	0.00664	0.00505	0.00568	0.00979
9	0.01395	0.00975	0.01088	0.00993	0.01122	0.01015	0.00659	0.14728	0.01602	0.02147	0.04707	0.08948	0.02654	0.51716	0.02795	0.00559	0.00692	0.01053	0.00529	0.00623
10	0.02405	0.02829	0.01745	0.01600	0.01928	0.55369	0.01200	0.02627	0.01938	0.01991	0.01408	0.01630	0.01148	0.00771	0.00622	0.00183	0.01089	0.00516	0.18197	0.00805
11	0.02572	0.01908	0.02100	0.05266	0.02327	0.02115	0.01381	0.59572	0.03187	0.04264	0.01873	0.04631	0.01449	0.00953	0.00743	0.00226	0.00790	0.02768	0.00703	0.01172
12	0.01057	0.00705	0.00793	0.00793	0.00793	0.00705	0.00440	0.01057	0.01057	0.01409	0.02290	0.04757	0.02643	0.74454	0.03700	0.00705	0.00705	0.01057	0.00440	0.00440
13	0.05352	0.03595	0.02022	0.15262	0.02479	0.04283	0.05814	0.09632	0.05845	0.02428	0.07081	0.08686	0.01923	0.01087	0.01138	0.00254	0.18354	0.00828	0.03081	0.00858
14	0.74733	0.01399	0.01137	0.05410	0.01629	0.01630	0.00864	0.02119	0.01251	0.03174	0.01030	0.01228	0.00799	0.00678	0.00467	0.00226	0.00588	0.00409	0.00442	0.00788
15	0.11271	0.17434	0.46676	0.01846	0.04816	0.01917	0.02151	0.02254	0.01490	0.02307	0.01212	0.01426	0.00914	0.00674	0.00617	0.00214	0.00945	0.00494	0.00327	0.01013
16	0.00889	0.00729	0.00788	0.00827	0.01036	0.00628	0.00621	0.01077	0.01618	0.01965	0.06571	0.17163	0.54513	0.01920	0.00881	0.00260	0.00401	0.06823	0.00675	0.00615
17	0.01507	0.01292	0.01507	0.01077	0.01723	0.00969	0.00861	0.01830	0.01507	0.02369	0.01292	0.01507	0.01077	0.00538	0.00538	0.00108	0.00538	0.00431	0.00431	0.78898
18	0.01568	0.05708	0.48137	0.02404	0.16105	0.01652	0.02355	0.02248	0.01583	0.04610	0.01736	0.01944	0.05261	0.00758	0.00700	0.00225	0.00962	0.00622	0.00361	0.01061
19	0.06808	0.01985	0.02103	0.01627	0.02196	0.02205	0.01342	0.61673	0.05711	0.04454	0.01751	0.01751	0.01249	0.00866	0.00713	0.00220	0.00779	0.00647	0.00713	0.01209
20	0.00897	0.00639	0.00847	0.01001	0.01047	0.00598	0.00667	0.01027	0.01406	0.01881	0.06444	0.68994	0.04812	0.04722	0.01020	0.00307	0.00428	0.02003	0.00672	0.00589
21	0.00938	0.00663	0.00863	0.00978	0.01019	0.00646	0.00645	0.01049	0.01296	0.01740	0.03429	0.51816	0.04041	0.18615	0.08283	0.00469	0.00630	0.01719	0.00595	0.00563
22	0.01530	0.01475	0.01487	0.01391	0.01558	0.15964	0.01071	0.03902	0.01408	0.01775	0.01633	0.02424	0.01530	0.07934	0.38220	0.04490	0.10419	0.00702	0.00389	0.00699
23	0.01223	0.00885	0.01084	0.01131	0.01270	0.00890	0.00802	0.12974	0.01756	0.02346	0.03600	0.60983	0.04165	0.02025	0.00892	0.00281	0.00490	0.01812	0.00684	0.00707
24	0.01718	0.01778	0.07825	0.05564	0.39221	0.03933	0.01912	0.04532	0.08894	0.02445	0.01946	0.02921	0.01739	0.00926	0.00765	0.00240	0.00834	0.11302	0.00459	0.01046
25	0.02656	0.01978	0.02122	0.01639	0.02211	0.02180	0.01348	0.60939	0.07762	0.04401	0.01812	0.01802	0.01297	0.00869	0.00722	0.00216	0.00776	0.00658	0.00718	0.03894
26	0.00894	0.00638	0.00853	0.01021	0.01067	0.00597	0.00689	0.01026	0.01400	0.01865	0.04002	0.72106	0.04790	0.02270	0.00930	0.00296	0.00429	0.03860	0.00675	0.00593
27	0.01736	0.01739	0.05027	0.12687	0.59884	0.01712	0.02220	0.02188	0.01627	0.02309	0.01356	0.01808	0.01122	0.00659	0.00720	0.00220	0.00883	0.00644	0.00354	0.01107
28	0.01161	0.00952	0.01375	0.01305	0.01398	0.01184	0.01026	0.01381	0.01149	0.01682	0.01752	0.02707	0.01684	0.09213	0.51786	0.00950	0.17484	0.00766	0.00377	0.00667
29	0.00886	0.00633	0.00843	0.01012	0.01054	0.00590	0.00675	0.01012	0.01392	0.01856	0.04006	0.73979	0.04808	0.02277	0.00928	0.00295	0.00422	0.02066	0.00675	0.00590
30	0.06268	0.52435	0.03209	0.01392	0.01940	0.20645	0.01261	0.02363	0.01616	0.01810	0.01040	0.01204	0.00926	0.00658	0.00515	0.00167	0.00905	0.00410	0.00335	0.00902
31	0.00886	0.00633	0.00843	0.01012	0.01054	0.00590	0.00675	0.01012	0.01392	0.01856	0.04006	0.73979	0.04808	0.02277	0.00928	0.00295	0.00422	0.02066	0.00675	0.00590
32	0.23750	0.02264	0.19953	0.03997	0.02398	0.01854	0.04540	0.25096	0.02117	0.03358	0.01384	0.01542	0.01008	0.00743	0.00641	0.00222	0.00823	0.00553	0.00501	0.03254
33	0.04400	0.07900	0.05525	0.04310	0.04485	0.26831	0.01538	0.10319	0.01813	0.02199	0.01159	0.01483	0.00982	0.00904	0.01174	0.00234	0.22900	0.00549	0.00393	0.00902
34	0.02715	0.03464	0.02060	0.01873	0.02247	0.71536	0.01404	0.02903	0.02060	0.01779	0.01124	0.01311	0.00936	0.00749	0.00655	0.00187	0.01311	0.00468	0.00375	0.00843
35	0.02024	0.04953	0.01780	0.01553	0.01839	0.34753	0.01190	0.07549	0.01800	0.01976	0.01623	0.07038	0.01524	0.04575	0.19357	0.00475	0.04067	0.00701	0.00427	0.00795
36	0.00913	0.00654	0.00858	0.01012	0.01067	0.00614	0.00690	0.01048	0.01402	0.01857	0.04029	0.63513	0.07042	0.06077	0.01077	0.00318	0.00451	0.06128	0.00662	0.00588
37	0.05036	0.01704	0.01809	0.01598	0.04987	0.04253	0.01227	0.34626	0.15263	0.03531	0.02728	0.05141	0.09396	0.01086	0.00752	0.00234	0.00701	0.04182	0.00680	0.01065
38	0.79588	0.01406	0.01068	0.00956	0.01406	0.01631	0.00787	0.02137	0.01237	0.03261	0.01012	0.01181	0.00787	0.00675	0.00450	0.00225	0.00562	0.00394	0.00450	0.00787
39	0.02318	0.17881	0.02384	0.01773	0.05309	0.36346	0.01355	0.05341	0.16187	0.02167	0.01527	0.01619	0.01231	0.00773	0.00640	0.00196	0.01002	0.00543	0.00452	0.00957
40	0.00928	0.00678	0.00873	0.00954	0.01057	0.00623	0.00666	0.01128	0.01627	0.02198	0.24842	0.45826	0.11942	0.01986	0.00899	0.00269	0.00392	0.01778	0.00714	0.00623
41	0.28407	0.03960	0.01704	0.17544	0.02375	0.01660	0.01254	0.03936	0.01395	0.02485	0.03616	0.01704	0.01171	0.01027	0.04098	0.00273	0.13486	0.00556	0.00409	0.08941
42	0.04737	0.61143	0.10767	0.01324	0.01986	0.02618	0.01373	0.02254	0.01503	0.05097	0.01130	0.01268	0.00968	0.00644	0.00502	0.00169	0.00794	0.00421	0.00343	0.00957
43	0.01056	0.00708	0.00807	0.00807	0.00812	0.00712	0.00458	0.01066	0.01061	0.01420	0.02277	0.04684	0.02611	0.71825	0.06286	0.00722	0.00752	0.01046	0.00439	0.00448
44	0.01529	0.01518	0.02358	0.18513	0.02883	0.05329	0.14273	0.03822	0.01451	0.01968	0.01479	0.05225	0.01320	0.01758	0.13664	0.00425	0.20534	0.00763	0.00373	0.00815
45	0.01812	0.01916	0.04128	0.02954	0.03678	0.01790	0.63170	0.02404	0.01738	0.06555	0.01557	0.01993	0.01146	0.00631	0.00850	0.00244	0.01188	0.00850	0.00401	0.00996
46	0.02343	0.01819	0.05469	0.01450	0.02069	0.04078	0.01234	0.31149	0.02451	0.12674	0.01704	0.01740	0.01233	0.00751	0.00660	0.00182	0.00720	0.00578	0.00618	0.27078
47	0.00896	0.00637	0.00840	0.00999	0.01038	0.00598	0.00660	0.01015	0.01371	0.01828	0.03900	0.69683	0.04673	0.06757	0.01100	0.00321	0.00439	0.02004	0.00660	0.00581
48	0.05287	0.01411	0.15670	0.01164	0.01536	0.00944	0.01112	0.01597	0.01882	0.02769	0.49328	0.06667	0.05216	0.01302	0.00803	0.00231	0.00511	0.01127	0.00673	0.00770
49	0.01410	0.01143	0.03263	0.01157	0.01393	0.01159	0.00902	0.11838	0.07779	0.02648	0.25259	0.04002	0.06109	0.17187	0.07386	0.00413	0.04532	0.01019	0.00628	0.00772
50	0.00884	0.00639	0.00837	0.00995	0.01050	0.00592	0.00667	0.01014	0.01408	0.01862	0.04215	0.69822	0.08831	0.02250	0.00924	0.00292	0.00418	0.02033	0.00675	0.00592
51	0.05553	0.03313	0.02030	0.01828	0.02217	0.65278	0.01381	0.06305	0.02102	0.01983	0.01152	0.01329	0.00947	0.00753	0.00652	0.00190	0.01256	0.00475	0.00396	0.00862
52	0.00886	0.00633	0.00843	0.01012	0.01054	0.00590	0.00675	0.01012	0.01392	0.01856	0.04006	0.73979	0.04808	0.02277	0.00928	0.00295	0.00422	0.02066	0.00675	0.00590
53	0.26226	0.05630	0.16821	0.01468	0.02104	0.01507	0.05458	0.02599	0.01628	0.23937	0.01815	0.02028	0.01314	0.00802	0.00642	0.00229	0.00749	0.03478	0.00557	0.01005
54	0.02642	0.01984	0.02157	0.01677	0.02214	0.02230	0.01383	0.60164	0.06605	0.04327	0.01758	0.01785	0.01269	0.00903	0.00831	0.00226	0.05278	0.00662	0.00702	0.01204
55	0.02715	0.03464	0.02060	0.01873	0.02247	0.71536	0.01404	0.02903	0.02060	0.01779	0.01124	0.01311	0.00936	0.00749	0.00655	0.00187	0.01311	0.00468	0.00375	0.00843
56	0.01457	0.01398	0.04404	0.22641	0.05522	0.01418	0.14747	0.07727	0.03928	0.02281	0.02272	0.22476	0.02249	0.01198	0.00817	0.00257	0.00828	0.03040	0.00493	0.00848
57	0.00988	0.00681	0.00808	0.00866	0.00892	0.00661	0.00527	0.01041	0.01202	0.01590	0.03126	0.28856	0.06578	0.45984	0.02604	0.00541	0.00591	0.01430	0.00533	0.00501
58	0.02600	0.01884	0.02042	0.01602	0.02136	0.02074	0.01314	0.56370	0.07227	0.06639	0.01959	0.02183	0.01479	0.03637	0.00848	0.00242	0.00771	0.03091	0.00721	0.01180
59	0.79588	0.01406	0.01068	0.00956	0.01406	0.01631	0.00787	0.02137	0.01237	0.03261	0.01012	0.01181	0.00787	0.00675	0.00450	0.00225	0.00562	0.00394	0.00450	0.00787
60	0.01808	0.01561	0.01644	0.01479	0.01890	0.01808	0.01151	0.03863	0.68606	0.03041	0.02959	0.02712	0.02219	0.00986	0.00740	0.00247	0.00575	0.00822	0.00740	0.01151
61	0.00886	0.00633	0.00843	0.01012	0.01054	0.00590	0.00675	0.01012	0.01392	0.01856	0.04006	0.73979	0.04808	0.02277	0.00928	0.00295	0.00422	0.02066	0.00675	0.00590
62	0.01500	0.01292	0.01542	0.04736	0.01890	0.01002	0.00920	0.01832	0.01505	0.02343	0.01292	0.01529	0.01071	0.00548	0.00548	0.00115	0.00560	0.00442	0.00425	0.74908
63	0.01355	0.00678	0.00678	0.00678	0.00847	0.00678	0.00508	0.01694	0.01524	0.02710	0.02371	0.02710	0.01863	0.00847	0.00508	0.00169	0.00339	0.00678	0.78489	0.00678
64	0.01004	0.00686	0.00822	0.00873	0.00891	0.00678	0.00529	0.01052	0.01163	0.01555	0.02798	0.25694	0.03269	0.49967	0.05399	0.00598	0.00665	0.01353	0.00510	0.00494
65	0.02148	0.01580	0.01745	0.01446	0.01828	0.04965	0.01154	0.34571	0.02385	0.07828	0.01877	0.02345	0.01538	0.08891	0.19932	0.00518	0.02960	0.00721	0.00595	0.00976
66	0.03070	0.01468	0.01821	0.01404	0.01966	0.01421	0.01157	0.21104	0.04937	0.49834	0.02563	0.02283	0.01661	0.00895	0.00730	0.00224	0.00667	0.00713	0.00846	0.01234
67	0.02484	0.01767	0.01883	0.01475	0.01975	0.01941	0.01208	0.54444	0.03042	0.04210	0.01869	0.01937	0.01361	0.00867	0.00684	0.00208	0.00708	0.00659	0.16151	0.01125
68	0.01502	0.01171	0.01671	0.24279	0.02653	0.01287	0.03716	0.04535	0.12089	0.07096	0.23533	0.03377	0.03217	0.05598	0.00960	0.00265	0.00672	0.00926	0.00602	0.00850
69	0.06527	0.02288	0.20495	0.05440	0.05491	0.05163	0.25020	0.02208	0.01608	0.02334	0.01420	0.01898	0.01122	0.00685	0.00722	0.00217	0.00998	0.02780	0.00375	0.13210
70	0.02704	0.01993	0.02147	0.01655	0.02222	0.02208	0.01365	0.65234	0.03341	0.04482	0.01752	0.01783	0.01256	0.01029	0.03148	0.00251	0.00839	0.00659	0.00716	0.01216
71	0.00885	0.00636	0.00840	0.01003	0.01052	0.00591	0.00671	0.01013	0.01401	0.01859	0.04120	0.71711	0.07003	0.02263	0.00925	0.00294	0.00420	0.02048	0.00675	0.00591
72	0.02244	0.01872	0.01936	0.06462	0.02282	0.06676	0.01325	0.30590	0.31945	0.03527	0.02208	0.02156	0.01631	0.00904	0.00728	0.00230	0.00747	0.00715	0.00681	0.01143
73	0.01005	0.00733	0.00923	0.00889	0.01047	0.00675	0.00649	0.01289	0.01891	0.02623	0.53391	0.09130	0.13296	0.07935	0.01109	0.00276	0.00381	0.01356	0.00748	0.00652
74	0.00897	0.00640	0.00856	0.01025	0.01072	0.00600	0.00694	0.01031	0.01402	0.01868	0.04000	0.71473	0.04784	0.02267	0.00931	0.00297	0.00431	0.04465	0.00675	0.00593
75	0.02542	0.06953	0.02123	0.01858	0.04421	0.56750	0.01380	0.06106	0.04524	0.01992	0.01463	0.01610	0.03623	0.00796	0.00662	0.00193	0.01178	0.00533	0.00414	0.00880
76	0.00891	0.00645	0.00843	0.00990	0.01051	0.00597	0.00668	0.01032	0.01442	0.01916	0.07564	0.66286	0.08969	0.02210	0.00920	0.00289	0.00414	0.01995	0.00681	0.00597
77	0.03165	0.03775	0.01810	0.01332	0.01898	0.01253	0.01107	0.10230	0.02201	0.61201	0.02688	0.02354	0.01711	0.00888	0.00722	0.00222	0.00643	0.00712	0.00862	0.01227
78	0.02440	0.08813	0.14076	0.01861	0.02375	0.54346	0.01614	0.02745	0.01926	0.01865	0.01147	0.01339	0.00933	0.00730	0.00648	0.00192	0.01230	0.00474	0.00358	0.00889
79	0.02715	0.03464	0.02060	0.01873	0.02247	0.71536	0.01404	0.02903	0.02060	0.01779	0.01124	0.01311	0.00936	0.00749	0.00655	0.00187	0.01311	0.00468	0.00375	0.00843
80	0.05264	0.01993	0.02068	0.01621	0.02161	0.04723	0.01325	0.59348	0.03186	0.04287	0.01817	0.05546	0.01400	0.00936	0.00726	0.00221	0.00791	0.00714	0.00702	0.01172
81	0.00885	0.00703	0.00796	0.00846	0.01017	0.00613	0.00607	0.01066	0.01609	0.02025	0.12573	0.29121	0.41674	0.01950	0.00882	0.00260	0.00383	0.01689	0.00688	0.00613
82	0.01062	0.00931	0.04770	0.01087	0.01296	0.00773	0.03066	0.01389	0.01838	0.02572	0.45498	0.16593	0.05646	0.04873	0.00998	0.00269	0.00462	0.05476	0.00714	0.00689
83	0.79588	0.01406	0.01068	0.00956	0.01406	0.01631	0.00787	0.02137	0.01237	0.03261	0.01012	0.01181	0.00787	0.00675	0.00450	0.00225	0.00562	0.00394	0.00450	0.00787
84	0.75869	0.01400	0.01121	0.04368	0.01577	0.01630	0.00846	0.02123	0.01247	0.03195	0.01025	0.01217	0.00796	0.00677	0.00463	0.00226	0.00582	0.00406	0.00444	0.00788
85	0.00892	0.00716	0.00797	0.00835	0.01025	0.00622	0.00613	0.01083	0.01636	0.02039	0.12598	0.22162	0.46639	0.01911	0.00879	0.00258	0.00387	0.03603	0.00687	0.00617
86	0.01507	0.01292	0.01507	0.01077	0.01723	0.00969	0.00861	0.01830	0.01507	0.02369	0.01292	0.01507	0.01077	0.00538	0.00538	0.00108	0.00538	0.00431	0.00431	0.78898
87	0.02166	0.01665	0.01790	0.01518	0.01985	0.01874	0.01206	0.20809	0.46492	0.08244	0.02629	0.02437	0.01927	0.00950	0.00736	0.00237	0.00638	0.00771	0.00748	0.01180
88	0.01355	0.00678	0.00678	0.00678	0.00847	0.00678	0.00508	0.01694	0.01524	0.02710	0.02371	0.02710	0.01863	0.00847	0.00508	0.00169	0.00339	0.00678	0.78489	0.00678
89	0.00895	0.00728	0.00788	0.00826	0.01027	0.00631	0.00615	0.01076	0.01597	0.01944	0.06409	0.16809	0.52523	0.04601	0.00986	0.00277	0.00412	0.06583	0.00666	0.00608
90	0.15025	0.01621	0.01811	0.01410	0.01963	0.01687	0.01164	0.31899	0.02546	0.30455	0.02075	0.01945	0.01389	0.00852	0.00685	0.00222	0.00691	0.00644	0.00752	0.01166
91	0.02707	0.01918	0.02080	0.01604	0.02155	0.02101	0.01314	0.60132	0.03214	0.08506	0.01843	0.01944	0.01343	0.04633	0.00879	0.00243	0.00784	0.00680	0.00723	0.01196
92	0.00929	0.00641	0.00829	0.00973	0.01020	0.00605	0.00645	0.01058	0.01372	0.01872	0.03763	0.63822	0.04446	0.08167	0.01131	0.00321	0.00440	0.01897	0.05485	0.00583
93	0.12265	0.01922	0.12660	0.17250	0.11474	0.01731	0.18478	0.04530	0.01597	0.02424	0.03412	0.01843	0.01184	0.00738	0.00823	0.00239	0.05434	0.00670	0.00383	0.00941
94	0.11211	0.01895	0.15025	0.01668	0.04546	0.01463	0.05533	0.10793	0.02008	0.35425	0.02089	0.02008	0.01386	0.00805	0.00699	0.00226	0.00767	0.00652	0.00664	0.01137
95	0.00886	0.00633	0.00843	0.01012	0.01054	0.00590	0.00675	0.01012	0.01392	0.01856	0.04006	0.73979	0.04808	0.02277	0.00928	0.00295	0.00422	0.02066	0.00675	0.00590
96	0.04549	0.01678	0.05509	0.07403	0.04379	0.01753	0.03801	0.10824	0.39577	0.05527	0.05424	0.02478	0.02003	0.00920	0.00733	0.00239	0.00684	0.00773	0.00654	0.01092
97	0.01615	0.01686	0.02861	0.06729	0.02688	0.02068	0.21929	0.01935	0.01321	0.01935	0.01135	0.01727	0.01001	0.01034	0.01809	0.00291	0.46343	0.00705	0.00334	0.00853
98	0.00886	0.00633	0.00843	0.01012	0.01054	0.00590	0.00675	0.01012	0.01392	0.01856	0.04006	0.73979	0.04808	0.02277	0.00928	0.00295	0.00422	0.02066	0.00675	0.00590
99	0.02715	0.03464	0.02060	0.01873	0.02247	0.71536	0.01404	0.02903	0.02060	0.01779	0.01124	0.01311	0.00936	0.00749	0.00655	0.00187	0.01311	0.00468	0.00375	0.00843
100	0.00890	0.00636	0.00847	0.01009	0.01055	0.00593	0.00675	0.01023	0.01411	0.01886	0.05894	0.72005	0.04867	0.02255	0.00926	0.00293	0.00419	0.02045	0.00678	0.00593
101	0.02763	0.02036	0.02182	0.01672	0.02254	0.02254	0.01382	0.67496	0.03418	0.04581	0.01745	0.01745	0.01236	0.00873	0.00727	0.00218	0.00800	0.00654	0.00727	0.01236
102	0.04203	0.01181	0.01359	0.05578	0.01506	0.04594	0.00924	0.06503	0.01350	0.01865	0.01912	0.07692	0.02064	0.38262	0.02579	0.00490	0.15934	0.00923	0.00441	0.00640
103	0.02715	0.03464	0.02060	0.01873	0.02247	0.71536	0.01404	0.02903	0.02060	0.01779	0.01124	0.01311	0.00936	0.00749	0.00655	0.00187	0.01311	0.00468	0.00375	0.00843
104	0.17190	0.01914	0.13585	0.01875	0.02292	0.01825	0.12843	0.02046	0.01361	0.04785	0.01339	0.05294	0.01169	0.00981	0.01320	0.00268	0.27958	0.00686	0.00391	0.00877
105	0.00912	0.00647	0.00832	0.00968	0.01011	0.00609	0.00634	0.01020	0.01348	0.01789	0.03852	0.60820	0.06683	0.13597	0.01361	0.00358	0.00464	0.01890	0.00638	0.00568
106	0.04743	0.04467	0.02393	0.14038	0.16366	0.12524	0.05696	0.16462	0.11129	0.02766	0.01597	0.01827	0.01228	0.00768	0.00706	0.00221	0.00906	0.00641	0.00488	0.01035
107	0.01057	0.00806	0.01204	0.01193	0.01318	0.00953	0.00931	0.01313	0.01166	0.01690	0.01914	0.02813	0.01788	0.05312	0.69261	0.01140	0.04326	0.00774	0.00387	0.00654
