[name]
unknown

[dist]
# distance from previous block
# <min> <max>
0	198

[block]
# block no. 0 follows, 29 sequences, length 89
# corresponding to MSA columns:
# 203-291
name=unknown_A
#
# <colnr> <probs for GDERKNQSTAVLIFYWHMCP>
#	G	D	E	R	K	N	Q	S	T	A	V	L	I	F	Y	W	H	M	C	P
0	0.01636	0.01572	0.02680	0.24280	0.44305	0.01670	0.05714	0.02162	0.04870	0.02208	0.01400	0.01855	0.01124	0.00671	0.00715	0.00222	0.00882	0.00654	0.00361	0.01020
1	0.01499	0.14294	0.61291	0.01910	0.02896	0.01826	0.02422	0.02237	0.01495	0.02169	0.01235	0.01450	0.00904	0.00667	0.00644	0.00215	0.01009	0.00505	0.00301	0.01032
2	0.28995	0.01338	0.01536	0.01405	0.07032	0.01351	0.01044	0.05861	0.04230	0.34916	0.02165	0.02054	0.03480	0.00818	0.00626	0.00221	0.00605	0.00622	0.00670	0.01034
3	0.00932	0.00678	0.00885	0.01014	0.01089	0.00649	0.00701	0.01168	0.04399	0.01986	0.10606	0.61797	0.04780	0.02087	0.00897	0.00282	0.00421	0.04339	0.00676	0.00615
4	0.00958	0.00702	0.00899	0.00901	0.01046	0.00643	0.00656	0.01227	0.01821	0.02515	0.48045	0.21843	0.12749	0.01675	0.00856	0.00241	0.00357	0.01484	0.00742	0.00643
5	0.00868	0.00620	0.00826	0.00991	0.01033	0.00578	0.00661	0.00991	0.01363	0.01818	0.03925	0.74510	0.04710	0.02231	0.00909	0.00289	0.00413	0.02024	0.00661	0.00578
6	0.00914	0.00656	0.00868	0.00960	0.01043	0.00610	0.00665	0.01109	0.01581	0.02163	0.25982	0.51468	0.05379	0.01973	0.00886	0.00267	0.00387	0.01779	0.00702	0.00610
7	0.00867	0.00654	0.00803	0.00909	0.01014	0.00590	0.00627	0.01019	0.01472	0.01902	0.08326	0.51510	0.23594	0.02068	0.00886	0.00272	0.00394	0.01836	0.00667	0.00590
8	0.01904	0.75404	0.03731	0.01218	0.01828	0.02818	0.01218	0.02132	0.01447	0.01675	0.00990	0.01142	0.00914	0.00609	0.00457	0.00152	0.00761	0.00381	0.00305	0.00914
9	0.00999	0.00728	0.00940	0.00887	0.01058	0.00668	0.00665	0.01327	0.01995	0.02807	0.66871	0.05399	0.10036	0.01474	0.00840	0.00225	0.00337	0.01299	0.00777	0.00668
10	0.71717	0.01443	0.01163	0.01012	0.01466	0.01663	0.00834	0.09177	0.01441	0.03333	0.01068	0.01216	0.00818	0.00682	0.00470	0.00220	0.00576	0.00413	0.00470	0.00818
11	0.01456	0.01244	0.01454	0.01053	0.01665	0.00937	0.00838	0.01766	0.01473	0.02303	0.01356	0.03957	0.01179	0.00585	0.00540	0.00112	0.00523	0.00476	0.00430	0.76654
12	0.02736	0.01863	0.02100	0.01711	0.05342	0.02011	0.01346	0.55414	0.03072	0.14326	0.01857	0.01819	0.01289	0.00848	0.00713	0.00215	0.00760	0.00652	0.00721	0.01207
13	0.01147	0.00820	0.01147	0.01311	0.01475	0.00820	0.01147	0.01475	0.01639	0.02131	0.03770	0.08032	0.04098	0.01967	0.00984	0.00328	0.00656	0.65741	0.00656	0.00656
14	0.01564	0.04405	0.02239	0.04376	0.01975	0.02184	0.01560	0.01734	0.01116	0.01716	0.00949	0.01554	0.00934	0.01203	0.02206	0.00303	0.68272	0.00614	0.00311	0.00785
15	0.09535	0.01955	0.02036	0.01889	0.10153	0.09839	0.01370	0.36565	0.06938	0.05798	0.01627	0.01729	0.01216	0.00941	0.02684	0.00241	0.03198	0.00612	0.00591	0.01082
16	0.01170	0.00762	0.00982	0.00912	0.01109	0.00694	0.00685	0.01473	0.01939	0.08293	0.55651	0.07428	0.11201	0.03437	0.00907	0.00240	0.00372	0.01275	0.00769	0.00701
17	0.00868	0.00620	0.00826	0.00991	0.01033	0.00578	0.00661	0.00991	0.01363	0.01818	0.03925	0.74510	0.04710	0.02231	0.00909	0.00289	0.00413	0.02024	0.00661	0.00578
18	0.01532	0.01298	0.01506	0.01081	0.01711	0.01006	0.00867	0.04766	0.01560	0.02417	0.01286	0.01487	0.01062	0.00542	0.00536	0.00110	0.00539	0.00432	0.00435	0.75829
19	0.01531	0.17328	0.55222	0.01920	0.02872	0.01883	0.05412	0.02233	0.01501	0.02145	0.01230	0.01454	0.00913	0.00660	0.00642	0.00212	0.01004	0.00513	0.00304	0.01022
20	0.00945	0.00725	0.00864	0.00830	0.01025	0.00645	0.00622	0.01222	0.01867	0.02502	0.46301	0.05900	0.30796	0.01587	0.00840	0.00230	0.00345	0.01369	0.00737	0.00645
21	0.01454	0.03522	0.65480	0.02177	0.06258	0.01661	0.05152	0.02253	0.01516	0.02259	0.01287	0.01532	0.00920	0.00672	0.00684	0.00225	0.01048	0.00543	0.00305	0.01052
22	0.01730	0.01659	0.02832	0.09672	0.65483	0.01683	0.02169	0.02157	0.01606	0.02287	0.01334	0.01773	0.01114	0.00640	0.00705	0.00213	0.00854	0.00634	0.00350	0.01102
23	0.01357	0.00820	0.01052	0.00999	0.01213	0.00761	0.00745	0.01704	0.05333	0.13652	0.34117	0.22985	0.09322	0.01563	0.00832	0.00243	0.00414	0.01377	0.00756	0.00755
24	0.01305	0.00662	0.00672	0.00680	0.00840	0.00660	0.00506	0.01627	0.01487	0.02614	0.02401	0.06165	0.01966	0.00898	0.00518	0.00172	0.00336	0.00730	0.75105	0.00660
25	0.02730	0.01958	0.02114	0.01621	0.02190	0.02154	0.01339	0.65137	0.03287	0.07596	0.01761	0.01743	0.01237	0.00856	0.00713	0.00214	0.00775	0.00645	0.00720	0.01211
26	0.01059	0.00769	0.01077	0.04223	0.01466	0.00768	0.01013	0.01322	0.01534	0.02009	0.03719	0.30863	0.04178	0.02006	0.00946	0.00311	0.00584	0.40876	0.00643	0.00635
27	0.00876	0.00629	0.00833	0.00993	0.01045	0.00587	0.00673	0.01008	0.01380	0.01831	0.04026	0.70209	0.06813	0.02209	0.00909	0.00289	0.00419	0.04029	0.00661	0.00582
28	0.01019	0.00731	0.00890	0.00889	0.01075	0.00654	0.00665	0.01263	0.01753	0.04940	0.31576	0.17681	0.27468	0.01710	0.00855	0.00246	0.00385	0.04830	0.00719	0.00652
29	0.01611	0.02404	0.22597	0.02735	0.03546	0.01760	0.50037	0.02274	0.01632	0.02274	0.01396	0.01806	0.01032	0.00621	0.00795	0.00236	0.01160	0.00754	0.00344	0.00986
30	0.01762	0.01692	0.02890	0.04371	0.70533	0.01692	0.02185	0.02185	0.01621	0.02326	0.01339	0.01762	0.01128	0.00634	0.00705	0.00211	0.00846	0.00634	0.00352	0.01128
31	0.01762	0.01692	0.02890	0.04371	0.70533	0.01692	0.02185	0.02185	0.01621	0.02326	0.01339	0.01762	0.01128	0.00634	0.00705	0.00211	0.00846	0.00634	0.00352	0.01128
32	0.00878	0.00627	0.00839	0.01004	0.01050	0.00588	0.00680	0.01010	0.01374	0.01830	0.03919	0.71938	0.04686	0.02221	0.00912	0.00291	0.00423	0.04490	0.00661	0.00581
33	0.00886	0.00715	0.00788	0.00787	0.00993	0.00617	0.00584	0.01101	0.01702	0.02151	0.22865	0.11859	0.48959	0.01750	0.00847	0.00240	0.00359	0.01490	0.00692	0.00617
34	0.01023	0.00738	0.01019	0.01019	0.01102	0.00822	0.00733	0.01191	0.01107	0.01560	0.02022	0.03434	0.02057	0.29144	0.48728	0.00989	0.01491	0.00856	0.00399	0.00566
35	0.12574	0.02309	0.01958	0.06167	0.02257	0.24899	0.01332	0.31651	0.02433	0.03154	0.01361	0.01506	0.01031	0.00795	0.00714	0.00210	0.03591	0.00547	0.00525	0.00986
36	0.01696	0.01624	0.02770	0.15311	0.60112	0.01674	0.02152	0.02127	0.01590	0.02246	0.01328	0.01784	0.01100	0.00647	0.00706	0.00216	0.00862	0.00634	0.00347	0.01074
37	0.01568	0.01464	0.01399	0.01303	0.01516	0.16478	0.00989	0.09173	0.01570	0.01959	0.01753	0.02586	0.01633	0.12819	0.39675	0.00772	0.01487	0.00718	0.00422	0.00716
38	0.01889	0.72301	0.03666	0.01246	0.01829	0.02791	0.01233	0.02115	0.01432	0.01677	0.00988	0.01160	0.00915	0.00636	0.00536	0.00159	0.03825	0.00391	0.00305	0.00908
39	0.01456	0.06390	0.66224	0.02034	0.03057	0.01704	0.04963	0.02251	0.01508	0.02234	0.01273	0.01505	0.00909	0.00671	0.00674	0.00223	0.01047	0.00532	0.00303	0.01044
40	0.01002	0.00723	0.00946	0.00900	0.01062	0.00668	0.00671	0.01328	0.01986	0.02809	0.67191	0.08419	0.06629	0.01490	0.00843	0.00227	0.00339	0.01321	0.00778	0.00668
41	0.77060	0.01371	0.01070	0.00949	0.01394	0.01576	0.00782	0.02146	0.01243	0.05795	0.01061	0.01205	0.00809	0.00669	0.00451	0.00220	0.00553	0.00398	0.00458	0.00788
42	0.00933	0.00720	0.00820	0.00798	0.00977	0.00641	0.00578	0.01151	0.01700	0.02219	0.31407	0.05956	0.36170	0.11390	0.01211	0.00294	0.00395	0.01356	0.00679	0.00607
43	0.00995	0.00727	0.00934	0.00882	0.01056	0.00666	0.00662	0.01318	0.01985	0.02782	0.65213	0.05439	0.11709	0.01483	0.00840	0.00225	0.00338	0.01305	0.00774	0.00666
44	0.00913	0.00663	0.00861	0.00941	0.01038	0.00611	0.00656	0.01111	0.01599	0.02171	0.26257	0.46763	0.09888	0.01943	0.00881	0.00264	0.00384	0.01743	0.00702	0.00611
45	0.01036	0.00690	0.00777	0.00777	0.00777	0.00690	0.00431	0.01036	0.01036	0.01381	0.02244	0.04660	0.02589	0.74975	0.03624	0.00690	0.00690	0.01036	0.00431	0.00431
46	0.80005	0.01377	0.01047	0.00936	0.01377	0.01597	0.00771	0.02093	0.01212	0.03195	0.00991	0.01157	0.00771	0.00661	0.00441	0.00220	0.00551	0.00386	0.00441	0.00771
47	0.01894	0.01524	0.01630	0.01443	0.01861	0.01738	0.01129	0.05806	0.62778	0.07459	0.02855	0.02611	0.02116	0.00957	0.00724	0.00239	0.00573	0.00794	0.00734	0.01135
48	0.01884	0.02875	0.46671	0.02014	0.05455	0.01521	0.07372	0.02545	0.01650	0.18729	0.01660	0.01767	0.01131	0.00718	0.00700	0.00225	0.00949	0.00601	0.00446	0.01086
49	0.05069	0.36090	0.37605	0.01614	0.02439	0.02179	0.01910	0.02192	0.01465	0.02033	0.01135	0.01325	0.00902	0.00645	0.00567	0.00192	0.00899	0.00454	0.00309	0.00977
50	0.01813	0.01550	0.01634	0.01458	0.01868	0.01791	0.01137	0.06668	0.66295	0.03046	0.02845	0.02614	0.02131	0.00961	0.00724	0.00240	0.00573	0.00798	0.00724	0.01131
51	0.06992	0.20576	0.17046	0.02387	0.23027	0.09435	0.01772	0.02263	0.01595	0.04316	0.03533	0.01602	0.01188	0.00684	0.00618	0.00198	0.00871	0.00538	0.00368	0.00990
52	0.02660	0.03394	0.02018	0.01834	0.02201	0.72116	0.01376	0.02843	0.02018	0.01743	0.01101	0.01284	0.00917	0.00734	0.00642	0.00183	0.01284	0.00459	0.00367	0.00825
53	0.01482	0.14386	0.58017	0.01858	0.02804	0.01787	0.02332	0.02197	0.01517	0.02194	0.04237	0.01615	0.01157	0.00700	0.00650	0.00214	0.00977	0.00537	0.00322	0.01015
54	0.00868	0.00620	0.00826	0.00991	0.01033	0.00578	0.00661	0.00991	0.01363	0.01818	0.03925	0.74510	0.04710	0.02231	0.00909	0.00289	0.00413	0.02024	0.00661	0.00578
55	0.02029	0.01447	0.01667	0.01559	0.05398	0.01586	0.01167	0.03549	0.49780	0.16401	0.02834	0.02773	0.02113	0.00971	0.00732	0.00239	0.00590	0.03306	0.00734	0.01126
56	0.01585	0.01834	0.15060	0.16239	0.14910	0.04191	0.01719	0.02323	0.13026	0.05513	0.06707	0.02784	0.05186	0.00925	0.00736	0.00233	0.00794	0.04797	0.00487	0.00953
57	0.05291	0.07316	0.64327	0.01934	0.02933	0.01712	0.02466	0.02241	0.01486	0.02271	0.01249	0.01468	0.00896	0.00672	0.00654	0.00221	0.01013	0.00512	0.00308	0.01031
58	0.00974	0.00727	0.00905	0.00861	0.01043	0.00658	0.00646	0.01279	0.01937	0.02668	0.57485	0.05628	0.19508	0.01526	0.00840	0.00227	0.00341	0.01331	0.00759	0.00658
59	0.80005	0.01377	0.01047	0.00936	0.01377	0.01597	0.00771	0.02093	0.01212	0.03195	0.00991	0.01157	0.00771	0.00661	0.00441	0.00220	0.00551	0.00386	0.00441	0.00771
60	0.80005	0.01377	0.01047	0.00936	0.01377	0.01597	0.00771	0.02093	0.01212	0.03195	0.00991	0.01157	0.00771	0.00661	0.00441	0.00220	0.00551	0.00386	0.00441	0.00771
61	0.01017	0.00763	0.01144	0.01144	0.01272	0.00890	0.00890	0.01272	0.01144	0.01653	0.01907	0.02797	0.01780	0.05340	0.72153	0.01144	0.01907	0.00763	0.00381	0.00636
62	0.01507	0.08906	0.54809	0.02130	0.03093	0.01768	0.13504	0.02250	0.01529	0.02215	0.01283	0.01546	0.00933	0.00659	0.00687	0.00222	0.01055	0.00568	0.00311	0.01026
63	0.01880	0.02095	0.02133	0.01859	0.01966	0.22626	0.01505	0.02044	0.01362	0.01722	0.00983	0.01478	0.00930	0.01096	0.01841	0.00274	0.52510	0.00575	0.00328	0.00793
64	0.00963	0.00726	0.00890	0.00849	0.01036	0.00653	0.00637	0.01257	0.01910	0.02604	0.53193	0.05732	0.23841	0.01549	0.00840	0.00228	0.00343	0.01346	0.00751	0.00653
65	0.01371	0.01131	0.01429	0.01544	0.10079	0.01189	0.01038	0.02301	0.25591	0.02773	0.33382	0.06335	0.04261	0.01223	0.00790	0.00234	0.00494	0.03249	0.00700	0.00886
66	0.01008	0.00728	0.00952	0.00896	0.01064	0.00672	0.00672	0.01344	0.02016	0.02855	0.70158	0.05319	0.06719	0.01456	0.00840	0.00224	0.00336	0.01288	0.00784	0.00672
67	0.00868	0.00620	0.00826	0.00991	0.01033	0.00578	0.00661	0.00991	0.01363	0.01818	0.03925	0.74510	0.04710	0.02231	0.00909	0.00289	0.00413	0.02024	0.00661	0.00578
68	0.01577	0.01740	0.05366	0.32557	0.10316	0.04411	0.29411	0.02099	0.01574	0.02070	0.01339	0.01858	0.01017	0.00658	0.00761	0.00234	0.01060	0.00709	0.00339	0.00903
69	0.08551	0.17303	0.02349	0.01833	0.08000	0.39030	0.01358	0.02468	0.01722	0.01918	0.01086	0.01313	0.00930	0.00720	0.00701	0.00188	0.05795	0.00462	0.00358	0.03917
70	0.00946	0.00797	0.00833	0.00835	0.01078	0.00720	0.00638	0.01299	0.07722	0.02028	0.06476	0.09164	0.57316	0.01755	0.00843	0.00248	0.00400	0.05586	0.00667	0.00651
71	0.01705	0.01748	0.06158	0.10950	0.60862	0.01679	0.02187	0.02153	0.01596	0.02274	0.01329	0.01763	0.01100	0.00644	0.00704	0.00215	0.00866	0.00629	0.00346	0.01091
72	0.01008	0.00728	0.00952	0.00896	0.01064	0.00672	0.00672	0.01344	0.02016	0.02855	0.70158	0.05319	0.06719	0.01456	0.00840	0.00224	0.00336	0.01288	0.00784	0.00672
73	0.01008	0.00728	0.00952	0.00896	0.01064	0.00672	0.00672	0.01344	0.02016	0.02855	0.70158	0.05319	0.06719	0.01456	0.00840	0.00224	0.00336	0.01288	0.00784	0.00672
74	0.01943	0.71818	0.03653	0.01239	0.01846	0.02788	0.01225	0.05357	0.01540	0.01813	0.01025	0.01170	0.00928	0.00621	0.00469	0.00155	0.00763	0.00393	0.00325	0.00928
75	0.52364	0.02188	0.25755	0.01321	0.01977	0.01617	0.01425	0.02150	0.01314	0.02864	0.01092	0.01279	0.00817	0.00666	0.00524	0.00222	0.00727	0.00435	0.00391	0.00870
76	0.01735	0.58319	0.03258	0.01274	0.01785	0.02423	0.03708	0.01972	0.01469	0.01785	0.05530	0.07880	0.01612	0.00830	0.00614	0.00179	0.03785	0.00609	0.00368	0.00866
77	0.00991	0.00690	0.00884	0.00979	0.01082	0.00644	0.00679	0.01206	0.03531	0.04434	0.11704	0.55651	0.10817	0.02017	0.00882	0.00273	0.00411	0.01809	0.00685	0.00630
78	0.01222	0.00806	0.01041	0.00949	0.01156	0.00759	0.00727	0.01527	0.01937	0.09327	0.53659	0.05069	0.13356	0.01432	0.00886	0.00229	0.03203	0.01231	0.00761	0.00720
79	0.01656	0.32550	0.35495	0.01874	0.05235	0.02140	0.07632	0.02205	0.01500	0.02025	0.01177	0.01403	0.00931	0.00641	0.00603	0.00197	0.00939	0.00498	0.00309	0.00991
80	0.02430	0.01266	0.01613	0.01325	0.01733	0.01283	0.01070	0.07654	0.12009	0.38354	0.09922	0.06401	0.02395	0.01060	0.00898	0.00236	0.07672	0.00845	0.00768	0.01065
81	0.00930	0.00676	0.00881	0.00991	0.01071	0.00643	0.00681	0.01168	0.04131	0.02063	0.16666	0.58362	0.04999	0.02032	0.00888	0.00275	0.00404	0.01835	0.00687	0.00618
82	0.01654	0.02112	0.14162	0.03123	0.20512	0.01776	0.36575	0.02214	0.01598	0.02250	0.01355	0.01791	0.01055	0.00664	0.00881	0.00235	0.05965	0.00724	0.00346	0.01005
83	0.01754	0.01997	0.06517	0.06562	0.14048	0.07111	0.34900	0.04297	0.01649	0.02216	0.01323	0.01772	0.01045	0.00720	0.00986	0.00239	0.10832	0.00718	0.00359	0.00956
84	0.00866	0.00626	0.00820	0.00974	0.01028	0.00580	0.00653	0.00993	0.01380	0.01824	0.04133	0.70230	0.08856	0.02204	0.00905	0.00286	0.00410	0.01991	0.00661	0.00580
85	0.01477	0.01266	0.01477	0.01055	0.01687	0.00949	0.00844	0.01793	0.01477	0.02320	0.01266	0.01477	0.01055	0.00527	0.00527	0.00105	0.00527	0.00422	0.00422	0.79328
86	0.01386	0.01352	0.02407	0.57452	0.04480	0.01599	0.12046	0.01856	0.01450	0.01887	0.01379	0.04544	0.01106	0.00768	0.00793	0.00242	0.03394	0.00715	0.00336	0.00809
87	0.80005	0.01377	0.01047	0.00936	0.01377	0.01597	0.00771	0.02093	0.01212	0.03195	0.00991	0.01157	0.00771	0.00661	0.00441	0.00220	0.00551	0.00386	0.00441	0.00771
88	0.01837	0.01545	0.01674	0.04652	0.02004	0.01748	0.01165	0.12075	0.52160	0.03066	0.02694	0.02544	0.03696	0.00939	0.00715	0.00230	0.00603	0.00774	0.00687	0.05193

[dist]
# distance from previous block
# <min> <max>
0	5

[block]
# block no. 1 follows, 29 sequences, length 12
# corresponding to MSA columns:
# 320-331
name=unknown_B
#
# <colnr> <probs for GDERKNQSTAVLIFYWHMCP>
#	G	D	E	R	K	N	Q	S	T	A	V	L	I	F	Y	W	H	M	C	P
0	0.00895	0.00640	0.00855	0.00996	0.01057	0.00600	0.00685	0.01051	0.01445	0.01942	0.10909	0.64087	0.04893	0.02137	0.00905	0.00284	0.00416	0.04936	0.00674	0.00592
1	0.01904	0.75404	0.03731	0.01218	0.01828	0.02818	0.01218	0.02132	0.01447	0.01675	0.00990	0.01142	0.00914	0.00609	0.00457	0.00152	0.00761	0.00381	0.00305	0.00914
2	0.03195	0.01212	0.01652	0.01267	0.01818	0.01047	0.01047	0.03470	0.02038	0.71026	0.02809	0.02424	0.01763	0.00881	0.00716	0.00220	0.00606	0.00716	0.00881	0.01212
3	0.00930	0.00755	0.00831	0.00827	0.01039	0.00676	0.00614	0.01236	0.05253	0.02176	0.20694	0.13275	0.45707	0.01726	0.00842	0.00242	0.00371	0.01472	0.00692	0.00642
4	0.00932	0.00725	0.00846	0.00816	0.01017	0.00639	0.00612	0.01196	0.01836	0.02428	0.41313	0.06022	0.35830	0.01615	0.00841	0.00232	0.00347	0.01386	0.00728	0.00639
5	0.00998	0.00727	0.00938	0.00885	0.01057	0.00667	0.00664	0.01324	0.01991	0.02798	0.66266	0.05414	0.10646	0.01477	0.00840	0.00225	0.00337	0.01301	0.00776	0.00667
6	0.74936	0.01366	0.01087	0.00958	0.01406	0.01561	0.00789	0.02184	0.01266	0.07671	0.01111	0.01240	0.00837	0.00676	0.00459	0.00220	0.00554	0.00407	0.00470	0.00800
7	0.01156	0.00836	0.01145	0.01287	0.01456	0.00842	0.01108	0.01543	0.04361	0.02182	0.06410	0.10380	0.04151	0.01917	0.00964	0.00319	0.00629	0.57977	0.00664	0.00672
8	0.01984	0.67802	0.03550	0.01283	0.01867	0.10133	0.01235	0.02207	0.01507	0.01682	0.01002	0.01157	0.00914	0.00622	0.00476	0.00156	0.00817	0.00389	0.00311	0.00904
9	0.01088	0.00783	0.01076	0.01232	0.01380	0.00771	0.01041	0.01377	0.01595	0.02071	0.03961	0.18502	0.07393	0.02001	0.00965	0.00317	0.00603	0.52545	0.00657	0.00641
10	0.00889	0.00640	0.00846	0.00996	0.01058	0.00597	0.00686	0.01036	0.01416	0.01882	0.06708	0.65056	0.07387	0.02167	0.00908	0.00287	0.00422	0.05766	0.00666	0.00588
11	0.00842	0.00721	0.00721	0.00721	0.00962	0.00601	0.00541	0.01022	0.01623	0.01924	0.07213	0.06853	0.70244	0.01803	0.00842	0.00240	0.00361	0.01503	0.00661	0.00601

[dist]
# distance from previous block
# <min> <max>
0	1

[block]
# block no. 2 follows, 29 sequences, length 81
# corresponding to MSA columns:
# 333-413
name=unknown_C
#
# <colnr> <probs for GDERKNQSTAVLIFYWHMCP>
#	G	D	E	R	K	N	Q	S	T	A	V	L	I	F	Y	W	H	M	C	P
0	0.01654	0.01549	0.02597	0.03861	0.59459	0.01545	0.01999	0.02056	0.01624	0.02288	0.01844	0.02727	0.03817	0.00842	0.00745	0.00227	0.00806	0.08910	0.00401	0.01050
1	0.01025	0.00732	0.00989	0.00989	0.01062	0.00806	0.00696	0.01172	0.01098	0.01538	0.02050	0.03585	0.02122	0.34799	0.43163	0.00952	0.01392	0.00878	0.00403	0.00549
2	0.57941	0.03865	0.01675	0.01433	0.05849	0.01715	0.08201	0.07595	0.01472	0.03103	0.01120	0.01321	0.00867	0.00667	0.00523	0.00219	0.00665	0.00471	0.00445	0.00854
3	0.04458	0.09432	0.18625	0.04089	0.02682	0.05713	0.17334	0.10734	0.07025	0.04728	0.01585	0.04133	0.01242	0.00752	0.00696	0.00216	0.00921	0.00669	0.00445	0.04521
4	0.06958	0.01468	0.01546	0.01377	0.01781	0.01665	0.01076	0.05925	0.54503	0.06771	0.02881	0.04826	0.04092	0.01000	0.00714	0.00239	0.00563	0.00824	0.00710	0.01080
5	0.02117	0.05941	0.04994	0.01776	0.02161	0.39546	0.07460	0.04840	0.01809	0.01919	0.01691	0.01945	0.06529	0.01202	0.06311	0.00280	0.07635	0.00621	0.00393	0.00829
6	0.01745	0.01674	0.02859	0.07203	0.67835	0.01687	0.02177	0.02170	0.01613	0.02305	0.01336	0.01768	0.01121	0.00638	0.00705	0.00213	0.00850	0.00634	0.00351	0.01114
7	0.68940	0.01378	0.01208	0.03873	0.04708	0.01569	0.00898	0.02167	0.01287	0.07056	0.01124	0.01287	0.00852	0.00675	0.00479	0.00221	0.00583	0.00426	0.00458	0.00814
8	0.01762	0.01692	0.02890	0.04371	0.70533	0.01692	0.02185	0.02185	0.01621	0.02326	0.01339	0.01762	0.01128	0.00634	0.00705	0.00211	0.00846	0.00634	0.00352	0.01128
9	0.01734	0.01663	0.02839	0.09060	0.66066	0.01684	0.02171	0.02160	0.01608	0.02292	0.01334	0.01772	0.01116	0.00640	0.00705	0.00213	0.00853	0.00634	0.00350	0.01105
10	0.01363	0.01290	0.02140	0.67304	0.04651	0.01632	0.01943	0.01811	0.01396	0.01811	0.01238	0.01870	0.00948	0.00757	0.00848	0.00244	0.07019	0.00632	0.00316	0.00790
11	0.00881	0.00646	0.00832	0.00974	0.01051	0.00597	0.00675	0.01026	0.01417	0.01852	0.04374	0.60908	0.13817	0.02155	0.00904	0.00285	0.00421	0.05939	0.00661	0.00586
12	0.01327	0.00664	0.00664	0.00664	0.00830	0.00664	0.00498	0.01659	0.01493	0.02655	0.02323	0.02655	0.01825	0.00830	0.00498	0.00166	0.00332	0.00664	0.78928	0.00664
13	0.00868	0.00620	0.00826	0.00991	0.01033	0.00578	0.00661	0.00991	0.01363	0.01818	0.03925	0.74510	0.04710	0.02231	0.00909	0.00289	0.00413	0.02024	0.00661	0.00578
14	0.00878	0.00722	0.00766	0.00775	0.00990	0.00620	0.00581	0.01069	0.01624	0.01983	0.11738	0.08766	0.57279	0.04677	0.00960	0.00263	0.00388	0.04657	0.00662	0.00602
15	0.01771	0.01530	0.01610	0.01449	0.01852	0.01771	0.01127	0.03784	0.69247	0.02979	0.02898	0.02657	0.02174	0.00966	0.00725	0.00242	0.00564	0.00805	0.00725	0.01127
16	0.02511	0.17715	0.02365	0.01703	0.02127	0.55449	0.01343	0.05346	0.01958	0.01840	0.01103	0.01273	0.00928	0.00714	0.00608	0.00178	0.01159	0.00450	0.00368	0.00859
17	0.06990	0.01220	0.01623	0.01251	0.01796	0.01074	0.01033	0.03402	0.01997	0.67675	0.02719	0.02361	0.01714	0.00870	0.00702	0.00220	0.00603	0.00700	0.00860	0.01190
18	0.04001	0.01003	0.01489	0.03972	0.01681	0.00990	0.08662	0.01742	0.04456	0.10566	0.15949	0.25459	0.08808	0.01487	0.00888	0.00255	0.03433	0.03748	0.00645	0.00767
19	0.01842	0.01400	0.01449	0.01245	0.01527	0.06397	0.00981	0.22245	0.04639	0.02904	0.01891	0.02310	0.01546	0.06536	0.06527	0.00313	0.08140	0.00678	0.26576	0.00855
20	0.01459	0.01261	0.01510	0.03272	0.01775	0.01013	0.00905	0.01768	0.01454	0.02264	0.01325	0.03542	0.01149	0.00613	0.00625	0.00124	0.03825	0.00482	0.00420	0.71214
21	0.01037	0.00874	0.00919	0.00899	0.01150	0.00836	0.00675	0.01585	0.15107	0.02167	0.08938	0.12118	0.47775	0.01659	0.00824	0.00244	0.00405	0.01401	0.00679	0.00707
22	0.01744	0.01673	0.02856	0.07468	0.67583	0.01687	0.02176	0.02169	0.01612	0.02304	0.01336	0.01768	0.01120	0.00638	0.00705	0.00213	0.00851	0.00634	0.00351	0.01113
23	0.04770	0.57995	0.12381	0.01315	0.01959	0.02490	0.01371	0.02173	0.01460	0.04537	0.01128	0.01291	0.00967	0.00775	0.02681	0.00197	0.00821	0.00425	0.00334	0.00930
24	0.01582	0.01328	0.01533	0.01104	0.01732	0.01057	0.00887	0.07457	0.01636	0.02505	0.01304	0.01496	0.01068	0.00555	0.00543	0.00115	0.00549	0.00441	0.00447	0.72661
25	0.01115	0.04219	0.01120	0.01001	0.01107	0.00917	0.00713	0.03718	0.01219	0.01667	0.02194	0.10546	0.02338	0.33021	0.31146	0.00793	0.01168	0.00977	0.00439	0.00581
26	0.01418	0.03490	0.66080	0.02044	0.04913	0.01609	0.02528	0.02211	0.01530	0.02285	0.04467	0.01687	0.01178	0.00711	0.00685	0.00225	0.01013	0.00565	0.00325	0.01037
27	0.77006	0.01465	0.03727	0.00978	0.01442	0.01600	0.00842	0.02099	0.01223	0.03159	0.01002	0.01170	0.00776	0.00662	0.00450	0.00221	0.00570	0.00391	0.00435	0.00782
28	0.01883	0.01585	0.01673	0.01472	0.01894	0.01823	0.01154	0.11464	0.61385	0.03159	0.02756	0.02544	0.02059	0.00953	0.00723	0.00238	0.00590	0.00785	0.00723	0.01137
29	0.01762	0.01692	0.02890	0.04371	0.70533	0.01692	0.02185	0.02185	0.01621	0.02326	0.01339	0.01762	0.01128	0.00634	0.00705	0.00211	0.00846	0.00634	0.00352	0.01128
30	0.03423	0.12245	0.58577	0.01945	0.02915	0.01800	0.05140	0.02237	0.01497	0.02209	0.01243	0.01469	0.00908	0.00665	0.00651	0.00217	0.01011	0.00518	0.00307	0.01025
31	0.05428	0.63544	0.11582	0.01301	0.01955	0.02624	0.01365	0.02145	0.01443	0.01813	0.01024	0.01186	0.00906	0.00620	0.00482	0.00164	0.00786	0.00398	0.00310	0.00924
32	0.01681	0.01921	0.04202	0.03001	0.03721	0.01801	0.67947	0.02281	0.01681	0.02281	0.01441	0.01921	0.01080	0.00600	0.00840	0.00240	0.01200	0.00840	0.00360	0.00960
33	0.01001	0.00728	0.00942	0.00889	0.01060	0.00669	0.00667	0.01331	0.02000	0.02818	0.67609	0.05381	0.09291	0.01470	0.00840	0.00225	0.00337	0.01296	0.00779	0.00669
34	0.05292	0.02067	0.03807	0.01613	0.04602	0.19662	0.01253	0.23335	0.10828	0.02900	0.02393	0.02559	0.09788	0.01136	0.03413	0.00252	0.00871	0.02699	0.00568	0.00963
35	0.01868	0.01476	0.01586	0.01410	0.01820	0.01670	0.01101	0.03668	0.61125	0.08986	0.03028	0.02770	0.04307	0.00985	0.00728	0.00240	0.00561	0.00819	0.00736	0.01118
36	0.00849	0.00718	0.00734	0.00738	0.00968	0.00603	0.00551	0.01033	0.01628	0.01956	0.09539	0.09353	0.65292	0.01806	0.00844	0.00242	0.00362	0.01514	0.00666	0.00603
37	0.03195	0.01212	0.01652	0.01267	0.01818	0.01047	0.01047	0.03470	0.02038	0.71026	0.02809	0.02424	0.01763	0.00881	0.00716	0.00220	0.00606	0.00716	0.00881	0.01212
38	0.04701	0.01919	0.20978	0.05082	0.06233	0.01389	0.06208	0.02381	0.12974	0.09710	0.06917	0.08406	0.02215	0.01031	0.00751	0.00242	0.00762	0.06603	0.00540	0.00958
39	0.01711	0.01870	0.03843	0.03049	0.11646	0.01826	0.53441	0.04109	0.01680	0.02310	0.01401	0.01870	0.01080	0.00657	0.00925	0.00241	0.06207	0.00795	0.00366	0.00975
40	0.01119	0.00799	0.01114	0.01278	0.01430	0.00795	0.01097	0.01425	0.01611	0.02099	0.03786	0.14898	0.04161	0.01994	0.00976	0.00324	0.00631	0.59160	0.00656	0.00648
41	0.02206	0.01433	0.01544	0.01316	0.01727	0.06270	0.01033	0.05774	0.27904	0.25419	0.09031	0.02937	0.04996	0.04084	0.00852	0.00246	0.00613	0.00826	0.00742	0.01046
42	0.02735	0.01445	0.04973	0.04834	0.04937	0.01290	0.03784	0.06472	0.09330	0.48624	0.02512	0.02302	0.01652	0.00851	0.00719	0.00224	0.00678	0.00711	0.00762	0.01163
43	0.01517	0.01828	0.10992	0.04840	0.02558	0.01860	0.19819	0.01880	0.01323	0.01927	0.01301	0.04568	0.01191	0.04428	0.01669	0.00295	0.36079	0.00743	0.00343	0.00839
44	0.74596	0.01385	0.01101	0.00969	0.01418	0.01588	0.00798	0.03827	0.01303	0.06277	0.01091	0.01228	0.00827	0.00676	0.00460	0.00220	0.00559	0.00407	0.00467	0.00802
45	0.01052	0.00781	0.01018	0.01127	0.01304	0.00746	0.00947	0.01336	0.01649	0.02118	0.09278	0.10637	0.20020	0.01904	0.00936	0.00298	0.00552	0.42990	0.00666	0.00640
46	0.05260	0.01586	0.02643	0.19038	0.53240	0.01664	0.02076	0.02102	0.01560	0.02257	0.01308	0.01764	0.01073	0.00652	0.00694	0.00217	0.00855	0.00623	0.00349	0.01039
47	0.01078	0.00778	0.01062	0.01215	0.01363	0.00763	0.01021	0.01360	0.01590	0.02062	0.04033	0.19533	0.08728	0.02002	0.00961	0.00315	0.00593	0.50247	0.00657	0.00638
48	0.01610	0.26751	0.43692	0.01962	0.08306	0.02034	0.02136	0.02209	0.01495	0.02073	0.01190	0.01408	0.00925	0.00651	0.00608	0.00201	0.00941	0.00488	0.00306	0.01014
49	0.02111	0.01518	0.01531	0.01261	0.01656	0.04822	0.01011	0.35170	0.07226	0.03553	0.02000	0.02118	0.01500	0.00847	0.00628	0.00196	0.00618	0.00653	0.30603	0.00978
50	0.00893	0.00723	0.00792	0.00775	0.00993	0.00623	0.00581	0.01121	0.01744	0.02210	0.26558	0.06381	0.50721	0.01697	0.00841	0.00235	0.00353	0.01437	0.00699	0.00623
51	0.00947	0.00725	0.00867	0.00831	0.01026	0.00646	0.00624	0.01225	0.01871	0.02512	0.46944	0.05885	0.30147	0.01584	0.00840	0.00230	0.00345	0.01367	0.00739	0.00646
52	0.01102	0.00760	0.00996	0.00964	0.01144	0.00717	0.00744	0.01405	0.01840	0.05312	0.46860	0.05429	0.10649	0.04174	0.06617	0.00326	0.00524	0.09043	0.00719	0.00676
53	0.01345	0.01266	0.02136	0.73264	0.04904	0.01582	0.01978	0.01819	0.01424	0.01819	0.01266	0.01898	0.00949	0.00712	0.00712	0.00237	0.00949	0.00633	0.00316	0.00791
54	0.43329	0.01551	0.07921	0.01212	0.01683	0.01490	0.01099	0.08066	0.04215	0.08348	0.01766	0.02551	0.01514	0.00928	0.00611	0.00239	0.00642	0.11436	0.00533	0.00866
55	0.08517	0.06955	0.05564	0.20348	0.22891	0.05740	0.04532	0.12657	0.01820	0.02535	0.01314	0.01661	0.01027	0.00695	0.00669	0.00215	0.00879	0.00590	0.00404	0.00984
56	0.01209	0.01041	0.01845	0.01564	0.01841	0.00965	0.19942	0.01486	0.01498	0.04220	0.06292	0.42682	0.03466	0.04617	0.00979	0.00280	0.00656	0.01513	0.00571	0.03333
57	0.07967	0.20258	0.02329	0.01451	0.01960	0.10716	0.01224	0.29331	0.08974	0.03131	0.04903	0.01748	0.01436	0.00805	0.00628	0.00198	0.00778	0.00584	0.00554	0.01023
58	0.33367	0.01418	0.04445	0.14908	0.02492	0.01466	0.13805	0.01900	0.01350	0.02442	0.01413	0.05240	0.01232	0.00952	0.00834	0.07445	0.00771	0.03348	0.00404	0.00765
59	0.05625	0.36739	0.27745	0.01529	0.02262	0.05034	0.01698	0.05201	0.01587	0.02136	0.03750	0.01463	0.01136	0.00684	0.00569	0.00189	0.00862	0.00483	0.00349	0.00958
60	0.05602	0.01324	0.04932	0.01248	0.01743	0.01153	0.01051	0.02932	0.13172	0.37647	0.07620	0.05449	0.04446	0.00971	0.00709	0.00218	0.00577	0.00802	0.00746	0.07659
61	0.02194	0.21978	0.02519	0.01754	0.04718	0.33667	0.01385	0.04308	0.04810	0.01876	0.01151	0.01388	0.00993	0.00800	0.00895	0.00202	0.13622	0.00494	0.00366	0.00877
62	0.01550	0.01856	0.13523	0.19615	0.26929	0.04207	0.04162	0.02102	0.04416	0.02207	0.04983	0.02497	0.01617	0.00832	0.00736	0.00232	0.00879	0.06305	0.00399	0.00955
63	0.06150	0.04581	0.06345	0.37336	0.08618	0.04941	0.01757	0.14706	0.04395	0.02506	0.01385	0.01758	0.01043	0.00735	0.00682	0.00224	0.00887	0.00603	0.00418	0.00930
64	0.01060	0.00780	0.00920	0.00878	0.01099	0.00708	0.00670	0.01400	0.04609	0.05038	0.37038	0.05819	0.31771	0.01573	0.00837	0.00235	0.00378	0.03773	0.00731	0.00682
65	0.01045	0.00782	0.01004	0.01098	0.01284	0.00741	0.00922	0.01332	0.01676	0.02151	0.12020	0.07399	0.23251	0.01864	0.00927	0.00292	0.00537	0.40363	0.00671	0.00642
66	0.01671	0.33299	0.31158	0.01725	0.05512	0.05010	0.01831	0.02147	0.01496	0.01959	0.01415	0.01605	0.04128	0.00723	0.00656	0.00197	0.03670	0.00517	0.00325	0.00957
67	0.01428	0.03683	0.71286	0.02030	0.03082	0.01654	0.02631	0.02255	0.01503	0.02255	0.01278	0.01503	0.00902	0.00677	0.00677	0.00226	0.01052	0.00526	0.00301	0.01052
68	0.02660	0.03394	0.02018	0.01834	0.02201	0.72116	0.01376	0.02843	0.02018	0.01743	0.01101	0.01284	0.00917	0.00734	0.00642	0.00183	0.01284	0.00459	0.00367	0.00825
69	0.01904	0.75404	0.03731	0.01218	0.01828	0.02818	0.01218	0.02132	0.01447	0.01675	0.00990	0.01142	0.00914	0.00609	0.00457	0.00152	0.00761	0.00381	0.00305	0.00914
70	0.01428	0.01333	0.01662	0.11689	0.05076	0.06835	0.01254	0.04105	0.01438	0.01916	0.05231	0.13440	0.04998	0.10328	0.01605	0.00320	0.22761	0.03404	0.00450	0.00727
71	0.00865	0.00629	0.00817	0.00968	0.01027	0.00580	0.00650	0.00994	0.01386	0.01827	0.04213	0.68585	0.10449	0.02193	0.00903	0.00285	0.00409	0.01979	0.00661	0.00580
72	0.00891	0.00636	0.00853	0.01018	0.01070	0.00599	0.00702	0.01032	0.01386	0.01844	0.03912	0.68954	0.04658	0.02209	0.00915	0.00292	0.00433	0.07350	0.00661	0.00585
73	0.04802	0.08433	0.02185	0.01779	0.04870	0.30972	0.01368	0.22600	0.06385	0.02714	0.01382	0.01521	0.01089	0.00805	0.00769	0.00205	0.06112	0.00546	0.00487	0.00976
74	0.00885	0.00686	0.00807	0.00856	0.01009	0.00607	0.00612	0.01077	0.01609	0.02078	0.19032	0.31214	0.33202	0.01887	0.00866	0.00255	0.00375	0.01649	0.00687	0.00607
75	0.01027	0.00692	0.00774	0.00774	0.00784	0.00687	0.00436	0.01035	0.01060	0.01403	0.02451	0.04751	0.05412	0.71921	0.03508	0.00672	0.00677	0.01055	0.00441	0.00439
76	0.02578	0.01873	0.02033	0.01561	0.02128	0.02024	0.01284	0.56436	0.06085	0.07279	0.01774	0.01764	0.01266	0.00832	0.00697	0.00206	0.00743	0.00633	0.00695	0.08108
77	0.02002	0.02220	0.07494	0.03102	0.34522	0.16316	0.07852	0.08330	0.06761	0.02436	0.01441	0.01720	0.01147	0.00699	0.00704	0.00212	0.00957	0.00622	0.00412	0.01052
78	0.01789	0.02044	0.08487	0.13523	0.39500	0.12916	0.03945	0.02217	0.01649	0.02144	0.01390	0.01949	0.01172	0.00720	0.00709	0.00218	0.00951	0.03320	0.00358	0.01000
79	0.02262	0.01649	0.01795	0.01491	0.01969	0.01832	0.01194	0.25676	0.38653	0.11739	0.02482	0.02306	0.01796	0.00918	0.00719	0.00229	0.00644	0.00738	0.00739	0.01166
80	0.02033	0.01543	0.01644	0.01434	0.04310	0.04488	0.01096	0.34748	0.05159	0.03324	0.02502	0.04651	0.09793	0.01082	0.00840	0.03769	0.02882	0.00787	0.12960	0.00956

[dist]
# distance from previous block
# <min> <max>
0	2

[block]
# block no. 3 follows, 29 sequences, length 84
# corresponding to MSA columns:
# 416-499
name=unknown_D
#
# <colnr> <probs for GDERKNQSTAVLIFYWHMCP>
#	G	D	E	R	K	N	Q	S	T	A	V	L	I	F	Y	W	H	M	C	P
0	0.01467	0.01129	0.01373	0.01433	0.06759	0.01192	0.00999	0.02420	0.28639	0.06632	0.14249	0.19346	0.06526	0.01368	0.00796	0.00248	0.00511	0.03320	0.00696	0.00896
1	0.00973	0.00705	0.00918	0.00911	0.01054	0.00650	0.00666	0.01259	0.01865	0.02606	0.54157	0.20152	0.08151	0.01632	0.00855	0.00238	0.00353	0.01451	0.00754	0.00650
2	0.01222	0.01072	0.01354	0.01289	0.01402	0.05938	0.01004	0.01437	0.01187	0.01650	0.01711	0.02614	0.01634	0.09185	0.50667	0.00906	0.13958	0.00738	0.00372	0.00659
3	0.00993	0.00716	0.00939	0.00906	0.01061	0.00662	0.00671	0.01307	0.01947	0.02746	0.63192	0.12596	0.06507	0.01537	0.00847	0.00231	0.00344	0.01365	0.00771	0.00662
4	0.01504	0.15104	0.60528	0.01900	0.02882	0.01839	0.02406	0.02235	0.01494	0.02163	0.01232	0.01446	0.00904	0.00666	0.00642	0.00214	0.01006	0.00503	0.00301	0.01030
5	0.02500	0.04642	0.02073	0.01624	0.02129	0.14550	0.01311	0.42565	0.15099	0.03630	0.01795	0.01788	0.01325	0.00845	0.00693	0.00211	0.00831	0.00630	0.00639	0.01117
6	0.01708	0.01374	0.01577	0.01157	0.01769	0.01157	0.00931	0.10983	0.04486	0.04712	0.01439	0.01585	0.01143	0.00600	0.00566	0.00129	0.00566	0.00476	0.00488	0.63155
7	0.01518	0.01292	0.01379	0.01285	0.01615	0.01445	0.00982	0.03016	0.50514	0.02672	0.03639	0.13118	0.11985	0.01256	0.00766	0.00248	0.00515	0.01070	0.00707	0.00979
8	0.02707	0.01995	0.02137	0.01638	0.02208	0.02208	0.01353	0.68159	0.03348	0.04488	0.01710	0.01710	0.01211	0.00855	0.00712	0.00214	0.00784	0.00641	0.00712	0.01211
9	0.00868	0.00620	0.00826	0.00991	0.01033	0.00578	0.00661	0.00991	0.01363	0.01818	0.03925	0.74510	0.04710	0.02231	0.00909	0.00289	0.00413	0.02024	0.00661	0.00578
10	0.00910	0.00656	0.00872	0.03880	0.01154	0.00634	0.00682	0.01031	0.01320	0.01757	0.03584	0.61868	0.04263	0.12282	0.01278	0.00343	0.00473	0.01831	0.00615	0.00567
11	0.80005	0.01377	0.01047	0.00936	0.01377	0.01597	0.00771	0.02093	0.01212	0.03195	0.00991	0.01157	0.00771	0.00661	0.00441	0.00220	0.00551	0.00386	0.00441	0.00771
12	0.03128	0.01319	0.01719	0.01318	0.01871	0.01206	0.01089	0.12363	0.02218	0.61879	0.02658	0.02325	0.01687	0.00878	0.00716	0.00219	0.00630	0.00706	0.00858	0.01212
13	0.00886	0.00649	0.00876	0.03901	0.01187	0.00620	0.00710	0.01026	0.01374	0.01821	0.03926	0.69336	0.06730	0.02155	0.00899	0.00285	0.00433	0.01951	0.00647	0.00588
14	0.01522	0.01456	0.02500	0.43523	0.31221	0.01633	0.04013	0.01980	0.01511	0.02037	0.01300	0.01844	0.01025	0.00678	0.00713	0.00227	0.00915	0.00640	0.00332	0.00931
15	0.01771	0.01530	0.01610	0.01449	0.01852	0.01771	0.01127	0.03784	0.69247	0.02979	0.02898	0.02657	0.02174	0.00966	0.00725	0.00242	0.00564	0.00805	0.00725	0.01127
16	0.01345	0.01266	0.02136	0.73264	0.04904	0.01582	0.01978	0.01819	0.01424	0.01819	0.01266	0.01898	0.00949	0.00712	0.00712	0.00237	0.00949	0.00633	0.00316	0.00791
17	0.02259	0.05525	0.02207	0.17883	0.09141	0.39798	0.01576	0.09357	0.01965	0.02098	0.01219	0.01504	0.00974	0.00727	0.00663	0.00200	0.01096	0.00530	0.00388	0.00890
18	0.00884	0.00719	0.00783	0.00775	0.00990	0.00618	0.00578	0.01101	0.01712	0.02153	0.22869	0.08835	0.52036	0.01731	0.00843	0.00238	0.00356	0.01467	0.00692	0.00618
19	0.02581	0.01601	0.01823	0.01459	0.01966	0.01695	0.01184	0.31504	0.17607	0.24456	0.02393	0.04772	0.01722	0.00938	0.00723	0.00225	0.00667	0.00751	0.00765	0.01170
20	0.01413	0.01198	0.01408	0.01048	0.01619	0.00910	0.00825	0.01709	0.01465	0.02267	0.01545	0.09157	0.01439	0.00706	0.00567	0.00125	0.00515	0.00590	0.00447	0.71046
21	0.01002	0.00728	0.00943	0.00889	0.01060	0.00669	0.00667	0.01332	0.02001	0.02821	0.67821	0.05376	0.09077	0.01469	0.00840	0.00225	0.00337	0.01296	0.00779	0.00669
22	0.01771	0.01530	0.01610	0.01449	0.01852	0.01771	0.01127	0.03784	0.69247	0.02979	0.02898	0.02657	0.02174	0.00966	0.00725	0.00242	0.00564	0.00805	0.00725	0.01127
23	0.00957	0.00781	0.00854	0.00853	0.01069	0.00715	0.00632	0.01320	0.07722	0.02161	0.16999	0.15518	0.44404	0.01728	0.00840	0.00244	0.00382	0.01476	0.00688	0.00657
24	0.01031	0.00710	0.00874	0.00874	0.00908	0.00743	0.00553	0.01098	0.01064	0.01453	0.02154	0.04166	0.02374	0.56500	0.21806	0.00811	0.01013	0.00963	0.00418	0.00486
25	0.01345	0.01266	0.02136	0.73264	0.04904	0.01582	0.01978	0.01819	0.01424	0.01819	0.01266	0.01898	0.00949	0.00712	0.00712	0.00237	0.00949	0.00633	0.00316	0.00791
26	0.80005	0.01377	0.01047	0.00936	0.01377	0.01597	0.00771	0.02093	0.01212	0.03195	0.00991	0.01157	0.00771	0.00661	0.00441	0.00220	0.00551	0.00386	0.00441	0.00771
27	0.01866	0.68710	0.06813	0.01286	0.01888	0.02734	0.01300	0.02119	0.01433	0.01704	0.01001	0.01178	0.00914	0.00641	0.00552	0.00163	0.04079	0.00399	0.00305	0.00914
28	0.00891	0.00629	0.00819	0.00962	0.00998	0.00594	0.00630	0.00998	0.01318	0.01758	0.03695	0.64958	0.04420	0.12179	0.01280	0.00344	0.00451	0.01889	0.00630	0.00558
29	0.01428	0.03683	0.71286	0.02030	0.03082	0.01654	0.02631	0.02255	0.01503	0.02255	0.01278	0.01503	0.00902	0.00677	0.00677	0.00226	0.01052	0.00526	0.00301	0.01052
30	0.00868	0.00682	0.00778	0.00838	0.00989	0.00600	0.00591	0.01031	0.01528	0.01922	0.09672	0.32651	0.38877	0.04423	0.00961	0.00273	0.00390	0.01674	0.00661	0.00591
31	0.04591	0.02194	0.02068	0.01646	0.02172	0.13890	0.01333	0.52894	0.05803	0.03933	0.01639	0.01664	0.01191	0.00834	0.00694	0.00210	0.00853	0.00611	0.00648	0.01132
32	0.02029	0.01536	0.04606	0.01359	0.01982	0.01303	0.04731	0.14890	0.03616	0.14773	0.01671	0.01741	0.01231	0.00673	0.00624	0.00162	0.00649	0.00552	0.00557	0.41315
33	0.01707	0.06908	0.07803	0.07630	0.28385	0.01795	0.12553	0.04709	0.10888	0.02391	0.03811	0.01964	0.01399	0.00744	0.00789	0.00224	0.04162	0.00687	0.00420	0.01030
34	0.01003	0.00715	0.00951	0.01089	0.01204	0.00686	0.00847	0.01231	0.01528	0.02030	0.07104	0.37265	0.08597	0.02011	0.00918	0.00295	0.00503	0.28002	0.03402	0.00619
35	0.01847	0.01709	0.02785	0.06448	0.61095	0.01742	0.02091	0.09111	0.01796	0.02536	0.01376	0.01761	0.01131	0.00660	0.00706	0.00213	0.00843	0.00635	0.00389	0.01125
36	0.00849	0.00722	0.00732	0.00729	0.00967	0.00604	0.00547	0.01037	0.01641	0.01967	0.10151	0.06781	0.67280	0.01787	0.00841	0.00240	0.00360	0.01493	0.00667	0.00604
37	0.01708	0.01629	0.02772	0.06252	0.65348	0.01637	0.02108	0.02119	0.01603	0.02288	0.01458	0.05161	0.01290	0.00711	0.00715	0.00216	0.00829	0.00699	0.00366	0.01092
38	0.01008	0.00728	0.00952	0.00896	0.01064	0.00672	0.00672	0.01344	0.02016	0.02855	0.70158	0.05319	0.06719	0.01456	0.00840	0.00224	0.00336	0.01288	0.00784	0.00672
39	0.01224	0.00646	0.00958	0.00981	0.01004	0.00646	0.00692	0.01004	0.01027	0.01361	0.01589	0.02980	0.01635	0.02403	0.02533	0.68307	0.00624	0.09671	0.00357	0.00357
40	0.01008	0.00728	0.00952	0.00896	0.01064	0.00672	0.00672	0.01344	0.02016	0.02855	0.70158	0.05319	0.06719	0.01456	0.00840	0.00224	0.00336	0.01288	0.00784	0.00672
41	0.01017	0.00763	0.01144	0.01144	0.01272	0.00890	0.00890	0.01272	0.01144	0.01653	0.01907	0.02797	0.01780	0.05340	0.72153	0.01144	0.01907	0.00763	0.00381	0.00636
42	0.01762	0.01692	0.02890	0.04371	0.70533	0.01692	0.02185	0.02185	0.01621	0.02326	0.01339	0.01762	0.01128	0.00634	0.00705	0.00211	0.00846	0.00634	0.00352	0.01128
43	0.01746	0.01675	0.02861	0.07073	0.67959	0.01688	0.02177	0.02171	0.01614	0.02306	0.01337	0.01768	0.01121	0.00637	0.00705	0.00212	0.00850	0.00634	0.00351	0.01115
44	0.01666	0.01419	0.01520	0.01373	0.01743	0.01620	0.01065	0.03448	0.60005	0.02962	0.12144	0.03023	0.02798	0.01033	0.00740	0.00239	0.00532	0.00871	0.00733	0.01065
45	0.05842	0.01744	0.02203	0.01668	0.02246	0.01814	0.09129	0.39775	0.02701	0.22603	0.01953	0.01910	0.01331	0.00824	0.00718	0.00219	0.00774	0.00675	0.00706	0.01164
46	0.01428	0.03683	0.71286	0.02030	0.03082	0.01654	0.02631	0.02255	0.01503	0.02255	0.01278	0.01503	0.00902	0.00677	0.00677	0.00226	0.01052	0.00526	0.00301	0.01052
47	0.01448	0.06656	0.68486	0.01996	0.03030	0.01702	0.02572	0.02250	0.01501	0.02231	0.01266	0.01488	0.00903	0.00674	0.00667	0.00222	0.01040	0.00520	0.00301	0.01047
48	0.01649	0.01576	0.02685	0.23134	0.52659	0.01662	0.02129	0.02086	0.01568	0.02188	0.01319	0.01799	0.01079	0.00656	0.00707	0.00219	0.00874	0.00634	0.00343	0.01036
49	0.01012	0.00681	0.00783	0.00806	0.00812	0.00675	0.00463	0.01029	0.01081	0.01441	0.02475	0.14262	0.02880	0.64975	0.03251	0.00635	0.00652	0.01171	0.00463	0.00452
50	0.01477	0.01266	0.01477	0.01055	0.01687	0.00949	0.00844	0.01793	0.01477	0.02320	0.01266	0.01477	0.01055	0.00527	0.00527	0.00105	0.00527	0.00422	0.00422	0.79328
51	0.01790	0.01526	0.01607	0.01433	0.01839	0.01753	0.01118	0.07268	0.63133	0.03025	0.02988	0.02756	0.04581	0.00990	0.00728	0.00240	0.00568	0.00821	0.00722	0.01113
52	0.00868	0.00620	0.00826	0.00991	0.01033	0.00578	0.00661	0.00991	0.01363	0.01818	0.03925	0.74510	0.04710	0.02231	0.00909	0.00289	0.00413	0.02024	0.00661	0.00578
53	0.01762	0.01692	0.02890	0.04371	0.70533	0.01692	0.02185	0.02185	0.01621	0.02326	0.01339	0.01762	0.01128	0.00634	0.00705	0.00211	0.00846	0.00634	0.00352	0.01128
54	0.01661	0.01566	0.02671	0.06186	0.56572	0.01572	0.04293	0.02079	0.01619	0.02281	0.01675	0.02634	0.01529	0.00819	0.00748	0.00229	0.00835	0.09592	0.00393	0.01046
55	0.01026	0.00776	0.01170	0.03023	0.01366	0.00908	0.00918	0.01286	0.01152	0.01657	0.01891	0.02774	0.01759	0.05220	0.70292	0.01121	0.01882	0.00760	0.00380	0.00640
56	0.02660	0.01971	0.02110	0.01629	0.02190	0.02186	0.01342	0.64914	0.06670	0.04412	0.01769	0.01757	0.01259	0.00860	0.00713	0.00215	0.00772	0.00649	0.00713	0.01207
