[name]
unknown

[dist]
# distance from previous block
# <min> <max>
0	201

[block]
# block no. 0 follows, 29 sequences, length 10
# corresponding to MSA columns:
# 201-210
name=unknown_A
#
# <colnr> <probs for GDERKNQSTAVLIFYWHMCP>
#	G	D	E	R	K	N	Q	S	T	A	V	L	I	F	Y	W	H	M	C	P
0	0.02130	0.01314	0.01513	0.01257	0.01684	0.01318	0.01031	0.25979	0.02351	0.19799	0.03731	0.04047	0.20576	0.01254	0.00781	0.00236	0.00609	0.08678	0.00733	0.00978
1	0.02088	0.01753	0.03027	0.04757	0.05291	0.01742	0.33421	0.20354	0.02151	0.11063	0.01808	0.05986	0.01398	0.00800	0.00785	0.00232	0.00950	0.00823	0.00534	0.01038
2	0.01036	0.00690	0.00777	0.00777	0.00777	0.00690	0.00431	0.01036	0.01036	0.01381	0.02244	0.04660	0.02589	0.74975	0.03624	0.00690	0.00690	0.01036	0.00431	0.00431
3	0.01237	0.00618	0.00928	0.00928	0.00928	0.00618	0.00618	0.00928	0.00928	0.01237	0.01237	0.02165	0.01237	0.02474	0.02783	0.79283	0.00618	0.00618	0.00309	0.00309
4	0.01684	0.01632	0.02655	0.07426	0.48187	0.01820	0.02002	0.02036	0.01465	0.02131	0.01225	0.01714	0.01065	0.00806	0.01152	0.00240	0.20774	0.00631	0.00339	0.01014
5	0.01593	0.21547	0.02093	0.01099	0.01726	0.01460	0.00946	0.01886	0.01468	0.02144	0.01190	0.01385	0.01016	0.00550	0.00508	0.00118	0.00591	0.00411	0.00390	0.57877
6	0.58846	0.01929	0.01312	0.01182	0.01603	0.20889	0.00937	0.02298	0.01432	0.02798	0.01021	0.01192	0.00811	0.00681	0.00496	0.00210	0.00751	0.00406	0.00420	0.00786
7	0.01900	0.01263	0.01464	0.01291	0.01617	0.01375	0.00990	0.07113	0.36187	0.12840	0.02354	0.02426	0.01793	0.01359	0.01286	0.21859	0.00599	0.00730	0.00634	0.00922
8	0.01365	0.02719	0.48456	0.01707	0.02457	0.01329	0.02011	0.01971	0.01492	0.05646	0.02080	0.21522	0.01988	0.01112	0.00742	0.00243	0.00855	0.00946	0.00429	0.00931
9	0.23113	0.01551	0.02288	0.12338	0.43130	0.01652	0.01772	0.02113	0.01484	0.02498	0.01235	0.01614	0.01007	0.00652	0.00634	0.00217	0.00779	0.00566	0.00372	0.00987

[dist]
# distance from previous block
# <min> <max>
1	5

[block]
# block no. 1 follows, 29 sequences, length 8
# corresponding to MSA columns:
# 216-223
name=unknown_B
#
# <colnr> <probs for GDERKNQSTAVLIFYWHMCP>
#	G	D	E	R	K	N	Q	S	T	A	V	L	I	F	Y	W	H	M	C	P
0	0.01573	0.19406	0.02627	0.44876	0.03818	0.01901	0.05857	0.05125	0.01541	0.01963	0.01231	0.01689	0.00966	0.00679	0.00650	0.00210	0.00894	0.00576	0.00340	0.04078
1	0.00911	0.00652	0.00821	0.00919	0.00982	0.00611	0.00609	0.01038	0.01390	0.01851	0.10666	0.48679	0.09955	0.15790	0.01407	0.00354	0.00453	0.01720	0.00630	0.00562
2	0.01020	0.01030	0.08960	0.01015	0.01214	0.00762	0.00831	0.01269	0.01532	0.02120	0.25943	0.22784	0.07052	0.19495	0.01518	0.00355	0.00526	0.01339	0.00606	0.00630
3	0.01663	0.36739	0.22587	0.01412	0.02154	0.02028	0.01533	0.02085	0.01470	0.01999	0.01140	0.01327	0.00945	0.00609	0.00537	0.00162	0.00788	0.00433	0.00332	0.20059
4	0.01904	0.75404	0.03731	0.01218	0.01828	0.02818	0.01218	0.02132	0.01447	0.01675	0.00990	0.01142	0.00914	0.00609	0.00457	0.00152	0.00761	0.00381	0.00305	0.00914
5	0.12360	0.02612	0.44225	0.01623	0.02342	0.01384	0.01889	0.01924	0.01428	0.02281	0.01882	0.19243	0.01811	0.01053	0.00700	0.00240	0.00826	0.00871	0.00408	0.00897
6	0.01497	0.08777	0.49163	0.01927	0.02688	0.01873	0.02259	0.02114	0.01398	0.02078	0.01172	0.01488	0.00911	0.00810	0.01064	0.00241	0.18723	0.00538	0.00304	0.00975
7	0.61160	0.01868	0.01283	0.01155	0.01578	0.18779	0.00918	0.02276	0.01408	0.02841	0.01018	0.01188	0.00807	0.00679	0.00490	0.00211	0.00729	0.00403	0.00423	0.00784

[dist]
# distance from previous block
# <min> <max>
13	28

[block]
# block no. 2 follows, 29 sequences, length 11
# corresponding to MSA columns:
# 253-263
name=unknown_C
#
# <colnr> <probs for GDERKNQSTAVLIFYWHMCP>
#	G	D	E	R	K	N	Q	S	T	A	V	L	I	F	Y	W	H	M	C	P
0	0.01552	0.01609	0.03059	0.02216	0.02856	0.01431	0.41030	0.02024	0.01590	0.02258	0.01574	0.07327	0.01350	0.00701	0.00744	0.00200	0.00922	0.00795	0.00403	0.26358
1	0.01345	0.01266	0.02136	0.73264	0.04904	0.01582	0.01978	0.01819	0.01424	0.01819	0.01266	0.01898	0.00949	0.00712	0.00712	0.00237	0.00949	0.00633	0.00316	0.00791
2	0.01533	0.01647	0.03372	0.25703	0.03978	0.01672	0.43362	0.02070	0.01582	0.02109	0.01501	0.05346	0.01209	0.00714	0.00802	0.00242	0.01082	0.00829	0.00360	0.00887
3	0.01787	0.01502	0.02136	0.50025	0.04030	0.01785	0.01775	0.23343	0.02048	0.02685	0.01410	0.01837	0.01034	0.00758	0.00712	0.00230	0.00895	0.00635	0.00445	0.00927
4	0.00868	0.00620	0.00826	0.00991	0.01033	0.00578	0.00661	0.00991	0.01363	0.01818	0.03925	0.74510	0.04710	0.02231	0.00909	0.00289	0.00413	0.02024	0.00661	0.00578
5	0.01861	0.01956	0.01652	0.01308	0.01854	0.24040	0.01016	0.02134	0.01652	0.02133	0.01212	0.01414	0.01010	0.00594	0.00565	0.00131	0.00773	0.00434	0.00404	0.53858
6	0.01466	0.24994	0.01907	0.01029	0.01369	0.01397	0.00878	0.01762	0.01833	0.07685	0.42566	0.03742	0.04456	0.01137	0.00706	0.00200	0.00495	0.00950	0.00636	0.00792
7	0.01090	0.00709	0.01038	0.01038	0.01112	0.00782	0.00757	0.01137	0.01063	0.01491	0.01723	0.02774	0.01683	0.11211	0.42953	0.26452	0.01370	0.00743	0.00363	0.00510
8	0.01654	0.02338	0.25081	0.03611	0.48649	0.01679	0.02330	0.02208	0.01583	0.02303	0.01319	0.01678	0.01055	0.00648	0.00696	0.00216	0.00913	0.00599	0.00336	0.01103
9	0.00976	0.00773	0.01054	0.04417	0.01343	0.00829	0.00828	0.01216	0.01313	0.01749	0.03599	0.04071	0.23954	0.03974	0.45638	0.00808	0.01360	0.00997	0.00469	0.00632
10	0.01560	0.25354	0.02715	0.44310	0.09221	0.01992	0.01748	0.01950	0.01447	0.01814	0.01182	0.01642	0.00952	0.00672	0.00629	0.00208	0.00880	0.00551	0.00315	0.00858

[dist]
# distance from previous block
# <min> <max>
0	7

[block]
# block no. 3 follows, 29 sequences, length 11
# corresponding to MSA columns:
# 271-281
name=unknown_D
#
# <colnr> <probs for GDERKNQSTAVLIFYWHMCP>
#	G	D	E	R	K	N	Q	S	T	A	V	L	I	F	Y	W	H	M	C	P
0	0.01831	0.05723	0.01936	0.01590	0.01898	0.07621	0.01279	0.05752	0.38792	0.02526	0.02064	0.02124	0.01626	0.01000	0.01143	0.00250	0.20588	0.00698	0.00560	0.01000
1	0.02129	0.03617	0.09024	0.01292	0.01737	0.01149	0.01129	0.10061	0.01930	0.30346	0.07188	0.22060	0.02709	0.01254	0.00764	0.00237	0.00609	0.01071	0.00715	0.00977
2	0.01010	0.01528	0.19976	0.01081	0.01532	0.00892	0.01106	0.01359	0.01564	0.01990	0.05370	0.05294	0.48273	0.04797	0.00922	0.00257	0.00564	0.01215	0.00552	0.00717
3	0.00868	0.00620	0.00826	0.00991	0.01033	0.00578	0.00661	0.00991	0.01363	0.01818	0.03925	0.74510	0.04710	0.02231	0.00909	0.00289	0.00413	0.02024	0.00661	0.00578
4	0.01023	0.00739	0.01024	0.01024	0.01110	0.00825	0.00740	0.01194	0.01109	0.01564	0.02017	0.03407	0.02045	0.28125	0.49731	0.00996	0.01509	0.00852	0.00398	0.00569
5	0.01333	0.01157	0.01921	0.01625	0.01922	0.01128	0.19111	0.10238	0.01713	0.02298	0.02954	0.45064	0.03256	0.01604	0.00864	0.00266	0.00677	0.01518	0.00586	0.00766
6	0.22561	0.00905	0.00978	0.00907	0.01149	0.00924	0.00699	0.01548	0.01796	0.02948	0.51287	0.04183	0.05096	0.01239	0.00731	0.00223	0.00395	0.01042	0.00690	0.00699
7	0.01522	0.03096	0.52276	0.01871	0.02746	0.01686	0.02221	0.02672	0.19986	0.02452	0.01720	0.01818	0.01249	0.00756	0.00690	0.00230	0.00919	0.00602	0.00416	0.01073
8	0.01972	0.01811	0.01712	0.01516	0.01930	0.10782	0.01180	0.09705	0.54489	0.02963	0.02557	0.02393	0.01923	0.00926	0.00713	0.00232	0.00676	0.00745	0.00678	0.01096
9	0.01845	0.02040	0.02134	0.06550	0.02159	0.21222	0.01536	0.02029	0.01365	0.01729	0.01002	0.01506	0.00931	0.01071	0.01768	0.00272	0.49145	0.00579	0.00327	0.00792
10	0.02772	0.01354	0.01675	0.01343	0.01855	0.01327	0.01090	0.08143	0.20468	0.47743	0.02756	0.02437	0.01836	0.00903	0.00718	0.00226	0.00607	0.00735	0.00827	0.01189

[dist]
# distance from previous block
# <min> <max>
0	19

[block]
# block no. 4 follows, 29 sequences, length 13
# corresponding to MSA columns:
# 301-313
name=unknown_E
#
# <colnr> <probs for GDERKNQSTAVLIFYWHMCP>
#	G	D	E	R	K	N	Q	S	T	A	V	L	I	F	Y	W	H	M	C	P
0	0.01478	0.01232	0.01429	0.01331	0.01626	0.01429	0.01035	0.02807	0.42772	0.02463	0.02513	0.02711	0.02021	0.02667	0.28492	0.00593	0.01086	0.00789	0.00591	0.00936
1	0.01867	0.01577	0.01664	0.01469	0.01888	0.01816	0.01150	0.10400	0.62474	0.03134	0.02776	0.02559	0.02075	0.00955	0.00723	0.00239	0.00586	0.00788	0.00723	0.01136
2	0.00919	0.00724	0.00828	0.00802	0.01009	0.00634	0.00602	0.01171	0.01805	0.02356	0.36429	0.06141	0.40758	0.01642	0.00841	0.00233	0.00349	0.01403	0.00718	0.00634
3	0.00876	0.00683	0.00796	0.00852	0.01004	0.00603	0.00607	0.01057	0.01579	0.02017	0.15051	0.32932	0.35568	0.01919	0.00867	0.00257	0.00377	0.01674	0.00679	0.00603
4	0.01668	0.01220	0.01413	0.01184	0.01509	0.01269	0.00937	0.27318	0.02534	0.03490	0.43549	0.03916	0.04578	0.01222	0.00790	0.00220	0.00510	0.01036	0.00756	0.00881
5	0.80005	0.01377	0.01047	0.00936	0.01377	0.01597	0.00771	0.02093	0.01212	0.03195	0.00991	0.01157	0.00771	0.00661	0.00441	0.00220	0.00551	0.00386	0.00441	0.00771
6	0.01907	0.03571	0.44358	0.01954	0.02740	0.29046	0.02143	0.02484	0.01703	0.02056	0.01209	0.01418	0.00908	0.00699	0.00663	0.00209	0.01142	0.00500	0.00326	0.00964
7	0.02117	0.02254	0.01769	0.01599	0.01988	0.29118	0.01224	0.03418	0.43112	0.02498	0.02199	0.02123	0.01685	0.00876	0.00692	0.00219	0.00844	0.00670	0.00586	0.01010
8	0.49557	0.01588	0.02273	0.01739	0.02288	0.01676	0.26886	0.02166	0.01394	0.02840	0.01166	0.01454	0.00891	0.00637	0.00596	0.00228	0.00803	0.00562	0.00409	0.00845
9	0.32756	0.01754	0.01713	0.01365	0.01885	0.01971	0.01127	0.42476	0.02518	0.03985	0.01430	0.01495	0.01040	0.00779	0.00607	0.00216	0.00693	0.00542	0.00607	0.01040
10	0.49643	0.30155	0.02090	0.01046	0.01552	0.02072	0.00945	0.02108	0.01303	0.02604	0.00991	0.01151	0.00827	0.00641	0.00447	0.00194	0.00633	0.00384	0.00388	0.00827
11	0.02111	0.02353	0.02551	0.03385	0.43969	0.29069	0.01871	0.02441	0.01776	0.02099	0.01247	0.01576	0.01046	0.00673	0.00680	0.00201	0.01016	0.00566	0.00358	0.01010
12	0.02117	0.02254	0.01769	0.01599	0.01988	0.29118	0.01224	0.03418	0.43112	0.02498	0.02199	0.02123	0.01685	0.00876	0.00692	0.00219	0.00844	0.00670	0.00586	0.01010

[dist]
# distance from previous block
# <min> <max>
0	26

[block]
# block no. 5 follows, 29 sequences, length 30
# corresponding to MSA columns:
# 340-369
name=unknown_F
#
# <colnr> <probs for GDERKNQSTAVLIFYWHMCP>
#	G	D	E	R	K	N	Q	S	T	A	V	L	I	F	Y	W	H	M	C	P
0	0.01597	0.01189	0.01238	0.01140	0.01450	0.01336	0.00880	0.02949	0.42624	0.02851	0.02672	0.02656	0.02037	0.00912	0.00635	0.00212	0.00472	0.00750	0.31453	0.00945
1	0.01361	0.01410	0.02875	0.02212	0.02665	0.01320	0.41508	0.01774	0.01556	0.02099	0.02417	0.30444	0.02506	0.01241	0.00867	0.00259	0.00891	0.01306	0.00478	0.00810
2	0.01207	0.01039	0.01071	0.01007	0.01311	0.01061	0.00771	0.02107	0.28195	0.02338	0.05518	0.05204	0.43497	0.01474	0.00796	0.00241	0.00440	0.01229	0.00686	0.00808
3	0.01509	0.01380	0.01753	0.01375	0.01759	0.01433	0.01124	0.01762	0.01325	0.02082	0.01136	0.01509	0.01008	0.00810	0.01238	0.00186	0.29268	0.00501	0.00379	0.48464
4	0.01571	0.02594	0.30500	0.04712	0.03505	0.01736	0.40318	0.02257	0.01603	0.02257	0.01371	0.01756	0.01006	0.00634	0.00772	0.00234	0.01135	0.00711	0.00335	0.00991
5	0.01664	0.01793	0.01470	0.01398	0.01613	0.28868	0.01059	0.01878	0.01482	0.01675	0.01607	0.02293	0.01480	0.06889	0.40749	0.00745	0.01604	0.00656	0.00378	0.00700
6	0.00868	0.00620	0.00826	0.00991	0.01033	0.00578	0.00661	0.00991	0.01363	0.01818	0.03925	0.74510	0.04710	0.02231	0.00909	0.00289	0.00413	0.02024	0.00661	0.00578
7	0.01508	0.01364	0.02063	0.02889	0.37309	0.03948	0.01664	0.01872	0.01643	0.02207	0.02582	0.04465	0.05778	0.01221	0.00819	0.00258	0.00763	0.26254	0.00488	0.00904
8	0.01560	0.02901	0.44411	0.02949	0.29586	0.01669	0.02456	0.02228	0.01550	0.02283	0.01302	0.01605	0.00991	0.00660	0.00688	0.00220	0.00971	0.00569	0.00321	0.01082
9	0.02468	0.01233	0.01842	0.29557	0.03031	0.01257	0.01412	0.02822	0.01797	0.43833	0.02203	0.02217	0.01443	0.00815	0.00714	0.00227	0.00741	0.00683	0.00659	0.01046
10	0.80005	0.01377	0.01047	0.00936	0.01377	0.01597	0.00771	0.02093	0.01212	0.03195	0.00991	0.01157	0.00771	0.00661	0.00441	0.00220	0.00551	0.00386	0.00441	0.00771
11	0.01158	0.00647	0.00868	0.00868	0.00868	0.00647	0.00545	0.00970	0.00970	0.01293	0.01632	0.03145	0.01768	0.30962	0.03114	0.48401	0.00647	0.00782	0.00357	0.00357
12	0.02581	0.01520	0.02672	0.01962	0.02580	0.01387	0.27345	0.05441	0.01947	0.41506	0.02230	0.02199	0.01474	0.00770	0.00765	0.00228	0.00846	0.00762	0.00670	0.01113
13	0.01479	0.22583	0.17634	0.01322	0.01798	0.01521	0.01303	0.01851	0.03223	0.06884	0.02388	0.30184	0.02496	0.01290	0.00710	0.00230	0.00674	0.01094	0.00496	0.00840
14	0.49632	0.01620	0.01475	0.01212	0.01704	0.01837	0.01000	0.28052	0.02051	0.03703	0.01274	0.01374	0.00944	0.00737	0.00547	0.00218	0.00642	0.00486	0.00547	0.00944
15	0.49632	0.01620	0.01475	0.01212	0.01704	0.01837	0.01000	0.28052	0.02051	0.03703	0.01274	0.01374	0.00944	0.00737	0.00547	0.00218	0.00642	0.00486	0.00547	0.00944
16	0.01345	0.01266	0.02136	0.73264	0.04904	0.01582	0.01978	0.01819	0.01424	0.01819	0.01266	0.01898	0.00949	0.00712	0.00712	0.00237	0.00949	0.00633	0.00316	0.00791
17	0.01121	0.00695	0.00831	0.00847	0.00998	0.00666	0.00637	0.01422	0.01680	0.02552	0.27419	0.14026	0.05912	0.01366	0.00727	0.00219	0.00372	0.06398	0.31459	0.00653
18	0.00911	0.00738	0.00888	0.00888	0.01084	0.00715	0.00678	0.01120	0.01435	0.01817	0.05129	0.05259	0.43343	0.03193	0.28862	0.00596	0.00968	0.01212	0.00551	0.00615
19	0.02280	0.00979	0.01328	0.01159	0.01509	0.00863	0.00895	0.02496	0.01773	0.43832	0.03248	0.30749	0.02921	0.01412	0.00792	0.00247	0.00530	0.01230	0.00795	0.00963
20	0.01327	0.00664	0.00664	0.00664	0.00830	0.00664	0.00498	0.01659	0.01493	0.02655	0.02323	0.02655	0.01825	0.00830	0.00498	0.00166	0.00332	0.00664	0.78928	0.00664
21	0.02139	0.01712	0.01817	0.01523	0.01992	0.01943	0.01216	0.29079	0.43353	0.03572	0.02431	0.02285	0.01795	0.00922	0.00720	0.00231	0.00650	0.00741	0.00720	0.01160
22	0.01716	0.01767	0.03183	0.02391	0.02987	0.01789	0.41691	0.02871	0.28230	0.02555	0.02013	0.02210	0.01510	0.00744	0.00795	0.00241	0.00950	0.00826	0.00503	0.01026
23	0.01644	0.30397	0.02363	0.01119	0.01743	0.01683	0.00991	0.01926	0.01465	0.02067	0.01157	0.01345	0.00999	0.00560	0.00500	0.00124	0.00619	0.00406	0.00376	0.48517
24	0.01880	0.01552	0.02136	0.45120	0.03845	0.01828	0.01732	0.27886	0.02180	0.02868	0.01440	0.01824	0.01052	0.00768	0.00712	0.00228	0.00884	0.00636	0.00472	0.00956
25	0.01378	0.02216	0.29307	0.45274	0.04188	0.01610	0.02234	0.01991	0.01455	0.01991	0.01270	0.01743	0.00931	0.00698	0.00698	0.00233	0.00990	0.00591	0.00310	0.00894
26	0.01590	0.01160	0.01341	0.01246	0.01495	0.01219	0.00933	0.27384	0.02143	0.02867	0.03054	0.45905	0.03335	0.01690	0.00832	0.00260	0.00559	0.01481	0.00681	0.00827
27	0.02985	0.02069	0.01796	0.01490	0.01968	0.28972	0.01176	0.03224	0.02030	0.43803	0.02138	0.01976	0.01430	0.00823	0.00687	0.00206	0.00872	0.00615	0.00679	0.01060
28	0.01675	0.01226	0.01418	0.01188	0.01513	0.01276	0.00940	0.27598	0.02539	0.03497	0.43262	0.03901	0.04555	0.01220	0.00790	0.00220	0.00512	0.01034	0.00756	0.00884
29	0.01632	0.01778	0.03408	0.02557	0.02994	0.01950	0.41861	0.02058	0.01449	0.02058	0.01242	0.01778	0.01023	0.00854	0.01428	0.00268	0.29677	0.00755	0.00341	0.00889

[dist]
# distance from previous block
# <min> <max>
0	1

[block]
# block no. 6 follows, 29 sequences, length 28
# corresponding to MSA columns:
# 371-398
name=unknown_G
#
# <colnr> <probs for GDERKNQSTAVLIFYWHMCP>
#	G	D	E	R	K	N	Q	S	T	A	V	L	I	F	Y	W	H	M	C	P
0	0.02392	0.01156	0.01431	0.01158	0.01526	0.01104	0.00886	0.12563	0.01901	0.37340	0.02450	0.03068	0.01957	0.25866	0.01696	0.00378	0.00662	0.00812	0.00704	0.00949
1	0.00961	0.00691	0.00909	0.00928	0.01053	0.00640	0.00668	0.01225	0.01796	0.02505	0.47820	0.28655	0.06041	0.01717	0.00863	0.00246	0.00362	0.01536	0.00742	0.00640
2	0.02548	0.01480	0.01924	0.01542	0.01911	0.01654	0.01278	0.15377	0.01972	0.34793	0.01965	0.01994	0.01377	0.00999	0.01262	0.00250	0.25283	0.00670	0.00657	0.01066
3	0.02270	0.01364	0.01511	0.01226	0.01644	0.01436	0.00991	0.28929	0.07055	0.16444	0.02209	0.02230	0.01590	0.00859	0.00642	0.00201	0.00582	0.00674	0.27125	0.01021
4	0.01345	0.01266	0.02136	0.73264	0.04904	0.01582	0.01978	0.01819	0.01424	0.01819	0.01266	0.01898	0.00949	0.00712	0.00712	0.00237	0.00949	0.00633	0.00316	0.00791
5	0.00997	0.00724	0.00938	0.00892	0.01059	0.00666	0.00666	0.01320	0.01979	0.02785	0.65532	0.07494	0.09286	0.01494	0.00842	0.00227	0.00339	0.01319	0.00775	0.00666
6	0.02692	0.01355	0.01661	0.01346	0.01847	0.01345	0.01088	0.06569	0.24766	0.44997	0.02788	0.02469	0.01876	0.00909	0.00719	0.00227	0.00600	0.00743	0.00821	0.01183
7	0.01879	0.02978	0.42797	0.01972	0.02836	0.01852	0.07231	0.24484	0.02139	0.03010	0.01436	0.01605	0.01020	0.00731	0.00701	0.00223	0.00973	0.00589	0.00444	0.01099
8	0.01513	0.03089	0.48661	0.02357	0.03298	0.01703	0.24660	0.02264	0.01563	0.02264	0.01333	0.01644	0.00962	0.00651	0.00732	0.00230	0.01102	0.00632	0.00321	0.01021
9	0.01053	0.00752	0.01039	0.01203	0.01326	0.00738	0.00983	0.01312	0.01546	0.02025	0.03822	0.30453	0.04304	0.02056	0.00958	0.00315	0.00574	0.44251	0.00657	0.00630
10	0.48009	0.06268	0.01193	0.00953	0.01257	0.01352	0.00751	0.01703	0.01132	0.02429	0.01074	0.01496	0.00938	0.01269	0.01232	0.26880	0.00588	0.00464	0.00387	0.00625
11	0.01235	0.01130	0.02048	0.01606	0.01960	0.01053	0.23361	0.01660	0.01903	0.02662	0.46982	0.04173	0.04817	0.01167	0.00840	0.00229	0.00628	0.01137	0.00641	0.00769
12	0.01559	0.01530	0.02123	0.02805	0.34490	0.09320	0.04595	0.01903	0.03308	0.02103	0.02229	0.26274	0.02336	0.01191	0.00773	0.00237	0.00759	0.01097	0.00468	0.00900
13	0.00932	0.00649	0.00816	0.00914	0.00948	0.00621	0.00584	0.01026	0.01289	0.01727	0.06999	0.47149	0.04105	0.26722	0.01821	0.00421	0.00502	0.01650	0.00590	0.00534
14	0.53315	0.01122	0.00972	0.00955	0.01261	0.01254	0.00734	0.01722	0.01263	0.02730	0.01981	0.25896	0.02099	0.01190	0.00599	0.00244	0.00504	0.00938	0.00515	0.00706
15	0.01940	0.09912	0.39578	0.01815	0.02643	0.03960	0.02030	0.24487	0.02135	0.02938	0.01391	0.01532	0.01008	0.00732	0.00667	0.00213	0.00941	0.00549	0.00442	0.01086
16	0.01353	0.02582	0.42464	0.01862	0.02589	0.01384	0.07161	0.01994	0.01563	0.02215	0.02131	0.03737	0.01994	0.01106	0.00793	0.00261	0.00930	0.22545	0.00425	0.00911
17	0.00952	0.00726	0.00874	0.00837	0.01029	0.00648	0.00628	0.01235	0.01883	0.02541	0.48929	0.05836	0.28144	0.01573	0.00840	0.00230	0.00344	0.01360	0.00742	0.00648
18	0.80005	0.01377	0.01047	0.00936	0.01377	0.01597	0.00771	0.02093	0.01212	0.03195	0.00991	0.01157	0.00771	0.00661	0.00441	0.00220	0.00551	0.00386	0.00441	0.00771
19	0.00967	0.00715	0.01037	0.01093	0.01191	0.00785	0.00813	0.01177	0.01218	0.01709	0.02588	0.26984	0.02768	0.04292	0.48125	0.00856	0.01403	0.01188	0.00476	0.00616
20	0.01586	0.01401	0.01772	0.27328	0.02920	0.01657	0.01415	0.02974	0.42003	0.02555	0.05092	0.02493	0.01920	0.00895	0.00725	0.00239	0.00693	0.00763	0.00580	0.00987
21	0.00975	0.00687	0.00791	0.00791	0.00950	0.00607	0.00567	0.00990	0.01389	0.01692	0.05198	0.05272	0.46971	0.02029	0.01496	0.26899	0.00448	0.01205	0.00543	0.00503
22	0.01489	0.01355	0.01958	0.49043	0.03875	0.01646	0.01691	0.02482	0.24298	0.02210	0.01816	0.02154	0.01362	0.00798	0.00716	0.00239	0.00819	0.00691	0.00454	0.00904
23	0.01073	0.00734	0.00902	0.00957	0.01012	0.00734	0.00673	0.01184	0.01239	0.01634	0.02758	0.05797	0.03098	0.50352	0.02734	0.00568	0.00679	0.22858	0.00507	0.00507
24	0.01445	0.02868	0.47742	0.01701	0.02612	0.01416	0.02028	0.02099	0.01494	0.02277	0.01274	0.01494	0.00954	0.00626	0.00626	0.00185	0.00875	0.00491	0.00342	0.27452
25	0.01856	0.50543	0.03448	0.02282	0.25000	0.02438	0.01545	0.02150	0.01506	0.01895	0.01108	0.01351	0.00986	0.00618	0.00541	0.00172	0.00790	0.00466	0.00321	0.00986
26	0.01376	0.01097	0.01290	0.01192	0.01425	0.01208	0.00915	0.02199	0.24428	0.05195	0.18496	0.12293	0.12792	0.03368	0.01050	0.00262	0.08773	0.01137	0.00673	0.00832
27	0.01839	0.01564	0.01649	0.01463	0.01878	0.01803	0.01144	0.08482	0.64437	0.03089	0.02811	0.02588	0.02103	0.00958	0.00724	0.00239	0.00580	0.00793	0.00724	0.01133

[dist]
# distance from previous block
# <min> <max>
3	4

[block]
# block no. 7 follows, 29 sequences, length 14
# corresponding to MSA columns:
# 403-416
name=unknown_H
#
# <colnr> <probs for GDERKNQSTAVLIFYWHMCP>
#	G	D	E	R	K	N	Q	S	T	A	V	L	I	F	Y	W	H	M	C	P
0	0.01418	0.01174	0.01304	0.01270	0.01532	0.01306	0.00945	0.02694	0.42752	0.02526	0.03299	0.30701	0.03163	0.01460	0.00796	0.00260	0.00505	0.01281	0.00700	0.00913
1	0.01526	0.01249	0.01920	0.42734	0.08025	0.01436	0.01648	0.08127	0.01724	0.05539	0.08184	0.04803	0.01975	0.00961	0.00755	0.00241	0.00809	0.07028	0.00470	0.00843
2	0.01073	0.00688	0.00765	0.00771	0.00942	0.00639	0.00569	0.01341	0.01632	0.02412	0.19466	0.12947	0.21018	0.01394	0.00715	0.00213	0.00350	0.01188	0.31237	0.00639
3	0.01557	0.01273	0.02124	0.03027	0.43367	0.01273	0.01574	0.01694	0.01351	0.01901	0.01299	0.01919	0.01170	0.01352	0.01516	0.31073	0.00757	0.00628	0.00336	0.00808
4	0.01670	0.01745	0.01261	0.01189	0.01333	0.28568	0.00800	0.01741	0.01419	0.01522	0.01798	0.03342	0.01936	0.45999	0.02460	0.00493	0.00922	0.00810	0.00406	0.00585
5	0.01223	0.01043	0.01638	0.02306	0.28160	0.01017	0.01256	0.01474	0.01494	0.02065	0.06006	0.42889	0.03405	0.01572	0.00826	0.00256	0.00578	0.01447	0.00546	0.00797
6	0.01736	0.01682	0.02622	0.02055	0.02581	0.01783	0.27207	0.03197	0.42876	0.02706	0.02329	0.02369	0.01747	0.00823	0.00770	0.00241	0.00812	0.00819	0.00582	0.01062
7	0.01718	0.47411	0.30098	0.01535	0.02317	0.02363	0.01770	0.02180	0.01469	0.01902	0.01102	0.01283	0.00909	0.00635	0.00543	0.00181	0.00875	0.00438	0.00303	0.00968
8	0.80005	0.01377	0.01047	0.00936	0.01377	0.01597	0.00771	0.02093	0.01212	0.03195	0.00991	0.01157	0.00771	0.00661	0.00441	0.00220	0.00551	0.00386	0.00441	0.00771
9	0.01671	0.01222	0.01414	0.01186	0.01510	0.01271	0.00938	0.27421	0.02536	0.03493	0.43443	0.03910	0.04569	0.01221	0.00790	0.00220	0.00511	0.01035	0.00756	0.00882
10	0.00922	0.00662	0.00875	0.00954	0.01045	0.00615	0.00665	0.01129	0.01618	0.02223	0.29775	0.47505	0.05494	0.01928	0.00882	0.00264	0.00383	0.01737	0.00709	0.00615
11	0.01051	0.00884	0.01325	0.29167	0.02535	0.00973	0.01160	0.01318	0.01418	0.01831	0.03280	0.38075	0.11083	0.01587	0.00824	0.00263	0.00616	0.01419	0.00527	0.00664
12	0.01476	0.01521	0.02942	0.45841	0.04443	0.01667	0.27725	0.01999	0.01524	0.01999	0.01334	0.01907	0.01000	0.00668	0.00762	0.00238	0.01047	0.00714	0.00333	0.00857
13	0.01559	0.02906	0.44591	0.02943	0.29408	0.01669	0.02457	0.02228	0.01549	0.02283	0.01302	0.01604	0.00990	0.00660	0.00688	0.00220	0.00972	0.00568	0.00321	0.01082

[dist]
# distance from previous block
# <min> <max>
0	10

[block]
# block no. 8 follows, 29 sequences, length 64
# corresponding to MSA columns:
# 427-460,468-497
name=unknown_I
#
# <colnr> <probs for GDERKNQSTAVLIFYWHMCP>
#	G	D	E	R	K	N	Q	S	T	A	V	L	I	F	Y	W	H	M	C	P
0	0.01156	0.00800	0.01126	0.01273	0.01421	0.00800	0.01095	0.01421	0.01569	0.02042	0.03519	0.07450	0.03814	0.02017	0.01162	0.08154	0.00652	0.59285	0.00621	0.00621
1	0.01156	0.00800	0.01126	0.01273	0.01421	0.00800	0.01095	0.01421	0.01569	0.02042	0.03519	0.07450	0.03814	0.02017	0.01162	0.08154	0.00652	0.59285	0.00621	0.00621
2	0.04085	0.43293	0.15231	0.01358	0.01980	0.07082	0.01394	0.02187	0.03695	0.04042	0.01784	0.01872	0.07847	0.00770	0.00563	0.00183	0.00793	0.00548	0.00379	0.00913
3	0.01815	0.68001	0.03456	0.01186	0.01752	0.02605	0.01164	0.02054	0.01503	0.01792	0.07846	0.01556	0.01489	0.00693	0.00495	0.00159	0.00719	0.00471	0.00352	0.00890
4	0.01453	0.01201	0.01422	0.01042	0.01612	0.00916	0.00821	0.01707	0.01422	0.02213	0.01263	0.01545	0.01073	0.00720	0.00751	0.07954	0.00536	0.00441	0.00411	0.71495
5	0.00956	0.00726	0.01031	0.01326	0.07922	0.00689	0.00812	0.01110	0.01389	0.01868	0.03668	0.67299	0.04355	0.02073	0.00889	0.00281	0.00456	0.01887	0.00630	0.00633
6	0.00923	0.00923	0.07811	0.01094	0.01236	0.00685	0.00856	0.01117	0.01377	0.01861	0.03662	0.67274	0.04332	0.02077	0.00886	0.00283	0.00476	0.01876	0.00625	0.00625
7	0.01955	0.01616	0.01790	0.08614	0.02241	0.01858	0.01266	0.19169	0.46575	0.03229	0.02449	0.02352	0.01819	0.00914	0.00720	0.00234	0.00655	0.00748	0.00681	0.01114
8	0.01851	0.01861	0.02804	0.04119	0.63760	0.08673	0.02105	0.02251	0.01661	0.02268	0.01316	0.01715	0.01107	0.00644	0.00699	0.00209	0.00889	0.00617	0.00354	0.01098
9	0.01233	0.00807	0.01195	0.01157	0.01326	0.00906	0.00906	0.01489	0.01233	0.08530	0.01997	0.02760	0.01778	0.04898	0.65072	0.01053	0.01778	0.00758	0.00431	0.00693
10	0.02707	0.01995	0.02137	0.01638	0.02208	0.02208	0.01353	0.68159	0.03348	0.04488	0.01710	0.01710	0.01211	0.00855	0.00712	0.00214	0.00784	0.00641	0.00712	0.01211
11	0.01090	0.00746	0.00978	0.00910	0.01092	0.00686	0.00686	0.01423	0.02016	0.05403	0.67640	0.05211	0.06533	0.01434	0.00835	0.00224	0.00346	0.01266	0.00787	0.00692
12	0.00853	0.00722	0.00737	0.00733	0.00969	0.00606	0.00550	0.01043	0.01649	0.01986	0.11402	0.06751	0.66017	0.01780	0.00841	0.00239	0.00359	0.01488	0.00669	0.00606
13	0.01147	0.00820	0.01147	0.01311	0.01475	0.00820	0.01147	0.01475	0.01639	0.02131	0.03770	0.08032	0.04098	0.01967	0.00984	0.00328	0.00656	0.65741	0.00656	0.00656
14	0.00987	0.00727	0.00924	0.00874	0.01051	0.00663	0.00656	0.01304	0.01968	0.02741	0.62454	0.05507	0.14493	0.01498	0.00840	0.00226	0.00339	0.01314	0.00769	0.00663
15	0.01904	0.75404	0.03731	0.01218	0.01828	0.02818	0.01218	0.02132	0.01447	0.01675	0.00990	0.01142	0.00914	0.00609	0.00457	0.00152	0.00761	0.00381	0.00305	0.00914
16	0.01428	0.03683	0.71286	0.02030	0.03082	0.01654	0.02631	0.02255	0.01503	0.02255	0.01278	0.01503	0.00902	0.00677	0.00677	0.00226	0.01052	0.00526	0.00301	0.01052
17	0.03195	0.01212	0.01652	0.01267	0.01818	0.01047	0.01047	0.03470	0.02038	0.71026	0.02809	0.02424	0.01763	0.00881	0.00716	0.00220	0.00606	0.00716	0.00881	0.01212
18	0.01558	0.01558	0.02181	0.01869	0.01869	0.02181	0.01558	0.01714	0.01091	0.01714	0.00935	0.01558	0.00935	0.01246	0.02337	0.00312	0.73672	0.00623	0.00312	0.00779
19	0.01428	0.03683	0.71286	0.02030	0.03082	0.01654	0.02631	0.02255	0.01503	0.02255	0.01278	0.01503	0.00902	0.00677	0.00677	0.00226	0.01052	0.00526	0.00301	0.01052
20	0.01345	0.01266	0.02136	0.73264	0.04904	0.01582	0.01978	0.01819	0.01424	0.01819	0.01266	0.01898	0.00949	0.00712	0.00712	0.00237	0.00949	0.00633	0.00316	0.00791
21	0.02707	0.01995	0.02137	0.01638	0.02208	0.02208	0.01353	0.68159	0.03348	0.04488	0.01710	0.01710	0.01211	0.00855	0.00712	0.00214	0.00784	0.00641	0.00712	0.01211
22	0.00849	0.00691	0.00752	0.00801	0.00983	0.00594	0.00577	0.01013	0.01546	0.01892	0.06240	0.26880	0.50846	0.01930	0.00861	0.00255	0.00376	0.01657	0.00661	0.00594
23	0.02726	0.01964	0.02118	0.01624	0.02193	0.02163	0.01341	0.65631	0.03297	0.07088	0.01753	0.01737	0.01233	0.00856	0.00712	0.00214	0.00777	0.00644	0.00719	0.01211
24	0.01771	0.01530	0.01610	0.01449	0.01852	0.01771	0.01127	0.03784	0.69247	0.02979	0.02898	0.02657	0.02174	0.00966	0.00725	0.00242	0.00564	0.00805	0.00725	0.01127
25	0.01904	0.75404	0.03731	0.01218	0.01828	0.02818	0.01218	0.02132	0.01447	0.01675	0.00990	0.01142	0.00914	0.00609	0.00457	0.00152	0.00761	0.00381	0.00305	0.00914
26	0.00865	0.00729	0.00754	0.00766	0.01001	0.00618	0.00587	0.01056	0.01624	0.01939	0.06953	0.06942	0.65246	0.01816	0.00852	0.00247	0.00383	0.06357	0.00661	0.00605
27	0.00878	0.00628	0.00836	0.00984	0.01035	0.00585	0.00662	0.01018	0.01412	0.01895	0.08858	0.69357	0.04859	0.02173	0.00904	0.00284	0.00407	0.01969	0.00670	0.00585
28	0.00868	0.00620	0.00826	0.00991	0.01033	0.00578	0.00661	0.00991	0.01363	0.01818	0.03925	0.74510	0.04710	0.02231	0.00909	0.00289	0.00413	0.02024	0.00661	0.00578
29	0.80005	0.01377	0.01047	0.00936	0.01377	0.01597	0.00771	0.02093	0.01212	0.03195	0.00991	0.01157	0.00771	0.00661	0.00441	0.00220	0.00551	0.00386	0.00441	0.00771
30	0.00868	0.00620	0.00826	0.00991	0.01033	0.00578	0.00661	0.00991	0.01363	0.01818	0.03925	0.74510	0.04710	0.02231	0.00909	0.00289	0.00413	0.02024	0.00661	0.00578
31	0.00868	0.00620	0.00826	0.00991	0.01033	0.00578	0.00661	0.00991	0.01363	0.01818	0.03925	0.74510	0.04710	0.02231	0.00909	0.00289	0.00413	0.02024	0.00661	0.00578
32	0.01762	0.01692	0.02890	0.04371	0.70533	0.01692	0.02185	0.02185	0.01621	0.02326	0.01339	0.01762	0.01128	0.00634	0.00705	0.00211	0.00846	0.00634	0.00352	0.01128
33	0.01762	0.01692	0.02890	0.04371	0.70533	0.01692	0.02185	0.02185	0.01621	0.02326	0.01339	0.01762	0.01128	0.00634	0.00705	0.00211	0.00846	0.00634	0.00352	0.01128
34	0.00842	0.00721	0.00721	0.00721	0.00962	0.00601	0.00541	0.01022	0.01623	0.01924	0.07213	0.06853	0.70244	0.01803	0.00842	0.00240	0.00361	0.01503	0.00661	0.00601
35	0.01681	0.01921	0.04202	0.03001	0.03721	0.01801	0.67947	0.02281	0.01681	0.02281	0.01441	0.01921	0.01080	0.00600	0.00840	0.00240	0.01200	0.00840	0.00360	0.00960
36	0.01402	0.01324	0.02239	0.63840	0.13881	0.01597	0.02006	0.01869	0.01451	0.01889	0.01276	0.01880	0.00974	0.00701	0.00711	0.00234	0.00935	0.00633	0.00321	0.00837
37	0.01343	0.01216	0.02013	0.67228	0.04566	0.01506	0.01855	0.01806	0.01430	0.01889	0.01354	0.01961	0.01022	0.00722	0.00694	0.00231	0.00898	0.00635	0.06852	0.00780
38	0.01345	0.01266	0.02136	0.73264	0.04904	0.01582	0.01978	0.01819	0.01424	0.01819	0.01266	0.01898	0.00949	0.00712	0.00712	0.00237	0.00949	0.00633	0.00316	0.00791
39	0.01527	0.01295	0.01504	0.01078	0.01709	0.01001	0.00865	0.04500	0.01553	0.02409	0.01284	0.01486	0.01061	0.00541	0.00535	0.00110	0.00538	0.00431	0.00434	0.76142
40	0.01478	0.11259	0.64150	0.01944	0.02949	0.01777	0.02482	0.02242	0.01497	0.02194	0.01247	0.01465	0.00903	0.00669	0.00653	0.00218	0.01022	0.00511	0.00301	0.01038
41	0.00868	0.00620	0.00826	0.00991	0.01033	0.00578	0.00661	0.00991	0.01363	0.01818	0.03925	0.74510	0.04710	0.02231	0.00909	0.00289	0.00413	0.02024	0.00661	0.00578
42	0.01345	0.01266	0.02136	0.73264	0.04904	0.01582	0.01978	0.01819	0.01424	0.01819	0.01266	0.01898	0.00949	0.00712	0.00712	0.00237	0.00949	0.00633	0.00316	0.00791
43	0.00862	0.00639	0.00806	0.00939	0.01019	0.00583	0.00638	0.00997	0.01414	0.01838	0.04565	0.61338	0.17469	0.02148	0.00896	0.00280	0.00403	0.01923	0.00661	0.00583
44	0.00863	0.00722	0.00752	0.00744	0.00975	0.00610	0.00558	0.01064	0.01675	0.02046	0.15512	0.06651	0.61870	0.01758	0.00841	0.00238	0.00357	0.01474	0.00677	0.00610
45	0.00842	0.00721	0.00721	0.00721	0.00962	0.00601	0.00541	0.01022	0.01623	0.01924	0.07213	0.06853	0.70244	0.01803	0.00842	0.00240	0.00361	0.01503	0.00661	0.00601
46	0.02773	0.01889	0.02072	0.01588	0.02156	0.02052	0.01312	0.59448	0.03172	0.13448	0.01858	0.01806	0.01285	0.00858	0.00713	0.00215	0.00760	0.00651	0.00735	0.01211
47	0.02707	0.01995	0.02137	0.01638	0.02208	0.02208	0.01353	0.68159	0.03348	0.04488	0.01710	0.01710	0.01211	0.00855	0.00712	0.00214	0.00784	0.00641	0.00712	0.01211
48	0.03195	0.01212	0.01652	0.01267	0.01818	0.01047	0.01047	0.03470	0.02038	0.71026	0.02809	0.02424	0.01763	0.00881	0.00716	0.00220	0.00606	0.00716	0.00881	0.01212
49	0.01771	0.01530	0.01610	0.01449	0.01852	0.01771	0.01127	0.03784	0.69247	0.02979	0.02898	0.02657	0.02174	0.00966	0.00725	0.00242	0.00564	0.00805	0.00725	0.01127
50	0.00842	0.00721	0.00721	0.00721	0.00962	0.00601	0.00541	0.01022	0.01623	0.01924	0.07213	0.06853	0.70244	0.01803	0.00842	0.00240	0.00361	0.01503	0.00661	0.00601
51	0.01445	0.03565	0.66785	0.02095	0.03125	0.01664	0.07013	0.02257	0.01515	0.02257	0.01289	0.01531	0.00914	0.00671	0.00688	0.00226	0.01062	0.00547	0.00305	0.01046
52	0.03102	0.01191	0.01623	0.01251	0.01786	0.01031	0.01031	0.03380	0.02037	0.68140	0.05661	0.02546	0.01972	0.00906	0.00721	0.00220	0.00594	0.00740	0.00877	0.01189
53	0.01762	0.01692	0.02890	0.04371	0.70533	0.01692	0.02185	0.02185	0.01621	0.02326	0.01339	0.01762	0.01128	0.00634	0.00705	0.00211	0.00846	0.00634	0.00352	0.01128
54	0.02669	0.01853	0.02025	0.01575	0.02125	0.02025	0.01294	0.53839	0.09948	0.12274	0.01963	0.01892	0.01375	0.00869	0.00714	0.00217	0.00740	0.00667	0.00734	0.01202
55	0.01135	0.00816	0.01130	0.01287	0.01454	0.00811	0.01123	0.01457	0.01639	0.02122	0.03911	0.07984	0.06812	0.01960	0.00978	0.00324	0.00644	0.63104	0.00656	0.00653
56	0.02748	0.01461	0.01742	0.01357	0.01850	0.01465	0.01096	0.28801	0.02439	0.36512	0.02307	0.02403	0.01641	0.09557	0.01056	0.00273	0.00686	0.00724	0.00762	0.01120
57	0.02670	0.15632	0.04534	0.01427	0.01965	0.14348	0.01222	0.08267	0.06119	0.33730	0.02026	0.01904	0.01403	0.00800	0.00653	0.00202	0.00784	0.00600	0.00638	0.01076
58	0.01036	0.00690	0.00777	0.00777	0.00777	0.00690	0.00431	0.01036	0.01036	0.01381	0.02244	0.04660	0.02589	0.74975	0.03624	0.00690	0.00690	0.01036	0.00431	0.00431
59	0.01036	0.00690	0.00777	0.00777	0.00777	0.00690	0.00431	0.01036	0.01036	0.01381	0.02244	0.04660	0.02589	0.74975	0.03624	0.00690	0.00690	0.01036	0.00431	0.00431
60	0.01989	0.04636	0.02869	0.10025	0.02983	0.25827	0.26021	0.04906	0.01770	0.02055	0.01347	0.04068	0.01121	0.00771	0.00856	0.00224	0.06589	0.00688	0.00376	0.00878
61	0.02019	0.01489	0.01625	0.01375	0.01826	0.03908	0.01102	0.13053	0.29105	0.12582	0.05246	0.02840	0.02120	0.00974	0.00718	0.00220	0.00622	0.06361	0.00686	0.12130
62	0.02271	0.01761	0.02137	0.24561	0.03071	0.02008	0.01553	0.46928	0.02732	0.03634	0.01568	0.01770	0.01127	0.00809	0.00712	0.00221	0.00837	0.00638	0.00586	0.01077
63	0.01676	0.01603	0.02716	0.13073	0.59637	0.01639	0.02100	0.02097	0.01596	0.02247	0.01540	0.01961	0.03571	0.00686	0.00711	0.00216	0.00842	0.00665	0.00359	0.01066

[dist]
# distance from previous block
# <min> <max>
4	8

[block]
# block no. 9 follows, 29 sequences, length 75
# corresponding to MSA columns:
# 506-580
name=unknown_J
#
# <colnr> <probs for GDERKNQSTAVLIFYWHMCP>
#	G	D	E	R	K	N	Q	S	T	A	V	L	I	F	Y	W	H	M	C	P
0	0.05978	0.13028	0.39416	0.01865	0.05169	0.01819	0.04557	0.02509	0.12197	0.04642	0.01537	0.01672	0.01141	0.00714	0.00649	0.00217	0.00890	0.00565	0.00400	0.01034
1	0.01453	0.03661	0.01993	0.01612	0.01898	0.06671	0.13298	0.04286	0.01510	0.02018	0.02306	0.24433	0.04745	0.03933	0.01181	0.00263	0.14528	0.01104	0.00476	0.08632
2	0.62048	0.01420	0.03707	0.10307	0.01899	0.01551	0.01000	0.02090	0.01302	0.05345	0.03146	0.01432	0.01009	0.00699	0.00505	0.00223	0.00616	0.00461	0.00445	0.00796
3	0.01363	0.01146	0.01356	0.01043	0.01566	0.00880	0.00810	0.01644	0.01456	0.02227	0.01759	0.15039	0.01733	0.00844	0.00598	0.00140	0.00506	0.00719	0.00466	0.64704
4	0.01658	0.01568	0.02516	0.24463	0.29709	0.04278	0.09077	0.02193	0.06083	0.04567	0.01819	0.02184	0.05210	0.00757	0.00729	0.00225	0.00877	0.00715	0.00404	0.00968
5	0.01294	0.01071	0.01505	0.04543	0.15487	0.01104	0.01182	0.01889	0.13301	0.02358	0.14964	0.21368	0.03663	0.01449	0.00828	0.00258	0.00573	0.11725	0.00617	0.00822
6	0.01470	0.12975	0.58929	0.01867	0.02817	0.01758	0.02348	0.02194	0.01521	0.02208	0.04636	0.01644	0.01190	0.00706	0.00656	0.00216	0.00979	0.00545	0.00325	0.01015
7	0.01524	0.01293	0.01502	0.01077	0.01707	0.00997	0.00863	0.04327	0.01548	0.02403	0.01283	0.01485	0.01061	0.00540	0.00534	0.00110	0.00537	0.00430	0.00433	0.76346
8	0.03195	0.01212	0.01652	0.01267	0.01818	0.01047	0.01047	0.03470	0.02038	0.71026	0.02809	0.02424	0.01763	0.00881	0.00716	0.00220	0.00606	0.00716	0.00881	0.01212
9	0.00853	0.00722	0.00737	0.00733	0.00969	0.00606	0.00550	0.01043	0.01649	0.01986	0.11406	0.06751	0.66013	0.01780	0.00841	0.00239	0.00359	0.01488	0.00669	0.00606
10	0.00866	0.00625	0.00820	0.00977	0.01029	0.00580	0.00654	0.00993	0.01378	0.01824	0.04107	0.70767	0.08336	0.02207	0.00905	0.00286	0.00410	0.01995	0.00661	0.00580
11	0.02707	0.01995	0.02137	0.01638	0.02208	0.02208	0.01353	0.68159	0.03348	0.04488	0.01710	0.01710	0.01211	0.00855	0.00712	0.00214	0.00784	0.00641	0.00712	0.01211
12	0.01008	0.00728	0.00952	0.00896	0.01064	0.00672	0.00672	0.01344	0.02016	0.02855	0.70158	0.05319	0.06719	0.01456	0.00840	0.00224	0.00336	0.01288	0.00784	0.00672
13	0.01428	0.03683	0.71286	0.02030	0.03082	0.01654	0.02631	0.02255	0.01503	0.02255	0.01278	0.01503	0.00902	0.00677	0.00677	0.00226	0.01052	0.00526	0.00301	0.01052
14	0.80005	0.01377	0.01047	0.00936	0.01377	0.01597	0.00771	0.02093	0.01212	0.03195	0.00991	0.01157	0.00771	0.00661	0.00441	0.00220	0.00551	0.00386	0.00441	0.00771
15	0.01345	0.01266	0.02136	0.73264	0.04904	0.01582	0.01978	0.01819	0.01424	0.01819	0.01266	0.01898	0.00949	0.00712	0.00712	0.00237	0.00949	0.00633	0.00316	0.00791
16	0.80005	0.01377	0.01047	0.00936	0.01377	0.01597	0.00771	0.02093	0.01212	0.03195	0.00991	0.01157	0.00771	0.00661	0.00441	0.00220	0.00551	0.00386	0.00441	0.00771
17	0.01034	0.00696	0.00805	0.00805	0.00815	0.00706	0.00467	0.01054	0.01044	0.01402	0.02217	0.04515	0.02526	0.69566	0.08947	0.00726	0.00785	0.01014	0.00428	0.00447
18	0.02541	0.02926	0.01999	0.01765	0.02156	0.51786	0.01352	0.13069	0.09231	0.02298	0.01379	0.01502	0.01095	0.00792	0.00712	0.00198	0.03299	0.00528	0.00456	0.00916
19	0.01008	0.00728	0.00952	0.00896	0.01064	0.00672	0.00672	0.01344	0.02016	0.02855	0.70158	0.05319	0.06719	0.01456	0.00840	0.00224	0.00336	0.01288	0.00784	0.00672
20	0.01648	0.02201	0.16035	0.03040	0.14001	0.01757	0.45996	0.02261	0.01640	0.02283	0.01396	0.01821	0.01056	0.00619	0.00790	0.00233	0.01119	0.00752	0.00348	0.01003
21	0.00872	0.00727	0.00764	0.00767	0.00997	0.00619	0.00583	0.01075	0.01661	0.02022	0.12968	0.06767	0.61004	0.01779	0.00848	0.00243	0.00373	0.04649	0.00673	0.00610
22	0.01602	0.01640	0.01696	0.01517	0.01591	0.15603	0.01166	0.01717	0.01269	0.01628	0.01453	0.05075	0.01544	0.22318	0.02316	0.00394	0.35658	0.00760	0.00370	0.00681
23	0.01041	0.00787	0.01148	0.01135	0.01244	0.00921	0.00869	0.01265	0.01131	0.01627	0.01903	0.02940	0.01830	0.12352	0.62325	0.01065	0.04628	0.00785	0.00384	0.00620
24	0.01472	0.00874	0.01115	0.00990	0.01249	0.00807	0.00763	0.04987	0.02031	0.15256	0.47200	0.07198	0.10461	0.01376	0.00814	0.00226	0.00412	0.01195	0.00784	0.00788
25	0.01487	0.10314	0.61236	0.02007	0.03000	0.01771	0.06113	0.02245	0.01508	0.02202	0.01260	0.01493	0.00913	0.00666	0.00665	0.00219	0.01033	0.00530	0.00304	0.01034
26	0.01547	0.21598	0.54412	0.01827	0.02769	0.01944	0.02278	0.02224	0.01489	0.02110	0.01206	0.01413	0.00905	0.00660	0.00622	0.00207	0.00980	0.00490	0.00302	0.01018
27	0.01540	0.01264	0.01483	0.01062	0.01692	0.00953	0.00851	0.01855	0.01497	0.04846	0.01322	0.01511	0.01081	0.00540	0.00534	0.00110	0.00530	0.00433	0.00439	0.76456
28	0.01008	0.00728	0.00952	0.00896	0.01064	0.00672	0.00672	0.01344	0.02016	0.02855	0.70158	0.05319	0.06719	0.01456	0.00840	0.00224	0.00336	0.01288	0.00784	0.00672
29	0.02384	0.01742	0.02336	0.03757	0.02406	0.01799	0.12477	0.35268	0.02515	0.13745	0.01738	0.01826	0.01237	0.00788	0.00772	0.00211	0.03470	0.00659	0.00619	0.10252
30	0.01904	0.75404	0.03731	0.01218	0.01828	0.02818	0.01218	0.02132	0.01447	0.01675	0.00990	0.01142	0.00914	0.00609	0.00457	0.00152	0.00761	0.00381	0.00305	0.00914
31	0.01017	0.00763	0.01144	0.01144	0.01272	0.00890	0.00890	0.01272	0.01144	0.01653	0.01907	0.02797	0.01780	0.05340	0.72153	0.01144	0.01907	0.00763	0.00381	0.00636
32	0.00930	0.00700	0.00860	0.00872	0.01029	0.00631	0.00634	0.01173	0.01754	0.02358	0.37453	0.22285	0.23251	0.01734	0.00857	0.00244	0.00361	0.01522	0.00722	0.00631
33	0.01508	0.01570	0.03120	0.36337	0.04199	0.01661	0.34550	0.02021	0.01536	0.02030	0.01351	0.01918	0.01023	0.00710	0.00838	0.02633	0.01063	0.00735	0.00338	0.00860
34	0.03074	0.01405	0.01772	0.01359	0.01914	0.01333	0.01122	0.19444	0.02362	0.54596	0.02538	0.02247	0.01626	0.00875	0.00715	0.00219	0.00650	0.00698	0.00840	0.01212
35	0.02664	0.01142	0.01514	0.01209	0.01674	0.01029	0.00980	0.03082	0.07118	0.52677	0.15859	0.03002	0.02754	0.00999	0.00741	0.00223	0.00550	0.00834	0.00851	0.01101
36	0.01001	0.00728	0.00943	0.00889	0.01060	0.00669	0.00667	0.01331	0.02001	0.02820	0.67760	0.05377	0.09138	0.01469	0.00840	0.00225	0.00337	0.01296	0.00779	0.00669
37	0.02707	0.01995	0.02137	0.01638	0.02208	0.02208	0.01353	0.68159	0.03348	0.04488	0.01710	0.01710	0.01211	0.00855	0.00712	0.00214	0.00784	0.00641	0.00712	0.01211
38	0.01771	0.01530	0.01610	0.01449	0.01852	0.01771	0.01127	0.03784	0.69247	0.02979	0.02898	0.02657	0.02174	0.00966	0.00725	0.00242	0.00564	0.00805	0.00725	0.01127
39	0.01036	0.00783	0.00962	0.00908	0.01103	0.00738	0.00684	0.01466	0.06693	0.02719	0.55625	0.05370	0.16281	0.01475	0.00832	0.00228	0.00356	0.01287	0.00761	0.00693
40	0.00966	0.00736	0.01070	0.01152	0.01264	0.00694	0.04473	0.01159	0.01447	0.01910	0.03919	0.54191	0.07620	0.02068	0.00916	0.00292	0.00501	0.14362	0.00643	0.00616
