[name]
unknown

[dist]
# distance from previous block
# <min> <max>
0	38

[block]
# block no. 0 follows, 28 sequences, length 8
# corresponding to MSA columns:
# 38-45
name=unknown_A
#
# <colnr> <probs for GDERKNQSTAVLIFYWHMCP>
#	G	D	E	R	K	N	Q	S	T	A	V	L	I	F	Y	W	H	M	C	P
0	0.04882	0.01477	0.04131	0.01816	0.12357	0.04149	0.01263	0.05325	0.22570	0.06592	0.04751	0.10545	0.08458	0.01210	0.00777	0.00248	0.00648	0.07206	0.00630	0.00966
1	0.04454	0.01143	0.01551	0.11827	0.10930	0.01199	0.01222	0.07189	0.06594	0.02355	0.02885	0.27311	0.05648	0.01438	0.00808	0.00257	0.00634	0.07439	0.00571	0.04547
2	0.01226	0.01038	0.01242	0.01415	0.07758	0.03943	0.00923	0.01729	0.12455	0.02203	0.11095	0.33258	0.09741	0.04278	0.03964	0.00314	0.00587	0.01439	0.00637	0.00756
3	0.01173	0.00806	0.01082	0.01203	0.05054	0.00730	0.00799	0.01374	0.01569	0.07119	0.12505	0.46558	0.08129	0.01831	0.00861	0.00261	0.00456	0.01642	0.00673	0.06174
4	0.01312	0.00859	0.01123	0.01214	0.05138	0.00811	0.00796	0.01570	0.04698	0.09603	0.08198	0.36394	0.05751	0.14219	0.01337	0.00336	0.00523	0.01462	0.00643	0.04012
5	0.01046	0.00725	0.00912	0.00951	0.01088	0.00657	0.00666	0.01232	0.01580	0.04866	0.18705	0.39095	0.13266	0.07575	0.01098	0.00296	0.00432	0.01638	0.00684	0.03489
6	0.01227	0.00755	0.00953	0.00955	0.01111	0.00690	0.00675	0.01411	0.01615	0.10333	0.19071	0.30743	0.13267	0.12247	0.01277	0.00324	0.00461	0.01517	0.00697	0.00672
7	0.06109	0.01131	0.01337	0.01170	0.01504	0.01102	0.00888	0.11486	0.05053	0.17140	0.05397	0.24271	0.02803	0.08104	0.01036	0.00279	0.00569	0.01135	0.00680	0.08807

[dist]
# distance from previous block
# <min> <max>
5	20

[block]
# block no. 1 follows, 28 sequences, length 52
# corresponding to MSA columns:
# 66-117
name=unknown_B
#
# <colnr> <probs for GDERKNQSTAVLIFYWHMCP>
#	G	D	E	R	K	N	Q	S	T	A	V	L	I	F	Y	W	H	M	C	P
0	0.06024	0.20101	0.04079	0.01300	0.01748	0.08137	0.01109	0.16262	0.04680	0.04821	0.04488	0.08349	0.10683	0.04180	0.00804	0.00232	0.00716	0.00829	0.00548	0.00908
1	0.13575	0.02057	0.10380	0.01524	0.02096	0.08336	0.03889	0.26064	0.02228	0.03252	0.01574	0.04013	0.01238	0.00801	0.00648	0.00204	0.00787	0.00612	0.05964	0.10760
2	0.02261	0.09054	0.14627	0.01820	0.07343	0.10312	0.01569	0.21397	0.02205	0.10154	0.01554	0.01651	0.01147	0.00743	0.00663	0.00197	0.00861	0.00564	0.00522	0.11357
3	0.13311	0.01987	0.06799	0.04398	0.02204	0.05624	0.01345	0.38474	0.04759	0.03662	0.01699	0.05594	0.01342	0.00883	0.00683	0.00219	0.00779	0.00670	0.00605	0.04961
4	0.05878	0.18129	0.10855	0.04242	0.02390	0.14828	0.08586	0.10335	0.05420	0.02466	0.04989	0.01750	0.01373	0.00750	0.00651	0.00200	0.00912	0.00589	0.00442	0.05214
5	0.31662	0.05563	0.04425	0.04078	0.01907	0.01832	0.01133	0.20659	0.11147	0.03387	0.01601	0.01697	0.01204	0.00785	0.00593	0.00219	0.00663	0.00560	0.05909	0.00975
6	0.01426	0.04074	0.05332	0.01407	0.01715	0.01320	0.06661	0.10490	0.01781	0.02433	0.12380	0.18507	0.10162	0.05038	0.01162	0.00273	0.10170	0.01158	0.00572	0.03938
7	0.35236	0.03886	0.01240	0.01016	0.01365	0.01340	0.00803	0.07990	0.01687	0.06351	0.18488	0.02916	0.04541	0.09204	0.00967	0.00277	0.00551	0.00770	0.00585	0.00788
8	0.01625	0.03017	0.43377	0.02476	0.06854	0.01766	0.22010	0.05862	0.01698	0.02438	0.01382	0.01688	0.01005	0.00675	0.00744	0.00233	0.01094	0.00646	0.00351	0.01059
9	0.01263	0.00631	0.00947	0.00947	0.00947	0.00631	0.00631	0.00947	0.00947	0.01263	0.01263	0.02210	0.01263	0.02525	0.02841	0.78851	0.00631	0.00631	0.00316	0.00316
10	0.01666	0.06761	0.13611	0.06195	0.03501	0.01900	0.45577	0.02248	0.01616	0.02219	0.01370	0.01820	0.01048	0.00680	0.00917	0.00243	0.06557	0.00755	0.00349	0.00968
11	0.00963	0.00809	0.00847	0.00843	0.01088	0.00731	0.00636	0.01325	0.07745	0.02103	0.09349	0.09918	0.55700	0.01775	0.00856	0.00250	0.00397	0.03315	0.00686	0.00666
12	0.00892	0.00642	0.00846	0.00998	0.01054	0.00596	0.00671	0.01031	0.01434	0.01912	0.07388	0.68356	0.07041	0.02223	0.00922	0.00290	0.00416	0.02011	0.00681	0.00596
13	0.02021	0.01667	0.01764	0.01522	0.01971	0.01907	0.01202	0.18046	0.54076	0.03384	0.02688	0.02497	0.02000	0.00961	0.00737	0.00240	0.00625	0.00785	0.00737	0.01170
14	0.01831	0.02063	0.13536	0.06632	0.49363	0.01773	0.02202	0.09266	0.01818	0.02580	0.01395	0.01757	0.01117	0.00682	0.00716	0.00219	0.00894	0.00631	0.00390	0.01134
15	0.01575	0.01563	0.02740	0.02146	0.02518	0.04366	0.30434	0.01927	0.01517	0.04705	0.02010	0.18233	0.01993	0.04287	0.01301	0.00288	0.16039	0.01072	0.00451	0.00835
16	0.02715	0.03464	0.02060	0.01873	0.02247	0.71536	0.01404	0.02903	0.02060	0.01779	0.01124	0.01311	0.00936	0.00749	0.00655	0.00187	0.01311	0.00468	0.00375	0.00843
17	0.01069	0.00745	0.00909	0.00899	0.00925	0.00790	0.00566	0.01125	0.01081	0.01474	0.02184	0.04291	0.02431	0.58774	0.16956	0.00784	0.03089	0.00990	0.00427	0.00492
18	0.02711	0.02010	0.02152	0.01662	0.02234	0.02230	0.01369	0.64025	0.06973	0.04497	0.01811	0.01798	0.01290	0.00879	0.00728	0.00220	0.00788	0.00664	0.00728	0.01232
19	0.02763	0.02036	0.02182	0.01672	0.02254	0.02254	0.01382	0.67496	0.03418	0.04581	0.01745	0.01745	0.01236	0.00873	0.00727	0.00218	0.00800	0.00654	0.00727	0.01236
20	0.01716	0.01961	0.04289	0.03064	0.03799	0.01838	0.67279	0.02328	0.01716	0.02328	0.01471	0.01961	0.01103	0.00613	0.00858	0.00245	0.01225	0.00858	0.00368	0.00980
21	0.00859	0.00736	0.00736	0.00736	0.00982	0.00614	0.00552	0.01043	0.01657	0.01964	0.07364	0.06996	0.69624	0.01841	0.00859	0.00245	0.00368	0.01534	0.00675	0.00614
22	0.01376	0.01313	0.02286	0.63100	0.04697	0.01580	0.07402	0.01852	0.01472	0.01897	0.01450	0.05745	0.01183	0.00799	0.00748	0.00245	0.00962	0.00739	0.00345	0.00810
23	0.00976	0.00741	0.00989	0.03378	0.01259	0.00757	0.00784	0.01197	0.04242	0.01901	0.03722	0.65019	0.04382	0.02122	0.00986	0.00293	0.04075	0.01896	0.00648	0.00631
24	0.01676	0.01733	0.02214	0.01906	0.01934	0.07500	0.01576	0.01837	0.01185	0.01752	0.00967	0.01569	0.00953	0.01232	0.02254	0.00308	0.67659	0.00623	0.00322	0.00799
25	0.01581	0.01428	0.01580	0.04956	0.01934	0.05176	0.00964	0.01961	0.03732	0.02329	0.01337	0.01558	0.01100	0.00575	0.00562	0.00124	0.00608	0.00457	0.00432	0.67605
26	0.01640	0.01679	0.02212	0.07997	0.02196	0.06397	0.01616	0.01829	0.01200	0.01760	0.00994	0.01603	0.00954	0.01193	0.02137	0.00304	0.62540	0.00627	0.00322	0.00799
27	0.00975	0.00762	0.00891	0.00914	0.01091	0.00705	0.00663	0.01308	0.06062	0.02262	0.23028	0.25797	0.29254	0.01816	0.00871	0.00255	0.00390	0.01583	0.00713	0.00662
28	0.00886	0.00633	0.00843	0.01012	0.01054	0.00590	0.00675	0.01012	0.01392	0.01856	0.04006	0.73979	0.04808	0.02277	0.00928	0.00295	0.00422	0.02066	0.00675	0.00590
29	0.00891	0.00637	0.00848	0.01008	0.01056	0.00594	0.00675	0.01026	0.01417	0.01895	0.06467	0.71405	0.04885	0.02248	0.00925	0.00293	0.00419	0.02038	0.00679	0.00594
30	0.00944	0.00669	0.00815	0.00907	0.00954	0.00633	0.00579	0.01031	0.01300	0.01709	0.03740	0.42677	0.10629	0.27772	0.01902	0.00435	0.00516	0.01655	0.00592	0.00540
31	0.00998	0.00736	0.00933	0.00896	0.01070	0.00671	0.00667	0.01308	0.01967	0.02729	0.57566	0.09380	0.15223	0.01577	0.00861	0.00235	0.00351	0.01385	0.00776	0.00671
32	0.02042	0.01572	0.01697	0.01478	0.01920	0.01774	0.01163	0.09613	0.55935	0.10015	0.02839	0.02600	0.02087	0.00967	0.00738	0.00242	0.00600	0.00797	0.00755	0.01167
33	0.01188	0.00884	0.01207	0.01147	0.01343	0.00862	0.04269	0.01671	0.09870	0.04980	0.31195	0.30150	0.05048	0.01650	0.00865	0.00256	0.00457	0.01487	0.00727	0.00743
34	0.01507	0.01292	0.01507	0.01077	0.01723	0.00969	0.00861	0.01830	0.01507	0.02369	0.01292	0.01507	0.01077	0.00538	0.00538	0.00108	0.00538	0.00431	0.00431	0.78898
35	0.01263	0.00631	0.00947	0.00947	0.00947	0.00631	0.00631	0.00947	0.00947	0.01263	0.01263	0.02210	0.01263	0.02525	0.02841	0.78851	0.00631	0.00631	0.00316	0.00316
36	0.02301	0.01604	0.01706	0.01360	0.01803	0.01752	0.01100	0.46465	0.02793	0.03929	0.01942	0.02140	0.01469	0.03999	0.00793	0.00225	0.00668	0.00678	0.22225	0.01048
37	0.79588	0.01406	0.01068	0.00956	0.01406	0.01631	0.00787	0.02137	0.01237	0.03261	0.01012	0.01181	0.00787	0.00675	0.00450	0.00225	0.00562	0.00394	0.00450	0.00787
38	0.01458	0.03760	0.70688	0.02072	0.03146	0.01688	0.02686	0.02302	0.01535	0.02302	0.01304	0.01535	0.00921	0.00691	0.00691	0.00230	0.01074	0.00537	0.00307	0.01074
39	0.02703	0.01862	0.02029	0.01568	0.02113	0.02026	0.01287	0.56513	0.03138	0.10855	0.01898	0.01944	0.01359	0.02993	0.00804	0.00231	0.00760	0.00675	0.04056	0.01190
40	0.01397	0.01340	0.02331	0.67729	0.04920	0.01631	0.06684	0.01891	0.01472	0.01891	0.01305	0.01940	0.00979	0.00719	0.00736	0.00242	0.00987	0.00661	0.00326	0.00820
41	0.02723	0.02016	0.02159	0.01664	0.02239	0.02236	0.01372	0.64840	0.06138	0.04517	0.01796	0.01786	0.01277	0.00877	0.00728	0.00219	0.00791	0.00661	0.00728	0.01233
42	0.00894	0.00642	0.00835	0.00985	0.01035	0.00598	0.00655	0.01016	0.01386	0.01835	0.04083	0.66391	0.08104	0.06478	0.01086	0.00317	0.00435	0.01979	0.00661	0.00583
43	0.01318	0.01039	0.01542	0.01967	0.15182	0.01047	0.01382	0.01729	0.03893	0.02244	0.03324	0.06739	0.03513	0.01702	0.00938	0.00308	0.00705	0.50037	0.00610	0.00782
44	0.01966	0.02110	0.02480	0.13800	0.36533	0.21203	0.01886	0.02390	0.04121	0.02132	0.01364	0.01751	0.01124	0.00858	0.03031	0.00244	0.01030	0.00608	0.00373	0.00997
45	0.01591	0.22349	0.50200	0.01847	0.02757	0.02023	0.02260	0.02245	0.01502	0.02123	0.01212	0.01440	0.00925	0.00697	0.00704	0.00214	0.04072	0.00502	0.00308	0.01025
46	0.00909	0.00693	0.00836	0.00896	0.01037	0.00620	0.00636	0.01105	0.01634	0.02134	0.20082	0.35551	0.27345	0.01948	0.00888	0.00263	0.00386	0.01714	0.00703	0.00620
47	0.06874	0.01587	0.01825	0.01443	0.01981	0.01647	0.01180	0.26545	0.13470	0.32078	0.02381	0.02183	0.01612	0.00892	0.00716	0.00226	0.00674	0.00701	0.00787	0.01199
48	0.06453	0.07389	0.04902	0.13730	0.05723	0.04530	0.18213	0.01972	0.01464	0.02063	0.01530	0.09878	0.01425	0.00975	0.01095	0.00254	0.16351	0.00812	0.00383	0.00857
49	0.01297	0.00889	0.01107	0.01081	0.01280	0.00871	0.00810	0.06966	0.05450	0.06574	0.27309	0.28860	0.07506	0.01694	0.00866	0.00259	0.00457	0.05233	0.00740	0.00751
50	0.01075	0.00745	0.00958	0.00924	0.01100	0.00680	0.00686	0.01371	0.01929	0.05152	0.52200	0.14792	0.12437	0.01606	0.00862	0.00239	0.00366	0.01417	0.00775	0.00686
51	0.06355	0.01811	0.04953	0.01694	0.02177	0.04774	0.07562	0.19441	0.16123	0.13773	0.04153	0.02127	0.01617	0.00918	0.00915	0.00239	0.08943	0.00713	0.00632	0.01079

[dist]
# distance from previous block
# <min> <max>
0	1

[block]
# block no. 2 follows, 28 sequences, length 28
# corresponding to MSA columns:
# 119-146
name=unknown_C
#
# <colnr> <probs for GDERKNQSTAVLIFYWHMCP>
#	G	D	E	R	K	N	Q	S	T	A	V	L	I	F	Y	W	H	M	C	P
0	0.01766	0.13933	0.06208	0.24667	0.26433	0.01935	0.01910	0.08415	0.03730	0.02331	0.01365	0.01745	0.01086	0.00702	0.00679	0.00216	0.00878	0.00604	0.00384	0.01012
1	0.01788	0.01756	0.05466	0.06948	0.15638	0.01645	0.19208	0.12593	0.01881	0.02641	0.01528	0.04681	0.01258	0.00743	0.00776	0.00210	0.02972	0.00713	0.00443	0.17114
2	0.11519	0.09882	0.36720	0.02098	0.12465	0.01752	0.02024	0.02351	0.05033	0.05151	0.01585	0.01761	0.03173	0.00735	0.00652	0.00221	0.00883	0.00574	0.00391	0.01032
3	0.01607	0.13456	0.37292	0.14076	0.12996	0.01875	0.02253	0.04318	0.01591	0.02225	0.01283	0.01593	0.00975	0.00686	0.00669	0.00219	0.00973	0.00553	0.00332	0.01025
4	0.01040	0.00707	0.00840	0.00855	0.00874	0.00718	0.00515	0.01080	0.01100	0.01481	0.02406	0.10760	0.02743	0.60129	0.11164	0.00721	0.00820	0.01116	0.00456	0.00478
5	0.29476	0.07396	0.06366	0.01358	0.01911	0.05384	0.01193	0.19558	0.04243	0.14289	0.01595	0.01619	0.01144	0.00774	0.00605	0.00217	0.00723	0.00544	0.00581	0.01023
6	0.02461	0.01782	0.01941	0.01558	0.02061	0.01959	0.01260	0.47168	0.13923	0.07872	0.02219	0.08604	0.01760	0.01022	0.00748	0.00230	0.00717	0.00817	0.00734	0.01163
7	0.00884	0.00639	0.00837	0.00996	0.01050	0.00592	0.00668	0.01014	0.01407	0.01862	0.04200	0.70117	0.08546	0.02252	0.00924	0.00292	0.00419	0.02036	0.00675	0.00592
8	0.01781	0.01709	0.02918	0.07346	0.67176	0.01722	0.02222	0.02215	0.01647	0.02353	0.01364	0.01805	0.01144	0.00651	0.00720	0.00217	0.00868	0.00648	0.00358	0.01137
9	0.00895	0.00636	0.00841	0.01001	0.01041	0.00596	0.00663	0.01014	0.01374	0.01832	0.03917	0.70369	0.04695	0.06042	0.01072	0.00317	0.00436	0.02014	0.00663	0.00583
10	0.01197	0.00866	0.01191	0.01344	0.01522	0.00876	0.01171	0.01602	0.04411	0.02211	0.03812	0.07975	0.04103	0.01966	0.00993	0.00331	0.00665	0.62400	0.00672	0.00689
11	0.01011	0.00724	0.00922	0.03127	0.01111	0.00706	0.00650	0.01190	0.01517	0.02075	0.26064	0.20404	0.06959	0.25331	0.04641	0.00436	0.00562	0.01366	0.00620	0.00585
12	0.01025	0.00754	0.00980	0.01059	0.01215	0.00710	0.00838	0.01296	0.01722	0.02283	0.22674	0.20228	0.15686	0.01889	0.00925	0.00283	0.00481	0.24595	0.00708	0.00649
13	0.01333	0.01231	0.01688	0.01524	0.01648	0.04994	0.03839	0.01570	0.01218	0.01738	0.01559	0.02324	0.01460	0.03641	0.42337	0.00801	0.25289	0.00719	0.00364	0.00720
14	0.01369	0.01286	0.02129	0.59767	0.10965	0.01538	0.01911	0.01822	0.01491	0.01917	0.01831	0.02368	0.07001	0.00817	0.00738	0.00240	0.00906	0.00724	0.00357	0.00824
15	0.02721	0.03284	0.02075	0.01847	0.02248	0.62766	0.01402	0.11079	0.02232	0.02134	0.01202	0.01366	0.00974	0.00765	0.00665	0.00191	0.01246	0.00492	0.00419	0.00893
16	0.02056	0.01589	0.01935	0.04671	0.10732	0.01743	0.01363	0.26722	0.16467	0.06011	0.05113	0.08341	0.02117	0.01075	0.00820	0.00241	0.03084	0.04191	0.00656	0.01071
17	0.01510	0.11364	0.63538	0.01983	0.03009	0.01815	0.02532	0.02289	0.01529	0.02239	0.01273	0.01495	0.00922	0.00683	0.00667	0.00222	0.01043	0.00521	0.00307	0.01059
18	0.01818	0.01817	0.02762	0.14043	0.54662	0.07826	0.02128	0.02236	0.01662	0.02248	0.01335	0.01776	0.01106	0.00668	0.00715	0.00217	0.00918	0.00632	0.00356	0.01075
19	0.01210	0.00913	0.01162	0.01212	0.01408	0.00935	0.00981	0.01820	0.13253	0.02489	0.21495	0.13855	0.04640	0.01721	0.00910	0.00286	0.00537	0.29708	0.00717	0.00748
20	0.00907	0.00649	0.00863	0.00997	0.01059	0.00605	0.00676	0.01066	0.01492	0.02015	0.13860	0.63672	0.05116	0.02158	0.00917	0.00285	0.00410	0.01953	0.00694	0.00605
21	0.03057	0.01248	0.01658	0.01296	0.01832	0.01120	0.01062	0.03495	0.07907	0.62183	0.05184	0.02597	0.02011	0.00928	0.00736	0.00227	0.00605	0.00759	0.00882	0.01210
22	0.04739	0.47961	0.08421	0.01755	0.05724	0.04732	0.11170	0.02285	0.03590	0.01978	0.01181	0.01395	0.01002	0.00644	0.00567	0.00184	0.00873	0.00498	0.00342	0.00960
23	0.03128	0.01452	0.01820	0.01395	0.01963	0.01387	0.01152	0.20711	0.02439	0.52748	0.02566	0.02278	0.01648	0.00892	0.00730	0.00223	0.00667	0.00710	0.00853	0.01237
24	0.00894	0.00712	0.00802	0.00834	0.01017	0.00620	0.00605	0.01090	0.01658	0.02095	0.16854	0.23179	0.43300	0.01889	0.00876	0.00255	0.00377	0.01628	0.00696	0.00620
25	0.76567	0.01431	0.01112	0.00984	0.01439	0.01655	0.00811	0.04707	0.01323	0.03313	0.01041	0.01203	0.00805	0.00683	0.00461	0.00225	0.00572	0.00404	0.00461	0.00805
26	0.03066	0.01194	0.01624	0.01260	0.01788	0.01035	0.01035	0.03352	0.02079	0.64509	0.08708	0.02733	0.02243	0.00951	0.00742	0.00225	0.00594	0.00782	0.00891	0.01189
27	0.02317	0.13610	0.02155	0.01562	0.04482	0.04680	0.01249	0.16388	0.21877	0.16494	0.02291	0.02439	0.01744	0.00923	0.00702	0.00223	0.00709	0.04380	0.00666	0.01110

[dist]
# distance from previous block
# <min> <max>
0	3

[block]
# block no. 3 follows, 28 sequences, length 35
# corresponding to MSA columns:
# 150-184
name=unknown_D
#
# <colnr> <probs for GDERKNQSTAVLIFYWHMCP>
#	G	D	E	R	K	N	Q	S	T	A	V	L	I	F	Y	W	H	M	C	P
0	0.10179	0.22824	0.29514	0.01693	0.02421	0.11168	0.04165	0.02286	0.01570	0.02168	0.01314	0.01747	0.01097	0.00747	0.00622	0.00210	0.00952	0.04022	0.00354	0.00948
1	0.38632	0.02350	0.30163	0.01435	0.02144	0.01575	0.01589	0.02253	0.01435	0.07242	0.01522	0.01657	0.03790	0.00745	0.00586	0.00228	0.00772	0.00524	0.00429	0.00930
2	0.01000	0.00835	0.00886	0.00877	0.01122	0.00772	0.00662	0.01428	0.09938	0.02171	0.11412	0.10801	0.50206	0.01741	0.00853	0.00250	0.00404	0.03264	0.00693	0.00686
3	0.01902	0.01768	0.01760	0.01688	0.05753	0.09037	0.01238	0.03671	0.57937	0.02872	0.02679	0.02515	0.02026	0.00943	0.00730	0.00239	0.00668	0.00775	0.00680	0.01119
4	0.00928	0.00730	0.00824	0.00816	0.01010	0.00641	0.00598	0.01151	0.01740	0.02242	0.27506	0.10516	0.40993	0.05834	0.01023	0.00269	0.00382	0.01468	0.00703	0.00626
5	0.00929	0.00675	0.00828	0.00913	0.00994	0.00626	0.00610	0.01062	0.01438	0.01893	0.10816	0.42267	0.15597	0.16161	0.01448	0.00360	0.00460	0.01704	0.00642	0.00575
6	0.01112	0.00886	0.01167	0.01159	0.01286	0.03897	0.00881	0.01341	0.01195	0.01662	0.01948	0.02987	0.01865	0.12410	0.61510	0.01078	0.01791	0.00794	0.00394	0.00636
7	0.01042	0.00765	0.01099	0.01099	0.01205	0.00871	0.00822	0.01254	0.01148	0.01636	0.02010	0.03206	0.01970	0.18181	0.59052	0.01083	0.01718	0.00830	0.00399	0.00611
8	0.01589	0.06414	0.02417	0.11868	0.02426	0.02166	0.04572	0.01819	0.01212	0.01788	0.01029	0.01628	0.00962	0.01123	0.01957	0.00293	0.54973	0.00631	0.00321	0.00814
9	0.01681	0.01765	0.02184	0.01874	0.01983	0.11574	0.05172	0.01883	0.01284	0.01778	0.01134	0.01735	0.01071	0.01699	0.10934	0.00405	0.50070	0.00644	0.00338	0.00793
10	0.02793	0.01988	0.02152	0.01650	0.02230	0.02183	0.01363	0.63650	0.03337	0.08541	0.01813	0.01789	0.01270	0.00874	0.00727	0.00219	0.00789	0.00659	0.00738	0.01236
11	0.01199	0.01114	0.05776	0.01171	0.01392	0.01031	0.00968	0.04270	0.04255	0.02613	0.39282	0.14232	0.07860	0.01492	0.01035	0.00250	0.09382	0.01251	0.00680	0.00748
12	0.02461	0.01743	0.01940	0.01465	0.02063	0.01768	0.01202	0.42309	0.02739	0.10815	0.01734	0.01754	0.01250	0.00781	0.00674	0.00188	0.00707	0.00599	0.00661	0.23147
13	0.01068	0.00822	0.01224	0.01207	0.01330	0.00978	0.00945	0.01322	0.01165	0.01691	0.01894	0.02789	0.01772	0.05231	0.67911	0.01123	0.05714	0.00771	0.00386	0.00657
14	0.01920	0.01956	0.02833	0.04121	0.61006	0.10922	0.02122	0.02319	0.01708	0.02296	0.01335	0.01735	0.01123	0.00661	0.00711	0.00212	0.00922	0.00624	0.00362	0.01111
15	0.01038	0.00779	0.01168	0.01168	0.01298	0.00909	0.00909	0.01298	0.01168	0.01687	0.01947	0.02856	0.01817	0.05452	0.71573	0.01168	0.01947	0.00779	0.00389	0.00649
16	0.03726	0.01416	0.02593	0.28037	0.03516	0.01523	0.23793	0.01929	0.03426	0.02101	0.01918	0.13669	0.01789	0.01014	0.00867	0.00258	0.03539	0.03627	0.00424	0.00834
17	0.79588	0.01406	0.01068	0.00956	0.01406	0.01631	0.00787	0.02137	0.01237	0.03261	0.01012	0.01181	0.00787	0.00675	0.00450	0.00225	0.00562	0.00394	0.00450	0.00787
18	0.01619	0.01485	0.02349	0.39575	0.24387	0.01662	0.01933	0.06028	0.05321	0.02273	0.01434	0.01902	0.01116	0.00715	0.00715	0.00225	0.00881	0.00645	0.00388	0.05350
19	0.00968	0.00726	0.00984	0.03980	0.01248	0.00748	0.00768	0.01104	0.01336	0.01799	0.03468	0.57121	0.04094	0.09340	0.04437	0.00373	0.04529	0.01774	0.00605	0.00599
20	0.03756	0.01293	0.02031	0.56736	0.04256	0.01570	0.01800	0.02036	0.04766	0.06484	0.01711	0.02188	0.03951	0.00817	0.00788	0.00244	0.03640	0.00690	0.00400	0.00843
21	0.04702	0.01086	0.01421	0.01142	0.01581	0.00953	0.00919	0.02656	0.02001	0.40945	0.24339	0.03317	0.03354	0.01054	0.00748	0.00217	0.00521	0.00886	0.00816	0.07342
22	0.05063	0.01861	0.03412	0.07241	0.10501	0.03834	0.40853	0.08783	0.01837	0.02539	0.01521	0.04112	0.01210	0.00706	0.00792	0.00234	0.01058	0.00796	0.00415	0.03231
23	0.02551	0.07443	0.02089	0.01741	0.02141	0.56087	0.01336	0.08923	0.02128	0.02055	0.01588	0.01719	0.05501	0.00825	0.00664	0.00192	0.01168	0.00552	0.00424	0.00871
24	0.00876	0.00737	0.00760	0.00754	0.00992	0.00621	0.00565	0.01076	0.01696	0.02057	0.13495	0.06841	0.63434	0.01806	0.00859	0.00244	0.00366	0.01512	0.00687	0.00621
25	0.00893	0.00638	0.00850	0.01007	0.01056	0.00595	0.00675	0.01030	0.01424	0.01907	0.07209	0.70629	0.04908	0.02239	0.00924	0.00292	0.00418	0.02030	0.00681	0.00595
26	0.02304	0.01787	0.01857	0.01510	0.01926	0.06454	0.01197	0.45028	0.02703	0.03568	0.01868	0.06450	0.01602	0.09367	0.03889	0.03154	0.02919	0.00775	0.00629	0.01015
27	0.02763	0.02036	0.02182	0.01672	0.02254	0.02254	0.01382	0.67496	0.03418	0.04581	0.01745	0.01745	0.01236	0.00873	0.00727	0.00218	0.00800	0.00654	0.00727	0.01236
28	0.01144	0.00757	0.00920	0.00915	0.01114	0.00670	0.00672	0.01362	0.01724	0.08849	0.21824	0.25386	0.28390	0.01784	0.00866	0.00253	0.00402	0.01553	0.00729	0.00686
29	0.01377	0.03521	0.01757	0.16688	0.02303	0.06268	0.01335	0.01660	0.01325	0.01796	0.04326	0.02324	0.01565	0.02863	0.30840	0.00641	0.17591	0.00707	0.00373	0.00739
30	0.01445	0.01222	0.01533	0.01228	0.01654	0.01161	0.00985	0.04475	0.01449	0.02204	0.01446	0.01890	0.01267	0.01962	0.19851	0.00423	0.09804	0.00559	0.00418	0.45021
31	0.01142	0.00863	0.01196	0.01169	0.01313	0.00965	0.00897	0.05267	0.01472	0.02079	0.12587	0.14061	0.02978	0.03892	0.42491	0.00794	0.04588	0.01045	0.00513	0.00688
32	0.01064	0.00786	0.01007	0.01113	0.01269	0.00754	0.00883	0.03274	0.01650	0.02136	0.07045	0.28253	0.17112	0.02005	0.00938	0.00297	0.00525	0.28555	0.00679	0.00652
33	0.02564	0.01883	0.02033	0.01605	0.02138	0.02082	0.01309	0.53826	0.12183	0.06312	0.02047	0.05138	0.01548	0.00952	0.00738	0.00226	0.00747	0.00743	0.00732	0.01196
34	0.01271	0.00874	0.01073	0.01064	0.01230	0.00858	0.00765	0.09952	0.01811	0.05212	0.17254	0.39761	0.06978	0.07056	0.01076	0.00296	0.00482	0.01577	0.00700	0.00712

[dist]
# distance from previous block
# <min> <max>
0	1

[block]
# block no. 4 follows, 28 sequences, length 49
# corresponding to MSA columns:
# 186-234
name=unknown_E
#
# <colnr> <probs for GDERKNQSTAVLIFYWHMCP>
#	G	D	E	R	K	N	Q	S	T	A	V	L	I	F	Y	W	H	M	C	P
0	0.02000	0.01388	0.04784	0.01295	0.01735	0.01262	0.01062	0.16849	0.06832	0.17365	0.04463	0.18327	0.04760	0.03055	0.00830	0.00238	0.00610	0.01019	0.00687	0.11440
1	0.01614	0.03920	0.01635	0.01142	0.01769	0.01161	0.00923	0.05823	0.05639	0.02516	0.01409	0.01582	0.01149	0.00588	0.00559	0.00124	0.00564	0.00466	0.00462	0.66954
2	0.01525	0.09926	0.58440	0.02126	0.06721	0.01816	0.02492	0.02267	0.01521	0.02233	0.01269	0.01519	0.00936	0.00703	0.00734	0.00226	0.03647	0.00534	0.00311	0.01056
3	0.01627	0.11644	0.46973	0.02111	0.03010	0.05700	0.12257	0.02308	0.01572	0.02192	0.01275	0.01546	0.00952	0.00692	0.00740	0.00224	0.03266	0.00568	0.00321	0.01022
4	0.00904	0.00663	0.00849	0.00960	0.01050	0.00608	0.00660	0.01072	0.01530	0.02034	0.14577	0.54489	0.13735	0.02097	0.00908	0.00278	0.00402	0.01880	0.00694	0.00608
5	0.01478	0.01261	0.01476	0.01074	0.01691	0.00951	0.00852	0.01791	0.01502	0.02344	0.01421	0.04947	0.01254	0.00621	0.00557	0.00117	0.00533	0.00508	0.00442	0.75181
6	0.00933	0.00653	0.00829	0.00951	0.00982	0.00622	0.00610	0.01025	0.01299	0.01732	0.03530	0.54758	0.04207	0.22319	0.01697	0.00409	0.00500	0.01786	0.00610	0.00549
7	0.01853	0.01840	0.06432	0.06210	0.52248	0.03842	0.02066	0.02461	0.08509	0.05112	0.01576	0.01895	0.01261	0.00701	0.00719	0.00220	0.00853	0.00657	0.00416	0.01129
8	0.01772	0.01302	0.03630	0.03364	0.01707	0.01315	0.01078	0.13143	0.01877	0.12567	0.08207	0.07181	0.14029	0.05380	0.01265	0.03011	0.12183	0.00952	0.00609	0.05428
9	0.00883	0.00642	0.00834	0.00987	0.01048	0.00593	0.00664	0.01015	0.01416	0.01865	0.04312	0.67874	0.10716	0.02238	0.00922	0.00291	0.00417	0.02018	0.00675	0.00593
10	0.02289	0.02484	0.02357	0.02766	0.27149	0.31632	0.01680	0.09253	0.08927	0.02411	0.01466	0.01679	0.01178	0.00749	0.00695	0.00207	0.01019	0.00590	0.00442	0.01028
11	0.02189	0.01812	0.01837	0.01554	0.02010	0.06096	0.01231	0.28810	0.35151	0.03509	0.02426	0.06159	0.01896	0.00998	0.00740	0.00234	0.00700	0.00803	0.00709	0.01135
12	0.01793	0.01811	0.07866	0.01630	0.02244	0.06870	0.12046	0.06116	0.04464	0.06260	0.03168	0.03661	0.01384	0.00725	0.00708	0.00179	0.02606	0.00628	0.00474	0.35369
13	0.01482	0.05553	0.45436	0.07887	0.11499	0.01656	0.05918	0.02157	0.01540	0.02222	0.01514	0.07089	0.01258	0.00801	0.00716	0.00232	0.00988	0.00687	0.00346	0.01016
14	0.01943	0.49860	0.18248	0.01481	0.02197	0.02535	0.01578	0.10676	0.01741	0.02212	0.01170	0.01322	0.00970	0.00669	0.00549	0.00180	0.00845	0.00456	0.00364	0.01003
15	0.00899	0.00638	0.00839	0.00995	0.01034	0.00599	0.00656	0.01016	0.01365	0.01820	0.03871	0.68520	0.04637	0.07970	0.01146	0.00328	0.00444	0.01987	0.00656	0.00579
16	0.01828	0.02045	0.09921	0.12671	0.36947	0.08365	0.02013	0.04812	0.09721	0.02400	0.01531	0.01850	0.01212	0.00721	0.00714	0.00222	0.00906	0.00639	0.00409	0.01070
17	0.02063	0.17393	0.02019	0.01305	0.01740	0.01624	0.01119	0.15357	0.04768	0.16017	0.04675	0.05408	0.06678	0.03399	0.00832	0.00248	0.00671	0.13077	0.00648	0.00960
18	0.01057	0.00705	0.00793	0.00793	0.00793	0.00705	0.00440	0.01057	0.01057	0.01409	0.02290	0.04757	0.02643	0.74454	0.03700	0.00705	0.00705	0.01057	0.00440	0.00440
19	0.00994	0.00741	0.00926	0.01011	0.01119	0.00717	0.00703	0.01324	0.07332	0.02134	0.15390	0.49475	0.09134	0.04194	0.00979	0.00289	0.00427	0.01763	0.00695	0.00652
20	0.10927	0.31024	0.19425	0.01622	0.04933	0.04409	0.03301	0.03958	0.01564	0.06272	0.01298	0.01502	0.01038	0.00957	0.04747	0.00253	0.00918	0.00501	0.00382	0.00967
21	0.02763	0.02036	0.02182	0.01672	0.02254	0.02254	0.01382	0.67496	0.03418	0.04581	0.01745	0.01745	0.01236	0.00873	0.00727	0.00218	0.00800	0.00654	0.00727	0.01236
22	0.02047	0.01597	0.01717	0.01490	0.01935	0.01808	0.01174	0.12091	0.54904	0.08555	0.02794	0.02568	0.02058	0.00965	0.00737	0.00241	0.00608	0.00793	0.00751	0.01168
23	0.01943	0.74891	0.03809	0.01244	0.01866	0.02876	0.01244	0.02177	0.01477	0.01710	0.01011	0.01166	0.00933	0.00622	0.00466	0.00155	0.00777	0.00389	0.00311	0.00933
24	0.01734	0.01848	0.08224	0.10402	0.58824	0.01714	0.02248	0.02203	0.01628	0.02323	0.01356	0.01791	0.01117	0.00658	0.00718	0.00219	0.00890	0.00639	0.00352	0.01114
25	0.03022	0.01235	0.01643	0.01287	0.01815	0.01105	0.01053	0.03446	0.07326	0.61333	0.06603	0.02658	0.02115	0.00939	0.00739	0.00227	0.00600	0.00771	0.00881	0.01199
26	0.00940	0.00687	0.00888	0.01003	0.01086	0.00650	0.00689	0.01171	0.03913	0.02066	0.14255	0.58139	0.07613	0.02091	0.00907	0.00281	0.00413	0.01884	0.00697	0.00626
27	0.00905	0.00684	0.00837	0.00913	0.01039	0.00615	0.00641	0.01089	0.01595	0.02088	0.17397	0.41458	0.24102	0.02000	0.00894	0.00268	0.00391	0.01769	0.00699	0.00615
28	0.00899	0.00643	0.00856	0.01003	0.01057	0.00600	0.00676	0.01047	0.01456	0.01958	0.10337	0.67357	0.05006	0.02201	0.00921	0.00289	0.00414	0.01994	0.00687	0.00600
29	0.01317	0.00907	0.01098	0.01070	0.01230	0.00913	0.00778	0.09056	0.03670	0.04595	0.15274	0.21610	0.03920	0.21985	0.01661	0.00389	0.00570	0.08622	0.00647	0.00688
30	0.01568	0.19819	0.55588	0.01885	0.02857	0.01956	0.02360	0.02274	0.01522	0.02168	0.01238	0.01451	0.00924	0.00675	0.00640	0.00213	0.01007	0.00504	0.00308	0.01042
31	0.01159	0.00785	0.00876	0.00846	0.00880	0.00798	0.00497	0.05038	0.01199	0.01600	0.02258	0.04576	0.02558	0.70044	0.03522	0.00676	0.00710	0.01033	0.00458	0.00488
32	0.01355	0.00678	0.00678	0.00678	0.00847	0.00678	0.00508	0.01694	0.01524	0.02710	0.02371	0.02710	0.01863	0.00847	0.00508	0.00169	0.00339	0.00678	0.78489	0.00678
33	0.75880	0.01517	0.04373	0.01009	0.01488	0.01633	0.00877	0.02145	0.01251	0.03216	0.01026	0.01198	0.00794	0.00676	0.00461	0.00225	0.00587	0.00400	0.00443	0.00801
34	0.01263	0.00631	0.00947	0.00947	0.00947	0.00631	0.00631	0.00947	0.00947	0.01263	0.01263	0.02210	0.01263	0.02525	0.02841	0.78851	0.00631	0.00631	0.00316	0.00316
35	0.01951	0.01524	0.01637	0.01436	0.01863	0.01712	0.01127	0.08806	0.53821	0.08764	0.03112	0.02866	0.06065	0.01020	0.00745	0.00242	0.00585	0.00843	0.00748	0.01133
36	0.01861	0.01579	0.02213	0.03807	0.02345	0.01462	0.13994	0.14388	0.06712	0.05189	0.01586	0.01773	0.01215	0.00666	0.00663	0.00173	0.00740	0.00601	0.00509	0.38525
37	0.01700	0.01818	0.08812	0.14918	0.43529	0.01717	0.02083	0.02410	0.11202	0.02379	0.01577	0.01928	0.01254	0.00713	0.00721	0.00226	0.00859	0.00662	0.00403	0.01088
38	0.00886	0.00633	0.00843	0.01012	0.01054	0.00590	0.00675	0.01012	0.01392	0.01856	0.04006	0.73979	0.04808	0.02277	0.00928	0.00295	0.00422	0.02066	0.00675	0.00590
39	0.00950	0.00689	0.00908	0.01048	0.01140	0.00647	0.00764	0.01136	0.01514	0.01999	0.08714	0.51064	0.09937	0.02136	0.00933	0.00295	0.00461	0.14371	0.00682	0.00614
40	0.08811	0.03788	0.01690	0.01283	0.01792	0.01356	0.01055	0.13355	0.05903	0.40748	0.06727	0.02651	0.05652	0.00960	0.00715	0.00224	0.00616	0.00765	0.00790	0.01119
41	0.01724	0.02077	0.12965	0.12232	0.38357	0.07167	0.06043	0.02211	0.01648	0.02237	0.01481	0.02124	0.01252	0.00750	0.00736	0.00228	0.00954	0.04412	0.00367	0.01034
42	0.17462	0.05801	0.07237	0.11528	0.04631	0.01503	0.01270	0.12018	0.01804	0.06524	0.07053	0.14062	0.04092	0.01082	0.00699	0.00235	0.00680	0.00888	0.00547	0.00884
43	0.10900	0.01803	0.02257	0.06821	0.35499	0.10728	0.01704	0.02443	0.10725	0.02442	0.01787	0.02212	0.03399	0.00805	0.00699	0.00225	0.00831	0.03264	0.00444	0.01014
44	0.02173	0.02303	0.02339	0.06985	0.27515	0.27369	0.01726	0.10142	0.02003	0.02370	0.01522	0.02149	0.01321	0.00828	0.00721	0.00217	0.01011	0.05884	0.00432	0.00988
45	0.04788	0.08396	0.02045	0.01678	0.02058	0.50681	0.01282	0.06348	0.05898	0.02020	0.01346	0.01674	0.01158	0.06571	0.00884	0.00232	0.01128	0.00538	0.00418	0.00856
46	0.23796	0.01701	0.01453	0.04163	0.01761	0.15814	0.01024	0.08430	0.05843	0.05348	0.20607	0.02626	0.02700	0.00966	0.00672	0.00220	0.00697	0.00741	0.00588	0.00851
47	0.13947	0.01611	0.01775	0.01505	0.01961	0.01819	0.05003	0.13429	0.42022	0.03271	0.04382	0.02361	0.01917	0.00913	0.00703	0.00238	0.00640	0.00746	0.00673	0.01084
48	0.09376	0.14742	0.27423	0.01682	0.02391	0.01888	0.05817	0.06329	0.14029	0.02605	0.05656	0.01927	0.01535	0.00785	0.00661	0.00220	0.00831	0.00624	0.00460	0.01017

[dist]
# distance from previous block
# <min> <max>
5	67

[block]
# block no. 5 follows, 28 sequences, length 7
# corresponding to MSA columns:
# 306-312
name=unknown_F
#
# <colnr> <probs for GDERKNQSTAVLIFYWHMCP>
#	G	D	E	R	K	N	Q	S	T	A	V	L	I	F	Y	W	H	M	C	P
0	0.01922	0.09345	0.14463	0.01850	0.07397	0.21025	0.01565	0.05577	0.11800	0.02288	0.02168	0.02725	0.05942	0.00968	0.00716	0.00224	0.00918	0.07681	0.00478	0.00948
1	0.13714	0.05697	0.09412	0.01207	0.01645	0.05001	0.01082	0.06168	0.01658	0.17112	0.01809	0.02001	0.01352	0.01041	0.00925	0.11603	0.00664	0.00595	0.16450	0.00865
2	0.01813	0.07436	0.08110	0.02869	0.32771	0.09808	0.01799	0.06364	0.01816	0.02388	0.05195	0.02855	0.01861	0.00931	0.00743	0.00229	0.00866	0.10700	0.00448	0.00999
3	0.01754	0.01115	0.01418	0.01302	0.01579	0.05642	0.04914	0.01985	0.01695	0.19441	0.05727	0.19655	0.06705	0.05717	0.01095	0.03289	0.00652	0.14845	0.00670	0.00799
4	0.01798	0.07588	0.16380	0.02437	0.19679	0.07536	0.05154	0.09332	0.01843	0.02467	0.01765	0.02713	0.01579	0.00907	0.00735	0.00228	0.00899	0.11344	0.00443	0.05170
5	0.01336	0.00773	0.00863	0.00844	0.00983	0.00839	0.00642	0.01635	0.01467	0.02524	0.02371	0.09342	0.02043	0.01029	0.00753	0.00198	0.08310	0.00805	0.62561	0.00682
6	0.45385	0.15500	0.01870	0.06691	0.01920	0.01975	0.01073	0.13490	0.01679	0.03087	0.01161	0.01335	0.00907	0.00703	0.00523	0.00212	0.00676	0.00458	0.00462	0.00895

[dist]
# distance from previous block
# <min> <max>
0	3

[block]
# block no. 6 follows, 28 sequences, length 21
# corresponding to MSA columns:
# 316-336
name=unknown_G
#
# <colnr> <probs for GDERKNQSTAVLIFYWHMCP>
#	G	D	E	R	K	N	Q	S	T	A	V	L	I	F	Y	W	H	M	C	P
0	0.50582	0.01474	0.06125	0.04992	0.01771	0.01455	0.01026	0.02278	0.01424	0.14304	0.01604	0.07390	0.01304	0.00847	0.00568	0.00232	0.00619	0.00610	0.00527	0.00868
1	0.01053	0.00707	0.00825	0.00839	0.00906	0.00704	0.00539	0.01160	0.01242	0.01729	0.04832	0.10974	0.09412	0.42440	0.10139	0.00597	0.00729	0.01131	0.09513	0.00529
2	0.18911	0.04695	0.01732	0.01341	0.01801	0.04230	0.01094	0.31516	0.04411	0.03457	0.01590	0.01770	0.01226	0.01204	0.05830	0.03675	0.00792	0.00586	0.05810	0.04331
3	0.41125	0.10037	0.11030	0.08028	0.06638	0.01735	0.01329	0.02268	0.01427	0.08703	0.01265	0.01452	0.00952	0.00694	0.00553	0.00219	0.00718	0.00482	0.00437	0.00908
4	0.01443	0.01062	0.01132	0.01068	0.01338	0.05613	0.00836	0.05558	0.01901	0.09881	0.17960	0.10368	0.27239	0.01587	0.00847	0.00250	0.00525	0.09929	0.00707	0.00756
5	0.01541	0.01292	0.01503	0.01108	0.01709	0.01020	0.00880	0.05714	0.01614	0.02467	0.01503	0.06434	0.01339	0.00676	0.00576	0.00127	0.00546	0.00555	0.00465	0.68931
6	0.06895	0.00787	0.01045	0.01000	0.01074	0.00819	0.00696	0.05828	0.01146	0.01643	0.01280	0.02104	0.01227	0.02276	0.02520	0.67637	0.00639	0.00616	0.00355	0.00415
7	0.01079	0.00815	0.00960	0.00987	0.01137	0.00784	0.00688	0.04082	0.06076	0.02088	0.08023	0.37226	0.15771	0.12476	0.01280	0.00329	0.00479	0.01575	0.00646	0.03500
8	0.38680	0.10833	0.10596	0.01314	0.01884	0.01919	0.01229	0.13967	0.08361	0.03161	0.01373	0.01476	0.01044	0.00736	0.00561	0.00218	0.00698	0.00500	0.00493	0.00958
9	0.07679	0.16291	0.46874	0.01928	0.02840	0.01913	0.08361	0.02269	0.01518	0.02272	0.01244	0.01480	0.00930	0.00670	0.00647	0.00218	0.00995	0.00529	0.00325	0.01017
10	0.01180	0.00801	0.00893	0.00856	0.00898	0.00816	0.00508	0.05847	0.01227	0.01638	0.02251	0.04540	0.02541	0.69149	0.03485	0.00670	0.00712	0.01028	0.00461	0.00498
11	0.02446	0.01848	0.01909	0.01546	0.02048	0.05550	0.01248	0.39147	0.19839	0.08543	0.02303	0.02221	0.03735	0.00928	0.00724	0.00224	0.00728	0.00722	0.03135	0.01156
12	0.01993	0.01355	0.01641	0.03881	0.01870	0.01430	0.01142	0.25420	0.02212	0.11641	0.02440	0.16291	0.02265	0.01629	0.06990	0.00324	0.03840	0.06527	0.00652	0.06457
13	0.04808	0.01215	0.05360	0.02793	0.01519	0.05659	0.00953	0.01886	0.01870	0.14204	0.33866	0.15721	0.04497	0.01370	0.00804	0.00237	0.00537	0.01183	0.00712	0.00805
14	0.02674	0.07400	0.02163	0.01829	0.02226	0.64713	0.01395	0.05640	0.02086	0.01896	0.01144	0.01321	0.00949	0.00747	0.00648	0.00187	0.01259	0.00472	0.00386	0.00865
15	0.10103	0.35442	0.07470	0.05323	0.02066	0.08843	0.01323	0.03883	0.01585	0.05600	0.01429	0.01924	0.01252	0.01090	0.05350	0.00261	0.00901	0.04854	0.00403	0.00898
16	0.07651	0.05122	0.02187	0.01658	0.02198	0.05728	0.04981	0.41296	0.15300	0.03807	0.01845	0.01854	0.01355	0.00849	0.00703	0.00221	0.00791	0.00659	0.00654	0.01142
17	0.02258	0.15116	0.02138	0.04438	0.01970	0.01497	0.05562	0.08626	0.01940	0.27841	0.07802	0.10184	0.02246	0.01014	0.00712	0.00219	0.00666	0.00856	0.03910	0.01005
18	0.01742	0.01174	0.01353	0.01161	0.01473	0.01179	0.00865	0.13836	0.10149	0.10412	0.08065	0.11033	0.02657	0.21221	0.01556	0.00353	0.00616	0.00981	0.00637	0.09537
19	0.01216	0.01237	0.08764	0.01335	0.04359	0.01009	0.01044	0.01576	0.06218	0.02021	0.04705	0.28857	0.02915	0.10378	0.03791	0.03730	0.04405	0.01216	0.00527	0.10698
20	0.16602	0.10302	0.15646	0.03838	0.02319	0.01730	0.09965	0.02493	0.12114	0.07976	0.04657	0.04460	0.01590	0.00837	0.00706	0.00229	0.02386	0.00688	0.00493	0.00968

[dist]
# distance from previous block
# <min> <max>
11	15

[block]
# block no. 7 follows, 28 sequences, length 44
# corresponding to MSA columns:
# 355-398
name=unknown_H
#
# <colnr> <probs for GDERKNQSTAVLIFYWHMCP>
#	G	D	E	R	K	N	Q	S	T	A	V	L	I	F	Y	W	H	M	C	P
0	0.01352	0.01150	0.01279	0.02946	0.01411	0.05319	0.00895	0.08211	0.01559	0.02023	0.03160	0.18329	0.14146	0.19389	0.04364	0.00406	0.11664	0.01187	0.00532	0.00679
1	0.04043	0.13012	0.40575	0.02382	0.17156	0.01816	0.02224	0.02206	0.01522	0.02230	0.01305	0.01605	0.01020	0.00946	0.04751	0.00271	0.01022	0.00550	0.00328	0.01037
2	0.01583	0.08584	0.57191	0.02076	0.03068	0.01764	0.08535	0.02341	0.01567	0.04766	0.01356	0.01583	0.00971	0.00686	0.00692	0.00226	0.01050	0.00564	0.00335	0.01061
3	0.01045	0.00716	0.00870	0.00878	0.00905	0.00740	0.00544	0.01103	0.01095	0.01485	0.02302	0.07592	0.02579	0.57373	0.17077	0.00778	0.00939	0.01049	0.00441	0.00489
4	0.01722	0.02019	0.12202	0.05753	0.24386	0.01762	0.23903	0.06323	0.01735	0.02424	0.01540	0.02191	0.01273	0.00774	0.00870	0.00241	0.04911	0.04549	0.00393	0.01028
5	0.01535	0.01582	0.03047	0.24716	0.11588	0.01660	0.29695	0.02018	0.01566	0.02113	0.01612	0.08606	0.01403	0.00841	0.00886	0.00249	0.04735	0.00868	0.00379	0.00901
6	0.01055	0.00713	0.00836	0.00836	0.00850	0.00728	0.00494	0.01085	0.01070	0.01441	0.02251	0.04540	0.02549	0.66598	0.11427	0.00757	0.00846	0.01025	0.00435	0.00464
7	0.01889	0.22320	0.29798	0.01883	0.05078	0.06304	0.03610	0.12151	0.01820	0.02427	0.01267	0.01479	0.00988	0.00735	0.00743	0.00211	0.05357	0.00529	0.00380	0.01030
8	0.02595	0.01854	0.02015	0.01580	0.02106	0.02032	0.01286	0.55016	0.06693	0.08065	0.01999	0.05295	0.01535	0.03445	0.00838	0.00240	0.00756	0.00747	0.00726	0.01175
9	0.01126	0.00759	0.00849	0.00828	0.00852	0.00768	0.00479	0.03749	0.01153	0.01538	0.02268	0.04635	0.02586	0.71472	0.03579	0.00685	0.00709	0.01041	0.00452	0.00473
10	0.00969	0.00675	0.00851	0.00936	0.00969	0.00665	0.00600	0.01055	0.01236	0.01659	0.03129	0.39610	0.03666	0.31950	0.08192	0.00538	0.00669	0.01544	0.00555	0.00534
11	0.02023	0.01651	0.04280	0.01421	0.01933	0.01629	0.01177	0.32346	0.09360	0.03421	0.05614	0.07888	0.01909	0.01137	0.03580	0.00242	0.00720	0.00773	0.00634	0.18264
12	0.04057	0.01988	0.06448	0.06234	0.55435	0.08718	0.02125	0.02287	0.01671	0.02319	0.01327	0.01723	0.01101	0.00664	0.00704	0.00215	0.00915	0.00616	0.00360	0.01095
13	0.00985	0.00674	0.00814	0.00885	0.00903	0.00656	0.00539	0.01038	0.01198	0.01598	0.03015	0.33995	0.03557	0.43968	0.02529	0.00532	0.00585	0.01483	0.00539	0.00504
14	0.01118	0.00858	0.01023	0.01071	0.01263	0.00836	0.00825	0.04953	0.06521	0.02242	0.07797	0.27150	0.23360	0.01882	0.00897	0.00279	0.00490	0.16053	0.00687	0.00695
15	0.02106	0.01523	0.01610	0.05479	0.01965	0.09144	0.01125	0.03016	0.25198	0.19933	0.10488	0.02972	0.03945	0.01008	0.00741	0.00227	0.00660	0.02830	0.00702	0.05329
16	0.01518	0.00981	0.01196	0.01075	0.01354	0.00959	0.00826	0.04685	0.11845	0.12752	0.37679	0.08923	0.10500	0.01382	0.00821	0.00236	0.00443	0.01196	0.00784	0.00845
17	0.02693	0.01255	0.01648	0.05223	0.01951	0.01189	0.01096	0.08777	0.06053	0.46744	0.12710	0.02839	0.02489	0.00981	0.00750	0.00227	0.00610	0.00813	0.00828	0.01125
18	0.04133	0.01401	0.02329	0.53723	0.20623	0.01643	0.02028	0.01957	0.01495	0.02030	0.01301	0.01879	0.01007	0.00706	0.00716	0.00235	0.00930	0.00638	0.00336	0.00890
19	0.01590	0.23048	0.52552	0.01847	0.02799	0.02010	0.02295	0.02268	0.01519	0.02142	0.01225	0.01435	0.00924	0.00672	0.00630	0.00210	0.00994	0.00497	0.00308	0.01036
20	0.01046	0.00725	0.00864	0.00881	0.00893	0.00744	0.00536	0.01083	0.01118	0.01505	0.02510	0.15784	0.02903	0.57362	0.06194	0.00646	0.03053	0.01195	0.00472	0.00485
21	0.01298	0.00904	0.01032	0.00972	0.01072	0.00941	0.00636	0.11139	0.01455	0.01952	0.02356	0.11047	0.02592	0.51770	0.07273	0.00620	0.00770	0.01079	0.00504	0.00589
22	0.00906	0.00648	0.00865	0.01021	0.01076	0.00607	0.00697	0.01054	0.01441	0.01928	0.07617	0.67301	0.04893	0.02222	0.00927	0.00293	0.00428	0.04795	0.00681	0.00599
23	0.01553	0.01308	0.01519	0.01107	0.01727	0.01026	0.00883	0.05425	0.01608	0.02471	0.01420	0.04259	0.01226	0.00623	0.00563	0.00121	0.00548	0.00505	0.00456	0.71650
24	0.01537	0.01324	0.01692	0.05494	0.02016	0.01101	0.04613	0.05473	0.01614	0.02423	0.01519	0.06698	0.01345	0.00695	0.00605	0.00143	0.00608	0.00595	0.00455	0.60050
25	0.01474	0.03646	0.66483	0.02135	0.03187	0.01698	0.06776	0.02304	0.01546	0.02304	0.01315	0.01562	0.00932	0.00686	0.00701	0.00231	0.01084	0.00557	0.00311	0.01068
26	0.09356	0.01330	0.02113	0.61330	0.08518	0.01623	0.01906	0.01908	0.01444	0.02031	0.01268	0.01853	0.00961	0.00717	0.00698	0.00239	0.00921	0.00620	0.00338	0.00826
27	0.01444	0.01465	0.02293	0.05987	0.02306	0.05056	0.17664	0.01733	0.01427	0.01936	0.02204	0.19058	0.05638	0.01436	0.03353	0.00304	0.24403	0.01073	0.00439	0.00782
28	0.06241	0.01467	0.02351	0.44110	0.24651	0.01680	0.01981	0.05036	0.01594	0.02227	0.01319	0.01841	0.01027	0.00706	0.00708	0.00232	0.00904	0.00632	0.00361	0.00932
29	0.01056	0.00709	0.00817	0.00817	0.00825	0.00718	0.00470	0.01072	0.01064	0.01427	0.02269	0.04636	0.02590	0.70084	0.07998	0.00734	0.00783	0.01039	0.00437	0.00454
30	0.75181	0.01396	0.01104	0.00975	0.01432	0.01598	0.00803	0.02218	0.01286	0.07140	0.01119	0.01256	0.00846	0.00688	0.00466	0.00225	0.00566	0.00413	0.00476	0.00813
31	0.00922	0.00662	0.00890	0.01021	0.01088	0.00630	0.00707	0.01091	0.01469	0.01986	0.11943	0.58906	0.04851	0.02372	0.05395	0.00344	0.00517	0.03927	0.00672	0.00608
32	0.00978	0.00741	0.00902	0.00861	0.01055	0.00664	0.00646	0.01274	0.01938	0.02631	0.51000	0.05897	0.25571	0.01592	0.00858	0.00234	0.00350	0.01380	0.00763	0.00664
