[name]
unknown

[dist]
# distance from previous block
# <min> <max>
3	30

[block]
# block no. 0 follows, 31 sequences, length 6
# corresponding to MSA columns:
# 32-37
name=unknown_A
#
# <colnr> <probs for GDERKNQSTAVLIFYWHMCP>
#	G	D	E	R	K	N	Q	S	T	A	V	L	I	F	Y	W	H	M	C	P
0	0.01673	0.01413	0.01503	0.01246	0.01643	0.07083	0.00983	0.08579	0.12116	0.06651	0.02267	0.08655	0.07689	0.00962	0.00812	0.00192	0.08280	0.00749	0.00529	0.26975
1	0.01173	0.00924	0.01170	0.01087	0.01247	0.00956	0.03735	0.09691	0.01528	0.02014	0.03483	0.27724	0.17130	0.17248	0.01492	0.00340	0.06551	0.01315	0.00555	0.00639
2	0.01954	0.01967	0.16422	0.01456	0.02099	0.01564	0.01379	0.25790	0.09254	0.07317	0.01622	0.01676	0.01189	0.00711	0.00629	0.00182	0.00706	0.00555	0.00536	0.22992
3	0.01284	0.01014	0.01168	0.00969	0.01318	0.00879	0.00717	0.07354	0.01484	0.02112	0.02374	0.14818	0.08085	0.16597	0.01228	0.00268	0.00529	0.00893	0.00490	0.36420
4	0.01977	0.01832	0.01700	0.01322	0.01860	0.16270	0.01050	0.20385	0.02017	0.02682	0.01299	0.01441	0.01027	0.00634	0.00578	0.00145	0.00725	0.00470	0.00470	0.42115
5	0.01524	0.01222	0.01411	0.01108	0.01587	0.01070	0.00868	0.14566	0.01741	0.02529	0.01829	0.16863	0.01772	0.00907	0.00617	0.00158	0.00531	0.00766	0.00507	0.48423

[dist]
# distance from previous block
# <min> <max>
3	12

[block]
# block no. 1 follows, 31 sequences, length 91
# corresponding to MSA columns:
# 50-140
name=unknown_B
#
# <colnr> <probs for GDERKNQSTAVLIFYWHMCP>
#	G	D	E	R	K	N	Q	S	T	A	V	L	I	F	Y	W	H	M	C	P
0	0.01258	0.15778	0.01509	0.00977	0.01251	0.03643	0.00771	0.01455	0.03453	0.01681	0.02607	0.03217	0.15318	0.15101	0.13731	0.06705	0.00808	0.00791	0.00422	0.09527
1	0.01521	0.29844	0.07718	0.01152	0.01643	0.04954	0.01057	0.01785	0.01372	0.01817	0.03440	0.01879	0.01348	0.09992	0.07102	0.00287	0.00792	0.00524	0.00360	0.21413
2	0.22593	0.16673	0.06985	0.01131	0.01568	0.03915	0.01004	0.02207	0.08322	0.11133	0.07886	0.02164	0.01746	0.08976	0.00879	0.00249	0.00633	0.00609	0.00494	0.00834
3	0.02677	0.01262	0.01584	0.01253	0.01741	0.01205	0.01022	0.11191	0.11169	0.49811	0.05675	0.02516	0.03851	0.00903	0.00697	0.00214	0.00579	0.00736	0.00797	0.01114
4	0.01188	0.00594	0.00891	0.00891	0.00891	0.00594	0.00594	0.00891	0.00891	0.01188	0.01188	0.02080	0.01188	0.02377	0.02674	0.80095	0.00594	0.00594	0.00297	0.00297
5	0.00977	0.00733	0.01100	0.01100	0.01222	0.00855	0.00855	0.01222	0.01100	0.01588	0.01833	0.02688	0.01710	0.05131	0.73245	0.01100	0.01833	0.00733	0.00367	0.00611
6	0.80789	0.01323	0.01006	0.00900	0.01323	0.01535	0.00741	0.02011	0.01164	0.03070	0.00953	0.01111	0.00741	0.00635	0.00423	0.00212	0.00529	0.00370	0.00423	0.00741
7	0.02556	0.03261	0.01939	0.01763	0.02115	0.73210	0.01322	0.02732	0.01939	0.01674	0.01058	0.01234	0.00881	0.00705	0.00617	0.00176	0.01234	0.00441	0.00353	0.00793
8	0.00809	0.00693	0.00693	0.00693	0.00924	0.00578	0.00520	0.00982	0.01559	0.01848	0.06931	0.06584	0.71411	0.01733	0.00809	0.00231	0.00347	0.01444	0.00635	0.00578
9	0.01639	0.10193	0.03986	0.02692	0.03372	0.01840	0.61584	0.02175	0.01590	0.02126	0.01336	0.01762	0.01020	0.00578	0.00766	0.00221	0.01106	0.00758	0.00340	0.00918
10	0.00977	0.00733	0.01100	0.01100	0.01222	0.00855	0.00855	0.01222	0.01100	0.01588	0.01833	0.02688	0.01710	0.05131	0.73245	0.01100	0.01833	0.00733	0.00367	0.00611
11	0.00834	0.00595	0.00794	0.00953	0.00992	0.00556	0.00635	0.00953	0.01310	0.01746	0.03771	0.75510	0.04525	0.02143	0.00873	0.00278	0.00397	0.01945	0.00635	0.00556
12	0.00831	0.00607	0.00782	0.00922	0.00984	0.00558	0.00621	0.00956	0.01340	0.01759	0.04148	0.67284	0.12507	0.02094	0.00866	0.00272	0.00391	0.01885	0.00635	0.00558
13	0.02556	0.03261	0.01939	0.01763	0.02115	0.73210	0.01322	0.02732	0.01939	0.01674	0.01058	0.01234	0.00881	0.00705	0.00617	0.00176	0.01234	0.00441	0.00353	0.00793
14	0.00809	0.00693	0.00693	0.00693	0.00924	0.00578	0.00520	0.00982	0.01559	0.01848	0.06931	0.06584	0.71411	0.01733	0.00809	0.00231	0.00347	0.01444	0.00635	0.00578
15	0.02601	0.01916	0.02053	0.01574	0.02122	0.02122	0.01300	0.69408	0.03217	0.04312	0.01643	0.01643	0.01163	0.00821	0.00684	0.00205	0.00753	0.00616	0.00684	0.01163
16	0.02444	0.01087	0.01426	0.01166	0.01597	0.00990	0.00950	0.02871	0.08263	0.49136	0.12174	0.03234	0.05409	0.01030	0.00726	0.00221	0.00537	0.04911	0.00798	0.01029
17	0.00838	0.00694	0.00734	0.00724	0.00942	0.00590	0.00543	0.01039	0.01629	0.02013	0.18760	0.06313	0.59479	0.01671	0.00808	0.00228	0.00342	0.01406	0.00657	0.00590
18	0.80789	0.01323	0.01006	0.00900	0.01323	0.01535	0.00741	0.02011	0.01164	0.03070	0.00953	0.01111	0.00741	0.00635	0.00423	0.00212	0.00529	0.00370	0.00423	0.00741
19	0.02092	0.01075	0.01354	0.01180	0.01523	0.01037	0.00914	0.10273	0.07898	0.32836	0.02967	0.28516	0.02681	0.01316	0.00755	0.00236	0.00532	0.01138	0.00739	0.00939
20	0.01148	0.00756	0.00909	0.00931	0.01048	0.00733	0.00637	0.06388	0.01441	0.05834	0.03374	0.39670	0.09394	0.20102	0.01473	0.00356	0.00493	0.01450	0.03256	0.00607
21	0.01468	0.01011	0.01064	0.00973	0.01203	0.01099	0.00722	0.08492	0.21965	0.02551	0.02324	0.02872	0.01952	0.16692	0.01196	0.00292	0.00499	0.00751	0.32104	0.00772
22	0.01275	0.00638	0.00638	0.00638	0.00797	0.00638	0.00478	0.01594	0.01435	0.02551	0.02232	0.02551	0.01754	0.00797	0.00478	0.00159	0.00319	0.00638	0.79755	0.00638
23	0.00892	0.00650	0.00840	0.00891	0.01000	0.00598	0.00631	0.01107	0.01612	0.02204	0.34454	0.38328	0.10701	0.01775	0.00838	0.00246	0.00360	0.01586	0.00688	0.00598
24	0.01150	0.00795	0.00932	0.00940	0.01040	0.00804	0.00634	0.09973	0.01455	0.01983	0.02818	0.35871	0.03182	0.28263	0.01756	0.00399	0.00534	0.01349	0.05531	0.00590
25	0.00821	0.00691	0.00712	0.00713	0.00933	0.00582	0.00532	0.01003	0.01578	0.01908	0.11362	0.08547	0.64840	0.01721	0.00810	0.00231	0.00346	0.01444	0.00644	0.00582
26	0.00995	0.00663	0.00746	0.00746	0.00746	0.00663	0.00415	0.00995	0.00995	0.01327	0.02156	0.04477	0.02487	0.75957	0.03482	0.00663	0.00663	0.00995	0.00415	0.00415
27	0.00859	0.00644	0.00787	0.00857	0.00969	0.00583	0.00597	0.01025	0.01480	0.01941	0.17101	0.40846	0.22754	0.05093	0.00957	0.00270	0.00381	0.01638	0.00648	0.00572
28	0.00962	0.00649	0.00756	0.00789	0.00797	0.00641	0.00460	0.00986	0.01060	0.01413	0.02489	0.19149	0.02908	0.60710	0.02943	0.00584	0.00608	0.01191	0.00460	0.00444
29	0.08180	0.00742	0.00906	0.00877	0.01045	0.00714	0.00653	0.01310	0.01781	0.02637	0.55759	0.14329	0.05675	0.01431	0.00781	0.00223	0.00352	0.01255	0.00707	0.00642
30	0.01693	0.01626	0.02777	0.04199	0.71689	0.01626	0.02100	0.02100	0.01558	0.02235	0.01287	0.01693	0.01084	0.00610	0.00677	0.00203	0.00813	0.00610	0.00339	0.01084
31	0.00834	0.00595	0.00794	0.00953	0.00992	0.00556	0.00635	0.00953	0.01310	0.01746	0.03771	0.75510	0.04525	0.02143	0.00873	0.00278	0.00397	0.01945	0.00635	0.00556
32	0.01292	0.01216	0.02052	0.74312	0.04712	0.01520	0.01900	0.01748	0.01368	0.01748	0.01216	0.01824	0.00912	0.00684	0.00684	0.00228	0.00912	0.00608	0.00304	0.00760
33	0.02601	0.01916	0.02053	0.01574	0.02122	0.02122	0.01300	0.69408	0.03217	0.04312	0.01643	0.01643	0.01163	0.00821	0.00684	0.00205	0.00753	0.00616	0.00684	0.01163
34	0.01829	0.76368	0.03585	0.01171	0.01756	0.02707	0.01171	0.02049	0.01390	0.01610	0.00951	0.01097	0.00878	0.00585	0.00439	0.00146	0.00732	0.00366	0.00293	0.00878
35	0.01497	0.01497	0.02095	0.01796	0.01796	0.02095	0.01497	0.01646	0.01048	0.01646	0.00898	0.01497	0.00898	0.01197	0.02245	0.00299	0.74704	0.00599	0.00299	0.00748
36	0.01301	0.01228	0.02054	0.71294	0.04591	0.01544	0.01883	0.01744	0.01355	0.01744	0.01203	0.01810	0.00911	0.00705	0.00749	0.00231	0.03983	0.00608	0.00304	0.00760
37	0.01276	0.01195	0.02009	0.71778	0.04583	0.01487	0.01856	0.01721	0.01366	0.01748	0.01304	0.04369	0.01037	0.00734	0.00691	0.00230	0.00894	0.00654	0.00315	0.00753
38	0.00979	0.00741	0.00934	0.01026	0.01205	0.00696	0.00854	0.01234	0.01570	0.01987	0.07326	0.10355	0.28395	0.01827	0.00887	0.00279	0.00506	0.37953	0.00637	0.00608
39	0.01419	0.01216	0.01419	0.01013	0.01621	0.00912	0.00811	0.01723	0.01419	0.02229	0.01216	0.01419	0.01013	0.00507	0.00507	0.00101	0.00507	0.00405	0.00405	0.80139
40	0.80789	0.01323	0.01006	0.00900	0.01323	0.01535	0.00741	0.02011	0.01164	0.03070	0.00953	0.01111	0.00741	0.00635	0.00423	0.00212	0.00529	0.00370	0.00423	0.00741
41	0.01419	0.01216	0.01419	0.01013	0.01621	0.00912	0.00811	0.01723	0.01419	0.02229	0.01216	0.01419	0.01013	0.00507	0.00507	0.00101	0.00507	0.00405	0.00405	0.80139
42	0.02264	0.01525	0.01693	0.01385	0.01835	0.01654	0.01106	0.27894	0.27438	0.17089	0.02303	0.02290	0.01691	0.05584	0.00865	0.00245	0.00636	0.00712	0.00704	0.01087
43	0.11629	0.01229	0.01553	0.01205	0.01723	0.01134	0.00995	0.07337	0.01949	0.60266	0.02440	0.02151	0.01555	0.00822	0.00659	0.00211	0.00587	0.00648	0.00790	0.01117
44	0.00831	0.00632	0.00766	0.00864	0.00971	0.00567	0.00598	0.00977	0.01418	0.01823	0.07723	0.50088	0.26319	0.01978	0.00849	0.00260	0.00377	0.01752	0.00640	0.00567
45	0.01973	0.00903	0.01189	0.01027	0.01324	0.00807	0.00779	0.02176	0.01678	0.36295	0.13151	0.15526	0.05305	0.13241	0.01190	0.00297	0.00518	0.01055	0.00721	0.00845
46	0.02697	0.01699	0.01911	0.01472	0.02009	0.01807	0.01214	0.49422	0.05138	0.22516	0.01965	0.01858	0.01337	0.00832	0.00686	0.00208	0.00700	0.00641	0.00728	0.01161
47	0.01693	0.01626	0.02777	0.04199	0.71689	0.01626	0.02100	0.02100	0.01558	0.02235	0.01287	0.01693	0.01084	0.00610	0.00677	0.00203	0.00813	0.00610	0.00339	0.01084
48	0.00834	0.00595	0.00794	0.00953	0.00992	0.00556	0.00635	0.00953	0.01310	0.01746	0.03771	0.75510	0.04525	0.02143	0.00873	0.00278	0.00397	0.01945	0.00635	0.00556
49	0.00834	0.00595	0.00794	0.00953	0.00992	0.00556	0.00635	0.00953	0.01310	0.01746	0.03771	0.75510	0.04525	0.02143	0.00873	0.00278	0.00397	0.01945	0.00635	0.00556
50	0.03055	0.01188	0.01602	0.01228	0.01758	0.01040	0.01015	0.05375	0.01997	0.70067	0.02666	0.02307	0.01677	0.00846	0.00688	0.00211	0.00587	0.00686	0.00842	0.01164
51	0.01329	0.00779	0.01030	0.00922	0.01146	0.00707	0.00707	0.01641	0.01940	0.14644	0.59563	0.04634	0.05639	0.01304	0.00787	0.00215	0.00367	0.01143	0.00769	0.00734
52	0.01188	0.00594	0.00891	0.00891	0.00891	0.00594	0.00594	0.00891	0.00891	0.01188	0.01188	0.02080	0.01188	0.02377	0.02674	0.80095	0.00594	0.00594	0.00297	0.00297
53	0.01550	0.01522	0.02163	0.02032	0.08860	0.02049	0.01552	0.03728	0.01164	0.01786	0.00960	0.01521	0.00925	0.01127	0.02040	0.00287	0.65025	0.00600	0.00315	0.00795
54	0.03050	0.01196	0.01607	0.01232	0.01762	0.01052	0.01018	0.06084	0.02011	0.69339	0.02655	0.02300	0.01671	0.00846	0.00688	0.00211	0.00589	0.00685	0.00840	0.01164
55	0.01702	0.01470	0.01547	0.01392	0.01779	0.01702	0.01083	0.03635	0.70453	0.02862	0.02785	0.02553	0.02088	0.00928	0.00696	0.00232	0.00541	0.00773	0.00696	0.01083
56	0.48136	0.01147	0.01037	0.03939	0.01387	0.01280	0.00762	0.04450	0.01394	0.07267	0.04439	0.01738	0.01302	0.00727	0.00490	0.00200	0.00500	0.00508	0.18541	0.00756
57	0.01270	0.01179	0.01950	0.65097	0.04275	0.01461	0.01772	0.01703	0.01408	0.01835	0.07556	0.02110	0.01414	0.00767	0.00750	0.00229	0.03465	0.00665	0.00345	0.00749
58	0.01398	0.05781	0.67049	0.01968	0.02951	0.01631	0.05576	0.02164	0.01451	0.02150	0.01226	0.01452	0.00875	0.00645	0.00651	0.00215	0.01009	0.00515	0.00292	0.01003
59	0.00809	0.00693	0.00693	0.00693	0.00924	0.00578	0.00520	0.00982	0.01559	0.01848	0.06931	0.06584	0.71411	0.01733	0.00809	0.00231	0.00347	0.01444	0.00635	0.00578
60	0.05776	0.01233	0.01606	0.01236	0.01763	0.01117	0.01021	0.08794	0.02035	0.64067	0.02549	0.02228	0.01616	0.00837	0.00678	0.00211	0.00595	0.00671	0.00818	0.01149
61	0.01239	0.01139	0.01849	0.56133	0.03852	0.01407	0.01654	0.01626	0.01372	0.01802	0.05868	0.09906	0.01646	0.00926	0.00835	0.00238	0.06620	0.00790	0.00367	0.00730
62	0.01497	0.01497	0.02095	0.01796	0.01796	0.02095	0.01497	0.01646	0.01048	0.01646	0.00898	0.01497	0.00898	0.01197	0.02245	0.00299	0.74704	0.00599	0.00299	0.00748
63	0.01275	0.00638	0.00638	0.00638	0.00797	0.00638	0.00478	0.01594	0.01435	0.02551	0.02232	0.02551	0.01754	0.00797	0.00478	0.00159	0.00319	0.00638	0.79755	0.00638
64	0.80789	0.01323	0.01006	0.00900	0.01323	0.01535	0.00741	0.02011	0.01164	0.03070	0.00953	0.01111	0.00741	0.00635	0.00423	0.00212	0.00529	0.00370	0.00423	0.00741
65	0.03070	0.01164	0.01588	0.01217	0.01746	0.01006	0.01006	0.03334	0.01958	0.72163	0.02699	0.02329	0.01694	0.00847	0.00688	0.00212	0.00582	0.00688	0.00847	0.01164
66	0.01829	0.76368	0.03585	0.01171	0.01756	0.02707	0.01171	0.02049	0.01390	0.01610	0.00951	0.01097	0.00878	0.00585	0.00439	0.00146	0.00732	0.00366	0.00293	0.00878
67	0.03070	0.01164	0.01588	0.01217	0.01746	0.01006	0.01006	0.03334	0.01958	0.72163	0.02699	0.02329	0.01694	0.00847	0.00688	0.00212	0.00582	0.00688	0.00847	0.01164
68	0.03070	0.01164	0.01588	0.01217	0.01746	0.01006	0.01006	0.03334	0.01958	0.72163	0.02699	0.02329	0.01694	0.00847	0.00688	0.00212	0.00582	0.00688	0.00847	0.01164
69	0.01615	0.01845	0.04037	0.02884	0.03576	0.01730	0.69204	0.02191	0.01615	0.02191	0.01384	0.01845	0.01038	0.00577	0.00807	0.00231	0.01153	0.00807	0.00346	0.00923
70	0.00993	0.00670	0.00778	0.00778	0.00789	0.00681	0.00454	0.01015	0.01004	0.01350	0.02126	0.04315	0.02417	0.69541	0.09802	0.00703	0.00769	0.00971	0.00410	0.00432
71	0.00834	0.00595	0.00794	0.00953	0.00992	0.00556	0.00635	0.00953	0.01310	0.01746	0.03771	0.75510	0.04525	0.02143	0.00873	0.00278	0.00397	0.01945	0.00635	0.00556
72	0.00843	0.00614	0.00795	0.00919	0.00989	0.00566	0.00625	0.00986	0.01391	0.01847	0.10254	0.62486	0.11089	0.02036	0.00861	0.00268	0.00385	0.01832	0.00646	0.00566
73	0.00819	0.00693	0.00707	0.00704	0.00930	0.00582	0.00528	0.01001	0.01583	0.01904	0.10975	0.06492	0.67332	0.01712	0.00808	0.00230	0.00345	0.01431	0.00643	0.00582
74	0.01372	0.03539	0.72412	0.01950	0.02961	0.01589	0.02528	0.02167	0.01444	0.02167	0.01228	0.01444	0.00867	0.00650	0.00650	0.00217	0.01011	0.00506	0.00289	0.01011
75	0.80789	0.01323	0.01006	0.00900	0.01323	0.01535	0.00741	0.02011	0.01164	0.03070	0.00953	0.01111	0.00741	0.00635	0.00423	0.00212	0.00529	0.00370	0.00423	0.00741
76	0.80789	0.01323	0.01006	0.00900	0.01323	0.01535	0.00741	0.02011	0.01164	0.03070	0.00953	0.01111	0.00741	0.00635	0.00423	0.00212	0.00529	0.00370	0.00423	0.00741
77	0.02544	0.01888	0.02021	0.01563	0.02100	0.02095	0.01287	0.65277	0.07439	0.04221	0.01714	0.01700	0.01222	0.00828	0.00685	0.00207	0.00740	0.00626	0.00685	0.01158
78	0.01421	0.00919	0.00997	0.00898	0.01069	0.00967	0.00639	0.15461	0.01608	0.02364	0.02060	0.03176	0.01937	0.32532	0.04809	0.00420	0.00617	0.00787	0.26669	0.00652
79	0.07398	0.01143	0.01459	0.01157	0.01610	0.01055	0.00943	0.07943	0.02002	0.49393	0.15672	0.02735	0.02508	0.00938	0.00694	0.00212	0.00542	0.00768	0.00790	0.01039
80	0.00918	0.00682	0.00863	0.00940	0.01044	0.00651	0.00657	0.01204	0.05819	0.02061	0.19980	0.49278	0.09614	0.01861	0.00842	0.00257	0.00385	0.01667	0.00667	0.00612
81	0.00831	0.00604	0.00785	0.00931	0.00987	0.00558	0.00625	0.00955	0.01331	0.01755	0.04039	0.69657	0.10205	0.02108	0.00868	0.00274	0.00393	0.01902	0.00635	0.00558
82	0.00972	0.00692	0.00872	0.00960	0.01032	0.00672	0.00648	0.05273	0.01417	0.01899	0.06557	0.58305	0.04136	0.11693	0.01200	0.00321	0.00451	0.01704	0.00615	0.00580
83	0.04688	0.01431	0.01585	0.01294	0.01688	0.01518	0.01018	0.38894	0.02378	0.09507	0.02107	0.14076	0.01901	0.10199	0.01041	0.00270	0.00651	0.00869	0.00638	0.04246
84	0.00906	0.00712	0.00827	0.00868	0.01031	0.00657	0.00631	0.01198	0.05858	0.02017	0.15092	0.29648	0.32449	0.01777	0.00828	0.00247	0.00381	0.03600	0.00656	0.00614
85	0.03007	0.01264	0.01649	0.01264	0.01796	0.01153	0.01045	0.12085	0.02125	0.63176	0.02559	0.02238	0.01623	0.00843	0.00688	0.00211	0.00605	0.00678	0.00825	0.01164
86	0.01234	0.00744	0.00957	0.00896	0.01069	0.00684	0.00652	0.01470	0.01705	0.11704	0.41243	0.12773	0.06986	0.13368	0.01227	0.00294	0.00421	0.01212	0.00694	0.00666
87	0.00929	0.00628	0.00830	0.00944	0.01010	0.00584	0.00639	0.01067	0.01379	0.04192	0.10241	0.63120	0.04529	0.05225	0.00974	0.00286	0.00407	0.01793	0.00644	0.00579
88	0.02744	0.04939	0.01844	0.01347	0.01872	0.01524	0.01120	0.30019	0.02442	0.38783	0.04727	0.02096	0.01617	0.00845	0.00679	0.00206	0.00649	0.00664	0.00752	0.01132
89	0.00933	0.00701	0.00868	0.00882	0.01029	0.00653	0.00640	0.01240	0.04657	0.02303	0.37499	0.25845	0.16897	0.01654	0.00822	0.00237	0.00358	0.01460	0.00696	0.00626
90	0.01810	0.01131	0.01293	0.01105	0.01396	0.01167	0.00833	0.18380	0.08618	0.14555	0.06896	0.07830	0.04279	0.21203	0.01450	0.00336	0.00590	0.00897	0.05398	0.00833

[dist]
# distance from previous block
# <min> <max>
0	1

[block]
# block no. 2 follows, 31 sequences, length 75
# corresponding to MSA columns:
# 142-216
name=unknown_C
#
# <colnr> <probs for GDERKNQSTAVLIFYWHMCP>
#	G	D	E	R	K	N	Q	S	T	A	V	L	I	F	Y	W	H	M	C	P
0	0.01131	0.00740	0.01005	0.01112	0.01258	0.00708	0.00892	0.01367	0.01517	0.06940	0.05541	0.31135	0.07121	0.01885	0.00892	0.00288	0.00523	0.34655	0.00651	0.00640
1	0.00834	0.00595	0.00794	0.00953	0.00992	0.00556	0.00635	0.00953	0.01310	0.01746	0.03771	0.75510	0.04525	0.02143	0.00873	0.00278	0.00397	0.01945	0.00635	0.00556
2	0.01389	0.01177	0.01371	0.00994	0.01559	0.00894	0.00782	0.01671	0.01389	0.02165	0.01283	0.01636	0.01118	0.05876	0.00718	0.00141	0.00518	0.00447	0.00406	0.74466
3	0.00871	0.00620	0.00814	0.00920	0.00981	0.00581	0.00621	0.01021	0.01409	0.01911	0.16805	0.56752	0.04756	0.07251	0.01046	0.00293	0.00401	0.01740	0.00642	0.00563
4	0.02556	0.03261	0.01939	0.01763	0.02115	0.73210	0.01322	0.02732	0.01939	0.01674	0.01058	0.01234	0.00881	0.00705	0.00617	0.00176	0.01234	0.00441	0.00353	0.00793
5	0.00826	0.00625	0.00763	0.00873	0.00971	0.00562	0.00600	0.00962	0.01386	0.01778	0.04736	0.54446	0.24965	0.02018	0.00853	0.00264	0.00382	0.01792	0.00635	0.00562
6	0.01145	0.00908	0.01292	0.01223	0.01354	0.01100	0.00969	0.05382	0.01220	0.01760	0.01694	0.02463	0.01567	0.04338	0.59248	0.00937	0.11653	0.00708	0.00377	0.00663
7	0.10928	0.01183	0.01489	0.01175	0.01669	0.01096	0.00964	0.03153	0.06731	0.57466	0.02507	0.02227	0.01626	0.00829	0.00653	0.00211	0.00564	0.00659	0.03776	0.01095
8	0.80789	0.01323	0.01006	0.00900	0.01323	0.01535	0.00741	0.02011	0.01164	0.03070	0.00953	0.01111	0.00741	0.00635	0.00423	0.00212	0.00529	0.00370	0.00423	0.00741
9	0.01911	0.01946	0.06700	0.01889	0.11123	0.11895	0.01392	0.11831	0.35780	0.02715	0.02023	0.02022	0.01540	0.00831	0.00729	0.00218	0.03203	0.00660	0.00558	0.01036
10	0.02909	0.01129	0.01536	0.01190	0.01691	0.00978	0.00978	0.03178	0.01956	0.66864	0.07938	0.02541	0.02057	0.00889	0.00697	0.00212	0.00562	0.00730	0.00840	0.01125
11	0.01116	0.00851	0.01055	0.00951	0.01205	0.00754	0.00712	0.04410	0.01723	0.02455	0.35477	0.21014	0.04475	0.01342	0.00747	0.00203	0.00403	0.01184	0.00640	0.19284
12	0.00929	0.00686	0.00917	0.03222	0.01230	0.00660	0.00807	0.01126	0.01425	0.01853	0.04023	0.43734	0.12194	0.01971	0.00882	0.00282	0.00480	0.22366	0.00624	0.00588
13	0.11929	0.20222	0.07835	0.01345	0.01865	0.09092	0.01219	0.13878	0.01862	0.16354	0.04650	0.01674	0.01326	0.00758	0.00639	0.00194	0.03151	0.00539	0.00513	0.00954
14	0.01829	0.76368	0.03585	0.01171	0.01756	0.02707	0.01171	0.02049	0.01390	0.01610	0.00951	0.01097	0.00878	0.00585	0.00439	0.00146	0.00732	0.00366	0.00293	0.00878
15	0.06289	0.02106	0.18478	0.02446	0.03153	0.01621	0.45775	0.02120	0.01548	0.02229	0.01483	0.02132	0.01189	0.00690	0.00760	0.00232	0.01048	0.05432	0.00358	0.00910
16	0.00965	0.00651	0.00755	0.00785	0.00792	0.00643	0.00456	0.00987	0.01054	0.01405	0.02456	0.17702	0.02867	0.62214	0.02996	0.00592	0.00614	0.01172	0.00456	0.00441
17	0.02601	0.01916	0.02053	0.01574	0.02122	0.02122	0.01300	0.69408	0.03217	0.04312	0.01643	0.01643	0.01163	0.00821	0.00684	0.00205	0.00753	0.00616	0.00684	0.01163
18	0.01619	0.01618	0.05100	0.10353	0.59977	0.01577	0.02051	0.02039	0.01537	0.02180	0.01385	0.01970	0.01190	0.00676	0.00689	0.00211	0.00820	0.03630	0.00347	0.01031
19	0.01702	0.01470	0.01547	0.01392	0.01779	0.01702	0.01083	0.03635	0.70453	0.02862	0.02785	0.02553	0.02088	0.00928	0.00696	0.00232	0.00541	0.00773	0.00696	0.01083
20	0.01621	0.01377	0.01487	0.01374	0.01730	0.01578	0.01086	0.03335	0.61128	0.02752	0.02898	0.03252	0.02339	0.01058	0.00730	0.00243	0.00553	0.09751	0.00687	0.01022
21	0.00820	0.00693	0.00709	0.00705	0.00931	0.00582	0.00529	0.01003	0.01586	0.01911	0.11437	0.06481	0.66866	0.01709	0.00808	0.00230	0.00345	0.01429	0.00644	0.00582
22	0.02211	0.02439	0.01768	0.01575	0.01953	0.40042	0.01206	0.10105	0.22959	0.02330	0.01946	0.01952	0.04863	0.00838	0.00658	0.00199	0.00926	0.00612	0.00507	0.00910
23	0.01565	0.01611	0.02085	0.01794	0.01817	0.06706	0.01485	0.01717	0.01106	0.01648	0.00908	0.01480	0.00897	0.01165	0.02140	0.00291	0.69941	0.00588	0.00303	0.00751
24	0.00818	0.00692	0.00696	0.00696	0.00915	0.00582	0.00514	0.00982	0.01531	0.01822	0.06688	0.06477	0.67910	0.05503	0.00944	0.00253	0.00363	0.01421	0.00624	0.00569
25	0.04474	0.02652	0.41104	0.02052	0.10113	0.01580	0.05639	0.07000	0.06859	0.05599	0.01447	0.01618	0.01055	0.00675	0.00653	0.00209	0.00878	0.00559	0.00393	0.05441
26	0.01693	0.01626	0.02777	0.04199	0.71689	0.01626	0.02100	0.02100	0.01558	0.02235	0.01287	0.01693	0.01084	0.00610	0.00677	0.00203	0.00813	0.00610	0.00339	0.01084
27	0.80789	0.01323	0.01006	0.00900	0.01323	0.01535	0.00741	0.02011	0.01164	0.03070	0.00953	0.01111	0.00741	0.00635	0.00423	0.00212	0.00529	0.00370	0.00423	0.00741
28	0.02601	0.01916	0.02053	0.01574	0.02122	0.02122	0.01300	0.69408	0.03217	0.04312	0.01643	0.01643	0.01163	0.00821	0.00684	0.00205	0.00753	0.00616	0.00684	0.01163
29	0.23131	0.01205	0.01324	0.01060	0.01517	0.01156	0.00848	0.06984	0.01626	0.24093	0.03922	0.04102	0.01534	0.06112	0.00784	0.00221	0.00556	0.00610	0.00584	0.18633
30	0.00912	0.00667	0.00852	0.00972	0.01035	0.00654	0.00656	0.01154	0.06200	0.01789	0.03524	0.62884	0.04119	0.07829	0.03006	0.00326	0.00466	0.01756	0.00615	0.00584
31	0.00834	0.00595	0.00794	0.00953	0.00992	0.00556	0.00635	0.00953	0.01310	0.01746	0.03771	0.75510	0.04525	0.02143	0.00873	0.00278	0.00397	0.01945	0.00635	0.00556
32	0.01188	0.00594	0.00891	0.00891	0.00891	0.00594	0.00594	0.00891	0.00891	0.01188	0.01188	0.02080	0.01188	0.02377	0.02674	0.80095	0.00594	0.00594	0.00297	0.00297
33	0.00876	0.00682	0.00796	0.00796	0.00973	0.00602	0.00586	0.01102	0.01677	0.02194	0.32403	0.15323	0.36232	0.01654	0.00817	0.00231	0.00344	0.01429	0.00683	0.00602
34	0.01497	0.01497	0.02095	0.01796	0.01796	0.02095	0.01497	0.01646	0.01048	0.01646	0.00898	0.01497	0.00898	0.01197	0.02245	0.00299	0.74704	0.00599	0.00299	0.00748
35	0.00995	0.00663	0.00746	0.00746	0.00746	0.00663	0.00415	0.00995	0.00995	0.01327	0.02156	0.04477	0.02487	0.75957	0.03482	0.00663	0.00663	0.00995	0.00415	0.00415
36	0.01013	0.00690	0.00870	0.00880	0.01035	0.00623	0.00638	0.01235	0.01654	0.06226	0.32152	0.28979	0.18082	0.01683	0.00823	0.00239	0.00367	0.01484	0.00696	0.00632
37	0.00994	0.00666	0.00759	0.00759	0.00763	0.00670	0.00430	0.01003	0.00999	0.01336	0.02144	0.04413	0.02459	0.73403	0.05997	0.00679	0.00705	0.00985	0.00413	0.00422
38	0.01150	0.00741	0.00983	0.00938	0.01122	0.00685	0.00723	0.01454	0.01861	0.08423	0.54286	0.09554	0.05673	0.01450	0.00816	0.00229	0.00381	0.08109	0.00741	0.00682
39	0.00964	0.00696	0.00911	0.00864	0.01021	0.00643	0.00645	0.01280	0.01916	0.02711	0.69122	0.07409	0.06392	0.01423	0.00809	0.00217	0.00325	0.01260	0.00749	0.00643
40	0.01050	0.00719	0.00859	0.00823	0.01015	0.00640	0.00607	0.01274	0.01682	0.07172	0.32290	0.10962	0.29888	0.06759	0.00991	0.00257	0.00380	0.01314	0.00683	0.00634
41	0.00957	0.00699	0.00899	0.00849	0.01015	0.00641	0.00637	0.01269	0.01910	0.02680	0.66745	0.05215	0.11078	0.01422	0.00807	0.00216	0.00324	0.01252	0.00745	0.00641
42	0.01154	0.00741	0.00974	0.00892	0.01086	0.00677	0.00677	0.01472	0.01938	0.08895	0.65246	0.04864	0.06033	0.01350	0.00796	0.00215	0.00346	0.01189	0.00761	0.00691
43	0.01024	0.00708	0.00905	0.00867	0.01023	0.00663	0.00637	0.01279	0.01707	0.04918	0.46193	0.09130	0.12253	0.09132	0.06227	0.00328	0.00480	0.01221	0.00676	0.00627
44	0.00838	0.00624	0.00766	0.00876	0.00959	0.00568	0.00592	0.00963	0.01350	0.01744	0.04434	0.54021	0.20691	0.06918	0.01030	0.00292	0.00402	0.01760	0.00621	0.00552
45	0.01190	0.00863	0.01062	0.00953	0.01161	0.00846	0.00726	0.10502	0.02075	0.02904	0.59352	0.04618	0.05593	0.04061	0.00889	0.00230	0.00394	0.01144	0.00731	0.00707
46	0.01497	0.01497	0.02095	0.01796	0.01796	0.02095	0.01497	0.01646	0.01048	0.01646	0.00898	0.01497	0.00898	0.01197	0.02245	0.00299	0.74704	0.00599	0.00299	0.00748
47	0.01005	0.00723	0.00936	0.06078	0.01167	0.00775	0.00646	0.01111	0.01069	0.01447	0.02158	0.03860	0.04452	0.48419	0.22611	0.00739	0.00996	0.00909	0.00401	0.00499
48	0.77808	0.01317	0.01028	0.00912	0.01339	0.01514	0.00751	0.02062	0.01195	0.05720	0.01020	0.01158	0.00777	0.00643	0.00434	0.00212	0.00531	0.00383	0.00440	0.00757
49	0.00879	0.00716	0.00791	0.00829	0.01042	0.00628	0.00660	0.01086	0.01563	0.01896	0.06137	0.06856	0.55227	0.01770	0.00841	0.00251	0.00415	0.17189	0.00634	0.00590
50	0.02370	0.01944	0.01842	0.01499	0.01920	0.15132	0.01190	0.41020	0.04395	0.06966	0.01610	0.01847	0.01251	0.06242	0.01024	0.04295	0.03273	0.00617	0.00580	0.00981
51	0.08926	0.03752	0.13512	0.01630	0.10006	0.01233	0.01337	0.02647	0.01716	0.38063	0.05782	0.04924	0.01742	0.00840	0.00664	0.00212	0.00660	0.00690	0.00630	0.01034
52	0.00939	0.00764	0.00841	0.00817	0.01040	0.00699	0.00621	0.01308	0.07529	0.02193	0.24643	0.05860	0.45106	0.01575	0.00803	0.00229	0.00365	0.03353	0.00674	0.00641
53	0.05453	0.03101	0.55642	0.02076	0.02996	0.01613	0.15253	0.02163	0.01463	0.02217	0.01244	0.01505	0.00893	0.00635	0.00669	0.00219	0.01014	0.00557	0.00307	0.00980
54	0.04712	0.02518	0.39805	0.12360	0.08519	0.01503	0.02042	0.04667	0.01579	0.13718	0.01477	0.01659	0.01032	0.00689	0.00656	0.00216	0.00883	0.00558	0.00406	0.01001
55	0.01360	0.01219	0.01997	0.63089	0.06892	0.01486	0.01787	0.04778	0.01425	0.01843	0.01236	0.01829	0.00950	0.00808	0.00825	0.05909	0.00878	0.00607	0.00322	0.00758
56	0.00834	0.00595	0.00794	0.00953	0.00992	0.00556	0.00635	0.00953	0.01310	0.01746	0.03771	0.75510	0.04525	0.02143	0.00873	0.00278	0.00397	0.01945	0.00635	0.00556
57	0.01593	0.01523	0.02595	0.21755	0.54919	0.01599	0.02050	0.02012	0.01510	0.02113	0.01269	0.01726	0.01041	0.00628	0.00679	0.00209	0.00838	0.00609	0.00330	0.01003
58	0.00871	0.00687	0.00730	0.00724	0.00892	0.00605	0.00508	0.01019	0.01466	0.01821	0.12837	0.05919	0.47816	0.19450	0.01448	0.00333	0.00420	0.01314	0.00595	0.00546
59	0.01702	0.01470	0.01547	0.01392	0.01779	0.01702	0.01083	0.03635	0.70453	0.02862	0.02785	0.02553	0.02088	0.00928	0.00696	0.00232	0.00541	0.00773	0.00696	0.01083
60	0.01292	0.01216	0.02052	0.74312	0.04712	0.01520	0.01900	0.01748	0.01368	0.01748	0.01216	0.01824	0.00912	0.00684	0.00684	0.00228	0.00912	0.00608	0.00304	0.00760
61	0.00958	0.00654	0.00751	0.00776	0.00796	0.00641	0.00456	0.00987	0.01079	0.01425	0.02697	0.15969	0.06895	0.59749	0.02906	0.00576	0.00602	0.01174	0.00463	0.00447
62	0.01292	0.01216	0.02052	0.74312	0.04712	0.01520	0.01900	0.01748	0.01368	0.01748	0.01216	0.01824	0.00912	0.00684	0.00684	0.00228	0.00912	0.00608	0.00304	0.00760
63	0.01829	0.76368	0.03585	0.01171	0.01756	0.02707	0.01171	0.02049	0.01390	0.01610	0.00951	0.01097	0.00878	0.00585	0.00439	0.00146	0.00732	0.00366	0.00293	0.00878
64	0.80789	0.01323	0.01006	0.00900	0.01323	0.01535	0.00741	0.02011	0.01164	0.03070	0.00953	0.01111	0.00741	0.00635	0.00423	0.00212	0.00529	0.00370	0.00423	0.00741
65	0.02007	0.02340	0.01650	0.01526	0.01804	0.45872	0.01159	0.04209	0.01685	0.01724	0.01345	0.01752	0.01179	0.02250	0.25917	0.00499	0.01428	0.00548	0.00367	0.00741
66	0.80789	0.01323	0.01006	0.00900	0.01323	0.01535	0.00741	0.02011	0.01164	0.03070	0.00953	0.01111	0.00741	0.00635	0.00423	0.00212	0.00529	0.00370	0.00423	0.00741
67	0.02556	0.03261	0.01939	0.01763	0.02115	0.73210	0.01322	0.02732	0.01939	0.01674	0.01058	0.01234	0.00881	0.00705	0.00617	0.00176	0.01234	0.00441	0.00353	0.00793
68	0.01089	0.00876	0.01059	0.00959	0.01264	0.00718	0.00713	0.01304	0.01409	0.01998	0.04939	0.32697	0.10257	0.01384	0.00713	0.00198	0.00444	0.03532	0.00542	0.33905
69	0.02601	0.01916	0.02053	0.01574	0.02122	0.02122	0.01300	0.69408	0.03217	0.04312	0.01643	0.01643	0.01163	0.00821	0.00684	0.00205	0.00753	0.00616	0.00684	0.01163
70	0.08663	0.58501	0.05621	0.01215	0.01771	0.06208	0.01182	0.03890	0.01440	0.01832	0.01019	0.01193	0.00905	0.00777	0.03215	0.00194	0.00793	0.00396	0.00320	0.00864
71	0.01496	0.01266	0.01459	0.01062	0.01656	0.01016	0.00850	0.05400	0.05021	0.02372	0.01318	0.01488	0.01076	0.00545	0.00526	0.00113	0.00521	0.00435	0.00435	0.71946
72	0.19636	0.02139	0.01636	0.01423	0.01828	0.28314	0.01112	0.15003	0.11581	0.04851	0.05020	0.01698	0.01381	0.00782	0.00610	0.00200	0.00826	0.00552	0.00513	0.00895
73	0.02643	0.01326	0.01630	0.01288	0.01776	0.01302	0.01051	0.16883	0.11201	0.44081	0.07404	0.02415	0.01977	0.00892	0.00697	0.00213	0.00594	0.00724	0.00787	0.01116
74	0.02392	0.09464	0.01990	0.01596	0.01982	0.53594	0.01235	0.07098	0.01950	0.05067	0.01580	0.01680	0.05956	0.00782	0.00622	0.00181	0.01063	0.00528	0.00412	0.00827

[dist]
# distance from previous block
# <min> <max>
0	2

[block]
# block no. 3 follows, 31 sequences, length 10
# corresponding to MSA columns:
# 219-228
name=unknown_D
#
# <colnr> <probs for GDERKNQSTAVLIFYWHMCP>
#	G	D	E	R	K	N	Q	S	T	A	V	L	I	F	Y	W	H	M	C	P
0	0.02396	0.01729	0.01883	0.01472	0.01968	0.01892	0.01205	0.55743	0.06554	0.06957	0.09314	0.02096	0.01809	0.00891	0.00698	0.00208	0.00688	0.00695	0.00699	0.01103
1	0.02122	0.01678	0.01783	0.01477	0.01939	0.01898	0.01184	0.34365	0.39039	0.03539	0.02251	0.02127	0.01656	0.00878	0.00691	0.00220	0.00640	0.00700	0.00691	0.01121
2	0.02897	0.01234	0.01606	0.01254	0.01768	0.01136	0.01028	0.06578	0.09509	0.61287	0.02657	0.02320	0.01711	0.00854	0.00689	0.00214	0.00586	0.00694	0.00822	0.01155
3	0.00835	0.00689	0.00734	0.00733	0.00943	0.00587	0.00546	0.01030	0.01608	0.01987	0.17134	0.09686	0.57724	0.01699	0.00811	0.00231	0.00345	0.01435	0.00654	0.00587
4	0.00995	0.00663	0.00746	0.00746	0.00746	0.00663	0.00415	0.00995	0.00995	0.01327	0.02156	0.04477	0.02487	0.75957	0.03482	0.00663	0.00663	0.00995	0.00415	0.00415
5	0.01772	0.01505	0.01587	0.01407	0.01806	0.01735	0.01100	0.08795	0.65178	0.02976	0.02695	0.02481	0.02016	0.00920	0.00695	0.00230	0.00558	0.00761	0.00695	0.01089
6	0.00834	0.00684	0.00735	0.00743	0.00945	0.00585	0.00549	0.01023	0.01589	0.01967	0.15869	0.13188	0.55466	0.01725	0.00815	0.00233	0.00348	0.01464	0.00652	0.00585
7	0.01083	0.00781	0.01076	0.01223	0.01385	0.00774	0.01065	0.01389	0.01574	0.02034	0.03837	0.07644	0.08312	0.01880	0.00936	0.00310	0.00612	0.62828	0.00630	0.00627
8	0.00952	0.00699	0.00893	0.00844	0.01012	0.00639	0.00633	0.01260	0.01899	0.02655	0.64960	0.05256	0.12878	0.01432	0.00807	0.00217	0.00325	0.01258	0.00741	0.00639
9	0.01563	0.01840	0.06574	0.02706	0.03349	0.01688	0.60176	0.02108	0.01567	0.02144	0.01465	0.05197	0.01185	0.00681	0.00871	0.00235	0.04557	0.00838	0.00355	0.00901

[dist]
# distance from previous block
# <min> <max>
0	1

[block]
# block no. 4 follows, 31 sequences, length 7
# corresponding to MSA columns:
# 230-236
name=unknown_E
#
# <colnr> <probs for GDERKNQSTAVLIFYWHMCP>
#	G	D	E	R	K	N	Q	S	T	A	V	L	I	F	Y	W	H	M	C	P
0	0.00872	0.00647	0.00814	0.00874	0.00989	0.00589	0.00617	0.01068	0.01560	0.02089	0.26254	0.39728	0.17738	0.01825	0.00840	0.00249	0.00363	0.01621	0.00673	0.00589
1	0.01419	0.01216	0.01419	0.01013	0.01621	0.00912	0.00811	0.01723	0.01419	0.02229	0.01216	0.01419	0.01013	0.00507	0.00507	0.00101	0.00507	0.00405	0.00405	0.80139
2	0.01613	0.01541	0.02587	0.03880	0.65253	0.01530	0.01956	0.01998	0.01558	0.02200	0.01800	0.02138	0.07480	0.00712	0.00689	0.00206	0.00770	0.00685	0.00366	0.01038
3	0.01958	0.01994	0.01607	0.01428	0.01800	0.25078	0.01101	0.11410	0.28478	0.02500	0.02719	0.02633	0.12424	0.00967	0.00686	0.00210	0.00766	0.00749	0.00572	0.00919
4	0.00826	0.00624	0.00764	0.00876	0.00972	0.00562	0.00601	0.00961	0.01383	0.01776	0.04703	0.55179	0.24255	0.02022	0.00854	0.00264	0.00382	0.01797	0.00635	0.00562
5	0.61455	0.05530	0.05800	0.01022	0.01506	0.01534	0.00913	0.02192	0.01296	0.11771	0.01194	0.01288	0.00878	0.00660	0.00473	0.00208	0.00578	0.00419	0.00462	0.00820
6	0.01844	0.07039	0.01509	0.01127	0.01462	0.04414	0.00875	0.12690	0.07432	0.15432	0.13103	0.03010	0.02460	0.18973	0.01348	0.00309	0.00620	0.00795	0.00602	0.04954

[dist]
# distance from previous block
# <min> <max>
0	2

[block]
# block no. 5 follows, 31 sequences, length 59
# corresponding to MSA columns:
# 239-297
name=unknown_F
#
# <colnr> <probs for GDERKNQSTAVLIFYWHMCP>
#	G	D	E	R	K	N	Q	S	T	A	V	L	I	F	Y	W	H	M	C	P
0	0.04667	0.05299	0.01585	0.01255	0.01629	0.01408	0.03170	0.08435	0.28950	0.10525	0.22055	0.03025	0.03063	0.01004	0.00705	0.00217	0.00531	0.00847	0.00685	0.00945
1	0.01511	0.01391	0.13098	0.01198	0.01672	0.00945	0.02919	0.01882	0.01665	0.14764	0.21793	0.09581	0.04997	0.01031	0.00698	0.00196	0.00555	0.00890	0.00589	0.18621
2	0.00880	0.00624	0.00785	0.00883	0.00932	0.00588	0.00577	0.00987	0.01290	0.01718	0.08011	0.50113	0.07872	0.19675	0.01487	0.00363	0.00453	0.01644	0.00590	0.00529
3	0.01261	0.01696	0.18248	0.05844	0.02280	0.01301	0.14208	0.01702	0.01523	0.02155	0.17359	0.11351	0.02751	0.01117	0.00963	0.00243	0.10241	0.04501	0.00465	0.00791
4	0.01418	0.10798	0.65552	0.01872	0.02841	0.01700	0.02392	0.02155	0.01439	0.02111	0.01200	0.01410	0.00868	0.00644	0.00629	0.00210	0.00983	0.00492	0.00289	0.00998
5	0.01017	0.00720	0.01038	0.01038	0.01165	0.00826	0.00805	0.01271	0.01144	0.01717	0.01886	0.02669	0.01716	0.04551	0.63512	0.00974	0.01630	0.00720	0.10985	0.00614
6	0.00990	0.00661	0.00748	0.00753	0.00754	0.00660	0.00422	0.00994	0.01005	0.01340	0.02208	0.06796	0.02554	0.73546	0.03397	0.00651	0.00655	0.01026	0.00422	0.00419
7	0.01568	0.01751	0.03714	0.12406	0.03675	0.01713	0.58192	0.02116	0.01565	0.02116	0.01347	0.01832	0.01017	0.00609	0.00834	0.00232	0.03304	0.00775	0.00339	0.00896
8	0.01288	0.01198	0.01763	0.01546	0.01619	0.01547	0.05052	0.01473	0.01110	0.01649	0.01467	0.07704	0.01498	0.07364	0.19959	0.00520	0.41429	0.00775	0.00353	0.00686
9	0.01573	0.01502	0.02559	0.25296	0.51536	0.01594	0.02040	0.01994	0.01501	0.02089	0.01266	0.01733	0.01032	0.00632	0.00679	0.00211	0.00843	0.00609	0.00328	0.00986
10	0.00977	0.00733	0.01100	0.01100	0.01222	0.00855	0.00855	0.01222	0.01100	0.01588	0.01833	0.02688	0.01710	0.05131	0.73245	0.01100	0.01833	0.00733	0.00367	0.00611
11	0.01419	0.01216	0.01419	0.01013	0.01621	0.00912	0.00811	0.01723	0.01419	0.02229	0.01216	0.01419	0.01013	0.00507	0.00507	0.00101	0.00507	0.00405	0.00405	0.80139
12	0.80789	0.01323	0.01006	0.00900	0.01323	0.01535	0.00741	0.02011	0.01164	0.03070	0.00953	0.01111	0.00741	0.00635	0.00423	0.00212	0.00529	0.00370	0.00423	0.00741
13	0.01693	0.01626	0.02777	0.04199	0.71689	0.01626	0.02100	0.02100	0.01558	0.02235	0.01287	0.01693	0.01084	0.00610	0.00677	0.00203	0.00813	0.00610	0.00339	0.01084
14	0.00949	0.00695	0.00890	0.00848	0.01012	0.00636	0.00634	0.01252	0.01881	0.02629	0.63197	0.07531	0.12384	0.01454	0.00809	0.00219	0.00327	0.01279	0.00738	0.00636
15	0.00980	0.00723	0.01051	0.01051	0.01156	0.00829	0.00794	0.01190	0.01085	0.01552	0.01877	0.02935	0.01818	0.14928	0.63595	0.01039	0.01671	0.00769	0.00373	0.00584
16	0.01537	0.01466	0.02495	0.31499	0.45610	0.01584	0.02022	0.01963	0.01484	0.02045	0.01259	0.01744	0.01017	0.00639	0.00680	0.00213	0.00851	0.00609	0.00325	0.00958
17	0.00973	0.00719	0.00904	0.00855	0.01025	0.00669	0.00638	0.01316	0.03806	0.02612	0.60638	0.05174	0.13011	0.03594	0.00882	0.00230	0.00341	0.01239	0.00729	0.00644
18	0.00852	0.00695	0.00753	0.00739	0.00951	0.00596	0.00554	0.01066	0.01662	0.02091	0.24417	0.06184	0.53773	0.01642	0.00808	0.00227	0.00340	0.01388	0.00667	0.00596
19	0.01035	0.00712	0.00949	0.00954	0.01107	0.00667	0.00733	0.01322	0.01777	0.04600	0.47043	0.16488	0.05575	0.01582	0.00837	0.00242	0.00395	0.12619	0.00716	0.00645
20	0.01419	0.01216	0.01419	0.01013	0.01621	0.00912	0.00811	0.01723	0.01419	0.02229	0.01216	0.01419	0.01013	0.00507	0.00507	0.00101	0.00507	0.00405	0.00405	0.80139
21	0.01093	0.00781	0.01090	0.01232	0.01390	0.00778	0.01071	0.01409	0.01600	0.02095	0.08280	0.07538	0.04111	0.01856	0.00935	0.00308	0.00609	0.62554	0.00638	0.00631
22	0.01869	0.72317	0.03494	0.01203	0.01776	0.06614	0.01179	0.02086	0.01421	0.01613	0.00957	0.01105	0.00878	0.00592	0.00449	0.00148	0.00759	0.00370	0.00296	0.00873
23	0.00834	0.00595	0.00794	0.00953	0.00992	0.00556	0.00635	0.00953	0.01310	0.01746	0.03771	0.75510	0.04525	0.02143	0.00873	0.00278	0.00397	0.01945	0.00635	0.00556
24	0.01366	0.00726	0.00735	0.00702	0.00888	0.00740	0.00535	0.06259	0.01557	0.02672	0.02191	0.02488	0.01713	0.00799	0.00492	0.00163	0.00349	0.00636	0.74315	0.00674
25	0.02939	0.01354	0.01627	0.01278	0.01788	0.06054	0.01043	0.05767	0.05918	0.60830	0.02552	0.02241	0.01641	0.00841	0.00683	0.00210	0.00631	0.00673	0.00798	0.01134
26	0.00834	0.00595	0.00794	0.00953	0.00992	0.00556	0.00635	0.00953	0.01310	0.01746	0.03771	0.75510	0.04525	0.02143	0.00873	0.00278	0.00397	0.01945	0.00635	0.00556
27	0.01808	0.73015	0.06754	0.01207	0.01811	0.02656	0.01233	0.02054	0.01393	0.01635	0.00964	0.01113	0.00877	0.00588	0.00449	0.00150	0.00745	0.00372	0.00292	0.00884
28	0.06152	0.68886	0.06612	0.01192	0.01788	0.02591	0.01209	0.02052	0.01380	0.01716	0.00964	0.01114	0.00870	0.00591	0.00448	0.00153	0.00733	0.00373	0.00300	0.00877
29	0.00834	0.00595	0.00794	0.00953	0.00992	0.00556	0.00635	0.00953	0.01310	0.01746	0.03771	0.75510	0.04525	0.02143	0.00873	0.00278	0.00397	0.01945	0.00635	0.00556
30	0.02736	0.01091	0.01481	0.01161	0.01632	0.00948	0.00948	0.03010	0.01955	0.61151	0.13585	0.02770	0.02449	0.00934	0.00707	0.00212	0.00541	0.00775	0.00832	0.01082
31	0.01780	0.01791	0.08397	0.01471	0.01920	0.06012	0.01242	0.09679	0.50982	0.02827	0.02453	0.04646	0.01888	0.00917	0.00692	0.00226	0.00644	0.00751	0.00633	0.01049
32	0.01428	0.12475	0.63967	0.01854	0.02813	0.01726	0.02361	0.02152	0.01438	0.02098	0.01194	0.01402	0.00868	0.00642	0.00624	0.00208	0.00977	0.00488	0.00289	0.00995
33	0.00834	0.00595	0.00794	0.00953	0.00992	0.00556	0.00635	0.00953	0.01310	0.01746	0.03771	0.75510	0.04525	0.02143	0.00873	0.00278	0.00397	0.01945	0.00635	0.00556
34	0.00956	0.00693	0.00903	0.00875	0.01028	0.00640	0.00654	0.01257	0.01861	0.02612	0.61680	0.11296	0.08078	0.01487	0.00817	0.00224	0.00339	0.03228	0.00736	0.00635
35	0.01587	0.01488	0.02478	0.29842	0.43908	0.01609	0.01990	0.05038	0.01564	0.02151	0.01277	0.01739	0.01024	0.00647	0.00680	0.00212	0.00846	0.00609	0.00342	0.00968
36	0.00963	0.00699	0.00907	0.00855	0.01019	0.00643	0.00641	0.01280	0.01924	0.02713	0.69122	0.05161	0.08681	0.01410	0.00807	0.00216	0.00324	0.01244	0.00749	0.00643
37	0.01292	0.01216	0.02052	0.74312	0.04712	0.01520	0.01900	0.01748	0.01368	0.01748	0.01216	0.01824	0.00912	0.00684	0.00684	0.00228	0.00912	0.00608	0.00304	0.00760
38	0.01661	0.48628	0.26474	0.01459	0.02160	0.02306	0.01638	0.02069	0.01392	0.01797	0.01041	0.01232	0.00875	0.00635	0.00593	0.00177	0.04231	0.00423	0.00292	0.00916
39	0.01596	0.30380	0.41252	0.01697	0.02512	0.04646	0.05020	0.02145	0.01450	0.01944	0.01126	0.01327	0.00879	0.00625	0.00578	0.00190	0.00922	0.00465	0.00295	0.00950
40	0.00817	0.00693	0.00705	0.00702	0.00929	0.00581	0.00527	0.00999	0.01580	0.01896	0.10402	0.06505	0.67910	0.01715	0.00808	0.00230	0.00345	0.01433	0.00642	0.00581
41	0.05021	0.01682	0.01792	0.01461	0.01939	0.01882	0.01180	0.37688	0.29971	0.06812	0.02123	0.02019	0.01543	0.00859	0.00680	0.00217	0.00653	0.00674	0.00687	0.01116
42	0.01364	0.01021	0.01723	0.10319	0.21169	0.01050	0.04964	0.01397	0.01171	0.01599	0.01230	0.01930	0.01119	0.01592	0.01788	0.44314	0.00722	0.00612	0.00312	0.00603
43	0.00834	0.00595	0.00794	0.00953	0.00992	0.00556	0.00635	0.00953	0.01310	0.01746	0.03771	0.75510	0.04525	0.02143	0.00873	0.00278	0.00397	0.01945	0.00635	0.00556
44	0.00962	0.00699	0.00906	0.00854	0.01018	0.00643	0.00641	0.01280	0.01923	0.02710	0.68933	0.05165	0.08871	0.01411	0.00807	0.00216	0.00324	0.01245	0.00749	0.00643
45	0.02693	0.01477	0.05564	0.03942	0.01945	0.05069	0.01156	0.11640	0.02048	0.48974	0.04029	0.04762	0.01721	0.00878	0.00691	0.00212	0.00662	0.00710	0.00739	0.01087
46	0.01525	0.01431	0.02389	0.39158	0.35751	0.01590	0.01972	0.04298	0.01521	0.02065	0.01264	0.01757	0.01001	0.00654	0.00681	0.00216	0.00860	0.00609	0.00334	0.00925
