[name]
unknown

[dist]
# distance from previous block
# <min> <max>
0	3

[block]
# block no. 0 follows, 28 sequences, length 18
# corresponding to MSA columns:
# 3-19,23
name=unknown_A
#
# <colnr> <probs for GDERKNQSTAVLIFYWHMCP>
#	G	D	E	R	K	N	Q	S	T	A	V	L	I	F	Y	W	H	M	C	P
0	0.01126	0.00822	0.01108	0.01251	0.01430	0.00804	0.01082	0.01439	0.01671	0.02145	0.04358	0.08025	0.13660	0.01984	0.00983	0.00322	0.00626	0.55832	0.00670	0.00661
1	0.01804	0.54417	0.23059	0.01482	0.02234	0.02534	0.01659	0.02213	0.01494	0.01881	0.01095	0.01272	0.00929	0.00642	0.00531	0.00177	0.00863	0.00431	0.00310	0.00974
2	0.02294	0.01248	0.04121	0.01208	0.01675	0.01063	0.01012	0.08414	0.02109	0.35376	0.20264	0.03374	0.07411	0.01080	0.00758	0.00219	0.00559	0.00901	0.00790	0.06123
3	0.01082	0.00716	0.00943	0.01035	0.01151	0.00647	0.00713	0.01232	0.01444	0.06364	0.03751	0.64480	0.04363	0.02071	0.00889	0.00278	0.00442	0.01870	0.00673	0.05855
4	0.01165	0.00783	0.00894	0.00872	0.00913	0.00795	0.00527	0.05384	0.01230	0.01642	0.02334	0.09391	0.02647	0.61486	0.03272	0.03924	0.00688	0.01085	0.00471	0.00498
5	0.07424	0.36168	0.12803	0.01721	0.06641	0.17228	0.01536	0.02333	0.01590	0.01965	0.01099	0.01312	0.00937	0.00692	0.00637	0.00189	0.03999	0.00455	0.00337	0.00933
6	0.02511	0.01919	0.02056	0.06272	0.02350	0.04609	0.01368	0.46348	0.15423	0.06643	0.01966	0.01953	0.01415	0.00881	0.00727	0.00224	0.00780	0.00682	0.00697	0.01178
7	0.00859	0.00736	0.00736	0.00736	0.00982	0.00614	0.00552	0.01043	0.01657	0.01964	0.07364	0.06996	0.69624	0.01841	0.00859	0.00245	0.00368	0.01534	0.00675	0.00614
8	0.02498	0.23565	0.02552	0.01696	0.02140	0.52214	0.01359	0.02698	0.01896	0.01760	0.01092	0.01270	0.00935	0.00713	0.00602	0.00178	0.01161	0.00446	0.00357	0.00868
9	0.01017	0.00743	0.00955	0.00902	0.01079	0.00681	0.00677	0.01349	0.02030	0.02849	0.65204	0.05539	0.11232	0.01511	0.00857	0.00230	0.00345	0.01330	0.00791	0.00681
10	0.01396	0.01338	0.02326	0.67905	0.04923	0.01630	0.06518	0.01890	0.01472	0.01890	0.01304	0.01940	0.00978	0.00719	0.00736	0.00242	0.00987	0.00661	0.00326	0.00819
11	0.01878	0.65343	0.12786	0.01355	0.02038	0.02717	0.01437	0.02193	0.01485	0.01790	0.01050	0.01216	0.00931	0.00631	0.00497	0.00166	0.00817	0.00409	0.00310	0.00952
12	0.00886	0.00633	0.00843	0.01012	0.01054	0.00590	0.00675	0.01012	0.01392	0.01856	0.04006	0.73979	0.04808	0.02277	0.00928	0.00295	0.00422	0.02066	0.00675	0.00590
13	0.00886	0.00633	0.00843	0.01012	0.01054	0.00590	0.00675	0.01012	0.01392	0.01856	0.04006	0.73979	0.04808	0.02277	0.00928	0.00295	0.00422	0.02066	0.00675	0.00590
14	0.02752	0.01871	0.02065	0.01578	0.02161	0.01997	0.01302	0.53855	0.03097	0.13968	0.01878	0.01835	0.01307	0.00854	0.00715	0.00212	0.00756	0.00651	0.00732	0.06416
15	0.18994	0.01612	0.01748	0.01386	0.01920	0.01710	0.01139	0.28370	0.07641	0.25188	0.02044	0.01935	0.01398	0.00849	0.00671	0.00224	0.00674	0.00637	0.00725	0.01135
16	0.07133	0.01696	0.02525	0.04945	0.02470	0.01947	0.16173	0.13535	0.01719	0.02552	0.01263	0.01679	0.01039	0.00914	0.01355	0.00253	0.28669	0.00652	0.00422	0.09059
17	0.01967	0.64729	0.08291	0.01347	0.01982	0.07849	0.01355	0.02239	0.01524	0.01756	0.01039	0.01202	0.00932	0.00636	0.00496	0.00163	0.00837	0.00405	0.00315	0.00936

[dist]
# distance from previous block
# <min> <max>
2	4

[block]
# block no. 1 follows, 28 sequences, length 68
# corresponding to MSA columns:
# 28-95
name=unknown_B
#
# <colnr> <probs for GDERKNQSTAVLIFYWHMCP>
#	G	D	E	R	K	N	Q	S	T	A	V	L	I	F	Y	W	H	M	C	P
0	0.02218	0.01953	0.01863	0.01589	0.02048	0.10938	0.01254	0.23287	0.39998	0.03351	0.02349	0.02234	0.01752	0.00921	0.00725	0.00230	0.00739	0.00725	0.00689	0.01137
1	0.02534	0.01764	0.01927	0.01539	0.02060	0.01932	0.01251	0.40700	0.19792	0.12597	0.02221	0.02120	0.01581	0.00904	0.00723	0.00225	0.00703	0.00708	0.03526	0.01195
2	0.01507	0.01292	0.01507	0.01077	0.01723	0.00969	0.00861	0.01830	0.01507	0.02369	0.01292	0.01507	0.01077	0.00538	0.00538	0.00108	0.00538	0.00431	0.00431	0.78898
3	0.00886	0.00633	0.00843	0.01012	0.01054	0.00590	0.00675	0.01012	0.01392	0.01856	0.04006	0.73979	0.04808	0.02277	0.00928	0.00295	0.00422	0.02066	0.00675	0.00590
4	0.02727	0.02018	0.02161	0.01665	0.02240	0.02237	0.01373	0.65054	0.05919	0.04522	0.01792	0.01782	0.01274	0.00877	0.00728	0.00219	0.00791	0.00661	0.00728	0.01233
5	0.03199	0.01251	0.01685	0.01301	0.01857	0.01100	0.01072	0.03556	0.04947	0.67519	0.02872	0.02484	0.01817	0.00903	0.00731	0.00226	0.00617	0.00735	0.00893	0.01233
6	0.01507	0.01292	0.01507	0.01077	0.01723	0.00969	0.00861	0.01830	0.01507	0.02369	0.01292	0.01507	0.01077	0.00538	0.00538	0.00108	0.00538	0.00431	0.00431	0.78898
7	0.01943	0.74891	0.03809	0.01244	0.01866	0.02876	0.01244	0.02177	0.01477	0.01710	0.01011	0.01166	0.00933	0.00622	0.00466	0.00155	0.00777	0.00389	0.00311	0.00933
8	0.00886	0.00633	0.00843	0.01012	0.01054	0.00590	0.00675	0.01012	0.01392	0.01856	0.04006	0.73979	0.04808	0.02277	0.00928	0.00295	0.00422	0.02066	0.00675	0.00590
9	0.01388	0.01313	0.02183	0.67839	0.04793	0.01657	0.01989	0.01850	0.01430	0.01850	0.01269	0.01914	0.00968	0.00764	0.00841	0.00247	0.05930	0.00645	0.00323	0.00807
10	0.00886	0.00633	0.00843	0.01012	0.01054	0.00590	0.00675	0.01012	0.01392	0.01856	0.04006	0.73979	0.04808	0.02277	0.00928	0.00295	0.00422	0.02066	0.00675	0.00590
11	0.00884	0.00637	0.00839	0.01000	0.01051	0.00591	0.00669	0.01013	0.01403	0.01860	0.04151	0.71093	0.07601	0.02259	0.00925	0.00293	0.00419	0.02044	0.00675	0.00591
12	0.00883	0.00740	0.00770	0.00771	0.01007	0.00627	0.00583	0.01086	0.01692	0.02052	0.12628	0.06898	0.62161	0.01815	0.00863	0.00247	0.00375	0.03493	0.00686	0.00622
13	0.02213	0.26216	0.03108	0.01884	0.02443	0.22957	0.15558	0.10052	0.04912	0.02255	0.01315	0.01516	0.01063	0.00703	0.00649	0.00196	0.01026	0.00564	0.00409	0.00961
14	0.01471	0.01449	0.02174	0.64867	0.04686	0.06258	0.01959	0.01921	0.01478	0.01847	0.01266	0.01881	0.00966	0.00753	0.00796	0.00242	0.04216	0.00634	0.00326	0.00809
15	0.00891	0.00637	0.00848	0.01008	0.01056	0.00594	0.00675	0.01026	0.01418	0.01897	0.06565	0.71302	0.04888	0.02246	0.00925	0.00293	0.00419	0.02037	0.00680	0.00594
16	0.01659	0.20784	0.33321	0.02178	0.03034	0.02029	0.22593	0.02279	0.01577	0.02164	0.01284	0.01577	0.00981	0.00649	0.00688	0.00216	0.01048	0.00601	0.00327	0.01010
17	0.02221	0.01636	0.01717	0.01410	0.01818	0.06221	0.01113	0.36832	0.02647	0.08575	0.12761	0.09083	0.02579	0.06810	0.00992	0.00263	0.00706	0.00911	0.00701	0.01003
18	0.01525	0.01520	0.02391	0.19569	0.02854	0.01974	0.08769	0.01819	0.01265	0.01836	0.01138	0.01773	0.01012	0.01251	0.04886	0.00329	0.44278	0.00669	0.00328	0.00812
19	0.02763	0.02036	0.02182	0.01672	0.02254	0.02254	0.01382	0.67496	0.03418	0.04581	0.01745	0.01745	0.01236	0.00873	0.00727	0.00218	0.00800	0.00654	0.00727	0.01236
20	0.00975	0.00742	0.01000	0.03968	0.01264	0.00757	0.00779	0.01142	0.01453	0.01965	0.11713	0.53374	0.06588	0.04601	0.01104	0.00299	0.05242	0.01770	0.00644	0.00620
21	0.04863	0.16588	0.03247	0.12843	0.05352	0.02089	0.24740	0.02089	0.01474	0.02045	0.01215	0.01677	0.01005	0.00780	0.01071	0.00241	0.16782	0.00656	0.00342	0.00902
22	0.00859	0.00736	0.00736	0.00736	0.00982	0.00614	0.00552	0.01043	0.01657	0.01964	0.07364	0.06996	0.69624	0.01841	0.00859	0.00245	0.00368	0.01534	0.00675	0.00614
23	0.01753	0.01680	0.02867	0.11819	0.62921	0.01715	0.02208	0.02191	0.01633	0.02319	0.01359	0.01814	0.01132	0.00656	0.00720	0.00219	0.00875	0.00647	0.00356	0.01114
24	0.02710	0.02010	0.02151	0.01662	0.02234	0.02229	0.01369	0.63938	0.07063	0.04495	0.01813	0.01799	0.01291	0.00879	0.00728	0.00220	0.00787	0.00664	0.00728	0.01231
25	0.01765	0.01745	0.03119	0.07137	0.52510	0.01745	0.14187	0.02288	0.03943	0.02366	0.01437	0.01866	0.01171	0.00656	0.00746	0.00223	0.00925	0.00692	0.00373	0.01105
26	0.01013	0.00742	0.00950	0.00898	0.01076	0.00679	0.00674	0.01341	0.02021	0.02827	0.63808	0.05574	0.12641	0.01519	0.00858	0.00230	0.00345	0.01335	0.00789	0.00679
27	0.01613	0.01754	0.03592	0.22583	0.04043	0.01795	0.45608	0.02167	0.01611	0.02167	0.01394	0.01936	0.01058	0.00678	0.00898	0.00248	0.04793	0.00787	0.00353	0.00922
28	0.02531	0.06125	0.02603	0.01981	0.05476	0.05662	0.11473	0.45179	0.02849	0.06428	0.01658	0.01755	0.01202	0.00804	0.00729	0.00217	0.00885	0.00664	0.00621	0.01156
29	0.01038	0.00779	0.01168	0.01168	0.01298	0.00909	0.00909	0.01298	0.01168	0.01687	0.01947	0.02856	0.01817	0.05452	0.71573	0.01168	0.01947	0.00779	0.00389	0.00649
30	0.00875	0.00673	0.00802	0.00905	0.01026	0.00599	0.00627	0.01024	0.01495	0.01898	0.05310	0.47976	0.29970	0.02108	0.00901	0.00276	0.00401	0.01860	0.00675	0.00599
31	0.01101	0.00704	0.00937	0.01012	0.01123	0.00648	0.00708	0.01287	0.01592	0.07398	0.18347	0.53350	0.05026	0.01996	0.00897	0.00275	0.00420	0.01798	0.00720	0.00662
32	0.02846	0.01903	0.02099	0.01609	0.02188	0.02057	0.01329	0.56855	0.03195	0.15536	0.01932	0.01866	0.01330	0.00877	0.00728	0.00219	0.00770	0.00667	0.00756	0.01236
33	0.01647	0.01685	0.02218	0.01907	0.01926	0.05735	0.01581	0.01808	0.01161	0.01751	0.00963	0.01576	0.00953	0.01246	0.02298	0.00311	0.69488	0.00628	0.00321	0.00798
34	0.01537	0.01534	0.02168	0.12936	0.02421	0.05403	0.05792	0.01784	0.01258	0.01786	0.01215	0.01919	0.01128	0.04242	0.10209	0.00410	0.42465	0.00676	0.00338	0.00781
35	0.02409	0.08605	0.12792	0.01811	0.02443	0.08697	0.07753	0.30103	0.02443	0.10937	0.01631	0.01720	0.01176	0.00804	0.00762	0.00218	0.03398	0.00623	0.00566	0.01109
36	0.01834	0.56065	0.14427	0.01485	0.02142	0.02606	0.03852	0.02174	0.01471	0.01830	0.01070	0.01281	0.00938	0.00676	0.00643	0.00181	0.05617	0.00446	0.00313	0.00948
37	0.01057	0.00705	0.00793	0.00793	0.00793	0.00705	0.00440	0.01057	0.01057	0.01409	0.02290	0.04757	0.02643	0.74454	0.03700	0.00705	0.00705	0.01057	0.00440	0.00440
38	0.02718	0.01664	0.01904	0.01496	0.02018	0.01744	0.01220	0.42313	0.02827	0.23348	0.02297	0.09223	0.01758	0.01022	0.00748	0.00228	0.00709	0.00819	0.00772	0.01171
39	0.02341	0.11410	0.11036	0.03967	0.02271	0.10809	0.01472	0.16772	0.12331	0.15028	0.01861	0.01870	0.01352	0.00833	0.00742	0.00218	0.03405	0.00620	0.00580	0.01084
40	0.00886	0.00633	0.00843	0.01012	0.01054	0.00590	0.00675	0.01012	0.01392	0.01856	0.04006	0.73979	0.04808	0.02277	0.00928	0.00295	0.00422	0.02066	0.00675	0.00590
41	0.01046	0.00700	0.00796	0.00807	0.00810	0.00697	0.00456	0.01054	0.01079	0.01439	0.02404	0.09327	0.02786	0.69689	0.03517	0.00678	0.00686	0.01124	0.00456	0.00450
42	0.02733	0.02021	0.02164	0.01666	0.02243	0.02240	0.01374	0.65473	0.05490	0.04532	0.01784	0.01776	0.01267	0.00876	0.00728	0.00219	0.00793	0.00660	0.00728	0.01233
43	0.01209	0.01107	0.01955	0.08048	0.02207	0.01090	0.19121	0.01606	0.04882	0.02083	0.05386	0.41651	0.03389	0.01587	0.00878	0.00272	0.00697	0.01517	0.00567	0.00749
44	0.01448	0.00767	0.00777	0.00743	0.00940	0.00782	0.00566	0.06038	0.01649	0.02834	0.02330	0.02646	0.01822	0.00849	0.00523	0.00173	0.00369	0.00676	0.73355	0.00714
45	0.02555	0.05072	0.02373	0.01839	0.02348	0.25744	0.08967	0.30570	0.02548	0.05833	0.01540	0.01739	0.01181	0.03434	0.00815	0.00226	0.01012	0.00622	0.00547	0.01033
46	0.01974	0.63958	0.06204	0.01294	0.01917	0.02678	0.01287	0.02354	0.05938	0.04892	0.01234	0.01341	0.01056	0.00661	0.00505	0.00168	0.00769	0.00438	0.00365	0.00966
47	0.02638	0.01262	0.01594	0.01278	0.01747	0.01201	0.01030	0.09899	0.09263	0.43634	0.12811	0.02951	0.02579	0.03635	0.00857	0.00244	0.00594	0.00832	0.00833	0.01116
48	0.01115	0.00758	0.00973	0.00911	0.01081	0.00701	0.00670	0.01413	0.01936	0.05378	0.57647	0.05285	0.08030	0.09551	0.01167	0.00282	0.00395	0.01270	0.00761	0.00678
49	0.02213	0.01601	0.01743	0.01418	0.01843	0.01738	0.01130	0.46414	0.02764	0.03728	0.02370	0.11758	0.05267	0.04336	0.00952	0.03071	0.00692	0.00903	0.05038	0.01021
50	0.05118	0.01675	0.02793	0.30854	0.16957	0.05272	0.17860	0.02104	0.01556	0.02125	0.01307	0.01828	0.01027	0.00718	0.00851	0.00239	0.05773	0.00677	0.00349	0.00917
51	0.02263	0.01650	0.01803	0.01494	0.01962	0.01833	0.01199	0.29692	0.29784	0.09343	0.02374	0.02303	0.01744	0.01176	0.04685	0.00282	0.00738	0.00737	0.03790	0.01146
52	0.01662	0.17626	0.22253	0.14886	0.02950	0.10466	0.07728	0.02135	0.01574	0.01987	0.01517	0.09155	0.01359	0.00850	0.00686	0.00220	0.00967	0.00707	0.00363	0.00908
53	0.04778	0.02032	0.16375	0.06722	0.05205	0.05403	0.12390	0.06348	0.03919	0.02298	0.01780	0.12695	0.01649	0.01197	0.03535	0.00286	0.11187	0.00863	0.00432	0.00905
54	0.00894	0.00701	0.00809	0.00859	0.01023	0.00616	0.00615	0.01081	0.01624	0.02067	0.15434	0.30095	0.37720	0.01940	0.00883	0.00260	0.00383	0.01687	0.00694	0.00616
55	0.02713	0.02033	0.02117	0.01652	0.02211	0.05255	0.01353	0.57429	0.08000	0.07032	0.01851	0.01825	0.01317	0.00876	0.00725	0.00219	0.00799	0.00661	0.00719	0.01213
56	0.08356	0.33183	0.05813	0.01582	0.05799	0.06450	0.01350	0.16691	0.04552	0.07833	0.01428	0.01514	0.01115	0.00728	0.00588	0.00192	0.00795	0.00516	0.00481	0.01032
57	0.01935	0.43429	0.10864	0.01844	0.05404	0.05436	0.12754	0.06733	0.01690	0.02109	0.01192	0.01416	0.00991	0.00652	0.00595	0.00187	0.00914	0.00518	0.00354	0.00983
58	0.00973	0.00709	0.00916	0.00932	0.01069	0.00652	0.00673	0.01240	0.01827	0.02527	0.45282	0.26371	0.10617	0.01751	0.00879	0.00250	0.00369	0.01558	0.00753	0.00652
59	0.02623	0.04739	0.02073	0.01546	0.02059	0.01946	0.01282	0.43897	0.02841	0.16454	0.06642	0.02107	0.01706	0.00937	0.00836	0.00224	0.05508	0.00703	0.00721	0.01156
60	0.11778	0.35684	0.02816	0.01455	0.01986	0.14633	0.03621	0.08928	0.01783	0.06949	0.01247	0.01385	0.01012	0.00717	0.00622	0.00190	0.03344	0.00479	0.00424	0.00947
61	0.00916	0.00682	0.00853	0.00930	0.01047	0.00619	0.00652	0.01109	0.01615	0.02145	0.21194	0.42670	0.18936	0.01987	0.00896	0.00268	0.00391	0.01766	0.00706	0.00619
62	0.00902	0.00678	0.00839	0.00946	0.01058	0.00615	0.00665	0.01070	0.01526	0.01980	0.09927	0.47952	0.22198	0.02088	0.00907	0.00279	0.00412	0.04667	0.00684	0.00607
63	0.18212	0.01881	0.08044	0.14961	0.03002	0.04137	0.17435	0.13686	0.01888	0.07834	0.01468	0.01737	0.01066	0.00724	0.00696	0.00231	0.00911	0.00637	0.00474	0.00975
64	0.01027	0.00738	0.00948	0.01069	0.01153	0.00715	0.00740	0.05724	0.01543	0.02058	0.03842	0.66869	0.04536	0.02170	0.00916	0.00291	0.00456	0.03888	0.00678	0.00638
65	0.00934	0.00740	0.00844	0.00872	0.01054	0.00665	0.00633	0.01202	0.04055	0.02165	0.18811	0.24232	0.37479	0.01854	0.00873	0.00255	0.00385	0.01605	0.00702	0.00641
66	0.02710	0.02010	0.02151	0.01662	0.02234	0.02229	0.01369	0.63938	0.07063	0.04495	0.01813	0.01799	0.01291	0.00879	0.00728	0.00220	0.00787	0.00664	0.00728	0.01231
67	0.01921	0.54387	0.09043	0.01404	0.01991	0.05680	0.01389	0.05464	0.01570	0.01910	0.01110	0.01326	0.00983	0.00874	0.03362	0.00216	0.05648	0.00449	0.00338	0.00936

[dist]
# distance from previous block
# <min> <max>
0	2

[block]
# block no. 2 follows, 28 sequences, length 72
# corresponding to MSA columns:
# 98-145,147-170
name=unknown_C
#
# <colnr> <probs for GDERKNQSTAVLIFYWHMCP>
#	G	D	E	R	K	N	Q	S	T	A	V	L	I	F	Y	W	H	M	C	P
0	0.04965	0.08455	0.02498	0.30992	0.03385	0.01864	0.09595	0.04517	0.01488	0.02087	0.01222	0.01720	0.00990	0.00806	0.01039	0.00238	0.16063	0.00617	0.00356	0.07103
1	0.01549	0.08277	0.01726	0.01093	0.01736	0.01150	0.00898	0.01863	0.01504	0.02306	0.01265	0.01475	0.01063	0.00546	0.00532	0.00112	0.00561	0.00427	0.00419	0.71498
2	0.01085	0.07793	0.01118	0.00847	0.01121	0.00862	0.00668	0.01316	0.01753	0.04488	0.21969	0.05903	0.45306	0.01606	0.00817	0.00232	0.00409	0.01344	0.00679	0.00683
3	0.01716	0.42553	0.27491	0.08322	0.02620	0.02333	0.01831	0.02191	0.01495	0.01935	0.01142	0.01371	0.00932	0.00656	0.00571	0.00190	0.00901	0.00466	0.00311	0.00971
4	0.01860	0.00991	0.01389	0.07974	0.03795	0.00934	0.00992	0.02184	0.01956	0.26429	0.33648	0.08096	0.04228	0.01231	0.00801	0.00232	0.00520	0.01072	0.00769	0.00899
5	0.01556	0.07643	0.51195	0.02401	0.10383	0.01783	0.10419	0.02290	0.01566	0.02277	0.01314	0.01593	0.00969	0.00672	0.00701	0.00226	0.01052	0.00579	0.00320	0.01063
6	0.01064	0.00889	0.00945	0.00905	0.01167	0.00846	0.00686	0.01619	0.13990	0.02334	0.17886	0.05926	0.45843	0.01620	0.00837	0.00243	0.00402	0.01364	0.00710	0.00725
7	0.06993	0.01595	0.06522	0.40626	0.26297	0.01658	0.02044	0.02028	0.01511	0.02155	0.01298	0.01814	0.01014	0.00695	0.00703	0.00232	0.00912	0.00622	0.00343	0.00937
8	0.02008	0.08343	0.25671	0.06271	0.06908	0.01769	0.06438	0.13964	0.03749	0.12281	0.04421	0.01935	0.01408	0.00781	0.00708	0.00222	0.00885	0.00648	0.00505	0.01082
9	0.01388	0.00864	0.01063	0.00974	0.01232	0.00792	0.00743	0.01772	0.05944	0.13577	0.35382	0.09702	0.20737	0.01499	0.00835	0.00238	0.00413	0.01293	0.00774	0.00780
10	0.00979	0.00737	0.00909	0.00905	0.01084	0.00668	0.00682	0.01257	0.01858	0.02502	0.41687	0.12559	0.23672	0.01695	0.00875	0.00247	0.00380	0.05904	0.00745	0.00656
11	0.01945	0.44727	0.13056	0.05992	0.07058	0.02460	0.01587	0.11434	0.01771	0.02258	0.01199	0.01392	0.00992	0.00675	0.00569	0.00185	0.00841	0.00481	0.00373	0.01004
12	0.01537	0.11002	0.56433	0.02094	0.03084	0.01829	0.09599	0.02292	0.01548	0.02243	0.01292	0.01543	0.00942	0.00675	0.00685	0.00224	0.01060	0.00557	0.00314	0.01049
13	0.01026	0.00773	0.00894	0.00926	0.01149	0.00687	0.00735	0.01258	0.01691	0.04276	0.10533	0.09886	0.44304	0.01846	0.00893	0.00268	0.00451	0.17064	0.00690	0.00651
14	0.09654	0.01667	0.07619	0.12894	0.11817	0.03063	0.01481	0.13405	0.10680	0.02882	0.11527	0.06120	0.02228	0.00957	0.00724	0.00232	0.00730	0.00802	0.00552	0.00966
15	0.01920	0.06238	0.15414	0.13124	0.05284	0.01486	0.01552	0.10748	0.01964	0.16214	0.12389	0.02707	0.05954	0.00942	0.00732	0.00225	0.00752	0.00779	0.00581	0.00994
16	0.01755	0.01573	0.02530	0.07552	0.49796	0.01608	0.01912	0.02355	0.09082	0.04877	0.08062	0.02276	0.01823	0.00778	0.00736	0.00222	0.00780	0.00733	0.00461	0.01091
17	0.01683	0.01604	0.01796	0.15580	0.08688	0.10952	0.01412	0.02629	0.24785	0.02447	0.08682	0.03307	0.02417	0.01062	0.00772	0.00245	0.00769	0.09671	0.00570	0.00932
18	0.01679	0.01621	0.08559	0.28158	0.27829	0.01525	0.01943	0.02141	0.01636	0.08661	0.05774	0.02261	0.03483	0.00790	0.00733	0.00229	0.00851	0.00711	0.00429	0.00985
19	0.05200	0.03647	0.67353	0.02018	0.03063	0.01685	0.02595	0.02294	0.01520	0.02348	0.01290	0.01518	0.00914	0.00690	0.00679	0.00230	0.01050	0.00530	0.00314	0.01061
20	0.01817	0.00948	0.01238	0.01114	0.01398	0.00876	0.00849	0.05966	0.01941	0.24703	0.23367	0.25509	0.04233	0.01503	0.00830	0.00247	0.00485	0.01318	0.00789	0.00869
21	0.01550	0.01673	0.08939	0.34603	0.31233	0.01621	0.02103	0.02009	0.01520	0.02083	0.01323	0.01856	0.01053	0.00777	0.00822	0.03995	0.00920	0.00636	0.00336	0.00950
22	0.01549	0.02276	0.34536	0.01560	0.02209	0.01252	0.01716	0.02164	0.04539	0.11627	0.14909	0.13505	0.02812	0.01124	0.00766	0.00240	0.00753	0.00956	0.00555	0.00952
23	0.01840	0.01740	0.02918	0.04343	0.67041	0.01750	0.02195	0.05007	0.01730	0.02469	0.01383	0.01797	0.01155	0.00657	0.00720	0.00216	0.00861	0.00648	0.00375	0.01155
24	0.01532	0.01455	0.02468	0.47181	0.29286	0.01657	0.02098	0.01997	0.01529	0.02051	0.01320	0.01886	0.01037	0.00697	0.00724	0.00232	0.00930	0.00647	0.00337	0.00936
25	0.04303	0.03513	0.56964	0.02140	0.05651	0.08322	0.04556	0.02351	0.01585	0.02289	0.01285	0.01525	0.00933	0.00691	0.00685	0.00226	0.01076	0.00540	0.00322	0.01042
26	0.01327	0.00966	0.01378	0.01287	0.01507	0.00933	0.07108	0.08592	0.01738	0.06403	0.06229	0.45859	0.07881	0.01815	0.00883	0.00274	0.00554	0.03851	0.00670	0.00745
27	0.01111	0.00690	0.00924	0.01039	0.01130	0.00636	0.00712	0.01252	0.01457	0.08363	0.03898	0.67193	0.04522	0.02147	0.00909	0.00289	0.00440	0.01940	0.00696	0.00652
28	0.22755	0.23629	0.23531	0.01465	0.02175	0.02051	0.01574	0.08453	0.01636	0.05030	0.01238	0.01386	0.00950	0.00691	0.00565	0.00206	0.00808	0.00473	0.00407	0.00977
29	0.00894	0.00647	0.00830	0.00973	0.01032	0.00600	0.00649	0.01018	0.01397	0.01839	0.04221	0.63415	0.10828	0.06622	0.01090	0.00315	0.00434	0.01955	0.00661	0.00584
30	0.01081	0.00731	0.00964	0.00960	0.01109	0.00674	0.00699	0.01358	0.01861	0.05473	0.47279	0.25620	0.06036	0.01696	0.00873	0.00248	0.00378	0.01513	0.00767	0.00681
31	0.19284	0.03631	0.02075	0.23937	0.15327	0.04855	0.01577	0.10980	0.03174	0.06534	0.01413	0.01715	0.01069	0.00733	0.00654	0.00225	0.00818	0.00585	0.00456	0.00960
32	0.01725	0.00954	0.01224	0.01071	0.01374	0.00891	0.00832	0.02193	0.08108	0.22080	0.39962	0.06837	0.07111	0.01314	0.00813	0.00232	0.00446	0.01138	0.00814	0.00879
33	0.00903	0.00738	0.00798	0.00783	0.01009	0.00633	0.00587	0.01129	0.01762	0.02212	0.23621	0.06586	0.53212	0.01748	0.00859	0.00241	0.00362	0.01477	0.00708	0.00633
34	0.01057	0.00763	0.00982	0.00979	0.01126	0.00723	0.00712	0.04116	0.01899	0.02641	0.45211	0.27648	0.05946	0.01718	0.00875	0.00250	0.00388	0.01531	0.00756	0.00679
35	0.29653	0.02430	0.30869	0.08485	0.06669	0.01665	0.01824	0.04432	0.01506	0.04539	0.01259	0.01494	0.00926	0.00698	0.00612	0.00228	0.00846	0.00512	0.00393	0.00960
36	0.00942	0.00721	0.00863	0.00951	0.01081	0.00669	0.00673	0.01182	0.04361	0.01980	0.07507	0.42020	0.24616	0.04616	0.00998	0.00292	0.00431	0.04799	0.00674	0.00624
37	0.04694	0.09807	0.02029	0.01440	0.01924	0.08340	0.01188	0.38473	0.05252	0.03584	0.01744	0.01833	0.01311	0.00828	0.00646	0.00201	0.00747	0.00611	0.14293	0.01052
38	0.01620	0.18426	0.35505	0.08959	0.11471	0.01955	0.07918	0.02226	0.01546	0.02144	0.01262	0.01564	0.00973	0.00667	0.00664	0.00215	0.00987	0.00557	0.00321	0.01020
39	0.01733	0.01587	0.06536	0.36870	0.27149	0.01599	0.02029	0.02198	0.01597	0.09560	0.01491	0.01924	0.01120	0.00716	0.00723	0.00230	0.00900	0.00649	0.00398	0.00990
40	0.00907	0.00643	0.00842	0.00987	0.01028	0.00605	0.00651	0.01027	0.01375	0.01838	0.05628	0.64894	0.04639	0.09765	0.01214	0.00336	0.00449	0.01941	0.00654	0.00577
41	0.17164	0.02060	0.17430	0.17063	0.18627	0.01717	0.07273	0.06104	0.01615	0.02558	0.01299	0.01656	0.00992	0.00690	0.00673	0.00229	0.00898	0.00590	0.00381	0.00982
42	0.25164	0.04094	0.08971	0.01247	0.01673	0.08098	0.01084	0.10637	0.01742	0.05151	0.09747	0.02491	0.01976	0.13697	0.01160	0.00303	0.00728	0.00690	0.00516	0.00831
43	0.01603	0.00937	0.01198	0.01065	0.01343	0.00889	0.00821	0.02109	0.09306	0.17866	0.44318	0.07759	0.05130	0.01339	0.00820	0.00233	0.00433	0.01167	0.00810	0.00854
44	0.01609	0.01690	0.06800	0.30876	0.37868	0.01686	0.04830	0.02093	0.01572	0.02167	0.01338	0.01844	0.01064	0.00680	0.00726	0.00228	0.00932	0.00649	0.00343	0.01006
45	0.01627	0.07684	0.53790	0.01902	0.02833	0.01772	0.02314	0.10497	0.01801	0.02591	0.05409	0.01771	0.01315	0.00757	0.00692	0.00224	0.00978	0.00589	0.00390	0.01063
46	0.07878	0.13510	0.12084	0.01437	0.03821	0.01465	0.01310	0.02764	0.01766	0.36171	0.02273	0.08801	0.01726	0.00932	0.00681	0.00221	0.00695	0.00748	0.00649	0.01069
47	0.01005	0.00746	0.00948	0.01064	0.01184	0.00718	0.00791	0.01284	0.04725	0.02025	0.06631	0.41038	0.13298	0.04583	0.01022	0.00307	0.00488	0.16832	0.00673	0.00637
48	0.01573	0.01458	0.02416	0.39668	0.29663	0.01633	0.02027	0.04270	0.01613	0.02171	0.01491	0.02256	0.01243	0.00779	0.00741	0.00237	0.00904	0.04539	0.00372	0.00946
49	0.12378	0.06765	0.01854	0.01631	0.07248	0.22970	0.01188	0.10604	0.02017	0.08559	0.09307	0.02464	0.08204	0.00935	0.00678	0.00210	0.00823	0.00707	0.00544	0.00912
50	0.79588	0.01406	0.01068	0.00956	0.01406	0.01631	0.00787	0.02137	0.01237	0.03261	0.01012	0.01181	0.00787	0.00675	0.00450	0.00225	0.00562	0.00394	0.00450	0.00787
51	0.01451	0.08295	0.02380	0.51335	0.10482	0.01679	0.03974	0.01892	0.01492	0.01922	0.01495	0.04666	0.01275	0.00821	0.00726	0.00238	0.00916	0.03761	0.00356	0.00843
52	0.00970	0.00695	0.00876	0.00916	0.01014	0.00649	0.00628	0.01161	0.01607	0.02191	0.29177	0.30456	0.09727	0.14919	0.01394	0.00340	0.00439	0.01558	0.00681	0.00602
53	0.01370	0.01686	0.15157	0.27765	0.08549	0.01387	0.03949	0.03888	0.01718	0.02360	0.19006	0.02942	0.05294	0.00954	0.00762	0.00234	0.00800	0.00840	0.00473	0.00867
54	0.01318	0.01710	0.19181	0.01463	0.01860	0.01173	0.10092	0.04258	0.01365	0.01891	0.01905	0.03433	0.01937	0.42618	0.02425	0.00501	0.00873	0.00881	0.00408	0.00708
55	0.03141	0.01233	0.01663	0.01288	0.01833	0.01082	0.01059	0.03486	0.04382	0.65976	0.04959	0.02575	0.01972	0.00921	0.00735	0.00226	0.00608	0.00752	0.00891	0.01217
56	0.03261	0.01237	0.01687	0.01293	0.01856	0.01068	0.01068	0.03543	0.02081	0.70423	0.02868	0.02474	0.01799	0.00900	0.00731	0.00225	0.00619	0.00731	0.00900	0.01237
57	0.01507	0.03452	0.59997	0.02362	0.09526	0.01701	0.06789	0.02297	0.01558	0.02311	0.01321	0.01587	0.00954	0.00682	0.00704	0.00230	0.01064	0.00568	0.00316	0.01076
58	0.13789	0.02075	0.24591	0.09344	0.02553	0.01402	0.03972	0.02449	0.01624	0.21151	0.01952	0.08675	0.01523	0.00898	0.00697	0.00236	0.00803	0.00737	0.00531	0.00997
59	0.00949	0.00697	0.00889	0.00932	0.01060	0.00637	0.00665	0.01182	0.01733	0.02359	0.34724	0.33904	0.13866	0.01857	0.00887	0.00258	0.00379	0.01652	0.00733	0.00637
60	0.01466	0.01377	0.02269	0.57645	0.15049	0.01644	0.02000	0.02037	0.05545	0.02010	0.01405	0.01963	0.01073	0.00730	0.00726	0.00238	0.00929	0.00657	0.00354	0.00882
61	0.01517	0.15900	0.49373	0.01920	0.05615	0.01804	0.02223	0.02189	0.01579	0.02259	0.07731	0.01851	0.01496	0.00752	0.00668	0.00216	0.00944	0.00590	0.00357	0.01016
62	0.00896	0.00640	0.00855	0.01024	0.01070	0.00599	0.00692	0.01030	0.01402	0.01867	0.04001	0.71636	0.04785	0.02268	0.00931	0.00297	0.00431	0.04310	0.00675	0.00593
63	0.01800	0.01948	0.08472	0.04185	0.62329	0.03911	0.02242	0.02258	0.01658	0.02350	0.01355	0.01762	0.01126	0.00654	0.00715	0.00216	0.00895	0.00633	0.00356	0.01135
64	0.03912	0.05098	0.08150	0.02597	0.30097	0.01452	0.01622	0.04972	0.01842	0.09980	0.17534	0.02876	0.02627	0.00932	0.00741	0.00223	0.00712	0.03078	0.00544	0.01011
65	0.02676	0.03330	0.01576	0.01199	0.01668	0.01029	0.00980	0.02971	0.02057	0.51847	0.19117	0.03158	0.03011	0.01035	0.00754	0.00224	0.00556	0.00863	0.00858	0.01093
66	0.01003	0.00670	0.00893	0.01014	0.01092	0.00621	0.00693	0.01158	0.01489	0.04931	0.10613	0.63922	0.04886	0.02137	0.00912	0.00285	0.00422	0.01932	0.00697	0.00628
67	0.12351	0.01234	0.01860	0.52884	0.03969	0.01492	0.01665	0.01831	0.01505	0.02198	0.10482	0.02303	0.01740	0.00822	0.00705	0.00238	0.00827	0.00701	0.00405	0.00788
68	0.01096	0.00878	0.00998	0.00956	0.01188	0.00852	0.00719	0.01670	0.13589	0.02531	0.31523	0.09679	0.28441	0.01573	0.00842	0.00242	0.00398	0.01352	0.00737	0.00736
69	0.35196	0.03636	0.01584	0.11502	0.06178	0.01630	0.01145	0.13099	0.01724	0.03052	0.04146	0.01795	0.01298	0.00988	0.03981	0.00265	0.00725	0.00567	0.06618	0.00874
70	0.16874	0.29808	0.16873	0.01468	0.02115	0.10963	0.01479	0.06045	0.01652	0.05106	0.01204	0.01350	0.00955	0.00688	0.00560	0.00195	0.00861	0.00460	0.00392	0.00953
71	0.04854	0.21073	0.28123	0.04728	0.04502	0.10330	0.01789	0.02281	0.01645	0.05116	0.07742	0.01836	0.01531	0.00764	0.00640	0.00206	0.00908	0.00576	0.00397	0.00960

[dist]
# distance from previous block
# <min> <max>
1	11

[block]
# block no. 3 follows, 28 sequences, length 96
# corresponding to MSA columns:
# 182-233,235-278
name=unknown_D
#
# <colnr> <probs for GDERKNQSTAVLIFYWHMCP>
#	G	D	E	R	K	N	Q	S	T	A	V	L	I	F	Y	W	H	M	C	P
0	0.34552	0.01551	0.05539	0.27027	0.09497	0.01663	0.01504	0.04131	0.03919	0.02653	0.01257	0.01605	0.00961	0.00709	0.00607	0.00231	0.00773	0.00540	0.00407	0.00873
1	0.01566	0.13537	0.51038	0.02107	0.03065	0.01879	0.12402	0.02288	0.01554	0.02222	0.01288	0.01548	0.00950	0.00669	0.00685	0.00222	0.01056	0.00565	0.00317	0.01040
2	0.01481	0.01262	0.01478	0.01068	0.01688	0.00953	0.00852	0.01805	0.01538	0.02399	0.05051	0.01723	0.01395	0.00591	0.00556	0.00114	0.00528	0.00479	0.00451	0.74589
3	0.01109	0.00735	0.00949	0.00953	0.01104	0.00673	0.00687	0.01351	0.01769	0.06623	0.36464	0.28192	0.10159	0.04625	0.00986	0.00271	0.00402	0.01535	0.00741	0.00673
4	0.01333	0.00810	0.01069	0.00966	0.01191	0.00738	0.00738	0.01668	0.02061	0.12120	0.60446	0.05027	0.06169	0.01406	0.00840	0.00228	0.00381	0.01235	0.00814	0.00761
5	0.01040	0.00774	0.01146	0.01146	0.01268	0.00896	0.00881	0.01284	0.01162	0.01671	0.01968	0.02969	0.01866	0.09569	0.67523	0.01141	0.01873	0.00795	0.00392	0.00637
6	0.66961	0.01426	0.01160	0.01017	0.01469	0.03503	0.00832	0.02288	0.01374	0.10440	0.03182	0.01446	0.01075	0.00724	0.00498	0.00224	0.00583	0.00458	0.00506	0.00834
7	0.00884	0.00639	0.00837	0.00995	0.01050	0.00592	0.00667	0.01014	0.01408	0.01862	0.04215	0.69823	0.08829	0.02250	0.00924	0.00292	0.00418	0.02033	0.00675	0.00592
8	0.00886	0.00633	0.00843	0.01012	0.01054	0.00590	0.00675	0.01012	0.01392	0.01856	0.04006	0.73979	0.04808	0.02277	0.00928	0.00295	0.00422	0.02066	0.00675	0.00590
9	0.01515	0.01437	0.02437	0.49924	0.26677	0.01652	0.02090	0.01982	0.01521	0.02030	0.01317	0.01892	0.01030	0.00700	0.00724	0.00233	0.00934	0.00647	0.00335	0.00922
10	0.01957	0.13001	0.02880	0.05952	0.45712	0.04510	0.01908	0.05761	0.03971	0.05446	0.01441	0.01747	0.01172	0.00685	0.00680	0.00208	0.00847	0.00611	0.00408	0.01102
11	0.01546	0.03168	0.49280	0.02474	0.07302	0.01730	0.19552	0.02305	0.01589	0.02313	0.01352	0.01662	0.00982	0.00668	0.00736	0.00233	0.01101	0.00628	0.00326	0.01054
12	0.01263	0.00631	0.00947	0.00947	0.00947	0.00631	0.00631	0.00947	0.00947	0.01263	0.01263	0.02210	0.01263	0.02525	0.02841	0.78851	0.00631	0.00631	0.00316	0.00316
13	0.02074	0.01499	0.01724	0.01485	0.01864	0.01666	0.01193	0.23539	0.20621	0.10233	0.02610	0.11883	0.02263	0.01221	0.00916	0.00255	0.06547	0.06661	0.00703	0.01043
14	0.01824	0.31972	0.18164	0.01763	0.02436	0.07768	0.12651	0.02251	0.01613	0.04565	0.03506	0.05584	0.01387	0.00774	0.00645	0.00202	0.00923	0.00641	0.00382	0.00950
15	0.01322	0.00674	0.00689	0.00701	0.00862	0.00671	0.00520	0.01645	0.01515	0.02649	0.02488	0.07779	0.02073	0.00949	0.00538	0.00178	0.00345	0.00776	0.72954	0.00671
16	0.01057	0.00705	0.00793	0.00793	0.00793	0.00705	0.00440	0.01057	0.01057	0.01409	0.02290	0.04757	0.02643	0.74454	0.03700	0.00705	0.00705	0.01057	0.00440	0.00440
17	0.01599	0.22414	0.49588	0.01905	0.02843	0.02009	0.05684	0.02270	0.01529	0.02147	0.01236	0.01460	0.00934	0.00668	0.00640	0.00211	0.01004	0.00515	0.00311	0.01032
18	0.01467	0.03700	0.68469	0.02105	0.03168	0.01693	0.04844	0.02303	0.01541	0.02303	0.01310	0.01549	0.00927	0.00688	0.00696	0.00231	0.01079	0.00548	0.00309	0.01071
19	0.00929	0.00759	0.00834	0.00872	0.01100	0.00664	0.00691	0.01147	0.01661	0.02011	0.06574	0.07266	0.54920	0.01878	0.00892	0.00266	0.00436	0.15801	0.00674	0.00626
20	0.01712	0.01949	0.04225	0.03028	0.03740	0.01850	0.65237	0.02310	0.01697	0.02310	0.01455	0.01949	0.01098	0.00633	0.00905	0.00247	0.03461	0.00851	0.00366	0.00975
21	0.04256	0.22350	0.46711	0.01805	0.02698	0.06167	0.02167	0.02299	0.01541	0.02147	0.01207	0.01413	0.00920	0.00676	0.00622	0.00208	0.00993	0.00489	0.00317	0.01014
22	0.00992	0.00717	0.00924	0.00935	0.01069	0.00666	0.00677	0.01254	0.01803	0.02495	0.44308	0.21904	0.09302	0.06238	0.01055	0.00278	0.00396	0.03606	0.00737	0.00644
23	0.00906	0.00643	0.00844	0.00990	0.01034	0.00604	0.00656	0.01030	0.01390	0.01860	0.06454	0.65454	0.04707	0.08308	0.01158	0.00327	0.00442	0.01952	0.00660	0.00582
24	0.01646	0.00943	0.01217	0.01110	0.01374	0.00891	0.00858	0.07336	0.02009	0.17699	0.30756	0.19426	0.04654	0.01509	0.00843	0.00248	0.00480	0.05387	0.00781	0.00832
25	0.01668	0.01623	0.02855	0.24089	0.44847	0.01705	0.08345	0.02132	0.01603	0.02221	0.01355	0.01855	0.01094	0.00667	0.00735	0.00226	0.00928	0.00667	0.00350	0.01036
26	0.01124	0.00703	0.00784	0.00784	0.00843	0.00707	0.00490	0.01232	0.01204	0.01775	0.02474	0.04207	0.04820	0.49090	0.06835	0.00580	0.00674	0.00962	0.20193	0.00519
27	0.01131	0.00816	0.01118	0.01258	0.01426	0.00803	0.01078	0.01450	0.01691	0.02207	0.09063	0.10295	0.08431	0.01968	0.00981	0.00320	0.00617	0.54004	0.00680	0.00664
28	0.03786	0.23705	0.49920	0.01808	0.02737	0.02021	0.02227	0.02262	0.01510	0.02162	0.01214	0.01421	0.00920	0.00671	0.00621	0.00209	0.00976	0.00491	0.00312	0.01026
29	0.02361	0.06609	0.02204	0.02064	0.10942	0.36678	0.01448	0.12337	0.08056	0.02388	0.01660	0.01804	0.04002	0.00833	0.00743	0.00206	0.03641	0.00597	0.00465	0.00962
30	0.03261	0.01237	0.01687	0.01293	0.01856	0.01068	0.01068	0.03543	0.02081	0.70423	0.02868	0.02474	0.01799	0.00900	0.00731	0.00225	0.00619	0.00731	0.00900	0.01237
31	0.01022	0.00743	0.00962	0.00907	0.01082	0.00683	0.00680	0.01358	0.02041	0.02875	0.66931	0.05495	0.09489	0.01501	0.00857	0.00229	0.00344	0.01324	0.00795	0.00683
32	0.01531	0.01298	0.02059	0.45639	0.03800	0.01514	0.05715	0.09597	0.01672	0.02213	0.04473	0.02131	0.01339	0.00995	0.00993	0.09864	0.00876	0.00690	0.02801	0.00800
33	0.01056	0.00707	0.00807	0.00807	0.00811	0.00712	0.00458	0.01066	0.01061	0.01420	0.02278	0.04687	0.02612	0.71913	0.06199	0.00722	0.00750	0.01047	0.00439	0.00448
34	0.01655	0.32595	0.43577	0.01736	0.02627	0.02170	0.02101	0.02251	0.01511	0.02062	0.01185	0.01385	0.00926	0.00663	0.00600	0.00200	0.00954	0.00477	0.00309	0.01017
35	0.08391	0.01685	0.07095	0.13104	0.05245	0.01544	0.31421	0.02085	0.01599	0.04542	0.03655	0.09708	0.01631	0.00852	0.00777	0.00240	0.00947	0.00880	0.00430	0.04171
36	0.01680	0.20875	0.38541	0.02052	0.02920	0.04936	0.14769	0.02301	0.01578	0.02140	0.01257	0.01517	0.00960	0.00661	0.00666	0.00213	0.01040	0.00560	0.00322	0.01012
37	0.07129	0.01946	0.01804	0.01515	0.01958	0.14067	0.01195	0.31996	0.08749	0.05515	0.02060	0.12424	0.01789	0.01047	0.00722	0.00224	0.00784	0.00825	0.00637	0.03615
38	0.09785	0.02534	0.01834	0.11906	0.02415	0.41896	0.01327	0.05598	0.01891	0.02154	0.01477	0.01711	0.03490	0.00783	0.00643	0.00199	0.01043	0.00546	0.05330	0.03440
39	0.09410	0.01467	0.02118	0.19681	0.11437	0.01583	0.07572	0.08643	0.10307	0.10421	0.06018	0.02381	0.04102	0.00853	0.00726	0.00233	0.00775	0.00746	0.00543	0.00985
40	0.00934	0.00710	0.00860	0.00883	0.01043	0.00636	0.00639	0.01166	0.01744	0.02313	0.31238	0.24845	0.26710	0.01820	0.00877	0.00252	0.00373	0.01593	0.00725	0.00636
41	0.01377	0.01599	0.10877	0.39172	0.03608	0.01644	0.01855	0.01800	0.01369	0.01881	0.01445	0.06777	0.01272	0.01227	0.05321	0.00316	0.16562	0.00735	0.00348	0.00815
42	0.00984	0.00725	0.00920	0.00905	0.01067	0.00661	0.00666	0.01272	0.01901	0.02623	0.50995	0.16171	0.15102	0.01656	0.00868	0.00241	0.00358	0.01460	0.00764	0.00661
43	0.01830	0.01744	0.02812	0.03980	0.57713	0.03704	0.04466	0.06080	0.01760	0.02459	0.01532	0.05764	0.01350	0.00752	0.00735	0.00221	0.00862	0.00729	0.00400	0.01110
44	0.01220	0.01026	0.01308	0.01264	0.01392	0.05257	0.00988	0.01463	0.01244	0.01770	0.01873	0.04964	0.01763	0.04275	0.52228	0.00916	0.10348	0.00780	0.05243	0.00678
45	0.01502	0.01725	0.09649	0.17844	0.05959	0.01555	0.29033	0.02002	0.01584	0.02199	0.05328	0.05394	0.01587	0.00875	0.00913	0.03086	0.03373	0.00826	0.04689	0.00878
46	0.01213	0.00882	0.01081	0.01131	0.01278	0.00882	0.00817	0.12080	0.01755	0.02331	0.03747	0.55557	0.06601	0.02012	0.00896	0.00283	0.00497	0.05569	0.00683	0.00703
47	0.06772	0.02106	0.08368	0.03913	0.02289	0.06063	0.01432	0.43606	0.04833	0.07854	0.01741	0.01786	0.01244	0.00837	0.00696	0.00218	0.00812	0.00629	0.03665	0.01135
48	0.00982	0.00746	0.00909	0.00902	0.01093	0.00674	0.00690	0.01263	0.01861	0.02485	0.39837	0.08754	0.27322	0.01686	0.00875	0.00247	0.00387	0.07887	0.00741	0.00657
49	0.16764	0.28984	0.09928	0.08446	0.06379	0.09941	0.06082	0.02247	0.01527	0.02173	0.01134	0.01390	0.00932	0.00664	0.00575	0.00198	0.00882	0.00487	0.00352	0.00914
50	0.34489	0.06841	0.25745	0.01612	0.04809	0.08242	0.01614	0.04857	0.01534	0.02714	0.01167	0.01362	0.00888	0.00691	0.00575	0.00219	0.00844	0.00471	0.00392	0.00933
51	0.01503	0.01359	0.01224	0.01152	0.01437	0.12737	0.00877	0.02037	0.13146	0.06035	0.14581	0.09160	0.26570	0.01441	0.00807	0.00239	0.00586	0.03652	0.00667	0.00789
52	0.05121	0.34373	0.02873	0.05396	0.02194	0.06353	0.05208	0.08104	0.05460	0.13717	0.01541	0.01634	0.01183	0.00747	0.00660	0.00198	0.03206	0.00548	0.00483	0.01003
53	0.67482	0.01509	0.03517	0.06070	0.01761	0.01664	0.00968	0.05541	0.01376	0.03200	0.01080	0.01275	0.00828	0.00689	0.00492	0.00226	0.00620	0.00430	0.00451	0.00822
54	0.00942	0.00759	0.00842	0.00830	0.01047	0.00673	0.00619	0.01231	0.03994	0.02270	0.25136	0.10552	0.45050	0.01736	0.00859	0.00244	0.00371	0.01479	0.00714	0.00651
55	0.01763	0.09424	0.49197	0.01920	0.02850	0.01692	0.06129	0.02446	0.01614	0.11543	0.01502	0.01655	0.01058	0.00703	0.00681	0.00220	0.00977	0.00566	0.00396	0.03664
56	0.00906	0.00641	0.00837	0.00986	0.01023	0.00604	0.00647	0.01018	0.01352	0.01802	0.03801	0.65675	0.04548	0.10936	0.01260	0.00344	0.00456	0.01945	0.00647	0.00572
57	0.01668	0.01551	0.02567	0.15157	0.04761	0.01756	0.19443	0.09202	0.03423	0.02379	0.01506	0.01994	0.01208	0.01141	0.05504	0.00307	0.16933	0.00719	0.07888	0.00895
58	0.01735	0.01611	0.04711	0.01461	0.01892	0.01730	0.01184	0.03621	0.61505	0.02942	0.03151	0.02919	0.06256	0.01025	0.00745	0.00246	0.00585	0.00852	0.00716	0.01114
59	0.01007	0.00742	0.00941	0.00892	0.01073	0.00677	0.00669	0.01330	0.02006	0.02793	0.61568	0.05630	0.14902	0.01532	0.00858	0.00231	0.00346	0.01343	0.00784	0.00677
60	0.00911	0.00654	0.00858	0.01001	0.01061	0.00611	0.00681	0.01056	0.01440	0.01919	0.07970	0.62284	0.07212	0.04902	0.01028	0.00306	0.00435	0.04405	0.00673	0.00594
61	0.01565	0.03100	0.48512	0.02612	0.17360	0.01712	0.06516	0.02370	0.05079	0.02358	0.01415	0.01679	0.01049	0.00692	0.00710	0.00229	0.01013	0.00595	0.00345	0.01089
62	0.03151	0.01254	0.01681	0.01295	0.01843	0.01107	0.01067	0.06349	0.02140	0.64775	0.05454	0.02558	0.01974	0.00922	0.00736	0.00225	0.00616	0.00751	0.00888	0.01215
63	0.01126	0.00804	0.01119	0.01287	0.01434	0.00797	0.01092	0.01427	0.01628	0.02124	0.03874	0.18688	0.04283	0.02051	0.00992	0.00328	0.00630	0.54988	0.00670	0.00657
64	0.01837	0.41194	0.24977	0.01606	0.02313	0.08742	0.01741	0.02258	0.01527	0.01908	0.01112	0.01323	0.00931	0.00694	0.00670	0.00192	0.05239	0.00458	0.00316	0.00962
65	0.01372	0.00819	0.01081	0.00973	0.01204	0.00745	0.00745	0.01705	0.02061	0.13282	0.59298	0.04976	0.06082	0.01396	0.00838	0.00228	0.00385	0.01225	0.00815	0.00771
66	0.01283	0.00797	0.01013	0.00942	0.01167	0.00715	0.00712	0.01569	0.01928	0.11638	0.43515	0.11655	0.17183	0.01544	0.00847	0.00237	0.00391	0.01346	0.00780	0.00738
67	0.72247	0.05986	0.01275	0.00997	0.01462	0.01728	0.00835	0.04286	0.01324	0.03208	0.01036	0.01198	0.00811	0.00678	0.00460	0.00220	0.00583	0.00402	0.00450	0.00811
68	0.00909	0.00744	0.00809	0.00831	0.01053	0.00644	0.00638	0.01120	0.01679	0.02059	0.11773	0.10036	0.54286	0.01851	0.00878	0.00256	0.00403	0.08722	0.00684	0.00625
69	0.00937	0.00669	0.00902	0.01071	0.01136	0.00635	0.00764	0.01101	0.01442	0.01913	0.03978	0.62141	0.04695	0.02229	0.00942	0.00302	0.00466	0.13397	0.00674	0.00605
70	0.01962	0.62393	0.09873	0.01373	0.02016	0.08433	0.01391	0.02248	0.01530	0.01771	0.01047	0.01212	0.00932	0.00639	0.00503	0.00165	0.00849	0.00409	0.00316	0.00939
71	0.01039	0.00775	0.01149	0.01149	0.01272	0.00898	0.00884	0.01285	0.01162	0.01673	0.01965	0.02955	0.01860	0.09060	0.68024	0.01144	0.01882	0.00793	0.00392	0.00638
72	0.74124	0.01451	0.01148	0.01007	0.01466	0.01675	0.00830	0.06786	0.01392	0.03355	0.01064	0.01221	0.00819	0.00689	0.00470	0.00224	0.00579	0.00412	0.00470	0.00819
73	0.00886	0.00633	0.00843	0.01012	0.01054	0.00590	0.00675	0.01012	0.01392	0.01856	0.04006	0.73979	0.04808	0.02277	0.00928	0.00295	0.00422	0.02066	0.00675	0.00590
74	0.11989	0.01256	0.01616	0.01255	0.01804	0.01133	0.01036	0.03382	0.01984	0.62743	0.02656	0.02326	0.01684	0.00874	0.00699	0.00225	0.00612	0.00692	0.00848	0.01186
75	0.01756	0.01683	0.02873	0.11307	0.63408	0.01716	0.02210	0.02193	0.01635	0.02323	0.01360	0.01813	0.01133	0.00656	0.00720	0.00219	0.00874	0.00648	0.00356	0.01117
76	0.01442	0.00870	0.01108	0.01000	0.01254	0.00804	0.00766	0.01845	0.05665	0.14617	0.46025	0.07614	0.11265	0.01419	0.00832	0.00233	0.00409	0.01235	0.00798	0.00798
77	0.03261	0.01237	0.01687	0.01293	0.01856	0.01068	0.01068	0.03543	0.02081	0.70423	0.02868	0.02474	0.01799	0.00900	0.00731	0.00225	0.00619	0.00731	0.00900	0.01237
78	0.01943	0.74891	0.03809	0.01244	0.01866	0.02876	0.01244	0.02177	0.01477	0.01710	0.01011	0.01166	0.00933	0.00622	0.00466	0.00155	0.00777	0.00389	0.00311	0.00933
79	0.01148	0.00858	0.01165	0.01206	0.01348	0.00844	0.03599	0.07971	0.01648	0.02195	0.03648	0.55519	0.04209	0.02030	0.00913	0.00290	0.00524	0.09534	0.00667	0.00683
80	0.01053	0.00809	0.00981	0.01059	0.01257	0.00765	0.00869	0.01358	0.03693	0.02070	0.05220	0.07333	0.31673	0.05897	0.01083	0.00315	0.00541	0.32715	0.00661	0.00648
