[name]
unknown

[dist]
# distance from previous block
# <min> <max>
2	80

[block]
# block no. 0 follows, 28 sequences, length 13
# corresponding to MSA columns:
# 91-103
name=unknown_A
#
# <colnr> <probs for GDERKNQSTAVLIFYWHMCP>
#	G	D	E	R	K	N	Q	S	T	A	V	L	I	F	Y	W	H	M	C	P
0	0.01501	0.04314	0.08997	0.09481	0.08148	0.01534	0.30699	0.01996	0.01617	0.02208	0.02164	0.08767	0.05584	0.00946	0.00803	0.00244	0.00946	0.04877	0.04282	0.00894
1	0.01478	0.01448	0.02516	0.27171	0.15178	0.01535	0.16595	0.02060	0.07120	0.02167	0.02377	0.04975	0.10369	0.00906	0.00780	0.00241	0.00879	0.00873	0.00432	0.00903
2	0.01703	0.02108	0.16165	0.20560	0.28404	0.03650	0.08274	0.06228	0.01707	0.02348	0.01363	0.01780	0.01055	0.00689	0.00727	0.00227	0.00973	0.00641	0.00364	0.01032
3	0.06195	0.00907	0.01258	0.01194	0.01389	0.00894	0.05280	0.01505	0.01542	0.08967	0.09641	0.40732	0.09909	0.01755	0.00945	0.00271	0.04702	0.01545	0.00653	0.00717
4	0.00975	0.00740	0.01051	0.01351	0.07821	0.00702	0.00828	0.01132	0.01418	0.01907	0.03747	0.66887	0.04448	0.02117	0.00907	0.00287	0.00465	0.01927	0.00644	0.00646
5	0.01593	0.03214	0.57015	0.01881	0.02816	0.01528	0.02329	0.02332	0.01640	0.09056	0.08204	0.02012	0.01594	0.00790	0.00711	0.00230	0.00957	0.00633	0.00414	0.01052
6	0.02251	0.01688	0.01897	0.01541	0.01949	0.01910	0.01241	0.40796	0.12152	0.03576	0.03886	0.02049	0.01529	0.01178	0.01186	0.11314	0.07491	0.00694	0.00635	0.01036
7	0.01787	0.04145	0.18053	0.16438	0.06184	0.01919	0.12723	0.14984	0.01864	0.02576	0.01362	0.01737	0.01038	0.00799	0.00966	0.00242	0.11129	0.00650	0.00407	0.00997
8	0.00991	0.00759	0.00920	0.00997	0.01129	0.00729	0.00702	0.01349	0.08278	0.02127	0.12698	0.46039	0.16626	0.01969	0.00888	0.00273	0.00418	0.01750	0.00697	0.00663
9	0.01056	0.00825	0.00969	0.00929	0.01148	0.00779	0.00707	0.01514	0.08450	0.02586	0.39985	0.05787	0.26841	0.01574	0.00852	0.00240	0.00387	0.03915	0.00748	0.00707
10	0.02347	0.01817	0.02123	0.17662	0.02835	0.02062	0.01500	0.45870	0.09973	0.03802	0.01773	0.01892	0.01281	0.00852	0.00728	0.00227	0.00814	0.00671	0.00637	0.01130
11	0.01375	0.04364	0.01594	0.01801	0.16669	0.01186	0.01111	0.01949	0.13219	0.04352	0.10687	0.15325	0.20722	0.01378	0.00797	0.00241	0.00546	0.01201	0.00619	0.00863
12	0.00901	0.00657	0.00849	0.00972	0.01051	0.00605	0.00664	0.01060	0.01502	0.01999	0.12528	0.58687	0.11578	0.02135	0.00912	0.00282	0.00407	0.01919	0.00690	0.00605

[dist]
# distance from previous block
# <min> <max>
0	1

[block]
# block no. 1 follows, 28 sequences, length 36
# corresponding to MSA columns:
# 105-140
name=unknown_B
#
# <colnr> <probs for GDERKNQSTAVLIFYWHMCP>
#	G	D	E	R	K	N	Q	S	T	A	V	L	I	F	Y	W	H	M	C	P
0	0.04839	0.45038	0.08806	0.01481	0.02016	0.08906	0.01421	0.05398	0.01567	0.01970	0.01073	0.01303	0.00945	0.00752	0.00804	0.00195	0.11758	0.00459	0.00343	0.00925
1	0.20607	0.14441	0.01931	0.01409	0.04825	0.09427	0.01106	0.07455	0.01715	0.05122	0.10095	0.02026	0.01805	0.00875	0.00772	0.00213	0.07952	0.00612	0.06745	0.00868
2	0.01418	0.00738	0.00745	0.00722	0.00910	0.00748	0.00547	0.04634	0.01609	0.02794	0.02343	0.02667	0.01835	0.00848	0.00518	0.00172	0.00359	0.00676	0.75014	0.00702
3	0.01865	0.04933	0.01860	0.12811	0.02394	0.07275	0.01299	0.10867	0.37146	0.02804	0.02625	0.02593	0.06466	0.00956	0.00726	0.00234	0.00717	0.00776	0.00619	0.01035
4	0.09569	0.07420	0.02025	0.01608	0.02008	0.23665	0.01284	0.16482	0.13665	0.02727	0.01626	0.03873	0.01329	0.00903	0.00846	0.00223	0.08639	0.00623	0.00519	0.00968
5	0.00896	0.00646	0.00831	0.00974	0.01030	0.00600	0.00648	0.01018	0.01390	0.01833	0.04162	0.63515	0.10021	0.07369	0.01119	0.00320	0.00437	0.01951	0.00658	0.00582
6	0.02331	0.06587	0.01928	0.01556	0.01987	0.29843	0.01218	0.12787	0.13184	0.07756	0.02203	0.04571	0.06331	0.00934	0.00695	0.00208	0.00900	0.00701	0.00560	0.03720
7	0.01688	0.01961	0.06132	0.02850	0.03480	0.01894	0.54840	0.02236	0.01615	0.02236	0.01384	0.01889	0.01074	0.00719	0.01093	0.00256	0.12529	0.00813	0.00358	0.00954
8	0.01414	0.00841	0.00978	0.00891	0.01178	0.00725	0.00680	0.01627	0.01758	0.16993	0.13324	0.08081	0.41913	0.05119	0.00971	0.00263	0.00438	0.01329	0.00727	0.00749
9	0.01792	0.01747	0.03064	0.04343	0.64326	0.01737	0.07734	0.02239	0.01660	0.02371	0.01376	0.01813	0.01147	0.00645	0.00731	0.00218	0.00894	0.00665	0.00360	0.01137
10	0.01704	0.02041	0.07246	0.03020	0.03770	0.01832	0.64403	0.02327	0.01708	0.02327	0.01463	0.01942	0.01095	0.00616	0.00850	0.00244	0.01219	0.00844	0.00365	0.00985
11	0.01058	0.00805	0.00982	0.00947	0.01139	0.00766	0.00706	0.01508	0.07935	0.02668	0.47004	0.12424	0.16161	0.01578	0.00854	0.00240	0.00376	0.01382	0.00762	0.00707
12	0.01590	0.01590	0.02226	0.01908	0.01908	0.02226	0.01590	0.01749	0.01113	0.01749	0.00954	0.01590	0.00954	0.01272	0.02385	0.00318	0.73123	0.00636	0.00318	0.00795
13	0.12915	0.01340	0.01622	0.01272	0.01813	0.03730	0.01045	0.03341	0.01973	0.59387	0.02568	0.02267	0.01639	0.00866	0.00693	0.00224	0.00637	0.00679	0.00823	0.01166
14	0.01524	0.01495	0.02128	0.07063	0.02082	0.02062	0.01560	0.01717	0.01143	0.01752	0.01069	0.01730	0.01033	0.01609	0.08510	0.00389	0.61375	0.00650	0.00325	0.00783
15	0.00906	0.00730	0.00807	0.00805	0.01015	0.00631	0.00597	0.01128	0.01742	0.02207	0.23533	0.11930	0.47856	0.01782	0.00864	0.00245	0.00366	0.01519	0.00708	0.00631
16	0.00922	0.00716	0.00875	0.00919	0.01069	0.00681	0.00667	0.01104	0.01457	0.01874	0.06848	0.24335	0.31268	0.06099	0.17225	0.00491	0.00760	0.01479	0.00603	0.00610
17	0.01650	0.01448	0.02114	0.57503	0.04364	0.04891	0.01847	0.08440	0.01703	0.04965	0.01423	0.01933	0.01052	0.00753	0.00718	0.00235	0.00937	0.00643	0.02518	0.00866
18	0.01850	0.01908	0.02448	0.11701	0.29591	0.15088	0.05629	0.02277	0.04114	0.02173	0.01480	0.02011	0.01248	0.00803	0.00869	0.00227	0.07705	0.02734	0.05183	0.00961
19	0.62621	0.01616	0.01166	0.01053	0.01469	0.10814	0.00845	0.02200	0.01371	0.03017	0.01145	0.01331	0.00900	0.00700	0.00482	0.00215	0.00642	0.00428	0.07201	0.00785
20	0.00916	0.00667	0.00886	0.01032	0.01071	0.00649	0.00694	0.01038	0.01368	0.01833	0.03832	0.68608	0.04588	0.05382	0.01096	0.00314	0.02807	0.01976	0.00653	0.00591
21	0.06767	0.34905	0.13690	0.01526	0.02107	0.05164	0.01508	0.09805	0.01693	0.04789	0.01208	0.01406	0.00992	0.00770	0.00813	0.00205	0.10795	0.00493	0.00393	0.00970
22	0.01704	0.02060	0.08307	0.03070	0.06955	0.01824	0.60163	0.02322	0.01702	0.02329	0.01455	0.01927	0.01094	0.00619	0.00841	0.00243	0.01199	0.00828	0.00364	0.00994
23	0.01840	0.01253	0.01225	0.01064	0.01366	0.05508	0.00837	0.21122	0.02100	0.03162	0.02093	0.02346	0.01620	0.01038	0.03504	0.00226	0.00600	0.00662	0.47584	0.00851
24	0.01851	0.01156	0.01207	0.01028	0.01343	0.01233	0.00816	0.24878	0.02191	0.03369	0.02151	0.02370	0.01642	0.00856	0.00585	0.00187	0.00501	0.00669	0.51091	0.00874
25	0.01039	0.00775	0.01151	0.01151	0.01275	0.00899	0.00887	0.01287	0.01163	0.01675	0.01963	0.02943	0.01855	0.08607	0.68469	0.01147	0.01890	0.00792	0.00392	0.00639
26	0.00999	0.00742	0.00930	0.00883	0.01068	0.00673	0.00662	0.01314	0.01987	0.02746	0.58520	0.05707	0.17980	0.01549	0.00858	0.00232	0.00347	0.01353	0.00778	0.00673
27	0.00892	0.00682	0.00820	0.00903	0.01032	0.00609	0.00632	0.01064	0.01561	0.02013	0.12579	0.42406	0.28124	0.02033	0.00895	0.00270	0.00394	0.01792	0.00689	0.00609
28	0.02219	0.01470	0.01656	0.01427	0.01880	0.01599	0.01127	0.03772	0.49798	0.22091	0.02933	0.02645	0.02100	0.00962	0.00737	0.00240	0.00588	0.00796	0.00785	0.01175
29	0.01844	0.01813	0.02907	0.04334	0.66593	0.05158	0.02190	0.02264	0.01675	0.02346	0.01355	0.01775	0.01141	0.00653	0.00716	0.00214	0.00886	0.00639	0.00361	0.01136
30	0.00901	0.00641	0.00845	0.00995	0.01039	0.00601	0.00661	0.01027	0.01394	0.01864	0.06123	0.67398	0.04744	0.06688	0.01096	0.00318	0.00436	0.01979	0.00665	0.00584
31	0.00909	0.00705	0.00828	0.00867	0.01030	0.00624	0.00624	0.01113	0.01670	0.02161	0.21464	0.27905	0.33709	0.01893	0.00881	0.00257	0.00379	0.01650	0.00705	0.00624
32	0.01373	0.01292	0.02180	0.72707	0.05006	0.01615	0.02019	0.01857	0.01453	0.01857	0.01292	0.01938	0.00969	0.00727	0.00727	0.00242	0.00969	0.00646	0.00323	0.00807
33	0.01424	0.01213	0.01281	0.01250	0.01514	0.04581	0.00971	0.02382	0.28627	0.02422	0.06654	0.09550	0.12268	0.07731	0.01080	0.00304	0.00593	0.14645	0.00671	0.00840
34	0.00898	0.00642	0.00854	0.01004	0.01057	0.00598	0.00676	0.01042	0.01447	0.01944	0.09471	0.68263	0.04979	0.02211	0.00922	0.00290	0.00415	0.02004	0.00685	0.00598
35	0.01887	0.01601	0.01688	0.01495	0.01920	0.01845	0.01170	0.09110	0.63231	0.03168	0.02859	0.02632	0.02138	0.00977	0.00739	0.00244	0.00594	0.00808	0.00739	0.01158

[dist]
# distance from previous block
# <min> <max>
0	1

[block]
# block no. 2 follows, 28 sequences, length 68
# corresponding to MSA columns:
# 142-209
name=unknown_C
#
# <colnr> <probs for GDERKNQSTAVLIFYWHMCP>
#	G	D	E	R	K	N	Q	S	T	A	V	L	I	F	Y	W	H	M	C	P
0	0.01768	0.01825	0.04605	0.05345	0.45026	0.09753	0.01848	0.03864	0.01700	0.02249	0.01918	0.05562	0.06004	0.04370	0.00874	0.00243	0.00862	0.00769	0.00409	0.01009
1	0.01099	0.00861	0.01023	0.01049	0.01241	0.00832	0.00768	0.01569	0.11629	0.02186	0.09637	0.34566	0.15253	0.03850	0.00939	0.00276	0.00463	0.06085	0.00671	0.06003
2	0.27398	0.06447	0.04644	0.01596	0.02011	0.25180	0.04311	0.06038	0.01664	0.02456	0.01115	0.01363	0.00914	0.00791	0.00840	0.00222	0.11250	0.00495	0.00404	0.00861
3	0.01001	0.00739	0.00918	0.00875	0.01048	0.00674	0.00646	0.01293	0.01920	0.02647	0.54096	0.05659	0.17588	0.06464	0.01049	0.00264	0.00372	0.01336	0.00754	0.00657
4	0.01663	0.01384	0.01591	0.01150	0.01788	0.01128	0.00926	0.09955	0.01744	0.02642	0.01348	0.01537	0.01096	0.00580	0.00562	0.00121	0.00571	0.00458	0.00467	0.69288
5	0.01115	0.00798	0.01099	0.01220	0.01376	0.00782	0.01024	0.01432	0.01727	0.02299	0.17521	0.13819	0.04798	0.01925	0.00966	0.00309	0.00578	0.45851	0.00697	0.00665
6	0.10955	0.46068	0.02968	0.01342	0.01786	0.04556	0.01228	0.02048	0.01393	0.01910	0.01172	0.05356	0.01138	0.00848	0.00859	0.00203	0.14418	0.00533	0.00351	0.00868
7	0.07280	0.01633	0.01787	0.01472	0.05247	0.03786	0.01123	0.22303	0.05571	0.05319	0.01547	0.01660	0.01187	0.00697	0.00620	0.00168	0.00666	0.00539	0.00549	0.36844
8	0.01039	0.00776	0.01153	0.01153	0.01277	0.00900	0.00889	0.01288	0.01164	0.01676	0.01961	0.02934	0.01851	0.08295	0.68776	0.01149	0.01896	0.00790	0.00392	0.00640
9	0.06164	0.01290	0.01509	0.01101	0.01724	0.01021	0.00887	0.02098	0.01576	0.12353	0.01506	0.01630	0.01166	0.00599	0.00561	0.00131	0.00551	0.00472	0.00500	0.63159
10	0.01374	0.01399	0.05583	0.45462	0.08618	0.01563	0.01829	0.01799	0.01455	0.01959	0.05292	0.06592	0.01573	0.01050	0.02844	0.00276	0.09367	0.00769	0.00375	0.00820
11	0.01466	0.01017	0.01371	0.12367	0.01943	0.01086	0.01057	0.09713	0.01708	0.08988	0.03038	0.43079	0.03275	0.01674	0.00924	0.00271	0.04147	0.01466	0.00631	0.00779
12	0.00972	0.00729	0.00901	0.00883	0.01057	0.00658	0.00653	0.01252	0.01886	0.02566	0.47144	0.13623	0.21686	0.01661	0.00866	0.00240	0.00358	0.01453	0.00756	0.00658
13	0.01049	0.00714	0.00809	0.00818	0.00845	0.00705	0.00488	0.01080	0.01135	0.01492	0.02750	0.05108	0.07677	0.65175	0.03344	0.00651	0.00678	0.04546	0.00470	0.00466
14	0.04633	0.10415	0.13933	0.07652	0.02484	0.07169	0.04878	0.10354	0.01767	0.08787	0.03576	0.01771	0.01253	0.00884	0.01060	0.00238	0.17118	0.00615	0.00448	0.00964
15	0.01686	0.01841	0.03824	0.06403	0.03590	0.01738	0.55437	0.03909	0.01721	0.02352	0.01527	0.03954	0.01202	0.00667	0.00826	0.00236	0.01128	0.00844	0.00388	0.06727
16	0.01025	0.00740	0.00968	0.00917	0.01085	0.00683	0.00686	0.01362	0.02039	0.02885	0.67712	0.07338	0.06802	0.01508	0.00859	0.00230	0.00345	0.01336	0.00797	0.00683
17	0.01656	0.02273	0.20135	0.06604	0.16157	0.04168	0.14782	0.02256	0.04985	0.02230	0.01370	0.01753	0.01085	0.00773	0.01000	0.00239	0.12688	0.00651	0.00363	0.04832
18	0.01479	0.01319	0.01654	0.12126	0.02108	0.07277	0.04392	0.06197	0.04693	0.02006	0.01776	0.02660	0.01623	0.14395	0.23913	0.00611	0.07338	0.00760	0.02924	0.00749
19	0.03845	0.01313	0.01739	0.20958	0.05428	0.01198	0.01235	0.01864	0.01490	0.02255	0.01287	0.01628	0.01041	0.00599	0.00595	0.00153	0.00671	0.00498	0.00399	0.51804
20	0.02640	0.03338	0.02071	0.01875	0.02224	0.66866	0.01417	0.02825	0.01996	0.01777	0.01112	0.01330	0.00938	0.00784	0.00772	0.00196	0.06149	0.00479	0.00371	0.00839
21	0.01753	0.01376	0.01596	0.01158	0.01792	0.01124	0.00934	0.09578	0.01762	0.06462	0.01434	0.01590	0.01136	0.00598	0.00571	0.00127	0.00573	0.00474	0.00492	0.65472
22	0.01057	0.00705	0.00793	0.00793	0.00793	0.00705	0.00440	0.01057	0.01057	0.01409	0.02290	0.04757	0.02643	0.74454	0.03700	0.00705	0.00705	0.01057	0.00440	0.00440
23	0.00884	0.00638	0.00838	0.00999	0.01051	0.00592	0.00669	0.01014	0.01405	0.01861	0.04171	0.70687	0.07993	0.02256	0.00924	0.00293	0.00419	0.02040	0.00675	0.00592
24	0.01210	0.00668	0.00982	0.00982	0.01017	0.00697	0.00683	0.01058	0.01022	0.01418	0.01488	0.02446	0.01449	0.05153	0.18186	0.56154	0.00917	0.00678	0.03381	0.00408
25	0.02013	0.01609	0.01719	0.01496	0.01938	0.01831	0.01178	0.12506	0.56315	0.06714	0.02789	0.02568	0.02064	0.00966	0.00738	0.00242	0.00608	0.00794	0.00746	0.01167
26	0.03247	0.01260	0.01701	0.01304	0.01867	0.01102	0.01077	0.05353	0.02118	0.68559	0.02836	0.02454	0.01783	0.00899	0.00731	0.00225	0.00624	0.00729	0.00895	0.01237
27	0.00955	0.00682	0.00905	0.01021	0.01102	0.00643	0.00725	0.01143	0.01540	0.02080	0.16760	0.49590	0.05036	0.05422	0.01051	0.00306	0.00449	0.09291	0.00688	0.00612
28	0.00859	0.00736	0.00736	0.00736	0.00982	0.00614	0.00552	0.01043	0.01657	0.01964	0.07364	0.06996	0.69624	0.01841	0.00859	0.00245	0.00368	0.01534	0.00675	0.00614
29	0.01373	0.01292	0.02180	0.72707	0.05006	0.01615	0.02019	0.01857	0.01453	0.01857	0.01292	0.01938	0.00969	0.00727	0.00727	0.00242	0.00969	0.00646	0.00323	0.00807
30	0.67219	0.01378	0.01169	0.01011	0.01479	0.01540	0.00833	0.02365	0.01374	0.14145	0.01313	0.01390	0.00951	0.00711	0.00495	0.00225	0.00571	0.00448	0.00523	0.00860
31	0.01055	0.00774	0.01143	0.01143	0.01275	0.00897	0.00888	0.01318	0.01187	0.01740	0.01969	0.02848	0.01820	0.05215	0.67920	0.01117	0.01864	0.00774	0.04404	0.00650
32	0.02412	0.01287	0.01538	0.01250	0.01693	0.01276	0.01008	0.15608	0.09814	0.31072	0.10703	0.02922	0.05139	0.01006	0.00726	0.00221	0.00574	0.00822	0.09859	0.01071
33	0.01021	0.00768	0.00964	0.05770	0.01341	0.00724	0.00747	0.01248	0.01632	0.04263	0.17172	0.22530	0.30516	0.02021	0.05627	0.00316	0.00532	0.01488	0.00662	0.00657
34	0.01790	0.06502	0.14483	0.09199	0.03488	0.11278	0.38072	0.02349	0.01695	0.02171	0.01354	0.01757	0.01029	0.00655	0.00769	0.00230	0.01163	0.00707	0.00351	0.00958
35	0.79588	0.01406	0.01068	0.00956	0.01406	0.01631	0.00787	0.02137	0.01237	0.03261	0.01012	0.01181	0.00787	0.00675	0.00450	0.00225	0.00562	0.00394	0.00450	0.00787
36	0.01469	0.01327	0.01735	0.01595	0.08535	0.03108	0.04465	0.01773	0.01520	0.02217	0.01975	0.10999	0.04181	0.00956	0.00798	0.00184	0.05964	0.04371	0.00463	0.42367
37	0.00947	0.00684	0.00835	0.00901	0.00983	0.00638	0.00599	0.01085	0.01452	0.01926	0.14366	0.35848	0.14226	0.20233	0.01603	0.00380	0.00473	0.01615	0.00636	0.00571
38	0.04386	0.07172	0.08118	0.05620	0.16491	0.01770	0.01567	0.23884	0.02143	0.02957	0.01860	0.08854	0.01665	0.01275	0.05500	0.00293	0.00871	0.04033	0.00523	0.01018
39	0.01520	0.06400	0.57172	0.02198	0.03199	0.01761	0.13094	0.02301	0.01562	0.02282	0.01319	0.01589	0.00951	0.00675	0.00708	0.00230	0.01087	0.00583	0.00317	0.01053
40	0.03038	0.01596	0.01909	0.01464	0.02035	0.01601	0.01209	0.32252	0.02681	0.40866	0.02364	0.02147	0.01547	0.00888	0.00729	0.00222	0.00700	0.00697	0.00822	0.01237
41	0.00989	0.00755	0.00911	0.00895	0.01080	0.00692	0.00662	0.01318	0.04135	0.02515	0.41279	0.14447	0.24307	0.01670	0.00863	0.00242	0.00368	0.01455	0.00747	0.00669
42	0.08308	0.01657	0.01880	0.17411	0.07151	0.08266	0.01381	0.20793	0.02070	0.06234	0.03474	0.03778	0.01506	0.07872	0.01034	0.00272	0.03010	0.00705	0.02267	0.00931
43	0.00977	0.00690	0.00897	0.00997	0.01069	0.00659	0.00697	0.01143	0.01475	0.01988	0.14412	0.41507	0.04663	0.15480	0.01439	0.00365	0.00493	0.09809	0.00651	0.00588
44	0.01040	0.00772	0.01133	0.01133	0.01250	0.00889	0.00865	0.01275	0.01158	0.01661	0.01979	0.03035	0.01895	0.11950	0.65181	0.01125	0.01830	0.00805	0.00394	0.00629
45	0.22528	0.02007	0.01604	0.01379	0.01804	0.20036	0.01089	0.18309	0.06523	0.05237	0.01592	0.01702	0.01208	0.00793	0.00607	0.00207	0.00789	0.00554	0.11096	0.00934
46	0.01962	0.01328	0.04130	0.05583	0.01794	0.01307	0.01056	0.22495	0.02148	0.11771	0.02391	0.13828	0.02069	0.03739	0.00809	0.00238	0.00613	0.00907	0.20907	0.00926
47	0.01171	0.00837	0.01171	0.01339	0.01506	0.00837	0.01171	0.01506	0.01673	0.02175	0.03849	0.08199	0.04183	0.02008	0.01004	0.00335	0.00669	0.65027	0.00669	0.00669
48	0.01340	0.01247	0.02089	0.67840	0.04738	0.01545	0.01928	0.01800	0.01449	0.01857	0.01476	0.06828	0.01230	0.00832	0.00740	0.00246	0.00932	0.00742	0.00347	0.00793
49	0.01529	0.01676	0.09937	0.34772	0.17928	0.01649	0.01989	0.04128	0.03718	0.02163	0.01573	0.02392	0.01324	0.00865	0.00858	0.00248	0.05812	0.06130	0.00385	0.00923
50	0.01657	0.09530	0.40662	0.13549	0.05864	0.06479	0.05580	0.02298	0.01583	0.04340	0.01325	0.01614	0.00977	0.00695	0.00685	0.00223	0.01031	0.00564	0.00339	0.01006
51	0.45492	0.04026	0.06664	0.08000	0.02079	0.06523	0.01210	0.11153	0.01638	0.03038	0.01166	0.01379	0.00897	0.00733	0.00616	0.00225	0.03351	0.00478	0.00451	0.00881
52	0.01072	0.00870	0.00952	0.00925	0.01171	0.00821	0.00706	0.03592	0.09169	0.02337	0.17097	0.09915	0.42216	0.01686	0.00852	0.00249	0.00419	0.04539	0.00705	0.00707
53	0.25592	0.01430	0.01503	0.08348	0.01980	0.01615	0.01080	0.13865	0.17329	0.06376	0.02012	0.07218	0.01679	0.05920	0.00862	0.00268	0.00650	0.00745	0.00591	0.00937
54	0.01507	0.01292	0.01507	0.01077	0.01723	0.00969	0.00861	0.01830	0.01507	0.02369	0.01292	0.01507	0.01077	0.00538	0.00538	0.00108	0.00538	0.00431	0.00431	0.78898
55	0.01056	0.00792	0.00986	0.00938	0.01128	0.00749	0.00702	0.01487	0.06466	0.02771	0.55262	0.08706	0.13153	0.01528	0.00853	0.00235	0.00365	0.01341	0.00777	0.00705
56	0.02763	0.02036	0.02182	0.01672	0.02254	0.02254	0.01382	0.67496	0.03418	0.04581	0.01745	0.01745	0.01236	0.00873	0.00727	0.00218	0.00800	0.00654	0.00727	0.01236
57	0.01057	0.00705	0.00793	0.00793	0.00793	0.00705	0.00440	0.01057	0.01057	0.01409	0.02290	0.04757	0.02643	0.74454	0.03700	0.00705	0.00705	0.01057	0.00440	0.00440
58	0.01808	0.01561	0.01644	0.01479	0.01890	0.01808	0.01151	0.03863	0.68606	0.03041	0.02959	0.02712	0.02219	0.00986	0.00740	0.00247	0.00575	0.00822	0.00740	0.01151
59	0.01031	0.00694	0.00800	0.00826	0.00832	0.00688	0.00476	0.01050	0.01107	0.01476	0.02548	0.15141	0.02967	0.63627	0.03284	0.00643	0.00662	0.01208	0.00476	0.00463
60	0.02329	0.01755	0.01878	0.01517	0.02006	0.01953	0.01227	0.42838	0.20691	0.03962	0.05368	0.02246	0.01812	0.00931	0.00722	0.00223	0.00687	0.00733	0.05973	0.01149
61	0.03138	0.01300	0.01709	0.01325	0.01878	0.01179	0.01090	0.06852	0.06631	0.62499	0.02816	0.02453	0.01799	0.00904	0.00731	0.00226	0.00625	0.00733	0.00880	0.01231
62	0.00884	0.00640	0.00836	0.00993	0.01049	0.00592	0.00666	0.01014	0.01410	0.01863	0.04235	0.69410	0.09229	0.02248	0.00923	0.00292	0.00418	0.02030	0.00675	0.00592
63	0.00980	0.00672	0.00815	0.00891	0.00910	0.00654	0.00545	0.01037	0.01207	0.01609	0.03057	0.35685	0.03610	0.42206	0.02461	0.00522	0.00578	0.01508	0.00545	0.00507
64	0.02010	0.01795	0.02783	0.03853	0.55140	0.01842	0.02045	0.16486	0.02040	0.02857	0.01450	0.01787	0.01170	0.00697	0.00721	0.00216	0.00850	0.00649	0.00440	0.01170
65	0.22130	0.01333	0.01567	0.01235	0.01771	0.01288	0.01020	0.07535	0.01962	0.49322	0.02332	0.02104	0.01510	0.00842	0.00661	0.00224	0.00617	0.00642	0.00777	0.01126
66	0.06866	0.00986	0.01005	0.00911	0.01170	0.01040	0.00707	0.14377	0.01861	0.03050	0.02270	0.07258	0.01870	0.00937	0.00575	0.00191	0.00448	0.00748	0.52942	0.00787
67	0.39065	0.01554	0.01574	0.01435	0.06335	0.01707	0.01081	0.19433	0.04724	0.11829	0.01582	0.01643	0.01148	0.00771	0.00589	0.00222	0.00645	0.00548	0.03119	0.00996

[dist]
# distance from previous block
# <min> <max>
1	6

[block]
# block no. 3 follows, 28 sequences, length 12
# corresponding to MSA columns:
# 216-227
name=unknown_D
#
# <colnr> <probs for GDERKNQSTAVLIFYWHMCP>
#	G	D	E	R	K	N	Q	S	T	A	V	L	I	F	Y	W	H	M	C	P
0	0.01065	0.00806	0.01011	0.01005	0.01194	0.00745	0.00740	0.01418	0.05460	0.02417	0.30223	0.28753	0.08755	0.01687	0.00852	0.00247	0.00418	0.04524	0.00706	0.07972
1	0.13807	0.12496	0.02105	0.01618	0.04163	0.25549	0.01256	0.12424	0.08185	0.02556	0.01520	0.05561	0.01303	0.00863	0.00701	0.00211	0.03664	0.00609	0.00479	0.00930
2	0.00886	0.00633	0.00843	0.01012	0.01054	0.00590	0.00675	0.01012	0.01392	0.01856	0.04006	0.73979	0.04808	0.02277	0.00928	0.00295	0.00422	0.02066	0.00675	0.00590
3	0.79588	0.01406	0.01068	0.00956	0.01406	0.01631	0.00787	0.02137	0.01237	0.03261	0.01012	0.01181	0.00787	0.00675	0.00450	0.00225	0.00562	0.00394	0.00450	0.00787
4	0.01743	0.01338	0.02052	0.40814	0.06866	0.01522	0.03709	0.08235	0.04039	0.09951	0.01841	0.02557	0.01452	0.00873	0.00744	0.00241	0.00848	0.06010	0.04252	0.00911
5	0.01716	0.01961	0.04289	0.03064	0.03799	0.01838	0.67279	0.02328	0.01716	0.02328	0.01471	0.01961	0.01103	0.00613	0.00858	0.00245	0.01225	0.00858	0.00368	0.00980
6	0.00938	0.00707	0.00841	0.00899	0.01032	0.00643	0.00639	0.01114	0.01555	0.02011	0.14362	0.28060	0.26891	0.11083	0.01248	0.00323	0.00445	0.05947	0.00663	0.00599
7	0.01590	0.01590	0.02226	0.01908	0.01908	0.02226	0.01590	0.01749	0.01113	0.01749	0.00954	0.01590	0.00954	0.01272	0.02385	0.00318	0.73123	0.00636	0.00318	0.00795
8	0.14497	0.01128	0.01308	0.01092	0.01505	0.01103	0.00878	0.02760	0.07552	0.33629	0.08702	0.02617	0.02162	0.00916	0.00653	0.00216	0.00522	0.00729	0.17039	0.00991
9	0.01682	0.02033	0.08465	0.02847	0.03509	0.01879	0.54392	0.02251	0.01625	0.02251	0.01392	0.01884	0.01071	0.00704	0.01046	0.00254	0.10588	0.00807	0.00357	0.00963
10	0.09346	0.01409	0.01501	0.01319	0.01723	0.01554	0.01048	0.10510	0.35201	0.09410	0.05390	0.02993	0.05172	0.01033	0.00717	0.00238	0.00574	0.03899	0.05926	0.01037
11	0.00951	0.00721	0.00813	0.00830	0.00974	0.00654	0.00578	0.01107	0.01523	0.01944	0.14176	0.13739	0.33173	0.21276	0.01632	0.00375	0.00472	0.03856	0.00629	0.00577

[dist]
# distance from previous block
# <min> <max>
0	1

[block]
# block no. 4 follows, 28 sequences, length 6
# corresponding to MSA columns:
# 229-234
name=unknown_E
#
# <colnr> <probs for GDERKNQSTAVLIFYWHMCP>
#	G	D	E	R	K	N	Q	S	T	A	V	L	I	F	Y	W	H	M	C	P
0	0.00909	0.00673	0.00835	0.00930	0.01028	0.00614	0.00637	0.01068	0.01513	0.01988	0.13062	0.47197	0.18345	0.06341	0.01068	0.00300	0.00417	0.01800	0.00677	0.00599
1	0.60128	0.01374	0.01236	0.09130	0.01815	0.01591	0.00934	0.05750	0.01372	0.03031	0.01187	0.01581	0.00980	0.06513	0.00754	0.00264	0.00633	0.00489	0.00451	0.00788
2	0.69653	0.01334	0.01081	0.01004	0.01418	0.01530	0.00836	0.02057	0.01292	0.03124	0.01372	0.02070	0.01218	0.00844	0.00520	0.00239	0.00576	0.08582	0.00478	0.00772
3	0.01057	0.00705	0.00793	0.00793	0.00793	0.00705	0.00440	0.01057	0.01057	0.01409	0.02290	0.04757	0.02643	0.74454	0.03700	0.00705	0.00705	0.01057	0.00440	0.00440
4	0.13373	0.09427	0.05462	0.01079	0.01478	0.01345	0.00938	0.02378	0.11910	0.10806	0.07404	0.02428	0.01985	0.00865	0.00595	0.00203	0.00534	0.00674	0.26230	0.00886
5	0.02041	0.01523	0.04241	0.01610	0.07449	0.01542	0.01200	0.30039	0.02312	0.08126	0.05870	0.02618	0.01888	0.11620	0.10108	0.00404	0.00883	0.00766	0.04783	0.00977

[dist]
# distance from previous block
# <min> <max>
3	6

[block]
# block no. 5 follows, 28 sequences, length 123
# corresponding to MSA columns:
# 241-363
name=unknown_F
#
# <colnr> <probs for GDERKNQSTAVLIFYWHMCP>
#	G	D	E	R	K	N	Q	S	T	A	V	L	I	F	Y	W	H	M	C	P
0	0.43863	0.05534	0.01651	0.01388	0.03950	0.06431	0.01096	0.07883	0.01479	0.02820	0.01095	0.01371	0.00904	0.00868	0.00937	0.02983	0.13998	0.00483	0.00430	0.00836
1	0.02715	0.03464	0.02060	0.01873	0.02247	0.71536	0.01404	0.02903	0.02060	0.01779	0.01124	0.01311	0.00936	0.00749	0.00655	0.00187	0.01311	0.00468	0.00375	0.00843
2	0.02012	0.01541	0.01667	0.01433	0.01867	0.01714	0.01133	0.15658	0.44075	0.08492	0.06497	0.02875	0.05706	0.01028	0.00749	0.00238	0.00598	0.00846	0.00750	0.01121
3	0.01010	0.00727	0.00983	0.01144	0.01250	0.00700	0.00888	0.01231	0.01527	0.02001	0.04077	0.42214	0.07239	0.02141	0.00958	0.00311	0.00529	0.29771	0.00672	0.00626
4	0.00859	0.00736	0.00736	0.00736	0.00982	0.00614	0.00552	0.01043	0.01657	0.01964	0.07364	0.06996	0.69624	0.01841	0.00859	0.00245	0.00368	0.01534	0.00675	0.00614
5	0.07800	0.61043	0.07746	0.01308	0.01933	0.06368	0.01309	0.02220	0.01494	0.01868	0.01035	0.01198	0.00921	0.00637	0.00489	0.00167	0.00808	0.00403	0.00325	0.00926
6	0.01120	0.00801	0.01110	0.01262	0.01412	0.00791	0.01066	0.01426	0.01659	0.02181	0.08435	0.17483	0.04459	0.02011	0.00983	0.00322	0.00611	0.51530	0.00679	0.00659
7	0.01038	0.00779	0.01168	0.01168	0.01298	0.00909	0.00909	0.01298	0.01168	0.01687	0.01947	0.02856	0.01817	0.05452	0.71573	0.01168	0.01947	0.00779	0.00389	0.00649
8	0.01001	0.00732	0.00939	0.00909	0.01074	0.00670	0.00673	0.01309	0.01959	0.02731	0.57900	0.12224	0.11977	0.01593	0.00864	0.00237	0.00353	0.01406	0.00777	0.00670
9	0.01812	0.01716	0.02883	0.07850	0.64163	0.01740	0.02189	0.04563	0.01708	0.02428	0.01377	0.01804	0.01145	0.00660	0.00720	0.00217	0.00867	0.00648	0.00371	0.01137
10	0.05405	0.00789	0.00794	0.00770	0.00969	0.00811	0.00583	0.05427	0.01609	0.02791	0.02370	0.07092	0.01959	0.00930	0.00544	0.00183	0.00382	0.00750	0.65134	0.00709
11	0.73248	0.01597	0.06718	0.01046	0.01547	0.01635	0.00941	0.02150	0.01261	0.03184	0.01036	0.01210	0.00798	0.00676	0.00469	0.00225	0.00604	0.00405	0.00438	0.00811
12	0.01405	0.03702	0.04223	0.01052	0.01245	0.01040	0.00796	0.11511	0.01607	0.02210	0.09115	0.09976	0.02655	0.26511	0.02093	0.13057	0.00639	0.00975	0.05545	0.00644
13	0.00943	0.00698	0.00889	0.01025	0.01115	0.00662	0.00718	0.01171	0.04216	0.01941	0.04336	0.58315	0.12086	0.02153	0.00918	0.00291	0.00441	0.06781	0.00677	0.00622
14	0.23625	0.24444	0.14848	0.04001	0.02141	0.04077	0.04137	0.05617	0.01563	0.02479	0.03169	0.04456	0.01239	0.00762	0.00578	0.00208	0.00787	0.00558	0.00405	0.00908
15	0.01671	0.01044	0.01156	0.05017	0.01449	0.01123	0.00830	0.17421	0.01949	0.03040	0.02132	0.02446	0.01659	0.01161	0.05424	0.00253	0.00594	0.00677	0.50137	0.00817
16	0.42544	0.01355	0.01388	0.01134	0.01640	0.01404	0.00936	0.05330	0.01699	0.33255	0.01868	0.01780	0.01256	0.00783	0.00586	0.00225	0.00597	0.00554	0.00661	0.01005
17	0.01379	0.01301	0.02182	0.70607	0.04915	0.01633	0.02006	0.01854	0.01443	0.01854	0.01282	0.01928	0.00969	0.00743	0.00776	0.00244	0.03109	0.00646	0.00323	0.00807
18	0.01745	0.01662	0.02826	0.08740	0.62869	0.01683	0.02173	0.02176	0.01643	0.02333	0.01466	0.02075	0.01266	0.00710	0.00732	0.00223	0.00862	0.03336	0.00370	0.01109
19	0.01029	0.00743	0.00972	0.00914	0.01086	0.00686	0.00686	0.01372	0.02058	0.02915	0.69536	0.05430	0.06859	0.01486	0.00857	0.00229	0.00343	0.01315	0.00800	0.00686
20	0.01057	0.00705	0.00793	0.00793	0.00793	0.00705	0.00440	0.01057	0.01057	0.01409	0.02290	0.04757	0.02643	0.74454	0.03700	0.00705	0.00705	0.01057	0.00440	0.00440
21	0.01980	0.71531	0.03727	0.01273	0.01884	0.06106	0.01251	0.02211	0.01504	0.01713	0.01016	0.01173	0.00933	0.00628	0.00475	0.00157	0.00802	0.00392	0.00314	0.00929
22	0.01543	0.03641	0.67441	0.02035	0.03085	0.01659	0.02610	0.02360	0.01560	0.05507	0.01378	0.01579	0.00962	0.00700	0.00693	0.00230	0.01053	0.00546	0.00335	0.01082
23	0.01238	0.00888	0.01204	0.01336	0.01517	0.00897	0.01151	0.04994	0.01749	0.02283	0.03747	0.12023	0.04066	0.01965	0.00984	0.00326	0.00661	0.57605	0.00673	0.00695
24	0.04000	0.01358	0.01550	0.01181	0.01735	0.01199	0.00943	0.14398	0.01867	0.02783	0.03957	0.06488	0.01572	0.00925	0.03082	0.00186	0.00624	0.00623	0.00516	0.51013
25	0.01510	0.13992	0.48925	0.01853	0.02692	0.01825	0.02228	0.02162	0.01519	0.02184	0.03763	0.02000	0.01319	0.00829	0.00813	0.00232	0.06585	0.04229	0.00346	0.00995
26	0.01409	0.01329	0.02245	0.66925	0.10506	0.01624	0.02037	0.01889	0.01471	0.01901	0.01298	0.01926	0.00984	0.00720	0.00726	0.00240	0.00960	0.00646	0.00326	0.00837
27	0.01983	0.71240	0.03720	0.01276	0.01885	0.06386	0.01252	0.02214	0.01507	0.01714	0.01016	0.01173	0.00933	0.00628	0.00476	0.00157	0.00805	0.00393	0.00314	0.00928
28	0.01127	0.00905	0.04551	0.01001	0.01220	0.00742	0.00803	0.01468	0.01954	0.05579	0.55618	0.13105	0.06105	0.01513	0.00852	0.00236	0.00401	0.01338	0.00764	0.00718
29	0.00909	0.00738	0.00805	0.00788	0.01012	0.00635	0.00591	0.01139	0.01774	0.02241	0.25521	0.06538	0.51293	0.01737	0.00859	0.00241	0.00361	0.01470	0.00712	0.00635
30	0.02763	0.02036	0.02182	0.01672	0.02254	0.02254	0.01382	0.67496	0.03418	0.04581	0.01745	0.01745	0.01236	0.00873	0.00727	0.00218	0.00800	0.00654	0.00727	0.01236
31	0.05731	0.00675	0.00954	0.00947	0.00973	0.00688	0.00640	0.01015	0.00964	0.01377	0.01248	0.02151	0.01236	0.02420	0.02704	0.74365	0.00627	0.00618	0.00323	0.00343
32	0.01808	0.01561	0.01644	0.01479	0.01890	0.01808	0.01151	0.03863	0.68606	0.03041	0.02959	0.02712	0.02219	0.00986	0.00740	0.00247	0.00575	0.00822	0.00740	0.01151
33	0.08070	0.02835	0.37418	0.01805	0.02616	0.01874	0.01988	0.23130	0.07955	0.03166	0.01566	0.01676	0.01124	0.00773	0.00687	0.00227	0.00903	0.00588	0.00489	0.01110
34	0.00899	0.00642	0.00859	0.01028	0.01076	0.00602	0.00698	0.01035	0.01405	0.01871	0.03999	0.70885	0.04778	0.02265	0.00931	0.00297	0.00433	0.05028	0.00675	0.00594
35	0.00859	0.00736	0.00736	0.00736	0.00982	0.00614	0.00552	0.01043	0.01657	0.01964	0.07364	0.06996	0.69624	0.01841	0.00859	0.00245	0.00368	0.01534	0.00675	0.00614
36	0.01522	0.04795	0.01265	0.01007	0.01281	0.00879	0.00792	0.01847	0.02031	0.16284	0.52616	0.04614	0.05536	0.01323	0.00811	0.00224	0.00421	0.01149	0.00794	0.00809
37	0.05739	0.01221	0.01635	0.01265	0.01807	0.01071	0.01042	0.03400	0.02051	0.65196	0.05729	0.02560	0.01987	0.00918	0.00727	0.00225	0.00605	0.00745	0.00880	0.01198
38	0.01038	0.00779	0.01168	0.01168	0.01298	0.00909	0.00909	0.01298	0.01168	0.01687	0.01947	0.02856	0.01817	0.05452	0.71573	0.01168	0.01947	0.00779	0.00389	0.00649
39	0.05297	0.01360	0.01712	0.01336	0.01875	0.01287	0.01097	0.12568	0.06388	0.52559	0.04908	0.02446	0.01886	0.00914	0.00727	0.00225	0.00631	0.00735	0.00848	0.01200
40	0.01699	0.01656	0.02669	0.26196	0.46492	0.04432	0.02131	0.02138	0.01607	0.02186	0.01334	0.01824	0.01085	0.00677	0.00719	0.00223	0.00915	0.00640	0.00349	0.01029
41	0.06571	0.01392	0.01636	0.06859	0.01970	0.04149	0.01141	0.12658	0.06756	0.21270	0.10358	0.04910	0.06535	0.01223	0.03261	0.00268	0.06551	0.00843	0.00673	0.00977
42	0.79588	0.01406	0.01068	0.00956	0.01406	0.01631	0.00787	0.02137	0.01237	0.03261	0.01012	0.01181	0.00787	0.00675	0.00450	0.00225	0.00562	0.00394	0.00450	0.00787
43	0.02064	0.57006	0.03380	0.05177	0.02108	0.16228	0.01317	0.02301	0.01590	0.01731	0.01048	0.01236	0.00935	0.00652	0.00517	0.00166	0.00892	0.00418	0.00324	0.00909
44	0.01171	0.00837	0.01171	0.01339	0.01506	0.00837	0.01171	0.01506	0.01673	0.02175	0.03849	0.08199	0.04183	0.02008	0.01004	0.00335	0.00669	0.65027	0.00669	0.00669
45	0.07307	0.24189	0.28240	0.01783	0.07553	0.01914	0.01791	0.02350	0.01591	0.10534	0.03339	0.01835	0.01298	0.00751	0.00628	0.00209	0.00846	0.02408	0.00419	0.01015
46	0.02771	0.01820	0.05466	0.01539	0.02122	0.01797	0.01317	0.40170	0.05311	0.24549	0.02132	0.02023	0.01449	0.00875	0.00720	0.00220	0.00736	0.00679	0.03094	0.01208
47	0.03243	0.01267	0.01706	0.01308	0.01871	0.01113	0.01080	0.05952	0.02131	0.67942	0.02825	0.02447	0.01778	0.00899	0.00731	0.00225	0.00625	0.00728	0.00893	0.01237
48	0.15326	0.01495	0.01934	0.09256	0.04662	0.01603	0.06347	0.15223	0.05814	0.18989	0.04222	0.02078	0.01516	0.00848	0.00765	0.00230	0.04125	0.00676	0.03868	0.01024
49	0.07206	0.13501	0.52875	0.01819	0.02741	0.01805	0.02249	0.02228	0.01529	0.02317	0.04452	0.01640	0.01192	0.00717	0.00649	0.00219	0.00961	0.00542	0.00341	0.01015
50	0.00909	0.00649	0.00870	0.01038	0.01091	0.00610	0.00715	0.01052	0.01414	0.01881	0.03994	0.68695	0.04758	0.02256	0.00934	0.00298	0.00442	0.07124	0.00674	0.00597
51	0.01057	0.00705	0.00793	0.00793	0.00793	0.00705	0.00440	0.01057	0.01057	0.01409	0.02290	0.04757	0.02643	0.74454	0.03700	0.00705	0.00705	0.01057	0.00440	0.00440
52	0.01752	0.33333	0.28163	0.01716	0.02477	0.04905	0.07095	0.04422	0.01639	0.02146	0.05094	0.01634	0.01291	0.00709	0.00619	0.00198	0.00920	0.00546	0.00359	0.00981
53	0.31041	0.04488	0.18154	0.18275	0.02785	0.01754	0.01615	0.09606	0.01617	0.02800	0.01232	0.01508	0.00918	0.00712	0.00605	0.00227	0.00815	0.00517	0.00413	0.00917
54	0.01012	0.00665	0.00888	0.01027	0.01097	0.00616	0.00696	0.01147	0.01428	0.05512	0.03946	0.70166	0.04647	0.02204	0.00917	0.00291	0.00432	0.01995	0.00687	0.00625
55	0.01590	0.05534	0.01694	0.01142	0.01761	0.01180	0.00932	0.04727	0.01575	0.02406	0.01284	0.01501	0.01071	0.00584	0.00609	0.00123	0.03192	0.00446	0.00433	0.68215
56	0.01334	0.00972	0.01260	0.01337	0.06386	0.00975	0.00928	0.01913	0.12874	0.06190	0.30818	0.12790	0.04586	0.06661	0.01047	0.00283	0.00503	0.07636	0.00709	0.00797
57	0.01799	0.01727	0.02950	0.04462	0.69919	0.01727	0.02231	0.02231	0.01655	0.02375	0.01367	0.01799	0.01151	0.00648	0.00720	0.00216	0.00864	0.00648	0.00360	0.01151
58	0.01943	0.74891	0.03809	0.01244	0.01866	0.02876	0.01244	0.02177	0.01477	0.01710	0.01011	0.01166	0.00933	0.00622	0.00466	0.00155	0.00777	0.00389	0.00311	0.00933
59	0.01274	0.00865	0.01224	0.01412	0.04148	0.00850	0.01136	0.01580	0.01656	0.06031	0.03718	0.17002	0.04017	0.01930	0.00966	0.00318	0.00639	0.49852	0.00671	0.00709
60	0.01034	0.00747	0.00979	0.00930	0.01102	0.00692	0.00704	0.01377	0.02043	0.02887	0.67061	0.05534	0.06758	0.01506	0.00863	0.00233	0.00355	0.03715	0.00795	0.00685
61	0.02941	0.01162	0.01580	0.01245	0.01746	0.01010	0.01014	0.03219	0.02042	0.60905	0.08717	0.06544	0.02399	0.01024	0.00752	0.00229	0.00584	0.00853	0.00879	0.01155
62	0.01263	0.00631	0.00947	0.00947	0.00947	0.00631	0.00631	0.00947	0.00947	0.01263	0.01263	0.02210	0.01263	0.02525	0.02841	0.78851	0.00631	0.00631	0.00316	0.00316
63	0.01808	0.01561	0.01644	0.01479	0.01890	0.01808	0.01151	0.03863	0.68606	0.03041	0.02959	0.02712	0.02219	0.00986	0.00740	0.00247	0.00575	0.00822	0.00740	0.01151
64	0.03172	0.01321	0.01732	0.01334	0.01894	0.01200	0.01100	0.09492	0.04174	0.62313	0.02766	0.02413	0.01759	0.00900	0.00731	0.00225	0.00634	0.00727	0.00879	0.01234
65	0.01159	0.00833	0.01154	0.01314	0.01485	0.00828	0.01146	0.01487	0.01673	0.02167	0.03991	0.08151	0.06831	0.02001	0.00998	0.00331	0.00657	0.62458	0.00670	0.00667
66	0.01014	0.00742	0.00951	0.00899	0.01077	0.00680	0.00674	0.01343	0.02023	0.02832	0.64138	0.05566	0.12308	0.01517	0.00857	0.00230	0.00345	0.01334	0.00789	0.00680
67	0.01912	0.01592	0.01696	0.01500	0.01922	0.01822	0.01185	0.12817	0.55888	0.03216	0.02831	0.02855	0.02179	0.01022	0.00751	0.00247	0.00612	0.04080	0.00734	0.01138
68	0.75206	0.01442	0.01132	0.00997	0.01454	0.01666	0.00821	0.05865	0.01361	0.03337	0.01054	0.01213	0.00813	0.00686	0.00466	0.00225	0.00576	0.00408	0.00466	0.00813
69	0.01059	0.00739	0.00968	0.00968	0.01036	0.00801	0.00666	0.01194	0.01126	0.01587	0.02129	0.03779	0.02222	0.38973	0.35968	0.00907	0.01285	0.00911	0.03134	0.00548
70	0.02915	0.01250	0.01640	0.01280	0.01792	0.01134	0.01048	0.09532	0.02209	0.54977	0.11628	0.02796	0.02417	0.00975	0.00747	0.00225	0.00600	0.00801	0.00870	0.01164
71	0.01704	0.01937	0.04216	0.05489	0.03841	0.01830	0.65007	0.02312	0.01707	0.02312	0.01464	0.01960	0.01098	0.00617	0.00853	0.00245	0.01217	0.00850	0.00366	0.00974
72	0.02715	0.03464	0.02060	0.01873	0.02247	0.71536	0.01404	0.02903	0.02060	0.01779	0.01124	0.01311	0.00936	0.00749	0.00655	0.00187	0.01311	0.00468	0.00375	0.00843
73	0.08537	0.01268	0.01634	0.01278	0.01811	0.01154	0.01049	0.06943	0.02066	0.58939	0.02723	0.05477	0.01828	0.00943	0.00719	0.00228	0.00616	0.00761	0.00848	0.01177
74	0.01626	0.01554	0.02409	0.20802	0.39119	0.05113	0.01943	0.02034	0.01617	0.02170	0.01747	0.05566	0.01615	0.00905	0.00761	0.00239	0.00871	0.08540	0.00402	0.00968
75	0.01507	0.01292	0.01507	0.01077	0.01723	0.00969	0.00861	0.01830	0.01507	0.02369	0.01292	0.01507	0.01077	0.00538	0.00538	0.00108	0.00538	0.00431	0.00431	0.78898
76	0.01501	0.01571	0.05463	0.47476	0.15694	0.01672	0.12206	0.02012	0.01532	0.02036	0.01333	0.01901	0.01019	0.00694	0.00744	0.00238	0.00995	0.00675	0.00335	0.00903
77	0.01572	0.08002	0.57388	0.02234	0.09231	0.04647	0.02501	0.02312	0.01564	0.02250	0.01284	0.01527	0.00944	0.00685	0.00678	0.00222	0.01046	0.00535	0.00315	0.01063
78	0.03261	0.01237	0.01687	0.01293	0.01856	0.01068	0.01068	0.03543	0.02081	0.70423	0.02868	0.02474	0.01799	0.00900	0.00731	0.00225	0.00619	0.00731	0.00900	0.01237
79	0.00893	0.00654	0.00840	0.00970	0.01048	0.00601	0.00660	0.01044	0.01476	0.01951	0.09499	0.60364	0.13003	0.02162	0.00914	0.00284	0.00409	0.01942	0.00685	0.00601
80	0.01574	0.12122	0.52568	0.02000	0.02930	0.04247	0.07354	0.02261	0.01539	0.02177	0.01274	0.01539	0.00949	0.00744	0.00753	0.03054	0.01042	0.00545	0.00315	0.01014
81	0.01078	0.00736	0.00949	0.00958	0.01047	0.00771	0.00679	0.01259	0.01295	0.01852	0.09536	0.06608	0.02906	0.29685	0.25396	0.00719	0.01031	0.04639	0.08279	0.00578
82	0.01057	0.00705	0.00793	0.00793	0.00793	0.00705	0.00440	0.01057	0.01057	0.01409	0.02290	0.04757	0.02643	0.74454	0.03700	0.00705	0.00705	0.01057	0.00440	0.00440
83	0.01622	0.15227	0.33891	0.10436	0.05291	0.04793	0.04311	0.02171	0.01487	0.02051	0.01203	0.01542	0.00948	0.00764	0.00903	0.00230	0.11293	0.00551	0.00318	0.00969
84	0.01462	0.01383	0.02342	0.58398	0.18616	0.01638	0.02063	0.01936	0.01496	0.01966	0.01308	0.01909	0.01007	0.00710	0.00725	0.00237	0.00947	0.00646	0.00331	0.00880
85	0.01149	0.00821	0.01146	0.01313	0.01471	0.00818	0.01133	0.01468	0.01652	0.02151	0.03861	0.13295	0.04232	0.02029	0.00998	0.00332	0.00650	0.60149	0.00670	0.00663
86	0.01560	0.02039	0.14031	0.08640	0.03497	0.01661	0.44265	0.02152	0.01657	0.02275	0.04415	0.07074	0.01560	0.00787	0.00826	0.00245	0.01087	0.00893	0.00394	0.00941
87	0.07333	0.18735	0.10769	0.05941	0.12672	0.08900	0.01517	0.07797	0.01738	0.04364	0.01700	0.01922	0.04760	0.00954	0.03412	0.00240	0.00873	0.00596	0.04826	0.00950
88	0.12726	0.01848	0.14862	0.01418	0.02020	0.01463	0.01351	0.16205	0.02109	0.26518	0.06289	0.02170	0.01703	0.00858	0.00680	0.00222	0.00703	0.00667	0.05110	0.01079
89	0.70102	0.01502	0.01308	0.03681	0.01687	0.04084	0.04252	0.02163	0.01298	0.03111	0.01050	0.01253	0.00815	0.00676	0.00488	0.00225	0.00637	0.00429	0.00438	0.00800
90	0.00996	0.00745	0.00927	0.00890	0.01077	0.00675	0.00673	0.01304	0.01957	0.02682	0.53722	0.05866	0.20500	0.01581	0.00863	0.00236	0.00359	0.03509	0.00768	0.00670
91	0.13583	0.02610	0.36350	0.10338	0.12243	0.01640	0.05616	0.02165	0.01500	0.02393	0.01385	0.04516	0.01104	0.00746	0.00680	0.00232	0.00936	0.00622	0.00356	0.00985
92	0.01930	0.01395	0.01535	0.01341	0.01767	0.01502	0.01052	0.03383	0.46345	0.14454	0.03410	0.03142	0.10279	0.01057	0.00745	0.00237	0.00556	0.00877	0.00747	0.04246
93	0.01943	0.74891	0.03809	0.01244	0.01866	0.02876	0.01244	0.02177	0.01477	0.01710	0.01011	0.01166	0.00933	0.00622	0.00466	0.00155	0.00777	0.00389	0.00311	0.00933
94	0.01456	0.05761	0.65967	0.02012	0.03035	0.01693	0.02573	0.02259	0.01519	0.02260	0.01321	0.01576	0.00956	0.00876	0.03467	0.00265	0.01100	0.00542	0.00310	0.01053
95	0.00997	0.00731	0.00922	0.00894	0.01054	0.00670	0.00655	0.01283	0.01895	0.02622	0.52512	0.11486	0.14057	0.05760	0.01026	0.00264	0.00373	0.01391	0.00754	0.00655
96	0.01867	0.01548	0.01645	0.01472	0.01889	0.01778	0.01147	0.03850	0.65915	0.05767	0.02955	0.02702	0.02202	0.00983	0.00739	0.00246	0.00577	0.00818	0.00746	0.01154
97	0.00908	0.00650	0.00863	0.00997	0.01059	0.00605	0.00676	0.01068	0.01495	0.02020	0.14172	0.63345	0.05126	0.02155	0.00917	0.00285	0.00410	0.01950	0.00694	0.00605
98	0.01750	0.00902	0.01182	0.01028	0.01331	0.00802	0.00800	0.02048	0.01998	0.25260	0.38607	0.07599	0.10993	0.01359	0.00819	0.00232	0.00441	0.01174	0.00816	0.00858
99	0.70235	0.01455	0.01187	0.01030	0.01495	0.01665	0.00849	0.07882	0.01456	0.05715	0.01141	0.01275	0.00862	0.00700	0.00484	0.00224	0.00585	0.00428	0.00490	0.00842
100	0.01023	0.00738	0.00955	0.00915	0.01066	0.00696	0.00671	0.01318	0.01880	0.02642	0.55560	0.07060	0.07924	0.08843	0.05229	0.00332	0.00474	0.01285	0.00734	0.00655
