[name]
unknown

[dist]
# distance from previous block
# <min> <max>
0	55

[block]
# block no. 0 follows, 25 sequences, length 19
# corresponding to MSA columns:
# 59-77
name=unknown_A
#
# <colnr> <probs for GDERKNQSTAVLIFYWHMCP>
#	G	D	E	R	K	N	Q	S	T	A	V	L	I	F	Y	W	H	M	C	P
0	0.06747	0.01495	0.01965	0.01801	0.07982	0.04087	0.07880	0.04280	0.04863	0.04865	0.02209	0.10868	0.02091	0.01068	0.00760	0.00221	0.00735	0.08362	0.00550	0.27173
1	0.06971	0.01777	0.04387	0.03316	0.08340	0.05909	0.03788	0.09033	0.05191	0.05588	0.04280	0.01937	0.01482	0.00742	0.00673	0.00184	0.00749	0.00607	0.00527	0.34521
2	0.01519	0.01521	0.06164	0.01717	0.05642	0.06986	0.08489	0.01827	0.01661	0.04899	0.02844	0.35491	0.03067	0.01523	0.00853	0.00255	0.00731	0.01384	0.00579	0.12849
3	0.02028	0.04952	0.09177	0.01831	0.07500	0.10577	0.03718	0.10086	0.06488	0.06413	0.02379	0.04026	0.08315	0.00924	0.00729	0.00208	0.00829	0.00750	0.00547	0.18522
4	0.01743	0.02591	0.25353	0.02075	0.02897	0.05071	0.15800	0.02564	0.09597	0.02548	0.01632	0.01870	0.01238	0.00717	0.00738	0.00214	0.00978	0.00652	0.00436	0.21287
5	0.02289	0.01897	0.02298	0.01732	0.02352	0.05165	0.09919	0.30378	0.02579	0.03570	0.01696	0.01871	0.01283	0.00780	0.00715	0.00197	0.00824	0.00650	0.06245	0.23561
6	0.01738	0.02778	0.28325	0.03046	0.11165	0.01887	0.34660	0.02461	0.01751	0.02479	0.01490	0.01902	0.01110	0.00689	0.00832	0.00252	0.01203	0.00762	0.00367	0.01104
7	0.00951	0.00689	0.00899	0.01053	0.01121	0.00637	0.00711	0.01104	0.01545	0.02051	0.08105	0.63859	0.09715	0.02348	0.00980	0.00307	0.00441	0.02118	0.00727	0.00637
8	0.01091	0.00838	0.01013	0.01079	0.01232	0.00816	0.00766	0.01535	0.09942	0.02343	0.15026	0.42228	0.15083	0.02041	0.00940	0.00288	0.00448	0.01813	0.00750	0.00727
9	0.01911	0.11059	0.12690	0.03125	0.17270	0.06478	0.31367	0.02478	0.01783	0.02372	0.01437	0.01845	0.01128	0.00683	0.00795	0.00237	0.01151	0.00733	0.00375	0.01082
10	0.01955	0.01542	0.01717	0.04844	0.02090	0.01740	0.01220	0.07644	0.47144	0.07404	0.03115	0.11211	0.02541	0.01192	0.00811	0.00266	0.00633	0.01011	0.00769	0.01149
11	0.00950	0.00742	0.00862	0.00927	0.01092	0.00654	0.00659	0.01142	0.01706	0.02172	0.13678	0.33262	0.35185	0.02104	0.00946	0.00281	0.00412	0.01836	0.00736	0.00654
12	0.01932	0.01589	0.01687	0.01505	0.01940	0.01798	0.01174	0.05877	0.56038	0.05760	0.03533	0.03261	0.08207	0.01127	0.00800	0.00261	0.00603	0.00935	0.00789	0.01182
13	0.02287	0.01854	0.02482	0.05366	0.18477	0.04604	0.07278	0.13065	0.21939	0.11094	0.02232	0.02296	0.01653	0.00876	0.00788	0.00245	0.00843	0.00772	0.00640	0.01209
14	0.01235	0.00823	0.00938	0.00932	0.01180	0.00707	0.00689	0.01429	0.01751	0.10143	0.06371	0.23160	0.43900	0.01958	0.00918	0.00272	0.00440	0.01675	0.00749	0.00729
15	0.00967	0.00684	0.00893	0.01051	0.01091	0.00645	0.00689	0.01085	0.01441	0.01921	0.04051	0.64068	0.04847	0.10989	0.01350	0.00368	0.00487	0.02073	0.00689	0.00610
16	0.02205	0.01746	0.02032	0.01705	0.02208	0.01944	0.05439	0.13637	0.47315	0.08578	0.02840	0.02658	0.02089	0.01000	0.00794	0.00256	0.00700	0.00843	0.00774	0.01237
17	0.02626	0.01953	0.02237	0.02031	0.09862	0.02135	0.01483	0.43249	0.12680	0.06918	0.02090	0.02104	0.01522	0.00921	0.00766	0.00235	0.00794	0.00729	0.04401	0.01266
18	0.02283	0.08309	0.12575	0.10272	0.02903	0.07383	0.05874	0.23399	0.07317	0.05919	0.01719	0.01878	0.01268	0.00824	0.00741	0.00228	0.00950	0.00658	0.00556	0.04944

[dist]
# distance from previous block
# <min> <max>
1	5

[block]
# block no. 1 follows, 25 sequences, length 13
# corresponding to MSA columns:
# 84-96
name=unknown_B
#
# <colnr> <probs for GDERKNQSTAVLIFYWHMCP>
#	G	D	E	R	K	N	Q	S	T	A	V	L	I	F	Y	W	H	M	C	P
0	0.01695	0.01551	0.01911	0.01532	0.02008	0.06076	0.08291	0.07016	0.05347	0.02528	0.02264	0.14648	0.04105	0.03376	0.00938	0.00227	0.04145	0.00937	0.00540	0.30865
1	0.01275	0.01046	0.01387	0.01626	0.10457	0.01059	0.01009	0.01661	0.08101	0.02143	0.03535	0.31807	0.09674	0.12660	0.01446	0.00351	0.04224	0.01477	0.00610	0.04452
2	0.02071	0.09609	0.23858	0.02227	0.06201	0.02130	0.11167	0.20460	0.02211	0.03073	0.01535	0.01787	0.01155	0.00819	0.00872	0.00240	0.05918	0.00661	0.02868	0.01136
3	0.02700	0.01926	0.02172	0.01961	0.08973	0.05223	0.01438	0.30472	0.14583	0.16118	0.02233	0.02171	0.01593	0.00913	0.00766	0.00233	0.00795	0.00727	0.00742	0.04260
4	0.00942	0.00686	0.00888	0.01050	0.01117	0.00632	0.00706	0.01083	0.01513	0.01991	0.04638	0.65655	0.11483	0.02382	0.00982	0.00309	0.00444	0.02146	0.00720	0.00632
5	0.02297	0.02162	0.02434	0.02349	0.12816	0.17023	0.09382	0.09411	0.17460	0.08053	0.06899	0.02393	0.01957	0.00908	0.00788	0.00237	0.00934	0.00780	0.00605	0.01111
6	0.01795	0.01821	0.08818	0.01555	0.02283	0.01398	0.07495	0.09682	0.04174	0.02822	0.01519	0.01734	0.01198	0.00658	0.00656	0.00162	0.00739	0.00559	0.00489	0.50446
7	0.01155	0.00879	0.01250	0.01224	0.01325	0.01030	0.00923	0.01369	0.01218	0.01745	0.02072	0.03354	0.02047	0.18948	0.51459	0.01079	0.06964	0.00879	0.00421	0.00659
8	0.01272	0.00925	0.01035	0.01024	0.01281	0.00870	0.00759	0.01748	0.11049	0.07483	0.05851	0.23561	0.36482	0.01876	0.00907	0.00274	0.00461	0.01609	0.00749	0.00783
9	0.01944	0.01448	0.01812	0.01314	0.01992	0.01167	0.03979	0.05751	0.01814	0.11495	0.01639	0.01783	0.01263	0.00649	0.00629	0.00145	0.00635	0.00537	0.00541	0.59463
10	0.01555	0.01520	0.02425	0.07143	0.02415	0.01896	0.11903	0.01833	0.01337	0.01951	0.01501	0.05151	0.01449	0.05848	0.11620	0.00470	0.37941	0.00829	0.00382	0.00829
11	0.00941	0.00690	0.00884	0.01038	0.01114	0.00633	0.00701	0.01084	0.01524	0.01996	0.04778	0.63127	0.13921	0.02364	0.00979	0.00307	0.00442	0.02124	0.00720	0.00633
12	0.02115	0.01758	0.01858	0.01616	0.02087	0.02015	0.01272	0.15292	0.55039	0.03543	0.02920	0.02705	0.02176	0.01030	0.00787	0.00257	0.00657	0.00844	0.00787	0.01244

[dist]
# distance from previous block
# <min> <max>
0	2

[block]
# block no. 2 follows, 25 sequences, length 34
# corresponding to MSA columns:
# 99-132
name=unknown_C
#
# <colnr> <probs for GDERKNQSTAVLIFYWHMCP>
#	G	D	E	R	K	N	Q	S	T	A	V	L	I	F	Y	W	H	M	C	P
0	0.01598	0.01604	0.04993	0.01758	0.02425	0.01274	0.18362	0.02027	0.01657	0.02456	0.01725	0.08930	0.01555	0.00791	0.00715	0.00180	0.00783	0.00765	0.00462	0.45941
1	0.06861	0.01674	0.01690	0.01323	0.01906	0.07501	0.01046	0.10960	0.05258	0.02860	0.01697	0.06451	0.01471	0.00804	0.00647	0.00168	0.00683	0.00633	0.00534	0.45833
2	0.00942	0.00722	0.00864	0.00964	0.01097	0.00644	0.00671	0.01111	0.01626	0.02079	0.08782	0.44538	0.28753	0.02212	0.00958	0.00291	0.00424	0.01950	0.00727	0.00644
3	0.00940	0.00724	0.00860	0.00957	0.01095	0.00644	0.00668	0.01110	0.01630	0.02076	0.08538	0.43261	0.30311	0.02205	0.00957	0.00290	0.00423	0.01940	0.00726	0.00644
4	0.01457	0.01260	0.01702	0.05142	0.01877	0.01448	0.04431	0.07202	0.05156	0.02381	0.05524	0.21649	0.13354	0.01615	0.01325	0.00290	0.19164	0.01291	0.02910	0.00823
5	0.02811	0.02097	0.02252	0.01737	0.02349	0.02301	0.01429	0.58017	0.07623	0.04656	0.01920	0.01915	0.01378	0.00920	0.00766	0.00228	0.00823	0.00697	0.00760	0.05321
6	0.00938	0.00741	0.00846	0.00916	0.01085	0.00649	0.00650	0.01119	0.01676	0.02105	0.09783	0.33785	0.38700	0.02132	0.00946	0.00282	0.00414	0.01855	0.00727	0.00649
7	0.00968	0.00701	0.00888	0.01017	0.01089	0.00650	0.00680	0.01108	0.01517	0.02002	0.07748	0.54614	0.12107	0.09501	0.01279	0.00350	0.00470	0.01989	0.00701	0.00622
8	0.02896	0.02013	0.02266	0.06993	0.02579	0.02206	0.01487	0.53388	0.03321	0.12022	0.01963	0.01967	0.01366	0.00922	0.00776	0.00235	0.00845	0.00707	0.00764	0.01284
9	0.02856	0.02087	0.02252	0.01740	0.02325	0.02306	0.01428	0.61671	0.03496	0.04685	0.01832	0.01890	0.01320	0.01031	0.00904	0.04623	0.00843	0.00697	0.00751	0.01263
10	0.01809	0.02015	0.10075	0.02879	0.30591	0.05369	0.01808	0.02260	0.01713	0.02485	0.01404	0.01734	0.01155	0.00656	0.00684	0.00185	0.00837	0.00575	0.00408	0.31358
11	0.02408	0.01774	0.01946	0.01571	0.02128	0.01893	0.01263	0.26088	0.27703	0.10235	0.02415	0.02304	0.01762	0.00929	0.00752	0.00228	0.00700	0.00741	0.00753	0.12409
12	0.00945	0.00675	0.00900	0.01080	0.01125	0.00630	0.00720	0.01080	0.01484	0.01979	0.04274	0.72245	0.05128	0.02429	0.00990	0.00315	0.00450	0.02204	0.00720	0.00630
13	0.02748	0.01637	0.02010	0.01747	0.06327	0.01696	0.01327	0.26378	0.04366	0.27272	0.02689	0.07183	0.04764	0.01101	0.00898	0.00249	0.04740	0.00875	0.00786	0.01207
14	0.02728	0.02322	0.02405	0.05879	0.12133	0.14146	0.01635	0.39596	0.02953	0.06096	0.01702	0.01826	0.01255	0.00865	0.00761	0.00228	0.00962	0.00664	0.00635	0.01207
15	0.01795	0.01873	0.02490	0.32649	0.14832	0.12745	0.05020	0.02193	0.01654	0.02071	0.01469	0.05394	0.01271	0.00918	0.01012	0.00258	0.10306	0.00744	0.00380	0.00926
16	0.01608	0.01378	0.01608	0.01148	0.01837	0.01034	0.00919	0.01952	0.01608	0.02527	0.01378	0.01608	0.01148	0.00574	0.00574	0.00115	0.00574	0.00459	0.00459	0.77491
17	0.02369	0.07399	0.12205	0.02066	0.06247	0.15870	0.05798	0.19665	0.10072	0.05254	0.01766	0.01905	0.01337	0.01027	0.03363	0.00267	0.01050	0.00663	0.00550	0.01128
18	0.01988	0.01548	0.01764	0.01700	0.06377	0.01710	0.01237	0.03665	0.48649	0.09754	0.07302	0.03188	0.05473	0.01093	0.00800	0.00257	0.00614	0.00921	0.00780	0.01180
19	0.00945	0.00675	0.00900	0.01080	0.01125	0.00630	0.00720	0.01080	0.01484	0.01979	0.04274	0.72245	0.05128	0.02429	0.00990	0.00315	0.00450	0.02204	0.00720	0.00630
20	0.01057	0.00773	0.00948	0.01014	0.01131	0.00727	0.00699	0.03414	0.01681	0.02231	0.14943	0.40982	0.14949	0.10160	0.01294	0.00342	0.00476	0.01807	0.00715	0.00656
21	0.02667	0.02072	0.02141	0.01697	0.02200	0.06575	0.01375	0.49758	0.03125	0.04173	0.01838	0.02090	0.01414	0.05811	0.01085	0.00270	0.05305	0.00714	0.04515	0.01174
22	0.01100	0.00744	0.00865	0.00886	0.00904	0.00733	0.00521	0.01142	0.01245	0.01671	0.06803	0.14455	0.03424	0.58486	0.03344	0.00659	0.00685	0.01295	0.00529	0.00509
23	0.01183	0.00851	0.01024	0.00990	0.00999	0.00928	0.00625	0.01218	0.01141	0.01559	0.02277	0.04606	0.02582	0.61313	0.08016	0.00742	0.07906	0.01064	0.00453	0.00522
24	0.01830	0.01850	0.03364	0.10063	0.38310	0.01920	0.18760	0.02315	0.01700	0.02398	0.01432	0.01954	0.01174	0.00761	0.01000	0.00253	0.08684	0.00748	0.00378	0.01106
25	0.01270	0.00684	0.00978	0.00996	0.01018	0.00671	0.00665	0.01028	0.01111	0.01465	0.02104	0.09792	0.06086	0.05281	0.02723	0.61788	0.00636	0.00907	0.00405	0.00392
26	0.02840	0.01571	0.01847	0.01467	0.01986	0.01599	0.01184	0.26269	0.06981	0.30682	0.02605	0.05164	0.01903	0.05090	0.00954	0.00268	0.00710	0.00827	0.04847	0.01207
27	0.01711	0.01865	0.03852	0.07603	0.06191	0.01835	0.47700	0.02264	0.01731	0.02360	0.01785	0.09083	0.01554	0.00888	0.01017	0.00271	0.05884	0.01004	0.00418	0.00985
28	0.02590	0.05689	0.02285	0.01902	0.06401	0.08824	0.01450	0.34029	0.19488	0.06189	0.02110	0.02084	0.01558	0.00922	0.00757	0.00234	0.00841	0.00713	0.00702	0.01232
29	0.01926	0.01867	0.02202	0.01899	0.02035	0.09036	0.01546	0.11203	0.01680	0.02323	0.01486	0.08756	0.01472	0.01345	0.01942	0.00307	0.46811	0.00816	0.00447	0.00900
30	0.01703	0.01263	0.01291	0.01192	0.01470	0.07109	0.00886	0.08546	0.04486	0.10511	0.10086	0.19729	0.17960	0.08752	0.01180	0.00310	0.00618	0.01357	0.00717	0.00833
31	0.01690	0.01445	0.01701	0.01245	0.01883	0.01202	0.01003	0.05547	0.01695	0.02616	0.01381	0.01628	0.01149	0.00647	0.00719	0.00137	0.05382	0.00488	0.00469	0.67973
32	0.02256	0.02209	0.11708	0.01658	0.02258	0.06269	0.01487	0.30633	0.09888	0.03641	0.05712	0.04949	0.01876	0.00973	0.00755	0.00227	0.00814	0.00768	0.04378	0.07543
33	0.01554	0.00970	0.01191	0.01126	0.01352	0.00911	0.00796	0.03919	0.05286	0.11824	0.03199	0.31967	0.03390	0.18875	0.01610	0.00382	0.00590	0.01423	0.00672	0.08961

[dist]
# distance from previous block
# <min> <max>
2	7

[block]
# block no. 3 follows, 25 sequences, length 33
# corresponding to MSA columns:
# 140-172
name=unknown_D
#
# <colnr> <probs for GDERKNQSTAVLIFYWHMCP>
#	G	D	E	R	K	N	Q	S	T	A	V	L	I	F	Y	W	H	M	C	P
0	0.02354	0.01892	0.01997	0.01564	0.02152	0.04757	0.01264	0.33600	0.12093	0.03745	0.01893	0.01961	0.01431	0.01011	0.03099	0.00237	0.00805	0.00653	0.00660	0.22833
1	0.01498	0.01130	0.01350	0.01097	0.01538	0.00912	0.00817	0.01741	0.01537	0.05867	0.02225	0.16340	0.02263	0.12950	0.01228	0.00267	0.00584	0.00936	0.00541	0.45177
2	0.01751	0.01603	0.04544	0.03758	0.01985	0.04864	0.01204	0.13681	0.01943	0.02702	0.02190	0.20394	0.02203	0.01239	0.00947	0.00228	0.08021	0.01004	0.00563	0.25175
3	0.01958	0.01428	0.01633	0.01294	0.01796	0.01360	0.01018	0.17210	0.06101	0.07230	0.02041	0.05519	0.01738	0.07808	0.04774	0.00294	0.00731	0.00739	0.04489	0.30838
4	0.00952	0.00681	0.00907	0.01074	0.01126	0.00635	0.00720	0.01099	0.01521	0.02037	0.07486	0.68869	0.05239	0.02386	0.00986	0.00311	0.00446	0.02163	0.00727	0.00635
5	0.01007	0.00739	0.00944	0.01046	0.01150	0.00671	0.00710	0.01164	0.01530	0.02061	0.08109	0.55587	0.08447	0.06700	0.01142	0.00322	0.00469	0.01941	0.00695	0.05566
6	0.02307	0.01672	0.01876	0.01488	0.02041	0.01717	0.01200	0.26068	0.15897	0.10018	0.06315	0.02381	0.01957	0.01074	0.02932	0.00246	0.00729	0.00738	0.00718	0.18627
7	0.00977	0.00711	0.00921	0.01031	0.01126	0.00655	0.00711	0.01170	0.01670	0.02246	0.18938	0.51630	0.10952	0.02198	0.00966	0.00294	0.00426	0.01974	0.00750	0.00655
8	0.01001	0.00697	0.00911	0.01040	0.01116	0.00652	0.00711	0.01188	0.01609	0.02221	0.14506	0.57065	0.05291	0.02196	0.00950	0.00295	0.00431	0.01981	0.05488	0.00652
9	0.01870	0.01590	0.02078	0.12857	0.02655	0.01556	0.05346	0.15811	0.02043	0.02902	0.01720	0.01992	0.03641	0.00780	0.00782	0.00190	0.04211	0.00633	0.00509	0.36834
10	0.02491	0.01917	0.02117	0.05018	0.02391	0.02045	0.01369	0.42506	0.10589	0.04085	0.01896	0.01944	0.01395	0.00867	0.00738	0.00214	0.00779	0.00672	0.00694	0.16273
11	0.00945	0.00675	0.00900	0.01080	0.01125	0.00630	0.00720	0.01080	0.01484	0.01979	0.04274	0.72245	0.05128	0.02429	0.00990	0.00315	0.00450	0.02204	0.00720	0.00630
12	0.01031	0.00716	0.00857	0.00946	0.01011	0.00678	0.00612	0.01144	0.01413	0.01897	0.04016	0.38293	0.11889	0.24946	0.01906	0.00441	0.00535	0.01695	0.05386	0.00587
13	0.02823	0.04957	0.02264	0.05045	0.02411	0.02178	0.01419	0.49744	0.03201	0.11471	0.01969	0.01981	0.01389	0.00914	0.00753	0.00229	0.00816	0.00696	0.04487	0.01254
14	0.01568	0.01519	0.02177	0.10758	0.02344	0.02061	0.01629	0.01784	0.01265	0.01888	0.01421	0.08490	0.01451	0.01588	0.05247	0.00368	0.52407	0.00831	0.00379	0.00822
15	0.01838	0.01852	0.02207	0.21163	0.02953	0.12269	0.01699	0.05283	0.01588	0.02096	0.01304	0.01879	0.01120	0.01287	0.04876	0.00328	0.31120	0.00665	0.03603	0.00871
16	0.01899	0.01845	0.02961	0.08744	0.57852	0.04672	0.02272	0.02347	0.01771	0.02460	0.01572	0.02240	0.01364	0.00772	0.00780	0.00237	0.00939	0.03712	0.00398	0.01165
17	0.01321	0.00895	0.01040	0.00986	0.01060	0.00931	0.00628	0.07530	0.01381	0.01857	0.02282	0.04397	0.02496	0.55064	0.09553	0.05619	0.00877	0.01029	0.00487	0.00566
18	0.02355	0.01630	0.01966	0.01729	0.06213	0.01746	0.01301	0.23027	0.09211	0.14010	0.02110	0.02340	0.01618	0.05123	0.04465	0.00312	0.07818	0.00737	0.03919	0.08371
19	0.01837	0.50309	0.09403	0.01358	0.01972	0.02483	0.01355	0.02267	0.05668	0.02077	0.06075	0.04724	0.05920	0.00903	0.00610	0.00196	0.00773	0.00667	0.00433	0.00971
20	0.03363	0.01335	0.01778	0.01370	0.01953	0.01183	0.01130	0.06706	0.02263	0.62459	0.02977	0.02612	0.01893	0.00956	0.00769	0.00237	0.00656	0.00773	0.04293	0.01293
21	0.01824	0.01745	0.02975	0.18633	0.54786	0.01817	0.02332	0.02296	0.01720	0.02417	0.01442	0.01950	0.01187	0.00709	0.00769	0.00236	0.00945	0.00690	0.00376	0.01151
22	0.06377	0.01998	0.02163	0.01684	0.02281	0.02185	0.01385	0.50110	0.08544	0.12217	0.02074	0.02011	0.01454	0.00934	0.00764	0.00236	0.00799	0.00710	0.00785	0.01289
23	0.00945	0.00675	0.00900	0.01080	0.01125	0.00630	0.00720	0.01080	0.01484	0.01979	0.04274	0.72245	0.05128	0.02429	0.00990	0.00315	0.00450	0.02204	0.00720	0.00630
24	0.00945	0.00675	0.00900	0.01080	0.01125	0.00630	0.00720	0.01080	0.01484	0.01979	0.04274	0.72245	0.05128	0.02429	0.00990	0.00315	0.00450	0.02204	0.00720	0.00630
25	0.01069	0.00791	0.01005	0.01049	0.01189	0.00753	0.00749	0.01431	0.05678	0.02557	0.32168	0.35753	0.08978	0.01954	0.00941	0.00278	0.00420	0.01745	0.00783	0.00711
26	0.04581	0.04368	0.02338	0.01929	0.05933	0.09425	0.04539	0.31322	0.13316	0.11261	0.02059	0.02050	0.01491	0.00899	0.00760	0.00234	0.00870	0.00710	0.00697	0.01218
27	0.01182	0.00855	0.01046	0.01012	0.01028	0.00939	0.00651	0.01232	0.01148	0.01575	0.02257	0.04496	0.02535	0.57685	0.11614	0.00769	0.07944	0.01048	0.00450	0.00534
28	0.00919	0.00775	0.00796	0.00813	0.01054	0.00652	0.00601	0.01110	0.01741	0.02084	0.07522	0.13480	0.61796	0.02007	0.00923	0.00267	0.00398	0.01689	0.00720	0.00652
29	0.07140	0.01666	0.01878	0.09691	0.02403	0.04470	0.01278	0.18039	0.08670	0.13509	0.02042	0.05146	0.01572	0.00896	0.00719	0.00216	0.00745	0.00715	0.00645	0.18561
30	0.02842	0.02078	0.02115	0.01696	0.02257	0.08617	0.01372	0.37170	0.15114	0.15216	0.02247	0.02145	0.01589	0.00946	0.00771	0.00236	0.00828	0.00727	0.00773	0.01261
31	0.02170	0.61576	0.03753	0.01392	0.02040	0.02938	0.01340	0.09886	0.04728	0.02251	0.01264	0.01391	0.01095	0.00713	0.00544	0.00178	0.00822	0.00469	0.00405	0.01044
32	0.01779	0.10143	0.02425	0.21776	0.05078	0.04272	0.01645	0.05007	0.05714	0.02237	0.01376	0.01817	0.01144	0.00912	0.01190	0.00244	0.19949	0.00626	0.00409	0.12256

[dist]
# distance from previous block
# <min> <max>
3	5

[block]
# block no. 4 follows, 25 sequences, length 8
# corresponding to MSA columns:
# 181-188
name=unknown_E
#
# <colnr> <probs for GDERKNQSTAVLIFYWHMCP>
#	G	D	E	R	K	N	Q	S	T	A	V	L	I	F	Y	W	H	M	C	P
0	0.00969	0.00685	0.00893	0.01049	0.01088	0.00646	0.00687	0.01086	0.01437	0.01917	0.04032	0.63395	0.04824	0.11694	0.01379	0.00372	0.00490	0.02062	0.00687	0.00609
1	0.01537	0.01339	0.01772	0.01572	0.01617	0.01731	0.01238	0.04202	0.01338	0.02009	0.01774	0.08685	0.01860	0.16757	0.02465	0.00408	0.40946	0.00913	0.07083	0.00756
2	0.06524	0.01933	0.01923	0.19735	0.05159	0.19182	0.01477	0.05426	0.07142	0.02227	0.01674	0.06889	0.01478	0.01212	0.01140	0.10874	0.03962	0.00745	0.00452	0.00847
3	0.02013	0.01572	0.01874	0.01599	0.01904	0.01813	0.01277	0.29918	0.02409	0.03302	0.05846	0.18161	0.02491	0.01700	0.05467	0.00337	0.15586	0.01084	0.00653	0.00992
4	0.00935	0.00711	0.00862	0.00983	0.01099	0.00638	0.00677	0.01090	0.01577	0.02017	0.05446	0.51039	0.25577	0.02277	0.00966	0.00298	0.00431	0.02018	0.00720	0.00638
5	0.00979	0.00717	0.00925	0.01061	0.01157	0.00663	0.00747	0.01160	0.01606	0.02117	0.10007	0.52904	0.13486	0.02274	0.00980	0.00305	0.00457	0.07074	0.00730	0.00649
6	0.01791	0.01722	0.02217	0.11939	0.02468	0.06307	0.01642	0.05760	0.01487	0.02151	0.01257	0.01841	0.01117	0.01175	0.01901	0.00299	0.46657	0.00674	0.06726	0.00871
7	0.01704	0.01470	0.01789	0.01393	0.01882	0.01420	0.01123	0.07725	0.01697	0.02564	0.01550	0.06649	0.01418	0.00907	0.01046	0.00188	0.15817	0.00652	0.00481	0.48524

[dist]
# distance from previous block
# <min> <max>
3	12

[block]
# block no. 5 follows, 25 sequences, length 67
# corresponding to MSA columns:
# 201-249,251-268
name=unknown_F
#
# <colnr> <probs for GDERKNQSTAVLIFYWHMCP>
#	G	D	E	R	K	N	Q	S	T	A	V	L	I	F	Y	W	H	M	C	P
0	0.02383	0.01766	0.01928	0.01568	0.02056	0.01910	0.01255	0.43728	0.07228	0.04041	0.02398	0.15130	0.02116	0.01200	0.00798	0.00242	0.00730	0.00981	0.03474	0.05069
1	0.01828	0.01737	0.02893	0.17909	0.51115	0.01824	0.02261	0.02409	0.05815	0.02467	0.01550	0.02010	0.01261	0.00731	0.00770	0.00238	0.00924	0.00702	0.00401	0.01154
2	0.02630	0.10056	0.08550	0.01388	0.02048	0.01391	0.01266	0.02995	0.01960	0.37551	0.05311	0.02311	0.01811	0.00853	0.00706	0.00206	0.00696	0.00680	0.00716	0.16875
3	0.00951	0.00686	0.00901	0.01061	0.01123	0.00636	0.00714	0.01101	0.01534	0.02043	0.07683	0.65827	0.08143	0.02364	0.00982	0.00309	0.00443	0.02137	0.00727	0.00636
4	0.01002	0.00701	0.00937	0.01082	0.01132	0.00676	0.00735	0.01123	0.01430	0.01913	0.03836	0.56015	0.04525	0.08884	0.05676	0.03829	0.00601	0.04633	0.00661	0.00610
5	0.02016	0.65622	0.11160	0.01424	0.02140	0.02929	0.01495	0.02336	0.01582	0.01893	0.01112	0.01287	0.00994	0.00671	0.00524	0.00175	0.00864	0.00432	0.00331	0.01012
6	0.01665	0.01431	0.01505	0.01374	0.01762	0.01591	0.01062	0.03331	0.49238	0.02976	0.06731	0.04048	0.17444	0.01281	0.00823	0.00262	0.00554	0.01070	0.00776	0.01077
7	0.03109	0.01741	0.02029	0.01563	0.02155	0.01786	0.01289	0.36045	0.02943	0.32136	0.02406	0.02242	0.01607	0.00942	0.00767	0.00233	0.00748	0.00734	0.04232	0.01293
8	0.00968	0.00764	0.00872	0.00894	0.01091	0.00669	0.00652	0.01193	0.01815	0.02324	0.22014	0.20559	0.39503	0.01966	0.00931	0.00268	0.00398	0.01696	0.00753	0.00669
9	0.56072	0.01631	0.01436	0.01215	0.01727	0.01849	0.00998	0.14954	0.04714	0.07080	0.01428	0.01522	0.01058	0.00789	0.00568	0.00240	0.00654	0.00514	0.00577	0.00977
10	0.03374	0.01487	0.01903	0.01459	0.02063	0.01388	0.01205	0.15889	0.02500	0.55944	0.02823	0.02486	0.01801	0.00954	0.00779	0.00238	0.00698	0.00764	0.00923	0.01319
11	0.01108	0.00831	0.01246	0.01246	0.01385	0.00969	0.00969	0.01385	0.01246	0.01800	0.02077	0.03046	0.01938	0.05815	0.69678	0.01246	0.02077	0.00831	0.00415	0.00692
12	0.01121	0.00749	0.00944	0.00956	0.01103	0.00704	0.00694	0.01427	0.01906	0.02776	0.39210	0.22496	0.05773	0.01679	0.00866	0.00251	0.00387	0.01486	0.14770	0.00704
13	0.01927	0.01902	0.03742	0.02919	0.07453	0.01934	0.41966	0.02438	0.01734	0.07714	0.01653	0.02247	0.01307	0.00859	0.01210	0.00275	0.14574	0.02677	0.00437	0.01032
14	0.01955	0.01237	0.03286	0.01215	0.01562	0.01195	0.01000	0.16233	0.02191	0.11597	0.06468	0.10455	0.02689	0.01239	0.00754	0.00238	0.00580	0.07560	0.27607	0.00936
15	0.58224	0.01879	0.05263	0.04474	0.04307	0.08389	0.02990	0.02365	0.01464	0.03138	0.01150	0.01378	0.00895	0.00728	0.00552	0.00237	0.00760	0.00472	0.00451	0.00883
16	0.01755	0.01731	0.03030	0.13334	0.34320	0.01870	0.12512	0.02200	0.01626	0.02299	0.01438	0.02006	0.01205	0.01120	0.05404	0.00320	0.11667	0.00735	0.00375	0.01055
17	0.01838	0.01371	0.01631	0.01177	0.01855	0.01047	0.00946	0.02177	0.01683	0.10654	0.01585	0.01735	0.01243	0.00622	0.00600	0.00130	0.00585	0.00499	0.00521	0.68100
18	0.01671	0.01675	0.02447	0.02070	0.02122	0.02270	0.05649	0.01870	0.01241	0.01910	0.01199	0.04895	0.01213	0.01361	0.02372	0.00333	0.63728	0.00762	0.00360	0.00851
19	0.01031	0.00776	0.01044	0.01141	0.01208	0.00789	0.00804	0.01210	0.01566	0.02142	0.13900	0.54072	0.05052	0.02333	0.03474	0.00338	0.05840	0.01915	0.00702	0.00664
20	0.11682	0.01339	0.01727	0.01340	0.01927	0.01205	0.01107	0.03614	0.02120	0.61321	0.02842	0.02488	0.01801	0.00933	0.00747	0.00240	0.00653	0.00740	0.00907	0.01267
21	0.01707	0.00926	0.01203	0.01159	0.01395	0.00861	0.00860	0.02007	0.04634	0.19636	0.11007	0.30984	0.06330	0.08238	0.01188	0.00325	0.00545	0.05376	0.00778	0.00841
22	0.01737	0.02204	0.11292	0.02947	0.03708	0.01877	0.51736	0.02370	0.01780	0.02432	0.01924	0.02365	0.05336	0.00773	0.00959	0.00263	0.03955	0.00914	0.00404	0.01024
23	0.00953	0.00755	0.00858	0.00899	0.01087	0.00660	0.00649	0.01159	0.01754	0.02222	0.16269	0.25660	0.40260	0.02036	0.00937	0.00274	0.00405	0.01761	0.00741	0.00660
24	0.01128	0.00752	0.00846	0.00846	0.00846	0.00752	0.00470	0.01128	0.01128	0.01503	0.02443	0.05074	0.02819	0.72751	0.03946	0.00752	0.00752	0.01128	0.00470	0.00470
25	0.07161	0.02123	0.02687	0.07165	0.21838	0.14720	0.11690	0.07515	0.05629	0.02659	0.01577	0.01917	0.01251	0.00787	0.00806	0.00234	0.03319	0.00684	0.05186	0.01051
26	0.01712	0.01612	0.02719	0.18951	0.46773	0.01683	0.02147	0.02149	0.01687	0.02350	0.01750	0.09670	0.01613	0.00900	0.00794	0.00246	0.00894	0.00857	0.00412	0.01082
27	0.01231	0.00879	0.01228	0.01406	0.01577	0.00876	0.01217	0.01574	0.01766	0.02299	0.04116	0.12673	0.04503	0.02160	0.01066	0.00354	0.00698	0.58954	0.00714	0.00709
28	0.01836	0.01698	0.02731	0.03944	0.53060	0.01696	0.02043	0.06363	0.01907	0.02659	0.04811	0.02722	0.09331	0.00892	0.00791	0.00235	0.00832	0.00831	0.00468	0.01147
29	0.01490	0.01405	0.02372	0.67114	0.08910	0.01729	0.02166	0.02004	0.01563	0.02013	0.01383	0.02059	0.01045	0.00770	0.00775	0.00257	0.01027	0.00689	0.00347	0.00882
30	0.01033	0.00760	0.01007	0.04233	0.01354	0.00738	0.00805	0.03237	0.01568	0.02079	0.04188	0.64517	0.06991	0.02289	0.00970	0.00308	0.00487	0.02067	0.00705	0.00664
31	0.04282	0.01777	0.02494	0.40115	0.21446	0.09290	0.02077	0.02215	0.01655	0.02163	0.01353	0.01910	0.01075	0.00781	0.00837	0.00248	0.04295	0.00659	0.00365	0.00962
32	0.01127	0.00868	0.01211	0.01490	0.08505	0.00849	0.00956	0.01332	0.01517	0.02023	0.03855	0.34816	0.10127	0.10762	0.08277	0.00452	0.00732	0.09784	0.00622	0.00697
33	0.01673	0.01430	0.02282	0.20797	0.32824	0.01507	0.01816	0.02120	0.01670	0.02478	0.01698	0.02185	0.01362	0.00761	0.00707	0.00221	0.00800	0.00690	0.19246	0.03732
34	0.01608	0.01378	0.01608	0.01148	0.01837	0.01034	0.00919	0.01952	0.01608	0.02527	0.01378	0.01608	0.01148	0.00574	0.00574	0.00115	0.00574	0.00459	0.00459	0.77491
35	0.02766	0.03448	0.02324	0.02366	0.11145	0.60585	0.01616	0.03000	0.02140	0.01982	0.01233	0.01468	0.01029	0.00785	0.00708	0.00204	0.01335	0.00525	0.00397	0.00943
36	0.01133	0.00845	0.01060	0.01095	0.01271	0.00775	0.00785	0.04091	0.01729	0.02355	0.13718	0.45551	0.08814	0.02007	0.00925	0.00278	0.00473	0.03898	0.00716	0.08480
37	0.00941	0.00689	0.00885	0.01042	0.01115	0.00633	0.00703	0.01084	0.01520	0.01994	0.04726	0.64066	0.13015	0.02370	0.00980	0.00308	0.00443	0.02133	0.00720	0.00633
38	0.01929	0.01666	0.01753	0.01578	0.02016	0.01929	0.01227	0.04120	0.66513	0.03243	0.03156	0.02893	0.02367	0.01052	0.00789	0.00263	0.00614	0.00877	0.00789	0.01227
39	0.01387	0.00728	0.00745	0.00745	0.00893	0.00728	0.00529	0.01682	0.01535	0.02637	0.02514	0.03290	0.02140	0.14057	0.01165	0.00285	0.00433	0.00797	0.63034	0.00676
40	0.02800	0.03525	0.02247	0.02121	0.05282	0.63658	0.01546	0.03010	0.02133	0.01924	0.01202	0.01435	0.01010	0.00819	0.00784	0.00207	0.04473	0.00516	0.00396	0.00911
41	0.02033	0.01792	0.01807	0.01610	0.02057	0.05199	0.01254	0.07563	0.59845	0.03273	0.02988	0.02762	0.02242	0.01033	0.00784	0.00258	0.00665	0.00848	0.00770	0.01217
42	0.00945	0.00675	0.00900	0.01080	0.01125	0.00630	0.00720	0.01080	0.01484	0.01979	0.04274	0.72245	0.05128	0.02429	0.00990	0.00315	0.00450	0.02204	0.00720	0.00630
43	0.00944	0.00739	0.00859	0.00950	0.01108	0.00654	0.00679	0.01119	0.01637	0.02051	0.06028	0.37567	0.35828	0.02187	0.00957	0.00291	0.00433	0.04603	0.00720	0.00646
44	0.02254	0.02620	0.01756	0.01639	0.01973	0.42929	0.01241	0.02600	0.06082	0.02096	0.02552	0.05038	0.09941	0.01322	0.03855	0.00270	0.01115	0.04298	0.05570	0.00849
45	0.23550	0.01552	0.01686	0.01344	0.01889	0.01606	0.01106	0.19336	0.02308	0.29802	0.02172	0.02077	0.01473	0.00883	0.00681	0.00234	0.00674	0.00657	0.05821	0.01149
46	0.00945	0.00675	0.00900	0.01080	0.01125	0.00630	0.00720	0.01080	0.01484	0.01979	0.04274	0.72245	0.05128	0.02429	0.00990	0.00315	0.00450	0.02204	0.00720	0.00630
47	0.01086	0.00792	0.01021	0.00964	0.01151	0.00727	0.00723	0.01442	0.02168	0.03047	0.63816	0.05895	0.11044	0.01609	0.00915	0.00245	0.00367	0.01417	0.00845	0.00727
48	0.01745	0.01721	0.02653	0.39308	0.30709	0.06270	0.02202	0.02218	0.01681	0.02201	0.01399	0.01962	0.01111	0.00742	0.00767	0.00243	0.01012	0.00677	0.00364	0.01014
49	0.01358	0.01084	0.01511	0.05961	0.01735	0.01319	0.01131	0.04790	0.01387	0.02012	0.01886	0.02880	0.01773	0.11458	0.37800	0.00843	0.14722	0.00812	0.04793	0.00742
50	0.01916	0.01677	0.01726	0.01291	0.01940	0.08558	0.01026	0.06154	0.01828	0.05573	0.01465	0.01647	0.01178	0.00638	0.00610	0.00137	0.00685	0.00493	0.00495	0.60964
51	0.02769	0.02049	0.02196	0.01710	0.02279	0.02268	0.01393	0.57584	0.07066	0.04569	0.01974	0.02133	0.01478	0.05694	0.00986	0.00269	0.00833	0.00737	0.00756	0.01257
52	0.07434	0.01762	0.01936	0.01696	0.05096	0.01935	0.01293	0.35213	0.14290	0.06191	0.02359	0.09807	0.01940	0.01092	0.00771	0.00245	0.00724	0.00881	0.04172	0.01164
53	0.01719	0.04853	0.02117	0.06074	0.02062	0.06453	0.01430	0.04656	0.01416	0.01978	0.01371	0.02262	0.01352	0.12588	0.04667	0.00399	0.39112	0.00722	0.00391	0.04375
54	0.02895	0.02146	0.02298	0.01773	0.02385	0.02380	0.01461	0.62189	0.06870	0.04802	0.01928	0.01914	0.01372	0.00937	0.00776	0.00234	0.00841	0.00707	0.00776	0.01314
55	0.00981	0.00767	0.00889	0.00902	0.01098	0.00675	0.00660	0.01222	0.01856	0.02407	0.26825	0.18848	0.36250	0.01925	0.00929	0.00266	0.00394	0.01664	0.00764	0.00675
56	0.02028	0.07474	0.02063	0.01534	0.01950	0.01509	0.08075	0.16561	0.02117	0.13324	0.02845	0.17970	0.05751	0.06200	0.06620	0.00366	0.00851	0.01127	0.00662	0.00972
57	0.01284	0.01032	0.01132	0.01193	0.01315	0.05551	0.00832	0.06945	0.01676	0.02175	0.03536	0.50383	0.04086	0.09093	0.05562	0.00400	0.00682	0.01765	0.00660	0.00698
58	0.10867	0.01326	0.01477	0.01206	0.01654	0.01347	0.00977	0.16751	0.02238	0.24630	0.02392	0.02399	0.01689	0.00908	0.00665	0.00218	0.00595	0.00702	0.26896	0.01062
59	0.01913	0.02031	0.02520	0.37269	0.21663	0.17196	0.02066	0.02343	0.01756	0.02112	0.01359	0.01875	0.01079	0.00758	0.00756	0.00237	0.01086	0.00646	0.00368	0.00969
60	0.01942	0.03135	0.37403	0.02415	0.03339	0.06313	0.20525	0.05442	0.01867	0.07888	0.01586	0.01844	0.01130	0.00744	0.00791	0.00246	0.01157	0.00689	0.00422	0.01122
61	0.01113	0.00785	0.00999	0.00980	0.01161	0.00714	0.00722	0.01412	0.02006	0.04655	0.45821	0.18097	0.15087	0.01774	0.00925	0.00259	0.00393	0.01563	0.00814	0.00719
62	0.01111	0.00759	0.00865	0.00858	0.00897	0.00743	0.00510	0.01168	0.01299	0.01739	0.10805	0.05313	0.07457	0.59515	0.03382	0.00658	0.00681	0.01193	0.00533	0.00514
63	0.02177	0.18020	0.05665	0.08504	0.11735	0.20849	0.01688	0.07422	0.01885	0.02232	0.01325	0.01674	0.01118	0.01118	0.05105	0.00283	0.07230	0.00580	0.00400	0.00990
64	0.02073	0.73217	0.04063	0.01327	0.01990	0.03068	0.01327	0.02322	0.01575	0.01824	0.01078	0.01244	0.00995	0.00663	0.00498	0.00166	0.00829	0.00415	0.00332	0.00995
65	0.02621	0.01292	0.01665	0.01396	0.01857	0.01229	0.01157	0.12503	0.02348	0.36361	0.11931	0.04183	0.03080	0.01279	0.00856	0.00263	0.00660	0.13334	0.00867	0.01117
66	0.00969	0.00774	0.00868	0.00874	0.01087	0.00673	0.00644	0.01204	0.01849	0.02357	0.23708	0.15080	0.43340	0.01918	0.00925	0.00264	0.00392	0.01643	0.00756	0.00673

[dist]
# distance from previous block
# <min> <max>
0	1

[block]
# block no. 6 follows, 25 sequences, length 34
# corresponding to MSA columns:
# 270-303
name=unknown_G
#
# <colnr> <probs for GDERKNQSTAVLIFYWHMCP>
#	G	D	E	R	K	N	Q	S	T	A	V	L	I	F	Y	W	H	M	C	P
0	0.01863	0.01737	0.02847	0.10848	0.52465	0.01789	0.02178	0.04995	0.04484	0.02576	0.01696	0.05930	0.01479	0.00822	0.00782	0.00239	0.00890	0.00784	0.00432	0.01162
1	0.00941	0.00688	0.00886	0.01044	0.01115	0.00633	0.00704	0.01084	0.01519	0.01993	0.04706	0.64424	0.12669	0.02373	0.00981	0.00308	0.00443	0.02136	0.00720	0.00633
2	0.67508	0.01648	0.04565	0.04264	0.01806	0.01773	0.01028	0.05203	0.01454	0.03426	0.01145	0.01342	0.00878	0.00733	0.00519	0.00241	0.00658	0.00452	0.00480	0.00878
3	0.01151	0.00790	0.01018	0.00988	0.01155	0.00728	0.00720	0.01448	0.01997	0.05043	0.48767	0.15712	0.09032	0.06601	0.01130	0.00290	0.00416	0.01492	0.00805	0.00715
4	0.05772	0.01725	0.09183	0.01829	0.09455	0.01510	0.03578	0.17910	0.02338	0.07838	0.19011	0.03361	0.08131	0.01112	0.00799	0.00239	0.00703	0.00938	0.03538	0.01031
5	0.01384	0.01134	0.01365	0.01107	0.01577	0.00898	0.00846	0.01685	0.01668	0.02492	0.11942	0.17943	0.02959	0.01138	0.00718	0.00179	0.00515	0.00989	0.00576	0.48884
6	0.02607	0.08953	0.05131	0.01947	0.02418	0.50045	0.03958	0.03118	0.10511	0.02113	0.01467	0.01618	0.01183	0.00813	0.00705	0.00210	0.01236	0.00561	0.00442	0.00965
7	0.01857	0.01492	0.01629	0.01455	0.01855	0.01671	0.01132	0.05577	0.48916	0.05886	0.16074	0.03433	0.03312	0.01152	0.00813	0.00257	0.00573	0.00973	0.00808	0.01134
8	0.02519	0.02726	0.02348	0.05694	0.09720	0.36843	0.05739	0.10801	0.02245	0.05502	0.01975	0.02147	0.06553	0.00896	0.00756	0.00221	0.01135	0.00689	0.00495	0.00996
9	0.02051	0.01702	0.01815	0.01602	0.02054	0.01945	0.01267	0.13606	0.52982	0.03450	0.03006	0.03060	0.02320	0.01094	0.00803	0.00264	0.00657	0.04328	0.00783	0.01213
10	0.01114	0.00756	0.00840	0.00837	0.00888	0.00737	0.00500	0.01173	0.01282	0.01718	0.05967	0.05310	0.11434	0.56920	0.03253	0.00638	0.00669	0.01186	0.04257	0.00518
11	0.02896	0.03695	0.02197	0.01998	0.02397	0.69638	0.01498	0.03096	0.02197	0.01898	0.01199	0.01398	0.00999	0.00799	0.00699	0.00200	0.01398	0.00499	0.00400	0.00899
12	0.00972	0.00788	0.00863	0.00844	0.01082	0.00678	0.00633	0.01221	0.01900	0.02409	0.26335	0.06945	0.48922	0.01846	0.00916	0.00256	0.00384	0.01564	0.00761	0.00678
13	0.00995	0.00711	0.00956	0.01125	0.01195	0.00672	0.00796	0.01171	0.01558	0.02076	0.06915	0.60322	0.05125	0.02352	0.00998	0.00318	0.00484	0.10860	0.00725	0.00646
14	0.00935	0.00786	0.00811	0.00805	0.01059	0.00662	0.00604	0.01149	0.01811	0.02199	0.14001	0.07290	0.61388	0.01925	0.00916	0.00260	0.00390	0.01612	0.00734	0.00662
15	0.01613	0.01598	0.01916	0.11509	0.10675	0.12289	0.01476	0.01908	0.01517	0.01958	0.01793	0.07849	0.01702	0.02787	0.25736	0.00615	0.10984	0.00830	0.00413	0.00833
16	0.71067	0.01459	0.01168	0.01036	0.01509	0.01665	0.00850	0.02319	0.01403	0.06730	0.04109	0.01529	0.01180	0.00770	0.00514	0.00240	0.00592	0.00481	0.00520	0.00859
17	0.01214	0.04450	0.01284	0.01146	0.01312	0.01025	0.00895	0.01492	0.01322	0.01973	0.02117	0.03011	0.01934	0.07415	0.51937	0.00993	0.01672	0.00804	0.13301	0.00704
18	0.01445	0.00723	0.00723	0.00723	0.00903	0.00723	0.00542	0.01807	0.01626	0.02891	0.02529	0.02891	0.01987	0.00903	0.00542	0.00181	0.00361	0.00723	0.77055	0.00723
19	0.01070	0.00774	0.00986	0.01113	0.01203	0.00743	0.00762	0.05153	0.01633	0.02168	0.04261	0.65245	0.07335	0.02316	0.00973	0.00308	0.00473	0.02087	0.00723	0.00674
20	0.01699	0.07624	0.46735	0.01887	0.02792	0.01686	0.02257	0.02495	0.04771	0.07924	0.10702	0.02325	0.01997	0.00882	0.00752	0.00241	0.00954	0.00708	0.00473	0.01097
21	0.21771	0.02424	0.01776	0.01608	0.01964	0.32607	0.01248	0.05191	0.01798	0.02412	0.01340	0.01695	0.01140	0.01711	0.12994	0.00406	0.06060	0.00559	0.00435	0.00862
22	0.01981	0.01960	0.03087	0.04584	0.63762	0.06139	0.02324	0.02425	0.01793	0.02493	0.01442	0.01886	0.01214	0.00698	0.00763	0.00228	0.00951	0.00679	0.00385	0.01207
23	0.01058	0.00746	0.00905	0.00947	0.01007	0.00734	0.00609	0.01156	0.01338	0.01782	0.06203	0.21889	0.09835	0.37951	0.09888	0.00626	0.00768	0.01426	0.00567	0.00563
24	0.08306	0.13203	0.12964	0.07801	0.19821	0.14603	0.01898	0.05030	0.04995	0.02459	0.01405	0.01680	0.01125	0.00750	0.00688	0.00222	0.00995	0.00583	0.00410	0.01063
25	0.01961	0.48184	0.21335	0.01760	0.05592	0.05477	0.01799	0.02393	0.01628	0.02032	0.01186	0.01389	0.01003	0.00690	0.00584	0.00192	0.00943	0.00474	0.00336	0.01043
26	0.03479	0.01320	0.01799	0.01380	0.01979	0.01140	0.01140	0.03779	0.02219	0.68451	0.03059	0.02639	0.01919	0.00960	0.00780	0.00240	0.00660	0.00780	0.00960	0.01320
27	0.01380	0.01325	0.01256	0.01357	0.05083	0.12957	0.00912	0.01592	0.01794	0.02203	0.16149	0.26186	0.16680	0.06248	0.01084	0.00294	0.00636	0.01485	0.00654	0.00725
28	0.26231	0.11309	0.21199	0.02059	0.09833	0.02005	0.06937	0.07400	0.01719	0.02908	0.01312	0.01554	0.01009	0.00726	0.00646	0.00232	0.00897	0.00556	0.00424	0.01044
29	0.01049	0.00726	0.00957	0.01098	0.01156	0.00699	0.00768	0.01177	0.01453	0.01927	0.03788	0.46168	0.04431	0.14407	0.01609	0.04181	0.00559	0.12587	0.00657	0.00603
30	0.00985	0.00739	0.00918	0.01003	0.01139	0.00671	0.00719	0.01195	0.01716	0.02255	0.17892	0.38767	0.21483	0.02124	0.00960	0.00289	0.00433	0.05302	0.00746	0.00661
31	0.07952	0.12410	0.19453	0.02022	0.06211	0.26800	0.01824	0.10104	0.02055	0.02537	0.01317	0.01513	0.01033	0.00769	0.00679	0.00216	0.01109	0.00536	0.00422	0.01039
32	0.05251	0.01622	0.02744	0.29401	0.34246	0.01753	0.06127	0.02192	0.01685	0.02389	0.04201	0.02119	0.01390	0.00760	0.00773	0.00244	0.00950	0.00722	0.00394	0.01039
33	0.01234	0.00888	0.01229	0.01399	0.01581	0.00882	0.01220	0.01584	0.01784	0.02310	0.04274	0.08688	0.07309	0.02134	0.01064	0.00353	0.00699	0.59942	0.00714	0.00711

[dist]
# distance from previous block
# <min> <max>
0	1

[block]
# block no. 7 follows, 25 sequences, length 56
# corresponding to MSA columns:
# 305-360
name=unknown_H
#
# <colnr> <probs for GDERKNQSTAVLIFYWHMCP>
#	G	D	E	R	K	N	Q	S	T	A	V	L	I	F	Y	W	H	M	C	P
0	0.18602	0.05362	0.04829	0.05681	0.10700	0.02164	0.01537	0.35196	0.02627	0.03896	0.01564	0.01714	0.01162	0.00827	0.00697	0.00233	0.00828	0.00620	0.00602	0.01159
1	0.04597	0.11046	0.54730	0.02204	0.05678	0.01938	0.04579	0.02433	0.01629	0.02433	0.01355	0.01606	0.00994	0.00724	0.00708	0.00237	0.01088	0.00566	0.00338	0.01118
2	0.01223	0.00835	0.00965	0.00936	0.00983	0.00862	0.00573	0.04578	0.01274	0.01714	0.02375	0.04700	0.02651	0.62223	0.10353	0.00773	0.00890	0.01075	0.00481	0.00537
3	0.47079	0.02025	0.01697	0.01710	0.09252	0.14549	0.01208	0.09508	0.01795	0.03234	0.01232	0.01427	0.00967	0.00755	0.00586	0.00230	0.00814	0.00496	0.00487	0.00948
4	0.01378	0.00736	0.00784	0.00772	0.00953	0.00724	0.00579	0.01740	0.01736	0.02933	0.15133	0.03453	0.03021	0.01036	0.00614	0.00193	0.00362	0.00854	0.62274	0.00724
5	0.01681	0.01477	0.01486	0.01333	0.01577	0.11894	0.03235	0.11263	0.02055	0.02636	0.21141	0.13346	0.03809	0.14867	0.01523	0.03354	0.00733	0.01167	0.00643	0.00779
6	0.01718	0.01375	0.01619	0.01162	0.01846	0.01040	0.00932	0.02060	0.01644	0.06420	0.01477	0.01669	0.01194	0.00597	0.00586	0.00122	0.00579	0.00478	0.00489	0.72992
7	0.02073	0.73217	0.04063	0.01327	0.01990	0.03068	0.01327	0.02322	0.01575	0.01824	0.01078	0.01244	0.00995	0.00663	0.00498	0.00166	0.00829	0.00415	0.00332	0.00995
8	0.02848	0.03398	0.02188	0.01948	0.02376	0.57748	0.01480	0.10629	0.05994	0.02332	0.01388	0.01538	0.01114	0.00829	0.00713	0.00207	0.01289	0.00544	0.00467	0.00968
9	0.01097	0.00793	0.01036	0.00975	0.01158	0.00732	0.00732	0.01463	0.02195	0.03109	0.67505	0.05792	0.07316	0.01585	0.00914	0.00244	0.00366	0.01402	0.00854	0.00732
10	0.02359	0.01879	0.01995	0.01665	0.02180	0.02129	0.01331	0.29957	0.39976	0.03937	0.02609	0.02458	0.01924	0.01001	0.00783	0.00250	0.00715	0.00801	0.00783	0.01266
11	0.01108	0.00831	0.01246	0.01246	0.01385	0.00969	0.00969	0.01385	0.01246	0.01800	0.02077	0.03046	0.01938	0.05815	0.69678	0.01246	0.02077	0.00831	0.00415	0.00692
12	0.02896	0.03695	0.02197	0.01998	0.02397	0.69638	0.01498	0.03096	0.02197	0.01898	0.01199	0.01398	0.00999	0.00799	0.00699	0.00200	0.01398	0.00499	0.00400	0.00899
13	0.01929	0.01666	0.01753	0.01578	0.02016	0.01929	0.01227	0.04120	0.66513	0.03243	0.03156	0.02893	0.02367	0.01052	0.00789	0.00263	0.00614	0.00877	0.00789	0.01227
14	0.00963	0.00783	0.00856	0.00869	0.01097	0.00676	0.00653	0.01188	0.01812	0.02255	0.16722	0.12442	0.50201	0.01950	0.00929	0.00268	0.00408	0.04520	0.00741	0.00667
15	0.00945	0.00675	0.00900	0.01080	0.01125	0.00630	0.00720	0.01080	0.01484	0.01979	0.04274	0.72245	0.05128	0.02429	0.00990	0.00315	0.00450	0.02204	0.00720	0.00630
16	0.06063	0.45102	0.03437	0.02052	0.14796	0.09890	0.01517	0.02477	0.01694	0.04922	0.01250	0.01452	0.01073	0.00699	0.00583	0.00189	0.00890	0.00493	0.00384	0.01036
17	0.17953	0.01309	0.03589	0.01247	0.01699	0.01215	0.01025	0.02795	0.04306	0.33793	0.06296	0.02643	0.02007	0.04973	0.04074	0.07882	0.00710	0.00751	0.00720	0.01011
18	0.01017	0.00720	0.00948	0.01103	0.01163	0.00688	0.00770	0.01169	0.01484	0.01969	0.04000	0.53162	0.04712	0.11867	0.01401	0.00380	0.00532	0.11609	0.00685	0.00621
19	0.01754	0.01052	0.01096	0.00974	0.01237	0.01105	0.00745	0.16078	0.02034	0.03209	0.02370	0.02866	0.01915	0.07735	0.00918	0.00247	0.00509	0.00756	0.52565	0.00833
20	0.01869	0.01942	0.07154	0.08501	0.57213	0.01836	0.02347	0.02435	0.04522	0.02525	0.01522	0.01952	0.01250	0.00714	0.00767	0.00234	0.00929	0.00691	0.00395	0.01201
21	0.06533	0.01774	0.02941	0.11279	0.57473	0.01824	0.02262	0.02333	0.01716	0.02535	0.01427	0.01894	0.01185	0.00701	0.00751	0.00234	0.00913	0.00674	0.00386	0.01167
22	0.69766	0.01530	0.01272	0.04997	0.01766	0.01775	0.00949	0.05728	0.01460	0.03472	0.01139	0.01338	0.00877	0.00734	0.00513	0.00241	0.00638	0.00450	0.00488	0.00867
23	0.01527	0.01473	0.02625	0.47028	0.10979	0.01674	0.11689	0.02031	0.01621	0.02127	0.01696	0.06297	0.01453	0.00900	0.00821	0.00263	0.01018	0.03479	0.00393	0.00907
24	0.00945	0.00675	0.00900	0.01080	0.01125	0.00630	0.00720	0.01080	0.01484	0.01979	0.04274	0.72245	0.05128	0.02429	0.00990	0.00315	0.00450	0.02204	0.00720	0.00630
