[name]
unknown

[dist]
# distance from previous block
# <min> <max>
2	103

[block]
# block no. 0 follows, 30 sequences, length 39
# corresponding to MSA columns:
# 103-141
name=unknown_A
#
# <colnr> <probs for GDERKNQSTAVLIFYWHMCP>
#	G	D	E	R	K	N	Q	S	T	A	V	L	I	F	Y	W	H	M	C	P
0	0.01821	0.10400	0.06470	0.05183	0.04984	0.01889	0.01322	0.11304	0.42956	0.02823	0.02232	0.02169	0.01686	0.00848	0.00673	0.00221	0.00663	0.00687	0.00599	0.01069
1	0.01714	0.52328	0.25893	0.01453	0.02192	0.02389	0.01645	0.02129	0.01436	0.01827	0.01062	0.01235	0.00892	0.00619	0.00518	0.00173	0.00839	0.00420	0.00297	0.00940
2	0.08463	0.05794	0.63290	0.01867	0.02831	0.01653	0.02370	0.02192	0.01446	0.02273	0.01218	0.01431	0.00873	0.00659	0.00635	0.00218	0.00978	0.00499	0.00307	0.01002
3	0.07033	0.02094	0.15494	0.01556	0.02131	0.08748	0.03860	0.16928	0.12447	0.11185	0.06782	0.02040	0.01661	0.00819	0.00676	0.00211	0.00773	0.00650	0.00570	0.04341
4	0.04481	0.02319	0.27432	0.05446	0.02896	0.01593	0.22160	0.08912	0.01699	0.02472	0.01458	0.01886	0.01121	0.00697	0.00700	0.00216	0.00943	0.02849	0.03711	0.07009
5	0.04453	0.01528	0.02131	0.52801	0.04052	0.08132	0.04595	0.06863	0.01576	0.02033	0.01240	0.01750	0.00945	0.00728	0.00762	0.00229	0.04412	0.00604	0.00349	0.00815
6	0.04409	0.00827	0.01048	0.00963	0.01180	0.00784	0.02780	0.04141	0.01885	0.02643	0.46991	0.07510	0.16867	0.01447	0.00809	0.00228	0.00401	0.03701	0.00709	0.00678
7	0.00932	0.00703	0.00868	0.00934	0.01057	0.00663	0.00659	0.01224	0.05734	0.02102	0.19717	0.43205	0.15873	0.01866	0.00853	0.00258	0.00388	0.01660	0.00679	0.00625
8	0.01447	0.01240	0.01447	0.01034	0.01654	0.00930	0.00827	0.01757	0.01447	0.02274	0.01240	0.01447	0.01034	0.00517	0.00517	0.00103	0.00517	0.00413	0.00413	0.79742
9	0.01015	0.00677	0.00761	0.00761	0.00761	0.00677	0.00423	0.01015	0.01015	0.01353	0.02199	0.04567	0.02537	0.75476	0.03552	0.00677	0.00677	0.01015	0.00423	0.00423
10	0.01647	0.01882	0.04118	0.02941	0.03647	0.01765	0.68588	0.02235	0.01647	0.02235	0.01412	0.01882	0.01059	0.00588	0.00824	0.00235	0.01176	0.00824	0.00353	0.00941
11	0.00850	0.00607	0.00810	0.00972	0.01012	0.00567	0.00648	0.00972	0.01336	0.01781	0.03846	0.75020	0.04615	0.02186	0.00891	0.00283	0.00405	0.01984	0.00648	0.00567
12	0.01647	0.01882	0.04118	0.02941	0.03647	0.01765	0.68588	0.02235	0.01647	0.02235	0.01412	0.01882	0.01059	0.00588	0.00824	0.00235	0.01176	0.00824	0.00353	0.00941
13	0.01007	0.00673	0.00764	0.00772	0.00774	0.00671	0.00434	0.01013	0.01031	0.01374	0.02281	0.08081	0.02641	0.71820	0.03419	0.00657	0.00663	0.01063	0.00434	0.00430
14	0.01866	0.75896	0.03657	0.01194	0.01791	0.02761	0.01194	0.02090	0.01418	0.01642	0.00970	0.01119	0.00896	0.00597	0.00448	0.00149	0.00746	0.00373	0.00299	0.00896
15	0.01727	0.01658	0.02832	0.04283	0.71123	0.01658	0.02142	0.02142	0.01589	0.02280	0.01313	0.01727	0.01105	0.00622	0.00691	0.00207	0.00829	0.00622	0.00345	0.01105
16	0.01447	0.01240	0.01447	0.01034	0.01654	0.00930	0.00827	0.01757	0.01447	0.02274	0.01240	0.01447	0.01034	0.00517	0.00517	0.00103	0.00517	0.00413	0.00413	0.79742
17	0.00966	0.00711	0.00826	0.00822	0.01016	0.00623	0.00607	0.01183	0.01681	0.04795	0.25601	0.17119	0.38138	0.01698	0.00830	0.00238	0.00364	0.01462	0.00692	0.00629
18	0.02671	0.01211	0.01576	0.01196	0.01751	0.01026	0.00979	0.03007	0.04097	0.52305	0.02384	0.02155	0.01570	0.00781	0.00657	0.00189	0.00574	0.00634	0.00748	0.20490
19	0.02402	0.01711	0.01854	0.01450	0.01916	0.01870	0.01164	0.54816	0.02852	0.06737	0.01808	0.02183	0.01433	0.13188	0.01170	0.00287	0.00745	0.00695	0.00660	0.01060
20	0.01715	0.01984	0.03966	0.02860	0.03542	0.06776	0.63836	0.02274	0.01670	0.02198	0.01388	0.01838	0.01048	0.00597	0.00810	0.00231	0.01182	0.00797	0.00353	0.00932
21	0.00849	0.00708	0.00740	0.00732	0.00957	0.00599	0.00549	0.01048	0.01647	0.02020	0.16482	0.06494	0.61342	0.01717	0.00824	0.00233	0.00350	0.01442	0.00666	0.00599
22	0.01728	0.01647	0.02742	0.04077	0.66139	0.01664	0.02067	0.02254	0.06498	0.02326	0.01422	0.01790	0.01179	0.00645	0.00692	0.00209	0.00809	0.00634	0.00372	0.01105
23	0.00850	0.00715	0.00743	0.00756	0.00986	0.00607	0.00581	0.01039	0.01592	0.01902	0.06781	0.06814	0.65136	0.01781	0.00837	0.00243	0.00378	0.07016	0.00648	0.00594
24	0.03131	0.01188	0.01619	0.01242	0.01781	0.01026	0.01026	0.03401	0.01997	0.71606	0.02753	0.02375	0.01727	0.00864	0.00702	0.00216	0.00594	0.00702	0.00864	0.01188
25	0.01400	0.03610	0.71860	0.01989	0.03020	0.01621	0.02578	0.02210	0.01473	0.02210	0.01252	0.01473	0.00884	0.00663	0.00663	0.00221	0.01031	0.00516	0.00295	0.01031
26	0.01212	0.00606	0.00909	0.00909	0.00909	0.00606	0.00606	0.00909	0.00909	0.01212	0.01212	0.02121	0.01212	0.02424	0.02727	0.79697	0.00606	0.00606	0.00303	0.00303
27	0.02607	0.03326	0.01978	0.01798	0.02157	0.72674	0.01348	0.02787	0.01978	0.01708	0.01079	0.01258	0.00899	0.00719	0.00629	0.00180	0.01258	0.00449	0.00360	0.00809
28	0.01447	0.01240	0.01447	0.01034	0.01654	0.00930	0.00827	0.01757	0.01447	0.02274	0.01240	0.01447	0.01034	0.00517	0.00517	0.00103	0.00517	0.00413	0.00413	0.79742
29	0.01400	0.03610	0.71860	0.01989	0.03020	0.01621	0.02578	0.02210	0.01473	0.02210	0.01252	0.01473	0.00884	0.00663	0.00663	0.00221	0.01031	0.00516	0.00295	0.01031
30	0.01727	0.01658	0.02832	0.04283	0.71123	0.01658	0.02142	0.02142	0.01589	0.02280	0.01313	0.01727	0.01105	0.00622	0.00691	0.00207	0.00829	0.00622	0.00345	0.01105
31	0.01866	0.75896	0.03657	0.01194	0.01791	0.02761	0.01194	0.02090	0.01418	0.01642	0.00970	0.01119	0.00896	0.00597	0.00448	0.00149	0.00746	0.00373	0.00299	0.00896
32	0.00850	0.00607	0.00810	0.00972	0.01012	0.00567	0.00648	0.00972	0.01336	0.01781	0.03846	0.75020	0.04615	0.02186	0.00891	0.00283	0.00405	0.01984	0.00648	0.00567
33	0.00850	0.00607	0.00810	0.00972	0.01012	0.00567	0.00648	0.00972	0.01336	0.01781	0.03846	0.75020	0.04615	0.02186	0.00891	0.00283	0.00405	0.01984	0.00648	0.00567
34	0.03131	0.01188	0.01619	0.01242	0.01781	0.01026	0.01026	0.03401	0.01997	0.71606	0.02753	0.02375	0.01727	0.00864	0.00702	0.00216	0.00594	0.00702	0.00864	0.01188
35	0.01124	0.00803	0.01124	0.01285	0.01446	0.00803	0.01124	0.01446	0.01606	0.02088	0.03695	0.07871	0.04016	0.01928	0.00964	0.00321	0.00643	0.66426	0.00643	0.00643
36	0.01131	0.00745	0.00979	0.00902	0.01092	0.00683	0.00683	0.01457	0.01977	0.07413	0.66194	0.05022	0.06259	0.01389	0.00815	0.00219	0.00347	0.01224	0.00775	0.00694
37	0.01820	0.01541	0.01625	0.01437	0.01847	0.01775	0.01125	0.09697	0.63736	0.03055	0.02733	0.02518	0.02043	0.00937	0.00709	0.00234	0.00572	0.00774	0.00709	0.01112
38	0.01494	0.15336	0.55893	0.01926	0.02863	0.01818	0.07017	0.02192	0.01476	0.02119	0.01217	0.01444	0.00898	0.00647	0.00639	0.00210	0.00995	0.00514	0.00299	0.01003

[dist]
# distance from previous block
# <min> <max>
0	1

[block]
# block no. 1 follows, 30 sequences, length 75
# corresponding to MSA columns:
# 143-217
name=unknown_B
#
# <colnr> <probs for GDERKNQSTAVLIFYWHMCP>
#	G	D	E	R	K	N	Q	S	T	A	V	L	I	F	Y	W	H	M	C	P
0	0.01866	0.75896	0.03657	0.01194	0.01791	0.02761	0.01194	0.02090	0.01418	0.01642	0.00970	0.01119	0.00896	0.00597	0.00448	0.00149	0.00746	0.00373	0.00299	0.00896
1	0.02653	0.01955	0.02094	0.01606	0.02164	0.02164	0.01326	0.68796	0.03281	0.04398	0.01675	0.01675	0.01187	0.00838	0.00698	0.00209	0.00768	0.00628	0.00698	0.01187
2	0.01727	0.01658	0.02832	0.04283	0.71123	0.01658	0.02142	0.02142	0.01589	0.02280	0.01313	0.01727	0.01105	0.00622	0.00691	0.00207	0.00829	0.00622	0.00345	0.01105
3	0.00849	0.00691	0.00751	0.00772	0.00966	0.00594	0.00565	0.01034	0.01594	0.01977	0.14168	0.17996	0.52020	0.01797	0.00836	0.00242	0.00359	0.01533	0.00662	0.00594
4	0.00869	0.00626	0.00826	0.00971	0.01032	0.00583	0.00666	0.01012	0.01389	0.01847	0.07039	0.65638	0.07500	0.02121	0.00888	0.00280	0.00411	0.05072	0.00653	0.00576
5	0.00850	0.00607	0.00810	0.00972	0.01012	0.00567	0.00648	0.00972	0.01336	0.01781	0.03846	0.75020	0.04615	0.02186	0.00891	0.00283	0.00405	0.01984	0.00648	0.00567
6	0.01527	0.01527	0.02137	0.01832	0.01832	0.02137	0.01527	0.01679	0.01069	0.01679	0.00916	0.01527	0.00916	0.01221	0.02290	0.00305	0.74198	0.00611	0.00305	0.00763
7	0.01318	0.01240	0.02093	0.73798	0.04806	0.01550	0.01938	0.01783	0.01395	0.01783	0.01240	0.01860	0.00930	0.00698	0.00698	0.00233	0.00930	0.00620	0.00310	0.00775
8	0.01015	0.00677	0.00761	0.00761	0.00761	0.00677	0.00423	0.01015	0.01015	0.01353	0.02199	0.04567	0.02537	0.75476	0.03552	0.00677	0.00677	0.01015	0.00423	0.00423
9	0.02607	0.03326	0.01978	0.01798	0.02157	0.72674	0.01348	0.02787	0.01978	0.01708	0.01079	0.01258	0.00899	0.00719	0.00629	0.00180	0.01258	0.00449	0.00360	0.00809
10	0.01212	0.00606	0.00909	0.00909	0.00909	0.00606	0.00606	0.00909	0.00909	0.01212	0.01212	0.02121	0.01212	0.02424	0.02727	0.79697	0.00606	0.00606	0.00303	0.00303
11	0.01647	0.01882	0.04118	0.02941	0.03647	0.01765	0.68588	0.02235	0.01647	0.02235	0.01412	0.01882	0.01059	0.00588	0.00824	0.00235	0.01176	0.00824	0.00353	0.00941
12	0.01337	0.01260	0.02127	0.70586	0.07871	0.01555	0.01947	0.01800	0.01404	0.01806	0.01244	0.01854	0.00938	0.00694	0.00697	0.00231	0.00926	0.00620	0.00312	0.00790
13	0.00850	0.00607	0.00810	0.00972	0.01012	0.00567	0.00648	0.00972	0.01336	0.01781	0.03846	0.75020	0.04615	0.02186	0.00891	0.00283	0.00405	0.01984	0.00648	0.00567
14	0.01212	0.00606	0.00909	0.00909	0.00909	0.00606	0.00606	0.00909	0.00909	0.01212	0.01212	0.02121	0.01212	0.02424	0.02727	0.79697	0.00606	0.00606	0.00303	0.00303
15	0.01776	0.01519	0.01601	0.01428	0.01830	0.01755	0.01114	0.06577	0.66928	0.02984	0.02789	0.02563	0.02089	0.00942	0.00710	0.00235	0.00562	0.00782	0.00710	0.01108
16	0.00897	0.00740	0.00792	0.00782	0.01004	0.00654	0.00585	0.01182	0.04804	0.02092	0.18158	0.09266	0.53217	0.01687	0.00822	0.00235	0.00361	0.01426	0.00672	0.00624
17	0.02511	0.01801	0.01951	0.01530	0.02048	0.01982	0.01248	0.53152	0.12471	0.08806	0.01929	0.01937	0.01395	0.02984	0.00781	0.00227	0.00723	0.00667	0.00703	0.01153
18	0.01447	0.01240	0.01447	0.01034	0.01654	0.00930	0.00827	0.01757	0.01447	0.02274	0.01240	0.01447	0.01034	0.00517	0.00517	0.00103	0.00517	0.00413	0.00413	0.79742
19	0.80405	0.01350	0.01026	0.00918	0.01350	0.01565	0.00756	0.02051	0.01188	0.03131	0.00972	0.01134	0.00756	0.00648	0.00432	0.00216	0.00540	0.00378	0.00432	0.00756
20	0.04906	0.01552	0.02423	0.31809	0.38655	0.04741	0.01967	0.02023	0.01512	0.02092	0.01259	0.01735	0.01012	0.00657	0.00680	0.00217	0.00876	0.00603	0.00336	0.00946
21	0.01784	0.01394	0.01246	0.01065	0.01400	0.11910	0.00830	0.14944	0.01894	0.02771	0.01831	0.02054	0.01429	0.00762	0.00554	0.00166	0.00580	0.00582	0.40838	0.11965
22	0.00869	0.00709	0.00768	0.00753	0.00970	0.00608	0.00565	0.01087	0.01694	0.02132	0.24262	0.06310	0.53493	0.01675	0.00824	0.00231	0.00347	0.01416	0.00680	0.00608
23	0.01735	0.01506	0.01633	0.01545	0.04850	0.01732	0.01150	0.03639	0.66872	0.02891	0.02773	0.02565	0.02085	0.00933	0.00709	0.00235	0.00564	0.00782	0.00694	0.01105
24	0.02608	0.01912	0.02047	0.01574	0.02120	0.02114	0.01299	0.66584	0.03221	0.04339	0.01695	0.01706	0.01207	0.00837	0.00691	0.00208	0.00753	0.00629	0.03288	0.01169
25	0.00844	0.00631	0.00785	0.00908	0.00995	0.00572	0.00619	0.00979	0.01398	0.01806	0.04626	0.58493	0.20639	0.02085	0.00875	0.00272	0.00392	0.01860	0.00648	0.00572
26	0.01301	0.00650	0.00650	0.00650	0.00813	0.00650	0.00488	0.01626	0.01463	0.02602	0.02276	0.02602	0.01789	0.00813	0.00488	0.00163	0.00325	0.00650	0.79350	0.00650
27	0.01212	0.00606	0.00909	0.00909	0.00909	0.00606	0.00606	0.00909	0.00909	0.01212	0.01212	0.02121	0.01212	0.02424	0.02727	0.79697	0.00606	0.00606	0.00303	0.00303
28	0.01327	0.01252	0.02095	0.70777	0.04681	0.01575	0.01921	0.01779	0.01382	0.01779	0.01227	0.01846	0.00930	0.00720	0.00765	0.00236	0.04007	0.00620	0.00310	0.00775
29	0.01447	0.01240	0.01447	0.01034	0.01654	0.00930	0.00827	0.01757	0.01447	0.02274	0.01240	0.01447	0.01034	0.00517	0.00517	0.00103	0.00517	0.00413	0.00413	0.79742
30	0.01866	0.75896	0.03657	0.01194	0.01791	0.02761	0.01194	0.02090	0.01418	0.01642	0.00970	0.01119	0.00896	0.00597	0.00448	0.00149	0.00746	0.00373	0.00299	0.00896
31	0.80405	0.01350	0.01026	0.00918	0.01350	0.01565	0.00756	0.02051	0.01188	0.03131	0.00972	0.01134	0.00756	0.00648	0.00432	0.00216	0.00540	0.00378	0.00432	0.00756
32	0.01727	0.01658	0.02832	0.04283	0.71123	0.01658	0.02142	0.02142	0.01589	0.02280	0.01313	0.01727	0.01105	0.00622	0.00691	0.00207	0.00829	0.00622	0.00345	0.01105
33	0.02939	0.01145	0.01558	0.01209	0.01715	0.00993	0.00993	0.03214	0.01995	0.65443	0.08843	0.02629	0.02162	0.00914	0.00713	0.00216	0.00570	0.00752	0.00855	0.01140
34	0.00845	0.00708	0.00735	0.00728	0.00955	0.00598	0.00546	0.01041	0.01639	0.01999	0.15034	0.06528	0.62804	0.01725	0.00825	0.00234	0.00350	0.01446	0.00663	0.00598
35	0.03131	0.01188	0.01619	0.01242	0.01781	0.01026	0.01026	0.03401	0.01997	0.71606	0.02753	0.02375	0.01727	0.00864	0.00702	0.00216	0.00594	0.00702	0.00864	0.01188
36	0.00981	0.00708	0.00927	0.00882	0.01041	0.00654	0.00658	0.01301	0.01946	0.02752	0.67692	0.08408	0.06494	0.01461	0.00826	0.00222	0.00333	0.01295	0.00763	0.00654
37	0.80405	0.01350	0.01026	0.00918	0.01350	0.01565	0.00756	0.02051	0.01188	0.03131	0.00972	0.01134	0.00756	0.00648	0.00432	0.00216	0.00540	0.00378	0.00432	0.00756
38	0.00850	0.00607	0.00810	0.00972	0.01012	0.00567	0.00648	0.00972	0.01336	0.01781	0.03846	0.75020	0.04615	0.02186	0.00891	0.00283	0.00405	0.01984	0.00648	0.00567
39	0.01474	0.12057	0.58457	0.01969	0.02923	0.01767	0.07584	0.02198	0.01480	0.02144	0.01231	0.01463	0.00899	0.00649	0.00650	0.00214	0.01009	0.00523	0.00300	0.01008
40	0.01866	0.75896	0.03657	0.01194	0.01791	0.02761	0.01194	0.02090	0.01418	0.01642	0.00970	0.01119	0.00896	0.00597	0.00448	0.00149	0.00746	0.00373	0.00299	0.00896
41	0.80405	0.01350	0.01026	0.00918	0.01350	0.01565	0.00756	0.02051	0.01188	0.03131	0.00972	0.01134	0.00756	0.00648	0.00432	0.00216	0.00540	0.00378	0.00432	0.00756
42	0.01718	0.01462	0.01549	0.01394	0.01781	0.01673	0.01091	0.06520	0.61437	0.02914	0.02995	0.02925	0.05037	0.01012	0.00724	0.00238	0.00557	0.03200	0.00704	0.01070
43	0.00876	0.00704	0.00781	0.00772	0.00977	0.00609	0.00575	0.01097	0.01696	0.02161	0.26470	0.09585	0.47877	0.01683	0.00827	0.00233	0.00349	0.01433	0.00685	0.00609
44	0.02565	0.01776	0.01948	0.01523	0.02046	0.01934	0.01247	0.53845	0.07645	0.11877	0.01974	0.05031	0.01464	0.00907	0.00708	0.00215	0.00717	0.00707	0.00716	0.01154
45	0.00850	0.00607	0.00810	0.00972	0.01012	0.00567	0.00648	0.00972	0.01336	0.01781	0.03846	0.75020	0.04615	0.02186	0.00891	0.00283	0.00405	0.01984	0.00648	0.00567
46	0.01501	0.01489	0.02088	0.01797	0.01803	0.02076	0.01495	0.01658	0.01071	0.01676	0.00963	0.01586	0.00956	0.01417	0.05724	0.00345	0.70671	0.00617	0.00309	0.00757
47	0.01866	0.75896	0.03657	0.01194	0.01791	0.02761	0.01194	0.02090	0.01418	0.01642	0.00970	0.01119	0.00896	0.00597	0.00448	0.00149	0.00746	0.00373	0.00299	0.00896
48	0.00988	0.00713	0.00933	0.00878	0.01043	0.00658	0.00658	0.01317	0.01975	0.02798	0.70754	0.05213	0.06584	0.01427	0.00823	0.00219	0.00329	0.01262	0.00768	0.00658
49	0.01400	0.03610	0.71860	0.01989	0.03020	0.01621	0.02578	0.02210	0.01473	0.02210	0.01252	0.01473	0.00884	0.00663	0.00663	0.00221	0.01031	0.00516	0.00295	0.01031
50	0.02607	0.03326	0.01978	0.01798	0.02157	0.72674	0.01348	0.02787	0.01978	0.01708	0.01079	0.01258	0.00899	0.00719	0.00629	0.00180	0.01258	0.00449	0.00360	0.00809
51	0.80405	0.01350	0.01026	0.00918	0.01350	0.01565	0.00756	0.02051	0.01188	0.03131	0.00972	0.01134	0.00756	0.00648	0.00432	0.00216	0.00540	0.00378	0.00432	0.00756
52	0.01710	0.01641	0.02801	0.07199	0.68341	0.01654	0.02133	0.02127	0.01581	0.02259	0.01310	0.01733	0.01098	0.00625	0.00691	0.00208	0.00833	0.00622	0.00344	0.01092
53	0.00850	0.00607	0.00810	0.00972	0.01012	0.00567	0.00648	0.00972	0.01336	0.01781	0.03846	0.75020	0.04615	0.02186	0.00891	0.00283	0.00405	0.01984	0.00648	0.00567
54	0.00850	0.00607	0.00810	0.00972	0.01012	0.00567	0.00648	0.00972	0.01336	0.01781	0.03846	0.75020	0.04615	0.02186	0.00891	0.00283	0.00405	0.01984	0.00648	0.00567
55	0.01318	0.01240	0.02093	0.73798	0.04806	0.01550	0.01938	0.01783	0.01395	0.01783	0.01240	0.01860	0.00930	0.00698	0.00698	0.00233	0.00930	0.00620	0.00310	0.00775
56	0.05960	0.02150	0.02030	0.01607	0.02128	0.13534	0.01306	0.55282	0.02981	0.03909	0.01549	0.01585	0.01122	0.00810	0.00676	0.00205	0.00837	0.00589	0.00632	0.01107
57	0.00890	0.00659	0.00840	0.00960	0.01062	0.00609	0.00693	0.01060	0.01452	0.01889	0.07308	0.49117	0.17577	0.02035	0.00885	0.00277	0.00425	0.11024	0.00652	0.00586
58	0.01710	0.01640	0.02801	0.07202	0.68338	0.01654	0.02133	0.02127	0.01581	0.02259	0.01310	0.01733	0.01098	0.00625	0.00691	0.00208	0.00833	0.00622	0.00344	0.01091
59	0.02328	0.01756	0.01897	0.01470	0.01997	0.01884	0.01195	0.50622	0.08604	0.03830	0.01738	0.01856	0.01308	0.04251	0.00805	0.00218	0.00710	0.00629	0.00646	0.12254
60	0.01527	0.01527	0.02137	0.01832	0.01832	0.02137	0.01527	0.01679	0.01069	0.01679	0.00916	0.01527	0.00916	0.01221	0.02290	0.00305	0.74198	0.00611	0.00305	0.00763
61	0.04299	0.05583	0.01715	0.04390	0.01874	0.01629	0.01094	0.22128	0.21022	0.13400	0.02351	0.02294	0.04114	0.00878	0.00660	0.00211	0.00614	0.00696	0.10016	0.01033
62	0.01934	0.00989	0.01280	0.01083	0.01424	0.00922	0.00855	0.02416	0.09267	0.30623	0.35983	0.03786	0.04143	0.01148	0.00762	0.00220	0.00460	0.00985	0.00801	0.00920
63	0.02838	0.15885	0.02063	0.01267	0.01820	0.01474	0.01087	0.09356	0.02006	0.51527	0.02302	0.02063	0.01513	0.00809	0.00652	0.00202	0.00640	0.00630	0.00737	0.01130
64	0.00961	0.00712	0.00896	0.00850	0.01026	0.00647	0.00638	0.01266	0.01913	0.02651	0.60478	0.05455	0.16953	0.01482	0.00823	0.00222	0.00333	0.01296	0.00749	0.00647
65	0.00963	0.00708	0.00901	0.00862	0.01029	0.00646	0.00643	0.01265	0.01903	0.02647	0.60387	0.08319	0.14131	0.01499	0.00826	0.00224	0.00335	0.01317	0.00749	0.00646
66	0.01506	0.00848	0.00869	0.00795	0.01018	0.00880	0.00615	0.11814	0.01739	0.02874	0.02185	0.02461	0.01697	0.00817	0.00520	0.00170	0.00392	0.00647	0.67420	0.00732
67	0.00850	0.00607	0.00810	0.00972	0.01012	0.00567	0.00648	0.00972	0.01336	0.01781	0.03846	0.75020	0.04615	0.02186	0.00891	0.00283	0.00405	0.01984	0.00648	0.00567
68	0.02355	0.02897	0.02048	0.01918	0.05250	0.55616	0.01420	0.02540	0.01782	0.01728	0.01058	0.01332	0.00912	0.00813	0.00957	0.00206	0.15517	0.00489	0.00348	0.00814
69	0.01212	0.00606	0.00909	0.00909	0.00909	0.00606	0.00606	0.00909	0.00909	0.01212	0.01212	0.02121	0.01212	0.02424	0.02727	0.79697	0.00606	0.00606	0.00303	0.00303
70	0.01391	0.03419	0.66271	0.01975	0.02957	0.01584	0.04914	0.02172	0.01502	0.02237	0.04302	0.01652	0.01140	0.00694	0.00676	0.00221	0.01006	0.00560	0.00318	0.01012
71	0.01416	0.06085	0.69524	0.01962	0.02978	0.01660	0.02531	0.02206	0.01471	0.02190	0.01243	0.01461	0.00884	0.00661	0.00656	0.00219	0.01022	0.00511	0.00295	0.01027
72	0.01812	0.66138	0.08332	0.01290	0.01880	0.02642	0.01312	0.02072	0.01400	0.01684	0.00986	0.01170	0.00896	0.00641	0.00579	0.00164	0.05409	0.00398	0.00299	0.00897
73	0.46950	0.04729	0.01490	0.06413	0.01833	0.07002	0.01008	0.10844	0.01631	0.10525	0.01285	0.01401	0.00947	0.00703	0.00531	0.00211	0.00667	0.00468	0.00493	0.00870
74	0.07678	0.04464	0.05182	0.02836	0.19436	0.01739	0.33991	0.02089	0.01519	0.02223	0.01390	0.04786	0.01172	0.00728	0.00879	0.00232	0.07615	0.00744	0.00362	0.00936

[dist]
# distance from previous block
# <min> <max>
1	4

[block]
# block no. 2 follows, 30 sequences, length 33
# corresponding to MSA columns:
# 222-254
name=unknown_C
#
# <colnr> <probs for GDERKNQSTAVLIFYWHMCP>
#	G	D	E	R	K	N	Q	S	T	A	V	L	I	F	Y	W	H	M	C	P
0	0.06947	0.63509	0.07396	0.01250	0.01851	0.05840	0.01254	0.02126	0.01432	0.01774	0.00992	0.01147	0.00886	0.00610	0.00468	0.00159	0.00773	0.00385	0.00310	0.00890
1	0.07315	0.33244	0.16362	0.01909	0.14166	0.03929	0.01594	0.02261	0.07362	0.02094	0.01319	0.01601	0.01107	0.00685	0.00572	0.00191	0.00796	0.02174	0.00361	0.00958
2	0.06667	0.01956	0.01876	0.01651	0.04739	0.19124	0.04355	0.24201	0.02133	0.02728	0.01934	0.04784	0.06686	0.04543	0.03807	0.00273	0.06426	0.00715	0.00508	0.00895
3	0.35877	0.08387	0.06589	0.01166	0.01631	0.08051	0.01021	0.08931	0.01601	0.04520	0.05495	0.01713	0.01339	0.03781	0.00660	0.00218	0.00668	0.00520	0.03339	0.04493
4	0.05412	0.02618	0.01912	0.01799	0.05913	0.45685	0.01318	0.10437	0.01960	0.02123	0.01468	0.01677	0.04272	0.01026	0.04221	0.00243	0.06105	0.00551	0.00413	0.00847
5	0.01514	0.01398	0.01335	0.01232	0.01499	0.10803	0.00929	0.05691	0.22360	0.02291	0.06655	0.12254	0.12621	0.07440	0.03659	0.00300	0.03589	0.01011	0.00589	0.02831
6	0.02151	0.01563	0.01728	0.01403	0.01839	0.01676	0.01123	0.45439	0.04499	0.05609	0.06162	0.15653	0.02178	0.01114	0.00734	0.00220	0.00652	0.00916	0.00685	0.04659
7	0.01962	0.01432	0.01736	0.01729	0.11518	0.01519	0.01197	0.16847	0.24589	0.11986	0.10875	0.02834	0.06703	0.00978	0.00725	0.00222	0.00603	0.00821	0.00679	0.01046
8	0.00998	0.00744	0.01103	0.01103	0.01221	0.00862	0.00849	0.01234	0.01116	0.01606	0.01886	0.02837	0.01786	0.08920	0.69081	0.01098	0.01807	0.00762	0.00376	0.00613
9	0.01400	0.03610	0.71860	0.01989	0.03020	0.01621	0.02578	0.02210	0.01473	0.02210	0.01252	0.01473	0.00884	0.00663	0.00663	0.00221	0.01031	0.00516	0.00295	0.01031
10	0.01866	0.75896	0.03657	0.01194	0.01791	0.02761	0.01194	0.02090	0.01418	0.01642	0.00970	0.01119	0.00896	0.00597	0.00448	0.00149	0.00746	0.00373	0.00299	0.00896
11	0.01318	0.01240	0.02093	0.73798	0.04806	0.01550	0.01938	0.01783	0.01395	0.01783	0.01240	0.01860	0.00930	0.00698	0.00698	0.00233	0.00930	0.00620	0.00310	0.00775
12	0.01736	0.01499	0.01578	0.01420	0.01815	0.01736	0.01105	0.03708	0.69862	0.02919	0.02840	0.02604	0.02130	0.00947	0.00710	0.00237	0.00552	0.00789	0.00710	0.01105
13	0.02343	0.01721	0.01913	0.04888	0.02140	0.01859	0.01245	0.49413	0.06351	0.06511	0.01845	0.06026	0.01432	0.00887	0.00693	0.00207	0.00713	0.00698	0.00658	0.08458
14	0.01326	0.01190	0.01938	0.62468	0.04232	0.01480	0.01761	0.01761	0.01387	0.01867	0.01338	0.01925	0.01023	0.00735	0.00750	0.00228	0.04301	0.00623	0.08906	0.00761
15	0.01005	0.00681	0.00775	0.00775	0.00792	0.00682	0.00449	0.01025	0.01047	0.01391	0.02412	0.04582	0.05713	0.68714	0.06667	0.00677	0.00717	0.01024	0.00431	0.00440
16	0.01015	0.00677	0.00761	0.00761	0.00761	0.00677	0.00423	0.01015	0.01015	0.01353	0.02199	0.04567	0.02537	0.75476	0.03552	0.00677	0.00677	0.01015	0.00423	0.00423
17	0.01545	0.01237	0.01457	0.01046	0.01661	0.00936	0.00838	0.01853	0.01479	0.06326	0.01329	0.01501	0.01074	0.00537	0.00528	0.00110	0.00521	0.00430	0.00440	0.75150
18	0.01447	0.01240	0.01447	0.01034	0.01654	0.00930	0.00827	0.01757	0.01447	0.02274	0.01240	0.01447	0.01034	0.00517	0.00517	0.00103	0.00517	0.00413	0.00413	0.79742
19	0.02599	0.01204	0.01565	0.01176	0.01741	0.00996	0.00963	0.02882	0.01823	0.49706	0.02275	0.02082	0.01508	0.00754	0.00643	0.00180	0.00569	0.00611	0.00721	0.26000
20	0.01447	0.01240	0.01447	0.01034	0.01654	0.00930	0.00827	0.01757	0.01447	0.02274	0.01240	0.01447	0.01034	0.00517	0.00517	0.00103	0.00517	0.00413	0.00413	0.79742
21	0.01377	0.01287	0.02100	0.63691	0.08801	0.01572	0.01886	0.01957	0.06775	0.01904	0.01370	0.01910	0.01035	0.00712	0.00698	0.00231	0.00894	0.00633	0.00344	0.00822
22	0.01415	0.00884	0.01139	0.01048	0.03586	0.00775	0.00772	0.01711	0.01851	0.14704	0.39330	0.04420	0.14690	0.01254	0.00765	0.00208	0.00416	0.01083	0.00714	0.09235
23	0.01447	0.01240	0.01447	0.01034	0.01654	0.00930	0.00827	0.01757	0.01447	0.02274	0.01240	0.01447	0.01034	0.00517	0.00517	0.00103	0.00517	0.00413	0.00413	0.79742
24	0.01451	0.01390	0.02400	0.50477	0.23885	0.01591	0.05069	0.01907	0.01463	0.01947	0.01269	0.01823	0.00987	0.00671	0.00702	0.00225	0.00912	0.00630	0.00322	0.00878
25	0.01250	0.00876	0.01170	0.01277	0.01475	0.00886	0.01100	0.01706	0.07497	0.04994	0.03690	0.07157	0.05890	0.01795	0.00927	0.00307	0.00624	0.56021	0.00658	0.00703
26	0.01519	0.01238	0.01449	0.01060	0.01648	0.00965	0.00845	0.04441	0.01532	0.04469	0.01425	0.04901	0.01227	0.00618	0.00547	0.00119	0.00524	0.00504	0.00450	0.70521
27	0.80405	0.01350	0.01026	0.00918	0.01350	0.01565	0.00756	0.02051	0.01188	0.03131	0.00972	0.01134	0.00756	0.00648	0.00432	0.00216	0.00540	0.00378	0.00432	0.00756
28	0.00887	0.00635	0.00842	0.00947	0.01020	0.00591	0.00651	0.01063	0.01506	0.02051	0.21586	0.56512	0.05137	0.01985	0.00873	0.00266	0.00385	0.01792	0.00680	0.00591
29	0.01065	0.00730	0.00958	0.00891	0.01069	0.00672	0.00672	0.01392	0.01976	0.05289	0.68293	0.05110	0.06409	0.01406	0.00819	0.00219	0.00339	0.01242	0.00772	0.00678
30	0.02297	0.01580	0.01772	0.01343	0.01899	0.01576	0.01099	0.37062	0.02481	0.12687	0.01719	0.01744	0.01242	0.00745	0.00635	0.00177	0.00650	0.00576	0.04288	0.24430
31	0.80405	0.01350	0.01026	0.00918	0.01350	0.01565	0.00756	0.02051	0.01188	0.03131	0.00972	0.01134	0.00756	0.00648	0.00432	0.00216	0.00540	0.00378	0.00432	0.00756
32	0.01804	0.66270	0.12739	0.01300	0.01955	0.02609	0.01378	0.02106	0.01425	0.01717	0.01008	0.01167	0.00894	0.00606	0.00476	0.00159	0.00784	0.00392	0.00298	0.00914

[dist]
# distance from previous block
# <min> <max>
0	1

[block]
# block no. 3 follows, 30 sequences, length 55
# corresponding to MSA columns:
# 256-310
name=unknown_D
#
# <colnr> <probs for GDERKNQSTAVLIFYWHMCP>
#	G	D	E	R	K	N	Q	S	T	A	V	L	I	F	Y	W	H	M	C	P
0	0.02227	0.01833	0.01822	0.01522	0.01984	0.08178	0.01212	0.29693	0.34891	0.05704	0.02214	0.02105	0.01629	0.00880	0.00698	0.00220	0.00703	0.00692	0.00679	0.01114
1	0.60340	0.01472	0.01263	0.01081	0.01534	0.01689	0.00887	0.14538	0.06515	0.03350	0.01236	0.01340	0.00934	0.00704	0.00501	0.00216	0.00583	0.00454	0.00501	0.00861
2	0.00993	0.00667	0.00767	0.00789	0.00794	0.00662	0.00452	0.01009	0.01057	0.01409	0.02414	0.13774	0.02809	0.65897	0.03204	0.00625	0.00641	0.01141	0.00452	0.00442
3	0.01240	0.00919	0.01192	0.01282	0.01488	0.00945	0.01100	0.04975	0.07997	0.02269	0.03700	0.07014	0.07353	0.01774	0.00920	0.00303	0.00625	0.53543	0.00652	0.00709
4	0.01822	0.69116	0.10053	0.01269	0.01906	0.02654	0.01324	0.02101	0.01423	0.01695	0.00997	0.01153	0.00894	0.00603	0.00468	0.00156	0.00773	0.00387	0.00298	0.00908
5	0.04801	0.60184	0.10711	0.01312	0.01932	0.07623	0.01336	0.02151	0.01455	0.01763	0.01008	0.01168	0.00889	0.00615	0.00483	0.00162	0.00806	0.00394	0.00307	0.00899
6	0.34774	0.01788	0.01628	0.01329	0.01816	0.06931	0.01085	0.34478	0.04379	0.03636	0.01378	0.01450	0.01017	0.00754	0.00583	0.00211	0.00702	0.00517	0.00564	0.00979
7	0.01451	0.09259	0.62453	0.01982	0.02959	0.01720	0.06347	0.02202	0.01479	0.02166	0.01239	0.01469	0.00895	0.00653	0.00655	0.00216	0.01017	0.00522	0.00298	0.01015
8	0.01873	0.66675	0.08469	0.01285	0.01900	0.06553	0.01302	0.02137	0.01453	0.01686	0.00996	0.01153	0.00895	0.00609	0.00473	0.00156	0.00795	0.00388	0.00302	0.00900
9	0.02398	0.01778	0.01928	0.01505	0.02020	0.01926	0.01227	0.57651	0.02968	0.04001	0.01846	0.08496	0.01495	0.00940	0.00703	0.00209	0.00716	0.00739	0.00673	0.06779
10	0.01071	0.00739	0.00872	0.00877	0.00926	0.00752	0.00552	0.04779	0.01213	0.01628	0.02477	0.18463	0.02821	0.51297	0.08054	0.00605	0.00716	0.01169	0.00480	0.00509
11	0.03909	0.01479	0.02740	0.24888	0.03457	0.01509	0.29446	0.02233	0.03525	0.12647	0.01922	0.02234	0.05242	0.00746	0.00751	0.00231	0.00926	0.00765	0.00446	0.00905
12	0.01486	0.03589	0.66834	0.01975	0.02958	0.06731	0.02490	0.02251	0.01510	0.02174	0.01240	0.01458	0.00885	0.00667	0.00661	0.00218	0.01048	0.00511	0.00299	0.01015
13	0.00985	0.00707	0.00900	0.01010	0.01087	0.00685	0.00689	0.05851	0.01465	0.01955	0.03635	0.67386	0.04299	0.04543	0.00966	0.00291	0.00440	0.01854	0.00644	0.00607
14	0.02373	0.01706	0.01869	0.01480	0.01951	0.01870	0.01199	0.54890	0.02875	0.06178	0.01904	0.07175	0.01548	0.04978	0.04434	0.00284	0.00786	0.00754	0.00670	0.01075
15	0.02548	0.09235	0.02120	0.01741	0.02127	0.64300	0.01335	0.05193	0.01980	0.01803	0.01092	0.01263	0.00909	0.00714	0.00617	0.00178	0.01198	0.00450	0.00367	0.00830
16	0.02493	0.01842	0.01980	0.01558	0.02085	0.02045	0.01274	0.54223	0.15956	0.06315	0.01933	0.01876	0.01385	0.00859	0.00700	0.00215	0.00721	0.00661	0.00706	0.01171
17	0.02653	0.01955	0.02094	0.01606	0.02164	0.02164	0.01326	0.68796	0.03281	0.04398	0.01675	0.01675	0.01187	0.00838	0.00698	0.00209	0.00768	0.00628	0.00698	0.01187
18	0.01417	0.01374	0.02204	0.01927	0.05999	0.01663	0.13513	0.01653	0.01203	0.01759	0.01342	0.02215	0.01302	0.12840	0.10839	0.00444	0.36487	0.00728	0.00343	0.00747
19	0.01597	0.01785	0.03810	0.13698	0.03823	0.01732	0.58470	0.02167	0.01609	0.02167	0.01386	0.01879	0.01039	0.00605	0.00804	0.00235	0.01139	0.00793	0.00346	0.00916
20	0.01406	0.01349	0.02311	0.56553	0.14688	0.01603	0.05366	0.01856	0.01424	0.01877	0.01246	0.01827	0.00963	0.00703	0.00771	0.00232	0.04045	0.00630	0.00317	0.00833
21	0.01013	0.00685	0.00806	0.00806	0.00822	0.00701	0.00479	0.01044	0.01028	0.01387	0.02157	0.04337	0.02437	0.66648	0.12243	0.00732	0.00826	0.00981	0.00417	0.00448
22	0.02570	0.06998	0.02067	0.01760	0.02139	0.66719	0.01340	0.04973	0.01993	0.01795	0.01093	0.01265	0.00908	0.00717	0.00622	0.00179	0.01216	0.00452	0.00368	0.00826
23	0.00846	0.00708	0.00736	0.00729	0.00955	0.00598	0.00547	0.01042	0.01640	0.02003	0.15289	0.06522	0.62546	0.01723	0.00825	0.00234	0.00350	0.01446	0.00664	0.00598
24	0.00850	0.00607	0.00810	0.00972	0.01012	0.00567	0.00648	0.00972	0.01336	0.01781	0.03846	0.75020	0.04615	0.02186	0.00891	0.00283	0.00405	0.01984	0.00648	0.00567
25	0.01301	0.00650	0.00650	0.00650	0.00813	0.00650	0.00488	0.01626	0.01463	0.02602	0.02276	0.02602	0.01789	0.00813	0.00488	0.00163	0.00325	0.00650	0.79350	0.00650
26	0.02620	0.01938	0.02076	0.01599	0.02152	0.02149	0.01318	0.66477	0.05653	0.04345	0.01717	0.01708	0.01220	0.00842	0.00699	0.00210	0.00760	0.00634	0.00699	0.01184
27	0.60037	0.01307	0.01182	0.01003	0.01463	0.01423	0.00827	0.02407	0.01401	0.21179	0.01441	0.01461	0.01012	0.00705	0.00503	0.00216	0.00554	0.00463	0.00546	0.00870
28	0.01866	0.75896	0.03657	0.01194	0.01791	0.02761	0.01194	0.02090	0.01418	0.01642	0.00970	0.01119	0.00896	0.00597	0.00448	0.00149	0.00746	0.00373	0.00299	0.00896
29	0.01696	0.01665	0.02728	0.14692	0.56362	0.04331	0.04142	0.02115	0.01576	0.02181	0.01296	0.01734	0.01070	0.00636	0.00694	0.00211	0.00871	0.00621	0.00341	0.01039
30	0.01851	0.73545	0.05875	0.01220	0.01831	0.02724	0.01239	0.02093	0.01420	0.01660	0.00979	0.01131	0.00895	0.00599	0.00455	0.00152	0.00756	0.00378	0.00298	0.00900
31	0.80405	0.01350	0.01026	0.00918	0.01350	0.01565	0.00756	0.02051	0.01188	0.03131	0.00972	0.01134	0.00756	0.00648	0.00432	0.00216	0.00540	0.00378	0.00432	0.00756
32	0.02183	0.07273	0.01876	0.01422	0.01845	0.16897	0.01136	0.34144	0.02458	0.03057	0.06160	0.02483	0.08832	0.06080	0.00883	0.00234	0.00795	0.00724	0.00577	0.00939
33	0.00852	0.00724	0.00738	0.00743	0.00971	0.00620	0.00553	0.01076	0.03509	0.01908	0.06760	0.10613	0.65002	0.01769	0.00825	0.00238	0.00362	0.01483	0.00650	0.00602
34	0.01364	0.00801	0.00737	0.00727	0.00900	0.04647	0.00546	0.01679	0.01482	0.02524	0.02198	0.02531	0.01738	0.00934	0.02560	0.00191	0.00421	0.00642	0.72716	0.00658
35	0.01015	0.00677	0.00761	0.00761	0.00761	0.00677	0.00423	0.01015	0.01015	0.01353	0.02199	0.04567	0.02537	0.75476	0.03552	0.00677	0.00677	0.01015	0.00423	0.00423
36	0.02640	0.02324	0.02063	0.01657	0.02162	0.21150	0.01332	0.51022	0.02930	0.03674	0.01515	0.01563	0.01109	0.00806	0.00680	0.00201	0.00900	0.00580	0.00607	0.01085
37	0.00825	0.00707	0.00707	0.00707	0.00943	0.00589	0.00530	0.01001	0.01591	0.01885	0.07069	0.06716	0.70839	0.01767	0.00825	0.00236	0.00353	0.01473	0.00648	0.00589
38	0.01015	0.00677	0.00761	0.00761	0.00761	0.00677	0.00423	0.01015	0.01015	0.01353	0.02199	0.04567	0.02537	0.75476	0.03552	0.00677	0.00677	0.01015	0.00423	0.00423
39	0.80405	0.01350	0.01026	0.00918	0.01350	0.01565	0.00756	0.02051	0.01188	0.03131	0.00972	0.01134	0.00756	0.00648	0.00432	0.00216	0.00540	0.00378	0.00432	0.00756
40	0.00847	0.00710	0.00738	0.00738	0.00965	0.00601	0.00558	0.01041	0.01624	0.01970	0.12511	0.06617	0.63399	0.01742	0.00828	0.00237	0.00359	0.03258	0.00658	0.00597
41	0.01005	0.00678	0.00758	0.00758	0.00770	0.00672	0.00428	0.01014	0.01043	0.01379	0.02441	0.04673	0.05928	0.71816	0.03416	0.00655	0.00660	0.01038	0.00434	0.00431
42	0.01547	0.01379	0.01890	0.01356	0.01986	0.01128	0.11142	0.05676	0.01583	0.02390	0.01291	0.01526	0.01046	0.00546	0.00574	0.00129	0.00631	0.00488	0.00421	0.63272
43	0.00825	0.00707	0.00707	0.00707	0.00943	0.00589	0.00530	0.01001	0.01591	0.01885	0.07069	0.06716	0.70839	0.01767	0.00825	0.00236	0.00353	0.01473	0.00648	0.00589
44	0.80405	0.01350	0.01026	0.00918	0.01350	0.01565	0.00756	0.02051	0.01188	0.03131	0.00972	0.01134	0.00756	0.00648	0.00432	0.00216	0.00540	0.00378	0.00432	0.00756
45	0.01777	0.01744	0.02673	0.03727	0.55841	0.05845	0.04445	0.02380	0.10194	0.02325	0.01495	0.01816	0.01220	0.00667	0.00695	0.00210	0.00832	0.00640	0.00392	0.01082
46	0.00906	0.00726	0.00813	0.00798	0.01004	0.00643	0.00595	0.01182	0.03595	0.02218	0.28402	0.09484	0.43850	0.01650	0.00824	0.00233	0.00353	0.01408	0.00690	0.00626
47	0.02566	0.07347	0.02071	0.01764	0.02137	0.68800	0.01340	0.02748	0.01947	0.01704	0.01073	0.01251	0.00899	0.00712	0.00619	0.00178	0.01230	0.00445	0.00356	0.00814
48	0.00825	0.00707	0.00707	0.00707	0.00943	0.00589	0.00530	0.01001	0.01591	0.01885	0.07069	0.06716	0.70839	0.01767	0.00825	0.00236	0.00353	0.01473	0.00648	0.00589
49	0.01573	0.01603	0.02131	0.01831	0.01846	0.05139	0.01519	0.01726	0.01107	0.01681	0.00923	0.01515	0.00915	0.01200	0.02219	0.00300	0.71095	0.00604	0.00308	0.00765
50	0.07693	0.10674	0.20816	0.02033	0.10932	0.32381	0.01717	0.02426	0.01679	0.02009	0.01135	0.01351	0.00910	0.00674	0.00613	0.00194	0.01039	0.00476	0.00339	0.00911
51	0.00987	0.00681	0.00845	0.00927	0.00992	0.00660	0.00616	0.03601	0.01380	0.01887	0.06641	0.49439	0.03972	0.17710	0.01426	0.00355	0.00468	0.01611	0.05232	0.00569
52	0.02103	0.05907	0.01844	0.01386	0.01799	0.01756	0.01131	0.37348	0.06305	0.06898	0.10598	0.02516	0.04266	0.05048	0.03187	0.00269	0.05246	0.00756	0.00642	0.00995
53	0.01030	0.00711	0.00880	0.00862	0.01016	0.00649	0.00620	0.01255	0.01686	0.05219	0.37062	0.16376	0.17473	0.10636	0.01162	0.00288	0.00399	0.01362	0.00689	0.00625
54	0.05937	0.01409	0.01571	0.01192	0.01745	0.01315	0.00964	0.19098	0.05735	0.08195	0.01593	0.01681	0.01210	0.00670	0.00582	0.00155	0.00580	0.00521	0.04457	0.41388

[dist]
# distance from previous block
# <min> <max>
1	3

[block]
# block no. 4 follows, 30 sequences, length 34
# corresponding to MSA columns:
# 314-347
name=unknown_E
#
# <colnr> <probs for GDERKNQSTAVLIFYWHMCP>
#	G	D	E	R	K	N	Q	S	T	A	V	L	I	F	Y	W	H	M	C	P
0	0.01734	0.08764	0.06374	0.01515	0.05966	0.01352	0.03966	0.10760	0.05884	0.12332	0.11092	0.14769	0.02816	0.01204	0.00754	0.00233	0.00638	0.08333	0.00615	0.00899
1	0.22839	0.37851	0.02556	0.01303	0.03995	0.04725	0.01122	0.09458	0.06398	0.02450	0.01194	0.01313	0.00984	0.00666	0.00503	0.00183	0.00701	0.00442	0.00410	0.00908
2	0.04284	0.10209	0.21147	0.06185	0.07711	0.07733	0.01660	0.11160	0.06663	0.12233	0.01730	0.01817	0.02924	0.00758	0.00652	0.00209	0.00837	0.00590	0.00481	0.01016
3	0.01740	0.06642	0.11887	0.04636	0.05258	0.11025	0.19572	0.04889	0.01593	0.02122	0.01221	0.01570	0.00982	0.00719	0.00923	0.00211	0.12260	0.00594	0.00356	0.11799
4	0.05787	0.01159	0.01439	0.03428	0.01675	0.01140	0.00969	0.07776	0.10821	0.32258	0.22265	0.03100	0.03076	0.01021	0.00725	0.00220	0.00533	0.00852	0.00766	0.00991
5	0.02236	0.04097	0.06742	0.01435	0.01946	0.01666	0.01232	0.22110	0.24801	0.18059	0.06454	0.02317	0.01914	0.00895	0.00700	0.00219	0.00650	0.00720	0.00700	0.01107
6	0.03334	0.01044	0.01089	0.03624	0.03443	0.05855	0.00804	0.07372	0.01595	0.02496	0.02043	0.05839	0.01710	0.01351	0.08422	0.00286	0.02554	0.00700	0.45716	0.00724
7	0.01467	0.01456	0.02598	0.42436	0.15760	0.01660	0.14246	0.01919	0.01447	0.01943	0.01256	0.01812	0.00983	0.00710	0.00859	0.00235	0.07370	0.00657	0.00324	0.00862
8	0.00857	0.00624	0.00809	0.00941	0.01008	0.00575	0.00638	0.00998	0.01403	0.01860	0.08719	0.64077	0.10725	0.02096	0.00880	0.00275	0.00395	0.01888	0.00656	0.00575
9	0.01143	0.00849	0.01116	0.01123	0.01268	0.00841	0.03348	0.08994	0.01595	0.02121	0.05102	0.44474	0.05904	0.09851	0.01159	0.00317	0.00530	0.08995	0.00620	0.00649
10	0.02468	0.11787	0.02183	0.01728	0.02099	0.61048	0.01339	0.02651	0.01868	0.01699	0.01058	0.01255	0.00899	0.00729	0.00688	0.00182	0.04705	0.00448	0.00350	0.00817
11	0.03131	0.01188	0.01619	0.01242	0.01781	0.01026	0.01026	0.03401	0.01997	0.71606	0.02753	0.02375	0.01727	0.00864	0.00702	0.00216	0.00594	0.00702	0.00864	0.01188
12	0.02541	0.01994	0.04959	0.01610	0.02177	0.02114	0.01364	0.61828	0.07503	0.04212	0.01733	0.01727	0.01235	0.00837	0.00697	0.00212	0.00765	0.00634	0.00682	0.01175
13	0.00852	0.00708	0.00745	0.00736	0.00959	0.00601	0.00552	0.01054	0.01655	0.02038	0.17744	0.06464	0.60069	0.01710	0.00824	0.00233	0.00349	0.01437	0.00668	0.00601
14	0.01353	0.01002	0.01412	0.05634	0.01619	0.01136	0.05550	0.07136	0.01462	0.02235	0.01823	0.02372	0.01533	0.02401	0.26336	0.00530	0.08430	0.00689	0.26622	0.00724
15	0.01707	0.01638	0.02797	0.07651	0.67910	0.01653	0.02132	0.02124	0.01580	0.02256	0.01309	0.01734	0.01097	0.00625	0.00691	0.00208	0.00834	0.00622	0.00344	0.01089
16	0.00980	0.00713	0.00922	0.00870	0.01038	0.00655	0.00652	0.01302	0.01957	0.02754	0.67692	0.05285	0.09674	0.01443	0.00823	0.00220	0.00330	0.01272	0.00762	0.00655
17	0.03131	0.01188	0.01619	0.01242	0.01781	0.01026	0.01026	0.03401	0.01997	0.71606	0.02753	0.02375	0.01727	0.00864	0.00702	0.00216	0.00594	0.00702	0.00864	0.01188
18	0.00850	0.00607	0.00810	0.00972	0.01012	0.00567	0.00648	0.00972	0.01336	0.01781	0.03846	0.75020	0.04615	0.02186	0.00891	0.00283	0.00405	0.01984	0.00648	0.00567
19	0.02653	0.01955	0.02094	0.01606	0.02164	0.02164	0.01326	0.68796	0.03281	0.04398	0.01675	0.01675	0.01187	0.00838	0.00698	0.00209	0.00768	0.00628	0.00698	0.01187
20	0.01782	0.01668	0.02728	0.03987	0.63711	0.01692	0.02043	0.06136	0.04996	0.02435	0.01408	0.01767	0.01160	0.00650	0.00692	0.00209	0.00812	0.00630	0.00384	0.01110
21	0.01866	0.75896	0.03657	0.01194	0.01791	0.02761	0.01194	0.02090	0.01418	0.01642	0.00970	0.01119	0.00896	0.00597	0.00448	0.00149	0.00746	0.00373	0.00299	0.00896
22	0.00865	0.00620	0.00799	0.00935	0.00983	0.00579	0.00618	0.00978	0.01319	0.01744	0.03870	0.63921	0.08300	0.09530	0.01154	0.00320	0.00429	0.01856	0.00625	0.00554
23	0.01289	0.00688	0.00743	0.05117	0.01054	0.00706	0.00573	0.01607	0.01439	0.02494	0.02210	0.02647	0.01771	0.04238	0.00641	0.00190	0.00378	0.00665	0.70901	0.00648
24	0.01446	0.01416	0.02120	0.29725	0.02985	0.01910	0.01686	0.01720	0.01195	0.01720	0.01042	0.01656	0.00922	0.01018	0.01673	0.00277	0.45801	0.00614	0.00307	0.00768
25	0.00966	0.00707	0.00900	0.01020	0.01100	0.00692	0.00698	0.03514	0.05433	0.01940	0.03711	0.68187	0.04349	0.02066	0.00873	0.00278	0.00426	0.01866	0.00653	0.00620
26	0.00977	0.00804	0.00930	0.05274	0.01278	0.00760	0.00701	0.01360	0.07068	0.02245	0.26247	0.05627	0.41128	0.01531	0.00807	0.00230	0.00397	0.01301	0.00670	0.00663
27	0.00978	0.00713	0.00919	0.00868	0.01037	0.00654	0.00651	0.01298	0.01953	0.02744	0.66998	0.05301	0.10375	0.01447	0.00823	0.00220	0.00331	0.01274	0.00761	0.00654
28	0.01162	0.00777	0.01048	0.01161	0.01315	0.00755	0.00939	0.01452	0.03315	0.06242	0.03794	0.29326	0.06576	0.01916	0.00912	0.00297	0.00548	0.37146	0.00660	0.00661
29	0.01301	0.00650	0.00650	0.00650	0.00813	0.00650	0.00488	0.01626	0.01463	0.02602	0.02276	0.02602	0.01789	0.00813	0.00488	0.00163	0.00325	0.00650	0.79350	0.00650
30	0.02519	0.02070	0.02007	0.01605	0.02114	0.11324	0.01298	0.51076	0.12408	0.03840	0.01760	0.01750	0.01281	0.00837	0.00691	0.00209	0.00802	0.00627	0.00655	0.01126
31	0.80405	0.01350	0.01026	0.00918	0.01350	0.01565	0.00756	0.02051	0.01188	0.03131	0.00972	0.01134	0.00756	0.00648	0.00432	0.00216	0.00540	0.00378	0.00432	0.00756
32	0.01419	0.10455	0.55267	0.01849	0.02740	0.01650	0.05293	0.02115	0.01523	0.02210	0.07785	0.01809	0.01431	0.00725	0.00664	0.00214	0.00943	0.00586	0.00342	0.00978
33	0.00923	0.00662	0.00869	0.00995	0.01056	0.00640	0.00677	0.03203	0.01377	0.01845	0.03610	0.66291	0.04273	0.04477	0.05199	0.00342	0.00511	0.01838	0.00627	0.00586

[dist]
# distance from previous block
# <min> <max>
8	18

[block]
# block no. 5 follows, 30 sequences, length 60
# corresponding to MSA columns:
# 366-425
name=unknown_F
#
# <colnr> <probs for GDERKNQSTAVLIFYWHMCP>
#	G	D	E	R	K	N	Q	S	T	A	V	L	I	F	Y	W	H	M	C	P
