[name]
unknown

[dist]
# distance from previous block
# <min> <max>
0	81

[block]
# block no. 0 follows, 31 sequences, length 41
# corresponding to MSA columns:
# 96-136
name=unknown_A
#
# <colnr> <probs for GDERKNQSTAVLIFYWHMCP>
#	G	D	E	R	K	N	Q	S	T	A	V	L	I	F	Y	W	H	M	C	P
0	0.01307	0.10368	0.39868	0.01613	0.04209	0.01436	0.01775	0.01913	0.04678	0.02112	0.07813	0.13994	0.04110	0.00994	0.00685	0.00220	0.00775	0.00831	0.00416	0.00884
1	0.01670	0.01753	0.07092	0.04001	0.64317	0.01628	0.05250	0.02108	0.01554	0.02229	0.01288	0.01685	0.01068	0.00611	0.00682	0.00205	0.00841	0.00612	0.00336	0.01072
2	0.01972	0.58194	0.05435	0.01324	0.01872	0.17946	0.01247	0.02200	0.01511	0.01641	0.00983	0.01138	0.00878	0.00613	0.00484	0.00155	0.00849	0.00387	0.00305	0.00864
3	0.00839	0.00694	0.00735	0.00725	0.00943	0.00591	0.00544	0.01041	0.01632	0.02019	0.19247	0.06302	0.58988	0.01669	0.00808	0.00228	0.00342	0.01404	0.00658	0.00591
4	0.01916	0.56182	0.06775	0.01492	0.06150	0.14066	0.01321	0.02169	0.01492	0.01687	0.01003	0.01174	0.00890	0.00610	0.00493	0.00158	0.00833	0.00400	0.00305	0.00884
5	0.00809	0.00693	0.00693	0.00693	0.00924	0.00578	0.00520	0.00982	0.01559	0.01848	0.06931	0.06584	0.71411	0.01733	0.00809	0.00231	0.00347	0.01444	0.00635	0.00578
6	0.00858	0.00689	0.00768	0.00781	0.00976	0.00600	0.00586	0.01062	0.01610	0.02025	0.19200	0.13319	0.48341	0.01716	0.00822	0.00237	0.00361	0.04799	0.00658	0.00591
7	0.02440	0.01026	0.01381	0.01106	0.01528	0.00896	0.00895	0.02717	0.01940	0.51492	0.21164	0.03200	0.05071	0.01021	0.00723	0.00213	0.00506	0.00858	0.00815	0.01008
8	0.01857	0.01494	0.01595	0.01400	0.01809	0.01703	0.01099	0.09627	0.60655	0.06694	0.02676	0.02457	0.01983	0.00914	0.00695	0.00229	0.00563	0.00755	0.00703	0.01095
9	0.00977	0.00733	0.01100	0.01100	0.01222	0.00855	0.00855	0.01222	0.01100	0.01588	0.01833	0.02688	0.01710	0.05131	0.73245	0.01100	0.01833	0.00733	0.00367	0.00611
10	0.02382	0.01808	0.01930	0.01530	0.02038	0.02020	0.01248	0.53442	0.19538	0.03960	0.01920	0.01863	0.01388	0.00847	0.00687	0.00212	0.00702	0.00654	0.00687	0.01144
11	0.04399	0.64826	0.03308	0.01237	0.01767	0.07017	0.01186	0.02065	0.01396	0.01663	0.00955	0.01131	0.00875	0.00632	0.00560	0.00160	0.05278	0.00385	0.00301	0.00860
12	0.02235	0.01439	0.01680	0.01377	0.01750	0.05876	0.01117	0.09841	0.10126	0.28359	0.06211	0.02290	0.03776	0.00954	0.00992	0.00223	0.15201	0.00697	0.00637	0.05218
13	0.02204	0.01817	0.01839	0.01508	0.01914	0.10688	0.01216	0.43732	0.02521	0.03296	0.01626	0.03930	0.01308	0.01614	0.13366	0.00364	0.04854	0.00653	0.00566	0.00982
14	0.80789	0.01323	0.01006	0.00900	0.01323	0.01535	0.00741	0.02011	0.01164	0.03070	0.00953	0.01111	0.00741	0.00635	0.00423	0.00212	0.00529	0.00370	0.00423	0.00741
15	0.02355	0.06328	0.06106	0.01401	0.01834	0.13069	0.01198	0.04282	0.04686	0.32725	0.04597	0.02203	0.04777	0.00904	0.00868	0.00215	0.10211	0.00662	0.00604	0.00974
16	0.00904	0.00690	0.00817	0.00796	0.00969	0.00617	0.00585	0.01144	0.01716	0.02286	0.40383	0.08783	0.30594	0.05538	0.00953	0.00248	0.00353	0.01334	0.00685	0.00604
17	0.01324	0.01278	0.02249	0.67232	0.04599	0.01541	0.08572	0.01792	0.01392	0.01792	0.01233	0.01826	0.00924	0.00673	0.00696	0.00228	0.00936	0.00628	0.00308	0.00776
18	0.01147	0.00889	0.01036	0.01042	0.01229	0.00909	0.00771	0.05809	0.15149	0.02254	0.11237	0.32478	0.13579	0.04052	0.00899	0.00265	0.00455	0.05433	0.00656	0.00710
19	0.30726	0.01426	0.01672	0.17551	0.08052	0.01592	0.01257	0.15986	0.01765	0.11825	0.01404	0.01582	0.01016	0.00709	0.00589	0.00213	0.00690	0.00534	0.00498	0.00914
20	0.01808	0.01478	0.01937	0.36309	0.03266	0.01713	0.01526	0.28663	0.06515	0.02842	0.01834	0.02089	0.05396	0.00818	0.00693	0.00219	0.00791	0.00673	0.00500	0.00929
21	0.00916	0.00685	0.00851	0.00836	0.00997	0.00619	0.00617	0.01181	0.01774	0.02421	0.48695	0.14458	0.20299	0.01567	0.00816	0.00227	0.00337	0.01373	0.00712	0.00619
22	0.01802	0.01853	0.02603	0.08108	0.56849	0.12676	0.01967	0.02176	0.01605	0.02119	0.01247	0.01630	0.01042	0.00629	0.00668	0.00201	0.00884	0.00583	0.00339	0.01019
23	0.01606	0.01111	0.01372	0.01317	0.01597	0.01157	0.01113	0.20637	0.02055	0.06266	0.05253	0.09265	0.03156	0.01533	0.00850	0.00274	0.00640	0.39335	0.00661	0.00804
24	0.22250	0.01538	0.02152	0.10600	0.37792	0.01651	0.01629	0.10198	0.01636	0.02650	0.01236	0.01550	0.00986	0.00650	0.00613	0.00208	0.00743	0.00548	0.00399	0.00970
25	0.01894	0.63382	0.03301	0.01242	0.01775	0.02551	0.01196	0.05091	0.01470	0.05019	0.01059	0.01212	0.00930	0.00658	0.00610	0.00165	0.06802	0.00411	0.00337	0.00893
26	0.00834	0.00595	0.00794	0.00953	0.00992	0.00556	0.00635	0.00953	0.01310	0.01746	0.03771	0.75510	0.04525	0.02143	0.00873	0.00278	0.00397	0.01945	0.00635	0.00556
27	0.02601	0.01916	0.02053	0.01574	0.02122	0.02122	0.01300	0.69408	0.03217	0.04312	0.01643	0.01643	0.01163	0.00821	0.00684	0.00205	0.00753	0.00616	0.00684	0.01163
28	0.02459	0.11112	0.01920	0.01321	0.01827	0.05934	0.01095	0.13288	0.14842	0.31499	0.02145	0.01989	0.01493	0.00797	0.00643	0.00198	0.00656	0.00621	0.00668	0.05493
29	0.02601	0.01916	0.02053	0.01574	0.02122	0.02122	0.01300	0.69408	0.03217	0.04312	0.01643	0.01643	0.01163	0.00821	0.00684	0.00205	0.00753	0.00616	0.00684	0.01163
30	0.01188	0.00594	0.00891	0.00891	0.00891	0.00594	0.00594	0.00891	0.00891	0.01188	0.01188	0.02080	0.01188	0.02377	0.02674	0.80095	0.00594	0.00594	0.00297	0.00297
31	0.00943	0.00694	0.00889	0.00855	0.01016	0.00640	0.00638	0.01235	0.01831	0.02547	0.57920	0.08874	0.13679	0.01608	0.03364	0.00251	0.00383	0.01280	0.00720	0.00632
32	0.01060	0.00600	0.00848	0.00898	0.00911	0.00588	0.00592	0.00919	0.01032	0.01376	0.02085	0.25448	0.02351	0.08527	0.02174	0.48196	0.00538	0.01054	0.00414	0.00389
33	0.01408	0.02811	0.47981	0.13373	0.09522	0.01615	0.05736	0.02070	0.01431	0.02082	0.01222	0.01549	0.00904	0.00676	0.00749	0.00222	0.04836	0.00551	0.00299	0.00961
34	0.02184	0.05156	0.01914	0.01782	0.06896	0.46378	0.01286	0.06635	0.05334	0.01924	0.01314	0.01579	0.01103	0.01396	0.11841	0.00324	0.01213	0.00523	0.00390	0.00826
35	0.01482	0.01253	0.01453	0.01043	0.01648	0.00977	0.00837	0.05336	0.01515	0.02340	0.01239	0.01431	0.01021	0.00523	0.00516	0.00107	0.00520	0.00417	0.00420	0.75922
36	0.08064	0.01240	0.01286	0.01130	0.01467	0.04410	0.00882	0.13765	0.12960	0.10659	0.11148	0.11024	0.16751	0.01215	0.00722	0.00224	0.00532	0.01004	0.00661	0.00856
37	0.01901	0.41810	0.02663	0.01323	0.01767	0.20729	0.01148	0.03712	0.04644	0.01754	0.01351	0.07142	0.01275	0.01030	0.04877	0.00226	0.00894	0.00555	0.00367	0.00830
38	0.29367	0.06277	0.18549	0.01698	0.06086	0.01589	0.12344	0.03737	0.01450	0.04522	0.03578	0.01540	0.01092	0.00655	0.00585	0.00206	0.00770	0.00532	0.00396	0.05029
39	0.04298	0.21765	0.02140	0.11707	0.02117	0.21839	0.01208	0.02056	0.03913	0.01870	0.09056	0.05714	0.01771	0.01067	0.04359	0.00239	0.03060	0.00640	0.00402	0.00780
40	0.13963	0.05434	0.02087	0.01607	0.01949	0.05618	0.08576	0.09520	0.07709	0.02384	0.01252	0.01544	0.01034	0.00855	0.01153	0.00229	0.25739	0.00565	0.00414	0.08365

[dist]
# distance from previous block
# <min> <max>
29	42

[block]
# block no. 1 follows, 31 sequences, length 13
# corresponding to MSA columns:
# 180-192
name=unknown_B
#
# <colnr> <probs for GDERKNQSTAVLIFYWHMCP>
#	G	D	E	R	K	N	Q	S	T	A	V	L	I	F	Y	W	H	M	C	P
0	0.01588	0.01531	0.02196	0.11116	0.13353	0.05739	0.10513	0.06122	0.01572	0.02188	0.04826	0.03739	0.01367	0.00780	0.00903	0.00202	0.12026	0.00645	0.00396	0.19198
1	0.05806	0.01351	0.01580	0.04018	0.08624	0.05254	0.01140	0.17324	0.03743	0.10159	0.11568	0.09736	0.02580	0.01115	0.00729	0.00224	0.00639	0.09679	0.00610	0.04121
2	0.04214	0.03902	0.08583	0.01332	0.01801	0.01444	0.01168	0.26379	0.02082	0.10658	0.01991	0.09827	0.01743	0.04877	0.05453	0.00287	0.00749	0.04027	0.00574	0.08908
3	0.01725	0.01488	0.09510	0.05906	0.01897	0.01251	0.01133	0.18377	0.01858	0.09789	0.02133	0.09574	0.05116	0.10660	0.01034	0.00256	0.00660	0.00791	0.00535	0.16309
4	0.01361	0.01154	0.07760	0.01214	0.01502	0.00985	0.01053	0.03830	0.11994	0.08002	0.09850	0.16040	0.06028	0.01529	0.00930	0.05308	0.00570	0.19511	0.00620	0.00760
5	0.02138	0.06643	0.02082	0.01601	0.01967	0.09436	0.01316	0.31721	0.11502	0.02978	0.01499	0.01651	0.01172	0.00906	0.01069	0.00227	0.19978	0.00599	0.00527	0.00988
6	0.01419	0.01216	0.01419	0.01013	0.01621	0.00912	0.00811	0.01723	0.01419	0.02229	0.01216	0.01419	0.01013	0.00507	0.00507	0.00101	0.00507	0.00405	0.00405	0.80139
7	0.01245	0.00796	0.00992	0.00927	0.01155	0.00733	0.00714	0.01597	0.05136	0.11481	0.38355	0.08638	0.18786	0.01440	0.00798	0.00228	0.00394	0.05147	0.00725	0.00715
8	0.01652	0.01583	0.02702	0.11487	0.64727	0.01615	0.02079	0.02063	0.01538	0.02184	0.01280	0.01707	0.01066	0.00617	0.00678	0.00206	0.00823	0.00609	0.00335	0.01050
9	0.00945	0.00747	0.00990	0.04569	0.01253	0.00785	0.00780	0.01093	0.01312	0.01738	0.03667	0.46944	0.12932	0.06573	0.01167	0.00298	0.08221	0.04831	0.00570	0.00584
10	0.01576	0.01530	0.02707	0.11653	0.49366	0.01547	0.10786	0.01993	0.01532	0.02144	0.01492	0.05519	0.01323	0.00732	0.00714	0.00217	0.00842	0.02982	0.00360	0.00985
11	0.01292	0.01216	0.02052	0.74312	0.04712	0.01520	0.01900	0.01748	0.01368	0.01748	0.01216	0.01824	0.00912	0.00684	0.00684	0.00228	0.00912	0.00608	0.00304	0.00760
12	0.01503	0.01628	0.03351	0.27551	0.03968	0.01658	0.45961	0.02038	0.01530	0.02038	0.01326	0.01838	0.00995	0.00614	0.00765	0.00230	0.01070	0.00739	0.00332	0.00867

[dist]
# distance from previous block
# <min> <max>
0	1

[block]
# block no. 2 follows, 31 sequences, length 27
# corresponding to MSA columns:
# 194-220
name=unknown_C
#
# <colnr> <probs for GDERKNQSTAVLIFYWHMCP>
#	G	D	E	R	K	N	Q	S	T	A	V	L	I	F	Y	W	H	M	C	P
0	0.01423	0.01131	0.05581	0.12082	0.06583	0.01016	0.01168	0.04894	0.01665	0.11471	0.08259	0.10270	0.17776	0.01315	0.00779	0.00241	0.00602	0.12378	0.00584	0.00782
1	0.01030	0.00739	0.00977	0.01101	0.01212	0.00727	0.00845	0.04857	0.01512	0.01998	0.03600	0.46267	0.04123	0.01977	0.00890	0.00288	0.00503	0.26102	0.00636	0.00616
2	0.01292	0.01216	0.02052	0.74312	0.04712	0.01520	0.01900	0.01748	0.01368	0.01748	0.01216	0.01824	0.00912	0.00684	0.00684	0.00228	0.00912	0.00608	0.00304	0.00760
3	0.01584	0.01848	0.05519	0.06822	0.03044	0.10348	0.43725	0.02046	0.01601	0.02054	0.03311	0.11511	0.01592	0.00827	0.00779	0.00229	0.01024	0.00899	0.00390	0.00845
4	0.01475	0.06120	0.47187	0.06036	0.21523	0.01645	0.02322	0.02123	0.01469	0.02140	0.01231	0.01515	0.00928	0.00638	0.00650	0.00210	0.00940	0.00532	0.00303	0.01013
5	0.01271	0.01193	0.01992	0.71067	0.04545	0.01478	0.01839	0.01714	0.01376	0.01752	0.01468	0.02034	0.04019	0.00730	0.00689	0.00228	0.00887	0.00645	0.00319	0.00752
6	0.01302	0.01193	0.02002	0.64336	0.08061	0.01455	0.01820	0.01715	0.01364	0.01760	0.01309	0.02050	0.01048	0.00804	0.00786	0.03948	0.00881	0.03098	0.00318	0.00751
7	0.06567	0.23782	0.25144	0.01991	0.15564	0.03875	0.01728	0.02140	0.01501	0.05759	0.04985	0.01609	0.01248	0.00675	0.00590	0.00192	0.00809	0.00524	0.00364	0.00952
8	0.01318	0.00952	0.01548	0.18724	0.02248	0.00974	0.08461	0.01572	0.01419	0.10486	0.02662	0.37247	0.02796	0.03178	0.00905	0.02337	0.00637	0.01289	0.00537	0.00710
9	0.01292	0.01216	0.02052	0.74312	0.04712	0.01520	0.01900	0.01748	0.01368	0.01748	0.01216	0.01824	0.00912	0.00684	0.00684	0.00228	0.00912	0.00608	0.00304	0.00760
10	0.01837	0.01440	0.01551	0.01375	0.01776	0.01633	0.01075	0.03606	0.63700	0.09694	0.02776	0.02530	0.02049	0.00920	0.00695	0.00230	0.00545	0.00765	0.00711	0.01091
11	0.02651	0.01061	0.01442	0.01163	0.01604	0.00924	0.00936	0.02897	0.01864	0.58825	0.06047	0.12962	0.02322	0.01059	0.00720	0.00221	0.00543	0.00894	0.00812	0.01053
12	0.01372	0.08876	0.59188	0.01840	0.02731	0.01598	0.04423	0.02062	0.01435	0.02091	0.01414	0.07327	0.01164	0.00762	0.00657	0.00217	0.00945	0.00619	0.00319	0.00962
13	0.00834	0.00595	0.00794	0.00953	0.00992	0.00556	0.00635	0.00953	0.01310	0.01746	0.03771	0.75510	0.04525	0.02143	0.00873	0.00278	0.00397	0.01945	0.00635	0.00556
14	0.00904	0.00750	0.00801	0.00809	0.01031	0.00675	0.00617	0.01216	0.06414	0.01973	0.09335	0.10074	0.54455	0.01694	0.00815	0.00239	0.00384	0.06548	0.00645	0.00619
15	0.11494	0.01686	0.07147	0.24119	0.05687	0.01630	0.34221	0.02031	0.01472	0.02169	0.01267	0.01717	0.00954	0.00622	0.00708	0.00226	0.00983	0.00668	0.00339	0.00861
16	0.01471	0.02003	0.17131	0.04900	0.09438	0.01551	0.39596	0.02022	0.01545	0.02130	0.01782	0.06648	0.04935	0.00758	0.00764	0.00228	0.00996	0.00828	0.00366	0.00908
17	0.11404	0.43255	0.09254	0.01339	0.01901	0.14685	0.01279	0.06423	0.01579	0.02017	0.01039	0.01189	0.00879	0.00633	0.00503	0.00170	0.00822	0.00408	0.00343	0.00877
18	0.01719	0.01955	0.09695	0.08661	0.53017	0.08813	0.02051	0.02145	0.01571	0.02137	0.01253	0.01631	0.01029	0.00628	0.00669	0.00204	0.00882	0.00582	0.00333	0.01024
19	0.01389	0.03438	0.68740	0.02069	0.06585	0.01591	0.02505	0.02163	0.01450	0.02170	0.01231	0.01458	0.00878	0.00648	0.00651	0.00216	0.01001	0.00511	0.00292	0.01015
20	0.01863	0.01395	0.01510	0.08362	0.04181	0.07881	0.01085	0.04405	0.24163	0.17163	0.03268	0.03127	0.16606	0.01026	0.00709	0.00220	0.00622	0.00843	0.00634	0.00936
21	0.06825	0.48652	0.15701	0.01374	0.01995	0.11839	0.01410	0.02159	0.01459	0.01811	0.01016	0.01180	0.00868	0.00616	0.00500	0.00167	0.00837	0.00401	0.00308	0.00882
22	0.02140	0.08903	0.07962	0.02003	0.13103	0.36661	0.01460	0.06046	0.01814	0.05024	0.01537	0.01712	0.04709	0.00885	0.02974	0.00217	0.01023	0.00549	0.00395	0.00884
23	0.01540	0.01852	0.08877	0.07137	0.07643	0.01688	0.47225	0.02064	0.01532	0.02105	0.01522	0.01951	0.03645	0.00688	0.00903	0.00234	0.07384	0.00765	0.00345	0.00902
24	0.01071	0.00980	0.05502	0.01115	0.01366	0.00838	0.00982	0.01505	0.07079	0.02127	0.10561	0.06347	0.23159	0.01645	0.00855	0.00269	0.00538	0.32760	0.00627	0.00676
25	0.01675	0.01735	0.09187	0.07929	0.02939	0.03901	0.36496	0.02171	0.01683	0.10730	0.12433	0.02355	0.01933	0.00758	0.00762	0.00223	0.00925	0.00804	0.00462	0.00899
26	0.02147	0.15390	0.20756	0.01555	0.05122	0.01608	0.01500	0.10788	0.01857	0.25135	0.06133	0.01936	0.01536	0.00769	0.00640	0.00200	0.00737	0.00604	0.00551	0.01036

[dist]
# distance from previous block
# <min> <max>
0	1

[block]
# block no. 3 follows, 31 sequences, length 168
# corresponding to MSA columns:
# 222-389
name=unknown_D
#
# <colnr> <probs for GDERKNQSTAVLIFYWHMCP>
#	G	D	E	R	K	N	Q	S	T	A	V	L	I	F	Y	W	H	M	C	P
0	0.02989	0.01206	0.01603	0.01238	0.01762	0.01079	0.01020	0.05752	0.05197	0.66463	0.02665	0.02314	0.01693	0.00850	0.00688	0.00212	0.00586	0.00689	0.00834	0.01160
1	0.03070	0.01164	0.01588	0.01217	0.01746	0.01006	0.01006	0.03334	0.01958	0.72163	0.02699	0.02329	0.01694	0.00847	0.00688	0.00212	0.00582	0.00688	0.00847	0.01164
2	0.00915	0.00707	0.00746	0.00733	0.00955	0.00601	0.00544	0.01091	0.01562	0.04619	0.10017	0.08321	0.59850	0.05152	0.00930	0.00251	0.00371	0.01397	0.00640	0.00596
3	0.01510	0.03089	0.51796	0.02278	0.11323	0.06225	0.07351	0.02178	0.01489	0.02127	0.01224	0.01493	0.00908	0.00662	0.00719	0.00216	0.03578	0.00540	0.00304	0.00990
4	0.01497	0.04140	0.02444	0.44963	0.14237	0.01668	0.09460	0.05882	0.01519	0.02014	0.01245	0.01753	0.00965	0.00692	0.00769	0.00224	0.04719	0.00622	0.00336	0.00855
5	0.02499	0.01503	0.01733	0.01381	0.01858	0.01568	0.01120	0.35644	0.08267	0.25850	0.02294	0.09379	0.01751	0.00972	0.00706	0.00217	0.00644	0.00786	0.00733	0.01096
6	0.01518	0.01851	0.16086	0.05943	0.42774	0.01485	0.01976	0.02034	0.03763	0.02189	0.01767	0.02550	0.03425	0.00819	0.00709	0.00222	0.00811	0.08707	0.00383	0.00987
7	0.12659	0.02414	0.19888	0.05070	0.04426	0.14344	0.01579	0.21328	0.07094	0.02842	0.01394	0.01526	0.01035	0.00727	0.00629	0.00207	0.00867	0.00535	0.00462	0.00975
8	0.00912	0.00634	0.00797	0.00896	0.00929	0.00612	0.00585	0.01000	0.01210	0.01610	0.03156	0.44250	0.03722	0.29762	0.01855	0.00425	0.00513	0.06071	0.00552	0.00508
9	0.01739	0.62028	0.17137	0.01324	0.01993	0.02487	0.01438	0.02072	0.01401	0.01719	0.01006	0.01166	0.00876	0.00598	0.00481	0.00160	0.00787	0.00393	0.00292	0.00904
10	0.01758	0.01675	0.01553	0.01373	0.01773	0.12308	0.01063	0.03164	0.49261	0.02566	0.02537	0.02410	0.04940	0.00884	0.00668	0.00209	0.00633	0.00713	0.00609	0.09904
11	0.01731	0.01439	0.01591	0.04764	0.01874	0.01646	0.01115	0.15114	0.42855	0.02948	0.07390	0.02730	0.06394	0.00992	0.00778	0.00229	0.03944	0.00802	0.00658	0.01006
12	0.03869	0.00927	0.01129	0.03207	0.01338	0.00928	0.00802	0.09830	0.04180	0.05771	0.45475	0.06861	0.08525	0.01301	0.00773	0.00221	0.00431	0.02977	0.00709	0.00744
13	0.01530	0.01433	0.02119	0.05596	0.37447	0.03992	0.03819	0.04410	0.07083	0.02261	0.04924	0.03081	0.12921	0.00946	0.00726	0.00219	0.00715	0.05388	0.00461	0.00929
14	0.74762	0.01385	0.03272	0.00947	0.01394	0.01512	0.00809	0.02076	0.01209	0.06185	0.01041	0.01177	0.00788	0.00645	0.00443	0.00212	0.00547	0.00389	0.00438	0.00769
15	0.01637	0.01568	0.02663	0.09831	0.64362	0.01589	0.02042	0.02042	0.01542	0.02185	0.01429	0.01832	0.02917	0.00645	0.00681	0.00206	0.00809	0.00631	0.00344	0.01044
16	0.00999	0.00760	0.01150	0.01193	0.03352	0.00878	0.00893	0.01248	0.01113	0.01608	0.01816	0.02658	0.01691	0.04994	0.71052	0.01072	0.01802	0.00729	0.00366	0.00625
17	0.02594	0.02122	0.02036	0.01603	0.02121	0.13001	0.01304	0.59203	0.03021	0.03908	0.01553	0.01580	0.01120	0.00803	0.00674	0.00201	0.00826	0.00589	0.00634	0.01107
18	0.00809	0.00690	0.00696	0.00701	0.00926	0.00577	0.00524	0.00981	0.01551	0.01845	0.06828	0.08818	0.69243	0.01746	0.00811	0.00233	0.00348	0.01460	0.00635	0.00577
19	0.01188	0.00594	0.00891	0.00891	0.00891	0.00594	0.00594	0.00891	0.00891	0.01188	0.01188	0.02080	0.01188	0.02377	0.02674	0.80095	0.00594	0.00594	0.00297	0.00297
20	0.01292	0.01216	0.02052	0.74312	0.04712	0.01520	0.01900	0.01748	0.01368	0.01748	0.01216	0.01824	0.00912	0.00684	0.00684	0.00228	0.00912	0.00608	0.00304	0.00760
21	0.01428	0.01335	0.02209	0.48987	0.23888	0.01531	0.01886	0.03810	0.01485	0.01968	0.01472	0.01967	0.03725	0.00707	0.00687	0.00220	0.00856	0.00641	0.00338	0.00858
22	0.01633	0.45073	0.33161	0.01506	0.02274	0.02227	0.01754	0.02099	0.01413	0.01849	0.01070	0.01247	0.00873	0.00613	0.00530	0.00177	0.00852	0.00426	0.00291	0.00935
23	0.01003	0.00750	0.01066	0.01053	0.01144	0.00867	0.00788	0.01191	0.01075	0.01534	0.01862	0.03023	0.01843	0.20228	0.55188	0.00971	0.04682	0.00784	0.00374	0.00574
24	0.01408	0.09253	0.67012	0.01889	0.02866	0.01677	0.02421	0.02157	0.01440	0.02123	0.01206	0.01417	0.00868	0.00645	0.00633	0.00211	0.00989	0.00495	0.00289	0.01001
25	0.02527	0.02873	0.01970	0.03993	0.02198	0.53869	0.01335	0.18733	0.02228	0.02311	0.01203	0.01351	0.00950	0.00732	0.00635	0.00185	0.01108	0.00488	0.00431	0.00881
26	0.01483	0.01257	0.01453	0.01052	0.01650	0.00995	0.00843	0.04931	0.03890	0.02348	0.01290	0.01468	0.01057	0.00536	0.00521	0.00111	0.00519	0.00428	0.00428	0.73738
27	0.02490	0.03145	0.01972	0.01845	0.04427	0.68361	0.01354	0.02673	0.01895	0.01692	0.01060	0.01258	0.00889	0.00719	0.00675	0.00181	0.03761	0.00452	0.00350	0.00801
28	0.02640	0.01765	0.01949	0.01504	0.02040	0.01908	0.01239	0.54864	0.06133	0.16030	0.01879	0.01804	0.01299	0.00831	0.00686	0.00208	0.00713	0.00636	0.00713	0.01160
29	0.01829	0.76368	0.03585	0.01171	0.01756	0.02707	0.01171	0.02049	0.01390	0.01610	0.00951	0.01097	0.00878	0.00585	0.00439	0.00146	0.00732	0.00366	0.00293	0.00878
30	0.02655	0.04946	0.02032	0.01491	0.02037	0.01940	0.01240	0.54326	0.02906	0.16740	0.01808	0.01746	0.01249	0.00816	0.00675	0.00204	0.00720	0.00619	0.00698	0.01151
31	0.01551	0.01289	0.01367	0.01238	0.01592	0.01435	0.00960	0.03050	0.53168	0.04764	0.05925	0.03386	0.15152	0.01092	0.00721	0.00231	0.00499	0.00912	0.00691	0.00976
32	0.00849	0.00607	0.00807	0.00942	0.00996	0.00566	0.00636	0.00991	0.01380	0.01858	0.11343	0.67619	0.04741	0.02060	0.00866	0.00271	0.00389	0.01866	0.00648	0.00566
33	0.01693	0.01626	0.02777	0.04199	0.71689	0.01626	0.02100	0.02100	0.01558	0.02235	0.01287	0.01693	0.01084	0.00610	0.00677	0.00203	0.00813	0.00610	0.00339	0.01084
34	0.00834	0.00595	0.00794	0.00953	0.00992	0.00556	0.00635	0.00953	0.01310	0.01746	0.03771	0.75510	0.04525	0.02143	0.00873	0.00278	0.00397	0.01945	0.00635	0.00556
35	0.01095	0.00785	0.01092	0.01245	0.01404	0.00782	0.01087	0.01406	0.01575	0.02042	0.03710	0.07687	0.05717	0.01886	0.00941	0.00313	0.00622	0.65353	0.00630	0.00629
36	0.01279	0.01198	0.02015	0.72155	0.04603	0.01492	0.01863	0.01725	0.01366	0.01748	0.01291	0.03991	0.01018	0.00727	0.00690	0.00229	0.00897	0.00647	0.00314	0.00754
37	0.01829	0.76368	0.03585	0.01171	0.01756	0.02707	0.01171	0.02049	0.01390	0.01610	0.00951	0.01097	0.00878	0.00585	0.00439	0.00146	0.00732	0.00366	0.00293	0.00878
38	0.01615	0.01845	0.04037	0.02884	0.03576	0.01730	0.69204	0.02191	0.01615	0.02191	0.01384	0.01845	0.01038	0.00577	0.00807	0.00231	0.01153	0.00807	0.00346	0.00923
39	0.00809	0.00693	0.00693	0.00693	0.00924	0.00578	0.00520	0.00982	0.01559	0.01848	0.06931	0.06584	0.71411	0.01733	0.00809	0.00231	0.00347	0.01444	0.00635	0.00578
40	0.00814	0.00693	0.00700	0.00698	0.00927	0.00580	0.00524	0.00992	0.01571	0.01877	0.08993	0.06537	0.69331	0.01722	0.00809	0.00231	0.00346	0.01437	0.00639	0.00580
41	0.01081	0.00772	0.01078	0.01236	0.01384	0.00769	0.01066	0.01381	0.01554	0.02024	0.03634	0.13040	0.03983	0.01910	0.00939	0.00312	0.00612	0.61969	0.00630	0.00624
42	0.03070	0.01164	0.01588	0.01217	0.01746	0.01006	0.01006	0.03334	0.01958	0.72163	0.02699	0.02329	0.01694	0.00847	0.00688	0.00212	0.00582	0.00688	0.00847	0.01164
43	0.01592	0.01521	0.02579	0.16752	0.57299	0.01573	0.02012	0.02000	0.01524	0.02135	0.01457	0.01875	0.03329	0.00659	0.00683	0.00209	0.00816	0.00636	0.00342	0.01009
44	0.03070	0.01164	0.01588	0.01217	0.01746	0.01006	0.01006	0.03334	0.01958	0.72163	0.02699	0.02329	0.01694	0.00847	0.00688	0.00212	0.00582	0.00688	0.00847	0.01164
45	0.00977	0.00733	0.01100	0.01100	0.01222	0.00855	0.00855	0.01222	0.01100	0.01588	0.01833	0.02688	0.01710	0.05131	0.73245	0.01100	0.01833	0.00733	0.00367	0.00611
46	0.02989	0.01182	0.01585	0.01228	0.01748	0.01047	0.01010	0.03352	0.05993	0.68081	0.02704	0.02342	0.01717	0.00852	0.00688	0.00213	0.00580	0.00693	0.00838	0.01160
47	0.02161	0.02376	0.01863	0.01724	0.04691	0.36967	0.01286	0.08682	0.20215	0.02240	0.01591	0.01708	0.01264	0.00953	0.03105	0.00234	0.06993	0.00574	0.00469	0.00905
48	0.00816	0.00693	0.00703	0.00701	0.00929	0.00581	0.00526	0.00996	0.01577	0.01890	0.09933	0.06515	0.68383	0.01717	0.00808	0.00230	0.00345	0.01434	0.00641	0.00581
49	0.03070	0.01164	0.01588	0.01217	0.01746	0.01006	0.01006	0.03334	0.01958	0.72163	0.02699	0.02329	0.01694	0.00847	0.00688	0.00212	0.00582	0.00688	0.00847	0.01164
50	0.01663	0.01594	0.02722	0.09524	0.66602	0.01618	0.02084	0.02073	0.01543	0.02198	0.01281	0.01703	0.01071	0.00615	0.00678	0.00205	0.00820	0.00609	0.00336	0.01059
51	0.02638	0.01604	0.01833	0.01420	0.01937	0.01682	0.01168	0.43086	0.04864	0.25578	0.05519	0.02062	0.01626	0.00862	0.00692	0.00209	0.00671	0.00675	0.00739	0.01135
52	0.01747	0.01760	0.02645	0.06367	0.57901	0.09052	0.03821	0.02133	0.01593	0.02152	0.01337	0.01846	0.01146	0.00662	0.00683	0.00206	0.00864	0.02713	0.00348	0.01023
53	0.02528	0.03208	0.01965	0.01840	0.04335	0.70926	0.01347	0.02712	0.01927	0.01692	0.01065	0.01248	0.00888	0.00702	0.00619	0.00177	0.01220	0.00446	0.00352	0.00802
54	0.01667	0.08372	0.33273	0.02011	0.10927	0.05269	0.06497	0.02200	0.01577	0.09949	0.07298	0.01919	0.01502	0.00898	0.03500	0.00242	0.00912	0.00615	0.00407	0.00963
55	0.01921	0.15989	0.02032	0.01377	0.01830	0.04265	0.01135	0.17785	0.37552	0.02867	0.02274	0.02175	0.04134	0.00861	0.00646	0.00208	0.00640	0.00674	0.00603	0.01034
56	0.10922	0.11476	0.01905	0.01361	0.01797	0.14636	0.01121	0.24731	0.02162	0.08386	0.07357	0.02065	0.01644	0.01024	0.03720	0.00237	0.00804	0.03179	0.00548	0.00925
57	0.00832	0.00600	0.00789	0.00941	0.00989	0.00557	0.00630	0.00954	0.01321	0.01751	0.03914	0.72374	0.07568	0.02125	0.00870	0.00276	0.00395	0.01922	0.00635	0.00557
58	0.00977	0.00733	0.01100	0.01100	0.01222	0.00855	0.00855	0.01222	0.01100	0.01588	0.01833	0.02688	0.01710	0.05131	0.73245	0.01100	0.01833	0.00733	0.00367	0.00611
59	0.01948	0.25203	0.09311	0.01711	0.09002	0.21684	0.01379	0.06546	0.01744	0.04041	0.07348	0.04240	0.01552	0.00775	0.00603	0.00184	0.00856	0.00581	0.00407	0.00884
60	0.02292	0.01542	0.01708	0.01364	0.01796	0.01660	0.01086	0.42334	0.08009	0.13081	0.02031	0.04791	0.01626	0.12171	0.01113	0.00280	0.00686	0.00741	0.00666	0.01024
61	0.00834	0.00595	0.00794	0.00953	0.00992	0.00556	0.00635	0.00953	0.01310	0.01746	0.03771	0.75510	0.04525	0.02143	0.00873	0.00278	0.00397	0.01945	0.00635	0.00556
62	0.00992	0.00750	0.00945	0.01030	0.01201	0.00715	0.00837	0.01294	0.03773	0.02038	0.10399	0.15952	0.23072	0.01806	0.00877	0.00275	0.00490	0.32286	0.00645	0.00621
63	0.01779	0.01994	0.05666	0.05950	0.38384	0.12692	0.19178	0.02211	0.01620	0.02117	0.01271	0.01656	0.01026	0.00620	0.00700	0.00208	0.00976	0.00630	0.00339	0.00983
64	0.01531	0.01539	0.02267	0.01867	0.01995	0.04228	0.11586	0.01759	0.01192	0.01801	0.01081	0.01624	0.00986	0.01057	0.01837	0.00274	0.55408	0.00628	0.06573	0.00767
65	0.02064	0.01448	0.01574	0.01273	0.01666	0.01575	0.01018	0.41426	0.05687	0.05163	0.06660	0.02344	0.01802	0.06900	0.02954	0.00261	0.00661	0.00705	0.13858	0.00962
66	0.13512	0.01350	0.02038	0.45363	0.17481	0.01574	0.01733	0.05352	0.01471	0.02179	0.01212	0.01680	0.00933	0.00669	0.00643	0.00219	0.00826	0.00573	0.00349	0.00843
67	0.01464	0.14679	0.43168	0.05098	0.05301	0.01646	0.04137	0.02048	0.01473	0.04290	0.04672	0.06203	0.01398	0.00771	0.00646	0.00209	0.00874	0.00630	0.00355	0.00938
68	0.02589	0.02279	0.02022	0.01625	0.02120	0.21304	0.01306	0.51416	0.02872	0.03600	0.01485	0.01532	0.01087	0.00790	0.00666	0.00197	0.00883	0.00569	0.00595	0.01064
69	0.01515	0.01712	0.05614	0.11601	0.07842	0.01622	0.47816	0.02029	0.01538	0.02093	0.01503	0.06879	0.01256	0.00720	0.00824	0.00233	0.03128	0.00833	0.00357	0.00886
70	0.01288	0.01185	0.01771	0.28265	0.02753	0.03631	0.06335	0.04672	0.01421	0.01878	0.02023	0.24775	0.02088	0.01378	0.03786	0.00284	0.10276	0.01038	0.00431	0.00721
71	0.02434	0.01057	0.01408	0.01126	0.01548	0.00943	0.00911	0.05310	0.02001	0.49120	0.22823	0.03119	0.03072	0.01008	0.00723	0.00212	0.00513	0.00847	0.00813	0.01012
72	0.00809	0.00690	0.00697	0.00702	0.00926	0.00577	0.00524	0.00981	0.01551	0.01845	0.06821	0.08984	0.69082	0.01747	0.00811	0.00233	0.00348	0.01461	0.00635	0.00577
73	0.77703	0.01343	0.01124	0.00977	0.01411	0.01542	0.03410	0.02018	0.01182	0.03035	0.00969	0.01140	0.00753	0.00633	0.00438	0.00212	0.00554	0.00387	0.00420	0.00748
74	0.01503	0.16433	0.49489	0.02147	0.13071	0.01797	0.02218	0.02135	0.01452	0.02076	0.01187	0.01419	0.00901	0.00632	0.00616	0.00202	0.00931	0.00496	0.00297	0.00998
75	0.03070	0.01164	0.01588	0.01217	0.01746	0.01006	0.01006	0.03334	0.01958	0.72163	0.02699	0.02329	0.01694	0.00847	0.00688	0.00212	0.00582	0.00688	0.00847	0.01164
76	0.02052	0.02079	0.01714	0.01522	0.01905	0.25227	0.01176	0.10438	0.37861	0.02580	0.02055	0.02025	0.01576	0.01007	0.03504	0.00245	0.00843	0.00645	0.00569	0.00978
77	0.02437	0.01792	0.01940	0.01522	0.02032	0.01987	0.01248	0.57078	0.10746	0.05804	0.01809	0.01812	0.01308	0.01030	0.03987	0.00249	0.00773	0.00641	0.00676	0.01129
78	0.01829	0.76368	0.03585	0.01171	0.01756	0.02707	0.01171	0.02049	0.01390	0.01610	0.00951	0.01097	0.00878	0.00585	0.00439	0.00146	0.00732	0.00366	0.00293	0.00878
79	0.02768	0.01317	0.01644	0.01289	0.01794	0.01270	0.01055	0.14813	0.10092	0.50298	0.04543	0.02317	0.01787	0.00868	0.00692	0.00213	0.00600	0.00701	0.00798	0.01139
80	0.04092	0.14410	0.59684	0.01798	0.02725	0.01755	0.02264	0.02144	0.01427	0.02113	0.01177	0.01381	0.00864	0.00640	0.00611	0.00206	0.00953	0.00480	0.00294	0.00982
81	0.00834	0.00595	0.00794	0.00953	0.00992	0.00556	0.00635	0.00953	0.01310	0.01746	0.03771	0.75510	0.04525	0.02143	0.00873	0.00278	0.00397	0.01945	0.00635	0.00556
82	0.01522	0.01547	0.02297	0.01814	0.02122	0.04908	0.16111	0.01800	0.01310	0.01905	0.01219	0.05004	0.01124	0.00925	0.01394	0.00232	0.34777	0.00656	0.00352	0.18982
83	0.01783	0.01382	0.01562	0.01187	0.01725	0.01271	0.00953	0.21888	0.04165	0.05095	0.01738	0.05835	0.03217	0.00749	0.00600	0.00153	0.00573	0.00603	0.00531	0.44990
84	0.11105	0.01754	0.01882	0.06277	0.02153	0.01959	0.01246	0.54829	0.02798	0.03936	0.01561	0.01631	0.01123	0.00791	0.00647	0.00206	0.00722	0.00589	0.03721	0.01070
85	0.03052	0.01192	0.01605	0.01230	0.01760	0.01046	0.01016	0.05738	0.02004	0.69694	0.02661	0.02304	0.01674	0.00846	0.00688	0.00211	0.00588	0.00685	0.00841	0.01164
86	0.00840	0.00600	0.00799	0.00948	0.00994	0.00560	0.00636	0.00968	0.01338	0.01792	0.06844	0.72307	0.04613	0.02109	0.00870	0.00275	0.00394	0.01913	0.00640	0.00560
87	0.02016	0.57414	0.05593	0.01280	0.01849	0.10158	0.01226	0.04661	0.01561	0.07176	0.01132	0.01239	0.00951	0.00629	0.00494	0.00159	0.00785	0.00413	0.00356	0.00906
88	0.01449	0.01505	0.02961	0.35641	0.03955	0.01609	0.33867	0.01928	0.01460	0.01938	0.01285	0.01832	0.00980	0.00703	0.00857	0.02773	0.03409	0.00702	0.00324	0.00822
89	0.03070	0.01164	0.01588	0.01217	0.01746	0.01006	0.01006	0.03334	0.01958	0.72163	0.02699	0.02329	0.01694	0.00847	0.00688	0.00212	0.00582	0.00688	0.00847	0.01164
90	0.01690	0.01636	0.02836	0.04138	0.68513	0.01630	0.05228	0.02104	0.01560	0.02233	0.01291	0.01700	0.01082	0.00608	0.00683	0.00204	0.00829	0.00619	0.00339	0.01076
91	0.02568	0.08733	0.09604	0.01288	0.01847	0.03423	0.01177	0.05036	0.01867	0.48084	0.04375	0.02331	0.04850	0.00851	0.00666	0.00206	0.00651	0.00677	0.00699	0.01067
92	0.01102	0.00787	0.01102	0.01260	0.01417	0.00787	0.01102	0.01417	0.01575	0.02047	0.03622	0.07717	0.03937	0.01890	0.00945	0.00315	0.00630	0.67084	0.00630	0.00630
93	0.80789	0.01323	0.01006	0.00900	0.01323	0.01535	0.00741	0.02011	0.01164	0.03070	0.00953	0.01111	0.00741	0.00635	0.00423	0.00212	0.00529	0.00370	0.00423	0.00741
94	0.05205	0.01539	0.02034	0.08235	0.02048	0.05044	0.01490	0.01719	0.01120	0.01723	0.00936	0.01497	0.00891	0.01104	0.01952	0.00284	0.61537	0.00582	0.00308	0.00751
95	0.01552	0.00854	0.01067	0.00934	0.01226	0.00761	0.00728	0.01864	0.03801	0.22505	0.32343	0.04631	0.22364	0.01316	0.00770	0.00219	0.00410	0.01121	0.00747	0.00789
96	0.00834	0.00595	0.00794	0.00953	0.00992	0.00556	0.00635	0.00953	0.01310	0.01746	0.03771	0.75510	0.04525	0.02143	0.00873	0.00278	0.00397	0.01945	0.00635	0.00556
97	0.02706	0.01747	0.01948	0.01494	0.02037	0.01870	0.01234	0.54514	0.02933	0.19606	0.01881	0.01797	0.01283	0.00827	0.00685	0.00207	0.00714	0.00632	0.00721	0.01164
98	0.01326	0.00888	0.01077	0.01095	0.04191	0.00839	0.00777	0.06430	0.04343	0.10980	0.06576	0.23374	0.27304	0.04278	0.00893	0.00256	0.00467	0.03527	0.00651	0.00728
99	0.03070	0.01164	0.01588	0.01217	0.01746	0.01006	0.01006	0.03334	0.01958	0.72163	0.02699	0.02329	0.01694	0.00847	0.00688	0.00212	0.00582	0.00688	0.00847	0.01164
100	0.01693	0.01626	0.02777	0.04199	0.71689	0.01626	0.02100	0.02100	0.01558	0.02235	0.01287	0.01693	0.01084	0.00610	0.00677	0.00203	0.00813	0.00610	0.00339	0.01084
101	0.01808	0.72987	0.06781	0.01207	0.01812	0.02655	0.01234	0.02054	0.01393	0.01635	0.00964	0.01114	0.00877	0.00588	0.00449	0.00150	0.00745	0.00372	0.00292	0.00884
102	0.01528	0.02017	0.16070	0.14972	0.13924	0.01653	0.35476	0.02098	0.01533	0.02119	0.01312	0.01745	0.00992	0.00613	0.00738	0.00224	0.01035	0.00688	0.00327	0.00936
103	0.00848	0.00602	0.00789	0.00934	0.00970	0.00566	0.00615	0.00956	0.01281	0.01708	0.03622	0.68980	0.04338	0.08929	0.01113	0.00313	0.00421	0.01858	0.00615	0.00543
104	0.01002	0.00766	0.01133	0.01119	0.01231	0.00906	0.00869	0.01233	0.01093	0.01581	0.01801	0.02697	0.01701	0.07509	0.67427	0.01047	0.05174	0.00736	0.00365	0.00610
105	0.01813	0.73735	0.06073	0.01199	0.01799	0.02667	0.01220	0.02053	0.01392	0.01630	0.00961	0.01110	0.00878	0.00588	0.00447	0.00149	0.00742	0.00371	0.00293	0.00883
106	0.01367	0.00726	0.00735	0.00702	0.00888	0.00740	0.00535	0.06269	0.01558	0.02672	0.02191	0.02488	0.01713	0.00799	0.00492	0.00163	0.00349	0.00636	0.74304	0.00674
107	0.01343	0.01116	0.01280	0.01162	0.01376	0.05584	0.00912	0.01537	0.01458	0.07380	0.06039	0.16291	0.20205	0.01410	0.01086	0.00238	0.16750	0.04620	0.00539	0.09675
108	0.01454	0.01715	0.14791	0.01391	0.01817	0.04425	0.01257	0.02624	0.35786	0.02437	0.05930	0.14102	0.04970	0.01138	0.00729	0.00236	0.00623	0.03061	0.00593	0.00921
109	0.00934	0.00679	0.00891	0.00954	0.01077	0.00635	0.00716	0.01174	0.01625	0.02205	0.30805	0.30312	0.09934	0.01772	0.00855	0.00256	0.00406	0.13483	0.00681	0.00606
110	0.02751	0.01424	0.07779	0.01370	0.01932	0.01140	0.04320	0.06995	0.01950	0.56457	0.02486	0.04721	0.01659	0.00861	0.00696	0.00215	0.00649	0.00717	0.00759	0.01119
111	0.01366	0.01286	0.02145	0.61415	0.14682	0.01542	0.01904	0.01862	0.03633	0.01857	0.01277	0.01828	0.00976	0.00681	0.00683	0.00224	0.00885	0.00614	0.00322	0.00819
112	0.01694	0.01614	0.02690	0.04000	0.66726	0.01631	0.02027	0.02209	0.06449	0.02280	0.01393	0.01754	0.01155	0.00632	0.00679	0.00205	0.00793	0.00621	0.00364	0.01084
113	0.00876	0.00613	0.00781	0.00899	0.00928	0.00584	0.00578	0.00964	0.01228	0.01637	0.03349	0.56982	0.03993	0.21396	0.01554	0.00378	0.00466	0.01697	0.00578	0.00519
114	0.01292	0.01216	0.02052	0.74312	0.04712	0.01520	0.01900	0.01748	0.01368	0.01748	0.01216	0.01824	0.00912	0.00684	0.00684	0.00228	0.00912	0.00608	0.00304	0.00760
115	0.04673	0.01124	0.03651	0.01139	0.01586	0.00946	0.00953	0.02730	0.01914	0.50003	0.20373	0.02986	0.02873	0.00977	0.00710	0.00213	0.00527	0.00815	0.00793	0.01013
116	0.01110	0.00803	0.01103	0.01248	0.01413	0.00806	0.01086	0.01465	0.03440	0.02064	0.03692	0.07546	0.05780	0.01859	0.00934	0.00310	0.00620	0.63447	0.00632	0.00641
117	0.00837	0.00609	0.00790	0.00925	0.00987	0.00562	0.00625	0.00970	0.01360	0.01798	0.06940	0.66100	0.10831	0.02073	0.00864	0.00271	0.00389	0.01868	0.00640	0.00562
118	0.01615	0.01845	0.04037	0.02884	0.03576	0.01730	0.69204	0.02191	0.01615	0.02191	0.01384	0.01845	0.01038	0.00577	0.00807	0.00231	0.01153	0.00807	0.00346	0.00923
119	0.02514	0.01858	0.02000	0.01556	0.02083	0.02056	0.01286	0.64657	0.05292	0.04177	0.01756	0.01909	0.01301	0.00866	0.00695	0.00210	0.00741	0.03219	0.00683	0.01140
120	0.02144	0.01526	0.01679	0.01498	0.04558	0.04180	0.01140	0.11368	0.42020	0.18342	0.02508	0.02312	0.01807	0.00877	0.00689	0.00221	0.00611	0.00717	0.00702	0.01100
121	0.01372	0.03539	0.72412	0.01950	0.02961	0.01589	0.02528	0.02167	0.01444	0.02167	0.01228	0.01444	0.00867	0.00650	0.00650	0.00217	0.01011	0.00506	0.00289	0.01011
122	0.05472	0.21724	0.11116	0.12444	0.02464	0.09207	0.03896	0.07510	0.15459	0.02252	0.01473	0.01625	0.01146	0.00709	0.00603	0.00198	0.00814	0.00544	0.00419	0.00926
123	0.14168	0.05014	0.01871	0.07769	0.07975	0.37113	0.01303	0.02460	0.07793	0.02049	0.01381	0.01571	0.02935	0.00744	0.00655	0.00197	0.03264	0.00518	0.00393	0.00828
124	0.00948	0.00683	0.00896	0.00875	0.01018	0.00632	0.00644	0.01239	0.01841	0.02591	0.60989	0.15885	0.06160	0.01513	0.00817	0.00225	0.00334	0.01346	0.00735	0.00632
125	0.04769	0.19636	0.05441	0.01538	0.01987	0.37611	0.01283	0.09705	0.05073	0.02070	0.01287	0.04217	0.01104	0.00752	0.00592	0.00182	0.00969	0.00517	0.00401	0.00865
126	0.16370	0.03528	0.07364	0.01203	0.01629	0.01200	0.01064	0.06865	0.03989	0.23328	0.04149	0.11093	0.04071	0.01113	0.00692	0.00233	0.00597	0.09994	0.00628	0.00892
127	0.01036	0.00843	0.01331	0.01259	0.01427	0.00802	0.10549	0.03845	0.01489	0.02002	0.08748	0.53741	0.04024	0.01797	0.00854	0.00265	0.00523	0.04219	0.00605	0.00642
128	0.01679	0.01611	0.02751	0.06734	0.69267	0.01622	0.02092	0.02087	0.01551	0.02217	0.01284	0.01698	0.01077	0.00612	0.00678	0.00204	0.00816	0.00610	0.00337	0.01072
129	0.01675	0.01606	0.02743	0.07468	0.68566	0.01621	0.02090	0.02083	0.01549	0.02212	0.01284	0.01699	0.01076	0.00613	0.00678	0.00204	0.00817	0.00609	0.00337	0.01069
130	0.01542	0.01588	0.05823	0.27344	0.43337	0.01593	0.04909	0.01990	0.01492	0.02068	0.01265	0.01732	0.01015	0.00635	0.00684	0.00213	0.00869	0.00613	0.00325	0.00966
131	0.14351	0.01827	0.01896	0.01473	0.02002	0.02033	0.01216	0.59279	0.02908	0.04125	0.01539	0.01563	0.01100	0.00793	0.00645	0.00206	0.00719	0.00579	0.00645	0.01100
132	0.05634	0.01280	0.01600	0.01263	0.01768	0.01225	0.01033	0.08988	0.12331	0.53442	0.02558	0.02260	0.01673	0.00849	0.00679	0.00214	0.00589	0.00683	0.00795	0.01137
133	0.01068	0.00720	0.00806	0.00784	0.00809	0.00730	0.00455	0.04107	0.01096	0.01462	0.02132	0.04348	0.02427	0.72538	0.03355	0.00642	0.00667	0.00978	0.00427	0.00449
134	0.00834	0.00595	0.00794	0.00953	0.00992	0.00556	0.00635	0.00953	0.01310	0.01746	0.03771	0.75510	0.04525	0.02143	0.00873	0.00278	0.00397	0.01945	0.00635	0.00556
135	0.01008	0.00908	0.00867	0.00838	0.01097	0.03575	0.00634	0.01441	0.11728	0.01991	0.06091	0.05781	0.58445	0.01574	0.00785	0.00229	0.00410	0.01306	0.00633	0.00660
136	0.01615	0.01845	0.04037	0.02884	0.03576	0.01730	0.69204	0.02191	0.01615	0.02191	0.01384	0.01845	0.01038	0.00577	0.00807	0.00231	0.01153	0.00807	0.00346	0.00923
137	0.00834	0.00595	0.00794	0.00953	0.00992	0.00556	0.00635	0.00953	0.01310	0.01746	0.03771	0.75510	0.04525	0.02143	0.00873	0.00278	0.00397	0.01945	0.00635	0.00556
138	0.03070	0.01164	0.01588	0.01217	0.01746	0.01006	0.01006	0.03334	0.01958	0.72163	0.02699	0.02329	0.01694	0.00847	0.00688	0.00212	0.00582	0.00688	0.00847	0.01164
139	0.03070	0.01164	0.01588	0.01217	0.01746	0.01006	0.01006	0.03334	0.01958	0.72163	0.02699	0.02329	0.01694	0.00847	0.00688	0.00212	0.00582	0.00688	0.00847	0.01164
140	0.01693	0.01626	0.02777	0.04199	0.71689	0.01626	0.02100	0.02100	0.01558	0.02235	0.01287	0.01693	0.01084	0.00610	0.00677	0.00203	0.00813	0.00610	0.00339	0.01084
141	0.01660	0.01433	0.01507	0.01360	0.01739	0.01649	0.01057	0.03512	0.67241	0.02815	0.02978	0.02740	0.05320	0.00966	0.00701	0.00232	0.00532	0.00805	0.00693	0.01059
142	0.00960	0.00692	0.00866	0.00826	0.00964	0.00643	0.00593	0.01212	0.01735	0.02413	0.53514	0.05114	0.10995	0.15003	0.01294	0.00298	0.00387	0.01210	0.00682	0.00598
143	0.01428	0.01225	0.01423	0.01026	0.01627	0.00939	0.00820	0.01789	0.03806	0.02251	0.01270	0.01458	0.01051	0.00521	0.00513	0.00106	0.00508	0.00418	0.00415	0.77405
144	0.01527	0.01463	0.02501	0.31287	0.41327	0.01568	0.04322	0.01956	0.01482	0.02044	0.01261	0.01742	0.01013	0.00634	0.00680	0.00211	0.00854	0.00610	0.00327	0.03191
145	0.04000	0.01243	0.01427	0.01028	0.01628	0.00972	0.00825	0.03992	0.01471	0.02326	0.01222	0.01416	0.01010	0.00521	0.00510	0.00108	0.00516	0.00411	0.00415	0.74959
146	0.00834	0.00595	0.00794	0.00953	0.00992	0.00556	0.00635	0.00953	0.01310	0.01746	0.03771	0.75510	0.04525	0.02143	0.00873	0.00278	0.00397	0.01945	0.00635	0.00556
147	0.01542	0.01572	0.02089	0.01795	0.01810	0.05122	0.01489	0.01693	0.01086	0.01648	0.00905	0.01486	0.00897	0.01176	0.02176	0.00294	0.71578	0.00592	0.00302	0.00750
148	0.01275	0.00638	0.00638	0.00638	0.00797	0.00638	0.00478	0.01594	0.01435	0.02551	0.02232	0.02551	0.01754	0.00797	0.00478	0.00159	0.00319	0.00638	0.79755	0.00638
149	0.00846	0.00605	0.00786	0.00925	0.00969	0.00565	0.00612	0.00957	0.01294	0.01716	0.03761	0.66957	0.06964	0.08223	0.01086	0.00308	0.00417	0.01847	0.00617	0.00545
150	0.01694	0.01393	0.01604	0.01189	0.01746	0.01260	0.00964	0.17187	0.01807	0.02670	0.01294	0.01475	0.01041	0.00620	0.00652	0.00137	0.05032	0.00465	0.00463	0.57309
151	0.00870	0.00653	0.00944	0.01042	0.01112	0.00610	0.03819	0.01010	0.01324	0.01767	0.03660	0.72090	0.04363	0.02071	0.00870	0.00276	0.00432	0.01892	0.00622	0.00573
152	0.01335	0.01380	0.02798	0.04636	0.02674	0.01305	0.41809	0.01766	0.01574	0.02140	0.10833	0.19833	0.02554	0.01059	0.00819	0.00240	0.00859	0.01126	0.00465	0.00794
153	0.00834	0.00595	0.00794	0.00953	0.00992	0.00556	0.00635	0.00953	0.01310	0.01746	0.03771	0.75510	0.04525	0.02143	0.00873	0.00278	0.00397	0.01945	0.00635	0.00556
154	0.02584	0.01273	0.01573	0.01279	0.01758	0.01253	0.01033	0.03441	0.26262	0.47572	0.02729	0.02408	0.01834	0.00876	0.00691	0.00219	0.00568	0.00718	0.00793	0.01135
155	0.07614	0.01306	0.01547	0.01265	0.01732	0.01321	0.01021	0.07370	0.23845	0.39430	0.04442	0.02355	0.01856	0.00873	0.00676	0.00218	0.00569	0.00705	0.00758	0.01096
156	0.01869	0.68571	0.05666	0.01240	0.01821	0.07942	0.01225	0.02103	0.01433	0.01632	0.00968	0.01119	0.00878	0.00596	0.00459	0.00151	0.00778	0.00376	0.00297	0.00876
