[name]
unknown

[dist]
# distance from previous block
# <min> <max>
0	51

[block]
# block no. 0 follows, 28 sequences, length 15
# corresponding to MSA columns:
# 69-83
name=unknown_A
#
# <colnr> <probs for GDERKNQSTAVLIFYWHMCP>
#	G	D	E	R	K	N	Q	S	T	A	V	L	I	F	Y	W	H	M	C	P
0	0.01279	0.00965	0.01138	0.01102	0.01359	0.00946	0.00898	0.11291	0.02009	0.02617	0.17946	0.06264	0.26151	0.01675	0.00884	0.00266	0.00523	0.21240	0.00706	0.00740
1	0.01794	0.52983	0.24407	0.01499	0.02260	0.02510	0.01688	0.02215	0.01495	0.01892	0.01101	0.01280	0.00929	0.00643	0.00535	0.00178	0.00869	0.00434	0.00310	0.00976
2	0.01890	0.01493	0.01864	0.01371	0.01997	0.01322	0.05989	0.14759	0.04549	0.07170	0.01559	0.01696	0.01200	0.00649	0.00619	0.00152	0.00647	0.00541	0.00525	0.50006
3	0.06005	0.00836	0.00912	0.02551	0.01187	0.00788	0.00678	0.01381	0.05471	0.02366	0.23841	0.08467	0.39709	0.01610	0.00825	0.00241	0.00401	0.01360	0.00691	0.00679
4	0.02162	0.54699	0.03315	0.01422	0.01974	0.22286	0.01289	0.02382	0.01642	0.01730	0.01043	0.01207	0.00934	0.00658	0.00520	0.00164	0.00928	0.00411	0.00329	0.00907
5	0.01061	0.00854	0.00943	0.00927	0.01175	0.00794	0.00725	0.03951	0.06025	0.02303	0.15517	0.06449	0.44703	0.01719	0.00865	0.00254	0.00435	0.09911	0.00699	0.00690
6	0.60345	0.03744	0.01261	0.01032	0.01490	0.01569	0.00852	0.02374	0.04544	0.12002	0.04023	0.01588	0.01229	0.00749	0.00517	0.00224	0.00569	0.00494	0.00532	0.00864
7	0.01021	0.00771	0.00989	0.01041	0.01207	0.00676	0.00736	0.01196	0.01428	0.01971	0.03472	0.56586	0.04053	0.01927	0.00856	0.00261	0.00457	0.04951	0.00627	0.15773
8	0.54471	0.07703	0.05869	0.01154	0.01680	0.01772	0.01031	0.09689	0.01579	0.07611	0.01235	0.01351	0.00925	0.00709	0.00516	0.00219	0.00643	0.00454	0.00490	0.00898
9	0.02547	0.01694	0.01858	0.01470	0.01977	0.01831	0.01200	0.42371	0.10755	0.13787	0.02132	0.02087	0.01514	0.00887	0.00702	0.00216	0.00689	0.00688	0.10438	0.01157
10	0.02501	0.01780	0.01961	0.01540	0.02069	0.01905	0.01258	0.51171	0.02973	0.08290	0.02028	0.07936	0.01637	0.00997	0.00737	0.00220	0.00734	0.02538	0.00710	0.07017
11	0.01695	0.15360	0.51377	0.01887	0.02827	0.01953	0.02290	0.10094	0.01751	0.02477	0.01309	0.01499	0.00961	0.00701	0.00658	0.00216	0.00992	0.00527	0.00358	0.01070
12	0.01882	0.10635	0.03038	0.03827	0.54114	0.07127	0.04562	0.02279	0.01667	0.02248	0.01310	0.01693	0.01107	0.00651	0.00690	0.00208	0.00901	0.00611	0.00355	0.01095
13	0.40547	0.06287	0.01636	0.01377	0.06019	0.05576	0.01043	0.09125	0.03910	0.08267	0.03032	0.01568	0.01174	0.00731	0.00557	0.00208	0.00659	0.00507	0.00511	0.07265
14	0.12165	0.02628	0.01840	0.01622	0.02001	0.42587	0.01252	0.07602	0.01924	0.02234	0.01541	0.01716	0.05201	0.00847	0.00783	0.00204	0.07017	0.00551	0.00429	0.05855

[dist]
# distance from previous block
# <min> <max>
0	10

[block]
# block no. 1 follows, 28 sequences, length 39
# corresponding to MSA columns:
# 94-132
name=unknown_B
#
# <colnr> <probs for GDERKNQSTAVLIFYWHMCP>
#	G	D	E	R	K	N	Q	S	T	A	V	L	I	F	Y	W	H	M	C	P
0	0.01968	0.01263	0.01487	0.01212	0.01681	0.01187	0.00960	0.07493	0.15378	0.19373	0.07797	0.07004	0.07890	0.01024	0.00714	0.00204	0.00550	0.00854	0.00693	0.21267
1	0.01736	0.01622	0.02554	0.03537	0.50806	0.01566	0.01865	0.02244	0.05767	0.02415	0.01449	0.01792	0.01201	0.00645	0.00681	0.00194	0.00775	0.00611	0.00399	0.18141
2	0.01588	0.01390	0.01884	0.02044	0.20813	0.01202	0.01251	0.04496	0.01616	0.02417	0.01554	0.07555	0.01411	0.00725	0.00629	0.00158	0.00630	0.00635	0.00443	0.47560
3	0.01391	0.01311	0.02214	0.69738	0.07830	0.01620	0.02028	0.01873	0.01462	0.01880	0.01295	0.01932	0.00977	0.00723	0.00726	0.00241	0.00964	0.00646	0.00325	0.00822
4	0.01799	0.01727	0.02950	0.04462	0.69919	0.01727	0.02231	0.02231	0.01655	0.02375	0.01367	0.01799	0.01151	0.00648	0.00720	0.00216	0.00864	0.00648	0.00360	0.01151
5	0.01799	0.01727	0.02950	0.04462	0.69919	0.01727	0.02231	0.02231	0.01655	0.02375	0.01367	0.01799	0.01151	0.00648	0.00720	0.00216	0.00864	0.00648	0.00360	0.01151
6	0.02015	0.01515	0.01650	0.01453	0.01885	0.01702	0.01139	0.03817	0.59114	0.12655	0.02946	0.02678	0.02159	0.00974	0.00738	0.00243	0.00581	0.00809	0.00762	0.01163
7	0.01131	0.00808	0.01125	0.01292	0.01442	0.00802	0.01100	0.01436	0.01633	0.02130	0.03871	0.17585	0.04272	0.02046	0.00993	0.00329	0.00634	0.56043	0.00670	0.00658
8	0.01808	0.01561	0.01644	0.01479	0.01890	0.01808	0.01151	0.03863	0.68606	0.03041	0.02959	0.02712	0.02219	0.00986	0.00740	0.00247	0.00575	0.00822	0.00740	0.01151
9	0.02763	0.02036	0.02182	0.01672	0.02254	0.02254	0.01382	0.67496	0.03418	0.04581	0.01745	0.01745	0.01236	0.00873	0.00727	0.00218	0.00800	0.00654	0.00727	0.01236
10	0.01022	0.00743	0.00962	0.00907	0.01082	0.00683	0.00680	0.01359	0.02041	0.02877	0.67030	0.05493	0.09388	0.01500	0.00857	0.00229	0.00344	0.01323	0.00795	0.00683
11	0.01040	0.00774	0.01143	0.01143	0.01264	0.00895	0.00877	0.01282	0.01161	0.01669	0.01970	0.02984	0.01873	0.10102	0.66999	0.01137	0.01863	0.00798	0.00393	0.00635
12	0.00886	0.00633	0.00843	0.01012	0.01054	0.00590	0.00675	0.01012	0.01392	0.01856	0.04006	0.73979	0.04808	0.02277	0.00928	0.00295	0.00422	0.02066	0.00675	0.00590
13	0.01799	0.01727	0.02950	0.04462	0.69919	0.01727	0.02231	0.02231	0.01655	0.02375	0.01367	0.01799	0.01151	0.00648	0.00720	0.00216	0.00864	0.00648	0.00360	0.01151
14	0.01069	0.00791	0.01092	0.01078	0.01159	0.00901	0.00785	0.01239	0.01129	0.01599	0.02015	0.03425	0.02050	0.28012	0.46075	0.00977	0.04749	0.00864	0.00403	0.00587
15	0.01057	0.00705	0.00793	0.00793	0.00793	0.00705	0.00440	0.01057	0.01057	0.01409	0.02290	0.04757	0.02643	0.74454	0.03700	0.00705	0.00705	0.01057	0.00440	0.00440
16	0.01458	0.03760	0.70688	0.02072	0.03146	0.01688	0.02686	0.02302	0.01535	0.02302	0.01304	0.01535	0.00921	0.00691	0.00691	0.00230	0.01074	0.00537	0.00307	0.01074
17	0.01761	0.01512	0.01603	0.01445	0.01842	0.01740	0.01122	0.03712	0.64580	0.03033	0.06987	0.02876	0.02500	0.01016	0.00747	0.00245	0.00561	0.00852	0.00743	0.01122
18	0.03141	0.01310	0.01718	0.01330	0.01885	0.01192	0.01094	0.07872	0.06144	0.61961	0.02798	0.02439	0.01786	0.00903	0.00731	0.00226	0.00628	0.00731	0.00878	0.01232
19	0.01753	0.01286	0.01585	0.01201	0.01765	0.01076	0.02912	0.04112	0.06683	0.11597	0.05762	0.05113	0.01764	0.00763	0.00630	0.00156	0.00564	0.00642	0.00556	0.50078
20	0.01943	0.74891	0.03809	0.01244	0.01866	0.02876	0.01244	0.02177	0.01477	0.01710	0.01011	0.01166	0.00933	0.00622	0.00466	0.00155	0.00777	0.00389	0.00311	0.00933
21	0.63605	0.01500	0.01364	0.01158	0.01631	0.01709	0.04092	0.08186	0.05998	0.03321	0.01232	0.01373	0.00940	0.00711	0.00514	0.00227	0.00617	0.00469	0.00491	0.00862
22	0.01773	0.01701	0.02904	0.08591	0.65992	0.01720	0.02218	0.02208	0.01643	0.02343	0.01363	0.01807	0.01140	0.00652	0.00720	0.00217	0.00870	0.00648	0.00358	0.01131
23	0.05308	0.01839	0.01838	0.01551	0.02022	0.06125	0.01234	0.26486	0.38637	0.03525	0.02337	0.02222	0.01734	0.00919	0.00719	0.00232	0.00699	0.00724	0.00702	0.01148
24	0.01373	0.01292	0.02180	0.72707	0.05006	0.01615	0.02019	0.01857	0.01453	0.01857	0.01292	0.01938	0.00969	0.00727	0.00727	0.00242	0.00969	0.00646	0.00323	0.00807
25	0.01611	0.01502	0.02489	0.41911	0.30887	0.01691	0.02073	0.05191	0.01630	0.02197	0.01344	0.01873	0.01055	0.00702	0.00724	0.00231	0.00919	0.00647	0.00357	0.00966
26	0.01355	0.00678	0.00678	0.00678	0.00847	0.00678	0.00508	0.01694	0.01524	0.02710	0.02371	0.02710	0.01863	0.00847	0.00508	0.00169	0.00339	0.00678	0.78489	0.00678
27	0.01799	0.01727	0.02950	0.04462	0.69919	0.01727	0.02231	0.02231	0.01655	0.02375	0.01367	0.01799	0.01151	0.00648	0.00720	0.00216	0.00864	0.00648	0.00360	0.01151
28	0.01046	0.00700	0.00796	0.00808	0.00810	0.00697	0.00456	0.01054	0.01080	0.01440	0.02406	0.09422	0.02789	0.69590	0.03513	0.00677	0.00686	0.01125	0.00456	0.00451
29	0.01355	0.00678	0.00678	0.00678	0.00847	0.00678	0.00508	0.01694	0.01524	0.02710	0.02371	0.02710	0.01863	0.00847	0.00508	0.00169	0.00339	0.00678	0.78489	0.00678
30	0.79588	0.01406	0.01068	0.00956	0.01406	0.01631	0.00787	0.02137	0.01237	0.03261	0.01012	0.01181	0.00787	0.00675	0.00450	0.00225	0.00562	0.00394	0.00450	0.00787
31	0.01716	0.01961	0.04289	0.03064	0.03799	0.01838	0.67279	0.02328	0.01716	0.02328	0.01471	0.01961	0.01103	0.00613	0.00858	0.00245	0.01225	0.00858	0.00368	0.00980
32	0.02538	0.01973	0.02028	0.01604	0.02136	0.05466	0.01307	0.53103	0.10715	0.04112	0.02190	0.02148	0.05419	0.00937	0.00733	0.00222	0.00773	0.00717	0.00708	0.01170
33	0.01038	0.00779	0.01168	0.01168	0.01298	0.00909	0.00909	0.01298	0.01168	0.01687	0.01947	0.02856	0.01817	0.05452	0.71573	0.01168	0.01947	0.00779	0.00389	0.00649
34	0.02763	0.02036	0.02182	0.01672	0.02254	0.02254	0.01382	0.67496	0.03418	0.04581	0.01745	0.01745	0.01236	0.00873	0.00727	0.00218	0.00800	0.00654	0.00727	0.01236
35	0.00873	0.00741	0.00755	0.00762	0.01005	0.00623	0.00579	0.01063	0.01658	0.01973	0.07212	0.07048	0.66793	0.01848	0.00865	0.00249	0.00381	0.04282	0.00675	0.00616
36	0.03232	0.01285	0.01716	0.01316	0.01879	0.01139	0.01087	0.07362	0.02160	0.66490	0.02801	0.02431	0.01766	0.00898	0.00731	0.00225	0.00629	0.00726	0.00889	0.01237
37	0.01808	0.01561	0.01644	0.01479	0.01890	0.01808	0.01151	0.03863	0.68606	0.03041	0.02959	0.02712	0.02219	0.00986	0.00740	0.00247	0.00575	0.00822	0.00740	0.01151
38	0.03261	0.01237	0.01687	0.01293	0.01856	0.01068	0.01068	0.03543	0.02081	0.70423	0.02868	0.02474	0.01799	0.00900	0.00731	0.00225	0.00619	0.00731	0.00900	0.01237

[dist]
# distance from previous block
# <min> <max>
0	15

[block]
# block no. 2 follows, 28 sequences, length 20
# corresponding to MSA columns:
# 148-167
name=unknown_C
#
# <colnr> <probs for GDERKNQSTAVLIFYWHMCP>
#	G	D	E	R	K	N	Q	S	T	A	V	L	I	F	Y	W	H	M	C	P
0	0.01808	0.01561	0.01644	0.01479	0.01890	0.01808	0.01151	0.03863	0.68606	0.03041	0.02959	0.02712	0.02219	0.00986	0.00740	0.00247	0.00575	0.00822	0.00740	0.01151
1	0.79588	0.01406	0.01068	0.00956	0.01406	0.01631	0.00787	0.02137	0.01237	0.03261	0.01012	0.01181	0.00787	0.00675	0.00450	0.00225	0.00562	0.00394	0.00450	0.00787
2	0.02715	0.03464	0.02060	0.01873	0.02247	0.71536	0.01404	0.02903	0.02060	0.01779	0.01124	0.01311	0.00936	0.00749	0.00655	0.00187	0.01311	0.00468	0.00375	0.00843
3	0.00886	0.00633	0.00843	0.01012	0.01054	0.00590	0.00675	0.01012	0.01392	0.01856	0.04006	0.73979	0.04808	0.02277	0.00928	0.00295	0.00422	0.02066	0.00675	0.00590
4	0.79588	0.01406	0.01068	0.00956	0.01406	0.01631	0.00787	0.02137	0.01237	0.03261	0.01012	0.01181	0.00787	0.00675	0.00450	0.00225	0.00562	0.00394	0.00450	0.00787
5	0.01411	0.01332	0.02250	0.66506	0.10904	0.01625	0.02038	0.01891	0.01472	0.01904	0.01299	0.01925	0.00986	0.00720	0.00726	0.00240	0.00959	0.00646	0.00326	0.00839
6	0.01590	0.01590	0.02226	0.01908	0.01908	0.02226	0.01590	0.01749	0.01113	0.01749	0.00954	0.01590	0.00954	0.01272	0.02385	0.00318	0.73123	0.00636	0.00318	0.00795
7	0.00886	0.00633	0.00843	0.01012	0.01054	0.00590	0.00675	0.01012	0.01392	0.01856	0.04006	0.73979	0.04808	0.02277	0.00928	0.00295	0.00422	0.02066	0.00675	0.00590
8	0.09662	0.01911	0.01953	0.01542	0.02084	0.07090	0.01260	0.41581	0.06228	0.16545	0.01907	0.01849	0.01330	0.00857	0.00698	0.00219	0.00771	0.00640	0.00709	0.01163
9	0.02718	0.03382	0.02067	0.01861	0.02248	0.67543	0.01403	0.06625	0.02138	0.01940	0.01159	0.01336	0.00954	0.00756	0.00660	0.00189	0.01281	0.00479	0.00395	0.00865
10	0.01373	0.01292	0.02180	0.72707	0.05006	0.01615	0.02019	0.01857	0.01453	0.01857	0.01292	0.01938	0.00969	0.00727	0.00727	0.00242	0.00969	0.00646	0.00323	0.00807
11	0.01590	0.01590	0.02226	0.01908	0.01908	0.02226	0.01590	0.01749	0.01113	0.01749	0.00954	0.01590	0.00954	0.01272	0.02385	0.00318	0.73123	0.00636	0.00318	0.00795
12	0.01507	0.01292	0.01507	0.01077	0.01723	0.00969	0.00861	0.01830	0.01507	0.02369	0.01292	0.01507	0.01077	0.00538	0.00538	0.00108	0.00538	0.00431	0.00431	0.78898
13	0.79588	0.01406	0.01068	0.00956	0.01406	0.01631	0.00787	0.02137	0.01237	0.03261	0.01012	0.01181	0.00787	0.00675	0.00450	0.00225	0.00562	0.00394	0.00450	0.00787
14	0.01038	0.00779	0.01168	0.01168	0.01298	0.00909	0.00909	0.01298	0.01168	0.01687	0.01947	0.02856	0.01817	0.05452	0.71573	0.01168	0.01947	0.00779	0.00389	0.00649
15	0.01901	0.68613	0.09712	0.01317	0.01979	0.02771	0.01371	0.02188	0.01482	0.01762	0.01037	0.01199	0.00932	0.00628	0.00486	0.00162	0.00804	0.00402	0.00311	0.00945
16	0.01691	0.01634	0.02564	0.03764	0.55779	0.04286	0.01944	0.02078	0.01672	0.02292	0.02211	0.02698	0.09813	0.00858	0.00747	0.00223	0.00811	0.03469	0.00413	0.01052
17	0.02396	0.01707	0.04436	0.01520	0.02028	0.01752	0.01270	0.30070	0.20280	0.16206	0.02460	0.05633	0.01887	0.01016	0.00752	0.00236	0.00694	0.03762	0.00742	0.01152
18	0.45019	0.04500	0.01262	0.01026	0.01424	0.01422	0.00834	0.02202	0.06290	0.09042	0.17765	0.02423	0.02442	0.00909	0.00594	0.00224	0.00525	0.00675	0.00588	0.00835
19	0.04941	0.42361	0.13702	0.01497	0.02128	0.16886	0.01477	0.02417	0.01630	0.05412	0.01176	0.01322	0.00971	0.00675	0.00554	0.00180	0.00919	0.00446	0.00359	0.00946

[dist]
# distance from previous block
# <min> <max>
2	5

[block]
# block no. 3 follows, 28 sequences, length 6
# corresponding to MSA columns:
# 173-178
name=unknown_D
#
# <colnr> <probs for GDERKNQSTAVLIFYWHMCP>
#	G	D	E	R	K	N	Q	S	T	A	V	L	I	F	Y	W	H	M	C	P
0	0.08063	0.02102	0.01860	0.01550	0.02023	0.18349	0.01232	0.26800	0.13992	0.10404	0.01902	0.01890	0.01391	0.00851	0.00683	0.00215	0.00825	0.00630	0.04167	0.01071
1	0.01924	0.01544	0.01734	0.01363	0.01885	0.01543	0.01093	0.23417	0.12336	0.03130	0.01856	0.06507	0.01541	0.00860	0.00734	0.00186	0.03686	0.00679	0.00585	0.33398
2	0.09641	0.01331	0.01913	0.01504	0.01984	0.01293	0.11815	0.05231	0.09327	0.28321	0.16826	0.02903	0.02706	0.00966	0.00753	0.00231	0.00655	0.00853	0.00724	0.01023
3	0.01784	0.01448	0.01883	0.04299	0.02126	0.01287	0.07169	0.08463	0.08303	0.07032	0.01617	0.01770	0.01248	0.00652	0.00626	0.00158	0.00654	0.00558	0.00509	0.48414
4	0.01661	0.01716	0.03369	0.14002	0.03545	0.01687	0.42965	0.06753	0.01816	0.02467	0.07775	0.02245	0.01624	0.00728	0.00813	0.00235	0.01042	0.00833	0.00429	0.04294
5	0.01850	0.01404	0.01645	0.01404	0.04784	0.01327	0.01054	0.09398	0.18285	0.09236	0.02098	0.07111	0.01714	0.00848	0.00662	0.00183	0.00589	0.00706	0.00597	0.35105

[dist]
# distance from previous block
# <min> <max>
8	18

[block]
# block no. 4 follows, 28 sequences, length 155
# corresponding to MSA columns:
# 198-352
name=unknown_E
#
# <colnr> <probs for GDERKNQSTAVLIFYWHMCP>
#	G	D	E	R	K	N	Q	S	T	A	V	L	I	F	Y	W	H	M	C	P
0	0.06966	0.01358	0.01632	0.01442	0.05304	0.01366	0.01088	0.12665	0.13695	0.25433	0.13204	0.02869	0.04671	0.00993	0.00731	0.00224	0.00593	0.00817	0.00748	0.04203
1	0.01820	0.01583	0.01704	0.01324	0.01862	0.09612	0.03652	0.05097	0.04361	0.07686	0.01825	0.04538	0.04098	0.00770	0.00686	0.00162	0.03109	0.00614	0.00499	0.45000
2	0.01730	0.01985	0.05896	0.02888	0.07170	0.03632	0.50126	0.02354	0.04945	0.02293	0.01472	0.01922	0.01136	0.00705	0.00986	0.00249	0.08349	0.00802	0.00379	0.00979
3	0.00977	0.00711	0.00898	0.00943	0.01064	0.00661	0.00677	0.01192	0.01655	0.02233	0.28205	0.27434	0.13497	0.09908	0.01207	0.00313	0.00437	0.06675	0.00694	0.00618
4	0.01807	0.47870	0.21380	0.01482	0.02186	0.06296	0.01607	0.02207	0.01557	0.01938	0.04840	0.01505	0.01254	0.00695	0.00558	0.00181	0.00863	0.00483	0.00340	0.00952
5	0.01008	0.00756	0.01060	0.01089	0.01219	0.00801	0.00810	0.01222	0.01267	0.01772	0.02772	0.23248	0.05918	0.06071	0.43011	0.00815	0.01340	0.01173	0.00487	0.04161
6	0.01918	0.63765	0.11492	0.01365	0.02030	0.05506	0.01417	0.02220	0.01507	0.01782	0.01049	0.01215	0.00932	0.00635	0.00500	0.00165	0.00833	0.00409	0.00313	0.00946
7	0.01590	0.01590	0.02226	0.01908	0.01908	0.02226	0.01590	0.01749	0.01113	0.01749	0.00954	0.01590	0.00954	0.01272	0.02385	0.00318	0.73123	0.00636	0.00318	0.00795
8	0.00886	0.00633	0.00843	0.01012	0.01054	0.00590	0.00675	0.01012	0.01392	0.01856	0.04006	0.73979	0.04808	0.02277	0.00928	0.00295	0.00422	0.02066	0.00675	0.00590
9	0.02715	0.03464	0.02060	0.01873	0.02247	0.71536	0.01404	0.02903	0.02060	0.01779	0.01124	0.01311	0.00936	0.00749	0.00655	0.00187	0.01311	0.00468	0.00375	0.00843
10	0.01263	0.00631	0.00947	0.00947	0.00947	0.00631	0.00631	0.00947	0.00947	0.01263	0.01263	0.02210	0.01263	0.02525	0.02841	0.78851	0.00631	0.00631	0.00316	0.00316
11	0.00886	0.00633	0.00843	0.01012	0.01054	0.00590	0.00675	0.01012	0.01392	0.01856	0.04006	0.73979	0.04808	0.02277	0.00928	0.00295	0.00422	0.02066	0.00675	0.00590
12	0.00904	0.00657	0.00853	0.00976	0.01053	0.00606	0.00666	0.01067	0.01510	0.02019	0.13829	0.58565	0.10354	0.02127	0.00912	0.00281	0.00406	0.01914	0.00693	0.00606
13	0.00991	0.00774	0.00906	0.00908	0.01103	0.00713	0.00678	0.01336	0.05525	0.02364	0.29148	0.15996	0.30843	0.01734	0.00868	0.00250	0.00391	0.04080	0.00724	0.00669
14	0.01731	0.01668	0.02875	0.14927	0.57773	0.01713	0.04312	0.02176	0.01626	0.02294	0.01359	0.01826	0.01122	0.00659	0.00725	0.00221	0.00892	0.00654	0.00354	0.01093
15	0.01263	0.00631	0.00947	0.00947	0.00947	0.00631	0.00631	0.00947	0.00947	0.01263	0.01263	0.02210	0.01263	0.02525	0.02841	0.78851	0.00631	0.00631	0.00316	0.00316
16	0.00886	0.00633	0.00843	0.01012	0.01054	0.00590	0.00675	0.01012	0.01392	0.01856	0.04006	0.73979	0.04808	0.02277	0.00928	0.00295	0.00422	0.02066	0.00675	0.00590
17	0.01366	0.00905	0.01027	0.00939	0.01232	0.00825	0.00722	0.04375	0.05602	0.12125	0.16062	0.08930	0.39968	0.01582	0.00832	0.00241	0.00432	0.01333	0.00733	0.00770
18	0.01036	0.00766	0.00995	0.01085	0.01165	0.00770	0.00759	0.04809	0.01544	0.02086	0.08838	0.61100	0.04582	0.02088	0.00981	0.00287	0.03934	0.01860	0.00670	0.00644
19	0.06670	0.01530	0.01817	0.01415	0.01968	0.01536	0.01164	0.24553	0.07019	0.40917	0.02415	0.02188	0.01594	0.00886	0.00717	0.00224	0.00673	0.00696	0.00810	0.01209
20	0.02765	0.01978	0.02139	0.01646	0.02222	0.02175	0.01358	0.62138	0.05124	0.08264	0.01842	0.01813	0.01295	0.00877	0.00728	0.00219	0.00783	0.00663	0.00737	0.01234
21	0.00892	0.00635	0.00841	0.01003	0.01044	0.00595	0.00665	0.01014	0.01378	0.01838	0.03938	0.71236	0.04722	0.05138	0.01038	0.00311	0.00433	0.02026	0.00665	0.00584
22	0.01507	0.01292	0.01507	0.01077	0.01723	0.00969	0.00861	0.01830	0.01507	0.02369	0.01292	0.01507	0.01077	0.00538	0.00538	0.00108	0.00538	0.00431	0.00431	0.78898
23	0.01522	0.01305	0.01514	0.01096	0.01731	0.01010	0.00876	0.01930	0.04808	0.02402	0.01374	0.01567	0.01133	0.00560	0.00548	0.00114	0.00540	0.00450	0.00446	0.75073
24	0.02751	0.01988	0.02143	0.01651	0.02226	0.02191	0.01361	0.62735	0.05600	0.07182	0.01832	0.01808	0.01293	0.00878	0.00728	0.00219	0.00785	0.00663	0.00735	0.01233
25	0.01754	0.01515	0.01592	0.01437	0.01839	0.01740	0.01117	0.03703	0.64819	0.02980	0.03208	0.02954	0.06032	0.01035	0.00746	0.00246	0.00564	0.00862	0.00736	0.01120
26	0.00914	0.00652	0.00860	0.00988	0.01047	0.00609	0.00666	0.01067	0.01474	0.01990	0.13480	0.60860	0.05009	0.05424	0.01043	0.00304	0.00423	0.01911	0.00682	0.00598
27	0.01720	0.29067	0.43383	0.01737	0.02625	0.02082	0.02091	0.02318	0.01541	0.05441	0.01276	0.01449	0.00968	0.00676	0.00612	0.00203	0.00946	0.00494	0.00338	0.01032
28	0.01458	0.03760	0.70688	0.02072	0.03146	0.01688	0.02686	0.02302	0.01535	0.02302	0.01304	0.01535	0.00921	0.00691	0.00691	0.00230	0.01074	0.00537	0.00307	0.01074
29	0.01740	0.01647	0.02578	0.09269	0.44732	0.01793	0.01953	0.02414	0.12793	0.02366	0.01577	0.01938	0.01291	0.00788	0.00930	0.00236	0.09787	0.00675	0.00415	0.01079
30	0.01263	0.00631	0.00947	0.00947	0.00947	0.00631	0.00631	0.00947	0.00947	0.01263	0.01263	0.02210	0.01263	0.02525	0.02841	0.78851	0.00631	0.00631	0.00316	0.00316
31	0.00886	0.00633	0.00843	0.01012	0.01054	0.00590	0.00675	0.01012	0.01392	0.01856	0.04006	0.73979	0.04808	0.02277	0.00928	0.00295	0.00422	0.02066	0.00675	0.00590
32	0.13135	0.01065	0.01244	0.01119	0.01436	0.01065	0.00864	0.05137	0.07763	0.19181	0.19445	0.19335	0.03612	0.01334	0.00767	0.00244	0.00501	0.01137	0.00736	0.00879
33	0.02715	0.03464	0.02060	0.01873	0.02247	0.71536	0.01404	0.02903	0.02060	0.01779	0.01124	0.01311	0.00936	0.00749	0.00655	0.00187	0.01311	0.00468	0.00375	0.00843
34	0.02788	0.01997	0.02157	0.01654	0.02235	0.02196	0.01366	0.64350	0.03352	0.07820	0.01800	0.01781	0.01264	0.00874	0.00727	0.00218	0.00791	0.00658	0.00736	0.01236
35	0.01046	0.00722	0.00896	0.00902	0.00939	0.00756	0.00576	0.01121	0.01099	0.01501	0.02261	0.06798	0.02499	0.53133	0.21949	0.00815	0.01030	0.01019	0.00435	0.00502
36	0.01785	0.01712	0.02925	0.06757	0.67736	0.01723	0.02224	0.02218	0.01648	0.02357	0.01365	0.01804	0.01145	0.00650	0.00720	0.00217	0.00867	0.00648	0.00359	0.01140
37	0.01056	0.00709	0.00813	0.00813	0.00820	0.00716	0.00466	0.01070	0.01063	0.01425	0.02272	0.04653	0.02598	0.70683	0.07409	0.00730	0.00773	0.01042	0.00438	0.00452
38	0.00894	0.00639	0.00851	0.01007	0.01056	0.00596	0.00675	0.01032	0.01429	0.01915	0.07686	0.70130	0.04923	0.02233	0.00924	0.00291	0.00417	0.02024	0.00682	0.00596
39	0.02689	0.03298	0.02099	0.01943	0.04478	0.63948	0.01430	0.07810	0.02150	0.02012	0.01179	0.01360	0.00966	0.00755	0.00663	0.00191	0.01257	0.00488	0.00401	0.00883
40	0.01558	0.01290	0.01512	0.01083	0.01726	0.00972	0.00867	0.01880	0.01524	0.04324	0.01337	0.01535	0.01097	0.00549	0.00544	0.00111	0.00541	0.00439	0.00444	0.76666
41	0.02564	0.01781	0.01952	0.01536	0.02076	0.01924	0.01253	0.43609	0.14329	0.12449	0.02093	0.02021	0.01487	0.00880	0.00715	0.00217	0.00713	0.00683	0.03002	0.04715
42	0.00962	0.00779	0.00859	0.00832	0.01061	0.00696	0.00626	0.01290	0.05082	0.02331	0.27672	0.06268	0.45588	0.01682	0.00853	0.00240	0.00370	0.01427	0.00720	0.00664
43	0.01712	0.01994	0.07241	0.03208	0.15072	0.01828	0.50226	0.02287	0.01672	0.02312	0.01424	0.01897	0.01096	0.00649	0.00888	0.00242	0.04087	0.00797	0.00361	0.01007
44	0.00888	0.00655	0.00832	0.00962	0.01044	0.00599	0.00655	0.01035	0.01468	0.01924	0.07713	0.59618	0.15612	0.02167	0.00913	0.00284	0.00409	0.01942	0.00681	0.00599
45	0.01263	0.00631	0.00947	0.00947	0.00947	0.00631	0.00631	0.00947	0.00947	0.01263	0.01263	0.02210	0.01263	0.02525	0.02841	0.78851	0.00631	0.00631	0.00316	0.00316
46	0.01833	0.01485	0.01682	0.01231	0.01860	0.01302	0.00996	0.18858	0.02003	0.02942	0.01410	0.01569	0.01118	0.00625	0.00587	0.00136	0.00606	0.00489	0.00508	0.58759
47	0.31007	0.01777	0.09129	0.03850	0.05825	0.01699	0.01312	0.13542	0.07540	0.13008	0.01632	0.01706	0.01179	0.00788	0.00673	0.00229	0.02964	0.00569	0.00558	0.01012
48	0.01643	0.28986	0.44399	0.01866	0.05155	0.02112	0.02156	0.02255	0.01519	0.02094	0.01202	0.01413	0.00934	0.00665	0.00612	0.00203	0.00961	0.00488	0.00310	0.01027
49	0.01835	0.04792	0.05672	0.04113	0.61276	0.05129	0.02170	0.02264	0.01663	0.02317	0.01339	0.01740	0.01123	0.00653	0.00705	0.00213	0.00890	0.00624	0.00356	0.01125
50	0.01033	0.00757	0.01044	0.01044	0.01146	0.00838	0.00764	0.01219	0.01166	0.01629	0.02343	0.03595	0.05845	0.23640	0.49512	0.00993	0.01527	0.00895	0.00419	0.00591
51	0.01699	0.01745	0.03332	0.14901	0.34539	0.01751	0.26741	0.02208	0.01646	0.02274	0.01394	0.01882	0.01104	0.00647	0.00773	0.00231	0.01017	0.00727	0.00357	0.01032
52	0.06800	0.01410	0.01765	0.05024	0.07425	0.01448	0.01218	0.07145	0.21197	0.31787	0.05244	0.02467	0.01944	0.00906	0.00722	0.00231	0.00639	0.00747	0.00743	0.01137
53	0.01032	0.00775	0.00960	0.00908	0.01101	0.00719	0.00683	0.01418	0.04674	0.02764	0.56647	0.05577	0.16975	0.01524	0.00853	0.00232	0.00356	0.01331	0.00777	0.00693
54	0.00940	0.00655	0.00827	0.00943	0.00972	0.00627	0.00601	0.01026	0.01286	0.01715	0.03465	0.52122	0.04124	0.25068	0.01803	0.00425	0.00511	0.01748	0.00601	0.00543
55	0.04650	0.12474	0.01999	0.24551	0.05417	0.01644	0.01365	0.01870	0.01424	0.02137	0.01493	0.01947	0.01214	0.00825	0.00874	0.00218	0.12049	0.00604	0.22444	0.00801
56	0.01504	0.10466	0.64382	0.01994	0.03025	0.01800	0.02550	0.02290	0.01529	0.02246	0.01277	0.01500	0.00922	0.00684	0.00669	0.00223	0.01046	0.00523	0.00307	0.01061
57	0.01020	0.00743	0.00959	0.00905	0.01080	0.00682	0.00679	0.01354	0.02036	0.02863	0.66138	0.05515	0.10289	0.01505	0.00857	0.00230	0.00344	0.01327	0.00793	0.00682
58	0.01057	0.00705	0.00793	0.00793	0.00793	0.00705	0.00440	0.01057	0.01057	0.01409	0.02290	0.04757	0.02643	0.74454	0.03700	0.00705	0.00705	0.01057	0.00440	0.00440
59	0.01498	0.01382	0.02208	0.57513	0.10959	0.01664	0.01943	0.04208	0.07420	0.02100	0.01460	0.01986	0.01105	0.00747	0.00727	0.00239	0.00919	0.00662	0.00376	0.00885
60	0.02763	0.02036	0.02182	0.01672	0.02254	0.02254	0.01382	0.67496	0.03418	0.04581	0.01745	0.01745	0.01236	0.00873	0.00727	0.00218	0.00800	0.00654	0.00727	0.01236
61	0.01161	0.00833	0.01157	0.01319	0.01489	0.00829	0.01151	0.01491	0.01673	0.02168	0.03963	0.08160	0.06311	0.02003	0.00999	0.00332	0.00660	0.62963	0.00670	0.00668
62	0.01590	0.01699	0.03439	0.29422	0.06920	0.01749	0.40010	0.02147	0.01614	0.02152	0.01399	0.01946	0.01054	0.00657	0.00803	0.00243	0.01114	0.00769	0.00350	0.00922
63	0.10010	0.10606	0.56433	0.01868	0.02829	0.01801	0.02335	0.02272	0.01497	0.02347	0.01243	0.01459	0.00907	0.00682	0.00642	0.00222	0.00989	0.00507	0.00323	0.01029
64	0.01911	0.65380	0.03502	0.01239	0.01822	0.02671	0.01206	0.05325	0.01619	0.01948	0.06524	0.01535	0.01421	0.00703	0.00510	0.00164	0.00744	0.00476	0.00371	0.00928
65	0.01021	0.00743	0.00961	0.00906	0.01081	0.00683	0.00680	0.01357	0.02040	0.02872	0.66726	0.05501	0.09695	0.01502	0.00857	0.00229	0.00344	0.01325	0.00795	0.00683
66	0.01489	0.01428	0.02473	0.53324	0.19655	0.01653	0.05732	0.01968	0.01514	0.02001	0.01319	0.01908	0.01018	0.00702	0.00732	0.00236	0.00959	0.00658	0.00334	0.00895
67	0.05196	0.01118	0.01356	0.01175	0.01539	0.01106	0.00921	0.02717	0.17078	0.26580	0.19723	0.09155	0.03383	0.01170	0.00760	0.00234	0.00508	0.00993	0.04308	0.00981
68	0.01801	0.01311	0.01464	0.01265	0.01624	0.01371	0.01000	0.27123	0.07352	0.05947	0.10910	0.14275	0.15845	0.01397	0.00810	0.00244	0.00580	0.04032	0.00723	0.00927
69	0.00917	0.00657	0.00872	0.00991	0.01061	0.00612	0.00677	0.01092	0.01539	0.02090	0.18510	0.58808	0.05262	0.02102	0.00912	0.00280	0.00404	0.01900	0.00703	0.00612
70	0.04295	0.24450	0.44946	0.01846	0.02747	0.02043	0.05825	0.02261	0.01518	0.02163	0.01218	0.01438	0.00930	0.00666	0.00626	0.00209	0.00978	0.00507	0.00316	0.01018
71	0.01756	0.02080	0.06768	0.02620	0.03154	0.07842	0.41835	0.02228	0.01583	0.02133	0.01301	0.01791	0.01042	0.00796	0.01222	0.00258	0.19558	0.00753	0.00353	0.00926
72	0.01121	0.00769	0.00966	0.00901	0.01109	0.00693	0.00682	0.01430	0.01981	0.06522	0.53773	0.05567	0.18709	0.01522	0.00851	0.00232	0.00363	0.01324	0.00782	0.00703
73	0.02611	0.02025	0.02489	0.01875	0.02479	0.02194	0.10986	0.57997	0.03170	0.04253	0.01705	0.01777	0.01217	0.00835	0.00746	0.00222	0.00862	0.00684	0.00675	0.01199
74	0.02670	0.01926	0.02077	0.01605	0.02149	0.02118	0.01312	0.61266	0.03225	0.06427	0.01815	0.01960	0.01343	0.05569	0.00917	0.00249	0.00788	0.00683	0.00714	0.01185
75	0.01781	0.01709	0.02918	0.07299	0.67220	0.01722	0.02222	0.02215	0.01647	0.02353	0.01364	0.01805	0.01144	0.00651	0.00720	0.00217	0.00868	0.00648	0.00358	0.01137
76	0.00999	0.00727	0.00926	0.00904	0.01056	0.00670	0.00659	0.01282	0.01883	0.02617	0.52422	0.13840	0.11432	0.06084	0.01040	0.00267	0.00377	0.01408	0.00753	0.00653
77	0.02693	0.01921	0.02075	0.01608	0.02166	0.02112	0.01323	0.58288	0.06844	0.08134	0.01895	0.01870	0.01342	0.00879	0.00721	0.00218	0.00762	0.00669	0.03265	0.01213
78	0.00892	0.00733	0.00784	0.00781	0.01004	0.00626	0.00582	0.01103	0.01720	0.02135	0.18728	0.09491	0.55316	0.01793	0.00862	0.00244	0.00366	0.01516	0.00698	0.00626
79	0.01932	0.01446	0.01578	0.01395	0.01810	0.01605	0.01091	0.03585	0.53668	0.12282	0.05004	0.03005	0.06263	0.01038	0.00749	0.00243	0.00563	0.00865	0.00760	0.01118
80	0.00890	0.00636	0.00847	0.01009	0.01055	0.00593	0.00675	0.01022	0.01410	0.01885	0.05826	0.72075	0.04865	0.02255	0.00926	0.00293	0.00420	0.02046	0.00678	0.00593
81	0.01964	0.57360	0.09968	0.01349	0.01994	0.02613	0.01371	0.09280	0.01696	0.02117	0.01169	0.01322	0.00999	0.00664	0.00518	0.00170	0.00792	0.00443	0.03241	0.00970
82	0.01049	0.00701	0.00795	0.00803	0.00805	0.00699	0.00452	0.01055	0.01073	0.01431	0.02373	0.08087	0.02747	0.70982	0.03566	0.00685	0.00691	0.01106	0.00452	0.00448
83	0.01263	0.00631	0.00947	0.00947	0.00947	0.00631	0.00631	0.00947	0.00947	0.01263	0.01263	0.02210	0.01263	0.02525	0.02841	0.78851	0.00631	0.00631	0.00316	0.00316
84	0.01966	0.01790	0.01748	0.01549	0.01955	0.08841	0.01209	0.08689	0.54509	0.02991	0.02611	0.02457	0.01970	0.00963	0.00787	0.00241	0.03155	0.00767	0.00688	0.01114
85	0.02763	0.02036	0.02182	0.01672	0.02254	0.02254	0.01382	0.67496	0.03418	0.04581	0.01745	0.01745	0.01236	0.00873	0.00727	0.00218	0.00800	0.00654	0.00727	0.01236
86	0.01041	0.00770	0.01123	0.01123	0.01237	0.00884	0.00852	0.01269	0.01155	0.01654	0.01988	0.03085	0.01917	0.13759	0.63402	0.01112	0.01797	0.00812	0.00396	0.00624
87	0.01522	0.08319	0.58034	0.02138	0.03140	0.01786	0.10526	0.02297	0.01553	0.02266	0.01305	0.01562	0.00944	0.00676	0.00696	0.00227	0.01073	0.00567	0.00315	0.01053
88	0.01876	0.02219	0.06432	0.05620	0.06238	0.11991	0.47619	0.04580	0.01803	0.02306	0.01411	0.01834	0.01072	0.00650	0.00806	0.00234	0.01193	0.00764	0.00376	0.00973
89	0.00931	0.00806	0.00800	0.00823	0.01029	0.02923	0.00597	0.01099	0.01604	0.01920	0.06412	0.18266	0.53976	0.04323	0.00960	0.00268	0.00419	0.01575	0.00657	0.00611
90	0.01077	0.00753	0.00930	0.00954	0.01012	0.00774	0.00625	0.03759	0.01260	0.01704	0.02656	0.22434	0.03004	0.40038	0.15191	0.00662	0.00860	0.01255	0.00504	0.00550
91	0.01040	0.00772	0.01135	0.01135	0.01253	0.00891	0.00867	0.01277	0.01158	0.01663	0.01977	0.03024	0.01890	0.11544	0.65581	0.01127	0.01837	0.00803	0.00394	0.00631
92	0.01164	0.00832	0.01162	0.01318	0.01486	0.00829	0.01148	0.01500	0.01692	0.02211	0.07009	0.08066	0.04312	0.01983	0.00997	0.00330	0.00654	0.61962	0.00676	0.00670
93	0.02763	0.02036	0.02182	0.01672	0.02254	0.02254	0.01382	0.67496	0.03418	0.04581	0.01745	0.01745	0.01236	0.00873	0.00727	0.00218	0.00800	0.00654	0.00727	0.01236
94	0.01131	0.00770	0.00979	0.00911	0.01115	0.00697	0.00689	0.01448	0.02003	0.06574	0.57147	0.05482	0.15303	0.01502	0.00850	0.00231	0.00362	0.01312	0.00788	0.00707
95	0.01784	0.01547	0.01673	0.05372	0.02061	0.01797	0.01198	0.03753	0.64936	0.02976	0.02868	0.02670	0.02151	0.00972	0.00739	0.00246	0.00597	0.00812	0.00717	0.01132
96	0.12815	0.00839	0.00796	0.00759	0.00986	0.00881	0.00584	0.04441	0.01560	0.02867	0.02148	0.02448	0.01681	0.00823	0.00509	0.00179	0.00390	0.00635	0.63944	0.00716
97	0.01737	0.01963	0.03859	0.02825	0.03425	0.04800	0.53776	0.02257	0.01631	0.02211	0.01372	0.01873	0.01072	0.00726	0.01100	0.00255	0.13011	0.00805	0.00360	0.00944
98	0.01263	0.00631	0.00947	0.00947	0.00947	0.00631	0.00631	0.00947	0.00947	0.01263	0.01263	0.02210	0.01263	0.02525	0.02841	0.78851	0.00631	0.00631	0.00316	0.00316
99	0.00859	0.00736	0.00736	0.00736	0.00982	0.00614	0.00552	0.01043	0.01657	0.01964	0.07364	0.06996	0.69624	0.01841	0.00859	0.00245	0.00368	0.01534	0.00675	0.00614
100	0.01943	0.74891	0.03809	0.01244	0.01866	0.02876	0.01244	0.02177	0.01477	0.01710	0.01011	0.01166	0.00933	0.00622	0.00466	0.00155	0.00777	0.00389	0.00311	0.00933
101	0.01469	0.03696	0.68572	0.02146	0.05232	0.01689	0.02671	0.02300	0.01538	0.02304	0.01306	0.01543	0.00928	0.00689	0.00692	0.00230	0.01068	0.00541	0.00309	0.01077
102	0.02635	0.05346	0.02131	0.01792	0.02213	0.49154	0.01388	0.17381	0.05035	0.02456	0.01330	0.01468	0.01056	0.00796	0.00713	0.00199	0.02970	0.00526	0.00465	0.00945
103	0.01263	0.00631	0.00947	0.00947	0.00947	0.00631	0.00631	0.00947	0.00947	0.01263	0.01263	0.02210	0.01263	0.02525	0.02841	0.78851	0.00631	0.00631	0.00316	0.00316
104	0.02453	0.01775	0.01904	0.01504	0.02002	0.01961	0.01229	0.52408	0.06736	0.04134	0.01909	0.01973	0.01399	0.01024	0.02999	0.00244	0.00759	0.00671	0.11782	0.01133
105	0.01386	0.00965	0.01072	0.00970	0.01092	0.01004	0.00636	0.13954	0.01569	0.02107	0.05860	0.04210	0.02600	0.56202	0.02968	0.00584	0.00703	0.00993	0.00516	0.00608
106	0.01653	0.01894	0.05928	0.10257	0.03630	0.01866	0.48672	0.02193	0.01594	0.02193	0.01371	0.01890	0.01061	0.00724	0.01061	0.00255	0.11673	0.00793	0.00354	0.00938
107	0.01722	0.01692	0.02672	0.24674	0.46861	0.05509	0.02122	0.02156	0.01617	0.02188	0.01332	0.01814	0.01085	0.00677	0.00718	0.00222	0.00919	0.00637	0.00350	0.01032
108	0.01059	0.00728	0.00938	0.01000	0.01136	0.00675	0.00736	0.01274	0.01637	0.04865	0.19996	0.33690	0.13369	0.05201	0.01030	0.00294	0.00451	0.10571	0.00702	0.00646
109	0.00908	0.00649	0.00870	0.01038	0.01090	0.00610	0.00714	0.01052	0.01414	0.01881	0.03994	0.68721	0.04758	0.02256	0.00934	0.00298	0.00442	0.07099	0.00674	0.00597
110	0.00883	0.00641	0.00834	0.00989	0.01048	0.00592	0.00665	0.01015	0.01414	0.01865	0.04288	0.68369	0.10237	0.02241	0.00922	0.00291	0.00417	0.02022	0.00675	0.00592
111	0.01943	0.74891	0.03809	0.01244	0.01866	0.02876	0.01244	0.02177	0.01477	0.01710	0.01011	0.01166	0.00933	0.00622	0.00466	0.00155	0.00777	0.00389	0.00311	0.00933
112	0.00896	0.00738	0.00787	0.00775	0.01004	0.00629	0.00581	0.01114	0.01743	0.02169	0.20763	0.06658	0.56098	0.01764	0.00859	0.00242	0.00363	0.01487	0.00702	0.00629
113	0.01506	0.00841	0.00858	0.00804	0.01022	0.00872	0.00616	0.07991	0.04399	0.02900	0.02336	0.02619	0.01818	0.00855	0.00538	0.00177	0.00392	0.00681	0.68026	0.00749
114	0.01517	0.01500	0.02319	0.27988	0.03147	0.01981	0.05237	0.01820	0.01270	0.01820	0.01106	0.01738	0.00968	0.01037	0.01695	0.00286	0.42788	0.00652	0.00323	0.00810
115	0.00883	0.00737	0.00769	0.00761	0.00996	0.00624	0.00571	0.01089	0.01713	0.02096	0.16011	0.06778	0.60894	0.01792	0.00859	0.00243	0.00365	0.01504	0.00692	0.00624
116	0.01724	0.01420	0.01623	0.01179	0.01814	0.01190	0.00951	0.13134	0.01836	0.02750	0.01370	0.01548	0.01104	0.00596	0.00571	0.00127	0.00583	0.00469	0.00482	0.65529
117	0.01539	0.01161	0.01466	0.01309	0.01534	0.01334	0.01025	0.18943	0.01750	0.02429	0.01866	0.02702	0.01703	0.12310	0.39650	0.00800	0.06438	0.00770	0.00481	0.00790
118	0.01507	0.01292	0.01507	0.01077	0.01723	0.00969	0.00861	0.01830	0.01507	0.02369	0.01292	0.01507	0.01077	0.00538	0.00538	0.00108	0.00538	0.00431	0.00431	0.78898
119	0.01560	0.00876	0.00897	0.00823	0.01052	0.00907	0.00635	0.11285	0.01800	0.02983	0.02280	0.02569	0.01772	0.00851	0.00540	0.00176	0.00406	0.00674	0.67155	0.00759
120	0.71239	0.05443	0.01263	0.01005	0.01467	0.01720	0.00838	0.03970	0.03047	0.03207	0.01082	0.01235	0.00844	0.00685	0.00466	0.00221	0.00581	0.00412	0.00457	0.00817
121	0.38426	0.08041	0.01631	0.01177	0.01666	0.01695	0.00985	0.15124	0.01894	0.14915	0.06720	0.01838	0.01527	0.00810	0.00585	0.00218	0.00621	0.00573	0.00596	0.00958
122	0.02675	0.01571	0.01794	0.01438	0.01942	0.03500	0.01164	0.24751	0.12610	0.30848	0.05146	0.05225	0.01972	0.00978	0.00742	0.00228	0.00673	0.00789	0.00790	0.01165
123	0.01458	0.03760	0.70688	0.02072	0.03146	0.01688	0.02686	0.02302	0.01535	0.02302	0.01304	0.01535	0.00921	0.00691	0.00691	0.00230	0.01074	0.00537	0.00307	0.01074
124	0.00869	0.00737	0.00751	0.00747	0.00988	0.00618	0.00560	0.01063	0.01681	0.02021	0.11120	0.06901	0.65832	0.01819	0.00859	0.00244	0.00367	0.01521	0.00683	0.00618
125	0.01352	0.00966	0.01311	0.01228	0.01429	0.01094	0.00961	0.10605	0.01508	0.04314	0.01963	0.02765	0.01769	0.07437	0.56651	0.00986	0.01694	0.00771	0.00455	0.00742
126	0.01861	0.05284	0.02167	0.10292	0.02313	0.10394	0.01508	0.07122	0.05193	0.04904	0.01316	0.01750	0.01121	0.01256	0.05003	0.00312	0.36296	0.00628	0.00407	0.00873
127	0.02543	0.01616	0.01876	0.01597	0.05650	0.01703	0.01227	0.35583	0.07404	0.19131	0.05458	0.02252	0.01763	0.00902	0.00715	0.00218	0.00682	0.00718	0.07814	0.01148
128	0.00885	0.00637	0.00839	0.01001	0.01051	0.00591	0.00670	0.01013	0.01402	0.01860	0.04141	0.71288	0.07412	0.02260	0.00925	0.00293	0.00420	0.02045	0.00675	0.00591
129	0.00957	0.00796	0.03220	0.00963	0.01118	0.00668	0.00721	0.01191	0.01669	0.02257	0.27954	0.34541	0.15595	0.03732	0.00955	0.00272	0.00414	0.01635	0.00701	0.00641
130	0.01804	0.01757	0.02881	0.08111	0.64266	0.03893	0.02194	0.02231	0.01657	0.02328	0.01356	0.01791	0.01135	0.00655	0.00718	0.00216	0.00883	0.00642	0.00358	0.01123
131	0.01015	0.00742	0.00952	0.00900	0.01077	0.00680	0.00675	0.01344	0.02024	0.02836	0.64365	0.05560	0.12079	0.01516	0.00857	0.00230	0.00345	0.01333	0.00790	0.00680
132	0.00892	0.00639	0.00838	0.00995	0.01041	0.00596	0.00662	0.01015	0.01385	0.01840	0.04032	0.69177	0.06580	0.05266	0.01041	0.00311	0.00432	0.02009	0.00665	0.00585
133	0.01709	0.01716	0.05087	0.16923	0.55744	0.01705	0.02207	0.02165	0.01614	0.02277	0.01351	0.01816	0.01110	0.00664	0.00720	0.00221	0.00890	0.00644	0.00351	0.01086
134	0.01165	0.00917	0.01042	0.01104	0.01252	0.03208	0.00831	0.01541	0.08600	0.01991	0.03815	0.20173	0.12271	0.17846	0.01523	0.00382	0.00597	0.20471	0.00618	0.00652
135	0.01038	0.00779	0.01168	0.01168	0.01298	0.00909	0.00909	0.01298	0.01168	0.01687	0.01947	0.02856	0.01817	0.05452	0.71573	0.01168	0.01947	0.00779	0.00389	0.00649
136	0.02681	0.07089	0.04920	0.01778	0.02222	0.54714	0.01412	0.05591	0.02065	0.09064	0.01332	0.01451	0.01038	0.00761	0.00657	0.00192	0.01179	0.00502	0.00438	0.00915
137	0.00863	0.00721	0.00752	0.00777	0.00992	0.00610	0.00570	0.01039	0.01618	0.01948	0.06871	0.16826	0.60112	0.01905	0.00869	0.00253	0.00376	0.01612	0.00675	0.00610
138	0.01631	0.14190	0.56873	0.01905	0.02883	0.01830	0.02381	0.02353	0.01557	0.06039	0.01349	0.01533	0.00972	0.00692	0.00660	0.00219	0.01005	0.00526	0.00341	0.01062
139	0.05565	0.13296	0.06101	0.01668	0.02166	0.32661	0.01392	0.15528	0.10286	0.02563	0.01458	0.01553	0.01144	0.00777	0.00646	0.00200	0.00999	0.00537	0.00478	0.00981
140	0.04694	0.01431	0.02373	0.48705	0.24906	0.01650	0.02034	0.01984	0.01507	0.02074	0.01304	0.01864	0.01018	0.00700	0.00713	0.00233	0.00920	0.00636	0.00340	0.00913
141	0.00977	0.00741	0.00899	0.00860	0.01054	0.00664	0.00645	0.01271	0.01934	0.02623	0.50433	0.05911	0.26144	0.01595	0.00858	0.00234	0.00351	0.01382	0.00762	0.00664
142	0.00886	0.00633	0.00843	0.01012	0.01054	0.00590	0.00675	0.01012	0.01392	0.01856	0.04006	0.73979	0.04808	0.02277	0.00928	0.00295	0.00422	0.02066	0.00675	0.00590
143	0.02274	0.01492	0.01602	0.01286	0.01715	0.01609	0.01043	0.39750	0.02648	0.07592	0.02038	0.02140	0.01498	0.00865	0.00647	0.00201	0.00620	0.00667	0.29282	0.01031
144	0.01331	0.00680	0.00680	0.00680	0.00854	0.00674	0.00510	0.01662	0.01531	0.02673	0.02617	0.02921	0.05196	0.00896	0.00525	0.00173	0.00340	0.00720	0.74662	0.00674
145	0.01808	0.01561	0.01644	0.01479	0.01890	0.01808	0.01151	0.03863	0.68606	0.03041	0.02959	0.02712	0.02219	0.00986	0.00740	0.00247	0.00575	0.00822	0.00740	0.01151
146	0.01590	0.01590	0.02226	0.01908	0.01908	0.02226	0.01590	0.01749	0.01113	0.01749	0.00954	0.01590	0.00954	0.01272	0.02385	0.00318	0.73123	0.00636	0.00318	0.00795
147	0.01943	0.74891	0.03809	0.01244	0.01866	0.02876	0.01244	0.02177	0.01477	0.01710	0.01011	0.01166	0.00933	0.00622	0.00466	0.00155	0.00777	0.00389	0.00311	0.00933
148	0.02715	0.03464	0.02060	0.01873	0.02247	0.71536	0.01404	0.02903	0.02060	0.01779	0.01124	0.01311	0.00936	0.00749	0.00655	0.00187	0.01311	0.00468	0.00375	0.00843
149	0.06401	0.01977	0.02095	0.01626	0.02191	0.02197	0.01339	0.60507	0.07252	0.04425	0.01783	0.01776	0.01274	0.00870	0.00715	0.00220	0.00775	0.00652	0.00715	0.01209
150	0.01710	0.01920	0.10237	0.02093	0.02784	0.01604	0.28288	0.06566	0.11282	0.02582	0.01633	0.01883	0.01243	0.00670	0.00726	0.00204	0.00900	0.00687	0.00454	0.22534
151	0.04753	0.05385	0.01891	0.01561	0.01980	0.34852	0.01219	0.18961	0.04135	0.02601	0.02399	0.02429	0.12867	0.00968	0.00697	0.00207	0.00954	0.00703	0.00526	0.00914
152	0.03241	0.01269	0.01707	0.01309	0.01872	0.01116	0.01081	0.06120	0.02134	0.67769	0.02822	0.02445	0.01777	0.00899	0.00731	0.00225	0.00626	0.00728	0.00893	0.01237
153	0.00976	0.00733	0.00921	0.01009	0.01162	0.00678	0.00777	0.01206	0.01637	0.02122	0.14096	0.27316	0.23390	0.01969	0.00919	0.00282	0.00463	0.19020	0.00691	0.00632
154	0.01570	0.01582	0.02358	0.01977	0.02048	0.02116	0.07742	0.01771	0.01183	0.01809	0.01141	0.04897	0.01142	0.01256	0.02176	0.00310	0.63059	0.00722	0.00339	0.00803

[dist]
# distance from previous block
# <min> <max>
0	7

[block]
# block no. 5 follows, 28 sequences, length 89
# corresponding to MSA columns:
# 360-448
name=unknown_F
#
# <colnr> <probs for GDERKNQSTAVLIFYWHMCP>
#	G	D	E	R	K	N	Q	S	T	A	V	L	I	F	Y	W	H	M	C	P
