[name]
unknown

[dist]
# distance from previous block
# <min> <max>
0	68

[block]
# block no. 0 follows, 27 sequences, length 54
# corresponding to MSA columns:
# 83-136
name=unknown_A
#
# <colnr> <probs for GDERKNQSTAVLIFYWHMCP>
#	G	D	E	R	K	N	Q	S	T	A	V	L	I	F	Y	W	H	M	C	P
0	0.01423	0.00968	0.01361	0.01558	0.05835	0.00963	0.01237	0.01833	0.04539	0.07614	0.03659	0.09634	0.03823	0.01839	0.00971	0.00320	0.00679	0.50281	0.00686	0.00778
1	0.01893	0.01845	0.02570	0.03539	0.46150	0.07932	0.01923	0.02650	0.15450	0.02502	0.01830	0.02293	0.01527	0.00808	0.00747	0.00230	0.00853	0.03670	0.00464	0.01124
2	0.01967	0.01641	0.01759	0.01533	0.01947	0.01894	0.01204	0.14140	0.51739	0.03242	0.02702	0.02643	0.02063	0.03966	0.00947	0.00269	0.03661	0.00813	0.00723	0.01145
3	0.01254	0.00913	0.01129	0.01112	0.01351	0.00881	0.00881	0.01761	0.09486	0.05253	0.25760	0.10938	0.14352	0.01643	0.00887	0.00265	0.00490	0.17070	0.00737	0.03838
4	0.05063	0.31889	0.30856	0.01731	0.02532	0.04728	0.04925	0.02411	0.05542	0.02176	0.01301	0.01485	0.01028	0.00693	0.00612	0.00204	0.00938	0.00512	0.00353	0.01018
5	0.01489	0.03840	0.70064	0.02116	0.03213	0.01724	0.02743	0.02351	0.01567	0.02351	0.01332	0.01567	0.00940	0.00705	0.00705	0.00235	0.01097	0.00549	0.00313	0.01097
6	0.02612	0.08270	0.02208	0.01550	0.02107	0.02046	0.01297	0.42562	0.02810	0.12607	0.01814	0.01835	0.01306	0.00866	0.00780	0.00213	0.04260	0.00637	0.03302	0.06916
7	0.01917	0.64778	0.12879	0.01385	0.02083	0.02773	0.01470	0.02240	0.01516	0.01829	0.01073	0.01242	0.00951	0.00645	0.00507	0.00169	0.00835	0.00418	0.00317	0.00972
8	0.01158	0.00783	0.01027	0.00952	0.01146	0.00719	0.00719	0.01506	0.02102	0.06132	0.65773	0.05403	0.06761	0.01489	0.00869	0.00233	0.00364	0.01314	0.00822	0.00727
9	0.79154	0.01436	0.01091	0.00976	0.01436	0.01665	0.00804	0.02182	0.01263	0.03331	0.01034	0.01206	0.00804	0.00689	0.00459	0.00230	0.00574	0.00402	0.00459	0.00804
10	0.00877	0.00752	0.00752	0.00752	0.01003	0.00627	0.00564	0.01065	0.01692	0.02005	0.07520	0.07144	0.68978	0.01880	0.00877	0.00251	0.00376	0.01567	0.00689	0.00627
11	0.02110	0.01502	0.01666	0.01399	0.01773	0.01617	0.01083	0.37123	0.05233	0.06087	0.02484	0.18533	0.02365	0.12024	0.01239	0.00316	0.00698	0.01066	0.00695	0.00989
12	0.01432	0.00752	0.00762	0.00740	0.00924	0.00761	0.00554	0.04462	0.01619	0.02793	0.02391	0.02814	0.01909	0.03942	0.00666	0.00198	0.00382	0.00707	0.71487	0.00706
13	0.01068	0.00766	0.01043	0.01043	0.01124	0.00846	0.00741	0.01229	0.01149	0.01612	0.02126	0.03677	0.02186	0.32326	0.44661	0.01008	0.01492	0.00907	0.00418	0.00579
14	0.00877	0.00752	0.00752	0.00752	0.01003	0.00627	0.00564	0.01065	0.01692	0.02005	0.07520	0.07144	0.68978	0.01880	0.00877	0.00251	0.00376	0.01567	0.00689	0.00627
15	0.02822	0.02079	0.02228	0.01708	0.02302	0.02302	0.01411	0.66804	0.03490	0.04679	0.01782	0.01782	0.01262	0.00891	0.00743	0.00223	0.00817	0.00668	0.00743	0.01262
16	0.02044	0.11535	0.03126	0.02499	0.12128	0.17656	0.21448	0.05126	0.01806	0.02238	0.01307	0.01649	0.01066	0.00713	0.00828	0.00212	0.05852	0.00632	0.00386	0.07750
17	0.00911	0.00651	0.00867	0.01029	0.01078	0.00607	0.00690	0.01050	0.01452	0.01944	0.07051	0.70326	0.05006	0.02289	0.00944	0.00298	0.00427	0.02075	0.00695	0.00607
18	0.01539	0.01319	0.01539	0.01100	0.01759	0.00990	0.00880	0.01869	0.01539	0.02419	0.01319	0.01539	0.01100	0.00550	0.00550	0.00110	0.00550	0.00440	0.00440	0.78449
19	0.79154	0.01436	0.01091	0.00976	0.01436	0.01665	0.00804	0.02182	0.01263	0.03331	0.01034	0.01206	0.00804	0.00689	0.00459	0.00230	0.00574	0.00402	0.00459	0.00804
20	0.01080	0.00720	0.00810	0.00810	0.00810	0.00720	0.00450	0.01080	0.01080	0.01439	0.02339	0.04858	0.02699	0.73910	0.03779	0.00720	0.00720	0.01080	0.00450	0.00450
21	0.01402	0.01319	0.02227	0.72126	0.05113	0.01649	0.02062	0.01897	0.01484	0.01897	0.01319	0.01979	0.00990	0.00742	0.00742	0.00247	0.00990	0.00660	0.00330	0.00825
22	0.79154	0.01436	0.01091	0.00976	0.01436	0.01665	0.00804	0.02182	0.01263	0.03331	0.01034	0.01206	0.00804	0.00689	0.00459	0.00230	0.00574	0.00402	0.00459	0.00804
23	0.00894	0.00753	0.00775	0.00769	0.01013	0.00634	0.00577	0.01097	0.01731	0.02097	0.13290	0.06994	0.63152	0.01846	0.00877	0.00249	0.00374	0.01546	0.00701	0.00634
24	0.00904	0.00646	0.00861	0.01034	0.01077	0.00603	0.00689	0.01034	0.01421	0.01895	0.04092	0.73426	0.04910	0.02326	0.00948	0.00301	0.00431	0.02110	0.00689	0.00603
25	0.01837	0.01764	0.03013	0.04557	0.69279	0.01764	0.02278	0.02278	0.01690	0.02425	0.01396	0.01837	0.01176	0.00661	0.00735	0.00220	0.00882	0.00661	0.00367	0.01176
26	0.01752	0.02003	0.04380	0.03129	0.03880	0.01877	0.66583	0.02378	0.01752	0.02378	0.01502	0.02003	0.01126	0.00626	0.00876	0.00250	0.01252	0.00876	0.00375	0.01001
27	0.01402	0.01319	0.02227	0.72126	0.05113	0.01649	0.02062	0.01897	0.01484	0.01897	0.01319	0.01979	0.00990	0.00742	0.00742	0.00247	0.00990	0.00660	0.00330	0.00825
28	0.01061	0.00795	0.01193	0.01193	0.01326	0.00928	0.00928	0.01326	0.01193	0.01723	0.01988	0.02916	0.01856	0.05568	0.70968	0.01193	0.01988	0.00795	0.00398	0.00663
29	0.02813	0.01764	0.01972	0.01526	0.02078	0.01874	0.01256	0.46137	0.02997	0.19815	0.02109	0.02045	0.01455	0.00895	0.00724	0.00220	0.00731	0.00689	0.07688	0.01212
30	0.01985	0.74357	0.03890	0.01270	0.01905	0.02937	0.01270	0.02223	0.01508	0.01747	0.01032	0.01191	0.00953	0.00635	0.00476	0.00159	0.00794	0.00397	0.00318	0.00953
31	0.01080	0.00720	0.00810	0.00810	0.00810	0.00720	0.00450	0.01080	0.01080	0.01439	0.02339	0.04858	0.02699	0.73910	0.03779	0.00720	0.00720	0.01080	0.00450	0.00450
32	0.00904	0.00761	0.00790	0.00804	0.01048	0.00646	0.00618	0.01105	0.01694	0.02024	0.07217	0.07248	0.63502	0.01895	0.00890	0.00258	0.00402	0.06874	0.00689	0.00632
33	0.01051	0.00759	0.00992	0.00934	0.01109	0.00700	0.00700	0.01401	0.02101	0.02977	0.68888	0.05545	0.07005	0.01518	0.00876	0.00233	0.00350	0.01343	0.00817	0.00700
34	0.02773	0.03538	0.02104	0.01913	0.02295	0.70930	0.01434	0.02964	0.02104	0.01817	0.01148	0.01339	0.00956	0.00765	0.00669	0.00191	0.01339	0.00478	0.00383	0.00861
35	0.01489	0.03840	0.70064	0.02116	0.03213	0.01724	0.02743	0.02351	0.01567	0.02351	0.01332	0.01567	0.00940	0.00705	0.00705	0.00235	0.01097	0.00549	0.00313	0.01097
36	0.01051	0.00759	0.00992	0.00934	0.01109	0.00700	0.00700	0.01401	0.02101	0.02977	0.68888	0.05545	0.07005	0.01518	0.00876	0.00233	0.00350	0.01343	0.00817	0.00700
37	0.01985	0.74357	0.03890	0.01270	0.01905	0.02937	0.01270	0.02223	0.01508	0.01747	0.01032	0.01191	0.00953	0.00635	0.00476	0.00159	0.00794	0.00397	0.00318	0.00953
38	0.01429	0.01251	0.01406	0.07680	0.04016	0.06481	0.01119	0.04708	0.14115	0.02321	0.03584	0.23923	0.10451	0.01605	0.00863	0.00275	0.00650	0.12671	0.00637	0.00813
39	0.04730	0.50978	0.17981	0.01492	0.02202	0.07881	0.01585	0.02306	0.01558	0.01940	0.01106	0.01284	0.00945	0.00662	0.00540	0.00180	0.00894	0.00436	0.00327	0.00971
40	0.64668	0.01765	0.10749	0.04495	0.01857	0.01673	0.01133	0.02192	0.01316	0.03127	0.01089	0.01293	0.00832	0.00694	0.00507	0.00231	0.00667	0.00435	0.00433	0.00846
41	0.02666	0.03180	0.02155	0.02123	0.08697	0.58112	0.01489	0.02971	0.05037	0.04906	0.01334	0.01503	0.01075	0.00773	0.00683	0.00198	0.01230	0.00524	0.00421	0.00923
42	0.01051	0.00759	0.00992	0.00934	0.01109	0.00700	0.00700	0.01401	0.02101	0.02977	0.68888	0.05545	0.07005	0.01518	0.00876	0.00233	0.00350	0.01343	0.00817	0.00700
43	0.01051	0.00759	0.00992	0.00934	0.01109	0.00700	0.00700	0.01401	0.02101	0.02977	0.68888	0.05545	0.07005	0.01518	0.00876	0.00233	0.00350	0.01343	0.00817	0.00700
44	0.01617	0.01733	0.05708	0.07153	0.05362	0.02162	0.04580	0.01870	0.01235	0.01877	0.01059	0.01673	0.00990	0.01172	0.02085	0.00307	0.57582	0.00656	0.00329	0.00852
45	0.00904	0.00646	0.00861	0.01034	0.01077	0.00603	0.00689	0.01034	0.01421	0.01895	0.04092	0.73426	0.04910	0.02326	0.00948	0.00301	0.00431	0.02110	0.00689	0.00603
46	0.01969	0.01707	0.01744	0.01543	0.01977	0.04280	0.01206	0.09731	0.59693	0.03207	0.02842	0.02629	0.02128	0.00988	0.00751	0.00247	0.00635	0.00811	0.00741	0.01172
47	0.02716	0.02136	0.02150	0.01695	0.02246	0.08035	0.01380	0.56731	0.05860	0.04282	0.01854	0.04157	0.01397	0.00933	0.00744	0.00224	0.00839	0.00707	0.00711	0.01203
48	0.00904	0.00646	0.00861	0.01034	0.01077	0.00603	0.00689	0.01034	0.01421	0.01895	0.04092	0.73426	0.04910	0.02326	0.00948	0.00301	0.00431	0.02110	0.00689	0.00603
49	0.01775	0.39235	0.28241	0.01625	0.02375	0.04845	0.01817	0.02244	0.01559	0.02026	0.03906	0.01533	0.01195	0.00732	0.00674	0.00199	0.04186	0.00506	0.00339	0.00986
50	0.02599	0.01094	0.01481	0.01208	0.01644	0.00959	0.00967	0.02886	0.02056	0.48637	0.17832	0.09643	0.03276	0.01181	0.00794	0.00237	0.00550	0.01004	0.00875	0.01077
51	0.01684	0.01405	0.01617	0.01168	0.01821	0.01138	0.00940	0.09194	0.01759	0.02674	0.01372	0.01567	0.01118	0.00588	0.00572	0.00123	0.00580	0.00466	0.00474	0.69742
52	0.01782	0.01625	0.07788	0.04730	0.06641	0.03512	0.01248	0.02165	0.01641	0.10025	0.01597	0.01935	0.01279	0.00684	0.00629	0.00160	0.00682	0.02820	0.00480	0.48576
53	0.01543	0.03769	0.67326	0.02099	0.03176	0.01747	0.02689	0.04953	0.01645	0.02445	0.01350	0.01576	0.00953	0.00713	0.00707	0.00235	0.01086	0.00553	0.00331	0.01104

[dist]
# distance from previous block
# <min> <max>
3	13

[block]
# block no. 1 follows, 27 sequences, length 8
# corresponding to MSA columns:
# 150-157
name=unknown_B
#
# <colnr> <probs for GDERKNQSTAVLIFYWHMCP>
#	G	D	E	R	K	N	Q	S	T	A	V	L	I	F	Y	W	H	M	C	P
0	0.07245	0.07001	0.46958	0.02170	0.08816	0.05447	0.02316	0.02392	0.03900	0.02373	0.01336	0.01578	0.01001	0.00733	0.00745	0.00231	0.03802	0.00551	0.00349	0.01055
1	0.11281	0.09098	0.04362	0.08499	0.20099	0.15255	0.01611	0.10171	0.05114	0.02589	0.01630	0.01857	0.03801	0.00783	0.00672	0.00216	0.00899	0.00611	0.00448	0.01005
2	0.16980	0.12556	0.27722	0.02112	0.14854	0.01789	0.01863	0.02192	0.01575	0.02536	0.07914	0.01886	0.01558	0.00764	0.00647	0.00220	0.00837	0.00598	0.00403	0.00994
3	0.01720	0.01751	0.12706	0.01654	0.06826	0.01438	0.01376	0.02805	0.26504	0.08261	0.14958	0.02868	0.02699	0.00968	0.00743	0.00224	0.00645	0.00819	0.00643	0.10390
4	0.02137	0.02549	0.08400	0.03046	0.31832	0.26088	0.01889	0.02727	0.09807	0.02287	0.01499	0.01751	0.01209	0.00743	0.00712	0.00215	0.01026	0.00609	0.00415	0.01058
5	0.01484	0.01102	0.01217	0.01100	0.01428	0.01101	0.00863	0.09057	0.14914	0.07181	0.14532	0.05224	0.31738	0.01493	0.00837	0.00249	0.00494	0.04387	0.00742	0.00859
6	0.02324	0.05293	0.04716	0.01510	0.02020	0.01871	0.01281	0.35329	0.08446	0.09114	0.09995	0.02372	0.02071	0.00964	0.00798	0.00223	0.03558	0.00746	0.03892	0.03475
7	0.02031	0.49066	0.08300	0.01517	0.02070	0.13632	0.01448	0.02298	0.01563	0.01807	0.01066	0.01295	0.00955	0.00741	0.00760	0.00190	0.09550	0.00452	0.00329	0.00932

[dist]
# distance from previous block
# <min> <max>
1	3

[block]
# block no. 2 follows, 27 sequences, length 32
# corresponding to MSA columns:
# 161-192
name=unknown_C
#
# <colnr> <probs for GDERKNQSTAVLIFYWHMCP>
#	G	D	E	R	K	N	Q	S	T	A	V	L	I	F	Y	W	H	M	C	P
0	0.11523	0.02182	0.04442	0.01596	0.04651	0.22530	0.01238	0.13877	0.02111	0.02827	0.10564	0.02043	0.01854	0.00836	0.00668	0.00196	0.00847	0.00625	0.00523	0.14866
1	0.01638	0.01611	0.02899	0.13794	0.36459	0.01622	0.15737	0.02106	0.01709	0.02364	0.07609	0.02480	0.04999	0.00801	0.00785	0.00233	0.00905	0.00811	0.00419	0.01018
2	0.05635	0.11968	0.02330	0.01624	0.02164	0.15057	0.01342	0.41513	0.02813	0.03635	0.01557	0.01632	0.01168	0.00825	0.00675	0.00207	0.00885	0.00587	0.03274	0.01109
3	0.01134	0.00849	0.01236	0.01214	0.01366	0.00985	0.00948	0.04041	0.01288	0.01846	0.01980	0.02869	0.01831	0.05374	0.68056	0.01153	0.01940	0.00790	0.00412	0.00688
4	0.02577	0.07060	0.01864	0.01454	0.04835	0.01384	0.01130	0.06277	0.12098	0.38417	0.12228	0.02828	0.02524	0.00984	0.00745	0.00227	0.00617	0.00812	0.00799	0.01140
5	0.02674	0.01931	0.05090	0.01624	0.02206	0.01986	0.01374	0.41765	0.14758	0.15463	0.02182	0.02078	0.01527	0.00908	0.00744	0.00230	0.00756	0.00707	0.00756	0.01239
6	0.01825	0.03066	0.48610	0.08142	0.03175	0.01611	0.05542	0.02540	0.01669	0.14430	0.01626	0.01797	0.01115	0.00743	0.00724	0.00236	0.01012	0.00610	0.00427	0.01098
7	0.00893	0.00753	0.00774	0.00769	0.01013	0.00633	0.00577	0.01096	0.01730	0.02095	0.13161	0.06997	0.63282	0.01847	0.00877	0.00249	0.00374	0.01546	0.00701	0.00633
8	0.01493	0.07335	0.64292	0.02026	0.03070	0.01748	0.02592	0.02300	0.01569	0.02308	0.01530	0.01741	0.03289	0.00742	0.00700	0.00232	0.01057	0.00576	0.00327	0.01074
9	0.02540	0.01871	0.02169	0.01971	0.10208	0.02029	0.01434	0.47872	0.06347	0.07424	0.02025	0.07085	0.01598	0.00975	0.00757	0.00230	0.00776	0.00785	0.00703	0.01200
10	0.01080	0.00720	0.00810	0.00810	0.00810	0.00720	0.00450	0.01080	0.01080	0.01439	0.02339	0.04858	0.02699	0.73910	0.03779	0.00720	0.00720	0.01080	0.00450	0.00450
11	0.01495	0.01415	0.02395	0.57654	0.18856	0.01674	0.02108	0.01978	0.01529	0.02010	0.01336	0.01949	0.01030	0.00725	0.00741	0.00242	0.00967	0.00660	0.00338	0.00900
12	0.02488	0.01951	0.04974	0.01590	0.02145	0.02033	0.01346	0.52472	0.05686	0.04220	0.04732	0.02277	0.04971	0.00961	0.00742	0.00224	0.00757	0.00743	0.04518	0.01170
13	0.00901	0.00660	0.00847	0.00996	0.01067	0.00606	0.00673	0.01038	0.01457	0.01910	0.04545	0.64661	0.13382	0.02267	0.00938	0.00295	0.00423	0.02039	0.00689	0.00606
14	0.02888	0.01282	0.01650	0.01294	0.01803	0.01184	0.01058	0.11608	0.02276	0.49713	0.10938	0.02814	0.02406	0.00987	0.00751	0.00227	0.00608	0.00808	0.04541	0.01166
15	0.55320	0.04957	0.01461	0.01154	0.01634	0.04339	0.00955	0.14619	0.01744	0.03441	0.01232	0.01378	0.00944	0.00735	0.00524	0.00222	0.00651	0.00466	0.03326	0.00897
16	0.05795	0.32548	0.14407	0.01452	0.02077	0.11310	0.01437	0.02365	0.01696	0.07799	0.07767	0.01822	0.01604	0.00772	0.00605	0.00191	0.00841	0.00556	0.00436	0.04518
17	0.02335	0.05162	0.05331	0.01520	0.02085	0.01880	0.01295	0.33980	0.13640	0.09165	0.05210	0.02314	0.04154	0.00926	0.00725	0.00217	0.00716	0.00728	0.00694	0.07923
18	0.01985	0.74357	0.03890	0.01270	0.01905	0.02937	0.01270	0.02223	0.01508	0.01747	0.01032	0.01191	0.00953	0.00635	0.00476	0.00159	0.00794	0.00397	0.00318	0.00953
19	0.02982	0.01215	0.01630	0.01281	0.01799	0.01075	0.01046	0.03356	0.04999	0.58556	0.11147	0.02913	0.02500	0.00997	0.00763	0.00231	0.00595	0.00825	0.00899	0.01189
20	0.01710	0.23573	0.28923	0.01878	0.05907	0.04664	0.06021	0.05366	0.01690	0.02231	0.01906	0.04355	0.07061	0.00845	0.00675	0.00214	0.00919	0.00675	0.00391	0.00995
21	0.01477	0.01292	0.02067	0.35963	0.14959	0.01448	0.04037	0.05034	0.01635	0.02232	0.02032	0.11301	0.03914	0.00983	0.00755	0.00241	0.00817	0.00887	0.08060	0.00866
22	0.00918	0.00656	0.00877	0.01049	0.01099	0.00615	0.00713	0.01058	0.01435	0.01911	0.04084	0.70340	0.04880	0.02313	0.00951	0.00303	0.00443	0.05059	0.00689	0.00607
23	0.01586	0.03135	0.47574	0.05495	0.20293	0.01738	0.05153	0.02316	0.01603	0.02354	0.01355	0.01670	0.01010	0.00692	0.00721	0.00232	0.01044	0.00595	0.00330	0.01103
24	0.08865	0.04948	0.11023	0.01391	0.01949	0.01454	0.01267	0.05557	0.14643	0.28181	0.05336	0.02645	0.04637	0.03790	0.00835	0.00251	0.00678	0.00761	0.00699	0.01089
25	0.01011	0.00696	0.00824	0.00882	0.00908	0.00676	0.00536	0.01063	0.01223	0.01619	0.03166	0.28013	0.06485	0.46539	0.02694	0.00558	0.00607	0.01448	0.00541	0.00509
26	0.00904	0.00746	0.00794	0.00797	0.01023	0.00636	0.00592	0.01111	0.01733	0.02137	0.16069	0.11325	0.55853	0.01858	0.00882	0.00252	0.00376	0.01571	0.00708	0.00636
27	0.02413	0.20916	0.05619	0.05248	0.04600	0.36468	0.01488	0.05995	0.04126	0.04758	0.01309	0.01477	0.01058	0.00746	0.00638	0.00194	0.01079	0.00508	0.00412	0.00950
28	0.01731	0.02212	0.13148	0.03244	0.15437	0.01836	0.46372	0.02357	0.01716	0.02383	0.01460	0.01913	0.01110	0.00643	0.00828	0.00243	0.01165	0.00793	0.00366	0.01046
29	0.00944	0.00740	0.00854	0.00856	0.01051	0.00650	0.00631	0.01184	0.01805	0.02345	0.29462	0.15436	0.37777	0.01807	0.00886	0.00251	0.00374	0.01558	0.00736	0.00650
30	0.02354	0.02514	0.01869	0.01674	0.02081	0.35571	0.01281	0.05784	0.27749	0.05095	0.02250	0.02213	0.04486	0.00919	0.00718	0.00220	0.00956	0.00684	0.00576	0.01004
31	0.02697	0.01902	0.02077	0.01619	0.02176	0.02079	0.01328	0.52769	0.08716	0.10153	0.05304	0.02116	0.01681	0.00934	0.00751	0.00226	0.00758	0.00723	0.00763	0.01227

[dist]
# distance from previous block
# <min> <max>
3	5

[block]
# block no. 3 follows, 27 sequences, length 25
# corresponding to MSA columns:
# 200-224
name=unknown_D
#
# <colnr> <probs for GDERKNQSTAVLIFYWHMCP>
#	G	D	E	R	K	N	Q	S	T	A	V	L	I	F	Y	W	H	M	C	P
0	0.04606	0.37044	0.11272	0.01340	0.01878	0.02123	0.01321	0.02142	0.06412	0.02212	0.13441	0.02408	0.05117	0.00921	0.00724	0.00205	0.04781	0.00681	0.00459	0.00915
1	0.12352	0.14635	0.13601	0.01622	0.02273	0.07341	0.01531	0.32050	0.02444	0.03408	0.01436	0.01539	0.01074	0.00781	0.00649	0.00213	0.00867	0.00554	0.00536	0.01093
2	0.01160	0.13760	0.01415	0.00923	0.01229	0.01075	0.00741	0.01391	0.01701	0.02169	0.18847	0.09132	0.33386	0.04042	0.00891	0.00241	0.00470	0.01256	0.00627	0.05543
3	0.02332	0.02139	0.13965	0.01650	0.02271	0.01875	0.01528	0.41018	0.02746	0.07045	0.01987	0.06675	0.01594	0.00981	0.00746	0.00229	0.00803	0.03124	0.02836	0.04458
4	0.01770	0.01468	0.01697	0.01249	0.01864	0.01284	0.01010	0.13315	0.01864	0.02786	0.01384	0.01586	0.01122	0.00647	0.00676	0.00140	0.04135	0.00490	0.00488	0.61024
5	0.00913	0.00747	0.00805	0.00803	0.01028	0.00640	0.00598	0.01129	0.01757	0.02189	0.19284	0.10591	0.53270	0.01835	0.00881	0.00250	0.00374	0.01554	0.00714	0.00640
6	0.01062	0.00790	0.00993	0.00955	0.01137	0.00742	0.00711	0.01464	0.05241	0.02803	0.54590	0.11424	0.12100	0.01595	0.00876	0.00242	0.00371	0.01404	0.00792	0.00709
7	0.00922	0.00653	0.00856	0.01011	0.01050	0.00615	0.00665	0.01038	0.01387	0.01849	0.03916	0.66539	0.04688	0.09516	0.01232	0.00343	0.00460	0.02007	0.00665	0.00588
8	0.02683	0.14064	0.02504	0.01635	0.02236	0.02408	0.01388	0.56096	0.03162	0.04192	0.01658	0.01684	0.01211	0.00849	0.00698	0.00212	0.00813	0.00623	0.00672	0.01211
9	0.01660	0.01343	0.01571	0.01130	0.01784	0.01039	0.00907	0.04191	0.01632	0.05383	0.01404	0.01590	0.01137	0.00577	0.00565	0.00119	0.00563	0.00461	0.00471	0.72472
10	0.02503	0.29318	0.02839	0.01564	0.02153	0.09425	0.01361	0.36192	0.02608	0.03292	0.01437	0.01516	0.01116	0.00783	0.00635	0.00196	0.00861	0.00548	0.00547	0.01106
11	0.02665	0.01941	0.02112	0.01651	0.02204	0.02148	0.01355	0.56728	0.07268	0.06452	0.01908	0.01940	0.01381	0.01200	0.05254	0.00287	0.00872	0.00690	0.00727	0.01219
12	0.02036	0.69907	0.03788	0.01297	0.01930	0.02898	0.01279	0.06199	0.01630	0.01927	0.01078	0.01227	0.00972	0.00651	0.00493	0.00163	0.00795	0.00414	0.00344	0.00972
13	0.01837	0.01764	0.03013	0.04557	0.69279	0.01764	0.02278	0.02278	0.01690	0.02425	0.01396	0.01837	0.01176	0.00661	0.00735	0.00220	0.00882	0.00661	0.00367	0.01176
14	0.06870	0.01760	0.01898	0.01511	0.02029	0.01914	0.01231	0.43759	0.08945	0.09793	0.04870	0.04435	0.05594	0.01015	0.00747	0.00231	0.00712	0.00795	0.00741	0.01152
15	0.01708	0.01728	0.02389	0.02380	0.13128	0.05091	0.01725	0.01918	0.01270	0.01894	0.01052	0.01647	0.01007	0.01171	0.02079	0.00302	0.57658	0.00644	0.00334	0.00874
16	0.01402	0.01319	0.02227	0.72126	0.05113	0.01649	0.02062	0.01897	0.01484	0.01897	0.01319	0.01979	0.00990	0.00742	0.00742	0.00247	0.00990	0.00660	0.00330	0.00825
17	0.01846	0.01606	0.01765	0.01708	0.06296	0.01841	0.01247	0.03837	0.63644	0.03061	0.02916	0.02709	0.02195	0.00985	0.00754	0.00250	0.00607	0.00828	0.00730	0.01175
18	0.03255	0.01370	0.04546	0.01354	0.01950	0.01117	0.01159	0.03566	0.02102	0.67008	0.02863	0.02487	0.01801	0.00910	0.00745	0.00230	0.00651	0.00738	0.00894	0.01257
19	0.01039	0.00809	0.00958	0.00958	0.01174	0.00747	0.00749	0.01398	0.04780	0.02454	0.29693	0.06560	0.31883	0.01735	0.00896	0.00260	0.00428	0.12052	0.00739	0.00688
20	0.01624	0.01624	0.02274	0.01949	0.01949	0.02274	0.01624	0.01787	0.01137	0.01787	0.00975	0.01624	0.00975	0.01299	0.02436	0.00325	0.72552	0.00650	0.00325	0.00812
21	0.02560	0.03201	0.01964	0.01802	0.02152	0.62566	0.01346	0.02757	0.02065	0.01894	0.05536	0.05688	0.01557	0.00900	0.00698	0.00200	0.01226	0.00625	0.00427	0.00836
22	0.01078	0.00724	0.00832	0.00832	0.00839	0.00732	0.00477	0.01094	0.01086	0.01456	0.02319	0.04746	0.02650	0.69981	0.07642	0.00747	0.00793	0.01063	0.00447	0.00462
23	0.01075	0.00726	0.00840	0.00830	0.00859	0.00717	0.00491	0.01133	0.01249	0.01694	0.13374	0.04972	0.03413	0.61907	0.03297	0.00639	0.00658	0.01123	0.00511	0.00491
24	0.01810	0.01736	0.02964	0.08768	0.65280	0.01757	0.02265	0.02255	0.01678	0.02392	0.01392	0.01846	0.01164	0.00666	0.00735	0.00222	0.00889	0.00661	0.00365	0.01154

[dist]
# distance from previous block
# <min> <max>
0	1

[block]
# block no. 4 follows, 27 sequences, length 25
# corresponding to MSA columns:
# 226-250
name=unknown_E
#
# <colnr> <probs for GDERKNQSTAVLIFYWHMCP>
#	G	D	E	R	K	N	Q	S	T	A	V	L	I	F	Y	W	H	M	C	P
0	0.02245	0.02610	0.02386	0.16077	0.21875	0.38033	0.01794	0.02565	0.01868	0.02005	0.01251	0.01603	0.01025	0.00731	0.00702	0.00210	0.01142	0.00565	0.00368	0.00943
1	0.01000	0.00690	0.00851	0.00941	0.00969	0.00669	0.00597	0.01077	0.01271	0.01692	0.03252	0.38100	0.03832	0.36345	0.02297	0.00502	0.00579	0.04228	0.00575	0.00534
2	0.01806	0.01732	0.02957	0.09431	0.64651	0.01756	0.02263	0.02251	0.01676	0.02387	0.01391	0.01848	0.01162	0.00667	0.00735	0.00222	0.00890	0.00661	0.00365	0.01151
3	0.01080	0.00720	0.00810	0.00810	0.00810	0.00720	0.00450	0.01080	0.01080	0.01439	0.02339	0.04858	0.02699	0.73910	0.03779	0.00720	0.00720	0.01080	0.00450	0.00450
4	0.00904	0.00646	0.00861	0.01034	0.01077	0.00603	0.00689	0.01034	0.01421	0.01895	0.04092	0.73426	0.04910	0.02326	0.00948	0.00301	0.00431	0.02110	0.00689	0.00603
5	0.01037	0.00758	0.00973	0.00920	0.01101	0.00695	0.00690	0.01374	0.02069	0.02900	0.64027	0.05672	0.11913	0.01546	0.00876	0.00235	0.00352	0.01360	0.00807	0.00695
6	0.01846	0.01595	0.01679	0.01511	0.01930	0.01846	0.01175	0.03945	0.67938	0.03105	0.03022	0.02770	0.02266	0.01007	0.00755	0.00252	0.00588	0.00839	0.00755	0.01175
7	0.01985	0.74357	0.03890	0.01270	0.01905	0.02937	0.01270	0.02223	0.01508	0.01747	0.01032	0.01191	0.00953	0.00635	0.00476	0.00159	0.00794	0.00397	0.00318	0.00953
8	0.01908	0.01461	0.01602	0.01423	0.01829	0.01632	0.01110	0.03609	0.53253	0.10069	0.10813	0.03073	0.02783	0.01058	0.00769	0.00247	0.00564	0.00889	0.00780	0.01128
9	0.00991	0.00756	0.00910	0.00871	0.01072	0.00675	0.00654	0.01285	0.01961	0.02643	0.47764	0.06096	0.28337	0.01642	0.00876	0.00239	0.00359	0.01420	0.00773	0.00675
10	0.01985	0.74357	0.03890	0.01270	0.01905	0.02937	0.01270	0.02223	0.01508	0.01747	0.01032	0.01191	0.00953	0.00635	0.00476	0.00159	0.00794	0.00397	0.00318	0.00953
11	0.79154	0.01436	0.01091	0.00976	0.01436	0.01665	0.00804	0.02182	0.01263	0.03331	0.01034	0.01206	0.00804	0.00689	0.00459	0.00230	0.00574	0.00402	0.00459	0.00804
12	0.01463	0.01242	0.01452	0.01068	0.01664	0.00946	0.00848	0.01788	0.01597	0.02447	0.07584	0.02174	0.05032	0.00702	0.00595	0.00128	0.00523	0.00576	0.00486	0.67687
13	0.01861	0.53634	0.17998	0.01597	0.02340	0.02596	0.06757	0.02262	0.01540	0.01925	0.01133	0.01335	0.00964	0.00649	0.00557	0.00182	0.00895	0.00467	0.00321	0.00987
14	0.02506	0.22814	0.02449	0.01385	0.01980	0.01956	0.01200	0.17764	0.07036	0.22182	0.01932	0.01869	0.01393	0.00794	0.00645	0.00195	0.00710	0.00598	0.00636	0.09956
15	0.02377	0.01883	0.02336	0.01822	0.02368	0.02041	0.10337	0.43341	0.12661	0.03906	0.02111	0.07634	0.01682	0.00985	0.00779	0.00237	0.00812	0.00837	0.00689	0.01161
16	0.02605	0.01929	0.02080	0.01639	0.02176	0.02130	0.01336	0.57908	0.06483	0.04356	0.02047	0.08148	0.01634	0.01023	0.00761	0.00231	0.00772	0.00804	0.00739	0.01200
17	0.01837	0.01764	0.03013	0.04557	0.69279	0.01764	0.02278	0.02278	0.01690	0.02425	0.01396	0.01837	0.01176	0.00661	0.00735	0.00220	0.00882	0.00661	0.00367	0.01176
18	0.01384	0.00692	0.00692	0.00692	0.00865	0.00692	0.00519	0.01730	0.01557	0.02768	0.02422	0.02768	0.01903	0.00865	0.00519	0.00173	0.00346	0.00692	0.78031	0.00692
19	0.00922	0.00754	0.00814	0.00799	0.01030	0.00646	0.00599	0.01152	0.01798	0.02256	0.23377	0.06731	0.52965	0.01786	0.00877	0.00246	0.00369	0.01509	0.00722	0.00646
20	0.01402	0.01319	0.02227	0.72126	0.05113	0.01649	0.02062	0.01897	0.01484	0.01897	0.01319	0.01979	0.00990	0.00742	0.00742	0.00247	0.00990	0.00660	0.00330	0.00825
21	0.01051	0.00759	0.00992	0.00934	0.01109	0.00700	0.00700	0.01401	0.02101	0.02977	0.68888	0.05545	0.07005	0.01518	0.00876	0.00233	0.00350	0.01343	0.00817	0.00700
22	0.01402	0.01319	0.02227	0.72126	0.05113	0.01649	0.02062	0.01897	0.01484	0.01897	0.01319	0.01979	0.00990	0.00742	0.00742	0.00247	0.00990	0.00660	0.00330	0.00825
23	0.00999	0.00734	0.00941	0.00993	0.01122	0.00664	0.00690	0.01193	0.01588	0.02180	0.19683	0.45391	0.07181	0.05681	0.01043	0.00290	0.00434	0.01719	0.00688	0.06786
24	0.02742	0.06633	0.02198	0.01862	0.02278	0.60882	0.01425	0.09382	0.02217	0.02103	0.01206	0.01377	0.00987	0.00772	0.00668	0.00193	0.01261	0.00494	0.00416	0.00905

[dist]
# distance from previous block
# <min> <max>
0	25

[block]
# block no. 5 follows, 27 sequences, length 170
# corresponding to MSA columns:
# 276-445
name=unknown_F
#
# <colnr> <probs for GDERKNQSTAVLIFYWHMCP>
#	G	D	E	R	K	N	Q	S	T	A	V	L	I	F	Y	W	H	M	C	P
0	0.01402	0.01319	0.02227	0.72126	0.05113	0.01649	0.02062	0.01897	0.01484	0.01897	0.01319	0.01979	0.00990	0.00742	0.00742	0.00247	0.00990	0.00660	0.00330	0.00825
1	0.79154	0.01436	0.01091	0.00976	0.01436	0.01665	0.00804	0.02182	0.01263	0.03331	0.01034	0.01206	0.00804	0.00689	0.00459	0.00230	0.00574	0.00402	0.00459	0.00804
2	0.02712	0.01945	0.02111	0.01639	0.02203	0.02134	0.01347	0.56667	0.07022	0.08105	0.05062	0.02056	0.01621	0.00929	0.00750	0.00225	0.00772	0.00714	0.00757	0.01231
3	0.01897	0.31380	0.27250	0.01834	0.05753	0.02319	0.01887	0.11273	0.01795	0.02409	0.01259	0.01464	0.01004	0.00734	0.00717	0.00207	0.04873	0.00516	0.00378	0.01051
4	0.02333	0.12358	0.02431	0.01785	0.02140	0.24336	0.01463	0.18050	0.02070	0.02495	0.01234	0.01512	0.01036	0.00938	0.01189	0.00234	0.22431	0.00565	0.00444	0.00957
5	0.01282	0.00650	0.00974	0.00974	0.00979	0.00654	0.00654	0.00979	0.00974	0.01303	0.01312	0.02278	0.01307	0.02674	0.05064	0.75948	0.00687	0.00650	0.00325	0.00333
6	0.01736	0.01436	0.01645	0.01193	0.01843	0.01191	0.00961	0.11824	0.01838	0.02765	0.01390	0.01577	0.01125	0.00602	0.00579	0.00127	0.00591	0.00475	0.00486	0.66615
7	0.08654	0.07458	0.55235	0.01909	0.02885	0.01743	0.02367	0.02418	0.01576	0.07178	0.01401	0.01581	0.00992	0.00715	0.00673	0.00230	0.01000	0.00541	0.00370	0.01074
8	0.01942	0.04663	0.02341	0.04142	0.02209	0.20125	0.04019	0.02218	0.04015	0.01870	0.01131	0.01604	0.01025	0.01083	0.01731	0.00276	0.43783	0.00612	0.00358	0.00851
9	0.01167	0.03618	0.01115	0.01044	0.01207	0.00824	0.00762	0.01506	0.05512	0.05463	0.29184	0.36864	0.05286	0.01806	0.00881	0.00263	0.00431	0.01610	0.00739	0.00717
10	0.79154	0.01436	0.01091	0.00976	0.01436	0.01665	0.00804	0.02182	0.01263	0.03331	0.01034	0.01206	0.00804	0.00689	0.00459	0.00230	0.00574	0.00402	0.00459	0.00804
11	0.01923	0.01926	0.02930	0.04316	0.63176	0.08066	0.02201	0.02341	0.01728	0.02370	0.01374	0.01792	0.01156	0.00671	0.00729	0.00218	0.00924	0.00645	0.00369	0.01147
12	0.01080	0.00720	0.00810	0.00810	0.00810	0.00720	0.00450	0.01080	0.01080	0.01439	0.02339	0.04858	0.02699	0.73910	0.03779	0.00720	0.00720	0.01080	0.00450	0.00450
13	0.00909	0.00655	0.00861	0.01016	0.01074	0.00608	0.00683	0.01049	0.01460	0.01941	0.06669	0.67636	0.08145	0.02274	0.00941	0.00296	0.00425	0.02055	0.00694	0.00608
14	0.01455	0.01373	0.02322	0.63928	0.12899	0.01663	0.02088	0.01943	0.01509	0.01961	0.01329	0.01962	0.01012	0.00732	0.00741	0.00244	0.00977	0.00660	0.00334	0.00867
15	0.01080	0.00720	0.00810	0.00810	0.00810	0.00720	0.00450	0.01080	0.01080	0.01439	0.02339	0.04858	0.02699	0.73910	0.03779	0.00720	0.00720	0.01080	0.00450	0.00450
16	0.01592	0.01577	0.02212	0.01906	0.01913	0.02197	0.01585	0.01760	0.01140	0.01783	0.01032	0.01698	0.01025	0.01543	0.06341	0.00374	0.68531	0.00658	0.00329	0.00804
17	0.00902	0.00654	0.00853	0.01013	0.01071	0.00605	0.00680	0.01036	0.01441	0.01903	0.04343	0.68571	0.09603	0.02293	0.00942	0.00298	0.00427	0.02071	0.00689	0.00605
18	0.01066	0.00774	0.01085	0.01085	0.01181	0.00869	0.00794	0.01256	0.01161	0.01644	0.02087	0.03462	0.02093	0.24784	0.52076	0.01060	0.01632	0.00875	0.00412	0.00603
19	0.01837	0.01764	0.03013	0.04557	0.69279	0.01764	0.02278	0.02278	0.01690	0.02425	0.01396	0.01837	0.01176	0.00661	0.00735	0.00220	0.00882	0.00661	0.00367	0.01176
20	0.01489	0.03840	0.70064	0.02116	0.03213	0.01724	0.02743	0.02351	0.01567	0.02351	0.01332	0.01567	0.00940	0.00705	0.00705	0.00235	0.01097	0.00549	0.00313	0.01097
21	0.02773	0.03538	0.02104	0.01913	0.02295	0.70930	0.01434	0.02964	0.02104	0.01817	0.01148	0.01339	0.00956	0.00765	0.00669	0.00191	0.01339	0.00478	0.00383	0.00861
22	0.01837	0.01764	0.03013	0.04557	0.69279	0.01764	0.02278	0.02278	0.01690	0.02425	0.01396	0.01837	0.01176	0.00661	0.00735	0.00220	0.00882	0.00661	0.00367	0.01176
23	0.01966	0.71634	0.06445	0.01303	0.01956	0.02891	0.01327	0.02228	0.01511	0.01770	0.01044	0.01205	0.00952	0.00638	0.00485	0.00162	0.00806	0.00403	0.00317	0.00958
24	0.01846	0.01595	0.01679	0.01511	0.01930	0.01846	0.01175	0.03945	0.67938	0.03105	0.03022	0.02770	0.02266	0.01007	0.00755	0.00252	0.00588	0.00839	0.00755	0.01175
25	0.01743	0.01975	0.04226	0.03042	0.03738	0.01906	0.61825	0.02335	0.01707	0.02335	0.01463	0.01975	0.01115	0.00675	0.00990	0.00256	0.06474	0.00860	0.00372	0.00987
26	0.01489	0.03840	0.70064	0.02116	0.03213	0.01724	0.02743	0.02351	0.01567	0.02351	0.01332	0.01567	0.00940	0.00705	0.00705	0.00235	0.01097	0.00549	0.00313	0.01097
27	0.03205	0.01236	0.01682	0.01299	0.01852	0.01070	0.01070	0.03495	0.02123	0.66103	0.06571	0.02693	0.02123	0.00952	0.00754	0.00230	0.00616	0.00779	0.00913	0.01232
28	0.00902	0.00656	0.00851	0.01008	0.01070	0.00605	0.00677	0.01037	0.01446	0.01905	0.04410	0.67266	0.10864	0.02284	0.00941	0.00297	0.00426	0.02060	0.00689	0.00605
29	0.63173	0.01751	0.01309	0.05049	0.01770	0.12263	0.00970	0.02286	0.01404	0.03020	0.01067	0.01269	0.00838	0.00704	0.00507	0.00225	0.00714	0.00428	0.00440	0.00814
30	0.00966	0.00705	0.00909	0.00964	0.01084	0.00648	0.00683	0.01198	0.01745	0.02381	0.32910	0.37437	0.11757	0.01929	0.00909	0.00267	0.00390	0.01722	0.00745	0.00648
31	0.00880	0.00741	0.00763	0.00781	0.01010	0.00624	0.00577	0.01062	0.01664	0.01994	0.07169	0.13929	0.62420	0.01926	0.00885	0.00256	0.00382	0.01622	0.00689	0.00624
32	0.61967	0.01428	0.01253	0.01069	0.01555	0.01581	0.00881	0.04901	0.01510	0.15913	0.01419	0.01477	0.01016	0.00740	0.00524	0.00229	0.00594	0.00477	0.00557	0.00908
33	0.01948	0.01974	0.02905	0.04243	0.61333	0.09969	0.02178	0.02360	0.01739	0.02353	0.01367	0.01778	0.01150	0.00674	0.00727	0.00217	0.00936	0.00640	0.00369	0.01139
34	0.01196	0.00854	0.01196	0.01367	0.01538	0.00854	0.01196	0.01538	0.01709	0.02222	0.03931	0.08374	0.04272	0.02051	0.01025	0.00342	0.00684	0.64283	0.00684	0.00684
35	0.00903	0.00652	0.00855	0.01018	0.01073	0.00604	0.00682	0.01035	0.01437	0.01901	0.04287	0.69650	0.08560	0.02300	0.00944	0.00299	0.00428	0.02079	0.00689	0.00604
36	0.79154	0.01436	0.01091	0.00976	0.01436	0.01665	0.00804	0.02182	0.01263	0.03331	0.01034	0.01206	0.00804	0.00689	0.00459	0.00230	0.00574	0.00402	0.00459	0.00804
37	0.00946	0.00755	0.00847	0.00824	0.01045	0.00656	0.00618	0.01199	0.01855	0.02391	0.31874	0.06510	0.44384	0.01736	0.00877	0.00244	0.00366	0.01478	0.00740	0.00656
38	0.01724	0.01940	0.04185	0.03114	0.06742	0.01824	0.61169	0.02323	0.01737	0.02362	0.01595	0.04700	0.01272	0.00692	0.00872	0.00251	0.01204	0.00913	0.00387	0.00994
39	0.01756	0.01373	0.01592	0.01193	0.01794	0.01155	0.00952	0.09188	0.04650	0.06389	0.01695	0.05875	0.01431	0.00731	0.00614	0.00146	0.00579	0.00597	0.00528	0.57760
40	0.01529	0.01449	0.02456	0.52404	0.23842	0.01683	0.02125	0.02008	0.01545	0.02051	0.01342	0.01938	0.01044	0.00719	0.00740	0.00240	0.00958	0.00660	0.00341	0.00927
41	0.02792	0.02014	0.02174	0.01679	0.02263	0.02220	0.01383	0.60370	0.06986	0.07644	0.01905	0.01872	0.01345	0.00899	0.00744	0.00225	0.00796	0.00681	0.00752	0.01258
42	0.01080	0.00720	0.00810	0.00810	0.00810	0.00720	0.00450	0.01080	0.01080	0.01439	0.02339	0.04858	0.02699	0.73910	0.03779	0.00720	0.00720	0.01080	0.00450	0.00450
43	0.79154	0.01436	0.01091	0.00976	0.01436	0.01665	0.00804	0.02182	0.01263	0.03331	0.01034	0.01206	0.00804	0.00689	0.00459	0.00230	0.00574	0.00402	0.00459	0.00804
44	0.01080	0.00720	0.00810	0.00810	0.00810	0.00720	0.00450	0.01080	0.01080	0.01439	0.02339	0.04858	0.02699	0.73910	0.03779	0.00720	0.00720	0.01080	0.00450	0.00450
45	0.03220	0.01442	0.01833	0.01405	0.01984	0.01356	0.01161	0.17432	0.02423	0.55557	0.02678	0.02364	0.01712	0.00913	0.00746	0.00228	0.00672	0.00729	0.00880	0.01263
46	0.79154	0.01436	0.01091	0.00976	0.01436	0.01665	0.00804	0.02182	0.01263	0.03331	0.01034	0.01206	0.00804	0.00689	0.00459	0.00230	0.00574	0.00402	0.00459	0.00804
47	0.01846	0.01595	0.01679	0.01511	0.01930	0.01846	0.01175	0.03945	0.67938	0.03105	0.03022	0.02770	0.02266	0.01007	0.00755	0.00252	0.00588	0.00839	0.00755	0.01175
48	0.01837	0.01764	0.03013	0.04557	0.69279	0.01764	0.02278	0.02278	0.01690	0.02425	0.01396	0.01837	0.01176	0.00661	0.00735	0.00220	0.00882	0.00661	0.00367	0.01176
49	0.01985	0.74357	0.03890	0.01270	0.01905	0.02937	0.01270	0.02223	0.01508	0.01747	0.01032	0.01191	0.00953	0.00635	0.00476	0.00159	0.00794	0.00397	0.00318	0.00953
50	0.01837	0.01764	0.03013	0.04557	0.69279	0.01764	0.02278	0.02278	0.01690	0.02425	0.01396	0.01837	0.01176	0.00661	0.00735	0.00220	0.00882	0.00661	0.00367	0.01176
51	0.01402	0.01319	0.02227	0.72126	0.05113	0.01649	0.02062	0.01897	0.01484	0.01897	0.01319	0.01979	0.00990	0.00742	0.00742	0.00247	0.00990	0.00660	0.00330	0.00825
52	0.03064	0.01691	0.01988	0.01524	0.02109	0.01726	0.01259	0.36766	0.02841	0.35633	0.02327	0.02136	0.01536	0.00904	0.00744	0.00226	0.00729	0.00706	0.00826	0.01263
53	0.01028	0.00758	0.00961	0.00910	0.01095	0.00691	0.00683	0.01357	0.02048	0.02850	0.60842	0.05755	0.15130	0.01565	0.00876	0.00236	0.00354	0.01372	0.00800	0.00691
54	0.02597	0.01968	0.02101	0.01663	0.02217	0.02197	0.01357	0.52332	0.18328	0.04316	0.02068	0.02010	0.01494	0.00918	0.00746	0.00229	0.00764	0.00708	0.00746	0.01242
55	0.01861	0.01570	0.01653	0.01480	0.01894	0.01809	0.01153	0.06178	0.62430	0.03148	0.02947	0.02733	0.02212	0.00996	0.00744	0.00247	0.00585	0.00826	0.04378	0.01156
56	0.01752	0.02003	0.04380	0.03129	0.03880	0.01877	0.66583	0.02378	0.01752	0.02378	0.01502	0.02003	0.01126	0.00626	0.00876	0.00250	0.01252	0.00876	0.00375	0.01001
57	0.01413	0.01320	0.02259	0.63390	0.04776	0.01602	0.05544	0.01904	0.01510	0.01963	0.01464	0.02252	0.01152	0.00790	0.00754	0.00249	0.00972	0.03129	0.02732	0.00825
58	0.01051	0.00759	0.00992	0.00934	0.01109	0.00700	0.00700	0.01401	0.02101	0.02977	0.68888	0.05545	0.07005	0.01518	0.00876	0.00233	0.00350	0.01343	0.00817	0.00700
59	0.01846	0.01595	0.01679	0.01511	0.01930	0.01846	0.01175	0.03945	0.67938	0.03105	0.03022	0.02770	0.02266	0.01007	0.00755	0.00252	0.00588	0.00839	0.00755	0.01175
60	0.01047	0.00755	0.00993	0.00966	0.01130	0.00701	0.00727	0.01378	0.02023	0.02846	0.59929	0.11328	0.06680	0.01614	0.00890	0.00245	0.00375	0.04882	0.00799	0.00691
61	0.01076	0.00732	0.00874	0.00874	0.00896	0.00755	0.00530	0.01121	0.01099	0.01487	0.02280	0.04532	0.02557	0.62435	0.15061	0.00799	0.00933	0.01032	0.00441	0.00486
62	0.01837	0.01764	0.03013	0.04557	0.69279	0.01764	0.02278	0.02278	0.01690	0.02425	0.01396	0.01837	0.01176	0.00661	0.00735	0.00220	0.00882	0.00661	0.00367	0.01176
63	0.01718	0.01941	0.04213	0.03021	0.03743	0.01819	0.63336	0.02330	0.01769	0.02407	0.04823	0.02177	0.01416	0.00670	0.00876	0.00249	0.01207	0.00899	0.00397	0.00986
64	0.01498	0.01500	0.02694	0.25701	0.03460	0.01720	0.21058	0.01909	0.01449	0.01984	0.01493	0.04648	0.01307	0.04648	0.06163	0.00354	0.16408	0.00803	0.00366	0.00838
65	0.03331	0.01263	0.01723	0.01321	0.01895	0.01091	0.01091	0.03618	0.02125	0.69794	0.02929	0.02527	0.01838	0.00919	0.00747	0.00230	0.00632	0.00747	0.00919	0.01263
66	0.02718	0.02073	0.02203	0.04903	0.02415	0.04471	0.01432	0.59369	0.05843	0.04399	0.01789	0.01815	0.01279	0.00885	0.00741	0.00224	0.00833	0.00668	0.00713	0.01226
67	0.01605	0.01527	0.02593	0.40645	0.35009	0.01703	0.02163	0.02075	0.01580	0.02143	0.01355	0.01913	0.01076	0.00705	0.00739	0.00235	0.00939	0.00661	0.00347	0.00988
68	0.00923	0.00666	0.00874	0.01008	0.01078	0.00617	0.00685	0.01084	0.01523	0.02043	0.12841	0.61550	0.07957	0.02199	0.00935	0.00290	0.00418	0.01985	0.00706	0.00617
69	0.03331	0.01263	0.01723	0.01321	0.01895	0.01091	0.01091	0.03618	0.02125	0.69794	0.02929	0.02527	0.01838	0.00919	0.00747	0.00230	0.00632	0.00747	0.00919	0.01263
70	0.03225	0.01433	0.01828	0.01401	0.01979	0.01342	0.01157	0.16716	0.02408	0.56296	0.02691	0.02372	0.01718	0.00913	0.00746	0.00228	0.00670	0.00730	0.00882	0.01263
71	0.00904	0.00646	0.00861	0.01034	0.01077	0.00603	0.00689	0.01034	0.01421	0.01895	0.04092	0.73426	0.04910	0.02326	0.00948	0.00301	0.00431	0.02110	0.00689	0.00603
72	0.02773	0.03538	0.02104	0.01913	0.02295	0.70930	0.01434	0.02964	0.02104	0.01817	0.01148	0.01339	0.00956	0.00765	0.00669	0.00191	0.01339	0.00478	0.00383	0.00861
73	0.02003	0.20188	0.19428	0.02683	0.26798	0.01949	0.01972	0.02474	0.01677	0.11881	0.01510	0.01710	0.01158	0.00702	0.00665	0.00210	0.00877	0.00581	0.00421	0.01114
74	0.01460	0.01379	0.02332	0.63068	0.13714	0.01665	0.02091	0.01948	0.01512	0.01968	0.01330	0.01960	0.01015	0.00731	0.00741	0.00244	0.00975	0.00660	0.00335	0.00872
75	0.00904	0.00646	0.00861	0.01034	0.01077	0.00603	0.00689	0.01034	0.01421	0.01895	0.04092	0.73426	0.04910	0.02326	0.00948	0.00301	0.00431	0.02110	0.00689	0.00603
76	0.00946	0.00741	0.00772	0.00772	0.00937	0.00658	0.00525	0.01070	0.01484	0.01814	0.05764	0.06369	0.46509	0.26299	0.01861	0.00410	0.00493	0.01402	0.00608	0.00567
77	0.79154	0.01436	0.01091	0.00976	0.01436	0.01665	0.00804	0.02182	0.01263	0.03331	0.01034	0.01206	0.00804	0.00689	0.00459	0.00230	0.00574	0.00402	0.00459	0.00804
78	0.00877	0.00752	0.00752	0.00752	0.01003	0.00627	0.00564	0.01065	0.01692	0.02005	0.07520	0.07144	0.68978	0.01880	0.00877	0.00251	0.00376	0.01567	0.00689	0.00627
79	0.01797	0.01722	0.02940	0.10848	0.63305	0.01753	0.02258	0.02243	0.01671	0.02376	0.01389	0.01851	0.01159	0.00669	0.00736	0.00223	0.00892	0.00661	0.00364	0.01143
80	0.01020	0.00741	0.00960	0.00940	0.01099	0.00682	0.00692	0.01328	0.01976	0.02762	0.55863	0.16101	0.09736	0.01660	0.00887	0.00245	0.00364	0.01472	0.00791	0.00682
81	0.79154	0.01436	0.01091	0.00976	0.01436	0.01665	0.00804	0.02182	0.01263	0.03331	0.01034	0.01206	0.00804	0.00689	0.00459	0.00230	0.00574	0.00402	0.00459	0.00804
82	0.02064	0.67261	0.03711	0.01335	0.01944	0.09750	0.01287	0.02297	0.01568	0.01754	0.01044	0.01206	0.00953	0.00648	0.00496	0.00162	0.00848	0.00405	0.00324	0.00943
83	0.01080	0.00720	0.00810	0.00810	0.00810	0.00720	0.00450	0.01080	0.01080	0.01439	0.02339	0.04858	0.02699	0.73910	0.03779	0.00720	0.00720	0.01080	0.00450	0.00450
84	0.01496	0.00800	0.00812	0.00771	0.00977	0.00818	0.00589	0.06812	0.01708	0.02917	0.02372	0.02691	0.01853	0.00867	0.00536	0.00177	0.00383	0.00690	0.71996	0.00736
85	0.01313	0.01177	0.01602	0.01485	0.01574	0.03601	0.01188	0.01534	0.01209	0.01755	0.01667	0.04857	0.01614	0.03754	0.41438	0.00815	0.27535	0.00778	0.00381	0.00721
86	0.01043	0.00759	0.00982	0.00926	0.01104	0.00697	0.00695	0.01386	0.02084	0.02935	0.66236	0.05614	0.09683	0.01533	0.00876	0.00234	0.00351	0.01352	0.00812	0.00697
87	0.01859	0.06127	0.06379	0.08702	0.46193	0.06998	0.08496	0.02313	0.01696	0.02295	0.01359	0.01776	0.01117	0.00672	0.00728	0.00220	0.00966	0.00648	0.00361	0.01094
88	0.01567	0.14960	0.59628	0.01983	0.03007	0.01915	0.02511	0.02331	0.01558	0.02256	0.01285	0.01508	0.00942	0.00694	0.00669	0.00223	0.01049	0.00525	0.00314	0.01074
89	0.68943	0.07040	0.05231	0.01063	0.01572	0.01764	0.00949	0.02195	0.01299	0.03156	0.01051	0.01225	0.00823	0.00686	0.00475	0.00225	0.00621	0.00410	0.00440	0.00832
90	0.00911	0.00649	0.00859	0.01025	0.01066	0.00608	0.00680	0.01035	0.01408	0.01877	0.04023	0.70746	0.04824	0.05124	0.01058	0.00318	0.00442	0.02070	0.00680	0.00597
91	0.01128	0.00817	0.01127	0.01120	0.01271	0.00784	0.04344	0.04350	0.01694	0.02380	0.17088	0.43655	0.04608	0.01824	0.00868	0.00266	0.00467	0.01647	0.09876	0.00687
