[name]
unknown

[dist]
# distance from previous block
# <min> <max>
5	76

[block]
# block no. 0 follows, 24 sequences, length 17
# corresponding to MSA columns:
# 76-92
name=unknown_A
#
# <colnr> <probs for GDERKNQSTAVLIFYWHMCP>
#	G	D	E	R	K	N	Q	S	T	A	V	L	I	F	Y	W	H	M	C	P
0	0.01835	0.01229	0.01515	0.01217	0.01747	0.00986	0.00956	0.02136	0.01741	0.14233	0.02457	0.16318	0.02307	0.01121	0.00736	0.00194	0.00585	0.03952	0.00629	0.44106
1	0.02022	0.34913	0.32601	0.01768	0.02661	0.02364	0.02044	0.02581	0.01704	0.08572	0.01444	0.01592	0.01104	0.00742	0.00647	0.00214	0.00977	0.00533	0.00400	0.01119
2	0.01590	0.04102	0.68023	0.02260	0.03432	0.01842	0.02930	0.02511	0.01674	0.02511	0.01423	0.01674	0.01005	0.00753	0.00753	0.00251	0.01172	0.00586	0.00335	0.01172
3	0.00966	0.00690	0.00920	0.01104	0.01150	0.00644	0.00736	0.01104	0.01518	0.02024	0.04371	0.71614	0.05245	0.02484	0.01012	0.00322	0.00460	0.02254	0.00736	0.00644
4	0.01658	0.03631	0.52841	0.02520	0.03603	0.01881	0.17640	0.02518	0.01722	0.02518	0.01467	0.01786	0.01052	0.00733	0.00797	0.00255	0.01211	0.00670	0.00351	0.01147
5	0.01190	0.00697	0.00971	0.01044	0.01063	0.00679	0.00686	0.01074	0.01240	0.01653	0.02692	0.30436	0.03082	0.09734	0.02358	0.38438	0.00605	0.01364	0.00515	0.00478
6	0.00966	0.00690	0.00920	0.01104	0.01150	0.00644	0.00736	0.01104	0.01518	0.02024	0.04371	0.71614	0.05245	0.02484	0.01012	0.00322	0.00460	0.02254	0.00736	0.00644
7	0.01590	0.04102	0.68023	0.02260	0.03432	0.01842	0.02930	0.02511	0.01674	0.02511	0.01423	0.01674	0.01005	0.00753	0.00753	0.00251	0.01172	0.00586	0.00335	0.01172
8	0.03429	0.01557	0.01969	0.01509	0.02128	0.01473	0.01247	0.18302	0.02617	0.52806	0.02837	0.02510	0.01817	0.00974	0.00796	0.00244	0.00722	0.00778	0.00937	0.01349
9	0.02797	0.12068	0.02489	0.01961	0.02382	0.57514	0.01521	0.03005	0.02117	0.01930	0.01201	0.01426	0.01022	0.00829	0.00787	0.00207	0.04908	0.00510	0.00397	0.00929
10	0.02468	0.01662	0.02109	0.01676	0.02162	0.01749	0.06470	0.31198	0.02629	0.14362	0.02286	0.05735	0.01859	0.08808	0.10656	0.00443	0.01024	0.00879	0.00707	0.01117
11	0.01943	0.02055	0.08026	0.09022	0.02781	0.05049	0.08062	0.12531	0.01825	0.02548	0.01385	0.01908	0.01164	0.01383	0.05753	0.00355	0.32075	0.00715	0.00434	0.00987
12	0.01260	0.10167	0.10884	0.01269	0.01568	0.01204	0.01110	0.01522	0.01453	0.01954	0.02961	0.26769	0.05430	0.16127	0.12257	0.00529	0.00931	0.01331	0.00531	0.00745
13	0.01480	0.06475	0.07457	0.01585	0.01933	0.01577	0.03584	0.01800	0.01440	0.02088	0.02018	0.06222	0.04958	0.02560	0.21252	0.00553	0.18339	0.00819	0.00432	0.13428
14	0.01724	0.22196	0.38581	0.02022	0.02940	0.02119	0.08669	0.02393	0.01725	0.02395	0.06797	0.01967	0.01568	0.00797	0.00721	0.00231	0.01035	0.00649	0.00388	0.01084
15	0.01770	0.26397	0.31500	0.01919	0.02779	0.02175	0.08783	0.02346	0.01637	0.02235	0.01410	0.01834	0.01171	0.05693	0.00912	0.00254	0.01022	0.00603	0.00361	0.05201
16	0.01694	0.26134	0.14229	0.01471	0.02049	0.05806	0.01440	0.02076	0.01665	0.02187	0.07155	0.09856	0.02158	0.01599	0.08840	0.00336	0.00982	0.00802	0.00455	0.09065

[dist]
# distance from previous block
# <min> <max>
2	13

[block]
# block no. 1 follows, 24 sequences, length 9
# corresponding to MSA columns:
# 106-114
name=unknown_B
#
# <colnr> <probs for GDERKNQSTAVLIFYWHMCP>
#	G	D	E	R	K	N	Q	S	T	A	V	L	I	F	Y	W	H	M	C	P
0	0.01801	0.01835	0.09273	0.01601	0.02284	0.01434	0.07120	0.10453	0.05663	0.02886	0.01861	0.07960	0.01612	0.00857	0.00715	0.00189	0.00750	0.00740	0.00535	0.40432
1	0.01767	0.07956	0.27372	0.01714	0.02491	0.01706	0.01825	0.10959	0.01885	0.02716	0.01582	0.01913	0.01258	0.01616	0.12244	0.00386	0.01132	0.00610	0.00446	0.18422
2	0.01612	0.01366	0.01612	0.01200	0.01858	0.01044	0.00969	0.01965	0.01660	0.02565	0.01656	0.02289	0.01474	0.00729	0.00632	0.00139	0.00600	0.05890	0.00493	0.70245
3	0.01551	0.01200	0.04099	0.01269	0.01552	0.01146	0.01001	0.09279	0.01693	0.05766	0.04619	0.06177	0.02338	0.19359	0.27948	0.00756	0.01275	0.00936	0.00542	0.07495
4	0.10217	0.05202	0.07771	0.01412	0.02131	0.01373	0.04833	0.02293	0.01681	0.08378	0.01525	0.01711	0.01188	0.00662	0.00626	0.00166	0.00706	0.00529	0.00495	0.47101
5	0.01461	0.05863	0.24797	0.01541	0.02224	0.01400	0.01619	0.01948	0.01644	0.02350	0.02825	0.10352	0.12659	0.01141	0.00853	0.00227	0.04440	0.00920	0.00484	0.21254
6	0.01896	0.14740	0.25729	0.02448	0.12427	0.02039	0.09759	0.07551	0.01873	0.02632	0.01439	0.01720	0.01119	0.00718	0.00721	0.00219	0.01003	0.00615	0.00408	0.10946
7	0.09280	0.07746	0.26099	0.01850	0.05584	0.01786	0.01838	0.11857	0.01968	0.02933	0.08738	0.02334	0.01913	0.01629	0.10709	0.00391	0.01086	0.00716	0.00497	0.01047
8	0.05060	0.20437	0.14357	0.09138	0.02648	0.01971	0.03558	0.07731	0.01829	0.05230	0.01671	0.07134	0.01444	0.00869	0.00686	0.00213	0.00855	0.00692	0.00468	0.14009

[dist]
# distance from previous block
# <min> <max>
31	93

[block]
# block no. 2 follows, 24 sequences, length 19
# corresponding to MSA columns:
# 227-245
name=unknown_C
#
# <colnr> <probs for GDERKNQSTAVLIFYWHMCP>
#	G	D	E	R	K	N	Q	S	T	A	V	L	I	F	Y	W	H	M	C	P
0	0.04629	0.05444	0.28719	0.06847	0.07959	0.01602	0.01976	0.04564	0.01926	0.10055	0.15703	0.02737	0.02541	0.00968	0.00784	0.00246	0.00872	0.00803	0.00552	0.01075
1	0.03583	0.09122	0.20819	0.04003	0.02375	0.01669	0.03501	0.06733	0.09612	0.02760	0.10623	0.03279	0.12376	0.01091	0.00781	0.00240	0.00790	0.00895	0.00567	0.05183
2	0.05953	0.22111	0.16651	0.01896	0.08812	0.06683	0.01685	0.02439	0.03554	0.07126	0.02398	0.02822	0.08541	0.00994	0.00720	0.00233	0.00880	0.04983	0.00487	0.01033
3	0.02193	0.25430	0.22495	0.01721	0.02471	0.09878	0.01792	0.06082	0.04294	0.09576	0.03747	0.01999	0.03395	0.00849	0.00690	0.00219	0.00959	0.00626	0.00487	0.01097
4	0.02037	0.49233	0.21242	0.01649	0.02442	0.07476	0.01794	0.02468	0.01674	0.02045	0.01198	0.01392	0.01014	0.00709	0.00589	0.00194	0.00977	0.00474	0.00343	0.01052
5	0.01650	0.14725	0.54534	0.02053	0.03097	0.01990	0.02570	0.02438	0.01693	0.02444	0.04718	0.01828	0.01338	0.00786	0.00724	0.00238	0.01080	0.00604	0.00363	0.01126
6	0.02087	0.54256	0.17497	0.01550	0.02329	0.02756	0.01678	0.02485	0.01661	0.05612	0.01281	0.01435	0.01067	0.00711	0.00576	0.00191	0.00907	0.00479	0.00373	0.01068
7	0.01390	0.00695	0.00997	0.00997	0.01020	0.00695	0.00672	0.01133	0.01110	0.01571	0.01526	0.02478	0.01458	0.02530	0.02787	0.67500	0.00649	0.00695	0.09704	0.00393
8	0.01285	0.00771	0.01033	0.01142	0.01258	0.00708	0.00789	0.01443	0.01611	0.10097	0.04218	0.63147	0.04842	0.02300	0.00986	0.00313	0.00486	0.02075	0.00766	0.00731
9	0.01536	0.01461	0.02485	0.60096	0.05089	0.01724	0.06528	0.02060	0.01611	0.02106	0.01423	0.02079	0.01077	0.00768	0.00787	0.00253	0.01041	0.00703	0.00365	0.06807
10	0.01209	0.00922	0.01273	0.01196	0.01416	0.00955	0.00916	0.01492	0.01439	0.02093	0.09987	0.03395	0.02605	0.09494	0.45732	0.00940	0.01582	0.00888	0.00491	0.11977
11	0.02776	0.02021	0.02204	0.01697	0.02314	0.02157	0.01390	0.51731	0.03319	0.06953	0.01998	0.04959	0.01521	0.00975	0.00778	0.00227	0.00812	0.00755	0.00758	0.10656
12	0.01504	0.01251	0.01489	0.01135	0.01701	0.00973	0.00891	0.01849	0.01758	0.02674	0.14673	0.06194	0.02654	0.00895	0.00679	0.00155	0.00538	0.00757	0.00565	0.57664
13	0.01550	0.01348	0.01700	0.09694	0.02230	0.01202	0.01122	0.01905	0.01670	0.02501	0.08090	0.02403	0.04775	0.00841	0.00819	0.00173	0.06061	0.00666	0.00498	0.50751
14	0.01652	0.01674	0.05014	0.05186	0.11835	0.01578	0.13884	0.02168	0.04551	0.02548	0.09862	0.02710	0.05357	0.00958	0.01024	0.00235	0.09630	0.00837	0.00497	0.18800
15	0.01632	0.08981	0.20622	0.14340	0.08035	0.01762	0.11891	0.02214	0.01742	0.02414	0.06838	0.02442	0.04956	0.00853	0.00777	0.00235	0.00974	0.00767	0.00428	0.08098
16	0.01880	0.02074	0.12777	0.04254	0.02433	0.06520	0.06902	0.10137	0.08913	0.04821	0.17337	0.02917	0.02816	0.01001	0.00799	0.00230	0.00818	0.00856	0.00619	0.11896
17	0.01930	0.10832	0.07999	0.03890	0.04285	0.11467	0.06309	0.02663	0.13255	0.04418	0.13882	0.02695	0.02532	0.00980	0.00830	0.00231	0.03300	0.00803	0.00567	0.07133
18	0.06168	0.01842	0.06718	0.05344	0.02396	0.05278	0.05519	0.07357	0.01932	0.14574	0.06152	0.02191	0.01701	0.00922	0.01003	0.00231	0.10853	0.00698	0.00576	0.18547

[dist]
# distance from previous block
# <min> <max>
0	12

[block]
# block no. 3 follows, 24 sequences, length 26
# corresponding to MSA columns:
# 259-284
name=unknown_D
#
# <colnr> <probs for GDERKNQSTAVLIFYWHMCP>
#	G	D	E	R	K	N	Q	S	T	A	V	L	I	F	Y	W	H	M	C	P
0	0.01356	0.04815	0.20553	0.03813	0.02078	0.01281	0.01487	0.02006	0.07063	0.02738	0.28762	0.11797	0.06339	0.01372	0.00859	0.00258	0.00678	0.01182	0.00652	0.00912
1	0.01806	0.02022	0.20202	0.01869	0.08985	0.01367	0.01641	0.04604	0.01942	0.13116	0.14376	0.03693	0.12444	0.04219	0.01045	0.00277	0.03761	0.00983	0.00626	0.01022
2	0.01873	0.11587	0.14829	0.01542	0.02219	0.03666	0.04694	0.02332	0.01864	0.10067	0.14073	0.02558	0.02414	0.00886	0.00722	0.00201	0.00770	0.00734	0.00557	0.22411
3	0.05229	0.06898	0.40268	0.02486	0.11064	0.04746	0.07912	0.02479	0.01712	0.02519	0.01407	0.01700	0.01061	0.00726	0.00735	0.00234	0.01083	0.00604	0.00368	0.06771
4	0.01641	0.10615	0.61951	0.02174	0.03299	0.01965	0.02780	0.02498	0.01668	0.02450	0.01393	0.01636	0.01006	0.00746	0.00730	0.00243	0.01141	0.00571	0.00335	0.01157
5	0.01857	0.01762	0.02401	0.08232	0.32243	0.06660	0.01802	0.02674	0.15587	0.02758	0.13248	0.02840	0.02561	0.00960	0.00811	0.00245	0.00820	0.00860	0.00563	0.01114
6	0.01261	0.00932	0.01081	0.01051	0.01270	0.00921	0.00775	0.01696	0.09121	0.04943	0.09441	0.08110	0.26724	0.15175	0.11603	0.00511	0.00773	0.03197	0.00672	0.00744
7	0.01026	0.00753	0.00953	0.01014	0.01141	0.00691	0.00712	0.01255	0.01813	0.02449	0.27780	0.36011	0.14667	0.04628	0.01083	0.00304	0.00431	0.01831	0.00777	0.00680
8	0.02771	0.02001	0.02210	0.05291	0.02455	0.02208	0.01437	0.50420	0.06574	0.07635	0.02052	0.02253	0.01533	0.06221	0.01034	0.00281	0.00852	0.00760	0.00757	0.01255
9	0.01543	0.01456	0.02460	0.63853	0.11480	0.01774	0.02225	0.02066	0.01607	0.02081	0.01417	0.02099	0.01076	0.00784	0.00792	0.00261	0.01046	0.00705	0.00356	0.00917
10	0.01171	0.00886	0.01260	0.01235	0.01349	0.01022	0.00934	0.01408	0.01323	0.01895	0.06906	0.03579	0.02481	0.16147	0.49425	0.01061	0.05839	0.00933	0.00462	0.00683
11	0.02877	0.01204	0.01621	0.01308	0.01806	0.01053	0.01067	0.03194	0.02223	0.49639	0.15298	0.03817	0.06073	0.01204	0.00843	0.00253	0.00609	0.03794	0.00938	0.01177
12	0.02702	0.02014	0.02173	0.01730	0.02286	0.02226	0.01404	0.52086	0.09661	0.04528	0.02287	0.09113	0.01852	0.01120	0.00817	0.00250	0.00806	0.00889	0.00789	0.01267
13	0.01840	0.07224	0.50352	0.04589	0.03264	0.01864	0.05155	0.02610	0.01723	0.09338	0.01580	0.01798	0.01118	0.00793	0.00818	0.00251	0.03496	0.00622	0.00407	0.01157
14	0.00937	0.00803	0.00803	0.00803	0.01071	0.00669	0.00602	0.01138	0.01807	0.02142	0.08033	0.07632	0.66863	0.02008	0.00937	0.00268	0.00402	0.01674	0.00736	0.00669
15	0.02165	0.58716	0.07306	0.01508	0.02156	0.10000	0.01475	0.02446	0.01665	0.01910	0.01130	0.01330	0.01018	0.00727	0.00631	0.00185	0.03823	0.00453	0.00347	0.01009
16	0.77733	0.01534	0.01166	0.01043	0.01534	0.01779	0.00859	0.02331	0.01350	0.03558	0.01104	0.01288	0.00859	0.00736	0.00491	0.00245	0.00613	0.00429	0.00491	0.00859
17	0.06478	0.52188	0.19087	0.01552	0.02336	0.02751	0.01699	0.02404	0.01611	0.02119	0.01178	0.01368	0.01005	0.00700	0.00566	0.00193	0.00911	0.00463	0.00347	0.01045
18	0.01357	0.00750	0.00786	0.00786	0.00902	0.00750	0.00527	0.01589	0.01473	0.02428	0.02554	0.03788	0.02349	0.27455	0.01852	0.00402	0.00518	0.00893	0.48197	0.00643
19	0.01089	0.00820	0.00986	0.01010	0.01196	0.00754	0.00770	0.01346	0.01848	0.02414	0.23703	0.09018	0.26889	0.10795	0.01362	0.00347	0.00508	0.13721	0.00743	0.00680
20	0.01746	0.01470	0.01699	0.01223	0.01922	0.01161	0.00982	0.06627	0.01799	0.02763	0.01446	0.01664	0.01187	0.00614	0.00603	0.00126	0.00608	0.00488	0.00494	0.71380
21	0.01056	0.00808	0.00968	0.00928	0.01144	0.00720	0.00696	0.01368	0.02088	0.02809	0.45781	0.06534	0.28699	0.01759	0.00936	0.00256	0.00384	0.01520	0.00824	0.00720
22	0.01972	0.01703	0.01793	0.01614	0.02062	0.01972	0.01255	0.04214	0.65752	0.03317	0.03228	0.02959	0.02421	0.01076	0.00807	0.00269	0.00628	0.00897	0.00807	0.01255
23	0.19381	0.01389	0.01696	0.01332	0.01920	0.01296	0.01100	0.03537	0.02073	0.54044	0.02697	0.02398	0.01727	0.00929	0.00732	0.00245	0.00662	0.00719	0.00877	0.01245
24	0.01544	0.01303	0.01537	0.01164	0.01772	0.00996	0.00910	0.01865	0.01626	0.02501	0.01846	0.11971	0.01775	0.00867	0.00650	0.00148	0.00568	0.00733	0.00509	0.65713
25	0.13768	0.28702	0.05998	0.01466	0.02073	0.05275	0.01341	0.20442	0.02222	0.03164	0.01488	0.01633	0.01179	0.00798	0.00614	0.00208	0.00819	0.00549	0.07195	0.01069

[dist]
# distance from previous block
# <min> <max>
0	2

[block]
# block no. 4 follows, 24 sequences, length 16
# corresponding to MSA columns:
# 287-302
name=unknown_E
#
# <colnr> <probs for GDERKNQSTAVLIFYWHMCP>
#	G	D	E	R	K	N	Q	S	T	A	V	L	I	F	Y	W	H	M	C	P
0	0.71771	0.07137	0.01401	0.01068	0.01573	0.01886	0.00898	0.02334	0.01370	0.03424	0.01104	0.01287	0.00871	0.00732	0.00492	0.00239	0.00632	0.00429	0.00479	0.00871
1	0.01914	0.45997	0.28965	0.01708	0.02578	0.02634	0.01968	0.02428	0.01636	0.02116	0.01227	0.01428	0.01013	0.00708	0.00604	0.00201	0.00974	0.00487	0.00338	0.01078
2	0.01498	0.01409	0.02378	0.70226	0.05462	0.01762	0.02202	0.02026	0.01586	0.02026	0.01409	0.02114	0.01057	0.00793	0.00793	0.00264	0.01057	0.00705	0.00352	0.00881
3	0.01122	0.00811	0.01060	0.00998	0.01185	0.00748	0.00748	0.01496	0.02245	0.03180	0.66766	0.05923	0.07482	0.01621	0.00935	0.00249	0.00374	0.01434	0.00873	0.00748
4	0.01133	0.00850	0.01274	0.01274	0.01416	0.00991	0.00991	0.01416	0.01274	0.01841	0.02124	0.03115	0.01982	0.05947	0.68989	0.01274	0.02124	0.00850	0.00425	0.00708
5	0.03208	0.01266	0.01722	0.01361	0.01905	0.01100	0.01107	0.03508	0.02215	0.58680	0.07552	0.07803	0.02572	0.01132	0.00822	0.00251	0.00639	0.00944	0.00957	0.01259
6	0.01963	0.01884	0.03219	0.04867	0.67185	0.01884	0.02434	0.02434	0.01806	0.02591	0.01492	0.01963	0.01256	0.00707	0.00785	0.00236	0.00942	0.00707	0.00393	0.01256
7	0.00976	0.00770	0.00842	0.00888	0.01061	0.00678	0.00618	0.01132	0.01639	0.02024	0.06301	0.23442	0.41971	0.12346	0.01408	0.00354	0.00470	0.01744	0.00699	0.00635
8	0.02158	0.09457	0.01899	0.04378	0.01918	0.04098	0.01135	0.24790	0.04913	0.03526	0.05788	0.02467	0.01921	0.00943	0.00684	0.00214	0.00683	0.00731	0.27273	0.01024
9	0.07871	0.01535	0.02358	0.46332	0.13065	0.01785	0.02006	0.06495	0.01791	0.07084	0.01552	0.02055	0.01152	0.00801	0.00768	0.00256	0.00967	0.00690	0.00443	0.00995
10	0.01915	0.01370	0.05453	0.01408	0.01808	0.01202	0.05953	0.06550	0.06567	0.16661	0.20908	0.04146	0.06300	0.14497	0.01457	0.00349	0.00686	0.01081	0.00739	0.00949
11	0.20878	0.10662	0.19483	0.01640	0.02254	0.01707	0.08152	0.02109	0.01560	0.02576	0.03885	0.12175	0.01958	0.06580	0.00976	0.00292	0.00848	0.00878	0.00469	0.00919
12	0.18029	0.06995	0.01731	0.10785	0.05822	0.03915	0.01178	0.06417	0.03566	0.02709	0.06886	0.03390	0.09265	0.09182	0.01101	0.00305	0.00731	0.03355	0.03775	0.00863
13	0.01971	0.37191	0.23699	0.01936	0.07604	0.02482	0.01918	0.07235	0.01838	0.02423	0.04056	0.01697	0.01330	0.00765	0.00647	0.00209	0.00938	0.00562	0.00400	0.01099
14	0.11507	0.08579	0.36926	0.06581	0.02976	0.01846	0.04726	0.04534	0.01769	0.05470	0.06550	0.02025	0.01557	0.00828	0.00728	0.00245	0.00980	0.00655	0.00444	0.01076
15	0.10442	0.01951	0.14549	0.23320	0.08707	0.01643	0.01857	0.04612	0.04506	0.07735	0.06306	0.02420	0.03778	0.00892	0.00757	0.00248	0.00876	0.00739	0.00506	0.04158

[dist]
# distance from previous block
# <min> <max>
8	11

[block]
# block no. 5 follows, 24 sequences, length 42
# corresponding to MSA columns:
# 315-356
name=unknown_F
#
# <colnr> <probs for GDERKNQSTAVLIFYWHMCP>
#	G	D	E	R	K	N	Q	S	T	A	V	L	I	F	Y	W	H	M	C	P
0	0.02606	0.05368	0.02288	0.01806	0.04729	0.02210	0.01412	0.43359	0.04648	0.06182	0.01933	0.02309	0.01538	0.09437	0.01297	0.00307	0.05933	0.00758	0.00693	0.01188
1	0.14202	0.06060	0.02060	0.01935	0.08994	0.30645	0.01366	0.02687	0.01943	0.08639	0.02284	0.02387	0.09593	0.00972	0.00770	0.00229	0.03066	0.00698	0.00512	0.00959
2	0.69362	0.01728	0.05433	0.01157	0.01697	0.01815	0.01020	0.05321	0.01484	0.03561	0.01163	0.01342	0.00891	0.00748	0.00522	0.00245	0.00661	0.00453	0.00495	0.00902
3	0.00964	0.00698	0.00912	0.01082	0.01144	0.00646	0.00726	0.01107	0.01539	0.02033	0.04637	0.66954	0.09733	0.02450	0.01007	0.00318	0.00456	0.02212	0.00736	0.00646
4	0.01163	0.00933	0.01024	0.01029	0.01286	0.00870	0.00791	0.05333	0.04950	0.02389	0.06428	0.16427	0.43274	0.01988	0.00952	0.00285	0.00490	0.08901	0.00743	0.00744
5	0.02090	0.01842	0.06841	0.02313	0.13277	0.01723	0.09049	0.19550	0.05528	0.06809	0.02291	0.12365	0.02062	0.06778	0.01092	0.00295	0.00859	0.00995	0.00615	0.03627
6	0.01683	0.16077	0.56858	0.02102	0.03188	0.02068	0.02655	0.02487	0.01663	0.02398	0.01367	0.01604	0.01007	0.00740	0.00711	0.00237	0.01115	0.00558	0.00336	0.01145
7	0.01833	0.01637	0.01738	0.01282	0.01960	0.06097	0.01021	0.06333	0.01830	0.02701	0.01430	0.01646	0.01175	0.00629	0.00611	0.00132	0.00668	0.00489	0.00487	0.66299
8	0.01027	0.00807	0.00927	0.00897	0.01126	0.00707	0.00673	0.01311	0.02019	0.02643	0.36398	0.06807	0.38186	0.01821	0.00936	0.00259	0.00388	0.01558	0.00802	0.00707
9	0.02528	0.08174	0.02436	0.12124	0.06085	0.27081	0.01616	0.19130	0.02407	0.02843	0.01497	0.01756	0.01175	0.00857	0.00790	0.00225	0.03434	0.00614	0.04184	0.01042
10	0.01269	0.04489	0.01233	0.01041	0.01261	0.00877	0.00794	0.01602	0.02121	0.06084	0.51752	0.12657	0.08524	0.01647	0.00915	0.00254	0.00423	0.01448	0.00832	0.00777
11	0.00964	0.00697	0.00913	0.01085	0.01145	0.00646	0.00728	0.01106	0.01536	0.02032	0.04601	0.67586	0.09124	0.02454	0.01007	0.00319	0.00456	0.02218	0.00736	0.00646
12	0.01049	0.00749	0.01015	0.01199	0.01281	0.00715	0.00880	0.01247	0.01600	0.02117	0.04325	0.55007	0.05064	0.02407	0.01034	0.00333	0.00532	0.18046	0.00735	0.00667
13	0.01780	0.02638	0.21688	0.05919	0.04009	0.01951	0.45065	0.02510	0.01806	0.02510	0.01547	0.02012	0.01143	0.00697	0.00880	0.00263	0.01280	0.00831	0.00381	0.01089
14	0.01598	0.01544	0.02719	0.50347	0.15337	0.01775	0.08817	0.02121	0.01650	0.02174	0.01530	0.04114	0.01227	0.00815	0.00813	0.00262	0.01051	0.00775	0.00375	0.00956
15	0.01797	0.01085	0.01344	0.01182	0.01495	0.01047	0.00924	0.10436	0.02346	0.14178	0.35947	0.08977	0.07200	0.01473	0.00884	0.00253	0.00511	0.03278	0.04722	0.00921
16	0.01590	0.04102	0.68023	0.02260	0.03432	0.01842	0.02930	0.02511	0.01674	0.02511	0.01423	0.01674	0.01005	0.00753	0.00753	0.00251	0.01172	0.00586	0.00335	0.01172
17	0.01863	0.02231	0.09921	0.03581	0.20343	0.01979	0.39750	0.02480	0.01806	0.02521	0.01532	0.02032	0.01191	0.00720	0.00959	0.00261	0.04487	0.00833	0.00390	0.01118
18	0.01870	0.23530	0.39464	0.02138	0.05507	0.02197	0.06695	0.02535	0.01703	0.05404	0.01426	0.01650	0.01077	0.00735	0.00699	0.00228	0.01058	0.00579	0.00373	0.01132
19	0.03198	0.01580	0.06538	0.01608	0.02259	0.01263	0.06342	0.03578	0.02196	0.55666	0.05254	0.02704	0.02042	0.00965	0.00811	0.00248	0.00751	0.00818	0.00887	0.01293
20	0.01099	0.00755	0.00886	0.00924	0.00957	0.00735	0.00559	0.01161	0.01329	0.01770	0.06827	0.20386	0.06718	0.49036	0.03029	0.00614	0.00659	0.01443	0.00573	0.00542
21	0.02280	0.01991	0.02115	0.01812	0.02280	0.14039	0.07838	0.03517	0.32232	0.11835	0.02782	0.06189	0.02220	0.01098	0.00827	0.00261	0.00852	0.03993	0.00708	0.01131
22	0.01963	0.01884	0.03219	0.04867	0.67185	0.01884	0.02434	0.02434	0.01806	0.02591	0.01492	0.01963	0.01256	0.00707	0.00785	0.00236	0.00942	0.00707	0.00393	0.01256
23	0.03243	0.01331	0.01773	0.01392	0.01958	0.01190	0.01138	0.03696	0.06891	0.57759	0.08344	0.02982	0.02448	0.01041	0.00809	0.00247	0.00647	0.00857	0.00960	0.01293
24	0.00966	0.00690	0.00920	0.01104	0.01150	0.00644	0.00736	0.01104	0.01518	0.02024	0.04371	0.71614	0.05245	0.02484	0.01012	0.00322	0.00460	0.02254	0.00736	0.00644
25	0.01724	0.02398	0.17510	0.06090	0.03455	0.05029	0.32356	0.02315	0.01739	0.02368	0.01830	0.10415	0.01623	0.00976	0.01015	0.00273	0.06484	0.00970	0.00421	0.01008
26	0.03149	0.01553	0.05572	0.01477	0.02086	0.01319	0.01269	0.06604	0.08206	0.51753	0.06229	0.02792	0.02203	0.01009	0.00803	0.00248	0.00693	0.00823	0.00914	0.01300
27	0.02937	0.02180	0.02380	0.05316	0.02612	0.02424	0.01543	0.61349	0.03619	0.04846	0.01879	0.01915	0.01334	0.00944	0.00793	0.00239	0.00882	0.00713	0.00771	0.01325
28	0.02678	0.01892	0.02091	0.01654	0.02187	0.02068	0.01342	0.46871	0.05661	0.08684	0.05171	0.02465	0.01857	0.05387	0.05951	0.00346	0.00911	0.00796	0.00766	0.01221
29	0.06052	0.11973	0.47851	0.04481	0.06432	0.02024	0.02504	0.05412	0.01750	0.02598	0.01392	0.01644	0.01029	0.00752	0.00714	0.00240	0.01071	0.00574	0.00370	0.01138
30	0.23729	0.22221	0.05710	0.01394	0.01936	0.02181	0.01259	0.08500	0.06422	0.02910	0.04635	0.03616	0.01542	0.00893	0.00752	0.00227	0.05653	0.00616	0.00506	0.05300
31	0.01781	0.02033	0.07573	0.02855	0.03562	0.01810	0.47602	0.05014	0.01946	0.02655	0.06298	0.05981	0.01987	0.00913	0.00931	0.00272	0.01170	0.04110	0.00479	0.01028
32	0.13777	0.02272	0.01898	0.01755	0.05356	0.23452	0.01294	0.13830	0.04237	0.05127	0.04862	0.07018	0.01807	0.01182	0.03400	0.00268	0.00979	0.00749	0.00573	0.06163
33	0.01959	0.42341	0.17407	0.01586	0.02303	0.05147	0.01653	0.02594	0.09158	0.02260	0.05558	0.01854	0.01585	0.00806	0.00631	0.00205	0.00885	0.00581	0.00429	0.01058
34	0.01984	0.01480	0.06210	0.04726	0.02097	0.01290	0.04406	0.05601	0.10767	0.17667	0.19549	0.03835	0.09841	0.01197	0.00839	0.00246	0.00653	0.01027	0.00760	0.05825
35	0.01567	0.05900	0.01489	0.01238	0.01569	0.09844	0.00975	0.05021	0.10417	0.02609	0.17000	0.05313	0.26570	0.01537	0.00869	0.00256	0.00632	0.05634	0.00708	0.00852
36	0.01348	0.01018	0.01250	0.01252	0.01420	0.01059	0.00913	0.09747	0.05235	0.02634	0.12106	0.44536	0.06711	0.02024	0.01041	0.00298	0.04095	0.01774	0.00745	0.00795
37	0.01914	0.04449	0.01785	0.01254	0.01886	0.01228	0.01019	0.02314	0.03889	0.11420	0.04782	0.02022	0.01611	0.00740	0.00711	0.00157	0.03205	0.00581	0.00560	0.54471
38	0.11689	0.05804	0.43169	0.02202	0.06637	0.01845	0.06875	0.02472	0.03785	0.02641	0.01758	0.01982	0.04165	0.00809	0.00735	0.00249	0.01031	0.00653	0.00398	0.01101
39	0.05585	0.01878	0.08933	0.04151	0.09781	0.01788	0.01544	0.03483	0.37008	0.09073	0.06268	0.02746	0.02263	0.00996	0.00790	0.00259	0.00725	0.00835	0.00699	0.01196
40	0.02030	0.01725	0.04394	0.01647	0.02325	0.01503	0.09510	0.12344	0.07224	0.07467	0.03948	0.02072	0.01564	0.00762	0.00715	0.00186	0.00754	0.00663	0.00583	0.38585
41	0.01126	0.00823	0.01071	0.01083	0.01267	0.00768	0.00844	0.01465	0.02064	0.02829	0.43556	0.11192	0.12625	0.01838	0.00974	0.00280	0.00457	0.14188	0.00820	0.00730

[dist]
# distance from previous block
# <min> <max>
1	3

[block]
# block no. 6 follows, 24 sequences, length 59
# corresponding to MSA columns:
# 360-418
name=unknown_G
#
# <colnr> <probs for GDERKNQSTAVLIFYWHMCP>
#	G	D	E	R	K	N	Q	S	T	A	V	L	I	F	Y	W	H	M	C	P
0	0.02083	0.02294	0.02248	0.01984	0.02144	0.22337	0.01586	0.02421	0.06442	0.02031	0.01435	0.05347	0.01357	0.01249	0.01815	0.00297	0.40874	0.00735	0.00421	0.00901
1	0.01605	0.04016	0.65509	0.02361	0.05905	0.01843	0.02911	0.02508	0.01679	0.02514	0.01426	0.01685	0.01014	0.00752	0.00755	0.00251	0.01163	0.00591	0.00337	0.01175
2	0.01818	0.02072	0.08576	0.15340	0.26638	0.01908	0.27022	0.02412	0.01784	0.02467	0.01517	0.02037	0.01182	0.00710	0.00844	0.00254	0.01136	0.00788	0.00385	0.01111
3	0.00966	0.00690	0.00920	0.01104	0.01150	0.00644	0.00736	0.01104	0.01518	0.02024	0.04371	0.71614	0.05245	0.02484	0.01012	0.00322	0.00460	0.02254	0.00736	0.00644
4	0.01377	0.00689	0.01033	0.01033	0.01033	0.00689	0.00689	0.01033	0.01033	0.01377	0.01377	0.02410	0.01377	0.02755	0.03099	0.76928	0.00689	0.00689	0.00344	0.00344
5	0.01122	0.00811	0.01060	0.00998	0.01185	0.00748	0.00748	0.01496	0.02245	0.03180	0.66766	0.05923	0.07482	0.01621	0.00935	0.00249	0.00374	0.01434	0.00873	0.00748
6	0.02142	0.61954	0.09071	0.01481	0.02178	0.08033	0.01495	0.02445	0.01665	0.01923	0.01137	0.01316	0.01017	0.00695	0.00544	0.00179	0.00918	0.00443	0.00344	0.01022
7	0.01963	0.01884	0.03219	0.04867	0.67185	0.01884	0.02434	0.02434	0.01806	0.02591	0.01492	0.01963	0.01256	0.00707	0.00785	0.00236	0.00942	0.00707	0.00393	0.01256
8	0.01133	0.00850	0.01274	0.01274	0.01416	0.00991	0.00991	0.01416	0.01274	0.01841	0.02124	0.03115	0.01982	0.05947	0.68989	0.01274	0.02124	0.00850	0.00425	0.00708
9	0.03393	0.01614	0.02004	0.01536	0.02156	0.01558	0.01269	0.22268	0.02712	0.48706	0.02757	0.02458	0.01777	0.00973	0.00796	0.00243	0.00735	0.00772	0.00924	0.01349
10	0.01644	0.01409	0.01644	0.01175	0.01879	0.01057	0.00940	0.01997	0.01644	0.02584	0.01409	0.01644	0.01175	0.00587	0.00587	0.00117	0.00587	0.00470	0.00470	0.76979
11	0.02757	0.02627	0.02368	0.02207	0.09553	0.24715	0.01593	0.31452	0.02811	0.03469	0.01613	0.01783	0.01239	0.00900	0.00847	0.00230	0.04545	0.00645	0.03500	0.01146
12	0.03014	0.02221	0.02380	0.01825	0.02459	0.02459	0.01507	0.64541	0.03728	0.04998	0.01904	0.01904	0.01349	0.00952	0.00793	0.00238	0.00873	0.00714	0.00793	0.01349
13	0.01153	0.00769	0.00865	0.00865	0.00865	0.00769	0.00480	0.01153	0.01153	0.01538	0.02499	0.05189	0.02883	0.72131	0.04036	0.00769	0.00769	0.01153	0.00480	0.00480
14	0.01947	0.01643	0.01769	0.01591	0.02035	0.01858	0.01256	0.06992	0.53714	0.03283	0.03168	0.03402	0.02509	0.01151	0.00823	0.00269	0.00648	0.06539	0.00784	0.04619
15	0.01590	0.04102	0.68023	0.02260	0.03432	0.01842	0.02930	0.02511	0.01674	0.02511	0.01423	0.01674	0.01005	0.00753	0.00753	0.00251	0.01172	0.00586	0.00335	0.01172
16	0.00966	0.00690	0.00920	0.01104	0.01150	0.00644	0.00736	0.01104	0.01518	0.02024	0.04371	0.71614	0.05245	0.02484	0.01012	0.00322	0.00460	0.02254	0.00736	0.00644
17	0.00966	0.00690	0.00920	0.01104	0.01150	0.00644	0.00736	0.01104	0.01518	0.02024	0.04371	0.71614	0.05245	0.02484	0.01012	0.00322	0.00460	0.02254	0.00736	0.00644
18	0.03014	0.02221	0.02380	0.01825	0.02459	0.02459	0.01507	0.64541	0.03728	0.04998	0.01904	0.01904	0.01349	0.00952	0.00793	0.00238	0.00873	0.00714	0.00793	0.01349
19	0.02075	0.69367	0.04016	0.01341	0.01997	0.03030	0.01329	0.02335	0.01640	0.01925	0.04067	0.01482	0.01309	0.00721	0.00528	0.00173	0.00827	0.00470	0.00363	0.01005
20	0.01590	0.04102	0.68023	0.02260	0.03432	0.01842	0.02930	0.02511	0.01674	0.02511	0.01423	0.01674	0.01005	0.00753	0.00753	0.00251	0.01172	0.00586	0.00335	0.01172
21	0.01828	0.02060	0.04413	0.03188	0.03919	0.01971	0.58577	0.02450	0.01824	0.02487	0.01689	0.04955	0.01360	0.00779	0.01022	0.00274	0.04773	0.00978	0.00412	0.01042
22	0.01972	0.01703	0.01793	0.01614	0.02062	0.01972	0.01255	0.04214	0.65752	0.03317	0.03228	0.02959	0.02421	0.01076	0.00807	0.00269	0.00628	0.00897	0.00807	0.01255
23	0.02962	0.03779	0.02247	0.02043	0.02451	0.68948	0.01532	0.03166	0.02247	0.01941	0.01226	0.01430	0.01021	0.00817	0.00715	0.00204	0.01430	0.00511	0.00409	0.00919
24	0.01498	0.01409	0.02378	0.70226	0.05462	0.01762	0.02202	0.02026	0.01586	0.02026	0.01409	0.02114	0.01057	0.00793	0.00793	0.00264	0.01057	0.00705	0.00352	0.00881
25	0.01616	0.03921	0.62184	0.02360	0.03498	0.01857	0.08588	0.02514	0.01692	0.02514	0.01440	0.01717	0.01023	0.00746	0.00770	0.00253	0.01187	0.00618	0.00341	0.01162
26	0.01122	0.00811	0.01060	0.00998	0.01185	0.00748	0.00748	0.01496	0.02245	0.03180	0.66766	0.05923	0.07482	0.01621	0.00935	0.00249	0.00374	0.01434	0.00873	0.00748
27	0.00966	0.00690	0.00920	0.01104	0.01150	0.00644	0.00736	0.01104	0.01518	0.02024	0.04371	0.71614	0.05245	0.02484	0.01012	0.00322	0.00460	0.02254	0.00736	0.00644
28	0.01150	0.00827	0.01064	0.01192	0.01295	0.00807	0.00845	0.05971	0.01714	0.02282	0.04167	0.60543	0.04886	0.02341	0.01003	0.00320	0.00516	0.07631	0.00740	0.00706
29	0.01377	0.00689	0.01033	0.01033	0.01033	0.00689	0.00689	0.01033	0.01033	0.01377	0.01377	0.02410	0.01377	0.02755	0.03099	0.76928	0.00689	0.00689	0.00344	0.00344
30	0.00973	0.00696	0.00926	0.01099	0.01152	0.00649	0.00737	0.01122	0.01551	0.02076	0.07178	0.68658	0.05345	0.02446	0.01009	0.00319	0.00456	0.02217	0.00742	0.00649
31	0.01963	0.01884	0.03219	0.04867	0.67185	0.01884	0.02434	0.02434	0.01806	0.02591	0.01492	0.01963	0.01256	0.00707	0.00785	0.00236	0.00942	0.00707	0.00393	0.01256
32	0.01865	0.02120	0.04572	0.03282	0.04047	0.02025	0.61336	0.02510	0.01840	0.02510	0.01578	0.02120	0.01196	0.00703	0.01015	0.00271	0.04627	0.00924	0.00399	0.01060
33	0.01377	0.00689	0.01033	0.01033	0.01033	0.00689	0.00689	0.01033	0.01033	0.01377	0.01377	0.02410	0.01377	0.02755	0.03099	0.76928	0.00689	0.00689	0.00344	0.00344
34	0.02120	0.72609	0.04155	0.01357	0.02035	0.03138	0.01357	0.02374	0.01611	0.01866	0.01102	0.01272	0.01018	0.00678	0.00509	0.00170	0.00848	0.00424	0.00339	0.01018
35	0.03044	0.01941	0.02183	0.01682	0.02305	0.02049	0.01385	0.43541	0.06378	0.20765	0.02261	0.02148	0.01551	0.00951	0.00787	0.00236	0.00798	0.00734	0.00829	0.04431
36	0.01960	0.01162	0.01307	0.04208	0.01594	0.01222	0.00919	0.16294	0.02180	0.08258	0.04638	0.02769	0.02015	0.01179	0.03731	0.00256	0.00618	0.00765	0.43995	0.00930
37	0.01122	0.00811	0.01060	0.00998	0.01185	0.00748	0.00748	0.01496	0.02245	0.03180	0.66766	0.05923	0.07482	0.01621	0.00935	0.00249	0.00374	0.01434	0.00873	0.00748
38	0.01152	0.00773	0.00885	0.00885	0.00892	0.00780	0.00506	0.01166	0.01159	0.01552	0.02480	0.05087	0.02839	0.68882	0.07225	0.00794	0.00835	0.01138	0.00478	0.00492
39	0.77733	0.01534	0.01166	0.01043	0.01534	0.01779	0.00859	0.02331	0.01350	0.03558	0.01104	0.01288	0.00859	0.00736	0.00491	0.00245	0.00613	0.00429	0.00491	0.00859
40	0.02862	0.07503	0.02456	0.01752	0.02370	0.02434	0.01462	0.56999	0.03501	0.04678	0.04745	0.02036	0.01598	0.00961	0.00778	0.00233	0.00848	0.00724	0.00762	0.01297
41	0.01631	0.09304	0.63173	0.02192	0.03326	0.01940	0.02810	0.02501	0.01669	0.02462	0.01399	0.01644	0.01006	0.00748	0.00735	0.00245	0.01147	0.00574	0.00335	0.01160
42	0.00948	0.00798	0.00822	0.00828	0.01081	0.00672	0.00616	0.01154	0.01814	0.02187	0.10733	0.10751	0.60862	0.02013	0.00941	0.00270	0.00403	0.01691	0.00743	0.00672
43	0.01626	0.01540	0.02610	0.52243	0.22444	0.01795	0.02266	0.02138	0.01646	0.02181	0.01432	0.02072	0.01112	0.00769	0.00791	0.00256	0.01025	0.00705	0.00363	0.00984
44	0.02930	0.02299	0.02324	0.01825	0.02428	0.07471	0.01490	0.55195	0.08432	0.04635	0.01955	0.01950	0.01407	0.00951	0.00788	0.00238	0.00896	0.00713	0.00765	0.01309
45	0.01972	0.01703	0.01793	0.01614	0.02062	0.01972	0.01255	0.04214	0.65752	0.03317	0.03228	0.02959	0.02421	0.01076	0.00807	0.00269	0.00628	0.00897	0.00807	0.01255
46	0.08085	0.01847	0.01942	0.01642	0.02151	0.02090	0.01321	0.26730	0.34296	0.03924	0.02614	0.02727	0.02002	0.01058	0.00792	0.00260	0.00724	0.03784	0.00774	0.01235
47	0.02006	0.57860	0.17905	0.01551	0.02336	0.02859	0.01695	0.02404	0.01625	0.02005	0.01171	0.01359	0.01015	0.00695	0.00561	0.00187	0.00918	0.00459	0.00338	0.01051
48	0.01893	0.33437	0.38070	0.01840	0.02779	0.02373	0.02187	0.02504	0.01670	0.04704	0.01350	0.01540	0.01046	0.00730	0.00650	0.00216	0.01014	0.00524	0.00361	0.01112
49	0.01107	0.00810	0.01039	0.00982	0.01175	0.00742	0.00736	0.01467	0.02209	0.03096	0.62015	0.06062	0.12286	0.01652	0.00935	0.00251	0.00376	0.01453	0.00862	0.00742
50	0.00982	0.00701	0.00938	0.01122	0.01175	0.00658	0.00763	0.01131	0.01534	0.02042	0.04362	0.68475	0.05211	0.02470	0.01016	0.00324	0.00474	0.05239	0.00736	0.00648
51	0.02929	0.02109	0.02284	0.01772	0.02375	0.02317	0.01454	0.58975	0.03559	0.07209	0.02078	0.05536	0.01573	0.01032	0.00805	0.00243	0.00844	0.00797	0.00797	0.01312
52	0.03446	0.01529	0.01951	0.01496	0.02114	0.01431	0.01236	0.16340	0.02570	0.54835	0.02877	0.02536	0.01837	0.00975	0.00797	0.00244	0.00715	0.00780	0.00943	0.01349
53	0.00966	0.00690	0.00920	0.01104	0.01150	0.00644	0.00736	0.01104	0.01518	0.02024	0.04371	0.71614	0.05245	0.02484	0.01012	0.00322	0.00460	0.02254	0.00736	0.00644
54	0.01704	0.01620	0.02752	0.41186	0.32887	0.01816	0.02305	0.02207	0.01683	0.02277	0.01446	0.02047	0.01146	0.00754	0.00789	0.00251	0.01006	0.00706	0.00370	0.01048
55	0.01498	0.01409	0.02378	0.70226	0.05462	0.01762	0.02202	0.02026	0.01586	0.02026	0.01409	0.02114	0.01057	0.00793	0.00793	0.00264	0.01057	0.00705	0.00352	0.00881
56	0.01703	0.01692	0.02367	0.02042	0.02044	0.02356	0.01694	0.01875	0.01227	0.01913	0.01177	0.04593	0.01213	0.01433	0.02537	0.00346	0.67808	0.00758	0.00363	0.00858
57	0.02821	0.02107	0.02318	0.01918	0.05602	0.02322	0.01490	0.55562	0.06164	0.04626	0.01971	0.02122	0.01469	0.04624	0.00961	0.00267	0.00860	0.00744	0.00758	0.01295
58	0.02445	0.01893	0.02023	0.01663	0.02185	0.02108	0.01335	0.37292	0.24898	0.04122	0.02800	0.06055	0.05299	0.01126	0.00816	0.00254	0.00743	0.00904	0.00792	0.01246

[dist]
# distance from previous block
# <min> <max>
6	14

[block]
# block no. 7 follows, 24 sequences, length 12
# corresponding to MSA columns:
# 433-444
name=unknown_H
#
# <colnr> <probs for GDERKNQSTAVLIFYWHMCP>
#	G	D	E	R	K	N	Q	S	T	A	V	L	I	F	Y	W	H	M	C	P
0	0.29244	0.01491	0.02002	0.40075	0.08758	0.01777	0.01732	0.02168	0.01517	0.02626	0.01305	0.01802	0.01000	0.00766	0.00682	0.00255	0.00887	0.00605	0.00406	0.00902
1	0.02103	0.02011	0.02728	0.12903	0.38368	0.10341	0.02057	0.09438	0.01995	0.02617	0.01485	0.01941	0.01218	0.00907	0.00944	0.05729	0.00994	0.00681	0.00431	0.01107
2	0.02733	0.02906	0.02289	0.02178	0.08706	0.36876	0.01556	0.20381	0.06020	0.02951	0.01864	0.01983	0.04237	0.00913	0.00759	0.00223	0.01135	0.00661	0.00552	0.01080
3	0.08637	0.01650	0.02792	0.36329	0.23555	0.01829	0.09468	0.02237	0.01664	0.02397	0.01429	0.01996	0.01116	0.00747	0.00780	0.00254	0.01015	0.00707	0.00383	0.01014
4	0.35523	0.09831	0.14971	0.01295	0.01827	0.01696	0.01259	0.02081	0.01388	0.02660	0.01417	0.02086	0.01276	0.12524	0.01323	0.06193	0.00784	0.00598	0.00429	0.00839
5	0.02125	0.01903	0.02199	0.01939	0.07151	0.07579	0.04363	0.16946	0.08716	0.03059	0.01967	0.02174	0.04007	0.00948	0.01022	0.00228	0.11497	0.00707	0.03392	0.18077
6	0.08473	0.01424	0.02197	0.40928	0.08829	0.01648	0.04980	0.02137	0.06183	0.02304	0.02119	0.02598	0.07065	0.01004	0.00903	0.04166	0.00914	0.00791	0.00437	0.00897
7	0.01423	0.00902	0.01300	0.01201	0.01329	0.00910	0.03998	0.05713	0.01397	0.01853	0.02358	0.06365	0.08223	0.06293	0.08454	0.45550	0.00828	0.00914	0.00451	0.00539
8	0.02625	0.11153	0.02438	0.01848	0.05172	0.12903	0.01447	0.24921	0.12974	0.09161	0.02131	0.02138	0.03190	0.00951	0.00814	0.00234	0.03352	0.00706	0.00658	0.01184
9	0.02430	0.05970	0.02557	0.08859	0.21835	0.31732	0.01791	0.04568	0.02051	0.05207	0.01735	0.01999	0.04180	0.00842	0.00749	0.00223	0.01126	0.00655	0.00448	0.01041
10	0.22461	0.08545	0.35460	0.05252	0.02782	0.01865	0.02046	0.02548	0.01630	0.08556	0.01463	0.01651	0.01055	0.00765	0.00668	0.00243	0.00944	0.00555	0.00436	0.01076
11	0.05500	0.02418	0.02170	0.08076	0.06688	0.23680	0.01533	0.19536	0.10258	0.03041	0.01764	0.01986	0.01380	0.01332	0.06860	0.00326	0.01145	0.00670	0.00560	0.01073

[dist]
# distance from previous block
# <min> <max>
3	11

[block]
# block no. 8 follows, 24 sequences, length 14
# corresponding to MSA columns:
# 456-469
name=unknown_I
#
# <colnr> <probs for GDERKNQSTAVLIFYWHMCP>
#	G	D	E	R	K	N	Q	S	T	A	V	L	I	F	Y	W	H	M	C	P
0	0.07745	0.17516	0.26953	0.02219	0.08167	0.02234	0.07805	0.13338	0.02026	0.02900	0.01439	0.01668	0.01096	0.00760	0.00709	0.00232	0.01006	0.00605	0.00439	0.01145
1	0.02626	0.12242	0.02671	0.02445	0.14508	0.39207	0.01664	0.08161	0.04965	0.02371	0.01404	0.01616	0.01153	0.00801	0.00712	0.00211	0.01180	0.00570	0.00446	0.01046
2	0.10933	0.02239	0.01939	0.01647	0.02122	0.19364	0.01301	0.21034	0.10566	0.08705	0.06018	0.02242	0.01823	0.01268	0.05043	0.00301	0.00989	0.00714	0.00659	0.01092
3	0.02409	0.14001	0.07895	0.07659	0.02616	0.33252	0.01601	0.08022	0.06152	0.02341	0.01839	0.02000	0.05171	0.00889	0.00718	0.00219	0.01124	0.00633	0.00465	0.00995
4	0.02124	0.01614	0.01916	0.01572	0.02026	0.01711	0.03217	0.23610	0.12253	0.06644	0.09989	0.11061	0.02697	0.01212	0.00932	0.00248	0.05091	0.00995	0.00727	0.10361
5	0.02041	0.02045	0.07108	0.03725	0.40207	0.04038	0.07448	0.02730	0.09358	0.06329	0.01759	0.02088	0.01393	0.00812	0.00911	0.00250	0.05343	0.00739	0.00470	0.01205
6	0.46451	0.14030	0.01840	0.01192	0.01712	0.02033	0.01020	0.11881	0.01789	0.03432	0.01354	0.01523	0.01062	0.00775	0.00546	0.00226	0.00674	0.00499	0.07010	0.00952
7	0.01642	0.05969	0.01560	0.01350	0.01678	0.13118	0.01068	0.02297	0.15060	0.02398	0.06564	0.08531	0.22803	0.01565	0.00874	0.00269	0.00712	0.11004	0.00672	0.00867
8	0.01998	0.08281	0.07730	0.02856	0.09206	0.05939	0.33263	0.07580	0.01948	0.02588	0.01707	0.02107	0.03336	0.00815	0.00992	0.00256	0.07084	0.00811	0.00430	0.01073
9	0.08467	0.51578	0.17842	0.01527	0.02297	0.02739	0.01658	0.02401	0.01603	0.02151	0.01173	0.01361	0.01001	0.00700	0.00561	0.00194	0.00899	0.00460	0.00351	0.01038
10	0.01742	0.01209	0.01506	0.01540	0.05722	0.01236	0.01075	0.13525	0.07365	0.08340	0.07264	0.33544	0.03766	0.04806	0.01052	0.00307	0.00617	0.03710	0.00749	0.00926
11	0.04449	0.00922	0.01241	0.04493	0.01423	0.01003	0.00879	0.05204	0.01345	0.01938	0.01736	0.08239	0.01703	0.02208	0.02322	0.47741	0.05075	0.00819	0.06715	0.00544
12	0.02838	0.11376	0.02509	0.01909	0.02393	0.42602	0.01512	0.18326	0.02510	0.02693	0.01374	0.01539	0.01103	0.00852	0.00770	0.00213	0.03392	0.00557	0.00494	0.01036
13	0.01929	0.01833	0.03035	0.09504	0.57039	0.01882	0.02317	0.02554	0.07197	0.02610	0.01632	0.02058	0.01340	0.00744	0.00787	0.00241	0.00924	0.00722	0.00425	0.01228

[dist]
# distance from previous block
# <min> <max>
0	1

[block]
# block no. 9 follows, 24 sequences, length 64
# corresponding to MSA columns:
# 471-534
name=unknown_J
#
# <colnr> <probs for GDERKNQSTAVLIFYWHMCP>
#	G	D	E	R	K	N	Q	S	T	A	V	L	I	F	Y	W	H	M	C	P
0	0.02554	0.02192	0.07326	0.07744	0.02766	0.02245	0.03999	0.44478	0.05681	0.04147	0.02068	0.02171	0.03862	0.00978	0.00882	0.00250	0.03982	0.00756	0.00685	0.01233
1	0.01771	0.01754	0.02663	0.42169	0.26882	0.06864	0.02233	0.02255	0.01713	0.02218	0.01424	0.02010	0.01124	0.00764	0.00784	0.00250	0.01045	0.00691	0.00371	0.01015
2	0.13160	0.04103	0.01604	0.01366	0.01704	0.03882	0.03762	0.12296	0.01924	0.02819	0.02852	0.35074	0.03091	0.01594	0.00828	0.00267	0.00654	0.01378	0.00645	0.06997
3	0.08532	0.01694	0.01777	0.01517	0.02001	0.01884	0.01205	0.18305	0.34026	0.03554	0.02939	0.02847	0.06782	0.01280	0.03839	0.00296	0.00734	0.00846	0.00736	0.05205
4	0.67724	0.01534	0.01245	0.01090	0.01583	0.01751	0.00896	0.05693	0.01529	0.06497	0.01290	0.01443	0.00976	0.00765	0.00523	0.00243	0.00621	0.00472	0.03221	0.00903
5	0.01704	0.01441	0.01656	0.01249	0.01888	0.01202	0.00990	0.04678	0.09428	0.02740	0.01793	0.05248	0.01531	0.00753	0.00643	0.00150	0.00597	0.00618	0.00536	0.61153
6	0.01593	0.01355	0.01590	0.01169	0.01824	0.01026	0.00924	0.01929	0.01635	0.02542	0.01632	0.06913	0.01481	0.00730	0.00619	0.00133	0.00578	0.00604	0.00490	0.71231
7	0.01630	0.09261	0.63213	0.02192	0.03327	0.01939	0.02811	0.02501	0.01669	0.02463	0.01399	0.01644	0.01006	0.00748	0.00735	0.00245	0.01148	0.00574	0.00335	0.01160
8	0.01844	0.02205	0.07806	0.03170	0.03919	0.02035	0.55362	0.02481	0.01801	0.02481	0.01543	0.02078	0.01178	0.00739	0.01078	0.00274	0.07661	0.00895	0.00393	0.01056
9	0.02015	0.01984	0.03168	0.04719	0.63779	0.05412	0.02386	0.02472	0.01829	0.02556	0.01478	0.01935	0.01244	0.00712	0.00781	0.00234	0.00968	0.00696	0.00393	0.01238
10	0.00953	0.00804	0.00826	0.00820	0.01081	0.00676	0.00615	0.01169	0.01845	0.02232	0.13129	0.07483	0.61711	0.01975	0.00937	0.00266	0.00399	0.01653	0.00748	0.00676
11	0.00966	0.00690	0.00920	0.01104	0.01150	0.00644	0.00736	0.01104	0.01518	0.02024	0.04371	0.71614	0.05245	0.02484	0.01012	0.00322	0.00460	0.02254	0.00736	0.00644
12	0.00966	0.00690	0.00920	0.01104	0.01150	0.00644	0.00736	0.01104	0.01518	0.02024	0.04371	0.71614	0.05245	0.02484	0.01012	0.00322	0.00460	0.02254	0.00736	0.00644
13	0.00966	0.00690	0.00920	0.01104	0.01150	0.00644	0.00736	0.01104	0.01518	0.02024	0.04371	0.71614	0.05245	0.02484	0.01012	0.00322	0.00460	0.02254	0.00736	0.00644
14	0.01478	0.00739	0.00739	0.00739	0.00924	0.00739	0.00554	0.01848	0.01663	0.02956	0.02587	0.02956	0.02033	0.00924	0.00554	0.00185	0.00370	0.00739	0.76534	0.00739
15	0.77733	0.01534	0.01166	0.01043	0.01534	0.01779	0.00859	0.02331	0.01350	0.03558	0.01104	0.01288	0.00859	0.00736	0.00491	0.00245	0.00613	0.00429	0.00491	0.00859
