[name]
unknown

[dist]
# distance from previous block
# <min> <max>
3	45

[block]
# block no. 0 follows, 29 sequences, length 33
# corresponding to MSA columns:
# 53-85
name=unknown_A
#
# <colnr> <probs for GDERKNQSTAVLIFYWHMCP>
#	G	D	E	R	K	N	Q	S	T	A	V	L	I	F	Y	W	H	M	C	P
0	0.06442	0.01081	0.01235	0.05250	0.01538	0.01149	0.00880	0.07999	0.10742	0.06741	0.09642	0.08565	0.18310	0.09212	0.01135	0.00286	0.04071	0.01045	0.03890	0.00786
1	0.01369	0.01186	0.01451	0.09993	0.01915	0.03387	0.03999	0.03853	0.20007	0.02283	0.08283	0.12098	0.10555	0.09653	0.03601	0.00320	0.00668	0.01049	0.00580	0.03753
2	0.03480	0.01121	0.01417	0.19043	0.02253	0.02854	0.01121	0.02015	0.15812	0.04828	0.05601	0.21514	0.04571	0.04963	0.03113	0.00294	0.00669	0.01096	0.00561	0.03672
3	0.01627	0.01388	0.01953	0.01616	0.01955	0.04539	0.13178	0.04088	0.10858	0.08330	0.05127	0.18466	0.05178	0.01222	0.01006	0.00246	0.11069	0.01049	0.00561	0.06543
4	0.01843	0.01886	0.02155	0.04773	0.02297	0.20809	0.16275	0.05803	0.05316	0.04815	0.02096	0.16924	0.02019	0.03369	0.00856	0.00244	0.00912	0.03323	0.00496	0.03790
5	0.01319	0.01153	0.01708	0.38145	0.03143	0.01382	0.01429	0.01753	0.05970	0.01877	0.01732	0.07605	0.01599	0.12375	0.01333	0.00311	0.08532	0.00799	0.03821	0.04014
6	0.01345	0.01266	0.02136	0.73264	0.04904	0.01582	0.01978	0.01819	0.01424	0.01819	0.01266	0.01898	0.00949	0.00712	0.00712	0.00237	0.00949	0.00633	0.00316	0.00791
7	0.10764	0.01435	0.01926	0.07994	0.02057	0.01829	0.04367	0.07274	0.01395	0.02255	0.01248	0.01737	0.01076	0.01166	0.04017	0.00296	0.38554	0.00617	0.09187	0.00805
8	0.01013	0.00731	0.01012	0.01023	0.01106	0.00809	0.00736	0.01182	0.01126	0.01581	0.02143	0.08103	0.02219	0.26213	0.46699	0.00950	0.01440	0.00929	0.00415	0.00570
9	0.13173	0.01233	0.01574	0.01224	0.01760	0.01118	0.01011	0.03291	0.01931	0.62215	0.02573	0.02259	0.01634	0.00853	0.00680	0.00220	0.00599	0.00673	0.00824	0.01155
10	0.01771	0.01530	0.01610	0.01449	0.01852	0.01771	0.01127	0.03784	0.69247	0.02979	0.02898	0.02657	0.02174	0.00966	0.00725	0.00242	0.00564	0.00805	0.00725	0.01127
11	0.01762	0.01692	0.02890	0.04371	0.70533	0.01692	0.02185	0.02185	0.01621	0.02326	0.01339	0.01762	0.01128	0.00634	0.00705	0.00211	0.00846	0.00634	0.00352	0.01128
12	0.01017	0.00763	0.01144	0.01144	0.01272	0.00890	0.00890	0.01272	0.01144	0.01653	0.01907	0.02797	0.01780	0.05340	0.72153	0.01144	0.01907	0.00763	0.00381	0.00636
13	0.01885	0.01490	0.01602	0.01358	0.01768	0.01641	0.01078	0.25207	0.29994	0.03363	0.12180	0.03160	0.09975	0.01087	0.00749	0.00229	0.00585	0.00892	0.00722	0.01035
14	0.37380	0.01285	0.01383	0.01120	0.01622	0.01292	0.00924	0.02857	0.01670	0.40837	0.02000	0.01860	0.01321	0.00783	0.00593	0.00220	0.00581	0.00569	0.00685	0.01016
15	0.01564	0.01490	0.02533	0.37012	0.39438	0.01640	0.02087	0.02012	0.01528	0.02086	0.01304	0.01827	0.01043	0.00671	0.00708	0.00224	0.00895	0.00634	0.00335	0.00968
16	0.00940	0.00725	0.00858	0.00825	0.01022	0.00643	0.00619	0.01213	0.01856	0.02477	0.44610	0.05942	0.32502	0.01597	0.00841	0.00231	0.00346	0.01375	0.00734	0.00643
17	0.01452	0.01204	0.01330	0.01215	0.01526	0.01321	0.00935	0.02775	0.41910	0.02879	0.26871	0.03820	0.07406	0.01184	0.00771	0.00235	0.00472	0.01013	0.00742	0.00938
18	0.02153	0.01648	0.01882	0.06484	0.04817	0.01813	0.01274	0.41353	0.10597	0.03718	0.12296	0.02539	0.04273	0.00969	0.00737	0.00221	0.00691	0.00784	0.00682	0.01069
19	0.01806	0.02330	0.25561	0.01659	0.02311	0.01774	0.01666	0.16058	0.30279	0.02993	0.02267	0.02229	0.04105	0.00876	0.00710	0.00230	0.00768	0.00703	0.00574	0.01099
20	0.02534	0.01651	0.01859	0.01494	0.02002	0.01772	0.01223	0.35791	0.17208	0.19352	0.02330	0.02416	0.01700	0.00944	0.00730	0.00227	0.00688	0.04164	0.00751	0.01163
21	0.01711	0.05883	0.14400	0.01371	0.02045	0.05875	0.01290	0.09193	0.04772	0.02500	0.01364	0.01530	0.01078	0.00627	0.00587	0.00153	0.00713	0.00482	0.00435	0.43993
22	0.04455	0.19424	0.02306	0.01504	0.01962	0.12734	0.01251	0.16803	0.22618	0.02731	0.01740	0.01774	0.01360	0.00831	0.00740	0.00209	0.05414	0.00593	0.00534	0.01016
23	0.74622	0.01369	0.01121	0.05886	0.01618	0.01596	0.00854	0.02074	0.01226	0.03101	0.01010	0.01207	0.00783	0.00664	0.00459	0.00221	0.00578	0.00402	0.00432	0.00773
24	0.01370	0.01265	0.02088	0.68362	0.04678	0.01565	0.01910	0.03873	0.01482	0.01903	0.01377	0.04557	0.01095	0.00772	0.00719	0.00238	0.00924	0.00684	0.00341	0.00796
25	0.02395	0.01779	0.01919	0.01526	0.02020	0.01955	0.01239	0.55195	0.06618	0.04033	0.02214	0.09441	0.04298	0.01039	0.00738	0.00224	0.00717	0.00825	0.00706	0.01118
26	0.01061	0.00750	0.00923	0.00953	0.01044	0.00733	0.00644	0.05351	0.01541	0.02093	0.17703	0.35700	0.04342	0.21928	0.01626	0.00380	0.00496	0.01505	0.00628	0.00599
27	0.02862	0.01505	0.01794	0.01392	0.01926	0.01511	0.01144	0.28545	0.05327	0.39241	0.02364	0.02166	0.01568	0.00872	0.00705	0.00216	0.00661	0.00688	0.04328	0.01183
28	0.02148	0.00982	0.01306	0.01080	0.01454	0.00865	0.00861	0.02442	0.02002	0.38663	0.30721	0.03893	0.08150	0.01176	0.00775	0.00223	0.00480	0.01001	0.00827	0.00951
29	0.01406	0.03403	0.63822	0.06860	0.03128	0.01611	0.02510	0.02190	0.01518	0.02249	0.03953	0.01679	0.01131	0.00709	0.00685	0.00226	0.01017	0.00563	0.00321	0.01020
30	0.01001	0.00728	0.00942	0.00888	0.01059	0.00669	0.00666	0.01330	0.01998	0.02815	0.67411	0.05386	0.09491	0.01471	0.00840	0.00225	0.00337	0.01297	0.00779	0.00669
31	0.01906	0.20469	0.10696	0.01455	0.01998	0.02028	0.01348	0.16110	0.20412	0.02769	0.01788	0.01845	0.01383	0.00805	0.00700	0.00205	0.03999	0.00599	0.05507	0.03977
32	0.01816	0.01141	0.01390	0.01151	0.01563	0.01032	0.00897	0.09657	0.04480	0.17608	0.10365	0.18507	0.02749	0.01148	0.00719	0.00203	0.00528	0.00985	0.00663	0.23395

[dist]
# distance from previous block
# <min> <max>
1	4

[block]
# block no. 1 follows, 29 sequences, length 12
# corresponding to MSA columns:
# 90-101
name=unknown_B
#
# <colnr> <probs for GDERKNQSTAVLIFYWHMCP>
#	G	D	E	R	K	N	Q	S	T	A	V	L	I	F	Y	W	H	M	C	P
0	0.00932	0.00704	0.00994	0.01049	0.01149	0.00661	0.03554	0.01109	0.01460	0.01964	0.12957	0.53161	0.08040	0.04774	0.03658	0.00322	0.00500	0.01762	0.00646	0.00606
1	0.01684	0.01408	0.02021	0.01483	0.02066	0.01229	0.12802	0.05528	0.01657	0.07356	0.04640	0.01820	0.01377	0.00666	0.00720	0.00160	0.04670	0.00580	0.00470	0.47661
2	0.02097	0.01427	0.01601	0.01350	0.01750	0.01537	0.01058	0.21529	0.24924	0.14193	0.06160	0.07805	0.02294	0.07744	0.01002	0.00273	0.00622	0.00878	0.00719	0.01038
3	0.01904	0.75404	0.03731	0.01218	0.01828	0.02818	0.01218	0.02132	0.01447	0.01675	0.00990	0.01142	0.00914	0.00609	0.00457	0.00152	0.00761	0.00381	0.00305	0.00914
4	0.01860	0.01310	0.01486	0.01219	0.01631	0.01312	0.00969	0.24705	0.05797	0.09342	0.15462	0.08352	0.11371	0.01154	0.00744	0.00213	0.00560	0.00959	0.00695	0.10859
5	0.01345	0.01266	0.02136	0.73264	0.04904	0.01582	0.01978	0.01819	0.01424	0.01819	0.01266	0.01898	0.00949	0.00712	0.00712	0.00237	0.00949	0.00633	0.00316	0.00791
6	0.80005	0.01377	0.01047	0.00936	0.01377	0.01597	0.00771	0.02093	0.01212	0.03195	0.00991	0.01157	0.00771	0.00661	0.00441	0.00220	0.00551	0.00386	0.00441	0.00771
7	0.01019	0.00756	0.01111	0.01111	0.01227	0.00872	0.00849	0.01250	0.01135	0.01628	0.01938	0.02966	0.01853	0.11651	0.65943	0.01103	0.01797	0.00788	0.00386	0.00617
8	0.02029	0.01289	0.01548	0.01183	0.01737	0.01111	0.00949	0.07790	0.06242	0.21235	0.01991	0.06238	0.01555	0.00782	0.00630	0.00166	0.00565	0.00642	0.00605	0.41713
9	0.00863	0.00638	0.00807	0.00942	0.01020	0.00583	0.00639	0.00997	0.01411	0.01837	0.04524	0.62185	0.16648	0.02153	0.00897	0.00280	0.00404	0.01929	0.00661	0.00583
10	0.01452	0.01237	0.01439	0.01076	0.01651	0.00977	0.00849	0.01867	0.05934	0.02328	0.01564	0.06800	0.01391	0.00679	0.00568	0.00128	0.00522	0.00562	0.00459	0.68519
11	0.01345	0.01266	0.02136	0.73264	0.04904	0.01582	0.01978	0.01819	0.01424	0.01819	0.01266	0.01898	0.00949	0.00712	0.00712	0.00237	0.00949	0.00633	0.00316	0.00791

[dist]
# distance from previous block
# <min> <max>
0	32

[block]
# block no. 2 follows, 29 sequences, length 16
# corresponding to MSA columns:
# 134-149
name=unknown_C
#
# <colnr> <probs for GDERKNQSTAVLIFYWHMCP>
#	G	D	E	R	K	N	Q	S	T	A	V	L	I	F	Y	W	H	M	C	P
0	0.02159	0.11955	0.02292	0.16194	0.02647	0.02071	0.01428	0.35902	0.06538	0.03258	0.01543	0.01710	0.01158	0.00793	0.00719	0.00209	0.03087	0.00601	0.00548	0.05188
1	0.01936	0.57143	0.03232	0.01269	0.01853	0.10696	0.01187	0.02171	0.01518	0.01769	0.01039	0.01203	0.00933	0.00613	0.00488	0.00150	0.00792	0.00395	0.00327	0.11287
2	0.01911	0.01353	0.01625	0.04745	0.01937	0.01163	0.01000	0.10853	0.01813	0.13692	0.01574	0.01681	0.01185	0.00637	0.00592	0.00145	0.00595	0.00509	0.00529	0.52461
3	0.11477	0.00775	0.00817	0.00817	0.00879	0.00800	0.00497	0.01172	0.01088	0.01660	0.02228	0.10431	0.02537	0.58641	0.02960	0.00592	0.00647	0.01038	0.00453	0.00490
4	0.01910	0.01364	0.01529	0.01302	0.01656	0.01435	0.01009	0.34798	0.02382	0.05859	0.02749	0.24920	0.06006	0.05842	0.00952	0.00264	0.00624	0.01138	0.00673	0.03587
5	0.01984	0.50849	0.06805	0.07773	0.02241	0.02529	0.01386	0.14879	0.01815	0.02262	0.01169	0.01338	0.00974	0.00669	0.00541	0.00176	0.00798	0.00461	0.00384	0.00968
6	0.00864	0.00633	0.00812	0.00956	0.01023	0.00581	0.00645	0.00996	0.01398	0.01832	0.04360	0.65551	0.13387	0.02174	0.00900	0.00283	0.00406	0.01955	0.00661	0.00581
7	0.02585	0.02048	0.06338	0.01662	0.02230	0.02133	0.01432	0.58436	0.03072	0.06467	0.01680	0.01713	0.01196	0.00865	0.00796	0.00220	0.04640	0.00636	0.00672	0.01179
8	0.01979	0.42759	0.14920	0.01575	0.02242	0.07887	0.05669	0.11384	0.01780	0.02208	0.01176	0.01342	0.00964	0.00664	0.00568	0.00181	0.00882	0.00477	0.00369	0.00975
9	0.01021	0.00747	0.01063	0.01063	0.01162	0.00846	0.00788	0.01219	0.01120	0.01593	0.01982	0.03210	0.01959	0.20777	0.56962	0.01044	0.01638	0.00823	0.00393	0.00590
10	0.00924	0.00644	0.00809	0.00919	0.00946	0.00616	0.00583	0.01006	0.01252	0.01670	0.03355	0.50853	0.03991	0.26869	0.01829	0.00425	0.00507	0.01689	0.00583	0.00529
11	0.02115	0.10571	0.06442	0.02055	0.04966	0.02134	0.16886	0.30168	0.02268	0.03069	0.01420	0.01662	0.01089	0.00804	0.00935	0.00227	0.10998	0.00648	0.00493	0.01047
12	0.02434	0.01859	0.01983	0.01583	0.02104	0.02081	0.01287	0.49384	0.22567	0.04048	0.02056	0.01986	0.01492	0.00887	0.00716	0.00222	0.00719	0.00689	0.00716	0.01186
13	0.00868	0.00620	0.00826	0.00991	0.01033	0.00578	0.00661	0.00991	0.01363	0.01818	0.03925	0.74510	0.04710	0.02231	0.00909	0.00289	0.00413	0.02024	0.00661	0.00578
14	0.02454	0.02038	0.01985	0.01596	0.02111	0.10633	0.01286	0.44081	0.16186	0.03744	0.01849	0.01834	0.01359	0.00846	0.00697	0.00210	0.00789	0.00640	0.00658	0.05003
15	0.01060	0.00838	0.01008	0.00943	0.01204	0.00704	0.00687	0.01274	0.01521	0.02109	0.12730	0.30465	0.15424	0.03582	0.00854	0.00231	0.00434	0.01349	0.00603	0.22980

[dist]
# distance from previous block
# <min> <max>
0	2

[block]
# block no. 3 follows, 29 sequences, length 15
# corresponding to MSA columns:
# 152-166
name=unknown_D
#
# <colnr> <probs for GDERKNQSTAVLIFYWHMCP>
#	G	D	E	R	K	N	Q	S	T	A	V	L	I	F	Y	W	H	M	C	P
0	0.02097	0.01690	0.01827	0.01515	0.01977	0.01903	0.01214	0.27933	0.36923	0.03451	0.02256	0.02174	0.01682	0.00909	0.00780	0.00226	0.03946	0.00710	0.00682	0.06106
1	0.00900	0.00665	0.00855	0.00973	0.01064	0.00601	0.00661	0.01040	0.01391	0.01855	0.04046	0.64745	0.09933	0.02098	0.00882	0.00275	0.00415	0.01890	0.00647	0.05064
2	0.01864	0.01576	0.01662	0.01468	0.01887	0.01814	0.01150	0.10170	0.62710	0.03128	0.02780	0.02563	0.02078	0.00955	0.00723	0.00239	0.00585	0.00789	0.00723	0.01135
3	0.01615	0.01359	0.01548	0.01153	0.01751	0.01157	0.00922	0.07486	0.10240	0.02582	0.01509	0.01646	0.01210	0.00610	0.00568	0.00132	0.00553	0.00489	0.00484	0.62989
4	0.02353	0.12738	0.02150	0.01457	0.01958	0.01986	0.01213	0.41729	0.05932	0.08949	0.02019	0.10679	0.01687	0.00995	0.00699	0.00216	0.00710	0.00786	0.00659	0.01085
5	0.01428	0.03683	0.71286	0.02030	0.03082	0.01654	0.02631	0.02255	0.01503	0.02255	0.01278	0.01503	0.00902	0.00677	0.00677	0.00226	0.01052	0.00526	0.00301	0.01052
6	0.02992	0.01167	0.01588	0.01233	0.01748	0.01012	0.01012	0.03273	0.02036	0.64720	0.09040	0.02691	0.02221	0.00934	0.00728	0.00221	0.00581	0.00769	0.00872	0.01162
7	0.02596	0.01888	0.02019	0.01560	0.02097	0.02084	0.01285	0.62818	0.03199	0.04340	0.01759	0.01785	0.01260	0.00853	0.00695	0.00210	0.00747	0.00643	0.06994	0.01167
8	0.01344	0.03156	0.59017	0.01832	0.02705	0.01476	0.02270	0.02039	0.01453	0.02144	0.01604	0.08602	0.01394	0.06790	0.00935	0.00269	0.00963	0.00708	0.00345	0.00958
9	0.00857	0.00722	0.00743	0.00738	0.00971	0.00608	0.00553	0.01052	0.01660	0.02010	0.13065	0.06710	0.64339	0.01771	0.00841	0.00239	0.00358	0.01483	0.00673	0.00608
10	0.00868	0.00620	0.00826	0.00991	0.01033	0.00578	0.00661	0.00991	0.01363	0.01818	0.03925	0.74510	0.04710	0.02231	0.00909	0.00289	0.00413	0.02024	0.00661	0.00578
11	0.01762	0.01692	0.02890	0.04371	0.70533	0.01692	0.02185	0.02185	0.01621	0.02326	0.01339	0.01762	0.01128	0.00634	0.00705	0.00211	0.00846	0.00634	0.00352	0.01128
12	0.02588	0.02039	0.02029	0.01602	0.02125	0.08688	0.01304	0.55419	0.06773	0.04062	0.01746	0.01765	0.01265	0.00848	0.00697	0.00210	0.00798	0.00634	0.04264	0.01145
13	0.00866	0.00625	0.00821	0.00978	0.01029	0.00580	0.00655	0.00993	0.01377	0.01823	0.04095	0.71011	0.08100	0.02209	0.00905	0.00287	0.00410	0.01997	0.00661	0.00580
14	0.02224	0.02481	0.02348	0.02700	0.25775	0.34104	0.01675	0.07593	0.01876	0.02156	0.01211	0.01515	0.01015	0.00769	0.00868	0.00211	0.09591	0.00553	0.00382	0.00955

[dist]
# distance from previous block
# <min> <max>
0	1

[block]
# block no. 4 follows, 29 sequences, length 37
# corresponding to MSA columns:
# 168-204
name=unknown_E
#
# <colnr> <probs for GDERKNQSTAVLIFYWHMCP>
#	G	D	E	R	K	N	Q	S	T	A	V	L	I	F	Y	W	H	M	C	P
0	0.02106	0.06702	0.01740	0.01305	0.01690	0.06484	0.01067	0.32304	0.02352	0.03307	0.01779	0.01954	0.01362	0.00845	0.00719	0.00197	0.05230	0.00617	0.27290	0.00951
1	0.01573	0.01285	0.01502	0.01079	0.01707	0.00989	0.00866	0.03790	0.01551	0.04805	0.01333	0.01517	0.01084	0.00549	0.00539	0.00113	0.00538	0.00439	0.00447	0.74293
2	0.01885	0.09683	0.02154	0.14859	0.05259	0.04631	0.01423	0.19716	0.11887	0.02686	0.01773	0.07966	0.01518	0.00972	0.00911	0.00233	0.10229	0.00743	0.00512	0.00961
3	0.00874	0.00625	0.00832	0.00987	0.01034	0.00583	0.00661	0.01007	0.01393	0.01865	0.06927	0.71374	0.04801	0.02196	0.00906	0.00286	0.00410	0.01991	0.00667	0.00583
4	0.06077	0.01350	0.01710	0.01317	0.01866	0.01263	0.01087	0.14278	0.02226	0.57237	0.02554	0.02255	0.01632	0.00868	0.00705	0.00219	0.00634	0.00691	0.00836	0.01195
5	0.00906	0.00652	0.00859	0.00964	0.01037	0.00613	0.00661	0.01074	0.01480	0.02004	0.16931	0.53859	0.06769	0.04635	0.03728	0.00321	0.00463	0.01783	0.00667	0.00595
6	0.01657	0.06349	0.18630	0.17768	0.18489	0.04476	0.15661	0.04535	0.01632	0.02212	0.01315	0.01709	0.01011	0.00664	0.00712	0.00222	0.00998	0.00631	0.00345	0.00984
7	0.01036	0.00690	0.00777	0.00777	0.00777	0.00690	0.00431	0.01036	0.01036	0.01381	0.02244	0.04660	0.02589	0.74975	0.03624	0.00690	0.00690	0.01036	0.00431	0.00431
8	0.01036	0.00690	0.00777	0.00777	0.00777	0.00690	0.00431	0.01036	0.01036	0.01381	0.02244	0.04660	0.02589	0.74975	0.03624	0.00690	0.00690	0.01036	0.00431	0.00431
9	0.01529	0.01526	0.02530	0.26214	0.11769	0.01867	0.10804	0.01885	0.01349	0.01903	0.01165	0.01747	0.00984	0.00903	0.01385	0.00264	0.30341	0.00657	0.00325	0.00852
10	0.01102	0.00762	0.00895	0.04149	0.01040	0.00782	0.00555	0.03659	0.01167	0.01553	0.02302	0.09565	0.02617	0.63351	0.03178	0.00622	0.00685	0.01075	0.00454	0.00489
11	0.01264	0.00676	0.00720	0.00709	0.00876	0.00665	0.00532	0.01597	0.01596	0.02694	0.15687	0.03180	0.02789	0.00953	0.00565	0.00177	0.00333	0.00787	0.63533	0.00665
12	0.01590	0.01333	0.01537	0.01108	0.01735	0.01065	0.00891	0.07899	0.01649	0.02520	0.01306	0.01498	0.01069	0.00557	0.00544	0.00115	0.00551	0.00442	0.00449	0.72142
13	0.02578	0.01993	0.04561	0.01623	0.02187	0.02115	0.01368	0.62765	0.03192	0.04287	0.01794	0.04983	0.01358	0.00910	0.00720	0.00218	0.00777	0.00699	0.00695	0.01177
14	0.01227	0.01399	0.11003	0.03113	0.01610	0.05459	0.01106	0.03470	0.04567	0.02059	0.07764	0.37616	0.05669	0.04448	0.01034	0.00279	0.05508	0.01382	0.00564	0.00724
15	0.01694	0.01198	0.01259	0.01066	0.01400	0.01244	0.00838	0.27161	0.02220	0.03057	0.03562	0.03696	0.22372	0.06110	0.00895	0.00242	0.00539	0.00934	0.19673	0.00841
16	0.01575	0.01324	0.01530	0.01102	0.01729	0.01050	0.00885	0.07121	0.01627	0.02494	0.01301	0.01495	0.01067	0.00554	0.00542	0.00114	0.00548	0.00439	0.00445	0.73057
17	0.02252	0.06838	0.02394	0.02644	0.26628	0.32152	0.01623	0.07182	0.01902	0.04808	0.01321	0.01581	0.01080	0.00887	0.03489	0.00233	0.01058	0.00552	0.00403	0.00974
18	0.01364	0.00949	0.01055	0.00956	0.01072	0.00995	0.00625	0.14266	0.01494	0.02000	0.02129	0.04028	0.02296	0.58499	0.04895	0.00609	0.00741	0.00950	0.00485	0.00591
19	0.01500	0.01528	0.02780	0.36916	0.06974	0.01758	0.21137	0.01951	0.01448	0.01958	0.01261	0.01838	0.00993	0.00771	0.01040	0.00250	0.14023	0.00692	0.00330	0.00853
20	0.01743	0.01806	0.02159	0.01856	0.01925	0.10975	0.01527	0.04534	0.01298	0.01829	0.00987	0.01530	0.00944	0.01166	0.02058	0.00292	0.61633	0.00603	0.00335	0.00802
21	0.01952	0.63786	0.07632	0.01330	0.01941	0.09765	0.01320	0.02212	0.01508	0.01717	0.01019	0.01178	0.00913	0.00626	0.00489	0.00160	0.00832	0.00397	0.00311	0.00913
22	0.01944	0.01263	0.01455	0.01146	0.01617	0.01187	0.00919	0.14798	0.06525	0.14120	0.08154	0.02304	0.01921	0.00813	0.00630	0.00175	0.00541	0.00657	0.13930	0.25901
23	0.01036	0.00690	0.00777	0.00777	0.00777	0.00690	0.00431	0.01036	0.01036	0.01381	0.02244	0.04660	0.02589	0.74975	0.03624	0.00690	0.00690	0.01036	0.00431	0.00431
24	0.01656	0.01382	0.01491	0.01372	0.01714	0.01565	0.01050	0.07553	0.51451	0.02851	0.03021	0.16749	0.02609	0.01208	0.00760	0.00249	0.00549	0.01034	0.00711	0.01025
25	0.01060	0.00784	0.01132	0.01119	0.01235	0.00915	0.00862	0.01298	0.01157	0.01701	0.01916	0.02863	0.01803	0.09560	0.60156	0.01018	0.04658	0.00769	0.05365	0.00630
26	0.02649	0.03129	0.02006	0.01786	0.02180	0.60714	0.01356	0.09476	0.04447	0.03967	0.01270	0.01405	0.01013	0.00758	0.00654	0.00189	0.01190	0.00496	0.00428	0.00885
27	0.01345	0.01266	0.02136	0.73264	0.04904	0.01582	0.01978	0.01819	0.01424	0.01819	0.01266	0.01898	0.00949	0.00712	0.00712	0.00237	0.00949	0.00633	0.00316	0.00791
28	0.00877	0.00688	0.00799	0.00879	0.01032	0.00610	0.00639	0.01046	0.01519	0.01897	0.05596	0.34487	0.38213	0.01991	0.00880	0.00267	0.00406	0.06917	0.00661	0.00596
29	0.00886	0.00657	0.00791	0.00889	0.00976	0.00601	0.00595	0.01006	0.01382	0.01779	0.04530	0.46309	0.21503	0.13090	0.01301	0.00337	0.00441	0.01739	0.00626	0.00562
30	0.00876	0.00626	0.00834	0.00985	0.01035	0.00584	0.00662	0.01014	0.01404	0.01883	0.08076	0.70174	0.04835	0.02182	0.00905	0.00285	0.00408	0.01978	0.00669	0.00584
31	0.00960	0.00808	0.00845	0.00833	0.01082	0.00734	0.00636	0.01342	0.08464	0.02099	0.10657	0.06386	0.56278	0.01704	0.00836	0.00244	0.00393	0.04364	0.00675	0.00661
32	0.00867	0.00624	0.00822	0.00981	0.01030	0.00579	0.00656	0.00993	0.01373	0.01822	0.04050	0.71931	0.07208	0.02215	0.00906	0.00287	0.00411	0.02004	0.00661	0.00579
33	0.02707	0.01995	0.02137	0.01638	0.02208	0.02208	0.01353	0.68159	0.03348	0.04488	0.01710	0.01710	0.01211	0.00855	0.00712	0.00214	0.00784	0.00641	0.00712	0.01211
34	0.01734	0.01711	0.02644	0.15279	0.44805	0.06402	0.04958	0.03799	0.01629	0.02211	0.01394	0.04199	0.01196	0.00740	0.00790	0.00222	0.04231	0.00678	0.00366	0.01012
35	0.02662	0.01896	0.02063	0.01577	0.02149	0.02051	0.01301	0.59659	0.03143	0.08817	0.01756	0.01743	0.01238	0.00836	0.00701	0.00207	0.00756	0.00632	0.00705	0.06107
36	0.02414	0.01973	0.01834	0.01529	0.01980	0.15628	0.01212	0.30175	0.15199	0.10251	0.02076	0.06051	0.01613	0.00932	0.00704	0.00216	0.00784	0.00723	0.03643	0.01062

[dist]
# distance from previous block
# <min> <max>
0	3

[block]
# block no. 5 follows, 29 sequences, length 35
# corresponding to MSA columns:
# 208-242
name=unknown_F
#
# <colnr> <probs for GDERKNQSTAVLIFYWHMCP>
#	G	D	E	R	K	N	Q	S	T	A	V	L	I	F	Y	W	H	M	C	P
0	0.08113	0.06207	0.01549	0.06208	0.01770	0.06692	0.01022	0.17607	0.01921	0.04469	0.02713	0.29803	0.06326	0.01385	0.00750	0.00240	0.00642	0.01169	0.00592	0.00821
1	0.01719	0.01531	0.04747	0.01264	0.01906	0.01248	0.02869	0.14700	0.01846	0.02737	0.01357	0.01535	0.01079	0.00599	0.00578	0.00135	0.00619	0.00481	0.00471	0.58577
2	0.02107	0.32643	0.05275	0.01505	0.05328	0.16256	0.01254	0.02370	0.01709	0.12678	0.07160	0.05532	0.01730	0.00834	0.00611	0.00188	0.00806	0.00627	0.00467	0.00921
3	0.01365	0.01242	0.02089	0.62563	0.09108	0.01510	0.01880	0.01771	0.01397	0.01806	0.01268	0.01911	0.00985	0.00851	0.00882	0.06731	0.00915	0.00632	0.00318	0.00775
4	0.00972	0.00682	0.00801	0.00832	0.00888	0.00652	0.00523	0.01058	0.01288	0.01707	0.10759	0.20826	0.11439	0.41751	0.02374	0.00495	0.00550	0.01342	0.00550	0.00511
5	0.05300	0.56450	0.06734	0.01292	0.01857	0.08205	0.01257	0.02124	0.01461	0.01776	0.01089	0.01309	0.00978	0.01014	0.06374	0.00243	0.00904	0.00426	0.00322	0.00885
6	0.01494	0.01376	0.01966	0.09638	0.06960	0.07044	0.14744	0.04034	0.06291	0.02252	0.02400	0.19142	0.04196	0.01116	0.00746	0.00231	0.00741	0.01030	0.13788	0.00811
7	0.01398	0.00821	0.01072	0.00976	0.01220	0.00744	0.00761	0.01709	0.01960	0.15052	0.47924	0.05116	0.11163	0.01417	0.00828	0.00232	0.00409	0.05653	0.00782	0.00762
8	0.01506	0.01450	0.02128	0.64650	0.04579	0.06484	0.01904	0.05301	0.01564	0.01951	0.01277	0.01846	0.00960	0.00721	0.00707	0.00232	0.00964	0.00621	0.00340	0.00815
9	0.02063	0.08032	0.27002	0.04056	0.02591	0.01906	0.04708	0.25342	0.07277	0.07711	0.01639	0.01728	0.01174	0.00767	0.00687	0.00218	0.00873	0.00606	0.00519	0.01101
10	0.01052	0.00739	0.00836	0.00838	0.01055	0.00637	0.00618	0.01237	0.01625	0.07640	0.10252	0.21504	0.45802	0.01800	0.00846	0.00249	0.00391	0.01541	0.00687	0.00651
11	0.00936	0.00685	0.00882	0.00939	0.01059	0.00631	0.00676	0.01163	0.01673	0.02271	0.31533	0.35682	0.12442	0.01854	0.00877	0.00259	0.00387	0.04717	0.00711	0.00623
12	0.02179	0.42438	0.04819	0.03293	0.02045	0.05763	0.01315	0.16740	0.01924	0.08016	0.01315	0.01428	0.01051	0.00726	0.00643	0.00184	0.04192	0.00491	0.00445	0.00993
13	0.01625	0.20122	0.28294	0.01861	0.02552	0.01937	0.12463	0.06285	0.01592	0.02182	0.01473	0.08025	0.01296	0.00841	0.00799	0.00222	0.06420	0.00690	0.00370	0.00951
14	0.01147	0.00820	0.01147	0.01311	0.01475	0.00820	0.01147	0.01475	0.01639	0.02131	0.03770	0.08032	0.04098	0.01967	0.00984	0.00328	0.00656	0.65741	0.00656	0.00656
15	0.01462	0.13248	0.46908	0.01774	0.02558	0.01764	0.02106	0.02082	0.01509	0.02184	0.08774	0.01878	0.01546	0.00811	0.00835	0.00224	0.08419	0.00599	0.00355	0.00963
16	0.01519	0.01438	0.02435	0.38953	0.34925	0.01596	0.02025	0.01957	0.01512	0.02052	0.01397	0.04497	0.01169	0.00732	0.00716	0.00227	0.00882	0.00685	0.00346	0.00938
17	0.02092	0.05317	0.01892	0.05129	0.01989	0.01843	0.01214	0.36819	0.05782	0.03356	0.01870	0.06938	0.01553	0.02878	0.00932	0.00235	0.08323	0.00742	0.10100	0.00995
18	0.46323	0.05322	0.01613	0.03581	0.01831	0.15736	0.04386	0.02333	0.01489	0.07838	0.01258	0.01528	0.00994	0.00724	0.00546	0.00214	0.00761	0.02242	0.00450	0.00829
19	0.01213	0.00885	0.01046	0.00977	0.01213	0.00853	0.00747	0.06111	0.06922	0.05141	0.35151	0.10398	0.21634	0.01518	0.00828	0.00237	0.00415	0.03239	0.00734	0.00737
20	0.01539	0.01436	0.02304	0.46457	0.13302	0.01734	0.03725	0.06584	0.01547	0.02077	0.01265	0.01818	0.00994	0.00785	0.00948	0.00243	0.11384	0.00638	0.00350	0.00870
21	0.80005	0.01377	0.01047	0.00936	0.01377	0.01597	0.00771	0.02093	0.01212	0.03195	0.00991	0.01157	0.00771	0.00661	0.00441	0.00220	0.00551	0.00386	0.00441	0.00771
22	0.02497	0.02659	0.01933	0.01693	0.02109	0.42033	0.01303	0.13920	0.16914	0.05512	0.01669	0.01704	0.01277	0.00811	0.00675	0.00203	0.01014	0.00576	0.00525	0.00972
23	0.00855	0.00722	0.00740	0.00736	0.00970	0.00607	0.00552	0.01048	0.01655	0.02000	0.12386	0.06727	0.65024	0.01775	0.00841	0.00239	0.00359	0.01485	0.00671	0.00607
24	0.02707	0.01995	0.02137	0.01638	0.02208	0.02208	0.01353	0.68159	0.03348	0.04488	0.01710	0.01710	0.01211	0.00855	0.00712	0.00214	0.00784	0.00641	0.00712	0.01211
25	0.01728	0.01492	0.01569	0.01415	0.01810	0.01717	0.01100	0.03655	0.66093	0.02929	0.03099	0.02852	0.05348	0.01005	0.00730	0.00241	0.00554	0.00838	0.00722	0.01103
26	0.00994	0.00727	0.00932	0.00881	0.01055	0.00666	0.00661	0.01316	0.01982	0.02776	0.64765	0.05450	0.12161	0.01486	0.00840	0.00225	0.00338	0.01306	0.00773	0.00666
27	0.02660	0.03394	0.02018	0.01834	0.02201	0.72116	0.01376	0.02843	0.02018	0.01743	0.01101	0.01284	0.00917	0.00734	0.00642	0.00183	0.01284	0.00459	0.00367	0.00825
28	0.00848	0.00697	0.00747	0.00787	0.00979	0.00596	0.00570	0.01015	0.01560	0.01898	0.06418	0.23220	0.54391	0.01907	0.00858	0.00252	0.00373	0.01629	0.00661	0.00596
29	0.00868	0.00620	0.00826	0.00991	0.01033	0.00578	0.00661	0.00991	0.01363	0.01818	0.03925	0.74510	0.04710	0.02231	0.00909	0.00289	0.00413	0.02024	0.00661	0.00578
30	0.00854	0.00722	0.00739	0.00735	0.00970	0.00606	0.00551	0.01046	0.01653	0.01994	0.11971	0.06737	0.65443	0.01777	0.00841	0.00239	0.00359	0.01487	0.00671	0.00606
31	0.76042	0.01393	0.01140	0.01110	0.04880	0.01602	0.00843	0.02098	0.01233	0.03151	0.01009	0.01187	0.00789	0.00660	0.00454	0.00220	0.00566	0.00398	0.00436	0.00789
32	0.01164	0.00783	0.00906	0.00881	0.01031	0.00743	0.00612	0.01394	0.04828	0.06655	0.12569	0.08958	0.20427	0.30881	0.01947	0.00423	0.00532	0.04050	0.00604	0.00612
33	0.01017	0.00683	0.00782	0.00800	0.00804	0.00678	0.00456	0.01031	0.01071	0.01428	0.02425	0.12198	0.02818	0.67125	0.03331	0.00647	0.00660	0.01142	0.00456	0.00447
34	0.62952	0.06543	0.01395	0.04743	0.01671	0.01741	0.00921	0.08592	0.01449	0.03147	0.01076	0.01248	0.00833	0.00679	0.00482	0.00216	0.00609	0.00423	0.00452	0.00825

[dist]
# distance from previous block
# <min> <max>
0	11

[block]
# block no. 6 follows, 29 sequences, length 468
# corresponding to MSA columns:
# 254-721
name=unknown_G
#
# <colnr> <probs for GDERKNQSTAVLIFYWHMCP>
#	G	D	E	R	K	N	Q	S	T	A	V	L	I	F	Y	W	H	M	C	P
0	0.08620	0.53621	0.17927	0.01367	0.02056	0.02462	0.01481	0.02155	0.01438	0.01932	0.01052	0.01221	0.00899	0.00628	0.00502	0.00174	0.00805	0.00412	0.00316	0.00931
1	0.00879	0.00628	0.00836	0.00984	0.01035	0.00586	0.00662	0.01020	0.01416	0.01901	0.09268	0.68928	0.04872	0.02168	0.00903	0.00284	0.00407	0.01965	0.00671	0.00586
2	0.08216	0.18638	0.26030	0.01971	0.06986	0.01917	0.11726	0.02356	0.08928	0.02290	0.01475	0.01808	0.01176	0.00719	0.00650	0.00215	0.00888	0.02642	0.00383	0.00985
3	0.01354	0.01168	0.01760	0.34226	0.08482	0.01343	0.01528	0.01959	0.11634	0.02058	0.02209	0.10671	0.02076	0.01192	0.00874	0.03877	0.00763	0.11552	0.00473	0.00801
4	0.01400	0.00755	0.00764	0.00737	0.00930	0.00774	0.00560	0.04261	0.04762	0.02739	0.02327	0.02619	0.01818	0.00837	0.00517	0.00171	0.00360	0.00670	0.72293	0.00706
5	0.01023	0.00775	0.00987	0.01101	0.03349	0.00752	0.00759	0.01350	0.06583	0.02112	0.15846	0.36449	0.11177	0.07435	0.01083	0.00300	0.00461	0.07144	0.00660	0.00652
6	0.39833	0.07176	0.07116	0.15363	0.02314	0.01633	0.01248	0.04302	0.01458	0.09330	0.01357	0.01692	0.01045	0.00738	0.00567	0.00222	0.00701	0.02590	0.00453	0.00861
7	0.00868	0.00620	0.00826	0.00991	0.01033	0.00578	0.00661	0.00991	0.01363	0.01818	0.03925	0.74510	0.04710	0.02231	0.00909	0.00289	0.00413	0.02024	0.00661	0.00578
8	0.04699	0.00774	0.00956	0.00899	0.01099	0.00719	0.00678	0.01422	0.01909	0.05761	0.54172	0.08042	0.13276	0.01465	0.00819	0.00228	0.00364	0.01276	0.00754	0.00689
9	0.01702	0.01762	0.05581	0.10060	0.52976	0.01696	0.11371	0.02170	0.01608	0.02273	0.01345	0.01787	0.01097	0.00638	0.00723	0.00218	0.00912	0.00659	0.00348	0.01072
10	0.01762	0.01692	0.02890	0.04371	0.70533	0.01692	0.02185	0.02185	0.01621	0.02326	0.01339	0.01762	0.01128	0.00634	0.00705	0.00211	0.00846	0.00634	0.00352	0.01128
11	0.01237	0.00618	0.00928	0.00928	0.00928	0.00618	0.00618	0.00928	0.00928	0.01237	0.01237	0.02165	0.01237	0.02474	0.02783	0.79283	0.00618	0.00618	0.00309	0.00309
12	0.16687	0.30092	0.24708	0.01448	0.02144	0.04352	0.01576	0.05290	0.01530	0.02317	0.01162	0.01340	0.00926	0.00663	0.00544	0.00193	0.00819	0.00452	0.02822	0.00934
13	0.00868	0.00620	0.00826	0.00991	0.01033	0.00578	0.00661	0.00991	0.01363	0.01818	0.03925	0.74510	0.04710	0.02231	0.00909	0.00289	0.00413	0.02024	0.00661	0.00578
14	0.01664	0.01767	0.05722	0.26962	0.30848	0.06653	0.07030	0.02226	0.06088	0.02151	0.01406	0.01834	0.01109	0.00689	0.00713	0.00223	0.00929	0.00644	0.00364	0.00977
15	0.01032	0.00735	0.01004	0.01162	0.01270	0.00718	0.00924	0.01264	0.01504	0.01975	0.03767	0.34297	0.04277	0.05166	0.01066	0.00328	0.00561	0.37688	0.00648	0.00615
16	0.02623	0.03316	0.02001	0.01818	0.02187	0.69198	0.01366	0.02882	0.04807	0.01794	0.01175	0.01341	0.00969	0.00743	0.00645	0.00186	0.01254	0.00473	0.00382	0.00838
17	0.08445	0.01260	0.01414	0.03943	0.01667	0.01312	0.00956	0.21333	0.02134	0.19610	0.02115	0.02177	0.01515	0.00831	0.00616	0.00200	0.00570	0.00646	0.28287	0.00967
18	0.01020	0.00752	0.01089	0.01089	0.01197	0.00860	0.00821	0.01236	0.01128	0.01612	0.01958	0.03079	0.01902	0.15863	0.61797	0.01076	0.01723	0.00804	0.00389	0.00605
19	0.01932	0.01609	0.01700	0.01482	0.01913	0.01846	0.01166	0.14826	0.57943	0.03238	0.02694	0.02494	0.02009	0.00947	0.00722	0.00237	0.00601	0.00777	0.00722	0.01141
20	0.01017	0.00763	0.01144	0.01144	0.01272	0.00890	0.00890	0.01272	0.01144	0.01653	0.01907	0.02797	0.01780	0.05340	0.72153	0.01144	0.01907	0.00763	0.00381	0.00636
21	0.01745	0.01674	0.02858	0.07291	0.67752	0.01687	0.02177	0.02170	0.01613	0.02305	0.01336	0.01768	0.01120	0.00638	0.00705	0.00213	0.00850	0.00634	0.00351	0.01114
22	0.01327	0.00664	0.00664	0.00664	0.00830	0.00664	0.00498	0.01659	0.01493	0.02655	0.02323	0.02655	0.01825	0.00830	0.00498	0.00166	0.00332	0.00664	0.78928	0.00664
23	0.00881	0.00635	0.00839	0.00996	0.01053	0.00592	0.00682	0.01019	0.01390	0.01839	0.04067	0.67830	0.07678	0.02197	0.00910	0.00289	0.00424	0.05433	0.00661	0.00584
24	0.00909	0.00651	0.00866	0.00987	0.01059	0.00608	0.00685	0.01084	0.01507	0.02041	0.17228	0.57561	0.05085	0.02063	0.00898	0.00278	0.00409	0.04795	0.00685	0.00601
25	0.01681	0.01921	0.04202	0.03001	0.03721	0.01801	0.67947	0.02281	0.01681	0.02281	0.01441	0.01921	0.01080	0.00600	0.00840	0.00240	0.01200	0.00840	0.00360	0.00960
26	0.03195	0.01212	0.01652	0.01267	0.01818	0.01047	0.01047	0.03470	0.02038	0.71026	0.02809	0.02424	0.01763	0.00881	0.00716	0.00220	0.00606	0.00716	0.00881	0.01212
27	0.01145	0.00943	0.01358	0.01285	0.01373	0.01176	0.01010	0.01356	0.01123	0.01646	0.01706	0.02654	0.01646	0.09860	0.50427	0.00914	0.18604	0.00752	0.00369	0.00653
28	0.00869	0.00642	0.00814	0.00941	0.01022	0.00586	0.00641	0.01012	0.01435	0.01880	0.07296	0.59972	0.16036	0.02125	0.00894	0.00278	0.00401	0.01904	0.00666	0.00586
29	0.01345	0.01266	0.02136	0.73264	0.04904	0.01582	0.01978	0.01819	0.01424	0.01819	0.01266	0.01898	0.00949	0.00712	0.00712	0.00237	0.00949	0.00633	0.00316	0.00791
30	0.02354	0.01670	0.01830	0.01471	0.01932	0.01815	0.01186	0.51156	0.02875	0.06713	0.02161	0.14266	0.01860	0.01091	0.00737	0.00225	0.00694	0.00882	0.04002	0.01079
31	0.01469	0.01328	0.01817	0.36209	0.06033	0.06136	0.01517	0.05330	0.01505	0.02005	0.01553	0.04448	0.01332	0.04314	0.09818	0.00363	0.06231	0.00701	0.07114	0.00778
32	0.02069	0.46325	0.11015	0.01483	0.02080	0.20457	0.01426	0.04430	0.01660	0.01849	0.01074	0.01238	0.00923	0.00657	0.00538	0.00171	0.00930	0.00426	0.00333	0.00917
33	0.02222	0.01673	0.01834	0.01453	0.01939	0.01806	0.01176	0.44703	0.08994	0.03749	0.06814	0.02199	0.01766	0.03537	0.05028	0.00277	0.00769	0.00702	0.00662	0.08698
34	0.10250	0.21230	0.07934	0.01625	0.05082	0.10231	0.01393	0.18481	0.04100	0.05923	0.01360	0.01494	0.01062	0.00766	0.00726	0.00204	0.06153	0.00524	0.00468	0.00993
35	0.01726	0.01850	0.07684	0.12590	0.50200	0.04818	0.02093	0.02269	0.05630	0.02270	0.01408	0.01792	0.01142	0.00671	0.00702	0.00216	0.00877	0.00629	0.00367	0.01066
36	0.09081	0.01224	0.01606	0.01242	0.01784	0.01089	0.01025	0.03365	0.01975	0.65829	0.02670	0.02327	0.01687	0.00864	0.00695	0.00220	0.00602	0.00691	0.00848	0.01178
37	0.00986	0.00670	0.00791	0.00840	0.00852	0.00657	0.00499	0.01023	0.01132	0.01509	0.02738	0.25203	0.03213	0.53581	0.02826	0.00572	0.00609	0.01326	0.00499	0.00475
38	0.01718	0.24733	0.17965	0.07087	0.04496	0.02093	0.11521	0.06818	0.01593	0.02163	0.01245	0.01555	0.01003	0.00731	0.00827	0.00213	0.09415	0.00564	0.03319	0.00944
39	0.01047	0.00750	0.00959	0.00902	0.01078	0.00706	0.00678	0.01435	0.04105	0.02850	0.64840	0.05109	0.06345	0.01411	0.00820	0.00222	0.00343	0.01243	0.04472	0.00686
40	0.01017	0.00763	0.01144	0.01144	0.01272	0.00890	0.00890	0.01272	0.01144	0.01653	0.01907	0.02797	0.01780	0.05340	0.72153	0.01144	0.01907	0.00763	0.00381	0.00636
41	0.10581	0.01347	0.03935	0.08527	0.04235	0.06678	0.11233	0.01774	0.01511	0.02238	0.04490	0.14966	0.02222	0.01182	0.00815	0.03758	0.00720	0.06717	0.12327	0.00743
42	0.01477	0.12365	0.52172	0.04852	0.02879	0.01777	0.04132	0.02160	0.01506	0.02172	0.04388	0.01663	0.01178	0.00725	0.00725	0.00220	0.03731	0.00560	0.00326	0.00994
43	0.01064	0.00784	0.01037	0.01169	0.01338	0.00757	0.00988	0.01346	0.01613	0.02064	0.04461	0.13257	0.17174	0.01956	0.00949	0.00307	0.00578	0.47860	0.00657	0.00639
44	0.01369	0.01244	0.02061	0.47000	0.16701	0.01436	0.01795	0.01769	0.01472	0.01939	0.03715	0.04908	0.03499	0.00936	0.00825	0.03588	0.00848	0.03708	0.00375	0.00812
45	0.04795	0.01333	0.01986	0.57455	0.04194	0.03775	0.01769	0.04693	0.01551	0.04446	0.01623	0.02230	0.03698	0.00802	0.00712	0.00236	0.00893	0.02614	0.00383	0.00813
46	0.13388	0.01446	0.02238	0.34778	0.27266	0.01651	0.01848	0.01984	0.01445	0.02200	0.01234	0.01723	0.00984	0.00702	0.00745	0.00229	0.04287	0.00596	0.00348	0.00906
47	0.80005	0.01377	0.01047	0.00936	0.01377	0.01597	0.00771	0.02093	0.01212	0.03195	0.00991	0.01157	0.00771	0.00661	0.00441	0.00220	0.00551	0.00386	0.00441	0.00771
48	0.01099	0.00883	0.01301	0.01254	0.01362	0.01085	0.00991	0.01338	0.01136	0.01662	0.01760	0.02610	0.01652	0.04722	0.61603	0.01019	0.12752	0.00742	0.00371	0.00657
49	0.01659	0.01599	0.02733	0.13530	0.47796	0.01663	0.07380	0.02157	0.04403	0.02280	0.04284	0.01974	0.01371	0.00712	0.00779	0.00223	0.03357	0.00685	0.00380	0.01036
50	0.00891	0.00645	0.00852	0.00994	0.01058	0.00593	0.00668	0.01023	0.01368	0.01837	0.03821	0.71662	0.04567	0.02164	0.00894	0.00282	0.00418	0.01962	0.00652	0.03650
51	0.01904	0.75404	0.03731	0.01218	0.01828	0.02818	0.01218	0.02132	0.01447	0.01675	0.00990	0.01142	0.00914	0.00609	0.00457	0.00152	0.00761	0.00381	0.00305	0.00914
52	0.00979	0.00812	0.00845	0.00811	0.01065	0.00729	0.00615	0.03968	0.04833	0.02175	0.13334	0.06288	0.57655	0.01690	0.00831	0.00238	0.00385	0.01413	0.00679	0.00658
53	0.01035	0.00694	0.00794	0.00794	0.00800	0.00700	0.00453	0.01047	0.01041	0.01394	0.02228	0.04572	0.02551	0.71687	0.06860	0.00712	0.00748	0.01023	0.00429	0.00441
54	0.27034	0.01237	0.01417	0.01135	0.01634	0.01200	0.00935	0.02956	0.01755	0.46668	0.02220	0.02040	0.01457	0.00810	0.00620	0.00218	0.00576	0.00611	0.04429	0.01049
55	0.01017	0.00763	0.01144	0.01144	0.01272	0.00890	0.00890	0.01272	0.01144	0.01653	0.01907	0.02797	0.01780	0.05340	0.72153	0.01144	0.01907	0.00763	0.00381	0.00636
56	0.02660	0.03394	0.02018	0.01834	0.02201	0.72116	0.01376	0.02843	0.02018	0.01743	0.01101	0.01284	0.00917	0.00734	0.00642	0.00183	0.01284	0.00459	0.00367	0.00825
57	0.01144	0.00817	0.01142	0.01300	0.01464	0.00816	0.01134	0.01472	0.01650	0.02151	0.05591	0.07958	0.04170	0.01953	0.00980	0.00325	0.00647	0.63973	0.00659	0.00656
58	0.00868	0.00620	0.00826	0.00991	0.01033	0.00578	0.00661	0.00991	0.01363	0.01818	0.03925	0.74510	0.04710	0.02231	0.00909	0.00289	0.00413	0.02024	0.00661	0.00578
59	0.00868	0.00620	0.00826	0.00991	0.01033	0.00578	0.00661	0.00991	0.01363	0.01818	0.03925	0.74510	0.04710	0.02231	0.00909	0.00289	0.00413	0.02024	0.00661	0.00578
60	0.01903	0.66018	0.03526	0.01300	0.01846	0.05489	0.01255	0.02123	0.01438	0.01681	0.00989	0.01185	0.00916	0.00671	0.00631	0.00168	0.07250	0.00405	0.00308	0.00898
61	0.03174	0.01245	0.01673	0.01283	0.01834	0.01095	0.01059	0.06192	0.02093	0.68227	0.02763	0.02394	0.01739	0.00880	0.00716	0.00220	0.00613	0.00713	0.00874	0.01212
62	0.00881	0.00629	0.00841	0.01007	0.01054	0.00590	0.00684	0.01014	0.01376	0.01833	0.03917	0.71371	0.04681	0.02218	0.00912	0.00291	0.00425	0.05033	0.00661	0.00582
63	0.03129	0.01197	0.01631	0.01256	0.01795	0.01035	0.01035	0.03406	0.02037	0.68973	0.04838	0.02511	0.01912	0.00899	0.00720	0.00220	0.00598	0.00733	0.00878	0.01196
64	0.01704	0.01632	0.02785	0.13995	0.61365	0.01677	0.02156	0.02134	0.01594	0.02255	0.01329	0.01781	0.01103	0.00645	0.00706	0.00215	0.00860	0.00634	0.00347	0.01081
65	0.01864	0.66725	0.06089	0.01248	0.01849	0.05120	0.01246	0.02111	0.01477	0.01711	0.01290	0.01422	0.04089	0.00671	0.00489	0.00160	0.00773	0.00440	0.00323	0.00902
66	0.04690	0.05515	0.46243	0.02154	0.03041	0.07406	0.16527	0.02298	0.01570	0.02237	0.01278	0.01551	0.00937	0.00662	0.00693	0.00223	0.01074	0.00578	0.00325	0.00999
67	0.01762	0.01692	0.02890	0.04371	0.70533	0.01692	0.02185	0.02185	0.01621	0.02326	0.01339	0.01762	0.01128	0.00634	0.00705	0.00211	0.00846	0.00634	0.00352	0.01128
68	0.00991	0.00824	0.03327	0.00912	0.01116	0.00691	0.00719	0.01311	0.01911	0.02650	0.55473	0.08352	0.16034	0.01514	0.00837	0.00229	0.00368	0.01325	0.00744	0.00670
69	0.01915	0.66971	0.08967	0.01284	0.01926	0.02659	0.01323	0.02192	0.01474	0.04330	0.01081	0.01219	0.00945	0.00625	0.00484	0.00161	0.00779	0.00405	0.00326	0.00936
70	0.01613	0.02075	0.14005	0.10453	0.13003	0.01756	0.38989	0.02191	0.01593	0.02211	0.01362	0.01817	0.01040	0.00655	0.00845	0.00237	0.04109	0.00732	0.00343	0.00972
71	0.02771	0.01181	0.01560	0.01231	0.01716	0.01065	0.01003	0.05887	0.04735	0.54719	0.13444	0.02862	0.02541	0.00975	0.00736	0.00221	0.00569	0.00807	0.00853	0.01123
72	0.01264	0.00995	0.01281	0.04218	0.01487	0.03833	0.00973	0.04433	0.01336	0.01946	0.01819	0.02524	0.01620	0.03733	0.46354	0.00808	0.07714	0.00713	0.12257	0.00692
73	0.01646	0.01577	0.02768	0.03726	0.51980	0.01561	0.09899	0.02067	0.01619	0.02277	0.01729	0.05781	0.01602	0.00845	0.00760	0.00231	0.00848	0.07653	0.00400	0.01032
74	0.01003	0.00728	0.00944	0.00890	0.01061	0.00670	0.00668	0.01334	0.02003	0.02826	0.68154	0.05368	0.08740	0.01467	0.00840	0.00224	0.00337	0.01295	0.00780	0.00670
75	0.01035	0.00693	0.00792	0.00792	0.00797	0.00699	0.00451	0.01045	0.01040	0.01392	0.02229	0.04581	0.02555	0.72045	0.06508	0.00709	0.00742	0.01024	0.00429	0.00440
76	0.01490	0.08980	0.60868	0.02149	0.08198	0.01745	0.02489	0.02240	0.01508	0.02216	0.01261	0.01496	0.00920	0.00668	0.00662	0.00219	0.01014	0.00523	0.00305	0.01048
77	0.01888	0.73087	0.05913	0.01245	0.01868	0.02780	0.01264	0.02136	0.01449	0.01694	0.00999	0.01154	0.00913	0.00611	0.00464	0.00155	0.00771	0.00385	0.00304	0.00918
78	0.01147	0.00820	0.01147	0.01311	0.01475	0.00820	0.01147	0.01475	0.01639	0.02131	0.03770	0.08032	0.04098	0.01967	0.00984	0.00328	0.00656	0.65741	0.00656	0.00656
79	0.01749	0.01678	0.02866	0.06589	0.68420	0.01688	0.02179	0.02174	0.01615	0.02310	0.01337	0.01767	0.01122	0.00637	0.00705	0.00212	0.00849	0.00634	0.00351	0.01117
80	0.01570	0.01461	0.02422	0.36060	0.34321	0.01615	0.01990	0.04702	0.01590	0.02159	0.01430	0.04907	0.01200	0.00747	0.00717	0.00227	0.00873	0.00693	0.00364	0.00952
81	0.01618	0.01481	0.02323	0.16070	0.41409	0.04686	0.01810	0.01911	0.01485	0.02015	0.01373	0.02029	0.01197	0.01010	0.01068	0.13781	0.00840	0.02647	0.00349	0.00898
82	0.01466	0.01402	0.01977	0.01724	0.01742	0.01927	0.01421	0.01615	0.01091	0.01684	0.01087	0.01762	0.01069	0.01886	0.12336	0.03949	0.60159	0.00643	0.00321	0.00738
83	0.01371	0.00706	0.00711	0.00695	0.00873	0.00713	0.00525	0.03776	0.01552	0.02713	0.02303	0.02625	0.01806	0.00830	0.00505	0.00167	0.00346	0.00663	0.76439	0.00681
84	0.01451	0.03189	0.55132	0.12741	0.03241	0.04591	0.02402	0.02178	0.01533	0.02191	0.03980	0.01704	0.01139	0.00715	0.00687	0.00225	0.01018	0.00569	0.00325	0.00988
85	0.06416	0.01273	0.01508	0.07407	0.01951	0.01046	0.00939	0.01814	0.01455	0.02331	0.01248	0.01494	0.01028	0.00552	0.00538	0.00124	0.00566	0.00438	0.00414	0.67459
