[name]
unknown

[dist]
# distance from previous block
# <min> <max>
0	24

[block]
# block no. 0 follows, 27 sequences, length 9
# corresponding to MSA columns:
# 25-33
name=unknown_A
#
# <colnr> <probs for GDERKNQSTAVLIFYWHMCP>
#	G	D	E	R	K	N	Q	S	T	A	V	L	I	F	Y	W	H	M	C	P
0	0.01381	0.11597	0.01669	0.01465	0.06275	0.01275	0.01081	0.05055	0.06552	0.02209	0.03131	0.28576	0.03413	0.05186	0.00997	0.00298	0.00627	0.17820	0.00607	0.00785
1	0.01862	0.38313	0.13521	0.01356	0.01944	0.02140	0.01366	0.06922	0.01648	0.05467	0.01494	0.01859	0.01276	0.06227	0.05440	0.00288	0.00874	0.00556	0.06507	0.00939
2	0.01054	0.00855	0.01218	0.16372	0.01980	0.00912	0.01013	0.01293	0.01521	0.02013	0.10345	0.41129	0.10778	0.01812	0.00952	0.00279	0.03594	0.01600	0.00609	0.00672
3	0.01572	0.06954	0.02798	0.25742	0.03417	0.01942	0.16630	0.01965	0.01426	0.01953	0.01276	0.01875	0.01065	0.01159	0.05401	0.00321	0.22606	0.00695	0.00342	0.00861
4	0.15513	0.01507	0.01675	0.06088	0.01981	0.03936	0.01202	0.17640	0.08837	0.02928	0.04018	0.02173	0.01573	0.02056	0.17979	0.00475	0.08286	0.00685	0.00531	0.00919
5	0.01079	0.00725	0.00969	0.01016	0.01134	0.00758	0.00749	0.01328	0.01428	0.02116	0.09439	0.24489	0.03307	0.03211	0.28226	0.00617	0.01014	0.01227	0.16512	0.00654
6	0.09610	0.01031	0.01254	0.01054	0.01423	0.00952	0.00830	0.02331	0.01886	0.27630	0.22885	0.03539	0.05285	0.04483	0.00870	0.00243	0.00504	0.00914	0.08543	0.04733
7	0.06725	0.01523	0.02254	0.52258	0.04317	0.04620	0.05007	0.06587	0.01632	0.02203	0.01316	0.01869	0.01001	0.00776	0.00821	0.00247	0.04963	0.00646	0.00372	0.00864
8	0.01089	0.00864	0.01110	0.01145	0.01305	0.00855	0.03092	0.01569	0.12115	0.02175	0.07603	0.48100	0.12190	0.01959	0.00902	0.00282	0.00474	0.01758	0.00695	0.00716

[dist]
# distance from previous block
# <min> <max>
0	9

[block]
# block no. 1 follows, 27 sequences, length 35
# corresponding to MSA columns:
# 43-77
name=unknown_B
#
# <colnr> <probs for GDERKNQSTAVLIFYWHMCP>
#	G	D	E	R	K	N	Q	S	T	A	V	L	I	F	Y	W	H	M	C	P
0	0.01137	0.01490	0.14253	0.01176	0.01538	0.05077	0.01084	0.01461	0.01677	0.02153	0.12651	0.21629	0.28579	0.01650	0.00849	0.00254	0.00583	0.01409	0.00614	0.00735
1	0.01791	0.01693	0.01860	0.05250	0.06080	0.10446	0.01314	0.07593	0.14462	0.02412	0.01850	0.06113	0.01608	0.01547	0.09545	0.00349	0.12957	0.00739	0.00498	0.11892
2	0.01553	0.01864	0.15823	0.05569	0.05820	0.05829	0.12871	0.01979	0.01641	0.07073	0.04846	0.24895	0.02569	0.01380	0.02574	0.00279	0.00871	0.01162	0.00517	0.00883
3	0.52117	0.01203	0.01075	0.00977	0.01328	0.01334	0.00769	0.01919	0.01315	0.06178	0.04958	0.02019	0.04992	0.01172	0.00988	0.15303	0.00569	0.00577	0.00487	0.00719
4	0.01617	0.01539	0.02615	0.38764	0.36795	0.01706	0.02169	0.02085	0.01586	0.02158	0.01357	0.01909	0.01082	0.00702	0.00739	0.00234	0.00936	0.00661	0.00348	0.00998
5	0.01695	0.01891	0.04027	0.02898	0.03607	0.01758	0.59203	0.02278	0.01722	0.02355	0.01625	0.05684	0.01321	0.00709	0.00860	0.00245	0.01167	0.00914	0.00396	0.05646
6	0.01085	0.00835	0.01013	0.01110	0.01237	0.00844	0.00776	0.01597	0.14261	0.02134	0.04073	0.56177	0.07905	0.02047	0.00907	0.00289	0.00458	0.01836	0.00702	0.00715
7	0.01715	0.01775	0.02260	0.01946	0.01976	0.07698	0.01609	0.01880	0.01213	0.01789	0.00988	0.01602	0.00973	0.01257	0.02297	0.00314	0.66925	0.00636	0.00329	0.00816
8	0.16111	0.00918	0.01048	0.04614	0.01415	0.00938	0.00806	0.03451	0.01520	0.02354	0.07300	0.43096	0.07103	0.01740	0.00812	0.00268	0.00496	0.01519	0.00626	0.03867
9	0.01327	0.00921	0.01132	0.01113	0.01289	0.00923	0.00811	0.07976	0.03648	0.06483	0.13328	0.37396	0.10165	0.05932	0.01108	0.00298	0.03132	0.01572	0.00702	0.00741
10	0.01061	0.00705	0.00814	0.00845	0.00860	0.00697	0.00496	0.01098	0.01161	0.01577	0.02659	0.17167	0.03066	0.57945	0.03132	0.00621	0.00652	0.01250	0.03706	0.00488
11	0.00913	0.00649	0.00859	0.01023	0.01064	0.00608	0.00678	0.01036	0.01406	0.01874	0.04011	0.70280	0.04809	0.05610	0.01077	0.00321	0.00444	0.02063	0.00678	0.00596
12	0.01837	0.01764	0.03013	0.04557	0.69279	0.01764	0.02278	0.02278	0.01690	0.02425	0.01396	0.01837	0.01176	0.00661	0.00735	0.00220	0.00882	0.00661	0.00367	0.01176
13	0.01797	0.01640	0.02520	0.22382	0.35494	0.01788	0.01972	0.07549	0.12475	0.02568	0.01668	0.02023	0.01308	0.00758	0.00741	0.00233	0.00859	0.00690	0.00449	0.01086
14	0.79154	0.01436	0.01091	0.00976	0.01436	0.01665	0.00804	0.02182	0.01263	0.03331	0.01034	0.01206	0.00804	0.00689	0.00459	0.00230	0.00574	0.00402	0.00459	0.00804
15	0.01054	0.00818	0.00921	0.00914	0.01091	0.00780	0.00649	0.01425	0.08290	0.02199	0.18650	0.14488	0.28058	0.15661	0.01433	0.00344	0.00465	0.01422	0.00677	0.00660
16	0.00908	0.00678	0.00830	0.00947	0.01041	0.00616	0.00642	0.01045	0.01471	0.01896	0.04881	0.52000	0.21494	0.06522	0.01100	0.00313	0.00434	0.01906	0.00675	0.00600
17	0.07769	0.02369	0.01917	0.01640	0.02010	0.30414	0.01285	0.11539	0.01949	0.02431	0.01301	0.01617	0.01093	0.02839	0.01038	0.00225	0.13527	0.00549	0.03276	0.11212
18	0.02673	0.01918	0.02085	0.01622	0.02171	0.02113	0.01335	0.58081	0.03227	0.06555	0.01859	0.01916	0.01344	0.01176	0.05011	0.00280	0.00863	0.00680	0.03891	0.01203
19	0.02140	0.01284	0.01486	0.01242	0.01659	0.01285	0.00983	0.13637	0.14212	0.22819	0.09524	0.03802	0.16482	0.04870	0.00940	0.00262	0.00581	0.00993	0.00778	0.01022
20	0.00966	0.00717	0.00901	0.00935	0.01078	0.00652	0.00671	0.01207	0.01783	0.02410	0.34334	0.29976	0.17893	0.01873	0.00902	0.00261	0.00384	0.01658	0.00748	0.00652
21	0.01797	0.01434	0.01527	0.01331	0.01749	0.01551	0.01045	0.11920	0.37698	0.05794	0.03875	0.03640	0.18272	0.01183	0.00775	0.00241	0.00569	0.00974	0.00733	0.03893
22	0.01036	0.00822	0.00923	0.00915	0.01117	0.00771	0.00666	0.01433	0.08371	0.02293	0.21096	0.15017	0.33480	0.07379	0.01100	0.00290	0.00425	0.01474	0.00708	0.00683
23	0.21722	0.01347	0.01537	0.01248	0.01750	0.01347	0.01018	0.06591	0.08605	0.38236	0.07210	0.02404	0.01970	0.00913	0.00686	0.00232	0.00603	0.00710	0.00772	0.01100
24	0.02773	0.03538	0.02104	0.01913	0.02295	0.70930	0.01434	0.02964	0.02104	0.01817	0.01148	0.01339	0.00956	0.00765	0.00669	0.00191	0.01339	0.00478	0.00383	0.00861
25	0.01445	0.01378	0.02236	0.58596	0.04503	0.01770	0.01977	0.01876	0.01417	0.01876	0.01253	0.01911	0.00987	0.00850	0.01069	0.00262	0.14787	0.00658	0.00329	0.00822
26	0.00902	0.00654	0.00853	0.01013	0.01071	0.00605	0.00680	0.01036	0.01441	0.01903	0.04341	0.68600	0.09575	0.02293	0.00942	0.00298	0.00427	0.02071	0.00689	0.00605
27	0.00915	0.00654	0.00871	0.01026	0.01079	0.00610	0.00690	0.01060	0.01471	0.01974	0.08810	0.68483	0.05063	0.02267	0.00942	0.00297	0.00425	0.02055	0.00698	0.00610
28	0.01752	0.02003	0.04380	0.03129	0.03880	0.01877	0.66583	0.02378	0.01752	0.02378	0.01502	0.02003	0.01126	0.00626	0.00876	0.00250	0.01252	0.00876	0.00375	0.01001
29	0.01071	0.00785	0.01038	0.01171	0.01324	0.00752	0.00953	0.01340	0.01660	0.02153	0.08073	0.23270	0.14507	0.02060	0.00976	0.00312	0.00559	0.36644	0.00693	0.00657
30	0.01061	0.00795	0.01193	0.01193	0.01326	0.00928	0.00928	0.01326	0.01193	0.01723	0.01988	0.02916	0.01856	0.05568	0.70968	0.01193	0.01988	0.00795	0.00398	0.00663
31	0.02232	0.01451	0.01674	0.01392	0.01830	0.01526	0.01119	0.21768	0.17862	0.17160	0.17817	0.03272	0.03045	0.01111	0.00787	0.00238	0.00613	0.03214	0.00797	0.01092
32	0.01527	0.01447	0.02452	0.52757	0.23506	0.01682	0.02124	0.02006	0.01543	0.02048	0.01342	0.01939	0.01043	0.00719	0.00740	0.00240	0.00959	0.00660	0.00341	0.00925
33	0.01549	0.00905	0.00976	0.04412	0.01260	0.00950	0.00707	0.10116	0.01769	0.02875	0.02278	0.02753	0.01832	0.06181	0.00796	0.00223	0.00466	0.00715	0.58481	0.00755
34	0.62550	0.06005	0.01431	0.01119	0.01599	0.05406	0.00928	0.08988	0.01555	0.03298	0.01118	0.01272	0.00869	0.00711	0.00501	0.00223	0.00653	0.00434	0.00477	0.00864

[dist]
# distance from previous block
# <min> <max>
0	1

[block]
# block no. 2 follows, 27 sequences, length 107
# corresponding to MSA columns:
# 79-185
name=unknown_C
#
# <colnr> <probs for GDERKNQSTAVLIFYWHMCP>
#	G	D	E	R	K	N	Q	S	T	A	V	L	I	F	Y	W	H	M	C	P
0	0.04466	0.01825	0.02333	0.06824	0.09406	0.10461	0.13744	0.10442	0.13873	0.02604	0.02112	0.02509	0.04787	0.07040	0.04033	0.00315	0.00956	0.00788	0.00512	0.00969
1	0.01113	0.00803	0.01099	0.01246	0.01394	0.00776	0.01016	0.01384	0.01607	0.02121	0.03882	0.29672	0.04360	0.02083	0.00981	0.00319	0.00595	0.41187	0.00676	0.03686
2	0.10979	0.14924	0.02322	0.09831	0.02404	0.11755	0.04137	0.07578	0.14418	0.08810	0.01712	0.01830	0.01305	0.00819	0.00737	0.00222	0.04090	0.00609	0.00519	0.00998
3	0.01923	0.49381	0.12645	0.01436	0.02077	0.09089	0.01447	0.02352	0.05555	0.01933	0.01557	0.01676	0.04734	0.00747	0.00565	0.00183	0.00853	0.00516	0.00370	0.00960
4	0.03226	0.01287	0.01720	0.01334	0.01898	0.01145	0.01097	0.03641	0.06788	0.65068	0.02935	0.02544	0.01868	0.00925	0.00747	0.00231	0.00629	0.00753	0.00907	0.01257
5	0.01637	0.01459	0.03973	0.23105	0.06554	0.01574	0.07924	0.12806	0.01801	0.02431	0.04541	0.10600	0.01807	0.01210	0.01150	0.08395	0.06828	0.00879	0.00468	0.00858
6	0.01838	0.04236	0.02398	0.06110	0.29067	0.16909	0.03977	0.02146	0.01674	0.02094	0.01788	0.14774	0.01775	0.01042	0.00896	0.00238	0.06790	0.00884	0.00423	0.00942
7	0.00929	0.00664	0.00887	0.01042	0.01101	0.00622	0.00714	0.01085	0.01487	0.01993	0.09035	0.65207	0.05040	0.02251	0.00946	0.00298	0.00436	0.04950	0.00699	0.00614
8	0.01080	0.00720	0.00810	0.00810	0.00810	0.00720	0.00450	0.01080	0.01080	0.01439	0.02339	0.04858	0.02699	0.73910	0.03779	0.00720	0.00720	0.01080	0.00450	0.00450
9	0.01967	0.71867	0.06227	0.01300	0.01952	0.02895	0.01322	0.02227	0.01510	0.01768	0.01043	0.01204	0.00952	0.00638	0.00484	0.00161	0.00805	0.00402	0.00317	0.00958
10	0.01548	0.12235	0.62186	0.02015	0.03057	0.01869	0.02568	0.02336	0.01560	0.02279	0.01297	0.01523	0.00942	0.00697	0.00678	0.00226	0.01061	0.00531	0.00314	0.01080
11	0.01196	0.00854	0.01196	0.01367	0.01538	0.00854	0.01196	0.01538	0.01709	0.02222	0.03931	0.08374	0.04272	0.02051	0.01025	0.00342	0.00684	0.64283	0.00684	0.00684
12	0.01797	0.01426	0.01646	0.01196	0.01843	0.01182	0.00965	0.11270	0.01844	0.05520	0.01452	0.01615	0.01153	0.00614	0.00586	0.00131	0.00592	0.00485	0.00503	0.64180
13	0.01720	0.04259	0.16412	0.05201	0.05448	0.04673	0.27493	0.04888	0.01658	0.02284	0.01469	0.05114	0.01230	0.00863	0.01088	0.00256	0.13818	0.00775	0.00381	0.00971
14	0.01464	0.01354	0.02127	0.60076	0.04563	0.01644	0.01897	0.02152	0.09795	0.02072	0.01532	0.02058	0.01154	0.00767	0.00735	0.00242	0.00919	0.00672	0.00388	0.04389
15	0.02773	0.03538	0.02104	0.01913	0.02295	0.70930	0.01434	0.02964	0.02104	0.01817	0.01148	0.01339	0.00956	0.00765	0.00669	0.00191	0.01339	0.00478	0.00383	0.00861
16	0.04655	0.00920	0.00982	0.00882	0.01156	0.00909	0.00680	0.06561	0.01649	0.02725	0.02386	0.02758	0.05022	0.03319	0.06722	0.00278	0.00571	0.00709	0.46385	0.10733
17	0.01080	0.00720	0.00810	0.00810	0.00810	0.00720	0.00450	0.01080	0.01080	0.01439	0.02339	0.04858	0.02699	0.73910	0.03779	0.00720	0.00720	0.01080	0.00450	0.00450
18	0.02527	0.01933	0.02062	0.01648	0.02190	0.02164	0.01340	0.47795	0.22980	0.04203	0.02157	0.02081	0.01566	0.00926	0.00746	0.00232	0.00748	0.00720	0.00746	0.01236
19	0.01279	0.00648	0.00959	0.00959	0.00959	0.00648	0.00635	0.00973	0.00973	0.01297	0.01341	0.02385	0.01359	0.06086	0.02944	0.74582	0.00648	0.00666	0.00329	0.00329
20	0.02733	0.03454	0.02085	0.01895	0.02279	0.67955	0.01423	0.03007	0.04938	0.01872	0.01228	0.01400	0.01013	0.00775	0.00673	0.00194	0.01306	0.00494	0.00399	0.00874
21	0.01946	0.01603	0.01704	0.01512	0.01945	0.01837	0.01182	0.06642	0.62597	0.05771	0.02964	0.02718	0.02206	0.00999	0.00754	0.00250	0.00599	0.00828	0.00761	0.01182
22	0.01066	0.00767	0.01042	0.01198	0.01324	0.00743	0.00958	0.01320	0.01611	0.02111	0.06214	0.32983	0.07618	0.02131	0.00984	0.00319	0.00562	0.35709	0.00690	0.00651
23	0.00903	0.00738	0.00798	0.00815	0.01027	0.00633	0.00599	0.01104	0.01707	0.02115	0.14933	0.16166	0.52091	0.01896	0.00887	0.00256	0.00380	0.01614	0.00706	0.00633
24	0.01511	0.03689	0.64680	0.02199	0.03268	0.01737	0.07975	0.02353	0.01582	0.02353	0.01346	0.01603	0.00956	0.00699	0.00719	0.00236	0.01110	0.00575	0.00319	0.01089
25	0.66236	0.01406	0.01199	0.01035	0.01514	0.01568	0.00853	0.02427	0.01410	0.14654	0.01357	0.01431	0.00980	0.00728	0.00508	0.00230	0.00584	0.00461	0.00538	0.00882
26	0.01169	0.00927	0.01330	0.01274	0.01375	0.01133	0.00994	0.01398	0.01186	0.01746	0.01858	0.02848	0.01775	0.10200	0.51523	0.00973	0.13854	0.00790	0.02975	0.00672
27	0.01205	0.00840	0.01085	0.01164	0.01357	0.00807	0.00945	0.01550	0.04303	0.05529	0.10344	0.18683	0.15999	0.01924	0.00948	0.00300	0.00549	0.31049	0.00712	0.00708
28	0.02123	0.02333	0.02647	0.08650	0.41827	0.25209	0.01976	0.02483	0.01815	0.02180	0.01306	0.01679	0.01088	0.00703	0.00713	0.00213	0.01045	0.00599	0.00370	0.01043
29	0.02328	0.01693	0.01855	0.01505	0.01954	0.01862	0.01204	0.44724	0.09601	0.03851	0.03862	0.06868	0.01792	0.01197	0.00986	0.08642	0.00719	0.00799	0.03484	0.01072
30	0.69218	0.01457	0.03081	0.04060	0.01613	0.01612	0.00897	0.02149	0.01298	0.03209	0.01133	0.01337	0.00878	0.00702	0.00482	0.00227	0.00594	0.00434	0.04812	0.00807
31	0.02182	0.18005	0.09797	0.05463	0.08440	0.28868	0.01667	0.04741	0.01786	0.02015	0.01175	0.01458	0.00988	0.00790	0.00858	0.00212	0.09732	0.00521	0.00363	0.00940
32	0.01711	0.01503	0.02317	0.11323	0.31954	0.01565	0.04385	0.02441	0.14480	0.05567	0.02511	0.05538	0.07830	0.00963	0.00775	0.00241	0.00772	0.02566	0.00515	0.01044
33	0.13532	0.12208	0.19305	0.01822	0.05190	0.13865	0.04270	0.04212	0.01690	0.05521	0.04603	0.01704	0.01294	0.00804	0.00798	0.00223	0.07006	0.00572	0.00419	0.00961
34	0.02042	0.05610	0.05409	0.09806	0.23944	0.14585	0.04462	0.05189	0.09375	0.06143	0.01643	0.01919	0.01292	0.00992	0.04172	0.00269	0.01002	0.00650	0.00454	0.01043
35	0.02901	0.01953	0.02150	0.01648	0.02239	0.02115	0.01361	0.57013	0.03279	0.14769	0.01960	0.01898	0.01352	0.00895	0.00743	0.00224	0.00788	0.00680	0.00770	0.01263
36	0.00927	0.00655	0.00855	0.01005	0.01043	0.00618	0.00659	0.01040	0.01378	0.01837	0.03869	0.64724	0.04629	0.11410	0.01307	0.00355	0.00467	0.01980	0.00659	0.00584
37	0.01859	0.16296	0.15657	0.08275	0.06620	0.08341	0.15337	0.05898	0.01697	0.02217	0.01276	0.01634	0.01023	0.00766	0.00917	0.00230	0.09993	0.00616	0.00363	0.00982
38	0.00934	0.00661	0.00860	0.01000	0.01043	0.00623	0.00658	0.01055	0.01404	0.01880	0.06565	0.61481	0.04704	0.11803	0.01321	0.00354	0.00466	0.01941	0.00663	0.00587
39	0.01080	0.00720	0.00810	0.00810	0.00810	0.00720	0.00450	0.01080	0.01080	0.01439	0.02339	0.04858	0.02699	0.73910	0.03779	0.00720	0.00720	0.01080	0.00450	0.00450
40	0.04421	0.21290	0.05296	0.11867	0.04631	0.10569	0.04081	0.05125	0.01582	0.02041	0.01242	0.01656	0.01068	0.01260	0.07427	0.00315	0.14295	0.00574	0.00364	0.00894
41	0.02228	0.01520	0.04376	0.01471	0.01896	0.01511	0.01231	0.24663	0.05610	0.17506	0.05243	0.13773	0.02531	0.01290	0.00890	0.00257	0.04029	0.08201	0.00733	0.01043
42	0.01168	0.00845	0.01157	0.01313	0.01491	0.00834	0.01141	0.01497	0.01707	0.02203	0.04246	0.08266	0.09958	0.02036	0.01012	0.00334	0.00657	0.58772	0.00684	0.00679
43	0.01626	0.01329	0.01553	0.01126	0.01772	0.01030	0.00901	0.02028	0.04337	0.05224	0.01457	0.01631	0.01179	0.00584	0.00566	0.00121	0.00555	0.00469	0.00473	0.72041
44	0.01748	0.06091	0.13384	0.04593	0.02334	0.04454	0.05948	0.08961	0.01610	0.02316	0.01347	0.01791	0.01127	0.01175	0.04321	0.00300	0.29746	0.00640	0.07200	0.00913
45	0.01746	0.01671	0.02848	0.18747	0.55804	0.01740	0.02233	0.02198	0.01647	0.02314	0.01380	0.01867	0.01137	0.00678	0.00736	0.00226	0.00905	0.00661	0.00360	0.01102
46	0.02362	0.25927	0.02604	0.01638	0.02108	0.37347	0.01338	0.02894	0.13129	0.02014	0.01430	0.01535	0.01178	0.00765	0.00622	0.00191	0.01036	0.00514	0.00425	0.00944
47	0.10707	0.24435	0.21680	0.01605	0.02228	0.02134	0.01673	0.02372	0.04349	0.07912	0.01353	0.01554	0.01067	0.00814	0.00908	0.00227	0.13058	0.00532	0.00404	0.00988
48	0.01116	0.04077	0.01039	0.00920	0.00980	0.00869	0.00599	0.01189	0.01126	0.01520	0.02198	0.04238	0.02423	0.54615	0.19331	0.00805	0.01020	0.00982	0.00432	0.00522
49	0.02703	0.02020	0.02161	0.01684	0.02257	0.02247	0.01382	0.59129	0.11360	0.04487	0.01934	0.01903	0.01385	0.00905	0.00744	0.00226	0.00789	0.00689	0.00744	0.01252
50	0.01289	0.00645	0.00967	0.00967	0.00967	0.00645	0.00645	0.00967	0.00967	0.01289	0.01289	0.02257	0.01289	0.02579	0.02901	0.78401	0.00645	0.00645	0.00322	0.00322
51	0.02779	0.03358	0.02119	0.01887	0.02296	0.62443	0.01431	0.10859	0.02275	0.02171	0.01226	0.01394	0.00994	0.00781	0.00678	0.00195	0.01274	0.00502	0.00427	0.00910
52	0.01037	0.00744	0.00997	0.01068	0.01199	0.00704	0.00812	0.01313	0.01787	0.02446	0.32499	0.28446	0.05681	0.01907	0.00934	0.00281	0.00454	0.16283	0.00744	0.00665
53	0.01009	0.00744	0.00944	0.00923	0.01091	0.00678	0.00681	0.01310	0.01961	0.02712	0.52591	0.14400	0.14862	0.01668	0.00885	0.00244	0.00364	0.01470	0.00784	0.00678
54	0.00944	0.00749	0.00848	0.00834	0.01046	0.00653	0.00622	0.01191	0.01833	0.02367	0.30518	0.09778	0.42455	0.01765	0.00880	0.00247	0.00369	0.01509	0.00738	0.00653
55	0.02492	0.01846	0.02001	0.01600	0.02105	0.02032	0.01294	0.53820	0.06818	0.04190	0.02184	0.12130	0.01843	0.01104	0.00773	0.00236	0.00749	0.00885	0.00736	0.01163
56	0.66107	0.01524	0.01261	0.01092	0.01567	0.01754	0.00897	0.10486	0.04418	0.03493	0.01215	0.01347	0.00925	0.00729	0.00508	0.00230	0.00606	0.00455	0.00508	0.00878
57	0.01118	0.00757	0.00880	0.00906	0.00951	0.00754	0.00561	0.03927	0.01299	0.01762	0.02810	0.23862	0.03224	0.47642	0.02718	0.00558	0.00627	0.01335	0.03770	0.00538
58	0.02533	0.01171	0.01516	0.01219	0.01669	0.01067	0.00984	0.08463	0.02215	0.42201	0.20877	0.03535	0.06957	0.01132	0.00788	0.00231	0.00558	0.00947	0.00863	0.01076
59	0.01816	0.01742	0.02975	0.07857	0.66145	0.01758	0.02268	0.02260	0.01680	0.02399	0.01393	0.01844	0.01167	0.00665	0.00735	0.00222	0.00887	0.00661	0.00366	0.01159
60	0.02842	0.01476	0.04190	0.04700	0.02101	0.01354	0.01225	0.16665	0.02324	0.44000	0.05201	0.06415	0.02019	0.01000	0.00760	0.00233	0.00682	0.00819	0.00816	0.01178
61	0.67997	0.01781	0.11000	0.01140	0.01691	0.01674	0.01083	0.02206	0.01307	0.03190	0.01077	0.01258	0.00824	0.00691	0.00495	0.00230	0.00649	0.00423	0.00438	0.00846
62	0.01697	0.09696	0.39723	0.02272	0.10318	0.07359	0.02265	0.02285	0.01546	0.02168	0.01238	0.01555	0.00975	0.00798	0.00973	0.00238	0.12981	0.00559	0.00327	0.01027
63	0.00913	0.00652	0.00869	0.01028	0.01079	0.00608	0.00690	0.01054	0.01460	0.01956	0.07736	0.69608	0.05028	0.02280	0.00943	0.00298	0.00426	0.02067	0.00696	0.00608
64	0.22401	0.07890	0.21236	0.01999	0.05210	0.04822	0.15763	0.05809	0.01670	0.02696	0.03176	0.01661	0.01142	0.00712	0.00666	0.00228	0.00934	0.00599	0.00409	0.00978
65	0.01096	0.00857	0.01148	0.01091	0.01287	0.00820	0.03713	0.01536	0.07503	0.02588	0.37557	0.22884	0.11701	0.01677	0.00884	0.00255	0.00435	0.01499	0.00747	0.00722
66	0.07489	0.01250	0.01653	0.01283	0.01833	0.01105	0.01057	0.03434	0.02075	0.62941	0.05897	0.02593	0.02020	0.00934	0.00736	0.00230	0.00615	0.00755	0.00888	0.01211
67	0.04571	0.01434	0.02274	0.46107	0.05836	0.01769	0.05019	0.04925	0.01517	0.02095	0.01311	0.01916	0.01040	0.01034	0.03950	0.00297	0.13026	0.00665	0.00359	0.00854
68	0.01970	0.03902	0.02234	0.28031	0.07960	0.04863	0.04798	0.14065	0.07419	0.08069	0.01830	0.02293	0.01409	0.00852	0.00739	0.00235	0.00869	0.03336	0.04131	0.00995
69	0.00904	0.00646	0.00861	0.01034	0.01077	0.00603	0.00689	0.01034	0.01421	0.01895	0.04092	0.73426	0.04910	0.02326	0.00948	0.00301	0.00431	0.02110	0.00689	0.00603
70	0.01054	0.00709	0.00817	0.00842	0.00848	0.00703	0.00484	0.01073	0.01129	0.01505	0.02591	0.14708	0.03017	0.63627	0.03372	0.00660	0.00678	0.01228	0.00484	0.00472
71	0.02289	0.28233	0.02666	0.01602	0.02046	0.33481	0.01331	0.05952	0.01883	0.01998	0.04470	0.01588	0.01300	0.00964	0.03244	0.00227	0.04908	0.00522	0.00398	0.00897
72	0.02216	0.13929	0.28652	0.01698	0.02468	0.03853	0.04488	0.02733	0.01794	0.24863	0.04885	0.02020	0.01526	0.00801	0.00697	0.00220	0.00873	0.00638	0.00545	0.01100
73	0.01196	0.00854	0.01196	0.01367	0.01538	0.00854	0.01196	0.01538	0.01709	0.02222	0.03931	0.08374	0.04272	0.02051	0.01025	0.00342	0.00684	0.64283	0.00684	0.00684
74	0.01539	0.01319	0.01539	0.01100	0.01759	0.00990	0.00880	0.01869	0.01539	0.02419	0.01319	0.01539	0.01100	0.00550	0.00550	0.00110	0.00550	0.00440	0.00440	0.78449
75	0.01606	0.05934	0.13232	0.32993	0.06118	0.05022	0.01846	0.07285	0.01747	0.02294	0.07277	0.02422	0.01685	0.00931	0.00818	0.02998	0.00914	0.03563	0.00422	0.00893
76	0.01774	0.01699	0.02898	0.14457	0.59877	0.01747	0.02247	0.02222	0.01660	0.02348	0.01385	0.01858	0.01149	0.00673	0.00736	0.00224	0.00898	0.00661	0.00362	0.01124
77	0.02644	0.15110	0.02396	0.01808	0.02231	0.59820	0.01408	0.02843	0.02006	0.01805	0.01129	0.01315	0.00956	0.00744	0.00638	0.00186	0.01250	0.00465	0.00372	0.00876
78	0.25572	0.01621	0.11216	0.01291	0.01759	0.01396	0.01182	0.02200	0.04765	0.10561	0.10367	0.02209	0.01911	0.01033	0.00964	0.06510	0.06530	0.00652	0.00530	0.07731
79	0.01053	0.00817	0.01075	0.04312	0.04605	0.00769	0.00801	0.01340	0.01845	0.02508	0.39342	0.13985	0.18589	0.04455	0.00986	0.00265	0.00435	0.01409	0.00717	0.00692
80	0.01997	0.01104	0.01385	0.01186	0.01548	0.01071	0.00932	0.02686	0.15705	0.25913	0.32670	0.03937	0.04254	0.01207	0.00807	0.00236	0.00496	0.01034	0.00839	0.00991
81	0.01197	0.00651	0.00933	0.00971	0.00993	0.00639	0.00652	0.01026	0.01131	0.01541	0.04130	0.18818	0.02331	0.02420	0.02292	0.54809	0.00574	0.01007	0.03472	0.00414
82	0.02706	0.03431	0.02068	0.01884	0.02257	0.68184	0.01415	0.02900	0.02068	0.01813	0.01180	0.01401	0.00992	0.00953	0.03427	0.00231	0.01364	0.00491	0.00383	0.00853
83	0.09651	0.01998	0.02099	0.01633	0.02206	0.02223	0.01345	0.57912	0.06437	0.04480	0.01775	0.01779	0.01270	0.00879	0.00718	0.00225	0.00784	0.00653	0.00718	0.01217
84	0.01049	0.00772	0.01011	0.01132	0.01282	0.00733	0.00905	0.01308	0.01664	0.02166	0.10581	0.25533	0.15722	0.02047	0.00965	0.00305	0.00532	0.30939	0.00698	0.00654
85	0.00883	0.00730	0.00774	0.00810	0.01018	0.00622	0.00590	0.01059	0.01637	0.01983	0.06817	0.20743	0.55834	0.01972	0.00892	0.00261	0.00387	0.01678	0.00689	0.00622
86	0.01661	0.01689	0.02265	0.05130	0.02107	0.05074	0.01636	0.01840	0.01193	0.01793	0.00997	0.01629	0.00974	0.01252	0.02287	0.00316	0.66371	0.00643	0.00327	0.00815
87	0.69869	0.01459	0.01169	0.01025	0.01484	0.01680	0.00843	0.07461	0.01457	0.03419	0.01149	0.01314	0.00884	0.00713	0.00485	0.00227	0.00585	0.00435	0.03504	0.00837
88	0.01076	0.00790	0.01168	0.01168	0.01303	0.00916	0.00908	0.01346	0.01211	0.01775	0.02010	0.02909	0.01858	0.05337	0.67505	0.01143	0.01908	0.00790	0.04214	0.00664
89	0.02661	0.01340	0.01642	0.01299	0.01796	0.01279	0.01059	0.18068	0.02388	0.38789	0.09557	0.03263	0.11284	0.01099	0.00776	0.00231	0.00614	0.00896	0.00836	0.01123
90	0.01498	0.01393	0.02369	0.36892	0.24572	0.01543	0.05090	0.01936	0.01558	0.02117	0.01708	0.10125	0.01535	0.00896	0.00762	0.00243	0.00882	0.00838	0.03129	0.00914
91	0.06423	0.04604	0.02089	0.04815	0.04785	0.29208	0.01473	0.02405	0.05205	0.02024	0.01455	0.02167	0.01332	0.01036	0.01210	0.00252	0.21944	0.06303	0.00412	0.00858
92	0.75810	0.01539	0.04061	0.01025	0.01512	0.01668	0.00887	0.02189	0.01276	0.03289	0.01047	0.01222	0.00810	0.00690	0.00470	0.00230	0.00597	0.00408	0.00453	0.00817
93	0.01360	0.01277	0.04354	0.14200	0.05473	0.03494	0.04071	0.01647	0.01332	0.01867	0.01744	0.02797	0.01644	0.17755	0.18628	0.00580	0.10260	0.00783	0.06005	0.00730
94	0.02348	0.01456	0.01735	0.01290	0.01911	0.01286	0.01052	0.15509	0.02113	0.23550	0.01907	0.01891	0.01359	0.00732	0.00649	0.00169	0.00629	0.00580	0.00648	0.39187
95	0.19094	0.01939	0.16889	0.30255	0.08405	0.01660	0.01872	0.02232	0.03709	0.05327	0.01390	0.01754	0.01030	0.00733	0.00670	0.00238	0.00883	0.00587	0.00398	0.00937
96	0.01536	0.08416	0.35286	0.02430	0.18662	0.01642	0.02144	0.02147	0.01676	0.02404	0.11155	0.02506	0.02032	0.00872	0.00734	0.00230	0.00893	0.03791	0.00417	0.01027
97	0.06039	0.01310	0.01725	0.01327	0.01899	0.01171	0.01096	0.06673	0.02161	0.64196	0.02804	0.02443	0.01772	0.00909	0.00736	0.00229	0.00639	0.00730	0.00894	0.01247
98	0.00935	0.00680	0.00882	0.00988	0.01078	0.00627	0.00681	0.01118	0.01595	0.02145	0.18802	0.52853	0.10652	0.02109	0.00926	0.00282	0.00408	0.01895	0.00718	0.00627
99	0.06289	0.01408	0.06496	0.34046	0.03171	0.03673	0.01496	0.04595	0.01583	0.02245	0.05064	0.08684	0.01864	0.06932	0.00969	0.00277	0.00803	0.00830	0.08783	0.00792
100	0.00925	0.00661	0.00883	0.01042	0.01098	0.00619	0.00711	0.01075	0.01472	0.01970	0.07729	0.66891	0.05001	0.02269	0.00947	0.00299	0.00437	0.04664	0.00696	0.00612
101	0.01080	0.00720	0.00810	0.00810	0.00810	0.00720	0.00450	0.01080	0.01080	0.01439	0.02339	0.04858	0.02699	0.73910	0.03779	0.00720	0.00720	0.01080	0.00450	0.00450
102	0.01810	0.01748	0.03023	0.08301	0.63111	0.01762	0.04783	0.02261	0.01681	0.02394	0.01396	0.01852	0.01163	0.00665	0.00741	0.00223	0.00902	0.00670	0.00366	0.01149
103	0.01746	0.33080	0.36900	0.04665	0.02710	0.02250	0.02047	0.04874	0.01617	0.02174	0.01225	0.01436	0.00961	0.00685	0.00613	0.00203	0.00955	0.00495	0.00333	0.01032
104	0.01104	0.00782	0.01006	0.01093	0.01196	0.00767	0.00804	0.03792	0.01583	0.02115	0.10452	0.33429	0.04397	0.15893	0.01497	0.00382	0.00558	0.17862	0.00657	0.00631
105	0.11395	0.02363	0.05690	0.01928	0.10695	0.28281	0.01383	0.09775	0.02002	0.02504	0.04522	0.05749	0.08732	0.00977	0.00707	0.00219	0.00930	0.00747	0.00491	0.00911
106	0.01841	0.09303	0.04302	0.01499	0.05007	0.01614	0.01148	0.26345	0.02194	0.02924	0.02427	0.23480	0.02485	0.10621	0.01162	0.00303	0.00700	0.01117	0.00610	0.00918

[dist]
# distance from previous block
# <min> <max>
1	11

[block]
# block no. 3 follows, 27 sequences, length 36
# corresponding to MSA columns:
# 197-232
name=unknown_D
#
# <colnr> <probs for GDERKNQSTAVLIFYWHMCP>
#	G	D	E	R	K	N	Q	S	T	A	V	L	I	F	Y	W	H	M	C	P
0	0.14888	0.03507	0.07795	0.12763	0.02124	0.01229	0.01173	0.02028	0.01629	0.13040	0.09347	0.03116	0.12476	0.01116	0.00813	0.04284	0.00640	0.00824	0.06368	0.00840
1	0.01941	0.67546	0.03737	0.01445	0.05528	0.02795	0.01311	0.02191	0.01506	0.01782	0.01089	0.01293	0.01000	0.00830	0.03252	0.00203	0.00845	0.00427	0.00323	0.00953
2	0.02413	0.01475	0.01826	0.01652	0.08152	0.01459	0.01206	0.18581	0.09137	0.24897	0.08792	0.02754	0.05758	0.00974	0.00748	0.00221	0.00649	0.00803	0.00744	0.07761
3	0.01045	0.00733	0.00841	0.00839	0.00897	0.00722	0.00520	0.01113	0.01233	0.01625	0.06294	0.05084	0.13148	0.53535	0.08802	0.00663	0.00755	0.01144	0.00500	0.00507
4	0.01157	0.00894	0.01072	0.01003	0.01229	0.00878	0.00759	0.01771	0.12798	0.02865	0.49751	0.05310	0.14693	0.01484	0.00856	0.00239	0.00393	0.01291	0.00790	0.00768
5	0.00939	0.00668	0.00887	0.01050	0.01102	0.00631	0.00720	0.01079	0.01427	0.01898	0.03983	0.64136	0.04736	0.06176	0.01107	0.00328	0.00468	0.07387	0.00676	0.00602
6	0.02938	0.01408	0.01753	0.01397	0.01937	0.01369	0.01137	0.08831	0.17836	0.48694	0.02858	0.02524	0.01892	0.00938	0.00748	0.00234	0.00636	0.00762	0.00866	0.01242
7	0.01890	0.01616	0.01703	0.01520	0.01947	0.01867	0.01186	0.06768	0.65044	0.03176	0.02966	0.02725	0.02221	0.01002	0.00755	0.00250	0.00598	0.00832	0.00755	0.01179
8	0.01403	0.00833	0.01101	0.00999	0.01231	0.00758	0.00761	0.01733	0.02074	0.13446	0.55540	0.08175	0.06095	0.01460	0.00859	0.00236	0.00398	0.01284	0.00827	0.00785
9	0.00924	0.00706	0.00829	0.00893	0.01029	0.00633	0.00622	0.01091	0.01576	0.02022	0.12519	0.34183	0.30198	0.07878	0.01142	0.00308	0.00424	0.01727	0.00684	0.00611
10	0.66968	0.01487	0.01394	0.01541	0.12129	0.01681	0.01036	0.02197	0.01331	0.03188	0.01091	0.01305	0.00863	0.00685	0.00503	0.00228	0.00623	0.00443	0.00445	0.00863
11	0.03220	0.01239	0.01687	0.01302	0.01857	0.01072	0.01072	0.03510	0.02124	0.66535	0.06145	0.02674	0.02090	0.00948	0.00753	0.00230	0.00618	0.00776	0.00914	0.01236
12	0.01384	0.00692	0.00692	0.00692	0.00865	0.00692	0.00519	0.01730	0.01557	0.02768	0.02422	0.02768	0.01903	0.00865	0.00519	0.00173	0.00346	0.00692	0.78031	0.00692
13	0.05879	0.01377	0.01701	0.01353	0.01876	0.01334	0.01102	0.10761	0.11560	0.45709	0.07195	0.02627	0.02141	0.00960	0.00745	0.00232	0.00626	0.00777	0.00850	0.01195
14	0.01949	0.46410	0.13488	0.01778	0.08428	0.09842	0.01601	0.02299	0.01606	0.01928	0.01240	0.01611	0.01105	0.00719	0.00578	0.00187	0.00902	0.03011	0.00343	0.00975
15	0.01086	0.00762	0.00972	0.01079	0.01179	0.00743	0.00749	0.01398	0.07152	0.04175	0.06479	0.56660	0.04535	0.05839	0.01071	0.00315	0.00471	0.03968	0.00695	0.00671
16	0.16046	0.01727	0.17665	0.12472	0.02332	0.01297	0.01433	0.01926	0.01492	0.07139	0.05630	0.12307	0.02182	0.09852	0.01091	0.00307	0.00758	0.03020	0.00494	0.00830
17	0.06236	0.01297	0.01692	0.01312	0.01862	0.01172	0.01080	0.07529	0.02177	0.59441	0.06199	0.02582	0.02027	0.00939	0.00741	0.00229	0.00627	0.00759	0.00884	0.01216
18	0.00999	0.00696	0.00890	0.00989	0.01097	0.00635	0.00685	0.01169	0.01569	0.04289	0.12618	0.52884	0.14499	0.02113	0.00922	0.00283	0.00419	0.01890	0.00713	0.00640
19	0.09036	0.25914	0.18488	0.05857	0.12828	0.05738	0.01765	0.04407	0.01608	0.02250	0.01255	0.01541	0.01030	0.00938	0.04258	0.00255	0.00960	0.00522	0.00360	0.00991
20	0.01205	0.00718	0.00880	0.03546	0.01154	0.00740	0.00689	0.01467	0.01445	0.02299	0.02720	0.21385	0.02636	0.02025	0.11625	0.02691	0.00656	0.01080	0.40382	0.00658
21	0.79154	0.01436	0.01091	0.00976	0.01436	0.01665	0.00804	0.02182	0.01263	0.03331	0.01034	0.01206	0.00804	0.00689	0.00459	0.00230	0.00574	0.00402	0.00459	0.00804
22	0.01837	0.01764	0.03013	0.04557	0.69279	0.01764	0.02278	0.02278	0.01690	0.02425	0.01396	0.01837	0.01176	0.00661	0.00735	0.00220	0.00882	0.00661	0.00367	0.01176
23	0.01692	0.02022	0.07319	0.02951	0.03691	0.01802	0.59937	0.02305	0.01740	0.02356	0.01822	0.02262	0.04815	0.00698	0.00868	0.00250	0.01196	0.00898	0.00390	0.00985
24	0.00915	0.00754	0.00804	0.00792	0.01026	0.00643	0.00594	0.01139	0.01781	0.02217	0.20900	0.06796	0.55467	0.01801	0.00877	0.00247	0.00370	0.01518	0.00717	0.00643
25	0.01624	0.01624	0.02274	0.01949	0.01949	0.02274	0.01624	0.01787	0.01137	0.01787	0.00975	0.01624	0.00975	0.01299	0.02436	0.00325	0.72552	0.00650	0.00325	0.00812
26	0.10498	0.01314	0.01684	0.01305	0.01869	0.01197	0.01077	0.06160	0.02101	0.60732	0.02700	0.02370	0.01715	0.00896	0.00719	0.00229	0.00634	0.00711	0.00868	0.01220
27	0.01433	0.01368	0.02305	0.55701	0.04444	0.01683	0.06431	0.01874	0.01443	0.01893	0.01350	0.02099	0.01091	0.04783	0.01103	0.00282	0.08866	0.00697	0.00339	0.00815
28	0.00992	0.00801	0.00895	0.00913	0.01136	0.00726	0.00700	0.01315	0.05203	0.02209	0.14726	0.12379	0.44164	0.01844	0.00894	0.00264	0.00425	0.09037	0.00709	0.00670
29	0.00996	0.00730	0.00897	0.00936	0.01062	0.00677	0.00667	0.01198	0.01641	0.02186	0.23717	0.22983	0.17827	0.14367	0.01409	0.00347	0.00466	0.06591	0.00685	0.00617
30	0.01024	0.00805	0.00933	0.00904	0.01126	0.00737	0.00688	0.01397	0.05466	0.02522	0.35370	0.06227	0.33928	0.01674	0.00877	0.00247	0.00389	0.04241	0.00752	0.00693
31	0.11114	0.39976	0.08261	0.01446	0.02051	0.13423	0.01364	0.08069	0.01777	0.04811	0.01212	0.01348	0.00996	0.00701	0.00557	0.00186	0.00875	0.00459	0.00404	0.00971
32	0.50477	0.11103	0.13990	0.03748	0.02013	0.01842	0.03166	0.02214	0.01371	0.02877	0.01111	0.01319	0.00863	0.00685	0.00528	0.00223	0.00730	0.00450	0.00408	0.00882
33	0.01028	0.00741	0.00952	0.00929	0.01077	0.00687	0.00674	0.01316	0.01918	0.02680	0.53069	0.14033	0.08729	0.07516	0.01121	0.00282	0.00391	0.01426	0.00767	0.00665
34	0.08812	0.06409	0.55000	0.02073	0.06373	0.01750	0.02419	0.02370	0.01562	0.04758	0.01350	0.01565	0.00972	0.00706	0.00676	0.00230	0.01008	0.00541	0.00351	0.01074
35	0.01151	0.00780	0.00917	0.00922	0.01023	0.00775	0.00619	0.04602	0.01496	0.02090	0.10773	0.19951	0.07105	0.29946	0.05178	0.00475	0.00612	0.01288	0.09694	0.00604

[dist]
# distance from previous block
# <min> <max>
0	2

[block]
# block no. 4 follows, 27 sequences, length 60
# corresponding to MSA columns:
# 235-294
name=unknown_E
#
# <colnr> <probs for GDERKNQSTAVLIFYWHMCP>
#	G	D	E	R	K	N	Q	S	T	A	V	L	I	F	Y	W	H	M	C	P
0	0.01985	0.74357	0.03890	0.01270	0.01905	0.02937	0.01270	0.02223	0.01508	0.01747	0.01032	0.01191	0.00953	0.00635	0.00476	0.00159	0.00794	0.00397	0.00318	0.00953
1	0.02268	0.01839	0.02074	0.07215	0.07335	0.05022	0.01406	0.35539	0.09358	0.03540	0.01773	0.01926	0.01342	0.01127	0.05217	0.00274	0.00878	0.00656	0.00609	0.10603
2	0.01128	0.00871	0.01204	0.01330	0.08765	0.00815	0.00869	0.01479	0.02030	0.02854	0.57468	0.05228	0.10220	0.01444	0.00860	0.00233	0.00412	0.01280	0.00759	0.00749
3	0.00949	0.00678	0.00912	0.01085	0.01147	0.00641	0.00766	0.01111	0.01465	0.01945	0.04067	0.63510	0.04813	0.02284	0.00959	0.00308	0.00469	0.11587	0.00688	0.00615
4	0.23434	0.01633	0.01391	0.01206	0.01608	0.14505	0.00951	0.05155	0.01782	0.18758	0.02079	0.02144	0.04290	0.00913	0.00689	0.02796	0.00697	0.00621	0.14448	0.00900
5	0.02782	0.02060	0.02205	0.01700	0.02287	0.02283	0.01401	0.64226	0.06134	0.04614	0.01833	0.01823	0.01304	0.00896	0.00743	0.00224	0.00807	0.00675	0.00743	0.01259
6	0.02879	0.01987	0.02171	0.01664	0.02256	0.02166	0.01375	0.59686	0.03337	0.12014	0.01911	0.01866	0.01327	0.00894	0.00743	0.00224	0.00796	0.00677	0.00762	0.01263
7	0.00901	0.00660	0.00847	0.00995	0.01067	0.00606	0.00672	0.01038	0.01458	0.01910	0.04559	0.64401	0.13634	0.02265	0.00938	0.00295	0.00423	0.02036	0.00689	0.00606
8	0.01000	0.00757	0.00922	0.00881	0.01078	0.00679	0.00660	0.01303	0.01981	0.02692	0.50890	0.06014	0.25180	0.01624	0.00876	0.00239	0.00358	0.01408	0.00780	0.00679
9	0.02773	0.03538	0.02104	0.01913	0.02295	0.70930	0.01434	0.02964	0.02104	0.01817	0.01148	0.01339	0.00956	0.00765	0.00669	0.00191	0.01339	0.00478	0.00383	0.00861
10	0.01037	0.00735	0.00979	0.01108	0.01201	0.00710	0.00830	0.01243	0.01542	0.02055	0.10139	0.36980	0.04637	0.10722	0.01305	0.00358	0.00542	0.22584	0.00671	0.00621
11	0.01061	0.00795	0.01193	0.01193	0.01326	0.00928	0.00928	0.01326	0.01193	0.01723	0.01988	0.02916	0.01856	0.05568	0.70968	0.01193	0.01988	0.00795	0.00398	0.00663
12	0.56620	0.01436	0.01310	0.01103	0.01597	0.01571	0.00909	0.06555	0.01604	0.18988	0.01524	0.01551	0.01075	0.00756	0.00544	0.00229	0.00603	0.00499	0.00585	0.00940
13	0.01837	0.01764	0.03013	0.04557	0.69279	0.01764	0.02278	0.02278	0.01690	0.02425	0.01396	0.01837	0.01176	0.00661	0.00735	0.00220	0.00882	0.00661	0.00367	0.01176
14	0.11908	0.00793	0.00746	0.00730	0.00942	0.00824	0.00558	0.01791	0.01517	0.02844	0.02234	0.02556	0.01754	0.00841	0.00511	0.00181	0.00377	0.00653	0.67534	0.00707
15	0.76023	0.01462	0.01138	0.01006	0.01471	0.01691	0.00829	0.04833	0.01355	0.03386	0.01064	0.01230	0.00823	0.00697	0.00471	0.00229	0.00584	0.00413	0.00471	0.00823
16	0.01948	0.68215	0.06601	0.01335	0.01962	0.02857	0.01348	0.02209	0.01495	0.01774	0.01042	0.01226	0.00953	0.00667	0.00572	0.00169	0.03942	0.00414	0.00318	0.00953
17	0.00926	0.00656	0.00856	0.01002	0.01056	0.00611	0.00669	0.01035	0.01407	0.01859	0.04137	0.63083	0.09056	0.05241	0.01141	0.03598	0.00448	0.01969	0.00664	0.00587
18	0.01906	0.57531	0.03500	0.14803	0.02533	0.05479	0.01428	0.02191	0.01528	0.01778	0.01092	0.01347	0.00960	0.00661	0.00535	0.00177	0.00854	0.00450	0.00323	0.00925
19	0.10322	0.01975	0.04649	0.01587	0.02064	0.10118	0.01340	0.30660	0.09467	0.03464	0.02150	0.03021	0.01844	0.01081	0.00758	0.00246	0.00816	0.12757	0.00642	0.01040
20	0.03331	0.01263	0.01723	0.01321	0.01895	0.01091	0.01091	0.03618	0.02125	0.69794	0.02929	0.02527	0.01838	0.00919	0.00747	0.00230	0.00632	0.00747	0.00919	0.01263
21	0.05881	0.02219	0.02129	0.01841	0.06388	0.16583	0.01397	0.37118	0.02789	0.13730	0.01767	0.01781	0.01261	0.00846	0.00716	0.00217	0.00894	0.00629	0.00658	0.01154
22	0.04365	0.01350	0.02058	0.16336	0.02610	0.04246	0.11029	0.01743	0.01408	0.01961	0.01957	0.09087	0.04445	0.02225	0.18590	0.00500	0.14019	0.00882	0.00409	0.00780
23	0.01046	0.00769	0.00993	0.01009	0.01183	0.00715	0.00786	0.01355	0.01908	0.02599	0.41604	0.11795	0.14643	0.01745	0.00913	0.00264	0.00431	0.14800	0.00761	0.00679
24	0.00954	0.00682	0.00887	0.01002	0.01074	0.00640	0.00686	0.01116	0.01515	0.02036	0.13934	0.51704	0.07254	0.08769	0.01198	0.00330	0.00454	0.04471	0.00686	0.00608
25	0.08109	0.11398	0.07151	0.02033	0.09339	0.31053	0.01558	0.12019	0.02032	0.02442	0.01247	0.01463	0.01013	0.00780	0.00760	0.00209	0.05471	0.00526	0.00423	0.00974
26	0.01698	0.01460	0.02081	0.14041	0.05374	0.05676	0.11273	0.11191	0.01894	0.05137	0.02455	0.16992	0.02428	0.03931	0.00953	0.00281	0.00841	0.10869	0.00554	0.00870
27	0.04096	0.00871	0.01089	0.01168	0.01365	0.00863	0.00956	0.01568	0.05856	0.02367	0.14171	0.13821	0.14357	0.01855	0.00934	0.00297	0.00550	0.32409	0.00701	0.00704
28	0.14045	0.07953	0.04542	0.10305	0.22537	0.07578	0.08692	0.04979	0.03515	0.02506	0.01345	0.01673	0.01077	0.00691	0.00669	0.00215	0.00891	0.00595	0.00405	0.05787
29	0.01639	0.06408	0.51111	0.01949	0.02834	0.11049	0.02311	0.02327	0.01636	0.02240	0.04038	0.01763	0.01242	0.01043	0.05036	0.00285	0.01142	0.00580	0.00348	0.01016
30	0.01536	0.01183	0.01422	0.01074	0.01614	0.00928	0.00851	0.01868	0.01709	0.06759	0.17393	0.02548	0.02542	0.00802	0.00639	0.00147	0.00508	0.00672	0.00559	0.55248
31	0.02018	0.71404	0.03816	0.01297	0.01922	0.05772	0.01277	0.02254	0.01533	0.01750	0.01037	0.01197	0.00953	0.00641	0.00484	0.00160	0.00817	0.00400	0.00320	0.00949
32	0.02057	0.52755	0.13010	0.01479	0.02144	0.11915	0.01497	0.02379	0.01614	0.03685	0.01142	0.01301	0.00975	0.00670	0.00542	0.00176	0.00906	0.00439	0.00342	0.00969
33	0.01179	0.00909	0.01173	0.01111	0.01140	0.01061	0.00778	0.01268	0.01115	0.01568	0.02002	0.03818	0.02186	0.45144	0.18196	0.00748	0.14690	0.00936	0.00415	0.00565
34	0.02763	0.02023	0.02165	0.01666	0.02243	0.02236	0.01374	0.64136	0.03411	0.04600	0.01809	0.01823	0.01289	0.00890	0.00733	0.00221	0.00798	0.00669	0.03911	0.01239
35	0.00917	0.00653	0.00865	0.01022	0.01069	0.00611	0.00681	0.01051	0.01437	0.01924	0.06713	0.68202	0.04919	0.04811	0.01044	0.00313	0.00438	0.02042	0.00686	0.00602
36	0.02822	0.02079	0.02228	0.01708	0.02302	0.02302	0.01411	0.66804	0.03490	0.04679	0.01782	0.01782	0.01262	0.00891	0.00743	0.00223	0.00817	0.00668	0.00743	0.01262
37	0.03224	0.01359	0.01773	0.01367	0.01938	0.01242	0.01127	0.10060	0.04702	0.60697	0.02816	0.02460	0.01795	0.00919	0.00746	0.00230	0.00649	0.00742	0.00895	0.01260
38	0.00918	0.00655	0.00877	0.01049	0.01098	0.00614	0.00712	0.01057	0.01434	0.01910	0.04084	0.70483	0.04881	0.02313	0.00951	0.00303	0.00442	0.04923	0.00689	0.00607
39	0.00898	0.00753	0.00781	0.00774	0.01015	0.00636	0.00580	0.01106	0.01741	0.02122	0.14864	0.06953	0.61562	0.01837	0.00877	0.00249	0.00373	0.01540	0.00705	0.00636
40	0.02541	0.01882	0.02035	0.01616	0.02134	0.02077	0.01318	0.54655	0.07255	0.04227	0.02069	0.05127	0.01663	0.04051	0.00891	0.00254	0.00777	0.03533	0.00727	0.01171
41	0.64212	0.01402	0.01216	0.01044	0.01526	0.01552	0.00861	0.02465	0.01433	0.16428	0.01407	0.01466	0.01008	0.00734	0.00516	0.00230	0.00586	0.00470	0.00550	0.00895
42	0.01061	0.00792	0.01176	0.01176	0.01302	0.00919	0.00906	0.01315	0.01188	0.01710	0.02004	0.03004	0.01894	0.08660	0.67928	0.01172	0.01931	0.00808	0.00400	0.00653
43	0.05479	0.01429	0.01804	0.01387	0.01962	0.01347	0.01146	0.16027	0.02368	0.54991	0.02647	0.02341	0.01694	0.00907	0.00737	0.00228	0.00666	0.00721	0.00870	0.01250
44	0.02701	0.03181	0.02161	0.02025	0.06135	0.55555	0.01472	0.11784	0.04088	0.02283	0.01301	0.01468	0.01047	0.00783	0.00686	0.00199	0.01220	0.00525	0.00442	0.00943
45	0.05248	0.00932	0.01037	0.03040	0.01298	0.00945	0.00743	0.04087	0.05817	0.12999	0.06572	0.02781	0.02138	0.00912	0.00601	0.00196	0.00448	0.00735	0.48636	0.00835
46	0.71326	0.01536	0.01138	0.01023	0.01466	0.05903	0.00831	0.02212	0.01327	0.03215	0.01096	0.01277	0.00857	0.00701	0.00475	0.00225	0.00612	0.00418	0.03558	0.00803
47	0.01504	0.01423	0.02411	0.56313	0.20130	0.01676	0.02112	0.01986	0.01533	0.02020	0.01337	0.01946	0.01033	0.00723	0.00741	0.00241	0.00964	0.00660	0.00339	0.00907
48	0.01132	0.00810	0.01116	0.01243	0.01399	0.00794	0.01039	0.01449	0.01748	0.02325	0.16333	0.15915	0.04872	0.01983	0.00987	0.00316	0.00589	0.44563	0.00710	0.00677
49	0.02239	0.32256	0.02843	0.09665	0.02436	0.23472	0.01420	0.09326	0.05925	0.02177	0.01300	0.01485	0.01070	0.00737	0.00611	0.00191	0.00973	0.00507	0.00410	0.00956
