[name]
unknown

[dist]
# distance from previous block
# <min> <max>
7	19

[block]
# block no. 0 follows, 29 sequences, length 8
# corresponding to MSA columns:
# 19-26
name=unknown_A
#
# <colnr> <probs for GDERKNQSTAVLIFYWHMCP>
#	G	D	E	R	K	N	Q	S	T	A	V	L	I	F	Y	W	H	M	C	P
0	0.34541	0.01234	0.01095	0.01032	0.01304	0.05728	0.00766	0.05760	0.01425	0.04857	0.02026	0.19151	0.02103	0.14728	0.01176	0.00320	0.00607	0.00922	0.00518	0.00709
1	0.12392	0.04154	0.11058	0.01359	0.01943	0.01409	0.01253	0.12738	0.02039	0.36412	0.06474	0.02175	0.01728	0.00850	0.00675	0.00218	0.00674	0.00663	0.00696	0.01090
2	0.01140	0.00830	0.01034	0.01105	0.01244	0.00822	0.00815	0.09543	0.01672	0.02209	0.03825	0.51083	0.08220	0.01991	0.00891	0.00283	0.00493	0.11464	0.00667	0.00671
3	0.00967	0.00707	0.00908	0.00898	0.01049	0.00648	0.00658	0.01250	0.01860	0.02580	0.52263	0.18189	0.12110	0.01630	0.00853	0.00237	0.00352	0.01443	0.00750	0.00648
4	0.01633	0.01325	0.01523	0.01155	0.01708	0.01139	0.00917	0.13980	0.01810	0.02663	0.01657	0.10006	0.01508	0.00786	0.00606	0.00147	0.00561	0.00649	0.00503	0.55724
5	0.01170	0.00861	0.01091	0.01040	0.01170	0.00909	0.00757	0.07004	0.01613	0.02240	0.23519	0.14785	0.03859	0.18872	0.13709	0.00500	0.04503	0.01163	0.00586	0.00649
6	0.05568	0.01634	0.01766	0.01435	0.01883	0.01792	0.01155	0.44559	0.08904	0.03832	0.10638	0.09216	0.02311	0.01065	0.00737	0.00225	0.00661	0.00859	0.00706	0.01056
7	0.07499	0.01557	0.05873	0.01264	0.01846	0.01350	0.01076	0.13826	0.09748	0.06402	0.01687	0.04181	0.01345	0.00732	0.00609	0.00168	0.00611	0.00579	0.00534	0.39113

[dist]
# distance from previous block
# <min> <max>
2	7

[block]
# block no. 1 follows, 29 sequences, length 7
# corresponding to MSA columns:
# 34-40
name=unknown_B
#
# <colnr> <probs for GDERKNQSTAVLIFYWHMCP>
#	G	D	E	R	K	N	Q	S	T	A	V	L	I	F	Y	W	H	M	C	P
0	0.01921	0.01470	0.05986	0.01248	0.01792	0.01244	0.01064	0.14135	0.06390	0.13496	0.06990	0.04378	0.01834	0.00818	0.00646	0.00177	0.00594	0.00666	0.04514	0.30636
1	0.01544	0.01099	0.03621	0.03648	0.01566	0.01068	0.00997	0.01917	0.04002	0.14571	0.38150	0.03750	0.04199	0.01212	0.01005	0.00231	0.11011	0.00986	0.00681	0.04742
2	0.01168	0.00962	0.01063	0.01014	0.01220	0.04306	0.00758	0.01701	0.11597	0.02620	0.44062	0.11936	0.11920	0.01464	0.00821	0.00233	0.00425	0.01274	0.00730	0.00728
3	0.01068	0.00832	0.01158	0.01126	0.01259	0.00966	0.00883	0.01306	0.01231	0.01764	0.02599	0.03245	0.11561	0.04115	0.50011	0.00864	0.08944	0.00849	0.05571	0.00647
4	0.01894	0.01358	0.01593	0.01166	0.01778	0.01137	0.00943	0.11180	0.01815	0.12519	0.01549	0.01645	0.01178	0.00623	0.00580	0.00137	0.00574	0.00494	0.00528	0.57308
5	0.00863	0.00637	0.00809	0.00947	0.01021	0.00582	0.00641	0.00997	0.01407	0.01835	0.04472	0.63251	0.15616	0.02160	0.00898	0.00281	0.00404	0.01938	0.00661	0.00582
6	0.01606	0.01508	0.02162	0.24946	0.02886	0.01990	0.01673	0.08513	0.01428	0.02030	0.01121	0.01684	0.00968	0.01034	0.01646	0.00278	0.42722	0.00628	0.00354	0.00827

[dist]
# distance from previous block
# <min> <max>
0	1

[block]
# block no. 2 follows, 29 sequences, length 8
# corresponding to MSA columns:
# 42-49
name=unknown_C
#
# <colnr> <probs for GDERKNQSTAVLIFYWHMCP>
#	G	D	E	R	K	N	Q	S	T	A	V	L	I	F	Y	W	H	M	C	P
0	0.01419	0.01357	0.01912	0.01685	0.01711	0.01851	0.01383	0.01591	0.01115	0.01708	0.01278	0.05662	0.01295	0.02076	0.15525	0.00469	0.56153	0.00724	0.00343	0.00741
1	0.42071	0.07277	0.04030	0.10147	0.02013	0.01723	0.01100	0.11242	0.04468	0.03004	0.01304	0.01500	0.00999	0.00715	0.00538	0.00214	0.00653	0.00493	0.05646	0.00864
2	0.01180	0.00710	0.00949	0.01011	0.01136	0.00651	0.00711	0.01356	0.01548	0.10636	0.13956	0.54866	0.04649	0.01943	0.00874	0.00271	0.00425	0.01748	0.00707	0.00672
3	0.07186	0.01676	0.05461	0.03066	0.40574	0.01612	0.01764	0.05278	0.10187	0.13519	0.01758	0.01926	0.01330	0.00728	0.00691	0.00218	0.00760	0.00648	0.00502	0.01118
4	0.02021	0.01594	0.01826	0.06964	0.02174	0.01566	0.01162	0.31725	0.02316	0.03259	0.01466	0.01615	0.01117	0.00689	0.00625	0.00165	0.00676	0.00537	0.00545	0.37958
5	0.01564	0.01325	0.01595	0.08137	0.02043	0.01113	0.00996	0.07203	0.01624	0.02448	0.01302	0.01537	0.01057	0.00572	0.00560	0.00127	0.00589	0.00460	0.00435	0.65312
6	0.00957	0.00772	0.00842	0.00791	0.01027	0.00659	0.00580	0.01155	0.01604	0.02058	0.17044	0.05786	0.43905	0.10773	0.01159	0.00281	0.00414	0.01301	0.00631	0.08262
7	0.04797	0.01579	0.01891	0.01534	0.01885	0.01832	0.01265	0.26809	0.04335	0.15311	0.01736	0.01881	0.01293	0.00974	0.01180	0.00242	0.22804	0.00648	0.06985	0.01019

[dist]
# distance from previous block
# <min> <max>
0	1

[block]
# block no. 3 follows, 29 sequences, length 19
# corresponding to MSA columns:
# 51-69
name=unknown_D
#
# <colnr> <probs for GDERKNQSTAVLIFYWHMCP>
#	G	D	E	R	K	N	Q	S	T	A	V	L	I	F	Y	W	H	M	C	P
0	0.01446	0.01320	0.02136	0.67954	0.04704	0.01628	0.01931	0.06737	0.01566	0.02017	0.01299	0.01884	0.00969	0.00723	0.00712	0.00236	0.00937	0.00633	0.00346	0.00822
1	0.00891	0.00645	0.00842	0.00958	0.01034	0.00596	0.00656	0.01056	0.01495	0.02009	0.15909	0.58068	0.09070	0.02067	0.00892	0.00275	0.00396	0.01861	0.00683	0.00596
2	0.05457	0.01901	0.02054	0.01579	0.02143	0.02079	0.01305	0.59865	0.03152	0.10596	0.01786	0.01756	0.01247	0.00850	0.00703	0.00215	0.00759	0.00639	0.00718	0.01196
3	0.00870	0.00721	0.00750	0.00744	0.00964	0.00614	0.00550	0.01059	0.01638	0.02002	0.14132	0.06566	0.59543	0.05508	0.00984	0.00262	0.00375	0.01454	0.00663	0.00601
4	0.02642	0.01848	0.02001	0.01545	0.02085	0.02022	0.01272	0.59148	0.03130	0.08787	0.01826	0.01824	0.01291	0.00855	0.00697	0.00211	0.00740	0.00648	0.06257	0.01172
5	0.01224	0.00623	0.00918	0.00918	0.00918	0.00623	0.00606	0.00935	0.00935	0.01246	0.01301	0.02324	0.01323	0.07110	0.02837	0.74256	0.00623	0.00645	0.00317	0.00317
6	0.11669	0.01528	0.01768	0.01371	0.01916	0.01550	0.01132	0.27878	0.02442	0.38114	0.02187	0.02010	0.01441	0.00846	0.00684	0.00218	0.00667	0.00650	0.00767	0.01162
7	0.01363	0.01150	0.01809	0.54556	0.03904	0.01389	0.01629	0.03825	0.01494	0.02056	0.01589	0.05170	0.01281	0.00804	0.00681	0.00226	0.00807	0.00699	0.14797	0.00772
8	0.80005	0.01377	0.01047	0.00936	0.01377	0.01597	0.00771	0.02093	0.01212	0.03195	0.00991	0.01157	0.00771	0.00661	0.00441	0.00220	0.00551	0.00386	0.00441	0.00771
9	0.02635	0.05967	0.02090	0.01798	0.02188	0.64599	0.01368	0.07437	0.02091	0.01934	0.01140	0.01309	0.00938	0.00738	0.00640	0.00184	0.01229	0.00469	0.00389	0.00856
10	0.02403	0.02000	0.01931	0.01590	0.02076	0.11246	0.01271	0.36075	0.25124	0.05666	0.02060	0.01991	0.01510	0.00877	0.00707	0.00219	0.00771	0.00674	0.00676	0.01132
11	0.00877	0.00624	0.00824	0.00980	0.01019	0.00585	0.00648	0.00994	0.01345	0.01794	0.03832	0.70672	0.04593	0.06229	0.01058	0.00311	0.00428	0.01970	0.00648	0.00570
12	0.01380	0.01325	0.02259	0.63907	0.04611	0.01639	0.05763	0.01838	0.01414	0.01838	0.01251	0.01874	0.00956	0.00745	0.00840	0.00243	0.06355	0.00644	0.00319	0.00800
13	0.00978	0.00713	0.00920	0.00898	0.01053	0.00655	0.00662	0.01276	0.01902	0.02656	0.57176	0.14773	0.10510	0.01583	0.00849	0.00234	0.00348	0.01401	0.00759	0.00655
14	0.02556	0.01852	0.02002	0.01577	0.02113	0.02045	0.01289	0.51271	0.16140	0.08622	0.02015	0.01942	0.01436	0.00878	0.00715	0.00220	0.00729	0.00678	0.00726	0.01195
15	0.01058	0.00727	0.00925	0.00905	0.01070	0.00662	0.00662	0.01321	0.01812	0.05529	0.44439	0.18602	0.13969	0.03933	0.00935	0.00253	0.00377	0.01422	0.00738	0.00662
16	0.00969	0.00670	0.00789	0.00841	0.00870	0.00649	0.00511	0.01021	0.01178	0.01555	0.03107	0.26926	0.07764	0.47068	0.02579	0.00533	0.00581	0.01380	0.00519	0.00489
17	0.06305	0.01465	0.02310	0.41111	0.07532	0.01651	0.09367	0.11025	0.01767	0.08481	0.01471	0.01872	0.01071	0.00726	0.00711	0.00231	0.00897	0.00651	0.00434	0.00922
18	0.02013	0.01967	0.07008	0.04756	0.16000	0.09569	0.19474	0.06078	0.01776	0.11342	0.01517	0.01788	0.01142	0.00715	0.00820	0.00217	0.05395	0.00657	0.00445	0.07324

[dist]
# distance from previous block
# <min> <max>
0	14

[block]
# block no. 4 follows, 29 sequences, length 12
# corresponding to MSA columns:
# 84-95
name=unknown_E
#
# <colnr> <probs for GDERKNQSTAVLIFYWHMCP>
#	G	D	E	R	K	N	Q	S	T	A	V	L	I	F	Y	W	H	M	C	P
0	0.04989	0.05389	0.01446	0.01105	0.01482	0.01120	0.00885	0.05316	0.07638	0.23961	0.25599	0.03539	0.06940	0.03538	0.00828	0.00231	0.00513	0.00922	0.00733	0.03825
1	0.70212	0.01389	0.01144	0.00994	0.01450	0.01577	0.00819	0.05022	0.01373	0.08993	0.01176	0.01288	0.00874	0.00688	0.00476	0.00220	0.00565	0.00424	0.00490	0.00827
2	0.70528	0.01357	0.01121	0.00977	0.01431	0.01529	0.00805	0.02263	0.01314	0.11564	0.01216	0.01313	0.00893	0.00688	0.00475	0.00220	0.00558	0.00426	0.00495	0.00826
3	0.01707	0.01884	0.09144	0.18246	0.37208	0.04048	0.09924	0.05150	0.01668	0.02287	0.01339	0.01767	0.01061	0.00664	0.00718	0.00221	0.00941	0.00643	0.00358	0.01024
4	0.01155	0.00761	0.00999	0.00921	0.01115	0.00697	0.00697	0.01487	0.02017	0.07457	0.65612	0.05124	0.06384	0.01417	0.00831	0.00224	0.00354	0.01249	0.00790	0.00708
5	0.00984	0.00710	0.00931	0.00912	0.01059	0.00656	0.00670	0.01285	0.01906	0.02682	0.59063	0.16909	0.06382	0.01586	0.00851	0.00235	0.00349	0.01411	0.00763	0.00656
6	0.01604	0.03558	0.58795	0.02052	0.02997	0.10999	0.05688	0.02334	0.01580	0.02188	0.01262	0.01495	0.00913	0.00680	0.00680	0.00221	0.01090	0.00533	0.00312	0.01018
7	0.01000	0.00722	0.00945	0.00901	0.01062	0.00667	0.00671	0.01324	0.01980	0.02798	0.66503	0.09137	0.06608	0.01498	0.00844	0.00228	0.00340	0.01328	0.00777	0.00667
8	0.01721	0.01661	0.02697	0.20655	0.48172	0.03909	0.04156	0.04415	0.01648	0.02260	0.01330	0.01783	0.01080	0.00663	0.00709	0.00218	0.00894	0.00635	0.00357	0.01035
9	0.00865	0.00628	0.00818	0.00969	0.01027	0.00580	0.00651	0.00994	0.01384	0.01826	0.04193	0.68988	0.10059	0.02196	0.00903	0.00285	0.00409	0.01982	0.00661	0.00580
10	0.19010	0.06693	0.01922	0.07265	0.02162	0.03988	0.01226	0.31327	0.08036	0.09234	0.01647	0.01697	0.01195	0.00793	0.00636	0.00215	0.00727	0.00583	0.00600	0.01044
11	0.36875	0.02062	0.04230	0.01331	0.01772	0.21038	0.01092	0.12425	0.01844	0.02928	0.07121	0.01650	0.01398	0.00780	0.00582	0.00210	0.00790	0.00529	0.00486	0.00856

[dist]
# distance from previous block
# <min> <max>
1	3

[block]
# block no. 5 follows, 29 sequences, length 7
# corresponding to MSA columns:
# 99-105
name=unknown_F
#
# <colnr> <probs for GDERKNQSTAVLIFYWHMCP>
#	G	D	E	R	K	N	Q	S	T	A	V	L	I	F	Y	W	H	M	C	P
0	0.04955	0.49232	0.11627	0.01432	0.02020	0.12291	0.01417	0.02221	0.01504	0.01817	0.01038	0.01232	0.00909	0.00675	0.00621	0.00178	0.05186	0.00424	0.00319	0.00905
1	0.43554	0.05786	0.09882	0.01192	0.01757	0.01597	0.01108	0.07624	0.01559	0.11391	0.01332	0.01427	0.00978	0.00691	0.00534	0.00207	0.00647	0.00467	0.00491	0.07776
2	0.09792	0.16276	0.51795	0.01769	0.02678	0.01856	0.02182	0.02216	0.01463	0.02250	0.01196	0.01402	0.00890	0.00663	0.00612	0.00212	0.00947	0.00485	0.00316	0.00998
3	0.00992	0.00844	0.00876	0.00870	0.01091	0.03080	0.00659	0.01280	0.04326	0.02157	0.19483	0.09771	0.45056	0.01694	0.00841	0.00243	0.00414	0.04998	0.00679	0.00646
4	0.07679	0.23542	0.02333	0.01378	0.01872	0.08349	0.01176	0.22800	0.05449	0.02769	0.01450	0.01633	0.01175	0.01298	0.09412	0.00303	0.00918	0.00540	0.00485	0.05439
5	0.02078	0.49956	0.13877	0.01354	0.02021	0.02296	0.01406	0.02408	0.01569	0.15088	0.01384	0.01445	0.01075	0.00672	0.00541	0.00177	0.00777	0.00468	0.00415	0.00993
6	0.02814	0.01390	0.01604	0.01275	0.01767	0.08488	0.01030	0.03088	0.02008	0.52916	0.10142	0.02586	0.02199	0.00914	0.00714	0.00212	0.00643	0.00740	0.00795	0.04675

[dist]
# distance from previous block
# <min> <max>
0	1

[block]
# block no. 6 follows, 29 sequences, length 22
# corresponding to MSA columns:
# 107-128
name=unknown_G
#
# <colnr> <probs for GDERKNQSTAVLIFYWHMCP>
#	G	D	E	R	K	N	Q	S	T	A	V	L	I	F	Y	W	H	M	C	P
0	0.01538	0.03773	0.05629	0.26232	0.10362	0.03914	0.23317	0.02010	0.01508	0.02011	0.01359	0.01899	0.01080	0.01109	0.07279	0.00317	0.04747	0.00695	0.00341	0.00880
1	0.01227	0.00645	0.00959	0.03385	0.01053	0.00656	0.00652	0.00965	0.00952	0.01266	0.01305	0.02322	0.01317	0.07264	0.02769	0.71328	0.00635	0.00647	0.00318	0.00334
2	0.01345	0.01266	0.02136	0.73264	0.04904	0.01582	0.01978	0.01819	0.01424	0.01819	0.01266	0.01898	0.00949	0.00712	0.00712	0.00237	0.00949	0.00633	0.00316	0.00791
3	0.01416	0.01339	0.02265	0.61463	0.16146	0.01601	0.02013	0.01882	0.01458	0.01906	0.01278	0.01875	0.00980	0.00699	0.00711	0.00233	0.00932	0.00633	0.00323	0.00849
4	0.00899	0.00767	0.00838	0.00909	0.03828	0.00660	0.00648	0.01099	0.01624	0.01954	0.06746	0.06724	0.63047	0.01767	0.00845	0.00245	0.00400	0.05724	0.00648	0.00626
5	0.02818	0.01250	0.04523	0.01248	0.01768	0.01021	0.01062	0.03126	0.02012	0.58711	0.12017	0.02783	0.02408	0.00952	0.00731	0.00221	0.00588	0.00787	0.00843	0.01131
6	0.01017	0.00763	0.01144	0.01144	0.01272	0.00890	0.00890	0.01272	0.01144	0.01653	0.01907	0.02797	0.01780	0.05340	0.72153	0.01144	0.01907	0.00763	0.00381	0.00636
7	0.64795	0.01428	0.01218	0.01041	0.01506	0.01613	0.00858	0.09285	0.01515	0.09463	0.01233	0.01330	0.00908	0.00702	0.00495	0.00220	0.00581	0.00443	0.00510	0.00858
8	0.02728	0.01960	0.02116	0.01622	0.02191	0.02158	0.01340	0.65338	0.03291	0.07390	0.01758	0.01741	0.01235	0.00856	0.00712	0.00214	0.00776	0.00644	0.00720	0.01211
9	0.01014	0.00732	0.00961	0.00915	0.01083	0.00679	0.00694	0.01350	0.01998	0.02822	0.67059	0.05446	0.06596	0.01480	0.00847	0.00229	0.00351	0.04296	0.00778	0.00671
10	0.02407	0.01671	0.01846	0.01480	0.01985	0.01808	0.01199	0.35613	0.21430	0.13840	0.05107	0.02227	0.01792	0.00905	0.00716	0.00219	0.00669	0.00719	0.00735	0.03633
11	0.01477	0.01266	0.01477	0.01055	0.01687	0.00949	0.00844	0.01793	0.01477	0.02320	0.01266	0.01477	0.01055	0.00527	0.00527	0.00105	0.00527	0.00422	0.00422	0.79328
12	0.01034	0.00697	0.00810	0.00810	0.00821	0.00708	0.00473	0.01057	0.01045	0.01405	0.02213	0.04491	0.02516	0.68683	0.09817	0.00731	0.00800	0.01011	0.00427	0.00450
13	0.03195	0.01212	0.01652	0.01267	0.01818	0.01047	0.01047	0.03470	0.02038	0.71026	0.02809	0.02424	0.01763	0.00881	0.00716	0.00220	0.00606	0.00716	0.00881	0.01212
14	0.00980	0.00748	0.01015	0.01120	0.01176	0.00783	0.00815	0.01140	0.01391	0.01883	0.06122	0.56192	0.04309	0.02064	0.01069	0.00294	0.08319	0.09341	0.00627	0.00613
15	0.00879	0.00625	0.00823	0.00976	0.01015	0.00586	0.00645	0.00995	0.01340	0.01787	0.03805	0.69553	0.04559	0.07394	0.01102	0.00318	0.00433	0.01954	0.00645	0.00568
16	0.01688	0.01900	0.04083	0.03125	0.09759	0.01791	0.62005	0.02272	0.01675	0.02285	0.01431	0.01906	0.01085	0.00603	0.00828	0.00238	0.01168	0.00822	0.00359	0.00976
17	0.02700	0.02187	0.02121	0.01665	0.02207	0.11834	0.01357	0.59166	0.03165	0.04110	0.01626	0.01651	0.01171	0.00838	0.00703	0.00210	0.00852	0.00616	0.00665	0.01158
18	0.01373	0.01294	0.02186	0.68668	0.09283	0.01589	0.01991	0.01844	0.01437	0.01853	0.01271	0.01889	0.00961	0.00707	0.00711	0.00236	0.00942	0.00633	0.00319	0.00813
19	0.01560	0.01485	0.02525	0.37737	0.38748	0.01639	0.02085	0.02008	0.01526	0.02081	0.01304	0.01828	0.01041	0.00672	0.00708	0.00224	0.00896	0.00634	0.00335	0.00965
20	0.02402	0.02742	0.02075	0.01813	0.02123	0.44794	0.01416	0.12397	0.01995	0.02149	0.01152	0.01414	0.00966	0.00875	0.01060	0.00219	0.18604	0.00526	0.00406	0.00872
21	0.02470	0.01659	0.01833	0.01459	0.01947	0.01790	0.01194	0.46316	0.05567	0.12230	0.02117	0.04965	0.01624	0.00958	0.00712	0.00219	0.00693	0.03340	0.07797	0.01112

[dist]
# distance from previous block
# <min> <max>
1	10

[block]
# block no. 7 follows, 29 sequences, length 28
# corresponding to MSA columns:
# 139-166
name=unknown_H
#
# <colnr> <probs for GDERKNQSTAVLIFYWHMCP>
#	G	D	E	R	K	N	Q	S	T	A	V	L	I	F	Y	W	H	M	C	P
0	0.04551	0.01533	0.01607	0.01303	0.01781	0.04814	0.01033	0.22528	0.11133	0.05206	0.02251	0.09627	0.05367	0.00959	0.00676	0.00195	0.00630	0.00776	0.00602	0.23428
1	0.02483	0.01878	0.01935	0.01518	0.02043	0.06852	0.01228	0.45198	0.07070	0.08615	0.01799	0.01893	0.01334	0.03974	0.00813	0.00223	0.00762	0.00638	0.00659	0.09084
2	0.01479	0.01163	0.01494	0.10634	0.02017	0.01028	0.01007	0.01774	0.01473	0.07004	0.01818	0.14173	0.01715	0.00901	0.00708	0.00171	0.03679	0.00755	0.00477	0.46529
3	0.01159	0.00868	0.01201	0.01155	0.01292	0.01001	0.00884	0.06050	0.01286	0.01822	0.01906	0.02928	0.01820	0.14242	0.55478	0.00989	0.04071	0.00786	0.00410	0.00654
4	0.01971	0.09454	0.05701	0.02412	0.13764	0.20573	0.13339	0.04452	0.01655	0.02034	0.01181	0.01546	0.00994	0.00795	0.01045	0.00226	0.16991	0.00593	0.00354	0.00920
5	0.05035	0.01295	0.03722	0.01326	0.04544	0.02797	0.01020	0.05498	0.09560	0.20916	0.10285	0.11837	0.06460	0.01101	0.00722	0.00216	0.00569	0.00929	0.00671	0.11497
6	0.02014	0.35729	0.20635	0.01594	0.02289	0.09491	0.04770	0.04394	0.01654	0.09443	0.01315	0.01443	0.01020	0.00676	0.00587	0.00188	0.00895	0.00492	0.00387	0.00984
7	0.09430	0.00698	0.00933	0.00933	0.00982	0.00718	0.00637	0.01054	0.00988	0.01482	0.01401	0.07179	0.01434	0.02267	0.02406	0.65443	0.00597	0.00694	0.00348	0.00376
8	0.01345	0.00761	0.01048	0.00988	0.01074	0.00752	0.00687	0.05703	0.01150	0.01559	0.01355	0.04330	0.01330	0.02215	0.02420	0.65685	0.00617	0.00650	0.00356	0.05973
9	0.01585	0.06294	0.61060	0.02032	0.05509	0.01659	0.02445	0.02333	0.01543	0.07102	0.01377	0.01564	0.00972	0.00687	0.00672	0.00222	0.01001	0.00538	0.00344	0.01061
10	0.01227	0.01079	0.01425	0.01340	0.01443	0.04582	0.01059	0.01445	0.01169	0.01662	0.01645	0.02492	0.01563	0.06663	0.49283	0.00880	0.19283	0.00724	0.00366	0.00672
11	0.00977	0.00716	0.00917	0.00889	0.01051	0.00655	0.00658	0.01276	0.01910	0.02658	0.57198	0.12686	0.12613	0.01570	0.00847	0.00232	0.00346	0.01385	0.00759	0.00655
12	0.01277	0.00834	0.01080	0.01143	0.01352	0.00794	0.00939	0.01594	0.03845	0.09258	0.04369	0.16998	0.17406	0.01827	0.00907	0.00290	0.00551	0.34148	0.00683	0.00706
13	0.01484	0.08887	0.60760	0.02049	0.03041	0.01753	0.07869	0.02248	0.01514	0.02214	0.01270	0.01511	0.00917	0.00665	0.00674	0.00221	0.01043	0.00541	0.00306	0.01034
14	0.01017	0.00763	0.01144	0.01144	0.01272	0.00890	0.00890	0.01272	0.01144	0.01653	0.01907	0.02797	0.01780	0.05340	0.72153	0.01144	0.01907	0.00763	0.00381	0.00636
15	0.02707	0.01995	0.02137	0.01638	0.02208	0.02208	0.01353	0.68159	0.03348	0.04488	0.01710	0.01710	0.01211	0.00855	0.00712	0.00214	0.00784	0.00641	0.00712	0.01211
16	0.01696	0.01624	0.02770	0.15370	0.60055	0.01674	0.02152	0.02127	0.01590	0.02245	0.01328	0.01784	0.01099	0.00647	0.00706	0.00216	0.00862	0.00634	0.00347	0.01074
17	0.01702	0.44940	0.32425	0.01563	0.02360	0.02323	0.01818	0.02184	0.01471	0.01922	0.01112	0.01296	0.00909	0.00638	0.00550	0.00183	0.00885	0.00443	0.00303	0.00973
18	0.00842	0.00721	0.00721	0.00721	0.00962	0.00601	0.00541	0.01022	0.01623	0.01924	0.07213	0.06853	0.70244	0.01803	0.00842	0.00240	0.00361	0.01503	0.00661	0.00601
19	0.06199	0.02473	0.02123	0.02056	0.11615	0.30361	0.01442	0.27265	0.04729	0.02965	0.01419	0.01551	0.01093	0.00770	0.00670	0.00202	0.00976	0.00560	0.00510	0.01020
20	0.02566	0.01770	0.01950	0.01532	0.02045	0.01917	0.01249	0.54416	0.03004	0.11136	0.02055	0.09380	0.01633	0.01001	0.00733	0.00222	0.00726	0.00793	0.00725	0.01145
21	0.00888	0.00633	0.00838	0.00975	0.01028	0.00592	0.00655	0.01030	0.01421	0.01912	0.10781	0.65035	0.04851	0.04500	0.00989	0.00295	0.00414	0.01916	0.00666	0.00583
22	0.00865	0.00630	0.00815	0.00963	0.01025	0.00581	0.00648	0.00995	0.01390	0.01829	0.04268	0.67451	0.11548	0.02186	0.00902	0.00284	0.00408	0.01970	0.00661	0.00581
23	0.48386	0.03750	0.01453	0.01156	0.01621	0.01754	0.00955	0.22177	0.01928	0.03519	0.06204	0.01625	0.01339	0.00776	0.00553	0.00217	0.00613	0.00528	0.00544	0.00902
24	0.07825	0.19733	0.02300	0.01552	0.01983	0.37041	0.01256	0.08730	0.04195	0.02183	0.04463	0.01526	0.01252	0.00764	0.00640	0.00188	0.02560	0.00507	0.00421	0.00881
25	0.01798	0.01529	0.02198	0.16472	0.02797	0.01562	0.12367	0.15546	0.09742	0.04779	0.01708	0.04265	0.01341	0.00762	0.00696	0.00202	0.00781	0.00686	0.00505	0.20264
26	0.01632	0.04062	0.05077	0.03592	0.54108	0.01581	0.01913	0.02081	0.03656	0.02290	0.03817	0.02424	0.09069	0.00798	0.00715	0.00215	0.00774	0.00742	0.00406	0.01047
27	0.02265	0.01646	0.01815	0.01451	0.01918	0.01766	0.01169	0.48481	0.02832	0.05512	0.06879	0.12564	0.02115	0.01081	0.00740	0.00220	0.00680	0.00878	0.00698	0.05289

[dist]
# distance from previous block
# <min> <max>
0	1

[block]
# block no. 8 follows, 29 sequences, length 60
# corresponding to MSA columns:
# 168-227
name=unknown_I
#
# <colnr> <probs for GDERKNQSTAVLIFYWHMCP>
#	G	D	E	R	K	N	Q	S	T	A	V	L	I	F	Y	W	H	M	C	P
0	0.04612	0.01353	0.01534	0.04341	0.01829	0.01372	0.01027	0.18229	0.13443	0.06926	0.02509	0.13822	0.05973	0.01063	0.00701	0.00209	0.00591	0.00886	0.00620	0.18958
1	0.01819	0.01321	0.01551	0.01149	0.01749	0.01099	0.00924	0.06106	0.06753	0.12412	0.01637	0.01716	0.01250	0.00631	0.00580	0.00139	0.00557	0.00506	0.00528	0.57573
2	0.08062	0.13768	0.04203	0.10116	0.04785	0.05945	0.03525	0.17979	0.07729	0.12038	0.03960	0.01873	0.01405	0.00788	0.00655	0.00210	0.00777	0.00616	0.00548	0.01016
3	0.01949	0.01522	0.01704	0.01297	0.01855	0.01453	0.01045	0.29861	0.02261	0.03198	0.01669	0.07474	0.01416	0.00804	0.00637	0.00166	0.00627	0.00644	0.00564	0.39853
4	0.01217	0.00804	0.00998	0.00976	0.01185	0.00746	0.00740	0.01560	0.05354	0.09302	0.28069	0.19134	0.19035	0.01639	0.00846	0.00249	0.00420	0.06282	0.00730	0.00716
5	0.00853	0.00716	0.00728	0.00733	0.00954	0.00605	0.00539	0.01022	0.01583	0.01891	0.06839	0.09006	0.64445	0.05712	0.00992	0.00266	0.00380	0.01495	0.00649	0.00591
6	0.01583	0.16845	0.56145	0.01851	0.02802	0.01846	0.02309	0.02279	0.01513	0.04770	0.01283	0.01472	0.00937	0.00672	0.00637	0.00212	0.00982	0.00507	0.00324	0.01033
7	0.01904	0.75404	0.03731	0.01218	0.01828	0.02818	0.01218	0.02132	0.01447	0.01675	0.00990	0.01142	0.00914	0.00609	0.00457	0.00152	0.00761	0.00381	0.00305	0.00914
8	0.01577	0.01287	0.01504	0.01081	0.01709	0.00993	0.00867	0.03963	0.01556	0.04831	0.01335	0.01518	0.01085	0.00550	0.00540	0.00113	0.00538	0.00439	0.00447	0.74068
9	0.05900	0.01690	0.02553	0.09318	0.53034	0.06237	0.01951	0.02124	0.01595	0.02264	0.01452	0.05996	0.01292	0.00743	0.00699	0.00217	0.00842	0.00691	0.00373	0.01030
10	0.01948	0.02094	0.19374	0.01709	0.04804	0.01688	0.01571	0.20263	0.20049	0.07788	0.02207	0.07263	0.01772	0.00969	0.00730	0.00234	0.00753	0.03099	0.00604	0.01081
11	0.00975	0.00718	0.00892	0.00862	0.01020	0.00657	0.00629	0.01245	0.01830	0.02517	0.50286	0.09196	0.16720	0.08018	0.01089	0.00271	0.00375	0.01340	0.00726	0.00634
12	0.00902	0.00668	0.00842	0.00916	0.01028	0.00608	0.00642	0.01094	0.01591	0.02123	0.22806	0.43118	0.17170	0.01939	0.00878	0.00262	0.00382	0.01726	0.00695	0.00608
13	0.01799	0.01957	0.06039	0.07652	0.32561	0.11253	0.10305	0.02435	0.10367	0.02278	0.01642	0.02162	0.01363	0.00764	0.00730	0.00224	0.00921	0.04118	0.00415	0.01014
14	0.01726	0.02057	0.14843	0.11628	0.27798	0.09594	0.01861	0.04208	0.01713	0.05081	0.05502	0.02305	0.06967	0.00819	0.00712	0.00218	0.00869	0.00703	0.00421	0.00976
15	0.09349	0.13069	0.01674	0.04688	0.01649	0.03306	0.00957	0.04367	0.06695	0.13818	0.21744	0.03338	0.10434	0.01073	0.00695	0.00214	0.00561	0.00871	0.00635	0.00863
16	0.01741	0.07331	0.52384	0.01895	0.04598	0.01605	0.02232	0.02420	0.01586	0.12928	0.01501	0.01632	0.01048	0.00698	0.00666	0.00216	0.00943	0.00547	0.00397	0.03633
17	0.01548	0.03338	0.61084	0.05608	0.05381	0.01613	0.02482	0.02308	0.01537	0.06619	0.01377	0.01590	0.00967	0.00690	0.00682	0.00225	0.01012	0.00547	0.00340	0.01052
18	0.01470	0.01266	0.01512	0.04898	0.01859	0.00983	0.00904	0.01794	0.01474	0.02294	0.01266	0.01499	0.01049	0.00537	0.00537	0.00112	0.00550	0.00433	0.00416	0.75148
19	0.01749	0.01406	0.01535	0.01390	0.01767	0.01577	0.01103	0.08161	0.48614	0.05251	0.05483	0.03495	0.05359	0.01128	0.00763	0.00248	0.00576	0.08635	0.00720	0.01041
20	0.01842	0.01264	0.01277	0.01094	0.01410	0.03603	0.00856	0.23509	0.07993	0.03176	0.02129	0.02419	0.01670	0.05153	0.00774	0.00219	0.00551	0.00684	0.39505	0.00874
21	0.00979	0.00708	0.00904	0.01015	0.01100	0.00678	0.00697	0.04908	0.01515	0.02019	0.06648	0.64993	0.06947	0.02104	0.00892	0.00280	0.00430	0.01895	0.00669	0.00620
22	0.01742	0.01671	0.02853	0.07801	0.67265	0.01686	0.02175	0.02167	0.01612	0.02301	0.01336	0.01769	0.01119	0.00638	0.00705	0.00213	0.00851	0.00634	0.00351	0.01111
23	0.03195	0.01212	0.01652	0.01267	0.01818	0.01047	0.01047	0.03470	0.02038	0.71026	0.02809	0.02424	0.01763	0.00881	0.00716	0.00220	0.00606	0.00716	0.00881	0.01212
24	0.03195	0.01212	0.01652	0.01267	0.01818	0.01047	0.01047	0.03470	0.02038	0.71026	0.02809	0.02424	0.01763	0.00881	0.00716	0.00220	0.00606	0.00716	0.00881	0.01212
25	0.01237	0.00618	0.00928	0.00928	0.00928	0.00618	0.00618	0.00928	0.00928	0.01237	0.01237	0.02165	0.01237	0.02474	0.02783	0.79283	0.00618	0.00618	0.00309	0.00309
26	0.04199	0.12432	0.60546	0.01892	0.02869	0.01795	0.02393	0.02234	0.01486	0.02216	0.01233	0.01447	0.00899	0.00668	0.00641	0.00216	0.00999	0.00503	0.00306	0.01026
27	0.00873	0.00624	0.00832	0.00987	0.01034	0.00582	0.00661	0.01006	0.01391	0.01862	0.06726	0.71584	0.04795	0.02198	0.00906	0.00286	0.00410	0.01993	0.00666	0.00582
28	0.01030	0.00737	0.00999	0.01150	0.01264	0.00718	0.00916	0.01263	0.01509	0.01974	0.03865	0.32251	0.06356	0.05458	0.01075	0.00328	0.00559	0.37286	0.00647	0.00615
29	0.01456	0.07910	0.67305	0.01982	0.03008	0.01722	0.02548	0.02248	0.01500	0.02221	0.01261	0.01482	0.00903	0.00673	0.00664	0.00221	0.01035	0.00518	0.00301	0.01044
30	0.00985	0.00769	0.00893	0.00936	0.01135	0.00703	0.00730	0.03335	0.01665	0.02092	0.09453	0.17495	0.39107	0.01856	0.00880	0.00266	0.00447	0.15948	0.00669	0.00634
31	0.01036	0.00690	0.00777	0.00777	0.00777	0.00690	0.00431	0.01036	0.01036	0.01381	0.02244	0.04660	0.02589	0.74975	0.03624	0.00690	0.00690	0.01036	0.00431	0.00431
32	0.01018	0.00759	0.01123	0.01123	0.01243	0.00878	0.00863	0.01258	0.01138	0.01637	0.01927	0.02906	0.01827	0.09385	0.68173	0.01118	0.01837	0.00779	0.00384	0.00624
33	0.02577	0.01078	0.01440	0.01150	0.01601	0.00937	0.00932	0.02857	0.02000	0.52131	0.16233	0.03349	0.08346	0.01068	0.00750	0.00223	0.00533	0.00892	0.00844	0.01057
34	0.01890	0.65341	0.10226	0.01324	0.01966	0.05678	0.01362	0.02175	0.01477	0.01735	0.01023	0.01183	0.00913	0.00621	0.00486	0.00161	0.00812	0.00398	0.00307	0.00923
35	0.01762	0.01692	0.02890	0.04371	0.70533	0.01692	0.02185	0.02185	0.01621	0.02326	0.01339	0.01762	0.01128	0.00634	0.00705	0.00211	0.00846	0.00634	0.00352	0.01128
36	0.01525	0.01644	0.05331	0.02249	0.02782	0.01542	0.37977	0.02188	0.09869	0.02267	0.02035	0.12889	0.01850	0.00966	0.00887	0.00246	0.04315	0.03439	0.00460	0.05539
37	0.02466	0.01712	0.01846	0.01445	0.01933	0.01867	0.01178	0.52670	0.02924	0.07415	0.01874	0.01996	0.01381	0.03678	0.00792	0.00225	0.00705	0.00663	0.12130	0.01101
38	0.01583	0.05995	0.03574	0.02547	0.03111	0.01745	0.49685	0.02062	0.01574	0.02137	0.01672	0.10740	0.01502	0.00860	0.00965	0.00248	0.07780	0.00939	0.00389	0.00894
39	0.07149	0.01636	0.01835	0.01434	0.01953	0.01724	0.01172	0.39075	0.05405	0.20786	0.01949	0.01914	0.01360	0.00938	0.00813	0.04872	0.00697	0.00643	0.00705	0.03940
40	0.01237	0.00618	0.00928	0.00928	0.00928	0.00618	0.00618	0.00928	0.00928	0.01237	0.01237	0.02165	0.01237	0.02474	0.02783	0.79283	0.00618	0.00618	0.00309	0.00309
41	0.00899	0.00705	0.00912	0.00961	0.01100	0.00632	0.03036	0.01047	0.01458	0.01856	0.04984	0.44273	0.29034	0.02020	0.00940	0.02743	0.00428	0.01742	0.00639	0.00592
42	0.01510	0.01353	0.01470	0.01097	0.01679	0.05121	0.00864	0.01807	0.01502	0.02256	0.01414	0.05803	0.01264	0.00641	0.00557	0.00121	0.00565	0.00519	0.00433	0.70024
43	0.01428	0.03683	0.71286	0.02030	0.03082	0.01654	0.02631	0.02255	0.01503	0.02255	0.01278	0.01503	0.00902	0.00677	0.00677	0.00226	0.01052	0.00526	0.00301	0.01052
44	0.01359	0.01294	0.02224	0.70249	0.04854	0.01591	0.04808	0.01839	0.01435	0.01839	0.01273	0.01899	0.00955	0.00707	0.00717	0.00237	0.00960	0.00642	0.00318	0.00798
45	0.00881	0.00633	0.00839	0.00998	0.01052	0.00591	0.00681	0.01017	0.01386	0.01837	0.04030	0.68864	0.06942	0.02203	0.00910	0.00289	0.00423	0.05179	0.00661	0.00583
46	0.01009	0.00764	0.01073	0.01005	0.01179	0.00705	0.03798	0.01314	0.01871	0.02613	0.53067	0.17493	0.08255	0.01565	0.00852	0.00237	0.00391	0.01405	0.00738	0.00666
47	0.01899	0.73119	0.03705	0.01316	0.03957	0.02783	0.01248	0.02134	0.01452	0.01695	0.01001	0.01161	0.00920	0.00610	0.00465	0.00154	0.00764	0.00389	0.00306	0.00920
48	0.01237	0.00618	0.00928	0.00928	0.00928	0.00618	0.00618	0.00928	0.00928	0.01237	0.01237	0.02165	0.01237	0.02474	0.02783	0.79283	0.00618	0.00618	0.00309	0.00309
49	0.00868	0.00620	0.00826	0.00991	0.01033	0.00578	0.00661	0.00991	0.01363	0.01818	0.03925	0.74510	0.04710	0.02231	0.00909	0.00289	0.00413	0.02024	0.00661	0.00578
50	0.03021	0.01406	0.01762	0.01360	0.01909	0.01345	0.01121	0.18391	0.05224	0.52773	0.02560	0.02269	0.01653	0.00879	0.00716	0.00220	0.00645	0.00703	0.00836	0.01208
51	0.01918	0.66215	0.09342	0.01289	0.01933	0.02644	0.01330	0.02199	0.01477	0.04658	0.01091	0.01227	0.00949	0.00626	0.00486	0.00161	0.00779	0.00407	0.00329	0.00938
52	0.01018	0.00760	0.01129	0.01129	0.01251	0.00882	0.00871	0.01262	0.01140	0.01642	0.01921	0.02874	0.01814	0.08214	0.69325	0.01126	0.01857	0.00774	0.00384	0.00627
53	0.01968	0.65380	0.03480	0.01280	0.01863	0.07095	0.01228	0.04116	0.04693	0.01820	0.01106	0.01238	0.00981	0.00641	0.00488	0.00160	0.00786	0.00413	0.00340	0.00927
54	0.05483	0.01773	0.01709	0.01386	0.01841	0.09514	0.01113	0.38473	0.02617	0.03484	0.06900	0.02630	0.11278	0.00991	0.00702	0.00208	0.00710	0.00765	0.03875	0.04546
55	0.00876	0.00626	0.00834	0.00986	0.01035	0.00584	0.00662	0.01012	0.01402	0.01879	0.07828	0.70433	0.04828	0.02185	0.00905	0.00285	0.00409	0.01981	0.00668	0.00584
56	0.00957	0.00664	0.00793	0.00860	0.00890	0.00640	0.00530	0.01017	0.01201	0.01588	0.03208	0.32875	0.07371	0.41474	0.02371	0.00503	0.00560	0.01460	0.00537	0.00500
57	0.06184	0.01913	0.02057	0.01608	0.02129	0.02152	0.01325	0.57403	0.07029	0.04177	0.01702	0.01731	0.01232	0.00875	0.00795	0.00221	0.04993	0.00638	0.00677	0.01160
58	0.31808	0.04209	0.07294	0.01389	0.01930	0.05180	0.01219	0.28951	0.06153	0.03515	0.01422	0.01502	0.01053	0.00760	0.00596	0.00215	0.00727	0.00528	0.00548	0.00999
59	0.01905	0.01738	0.05956	0.01640	0.02134	0.01799	0.07219	0.11610	0.48913	0.05195	0.02522	0.02398	0.01869	0.00900	0.00730	0.00236	0.00678	0.00769	0.00671	0.01121

[dist]
# distance from previous block
# <min> <max>
0	13

[block]
# block no. 9 follows, 29 sequences, length 72
# corresponding to MSA columns:
# 243-314
name=unknown_J
#
# <colnr> <probs for GDERKNQSTAVLIFYWHMCP>
#	G	D	E	R	K	N	Q	S	T	A	V	L	I	F	Y	W	H	M	C	P
0	0.01468	0.07209	0.58449	0.04997	0.03071	0.01743	0.05754	0.02208	0.01488	0.02184	0.01255	0.01524	0.00915	0.00695	0.00747	0.00227	0.04201	0.00543	0.00305	0.01018
1	0.00867	0.00623	0.00822	0.00982	0.01030	0.00579	0.00657	0.00993	0.01373	0.01822	0.04042	0.72092	0.07052	0.02216	0.00906	0.00287	0.00411	0.02006	0.00661	0.00579
2	0.01274	0.00916	0.01062	0.00980	0.01200	0.03496	0.00748	0.04254	0.01974	0.07232	0.47244	0.05107	0.13518	0.03920	0.00920	0.00244	0.00438	0.04014	0.00739	0.00718
3	0.25194	0.02051	0.01662	0.04000	0.01950	0.22244	0.01160	0.11515	0.11198	0.05083	0.03319	0.01675	0.01275	0.00807	0.00688	0.00216	0.03991	0.00554	0.00509	0.00909
4	0.00883	0.00656	0.00823	0.00923	0.01023	0.00596	0.00639	0.01049	0.01510	0.01990	0.14193	0.50917	0.18130	0.02033	0.00885	0.00270	0.00391	0.01813	0.00679	0.00596
5	0.01681	0.01921	0.04202	0.03001	0.03721	0.01801	0.67947	0.02281	0.01681	0.02281	0.01441	0.01921	0.01080	0.00600	0.00840	0.00240	0.01200	0.00840	0.00360	0.00960
6	0.01652	0.00902	0.01179	0.01026	0.01312	0.00831	0.00799	0.02055	0.05390	0.21760	0.48118	0.04383	0.05117	0.01272	0.00800	0.00224	0.00422	0.01105	0.00808	0.00844
7	0.00918	0.00724	0.00828	0.00802	0.01009	0.00634	0.00601	0.01170	0.01804	0.02354	0.36254	0.06145	0.40936	0.01643	0.00841	0.00233	0.00349	0.01404	0.00718	0.00634
8	0.01428	0.03683	0.71286	0.02030	0.03082	0.01654	0.02631	0.02255	0.01503	0.02255	0.01278	0.01503	0.00902	0.00677	0.00677	0.00226	0.01052	0.00526	0.00301	0.01052
9	0.01882	0.53700	0.17303	0.01444	0.02120	0.09427	0.01521	0.02227	0.01515	0.01800	0.01059	0.01230	0.00912	0.00635	0.00520	0.00170	0.00872	0.00418	0.00310	0.00933
10	0.02022	0.50301	0.08333	0.01442	0.02007	0.15825	0.01375	0.04484	0.01606	0.01828	0.01054	0.01236	0.00925	0.00677	0.00609	0.00174	0.04434	0.00427	0.00330	0.00911
11	0.01614	0.01293	0.01513	0.01090	0.01716	0.01007	0.00875	0.04643	0.01583	0.05853	0.01361	0.01534	0.01097	0.00559	0.00545	0.00116	0.00542	0.00446	0.00457	0.72159
12	0.01838	0.01927	0.05692	0.27796	0.25875	0.14744	0.01894	0.02295	0.03699	0.05497	0.01387	0.01769	0.01078	0.00705	0.00695	0.00217	0.00953	0.00605	0.00378	0.00953
13	0.01018	0.00759	0.01127	0.01127	0.01248	0.00881	0.00868	0.01260	0.01139	0.01640	0.01923	0.02887	0.01819	0.08677	0.68870	0.01123	0.01849	0.00776	0.00384	0.00626
14	0.01237	0.00618	0.00928	0.00928	0.00928	0.00618	0.00618	0.00928	0.00928	0.01237	0.01237	0.02165	0.01237	0.02474	0.02783	0.79283	0.00618	0.00618	0.00309	0.00309
15	0.04136	0.18277	0.51702	0.01875	0.02799	0.01899	0.05551	0.02226	0.01491	0.02168	0.01217	0.01439	0.00909	0.00658	0.00632	0.00211	0.00983	0.00507	0.00309	0.01010
16	0.01521	0.00832	0.01096	0.00976	0.01227	0.00754	0.00750	0.01834	0.01970	0.18556	0.48809	0.07493	0.05275	0.01329	0.00799	0.00223	0.00401	0.01160	0.04202	0.00792
17	0.00965	0.00728	0.00913	0.01016	0.01170	0.00676	0.00798	0.01189	0.01572	0.02007	0.07676	0.26301	0.25410	0.01968	0.00911	0.00285	0.00480	0.24654	0.00664	0.00617
18	0.05018	0.01807	0.01973	0.01538	0.02076	0.01964	0.01262	0.53080	0.05396	0.12720	0.01954	0.04607	0.01436	0.00909	0.00713	0.00219	0.00732	0.00702	0.00724	0.01170
19	0.02761	0.01907	0.02083	0.01597	0.02165	0.02079	0.01319	0.60938	0.03202	0.11915	0.01832	0.01789	0.01273	0.00858	0.00713	0.00214	0.00764	0.00649	0.00731	0.01211
20	0.03195	0.01212	0.01652	0.01267	0.01818	0.01047	0.01047	0.03470	0.02038	0.71026	0.02809	0.02424	0.01763	0.00881	0.00716	0.00220	0.00606	0.00716	0.00881	0.01212
21	0.00868	0.00620	0.00826	0.00991	0.01033	0.00578	0.00661	0.00991	0.01363	0.01818	0.03925	0.74510	0.04710	0.02231	0.00909	0.00289	0.00413	0.02024	0.00661	0.00578
22	0.03036	0.01466	0.01810	0.01388	0.01945	0.01424	0.01146	0.24499	0.02464	0.49397	0.02452	0.02192	0.01583	0.00873	0.00715	0.00218	0.00664	0.00692	0.00826	0.01212
23	0.01062	0.00740	0.00947	0.00894	0.01078	0.00674	0.00671	0.01370	0.01945	0.05157	0.58033	0.08393	0.13340	0.01507	0.00839	0.00228	0.00352	0.01323	0.00769	0.00680
24	0.80005	0.01377	0.01047	0.00936	0.01377	0.01597	0.00771	0.02093	0.01212	0.03195	0.00991	0.01157	0.00771	0.00661	0.00441	0.00220	0.00551	0.00386	0.00441	0.00771
25	0.01237	0.00618	0.00928	0.00928	0.00928	0.00618	0.00618	0.00928	0.00928	0.01237	0.01237	0.02165	0.01237	0.02474	0.02783	0.79283	0.00618	0.00618	0.00309	0.00309
26	0.00897	0.00678	0.00947	0.01047	0.01130	0.00627	0.03230	0.01043	0.01396	0.01844	0.04094	0.66289	0.09839	0.02134	0.00901	0.00283	0.00439	0.01937	0.00649	0.00595
27	0.06899	0.31192	0.35739	0.01678	0.02485	0.04071	0.04648	0.02214	0.01484	0.02080	0.01149	0.01352	0.00906	0.00648	0.00582	0.00196	0.00919	0.00472	0.00316	0.00970
28	0.01025	0.00864	0.00906	0.00879	0.01134	0.00818	0.00663	0.01547	0.13884	0.02187	0.11486	0.08757	0.49984	0.01641	0.00823	0.00241	0.00398	0.01380	0.00683	0.00701
29	0.01113	0.00751	0.00985	0.00914	0.01100	0.00690	0.00690	0.01446	0.02017	0.06122	0.66930	0.05180	0.06481	0.01428	0.00834	0.00224	0.00349	0.01260	0.00789	0.00698
30	0.01154	0.00760	0.00999	0.00921	0.01114	0.00697	0.00697	0.01486	0.02017	0.07404	0.65664	0.05126	0.06388	0.01417	0.00832	0.00224	0.00354	0.01250	0.00790	0.00708
31	0.01762	0.01692	0.02890	0.04371	0.70533	0.01692	0.02185	0.02185	0.01621	0.02326	0.01339	0.01762	0.01128	0.00634	0.00705	0.00211	0.00846	0.00634	0.00352	0.01128
32	0.00961	0.00687	0.00932	0.01087	0.01172	0.00658	0.00813	0.01159	0.01481	0.01965	0.07050	0.50480	0.04615	0.02112	0.00929	0.00298	0.00485	0.21843	0.00665	0.00607
33	0.00868	0.00620	0.00826	0.00991	0.01033	0.00578	0.00661	0.00991	0.01363	0.01818	0.03925	0.74510	0.04710	0.02231	0.00909	0.00289	0.00413	0.02024	0.00661	0.00578
34	0.01380	0.01315	0.02143	0.61298	0.04396	0.01682	0.01907	0.01802	0.01368	0.01802	0.01210	0.01841	0.00947	0.00801	0.00984	0.00250	0.13137	0.00631	0.00316	0.00789
35	0.00868	0.00620	0.00826	0.00991	0.01033	0.00578	0.00661	0.00991	0.01363	0.01818	0.03925	0.74510	0.04710	0.02231	0.00909	0.00289	0.00413	0.02024	0.00661	0.00578
36	0.01558	0.01558	0.02181	0.01869	0.01869	0.02181	0.01558	0.01714	0.01091	0.01714	0.00935	0.01558	0.00935	0.01246	0.02337	0.00312	0.73672	0.00623	0.00312	0.00779
37	0.76307	0.01407	0.01099	0.00970	0.01417	0.01627	0.00799	0.05254	0.01314	0.03257	0.01026	0.01183	0.00792	0.00670	0.00454	0.00220	0.00562	0.00398	0.00454	0.00792
38	0.02707	0.01995	0.02137	0.01638	0.02208	0.02208	0.01353	0.68159	0.03348	0.04488	0.01710	0.01710	0.01211	0.00855	0.00712	0.00214	0.00784	0.00641	0.00712	0.01211
39	0.01017	0.00763	0.01144	0.01144	0.01272	0.00890	0.00890	0.01272	0.01144	0.01653	0.01907	0.02797	0.01780	0.05340	0.72153	0.01144	0.01907	0.00763	0.00381	0.00636
40	0.01594	0.01748	0.03677	0.15700	0.03827	0.01713	0.52694	0.02158	0.01632	0.02190	0.01522	0.02214	0.01204	0.00687	0.00824	0.00244	0.01128	0.03963	0.00367	0.00915
41	0.00945	0.00687	0.00896	0.00994	0.01028	0.00695	0.00665	0.01049	0.01267	0.01709	0.03313	0.52150	0.03919	0.18350	0.05045	0.00420	0.04052	0.01678	0.00580	0.00558
42	0.01944	0.62338	0.06443	0.01340	0.01920	0.09529	0.01309	0.02191	0.01491	0.01709	0.01011	0.01188	0.00914	0.00649	0.00558	0.00165	0.03680	0.00404	0.00311	0.00906
43	0.01681	0.01921	0.04202	0.03001	0.03721	0.01801	0.67947	0.02281	0.01681	0.02281	0.01441	0.01921	0.01080	0.00600	0.00840	0.00240	0.01200	0.00840	0.00360	0.00960
44	0.00865	0.00628	0.00818	0.00969	0.01027	0.00580	0.00651	0.00994	0.01384	0.01826	0.04193	0.68991	0.10056	0.02196	0.00903	0.00285	0.00409	0.01982	0.00661	0.00580
45	0.48338	0.01550	0.01444	0.01186	0.01678	0.01729	0.00979	0.22563	0.01954	0.10553	0.01399	0.01457	0.01008	0.00743	0.00553	0.00218	0.00628	0.00498	0.00569	0.00952
46	0.02530	0.02411	0.02124	0.04930	0.04617	0.26394	0.01429	0.36414	0.02609	0.03181	0.01420	0.01563	0.01078	0.00823	0.00785	0.00210	0.05335	0.00576	0.00539	0.01030
47	0.01345	0.01266	0.02136	0.73264	0.04904	0.01582	0.01978	0.01819	0.01424	0.01819	0.01266	0.01898	0.00949	0.00712	0.00712	0.00237	0.00949	0.00633	0.00316	0.00791
48	0.01428	0.03683	0.71286	0.02030	0.03082	0.01654	0.02631	0.02255	0.01503	0.02255	0.01278	0.01503	0.00902	0.00677	0.00677	0.00226	0.01052	0.00526	0.00301	0.01052
49	0.01625	0.01394	0.01476	0.01353	0.01715	0.01584	0.01042	0.03343	0.58479	0.02803	0.03350	0.08134	0.08335	0.01130	0.00748	0.00245	0.00535	0.00953	0.00714	0.01042
50	0.01428	0.03683	0.71286	0.02030	0.03082	0.01654	0.02631	0.02255	0.01503	0.02255	0.01278	0.01503	0.00902	0.00677	0.00677	0.00226	0.01052	0.00526	0.00301	0.01052
51	0.02660	0.03394	0.02018	0.01834	0.02201	0.72116	0.01376	0.02843	0.02018	0.01743	0.01101	0.01284	0.00917	0.00734	0.00642	0.00183	0.01284	0.00459	0.00367	0.00825
52	0.80005	0.01377	0.01047	0.00936	0.01377	0.01597	0.00771	0.02093	0.01212	0.03195	0.00991	0.01157	0.00771	0.00661	0.00441	0.00220	0.00551	0.00386	0.00441	0.00771
53	0.00868	0.00620	0.00826	0.00991	0.01033	0.00578	0.00661	0.00991	0.01363	0.01818	0.03925	0.74510	0.04710	0.02231	0.00909	0.00289	0.00413	0.02024	0.00661	0.00578
54	0.01008	0.00728	0.00952	0.00896	0.01064	0.00672	0.00672	0.01344	0.02016	0.02855	0.70158	0.05319	0.06719	0.01456	0.00840	0.00224	0.00336	0.01288	0.00784	0.00672
55	0.01428	0.03683	0.71286	0.02030	0.03082	0.01654	0.02631	0.02255	0.01503	0.02255	0.01278	0.01503	0.00902	0.00677	0.00677	0.00226	0.01052	0.00526	0.00301	0.01052
56	0.02951	0.01266	0.01645	0.01298	0.01824	0.01171	0.01060	0.03524	0.13561	0.59360	0.02824	0.02464	0.01833	0.00896	0.00718	0.00224	0.00599	0.00731	0.00854	0.01197
57	0.00998	0.00724	0.00941	0.00894	0.01060	0.00667	0.00668	0.01322	0.01982	0.02793	0.66077	0.07652	0.08561	0.01492	0.00842	0.00227	0.00339	0.01319	0.00776	0.00667
58	0.02976	0.01198	0.01607	0.01248	0.01764	0.01058	0.01024	0.05809	0.02087	0.62193	0.08919	0.02660	0.02194	0.00933	0.00727	0.00220	0.00588	0.00765	0.00866	0.01162
