[name]
unknown

[dist]
# distance from previous block
# <min> <max>
0	78

[block]
# block no. 0 follows, 28 sequences, length 10
# corresponding to MSA columns:
# 78-87
name=unknown_A
#
# <colnr> <probs for GDERKNQSTAVLIFYWHMCP>
#	G	D	E	R	K	N	Q	S	T	A	V	L	I	F	Y	W	H	M	C	P
0	0.01228	0.00804	0.00990	0.03279	0.01181	0.00808	0.00697	0.03474	0.01435	0.04960	0.09180	0.10472	0.05391	0.34384	0.06461	0.00511	0.00688	0.06880	0.06568	0.00607
1	0.01348	0.00964	0.01366	0.01234	0.01474	0.00929	0.07174	0.01754	0.07541	0.08374	0.15532	0.15807	0.10302	0.13631	0.01336	0.00335	0.00587	0.08917	0.00655	0.00740
2	0.03973	0.00847	0.00991	0.00976	0.01195	0.00790	0.00720	0.05284	0.01734	0.08820	0.12163	0.30715	0.25509	0.01774	0.00850	0.00258	0.00442	0.01538	0.00706	0.00716
3	0.00919	0.00663	0.00818	0.00926	0.00987	0.00619	0.00607	0.01026	0.01356	0.01773	0.04099	0.49613	0.13329	0.17934	0.01522	0.00377	0.00476	0.01773	0.00624	0.00561
4	0.01083	0.00888	0.01141	0.01112	0.01231	0.00944	0.00825	0.01261	0.01470	0.02019	0.13811	0.30850	0.14191	0.06240	0.01326	0.00296	0.13997	0.01441	0.00599	0.05276
5	0.07984	0.01390	0.01494	0.01232	0.01620	0.01473	0.00972	0.29821	0.04009	0.07599	0.10450	0.03309	0.11307	0.10188	0.01100	0.00283	0.00626	0.00888	0.03317	0.00935
6	0.08565	0.00826	0.01003	0.01036	0.01143	0.00867	0.00742	0.01258	0.01455	0.02137	0.15288	0.38190	0.07608	0.08523	0.01253	0.00314	0.07018	0.01520	0.00622	0.00632
7	0.01279	0.00878	0.01031	0.00990	0.01211	0.00843	0.00727	0.01742	0.11044	0.08696	0.19190	0.18068	0.21431	0.08202	0.01100	0.00291	0.00456	0.01367	0.00712	0.00744
8	0.08343	0.01440	0.08241	0.01564	0.07943	0.01169	0.01232	0.02744	0.03823	0.36864	0.11710	0.07209	0.02481	0.01011	0.00735	0.00230	0.00628	0.00847	0.00726	0.01059
9	0.01039	0.00707	0.00833	0.00834	0.00871	0.00692	0.00507	0.01118	0.01284	0.01747	0.16040	0.09998	0.03657	0.54348	0.02919	0.00578	0.00611	0.01184	0.00531	0.00501

[dist]
# distance from previous block
# <min> <max>
5	10

[block]
# block no. 1 follows, 28 sequences, length 8
# corresponding to MSA columns:
# 98-105
name=unknown_B
#
# <colnr> <probs for GDERKNQSTAVLIFYWHMCP>
#	G	D	E	R	K	N	Q	S	T	A	V	L	I	F	Y	W	H	M	C	P
0	0.00969	0.00647	0.00815	0.00942	0.00997	0.00615	0.00626	0.01110	0.01372	0.01923	0.03591	0.56496	0.04163	0.10145	0.01180	0.00324	0.00442	0.01764	0.11294	0.00586
1	0.01819	0.01477	0.01675	0.01225	0.01855	0.01288	0.00991	0.18150	0.01982	0.02919	0.01405	0.01566	0.01116	0.00621	0.00585	0.00135	0.00603	0.00486	0.00504	0.59597
2	0.02763	0.02036	0.02182	0.01672	0.02254	0.02254	0.01382	0.67496	0.03418	0.04581	0.01745	0.01745	0.01236	0.00873	0.00727	0.00218	0.00800	0.00654	0.00727	0.01236
3	0.01148	0.00862	0.01056	0.01044	0.01237	0.00785	0.00732	0.05430	0.01509	0.02085	0.03136	0.47481	0.03602	0.09526	0.01132	0.00296	0.00499	0.01541	0.00604	0.16294
4	0.02552	0.01699	0.01953	0.01531	0.02032	0.01818	0.01253	0.40533	0.02698	0.16853	0.02009	0.06437	0.01538	0.00974	0.00860	0.00224	0.06559	0.00741	0.00702	0.07035
5	0.02120	0.01603	0.01836	0.01497	0.01903	0.01790	0.03298	0.35830	0.11608	0.03492	0.02043	0.04778	0.01654	0.05448	0.04273	0.00299	0.05388	0.00765	0.09344	0.01029
6	0.01850	0.01628	0.01921	0.10205	0.02314	0.06056	0.02964	0.17354	0.05009	0.02662	0.01537	0.03665	0.01290	0.02898	0.03611	0.00256	0.11706	0.00642	0.00484	0.21948
7	0.01985	0.01709	0.02003	0.03589	0.02132	0.05801	0.06757	0.26000	0.09719	0.03058	0.02473	0.02579	0.10648	0.01173	0.03651	0.00264	0.07716	0.00784	0.00583	0.07376

[dist]
# distance from previous block
# <min> <max>
1	16

[block]
# block no. 2 follows, 28 sequences, length 12
# corresponding to MSA columns:
# 122-133
name=unknown_C
#
# <colnr> <probs for GDERKNQSTAVLIFYWHMCP>
#	G	D	E	R	K	N	Q	S	T	A	V	L	I	F	Y	W	H	M	C	P
0	0.01741	0.01636	0.05407	0.20086	0.11901	0.04213	0.03742	0.17310	0.01947	0.02597	0.01923	0.15979	0.01812	0.01084	0.00865	0.00245	0.05164	0.00922	0.00495	0.00931
1	0.04604	0.09779	0.02076	0.06077	0.07741	0.11418	0.03274	0.04658	0.01620	0.02174	0.05405	0.08487	0.01752	0.03661	0.00997	0.00228	0.10092	0.00734	0.00437	0.14786
2	0.01837	0.18645	0.08651	0.06851	0.05947	0.11379	0.05575	0.09038	0.01760	0.02195	0.01739	0.02369	0.04305	0.07553	0.00999	0.00255	0.03176	0.03755	0.00420	0.03552
3	0.01824	0.01735	0.02117	0.05616	0.26147	0.11020	0.01560	0.09392	0.05746	0.02555	0.09068	0.02823	0.05292	0.00963	0.00806	0.00225	0.03404	0.05001	0.00506	0.04200
4	0.18331	0.04232	0.01428	0.01299	0.03860	0.01322	0.01014	0.05275	0.12330	0.08784	0.11602	0.07657	0.05068	0.01245	0.00746	0.00251	0.00577	0.13458	0.00649	0.00871
5	0.07011	0.10626	0.01634	0.01255	0.01545	0.13815	0.01008	0.04974	0.01713	0.02177	0.08530	0.11460	0.15722	0.01490	0.03411	0.00271	0.05700	0.06361	0.00538	0.00759
6	0.07340	0.01929	0.09506	0.01693	0.06525	0.07341	0.01380	0.17125	0.14154	0.14682	0.08970	0.02330	0.01993	0.00902	0.00715	0.00225	0.00743	0.00720	0.00648	0.01079
7	0.01568	0.01658	0.05059	0.52080	0.04469	0.06306	0.12049	0.04372	0.01608	0.02039	0.01325	0.01878	0.00995	0.00715	0.00741	0.00238	0.01029	0.00663	0.00347	0.00862
8	0.01783	0.01671	0.02756	0.09095	0.58382	0.01701	0.02095	0.05888	0.01741	0.02446	0.01640	0.02029	0.04077	0.00717	0.00727	0.00219	0.00846	0.00686	0.00392	0.01108
9	0.01057	0.00705	0.00793	0.00793	0.00793	0.00705	0.00440	0.01057	0.01057	0.01409	0.02290	0.04757	0.02643	0.74454	0.03700	0.00705	0.00705	0.01057	0.00440	0.00440
10	0.01381	0.02901	0.49376	0.01784	0.02626	0.01455	0.02135	0.02053	0.01460	0.02189	0.01429	0.01791	0.01114	0.01609	0.14597	0.00401	0.01186	0.00573	0.00337	0.09604
11	0.00894	0.00747	0.00785	0.00803	0.01040	0.00638	0.00621	0.01094	0.01659	0.01987	0.06975	0.07129	0.62382	0.01859	0.00875	0.00255	0.00402	0.08561	0.00674	0.00620

[dist]
# distance from previous block
# <min> <max>
0	2

[block]
# block no. 3 follows, 28 sequences, length 10
# corresponding to MSA columns:
# 136-145
name=unknown_D
#
# <colnr> <probs for GDERKNQSTAVLIFYWHMCP>
#	G	D	E	R	K	N	Q	S	T	A	V	L	I	F	Y	W	H	M	C	P
0	0.01943	0.74891	0.03809	0.01244	0.01866	0.02876	0.01244	0.02177	0.01477	0.01710	0.01011	0.01166	0.00933	0.00622	0.00466	0.00155	0.00777	0.00389	0.00311	0.00933
1	0.01629	0.01431	0.01805	0.09093	0.14473	0.05413	0.01438	0.06074	0.17884	0.02550	0.06873	0.04150	0.02656	0.01216	0.00816	0.00261	0.00735	0.19984	0.00590	0.00930
2	0.01050	0.00714	0.00836	0.00822	0.00863	0.00700	0.00499	0.01133	0.01298	0.01771	0.18455	0.04919	0.03656	0.56914	0.03017	0.00590	0.00618	0.01119	0.00527	0.00499
3	0.01432	0.18515	0.01697	0.04654	0.01374	0.01221	0.00849	0.01289	0.01100	0.01400	0.01204	0.01945	0.01168	0.01977	0.02163	0.55951	0.00684	0.00574	0.00315	0.00489
4	0.01717	0.01661	0.02718	0.08993	0.48677	0.01839	0.02061	0.02087	0.01510	0.02185	0.01262	0.01759	0.01090	0.00804	0.01121	0.00242	0.18241	0.00645	0.00347	0.01040
5	0.01859	0.57271	0.03429	0.01404	0.01876	0.02720	0.01327	0.02074	0.01390	0.01720	0.00997	0.01268	0.00938	0.00778	0.00928	0.00195	0.18168	0.00448	0.00313	0.00900
6	0.69059	0.01723	0.10451	0.01106	0.01640	0.01638	0.01043	0.02159	0.01277	0.03132	0.01052	0.01229	0.00805	0.00677	0.00482	0.00226	0.00631	0.00413	0.00431	0.00826
7	0.01911	0.03051	0.31427	0.02578	0.16362	0.19111	0.08097	0.04860	0.01776	0.02274	0.01304	0.01579	0.00999	0.00696	0.00704	0.00218	0.01094	0.00576	0.00355	0.01030
8	0.01522	0.01325	0.01595	0.05233	0.01931	0.01128	0.00986	0.01949	0.05494	0.02344	0.01372	0.01609	0.01132	0.00618	0.00666	0.00136	0.04704	0.00478	0.00437	0.65342
9	0.01050	0.00714	0.00836	0.00822	0.00863	0.00700	0.00499	0.01133	0.01298	0.01771	0.18455	0.04919	0.03656	0.56914	0.03017	0.00590	0.00618	0.01119	0.00527	0.00499

[dist]
# distance from previous block
# <min> <max>
0	3

[block]
# block no. 4 follows, 28 sequences, length 25
# corresponding to MSA columns:
# 149-173
name=unknown_E
#
# <colnr> <probs for GDERKNQSTAVLIFYWHMCP>
#	G	D	E	R	K	N	Q	S	T	A	V	L	I	F	Y	W	H	M	C	P
0	0.02014	0.01855	0.03139	0.16280	0.03498	0.01939	0.31455	0.24966	0.02258	0.03021	0.01531	0.01881	0.01123	0.00726	0.00786	0.00235	0.01027	0.00745	0.00484	0.01036
1	0.00923	0.00739	0.00826	0.00804	0.01021	0.00641	0.00603	0.01168	0.01809	0.02324	0.30917	0.06402	0.45847	0.01706	0.00858	0.00239	0.00359	0.01451	0.00722	0.00641
2	0.00859	0.00736	0.00736	0.00736	0.00982	0.00614	0.00552	0.01043	0.01657	0.01964	0.07364	0.06996	0.69624	0.01841	0.00859	0.00245	0.00368	0.01534	0.00675	0.00614
3	0.79588	0.01406	0.01068	0.00956	0.01406	0.01631	0.00787	0.02137	0.01237	0.03261	0.01012	0.01181	0.00787	0.00675	0.00450	0.00225	0.00562	0.00394	0.00450	0.00787
4	0.52337	0.02227	0.25351	0.01345	0.02013	0.01651	0.01449	0.02194	0.01341	0.02927	0.01114	0.01304	0.00834	0.00680	0.00534	0.00227	0.00741	0.00444	0.00400	0.00887
5	0.02229	0.49479	0.03241	0.01393	0.02001	0.02659	0.01292	0.24960	0.02154	0.02712	0.01267	0.01368	0.01039	0.00709	0.00557	0.00177	0.00785	0.00481	0.00456	0.01039
6	0.00949	0.00682	0.00900	0.00969	0.01068	0.00633	0.00680	0.01172	0.01687	0.02326	0.33080	0.43566	0.05718	0.01926	0.00897	0.00266	0.00387	0.01733	0.00730	0.00633
7	0.01544	0.02347	0.26106	0.01965	0.02340	0.02039	0.01972	0.01942	0.01260	0.01942	0.01076	0.01571	0.00943	0.01069	0.01794	0.00287	0.47993	0.00602	0.00314	0.00893
8	0.01814	0.00939	0.01349	0.01212	0.01493	0.00964	0.00964	0.02081	0.01486	0.25662	0.02268	0.02723	0.01811	0.03864	0.46864	0.00839	0.01484	0.00762	0.00567	0.00854
9	0.01652	0.01169	0.01277	0.01100	0.01303	0.01245	0.00769	0.24231	0.01880	0.02516	0.02100	0.03706	0.02152	0.48789	0.02663	0.00535	0.00738	0.00917	0.00540	0.00718
10	0.02031	0.01273	0.02008	0.47798	0.03907	0.01424	0.01687	0.02445	0.01672	0.25773	0.01842	0.02125	0.01259	0.00787	0.00728	0.00236	0.00847	0.00676	0.00524	0.00957
11	0.01327	0.01136	0.01678	0.02168	0.25133	0.01110	0.01239	0.01790	0.05970	0.02633	0.35046	0.04163	0.11261	0.01201	0.00802	0.00227	0.00542	0.01075	0.00630	0.00869
12	0.01042	0.00816	0.01097	0.01114	0.01195	0.00871	0.00817	0.01249	0.01582	0.02209	0.26401	0.39114	0.04940	0.01849	0.01124	0.00275	0.11397	0.01588	0.00665	0.00655
13	0.28742	0.01332	0.01354	0.01035	0.01612	0.01200	0.00835	0.01937	0.01413	0.02680	0.01194	0.01393	0.00976	0.00586	0.00507	0.00149	0.00547	0.00418	0.00437	0.51653
14	0.01931	0.03036	0.42276	0.02000	0.02879	0.01896	0.06625	0.25043	0.02204	0.03099	0.01470	0.01637	0.01043	0.00749	0.00715	0.00227	0.00989	0.00600	0.00458	0.01124
15	0.01008	0.00761	0.01099	0.01144	0.01238	0.00852	0.00855	0.01217	0.01244	0.01749	0.02624	0.27611	0.02825	0.04171	0.44065	0.00828	0.04364	0.01222	0.00486	0.00635
16	0.01184	0.00683	0.01024	0.01024	0.01069	0.00728	0.00728	0.01069	0.01024	0.01411	0.01501	0.02435	0.01456	0.03546	0.26815	0.51755	0.01090	0.00683	0.00341	0.00432
17	0.01308	0.02708	0.46371	0.01668	0.02428	0.01339	0.01988	0.01978	0.01717	0.02516	0.25103	0.02893	0.02992	0.00968	0.00749	0.00230	0.00819	0.00808	0.00479	0.00939
18	0.01943	0.74891	0.03809	0.01244	0.01866	0.02876	0.01244	0.02177	0.01477	0.01710	0.01011	0.01166	0.00933	0.00622	0.00466	0.00155	0.00777	0.00389	0.00311	0.00933
19	0.01858	0.01552	0.02181	0.47930	0.04046	0.01838	0.01797	0.24752	0.02139	0.02807	0.01450	0.01871	0.01062	0.00778	0.00727	0.00234	0.00910	0.00649	0.00464	0.00957
20	0.01102	0.00863	0.01075	0.01035	0.01287	0.00722	0.00740	0.01298	0.01432	0.02035	0.03060	0.48701	0.03506	0.01671	0.00792	0.00230	0.00462	0.01496	0.00590	0.27904
21	0.00930	0.00674	0.00884	0.01040	0.01100	0.00644	0.00709	0.01136	0.03941	0.01911	0.03962	0.69178	0.04690	0.02220	0.00923	0.00295	0.00435	0.04037	0.00677	0.00614
22	0.01891	0.01586	0.02241	0.42576	0.09139	0.01847	0.01813	0.24781	0.02154	0.02848	0.01456	0.01860	0.01076	0.00771	0.00726	0.00232	0.00902	0.00649	0.00467	0.00984
23	0.02650	0.01256	0.01624	0.01218	0.01809	0.01034	0.00996	0.02945	0.01881	0.46686	0.02318	0.02137	0.01547	0.00774	0.00664	0.00184	0.00591	0.00626	0.00736	0.28325
24	0.28961	0.01671	0.02265	0.03156	0.43854	0.03930	0.01701	0.02220	0.01522	0.02665	0.01236	0.01568	0.01017	0.00660	0.00623	0.00218	0.00773	0.00553	0.00392	0.01014

[dist]
# distance from previous block
# <min> <max>
0	38

[block]
# block no. 5 follows, 28 sequences, length 10
# corresponding to MSA columns:
# 212-221
name=unknown_F
#
# <colnr> <probs for GDERKNQSTAVLIFYWHMCP>
#	G	D	E	R	K	N	Q	S	T	A	V	L	I	F	Y	W	H	M	C	P
0	0.03105	0.01488	0.01842	0.01412	0.01981	0.01441	0.01167	0.23627	0.02500	0.49745	0.02515	0.02245	0.01623	0.00891	0.00730	0.00223	0.00675	0.00707	0.00846	0.01237
1	0.01107	0.00933	0.01278	0.01294	0.01323	0.01104	0.00962	0.01244	0.01304	0.01822	0.03048	0.51246	0.03598	0.01962	0.01386	0.00302	0.23254	0.01617	0.00563	0.00655
2	0.79588	0.01406	0.01068	0.00956	0.01406	0.01631	0.00787	0.02137	0.01237	0.03261	0.01012	0.01181	0.00787	0.00675	0.00450	0.00225	0.00562	0.00394	0.00450	0.00787
3	0.00931	0.00667	0.00884	0.00981	0.01064	0.00620	0.00678	0.01125	0.01601	0.02188	0.24586	0.52452	0.05452	0.02029	0.00906	0.00274	0.00397	0.01830	0.00714	0.00620
4	0.02141	0.02575	0.01678	0.01602	0.01873	0.49255	0.01175	0.02309	0.01850	0.01803	0.02029	0.24132	0.02152	0.01229	0.00741	0.00221	0.01032	0.00970	0.00469	0.00763
5	0.01914	0.01589	0.02057	0.02402	0.23252	0.01727	0.01484	0.03326	0.42584	0.07892	0.02452	0.02407	0.01852	0.00873	0.00733	0.00235	0.00669	0.00760	0.00632	0.01157
6	0.00859	0.00736	0.00736	0.00736	0.00982	0.00614	0.00552	0.01043	0.01657	0.01964	0.07364	0.06996	0.69624	0.01841	0.00859	0.00245	0.00368	0.01534	0.00675	0.00614
7	0.01716	0.01961	0.04289	0.03064	0.03799	0.01838	0.67279	0.02328	0.01716	0.02328	0.01471	0.01961	0.01103	0.00613	0.00858	0.00245	0.01225	0.00858	0.00368	0.00980
8	0.01962	0.02026	0.01661	0.01519	0.01881	0.23522	0.01167	0.03138	0.36592	0.02554	0.08188	0.02904	0.05071	0.01031	0.00739	0.00230	0.00782	0.03434	0.00624	0.00973
9	0.01251	0.01150	0.02148	0.01764	0.02083	0.01201	0.21752	0.01622	0.01340	0.01889	0.01797	0.02575	0.01593	0.03932	0.49365	0.00878	0.01720	0.00804	0.00383	0.00753

[dist]
# distance from previous block
# <min> <max>
0	1

[block]
# block no. 6 follows, 28 sequences, length 28
# corresponding to MSA columns:
# 223-250
name=unknown_G
#
# <colnr> <probs for GDERKNQSTAVLIFYWHMCP>
#	G	D	E	R	K	N	Q	S	T	A	V	L	I	F	Y	W	H	M	C	P
0	0.01824	0.01479	0.01677	0.01227	0.01857	0.01293	0.00992	0.18366	0.01988	0.02926	0.01406	0.01567	0.01117	0.00623	0.00586	0.00135	0.00604	0.00487	0.00505	0.59341
1	0.01345	0.00873	0.01269	0.01189	0.01189	0.01033	0.00873	0.01149	0.00989	0.01385	0.01185	0.02054	0.01185	0.02210	0.02726	0.59075	0.18886	0.00633	0.00316	0.00436
2	0.02399	0.03539	0.19342	0.01923	0.02474	0.53947	0.01727	0.02751	0.01928	0.01911	0.01169	0.01367	0.00932	0.00734	0.00664	0.00198	0.01251	0.00486	0.00358	0.00901
3	0.00922	0.00660	0.00876	0.00988	0.01062	0.00614	0.00678	0.01103	0.01559	0.02122	0.20508	0.56717	0.05324	0.02078	0.00910	0.00278	0.00402	0.01877	0.00706	0.00614
4	0.21232	0.01544	0.01935	0.01669	0.01782	0.02076	0.01388	0.01847	0.01144	0.02130	0.00969	0.01487	0.00912	0.01122	0.01898	0.00295	0.54851	0.00575	0.00351	0.00793
5	0.01458	0.03760	0.70688	0.02072	0.03146	0.01688	0.02686	0.02302	0.01535	0.02302	0.01304	0.01535	0.00921	0.00691	0.00691	0.00230	0.01074	0.00537	0.00307	0.01074
6	0.21170	0.01321	0.01397	0.01046	0.01643	0.01136	0.00843	0.01907	0.01439	0.02593	0.01222	0.01425	0.01004	0.00573	0.00516	0.00137	0.00544	0.00421	0.00435	0.59228
7	0.02076	0.01762	0.04979	0.18034	0.23118	0.01812	0.04334	0.21103	0.05213	0.07944	0.01645	0.01902	0.01222	0.00764	0.00729	0.00226	0.00859	0.00667	0.00513	0.01098
8	0.01816	0.20216	0.12297	0.01401	0.02099	0.01615	0.05067	0.02204	0.01579	0.09705	0.01407	0.01558	0.01099	0.00626	0.00582	0.00158	0.00725	0.00493	0.00431	0.34922
9	0.57108	0.01462	0.04129	0.01087	0.01592	0.01491	0.00937	0.02498	0.01462	0.20134	0.01492	0.01521	0.01048	0.00732	0.00531	0.00225	0.00598	0.00485	0.00557	0.00912
10	0.01600	0.04346	0.07399	0.02428	0.18746	0.08889	0.12459	0.02062	0.05565	0.02150	0.02249	0.20097	0.03940	0.01140	0.00842	0.00243	0.03434	0.01038	0.00466	0.00908
11	0.00977	0.00704	0.00903	0.01024	0.01097	0.00679	0.00712	0.01184	0.03650	0.01911	0.06158	0.50228	0.06182	0.12111	0.01308	0.00351	0.00490	0.09080	0.00649	0.00602
12	0.01173	0.06357	0.01232	0.00983	0.01197	0.02706	0.00757	0.01564	0.04759	0.02749	0.57558	0.04871	0.05925	0.03939	0.00918	0.00240	0.00422	0.01195	0.00738	0.00719
13	0.01014	0.00687	0.00806	0.00848	0.00859	0.00676	0.00499	0.01046	0.01141	0.01522	0.02722	0.22188	0.03188	0.56278	0.03002	0.00602	0.00633	0.01311	0.00499	0.00478
14	0.01948	0.05661	0.40893	0.01961	0.04348	0.07651	0.02129	0.20012	0.03688	0.02874	0.01439	0.01595	0.01044	0.00748	0.00692	0.00221	0.00992	0.00567	0.00438	0.01098
15	0.56802	0.01992	0.18625	0.01251	0.01862	0.01622	0.01277	0.02236	0.01346	0.05758	0.01161	0.01323	0.00862	0.00688	0.00522	0.00226	0.00694	0.00444	0.00432	0.00878
16	0.01070	0.00947	0.01119	0.01039	0.01189	0.01032	0.00798	0.01223	0.01438	0.01834	0.05056	0.05328	0.43171	0.11629	0.01632	0.00327	0.18735	0.01243	0.00553	0.00636
17	0.08942	0.01282	0.01661	0.01283	0.01838	0.01158	0.01060	0.06011	0.02071	0.62758	0.02684	0.02348	0.01701	0.00882	0.00710	0.00225	0.00622	0.00703	0.00859	0.01203
18	0.01943	0.46274	0.02983	0.01290	0.01884	0.12089	0.01170	0.02192	0.01567	0.01886	0.01097	0.01272	0.00970	0.00619	0.00511	0.00148	0.00792	0.00410	0.00350	0.20553
19	0.00917	0.00706	0.00838	0.00874	0.01035	0.00628	0.00629	0.01130	0.01692	0.02208	0.24482	0.27275	0.31227	0.01872	0.00880	0.00256	0.00377	0.01635	0.00711	0.00628
20	0.01060	0.01032	0.07868	0.01017	0.01255	0.00779	0.00854	0.01398	0.01847	0.02600	0.49599	0.09285	0.07794	0.09073	0.01141	0.00283	0.00459	0.01265	0.00702	0.00691
21	0.02808	0.02305	0.02095	0.01680	0.02207	0.19566	0.01352	0.43956	0.02924	0.11364	0.01716	0.01719	0.01225	0.00845	0.00710	0.00211	0.00908	0.00616	0.00658	0.01137
22	0.01191	0.00928	0.01154	0.01074	0.01074	0.01088	0.00730	0.01231	0.01071	0.01495	0.01954	0.03959	0.02218	0.56025	0.03369	0.00607	0.18941	0.00951	0.00410	0.00530
23	0.00883	0.00643	0.00832	0.00983	0.01047	0.00593	0.00662	0.01015	0.01419	0.01867	0.04357	0.66995	0.11567	0.02232	0.00921	0.00290	0.00416	0.02011	0.00675	0.00593
24	0.01774	0.01901	0.05051	0.02876	0.33815	0.15103	0.04354	0.02073	0.01581	0.02010	0.01554	0.02445	0.01474	0.19254	0.01462	0.00335	0.00935	0.00720	0.00381	0.00902
25	0.00885	0.00637	0.00839	0.01001	0.01052	0.00591	0.00670	0.01013	0.01402	0.01860	0.04136	0.71393	0.07311	0.02260	0.00925	0.00293	0.00420	0.02046	0.00675	0.00591
26	0.01882	0.00864	0.00982	0.00866	0.01148	0.00829	0.00679	0.04368	0.01728	0.19824	0.02475	0.02618	0.01826	0.00861	0.00572	0.00185	0.00425	0.00690	0.56341	0.00837
27	0.01650	0.06122	0.22261	0.02680	0.07908	0.01881	0.35084	0.02249	0.01590	0.02235	0.01343	0.01755	0.01033	0.00703	0.00934	0.00242	0.08283	0.00709	0.00343	0.00997

[dist]
# distance from previous block
# <min> <max>
0	24

[block]
# block no. 7 follows, 28 sequences, length 128
# corresponding to MSA columns:
# 275-402
name=unknown_H
#
# <colnr> <probs for GDERKNQSTAVLIFYWHMCP>
#	G	D	E	R	K	N	Q	S	T	A	V	L	I	F	Y	W	H	M	C	P
0	0.07630	0.01747	0.02757	0.06177	0.60619	0.04005	0.02089	0.02235	0.01631	0.02406	0.01330	0.01741	0.01112	0.00655	0.00698	0.00216	0.00859	0.00623	0.00366	0.01104
1	0.01063	0.00678	0.00906	0.01033	0.01114	0.00626	0.00704	0.01201	0.01443	0.06980	0.03921	0.68635	0.04583	0.02174	0.00913	0.00290	0.00436	0.01967	0.00692	0.00639
2	0.20546	0.49337	0.02971	0.01230	0.01799	0.05020	0.01151	0.07075	0.01586	0.02297	0.01070	0.01218	0.00921	0.00658	0.00489	0.00178	0.00747	0.00413	0.00377	0.00918
3	0.00951	0.00663	0.00821	0.00920	0.00952	0.00635	0.00581	0.01030	0.01272	0.01688	0.03450	0.45435	0.05937	0.29916	0.01988	0.00451	0.00529	0.01664	0.00585	0.00534
4	0.01068	0.00771	0.01003	0.01102	0.01193	0.00777	0.00778	0.01359	0.06455	0.03974	0.05952	0.58929	0.04409	0.02062	0.00971	0.00290	0.03569	0.03997	0.00675	0.00666
5	0.01065	0.00784	0.01012	0.00927	0.01134	0.00707	0.00699	0.01406	0.02016	0.02874	0.64436	0.05137	0.06427	0.01415	0.00833	0.00220	0.00358	0.01249	0.00773	0.06531
6	0.01138	0.00813	0.01134	0.01301	0.01454	0.00808	0.01114	0.01449	0.01641	0.02139	0.03867	0.15778	0.04255	0.02039	0.00995	0.00330	0.00641	0.57773	0.00670	0.00660
7	0.00890	0.00645	0.00841	0.00987	0.01050	0.00596	0.00666	0.01030	0.01440	0.01908	0.07011	0.65989	0.09844	0.02211	0.00920	0.00289	0.00414	0.01994	0.00680	0.00596
8	0.01334	0.01250	0.02072	0.67328	0.04706	0.01540	0.01909	0.01796	0.01469	0.01865	0.01746	0.02316	0.06100	0.00810	0.00737	0.00242	0.00924	0.00712	0.00349	0.00793
9	0.02279	0.01194	0.01685	0.01296	0.01802	0.01020	0.05888	0.02607	0.01926	0.35924	0.17180	0.02884	0.02713	0.00931	0.00727	0.00202	0.00586	0.00806	0.00738	0.17611
10	0.73843	0.01560	0.01142	0.01024	0.01469	0.06855	0.00833	0.02194	0.01299	0.03151	0.01020	0.01191	0.00798	0.00680	0.00465	0.00222	0.00618	0.00399	0.00444	0.00791
11	0.01459	0.01250	0.01450	0.01051	0.01667	0.00942	0.00838	0.01771	0.01518	0.02338	0.01746	0.01917	0.06200	0.00636	0.00562	0.00118	0.00526	0.00513	0.00449	0.73047
12	0.01040	0.00773	0.01140	0.01140	0.01260	0.00893	0.00874	0.01280	0.01160	0.01667	0.01973	0.02998	0.01879	0.10609	0.66501	0.01134	0.01854	0.00800	0.00393	0.00633
13	0.00874	0.00734	0.00741	0.00741	0.00968	0.00620	0.00544	0.01044	0.01612	0.01922	0.06985	0.06828	0.64618	0.07268	0.01071	0.00280	0.00393	0.01498	0.00657	0.00601
14	0.01331	0.00682	0.00699	0.00695	0.00865	0.00678	0.00521	0.01670	0.01564	0.02725	0.07391	0.02913	0.02236	0.00895	0.00534	0.00174	0.00339	0.00725	0.72683	0.00678
15	0.29558	0.01355	0.01510	0.01205	0.01730	0.01351	0.00995	0.07837	0.01889	0.42331	0.02144	0.01973	0.01408	0.00820	0.00634	0.00224	0.00613	0.00609	0.00732	0.01082
16	0.01458	0.03760	0.70688	0.02072	0.03146	0.01688	0.02686	0.02302	0.01535	0.02302	0.01304	0.01535	0.00921	0.00691	0.00691	0.00230	0.01074	0.00537	0.00307	0.01074
17	0.01263	0.00631	0.00947	0.00947	0.00947	0.00631	0.00631	0.00947	0.00947	0.01263	0.01263	0.02210	0.01263	0.02525	0.02841	0.78851	0.00631	0.00631	0.00316	0.00316
18	0.01943	0.74891	0.03809	0.01244	0.01866	0.02876	0.01244	0.02177	0.01477	0.01710	0.01011	0.01166	0.00933	0.00622	0.00466	0.00155	0.00777	0.00389	0.00311	0.00933
19	0.00968	0.00648	0.00845	0.00956	0.00984	0.00620	0.00618	0.01014	0.01265	0.01687	0.03304	0.50231	0.03911	0.18216	0.01765	0.09679	0.00509	0.01674	0.00581	0.00525
20	0.79588	0.01406	0.01068	0.00956	0.01406	0.01631	0.00787	0.02137	0.01237	0.03261	0.01012	0.01181	0.00787	0.00675	0.00450	0.00225	0.00562	0.00394	0.00450	0.00787
21	0.79588	0.01406	0.01068	0.00956	0.01406	0.01631	0.00787	0.02137	0.01237	0.03261	0.01012	0.01181	0.00787	0.00675	0.00450	0.00225	0.00562	0.00394	0.00450	0.00787
22	0.01057	0.00705	0.00793	0.00793	0.00793	0.00705	0.00440	0.01057	0.01057	0.01409	0.02290	0.04757	0.02643	0.74454	0.03700	0.00705	0.00705	0.01057	0.00440	0.00440
23	0.01507	0.01292	0.01507	0.01077	0.01723	0.00969	0.00861	0.01830	0.01507	0.02369	0.01292	0.01507	0.01077	0.00538	0.00538	0.00108	0.00538	0.00431	0.00431	0.78898
24	0.11748	0.01273	0.01611	0.01259	0.01795	0.01172	0.01037	0.05924	0.01987	0.55260	0.02526	0.02283	0.01640	0.01043	0.03513	0.00259	0.00670	0.00682	0.00807	0.03509
25	0.01263	0.00631	0.00947	0.00947	0.00947	0.00631	0.00631	0.00947	0.00947	0.01263	0.01263	0.02210	0.01263	0.02525	0.02841	0.78851	0.00631	0.00631	0.00316	0.00316
26	0.00899	0.00638	0.00840	0.00995	0.01034	0.00599	0.00657	0.01016	0.01366	0.01822	0.03875	0.68692	0.04642	0.07790	0.01140	0.00326	0.00443	0.01989	0.00657	0.00579
27	0.00925	0.00681	0.00923	0.01059	0.01107	0.00679	0.00729	0.01063	0.01363	0.01838	0.03725	0.65516	0.04421	0.02492	0.06622	0.00366	0.03342	0.01909	0.00638	0.00603
28	0.03039	0.01465	0.01812	0.01404	0.01961	0.01423	0.01155	0.20147	0.06700	0.49021	0.02582	0.02300	0.01680	0.00898	0.00731	0.00225	0.00663	0.00717	0.00845	0.01231
29	0.01081	0.00916	0.01210	0.04465	0.11410	0.00854	0.00941	0.01359	0.01733	0.02236	0.18953	0.05778	0.38187	0.01556	0.00844	0.00245	0.00486	0.06386	0.00639	0.00721
30	0.01807	0.02651	0.24301	0.02949	0.29063	0.14247	0.04485	0.02314	0.01674	0.02206	0.01536	0.01836	0.03803	0.00747	0.00764	0.00221	0.03383	0.00623	0.00357	0.01032
31	0.01507	0.01292	0.01507	0.01077	0.01723	0.00969	0.00861	0.01830	0.01507	0.02369	0.01292	0.01507	0.01077	0.00538	0.00538	0.00108	0.00538	0.00431	0.00431	0.78898
32	0.02465	0.05662	0.01792	0.08388	0.02116	0.01250	0.01126	0.02900	0.06930	0.39094	0.02368	0.05183	0.01692	0.00865	0.00689	0.00206	0.00637	0.00710	0.00700	0.15228
33	0.01080	0.00829	0.01005	0.00980	0.01196	0.00738	0.00712	0.03906	0.01677	0.02284	0.17916	0.34204	0.15793	0.01720	0.00835	0.00242	0.00428	0.01515	0.00667	0.12271
34	0.01543	0.01486	0.02546	0.43831	0.20859	0.01679	0.08531	0.02135	0.06150	0.02115	0.01443	0.01959	0.01114	0.00713	0.00739	0.00236	0.00941	0.00680	0.00365	0.00934
35	0.00936	0.00686	0.00897	0.01017	0.01108	0.00621	0.00690	0.01078	0.01401	0.01897	0.03788	0.68151	0.04508	0.02137	0.00896	0.00280	0.00431	0.01935	0.00655	0.06889
36	0.01373	0.01292	0.02180	0.72707	0.05006	0.01615	0.02019	0.01857	0.01453	0.01857	0.01292	0.01938	0.00969	0.00727	0.00727	0.00242	0.00969	0.00646	0.00323	0.00807
37	0.02593	0.01952	0.02086	0.01638	0.02189	0.02175	0.01340	0.56167	0.15023	0.04307	0.01961	0.01917	0.01411	0.00893	0.00729	0.00223	0.00760	0.00684	0.00729	0.01221
38	0.02784	0.02002	0.02161	0.01657	0.02237	0.02204	0.01368	0.64806	0.03361	0.07350	0.01792	0.01776	0.01260	0.00874	0.00727	0.00218	0.00792	0.00658	0.00734	0.01236
39	0.01943	0.74891	0.03809	0.01244	0.01866	0.02876	0.01244	0.02177	0.01477	0.01710	0.01011	0.01166	0.00933	0.00622	0.00466	0.00155	0.00777	0.00389	0.00311	0.00933
40	0.01548	0.01319	0.01556	0.03638	0.01858	0.01038	0.00921	0.04210	0.01575	0.02431	0.01308	0.01531	0.01079	0.00557	0.00552	0.00116	0.00563	0.00446	0.00438	0.73315
41	0.05778	0.06742	0.01733	0.01262	0.01757	0.01296	0.01040	0.03188	0.12195	0.44620	0.10194	0.02694	0.02329	0.00949	0.00715	0.00223	0.00590	0.00772	0.00802	0.01121
42	0.01047	0.00745	0.00995	0.00995	0.01065	0.00814	0.00692	0.01187	0.01117	0.01559	0.02106	0.03734	0.02199	0.37329	0.40218	0.00954	0.01373	0.00907	0.00413	0.00553
43	0.00887	0.00652	0.00833	0.00968	0.01045	0.00598	0.00658	0.01031	0.01457	0.01913	0.07100	0.61570	0.14258	0.02183	0.00915	0.00285	0.00411	0.01960	0.00680	0.00598
44	0.01888	0.08287	0.03321	0.02922	0.19780	0.08537	0.27471	0.02307	0.01641	0.04534	0.01349	0.01756	0.01088	0.00737	0.00979	0.00234	0.11116	0.00692	0.00373	0.00989
45	0.00951	0.00677	0.00911	0.01097	0.03286	0.00643	0.00697	0.01055	0.01343	0.01796	0.03606	0.60550	0.04289	0.10729	0.01325	0.03521	0.00478	0.01843	0.00622	0.00580
46	0.01029	0.00743	0.00972	0.00914	0.01086	0.00686	0.00686	0.01372	0.02058	0.02915	0.69536	0.05430	0.06859	0.01486	0.00857	0.00229	0.00343	0.01315	0.00800	0.00686
47	0.03780	0.16240	0.56898	0.01894	0.02870	0.01896	0.02377	0.02275	0.01516	0.02225	0.01244	0.01460	0.00919	0.00678	0.00644	0.00217	0.01007	0.00507	0.00312	0.01041
48	0.06193	0.01479	0.02336	0.50660	0.16643	0.03986	0.04561	0.01997	0.01509	0.02053	0.01291	0.01847	0.00996	0.00705	0.00712	0.00235	0.00947	0.00634	0.00341	0.00878
49	0.01263	0.00631	0.00947	0.00947	0.00947	0.00631	0.00631	0.00947	0.00947	0.01263	0.01263	0.02210	0.01263	0.02525	0.02841	0.78851	0.00631	0.00631	0.00316	0.00316
50	0.01263	0.00631	0.00947	0.00947	0.00947	0.00631	0.00631	0.00947	0.00947	0.01263	0.01263	0.02210	0.01263	0.02525	0.02841	0.78851	0.00631	0.00631	0.00316	0.00316
51	0.53492	0.09227	0.06724	0.01192	0.01719	0.04775	0.01072	0.09941	0.01577	0.03126	0.01126	0.01278	0.00872	0.00697	0.00511	0.00216	0.00682	0.00438	0.00455	0.00879
52	0.01355	0.01302	0.01130	0.01049	0.01315	0.13377	0.00794	0.05410	0.01956	0.02378	0.24991	0.05191	0.34076	0.01480	0.00814	0.00228	0.00554	0.01225	0.00663	0.00713
53	0.00885	0.00637	0.00839	0.01001	0.01051	0.00591	0.00670	0.01013	0.01402	0.01860	0.04142	0.71268	0.07432	0.02260	0.00925	0.00293	0.00420	0.02045	0.00675	0.00591
54	0.00892	0.00635	0.00842	0.01004	0.01045	0.00595	0.00666	0.01014	0.01380	0.01840	0.03944	0.71482	0.04730	0.04882	0.01028	0.00310	0.00432	0.02030	0.00666	0.00585
55	0.01502	0.01292	0.01536	0.04089	0.01861	0.00996	0.00910	0.01831	0.01505	0.02347	0.01292	0.01525	0.01072	0.00546	0.00546	0.00113	0.00556	0.00440	0.00426	0.75614
56	0.01797	0.01722	0.02895	0.04195	0.62763	0.01737	0.04189	0.02356	0.06661	0.02423	0.01489	0.01872	0.01230	0.00672	0.00725	0.00219	0.00853	0.00667	0.00388	0.01146
57	0.00984	0.00740	0.00884	0.00859	0.01033	0.00671	0.00632	0.01237	0.01802	0.02418	0.40143	0.05927	0.25692	0.10246	0.01199	0.00294	0.00404	0.03485	0.00715	0.00634
58	0.02169	0.01018	0.01323	0.01113	0.01449	0.00929	0.00853	0.04968	0.01895	0.35199	0.17802	0.08807	0.03288	0.14290	0.01305	0.00317	0.00565	0.01016	0.00772	0.00923
59	0.01742	0.01439	0.01656	0.01214	0.01827	0.01248	0.00982	0.13932	0.01846	0.02756	0.01364	0.01554	0.01102	0.00625	0.00635	0.00135	0.03029	0.00479	0.00482	0.61954
60	0.00963	0.00691	0.00916	0.01039	0.01105	0.00678	0.00712	0.02878	0.01407	0.01892	0.03629	0.60694	0.04266	0.05712	0.09307	0.00413	0.00623	0.01834	0.00633	0.00609
61	0.01228	0.00724	0.00962	0.01043	0.01168	0.00660	0.00727	0.01379	0.01500	0.11770	0.03956	0.61358	0.06585	0.02063	0.00897	0.00283	0.00448	0.01855	0.00707	0.00685
62	0.01038	0.00779	0.01168	0.01168	0.01298	0.00909	0.00909	0.01298	0.01168	0.01687	0.01947	0.02856	0.01817	0.05452	0.71573	0.01168	0.01947	0.00779	0.00389	0.00649
63	0.14736	0.15395	0.07465	0.01900	0.11827	0.07185	0.01459	0.18475	0.01993	0.05556	0.01383	0.01573	0.01084	0.00928	0.03367	0.00246	0.03390	0.00547	0.00475	0.01017
64	0.02589	0.03252	0.02072	0.02004	0.06689	0.64392	0.01429	0.02792	0.02019	0.01825	0.01361	0.01545	0.03386	0.00781	0.00667	0.00191	0.01248	0.00518	0.00384	0.00855
65	0.79588	0.01406	0.01068	0.00956	0.01406	0.01631	0.00787	0.02137	0.01237	0.03261	0.01012	0.01181	0.00787	0.00675	0.00450	0.00225	0.00562	0.00394	0.00450	0.00787
66	0.79588	0.01406	0.01068	0.00956	0.01406	0.01631	0.00787	0.02137	0.01237	0.03261	0.01012	0.01181	0.00787	0.00675	0.00450	0.00225	0.00562	0.00394	0.00450	0.00787
67	0.01507	0.01292	0.01507	0.01077	0.01723	0.00969	0.00861	0.01830	0.01507	0.02369	0.01292	0.01507	0.01077	0.00538	0.00538	0.00108	0.00538	0.00431	0.00431	0.78898
68	0.00889	0.00738	0.00778	0.00768	0.01000	0.00627	0.00576	0.01102	0.01728	0.02133	0.18432	0.06717	0.58450	0.01778	0.00859	0.00242	0.00364	0.01495	0.00697	0.00627
69	0.00889	0.00743	0.00778	0.00784	0.01020	0.00632	0.00598	0.01093	0.01685	0.02042	0.11442	0.06959	0.61430	0.01826	0.00868	0.00250	0.00384	0.05272	0.00683	0.00622
70	0.01171	0.00837	0.01171	0.01339	0.01506	0.00837	0.01171	0.01506	0.01673	0.02175	0.03849	0.08199	0.04183	0.02008	0.01004	0.00335	0.00669	0.65027	0.00669	0.00669
71	0.01026	0.00738	0.00960	0.00912	0.01072	0.00684	0.00675	0.01347	0.01994	0.02818	0.64628	0.07513	0.06614	0.04646	0.00982	0.00251	0.00361	0.01327	0.00781	0.00672
72	0.01716	0.01961	0.04289	0.03064	0.03799	0.01838	0.67279	0.02328	0.01716	0.02328	0.01471	0.01961	0.01103	0.00613	0.00858	0.00245	0.01225	0.00858	0.00368	0.00980
73	0.00865	0.00737	0.00745	0.00743	0.00986	0.00616	0.00557	0.01055	0.01672	0.01999	0.09660	0.06938	0.67306	0.01828	0.00859	0.00245	0.00367	0.01526	0.00680	0.00616
74	0.01458	0.03760	0.70688	0.02072	0.03146	0.01688	0.02686	0.02302	0.01535	0.02302	0.01304	0.01535	0.00921	0.00691	0.00691	0.00230	0.01074	0.00537	0.00307	0.01074
75	0.02715	0.03464	0.02060	0.01873	0.02247	0.71536	0.01404	0.02903	0.02060	0.01779	0.01124	0.01311	0.00936	0.00749	0.00655	0.00187	0.01311	0.00468	0.00375	0.00843
76	0.01458	0.03760	0.70688	0.02072	0.03146	0.01688	0.02686	0.02302	0.01535	0.02302	0.01304	0.01535	0.00921	0.00691	0.00691	0.00230	0.01074	0.00537	0.00307	0.01074
77	0.01049	0.00737	0.00955	0.00955	0.01011	0.00793	0.00643	0.01161	0.01105	0.01530	0.02142	0.03935	0.02286	0.44638	0.33028	0.00905	0.01242	0.00937	0.00418	0.00531
78	0.79588	0.01406	0.01068	0.00956	0.01406	0.01631	0.00787	0.02137	0.01237	0.03261	0.01012	0.01181	0.00787	0.00675	0.00450	0.00225	0.00562	0.00394	0.00450	0.00787
79	0.02763	0.02036	0.02182	0.01672	0.02254	0.02254	0.01382	0.67496	0.03418	0.04581	0.01745	0.01745	0.01236	0.00873	0.00727	0.00218	0.00800	0.00654	0.00727	0.01236
80	0.01038	0.00779	0.01168	0.01168	0.01298	0.00909	0.00909	0.01298	0.01168	0.01687	0.01947	0.02856	0.01817	0.05452	0.71573	0.01168	0.01947	0.00779	0.00389	0.00649
81	0.76309	0.01399	0.01095	0.00970	0.01425	0.01607	0.00799	0.02197	0.01273	0.06147	0.01092	0.01236	0.00831	0.00684	0.00462	0.00225	0.00565	0.00408	0.00469	0.00807
82	0.04932	0.47057	0.03069	0.01415	0.01931	0.20079	0.01264	0.04210	0.01680	0.01910	0.03454	0.01383	0.01145	0.00715	0.00598	0.00176	0.03262	0.00457	0.00361	0.00900
83	0.01943	0.74891	0.03809	0.01244	0.01866	0.02876	0.01244	0.02177	0.01477	0.01710	0.01011	0.01166	0.00933	0.00622	0.00466	0.00155	0.00777	0.00389	0.00311	0.00933
84	0.01793	0.01744	0.03050	0.04358	0.65018	0.01735	0.07053	0.02238	0.01660	0.02371	0.01375	0.01811	0.01148	0.00645	0.00730	0.00218	0.00890	0.00663	0.00360	0.01139
85	0.02890	0.06128	0.04288	0.01334	0.01920	0.01308	0.01146	0.07588	0.04717	0.51407	0.02504	0.02245	0.01637	0.00849	0.00698	0.00212	0.00649	0.00678	0.00788	0.07012
86	0.01038	0.00779	0.01168	0.01168	0.01298	0.00909	0.00909	0.01298	0.01168	0.01687	0.01947	0.02856	0.01817	0.05452	0.71573	0.01168	0.01947	0.00779	0.00389	0.00649
87	0.00886	0.00633	0.00843	0.01012	0.01054	0.00590	0.00675	0.01012	0.01392	0.01856	0.04006	0.73979	0.04808	0.02277	0.00928	0.00295	0.00422	0.02066	0.00675	0.00590
88	0.01567	0.01519	0.02212	0.22200	0.02808	0.02052	0.01706	0.03944	0.01287	0.01874	0.01077	0.01695	0.00968	0.01103	0.01855	0.00293	0.50055	0.00640	0.00333	0.00813
89	0.01709	0.01777	0.02217	0.02048	0.06488	0.09832	0.01588	0.01893	0.01257	0.01792	0.01037	0.01620	0.00997	0.01327	0.04637	0.00328	0.57679	0.00624	0.00330	0.00819
90	0.00886	0.00633	0.00843	0.01012	0.01054	0.00590	0.00675	0.01012	0.01392	0.01856	0.04006	0.73979	0.04808	0.02277	0.00928	0.00295	0.00422	0.02066	0.00675	0.00590
91	0.01154	0.00772	0.01004	0.00929	0.01127	0.00705	0.00703	0.01486	0.02042	0.06865	0.62988	0.05321	0.09192	0.01466	0.00850	0.00229	0.00360	0.01289	0.00801	0.00715
92	0.02029	0.01673	0.02179	0.12628	0.21634	0.04183	0.01607	0.15367	0.17551	0.07736	0.02130	0.02252	0.04064	0.00849	0.00731	0.00228	0.00778	0.00723	0.00566	0.01093
93	0.00937	0.00687	0.00890	0.01027	0.01125	0.00641	0.00746	0.01116	0.01501	0.01961	0.06518	0.50438	0.14129	0.02142	0.00929	0.00293	0.00456	0.13175	0.00678	0.00611
94	0.03261	0.01237	0.01687	0.01293	0.01856	0.01068	0.01068	0.03543	0.02081	0.70423	0.02868	0.02474	0.01799	0.00900	0.00731	0.00225	0.00619	0.00731	0.00900	0.01237
95	0.01373	0.01292	0.02180	0.72707	0.05006	0.01615	0.02019	0.01857	0.01453	0.01857	0.01292	0.01938	0.00969	0.00727	0.00727	0.00242	0.00969	0.00646	0.00323	0.00807
96	0.37916	0.04458	0.06287	0.14962	0.06406	0.01741	0.01339	0.09429	0.04091	0.05338	0.01324	0.01549	0.00996	0.00723	0.00586	0.00225	0.00728	0.00522	0.00463	0.00916
97	0.01526	0.01496	0.02103	0.01822	0.01837	0.02073	0.01511	0.01697	0.01120	0.01742	0.01070	0.01738	0.01055	0.01759	0.10436	0.00417	0.64841	0.00653	0.00326	0.00778
98	0.00886	0.00633	0.00843	0.01012	0.01054	0.00590	0.00675	0.01012	0.01392	0.01856	0.04006	0.73979	0.04808	0.02277	0.00928	0.00295	0.00422	0.02066	0.00675	0.00590
99	0.79588	0.01406	0.01068	0.00956	0.01406	0.01631	0.00787	0.02137	0.01237	0.03261	0.01012	0.01181	0.00787	0.00675	0.00450	0.00225	0.00562	0.00394	0.00450	0.00787
100	0.01936	0.41856	0.13762	0.01660	0.04541	0.12833	0.01569	0.02256	0.01536	0.01841	0.01079	0.01318	0.00942	0.00729	0.00766	0.00193	0.09466	0.00462	0.00322	0.00933
101	0.01930	0.59695	0.13238	0.01399	0.02075	0.04994	0.01460	0.04585	0.01575	0.01901	0.01083	0.01245	0.00942	0.00645	0.00514	0.00169	0.00839	0.00422	0.00328	0.00961
102	0.00956	0.00752	0.00872	0.00849	0.01061	0.00655	0.00630	0.01203	0.01783	0.02346	0.31374	0.12830	0.35448	0.01689	0.00852	0.00238	0.00371	0.01454	0.00714	0.03922
103	0.00924	0.00788	0.00801	0.00789	0.01042	0.00691	0.00594	0.01231	0.05871	0.02063	0.09179	0.06674	0.63284	0.01775	0.00852	0.00245	0.00380	0.01482	0.00683	0.00650
104	0.00905	0.00648	0.00861	0.00999	0.01059	0.00603	0.00676	0.01061	0.01482	0.02000	0.12917	0.64658	0.05087	0.02170	0.00918	0.00286	0.00411	0.01964	0.00692	0.00603
105	0.01038	0.00779	0.01168	0.01168	0.01298	0.00909	0.00909	0.01298	0.01168	0.01687	0.01947	0.02856	0.01817	0.05452	0.71573	0.01168	0.01947	0.00779	0.00389	0.00649
106	0.01808	0.01561	0.01644	0.01479	0.01890	0.01808	0.01151	0.03863	0.68606	0.03041	0.02959	0.02712	0.02219	0.00986	0.00740	0.00247	0.00575	0.00822	0.00740	0.01151
107	0.01808	0.01561	0.01644	0.01479	0.01890	0.01808	0.01151	0.03863	0.68606	0.03041	0.02959	0.02712	0.02219	0.00986	0.00740	0.00247	0.00575	0.00822	0.00740	0.01151
108	0.01943	0.74891	0.03809	0.01244	0.01866	0.02876	0.01244	0.02177	0.01477	0.01710	0.01011	0.01166	0.00933	0.00622	0.00466	0.00155	0.00777	0.00389	0.00311	0.00933
109	0.79588	0.01406	0.01068	0.00956	0.01406	0.01631	0.00787	0.02137	0.01237	0.03261	0.01012	0.01181	0.00787	0.00675	0.00450	0.00225	0.00562	0.00394	0.00450	0.00787
110	0.79588	0.01406	0.01068	0.00956	0.01406	0.01631	0.00787	0.02137	0.01237	0.03261	0.01012	0.01181	0.00787	0.00675	0.00450	0.00225	0.00562	0.00394	0.00450	0.00787
111	0.02300	0.01734	0.01874	0.01530	0.02017	0.01928	0.01232	0.36822	0.27094	0.06323	0.07408	0.02407	0.02046	0.00962	0.00742	0.00230	0.00676	0.00769	0.00744	0.01163
112	0.01436	0.01357	0.02295	0.62549	0.14669	0.01632	0.02050	0.01913	0.01484	0.01934	0.01303	0.01917	0.00996	0.00715	0.00726	0.00238	0.00953	0.00646	0.00328	0.00859
113	0.01511	0.14061	0.57885	0.01901	0.02870	0.01819	0.02388	0.02244	0.01549	0.02242	0.04193	0.01648	0.01178	0.00715	0.00665	0.00219	0.00999	0.00549	0.00329	0.01037
114	0.02047	0.02062	0.01753	0.01583	0.01984	0.20135	0.01217	0.03610	0.51115	0.02709	0.02476	0.02344	0.01882	0.00924	0.00718	0.00231	0.00769	0.00729	0.00644	0.01070
115	0.00886	0.00633	0.00843	0.01012	0.01054	0.00590	0.00675	0.01012	0.01392	0.01856	0.04006	0.73979	0.04808	0.02277	0.00928	0.00295	0.00422	0.02066	0.00675	0.00590
116	0.01695	0.07715	0.44354	0.01966	0.02803	0.11812	0.06951	0.04655	0.01688	0.02247	0.01596	0.04278	0.03488	0.00792	0.00700	0.00223	0.01043	0.00635	0.00363	0.00998
117	0.01784	0.01711	0.02923	0.06934	0.67568	0.01723	0.02223	0.02217	0.01648	0.02356	0.01365	0.01804	0.01145	0.00651	0.00720	0.00217	0.00867	0.00648	0.00358	0.01139
118	0.79588	0.01406	0.01068	0.00956	0.01406	0.01631	0.00787	0.02137	0.01237	0.03261	0.01012	0.01181	0.00787	0.00675	0.00450	0.00225	0.00562	0.00394	0.00450	0.00787
119	0.01919	0.01678	0.01702	0.01511	0.01933	0.04774	0.01179	0.08682	0.60829	0.03105	0.02789	0.02579	0.02090	0.00968	0.00735	0.00242	0.00623	0.00794	0.00723	0.01144
120	0.00898	0.00731	0.00794	0.00793	0.01009	0.00628	0.00589	0.01113	0.01727	0.02164	0.20692	0.10935	0.51811	0.01792	0.00863	0.00245	0.00366	0.01520	0.00702	0.00628
121	0.04612	0.01420	0.02027	0.31919	0.05775	0.03819	0.06010	0.01928	0.01528	0.02178	0.03130	0.01819	0.01175	0.00666	0.00657	0.00189	0.00804	0.00584	0.00387	0.29374
122	0.65591	0.01279	0.01041	0.00956	0.01346	0.01455	0.00768	0.01972	0.01331	0.03117	0.08092	0.07293	0.01708	0.00881	0.00528	0.00231	0.00529	0.00616	0.00502	0.00762
123	0.01961	0.63623	0.06219	0.01301	0.01908	0.05466	0.01288	0.02219	0.01510	0.04002	0.01127	0.01301	0.00998	0.00842	0.03482	0.00205	0.00855	0.00426	0.00336	0.00933
124	0.05171	0.19024	0.02171	0.01302	0.01832	0.04571	0.01113	0.07613	0.04792	0.36230	0.07193	0.02247	0.01877	0.00865	0.00665	0.00207	0.00675	0.00669	0.00695	0.01088
125	0.01022	0.00743	0.00962	0.00907	0.01081	0.00683	0.00680	0.01358	0.02040	0.02874	0.66864	0.05497	0.09556	0.01501	0.00857	0.00229	0.00344	0.01324	0.00795	0.00683
126	0.01052	0.00724	0.00888	0.00888	0.00921	0.00757	0.00560	0.01118	0.01085	0.01480	0.02203	0.04273	0.02433	0.56895	0.20972	0.00823	0.01021	0.00986	0.00427	0.00494
127	0.02761	0.01963	0.02127	0.01639	0.02213	0.02156	0.01351	0.60712	0.05795	0.09025	0.01868	0.01832	0.01312	0.00879	0.00728	0.00220	0.00779	0.00666	0.00739	0.01233

[dist]
# distance from previous block
# <min> <max>
0	17

[block]
# block no. 8 follows, 28 sequences, length 81
# corresponding to MSA columns:
# 422-502
name=unknown_I
#
# <colnr> <probs for GDERKNQSTAVLIFYWHMCP>
#	G	D	E	R	K	N	Q	S	T	A	V	L	I	F	Y	W	H	M	C	P
