[name]
unknown

[dist]
# distance from previous block
# <min> <max>
0	16

[block]
# block no. 0 follows, 28 sequences, length 15
# corresponding to MSA columns:
# 16-30
name=unknown_A
#
# <colnr> <probs for GDERKNQSTAVLIFYWHMCP>
#	G	D	E	R	K	N	Q	S	T	A	V	L	I	F	Y	W	H	M	C	P
0	0.01203	0.00929	0.01146	0.01226	0.01423	0.00957	0.00982	0.01832	0.15620	0.02257	0.04068	0.22798	0.10768	0.01842	0.00915	0.00297	0.00558	0.29747	0.00686	0.00745
1	0.01606	0.18006	0.44443	0.02089	0.03007	0.01960	0.14581	0.02281	0.01557	0.02186	0.01276	0.01540	0.00958	0.00662	0.00676	0.00218	0.01042	0.00567	0.00319	0.01028
2	0.65437	0.06960	0.05475	0.01090	0.01585	0.05247	0.00965	0.02188	0.01314	0.03017	0.01035	0.01207	0.00813	0.00676	0.00476	0.00218	0.00646	0.00406	0.00427	0.00818
3	0.00886	0.00633	0.00843	0.01012	0.01054	0.00590	0.00675	0.01012	0.01392	0.01856	0.04006	0.73979	0.04808	0.02277	0.00928	0.00295	0.00422	0.02066	0.00675	0.00590
4	0.02616	0.01894	0.02024	0.01568	0.02107	0.02089	0.01290	0.60612	0.03220	0.04385	0.01811	0.01846	0.01302	0.00870	0.00704	0.00213	0.00752	0.00657	0.08862	0.01178
5	0.01339	0.00947	0.01221	0.01104	0.01345	0.00920	0.03232	0.06204	0.06621	0.07137	0.33305	0.15978	0.10932	0.05178	0.00987	0.00266	0.00475	0.01309	0.00731	0.00769
6	0.00871	0.00737	0.00753	0.00749	0.00989	0.00619	0.00562	0.01067	0.01686	0.02032	0.11856	0.06882	0.65090	0.01815	0.00859	0.00244	0.00366	0.01518	0.00684	0.00619
7	0.01355	0.00678	0.00678	0.00678	0.00847	0.00678	0.00508	0.01694	0.01524	0.02710	0.02371	0.02710	0.01863	0.00847	0.00508	0.00169	0.00339	0.00678	0.78489	0.00678
8	0.09317	0.01608	0.01794	0.01405	0.01952	0.05873	0.01152	0.20753	0.02374	0.42745	0.02302	0.02097	0.01510	0.00865	0.00702	0.00221	0.00707	0.00666	0.00783	0.01175
9	0.60262	0.14557	0.01637	0.01058	0.01548	0.01897	0.00911	0.06804	0.01435	0.03079	0.01064	0.01218	0.00845	0.00679	0.00473	0.00212	0.00618	0.00411	0.00445	0.00845
10	0.00883	0.00643	0.00832	0.00983	0.01047	0.00593	0.00662	0.01015	0.01419	0.01867	0.04358	0.66972	0.11588	0.02232	0.00921	0.00290	0.00416	0.02011	0.00675	0.00593
11	0.79588	0.01406	0.01068	0.00956	0.01406	0.01631	0.00787	0.02137	0.01237	0.03261	0.01012	0.01181	0.00787	0.00675	0.00450	0.00225	0.00562	0.00394	0.00450	0.00787
12	0.01316	0.05435	0.03472	0.00996	0.01327	0.01011	0.00817	0.05281	0.07148	0.07022	0.15153	0.07487	0.37799	0.01505	0.00807	0.00236	0.00471	0.01257	0.00684	0.00778
13	0.01538	0.01098	0.05289	0.01043	0.01433	0.00840	0.00873	0.01834	0.01789	0.16753	0.18941	0.09337	0.22418	0.01335	0.00780	0.00220	0.00486	0.01132	0.00693	0.12167
14	0.01492	0.13905	0.56567	0.01885	0.02828	0.01792	0.02349	0.02203	0.01517	0.02188	0.01432	0.06042	0.01167	0.00781	0.00673	0.00223	0.00990	0.00612	0.00331	0.01023

[dist]
# distance from previous block
# <min> <max>
6	7

[block]
# block no. 1 follows, 28 sequences, length 10
# corresponding to MSA columns:
# 38-47
name=unknown_B
#
# <colnr> <probs for GDERKNQSTAVLIFYWHMCP>
#	G	D	E	R	K	N	Q	S	T	A	V	L	I	F	Y	W	H	M	C	P
0	0.00967	0.00791	0.00862	0.00851	0.01086	0.00710	0.00651	0.01299	0.05585	0.02231	0.19510	0.06504	0.49122	0.01730	0.00861	0.00247	0.00393	0.05233	0.00704	0.00662
1	0.65279	0.07796	0.01300	0.00977	0.01416	0.01650	0.00818	0.02067	0.01336	0.03092	0.07545	0.01585	0.01379	0.00747	0.00490	0.00219	0.00560	0.00481	0.00471	0.00790
2	0.01040	0.00772	0.01134	0.01134	0.01253	0.00890	0.00867	0.01276	0.01158	0.01662	0.01978	0.03027	0.01891	0.11657	0.65470	0.01127	0.01835	0.00804	0.00394	0.00630
3	0.02114	0.01587	0.01762	0.05540	0.02087	0.01755	0.01208	0.26122	0.28374	0.08279	0.02846	0.05191	0.07777	0.01045	0.00751	0.00236	0.00658	0.00852	0.00715	0.01101
4	0.01768	0.01701	0.02894	0.04076	0.60026	0.01664	0.05732	0.02200	0.01645	0.02372	0.01366	0.01782	0.01142	0.00636	0.00711	0.00208	0.00854	0.00640	0.00367	0.08219
5	0.49202	0.01835	0.10598	0.01295	0.01820	0.01778	0.01195	0.12390	0.04689	0.03242	0.01251	0.01409	0.00950	0.00756	0.00649	0.00231	0.04831	0.00487	0.00480	0.00912
6	0.01708	0.14666	0.45158	0.02228	0.12059	0.04445	0.02276	0.02349	0.01585	0.05174	0.01328	0.01545	0.00993	0.00685	0.00659	0.00215	0.00987	0.00535	0.00343	0.01061
7	0.01349	0.01177	0.01484	0.01371	0.01487	0.05158	0.01073	0.04466	0.01292	0.01807	0.01684	0.02625	0.01623	0.11941	0.39323	0.00805	0.19491	0.00753	0.00392	0.00699
8	0.01355	0.00678	0.00678	0.00678	0.00847	0.00678	0.00508	0.01694	0.01524	0.02710	0.02371	0.02710	0.01863	0.00847	0.00508	0.00169	0.00339	0.00678	0.78489	0.00678
9	0.00886	0.00633	0.00843	0.01012	0.01054	0.00590	0.00675	0.01012	0.01392	0.01856	0.04006	0.73979	0.04808	0.02277	0.00928	0.00295	0.00422	0.02066	0.00675	0.00590

[dist]
# distance from previous block
# <min> <max>
0	30

[block]
# block no. 2 follows, 28 sequences, length 139
# corresponding to MSA columns:
# 78-216
name=unknown_C
#
# <colnr> <probs for GDERKNQSTAVLIFYWHMCP>
#	G	D	E	R	K	N	Q	S	T	A	V	L	I	F	Y	W	H	M	C	P
0	0.01922	0.71801	0.06715	0.01280	0.01921	0.02825	0.01306	0.02182	0.01479	0.01736	0.01023	0.01182	0.00932	0.00625	0.00476	0.00159	0.00790	0.00395	0.00311	0.00939
1	0.02758	0.03290	0.02031	0.01827	0.02216	0.66005	0.01378	0.02953	0.02062	0.07166	0.01260	0.01402	0.01004	0.00761	0.00661	0.00190	0.01257	0.00489	0.00416	0.00874
2	0.00886	0.00633	0.00843	0.01012	0.01054	0.00590	0.00675	0.01012	0.01392	0.01856	0.04006	0.73979	0.04808	0.02277	0.00928	0.00295	0.00422	0.02066	0.00675	0.00590
3	0.01783	0.01711	0.02922	0.06972	0.67531	0.01723	0.02223	0.02217	0.01648	0.02356	0.01365	0.01804	0.01145	0.00651	0.00720	0.00217	0.00867	0.00648	0.00358	0.01139
4	0.01943	0.74891	0.03809	0.01244	0.01866	0.02876	0.01244	0.02177	0.01477	0.01710	0.01011	0.01166	0.00933	0.00622	0.00466	0.00155	0.00777	0.00389	0.00311	0.00933
5	0.00886	0.00633	0.00843	0.01012	0.01054	0.00590	0.00675	0.01012	0.01392	0.01856	0.04006	0.73979	0.04808	0.02277	0.00928	0.00295	0.00422	0.02066	0.00675	0.00590
6	0.00886	0.00633	0.00843	0.01012	0.01054	0.00590	0.00675	0.01012	0.01392	0.01856	0.04006	0.73979	0.04808	0.02277	0.00928	0.00295	0.00422	0.02066	0.00675	0.00590
7	0.01373	0.01292	0.02180	0.72707	0.05006	0.01615	0.02019	0.01857	0.01453	0.01857	0.01292	0.01938	0.00969	0.00727	0.00727	0.00242	0.00969	0.00646	0.00323	0.00807
8	0.01068	0.00710	0.00820	0.00820	0.00839	0.00721	0.00484	0.01106	0.01087	0.01490	0.02264	0.04504	0.02537	0.65290	0.09430	0.00722	0.00796	0.01017	0.03827	0.00469
9	0.00886	0.00633	0.00843	0.01012	0.01054	0.00590	0.00675	0.01012	0.01392	0.01856	0.04006	0.73979	0.04808	0.02277	0.00928	0.00295	0.00422	0.02066	0.00675	0.00590
10	0.01373	0.01292	0.02180	0.72707	0.05006	0.01615	0.02019	0.01857	0.01453	0.01857	0.01292	0.01938	0.00969	0.00727	0.00727	0.00242	0.00969	0.00646	0.00323	0.00807
11	0.01373	0.01292	0.02180	0.72707	0.05006	0.01615	0.02019	0.01857	0.01453	0.01857	0.01292	0.01938	0.00969	0.00727	0.00727	0.00242	0.00969	0.00646	0.00323	0.00807
12	0.01943	0.74891	0.03809	0.01244	0.01866	0.02876	0.01244	0.02177	0.01477	0.01710	0.01011	0.01166	0.00933	0.00622	0.00466	0.00155	0.00777	0.00389	0.00311	0.00933
13	0.02045	0.65463	0.03578	0.01327	0.01916	0.11939	0.01265	0.02272	0.01554	0.01719	0.01025	0.01185	0.00933	0.00639	0.00491	0.00160	0.00848	0.00399	0.00319	0.00921
14	0.01507	0.01292	0.01507	0.01077	0.01723	0.00969	0.00861	0.01830	0.01507	0.02369	0.01292	0.01507	0.01077	0.00538	0.00538	0.00108	0.00538	0.00431	0.00431	0.78898
15	0.01686	0.02504	0.24124	0.02702	0.03533	0.01812	0.44882	0.05295	0.01739	0.02423	0.01433	0.01823	0.01054	0.00648	0.00802	0.00239	0.01161	0.00752	0.00366	0.01020
16	0.02069	0.01738	0.01803	0.01649	0.04738	0.06506	0.01251	0.14962	0.44411	0.05774	0.02588	0.02628	0.01980	0.00975	0.00742	0.00239	0.00682	0.03438	0.00701	0.01128
17	0.01373	0.01292	0.02180	0.72707	0.05006	0.01615	0.02019	0.01857	0.01453	0.01857	0.01292	0.01938	0.00969	0.00727	0.00727	0.00242	0.00969	0.00646	0.00323	0.00807
18	0.01657	0.27263	0.46508	0.01786	0.02696	0.02098	0.02170	0.04196	0.01571	0.02174	0.01220	0.01419	0.00934	0.00673	0.00617	0.00205	0.00968	0.00491	0.00321	0.01032
19	0.01029	0.00743	0.00972	0.00914	0.01086	0.00686	0.00686	0.01372	0.02058	0.02915	0.69536	0.05430	0.06859	0.01486	0.00857	0.00229	0.00343	0.01315	0.00800	0.00686
20	0.01057	0.00705	0.00793	0.00793	0.00793	0.00705	0.00440	0.01057	0.01057	0.01409	0.02290	0.04757	0.02643	0.74454	0.03700	0.00705	0.00705	0.01057	0.00440	0.00440
21	0.01799	0.01727	0.02950	0.04462	0.69919	0.01727	0.02231	0.02231	0.01655	0.02375	0.01367	0.01799	0.01151	0.00648	0.00720	0.00216	0.00864	0.00648	0.00360	0.01151
22	0.01692	0.02068	0.08798	0.02941	0.03665	0.01846	0.59722	0.02299	0.01675	0.02299	0.01435	0.01914	0.01083	0.00649	0.00918	0.00247	0.04583	0.00825	0.00361	0.00978
23	0.01120	0.00763	0.01001	0.00930	0.01117	0.00701	0.00701	0.01460	0.02059	0.05670	0.66815	0.05309	0.06652	0.01462	0.00852	0.00228	0.00354	0.01291	0.00804	0.00708
24	0.01355	0.00678	0.00678	0.00678	0.00847	0.00678	0.00508	0.01694	0.01524	0.02710	0.02371	0.02710	0.01863	0.00847	0.00508	0.00169	0.00339	0.00678	0.78489	0.00678
25	0.02023	0.01696	0.02664	0.09234	0.51775	0.04653	0.02006	0.02426	0.01720	0.12416	0.01574	0.01889	0.01224	0.00696	0.00719	0.00218	0.00855	0.00652	0.00438	0.01124
26	0.01263	0.00631	0.00947	0.00947	0.00947	0.00631	0.00631	0.00947	0.00947	0.01263	0.01263	0.02210	0.01263	0.02525	0.02841	0.78851	0.00631	0.00631	0.00316	0.00316
27	0.02575	0.06525	0.02242	0.02142	0.10008	0.60377	0.01492	0.02792	0.01987	0.01844	0.01146	0.01360	0.00961	0.00732	0.00654	0.00189	0.01235	0.00485	0.00370	0.00882
28	0.01009	0.00841	0.00861	0.00838	0.01098	0.00773	0.00633	0.01447	0.10303	0.02174	0.09297	0.06203	0.55489	0.01675	0.00830	0.00242	0.00393	0.01398	0.03807	0.00689
29	0.01024	0.00739	0.00967	0.00918	0.01085	0.00683	0.00686	0.01360	0.02036	0.02880	0.67401	0.07663	0.06792	0.01512	0.00860	0.00231	0.00346	0.01339	0.00796	0.00683
30	0.19821	0.04298	0.01952	0.01558	0.04757	0.01946	0.01235	0.38909	0.02603	0.13515	0.01702	0.01706	0.01203	0.00815	0.00657	0.00218	0.00723	0.00598	0.00661	0.01123
31	0.01796	0.01735	0.02997	0.04413	0.67625	0.01731	0.04489	0.02234	0.01657	0.02373	0.01371	0.01805	0.01150	0.00646	0.00724	0.00217	0.00876	0.00655	0.00360	0.01145
32	0.01912	0.66960	0.03558	0.01264	0.01842	0.05495	0.01227	0.02146	0.01479	0.01711	0.01079	0.01287	0.00993	0.00957	0.05336	0.00226	0.00879	0.00419	0.00319	0.00910
33	0.00884	0.00638	0.00838	0.00997	0.01050	0.00592	0.00668	0.01014	0.01406	0.01861	0.04186	0.70394	0.08277	0.02254	0.00924	0.00293	0.00419	0.02038	0.00675	0.00592
34	0.00873	0.00731	0.00759	0.00764	0.00993	0.00618	0.00569	0.01066	0.01672	0.02028	0.11747	0.10466	0.61549	0.01838	0.00863	0.00247	0.00369	0.01546	0.00684	0.00618
35	0.01507	0.01292	0.01507	0.01077	0.01723	0.00969	0.00861	0.01830	0.01507	0.02369	0.01292	0.01507	0.01077	0.00538	0.00538	0.00108	0.00538	0.00431	0.00431	0.78898
36	0.00924	0.00793	0.00798	0.00787	0.01044	0.00695	0.00593	0.01236	0.06234	0.02037	0.07063	0.06703	0.65016	0.01783	0.00851	0.00246	0.00382	0.01485	0.00679	0.00650
37	0.00860	0.00732	0.00741	0.00747	0.00985	0.00613	0.00557	0.01042	0.01646	0.01959	0.07229	0.09680	0.67027	0.01858	0.00862	0.00247	0.00370	0.01555	0.00675	0.00613
38	0.01492	0.03519	0.61807	0.02204	0.03233	0.01708	0.11325	0.02306	0.01559	0.02306	0.01327	0.01592	0.00945	0.00680	0.00713	0.00232	0.01095	0.00580	0.00315	0.01062
39	0.01358	0.01251	0.01744	0.01560	0.01604	0.01658	0.01259	0.01530	0.01151	0.01718	0.01638	0.04796	0.03811	0.08082	0.20206	0.00564	0.44199	0.00785	0.00370	0.00717
40	0.01261	0.00738	0.00911	0.04685	0.01204	0.00793	0.00710	0.01558	0.01394	0.02310	0.02146	0.02691	0.01778	0.02241	0.21194	0.03617	0.00850	0.00703	0.48553	0.00662
41	0.01685	0.01884	0.03921	0.05463	0.03577	0.01885	0.55612	0.02229	0.01621	0.02229	0.01391	0.01908	0.01077	0.00710	0.01069	0.00255	0.11359	0.00819	0.00359	0.00948
42	0.01845	0.43858	0.17738	0.01519	0.02146	0.09016	0.01571	0.02204	0.01542	0.01899	0.04057	0.01477	0.01190	0.00737	0.00700	0.00190	0.06551	0.00488	0.00338	0.00933
43	0.01853	0.61709	0.16203	0.01397	0.02103	0.02656	0.01511	0.02200	0.01488	0.01820	0.01065	0.01234	0.00931	0.00635	0.00508	0.00169	0.00832	0.00416	0.00310	0.00959
44	0.01443	0.01358	0.02111	0.50508	0.04018	0.01729	0.01825	0.01996	0.07303	0.01936	0.01393	0.01967	0.01102	0.00999	0.03196	0.00285	0.14975	0.00664	0.00361	0.00831
45	0.02648	0.02937	0.02054	0.01788	0.02218	0.47938	0.01376	0.19288	0.08237	0.02597	0.01441	0.01543	0.01124	0.00801	0.00681	0.00200	0.01117	0.00546	0.00496	0.00969
46	0.01033	0.00697	0.00914	0.01043	0.01124	0.00660	0.00712	0.01241	0.04024	0.05113	0.03913	0.67874	0.04567	0.02163	0.00911	0.00290	0.00437	0.01956	0.00688	0.00642
47	0.00984	0.00708	0.00931	0.00945	0.01076	0.00656	0.00682	0.01258	0.01847	0.02580	0.48814	0.27107	0.06210	0.01736	0.00880	0.00250	0.00368	0.01552	0.00761	0.00656
48	0.00886	0.00633	0.00843	0.01012	0.01054	0.00590	0.00675	0.01012	0.01392	0.01856	0.04006	0.73979	0.04808	0.02277	0.00928	0.00295	0.00422	0.02066	0.00675	0.00590
49	0.02715	0.03464	0.02060	0.01873	0.02247	0.71536	0.01404	0.02903	0.02060	0.01779	0.01124	0.01311	0.00936	0.00749	0.00655	0.00187	0.01311	0.00468	0.00375	0.00843
50	0.03128	0.01371	0.01760	0.01358	0.01917	0.01277	0.01119	0.13207	0.04948	0.57785	0.02702	0.02374	0.01731	0.00899	0.00731	0.00225	0.00644	0.00723	0.00867	0.01233
51	0.01029	0.00743	0.00972	0.00914	0.01086	0.00686	0.00686	0.01372	0.02058	0.02915	0.69536	0.05430	0.06859	0.01486	0.00857	0.00229	0.00343	0.01315	0.00800	0.00686
52	0.01799	0.01727	0.02950	0.04462	0.69919	0.01727	0.02231	0.02231	0.01655	0.02375	0.01367	0.01799	0.01151	0.00648	0.00720	0.00216	0.00864	0.00648	0.00360	0.01151
53	0.01021	0.00743	0.00961	0.00906	0.01081	0.00682	0.00680	0.01356	0.02039	0.02870	0.66624	0.05503	0.09799	0.01503	0.00857	0.00229	0.00344	0.01325	0.00794	0.00682
54	0.00920	0.00657	0.00883	0.01052	0.01109	0.00620	0.00735	0.01072	0.01426	0.01894	0.03987	0.65979	0.04732	0.02245	0.00937	0.00300	0.00452	0.09724	0.00674	0.00600
55	0.01029	0.00743	0.00972	0.00914	0.01086	0.00686	0.00686	0.01372	0.02058	0.02915	0.69536	0.05430	0.06859	0.01486	0.00857	0.00229	0.00343	0.01315	0.00800	0.00686
56	0.01057	0.00705	0.00793	0.00793	0.00793	0.00705	0.00440	0.01057	0.01057	0.01409	0.02290	0.04757	0.02643	0.74454	0.03700	0.00705	0.00705	0.01057	0.00440	0.00440
57	0.00886	0.00633	0.00843	0.01012	0.01054	0.00590	0.00675	0.01012	0.01392	0.01856	0.04006	0.73979	0.04808	0.02277	0.00928	0.00295	0.00422	0.02066	0.00675	0.00590
58	0.01883	0.01599	0.01686	0.01494	0.01919	0.01843	0.01169	0.08856	0.63490	0.03162	0.02863	0.02636	0.02142	0.00977	0.00739	0.00244	0.00593	0.00809	0.00739	0.01157
59	0.01171	0.00837	0.01171	0.01339	0.01506	0.00837	0.01171	0.01506	0.01673	0.02175	0.03849	0.08199	0.04183	0.02008	0.01004	0.00335	0.00669	0.65027	0.00669	0.00669
60	0.01507	0.01292	0.01507	0.01077	0.01723	0.00969	0.00861	0.01830	0.01507	0.02369	0.01292	0.01507	0.01077	0.00538	0.00538	0.00108	0.00538	0.00431	0.00431	0.78898
61	0.00887	0.00729	0.00780	0.00785	0.01003	0.00623	0.00582	0.01090	0.01695	0.02097	0.16398	0.12191	0.54975	0.01823	0.00864	0.00247	0.00369	0.01544	0.00694	0.00623
62	0.01501	0.10055	0.64769	0.01999	0.03033	0.01793	0.02558	0.02291	0.01530	0.02250	0.01278	0.01502	0.00922	0.00685	0.00671	0.00224	0.01048	0.00524	0.00307	0.01062
63	0.01680	0.01314	0.01565	0.03283	0.01851	0.01042	0.00930	0.04285	0.01617	0.07559	0.01427	0.01602	0.01133	0.00583	0.00565	0.00124	0.00567	0.00468	0.00473	0.67932
64	0.11080	0.06443	0.01916	0.01477	0.01965	0.01995	0.01211	0.29510	0.26805	0.03571	0.02154	0.02291	0.01659	0.00927	0.00696	0.00231	0.00683	0.03607	0.00670	0.01108
65	0.02763	0.02036	0.02182	0.01672	0.02254	0.02254	0.01382	0.67496	0.03418	0.04581	0.01745	0.01745	0.01236	0.00873	0.00727	0.00218	0.00800	0.00654	0.00727	0.01236
66	0.02165	0.12983	0.02244	0.01827	0.08689	0.20798	0.01330	0.15158	0.11476	0.02562	0.04109	0.02039	0.01543	0.06348	0.00956	0.00245	0.03415	0.00641	0.00502	0.00969
67	0.05041	0.69799	0.05718	0.01257	0.01886	0.02790	0.01269	0.02179	0.01469	0.01790	0.01020	0.01178	0.00927	0.00626	0.00473	0.00161	0.00778	0.00393	0.00316	0.00931
68	0.00886	0.00736	0.00764	0.00758	0.00984	0.00626	0.00562	0.01079	0.01673	0.02041	0.13851	0.06724	0.59783	0.05117	0.00989	0.00265	0.00381	0.01489	0.00678	0.00614
69	0.01745	0.01426	0.01586	0.01228	0.01757	0.04374	0.00973	0.10564	0.01784	0.05741	0.01705	0.09603	0.01533	0.00831	0.00695	0.00161	0.03508	0.00665	0.00512	0.49608
70	0.01671	0.01990	0.07182	0.02936	0.03659	0.01781	0.61661	0.02274	0.01694	0.02308	0.01565	0.04828	0.01243	0.00683	0.00853	0.00246	0.01186	0.00892	0.00377	0.00969
71	0.01716	0.01961	0.04289	0.03064	0.03799	0.01838	0.67279	0.02328	0.01716	0.02328	0.01471	0.01961	0.01103	0.00613	0.00858	0.00245	0.01225	0.00858	0.00368	0.00980
72	0.00949	0.00774	0.00849	0.00888	0.01088	0.00706	0.00652	0.01265	0.06675	0.02024	0.06000	0.24840	0.44723	0.01900	0.00874	0.00262	0.00409	0.03792	0.00680	0.00650
73	0.01458	0.03760	0.70688	0.02072	0.03146	0.01688	0.02686	0.02302	0.01535	0.02302	0.01304	0.01535	0.00921	0.00691	0.00691	0.00230	0.01074	0.00537	0.00307	0.01074
74	0.01021	0.00755	0.01100	0.01121	0.01230	0.00855	0.00845	0.01245	0.01187	0.01687	0.02223	0.11650	0.02243	0.10277	0.57855	0.01027	0.01668	0.00956	0.00428	0.00626
75	0.00886	0.00633	0.00843	0.01012	0.01054	0.00590	0.00675	0.01012	0.01392	0.01856	0.04006	0.73979	0.04808	0.02277	0.00928	0.00295	0.00422	0.02066	0.00675	0.00590
76	0.01263	0.00631	0.00947	0.00947	0.00947	0.00631	0.00631	0.00947	0.00947	0.01263	0.01263	0.02210	0.01263	0.02525	0.02841	0.78851	0.00631	0.00631	0.00316	0.00316
77	0.48313	0.18699	0.04170	0.03660	0.01815	0.04593	0.03045	0.02225	0.01385	0.05028	0.01113	0.01288	0.00882	0.00673	0.00501	0.00209	0.00694	0.00434	0.00418	0.00855
78	0.00897	0.00662	0.00842	0.00974	0.01060	0.00607	0.00673	0.01049	0.01472	0.01924	0.06871	0.57509	0.16030	0.02164	0.00916	0.00286	0.00419	0.04365	0.00679	0.00601
79	0.01799	0.01727	0.02950	0.04462	0.69919	0.01727	0.02231	0.02231	0.01655	0.02375	0.01367	0.01799	0.01151	0.00648	0.00720	0.00216	0.00864	0.00648	0.00360	0.01151
80	0.02512	0.01851	0.01987	0.01555	0.02058	0.02043	0.01255	0.56593	0.05846	0.04123	0.01864	0.02159	0.01452	0.10011	0.01097	0.00280	0.00779	0.00711	0.00692	0.01134
81	0.02858	0.01476	0.01799	0.01420	0.01943	0.01462	0.01169	0.26435	0.02510	0.39756	0.02568	0.05866	0.01864	0.01014	0.00753	0.00232	0.00678	0.04207	0.00814	0.01176
82	0.00897	0.00728	0.00787	0.00790	0.00998	0.00627	0.00581	0.01097	0.01683	0.02097	0.17468	0.11908	0.51518	0.04386	0.00965	0.00263	0.00380	0.01522	0.00688	0.00618
83	0.01848	0.01581	0.01666	0.01487	0.01905	0.01827	0.01160	0.06519	0.65885	0.03105	0.02908	0.02672	0.02178	0.00981	0.00739	0.00245	0.00585	0.00815	0.00739	0.01154
84	0.04806	0.01339	0.01311	0.03288	0.01522	0.08702	0.00910	0.14608	0.04120	0.02595	0.04512	0.06277	0.02140	0.16024	0.06654	0.00385	0.00781	0.03392	0.15859	0.00776
85	0.02763	0.02036	0.02182	0.01672	0.02254	0.02254	0.01382	0.67496	0.03418	0.04581	0.01745	0.01745	0.01236	0.00873	0.00727	0.00218	0.00800	0.00654	0.00727	0.01236
86	0.02091	0.45468	0.09046	0.01521	0.02082	0.21326	0.01431	0.02361	0.01620	0.01782	0.01064	0.01260	0.00934	0.00697	0.00640	0.00179	0.04819	0.00436	0.00328	0.00913
87	0.01738	0.01006	0.01208	0.01055	0.01397	0.00943	0.00826	0.02272	0.11927	0.22077	0.21813	0.04639	0.23434	0.01348	0.00804	0.00235	0.00465	0.01138	0.00782	0.00893
88	0.01199	0.00835	0.01015	0.00941	0.01173	0.00777	0.00715	0.01626	0.06792	0.07335	0.45858	0.05390	0.20592	0.01491	0.00841	0.00234	0.00384	0.01289	0.00774	0.00741
89	0.08830	0.01263	0.01574	0.01222	0.01776	0.01110	0.01002	0.02955	0.04432	0.43492	0.02371	0.02338	0.01639	0.00834	0.00671	0.00201	0.00594	0.02822	0.00735	0.20137
90	0.01101	0.00870	0.01013	0.00952	0.01136	0.04001	0.00714	0.01430	0.02041	0.02822	0.63736	0.05302	0.09201	0.01466	0.00848	0.00227	0.00389	0.01284	0.00775	0.00690
91	0.00876	0.00737	0.00760	0.00754	0.00992	0.00621	0.00566	0.01076	0.01697	0.02058	0.13534	0.06840	0.63395	0.01806	0.00859	0.00244	0.00366	0.01512	0.00687	0.00621
92	0.01036	0.00757	0.00982	0.00964	0.01141	0.00703	0.00748	0.01365	0.01966	0.02724	0.54403	0.05980	0.11696	0.01595	0.00880	0.00246	0.00394	0.10974	0.00770	0.00677
93	0.02712	0.02011	0.02153	0.01662	0.02235	0.02230	0.01369	0.64090	0.06907	0.04499	0.01810	0.01797	0.01289	0.00879	0.00728	0.00220	0.00788	0.00663	0.00728	0.01232
94	0.00895	0.00645	0.00832	0.00977	0.01031	0.00600	0.00650	0.01017	0.01388	0.01833	0.04133	0.64377	0.09372	0.07180	0.01112	0.00320	0.00437	0.01959	0.00659	0.00582
95	0.00886	0.00633	0.00843	0.01012	0.01054	0.00590	0.00675	0.01012	0.01392	0.01856	0.04006	0.73979	0.04808	0.02277	0.00928	0.00295	0.00422	0.02066	0.00675	0.00590
96	0.01458	0.03760	0.70688	0.02072	0.03146	0.01688	0.02686	0.02302	0.01535	0.02302	0.01304	0.01535	0.00921	0.00691	0.00691	0.00230	0.01074	0.00537	0.00307	0.01074
97	0.11328	0.04923	0.02106	0.09033	0.08066	0.01966	0.01400	0.34624	0.07649	0.09246	0.01738	0.01815	0.01260	0.00816	0.00684	0.00221	0.00762	0.00631	0.00620	0.01114
98	0.01507	0.01292	0.01507	0.01077	0.01723	0.00969	0.00861	0.01830	0.01507	0.02369	0.01292	0.01507	0.01077	0.00538	0.00538	0.00108	0.00538	0.00431	0.00431	0.78898
99	0.00886	0.00633	0.00843	0.01012	0.01054	0.00590	0.00675	0.01012	0.01392	0.01856	0.04006	0.73979	0.04808	0.02277	0.00928	0.00295	0.00422	0.02066	0.00675	0.00590
100	0.01458	0.03760	0.70688	0.02072	0.03146	0.01688	0.02686	0.02302	0.01535	0.02302	0.01304	0.01535	0.00921	0.00691	0.00691	0.00230	0.01074	0.00537	0.00307	0.01074
101	0.02609	0.03198	0.02083	0.01864	0.02215	0.60693	0.01421	0.06634	0.02049	0.01943	0.01144	0.01364	0.00956	0.00807	0.00827	0.00202	0.08244	0.00496	0.00390	0.00861
102	0.00886	0.00633	0.00843	0.01012	0.01054	0.00590	0.00675	0.01012	0.01392	0.01856	0.04006	0.73979	0.04808	0.02277	0.00928	0.00295	0.00422	0.02066	0.00675	0.00590
103	0.01717	0.09214	0.56879	0.01910	0.02885	0.01709	0.02372	0.02443	0.01596	0.10540	0.01471	0.01619	0.01029	0.00710	0.00677	0.00224	0.00995	0.00549	0.00379	0.01083
104	0.05742	0.01062	0.01209	0.06627	0.01580	0.01144	0.00889	0.16285	0.01883	0.02862	0.02419	0.18125	0.02245	0.01335	0.03513	0.00257	0.00586	0.00966	0.30471	0.00798
105	0.08004	0.27487	0.36726	0.01803	0.05587	0.04788	0.01975	0.02266	0.01517	0.02163	0.01177	0.01385	0.00925	0.00666	0.00595	0.00202	0.00932	0.00478	0.00325	0.00998
106	0.04494	0.01341	0.03962	0.01286	0.01722	0.01262	0.01061	0.13356	0.09632	0.27071	0.18091	0.08180	0.03081	0.01127	0.00765	0.00232	0.00580	0.00944	0.00780	0.01034
107	0.01057	0.00705	0.00793	0.00793	0.00793	0.00705	0.00440	0.01057	0.01057	0.01409	0.02290	0.04757	0.02643	0.74454	0.03700	0.00705	0.00705	0.01057	0.00440	0.00440
108	0.02096	0.01920	0.01792	0.01569	0.02002	0.12237	0.01225	0.13956	0.48236	0.03101	0.02491	0.02348	0.01870	0.00933	0.00725	0.00233	0.00721	0.00742	0.00683	0.01119
109	0.01458	0.03760	0.70688	0.02072	0.03146	0.01688	0.02686	0.02302	0.01535	0.02302	0.01304	0.01535	0.00921	0.00691	0.00691	0.00230	0.01074	0.00537	0.00307	0.01074
110	0.01871	0.64326	0.13743	0.01367	0.02056	0.02700	0.01458	0.02195	0.01486	0.01798	0.01054	0.01221	0.00931	0.00632	0.00500	0.00167	0.00821	0.00411	0.00310	0.00954
111	0.01943	0.74891	0.03809	0.01244	0.01866	0.02876	0.01244	0.02177	0.01477	0.01710	0.01011	0.01166	0.00933	0.00622	0.00466	0.00155	0.00777	0.00389	0.00311	0.00933
112	0.01263	0.00631	0.00947	0.00947	0.00947	0.00631	0.00631	0.00947	0.00947	0.01263	0.01263	0.02210	0.01263	0.02525	0.02841	0.78851	0.00631	0.00631	0.00316	0.00316
113	0.01799	0.01727	0.02950	0.04462	0.69919	0.01727	0.02231	0.02231	0.01655	0.02375	0.01367	0.01799	0.01151	0.00648	0.00720	0.00216	0.00864	0.00648	0.00360	0.01151
114	0.00920	0.00657	0.00883	0.01052	0.01109	0.00620	0.00735	0.01072	0.01426	0.01894	0.03987	0.65979	0.04732	0.02245	0.00937	0.00300	0.00452	0.09724	0.00674	0.00600
115	0.01022	0.00738	0.00966	0.00919	0.01084	0.00681	0.00685	0.01355	0.02026	0.02865	0.66467	0.08641	0.06763	0.01523	0.00861	0.00232	0.00347	0.01350	0.00794	0.00681
116	0.01716	0.01961	0.04289	0.03064	0.03799	0.01838	0.67279	0.02328	0.01716	0.02328	0.01471	0.01961	0.01103	0.00613	0.00858	0.00245	0.01225	0.00858	0.00368	0.00980
117	0.00886	0.00633	0.00843	0.01012	0.01054	0.00590	0.00675	0.01012	0.01392	0.01856	0.04006	0.73979	0.04808	0.02277	0.00928	0.00295	0.00422	0.02066	0.00675	0.00590
118	0.01029	0.00743	0.00972	0.00914	0.01086	0.00686	0.00686	0.01372	0.02058	0.02915	0.69536	0.05430	0.06859	0.01486	0.00857	0.00229	0.00343	0.01315	0.00800	0.00686
119	0.00904	0.00651	0.00848	0.00982	0.01044	0.00605	0.00661	0.01049	0.01454	0.01943	0.10232	0.61747	0.07952	0.04975	0.01025	0.00302	0.00423	0.01932	0.00677	0.00595
120	0.01841	0.01578	0.01662	0.01486	0.01903	0.01824	0.01159	0.06088	0.66326	0.03095	0.02916	0.02678	0.02185	0.00982	0.00739	0.00246	0.00583	0.00816	0.00739	0.01154
121	0.00886	0.00633	0.00843	0.01012	0.01054	0.00590	0.00675	0.01012	0.01392	0.01856	0.04006	0.73979	0.04808	0.02277	0.00928	0.00295	0.00422	0.02066	0.00675	0.00590
122	0.01057	0.00705	0.00793	0.00793	0.00793	0.00705	0.00440	0.01057	0.01057	0.01409	0.02290	0.04757	0.02643	0.74454	0.03700	0.00705	0.00705	0.01057	0.00440	0.00440
123	0.01373	0.01292	0.02180	0.72707	0.05006	0.01615	0.02019	0.01857	0.01453	0.01857	0.01292	0.01938	0.00969	0.00727	0.00727	0.00242	0.00969	0.00646	0.00323	0.00807
124	0.02715	0.03464	0.02060	0.01873	0.02247	0.71536	0.01404	0.02903	0.02060	0.01779	0.01124	0.01311	0.00936	0.00749	0.00655	0.00187	0.01311	0.00468	0.00375	0.00843
125	0.00912	0.00714	0.00826	0.00849	0.01027	0.00628	0.00617	0.01127	0.01706	0.02201	0.23727	0.21994	0.37393	0.01844	0.00874	0.00252	0.00374	0.01596	0.00709	0.00628
126	0.00886	0.00633	0.00843	0.01012	0.01054	0.00590	0.00675	0.01012	0.01392	0.01856	0.04006	0.73979	0.04808	0.02277	0.00928	0.00295	0.00422	0.02066	0.00675	0.00590
127	0.03242	0.01268	0.01706	0.01308	0.01871	0.01114	0.01080	0.05997	0.02132	0.67896	0.02825	0.02446	0.01778	0.00899	0.00731	0.00225	0.00625	0.00728	0.00893	0.01237
128	0.00913	0.00738	0.00811	0.00793	0.01015	0.00637	0.00595	0.01147	0.01784	0.02265	0.27053	0.06500	0.49747	0.01729	0.00859	0.00240	0.00360	0.01465	0.00715	0.00637
129	0.01731	0.01957	0.03907	0.02852	0.03465	0.04267	0.55281	0.02262	0.01638	0.02224	0.01382	0.01884	0.01075	0.00715	0.01078	0.00254	0.11908	0.00812	0.00361	0.00948
130	0.05062	0.53834	0.20609	0.01441	0.02170	0.02524	0.01589	0.02207	0.01482	0.01925	0.01085	0.01260	0.00924	0.00641	0.00522	0.00177	0.00843	0.00426	0.00316	0.00963
131	0.00888	0.00734	0.00758	0.00754	0.00973	0.00626	0.00552	0.01067	0.01635	0.01984	0.11294	0.06699	0.59633	0.07882	0.01096	0.00283	0.00395	0.01479	0.00664	0.00604
132	0.02552	0.01878	0.02041	0.01565	0.02146	0.02009	0.01285	0.52642	0.06591	0.06435	0.01785	0.01788	0.01286	0.00832	0.00701	0.00204	0.00745	0.00634	0.00692	0.12187
133	0.01479	0.01055	0.01249	0.01166	0.01456	0.01028	0.00868	0.06338	0.14210	0.08219	0.03298	0.36098	0.05977	0.01547	0.00802	0.00245	0.00508	0.01359	0.00673	0.12426
134	0.01455	0.01503	0.02579	0.02036	0.02397	0.03886	0.27487	0.01797	0.01509	0.02046	0.02408	0.18584	0.07654	0.01240	0.01190	0.00265	0.16716	0.01111	0.00455	0.03682
135	0.01682	0.01907	0.04149	0.02980	0.03687	0.01787	0.64561	0.02275	0.01702	0.02309	0.01574	0.04900	0.01254	0.00681	0.00861	0.00247	0.01193	0.00907	0.00380	0.00964
136	0.01738	0.01663	0.02819	0.07962	0.63632	0.01676	0.02151	0.02162	0.01644	0.02330	0.01608	0.02019	0.03936	0.00701	0.00726	0.00219	0.00849	0.00684	0.00371	0.01111
137	0.02652	0.01417	0.01716	0.01361	0.01850	0.01409	0.01106	0.23978	0.04756	0.34795	0.11470	0.05625	0.02433	0.01030	0.00755	0.00227	0.00631	0.00843	0.00815	0.01133
138	0.59666	0.04784	0.01289	0.01028	0.01486	0.01548	0.00850	0.02321	0.01396	0.14293	0.01457	0.04719	0.01146	0.00783	0.00519	0.00225	0.00575	0.00526	0.00528	0.00860

[dist]
# distance from previous block
# <min> <max>
0	4

[block]
# block no. 3 follows, 28 sequences, length 31
# corresponding to MSA columns:
# 221-251
name=unknown_D
#
# <colnr> <probs for GDERKNQSTAVLIFYWHMCP>
#	G	D	E	R	K	N	Q	S	T	A	V	L	I	F	Y	W	H	M	C	P
0	0.01512	0.01948	0.14349	0.06265	0.02962	0.01714	0.28707	0.02008	0.01460	0.02075	0.01417	0.01973	0.01160	0.01598	0.13386	0.00417	0.15072	0.00736	0.00349	0.00893
1	0.01022	0.00705	0.00833	0.00854	0.00886	0.00705	0.00522	0.01074	0.01144	0.01525	0.02761	0.13538	0.06606	0.54399	0.09827	0.00672	0.00771	0.01186	0.00479	0.00490
2	0.00981	0.00675	0.00880	0.00987	0.01079	0.00621	0.00680	0.01145	0.01523	0.04257	0.12875	0.57332	0.10067	0.02093	0.00907	0.00280	0.00414	0.01882	0.00699	0.00626
3	0.02342	0.01671	0.01826	0.01465	0.01907	0.01817	0.01163	0.48784	0.02822	0.06233	0.02102	0.09829	0.01832	0.11396	0.01168	0.00295	0.00740	0.00863	0.00687	0.01056
4	0.00947	0.00703	0.00925	0.03503	0.01225	0.00682	0.00738	0.01179	0.04282	0.01954	0.06753	0.63157	0.06985	0.02120	0.00907	0.00287	0.00442	0.01914	0.00671	0.00627
5	0.01373	0.01292	0.02180	0.72707	0.05006	0.01615	0.02019	0.01857	0.01453	0.01857	0.01292	0.01938	0.00969	0.00727	0.00727	0.00242	0.00969	0.00646	0.00323	0.00807
6	0.01983	0.71218	0.03719	0.01276	0.01885	0.06407	0.01252	0.02214	0.01507	0.01714	0.01016	0.01173	0.00933	0.00628	0.00476	0.00157	0.00805	0.00393	0.00314	0.00928
7	0.04045	0.06550	0.02755	0.41928	0.11469	0.01780	0.14726	0.04297	0.01590	0.02135	0.01323	0.01844	0.01016	0.00692	0.00725	0.00233	0.00976	0.00662	0.00353	0.00902
8	0.01057	0.00705	0.00793	0.00793	0.00793	0.00705	0.00440	0.01057	0.01057	0.01409	0.02290	0.04757	0.02643	0.74454	0.03700	0.00705	0.00705	0.01057	0.00440	0.00440
9	0.00895	0.00640	0.00852	0.01005	0.01056	0.00597	0.00676	0.01037	0.01437	0.01928	0.08502	0.69276	0.04948	0.02223	0.00923	0.00291	0.00416	0.02015	0.00683	0.00597
10	0.01491	0.08640	0.66099	0.02015	0.03058	0.01770	0.02587	0.02293	0.01531	0.02261	0.01284	0.01509	0.00922	0.00686	0.00675	0.00225	0.01054	0.00527	0.00307	0.01065
11	0.00901	0.00644	0.00857	0.01002	0.01058	0.00601	0.00676	0.01050	0.01463	0.01968	0.10986	0.66678	0.05026	0.02193	0.00920	0.00288	0.00413	0.01986	0.00688	0.00601
12	0.00899	0.00642	0.00859	0.01027	0.01076	0.00602	0.00698	0.01035	0.01405	0.01871	0.03999	0.70887	0.04778	0.02265	0.00931	0.00297	0.00433	0.05027	0.00675	0.00594
13	0.01353	0.00936	0.01034	0.00945	0.01046	0.00974	0.00604	0.12586	0.01467	0.01960	0.02196	0.04234	0.02399	0.61686	0.03184	0.00620	0.00721	0.00987	0.00490	0.00579
14	0.01511	0.01633	0.06688	0.45326	0.11940	0.03510	0.06355	0.01974	0.01474	0.01962	0.01268	0.01840	0.00994	0.00774	0.00931	0.00246	0.09721	0.00648	0.00330	0.00875
15	0.01458	0.03760	0.70688	0.02072	0.03146	0.01688	0.02686	0.02302	0.01535	0.02302	0.01304	0.01535	0.00921	0.00691	0.00691	0.00230	0.01074	0.00537	0.00307	0.01074
16	0.02715	0.03464	0.02060	0.01873	0.02247	0.71536	0.01404	0.02903	0.02060	0.01779	0.01124	0.01311	0.00936	0.00749	0.00655	0.00187	0.01311	0.00468	0.00375	0.00843
17	0.01017	0.00739	0.00957	0.00910	0.01081	0.00680	0.00680	0.01345	0.02018	0.02838	0.64651	0.07895	0.09402	0.01529	0.00860	0.00232	0.00347	0.01350	0.00791	0.00680
18	0.01225	0.00898	0.01211	0.01351	0.01539	0.00919	0.01170	0.01705	0.07335	0.02249	0.03773	0.07735	0.04017	0.01922	0.00982	0.00327	0.00661	0.59596	0.00675	0.00710
19	0.01879	0.65435	0.12700	0.01354	0.02036	0.02718	0.01435	0.02193	0.01485	0.01789	0.01050	0.01215	0.00931	0.00631	0.00496	0.00165	0.00817	0.00408	0.00310	0.00952
20	0.00901	0.00683	0.00832	0.00912	0.01037	0.00613	0.00639	0.01081	0.01582	0.02063	0.15817	0.42211	0.24970	0.02014	0.00895	0.00269	0.00392	0.01780	0.00695	0.00613
21	0.00911	0.00730	0.00781	0.00779	0.00974	0.00636	0.00561	0.01092	0.01625	0.02023	0.15558	0.08652	0.49401	0.11599	0.01244	0.00307	0.00412	0.01455	0.00661	0.00600
22	0.00880	0.00654	0.00821	0.00954	0.01039	0.00595	0.00649	0.01019	0.01447	0.01878	0.04711	0.59923	0.18409	0.02186	0.00913	0.00285	0.00410	0.01955	0.00675	0.00595
23	0.01094	0.00757	0.00965	0.00914	0.01104	0.00688	0.00685	0.01402	0.01971	0.05583	0.55211	0.09358	0.14432	0.01551	0.00856	0.00234	0.00362	0.01360	0.00782	0.00695
24	0.00896	0.00713	0.00807	0.00855	0.01035	0.00624	0.00626	0.01086	0.01622	0.02031	0.12037	0.25312	0.43110	0.01935	0.00884	0.00262	0.00394	0.04470	0.00686	0.00616
25	0.02177	0.01686	0.01808	0.01527	0.01998	0.01901	0.01216	0.23003	0.45237	0.07295	0.02588	0.02408	0.01899	0.00947	0.00735	0.00237	0.00645	0.00766	0.00745	0.01181
26	0.01716	0.01961	0.04289	0.03064	0.03799	0.01838	0.67279	0.02328	0.01716	0.02328	0.01471	0.01961	0.01103	0.00613	0.00858	0.00245	0.01225	0.00858	0.00368	0.00980
27	0.01721	0.01767	0.02331	0.01948	0.02155	0.08355	0.10053	0.02276	0.12993	0.02049	0.01431	0.01866	0.01231	0.01282	0.04936	0.00323	0.41310	0.00689	0.00406	0.00879
28	0.01138	0.00804	0.00945	0.00886	0.01124	0.00722	0.00672	0.01471	0.04286	0.07149	0.36285	0.05791	0.32875	0.01578	0.00845	0.00236	0.00381	0.01350	0.00752	0.00710
29	0.50028	0.07570	0.13372	0.03764	0.01826	0.01654	0.01173	0.02119	0.01341	0.02871	0.01194	0.01405	0.00925	0.00691	0.00508	0.00216	0.00663	0.00453	0.07388	0.00840
30	0.56534	0.06303	0.01386	0.01062	0.01518	0.01719	0.00885	0.11467	0.01611	0.03307	0.03686	0.01494	0.01138	0.00738	0.00509	0.00217	0.00591	0.00479	0.04506	0.00852

[dist]
# distance from previous block
# <min> <max>
0	3

[block]
# block no. 4 follows, 28 sequences, length 30
# corresponding to MSA columns:
# 255-284
name=unknown_E
#
# <colnr> <probs for GDERKNQSTAVLIFYWHMCP>
#	G	D	E	R	K	N	Q	S	T	A	V	L	I	F	Y	W	H	M	C	P
0	0.01058	0.00811	0.01169	0.01165	0.01271	0.00936	0.00889	0.01285	0.01248	0.01782	0.06631	0.12635	0.02532	0.07786	0.49132	0.00905	0.06679	0.00991	0.00452	0.00644
1	0.00918	0.00646	0.00834	0.00971	0.01005	0.00612	0.00631	0.01021	0.01329	0.01772	0.03684	0.60990	0.04401	0.15821	0.01448	0.00372	0.00475	0.01877	0.00631	0.00562
2	0.01453	0.01332	0.02137	0.61046	0.04480	0.01668	0.01905	0.04772	0.01513	0.01996	0.01316	0.01923	0.01008	0.00785	0.00866	0.00246	0.07291	0.00646	0.02794	0.00821
3	0.01663	0.01805	0.03421	0.02577	0.03003	0.02002	0.39629	0.02085	0.01462	0.02085	0.01253	0.01805	0.01040	0.00890	0.01501	0.00276	0.31489	0.00765	0.00347	0.00902
4	0.01943	0.74891	0.03809	0.01244	0.01866	0.02876	0.01244	0.02177	0.01477	0.01710	0.01011	0.01166	0.00933	0.00622	0.00466	0.00155	0.00777	0.00389	0.00311	0.00933
5	0.02606	0.03256	0.02167	0.02183	0.10359	0.63167	0.01504	0.02822	0.02011	0.01850	0.01153	0.01369	0.00962	0.00737	0.00663	0.00191	0.01257	0.00490	0.00373	0.00880
6	0.00909	0.00636	0.00845	0.00999	0.01037	0.00598	0.00662	0.01012	0.01358	0.01810	0.03814	0.67787	0.04562	0.05764	0.01138	0.03443	0.00444	0.01961	0.00649	0.00572
7	0.00896	0.00641	0.00853	0.01005	0.01057	0.00597	0.00676	0.01038	0.01439	0.01932	0.08705	0.69064	0.04955	0.02221	0.00923	0.00290	0.00416	0.02013	0.00684	0.00597
8	0.00898	0.00638	0.00840	0.00996	0.01036	0.00599	0.00658	0.01015	0.01368	0.01824	0.03883	0.69016	0.04652	0.07452	0.01127	0.00325	0.00442	0.01994	0.00658	0.00580
9	0.00886	0.00633	0.00843	0.01012	0.01054	0.00590	0.00675	0.01012	0.01392	0.01856	0.04006	0.73979	0.04808	0.02277	0.00928	0.00295	0.00422	0.02066	0.00675	0.00590
10	0.01476	0.06424	0.68183	0.02041	0.03098	0.01733	0.02632	0.02297	0.01533	0.02280	0.01293	0.01521	0.00921	0.00688	0.00682	0.00227	0.01063	0.00532	0.00307	0.01069
11	0.01115	0.00953	0.00984	0.00939	0.01224	0.00930	0.00715	0.01796	0.19207	0.02288	0.08942	0.05805	0.49215	0.01602	0.00828	0.00245	0.00421	0.01338	0.00697	0.00757
12	0.01052	0.00722	0.00879	0.00876	0.00913	0.00745	0.00550	0.01125	0.01141	0.01559	0.06387	0.04416	0.02738	0.56052	0.17178	0.00768	0.00932	0.01017	0.00452	0.00498
13	0.01441	0.01371	0.01940	0.01708	0.01743	0.01870	0.01406	0.01627	0.01128	0.01733	0.01223	0.01932	0.01188	0.02402	0.21092	0.00548	0.53879	0.00675	0.00337	0.00756
14	0.01190	0.01017	0.01299	0.01266	0.01404	0.05850	0.00988	0.01438	0.01226	0.01698	0.01825	0.02666	0.01700	0.04852	0.62128	0.01045	0.06606	0.00748	0.00384	0.00672
15	0.00903	0.00767	0.00784	0.00787	0.01027	0.00666	0.00587	0.01167	0.04628	0.02005	0.06959	0.10954	0.62601	0.01830	0.00858	0.00249	0.00381	0.01535	0.00678	0.00636
16	0.01020	0.00694	0.00828	0.00864	0.00881	0.00694	0.00520	0.01064	0.01135	0.01521	0.02628	0.19154	0.03042	0.54759	0.07597	0.00649	0.00727	0.01250	0.00486	0.00486
17	0.01222	0.01066	0.03397	0.01581	0.08294	0.03697	0.01179	0.01524	0.01633	0.02129	0.05880	0.21495	0.06758	0.01816	0.00924	0.00297	0.00647	0.35121	0.00622	0.00717
18	0.71269	0.01442	0.01083	0.00975	0.01403	0.04439	0.00794	0.02139	0.01290	0.03164	0.01106	0.01287	0.00864	0.00689	0.00462	0.00220	0.00578	0.00415	0.05596	0.00782
19	0.01716	0.01961	0.04289	0.03064	0.03799	0.01838	0.67279	0.02328	0.01716	0.02328	0.01471	0.01961	0.01103	0.00613	0.00858	0.00245	0.01225	0.00858	0.00368	0.00980
20	0.01594	0.35112	0.29663	0.01526	0.02243	0.02052	0.01722	0.02065	0.01530	0.02036	0.05926	0.08355	0.01679	0.00860	0.00623	0.00203	0.00833	0.00664	0.00375	0.00940
21	0.01656	0.01273	0.01516	0.01163	0.01735	0.01037	0.00949	0.05967	0.01686	0.06976	0.01770	0.02490	0.01554	0.00781	0.00626	0.00153	0.00578	0.09191	0.00512	0.58387
22	0.01458	0.03760	0.70688	0.02072	0.03146	0.01688	0.02686	0.02302	0.01535	0.02302	0.01304	0.01535	0.00921	0.00691	0.00691	0.00230	0.01074	0.00537	0.00307	0.01074
23	0.01010	0.00725	0.00932	0.01056	0.01134	0.00700	0.00721	0.05405	0.01526	0.02036	0.03857	0.69207	0.04572	0.02185	0.00915	0.00290	0.00447	0.01973	0.00678	0.00633
24	0.00907	0.00727	0.00810	0.00812	0.01017	0.00630	0.00600	0.01127	0.01735	0.02203	0.23421	0.13520	0.46349	0.01792	0.00866	0.00246	0.00367	0.01531	0.00708	0.00630
25	0.02805	0.01176	0.01555	0.01225	0.01719	0.01040	0.01000	0.05734	0.02104	0.54833	0.11271	0.03112	0.06991	0.01034	0.00755	0.00226	0.00575	0.00854	0.00865	0.01127
26	0.01791	0.01803	0.02640	0.17023	0.47959	0.09396	0.02051	0.02196	0.01653	0.02194	0.01408	0.04023	0.01207	0.00725	0.00720	0.00220	0.00919	0.00672	0.00364	0.01034
27	0.07094	0.01375	0.06937	0.01283	0.01825	0.01096	0.01126	0.03068	0.01987	0.52040	0.11827	0.02736	0.02371	0.00952	0.00729	0.00226	0.00613	0.00777	0.00814	0.01123
28	0.01520	0.01417	0.01818	0.01520	0.01738	0.03979	0.02920	0.01753	0.01328	0.02012	0.01631	0.02072	0.05367	0.01248	0.04671	0.00282	0.37303	0.00655	0.07991	0.18774
29	0.01393	0.03447	0.09016	0.05849	0.01982	0.01221	0.07226	0.10976	0.01780	0.02397	0.07187	0.27238	0.04815	0.06605	0.01035	0.00291	0.00693	0.05479	0.00574	0.00796

[dist]
# distance from previous block
# <min> <max>
3	9

[block]
# block no. 5 follows, 28 sequences, length 16
# corresponding to MSA columns:
# 294-309
name=unknown_F
#
# <colnr> <probs for GDERKNQSTAVLIFYWHMCP>
#	G	D	E	R	K	N	Q	S	T	A	V	L	I	F	Y	W	H	M	C	P
0	0.17351	0.37800	0.16695	0.01339	0.01990	0.02170	0.01407	0.02213	0.01504	0.05512	0.05148	0.01555	0.01288	0.00710	0.00544	0.00192	0.00762	0.00490	0.00395	0.00933
1	0.05607	0.01598	0.01899	0.01866	0.12625	0.05044	0.01285	0.09601	0.17792	0.23121	0.02195	0.02128	0.01572	0.00820	0.00694	0.00213	0.00689	0.00670	0.00661	0.09920
2	0.06231	0.10033	0.12860	0.02781	0.25794	0.04209	0.13677	0.02228	0.03618	0.02356	0.05969	0.02084	0.03486	0.00750	0.00708	0.00219	0.00892	0.00695	0.00403	0.01007
3	0.04859	0.03643	0.01703	0.01326	0.01829	0.05435	0.01075	0.09191	0.13561	0.35746	0.02877	0.02642	0.07437	0.00952	0.00714	0.00220	0.00647	0.00759	0.00754	0.04629
4	0.02492	0.01764	0.01914	0.01516	0.02022	0.01939	0.01237	0.48471	0.09922	0.07795	0.02004	0.02021	0.01453	0.01044	0.03188	0.00250	0.00761	0.00683	0.08373	0.01152
5	0.01072	0.00727	0.00924	0.00945	0.01100	0.00658	0.00682	0.01301	0.01732	0.06187	0.29875	0.32445	0.15985	0.01821	0.00878	0.00257	0.00394	0.01612	0.00736	0.00668
6	0.04531	0.23848	0.09446	0.01633	0.02184	0.28624	0.01451	0.11961	0.05798	0.02330	0.01300	0.01430	0.01046	0.00735	0.00613	0.00191	0.00995	0.00497	0.00423	0.00965
7	0.08098	0.10015	0.02282	0.01575	0.02152	0.02279	0.01324	0.55687	0.03050	0.04172	0.01613	0.01642	0.01171	0.00831	0.00679	0.00212	0.00781	0.00607	0.00662	0.01171
8	0.00886	0.00633	0.00843	0.01012	0.01054	0.00590	0.00675	0.01012	0.01392	0.01856	0.04006	0.73979	0.04808	0.02277	0.00928	0.00295	0.00422	0.02066	0.00675	0.00590
9	0.01733	0.01836	0.06904	0.06330	0.50098	0.01787	0.08046	0.02176	0.01585	0.02277	0.01324	0.01780	0.01105	0.00720	0.00918	0.00232	0.09059	0.00659	0.00351	0.01079
