[name]
unknown

[dist]
# distance from previous block
# <min> <max>
0	32

[block]
# block no. 0 follows, 29 sequences, length 28
# corresponding to MSA columns:
# 32-59
name=unknown_A
#
# <colnr> <probs for GDERKNQSTAVLIFYWHMCP>
#	G	D	E	R	K	N	Q	S	T	A	V	L	I	F	Y	W	H	M	C	P
0	0.01752	0.01654	0.12677	0.01878	0.09820	0.01359	0.03903	0.09849	0.08106	0.10398	0.02591	0.04208	0.02373	0.01219	0.00813	0.00262	0.00760	0.24831	0.00594	0.00954
1	0.06877	0.03671	0.10073	0.01373	0.01912	0.05005	0.01223	0.05979	0.15280	0.24249	0.05795	0.04585	0.01881	0.00886	0.00681	0.00213	0.00668	0.00711	0.00648	0.08289
2	0.01644	0.14061	0.37272	0.01916	0.08595	0.01731	0.01956	0.04450	0.05880	0.06003	0.05677	0.04629	0.01556	0.00804	0.00670	0.00216	0.00857	0.00648	0.00420	0.01015
3	0.03685	0.20139	0.09060	0.05242	0.02107	0.05483	0.01311	0.14246	0.09804	0.07205	0.02109	0.02143	0.07585	0.00838	0.00637	0.00198	0.00740	0.00639	0.00514	0.06317
4	0.16437	0.02431	0.32879	0.01543	0.02252	0.03727	0.01688	0.05560	0.04004	0.04392	0.05014	0.01784	0.01338	0.01007	0.04924	0.00266	0.00882	0.00562	0.00424	0.08887
5	0.06210	0.01511	0.01813	0.08745	0.10038	0.03219	0.01273	0.19442	0.09840	0.09470	0.07884	0.02430	0.05468	0.00886	0.00696	0.00211	0.00678	0.00727	0.00600	0.08858
6	0.06642	0.01391	0.01735	0.01403	0.04297	0.01285	0.04622	0.13197	0.04362	0.13147	0.06050	0.04415	0.01694	0.00783	0.00644	0.00177	0.00617	0.00653	0.00577	0.32308
7	0.01715	0.01667	0.02915	0.11050	0.59012	0.01689	0.07145	0.02157	0.01606	0.02273	0.01340	0.01788	0.01107	0.00639	0.00716	0.00216	0.00883	0.00650	0.00350	0.01082
8	0.01643	0.01308	0.01738	0.01665	0.11015	0.01214	0.04697	0.08272	0.07404	0.07198	0.06731	0.03110	0.12074	0.00961	0.00705	0.00196	0.00610	0.04267	0.00563	0.24629
9	0.01645	0.01572	0.02679	0.23675	0.52144	0.01661	0.02127	0.02083	0.01566	0.02184	0.01319	0.01800	0.01078	0.00656	0.00707	0.00219	0.00875	0.00634	0.00342	0.01034
10	0.01474	0.01219	0.01557	0.05293	0.05871	0.01054	0.01004	0.01798	0.01566	0.04657	0.12296	0.02166	0.01974	0.00743	0.00702	0.00153	0.04494	0.00605	0.00479	0.50893
11	0.01345	0.01266	0.02136	0.73264	0.04904	0.01582	0.01978	0.01819	0.01424	0.01819	0.01266	0.01898	0.00949	0.00712	0.00712	0.00237	0.00949	0.00633	0.00316	0.00791
12	0.01477	0.01266	0.01477	0.01055	0.01687	0.00949	0.00844	0.01793	0.01477	0.02320	0.01266	0.01477	0.01055	0.00527	0.00527	0.00105	0.00527	0.00422	0.00422	0.79328
13	0.00854	0.00709	0.00735	0.00752	0.00959	0.00604	0.00547	0.01020	0.01566	0.01884	0.06618	0.13579	0.60043	0.05712	0.00995	0.00269	0.00383	0.01531	0.00649	0.00590
14	0.00976	0.00727	0.00911	0.00892	0.01067	0.00662	0.00675	0.01268	0.01878	0.02567	0.49766	0.09455	0.19283	0.01599	0.00853	0.00237	0.00365	0.05424	0.00745	0.00652
15	0.01347	0.01286	0.02238	0.63509	0.04597	0.01546	0.07422	0.01813	0.01442	0.01858	0.01423	0.05800	0.01162	0.00784	0.00733	0.00240	0.00941	0.00725	0.00339	0.00794
16	0.00861	0.00645	0.00800	0.00923	0.01015	0.00584	0.00631	0.00999	0.01429	0.01844	0.04756	0.57411	0.21273	0.02123	0.00892	0.00277	0.00400	0.01892	0.00661	0.00584
17	0.64598	0.01357	0.01144	0.00997	0.01432	0.01533	0.00817	0.06273	0.01456	0.07280	0.06383	0.01582	0.01308	0.00746	0.00504	0.00220	0.00552	0.00490	0.00510	0.00817
18	0.00893	0.00720	0.00800	0.00842	0.01022	0.00641	0.00607	0.01132	0.04019	0.01985	0.09781	0.27501	0.43765	0.01884	0.00858	0.00255	0.00383	0.01626	0.00671	0.00617
19	0.01007	0.00678	0.00785	0.00813	0.00821	0.00671	0.00471	0.01028	0.01092	0.01456	0.02532	0.16633	0.02952	0.62506	0.03159	0.00622	0.00643	0.01205	0.00471	0.00457
20	0.00865	0.00631	0.00814	0.00961	0.01025	0.00581	0.00647	0.00995	0.01393	0.01830	0.04300	0.66789	0.12188	0.02182	0.00901	0.00284	0.00407	0.01965	0.00661	0.00581
21	0.00877	0.00723	0.00774	0.00793	0.01011	0.00621	0.00602	0.01075	0.01634	0.01992	0.10716	0.10865	0.57347	0.01819	0.00856	0.00249	0.00385	0.06385	0.00669	0.00608
22	0.02767	0.01899	0.02078	0.01593	0.02160	0.02066	0.01316	0.60234	0.03187	0.12640	0.01844	0.01797	0.01279	0.00858	0.00713	0.00215	0.00762	0.00650	0.00733	0.01211
23	0.01558	0.01558	0.02181	0.01869	0.01869	0.02181	0.01558	0.01714	0.01091	0.01714	0.00935	0.01558	0.00935	0.01246	0.02337	0.00312	0.73672	0.00623	0.00312	0.00779
24	0.02530	0.01868	0.02058	0.07010	0.02338	0.02078	0.01355	0.59564	0.03103	0.04187	0.01709	0.01775	0.01224	0.00843	0.00701	0.00213	0.00772	0.00642	0.04883	0.01150
25	0.01254	0.01078	0.01077	0.01029	0.01218	0.08190	0.00726	0.01540	0.05587	0.02063	0.15801	0.20767	0.05783	0.18213	0.01420	0.00329	0.00570	0.01185	0.02587	0.09580
26	0.00929	0.00702	0.00877	0.00936	0.01036	0.00676	0.00655	0.01089	0.01454	0.01926	0.13315	0.37310	0.18519	0.09529	0.04970	0.00356	0.02901	0.01599	0.00628	0.00591
27	0.01017	0.00715	0.00892	0.00855	0.00966	0.00678	0.00590	0.01238	0.01681	0.02351	0.46940	0.05094	0.05307	0.26590	0.01792	0.00383	0.00457	0.01202	0.00663	0.00590

[dist]
# distance from previous block
# <min> <max>
0	9

[block]
# block no. 1 follows, 29 sequences, length 55
# corresponding to MSA columns:
# 69-123
name=unknown_B
#
# <colnr> <probs for GDERKNQSTAVLIFYWHMCP>
#	G	D	E	R	K	N	Q	S	T	A	V	L	I	F	Y	W	H	M	C	P
0	0.02707	0.01995	0.02137	0.01638	0.02208	0.02208	0.01353	0.68159	0.03348	0.04488	0.01710	0.01710	0.01211	0.00855	0.00712	0.00214	0.00784	0.00641	0.00712	0.01211
1	0.00974	0.00711	0.00906	0.00887	0.01039	0.00653	0.00648	0.01254	0.01853	0.02570	0.52600	0.14591	0.12490	0.04471	0.00958	0.00252	0.00362	0.01396	0.00742	0.00643
2	0.01163	0.00768	0.00966	0.00893	0.01108	0.00690	0.00678	0.01463	0.01940	0.08523	0.51914	0.05374	0.18870	0.01475	0.00830	0.00227	0.00364	0.01281	0.00768	0.00704
3	0.01246	0.00665	0.00694	0.00706	0.00836	0.00662	0.00499	0.01509	0.01409	0.02386	0.02425	0.08144	0.02157	0.13089	0.01040	0.00261	0.00396	0.00822	0.60435	0.00619
4	0.01606	0.00982	0.01029	0.00912	0.01146	0.01032	0.00689	0.17241	0.01858	0.02884	0.02166	0.02752	0.01802	0.12668	0.01047	0.00261	0.00496	0.00718	0.47958	0.00756
5	0.01863	0.01180	0.01377	0.01200	0.01563	0.01207	0.00939	0.06449	0.24677	0.19277	0.16017	0.07872	0.10907	0.01205	0.00768	0.00234	0.00511	0.01019	0.00762	0.00973
6	0.03074	0.01296	0.01691	0.01309	0.01853	0.01185	0.01077	0.08970	0.05892	0.61598	0.02721	0.02376	0.01739	0.00884	0.00716	0.00221	0.00619	0.00715	0.00858	0.01207
7	0.74489	0.01365	0.01090	0.00960	0.01409	0.01558	0.00791	0.02192	0.01271	0.08066	0.01122	0.01248	0.00842	0.00677	0.00460	0.00220	0.00555	0.00409	0.00472	0.00803
8	0.00972	0.00726	0.00902	0.00858	0.01042	0.00657	0.00644	0.01275	0.01931	0.02656	0.56653	0.05648	0.20348	0.01530	0.00840	0.00227	0.00341	0.01334	0.00758	0.00657
9	0.00945	0.00667	0.00859	0.00947	0.01011	0.00633	0.00643	0.01096	0.01438	0.01948	0.16482	0.42915	0.04630	0.17039	0.01459	0.00361	0.00469	0.05250	0.00637	0.00571
10	0.05511	0.01229	0.01632	0.01263	0.01805	0.01090	0.01041	0.03439	0.04495	0.66421	0.02756	0.02393	0.01747	0.00878	0.00708	0.00221	0.00603	0.00709	0.00862	0.01195
11	0.00868	0.00620	0.00826	0.00991	0.01033	0.00578	0.00661	0.00991	0.01363	0.01818	0.03925	0.74510	0.04710	0.02231	0.00909	0.00289	0.00413	0.02024	0.00661	0.00578
12	0.00877	0.00624	0.00824	0.00980	0.01019	0.00585	0.00648	0.00994	0.01345	0.01794	0.03832	0.70664	0.04593	0.06237	0.01058	0.00311	0.00428	0.01970	0.00648	0.00570
13	0.00866	0.00625	0.00821	0.00978	0.01029	0.00580	0.00655	0.00993	0.01376	0.01823	0.04088	0.71140	0.07974	0.02210	0.00906	0.00287	0.00411	0.01998	0.00661	0.00580
14	0.00868	0.00620	0.00826	0.00991	0.01033	0.00578	0.00661	0.00991	0.01363	0.01818	0.03925	0.74510	0.04710	0.02231	0.00909	0.00289	0.00413	0.02024	0.00661	0.00578
15	0.01477	0.01266	0.01477	0.01055	0.01687	0.00949	0.00844	0.01793	0.01477	0.02320	0.01266	0.01477	0.01055	0.00527	0.00527	0.00105	0.00527	0.00422	0.00422	0.79328
16	0.00968	0.00712	0.00909	0.00914	0.01068	0.00654	0.00680	0.01243	0.01822	0.02498	0.45750	0.18382	0.14723	0.01674	0.00861	0.00244	0.00372	0.05145	0.00738	0.00644
17	0.00877	0.00624	0.00823	0.00979	0.01018	0.00585	0.00648	0.00994	0.01345	0.01793	0.03828	0.70508	0.04588	0.06399	0.01064	0.00312	0.00429	0.01968	0.00648	0.00570
18	0.03195	0.01212	0.01652	0.01267	0.01818	0.01047	0.01047	0.03470	0.02038	0.71026	0.02809	0.02424	0.01763	0.00881	0.00716	0.00220	0.00606	0.00716	0.00881	0.01212
19	0.01727	0.01642	0.02790	0.04195	0.66577	0.01642	0.02126	0.02145	0.01622	0.02315	0.01479	0.02122	0.01298	0.00711	0.00721	0.00218	0.00835	0.04365	0.00370	0.01101
20	0.02629	0.03252	0.02057	0.01918	0.04748	0.65599	0.01405	0.06456	0.02077	0.01917	0.01143	0.01326	0.00941	0.00737	0.00648	0.00186	0.01240	0.00475	0.00386	0.00858
21	0.01771	0.01530	0.01610	0.01449	0.01852	0.01771	0.01127	0.03784	0.69247	0.02979	0.02898	0.02657	0.02174	0.00966	0.00725	0.00242	0.00564	0.00805	0.00725	0.01127
22	0.01017	0.00763	0.01144	0.01144	0.01272	0.00890	0.00890	0.01272	0.01144	0.01653	0.01907	0.02797	0.01780	0.05340	0.72153	0.01144	0.01907	0.00763	0.00381	0.00636
23	0.00859	0.00720	0.00734	0.00732	0.00956	0.00609	0.00540	0.01036	0.01607	0.01932	0.09573	0.06666	0.63816	0.05864	0.00996	0.00265	0.00378	0.01468	0.00654	0.00595
24	0.02707	0.01995	0.02137	0.01638	0.02208	0.02208	0.01353	0.68159	0.03348	0.04488	0.01710	0.01710	0.01211	0.00855	0.00712	0.00214	0.00784	0.00641	0.00712	0.01211
25	0.01428	0.03683	0.71286	0.02030	0.03082	0.01654	0.02631	0.02255	0.01503	0.02255	0.01278	0.01503	0.00902	0.00677	0.00677	0.00226	0.01052	0.00526	0.00301	0.01052
26	0.02660	0.03394	0.02018	0.01834	0.02201	0.72116	0.01376	0.02843	0.02018	0.01743	0.01101	0.01284	0.00917	0.00734	0.00642	0.00183	0.01284	0.00459	0.00367	0.00825
27	0.03160	0.01268	0.01687	0.01294	0.01846	0.01130	0.01069	0.08116	0.02132	0.66248	0.02730	0.02372	0.01723	0.00879	0.00716	0.00220	0.00619	0.00711	0.00869	0.01212
28	0.00868	0.00620	0.00826	0.00991	0.01033	0.00578	0.00661	0.00991	0.01363	0.01818	0.03925	0.74510	0.04710	0.02231	0.00909	0.00289	0.00413	0.02024	0.00661	0.00578
29	0.01135	0.00811	0.01134	0.01298	0.01456	0.00809	0.01127	0.01455	0.01627	0.02118	0.03777	0.10881	0.04124	0.01978	0.00980	0.00326	0.00645	0.63010	0.00656	0.00652
30	0.01477	0.01266	0.01477	0.01055	0.01687	0.00949	0.00844	0.01793	0.01477	0.02320	0.01266	0.01477	0.01055	0.00527	0.00527	0.00105	0.00527	0.00422	0.00422	0.79328
31	0.80005	0.01377	0.01047	0.00936	0.01377	0.01597	0.00771	0.02093	0.01212	0.03195	0.00991	0.01157	0.00771	0.00661	0.00441	0.00220	0.00551	0.00386	0.00441	0.00771
32	0.02707	0.01995	0.02137	0.01638	0.02208	0.02208	0.01353	0.68159	0.03348	0.04488	0.01710	0.01710	0.01211	0.00855	0.00712	0.00214	0.00784	0.00641	0.00712	0.01211
33	0.02972	0.01162	0.01581	0.01229	0.01741	0.01008	0.01008	0.03253	0.02036	0.64070	0.09682	0.02719	0.02268	0.00940	0.00729	0.00221	0.00578	0.00774	0.00871	0.01157
34	0.02457	0.02096	0.02070	0.11364	0.06303	0.18658	0.01443	0.31283	0.02473	0.10055	0.01602	0.01743	0.01175	0.00938	0.02943	0.00239	0.00946	0.00607	0.00564	0.01040
35	0.02119	0.01760	0.01785	0.01375	0.01942	0.08734	0.01106	0.26068	0.06111	0.05486	0.01557	0.01642	0.01186	0.00704	0.00624	0.00164	0.00702	0.00537	0.00555	0.35841
36	0.01137	0.00813	0.01133	0.01282	0.01446	0.00809	0.01113	0.01466	0.01666	0.02183	0.08538	0.07837	0.04286	0.01930	0.00973	0.00320	0.00633	0.61112	0.00665	0.00657
37	0.00880	0.00637	0.00826	0.00972	0.01031	0.00592	0.00658	0.01010	0.01380	0.01820	0.04121	0.64483	0.09863	0.04876	0.01006	0.00301	0.00427	0.03888	0.00652	0.00577
38	0.02707	0.01995	0.02137	0.01638	0.02208	0.02208	0.01353	0.68159	0.03348	0.04488	0.01710	0.01710	0.01211	0.00855	0.00712	0.00214	0.00784	0.00641	0.00712	0.01211
39	0.11121	0.10496	0.02051	0.01587	0.01987	0.35660	0.01259	0.09924	0.08812	0.02327	0.01342	0.01501	0.01087	0.00910	0.02767	0.00228	0.05092	0.00516	0.00441	0.00895
40	0.01627	0.15561	0.10475	0.14215	0.09780	0.01989	0.20268	0.02072	0.01473	0.02001	0.01218	0.01653	0.00989	0.00738	0.00962	0.00231	0.12871	0.00631	0.00328	0.00920
41	0.01783	0.43484	0.18735	0.01539	0.02140	0.06312	0.01601	0.02134	0.01435	0.01817	0.01053	0.01298	0.00915	0.00732	0.00813	0.00196	0.12330	0.00456	0.00308	0.00919
42	0.01101	0.00751	0.00965	0.00898	0.01092	0.00684	0.00678	0.01419	0.01979	0.06162	0.60751	0.05322	0.12579	0.01461	0.00834	0.00225	0.00352	0.01280	0.00777	0.00692
43	0.02449	0.01685	0.01870	0.01484	0.01969	0.01815	0.01204	0.50062	0.02910	0.10878	0.05890	0.10411	0.01979	0.01050	0.00743	0.00224	0.00698	0.00845	0.00728	0.01108
44	0.04589	0.30142	0.26626	0.11363	0.02727	0.02091	0.04054	0.02156	0.01464	0.03937	0.01191	0.01450	0.00940	0.00682	0.00666	0.00203	0.03944	0.00501	0.00328	0.00944
45	0.21525	0.01251	0.01508	0.01188	0.01713	0.01178	0.00981	0.03142	0.01841	0.54839	0.02375	0.02121	0.01526	0.00829	0.00650	0.00220	0.00593	0.00637	0.00776	0.01107
46	0.02304	0.05472	0.02064	0.11440	0.02484	0.41854	0.01421	0.11330	0.04522	0.02158	0.01302	0.01555	0.01051	0.00998	0.04278	0.00248	0.03688	0.00537	0.00416	0.00876
47	0.01638	0.01491	0.02276	0.35986	0.26601	0.05568	0.01896	0.02055	0.01574	0.05474	0.01573	0.02370	0.01319	0.00803	0.00729	0.00232	0.00891	0.06217	0.00389	0.00917
48	0.00937	0.00649	0.00806	0.00902	0.00926	0.00625	0.00566	0.01010	0.01227	0.01636	0.03226	0.45461	0.03828	0.32484	0.02038	0.00456	0.00528	0.01613	0.00566	0.00517
49	0.01033	0.00745	0.00932	0.00891	0.01084	0.00681	0.00678	0.01325	0.01865	0.04413	0.47344	0.05580	0.21631	0.01736	0.04394	0.00277	0.00439	0.03553	0.00732	0.00667
50	0.02078	0.07646	0.04901	0.03056	0.36534	0.26612	0.01804	0.02479	0.04393	0.02097	0.01289	0.01575	0.01072	0.00682	0.00665	0.00199	0.00990	0.00557	0.00367	0.01003
51	0.01809	0.47299	0.14487	0.05383	0.11532	0.02391	0.01623	0.04583	0.01549	0.01969	0.01125	0.01344	0.00954	0.00638	0.00549	0.00179	0.00831	0.00461	0.00326	0.00970
52	0.00920	0.00696	0.00854	0.00938	0.01056	0.00647	0.00656	0.01166	0.04419	0.02032	0.13610	0.46963	0.19470	0.01976	0.00877	0.00267	0.00397	0.01756	0.00680	0.00620
53	0.01787	0.01560	0.01816	0.01964	0.14891	0.06349	0.01312	0.12510	0.24354	0.02861	0.11479	0.03094	0.02518	0.01173	0.03163	0.00263	0.00722	0.06566	0.00618	0.00999
54	0.11828	0.13401	0.03915	0.01520	0.02043	0.18534	0.01278	0.28590	0.02351	0.07984	0.01439	0.01503	0.01076	0.00763	0.00624	0.00199	0.00864	0.00531	0.00539	0.01019

[dist]
# distance from previous block
# <min> <max>
5	12

[block]
# block no. 2 follows, 29 sequences, length 37
# corresponding to MSA columns:
# 136-172
name=unknown_C
#
# <colnr> <probs for GDERKNQSTAVLIFYWHMCP>
#	G	D	E	R	K	N	Q	S	T	A	V	L	I	F	Y	W	H	M	C	P
0	0.01629	0.01673	0.03105	0.10447	0.03187	0.01634	0.37205	0.04783	0.01626	0.02281	0.01351	0.01780	0.01053	0.00661	0.00874	0.00215	0.06995	0.00697	0.00379	0.18425
1	0.06547	0.05411	0.10143	0.39712	0.18069	0.01685	0.04584	0.01997	0.01472	0.02074	0.01258	0.01740	0.00973	0.00679	0.00681	0.00225	0.00914	0.00601	0.00331	0.00903
2	0.00868	0.00653	0.00805	0.00914	0.01016	0.00589	0.00630	0.01018	0.01467	0.01901	0.08331	0.52785	0.22288	0.02076	0.00887	0.00273	0.00395	0.01846	0.00668	0.00589
3	0.00874	0.00701	0.00781	0.00807	0.00993	0.00608	0.00588	0.01067	0.01631	0.02051	0.16645	0.21018	0.46059	0.01838	0.00856	0.00248	0.00368	0.01579	0.00681	0.00608
4	0.16764	0.01207	0.01478	0.01191	0.01675	0.01133	0.00969	0.04766	0.01861	0.50415	0.02559	0.09041	0.01850	0.00970	0.00685	0.00227	0.00583	0.00779	0.00777	0.01072
5	0.01572	0.01855	0.09759	0.22882	0.16793	0.04107	0.24547	0.02088	0.01576	0.02116	0.01462	0.05273	0.01202	0.00728	0.00758	0.00233	0.01011	0.00754	0.00355	0.00931
6	0.01176	0.00999	0.01499	0.11236	0.01898	0.01257	0.01180	0.01440	0.01172	0.01689	0.01614	0.02413	0.01488	0.03841	0.47624	0.00844	0.16869	0.00716	0.00358	0.00687
7	0.01042	0.00776	0.01004	0.01105	0.01282	0.00738	0.00923	0.01323	0.01657	0.02131	0.10984	0.10743	0.21359	0.01889	0.00930	0.00294	0.00538	0.39975	0.00670	0.00639
8	0.02340	0.01667	0.01985	0.01869	0.11087	0.01784	0.01330	0.38121	0.09429	0.11326	0.02149	0.09891	0.01745	0.00991	0.00735	0.00225	0.00709	0.00817	0.00679	0.01122
9	0.02103	0.37296	0.14399	0.01631	0.04840	0.19183	0.01517	0.02432	0.01648	0.07258	0.01221	0.01362	0.00988	0.00673	0.00568	0.00180	0.00927	0.00460	0.00366	0.00947
10	0.00990	0.00710	0.00938	0.01079	0.01164	0.00686	0.00784	0.03507	0.01490	0.01977	0.03814	0.58469	0.04460	0.02128	0.00917	0.00294	0.00475	0.14838	0.00662	0.00617
11	0.70923	0.09986	0.01359	0.00969	0.01429	0.01739	0.00823	0.02098	0.01239	0.03018	0.00991	0.01155	0.00788	0.00655	0.00443	0.00212	0.00575	0.00385	0.00425	0.00788
12	0.26805	0.01263	0.01466	0.01165	0.01682	0.01216	0.00962	0.03047	0.01784	0.50176	0.02250	0.02034	0.01458	0.00814	0.00631	0.00220	0.00589	0.00614	0.00746	0.01076
13	0.01475	0.09405	0.63469	0.01998	0.03003	0.01753	0.04823	0.02246	0.01505	0.02209	0.01260	0.01489	0.00909	0.00668	0.00665	0.00220	0.01034	0.00526	0.00303	0.01038
14	0.01210	0.00774	0.01011	0.00925	0.01132	0.00705	0.00703	0.01535	0.02004	0.09315	0.61566	0.05096	0.08445	0.01413	0.00828	0.00224	0.00363	0.01241	0.00789	0.00721
15	0.06786	0.02282	0.01977	0.01627	0.02108	0.21590	0.01298	0.39532	0.07976	0.03459	0.01599	0.01664	0.01196	0.00938	0.02570	0.00232	0.00923	0.00592	0.00593	0.01058
16	0.01158	0.00969	0.01399	0.01270	0.01426	0.03476	0.07192	0.01374	0.01197	0.01647	0.01895	0.03110	0.01870	0.22679	0.43138	0.00884	0.03476	0.00826	0.00390	0.00624
17	0.01524	0.01521	0.02300	0.01907	0.01997	0.01991	0.09766	0.01720	0.01159	0.01753	0.01123	0.01899	0.01110	0.08186	0.02272	0.00339	0.57645	0.00690	0.00329	0.00769
18	0.01750	0.01760	0.02981	0.10322	0.51654	0.04697	0.11976	0.02194	0.01629	0.02249	0.01338	0.01778	0.01096	0.00641	0.00723	0.00217	0.00927	0.00658	0.00351	0.01059
19	0.01036	0.00690	0.00777	0.00777	0.00777	0.00690	0.00431	0.01036	0.01036	0.01381	0.02244	0.04660	0.02589	0.74975	0.03624	0.00690	0.00690	0.01036	0.00431	0.00431
20	0.01280	0.01180	0.01788	0.01586	0.01688	0.01471	0.06674	0.01491	0.01211	0.01767	0.01866	0.17378	0.01969	0.02478	0.20258	0.00520	0.33299	0.00975	0.00408	0.00714
21	0.01661	0.01311	0.01527	0.01116	0.01729	0.01056	0.00895	0.05261	0.04828	0.06837	0.01463	0.01605	0.01161	0.00587	0.00558	0.00125	0.00547	0.00470	0.00480	0.66786
22	0.01623	0.05986	0.09869	0.05147	0.05734	0.01807	0.47600	0.02172	0.01606	0.02186	0.01582	0.02001	0.03658	0.00694	0.00879	0.00237	0.05135	0.00786	0.00359	0.00942
23	0.11452	0.01302	0.01656	0.01365	0.01737	0.01337	0.07416	0.15549	0.01861	0.04513	0.08788	0.15242	0.02425	0.05018	0.00963	0.00250	0.04685	0.02333	0.00569	0.11541
24	0.02629	0.03116	0.02073	0.01914	0.05112	0.58865	0.01407	0.12394	0.02196	0.02170	0.01200	0.01367	0.00969	0.00747	0.00655	0.00189	0.01192	0.00493	0.00417	0.00895
25	0.01691	0.01816	0.03347	0.06951	0.20690	0.05098	0.35774	0.02167	0.01595	0.02167	0.01366	0.01855	0.01095	0.00878	0.03952	0.00274	0.07234	0.00736	0.00353	0.00959
26	0.01027	0.00687	0.00779	0.00787	0.00789	0.00685	0.00443	0.01033	0.01052	0.01402	0.02326	0.08098	0.02693	0.71395	0.03491	0.00671	0.00677	0.01084	0.00443	0.00439
27	0.01687	0.01775	0.02159	0.04803	0.02036	0.10896	0.01552	0.01859	0.01220	0.01722	0.00969	0.01538	0.00933	0.01160	0.02058	0.00293	0.61633	0.00603	0.00319	0.00785
28	0.01545	0.01306	0.01513	0.01087	0.01716	0.01019	0.00872	0.05478	0.01580	0.02441	0.01290	0.01489	0.01063	0.00546	0.00538	0.00111	0.00542	0.00434	0.00438	0.74990
29	0.00884	0.00626	0.00822	0.00971	0.01008	0.00589	0.00639	0.00996	0.01332	0.01776	0.03765	0.67859	0.04508	0.09158	0.01167	0.00327	0.00440	0.01930	0.00639	0.00564
30	0.01611	0.01649	0.02170	0.04437	0.01997	0.06043	0.01563	0.01780	0.01154	0.01719	0.00956	0.01555	0.00934	0.01199	0.02184	0.00302	0.67035	0.00614	0.00315	0.00782
31	0.01026	0.00686	0.00779	0.00788	0.00791	0.00684	0.00444	0.01033	0.01053	0.01404	0.02335	0.08464	0.02704	0.71013	0.03476	0.00668	0.00675	0.01089	0.00444	0.00439
32	0.01036	0.00690	0.00777	0.00777	0.00777	0.00690	0.00431	0.01036	0.01036	0.01381	0.02244	0.04660	0.02589	0.74975	0.03624	0.00690	0.00690	0.01036	0.00431	0.00431
33	0.02546	0.01840	0.01994	0.01569	0.02097	0.02027	0.01282	0.53913	0.11508	0.07891	0.02004	0.04620	0.01495	0.00922	0.00722	0.00220	0.00732	0.00718	0.00721	0.01177
34	0.19862	0.01843	0.01786	0.01437	0.01927	0.06851	0.01171	0.42826	0.02627	0.03818	0.05241	0.01790	0.01412	0.00991	0.03125	0.00246	0.00781	0.00611	0.00620	0.01036
35	0.01636	0.08396	0.01755	0.01127	0.01751	0.01249	0.00929	0.08241	0.01655	0.02468	0.01282	0.01467	0.01056	0.00567	0.00539	0.00120	0.00574	0.00439	0.00439	0.64309
36	0.02041	0.56754	0.09847	0.01330	0.01964	0.05802	0.01341	0.02329	0.01546	0.09581	0.01228	0.01328	0.01009	0.00652	0.00516	0.00168	0.00796	0.00436	0.00372	0.00957

[dist]
# distance from previous block
# <min> <max>
0	1

[block]
# block no. 3 follows, 29 sequences, length 103
# corresponding to MSA columns:
# 174-276
name=unknown_D
#
# <colnr> <probs for GDERKNQSTAVLIFYWHMCP>
#	G	D	E	R	K	N	Q	S	T	A	V	L	I	F	Y	W	H	M	C	P
0	0.51589	0.01653	0.12663	0.03544	0.01757	0.01491	0.01137	0.01977	0.01256	0.02743	0.01197	0.01506	0.00963	0.01428	0.12179	0.00372	0.00868	0.00478	0.00404	0.00796
1	0.01298	0.01016	0.01198	0.06083	0.03298	0.00998	0.00893	0.03948	0.12717	0.05824	0.08707	0.07391	0.32967	0.01411	0.00791	0.00235	0.00499	0.04648	0.00646	0.05433
2	0.01272	0.05414	0.01196	0.01038	0.01272	0.06909	0.00803	0.01561	0.03910	0.05381	0.20301	0.17006	0.22117	0.01576	0.00816	0.00242	0.00512	0.07315	0.00656	0.00703
3	0.04597	0.01655	0.07475	0.12854	0.03021	0.01535	0.29697	0.08595	0.01695	0.02347	0.01859	0.13812	0.01719	0.04743	0.00936	0.00266	0.00930	0.00953	0.00441	0.00870
4	0.04231	0.08376	0.44914	0.02137	0.09629	0.01670	0.06752	0.02254	0.01569	0.05995	0.04891	0.01766	0.01279	0.00713	0.00677	0.00219	0.00942	0.00593	0.00371	0.01023
5	0.02660	0.03394	0.02018	0.01834	0.02201	0.72116	0.01376	0.02843	0.02018	0.01743	0.01101	0.01284	0.00917	0.00734	0.00642	0.00183	0.01284	0.00459	0.00367	0.00825
6	0.06680	0.01017	0.01129	0.01157	0.04736	0.05100	0.00800	0.03353	0.01578	0.02202	0.21095	0.04121	0.13326	0.14851	0.15321	0.00485	0.00821	0.01008	0.00552	0.00668
7	0.02361	0.01872	0.01915	0.01556	0.02049	0.05480	0.01254	0.42259	0.24170	0.03811	0.02078	0.02021	0.01523	0.00883	0.00706	0.00219	0.00723	0.00685	0.03287	0.01147
8	0.01342	0.00765	0.00872	0.06580	0.01219	0.00827	0.00680	0.01675	0.01464	0.02532	0.02156	0.02529	0.01702	0.00845	0.00624	0.00180	0.04724	0.00659	0.67944	0.00681
9	0.02519	0.01734	0.05411	0.01475	0.02018	0.01705	0.01265	0.40820	0.02720	0.19492	0.02533	0.02599	0.07769	0.00985	0.00734	0.00223	0.00712	0.03439	0.00723	0.01124
10	0.02401	0.01727	0.01878	0.01490	0.01982	0.01879	0.01209	0.51542	0.05705	0.06248	0.02032	0.08967	0.01639	0.00985	0.00716	0.00217	0.00702	0.00781	0.04579	0.03320
11	0.01151	0.00947	0.01393	0.01276	0.01421	0.01092	0.03714	0.01374	0.01172	0.01700	0.01808	0.04982	0.01771	0.12579	0.43894	0.00838	0.12400	0.00798	0.00387	0.05304
12	0.71505	0.01359	0.01114	0.00973	0.01426	0.01536	0.00802	0.02246	0.01303	0.10702	0.01193	0.01297	0.00881	0.00685	0.00471	0.00220	0.00557	0.00422	0.00489	0.00820
13	0.00923	0.00721	0.00836	0.00815	0.01013	0.00635	0.00608	0.01177	0.01805	0.02371	0.37584	0.08304	0.37361	0.01649	0.00843	0.00234	0.00350	0.01416	0.00721	0.00635
14	0.02665	0.03242	0.02031	0.01813	0.02202	0.64515	0.01373	0.09946	0.02163	0.02041	0.01167	0.01330	0.00949	0.00747	0.00650	0.00187	0.01230	0.00478	0.00404	0.00867
15	0.01505	0.01262	0.01376	0.01264	0.01593	0.01400	0.00981	0.02939	0.46546	0.02829	0.17596	0.03790	0.09035	0.01181	0.00769	0.00241	0.00501	0.03493	0.00729	0.00967
16	0.01457	0.00861	0.01102	0.00981	0.01241	0.00793	0.00757	0.01852	0.05317	0.16047	0.48589	0.04749	0.10713	0.01348	0.00810	0.00225	0.00402	0.01170	0.00790	0.00794
17	0.80005	0.01377	0.01047	0.00936	0.01377	0.01597	0.00771	0.02093	0.01212	0.03195	0.00991	0.01157	0.00771	0.00661	0.00441	0.00220	0.00551	0.00386	0.00441	0.00771
18	0.00864	0.00718	0.00728	0.00728	0.00940	0.00612	0.00528	0.01024	0.01554	0.01860	0.06628	0.06594	0.62274	0.10424	0.01169	0.00293	0.00400	0.01448	0.00634	0.00581
19	0.00977	0.00748	0.00783	0.00759	0.01013	0.00629	0.00575	0.01170	0.01665	0.05700	0.10093	0.06538	0.63402	0.01736	0.00835	0.00239	0.00373	0.01450	0.00679	0.00638
20	0.01345	0.01266	0.02136	0.73264	0.04904	0.01582	0.01978	0.01819	0.01424	0.01819	0.01266	0.01898	0.00949	0.00712	0.00712	0.00237	0.00949	0.00633	0.00316	0.00791
21	0.03195	0.01212	0.01652	0.01267	0.01818	0.01047	0.01047	0.03470	0.02038	0.71026	0.02809	0.02424	0.01763	0.00881	0.00716	0.00220	0.00606	0.00716	0.00881	0.01212
22	0.01477	0.01266	0.01477	0.01055	0.01687	0.00949	0.00844	0.01793	0.01477	0.02320	0.01266	0.01477	0.01055	0.00527	0.00527	0.00105	0.00527	0.00422	0.00422	0.79328
23	0.01434	0.01412	0.02219	0.62697	0.04546	0.05000	0.04668	0.01881	0.01443	0.01829	0.01245	0.01850	0.00952	0.00740	0.00810	0.00239	0.05282	0.00633	0.00320	0.00799
24	0.72637	0.01404	0.01131	0.00988	0.01440	0.01607	0.00814	0.05717	0.01361	0.06086	0.01106	0.01239	0.00836	0.00681	0.00467	0.00220	0.00566	0.00413	0.00474	0.00813
25	0.01904	0.75404	0.03731	0.01218	0.01828	0.02818	0.01218	0.02132	0.01447	0.01675	0.00990	0.01142	0.00914	0.00609	0.00457	0.00152	0.00761	0.00381	0.00305	0.00914
26	0.80005	0.01377	0.01047	0.00936	0.01377	0.01597	0.00771	0.02093	0.01212	0.03195	0.00991	0.01157	0.00771	0.00661	0.00441	0.00220	0.00551	0.00386	0.00441	0.00771
27	0.01762	0.01692	0.02890	0.04371	0.70533	0.01692	0.02185	0.02185	0.01621	0.02326	0.01339	0.01762	0.01128	0.00634	0.00705	0.00211	0.00846	0.00634	0.00352	0.01128
28	0.01428	0.03683	0.71286	0.02030	0.03082	0.01654	0.02631	0.02255	0.01503	0.02255	0.01278	0.01503	0.00902	0.00677	0.00677	0.00226	0.01052	0.00526	0.00301	0.01052
29	0.03090	0.01380	0.01756	0.01347	0.01901	0.01296	0.01112	0.17344	0.02319	0.56756	0.02573	0.02270	0.01644	0.00876	0.00715	0.00219	0.00644	0.00700	0.00845	0.01212
30	0.00842	0.00721	0.00721	0.00721	0.00962	0.00601	0.00541	0.01022	0.01623	0.01924	0.07213	0.06853	0.70244	0.01803	0.00842	0.00240	0.00361	0.01503	0.00661	0.00601
31	0.00998	0.00727	0.00938	0.00885	0.01058	0.00668	0.00664	0.01325	0.01992	0.02800	0.66430	0.05410	0.10480	0.01476	0.00840	0.00225	0.00337	0.01300	0.00777	0.00668
32	0.00874	0.00622	0.00824	0.00984	0.01024	0.00582	0.00653	0.00993	0.01351	0.01802	0.03864	0.71996	0.04633	0.04850	0.01007	0.00304	0.00423	0.01989	0.00653	0.00573
33	0.01008	0.00728	0.00952	0.00896	0.01064	0.00672	0.00672	0.01344	0.02016	0.02855	0.70158	0.05319	0.06719	0.01456	0.00840	0.00224	0.00336	0.01288	0.00784	0.00672
34	0.01771	0.01530	0.01610	0.01449	0.01852	0.01771	0.01127	0.03784	0.69247	0.02979	0.02898	0.02657	0.02174	0.00966	0.00725	0.00242	0.00564	0.00805	0.00725	0.01127
35	0.01477	0.01266	0.01477	0.01055	0.01687	0.00949	0.00844	0.01793	0.01477	0.02320	0.01266	0.01477	0.01055	0.00527	0.00527	0.00105	0.00527	0.00422	0.00422	0.79328
36	0.01013	0.00753	0.01108	0.01114	0.01229	0.00866	0.00851	0.01246	0.01144	0.01640	0.01999	0.05348	0.01935	0.10050	0.65009	0.01084	0.01773	0.00824	0.00394	0.00620
37	0.02492	0.19397	0.02399	0.01698	0.02118	0.56716	0.01341	0.02685	0.01891	0.01728	0.01076	0.01253	0.00916	0.00706	0.00601	0.00177	0.01168	0.00441	0.00353	0.00845
38	0.02091	0.01408	0.01625	0.03450	0.01810	0.01438	0.01034	0.27077	0.04799	0.12906	0.01942	0.02442	0.01590	0.15369	0.04784	0.00337	0.00750	0.00704	0.00607	0.13835
39	0.06418	0.01129	0.01242	0.01218	0.03545	0.03892	0.00889	0.03964	0.15327	0.04854	0.20964	0.16174	0.12361	0.01387	0.00833	0.00241	0.02915	0.01175	0.00668	0.00803
40	0.02065	0.02367	0.05379	0.03268	0.41021	0.26465	0.01878	0.02482	0.04386	0.02143	0.01313	0.01618	0.01085	0.00684	0.00682	0.00203	0.00998	0.00575	0.00370	0.01018
41	0.16669	0.01228	0.01329	0.05401	0.01682	0.01326	0.00951	0.12623	0.12651	0.06309	0.14131	0.09377	0.11188	0.01167	0.00717	0.00233	0.00545	0.00958	0.00648	0.00866
42	0.38898	0.13199	0.01821	0.01232	0.01725	0.04454	0.01039	0.18607	0.07927	0.03206	0.01344	0.01431	0.01034	0.00731	0.00543	0.00209	0.00668	0.00488	0.00509	0.00936
43	0.01423	0.13215	0.01904	0.01418	0.03978	0.01365	0.06776	0.05721	0.09007	0.02217	0.04529	0.27993	0.02809	0.03193	0.00825	0.00243	0.00618	0.04173	0.00552	0.08040
44	0.38492	0.01476	0.01412	0.03306	0.01688	0.06416	0.01010	0.06487	0.04988	0.10557	0.01473	0.01687	0.01143	0.01370	0.09942	0.00345	0.06316	0.00540	0.00497	0.00855
45	0.01481	0.10150	0.62521	0.01993	0.02992	0.01765	0.05043	0.02245	0.01505	0.02203	0.01258	0.01487	0.00910	0.00667	0.00663	0.00219	0.01032	0.00525	0.00303	0.01036
46	0.02887	0.03663	0.01774	0.01340	0.01851	0.01317	0.01107	0.07873	0.09231	0.53516	0.02592	0.02315	0.01700	0.00898	0.00789	0.00224	0.04237	0.00705	0.00806	0.01172
47	0.00897	0.00641	0.00856	0.00999	0.01060	0.00601	0.00688	0.01053	0.01444	0.01940	0.10626	0.63913	0.04880	0.02138	0.00906	0.00285	0.00418	0.05389	0.00673	0.00592
48	0.02707	0.01995	0.02137	0.01638	0.02208	0.02208	0.01353	0.68159	0.03348	0.04488	0.01710	0.01710	0.01211	0.00855	0.00712	0.00214	0.00784	0.00641	0.00712	0.01211
49	0.00872	0.00623	0.00830	0.00988	0.01034	0.00581	0.00661	0.01003	0.01384	0.01851	0.06019	0.72323	0.04773	0.02206	0.00907	0.00287	0.00411	0.02001	0.00665	0.00581
50	0.71959	0.01388	0.01127	0.00984	0.01437	0.01582	0.00811	0.04566	0.01345	0.07890	0.01142	0.01263	0.00855	0.00683	0.00469	0.00220	0.00563	0.00417	0.00481	0.00817
51	0.00858	0.00722	0.00744	0.00738	0.00972	0.00608	0.00554	0.01053	0.01662	0.02015	0.13389	0.06702	0.64012	0.01769	0.00841	0.00239	0.00358	0.01482	0.00673	0.00608
52	0.03011	0.01192	0.01607	0.01250	0.01772	0.01047	0.01026	0.03348	0.04282	0.64508	0.07006	0.02612	0.02085	0.00920	0.00724	0.00221	0.00588	0.00755	0.00870	0.01175
53	0.01293	0.00964	0.01306	0.01225	0.01424	0.01105	0.00966	0.12175	0.01504	0.02115	0.01875	0.02620	0.01687	0.04609	0.60507	0.00993	0.01724	0.00743	0.00435	0.00730
54	0.02707	0.01995	0.02137	0.01638	0.02208	0.02208	0.01353	0.68159	0.03348	0.04488	0.01710	0.01710	0.01211	0.00855	0.00712	0.00214	0.00784	0.00641	0.00712	0.01211
55	0.01179	0.00760	0.00955	0.00912	0.01116	0.00681	0.00681	0.01440	0.01826	0.09670	0.38499	0.16628	0.19757	0.01598	0.00838	0.00238	0.00382	0.01395	0.00747	0.00698
56	0.01036	0.00690	0.00777	0.00777	0.00777	0.00690	0.00431	0.01036	0.01036	0.01381	0.02244	0.04660	0.02589	0.74975	0.03624	0.00690	0.00690	0.01036	0.00431	0.00431
57	0.02707	0.01995	0.02137	0.01638	0.02208	0.02208	0.01353	0.68159	0.03348	0.04488	0.01710	0.01710	0.01211	0.00855	0.00712	0.00214	0.00784	0.00641	0.00712	0.01211
58	0.00868	0.00620	0.00826	0.00991	0.01033	0.00578	0.00661	0.00991	0.01363	0.01818	0.03925	0.74510	0.04710	0.02231	0.00909	0.00289	0.00413	0.02024	0.00661	0.00578
59	0.00877	0.00623	0.00824	0.00980	0.01019	0.00584	0.00649	0.00994	0.01346	0.01794	0.03834	0.70740	0.04595	0.06157	0.01055	0.00311	0.00428	0.01971	0.00649	0.00570
60	0.02176	0.01628	0.01762	0.01484	0.01948	0.01820	0.01182	0.21759	0.44043	0.10256	0.02557	0.02368	0.01863	0.00926	0.00720	0.00232	0.00629	0.00750	0.00737	0.01159
61	0.01481	0.01527	0.02925	0.43671	0.04334	0.01689	0.27096	0.01991	0.01509	0.01991	0.01319	0.01893	0.00999	0.00690	0.00825	0.00241	0.03920	0.00711	0.00333	0.00855
62	0.01094	0.00747	0.00980	0.00911	0.01094	0.00687	0.00687	0.01428	0.02017	0.05550	0.67495	0.05205	0.06523	0.01433	0.00835	0.00224	0.00347	0.01265	0.00788	0.00693
63	0.01849	0.01560	0.01656	0.01442	0.01878	0.01760	0.01131	0.10433	0.57609	0.03092	0.02660	0.02475	0.01995	0.00924	0.00710	0.00229	0.00584	0.00761	0.00702	0.06548
64	0.01237	0.00618	0.00928	0.00928	0.00928	0.00618	0.00618	0.00928	0.00928	0.01237	0.01237	0.02165	0.01237	0.02474	0.02783	0.79283	0.00618	0.00618	0.00309	0.00309
65	0.00868	0.00620	0.00826	0.00991	0.01033	0.00578	0.00661	0.00991	0.01363	0.01818	0.03925	0.74510	0.04710	0.02231	0.00909	0.00289	0.00413	0.02024	0.00661	0.00578
66	0.03115	0.01339	0.01731	0.01327	0.01881	0.01236	0.01097	0.14016	0.02252	0.60180	0.02630	0.02307	0.01673	0.00877	0.00715	0.00219	0.00635	0.00704	0.00854	0.01212
67	0.01762	0.01692	0.02890	0.04371	0.70533	0.01692	0.02185	0.02185	0.01621	0.02326	0.01339	0.01762	0.01128	0.00634	0.00705	0.00211	0.00846	0.00634	0.00352	0.01128
68	0.01904	0.75404	0.03731	0.01218	0.01828	0.02818	0.01218	0.02132	0.01447	0.01675	0.00990	0.01142	0.00914	0.00609	0.00457	0.00152	0.00761	0.00381	0.00305	0.00914
69	0.00872	0.00723	0.00764	0.00754	0.00981	0.00614	0.00565	0.01082	0.01696	0.02097	0.18907	0.06568	0.58443	0.01739	0.00841	0.00237	0.00356	0.01463	0.00684	0.00614
70	0.00857	0.00722	0.00742	0.00737	0.00971	0.00608	0.00553	0.01051	0.01659	0.02009	0.12949	0.06713	0.64456	0.01772	0.00841	0.00239	0.00358	0.01483	0.00672	0.00608
71	0.01237	0.00618	0.00928	0.00928	0.00928	0.00618	0.00618	0.00928	0.00928	0.01237	0.01237	0.02165	0.01237	0.02474	0.02783	0.79283	0.00618	0.00618	0.00309	0.00309
72	0.00890	0.00635	0.00838	0.00972	0.01026	0.00593	0.00653	0.01033	0.01424	0.01918	0.11355	0.63917	0.04853	0.05019	0.01008	0.00298	0.00415	0.01902	0.00666	0.00583
73	0.01768	0.00899	0.01180	0.01012	0.01322	0.00798	0.00793	0.02069	0.01990	0.26913	0.40929	0.04425	0.10397	0.01282	0.00796	0.00224	0.00434	0.01104	0.00808	0.00857
74	0.03176	0.01242	0.01671	0.01281	0.01833	0.01091	0.01058	0.05962	0.02089	0.68463	0.02767	0.02396	0.01741	0.00880	0.00716	0.00220	0.00613	0.00713	0.00875	0.01212
75	0.01904	0.75404	0.03731	0.01218	0.01828	0.02818	0.01218	0.02132	0.01447	0.01675	0.00990	0.01142	0.00914	0.00609	0.00457	0.00152	0.00761	0.00381	0.00305	0.00914
76	0.02707	0.01995	0.02137	0.01638	0.02208	0.02208	0.01353	0.68159	0.03348	0.04488	0.01710	0.01710	0.01211	0.00855	0.00712	0.00214	0.00784	0.00641	0.00712	0.01211
77	0.01545	0.01629	0.03239	0.32662	0.09004	0.01701	0.35482	0.02080	0.01568	0.02090	0.01360	0.01900	0.01029	0.00650	0.00777	0.00237	0.01069	0.00738	0.00341	0.00901
78	0.01148	0.00920	0.01313	0.01248	0.01341	0.01137	0.00979	0.01367	0.01143	0.01697	0.01747	0.02659	0.01661	0.09076	0.49179	0.00889	0.16838	0.00747	0.04260	0.00653
79	0.80005	0.01377	0.01047	0.00936	0.01377	0.01597	0.00771	0.02093	0.01212	0.03195	0.00991	0.01157	0.00771	0.00661	0.00441	0.00220	0.00551	0.00386	0.00441	0.00771
80	0.01537	0.18074	0.54194	0.01916	0.02862	0.01896	0.05706	0.02232	0.01501	0.02139	0.01228	0.01452	0.00914	0.00659	0.00641	0.00211	0.01001	0.00513	0.00305	0.01020
81	0.01070	0.00841	0.01246	0.01216	0.01330	0.01017	0.00956	0.01315	0.01139	0.01659	0.01812	0.02676	0.01697	0.04939	0.65304	0.01063	0.08948	0.00749	0.00375	0.00650
82	0.02461	0.08261	0.06105	0.13121	0.02450	0.05162	0.01359	0.11768	0.04644	0.32207	0.03967	0.02103	0.01539	0.00825	0.00689	0.00215	0.00752	0.00657	0.00645	0.01068
83	0.05333	0.01453	0.01723	0.01305	0.01879	0.01370	0.01071	0.21310	0.02234	0.31970	0.02033	0.01931	0.01388	0.00774	0.00656	0.00189	0.00634	0.00607	0.00699	0.21440
84	0.00999	0.00728	0.00939	0.00886	0.01058	0.00668	0.00665	0.01326	0.01994	0.02805	0.66760	0.05402	0.10148	0.01474	0.00840	0.00225	0.00337	0.01299	0.00777	0.00668
85	0.02948	0.03731	0.01769	0.01312	0.01847	0.01291	0.01087	0.14860	0.02252	0.53221	0.06189	0.02411	0.01904	0.00899	0.00714	0.00217	0.00628	0.00723	0.00827	0.01173
86	0.03120	0.01331	0.01726	0.01324	0.01877	0.01224	0.01093	0.13350	0.02238	0.60864	0.02641	0.02315	0.01678	0.00877	0.00716	0.00219	0.00633	0.00705	0.00856	0.01212
87	0.01237	0.00618	0.00928	0.00928	0.00928	0.00618	0.00618	0.00928	0.00928	0.01237	0.01237	0.02165	0.01237	0.02474	0.02783	0.79283	0.00618	0.00618	0.00309	0.00309
88	0.00868	0.00620	0.00826	0.00991	0.01033	0.00578	0.00661	0.00991	0.01363	0.01818	0.03925	0.74510	0.04710	0.02231	0.00909	0.00289	0.00413	0.02024	0.00661	0.00578
89	0.01444	0.01371	0.02064	0.61570	0.04418	0.03984	0.01847	0.02108	0.10214	0.01967	0.01471	0.01976	0.01106	0.00746	0.00711	0.00236	0.00911	0.00649	0.00371	0.00836
90	0.01664	0.38150	0.35163	0.01630	0.02415	0.02242	0.01895	0.02168	0.01455	0.01948	0.01121	0.01332	0.00909	0.00673	0.00656	0.00195	0.04648	0.00461	0.00303	0.00971
91	0.01017	0.00763	0.01144	0.01144	0.01272	0.00890	0.00890	0.01272	0.01144	0.01653	0.01907	0.02797	0.01780	0.05340	0.72153	0.01144	0.01907	0.00763	0.00381	0.00636
92	0.01592	0.01651	0.02500	0.02041	0.02201	0.04726	0.14200	0.01839	0.01242	0.01820	0.01095	0.01690	0.01012	0.01346	0.06120	0.00342	0.52783	0.00667	0.00327	0.00807
93	0.02184	0.01547	0.01706	0.01440	0.01895	0.01697	0.01153	0.19706	0.37619	0.14212	0.02751	0.02689	0.04081	0.00984	0.00732	0.00234	0.00622	0.02877	0.00742	0.01130
94	0.01453	0.01241	0.01452	0.01052	0.01662	0.00935	0.00837	0.01762	0.01472	0.02301	0.01368	0.04290	0.01195	0.00593	0.00542	0.00113	0.00523	0.00484	0.00431	0.76294
95	0.02111	0.01496	0.01742	0.01529	0.05692	0.01591	0.01155	0.32633	0.09920	0.09642	0.21416	0.02907	0.02929	0.01028	0.00750	0.00220	0.00620	0.00849	0.00729	0.01044
96	0.01036	0.00690	0.00777	0.00777	0.00777	0.00690	0.00431	0.01036	0.01036	0.01381	0.02244	0.04660	0.02589	0.74975	0.03624	0.00690	0.00690	0.01036	0.00431	0.00431
97	0.18818	0.10701	0.04537	0.01782	0.08524	0.02037	0.03597	0.20396	0.06242	0.02970	0.01361	0.01564	0.01075	0.00818	0.00887	0.00226	0.12439	0.00564	0.00481	0.00984
98	0.32140	0.09723	0.04009	0.01467	0.06516	0.03739	0.03872	0.09841	0.05199	0.05218	0.10253	0.01967	0.01760	0.00802	0.00598	0.00213	0.00660	0.00607	0.00515	0.00901
99	0.01706	0.01200	0.01393	0.03647	0.01607	0.01269	0.00955	0.26794	0.02169	0.05098	0.07348	0.27713	0.02971	0.07495	0.01019	0.00279	0.00592	0.01205	0.04692	0.00846
100	0.22737	0.21207	0.14533	0.05037	0.04738	0.01965	0.01430	0.08011	0.01588	0.04467	0.03671	0.01530	0.01144	0.00734	0.00654	0.00208	0.04503	0.00508	0.00413	0.00922
101	0.01636	0.01214	0.01626	0.08512	0.13487	0.01259	0.01201	0.08256	0.12072	0.09817	0.07810	0.15105	0.09997	0.03695	0.00868	0.00253	0.00613	0.01059	0.00615	0.00906
102	0.05151	0.01154	0.01287	0.01154	0.01430	0.04543	0.03393	0.12926	0.01859	0.02516	0.12025	0.23403	0.14369	0.05818	0.00955	0.00262	0.00562	0.01249	0.00622	0.05322

[dist]
# distance from previous block
# <min> <max>
7	24

[block]
# block no. 4 follows, 29 sequences, length 24
# corresponding to MSA columns:
# 301-324
name=unknown_E
#
# <colnr> <probs for GDERKNQSTAVLIFYWHMCP>
#	G	D	E	R	K	N	Q	S	T	A	V	L	I	F	Y	W	H	M	C	P
0	0.02206	0.01692	0.01818	0.04590	0.02025	0.09411	0.01227	0.27107	0.02230	0.11872	0.01783	0.04415	0.01416	0.01587	0.11877	0.00359	0.06567	0.00680	0.00575	0.06566
1	0.07353	0.41408	0.05543	0.01381	0.01894	0.18343	0.01254	0.04610	0.01604	0.01918	0.01138	0.01364	0.00996	0.01093	0.07181	0.00261	0.00986	0.00450	0.00350	0.00874
2	0.32530	0.18366	0.02013	0.01254	0.01753	0.06349	0.01070	0.19559	0.03907	0.03086	0.03373	0.01479	0.01153	0.00738	0.00549	0.00202	0.00699	0.00496	0.00496	0.00930
3	0.01017	0.00693	0.00771	0.00771	0.00794	0.00682	0.00442	0.01034	0.01090	0.01431	0.02706	0.04864	0.08878	0.68173	0.03366	0.00649	0.00660	0.01079	0.00453	0.00447
4	0.01289	0.01181	0.01940	0.50734	0.11182	0.01386	0.01720	0.01687	0.01444	0.01878	0.01971	0.14102	0.04590	0.01002	0.00749	0.00243	0.00824	0.00901	0.00392	0.00784
5	0.01354	0.01279	0.02138	0.70053	0.04768	0.01609	0.01959	0.01815	0.01409	0.01815	0.01251	0.01883	0.00949	0.00736	0.00785	0.00241	0.04219	0.00632	0.00316	0.00790
6	0.06410	0.01292	0.01672	0.01287	0.01835	0.01178	0.01063	0.09425	0.02125	0.61962	0.02630	0.02303	0.01669	0.00870	0.00704	0.00220	0.00620	0.00695	0.00847	0.01193
7	0.80005	0.01377	0.01047	0.00936	0.01377	0.01597	0.00771	0.02093	0.01212	0.03195	0.00991	0.01157	0.00771	0.00661	0.00441	0.00220	0.00551	0.00386	0.00441	0.00771
8	0.01771	0.01530	0.01610	0.01449	0.01852	0.01771	0.01127	0.03784	0.69247	0.02979	0.02898	0.02657	0.02174	0.00966	0.00725	0.00242	0.00564	0.00805	0.00725	0.01127
9	0.01138	0.00813	0.01134	0.01283	0.01447	0.00809	0.01115	0.01466	0.01665	0.02181	0.08367	0.07844	0.04279	0.01932	0.00974	0.00321	0.00634	0.61278	0.00665	0.00657
10	0.03195	0.01212	0.01652	0.01267	0.01818	0.01047	0.01047	0.03470	0.02038	0.71026	0.02809	0.02424	0.01763	0.00881	0.00716	0.00220	0.00606	0.00716	0.00881	0.01212
11	0.03135	0.01225	0.01651	0.01275	0.01819	0.01077	0.01050	0.03483	0.04871	0.68158	0.02813	0.02433	0.01780	0.00885	0.00716	0.00221	0.00604	0.00720	0.00875	0.01208
12	0.03195	0.01212	0.01652	0.01267	0.01818	0.01047	0.01047	0.03470	0.02038	0.71026	0.02809	0.02424	0.01763	0.00881	0.00716	0.00220	0.00606	0.00716	0.00881	0.01212
13	0.00868	0.00620	0.00826	0.00991	0.01033	0.00578	0.00661	0.00991	0.01363	0.01818	0.03925	0.74510	0.04710	0.02231	0.00909	0.00289	0.00413	0.02024	0.00661	0.00578
