[name]
unknown

[dist]
# distance from previous block
# <min> <max>
2	325

[block]
# block no. 0 follows, 31 sequences, length 19
# corresponding to MSA columns:
# 361-379
name=unknown_A
#
# <colnr> <probs for GDERKNQSTAVLIFYWHMCP>
#	G	D	E	R	K	N	Q	S	T	A	V	L	I	F	Y	W	H	M	C	P
0	0.11080	0.04531	0.06968	0.01461	0.01941	0.13302	0.01250	0.33040	0.04398	0.03169	0.05509	0.01787	0.01413	0.01105	0.05815	0.00265	0.00869	0.00593	0.00541	0.00963
1	0.07731	0.12928	0.03952	0.01210	0.01641	0.05804	0.01023	0.07211	0.06006	0.24995	0.10191	0.10214	0.02273	0.00985	0.00659	0.00208	0.00614	0.00796	0.00629	0.00931
2	0.00921	0.00807	0.00787	0.00783	0.00991	0.03885	0.00580	0.01100	0.01570	0.01894	0.12174	0.08648	0.54123	0.05981	0.00960	0.00256	0.00411	0.02924	0.00620	0.00585
3	0.24226	0.05885	0.01898	0.13313	0.16708	0.03347	0.01328	0.07390	0.01532	0.04904	0.01214	0.01480	0.00956	0.00656	0.00608	0.00195	0.02520	0.00500	0.00407	0.10932
4	0.01678	0.01300	0.01574	0.05564	0.01854	0.01301	0.03497	0.18432	0.10625	0.05034	0.05241	0.10205	0.03749	0.03890	0.00780	0.00211	0.00599	0.00801	0.02516	0.21150
5	0.07735	0.32501	0.14868	0.10654	0.02381	0.08481	0.01494	0.09453	0.02902	0.02157	0.01152	0.01350	0.00924	0.00656	0.00553	0.00185	0.00832	0.00463	0.00359	0.00903
6	0.01503	0.00983	0.01221	0.01135	0.01380	0.00970	0.02310	0.15472	0.01826	0.11226	0.03483	0.40383	0.10665	0.01621	0.00804	0.00249	0.00510	0.02823	0.00666	0.00771
7	0.02598	0.02011	0.02045	0.01587	0.02121	0.07119	0.01302	0.64720	0.03127	0.04126	0.01601	0.01614	0.01144	0.00813	0.00680	0.00203	0.00787	0.00604	0.00661	0.01137
8	0.01256	0.01107	0.01090	0.01102	0.01269	0.09962	0.00794	0.06789	0.05642	0.02127	0.11238	0.43376	0.08234	0.01673	0.00804	0.00246	0.00528	0.01467	0.00620	0.00676
9	0.01908	0.21957	0.31841	0.01549	0.02300	0.01833	0.01716	0.10814	0.01732	0.12955	0.01431	0.01512	0.01039	0.00679	0.00599	0.00191	0.00820	0.00507	0.00430	0.04186
10	0.03390	0.01691	0.06024	0.11342	0.02599	0.01920	0.13874	0.12489	0.01558	0.02237	0.01163	0.01615	0.00962	0.00918	0.01413	0.00257	0.34686	0.00631	0.00371	0.00860
11	0.01152	0.00644	0.00710	0.00730	0.00846	0.00648	0.00517	0.01390	0.01324	0.02182	0.02384	0.12108	0.02217	0.13163	0.06582	0.00326	0.00499	0.00867	0.51121	0.00590
12	0.02316	0.10962	0.02132	0.10889	0.02405	0.56451	0.01379	0.02533	0.01807	0.01677	0.01066	0.01294	0.00885	0.00689	0.00606	0.00180	0.01138	0.00454	0.00340	0.00798
13	0.10126	0.03816	0.01611	0.01338	0.05058	0.01287	0.01023	0.14885	0.01975	0.34238	0.06279	0.06541	0.01923	0.04020	0.02566	0.00252	0.00633	0.00748	0.00684	0.00999
14	0.01072	0.00860	0.00916	0.00875	0.01137	0.00799	0.00691	0.09705	0.01771	0.02185	0.05848	0.06099	0.54103	0.01637	0.00810	0.00238	0.00433	0.09519	0.00641	0.00658
15	0.01115	0.01001	0.01007	0.01062	0.01203	0.09799	0.00741	0.01262	0.01401	0.01790	0.03149	0.58032	0.03681	0.01783	0.00801	0.00246	0.00515	0.01587	0.00574	0.09252
16	0.01616	0.01839	0.12206	0.09430	0.48993	0.01620	0.02031	0.02247	0.09028	0.02253	0.01436	0.01763	0.01149	0.00656	0.00676	0.00210	0.00819	0.00613	0.00368	0.01047
17	0.11791	0.01545	0.06989	0.33877	0.06534	0.01607	0.11893	0.02129	0.10133	0.02176	0.01398	0.01783	0.01062	0.00705	0.00725	0.00228	0.03572	0.00621	0.00376	0.00854
18	0.01036	0.00896	0.00935	0.01041	0.01118	0.08489	0.00714	0.01164	0.01353	0.01713	0.03297	0.60321	0.03882	0.05070	0.05225	0.00331	0.00583	0.01672	0.00580	0.00579

[dist]
# distance from previous block
# <min> <max>
0	15

[block]
# block no. 1 follows, 31 sequences, length 40
# corresponding to MSA columns:
# 395-434
name=unknown_B
#
# <colnr> <probs for GDERKNQSTAVLIFYWHMCP>
#	G	D	E	R	K	N	Q	S	T	A	V	L	I	F	Y	W	H	M	C	P
0	0.01283	0.00836	0.01214	0.01228	0.05716	0.00873	0.00823	0.01150	0.01011	0.01425	0.01164	0.01913	0.01128	0.01917	0.02255	0.56715	0.09323	0.00575	0.00312	0.09138
1	0.01344	0.00995	0.01263	0.01311	0.01540	0.01045	0.01124	0.09664	0.09305	0.02403	0.03298	0.06437	0.03408	0.01659	0.00887	0.00293	0.00635	0.52004	0.00644	0.00742
2	0.01396	0.01288	0.02037	0.47788	0.09170	0.01413	0.04083	0.03449	0.01449	0.01975	0.01238	0.01718	0.00959	0.00637	0.00648	0.00197	0.00817	0.00569	0.00341	0.18831
3	0.02026	0.02061	0.08029	0.04228	0.09191	0.20107	0.01337	0.19058	0.03733	0.04921	0.01953	0.02076	0.06638	0.00821	0.00647	0.00196	0.00814	0.00633	0.10613	0.00917
4	0.04897	0.02599	0.02171	0.02525	0.25010	0.44924	0.01551	0.02528	0.03952	0.01944	0.01184	0.01423	0.00981	0.00678	0.00633	0.00188	0.01049	0.00504	0.00361	0.00896
5	0.60239	0.01372	0.01204	0.03436	0.01559	0.01525	0.00849	0.09343	0.01426	0.03062	0.01068	0.01229	0.00825	0.00642	0.00470	0.00199	0.00564	0.00409	0.00446	0.10134
6	0.01663	0.01637	0.02851	0.03781	0.56023	0.01689	0.09933	0.02061	0.01509	0.02166	0.01256	0.01690	0.01058	0.00670	0.00864	0.00217	0.08938	0.00632	0.00335	0.01028
7	0.00828	0.00618	0.00771	0.00894	0.00977	0.00561	0.00609	0.00959	0.01367	0.01770	0.04488	0.59855	0.19717	0.02050	0.00859	0.00267	0.00385	0.01831	0.00635	0.00561
8	0.01559	0.04594	0.28023	0.03134	0.38938	0.01628	0.06151	0.02108	0.01524	0.02201	0.02974	0.01678	0.01128	0.00641	0.00671	0.00208	0.00890	0.00592	0.00330	0.01031
9	0.21592	0.01466	0.02055	0.12010	0.11433	0.01632	0.11560	0.02402	0.17068	0.04807	0.01569	0.01791	0.01203	0.00741	0.00744	0.00226	0.05724	0.00618	0.00452	0.00908
10	0.02391	0.19866	0.02313	0.01628	0.02033	0.57197	0.01288	0.02577	0.01814	0.01660	0.01033	0.01203	0.00881	0.00678	0.00576	0.00169	0.01120	0.00424	0.00339	0.00812
11	0.01116	0.00740	0.00932	0.00917	0.01066	0.00701	0.00669	0.01389	0.03906	0.06777	0.32348	0.15611	0.08877	0.15017	0.01301	0.00315	0.00446	0.06576	0.00661	0.00633
12	0.13291	0.01671	0.01849	0.02040	0.19285	0.08662	0.01309	0.14449	0.16600	0.05123	0.05145	0.02090	0.03939	0.00812	0.00651	0.00210	0.00698	0.00656	0.00537	0.00984
13	0.02598	0.01050	0.01397	0.01110	0.01519	0.00928	0.00871	0.02803	0.01739	0.56074	0.02576	0.02817	0.01874	0.17907	0.01323	0.00314	0.00601	0.00758	0.00749	0.00994
14	0.01262	0.00975	0.01273	0.01191	0.01378	0.01130	0.00928	0.08969	0.09486	0.02022	0.01907	0.02625	0.01713	0.08563	0.49457	0.00840	0.04383	0.00736	0.00441	0.00720
15	0.02303	0.02604	0.02037	0.06463	0.06750	0.44361	0.01426	0.13123	0.01977	0.02132	0.01157	0.01397	0.00943	0.00774	0.00827	0.00200	0.09758	0.00509	0.00395	0.00864
16	0.01484	0.00836	0.01076	0.01032	0.01244	0.00782	0.00763	0.06335	0.01692	0.18070	0.13421	0.40644	0.06588	0.01631	0.00806	0.00247	0.00451	0.01443	0.00704	0.00751
17	0.01462	0.01014	0.01147	0.00989	0.01298	0.00986	0.00777	0.16823	0.02083	0.08865	0.24532	0.04648	0.29976	0.01348	0.00769	0.00219	0.00452	0.01128	0.00700	0.00783
18	0.00854	0.00617	0.00775	0.00892	0.00948	0.00574	0.00589	0.00962	0.01293	0.01697	0.03906	0.56998	0.12100	0.12901	0.01248	0.00329	0.00430	0.01747	0.00603	0.00538
19	0.01292	0.01216	0.02052	0.74312	0.04712	0.01520	0.01900	0.01748	0.01368	0.01748	0.01216	0.01824	0.00912	0.00684	0.00684	0.00228	0.00912	0.00608	0.00304	0.00760
20	0.01390	0.00893	0.01122	0.00984	0.01231	0.00859	0.00762	0.09533	0.02090	0.10524	0.55616	0.04398	0.05311	0.01270	0.00779	0.00214	0.00402	0.01104	0.00755	0.00763
21	0.00858	0.00611	0.00808	0.00945	0.00994	0.00573	0.00638	0.00990	0.01345	0.01803	0.08309	0.65533	0.04546	0.05528	0.00992	0.00293	0.00411	0.03633	0.00633	0.00557
22	0.49503	0.01397	0.01270	0.01098	0.01533	0.01583	0.00890	0.08546	0.17151	0.08729	0.01572	0.01585	0.01162	0.00736	0.00530	0.00216	0.00556	0.00510	0.00543	0.00891
23	0.01477	0.01488	0.02125	0.58121	0.12312	0.09377	0.01860	0.01897	0.01453	0.01797	0.01207	0.01744	0.00929	0.00678	0.00676	0.00219	0.00936	0.00590	0.00313	0.00802
24	0.01421	0.01355	0.02322	0.51393	0.24767	0.01557	0.03744	0.01865	0.01431	0.01906	0.01242	0.01785	0.00967	0.00659	0.00685	0.00221	0.00889	0.00614	0.00316	0.00861
25	0.19447	0.02340	0.29934	0.01890	0.02555	0.01672	0.17247	0.02124	0.03651	0.02339	0.01214	0.01504	0.00922	0.00703	0.00824	0.00229	0.09594	0.00564	0.00347	0.00901
26	0.01809	0.66154	0.10622	0.01273	0.01893	0.05199	0.01316	0.02086	0.01416	0.01669	0.00984	0.01138	0.00877	0.00596	0.00467	0.00155	0.00779	0.00383	0.00294	0.00889
27	0.01188	0.00594	0.00891	0.00891	0.00891	0.00594	0.00594	0.00891	0.00891	0.01188	0.01188	0.02080	0.01188	0.02377	0.02674	0.80095	0.00594	0.00594	0.00297	0.00297
28	0.04339	0.43840	0.18718	0.01713	0.09691	0.07679	0.01574	0.02132	0.01455	0.01855	0.01058	0.01251	0.00894	0.00613	0.00525	0.00173	0.00835	0.00430	0.00306	0.00919
29	0.22349	0.01305	0.04377	0.10493	0.02045	0.01243	0.01105	0.02715	0.03878	0.38829	0.01999	0.01933	0.01333	0.00766	0.00614	0.00213	0.00621	0.00591	0.02608	0.00983
30	0.03070	0.01164	0.01588	0.01217	0.01746	0.01006	0.01006	0.03334	0.01958	0.72163	0.02699	0.02329	0.01694	0.00847	0.00688	0.00212	0.00582	0.00688	0.00847	0.01164
31	0.01393	0.03404	0.67212	0.02066	0.05353	0.01596	0.05245	0.02165	0.01455	0.02170	0.01236	0.01469	0.00881	0.00646	0.00657	0.00217	0.01010	0.00521	0.00293	0.01010
32	0.04242	0.11056	0.03762	0.09667	0.31888	0.04209	0.01580	0.02137	0.03166	0.10068	0.01982	0.02305	0.07350	0.00793	0.00659	0.00206	0.00744	0.02802	0.00433	0.00953
33	0.00924	0.00662	0.00896	0.01050	0.01134	0.00634	0.00790	0.01110	0.01405	0.01850	0.03794	0.51040	0.05875	0.02048	0.00896	0.00289	0.00474	0.23913	0.00633	0.00581
34	0.00861	0.00692	0.00768	0.00756	0.00958	0.00599	0.00564	0.01081	0.01674	0.02136	0.27744	0.08338	0.48147	0.01637	0.00810	0.00227	0.00340	0.01393	0.00674	0.00599
35	0.04139	0.01575	0.06408	0.33393	0.22015	0.01606	0.08955	0.07840	0.01594	0.02204	0.01282	0.01736	0.00992	0.00701	0.00731	0.02076	0.00883	0.00616	0.00354	0.00902
36	0.04576	0.03121	0.56264	0.02090	0.03016	0.01614	0.15435	0.02165	0.01466	0.02207	0.01247	0.01509	0.00895	0.00635	0.00672	0.00219	0.01020	0.00559	0.00305	0.00983
37	0.01154	0.00760	0.01046	0.01147	0.01303	0.00736	0.00945	0.01424	0.01582	0.06476	0.11097	0.21638	0.04201	0.01824	0.00898	0.00289	0.00543	0.41628	0.00658	0.00649
38	0.01533	0.01302	0.01579	0.05320	0.12411	0.05215	0.03860	0.14135	0.04555	0.02544	0.07399	0.03428	0.21745	0.01063	0.00702	0.00209	0.00607	0.00897	0.10667	0.00830
39	0.15957	0.05304	0.01215	0.01043	0.01312	0.01103	0.00815	0.05597	0.06924	0.08520	0.08071	0.26083	0.05673	0.01361	0.00710	0.00237	0.00495	0.05796	0.03031	0.00753

[dist]
# distance from previous block
# <min> <max>
1	4

[block]
# block no. 2 follows, 31 sequences, length 137
# corresponding to MSA columns:
# 439-575
name=unknown_C
#
# <colnr> <probs for GDERKNQSTAVLIFYWHMCP>
#	G	D	E	R	K	N	Q	S	T	A	V	L	I	F	Y	W	H	M	C	P
0	0.50401	0.04484	0.06222	0.03664	0.01748	0.01681	0.01044	0.15827	0.01651	0.06049	0.01194	0.01317	0.00887	0.00683	0.00513	0.00209	0.00631	0.00451	0.00476	0.00869
1	0.04848	0.01158	0.07355	0.00962	0.01265	0.01021	0.00825	0.12940	0.01688	0.05036	0.02039	0.04404	0.01685	0.08952	0.00868	0.00234	0.00510	0.00687	0.42768	0.00754
2	0.04760	0.02596	0.38755	0.02242	0.10289	0.01542	0.16451	0.02156	0.01496	0.04460	0.01302	0.01569	0.00961	0.00623	0.00666	0.00208	0.00942	0.00573	0.00340	0.08070
3	0.00949	0.00756	0.01169	0.01281	0.05013	0.00712	0.06284	0.01128	0.01372	0.01847	0.06053	0.62829	0.04131	0.01905	0.00855	0.00268	0.00478	0.01753	0.00600	0.00617
4	0.02207	0.15591	0.02244	0.01564	0.02025	0.24439	0.03575	0.18921	0.17915	0.02592	0.01589	0.01633	0.01232	0.00759	0.00626	0.00193	0.00865	0.00559	0.00501	0.00969
5	0.01000	0.00690	0.00885	0.00885	0.00941	0.00740	0.00596	0.01112	0.01056	0.01484	0.02028	0.03672	0.02142	0.44130	0.31611	0.00819	0.01122	0.00874	0.03713	0.00503
6	0.01625	0.01830	0.03522	0.10490	0.03453	0.06011	0.51771	0.02127	0.01557	0.02064	0.01303	0.01775	0.01002	0.00652	0.00911	0.00233	0.07709	0.00745	0.00338	0.00882
7	0.00947	0.00695	0.00888	0.00847	0.01011	0.00636	0.00632	0.01248	0.01877	0.02619	0.62486	0.07646	0.12999	0.01458	0.00809	0.00219	0.00328	0.01282	0.00737	0.00636
8	0.00994	0.00666	0.00760	0.00760	0.00765	0.00671	0.00432	0.01004	0.00999	0.01337	0.02143	0.04408	0.02457	0.73220	0.06178	0.00680	0.00708	0.00985	0.00413	0.00422
9	0.02556	0.03261	0.01939	0.01763	0.02115	0.73210	0.01322	0.02732	0.01939	0.01674	0.01058	0.01234	0.00881	0.00705	0.00617	0.00176	0.01234	0.00441	0.00353	0.00793
10	0.01702	0.01470	0.01547	0.01392	0.01779	0.01702	0.01083	0.03635	0.70453	0.02862	0.02785	0.02553	0.02088	0.00928	0.00696	0.00232	0.00541	0.00773	0.00696	0.01083
11	0.00865	0.00634	0.00812	0.00896	0.00991	0.00581	0.00623	0.01042	0.01501	0.02013	0.21335	0.48763	0.13620	0.01901	0.00848	0.00256	0.00372	0.01701	0.00665	0.00581
12	0.00809	0.00690	0.00697	0.00702	0.00926	0.00577	0.00524	0.00981	0.01551	0.01845	0.06820	0.08994	0.69072	0.01747	0.00811	0.00233	0.00348	0.01461	0.00635	0.00577
13	0.00979	0.00727	0.01068	0.01068	0.01180	0.00838	0.00816	0.01202	0.01090	0.01565	0.01861	0.02845	0.01779	0.11348	0.67122	0.01061	0.01730	0.00756	0.00371	0.00594
14	0.02856	0.01197	0.01571	0.01216	0.01733	0.01068	0.00999	0.05979	0.05180	0.61392	0.02742	0.02415	0.03896	0.00866	0.00686	0.00209	0.00577	0.00703	0.00811	0.03903
15	0.01264	0.00639	0.00642	0.00642	0.00795	0.00639	0.00476	0.01569	0.01416	0.02499	0.02229	0.02631	0.01784	0.03940	0.00604	0.00180	0.00333	0.00653	0.76437	0.00628
16	0.01923	0.01560	0.01633	0.01385	0.01687	0.09102	0.01113	0.24941	0.05670	0.04582	0.01675	0.01946	0.01332	0.01498	0.11427	0.00341	0.12853	0.00626	0.13821	0.00885
17	0.01679	0.01611	0.02752	0.06653	0.69345	0.01622	0.02093	0.02087	0.01551	0.02218	0.01284	0.01698	0.01078	0.00612	0.00678	0.00204	0.00816	0.00610	0.00337	0.01072
18	0.01579	0.01386	0.02280	0.28854	0.26600	0.01494	0.06388	0.07341	0.01616	0.05026	0.01622	0.09735	0.01421	0.00827	0.00711	0.00223	0.00813	0.00770	0.00407	0.00908
19	0.76114	0.01439	0.01061	0.00951	0.01370	0.05818	0.00776	0.02054	0.01211	0.02986	0.00959	0.01119	0.00749	0.00639	0.00435	0.00210	0.00571	0.00375	0.00419	0.00744
20	0.01294	0.01247	0.01300	0.12050	0.01789	0.13234	0.01001	0.01473	0.01380	0.01715	0.02520	0.32855	0.04756	0.08442	0.01176	0.00286	0.08483	0.01199	0.03162	0.00637
21	0.01125	0.00736	0.00972	0.00916	0.01100	0.00678	0.00702	0.01436	0.01894	0.07673	0.59725	0.07291	0.05883	0.01415	0.00810	0.00224	0.00364	0.05630	0.00748	0.00679
22	0.01505	0.08221	0.39369	0.02542	0.24483	0.01654	0.02156	0.02163	0.04711	0.02164	0.01388	0.04141	0.01122	0.00698	0.00653	0.00210	0.00884	0.00591	0.00336	0.01011
23	0.00981	0.00650	0.00863	0.00980	0.01067	0.00606	0.00696	0.01116	0.01370	0.05070	0.03806	0.57057	0.08527	0.02037	0.00940	0.03460	0.00436	0.09123	0.00631	0.00584
24	0.70871	0.01346	0.01100	0.00961	0.01395	0.01539	0.00790	0.05275	0.03167	0.06799	0.01127	0.01240	0.00848	0.00663	0.00457	0.00212	0.00543	0.00410	0.00465	0.00792
25	0.18465	0.01429	0.01583	0.04695	0.01881	0.01530	0.01072	0.19356	0.14350	0.23882	0.03640	0.01992	0.01514	0.00817	0.00637	0.00215	0.00616	0.00630	0.00665	0.01032
26	0.01717	0.01686	0.02708	0.06950	0.65686	0.04981	0.02055	0.02115	0.01568	0.02189	0.01273	0.01677	0.01067	0.00617	0.00675	0.00203	0.00837	0.00602	0.00338	0.01057
27	0.01188	0.00594	0.00891	0.00891	0.00891	0.00594	0.00594	0.00891	0.00891	0.01188	0.01188	0.02080	0.01188	0.02377	0.02674	0.80095	0.00594	0.00594	0.00297	0.00297
28	0.00995	0.00663	0.00746	0.00746	0.00746	0.00663	0.00415	0.00995	0.00995	0.01327	0.02156	0.04477	0.02487	0.75957	0.03482	0.00663	0.00663	0.00995	0.00415	0.00415
29	0.01479	0.01404	0.02379	0.32426	0.09105	0.01671	0.12267	0.01848	0.01353	0.04274	0.01294	0.04100	0.01085	0.00855	0.01139	0.00247	0.21232	0.00682	0.00342	0.00817
30	0.01065	0.00766	0.01057	0.01208	0.01357	0.00757	0.01035	0.01356	0.01549	0.02011	0.03771	0.14018	0.06749	0.01907	0.00933	0.00308	0.00597	0.58303	0.00631	0.00621
31	0.01102	0.00787	0.01102	0.01260	0.01417	0.00787	0.01102	0.01417	0.01575	0.02047	0.03622	0.07717	0.03937	0.01890	0.00945	0.00315	0.00630	0.67084	0.00630	0.00630
32	0.00834	0.00595	0.00794	0.00953	0.00992	0.00556	0.00635	0.00953	0.01310	0.01746	0.03771	0.75510	0.04525	0.02143	0.00873	0.00278	0.00397	0.01945	0.00635	0.00556
33	0.04737	0.22916	0.51098	0.01699	0.02572	0.01886	0.02092	0.02129	0.01418	0.02055	0.01143	0.01338	0.00865	0.00632	0.00584	0.00198	0.00917	0.00463	0.00295	0.00964
34	0.01454	0.01399	0.01358	0.01378	0.04681	0.16976	0.00992	0.01654	0.01393	0.01810	0.01979	0.15151	0.02001	0.06538	0.14297	0.00412	0.11076	0.02871	0.11906	0.00675
35	0.55802	0.06721	0.05397	0.01351	0.06556	0.04586	0.03742	0.04942	0.01360	0.02823	0.01042	0.01227	0.00817	0.00639	0.00489	0.00206	0.00653	0.00425	0.00406	0.00817
36	0.00969	0.00698	0.00910	0.00857	0.01014	0.00646	0.00639	0.01283	0.01910	0.02703	0.69359	0.05092	0.06342	0.03520	0.00883	0.00228	0.00332	0.01230	0.00743	0.00639
37	0.01540	0.01527	0.05126	0.30618	0.08447	0.01536	0.25701	0.02083	0.04453	0.06209	0.01557	0.05330	0.01234	0.00728	0.00736	0.00228	0.00935	0.00750	0.00386	0.00877
38	0.01419	0.01216	0.01419	0.01013	0.01621	0.00912	0.00811	0.01723	0.01419	0.02229	0.01216	0.01419	0.01013	0.00507	0.00507	0.00101	0.00507	0.00405	0.00405	0.80139
39	0.02556	0.03261	0.01939	0.01763	0.02115	0.73210	0.01322	0.02732	0.01939	0.01674	0.01058	0.01234	0.00881	0.00705	0.00617	0.00176	0.01234	0.00441	0.00353	0.00793
40	0.00963	0.00737	0.00890	0.00855	0.01047	0.00682	0.00650	0.01319	0.05017	0.02466	0.47041	0.05518	0.24494	0.01492	0.00808	0.00225	0.00353	0.04085	0.00712	0.00646
41	0.03070	0.01164	0.01588	0.01217	0.01746	0.01006	0.01006	0.03334	0.01958	0.72163	0.02699	0.02329	0.01694	0.00847	0.00688	0.00212	0.00582	0.00688	0.00847	0.01164
42	0.01702	0.01470	0.01547	0.01392	0.01779	0.01702	0.01083	0.03635	0.70453	0.02862	0.02785	0.02553	0.02088	0.00928	0.00696	0.00232	0.00541	0.00773	0.00696	0.01083
43	0.00957	0.00672	0.00752	0.00750	0.00804	0.00652	0.00456	0.01009	0.01137	0.01480	0.05245	0.04850	0.15943	0.57055	0.05024	0.00579	0.00627	0.01081	0.00466	0.00459
44	0.80789	0.01323	0.01006	0.00900	0.01323	0.01535	0.00741	0.02011	0.01164	0.03070	0.00953	0.01111	0.00741	0.00635	0.00423	0.00212	0.00529	0.00370	0.00423	0.00741
45	0.01096	0.00783	0.01095	0.01252	0.01407	0.00782	0.01091	0.01406	0.01568	0.02040	0.03626	0.09384	0.03952	0.01896	0.00943	0.00314	0.00624	0.65482	0.00630	0.00628
46	0.00851	0.00608	0.00813	0.00963	0.01013	0.00570	0.00657	0.00988	0.01346	0.01799	0.06374	0.69608	0.04572	0.02103	0.00874	0.00277	0.00405	0.04975	0.00639	0.00563
47	0.01102	0.00787	0.01102	0.01260	0.01417	0.00787	0.01102	0.01417	0.01575	0.02047	0.03622	0.07717	0.03937	0.01890	0.00945	0.00315	0.00630	0.67084	0.00630	0.00630
48	0.39386	0.01467	0.01436	0.07684	0.01876	0.04886	0.01019	0.14709	0.01762	0.15235	0.03621	0.01618	0.01187	0.00738	0.00563	0.00210	0.00641	0.00523	0.00542	0.00895
49	0.00834	0.00595	0.00794	0.00953	0.00992	0.00556	0.00635	0.00953	0.01310	0.01746	0.03771	0.75510	0.04525	0.02143	0.00873	0.00278	0.00397	0.01945	0.00635	0.00556
50	0.00977	0.00733	0.01100	0.01100	0.01222	0.00855	0.00855	0.01222	0.01100	0.01588	0.01833	0.02688	0.01710	0.05131	0.73245	0.01100	0.01833	0.00733	0.00367	0.00611
51	0.01598	0.01800	0.03876	0.07197	0.05951	0.01714	0.62909	0.02162	0.01598	0.02166	0.01371	0.01839	0.01032	0.00584	0.00796	0.00230	0.01127	0.00789	0.00343	0.00918
52	0.01693	0.01626	0.02777	0.04199	0.71689	0.01626	0.02100	0.02100	0.01558	0.02235	0.01287	0.01693	0.01084	0.00610	0.00677	0.00203	0.00813	0.00610	0.00339	0.01084
53	0.61074	0.01635	0.01232	0.01087	0.01508	0.11269	0.00875	0.07150	0.04378	0.02964	0.01096	0.01229	0.00849	0.00671	0.00480	0.00207	0.00641	0.00415	0.00445	0.00794
54	0.01263	0.00645	0.00919	0.03026	0.01039	0.00643	0.00640	0.01122	0.01055	0.04747	0.01588	0.07800	0.01531	0.02042	0.02113	0.57992	0.00554	0.00708	0.10158	0.00413
55	0.02234	0.05693	0.01973	0.01777	0.04817	0.53224	0.01316	0.02420	0.01763	0.01727	0.03301	0.04883	0.01231	0.00845	0.00828	0.00197	0.10055	0.00559	0.00369	0.00787
56	0.01017	0.00708	0.00924	0.00890	0.01055	0.00653	0.00671	0.01316	0.01856	0.04573	0.58347	0.10729	0.08642	0.01478	0.00815	0.00225	0.00351	0.04363	0.00736	0.00650
57	0.01548	0.14572	0.52764	0.04042	0.02776	0.01757	0.04226	0.04095	0.01509	0.04834	0.01258	0.01454	0.00915	0.00651	0.00626	0.00206	0.00945	0.00506	0.00324	0.00990
58	0.01425	0.12010	0.64406	0.01859	0.02821	0.01719	0.02370	0.02153	0.01438	0.02102	0.01196	0.01404	0.00868	0.00642	0.00625	0.00208	0.00979	0.00489	0.00289	0.00996
59	0.03033	0.01223	0.01624	0.01245	0.01776	0.01093	0.01029	0.08523	0.02057	0.66834	0.02616	0.02275	0.01652	0.00845	0.00688	0.00211	0.00596	0.00682	0.00834	0.01164
60	0.01372	0.03539	0.72412	0.01950	0.02961	0.01589	0.02528	0.02167	0.01444	0.02167	0.01228	0.01444	0.00867	0.00650	0.00650	0.00217	0.01011	0.00506	0.00289	0.01011
61	0.00994	0.00669	0.00774	0.00774	0.00784	0.00679	0.00450	0.01013	0.01003	0.01347	0.02130	0.04335	0.02425	0.70326	0.09028	0.00698	0.00756	0.00974	0.00411	0.00430
62	0.02483	0.01233	0.01529	0.01250	0.01709	0.01208	0.01007	0.03295	0.24281	0.44926	0.07324	0.02588	0.02141	0.00910	0.00699	0.00219	0.00552	0.00753	0.00791	0.01103
63	0.01000	0.00672	0.00780	0.00798	0.00814	0.00671	0.00483	0.01031	0.01056	0.01404	0.02336	0.06950	0.02680	0.67065	0.03175	0.00620	0.00652	0.06934	0.00441	0.00438
64	0.02466	0.01934	0.01989	0.04598	0.02176	0.07283	0.01293	0.57592	0.04941	0.03874	0.01631	0.01735	0.01201	0.03165	0.00767	0.00219	0.00786	0.00619	0.00636	0.01093
65	0.01513	0.01692	0.06143	0.08083	0.10467	0.01631	0.39601	0.01991	0.01507	0.02076	0.01539	0.04754	0.01333	0.00805	0.00947	0.00242	0.09073	0.05359	0.00364	0.00879
66	0.01102	0.00787	0.01102	0.01260	0.01417	0.00787	0.01102	0.01417	0.01575	0.02047	0.03622	0.07717	0.03937	0.01890	0.00945	0.00315	0.00630	0.67084	0.00630	0.00630
67	0.01328	0.01253	0.02117	0.68042	0.10701	0.01529	0.01918	0.01779	0.01385	0.01792	0.01222	0.01812	0.00927	0.00677	0.00683	0.00226	0.00903	0.00608	0.00307	0.00789
68	0.06859	0.05257	0.02005	0.09591	0.10111	0.30209	0.01388	0.16237	0.01993	0.02388	0.01407	0.05066	0.01210	0.00806	0.00647	0.00200	0.00934	0.02370	0.00437	0.00884
69	0.01117	0.00763	0.00877	0.00871	0.00939	0.00773	0.00556	0.07450	0.01301	0.01763	0.02514	0.21895	0.02842	0.47354	0.02444	0.00503	0.00591	0.01182	0.03735	0.00529
70	0.50190	0.01507	0.03418	0.08852	0.17812	0.04027	0.01231	0.02035	0.01308	0.02678	0.01065	0.01327	0.00844	0.00637	0.00519	0.00210	0.00668	0.00454	0.00386	0.00830
71	0.00809	0.00690	0.00696	0.00702	0.00926	0.00577	0.00524	0.00981	0.01551	0.01845	0.06824	0.08919	0.69145	0.01747	0.00811	0.00233	0.00348	0.01461	0.00635	0.00577
72	0.01039	0.00796	0.01059	0.03604	0.04120	0.00771	0.00829	0.01408	0.04427	0.02446	0.42750	0.07571	0.12389	0.01467	0.00819	0.00237	0.00429	0.12487	0.00681	0.00671
73	0.01275	0.00638	0.00638	0.00638	0.00797	0.00638	0.00478	0.01594	0.01435	0.02551	0.02232	0.02551	0.01754	0.00797	0.00478	0.00159	0.00319	0.00638	0.79755	0.00638
74	0.01507	0.02545	0.32866	0.02438	0.03232	0.01688	0.37824	0.02155	0.01516	0.02155	0.01295	0.01659	0.00959	0.00637	0.00808	0.00228	0.04546	0.00670	0.00320	0.00952
75	0.02565	0.01898	0.02033	0.01567	0.02108	0.02105	0.01292	0.66784	0.05899	0.04254	0.01688	0.01679	0.01200	0.00826	0.00685	0.00206	0.00744	0.00622	0.00685	0.01160
76	0.03070	0.01164	0.01588	0.01217	0.01746	0.01006	0.01006	0.03334	0.01958	0.72163	0.02699	0.02329	0.01694	0.00847	0.00688	0.00212	0.00582	0.00688	0.00847	0.01164
77	0.00977	0.00733	0.01100	0.01100	0.01222	0.00855	0.00855	0.01222	0.01100	0.01588	0.01833	0.02688	0.01710	0.05131	0.73245	0.01100	0.01833	0.00733	0.00367	0.00611
78	0.02639	0.01856	0.02016	0.01545	0.02091	0.02032	0.01277	0.64074	0.03115	0.09789	0.01728	0.01698	0.01206	0.00823	0.00685	0.00206	0.00739	0.00622	0.00698	0.01164
79	0.02868	0.01488	0.01788	0.01371	0.01908	0.01486	0.01132	0.31786	0.02500	0.42945	0.02244	0.02033	0.01465	0.00836	0.00686	0.00209	0.00656	0.00657	0.00777	0.01164
80	0.01102	0.00787	0.01102	0.01260	0.01417	0.00787	0.01102	0.01417	0.01575	0.02047	0.03622	0.07717	0.03937	0.01890	0.00945	0.00315	0.00630	0.67084	0.00630	0.00630
81	0.00812	0.00679	0.00707	0.00730	0.00934	0.00574	0.00536	0.00978	0.01524	0.01834	0.06486	0.16292	0.61991	0.01790	0.00818	0.00238	0.00354	0.01514	0.00635	0.00574
82	0.01702	0.01470	0.01547	0.01392	0.01779	0.01702	0.01083	0.03635	0.70453	0.02862	0.02785	0.02553	0.02088	0.00928	0.00696	0.00232	0.00541	0.00773	0.00696	0.01083
83	0.00823	0.00695	0.00715	0.00727	0.00949	0.00587	0.00551	0.01001	0.01553	0.01855	0.06683	0.08652	0.66289	0.01752	0.00817	0.00236	0.00361	0.04540	0.00635	0.00579
84	0.00979	0.00728	0.01076	0.01076	0.01190	0.00842	0.00825	0.01206	0.01092	0.01570	0.01854	0.02809	0.01763	0.09917	0.68531	0.01070	0.01753	0.00751	0.00370	0.00598
85	0.01706	0.01522	0.01531	0.01382	0.01761	0.04999	0.01072	0.03487	0.64502	0.02766	0.02869	0.02652	0.04798	0.00950	0.00697	0.00229	0.00566	0.00785	0.00678	0.01049
86	0.01292	0.01216	0.02052	0.74312	0.04712	0.01520	0.01900	0.01748	0.01368	0.01748	0.01216	0.01824	0.00912	0.00684	0.00684	0.00228	0.00912	0.00608	0.00304	0.00760
87	0.00968	0.00705	0.00916	0.01034	0.01127	0.00693	0.00758	0.01250	0.05802	0.01908	0.06743	0.47418	0.04196	0.06609	0.01039	0.00305	0.00473	0.16824	0.00629	0.00602
88	0.15326	0.01631	0.01861	0.36373	0.03227	0.09770	0.01495	0.17898	0.01835	0.02571	0.01254	0.01593	0.00939	0.00710	0.00632	0.00214	0.00845	0.00550	0.00420	0.00856
89	0.00834	0.00595	0.00794	0.00953	0.00992	0.00556	0.00635	0.00953	0.01310	0.01746	0.03771	0.75510	0.04525	0.02143	0.00873	0.00278	0.00397	0.01945	0.00635	0.00556
90	0.01012	0.00777	0.01136	0.01117	0.01222	0.00921	0.00862	0.01231	0.01088	0.01572	0.01797	0.02750	0.01718	0.10406	0.63197	0.01014	0.06464	0.00745	0.00366	0.00604
91	0.06110	0.36472	0.30337	0.01495	0.02212	0.07047	0.01677	0.02121	0.01451	0.01944	0.02880	0.01348	0.01010	0.00643	0.00543	0.00182	0.00855	0.00449	0.00315	0.00911
92	0.01679	0.01611	0.02752	0.06633	0.69364	0.01622	0.02093	0.02087	0.01551	0.02218	0.01284	0.01698	0.01078	0.00612	0.00678	0.00204	0.00816	0.00610	0.00337	0.01072
93	0.03070	0.01164	0.01588	0.01217	0.01746	0.01006	0.01006	0.03334	0.01958	0.72163	0.02699	0.02329	0.01694	0.00847	0.00688	0.00212	0.00582	0.00688	0.00847	0.01164
94	0.01340	0.03363	0.68132	0.01890	0.02843	0.01527	0.02415	0.02094	0.01436	0.02142	0.01380	0.05870	0.01085	0.00739	0.00663	0.00220	0.00974	0.00592	0.00310	0.00984
95	0.07433	0.08140	0.52368	0.01857	0.04447	0.01662	0.04960	0.04998	0.01505	0.02302	0.01245	0.01462	0.00911	0.00652	0.00622	0.00209	0.00924	0.00510	0.02817	0.00975
96	0.00911	0.00697	0.00835	0.00801	0.00987	0.00621	0.00600	0.01180	0.01801	0.02423	0.48265	0.05638	0.29718	0.01518	0.00808	0.00221	0.00331	0.01311	0.00711	0.00621
97	0.00809	0.00693	0.00693	0.00693	0.00924	0.00578	0.00520	0.00982	0.01559	0.01848	0.06931	0.06584	0.71411	0.01733	0.00809	0.00231	0.00347	0.01444	0.00635	0.00578
98	0.34041	0.14414	0.17649	0.06815	0.02163	0.03664	0.04084	0.04119	0.01378	0.02451	0.01073	0.01297	0.00838	0.00655	0.00578	0.00205	0.02918	0.00451	0.00362	0.00847
99	0.00887	0.00621	0.00775	0.00875	0.00908	0.00592	0.00558	0.00968	0.01213	0.01609	0.03332	0.49553	0.05983	0.26813	0.01744	0.00405	0.00484	0.01611	0.00561	0.00509
100	0.00961	0.00700	0.00932	0.01072	0.01190	0.00670	0.00848	0.01181	0.01467	0.01904	0.04063	0.34745	0.11946	0.01973	0.00901	0.00290	0.00504	0.33427	0.00633	0.00594
101	0.04270	0.01428	0.02401	0.31891	0.31619	0.01558	0.07141	0.01989	0.04334	0.02060	0.01347	0.01869	0.01090	0.03249	0.00779	0.00233	0.00853	0.00636	0.00346	0.00906
102	0.01506	0.05723	0.41139	0.04851	0.22282	0.01655	0.05819	0.02194	0.04427	0.02181	0.01307	0.01581	0.00991	0.00645	0.00660	0.00212	0.00928	0.00560	0.00324	0.01017
103	0.01799	0.69783	0.06821	0.01280	0.01890	0.02613	0.04138	0.02060	0.01402	0.01660	0.00983	0.01146	0.00884	0.00588	0.00465	0.00153	0.00763	0.00391	0.00295	0.00886
104	0.04361	0.05047	0.19238	0.14632	0.27726	0.03861	0.01912	0.02148	0.03901	0.05434	0.04336	0.01801	0.01268	0.00690	0.00658	0.00210	0.00836	0.00597	0.00376	0.00968
105	0.00964	0.00703	0.00908	0.00868	0.01034	0.00648	0.00658	0.01276	0.01894	0.02650	0.63755	0.05333	0.10784	0.01444	0.00813	0.00221	0.00339	0.04329	0.00739	0.00640
106	0.01179	0.00829	0.01102	0.13071	0.01677	0.00806	0.00851	0.01472	0.01729	0.09088	0.33304	0.04741	0.24885	0.01328	0.00775	0.00222	0.00453	0.01142	0.00652	0.00695
107	0.00966	0.00724	0.00938	0.01002	0.01152	0.00645	0.00724	0.01141	0.01362	0.01866	0.03322	0.54422	0.03859	0.01836	0.00821	0.00253	0.00445	0.09971	0.00596	0.13954
108	0.02429	0.03021	0.02062	0.02120	0.12322	0.62708	0.01436	0.02639	0.01883	0.01757	0.01091	0.01301	0.00911	0.00691	0.00626	0.00180	0.01172	0.00465	0.00350	0.00836
109	0.00997	0.00775	0.01133	0.01275	0.06173	0.00740	0.03971	0.02897	0.01458	0.01977	0.11397	0.54929	0.04212	0.03524	0.00903	0.00270	0.00468	0.01657	0.00611	0.00634
110	0.01402	0.08349	0.67866	0.01898	0.02881	0.01663	0.02438	0.02159	0.01441	0.02130	0.01209	0.01421	0.00867	0.00646	0.00636	0.00212	0.00993	0.00496	0.00289	0.01002
111	0.02556	0.03261	0.01939	0.01763	0.02115	0.73210	0.01322	0.02732	0.01939	0.01674	0.01058	0.01234	0.00881	0.00705	0.00617	0.00176	0.01234	0.00441	0.00353	0.00793
112	0.01188	0.00594	0.00891	0.00891	0.00891	0.00594	0.00594	0.00891	0.00891	0.01188	0.01188	0.02080	0.01188	0.02377	0.02674	0.80095	0.00594	0.00594	0.00297	0.00297
113	0.00834	0.00595	0.00794	0.00953	0.00992	0.00556	0.00635	0.00953	0.01310	0.01746	0.03771	0.75510	0.04525	0.02143	0.00873	0.00278	0.00397	0.01945	0.00635	0.00556
114	0.01054	0.00718	0.00942	0.00875	0.01052	0.00660	0.00660	0.01374	0.01937	0.05578	0.68526	0.04997	0.06261	0.01376	0.00802	0.00215	0.00333	0.01215	0.00757	0.00667
115	0.00977	0.00718	0.00911	0.01004	0.01144	0.00688	0.00781	0.01261	0.03895	0.02034	0.11258	0.28837	0.15862	0.01822	0.00859	0.00270	0.00460	0.23191	0.03415	0.00614
116	0.00831	0.00605	0.00784	0.00928	0.00986	0.00558	0.00624	0.00955	0.01334	0.01756	0.04075	0.68867	0.10971	0.02104	0.00867	0.00273	0.00392	0.01897	0.00635	0.00558
117	0.02556	0.03261	0.01939	0.01763	0.02115	0.73210	0.01322	0.02732	0.01939	0.01674	0.01058	0.01234	0.00881	0.00705	0.00617	0.00176	0.01234	0.00441	0.00353	0.00793
118	0.02875	0.01170	0.01545	0.01209	0.01711	0.01052	0.00991	0.03290	0.08002	0.63182	0.02688	0.02357	0.01731	0.00852	0.00680	0.00211	0.00568	0.00694	0.04058	0.01136
119	0.00978	0.00730	0.01085	0.01085	0.01202	0.00847	0.00837	0.01212	0.01095	0.01577	0.01846	0.02763	0.01743	0.08093	0.70328	0.01081	0.01784	0.00744	0.00369	0.00603
120	0.01918	0.01258	0.01324	0.01092	0.01439	0.01357	0.00877	0.34471	0.02299	0.03404	0.01946	0.02110	0.01467	0.00809	0.00578	0.00182	0.00529	0.00627	0.41420	0.00893
121	0.01615	0.01845	0.04037	0.02884	0.03576	0.01730	0.69204	0.02191	0.01615	0.02191	0.01384	0.01845	0.01038	0.00577	0.00807	0.00231	0.01153	0.00807	0.00346	0.00923
122	0.01639	0.01817	0.03832	0.04824	0.03500	0.01735	0.62820	0.04295	0.04064	0.02267	0.01436	0.01863	0.01075	0.00600	0.00796	0.00230	0.01113	0.00795	0.00367	0.00931
123	0.80789	0.01323	0.01006	0.00900	0.01323	0.01535	0.00741	0.02011	0.01164	0.03070	0.00953	0.01111	0.00741	0.00635	0.00423	0.00212	0.00529	0.00370	0.00423	0.00741
124	0.01679	0.01611	0.02752	0.06653	0.69345	0.01622	0.02093	0.02087	0.01551	0.02218	0.01284	0.01698	0.01078	0.00612	0.00678	0.00204	0.00816	0.00610	0.00337	0.01072
125	0.00914	0.00653	0.00883	0.01028	0.01107	0.00623	0.00759	0.01098	0.01421	0.01892	0.08194	0.52933	0.04497	0.02027	0.00888	0.00284	0.00454	0.19123	0.00642	0.00581
126	0.01520	0.12895	0.40570	0.03381	0.02468	0.04949	0.04482	0.02113	0.03089	0.05356	0.06265	0.06820	0.01577	0.00811	0.00655	0.00210	0.00866	0.00661	0.00386	0.00926
127	0.01555	0.16027	0.41698	0.02073	0.09261	0.01759	0.09350	0.02150	0.01478	0.04494	0.01321	0.03478	0.01035	0.00674	0.00639	0.00206	0.00926	0.00568	0.00329	0.00978
128	0.03014	0.01177	0.01586	0.01224	0.01748	0.01034	0.01009	0.03346	0.04757	0.69331	0.02703	0.02338	0.01710	0.00850	0.00688	0.00213	0.00580	0.00691	0.00841	0.01161
129	0.01353	0.03436	0.69907	0.01915	0.02892	0.01553	0.02462	0.02124	0.01440	0.02152	0.01317	0.04034	0.00995	0.00702	0.00658	0.00219	0.00990	0.00556	0.00301	0.00995
130	0.04233	0.01444	0.04536	0.13699	0.12473	0.01426	0.17946	0.10869	0.01686	0.02330	0.01962	0.20379	0.01907	0.01032	0.00751	0.00234	0.00795	0.00985	0.00458	0.00856
131	0.03993	0.00798	0.01006	0.00926	0.01141	0.00752	0.00703	0.01612	0.04658	0.10513	0.52104	0.09272	0.07165	0.01349	0.00780	0.00220	0.00374	0.01179	0.00739	0.00718
132	0.00850	0.00604	0.00794	0.00934	0.00975	0.00567	0.00619	0.00968	0.01308	0.01750	0.05995	0.67749	0.04439	0.07643	0.01066	0.00305	0.00414	0.01849	0.00623	0.00548
133	0.01521	0.02792	0.05423	0.04004	0.01461	0.00887	0.00882	0.01846	0.03484	0.18959	0.26676	0.07099	0.13509	0.07240	0.00971	0.00255	0.00499	0.01045	0.00668	0.00781
134	0.02522	0.01823	0.04430	0.04637	0.02196	0.01910	0.01320	0.52331	0.06051	0.13056	0.01803	0.01777	0.01256	0.00818	0.00684	0.00209	0.00736	0.00629	0.00676	0.01137
135	0.01102	0.00787	0.01102	0.01260	0.01417	0.00787	0.01102	0.01417	0.01575	0.02047	0.03622	0.07717	0.03937	0.01890	0.00945	0.00315	0.00630	0.67084	0.00630	0.00630
136	0.01598	0.02280	0.21393	0.04941	0.11493	0.06672	0.24296	0.02145	0.03079	0.02071	0.01260	0.01640	0.00986	0.00716	0.00950	0.00230	0.12351	0.00638	0.00330	0.00929

[dist]
# distance from previous block
# <min> <max>
5	7

[block]
# block no. 3 follows, 31 sequences, length 30
# corresponding to MSA columns:
# 583-612
name=unknown_D
#
# <colnr> <probs for GDERKNQSTAVLIFYWHMCP>
#	G	D	E	R	K	N	Q	S	T	A	V	L	I	F	Y	W	H	M	C	P
0	0.01660	0.04210	0.01734	0.01215	0.01807	0.04792	0.05487	0.03923	0.01549	0.07280	0.01329	0.01498	0.01057	0.00558	0.00548	0.00127	0.00609	0.00459	0.00434	0.59723
1	0.02382	0.02934	0.01851	0.01680	0.01992	0.62570	0.01270	0.02567	0.01836	0.01739	0.01135	0.01353	0.00949	0.00748	0.00724	0.00184	0.06467	0.00467	0.06375	0.00778
2	0.00822	0.00694	0.00712	0.00708	0.00933	0.00583	0.00531	0.01009	0.01592	0.01926	0.12533	0.06456	0.65761	0.01704	0.00808	0.00230	0.00344	0.01426	0.00646	0.00583
3	0.00924	0.00698	0.00853	0.00814	0.00995	0.00627	0.00611	0.01205	0.01832	0.02495	0.53428	0.05520	0.24510	0.01491	0.00807	0.00220	0.00329	0.01295	0.00720	0.00627
4	0.02882	0.01123	0.01528	0.01185	0.01682	0.00973	0.00973	0.03152	0.01956	0.65982	0.08810	0.02576	0.02118	0.00896	0.00699	0.00212	0.00559	0.00737	0.00838	0.01118
5	0.00978	0.00730	0.01085	0.01085	0.01202	0.00847	0.00837	0.01212	0.01095	0.01578	0.01846	0.02760	0.01742	0.08003	0.70417	0.01082	0.01785	0.00744	0.00368	0.00603
6	0.02556	0.03261	0.01939	0.01763	0.02115	0.73210	0.01322	0.02732	0.01939	0.01674	0.01058	0.01234	0.00881	0.00705	0.00617	0.00176	0.01234	0.00441	0.00353	0.00793
7	0.01648	0.01418	0.01499	0.01361	0.01734	0.01629	0.01062	0.03461	0.65571	0.02796	0.02973	0.02874	0.04852	0.00990	0.00708	0.00235	0.00537	0.02912	0.00692	0.01049
8	0.00915	0.00657	0.00883	0.01026	0.01111	0.00626	0.00763	0.01100	0.01422	0.01882	0.07060	0.50937	0.06543	0.02024	0.00888	0.00284	0.00457	0.20201	0.00639	0.00582
9	0.00824	0.00696	0.00714	0.00717	0.00942	0.00586	0.00542	0.01008	0.01576	0.01893	0.09667	0.06551	0.66640	0.01722	0.00812	0.00233	0.00354	0.03299	0.00640	0.00582
10	0.01702	0.01470	0.01547	0.01392	0.01779	0.01702	0.01083	0.03635	0.70453	0.02862	0.02785	0.02553	0.02088	0.00928	0.00696	0.00232	0.00541	0.00773	0.00696	0.01083
11	0.80789	0.01323	0.01006	0.00900	0.01323	0.01535	0.00741	0.02011	0.01164	0.03070	0.00953	0.01111	0.00741	0.00635	0.00423	0.00212	0.00529	0.00370	0.00423	0.00741
12	0.00977	0.00733	0.01100	0.01100	0.01222	0.00855	0.00855	0.01222	0.01100	0.01588	0.01833	0.02688	0.01710	0.05131	0.73245	0.01100	0.01833	0.00733	0.00367	0.00611
13	0.80789	0.01323	0.01006	0.00900	0.01323	0.01535	0.00741	0.02011	0.01164	0.03070	0.00953	0.01111	0.00741	0.00635	0.00423	0.00212	0.00529	0.00370	0.00423	0.00741
14	0.01651	0.01582	0.02700	0.11631	0.64589	0.01614	0.02078	0.02062	0.01538	0.02183	0.01279	0.01707	0.01065	0.00617	0.00678	0.00206	0.00823	0.00609	0.00335	0.01049
15	0.01629	0.00889	0.01108	0.00970	0.01270	0.00804	0.00755	0.03746	0.03857	0.23744	0.26216	0.09095	0.20478	0.01331	0.00769	0.00222	0.00431	0.01136	0.00742	0.00809
16	0.08122	0.01826	0.01879	0.01472	0.01964	0.04285	0.01196	0.57418	0.02866	0.03920	0.01611	0.01796	0.01220	0.06252	0.00866	0.00238	0.00746	0.00620	0.00635	0.01067
17	0.02220	0.05530	0.05284	0.02467	0.23083	0.40445	0.01600	0.07551	0.01878	0.02062	0.01174	0.01407	0.00963	0.00678	0.00635	0.00187	0.01041	0.00505	0.00368	0.00921
18	0.01102	0.00787	0.01102	0.01260	0.01417	0.00787	0.01102	0.01417	0.01575	0.02047	0.03622	0.07717	0.03937	0.01890	0.00945	0.00315	0.00630	0.67084	0.00630	0.00630
19	0.01719	0.44883	0.20440	0.05774	0.02226	0.02206	0.01546	0.03700	0.01458	0.04687	0.01188	0.03035	0.01003	0.00678	0.00585	0.00180	0.02971	0.00478	0.00332	0.00911
20	0.06714	0.06387	0.01889	0.01343	0.01867	0.01322	0.06191	0.09666	0.03972	0.47053	0.02270	0.02092	0.01500	0.00796	0.00659	0.00207	0.00639	0.00652	0.03700	0.01082
21	0.03034	0.01221	0.01623	0.01244	0.01775	0.01090	0.01028	0.08348	0.02054	0.67013	0.02619	0.02277	0.01653	0.00845	0.00688	0.00211	0.00595	0.00683	0.00834	0.01164
22	0.01562	0.04293	0.20884	0.02652	0.07256	0.01725	0.45146	0.02162	0.01548	0.02158	0.01315	0.01707	0.00990	0.00613	0.00788	0.00225	0.02995	0.00703	0.00329	0.00948
23	0.03904	0.01387	0.01965	0.33721	0.03134	0.01639	0.04732	0.18855	0.01808	0.02493	0.01497	0.05995	0.01233	0.00860	0.00854	0.00229	0.08978	0.00690	0.05176	0.00849
24	0.00857	0.00631	0.00806	0.00917	0.01005	0.00580	0.00641	0.01016	0.01430	0.01885	0.11605	0.53868	0.15130	0.01986	0.00859	0.00266	0.00392	0.04906	0.00648	0.00572
25	0.00975	0.00655	0.00752	0.00772	0.00777	0.00650	0.00442	0.00990	0.01034	0.01378	0.02355	0.13266	0.02739	0.66824	0.03159	0.00616	0.00630	0.01112	0.00442	0.00432
26	0.08021	0.06954	0.01900	0.06393	0.01952	0.03667	0.10502	0.06730	0.01497	0.02130	0.02089	0.22508	0.02173	0.01240	0.00957	0.00246	0.11736	0.05758	0.02797	0.00750
27	0.08562	0.17306	0.04048	0.18967	0.02623	0.16220	0.01407	0.18707	0.01927	0.02457	0.01214	0.01444	0.00945	0.00697	0.00598	0.00194	0.00871	0.00505	0.00415	0.00895
28	0.00847	0.00639	0.00772	0.00870	0.00973	0.00579	0.00604	0.00984	0.01380	0.01765	0.04662	0.46228	0.25556	0.06724	0.01023	0.00289	0.00408	0.04517	0.00621	0.00557
29	0.05579	0.01496	0.05420	0.13220	0.31685	0.01453	0.10438	0.03601	0.01526	0.02225	0.03818	0.02118	0.03295	0.03504	0.02835	0.00252	0.00829	0.00681	0.05121	0.00905

[dist]
# distance from previous block
# <min> <max>
0	4

[block]
# block no. 4 follows, 31 sequences, length 100
# corresponding to MSA columns:
# 617-716
name=unknown_E
#
# <colnr> <probs for GDERKNQSTAVLIFYWHMCP>
#	G	D	E	R	K	N	Q	S	T	A	V	L	I	F	Y	W	H	M	C	P
0	0.00864	0.00630	0.00818	0.00934	0.01015	0.00583	0.00654	0.01026	0.01428	0.01897	0.12331	0.55728	0.11499	0.01995	0.00863	0.00268	0.00397	0.05848	0.00649	0.00573
1	0.03801	0.14144	0.43038	0.01976	0.11066	0.01678	0.02022	0.02160	0.01500	0.06412	0.05033	0.01663	0.01242	0.00687	0.00625	0.00204	0.00867	0.00543	0.00358	0.00982
2	0.01419	0.01216	0.01419	0.01013	0.01621	0.00912	0.00811	0.01723	0.01419	0.02229	0.01216	0.01419	0.01013	0.00507	0.00507	0.00101	0.00507	0.00405	0.00405	0.80139
3	0.01829	0.76368	0.03585	0.01171	0.01756	0.02707	0.01171	0.02049	0.01390	0.01610	0.00951	0.01097	0.00878	0.00585	0.00439	0.00146	0.00732	0.00366	0.00293	0.00878
4	0.04348	0.03456	0.69736	0.01911	0.02900	0.01587	0.02461	0.02161	0.01434	0.02200	0.01217	0.01432	0.00862	0.00649	0.00641	0.00216	0.00993	0.00500	0.00294	0.01001
5	0.01730	0.01484	0.01563	0.01398	0.01790	0.01715	0.01090	0.05731	0.68311	0.02908	0.02748	0.02524	0.02059	0.00925	0.00696	0.00231	0.00548	0.00768	0.00696	0.01085
6	0.01860	0.01549	0.01636	0.01424	0.01840	0.01776	0.01121	0.15253	0.58577	0.03118	0.02583	0.02392	0.01925	0.00909	0.00694	0.00227	0.00579	0.00746	0.00694	0.01097
7	0.00977	0.00733	0.01100	0.01100	0.01222	0.00855	0.00855	0.01222	0.01100	0.01588	0.01833	0.02688	0.01710	0.05131	0.73245	0.01100	0.01833	0.00733	0.00367	0.00611
8	0.01292	0.01216	0.02052	0.74312	0.04712	0.01520	0.01900	0.01748	0.01368	0.01748	0.01216	0.01824	0.00912	0.00684	0.00684	0.00228	0.00912	0.00608	0.00304	0.00760
9	0.02555	0.01894	0.02028	0.01565	0.02104	0.02100	0.01289	0.66075	0.06623	0.04238	0.01700	0.01689	0.01210	0.00827	0.00685	0.00207	0.00742	0.00624	0.00685	0.01159
10	0.01088	0.00777	0.01086	0.01243	0.01395	0.00775	0.01077	0.01393	0.01561	0.02031	0.03630	0.11352	0.03969	0.01904	0.00941	0.00313	0.00617	0.63592	0.00630	0.00626
