[name]
unknown

[dist]
# distance from previous block
# <min> <max>
5	16

[block]
# block no. 0 follows, 28 sequences, length 53
# corresponding to MSA columns:
# 17-60,87-95
name=unknown_A
#
# <colnr> <probs for GDERKNQSTAVLIFYWHMCP>
#	G	D	E	R	K	N	Q	S	T	A	V	L	I	F	Y	W	H	M	C	P
0	0.02458	0.02110	0.01999	0.01595	0.02132	0.13633	0.01282	0.39565	0.10427	0.03605	0.01714	0.01749	0.01276	0.00815	0.00689	0.00200	0.00821	0.00609	0.00625	0.12697
1	0.02305	0.01778	0.01931	0.01494	0.02066	0.01865	0.01217	0.41436	0.12819	0.03795	0.01816	0.01832	0.01345	0.00806	0.00682	0.00195	0.00700	0.00624	0.00655	0.20639
2	0.01588	0.01166	0.01352	0.01220	0.01543	0.01223	0.00949	0.02645	0.30483	0.08679	0.25260	0.03993	0.03836	0.03946	0.00898	0.00255	0.00510	0.05259	0.00744	0.04450
3	0.01887	0.06849	0.32283	0.01636	0.02376	0.01564	0.01776	0.02759	0.14497	0.16071	0.06586	0.02191	0.01758	0.00834	0.00700	0.00223	0.00800	0.00671	0.00547	0.03991
4	0.02460	0.01828	0.01986	0.01552	0.02086	0.01970	0.01263	0.54808	0.03039	0.04105	0.01928	0.08898	0.01576	0.00981	0.00730	0.00216	0.00738	0.00774	0.00694	0.08367
5	0.01102	0.08067	0.01136	0.00916	0.01006	0.00913	0.00615	0.01181	0.01197	0.01574	0.02646	0.18454	0.05005	0.43578	0.09046	0.00595	0.00759	0.01187	0.00478	0.00545
6	0.01683	0.01858	0.09049	0.05397	0.05641	0.04567	0.23825	0.08112	0.01783	0.02423	0.01845	0.04893	0.01660	0.00954	0.00897	0.00244	0.05400	0.10643	0.00452	0.08675
7	0.05444	0.05353	0.09147	0.06542	0.29216	0.14019	0.04813	0.10276	0.03883	0.02532	0.01382	0.01669	0.01097	0.00709	0.00691	0.00214	0.00950	0.00599	0.00413	0.01049
8	0.03873	0.00692	0.00829	0.00919	0.00968	0.00672	0.00588	0.01072	0.01271	0.01746	0.03377	0.43238	0.06146	0.28966	0.01935	0.00443	0.00530	0.01611	0.00580	0.00543
9	0.00936	0.00688	0.00855	0.00954	0.01053	0.00637	0.00669	0.01095	0.01483	0.01936	0.09430	0.41609	0.17646	0.10286	0.01230	0.00330	0.00459	0.07453	0.00657	0.00592
10	0.01796	0.60094	0.11680	0.01317	0.01952	0.02543	0.01368	0.02096	0.01485	0.01797	0.01391	0.05330	0.03115	0.00755	0.00530	0.00175	0.00782	0.00531	0.00341	0.00922
11	0.02608	0.01866	0.02026	0.01582	0.02118	0.02038	0.01295	0.57999	0.03167	0.07565	0.02125	0.06514	0.03701	0.00994	0.00744	0.00224	0.00753	0.00776	0.00731	0.01175
12	0.01716	0.01961	0.04289	0.03064	0.03799	0.01838	0.67279	0.02328	0.01716	0.02328	0.01471	0.01961	0.01103	0.00613	0.00858	0.00245	0.01225	0.00858	0.00368	0.00980
13	0.01749	0.01692	0.02655	0.21868	0.44932	0.04710	0.02084	0.04246	0.01652	0.02258	0.01331	0.01803	0.01089	0.00708	0.00794	0.00226	0.04167	0.00639	0.00361	0.01036
14	0.01632	0.13047	0.39358	0.02131	0.09384	0.01787	0.06409	0.02245	0.01598	0.05325	0.06395	0.01870	0.01438	0.00762	0.00750	0.00222	0.03624	0.00618	0.00380	0.01024
15	0.00882	0.00649	0.00827	0.00969	0.01043	0.00594	0.00656	0.01017	0.01433	0.01872	0.04526	0.63620	0.14832	0.02210	0.00917	0.00288	0.00413	0.01984	0.00675	0.00594
16	0.00997	0.00686	0.00811	0.00858	0.00886	0.00667	0.00521	0.01053	0.01211	0.01609	0.05004	0.25222	0.06261	0.47976	0.02680	0.00551	0.00596	0.01382	0.00530	0.00499
17	0.01720	0.01775	0.02280	0.11878	0.02518	0.11347	0.07584	0.04820	0.01451	0.01940	0.01205	0.01768	0.01066	0.01462	0.08578	0.00363	0.36413	0.00650	0.00356	0.00825
18	0.06128	0.02195	0.02091	0.01762	0.05141	0.14205	0.01365	0.48110	0.02939	0.03871	0.01609	0.01681	0.01182	0.00831	0.00694	0.00211	0.00865	0.00611	0.03385	0.01124
19	0.01716	0.01961	0.04289	0.03064	0.03799	0.01838	0.67279	0.02328	0.01716	0.02328	0.01471	0.01961	0.01103	0.00613	0.00858	0.00245	0.01225	0.00858	0.00368	0.00980
20	0.00873	0.00737	0.00755	0.00751	0.00990	0.00619	0.00563	0.01069	0.01689	0.02040	0.12339	0.06870	0.64602	0.01813	0.00859	0.00244	0.00366	0.01517	0.00685	0.00619
21	0.01815	0.53995	0.11720	0.01360	0.01961	0.04389	0.01389	0.02126	0.01472	0.01830	0.01160	0.01393	0.01022	0.00935	0.04506	0.00228	0.03575	0.00453	0.03755	0.00916
22	0.01682	0.02034	0.09116	0.06193	0.09110	0.01824	0.51254	0.02272	0.01659	0.02284	0.01419	0.01898	0.01080	0.00655	0.00893	0.00245	0.04240	0.00797	0.00358	0.00986
23	0.00900	0.00639	0.00839	0.00994	0.01033	0.00600	0.00655	0.01016	0.01364	0.01819	0.03864	0.68234	0.04628	0.08268	0.01158	0.00329	0.00445	0.01983	0.00655	0.00578
24	0.04930	0.01881	0.07515	0.05259	0.03363	0.01739	0.48449	0.02170	0.01591	0.02257	0.01457	0.01973	0.01138	0.01137	0.07925	0.00339	0.04790	0.00793	0.00366	0.00929
25	0.02308	0.09783	0.08119	0.08652	0.07055	0.35931	0.04847	0.10696	0.02030	0.02240	0.01254	0.01492	0.00998	0.00732	0.00670	0.00201	0.01111	0.00537	0.00401	0.00944
26	0.00893	0.00733	0.00786	0.00783	0.01005	0.00627	0.00583	0.01105	0.01723	0.02143	0.19226	0.09550	0.54739	0.01791	0.00862	0.00244	0.00366	0.01514	0.00699	0.00627
27	0.01019	0.00743	0.00959	0.00905	0.01080	0.00682	0.00678	0.01354	0.02035	0.02862	0.66097	0.05516	0.10331	0.01506	0.00857	0.00230	0.00344	0.01327	0.00793	0.00682
28	0.01269	0.00934	0.01377	0.01190	0.01442	0.00879	0.07349	0.04445	0.02018	0.06146	0.49920	0.11673	0.05584	0.01423	0.00853	0.00236	0.00472	0.01287	0.00746	0.00757
29	0.01933	0.01562	0.02070	0.16079	0.05596	0.03655	0.07494	0.03177	0.35206	0.11725	0.02353	0.02376	0.01726	0.00867	0.00744	0.00240	0.00754	0.00760	0.00616	0.01069
30	0.01716	0.01961	0.04289	0.03064	0.03799	0.01838	0.67279	0.02328	0.01716	0.02328	0.01471	0.01961	0.01103	0.00613	0.00858	0.00245	0.01225	0.00858	0.00368	0.00980
31	0.01324	0.00688	0.00726	0.00726	0.00892	0.00700	0.00548	0.01654	0.01489	0.02608	0.02329	0.02724	0.01859	0.01304	0.07567	0.00269	0.00499	0.00688	0.70731	0.00675
32	0.01902	0.09552	0.11921	0.08626	0.36770	0.14609	0.02026	0.02329	0.01680	0.02150	0.01273	0.01622	0.01045	0.00676	0.00679	0.00209	0.00973	0.00574	0.00348	0.01036
33	0.00886	0.00633	0.00843	0.01012	0.01054	0.00590	0.00675	0.01012	0.01392	0.01856	0.04006	0.73979	0.04808	0.02277	0.00928	0.00295	0.00422	0.02066	0.00675	0.00590
34	0.01808	0.01561	0.01644	0.01479	0.01890	0.01808	0.01151	0.03863	0.68606	0.03041	0.02959	0.02712	0.02219	0.00986	0.00740	0.00247	0.00575	0.00822	0.00740	0.01151
35	0.79588	0.01406	0.01068	0.00956	0.01406	0.01631	0.00787	0.02137	0.01237	0.03261	0.01012	0.01181	0.00787	0.00675	0.00450	0.00225	0.00562	0.00394	0.00450	0.00787
36	0.01160	0.00775	0.00998	0.00924	0.01127	0.00705	0.00699	0.01485	0.02024	0.07246	0.59796	0.05372	0.11961	0.01478	0.00849	0.00230	0.00363	0.01295	0.00796	0.00716
37	0.02604	0.03278	0.02076	0.01876	0.02214	0.64651	0.01423	0.02788	0.01966	0.01776	0.01107	0.01339	0.00938	0.00801	0.00827	0.00200	0.08444	0.00485	0.00369	0.00838
38	0.01460	0.01237	0.01454	0.01061	0.01659	0.00941	0.00844	0.01785	0.01562	0.02423	0.08071	0.01897	0.01651	0.00632	0.00570	0.00120	0.00519	0.00518	0.00467	0.71129
39	0.00886	0.00633	0.00843	0.01012	0.01054	0.00590	0.00675	0.01012	0.01392	0.01856	0.04006	0.73979	0.04808	0.02277	0.00928	0.00295	0.00422	0.02066	0.00675	0.00590
40	0.02692	0.01711	0.01934	0.01519	0.02043	0.01814	0.01239	0.46068	0.02906	0.19572	0.02230	0.09089	0.01721	0.01018	0.00748	0.00227	0.00720	0.00812	0.00762	0.01172
41	0.01695	0.01894	0.04013	0.02866	0.03593	0.01752	0.60682	0.02279	0.01695	0.02332	0.01453	0.01916	0.01100	0.00605	0.00826	0.00231	0.01157	0.00815	0.00374	0.08720
42	0.01458	0.03760	0.70688	0.02072	0.03146	0.01688	0.02686	0.02302	0.01535	0.02302	0.01304	0.01535	0.00921	0.00691	0.00691	0.00230	0.01074	0.00537	0.00307	0.01074
43	0.01171	0.00837	0.01171	0.01339	0.01506	0.00837	0.01171	0.01506	0.01673	0.02175	0.03849	0.08199	0.04183	0.02008	0.01004	0.00335	0.00669	0.65027	0.00669	0.00669
44	0.03261	0.01237	0.01687	0.01293	0.01856	0.01068	0.01068	0.03543	0.02081	0.70423	0.02868	0.02474	0.01799	0.00900	0.00731	0.00225	0.00619	0.00731	0.00900	0.01237
45	0.03261	0.01237	0.01687	0.01293	0.01856	0.01068	0.01068	0.03543	0.02081	0.70423	0.02868	0.02474	0.01799	0.00900	0.00731	0.00225	0.00619	0.00731	0.00900	0.01237
46	0.79588	0.01406	0.01068	0.00956	0.01406	0.01631	0.00787	0.02137	0.01237	0.03261	0.01012	0.01181	0.00787	0.00675	0.00450	0.00225	0.00562	0.00394	0.00450	0.00787
47	0.03234	0.01281	0.01714	0.01314	0.01878	0.01134	0.01086	0.07080	0.02154	0.66781	0.02806	0.02434	0.01768	0.00898	0.00731	0.00225	0.00629	0.00727	0.00890	0.01237
48	0.00904	0.00646	0.00864	0.01033	0.01083	0.00606	0.00706	0.01044	0.01410	0.01876	0.03996	0.69781	0.04768	0.02260	0.00933	0.00298	0.00438	0.06085	0.00674	0.00595
49	0.02763	0.02036	0.02182	0.01672	0.02254	0.02254	0.01382	0.67496	0.03418	0.04581	0.01745	0.01745	0.01236	0.00873	0.00727	0.00218	0.00800	0.00654	0.00727	0.01236
50	0.00865	0.00737	0.00744	0.00742	0.00985	0.00616	0.00557	0.01054	0.01670	0.01995	0.09379	0.06945	0.67590	0.01829	0.00859	0.00245	0.00367	0.01527	0.00679	0.00616
51	0.01943	0.01879	0.02816	0.04090	0.60751	0.08531	0.02106	0.02346	0.01711	0.04865	0.01400	0.01777	0.01155	0.00667	0.00714	0.00213	0.00898	0.00633	0.00381	0.01124
52	0.00859	0.00736	0.00736	0.00736	0.00982	0.00614	0.00552	0.01043	0.01657	0.01964	0.07364	0.06996	0.69624	0.01841	0.00859	0.00245	0.00368	0.01534	0.00675	0.00614

[dist]
# distance from previous block
# <min> <max>
0	5

[block]
# block no. 1 follows, 28 sequences, length 77
# corresponding to MSA columns:
# 101-177
name=unknown_B
#
# <colnr> <probs for GDERKNQSTAVLIFYWHMCP>
#	G	D	E	R	K	N	Q	S	T	A	V	L	I	F	Y	W	H	M	C	P
0	0.79588	0.01406	0.01068	0.00956	0.01406	0.01631	0.00787	0.02137	0.01237	0.03261	0.01012	0.01181	0.00787	0.00675	0.00450	0.00225	0.00562	0.00394	0.00450	0.00787
1	0.01799	0.01727	0.02950	0.04462	0.69919	0.01727	0.02231	0.02231	0.01655	0.02375	0.01367	0.01799	0.01151	0.00648	0.00720	0.00216	0.00864	0.00648	0.00360	0.01151
2	0.01373	0.01292	0.02180	0.72707	0.05006	0.01615	0.02019	0.01857	0.01453	0.01857	0.01292	0.01938	0.00969	0.00727	0.00727	0.00242	0.00969	0.00646	0.00323	0.00807
3	0.01507	0.01292	0.01507	0.01077	0.01723	0.00969	0.00861	0.01830	0.01507	0.02369	0.01292	0.01507	0.01077	0.00538	0.00538	0.00108	0.00538	0.00431	0.00431	0.78898
4	0.01373	0.01292	0.02180	0.72707	0.05006	0.01615	0.02019	0.01857	0.01453	0.01857	0.01292	0.01938	0.00969	0.00727	0.00727	0.00242	0.00969	0.00646	0.00323	0.00807
5	0.01943	0.74891	0.03809	0.01244	0.01866	0.02876	0.01244	0.02177	0.01477	0.01710	0.01011	0.01166	0.00933	0.00622	0.00466	0.00155	0.00777	0.00389	0.00311	0.00933
6	0.00886	0.00633	0.00843	0.01012	0.01054	0.00590	0.00675	0.01012	0.01392	0.01856	0.04006	0.73979	0.04808	0.02277	0.00928	0.00295	0.00422	0.02066	0.00675	0.00590
7	0.00886	0.00633	0.00843	0.01012	0.01054	0.00590	0.00675	0.01012	0.01392	0.01856	0.04006	0.73979	0.04808	0.02277	0.00928	0.00295	0.00422	0.02066	0.00675	0.00590
8	0.02715	0.03464	0.02060	0.01873	0.02247	0.71536	0.01404	0.02903	0.02060	0.01779	0.01124	0.01311	0.00936	0.00749	0.00655	0.00187	0.01311	0.00468	0.00375	0.00843
9	0.01507	0.01292	0.01507	0.01077	0.01723	0.00969	0.00861	0.01830	0.01507	0.02369	0.01292	0.01507	0.01077	0.00538	0.00538	0.00108	0.00538	0.00431	0.00431	0.78898
10	0.01799	0.01727	0.02950	0.04462	0.69919	0.01727	0.02231	0.02231	0.01655	0.02375	0.01367	0.01799	0.01151	0.00648	0.00720	0.00216	0.00864	0.00648	0.00360	0.01151
11	0.03203	0.01250	0.01685	0.01301	0.01857	0.01098	0.01072	0.03555	0.04762	0.67707	0.02871	0.02484	0.01816	0.00903	0.00731	0.00226	0.00617	0.00735	0.00893	0.01234
12	0.00967	0.00739	0.00890	0.00873	0.01065	0.00662	0.00658	0.01243	0.01866	0.02493	0.41426	0.09373	0.29115	0.01673	0.00867	0.00242	0.00369	0.04079	0.00744	0.00655
13	0.01921	0.01958	0.02832	0.04118	0.60923	0.11007	0.02121	0.02320	0.01709	0.02296	0.01335	0.01734	0.01123	0.00661	0.00711	0.00212	0.00923	0.00624	0.00362	0.01110
14	0.01038	0.00779	0.01168	0.01168	0.01298	0.00909	0.00909	0.01298	0.01168	0.01687	0.01947	0.02856	0.01817	0.05452	0.71573	0.01168	0.01947	0.00779	0.00389	0.00649
15	0.01130	0.00807	0.01124	0.01292	0.01441	0.00801	0.01100	0.01435	0.01633	0.02129	0.03871	0.17697	0.04274	0.02047	0.00993	0.00329	0.00634	0.55936	0.00670	0.00658
16	0.01716	0.01961	0.04289	0.03064	0.03799	0.01838	0.67279	0.02328	0.01716	0.02328	0.01471	0.01961	0.01103	0.00613	0.00858	0.00245	0.01225	0.00858	0.00368	0.00980
17	0.02750	0.01707	0.04640	0.01490	0.02044	0.01679	0.01254	0.33206	0.07201	0.29017	0.02260	0.02224	0.01571	0.04457	0.00872	0.00247	0.00723	0.00710	0.00762	0.01185
18	0.00987	0.00740	0.00904	0.00864	0.01047	0.00668	0.00642	0.01275	0.01914	0.02610	0.50900	0.05801	0.22673	0.04612	0.00976	0.00253	0.00364	0.01360	0.00753	0.00657
19	0.01057	0.00705	0.00793	0.00793	0.00793	0.00705	0.00440	0.01057	0.01057	0.01409	0.02290	0.04757	0.02643	0.74454	0.03700	0.00705	0.00705	0.01057	0.00440	0.00440
20	0.02855	0.01889	0.02090	0.01603	0.02181	0.02035	0.01324	0.55695	0.03171	0.16731	0.01952	0.01880	0.01340	0.00878	0.00728	0.00219	0.00766	0.00669	0.00759	0.01236
21	0.01003	0.00754	0.00845	0.00836	0.01062	0.00653	0.00631	0.01225	0.01736	0.04915	0.19325	0.11280	0.47301	0.01769	0.00864	0.00248	0.00388	0.03802	0.00709	0.00654
22	0.01799	0.01727	0.02950	0.04462	0.69919	0.01727	0.02231	0.02231	0.01655	0.02375	0.01367	0.01799	0.01151	0.00648	0.00720	0.00216	0.00864	0.00648	0.00360	0.01151
23	0.01943	0.74891	0.03809	0.01244	0.01866	0.02876	0.01244	0.02177	0.01477	0.01710	0.01011	0.01166	0.00933	0.00622	0.00466	0.00155	0.00777	0.00389	0.00311	0.00933
24	0.03096	0.01483	0.05177	0.01389	0.01980	0.01279	0.01196	0.13201	0.02257	0.57045	0.02620	0.02317	0.01670	0.00885	0.00728	0.00224	0.00669	0.00710	0.00844	0.01229
25	0.00946	0.00807	0.00823	0.00814	0.01067	0.00720	0.00611	0.01296	0.07683	0.02056	0.06831	0.09309	0.60934	0.01781	0.00851	0.00248	0.00389	0.01491	0.00681	0.00661
26	0.02685	0.02243	0.02121	0.01692	0.02226	0.13969	0.01368	0.51858	0.07987	0.03993	0.01729	0.01743	0.01258	0.00860	0.00716	0.00215	0.00870	0.00635	0.00668	0.01163
27	0.01799	0.01727	0.02950	0.04462	0.69919	0.01727	0.02231	0.02231	0.01655	0.02375	0.01367	0.01799	0.01151	0.00648	0.00720	0.00216	0.00864	0.00648	0.00360	0.01151
28	0.01714	0.01640	0.02796	0.18108	0.56939	0.01705	0.02188	0.02156	0.01615	0.02271	0.01352	0.01827	0.01115	0.00663	0.00721	0.00221	0.00885	0.00647	0.00352	0.01083
29	0.01458	0.03760	0.70688	0.02072	0.03146	0.01688	0.02686	0.02302	0.01535	0.02302	0.01304	0.01535	0.00921	0.00691	0.00691	0.00230	0.01074	0.00537	0.00307	0.01074
30	0.02220	0.01617	0.01766	0.01458	0.01904	0.01762	0.01172	0.40160	0.12334	0.06138	0.02603	0.11140	0.05332	0.01143	0.00761	0.00235	0.00673	0.02957	0.03550	0.01077
31	0.01357	0.01271	0.02117	0.66662	0.04702	0.01587	0.01938	0.01812	0.01438	0.01853	0.01412	0.05425	0.01155	0.00822	0.00797	0.00248	0.03554	0.00715	0.00340	0.00797
32	0.01547	0.03635	0.67273	0.02033	0.03082	0.01657	0.02606	0.02363	0.01562	0.05673	0.01382	0.01581	0.00964	0.00701	0.00693	0.00230	0.01052	0.00547	0.00336	0.01082
33	0.00861	0.00728	0.00745	0.00758	0.00987	0.00612	0.00562	0.01041	0.01636	0.01955	0.07104	0.12177	0.64611	0.01875	0.00864	0.00249	0.00372	0.01575	0.00675	0.00612
34	0.06426	0.02006	0.02128	0.01638	0.02214	0.02224	0.01353	0.64380	0.03314	0.04518	0.01710	0.01718	0.01215	0.00863	0.00714	0.00218	0.00789	0.00642	0.00714	0.01215
35	0.03261	0.01237	0.01687	0.01293	0.01856	0.01068	0.01068	0.03543	0.02081	0.70423	0.02868	0.02474	0.01799	0.00900	0.00731	0.00225	0.00619	0.00731	0.00900	0.01237
36	0.01039	0.00877	0.01478	0.01390	0.01560	0.00820	0.12947	0.01255	0.01451	0.01943	0.03539	0.60710	0.04125	0.01971	0.00915	0.00286	0.00570	0.01844	0.00618	0.00662
37	0.01057	0.00705	0.00793	0.00793	0.00793	0.00705	0.00440	0.01057	0.01057	0.01409	0.02290	0.04757	0.02643	0.74454	0.03700	0.00705	0.00705	0.01057	0.00440	0.00440
38	0.79588	0.01406	0.01068	0.00956	0.01406	0.01631	0.00787	0.02137	0.01237	0.03261	0.01012	0.01181	0.00787	0.00675	0.00450	0.00225	0.00562	0.00394	0.00450	0.00787
39	0.00990	0.00731	0.00925	0.00898	0.01068	0.00666	0.00666	0.01289	0.01935	0.02675	0.54192	0.12316	0.15722	0.01614	0.00864	0.00238	0.00354	0.01419	0.00770	0.00666
40	0.01851	0.01590	0.01721	0.01608	0.04649	0.01825	0.01205	0.06661	0.62973	0.03083	0.02840	0.02632	0.02132	0.00967	0.00738	0.00244	0.00597	0.00807	0.00724	0.01154
41	0.04059	0.00910	0.01214	0.01168	0.04596	0.00843	0.00842	0.01872	0.01997	0.16678	0.48503	0.06467	0.05292	0.01322	0.00814	0.00229	0.00434	0.01154	0.00784	0.00822
42	0.02105	0.01526	0.01675	0.01456	0.01901	0.01699	0.01147	0.06671	0.54052	0.14879	0.02888	0.02627	0.02101	0.00966	0.00738	0.00241	0.00593	0.00798	0.00767	0.01170
43	0.01716	0.01961	0.04289	0.03064	0.03799	0.01838	0.67279	0.02328	0.01716	0.02328	0.01471	0.01961	0.01103	0.00613	0.00858	0.00245	0.01225	0.00858	0.00368	0.00980
44	0.01029	0.00743	0.00972	0.00914	0.01086	0.00686	0.00686	0.01372	0.02058	0.02915	0.69536	0.05430	0.06859	0.01486	0.00857	0.00229	0.00343	0.01315	0.00800	0.00686
45	0.01390	0.01309	0.02211	0.69968	0.07612	0.01619	0.02027	0.01872	0.01462	0.01878	0.01295	0.01932	0.00976	0.00724	0.00726	0.00241	0.00965	0.00646	0.00324	0.00821
46	0.01810	0.55391	0.22143	0.01471	0.02217	0.02551	0.01639	0.02211	0.01493	0.01872	0.01091	0.01267	0.00930	0.00641	0.00528	0.00176	0.00859	0.00429	0.00310	0.00972
47	0.01056	0.00708	0.00811	0.00811	0.00817	0.00714	0.00463	0.01069	0.01062	0.01423	0.02274	0.04666	0.02603	0.71164	0.06936	0.00727	0.00764	0.01044	0.00438	0.00450
48	0.01057	0.00705	0.00793	0.00793	0.00793	0.00705	0.00440	0.01057	0.01057	0.01409	0.02290	0.04757	0.02643	0.74454	0.03700	0.00705	0.00705	0.01057	0.00440	0.00440
49	0.02237	0.01983	0.01685	0.01488	0.01880	0.23391	0.01149	0.03145	0.26345	0.14553	0.11980	0.02623	0.02412	0.00969	0.00729	0.00222	0.00780	0.00766	0.00662	0.01002
50	0.17987	0.01689	0.01776	0.01431	0.01951	0.01851	0.01168	0.31909	0.15110	0.14834	0.02013	0.01935	0.01425	0.00859	0.00675	0.00226	0.00680	0.00647	0.00703	0.01131
51	0.01716	0.01961	0.04289	0.03064	0.03799	0.01838	0.67279	0.02328	0.01716	0.02328	0.01471	0.01961	0.01103	0.00613	0.00858	0.00245	0.01225	0.00858	0.00368	0.00980
52	0.01434	0.01355	0.02291	0.62853	0.14379	0.01631	0.02049	0.01911	0.01483	0.01932	0.01303	0.01918	0.00995	0.00715	0.00726	0.00238	0.00954	0.00646	0.00328	0.00857
53	0.02307	0.01809	0.01925	0.01580	0.02080	0.02041	0.01271	0.37100	0.34557	0.03845	0.02325	0.02207	0.01706	0.00927	0.00733	0.00232	0.00693	0.00734	0.00733	0.01195
54	0.01373	0.01292	0.02180	0.72707	0.05006	0.01615	0.02019	0.01857	0.01453	0.01857	0.01292	0.01938	0.00969	0.00727	0.00727	0.00242	0.00969	0.00646	0.00323	0.00807
55	0.01029	0.00743	0.00972	0.00914	0.01086	0.00686	0.00686	0.01372	0.02058	0.02915	0.69536	0.05430	0.06859	0.01486	0.00857	0.00229	0.00343	0.01315	0.00800	0.00686
56	0.01373	0.01292	0.02180	0.72707	0.05006	0.01615	0.02019	0.01857	0.01453	0.01857	0.01292	0.01938	0.00969	0.00727	0.00727	0.00242	0.00969	0.00646	0.00323	0.00807
57	0.01675	0.01601	0.02727	0.24299	0.51051	0.01695	0.02169	0.02122	0.01597	0.02224	0.01345	0.01839	0.01098	0.00671	0.00722	0.00224	0.00894	0.00647	0.00349	0.01051
58	0.01118	0.00944	0.01533	0.01350	0.01549	0.00892	0.14043	0.01328	0.01419	0.01880	0.05277	0.28147	0.09479	0.22566	0.01704	0.00398	0.00670	0.04520	0.00549	0.00635
59	0.00997	0.00725	0.00939	0.00922	0.01076	0.00667	0.00677	0.01296	0.01928	0.02694	0.55702	0.16760	0.09628	0.01634	0.00869	0.00240	0.00357	0.01449	0.00773	0.00667
60	0.01434	0.01412	0.02560	0.60170	0.04789	0.01655	0.13767	0.01942	0.01501	0.01942	0.01324	0.01942	0.00993	0.00706	0.00750	0.00243	0.01015	0.00684	0.00331	0.00839
61	0.00905	0.00643	0.00845	0.00991	0.01035	0.00603	0.00657	0.01030	0.01392	0.01863	0.06513	0.65769	0.04720	0.07926	0.01143	0.00325	0.00441	0.01957	0.00661	0.00582
62	0.02763	0.02036	0.02182	0.01672	0.02254	0.02254	0.01382	0.67496	0.03418	0.04581	0.01745	0.01745	0.01236	0.00873	0.00727	0.00218	0.00800	0.00654	0.00727	0.01236
63	0.08474	0.01352	0.02167	0.58506	0.12035	0.01629	0.01932	0.01925	0.01457	0.02042	0.01275	0.01854	0.00973	0.00713	0.00701	0.00238	0.00920	0.00623	0.00339	0.00845
64	0.01458	0.03760	0.70688	0.02072	0.03146	0.01688	0.02686	0.02302	0.01535	0.02302	0.01304	0.01535	0.00921	0.00691	0.00691	0.00230	0.01074	0.00537	0.00307	0.01074
65	0.01755	0.01682	0.02871	0.11468	0.63255	0.01716	0.02209	0.02192	0.01634	0.02322	0.01360	0.01813	0.01133	0.00656	0.00720	0.00219	0.00874	0.00647	0.00356	0.01116
66	0.06272	0.01203	0.01521	0.01200	0.01685	0.01088	0.00973	0.07330	0.02067	0.40876	0.16616	0.02880	0.02701	0.00972	0.00723	0.00213	0.00562	0.00800	0.00794	0.09526
67	0.01533	0.01237	0.01224	0.01125	0.01423	0.07354	0.00863	0.10036	0.07425	0.07029	0.10775	0.13846	0.28484	0.01516	0.00819	0.00243	0.00554	0.03022	0.00686	0.00804
68	0.07067	0.01261	0.01987	0.33032	0.09228	0.01398	0.07430	0.01847	0.03970	0.02164	0.04825	0.05884	0.10397	0.01035	0.00767	0.00248	0.00797	0.05393	0.00455	0.00817
69	0.02582	0.01893	0.02042	0.01610	0.02149	0.02093	0.01314	0.53752	0.12854	0.06662	0.02035	0.04194	0.01513	0.00935	0.00735	0.00225	0.00748	0.00726	0.00734	0.01203
70	0.04621	0.07823	0.02136	0.01788	0.04277	0.39870	0.01357	0.13565	0.13025	0.02499	0.01521	0.01612	0.01196	0.00794	0.00664	0.00202	0.01035	0.00554	0.00489	0.00972
71	0.02217	0.01665	0.10419	0.01541	0.04769	0.01412	0.01309	0.14387	0.11797	0.23883	0.11354	0.05351	0.04565	0.01027	0.00754	0.00231	0.00661	0.00853	0.00720	0.01085
72	0.01712	0.04114	0.01544	0.06263	0.01738	0.03850	0.01046	0.12673	0.04970	0.02701	0.01832	0.02154	0.01461	0.01049	0.03437	0.00241	0.11413	0.00642	0.31492	0.05670
73	0.04781	0.10374	0.08821	0.02486	0.28566	0.01531	0.01587	0.02173	0.01686	0.11762	0.05872	0.02801	0.12702	0.00922	0.00708	0.00217	0.00721	0.00787	0.00501	0.01005
74	0.05164	0.13188	0.36465	0.01840	0.02624	0.01704	0.09813	0.02241	0.01564	0.07880	0.01695	0.09548	0.01438	0.00862	0.00697	0.00228	0.00917	0.00732	0.00411	0.00990
75	0.14410	0.05060	0.04659	0.03979	0.01970	0.01413	0.08297	0.10490	0.03658	0.04581	0.02484	0.15338	0.08367	0.01096	0.00706	0.00224	0.00668	0.00935	0.00541	0.11124
76	0.04597	0.04567	0.11733	0.02019	0.02547	0.03906	0.21389	0.02031	0.01478	0.02160	0.01390	0.04939	0.01207	0.00984	0.03225	0.00261	0.16790	0.00702	0.00375	0.13701

[dist]
# distance from previous block
# <min> <max>
4	8

[block]
# block no. 2 follows, 28 sequences, length 11
# corresponding to MSA columns:
# 186-196
name=unknown_C
#
# <colnr> <probs for GDERKNQSTAVLIFYWHMCP>
#	G	D	E	R	K	N	Q	S	T	A	V	L	I	F	Y	W	H	M	C	P
0	0.02557	0.02004	0.01959	0.01555	0.02055	0.11338	0.01243	0.44251	0.02807	0.08348	0.01767	0.02016	0.01362	0.07982	0.00996	0.00256	0.00833	0.00661	0.00647	0.05362
1	0.02188	0.50228	0.05837	0.01439	0.02012	0.20238	0.01332	0.02435	0.01658	0.05215	0.01144	0.01283	0.00977	0.00671	0.00537	0.00170	0.00917	0.00432	0.00357	0.00931
2	0.04890	0.01352	0.01549	0.01213	0.01737	0.01242	0.00966	0.12654	0.07960	0.10324	0.06396	0.07046	0.01917	0.00861	0.00653	0.00176	0.00572	0.00706	0.00600	0.37186
3	0.01628	0.10169	0.01725	0.04150	0.01761	0.04224	0.01109	0.13231	0.09478	0.02772	0.19473	0.07785	0.03516	0.01312	0.00796	0.00245	0.00637	0.14474	0.00652	0.00865
4	0.01540	0.01419	0.01538	0.13621	0.02163	0.07938	0.01169	0.08234	0.13531	0.02416	0.07802	0.03901	0.22307	0.01247	0.00894	0.00244	0.05702	0.02909	0.00585	0.00841
5	0.01491	0.01321	0.01789	0.01390	0.01860	0.01212	0.07246	0.04420	0.01534	0.02291	0.01713	0.13076	0.01662	0.00933	0.00886	0.00183	0.10316	0.00767	0.00460	0.45450
6	0.01244	0.01086	0.01080	0.01000	0.01279	0.05554	0.00760	0.05170	0.08205	0.02436	0.20746	0.07961	0.34643	0.01515	0.00817	0.00233	0.00477	0.01272	0.00684	0.03840
7	0.02077	0.30491	0.17801	0.01651	0.02277	0.15982	0.01633	0.11198	0.01844	0.02246	0.01193	0.01382	0.00974	0.00739	0.00716	0.00197	0.05752	0.00489	0.00380	0.00978
8	0.01537	0.01238	0.01501	0.01159	0.01686	0.01027	0.02588	0.07081	0.01707	0.04337	0.04727	0.09302	0.05536	0.00900	0.00649	0.00161	0.00555	0.02663	0.00525	0.51121
9	0.01627	0.06925	0.01388	0.01077	0.01370	0.01013	0.00846	0.02036	0.06549	0.17475	0.35667	0.13719	0.04662	0.01362	0.00799	0.00232	0.00466	0.01181	0.00761	0.00846
10	0.01585	0.01319	0.01542	0.01139	0.01737	0.01083	0.00913	0.07853	0.01656	0.02518	0.01387	0.01639	0.01152	0.00969	0.06334	0.00204	0.00677	0.00480	0.00455	0.65358

[dist]
# distance from previous block
# <min> <max>
19	108

[block]
# block no. 3 follows, 28 sequences, length 134
# corresponding to MSA columns:
# 306-413,440-465
name=unknown_D
#
# <colnr> <probs for GDERKNQSTAVLIFYWHMCP>
#	G	D	E	R	K	N	Q	S	T	A	V	L	I	F	Y	W	H	M	C	P
0	0.01703	0.01063	0.03932	0.01067	0.01412	0.00909	0.00874	0.04266	0.04821	0.20580	0.24807	0.07657	0.17578	0.01337	0.00795	0.00232	0.00479	0.01136	0.04486	0.00866
1	0.01046	0.00824	0.01137	0.01123	0.01315	0.00724	0.03897	0.01234	0.01430	0.01978	0.03358	0.56466	0.03906	0.01860	0.00849	0.00256	0.00483	0.01691	0.00613	0.15810
2	0.01809	0.01476	0.01660	0.01325	0.01831	0.01459	0.01054	0.17008	0.16886	0.02953	0.01978	0.07826	0.01672	0.00883	0.00724	0.00187	0.03170	0.00711	0.00583	0.34807
3	0.47144	0.21326	0.01904	0.01084	0.01598	0.01885	0.00953	0.02357	0.01428	0.12845	0.01288	0.01369	0.00978	0.00694	0.00496	0.00206	0.00629	0.00443	0.00479	0.00894
4	0.00955	0.00736	0.00886	0.00981	0.01129	0.00683	0.00724	0.01208	0.04150	0.01988	0.05135	0.37546	0.27647	0.02032	0.00907	0.00282	0.00446	0.11257	0.00677	0.00632
5	0.11389	0.42600	0.11019	0.01415	0.02031	0.06810	0.01395	0.09804	0.01706	0.02306	0.01136	0.01300	0.00950	0.00692	0.00588	0.00187	0.02886	0.00450	0.00380	0.00958
6	0.04910	0.46367	0.24640	0.01521	0.02267	0.05576	0.01686	0.02247	0.01512	0.01961	0.01108	0.01289	0.00923	0.00651	0.00545	0.00183	0.00886	0.00439	0.00318	0.00967
7	0.01781	0.01396	0.03461	0.08722	0.02110	0.01403	0.03054	0.21883	0.05750	0.06163	0.10287	0.18011	0.02774	0.01233	0.00782	0.00236	0.00657	0.02763	0.00646	0.06887
8	0.01877	0.65096	0.13019	0.01358	0.02042	0.02713	0.01442	0.02194	0.01485	0.01792	0.01051	0.01217	0.00931	0.00631	0.00497	0.00166	0.00818	0.00409	0.00310	0.00952
9	0.01639	0.01552	0.02627	0.18615	0.50948	0.01617	0.02067	0.02059	0.01592	0.02226	0.01553	0.07340	0.01392	0.00789	0.00737	0.00228	0.00852	0.00756	0.00376	0.01036
10	0.01524	0.04918	0.02160	0.01768	0.01869	0.03892	0.04409	0.01730	0.01196	0.01761	0.01201	0.01855	0.01147	0.02106	0.17222	0.00488	0.48976	0.00661	0.00337	0.00780
11	0.01057	0.00705	0.00793	0.00793	0.00793	0.00705	0.00440	0.01057	0.01057	0.01409	0.02290	0.04757	0.02643	0.74454	0.03700	0.00705	0.00705	0.01057	0.00440	0.00440
12	0.01009	0.00733	0.00951	0.00916	0.01079	0.00675	0.00680	0.01327	0.01983	0.02784	0.61284	0.11586	0.09125	0.01570	0.00864	0.00235	0.00351	0.01390	0.00784	0.00675
13	0.01770	0.21604	0.39969	0.01901	0.02757	0.07313	0.07750	0.02367	0.01597	0.04771	0.01291	0.01497	0.00975	0.00679	0.00647	0.00209	0.01012	0.00529	0.00341	0.01019
14	0.02679	0.03389	0.02043	0.01857	0.02233	0.68766	0.01394	0.02941	0.04703	0.01829	0.01196	0.01367	0.00987	0.00758	0.00659	0.00190	0.01282	0.00482	0.00389	0.00855
15	0.00869	0.00735	0.00739	0.00739	0.00973	0.00618	0.00547	0.01044	0.01628	0.01937	0.07121	0.06888	0.66420	0.05315	0.00995	0.00267	0.00384	0.01511	0.00664	0.00605
16	0.01017	0.00688	0.00805	0.00844	0.00854	0.00678	0.00495	0.01047	0.01135	0.01513	0.02690	0.20870	0.03147	0.57653	0.03055	0.00609	0.00639	0.01292	0.00495	0.00475
17	0.05821	0.01875	0.01823	0.01514	0.01989	0.08794	0.01210	0.31359	0.22974	0.05504	0.02509	0.02419	0.07033	0.00965	0.00722	0.00227	0.00731	0.00749	0.00684	0.01100
18	0.01184	0.00883	0.01159	0.01335	0.05811	0.00877	0.00884	0.09135	0.01665	0.02232	0.03551	0.57835	0.04108	0.01988	0.00893	0.00282	0.00507	0.04302	0.00660	0.00709
19	0.01122	0.00801	0.01115	0.01282	0.01428	0.00794	0.01086	0.01421	0.01625	0.02120	0.03876	0.19554	0.04291	0.02055	0.00991	0.00328	0.00627	0.54159	0.00670	0.00656
20	0.05129	0.01373	0.02342	0.42444	0.09015	0.01570	0.11968	0.01950	0.01496	0.02132	0.01427	0.01974	0.01099	0.00733	0.00764	0.00234	0.03357	0.00671	0.09477	0.00844
21	0.01779	0.01733	0.03034	0.06422	0.62653	0.01733	0.07435	0.02227	0.01654	0.02355	0.01373	0.01816	0.01142	0.00647	0.00731	0.00219	0.00896	0.00664	0.00359	0.01127
22	0.01458	0.03760	0.70688	0.02072	0.03146	0.01688	0.02686	0.02302	0.01535	0.02302	0.01304	0.01535	0.00921	0.00691	0.00691	0.00230	0.01074	0.00537	0.00307	0.01074
23	0.01500	0.08068	0.63539	0.02066	0.03097	0.01768	0.05535	0.02295	0.01539	0.02267	0.01294	0.01531	0.00930	0.00683	0.00684	0.00226	0.01063	0.00543	0.00310	0.01061
24	0.01909	0.01618	0.01746	0.01604	0.04300	0.01852	0.01213	0.10544	0.59370	0.03181	0.02775	0.02578	0.02078	0.00962	0.00738	0.00242	0.00609	0.00798	0.00725	0.01160
25	0.01057	0.00705	0.00793	0.00793	0.00793	0.00705	0.00440	0.01057	0.01057	0.01409	0.02290	0.04757	0.02643	0.74454	0.03700	0.00705	0.00705	0.01057	0.00440	0.00440
26	0.02763	0.02036	0.02182	0.01672	0.02254	0.02254	0.01382	0.67496	0.03418	0.04581	0.01745	0.01745	0.01236	0.00873	0.00727	0.00218	0.00800	0.00654	0.00727	0.01236
27	0.73622	0.01586	0.06385	0.01041	0.01539	0.01635	0.00932	0.02149	0.01260	0.03188	0.01034	0.01208	0.00797	0.00676	0.00468	0.00225	0.00601	0.00405	0.00439	0.00809
28	0.01691	0.01912	0.04136	0.08120	0.03887	0.01822	0.62541	0.02294	0.01697	0.02294	0.01458	0.01959	0.01093	0.00621	0.00848	0.00245	0.01207	0.00842	0.00364	0.00968
29	0.01103	0.01261	0.12950	0.01113	0.01440	0.00858	0.01029	0.01532	0.01968	0.02810	0.57813	0.04761	0.05838	0.01349	0.00829	0.00229	0.00469	0.01181	0.00715	0.00753
30	0.01772	0.01784	0.05326	0.06739	0.65305	0.01722	0.02240	0.02220	0.01644	0.02354	0.01362	0.01795	0.01137	0.00652	0.00719	0.00217	0.00875	0.00644	0.00357	0.01137
31	0.00892	0.00637	0.00849	0.01008	0.01056	0.00595	0.00675	0.01028	0.01420	0.01901	0.06834	0.71021	0.04896	0.02243	0.00925	0.00292	0.00418	0.02034	0.00680	0.00595
32	0.01128	0.00806	0.01121	0.01289	0.01437	0.00799	0.01096	0.01431	0.01630	0.02127	0.03873	0.18217	0.04278	0.02049	0.00992	0.00329	0.00632	0.55439	0.00670	0.00657
33	0.03711	0.15803	0.51956	0.07291	0.03018	0.01886	0.02333	0.02242	0.01510	0.02192	0.01245	0.01492	0.00923	0.00681	0.00648	0.00218	0.01001	0.00516	0.00313	0.01021
34	0.01383	0.00802	0.01197	0.01106	0.01188	0.00811	0.03879	0.06098	0.01192	0.01593	0.01428	0.05259	0.01406	0.02297	0.02502	0.65696	0.00664	0.00706	0.00365	0.00430
35	0.00859	0.00736	0.00736	0.00736	0.00982	0.00614	0.00552	0.01043	0.01657	0.01964	0.07364	0.06996	0.69624	0.01841	0.00859	0.00245	0.00368	0.01534	0.00675	0.00614
36	0.00919	0.00656	0.00882	0.01050	0.01107	0.00619	0.00732	0.01069	0.01424	0.01893	0.03988	0.66342	0.04735	0.02246	0.00937	0.00300	0.00450	0.09377	0.00674	0.00600
37	0.01613	0.02053	0.13916	0.17643	0.03734	0.01763	0.35505	0.02402	0.09411	0.02306	0.01579	0.01977	0.01176	0.00693	0.00790	0.00242	0.01071	0.00758	0.00392	0.00978
38	0.00915	0.00748	0.00815	0.00826	0.01054	0.00648	0.00638	0.01136	0.01709	0.02107	0.14808	0.06933	0.54395	0.01815	0.00875	0.00253	0.00399	0.08607	0.00690	0.00629
39	0.01756	0.02326	0.13349	0.02835	0.03590	0.07140	0.53270	0.02369	0.01717	0.02283	0.01421	0.01852	0.01065	0.00634	0.00819	0.00239	0.01211	0.00784	0.00360	0.00983
40	0.02601	0.14192	0.02329	0.01770	0.02190	0.58468	0.01379	0.05312	0.02025	0.01878	0.01131	0.01306	0.00947	0.00735	0.00630	0.00184	0.01210	0.00463	0.00379	0.00872
41	0.02137	0.01580	0.01766	0.01336	0.01897	0.01536	0.01075	0.31661	0.02370	0.07015	0.01664	0.01928	0.01314	0.06630	0.00888	0.00212	0.00675	0.00599	0.00592	0.33127
42	0.02607	0.01938	0.02081	0.01628	0.02173	0.02146	0.01333	0.59691	0.08306	0.04343	0.01938	0.05019	0.01469	0.00944	0.00737	0.00224	0.00766	0.00730	0.00726	0.01201
43	0.01074	0.00750	0.00963	0.00918	0.01099	0.00684	0.00685	0.01383	0.01971	0.04902	0.56674	0.10714	0.12324	0.01560	0.00859	0.00235	0.00360	0.01374	0.00782	0.00690
44	0.00884	0.00641	0.00835	0.00991	0.01049	0.00592	0.00665	0.01015	0.01412	0.01864	0.04263	0.68864	0.09757	0.02244	0.00923	0.00291	0.00418	0.02026	0.00675	0.00592
45	0.04947	0.01369	0.01203	0.01156	0.01367	0.15232	0.00860	0.04732	0.01579	0.02077	0.02687	0.11324	0.09869	0.09033	0.18297	0.00495	0.01008	0.00942	0.11129	0.00696
46	0.01263	0.00631	0.00947	0.00947	0.00947	0.00631	0.00631	0.00947	0.00947	0.01263	0.01263	0.02210	0.01263	0.02525	0.02841	0.78851	0.00631	0.00631	0.00316	0.00316
47	0.01057	0.00705	0.00793	0.00793	0.00793	0.00705	0.00440	0.01057	0.01057	0.01409	0.02290	0.04757	0.02643	0.74454	0.03700	0.00705	0.00705	0.01057	0.00440	0.00440
48	0.00899	0.00642	0.00859	0.01027	0.01075	0.00602	0.00698	0.01035	0.01405	0.01871	0.03999	0.70897	0.04778	0.02265	0.00931	0.00297	0.00433	0.05017	0.00675	0.00594
49	0.02222	0.01835	0.01821	0.01557	0.02011	0.08665	0.01239	0.22008	0.36775	0.06926	0.02464	0.02527	0.01875	0.00971	0.00739	0.00235	0.00718	0.03579	0.00706	0.01129
50	0.05317	0.01900	0.07912	0.08769	0.52595	0.04437	0.02123	0.02277	0.03471	0.02368	0.01375	0.01767	0.01125	0.00671	0.00704	0.00219	0.00883	0.00625	0.00368	0.01093
51	0.76760	0.01491	0.03589	0.00996	0.01469	0.01633	0.00856	0.02143	0.01248	0.03227	0.01023	0.01194	0.00792	0.00675	0.00459	0.00225	0.00581	0.00399	0.00445	0.00798
52	0.79588	0.01406	0.01068	0.00956	0.01406	0.01631	0.00787	0.02137	0.01237	0.03261	0.01012	0.01181	0.00787	0.00675	0.00450	0.00225	0.00562	0.00394	0.00450	0.00787
53	0.06776	0.00827	0.01037	0.00972	0.01187	0.00783	0.00742	0.01588	0.01937	0.08585	0.51669	0.10210	0.05746	0.01458	0.00828	0.00237	0.00400	0.03516	0.00770	0.00732
54	0.01104	0.00802	0.01085	0.01234	0.01396	0.00783	0.01045	0.01398	0.01639	0.02115	0.04256	0.15704	0.11489	0.02021	0.00979	0.00320	0.00607	0.50698	0.00671	0.00654
55	0.00969	0.00832	0.00842	0.00823	0.01087	0.00753	0.00622	0.01371	0.09443	0.02089	0.06851	0.06497	0.61785	0.01742	0.00845	0.00246	0.00392	0.01451	0.00683	0.00676
56	0.00886	0.00633	0.00843	0.01012	0.01054	0.00590	0.00675	0.01012	0.01392	0.01856	0.04006	0.73979	0.04808	0.02277	0.00928	0.00295	0.00422	0.02066	0.00675	0.00590
57	0.02960	0.01311	0.01687	0.01326	0.01855	0.01224	0.01084	0.08129	0.09901	0.54906	0.05674	0.02576	0.02026	0.00933	0.00737	0.00227	0.00615	0.00761	0.00864	0.01203
58	0.02036	0.01633	0.01688	0.01486	0.01917	0.04921	0.01163	0.06268	0.56187	0.09981	0.02818	0.02586	0.02079	0.00962	0.00734	0.00241	0.00622	0.00790	0.00739	0.01149
59	0.01263	0.00631	0.00947	0.00947	0.00947	0.00631	0.00631	0.00947	0.00947	0.01263	0.01263	0.02210	0.01263	0.02525	0.02841	0.78851	0.00631	0.00631	0.00316	0.00316
60	0.00886	0.00633	0.00843	0.01012	0.01054	0.00590	0.00675	0.01012	0.01392	0.01856	0.04006	0.73979	0.04808	0.02277	0.00928	0.00295	0.00422	0.02066	0.00675	0.00590
61	0.07623	0.01922	0.01966	0.01549	0.02075	0.04582	0.01267	0.53124	0.05895	0.04184	0.01775	0.01808	0.01286	0.00858	0.00690	0.00215	0.00758	0.00640	0.06635	0.01146
62	0.01707	0.02064	0.08954	0.03154	0.11441	0.01814	0.55025	0.02315	0.01696	0.02332	0.01447	0.01911	0.01095	0.00622	0.00830	0.00241	0.01172	0.00810	0.00362	0.01007
63	0.03261	0.01237	0.01687	0.01293	0.01856	0.01068	0.01068	0.03543	0.02081	0.70423	0.02868	0.02474	0.01799	0.00900	0.00731	0.00225	0.00619	0.00731	0.00900	0.01237
64	0.03135	0.01297	0.01707	0.01324	0.01877	0.01176	0.01089	0.06562	0.06854	0.62566	0.02822	0.02457	0.01803	0.00905	0.00731	0.00226	0.00624	0.00734	0.00880	0.01231
65	0.09876	0.07948	0.01660	0.01393	0.06744	0.03796	0.01031	0.08545	0.01975	0.14801	0.21647	0.03542	0.09680	0.01122	0.00732	0.00223	0.00587	0.03128	0.00664	0.00905
66	0.01458	0.03760	0.70688	0.02072	0.03146	0.01688	0.02686	0.02302	0.01535	0.02302	0.01304	0.01535	0.00921	0.00691	0.00691	0.00230	0.01074	0.00537	0.00307	0.01074
67	0.01458	0.03760	0.70688	0.02072	0.03146	0.01688	0.02686	0.02302	0.01535	0.02302	0.01304	0.01535	0.00921	0.00691	0.00691	0.00230	0.01074	0.00537	0.00307	0.01074
68	0.01716	0.01961	0.04289	0.03064	0.03799	0.01838	0.67279	0.02328	0.01716	0.02328	0.01471	0.01961	0.01103	0.00613	0.00858	0.00245	0.01225	0.00858	0.00368	0.00980
69	0.01808	0.01561	0.01644	0.01479	0.01890	0.01808	0.01151	0.03863	0.68606	0.03041	0.02959	0.02712	0.02219	0.00986	0.00740	0.00247	0.00575	0.00822	0.00740	0.01151
70	0.02666	0.01988	0.02127	0.01653	0.02217	0.02209	0.01358	0.61032	0.10039	0.04425	0.01868	0.01843	0.01336	0.00884	0.00728	0.00221	0.00777	0.00671	0.00728	0.01227
71	0.01126	0.00761	0.00985	0.00933	0.01106	0.00703	0.00694	0.01427	0.01934	0.05781	0.55152	0.08090	0.07906	0.07088	0.01076	0.00271	0.00396	0.03121	0.00765	0.00686
72	0.00895	0.00649	0.00846	0.00984	0.01052	0.00600	0.00667	0.01043	0.01463	0.01946	0.09378	0.63747	0.09679	0.02184	0.00917	0.00286	0.00412	0.01969	0.00685	0.00600
73	0.01298	0.01097	0.01387	0.06738	0.01669	0.03145	0.01043	0.07354	0.01536	0.02064	0.02917	0.36917	0.06212	0.04255	0.04075	0.00331	0.15307	0.01386	0.00553	0.00713
74	0.01051	0.00730	0.00918	0.00926	0.01090	0.00659	0.00673	0.01293	0.01776	0.05395	0.34323	0.26516	0.18398	0.01771	0.00874	0.00252	0.00384	0.01561	0.00742	0.00667
75	0.00961	0.00774	0.00799	0.00781	0.01037	0.00664	0.00590	0.01208	0.03596	0.03953	0.09867	0.06678	0.63023	0.01775	0.00852	0.00244	0.00380	0.01482	0.00689	0.00650
76	0.00885	0.00636	0.00840	0.01003	0.01052	0.00591	0.00670	0.01013	0.01401	0.01859	0.04123	0.71644	0.07067	0.02262	0.00925	0.00293	0.00420	0.02048	0.00675	0.00591
77	0.01797	0.01969	0.08743	0.06793	0.58369	0.05059	0.02222	0.02255	0.01656	0.02320	0.01347	0.01758	0.01114	0.00659	0.00714	0.00217	0.00907	0.00629	0.00355	0.01117
78	0.01029	0.00743	0.00972	0.00914	0.01086	0.00686	0.00686	0.01372	0.02058	0.02915	0.69536	0.05430	0.06859	0.01486	0.00857	0.00229	0.00343	0.01315	0.00800	0.00686
79	0.00892	0.00635	0.00841	0.01003	0.01044	0.00595	0.00665	0.01014	0.01378	0.01838	0.03938	0.71230	0.04722	0.05144	0.01038	0.00311	0.00433	0.02026	0.00665	0.00584
80	0.01445	0.00795	0.00837	0.00795	0.00995	0.00823	0.00609	0.06980	0.01650	0.02783	0.02288	0.02643	0.01809	0.01201	0.05953	0.00250	0.00499	0.00683	0.66242	0.00720
81	0.01548	0.01528	0.02146	0.01852	0.01862	0.02126	0.01538	0.01715	0.01117	0.01745	0.01030	0.01687	0.01020	0.01591	0.07669	0.00383	0.67688	0.00647	0.00324	0.00784
82	0.00893	0.00638	0.00852	0.01021	0.01066	0.00597	0.00688	0.01025	0.01399	0.01864	0.04002	0.72269	0.04791	0.02270	0.00930	0.00296	0.00428	0.03704	0.00675	0.00592
83	0.01507	0.01292	0.01507	0.01077	0.01723	0.00969	0.00861	0.01830	0.01507	0.02369	0.01292	0.01507	0.01077	0.00538	0.00538	0.00108	0.00538	0.00431	0.00431	0.78898
84	0.00907	0.00648	0.00868	0.01037	0.01089	0.00609	0.00713	0.01050	0.01413	0.01880	0.03994	0.68956	0.04760	0.02257	0.00934	0.00298	0.00441	0.06874	0.00674	0.00596
85	0.01705	0.01735	0.02453	0.02029	0.02155	0.05254	0.09098	0.04704	0.01324	0.01939	0.01055	0.01627	0.00983	0.01156	0.02062	0.00300	0.58585	0.00655	0.00344	0.00838
86	0.01799	0.01727	0.02950	0.04462	0.69919	0.01727	0.02231	0.02231	0.01655	0.02375	0.01367	0.01799	0.01151	0.00648	0.00720	0.00216	0.00864	0.00648	0.00360	0.01151
87	0.03248	0.01259	0.01700	0.01303	0.01866	0.01100	0.01077	0.05260	0.02116	0.68654	0.02838	0.02455	0.01784	0.00899	0.00731	0.00225	0.00623	0.00729	0.00895	0.01237
88	0.01139	0.00822	0.00993	0.01028	0.01150	0.00810	0.00712	0.08767	0.01642	0.02187	0.08485	0.45030	0.08794	0.13315	0.01328	0.00342	0.00500	0.01652	0.00653	0.00651
89	0.01507	0.01292	0.01507	0.01077	0.01723	0.00969	0.00861	0.01830	0.01507	0.02369	0.01292	0.01507	0.01077	0.00538	0.00538	0.00108	0.00538	0.00431	0.00431	0.78898
90	0.07420	0.01908	0.23090	0.01425	0.02000	0.01232	0.01467	0.05277	0.01875	0.16735	0.21519	0.03310	0.03054	0.01064	0.00754	0.00235	0.00690	0.05364	0.00628	0.00954
91	0.01744	0.01876	0.02588	0.02118	0.02297	0.10202	0.13701	0.01990	0.01334	0.01860	0.01069	0.01626	0.00980	0.01090	0.01902	0.00289	0.51506	0.00658	0.00334	0.00835
92	0.01109	0.00811	0.01088	0.01229	0.01403	0.00790	0.01051	0.01411	0.01658	0.02127	0.04405	0.11094	0.14423	0.01995	0.00978	0.00319	0.00611	0.52170	0.00670	0.00657
93	0.02763	0.02036	0.02182	0.01672	0.02254	0.02254	0.01382	0.67496	0.03418	0.04581	0.01745	0.01745	0.01236	0.00873	0.00727	0.00218	0.00800	0.00654	0.00727	0.01236
94	0.03116	0.01224	0.01653	0.01282	0.01822	0.01073	0.01053	0.03453	0.04099	0.65306	0.05903	0.02616	0.02042	0.00929	0.00737	0.00226	0.00605	0.00760	0.00890	0.01209
95	0.00876	0.00732	0.00763	0.00765	0.00995	0.00619	0.00570	0.01072	0.01681	0.02045	0.12879	0.09900	0.60954	0.01828	0.00862	0.00246	0.00368	0.01538	0.00686	0.00619
96	0.00886	0.00633	0.00843	0.01012	0.01054	0.00590	0.00675	0.01012	0.01392	0.01856	0.04006	0.73979	0.04808	0.02277	0.00928	0.00295	0.00422	0.02066	0.00675	0.00590
97	0.01704	0.01927	0.04100	0.02957	0.03625	0.01874	0.61238	0.02275	0.01660	0.02275	0.01423	0.01927	0.01089	0.00673	0.00998	0.00252	0.07838	0.00837	0.00363	0.00963
