[name]
unknown

[dist]
# distance from previous block
# <min> <max>
0	7

[block]
# block no. 0 follows, 26 sequences, length 8
# corresponding to MSA columns:
# 20-27
name=unknown_A
#
# <colnr> <probs for GDERKNQSTAVLIFYWHMCP>
#	G	D	E	R	K	N	Q	S	T	A	V	L	I	F	Y	W	H	M	C	P
0	0.01273	0.00914	0.01222	0.01348	0.01525	0.00920	0.01127	0.05908	0.01809	0.02372	0.03900	0.21758	0.04292	0.02073	0.01011	0.00332	0.00653	0.46136	0.00704	0.00722
1	0.10719	0.01626	0.01875	0.01471	0.02024	0.01682	0.01211	0.29506	0.02603	0.31061	0.02241	0.02152	0.01525	0.01215	0.05304	0.00296	0.00810	0.00697	0.00781	0.01202
2	0.01512	0.01214	0.01389	0.05471	0.03983	0.04841	0.01008	0.14529	0.01947	0.02549	0.06568	0.35955	0.05746	0.08272	0.01149	0.00313	0.00641	0.01472	0.00650	0.00793
3	0.01515	0.01395	0.02228	0.52496	0.11103	0.01668	0.01973	0.02186	0.08814	0.02151	0.01718	0.02513	0.01388	0.00865	0.00778	0.00257	0.00935	0.04698	0.00412	0.00910
4	0.01614	0.01306	0.01490	0.01351	0.01548	0.06360	0.01034	0.13215	0.01771	0.02374	0.07882	0.07318	0.02316	0.09287	0.21523	0.09159	0.08281	0.00896	0.00516	0.00760
5	0.07211	0.01523	0.02051	0.41818	0.03806	0.09086	0.05429	0.01949	0.01574	0.02066	0.01833	0.14767	0.01730	0.01044	0.00775	0.00255	0.00931	0.00917	0.00422	0.00815
6	0.01736	0.01793	0.02052	0.35461	0.03493	0.16311	0.01691	0.02084	0.01594	0.01967	0.01514	0.06364	0.01324	0.00969	0.01026	0.00252	0.12754	0.00729	0.06062	0.00824
7	0.01059	0.00768	0.00976	0.01075	0.01167	0.00751	0.00753	0.01349	0.05683	0.02121	0.11933	0.43952	0.04730	0.12277	0.01367	0.00361	0.00507	0.07831	0.00690	0.00651

[dist]
# distance from previous block
# <min> <max>
0	7

[block]
# block no. 1 follows, 26 sequences, length 10
# corresponding to MSA columns:
# 36-45
name=unknown_B
#
# <colnr> <probs for GDERKNQSTAVLIFYWHMCP>
#	G	D	E	R	K	N	Q	S	T	A	V	L	I	F	Y	W	H	M	C	P
0	0.01639	0.01511	0.02455	0.28967	0.31732	0.01587	0.01953	0.02057	0.01591	0.02221	0.01380	0.01906	0.01124	0.00781	0.00829	0.03845	0.00880	0.00640	0.00370	0.12532
1	0.01568	0.02284	0.23133	0.06163	0.15263	0.01681	0.15245	0.02142	0.01589	0.02283	0.03647	0.02108	0.01391	0.01511	0.11325	0.00394	0.06169	0.00728	0.00375	0.01002
2	0.01393	0.01017	0.01502	0.01293	0.01616	0.00912	0.10482	0.01654	0.01715	0.10668	0.05069	0.14530	0.32266	0.06679	0.01107	0.00300	0.00606	0.05753	0.00669	0.00769
3	0.02091	0.01542	0.01718	0.01413	0.01803	0.01671	0.01100	0.35824	0.04661	0.03392	0.02075	0.05222	0.01849	0.17478	0.10360	0.00464	0.00930	0.00838	0.00630	0.04937
4	0.01620	0.01424	0.02404	0.33312	0.09681	0.01575	0.11321	0.07685	0.01716	0.02280	0.04081	0.02391	0.01467	0.01101	0.01121	0.11819	0.00937	0.02792	0.00416	0.00857
5	0.01182	0.00891	0.01170	0.11571	0.01724	0.00925	0.00891	0.05188	0.01599	0.02129	0.11099	0.28885	0.07219	0.20147	0.01654	0.00393	0.00612	0.01450	0.00605	0.00664
6	0.12871	0.00999	0.01123	0.01150	0.01342	0.01037	0.00832	0.10916	0.01743	0.02580	0.03361	0.51539	0.03833	0.01907	0.00862	0.00285	0.00521	0.01675	0.00677	0.00747
7	0.01807	0.01449	0.01644	0.01211	0.01838	0.01241	0.00975	0.13925	0.01948	0.02929	0.01515	0.01707	0.01212	0.00650	0.00596	0.00138	0.00598	0.00511	0.05890	0.58214
8	0.01520	0.01464	0.02590	0.24778	0.08028	0.01544	0.18593	0.01964	0.01582	0.02196	0.01801	0.11074	0.01633	0.00953	0.00902	0.00246	0.05504	0.00902	0.04372	0.08355
9	0.01035	0.00772	0.00886	0.00896	0.01070	0.00705	0.00641	0.01230	0.04273	0.02055	0.12850	0.14718	0.36614	0.05788	0.01367	0.11926	0.00457	0.01450	0.00653	0.00613

[dist]
# distance from previous block
# <min> <max>
0	2

[block]
# block no. 2 follows, 26 sequences, length 6
# corresponding to MSA columns:
# 48-53
name=unknown_C
#
# <colnr> <probs for GDERKNQSTAVLIFYWHMCP>
#	G	D	E	R	K	N	Q	S	T	A	V	L	I	F	Y	W	H	M	C	P
0	0.01455	0.01095	0.01462	0.01303	0.01521	0.01162	0.05116	0.12335	0.01801	0.02518	0.09113	0.17263	0.03012	0.14391	0.13426	0.00505	0.03891	0.01156	0.06708	0.00767
1	0.02661	0.01688	0.01936	0.01494	0.02072	0.01698	0.01218	0.35091	0.02734	0.20353	0.02179	0.06394	0.01640	0.00948	0.00738	0.00214	0.00715	0.00754	0.00746	0.14727
2	0.62719	0.16544	0.01711	0.01060	0.01567	0.01972	0.00921	0.02238	0.01343	0.03066	0.01056	0.01229	0.00853	0.00693	0.00473	0.00220	0.00634	0.00410	0.00439	0.00853
3	0.06187	0.07463	0.01962	0.01694	0.05183	0.31381	0.01256	0.05990	0.05575	0.02351	0.05921	0.02040	0.01646	0.01367	0.08288	0.00312	0.01099	0.00624	0.05175	0.04485
4	0.05133	0.03829	0.01801	0.12680	0.02217	0.04829	0.03869	0.01849	0.01553	0.04954	0.07155	0.03346	0.10349	0.05113	0.03619	0.00319	0.16868	0.03813	0.05908	0.00795
5	0.04994	0.01028	0.01382	0.05551	0.01603	0.01248	0.01049	0.01551	0.01312	0.02043	0.02086	0.12015	0.02060	0.06649	0.23183	0.00596	0.17301	0.00931	0.12704	0.00714

[dist]
# distance from previous block
# <min> <max>
30	55

[block]
# block no. 3 follows, 26 sequences, length 32
# corresponding to MSA columns:
# 118-126,128-150
name=unknown_D
#
# <colnr> <probs for GDERKNQSTAVLIFYWHMCP>
#	G	D	E	R	K	N	Q	S	T	A	V	L	I	F	Y	W	H	M	C	P
0	0.01883	0.13669	0.33453	0.01908	0.05666	0.06400	0.01991	0.06164	0.04547	0.06142	0.04439	0.01836	0.01386	0.00772	0.00687	0.00215	0.00940	0.00596	0.00439	0.06867
1	0.02258	0.01739	0.02030	0.05532	0.06091	0.01839	0.01342	0.36888	0.02692	0.03735	0.06386	0.02102	0.01673	0.00883	0.00784	0.00209	0.03354	0.00687	0.04214	0.15561
2	0.01826	0.01469	0.05223	0.04187	0.01876	0.04425	0.01121	0.13288	0.03821	0.09644	0.06101	0.23265	0.02762	0.01310	0.00783	0.00234	0.00650	0.01121	0.04187	0.12708
3	0.01690	0.01438	0.01700	0.01436	0.03614	0.04114	0.02970	0.11329	0.04396	0.02794	0.14376	0.07513	0.02663	0.04162	0.00989	0.00225	0.05684	0.00856	0.00583	0.27465
4	0.01622	0.02581	0.31695	0.02134	0.02880	0.01665	0.16936	0.02349	0.05491	0.05315	0.07227	0.02439	0.04596	0.01036	0.02882	0.00280	0.06611	0.00791	0.00450	0.01021
5	0.01613	0.07106	0.01505	0.01209	0.01497	0.07957	0.00934	0.07716	0.04913	0.06490	0.24557	0.19083	0.09447	0.01496	0.00832	0.00244	0.00585	0.01276	0.00707	0.00832
6	0.02068	0.56630	0.06740	0.01511	0.02142	0.06419	0.04245	0.05807	0.01682	0.02011	0.01136	0.01331	0.00999	0.00703	0.00628	0.00183	0.03957	0.00465	0.00355	0.00988
7	0.00993	0.00752	0.00882	0.00953	0.01076	0.00703	0.00651	0.01222	0.04478	0.01996	0.07380	0.37038	0.23475	0.13149	0.01383	0.00354	0.00473	0.01739	0.00674	0.00629
8	0.01093	0.00826	0.01024	0.01057	0.01233	0.00739	0.00738	0.03131	0.01539	0.02095	0.03822	0.51592	0.08660	0.05109	0.01018	0.00289	0.00480	0.01751	0.00654	0.13152
9	0.02728	0.02015	0.02167	0.01668	0.02245	0.02204	0.01364	0.59671	0.03343	0.04498	0.01830	0.01977	0.01361	0.04756	0.00915	0.00249	0.00817	0.00695	0.00729	0.04768
10	0.01099	0.00753	0.00916	0.00916	0.00947	0.00784	0.00570	0.01160	0.01129	0.01537	0.02309	0.04514	0.02562	0.57994	0.18942	0.00845	0.01029	0.01037	0.00448	0.00509
11	0.00928	0.00762	0.00800	0.00802	0.01024	0.00653	0.00586	0.01119	0.01710	0.02092	0.12586	0.09877	0.55385	0.06966	0.01109	0.00291	0.00409	0.01569	0.00699	0.00633
12	0.01797	0.02263	0.14576	0.18204	0.31318	0.07959	0.08430	0.02330	0.01704	0.02288	0.01386	0.01830	0.01093	0.00707	0.00755	0.00234	0.01042	0.00660	0.00360	0.01064
13	0.02922	0.01964	0.02190	0.01688	0.02267	0.02140	0.01395	0.52842	0.03231	0.15615	0.01987	0.01944	0.01378	0.00932	0.00830	0.00233	0.03703	0.00696	0.00772	0.01271
14	0.02557	0.01759	0.01942	0.01586	0.02113	0.01923	0.01278	0.28068	0.30370	0.16105	0.02578	0.02392	0.01835	0.00966	0.00765	0.00242	0.00700	0.00772	0.00798	0.01252
15	0.00981	0.00703	0.00844	0.00932	0.00995	0.00661	0.00600	0.01077	0.01378	0.01796	0.04138	0.39113	0.14489	0.26479	0.01942	0.00445	0.00532	0.01708	0.00621	0.00567
16	0.02187	0.54002	0.03480	0.01475	0.02038	0.15021	0.01355	0.05051	0.01713	0.01925	0.01104	0.01295	0.00989	0.00723	0.00650	0.00181	0.05049	0.00447	0.00355	0.00961
17	0.01810	0.02657	0.30603	0.06875	0.20665	0.01813	0.07908	0.05313	0.01737	0.06129	0.01478	0.01806	0.01112	0.00767	0.00875	0.00244	0.06047	0.00651	0.00396	0.01114
18	0.01193	0.00918	0.01108	0.01052	0.01301	0.00809	0.00754	0.04143	0.01619	0.02243	0.08070	0.36026	0.09378	0.07610	0.01085	0.00282	0.00501	0.01478	0.00633	0.19796
19	0.01573	0.03376	0.51737	0.06415	0.03540	0.01790	0.16134	0.02381	0.01637	0.02381	0.01397	0.01720	0.01004	0.00706	0.00760	0.00244	0.01148	0.00638	0.00335	0.01084
20	0.74614	0.05323	0.01267	0.01013	0.01492	0.01771	0.00847	0.02232	0.01304	0.03317	0.01056	0.01231	0.00830	0.00701	0.00470	0.00231	0.00599	0.00410	0.00462	0.00830
21	0.01596	0.01369	0.01583	0.01155	0.01810	0.01076	0.00921	0.02067	0.06430	0.02524	0.01477	0.01666	0.01212	0.00596	0.00577	0.00123	0.00565	0.00480	0.00473	0.72301
22	0.02460	0.05195	0.02116	0.01672	0.02095	0.17244	0.01351	0.32269	0.02574	0.03320	0.01623	0.01830	0.01266	0.01125	0.03925	0.00268	0.09426	0.00634	0.08564	0.01044
23	0.01659	0.01659	0.02323	0.01991	0.01991	0.02323	0.01659	0.01825	0.01162	0.01825	0.00996	0.01659	0.00996	0.01328	0.02489	0.00332	0.71955	0.00664	0.00332	0.00830
24	0.01351	0.00897	0.01137	0.06006	0.01428	0.01031	0.00870	0.01646	0.01430	0.02329	0.02193	0.05921	0.01927	0.05823	0.13283	0.00423	0.10243	0.00805	0.40549	0.00710
25	0.01318	0.00659	0.00988	0.00988	0.00988	0.00659	0.00659	0.00988	0.00988	0.01318	0.01318	0.02306	0.01318	0.02635	0.02964	0.77931	0.00659	0.00659	0.00329	0.00329
26	0.00953	0.00676	0.00884	0.01026	0.01075	0.00635	0.00680	0.01087	0.01466	0.01968	0.08536	0.61274	0.04941	0.09443	0.01253	0.00346	0.00464	0.01995	0.00689	0.00607
27	0.02833	0.03615	0.02149	0.01954	0.02345	0.70298	0.01466	0.03029	0.02149	0.01856	0.01172	0.01368	0.00977	0.00782	0.00684	0.00195	0.01368	0.00489	0.00391	0.00879
28	0.14016	0.01427	0.02042	0.30583	0.18063	0.01611	0.01689	0.02163	0.07480	0.02421	0.02210	0.02547	0.08945	0.00890	0.00727	0.00244	0.00808	0.00756	0.00449	0.00929
29	0.01693	0.10890	0.01737	0.01215	0.01585	0.01514	0.00983	0.17599	0.07934	0.03108	0.26188	0.04070	0.12440	0.04615	0.00934	0.00253	0.00577	0.01048	0.00708	0.00911
30	0.01722	0.16363	0.20133	0.04933	0.06136	0.04719	0.01622	0.02267	0.05433	0.04669	0.02006	0.02284	0.06505	0.04759	0.00840	0.00231	0.00836	0.00657	0.00436	0.13449
31	0.29449	0.16967	0.15470	0.01876	0.11690	0.01989	0.01575	0.02351	0.01510	0.06284	0.01273	0.01485	0.01000	0.00729	0.00657	0.00223	0.03554	0.00507	0.00417	0.00993

[dist]
# distance from previous block
# <min> <max>
6	11

[block]
# block no. 4 follows, 26 sequences, length 13
# corresponding to MSA columns:
# 163-175
name=unknown_E
#
# <colnr> <probs for GDERKNQSTAVLIFYWHMCP>
#	G	D	E	R	K	N	Q	S	T	A	V	L	I	F	Y	W	H	M	C	P
0	0.65183	0.01474	0.01349	0.05244	0.06342	0.01678	0.01013	0.02295	0.01379	0.06621	0.01197	0.01390	0.00912	0.00717	0.00520	0.00235	0.00635	0.00462	0.00479	0.00873
1	0.01557	0.01219	0.01315	0.01217	0.01572	0.01278	0.00952	0.02691	0.32780	0.07147	0.04941	0.04948	0.28222	0.01444	0.00839	0.00262	0.00526	0.05385	0.00752	0.00954
2	0.01077	0.00750	0.00911	0.00920	0.00967	0.00770	0.00585	0.01154	0.01183	0.01592	0.02719	0.08147	0.06583	0.50792	0.17954	0.00790	0.00981	0.01124	0.00475	0.00526
3	0.00940	0.00680	0.00890	0.01027	0.01100	0.00629	0.00698	0.01103	0.01552	0.02076	0.12068	0.60891	0.09039	0.02250	0.00955	0.00297	0.00427	0.02029	0.00720	0.00629
4	0.01116	0.00777	0.00996	0.00962	0.01145	0.00708	0.00713	0.01424	0.02012	0.05080	0.51111	0.14602	0.13144	0.01678	0.00900	0.00249	0.00381	0.01478	0.00808	0.00715
5	0.00943	0.00682	0.00892	0.01026	0.01100	0.00631	0.00698	0.01110	0.01565	0.02097	0.13290	0.59769	0.08916	0.02236	0.00954	0.00295	0.00425	0.02016	0.00722	0.00631
6	0.02671	0.01149	0.01509	0.01228	0.01697	0.01011	0.00987	0.03004	0.04151	0.48357	0.08890	0.08306	0.11192	0.01218	0.00805	0.00244	0.00573	0.01020	0.00878	0.01111
7	0.56760	0.01603	0.01324	0.01157	0.01633	0.06286	0.00938	0.02638	0.07290	0.12024	0.01501	0.01562	0.01104	0.00769	0.00550	0.00234	0.00649	0.00502	0.00553	0.00921
8	0.11162	0.03950	0.06737	0.16902	0.03259	0.03891	0.20676	0.06208	0.01754	0.05325	0.05191	0.02049	0.01423	0.00824	0.00915	0.00250	0.07354	0.00730	0.00446	0.00953
9	0.01190	0.00902	0.00937	0.00961	0.01012	0.05042	0.00606	0.01266	0.01275	0.01686	0.02667	0.18489	0.03015	0.46038	0.06829	0.00611	0.00769	0.01242	0.04921	0.00545
10	0.01107	0.05933	0.05006	0.01048	0.01217	0.00884	0.00802	0.01297	0.01476	0.02003	0.08440	0.37846	0.07658	0.15758	0.01448	0.00361	0.00548	0.01566	0.04950	0.00653
11	0.02122	0.20199	0.25301	0.01875	0.02612	0.18319	0.05666	0.02704	0.05530	0.06781	0.01465	0.01618	0.01120	0.00746	0.00672	0.00212	0.01052	0.00557	0.00410	0.01039
12	0.19329	0.06146	0.03872	0.01435	0.01882	0.21075	0.01182	0.07420	0.05151	0.08839	0.02105	0.02474	0.05264	0.00952	0.00671	0.00226	0.00845	0.04873	0.05331	0.00928

[dist]
# distance from previous block
# <min> <max>
0	10

[block]
# block no. 5 follows, 26 sequences, length 13
# corresponding to MSA columns:
# 186-198
name=unknown_F
#
# <colnr> <probs for GDERKNQSTAVLIFYWHMCP>
#	G	D	E	R	K	N	Q	S	T	A	V	L	I	F	Y	W	H	M	C	P
0	0.07155	0.06580	0.01487	0.01131	0.01483	0.01264	0.00908	0.11310	0.04459	0.08932	0.32710	0.04293	0.12715	0.01305	0.00798	0.00234	0.00516	0.01088	0.00749	0.00885
1	0.09151	0.06100	0.04067	0.01642	0.10301	0.01465	0.01170	0.13481	0.01974	0.02785	0.10774	0.03731	0.16918	0.04873	0.01073	0.04120	0.02477	0.02436	0.00585	0.00879
2	0.01318	0.01006	0.01230	0.01284	0.01490	0.01053	0.01030	0.02012	0.16711	0.02371	0.06400	0.10768	0.06971	0.11261	0.01337	0.00367	0.00635	0.31292	0.00690	0.00775
3	0.01005	0.00710	0.00855	0.00925	0.00982	0.00674	0.00590	0.01103	0.01383	0.01828	0.07978	0.33531	0.10928	0.31549	0.02149	0.00474	0.00551	0.01612	0.00612	0.00561
4	0.01576	0.05835	0.50484	0.09628	0.08392	0.01812	0.07135	0.02345	0.01613	0.02340	0.01366	0.01684	0.00998	0.00713	0.00731	0.00239	0.01093	0.00599	0.00331	0.01086
5	0.01974	0.01986	0.02909	0.03976	0.51511	0.08990	0.05274	0.02584	0.08609	0.02483	0.01579	0.01932	0.01292	0.00722	0.00753	0.00227	0.00937	0.00686	0.00419	0.01159
6	0.01211	0.00788	0.01043	0.01083	0.01247	0.00731	0.00816	0.01473	0.01813	0.07474	0.26890	0.30183	0.08588	0.01908	0.00936	0.00282	0.00465	0.11584	0.00767	0.00717
7	0.01877	0.01802	0.03079	0.04656	0.68612	0.01802	0.02328	0.02328	0.01727	0.02478	0.01427	0.01877	0.01201	0.00676	0.00751	0.00225	0.00901	0.00676	0.00375	0.01201
8	0.01910	0.01317	0.01496	0.01317	0.01622	0.01392	0.00988	0.24786	0.07133	0.07749	0.02823	0.24051	0.02819	0.15313	0.01421	0.00352	0.00665	0.01229	0.00698	0.00919
9	0.00913	0.00702	0.00837	0.00945	0.01071	0.00625	0.00655	0.01069	0.01559	0.01980	0.05537	0.47474	0.29515	0.02200	0.00940	0.00288	0.00418	0.01941	0.00704	0.00625
10	0.01799	0.02021	0.04330	0.03349	0.10708	0.01906	0.59230	0.02419	0.01784	0.02435	0.01523	0.02028	0.01156	0.00643	0.00880	0.00253	0.01239	0.00872	0.00383	0.01042
11	0.01762	0.05654	0.08695	0.05725	0.08560	0.01927	0.45892	0.02349	0.01715	0.02357	0.01454	0.01927	0.01119	0.00678	0.00899	0.00246	0.04066	0.00796	0.00374	0.03805
12	0.01531	0.01413	0.02320	0.64253	0.08633	0.01725	0.02085	0.05195	0.01632	0.02112	0.01376	0.02004	0.01036	0.00761	0.00758	0.00250	0.00996	0.00675	0.00360	0.00885

[dist]
# distance from previous block
# <min> <max>
0	25

[block]
# block no. 6 follows, 26 sequences, length 11
# corresponding to MSA columns:
# 224-234
name=unknown_G
#
# <colnr> <probs for GDERKNQSTAVLIFYWHMCP>
#	G	D	E	R	K	N	Q	S	T	A	V	L	I	F	Y	W	H	M	C	P
0	0.01517	0.01091	0.01309	0.01184	0.01375	0.01193	0.00865	0.16560	0.01727	0.02357	0.02128	0.03516	0.02104	0.32176	0.26745	0.00787	0.01219	0.00901	0.00511	0.00733
1	0.01573	0.01348	0.01573	0.01123	0.01798	0.01011	0.00899	0.01910	0.01573	0.02472	0.01348	0.01573	0.01123	0.00562	0.00562	0.00112	0.00562	0.00449	0.00449	0.77980
2	0.15498	0.01513	0.05233	0.01641	0.01916	0.01623	0.10325	0.04358	0.01377	0.02237	0.01539	0.04779	0.01501	0.15077	0.01993	0.06862	0.20562	0.00782	0.00418	0.00768
3	0.00955	0.00706	0.00892	0.00981	0.01095	0.00644	0.00684	0.01151	0.01665	0.02218	0.19941	0.45423	0.16661	0.02101	0.00938	0.00282	0.00411	0.01873	0.00735	0.00644
4	0.01675	0.01620	0.02276	0.04452	0.02280	0.09461	0.18007	0.02037	0.01606	0.02264	0.02056	0.02492	0.05778	0.01229	0.04952	0.00297	0.15319	0.00786	0.20580	0.00833
5	0.01152	0.00797	0.00927	0.00881	0.01084	0.00714	0.00638	0.01374	0.01791	0.06457	0.27797	0.06008	0.30744	0.14651	0.01424	0.00335	0.00455	0.01378	0.00721	0.00675
6	0.01079	0.00812	0.01015	0.01103	0.01291	0.00762	0.00899	0.01348	0.01729	0.02205	0.10481	0.10861	0.26431	0.05289	0.01109	0.00324	0.00552	0.31346	0.00701	0.00665
7	0.59378	0.01332	0.01123	0.00997	0.01432	0.01482	0.00811	0.02217	0.01457	0.08790	0.05824	0.02038	0.05110	0.00853	0.00547	0.00233	0.00555	0.00581	0.04402	0.00838
8	0.01030	0.00740	0.00846	0.00867	0.00944	0.00713	0.00551	0.01111	0.01305	0.01687	0.03867	0.13550	0.18895	0.42811	0.07365	0.00601	0.00704	0.01331	0.00545	0.00537
9	0.07024	0.01720	0.03150	0.02565	0.07196	0.01844	0.32435	0.02084	0.01546	0.02283	0.01674	0.10458	0.01559	0.01037	0.01282	0.00279	0.19590	0.00939	0.00414	0.00921
10	0.07265	0.10202	0.01807	0.01292	0.01624	0.03674	0.01023	0.17893	0.01956	0.07368	0.02015	0.07248	0.01873	0.18121	0.01569	0.00349	0.06332	0.00827	0.06675	0.00884

[dist]
# distance from previous block
# <min> <max>
2	8

[block]
# block no. 7 follows, 26 sequences, length 29
# corresponding to MSA columns:
# 243-271
name=unknown_H
#
# <colnr> <probs for GDERKNQSTAVLIFYWHMCP>
#	G	D	E	R	K	N	Q	S	T	A	V	L	I	F	Y	W	H	M	C	P
0	0.05019	0.01824	0.01921	0.01546	0.02074	0.07208	0.01250	0.27721	0.12287	0.23212	0.06220	0.02370	0.01925	0.00958	0.00755	0.00232	0.00751	0.00750	0.00781	0.01196
1	0.02188	0.41438	0.02912	0.01315	0.01862	0.02234	0.01190	0.08188	0.04328	0.13885	0.05982	0.07775	0.01929	0.00936	0.00635	0.00201	0.00718	0.00715	0.00550	0.01020
2	0.01599	0.41987	0.06699	0.01201	0.01713	0.02065	0.01156	0.01880	0.01607	0.01977	0.07931	0.03057	0.16124	0.01418	0.06403	0.00281	0.00802	0.00784	0.00454	0.00865
3	0.01678	0.01510	0.02575	0.27965	0.09395	0.01654	0.16623	0.07156	0.01759	0.02484	0.01626	0.02129	0.01253	0.00784	0.00827	0.00239	0.04189	0.00732	0.14495	0.00927
4	0.02305	0.05054	0.01984	0.01561	0.02060	0.01991	0.01260	0.25489	0.34371	0.08135	0.05731	0.02525	0.02102	0.00990	0.00760	0.00240	0.00683	0.00794	0.00761	0.01204
5	0.02070	0.01776	0.02258	0.06182	0.02302	0.10155	0.06045	0.02326	0.01540	0.13613	0.01513	0.01923	0.01225	0.01259	0.04230	0.00316	0.36601	0.00684	0.03062	0.00920
6	0.00965	0.00694	0.00890	0.01024	0.01092	0.00650	0.00697	0.01107	0.01474	0.01948	0.06311	0.54002	0.09778	0.10344	0.01293	0.00353	0.00482	0.05608	0.00680	0.00608
7	0.01497	0.00888	0.01104	0.01066	0.01310	0.00815	0.00799	0.01815	0.05102	0.15438	0.13533	0.25332	0.19310	0.04125	0.00990	0.00285	0.00487	0.04543	0.00764	0.00797
8	0.09881	0.02522	0.22731	0.07748	0.03425	0.04933	0.29740	0.02367	0.01668	0.02463	0.01394	0.01775	0.01040	0.00682	0.00764	0.00240	0.01111	0.00690	0.00374	0.04453
9	0.01096	0.00870	0.01272	0.19525	0.02184	0.00937	0.01075	0.01340	0.01476	0.01951	0.06212	0.37803	0.05558	0.08289	0.04690	0.00374	0.00699	0.03399	0.00577	0.00673
10	0.01117	0.00922	0.01005	0.01006	0.01258	0.00888	0.00766	0.01680	0.13690	0.02310	0.09195	0.14388	0.40233	0.01808	0.00895	0.00269	0.00455	0.06644	0.00723	0.00748
11	0.01100	0.00798	0.01069	0.01189	0.01341	0.00767	0.00961	0.01388	0.01746	0.02309	0.15526	0.22820	0.10294	0.02051	0.00990	0.00313	0.00553	0.33383	0.00724	0.00678
12	0.01816	0.02289	0.16238	0.09994	0.40980	0.05669	0.04455	0.02420	0.04414	0.02405	0.01464	0.01852	0.01167	0.00712	0.00747	0.00231	0.00982	0.00657	0.00378	0.01128
13	0.05079	0.03642	0.61011	0.02307	0.08399	0.01762	0.02674	0.02388	0.01597	0.02454	0.01352	0.01606	0.00974	0.00716	0.00712	0.00239	0.01079	0.00563	0.00331	0.01114
14	0.01427	0.01353	0.01455	0.01394	0.01557	0.12747	0.01079	0.01668	0.01367	0.01773	0.01812	0.02662	0.01694	0.06645	0.50872	0.00958	0.07666	0.00755	0.00399	0.00717
15	0.00943	0.00754	0.00844	0.00855	0.01062	0.00655	0.00629	0.01167	0.01789	0.02272	0.21795	0.16489	0.44277	0.01898	0.00906	0.00259	0.00386	0.01627	0.00736	0.00655
16	0.02384	0.01785	0.01826	0.01563	0.02041	0.07450	0.01234	0.11218	0.41393	0.16364	0.02760	0.02540	0.01996	0.00977	0.00761	0.00244	0.00701	0.00788	0.00772	0.01202
17	0.01094	0.00737	0.00825	0.00825	0.00836	0.00731	0.00465	0.01102	0.01131	0.01497	0.02627	0.05068	0.05690	0.70147	0.03728	0.00714	0.00720	0.01125	0.00471	0.00468
18	0.01573	0.01348	0.01573	0.01123	0.01798	0.01011	0.00899	0.01910	0.01573	0.02472	0.01348	0.01573	0.01123	0.00562	0.00562	0.00112	0.00562	0.00449	0.00449	0.77980
19	0.00961	0.00761	0.00854	0.00850	0.01056	0.00665	0.00625	0.01191	0.01812	0.02322	0.25720	0.11850	0.42187	0.04522	0.01013	0.00273	0.00394	0.01556	0.00735	0.00655
20	0.00935	0.00675	0.00885	0.01033	0.01099	0.00625	0.00699	0.01088	0.01522	0.02030	0.09454	0.64170	0.08404	0.02287	0.00959	0.00300	0.00431	0.02066	0.00715	0.00625
21	0.00955	0.00675	0.00879	0.01020	0.01064	0.00637	0.00671	0.01079	0.01435	0.01921	0.06735	0.60598	0.04800	0.12075	0.01362	0.00364	0.00477	0.01978	0.00676	0.00599
22	0.02654	0.01846	0.01996	0.01570	0.02107	0.02019	0.01284	0.48417	0.08489	0.09000	0.02092	0.02085	0.01499	0.00919	0.00731	0.00224	0.00741	0.00706	0.10412	0.01209
23	0.02460	0.02959	0.10982	0.01967	0.02512	0.34536	0.06448	0.17903	0.02319	0.02664	0.01447	0.01684	0.01135	0.01179	0.06182	0.00294	0.01253	0.00601	0.00471	0.01004
24	0.01792	0.01937	0.08545	0.12071	0.52749	0.01791	0.05450	0.02294	0.01696	0.02407	0.01418	0.01879	0.01157	0.00687	0.00756	0.00231	0.00950	0.00677	0.00367	0.01145
25	0.02050	0.20049	0.11319	0.04751	0.02300	0.25344	0.01503	0.02561	0.08336	0.02080	0.02145	0.02394	0.08307	0.00927	0.00687	0.00213	0.00982	0.02675	0.00444	0.00934
26	0.01081	0.00745	0.00857	0.00846	0.00899	0.00724	0.00516	0.01162	0.01344	0.01804	0.14839	0.05278	0.08778	0.54540	0.03083	0.00606	0.00638	0.01192	0.00548	0.00521
27	0.01700	0.01484	0.05538	0.01296	0.01773	0.01290	0.01064	0.17440	0.03874	0.02845	0.02453	0.16767	0.05053	0.06892	0.00986	0.00248	0.00644	0.00976	0.00591	0.27083
28	0.01590	0.03141	0.46097	0.02669	0.15601	0.01723	0.09087	0.02333	0.01677	0.02457	0.05358	0.01941	0.01394	0.00753	0.00755	0.00239	0.01050	0.00665	0.00368	0.01102

[dist]
# distance from previous block
# <min> <max>
0	4

[block]
# block no. 8 follows, 26 sequences, length 11
# corresponding to MSA columns:
# 276-286
name=unknown_I
#
# <colnr> <probs for GDERKNQSTAVLIFYWHMCP>
#	G	D	E	R	K	N	Q	S	T	A	V	L	I	F	Y	W	H	M	C	P
0	0.30806	0.06097	0.28989	0.01702	0.05802	0.01714	0.01744	0.02388	0.01553	0.07894	0.03950	0.01690	0.01232	0.00757	0.00626	0.00233	0.00826	0.00549	0.00447	0.01002
1	0.08510	0.01438	0.01609	0.01282	0.01800	0.06960	0.01032	0.02925	0.02003	0.38508	0.11582	0.02648	0.02341	0.00933	0.00720	0.00212	0.00649	0.00748	0.00764	0.13333
2	0.06618	0.00901	0.01013	0.10704	0.01587	0.00972	0.00805	0.04242	0.01635	0.02815	0.02197	0.02571	0.01714	0.00855	0.00567	0.00193	0.00479	0.00682	0.58694	0.00756
3	0.01139	0.00788	0.01098	0.01098	0.01227	0.00888	0.00833	0.01397	0.01268	0.01905	0.02138	0.03148	0.01988	0.11487	0.52598	0.01004	0.01635	0.00824	0.12876	0.00661
4	0.00997	0.00770	0.00888	0.00925	0.01106	0.00694	0.00692	0.01206	0.01686	0.02137	0.14303	0.13633	0.36243	0.10366	0.01276	0.00330	0.00475	0.10945	0.00692	0.00636
5	0.00970	0.00715	0.00915	0.01030	0.01139	0.00659	0.00737	0.01165	0.01623	0.02142	0.13710	0.46612	0.15343	0.02160	0.00954	0.00294	0.00445	0.08022	0.00722	0.00642
6	0.01518	0.01056	0.01189	0.01081	0.01245	0.01115	0.00746	0.16301	0.01741	0.02375	0.02390	0.09744	0.02505	0.41937	0.07186	0.00583	0.00800	0.01053	0.04740	0.00695
7	0.01946	0.01900	0.02798	0.16416	0.46888	0.07859	0.02154	0.06478	0.01846	0.02475	0.01416	0.01855	0.01153	0.00716	0.00747	0.00228	0.00958	0.00659	0.00395	0.01113
8	0.25173	0.40795	0.09079	0.01331	0.01953	0.06975	0.01305	0.02321	0.01512	0.02335	0.01091	0.01267	0.00927	0.00681	0.00516	0.00194	0.00809	0.00427	0.00372	0.00935
9	0.01411	0.00992	0.01136	0.01082	0.01217	0.01026	0.00739	0.13604	0.01685	0.02249	0.02760	0.19802	0.03059	0.40119	0.02482	0.00524	0.00686	0.04179	0.00583	0.00666
10	0.04607	0.01912	0.09638	0.17998	0.28409	0.01792	0.05440	0.11252	0.01918	0.02697	0.01621	0.02296	0.01339	0.00824	0.00767	0.00243	0.00934	0.04797	0.00441	0.01072

[dist]
# distance from previous block
# <min> <max>
0	1

[block]
# block no. 9 follows, 26 sequences, length 21
# corresponding to MSA columns:
# 288-308
name=unknown_J
#
# <colnr> <probs for GDERKNQSTAVLIFYWHMCP>
#	G	D	E	R	K	N	Q	S	T	A	V	L	I	F	Y	W	H	M	C	P
0	0.01815	0.01448	0.01702	0.01252	0.01876	0.01237	0.01012	0.09019	0.01798	0.06106	0.01464	0.01657	0.01173	0.00662	0.00702	0.00144	0.04623	0.00503	0.00502	0.61304
1	0.01344	0.01025	0.01259	0.04729	0.01581	0.00993	0.00911	0.09801	0.01937	0.02638	0.18222	0.22142	0.10506	0.04636	0.00985	0.00271	0.00542	0.05598	0.00680	0.10201
2	0.01001	0.00784	0.00887	0.00886	0.01079	0.00710	0.00641	0.01282	0.04071	0.02289	0.22814	0.14612	0.35986	0.08152	0.01162	0.00300	0.00423	0.01538	0.00720	0.00661
3	0.01119	0.00789	0.01102	0.01099	0.01221	0.00882	0.00825	0.01363	0.01283	0.01885	0.05277	0.03379	0.02276	0.14791	0.50526	0.00999	0.01599	0.00871	0.08063	0.00651
4	0.01556	0.01690	0.07399	0.01774	0.02009	0.04949	0.05380	0.01847	0.01354	0.01996	0.01501	0.05472	0.01413	0.01959	0.13831	0.00446	0.34521	0.00749	0.04052	0.06102
5	0.15254	0.07380	0.49017	0.01878	0.02822	0.01863	0.02274	0.06721	0.01678	0.02706	0.01321	0.01529	0.00959	0.00727	0.00666	0.00234	0.00989	0.00534	0.00377	0.01071
6	0.01816	0.01967	0.07296	0.17238	0.43042	0.07482	0.02194	0.02280	0.01714	0.02305	0.01505	0.02152	0.01275	0.00769	0.00758	0.00235	0.00968	0.03549	0.00380	0.01075
7	0.06361	0.52711	0.13044	0.01459	0.02151	0.05874	0.01502	0.05595	0.01668	0.02122	0.01144	0.01311	0.00979	0.00682	0.00543	0.00182	0.00870	0.00446	0.00357	0.00998
8	0.01653	0.00926	0.01225	0.01166	0.01401	0.00879	0.00893	0.01886	0.01778	0.19635	0.13481	0.28594	0.11076	0.01750	0.00988	0.00278	0.04529	0.06270	0.00763	0.00828
9	0.02118	0.55887	0.09588	0.01465	0.02133	0.07960	0.01459	0.07918	0.01770	0.02108	0.01158	0.01316	0.01000	0.00688	0.00547	0.00178	0.00884	0.00450	0.00367	0.01007
10	0.00965	0.00732	0.00897	0.00990	0.01133	0.00664	0.00723	0.01165	0.01650	0.02127	0.12020	0.36917	0.25961	0.02108	0.00946	0.00288	0.00443	0.08910	0.00717	0.00644
11	0.19204	0.01894	0.14639	0.01639	0.06563	0.01524	0.01430	0.10361	0.04078	0.15369	0.13499	0.02502	0.02292	0.00934	0.00711	0.00236	0.00712	0.00740	0.00631	0.01043
12	0.01371	0.01072	0.01208	0.01150	0.01447	0.01070	0.00927	0.10682	0.08727	0.02697	0.11465	0.06206	0.31189	0.01692	0.00900	0.00272	0.00541	0.15845	0.00730	0.00810
13	0.00944	0.00682	0.00893	0.01028	0.01101	0.00631	0.00699	0.01111	0.01564	0.02097	0.13365	0.60149	0.08451	0.02238	0.00954	0.00296	0.00426	0.02018	0.00723	0.00631
14	0.02218	0.19793	0.05713	0.01629	0.03965	0.20886	0.01356	0.04673	0.01842	0.09602	0.03712	0.02088	0.04526	0.01146	0.04473	0.00264	0.06396	0.00633	0.04141	0.00946
15	0.01804	0.01961	0.08257	0.09489	0.50056	0.01805	0.10828	0.02317	0.01710	0.02424	0.01430	0.01890	0.01162	0.00681	0.00768	0.00233	0.00977	0.00696	0.00369	0.01144
16	0.03167	0.04325	0.01797	0.01317	0.01876	0.01164	0.01092	0.03464	0.02142	0.61246	0.07880	0.02759	0.02242	0.00973	0.00761	0.00232	0.00631	0.00794	0.00905	0.01234
17	0.00941	0.00755	0.00841	0.00852	0.01060	0.00654	0.00626	0.01163	0.01786	0.02261	0.21099	0.16149	0.45347	0.01900	0.00906	0.00259	0.00386	0.01626	0.00734	0.00654
18	0.01715	0.12902	0.33187	0.02749	0.19564	0.01998	0.07903	0.02328	0.01611	0.02297	0.01325	0.01660	0.01042	0.00734	0.00832	0.00233	0.05882	0.00604	0.00341	0.01092
19	0.05974	0.29427	0.32118	0.01722	0.02561	0.02301	0.01949	0.11306	0.01839	0.02561	0.01296	0.01470	0.01004	0.00720	0.00626	0.00209	0.00938	0.00512	0.00391	0.01074
20	0.00986	0.00691	0.00880	0.00987	0.01033	0.00657	0.00642	0.01107	0.01434	0.01931	0.10335	0.48411	0.04656	0.20581	0.01706	0.00411	0.00508	0.01804	0.00655	0.00586

[dist]
# distance from previous block
# <min> <max>
10	17

[block]
# block no. 10 follows, 26 sequences, length 19
# corresponding to MSA columns:
# 326-344
name=unknown_K
#
# <colnr> <probs for GDERKNQSTAVLIFYWHMCP>
#	G	D	E	R	K	N	Q	S	T	A	V	L	I	F	Y	W	H	M	C	P
0	0.05423	0.00874	0.01073	0.01082	0.01203	0.00901	0.00767	0.05426	0.01612	0.02292	0.15266	0.32401	0.04132	0.12318	0.04029	0.05218	0.03218	0.01470	0.00636	0.00659
1	0.01858	0.01689	0.02526	0.17400	0.34789	0.01837	0.01946	0.07053	0.17806	0.02696	0.01843	0.02136	0.01441	0.00795	0.00758	0.00239	0.00846	0.00720	0.00491	0.01134
2	0.02562	0.02055	0.01969	0.01590	0.02089	0.10841	0.01281	0.43770	0.06546	0.03966	0.02065	0.02114	0.03317	0.00926	0.00722	0.00219	0.00811	0.00697	0.11328	0.01133
3	0.02017	0.01768	0.01772	0.01542	0.02000	0.06110	0.01207	0.11480	0.48829	0.03209	0.02850	0.02680	0.04217	0.00998	0.00755	0.00240	0.00668	0.00811	0.00723	0.06124
4	0.06366	0.00965	0.01219	0.01133	0.01275	0.01022	0.00820	0.12067	0.01484	0.02096	0.01610	0.06742	0.01552	0.02375	0.06000	0.50778	0.00745	0.00752	0.00439	0.00560
5	0.01754	0.01157	0.01382	0.01228	0.01503	0.01180	0.00929	0.19593	0.02229	0.08459	0.19682	0.20538	0.03867	0.06228	0.01198	0.05652	0.00580	0.01255	0.00731	0.00856
6	0.01822	0.01993	0.09646	0.07383	0.59288	0.01793	0.02365	0.02318	0.01705	0.02446	0.01417	0.01856	0.01169	0.00684	0.00748	0.00228	0.00928	0.00664	0.00368	0.01177
7	0.01768	0.01999	0.07482	0.05033	0.03442	0.01784	0.43293	0.05097	0.01783	0.02495	0.01475	0.01912	0.01130	0.00678	0.00889	0.00233	0.04264	0.00773	0.00404	0.14067
8	0.02432	0.06523	0.01872	0.01410	0.01846	0.05974	0.01145	0.08665	0.10825	0.25800	0.02534	0.02573	0.04614	0.04119	0.01028	0.00253	0.07782	0.00753	0.05987	0.03865
9	0.07010	0.30419	0.32624	0.01631	0.02413	0.02126	0.01872	0.02199	0.01496	0.02125	0.01217	0.01498	0.00992	0.00882	0.00836	0.07943	0.00919	0.00500	0.00333	0.00965
10	0.06815	0.06900	0.05174	0.01087	0.01481	0.01143	0.00941	0.05738	0.01893	0.09756	0.12926	0.05088	0.31904	0.01462	0.00810	0.00245	0.00544	0.04581	0.00682	0.00830
11	0.01306	0.00963	0.01048	0.00991	0.01239	0.00940	0.00722	0.01858	0.14655	0.06519	0.07916	0.08096	0.32391	0.16258	0.01471	0.00354	0.00517	0.01309	0.00689	0.00759
12	0.01877	0.01802	0.03079	0.04656	0.68612	0.01802	0.02328	0.02328	0.01727	0.02478	0.01427	0.01877	0.01201	0.00676	0.00751	0.00225	0.00901	0.00676	0.00375	0.01201
13	0.01607	0.15707	0.58378	0.02016	0.03058	0.01971	0.02549	0.02380	0.01591	0.02298	0.01309	0.01537	0.00963	0.00709	0.00681	0.00227	0.01069	0.00534	0.00321	0.01096
14	0.01641	0.01398	0.01768	0.01316	0.01928	0.01155	0.05416	0.07643	0.01755	0.02623	0.01686	0.08723	0.01528	0.00779	0.00643	0.00152	0.00624	0.00671	0.00498	0.58052
15	0.01558	0.05970	0.01770	0.01408	0.01664	0.05208	0.03437	0.04015	0.01486	0.02181	0.01697	0.02262	0.01484	0.02436	0.23072	0.00537	0.15766	0.00680	0.14813	0.08556
16	0.01538	0.01084	0.01262	0.01139	0.01394	0.01073	0.00836	0.15165	0.01994	0.05264	0.12909	0.22200	0.08082	0.15608	0.01437	0.00344	0.00582	0.01309	0.00679	0.06098
17	0.06465	0.01068	0.01121	0.00988	0.01254	0.01134	0.00762	0.12588	0.01837	0.02997	0.02149	0.02660	0.01764	0.08093	0.00983	0.00248	0.03598	0.00710	0.45079	0.04500
18	0.02493	0.01781	0.01941	0.01549	0.02028	0.01943	0.01235	0.47821	0.05383	0.06865	0.02158	0.07206	0.01808	0.10812	0.01193	0.00303	0.00777	0.00851	0.00723	0.01128

[dist]
# distance from previous block
# <min> <max>
0	1

[block]
# block no. 11 follows, 26 sequences, length 102
# corresponding to MSA columns:
# 346-447
name=unknown_L
#
# <colnr> <probs for GDERKNQSTAVLIFYWHMCP>
#	G	D	E	R	K	N	Q	S	T	A	V	L	I	F	Y	W	H	M	C	P
0	0.01156	0.00841	0.01085	0.04477	0.01399	0.00844	0.00837	0.06286	0.01661	0.02225	0.09218	0.45881	0.04413	0.10296	0.01275	0.00345	0.00543	0.05869	0.00674	0.00676
1	0.01627	0.01729	0.03442	0.26655	0.04165	0.01818	0.37201	0.02170	0.01642	0.02202	0.01529	0.04556	0.01231	0.00789	0.00957	0.00262	0.05868	0.00849	0.00376	0.00933
2	0.02682	0.16780	0.02492	0.01831	0.02270	0.57674	0.01434	0.02887	0.02035	0.01843	0.01150	0.01340	0.00976	0.00757	0.00647	0.00189	0.01263	0.00473	0.00378	0.00897
3	0.00959	0.00681	0.00903	0.01067	0.01118	0.00644	0.00728	0.01099	0.01451	0.01931	0.04049	0.63392	0.04816	0.07086	0.01167	0.00340	0.00480	0.06791	0.00687	0.00612
4	0.00961	0.00680	0.00884	0.01017	0.01066	0.00641	0.00672	0.01094	0.01463	0.01966	0.09324	0.58028	0.04892	0.11893	0.01353	0.00360	0.00473	0.01948	0.00682	0.00603
5	0.00945	0.00676	0.00867	0.01011	0.01061	0.00633	0.00666	0.01064	0.01423	0.01883	0.04144	0.60595	0.08190	0.11412	0.01334	0.00360	0.00475	0.01991	0.00673	0.00597
6	0.01404	0.04672	0.01581	0.01380	0.01568	0.06546	0.01098	0.04605	0.01410	0.01917	0.01807	0.02587	0.01664	0.04416	0.51686	0.00956	0.08794	0.00748	0.00410	0.00751
7	0.01099	0.00753	0.00916	0.00916	0.00946	0.00783	0.00570	0.01160	0.01129	0.01536	0.02309	0.04516	0.02563	0.58083	0.18856	0.00844	0.01028	0.01038	0.00448	0.00509
8	0.01573	0.01348	0.01573	0.01123	0.01798	0.01011	0.00899	0.01910	0.01573	0.02472	0.01348	0.01573	0.01123	0.00562	0.00562	0.00112	0.00562	0.00449	0.00449	0.77980
9	0.70440	0.01448	0.01186	0.01036	0.01518	0.01637	0.00854	0.02391	0.01387	0.10615	0.01269	0.01380	0.00937	0.00730	0.00502	0.00235	0.00593	0.00449	0.00521	0.00873
10	0.13660	0.00827	0.00772	0.00753	0.00976	0.00865	0.00576	0.01841	0.01543	0.02919	0.02250	0.02575	0.01766	0.00855	0.00521	0.00186	0.00390	0.00660	0.65340	0.00725
11	0.00936	0.00770	0.00823	0.00810	0.01049	0.00657	0.00608	0.01165	0.01823	0.02271	0.21242	0.06934	0.54607	0.01838	0.00896	0.00252	0.00378	0.01550	0.00734	0.00657
12	0.02790	0.02078	0.02224	0.01726	0.02317	0.02309	0.01419	0.60264	0.09537	0.04630	0.01940	0.01916	0.01386	0.00922	0.00760	0.00230	0.00813	0.00699	0.00760	0.01282
13	0.02735	0.01165	0.01561	0.01251	0.01724	0.01034	0.01012	0.03106	0.04274	0.49446	0.20315	0.03409	0.03294	0.01104	0.00798	0.00236	0.00568	0.00928	0.00906	0.01135
14	0.02028	0.73799	0.03975	0.01298	0.01947	0.03001	0.01298	0.02271	0.01541	0.01785	0.01055	0.01217	0.00973	0.00649	0.00487	0.00162	0.00811	0.00406	0.00324	0.00973
15	0.01521	0.03923	0.69413	0.02162	0.03283	0.01762	0.02802	0.02402	0.01601	0.02402	0.01361	0.01601	0.00961	0.00721	0.00721	0.00240	0.01121	0.00560	0.00320	0.01121
16	0.02250	0.05863	0.06537	0.04739	0.02235	0.04079	0.01381	0.38413	0.02838	0.03788	0.14422	0.02734	0.05316	0.01038	0.00771	0.00228	0.00768	0.00823	0.00687	0.01091
17	0.60039	0.01515	0.01345	0.01148	0.01623	0.01722	0.00947	0.08186	0.01591	0.10835	0.01340	0.01456	0.00990	0.00776	0.00616	0.00238	0.03689	0.00486	0.00542	0.00917
18	0.07618	0.16902	0.07071	0.01854	0.04422	0.42108	0.01508	0.06213	0.02001	0.02163	0.01199	0.01387	0.00989	0.00750	0.00640	0.00197	0.01147	0.00489	0.00398	0.00943
19	0.01442	0.01317	0.02164	0.63164	0.04760	0.01645	0.01972	0.01920	0.01505	0.01997	0.01413	0.02063	0.01078	0.00794	0.00823	0.00251	0.04287	0.00676	0.05896	0.00832
20	0.00923	0.00665	0.00875	0.01043	0.01097	0.00617	0.00698	0.01058	0.01464	0.01941	0.04335	0.69956	0.07809	0.02356	0.00965	0.00306	0.00438	0.02132	0.00704	0.00617
21	0.01103	0.00735	0.00827	0.00827	0.00827	0.00735	0.00460	0.01103	0.01103	0.01471	0.02390	0.04964	0.02758	0.73343	0.03861	0.00735	0.00735	0.01103	0.00460	0.00460
22	0.00937	0.00678	0.00875	0.01018	0.01084	0.00628	0.00684	0.01079	0.01493	0.01978	0.07459	0.61377	0.10165	0.05355	0.01083	0.00319	0.00444	0.02028	0.00700	0.00616
23	0.02883	0.02125	0.02276	0.01745	0.02352	0.02352	0.01442	0.66082	0.03566	0.04780	0.01821	0.01821	0.01290	0.00911	0.00759	0.00228	0.00835	0.00683	0.00759	0.01290
24	0.02028	0.73799	0.03975	0.01298	0.01947	0.03001	0.01298	0.02271	0.01541	0.01785	0.01055	0.01217	0.00973	0.00649	0.00487	0.00162	0.00811	0.00406	0.00324	0.00973
25	0.02426	0.01798	0.01923	0.01540	0.02045	0.01979	0.01250	0.45094	0.12622	0.04158	0.05457	0.02502	0.04988	0.01004	0.00753	0.00229	0.00714	0.00787	0.07564	0.01167
26	0.02836	0.03549	0.02155	0.01945	0.02345	0.67269	0.01464	0.05839	0.02213	0.01987	0.01201	0.01388	0.00991	0.00787	0.00687	0.00197	0.01344	0.00497	0.00407	0.00898
27	0.01659	0.01659	0.02323	0.01991	0.01991	0.02323	0.01659	0.01825	0.01162	0.01825	0.00996	0.01659	0.00996	0.01328	0.02489	0.00332	0.71955	0.00664	0.00332	0.00830
28	0.01738	0.01790	0.02312	0.01989	0.02015	0.06855	0.01647	0.01906	0.01227	0.01827	0.01007	0.01640	0.00994	0.01291	0.02369	0.00323	0.67249	0.00652	0.00336	0.00833
29	0.01432	0.01348	0.02275	0.71520	0.05224	0.01685	0.02107	0.01938	0.01517	0.01938	0.01348	0.02022	0.01011	0.00758	0.00758	0.00253	0.01011	0.00674	0.00337	0.00843
30	0.00933	0.00770	0.00819	0.00807	0.01047	0.00656	0.00605	0.01159	0.01815	0.02254	0.20177	0.06963	0.55683	0.01845	0.00896	0.00253	0.00379	0.01554	0.00731	0.00656
31	0.00909	0.00764	0.00790	0.00793	0.01035	0.00644	0.00591	0.01110	0.01745	0.02110	0.11568	0.10013	0.61502	0.01916	0.00899	0.00257	0.00385	0.01609	0.00713	0.00644
32	0.01007	0.00780	0.00922	0.00907	0.01120	0.00695	0.00694	0.01292	0.01932	0.02545	0.36581	0.06611	0.33803	0.01756	0.00907	0.00255	0.00396	0.06348	0.00767	0.00681
33	0.01245	0.00828	0.00957	0.00969	0.01060	0.00835	0.00645	0.06356	0.01484	0.02075	0.02895	0.22291	0.03191	0.36078	0.02283	0.00491	0.00613	0.04044	0.11053	0.00610
34	0.04933	0.44970	0.10969	0.01550	0.02187	0.18074	0.01497	0.04430	0.01740	0.02023	0.01141	0.01315	0.00977	0.00697	0.00566	0.00183	0.00966	0.00451	0.00358	0.00973
35	0.52092	0.04292	0.01527	0.01322	0.04279	0.07051	0.01026	0.11837	0.01738	0.03369	0.01262	0.01432	0.00978	0.00746	0.00544	0.00225	0.00693	0.00482	0.04194	0.00911
36	0.02676	0.07501	0.02222	0.01828	0.02256	0.49594	0.01417	0.13937	0.02299	0.02359	0.01336	0.01546	0.01093	0.01123	0.05328	0.00267	0.01284	0.00539	0.00452	0.00944
37	0.78701	0.01467	0.01115	0.00997	0.01467	0.01702	0.00821	0.02230	0.01291	0.03403	0.01056	0.01232	0.00821	0.00704	0.00469	0.00235	0.00587	0.00411	0.00469	0.00821
38	0.01784	0.01869	0.08088	0.03981	0.53503	0.01710	0.02200	0.02339	0.04861	0.02484	0.01761	0.02572	0.01553	0.00839	0.00779	0.00240	0.00884	0.06984	0.00423	0.01145
39	0.00896	0.00768	0.00768	0.00768	0.01025	0.00640	0.00576	0.01089	0.01729	0.02049	0.07684	0.07300	0.68304	0.01921	0.00896	0.00256	0.00384	0.01601	0.00704	0.00640
40	0.01044	0.00749	0.00983	0.01122	0.01210	0.00721	0.00799	0.03698	0.01598	0.02131	0.06443	0.59468	0.04867	0.02253	0.00967	0.00307	0.00485	0.09786	0.00710	0.00657
41	0.02028	0.73799	0.03975	0.01298	0.01947	0.03001	0.01298	0.02271	0.01541	0.01785	0.01055	0.01217	0.00973	0.00649	0.00487	0.00162	0.00811	0.00406	0.00324	0.00973
42	0.02083	0.01332	0.01451	0.01222	0.01595	0.01415	0.00988	0.28296	0.02468	0.06711	0.05485	0.02920	0.02083	0.01010	0.00687	0.00215	0.00588	0.04918	0.33558	0.00974
43	0.00896	0.00768	0.00768	0.00768	0.01025	0.00640	0.00576	0.01089	0.01729	0.02049	0.07684	0.07300	0.68304	0.01921	0.00896	0.00256	0.00384	0.01601	0.00704	0.00640
44	0.78701	0.01467	0.01115	0.00997	0.01467	0.01702	0.00821	0.02230	0.01291	0.03403	0.01056	0.01232	0.00821	0.00704	0.00469	0.00235	0.00587	0.00411	0.00469	0.00821
45	0.02608	0.01859	0.01982	0.01550	0.02077	0.02044	0.01271	0.54018	0.03196	0.04414	0.01944	0.02010	0.01413	0.00906	0.00716	0.00218	0.00744	0.00687	0.15164	0.01181
46	0.02082	0.01439	0.01599	0.01334	0.01691	0.01557	0.01038	0.33386	0.02447	0.05429	0.02200	0.06569	0.01935	0.15065	0.08461	0.00423	0.00849	0.00861	0.10677	0.00959
47	0.01573	0.01348	0.01573	0.01123	0.01798	0.01011	0.00899	0.01910	0.01573	0.02472	0.01348	0.01573	0.01123	0.00562	0.00562	0.00112	0.00562	0.00449	0.00449	0.77980
48	0.78701	0.01467	0.01115	0.00997	0.01467	0.01702	0.00821	0.02230	0.01291	0.03403	0.01056	0.01232	0.00821	0.00704	0.00469	0.00235	0.00587	0.00411	0.00469	0.00821
49	0.01191	0.00882	0.01064	0.01012	0.01012	0.00987	0.00650	0.01218	0.01112	0.01527	0.02169	0.04440	0.02478	0.61932	0.03643	0.00671	0.12020	0.01033	0.00439	0.00518
50	0.01540	0.06532	0.66970	0.02130	0.03233	0.01808	0.02746	0.02397	0.01599	0.02379	0.01350	0.01587	0.00961	0.00718	0.00712	0.00237	0.01109	0.00555	0.00320	0.01115
51	0.02028	0.73799	0.03975	0.01298	0.01947	0.03001	0.01298	0.02271	0.01541	0.01785	0.01055	0.01217	0.00973	0.00649	0.00487	0.00162	0.00811	0.00406	0.00324	0.00973
52	0.78701	0.01467	0.01115	0.00997	0.01467	0.01702	0.00821	0.02230	0.01291	0.03403	0.01056	0.01232	0.00821	0.00704	0.00469	0.00235	0.00587	0.00411	0.00469	0.00821
53	0.01880	0.19660	0.41744	0.01985	0.04890	0.09794	0.02218	0.02498	0.01679	0.05146	0.01344	0.01539	0.01014	0.00719	0.00666	0.00217	0.01050	0.00530	0.00358	0.01070
