[name]
unknown

[dist]
# distance from previous block
# <min> <max>
0	95

[block]
# block no. 0 follows, 27 sequences, length 21
# corresponding to MSA columns:
# 97-117
name=unknown_A
#
# <colnr> <probs for GDERKNQSTAVLIFYWHMCP>
#	G	D	E	R	K	N	Q	S	T	A	V	L	I	F	Y	W	H	M	C	P
0	0.01662	0.01313	0.01430	0.01440	0.01706	0.08875	0.01210	0.07572	0.04892	0.06464	0.06550	0.06281	0.03543	0.01667	0.00925	0.00299	0.00745	0.41938	0.00679	0.00811
1	0.02721	0.15088	0.02283	0.01463	0.02035	0.01927	0.01240	0.24056	0.11067	0.27205	0.02215	0.02068	0.01542	0.00869	0.00696	0.00217	0.00716	0.00668	0.00729	0.01194
2	0.01948	0.01711	0.03175	0.16877	0.10105	0.01760	0.29961	0.05333	0.01775	0.11737	0.01625	0.02015	0.01197	0.00758	0.00932	0.00248	0.06605	0.00766	0.00454	0.01016
3	0.02189	0.06354	0.02899	0.04740	0.12044	0.31531	0.17410	0.02530	0.01808	0.02034	0.01249	0.01612	0.01031	0.00766	0.00908	0.00224	0.08747	0.00620	0.00368	0.00937
4	0.01745	0.01980	0.04256	0.03059	0.03766	0.01901	0.62739	0.02343	0.01716	0.02343	0.01471	0.01980	0.01117	0.00666	0.00968	0.00255	0.05471	0.00863	0.00372	0.00990
5	0.00920	0.00672	0.00853	0.00976	0.01055	0.00619	0.00661	0.01066	0.01489	0.01963	0.08984	0.56080	0.13872	0.05752	0.01073	0.00310	0.00432	0.01930	0.00686	0.00605
6	0.00952	0.00758	0.00844	0.00864	0.01070	0.00668	0.00654	0.01163	0.01691	0.02108	0.14194	0.09878	0.46164	0.06832	0.01098	0.00294	0.00436	0.09015	0.00688	0.00629
7	0.01985	0.74357	0.03890	0.01270	0.01905	0.02937	0.01270	0.02223	0.01508	0.01747	0.01032	0.01191	0.00953	0.00635	0.00476	0.00159	0.00794	0.00397	0.00318	0.00953
8	0.02533	0.01874	0.02032	0.01592	0.02120	0.02059	0.01302	0.54980	0.06077	0.04374	0.11185	0.02349	0.02106	0.00983	0.00762	0.00226	0.00742	0.00770	0.00754	0.01180
9	0.00904	0.00646	0.00861	0.01034	0.01077	0.00603	0.00689	0.01034	0.01421	0.01895	0.04092	0.73426	0.04910	0.02326	0.00948	0.00301	0.00431	0.02110	0.00689	0.00603
10	0.01804	0.01556	0.01659	0.01453	0.01907	0.01727	0.01134	0.03656	0.58687	0.03010	0.02784	0.02598	0.02104	0.00943	0.00727	0.00232	0.00582	0.00784	0.00711	0.11941
11	0.02866	0.01921	0.02119	0.01634	0.02218	0.02079	0.01347	0.53458	0.06033	0.15578	0.02029	0.01950	0.01403	0.00901	0.00744	0.00225	0.00776	0.00689	0.00773	0.01259
12	0.01546	0.01509	0.02123	0.01844	0.01862	0.02086	0.01527	0.01722	0.01145	0.01778	0.01116	0.01804	0.01097	0.01894	0.11985	0.00446	0.62720	0.00670	0.00335	0.00791
13	0.00886	0.00752	0.00765	0.00762	0.01008	0.00631	0.00571	0.01083	0.01714	0.02056	0.10734	0.07061	0.65733	0.01861	0.00877	0.00250	0.00375	0.01555	0.00696	0.00631
14	0.02845	0.02043	0.02205	0.01691	0.02284	0.02248	0.01397	0.63987	0.03430	0.07582	0.01833	0.01816	0.01288	0.00892	0.00743	0.00223	0.00809	0.00672	0.00750	0.01263
15	0.00904	0.00646	0.00861	0.01034	0.01077	0.00603	0.00689	0.01034	0.01421	0.01895	0.04092	0.73426	0.04910	0.02326	0.00948	0.00301	0.00431	0.02110	0.00689	0.00603
16	0.01061	0.00795	0.01193	0.01193	0.01326	0.00928	0.00928	0.01326	0.01193	0.01723	0.01988	0.02916	0.01856	0.05568	0.70968	0.01193	0.01988	0.00795	0.00398	0.00663
17	0.01982	0.02062	0.02339	0.02285	0.11428	0.15828	0.01660	0.07545	0.01603	0.02124	0.01135	0.01611	0.01023	0.01070	0.01706	0.00275	0.42416	0.00619	0.00377	0.00910
18	0.02748	0.02287	0.02136	0.01700	0.02236	0.14919	0.01375	0.52073	0.03147	0.04064	0.01694	0.01745	0.01235	0.00867	0.00719	0.00215	0.00892	0.00634	0.04153	0.01163
19	0.01909	0.01909	0.02808	0.14810	0.08469	0.08167	0.17734	0.11210	0.03485	0.02442	0.01379	0.01823	0.01102	0.00871	0.01179	0.00256	0.18364	0.00700	0.00416	0.00966
20	0.02578	0.02146	0.02060	0.01743	0.04595	0.13856	0.01351	0.40987	0.07962	0.06584	0.02235	0.02219	0.06397	0.00946	0.00741	0.00222	0.00850	0.00719	0.00672	0.01136

[dist]
# distance from previous block
# <min> <max>
9	14

[block]
# block no. 1 follows, 27 sequences, length 54
# corresponding to MSA columns:
# 132-185
name=unknown_B
#
# <colnr> <probs for GDERKNQSTAVLIFYWHMCP>
#	G	D	E	R	K	N	Q	S	T	A	V	L	I	F	Y	W	H	M	C	P
0	0.01439	0.01357	0.02293	0.66452	0.10501	0.01659	0.02080	0.01929	0.01502	0.01941	0.01326	0.01967	0.01005	0.00735	0.00742	0.00245	0.00981	0.00660	0.00333	0.00854
1	0.02580	0.01831	0.02005	0.01559	0.02112	0.01956	0.01274	0.51173	0.03062	0.09005	0.02206	0.05865	0.04440	0.00988	0.00746	0.00221	0.00744	0.00774	0.00729	0.06730
2	0.02930	0.01784	0.02032	0.01568	0.02141	0.01875	0.01291	0.45131	0.03004	0.25090	0.02206	0.03970	0.01543	0.00939	0.00749	0.00227	0.00748	0.00732	0.00797	0.01245
3	0.00891	0.00746	0.00776	0.00782	0.01015	0.00631	0.00581	0.01088	0.01705	0.02068	0.11710	0.11045	0.60657	0.01881	0.00882	0.00253	0.00377	0.01584	0.00699	0.00631
4	0.00901	0.00658	0.00849	0.01002	0.01068	0.00606	0.00675	0.01037	0.01452	0.01908	0.04482	0.65884	0.12200	0.02275	0.00940	0.00296	0.00424	0.02049	0.00689	0.00606
5	0.01721	0.01645	0.02802	0.22664	0.52084	0.01733	0.02220	0.02176	0.01635	0.02284	0.01376	0.01875	0.01126	0.00683	0.00737	0.00228	0.00911	0.00661	0.00357	0.01082
6	0.01289	0.00645	0.00967	0.00967	0.00967	0.00645	0.00645	0.00967	0.00967	0.01289	0.01289	0.02257	0.01289	0.02579	0.02901	0.78401	0.00645	0.00645	0.00322	0.00322
7	0.01069	0.00715	0.00813	0.00824	0.00827	0.00712	0.00465	0.01077	0.01101	0.01468	0.02450	0.09183	0.02838	0.69395	0.03600	0.00693	0.00701	0.01145	0.00465	0.00459
8	0.02673	0.01967	0.02197	0.01865	0.07118	0.02157	0.01427	0.55008	0.06693	0.06331	0.01873	0.01889	0.01345	0.00881	0.00737	0.00223	0.00791	0.00680	0.02913	0.01235
9	0.02818	0.02202	0.02217	0.01725	0.02302	0.08065	0.01413	0.61444	0.03374	0.04438	0.01729	0.01745	0.01237	0.00881	0.00736	0.00220	0.00861	0.00652	0.00712	0.01229
10	0.00904	0.00646	0.00861	0.01034	0.01077	0.00603	0.00689	0.01034	0.01421	0.01895	0.04092	0.73426	0.04910	0.02326	0.00948	0.00301	0.00431	0.02110	0.00689	0.00603
11	0.07396	0.01919	0.02021	0.01613	0.02156	0.02150	0.01314	0.47216	0.19254	0.04205	0.02041	0.01990	0.01481	0.00907	0.00728	0.00230	0.00745	0.00694	0.00728	0.01212
12	0.01081	0.00837	0.01018	0.00922	0.01181	0.00724	0.00697	0.01388	0.01912	0.02656	0.43980	0.07210	0.19355	0.01476	0.00830	0.00221	0.00387	0.01279	0.00731	0.12114
13	0.01712	0.01589	0.02270	0.01879	0.02027	0.02039	0.04967	0.01925	0.01270	0.05511	0.01147	0.01682	0.01043	0.01155	0.02042	0.00291	0.56471	0.00642	0.00373	0.09966
14	0.01737	0.01959	0.04138	0.02993	0.03657	0.01923	0.59096	0.02310	0.01681	0.02310	0.01441	0.01959	0.01109	0.00703	0.01056	0.00259	0.09470	0.00850	0.00370	0.00979
15	0.01402	0.01319	0.02227	0.72126	0.05113	0.01649	0.02062	0.01897	0.01484	0.01897	0.01319	0.01979	0.00990	0.00742	0.00742	0.00247	0.00990	0.00660	0.00330	0.00825
16	0.01472	0.01519	0.03033	0.16910	0.03413	0.01508	0.36128	0.01961	0.01668	0.02244	0.07575	0.14783	0.02253	0.01022	0.00861	0.00257	0.00978	0.01086	0.00458	0.00870
17	0.03178	0.01509	0.01875	0.01437	0.02018	0.01456	0.01187	0.22641	0.02536	0.50189	0.02584	0.02303	0.01664	0.00910	0.00745	0.00228	0.00687	0.00723	0.00866	0.01263
18	0.01547	0.01468	0.02043	0.01777	0.01804	0.02015	0.01469	0.01733	0.01174	0.01851	0.01188	0.01845	0.01136	0.01722	0.09589	0.00406	0.59773	0.00668	0.06004	0.00787
19	0.00903	0.00652	0.00856	0.01019	0.01073	0.00604	0.00682	0.01035	0.01436	0.01901	0.04274	0.69897	0.08321	0.02302	0.00944	0.00299	0.00428	0.02081	0.00689	0.00604
20	0.01898	0.01621	0.01708	0.01521	0.01950	0.01871	0.01188	0.07291	0.64507	0.03189	0.02956	0.02717	0.02213	0.01001	0.00755	0.00250	0.00600	0.00830	0.00755	0.01180
21	0.01401	0.00978	0.01098	0.01008	0.01290	0.00948	0.00760	0.01997	0.15148	0.09949	0.16803	0.05218	0.29899	0.08832	0.01132	0.00293	0.00478	0.01237	0.00728	0.00805
22	0.01044	0.00754	0.00987	0.00938	0.01108	0.00696	0.00700	0.01385	0.02072	0.02930	0.66062	0.08506	0.06913	0.01553	0.00879	0.00236	0.00354	0.01376	0.00812	0.00696
23	0.01897	0.56732	0.03498	0.01435	0.01916	0.02777	0.01356	0.02117	0.01418	0.01756	0.01018	0.01296	0.00958	0.00796	0.00951	0.00199	0.18182	0.00458	0.00319	0.00919
24	0.06093	0.01518	0.01662	0.01292	0.01791	0.01507	0.01019	0.27836	0.02224	0.03195	0.01677	0.02206	0.01434	0.12998	0.02984	0.00291	0.00724	0.00645	0.00563	0.28342
25	0.02247	0.06975	0.02580	0.02959	0.31010	0.26216	0.01763	0.07279	0.07516	0.02387	0.01450	0.01696	0.01182	0.00742	0.00698	0.00209	0.01008	0.00596	0.00429	0.01057
26	0.01066	0.00718	0.00826	0.00833	0.00848	0.00711	0.00483	0.01100	0.01174	0.01578	0.07218	0.09232	0.03147	0.64208	0.03392	0.00658	0.00675	0.01163	0.00491	0.00477
27	0.01316	0.00983	0.01183	0.01100	0.01342	0.01002	0.00834	0.02101	0.19011	0.04954	0.46267	0.08602	0.05511	0.01414	0.00845	0.00242	0.00424	0.01239	0.00797	0.00834
28	0.01829	0.01848	0.03820	0.11526	0.09014	0.01784	0.48981	0.02400	0.01741	0.07153	0.01574	0.02024	0.01165	0.00664	0.00839	0.00246	0.01146	0.00824	0.00408	0.01012
29	0.00907	0.00724	0.00813	0.00853	0.01037	0.00630	0.00616	0.01100	0.01671	0.02101	0.14545	0.25207	0.43269	0.01956	0.00896	0.00262	0.00388	0.01688	0.00706	0.00630
30	0.00915	0.00663	0.00864	0.01005	0.01074	0.00613	0.00681	0.01066	0.01496	0.01992	0.09648	0.63114	0.09672	0.02228	0.00937	0.00292	0.00420	0.02009	0.00700	0.00613
31	0.00908	0.00693	0.00827	0.00920	0.01044	0.00620	0.00637	0.01066	0.01544	0.01978	0.08719	0.43819	0.28018	0.04349	0.01007	0.00293	0.00416	0.01842	0.00689	0.00612
32	0.01681	0.02036	0.08858	0.13201	0.04013	0.01833	0.52436	0.02305	0.01699	0.02305	0.01463	0.01967	0.01093	0.00649	0.00844	0.00249	0.01202	0.00820	0.00364	0.00982
33	0.01196	0.00854	0.01196	0.01367	0.01538	0.00854	0.01196	0.01538	0.01709	0.02222	0.03931	0.08374	0.04272	0.02051	0.01025	0.00342	0.00684	0.64283	0.00684	0.00684
34	0.01100	0.06185	0.01426	0.01404	0.06172	0.00929	0.04351	0.01296	0.01497	0.01991	0.06024	0.54916	0.05968	0.01951	0.00890	0.00279	0.00529	0.01773	0.00627	0.00695
35	0.40511	0.01629	0.06335	0.03442	0.01858	0.01617	0.01109	0.10706	0.05500	0.14114	0.01651	0.01828	0.01231	0.04672	0.00762	0.00257	0.00673	0.00572	0.00572	0.00961
36	0.01792	0.01731	0.05139	0.03621	0.48050	0.01730	0.02004	0.07543	0.01737	0.02479	0.01478	0.01951	0.01251	0.01366	0.10059	0.00355	0.05550	0.00675	0.00398	0.01090
37	0.00913	0.00676	0.00854	0.00972	0.01066	0.00617	0.00667	0.01074	0.01535	0.02017	0.10813	0.54822	0.16924	0.02168	0.00928	0.00286	0.00413	0.01938	0.00701	0.00617
38	0.01419	0.01515	0.06039	0.42506	0.04068	0.01605	0.13232	0.01899	0.01518	0.01999	0.01889	0.02425	0.06765	0.01104	0.04610	0.00302	0.05114	0.00775	0.00371	0.00844
39	0.02093	0.01651	0.01779	0.04109	0.02051	0.03657	0.01217	0.24718	0.29477	0.05450	0.07382	0.08495	0.02398	0.01097	0.00773	0.00242	0.00671	0.00906	0.00729	0.01103
40	0.02076	0.02246	0.02521	0.12818	0.11582	0.22620	0.08222	0.07739	0.01810	0.02198	0.01254	0.01671	0.01037	0.00871	0.01133	0.00244	0.18011	0.00626	0.00389	0.00933
41	0.70516	0.01444	0.01160	0.01007	0.01487	0.01626	0.00827	0.03951	0.01348	0.03292	0.01078	0.01250	0.00842	0.00683	0.00475	0.00219	0.00579	0.00413	0.00466	0.07336
42	0.01644	0.01462	0.02096	0.14804	0.02473	0.01887	0.01564	0.01896	0.01299	0.06141	0.01261	0.01833	0.01105	0.01419	0.06779	0.00350	0.44078	0.00652	0.00377	0.06880
43	0.70275	0.01357	0.01071	0.00964	0.01391	0.01555	0.00787	0.02103	0.01343	0.03284	0.06773	0.01617	0.01357	0.00764	0.00496	0.00228	0.00549	0.00490	0.02805	0.00792
44	0.01778	0.01318	0.01533	0.10187	0.01971	0.01452	0.01059	0.23514	0.07612	0.02851	0.02215	0.08144	0.02070	0.23659	0.01685	0.00385	0.00728	0.00916	0.06064	0.00859
45	0.01080	0.00720	0.00810	0.00810	0.00810	0.00720	0.00450	0.01080	0.01080	0.01439	0.02339	0.04858	0.02699	0.73910	0.03779	0.00720	0.00720	0.01080	0.00450	0.00450
46	0.00917	0.00746	0.00763	0.00763	0.00965	0.00645	0.00541	0.01068	0.01571	0.01894	0.06496	0.06692	0.55871	0.16125	0.01451	0.00343	0.00444	0.01470	0.00642	0.00592
47	0.00895	0.00731	0.00791	0.00822	0.01025	0.00627	0.00599	0.01084	0.01668	0.02054	0.11313	0.20298	0.51628	0.01943	0.00891	0.00260	0.00385	0.01659	0.00699	0.00627
48	0.00904	0.00646	0.00861	0.01034	0.01077	0.00603	0.00689	0.01034	0.01421	0.01895	0.04092	0.73426	0.04910	0.02326	0.00948	0.00301	0.00431	0.02110	0.00689	0.00603
49	0.01633	0.01375	0.01590	0.01144	0.01799	0.01085	0.00918	0.06609	0.01682	0.02584	0.01353	0.01557	0.01111	0.00575	0.00564	0.00118	0.00569	0.00457	0.00462	0.72815
50	0.01985	0.74357	0.03890	0.01270	0.01905	0.02937	0.01270	0.02223	0.01508	0.01747	0.01032	0.01191	0.00953	0.00635	0.00476	0.00159	0.00794	0.00397	0.00318	0.00953
51	0.00957	0.00699	0.00912	0.01063	0.01156	0.00654	0.00771	0.01134	0.01509	0.01971	0.04476	0.53022	0.12535	0.02220	0.00954	0.00303	0.00472	0.13886	0.00688	0.00621
52	0.01463	0.01231	0.01460	0.01114	0.01688	0.00949	0.00887	0.01778	0.01542	0.02362	0.01733	0.07829	0.01638	0.00802	0.00617	0.00142	0.00550	0.05234	0.00478	0.66502
53	0.02508	0.02071	0.06553	0.01777	0.02373	0.02099	0.06106	0.52743	0.03095	0.04170	0.03786	0.05705	0.01592	0.00955	0.00765	0.00230	0.00832	0.00772	0.00689	0.01182

[dist]
# distance from previous block
# <min> <max>
1	4

[block]
# block no. 2 follows, 27 sequences, length 18
# corresponding to MSA columns:
# 191-200,202-209
name=unknown_C
#
# <colnr> <probs for GDERKNQSTAVLIFYWHMCP>
#	G	D	E	R	K	N	Q	S	T	A	V	L	I	F	Y	W	H	M	C	P
0	0.04768	0.28736	0.08889	0.01455	0.01928	0.12045	0.01325	0.06230	0.01641	0.04884	0.01406	0.01930	0.01270	0.10857	0.03344	0.00303	0.07111	0.00582	0.00405	0.00891
1	0.00902	0.00656	0.00851	0.01007	0.01070	0.00605	0.00677	0.01037	0.01447	0.01905	0.04413	0.67221	0.10908	0.02284	0.00941	0.00297	0.00426	0.02060	0.00689	0.00605
2	0.01539	0.01319	0.01539	0.01100	0.01759	0.00990	0.00880	0.01869	0.01539	0.02419	0.01319	0.01539	0.01100	0.00550	0.00550	0.00110	0.00550	0.00440	0.00440	0.78449
3	0.16886	0.01840	0.01880	0.01523	0.02049	0.02071	0.01239	0.39304	0.18854	0.04041	0.01945	0.01916	0.01422	0.00882	0.00693	0.00231	0.00715	0.00660	0.00693	0.01155
4	0.00928	0.00686	0.00868	0.00965	0.01070	0.00626	0.00669	0.01110	0.01600	0.02123	0.17194	0.48749	0.16505	0.02092	0.00921	0.00279	0.00406	0.01867	0.00714	0.00626
5	0.01342	0.00688	0.00707	0.00722	0.00884	0.00684	0.00534	0.01668	0.01545	0.02691	0.02569	0.09006	0.02168	0.00994	0.00557	0.00184	0.00353	0.00817	0.71203	0.00684
6	0.01123	0.00795	0.00967	0.00957	0.01019	0.00846	0.00624	0.01325	0.05305	0.01620	0.02288	0.04205	0.02445	0.50962	0.21654	0.00818	0.01053	0.00988	0.00455	0.00553
7	0.01650	0.01572	0.02674	0.33684	0.41619	0.01714	0.02185	0.02114	0.01602	0.02197	0.01363	0.01899	0.01096	0.00696	0.00738	0.00232	0.00928	0.00661	0.00351	0.01024
8	0.01766	0.01723	0.03033	0.14148	0.53699	0.01758	0.08482	0.02233	0.01667	0.02345	0.01396	0.01874	0.01144	0.00670	0.00750	0.00227	0.00933	0.00682	0.00363	0.01108
9	0.02867	0.02007	0.02183	0.01674	0.02266	0.02195	0.01383	0.61226	0.03370	0.10427	0.01884	0.01848	0.01313	0.00894	0.00743	0.00223	0.00801	0.00675	0.00758	0.01263
10	0.01576	0.10927	0.02451	0.48869	0.04079	0.01943	0.01862	0.04850	0.01524	0.01986	0.01250	0.01813	0.00995	0.00821	0.00969	0.00247	0.12008	0.00624	0.00346	0.00859
11	0.74345	0.01390	0.01066	0.00959	0.01400	0.01605	0.00786	0.02154	0.01282	0.03296	0.01120	0.01303	0.00872	0.00700	0.00463	0.00226	0.00560	0.00420	0.05256	0.00797
12	0.00904	0.00646	0.00861	0.01034	0.01077	0.00603	0.00689	0.01034	0.01421	0.01895	0.04092	0.73426	0.04910	0.02326	0.00948	0.00301	0.00431	0.02110	0.00689	0.00603
13	0.00900	0.00665	0.00842	0.00984	0.01064	0.00607	0.00667	0.01039	0.01469	0.01915	0.04699	0.61685	0.16259	0.02247	0.00935	0.00292	0.00421	0.02014	0.00689	0.00607
14	0.02878	0.01955	0.08399	0.01609	0.02243	0.01819	0.01422	0.38378	0.02826	0.27537	0.02146	0.02026	0.01436	0.00884	0.00741	0.00226	0.00778	0.00685	0.00765	0.01247
15	0.01402	0.01319	0.02227	0.72126	0.05113	0.01649	0.02062	0.01897	0.01484	0.01897	0.01319	0.01979	0.00990	0.00742	0.00742	0.00247	0.00990	0.00660	0.00330	0.00825
16	0.01091	0.03085	0.01074	0.00953	0.01132	0.00799	0.00709	0.01447	0.04016	0.02724	0.53347	0.09592	0.08631	0.06856	0.01077	0.00272	0.00405	0.01335	0.00760	0.00696
17	0.03053	0.01324	0.01738	0.01358	0.01894	0.01230	0.01117	0.11456	0.02212	0.55123	0.02695	0.02468	0.01766	0.01351	0.07320	0.00319	0.00782	0.00741	0.00848	0.01207

[dist]
# distance from previous block
# <min> <max>
0	1

[block]
# block no. 3 follows, 27 sequences, length 22
# corresponding to MSA columns:
# 211-232
name=unknown_D
#
# <colnr> <probs for GDERKNQSTAVLIFYWHMCP>
#	G	D	E	R	K	N	Q	S	T	A	V	L	I	F	Y	W	H	M	C	P
0	0.10844	0.05803	0.46814	0.01858	0.02750	0.01656	0.04590	0.02408	0.01590	0.09610	0.01575	0.04563	0.01189	0.00787	0.00688	0.00234	0.00953	0.00623	0.00413	0.01051
1	0.06024	0.02137	0.10051	0.01638	0.02252	0.02044	0.01455	0.49051	0.02919	0.04034	0.01706	0.01906	0.01283	0.05292	0.00901	0.00249	0.00820	0.00656	0.00646	0.04934
2	0.02398	0.13952	0.07075	0.01686	0.02133	0.47396	0.01395	0.02663	0.01911	0.01957	0.01293	0.01501	0.01066	0.00753	0.00625	0.00187	0.01122	0.00496	0.09520	0.00872
3	0.05343	0.06503	0.43197	0.01730	0.02569	0.01595	0.02030	0.02345	0.06371	0.05215	0.07023	0.02198	0.04394	0.00834	0.00698	0.00225	0.00879	0.00661	0.00440	0.05750
4	0.02384	0.01603	0.01817	0.01446	0.01930	0.01679	0.01166	0.37217	0.05418	0.12655	0.09959	0.06033	0.02234	0.01101	0.00856	0.03836	0.00682	0.00822	0.00732	0.06428
5	0.18008	0.02734	0.38417	0.06069	0.02757	0.01685	0.04725	0.02420	0.08597	0.02638	0.04212	0.01824	0.01311	0.00766	0.00675	0.00237	0.00901	0.00601	0.00416	0.01006
6	0.01468	0.01386	0.02282	0.49931	0.14799	0.01676	0.01974	0.01898	0.01477	0.01969	0.01448	0.05869	0.01234	0.00876	0.00933	0.00254	0.08565	0.00739	0.00355	0.00867
7	0.01572	0.01059	0.01493	0.15959	0.05285	0.01106	0.01174	0.07525	0.01713	0.11150	0.02890	0.32305	0.02993	0.04702	0.01019	0.01998	0.00656	0.03973	0.00617	0.00812
8	0.00945	0.00735	0.00860	0.00870	0.01055	0.00649	0.00637	0.01181	0.01790	0.02338	0.29167	0.18888	0.34561	0.01831	0.00890	0.00254	0.00377	0.01586	0.00736	0.00649
9	0.01229	0.01000	0.01326	0.22545	0.02224	0.03242	0.01027	0.01416	0.01248	0.01624	0.01951	0.03644	0.02026	0.41330	0.10678	0.00615	0.00971	0.00900	0.00405	0.00602
10	0.01887	0.28731	0.29988	0.01805	0.02589	0.05449	0.05203	0.09178	0.01768	0.02337	0.01259	0.01469	0.00991	0.00722	0.00702	0.00209	0.03786	0.00524	0.00367	0.01036
11	0.02882	0.01983	0.02168	0.01662	0.02254	0.02159	0.01373	0.59357	0.03329	0.12353	0.01917	0.01870	0.01330	0.00894	0.00743	0.00224	0.00795	0.00678	0.00763	0.01263
12	0.01544	0.01071	0.01275	0.01169	0.01455	0.01099	0.00892	0.02419	0.23077	0.10459	0.31994	0.11584	0.06140	0.01381	0.00830	0.00247	0.00467	0.01201	0.00792	0.00904
13	0.01327	0.01380	0.06136	0.56792	0.04363	0.01494	0.01877	0.01794	0.01509	0.01936	0.02116	0.05986	0.08420	0.00938	0.00764	0.00250	0.00904	0.00820	0.00385	0.00809
14	0.00930	0.00674	0.00863	0.00981	0.01057	0.00624	0.00664	0.01083	0.01507	0.02005	0.11954	0.54794	0.11229	0.06582	0.01106	0.00314	0.00434	0.01904	0.00690	0.00607
15	0.01080	0.00720	0.00810	0.00810	0.00810	0.00720	0.00450	0.01080	0.01080	0.01439	0.02339	0.04858	0.02699	0.73910	0.03779	0.00720	0.00720	0.01080	0.00450	0.00450
16	0.24471	0.10485	0.09638	0.01397	0.01971	0.03818	0.01282	0.21693	0.02095	0.08454	0.01524	0.01632	0.01129	0.00813	0.00655	0.01806	0.00747	0.00548	0.04830	0.01013
17	0.02822	0.02079	0.02228	0.01708	0.02302	0.02302	0.01411	0.66804	0.03490	0.04679	0.01782	0.01782	0.01262	0.00891	0.00743	0.00223	0.00817	0.00668	0.00743	0.01262
18	0.03388	0.01464	0.02364	0.34351	0.21993	0.01651	0.04590	0.04597	0.05643	0.02259	0.01535	0.02063	0.01223	0.01250	0.08221	0.00340	0.01036	0.00689	0.00394	0.00950
19	0.01573	0.11975	0.55950	0.02114	0.03123	0.01882	0.08706	0.02339	0.01578	0.02282	0.01313	0.01565	0.00960	0.00689	0.00695	0.00228	0.01076	0.00562	0.00320	0.01071
20	0.66718	0.01461	0.01205	0.01054	0.01502	0.01677	0.00860	0.08999	0.01484	0.03361	0.01128	0.01325	0.00880	0.00815	0.00625	0.04551	0.00604	0.00444	0.00482	0.00826
21	0.01463	0.06478	0.59922	0.01954	0.02934	0.01666	0.02463	0.02244	0.01622	0.02392	0.08516	0.01975	0.01587	0.00789	0.00714	0.00232	0.01005	0.00627	0.00367	0.01049

[dist]
# distance from previous block
# <min> <max>
5	15

[block]
# block no. 4 follows, 27 sequences, length 32
# corresponding to MSA columns:
# 248-279
name=unknown_E
#
# <colnr> <probs for GDERKNQSTAVLIFYWHMCP>
#	G	D	E	R	K	N	Q	S	T	A	V	L	I	F	Y	W	H	M	C	P
0	0.00936	0.00675	0.00886	0.01001	0.01081	0.00625	0.00687	0.01116	0.01582	0.02138	0.18519	0.55884	0.07854	0.02130	0.00929	0.00285	0.00411	0.01920	0.00717	0.00625
1	0.01985	0.74357	0.03890	0.01270	0.01905	0.02937	0.01270	0.02223	0.01508	0.01747	0.01032	0.01191	0.00953	0.00635	0.00476	0.00159	0.00794	0.00397	0.00318	0.00953
2	0.02652	0.01765	0.01952	0.01549	0.02084	0.01910	0.01262	0.39392	0.16110	0.16332	0.02274	0.02165	0.01601	0.00918	0.00735	0.00228	0.00714	0.00718	0.04418	0.01218
3	0.01192	0.00768	0.01004	0.01009	0.01170	0.00709	0.00741	0.01444	0.01801	0.07879	0.33718	0.26899	0.07959	0.05216	0.01035	0.00285	0.00437	0.05280	0.00755	0.00699
4	0.01845	0.01486	0.01601	0.01404	0.01798	0.01667	0.01100	0.13519	0.43056	0.03320	0.14065	0.03086	0.02898	0.01069	0.00762	0.00240	0.00572	0.00891	0.04537	0.01084
5	0.01070	0.00762	0.00991	0.00996	0.01136	0.00723	0.00747	0.01352	0.01837	0.02547	0.43595	0.10330	0.05756	0.12508	0.01341	0.00329	0.00468	0.12125	0.00731	0.00654
6	0.02679	0.01733	0.02029	0.01762	0.07472	0.01825	0.01327	0.38140	0.06724	0.19601	0.02347	0.02270	0.04192	0.00925	0.00742	0.00225	0.00731	0.00733	0.03339	0.01206
7	0.03984	0.08217	0.60254	0.01968	0.02971	0.01753	0.02488	0.02292	0.01579	0.02373	0.04519	0.01721	0.01226	0.00739	0.00691	0.00230	0.01025	0.00572	0.00342	0.01059
8	0.24271	0.07927	0.41049	0.01789	0.04920	0.01776	0.02012	0.02324	0.01494	0.04424	0.01270	0.01471	0.00934	0.00700	0.00620	0.00228	0.00903	0.00505	0.00375	0.01009
9	0.01009	0.00690	0.00831	0.00900	0.00918	0.00673	0.00546	0.01061	0.01218	0.01624	0.03047	0.32559	0.03592	0.44991	0.02635	0.00551	0.00603	0.01496	0.00546	0.00512
10	0.01019	0.00739	0.00961	0.00944	0.01100	0.00681	0.00694	0.01326	0.01970	0.02757	0.55589	0.17220	0.08878	0.01669	0.00888	0.00246	0.00365	0.01482	0.00791	0.00681
11	0.24295	0.02614	0.33413	0.01643	0.02409	0.01735	0.01811	0.07212	0.09925	0.06025	0.01563	0.01672	0.01131	0.00762	0.00645	0.00234	0.00840	0.00560	0.00470	0.01041
12	0.02588	0.20251	0.02531	0.01754	0.02203	0.52556	0.01395	0.04912	0.02009	0.01895	0.01141	0.01318	0.00966	0.00738	0.00626	0.00185	0.01192	0.00465	0.00379	0.00896
13	0.01047	0.00751	0.00972	0.00928	0.01084	0.00698	0.00680	0.01360	0.01992	0.02810	0.60962	0.08184	0.06575	0.07373	0.01112	0.00275	0.00383	0.01352	0.00783	0.00676
14	0.01956	0.60138	0.08138	0.01336	0.02002	0.02667	0.01346	0.05357	0.01612	0.01985	0.01112	0.01273	0.00979	0.00646	0.00511	0.00163	0.00796	0.00424	0.00348	0.07212
15	0.04748	0.04928	0.02431	0.37644	0.12895	0.01790	0.06027	0.06295	0.05774	0.02301	0.01527	0.04246	0.01239	0.00820	0.00812	0.00243	0.04230	0.00710	0.00407	0.00932
16	0.01080	0.00720	0.00810	0.00810	0.00810	0.00720	0.00450	0.01080	0.01080	0.01439	0.02339	0.04858	0.02699	0.73910	0.03779	0.00720	0.00720	0.01080	0.00450	0.00450
17	0.01164	0.00809	0.01039	0.00975	0.01177	0.00754	0.00743	0.01559	0.04133	0.05590	0.58822	0.05519	0.09497	0.01515	0.00872	0.00239	0.00383	0.03668	0.00808	0.00734
18	0.08316	0.06653	0.41619	0.05190	0.02845	0.13739	0.02142	0.02501	0.01666	0.06799	0.01367	0.01563	0.00995	0.00727	0.00672	0.00224	0.01045	0.00535	0.00379	0.01023
19	0.02073	0.01296	0.01498	0.01294	0.01710	0.01340	0.01020	0.03198	0.32694	0.22643	0.11198	0.03560	0.10917	0.01148	0.00782	0.00243	0.00547	0.00960	0.00803	0.01078
20	0.01196	0.00854	0.01196	0.01367	0.01538	0.00854	0.01196	0.01538	0.01709	0.02222	0.03931	0.08374	0.04272	0.02051	0.01025	0.00342	0.00684	0.64283	0.00684	0.00684
21	0.01985	0.74357	0.03890	0.01270	0.01905	0.02937	0.01270	0.02223	0.01508	0.01747	0.01032	0.01191	0.00953	0.00635	0.00476	0.00159	0.00794	0.00397	0.00318	0.00953
22	0.18848	0.02052	0.19578	0.16836	0.07326	0.01602	0.04190	0.04515	0.01657	0.11935	0.03695	0.01879	0.01275	0.00766	0.00680	0.00235	0.00853	0.00617	0.00470	0.00992
23	0.00987	0.00738	0.00916	0.00910	0.01080	0.00667	0.00668	0.01263	0.01894	0.02575	0.44114	0.17519	0.20466	0.01737	0.00888	0.00249	0.00370	0.01524	0.00767	0.00667
24	0.02596	0.01967	0.02101	0.01662	0.02216	0.02197	0.01356	0.52238	0.18425	0.04314	0.02069	0.02011	0.01495	0.00918	0.00746	0.00230	0.00764	0.00708	0.00746	0.01242
25	0.13183	0.14503	0.02255	0.01671	0.02115	0.47325	0.01320	0.05698	0.01957	0.02147	0.01143	0.01317	0.00949	0.00740	0.00613	0.00193	0.01122	0.00463	0.00399	0.00886
26	0.67277	0.01479	0.01266	0.06284	0.01777	0.01715	0.00946	0.07360	0.01459	0.03333	0.01115	0.01309	0.00855	0.00709	0.00503	0.00230	0.00624	0.00442	0.00473	0.00842
27	0.32781	0.04034	0.07433	0.04808	0.06168	0.01541	0.01266	0.05512	0.01692	0.20246	0.01827	0.02193	0.01389	0.00856	0.00639	0.00236	0.00699	0.05113	0.00578	0.00989
28	0.01080	0.00720	0.00810	0.00810	0.00810	0.00720	0.00450	0.01080	0.01080	0.01439	0.02339	0.04858	0.02699	0.73910	0.03779	0.00720	0.00720	0.01080	0.00450	0.00450
29	0.00904	0.00646	0.00861	0.01034	0.01077	0.00603	0.00689	0.01034	0.01421	0.01895	0.04092	0.73426	0.04910	0.02326	0.00948	0.00301	0.00431	0.02110	0.00689	0.00603
30	0.01512	0.01498	0.02217	0.66478	0.04886	0.07223	0.02011	0.01983	0.01534	0.01890	0.01306	0.01928	0.00987	0.00744	0.00736	0.00243	0.01018	0.00645	0.00334	0.00828
31	0.79154	0.01436	0.01091	0.00976	0.01436	0.01665	0.00804	0.02182	0.01263	0.03331	0.01034	0.01206	0.00804	0.00689	0.00459	0.00230	0.00574	0.00402	0.00459	0.00804

[dist]
# distance from previous block
# <min> <max>
7	10

[block]
# block no. 5 follows, 27 sequences, length 36
# corresponding to MSA columns:
# 292-327
name=unknown_F
#
# <colnr> <probs for GDERKNQSTAVLIFYWHMCP>
#	G	D	E	R	K	N	Q	S	T	A	V	L	I	F	Y	W	H	M	C	P
0	0.01930	0.38309	0.24561	0.01641	0.02359	0.08718	0.01767	0.02359	0.01583	0.04532	0.01207	0.01401	0.00984	0.00720	0.00694	0.00199	0.05216	0.00481	0.00346	0.00993
1	0.01289	0.00645	0.00967	0.00967	0.00967	0.00645	0.00645	0.00967	0.00967	0.01289	0.01289	0.02257	0.01289	0.02579	0.02901	0.78401	0.00645	0.00645	0.00322	0.00322
2	0.01414	0.00842	0.01095	0.00984	0.01231	0.00759	0.00755	0.01742	0.02075	0.13930	0.53470	0.05165	0.10731	0.01446	0.00854	0.00234	0.00399	0.01261	0.00825	0.00788
3	0.01489	0.03840	0.70064	0.02116	0.03213	0.01724	0.02743	0.02351	0.01567	0.02351	0.01332	0.01567	0.00940	0.00705	0.00705	0.00235	0.01097	0.00549	0.00313	0.01097
4	0.00944	0.00667	0.00870	0.01017	0.01060	0.00632	0.00679	0.01064	0.01385	0.01845	0.03830	0.60363	0.04559	0.12703	0.01362	0.00364	0.00485	0.04934	0.00654	0.00585
5	0.24696	0.10023	0.27916	0.01651	0.02326	0.12098	0.01745	0.02337	0.01519	0.02459	0.01160	0.01393	0.00906	0.00747	0.00733	0.00226	0.06271	0.00487	0.00368	0.00940
6	0.01289	0.00645	0.00967	0.00967	0.00967	0.00645	0.00645	0.00967	0.00967	0.01289	0.01289	0.02257	0.01289	0.02579	0.02901	0.78401	0.00645	0.00645	0.00322	0.00322
7	0.00904	0.00646	0.00861	0.01034	0.01077	0.00603	0.00689	0.01034	0.01421	0.01895	0.04092	0.73426	0.04910	0.02326	0.00948	0.00301	0.00431	0.02110	0.00689	0.00603
8	0.01837	0.01764	0.03013	0.04557	0.69279	0.01764	0.02278	0.02278	0.01690	0.02425	0.01396	0.01837	0.01176	0.00661	0.00735	0.00220	0.00882	0.00661	0.00367	0.01176
9	0.07475	0.09121	0.06256	0.01390	0.01999	0.01496	0.01233	0.10617	0.02133	0.47057	0.02388	0.02164	0.01562	0.00859	0.00699	0.00222	0.00696	0.00669	0.00771	0.01194
10	0.01837	0.01764	0.03013	0.04557	0.69279	0.01764	0.02278	0.02278	0.01690	0.02425	0.01396	0.01837	0.01176	0.00661	0.00735	0.00220	0.00882	0.00661	0.00367	0.01176
11	0.79154	0.01436	0.01091	0.00976	0.01436	0.01665	0.00804	0.02182	0.01263	0.03331	0.01034	0.01206	0.00804	0.00689	0.00459	0.00230	0.00574	0.00402	0.00459	0.00804
12	0.01061	0.00795	0.01193	0.01193	0.01326	0.00928	0.00928	0.01326	0.01193	0.01723	0.01988	0.02916	0.01856	0.05568	0.70968	0.01193	0.01988	0.00795	0.00398	0.00663
13	0.01061	0.00795	0.01193	0.01193	0.01326	0.00928	0.00928	0.01326	0.01193	0.01723	0.01988	0.02916	0.01856	0.05568	0.70968	0.01193	0.01988	0.00795	0.00398	0.00663
14	0.16030	0.01811	0.01870	0.01489	0.02018	0.02010	0.01219	0.43480	0.09030	0.06582	0.01847	0.01859	0.01335	0.00866	0.00682	0.00224	0.00719	0.00642	0.05146	0.01141
15	0.00986	0.00767	0.00913	0.00984	0.01177	0.00695	0.00776	0.01221	0.01685	0.02115	0.09901	0.16824	0.36965	0.01970	0.00931	0.00283	0.00472	0.19994	0.00696	0.00645
16	0.01489	0.03840	0.70064	0.02116	0.03213	0.01724	0.02743	0.02351	0.01567	0.02351	0.01332	0.01567	0.00940	0.00705	0.00705	0.00235	0.01097	0.00549	0.00313	0.01097
17	0.03117	0.01566	0.08940	0.01419	0.02050	0.01204	0.01277	0.05917	0.02119	0.60183	0.02716	0.02397	0.01721	0.00895	0.00742	0.00230	0.00688	0.00723	0.00848	0.01246
18	0.01078	0.00724	0.00832	0.00832	0.00840	0.00732	0.00478	0.01094	0.01086	0.01456	0.02318	0.04744	0.02649	0.69892	0.07729	0.00748	0.00794	0.01063	0.00447	0.00462
19	0.01074	0.00770	0.00947	0.00917	0.01118	0.00691	0.00691	0.01360	0.01926	0.04869	0.42504	0.10650	0.24252	0.01674	0.00882	0.00247	0.00384	0.03584	0.00771	0.00691
20	0.02759	0.01137	0.01540	0.01224	0.01698	0.00993	0.00993	0.03062	0.02119	0.53033	0.19474	0.03284	0.03134	0.01069	0.00779	0.00231	0.00561	0.00896	0.00893	0.01122
21	0.02773	0.03538	0.02104	0.01913	0.02295	0.70930	0.01434	0.02964	0.02104	0.01817	0.01148	0.01339	0.00956	0.00765	0.00669	0.00191	0.01339	0.00478	0.00383	0.00861
22	0.01428	0.01346	0.02274	0.68094	0.08942	0.01656	0.02075	0.01920	0.01497	0.01928	0.01324	0.01971	0.01001	0.00737	0.00742	0.00246	0.00983	0.00660	0.00332	0.00846
23	0.00947	0.00682	0.00905	0.01057	0.01132	0.00640	0.00747	0.01118	0.01507	0.02002	0.07942	0.58796	0.07629	0.02227	0.00950	0.00300	0.00455	0.09648	0.00696	0.00619
24	0.01489	0.03840	0.70064	0.02116	0.03213	0.01724	0.02743	0.02351	0.01567	0.02351	0.01332	0.01567	0.00940	0.00705	0.00705	0.00235	0.01097	0.00549	0.00313	0.01097
25	0.01051	0.00759	0.00992	0.00934	0.01109	0.00700	0.00700	0.01401	0.02101	0.02977	0.68888	0.05545	0.07005	0.01518	0.00876	0.00233	0.00350	0.01343	0.00817	0.00700
26	0.06223	0.01495	0.01837	0.01414	0.01989	0.01448	0.01168	0.20994	0.02467	0.49169	0.02537	0.02269	0.01638	0.00902	0.00734	0.00228	0.00680	0.00711	0.00852	0.01245
27	0.00947	0.00677	0.00911	0.01083	0.01145	0.00640	0.00764	0.01108	0.01464	0.01943	0.04068	0.63848	0.04816	0.02285	0.00959	0.00307	0.00468	0.11264	0.00688	0.00615
28	0.01402	0.01319	0.02227	0.72126	0.05113	0.01649	0.02062	0.01897	0.01484	0.01897	0.01319	0.01979	0.00990	0.00742	0.00742	0.00247	0.00990	0.00660	0.00330	0.00825
29	0.00904	0.00646	0.00861	0.01034	0.01077	0.00603	0.00689	0.01034	0.01421	0.01895	0.04092	0.73426	0.04910	0.02326	0.00948	0.00301	0.00431	0.02110	0.00689	0.00603
30	0.03270	0.01360	0.01783	0.01367	0.01943	0.01235	0.01129	0.11104	0.02287	0.62079	0.02793	0.02439	0.01770	0.00916	0.00746	0.00229	0.00654	0.00737	0.00898	0.01263
31	0.01289	0.00645	0.00967	0.00967	0.00967	0.00645	0.00645	0.00967	0.00967	0.01289	0.01289	0.02257	0.01289	0.02579	0.02901	0.78401	0.00645	0.00645	0.00322	0.00322
32	0.00968	0.00688	0.00914	0.01061	0.01127	0.00654	0.00747	0.01132	0.01478	0.01973	0.07670	0.55092	0.04779	0.07351	0.01157	0.00333	0.00484	0.11105	0.00679	0.00609
33	0.02775	0.03471	0.02110	0.01903	0.02295	0.67750	0.01433	0.05923	0.02168	0.01949	0.01177	0.01359	0.00970	0.00771	0.00673	0.00193	0.01315	0.00487	0.00399	0.00879
34	0.01706	0.01271	0.01387	0.03962	0.01600	0.03728	0.00985	0.11645	0.12378	0.02817	0.02261	0.06704	0.01898	0.03815	0.00982	0.00243	0.09151	0.00798	0.31805	0.00864
35	0.11969	0.02547	0.01867	0.01622	0.02033	0.37814	0.03612	0.13009	0.02133	0.02608	0.01640	0.01806	0.03688	0.00825	0.00653	0.00203	0.01004	0.00580	0.09490	0.00896

[dist]
# distance from previous block
# <min> <max>
0	5

[block]
# block no. 6 follows, 27 sequences, length 13
# corresponding to MSA columns:
# 333-345
name=unknown_G
#
# <colnr> <probs for GDERKNQSTAVLIFYWHMCP>
#	G	D	E	R	K	N	Q	S	T	A	V	L	I	F	Y	W	H	M	C	P
0	0.14848	0.02842	0.01975	0.01714	0.02161	0.42885	0.01329	0.18753	0.02317	0.02769	0.01288	0.01428	0.01009	0.00784	0.00654	0.00205	0.01088	0.00514	0.00484	0.00952
1	0.74589	0.01392	0.01068	0.00960	0.01402	0.01608	0.00787	0.02156	0.01281	0.03298	0.01115	0.01298	0.00868	0.00699	0.00463	0.00226	0.00561	0.00419	0.05013	0.00797
2	0.01787	0.01713	0.02923	0.12327	0.61900	0.01751	0.02253	0.02234	0.01667	0.02365	0.01388	0.01854	0.01154	0.00671	0.00736	0.00224	0.00894	0.00661	0.00363	0.01136
3	0.02199	0.01978	0.03100	0.12579	0.57010	0.01949	0.02336	0.02489	0.01916	0.02732	0.01824	0.02450	0.01570	0.00972	0.00919	0.00305	0.01023	0.00797	0.00518	0.01334
4	0.01402	0.01319	0.02227	0.72126	0.05113	0.01649	0.02062	0.01897	0.01484	0.01897	0.01319	0.01979	0.00990	0.00742	0.00742	0.00247	0.00990	0.00660	0.00330	0.00825
5	0.68037	0.06656	0.01374	0.01051	0.01533	0.01803	0.00882	0.06963	0.01445	0.03318	0.01089	0.01248	0.00848	0.00700	0.00482	0.00224	0.00608	0.00421	0.00470	0.00848
6	0.01053	0.00772	0.00995	0.00976	0.01158	0.00714	0.00756	0.01385	0.02003	0.02767	0.53215	0.06114	0.13216	0.01631	0.00897	0.00251	0.00400	0.10224	0.00785	0.00690
7	0.01837	0.01764	0.03013	0.04557	0.69279	0.01764	0.02278	0.02278	0.01690	0.02425	0.01396	0.01837	0.01176	0.00661	0.00735	0.00220	0.00882	0.00661	0.00367	0.01176
8	0.00924	0.00657	0.00864	0.01012	0.01059	0.00616	0.00672	0.01054	0.01428	0.01912	0.06964	0.65211	0.04844	0.07581	0.01154	0.00329	0.00448	0.01999	0.00677	0.00596
9	0.01808	0.01734	0.02961	0.09062	0.65001	0.01756	0.02264	0.02253	0.01677	0.02390	0.01391	0.01847	0.01163	0.00667	0.00735	0.00222	0.00889	0.00661	0.00365	0.01152
10	0.01558	0.13593	0.60911	0.01999	0.03032	0.01892	0.02539	0.02333	0.01559	0.02267	0.01291	0.01515	0.00942	0.00696	0.00674	0.00225	0.01055	0.00528	0.00314	0.01077
11	0.01810	0.01736	0.02964	0.08804	0.65246	0.01757	0.02265	0.02254	0.01677	0.02392	0.01392	0.01846	0.01164	0.00667	0.00735	0.00222	0.00889	0.00661	0.00365	0.01154
12	0.01383	0.00825	0.01111	0.01118	0.01315	0.00767	0.00869	0.01661	0.01826	0.12472	0.26134	0.24670	0.05025	0.01775	0.00911	0.00277	0.00491	0.15851	0.00766	0.00753

[dist]
# distance from previous block
# <min> <max>
0	1

[block]
# block no. 7 follows, 27 sequences, length 43
# corresponding to MSA columns:
# 348-390
name=unknown_H
#
# <colnr> <probs for GDERKNQSTAVLIFYWHMCP>
#	G	D	E	R	K	N	Q	S	T	A	V	L	I	F	Y	W	H	M	C	P
0	0.02705	0.02893	0.02111	0.01896	0.04500	0.44578	0.01421	0.17292	0.07619	0.05734	0.01529	0.01623	0.01177	0.00816	0.00698	0.00206	0.01115	0.00568	0.00517	0.01004
1	0.02736	0.01204	0.01588	0.01282	0.01755	0.01095	0.01044	0.08079	0.02176	0.48293	0.12691	0.06655	0.02819	0.01127	0.00788	0.00238	0.00597	0.03845	0.00868	0.01121
2	0.05103	0.01288	0.01599	0.01284	0.01753	0.01239	0.01040	0.12761	0.05598	0.37963	0.18790	0.03118	0.02998	0.01058	0.00768	0.00231	0.00587	0.00873	0.00844	0.01106
3	0.64367	0.01402	0.01214	0.01043	0.01525	0.01553	0.00860	0.02462	0.01431	0.16293	0.01403	0.01464	0.01006	0.00734	0.00515	0.00230	0.00585	0.00469	0.00549	0.00894
4	0.01630	0.00886	0.01162	0.01062	0.01335	0.00797	0.00826	0.01922	0.01960	0.20351	0.33075	0.12806	0.11433	0.01527	0.00861	0.00250	0.00461	0.06021	0.00807	0.00829
5	0.23793	0.01352	0.01564	0.01259	0.01784	0.01327	0.01042	0.07888	0.01974	0.43638	0.02375	0.02388	0.01629	0.00908	0.00681	0.00234	0.00632	0.03650	0.00770	0.01111
6	0.02952	0.01213	0.01623	0.01279	0.01792	0.01077	0.01043	0.03338	0.05419	0.57523	0.11749	0.02942	0.02550	0.01003	0.00764	0.00231	0.00592	0.00831	0.00897	0.01184
7	0.02773	0.03538	0.02104	0.01913	0.02295	0.70930	0.01434	0.02964	0.02104	0.01817	0.01148	0.01339	0.00956	0.00765	0.00669	0.00191	0.01339	0.00478	0.00383	0.00861
8	0.01774	0.00969	0.01253	0.01086	0.01383	0.00898	0.00841	0.05855	0.02124	0.21273	0.41578	0.07666	0.05007	0.03773	0.00933	0.00251	0.00471	0.01167	0.00822	0.00875
9	0.01072	0.00748	0.00955	0.00955	0.01005	0.00799	0.00631	0.01173	0.01123	0.01547	0.02206	0.04123	0.02380	0.48023	0.29229	0.00899	0.01200	0.00972	0.00430	0.00531
10	0.01274	0.00645	0.00963	0.00970	0.00972	0.00643	0.00647	0.00970	0.00985	0.01314	0.01402	0.05102	0.01434	0.02569	0.02823	0.75278	0.00636	0.00703	0.00337	0.00334
11	0.01402	0.01319	0.02227	0.72126	0.05113	0.01649	0.02062	0.01897	0.01484	0.01897	0.01319	0.01979	0.00990	0.00742	0.00742	0.00247	0.00990	0.00660	0.00330	0.00825
12	0.01838	0.01749	0.02894	0.04284	0.63242	0.01771	0.02179	0.02428	0.07629	0.02486	0.01542	0.01921	0.01274	0.00692	0.00737	0.00223	0.00856	0.00677	0.00402	0.01176
13	0.01837	0.01764	0.03013	0.04557	0.69279	0.01764	0.02278	0.02278	0.01690	0.02425	0.01396	0.01837	0.01176	0.00661	0.00735	0.00220	0.00882	0.00661	0.00367	0.01176
14	0.64367	0.01402	0.01214	0.01043	0.01525	0.01553	0.00860	0.02462	0.01431	0.16293	0.01403	0.01464	0.01006	0.00734	0.00515	0.00230	0.00585	0.00469	0.00549	0.00894
15	0.01450	0.00756	0.00763	0.00739	0.00931	0.00766	0.00560	0.04732	0.01646	0.02856	0.02392	0.02722	0.01873	0.00866	0.00529	0.00175	0.00368	0.00691	0.74465	0.00718
16	0.01240	0.00795	0.01038	0.00970	0.01174	0.00725	0.00730	0.01559	0.02030	0.08953	0.54943	0.10939	0.08954	0.01545	0.00870	0.00239	0.00384	0.01361	0.00811	0.00741
17	0.01985	0.74357	0.03890	0.01270	0.01905	0.02937	0.01270	0.02223	0.01508	0.01747	0.01032	0.01191	0.00953	0.00635	0.00476	0.00159	0.00794	0.00397	0.00318	0.00953
18	0.01352	0.00703	0.01018	0.00997	0.01021	0.00712	0.00676	0.03644	0.01070	0.01427	0.01310	0.02237	0.01288	0.02510	0.02814	0.75222	0.00652	0.00646	0.00339	0.00361
19	0.01289	0.00645	0.00967	0.00967	0.00967	0.00645	0.00645	0.00967	0.00967	0.01289	0.01289	0.02257	0.01289	0.02579	0.02901	0.78401	0.00645	0.00645	0.00322	0.00322
20	0.22056	0.08720	0.10091	0.01516	0.02039	0.01560	0.10753	0.05088	0.01718	0.06720	0.13430	0.07401	0.02419	0.00992	0.00702	0.00235	0.00725	0.02400	0.00540	0.00896
21	0.02357	0.02789	0.02379	0.07759	0.21517	0.43222	0.01728	0.02640	0.01899	0.01994	0.01223	0.01539	0.01022	0.00758	0.00771	0.00210	0.04326	0.00551	0.00372	0.00945
22	0.00918	0.00656	0.00877	0.01049	0.01099	0.00615	0.00713	0.01058	0.01435	0.01911	0.04084	0.70352	0.04880	0.02313	0.00951	0.00303	0.00443	0.05048	0.00689	0.00607
23	0.06461	0.66897	0.06739	0.01292	0.01937	0.02808	0.01310	0.02226	0.01497	0.01866	0.01046	0.01209	0.00943	0.00641	0.00486	0.00166	0.00795	0.00404	0.00326	0.00951
24	0.02197	0.11086	0.11316	0.01388	0.01915	0.01453	0.01287	0.02578	0.03354	0.27458	0.02147	0.05111	0.01660	0.04713	0.04478	0.00292	0.05979	0.00717	0.03843	0.07029
25	0.07184	0.01799	0.12970	0.06672	0.02398	0.01444	0.04316	0.09172	0.05916	0.32695	0.06129	0.02346	0.01807	0.00882	0.00735	0.00234	0.00756	0.00725	0.00693	0.01127
26	0.01709	0.01414	0.01559	0.01442	0.01805	0.01592	0.01146	0.06443	0.47177	0.03020	0.09272	0.03943	0.03003	0.01228	0.00812	0.00264	0.00593	0.11778	0.00748	0.01051
27	0.01564	0.01496	0.02466	0.41734	0.23582	0.01776	0.02060	0.01993	0.01493	0.02036	0.01291	0.01884	0.01042	0.00801	0.00992	0.00251	0.11612	0.00659	0.00340	0.00926
28	0.01518	0.01536	0.05674	0.33198	0.22508	0.01574	0.04923	0.02076	0.04711	0.02297	0.10757	0.02449	0.01936	0.00831	0.00764	0.00238	0.00870	0.00767	0.00429	0.00945
29	0.01907	0.01883	0.02849	0.04140	0.59443	0.06882	0.02136	0.02450	0.06527	0.02430	0.01496	0.01868	0.01239	0.00694	0.00732	0.00221	0.00894	0.00661	0.00397	0.01153
30	0.01096	0.00777	0.00906	0.00875	0.01070	0.00698	0.00642	0.01318	0.01749	0.05393	0.26860	0.06068	0.31428	0.13634	0.01357	0.00325	0.00449	0.03999	0.00703	0.00654
31	0.01369	0.00917	0.01106	0.01151	0.01214	0.00858	0.00745	0.01286	0.01406	0.01904	0.03186	0.28194	0.06125	0.25678	0.05645	0.15758	0.00746	0.01427	0.00616	0.00667
32	0.01662	0.01515	0.01692	0.17409	0.02516	0.06231	0.01295	0.02943	0.37248	0.02575	0.05815	0.05257	0.05015	0.04465	0.00906	0.00269	0.00710	0.00882	0.00618	0.00976
33	0.01798	0.01234	0.01332	0.01212	0.01525	0.04378	0.00946	0.08040	0.16783	0.11018	0.11678	0.10175	0.04774	0.01239	0.00760	0.00237	0.00556	0.05576	0.15823	0.00918
34	0.11968	0.00887	0.01003	0.00972	0.01188	0.00877	0.00715	0.01577	0.03552	0.07265	0.19481	0.17953	0.14849	0.09720	0.04437	0.00348	0.00546	0.01287	0.00667	0.00709
35	0.00935	0.00678	0.00855	0.00966	0.01042	0.00628	0.00649	0.01078	0.01481	0.01962	0.10540	0.51433	0.12505	0.10090	0.01244	0.00335	0.00448	0.01858	0.00675	0.00598
36	0.62693	0.01319	0.01101	0.01008	0.01425	0.01492	0.00833	0.02154	0.01366	0.06210	0.01494	0.02057	0.01259	0.00841	0.00530	0.00236	0.00571	0.06476	0.06129	0.00805
