[name]
unknown

[dist]
# distance from previous block
# <min> <max>
17	53

[block]
# block no. 0 follows, 29 sequences, length 11
# corresponding to MSA columns:
# 58-68
name=unknown_A
#
# <colnr> <probs for GDERKNQSTAVLIFYWHMCP>
#	G	D	E	R	K	N	Q	S	T	A	V	L	I	F	Y	W	H	M	C	P
0	0.01798	0.01886	0.06020	0.03659	0.50622	0.06067	0.05904	0.02433	0.10032	0.02365	0.01521	0.01841	0.01231	0.00682	0.00710	0.00216	0.00869	0.00652	0.00397	0.01096
1	0.01872	0.07919	0.02624	0.06430	0.43560	0.09325	0.01830	0.06206	0.05948	0.02340	0.01629	0.01917	0.03840	0.00726	0.00685	0.00208	0.00850	0.00639	0.00405	0.01047
2	0.08394	0.01744	0.02074	0.10674	0.25077	0.11699	0.01546	0.07840	0.07079	0.06875	0.01963	0.04899	0.05393	0.00851	0.00694	0.00219	0.00808	0.00713	0.00481	0.00976
3	0.01865	0.11188	0.02345	0.05333	0.24583	0.01763	0.01493	0.10331	0.14857	0.05191	0.01921	0.02054	0.04114	0.00770	0.00664	0.00201	0.00714	0.00650	0.00500	0.09463
4	0.05685	0.01648	0.01763	0.01439	0.01930	0.01802	0.01159	0.30443	0.27404	0.07548	0.02385	0.02278	0.04461	0.00908	0.00698	0.00219	0.00647	0.00717	0.00694	0.06173
5	0.09006	0.02746	0.02020	0.01916	0.07850	0.44852	0.01378	0.14875	0.02166	0.04908	0.01286	0.01434	0.01008	0.00747	0.00646	0.00196	0.01069	0.00510	0.00454	0.00932
6	0.01681	0.01921	0.04202	0.03001	0.03721	0.01801	0.67947	0.02281	0.01681	0.02281	0.01441	0.01921	0.01080	0.00600	0.00840	0.00240	0.01200	0.00840	0.00360	0.00960
7	0.01806	0.01975	0.07340	0.03904	0.55216	0.07309	0.07586	0.02250	0.01650	0.02271	0.01325	0.01721	0.01093	0.00642	0.00709	0.00213	0.00923	0.00630	0.00351	0.01085
8	0.01845	0.01685	0.01644	0.01481	0.01881	0.07653	0.01148	0.03705	0.63625	0.02875	0.02748	0.02542	0.02069	0.00947	0.00718	0.00237	0.00624	0.00776	0.00695	0.01102
9	0.00868	0.00620	0.00826	0.00991	0.01033	0.00578	0.00661	0.00991	0.01363	0.01818	0.03925	0.74510	0.04710	0.02231	0.00909	0.00289	0.00413	0.02024	0.00661	0.00578
10	0.80005	0.01377	0.01047	0.00936	0.01377	0.01597	0.00771	0.02093	0.01212	0.03195	0.00991	0.01157	0.00771	0.00661	0.00441	0.00220	0.00551	0.00386	0.00441	0.00771

[dist]
# distance from previous block
# <min> <max>
0	1

[block]
# block no. 1 follows, 29 sequences, length 6
# corresponding to MSA columns:
# 70-75
name=unknown_B
#
# <colnr> <probs for GDERKNQSTAVLIFYWHMCP>
#	G	D	E	R	K	N	Q	S	T	A	V	L	I	F	Y	W	H	M	C	P
0	0.01718	0.01054	0.01266	0.01194	0.01470	0.05419	0.00976	0.02026	0.01892	0.19858	0.25735	0.05258	0.04183	0.01439	0.00845	0.00256	0.00576	0.23284	0.00738	0.00813
1	0.02958	0.01265	0.01652	0.01280	0.01802	0.01153	0.01052	0.10940	0.02191	0.57572	0.08203	0.02577	0.02104	0.00925	0.00726	0.00220	0.00605	0.00754	0.00853	0.01167
2	0.01237	0.00618	0.00928	0.00928	0.00928	0.00618	0.00618	0.00928	0.00928	0.01237	0.01237	0.02165	0.01237	0.02474	0.02783	0.79283	0.00618	0.00618	0.00309	0.00309
3	0.71450	0.01445	0.01167	0.01014	0.01469	0.01665	0.00836	0.09405	0.01448	0.03338	0.01071	0.01218	0.00820	0.00682	0.00471	0.00220	0.00577	0.00414	0.00471	0.00820
4	0.03031	0.01474	0.01815	0.01392	0.01949	0.01436	0.01150	0.25170	0.02477	0.48706	0.02440	0.02184	0.01578	0.00872	0.00715	0.00218	0.00666	0.00691	0.00825	0.01212
5	0.02802	0.02726	0.01932	0.01673	0.02103	0.48575	0.01289	0.07831	0.02121	0.19861	0.01587	0.01610	0.01158	0.00781	0.00666	0.00195	0.01072	0.00539	0.00525	0.00954

[dist]
# distance from previous block
# <min> <max>
2	10

[block]
# block no. 2 follows, 29 sequences, length 8
# corresponding to MSA columns:
# 86-93
name=unknown_C
#
# <colnr> <probs for GDERKNQSTAVLIFYWHMCP>
#	G	D	E	R	K	N	Q	S	T	A	V	L	I	F	Y	W	H	M	C	P
0	0.05741	0.02175	0.02198	0.05744	0.17297	0.18720	0.01535	0.28511	0.05967	0.03090	0.01493	0.01655	0.01142	0.00768	0.00683	0.00209	0.00903	0.00593	0.00520	0.01056
1	0.02708	0.01838	0.02028	0.01551	0.02121	0.01966	0.01279	0.54904	0.03049	0.14105	0.01845	0.01801	0.01283	0.00840	0.00702	0.00208	0.00743	0.00640	0.00720	0.05667
2	0.01774	0.01400	0.01535	0.01134	0.01738	0.05683	0.00905	0.02077	0.01584	0.11056	0.01452	0.01585	0.01136	0.00586	0.00559	0.00125	0.00588	0.00462	0.00477	0.64144
3	0.01036	0.00690	0.00777	0.00777	0.00777	0.00690	0.00431	0.01036	0.01036	0.01381	0.02244	0.04660	0.02589	0.74975	0.03624	0.00690	0.00690	0.01036	0.00431	0.00431
4	0.02491	0.01822	0.01983	0.01526	0.02091	0.01946	0.01251	0.51132	0.07835	0.07253	0.01787	0.01780	0.01286	0.00819	0.00688	0.00201	0.00723	0.00626	0.00681	0.12081
5	0.11987	0.55548	0.03141	0.01271	0.01824	0.12673	0.01184	0.02230	0.01499	0.01879	0.01006	0.01165	0.00896	0.00634	0.00482	0.00165	0.00810	0.00393	0.00331	0.00883
6	0.01095	0.00766	0.00867	0.00847	0.00900	0.00780	0.00517	0.01303	0.06954	0.01678	0.09724	0.04561	0.03005	0.60633	0.03073	0.00601	0.00641	0.01043	0.00495	0.00517
7	0.57415	0.01431	0.01256	0.01085	0.01540	0.01621	0.00886	0.07602	0.10138	0.09047	0.01446	0.01500	0.01069	0.00734	0.00522	0.00223	0.00575	0.00487	0.00536	0.00889

[dist]
# distance from previous block
# <min> <max>
0	13

[block]
# block no. 3 follows, 29 sequences, length 20
# corresponding to MSA columns:
# 107-126
name=unknown_D
#
# <colnr> <probs for GDERKNQSTAVLIFYWHMCP>
#	G	D	E	R	K	N	Q	S	T	A	V	L	I	F	Y	W	H	M	C	P
0	0.02640	0.01930	0.02065	0.01591	0.02141	0.02133	0.01312	0.64928	0.03258	0.04399	0.01739	0.01756	0.01241	0.00854	0.00702	0.00211	0.00762	0.00642	0.04513	0.01184
1	0.01017	0.00763	0.01144	0.01144	0.01272	0.00890	0.00890	0.01272	0.01144	0.01653	0.01907	0.02797	0.01780	0.05340	0.72153	0.01144	0.01907	0.00763	0.00381	0.00636
2	0.01147	0.00820	0.01147	0.01311	0.01475	0.00820	0.01147	0.01475	0.01639	0.02131	0.03770	0.08032	0.04098	0.01967	0.00984	0.00328	0.00656	0.65741	0.00656	0.00656
3	0.01812	0.01473	0.13367	0.01278	0.01737	0.01080	0.01189	0.02402	0.09439	0.22720	0.28431	0.03620	0.03653	0.01118	0.00768	0.00229	0.00577	0.03444	0.00717	0.00946
4	0.01187	0.01988	0.30951	0.01379	0.01925	0.01091	0.01507	0.01732	0.01797	0.02599	0.40779	0.03692	0.04238	0.01123	0.00770	0.00225	0.00642	0.00963	0.00578	0.00834
5	0.01762	0.01692	0.02890	0.04371	0.70533	0.01692	0.02185	0.02185	0.01621	0.02326	0.01339	0.01762	0.01128	0.00634	0.00705	0.00211	0.00846	0.00634	0.00352	0.01128
6	0.02660	0.03394	0.02018	0.01834	0.02201	0.72116	0.01376	0.02843	0.02018	0.01743	0.01101	0.01284	0.00917	0.00734	0.00642	0.00183	0.01284	0.00459	0.00367	0.00825
7	0.01435	0.01424	0.02608	0.55190	0.07731	0.01633	0.15925	0.01934	0.01487	0.01941	0.01306	0.01897	0.00985	0.00685	0.00739	0.00237	0.00997	0.00677	0.00327	0.00843
8	0.01762	0.01692	0.02890	0.04371	0.70533	0.01692	0.02185	0.02185	0.01621	0.02326	0.01339	0.01762	0.01128	0.00634	0.00705	0.00211	0.00846	0.00634	0.00352	0.01128
9	0.00868	0.00620	0.00826	0.00991	0.01033	0.00578	0.00661	0.00991	0.01363	0.01818	0.03925	0.74510	0.04710	0.02231	0.00909	0.00289	0.00413	0.02024	0.00661	0.00578
10	0.01610	0.01712	0.03040	0.02351	0.02657	0.02019	0.29780	0.01955	0.01341	0.01955	0.01150	0.01712	0.00997	0.00972	0.01701	0.00281	0.42865	0.00715	0.00332	0.00856
11	0.02261	0.11771	0.19801	0.01805	0.02382	0.43590	0.01675	0.05043	0.01871	0.01967	0.01155	0.01339	0.00924	0.00709	0.00632	0.00192	0.01146	0.00474	0.00356	0.00908
12	0.01681	0.01921	0.04202	0.03001	0.03721	0.01801	0.67947	0.02281	0.01681	0.02281	0.01441	0.01921	0.01080	0.00600	0.00840	0.00240	0.01200	0.00840	0.00360	0.00960
13	0.01035	0.00694	0.00796	0.00796	0.00803	0.00701	0.00456	0.01048	0.01041	0.01395	0.02226	0.04561	0.02546	0.71300	0.07242	0.00714	0.00755	0.01021	0.00429	0.00442
14	0.01862	0.36343	0.21970	0.04270	0.02335	0.15518	0.01649	0.02261	0.01591	0.01897	0.03618	0.01450	0.01124	0.00686	0.00576	0.00184	0.00933	0.00478	0.00333	0.00922
15	0.02661	0.01272	0.01593	0.01286	0.01763	0.01228	0.01034	0.05590	0.17935	0.46911	0.05122	0.02662	0.02054	0.04465	0.00861	0.00248	0.00597	0.00770	0.00813	0.01136
16	0.04560	0.06793	0.58815	0.01877	0.02838	0.01650	0.02343	0.02358	0.01540	0.08790	0.01399	0.01560	0.00979	0.00692	0.00661	0.00221	0.00977	0.00532	0.00361	0.01050
17	0.03195	0.01212	0.01652	0.01267	0.01818	0.01047	0.01047	0.03470	0.02038	0.71026	0.02809	0.02424	0.01763	0.00881	0.00716	0.00220	0.00606	0.00716	0.00881	0.01212
18	0.02657	0.01970	0.02109	0.01628	0.02189	0.02185	0.01341	0.64753	0.06835	0.04408	0.01772	0.01760	0.01262	0.00861	0.00713	0.00215	0.00772	0.00650	0.00713	0.01207
19	0.02539	0.02007	0.01960	0.01589	0.02093	0.11371	0.01278	0.39245	0.17577	0.09927	0.01992	0.01927	0.01435	0.00866	0.00706	0.00216	0.00786	0.00660	0.00684	0.01141

[dist]
# distance from previous block
# <min> <max>
1	8

[block]
# block no. 4 follows, 29 sequences, length 21
# corresponding to MSA columns:
# 135-155
name=unknown_E
#
# <colnr> <probs for GDERKNQSTAVLIFYWHMCP>
#	G	D	E	R	K	N	Q	S	T	A	V	L	I	F	Y	W	H	M	C	P
0	0.29663	0.06307	0.17597	0.01568	0.05974	0.04201	0.01429	0.11382	0.03766	0.06973	0.01456	0.04206	0.01145	0.00770	0.00598	0.00218	0.00751	0.00563	0.00474	0.00957
1	0.06350	0.01867	0.05090	0.06084	0.53775	0.06757	0.02015	0.05386	0.01698	0.02419	0.01315	0.01686	0.01082	0.00658	0.00685	0.00211	0.00868	0.00604	0.00373	0.01076
2	0.01531	0.01255	0.01489	0.01189	0.01661	0.03432	0.03300	0.06768	0.01638	0.04899	0.02020	0.19726	0.01999	0.00999	0.00659	0.00171	0.00572	0.00865	0.00517	0.45310
3	0.00858	0.00722	0.00744	0.00739	0.00972	0.00608	0.00554	0.01054	0.01662	0.02015	0.13408	0.06702	0.63992	0.01769	0.00841	0.00239	0.00358	0.01482	0.00673	0.00608
4	0.01036	0.00690	0.00777	0.00777	0.00777	0.00690	0.00431	0.01036	0.01036	0.01381	0.02244	0.04660	0.02589	0.74975	0.03624	0.00690	0.00690	0.01036	0.00431	0.00431
5	0.01723	0.03884	0.02709	0.12157	0.02842	0.05827	0.22321	0.04016	0.01525	0.06315	0.01442	0.04111	0.01208	0.01153	0.05337	0.00305	0.21127	0.00734	0.00393	0.00870
6	0.80005	0.01377	0.01047	0.00936	0.01377	0.01597	0.00771	0.02093	0.01212	0.03195	0.00991	0.01157	0.00771	0.00661	0.00441	0.00220	0.00551	0.00386	0.00441	0.00771
7	0.00995	0.00727	0.00935	0.00883	0.01056	0.00667	0.00662	0.01320	0.01986	0.02786	0.65436	0.05434	0.11484	0.01482	0.00840	0.00225	0.00338	0.01304	0.00775	0.00667
8	0.02707	0.01995	0.02137	0.01638	0.02208	0.02208	0.01353	0.68159	0.03348	0.04488	0.01710	0.01710	0.01211	0.00855	0.00712	0.00214	0.00784	0.00641	0.00712	0.01211
9	0.00850	0.00722	0.00732	0.00730	0.00967	0.00605	0.00547	0.01037	0.01642	0.01969	0.10255	0.06779	0.67175	0.01787	0.00841	0.00240	0.00359	0.01492	0.00667	0.00605
10	0.01036	0.00690	0.00777	0.00777	0.00777	0.00690	0.00431	0.01036	0.01036	0.01381	0.02244	0.04660	0.02589	0.74975	0.03624	0.00690	0.00690	0.01036	0.00431	0.00431
11	0.01008	0.00728	0.00952	0.00896	0.01064	0.00672	0.00672	0.01344	0.02016	0.02855	0.70158	0.05319	0.06719	0.01456	0.00840	0.00224	0.00336	0.01288	0.00784	0.00672
12	0.01904	0.75404	0.03731	0.01218	0.01828	0.02818	0.01218	0.02132	0.01447	0.01675	0.00990	0.01142	0.00914	0.00609	0.00457	0.00152	0.00761	0.00381	0.00305	0.00914
13	0.80005	0.01377	0.01047	0.00936	0.01377	0.01597	0.00771	0.02093	0.01212	0.03195	0.00991	0.01157	0.00771	0.00661	0.00441	0.00220	0.00551	0.00386	0.00441	0.00771
14	0.01023	0.00706	0.00877	0.00885	0.00921	0.00738	0.00565	0.01096	0.01080	0.01474	0.02235	0.07519	0.02475	0.52943	0.21737	0.00792	0.01001	0.01010	0.00429	0.00493
15	0.01771	0.01530	0.01610	0.01449	0.01852	0.01771	0.01127	0.03784	0.69247	0.02979	0.02898	0.02657	0.02174	0.00966	0.00725	0.00242	0.00564	0.00805	0.00725	0.01127
16	0.01037	0.00798	0.00926	0.00867	0.01088	0.00731	0.00657	0.05058	0.01931	0.02567	0.40398	0.05740	0.32460	0.01564	0.00833	0.00230	0.00372	0.01339	0.00729	0.00674
17	0.01477	0.01266	0.01477	0.01055	0.01687	0.00949	0.00844	0.01793	0.01477	0.02320	0.01266	0.01477	0.01055	0.00527	0.00527	0.00105	0.00527	0.00422	0.00422	0.79328
18	0.02707	0.01995	0.02137	0.01638	0.02208	0.02208	0.01353	0.68159	0.03348	0.04488	0.01710	0.01710	0.01211	0.00855	0.00712	0.00214	0.00784	0.00641	0.00712	0.01211
19	0.02468	0.01994	0.02105	0.01677	0.02134	0.06967	0.01374	0.49456	0.06721	0.03774	0.01614	0.01711	0.01203	0.00915	0.00965	0.00229	0.12319	0.00635	0.00626	0.01111
20	0.01681	0.01921	0.04202	0.03001	0.03721	0.01801	0.67947	0.02281	0.01681	0.02281	0.01441	0.01921	0.01080	0.00600	0.00840	0.00240	0.01200	0.00840	0.00360	0.00960

[dist]
# distance from previous block
# <min> <max>
0	3

[block]
# block no. 5 follows, 29 sequences, length 37
# corresponding to MSA columns:
# 159-195
name=unknown_F
#
# <colnr> <probs for GDERKNQSTAVLIFYWHMCP>
#	G	D	E	R	K	N	Q	S	T	A	V	L	I	F	Y	W	H	M	C	P
0	0.01530	0.06166	0.65489	0.01963	0.02976	0.01667	0.02504	0.02309	0.01527	0.05539	0.01341	0.01534	0.00944	0.00684	0.00670	0.00223	0.01020	0.00530	0.00329	0.01055
1	0.00868	0.00620	0.00826	0.00991	0.01033	0.00578	0.00661	0.00991	0.01363	0.01818	0.03925	0.74510	0.04710	0.02231	0.00909	0.00289	0.00413	0.02024	0.00661	0.00578
2	0.01374	0.01295	0.02188	0.68514	0.09429	0.01590	0.01992	0.01845	0.01437	0.01854	0.01271	0.01889	0.00962	0.00707	0.00711	0.00236	0.00942	0.00633	0.00319	0.00814
3	0.61889	0.01416	0.01320	0.03438	0.01669	0.01589	0.03085	0.06655	0.01461	0.10099	0.01248	0.01372	0.00917	0.00696	0.00509	0.00221	0.00606	0.00459	0.00497	0.00852
4	0.01018	0.00760	0.01129	0.01129	0.01251	0.00882	0.00871	0.01262	0.01140	0.01642	0.01921	0.02873	0.01813	0.08179	0.69360	0.01126	0.01858	0.00774	0.00383	0.00627
5	0.01147	0.00820	0.01147	0.01311	0.01475	0.00820	0.01147	0.01475	0.01639	0.02131	0.03770	0.08032	0.04098	0.01967	0.00984	0.00328	0.00656	0.65741	0.00656	0.00656
6	0.00905	0.00651	0.00866	0.01025	0.01091	0.00612	0.00723	0.01059	0.01410	0.01864	0.04024	0.62979	0.07020	0.02179	0.00917	0.00293	0.00444	0.10689	0.00660	0.00590
7	0.01842	0.01881	0.02694	0.11087	0.54467	0.11305	0.02053	0.02238	0.01655	0.02195	0.01299	0.01711	0.01081	0.00656	0.00697	0.00210	0.00916	0.00610	0.00351	0.01052
8	0.01246	0.01099	0.01583	0.01451	0.01525	0.01436	0.01173	0.01459	0.01122	0.01679	0.01496	0.02273	0.01422	0.03608	0.42615	0.00792	0.32270	0.00704	0.00352	0.00696
9	0.80005	0.01377	0.01047	0.00936	0.01377	0.01597	0.00771	0.02093	0.01212	0.03195	0.00991	0.01157	0.00771	0.00661	0.00441	0.00220	0.00551	0.00386	0.00441	0.00771
10	0.80005	0.01377	0.01047	0.00936	0.01377	0.01597	0.00771	0.02093	0.01212	0.03195	0.00991	0.01157	0.00771	0.00661	0.00441	0.00220	0.00551	0.00386	0.00441	0.00771
11	0.01381	0.01295	0.02093	0.58572	0.04246	0.01653	0.01855	0.01796	0.01369	0.01830	0.01245	0.01866	0.00977	0.00807	0.00983	0.00248	0.13367	0.00632	0.03002	0.00785
12	0.01034	0.00696	0.00803	0.00803	0.00812	0.00705	0.00464	0.01052	0.01043	0.01400	0.02220	0.04527	0.02531	0.70014	0.08507	0.00723	0.00777	0.01016	0.00428	0.00446
13	0.01428	0.03683	0.71286	0.02030	0.03082	0.01654	0.02631	0.02255	0.01503	0.02255	0.01278	0.01503	0.00902	0.00677	0.00677	0.00226	0.01052	0.00526	0.00301	0.01052
14	0.02660	0.03394	0.02018	0.01834	0.02201	0.72116	0.01376	0.02843	0.02018	0.01743	0.01101	0.01284	0.00917	0.00734	0.00642	0.00183	0.01284	0.00459	0.00367	0.00825
15	0.01017	0.00763	0.01144	0.01144	0.01272	0.00890	0.00890	0.01272	0.01144	0.01653	0.01907	0.02797	0.01780	0.05340	0.72153	0.01144	0.01907	0.00763	0.00381	0.00636
16	0.01036	0.00690	0.00777	0.00777	0.00777	0.00690	0.00431	0.01036	0.01036	0.01381	0.02244	0.04660	0.02589	0.74975	0.03624	0.00690	0.00690	0.01036	0.00431	0.00431
17	0.02707	0.01995	0.02137	0.01638	0.02208	0.02208	0.01353	0.68159	0.03348	0.04488	0.01710	0.01710	0.01211	0.00855	0.00712	0.00214	0.00784	0.00641	0.00712	0.01211
18	0.01441	0.01317	0.02136	0.68227	0.04715	0.01626	0.01934	0.06485	0.01559	0.02007	0.01297	0.01885	0.00968	0.00722	0.00712	0.00236	0.00938	0.00633	0.00344	0.00821
19	0.01465	0.01432	0.02212	0.33496	0.03276	0.01858	0.04194	0.01784	0.01274	0.01803	0.01112	0.01719	0.00951	0.00960	0.01498	0.00269	0.36196	0.00628	0.00319	0.03554
20	0.01618	0.01383	0.02017	0.48050	0.03826	0.01676	0.01704	0.13815	0.04136	0.02392	0.01456	0.01922	0.01100	0.00790	0.00804	0.00233	0.05638	0.00642	0.05930	0.00869
21	0.01008	0.00728	0.00952	0.00896	0.01064	0.00672	0.00672	0.01344	0.02016	0.02855	0.70158	0.05319	0.06719	0.01456	0.00840	0.00224	0.00336	0.01288	0.00784	0.00672
22	0.01808	0.01548	0.01631	0.01457	0.01866	0.01788	0.01136	0.06321	0.66650	0.03038	0.02851	0.02619	0.02136	0.00962	0.00724	0.00240	0.00572	0.00799	0.00724	0.01130
23	0.01558	0.01558	0.02181	0.01869	0.01869	0.02181	0.01558	0.01714	0.01091	0.01714	0.00935	0.01558	0.00935	0.01246	0.02337	0.00312	0.73672	0.00623	0.00312	0.00779
24	0.00842	0.00721	0.00721	0.00721	0.00962	0.00601	0.00541	0.01022	0.01623	0.01924	0.07213	0.06853	0.70244	0.01803	0.00842	0.00240	0.00361	0.01503	0.00661	0.00601
25	0.00842	0.00721	0.00721	0.00721	0.00962	0.00601	0.00541	0.01022	0.01623	0.01924	0.07213	0.06853	0.70244	0.01803	0.00842	0.00240	0.00361	0.01503	0.00661	0.00601
26	0.01327	0.00664	0.00664	0.00664	0.00830	0.00664	0.00498	0.01659	0.01493	0.02655	0.02323	0.02655	0.01825	0.00830	0.00498	0.00166	0.00332	0.00664	0.78928	0.00664
27	0.02576	0.01899	0.02030	0.01579	0.02117	0.02104	0.01297	0.60542	0.07785	0.04296	0.01821	0.01820	0.01307	0.00861	0.00703	0.00213	0.00747	0.00653	0.04472	0.01179
28	0.02589	0.03290	0.01967	0.01791	0.02153	0.69335	0.01343	0.02773	0.02003	0.01750	0.01338	0.01501	0.03613	0.00775	0.00650	0.00186	0.01248	0.00499	0.00378	0.00817
29	0.00868	0.00620	0.00826	0.00991	0.01033	0.00578	0.00661	0.00991	0.01363	0.01818	0.03925	0.74510	0.04710	0.02231	0.00909	0.00289	0.00413	0.02024	0.00661	0.00578
30	0.01563	0.01317	0.01523	0.01096	0.01724	0.01038	0.00880	0.06460	0.01608	0.02473	0.01297	0.01493	0.01066	0.00550	0.00540	0.00113	0.00545	0.00437	0.00442	0.73835
31	0.01893	0.61219	0.06140	0.01429	0.02027	0.06008	0.05984	0.02165	0.01479	0.01744	0.01036	0.01233	0.00926	0.00642	0.00574	0.00169	0.03674	0.00432	0.00312	0.00913
32	0.02707	0.01995	0.02137	0.01638	0.02208	0.02208	0.01353	0.68159	0.03348	0.04488	0.01710	0.01710	0.01211	0.00855	0.00712	0.00214	0.00784	0.00641	0.00712	0.01211
33	0.01762	0.01692	0.02890	0.04371	0.70533	0.01692	0.02185	0.02185	0.01621	0.02326	0.01339	0.01762	0.01128	0.00634	0.00705	0.00211	0.00846	0.00634	0.00352	0.01128
34	0.00938	0.00721	0.00863	0.00867	0.01050	0.00645	0.00653	0.01191	0.01769	0.02335	0.34171	0.13226	0.31057	0.01707	0.00858	0.00244	0.00376	0.05980	0.00714	0.00634
35	0.01762	0.01692	0.02890	0.04371	0.70533	0.01692	0.02185	0.02185	0.01621	0.02326	0.01339	0.01762	0.01128	0.00634	0.00705	0.00211	0.00846	0.00634	0.00352	0.01128
36	0.02660	0.03394	0.02018	0.01834	0.02201	0.72116	0.01376	0.02843	0.02018	0.01743	0.01101	0.01284	0.00917	0.00734	0.00642	0.00183	0.01284	0.00459	0.00367	0.00825

[dist]
# distance from previous block
# <min> <max>
0	1

[block]
# block no. 6 follows, 29 sequences, length 37
# corresponding to MSA columns:
# 197-233
name=unknown_G
#
# <colnr> <probs for GDERKNQSTAVLIFYWHMCP>
#	G	D	E	R	K	N	Q	S	T	A	V	L	I	F	Y	W	H	M	C	P
0	0.00876	0.00628	0.00819	0.00969	0.01016	0.00585	0.00643	0.00995	0.01356	0.01798	0.03968	0.67886	0.07302	0.06200	0.01055	0.00309	0.00426	0.01949	0.00648	0.00571
1	0.01345	0.01266	0.02136	0.73264	0.04904	0.01582	0.01978	0.01819	0.01424	0.01819	0.01266	0.01898	0.00949	0.00712	0.00712	0.00237	0.00949	0.00633	0.00316	0.00791
2	0.02798	0.01775	0.01993	0.01536	0.02094	0.01892	0.01266	0.49100	0.05426	0.21608	0.02037	0.01929	0.01389	0.00866	0.00714	0.00216	0.00730	0.00666	0.00756	0.01208
3	0.01036	0.00690	0.00777	0.00777	0.00777	0.00690	0.00431	0.01036	0.01036	0.01381	0.02244	0.04660	0.02589	0.74975	0.03624	0.00690	0.00690	0.01036	0.00431	0.00431
4	0.02707	0.01995	0.02137	0.01638	0.02208	0.02208	0.01353	0.68159	0.03348	0.04488	0.01710	0.01710	0.01211	0.00855	0.00712	0.00214	0.00784	0.00641	0.00712	0.01211
5	0.25772	0.01355	0.01722	0.28416	0.04847	0.01521	0.01369	0.07235	0.01641	0.17372	0.01550	0.01768	0.01095	0.00741	0.00630	0.00226	0.00739	0.00576	0.00507	0.00917
6	0.80005	0.01377	0.01047	0.00936	0.01377	0.01597	0.00771	0.02093	0.01212	0.03195	0.00991	0.01157	0.00771	0.00661	0.00441	0.00220	0.00551	0.00386	0.00441	0.00771
7	0.00868	0.00620	0.00826	0.00991	0.01033	0.00578	0.00661	0.00991	0.01363	0.01818	0.03925	0.74510	0.04710	0.02231	0.00909	0.00289	0.00413	0.02024	0.00661	0.00578
8	0.01477	0.01266	0.01477	0.01055	0.01687	0.00949	0.00844	0.01793	0.01477	0.02320	0.01266	0.01477	0.01055	0.00527	0.00527	0.00105	0.00527	0.00422	0.00422	0.79328
9	0.01008	0.00728	0.00952	0.00896	0.01064	0.00672	0.00672	0.01344	0.02016	0.02855	0.70158	0.05319	0.06719	0.01456	0.00840	0.00224	0.00336	0.01288	0.00784	0.00672
10	0.01000	0.00721	0.00944	0.00901	0.01062	0.00666	0.00671	0.01323	0.01977	0.02794	0.66246	0.09405	0.06600	0.01502	0.00844	0.00228	0.00340	0.01331	0.00777	0.00666
11	0.01730	0.01659	0.02832	0.09712	0.65445	0.01683	0.02169	0.02157	0.01606	0.02287	0.01334	0.01773	0.01114	0.00640	0.00705	0.00213	0.00854	0.00634	0.00350	0.01102
12	0.01540	0.01264	0.01483	0.01062	0.01692	0.00953	0.00851	0.01855	0.01497	0.04846	0.01322	0.01511	0.01081	0.00540	0.00534	0.00110	0.00530	0.00433	0.00439	0.76456
13	0.02002	0.01574	0.01700	0.01568	0.04703	0.04303	0.01182	0.10085	0.46363	0.10015	0.02691	0.04693	0.02072	0.00989	0.00731	0.00237	0.00627	0.02655	0.00707	0.01104
14	0.01237	0.00618	0.00928	0.00928	0.00928	0.00618	0.00618	0.00928	0.00928	0.01237	0.01237	0.02165	0.01237	0.02474	0.02783	0.79283	0.00618	0.00618	0.00309	0.00309
15	0.00907	0.00720	0.00814	0.00799	0.01004	0.00627	0.00596	0.01145	0.01764	0.02279	0.31350	0.08979	0.43118	0.01687	0.00844	0.00236	0.00353	0.01441	0.00709	0.00627
16	0.00908	0.00651	0.00862	0.00964	0.01042	0.00605	0.00664	0.01092	0.01550	0.02115	0.22895	0.54692	0.05285	0.02009	0.00889	0.00271	0.00391	0.01813	0.00696	0.00605
17	0.01904	0.75404	0.03731	0.01218	0.01828	0.02818	0.01218	0.02132	0.01447	0.01675	0.00990	0.01142	0.00914	0.00609	0.00457	0.00152	0.00761	0.00381	0.00305	0.00914
18	0.02573	0.01866	0.01995	0.01544	0.02075	0.02059	0.01271	0.61729	0.03169	0.04310	0.01769	0.01801	0.01270	0.00852	0.00692	0.00209	0.00740	0.00643	0.08276	0.01158
19	0.00965	0.00722	0.00896	0.00861	0.01040	0.00652	0.00643	0.01258	0.01902	0.02607	0.53510	0.08519	0.20673	0.01565	0.00843	0.00230	0.00345	0.01366	0.00752	0.00652
20	0.02855	0.01296	0.01658	0.01291	0.01801	0.01211	0.01058	0.14809	0.02270	0.51238	0.10390	0.02630	0.02236	0.00943	0.00730	0.00220	0.00607	0.00769	0.00840	0.01149
21	0.03052	0.01275	0.01675	0.01291	0.01828	0.01155	0.01064	0.10271	0.02177	0.61123	0.05476	0.02467	0.01909	0.00902	0.00721	0.00220	0.00614	0.00732	0.00859	0.01189
22	0.06869	0.06256	0.02040	0.01753	0.02141	0.63142	0.01335	0.04834	0.01992	0.01906	0.01109	0.01285	0.00918	0.00728	0.00625	0.00185	0.01206	0.00457	0.00379	0.00838
23	0.01639	0.01566	0.02667	0.24760	0.51110	0.01659	0.02124	0.02077	0.01563	0.02176	0.01318	0.01803	0.01075	0.00657	0.00707	0.00219	0.00877	0.00634	0.00342	0.01028
24	0.00874	0.00630	0.00828	0.00974	0.01031	0.00585	0.00656	0.01012	0.01411	0.01879	0.07701	0.67711	0.07732	0.02169	0.00902	0.00283	0.00407	0.01961	0.00668	0.00585
25	0.00868	0.00620	0.00826	0.00991	0.01033	0.00578	0.00661	0.00991	0.01363	0.01818	0.03925	0.74510	0.04710	0.02231	0.00909	0.00289	0.00413	0.02024	0.00661	0.00578
26	0.14446	0.02120	0.01908	0.01552	0.02052	0.14864	0.01251	0.41167	0.07842	0.03672	0.01580	0.01620	0.01164	0.00812	0.00659	0.00211	0.00823	0.00581	0.00609	0.01067
27	0.01237	0.00618	0.00928	0.00928	0.00928	0.00618	0.00618	0.00928	0.00928	0.01237	0.01237	0.02165	0.01237	0.02474	0.02783	0.79283	0.00618	0.00618	0.00309	0.00309
28	0.01113	0.00792	0.01033	0.00961	0.01134	0.00768	0.00731	0.01417	0.01909	0.05479	0.56425	0.07940	0.10273	0.01475	0.00926	0.00233	0.04683	0.01270	0.00747	0.00692
29	0.01549	0.01309	0.01516	0.01089	0.01718	0.01024	0.00874	0.05713	0.01587	0.02448	0.01292	0.01490	0.01064	0.00547	0.00538	0.00112	0.00542	0.00435	0.00439	0.74715
30	0.01017	0.00763	0.01144	0.01144	0.01272	0.00890	0.00890	0.01272	0.01144	0.01653	0.01907	0.02797	0.01780	0.05340	0.72153	0.01144	0.01907	0.00763	0.00381	0.00636
31	0.01669	0.01999	0.07183	0.02958	0.03693	0.01794	0.65044	0.02280	0.01673	0.02280	0.01433	0.01902	0.01073	0.00604	0.00833	0.00239	0.01194	0.00826	0.00358	0.00964
32	0.00868	0.00620	0.00826	0.00991	0.01033	0.00578	0.00661	0.00991	0.01363	0.01818	0.03925	0.74510	0.04710	0.02231	0.00909	0.00289	0.00413	0.02024	0.00661	0.00578
33	0.01835	0.56372	0.18444	0.01424	0.02120	0.05765	0.01535	0.02192	0.01486	0.01805	0.01058	0.01228	0.00911	0.00630	0.00514	0.00170	0.00849	0.00416	0.00307	0.00940
34	0.01681	0.01921	0.04202	0.03001	0.03721	0.01801	0.67947	0.02281	0.01681	0.02281	0.01441	0.01921	0.01080	0.00600	0.00840	0.00240	0.01200	0.00840	0.00360	0.00960
35	0.00870	0.00634	0.00820	0.00961	0.01027	0.00584	0.00649	0.01008	0.01414	0.01867	0.06730	0.65096	0.11400	0.02159	0.00899	0.00282	0.00405	0.01944	0.00666	0.00584
36	0.09601	0.01579	0.01649	0.01322	0.01827	0.11995	0.01067	0.05785	0.01997	0.47361	0.04287	0.02163	0.01647	0.00843	0.00678	0.00210	0.00701	0.00651	0.00738	0.03898

[dist]
# distance from previous block
# <min> <max>
1	4

[block]
# block no. 7 follows, 29 sequences, length 12
# corresponding to MSA columns:
# 238-249
name=unknown_H
#
# <colnr> <probs for GDERKNQSTAVLIFYWHMCP>
#	G	D	E	R	K	N	Q	S	T	A	V	L	I	F	Y	W	H	M	C	P
0	0.06149	0.02885	0.02081	0.01946	0.06059	0.52069	0.04800	0.02862	0.10593	0.02032	0.01358	0.01515	0.01092	0.00748	0.00657	0.00197	0.01127	0.00529	0.00415	0.00886
1	0.01681	0.01921	0.04202	0.03001	0.03721	0.01801	0.67947	0.02281	0.01681	0.02281	0.01441	0.01921	0.01080	0.00600	0.00840	0.00240	0.01200	0.00840	0.00360	0.00960
2	0.01669	0.01380	0.01580	0.01146	0.01769	0.01146	0.00923	0.12177	0.01769	0.02659	0.01335	0.01513	0.01079	0.00579	0.00556	0.00122	0.00567	0.00456	0.00467	0.67105
3	0.01713	0.01629	0.02707	0.12422	0.57683	0.01684	0.02084	0.02257	0.06500	0.02313	0.01444	0.01844	0.01182	0.00668	0.00707	0.00217	0.00838	0.00647	0.00375	0.01087
4	0.00896	0.00640	0.00856	0.01006	0.01064	0.00601	0.00694	0.01048	0.01427	0.01911	0.08575	0.65304	0.04811	0.02159	0.00909	0.00287	0.00424	0.06130	0.00669	0.00590
5	0.02707	0.01995	0.02137	0.01638	0.02208	0.02208	0.01353	0.68159	0.03348	0.04488	0.01710	0.01710	0.01211	0.00855	0.00712	0.00214	0.00784	0.00641	0.00712	0.01211
6	0.02694	0.08318	0.04969	0.01347	0.01897	0.01428	0.01161	0.05859	0.15381	0.45386	0.02547	0.02282	0.01706	0.00863	0.00692	0.00218	0.00639	0.00691	0.00764	0.01160
7	0.01036	0.00690	0.00777	0.00777	0.00777	0.00690	0.00431	0.01036	0.01036	0.01381	0.02244	0.04660	0.02589	0.74975	0.03624	0.00690	0.00690	0.01036	0.00431	0.00431
8	0.01023	0.00685	0.00780	0.00793	0.00796	0.00682	0.00449	0.01032	0.01060	0.01414	0.02371	0.09967	0.02750	0.69448	0.03418	0.00660	0.00669	0.01111	0.00449	0.00443
9	0.02377	0.06996	0.01781	0.01319	0.01802	0.01495	0.01076	0.11872	0.20577	0.29051	0.02516	0.05981	0.01858	0.00932	0.00692	0.00216	0.00607	0.00757	0.03238	0.04857
10	0.01774	0.01333	0.01651	0.01584	0.09343	0.01280	0.01116	0.14700	0.06926	0.07502	0.02138	0.09348	0.01952	0.05169	0.00866	0.00228	0.00631	0.07112	0.00571	0.24776
11	0.04788	0.01782	0.02631	0.20529	0.39661	0.09513	0.06617	0.02173	0.01606	0.02169	0.01289	0.01730	0.01044	0.00663	0.00699	0.00217	0.00933	0.00619	0.00349	0.00987

[dist]
# distance from previous block
# <min> <max>
0	1

[block]
# block no. 8 follows, 29 sequences, length 6
# corresponding to MSA columns:
# 251-256
name=unknown_I
#
# <colnr> <probs for GDERKNQSTAVLIFYWHMCP>
#	G	D	E	R	K	N	Q	S	T	A	V	L	I	F	Y	W	H	M	C	P
0	0.09505	0.07792	0.01900	0.05163	0.07180	0.05797	0.01234	0.15945	0.01849	0.02553	0.02603	0.02742	0.16829	0.01074	0.00995	0.00233	0.14460	0.00776	0.00496	0.00872
1	0.06197	0.01222	0.01497	0.01386	0.06488	0.01154	0.00996	0.10610	0.01769	0.12389	0.02459	0.18785	0.05728	0.01121	0.00749	0.00207	0.02876	0.00940	0.00587	0.22839
2	0.01605	0.08658	0.01480	0.01134	0.01442	0.05315	0.00897	0.04055	0.13915	0.09434	0.20757	0.07336	0.08681	0.04688	0.00877	0.00245	0.00551	0.03739	0.04355	0.00835
3	0.02173	0.05926	0.01888	0.01377	0.01889	0.04996	0.01124	0.33965	0.02447	0.06716	0.06641	0.02037	0.01641	0.03256	0.03399	0.00235	0.00746	0.00637	0.00601	0.18306
4	0.04073	0.14748	0.30411	0.04686	0.04741	0.05271	0.09696	0.02163	0.01529	0.02177	0.01281	0.01546	0.00991	0.00649	0.00627	0.00197	0.00914	0.00534	0.04037	0.09731
5	0.10126	0.36786	0.02592	0.01424	0.05096	0.10803	0.01185	0.05820	0.01657	0.02151	0.05449	0.04999	0.01704	0.00882	0.00593	0.00195	0.00761	0.06486	0.00426	0.00864

[dist]
# distance from previous block
# <min> <max>
10	31

[block]
# block no. 9 follows, 29 sequences, length 15
# corresponding to MSA columns:
# 288-302
name=unknown_J
#
# <colnr> <probs for GDERKNQSTAVLIFYWHMCP>
#	G	D	E	R	K	N	Q	S	T	A	V	L	I	F	Y	W	H	M	C	P
0	0.08452	0.11343	0.38057	0.09007	0.05717	0.01730	0.03810	0.04358	0.01535	0.02279	0.01535	0.04297	0.03407	0.00767	0.00654	0.00220	0.00903	0.00611	0.00358	0.00959
1	0.04387	0.05861	0.14108	0.01226	0.01663	0.01090	0.01162	0.02016	0.01799	0.17199	0.28849	0.09270	0.03781	0.01192	0.00757	0.00228	0.00575	0.03308	0.00661	0.00867
2	0.29907	0.10207	0.09475	0.01259	0.01715	0.12713	0.01127	0.04634	0.01502	0.05062	0.01306	0.03228	0.01080	0.00917	0.00776	0.08294	0.00750	0.00513	0.04734	0.00803
3	0.01665	0.11676	0.24725	0.06007	0.07515	0.04354	0.14157	0.02192	0.01627	0.06314	0.08921	0.02043	0.01648	0.00772	0.00758	0.00219	0.03365	0.00675	0.00408	0.00958
4	0.02130	0.01593	0.01763	0.01423	0.01878	0.01706	0.01149	0.42241	0.06443	0.03624	0.06792	0.06623	0.02032	0.03648	0.03345	0.00264	0.00725	0.03582	0.00664	0.08376
5	0.01691	0.01495	0.10768	0.05354	0.01908	0.01259	0.01212	0.12291	0.09751	0.11343	0.14334	0.10157	0.07680	0.03973	0.00879	0.00254	0.00631	0.03463	0.00649	0.00910
6	0.07036	0.03171	0.55510	0.02189	0.10926	0.01618	0.02372	0.02201	0.01516	0.02353	0.03842	0.01652	0.01137	0.00700	0.00669	0.00223	0.00965	0.00558	0.00335	0.01027
7	0.01689	0.14983	0.06100	0.04268	0.04591	0.01670	0.05264	0.05742	0.01505	0.07328	0.01494	0.01889	0.01242	0.01645	0.13475	0.02801	0.12371	0.00608	0.04956	0.06381
8	0.08429	0.01399	0.04190	0.27686	0.02879	0.01502	0.01400	0.11056	0.11958	0.02562	0.04510	0.11183	0.01854	0.00974	0.00708	0.00231	0.00722	0.00823	0.00510	0.05425
9	0.07933	0.16111	0.14347	0.10242	0.14508	0.01732	0.01627	0.05843	0.01591	0.07113	0.01526	0.04373	0.01291	0.00892	0.00773	0.04863	0.00798	0.03091	0.00415	0.00932
10	0.01640	0.02079	0.12938	0.06642	0.05167	0.05725	0.31756	0.02146	0.01561	0.02161	0.01302	0.01714	0.01019	0.00690	0.00920	0.00223	0.09329	0.00671	0.00352	0.11967
11	0.01416	0.00974	0.01077	0.00983	0.01249	0.00969	0.00764	0.12528	0.04493	0.05210	0.11680	0.06358	0.23470	0.05766	0.00926	0.00254	0.00482	0.05675	0.14967	0.00758
12	0.06736	0.16858	0.02255	0.05761	0.02110	0.08880	0.01274	0.21358	0.09296	0.08456	0.03915	0.01802	0.01395	0.00835	0.00759	0.00211	0.05950	0.00599	0.00545	0.01004
13	0.13884	0.09849	0.12502	0.05743	0.06047	0.03196	0.03883	0.06720	0.01669	0.07870	0.05802	0.09402	0.04453	0.00972	0.00675	0.00222	0.00724	0.02859	0.00497	0.03034
14	0.09083	0.08066	0.44655	0.01893	0.02737	0.01662	0.10075	0.02215	0.01508	0.05250	0.01465	0.05643	0.01163	0.00757	0.00673	0.00225	0.00946	0.00633	0.00367	0.00985

[dist]
# distance from previous block
# <min> <max>
0	85

[block]
# block no. 10 follows, 29 sequences, length 6
# corresponding to MSA columns:
# 393-398
name=unknown_K
#
# <colnr> <probs for GDERKNQSTAVLIFYWHMCP>
#	G	D	E	R	K	N	Q	S	T	A	V	L	I	F	Y	W	H	M	C	P
0	0.07057	0.08227	0.18387	0.01519	0.02032	0.12151	0.01438	0.16497	0.01878	0.02519	0.01661	0.08633	0.01529	0.10161	0.01081	0.00277	0.02872	0.00725	0.00461	0.00894
1	0.04524	0.09043	0.34588	0.08694	0.05806	0.01698	0.01935	0.10817	0.01717	0.02459	0.01540	0.08152	0.01305	0.00830	0.00673	0.00219	0.00874	0.00670	0.00402	0.04053
2	0.01596	0.01365	0.05819	0.01558	0.07818	0.04923	0.01145	0.07635	0.01706	0.09804	0.06230	0.29357	0.04821	0.01409	0.00915	0.00245	0.06666	0.01196	0.00588	0.05204
3	0.01520	0.01808	0.11267	0.02396	0.12511	0.01445	0.28270	0.01994	0.01551	0.02191	0.01755	0.02276	0.04892	0.07407	0.00995	0.00250	0.00915	0.00748	0.00386	0.15424
4	0.02032	0.04596	0.01743	0.01341	0.01781	0.01623	0.01089	0.35316	0.05334	0.06135	0.08453	0.06430	0.08226	0.01391	0.06276	0.00286	0.00741	0.00844	0.00658	0.05705
5	0.07151	0.01864	0.01795	0.01478	0.01927	0.10444	0.01188	0.38023	0.09768	0.03515	0.01783	0.01895	0.01349	0.01236	0.07012	0.00292	0.00871	0.00633	0.06742	0.01034

[dist]
# distance from previous block
# <min> <max>
14	31

[block]
# block no. 11 follows, 29 sequences, length 17
# corresponding to MSA columns:
# 430-446
name=unknown_L
#
# <colnr> <probs for GDERKNQSTAVLIFYWHMCP>
#	G	D	E	R	K	N	Q	S	T	A	V	L	I	F	Y	W	H	M	C	P
0	0.01551	0.01550	0.02852	0.13827	0.11681	0.01589	0.27963	0.04113	0.01597	0.02194	0.01696	0.07999	0.01529	0.00893	0.00919	0.00242	0.07020	0.04773	0.00405	0.05606
1	0.10662	0.01373	0.02046	0.21210	0.07245	0.01529	0.11296	0.09513	0.01667	0.02565	0.01530	0.01932	0.01183	0.00759	0.00751	0.00220	0.05223	0.00643	0.17797	0.00855
2	0.01558	0.01558	0.02181	0.01869	0.01869	0.02181	0.01558	0.01714	0.01091	0.01714	0.00935	0.01558	0.00935	0.01246	0.02337	0.00312	0.73672	0.00623	0.00312	0.00779
3	0.02734	0.01952	0.02110	0.01618	0.02187	0.02144	0.01337	0.64604	0.03276	0.08144	0.01770	0.01749	0.01241	0.00856	0.00713	0.00214	0.00774	0.00645	0.00722	0.01211
4	0.01771	0.01530	0.01610	0.01449	0.01852	0.01771	0.01127	0.03784	0.69247	0.02979	0.02898	0.02657	0.02174	0.00966	0.00725	0.00242	0.00564	0.00805	0.00725	0.01127
5	0.01150	0.00770	0.00963	0.01018	0.01149	0.00734	0.00714	0.05978	0.01579	0.06245	0.06166	0.53556	0.10170	0.05008	0.00987	0.00290	0.00456	0.01732	0.00673	0.00661
6	0.16353	0.02365	0.32734	0.01513	0.02167	0.04116	0.01652	0.05756	0.01662	0.05456	0.12090	0.07305	0.02099	0.00926	0.00676	0.00226	0.00777	0.00736	0.00477	0.00914
7	0.01964	0.69656	0.03595	0.01268	0.01857	0.08349	0.01231	0.02189	0.01492	0.01681	0.00999	0.01154	0.00914	0.00619	0.00472	0.00155	0.00803	0.00387	0.00310	0.00907
8	0.01760	0.01257	0.01506	0.01090	0.01709	0.00965	0.00877	0.02070	0.01569	0.13670	0.01521	0.01633	0.01172	0.00586	0.00559	0.00124	0.00540	0.00470	0.00498	0.66423
9	0.02602	0.09056	0.02162	0.01773	0.02172	0.62334	0.01362	0.06759	0.02053	0.01904	0.01129	0.01299	0.00935	0.00731	0.00632	0.00183	0.01212	0.00463	0.00383	0.00856
10	0.01036	0.00690	0.00777	0.00777	0.00777	0.00690	0.00431	0.01036	0.01036	0.01381	0.02244	0.04660	0.02589	0.74975	0.03624	0.00690	0.00690	0.01036	0.00431	0.00431
11	0.01008	0.00728	0.00952	0.00896	0.01064	0.00672	0.00672	0.01344	0.02016	0.02855	0.70158	0.05319	0.06719	0.01456	0.00840	0.00224	0.00336	0.01288	0.00784	0.00672
12	0.01428	0.03683	0.71286	0.02030	0.03082	0.01654	0.02631	0.02255	0.01503	0.02255	0.01278	0.01503	0.00902	0.00677	0.00677	0.00226	0.01052	0.00526	0.00301	0.01052
13	0.02596	0.03260	0.01989	0.01807	0.02176	0.67069	0.01358	0.02911	0.06842	0.01831	0.01230	0.01383	0.01007	0.00750	0.00648	0.00188	0.01232	0.00483	0.00393	0.00847
14	0.01017	0.00763	0.01144	0.01144	0.01272	0.00890	0.00890	0.01272	0.01144	0.01653	0.01907	0.02797	0.01780	0.05340	0.72153	0.01144	0.01907	0.00763	0.00381	0.00636
15	0.01036	0.00690	0.00777	0.00777	0.00777	0.00690	0.00431	0.01036	0.01036	0.01381	0.02244	0.04660	0.02589	0.74975	0.03624	0.00690	0.00690	0.01036	0.00431	0.00431
16	0.01762	0.01692	0.02890	0.04371	0.70533	0.01692	0.02185	0.02185	0.01621	0.02326	0.01339	0.01762	0.01128	0.00634	0.00705	0.00211	0.00846	0.00634	0.00352	0.01128

[dist]
# distance from previous block
# <min> <max>
0	56

[block]
# block no. 12 follows, 29 sequences, length 22
# corresponding to MSA columns:
# 503-524
name=unknown_M
#
# <colnr> <probs for GDERKNQSTAVLIFYWHMCP>
#	G	D	E	R	K	N	Q	S	T	A	V	L	I	F	Y	W	H	M	C	P
0	0.02340	0.02388	0.02092	0.01879	0.05653	0.29576	0.01424	0.23206	0.02200	0.02633	0.01311	0.01566	0.01064	0.01077	0.04278	0.00263	0.15067	0.00571	0.00466	0.00946
1	0.02707	0.01995	0.02137	0.01638	0.02208	0.02208	0.01353	0.68159	0.03348	0.04488	0.01710	0.01710	0.01211	0.00855	0.00712	0.00214	0.00784	0.00641	0.00712	0.01211
2	0.01345	0.01266	0.02136	0.73264	0.04904	0.01582	0.01978	0.01819	0.01424	0.01819	0.01266	0.01898	0.00949	0.00712	0.00712	0.00237	0.00949	0.00633	0.00316	0.00791
3	0.00868	0.00620	0.00826	0.00991	0.01033	0.00578	0.00661	0.00991	0.01363	0.01818	0.03925	0.74510	0.04710	0.02231	0.00909	0.00289	0.00413	0.02024	0.00661	0.00578
4	0.01558	0.01558	0.02181	0.01869	0.01869	0.02181	0.01558	0.01714	0.01091	0.01714	0.00935	0.01558	0.00935	0.01246	0.02337	0.00312	0.73672	0.00623	0.00312	0.00779
5	0.01036	0.00690	0.00777	0.00777	0.00777	0.00690	0.00431	0.01036	0.01036	0.01381	0.02244	0.04660	0.02589	0.74975	0.03624	0.00690	0.00690	0.01036	0.00431	0.00431
6	0.00842	0.00721	0.00721	0.00721	0.00962	0.00601	0.00541	0.01022	0.01623	0.01924	0.07213	0.06853	0.70244	0.01803	0.00842	0.00240	0.00361	0.01503	0.00661	0.00601
7	0.80005	0.01377	0.01047	0.00936	0.01377	0.01597	0.00771	0.02093	0.01212	0.03195	0.00991	0.01157	0.00771	0.00661	0.00441	0.00220	0.00551	0.00386	0.00441	0.00771
8	0.01771	0.01530	0.01610	0.01449	0.01852	0.01771	0.01127	0.03784	0.69247	0.02979	0.02898	0.02657	0.02174	0.00966	0.00725	0.00242	0.00564	0.00805	0.00725	0.01127
9	0.01237	0.00618	0.00928	0.00928	0.00928	0.00618	0.00618	0.00928	0.00928	0.01237	0.01237	0.02165	0.01237	0.02474	0.02783	0.79283	0.00618	0.00618	0.00309	0.00309
10	0.01345	0.01266	0.02136	0.73264	0.04904	0.01582	0.01978	0.01819	0.01424	0.01819	0.01266	0.01898	0.00949	0.00712	0.00712	0.00237	0.00949	0.00633	0.00316	0.00791
11	0.02611	0.03250	0.02030	0.01828	0.02186	0.65930	0.01383	0.05549	0.02031	0.01857	0.01119	0.01315	0.00930	0.00763	0.00723	0.00191	0.04610	0.00474	0.00379	0.00840
12	0.01345	0.01266	0.02136	0.73264	0.04904	0.01582	0.01978	0.01819	0.01424	0.01819	0.01266	0.01898	0.00949	0.00712	0.00712	0.00237	0.00949	0.00633	0.00316	0.00791
13	0.01017	0.00763	0.01144	0.01144	0.01272	0.00890	0.00890	0.01272	0.01144	0.01653	0.01907	0.02797	0.01780	0.05340	0.72153	0.01144	0.01907	0.00763	0.00381	0.00636
14	0.01342	0.01243	0.02114	0.63059	0.04480	0.01515	0.04885	0.01805	0.01424	0.01869	0.01354	0.01980	0.01037	0.00953	0.04426	0.00281	0.00983	0.00650	0.03814	0.00785
15	0.01829	0.01817	0.02826	0.04184	0.65495	0.06885	0.02126	0.02234	0.01651	0.02283	0.01322	0.01727	0.01112	0.00642	0.00700	0.00209	0.00878	0.00621	0.00354	0.01106
16	0.01337	0.01268	0.02184	0.64906	0.04611	0.01537	0.05849	0.01799	0.01436	0.01847	0.01429	0.06073	0.01173	0.00793	0.00731	0.00240	0.00933	0.00725	0.00339	0.00789
17	0.01036	0.00690	0.00777	0.00777	0.00777	0.00690	0.00431	0.01036	0.01036	0.01381	0.02244	0.04660	0.02589	0.74975	0.03624	0.00690	0.00690	0.01036	0.00431	0.00431
18	0.01694	0.01348	0.01624	0.01231	0.01735	0.01248	0.00999	0.07672	0.01613	0.06538	0.01387	0.01613	0.01122	0.00703	0.00839	0.00157	0.12098	0.00500	0.03579	0.52298
19	0.14452	0.01654	0.01703	0.12219	0.02251	0.08716	0.01221	0.21940	0.04131	0.08982	0.02012	0.02130	0.06274	0.00880	0.00724	0.00220	0.03640	0.00657	0.05251	0.00942
20	0.01893	0.01401	0.01561	0.01333	0.01701	0.01488	0.01040	0.34787	0.06268	0.03280	0.02535	0.26867	0.02484	0.01314	0.00762	0.00233	0.00611	0.01114	0.03440	0.05888
21	0.02172	0.01587	0.01769	0.01394	0.01890	0.01650	0.01122	0.37648	0.06525	0.06999	0.01886	0.05316	0.01521	0.04411	0.04920	0.00272	0.00753	0.00699	0.00630	0.16836

[dist]
# distance from previous block
# <min> <max>
0	1

[block]
# block no. 13 follows, 29 sequences, length 7
# corresponding to MSA columns:
# 526-532
name=unknown_N
#
# <colnr> <probs for GDERKNQSTAVLIFYWHMCP>
#	G	D	E	R	K	N	Q	S	T	A	V	L	I	F	Y	W	H	M	C	P
0	0.50285	0.06414	0.08354	0.01422	0.05742	0.01646	0.06097	0.02105	0.01336	0.02813	0.01096	0.01309	0.00861	0.00642	0.00517	0.00208	0.00676	0.00450	0.00406	0.07622
1	0.01280	0.00928	0.01058	0.00989	0.01145	0.00954	0.00689	0.11276	0.04844	0.02211	0.10889	0.12906	0.08951	0.33319	0.05069	0.00473	0.00645	0.01146	0.00575	0.00652
2	0.01739	0.08946	0.04563	0.14641	0.31438	0.06215	0.01752	0.06636	0.05996	0.02292	0.01907	0.02178	0.07094	0.00789	0.00690	0.00213	0.00825	0.00681	0.00416	0.00989
3	0.05493	0.01419	0.01454	0.05550	0.05989	0.10293	0.01045	0.11795	0.01749	0.02575	0.01682	0.02033	0.01348	0.00961	0.00912	0.06540	0.06915	0.00610	0.30846	0.00790
4	0.05263	0.01460	0.05630	0.11881	0.05152	0.01443	0.01288	0.10405	0.18120	0.12295	0.07063	0.03056	0.09651	0.01019	0.00733	0.00233	0.00657	0.03046	0.00627	0.00976
