[name]
unknown

[dist]
# distance from previous block
# <min> <max>
0	16

[block]
# block no. 0 follows, 27 sequences, length 30
# corresponding to MSA columns:
# 16-45
name=unknown_A
#
# <colnr> <probs for GDERKNQSTAVLIFYWHMCP>
#	G	D	E	R	K	N	Q	S	T	A	V	L	I	F	Y	W	H	M	C	P
0	0.01419	0.01834	0.20411	0.01841	0.06106	0.01259	0.04030	0.05248	0.01764	0.02403	0.02868	0.05545	0.02904	0.01488	0.00900	0.00296	0.00836	0.37423	0.00555	0.00868
1	0.15083	0.04882	0.26527	0.05657	0.08330	0.01684	0.09277	0.02544	0.04275	0.12540	0.01600	0.01777	0.01147	0.00733	0.00688	0.00233	0.00902	0.00612	0.00459	0.01052
2	0.05771	0.04902	0.14030	0.12740	0.06758	0.05852	0.05779	0.09830	0.08583	0.02564	0.01596	0.04344	0.01295	0.00863	0.00877	0.00236	0.07802	0.00679	0.00451	0.05047
3	0.05060	0.06979	0.28980	0.11197	0.03085	0.08268	0.07989	0.10118	0.01809	0.02492	0.01328	0.01633	0.01002	0.00769	0.00829	0.00234	0.06237	0.00594	0.00387	0.01010
4	0.01332	0.01271	0.09533	0.01324	0.01626	0.01011	0.01186	0.01815	0.07226	0.04710	0.06491	0.10746	0.03427	0.12904	0.01351	0.00359	0.00688	0.28628	0.00615	0.03758
5	0.01384	0.00692	0.00692	0.00692	0.00865	0.00692	0.00519	0.01730	0.01557	0.02768	0.02422	0.02768	0.01903	0.00865	0.00519	0.00173	0.00346	0.00692	0.78031	0.00692
6	0.01068	0.00727	0.00837	0.00837	0.00860	0.00731	0.00493	0.01098	0.01120	0.01491	0.02581	0.04824	0.06077	0.64794	0.08910	0.00733	0.00802	0.01083	0.00458	0.00476
7	0.04973	0.27377	0.40959	0.01760	0.02646	0.02164	0.02089	0.06054	0.01647	0.02324	0.01245	0.01438	0.00958	0.00692	0.00620	0.00208	0.00957	0.00498	0.00346	0.01046
8	0.01384	0.00692	0.00692	0.00692	0.00865	0.00692	0.00519	0.01730	0.01557	0.02768	0.02422	0.02768	0.01903	0.00865	0.00519	0.00173	0.00346	0.00692	0.78031	0.00692
9	0.00904	0.00646	0.00861	0.01034	0.01077	0.00603	0.00689	0.01034	0.01421	0.01895	0.04092	0.73426	0.04910	0.02326	0.00948	0.00301	0.00431	0.02110	0.00689	0.00603
10	0.01725	0.07668	0.15810	0.02917	0.12026	0.01940	0.37593	0.02310	0.01652	0.02293	0.01388	0.01817	0.01077	0.00690	0.00900	0.00242	0.05833	0.00739	0.00356	0.01025
11	0.01606	0.01553	0.02368	0.42629	0.03992	0.05709	0.09932	0.07036	0.01683	0.02164	0.01601	0.08478	0.01386	0.00923	0.00886	0.00253	0.05726	0.00810	0.00404	0.00862
12	0.01418	0.01335	0.02255	0.69708	0.07409	0.01653	0.02069	0.01910	0.01492	0.01916	0.01322	0.01974	0.00996	0.00739	0.00742	0.00246	0.00986	0.00660	0.00331	0.00837
13	0.00935	0.00785	0.00807	0.00797	0.01039	0.00684	0.00593	0.01203	0.04342	0.02092	0.11207	0.06775	0.59648	0.04602	0.00984	0.00268	0.00396	0.01504	0.00691	0.00647
14	0.01813	0.02455	0.18661	0.03270	0.28967	0.08269	0.16918	0.02353	0.01682	0.02303	0.01358	0.01754	0.01078	0.00710	0.00853	0.00234	0.05232	0.00667	0.00356	0.01067
15	0.02685	0.01972	0.02116	0.01637	0.02185	0.02178	0.01335	0.61637	0.03301	0.04424	0.01826	0.02024	0.01375	0.06632	0.00981	0.00262	0.00809	0.00701	0.00720	0.01199
16	0.01952	0.69684	0.08275	0.01326	0.01992	0.02857	0.01368	0.02231	0.01512	0.01787	0.01052	0.01216	0.00952	0.00640	0.00492	0.00164	0.00814	0.00407	0.00317	0.00962
17	0.01084	0.00712	0.00821	0.00829	0.00831	0.00710	0.00472	0.01071	0.01089	0.01452	0.02358	0.07873	0.02718	0.66371	0.03596	0.05308	0.00702	0.01101	0.00453	0.00449
18	0.02756	0.02015	0.02157	0.01661	0.02236	0.02228	0.01370	0.63796	0.03401	0.04590	0.01812	0.01828	0.01292	0.00890	0.00732	0.00220	0.00795	0.00669	0.04315	0.01236
19	0.14378	0.49720	0.09413	0.01360	0.01987	0.08779	0.01347	0.02295	0.01529	0.02063	0.01071	0.01242	0.00928	0.00662	0.00512	0.00180	0.00836	0.00419	0.00346	0.00934
20	0.01699	0.01796	0.03544	0.17012	0.20085	0.01819	0.35720	0.02237	0.01662	0.02273	0.01421	0.01943	0.01106	0.00682	0.00873	0.00245	0.03745	0.00773	0.00363	0.01002
21	0.00923	0.00677	0.00860	0.00974	0.01062	0.00622	0.00665	0.01084	0.01533	0.02028	0.12369	0.53504	0.14468	0.04281	0.01012	0.00298	0.00422	0.01908	0.00698	0.00614
22	0.01255	0.00913	0.01138	0.01057	0.01306	0.00864	0.02824	0.01706	0.08701	0.06894	0.24729	0.09803	0.24404	0.06119	0.01050	0.00282	0.00478	0.05001	0.00726	0.00751
23	0.01077	0.00723	0.00824	0.00819	0.00833	0.00718	0.00470	0.01105	0.01160	0.01560	0.07571	0.04912	0.03037	0.68219	0.03550	0.00681	0.00691	0.01100	0.00479	0.00470
24	0.02299	0.01914	0.01750	0.01449	0.01877	0.14117	0.01152	0.34761	0.02686	0.03529	0.07685	0.02532	0.06275	0.00981	0.00712	0.00212	0.00765	0.00753	0.13545	0.01007
25	0.01151	0.00928	0.01366	0.01314	0.01426	0.01144	0.01040	0.01400	0.01184	0.01733	0.01826	0.02709	0.01715	0.04884	0.59985	0.01054	0.13298	0.00772	0.00386	0.00687
26	0.50517	0.01374	0.01319	0.01094	0.01602	0.01444	0.00901	0.02632	0.01557	0.24850	0.01663	0.01652	0.01155	0.00756	0.00557	0.00223	0.00592	0.00516	0.00607	0.04988
27	0.00930	0.00700	0.00862	0.00935	0.01064	0.00631	0.00658	0.01125	0.01648	0.02170	0.19707	0.40246	0.22577	0.02023	0.00912	0.00272	0.00398	0.01790	0.00718	0.00631
28	0.02822	0.02079	0.02228	0.01708	0.02302	0.02302	0.01411	0.66804	0.03490	0.04679	0.01782	0.01782	0.01262	0.00891	0.00743	0.00223	0.00817	0.00668	0.00743	0.01262
29	0.02092	0.53790	0.06903	0.01443	0.02045	0.14948	0.01371	0.02462	0.05486	0.01870	0.01184	0.01329	0.01029	0.00684	0.00539	0.00174	0.00895	0.00445	0.00354	0.00957

[dist]
# distance from previous block
# <min> <max>
0	2

[block]
# block no. 1 follows, 27 sequences, length 16
# corresponding to MSA columns:
# 48-63
name=unknown_B
#
# <colnr> <probs for GDERKNQSTAVLIFYWHMCP>
#	G	D	E	R	K	N	Q	S	T	A	V	L	I	F	Y	W	H	M	C	P
0	0.02822	0.02079	0.02228	0.01708	0.02302	0.02302	0.01411	0.66804	0.03490	0.04679	0.01782	0.01782	0.01262	0.00891	0.00743	0.00223	0.00817	0.00668	0.00743	0.01262
1	0.06720	0.01309	0.01570	0.01161	0.01782	0.01061	0.00941	0.02432	0.01705	0.23454	0.01804	0.01827	0.01312	0.00673	0.00606	0.00154	0.00577	0.00533	0.00590	0.49788
2	0.00960	0.00669	0.00845	0.00963	0.00992	0.00640	0.00613	0.01048	0.01313	0.01751	0.03536	0.51692	0.04209	0.25016	0.01845	0.00434	0.00522	0.01784	0.00613	0.00554
3	0.01539	0.01319	0.01539	0.01100	0.01759	0.00990	0.00880	0.01869	0.01539	0.02419	0.01319	0.01539	0.01100	0.00550	0.00550	0.00110	0.00550	0.00440	0.00440	0.78449
4	0.01066	0.00714	0.00814	0.00828	0.00831	0.00710	0.00469	0.01076	0.01107	0.01476	0.02479	0.10338	0.02876	0.68190	0.03552	0.00686	0.00697	0.01162	0.00469	0.00462
5	0.65504	0.01423	0.01202	0.01048	0.01520	0.01604	0.00860	0.02457	0.05036	0.11558	0.01378	0.01456	0.01013	0.00735	0.00511	0.00231	0.00582	0.00469	0.00533	0.00881
6	0.02682	0.01989	0.02147	0.01672	0.02234	0.02209	0.01374	0.60227	0.06739	0.04448	0.01857	0.01891	0.01345	0.01133	0.04278	0.00273	0.00864	0.00684	0.00726	0.01228
7	0.07000	0.01928	0.02045	0.04384	0.05570	0.05003	0.01379	0.37588	0.20610	0.03835	0.02010	0.02007	0.01480	0.00888	0.00726	0.00231	0.00772	0.00690	0.00680	0.01174
8	0.03331	0.01263	0.01723	0.01321	0.01895	0.01091	0.01091	0.03618	0.02125	0.69794	0.02929	0.02527	0.01838	0.00919	0.00747	0.00230	0.00632	0.00747	0.00919	0.01263
9	0.00994	0.00751	0.00918	0.00888	0.01077	0.00675	0.00661	0.01288	0.01952	0.02649	0.48344	0.09358	0.24408	0.01660	0.00880	0.00242	0.00362	0.01444	0.00775	0.00675
10	0.01034	0.00746	0.00977	0.00945	0.01105	0.00689	0.00699	0.01359	0.02023	0.02853	0.61445	0.13342	0.06764	0.01610	0.00884	0.00241	0.00359	0.01431	0.00802	0.00689
11	0.01862	0.02208	0.06021	0.02944	0.06959	0.10194	0.48881	0.02402	0.01743	0.02272	0.01412	0.01874	0.01092	0.00693	0.00945	0.00246	0.06107	0.00791	0.00370	0.00984
12	0.01330	0.00877	0.01084	0.01053	0.01296	0.00800	0.00816	0.01627	0.03650	0.09592	0.14376	0.14457	0.18787	0.07639	0.01115	0.00300	0.00515	0.13954	0.00698	0.06036
13	0.02566	0.01837	0.01971	0.01562	0.02093	0.04285	0.01264	0.41659	0.10411	0.11322	0.02059	0.04292	0.01540	0.00984	0.00809	0.02866	0.00752	0.00721	0.00715	0.06289
14	0.13345	0.18021	0.02242	0.01489	0.01962	0.25457	0.01221	0.13869	0.02052	0.05458	0.01453	0.03810	0.01200	0.00810	0.00615	0.00199	0.00911	0.00558	0.04383	0.00944
15	0.06720	0.01880	0.02055	0.06401	0.02364	0.02056	0.01351	0.47626	0.07779	0.04070	0.01754	0.01812	0.01276	0.00844	0.00708	0.00216	0.00771	0.00643	0.00669	0.09004

[dist]
# distance from previous block
# <min> <max>
0	14

[block]
# block no. 2 follows, 27 sequences, length 29
# corresponding to MSA columns:
# 78-106
name=unknown_C
#
# <colnr> <probs for GDERKNQSTAVLIFYWHMCP>
#	G	D	E	R	K	N	Q	S	T	A	V	L	I	F	Y	W	H	M	C	P
0	0.10426	0.01601	0.01828	0.06081	0.02159	0.01709	0.01231	0.31655	0.04849	0.19697	0.02236	0.09418	0.01752	0.01021	0.00736	0.00236	0.00710	0.00816	0.00724	0.01115
1	0.09549	0.01686	0.01990	0.01509	0.02104	0.01692	0.05433	0.30436	0.02420	0.09330	0.01667	0.01773	0.01232	0.00902	0.02814	0.00223	0.00766	0.00602	0.00610	0.23261
2	0.01690	0.02111	0.10391	0.02930	0.03680	0.01812	0.57057	0.02319	0.01705	0.02340	0.01512	0.02011	0.01148	0.00898	0.04616	0.00299	0.01277	0.00841	0.00371	0.00992
3	0.01080	0.00720	0.00810	0.00810	0.00810	0.00720	0.00450	0.01080	0.01080	0.01439	0.02339	0.04858	0.02699	0.73910	0.03779	0.00720	0.00720	0.01080	0.00450	0.00450
4	0.01043	0.00864	0.01095	0.01053	0.01297	0.00792	0.04187	0.01386	0.04942	0.02238	0.14987	0.12765	0.38200	0.01785	0.00898	0.00266	0.00477	0.10343	0.00694	0.00689
5	0.00922	0.00664	0.00879	0.01044	0.01104	0.00620	0.00717	0.01068	0.01451	0.01921	0.04223	0.66421	0.07515	0.02289	0.00950	0.00302	0.00445	0.06165	0.00689	0.00609
6	0.01710	0.02160	0.18096	0.01993	0.06916	0.06128	0.10170	0.09260	0.09080	0.02791	0.18315	0.02769	0.02664	0.00972	0.00844	0.00237	0.03516	0.00840	0.00549	0.00992
7	0.01131	0.00886	0.01421	0.01322	0.01505	0.00992	0.06109	0.01429	0.01255	0.01827	0.01971	0.02837	0.01800	0.04944	0.61940	0.01068	0.01849	0.00797	0.04226	0.00691
8	0.00988	0.00725	0.00915	0.01042	0.01169	0.00675	0.00783	0.01192	0.01561	0.02032	0.04783	0.39384	0.19381	0.02105	0.00937	0.00296	0.00479	0.17641	0.03282	0.00632
9	0.01613	0.01381	0.01722	0.14562	0.02436	0.01232	0.01149	0.06525	0.03650	0.02501	0.01403	0.01676	0.01125	0.00624	0.00606	0.00148	0.00653	0.00509	0.00450	0.56034
10	0.02086	0.01627	0.02015	0.05266	0.15758	0.04271	0.01431	0.21428	0.11508	0.08320	0.02247	0.11665	0.01935	0.01351	0.05373	0.00301	0.00836	0.00891	0.00620	0.01070
11	0.04582	0.07771	0.11915	0.10708	0.02541	0.05268	0.04580	0.05136	0.01495	0.02157	0.01326	0.04089	0.01163	0.01005	0.01361	0.00262	0.28717	0.00661	0.04378	0.00884
12	0.01802	0.18670	0.24589	0.06073	0.16014	0.01936	0.04393	0.04555	0.01663	0.05599	0.01397	0.01670	0.01091	0.00838	0.02810	0.00239	0.00954	0.00572	0.00382	0.04752
13	0.01909	0.19591	0.02780	0.02027	0.08416	0.07966	0.05808	0.07269	0.04106	0.02153	0.01273	0.01665	0.01115	0.01174	0.05023	0.00294	0.25499	0.00606	0.00388	0.00938
14	0.16581	0.22723	0.02429	0.01489	0.01944	0.16224	0.01265	0.09158	0.01793	0.08203	0.01289	0.01459	0.01037	0.00813	0.00831	0.00214	0.10640	0.00507	0.00454	0.00946
15	0.01384	0.00692	0.00692	0.00692	0.00865	0.00692	0.00519	0.01730	0.01557	0.02768	0.02422	0.02768	0.01903	0.00865	0.00519	0.00173	0.00346	0.00692	0.78031	0.00692
16	0.00940	0.00671	0.00841	0.00961	0.01013	0.00630	0.00627	0.01046	0.01371	0.01807	0.04011	0.53015	0.09952	0.17639	0.01549	0.00387	0.00488	0.01843	0.00638	0.00572
17	0.02471	0.01358	0.01626	0.01343	0.01815	0.01364	0.01077	0.08598	0.22782	0.33450	0.09037	0.03092	0.06480	0.01056	0.00768	0.00238	0.00592	0.00872	0.00830	0.01147
18	0.02122	0.02299	0.02494	0.13389	0.31439	0.25117	0.01875	0.04670	0.05344	0.02252	0.01399	0.01737	0.01134	0.00734	0.00715	0.00216	0.01034	0.00609	0.00400	0.01020
19	0.01061	0.00792	0.01177	0.01177	0.01304	0.00919	0.00908	0.01316	0.01188	0.01712	0.02003	0.02996	0.01890	0.08371	0.68213	0.01174	0.01936	0.00807	0.00400	0.00654
20	0.00988	0.00751	0.00909	0.00880	0.01073	0.00672	0.00656	0.01276	0.01938	0.02614	0.46124	0.09296	0.26772	0.01672	0.00880	0.00242	0.00362	0.01451	0.00770	0.00672
21	0.06326	0.36971	0.08053	0.01544	0.02096	0.26863	0.01402	0.02458	0.01699	0.01902	0.01134	0.01342	0.00981	0.00885	0.03361	0.00221	0.01046	0.00453	0.00351	0.00912
22	0.11273	0.02820	0.38791	0.04715	0.05686	0.01699	0.16206	0.02271	0.01597	0.02497	0.04608	0.01834	0.01269	0.00725	0.00722	0.00238	0.01017	0.00648	0.00372	0.01014
23	0.01217	0.01025	0.01598	0.01447	0.01599	0.01199	0.06782	0.01476	0.01263	0.01834	0.01997	0.09344	0.01961	0.06591	0.41121	0.00820	0.13944	0.00909	0.03167	0.00706
24	0.04488	0.01018	0.01183	0.01183	0.03996	0.01041	0.00863	0.08210	0.06584	0.02524	0.11093	0.07485	0.22653	0.05588	0.10360	0.00395	0.00710	0.04144	0.05712	0.00770
25	0.07128	0.01154	0.05757	0.01143	0.01409	0.03739	0.00927	0.01704	0.01621	0.10271	0.10446	0.27881	0.08364	0.04514	0.04075	0.00320	0.00625	0.04440	0.03724	0.00757
26	0.04796	0.25514	0.27425	0.01948	0.05226	0.02079	0.10699	0.04854	0.01636	0.02270	0.01450	0.06225	0.01247	0.00784	0.00665	0.00216	0.00938	0.00651	0.00373	0.01004
27	0.02359	0.25313	0.07069	0.01638	0.02170	0.30266	0.01423	0.11285	0.05242	0.02308	0.01341	0.01483	0.01090	0.00752	0.00620	0.00191	0.01014	0.00507	0.02959	0.00969
28	0.16122	0.11949	0.04857	0.04056	0.01844	0.07644	0.01118	0.11523	0.01830	0.04344	0.06344	0.13537	0.02136	0.04820	0.00834	0.00247	0.00717	0.00848	0.00534	0.04696

[dist]
# distance from previous block
# <min> <max>
16	56

[block]
# block no. 3 follows, 27 sequences, length 32
# corresponding to MSA columns:
# 164-195
name=unknown_D
#
# <colnr> <probs for GDERKNQSTAVLIFYWHMCP>
#	G	D	E	R	K	N	Q	S	T	A	V	L	I	F	Y	W	H	M	C	P
0	0.01561	0.03332	0.01277	0.01156	0.01419	0.01017	0.00892	0.05756	0.08176	0.12671	0.06180	0.25788	0.13666	0.04725	0.00986	0.00289	0.00543	0.09029	0.00716	0.00821
1	0.29480	0.01298	0.04252	0.06763	0.01780	0.01286	0.00995	0.02023	0.05667	0.07135	0.02179	0.13598	0.04098	0.05904	0.03810	0.00307	0.00672	0.00856	0.00533	0.07364
2	0.01810	0.01276	0.01409	0.01217	0.01565	0.01366	0.00957	0.21508	0.10815	0.03173	0.02332	0.08492	0.01960	0.01520	0.08490	0.00319	0.00723	0.00822	0.24287	0.05960
3	0.21779	0.11652	0.20797	0.05516	0.05452	0.01901	0.14312	0.02360	0.05260	0.02555	0.01346	0.01609	0.01030	0.00694	0.00651	0.00228	0.00909	0.00581	0.00392	0.00978
4	0.02376	0.07429	0.01975	0.01542	0.01978	0.23560	0.01225	0.22961	0.10810	0.03042	0.01797	0.01895	0.01382	0.00843	0.00664	0.00203	0.00869	0.00615	0.13828	0.01005
5	0.01843	0.01517	0.04832	0.01458	0.04525	0.01485	0.01147	0.23367	0.11454	0.03283	0.14079	0.04966	0.07380	0.01160	0.00848	0.03639	0.00622	0.00894	0.05897	0.05605
6	0.06409	0.01763	0.01749	0.01667	0.06321	0.09783	0.01211	0.07867	0.37342	0.07419	0.02656	0.02645	0.04791	0.04030	0.00858	0.00257	0.00710	0.00784	0.00664	0.01075
7	0.01365	0.00698	0.00722	0.00722	0.00892	0.00706	0.00543	0.01706	0.01535	0.02705	0.02396	0.02777	0.01900	0.01146	0.04724	0.00234	0.00444	0.00698	0.73398	0.00690
8	0.04627	0.05693	0.14604	0.02149	0.11475	0.29744	0.01694	0.05666	0.07663	0.02292	0.01609	0.01808	0.02988	0.00992	0.03645	0.00254	0.01097	0.00594	0.00426	0.00981
9	0.01496	0.01319	0.01733	0.01523	0.01607	0.01686	0.01219	0.06241	0.01406	0.02053	0.03717	0.06100	0.07096	0.10731	0.05030	0.00387	0.40407	0.00874	0.04618	0.00758
10	0.02653	0.01939	0.02079	0.01603	0.02168	0.02118	0.01319	0.58819	0.03252	0.04427	0.01809	0.01845	0.01303	0.00873	0.00717	0.00214	0.00769	0.00659	0.06565	0.04870
11	0.46871	0.01570	0.01505	0.01325	0.03961	0.01758	0.01041	0.19393	0.01922	0.07970	0.01424	0.01564	0.01066	0.01032	0.04538	0.00282	0.00733	0.00526	0.00558	0.00961
12	0.01771	0.01547	0.02258	0.42264	0.12160	0.01807	0.01862	0.14109	0.09937	0.02620	0.01620	0.02021	0.01218	0.00792	0.00743	0.00240	0.00896	0.00683	0.00462	0.00991
13	0.01068	0.00720	0.00834	0.00845	0.00855	0.00724	0.00491	0.01091	0.01106	0.01483	0.02424	0.08841	0.02783	0.65784	0.07398	0.00721	0.00774	0.01125	0.00461	0.00471
14	0.02677	0.01999	0.02149	0.01654	0.02243	0.02183	0.01360	0.58755	0.06821	0.04432	0.01816	0.01818	0.01305	0.00873	0.00729	0.00216	0.00785	0.00661	0.00722	0.06801
15	0.01487	0.00792	0.00802	0.00765	0.00968	0.00808	0.00583	0.06403	0.01696	0.02905	0.02376	0.02697	0.01857	0.00867	0.00535	0.00177	0.00380	0.00690	0.72481	0.00733
16	0.01925	0.05502	0.01750	0.06422	0.01921	0.01591	0.01112	0.30695	0.02270	0.03017	0.02169	0.16219	0.02109	0.09760	0.01358	0.08993	0.00722	0.00980	0.00598	0.00886
17	0.01402	0.01319	0.02227	0.72126	0.05113	0.01649	0.02062	0.01897	0.01484	0.01897	0.01319	0.01979	0.00990	0.00742	0.00742	0.00247	0.00990	0.00660	0.00330	0.00825
18	0.01781	0.01347	0.01555	0.04763	0.04083	0.01454	0.01115	0.05978	0.34558	0.09810	0.08806	0.03737	0.13845	0.01184	0.00790	0.00248	0.00579	0.02609	0.00731	0.01028
19	0.00963	0.00770	0.00855	0.00882	0.01077	0.00694	0.00646	0.01230	0.04369	0.02097	0.11823	0.19158	0.42225	0.05782	0.01048	0.00288	0.00425	0.04332	0.00690	0.00644
20	0.02419	0.01710	0.01821	0.01502	0.02010	0.05433	0.01199	0.17401	0.30544	0.18279	0.02501	0.02330	0.01792	0.00914	0.00730	0.00227	0.00685	0.00732	0.00745	0.07025
21	0.06158	0.01458	0.01814	0.01396	0.01971	0.01392	0.01154	0.18093	0.02405	0.52238	0.02592	0.02304	0.01665	0.00904	0.00734	0.00228	0.00672	0.00715	0.00860	0.01245
22	0.00904	0.00646	0.00861	0.01034	0.01077	0.00603	0.00689	0.01034	0.01421	0.01895	0.04092	0.73426	0.04910	0.02326	0.00948	0.00301	0.00431	0.02110	0.00689	0.00603
23	0.02530	0.01065	0.01438	0.01209	0.01610	0.00937	0.00946	0.02770	0.01909	0.46994	0.06639	0.19819	0.02884	0.04478	0.00934	0.00269	0.00573	0.01120	0.00838	0.01040
24	0.01651	0.01386	0.01599	0.01153	0.01807	0.01104	0.00926	0.07519	0.01709	0.02616	0.01360	0.01561	0.01114	0.00579	0.00567	0.00120	0.00573	0.00460	0.00466	0.71733
25	0.01022	0.00785	0.00906	0.00884	0.01092	0.00718	0.00659	0.01374	0.04979	0.02508	0.33751	0.10527	0.31523	0.01667	0.00860	0.00243	0.00377	0.01434	0.04003	0.00686
26	0.03195	0.01319	0.01738	0.01350	0.01913	0.01195	0.01109	0.05961	0.07369	0.62142	0.02894	0.02519	0.01850	0.00925	0.00747	0.00231	0.00635	0.00751	0.00899	0.01256
27	0.01500	0.01592	0.05388	0.20864	0.03269	0.01711	0.21121	0.01914	0.01432	0.01981	0.01448	0.02225	0.01251	0.07541	0.07784	0.00391	0.16626	0.00766	0.00358	0.00839
28	0.00947	0.00755	0.00849	0.00826	0.01046	0.00657	0.00619	0.01201	0.01858	0.02398	0.32335	0.06498	0.43919	0.01734	0.00877	0.00244	0.00366	0.01476	0.00741	0.00657
29	0.50526	0.01637	0.04296	0.03549	0.05015	0.01725	0.01118	0.12943	0.01747	0.09397	0.01365	0.01488	0.01001	0.00744	0.00564	0.00229	0.00668	0.00503	0.00533	0.00951
30	0.01441	0.01378	0.01587	0.04172	0.16163	0.08105	0.01175	0.01870	0.07455	0.02164	0.04028	0.04296	0.27715	0.04384	0.04226	0.00297	0.00730	0.03061	0.00545	0.05207
31	0.02076	0.01315	0.01400	0.01164	0.01536	0.01406	0.00932	0.28300	0.04803	0.06723	0.02208	0.02357	0.01653	0.00883	0.00629	0.00199	0.00559	0.00690	0.40198	0.00968

[dist]
# distance from previous block
# <min> <max>
1	3

[block]
# block no. 4 follows, 27 sequences, length 42
# corresponding to MSA columns:
# 199-240
name=unknown_E
#
# <colnr> <probs for GDERKNQSTAVLIFYWHMCP>
#	G	D	E	R	K	N	Q	S	T	A	V	L	I	F	Y	W	H	M	C	P
0	0.02591	0.04054	0.05602	0.01623	0.02200	0.05512	0.01376	0.48045	0.02956	0.07614	0.01781	0.01946	0.01332	0.05216	0.00902	0.00245	0.00828	0.00663	0.00669	0.04843
1	0.08588	0.05654	0.05183	0.02924	0.01676	0.01282	0.01068	0.06215	0.04008	0.13780	0.10458	0.14319	0.10062	0.03226	0.00952	0.00264	0.04752	0.04068	0.00649	0.00872
2	0.01012	0.00707	0.00843	0.00882	0.00937	0.00678	0.00557	0.01107	0.01355	0.01809	0.11844	0.23897	0.09233	0.39120	0.02393	0.00504	0.00565	0.01435	0.00582	0.00538
3	0.01625	0.02907	0.37046	0.02692	0.06654	0.01796	0.31718	0.02360	0.01657	0.02367	0.01412	0.01778	0.01036	0.00667	0.00784	0.00241	0.01157	0.00703	0.00344	0.01057
4	0.07418	0.02481	0.29666	0.05556	0.21040	0.01665	0.05203	0.05690	0.01694	0.02568	0.01550	0.02072	0.01243	0.00776	0.00713	0.00233	0.00925	0.03803	0.04656	0.01047
5	0.00959	0.00748	0.00926	0.00983	0.01107	0.00714	0.00704	0.01145	0.01601	0.02105	0.15939	0.38798	0.23722	0.02005	0.00993	0.00276	0.04201	0.01745	0.00692	0.00637
6	0.02837	0.01251	0.01621	0.01282	0.01789	0.01141	0.01045	0.07445	0.05494	0.51066	0.10346	0.03075	0.06079	0.01040	0.00768	0.00232	0.00597	0.00856	0.00875	0.01162
7	0.02510	0.01860	0.01968	0.01565	0.02060	0.04369	0.01261	0.49538	0.05076	0.06412	0.06013	0.05630	0.01905	0.05218	0.00934	0.00256	0.00769	0.00803	0.00722	0.01134
8	0.02359	0.14009	0.12661	0.05499	0.05700	0.19068	0.01669	0.24960	0.02363	0.02918	0.01399	0.01561	0.01072	0.00774	0.00677	0.00208	0.00995	0.00560	0.00484	0.01064
9	0.01154	0.00793	0.00896	0.00874	0.00925	0.00802	0.00531	0.04549	0.01254	0.01665	0.02630	0.06862	0.06224	0.61570	0.05752	0.00672	0.00742	0.01106	0.00484	0.00514
10	0.01203	0.00889	0.01112	0.01157	0.01267	0.00921	0.00819	0.09624	0.01654	0.02224	0.03518	0.56129	0.04091	0.06385	0.01171	0.00318	0.04383	0.01782	0.00662	0.00691
11	0.02767	0.01946	0.02132	0.01650	0.02217	0.02133	0.01360	0.58286	0.03259	0.09663	0.01884	0.01902	0.01340	0.01145	0.04525	0.00276	0.00865	0.00681	0.00738	0.01230
12	0.59037	0.06166	0.11502	0.04835	0.01916	0.01750	0.01183	0.02195	0.01334	0.03017	0.01092	0.01298	0.00843	0.00691	0.00511	0.00227	0.00686	0.00437	0.00423	0.00857
13	0.01925	0.04539	0.04842	0.01313	0.01705	0.01543	0.01094	0.26213	0.08212	0.03231	0.02213	0.09409	0.01879	0.01347	0.04340	0.04470	0.00706	0.00823	0.19248	0.00949
14	0.01163	0.00917	0.01109	0.01087	0.01328	0.00844	0.00792	0.01589	0.09316	0.02235	0.07952	0.39489	0.08184	0.01711	0.00835	0.00249	0.00472	0.03224	0.00654	0.16852
15	0.01489	0.03840	0.70064	0.02116	0.03213	0.01724	0.02743	0.02351	0.01567	0.02351	0.01332	0.01567	0.00940	0.00705	0.00705	0.00235	0.01097	0.00549	0.00313	0.01097
16	0.02024	0.70801	0.03800	0.01302	0.01925	0.06351	0.01278	0.02260	0.01538	0.01750	0.01038	0.01198	0.00953	0.00642	0.00486	0.00160	0.00821	0.00401	0.00321	0.00948
17	0.01657	0.09036	0.02962	0.04465	0.02551	0.02132	0.19699	0.01973	0.01361	0.01948	0.01197	0.01772	0.01066	0.01272	0.05708	0.00335	0.38956	0.00696	0.00343	0.00871
18	0.00952	0.00749	0.00859	0.00843	0.01051	0.00657	0.00628	0.01206	0.01851	0.02411	0.33296	0.09869	0.39483	0.01750	0.00880	0.00246	0.00368	0.01500	0.00743	0.00657
19	0.00917	0.00655	0.00875	0.01048	0.01096	0.00614	0.00710	0.01055	0.01433	0.01909	0.04085	0.70689	0.04883	0.02314	0.00951	0.00303	0.00441	0.04726	0.00689	0.00606
20	0.04743	0.04190	0.06329	0.05296	0.02067	0.10963	0.01326	0.09578	0.01870	0.16489	0.01842	0.03669	0.01416	0.00948	0.00986	0.00233	0.13635	0.00668	0.12789	0.00962
21	0.02853	0.02030	0.02198	0.01685	0.02278	0.02229	0.01392	0.63008	0.03408	0.08591	0.01851	0.01827	0.01297	0.00893	0.00743	0.00223	0.00806	0.00673	0.00753	0.01263
22	0.00901	0.00661	0.00846	0.00994	0.01066	0.00606	0.00671	0.01038	0.01460	0.01911	0.04577	0.64037	0.13985	0.02263	0.00938	0.00294	0.00423	0.02033	0.00689	0.00606
23	0.05006	0.09219	0.02175	0.01641	0.02052	0.17493	0.01334	0.22592	0.10786	0.02966	0.01616	0.01763	0.01270	0.00906	0.00934	0.00226	0.11623	0.00611	0.04772	0.01017
24	0.01076	0.00789	0.01096	0.13674	0.01756	0.00819	0.00897	0.01306	0.01488	0.02063	0.09825	0.40225	0.03904	0.07818	0.01094	0.00306	0.00537	0.01530	0.09148	0.00649
25	0.00981	0.00694	0.00916	0.01065	0.01126	0.00664	0.00750	0.01132	0.01429	0.01895	0.03830	0.52444	0.04501	0.11747	0.01336	0.00364	0.00515	0.13356	0.00656	0.00597
26	0.00901	0.00758	0.00784	0.00792	0.01035	0.00642	0.00603	0.01103	0.01707	0.02051	0.09498	0.07154	0.63308	0.01876	0.00885	0.00255	0.00392	0.04930	0.00694	0.00632
27	0.08784	0.14024	0.47818	0.01975	0.02913	0.01914	0.08109	0.02319	0.01547	0.02354	0.01275	0.01517	0.00946	0.00686	0.00664	0.00225	0.01017	0.00542	0.00333	0.01040
28	0.69907	0.01722	0.09303	0.01112	0.01647	0.01672	0.01035	0.02202	0.01300	0.03214	0.01069	0.01249	0.00820	0.00691	0.00489	0.00230	0.00637	0.00419	0.00442	0.00839
29	0.01791	0.01945	0.09278	0.06409	0.61107	0.01757	0.02315	0.02273	0.01672	0.02402	0.01388	0.01816	0.01148	0.00668	0.00732	0.00223	0.00905	0.00651	0.00361	0.01158
30	0.07851	0.01450	0.01829	0.10510	0.02349	0.01433	0.01242	0.15709	0.02202	0.37391	0.02217	0.02128	0.01476	0.00841	0.00708	0.00220	0.00703	0.00668	0.00733	0.08338
31	0.02702	0.01965	0.02120	0.01659	0.02226	0.02172	0.01359	0.54136	0.13085	0.07784	0.02027	0.01969	0.01443	0.00910	0.00745	0.00227	0.00773	0.00698	0.00754	0.01249
32	0.74771	0.01426	0.01128	0.00996	0.01462	0.01632	0.00821	0.02265	0.01313	0.07172	0.01143	0.01282	0.00864	0.00702	0.00476	0.00230	0.00578	0.00422	0.00486	0.00831
33	0.01483	0.01472	0.02715	0.48562	0.07835	0.01657	0.17521	0.01988	0.01556	0.02039	0.01507	0.05573	0.01229	0.00790	0.00784	0.00249	0.01019	0.00785	0.00361	0.00874
34	0.01973	0.44211	0.24565	0.01543	0.02317	0.02355	0.01716	0.02414	0.01593	0.09260	0.01331	0.01454	0.01044	0.00688	0.00578	0.00191	0.00872	0.00482	0.00381	0.01032
35	0.10497	0.01853	0.01931	0.01548	0.02074	0.02074	0.01261	0.44289	0.16565	0.04131	0.01989	0.01969	0.01450	0.00893	0.00706	0.00227	0.00724	0.00677	0.03967	0.01173
36	0.01208	0.01185	0.05471	0.01429	0.03818	0.01076	0.06896	0.01564	0.01815	0.02506	0.33479	0.04908	0.16403	0.01439	0.01049	0.00255	0.08745	0.05345	0.00645	0.00764
37	0.02783	0.03235	0.02130	0.01870	0.02296	0.56674	0.01430	0.16226	0.02392	0.02411	0.01279	0.01431	0.01020	0.00791	0.00685	0.00198	0.01230	0.00518	0.00457	0.00944
38	0.01078	0.00727	0.00844	0.00844	0.00856	0.00739	0.00493	0.01102	0.01090	0.01465	0.02307	0.04683	0.02623	0.67737	0.09848	0.00762	0.00834	0.01054	0.00445	0.00469
39	0.00931	0.00665	0.00892	0.01064	0.01118	0.00626	0.00735	0.01079	0.01447	0.01925	0.04077	0.67549	0.04852	0.02301	0.00955	0.00305	0.00454	0.07727	0.00689	0.00610
40	0.11547	0.01834	0.01987	0.29548	0.03233	0.11763	0.01550	0.20401	0.02117	0.02894	0.01450	0.01779	0.01088	0.00788	0.00685	0.00226	0.00905	0.00606	0.04655	0.00944
41	0.00904	0.00646	0.00861	0.01034	0.01077	0.00603	0.00689	0.01034	0.01421	0.01895	0.04092	0.73426	0.04910	0.02326	0.00948	0.00301	0.00431	0.02110	0.00689	0.00603

[dist]
# distance from previous block
# <min> <max>
0	1

[block]
# block no. 5 follows, 27 sequences, length 35
# corresponding to MSA columns:
# 242-276
name=unknown_F
#
# <colnr> <probs for GDERKNQSTAVLIFYWHMCP>
#	G	D	E	R	K	N	Q	S	T	A	V	L	I	F	Y	W	H	M	C	P
0	0.00942	0.00701	0.00878	0.00947	0.01071	0.00637	0.00667	0.01149	0.01678	0.02239	0.24010	0.39755	0.18618	0.01995	0.00912	0.00271	0.00396	0.01772	0.00727	0.00637
1	0.79154	0.01436	0.01091	0.00976	0.01436	0.01665	0.00804	0.02182	0.01263	0.03331	0.01034	0.01206	0.00804	0.00689	0.00459	0.00230	0.00574	0.00402	0.00459	0.00804
2	0.00957	0.00730	0.00865	0.00905	0.01063	0.00657	0.00655	0.01163	0.01675	0.02173	0.20161	0.23550	0.30023	0.07032	0.01109	0.00298	0.00426	0.05228	0.00701	0.00628
3	0.01539	0.01319	0.01539	0.01100	0.01759	0.00990	0.00880	0.01869	0.01539	0.02419	0.01319	0.01539	0.01100	0.00550	0.00550	0.00110	0.00550	0.00440	0.00440	0.78449
4	0.02338	0.01713	0.01870	0.01518	0.01966	0.01870	0.01207	0.49774	0.02930	0.03926	0.02257	0.15498	0.02051	0.06314	0.00995	0.00273	0.00737	0.00969	0.00712	0.01081
5	0.01140	0.00779	0.00899	0.00898	0.00938	0.00788	0.00547	0.04298	0.01249	0.01671	0.02544	0.14205	0.02908	0.58007	0.05541	0.00653	0.00728	0.01193	0.00496	0.00518
6	0.10759	0.21997	0.28938	0.04856	0.02708	0.03917	0.08453	0.02388	0.05365	0.02316	0.01326	0.01550	0.01026	0.00697	0.00636	0.00216	0.00943	0.00544	0.00366	0.01001
7	0.01534	0.10225	0.64072	0.02039	0.03095	0.01834	0.02609	0.02339	0.01562	0.02296	0.01305	0.01533	0.00942	0.00699	0.00685	0.00228	0.01070	0.00535	0.00314	0.01084
8	0.02168	0.19415	0.15847	0.01997	0.08225	0.23727	0.01715	0.07747	0.05864	0.02264	0.01336	0.01524	0.01076	0.00757	0.00709	0.00206	0.03484	0.00532	0.00402	0.01005
9	0.06582	0.01751	0.02193	0.01721	0.02201	0.06275	0.11881	0.24701	0.02347	0.07630	0.09076	0.02567	0.06168	0.01141	0.03394	0.00267	0.05231	0.00804	0.00611	0.03460
10	0.01275	0.04727	0.01333	0.01398	0.10353	0.01013	0.00840	0.03815	0.01500	0.02045	0.09567	0.10280	0.09723	0.31973	0.02041	0.00437	0.00629	0.01114	0.05260	0.00677
11	0.01474	0.01277	0.01643	0.01223	0.01801	0.01004	0.05477	0.01791	0.01521	0.02321	0.01633	0.08242	0.01525	0.04308	0.00767	0.00167	0.00597	0.00653	0.00458	0.62118
12	0.59139	0.01596	0.01446	0.07390	0.01955	0.06527	0.04183	0.02206	0.01380	0.03004	0.01104	0.01339	0.00862	0.00689	0.00524	0.00223	0.00697	0.00455	0.00438	0.04842
13	0.05755	0.01040	0.01087	0.00961	0.01246	0.01099	0.00756	0.15244	0.01941	0.05220	0.02212	0.02483	0.01709	0.01093	0.04016	0.00238	0.00544	0.00679	0.51845	0.00832
14	0.00914	0.00672	0.00858	0.00984	0.01069	0.00616	0.00672	0.01073	0.01525	0.02013	0.10723	0.57492	0.14292	0.02185	0.00931	0.00288	0.00415	0.01960	0.00701	0.00616
15	0.01402	0.01319	0.02227	0.72126	0.05113	0.01649	0.02062	0.01897	0.01484	0.01897	0.01319	0.01979	0.00990	0.00742	0.00742	0.00247	0.00990	0.00660	0.00330	0.00825
16	0.01624	0.01624	0.02274	0.01949	0.01949	0.02274	0.01624	0.01787	0.01137	0.01787	0.00975	0.01624	0.00975	0.01299	0.02436	0.00325	0.72552	0.00650	0.00325	0.00812
17	0.01539	0.01319	0.01539	0.01100	0.01759	0.00990	0.00880	0.01869	0.01539	0.02419	0.01319	0.01539	0.01100	0.00550	0.00550	0.00110	0.00550	0.00440	0.00440	0.78449
18	0.02773	0.03538	0.02104	0.01913	0.02295	0.70930	0.01434	0.02964	0.02104	0.01817	0.01148	0.01339	0.00956	0.00765	0.00669	0.00191	0.01339	0.00478	0.00383	0.00861
19	0.00906	0.00728	0.00808	0.00841	0.01034	0.00631	0.00611	0.01101	0.01682	0.02104	0.14587	0.22303	0.46188	0.01937	0.00893	0.00260	0.00385	0.01664	0.00706	0.00631
20	0.07025	0.01420	0.01682	0.01343	0.01830	0.01426	0.01092	0.20983	0.05677	0.31038	0.15581	0.02851	0.02661	0.01021	0.00755	0.00230	0.00623	0.00827	0.00814	0.01121
21	0.01539	0.01319	0.01539	0.01100	0.01759	0.00990	0.00880	0.01869	0.01539	0.02419	0.01319	0.01539	0.01100	0.00550	0.00550	0.00110	0.00550	0.00440	0.00440	0.78449
22	0.01125	0.00877	0.01035	0.00974	0.01202	0.00848	0.00737	0.01688	0.11444	0.02770	0.45206	0.05519	0.20706	0.01529	0.00859	0.00240	0.00390	0.01322	0.00779	0.00751
23	0.00904	0.00646	0.00861	0.01034	0.01077	0.00603	0.00689	0.01034	0.01421	0.01895	0.04092	0.73426	0.04910	0.02326	0.00948	0.00301	0.00431	0.02110	0.00689	0.00603
24	0.61029	0.01452	0.01277	0.01086	0.01574	0.01614	0.00895	0.06983	0.01565	0.14592	0.01405	0.01469	0.01010	0.00742	0.00528	0.00229	0.00601	0.00479	0.00557	0.00914
25	0.01055	0.00782	0.01015	0.01116	0.01272	0.00755	0.00893	0.01307	0.01607	0.02083	0.07870	0.18022	0.18288	0.05827	0.06622	0.00395	0.00663	0.29125	0.00659	0.00646
26	0.00961	0.00707	0.00985	0.01076	0.01148	0.00664	0.02901	0.01109	0.01447	0.01942	0.08351	0.59572	0.04712	0.09205	0.01217	0.00336	0.00481	0.01914	0.00664	0.00608
27	0.01809	0.01694	0.02657	0.08637	0.49556	0.01774	0.02014	0.02627	0.16623	0.02541	0.01758	0.02058	0.01409	0.00745	0.00740	0.00229	0.00823	0.00701	0.00452	0.01151
28	0.02266	0.01893	0.01817	0.01563	0.02000	0.11701	0.01225	0.21412	0.28818	0.07900	0.02501	0.09397	0.02029	0.01066	0.00758	0.00238	0.00748	0.00861	0.00703	0.01103
29	0.02638	0.01879	0.02062	0.01577	0.02173	0.01987	0.01296	0.49484	0.05401	0.09778	0.01854	0.01844	0.01323	0.00847	0.00715	0.00208	0.00753	0.00647	0.00713	0.12822
30	0.33029	0.32337	0.02403	0.04525	0.01867	0.02203	0.01116	0.04243	0.05300	0.02578	0.01294	0.01617	0.01106	0.00745	0.00527	0.00206	0.00699	0.02879	0.00427	0.00899
31	0.01446	0.01305	0.01995	0.04126	0.02030	0.04624	0.14217	0.01781	0.01425	0.02079	0.01803	0.04696	0.01593	0.02446	0.23641	0.00551	0.13662	0.00790	0.15015	0.00775
32	0.01185	0.00888	0.01040	0.01040	0.01249	0.00870	0.00763	0.01735	0.13621	0.04812	0.18224	0.27847	0.20359	0.01761	0.00874	0.00263	0.00436	0.01540	0.00736	0.00756
33	0.02233	0.07525	0.01946	0.01593	0.01957	0.38235	0.01234	0.08964	0.04299	0.02354	0.14095	0.02337	0.02241	0.01297	0.06248	0.00281	0.01088	0.00691	0.00510	0.00872
34	0.01837	0.01229	0.01436	0.01282	0.01599	0.01267	0.00982	0.21317	0.06920	0.10663	0.09648	0.29672	0.05923	0.01545	0.00840	0.00258	0.00571	0.01336	0.00749	0.00927

[dist]
# distance from previous block
# <min> <max>
0	1

[block]
# block no. 6 follows, 27 sequences, length 77
# corresponding to MSA columns:
# 278-354
name=unknown_G
#
# <colnr> <probs for GDERKNQSTAVLIFYWHMCP>
#	G	D	E	R	K	N	Q	S	T	A	V	L	I	F	Y	W	H	M	C	P
0	0.01016	0.00738	0.00958	0.00944	0.01098	0.00679	0.00692	0.01319	0.01959	0.02736	0.54306	0.18027	0.09384	0.01682	0.00889	0.00247	0.00366	0.01493	0.00788	0.00679
1	0.00926	0.00670	0.00892	0.01046	0.01110	0.00635	0.00721	0.01076	0.01433	0.01905	0.04114	0.63125	0.07620	0.02488	0.05165	0.00355	0.00534	0.04902	0.00671	0.00611
2	0.01539	0.01319	0.01539	0.01100	0.01759	0.00990	0.00880	0.01869	0.01539	0.02419	0.01319	0.01539	0.01100	0.00550	0.00550	0.00110	0.00550	0.00440	0.00440	0.78449
3	0.01810	0.01728	0.02903	0.08794	0.62125	0.01760	0.02215	0.02328	0.04630	0.02421	0.01464	0.01888	0.01212	0.00682	0.00736	0.00224	0.00876	0.00669	0.00382	0.01153
4	0.02211	0.01427	0.01658	0.01440	0.01887	0.01505	0.01164	0.08570	0.32931	0.20707	0.02966	0.03410	0.02324	0.01112	0.00784	0.00252	0.00631	0.10202	0.00775	0.04044
5	0.01539	0.01319	0.01539	0.01100	0.01759	0.00990	0.00880	0.01869	0.01539	0.02419	0.01319	0.01539	0.01100	0.00550	0.00550	0.00110	0.00550	0.00440	0.00440	0.78449
6	0.01193	0.00986	0.01431	0.01355	0.01452	0.01234	0.01073	0.01424	0.01176	0.01727	0.01765	0.02688	0.01682	0.07146	0.52430	0.00972	0.18422	0.00772	0.00383	0.00690
7	0.02004	0.01926	0.01751	0.01579	0.01993	0.13611	0.01219	0.03778	0.56727	0.02886	0.02702	0.02526	0.02043	0.00966	0.00741	0.00241	0.00715	0.00778	0.00692	0.01121
8	0.00904	0.00646	0.00861	0.01034	0.01077	0.00603	0.00689	0.01034	0.01421	0.01895	0.04092	0.73426	0.04910	0.02326	0.00948	0.00301	0.00431	0.02110	0.00689	0.00603
9	0.01513	0.07216	0.66895	0.02075	0.03150	0.01782	0.02672	0.02345	0.01565	0.02322	0.01318	0.01549	0.00941	0.00702	0.00694	0.00231	0.01083	0.00541	0.00314	0.01090
10	0.02781	0.03290	0.02125	0.01878	0.02296	0.59243	0.01430	0.13836	0.02340	0.02304	0.01256	0.01414	0.01008	0.00786	0.00682	0.00197	0.01250	0.00511	0.00444	0.00929
11	0.00877	0.00752	0.00752	0.00752	0.01003	0.00627	0.00564	0.01065	0.01692	0.02005	0.07520	0.07144	0.68978	0.01880	0.00877	0.00251	0.00376	0.01567	0.00689	0.00627
12	0.00920	0.00657	0.00879	0.01052	0.01102	0.00617	0.00716	0.01061	0.01437	0.01913	0.04083	0.69924	0.04876	0.02311	0.00952	0.00304	0.00444	0.05457	0.00689	0.00607
13	0.01526	0.01488	0.02170	0.01863	0.01922	0.02007	0.04460	0.01728	0.01175	0.01802	0.01186	0.01880	0.01144	0.02057	0.15029	0.00482	0.56258	0.00687	0.00341	0.00793
14	0.01067	0.00768	0.01054	0.01054	0.01138	0.00852	0.00754	0.01236	0.01152	0.01620	0.02116	0.03621	0.02162	0.30378	0.46576	0.01021	0.01528	0.00899	0.00417	0.00585
15	0.02678	0.02201	0.02061	0.01648	0.02165	0.14053	0.01331	0.49585	0.03067	0.04002	0.01733	0.01798	0.01270	0.00867	0.00709	0.00213	0.00863	0.00638	0.07980	0.01139
16	0.01539	0.01319	0.01539	0.01100	0.01759	0.00990	0.00880	0.01869	0.01539	0.02419	0.01319	0.01539	0.01100	0.00550	0.00550	0.00110	0.00550	0.00440	0.00440	0.78449
17	0.22301	0.11948	0.10580	0.01590	0.02138	0.27884	0.01411	0.09786	0.01899	0.02589	0.01198	0.01364	0.00949	0.00735	0.00603	0.00206	0.00982	0.00478	0.00426	0.00933
18	0.02976	0.01255	0.01656	0.01303	0.01825	0.01133	0.01064	0.05230	0.06425	0.56447	0.09954	0.02844	0.02401	0.00988	0.00761	0.00231	0.00604	0.00814	0.00892	0.01197
19	0.00900	0.00663	0.00844	0.00990	0.01065	0.00607	0.00670	0.01039	0.01464	0.01912	0.04627	0.63079	0.14911	0.02256	0.00937	0.00294	0.00422	0.02026	0.00689	0.00607
20	0.01865	0.01930	0.05124	0.04038	0.56832	0.07679	0.02151	0.02292	0.01723	0.02357	0.01537	0.02208	0.01349	0.00762	0.00747	0.00226	0.00916	0.04763	0.00387	0.01114
21	0.02822	0.02079	0.02228	0.01708	0.02302	0.02302	0.01411	0.66804	0.03490	0.04679	0.01782	0.01782	0.01262	0.00891	0.00743	0.00223	0.00817	0.00668	0.00743	0.01262
22	0.01734	0.38670	0.37379	0.01698	0.02567	0.02323	0.02015	0.02288	0.01538	0.02052	0.01184	0.01381	0.00946	0.00671	0.00592	0.00197	0.00947	0.00474	0.00315	0.01026
23	0.01289	0.00645	0.00967	0.00967	0.00967	0.00645	0.00645	0.00967	0.00967	0.01289	0.01289	0.02257	0.01289	0.02579	0.02901	0.78401	0.00645	0.00645	0.00322	0.00322
24	0.01755	0.06514	0.02363	0.01902	0.01979	0.08735	0.01584	0.01925	0.01251	0.01787	0.00994	0.01569	0.00971	0.01206	0.02144	0.00302	0.61246	0.00617	0.00330	0.00826
25	0.01142	0.00970	0.01291	0.19645	0.02239	0.01014	0.01115	0.01565	0.05661	0.02155	0.09671	0.05619	0.31106	0.01531	0.00860	0.00264	0.00601	0.12217	0.00608	0.00727
26	0.01625	0.01570	0.02334	0.52593	0.08152	0.06414	0.05412	0.06644	0.01703	0.02150	0.01543	0.02071	0.03084	0.00778	0.00748	0.00241	0.00991	0.00687	0.00379	0.00882
27	0.01106	0.00780	0.00945	0.00928	0.00948	0.00834	0.00584	0.01154	0.01100	0.01500	0.02214	0.04396	0.02481	0.59858	0.13678	0.00769	0.04775	0.01014	0.00435	0.00501
28	0.00911	0.00665	0.00858	0.00997	0.01071	0.00612	0.00677	0.01061	0.01494	0.01977	0.08652	0.62006	0.11834	0.02226	0.00935	0.00292	0.00420	0.02003	0.00697	0.00612
29	0.00954	0.00753	0.00868	0.00906	0.01105	0.00668	0.00692	0.01182	0.01724	0.02177	0.16403	0.15940	0.41292	0.01906	0.00907	0.00268	0.00423	0.10479	0.00709	0.00643
30	0.01063	0.00784	0.01136	0.01136	0.01249	0.00897	0.00857	0.01289	0.01176	0.01681	0.02041	0.03205	0.01981	0.15711	0.60996	0.01123	0.01800	0.00838	0.00405	0.00631
31	0.01752	0.02003	0.04380	0.03129	0.03880	0.01877	0.66583	0.02378	0.01752	0.02378	0.01502	0.02003	0.01126	0.00626	0.00876	0.00250	0.01252	0.00876	0.00375	0.01001
32	0.00904	0.00669	0.00845	0.00979	0.01064	0.00611	0.00666	0.01051	0.01493	0.01950	0.06815	0.59009	0.16796	0.02217	0.00932	0.00290	0.00418	0.01985	0.00693	0.00611
33	0.00913	0.00653	0.00869	0.01028	0.01079	0.00609	0.00690	0.01056	0.01462	0.01960	0.07994	0.69338	0.05036	0.02277	0.00943	0.00297	0.00426	0.02064	0.00697	0.00609
34	0.02822	0.02079	0.02228	0.01708	0.02302	0.02302	0.01411	0.66804	0.03490	0.04679	0.01782	0.01782	0.01262	0.00891	0.00743	0.00223	0.00817	0.00668	0.00743	0.01262
35	0.23577	0.01309	0.01554	0.01229	0.01772	0.01244	0.01014	0.03235	0.01895	0.52047	0.02423	0.02174	0.01562	0.00857	0.00670	0.00230	0.00616	0.00655	0.00796	0.01141
36	0.00911	0.00657	0.00863	0.01016	0.01075	0.00609	0.00684	0.01054	0.01468	0.01955	0.07555	0.66937	0.07941	0.02264	0.00941	0.00296	0.00424	0.02046	0.00696	0.00609
37	0.02788	0.01510	0.01736	0.01406	0.01902	0.05533	0.01131	0.13758	0.09729	0.40091	0.05788	0.06936	0.02171	0.01031	0.00761	0.00233	0.00674	0.00841	0.00820	0.01161
38	0.01200	0.00941	0.01335	0.01273	0.01378	0.01153	0.01001	0.01441	0.01212	0.01821	0.01851	0.02742	0.01730	0.07354	0.48231	0.00910	0.15253	0.00770	0.07719	0.00685
39	0.00960	0.00721	0.00903	0.01019	0.01150	0.00663	0.00757	0.01156	0.01576	0.02025	0.07021	0.39656	0.22742	0.02121	0.00941	0.00293	0.00464	0.14509	0.00692	0.00629
40	0.01624	0.01624	0.02274	0.01949	0.01949	0.02274	0.01624	0.01787	0.01137	0.01787	0.00975	0.01624	0.00975	0.01299	0.02436	0.00325	0.72552	0.00650	0.00325	0.00812
41	0.66639	0.01604	0.03727	0.01111	0.01610	0.01749	0.00951	0.10409	0.01558	0.03467	0.01140	0.01292	0.00867	0.00715	0.00504	0.00229	0.00624	0.00441	0.00490	0.00873
42	0.00904	0.00646	0.00861	0.01034	0.01077	0.00603	0.00689	0.01034	0.01421	0.01895	0.04092	0.73426	0.04910	0.02326	0.00948	0.00301	0.00431	0.02110	0.00689	0.00603
43	0.71232	0.01454	0.01261	0.03640	0.06193	0.01672	0.00947	0.02179	0.01300	0.03220	0.01068	0.01275	0.00836	0.00689	0.00488	0.00230	0.00609	0.00428	0.00449	0.00830
44	0.04789	0.00797	0.00931	0.00893	0.01110	0.00728	0.00671	0.01369	0.01887	0.04505	0.39733	0.09865	0.26766	0.01629	0.00857	0.00243	0.00382	0.01400	0.00753	0.00691
45	0.02317	0.01600	0.01853	0.01505	0.01924	0.01764	0.01208	0.28248	0.11728	0.13868	0.02100	0.02386	0.01635	0.08731	0.04604	0.00333	0.08791	0.00743	0.00667	0.03995
46	0.01624	0.01624	0.02274	0.01949	0.01949	0.02274	0.01624	0.01787	0.01137	0.01787	0.00975	0.01624	0.00975	0.01299	0.02436	0.00325	0.72552	0.00650	0.00325	0.00812
47	0.75606	0.01430	0.01143	0.04223	0.01603	0.01665	0.00861	0.02169	0.01273	0.03265	0.01047	0.01241	0.00812	0.00692	0.00472	0.00231	0.00593	0.00414	0.00454	0.00805
48	0.02532	0.13019	0.02425	0.02016	0.08317	0.44259	0.01470	0.10869	0.02132	0.02224	0.01260	0.01468	0.01042	0.00899	0.02788	0.00224	0.01174	0.00517	0.00418	0.00947
49	0.00915	0.00739	0.00814	0.00827	0.01034	0.00638	0.00608	0.01126	0.01734	0.02179	0.18951	0.16065	0.48030	0.01872	0.00887	0.00254	0.00379	0.01599	0.00714	0.00638
