[name]
unknown

[dist]
# distance from previous block
# <min> <max>
22	37

[block]
# block no. 0 follows, 25 sequences, length 8
# corresponding to MSA columns:
# 42-49
name=unknown_A
#
# <colnr> <probs for GDERKNQSTAVLIFYWHMCP>
#	G	D	E	R	K	N	Q	S	T	A	V	L	I	F	Y	W	H	M	C	P
0	0.01615	0.01475	0.02330	0.58875	0.04797	0.01839	0.02054	0.07557	0.01704	0.02227	0.01390	0.02017	0.01057	0.00839	0.00927	0.00263	0.07061	0.00689	0.00382	0.00901
1	0.05817	0.01639	0.02569	0.31723	0.06059	0.01796	0.13246	0.08453	0.09093	0.02643	0.01646	0.02054	0.01244	0.00775	0.00768	0.00242	0.00949	0.00717	0.00464	0.08106
2	0.04169	0.11110	0.17892	0.04503	0.02763	0.01880	0.19012	0.02109	0.01520	0.02155	0.01534	0.02347	0.01372	0.13869	0.01557	0.00344	0.09809	0.00760	0.00379	0.00919
3	0.01077	0.00731	0.00860	0.00910	0.00922	0.00718	0.00538	0.01114	0.01226	0.01634	0.02946	0.23516	0.03453	0.53443	0.03135	0.00632	0.00669	0.01423	0.00538	0.00514
4	0.01343	0.00965	0.01163	0.01171	0.01325	0.00975	0.00827	0.12790	0.01888	0.02536	0.08504	0.46022	0.04320	0.10768	0.01310	0.00348	0.00554	0.01736	0.00709	0.00743
5	0.66190	0.01414	0.01164	0.01050	0.01500	0.01599	0.00850	0.02277	0.01397	0.07853	0.01500	0.07649	0.01295	0.00888	0.00546	0.00247	0.00591	0.00603	0.00534	0.00854
6	0.01954	0.01362	0.01498	0.01257	0.01623	0.01426	0.00975	0.26802	0.02331	0.03340	0.02278	0.08787	0.02022	0.10027	0.04750	0.00333	0.00722	0.00875	0.19593	0.08045
7	0.09820	0.02021	0.08029	0.07698	0.02385	0.07224	0.01419	0.19824	0.15632	0.03350	0.01966	0.02081	0.01474	0.00873	0.00703	0.00229	0.00796	0.00671	0.09286	0.04518

[dist]
# distance from previous block
# <min> <max>
23	35

[block]
# block no. 1 follows, 25 sequences, length 13
# corresponding to MSA columns:
# 97-109
name=unknown_B
#
# <colnr> <probs for GDERKNQSTAVLIFYWHMCP>
#	G	D	E	R	K	N	Q	S	T	A	V	L	I	F	Y	W	H	M	C	P
0	0.01094	0.00731	0.00862	0.00907	0.00937	0.00717	0.00552	0.01166	0.01297	0.01776	0.05820	0.22932	0.03591	0.46982	0.02841	0.00582	0.00633	0.01406	0.04637	0.00538
1	0.01076	0.00823	0.01132	0.08706	0.01617	0.00822	0.00891	0.01366	0.01793	0.02446	0.30456	0.25911	0.10522	0.02126	0.06400	0.00349	0.00604	0.01546	0.00710	0.00705
2	0.01217	0.00916	0.01061	0.01023	0.01205	0.00907	0.00728	0.04030	0.08917	0.02504	0.24639	0.13720	0.15565	0.18236	0.01611	0.00376	0.00517	0.01393	0.00715	0.00722
3	0.07742	0.01873	0.02554	0.25142	0.29598	0.08052	0.02010	0.09235	0.01909	0.02628	0.01425	0.01863	0.01125	0.00756	0.00743	0.00238	0.00969	0.00653	0.00423	0.01061
4	0.03479	0.01320	0.01799	0.01380	0.01979	0.01140	0.01140	0.03779	0.02219	0.68451	0.03059	0.02639	0.01919	0.00960	0.00780	0.00240	0.00660	0.00780	0.00960	0.01320
5	0.03006	0.02078	0.02269	0.01739	0.02358	0.02265	0.01437	0.58557	0.03489	0.11880	0.01993	0.01947	0.01385	0.00934	0.00776	0.00233	0.00832	0.00707	0.00796	0.01319
6	0.06810	0.00770	0.00888	0.00982	0.01092	0.00739	0.00663	0.01184	0.01464	0.02034	0.04376	0.43869	0.15762	0.13990	0.01433	0.00373	0.00501	0.01786	0.00660	0.00623
7	0.07660	0.34814	0.05396	0.09386	0.02456	0.07102	0.01481	0.08565	0.01821	0.07326	0.01353	0.01563	0.01091	0.00793	0.00755	0.00212	0.06240	0.00533	0.00440	0.01012
8	0.02553	0.01888	0.02058	0.01637	0.02167	0.02045	0.01323	0.51609	0.03189	0.04292	0.02227	0.13257	0.01927	0.01155	0.00800	0.00240	0.00773	0.00930	0.00750	0.05180
9	0.16280	0.08556	0.02874	0.02072	0.02573	0.10292	0.20066	0.05324	0.01701	0.02533	0.01281	0.01656	0.01049	0.00831	0.01063	0.00246	0.14884	0.00641	0.00416	0.05661
10	0.02198	0.01601	0.01795	0.01473	0.01968	0.01653	0.01167	0.26421	0.14174	0.08437	0.02531	0.14705	0.02207	0.01159	0.00780	0.00232	0.00672	0.00963	0.00724	0.15141
11	0.01229	0.01016	0.01102	0.01053	0.01268	0.05023	0.00788	0.04057	0.02045	0.02710	0.38238	0.12208	0.19468	0.01877	0.04157	0.00299	0.00544	0.01422	0.00759	0.00737
12	0.01138	0.00820	0.01021	0.01048	0.01179	0.00788	0.00735	0.05165	0.01824	0.02481	0.24946	0.35162	0.08304	0.10163	0.01290	0.00334	0.00479	0.01696	0.00738	0.00688

[dist]
# distance from previous block
# <min> <max>
3	8

[block]
# block no. 2 follows, 25 sequences, length 19
# corresponding to MSA columns:
# 118-136
name=unknown_C
#
# <colnr> <probs for GDERKNQSTAVLIFYWHMCP>
#	G	D	E	R	K	N	Q	S	T	A	V	L	I	F	Y	W	H	M	C	P
0	0.01191	0.00807	0.01041	0.00986	0.01173	0.00741	0.00730	0.01511	0.02072	0.05944	0.54064	0.10227	0.09399	0.05377	0.01073	0.00276	0.00407	0.01424	0.00823	0.00735
1	0.01896	0.01187	0.01430	0.01250	0.01591	0.01199	0.00966	0.07332	0.16313	0.16377	0.29081	0.07608	0.04361	0.04649	0.00994	0.00274	0.00539	0.01136	0.00830	0.00986
2	0.02503	0.01537	0.01770	0.01504	0.02003	0.01636	0.01195	0.03994	0.42678	0.27417	0.03120	0.02799	0.02201	0.01018	0.00786	0.00254	0.00631	0.00841	0.00852	0.01261
3	0.01061	0.00753	0.00895	0.00910	0.00999	0.00713	0.00594	0.01203	0.01543	0.02069	0.19981	0.16954	0.12869	0.33461	0.02277	0.00484	0.00555	0.01447	0.00642	0.00588
4	0.02893	0.02043	0.02217	0.01710	0.02298	0.02236	0.01401	0.57925	0.03423	0.09065	0.01972	0.02075	0.01434	0.04507	0.00934	0.00259	0.00835	0.00725	0.00773	0.01276
5	0.03479	0.01320	0.01799	0.01380	0.01979	0.01140	0.01140	0.03779	0.02219	0.68451	0.03059	0.02639	0.01919	0.00960	0.00780	0.00240	0.00660	0.00780	0.00960	0.01320
6	0.01023	0.00756	0.00928	0.00973	0.01109	0.00694	0.00692	0.01237	0.01739	0.02314	0.24318	0.26323	0.19281	0.10360	0.01304	0.00335	0.00460	0.04771	0.00731	0.00652
7	0.02771	0.01930	0.02114	0.01678	0.02251	0.02114	0.01367	0.41859	0.18852	0.13234	0.02343	0.02221	0.01658	0.00964	0.00779	0.00241	0.00768	0.00753	0.00804	0.01296
8	0.01193	0.00770	0.00987	0.00993	0.01103	0.00726	0.00679	0.01365	0.01671	0.05523	0.27218	0.23384	0.05009	0.19925	0.01806	0.04303	0.00517	0.01483	0.00699	0.00646
9	0.02061	0.00999	0.01330	0.01151	0.01485	0.00901	0.00892	0.02349	0.02020	0.29783	0.26131	0.10230	0.06821	0.05304	0.04641	0.00328	0.00606	0.01181	0.00837	0.00947
10	0.01181	0.00878	0.01198	0.01168	0.01253	0.01014	0.00859	0.01367	0.01222	0.01765	0.02118	0.03546	0.02132	0.25872	0.40247	0.00964	0.07688	0.00904	0.03985	0.00639
11	0.01098	0.00728	0.00900	0.00983	0.01045	0.00720	0.00657	0.01241	0.01382	0.01951	0.03259	0.32881	0.03666	0.25111	0.07473	0.00514	0.00678	0.03990	0.11123	0.00600
12	0.02384	0.08846	0.08800	0.02159	0.05624	0.26492	0.08532	0.12407	0.07853	0.02610	0.01520	0.01729	0.01198	0.00840	0.00854	0.00229	0.05770	0.00628	0.00473	0.01051
13	0.01511	0.01389	0.01958	0.10517	0.02311	0.05192	0.08125	0.05314	0.01558	0.02094	0.02113	0.15067	0.02146	0.08845	0.15375	0.00524	0.13653	0.01044	0.00470	0.00795
14	0.01983	0.01669	0.01869	0.04971	0.02093	0.06951	0.03691	0.19466	0.12511	0.02892	0.02027	0.02648	0.01732	0.12385	0.10472	0.03252	0.03614	0.00789	0.00573	0.04413
15	0.01616	0.01404	0.01896	0.14963	0.14185	0.07143	0.04473	0.01880	0.01557	0.05377	0.02210	0.13007	0.02245	0.22677	0.01760	0.00404	0.00870	0.01039	0.00482	0.00812
16	0.01647	0.01574	0.02657	0.43196	0.21844	0.01787	0.06448	0.02285	0.06564	0.02260	0.01548	0.02092	0.01197	0.00765	0.00784	0.00251	0.00990	0.00719	0.00392	0.01000
17	0.02075	0.02157	0.02604	0.12581	0.35210	0.17814	0.01962	0.05255	0.01904	0.02386	0.01544	0.05366	0.01346	0.00823	0.00757	0.00227	0.01010	0.00714	0.00420	0.03845
18	0.01831	0.01671	0.02399	0.19718	0.27650	0.05127	0.01851	0.04497	0.05620	0.04529	0.01913	0.02399	0.04411	0.04496	0.01020	0.00266	0.04600	0.00749	0.00453	0.04799

[dist]
# distance from previous block
# <min> <max>
58	199

[block]
# block no. 3 follows, 25 sequences, length 11
# corresponding to MSA columns:
# 364-374
name=unknown_D
#
# <colnr> <probs for GDERKNQSTAVLIFYWHMCP>
#	G	D	E	R	K	N	Q	S	T	A	V	L	I	F	Y	W	H	M	C	P
0	0.02212	0.01973	0.09370	0.01621	0.02117	0.01893	0.01400	0.35707	0.07508	0.03598	0.02168	0.08392	0.01904	0.12170	0.01352	0.00328	0.03653	0.00891	0.00657	0.01084
1	0.24791	0.07711	0.04212	0.01445	0.04488	0.01775	0.01171	0.16991	0.04434	0.08419	0.11822	0.02371	0.02170	0.00935	0.00674	0.00231	0.00669	0.00709	0.03964	0.01019
2	0.05471	0.14480	0.02188	0.04594	0.02087	0.07531	0.01218	0.08889	0.02148	0.30633	0.08660	0.04650	0.02169	0.00981	0.00730	0.00226	0.00752	0.00771	0.00717	0.01106
3	0.04561	0.00874	0.01100	0.01076	0.01305	0.00799	0.00792	0.01744	0.01808	0.15387	0.17559	0.33257	0.13060	0.01834	0.00903	0.00275	0.00472	0.01610	0.00785	0.00799
4	0.08151	0.01987	0.16183	0.02160	0.05631	0.01513	0.20066	0.02072	0.01709	0.02545	0.09341	0.11242	0.02492	0.01120	0.00897	0.00263	0.03304	0.05177	0.00500	0.03646
5	0.01922	0.01401	0.01627	0.01223	0.01816	0.01207	0.00982	0.11836	0.02026	0.08673	0.07302	0.02179	0.01823	0.00771	0.00650	0.00159	0.00592	0.00622	0.05791	0.47396
6	0.01600	0.01118	0.01551	0.01384	0.01663	0.01090	0.06449	0.08778	0.01848	0.10164	0.03657	0.36254	0.09356	0.04595	0.01088	0.00298	0.03216	0.01541	0.00692	0.03658
7	0.01922	0.01804	0.09612	0.06746	0.02344	0.01564	0.01395	0.12005	0.17414	0.07262	0.04526	0.02718	0.05546	0.00954	0.00747	0.00221	0.00719	0.02451	0.00627	0.19422
8	0.01365	0.01100	0.01098	0.01044	0.01171	0.06687	0.00682	0.04164	0.01484	0.01932	0.07317	0.12701	0.03105	0.44642	0.02713	0.00547	0.00733	0.01163	0.00536	0.05817
9	0.11349	0.01625	0.06463	0.01463	0.01981	0.01512	0.01270	0.08321	0.09211	0.25368	0.07128	0.02674	0.02085	0.01019	0.00898	0.00246	0.06685	0.03085	0.00716	0.06901
10	0.01920	0.05226	0.18338	0.10322	0.05500	0.06277	0.01776	0.05485	0.21385	0.06783	0.07312	0.02451	0.01996	0.00925	0.00765	0.00244	0.00862	0.00756	0.00575	0.01101

[dist]
# distance from previous block
# <min> <max>
30	75

[block]
# block no. 4 follows, 25 sequences, length 27
# corresponding to MSA columns:
# 466-492
name=unknown_E
#
# <colnr> <probs for GDERKNQSTAVLIFYWHMCP>
#	G	D	E	R	K	N	Q	S	T	A	V	L	I	F	Y	W	H	M	C	P
0	0.11286	0.18952	0.11438	0.01453	0.01975	0.01911	0.01368	0.09409	0.01794	0.04343	0.04506	0.12508	0.03675	0.01111	0.00851	0.00236	0.06861	0.00845	0.00514	0.04962
1	0.07844	0.13603	0.20704	0.04934	0.08604	0.04682	0.09763	0.02343	0.01766	0.05598	0.10962	0.02282	0.01981	0.00846	0.00731	0.00231	0.00923	0.00721	0.00463	0.01019
2	0.01854	0.01202	0.01653	0.04973	0.12200	0.01108	0.01163	0.02221	0.03905	0.17719	0.10921	0.10295	0.11645	0.04230	0.00938	0.00255	0.00618	0.01066	0.00677	0.11357
3	0.02072	0.01715	0.01644	0.01385	0.01840	0.10823	0.01088	0.14330	0.12789	0.08958	0.08539	0.03518	0.16167	0.01164	0.00784	0.00226	0.00699	0.00934	0.00697	0.10629
4	0.05195	0.05077	0.01952	0.11572	0.05066	0.08333	0.01335	0.22512	0.02406	0.03163	0.11431	0.06256	0.10204	0.01147	0.00788	0.00239	0.00783	0.00931	0.00629	0.00981
5	0.04502	0.03543	0.08418	0.01667	0.04953	0.03804	0.01359	0.13386	0.01787	0.02520	0.01894	0.06735	0.01774	0.09678	0.21565	0.00599	0.09608	0.00833	0.00486	0.00890
6	0.04954	0.08835	0.01966	0.04569	0.05411	0.20022	0.01293	0.02158	0.03747	0.01993	0.01647	0.02209	0.01461	0.02988	0.30835	0.00665	0.03327	0.00668	0.00411	0.00841
7	0.13631	0.08409	0.01593	0.01197	0.01527	0.01476	0.00929	0.13144	0.04648	0.05953	0.11134	0.13850	0.02968	0.14656	0.01349	0.00340	0.00645	0.01048	0.00639	0.00863
8	0.04815	0.00952	0.01194	0.01072	0.01362	0.00851	0.04479	0.01476	0.01717	0.05077	0.13411	0.15112	0.29437	0.07652	0.01126	0.00294	0.00518	0.01407	0.00674	0.07373
9	0.01483	0.07463	0.01378	0.01110	0.01276	0.08916	0.00768	0.04060	0.04237	0.01871	0.02720	0.11993	0.06456	0.40178	0.02500	0.00518	0.00774	0.01121	0.00519	0.00659
10	0.16927	0.01749	0.08523	0.22012	0.13124	0.01715	0.01752	0.02560	0.12170	0.05702	0.01843	0.02353	0.01458	0.00873	0.00730	0.00254	0.00839	0.03907	0.00496	0.01014
11	0.01741	0.22239	0.42966	0.02303	0.11330	0.02145	0.02391	0.02410	0.01637	0.02297	0.01316	0.01568	0.01017	0.00711	0.00677	0.00222	0.01032	0.00546	0.00336	0.01116
12	0.02678	0.01927	0.02094	0.01632	0.02190	0.02086	0.01322	0.49149	0.06984	0.07685	0.02023	0.02228	0.01533	0.07151	0.01040	0.00273	0.00804	0.00736	0.00741	0.05725
13	0.04471	0.04287	0.01747	0.01669	0.09944	0.01329	0.01154	0.04999	0.11498	0.17495	0.26109	0.03751	0.05931	0.01177	0.00811	0.00241	0.00584	0.01006	0.00767	0.01031
14	0.01484	0.01406	0.02330	0.64912	0.05053	0.01779	0.02114	0.01971	0.01519	0.01971	0.01347	0.02035	0.01032	0.00826	0.00929	0.00265	0.07134	0.00688	0.00344	0.00860
15	0.01646	0.03536	0.52254	0.09566	0.03395	0.07632	0.02585	0.02415	0.01684	0.02349	0.01515	0.02035	0.01171	0.00820	0.00755	0.00249	0.01133	0.03833	0.00356	0.01071
16	0.14271	0.17354	0.44759	0.01839	0.02779	0.02043	0.02226	0.02400	0.01573	0.02498	0.01278	0.01497	0.00961	0.00719	0.00647	0.00229	0.00993	0.00516	0.00353	0.01066
17	0.01012	0.00818	0.01180	0.01196	0.01351	0.00746	0.06058	0.01204	0.01577	0.02047	0.04858	0.51737	0.18934	0.02176	0.00967	0.00298	0.00508	0.01968	0.00692	0.00670
18	0.01360	0.01193	0.01694	0.01549	0.01617	0.01550	0.01237	0.01568	0.01211	0.01803	0.01656	0.02640	0.01620	0.09497	0.35594	0.00819	0.31474	0.00791	0.00387	0.00740
19	0.02082	0.01554	0.01801	0.01698	0.04780	0.01701	0.01319	0.14508	0.31759	0.08730	0.03065	0.04024	0.02586	0.01264	0.00851	0.00276	0.00698	0.15408	0.00766	0.01130
20	0.01141	0.00751	0.00832	0.00832	0.00863	0.00743	0.00483	0.01183	0.01208	0.01655	0.02780	0.05038	0.06702	0.62441	0.03478	0.00674	0.00697	0.01125	0.06871	0.00502
21	0.07649	0.01054	0.01258	0.01235	0.01405	0.05203	0.00944	0.01539	0.01299	0.01918	0.01975	0.02988	0.01872	0.11395	0.53502	0.01052	0.01787	0.00804	0.00425	0.00696
22	0.14655	0.05647	0.43851	0.07833	0.04928	0.01839	0.06057	0.02381	0.01588	0.02572	0.01338	0.01629	0.00981	0.00728	0.00699	0.00243	0.01036	0.00574	0.00360	0.01061
23	0.02657	0.08889	0.07541	0.01628	0.04888	0.01651	0.01375	0.12566	0.07831	0.30444	0.04708	0.02321	0.01803	0.00895	0.00735	0.00223	0.00734	0.00715	0.00733	0.07663
24	0.02627	0.06915	0.05210	0.02233	0.10691	0.31519	0.01634	0.20486	0.06278	0.02917	0.01534	0.01684	0.01197	0.00827	0.00725	0.00217	0.01095	0.00600	0.00519	0.01094
25	0.01844	0.02102	0.09106	0.02750	0.12188	0.04753	0.22414	0.06008	0.04041	0.02450	0.01625	0.06196	0.01412	0.00984	0.01260	0.00274	0.18299	0.00841	0.00429	0.01024
26	0.02383	0.02052	0.06218	0.01962	0.08432	0.04785	0.01514	0.38739	0.02793	0.03771	0.01886	0.05955	0.01535	0.01373	0.06745	0.00315	0.00961	0.00761	0.00636	0.07182

[dist]
# distance from previous block
# <min> <max>
39	63

[block]
# block no. 5 follows, 25 sequences, length 9
# corresponding to MSA columns:
# 560-568
name=unknown_F
#
# <colnr> <probs for GDERKNQSTAVLIFYWHMCP>
#	G	D	E	R	K	N	Q	S	T	A	V	L	I	F	Y	W	H	M	C	P
0	0.17261	0.02906	0.30968	0.12921	0.03106	0.10567	0.02063	0.07090	0.01780	0.02694	0.01336	0.01616	0.00989	0.00762	0.00689	0.00240	0.01029	0.00561	0.00403	0.01020
1	0.64564	0.01412	0.01206	0.05596	0.01713	0.01626	0.00914	0.02168	0.01433	0.03339	0.08532	0.01820	0.01577	0.00820	0.00548	0.00242	0.00602	0.00547	0.00513	0.00829
2	0.01910	0.01422	0.01681	0.01398	0.01780	0.01495	0.01103	0.19151	0.06456	0.06553	0.11511	0.08362	0.02665	0.06208	0.05491	0.00332	0.07186	0.00930	0.00657	0.13710
3	0.01937	0.01484	0.01701	0.06363	0.02018	0.01517	0.01095	0.24132	0.04836	0.03124	0.05270	0.02854	0.01978	0.18646	0.01520	0.00337	0.00741	0.00790	0.00598	0.19057
4	0.08049	0.01766	0.01949	0.17854	0.07403	0.14830	0.01524	0.02040	0.01568	0.02088	0.01743	0.11535	0.01689	0.01677	0.09053	0.00379	0.12731	0.00852	0.00428	0.00840
5	0.07199	0.02119	0.02737	0.05858	0.30064	0.12413	0.08538	0.12837	0.02113	0.02838	0.01775	0.02075	0.04355	0.00810	0.00762	0.00232	0.00983	0.00713	0.00473	0.01105
6	0.01678	0.01993	0.11654	0.35576	0.08130	0.05395	0.06762	0.04942	0.01694	0.02236	0.01617	0.02119	0.03562	0.00870	0.00968	0.00260	0.08494	0.00715	0.00384	0.00951
7	0.05732	0.11181	0.07680	0.09946	0.21975	0.08226	0.08709	0.02266	0.01779	0.02406	0.08592	0.02375	0.04180	0.00848	0.00747	0.00230	0.00930	0.00749	0.00438	0.01009
8	0.07850	0.22916	0.02601	0.01626	0.03860	0.06503	0.05959	0.08839	0.01815	0.04900	0.04107	0.02693	0.01791	0.10194	0.01245	0.00298	0.06214	0.05173	0.00489	0.00925

[dist]
# distance from previous block
# <min> <max>
28	55

[block]
# block no. 6 follows, 25 sequences, length 43
# corresponding to MSA columns:
# 631-673
name=unknown_G
#
# <colnr> <probs for GDERKNQSTAVLIFYWHMCP>
#	G	D	E	R	K	N	Q	S	T	A	V	L	I	F	Y	W	H	M	C	P
0	0.01901	0.08684	0.01731	0.01281	0.01644	0.04309	0.01028	0.04783	0.06447	0.15160	0.21814	0.10312	0.06690	0.01305	0.00908	0.00240	0.04793	0.01073	0.00721	0.05175
1	0.06360	0.08075	0.02148	0.01815	0.04884	0.32663	0.01370	0.08647	0.08788	0.02524	0.01589	0.01781	0.01279	0.00869	0.00805	0.00218	0.05970	0.00591	0.08657	0.00968
2	0.02163	0.25878	0.08982	0.01929	0.05236	0.13494	0.08104	0.12321	0.02009	0.02472	0.01427	0.01717	0.01178	0.01302	0.08268	0.00321	0.01146	0.00597	0.00430	0.01026
3	0.07151	0.02009	0.02680	0.16528	0.32377	0.12493	0.05539	0.02534	0.04169	0.05032	0.01509	0.01896	0.01195	0.00748	0.00749	0.00235	0.00997	0.00665	0.00423	0.01073
4	0.13907	0.13349	0.02336	0.04945	0.04185	0.10218	0.04117	0.02153	0.01535	0.02250	0.01552	0.01907	0.04502	0.01135	0.04017	0.00279	0.17522	0.00617	0.00407	0.09067
5	0.01780	0.14287	0.02342	0.14334	0.02529	0.09710	0.01471	0.04977	0.01613	0.02068	0.01607	0.09010	0.01543	0.01526	0.07553	0.00342	0.17008	0.00773	0.00419	0.05108
6	0.01788	0.04510	0.01901	0.07799	0.04776	0.01524	0.01234	0.15392	0.02027	0.02842	0.04691	0.11314	0.04374	0.01066	0.00859	0.00212	0.05648	0.00863	0.00559	0.26620
7	0.02398	0.01951	0.06055	0.01595	0.02211	0.01891	0.01362	0.36434	0.09166	0.06529	0.06535	0.02208	0.01815	0.00910	0.00746	0.00215	0.00752	0.00715	0.00702	0.15809
8	0.01774	0.21181	0.31218	0.02542	0.16936	0.02097	0.05775	0.02343	0.01632	0.02262	0.01333	0.01654	0.01066	0.00789	0.00792	0.03593	0.01004	0.00581	0.00345	0.01084
9	0.01770	0.01797	0.03235	0.05902	0.08042	0.01914	0.30591	0.04406	0.09900	0.02477	0.01834	0.06018	0.01546	0.01120	0.03547	0.00309	0.13216	0.00903	0.00461	0.01013
10	0.01543	0.01251	0.01468	0.01347	0.01565	0.05373	0.04436	0.13275	0.01887	0.02476	0.05462	0.29348	0.03325	0.16830	0.06375	0.00443	0.00805	0.01394	0.00624	0.00773
11	0.02207	0.13111	0.02710	0.18077	0.07639	0.02271	0.03793	0.26185	0.05404	0.03164	0.01581	0.01859	0.01216	0.00866	0.00877	0.00239	0.06503	0.00665	0.00531	0.01104
12	0.05874	0.04280	0.02068	0.01791	0.08810	0.01608	0.01320	0.17788	0.04548	0.34291	0.05242	0.02435	0.01880	0.01103	0.03151	0.00270	0.00771	0.00755	0.00785	0.01228
13	0.01108	0.00831	0.01246	0.01246	0.01385	0.00969	0.00969	0.01385	0.01246	0.01800	0.02077	0.03046	0.01938	0.05815	0.69678	0.01246	0.02077	0.00831	0.00415	0.00692
14	0.02393	0.05883	0.02305	0.12543	0.02743	0.39777	0.01606	0.05864	0.01953	0.02054	0.01252	0.01617	0.01052	0.01039	0.03096	0.00263	0.12680	0.00574	0.00398	0.00905
15	0.01617	0.01599	0.02524	0.36916	0.03934	0.05275	0.11406	0.02053	0.01547	0.02072	0.01431	0.02064	0.01150	0.01134	0.04677	0.00318	0.14090	0.00721	0.04601	0.00872
16	0.01010	0.00691	0.00878	0.01016	0.01064	0.00656	0.00666	0.01139	0.01436	0.01966	0.03852	0.56403	0.04530	0.13798	0.01441	0.00377	0.00493	0.01924	0.06050	0.00610
17	0.00949	0.00684	0.00900	0.01064	0.01123	0.00635	0.00715	0.01095	0.01522	0.02026	0.06770	0.67196	0.07692	0.02379	0.00984	0.00310	0.00444	0.02152	0.00725	0.00635
18	0.01704	0.01593	0.02645	0.42211	0.29567	0.01798	0.02212	0.04833	0.01723	0.02320	0.01430	0.02001	0.01121	0.00749	0.00772	0.00246	0.00982	0.00690	0.00378	0.01024
19	0.07266	0.25715	0.26188	0.01748	0.02524	0.02070	0.07045	0.02418	0.01651	0.07793	0.01608	0.05275	0.01318	0.00816	0.00665	0.00221	0.00914	0.00645	0.03079	0.01040
20	0.78228	0.01499	0.01140	0.01020	0.01499	0.01739	0.00840	0.02279	0.01320	0.03479	0.01080	0.01260	0.00840	0.00720	0.00480	0.00240	0.00600	0.00420	0.00480	0.00840
21	0.01464	0.01378	0.02326	0.70887	0.05340	0.01723	0.02153	0.01981	0.01550	0.01981	0.01378	0.02067	0.01034	0.00775	0.00775	0.00258	0.01034	0.00689	0.00345	0.00861
22	0.00941	0.00691	0.00883	0.01038	0.01114	0.00633	0.00701	0.01084	0.01525	0.01996	0.04783	0.63022	0.14022	0.02363	0.00979	0.00307	0.00442	0.02123	0.00720	0.00633
23	0.04614	0.01653	0.02029	0.05571	0.10102	0.04691	0.01484	0.13901	0.10571	0.11397	0.05369	0.03231	0.02176	0.01158	0.01029	0.00269	0.09368	0.09674	0.00647	0.01066
24	0.01946	0.56288	0.19882	0.01543	0.02324	0.02758	0.01703	0.02354	0.01591	0.01979	0.01155	0.01340	0.00992	0.00681	0.00556	0.00185	0.00907	0.00453	0.00331	0.01032
25	0.01601	0.00873	0.00889	0.00833	0.01059	0.00897	0.00639	0.08391	0.01835	0.03098	0.02460	0.02784	0.01918	0.00906	0.00566	0.00186	0.00412	0.00720	0.69149	0.00784
26	0.00975	0.00765	0.00882	0.00901	0.01095	0.00672	0.00657	0.01208	0.01833	0.02365	0.24430	0.20302	0.37255	0.01950	0.00931	0.00268	0.00397	0.01685	0.00759	0.00672
27	0.01946	0.15264	0.30031	0.09561	0.07381	0.07547	0.04862	0.10010	0.01921	0.02550	0.01389	0.01661	0.01056	0.00750	0.00711	0.00228	0.01056	0.00589	0.00396	0.01091
28	0.01013	0.00772	0.01016	0.01219	0.04871	0.00715	0.00783	0.01192	0.01597	0.02109	0.09858	0.49305	0.16084	0.04345	0.01049	0.00308	0.00469	0.01920	0.00704	0.00671
29	0.00943	0.00681	0.00893	0.01063	0.01120	0.00631	0.00713	0.01081	0.01500	0.01986	0.04472	0.68661	0.08584	0.02403	0.00986	0.00312	0.00447	0.02173	0.00720	0.00631
30	0.01612	0.03652	0.57450	0.02547	0.10068	0.01816	0.07194	0.02450	0.01664	0.02465	0.01411	0.01698	0.01021	0.00726	0.00752	0.00245	0.01134	0.00609	0.00338	0.01147
31	0.06212	0.61493	0.03656	0.01342	0.01931	0.02841	0.01299	0.02243	0.01523	0.01917	0.01131	0.01370	0.01041	0.00993	0.04503	0.00240	0.04510	0.00452	0.00345	0.00962
32	0.01150	0.00821	0.01135	0.01314	0.01449	0.00807	0.01076	0.01434	0.01687	0.02209	0.04160	0.29499	0.04680	0.02236	0.01044	0.00343	0.00628	0.42925	0.00716	0.00686
33	0.07301	0.16478	0.51928	0.01961	0.02969	0.02028	0.02434	0.02418	0.01602	0.02416	0.01311	0.01537	0.00974	0.00722	0.00674	0.00231	0.01048	0.00533	0.00339	0.01096
34	0.01685	0.01646	0.02886	0.29945	0.16955	0.01784	0.16637	0.02418	0.09580	0.02379	0.01796	0.02490	0.01446	0.00835	0.00823	0.00259	0.01007	0.03978	0.00437	0.01014
35	0.01812	0.01958	0.07302	0.24507	0.23126	0.06922	0.05071	0.04946	0.01744	0.02326	0.01497	0.02179	0.01249	0.00870	0.00973	0.00257	0.08535	0.03317	0.00395	0.01015
36	0.54223	0.15612	0.01847	0.01183	0.01705	0.05246	0.01013	0.07045	0.01585	0.03188	0.01143	0.01308	0.00913	0.00728	0.00516	0.00223	0.00701	0.00443	0.00469	0.00909
37	0.01199	0.00885	0.01081	0.01156	0.01294	0.00877	0.00813	0.08076	0.04541	0.02352	0.04220	0.57177	0.08998	0.02177	0.00953	0.00300	0.00496	0.01946	0.00729	0.00731
38	0.00945	0.00675	0.00900	0.01080	0.01125	0.00630	0.00720	0.01080	0.01484	0.01979	0.04274	0.72245	0.05128	0.02429	0.00990	0.00315	0.00450	0.02204	0.00720	0.00630
39	0.02161	0.65792	0.03864	0.01398	0.02034	0.10178	0.01345	0.02404	0.01642	0.01832	0.01091	0.01260	0.00995	0.00678	0.00519	0.00169	0.00890	0.00424	0.00339	0.00985
40	0.01249	0.00892	0.01249	0.01428	0.01606	0.00892	0.01249	0.01606	0.01785	0.02320	0.04105	0.08746	0.04462	0.02142	0.01071	0.00357	0.00714	0.62695	0.00714	0.00714
41	0.02413	0.36149	0.03048	0.01613	0.02166	0.23396	0.01386	0.10063	0.08710	0.02349	0.01421	0.01533	0.01175	0.00776	0.00622	0.00194	0.00985	0.00521	0.00451	0.01027
42	0.01974	0.01947	0.03094	0.04603	0.64220	0.05665	0.02330	0.02420	0.01790	0.02497	0.01444	0.01890	0.01215	0.00697	0.00764	0.00229	0.00948	0.00680	0.00385	0.01210

[dist]
# distance from previous block
# <min> <max>
0	4

[block]
# block no. 7 follows, 25 sequences, length 206
# corresponding to MSA columns:
# 678-883
name=unknown_H
#
# <colnr> <probs for GDERKNQSTAVLIFYWHMCP>
#	G	D	E	R	K	N	Q	S	T	A	V	L	I	F	Y	W	H	M	C	P
0	0.01153	0.00818	0.00979	0.00922	0.01158	0.00723	0.00697	0.01449	0.02028	0.06181	0.40695	0.06279	0.30666	0.01700	0.00908	0.00251	0.00392	0.01461	0.00807	0.00733
1	0.01108	0.00831	0.01246	0.01246	0.01385	0.00969	0.00969	0.01385	0.01246	0.01800	0.02077	0.03046	0.01938	0.05815	0.69678	0.01246	0.02077	0.00831	0.00415	0.00692
2	0.01696	0.01696	0.02375	0.02036	0.02036	0.02375	0.01696	0.01866	0.01187	0.01866	0.01018	0.01696	0.01018	0.01357	0.02545	0.00339	0.71332	0.00679	0.00339	0.00848
3	0.09755	0.01313	0.01715	0.01351	0.01920	0.01178	0.01120	0.03541	0.02120	0.59567	0.02942	0.02829	0.01955	0.00999	0.00769	0.00246	0.00657	0.03868	0.00906	0.01248
4	0.17721	0.01710	0.02383	0.20336	0.27047	0.01887	0.01849	0.13033	0.01940	0.02990	0.01429	0.01811	0.01114	0.00759	0.00712	0.00240	0.00872	0.00636	0.00461	0.01070
5	0.01128	0.00752	0.00846	0.00846	0.00846	0.00752	0.00470	0.01128	0.01128	0.01503	0.02443	0.05074	0.02819	0.72751	0.03946	0.00752	0.00752	0.01128	0.00470	0.00470
6	0.01117	0.00751	0.00867	0.00876	0.00884	0.00756	0.00505	0.01137	0.01151	0.01541	0.02518	0.08364	0.02895	0.66139	0.06812	0.00752	0.00797	0.01168	0.00480	0.00488
7	0.02004	0.08779	0.11025	0.09680	0.26914	0.13885	0.11976	0.02488	0.01799	0.02289	0.01380	0.01775	0.01111	0.00715	0.00752	0.00229	0.01095	0.00653	0.00373	0.01076
8	0.01439	0.01126	0.01247	0.01245	0.03725	0.04007	0.00907	0.02015	0.12277	0.07096	0.20251	0.10834	0.24800	0.01607	0.00884	0.00261	0.00522	0.04162	0.00754	0.00842
9	0.01445	0.00723	0.00723	0.00723	0.00903	0.00723	0.00542	0.01807	0.01626	0.02891	0.02529	0.02891	0.01987	0.00903	0.00542	0.00181	0.00361	0.00723	0.77055	0.00723
10	0.01930	0.01857	0.02971	0.13540	0.54634	0.04223	0.02284	0.04731	0.01822	0.02525	0.01454	0.01919	0.01197	0.00715	0.00767	0.00233	0.00951	0.00684	0.00394	0.01170
11	0.05679	0.01857	0.02327	0.05075	0.25060	0.04612	0.01659	0.24753	0.05284	0.03345	0.02479	0.02617	0.09917	0.00967	0.00775	0.00237	0.00823	0.00805	0.00589	0.01142
12	0.01808	0.01998	0.04201	0.09464	0.11945	0.01925	0.51861	0.02426	0.01797	0.02445	0.01538	0.02068	0.01170	0.00669	0.00885	0.00257	0.01236	0.00868	0.00387	0.01052
13	0.01865	0.01825	0.02928	0.18876	0.51517	0.04841	0.02292	0.02326	0.01738	0.02386	0.01430	0.01928	0.01176	0.00714	0.00766	0.00235	0.00967	0.00682	0.00376	0.01134
14	0.03422	0.01332	0.01798	0.01387	0.01981	0.01168	0.01143	0.03791	0.04555	0.66083	0.03062	0.02648	0.01936	0.00963	0.00780	0.00241	0.00658	0.00783	0.00953	0.01316
15	0.01091	0.00792	0.01027	0.00968	0.01154	0.00729	0.00726	0.01450	0.02179	0.03072	0.65296	0.05854	0.09548	0.01599	0.00915	0.00245	0.00367	0.01411	0.00849	0.00729
16	0.02002	0.11256	0.03206	0.03931	0.49448	0.06624	0.04819	0.02497	0.04426	0.02425	0.01466	0.01843	0.01227	0.00708	0.00735	0.00222	0.00946	0.00659	0.00395	0.01168
17	0.01582	0.03839	0.63271	0.02361	0.06067	0.01809	0.05501	0.02454	0.01651	0.02460	0.01402	0.01668	0.01001	0.00731	0.00746	0.00246	0.01143	0.00592	0.00333	0.01145
18	0.03479	0.01320	0.01799	0.01380	0.01979	0.01140	0.01140	0.03779	0.02219	0.68451	0.03059	0.02639	0.01919	0.00960	0.00780	0.00240	0.00660	0.00780	0.00960	0.01320
19	0.01206	0.00813	0.00910	0.00886	0.00913	0.00823	0.00513	0.03902	0.01236	0.01650	0.02418	0.04935	0.02754	0.69648	0.03809	0.00729	0.00756	0.01109	0.00483	0.00506
20	0.01516	0.08266	0.02474	0.55948	0.04632	0.01782	0.04651	0.01992	0.01565	0.02019	0.01518	0.04931	0.01239	0.00832	0.00755	0.00249	0.00978	0.00736	0.03049	0.00868
21	0.01125	0.00762	0.00898	0.00898	0.00916	0.00780	0.00535	0.01161	0.01143	0.01542	0.02395	0.04809	0.02704	0.63991	0.12549	0.00816	0.00925	0.01089	0.00463	0.00499
22	0.01647	0.01301	0.01374	0.01257	0.01617	0.01407	0.00966	0.02987	0.38541	0.05508	0.04363	0.04215	0.20207	0.03941	0.00921	0.00273	0.00540	0.01078	0.06852	0.01006
23	0.01991	0.01869	0.02963	0.10844	0.55767	0.05215	0.02260	0.02437	0.01786	0.05269	0.01506	0.01938	0.01227	0.00716	0.00765	0.00232	0.00945	0.00685	0.00405	0.01180
24	0.00945	0.00675	0.00900	0.01080	0.01125	0.00630	0.00720	0.01080	0.01484	0.01979	0.04274	0.72245	0.05128	0.02429	0.00990	0.00315	0.00450	0.02204	0.00720	0.00630
25	0.00938	0.00786	0.00815	0.00808	0.01060	0.00664	0.00606	0.01154	0.01817	0.02213	0.14824	0.07267	0.60556	0.01919	0.00916	0.00260	0.00390	0.01609	0.00736	0.00664
26	0.01746	0.01443	0.01894	0.03978	0.02129	0.01270	0.06003	0.07616	0.01798	0.05124	0.01780	0.08918	0.01591	0.00854	0.00755	0.00176	0.03512	0.00723	0.00519	0.48170
27	0.02857	0.03612	0.02179	0.01980	0.02381	0.66864	0.01487	0.03138	0.04832	0.01953	0.01279	0.01459	0.01055	0.00809	0.00703	0.00202	0.01366	0.00515	0.00415	0.00912
28	0.01608	0.01378	0.01608	0.01148	0.01837	0.01034	0.00919	0.01952	0.01608	0.02527	0.01378	0.01608	0.01148	0.00574	0.00574	0.00115	0.00574	0.00459	0.00459	0.77491
29	0.01968	0.01685	0.01775	0.01586	0.02031	0.01947	0.01237	0.06464	0.64106	0.03306	0.03106	0.02853	0.02327	0.01047	0.00788	0.00262	0.00623	0.00870	0.00788	0.01231
30	0.00990	0.00707	0.00951	0.01131	0.01196	0.00669	0.00798	0.01157	0.01529	0.02030	0.04249	0.62878	0.05030	0.02387	0.01002	0.00321	0.00489	0.11128	0.00719	0.00642
31	0.02947	0.02172	0.02327	0.01784	0.02404	0.02404	0.01474	0.65329	0.03646	0.04887	0.01862	0.01862	0.01319	0.00931	0.00776	0.00233	0.00853	0.00698	0.00776	0.01319
32	0.01929	0.01666	0.01753	0.01578	0.02016	0.01929	0.01227	0.04120	0.66513	0.03243	0.03156	0.02893	0.02367	0.01052	0.00789	0.00263	0.00614	0.00877	0.00789	0.01227
33	0.01126	0.00758	0.00879	0.00879	0.00891	0.00770	0.00512	0.01149	0.01138	0.01528	0.02412	0.04903	0.02745	0.67114	0.09482	0.00793	0.00863	0.01103	0.00465	0.00489
34	0.02896	0.03695	0.02197	0.01998	0.02397	0.69638	0.01498	0.03096	0.02197	0.01898	0.01199	0.01398	0.00999	0.00799	0.00699	0.00200	0.01398	0.00499	0.00400	0.00899
35	0.01249	0.00892	0.01249	0.01428	0.01606	0.00892	0.01249	0.01606	0.01785	0.02320	0.04105	0.08746	0.04462	0.02142	0.01071	0.00357	0.00714	0.62695	0.00714	0.00714
36	0.00953	0.00678	0.00897	0.01070	0.01113	0.00635	0.00709	0.01082	0.01469	0.01959	0.04194	0.69342	0.05028	0.05468	0.01117	0.00334	0.00463	0.02158	0.00709	0.00623
37	0.01202	0.00859	0.01195	0.01374	0.01531	0.00851	0.01167	0.01524	0.01738	0.02267	0.04132	0.18647	0.04566	0.02187	0.01058	0.00350	0.00673	0.53263	0.00715	0.00701
38	0.02868	0.02132	0.02282	0.01768	0.02374	0.02367	0.01454	0.60529	0.08575	0.04758	0.01963	0.01942	0.01401	0.00940	0.00777	0.00235	0.00834	0.00712	0.00777	0.01311
39	0.01088	0.00792	0.01024	0.00966	0.01153	0.00728	0.00724	0.01446	0.02173	0.03058	0.64501	0.05876	0.10352	0.01604	0.00915	0.00245	0.00367	0.01414	0.00847	0.00728
40	0.01445	0.00723	0.00723	0.00723	0.00903	0.00723	0.00542	0.01807	0.01626	0.02891	0.02529	0.02891	0.01987	0.00903	0.00542	0.00181	0.00361	0.00723	0.77055	0.00723
41	0.08747	0.01400	0.01767	0.01388	0.01964	0.01310	0.01139	0.06061	0.08571	0.54833	0.02879	0.02534	0.01862	0.00950	0.00759	0.00242	0.00658	0.00760	0.00901	0.01275
42	0.02784	0.02142	0.02239	0.01758	0.02313	0.05403	0.01441	0.54368	0.05955	0.04455	0.01867	0.01913	0.01357	0.00950	0.00853	0.00236	0.04400	0.00696	0.03622	0.01249
43	0.02884	0.02138	0.02327	0.04741	0.02530	0.02375	0.01503	0.62618	0.03556	0.04762	0.01841	0.01870	0.01306	0.00924	0.00776	0.00234	0.00861	0.00698	0.00757	0.01299
44	0.01755	0.01928	0.04048	0.10838	0.08842	0.01864	0.50415	0.02355	0.01778	0.02408	0.01663	0.05293	0.01346	0.00751	0.00892	0.00261	0.01208	0.00932	0.00401	0.01020
45	0.02056	0.70060	0.03988	0.01358	0.01992	0.03037	0.01343	0.02302	0.01558	0.01826	0.01075	0.01264	0.00996	0.00694	0.00588	0.00173	0.03942	0.00426	0.00332	0.00989
46	0.02187	0.01626	0.01769	0.01468	0.01908	0.01739	0.01167	0.41082	0.02878	0.03809	0.03385	0.17340	0.13451	0.01417	0.00844	0.00255	0.00691	0.01169	0.00755	0.01063
47	0.01698	0.12462	0.57991	0.02067	0.03130	0.01930	0.02604	0.02493	0.01653	0.05081	0.01421	0.01629	0.01022	0.00737	0.00709	0.00235	0.01087	0.00562	0.00354	0.01134
48	0.59870	0.01580	0.04182	0.14879	0.02336	0.01739	0.01183	0.02228	0.01378	0.03140	0.01152	0.01435	0.00884	0.00731	0.00549	0.00244	0.00708	0.00479	0.00447	0.00857
49	0.03479	0.01320	0.01799	0.01380	0.01979	0.01140	0.01140	0.03779	0.02219	0.68451	0.03059	0.02639	0.01919	0.00960	0.00780	0.00240	0.00660	0.00780	0.00960	0.01320
50	0.01185	0.00859	0.01099	0.12836	0.01615	0.00918	0.00758	0.01274	0.01200	0.01585	0.02261	0.04559	0.02513	0.60430	0.03404	0.00667	0.00800	0.01052	0.00448	0.00537
51	0.09817	0.02227	0.11579	0.08206	0.08322	0.04814	0.32925	0.02385	0.01687	0.02471	0.01410	0.01870	0.01089	0.00749	0.00954	0.00259	0.07092	0.00748	0.00385	0.01013
52	0.01097	0.00793	0.01036	0.00975	0.01158	0.00732	0.00732	0.01463	0.02195	0.03109	0.67505	0.05792	0.07316	0.01585	0.00914	0.00244	0.00366	0.01402	0.00854	0.00732
53	0.01001	0.00714	0.00953	0.01116	0.01184	0.00676	0.00786	0.01173	0.01544	0.02058	0.06888	0.57916	0.05042	0.04946	0.01107	0.00334	0.00495	0.10711	0.00715	0.00640
54	0.07474	0.01723	0.03286	0.28833	0.07020	0.01815	0.31428	0.02236	0.01663	0.02347	0.01471	0.02043	0.01124	0.00877	0.03096	0.00290	0.01158	0.00779	0.00381	0.00956
55	0.00984	0.00726	0.00957	0.01100	0.01149	0.00711	0.00746	0.01117	0.01466	0.01957	0.04177	0.63930	0.07036	0.05504	0.01186	0.00334	0.03524	0.02070	0.00692	0.00633
56	0.01273	0.00823	0.01084	0.01018	0.01221	0.00754	0.00763	0.01611	0.02128	0.08215	0.56280	0.11931	0.06675	0.01616	0.00911	0.00250	0.00397	0.01430	0.00849	0.00769
57	0.01718	0.01939	0.06656	0.22138	0.10431	0.01894	0.35855	0.02305	0.01708	0.02320	0.01472	0.02030	0.01126	0.00726	0.00926	0.00260	0.04310	0.00804	0.00373	0.01008
58	0.07801	0.10449	0.50850	0.02148	0.06285	0.04844	0.02470	0.02452	0.01636	0.02455	0.01331	0.01572	0.00985	0.00729	0.00693	0.00235	0.01071	0.00548	0.00346	0.01100
59	0.06445	0.01545	0.01817	0.01445	0.01999	0.03896	0.01176	0.11926	0.09556	0.44450	0.05537	0.02592	0.02040	0.00977	0.00770	0.00240	0.00692	0.00780	0.00869	0.01247
60	0.64809	0.01663	0.04496	0.03733	0.01961	0.01763	0.07155	0.02296	0.01391	0.03285	0.01151	0.01384	0.00885	0.00716	0.00543	0.00243	0.00707	0.00484	0.00460	0.00874
61	0.01089	0.00814	0.01178	0.01260	0.01373	0.00781	0.04246	0.01294	0.01541	0.02042	0.03890	0.45051	0.04499	0.09845	0.01325	0.00370	0.00595	0.17476	0.00674	0.00656
62	0.01823	0.05610	0.05730	0.09628	0.42446	0.01842	0.04501	0.02472	0.08326	0.02500	0.01789	0.02463	0.01527	0.00835	0.00781	0.00243	0.00905	0.05001	0.00440	0.01138
63	0.02827	0.01293	0.01692	0.01290	0.01880	0.01081	0.01053	0.03143	0.02065	0.46929	0.07645	0.02627	0.02146	0.00912	0.00739	0.00209	0.00616	0.00748	0.00827	0.20278
64	0.02073	0.73217	0.04063	0.01327	0.01990	0.03068	0.01327	0.02322	0.01575	0.01824	0.01078	0.01244	0.00995	0.00663	0.00498	0.00166	0.00829	0.00415	0.00332	0.00995
65	0.01445	0.00723	0.00723	0.00723	0.00903	0.00723	0.00542	0.01807	0.01626	0.02891	0.02529	0.02891	0.01987	0.00903	0.00542	0.00181	0.00361	0.00723	0.77055	0.00723
66	0.01862	0.01783	0.03024	0.07354	0.62788	0.01792	0.02302	0.02315	0.01757	0.02494	0.01697	0.02135	0.03730	0.00742	0.00774	0.00233	0.00906	0.00727	0.00395	0.01191
67	0.00945	0.00675	0.00900	0.01080	0.01125	0.00630	0.00720	0.01080	0.01484	0.01979	0.04274	0.72245	0.05128	0.02429	0.00990	0.00315	0.00450	0.02204	0.00720	0.00630
68	0.01108	0.00831	0.01246	0.01246	0.01385	0.00969	0.00969	0.01385	0.01246	0.01800	0.02077	0.03046	0.01938	0.05815	0.69678	0.01246	0.02077	0.00831	0.00415	0.00692
69	0.01929	0.01666	0.01753	0.01578	0.02016	0.01929	0.01227	0.04120	0.66513	0.03243	0.03156	0.02893	0.02367	0.01052	0.00789	0.00263	0.00614	0.00877	0.00789	0.01227
70	0.01974	0.01688	0.01779	0.01587	0.02034	0.01950	0.01238	0.06851	0.63709	0.03317	0.03098	0.02847	0.02320	0.01047	0.00788	0.00262	0.00624	0.00869	0.00788	0.01231
71	0.00945	0.00675	0.00900	0.01080	0.01125	0.00630	0.00720	0.01080	0.01484	0.01979	0.04274	0.72245	0.05128	0.02429	0.00990	0.00315	0.00450	0.02204	0.00720	0.00630
72	0.00916	0.00785	0.00785	0.00785	0.01047	0.00655	0.00589	0.01113	0.01767	0.02095	0.07855	0.07462	0.67599	0.01964	0.00916	0.00262	0.00393	0.01636	0.00720	0.00655
73	0.02823	0.02089	0.02244	0.01746	0.02335	0.02310	0.01432	0.60294	0.05880	0.04700	0.02013	0.04932	0.01522	0.01000	0.00785	0.00237	0.00827	0.00770	0.00774	0.01286
74	0.02103	0.01752	0.01851	0.01613	0.02083	0.02010	0.01269	0.14598	0.55751	0.03525	0.02934	0.02716	0.02187	0.01031	0.00787	0.00258	0.00655	0.00846	0.00787	0.01243
75	0.01445	0.00723	0.00723	0.00723	0.00903	0.00723	0.00542	0.01807	0.01626	0.02891	0.02529	0.02891	0.01987	0.00903	0.00542	0.00181	0.00361	0.00723	0.77055	0.00723
76	0.09782	0.01335	0.01744	0.01349	0.01939	0.01190	0.01114	0.03652	0.02143	0.62972	0.02892	0.02523	0.01828	0.00939	0.00754	0.00240	0.00655	0.00749	0.00919	0.01279
77	0.01919	0.01842	0.03147	0.04759	0.67914	0.01842	0.02380	0.02380	0.01765	0.02533	0.01458	0.01919	0.01228	0.00691	0.00768	0.00230	0.00921	0.00691	0.00384	0.01228
78	0.02818	0.01919	0.02093	0.01632	0.02201	0.02086	0.01339	0.49481	0.06642	0.11725	0.02124	0.02096	0.01502	0.00938	0.00756	0.00230	0.00775	0.00719	0.07663	0.01260
79	0.74361	0.01493	0.01199	0.04539	0.01693	0.01739	0.00906	0.02264	0.01331	0.03403	0.01095	0.01300	0.00849	0.00723	0.00495	0.00241	0.00622	0.00433	0.00473	0.00841
80	0.01919	0.01842	0.03147	0.04759	0.67914	0.01842	0.02380	0.02380	0.01765	0.02533	0.01458	0.01919	0.01228	0.00691	0.00768	0.00230	0.00921	0.00691	0.00384	0.01228
81	0.01097	0.00793	0.01036	0.00975	0.01158	0.00732	0.00732	0.01463	0.02195	0.03109	0.67505	0.05792	0.07316	0.01585	0.00914	0.00244	0.00366	0.01402	0.00854	0.00732
82	0.01992	0.67121	0.03826	0.01320	0.01939	0.02891	0.01297	0.02243	0.01548	0.01822	0.01162	0.01396	0.01074	0.01097	0.06324	0.00257	0.00934	0.00450	0.00339	0.00970
83	0.02340	0.01413	0.01700	0.04617	0.02035	0.01476	0.01173	0.08635	0.25516	0.24691	0.05949	0.11908	0.02651	0.01203	0.00816	0.00259	0.00636	0.01018	0.00818	0.01148
84	0.01249	0.00892	0.01249	0.01428	0.01606	0.00892	0.01249	0.01606	0.01785	0.02320	0.04105	0.08746	0.04462	0.02142	0.01071	0.00357	0.00714	0.62695	0.00714	0.00714
85	0.01128	0.00752	0.00846	0.00846	0.00846	0.00752	0.00470	0.01128	0.01128	0.01503	0.02443	0.05074	0.02819	0.72751	0.03946	0.00752	0.00752	0.01128	0.00470	0.00470
86	0.01665	0.09444	0.51328	0.02600	0.15012	0.01915	0.02647	0.02430	0.01655	0.02416	0.01377	0.01655	0.01028	0.00722	0.00722	0.00236	0.01078	0.00581	0.00338	0.01148
87	0.01090	0.00792	0.01026	0.00968	0.01154	0.00728	0.00726	0.01449	0.02178	0.03068	0.65104	0.05859	0.09743	0.01600	0.00915	0.00245	0.00367	0.01412	0.00848	0.00728
88	0.01128	0.00752	0.00846	0.00846	0.00846	0.00752	0.00470	0.01128	0.01128	0.01503	0.02443	0.05074	0.02819	0.72751	0.03946	0.00752	0.00752	0.01128	0.00470	0.00470
89	0.01696	0.01696	0.02375	0.02036	0.02036	0.02375	0.01696	0.01866	0.01187	0.01866	0.01018	0.01696	0.01018	0.01357	0.02545	0.00339	0.71332	0.00679	0.00339	0.00848
90	0.01657	0.06439	0.45642	0.05367	0.06209	0.01890	0.13311	0.02519	0.05114	0.02457	0.01504	0.01794	0.01102	0.00736	0.00762	0.00246	0.01117	0.00651	0.00366	0.01118
91	0.01249	0.00892	0.01249	0.01428	0.01606	0.00892	0.01249	0.01606	0.01785	0.02320	0.04105	0.08746	0.04462	0.02142	0.01071	0.00357	0.00714	0.62695	0.00714	0.00714
92	0.01451	0.00970	0.01221	0.01086	0.01342	0.00930	0.00835	0.08125	0.02344	0.07824	0.56351	0.05173	0.06331	0.01475	0.00891	0.00242	0.00436	0.01287	0.00853	0.00832
93	0.02899	0.03630	0.02203	0.01988	0.02397	0.66768	0.01497	0.05752	0.02259	0.02025	0.01227	0.01418	0.01012	0.00805	0.00702	0.00201	0.01375	0.00508	0.00416	0.00917
94	0.03146	0.01616	0.01958	0.01521	0.02100	0.01602	0.01247	0.27406	0.02733	0.40562	0.02658	0.05845	0.01849	0.01023	0.00789	0.00241	0.00724	0.00820	0.00877	0.01284
95	0.75086	0.01602	0.03909	0.01068	0.01576	0.01742	0.00923	0.02286	0.01333	0.03437	0.01092	0.01275	0.00846	0.00720	0.00490	0.00240	0.00622	0.00426	0.00474	0.00852
96	0.01082	0.00792	0.01016	0.00960	0.01149	0.00725	0.00720	0.01434	0.02159	0.03025	0.62560	0.05930	0.12313	0.01617	0.00915	0.00245	0.00368	0.01422	0.00842	0.00725
97	0.01566	0.03933	0.66150	0.02253	0.03384	0.01807	0.05370	0.02457	0.01645	0.02457	0.01399	0.01655	0.00990	0.00733	0.00744	0.00246	0.01152	0.00587	0.00330	0.01142
98	0.01798	0.01372	0.01627	0.01172	0.01852	0.01044	0.00941	0.02138	0.01670	0.09237	0.01549	0.01713	0.01227	0.00613	0.00595	0.00128	0.00583	0.00492	0.00510	0.69737
99	0.02896	0.03695	0.02197	0.01998	0.02397	0.69638	0.01498	0.03096	0.02197	0.01898	0.01199	0.01398	0.00999	0.00799	0.00699	0.00200	0.01398	0.00499	0.00400	0.00899
100	0.01331	0.00826	0.01092	0.01043	0.01243	0.00755	0.00775	0.01640	0.02045	0.10171	0.46745	0.19686	0.06244	0.01696	0.00916	0.00259	0.00417	0.01505	0.00837	0.00775
101	0.01918	0.02065	0.02342	0.02029	0.02102	0.14794	0.01660	0.02093	0.01374	0.01872	0.01051	0.01641	0.01014	0.01254	0.02204	0.00314	0.58419	0.00645	0.00350	0.00858
102	0.01929	0.01666	0.01753	0.01578	0.02016	0.01929	0.01227	0.04120	0.66513	0.03243	0.03156	0.02893	0.02367	0.01052	0.00789	0.00263	0.00614	0.00877	0.00789	0.01227
