[name]
unknown

[dist]
# distance from previous block
# <min> <max>
0	5

[block]
# block no. 0 follows, 24 sequences, length 17
# corresponding to MSA columns:
# 5-21
name=unknown_A
#
# <colnr> <probs for GDERKNQSTAVLIFYWHMCP>
#	G	D	E	R	K	N	Q	S	T	A	V	L	I	F	Y	W	H	M	C	P
0	0.02549	0.02064	0.02107	0.01711	0.02269	0.06738	0.01385	0.37093	0.17771	0.04031	0.02240	0.02464	0.01729	0.01003	0.00788	0.00238	0.00820	0.03950	0.00736	0.08313
1	0.02426	0.01825	0.01982	0.01606	0.02164	0.01965	0.01292	0.28525	0.26448	0.08083	0.02650	0.02533	0.04218	0.00998	0.00780	0.00237	0.00718	0.00795	0.00771	0.09982
2	0.01985	0.02387	0.14115	0.02842	0.20035	0.09461	0.12040	0.07894	0.05199	0.02813	0.07730	0.02346	0.01864	0.00857	0.00800	0.00240	0.00997	0.00780	0.04509	0.01106
3	0.02613	0.01963	0.02307	0.02050	0.07555	0.07071	0.04934	0.19057	0.18850	0.16553	0.02331	0.02307	0.01687	0.00975	0.00928	0.00254	0.05836	0.00773	0.00720	0.01235
4	0.01227	0.00863	0.01083	0.01155	0.01311	0.00837	0.00831	0.01641	0.08405	0.05391	0.12851	0.44501	0.09470	0.02101	0.00969	0.00302	0.00486	0.05042	0.00773	0.00761
5	0.01217	0.00853	0.01030	0.01074	0.01254	0.00809	0.00770	0.01601	0.07361	0.05643	0.12876	0.37674	0.18051	0.02017	0.00941	0.00288	0.00459	0.01779	0.03549	0.00755
6	0.01936	0.01853	0.02834	0.11670	0.47391	0.04603	0.02164	0.04556	0.06437	0.02610	0.01932	0.02307	0.04548	0.00820	0.00792	0.00242	0.00924	0.00760	0.00449	0.01173
7	0.02087	0.01767	0.01799	0.07583	0.02276	0.09793	0.01291	0.05867	0.33116	0.08969	0.07378	0.03102	0.05935	0.01315	0.03892	0.00301	0.00814	0.00894	0.00718	0.01102
8	0.01215	0.00777	0.00981	0.01063	0.01199	0.00705	0.00735	0.01371	0.01617	0.08138	0.04794	0.49306	0.15907	0.06806	0.01176	0.00334	0.00490	0.01942	0.00742	0.00704
9	0.00977	0.00721	0.00890	0.01019	0.01108	0.00661	0.00685	0.01116	0.01547	0.02005	0.04980	0.52030	0.18120	0.08667	0.01269	0.00351	0.00476	0.02032	0.00713	0.00635
10	0.01844	0.08346	0.02936	0.34335	0.23247	0.03919	0.06035	0.05698	0.01809	0.02374	0.01440	0.01961	0.01137	0.00758	0.00771	0.00244	0.01021	0.00689	0.00392	0.01045
11	0.02851	0.03432	0.02204	0.01978	0.02407	0.56607	0.01498	0.07538	0.09685	0.02311	0.01504	0.01639	0.01206	0.00856	0.00731	0.00214	0.01299	0.00569	0.00481	0.00988
12	0.01644	0.01409	0.01644	0.01175	0.01879	0.01057	0.00940	0.01997	0.01644	0.02584	0.01409	0.01644	0.01175	0.00587	0.00587	0.00117	0.00587	0.00470	0.00470	0.76979
13	0.02248	0.07038	0.02442	0.08415	0.07220	0.14476	0.04692	0.16443	0.12014	0.02971	0.05080	0.05032	0.01831	0.01005	0.00902	0.00247	0.05499	0.00792	0.00576	0.01077
14	0.02328	0.01747	0.02099	0.14744	0.02787	0.01991	0.01503	0.23698	0.20344	0.09479	0.02275	0.02453	0.01704	0.04202	0.01044	0.00282	0.04671	0.00790	0.00692	0.01167
15	0.01050	0.00856	0.00937	0.00934	0.01173	0.00775	0.00693	0.01424	0.06432	0.02414	0.18648	0.14356	0.43630	0.01922	0.00936	0.00271	0.00419	0.01639	0.00768	0.00724
16	0.05482	0.01654	0.02521	0.07196	0.37574	0.01682	0.01869	0.08636	0.02079	0.09009	0.12069	0.02635	0.02294	0.00909	0.00798	0.00241	0.00811	0.00819	0.00566	0.01154

[dist]
# distance from previous block
# <min> <max>
0	2

[block]
# block no. 1 follows, 24 sequences, length 16
# corresponding to MSA columns:
# 24-39
name=unknown_B
#
# <colnr> <probs for GDERKNQSTAVLIFYWHMCP>
#	G	D	E	R	K	N	Q	S	T	A	V	L	I	F	Y	W	H	M	C	P
0	0.02466	0.01948	0.02071	0.01714	0.02250	0.02203	0.01374	0.32763	0.36400	0.04112	0.02601	0.02459	0.01913	0.01017	0.00800	0.00254	0.00744	0.00810	0.00800	0.01299
1	0.02144	0.01956	0.02936	0.08331	0.42100	0.06029	0.05808	0.06196	0.07467	0.06640	0.01748	0.02077	0.01373	0.00779	0.00793	0.00241	0.00956	0.00730	0.00485	0.01210
2	0.02350	0.01748	0.01969	0.04991	0.02200	0.01906	0.01288	0.38715	0.02778	0.03815	0.01934	0.02409	0.01569	0.09557	0.05111	0.00351	0.03206	0.00752	0.05594	0.07757
3	0.01831	0.02051	0.04342	0.09126	0.04135	0.02010	0.55086	0.02457	0.01807	0.02457	0.01553	0.02112	0.01181	0.00723	0.01024	0.00272	0.05499	0.00901	0.00394	0.01041
4	0.03460	0.01371	0.01837	0.01423	0.02027	0.01215	0.01171	0.03886	0.06197	0.63749	0.03135	0.02715	0.01991	0.00987	0.00798	0.00247	0.00672	0.00804	0.00971	0.01344
5	0.01916	0.01860	0.03243	0.10491	0.57544	0.01882	0.06568	0.02405	0.01791	0.02538	0.01492	0.01988	0.01235	0.00712	0.00796	0.00240	0.00979	0.00722	0.00390	0.01211
6	0.01857	0.02243	0.08037	0.03285	0.04107	0.01997	0.61051	0.02539	0.01861	0.02539	0.01595	0.02114	0.01193	0.00673	0.00926	0.00267	0.01328	0.00917	0.00398	0.01075
7	0.00966	0.00690	0.00920	0.01104	0.01150	0.00644	0.00736	0.01104	0.01518	0.02024	0.04371	0.71614	0.05245	0.02484	0.01012	0.00322	0.00460	0.02254	0.00736	0.00644
8	0.01691	0.01675	0.02343	0.02026	0.02029	0.02327	0.01678	0.01863	0.01232	0.01915	0.01230	0.05710	0.01280	0.01450	0.02512	0.00346	0.66686	0.00783	0.00369	0.00855
9	0.03558	0.01350	0.01840	0.01411	0.02024	0.01166	0.01166	0.03865	0.02270	0.67734	0.03128	0.02699	0.01963	0.00981	0.00797	0.00245	0.00675	0.00797	0.00981	0.01350
10	0.01857	0.02096	0.04440	0.03208	0.03925	0.02050	0.57657	0.02473	0.01802	0.02473	0.01544	0.02096	0.01186	0.00745	0.01113	0.00276	0.08704	0.00910	0.00395	0.01048
11	0.01062	0.00846	0.00892	0.00877	0.01083	0.00773	0.00618	0.01339	0.05274	0.02127	0.10319	0.06642	0.43209	0.19506	0.01706	0.00392	0.00505	0.01483	0.00685	0.00660
12	0.00998	0.00743	0.00918	0.01004	0.01126	0.00676	0.00696	0.01191	0.01710	0.02255	0.17283	0.41188	0.19737	0.05276	0.01113	0.00315	0.00444	0.01913	0.00752	0.00663
13	0.01883	0.01792	0.02994	0.15946	0.52895	0.01868	0.02328	0.02463	0.05356	0.02534	0.01575	0.02045	0.01287	0.00742	0.00788	0.00242	0.00944	0.00717	0.00409	0.01191
14	0.01917	0.01471	0.01705	0.07499	0.02156	0.01666	0.01219	0.03356	0.40213	0.09072	0.02960	0.06964	0.02428	0.09992	0.01278	0.00334	0.02985	0.00972	0.00724	0.01088
15	0.01781	0.01779	0.03217	0.20945	0.18081	0.01905	0.21831	0.04275	0.03917	0.02442	0.01665	0.05139	0.01386	0.00875	0.01005	0.00268	0.07174	0.00853	0.00422	0.01040

[dist]
# distance from previous block
# <min> <max>
6	39

[block]
# block no. 2 follows, 24 sequences, length 83
# corresponding to MSA columns:
# 79-161
name=unknown_C
#
# <colnr> <probs for GDERKNQSTAVLIFYWHMCP>
#	G	D	E	R	K	N	Q	S	T	A	V	L	I	F	Y	W	H	M	C	P
0	0.02002	0.01329	0.01568	0.01303	0.01750	0.01264	0.01016	0.12299	0.08463	0.13787	0.11532	0.13124	0.05304	0.03672	0.00916	0.00248	0.00604	0.01063	0.00743	0.18012
1	0.01275	0.00958	0.01398	0.01811	0.13732	0.00909	0.01071	0.01499	0.01656	0.05076	0.06976	0.48787	0.07725	0.02014	0.00952	0.00296	0.00554	0.01826	0.00688	0.00798
2	0.03481	0.01367	0.01838	0.01421	0.02026	0.01204	0.01170	0.03881	0.05335	0.64624	0.03133	0.02712	0.01985	0.00986	0.00798	0.00247	0.00672	0.00802	0.00973	0.01345
3	0.01360	0.00700	0.01050	0.01050	0.01060	0.00710	0.00710	0.01060	0.01050	0.01410	0.01430	0.02460	0.01420	0.02978	0.07697	0.71649	0.00789	0.00700	0.00350	0.00370
4	0.01943	0.01785	0.02907	0.04208	0.54831	0.01798	0.02174	0.07172	0.01963	0.02778	0.05123	0.06188	0.01821	0.00877	0.00807	0.00241	0.00879	0.00835	0.00469	0.01201
5	0.02845	0.02058	0.02199	0.01705	0.02290	0.02269	0.01402	0.57624	0.03501	0.04772	0.01979	0.02020	0.01424	0.00949	0.00767	0.00232	0.00817	0.00717	0.09150	0.01281
6	0.00999	0.00776	0.00909	0.00938	0.01125	0.00686	0.00680	0.01234	0.01860	0.02415	0.24280	0.23724	0.33497	0.02018	0.00956	0.00276	0.00409	0.01754	0.00776	0.00686
7	0.01009	0.00851	0.00879	0.00864	0.01134	0.00745	0.00650	0.01333	0.05215	0.02298	0.13101	0.07231	0.58088	0.01924	0.00930	0.00266	0.00411	0.01611	0.00752	0.00707
8	0.01693	0.01609	0.02731	0.42778	0.31382	0.01813	0.02299	0.02197	0.01678	0.02263	0.01444	0.02051	0.01141	0.00757	0.00790	0.00252	0.01009	0.00705	0.00369	0.01038
9	0.01478	0.00739	0.00739	0.00739	0.00924	0.00739	0.00554	0.01848	0.01663	0.02956	0.02587	0.02956	0.02033	0.00924	0.00554	0.00185	0.00370	0.00739	0.76534	0.00739
10	0.01170	0.00824	0.01145	0.01145	0.01264	0.00925	0.00852	0.01409	0.01290	0.01893	0.02240	0.03491	0.02157	0.17929	0.50068	0.01073	0.01697	0.00896	0.07865	0.00668
11	0.02442	0.01555	0.01769	0.01499	0.01984	0.01662	0.01191	0.09472	0.35446	0.21529	0.06715	0.02958	0.02466	0.01062	0.00798	0.00254	0.00637	0.00875	0.04449	0.01237
12	0.02580	0.11444	0.02263	0.01546	0.02062	0.08482	0.04246	0.22233	0.02469	0.14953	0.02082	0.02233	0.01554	0.03248	0.00817	0.00236	0.00813	0.00700	0.14934	0.01105
13	0.02055	0.02127	0.02532	0.02108	0.02389	0.14760	0.10060	0.08466	0.04949	0.02377	0.01560	0.05187	0.01406	0.01416	0.05169	0.00342	0.30905	0.00786	0.00455	0.00952
14	0.55021	0.01719	0.01441	0.01230	0.01732	0.04261	0.01005	0.15655	0.01907	0.03777	0.01358	0.01514	0.01032	0.00795	0.00567	0.00239	0.00685	0.00510	0.04593	0.00959
15	0.01139	0.00919	0.01100	0.01200	0.01272	0.04155	0.00837	0.01291	0.01477	0.01950	0.03595	0.49953	0.04194	0.08443	0.10876	0.00487	0.04001	0.01810	0.00638	0.00664
16	0.01261	0.00792	0.00937	0.00951	0.01036	0.00759	0.00605	0.01365	0.01375	0.04766	0.03007	0.22813	0.03332	0.39663	0.02565	0.00537	0.00630	0.01368	0.08907	0.03330
17	0.01733	0.01364	0.01820	0.14000	0.02423	0.01583	0.01386	0.13228	0.01993	0.05546	0.08010	0.18410	0.05044	0.01508	0.01237	0.00292	0.14731	0.04166	0.00621	0.00906
18	0.01876	0.18522	0.09323	0.09680	0.08868	0.08809	0.06150	0.02243	0.01620	0.02091	0.01494	0.07157	0.01393	0.01011	0.01138	0.00255	0.16264	0.00744	0.00389	0.00972
19	0.02967	0.01924	0.02128	0.01647	0.02236	0.02064	0.01356	0.47704	0.03271	0.16074	0.02189	0.02146	0.01524	0.00955	0.00771	0.00234	0.00789	0.00731	0.08000	0.01291
20	0.00988	0.00702	0.00923	0.01080	0.01130	0.00659	0.00717	0.01127	0.01525	0.02043	0.07303	0.63170	0.05170	0.07897	0.01245	0.00353	0.00480	0.02128	0.00723	0.00636
21	0.08295	0.05225	0.02068	0.01554	0.02135	0.01878	0.01279	0.22982	0.15305	0.27160	0.02516	0.02328	0.01734	0.00958	0.00762	0.00244	0.00732	0.00746	0.00820	0.01279
22	0.02206	0.01429	0.01538	0.01279	0.01662	0.01529	0.01003	0.27400	0.05842	0.07366	0.02364	0.02792	0.01877	0.09779	0.01110	0.00287	0.00654	0.00792	0.28072	0.01016
23	0.01153	0.00769	0.00865	0.00865	0.00865	0.00769	0.00480	0.01153	0.01153	0.01538	0.02499	0.05189	0.02883	0.72131	0.04036	0.00769	0.00769	0.01153	0.00480	0.00480
24	0.01569	0.01476	0.01533	0.01657	0.09846	0.11704	0.01094	0.04579	0.02174	0.02799	0.34470	0.04847	0.16306	0.01419	0.00876	0.00243	0.00640	0.01208	0.00710	0.00852
25	0.04472	0.04368	0.19629	0.12158	0.06487	0.01829	0.14188	0.07301	0.08052	0.02688	0.01977	0.09677	0.01691	0.00975	0.00817	0.00261	0.00992	0.00892	0.00485	0.01062
26	0.01278	0.00913	0.01278	0.01460	0.01643	0.00913	0.01278	0.01643	0.01825	0.02373	0.04199	0.08945	0.04564	0.02191	0.01095	0.00365	0.00730	0.61847	0.00730	0.00730
27	0.01471	0.01358	0.02171	0.50335	0.09605	0.01605	0.01925	0.02024	0.04833	0.02148	0.02341	0.07075	0.07830	0.01026	0.00821	0.00266	0.00925	0.00907	0.00440	0.00895
28	0.17504	0.01485	0.01739	0.01382	0.01947	0.01465	0.01134	0.11024	0.05451	0.41359	0.05603	0.02495	0.01959	0.00966	0.00745	0.00246	0.00671	0.00752	0.00850	0.01222
29	0.02292	0.01688	0.01789	0.01506	0.01888	0.05261	0.01161	0.34546	0.02651	0.05638	0.02366	0.14549	0.02226	0.10220	0.01439	0.07265	0.00794	0.01028	0.00690	0.01004
30	0.67908	0.01707	0.01318	0.01157	0.01655	0.05401	0.00945	0.07248	0.01584	0.03585	0.01173	0.01344	0.00906	0.00757	0.00526	0.00243	0.00677	0.00456	0.00510	0.00900
31	0.01410	0.01325	0.04093	0.14571	0.20964	0.01274	0.01546	0.01816	0.01865	0.02554	0.21478	0.09637	0.11672	0.01302	0.00867	0.00257	0.00697	0.01165	0.00595	0.00913
32	0.01577	0.01143	0.01428	0.04284	0.01686	0.01248	0.01034	0.11365	0.01817	0.02683	0.02352	0.12274	0.02187	0.02582	0.20354	0.00533	0.05743	0.00954	0.17959	0.06798
33	0.01794	0.01405	0.01660	0.01193	0.01891	0.01066	0.00957	0.02143	0.01693	0.07687	0.01544	0.01727	0.01236	0.00618	0.00604	0.00127	0.00594	0.00495	0.00510	0.71055
34	0.05517	0.53195	0.03604	0.01484	0.02090	0.08127	0.01386	0.08467	0.01833	0.02252	0.01187	0.01373	0.01045	0.00759	0.00673	0.00193	0.04918	0.00475	0.00396	0.01027
35	0.01639	0.01611	0.02547	0.31473	0.03689	0.02045	0.06801	0.02013	0.01446	0.02040	0.01261	0.01926	0.01067	0.01039	0.01600	0.00295	0.32049	0.00707	0.00359	0.04395
36	0.02454	0.12799	0.02617	0.02106	0.05701	0.37869	0.01611	0.02671	0.01851	0.01956	0.01172	0.01520	0.01039	0.00949	0.01209	0.00240	0.20363	0.00559	0.00381	0.00937
37	0.01270	0.00851	0.01114	0.01058	0.01273	0.00785	0.00818	0.01631	0.02184	0.06778	0.54137	0.06116	0.09684	0.01659	0.00943	0.00261	0.00428	0.07373	0.00859	0.00777
38	0.01143	0.00765	0.00868	0.00877	0.00880	0.00762	0.00494	0.01151	0.01172	0.01563	0.02597	0.08688	0.03007	0.68463	0.03877	0.00745	0.00753	0.01211	0.00494	0.00489
39	0.01644	0.01409	0.01644	0.01175	0.01879	0.01057	0.00940	0.01997	0.01644	0.02584	0.01409	0.01644	0.01175	0.00587	0.00587	0.00117	0.00587	0.00470	0.00470	0.76979
40	0.02858	0.02034	0.02203	0.01709	0.02280	0.02227	0.01389	0.55245	0.03401	0.07796	0.02024	0.02268	0.01531	0.07981	0.01114	0.00291	0.00852	0.00761	0.00772	0.01263
41	0.01085	0.00782	0.01027	0.01023	0.01176	0.00723	0.00745	0.01403	0.02072	0.02905	0.51916	0.21558	0.06950	0.01827	0.00954	0.00267	0.00395	0.01629	0.00840	0.00723
42	0.00982	0.00720	0.00922	0.01051	0.01144	0.00661	0.00720	0.01158	0.01648	0.02186	0.12721	0.54908	0.13638	0.02313	0.00993	0.00306	0.00442	0.02074	0.00753	0.00661
43	0.01897	0.01817	0.03101	0.14061	0.58503	0.01867	0.02401	0.02376	0.01775	0.02511	0.01480	0.01984	0.01228	0.00719	0.00786	0.00240	0.00958	0.00706	0.00387	0.01203
44	0.03133	0.01713	0.02013	0.01565	0.02156	0.01744	0.01286	0.30088	0.06002	0.33907	0.02573	0.02381	0.01723	0.00970	0.00783	0.00240	0.00742	0.00763	0.04905	0.01312
45	0.01850	0.01097	0.01136	0.01002	0.01295	0.01155	0.00785	0.17006	0.02162	0.03450	0.02422	0.02702	0.01867	0.00931	0.00612	0.00198	0.00491	0.00733	0.58220	0.00886
46	0.02362	0.01567	0.01772	0.01531	0.02011	0.01698	0.01208	0.03994	0.45661	0.20730	0.06127	0.03025	0.02530	0.01075	0.00810	0.00262	0.00629	0.00895	0.00857	0.01257
47	0.01353	0.01039	0.01347	0.01357	0.01478	0.01147	0.01032	0.07482	0.01694	0.02299	0.03338	0.34333	0.03765	0.09178	0.04881	0.00416	0.10536	0.11932	0.00645	0.00746
48	0.01033	0.00749	0.00988	0.01144	0.01242	0.00704	0.00832	0.01233	0.01640	0.02163	0.07921	0.50651	0.10235	0.02343	0.01018	0.00322	0.00504	0.13864	0.00742	0.00669
49	0.09567	0.01564	0.02319	0.06491	0.33363	0.01626	0.01807	0.06240	0.03779	0.02807	0.05290	0.05823	0.02311	0.01127	0.00830	0.00267	0.00816	0.12378	0.00538	0.01057
50	0.02098	0.39476	0.12541	0.01711	0.02302	0.09287	0.01674	0.05324	0.01708	0.02120	0.01186	0.01461	0.01036	0.00849	0.00972	0.00221	0.14127	0.00520	0.00368	0.01017
51	0.01078	0.00796	0.01031	0.01119	0.01156	0.00818	0.00753	0.01196	0.01439	0.01949	0.06397	0.47305	0.04446	0.19089	0.01860	0.00428	0.06031	0.01832	0.00650	0.00627
52	0.01672	0.01603	0.02485	0.45227	0.19067	0.04117	0.02092	0.02157	0.01666	0.02214	0.01422	0.02003	0.01114	0.00751	0.00766	0.00239	0.00992	0.00672	0.00377	0.09364
53	0.01027	0.00724	0.00928	0.01039	0.01095	0.00685	0.00684	0.01170	0.01544	0.02085	0.12755	0.48462	0.05065	0.16950	0.01635	0.00405	0.00513	0.01908	0.00702	0.00624
54	0.63739	0.01499	0.01293	0.01112	0.01626	0.01663	0.00917	0.02620	0.01523	0.15665	0.01486	0.01554	0.01067	0.00782	0.00549	0.00245	0.00625	0.00499	0.00583	0.00951
55	0.01633	0.03700	0.55896	0.02366	0.03405	0.01906	0.09608	0.02467	0.01660	0.02467	0.01413	0.01730	0.01029	0.00794	0.00918	0.00260	0.06635	0.00633	0.00343	0.01137
56	0.02994	0.02066	0.02250	0.01733	0.02344	0.02252	0.01429	0.55684	0.03489	0.10985	0.02055	0.02031	0.01441	0.00953	0.00782	0.00236	0.00830	0.00723	0.04402	0.01320
57	0.01064	0.00779	0.00999	0.01006	0.01165	0.00714	0.00731	0.01360	0.02014	0.02780	0.44893	0.23016	0.12769	0.01882	0.00955	0.00270	0.00399	0.01669	0.00824	0.00714
58	0.01735	0.01735	0.02429	0.02082	0.02082	0.02429	0.01735	0.01908	0.01214	0.01908	0.01041	0.01735	0.01041	0.01388	0.02602	0.00347	0.70680	0.00694	0.00347	0.00867
59	0.46432	0.01426	0.01394	0.01164	0.01685	0.01500	0.00957	0.02875	0.01706	0.27307	0.01928	0.01894	0.01327	0.00836	0.00608	0.00242	0.00624	0.00581	0.04479	0.01035
60	0.01807	0.01189	0.01170	0.01055	0.01324	0.04705	0.00811	0.13681	0.02032	0.03141	0.02351	0.02804	0.01891	0.04989	0.05239	0.00297	0.00656	0.00751	0.49259	0.00848
61	0.01406	0.00890	0.01053	0.00965	0.01258	0.00774	0.00740	0.01684	0.02032	0.12620	0.27872	0.06272	0.36034	0.01714	0.00915	0.00258	0.00434	0.01455	0.00822	0.00802
62	0.01014	0.00803	0.00912	0.00892	0.01120	0.00701	0.00666	0.01284	0.01978	0.02563	0.31948	0.08826	0.40752	0.01864	0.00939	0.00262	0.00392	0.01593	0.00792	0.00701
63	0.01498	0.01409	0.02378	0.70226	0.05462	0.01762	0.02202	0.02026	0.01586	0.02026	0.01409	0.02114	0.01057	0.00793	0.00793	0.00264	0.01057	0.00705	0.00352	0.00881
64	0.01117	0.00796	0.01009	0.01100	0.01190	0.00769	0.00748	0.04530	0.01685	0.02271	0.11939	0.51684	0.05041	0.10562	0.01350	0.00361	0.00508	0.01938	0.00726	0.00675
65	0.77733	0.01534	0.01166	0.01043	0.01534	0.01779	0.00859	0.02331	0.01350	0.03558	0.01104	0.01288	0.00859	0.00736	0.00491	0.00245	0.00613	0.00429	0.00491	0.00859
66	0.01111	0.00786	0.01036	0.01146	0.01248	0.00758	0.00848	0.01332	0.01676	0.02251	0.15219	0.31734	0.05078	0.13418	0.01507	0.00393	0.00569	0.18514	0.00718	0.00660
67	0.06283	0.51130	0.12779	0.01546	0.02209	0.02800	0.01592	0.02340	0.01562	0.02057	0.01141	0.01381	0.01009	0.00771	0.00773	0.00205	0.08585	0.00477	0.00348	0.01014
68	0.04974	0.01115	0.01211	0.01085	0.01312	0.01167	0.00785	0.15233	0.01997	0.02930	0.11067	0.07129	0.03010	0.25375	0.01864	0.00414	0.00631	0.01028	0.16886	0.00786
69	0.02120	0.72609	0.04155	0.01357	0.02035	0.03138	0.01357	0.02374	0.01611	0.01866	0.01102	0.01272	0.01018	0.00678	0.00509	0.00170	0.00848	0.00424	0.00339	0.01018
70	0.01004	0.00733	0.00996	0.04080	0.01340	0.00702	0.00801	0.01181	0.01590	0.02134	0.10152	0.62390	0.05276	0.02330	0.00995	0.00313	0.00478	0.02110	0.00732	0.00664
71	0.01136	0.00838	0.01214	0.01214	0.01334	0.00958	0.00916	0.01377	0.01256	0.01796	0.02179	0.03422	0.02116	0.15747	0.59371	0.01200	0.01923	0.00895	0.00433	0.00674
72	0.01891	0.01633	0.01716	0.01550	0.01984	0.01870	0.01204	0.03973	0.60743	0.03225	0.03604	0.03325	0.07468	0.01149	0.00817	0.00269	0.00610	0.00957	0.00801	0.01209
73	0.43712	0.01505	0.01296	0.01128	0.01574	0.04784	0.00911	0.07310	0.01748	0.10544	0.01714	0.01857	0.01279	0.00824	0.00573	0.00230	0.00628	0.00563	0.16893	0.00929
74	0.02962	0.03779	0.02247	0.02043	0.02451	0.68948	0.01532	0.03166	0.02247	0.01941	0.01226	0.01430	0.01021	0.00817	0.00715	0.00204	0.01430	0.00511	0.00409	0.00919
75	0.03558	0.01350	0.01840	0.01411	0.02024	0.01166	0.01166	0.03865	0.02270	0.67734	0.03128	0.02699	0.01963	0.00981	0.00797	0.00245	0.00675	0.00797	0.00981	0.01350
76	0.00966	0.00690	0.00920	0.01104	0.01150	0.00644	0.00736	0.01104	0.01518	0.02024	0.04371	0.71614	0.05245	0.02484	0.01012	0.00322	0.00460	0.02254	0.00736	0.00644
77	0.01209	0.00874	0.01193	0.01361	0.01532	0.00858	0.01152	0.01531	0.01783	0.02308	0.04522	0.17261	0.09535	0.02216	0.01072	0.00352	0.00668	0.49128	0.00731	0.00714
78	0.02962	0.03779	0.02247	0.02043	0.02451	0.68948	0.01532	0.03166	0.02247	0.01941	0.01226	0.01430	0.01021	0.00817	0.00715	0.00204	0.01430	0.00511	0.00409	0.00919
79	0.01261	0.00901	0.01254	0.01409	0.01592	0.00895	0.01219	0.01627	0.01872	0.02462	0.11102	0.08612	0.04886	0.02128	0.01078	0.00352	0.00691	0.55182	0.00746	0.00732
80	0.01133	0.00850	0.01274	0.01274	0.01416	0.00991	0.00991	0.01416	0.01274	0.01841	0.02124	0.03115	0.01982	0.05947	0.68989	0.01274	0.02124	0.00850	0.00425	0.00708
81	0.03405	0.01594	0.01992	0.01527	0.02146	0.01528	0.01261	0.20880	0.02679	0.50140	0.02785	0.02476	0.01791	0.00973	0.00796	0.00243	0.00730	0.00774	0.00929	0.01349
82	0.02006	0.01986	0.03243	0.04660	0.61079	0.05062	0.05378	0.02473	0.01830	0.02557	0.01484	0.01946	0.01242	0.00710	0.00789	0.00236	0.00984	0.00708	0.00394	0.01231

[dist]
# distance from previous block
# <min> <max>
2	24

[block]
# block no. 3 follows, 24 sequences, length 11
# corresponding to MSA columns:
# 186-196
name=unknown_D
#
# <colnr> <probs for GDERKNQSTAVLIFYWHMCP>
#	G	D	E	R	K	N	Q	S	T	A	V	L	I	F	Y	W	H	M	C	P
0	0.02566	0.16908	0.02242	0.01400	0.01930	0.01716	0.01191	0.06726	0.10912	0.29226	0.10884	0.03106	0.02626	0.01070	0.00768	0.00238	0.00682	0.03874	0.00780	0.01155
1	0.12706	0.01572	0.01804	0.09685	0.02208	0.05299	0.01307	0.09704	0.01707	0.02627	0.01578	0.02229	0.01383	0.07366	0.08495	0.00405	0.17310	0.00692	0.05807	0.06116
2	0.02060	0.02444	0.07931	0.02997	0.22545	0.19158	0.08775	0.02459	0.01778	0.02237	0.01437	0.01915	0.01219	0.01394	0.08392	0.00360	0.10794	0.00685	0.00390	0.01030
3	0.01128	0.00812	0.01078	0.01089	0.01257	0.00762	0.00835	0.01469	0.02079	0.02893	0.48069	0.15063	0.06699	0.01830	0.00972	0.00278	0.00445	0.11678	0.00831	0.00732
4	0.01070	0.00734	0.00889	0.00971	0.00992	0.00713	0.00594	0.01131	0.01316	0.01754	0.03333	0.34782	0.03935	0.41103	0.02689	0.00570	0.00631	0.01644	0.00594	0.00553
5	0.12302	0.63037	0.03753	0.01315	0.01968	0.02955	0.01290	0.02369	0.01576	0.02094	0.01103	0.01274	0.00996	0.00686	0.00506	0.00180	0.00816	0.00425	0.00360	0.00996
6	0.31170	0.02635	0.28949	0.01978	0.05726	0.01790	0.08868	0.02396	0.01602	0.02954	0.04196	0.01777	0.01267	0.00773	0.00681	0.00250	0.00928	0.00607	0.00429	0.01024
7	0.05201	0.00960	0.01134	0.01187	0.01414	0.00943	0.00969	0.04618	0.01815	0.02401	0.04922	0.07369	0.23338	0.09816	0.01329	0.00367	0.00634	0.30166	0.00695	0.00721
8	0.01978	0.01613	0.01822	0.01350	0.02023	0.01433	0.01089	0.16478	0.05942	0.03181	0.01631	0.01782	0.01289	0.00700	0.00648	0.00154	0.00655	0.00551	0.00564	0.55115
9	0.01745	0.05889	0.23805	0.02857	0.11050	0.01959	0.25503	0.02374	0.01709	0.02419	0.01606	0.05626	0.01341	0.00865	0.01002	0.00264	0.07691	0.00823	0.00389	0.01080
10	0.05832	0.01633	0.04543	0.32278	0.03587	0.01743	0.01690	0.12431	0.09101	0.02819	0.01886	0.06942	0.01552	0.00941	0.00768	0.00246	0.00863	0.00790	0.00522	0.09831

[dist]
# distance from previous block
# <min> <max>
0	156

[block]
# block no. 4 follows, 24 sequences, length 45
# corresponding to MSA columns:
# 362-406
name=unknown_E
#
# <colnr> <probs for GDERKNQSTAVLIFYWHMCP>
#	G	D	E	R	K	N	Q	S	T	A	V	L	I	F	Y	W	H	M	C	P
0	0.23288	0.04266	0.05147	0.13091	0.09840	0.04152	0.08343	0.08203	0.03928	0.02904	0.01625	0.05277	0.01358	0.01107	0.04026	0.00300	0.00951	0.00721	0.00481	0.00992
1	0.01260	0.01049	0.01488	0.03824	0.05832	0.01001	0.05791	0.04892	0.01914	0.02519	0.16169	0.22778	0.22825	0.01783	0.00939	0.00278	0.00577	0.03586	0.00703	0.00792
2	0.05912	0.59254	0.03760	0.01407	0.02071	0.02976	0.01354	0.11124	0.01897	0.02389	0.01215	0.01362	0.01057	0.00720	0.00548	0.00183	0.00840	0.00465	0.00410	0.01057
3	0.07677	0.02086	0.02246	0.05175	0.02499	0.02322	0.01468	0.55285	0.03398	0.04687	0.01851	0.01911	0.01326	0.00929	0.00766	0.00238	0.00848	0.00696	0.03319	0.01273
4	0.01123	0.00810	0.01064	0.01026	0.01206	0.00751	0.00774	0.01485	0.02188	0.03083	0.60597	0.09260	0.07227	0.01692	0.00947	0.00259	0.00396	0.04510	0.00859	0.00742
5	0.05093	0.01609	0.02479	0.47271	0.07226	0.01890	0.05992	0.10834	0.05124	0.02625	0.01572	0.02087	0.01175	0.00815	0.00789	0.00259	0.01004	0.00719	0.00447	0.00991
6	0.01943	0.01864	0.03183	0.07681	0.64528	0.01879	0.02424	0.02416	0.01796	0.02566	0.01488	0.01969	0.01248	0.00710	0.00785	0.00237	0.00947	0.00706	0.00391	0.01240
7	0.01066	0.00808	0.00982	0.00939	0.01150	0.00724	0.00704	0.01388	0.02113	0.02867	0.49032	0.06439	0.25412	0.01738	0.00936	0.00255	0.00382	0.01506	0.00832	0.00724
8	0.01144	0.00765	0.00868	0.00877	0.00879	0.00763	0.00493	0.01151	0.01172	0.01562	0.02593	0.08528	0.03002	0.68631	0.03884	0.00746	0.00753	0.01209	0.00493	0.00489
9	0.01782	0.23548	0.40892	0.02150	0.03128	0.02237	0.10954	0.02476	0.01683	0.02329	0.01356	0.01623	0.01036	0.00720	0.00708	0.00230	0.01101	0.00588	0.00345	0.01113
10	0.01247	0.00926	0.01281	0.05736	0.01768	0.00945	0.01184	0.01658	0.04486	0.02393	0.09475	0.20179	0.04637	0.02062	0.01034	0.00336	0.00663	0.38520	0.00723	0.00747
11	0.01263	0.00908	0.01257	0.01431	0.01618	0.00902	0.01248	0.01621	0.01825	0.02363	0.04368	0.08887	0.07320	0.02183	0.01088	0.00361	0.00716	0.59185	0.00730	0.00728
12	0.01644	0.01409	0.01644	0.01175	0.01879	0.01057	0.00940	0.01997	0.01644	0.02584	0.01409	0.01644	0.01175	0.00587	0.00587	0.00117	0.00587	0.00470	0.00470	0.76979
13	0.01834	0.04981	0.05845	0.20361	0.18413	0.07867	0.03938	0.02276	0.01877	0.06594	0.12415	0.02880	0.05441	0.00969	0.00804	0.00244	0.00903	0.00848	0.00511	0.01000
14	0.01772	0.01649	0.02725	0.39574	0.30719	0.01850	0.02260	0.05606	0.01793	0.02421	0.01470	0.02040	0.01155	0.00766	0.00790	0.00251	0.01000	0.00706	0.00393	0.01061
15	0.02120	0.72609	0.04155	0.01357	0.02035	0.03138	0.01357	0.02374	0.01611	0.01866	0.01102	0.01272	0.01018	0.00678	0.00509	0.00170	0.00848	0.00424	0.00339	0.01018
16	0.01066	0.00788	0.00995	0.00986	0.01161	0.00717	0.00723	0.01371	0.02048	0.02812	0.46481	0.17766	0.16484	0.01834	0.00949	0.00265	0.00394	0.01616	0.00827	0.00717
17	0.01122	0.00811	0.01060	0.00998	0.01185	0.00748	0.00748	0.01496	0.02245	0.03180	0.66766	0.05923	0.07482	0.01621	0.00935	0.00249	0.00374	0.01434	0.00873	0.00748
18	0.03014	0.02221	0.02380	0.01825	0.02459	0.02459	0.01507	0.64541	0.03728	0.04998	0.01904	0.01904	0.01349	0.00952	0.00793	0.00238	0.00873	0.00714	0.00793	0.01349
19	0.01349	0.00707	0.01061	0.01061	0.01078	0.00724	0.00724	0.01078	0.01061	0.01432	0.01465	0.02493	0.01448	0.03128	0.10791	0.68096	0.00856	0.00707	0.00354	0.00387
20	0.02962	0.03779	0.02247	0.02043	0.02451	0.68948	0.01532	0.03166	0.02247	0.01941	0.01226	0.01430	0.01021	0.00817	0.00715	0.00204	0.01430	0.00511	0.00409	0.00919
21	0.01972	0.01703	0.01793	0.01614	0.02062	0.01972	0.01255	0.04214	0.65752	0.03317	0.03228	0.02959	0.02421	0.01076	0.00807	0.00269	0.00628	0.00897	0.00807	0.01255
22	0.01083	0.00809	0.01006	0.00957	0.01161	0.00732	0.00718	0.01421	0.02153	0.02962	0.54440	0.06282	0.19944	0.01702	0.00936	0.00253	0.00380	0.01484	0.00844	0.00732
23	0.00937	0.00803	0.00803	0.00803	0.01071	0.00669	0.00602	0.01138	0.01807	0.02142	0.08033	0.07632	0.66863	0.02008	0.00937	0.00268	0.00402	0.01674	0.00736	0.00669
24	0.17245	0.01409	0.01696	0.01346	0.01909	0.01347	0.01105	0.06402	0.04286	0.46993	0.06166	0.02581	0.02043	0.00972	0.00748	0.00246	0.00655	0.00762	0.00869	0.01222
25	0.77733	0.01534	0.01166	0.01043	0.01534	0.01779	0.00859	0.02331	0.01350	0.03558	0.01104	0.01288	0.00859	0.00736	0.00491	0.00245	0.00613	0.00429	0.00491	0.00859
26	0.02234	0.02701	0.04657	0.01764	0.02113	0.40016	0.01383	0.02589	0.05106	0.02011	0.01758	0.05819	0.01590	0.02353	0.19828	0.00515	0.01520	0.00723	0.00448	0.00873
27	0.03018	0.01230	0.01667	0.01319	0.01838	0.01073	0.01073	0.03340	0.02264	0.53430	0.17229	0.03414	0.03186	0.01123	0.00828	0.00246	0.00608	0.00939	0.00957	0.01216
28	0.01774	0.02084	0.07380	0.10309	0.04050	0.01927	0.49677	0.02400	0.01793	0.02440	0.01673	0.05074	0.01345	0.00789	0.00972	0.00271	0.03665	0.00942	0.00405	0.01029
29	0.02905	0.03179	0.02295	0.05406	0.02605	0.45034	0.01558	0.22063	0.02671	0.02889	0.01444	0.01611	0.01124	0.00858	0.00743	0.00218	0.01239	0.00583	0.00525	0.01050
30	0.73977	0.01527	0.01225	0.04452	0.01727	0.01778	0.00925	0.02316	0.01361	0.03482	0.01119	0.01329	0.00869	0.00739	0.00506	0.00246	0.00635	0.00443	0.00484	0.00860
31	0.01201	0.00858	0.01190	0.01373	0.01522	0.00847	0.01145	0.01511	0.01750	0.02288	0.04241	0.24310	0.04731	0.02263	0.01075	0.00355	0.00664	0.47236	0.00732	0.00709
32	0.01226	0.00951	0.01369	0.01325	0.01442	0.01147	0.01032	0.01481	0.01277	0.01881	0.02033	0.03067	0.01924	0.09388	0.53338	0.01075	0.10594	0.00844	0.03891	0.00715
33	0.08170	0.03736	0.59313	0.02100	0.03170	0.01789	0.02655	0.02452	0.01671	0.02631	0.04239	0.01826	0.01274	0.00790	0.00739	0.00251	0.01089	0.00609	0.00372	0.01126
34	0.01798	0.24492	0.46631	0.01983	0.02981	0.04648	0.02411	0.02494	0.01676	0.02298	0.01320	0.01546	0.01009	0.00733	0.00679	0.00225	0.01085	0.00535	0.00339	0.01117
35	0.03475	0.01368	0.01838	0.01422	0.02026	0.01208	0.01170	0.03883	0.05602	0.64353	0.03134	0.02713	0.01987	0.00986	0.00798	0.00247	0.00672	0.00803	0.00972	0.01345
36	0.00966	0.00690	0.00920	0.01104	0.01150	0.00644	0.00736	0.01104	0.01518	0.02024	0.04371	0.71614	0.05245	0.02484	0.01012	0.00322	0.00460	0.02254	0.00736	0.00644
37	0.02061	0.06465	0.11186	0.19555	0.03059	0.08199	0.01710	0.02664	0.07408	0.14487	0.04491	0.06231	0.02047	0.01069	0.00804	0.00258	0.00908	0.05793	0.00579	0.01025
38	0.01276	0.00982	0.01365	0.10311	0.02055	0.01024	0.01277	0.01715	0.04909	0.02316	0.04148	0.14544	0.09622	0.01970	0.01019	0.00334	0.00709	0.38978	0.00686	0.00761
39	0.01091	0.00786	0.01032	0.01019	0.01178	0.00727	0.00746	0.01417	0.02098	0.02946	0.54148	0.19209	0.07030	0.01796	0.00951	0.00264	0.00391	0.01600	0.00845	0.00727
40	0.01519	0.01431	0.02417	0.67243	0.08278	0.01767	0.02213	0.02045	0.01596	0.02052	0.01413	0.02107	0.01066	0.00789	0.00792	0.00263	0.01052	0.00705	0.00354	0.00898
41	0.01680	0.11417	0.54736	0.02334	0.06093	0.01995	0.06085	0.02494	0.01684	0.02445	0.01401	0.01668	0.01028	0.00738	0.00738	0.00242	0.01135	0.00593	0.00341	0.01153
42	0.01258	0.00898	0.01255	0.01438	0.01611	0.00896	0.01243	0.01608	0.01806	0.02351	0.04210	0.12963	0.04607	0.02209	0.01090	0.00362	0.00713	0.58026	0.00731	0.00725
43	0.71849	0.01558	0.01243	0.01090	0.01592	0.01789	0.00898	0.05181	0.01488	0.05806	0.01209	0.01364	0.00918	0.00754	0.00515	0.00245	0.00627	0.00455	0.00521	0.00898
44	0.06569	0.02931	0.02266	0.06585	0.09891	0.40515	0.01607	0.07894	0.09638	0.02505	0.01548	0.01742	0.01231	0.00840	0.00733	0.00224	0.01171	0.00602	0.00484	0.01025

[dist]
# distance from previous block
# <min> <max>
0	1

[block]
# block no. 5 follows, 24 sequences, length 170
# corresponding to MSA columns:
# 408-577
name=unknown_F
#
# <colnr> <probs for GDERKNQSTAVLIFYWHMCP>
#	G	D	E	R	K	N	Q	S	T	A	V	L	I	F	Y	W	H	M	C	P
0	0.06581	0.07042	0.05016	0.01594	0.02183	0.04331	0.05630	0.05521	0.10144	0.34300	0.07355	0.02631	0.02152	0.00967	0.00776	0.00243	0.00762	0.00797	0.00780	0.01198
1	0.10513	0.22113	0.02624	0.01722	0.02184	0.38235	0.01401	0.02737	0.01894	0.02086	0.01206	0.01452	0.01042	0.00997	0.03391	0.00247	0.04332	0.00500	0.00396	0.00929
2	0.01017	0.00732	0.00945	0.01096	0.01170	0.00689	0.00760	0.01172	0.01539	0.02024	0.04456	0.52832	0.09851	0.09393	0.01319	0.00367	0.00517	0.08771	0.00710	0.00639
3	0.01931	0.01821	0.03048	0.15316	0.54543	0.01888	0.02358	0.04917	0.01849	0.02598	0.01495	0.01985	0.01228	0.00731	0.00787	0.00240	0.00958	0.00707	0.00402	0.01199
4	0.01644	0.01409	0.01644	0.01175	0.01879	0.01057	0.00940	0.01997	0.01644	0.02584	0.01409	0.01644	0.01175	0.00587	0.00587	0.00117	0.00587	0.00470	0.00470	0.76979
5	0.02120	0.72609	0.04155	0.01357	0.02035	0.03138	0.01357	0.02374	0.01611	0.01866	0.01102	0.01272	0.01018	0.00678	0.00509	0.00170	0.00848	0.00424	0.00339	0.01018
6	0.06137	0.01841	0.02004	0.01579	0.02137	0.01986	0.01293	0.40890	0.06970	0.14396	0.02226	0.02195	0.01573	0.00951	0.00752	0.00235	0.00753	0.00729	0.10106	0.01247
7	0.01151	0.00777	0.00904	0.00904	0.00917	0.00790	0.00529	0.01178	0.01165	0.01567	0.02463	0.04991	0.02797	0.65815	0.10235	0.00817	0.00898	0.01124	0.00475	0.00502
8	0.02037	0.01735	0.01829	0.01627	0.02087	0.02002	0.01271	0.07937	0.61924	0.03421	0.03146	0.02893	0.02354	0.01068	0.00806	0.00267	0.00643	0.00885	0.00806	0.01261
9	0.00966	0.00690	0.00920	0.01104	0.01150	0.00644	0.00736	0.01104	0.01518	0.02024	0.04371	0.71614	0.05245	0.02484	0.01012	0.00322	0.00460	0.02254	0.00736	0.00644
10	0.03014	0.02221	0.02380	0.01825	0.02459	0.02459	0.01507	0.64541	0.03728	0.04998	0.01904	0.01904	0.01349	0.00952	0.00793	0.00238	0.00873	0.00714	0.00793	0.01349
11	0.02911	0.02170	0.02321	0.01804	0.02420	0.02411	0.01482	0.58541	0.09896	0.04831	0.02035	0.02009	0.01455	0.00964	0.00795	0.00241	0.00848	0.00732	0.00795	0.01339
12	0.01103	0.00810	0.01033	0.00977	0.01173	0.00740	0.00733	0.01459	0.02198	0.03070	0.60550	0.06104	0.13767	0.01662	0.00935	0.00251	0.00377	0.01459	0.00858	0.00740
13	0.00966	0.00690	0.00920	0.01104	0.01150	0.00644	0.00736	0.01104	0.01518	0.02024	0.04371	0.71614	0.05245	0.02484	0.01012	0.00322	0.00460	0.02254	0.00736	0.00644
14	0.01644	0.01409	0.01644	0.01175	0.01879	0.01057	0.00940	0.01997	0.01644	0.02584	0.01409	0.01644	0.01175	0.00587	0.00587	0.00117	0.00587	0.00470	0.00470	0.76979
15	0.01006	0.00806	0.00903	0.00907	0.01139	0.00703	0.00687	0.01257	0.01904	0.02411	0.22359	0.10394	0.45120	0.01946	0.00950	0.00272	0.00418	0.05355	0.00770	0.00692
16	0.01141	0.00772	0.00871	0.00868	0.00889	0.00763	0.00498	0.01168	0.01234	0.01641	0.05663	0.05341	0.06200	0.65546	0.03746	0.00721	0.00733	0.01191	0.00511	0.00502
17	0.03421	0.01569	0.01976	0.01515	0.02134	0.01492	0.01252	0.19163	0.02637	0.51916	0.02820	0.02499	0.01808	0.00974	0.00796	0.00244	0.00725	0.00776	0.00934	0.01349
18	0.01616	0.06480	0.53846	0.10624	0.03663	0.01894	0.06161	0.02448	0.01672	0.02427	0.01418	0.01737	0.01022	0.00750	0.00758	0.00250	0.01154	0.00613	0.00341	0.01124
19	0.01349	0.01186	0.01582	0.04571	0.01766	0.04598	0.01206	0.01609	0.01339	0.01879	0.01969	0.06938	0.01906	0.04333	0.45027	0.00931	0.15751	0.00882	0.00424	0.00754
20	0.01216	0.00831	0.01090	0.01014	0.01217	0.00764	0.00764	0.01588	0.02246	0.05669	0.64312	0.05799	0.07269	0.01596	0.00930	0.00249	0.00386	0.01410	0.00877	0.00771
21	0.02218	0.64608	0.03934	0.01437	0.02084	0.10788	0.01377	0.02467	0.01685	0.01874	0.01117	0.01290	0.01018	0.00695	0.00533	0.00174	0.00916	0.00434	0.00347	0.01006
22	0.01107	0.00806	0.01042	0.00992	0.01178	0.00740	0.00741	0.01464	0.02196	0.03086	0.61541	0.08502	0.10284	0.01673	0.00938	0.00253	0.00379	0.01477	0.00861	0.00740
23	0.01435	0.07921	0.01594	0.05049	0.04506	0.01278	0.01034	0.09748	0.01977	0.02526	0.07476	0.15567	0.27396	0.01885	0.04330	0.00316	0.00674	0.03796	0.00660	0.00833
24	0.01890	0.01810	0.03088	0.15044	0.57574	0.01865	0.02398	0.02370	0.01771	0.02503	0.01479	0.01986	0.01225	0.00720	0.00786	0.00240	0.00960	0.00706	0.00386	0.01198
25	0.77733	0.01534	0.01166	0.01043	0.01534	0.01779	0.00859	0.02331	0.01350	0.03558	0.01104	0.01288	0.00859	0.00736	0.00491	0.00245	0.00613	0.00429	0.00491	0.00859
26	0.01934	0.01855	0.03167	0.08901	0.63376	0.01877	0.02419	0.02409	0.01792	0.02556	0.01487	0.01972	0.01244	0.00712	0.00786	0.00237	0.00949	0.00706	0.00390	0.01233
27	0.01590	0.04102	0.68023	0.02260	0.03432	0.01842	0.02930	0.02511	0.01674	0.02511	0.01423	0.01674	0.01005	0.00753	0.00753	0.00251	0.01172	0.00586	0.00335	0.01172
28	0.00937	0.00803	0.00803	0.00803	0.01071	0.00669	0.00602	0.01138	0.01807	0.02142	0.08033	0.07632	0.66863	0.02008	0.00937	0.00268	0.00402	0.01674	0.00736	0.00669
29	0.01735	0.01735	0.02429	0.02082	0.02082	0.02429	0.01735	0.01908	0.01214	0.01908	0.01041	0.01735	0.01041	0.01388	0.02602	0.00347	0.70680	0.00694	0.00347	0.00867
30	0.74466	0.01525	0.01195	0.01059	0.01555	0.01752	0.00872	0.02399	0.01390	0.06384	0.01193	0.01350	0.00907	0.00747	0.00504	0.00245	0.00616	0.00446	0.00512	0.00880
31	0.01150	0.00844	0.01248	0.01248	0.01392	0.00979	0.00970	0.01437	0.01293	0.01895	0.02147	0.03108	0.01985	0.05703	0.65662	0.01221	0.02039	0.00844	0.04125	0.00710
32	0.03049	0.01285	0.01712	0.01349	0.01879	0.01146	0.01100	0.06345	0.02336	0.51906	0.15666	0.03299	0.03026	0.01107	0.00825	0.00246	0.00625	0.00919	0.00951	0.01230
33	0.00980	0.00799	0.00866	0.00862	0.01100	0.00686	0.00642	0.01216	0.01890	0.02368	0.20944	0.10494	0.50499	0.01946	0.00941	0.00266	0.00398	0.01650	0.00767	0.00686
34	0.01498	0.01409	0.02378	0.70226	0.05462	0.01762	0.02202	0.02026	0.01586	0.02026	0.01409	0.02114	0.01057	0.00793	0.00793	0.00264	0.01057	0.00705	0.00352	0.00881
35	0.01951	0.02063	0.02660	0.05738	0.14785	0.11861	0.04901	0.02226	0.01525	0.02079	0.01197	0.01771	0.01088	0.01114	0.01822	0.00298	0.40913	0.00682	0.00367	0.00959
36	0.68187	0.01524	0.01263	0.03864	0.01712	0.01763	0.00935	0.05028	0.01452	0.03470	0.01163	0.01395	0.00910	0.00831	0.00624	0.03416	0.00646	0.00464	0.00493	0.00860
37	0.01082	0.00766	0.00877	0.00906	0.00969	0.00739	0.00562	0.01153	0.01339	0.01739	0.03826	0.15800	0.15395	0.45543	0.05448	0.00624	0.00703	0.01410	0.00566	0.00550
38	0.02120	0.72609	0.04155	0.01357	0.02035	0.03138	0.01357	0.02374	0.01611	0.01866	0.01102	0.01272	0.01018	0.00678	0.00509	0.00170	0.00848	0.00424	0.00339	0.01018
39	0.09067	0.01865	0.08046	0.02214	0.15324	0.01663	0.01598	0.15651	0.02343	0.26420	0.06149	0.02375	0.01855	0.00918	0.00773	0.00243	0.00790	0.00751	0.00718	0.01236
40	0.02210	0.59859	0.06999	0.01495	0.02160	0.12081	0.01457	0.02490	0.01701	0.01907	0.01135	0.01313	0.01018	0.00701	0.00549	0.00178	0.00943	0.00444	0.00348	0.01012
41	0.01182	0.01189	0.09244	0.01159	0.01439	0.00864	0.01004	0.01559	0.01995	0.02847	0.44321	0.14759	0.05888	0.01658	0.00996	0.03346	0.00497	0.01391	0.03894	0.00768
42	0.01159	0.00798	0.01016	0.01016	0.01078	0.00853	0.00679	0.01282	0.01221	0.01712	0.02359	0.04304	0.02504	0.43897	0.28729	0.00938	0.01271	0.01020	0.03586	0.00578
43	0.00977	0.00805	0.00858	0.00845	0.01095	0.00686	0.00634	0.01215	0.01901	0.02365	0.20630	0.07265	0.54128	0.01925	0.00937	0.00264	0.00396	0.01622	0.00766	0.00686
44	0.67718	0.01509	0.01257	0.01093	0.01600	0.01696	0.00900	0.02538	0.01474	0.12223	0.01377	0.01479	0.01008	0.00769	0.00532	0.00245	0.00622	0.00479	0.00557	0.00925
45	0.03014	0.02221	0.02380	0.01825	0.02459	0.02459	0.01507	0.64541	0.03728	0.04998	0.01904	0.01904	0.01349	0.00952	0.00793	0.00238	0.00873	0.00714	0.00793	0.01349
46	0.10887	0.02120	0.02219	0.01730	0.02339	0.02360	0.01425	0.54658	0.06849	0.04753	0.01891	0.01896	0.01355	0.00936	0.00762	0.00240	0.00832	0.00694	0.00762	0.01292
47	0.00966	0.00690	0.00920	0.01104	0.01150	0.00644	0.00736	0.01104	0.01518	0.02024	0.04371	0.71614	0.05245	0.02484	0.01012	0.00322	0.00460	0.02254	0.00736	0.00644
48	0.00989	0.00805	0.00876	0.00858	0.01103	0.00692	0.00643	0.01239	0.01930	0.02434	0.24560	0.07151	0.50154	0.01899	0.00937	0.00263	0.00394	0.01606	0.00775	0.00692
49	0.02155	0.69779	0.04077	0.01385	0.02052	0.05844	0.01364	0.02407	0.01637	0.01869	0.01108	0.01279	0.01018	0.00684	0.00517	0.00171	0.00872	0.00428	0.00342	0.01014
50	0.01278	0.00913	0.01278	0.01460	0.01643	0.00913	0.01278	0.01643	0.01825	0.02373	0.04199	0.08945	0.04564	0.02191	0.01095	0.00365	0.00730	0.61847	0.00730	0.00730
51	0.01133	0.00850	0.01274	0.01274	0.01416	0.00991	0.00991	0.01416	0.01274	0.01841	0.02124	0.03115	0.01982	0.05947	0.68989	0.01274	0.02124	0.00850	0.00425	0.00708
52	0.03524	0.01403	0.01874	0.01436	0.02051	0.01245	0.01187	0.07609	0.02360	0.63862	0.03053	0.02650	0.01925	0.00980	0.00797	0.00245	0.00687	0.00792	0.00970	0.01349
53	0.02217	0.02349	0.02853	0.03879	0.45333	0.18888	0.02107	0.02768	0.07265	0.02487	0.01569	0.01911	0.01294	0.00765	0.00769	0.00230	0.01039	0.00673	0.00431	0.01171
54	0.01771	0.01021	0.01052	0.00946	0.01216	0.01067	0.00736	0.13786	0.02056	0.03345	0.02457	0.02756	0.01902	0.00929	0.00600	0.00195	0.00465	0.00734	0.62111	0.00855
55	0.02759	0.02008	0.01941	0.01643	0.02154	0.13905	0.01297	0.09018	0.28198	0.24291	0.02720	0.02507	0.01926	0.00988	0.00786	0.00247	0.00809	0.00779	0.00791	0.01233
56	0.01535	0.01420	0.02385	0.55480	0.04761	0.01736	0.05863	0.02035	0.01584	0.02128	0.01496	0.02161	0.01148	0.00838	0.00907	0.00263	0.05848	0.00721	0.06811	0.00880
57	0.01045	0.00800	0.00961	0.00958	0.01159	0.00716	0.00717	0.01330	0.01989	0.02641	0.35836	0.13636	0.28925	0.01880	0.00951	0.00269	0.00409	0.04270	0.00802	0.00707
58	0.01707	0.06320	0.56570	0.02206	0.05329	0.01802	0.02651	0.02528	0.01736	0.06069	0.04682	0.01931	0.01380	0.00804	0.00756	0.00247	0.01086	0.00637	0.00398	0.01158
59	0.02020	0.64025	0.03843	0.01376	0.01976	0.02929	0.01333	0.02263	0.01585	0.01879	0.01326	0.06177	0.01312	0.00840	0.00650	0.00189	0.04360	0.00565	0.00367	0.00984
60	0.03048	0.02167	0.02347	0.01799	0.02432	0.02379	0.01486	0.60796	0.03638	0.08869	0.01979	0.01953	0.01386	0.00954	0.00794	0.00238	0.00860	0.00719	0.00805	0.01349
61	0.01260	0.01459	0.13858	0.01345	0.01679	0.01087	0.01249	0.01652	0.01539	0.02275	0.07151	0.13856	0.05943	0.02978	0.24240	0.00607	0.04030	0.01078	0.11914	0.00798
62	0.04750	0.01639	0.05750	0.50279	0.14318	0.01797	0.02166	0.02245	0.05153	0.02270	0.01510	0.02081	0.01151	0.00791	0.00778	0.00259	0.01004	0.00698	0.00388	0.00972
63	0.01270	0.00839	0.01090	0.01023	0.01234	0.00765	0.00768	0.01613	0.02170	0.07520	0.54651	0.10489	0.10214	0.01660	0.00931	0.00255	0.00403	0.01462	0.00863	0.00778
