[name]
unknown

[dist]
# distance from previous block
# <min> <max>
31	100

[block]
# block no. 0 follows, 27 sequences, length 33
# corresponding to MSA columns:
# 134-166
name=unknown_A
#
# <colnr> <probs for GDERKNQSTAVLIFYWHMCP>
#	G	D	E	R	K	N	Q	S	T	A	V	L	I	F	Y	W	H	M	C	P
0	0.01686	0.01432	0.02399	0.40947	0.03911	0.01686	0.09972	0.02106	0.01539	0.09669	0.01679	0.02160	0.03424	0.00882	0.01053	0.00259	0.13169	0.00726	0.00414	0.00888
1	0.01486	0.01256	0.01468	0.01079	0.01674	0.00957	0.00846	0.01787	0.01507	0.02339	0.01495	0.04708	0.01353	0.05030	0.00760	0.00155	0.00555	0.00547	0.00451	0.70547
2	0.02112	0.48787	0.03232	0.01411	0.01961	0.06792	0.01297	0.13821	0.01910	0.02346	0.04760	0.01563	0.01330	0.00776	0.00675	0.00186	0.05119	0.00516	0.00425	0.00981
3	0.02382	0.01878	0.02319	0.02015	0.09912	0.01965	0.05725	0.43001	0.02793	0.03822	0.01656	0.01805	0.01239	0.00956	0.03131	0.00240	0.00852	0.00651	0.00617	0.13042
4	0.01070	0.00869	0.01212	0.05620	0.01493	0.00980	0.00951	0.01233	0.01366	0.01870	0.03287	0.53656	0.03854	0.02153	0.03595	0.00333	0.13499	0.01712	0.00591	0.00656
5	0.02712	0.03410	0.02076	0.01886	0.02271	0.66358	0.01417	0.03029	0.06461	0.01902	0.01272	0.01433	0.01043	0.00781	0.00675	0.00195	0.01289	0.00502	0.00407	0.00881
6	0.00905	0.00675	0.00833	0.00956	0.01048	0.00614	0.00649	0.01043	0.01474	0.01903	0.04859	0.54389	0.20498	0.05157	0.01047	0.00306	0.00429	0.01935	0.00679	0.00602
7	0.02893	0.01858	0.02078	0.01605	0.02185	0.01987	0.01322	0.48311	0.06571	0.20227	0.02123	0.02013	0.01454	0.00904	0.00744	0.00226	0.00760	0.00696	0.00786	0.01258
8	0.02646	0.01992	0.02129	0.01673	0.02235	0.02220	0.01369	0.55491	0.15090	0.04395	0.02005	0.01960	0.01443	0.00912	0.00745	0.00228	0.00776	0.00699	0.00745	0.01247
9	0.00970	0.00808	0.00853	0.00832	0.01081	0.00718	0.00627	0.01310	0.06061	0.02243	0.17725	0.06587	0.54049	0.01761	0.00869	0.00248	0.00385	0.01481	0.00716	0.00675
10	0.00963	0.00776	0.00861	0.00849	0.01070	0.00689	0.00633	0.01260	0.04068	0.02321	0.25112	0.10655	0.44561	0.01772	0.00877	0.00249	0.00379	0.01510	0.00729	0.00666
11	0.01624	0.01624	0.02274	0.01949	0.01949	0.02274	0.01624	0.01787	0.01137	0.01787	0.00975	0.01624	0.00975	0.01299	0.02436	0.00325	0.72552	0.00650	0.00325	0.00812
12	0.10566	0.01453	0.01751	0.01371	0.01927	0.01421	0.01128	0.15149	0.06648	0.46864	0.02538	0.02276	0.01659	0.00897	0.00718	0.00230	0.00657	0.00705	0.00831	0.01212
13	0.00904	0.00646	0.00861	0.01034	0.01077	0.00603	0.00689	0.01034	0.01421	0.01895	0.04092	0.73426	0.04910	0.02326	0.00948	0.00301	0.00431	0.02110	0.00689	0.00603
14	0.01384	0.00692	0.00692	0.00692	0.00865	0.00692	0.00519	0.01730	0.01557	0.02768	0.02422	0.02768	0.01903	0.00865	0.00519	0.00173	0.00346	0.00692	0.78031	0.00692
15	0.01927	0.66909	0.03645	0.01278	0.01849	0.02769	0.01245	0.02128	0.01460	0.01720	0.01046	0.01274	0.00974	0.00782	0.00704	0.05025	0.03615	0.00422	0.00318	0.00908
16	0.03111	0.01615	0.01941	0.01488	0.02071	0.01614	0.01229	0.30875	0.02714	0.41704	0.02434	0.02206	0.01590	0.00907	0.00745	0.00227	0.00712	0.00713	0.00843	0.01263
17	0.15192	0.02099	0.02227	0.11766	0.09441	0.20353	0.05596	0.02271	0.01560	0.02176	0.01154	0.01571	0.00973	0.00868	0.01121	0.00247	0.19562	0.00578	0.00371	0.00875
18	0.01402	0.01319	0.02227	0.72126	0.05113	0.01649	0.02062	0.01897	0.01484	0.01897	0.01319	0.01979	0.00990	0.00742	0.00742	0.00247	0.00990	0.00660	0.00330	0.00825
19	0.01078	0.00724	0.00833	0.00833	0.00842	0.00733	0.00480	0.01095	0.01087	0.01457	0.02317	0.04737	0.02647	0.69665	0.07952	0.00749	0.00799	0.01062	0.00447	0.00463
20	0.02423	0.12832	0.07447	0.01756	0.04982	0.02027	0.03918	0.28655	0.02404	0.13988	0.01733	0.01823	0.01270	0.00977	0.02938	0.00247	0.05158	0.00633	0.00599	0.04190
21	0.01489	0.03840	0.70064	0.02116	0.03213	0.01724	0.02743	0.02351	0.01567	0.02351	0.01332	0.01567	0.00940	0.00705	0.00705	0.00235	0.01097	0.00549	0.00313	0.01097
22	0.03331	0.01263	0.01723	0.01321	0.01895	0.01091	0.01091	0.03618	0.02125	0.69794	0.02929	0.02527	0.01838	0.00919	0.00747	0.00230	0.00632	0.00747	0.00919	0.01263
23	0.01602	0.01605	0.02368	0.04822	0.02178	0.02172	0.05831	0.01812	0.01193	0.01827	0.01061	0.01712	0.01018	0.01395	0.04863	0.00350	0.62371	0.00670	0.00331	0.00819
24	0.01542	0.01519	0.02588	0.21455	0.03167	0.01827	0.16806	0.01922	0.01405	0.02010	0.01346	0.01963	0.01127	0.01239	0.05937	0.00333	0.27244	0.00717	0.05011	0.00843
25	0.01402	0.01319	0.02227	0.72126	0.05113	0.01649	0.02062	0.01897	0.01484	0.01897	0.01319	0.01979	0.00990	0.00742	0.00742	0.00247	0.00990	0.00660	0.00330	0.00825
26	0.01080	0.00711	0.00808	0.00825	0.00840	0.00706	0.00478	0.01114	0.01142	0.01565	0.02519	0.11558	0.02871	0.62387	0.03300	0.00645	0.00668	0.01159	0.05144	0.00480
27	0.01484	0.00978	0.01211	0.01192	0.01397	0.00973	0.00884	0.13149	0.01924	0.08253	0.08631	0.45312	0.04119	0.01869	0.00893	0.00278	0.00526	0.05411	0.00728	0.00790
28	0.01300	0.00983	0.01126	0.01174	0.01301	0.04550	0.00836	0.06647	0.01634	0.04776	0.03488	0.52125	0.03997	0.06475	0.01134	0.00315	0.02841	0.03944	0.00660	0.00696
29	0.02176	0.01409	0.01569	0.01281	0.01633	0.01489	0.00974	0.31447	0.02334	0.11726	0.02164	0.03069	0.01900	0.28217	0.01870	0.00408	0.00737	0.00833	0.03830	0.00935
30	0.01021	0.00740	0.00884	0.00903	0.01078	0.00659	0.00652	0.01236	0.01728	0.04491	0.23529	0.24993	0.29489	0.03948	0.00976	0.00273	0.00402	0.01614	0.00726	0.00657
31	0.02901	0.01623	0.01943	0.01509	0.02042	0.01677	0.01244	0.31728	0.02683	0.33749	0.05537	0.02293	0.01787	0.00956	0.00840	0.00232	0.04505	0.00736	0.00803	0.01212
32	0.02712	0.01973	0.02110	0.01630	0.02192	0.02179	0.01343	0.61812	0.03342	0.04532	0.01831	0.01858	0.01312	0.00889	0.00725	0.00219	0.00781	0.00670	0.06672	0.01219

[dist]
# distance from previous block
# <min> <max>
0	5

[block]
# block no. 1 follows, 27 sequences, length 19
# corresponding to MSA columns:
# 172-190
name=unknown_B
#
# <colnr> <probs for GDERKNQSTAVLIFYWHMCP>
#	G	D	E	R	K	N	Q	S	T	A	V	L	I	F	Y	W	H	M	C	P
0	0.27999	0.08004	0.01892	0.07950	0.02064	0.04121	0.03196	0.10058	0.01600	0.02681	0.01377	0.04131	0.01215	0.04409	0.04993	0.00317	0.12066	0.00624	0.00448	0.00855
1	0.01621	0.01123	0.01213	0.01093	0.01357	0.01197	0.00827	0.14549	0.12609	0.02891	0.06463	0.05843	0.05440	0.13840	0.01239	0.00308	0.00558	0.03083	0.23914	0.00833
2	0.00961	0.00741	0.00878	0.00873	0.01062	0.00658	0.00644	0.01217	0.01846	0.02441	0.35511	0.15034	0.31918	0.01770	0.00886	0.00249	0.00371	0.01534	0.00749	0.00658
3	0.01539	0.01319	0.01539	0.01100	0.01759	0.00990	0.00880	0.01869	0.01539	0.02419	0.01319	0.01539	0.01100	0.00550	0.00550	0.00110	0.00550	0.00440	0.00440	0.78449
4	0.01985	0.74357	0.03890	0.01270	0.01905	0.02937	0.01270	0.02223	0.01508	0.01747	0.01032	0.01191	0.00953	0.00635	0.00476	0.00159	0.00794	0.00397	0.00318	0.00953
5	0.01646	0.03396	0.56631	0.02113	0.03080	0.01724	0.06635	0.02407	0.01591	0.07132	0.01434	0.01667	0.01019	0.00754	0.00830	0.00241	0.05663	0.00590	0.00361	0.01085
6	0.01402	0.01319	0.02227	0.72126	0.05113	0.01649	0.02062	0.01897	0.01484	0.01897	0.01319	0.01979	0.00990	0.00742	0.00742	0.00247	0.00990	0.00660	0.00330	0.00825
7	0.01846	0.01595	0.01679	0.01511	0.01930	0.01846	0.01175	0.03945	0.67938	0.03105	0.03022	0.02770	0.02266	0.01007	0.00755	0.00252	0.00588	0.00839	0.00755	0.01175
8	0.01384	0.00692	0.00692	0.00692	0.00865	0.00692	0.00519	0.01730	0.01557	0.02768	0.02422	0.02768	0.01903	0.00865	0.00519	0.00173	0.00346	0.00692	0.78031	0.00692
9	0.02773	0.03538	0.02104	0.01913	0.02295	0.70930	0.01434	0.02964	0.02104	0.01817	0.01148	0.01339	0.00956	0.00765	0.00669	0.00191	0.01339	0.00478	0.00383	0.00861
10	0.01086	0.00799	0.01023	0.00973	0.01153	0.00759	0.00726	0.01521	0.05770	0.02915	0.61012	0.09748	0.06603	0.01541	0.00873	0.00239	0.00369	0.01363	0.00805	0.00721
11	0.00893	0.00689	0.00817	0.00919	0.01047	0.00613	0.00638	0.01047	0.01531	0.01940	0.05482	0.46541	0.30897	0.02145	0.00919	0.00281	0.00409	0.01890	0.00689	0.00613
12	0.00909	0.00732	0.00809	0.00834	0.01033	0.00633	0.00609	0.01109	0.01701	0.02129	0.16019	0.19793	0.47265	0.01913	0.00891	0.00258	0.00383	0.01639	0.00708	0.00633
13	0.03331	0.01263	0.01723	0.01321	0.01895	0.01091	0.01091	0.03618	0.02125	0.69794	0.02929	0.02527	0.01838	0.00919	0.00747	0.00230	0.00632	0.00747	0.00919	0.01263
14	0.01401	0.01282	0.02134	0.67829	0.04857	0.01592	0.01969	0.01887	0.01489	0.01949	0.01386	0.02027	0.01045	0.00750	0.00729	0.00243	0.00951	0.00662	0.05003	0.00817
15	0.00920	0.00666	0.00873	0.01033	0.01099	0.00619	0.00710	0.01066	0.01458	0.01922	0.04327	0.64867	0.09447	0.02278	0.00947	0.00300	0.00442	0.05728	0.00689	0.00609
16	0.00904	0.00646	0.00861	0.01034	0.01077	0.00603	0.00689	0.01034	0.01421	0.01895	0.04092	0.73426	0.04910	0.02326	0.00948	0.00301	0.00431	0.02110	0.00689	0.00603
17	0.06602	0.32390	0.02651	0.08230	0.02121	0.02105	0.01285	0.04607	0.01562	0.10827	0.01473	0.01766	0.01211	0.01499	0.11289	0.00355	0.08105	0.00563	0.00434	0.00926
18	0.07379	0.01734	0.01918	0.01522	0.02027	0.01882	0.01240	0.45071	0.02836	0.12299	0.01952	0.04416	0.01475	0.01334	0.05744	0.03785	0.00840	0.00719	0.00702	0.01127

[dist]
# distance from previous block
# <min> <max>
0	1

[block]
# block no. 2 follows, 27 sequences, length 128
# corresponding to MSA columns:
# 192-319
name=unknown_C
#
# <colnr> <probs for GDERKNQSTAVLIFYWHMCP>
#	G	D	E	R	K	N	Q	S	T	A	V	L	I	F	Y	W	H	M	C	P
0	0.10638	0.01454	0.02383	0.33780	0.15187	0.01600	0.10228	0.02142	0.01589	0.06401	0.03423	0.02037	0.01282	0.00745	0.00720	0.00236	0.00890	0.00685	0.03655	0.00924
1	0.02141	0.15035	0.02173	0.01521	0.01975	0.15166	0.01236	0.12802	0.27692	0.02782	0.02047	0.02069	0.01594	0.01059	0.03597	0.00255	0.00849	0.00656	0.04305	0.01044
2	0.01539	0.01319	0.01539	0.01100	0.01759	0.00990	0.00880	0.01869	0.01539	0.02419	0.01319	0.01539	0.01100	0.00550	0.00550	0.00110	0.00550	0.00440	0.00440	0.78449
3	0.01485	0.01516	0.06367	0.05259	0.02107	0.01668	0.07054	0.05314	0.01524	0.02201	0.11407	0.05540	0.02215	0.04176	0.09465	0.00400	0.30175	0.00859	0.00452	0.00818
4	0.06159	0.04921	0.10841	0.01530	0.02113	0.01690	0.03562	0.21961	0.09166	0.16501	0.05856	0.02468	0.05205	0.00937	0.00725	0.00228	0.00730	0.00751	0.03553	0.01103
5	0.01880	0.01611	0.01697	0.01517	0.01943	0.01862	0.01183	0.06083	0.65746	0.03159	0.02979	0.02736	0.02232	0.01003	0.00755	0.00251	0.00595	0.00833	0.00755	0.01178
6	0.00962	0.00663	0.00870	0.00992	0.01044	0.00623	0.00661	0.01055	0.01404	0.01872	0.07762	0.54419	0.07201	0.08015	0.01349	0.07603	0.00467	0.01822	0.00644	0.00571
7	0.10515	0.01545	0.02178	0.34466	0.03463	0.04656	0.05281	0.04161	0.01501	0.02190	0.03613	0.01895	0.01193	0.00905	0.01150	0.00262	0.19150	0.00657	0.00379	0.00841
8	0.01113	0.00747	0.00985	0.00985	0.01136	0.00688	0.00716	0.01389	0.01882	0.05840	0.44748	0.27365	0.06078	0.01750	0.00893	0.00255	0.00390	0.01562	0.00781	0.00696
9	0.00933	0.00728	0.00821	0.00846	0.01016	0.00644	0.00601	0.01117	0.01643	0.02089	0.16711	0.20004	0.38603	0.09434	0.01194	0.00307	0.00419	0.01587	0.00686	0.00616
10	0.05187	0.01774	0.02334	0.19968	0.05254	0.08174	0.07330	0.12274	0.01801	0.04937	0.01383	0.01824	0.01104	0.01101	0.04087	0.00295	0.19151	0.00659	0.00434	0.00930
11	0.04783	0.01347	0.01825	0.29075	0.03052	0.01488	0.01432	0.14512	0.02000	0.17015	0.01996	0.05066	0.01494	0.00887	0.00713	0.00231	0.00760	0.00735	0.10617	0.00974
12	0.00902	0.00655	0.00852	0.01010	0.01071	0.00605	0.00679	0.01036	0.01444	0.01904	0.04378	0.67884	0.10266	0.02289	0.00942	0.00297	0.00426	0.02065	0.00689	0.00605
13	0.04014	0.00887	0.00981	0.00923	0.01112	0.00862	0.00649	0.06186	0.01597	0.05483	0.07729	0.08167	0.24542	0.28438	0.04874	0.00461	0.00625	0.01217	0.00603	0.00652
14	0.13543	0.14030	0.04594	0.01501	0.01939	0.07901	0.03471	0.09240	0.01761	0.12400	0.01553	0.01766	0.01210	0.01142	0.05166	0.00285	0.12217	0.00587	0.04739	0.00954
15	0.01422	0.01309	0.08180	0.01355	0.01731	0.01048	0.08541	0.05568	0.01966	0.07545	0.33307	0.07214	0.10789	0.05473	0.01011	0.00267	0.00602	0.01167	0.00681	0.00822
16	0.01870	0.01840	0.02939	0.06788	0.63587	0.05316	0.02227	0.02300	0.01704	0.02376	0.01381	0.01817	0.01158	0.00670	0.00732	0.00220	0.00909	0.00652	0.00367	0.01147
17	0.01637	0.01355	0.01717	0.05760	0.07785	0.01101	0.01082	0.01985	0.01575	0.05413	0.01398	0.01636	0.01133	0.00588	0.00586	0.00133	0.00609	0.00486	0.00448	0.63572
18	0.12717	0.05747	0.35480	0.02150	0.02956	0.01851	0.17861	0.02278	0.01528	0.02423	0.01287	0.01611	0.00970	0.00733	0.00855	0.00243	0.07347	0.00610	0.00351	0.01001
19	0.01079	0.00724	0.00829	0.00829	0.00836	0.00730	0.00474	0.01092	0.01085	0.01454	0.02321	0.04761	0.02657	0.70480	0.07151	0.00743	0.00783	0.01065	0.00447	0.00461
20	0.01042	0.00758	0.00980	0.00925	0.01104	0.00697	0.00693	0.01384	0.02080	0.02927	0.65733	0.05628	0.10191	0.01536	0.00876	0.00234	0.00352	0.01354	0.00811	0.00697
21	0.01669	0.01284	0.01511	0.01096	0.01725	0.00982	0.00878	0.01996	0.01585	0.07591	0.01498	0.01677	0.01196	0.00594	0.00563	0.00122	0.00546	0.00476	0.04371	0.68641
22	0.02822	0.02079	0.02228	0.01708	0.02302	0.02302	0.01411	0.66804	0.03490	0.04679	0.01782	0.01782	0.01262	0.00891	0.00743	0.00223	0.00817	0.00668	0.00743	0.01262
23	0.00910	0.00655	0.00864	0.01018	0.01076	0.00609	0.00685	0.01053	0.01464	0.01951	0.07335	0.67697	0.07393	0.02270	0.00941	0.00296	0.00425	0.02053	0.00695	0.00609
24	0.01274	0.00988	0.01175	0.01174	0.01419	0.01015	0.00944	0.02020	0.17857	0.02608	0.20265	0.05923	0.14634	0.01597	0.00882	0.00273	0.00517	0.21162	0.03477	0.00798
25	0.02710	0.03445	0.02059	0.01874	0.02252	0.68583	0.01405	0.02901	0.02090	0.01823	0.01360	0.01533	0.03227	0.00802	0.00676	0.00193	0.01307	0.00514	0.00393	0.00853
26	0.01063	0.00784	0.01136	0.01136	0.01249	0.00897	0.00857	0.01289	0.01176	0.01681	0.02040	0.03203	0.01981	0.15669	0.61037	0.01123	0.01801	0.00837	0.00405	0.00631
27	0.02773	0.03538	0.02104	0.01913	0.02295	0.70930	0.01434	0.02964	0.02104	0.01817	0.01148	0.01339	0.00956	0.00765	0.00669	0.00191	0.01339	0.00478	0.00383	0.00861
28	0.01401	0.01293	0.02162	0.69115	0.04934	0.01609	0.01997	0.01890	0.01487	0.01933	0.01366	0.02012	0.01028	0.00747	0.00733	0.00244	0.00962	0.00661	0.03605	0.00819
29	0.00920	0.00655	0.00869	0.01034	0.01079	0.00615	0.00694	0.01050	0.01415	0.01886	0.04014	0.68700	0.04800	0.05296	0.01068	0.00320	0.00450	0.03858	0.00679	0.00599
30	0.00974	0.00780	0.00886	0.00930	0.01154	0.00693	0.00744	0.01213	0.01719	0.02118	0.09940	0.07391	0.47938	0.01906	0.00918	0.00275	0.00458	0.18623	0.00695	0.00646
31	0.02017	0.37243	0.02920	0.01544	0.01953	0.18506	0.01346	0.02232	0.01548	0.01769	0.01134	0.01463	0.01039	0.01236	0.07221	0.00291	0.14820	0.00500	0.00341	0.00878
32	0.06036	0.01971	0.04198	0.03010	0.03745	0.01866	0.62943	0.02367	0.01725	0.02431	0.01476	0.01958	0.01109	0.00629	0.00853	0.00249	0.01214	0.00850	0.00380	0.00990
33	0.01021	0.00687	0.00869	0.00957	0.00997	0.00673	0.00625	0.01106	0.01284	0.01746	0.03169	0.37700	0.03671	0.27188	0.05377	0.04405	0.00621	0.03569	0.03792	0.00545
34	0.04662	0.00723	0.00709	0.00704	0.00889	0.00733	0.00531	0.01749	0.01544	0.02791	0.02363	0.02702	0.01856	0.00857	0.00516	0.00175	0.00356	0.00680	0.74761	0.00697
35	0.17703	0.01617	0.07725	0.01665	0.08970	0.01524	0.01264	0.15055	0.07838	0.06073	0.04069	0.15292	0.02121	0.01104	0.00712	0.00240	0.00662	0.00910	0.04486	0.00969
36	0.01157	0.04048	0.01035	0.00951	0.01097	0.00787	0.00670	0.01305	0.01500	0.05912	0.09530	0.27547	0.16906	0.20232	0.01618	0.00383	0.00523	0.03528	0.00636	0.00634
37	0.10511	0.01875	0.08807	0.04475	0.02148	0.04050	0.01410	0.27278	0.02200	0.03160	0.01797	0.09945	0.01590	0.01456	0.06982	0.00330	0.09657	0.00794	0.00552	0.00982
38	0.01451	0.01549	0.05831	0.46420	0.04186	0.04453	0.10656	0.01926	0.01530	0.01973	0.01609	0.08076	0.01384	0.01115	0.04475	0.00299	0.01050	0.00807	0.00372	0.00837
39	0.01451	0.01262	0.01373	0.01131	0.01561	0.05198	0.00873	0.01939	0.08158	0.02600	0.23425	0.06917	0.03319	0.01018	0.00704	0.00179	0.00530	0.00864	0.00602	0.36895
40	0.04986	0.08145	0.05739	0.15536	0.02525	0.15693	0.03394	0.04682	0.03422	0.02100	0.02327	0.10444	0.09295	0.01145	0.00896	0.02877	0.04650	0.00863	0.00455	0.00824
41	0.04975	0.30259	0.15043	0.01354	0.01937	0.01920	0.01371	0.05483	0.01746	0.06075	0.13670	0.02497	0.05188	0.01140	0.04174	0.00253	0.00795	0.00700	0.00488	0.00933
42	0.10540	0.01280	0.01663	0.01288	0.01851	0.01146	0.01064	0.03481	0.02043	0.63474	0.02749	0.02401	0.01739	0.00897	0.00719	0.00230	0.00626	0.00714	0.00875	0.01220
43	0.01624	0.01624	0.02274	0.01949	0.01949	0.02274	0.01624	0.01787	0.01137	0.01787	0.00975	0.01624	0.00975	0.01299	0.02436	0.00325	0.72552	0.00650	0.00325	0.00812
44	0.04319	0.01509	0.02455	0.32945	0.14336	0.03587	0.11950	0.02125	0.04327	0.04427	0.01949	0.06192	0.04916	0.00874	0.00769	0.00244	0.00917	0.00818	0.00425	0.00915
45	0.00958	0.00686	0.00913	0.01027	0.01111	0.00642	0.00720	0.01155	0.01611	0.02189	0.20633	0.52488	0.05410	0.02104	0.00933	0.00286	0.00424	0.05355	0.00722	0.00632
46	0.01035	0.00710	0.00855	0.00882	0.00924	0.00690	0.00549	0.01128	0.01343	0.01822	0.14898	0.20294	0.03980	0.44691	0.02616	0.00537	0.00588	0.01358	0.00570	0.00530
47	0.01064	0.00730	0.00882	0.00881	0.00925	0.00733	0.00552	0.01154	0.01269	0.01734	0.12848	0.08200	0.03397	0.51645	0.10353	0.00673	0.00783	0.01142	0.00514	0.00520
48	0.01871	0.58414	0.08080	0.01397	0.01973	0.02693	0.01393	0.02144	0.01458	0.01791	0.01089	0.01341	0.00995	0.00933	0.03869	0.00228	0.08623	0.00452	0.00322	0.00934
49	0.01196	0.00854	0.01196	0.01367	0.01538	0.00854	0.01196	0.01538	0.01709	0.02222	0.03931	0.08374	0.04272	0.02051	0.01025	0.00342	0.00684	0.64283	0.00684	0.00684
50	0.01408	0.01277	0.02010	0.23384	0.26393	0.01345	0.01645	0.01788	0.01616	0.02159	0.03032	0.05836	0.17128	0.01090	0.00780	0.00241	0.00751	0.03533	0.03701	0.00884
51	0.02441	0.02112	0.02280	0.08553	0.13032	0.12316	0.01585	0.37890	0.02701	0.03493	0.01596	0.01801	0.01209	0.01063	0.04341	0.00270	0.00981	0.00645	0.00575	0.01118
52	0.01409	0.01310	0.02192	0.55754	0.13298	0.01557	0.01949	0.01859	0.01506	0.01967	0.01615	0.09313	0.01418	0.00894	0.00762	0.00249	0.00918	0.00809	0.00372	0.00849
53	0.75161	0.01559	0.04637	0.01035	0.01527	0.01668	0.00904	0.02191	0.01279	0.03280	0.01049	0.01225	0.00811	0.00690	0.00472	0.00230	0.00601	0.00410	0.00452	0.00819
54	0.01630	0.01641	0.02368	0.02002	0.02036	0.02256	0.04541	0.01813	0.01165	0.01813	0.00998	0.01641	0.00981	0.01269	0.02366	0.00321	0.69350	0.00660	0.00327	0.00821
55	0.01610	0.01079	0.01313	0.10863	0.01844	0.01151	0.00985	0.15138	0.01981	0.04787	0.08087	0.17707	0.02710	0.01220	0.00724	0.00228	0.00559	0.01040	0.26147	0.00827
56	0.01539	0.01319	0.01539	0.01100	0.01759	0.00990	0.00880	0.01869	0.01539	0.02419	0.01319	0.01539	0.01100	0.00550	0.00550	0.00110	0.00550	0.00440	0.00440	0.78449
57	0.02753	0.05492	0.02161	0.01884	0.02284	0.65539	0.01429	0.06147	0.02156	0.01958	0.01176	0.01357	0.00972	0.00768	0.00668	0.00192	0.01297	0.00485	0.00399	0.00883
58	0.01728	0.01061	0.04814	0.01085	0.01425	0.00861	0.00903	0.02080	0.02033	0.21824	0.40344	0.04418	0.07945	0.01290	0.00812	0.00230	0.00470	0.01110	0.04689	0.00877
59	0.01110	0.00803	0.01034	0.00960	0.01149	0.00754	0.00724	0.03585	0.02148	0.03034	0.66647	0.05420	0.06813	0.01497	0.00871	0.00233	0.00366	0.01320	0.00815	0.00719
60	0.02547	0.01943	0.02073	0.01652	0.02197	0.02174	0.01344	0.49078	0.21664	0.04235	0.02132	0.02061	0.01546	0.00924	0.00746	0.00231	0.00752	0.00717	0.00746	0.01238
61	0.01064	0.00783	0.01132	0.01132	0.01244	0.00895	0.00852	0.01287	0.01175	0.01678	0.02044	0.03223	0.01989	0.16371	0.60347	0.01118	0.01788	0.00840	0.00406	0.00629
62	0.01846	0.01595	0.01679	0.01511	0.01930	0.01846	0.01175	0.03945	0.67938	0.03105	0.03022	0.02770	0.02266	0.01007	0.00755	0.00252	0.00588	0.00839	0.00755	0.01175
63	0.01977	0.01620	0.01723	0.01519	0.01958	0.01854	0.01190	0.08776	0.60525	0.05706	0.02923	0.02685	0.02173	0.00995	0.00754	0.00249	0.00607	0.00823	0.00760	0.01185
64	0.00904	0.00646	0.00861	0.01034	0.01077	0.00603	0.00689	0.01034	0.01421	0.01895	0.04092	0.73426	0.04910	0.02326	0.00948	0.00301	0.00431	0.02110	0.00689	0.00603
65	0.00894	0.00753	0.00778	0.00793	0.01032	0.00637	0.00600	0.01087	0.01682	0.02011	0.07205	0.09961	0.63200	0.01907	0.00887	0.00257	0.00393	0.04606	0.00689	0.00628
66	0.17448	0.11690	0.02113	0.01645	0.03893	0.31740	0.01278	0.09046	0.04671	0.02493	0.01295	0.01473	0.01050	0.00779	0.00686	0.00206	0.03992	0.00507	0.03079	0.00916
67	0.79154	0.01436	0.01091	0.00976	0.01436	0.01665	0.00804	0.02182	0.01263	0.03331	0.01034	0.01206	0.00804	0.00689	0.00459	0.00230	0.00574	0.00402	0.00459	0.00804
68	0.01061	0.00795	0.01193	0.01193	0.01326	0.00928	0.00928	0.01326	0.01193	0.01723	0.01988	0.02916	0.01856	0.05568	0.70968	0.01193	0.01988	0.00795	0.00398	0.00663
69	0.01445	0.00768	0.00786	0.00756	0.00952	0.00777	0.00574	0.05146	0.01683	0.02878	0.05372	0.02840	0.02098	0.00896	0.00547	0.00178	0.00371	0.00720	0.70490	0.00722
70	0.15214	0.06675	0.10155	0.19983	0.14338	0.01706	0.01695	0.07796	0.01672	0.02540	0.01639	0.08525	0.01465	0.00906	0.00696	0.00238	0.00822	0.02561	0.00437	0.00937
71	0.01082	0.00811	0.00963	0.00926	0.01151	0.00747	0.00708	0.01434	0.04650	0.04274	0.33545	0.05973	0.31239	0.01856	0.04477	0.00295	0.00476	0.03952	0.00739	0.00703
72	0.56173	0.01412	0.01364	0.15695	0.02213	0.01652	0.01081	0.05212	0.01428	0.03076	0.01187	0.01459	0.00910	0.00717	0.00534	0.00231	0.00662	0.00480	0.03689	0.00826
73	0.08921	0.14001	0.45902	0.01803	0.02693	0.04415	0.02154	0.02373	0.01592	0.05593	0.03255	0.01628	0.01146	0.00729	0.00653	0.00221	0.00968	0.00542	0.00374	0.01036
74	0.00994	0.00834	0.03336	0.00992	0.01171	0.00698	0.00765	0.01262	0.01775	0.02402	0.32017	0.27428	0.17255	0.01835	0.00899	0.00263	0.00421	0.04253	0.00730	0.00669
75	0.27800	0.09067	0.11982	0.15978	0.02673	0.05216	0.01517	0.10714	0.04046	0.02833	0.01310	0.01554	0.00995	0.00738	0.00613	0.00225	0.00827	0.00530	0.00441	0.00942
76	0.01892	0.13516	0.12635	0.01386	0.01859	0.04397	0.01301	0.04483	0.01849	0.15491	0.20715	0.02992	0.02937	0.04877	0.01015	0.00251	0.06046	0.00823	0.00600	0.00934
77	0.03331	0.01263	0.01723	0.01321	0.01895	0.01091	0.01091	0.03618	0.02125	0.69794	0.02929	0.02527	0.01838	0.00919	0.00747	0.00230	0.00632	0.00747	0.00919	0.01263
78	0.01419	0.01919	0.19046	0.05996	0.02424	0.01576	0.09282	0.01825	0.01356	0.01961	0.01553	0.02424	0.01408	0.07725	0.14357	0.03216	0.18444	0.02876	0.00364	0.00828
79	0.01807	0.01720	0.02926	0.04403	0.66021	0.01720	0.02226	0.02243	0.01691	0.02416	0.01518	0.02152	0.01325	0.00728	0.00749	0.00226	0.00872	0.03721	0.00383	0.01152
80	0.00995	0.00715	0.00946	0.00998	0.01116	0.00666	0.00719	0.01250	0.01791	0.02477	0.38005	0.34761	0.05976	0.01890	0.00914	0.00268	0.00401	0.04699	0.00756	0.00658
81	0.01060	0.00712	0.00815	0.00834	0.00839	0.00707	0.00476	0.01075	0.01117	0.01490	0.02533	0.12432	0.02943	0.66003	0.03466	0.00674	0.00688	0.01193	0.00476	0.00467
82	0.02075	0.69431	0.03744	0.01274	0.01905	0.02813	0.01258	0.02317	0.01550	0.06333	0.01160	0.01281	0.01012	0.00654	0.00495	0.00164	0.00783	0.00421	0.00358	0.00974
83	0.01489	0.03840	0.70064	0.02116	0.03213	0.01724	0.02743	0.02351	0.01567	0.02351	0.01332	0.01567	0.00940	0.00705	0.00705	0.00235	0.01097	0.00549	0.00313	0.01097
84	0.01196	0.00854	0.01196	0.01367	0.01538	0.00854	0.01196	0.01538	0.01709	0.02222	0.03931	0.08374	0.04272	0.02051	0.01025	0.00342	0.00684	0.64283	0.00684	0.00684
85	0.04330	0.01359	0.01771	0.26601	0.02901	0.01504	0.01378	0.18715	0.02035	0.02841	0.05262	0.11259	0.01939	0.01013	0.00731	0.00228	0.00737	0.00856	0.06467	0.08076
86	0.03986	0.07144	0.50364	0.01888	0.02798	0.01698	0.02277	0.02459	0.01628	0.11443	0.03442	0.01782	0.01233	0.00778	0.00769	0.00234	0.03993	0.00590	0.00414	0.01080
87	0.01758	0.03880	0.04964	0.04362	0.07392	0.06361	0.01125	0.11423	0.01821	0.02692	0.01867	0.02272	0.01505	0.03043	0.00916	0.04544	0.04112	0.00658	0.34464	0.00842
88	0.60641	0.10600	0.04339	0.01102	0.01619	0.01833	0.00976	0.04932	0.01428	0.05409	0.01141	0.01288	0.00882	0.00699	0.00493	0.00221	0.00635	0.00430	0.00463	0.00869
89	0.01017	0.00754	0.00948	0.00907	0.01090	0.00685	0.00678	0.01333	0.02011	0.02780	0.56545	0.08117	0.17174	0.01605	0.00878	0.00239	0.00357	0.01406	0.00792	0.00685
90	0.01520	0.01432	0.10438	0.17810	0.02491	0.01232	0.01402	0.01974	0.04424	0.10716	0.11113	0.08912	0.10282	0.04503	0.01031	0.00277	0.04681	0.04336	0.00573	0.00850
91	0.01661	0.01360	0.01583	0.01140	0.01793	0.01065	0.00915	0.05513	0.01664	0.04465	0.01391	0.01581	0.01130	0.00579	0.00566	0.00120	0.00567	0.00461	0.00470	0.71976
92	0.02773	0.03538	0.02104	0.01913	0.02295	0.70930	0.01434	0.02964	0.02104	0.01817	0.01148	0.01339	0.00956	0.00765	0.00669	0.00191	0.01339	0.00478	0.00383	0.00861
93	0.02884	0.01861	0.02071	0.01593	0.02169	0.01993	0.01314	0.51272	0.03138	0.18454	0.02047	0.01972	0.01405	0.00896	0.00736	0.00223	0.00762	0.00686	0.03280	0.01244
94	0.00935	0.00668	0.00894	0.01053	0.01113	0.00628	0.00728	0.01093	0.01483	0.01984	0.07912	0.64529	0.04986	0.02257	0.00949	0.00300	0.00445	0.06731	0.00696	0.00615
95	0.01913	0.01628	0.01716	0.01524	0.01956	0.01877	0.01191	0.08221	0.63554	0.03212	0.02937	0.02703	0.02198	0.00999	0.00755	0.00250	0.00603	0.00828	0.00755	0.01181
96	0.01064	0.00782	0.01148	0.01173	0.01301	0.00887	0.00909	0.01324	0.01255	0.01800	0.02303	0.09556	0.02271	0.04929	0.58477	0.01032	0.01723	0.04569	0.02838	0.00660
97	0.02822	0.02079	0.02228	0.01708	0.02302	0.02302	0.01411	0.66804	0.03490	0.04679	0.01782	0.01782	0.01262	0.00891	0.00743	0.00223	0.00817	0.00668	0.00743	0.01262
98	0.04819	0.00899	0.01158	0.01021	0.01296	0.00827	0.00791	0.01923	0.02072	0.17751	0.51482	0.04697	0.05604	0.01351	0.00830	0.00232	0.00422	0.01172	0.00825	0.00829
99	0.00914	0.00653	0.00873	0.01045	0.01092	0.00611	0.00706	0.01051	0.01431	0.01906	0.04086	0.71228	0.04888	0.02316	0.00950	0.00303	0.00439	0.04211	0.00689	0.00606
100	0.00910	0.00744	0.00804	0.00809	0.01028	0.00638	0.00599	0.01122	0.01741	0.02168	0.18063	0.12592	0.52493	0.01855	0.00883	0.00252	0.00376	0.01574	0.00712	0.00638
101	0.19649	0.01455	0.01843	0.37560	0.05751	0.04203	0.01551	0.07923	0.01653	0.02580	0.01394	0.01826	0.01062	0.00753	0.00653	0.00231	0.00827	0.00597	0.07626	0.00861
102	0.79154	0.01436	0.01091	0.00976	0.01436	0.01665	0.00804	0.02182	0.01263	0.03331	0.01034	0.01206	0.00804	0.00689	0.00459	0.00230	0.00574	0.00402	0.00459	0.00804
103	0.01217	0.00785	0.00963	0.00910	0.01077	0.00723	0.00645	0.01434	0.01739	0.07959	0.33555	0.08173	0.14656	0.21011	0.01648	0.00369	0.00480	0.01288	0.00702	0.00665
104	0.00916	0.00651	0.00858	0.01019	0.01060	0.00610	0.00674	0.01037	0.01399	0.01866	0.03979	0.69029	0.04768	0.06916	0.01129	0.00328	0.00449	0.02044	0.00674	0.00593
105	0.01467	0.01361	0.02279	0.47846	0.13912	0.01611	0.04090	0.01920	0.01507	0.02024	0.01499	0.02290	0.01232	0.00998	0.03451	0.00284	0.04756	0.03529	0.03078	0.00865
106	0.01688	0.01792	0.08908	0.13238	0.32254	0.01650	0.07791	0.05516	0.04563	0.02494	0.05254	0.02643	0.01747	0.00865	0.00780	0.00241	0.00890	0.06201	0.00444	0.01039
107	0.04636	0.01292	0.02100	0.65493	0.04742	0.01601	0.01930	0.01900	0.01479	0.02001	0.01364	0.01988	0.01029	0.00746	0.00719	0.00243	0.00939	0.00651	0.04330	0.00817
108	0.04651	0.68143	0.03701	0.01294	0.01910	0.06479	0.01263	0.02261	0.01531	0.01804	0.01038	0.01199	0.00948	0.00644	0.00486	0.00163	0.00815	0.00401	0.00326	0.00943
109	0.05128	0.00821	0.00967	0.00928	0.01145	0.00753	0.00684	0.01483	0.01760	0.09078	0.26176	0.15788	0.23309	0.07348	0.01082	0.00287	0.00438	0.01397	0.00724	0.00706
110	0.04301	0.17047	0.45739	0.04805	0.02954	0.01933	0.05573	0.02360	0.01577	0.05278	0.01344	0.01565	0.00990	0.00698	0.00665	0.00221	0.01004	0.00545	0.00350	0.01051
111	0.12110	0.01496	0.01957	0.18838	0.06364	0.04770	0.03765	0.02272	0.09107	0.06959	0.01721	0.05734	0.01447	0.01284	0.05804	0.00322	0.13955	0.00735	0.00466	0.00895
112	0.62361	0.01373	0.01202	0.01045	0.01507	0.01530	0.00859	0.02377	0.01404	0.14357	0.01401	0.01517	0.01032	0.00985	0.04225	0.00280	0.00658	0.00480	0.00533	0.00873
113	0.01655	0.01595	0.02478	0.33610	0.32117	0.04590	0.02025	0.02193	0.05127	0.02228	0.04209	0.02080	0.01382	0.00754	0.00742	0.00233	0.00911	0.00690	0.00391	0.00990
114	0.01692	0.06275	0.31135	0.09207	0.12884	0.01730	0.09607	0.05664	0.01759	0.04969	0.06670	0.02034	0.01523	0.00770	0.00738	0.00231	0.00967	0.00681	0.00415	0.01048
115	0.00951	0.00670	0.00904	0.01070	0.01126	0.00633	0.00746	0.01090	0.01439	0.01912	0.03978	0.63528	0.04714	0.02303	0.01023	0.02945	0.00467	0.09223	0.00676	0.00603
116	0.01085	0.00813	0.01045	0.01165	0.01353	0.00773	0.00980	0.01370	0.01689	0.02140	0.05016	0.11435	0.23709	0.02014	0.00977	0.00312	0.00578	0.42198	0.00686	0.00662
117	0.19268	0.04764	0.08642	0.05235	0.07652	0.01411	0.04615	0.05311	0.01613	0.02764	0.05035	0.02232	0.01615	0.03875	0.00739	0.00232	0.00664	0.00651	0.22827	0.00856
118	0.05493	0.02175	0.15013	0.09061	0.42890	0.04627	0.05545	0.02291	0.01652	0.02386	0.01356	0.01757	0.01089	0.00680	0.00721	0.00226	0.00952	0.00632	0.00360	0.01094
119	0.00904	0.00646	0.00861	0.01034	0.01077	0.00603	0.00689	0.01034	0.01421	0.01895	0.04092	0.73426	0.04910	0.02326	0.00948	0.00301	0.00431	0.02110	0.00689	0.00603
120	0.01289	0.00645	0.00967	0.00967	0.00967	0.00645	0.00645	0.00967	0.00967	0.01289	0.01289	0.02257	0.01289	0.02579	0.02901	0.78401	0.00645	0.00645	0.00322	0.00322
121	0.06980	0.10171	0.42636	0.01976	0.02859	0.04787	0.07688	0.06468	0.05198	0.02524	0.01407	0.01610	0.01039	0.00721	0.00684	0.00227	0.01011	0.00572	0.00382	0.01060
122	0.01437	0.01253	0.03920	0.12766	0.06832	0.01268	0.04631	0.02075	0.11175	0.05259	0.22199	0.03779	0.05583	0.01554	0.06917	0.00331	0.02845	0.04706	0.00603	0.00868
123	0.01166	0.00840	0.01158	0.01319	0.01489	0.00831	0.01140	0.01491	0.01696	0.02196	0.04136	0.11025	0.07880	0.02053	0.01014	0.00335	0.00656	0.58213	0.00684	0.00677
124	0.08811	0.01502	0.02258	0.11257	0.34707	0.01570	0.01731	0.06010	0.04216	0.06128	0.04648	0.08072	0.01856	0.00933	0.00746	0.00238	0.00773	0.03025	0.00493	0.01026
125	0.10747	0.25773	0.05296	0.01538	0.05352	0.12533	0.01273	0.06070	0.07538	0.06445	0.05702	0.01864	0.01556	0.00795	0.00609	0.00199	0.00793	0.00578	0.04374	0.00966
126	0.05813	0.07332	0.62845	0.02009	0.03047	0.01783	0.02560	0.02335	0.01547	0.02374	0.01300	0.01528	0.00933	0.00701	0.00680	0.00231	0.01053	0.00533	0.00322	0.01073
127	0.02008	0.18502	0.23608	0.01766	0.05334	0.07925	0.01731	0.02681	0.09589	0.11936	0.04074	0.02144	0.01571	0.00837	0.00682	0.00219	0.00874	0.02973	0.00493	0.01052

[dist]
# distance from previous block
# <min> <max>
0	1

[block]
# block no. 3 follows, 27 sequences, length 35
# corresponding to MSA columns:
# 321-355
name=unknown_D
#
# <colnr> <probs for GDERKNQSTAVLIFYWHMCP>
#	G	D	E	R	K	N	Q	S	T	A	V	L	I	F	Y	W	H	M	C	P
0	0.01929	0.57680	0.16289	0.01460	0.02171	0.05947	0.01556	0.02282	0.01548	0.01864	0.01094	0.01269	0.00951	0.00655	0.00529	0.00175	0.00877	0.00429	0.00320	0.00976
1	0.01608	0.05827	0.04578	0.01476	0.01837	0.01491	0.04286	0.07643	0.13609	0.04151	0.10882	0.12008	0.02901	0.01286	0.00984	0.00253	0.08761	0.08335	0.00611	0.07472
2	0.04600	0.01682	0.01953	0.01575	0.02001	0.01869	0.03504	0.37506	0.04504	0.06208	0.02417	0.08004	0.07229	0.03928	0.01080	0.00265	0.09089	0.00877	0.00660	0.01049
3	0.01055	0.00766	0.01002	0.00979	0.01152	0.00712	0.00751	0.01391	0.02018	0.02818	0.57022	0.08212	0.09021	0.01619	0.00895	0.00249	0.00391	0.08463	0.00793	0.00692
4	0.02351	0.02702	0.02442	0.07409	0.26481	0.39013	0.01777	0.05102	0.01969	0.02150	0.01272	0.01576	0.01049	0.00731	0.00700	0.00207	0.01132	0.00563	0.00388	0.00987
5	0.02547	0.02408	0.01994	0.01701	0.02116	0.29171	0.01336	0.18869	0.10422	0.09355	0.03801	0.01925	0.01487	0.00911	0.00855	0.00222	0.06912	0.00641	0.02301	0.01026
6	0.03192	0.01228	0.01673	0.01304	0.01848	0.01063	0.01068	0.03470	0.02084	0.65899	0.02995	0.06593	0.02014	0.01000	0.00758	0.00234	0.00620	0.00825	0.00906	0.01226
7	0.03331	0.01263	0.01723	0.01321	0.01895	0.01091	0.01091	0.03618	0.02125	0.69794	0.02929	0.02527	0.01838	0.00919	0.00747	0.00230	0.00632	0.00747	0.00919	0.01263
8	0.01080	0.00720	0.00810	0.00810	0.00810	0.00720	0.00450	0.01080	0.01080	0.01439	0.02339	0.04858	0.02699	0.73910	0.03779	0.00720	0.00720	0.01080	0.00450	0.00450
9	0.07121	0.01263	0.01530	0.01220	0.01695	0.01212	0.00995	0.12604	0.02171	0.40114	0.05691	0.02529	0.01950	0.00920	0.00692	0.00218	0.00588	0.00733	0.15654	0.01100
10	0.02650	0.09918	0.02285	0.01842	0.02243	0.57055	0.01426	0.06923	0.02092	0.01992	0.01169	0.01367	0.00976	0.00786	0.00738	0.00196	0.04560	0.00491	0.00397	0.00893
11	0.00939	0.00676	0.00889	0.01001	0.01082	0.00627	0.00688	0.01123	0.01592	0.02157	0.19711	0.55189	0.07327	0.02119	0.00928	0.00284	0.00410	0.01910	0.00720	0.00627
12	0.00957	0.00755	0.00862	0.00835	0.01051	0.00660	0.00626	0.01219	0.01879	0.02449	0.35540	0.06414	0.40682	0.01715	0.00877	0.00243	0.00364	0.01464	0.00748	0.00660
13	0.02031	0.50476	0.09782	0.01508	0.02095	0.13441	0.01466	0.02315	0.01577	0.01819	0.01074	0.01286	0.00954	0.00717	0.00691	0.00185	0.06869	0.00445	0.00328	0.00940
14	0.02543	0.01717	0.01860	0.01466	0.01968	0.01864	0.01198	0.46349	0.05235	0.09651	0.02049	0.02076	0.01473	0.00892	0.00699	0.00214	0.00699	0.00686	0.16217	0.01145
15	0.00967	0.00691	0.00933	0.01105	0.01175	0.00657	0.00797	0.01141	0.01483	0.01965	0.04057	0.59550	0.04774	0.02267	0.00964	0.00310	0.00485	0.15372	0.00688	0.00620
16	0.01380	0.00690	0.00703	0.00703	0.00869	0.00690	0.00524	0.01699	0.01533	0.02708	0.02376	0.02747	0.01878	0.00935	0.00616	0.03350	0.00358	0.00690	0.74875	0.00677
17	0.01566	0.01466	0.02480	0.47208	0.15913	0.01677	0.07359	0.05686	0.01655	0.02189	0.01503	0.05261	0.01231	0.00800	0.00762	0.00244	0.00957	0.00746	0.00381	0.00916
18	0.01508	0.06001	0.59096	0.02116	0.03125	0.01732	0.07900	0.02305	0.01605	0.02361	0.04471	0.01775	0.01238	0.00734	0.00719	0.00234	0.01065	0.00607	0.00342	0.01066
19	0.79154	0.01436	0.01091	0.00976	0.01436	0.01665	0.00804	0.02182	0.01263	0.03331	0.01034	0.01206	0.00804	0.00689	0.00459	0.00230	0.00574	0.00402	0.00459	0.00804
20	0.01141	0.00807	0.01031	0.01044	0.01132	0.00852	0.00734	0.04237	0.01324	0.01802	0.02572	0.13523	0.02800	0.34246	0.23481	0.00754	0.01069	0.06361	0.00499	0.00592
21	0.01070	0.00717	0.00817	0.00824	0.00831	0.00714	0.00468	0.01086	0.01125	0.01504	0.04292	0.08143	0.02925	0.68468	0.03562	0.00686	0.00696	0.01136	0.00472	0.00464
22	0.06821	0.05109	0.02374	0.02113	0.07759	0.25878	0.05872	0.06027	0.01722	0.02150	0.01227	0.03156	0.01089	0.00954	0.01254	0.00246	0.24345	0.00616	0.00392	0.00898
23	0.01707	0.18991	0.50074	0.01899	0.02854	0.02035	0.02313	0.07678	0.01714	0.02413	0.01305	0.01504	0.00970	0.00706	0.00659	0.00218	0.01008	0.00526	0.00350	0.01080
24	0.01016	0.00751	0.00949	0.00914	0.01091	0.00683	0.00680	0.01328	0.01997	0.02765	0.55707	0.10185	0.15933	0.01623	0.00881	0.00240	0.00359	0.01425	0.00790	0.00683
25	0.01080	0.00720	0.00810	0.00810	0.00810	0.00720	0.00450	0.01080	0.01080	0.01439	0.02339	0.04858	0.02699	0.73910	0.03779	0.00720	0.00720	0.01080	0.00450	0.00450
26	0.07015	0.02686	0.26895	0.12919	0.12152	0.10992	0.04566	0.06601	0.04835	0.02474	0.01409	0.01698	0.01062	0.00735	0.00705	0.00229	0.01013	0.00595	0.00393	0.01026
27	0.00889	0.00752	0.00768	0.00764	0.01010	0.00631	0.00573	0.01087	0.01719	0.02069	0.11503	0.07041	0.64956	0.01857	0.00877	0.00250	0.00374	0.01552	0.00698	0.00631
28	0.03210	0.01297	0.01727	0.01331	0.01891	0.01155	0.01097	0.07633	0.02213	0.62986	0.05402	0.02595	0.02000	0.00940	0.00751	0.00229	0.00633	0.00764	0.00903	0.01242
29	0.01503	0.03757	0.67388	0.02213	0.05850	0.01726	0.02724	0.02348	0.01572	0.02354	0.01335	0.01578	0.00950	0.00704	0.00706	0.00235	0.01089	0.00553	0.00316	0.01100
30	0.02070	0.36988	0.09356	0.01688	0.02281	0.12528	0.06883	0.07485	0.05562	0.02175	0.01285	0.01479	0.01068	0.00744	0.00723	0.00199	0.05586	0.00526	0.00390	0.00984
31	0.01186	0.00859	0.01215	0.04032	0.01646	0.00869	0.01198	0.01521	0.01683	0.02189	0.03841	0.12081	0.04187	0.02018	0.01010	0.00336	0.00680	0.58094	0.00671	0.00684
32	0.01603	0.01357	0.01574	0.01130	0.01786	0.01055	0.00906	0.05094	0.01636	0.02531	0.01342	0.01551	0.01108	0.00567	0.00559	0.00116	0.00563	0.00451	0.00455	0.74616
33	0.01638	0.01797	0.03813	0.04924	0.03498	0.01701	0.55293	0.02178	0.01666	0.02253	0.01701	0.05809	0.01454	0.07412	0.01141	0.00296	0.01154	0.00949	0.00396	0.00926
34	0.59536	0.01509	0.06753	0.01023	0.01487	0.01505	0.00917	0.02120	0.01338	0.03154	0.01293	0.01500	0.01001	0.00720	0.00490	0.00221	0.00579	0.00463	0.13580	0.00809

[dist]
# distance from previous block
# <min> <max>
0	1

[block]
# block no. 4 follows, 27 sequences, length 54
# corresponding to MSA columns:
# 357-410
name=unknown_E
#
# <colnr> <probs for GDERKNQSTAVLIFYWHMCP>
#	G	D	E	R	K	N	Q	S	T	A	V	L	I	F	Y	W	H	M	C	P
0	0.01935	0.02337	0.16896	0.06587	0.36589	0.05988	0.04612	0.11359	0.01934	0.02662	0.01422	0.01756	0.01115	0.00711	0.00732	0.00224	0.00964	0.00636	0.00408	0.01130
1	0.09606	0.02275	0.02084	0.01668	0.02209	0.15512	0.01350	0.46336	0.02973	0.06425	0.01635	0.01673	0.01184	0.00850	0.00703	0.00218	0.00890	0.00611	0.00654	0.01144
2	0.01046	0.00750	0.00969	0.00928	0.01081	0.00697	0.00678	0.01354	0.01976	0.02785	0.59656	0.08968	0.06515	0.07984	0.01137	0.00280	0.00387	0.01359	0.00778	0.00673
3	0.02464	0.02182	0.01794	0.01535	0.01946	0.27372	0.01191	0.17058	0.02264	0.12599	0.04305	0.05108	0.01699	0.03127	0.04068	0.00267	0.00963	0.00705	0.05471	0.03881
4	0.05106	0.07537	0.42542	0.01914	0.02743	0.05821	0.07912	0.02234	0.01678	0.02421	0.11295	0.02141	0.01849	0.00817	0.00718	0.00229	0.00972	0.00675	0.00405	0.00993
5	0.07544	0.17886	0.47270	0.01810	0.02733	0.01929	0.02197	0.02388	0.01566	0.06356	0.01345	0.01521	0.00987	0.00703	0.00643	0.00219	0.00968	0.00519	0.00362	0.01056
6	0.01089	0.00754	0.00884	0.00874	0.00893	0.00771	0.00528	0.01135	0.01195	0.01621	0.08803	0.07774	0.03147	0.61105	0.03325	0.00640	0.03342	0.01134	0.00491	0.00494
7	0.02677	0.01148	0.01534	0.01225	0.01688	0.01020	0.00992	0.04969	0.02161	0.49076	0.21339	0.03348	0.03265	0.01085	0.00783	0.00231	0.00559	0.00911	0.00885	0.01106
8	0.01073	0.00792	0.01174	0.01174	0.01308	0.00919	0.00913	0.01341	0.01207	0.01762	0.02005	0.02911	0.01858	0.05392	0.68341	0.01155	0.01927	0.00792	0.03293	0.00664
9	0.49722	0.05186	0.01458	0.01124	0.01626	0.03556	0.00934	0.02647	0.01565	0.23599	0.01618	0.01614	0.01133	0.00759	0.00554	0.00225	0.00625	0.00510	0.00591	0.00954
10	0.01701	0.02016	0.07952	0.02746	0.03316	0.01975	0.45000	0.02216	0.01574	0.02216	0.01349	0.01873	0.01074	0.00813	0.01287	0.00269	0.20515	0.00794	0.00358	0.00956
11	0.01196	0.00854	0.01196	0.01367	0.01538	0.00854	0.01196	0.01538	0.01709	0.02222	0.03931	0.08374	0.04272	0.02051	0.01025	0.00342	0.00684	0.64283	0.00684	0.00684
12	0.00922	0.00760	0.00814	0.00817	0.01052	0.00652	0.00624	0.01142	0.01749	0.02151	0.15594	0.07009	0.56319	0.01842	0.00887	0.00254	0.00393	0.05673	0.00706	0.00640
13	0.02034	0.69893	0.03778	0.01311	0.01930	0.07224	0.01281	0.02270	0.01546	0.01751	0.01039	0.01200	0.00953	0.00643	0.00489	0.00161	0.00828	0.00402	0.00322	0.00947
14	0.02761	0.02049	0.02193	0.01696	0.02279	0.02273	0.01396	0.62842	0.07553	0.04579	0.01860	0.01845	0.01326	0.00898	0.00743	0.00225	0.00802	0.00679	0.00743	0.01257
15	0.00913	0.00650	0.00859	0.01022	0.01063	0.00609	0.00677	0.01036	0.01404	0.01872	0.04002	0.69907	0.04797	0.06000	0.01093	0.00323	0.00446	0.02058	0.00677	0.00595
16	0.01384	0.00692	0.00692	0.00692	0.00865	0.00692	0.00519	0.01730	0.01557	0.02768	0.02422	0.02768	0.01903	0.00865	0.00519	0.00173	0.00346	0.00692	0.78031	0.00692
17	0.01515	0.01440	0.02473	0.44962	0.23556	0.01630	0.04992	0.01978	0.01553	0.02073	0.01517	0.06235	0.01286	0.00809	0.00759	0.00243	0.00937	0.00757	0.00365	0.00922
18	0.01776	0.01017	0.01317	0.01157	0.01393	0.01048	0.00878	0.06158	0.01675	0.18670	0.11614	0.03527	0.02696	0.20529	0.16442	0.00562	0.05230	0.00913	0.02591	0.00810
19	0.57889	0.01579	0.04353	0.09323	0.06921	0.01703	0.01164	0.05180	0.01436	0.03124	0.01140	0.01381	0.00879	0.00703	0.00535	0.00231	0.00677	0.00469	0.00445	0.00867
20	0.01432	0.01339	0.02253	0.63088	0.10678	0.01626	0.02044	0.01915	0.01512	0.01958	0.01438	0.02239	0.01146	0.00791	0.00754	0.00249	0.00967	0.03373	0.00348	0.00850
21	0.01723	0.01832	0.01748	0.01602	0.01768	0.21996	0.01255	0.01930	0.01444	0.01760	0.01471	0.02152	0.01372	0.04992	0.29354	0.00644	0.21155	0.00670	0.00375	0.00756
