[name]
unknown

[dist]
# distance from previous block
# <min> <max>
0	43

[block]
# block no. 0 follows, 23 sequences, length 76
# corresponding to MSA columns:
# 45-120
name=unknown_A
#
# <colnr> <probs for GDERKNQSTAVLIFYWHMCP>
#	G	D	E	R	K	N	Q	S	T	A	V	L	I	F	Y	W	H	M	C	P
0	0.01322	0.00967	0.01381	0.05950	0.01937	0.00991	0.01369	0.01707	0.01852	0.02405	0.04109	0.08695	0.04435	0.02148	0.01100	0.00367	0.00769	0.57015	0.00722	0.00757
1	0.40000	0.01636	0.01900	0.12598	0.13468	0.01815	0.01447	0.06414	0.01752	0.09919	0.01515	0.01760	0.01130	0.00797	0.00655	0.00252	0.00780	0.00590	0.00535	0.01036
2	0.08369	0.01809	0.01906	0.01586	0.02111	0.01997	0.01273	0.26148	0.26320	0.07974	0.03131	0.02971	0.08585	0.01120	0.00808	0.00260	0.00714	0.00886	0.00799	0.01231
3	0.00986	0.00823	0.00859	0.00850	0.01113	0.00697	0.00638	0.01217	0.01913	0.02344	0.16468	0.07559	0.57750	0.01998	0.00959	0.00271	0.00407	0.01678	0.00773	0.00697
4	0.02030	0.01993	0.03197	0.08517	0.59889	0.05105	0.02432	0.02503	0.01856	0.02586	0.01508	0.01991	0.01262	0.00733	0.00800	0.00241	0.00995	0.00713	0.00400	0.01247
5	0.01625	0.01442	0.01971	0.19064	0.02938	0.01291	0.03757	0.02036	0.01671	0.02471	0.01572	0.04607	0.01339	0.00737	0.00687	0.00174	0.00751	0.00635	0.00458	0.50774
6	0.01029	0.00735	0.00988	0.01176	0.01241	0.00694	0.00824	0.01200	0.01594	0.02117	0.04450	0.63044	0.05278	0.02504	0.01047	0.00335	0.00506	0.09814	0.00752	0.00670
7	0.01783	0.01530	0.01877	0.01349	0.02070	0.01219	0.03954	0.05988	0.01829	0.02799	0.01484	0.01723	0.01215	0.00629	0.00631	0.00135	0.00656	0.00519	0.00498	0.68112
8	0.06474	0.06804	0.56865	0.02341	0.06788	0.01939	0.02767	0.02548	0.01697	0.02614	0.01425	0.01687	0.01033	0.00764	0.00745	0.00252	0.01136	0.00589	0.00356	0.01177
9	0.18998	0.01779	0.01845	0.01491	0.02066	0.07235	0.01212	0.11874	0.06430	0.35315	0.02430	0.02251	0.01631	0.00939	0.00742	0.00248	0.00767	0.00706	0.00810	0.01231
10	0.01205	0.00843	0.01064	0.01010	0.01224	0.00763	0.00757	0.01542	0.02180	0.05500	0.50333	0.09920	0.17119	0.01750	0.00956	0.00262	0.00405	0.01531	0.00866	0.00770
11	0.01582	0.01427	0.02321	0.46999	0.08503	0.01767	0.02003	0.01953	0.01511	0.02009	0.01390	0.02137	0.01135	0.01149	0.01375	0.10024	0.10782	0.00718	0.00361	0.00854
12	0.02850	0.02480	0.02419	0.01953	0.02449	0.14596	0.01587	0.41971	0.03094	0.03995	0.01669	0.01829	0.01264	0.01025	0.01115	0.00256	0.12883	0.00689	0.00661	0.01214
13	0.02801	0.02110	0.02302	0.04748	0.02548	0.02352	0.01511	0.51008	0.11602	0.04646	0.02195	0.04629	0.01656	0.01041	0.00822	0.00252	0.00853	0.00812	0.00792	0.01320
14	0.01162	0.00864	0.01109	0.01171	0.01372	0.00810	0.00948	0.01491	0.01991	0.02633	0.25671	0.10750	0.19307	0.02021	0.01026	0.00310	0.00539	0.25293	0.00797	0.00735
15	0.01532	0.01442	0.02434	0.69533	0.05589	0.01803	0.02253	0.02073	0.01622	0.02073	0.01442	0.02163	0.01082	0.00811	0.00811	0.00270	0.01082	0.00721	0.00361	0.00901
16	0.03115	0.02224	0.02405	0.01844	0.02492	0.02444	0.01523	0.60429	0.03733	0.08517	0.02017	0.01993	0.01415	0.00976	0.00812	0.00244	0.00882	0.00735	0.00822	0.01380
17	0.70913	0.01553	0.01252	0.01099	0.01612	0.01767	0.00906	0.02520	0.01462	0.09066	0.01307	0.01442	0.00976	0.00775	0.00529	0.00251	0.00633	0.00472	0.00545	0.00922
18	0.01137	0.00909	0.01027	0.00983	0.01238	0.00841	0.00741	0.01608	0.07772	0.02759	0.32685	0.06621	0.35119	0.01798	0.00946	0.00266	0.00420	0.01535	0.00820	0.00774
19	0.01121	0.00896	0.00964	0.00935	0.01190	0.00805	0.00695	0.04780	0.01978	0.02482	0.16113	0.11227	0.46582	0.05248	0.01105	0.00297	0.00456	0.01633	0.00766	0.00726
20	0.01054	0.00753	0.01014	0.01185	0.01266	0.00713	0.00849	0.01251	0.01656	0.02210	0.08471	0.56075	0.05397	0.02433	0.01045	0.00332	0.00513	0.12339	0.00761	0.00681
21	0.01172	0.00817	0.01039	0.01039	0.01092	0.00870	0.00684	0.01279	0.01226	0.01687	0.02416	0.04530	0.02611	0.47439	0.27711	0.00977	0.01297	0.01066	0.00471	0.00577
22	0.02169	0.71972	0.04252	0.01388	0.02083	0.03211	0.01388	0.02430	0.01649	0.01909	0.01128	0.01302	0.01041	0.00694	0.00521	0.00174	0.00868	0.00434	0.00347	0.01041
23	0.01111	0.00780	0.00982	0.01076	0.01148	0.00751	0.00738	0.01262	0.01552	0.02069	0.09783	0.31941	0.06758	0.25677	0.02082	0.00481	0.00605	0.09900	0.00677	0.00626
24	0.02473	0.01734	0.01917	0.01635	0.02151	0.01912	0.01297	0.11379	0.44987	0.16414	0.03119	0.02844	0.02251	0.01066	0.00822	0.00267	0.00682	0.00875	0.00860	0.01315
25	0.01718	0.01554	0.02481	0.59037	0.08620	0.01883	0.02194	0.08423	0.01860	0.02417	0.01499	0.02133	0.01123	0.00823	0.00811	0.00266	0.01056	0.00722	0.00409	0.00972
26	0.01129	0.00829	0.01058	0.01001	0.01201	0.00758	0.00751	0.01494	0.02252	0.03147	0.60197	0.06237	0.13519	0.01699	0.00957	0.00257	0.00386	0.01492	0.00879	0.00758
27	0.01148	0.00829	0.01085	0.01021	0.01212	0.00766	0.00766	0.01531	0.02297	0.03254	0.65994	0.06061	0.07656	0.01659	0.00957	0.00255	0.00383	0.01467	0.00893	0.00766
28	0.01627	0.04197	0.67279	0.02313	0.03512	0.01884	0.02998	0.02570	0.01713	0.02570	0.01456	0.01713	0.01028	0.00771	0.00771	0.00257	0.01199	0.00600	0.00343	0.01199
29	0.01627	0.04197	0.67279	0.02313	0.03512	0.01884	0.02998	0.02570	0.01713	0.02570	0.01456	0.01713	0.01028	0.00771	0.00771	0.00257	0.01199	0.00600	0.00343	0.01199
30	0.00987	0.00711	0.00937	0.01118	0.01174	0.00660	0.00748	0.01131	0.01565	0.02076	0.04621	0.68440	0.07784	0.02523	0.01033	0.00327	0.00468	0.02283	0.00753	0.00660
31	0.01105	0.00828	0.01024	0.00975	0.01186	0.00747	0.00731	0.01447	0.02194	0.03011	0.52753	0.06462	0.21048	0.01750	0.00957	0.00260	0.00389	0.01524	0.00861	0.00747
32	0.01175	0.00805	0.00976	0.00976	0.01007	0.00836	0.00605	0.01238	0.01207	0.01640	0.02474	0.04852	0.02751	0.57358	0.17983	0.00898	0.01086	0.01113	0.00479	0.00542
33	0.03031	0.03867	0.02299	0.02090	0.02508	0.68226	0.01568	0.03240	0.02299	0.01986	0.01254	0.01463	0.01045	0.00836	0.00732	0.00209	0.01463	0.00523	0.00418	0.00941
34	0.03085	0.02273	0.02435	0.01867	0.02516	0.02516	0.01542	0.63716	0.03815	0.05114	0.01948	0.01948	0.01380	0.00974	0.00812	0.00244	0.00893	0.00731	0.00812	0.01380
35	0.01006	0.00720	0.00957	0.01118	0.01181	0.00671	0.00755	0.01175	0.01636	0.02203	0.11336	0.63714	0.05622	0.02444	0.01027	0.00321	0.00461	0.02213	0.00769	0.00671
36	0.02169	0.71972	0.04252	0.01388	0.02083	0.03211	0.01388	0.02430	0.01649	0.01909	0.01128	0.01302	0.01041	0.00694	0.00521	0.00174	0.00868	0.00434	0.00347	0.01041
37	0.03641	0.01381	0.01883	0.01444	0.02071	0.01193	0.01193	0.03954	0.02322	0.66984	0.03201	0.02762	0.02009	0.01004	0.00816	0.00251	0.00690	0.00816	0.01004	0.01381
38	0.60097	0.01571	0.01432	0.08268	0.02070	0.01797	0.01076	0.05112	0.01588	0.08750	0.01368	0.01552	0.01014	0.00789	0.00573	0.00253	0.00692	0.00512	0.00542	0.00944
39	0.03641	0.01381	0.01883	0.01444	0.02071	0.01193	0.01193	0.03954	0.02322	0.66984	0.03201	0.02762	0.02009	0.01004	0.00816	0.00251	0.00690	0.00816	0.01004	0.01381
40	0.02458	0.01826	0.02103	0.04613	0.06429	0.02021	0.01451	0.18426	0.35820	0.11630	0.02775	0.02634	0.02022	0.01023	0.00819	0.00262	0.00747	0.00839	0.00799	0.01304
41	0.02008	0.01928	0.03294	0.04981	0.66422	0.01928	0.02490	0.02490	0.01848	0.02651	0.01526	0.02008	0.01285	0.00723	0.00803	0.00241	0.00964	0.00723	0.00402	0.01285
42	0.01138	0.00829	0.01070	0.01010	0.01206	0.00761	0.00757	0.01511	0.02272	0.03195	0.62815	0.06157	0.10871	0.01681	0.00957	0.00256	0.00384	0.01481	0.00886	0.00761
43	0.02634	0.01918	0.02104	0.01673	0.02178	0.02115	0.01342	0.48658	0.03185	0.04279	0.02012	0.02456	0.01614	0.09485	0.06914	0.03760	0.00979	0.00792	0.00724	0.01179
44	0.01105	0.00828	0.01025	0.00976	0.01186	0.00747	0.00732	0.01448	0.02195	0.03013	0.52879	0.06458	0.20921	0.01749	0.00957	0.00259	0.00389	0.01523	0.00862	0.00747
45	0.01825	0.00993	0.01232	0.01107	0.01298	0.00977	0.00763	0.04274	0.01564	0.17018	0.02634	0.04312	0.02551	0.43883	0.11496	0.00707	0.00947	0.01038	0.00616	0.00763
46	0.01101	0.00818	0.01026	0.00994	0.01189	0.00742	0.00738	0.01433	0.02156	0.02967	0.50598	0.11740	0.17892	0.01803	0.00964	0.00265	0.00395	0.01581	0.00857	0.00742
47	0.56005	0.01803	0.01505	0.01281	0.01811	0.05674	0.01047	0.12604	0.01894	0.07936	0.01407	0.01524	0.01044	0.00811	0.00587	0.00247	0.00723	0.00517	0.00581	0.00997
48	0.01204	0.00852	0.01045	0.00983	0.01217	0.00761	0.00742	0.01533	0.02170	0.05767	0.46656	0.06416	0.24158	0.01743	0.00951	0.00260	0.00404	0.01509	0.00858	0.00770
49	0.54920	0.01586	0.04124	0.01151	0.01634	0.01669	0.00983	0.06147	0.01694	0.03604	0.10347	0.02121	0.01923	0.00904	0.00600	0.00248	0.00623	0.00624	0.04195	0.00903
50	0.02286	0.02051	0.02065	0.08816	0.02595	0.09478	0.01467	0.15409	0.39581	0.03431	0.02619	0.02555	0.01960	0.01017	0.00811	0.00261	0.00828	0.00817	0.00729	0.01225
51	0.06855	0.01181	0.01196	0.01049	0.01371	0.01257	0.00826	0.17063	0.02198	0.03577	0.02377	0.02650	0.01830	0.00940	0.00623	0.00206	0.00521	0.00729	0.52636	0.00917
52	0.01492	0.01105	0.01472	0.01374	0.01597	0.01258	0.01072	0.12141	0.01728	0.02419	0.02159	0.03109	0.01976	0.09361	0.52591	0.01089	0.01865	0.00865	0.00503	0.00822
53	0.01105	0.00816	0.01032	0.01004	0.01192	0.00743	0.00743	0.01437	0.02155	0.02978	0.51263	0.13076	0.15832	0.01808	0.00966	0.00266	0.00396	0.01590	0.00859	0.00743
54	0.02008	0.01928	0.03294	0.04981	0.66422	0.01928	0.02490	0.02490	0.01848	0.02651	0.01526	0.02008	0.01285	0.00723	0.00803	0.00241	0.00964	0.00723	0.00402	0.01285
55	0.01148	0.00829	0.01085	0.01021	0.01212	0.00766	0.00766	0.01531	0.02297	0.03254	0.65994	0.06061	0.07656	0.01659	0.00957	0.00255	0.00383	0.01467	0.00893	0.00766
56	0.01377	0.12837	0.01666	0.01124	0.01417	0.01258	0.00904	0.01864	0.06291	0.03037	0.50995	0.05063	0.06206	0.01460	0.00875	0.00243	0.00481	0.01258	0.00797	0.00846
57	0.02169	0.71972	0.04252	0.01388	0.02083	0.03211	0.01388	0.02430	0.01649	0.01909	0.01128	0.01302	0.01041	0.00694	0.00521	0.00174	0.00868	0.00434	0.00347	0.01041
58	0.02377	0.55575	0.03782	0.01557	0.02185	0.18864	0.01432	0.02625	0.01805	0.01928	0.01158	0.01341	0.01042	0.00728	0.00571	0.00182	0.01011	0.00455	0.00364	0.01017
59	0.77215	0.01569	0.01193	0.01067	0.01569	0.01820	0.00879	0.02385	0.01381	0.03641	0.01130	0.01318	0.00879	0.00753	0.00502	0.00251	0.00628	0.00439	0.00502	0.00879
60	0.02497	0.05771	0.02025	0.01511	0.02003	0.02015	0.01227	0.39460	0.05379	0.04129	0.02155	0.02453	0.01680	0.06497	0.01003	0.00271	0.00761	0.00762	0.17251	0.01150
61	0.77215	0.01569	0.01193	0.01067	0.01569	0.01820	0.00879	0.02385	0.01381	0.03641	0.01130	0.01318	0.00879	0.00753	0.00502	0.00251	0.00628	0.00439	0.00502	0.00879
62	0.01031	0.00825	0.00921	0.00897	0.01140	0.00716	0.00673	0.01303	0.02019	0.02594	0.30086	0.07147	0.43975	0.01905	0.00958	0.00267	0.00400	0.01620	0.00806	0.00716
63	0.02652	0.02058	0.02191	0.01779	0.02351	0.02314	0.01438	0.39596	0.28641	0.04416	0.02498	0.02386	0.01825	0.01026	0.00817	0.00256	0.00791	0.00806	0.00817	0.01341
64	0.01532	0.01442	0.02434	0.69533	0.05589	0.01803	0.02253	0.02073	0.01622	0.02073	0.01442	0.02163	0.01082	0.00811	0.00811	0.00270	0.01082	0.00721	0.00361	0.00901
65	0.02169	0.71972	0.04252	0.01388	0.02083	0.03211	0.01388	0.02430	0.01649	0.01909	0.01128	0.01302	0.01041	0.00694	0.00521	0.00174	0.00868	0.00434	0.00347	0.01041
66	0.64308	0.13678	0.01719	0.01122	0.01658	0.02059	0.00966	0.02393	0.01427	0.03343	0.01130	0.01315	0.00907	0.00743	0.00505	0.00238	0.00669	0.00438	0.00475	0.00907
67	0.00989	0.00706	0.00942	0.01130	0.01177	0.00659	0.00753	0.01130	0.01554	0.02071	0.04472	0.70954	0.05367	0.02542	0.01036	0.00330	0.00471	0.02307	0.00753	0.00659
68	0.01217	0.01313	0.10597	0.01206	0.01543	0.00926	0.01086	0.01680	0.02213	0.03156	0.56720	0.05436	0.06704	0.01531	0.00930	0.00255	0.00500	0.01343	0.00814	0.00828
69	0.01078	0.00773	0.01006	0.01161	0.01234	0.00739	0.00787	0.03814	0.01651	0.02202	0.04364	0.67994	0.05196	0.02475	0.01026	0.00326	0.00489	0.02239	0.00756	0.00690
70	0.01051	0.00758	0.01004	0.01149	0.01243	0.00711	0.00820	0.01259	0.01712	0.02291	0.13417	0.51221	0.08031	0.02358	0.01032	0.00322	0.00491	0.09670	0.00773	0.00687
71	0.77215	0.01569	0.01193	0.01067	0.01569	0.01820	0.00879	0.02385	0.01381	0.03641	0.01130	0.01318	0.00879	0.00753	0.00502	0.00251	0.00628	0.00439	0.00502	0.00879
72	0.01640	0.04108	0.64516	0.02362	0.03544	0.01892	0.05672	0.02571	0.01722	0.02571	0.01464	0.01734	0.01037	0.00767	0.00779	0.00258	0.01207	0.00615	0.00346	0.01195
73	0.01573	0.01483	0.02506	0.64072	0.10735	0.01813	0.02274	0.02108	0.01642	0.02122	0.01449	0.02150	0.01099	0.00804	0.00811	0.00268	0.01072	0.00721	0.00364	0.00934
74	0.01211	0.00946	0.01404	0.01374	0.01507	0.01139	0.01079	0.01492	0.01299	0.01890	0.02080	0.03068	0.01947	0.05690	0.62711	0.01224	0.07918	0.00856	0.00428	0.00738
75	0.07663	0.01249	0.01630	0.01309	0.01815	0.01121	0.01061	0.03221	0.02256	0.46295	0.19489	0.03533	0.03414	0.01160	0.00833	0.00252	0.00606	0.00962	0.00943	0.01188

[dist]
# distance from previous block
# <min> <max>
0	17

[block]
# block no. 1 follows, 23 sequences, length 7
# corresponding to MSA columns:
# 138-144
name=unknown_B
#
# <colnr> <probs for GDERKNQSTAVLIFYWHMCP>
#	G	D	E	R	K	N	Q	S	T	A	V	L	I	F	Y	W	H	M	C	P
0	0.02120	0.01794	0.01892	0.01672	0.02149	0.02066	0.01309	0.09988	0.59113	0.03559	0.03173	0.02924	0.02372	0.01089	0.00824	0.00272	0.00666	0.00900	0.00824	0.01293
1	0.03085	0.02273	0.02435	0.01867	0.02516	0.02516	0.01542	0.63716	0.03815	0.05114	0.01948	0.01948	0.01380	0.00974	0.00812	0.00244	0.00893	0.00731	0.00812	0.01380
2	0.02008	0.01928	0.03294	0.04981	0.66422	0.01928	0.02490	0.02490	0.01848	0.02651	0.01526	0.02008	0.01285	0.00723	0.00803	0.00241	0.00964	0.00723	0.00402	0.01285
3	0.01206	0.05741	0.01203	0.01043	0.01126	0.00968	0.00698	0.01303	0.01311	0.01753	0.02789	0.18280	0.03160	0.41057	0.14221	0.00738	0.00964	0.01309	0.00526	0.00605
4	0.09776	0.10156	0.02309	0.04793	0.02139	0.04997	0.01461	0.09799	0.01736	0.02576	0.01587	0.07131	0.01495	0.01421	0.04360	0.00330	0.28767	0.00775	0.03451	0.00940
5	0.01981	0.19254	0.03088	0.02039	0.02379	0.10571	0.10150	0.02250	0.01593	0.02046	0.01469	0.07470	0.01440	0.01161	0.01524	0.00279	0.29176	0.00787	0.00402	0.00942
6	0.01392	0.00986	0.01152	0.01160	0.01326	0.00989	0.00816	0.11341	0.01898	0.02564	0.03954	0.39629	0.09203	0.12778	0.01438	0.00372	0.00577	0.01720	0.05947	0.00759

[dist]
# distance from previous block
# <min> <max>
4	9

[block]
# block no. 2 follows, 23 sequences, length 47
# corresponding to MSA columns:
# 154-200
name=unknown_C
#
# <colnr> <probs for GDERKNQSTAVLIFYWHMCP>
#	G	D	E	R	K	N	Q	S	T	A	V	L	I	F	Y	W	H	M	C	P
0	0.30693	0.02278	0.20088	0.04476	0.02405	0.01739	0.01624	0.05757	0.05367	0.11457	0.01687	0.01849	0.01224	0.00941	0.00817	0.04561	0.00835	0.00603	0.00542	0.01054
1	0.02914	0.02355	0.02328	0.01857	0.02453	0.09200	0.01505	0.48293	0.13128	0.04526	0.02086	0.02065	0.01515	0.00980	0.00806	0.00245	0.00913	0.00738	0.00773	0.01320
2	0.01180	0.00787	0.00885	0.00885	0.00885	0.00787	0.00492	0.01180	0.01180	0.01573	0.02557	0.05310	0.02950	0.71483	0.04130	0.00787	0.00787	0.01180	0.00492	0.00492
3	0.77215	0.01569	0.01193	0.01067	0.01569	0.01820	0.00879	0.02385	0.01381	0.03641	0.01130	0.01318	0.00879	0.00753	0.00502	0.00251	0.00628	0.00439	0.00502	0.00879
4	0.01428	0.00980	0.01087	0.01013	0.01097	0.01012	0.00629	0.09326	0.01523	0.02035	0.02477	0.04872	0.02745	0.62299	0.03698	0.00716	0.00801	0.01121	0.00533	0.00607
5	0.01622	0.01533	0.02595	0.57412	0.17011	0.01826	0.02298	0.02152	0.01665	0.02182	0.01458	0.02134	0.01120	0.00795	0.00810	0.00265	0.01060	0.00721	0.00368	0.00973
6	0.77215	0.01569	0.01193	0.01067	0.01569	0.01820	0.00879	0.02385	0.01381	0.03641	0.01130	0.01318	0.00879	0.00753	0.00502	0.00251	0.00628	0.00439	0.00502	0.00879
7	0.01627	0.04197	0.67279	0.02313	0.03512	0.01884	0.02998	0.02570	0.01713	0.02570	0.01456	0.01713	0.01028	0.00771	0.00771	0.00257	0.01199	0.00600	0.00343	0.01199
8	0.03641	0.01381	0.01883	0.01444	0.02071	0.01193	0.01193	0.03954	0.02322	0.66984	0.03201	0.02762	0.02009	0.01004	0.00816	0.00251	0.00690	0.00816	0.01004	0.01381
9	0.00989	0.00706	0.00942	0.01130	0.01177	0.00659	0.00753	0.01130	0.01554	0.02071	0.04472	0.70954	0.05367	0.02542	0.01036	0.00330	0.00471	0.02307	0.00753	0.00659
10	0.08908	0.01654	0.01928	0.01508	0.02118	0.05265	0.01237	0.11584	0.02447	0.50559	0.02775	0.02476	0.01789	0.00972	0.00788	0.00248	0.00757	0.00760	0.00909	0.01319
11	0.03085	0.02273	0.02435	0.01867	0.02516	0.02516	0.01542	0.63716	0.03815	0.05114	0.01948	0.01948	0.01380	0.00974	0.00812	0.00244	0.00893	0.00731	0.00812	0.01380
12	0.00969	0.00822	0.00835	0.00832	0.01102	0.00689	0.00624	0.01183	0.01872	0.02246	0.11133	0.07721	0.63146	0.02035	0.00959	0.00273	0.00410	0.01700	0.00761	0.00689
13	0.03085	0.02273	0.02435	0.01867	0.02516	0.02516	0.01542	0.63716	0.03815	0.05114	0.01948	0.01948	0.01380	0.00974	0.00812	0.00244	0.00893	0.00731	0.00812	0.01380
14	0.02141	0.68366	0.07605	0.01438	0.02159	0.03140	0.01474	0.02437	0.01652	0.01944	0.01146	0.01324	0.01041	0.00698	0.00534	0.00178	0.00885	0.00443	0.00347	0.01050
15	0.01080	0.00815	0.00986	0.00965	0.01161	0.00733	0.00709	0.01373	0.02052	0.02765	0.40814	0.12173	0.24618	0.04807	0.01099	0.00290	0.00416	0.01601	0.00823	0.00721
16	0.03188	0.02107	0.02332	0.01788	0.02433	0.02270	0.01477	0.52584	0.03537	0.16639	0.02182	0.02100	0.01497	0.00980	0.00813	0.00245	0.00855	0.00746	0.00848	0.01380
17	0.00995	0.00718	0.00943	0.01109	0.01175	0.00666	0.00747	0.01152	0.01605	0.02136	0.07720	0.64527	0.08559	0.02474	0.01028	0.00323	0.00463	0.02235	0.00760	0.00666
18	0.01011	0.00724	0.00962	0.01114	0.01182	0.00674	0.00755	0.01186	0.01658	0.02238	0.13154	0.61796	0.05690	0.02417	0.01025	0.00319	0.00458	0.02188	0.00773	0.00674
19	0.01627	0.04197	0.67279	0.02313	0.03512	0.01884	0.02998	0.02570	0.01713	0.02570	0.01456	0.01713	0.01028	0.00771	0.00771	0.00257	0.01199	0.00600	0.00343	0.01199
20	0.00981	0.00823	0.00853	0.00845	0.01110	0.00694	0.00634	0.01207	0.01902	0.02316	0.14972	0.07605	0.59263	0.02009	0.00959	0.00272	0.00408	0.01684	0.00770	0.00694
21	0.01216	0.00966	0.01234	0.08607	0.01744	0.00962	0.00941	0.01727	0.07276	0.02862	0.38923	0.08275	0.18918	0.01638	0.00934	0.00265	0.00491	0.01425	0.00793	0.00802
22	0.02140	0.01803	0.01903	0.01676	0.02156	0.02075	0.01314	0.11087	0.57982	0.03590	0.03148	0.02904	0.02352	0.01086	0.00824	0.00272	0.00671	0.00896	0.00824	0.01295
23	0.01917	0.01835	0.03129	0.17355	0.54760	0.01904	0.02445	0.02410	0.01804	0.02540	0.01510	0.02038	0.01246	0.00740	0.00805	0.00247	0.00987	0.00723	0.00394	0.01212
24	0.03070	0.01442	0.01810	0.01461	0.02025	0.01375	0.01183	0.03886	0.18375	0.46933	0.03516	0.03120	0.05813	0.01089	0.00827	0.00259	0.00662	0.00894	0.00944	0.01316
25	0.01590	0.01403	0.02037	0.08192	0.02301	0.01608	0.07099	0.06808	0.01744	0.02450	0.05583	0.03270	0.11204	0.02171	0.13940	0.00472	0.18364	0.00939	0.04120	0.04707
26	0.77215	0.01569	0.01193	0.01067	0.01569	0.01820	0.00879	0.02385	0.01381	0.03641	0.01130	0.01318	0.00879	0.00753	0.00502	0.00251	0.00628	0.00439	0.00502	0.00879
27	0.01617	0.01528	0.02586	0.58072	0.16389	0.01825	0.02296	0.02147	0.01662	0.02176	0.01457	0.02136	0.01118	0.00796	0.00810	0.00265	0.01061	0.00721	0.00368	0.00970
28	0.01880	0.01436	0.01703	0.01226	0.01938	0.01093	0.00985	0.02236	0.01747	0.09144	0.01620	0.01792	0.01283	0.00642	0.00623	0.00133	0.00610	0.00515	0.00534	0.68861
29	0.03031	0.03867	0.02299	0.02090	0.02508	0.68226	0.01568	0.03240	0.02299	0.01986	0.01254	0.01463	0.01045	0.00836	0.00732	0.00209	0.01463	0.00523	0.00418	0.00941
30	0.77215	0.01569	0.01193	0.01067	0.01569	0.01820	0.00879	0.02385	0.01381	0.03641	0.01130	0.01318	0.00879	0.00753	0.00502	0.00251	0.00628	0.00439	0.00502	0.00879
31	0.01159	0.00869	0.01304	0.01304	0.01449	0.01014	0.01014	0.01449	0.01304	0.01884	0.02173	0.03188	0.02029	0.06086	0.68268	0.01304	0.02173	0.00869	0.00435	0.00724
32	0.01562	0.01467	0.02484	0.60224	0.05167	0.01805	0.05204	0.02086	0.01622	0.02133	0.01484	0.02181	0.01129	0.00839	0.00897	0.00271	0.04345	0.00734	0.03461	0.00904
33	0.02008	0.01928	0.03294	0.04981	0.66422	0.01928	0.02490	0.02490	0.01848	0.02651	0.01526	0.02008	0.01285	0.00723	0.00803	0.00241	0.00964	0.00723	0.00402	0.01285
34	0.01148	0.00829	0.01085	0.01021	0.01212	0.00766	0.00766	0.01531	0.02297	0.03254	0.65994	0.06061	0.07656	0.01659	0.00957	0.00255	0.00383	0.01467	0.00893	0.00766
35	0.01093	0.00804	0.01047	0.01203	0.01337	0.00758	0.00921	0.01326	0.01712	0.02215	0.05049	0.38913	0.15462	0.02356	0.01052	0.00335	0.00556	0.22415	0.00751	0.00694
36	0.02008	0.01928	0.03294	0.04981	0.66422	0.01928	0.02490	0.02490	0.01848	0.02651	0.01526	0.02008	0.01285	0.00723	0.00803	0.00241	0.00964	0.00723	0.00402	0.01285
37	0.66298	0.11810	0.01638	0.01114	0.01644	0.02023	0.00953	0.02392	0.01420	0.03389	0.01130	0.01316	0.00902	0.00745	0.00505	0.00240	0.00663	0.00439	0.00480	0.00902
38	0.16591	0.01742	0.01761	0.01425	0.01926	0.01923	0.01162	0.35963	0.02803	0.04289	0.01978	0.02113	0.01470	0.00925	0.00689	0.00231	0.00708	0.00683	0.20497	0.01122
39	0.02008	0.01928	0.03294	0.04981	0.66422	0.01928	0.02490	0.02490	0.01848	0.02651	0.01526	0.02008	0.01285	0.00723	0.00803	0.00241	0.00964	0.00723	0.00402	0.01285
40	0.05795	0.00802	0.00781	0.00774	0.00981	0.00816	0.00585	0.01919	0.01684	0.03060	0.02561	0.02929	0.02012	0.00934	0.00564	0.00193	0.00392	0.00738	0.71718	0.00763
41	0.00989	0.00706	0.00942	0.01130	0.01177	0.00659	0.00753	0.01130	0.01554	0.02071	0.04472	0.70954	0.05367	0.02542	0.01036	0.00330	0.00471	0.02307	0.00753	0.00659
42	0.01367	0.01176	0.01703	0.01583	0.01679	0.01512	0.01272	0.01619	0.01283	0.01907	0.01799	0.02710	0.01703	0.04509	0.46091	0.00983	0.25101	0.00816	0.00408	0.00780
43	0.00989	0.00706	0.00942	0.01130	0.01177	0.00659	0.00753	0.01130	0.01554	0.02071	0.04472	0.70954	0.05367	0.02542	0.01036	0.00330	0.00471	0.02307	0.00753	0.00659
44	0.73813	0.01561	0.01225	0.01084	0.01592	0.01791	0.00893	0.02458	0.01424	0.06569	0.01226	0.01385	0.00931	0.00765	0.00517	0.00251	0.00631	0.00457	0.00525	0.00902
45	0.00995	0.00823	0.00872	0.00860	0.01118	0.00700	0.00645	0.01234	0.01934	0.02393	0.19141	0.07479	0.55046	0.01980	0.00959	0.00270	0.00406	0.01666	0.00780	0.00700
46	0.02252	0.65430	0.04064	0.01456	0.02124	0.09455	0.01406	0.02508	0.01711	0.01916	0.01140	0.01317	0.01042	0.00708	0.00541	0.00177	0.00925	0.00442	0.00354	0.01032

[dist]
# distance from previous block
# <min> <max>
0	1

[block]
# block no. 3 follows, 23 sequences, length 69
# corresponding to MSA columns:
# 202-270
name=unknown_D
#
# <colnr> <probs for GDERKNQSTAVLIFYWHMCP>
#	G	D	E	R	K	N	Q	S	T	A	V	L	I	F	Y	W	H	M	C	P
0	0.02194	0.51788	0.06556	0.01666	0.05815	0.07786	0.01487	0.05104	0.01809	0.02203	0.01317	0.01521	0.01142	0.00740	0.00580	0.00188	0.00900	0.00500	0.05655	0.01050
1	0.01548	0.01443	0.02424	0.62254	0.08879	0.01764	0.02217	0.02077	0.01648	0.02125	0.01597	0.02521	0.01282	0.00881	0.00827	0.00274	0.01057	0.03882	0.00383	0.00915
2	0.01954	0.02072	0.06777	0.04151	0.43309	0.01995	0.13438	0.02578	0.05434	0.02627	0.01611	0.02066	0.01314	0.00793	0.00971	0.00258	0.06244	0.00769	0.00421	0.01216
3	0.02052	0.58448	0.11563	0.01516	0.02224	0.02935	0.01574	0.02394	0.01663	0.02037	0.03478	0.01540	0.01277	0.00768	0.00655	0.00194	0.03769	0.00502	0.00366	0.01044
4	0.01815	0.01184	0.01436	0.01238	0.01562	0.01178	0.00959	0.13012	0.05001	0.10768	0.41573	0.04790	0.05438	0.05103	0.01076	0.00281	0.00541	0.01225	0.00868	0.00952
5	0.77215	0.01569	0.01193	0.01067	0.01569	0.01820	0.00879	0.02385	0.01381	0.03641	0.01130	0.01318	0.00879	0.00753	0.00502	0.00251	0.00628	0.00439	0.00502	0.00879
6	0.02018	0.01743	0.01835	0.01651	0.02110	0.02018	0.01284	0.04312	0.64956	0.03394	0.03303	0.03027	0.02477	0.01101	0.00826	0.00275	0.00642	0.00917	0.00826	0.01284
7	0.02098	0.01783	0.01880	0.01667	0.02140	0.02055	0.01304	0.08744	0.60393	0.03523	0.03202	0.02947	0.02395	0.01091	0.00825	0.00273	0.00661	0.00903	0.00825	0.01291
8	0.01148	0.00829	0.01085	0.01021	0.01212	0.00766	0.00766	0.01531	0.02297	0.03254	0.65994	0.06061	0.07656	0.01659	0.00957	0.00255	0.00383	0.01467	0.00893	0.00766
9	0.01318	0.01060	0.01203	0.01127	0.01409	0.01062	0.00857	0.02138	0.18103	0.02999	0.34243	0.05768	0.22335	0.01625	0.00924	0.00265	0.00456	0.01395	0.00838	0.00875
10	0.01235	0.00894	0.01145	0.01059	0.01271	0.00844	0.00800	0.04322	0.02365	0.03337	0.63119	0.05877	0.07375	0.01628	0.00951	0.00255	0.00406	0.01434	0.00890	0.00793
11	0.01549	0.01421	0.02324	0.59789	0.05013	0.01784	0.02103	0.02052	0.01599	0.02129	0.01495	0.02192	0.01148	0.00866	0.00935	0.00271	0.06238	0.00723	0.05478	0.00891
12	0.02133	0.67385	0.08517	0.01451	0.02179	0.03121	0.01497	0.02439	0.01653	0.01954	0.01150	0.01329	0.01040	0.00699	0.00538	0.00179	0.00890	0.00445	0.00347	0.01052
13	0.01112	0.00752	0.00984	0.01115	0.01212	0.00691	0.00764	0.01282	0.01659	0.04960	0.08965	0.59213	0.09491	0.02381	0.01016	0.00317	0.00470	0.02144	0.00774	0.00699
14	0.01180	0.00787	0.00885	0.00885	0.00885	0.00787	0.00492	0.01180	0.01180	0.01573	0.02557	0.05310	0.02950	0.71483	0.04130	0.00787	0.00787	0.01180	0.00492	0.00492
15	0.01159	0.00869	0.01304	0.01304	0.01449	0.01014	0.01014	0.01449	0.01304	0.01884	0.02173	0.03188	0.02029	0.06086	0.68268	0.01304	0.02173	0.00869	0.00435	0.00724
16	0.03034	0.03769	0.02308	0.02077	0.02509	0.64163	0.01566	0.06979	0.02393	0.02179	0.01297	0.01493	0.01066	0.00845	0.00737	0.00211	0.01428	0.00535	0.00442	0.00968
17	0.01915	0.02189	0.04788	0.03420	0.04241	0.02052	0.63475	0.02599	0.01915	0.02599	0.01642	0.02189	0.01231	0.00684	0.00958	0.00274	0.01368	0.00958	0.00410	0.01094
18	0.01683	0.01442	0.01683	0.01202	0.01923	0.01082	0.00961	0.02043	0.01683	0.02644	0.01442	0.01683	0.01202	0.00601	0.00601	0.00120	0.00601	0.00481	0.00481	0.76444
19	0.01134	0.00829	0.01065	0.01006	0.01204	0.00760	0.00754	0.01504	0.02263	0.03175	0.61683	0.06192	0.12017	0.01688	0.00957	0.00257	0.00385	0.01486	0.00883	0.00760
20	0.01532	0.01442	0.02434	0.69533	0.05589	0.01803	0.02253	0.02073	0.01622	0.02073	0.01442	0.02163	0.01082	0.00811	0.00811	0.00270	0.01082	0.00721	0.00361	0.00901
21	0.01601	0.01541	0.02693	0.59060	0.10290	0.01833	0.07243	0.02149	0.01664	0.02162	0.01465	0.02153	0.01110	0.00794	0.00823	0.00268	0.01096	0.00740	0.00368	0.00947
22	0.01981	0.01900	0.03244	0.08690	0.62926	0.01921	0.02477	0.02466	0.01835	0.02618	0.01521	0.02017	0.01274	0.00728	0.00804	0.00243	0.00971	0.00723	0.00399	0.01263
23	0.01754	0.01632	0.02505	0.02026	0.02388	0.05471	0.17943	0.06641	0.01751	0.02470	0.01841	0.02483	0.01562	0.02592	0.22707	0.00600	0.12425	0.00824	0.09469	0.00915
24	0.01195	0.00880	0.01162	0.01313	0.01497	0.00847	0.01096	0.01504	0.01820	0.02333	0.05081	0.17558	0.16658	0.02248	0.01078	0.00348	0.00643	0.41267	0.00749	0.00723
25	0.01810	0.01993	0.04126	0.05705	0.03809	0.01979	0.49045	0.02387	0.01799	0.02463	0.01796	0.07670	0.01539	0.00922	0.01151	0.00287	0.09032	0.01029	0.00430	0.01028
26	0.03108	0.02236	0.02412	0.01849	0.02498	0.02461	0.01528	0.61227	0.03753	0.07690	0.02000	0.01982	0.01406	0.00975	0.00812	0.00244	0.00884	0.00734	0.00820	0.01380
27	0.03014	0.02458	0.02348	0.01858	0.02453	0.12539	0.01508	0.51994	0.03499	0.04551	0.01869	0.01916	0.01356	0.00952	0.00790	0.00236	0.00960	0.00700	0.03711	0.01288
28	0.01816	0.01421	0.01675	0.01234	0.01913	0.01109	0.00983	0.02237	0.04078	0.07508	0.01760	0.04456	0.01469	0.00724	0.00642	0.00144	0.00604	0.00592	0.00543	0.65092
29	0.01954	0.01916	0.03010	0.09425	0.54129	0.05235	0.02298	0.02408	0.01854	0.02542	0.01959	0.02385	0.05643	0.00826	0.00811	0.00244	0.00961	0.00780	0.00423	0.01198
30	0.01968	0.01887	0.03222	0.10389	0.61325	0.01917	0.02470	0.02455	0.01829	0.02603	0.01519	0.02021	0.01268	0.00730	0.00804	0.00243	0.00974	0.00723	0.00398	0.01253
31	0.01135	0.00825	0.01069	0.01017	0.01206	0.00759	0.00759	0.01502	0.02252	0.03169	0.61448	0.08447	0.09952	0.01706	0.00960	0.00259	0.00387	0.01507	0.00883	0.00759
32	0.00989	0.00706	0.00942	0.01130	0.01177	0.00659	0.00753	0.01130	0.01554	0.02071	0.04472	0.70954	0.05367	0.02542	0.01036	0.00330	0.00471	0.02307	0.00753	0.00659
33	0.01819	0.12655	0.16734	0.02213	0.02667	0.02413	0.09317	0.02230	0.01482	0.02154	0.01226	0.01742	0.01074	0.01088	0.01745	0.00298	0.37110	0.00676	0.00358	0.01001
34	0.02978	0.02010	0.02210	0.01716	0.02328	0.02159	0.01411	0.47998	0.05273	0.14377	0.02656	0.02549	0.06396	0.01064	0.00824	0.00248	0.00818	0.00823	0.00837	0.01325
35	0.01048	0.00803	0.00960	0.00967	0.01162	0.00716	0.00708	0.01319	0.01990	0.02636	0.32895	0.18938	0.28979	0.01973	0.00973	0.00276	0.00410	0.01717	0.00815	0.00716
36	0.02063	0.01904	0.03040	0.04349	0.54297	0.01943	0.02266	0.07231	0.07135	0.02916	0.03756	0.02216	0.01592	0.00802	0.00811	0.00244	0.00914	0.00763	0.00483	0.01276
37	0.01990	0.02579	0.17885	0.04174	0.47685	0.06404	0.02544	0.02559	0.01847	0.02587	0.01492	0.01904	0.01210	0.00742	0.00791	0.00242	0.01052	0.00681	0.00389	0.01242
38	0.01807	0.01041	0.01071	0.00965	0.01240	0.01086	0.00750	0.13483	0.02098	0.03417	0.02516	0.02823	0.01949	0.00951	0.00613	0.00199	0.00475	0.00751	0.61892	0.00873
39	0.01193	0.00867	0.01106	0.01063	0.01254	0.00815	0.00789	0.03915	0.02226	0.03105	0.51809	0.15931	0.09285	0.01783	0.00963	0.00267	0.00418	0.01577	0.00863	0.00770
40	0.01153	0.00835	0.01068	0.01141	0.01193	0.00856	0.00789	0.01285	0.01476	0.01989	0.06779	0.32288	0.04268	0.27205	0.02256	0.00497	0.04916	0.08736	0.00641	0.00629
41	0.01586	0.01504	0.02503	0.59629	0.09924	0.01863	0.02236	0.02096	0.01611	0.02108	0.01420	0.02123	0.01096	0.00850	0.00949	0.00275	0.06215	0.00720	0.00363	0.00929
42	0.01046	0.00862	0.00928	0.00943	0.01191	0.00768	0.00706	0.01373	0.05160	0.02329	0.11673	0.14992	0.48752	0.02041	0.00967	0.00283	0.00441	0.04056	0.00767	0.00722
43	0.03620	0.01414	0.01904	0.01459	0.02088	0.01242	0.01206	0.06176	0.02378	0.64684	0.03155	0.02732	0.01985	0.01003	0.00816	0.00251	0.00698	0.00813	0.00997	0.01381
44	0.00991	0.00727	0.00921	0.01074	0.01154	0.00668	0.00723	0.01137	0.01584	0.02070	0.04962	0.58970	0.14391	0.05098	0.01142	0.00339	0.00474	0.02175	0.00743	0.00657
45	0.01134	0.00829	0.01065	0.01006	0.01204	0.00760	0.00754	0.01504	0.02263	0.03175	0.61683	0.06192	0.12017	0.01688	0.00957	0.00257	0.00385	0.01486	0.00883	0.00760
46	0.01699	0.01622	0.02278	0.05433	0.02177	0.02224	0.01661	0.01917	0.01298	0.02026	0.01274	0.01985	0.01207	0.01705	0.07321	0.00410	0.56691	0.00726	0.05479	0.00867
47	0.02290	0.01777	0.01981	0.01509	0.02146	0.01725	0.01219	0.30992	0.02676	0.03763	0.01909	0.07038	0.01600	0.00923	0.00733	0.00194	0.00728	0.00736	0.00657	0.35403
48	0.02351	0.08280	0.07556	0.02915	0.23584	0.20500	0.01931	0.09982	0.04529	0.02702	0.01748	0.02373	0.01503	0.00920	0.00785	0.00240	0.01075	0.05407	0.00489	0.01132
49	0.01112	0.00828	0.01034	0.00982	0.01190	0.00750	0.00737	0.01460	0.02210	0.03048	0.54810	0.06400	0.18968	0.01736	0.00957	0.00259	0.00388	0.01515	0.00866	0.00750
50	0.02928	0.02282	0.02335	0.01839	0.02431	0.07359	0.01502	0.54225	0.03502	0.04622	0.01914	0.02010	0.01406	0.01368	0.06141	0.00325	0.01037	0.00726	0.00752	0.01295
51	0.01152	0.00785	0.00883	0.00894	0.00918	0.00772	0.00516	0.01176	0.01252	0.01649	0.03094	0.09271	0.07857	0.62279	0.03713	0.00722	0.00740	0.01285	0.00526	0.00516
52	0.02255	0.02143	0.03138	0.06706	0.42832	0.07281	0.06789	0.13482	0.02231	0.03011	0.01585	0.01974	0.01271	0.00777	0.00811	0.00243	0.01026	0.00726	0.00475	0.01245
53	0.01099	0.00817	0.01011	0.00982	0.01171	0.00742	0.00722	0.01411	0.02101	0.02875	0.46839	0.11032	0.19322	0.04937	0.01105	0.00288	0.00413	0.01565	0.00836	0.00729
54	0.01077	0.00802	0.00982	0.00983	0.01154	0.00729	0.00707	0.01346	0.01974	0.02664	0.36514	0.18015	0.20745	0.07183	0.01211	0.00313	0.00436	0.01654	0.00805	0.00707
55	0.02169	0.71972	0.04252	0.01388	0.02083	0.03211	0.01388	0.02430	0.01649	0.01909	0.01128	0.01302	0.01041	0.00694	0.00521	0.00174	0.00868	0.00434	0.00347	0.01041
56	0.01097	0.00904	0.00944	0.00918	0.01203	0.00797	0.00705	0.04491	0.01979	0.02417	0.11035	0.07461	0.56582	0.01984	0.00958	0.00276	0.00450	0.04306	0.00764	0.00729
57	0.01627	0.04197	0.67279	0.02313	0.03512	0.01884	0.02998	0.02570	0.01713	0.02570	0.01456	0.01713	0.01028	0.00771	0.00771	0.00257	0.01199	0.00600	0.00343	0.01199
58	0.02900	0.02174	0.02435	0.09917	0.02882	0.02431	0.01627	0.56383	0.03554	0.04752	0.01888	0.01974	0.01344	0.00955	0.00812	0.00247	0.00915	0.00729	0.00758	0.01323
59	0.01780	0.23231	0.49578	0.02053	0.03111	0.02257	0.02546	0.02530	0.01695	0.02384	0.01364	0.01598	0.01032	0.00749	0.00701	0.00234	0.01106	0.00553	0.00344	0.01155
60	0.02063	0.52118	0.15250	0.01574	0.02324	0.02811	0.01663	0.05614	0.01754	0.02194	0.01290	0.01517	0.01113	0.01032	0.04474	0.00257	0.01003	0.00504	0.00376	0.01069
61	0.01697	0.14279	0.49450	0.02175	0.03220	0.02038	0.07139	0.02477	0.01725	0.02451	0.01775	0.02005	0.04459	0.00820	0.00756	0.00246	0.01120	0.00659	0.00370	0.01140
62	0.00986	0.00718	0.00929	0.01098	0.01169	0.00662	0.00739	0.01133	0.01584	0.02084	0.04856	0.64491	0.11582	0.02492	0.01028	0.00324	0.00465	0.02246	0.00753	0.00662
63	0.01030	0.00724	0.00929	0.01077	0.01114	0.00687	0.00697	0.01141	0.01473	0.01964	0.04058	0.56744	0.04844	0.17465	0.01705	0.00428	0.00539	0.02063	0.00697	0.00623
64	0.01812	0.01331	0.01970	0.09647	0.02355	0.01392	0.12184	0.11545	0.02014	0.03045	0.02144	0.02588	0.01670	0.01164	0.03398	0.03549	0.00801	0.00786	0.35692	0.00912
65	0.02243	0.01701	0.01851	0.01617	0.02097	0.01907	0.01271	0.08180	0.51123	0.10822	0.05689	0.03044	0.02555	0.01103	0.00829	0.00269	0.00654	0.00915	0.00848	0.01281
66	0.01901	0.05645	0.02373	0.19572	0.04749	0.13889	0.01736	0.02202	0.01627	0.02070	0.01727	0.02232	0.05141	0.01118	0.01472	0.00282	0.26846	0.00729	0.03788	0.00901
67	0.02523	0.01661	0.01940	0.01444	0.02123	0.01510	0.01177	0.19791	0.02427	0.18019	0.01986	0.02003	0.01436	0.00798	0.00709	0.00185	0.00703	0.00627	0.00693	0.38245
68	0.03113	0.02227	0.02407	0.01845	0.02494	0.02448	0.01524	0.60651	0.03739	0.08287	0.02012	0.01990	0.01412	0.00976	0.00812	0.00244	0.00883	0.00735	0.00822	0.01380

[dist]
# distance from previous block
# <min> <max>
0	1

[block]
# block no. 4 follows, 23 sequences, length 13
# corresponding to MSA columns:
# 272-284
name=unknown_E
#
# <colnr> <probs for GDERKNQSTAVLIFYWHMCP>
#	G	D	E	R	K	N	Q	S	T	A	V	L	I	F	Y	W	H	M	C	P
0	0.02977	0.02219	0.02374	0.01845	0.02475	0.02466	0.01516	0.57703	0.10004	0.04940	0.02085	0.02057	0.01491	0.00987	0.00813	0.00247	0.00868	0.00749	0.00813	0.01370
1	0.02335	0.01422	0.01749	0.01282	0.01972	0.01119	0.01038	0.02680	0.01896	0.24073	0.02028	0.02042	0.01471	0.00735	0.00673	0.00164	0.00631	0.00592	0.00655	0.51443
2	0.01046	0.00735	0.00942	0.01065	0.01115	0.00697	0.00696	0.01178	0.01539	0.02069	0.09670	0.50443	0.05039	0.17774	0.01716	0.00424	0.00533	0.01980	0.00708	0.00632
3	0.02825	0.01973	0.02188	0.01675	0.02324	0.02050	0.01373	0.41068	0.06834	0.12265	0.02089	0.02063	0.01489	0.00915	0.00773	0.00223	0.00798	0.00705	0.00774	0.15596
4	0.01063	0.00796	0.01152	0.01270	0.01366	0.00750	0.03639	0.01252	0.01602	0.02131	0.04327	0.61596	0.05110	0.02428	0.01041	0.00331	0.00539	0.08183	0.00737	0.00688
5	0.00997	0.00720	0.00944	0.01107	0.01175	0.00667	0.00747	0.01157	0.01616	0.02153	0.08589	0.63504	0.08701	0.02460	0.01027	0.00322	0.00462	0.02222	0.00762	0.00667
6	0.01706	0.01409	0.01944	0.15014	0.11418	0.01526	0.01610	0.09453	0.09379	0.02798	0.03351	0.05140	0.08754	0.01459	0.00932	0.00299	0.00814	0.21370	0.00643	0.00982
7	0.02532	0.01982	0.02361	0.20238	0.03302	0.02261	0.01704	0.39664	0.10724	0.04076	0.01977	0.02139	0.01433	0.00945	0.00813	0.00255	0.00913	0.00751	0.00691	0.01238
8	0.29792	0.17335	0.05942	0.01359	0.01885	0.02077	0.01208	0.06087	0.07441	0.06716	0.01659	0.02039	0.01383	0.07988	0.01045	0.00294	0.03617	0.00616	0.00528	0.00991
9	0.01705	0.00915	0.01130	0.01045	0.01207	0.00862	0.00698	0.01823	0.01572	0.16303	0.08685	0.11223	0.03407	0.42716	0.02802	0.00574	0.00698	0.01235	0.00668	0.00731
10	0.71310	0.01775	0.06356	0.01164	0.01721	0.01825	0.01044	0.02400	0.01407	0.03557	0.01155	0.01349	0.00890	0.00755	0.00523	0.00252	0.00672	0.00452	0.00490	0.00904
11	0.01493	0.01390	0.01397	0.01465	0.06551	0.07877	0.01008	0.03939	0.11081	0.02590	0.12629	0.08542	0.33666	0.01633	0.00903	0.00264	0.00609	0.01368	0.00721	0.00874
12	0.01798	0.13129	0.45695	0.02310	0.05800	0.04865	0.04651	0.02524	0.01701	0.02407	0.01379	0.01680	0.01051	0.00813	0.00902	0.00252	0.06948	0.00600	0.00352	0.01141

[dist]
# distance from previous block
# <min> <max>
0	1

[block]
# block no. 5 follows, 23 sequences, length 24
# corresponding to MSA columns:
# 286-309
name=unknown_F
#
# <colnr> <probs for GDERKNQSTAVLIFYWHMCP>
#	G	D	E	R	K	N	Q	S	T	A	V	L	I	F	Y	W	H	M	C	P
0	0.01894	0.01373	0.01536	0.01369	0.01693	0.01466	0.01044	0.22613	0.09566	0.03443	0.09813	0.21835	0.03448	0.05709	0.01063	0.00299	0.00631	0.01295	0.08927	0.00984
1	0.02693	0.06121	0.02318	0.06829	0.02580	0.20075	0.01502	0.27348	0.09726	0.05807	0.02221	0.02271	0.04956	0.00985	0.00785	0.00238	0.00998	0.00736	0.00653	0.01159
2	0.02536	0.01728	0.01919	0.01541	0.02021	0.01833	0.01226	0.37241	0.02871	0.09737	0.02314	0.03109	0.01946	0.14935	0.01464	0.00351	0.00812	0.04131	0.03522	0.04763
3	0.00998	0.00710	0.00939	0.01118	0.01163	0.00665	0.00741	0.01132	0.01536	0.02048	0.04381	0.67836	0.05252	0.05816	0.01183	0.00351	0.00486	0.02253	0.00741	0.00651
4	0.01848	0.05991	0.02389	0.01895	0.02116	0.09626	0.08114	0.02128	0.01560	0.02215	0.01639	0.05200	0.01500	0.01418	0.04786	0.00333	0.31886	0.00787	0.13687	0.00884
5	0.01749	0.03071	0.37351	0.03313	0.28522	0.01844	0.02664	0.02464	0.01740	0.02557	0.01532	0.01928	0.01197	0.01102	0.05236	0.00320	0.01169	0.00667	0.00372	0.01202
6	0.01037	0.00740	0.00972	0.01091	0.01169	0.00691	0.00742	0.01227	0.01708	0.02323	0.18863	0.52049	0.05773	0.06129	0.01187	0.00337	0.00467	0.02047	0.00772	0.00675
7	0.02676	0.13226	0.10003	0.02233	0.07308	0.46754	0.01773	0.02996	0.02109	0.02091	0.01280	0.01510	0.01061	0.00801	0.00712	0.00212	0.01314	0.00534	0.00398	0.01010
8	0.01969	0.01047	0.01320	0.01143	0.01496	0.00946	0.00888	0.02362	0.04925	0.23884	0.28723	0.05145	0.16509	0.04683	0.01050	0.00283	0.00519	0.01263	0.00882	0.00962
9	0.08072	0.07365	0.09687	0.04790	0.02582	0.06242	0.01628	0.29591	0.15329	0.03821	0.01981	0.02026	0.01466	0.00925	0.00761	0.00246	0.00898	0.00698	0.00662	0.01231
10	0.07916	0.44429	0.09216	0.01593	0.02260	0.16233	0.01526	0.02654	0.01790	0.04214	0.01250	0.01420	0.01060	0.00745	0.00595	0.00197	0.00996	0.00480	0.00394	0.01034
11	0.65310	0.06279	0.01511	0.01163	0.01692	0.01977	0.00975	0.08142	0.01627	0.03665	0.01206	0.01376	0.00937	0.00770	0.00532	0.00245	0.00668	0.00466	0.00521	0.00937
12	0.01929	0.06724	0.04410	0.01595	0.05223	0.01546	0.01269	0.18428	0.02405	0.06992	0.09628	0.10012	0.15243	0.01509	0.00891	0.00271	0.00700	0.09487	0.00732	0.01005
13	0.01006	0.00733	0.00917	0.01055	0.01131	0.00678	0.00702	0.01141	0.01555	0.02032	0.04822	0.53737	0.14345	0.10439	0.01382	0.00374	0.00498	0.02086	0.00723	0.00644
14	0.02082	0.02510	0.12784	0.04047	0.45642	0.10388	0.02391	0.02686	0.04925	0.02590	0.01567	0.01943	0.01273	0.00763	0.00790	0.00241	0.01048	0.00688	0.00415	0.01228
15	0.01013	0.00741	0.00953	0.01075	0.01174	0.00681	0.00740	0.01204	0.01718	0.02293	0.15719	0.52291	0.12745	0.02331	0.01013	0.00310	0.00448	0.02091	0.00778	0.00681
16	0.02903	0.02159	0.02312	0.01804	0.02407	0.02395	0.01472	0.55527	0.09297	0.04801	0.02099	0.02195	0.01549	0.04087	0.00959	0.00270	0.00865	0.00767	0.00799	0.01332
17	0.77215	0.01569	0.01193	0.01067	0.01569	0.01820	0.00879	0.02385	0.01381	0.03641	0.01130	0.01318	0.00879	0.00753	0.00502	0.00251	0.00628	0.00439	0.00502	0.00879
18	0.01159	0.00869	0.01304	0.01304	0.01449	0.01014	0.01014	0.01449	0.01304	0.01884	0.02173	0.03188	0.02029	0.06086	0.68268	0.01304	0.02173	0.00869	0.00435	0.00724
19	0.00991	0.00812	0.00874	0.00882	0.01122	0.00695	0.00653	0.01218	0.01890	0.02344	0.16781	0.13641	0.51199	0.02041	0.00966	0.00276	0.00412	0.01732	0.00775	0.00695
20	0.02892	0.02122	0.02268	0.01769	0.02371	0.02350	0.01451	0.54886	0.08022	0.04836	0.02097	0.02105	0.01510	0.00981	0.00795	0.00242	0.00837	0.00746	0.06394	0.01327
21	0.52968	0.04162	0.01628	0.01300	0.01842	0.02045	0.01076	0.17160	0.05301	0.03921	0.01439	0.01558	0.01088	0.00822	0.00594	0.00248	0.00700	0.00534	0.00588	0.01025
22	0.01783	0.01501	0.01736	0.01249	0.01965	0.01184	0.01003	0.06445	0.01835	0.02820	0.01478	0.01702	0.01215	0.00628	0.00616	0.00129	0.00622	0.00499	0.00504	0.71086
23	0.16254	0.09179	0.01370	0.03460	0.01401	0.01299	0.00815	0.01917	0.01522	0.02690	0.02009	0.02602	0.01704	0.06553	0.05059	0.05752	0.00670	0.00691	0.34287	0.00768

[dist]
