[name]
unknown

[dist]
# distance from previous block
# <min> <max>
0	60

[block]
# block no. 0 follows, 29 sequences, length 138
# corresponding to MSA columns:
# 72-209
name=unknown_A
#
# <colnr> <probs for GDERKNQSTAVLIFYWHMCP>
#	G	D	E	R	K	N	Q	S	T	A	V	L	I	F	Y	W	H	M	C	P
0	0.01925	0.58244	0.05344	0.01301	0.01882	0.02545	0.01271	0.10091	0.01695	0.02071	0.01314	0.01787	0.01210	0.00752	0.00538	0.00176	0.00764	0.05774	0.00383	0.00933
1	0.02635	0.01795	0.01977	0.01544	0.02083	0.01949	0.01266	0.49704	0.10438	0.14262	0.03647	0.02008	0.01533	0.00886	0.00717	0.00218	0.00722	0.00686	0.00741	0.01189
2	0.01130	0.00787	0.00893	0.00880	0.00950	0.00790	0.00554	0.06529	0.01322	0.01747	0.02831	0.16412	0.07555	0.51464	0.02731	0.00552	0.00628	0.01203	0.00509	0.00532
3	0.02826	0.01370	0.01707	0.01326	0.01870	0.01294	0.01085	0.13212	0.09442	0.47928	0.02525	0.02262	0.01665	0.00857	0.00701	0.00212	0.00622	0.00690	0.00801	0.07605
4	0.02520	0.04331	0.02186	0.01954	0.11537	0.05861	0.01411	0.40369	0.08621	0.11253	0.01829	0.01838	0.01320	0.00822	0.00700	0.00213	0.00780	0.00644	0.00650	0.01161
5	0.01817	0.69283	0.03485	0.01178	0.01757	0.02636	0.01163	0.02041	0.01461	0.01696	0.01500	0.01610	0.06596	0.00707	0.00488	0.00160	0.00729	0.00473	0.00334	0.00888
6	0.01550	0.01353	0.01730	0.01241	0.01878	0.01077	0.06367	0.04897	0.01580	0.02417	0.01300	0.01524	0.01064	0.00548	0.00562	0.00122	0.00594	0.00466	0.00430	0.69298
7	0.00926	0.00795	0.00883	0.06703	0.01322	0.00727	0.00687	0.01204	0.03995	0.02009	0.10448	0.06206	0.58277	0.01663	0.00827	0.00239	0.00414	0.01394	0.00643	0.00639
8	0.01119	0.00775	0.00904	0.00916	0.00976	0.00779	0.00581	0.06523	0.01330	0.01776	0.02740	0.26853	0.03157	0.45536	0.02513	0.00522	0.00609	0.01321	0.00528	0.00543
9	0.02737	0.01947	0.02107	0.01616	0.02184	0.02137	0.01335	0.64205	0.03268	0.08554	0.01777	0.01753	0.01245	0.00856	0.00713	0.00214	0.00773	0.00646	0.00723	0.01211
10	0.02133	0.01281	0.01602	0.01335	0.04826	0.01143	0.01014	0.11561	0.01978	0.24701	0.09372	0.05793	0.02095	0.00874	0.00674	0.00184	0.00577	0.00728	0.00657	0.27473
11	0.01022	0.00685	0.00781	0.00794	0.00798	0.00681	0.00450	0.01032	0.01062	0.01416	0.02381	0.10385	0.02763	0.69013	0.03402	0.00657	0.00668	0.01117	0.00450	0.00444
12	0.00934	0.00726	0.01103	0.01156	0.01253	0.00679	0.06176	0.01097	0.01389	0.01856	0.03721	0.68561	0.04412	0.02097	0.00903	0.00285	0.00478	0.01927	0.00636	0.00610
13	0.02707	0.01995	0.02137	0.01638	0.02208	0.02208	0.01353	0.68159	0.03348	0.04488	0.01710	0.01710	0.01211	0.00855	0.00712	0.00214	0.00784	0.00641	0.00712	0.01211
14	0.01945	0.01474	0.01697	0.01260	0.01847	0.01348	0.01025	0.20286	0.02022	0.07890	0.01489	0.01613	0.01145	0.00669	0.00656	0.00151	0.03161	0.00511	0.00532	0.49280
15	0.02364	0.30333	0.02734	0.01470	0.02049	0.02428	0.01293	0.40413	0.04910	0.03349	0.01473	0.01523	0.01130	0.00764	0.00614	0.00191	0.00767	0.00546	0.00555	0.01093
16	0.01036	0.00690	0.00777	0.00777	0.00777	0.00690	0.00431	0.01036	0.01036	0.01381	0.02244	0.04660	0.02589	0.74975	0.03624	0.00690	0.00690	0.01036	0.00431	0.00431
17	0.02458	0.24360	0.02605	0.01535	0.02092	0.10699	0.01315	0.40432	0.02615	0.03311	0.01420	0.01487	0.01086	0.00766	0.00627	0.00192	0.00836	0.00541	0.00548	0.01075
18	0.02613	0.01942	0.02085	0.01604	0.02170	0.02133	0.01321	0.62516	0.05901	0.04327	0.01737	0.01737	0.01242	0.00844	0.00704	0.00210	0.00763	0.00638	0.00699	0.04815
19	0.01968	0.01507	0.01632	0.01434	0.01859	0.01700	0.01125	0.05769	0.59271	0.11030	0.02850	0.02600	0.02095	0.00953	0.00723	0.00238	0.00575	0.00789	0.00743	0.01140
20	0.02169	0.04344	0.02292	0.13594	0.08248	0.02015	0.04578	0.35985	0.10162	0.03367	0.01667	0.01835	0.01241	0.00825	0.00789	0.00224	0.04356	0.00657	0.00570	0.01083
21	0.01036	0.00690	0.00777	0.00777	0.00777	0.00690	0.00431	0.01036	0.01036	0.01381	0.02244	0.04660	0.02589	0.74975	0.03624	0.00690	0.00690	0.01036	0.00431	0.00431
22	0.02707	0.01995	0.02137	0.01638	0.02208	0.02208	0.01353	0.68159	0.03348	0.04488	0.01710	0.01710	0.01211	0.00855	0.00712	0.00214	0.00784	0.00641	0.00712	0.01211
23	0.02732	0.01955	0.02112	0.01619	0.02188	0.02149	0.01338	0.64854	0.03281	0.07887	0.01766	0.01746	0.01239	0.00856	0.00713	0.00214	0.00774	0.00645	0.00721	0.01211
24	0.02938	0.01381	0.04932	0.01399	0.01970	0.01163	0.04379	0.03380	0.06878	0.59619	0.02680	0.02374	0.01720	0.00865	0.00721	0.00223	0.00652	0.00720	0.00818	0.01186
25	0.03195	0.01212	0.01652	0.01267	0.01818	0.01047	0.01047	0.03470	0.02038	0.71026	0.02809	0.02424	0.01763	0.00881	0.00716	0.00220	0.00606	0.00716	0.00881	0.01212
26	0.00868	0.00620	0.00826	0.00991	0.01033	0.00578	0.00661	0.00991	0.01363	0.01818	0.03925	0.74510	0.04710	0.02231	0.00909	0.00289	0.00413	0.02024	0.00661	0.00578
27	0.02730	0.01889	0.02063	0.01589	0.02151	0.02060	0.01310	0.58517	0.05506	0.12034	0.01877	0.01824	0.01308	0.00862	0.00713	0.00215	0.00756	0.00655	0.00732	0.01208
28	0.02656	0.01933	0.02082	0.01612	0.02169	0.02136	0.01326	0.61221	0.08089	0.06704	0.01834	0.01803	0.01300	0.00864	0.00713	0.00216	0.00761	0.00656	0.00719	0.01205
29	0.80005	0.01377	0.01047	0.00936	0.01377	0.01597	0.00771	0.02093	0.01212	0.03195	0.00991	0.01157	0.00771	0.00661	0.00441	0.00220	0.00551	0.00386	0.00441	0.00771
30	0.02664	0.01973	0.02113	0.01630	0.02192	0.02188	0.01343	0.65239	0.06337	0.04419	0.01763	0.01753	0.01255	0.00860	0.00713	0.00215	0.00774	0.00649	0.00713	0.01207
31	0.02060	0.01339	0.01589	0.01206	0.01782	0.01175	0.00972	0.07322	0.10751	0.20744	0.01923	0.01901	0.01402	0.00703	0.00617	0.00162	0.00572	0.00566	0.00605	0.42612
32	0.03024	0.01176	0.01585	0.01227	0.01756	0.01014	0.01010	0.03292	0.02008	0.66007	0.03129	0.02745	0.06737	0.00948	0.00725	0.00222	0.00588	0.00773	0.00865	0.01167
33	0.02764	0.01902	0.02080	0.01595	0.02162	0.02071	0.01317	0.60526	0.03193	0.12339	0.01839	0.01794	0.01276	0.00858	0.00713	0.00214	0.00763	0.00650	0.00732	0.01211
34	0.01570	0.01388	0.01710	0.23919	0.02744	0.01627	0.01351	0.02967	0.43064	0.02538	0.02700	0.02724	0.06734	0.00947	0.00729	0.00240	0.00670	0.00802	0.00592	0.00983
35	0.02564	0.01080	0.01403	0.01121	0.01588	0.00927	0.00911	0.02813	0.01927	0.52489	0.03991	0.03612	0.20134	0.01129	0.00750	0.00226	0.00540	0.00927	0.00822	0.01048
36	0.01428	0.03683	0.71286	0.02030	0.03082	0.01654	0.02631	0.02255	0.01503	0.02255	0.01278	0.01503	0.00902	0.00677	0.00677	0.00226	0.01052	0.00526	0.00301	0.01052
37	0.01655	0.01593	0.02648	0.16884	0.48456	0.01741	0.02057	0.02050	0.01509	0.02144	0.01268	0.01759	0.01067	0.00736	0.00940	0.00231	0.11277	0.00633	0.00340	0.01015
38	0.00866	0.00624	0.00821	0.00979	0.01030	0.00579	0.00656	0.00993	0.01375	0.01823	0.04074	0.71442	0.07682	0.02211	0.00906	0.00287	0.00411	0.02001	0.00661	0.00579
39	0.01577	0.01680	0.03090	0.02372	0.02726	0.01901	0.33984	0.01949	0.01395	0.01997	0.01357	0.06013	0.01227	0.00988	0.01521	0.00275	0.33923	0.00812	0.00356	0.00856
40	0.01669	0.11748	0.21187	0.02033	0.04985	0.04373	0.13212	0.06875	0.01586	0.02186	0.01416	0.06861	0.01249	0.00902	0.01049	0.00239	0.16423	0.00701	0.00374	0.00932
41	0.29950	0.01301	0.01461	0.01167	0.01680	0.01285	0.00963	0.05581	0.01803	0.44717	0.02132	0.01953	0.01395	0.00803	0.00620	0.00220	0.00594	0.00598	0.00721	0.01058
42	0.00849	0.00694	0.00749	0.00794	0.00981	0.00595	0.00573	0.01014	0.01553	0.01895	0.06331	0.25003	0.52664	0.01918	0.00860	0.00254	0.00375	0.01643	0.00661	0.00595
43	0.05439	0.01393	0.02073	0.65484	0.04570	0.05616	0.01881	0.01892	0.01447	0.01885	0.01242	0.01825	0.00938	0.00711	0.00694	0.00233	0.00948	0.00610	0.00326	0.00792
44	0.01113	0.00897	0.01289	0.01432	0.06982	0.00881	0.04784	0.03535	0.06406	0.02060	0.03517	0.54751	0.05818	0.01856	0.00866	0.00273	0.00516	0.01693	0.00624	0.00707
45	0.00868	0.00620	0.00826	0.00991	0.01033	0.00578	0.00661	0.00991	0.01363	0.01818	0.03925	0.74510	0.04710	0.02231	0.00909	0.00289	0.00413	0.02024	0.00661	0.00578
46	0.01700	0.34073	0.38684	0.01674	0.02500	0.06176	0.01960	0.02237	0.01509	0.01980	0.01146	0.01338	0.00908	0.00651	0.00581	0.00192	0.00942	0.00461	0.00306	0.00981
47	0.02293	0.02142	0.01996	0.01844	0.07536	0.20195	0.01352	0.28949	0.10792	0.03051	0.01811	0.07680	0.01520	0.00952	0.00793	0.00220	0.04556	0.00726	0.00570	0.01020
48	0.01681	0.01921	0.04202	0.03001	0.03721	0.01801	0.67947	0.02281	0.01681	0.02281	0.01441	0.01921	0.01080	0.00600	0.00840	0.00240	0.01200	0.00840	0.00360	0.00960
49	0.00867	0.00623	0.00823	0.00983	0.01031	0.00579	0.00657	0.00992	0.01371	0.01821	0.04027	0.72401	0.06752	0.02218	0.00907	0.00288	0.00411	0.02008	0.00661	0.00579
50	0.01345	0.01266	0.02136	0.73264	0.04904	0.01582	0.01978	0.01819	0.01424	0.01819	0.01266	0.01898	0.00949	0.00712	0.00712	0.00237	0.00949	0.00633	0.00316	0.00791
51	0.02427	0.02213	0.02092	0.01720	0.02123	0.18498	0.01387	0.36831	0.05861	0.03234	0.01476	0.01628	0.01136	0.00908	0.01012	0.00227	0.15037	0.00603	0.00555	0.01033
52	0.01521	0.11535	0.51382	0.02045	0.02945	0.01835	0.10329	0.02212	0.01494	0.02160	0.01245	0.01516	0.00927	0.00693	0.00769	0.00224	0.05295	0.00553	0.00309	0.01009
53	0.01008	0.00728	0.00952	0.00896	0.01064	0.00672	0.00672	0.01344	0.02016	0.02855	0.70158	0.05319	0.06719	0.01456	0.00840	0.00224	0.00336	0.01288	0.00784	0.00672
54	0.00870	0.00631	0.00822	0.00966	0.01028	0.00583	0.00651	0.01005	0.01405	0.01859	0.06278	0.66736	0.10198	0.02171	0.00901	0.00283	0.00406	0.01958	0.00665	0.00583
55	0.02486	0.02006	0.02029	0.01627	0.02128	0.07854	0.01320	0.48330	0.15600	0.03881	0.01857	0.01848	0.01359	0.00880	0.00766	0.00220	0.03331	0.00656	0.00672	0.01148
56	0.01448	0.01426	0.02134	0.60416	0.04378	0.05790	0.01891	0.01867	0.01418	0.01802	0.01216	0.01821	0.00946	0.00778	0.00905	0.00243	0.09790	0.00621	0.00319	0.00792
57	0.01558	0.01558	0.02181	0.01869	0.01869	0.02181	0.01558	0.01714	0.01091	0.01714	0.00935	0.01558	0.00935	0.01246	0.02337	0.00312	0.73672	0.00623	0.00312	0.00779
58	0.01855	0.14824	0.07889	0.01540	0.01996	0.09338	0.01361	0.08889	0.11534	0.02321	0.01411	0.01614	0.01156	0.00830	0.00984	0.00208	0.16769	0.00549	0.00435	0.14499
59	0.01665	0.40118	0.19200	0.01520	0.02085	0.02291	0.01583	0.02015	0.01388	0.01828	0.01219	0.05608	0.01138	0.00841	0.00891	0.00208	0.14619	0.00557	0.00326	0.00901
60	0.00868	0.00620	0.00826	0.00991	0.01033	0.00578	0.00661	0.00991	0.01363	0.01818	0.03925	0.74510	0.04710	0.02231	0.00909	0.00289	0.00413	0.02024	0.00661	0.00578
61	0.00875	0.00626	0.00820	0.00972	0.01018	0.00585	0.00646	0.00995	0.01356	0.01800	0.03949	0.68930	0.06720	0.05756	0.01039	0.00307	0.00425	0.01959	0.00650	0.00572
62	0.02677	0.02364	0.02027	0.01661	0.02153	0.25126	0.01322	0.37504	0.06665	0.09003	0.01670	0.01684	0.01216	0.00824	0.00690	0.00206	0.00921	0.00597	0.00613	0.01079
63	0.01681	0.01921	0.04202	0.03001	0.03721	0.01801	0.67947	0.02281	0.01681	0.02281	0.01441	0.01921	0.01080	0.00600	0.00840	0.00240	0.01200	0.00840	0.00360	0.00960
64	0.00868	0.00620	0.00826	0.00991	0.01033	0.00578	0.00661	0.00991	0.01363	0.01818	0.03925	0.74510	0.04710	0.02231	0.00909	0.00289	0.00413	0.02024	0.00661	0.00578
65	0.02499	0.01891	0.02020	0.01596	0.02129	0.02111	0.01303	0.53862	0.17983	0.04153	0.01974	0.01920	0.01425	0.00880	0.00715	0.00220	0.00735	0.00678	0.00715	0.01192
66	0.02703	0.02096	0.02128	0.01653	0.02208	0.07286	0.01355	0.63415	0.03251	0.04288	0.01665	0.01679	0.01190	0.00846	0.00707	0.00212	0.00820	0.00628	0.00687	0.01183
67	0.00880	0.00630	0.00838	0.00983	0.01036	0.00587	0.00662	0.01024	0.01423	0.01913	0.09987	0.68177	0.04893	0.02160	0.00903	0.00283	0.00406	0.01957	0.00672	0.00587
68	0.01842	0.01848	0.02493	0.18336	0.17391	0.11090	0.08230	0.09629	0.01715	0.02243	0.01254	0.01694	0.01022	0.00822	0.01075	0.00239	0.17140	0.00629	0.00379	0.00929
69	0.01986	0.13671	0.02372	0.01643	0.01952	0.06024	0.06139	0.04385	0.01573	0.14849	0.07039	0.01975	0.01578	0.01001	0.01342	0.00245	0.30185	0.00662	0.00475	0.00903
70	0.03016	0.01172	0.01595	0.01236	0.01756	0.01016	0.01016	0.03296	0.02036	0.65439	0.08329	0.02661	0.02169	0.00928	0.00726	0.00221	0.00584	0.00763	0.00873	0.01168
71	0.01640	0.35700	0.41129	0.01667	0.02522	0.02173	0.02000	0.02200	0.01478	0.01996	0.01149	0.01342	0.00907	0.00646	0.00578	0.00193	0.00923	0.00461	0.00302	0.00991
72	0.01982	0.01627	0.01895	0.01558	0.01898	0.04342	0.03541	0.32849	0.02343	0.03156	0.07747	0.09614	0.06266	0.01172	0.01099	0.00244	0.16234	0.00884	0.00600	0.00950
73	0.02925	0.01577	0.01870	0.01441	0.01995	0.01597	0.01188	0.32724	0.04972	0.38577	0.02315	0.02109	0.01528	0.00872	0.00715	0.00218	0.00685	0.00685	0.00799	0.01208
74	0.00868	0.00620	0.00826	0.00991	0.01033	0.00578	0.00661	0.00991	0.01363	0.01818	0.03925	0.74510	0.04710	0.02231	0.00909	0.00289	0.00413	0.02024	0.00661	0.00578
75	0.02639	0.01961	0.02099	0.01625	0.02182	0.02176	0.01337	0.63483	0.08135	0.04378	0.01796	0.01778	0.01281	0.00863	0.00713	0.00216	0.00768	0.00653	0.00713	0.01205
76	0.02145	0.01667	0.01831	0.01529	0.01958	0.01897	0.01226	0.29894	0.31619	0.05820	0.02315	0.05676	0.01798	0.00999	0.00845	0.00237	0.05959	0.00781	0.00692	0.01112
77	0.00907	0.00656	0.00858	0.00951	0.01039	0.00607	0.00659	0.01095	0.01565	0.02125	0.23370	0.51283	0.08268	0.01986	0.00886	0.00268	0.00388	0.01786	0.00697	0.00607
78	0.01345	0.01266	0.02136	0.73264	0.04904	0.01582	0.01978	0.01819	0.01424	0.01819	0.01266	0.01898	0.00949	0.00712	0.00712	0.00237	0.00949	0.00633	0.00316	0.00791
79	0.02720	0.02069	0.02111	0.01640	0.02194	0.07246	0.01344	0.61153	0.03206	0.06615	0.01704	0.01704	0.01209	0.00847	0.00707	0.00212	0.00814	0.00630	0.00693	0.01183
80	0.05632	0.01793	0.01987	0.01528	0.02089	0.01921	0.01262	0.50983	0.02971	0.19634	0.01935	0.01853	0.01321	0.00854	0.00703	0.00215	0.00735	0.00649	0.00741	0.01195
81	0.00958	0.00706	0.00897	0.00891	0.01044	0.00644	0.00652	0.01233	0.01837	0.02530	0.48946	0.18903	0.14812	0.01652	0.00853	0.00239	0.00354	0.01459	0.00744	0.00644
82	0.04995	0.01838	0.01977	0.01553	0.02051	0.02045	0.01266	0.56757	0.04738	0.04079	0.01798	0.04405	0.01403	0.04518	0.00901	0.00243	0.02930	0.00704	0.00676	0.01122
83	0.02593	0.02054	0.02065	0.01632	0.02166	0.07886	0.01329	0.55210	0.11015	0.04085	0.01800	0.01786	0.01300	0.00858	0.00708	0.00215	0.00799	0.00645	0.00685	0.01169
84	0.00868	0.00620	0.00826	0.00991	0.01033	0.00578	0.00661	0.00991	0.01363	0.01818	0.03925	0.74510	0.04710	0.02231	0.00909	0.00289	0.00413	0.02024	0.00661	0.00578
85	0.01676	0.01906	0.04121	0.02956	0.03647	0.01816	0.65288	0.02258	0.01657	0.02258	0.01420	0.01906	0.01075	0.00626	0.00900	0.00243	0.04103	0.00832	0.00358	0.00953
86	0.09042	0.01944	0.02048	0.01581	0.02140	0.02158	0.01306	0.62744	0.03173	0.04382	0.01651	0.01664	0.01175	0.00839	0.00690	0.00214	0.00764	0.00620	0.00690	0.01175
87	0.02522	0.01865	0.02010	0.01578	0.02099	0.02059	0.01288	0.60310	0.05584	0.04214	0.01934	0.07711	0.01533	0.00972	0.00729	0.00221	0.00745	0.00760	0.00709	0.01156
88	0.00924	0.00677	0.00867	0.00920	0.01038	0.00620	0.00652	0.01143	0.01668	0.02267	0.32225	0.37612	0.13041	0.01855	0.00872	0.00256	0.00375	0.01654	0.00713	0.00620
89	0.01349	0.01261	0.02104	0.60627	0.09928	0.01533	0.01889	0.01787	0.01427	0.01858	0.01457	0.07153	0.01237	0.00829	0.00765	0.00241	0.02675	0.00734	0.00344	0.00803
90	0.01388	0.01308	0.02171	0.56848	0.12535	0.01590	0.01915	0.01819	0.01423	0.01874	0.01373	0.05153	0.01141	0.00807	0.00828	0.00241	0.05732	0.00695	0.00336	0.00822
91	0.01277	0.00821	0.01033	0.00970	0.01188	0.00766	0.00729	0.01665	0.06240	0.10680	0.40832	0.15164	0.12841	0.01510	0.00828	0.00236	0.00397	0.01322	0.00759	0.00743
92	0.01345	0.01266	0.02136	0.73264	0.04904	0.01582	0.01978	0.01819	0.01424	0.01819	0.01266	0.01898	0.00949	0.00712	0.00712	0.00237	0.00949	0.00633	0.00316	0.00791
93	0.02765	0.01902	0.02079	0.01594	0.02162	0.02070	0.01317	0.60473	0.03192	0.12393	0.01840	0.01794	0.01277	0.00858	0.00713	0.00214	0.00762	0.00650	0.00732	0.01211
94	0.01514	0.14661	0.57601	0.01952	0.02920	0.01840	0.05591	0.02237	0.01503	0.02167	0.01241	0.01468	0.00913	0.00662	0.00651	0.00215	0.01015	0.00519	0.00304	0.01027
95	0.00862	0.00640	0.00805	0.00937	0.01018	0.00583	0.00637	0.00998	0.01416	0.01839	0.04588	0.60870	0.17922	0.02145	0.00895	0.00279	0.00403	0.01919	0.00661	0.00583
96	0.02633	0.01875	0.02034	0.01586	0.02134	0.02062	0.01301	0.55155	0.11236	0.09649	0.01942	0.01882	0.01372	0.00870	0.00714	0.00218	0.00743	0.00667	0.00727	0.01201
97	0.01730	0.49189	0.28423	0.01515	0.02286	0.02392	0.01735	0.02177	0.01468	0.01887	0.01095	0.01274	0.00909	0.00634	0.00537	0.00179	0.00868	0.00434	0.00303	0.00964
98	0.01477	0.01266	0.01477	0.01055	0.01687	0.00949	0.00844	0.01793	0.01477	0.02320	0.01266	0.01477	0.01055	0.00527	0.00527	0.00105	0.00527	0.00422	0.00422	0.79328
99	0.01537	0.01580	0.01739	0.04165	0.01769	0.13335	0.01254	0.01713	0.01377	0.01802	0.06011	0.11879	0.05553	0.04366	0.03360	0.00311	0.36214	0.00889	0.00421	0.00727
100	0.01825	0.01927	0.02509	0.28105	0.20814	0.16528	0.08970	0.04443	0.04066	0.02112	0.01340	0.01757	0.01054	0.00698	0.00710	0.00219	0.01001	0.00625	0.00368	0.00928
101	0.02068	0.01706	0.07590	0.01569	0.02057	0.01612	0.06598	0.34571	0.02486	0.08327	0.08102	0.15490	0.02340	0.01128	0.00767	0.00232	0.00719	0.00964	0.00659	0.01014
102	0.00852	0.00722	0.00735	0.00732	0.00968	0.00605	0.00549	0.01041	0.01647	0.01979	0.10982	0.06761	0.66441	0.01783	0.00841	0.00239	0.00359	0.01490	0.00669	0.00605
103	0.01849	0.01775	0.11355	0.16166	0.17413	0.03852	0.05000	0.06036	0.03708	0.12761	0.01775	0.06234	0.01442	0.03542	0.00893	0.00247	0.03763	0.00738	0.00471	0.00980
104	0.02327	0.01616	0.01864	0.01599	0.05830	0.01724	0.01222	0.39697	0.07553	0.11814	0.14656	0.02537	0.02366	0.00965	0.00737	0.00218	0.00667	0.00782	0.00726	0.01100
105	0.01682	0.01646	0.02893	0.03824	0.53085	0.01662	0.10921	0.02094	0.01582	0.02252	0.01498	0.06493	0.01343	0.00768	0.00830	0.00226	0.05030	0.00752	0.00371	0.01050
106	0.01878	0.01583	0.01670	0.01471	0.01892	0.01821	0.01153	0.11135	0.61721	0.03151	0.02762	0.02549	0.02064	0.00953	0.00723	0.00238	0.00589	0.00786	0.00723	0.01137
107	0.01320	0.00947	0.01225	0.04452	0.01507	0.00955	0.02531	0.04106	0.12044	0.07534	0.20717	0.28599	0.08097	0.01553	0.00827	0.00251	0.00485	0.01377	0.00697	0.00776
108	0.01681	0.01921	0.04202	0.03001	0.03721	0.01801	0.67947	0.02281	0.01681	0.02281	0.01441	0.01921	0.01080	0.00600	0.00840	0.00240	0.01200	0.00840	0.00360	0.00960
109	0.00874	0.00622	0.00824	0.00984	0.01023	0.00582	0.00653	0.00993	0.01351	0.01802	0.03863	0.71967	0.04632	0.04879	0.01008	0.00304	0.00423	0.01988	0.00653	0.00573
110	0.05090	0.01982	0.02166	0.01736	0.04131	0.04178	0.03680	0.56836	0.06340	0.04155	0.01707	0.01734	0.01228	0.00835	0.00706	0.00215	0.00796	0.00642	0.00672	0.01170
111	0.02660	0.03394	0.02018	0.01834	0.02201	0.72116	0.01376	0.02843	0.02018	0.01743	0.01101	0.01284	0.00917	0.00734	0.00642	0.00183	0.01284	0.00459	0.00367	0.00825
112	0.00867	0.00622	0.00823	0.00984	0.01031	0.00579	0.00658	0.00992	0.01370	0.01821	0.04014	0.72670	0.06492	0.02219	0.00907	0.00288	0.00412	0.02010	0.00661	0.00579
113	0.01648	0.01708	0.02168	0.01867	0.01897	0.07913	0.01543	0.01806	0.01167	0.01716	0.00948	0.01535	0.00933	0.01204	0.02198	0.00301	0.67739	0.00610	0.00316	0.00783
114	0.02122	0.01644	0.02098	0.16261	0.08247	0.01818	0.03870	0.34825	0.06586	0.05338	0.01777	0.03704	0.01382	0.04200	0.00849	0.00243	0.00794	0.00709	0.02489	0.01042
115	0.02132	0.01464	0.01639	0.01393	0.01830	0.01594	0.01105	0.12580	0.40688	0.17127	0.08225	0.02694	0.02326	0.00973	0.00731	0.00232	0.00585	0.00803	0.00760	0.01119
116	0.01900	0.01446	0.01577	0.01345	0.01751	0.01583	0.01065	0.19808	0.32891	0.06994	0.13045	0.03143	0.08164	0.01075	0.00748	0.00230	0.00572	0.00888	0.00734	0.01042
117	0.01598	0.13731	0.41354	0.01898	0.02683	0.01876	0.07496	0.06920	0.01600	0.02265	0.01372	0.04875	0.01120	0.00796	0.00818	0.00226	0.07414	0.00616	0.00354	0.00990
118	0.00878	0.00630	0.00849	0.01003	0.01050	0.00601	0.00678	0.01012	0.01347	0.01806	0.03778	0.69301	0.04497	0.02457	0.06084	0.00351	0.00522	0.01933	0.00641	0.00583
119	0.00868	0.00620	0.00826	0.00991	0.01033	0.00578	0.00661	0.00991	0.01363	0.01818	0.03925	0.74510	0.04710	0.02231	0.00909	0.00289	0.00413	0.02024	0.00661	0.00578
120	0.01889	0.01969	0.03626	0.02645	0.03279	0.04712	0.49464	0.13652	0.01944	0.02604	0.01441	0.01835	0.01087	0.00692	0.00907	0.00238	0.05834	0.00777	0.00418	0.00987
121	0.07575	0.01640	0.02037	0.01697	0.01896	0.02097	0.01409	0.20600	0.01753	0.02639	0.01204	0.01607	0.01030	0.01079	0.01679	0.00272	0.45306	0.00612	0.02970	0.00897
122	0.02217	0.01704	0.01826	0.01518	0.01995	0.01915	0.01215	0.29910	0.39384	0.06734	0.02411	0.02261	0.01764	0.00917	0.00719	0.00229	0.00655	0.00734	0.00727	0.01165
123	0.00886	0.00716	0.00788	0.00785	0.00993	0.00618	0.00583	0.01103	0.01707	0.02158	0.23305	0.11186	0.49189	0.01743	0.00846	0.00240	0.00358	0.01484	0.00693	0.00618
124	0.01365	0.01286	0.02172	0.69912	0.08098	0.01587	0.01988	0.01837	0.01433	0.01844	0.01269	0.01892	0.00958	0.00708	0.00712	0.00236	0.00944	0.00633	0.00318	0.00807
125	0.02054	0.01084	0.01343	0.01163	0.01519	0.01053	0.00905	0.02694	0.16709	0.30369	0.13287	0.11883	0.05201	0.03630	0.00853	0.00248	0.00518	0.01015	0.03502	0.00970
126	0.00873	0.00651	0.00814	0.00925	0.01020	0.00591	0.00636	0.01027	0.01473	0.01926	0.10067	0.54163	0.19090	0.02075	0.00889	0.00273	0.00395	0.01851	0.00671	0.00591
127	0.01345	0.01266	0.02136	0.73264	0.04904	0.01582	0.01978	0.01819	0.01424	0.01819	0.01266	0.01898	0.00949	0.00712	0.00712	0.00237	0.00949	0.00633	0.00316	0.00791
128	0.00867	0.00623	0.00823	0.00982	0.01030	0.00579	0.00657	0.00993	0.01372	0.01821	0.04039	0.72153	0.06993	0.02216	0.00907	0.00287	0.00411	0.02006	0.00661	0.00579
129	0.02398	0.01705	0.01829	0.01435	0.01929	0.01852	0.01175	0.52531	0.02942	0.06250	0.02334	0.02322	0.07842	0.00943	0.00702	0.00211	0.00689	0.00728	0.09088	0.01095
130	0.01788	0.01748	0.02797	0.11852	0.54335	0.05129	0.05130	0.04491	0.01682	0.02314	0.01337	0.01760	0.01098	0.00654	0.00709	0.00214	0.00893	0.00635	0.00362	0.01070
131	0.01762	0.01692	0.02890	0.04371	0.70533	0.01692	0.02185	0.02185	0.01621	0.02326	0.01339	0.01762	0.01128	0.00634	0.00705	0.00211	0.00846	0.00634	0.00352	0.01128
132	0.00868	0.00620	0.00826	0.00991	0.01033	0.00578	0.00661	0.00991	0.01363	0.01818	0.03925	0.74510	0.04710	0.02231	0.00909	0.00289	0.00413	0.02024	0.00661	0.00578
133	0.01364	0.01285	0.02171	0.70083	0.07935	0.01587	0.01987	0.01836	0.01433	0.01843	0.01269	0.01892	0.00957	0.00708	0.00712	0.00236	0.00944	0.00633	0.00318	0.00807
134	0.07694	0.55302	0.05490	0.01313	0.01900	0.08615	0.01258	0.07719	0.01640	0.02046	0.01069	0.01215	0.00928	0.00646	0.00500	0.00167	0.00803	0.00414	0.00354	0.00925
135	0.00957	0.00687	0.00898	0.01014	0.01093	0.00654	0.00705	0.03278	0.01523	0.02051	0.12278	0.60630	0.04825	0.02076	0.00897	0.00280	0.00425	0.04437	0.00678	0.00614
136	0.01592	0.03407	0.01305	0.01194	0.01481	0.00972	0.01001	0.02038	0.07679	0.16244	0.12286	0.05720	0.10850	0.01531	0.00855	0.00270	0.00568	0.29479	0.00713	0.00815
137	0.07965	0.20347	0.05375	0.01304	0.01840	0.01822	0.01167	0.19780	0.02120	0.18815	0.07350	0.02023	0.01699	0.00824	0.00627	0.00199	0.00674	0.00623	0.04421	0.01026

[dist]
# distance from previous block
# <min> <max>
1	9

[block]
# block no. 1 follows, 29 sequences, length 107
# corresponding to MSA columns:
# 219-325
name=unknown_B
#
# <colnr> <probs for GDERKNQSTAVLIFYWHMCP>
#	G	D	E	R	K	N	Q	S	T	A	V	L	I	F	Y	W	H	M	C	P
0	0.01621	0.24369	0.48733	0.01778	0.02681	0.02015	0.02167	0.05078	0.01567	0.02184	0.01213	0.01408	0.00919	0.00665	0.00614	0.00204	0.00957	0.00489	0.00320	0.01019
1	0.01751	0.01635	0.02684	0.06402	0.57801	0.01681	0.02025	0.06122	0.01686	0.02390	0.01476	0.05484	0.01303	0.00756	0.00779	0.00220	0.03632	0.00706	0.00387	0.01079
2	0.00892	0.00643	0.00817	0.00934	0.01008	0.00592	0.00631	0.01009	0.01396	0.01831	0.06806	0.55247	0.14776	0.05163	0.01090	0.03722	0.00422	0.01812	0.00641	0.00568
3	0.01904	0.75404	0.03731	0.01218	0.01828	0.02818	0.01218	0.02132	0.01447	0.01675	0.00990	0.01142	0.00914	0.00609	0.00457	0.00152	0.00761	0.00381	0.00305	0.00914
4	0.00866	0.00625	0.00821	0.00978	0.01029	0.00580	0.00655	0.00993	0.01377	0.01823	0.04093	0.71044	0.08068	0.02209	0.00905	0.00287	0.00410	0.01998	0.00661	0.00580
5	0.05572	0.01505	0.01750	0.01396	0.01902	0.01551	0.01135	0.25825	0.12029	0.32093	0.02429	0.05855	0.01744	0.00945	0.00716	0.00225	0.00650	0.00757	0.00772	0.01150
6	0.01762	0.01692	0.02890	0.04371	0.70533	0.01692	0.02185	0.02185	0.01621	0.02326	0.01339	0.01762	0.01128	0.00634	0.00705	0.00211	0.00846	0.00634	0.00352	0.01128
7	0.06267	0.01185	0.01567	0.01216	0.01739	0.01046	0.01002	0.03302	0.01971	0.64037	0.02704	0.02385	0.01725	0.00869	0.00691	0.00217	0.00587	0.00699	0.05629	0.01160
8	0.03195	0.01212	0.01652	0.01267	0.01818	0.01047	0.01047	0.03470	0.02038	0.71026	0.02809	0.02424	0.01763	0.00881	0.00716	0.00220	0.00606	0.00716	0.00881	0.01212
9	0.01681	0.01921	0.04202	0.03001	0.03721	0.01801	0.67947	0.02281	0.01681	0.02281	0.01441	0.01921	0.01080	0.00600	0.00840	0.00240	0.01200	0.00840	0.00360	0.00960
10	0.00883	0.00626	0.00822	0.00971	0.01009	0.00589	0.00639	0.00996	0.01332	0.01777	0.03766	0.67936	0.04510	0.09078	0.01164	0.00327	0.00439	0.01931	0.00639	0.00565
11	0.01525	0.01509	0.02118	0.01825	0.01833	0.02102	0.01517	0.01687	0.01094	0.01710	0.00994	0.01634	0.00986	0.01496	0.06600	0.00362	0.69290	0.00632	0.00316	0.00770
12	0.01512	0.00995	0.01103	0.00992	0.01200	0.01065	0.00734	0.15740	0.03682	0.02564	0.02130	0.03034	0.01912	0.22250	0.11118	0.00458	0.00749	0.00781	0.27258	0.00725
13	0.01474	0.10657	0.64717	0.01951	0.02960	0.01767	0.02494	0.02243	0.01498	0.02199	0.01250	0.01468	0.00903	0.00670	0.00655	0.00218	0.01024	0.00512	0.00301	0.01039
14	0.00859	0.00722	0.00745	0.00739	0.00972	0.00608	0.00554	0.01055	0.01663	0.02019	0.13669	0.06696	0.63730	0.01768	0.00841	0.00239	0.00358	0.01481	0.00674	0.00608
15	0.00900	0.00645	0.00850	0.00984	0.01048	0.00604	0.00676	0.01052	0.01437	0.01921	0.10205	0.60423	0.06744	0.04375	0.00988	0.00296	0.00425	0.05174	0.00665	0.00587
16	0.02268	0.01731	0.01848	0.06818	0.02179	0.06055	0.01255	0.31819	0.19866	0.08958	0.02183	0.02183	0.03599	0.00980	0.00822	0.04274	0.00733	0.00703	0.00657	0.01070
17	0.00942	0.00685	0.00902	0.01036	0.01135	0.00645	0.00768	0.01135	0.01500	0.01974	0.08709	0.47118	0.11097	0.02073	0.00916	0.00289	0.00461	0.17341	0.00668	0.00606
18	0.01280	0.00766	0.00902	0.00876	0.01040	0.00818	0.00665	0.04903	0.01447	0.02347	0.02152	0.02775	0.01826	0.06818	0.23888	0.00517	0.00887	0.00717	0.44709	0.00669
19	0.02288	0.13630	0.06531	0.04200	0.09957	0.41882	0.01544	0.05098	0.01852	0.01937	0.01143	0.01377	0.00953	0.00727	0.00702	0.00193	0.04234	0.00490	0.00362	0.00898
20	0.01494	0.03597	0.67743	0.02009	0.03037	0.01682	0.02565	0.05632	0.01598	0.02369	0.01300	0.01514	0.00918	0.00686	0.00678	0.00225	0.01039	0.00532	0.00322	0.01060
21	0.01353	0.01204	0.01347	0.01280	0.01454	0.10070	0.00992	0.05566	0.01384	0.01830	0.01763	0.02555	0.01629	0.06908	0.53112	0.00912	0.04827	0.00721	0.00399	0.00694
22	0.01801	0.55296	0.07570	0.01407	0.01914	0.02611	0.01378	0.02051	0.01375	0.01719	0.00996	0.01253	0.00918	0.00749	0.00870	0.00191	0.16263	0.00441	0.00306	0.00894
23	0.00868	0.00620	0.00826	0.00991	0.01033	0.00578	0.00661	0.00991	0.01363	0.01818	0.03925	0.74510	0.04710	0.02231	0.00909	0.00289	0.00413	0.02024	0.00661	0.00578
24	0.14364	0.01308	0.01496	0.01234	0.01663	0.01333	0.00992	0.15170	0.06389	0.29037	0.04919	0.02804	0.01955	0.09061	0.01013	0.00279	0.00631	0.04650	0.00704	0.00998
25	0.80005	0.01377	0.01047	0.00936	0.01377	0.01597	0.00771	0.02093	0.01212	0.03195	0.00991	0.01157	0.00771	0.00661	0.00441	0.00220	0.00551	0.00386	0.00441	0.00771
26	0.00842	0.00721	0.00721	0.00721	0.00962	0.00601	0.00541	0.01022	0.01623	0.01924	0.07213	0.06853	0.70244	0.01803	0.00842	0.00240	0.00361	0.01503	0.00661	0.00601
27	0.06583	0.58430	0.06876	0.04405	0.02042	0.02512	0.03850	0.02099	0.01464	0.01871	0.03580	0.01378	0.01126	0.00651	0.00507	0.00170	0.00773	0.00450	0.00333	0.00900
28	0.01325	0.00811	0.01046	0.00953	0.01189	0.00735	0.00739	0.01645	0.01929	0.11422	0.48511	0.04870	0.07905	0.01355	0.00801	0.00222	0.00397	0.05013	0.05501	0.03631
29	0.00968	0.00726	0.00896	0.00854	0.01039	0.00655	0.00640	0.01266	0.01921	0.02630	0.54940	0.05690	0.22077	0.01540	0.00840	0.00228	0.00342	0.01340	0.00754	0.00655
30	0.01889	0.59817	0.13391	0.01380	0.02036	0.07653	0.01434	0.02201	0.01496	0.01764	0.01040	0.01205	0.00912	0.00628	0.00502	0.00165	0.00841	0.00407	0.00309	0.00927
31	0.01412	0.02984	0.53862	0.01802	0.02637	0.01455	0.02176	0.02151	0.04437	0.04676	0.01850	0.13924	0.01631	0.00959	0.00719	0.00237	0.00907	0.00798	0.00401	0.00981
32	0.01428	0.03683	0.71286	0.02030	0.03082	0.01654	0.02631	0.02255	0.01503	0.02255	0.01278	0.01503	0.00902	0.00677	0.00677	0.00226	0.01052	0.00526	0.00301	0.01052
33	0.00886	0.00653	0.00834	0.00962	0.01049	0.00601	0.00671	0.01041	0.01450	0.01897	0.07206	0.56406	0.15579	0.02112	0.00899	0.00281	0.00416	0.05798	0.00666	0.00591
34	0.01924	0.04292	0.04881	0.14253	0.33532	0.12817	0.01816	0.02369	0.04476	0.08007	0.01552	0.04187	0.01267	0.00751	0.00695	0.00214	0.00890	0.00654	0.00416	0.01005
35	0.01381	0.00719	0.00995	0.00953	0.01008	0.00717	0.00644	0.03720	0.01105	0.05564	0.01503	0.02543	0.01474	0.13391	0.02707	0.59458	0.00635	0.00689	0.00378	0.00417
36	0.00991	0.00727	0.00928	0.00878	0.01053	0.00665	0.00658	0.01310	0.01975	0.02759	0.63621	0.05478	0.13316	0.01492	0.00840	0.00226	0.00339	0.01310	0.00771	0.00665
37	0.01564	0.01392	0.01945	0.17429	0.21366	0.03582	0.01509	0.07999	0.10032	0.02420	0.07516	0.10393	0.04945	0.01176	0.03376	0.00265	0.00772	0.00895	0.00505	0.00918
38	0.01449	0.03557	0.66940	0.02178	0.07368	0.01656	0.02603	0.02251	0.01511	0.02260	0.01282	0.01520	0.00916	0.00674	0.00678	0.00225	0.01039	0.00533	0.00304	0.01057
39	0.01358	0.00972	0.01049	0.00953	0.01258	0.00938	0.00738	0.06094	0.12476	0.08452	0.10005	0.05100	0.40243	0.01444	0.00783	0.00231	0.00438	0.01201	0.05482	0.00786
40	0.80005	0.01377	0.01047	0.00936	0.01377	0.01597	0.00771	0.02093	0.01212	0.03195	0.00991	0.01157	0.00771	0.00661	0.00441	0.00220	0.00551	0.00386	0.00441	0.00771
41	0.05055	0.21558	0.26166	0.01733	0.02449	0.04106	0.09124	0.07708	0.03651	0.05836	0.01504	0.05358	0.01226	0.00767	0.00645	0.00209	0.00887	0.00621	0.00411	0.00986
42	0.01591	0.01646	0.06720	0.24116	0.41777	0.01625	0.02053	0.02118	0.04685	0.02187	0.01471	0.04205	0.01227	0.00727	0.00713	0.00224	0.00861	0.00681	0.00366	0.01007
43	0.00865	0.00628	0.00818	0.00970	0.01027	0.00580	0.00651	0.00994	0.01384	0.01826	0.04190	0.69048	0.10001	0.02196	0.00903	0.00285	0.00409	0.01982	0.00661	0.00580
44	0.01345	0.01266	0.02136	0.73264	0.04904	0.01582	0.01978	0.01819	0.01424	0.01819	0.01266	0.01898	0.00949	0.00712	0.00712	0.00237	0.00949	0.00633	0.00316	0.00791
45	0.09308	0.07427	0.01965	0.01462	0.01950	0.13987	0.01193	0.33058	0.02511	0.10219	0.05985	0.02030	0.04074	0.00874	0.00670	0.00207	0.00787	0.00647	0.00618	0.01028
46	0.01492	0.08505	0.59801	0.02153	0.07138	0.01743	0.05024	0.02243	0.01513	0.02220	0.01268	0.01510	0.00924	0.00666	0.00669	0.00220	0.01025	0.00535	0.00306	0.01044
47	0.30960	0.01272	0.01433	0.01147	0.01658	0.01246	0.00947	0.02972	0.01739	0.46507	0.02152	0.01966	0.01404	0.00802	0.00617	0.00220	0.00586	0.00597	0.00722	0.01053
48	0.01147	0.00820	0.01147	0.01311	0.01475	0.00820	0.01147	0.01475	0.01639	0.02131	0.03770	0.08032	0.04098	0.01967	0.00984	0.00328	0.00656	0.65741	0.00656	0.00656
49	0.04745	0.01786	0.06969	0.06563	0.61396	0.01682	0.02151	0.02173	0.01591	0.02337	0.01320	0.01728	0.01094	0.00641	0.00693	0.00214	0.00851	0.00618	0.00351	0.01097
50	0.01103	0.00750	0.00976	0.00907	0.01095	0.00687	0.00685	0.01431	0.02003	0.05985	0.64813	0.05239	0.08730	0.01441	0.00834	0.00224	0.00349	0.01269	0.00784	0.00694
51	0.00868	0.00620	0.00826	0.00991	0.01033	0.00578	0.00661	0.00991	0.01363	0.01818	0.03925	0.74510	0.04710	0.02231	0.00909	0.00289	0.00413	0.02024	0.00661	0.00578
52	0.04835	0.06559	0.65456	0.01949	0.02956	0.01700	0.02492	0.02243	0.01488	0.02271	0.01254	0.01473	0.00897	0.00673	0.00657	0.00222	0.01019	0.00514	0.00307	0.01034
53	0.04122	0.01453	0.02175	0.48624	0.16790	0.05271	0.01866	0.03878	0.01539	0.02036	0.01398	0.05179	0.01158	0.00771	0.00707	0.00231	0.00904	0.00681	0.00358	0.00858
54	0.80005	0.01377	0.01047	0.00936	0.01377	0.01597	0.00771	0.02093	0.01212	0.03195	0.00991	0.01157	0.00771	0.00661	0.00441	0.00220	0.00551	0.00386	0.00441	0.00771
55	0.01037	0.00741	0.01018	0.01167	0.01287	0.00722	0.00939	0.01291	0.01565	0.02068	0.08399	0.31876	0.04500	0.02027	0.00947	0.00307	0.00546	0.38269	0.00666	0.00629
56	0.01481	0.11702	0.63733	0.01939	0.02942	0.01784	0.02473	0.02241	0.01497	0.02190	0.01246	0.01463	0.00903	0.00669	0.00652	0.00217	0.01020	0.00510	0.00301	0.01037
57	0.66195	0.01487	0.01241	0.01062	0.01526	0.01707	0.00875	0.13896	0.01593	0.03426	0.01120	0.01256	0.00850	0.00696	0.00489	0.00219	0.00592	0.00431	0.00489	0.00850
58	0.00884	0.00627	0.00821	0.00970	0.01008	0.00589	0.00639	0.00996	0.01331	0.01775	0.03760	0.67674	0.04502	0.09350	0.01175	0.00328	0.00440	0.01928	0.00639	0.00564
59	0.02660	0.03394	0.02018	0.01834	0.02201	0.72116	0.01376	0.02843	0.02018	0.01743	0.01101	0.01284	0.00917	0.00734	0.00642	0.00183	0.01284	0.00459	0.00367	0.00825
60	0.01681	0.01921	0.04202	0.03001	0.03721	0.01801	0.67947	0.02281	0.01681	0.02281	0.01441	0.01921	0.01080	0.00600	0.00840	0.00240	0.01200	0.00840	0.00360	0.00960
61	0.06684	0.01222	0.01617	0.01242	0.01792	0.01068	0.01025	0.03334	0.01975	0.64899	0.02658	0.02324	0.01686	0.00856	0.00695	0.00215	0.00600	0.00688	0.00841	0.04580
62	0.01454	0.06304	0.66535	0.02031	0.03056	0.01702	0.04746	0.02251	0.01507	0.02234	0.01273	0.01504	0.00908	0.00671	0.00674	0.00223	0.01046	0.00531	0.00303	0.01044
63	0.01008	0.00728	0.00952	0.00896	0.01064	0.00672	0.00672	0.01344	0.02016	0.02855	0.70158	0.05319	0.06719	0.01456	0.00840	0.00224	0.00336	0.01288	0.00784	0.00672
64	0.76441	0.01369	0.01075	0.00952	0.01398	0.01572	0.00784	0.02157	0.01250	0.06342	0.01076	0.01216	0.00817	0.00671	0.00453	0.00220	0.00553	0.00401	0.00461	0.00792
65	0.02117	0.01392	0.01573	0.01357	0.01784	0.01494	0.01070	0.06749	0.41853	0.21116	0.03058	0.05858	0.05283	0.01031	0.00735	0.00236	0.00570	0.00858	0.00760	0.01106
66	0.76600	0.01349	0.01042	0.00935	0.01364	0.01558	0.00767	0.02061	0.01246	0.03180	0.03972	0.01336	0.01027	0.00695	0.00458	0.00220	0.00542	0.00424	0.00455	0.00767
67	0.00868	0.00620	0.00826	0.00991	0.01033	0.00578	0.00661	0.00991	0.01363	0.01818	0.03925	0.74510	0.04710	0.02231	0.00909	0.00289	0.00413	0.02024	0.00661	0.00578
68	0.01681	0.01921	0.04202	0.03001	0.03721	0.01801	0.67947	0.02281	0.01681	0.02281	0.01441	0.01921	0.01080	0.00600	0.00840	0.00240	0.01200	0.00840	0.00360	0.00960
69	0.01008	0.00728	0.00952	0.00896	0.01064	0.00672	0.00672	0.01344	0.02016	0.02855	0.70158	0.05319	0.06719	0.01456	0.00840	0.00224	0.00336	0.01288	0.00784	0.00672
70	0.01036	0.00690	0.00777	0.00777	0.00777	0.00690	0.00431	0.01036	0.01036	0.01381	0.02244	0.04660	0.02589	0.74975	0.03624	0.00690	0.00690	0.01036	0.00431	0.00431
71	0.01018	0.00760	0.01129	0.01129	0.01250	0.00881	0.00870	0.01261	0.01140	0.01641	0.01922	0.02878	0.01815	0.08342	0.69200	0.01125	0.01855	0.00775	0.00384	0.00627
72	0.02660	0.03394	0.02018	0.01834	0.02201	0.72116	0.01376	0.02843	0.02018	0.01743	0.01101	0.01284	0.00917	0.00734	0.00642	0.00183	0.01284	0.00459	0.00367	0.00825
73	0.00927	0.00662	0.00894	0.01059	0.01127	0.00630	0.00764	0.01094	0.01422	0.01884	0.03892	0.60393	0.04580	0.02175	0.00925	0.00297	0.00465	0.15556	0.00660	0.00595
74	0.80005	0.01377	0.01047	0.00936	0.01377	0.01597	0.00771	0.02093	0.01212	0.03195	0.00991	0.01157	0.00771	0.00661	0.00441	0.00220	0.00551	0.00386	0.00441	0.00771
75	0.01428	0.03683	0.71286	0.02030	0.03082	0.01654	0.02631	0.02255	0.01503	0.02255	0.01278	0.01503	0.00902	0.00677	0.00677	0.00226	0.01052	0.00526	0.00301	0.01052
76	0.00868	0.00620	0.00826	0.00991	0.01033	0.00578	0.00661	0.00991	0.01363	0.01818	0.03925	0.74510	0.04710	0.02231	0.00909	0.00289	0.00413	0.02024	0.00661	0.00578
77	0.01521	0.01446	0.02454	0.44181	0.32609	0.01628	0.02065	0.01974	0.01507	0.02033	0.01297	0.01841	0.01025	0.00679	0.00709	0.00226	0.00906	0.00634	0.00332	0.00933
78	0.32646	0.01294	0.01565	0.01280	0.01708	0.01345	0.08966	0.04079	0.05815	0.12897	0.12765	0.04553	0.02196	0.03089	0.00730	0.00237	0.00610	0.00738	0.00582	0.02904
79	0.01924	0.01521	0.01634	0.01441	0.01863	0.01728	0.01129	0.06241	0.61180	0.08631	0.02845	0.02601	0.02103	0.00955	0.00723	0.00239	0.00576	0.00791	0.00737	0.01137
80	0.01013	0.00735	0.00959	0.00923	0.01094	0.00681	0.00706	0.01343	0.01970	0.02761	0.62346	0.05599	0.08879	0.01511	0.00852	0.00233	0.00363	0.06594	0.00769	0.00668
81	0.01764	0.44227	0.30409	0.01541	0.02324	0.02290	0.01771	0.02231	0.01491	0.04496	0.01172	0.01333	0.00941	0.00646	0.00554	0.00184	0.00871	0.00451	0.00325	0.00980
82	0.27165	0.01679	0.02855	0.02135	0.02701	0.01728	0.36893	0.02286	0.03992	0.05250	0.01370	0.01697	0.01038	0.00685	0.00796	0.00237	0.05500	0.00673	0.00417	0.00903
83	0.00881	0.00630	0.00838	0.00982	0.01036	0.00587	0.00662	0.01026	0.01427	0.01919	0.10388	0.67758	0.04906	0.02155	0.00902	0.00283	0.00406	0.01952	0.00673	0.00587
84	0.00969	0.00730	0.00898	0.00865	0.01052	0.00659	0.00655	0.01263	0.01897	0.02580	0.50929	0.05829	0.23521	0.01567	0.00846	0.00232	0.00354	0.03756	0.00746	0.00652
85	0.10808	0.02485	0.01839	0.01587	0.02003	0.36154	0.01234	0.20954	0.04818	0.02810	0.07301	0.01790	0.01533	0.00831	0.00660	0.00202	0.00956	0.00587	0.00521	0.00926
86	0.01762	0.01692	0.02890	0.04371	0.70533	0.01692	0.02185	0.02185	0.01621	0.02326	0.01339	0.01762	0.01128	0.00634	0.00705	0.00211	0.00846	0.00634	0.00352	0.01128
87	0.01017	0.00763	0.01144	0.01144	0.01272	0.00890	0.00890	0.01272	0.01144	0.01653	0.01907	0.02797	0.01780	0.05340	0.72153	0.01144	0.01907	0.00763	0.00381	0.00636
88	0.01762	0.01692	0.02890	0.04371	0.70533	0.01692	0.02185	0.02185	0.01621	0.02326	0.01339	0.01762	0.01128	0.00634	0.00705	0.00211	0.00846	0.00634	0.00352	0.01128
89	0.48670	0.01635	0.01470	0.01244	0.01707	0.08260	0.03846	0.07586	0.07548	0.09953	0.01429	0.01505	0.01056	0.00729	0.00551	0.00219	0.00673	0.00502	0.00521	0.00894
90	0.01125	0.00871	0.01297	0.01328	0.01532	0.00843	0.06082	0.01443	0.01642	0.02140	0.08018	0.12537	0.10951	0.01836	0.00943	0.00303	0.00628	0.45170	0.00642	0.00668
91	0.65201	0.01324	0.01124	0.00976	0.01423	0.01477	0.00803	0.02287	0.01349	0.13536	0.01321	0.01409	0.00964	0.00701	0.00485	0.00218	0.00551	0.00447	0.03571	0.00834
92	0.01215	0.00770	0.01015	0.00936	0.01136	0.00704	0.00708	0.01536	0.01990	0.09463	0.60731	0.08019	0.06148	0.01433	0.00831	0.00226	0.00366	0.01264	0.00788	0.00721
93	0.01762	0.01692	0.02890	0.04371	0.70533	0.01692	0.02185	0.02185	0.01621	0.02326	0.01339	0.01762	0.01128	0.00634	0.00705	0.00211	0.00846	0.00634	0.00352	0.01128
94	0.02672	0.02027	0.02114	0.01638	0.02195	0.04659	0.01346	0.63549	0.05661	0.04337	0.01731	0.01728	0.01235	0.00855	0.00710	0.00214	0.00793	0.00641	0.00701	0.01194
95	0.00946	0.00725	0.00866	0.00831	0.01026	0.00646	0.00623	0.01224	0.01870	0.02510	0.46819	0.05888	0.30273	0.01585	0.00840	0.00230	0.00345	0.01367	0.00738	0.00646
96	0.04807	0.01871	0.01902	0.01533	0.02031	0.06887	0.01240	0.41621	0.15891	0.07940	0.05451	0.02076	0.01681	0.00894	0.00708	0.00218	0.00735	0.00690	0.00696	0.01127
97	0.01568	0.01254	0.01298	0.01175	0.01452	0.08445	0.00904	0.05524	0.14536	0.07747	0.38338	0.06134	0.04498	0.01253	0.00788	0.00227	0.00531	0.02764	0.00726	0.00836
98	0.03195	0.01212	0.01652	0.01267	0.01818	0.01047	0.01047	0.03470	0.02038	0.71026	0.02809	0.02424	0.01763	0.00881	0.00716	0.00220	0.00606	0.00716	0.00881	0.01212
99	0.00898	0.00642	0.00861	0.01027	0.01081	0.00605	0.00714	0.01045	0.01394	0.01852	0.03908	0.67220	0.04643	0.02202	0.00917	0.00293	0.00440	0.09012	0.00660	0.00587
100	0.01904	0.75404	0.03731	0.01218	0.01828	0.02818	0.01218	0.02132	0.01447	0.01675	0.00990	0.01142	0.00914	0.00609	0.00457	0.00152	0.00761	0.00381	0.00305	0.00914
101	0.01147	0.00820	0.01147	0.01311	0.01475	0.00820	0.01147	0.01475	0.01639	0.02131	0.03770	0.08032	0.04098	0.01967	0.00984	0.00328	0.00656	0.65741	0.00656	0.00656
102	0.01762	0.01692	0.02890	0.04371	0.70533	0.01692	0.02185	0.02185	0.01621	0.02326	0.01339	0.01762	0.01128	0.00634	0.00705	0.00211	0.00846	0.00634	0.00352	0.01128
103	0.03177	0.01241	0.01671	0.01281	0.01832	0.01090	0.01058	0.05890	0.02087	0.68538	0.02768	0.02397	0.01742	0.00880	0.00716	0.00220	0.00613	0.00713	0.00875	0.01212
