[name]
unknown

[dist]
# distance from previous block
# <min> <max>
0	220

[block]
# block no. 0 follows, 30 sequences, length 33
# corresponding to MSA columns:
# 220-252
name=unknown_A
#
# <colnr> <probs for GDERKNQSTAVLIFYWHMCP>
#	G	D	E	R	K	N	Q	S	T	A	V	L	I	F	Y	W	H	M	C	P
0	0.04002	0.04070	0.11806	0.08831	0.04294	0.03986	0.07269	0.14446	0.06644	0.12949	0.04954	0.02614	0.04342	0.00909	0.00718	0.00225	0.00784	0.05625	0.00555	0.00976
1	0.05152	0.01768	0.08466	0.05159	0.18474	0.01665	0.11970	0.06824	0.15368	0.02515	0.01603	0.01838	0.01248	0.00732	0.00788	0.00215	0.05596	0.00644	0.00446	0.09529
2	0.07526	0.12464	0.11068	0.02017	0.02612	0.01796	0.29003	0.04355	0.08413	0.02297	0.01732	0.06037	0.03305	0.00794	0.00762	0.00224	0.03504	0.00757	0.00415	0.00918
3	0.00913	0.00948	0.08484	0.01047	0.01222	0.00687	0.00843	0.01124	0.01409	0.01884	0.06883	0.56080	0.11975	0.01940	0.00855	0.00268	0.00463	0.01734	0.00615	0.00624
4	0.00946	0.00736	0.00918	0.01020	0.03298	0.00701	0.00700	0.03006	0.01452	0.01876	0.04515	0.34859	0.27145	0.04083	0.10998	0.00389	0.00623	0.01526	0.00596	0.00614
5	0.01732	0.01981	0.07719	0.06956	0.33701	0.13098	0.11710	0.02156	0.01683	0.02204	0.08788	0.02039	0.01631	0.00727	0.00713	0.00211	0.00917	0.00685	0.00389	0.00961
6	0.00882	0.00631	0.00821	0.00938	0.00993	0.00597	0.00628	0.01012	0.01349	0.01807	0.08593	0.57475	0.06684	0.10145	0.03669	0.00349	0.00478	0.01766	0.00623	0.00561
7	0.11017	0.03112	0.01875	0.01703	0.02070	0.64987	0.01284	0.02707	0.01892	0.01862	0.01067	0.01245	0.00883	0.00711	0.00608	0.00184	0.01181	0.00442	0.00367	0.00803
8	0.01489	0.01243	0.01967	0.17063	0.02507	0.01346	0.15807	0.06437	0.06074	0.02367	0.01911	0.02349	0.03289	0.03693	0.00867	0.00232	0.04952	0.00724	0.24881	0.00803
9	0.01268	0.01071	0.01636	0.16558	0.04372	0.01152	0.07211	0.07242	0.03404	0.02112	0.02683	0.35194	0.02889	0.01483	0.00869	0.00262	0.03124	0.06193	0.00536	0.00740
10	0.00850	0.00607	0.00810	0.00972	0.01012	0.00567	0.00648	0.00972	0.01336	0.01781	0.03846	0.75020	0.04615	0.02186	0.00891	0.00283	0.00405	0.01984	0.00648	0.00567
11	0.02520	0.09476	0.01952	0.01445	0.04510	0.01580	0.01148	0.17270	0.13033	0.32882	0.05278	0.02225	0.01775	0.00858	0.00680	0.00210	0.00639	0.00686	0.00718	0.01116
12	0.08861	0.11001	0.10052	0.02193	0.18028	0.11640	0.04168	0.06751	0.01720	0.12760	0.01425	0.01598	0.01083	0.00723	0.00727	0.00207	0.05073	0.00555	0.00443	0.00992
13	0.00959	0.00697	0.00918	0.04321	0.01216	0.00686	0.00719	0.03834	0.01396	0.01859	0.03515	0.63438	0.04151	0.07447	0.01069	0.00307	0.00464	0.01794	0.00618	0.00592
14	0.01695	0.01493	0.01485	0.01404	0.04066	0.07385	0.01044	0.04853	0.45442	0.02728	0.05450	0.02814	0.06728	0.00973	0.00690	0.00221	0.00580	0.00800	0.09167	0.00981
15	0.01423	0.01359	0.02228	0.50009	0.15810	0.01665	0.01906	0.01828	0.01376	0.01852	0.01200	0.01783	0.00958	0.00770	0.00956	0.00240	0.12871	0.00619	0.00315	0.00830
16	0.02615	0.02045	0.02032	0.01601	0.02127	0.09714	0.01303	0.55193	0.06919	0.06818	0.01723	0.01713	0.01232	0.00832	0.00691	0.00208	0.00801	0.00621	0.00669	0.01141
17	0.25684	0.01849	0.01685	0.01477	0.01777	0.18266	0.03455	0.04541	0.07651	0.02353	0.01347	0.04565	0.01174	0.01066	0.03767	0.00268	0.17251	0.00589	0.00425	0.00810
18	0.01609	0.01751	0.10000	0.12645	0.02832	0.01704	0.20229	0.10557	0.01651	0.02329	0.01493	0.05794	0.01254	0.00882	0.01061	0.00242	0.16405	0.00742	0.05942	0.00880
19	0.01323	0.01235	0.01268	0.01198	0.01320	0.12645	0.00891	0.01497	0.01321	0.01703	0.09159	0.03076	0.02230	0.20855	0.28221	0.00669	0.09541	0.00805	0.00418	0.00624
20	0.01684	0.01540	0.04257	0.09620	0.11158	0.03655	0.05560	0.14450	0.17452	0.02651	0.05204	0.07443	0.04307	0.04014	0.03630	0.00279	0.00774	0.00837	0.00543	0.00943
21	0.01898	0.38690	0.12836	0.01751	0.07407	0.12945	0.06515	0.02239	0.01566	0.04208	0.01328	0.01503	0.03037	0.00670	0.00572	0.00180	0.00886	0.00501	0.00345	0.00922
22	0.02719	0.01371	0.01660	0.01308	0.01808	0.01358	0.01069	0.19016	0.10416	0.42319	0.02471	0.02251	0.01650	0.00864	0.00687	0.00213	0.00612	0.00691	0.06379	0.01139
23	0.01109	0.00677	0.00899	0.00988	0.01085	0.00624	0.00679	0.01248	0.01415	0.09345	0.05927	0.61675	0.04278	0.05265	0.00986	0.00291	0.00435	0.01778	0.00665	0.00631
24	0.01769	0.01730	0.02636	0.05466	0.22284	0.05695	0.15419	0.08130	0.06773	0.02341	0.01414	0.01788	0.01146	0.00801	0.01050	0.00234	0.16492	0.00666	0.03207	0.00961
25	0.00855	0.00611	0.00814	0.00968	0.01013	0.00570	0.00648	0.00984	0.01359	0.01818	0.06247	0.72515	0.04686	0.02159	0.00888	0.00281	0.00402	0.01958	0.00652	0.00570
26	0.01015	0.00677	0.00761	0.00761	0.00761	0.00677	0.00423	0.01015	0.01015	0.01353	0.02199	0.04567	0.02537	0.75476	0.03552	0.00677	0.00677	0.01015	0.00423	0.00423
27	0.01712	0.05968	0.09339	0.04245	0.01976	0.10660	0.04046	0.02388	0.15427	0.08757	0.15978	0.05417	0.02557	0.01097	0.02472	0.00244	0.05464	0.00809	0.00556	0.00890
28	0.01570	0.11584	0.15530	0.05344	0.13703	0.01754	0.30112	0.02086	0.01556	0.02114	0.01630	0.04147	0.04210	0.00713	0.00723	0.00219	0.00971	0.00736	0.00355	0.00943
29	0.01118	0.00802	0.00898	0.00863	0.01118	0.00713	0.00676	0.03876	0.01729	0.07333	0.13023	0.06159	0.48835	0.01644	0.00825	0.00241	0.00416	0.08381	0.00678	0.00670
30	0.01504	0.01521	0.02182	0.15641	0.02495	0.05013	0.06108	0.01750	0.01220	0.01739	0.01133	0.03581	0.01057	0.01237	0.04505	0.00312	0.47248	0.00661	0.00324	0.00769
31	0.02251	0.09822	0.04429	0.10835	0.02413	0.02035	0.01386	0.46140	0.02641	0.03535	0.01557	0.01701	0.01153	0.00934	0.03076	0.00235	0.00816	0.00601	0.03379	0.01059
32	0.02042	0.01505	0.01710	0.09190	0.02096	0.01666	0.01176	0.40651	0.05510	0.03423	0.02026	0.10772	0.01730	0.03885	0.00810	0.00235	0.00681	0.00815	0.09101	0.00977

[dist]
# distance from previous block
# <min> <max>
1	5

[block]
# block no. 1 follows, 30 sequences, length 14
# corresponding to MSA columns:
# 258-271
name=unknown_B
#
# <colnr> <probs for GDERKNQSTAVLIFYWHMCP>
#	G	D	E	R	K	N	Q	S	T	A	V	L	I	F	Y	W	H	M	C	P
0	0.01636	0.01582	0.02549	0.23282	0.44072	0.03549	0.03779	0.02174	0.06430	0.02171	0.01398	0.01818	0.01123	0.00668	0.00696	0.00216	0.00858	0.00634	0.00362	0.01001
1	0.01414	0.01206	0.01412	0.01030	0.01619	0.00910	0.00817	0.01714	0.01441	0.02247	0.01383	0.05471	0.01230	0.00608	0.00537	0.00113	0.00511	0.00499	0.00426	0.75411
2	0.01837	0.59387	0.03195	0.01244	0.01796	0.02534	0.01174	0.02449	0.16605	0.01925	0.01385	0.01449	0.01169	0.00675	0.00506	0.00169	0.00703	0.00465	0.00390	0.00942
3	0.01364	0.01427	0.04849	0.01764	0.01923	0.01660	0.10835	0.01598	0.01245	0.01809	0.01869	0.18067	0.04242	0.01343	0.01655	0.00285	0.41944	0.00972	0.00400	0.00749
4	0.01069	0.00854	0.01323	0.17234	0.02017	0.01015	0.01091	0.01356	0.01178	0.01646	0.01742	0.02616	0.01594	0.06935	0.54065	0.00907	0.01615	0.00730	0.00362	0.00649
5	0.01949	0.01710	0.01843	0.01575	0.01918	0.05784	0.01263	0.18256	0.35509	0.02920	0.02048	0.02077	0.01576	0.00970	0.01053	0.00243	0.16982	0.00694	0.00598	0.01032
6	0.00911	0.00641	0.00821	0.00908	0.00962	0.00607	0.00600	0.01042	0.01377	0.01865	0.15232	0.47127	0.04500	0.18315	0.01469	0.00359	0.00452	0.01642	0.00619	0.00551
7	0.02449	0.01854	0.01980	0.01564	0.02087	0.02069	0.01277	0.54353	0.18055	0.04070	0.01934	0.01881	0.01396	0.00862	0.00701	0.00215	0.00720	0.00664	0.00701	0.01168
8	0.02102	0.01523	0.01675	0.01415	0.01842	0.01677	0.01122	0.26053	0.31670	0.10577	0.02539	0.10497	0.02041	0.01041	0.00726	0.00230	0.00615	0.00860	0.00715	0.01081
9	0.02017	0.01158	0.01398	0.01235	0.01595	0.01178	0.00958	0.02898	0.27439	0.27594	0.05616	0.18689	0.02705	0.01210	0.00751	0.00239	0.00526	0.01040	0.00754	0.00998
10	0.00849	0.00637	0.00788	0.00900	0.00996	0.00576	0.00618	0.00993	0.01427	0.01849	0.07346	0.54755	0.21636	0.02049	0.00871	0.00269	0.00389	0.01824	0.00653	0.00576
11	0.01725	0.01330	0.01590	0.01558	0.06888	0.01488	0.01131	0.05052	0.41307	0.08809	0.02466	0.02519	0.01902	0.01863	0.16684	0.00428	0.00876	0.00754	0.00622	0.01008
12	0.20097	0.01212	0.01448	0.01158	0.01647	0.01158	0.00949	0.03002	0.04910	0.49536	0.06062	0.02264	0.01794	0.00850	0.00649	0.00217	0.00566	0.00664	0.00756	0.01059
13	0.01741	0.00862	0.01027	0.00918	0.01154	0.00853	0.00699	0.05151	0.05606	0.16312	0.02141	0.02405	0.01640	0.01190	0.01051	0.17828	0.00476	0.00658	0.37552	0.00734

[dist]
# distance from previous block
# <min> <max>
0	1

[block]
# block no. 2 follows, 30 sequences, length 6
# corresponding to MSA columns:
# 273-278
name=unknown_C
#
# <colnr> <probs for GDERKNQSTAVLIFYWHMCP>
#	G	D	E	R	K	N	Q	S	T	A	V	L	I	F	Y	W	H	M	C	P
0	0.07367	0.01235	0.01616	0.04217	0.07002	0.01178	0.01089	0.08577	0.01940	0.45354	0.02328	0.02199	0.01552	0.00818	0.00658	0.00209	0.00604	0.00660	0.10324	0.01074
1	0.02094	0.02345	0.01949	0.10567	0.05126	0.35557	0.01407	0.06604	0.11110	0.02074	0.01600	0.01808	0.03849	0.00854	0.00869	0.00215	0.10084	0.00595	0.00426	0.00866
2	0.01280	0.01212	0.09712	0.05592	0.01631	0.00988	0.01034	0.05839	0.04728	0.05972	0.03309	0.31145	0.11790	0.03753	0.00896	0.00259	0.02331	0.01278	0.06505	0.00745
3	0.11067	0.01230	0.01752	0.36030	0.03082	0.01473	0.01449	0.01836	0.01381	0.05974	0.04475	0.04133	0.01360	0.00858	0.00917	0.00232	0.12744	0.00653	0.03736	0.05619
4	0.01787	0.18408	0.06880	0.01779	0.10278	0.19804	0.01361	0.02076	0.01615	0.01970	0.10641	0.01951	0.01751	0.01041	0.04490	0.00240	0.07644	0.00597	0.00395	0.05292
5	0.01552	0.03501	0.01393	0.01217	0.01533	0.01331	0.00938	0.05704	0.35843	0.06614	0.09999	0.16359	0.08546	0.01268	0.00755	0.00238	0.00505	0.01085	0.00695	0.00922

[dist]
# distance from previous block
# <min> <max>
0	2

[block]
# block no. 3 follows, 30 sequences, length 35
# corresponding to MSA columns:
# 281-315
name=unknown_D
#
# <colnr> <probs for GDERKNQSTAVLIFYWHMCP>
#	G	D	E	R	K	N	Q	S	T	A	V	L	I	F	Y	W	H	M	C	P
0	0.03637	0.01209	0.03471	0.06159	0.03753	0.01196	0.01095	0.08648	0.14131	0.12033	0.10956	0.08848	0.09977	0.01253	0.00773	0.00243	0.00582	0.10496	0.00660	0.00881
1	0.01211	0.01167	0.11206	0.00995	0.01197	0.00873	0.00807	0.03377	0.01262	0.04727	0.06941	0.03979	0.02508	0.53803	0.02726	0.00543	0.00703	0.00934	0.00456	0.00585
2	0.69150	0.01326	0.01112	0.00965	0.01412	0.01487	0.00795	0.02248	0.01306	0.13104	0.01231	0.01314	0.00897	0.00679	0.00471	0.00216	0.00548	0.00425	0.00495	0.00819
3	0.10492	0.05069	0.04320	0.01944	0.12055	0.29871	0.01377	0.06921	0.11839	0.07346	0.01520	0.01620	0.01172	0.00742	0.00633	0.00201	0.00911	0.00546	0.00470	0.00952
4	0.01562	0.01691	0.03529	0.02835	0.11292	0.01622	0.50853	0.02080	0.01564	0.02151	0.01467	0.01989	0.01164	0.01269	0.11278	0.00361	0.01236	0.00789	0.00355	0.00914
5	0.00891	0.00638	0.00846	0.00944	0.01021	0.00594	0.00651	0.01073	0.01524	0.02080	0.23524	0.54490	0.05194	0.01963	0.00871	0.00265	0.00383	0.01772	0.00683	0.00594
6	0.01428	0.01393	0.01944	0.01707	0.01713	0.01909	0.01399	0.01576	0.01108	0.01694	0.01343	0.12231	0.01455	0.01362	0.02086	0.00302	0.63451	0.00811	0.00355	0.00735
7	0.13324	0.01108	0.01317	0.01078	0.01486	0.01067	0.00871	0.07257	0.01900	0.35630	0.14576	0.02691	0.02433	0.00926	0.00657	0.00209	0.00515	0.00745	0.11251	0.00960
8	0.01306	0.01224	0.01879	0.01580	0.01770	0.04026	0.13754	0.01544	0.01220	0.01699	0.01602	0.02618	0.01555	0.17608	0.26172	0.00641	0.17984	0.00774	0.00364	0.00681
9	0.02697	0.01189	0.01566	0.01269	0.01739	0.01093	0.01055	0.09663	0.02070	0.51669	0.05737	0.03228	0.02217	0.01040	0.00745	0.00231	0.00607	0.10291	0.00811	0.01085
10	0.00911	0.00780	0.00932	0.11379	0.01517	0.00734	0.00751	0.01140	0.01582	0.01941	0.11349	0.09064	0.52248	0.01603	0.00809	0.00236	0.00438	0.01355	0.00609	0.00621
11	0.01511	0.01827	0.12611	0.27918	0.22898	0.04575	0.09410	0.01995	0.01504	0.02029	0.01385	0.04348	0.01140	0.00848	0.02859	0.00250	0.00967	0.00673	0.00339	0.00914
12	0.02499	0.01609	0.01808	0.01451	0.01954	0.01727	0.01178	0.31287	0.23380	0.21954	0.02322	0.02148	0.01621	0.00878	0.00703	0.00220	0.00655	0.00697	0.00746	0.01162
13	0.72864	0.03431	0.01173	0.00980	0.01406	0.01639	0.00814	0.04271	0.01260	0.03081	0.00993	0.01165	0.00780	0.00673	0.00507	0.00217	0.03145	0.00394	0.00433	0.00774
14	0.00894	0.00632	0.00809	0.00922	0.00963	0.00606	0.00602	0.00994	0.01260	0.01679	0.03471	0.53734	0.05867	0.19192	0.04624	0.00409	0.00530	0.01693	0.00584	0.00537
15	0.01547	0.01849	0.14446	0.05664	0.42436	0.03580	0.01914	0.01951	0.01501	0.02108	0.01578	0.09464	0.01467	0.02929	0.00875	0.03790	0.00822	0.00751	0.00368	0.00961
16	0.01951	0.01356	0.06402	0.08437	0.02096	0.01162	0.05351	0.04167	0.03952	0.24256	0.02318	0.02444	0.06320	0.03785	0.00827	0.00218	0.02847	0.00699	0.06669	0.14742
17	0.01243	0.11855	0.01667	0.01241	0.01391	0.01401	0.01004	0.01434	0.01139	0.01601	0.01571	0.02479	0.01543	0.12989	0.37451	0.00741	0.17530	0.00698	0.00354	0.00667
18	0.01821	0.01443	0.01587	0.01222	0.01749	0.01388	0.00986	0.26571	0.06516	0.03044	0.02352	0.02373	0.11327	0.00845	0.00641	0.00170	0.00588	0.00671	0.00572	0.34132
19	0.01430	0.01381	0.01926	0.01668	0.01696	0.01877	0.01377	0.01611	0.01203	0.01840	0.11121	0.02106	0.01771	0.01392	0.04555	0.00322	0.60894	0.00710	0.00375	0.00743
20	0.00988	0.00713	0.00933	0.00878	0.01043	0.00658	0.00658	0.01317	0.01975	0.02798	0.70754	0.05213	0.06584	0.01427	0.00823	0.00219	0.00329	0.01262	0.00768	0.00658
21	0.07646	0.01461	0.01702	0.01359	0.01834	0.01534	0.01112	0.29933	0.04864	0.26697	0.02067	0.02067	0.01458	0.01478	0.11171	0.00346	0.00846	0.00660	0.00690	0.01074
22	0.02607	0.03326	0.01978	0.01798	0.02157	0.72674	0.01348	0.02787	0.01978	0.01708	0.01079	0.01258	0.00899	0.00719	0.00629	0.00180	0.01258	0.00449	0.00360	0.00809
23	0.02127	0.01858	0.01761	0.01500	0.01944	0.12119	0.01182	0.19692	0.38489	0.05419	0.02230	0.02125	0.01661	0.00867	0.00688	0.00216	0.00709	0.00682	0.00650	0.04082
24	0.00854	0.00616	0.00810	0.00956	0.01010	0.00571	0.00643	0.00987	0.01373	0.01827	0.06648	0.69074	0.07777	0.02137	0.00885	0.00279	0.00399	0.01931	0.00653	0.00571
25	0.00850	0.00607	0.00810	0.00972	0.01012	0.00567	0.00648	0.00972	0.01336	0.01781	0.03846	0.75020	0.04615	0.02186	0.00891	0.00283	0.00405	0.01984	0.00648	0.00567
26	0.02378	0.01744	0.01881	0.01482	0.01952	0.01917	0.01194	0.57820	0.02934	0.03931	0.01860	0.06408	0.01531	0.08485	0.00999	0.00261	0.00737	0.00750	0.00667	0.01072
27	0.12505	0.00759	0.00867	0.00951	0.01056	0.00768	0.00650	0.02852	0.01320	0.01986	0.03149	0.52850	0.03685	0.11864	0.01180	0.00325	0.00471	0.01584	0.00587	0.00590
28	0.00997	0.00748	0.01121	0.01121	0.01246	0.00872	0.00872	0.01246	0.01121	0.01620	0.01869	0.02741	0.01745	0.05234	0.72710	0.01121	0.01869	0.00748	0.00374	0.00623
29	0.02809	0.01464	0.05505	0.01478	0.05121	0.01284	0.01203	0.15292	0.02187	0.49811	0.04803	0.02267	0.01724	0.00857	0.00703	0.00215	0.00651	0.00694	0.00775	0.01157
30	0.01738	0.01680	0.02646	0.15248	0.54616	0.04967	0.02041	0.04654	0.01640	0.02254	0.01304	0.01725	0.01071	0.00647	0.00689	0.00210	0.00863	0.00614	0.00354	0.01042
31	0.02186	0.01768	0.11889	0.01441	0.01974	0.01532	0.01303	0.27972	0.07821	0.17830	0.06499	0.07929	0.04684	0.01003	0.00722	0.00222	0.00681	0.00817	0.00674	0.01054
32	0.26519	0.01870	0.15732	0.07118	0.15689	0.01597	0.06789	0.02100	0.01402	0.04908	0.01253	0.01552	0.00969	0.00700	0.00723	0.00222	0.06100	0.00542	0.03308	0.00906
33	0.01783	0.45338	0.07387	0.11917	0.02331	0.07773	0.01417	0.03877	0.01479	0.01781	0.01082	0.01358	0.00938	0.00831	0.03095	0.00213	0.05755	0.00460	0.00319	0.00870
34	0.00899	0.00650	0.00849	0.00984	0.01061	0.00611	0.00699	0.01056	0.01405	0.01852	0.06263	0.54371	0.10084	0.04992	0.00999	0.00298	0.00443	0.11264	0.00642	0.00577

[dist]
# distance from previous block
# <min> <max>
0	35

[block]
# block no. 4 follows, 30 sequences, length 11
# corresponding to MSA columns:
# 351-361
name=unknown_E
#
# <colnr> <probs for GDERKNQSTAVLIFYWHMCP>
#	G	D	E	R	K	N	Q	S	T	A	V	L	I	F	Y	W	H	M	C	P
0	0.13795	0.13272	0.10140	0.01195	0.01689	0.03491	0.01109	0.04536	0.01724	0.14801	0.19702	0.02508	0.02535	0.00885	0.00634	0.00198	0.00614	0.00697	0.00566	0.05910
1	0.02281	0.06154	0.10464	0.01572	0.02141	0.01986	0.01413	0.50109	0.02747	0.03703	0.01694	0.04980	0.01320	0.01117	0.04843	0.00263	0.00846	0.00668	0.00606	0.01091
2	0.01213	0.00745	0.00986	0.00944	0.01124	0.00681	0.00700	0.01485	0.01824	0.10835	0.46507	0.21631	0.05527	0.01541	0.00825	0.00234	0.00379	0.01368	0.00751	0.00700
3	0.01575	0.01719	0.09050	0.10432	0.42024	0.01554	0.09811	0.02040	0.01568	0.02196	0.01598	0.02475	0.01413	0.00786	0.00737	0.00228	0.00876	0.08555	0.00374	0.00991
4	0.01361	0.01262	0.01858	0.44502	0.10416	0.05856	0.01604	0.01681	0.01399	0.01776	0.01629	0.12906	0.01529	0.01074	0.00907	0.07491	0.00832	0.00815	0.00367	0.00736
5	0.03888	0.00913	0.01227	0.01316	0.09076	0.00866	0.00876	0.01705	0.03954	0.10421	0.43241	0.08091	0.09077	0.01294	0.00782	0.00223	0.00435	0.01135	0.00704	0.00776
6	0.01015	0.00677	0.00761	0.00761	0.00761	0.00677	0.00423	0.01015	0.01015	0.01353	0.02199	0.04567	0.02537	0.75476	0.03552	0.00677	0.00677	0.01015	0.00423	0.00423
7	0.09395	0.12084	0.12572	0.01620	0.05156	0.04729	0.07071	0.10625	0.06579	0.06775	0.09980	0.06722	0.01999	0.00890	0.00668	0.00213	0.00740	0.00739	0.00513	0.00932
8	0.01464	0.13625	0.62410	0.01879	0.02850	0.01779	0.02386	0.02193	0.01466	0.02131	0.01213	0.01424	0.00886	0.00654	0.00633	0.00211	0.00992	0.00496	0.00295	0.01012
9	0.00901	0.00747	0.00800	0.00822	0.01044	0.00662	0.00633	0.01169	0.04490	0.01948	0.06297	0.10620	0.56046	0.01776	0.00840	0.00249	0.00400	0.09290	0.00650	0.00616
10	0.15641	0.04991	0.28303	0.04695	0.15730	0.01618	0.05900	0.02161	0.01469	0.06201	0.01468	0.01704	0.03166	0.00712	0.00694	0.00219	0.03415	0.00572	0.00376	0.00963

[dist]
# distance from previous block
# <min> <max>
0	4

[block]
# block no. 5 follows, 30 sequences, length 13
# corresponding to MSA columns:
# 366-378
name=unknown_F
#
# <colnr> <probs for GDERKNQSTAVLIFYWHMCP>
#	G	D	E	R	K	N	Q	S	T	A	V	L	I	F	Y	W	H	M	C	P
0	0.01870	0.05171	0.27010	0.01737	0.03719	0.22596	0.01696	0.05326	0.05133	0.03990	0.01526	0.01760	0.02572	0.02439	0.02310	0.00236	0.04762	0.00565	0.04670	0.00912
1	0.01755	0.01231	0.01479	0.01072	0.01677	0.00948	0.00863	0.02058	0.01548	0.14974	0.01517	0.01617	0.01161	0.00580	0.00551	0.00124	0.00531	0.00466	0.00496	0.65352
2	0.01866	0.75896	0.03657	0.01194	0.01791	0.02761	0.01194	0.02090	0.01418	0.01642	0.00970	0.01119	0.00896	0.00597	0.00448	0.00149	0.00746	0.00373	0.00299	0.00896
3	0.01054	0.03281	0.00992	0.00858	0.01069	0.00725	0.00657	0.01338	0.01859	0.05027	0.49625	0.05355	0.22649	0.01465	0.00806	0.00221	0.00359	0.01265	0.00725	0.00668
4	0.00996	0.00738	0.01070	0.01060	0.01186	0.00824	0.00812	0.01248	0.01273	0.01823	0.14503	0.03281	0.02669	0.07892	0.56238	0.00935	0.01530	0.00855	0.00448	0.00620
5	0.02504	0.01840	0.01981	0.01557	0.02085	0.02040	0.01274	0.54243	0.15426	0.06830	0.01932	0.01874	0.01381	0.00859	0.00700	0.00215	0.00721	0.00661	0.00707	0.01172
6	0.01152	0.00674	0.01020	0.03899	0.01167	0.00724	0.00739	0.01045	0.00992	0.01357	0.01410	0.02297	0.01361	0.03198	0.23642	0.52934	0.00998	0.00649	0.00325	0.00418
7	0.01832	0.01478	0.01581	0.01408	0.01812	0.01687	0.01099	0.03687	0.65175	0.07663	0.02834	0.02588	0.02102	0.00941	0.00709	0.00235	0.00555	0.00783	0.00721	0.01110
8	0.02033	0.01463	0.01609	0.01396	0.01825	0.01625	0.01100	0.06636	0.54377	0.15569	0.02771	0.02519	0.02013	0.00927	0.00708	0.00232	0.00570	0.00766	0.00738	0.01124
9	0.00877	0.00625	0.00831	0.00976	0.01028	0.00588	0.00665	0.01016	0.01373	0.01836	0.07295	0.65503	0.04617	0.04625	0.00981	0.00295	0.00422	0.05231	0.00646	0.00571
10	0.00873	0.00646	0.00819	0.00931	0.01025	0.00592	0.00652	0.01035	0.01458	0.01914	0.10840	0.52294	0.16904	0.02023	0.00876	0.00271	0.00401	0.05204	0.00659	0.00584
11	0.02653	0.01955	0.02094	0.01606	0.02164	0.02164	0.01326	0.68796	0.03281	0.04398	0.01675	0.01675	0.01187	0.00838	0.00698	0.00209	0.00768	0.00628	0.00698	0.01187
12	0.17246	0.01282	0.01551	0.01213	0.01735	0.01221	0.01002	0.08676	0.01957	0.53387	0.02336	0.02089	0.01504	0.00822	0.00652	0.00215	0.00599	0.00636	0.00771	0.01108

[dist]
# distance from previous block
# <min> <max>
0	2

[block]
# block no. 6 follows, 30 sequences, length 20
# corresponding to MSA columns:
# 381-400
name=unknown_G
#
# <colnr> <probs for GDERKNQSTAVLIFYWHMCP>
#	G	D	E	R	K	N	Q	S	T	A	V	L	I	F	Y	W	H	M	C	P
0	0.01466	0.00946	0.00957	0.00882	0.01100	0.04089	0.00679	0.09876	0.01741	0.02727	0.09857	0.02734	0.02213	0.01231	0.06270	0.00251	0.00544	0.00715	0.50999	0.00722
1	0.01975	0.01323	0.01506	0.01320	0.01697	0.01427	0.01041	0.08887	0.36226	0.17124	0.02739	0.03190	0.02190	0.08487	0.01017	0.00282	0.00601	0.07247	0.00706	0.01015
2	0.01747	0.01717	0.02749	0.08070	0.63992	0.05154	0.02091	0.02153	0.01597	0.02224	0.01297	0.01712	0.01085	0.00631	0.00688	0.00207	0.00856	0.00613	0.00344	0.01072
3	0.00879	0.00628	0.00842	0.01004	0.01057	0.00591	0.00697	0.01021	0.01364	0.01813	0.03830	0.68045	0.04553	0.02159	0.00898	0.00287	0.00430	0.08678	0.00647	0.00575
4	0.65591	0.01380	0.01163	0.01010	0.01455	0.01567	0.00828	0.06003	0.05269	0.08483	0.01255	0.01344	0.00933	0.00692	0.00483	0.00217	0.00558	0.00440	0.00496	0.00833
5	0.03815	0.14291	0.21050	0.01798	0.02306	0.01953	0.08765	0.01963	0.01327	0.01961	0.01093	0.01466	0.00924	0.00833	0.01210	0.00232	0.27169	0.00547	0.00318	0.06979
6	0.00955	0.00717	0.00876	0.00856	0.01031	0.00652	0.00647	0.01223	0.01786	0.02408	0.44001	0.05801	0.23864	0.05767	0.00990	0.00258	0.00380	0.06460	0.00705	0.00625
7	0.12704	0.27513	0.23565	0.01443	0.02129	0.02012	0.01540	0.07333	0.06857	0.04978	0.01328	0.01441	0.01025	0.00677	0.00561	0.00193	0.00779	0.00482	0.00402	0.03038
8	0.01198	0.06896	0.01439	0.01210	0.01373	0.05193	0.00963	0.01427	0.01187	0.01624	0.01689	0.02486	0.01587	0.06263	0.55525	0.00916	0.07303	0.00698	0.00363	0.00660
9	0.03131	0.01188	0.01619	0.01242	0.01781	0.01026	0.01026	0.03401	0.01997	0.71606	0.02753	0.02375	0.01727	0.00864	0.00702	0.00216	0.00594	0.00702	0.00864	0.01188
10	0.01229	0.00717	0.00828	0.02831	0.01035	0.00730	0.00609	0.04255	0.01416	0.02235	0.02416	0.16488	0.02305	0.08817	0.03245	0.06560	0.00480	0.00938	0.42255	0.00610
11	0.01508	0.02427	0.31137	0.02439	0.14505	0.01744	0.11116	0.02041	0.01432	0.02112	0.03437	0.01706	0.01137	0.00809	0.01100	0.00241	0.19202	0.00623	0.00329	0.00953
12	0.01012	0.00702	0.00923	0.00943	0.01083	0.00651	0.00699	0.01272	0.01743	0.04325	0.41241	0.25981	0.08077	0.01689	0.00851	0.00247	0.00386	0.06812	0.00721	0.00642
13	0.00999	0.00670	0.00766	0.00781	0.00785	0.00666	0.00444	0.01011	0.01046	0.01394	0.02357	0.11352	0.02737	0.68417	0.03295	0.00639	0.00650	0.01108	0.00444	0.00437
14	0.08177	0.62385	0.03259	0.01210	0.01777	0.06694	0.01161	0.02186	0.01459	0.04905	0.01057	0.01185	0.00922	0.00620	0.00469	0.00159	0.00753	0.00393	0.00338	0.00892
15	0.01516	0.02083	0.20880	0.11414	0.26166	0.01578	0.13712	0.02105	0.03620	0.02213	0.03833	0.02056	0.04214	0.00721	0.00718	0.00221	0.00910	0.00691	0.00367	0.00981
16	0.01103	0.00826	0.01071	0.01182	0.01371	0.00817	0.01010	0.01494	0.05611	0.02098	0.04290	0.07341	0.16691	0.01839	0.00922	0.00300	0.00582	0.50144	0.00648	0.00659
17	0.01553	0.01303	0.01504	0.01084	0.01698	0.01038	0.00871	0.07626	0.01608	0.02460	0.01278	0.01467	0.01047	0.00545	0.00533	0.00113	0.00539	0.00432	0.00438	0.72864
18	0.07798	0.05623	0.12936	0.08197	0.20558	0.01647	0.11819	0.04968	0.01543	0.02263	0.01542	0.08207	0.01387	0.00852	0.00808	0.00230	0.05857	0.02452	0.00388	0.00926
19	0.11569	0.01325	0.01909	0.37077	0.13551	0.01530	0.01606	0.07220	0.04340	0.02346	0.01519	0.02158	0.01233	0.00780	0.00667	0.00226	0.00786	0.04462	0.04842	0.00853

[dist]
# distance from previous block
# <min> <max>
0	10

[block]
# block no. 7 follows, 30 sequences, length 16
# corresponding to MSA columns:
# 411-426
name=unknown_H
#
# <colnr> <probs for GDERKNQSTAVLIFYWHMCP>
#	G	D	E	R	K	N	Q	S	T	A	V	L	I	F	Y	W	H	M	C	P
0	0.01926	0.24860	0.12930	0.01557	0.02037	0.26787	0.01438	0.02214	0.01588	0.01769	0.01459	0.01668	0.05333	0.00938	0.03104	0.00224	0.08453	0.00527	0.00344	0.00844
1	0.01186	0.00862	0.03416	0.00980	0.01206	0.00719	0.00764	0.01476	0.01776	0.08532	0.42281	0.21048	0.05151	0.01473	0.00804	0.00227	0.00406	0.01304	0.00710	0.05681
2	0.02661	0.01277	0.05165	0.01234	0.01761	0.01035	0.01057	0.03024	0.04175	0.54021	0.09680	0.02572	0.02159	0.00892	0.00701	0.00210	0.00582	0.00735	0.00790	0.06269
3	0.01014	0.00736	0.00918	0.00854	0.01049	0.00665	0.00643	0.01327	0.01876	0.02665	0.56301	0.05008	0.12605	0.01376	0.00786	0.00212	0.00341	0.01201	0.05684	0.04737
4	0.01198	0.00615	0.00923	0.00923	0.00931	0.00624	0.00624	0.00931	0.00923	0.01239	0.01255	0.02162	0.01247	0.02608	0.07313	0.74548	0.00689	0.00615	0.00308	0.00324
5	0.02607	0.03326	0.01978	0.01798	0.02157	0.72674	0.01348	0.02787	0.01978	0.01708	0.01079	0.01258	0.00899	0.00719	0.00629	0.00180	0.01258	0.00449	0.00360	0.00809
6	0.02953	0.01148	0.01562	0.01211	0.01720	0.00995	0.00995	0.03228	0.01995	0.65898	0.08394	0.02611	0.02130	0.00910	0.00712	0.00216	0.00572	0.00748	0.00856	0.01144
7	0.01042	0.00764	0.01011	0.01110	0.01279	0.00734	0.00931	0.01332	0.01654	0.02160	0.15334	0.10022	0.15395	0.01829	0.00915	0.00289	0.00534	0.42367	0.00664	0.00633
8	0.00844	0.00708	0.00734	0.00727	0.00954	0.00597	0.00545	0.01039	0.01636	0.01994	0.14653	0.06537	0.63188	0.01727	0.00825	0.00234	0.00351	0.01448	0.00662	0.00597
9	0.01736	0.01499	0.01578	0.01420	0.01815	0.01736	0.01105	0.03708	0.69862	0.02919	0.02840	0.02604	0.02130	0.00947	0.00710	0.00237	0.00552	0.00789	0.00710	0.01105
10	0.80405	0.01350	0.01026	0.00918	0.01350	0.01565	0.00756	0.02051	0.01188	0.03131	0.00972	0.01134	0.00756	0.00648	0.00432	0.00216	0.00540	0.00378	0.00432	0.00756
11	0.01386	0.00733	0.00741	0.00711	0.00898	0.00746	0.00541	0.05854	0.01578	0.02715	0.02239	0.02543	0.01751	0.00815	0.00501	0.00166	0.00353	0.00649	0.74399	0.00684
12	0.02324	0.01240	0.01658	0.01598	0.09130	0.01202	0.01169	0.08193	0.09308	0.35468	0.07283	0.03348	0.02357	0.01054	0.00751	0.00234	0.00619	0.11281	0.00736	0.01046
13	0.04838	0.19237	0.54033	0.01771	0.02682	0.01866	0.02200	0.02177	0.01449	0.02125	0.01179	0.01382	0.00881	0.00648	0.00606	0.00205	0.00949	0.00479	0.00301	0.00990
14	0.02560	0.02709	0.02081	0.01906	0.07099	0.42011	0.01397	0.26684	0.02423	0.02725	0.01312	0.01443	0.01018	0.00755	0.00659	0.00192	0.01050	0.00527	0.00481	0.00967
15	0.65647	0.01303	0.01173	0.04105	0.05852	0.01491	0.00879	0.01951	0.01198	0.02863	0.01024	0.01283	0.00823	0.00796	0.00649	0.06809	0.00579	0.00422	0.00411	0.00741

[dist]
# distance from previous block
# <min> <max>
0	1

[block]
# block no. 8 follows, 30 sequences, length 32
# corresponding to MSA columns:
# 428-459
name=unknown_I
#
# <colnr> <probs for GDERKNQSTAVLIFYWHMCP>
#	G	D	E	R	K	N	Q	S	T	A	V	L	I	F	Y	W	H	M	C	P
0	0.01432	0.01242	0.01551	0.04951	0.01660	0.06753	0.01144	0.01653	0.01244	0.04620	0.01534	0.02201	0.01385	0.05040	0.27928	0.00590	0.26417	0.00670	0.07274	0.00712
1	0.01497	0.08337	0.31239	0.01944	0.06160	0.01801	0.05010	0.02023	0.03075	0.02060	0.04026	0.01673	0.01186	0.00845	0.01127	0.00234	0.22150	0.00584	0.00339	0.04687
2	0.25293	0.15236	0.25673	0.01401	0.02013	0.01758	0.01498	0.05177	0.01394	0.02376	0.01121	0.01381	0.00894	0.00843	0.00817	0.07640	0.03808	0.00467	0.00357	0.00853
3	0.01051	0.00855	0.00971	0.00928	0.01128	0.00854	0.00693	0.01513	0.11670	0.02218	0.22164	0.09172	0.31575	0.07400	0.01096	0.00272	0.03840	0.01270	0.00655	0.00677
4	0.22299	0.01341	0.01542	0.01215	0.01730	0.01328	0.01003	0.12704	0.01985	0.44651	0.02151	0.01963	0.01406	0.00806	0.00634	0.00215	0.00606	0.00610	0.00732	0.01080
5	0.00933	0.00674	0.00790	0.00836	0.00918	0.00633	0.00554	0.01042	0.01322	0.01719	0.08645	0.23559	0.18641	0.31393	0.01941	0.00427	0.00508	0.04374	0.00566	0.00524
6	0.21418	0.15368	0.10492	0.04133	0.06735	0.22347	0.01365	0.02303	0.01576	0.04251	0.03424	0.01445	0.01088	0.00693	0.00568	0.00194	0.00872	0.00478	0.00384	0.00863
7	0.00951	0.00701	0.00929	0.01093	0.03129	0.00687	0.00725	0.01170	0.04448	0.01817	0.03481	0.56747	0.04053	0.08802	0.04354	0.00354	0.00526	0.04823	0.00609	0.00600
8	0.01015	0.00677	0.00761	0.00761	0.00761	0.00677	0.00423	0.01015	0.01015	0.01353	0.02199	0.04567	0.02537	0.75476	0.03552	0.00677	0.00677	0.01015	0.00423	0.00423
9	0.04634	0.01459	0.02339	0.30782	0.16007	0.04877	0.12970	0.01946	0.01488	0.02078	0.01378	0.01869	0.01087	0.00875	0.03970	0.00256	0.00932	0.00638	0.06834	0.03580
10	0.01532	0.17982	0.35496	0.18918	0.03188	0.01867	0.05165	0.04388	0.01514	0.02067	0.01213	0.01518	0.00916	0.00660	0.00635	0.00209	0.00945	0.00529	0.00316	0.00943
11	0.01124	0.00803	0.01124	0.01285	0.01446	0.00803	0.01124	0.01446	0.01606	0.02088	0.03695	0.07871	0.04016	0.01928	0.00964	0.00321	0.00643	0.66426	0.00643	0.00643
12	0.01477	0.01427	0.02159	0.04766	0.02017	0.01844	0.09541	0.01697	0.01178	0.01796	0.01190	0.01897	0.01124	0.06756	0.02006	0.00311	0.51093	0.00671	0.06300	0.00751
13	0.01326	0.01313	0.06001	0.21835	0.19937	0.01277	0.03163	0.01720	0.03764	0.01921	0.02048	0.08718	0.04415	0.15035	0.01270	0.00318	0.00778	0.03960	0.00410	0.00792
14	0.01012	0.00726	0.00958	0.01075	0.01179	0.00707	0.00803	0.04174	0.01539	0.02051	0.08444	0.49355	0.04445	0.02005	0.00896	0.00285	0.00478	0.18591	0.00657	0.00621
15	0.71904	0.03936	0.01184	0.00994	0.01426	0.07029	0.00815	0.02109	0.01255	0.02974	0.00980	0.01143	0.00771	0.00652	0.00447	0.00211	0.00601	0.00383	0.00422	0.00764
16	0.00969	0.00706	0.00903	0.00864	0.01023	0.00649	0.00639	0.01265	0.01879	0.02624	0.60026	0.08554	0.11401	0.04297	0.00930	0.00241	0.00348	0.01303	0.00740	0.00640
17	0.05206	0.01346	0.02212	0.47876	0.23172	0.01552	0.01907	0.01883	0.01448	0.01999	0.01345	0.02026	0.01093	0.00723	0.00694	0.00228	0.00872	0.03217	0.00339	0.00862
18	0.01580	0.01291	0.01775	0.06062	0.01848	0.01599	0.01267	0.01807	0.01260	0.08211	0.01355	0.01826	0.01161	0.01413	0.08335	0.00333	0.40436	0.00612	0.07417	0.10412
19	0.01866	0.75896	0.03657	0.01194	0.01791	0.02761	0.01194	0.02090	0.01418	0.01642	0.00970	0.01119	0.00896	0.00597	0.00448	0.00149	0.00746	0.00373	0.00299	0.00896
20	0.02208	0.02611	0.02157	0.02476	0.22513	0.45478	0.01543	0.02463	0.01789	0.01870	0.01216	0.01524	0.01033	0.01077	0.06827	0.00269	0.01184	0.00526	0.00357	0.00881
21	0.01000	0.00737	0.01068	0.01068	0.01175	0.00843	0.00806	0.01212	0.01106	0.01581	0.01918	0.03010	0.01861	0.15588	0.62516	0.01056	0.01693	0.00787	0.00381	0.00594
22	0.13925	0.01628	0.01724	0.01400	0.01891	0.01793	0.01137	0.31384	0.21464	0.13373	0.02052	0.01956	0.01465	0.00844	0.00663	0.00219	0.00649	0.00647	0.00686	0.01100
23	0.01088	0.00696	0.00818	0.00815	0.00846	0.00692	0.00487	0.01121	0.01086	0.04298	0.02334	0.09887	0.02628	0.63323	0.06529	0.00648	0.00709	0.01065	0.00456	0.00475
24	0.03047	0.01230	0.01634	0.01263	0.01797	0.01100	0.01040	0.05736	0.05287	0.65938	0.02719	0.02361	0.01727	0.00867	0.00702	0.00217	0.00598	0.00703	0.00850	0.01184
25	0.02207	0.01645	0.01748	0.01420	0.01878	0.01833	0.01147	0.41192	0.21688	0.03733	0.02086	0.02065	0.01535	0.00865	0.00672	0.00211	0.00646	0.00676	0.11663	0.01089
26	0.00980	0.00718	0.00926	0.00908	0.01075	0.00663	0.00695	0.01285	0.01871	0.02589	0.54421	0.08506	0.12684	0.01546	0.00841	0.00235	0.00368	0.08305	0.00738	0.00646
27	0.00850	0.00607	0.00810	0.00972	0.01012	0.00567	0.00648	0.00972	0.01336	0.01781	0.03846	0.75020	0.04615	0.02186	0.00891	0.00283	0.00405	0.01984	0.00648	0.00567
28	0.02653	0.01955	0.02094	0.01606	0.02164	0.02164	0.01326	0.68796	0.03281	0.04398	0.01675	0.01675	0.01187	0.00838	0.00698	0.00209	0.00768	0.00628	0.00698	0.01187
29	0.07061	0.00817	0.01000	0.01069	0.01221	0.00825	0.00811	0.04023	0.04741	0.02255	0.13132	0.38246	0.04224	0.01792	0.00846	0.00272	0.00478	0.15872	0.00653	0.00661
30	0.01301	0.00650	0.00650	0.00650	0.00813	0.00650	0.00488	0.01626	0.01463	0.02602	0.02276	0.02602	0.01789	0.00813	0.00488	0.00163	0.00325	0.00650	0.79350	0.00650
31	0.02102	0.09814	0.01979	0.01553	0.04947	0.13589	0.01205	0.24618	0.05241	0.05501	0.01632	0.01853	0.01294	0.01531	0.12716	0.00351	0.02857	0.00602	0.05671	0.00945

[dist]
# distance from previous block
# <min> <max>
0	4

[block]
# block no. 9 follows, 30 sequences, length 46
# corresponding to MSA columns:
# 464-509
name=unknown_J
#
# <colnr> <probs for GDERKNQSTAVLIFYWHMCP>
#	G	D	E	R	K	N	Q	S	T	A	V	L	I	F	Y	W	H	M	C	P
0	0.00942	0.00978	0.08854	0.01061	0.01246	0.00720	0.00869	0.01170	0.01413	0.01910	0.09451	0.46844	0.10026	0.05082	0.04110	0.00321	0.00546	0.03235	0.00597	0.00628
1	0.17907	0.44169	0.12589	0.01256	0.01853	0.05419	0.01280	0.02112	0.01406	0.02068	0.01066	0.01237	0.00900	0.00631	0.00485	0.00175	0.00751	0.00409	0.03414	0.00873
2	0.01000	0.00682	0.00818	0.00829	0.00850	0.00698	0.00505	0.01046	0.01053	0.01423	0.02268	0.09316	0.02568	0.59921	0.13537	0.00714	0.00833	0.01045	0.00432	0.00463
3	0.75359	0.01339	0.01064	0.00939	0.01378	0.01530	0.00773	0.02139	0.01240	0.07603	0.01088	0.01215	0.00819	0.00662	0.00449	0.00216	0.00543	0.00399	0.00460	0.00784
4	0.01373	0.01265	0.02075	0.48140	0.17242	0.01469	0.01804	0.01861	0.04137	0.01979	0.04325	0.05284	0.01529	0.00839	0.00722	0.00233	0.00837	0.03671	0.00380	0.00834
5	0.01724	0.01847	0.05635	0.02685	0.03314	0.01752	0.55157	0.02251	0.01603	0.06705	0.01442	0.01865	0.01082	0.00676	0.00968	0.00241	0.08947	0.00784	0.00380	0.00941
6	0.00982	0.00709	0.00928	0.00882	0.01041	0.00655	0.00658	0.01303	0.01950	0.02758	0.68116	0.07966	0.06507	0.01457	0.00826	0.00222	0.00332	0.01290	0.00763	0.00655
7	0.01537	0.01557	0.02307	0.01927	0.01988	0.02105	0.07277	0.01727	0.01118	0.01727	0.00959	0.01557	0.00928	0.01167	0.02164	0.00299	0.67937	0.00629	0.00309	0.00779
8	0.02528	0.01752	0.01902	0.01482	0.01996	0.01913	0.01217	0.53876	0.06648	0.09926	0.01883	0.01865	0.01336	0.00844	0.00681	0.00207	0.00703	0.00645	0.07457	0.01136
9	0.00981	0.00705	0.00919	0.01027	0.01118	0.00679	0.00734	0.04291	0.01527	0.02049	0.10884	0.56588	0.04596	0.02012	0.00882	0.00277	0.00441	0.09012	0.00662	0.00615
10	0.01173	0.00756	0.00985	0.00903	0.01105	0.00688	0.00686	0.01491	0.01960	0.08952	0.61845	0.05023	0.08960	0.01391	0.00812	0.00220	0.00354	0.01221	0.00772	0.00703
11	0.00948	0.00765	0.00848	0.00831	0.01038	0.00708	0.00617	0.01287	0.06831	0.02121	0.20061	0.08628	0.42353	0.05487	0.04102	0.00295	0.00448	0.01341	0.00656	0.00636
12	0.01707	0.01638	0.02796	0.07675	0.67887	0.01653	0.02132	0.02124	0.01580	0.02256	0.01309	0.01734	0.01097	0.00625	0.00691	0.00208	0.00834	0.00622	0.00344	0.01089
13	0.02217	0.01547	0.01707	0.01430	0.01890	0.01701	0.01142	0.18959	0.41272	0.16352	0.02550	0.02342	0.01832	0.00905	0.00706	0.00226	0.00611	0.00735	0.00737	0.01140
14	0.80405	0.01350	0.01026	0.00918	0.01350	0.01565	0.00756	0.02051	0.01188	0.03131	0.00972	0.01134	0.00756	0.00648	0.00432	0.00216	0.00540	0.00378	0.00432	0.00756
15	0.01054	0.00737	0.00874	0.00872	0.00933	0.00751	0.00560	0.04091	0.01206	0.01612	0.02621	0.13430	0.06527	0.48841	0.12365	0.00640	0.00790	0.01112	0.00470	0.00513
16	0.01033	0.00751	0.00938	0.01029	0.01122	0.00743	0.00709	0.06286	0.04316	0.02010	0.03563	0.63188	0.04155	0.05364	0.00989	0.00294	0.00451	0.01786	0.00644	0.00630
17	0.12912	0.03138	0.01189	0.07421	0.01510	0.01013	0.00828	0.04243	0.01754	0.07297	0.35139	0.03821	0.07979	0.04753	0.00850	0.00238	0.00479	0.00963	0.03743	0.00731
18	0.01620	0.01327	0.05121	0.34870	0.16288	0.01354	0.01691	0.01996	0.01506	0.11863	0.01744	0.05214	0.01454	0.00949	0.00837	0.04759	0.00808	0.05304	0.00431	0.00864
19	0.06036	0.01362	0.01560	0.01239	0.01732	0.01342	0.01001	0.16692	0.12587	0.22848	0.05157	0.02331	0.04550	0.00855	0.00659	0.00196	0.00579	0.00684	0.02777	0.15816
20	0.02653	0.01955	0.02094	0.01606	0.02164	0.02164	0.01326	0.68796	0.03281	0.04398	0.01675	0.01675	0.01187	0.00838	0.00698	0.00209	0.00768	0.00628	0.00698	0.01187
21	0.00988	0.00713	0.00933	0.00878	0.01043	0.00658	0.00658	0.01317	0.01975	0.02798	0.70754	0.05213	0.06584	0.01427	0.00823	0.00219	0.00329	0.01262	0.00768	0.00658
22	0.00962	0.00733	0.00887	0.00863	0.01044	0.00675	0.00641	0.01297	0.04538	0.02466	0.44871	0.12064	0.23243	0.01569	0.00825	0.00230	0.00352	0.01367	0.00723	0.00649
23	0.02550	0.03207	0.01951	0.01773	0.02135	0.68042	0.01332	0.02847	0.06411	0.01787	0.01194	0.01346	0.00979	0.00734	0.00634	0.00183	0.01212	0.00472	0.00382	0.00828
24	0.03009	0.01383	0.01740	0.01334	0.01879	0.01315	0.01102	0.20036	0.02324	0.54510	0.02479	0.02197	0.01590	0.00857	0.00701	0.00214	0.00638	0.00683	0.00822	0.01187
25	0.00965	0.00643	0.00850	0.00971	0.01048	0.00593	0.00662	0.01104	0.01403	0.05215	0.06525	0.66227	0.07016	0.02077	0.00876	0.00276	0.00409	0.01874	0.00663	0.00601
26	0.00854	0.00679	0.00767	0.00807	0.00976	0.00592	0.00582	0.01035	0.01568	0.01978	0.14721	0.26385	0.42907	0.01843	0.00844	0.00247	0.00365	0.01593	0.00664	0.00592
27	0.01736	0.01499	0.01578	0.01420	0.01815	0.01736	0.01105	0.03708	0.69862	0.02919	0.02840	0.02604	0.02130	0.00947	0.00710	0.00237	0.00552	0.00789	0.00710	0.01105
28	0.01124	0.00803	0.01124	0.01285	0.01446	0.00803	0.01124	0.01446	0.01606	0.02088	0.03695	0.07871	0.04016	0.01928	0.00964	0.00321	0.00643	0.66426	0.00643	0.00643
29	0.00997	0.00748	0.01121	0.01121	0.01246	0.00872	0.00872	0.01246	0.01121	0.01620	0.01869	0.02741	0.01745	0.05234	0.72710	0.01121	0.01869	0.00748	0.00374	0.00623
30	0.01015	0.00677	0.00761	0.00761	0.00761	0.00677	0.00423	0.01015	0.01015	0.01353	0.02199	0.04567	0.02537	0.75476	0.03552	0.00677	0.00677	0.01015	0.00423	0.00423
31	0.02510	0.07905	0.02141	0.01891	0.06061	0.60707	0.01382	0.05847	0.01981	0.01864	0.01113	0.01296	0.00924	0.00711	0.00624	0.00181	0.01177	0.00463	0.00371	0.00850
32	0.04400	0.00795	0.00834	0.03754	0.01097	0.00817	0.00612	0.05887	0.01545	0.02519	0.02678	0.03083	0.09534	0.07177	0.00803	0.00222	0.00420	0.00761	0.52396	0.00668
33	0.34723	0.02024	0.19759	0.06497	0.08401	0.03206	0.08472	0.02075	0.01393	0.02553	0.01393	0.01633	0.03776	0.00695	0.00593	0.00220	0.00792	0.00544	0.00380	0.00872
34	0.02035	0.08387	0.01807	0.01517	0.05401	0.27695	0.01127	0.14284	0.02034	0.02456	0.07663	0.04010	0.05668	0.00895	0.00643	0.00191	0.00817	0.00679	0.11844	0.00847
35	0.04803	0.05724	0.01161	0.00932	0.01159	0.00861	0.00725	0.01538	0.01874	0.07767	0.54785	0.07872	0.05493	0.01331	0.00775	0.00217	0.00389	0.01156	0.00723	0.00713
36	0.04344	0.01473	0.15398	0.01182	0.01556	0.03823	0.01105	0.01797	0.01646	0.10507	0.23526	0.08689	0.03401	0.09425	0.01047	0.00274	0.00605	0.03817	0.05612	0.00772
37	0.05364	0.54841	0.10255	0.01343	0.01950	0.10218	0.01337	0.04422	0.01537	0.01865	0.01035	0.01190	0.00898	0.00627	0.00497	0.00165	0.00823	0.00405	0.00324	0.00904
38	0.06610	0.01195	0.01593	0.01227	0.01762	0.01050	0.01013	0.03340	0.01961	0.68523	0.02673	0.02319	0.01684	0.00854	0.00690	0.00216	0.00591	0.00687	0.00844	0.01168
39	0.03115	0.00796	0.01018	0.05030	0.01254	0.00901	0.00762	0.01406	0.01228	0.01944	0.01945	0.02868	0.01783	0.16262	0.25599	0.00597	0.05774	0.00740	0.26364	0.00616
40	0.08023	0.01811	0.21419	0.10146	0.12101	0.01293	0.04299	0.01791	0.03139	0.02135	0.02090	0.24497	0.02111	0.01139	0.00730	0.00240	0.00748	0.01008	0.00438	0.00842
41	0.01071	0.00729	0.00957	0.00896	0.01072	0.00670	0.00673	0.01391	0.01955	0.05601	0.65699	0.07446	0.06318	0.01429	0.00820	0.00221	0.00343	0.01263	0.00768	0.00677
42	0.01007	0.00673	0.00763	0.00771	0.00773	0.00671	0.00434	0.01013	0.01030	0.01374	0.02279	0.07987	0.02638	0.71918	0.03423	0.00657	0.00663	0.01062	0.00434	0.00430
43	0.05327	0.14742	0.57796	0.01813	0.02748	0.01795	0.02274	0.02183	0.01451	0.02167	0.01195	0.01402	0.00880	0.00652	0.00618	0.00210	0.00963	0.00487	0.00302	0.00997
44	0.05152	0.05985	0.61335	0.01836	0.02766	0.01597	0.02315	0.02140	0.01490	0.02271	0.05767	0.01688	0.01251	0.00710	0.00654	0.00218	0.00952	0.00553	0.00332	0.00989
45	0.07504	0.01151	0.01436	0.01189	0.01618	0.01103	0.00962	0.02925	0.12828	0.41463	0.14301	0.03044	0.02653	0.01003	0.00717	0.00224	0.00540	0.03519	0.00785	0.01033

[dist]
# distance from previous block
# <min> <max>
1	5

[block]
# block no. 10 follows, 30 sequences, length 19
# corresponding to MSA columns:
# 515-533
name=unknown_K
#
# <colnr> <probs for GDERKNQSTAVLIFYWHMCP>
#	G	D	E	R	K	N	Q	S	T	A	V	L	I	F	Y	W	H	M	C	P
0	0.04723	0.01077	0.01533	0.27683	0.02575	0.01265	0.01256	0.01637	0.01323	0.02004	0.01600	0.06035	0.01395	0.01424	0.09944	0.00332	0.10499	0.00686	0.14903	0.08109
1	0.01866	0.75896	0.03657	0.01194	0.01791	0.02761	0.01194	0.02090	0.01418	0.01642	0.00970	0.01119	0.00896	0.00597	0.00448	0.00149	0.00746	0.00373	0.00299	0.00896
