[name]
unknown

[dist]
# distance from previous block
# <min> <max>
0	26

[block]
# block no. 0 follows, 26 sequences, length 6
# corresponding to MSA columns:
# 26-31
name=unknown_A
#
# <colnr> <probs for GDERKNQSTAVLIFYWHMCP>
#	G	D	E	R	K	N	Q	S	T	A	V	L	I	F	Y	W	H	M	C	P
0	0.01720	0.01376	0.01868	0.27570	0.03090	0.01428	0.01444	0.10932	0.01848	0.05221	0.01795	0.02673	0.01536	0.04716	0.00893	0.00242	0.00794	0.06720	0.00495	0.23639
1	0.01180	0.00813	0.01058	0.04545	0.01389	0.00800	0.00808	0.01441	0.04085	0.06403	0.06568	0.38402	0.13012	0.07598	0.07854	0.00408	0.00653	0.01624	0.00662	0.00696
2	0.04799	0.01601	0.02540	0.33161	0.20748	0.01781	0.06643	0.11253	0.01852	0.02550	0.01437	0.01940	0.01117	0.00835	0.00858	0.03853	0.00944	0.00681	0.00416	0.00988
3	0.02224	0.01650	0.01944	0.01886	0.11235	0.01773	0.01303	0.37625	0.02658	0.03667	0.02127	0.09349	0.01851	0.07026	0.01009	0.00271	0.00739	0.00868	0.09723	0.01072
4	0.00956	0.00756	0.00868	0.00926	0.01116	0.00668	0.00694	0.01165	0.01699	0.02127	0.11236	0.22874	0.40886	0.02020	0.00931	0.00278	0.00432	0.09008	0.00714	0.00647
5	0.02020	0.01159	0.01430	0.01236	0.01568	0.01163	0.00950	0.09301	0.09696	0.21546	0.15118	0.07994	0.03192	0.11786	0.07974	0.00408	0.00740	0.01023	0.00746	0.00952

[dist]
# distance from previous block
# <min> <max>
18	44

[block]
# block no. 1 follows, 26 sequences, length 6
# corresponding to MSA columns:
# 76-81
name=unknown_B
#
# <colnr> <probs for GDERKNQSTAVLIFYWHMCP>
#	G	D	E	R	K	N	Q	S	T	A	V	L	I	F	Y	W	H	M	C	P
0	0.01663	0.01760	0.06161	0.38599	0.12459	0.07644	0.06653	0.02227	0.04616	0.02195	0.01533	0.02030	0.01179	0.00762	0.00740	0.00237	0.00979	0.00679	0.06958	0.00926
1	0.02483	0.02118	0.10772	0.07801	0.02582	0.04759	0.01577	0.27482	0.14581	0.14810	0.02127	0.02107	0.01500	0.00894	0.00754	0.00237	0.00834	0.00704	0.00683	0.01195
2	0.01275	0.00933	0.01154	0.06247	0.01475	0.00976	0.00821	0.03741	0.10236	0.02168	0.13049	0.14156	0.07281	0.21035	0.01942	0.10447	0.00608	0.01192	0.00594	0.00670
3	0.05577	0.01461	0.01843	0.10587	0.02376	0.01605	0.04895	0.08486	0.27860	0.09632	0.08213	0.06626	0.02522	0.01100	0.00794	0.00256	0.00692	0.03734	0.00693	0.01049
4	0.13947	0.01422	0.01451	0.01333	0.01711	0.01601	0.01031	0.05785	0.39606	0.03019	0.03261	0.11997	0.08282	0.01226	0.00760	0.00259	0.00568	0.01013	0.00708	0.01018
5	0.24578	0.01428	0.01443	0.01262	0.01654	0.01577	0.01005	0.20687	0.06432	0.03272	0.02557	0.08081	0.08235	0.04976	0.06800	0.00354	0.00764	0.03359	0.00618	0.00917

[dist]
# distance from previous block
# <min> <max>
5	18

[block]
# block no. 2 follows, 26 sequences, length 103
# corresponding to MSA columns:
# 100-202
name=unknown_C
#
# <colnr> <probs for GDERKNQSTAVLIFYWHMCP>
#	G	D	E	R	K	N	Q	S	T	A	V	L	I	F	Y	W	H	M	C	P
0	0.04407	0.01790	0.05459	0.19186	0.22359	0.06090	0.01813	0.05504	0.08068	0.05275	0.01756	0.02306	0.01425	0.00831	0.00741	0.00232	0.00876	0.04114	0.00472	0.07294
1	0.01984	0.05444	0.01769	0.05007	0.01929	0.01644	0.01120	0.27749	0.07798	0.05425	0.05160	0.10371	0.10912	0.08902	0.01119	0.00294	0.00691	0.01023	0.00678	0.00980
2	0.10390	0.00902	0.01047	0.01118	0.01306	0.00914	0.00851	0.01585	0.06967	0.02404	0.10534	0.32030	0.10916	0.01879	0.00894	0.00291	0.00509	0.14054	0.00694	0.00718
3	0.06752	0.02099	0.07395	0.03005	0.03770	0.01897	0.58605	0.02415	0.01749	0.02491	0.01495	0.01972	0.01120	0.00647	0.00859	0.00254	0.01226	0.00848	0.00386	0.01015
4	0.01423	0.01344	0.07447	0.05967	0.18564	0.01146	0.01453	0.01796	0.01737	0.05532	0.13758	0.19286	0.06245	0.01458	0.00867	0.00267	0.00674	0.09555	0.00601	0.00879
5	0.06741	0.02041	0.07367	0.06930	0.11108	0.01870	0.47703	0.02377	0.01726	0.02470	0.01472	0.01950	0.01118	0.00658	0.00835	0.00250	0.01169	0.00810	0.00382	0.01025
6	0.00922	0.00769	0.00804	0.00796	0.01040	0.00651	0.00597	0.01139	0.01790	0.02194	0.16515	0.07061	0.59383	0.01867	0.00896	0.00254	0.00380	0.01567	0.00723	0.00651
7	0.01065	0.00766	0.01003	0.00986	0.01143	0.00713	0.00733	0.01384	0.02010	0.02819	0.55091	0.13623	0.06610	0.04079	0.01011	0.00269	0.00398	0.04803	0.00800	0.00695
8	0.05817	0.45193	0.06949	0.01725	0.07479	0.13887	0.01464	0.02499	0.05075	0.02037	0.01227	0.01402	0.01054	0.00700	0.00568	0.00186	0.00906	0.00474	0.00370	0.00989
9	0.03386	0.01318	0.01777	0.01363	0.01950	0.01156	0.01126	0.05755	0.02217	0.67013	0.02954	0.02557	0.01858	0.00938	0.00763	0.00234	0.00652	0.00760	0.00933	0.01291
10	0.00924	0.00660	0.00880	0.01056	0.01100	0.00616	0.00704	0.01056	0.01452	0.01936	0.04181	0.72848	0.05017	0.02376	0.00968	0.00308	0.00440	0.02156	0.00704	0.00616
11	0.01546	0.01389	0.02044	0.32142	0.03305	0.03980	0.05718	0.04931	0.01676	0.02313	0.09493	0.02510	0.01910	0.01155	0.03925	0.00291	0.10787	0.00774	0.09276	0.00837
12	0.01793	0.01318	0.01528	0.03701	0.01769	0.01405	0.01061	0.29158	0.02355	0.03149	0.03008	0.37577	0.03199	0.04035	0.00966	0.00286	0.00639	0.01436	0.00707	0.00909
13	0.75597	0.01555	0.01157	0.01037	0.01503	0.04508	0.00848	0.02262	0.01326	0.03340	0.01061	0.01238	0.00828	0.00707	0.00478	0.00233	0.00619	0.00414	0.00466	0.00824
14	0.01636	0.16062	0.46962	0.02092	0.06515	0.01924	0.04893	0.02335	0.01604	0.02324	0.01389	0.01645	0.01048	0.00713	0.00675	0.00222	0.01010	0.00562	0.05322	0.01068
15	0.01447	0.01363	0.02301	0.69378	0.07255	0.01689	0.02114	0.01950	0.01523	0.01955	0.01351	0.02018	0.01017	0.00756	0.00758	0.00252	0.01008	0.00674	0.00338	0.00854
16	0.14436	0.01949	0.05843	0.05865	0.10993	0.02005	0.03667	0.30200	0.02401	0.03556	0.01503	0.01714	0.01136	0.00825	0.00816	0.00231	0.05532	0.00622	0.00556	0.06151
17	0.14296	0.01679	0.06122	0.32908	0.17169	0.01747	0.07737	0.02235	0.04670	0.02418	0.01416	0.01880	0.01091	0.00733	0.00720	0.00244	0.00930	0.00654	0.00391	0.00961
18	0.03403	0.01291	0.01760	0.01350	0.01936	0.01115	0.01115	0.03697	0.02171	0.69137	0.02992	0.02582	0.01878	0.00939	0.00763	0.00235	0.00645	0.00763	0.00939	0.01291
19	0.02572	0.01892	0.02058	0.01617	0.02146	0.02072	0.01319	0.55199	0.03294	0.04435	0.09886	0.05712	0.02173	0.01058	0.00785	0.00233	0.00758	0.00837	0.00765	0.01189
20	0.02519	0.16040	0.02466	0.06356	0.05108	0.15118	0.01415	0.18901	0.02305	0.13754	0.05128	0.01953	0.01539	0.00867	0.00757	0.00216	0.03267	0.00639	0.00579	0.01071
21	0.00954	0.00681	0.00914	0.01090	0.01147	0.00642	0.00756	0.01108	0.01482	0.01970	0.04164	0.66423	0.04952	0.02348	0.00976	0.00312	0.00466	0.08287	0.00704	0.00624
22	0.00924	0.00660	0.00880	0.01056	0.01100	0.00616	0.00704	0.01056	0.01452	0.01936	0.04181	0.72848	0.05017	0.02376	0.00968	0.00308	0.00440	0.02156	0.00704	0.00616
23	0.01711	0.01268	0.01533	0.01491	0.04781	0.01349	0.01079	0.24347	0.02180	0.02938	0.02829	0.28725	0.02960	0.06764	0.09382	0.00414	0.00823	0.03885	0.00656	0.00885
24	0.01832	0.29767	0.19454	0.05947	0.11348	0.06321	0.03917	0.02284	0.01628	0.02115	0.04009	0.01687	0.01267	0.00758	0.00744	0.00212	0.04773	0.00569	0.00358	0.01010
25	0.01151	0.00738	0.00919	0.00977	0.01059	0.00695	0.00641	0.01262	0.01428	0.06183	0.06720	0.38458	0.07556	0.26396	0.01933	0.00443	0.00547	0.01640	0.00642	0.00612
26	0.49077	0.01527	0.01347	0.01152	0.01622	0.01713	0.00940	0.16334	0.04028	0.03524	0.02165	0.02214	0.09854	0.00921	0.00600	0.00237	0.00616	0.00643	0.00575	0.00914
27	0.05789	0.04112	0.02486	0.04784	0.02413	0.03607	0.16035	0.11290	0.01774	0.02538	0.01771	0.10393	0.01639	0.01356	0.04962	0.00319	0.18814	0.00882	0.04127	0.00908
28	0.40508	0.01648	0.04430	0.14144	0.05540	0.05300	0.01295	0.02489	0.01566	0.14501	0.01485	0.01666	0.01073	0.00759	0.00609	0.00236	0.00753	0.00543	0.00513	0.00941
29	0.07507	0.10092	0.02280	0.01897	0.04964	0.45199	0.01427	0.05959	0.07338	0.02222	0.01345	0.01516	0.01100	0.00804	0.00724	0.00207	0.03513	0.00528	0.00435	0.00943
30	0.05470	0.07869	0.05857	0.01936	0.04944	0.14730	0.07923	0.02135	0.01522	0.02052	0.01368	0.01870	0.01199	0.01746	0.13187	0.00417	0.20680	0.00644	0.03581	0.00869
31	0.02331	0.01641	0.01987	0.01842	0.09946	0.01684	0.01315	0.32263	0.02647	0.11358	0.08804	0.08699	0.02262	0.01048	0.00771	0.00225	0.00709	0.00871	0.00705	0.08891
32	0.00952	0.00698	0.00957	0.04939	0.01327	0.00675	0.00781	0.01105	0.01456	0.01936	0.04025	0.68945	0.04796	0.02287	0.00957	0.00305	0.00472	0.02075	0.00684	0.00629
33	0.11509	0.01864	0.02264	0.17752	0.10494	0.06375	0.04948	0.21559	0.10254	0.03201	0.01675	0.01907	0.01258	0.00816	0.00726	0.00237	0.00881	0.00667	0.00543	0.01071
34	0.03180	0.01298	0.01737	0.01322	0.01919	0.01102	0.01088	0.03478	0.02098	0.60994	0.02792	0.02458	0.01785	0.00893	0.00738	0.00220	0.00635	0.00724	0.00879	0.10658
35	0.06167	0.44019	0.07504	0.01514	0.02083	0.14843	0.01422	0.02438	0.01638	0.04761	0.01173	0.01363	0.01005	0.00747	0.00709	0.00194	0.06624	0.00467	0.00370	0.00960
36	0.02105	0.67097	0.03800	0.01361	0.01985	0.09428	0.01314	0.02344	0.01599	0.01791	0.01066	0.01231	0.00974	0.00662	0.00506	0.00165	0.00864	0.00414	0.00331	0.00964
37	0.01094	0.00739	0.00837	0.00833	0.00854	0.00731	0.00480	0.01124	0.01192	0.01592	0.06829	0.05089	0.05295	0.66245	0.03567	0.00687	0.00699	0.01138	0.00492	0.00482
38	0.01402	0.00959	0.01259	0.01164	0.01341	0.01001	0.00891	0.01647	0.01776	0.10384	0.28227	0.17073	0.12273	0.04035	0.01254	0.00285	0.12204	0.01344	0.00713	0.00768
39	0.06916	0.11903	0.05440	0.04640	0.05659	0.01969	0.01451	0.11702	0.01690	0.02465	0.01407	0.01866	0.01216	0.01837	0.14496	0.00431	0.18909	0.00627	0.00428	0.04949
40	0.00906	0.00769	0.00782	0.00779	0.01031	0.00644	0.00584	0.01107	0.01752	0.02104	0.11019	0.07210	0.64934	0.01901	0.00896	0.00255	0.00383	0.01588	0.00712	0.00644
41	0.00955	0.00673	0.00871	0.01017	0.01053	0.00637	0.00662	0.01064	0.01392	0.01856	0.03873	0.61198	0.04629	0.14555	0.01465	0.00381	0.00491	0.01976	0.00662	0.00589
42	0.02078	0.06572	0.13542	0.05090	0.15366	0.18948	0.12913	0.07253	0.01909	0.02374	0.01384	0.01729	0.01102	0.00908	0.03086	0.00259	0.03421	0.00638	0.00396	0.01030
43	0.01291	0.00985	0.01357	0.01291	0.01466	0.01149	0.01009	0.07065	0.03597	0.02060	0.02020	0.02900	0.01855	0.07660	0.56558	0.01046	0.04689	0.00808	0.00448	0.00745
44	0.01414	0.00707	0.00707	0.00707	0.00884	0.00707	0.00530	0.01767	0.01591	0.02828	0.02474	0.02828	0.01944	0.00884	0.00530	0.00177	0.00353	0.00707	0.77554	0.00707
45	0.03382	0.01325	0.01781	0.01366	0.01953	0.01165	0.01128	0.06249	0.02228	0.66504	0.02945	0.02551	0.01854	0.00938	0.00763	0.00234	0.00653	0.00760	0.00931	0.01291
46	0.01794	0.01536	0.02468	0.46505	0.13719	0.01761	0.05084	0.09720	0.01839	0.06079	0.01515	0.02010	0.01126	0.00769	0.00764	0.00245	0.00967	0.00691	0.00428	0.00980
47	0.02543	0.01897	0.02050	0.01641	0.02162	0.02095	0.01328	0.51715	0.10066	0.04269	0.02238	0.10434	0.01845	0.01099	0.00785	0.00240	0.00763	0.00878	0.00754	0.01200
48	0.01573	0.01348	0.01573	0.01123	0.01798	0.01011	0.00899	0.01910	0.01573	0.02472	0.01348	0.01573	0.01123	0.00562	0.00562	0.00112	0.00562	0.00449	0.00449	0.77980
49	0.02028	0.73799	0.03975	0.01298	0.01947	0.03001	0.01298	0.02271	0.01541	0.01785	0.01055	0.01217	0.00973	0.00649	0.00487	0.00162	0.00811	0.00406	0.00324	0.00973
50	0.01634	0.01346	0.01579	0.01131	0.01802	0.01015	0.00906	0.01969	0.01593	0.04685	0.01403	0.01606	0.01149	0.00574	0.00568	0.00116	0.00565	0.00460	0.00466	0.75433
51	0.00990	0.00721	0.00945	0.01039	0.01145	0.00658	0.00717	0.01179	0.01601	0.02191	0.17137	0.55253	0.05245	0.02110	0.00931	0.00283	0.00430	0.01904	0.00717	0.04806
52	0.01103	0.00735	0.00827	0.00827	0.00827	0.00735	0.00460	0.01103	0.01103	0.01471	0.02390	0.04964	0.02758	0.73343	0.03861	0.00735	0.00735	0.01103	0.00460	0.00460
53	0.01332	0.00831	0.01090	0.00994	0.01211	0.00760	0.00751	0.01671	0.02114	0.10295	0.58739	0.05301	0.06422	0.03950	0.00982	0.00255	0.00403	0.01295	0.00834	0.00770
54	0.01192	0.00857	0.01185	0.01352	0.01523	0.00849	0.01167	0.01523	0.01730	0.02243	0.04179	0.11968	0.07092	0.02103	0.01037	0.00343	0.00671	0.57594	0.00699	0.00692
55	0.01521	0.03923	0.69413	0.02162	0.03283	0.01762	0.02802	0.02402	0.01601	0.02402	0.01361	0.01601	0.00961	0.00721	0.00721	0.00240	0.01121	0.00560	0.00320	0.01121
56	0.01814	0.01368	0.01478	0.01322	0.01725	0.01475	0.01030	0.03236	0.42653	0.10787	0.04254	0.03946	0.19179	0.01247	0.00803	0.00254	0.00550	0.01037	0.00775	0.01068
57	0.01284	0.00712	0.01079	0.03920	0.01222	0.00748	0.00766	0.01087	0.01048	0.01416	0.01436	0.02405	0.01400	0.03061	0.13960	0.62121	0.00899	0.00685	0.00342	0.00408
58	0.01858	0.01637	0.02503	0.38191	0.22558	0.01856	0.02032	0.15303	0.02000	0.02678	0.01468	0.01940	0.01123	0.00766	0.00756	0.00240	0.00944	0.00676	0.00435	0.01037
59	0.01065	0.00833	0.00958	0.00975	0.01161	0.00791	0.00708	0.01464	0.08336	0.02292	0.17718	0.21274	0.27807	0.07668	0.01146	0.00307	0.00453	0.03635	0.00717	0.00694
60	0.01192	0.00856	0.01185	0.01353	0.01522	0.00848	0.01167	0.01522	0.01727	0.02241	0.04153	0.12671	0.06605	0.02108	0.01037	0.00343	0.00671	0.57410	0.00699	0.00691
61	0.01599	0.07822	0.43354	0.01839	0.02667	0.05401	0.05136	0.02274	0.01663	0.02435	0.05008	0.01998	0.01457	0.00785	0.00689	0.00223	0.00955	0.00628	0.13063	0.01004
62	0.06690	0.05336	0.39887	0.02244	0.11378	0.04050	0.02212	0.07969	0.01777	0.02610	0.01622	0.07855	0.01369	0.00875	0.00724	0.00239	0.00970	0.00709	0.00412	0.01070
63	0.01887	0.01996	0.06418	0.09337	0.56191	0.06222	0.02280	0.02348	0.01732	0.02394	0.01401	0.01841	0.01160	0.00691	0.00746	0.00226	0.00951	0.00658	0.00371	0.01150
64	0.15245	0.10292	0.43746	0.02074	0.07082	0.01885	0.04925	0.02355	0.01557	0.02523	0.01288	0.01534	0.00961	0.00704	0.00662	0.00231	0.00988	0.00540	0.00353	0.01054
65	0.00945	0.00770	0.00836	0.00820	0.01054	0.00661	0.00615	0.01183	0.01844	0.02323	0.24366	0.06849	0.51451	0.01819	0.00896	0.00251	0.00377	0.01538	0.00740	0.00661
66	0.14816	0.10185	0.05644	0.04344	0.02197	0.10189	0.01349	0.22999	0.02239	0.07437	0.01536	0.01763	0.01192	0.03834	0.00862	0.00240	0.03759	0.00589	0.00548	0.04278
67	0.00986	0.00747	0.00915	0.00994	0.01140	0.00672	0.00712	0.01172	0.01595	0.02082	0.09661	0.39610	0.21927	0.04595	0.01035	0.00299	0.00455	0.06822	0.00694	0.03888
68	0.02688	0.17056	0.02546	0.01765	0.02268	0.37705	0.01426	0.20789	0.02432	0.02673	0.01333	0.01467	0.01065	0.00792	0.00666	0.00198	0.01106	0.00527	0.00482	0.01015
69	0.10187	0.11652	0.02249	0.01736	0.04294	0.30951	0.01340	0.16570	0.02210	0.04853	0.01366	0.01552	0.01089	0.00907	0.00806	0.05233	0.01017	0.00539	0.00485	0.00964
70	0.01609	0.01631	0.05932	0.16992	0.26096	0.01583	0.04421	0.02310	0.11478	0.02400	0.02434	0.04963	0.08808	0.00933	0.00773	0.00238	0.00815	0.00843	0.00475	0.05266
71	0.01769	0.01050	0.01087	0.00958	0.01239	0.01105	0.00751	0.17325	0.02069	0.03300	0.02316	0.02584	0.01786	0.00890	0.00586	0.00189	0.00470	0.00701	0.58978	0.00848
72	0.01568	0.01156	0.01450	0.01327	0.01563	0.01304	0.01039	0.17710	0.01876	0.02638	0.02311	0.14101	0.02212	0.03330	0.32295	0.00690	0.05106	0.00985	0.06508	0.00832
73	0.01509	0.01068	0.01236	0.01174	0.01393	0.01085	0.00860	0.16950	0.01973	0.04497	0.03686	0.31951	0.11126	0.13669	0.01385	0.00353	0.00595	0.04028	0.00683	0.00779
74	0.00961	0.00676	0.00869	0.01009	0.01044	0.00641	0.00654	0.01066	0.01380	0.01840	0.03811	0.58820	0.04550	0.17041	0.01566	0.00396	0.00501	0.01939	0.00654	0.00584
75	0.01485	0.00981	0.01215	0.01218	0.01499	0.00943	0.01017	0.04444	0.05282	0.10359	0.04891	0.06877	0.23634	0.01799	0.00941	0.00297	0.00595	0.30985	0.00735	0.00802
76	0.01269	0.00895	0.01086	0.01038	0.01285	0.00846	0.00810	0.01738	0.07818	0.06974	0.34442	0.05994	0.22099	0.01628	0.00894	0.00258	0.00447	0.08920	0.00785	0.00774
77	0.01637	0.01909	0.08867	0.29703	0.10086	0.01805	0.30362	0.02228	0.01663	0.02241	0.01439	0.01985	0.01086	0.00695	0.00815	0.00251	0.01129	0.00763	0.00360	0.00977
78	0.03311	0.01438	0.01852	0.01420	0.02010	0.01334	0.01173	0.14729	0.02418	0.57756	0.02785	0.02447	0.01774	0.00934	0.00762	0.00233	0.00679	0.00749	0.00907	0.01291
79	0.00924	0.00660	0.00880	0.01056	0.01100	0.00616	0.00704	0.01056	0.01452	0.01936	0.04181	0.72848	0.05017	0.02376	0.00968	0.00308	0.00440	0.02156	0.00704	0.00616
80	0.01414	0.00707	0.00707	0.00707	0.00884	0.00707	0.00530	0.01767	0.01591	0.02828	0.02474	0.02828	0.01944	0.00884	0.00530	0.00177	0.00353	0.00707	0.77554	0.00707
81	0.02050	0.02307	0.06473	0.07931	0.45999	0.17494	0.02143	0.02469	0.01804	0.02299	0.01360	0.01754	0.01125	0.00708	0.00734	0.00221	0.01027	0.00626	0.00374	0.01102
82	0.78701	0.01467	0.01115	0.00997	0.01467	0.01702	0.00821	0.02230	0.01291	0.03403	0.01056	0.01232	0.00821	0.00704	0.00469	0.00235	0.00587	0.00411	0.00469	0.00821
83	0.75064	0.01458	0.01146	0.01014	0.01490	0.01673	0.00836	0.02301	0.01333	0.06578	0.01150	0.01297	0.00872	0.00715	0.00484	0.00235	0.00590	0.00428	0.00492	0.00844
84	0.01178	0.00952	0.01401	0.01346	0.01459	0.01174	0.01065	0.01432	0.01210	0.01771	0.01861	0.02763	0.01748	0.04971	0.59173	0.01073	0.13537	0.00788	0.00394	0.00702
85	0.00966	0.00724	0.00903	0.01036	0.01131	0.00681	0.00708	0.01205	0.04672	0.02013	0.04666	0.59406	0.14600	0.02241	0.00948	0.00298	0.00439	0.02008	0.00707	0.00648
86	0.01742	0.17951	0.41687	0.02404	0.14199	0.04910	0.02354	0.02389	0.01634	0.02265	0.01301	0.01560	0.01005	0.00701	0.00676	0.00220	0.01030	0.00545	0.00334	0.01094
87	0.01580	0.03574	0.58498	0.02572	0.14032	0.01768	0.02724	0.02390	0.01622	0.02415	0.01372	0.01647	0.01000	0.00713	0.00726	0.00238	0.01085	0.00579	0.00329	0.01134
88	0.03293	0.01266	0.01725	0.01331	0.01898	0.01096	0.01096	0.03589	0.02170	0.66001	0.06086	0.02728	0.02128	0.00968	0.00769	0.00235	0.00632	0.00792	0.00934	0.01264
89	0.01360	0.00942	0.01089	0.01055	0.01184	0.00971	0.00718	0.11843	0.01649	0.02250	0.02836	0.25004	0.03127	0.32957	0.04608	0.00504	0.00684	0.01322	0.05231	0.00667
90	0.05594	0.08734	0.13410	0.01994	0.05872	0.28083	0.01698	0.16304	0.02194	0.02665	0.01331	0.01532	0.01048	0.00815	0.00801	0.00219	0.05676	0.00553	0.00452	0.01026
91	0.00960	0.00694	0.00860	0.00968	0.01039	0.00646	0.00640	0.01085	0.01453	0.01909	0.06960	0.47943	0.13574	0.15796	0.01506	0.00379	0.00485	0.01845	0.00663	0.00594
92	0.00989	0.00784	0.00903	0.00958	0.01170	0.00699	0.00752	0.01224	0.01734	0.02156	0.10394	0.13595	0.43129	0.01981	0.00939	0.00282	0.00463	0.16480	0.00711	0.00657
93	0.02327	0.11747	0.02459	0.01947	0.06192	0.26931	0.03573	0.14765	0.02124	0.02473	0.01674	0.01908	0.04800	0.01077	0.03261	0.00257	0.10417	0.00635	0.00462	0.00969
94	0.01620	0.01129	0.01126	0.01039	0.01226	0.07842	0.00716	0.01736	0.01499	0.12759	0.03256	0.04500	0.13653	0.38070	0.06183	0.00543	0.00796	0.01054	0.00571	0.00682
95	0.01045	0.00801	0.01113	0.01129	0.01278	0.00747	0.04127	0.01268	0.01644	0.02184	0.16321	0.33703	0.13929	0.08200	0.01201	0.00327	0.00517	0.09121	0.00690	0.00656
96	0.51372	0.01778	0.09631	0.05704	0.09141	0.01677	0.01317	0.02347	0.01450	0.07711	0.01286	0.01487	0.00964	0.00723	0.00567	0.00235	0.00714	0.00497	0.00467	0.00932
97	0.07790	0.03724	0.63866	0.02067	0.03135	0.01757	0.02642	0.02388	0.01576	0.02483	0.01336	0.01571	0.00950	0.00719	0.00700	0.00240	0.01078	0.00548	0.00332	0.01097
98	0.02565	0.09751	0.02435	0.04423	0.09682	0.32960	0.01536	0.20452	0.02408	0.02745	0.01548	0.01714	0.02862	0.00822	0.00701	0.00208	0.01074	0.00591	0.00492	0.01032
99	0.01887	0.13645	0.02655	0.04218	0.02337	0.06487	0.09730	0.08548	0.05292	0.02345	0.01472	0.04025	0.01286	0.01107	0.03511	0.00272	0.20393	0.00681	0.00436	0.09674
100	0.23951	0.15764	0.02080	0.11532	0.02269	0.10131	0.01232	0.10625	0.01835	0.02809	0.04122	0.01752	0.01314	0.00788	0.00601	0.00213	0.00790	0.00557	0.06726	0.00909
101	0.01167	0.00863	0.00961	0.00983	0.01192	0.00832	0.00742	0.03615	0.06807	0.02315	0.05061	0.18138	0.29201	0.05224	0.01004	0.00288	0.00476	0.08827	0.11598	0.00709
102	0.01648	0.01295	0.01546	0.01388	0.01640	0.03825	0.01096	0.16406	0.04580	0.02564	0.01966	0.02637	0.01720	0.06496	0.38036	0.00781	0.06233	0.00770	0.04523	0.00850

[dist]
# distance from previous block
# <min> <max>
0	1

[block]
# block no. 3 follows, 26 sequences, length 29
# corresponding to MSA columns:
# 204-232
name=unknown_D
#
# <colnr> <probs for GDERKNQSTAVLIFYWHMCP>
#	G	D	E	R	K	N	Q	S	T	A	V	L	I	F	Y	W	H	M	C	P
0	0.01349	0.01016	0.01195	0.01141	0.01389	0.01014	0.00889	0.10801	0.05612	0.02789	0.22585	0.13697	0.17854	0.04008	0.00998	0.00284	0.00522	0.11330	0.00744	0.00786
1	0.00924	0.00660	0.00880	0.01056	0.01100	0.00616	0.00704	0.01056	0.01452	0.01936	0.04181	0.72848	0.05017	0.02376	0.00968	0.00308	0.00440	0.02156	0.00704	0.00616
2	0.01895	0.01560	0.01680	0.01245	0.01887	0.05965	0.00995	0.06900	0.01806	0.07560	0.01493	0.01652	0.01182	0.00631	0.00600	0.00136	0.00645	0.00493	0.00505	0.61171
3	0.01076	0.00832	0.01099	0.01237	0.05865	0.00770	0.00845	0.01359	0.01850	0.02495	0.31704	0.19661	0.18935	0.01787	0.00914	0.00266	0.00450	0.07406	0.00736	0.00712
4	0.01098	0.00808	0.01197	0.01197	0.01335	0.00938	0.00930	0.01372	0.01235	0.01806	0.02050	0.02973	0.01898	0.05486	0.67391	0.01175	0.01961	0.00808	0.03662	0.00678
5	0.02833	0.03615	0.02149	0.01954	0.02345	0.70298	0.01466	0.03029	0.02149	0.01856	0.01172	0.01368	0.00977	0.00782	0.00684	0.00195	0.01368	0.00489	0.00391	0.00879
6	0.02293	0.06079	0.02011	0.05526	0.02198	0.22242	0.01309	0.20785	0.08716	0.02865	0.01769	0.02061	0.01422	0.03837	0.08305	0.00340	0.01073	0.00656	0.05529	0.00985
7	0.01031	0.00719	0.00834	0.00881	0.00923	0.00692	0.00538	0.01089	0.01270	0.01663	0.03490	0.23308	0.11072	0.46048	0.02742	0.00565	0.00615	0.01442	0.00553	0.00523
8	0.00924	0.00660	0.00880	0.01056	0.01100	0.00616	0.00704	0.01056	0.01452	0.01936	0.04181	0.72848	0.05017	0.02376	0.00968	0.00308	0.00440	0.02156	0.00704	0.00616
9	0.33877	0.01783	0.10151	0.15433	0.02675	0.01670	0.05075	0.06877	0.01681	0.08902	0.04245	0.01832	0.01291	0.00785	0.00647	0.00240	0.00790	0.00601	0.00498	0.00945
10	0.06019	0.01438	0.01798	0.01394	0.01957	0.01366	0.01147	0.16181	0.02420	0.49831	0.06377	0.02551	0.02017	0.00959	0.00758	0.00233	0.00665	0.00768	0.00879	0.01240
11	0.01517	0.00806	0.00817	0.00780	0.00986	0.00822	0.00594	0.06266	0.01729	0.02964	0.02429	0.02757	0.01898	0.00886	0.00546	0.00180	0.00387	0.00705	0.72182	0.00748
12	0.02243	0.01244	0.01551	0.01293	0.01700	0.01235	0.01033	0.11816	0.09038	0.26544	0.22904	0.03487	0.03472	0.01559	0.07035	0.00325	0.00703	0.00954	0.00816	0.01049
13	0.01745	0.02174	0.15628	0.06126	0.43614	0.01757	0.09991	0.02291	0.01704	0.02422	0.01679	0.02071	0.03866	0.00733	0.00769	0.00234	0.00971	0.00718	0.00378	0.01130
14	0.01404	0.01119	0.01367	0.04216	0.01768	0.01209	0.01150	0.02340	0.24248	0.02512	0.03785	0.14963	0.06663	0.01704	0.00923	0.00304	0.00627	0.28126	0.00710	0.00863
15	0.01738	0.01812	0.03132	0.21044	0.14564	0.05554	0.24531	0.02215	0.01639	0.02212	0.01410	0.01951	0.01120	0.00782	0.01019	0.00254	0.10332	0.00742	0.02986	0.00962
16	0.02679	0.07418	0.02303	0.01717	0.02270	0.12570	0.01402	0.43571	0.11871	0.03907	0.01841	0.01847	0.01360	0.00889	0.00730	0.00222	0.00881	0.00658	0.00674	0.01193
17	0.05976	0.00882	0.01077	0.01066	0.01288	0.00842	0.00809	0.01686	0.04464	0.09333	0.24140	0.23180	0.13087	0.01733	0.00885	0.00270	0.00468	0.07295	0.00757	0.00763
18	0.01546	0.10983	0.01680	0.01341	0.03641	0.13048	0.01027	0.01933	0.06378	0.02227	0.14408	0.06951	0.18618	0.01732	0.06458	0.00317	0.00794	0.05527	0.00592	0.00801
19	0.01480	0.01435	0.02096	0.01815	0.01943	0.03867	0.08031	0.01715	0.01311	0.01890	0.01730	0.11921	0.01771	0.02347	0.17013	0.00512	0.37004	0.00924	0.00407	0.00788
20	0.03106	0.01222	0.01651	0.01290	0.01811	0.01065	0.01045	0.03382	0.02093	0.60543	0.06645	0.02927	0.02240	0.06162	0.00992	0.00271	0.00636	0.00822	0.00899	0.01199
21	0.06697	0.02671	0.02069	0.05099	0.02337	0.35450	0.01418	0.20406	0.02375	0.02772	0.01713	0.01876	0.04874	0.00916	0.00838	0.00223	0.06161	0.00623	0.00509	0.00972
22	0.01746	0.02169	0.13939	0.05929	0.31870	0.01794	0.24100	0.02321	0.01713	0.02414	0.01537	0.04128	0.01260	0.00727	0.00803	0.00242	0.01054	0.00779	0.00379	0.01097
23	0.01414	0.00707	0.00707	0.00707	0.00884	0.00707	0.00530	0.01767	0.01591	0.02828	0.02474	0.02828	0.01944	0.00884	0.00530	0.00177	0.00353	0.00707	0.77554	0.00707
24	0.00972	0.00695	0.00933	0.01095	0.01164	0.00656	0.00773	0.01145	0.01530	0.02042	0.07754	0.60601	0.05051	0.02293	0.00974	0.00310	0.00470	0.10199	0.00711	0.00633
25	0.05161	0.54953	0.14892	0.01470	0.02156	0.02699	0.01553	0.02268	0.01520	0.01960	0.01104	0.01307	0.00966	0.00700	0.00634	0.00188	0.04708	0.00446	0.00330	0.00984
26	0.00944	0.00681	0.00898	0.01064	0.01130	0.00636	0.00734	0.01095	0.01489	0.01967	0.04366	0.64561	0.08523	0.02331	0.00970	0.00308	0.00455	0.06521	0.00704	0.00623
27	0.01222	0.00873	0.01222	0.01397	0.01572	0.00873	0.01222	0.01572	0.01746	0.02270	0.04016	0.08556	0.04365	0.02095	0.01048	0.00349	0.00698	0.63506	0.00698	0.00698
28	0.01741	0.23636	0.48118	0.01884	0.02849	0.02087	0.02307	0.02417	0.01607	0.04924	0.01340	0.01532	0.01001	0.00709	0.00656	0.00218	0.01014	0.00525	0.00346	0.01086

[dist]
# distance from previous block
# <min> <max>
0	1

[block]
# block no. 4 follows, 26 sequences, length 75
# corresponding to MSA columns:
# 234-308
name=unknown_E
#
# <colnr> <probs for GDERKNQSTAVLIFYWHMCP>
#	G	D	E	R	K	N	Q	S	T	A	V	L	I	F	Y	W	H	M	C	P
0	0.01711	0.06830	0.03537	0.24385	0.14614	0.01904	0.31425	0.02250	0.01678	0.02240	0.01426	0.01953	0.01103	0.00683	0.00801	0.00243	0.01103	0.00757	0.00364	0.00993
1	0.06535	0.01170	0.01549	0.16429	0.05836	0.04060	0.01407	0.01770	0.01698	0.02291	0.05668	0.05864	0.05648	0.01560	0.00905	0.00300	0.00771	0.35187	0.00582	0.00770
2	0.01133	0.00823	0.01057	0.01020	0.01207	0.00778	0.00777	0.03783	0.02095	0.02917	0.53154	0.11298	0.08796	0.01652	0.00908	0.00253	0.00410	0.06408	0.00806	0.00725
3	0.75040	0.01461	0.01170	0.04339	0.01645	0.01701	0.00882	0.02216	0.01302	0.03334	0.01070	0.01270	0.00830	0.00707	0.00483	0.00236	0.00607	0.00423	0.00463	0.00822
4	0.01877	0.01802	0.03079	0.04656	0.68612	0.01802	0.02328	0.02328	0.01727	0.02478	0.01427	0.01877	0.01201	0.00676	0.00751	0.00225	0.00901	0.00676	0.00375	0.01201
5	0.02839	0.03446	0.02164	0.01930	0.02346	0.62584	0.01463	0.10188	0.02310	0.02188	0.01246	0.01419	0.01013	0.00796	0.00692	0.00199	0.01307	0.00511	0.00433	0.00926
6	0.04463	0.08506	0.62462	0.02060	0.03125	0.01842	0.02627	0.02387	0.01586	0.02399	0.01329	0.01562	0.00956	0.00715	0.00696	0.00235	0.01080	0.00544	0.00326	0.01100
7	0.01391	0.04709	0.01205	0.00983	0.01287	0.00934	0.00770	0.01790	0.06512	0.10653	0.26525	0.05549	0.31736	0.01549	0.00849	0.00243	0.00445	0.01308	0.00761	0.00802
8	0.01887	0.01629	0.01715	0.01544	0.01972	0.01887	0.01201	0.04031	0.67241	0.03173	0.03087	0.02830	0.02315	0.01029	0.00772	0.00257	0.00600	0.00858	0.00772	0.01201
9	0.01084	0.00813	0.01219	0.01219	0.01354	0.00948	0.00948	0.01354	0.01219	0.01761	0.02032	0.02980	0.01896	0.05689	0.70337	0.01219	0.02032	0.00813	0.00406	0.00677
10	0.02494	0.01623	0.01808	0.01519	0.01999	0.04163	0.01232	0.19271	0.21370	0.21696	0.05220	0.03159	0.02282	0.01096	0.00796	0.00250	0.00702	0.07360	0.00795	0.01165
11	0.01987	0.02421	0.26980	0.02152	0.02951	0.01548	0.21328	0.02594	0.01819	0.18044	0.04446	0.02483	0.05945	0.00855	0.00801	0.00245	0.00983	0.00806	0.00527	0.01085
12	0.00931	0.00663	0.00878	0.01047	0.01089	0.00621	0.00694	0.01058	0.01438	0.01918	0.04110	0.70170	0.04928	0.05176	0.01082	0.00325	0.00452	0.02115	0.00694	0.00610
13	0.00924	0.00660	0.00880	0.01056	0.01100	0.00616	0.00704	0.01056	0.01452	0.01936	0.04181	0.72848	0.05017	0.02376	0.00968	0.00308	0.00440	0.02156	0.00704	0.00616
14	0.01877	0.01802	0.03079	0.04656	0.68612	0.01802	0.02328	0.02328	0.01727	0.02478	0.01427	0.01877	0.01201	0.00676	0.00751	0.00225	0.00901	0.00676	0.00375	0.01201
15	0.00942	0.00668	0.00875	0.01033	0.01073	0.00628	0.00679	0.01061	0.01417	0.01889	0.04000	0.66000	0.04789	0.09535	0.01260	0.00351	0.00470	0.02050	0.00679	0.00600
16	0.03403	0.01291	0.01760	0.01350	0.01936	0.01115	0.01115	0.03697	0.02171	0.69137	0.02992	0.02582	0.01878	0.00939	0.00763	0.00235	0.00645	0.00763	0.00939	0.01291
17	0.01074	0.00775	0.01014	0.00954	0.01133	0.00716	0.00716	0.01431	0.02147	0.03042	0.68211	0.05666	0.07157	0.01551	0.00895	0.00239	0.00358	0.01372	0.00835	0.00716
18	0.01097	0.00682	0.00908	0.00988	0.01024	0.00668	0.00653	0.01098	0.01262	0.01727	0.02893	0.34867	0.03299	0.14299	0.05265	0.21980	0.00621	0.01423	0.04726	0.00518
19	0.01755	0.01978	0.03975	0.06542	0.03734	0.05046	0.54482	0.02327	0.01767	0.02339	0.01711	0.07441	0.01432	0.00786	0.00884	0.00257	0.01205	0.00961	0.00406	0.00976
20	0.01731	0.01929	0.07090	0.16332	0.23956	0.01845	0.28657	0.02283	0.01687	0.02329	0.01438	0.01952	0.01124	0.00702	0.00873	0.00248	0.03656	0.00760	0.00367	0.01042
21	0.02657	0.13238	0.02466	0.02047	0.06793	0.56298	0.01501	0.02876	0.02036	0.01889	0.01173	0.01381	0.00992	0.00756	0.00661	0.00193	0.01259	0.00490	0.00381	0.00914
22	0.01031	0.00740	0.00956	0.01094	0.01168	0.00711	0.00744	0.04594	0.01567	0.02091	0.04052	0.68984	0.04814	0.02297	0.00957	0.00304	0.00462	0.02076	0.00707	0.00653
23	0.02571	0.01940	0.02109	0.01597	0.02220	0.02033	0.01312	0.50785	0.03091	0.04230	0.01708	0.01762	0.01250	0.00827	0.00712	0.00200	0.00770	0.00627	0.00685	0.19572
24	0.03005	0.01334	0.01738	0.01370	0.01900	0.01246	0.01121	0.10203	0.04706	0.51478	0.06207	0.02697	0.02107	0.01305	0.05655	0.00304	0.00747	0.00793	0.00870	0.01214
25	0.01517	0.00876	0.01143	0.01019	0.01283	0.00789	0.00784	0.01851	0.02124	0.15902	0.51406	0.05172	0.10215	0.01456	0.00869	0.00239	0.00416	0.01268	0.00847	0.00823
26	0.01834	0.01953	0.02295	0.04302	0.02154	0.12858	0.01644	0.02016	0.01327	0.01834	0.01035	0.01626	0.00993	0.01224	0.02151	0.00308	0.58630	0.00637	0.00341	0.00838
27	0.01644	0.15263	0.43227	0.01963	0.05318	0.06656	0.02193	0.02269	0.01628	0.02214	0.01748	0.07203	0.03768	0.00882	0.00705	0.00229	0.00998	0.00695	0.00372	0.01026
28	0.00906	0.00759	0.00788	0.00802	0.01036	0.00641	0.00593	0.01099	0.01720	0.02077	0.09707	0.13152	0.60230	0.01948	0.00903	0.00260	0.00388	0.01642	0.00709	0.00641
29	0.01282	0.00659	0.00978	0.00994	0.00998	0.00655	0.00663	0.00994	0.01030	0.01374	0.01578	0.08731	0.01654	0.02611	0.02783	0.70861	0.00639	0.00795	0.00364	0.00355
30	0.04050	0.01916	0.07436	0.09280	0.46403	0.01805	0.09450	0.02404	0.05261	0.02490	0.01508	0.01923	0.01214	0.00701	0.00759	0.00234	0.00942	0.00695	0.00394	0.01137
31	0.01714	0.27153	0.36911	0.01844	0.02631	0.02267	0.02117	0.02268	0.01513	0.02104	0.01201	0.01481	0.00970	0.00791	0.00916	0.00228	0.12016	0.00524	0.00323	0.01026
32	0.01167	0.00826	0.01155	0.01141	0.01270	0.00952	0.00878	0.01433	0.01275	0.01934	0.02085	0.03006	0.01914	0.08345	0.51646	0.00973	0.04614	0.00804	0.13907	0.00677
33	0.01501	0.01140	0.01171	0.01072	0.01343	0.05633	0.00814	0.06890	0.04387	0.07239	0.20508	0.05170	0.23852	0.08888	0.01152	0.00294	0.00554	0.03661	0.03951	0.00781
34	0.02018	0.08531	0.02933	0.03759	0.48765	0.10950	0.02035	0.02545	0.06766	0.02386	0.01486	0.01823	0.01236	0.00714	0.00720	0.00218	0.00932	0.00641	0.00403	0.01138
35	0.01641	0.01660	0.01740	0.01592	0.01711	0.15137	0.01244	0.01829	0.01400	0.01822	0.01679	0.07482	0.01683	0.08210	0.19113	0.00554	0.27434	0.00813	0.02504	0.00752
36	0.01201	0.01000	0.01281	0.01268	0.01421	0.05588	0.00983	0.01466	0.01281	0.01767	0.01974	0.02872	0.01835	0.05360	0.65677	0.01151	0.01987	0.00791	0.00405	0.00691
37	0.06398	0.02385	0.02156	0.01742	0.02283	0.17102	0.01401	0.45160	0.07410	0.03970	0.01728	0.01762	0.01268	0.00881	0.00730	0.00223	0.00923	0.00639	0.00666	0.01172
38	0.01172	0.00893	0.01122	0.01099	0.01336	0.00780	0.00812	0.01389	0.01523	0.02132	0.05894	0.33685	0.03709	0.09121	0.01164	0.00302	0.00540	0.10934	0.00614	0.21777
39	0.02816	0.07128	0.02357	0.01765	0.02324	0.18197	0.01438	0.47272	0.03105	0.03906	0.01620	0.01676	0.01197	0.00864	0.00724	0.00216	0.00957	0.00620	0.00645	0.01174
40	0.01055	0.00917	0.00909	0.00913	0.01133	0.04307	0.00681	0.01260	0.01739	0.02116	0.13168	0.10310	0.45681	0.06873	0.01107	0.00294	0.00482	0.05720	0.00685	0.00651
41	0.01044	0.00818	0.00906	0.00930	0.01129	0.00747	0.00680	0.04643	0.01714	0.02137	0.05904	0.23062	0.40686	0.07454	0.01141	0.00309	0.00466	0.04883	0.00688	0.00659
42	0.02516	0.01814	0.01996	0.01560	0.02123	0.01924	0.01271	0.41534	0.10700	0.09041	0.06513	0.02229	0.01834	0.00927	0.00745	0.00218	0.00726	0.00727	0.00740	0.10862
43	0.00924	0.00660	0.00880	0.01056	0.01100	0.00616	0.00704	0.01056	0.01452	0.01936	0.04181	0.72848	0.05017	0.02376	0.00968	0.00308	0.00440	0.02156	0.00704	0.00616
44	0.01570	0.01577	0.02454	0.57405	0.04753	0.06401	0.07410	0.02048	0.01564	0.01968	0.01334	0.01961	0.01020	0.00780	0.00855	0.00253	0.04763	0.00680	0.00344	0.00860
45	0.01787	0.01916	0.07521	0.19424	0.47321	0.04298	0.02280	0.02271	0.01687	0.02328	0.01395	0.01872	0.01133	0.00701	0.00748	0.00231	0.00959	0.00660	0.00364	0.01103
46	0.01103	0.00735	0.00827	0.00827	0.00827	0.00735	0.00460	0.01103	0.01103	0.01471	0.02390	0.04964	0.02758	0.73343	0.03861	0.00735	0.00735	0.01103	0.00460	0.00460
47	0.00917	0.00769	0.00797	0.00790	0.01037	0.00649	0.00593	0.01129	0.01778	0.02166	0.14795	0.07108	0.61120	0.01877	0.00896	0.00254	0.00381	0.01574	0.00720	0.00649
48	0.01344	0.00831	0.03564	0.05718	0.01344	0.00774	0.00820	0.01194	0.01116	0.01573	0.01455	0.02321	0.01356	0.02237	0.02453	0.60902	0.00664	0.00662	0.09237	0.00436
49	0.02920	0.02066	0.02240	0.01717	0.02323	0.02265	0.01419	0.61702	0.03468	0.09299	0.01903	0.01874	0.01331	0.00913	0.00759	0.00228	0.00821	0.00689	0.00771	0.01290
50	0.01102	0.00741	0.00854	0.00854	0.00864	0.00750	0.00493	0.01120	0.01111	0.01491	0.02365	0.04827	0.02698	0.68674	0.08448	0.00769	0.00825	0.01083	0.00456	0.00475
51	0.06084	0.01579	0.01689	0.01491	0.01942	0.01783	0.01170	0.03896	0.55835	0.11257	0.02970	0.02716	0.02184	0.01001	0.00755	0.00253	0.00605	0.00823	0.00776	0.01192
52	0.01646	0.01747	0.09515	0.51237	0.08912	0.01781	0.02116	0.09723	0.01786	0.02365	0.01412	0.01943	0.01052	0.00767	0.00754	0.00247	0.00994	0.00663	0.00389	0.00950
53	0.00924	0.00660	0.00880	0.01056	0.01100	0.00616	0.00704	0.01056	0.01452	0.01936	0.04181	0.72848	0.05017	0.02376	0.00968	0.00308	0.00440	0.02156	0.00704	0.00616
54	0.47742	0.01445	0.01626	0.25447	0.06604	0.01702	0.01349	0.02135	0.01393	0.02847	0.01178	0.01541	0.00908	0.00721	0.00585	0.00240	0.00751	0.00516	0.00419	0.00850
55	0.02028	0.73799	0.03975	0.01298	0.01947	0.03001	0.01298	0.02271	0.01541	0.01785	0.01055	0.01217	0.00973	0.00649	0.00487	0.00162	0.00811	0.00406	0.00324	0.00973
56	0.00935	0.00668	0.00890	0.01049	0.01102	0.00623	0.00705	0.01082	0.01501	0.02014	0.08677	0.68131	0.05167	0.02318	0.00963	0.00303	0.00434	0.02101	0.00713	0.00623
57	0.07355	0.02561	0.19390	0.02985	0.28441	0.10921	0.03750	0.05594	0.07114	0.02605	0.01506	0.01774	0.01178	0.00742	0.00720	0.00229	0.00979	0.00624	0.00421	0.01111
58	0.02919	0.02068	0.02241	0.01718	0.02324	0.02268	0.01419	0.61842	0.03471	0.09154	0.01901	0.01873	0.01330	0.00912	0.00759	0.00228	0.00822	0.00688	0.00771	0.01290
59	0.03403	0.01291	0.01760	0.01350	0.01936	0.01115	0.01115	0.03697	0.02171	0.69137	0.02992	0.02582	0.01878	0.00939	0.00763	0.00235	0.00645	0.00763	0.00939	0.01291
60	0.01190	0.00874	0.01239	0.01208	0.01338	0.01037	0.00947	0.01465	0.01274	0.01939	0.02007	0.02833	0.01821	0.04511	0.52809	0.00969	0.08237	0.00782	0.12827	0.00696
61	0.01785	0.02605	0.33174	0.07614	0.07977	0.01647	0.05119	0.02698	0.12308	0.09708	0.06300	0.02252	0.01724	0.00845	0.00759	0.00243	0.00917	0.00718	0.00503	0.01105
62	0.02227	0.01304	0.01591	0.01443	0.03582	0.01330	0.01090	0.03226	0.27435	0.26655	0.07604	0.13781	0.02876	0.01232	0.00807	0.00255	0.00583	0.01055	0.00815	0.01109
63	0.00924	0.00660	0.00880	0.01056	0.01100	0.00616	0.00704	0.01056	0.01452	0.01936	0.04181	0.72848	0.05017	0.02376	0.00968	0.00308	0.00440	0.02156	0.00704	0.00616
64	0.01765	0.01997	0.04321	0.07994	0.04053	0.01902	0.61380	0.02395	0.01771	0.02395	0.01521	0.02044	0.01141	0.00648	0.00886	0.00256	0.01260	0.00880	0.00380	0.01010
65	0.01605	0.01577	0.02352	0.06744	0.05917	0.04151	0.08845	0.01889	0.01347	0.01970	0.01341	0.01994	0.01212	0.01850	0.13011	0.00446	0.38585	0.00712	0.03608	0.00844
66	0.01201	0.00858	0.01198	0.01373	0.01538	0.00855	0.01186	0.01535	0.01725	0.02247	0.04028	0.13070	0.04411	0.02115	0.01042	0.00346	0.00680	0.59198	0.00699	0.00693
67	0.01056	0.00767	0.00994	0.00953	0.01126	0.00706	0.00709	0.01391	0.02082	0.02925	0.61309	0.10301	0.09588	0.01622	0.00900	0.00244	0.00365	0.01435	0.00821	0.00706
68	0.02423	0.18801	0.02334	0.07060	0.02187	0.01843	0.01261	0.13954	0.06598	0.23239	0.07996	0.02383	0.01990	0.01090	0.03329	0.00256	0.00772	0.00719	0.00670	0.01097
69	0.00934	0.00668	0.00889	0.01049	0.01102	0.00623	0.00705	0.01081	0.01499	0.02010	0.08465	0.68353	0.05160	0.02321	0.00963	0.00303	0.00435	0.02104	0.00713	0.00623
70	0.02708	0.01131	0.01532	0.01240	0.01698	0.00991	0.00997	0.03005	0.02117	0.49633	0.17812	0.08054	0.03284	0.01175	0.00807	0.00241	0.00566	0.00995	0.00899	0.01115
71	0.04125	0.00887	0.01016	0.01022	0.01172	0.00887	0.00721	0.04908	0.05164	0.02224	0.10261	0.22108	0.12657	0.23261	0.01782	0.00415	0.00566	0.05519	0.00641	0.00664
72	0.05810	0.01524	0.02528	0.45010	0.09659	0.01747	0.10563	0.05774	0.03525	0.02335	0.01517	0.02172	0.01186	0.00788	0.00769	0.00251	0.00984	0.02528	0.00401	0.00927
73	0.55161	0.03675	0.09735	0.03780	0.01899	0.01752	0.01196	0.02294	0.01383	0.06655	0.01205	0.01408	0.00919	0.00761	0.00662	0.00241	0.05452	0.00475	0.00459	0.00889
74	0.16028	0.02610	0.12547	0.02299	0.15896	0.22732	0.01693	0.07227	0.05452	0.02657	0.01418	0.01635	0.01114	0.00762	0.00671	0.00221	0.00986	0.00564	0.02473	0.01015

[dist]
# distance from previous block
# <min> <max>
6	16

[block]
# block no. 5 follows, 26 sequences, length 7
# corresponding to MSA columns:
# 325-331
name=unknown_F
#
# <colnr> <probs for GDERKNQSTAVLIFYWHMCP>
#	G	D	E	R	K	N	Q	S	T	A	V	L	I	F	Y	W	H	M	C	P
0	0.00971	0.00695	0.00929	0.01076	0.01149	0.00653	0.00755	0.01152	0.01566	0.02104	0.12046	0.58403	0.05218	0.02248	0.00967	0.00303	0.00455	0.07953	0.00720	0.00636
1	0.02059	0.59911	0.03552	0.01373	0.01953	0.11137	0.01293	0.02299	0.01593	0.01792	0.01139	0.01362	0.01040	0.01028	0.05535	0.00242	0.00967	0.00445	0.00339	0.00941
2	0.00983	0.00832	0.00857	0.00840	0.01103	0.00738	0.00633	0.01332	0.06581	0.02209	0.12039	0.06844	0.58707	0.01827	0.00887	0.00255	0.00398	0.01528	0.00719	0.00687
3	0.01573	0.01348	0.01573	0.01123	0.01798	0.01011	0.00899	0.01910	0.01573	0.02472	0.01348	0.01573	0.01123	0.00562	0.00562	0.00112	0.00562	0.00449	0.00449	0.77980
4	0.01248	0.00833	0.00955	0.00889	0.01164	0.00718	0.00679	0.01497	0.01895	0.10435	0.23418	0.06289	0.43797	0.01702	0.00880	0.00249	0.00409	0.01438	0.00768	0.00739
5	0.01573	0.01348	0.01573	0.01123	0.01798	0.01011	0.00899	0.01910	0.01573	0.02472	0.01348	0.01573	0.01123	0.00562	0.00562	0.00112	0.00562	0.00449	0.00449	0.77980
6	0.02252	0.01667	0.01809	0.01589	0.04767	0.04696	0.01173	0.36029	0.02588	0.06658	0.02252	0.11666	0.02078	0.15618	0.01405	0.00339	0.00781	0.00953	0.00668	0.01014

[dist]
# distance from previous block
# <min> <max>
0	1

[block]
# block no. 6 follows, 26 sequences, length 11
# corresponding to MSA columns:
# 333-343
name=unknown_G
#
# <colnr> <probs for GDERKNQSTAVLIFYWHMCP>
#	G	D	E	R	K	N	Q	S	T	A	V	L	I	F	Y	W	H	M	C	P
0	0.25605	0.08851	0.04756	0.01569	0.06736	0.05261	0.01218	0.12130	0.10916	0.03118	0.03826	0.05249	0.01618	0.00894	0.00640	0.00227	0.00706	0.00673	0.05024	0.00984
1	0.17351	0.06525	0.23225	0.04161	0.02508	0.12991	0.05520	0.04608	0.01778	0.05480	0.07615	0.01940	0.01581	0.00814	0.00683	0.00228	0.00941	0.00623	0.00456	0.00973
2	0.01186	0.00854	0.01066	0.01142	0.01264	0.00860	0.00818	0.04488	0.07871	0.02146	0.03693	0.43423	0.06064	0.06597	0.01302	0.07179	0.00537	0.08168	0.00664	0.00679
3	0.34278	0.04623	0.08607	0.01419	0.01970	0.04888	0.01267	0.18900	0.07015	0.03410	0.01507	0.01660	0.01151	0.01097	0.04976	0.00292	0.00839	0.00559	0.00540	0.01002
4	0.01793	0.01334	0.01605	0.06752	0.01907	0.01473	0.01120	0.25611	0.02164	0.02905	0.02485	0.24134	0.02555	0.08991	0.01412	0.05944	0.05154	0.01178	0.00621	0.00863
5	0.01841	0.07410	0.13915	0.02116	0.09839	0.11187	0.09640	0.02493	0.09891	0.05663	0.02649	0.05330	0.10034	0.01027	0.00777	0.00239	0.00904	0.03539	0.00510	0.00995
6	0.05733	0.11051	0.02449	0.16769	0.21322	0.16328	0.01681	0.02230	0.01717	0.02136	0.01928	0.04953	0.06874	0.00886	0.00712	0.00223	0.00934	0.00725	0.00410	0.00941
7	0.01335	0.00869	0.01053	0.00993	0.01158	0.00865	0.00712	0.06211	0.01783	0.05073	0.24944	0.10362	0.04142	0.20183	0.06929	0.00438	0.00636	0.01170	0.10444	0.00702
