[name]
unknown

[dist]
# distance from previous block
# <min> <max>
2	81

[block]
# block no. 0 follows, 28 sequences, length 27
# corresponding to MSA columns:
# 81-107
name=unknown_A
#
# <colnr> <probs for GDERKNQSTAVLIFYWHMCP>
#	G	D	E	R	K	N	Q	S	T	A	V	L	I	F	Y	W	H	M	C	P
0	0.01231	0.00941	0.01129	0.01033	0.01293	0.00837	0.00738	0.05591	0.01530	0.02157	0.05482	0.32719	0.03162	0.13793	0.01261	0.00299	0.00526	0.01276	0.00570	0.24432
1	0.01915	0.01506	0.01665	0.01282	0.01837	0.04228	0.01026	0.12616	0.07489	0.08562	0.01716	0.04248	0.01380	0.00753	0.00680	0.00164	0.02956	0.00590	0.00547	0.44842
2	0.01596	0.01295	0.01476	0.01117	0.01639	0.01113	0.00866	0.09711	0.04290	0.02503	0.01578	0.02122	0.01400	0.12857	0.01093	0.00225	0.00599	0.00577	0.00480	0.53462
3	0.01479	0.01123	0.01233	0.01094	0.01396	0.01120	0.00839	0.20266	0.02077	0.02711	0.06863	0.13880	0.26334	0.09067	0.01115	0.00288	0.00553	0.03677	0.00660	0.04224
4	0.01627	0.01336	0.01534	0.01117	0.01732	0.01085	0.00896	0.08487	0.01702	0.02610	0.01393	0.01592	0.01133	0.00588	0.00556	0.00122	0.00555	0.00466	0.04420	0.67049
5	0.02052	0.01548	0.01755	0.04666	0.02033	0.01605	0.01155	0.29037	0.12353	0.06129	0.02154	0.11465	0.01834	0.00997	0.00714	0.00210	0.00659	0.00821	0.00646	0.18168
6	0.02518	0.13660	0.02369	0.01595	0.02149	0.07020	0.01334	0.45253	0.10657	0.03753	0.01728	0.01737	0.01283	0.00838	0.00682	0.00209	0.00805	0.00619	0.00638	0.01151
7	0.00951	0.00702	0.00802	0.00835	0.00941	0.00647	0.00553	0.01071	0.01422	0.01831	0.10549	0.21120	0.25585	0.27576	0.01879	0.00417	0.00497	0.01465	0.00604	0.00554
8	0.01507	0.01292	0.01507	0.01077	0.01723	0.00969	0.00861	0.01830	0.01507	0.02369	0.01292	0.01507	0.01077	0.00538	0.00538	0.00108	0.00538	0.00431	0.00431	0.78898
9	0.01660	0.01647	0.02793	0.04978	0.02718	0.05108	0.29522	0.02051	0.01567	0.05126	0.01738	0.11504	0.01589	0.00959	0.01054	0.00241	0.12846	0.00891	0.00431	0.11575
10	0.02577	0.01926	0.02082	0.01584	0.02176	0.02064	0.01305	0.57784	0.03135	0.04254	0.01678	0.01710	0.01213	0.00823	0.00699	0.00202	0.00761	0.00621	0.00683	0.12722
11	0.01858	0.01839	0.02893	0.04295	0.65561	0.06223	0.02178	0.02274	0.01681	0.02336	0.01352	0.01768	0.01138	0.00654	0.00715	0.00214	0.00892	0.00636	0.00361	0.01132
12	0.01062	0.00871	0.01284	0.18981	0.02107	0.00973	0.01081	0.01280	0.01386	0.01848	0.03093	0.50392	0.03551	0.01812	0.00990	0.00284	0.06184	0.01601	0.00559	0.00660
13	0.00859	0.00736	0.00736	0.00736	0.00982	0.00614	0.00552	0.01043	0.01657	0.01964	0.07364	0.06996	0.69624	0.01841	0.00859	0.00245	0.00368	0.01534	0.00675	0.00614
14	0.01507	0.01292	0.01507	0.01077	0.01723	0.00969	0.00861	0.01830	0.01507	0.02369	0.01292	0.01507	0.01077	0.00538	0.00538	0.00108	0.00538	0.00431	0.00431	0.78898
15	0.08153	0.02099	0.02433	0.09813	0.34703	0.19110	0.01818	0.05321	0.01755	0.02314	0.01267	0.01629	0.01045	0.00727	0.00773	0.00218	0.04862	0.00583	0.00382	0.00998
16	0.01949	0.01631	0.01723	0.01508	0.01944	0.01874	0.01185	0.13226	0.59014	0.03267	0.02780	0.02570	0.02074	0.00969	0.00738	0.00242	0.00608	0.00797	0.00738	0.01163
17	0.01687	0.01763	0.02119	0.49028	0.06601	0.16745	0.01812	0.02087	0.01583	0.01894	0.01294	0.01818	0.01008	0.00753	0.00761	0.00229	0.03611	0.00609	0.03777	0.00822
18	0.01057	0.00705	0.00793	0.00793	0.00793	0.00705	0.00440	0.01057	0.01057	0.01409	0.02290	0.04757	0.02643	0.74454	0.03700	0.00705	0.00705	0.01057	0.00440	0.00440
19	0.01133	0.00795	0.00925	0.00934	0.01142	0.00725	0.00683	0.01439	0.05947	0.07498	0.10709	0.28434	0.33281	0.01827	0.00864	0.00259	0.00417	0.01583	0.00707	0.00696
20	0.00963	0.00740	0.00880	0.00845	0.01045	0.00658	0.00634	0.01244	0.01902	0.02545	0.45331	0.06039	0.31295	0.01624	0.00858	0.00235	0.00353	0.01400	0.00751	0.00658
21	0.01943	0.74891	0.03809	0.01244	0.01866	0.02876	0.01244	0.02177	0.01477	0.01710	0.01011	0.01166	0.00933	0.00622	0.00466	0.00155	0.00777	0.00389	0.00311	0.00933
22	0.27853	0.01213	0.01327	0.01130	0.01541	0.01227	0.00894	0.06308	0.01711	0.29550	0.02327	0.13035	0.01945	0.05771	0.00859	0.00266	0.00586	0.00840	0.00678	0.00939
23	0.01057	0.00705	0.00793	0.00793	0.00793	0.00705	0.00440	0.01057	0.01057	0.01409	0.02290	0.04757	0.02643	0.74454	0.03700	0.00705	0.00705	0.01057	0.00440	0.00440
24	0.04851	0.01368	0.02258	0.58426	0.15459	0.01634	0.02000	0.01930	0.01477	0.02003	0.01292	0.01882	0.00991	0.00712	0.00714	0.00237	0.00934	0.00635	0.00335	0.00863
25	0.01386	0.01182	0.01407	0.01301	0.01398	0.05192	0.00983	0.05689	0.01361	0.01885	0.01981	0.11464	0.02077	0.20624	0.16562	0.00569	0.19883	0.00938	0.03439	0.00677
26	0.02792	0.01482	0.01799	0.01365	0.01948	0.01399	0.01122	0.22033	0.02368	0.38520	0.02247	0.02082	0.01501	0.00825	0.00694	0.00201	0.00657	0.00653	0.00763	0.15548

[dist]
# distance from previous block
# <min> <max>
1	6

[block]
# block no. 1 follows, 28 sequences, length 82
# corresponding to MSA columns:
# 114-195
name=unknown_B
#
# <colnr> <probs for GDERKNQSTAVLIFYWHMCP>
#	G	D	E	R	K	N	Q	S	T	A	V	L	I	F	Y	W	H	M	C	P
0	0.01551	0.01142	0.01407	0.01245	0.01415	0.01307	0.00940	0.12150	0.03725	0.05666	0.02149	0.03260	0.04439	0.27739	0.15783	0.00593	0.13390	0.00860	0.00498	0.00741
1	0.02789	0.01995	0.02156	0.01653	0.02234	0.02193	0.01365	0.64197	0.03349	0.07977	0.01803	0.01783	0.01265	0.00874	0.00727	0.00218	0.00791	0.00658	0.00736	0.01236
2	0.01321	0.00862	0.01141	0.01045	0.01239	0.00848	0.00801	0.01616	0.01907	0.10672	0.47849	0.11050	0.07750	0.01483	0.00976	0.00242	0.06430	0.01265	0.00756	0.00749
3	0.02829	0.01779	0.02004	0.01553	0.02116	0.01892	0.01277	0.44959	0.07973	0.22717	0.02148	0.02020	0.01467	0.00889	0.00729	0.00222	0.00733	0.00688	0.00776	0.01230
4	0.01041	0.00767	0.01109	0.01109	0.01218	0.00876	0.00834	0.01260	0.01151	0.01643	0.02002	0.03158	0.01948	0.16420	0.60784	0.01095	0.01750	0.00823	0.00398	0.00616
5	0.01057	0.00705	0.00793	0.00793	0.00793	0.00705	0.00440	0.01057	0.01057	0.01409	0.02290	0.04757	0.02643	0.74454	0.03700	0.00705	0.00705	0.01057	0.00440	0.00440
6	0.00886	0.00633	0.00843	0.01012	0.01054	0.00590	0.00675	0.01012	0.01392	0.01856	0.04006	0.73979	0.04808	0.02277	0.00928	0.00295	0.00422	0.02066	0.00675	0.00590
7	0.02714	0.02012	0.02154	0.01663	0.02235	0.02231	0.01370	0.64213	0.06780	0.04502	0.01808	0.01795	0.01287	0.00878	0.00728	0.00220	0.00788	0.00663	0.00728	0.01232
8	0.01590	0.01590	0.02226	0.01908	0.01908	0.02226	0.01590	0.01749	0.01113	0.01749	0.00954	0.01590	0.00954	0.01272	0.02385	0.00318	0.73123	0.00636	0.00318	0.00795
9	0.01057	0.00705	0.00793	0.00793	0.00793	0.00705	0.00440	0.01057	0.01057	0.01409	0.02290	0.04757	0.02643	0.74454	0.03700	0.00705	0.00705	0.01057	0.00440	0.00440
10	0.01590	0.01590	0.02226	0.01908	0.01908	0.02226	0.01590	0.01749	0.01113	0.01749	0.00954	0.01590	0.00954	0.01272	0.02385	0.00318	0.73123	0.00636	0.00318	0.00795
11	0.02789	0.01995	0.02156	0.01653	0.02234	0.02193	0.01366	0.64220	0.03349	0.07954	0.01803	0.01783	0.01265	0.00874	0.00727	0.00218	0.00791	0.00658	0.00736	0.01236
12	0.01943	0.74891	0.03809	0.01244	0.01866	0.02876	0.01244	0.02177	0.01477	0.01710	0.01011	0.01166	0.00933	0.00622	0.00466	0.00155	0.00777	0.00389	0.00311	0.00933
13	0.01590	0.01590	0.02226	0.01908	0.01908	0.02226	0.01590	0.01749	0.01113	0.01749	0.00954	0.01590	0.00954	0.01272	0.02385	0.00318	0.73123	0.00636	0.00318	0.00795
14	0.01038	0.00779	0.01168	0.01168	0.01298	0.00909	0.00909	0.01298	0.01168	0.01687	0.01947	0.02856	0.01817	0.05452	0.71573	0.01168	0.01947	0.00779	0.00389	0.00649
15	0.10995	0.01727	0.01799	0.01493	0.01983	0.01946	0.01201	0.29574	0.32380	0.05816	0.02243	0.02138	0.01644	0.00902	0.00702	0.00232	0.00667	0.00703	0.00707	0.01147
16	0.79588	0.01406	0.01068	0.00956	0.01406	0.01631	0.00787	0.02137	0.01237	0.03261	0.01012	0.01181	0.00787	0.00675	0.00450	0.00225	0.00562	0.00394	0.00450	0.00787
17	0.00886	0.00633	0.00843	0.01012	0.01054	0.00590	0.00675	0.01012	0.01392	0.01856	0.04006	0.73979	0.04808	0.02277	0.00928	0.00295	0.00422	0.02066	0.00675	0.00590
18	0.02712	0.02066	0.02149	0.01670	0.02235	0.04879	0.01371	0.61768	0.06705	0.04395	0.01784	0.01778	0.01275	0.00874	0.00725	0.00218	0.00808	0.00656	0.00714	0.01217
19	0.02199	0.01569	0.01786	0.01330	0.01942	0.01471	0.01085	0.27095	0.02306	0.11467	0.01656	0.01715	0.01225	0.00710	0.00634	0.00164	0.00648	0.00552	0.00601	0.39844
20	0.02543	0.02376	0.02146	0.01857	0.05012	0.24649	0.03804	0.28642	0.12941	0.06166	0.01756	0.01797	0.01308	0.00832	0.00710	0.00214	0.00942	0.00630	0.00594	0.01082
21	0.01263	0.00631	0.00947	0.00947	0.00947	0.00631	0.00631	0.00947	0.00947	0.01263	0.01263	0.02210	0.01263	0.02525	0.02841	0.78851	0.00631	0.00631	0.00316	0.00316
22	0.02705	0.02055	0.02116	0.01643	0.02198	0.05740	0.01348	0.61573	0.03273	0.04363	0.01738	0.01761	0.01246	0.00865	0.00715	0.00215	0.00808	0.00646	0.03799	0.01194
23	0.01704	0.01720	0.02708	0.29708	0.34634	0.07134	0.07687	0.02152	0.01616	0.02130	0.01329	0.01827	0.01062	0.00682	0.00729	0.00226	0.00969	0.00651	0.00348	0.00984
24	0.79588	0.01406	0.01068	0.00956	0.01406	0.01631	0.00787	0.02137	0.01237	0.03261	0.01012	0.01181	0.00787	0.00675	0.00450	0.00225	0.00562	0.00394	0.00450	0.00787
25	0.00904	0.00735	0.00804	0.00815	0.01031	0.00635	0.00614	0.01117	0.01703	0.02119	0.16883	0.11435	0.51744	0.01823	0.00871	0.00251	0.00383	0.04811	0.00695	0.00626
26	0.00878	0.00737	0.00763	0.00756	0.00993	0.00622	0.00567	0.01080	0.01701	0.02070	0.14281	0.06821	0.62641	0.01801	0.00859	0.00244	0.00365	0.01510	0.00689	0.00622
27	0.01054	0.00718	0.00861	0.00861	0.00885	0.00742	0.00526	0.01101	0.01077	0.01460	0.02228	0.04411	0.02492	0.61894	0.16054	0.00789	0.00931	0.01006	0.00431	0.00478
28	0.01355	0.00678	0.00678	0.00678	0.00847	0.00678	0.00508	0.01694	0.01524	0.02710	0.02371	0.02710	0.01863	0.00847	0.00508	0.00169	0.00339	0.00678	0.78489	0.00678
29	0.02763	0.02036	0.02182	0.01672	0.02254	0.02254	0.01382	0.67496	0.03418	0.04581	0.01745	0.01745	0.01236	0.00873	0.00727	0.00218	0.00800	0.00654	0.00727	0.01236
30	0.01909	0.01963	0.11390	0.01827	0.02301	0.04624	0.09582	0.11325	0.01744	0.08080	0.01434	0.01799	0.01149	0.03201	0.01295	0.00251	0.22394	0.00636	0.00452	0.12646
31	0.01332	0.01156	0.01364	0.01514	0.10095	0.01193	0.01000	0.02231	0.26323	0.02402	0.04619	0.11882	0.29154	0.01420	0.00805	0.00247	0.00513	0.01215	0.00659	0.00878
32	0.01844	0.01579	0.01664	0.01487	0.01904	0.01825	0.01159	0.06267	0.66143	0.03099	0.02913	0.02676	0.02182	0.00982	0.00739	0.00245	0.00584	0.00816	0.00739	0.01154
33	0.03167	0.01388	0.01780	0.01365	0.01931	0.01293	0.01128	0.15637	0.02333	0.57971	0.02655	0.02336	0.01693	0.00895	0.00730	0.00224	0.00653	0.00717	0.00867	0.01237
34	0.01751	0.01777	0.01996	0.41103	0.03644	0.17045	0.01659	0.07528	0.04220	0.02110	0.01634	0.09246	0.01426	0.00913	0.00732	0.00234	0.00960	0.00760	0.00420	0.00841
35	0.00886	0.00633	0.00843	0.01012	0.01054	0.00590	0.00675	0.01012	0.01392	0.01856	0.04006	0.73979	0.04808	0.02277	0.00928	0.00295	0.00422	0.02066	0.00675	0.00590
36	0.00924	0.00662	0.00878	0.00986	0.01063	0.00616	0.00678	0.01109	0.01570	0.02140	0.21583	0.55592	0.05358	0.02065	0.00909	0.00277	0.00401	0.01865	0.00708	0.00616
37	0.01298	0.01200	0.05516	0.07258	0.06229	0.01094	0.01088	0.04575	0.07515	0.04544	0.14673	0.09817	0.26832	0.01409	0.00870	0.00244	0.03221	0.01188	0.00624	0.00803
38	0.01660	0.05691	0.23725	0.08840	0.08950	0.04621	0.28375	0.02262	0.01611	0.02209	0.01340	0.01740	0.01020	0.00683	0.00825	0.00235	0.04202	0.00680	0.00340	0.00992
39	0.01016	0.00795	0.00926	0.00884	0.01100	0.00733	0.00666	0.01412	0.06341	0.02560	0.41319	0.05847	0.30554	0.01588	0.00850	0.00236	0.00368	0.01366	0.00748	0.00689
40	0.00886	0.00633	0.00843	0.01012	0.01054	0.00590	0.00675	0.01012	0.01392	0.01856	0.04006	0.73979	0.04808	0.02277	0.00928	0.00295	0.00422	0.02066	0.00675	0.00590
41	0.08610	0.02288	0.06199	0.05221	0.21649	0.20425	0.14676	0.02372	0.01681	0.02209	0.01252	0.01622	0.01019	0.00727	0.00844	0.00225	0.07046	0.00613	0.00366	0.00959
42	0.00998	0.00742	0.00929	0.00882	0.01067	0.00673	0.00662	0.01312	0.01985	0.02742	0.58252	0.05714	0.18251	0.01550	0.00858	0.00232	0.00348	0.01354	0.00777	0.00673
43	0.01768	0.01510	0.01643	0.01210	0.01833	0.04272	0.00971	0.12716	0.01847	0.02708	0.01359	0.01538	0.01097	0.00603	0.00575	0.00129	0.00615	0.00469	0.00477	0.62660
44	0.02563	0.01688	0.05450	0.01503	0.02097	0.01557	0.03668	0.28002	0.02448	0.25952	0.02110	0.04821	0.01522	0.00869	0.00711	0.00209	0.00715	0.00704	0.00704	0.12706
45	0.01792	0.01559	0.02779	0.05332	0.05692	0.01522	0.28820	0.04732	0.04171	0.10267	0.01954	0.11094	0.01684	0.00924	0.00898	0.00237	0.05704	0.00907	0.00497	0.09437
46	0.01022	0.00697	0.00834	0.00867	0.00886	0.00699	0.00526	0.01068	0.01132	0.01521	0.02600	0.18251	0.03001	0.54474	0.08803	0.00663	0.00752	0.01233	0.00482	0.00487
47	0.00997	0.00742	0.00928	0.00881	0.01066	0.00672	0.00661	0.01310	0.01982	0.02737	0.57874	0.05724	0.18632	0.01553	0.00858	0.00232	0.00348	0.01356	0.00777	0.00672
48	0.01078	0.00798	0.01017	0.00972	0.01061	0.00839	0.00686	0.01258	0.01465	0.02047	0.27108	0.04577	0.06132	0.30189	0.11719	0.00548	0.06252	0.01097	0.00564	0.00592
49	0.02072	0.01416	0.01699	0.04896	0.02013	0.01255	0.01056	0.14082	0.01963	0.16063	0.01683	0.01762	0.01242	0.00679	0.00620	0.00158	0.00624	0.00541	0.00571	0.45607
50	0.00886	0.00633	0.00843	0.01012	0.01054	0.00590	0.00675	0.01012	0.01392	0.01856	0.04006	0.73979	0.04808	0.02277	0.00928	0.00295	0.00422	0.02066	0.00675	0.00590
51	0.01579	0.01290	0.01515	0.01086	0.01728	0.00973	0.00870	0.01901	0.01531	0.05163	0.01357	0.01547	0.01106	0.00553	0.00546	0.00112	0.00542	0.00443	0.00450	0.75709
52	0.01056	0.00826	0.00991	0.01108	0.01221	0.03371	0.00818	0.01311	0.03679	0.02053	0.09565	0.46252	0.07460	0.02035	0.00919	0.00290	0.00504	0.15224	0.00675	0.00644
53	0.05657	0.02198	0.02146	0.15344	0.05677	0.22801	0.03380	0.20876	0.02174	0.02700	0.01435	0.04116	0.01170	0.00860	0.00827	0.00225	0.06351	0.00638	0.00474	0.00951
54	0.01600	0.11264	0.31112	0.02343	0.03181	0.01846	0.30248	0.02243	0.01611	0.02229	0.01607	0.01914	0.04010	0.00699	0.00744	0.00228	0.01073	0.00701	0.00350	0.00997
55	0.01890	0.01365	0.01645	0.01478	0.06277	0.01301	0.01095	0.07458	0.17962	0.12723	0.02420	0.04877	0.04091	0.00925	0.00695	0.00199	0.00599	0.04850	0.00623	0.27526
56	0.01037	0.00758	0.00978	0.00953	0.01113	0.00715	0.00703	0.01413	0.04594	0.02748	0.56285	0.16417	0.06342	0.01594	0.00864	0.00240	0.00365	0.01417	0.00777	0.00689
57	0.01180	0.00838	0.01052	0.01111	0.03375	0.00808	0.00777	0.04327	0.04388	0.04581	0.20924	0.30093	0.12278	0.04503	0.00964	0.00274	0.00454	0.03547	0.03820	0.00708
58	0.00871	0.00737	0.00752	0.00748	0.00989	0.00619	0.00561	0.01065	0.01684	0.02028	0.11565	0.06890	0.65383	0.01817	0.00859	0.00244	0.00366	0.01519	0.00683	0.00619
59	0.01943	0.74891	0.03809	0.01244	0.01866	0.02876	0.01244	0.02177	0.01477	0.01710	0.01011	0.01166	0.00933	0.00622	0.00466	0.00155	0.00777	0.00389	0.00311	0.00933
60	0.73009	0.07633	0.01301	0.00980	0.01445	0.01736	0.00826	0.02140	0.01257	0.03130	0.01012	0.01180	0.00800	0.00670	0.00451	0.00219	0.00581	0.00393	0.00438	0.00800
61	0.02155	0.01415	0.01519	0.01234	0.01635	0.01520	0.00996	0.36231	0.02562	0.06414	0.04950	0.02312	0.01747	0.00890	0.00647	0.00200	0.00592	0.00695	0.31296	0.00993
62	0.01493	0.03469	0.60380	0.02182	0.03178	0.01725	0.10241	0.02285	0.01541	0.02285	0.01311	0.01587	0.00943	0.00703	0.00772	0.00235	0.03724	0.00578	0.00314	0.01053
63	0.01014	0.00742	0.00951	0.00899	0.01077	0.00679	0.00674	0.01342	0.02022	0.02830	0.63953	0.05570	0.12495	0.01518	0.00857	0.00230	0.00345	0.01334	0.00789	0.00679
64	0.01498	0.01136	0.01357	0.06725	0.01725	0.01222	0.00977	0.07495	0.20831	0.05437	0.18869	0.05627	0.10330	0.05328	0.05056	0.03214	0.00632	0.01019	0.00667	0.00856
65	0.00886	0.00633	0.00843	0.01012	0.01054	0.00590	0.00675	0.01012	0.01392	0.01856	0.04006	0.73979	0.04808	0.02277	0.00928	0.00295	0.00422	0.02066	0.00675	0.00590
66	0.00972	0.00761	0.00869	0.00857	0.01061	0.00680	0.00635	0.02973	0.01808	0.02344	0.27858	0.14636	0.38438	0.01748	0.00863	0.00245	0.00378	0.01502	0.00719	0.00652
67	0.05313	0.67091	0.07997	0.01285	0.01928	0.02745	0.01317	0.02183	0.01470	0.01816	0.01030	0.01190	0.00926	0.00629	0.00480	0.00163	0.00787	0.00398	0.00317	0.00936
68	0.03261	0.01237	0.01687	0.01293	0.01856	0.01068	0.01068	0.03543	0.02081	0.70423	0.02868	0.02474	0.01799	0.00900	0.00731	0.00225	0.00619	0.00731	0.00900	0.01237
69	0.02715	0.03464	0.02060	0.01873	0.02247	0.71536	0.01404	0.02903	0.02060	0.01779	0.01124	0.01311	0.00936	0.00749	0.00655	0.00187	0.01311	0.00468	0.00375	0.00843
70	0.01590	0.01590	0.02226	0.01908	0.01908	0.02226	0.01590	0.01749	0.01113	0.01749	0.00954	0.01590	0.00954	0.01272	0.02385	0.00318	0.73123	0.00636	0.00318	0.00795
71	0.01355	0.00678	0.00678	0.00678	0.00847	0.00678	0.00508	0.01694	0.01524	0.02710	0.02371	0.02710	0.01863	0.00847	0.00508	0.00169	0.00339	0.00678	0.78489	0.00678
72	0.01507	0.01292	0.01507	0.01077	0.01723	0.00969	0.00861	0.01830	0.01507	0.02369	0.01292	0.01507	0.01077	0.00538	0.00538	0.00108	0.00538	0.00431	0.00431	0.78898
73	0.79588	0.01406	0.01068	0.00956	0.01406	0.01631	0.00787	0.02137	0.01237	0.03261	0.01012	0.01181	0.00787	0.00675	0.00450	0.00225	0.00562	0.00394	0.00450	0.00787
74	0.03261	0.01237	0.01687	0.01293	0.01856	0.01068	0.01068	0.03543	0.02081	0.70423	0.02868	0.02474	0.01799	0.00900	0.00731	0.00225	0.00619	0.00731	0.00900	0.01237
75	0.01029	0.00743	0.00972	0.00914	0.01086	0.00686	0.00686	0.01372	0.02058	0.02915	0.69536	0.05430	0.06859	0.01486	0.00857	0.00229	0.00343	0.01315	0.00800	0.00686
76	0.01692	0.01911	0.04151	0.02987	0.03698	0.01794	0.64357	0.02292	0.01714	0.02322	0.01576	0.02237	0.01239	0.00674	0.00864	0.00249	0.01201	0.03694	0.00381	0.00967
77	0.01042	0.00698	0.00797	0.00812	0.00816	0.00695	0.00461	0.01053	0.01087	0.01449	0.02444	0.10943	0.02836	0.68004	0.03452	0.00668	0.00679	0.01147	0.00461	0.00454
78	0.00886	0.00633	0.00843	0.01012	0.01054	0.00590	0.00675	0.01012	0.01392	0.01856	0.04006	0.73979	0.04808	0.02277	0.00928	0.00295	0.00422	0.02066	0.00675	0.00590
79	0.01056	0.00707	0.00806	0.00806	0.00810	0.00712	0.00457	0.01065	0.01061	0.01419	0.02279	0.04691	0.02614	0.72076	0.06038	0.00721	0.00748	0.01047	0.00439	0.00448
80	0.01896	0.01675	0.02840	0.06274	0.57386	0.01691	0.04353	0.02313	0.01666	0.07986	0.01478	0.01858	0.01190	0.00693	0.00786	0.00222	0.03499	0.00661	0.00402	0.01128
81	0.01007	0.00763	0.00932	0.00894	0.01085	0.00700	0.00668	0.01358	0.04046	0.02648	0.49873	0.08661	0.21496	0.01588	0.00857	0.00236	0.00360	0.01383	0.00763	0.00679

[dist]
# distance from previous block
# <min> <max>
2	12

[block]
# block no. 2 follows, 28 sequences, length 64
# corresponding to MSA columns:
# 208-271
name=unknown_C
#
# <colnr> <probs for GDERKNQSTAVLIFYWHMCP>
#	G	D	E	R	K	N	Q	S	T	A	V	L	I	F	Y	W	H	M	C	P
0	0.23742	0.04214	0.04691	0.07006	0.22657	0.01693	0.01494	0.09833	0.04419	0.07379	0.01593	0.05424	0.01306	0.00802	0.00648	0.00225	0.00733	0.00650	0.00489	0.01002
1	0.01433	0.00908	0.01024	0.00933	0.01051	0.00924	0.00605	0.09667	0.01444	0.06491	0.02263	0.04136	0.02375	0.57109	0.02990	0.00588	0.00696	0.00968	0.03787	0.00605
2	0.01398	0.03319	0.60247	0.04682	0.02974	0.01568	0.02425	0.02143	0.01501	0.02215	0.01529	0.06549	0.01260	0.04074	0.00842	0.00256	0.01010	0.00667	0.00338	0.01003
3	0.01390	0.01297	0.02198	0.60126	0.08519	0.01558	0.03892	0.01862	0.01493	0.01931	0.01533	0.02496	0.01274	0.00834	0.00755	0.00249	0.00943	0.06471	0.00358	0.00821
4	0.01040	0.00773	0.01141	0.01141	0.01262	0.00894	0.00875	0.01281	0.01160	0.01667	0.01972	0.02992	0.01877	0.10418	0.66688	0.01135	0.01858	0.00799	0.00393	0.00634
5	0.00996	0.00736	0.00929	0.00892	0.01068	0.00670	0.00665	0.01303	0.01962	0.02715	0.56681	0.09225	0.16297	0.01581	0.00861	0.00235	0.00351	0.01387	0.00775	0.00670
6	0.01590	0.01590	0.02226	0.01908	0.01908	0.02226	0.01590	0.01749	0.01113	0.01749	0.00954	0.01590	0.00954	0.01272	0.02385	0.00318	0.73123	0.00636	0.00318	0.00795
7	0.01808	0.01561	0.01644	0.01479	0.01890	0.01808	0.01151	0.03863	0.68606	0.03041	0.02959	0.02712	0.02219	0.00986	0.00740	0.00247	0.00575	0.00822	0.00740	0.01151
8	0.79588	0.01406	0.01068	0.00956	0.01406	0.01631	0.00787	0.02137	0.01237	0.03261	0.01012	0.01181	0.00787	0.00675	0.00450	0.00225	0.00562	0.00394	0.00450	0.00787
9	0.01943	0.74891	0.03809	0.01244	0.01866	0.02876	0.01244	0.02177	0.01477	0.01710	0.01011	0.01166	0.00933	0.00622	0.00466	0.00155	0.00777	0.00389	0.00311	0.00933
10	0.01069	0.00704	0.00788	0.00788	0.00795	0.00704	0.00443	0.01083	0.01076	0.01461	0.02294	0.04675	0.02612	0.71510	0.03572	0.00683	0.00690	0.01042	0.03562	0.00450
11	0.01373	0.01292	0.02180	0.72707	0.05006	0.01615	0.02019	0.01857	0.01453	0.01857	0.01292	0.01938	0.00969	0.00727	0.00727	0.00242	0.00969	0.00646	0.00323	0.00807
12	0.01048	0.00739	0.00966	0.00966	0.01026	0.00799	0.00656	0.01168	0.01108	0.01538	0.02132	0.03880	0.02262	0.42636	0.34997	0.00918	0.01278	0.00929	0.00417	0.00537
13	0.01708	0.01152	0.01335	0.08247	0.01697	0.01292	0.00963	0.17837	0.01924	0.02939	0.01984	0.02398	0.01579	0.04415	0.00898	0.00227	0.06764	0.00683	0.41128	0.00826
14	0.01958	0.39486	0.05309	0.04345	0.05050	0.07390	0.01324	0.10044	0.01792	0.02254	0.04061	0.01542	0.01248	0.00695	0.00567	0.00171	0.00792	0.00498	0.00405	0.11069
15	0.02231	0.11863	0.12884	0.01753	0.06054	0.02072	0.01537	0.36860	0.05494	0.03508	0.03646	0.01840	0.01384	0.00820	0.00679	0.00211	0.00796	0.00629	0.04624	0.01117
16	0.01171	0.00837	0.01171	0.01339	0.01506	0.00837	0.01171	0.01506	0.01673	0.02175	0.03849	0.08199	0.04183	0.02008	0.01004	0.00335	0.00669	0.65027	0.00669	0.00669
17	0.01575	0.01451	0.02370	0.24067	0.37444	0.01544	0.01890	0.04369	0.01676	0.02298	0.06310	0.05483	0.04685	0.00860	0.00747	0.00229	0.00816	0.00794	0.00420	0.00973
18	0.01511	0.01384	0.07543	0.01277	0.01564	0.03400	0.01037	0.18506	0.01946	0.02601	0.06029	0.34877	0.03248	0.10185	0.01169	0.00311	0.00637	0.01355	0.00624	0.00797
19	0.01760	0.33066	0.29513	0.01688	0.02446	0.07312	0.04691	0.02316	0.04058	0.02070	0.03975	0.01583	0.01221	0.00706	0.00611	0.00197	0.00927	0.00526	0.00352	0.00981
20	0.08846	0.04660	0.01707	0.01218	0.01814	0.01421	0.00993	0.14541	0.07038	0.02894	0.01470	0.01602	0.01163	0.00653	0.00579	0.00152	0.00604	0.00498	0.00508	0.47641
21	0.04419	0.00829	0.01040	0.00970	0.01166	0.00797	0.00711	0.01634	0.01645	0.12817	0.25641	0.10216	0.06641	0.16435	0.08732	0.00425	0.00641	0.01132	0.03398	0.00711
22	0.00903	0.00649	0.00851	0.01005	0.01061	0.00606	0.00682	0.01037	0.01406	0.01859	0.04108	0.65301	0.07962	0.04769	0.01025	0.00309	0.00440	0.04770	0.00666	0.00590
23	0.11685	0.02419	0.05199	0.04461	0.02217	0.27057	0.01349	0.23476	0.02327	0.07524	0.01497	0.01610	0.01114	0.00791	0.00657	0.00208	0.00945	0.00556	0.03917	0.00991
24	0.11061	0.10405	0.25697	0.05099	0.02554	0.01817	0.05030	0.11748	0.05322	0.12166	0.01612	0.01715	0.01152	0.00749	0.00661	0.00221	0.00856	0.00584	0.00492	0.01057
25	0.01057	0.00705	0.00793	0.00793	0.00793	0.00705	0.00440	0.01057	0.01057	0.01409	0.02290	0.04757	0.02643	0.74454	0.03700	0.00705	0.00705	0.01057	0.00440	0.00440
26	0.01152	0.00826	0.01006	0.00938	0.01160	0.00774	0.00711	0.01591	0.07100	0.05692	0.48539	0.05417	0.19343	0.01496	0.00843	0.00233	0.00378	0.01297	0.00774	0.00731
27	0.73911	0.01472	0.01127	0.01001	0.01453	0.04081	0.00820	0.02218	0.01299	0.05812	0.01088	0.01236	0.00832	0.00686	0.00468	0.00224	0.00591	0.00409	0.00465	0.00807
28	0.02223	0.01044	0.01226	0.01022	0.01384	0.01008	0.00817	0.10148	0.01953	0.27838	0.02480	0.02509	0.01766	0.00869	0.00616	0.00196	0.00496	0.00694	0.40763	0.00949
29	0.01901	0.68704	0.09626	0.01316	0.01977	0.02773	0.01369	0.02188	0.01482	0.01762	0.01036	0.01198	0.00932	0.00628	0.00486	0.00162	0.00803	0.00402	0.00311	0.00945
30	0.14324	0.01239	0.01541	0.01223	0.01734	0.01153	0.01002	0.03187	0.04615	0.52816	0.07516	0.02511	0.02040	0.00913	0.00699	0.00226	0.00588	0.00728	0.00819	0.01126
31	0.01001	0.00742	0.00933	0.00885	0.01069	0.00674	0.00664	0.01318	0.01992	0.02760	0.59410	0.05685	0.17081	0.01544	0.00858	0.00231	0.00347	0.01350	0.00780	0.00674
32	0.01056	0.00708	0.00809	0.00809	0.00815	0.00714	0.00461	0.01068	0.01062	0.01422	0.02275	0.04674	0.02607	0.71459	0.06646	0.00725	0.00759	0.01045	0.00438	0.00450
33	0.00886	0.00633	0.00843	0.01012	0.01054	0.00590	0.00675	0.01012	0.01392	0.01856	0.04006	0.73979	0.04808	0.02277	0.00928	0.00295	0.00422	0.02066	0.00675	0.00590
34	0.01943	0.74891	0.03809	0.01244	0.01866	0.02876	0.01244	0.02177	0.01477	0.01710	0.01011	0.01166	0.00933	0.00622	0.00466	0.00155	0.00777	0.00389	0.00311	0.00933
35	0.01808	0.01561	0.01644	0.01479	0.01890	0.01808	0.01151	0.03863	0.68606	0.03041	0.02959	0.02712	0.02219	0.00986	0.00740	0.00247	0.00575	0.00822	0.00740	0.01151
36	0.01808	0.01561	0.01644	0.01479	0.01890	0.01808	0.01151	0.03863	0.68606	0.03041	0.02959	0.02712	0.02219	0.00986	0.00740	0.00247	0.00575	0.00822	0.00740	0.01151
37	0.01038	0.00779	0.01168	0.01168	0.01298	0.00909	0.00909	0.01298	0.01168	0.01687	0.01947	0.02856	0.01817	0.05452	0.71573	0.01168	0.01947	0.00779	0.00389	0.00649
38	0.01355	0.00678	0.00678	0.00678	0.00847	0.00678	0.00508	0.01694	0.01524	0.02710	0.02371	0.02710	0.01863	0.00847	0.00508	0.00169	0.00339	0.00678	0.78489	0.00678
39	0.02518	0.08286	0.02205	0.01833	0.02177	0.57884	0.01417	0.02705	0.01899	0.01770	0.01094	0.01336	0.00938	0.00806	0.00861	0.00202	0.10379	0.00484	0.00363	0.00843
40	0.01507	0.01292	0.01507	0.01077	0.01723	0.00969	0.00861	0.01830	0.01507	0.02369	0.01292	0.01507	0.01077	0.00538	0.00538	0.00108	0.00538	0.00431	0.00431	0.78898
41	0.01799	0.01727	0.02950	0.04462	0.69919	0.01727	0.02231	0.02231	0.01655	0.02375	0.01367	0.01799	0.01151	0.00648	0.00720	0.00216	0.00864	0.00648	0.00360	0.01151
42	0.01056	0.00708	0.00809	0.00809	0.00814	0.00713	0.00460	0.01067	0.01062	0.01421	0.02276	0.04677	0.02608	0.71554	0.06552	0.00724	0.00757	0.01045	0.00438	0.00449
43	0.01070	0.00790	0.00980	0.00939	0.01124	0.00739	0.00699	0.04457	0.01981	0.02725	0.49140	0.14351	0.15054	0.01608	0.00860	0.00239	0.00379	0.01411	0.00763	0.00690
44	0.01057	0.00705	0.00793	0.00793	0.00793	0.00705	0.00440	0.01057	0.01057	0.01409	0.02290	0.04757	0.02643	0.74454	0.03700	0.00705	0.00705	0.01057	0.00440	0.00440
45	0.01507	0.01292	0.01507	0.01077	0.01723	0.00969	0.00861	0.01830	0.01507	0.02369	0.01292	0.01507	0.01077	0.00538	0.00538	0.00108	0.00538	0.00431	0.00431	0.78898
46	0.02387	0.01799	0.01990	0.01676	0.04780	0.01979	0.01302	0.49298	0.10633	0.04022	0.04995	0.07863	0.01879	0.01017	0.00750	0.00228	0.00726	0.00816	0.00713	0.01147
47	0.01716	0.01961	0.04289	0.03064	0.03799	0.01838	0.67279	0.02328	0.01716	0.02328	0.01471	0.01961	0.01103	0.00613	0.00858	0.00245	0.01225	0.00858	0.00368	0.00980
48	0.01663	0.23182	0.34211	0.02105	0.02963	0.02061	0.19563	0.02274	0.01567	0.02143	0.01267	0.01546	0.00973	0.00651	0.00673	0.00213	0.01032	0.00581	0.00324	0.01010
49	0.01458	0.03760	0.70688	0.02072	0.03146	0.01688	0.02686	0.02302	0.01535	0.02302	0.01304	0.01535	0.00921	0.00691	0.00691	0.00230	0.01074	0.00537	0.00307	0.01074
50	0.02763	0.02036	0.02182	0.01672	0.02254	0.02254	0.01382	0.67496	0.03418	0.04581	0.01745	0.01745	0.01236	0.00873	0.00727	0.00218	0.00800	0.00654	0.00727	0.01236
51	0.00945	0.00740	0.00856	0.00827	0.01035	0.00650	0.00620	0.01210	0.01861	0.02448	0.39006	0.06199	0.37680	0.01660	0.00858	0.00237	0.00355	0.01422	0.00739	0.00650
52	0.08300	0.54113	0.14363	0.01382	0.02053	0.05630	0.01447	0.02226	0.01492	0.01937	0.01063	0.01234	0.00919	0.00643	0.00510	0.00175	0.00832	0.00417	0.00325	0.00940
53	0.01066	0.00820	0.01221	0.01205	0.01329	0.00975	0.00943	0.01321	0.01165	0.01691	0.01897	0.02792	0.01774	0.05242	0.68096	0.01126	0.05524	0.00772	0.00386	0.00656
54	0.00964	0.00740	0.00882	0.00846	0.01046	0.00658	0.00635	0.01246	0.01904	0.02550	0.45715	0.06030	0.30907	0.01622	0.00858	0.00235	0.00353	0.01399	0.00752	0.00658
55	0.01350	0.00809	0.01043	0.00945	0.01176	0.00735	0.00722	0.01674	0.02009	0.12350	0.52908	0.04967	0.09680	0.01392	0.00822	0.00226	0.00383	0.01213	0.04838	0.00759
56	0.13189	0.05439	0.07461	0.07560	0.02419	0.10920	0.01451	0.36662	0.02543	0.03506	0.01459	0.01585	0.01075	0.00792	0.00665	0.00215	0.00867	0.00573	0.00558	0.01062
57	0.01334	0.00812	0.01061	0.00959	0.01189	0.00736	0.00733	0.01661	0.02042	0.12348	0.57188	0.05090	0.09165	0.01421	0.00840	0.00229	0.00383	0.01243	0.00808	0.00760
58	0.00903	0.00738	0.00797	0.00782	0.01009	0.00632	0.00587	0.01128	0.01760	0.02208	0.23334	0.06593	0.53502	0.01750	0.00859	0.00241	0.00362	0.01478	0.00707	0.00632
59	0.01843	0.21473	0.31755	0.02046	0.06086	0.14144	0.08530	0.02374	0.01635	0.02067	0.01218	0.01458	0.00956	0.00673	0.00646	0.00205	0.01045	0.00525	0.00328	0.00993
60	0.04213	0.01513	0.02559	0.38030	0.25643	0.01683	0.08035	0.02135	0.05021	0.02177	0.01410	0.01910	0.01099	0.00702	0.00728	0.00234	0.00924	0.00667	0.00365	0.00952
61	0.01111	0.01002	0.04552	0.00950	0.01238	0.00856	0.00783	0.04868	0.04949	0.02310	0.12872	0.05321	0.40195	0.01931	0.07794	0.00327	0.00588	0.01238	0.06402	0.00713
62	0.46323	0.09092	0.06238	0.06880	0.01955	0.01802	0.01133	0.08559	0.05032	0.03034	0.03286	0.01526	0.01126	0.00734	0.00544	0.00220	0.00668	0.00498	0.00469	0.00882
63	0.26941	0.01513	0.09418	0.06215	0.06904	0.01342	0.01223	0.04490	0.01662	0.10592	0.14580	0.07909	0.02438	0.00989	0.00673	0.00232	0.00634	0.00798	0.00564	0.00883

[dist]
# distance from previous block
# <min> <max>
0	11

[block]
# block no. 3 follows, 28 sequences, length 89
# corresponding to MSA columns:
# 285-373
name=unknown_D
#
# <colnr> <probs for GDERKNQSTAVLIFYWHMCP>
#	G	D	E	R	K	N	Q	S	T	A	V	L	I	F	Y	W	H	M	C	P
0	0.05381	0.09566	0.05183	0.03879	0.57330	0.01844	0.02074	0.02223	0.01613	0.02342	0.01311	0.01695	0.01104	0.00648	0.00679	0.00210	0.00847	0.00605	0.00357	0.01109
1	0.05400	0.05131	0.02353	0.11903	0.21005	0.22003	0.01665	0.14373	0.04807	0.02575	0.01393	0.01654	0.01101	0.00743	0.00683	0.00211	0.00967	0.00583	0.00444	0.01008
2	0.00992	0.00742	0.00921	0.00876	0.01064	0.00670	0.00657	0.01301	0.01972	0.02711	0.56196	0.05766	0.20326	0.01562	0.00858	0.00232	0.00348	0.01362	0.00773	0.00670
3	0.00886	0.00633	0.00843	0.01012	0.01054	0.00590	0.00675	0.01012	0.01392	0.01856	0.04006	0.73979	0.04808	0.02277	0.00928	0.00295	0.00422	0.02066	0.00675	0.00590
4	0.01057	0.00705	0.00793	0.00793	0.00793	0.00705	0.00440	0.01057	0.01057	0.01409	0.02290	0.04757	0.02643	0.74454	0.03700	0.00705	0.00705	0.01057	0.00440	0.00440
5	0.00886	0.00633	0.00843	0.01012	0.01054	0.00590	0.00675	0.01012	0.01392	0.01856	0.04006	0.73979	0.04808	0.02277	0.00928	0.00295	0.00422	0.02066	0.00675	0.00590
6	0.01000	0.00742	0.00932	0.00885	0.01069	0.00674	0.00664	0.01317	0.01991	0.02756	0.59124	0.05692	0.17370	0.01545	0.00858	0.00231	0.00347	0.01351	0.00779	0.00674
7	0.03261	0.01237	0.01687	0.01293	0.01856	0.01068	0.01068	0.03543	0.02081	0.70423	0.02868	0.02474	0.01799	0.00900	0.00731	0.00225	0.00619	0.00731	0.00900	0.01237
8	0.01808	0.01561	0.01644	0.01479	0.01890	0.01808	0.01151	0.03863	0.68606	0.03041	0.02959	0.02712	0.02219	0.00986	0.00740	0.00247	0.00575	0.00822	0.00740	0.01151
9	0.01038	0.00779	0.01168	0.01168	0.01298	0.00909	0.00909	0.01298	0.01168	0.01687	0.01947	0.02856	0.01817	0.05452	0.71573	0.01168	0.01947	0.00779	0.00389	0.00649
10	0.01029	0.00743	0.00972	0.00914	0.01086	0.00686	0.00686	0.01372	0.02058	0.02915	0.69536	0.05430	0.06859	0.01486	0.00857	0.00229	0.00343	0.01315	0.00800	0.00686
11	0.00906	0.00738	0.00802	0.00786	0.01011	0.00634	0.00589	0.01135	0.01768	0.02229	0.24679	0.06560	0.52144	0.01742	0.00859	0.00241	0.00361	0.01473	0.00710	0.00634
12	0.79588	0.01406	0.01068	0.00956	0.01406	0.01631	0.00787	0.02137	0.01237	0.03261	0.01012	0.01181	0.00787	0.00675	0.00450	0.00225	0.00562	0.00394	0.00450	0.00787
13	0.01799	0.01727	0.02950	0.04462	0.69919	0.01727	0.02231	0.02231	0.01655	0.02375	0.01367	0.01799	0.01151	0.00648	0.00720	0.00216	0.00864	0.00648	0.00360	0.01151
14	0.01458	0.03760	0.70688	0.02072	0.03146	0.01688	0.02686	0.02302	0.01535	0.02302	0.01304	0.01535	0.00921	0.00691	0.00691	0.00230	0.01074	0.00537	0.00307	0.01074
15	0.01708	0.01635	0.02787	0.18966	0.56124	0.01703	0.02186	0.02151	0.01612	0.02265	0.01351	0.01829	0.01113	0.00664	0.00721	0.00221	0.00886	0.00647	0.00352	0.01078
16	0.00859	0.00736	0.00736	0.00736	0.00982	0.00614	0.00552	0.01043	0.01657	0.01964	0.07364	0.06996	0.69624	0.01841	0.00859	0.00245	0.00368	0.01534	0.00675	0.00614
17	0.00886	0.00633	0.00843	0.01012	0.01054	0.00590	0.00675	0.01012	0.01392	0.01856	0.04006	0.73979	0.04808	0.02277	0.00928	0.00295	0.00422	0.02066	0.00675	0.00590
18	0.00940	0.00698	0.00878	0.00934	0.01066	0.00636	0.00671	0.01160	0.01687	0.02259	0.27648	0.34551	0.18330	0.01905	0.00892	0.00263	0.00392	0.03740	0.00719	0.00631
19	0.04694	0.03580	0.64761	0.02071	0.03104	0.01693	0.05578	0.02296	0.01531	0.02343	0.01300	0.01540	0.00924	0.00686	0.00688	0.00231	0.01060	0.00546	0.00316	0.01058
20	0.00915	0.00727	0.00822	0.00822	0.01022	0.00634	0.00607	0.01144	0.01755	0.02252	0.26632	0.13630	0.42914	0.01775	0.00866	0.00245	0.00366	0.01521	0.00714	0.00634
21	0.03032	0.01464	0.01808	0.01393	0.01941	0.01420	0.01143	0.23109	0.02456	0.47806	0.02503	0.02329	0.01655	0.03433	0.00832	0.00239	0.00677	0.00719	0.00831	0.01209
22	0.01520	0.01433	0.02432	0.55142	0.13885	0.01675	0.06465	0.04960	0.01590	0.02087	0.01336	0.01911	0.01016	0.00715	0.00735	0.00238	0.00964	0.00661	0.00350	0.00887
23	0.01391	0.01409	0.05034	0.67434	0.07172	0.01622	0.02054	0.01889	0.01464	0.01893	0.01295	0.01917	0.00973	0.00723	0.00725	0.00241	0.00970	0.00642	0.00324	0.00830
24	0.01317	0.00699	0.00744	0.03206	0.00996	0.00708	0.00563	0.01630	0.01486	0.02560	0.02394	0.05667	0.02002	0.05792	0.00745	0.00213	0.00388	0.00757	0.67472	0.00663
25	0.14561	0.04123	0.02526	0.08495	0.29768	0.18062	0.07836	0.02351	0.01667	0.02315	0.01247	0.01593	0.01017	0.00678	0.00667	0.00214	0.00959	0.00577	0.00374	0.00971
26	0.01402	0.01249	0.02054	0.58829	0.09334	0.01509	0.01850	0.01865	0.01477	0.02000	0.01429	0.02022	0.01092	0.00736	0.00700	0.00231	0.00884	0.00650	0.09868	0.00817
27	0.01799	0.01727	0.02950	0.04462	0.69919	0.01727	0.02231	0.02231	0.01655	0.02375	0.01367	0.01799	0.01151	0.00648	0.00720	0.00216	0.00864	0.00648	0.00360	0.01151
28	0.00897	0.00738	0.00789	0.00776	0.01005	0.00630	0.00582	0.01116	0.01746	0.02176	0.21231	0.06646	0.55625	0.01762	0.00859	0.00242	0.00363	0.01485	0.00703	0.00630
29	0.01381	0.01226	0.01679	0.01500	0.01549	0.01598	0.01210	0.01570	0.01249	0.01889	0.07515	0.02816	0.01978	0.10167	0.10196	0.00444	0.42080	0.03725	0.05513	0.00714
30	0.01029	0.00743	0.00972	0.00914	0.01086	0.00686	0.00686	0.01372	0.02058	0.02915	0.69536	0.05430	0.06859	0.01486	0.00857	0.00229	0.00343	0.01315	0.00800	0.00686
31	0.01976	0.67544	0.06209	0.01316	0.01939	0.07323	0.01309	0.02229	0.01517	0.01737	0.01029	0.01189	0.00933	0.00633	0.00487	0.00160	0.00823	0.00399	0.00315	0.00932
32	0.32387	0.05002	0.04183	0.05921	0.01941	0.01504	0.01096	0.07412	0.01720	0.24366	0.01779	0.03736	0.01289	0.00801	0.00605	0.00220	0.00649	0.00590	0.00598	0.04201
33	0.01417	0.01321	0.02229	0.62799	0.12198	0.01597	0.02000	0.01871	0.01461	0.01897	0.01300	0.01931	0.00999	0.00773	0.00791	0.02666	0.00947	0.00646	0.00327	0.00831
34	0.01799	0.01727	0.02950	0.04462	0.69919	0.01727	0.02231	0.02231	0.01655	0.02375	0.01367	0.01799	0.01151	0.00648	0.00720	0.00216	0.00864	0.00648	0.00360	0.01151
35	0.01139	0.00821	0.01130	0.01288	0.01453	0.00812	0.01111	0.01455	0.01659	0.02147	0.04063	0.11305	0.08056	0.02011	0.00992	0.00328	0.00640	0.58259	0.00670	0.00662
36	0.08259	0.04864	0.29111	0.01664	0.02404	0.01742	0.01761	0.19318	0.05181	0.13026	0.04507	0.01902	0.01426	0.00811	0.00689	0.00224	0.00833	0.00625	0.00554	0.01100
37	0.00981	0.00744	0.00905	0.00873	0.01067	0.00668	0.00660	0.01274	0.01921	0.02596	0.48088	0.06007	0.26242	0.01613	0.00863	0.00237	0.00362	0.03478	0.00757	0.00663
38	0.00886	0.00633	0.00843	0.01012	0.01054	0.00590	0.00675	0.01012	0.01392	0.01856	0.04006	0.73979	0.04808	0.02277	0.00928	0.00295	0.00422	0.02066	0.00675	0.00590
39	0.15834	0.01764	0.07857	0.32718	0.07275	0.07264	0.01690	0.06465	0.01600	0.02389	0.01292	0.01709	0.00994	0.00752	0.00738	0.00231	0.04372	0.00578	0.03604	0.00873
40	0.01511	0.00884	0.01130	0.01004	0.01274	0.00812	0.00775	0.01910	0.05240	0.16754	0.46973	0.04830	0.11247	0.01373	0.00826	0.00230	0.00413	0.01190	0.00806	0.00815
41	0.00886	0.00633	0.00843	0.01012	0.01054	0.00590	0.00675	0.01012	0.01392	0.01856	0.04006	0.73979	0.04808	0.02277	0.00928	0.00295	0.00422	0.02066	0.00675	0.00590
42	0.76890	0.01487	0.03473	0.00994	0.01466	0.01633	0.00853	0.02142	0.01247	0.03228	0.01022	0.01193	0.00792	0.00675	0.00458	0.00225	0.00580	0.00399	0.00445	0.00797
43	0.01193	0.00906	0.01237	0.01181	0.01273	0.01091	0.00911	0.01409	0.01210	0.01836	0.01942	0.05498	0.01871	0.12223	0.35751	0.00753	0.15310	0.00817	0.12935	0.00654
44	0.70112	0.01612	0.06341	0.01073	0.01576	0.01664	0.00958	0.05228	0.01362	0.03252	0.01069	0.01234	0.00818	0.00685	0.00481	0.00225	0.00612	0.00417	0.00452	0.00830
45	0.04879	0.18581	0.53701	0.01851	0.02804	0.01935	0.02303	0.02269	0.01510	0.02219	0.01230	0.01442	0.00918	0.00676	0.00633	0.00214	0.00990	0.00500	0.00314	0.01032
46	0.07944	0.27588	0.07675	0.01500	0.02122	0.02385	0.01386	0.35163	0.02444	0.03315	0.01403	0.01486	0.01075	0.00757	0.00613	0.00198	0.00795	0.00534	0.00531	0.01086
47	0.69950	0.01610	0.06792	0.01195	0.04458	0.01639	0.01002	0.02154	0.01279	0.03146	0.01051	0.01236	0.00814	0.00675	0.00481	0.00225	0.00617	0.00416	0.00434	0.00826
48	0.01203	0.01102	0.08457	0.01124	0.01409	0.00835	0.00995	0.01595	0.01941	0.05911	0.48585	0.05321	0.05559	0.01458	0.00857	0.00246	0.00486	0.11436	0.00731	0.00751
49	0.01057	0.00705	0.00793	0.00793	0.00793	0.00705	0.00440	0.01057	0.01057	0.01409	0.02290	0.04757	0.02643	0.74454	0.03700	0.00705	0.00705	0.01057	0.00440	0.00440
50	0.01808	0.01561	0.01644	0.01479	0.01890	0.01808	0.01151	0.03863	0.68606	0.03041	0.02959	0.02712	0.02219	0.00986	0.00740	0.00247	0.00575	0.00822	0.00740	0.01151
51	0.01515	0.03157	0.52830	0.01895	0.02788	0.01671	0.02270	0.02599	0.16027	0.02487	0.04560	0.01954	0.01453	0.00788	0.00708	0.00234	0.00936	0.00632	0.00421	0.01074
52	0.01820	0.50821	0.03093	0.01409	0.05031	0.06988	0.01210	0.02055	0.01546	0.01862	0.08560	0.01900	0.01689	0.05090	0.00812	0.00208	0.04093	0.00558	0.00379	0.00875
53	0.06657	0.06609	0.55697	0.01971	0.05342	0.01673	0.02340	0.02219	0.01552	0.02383	0.05900	0.01768	0.01324	0.00739	0.00677	0.00226	0.00969	0.00578	0.00352	0.01025
54	0.04899	0.02015	0.04447	0.03552	0.02105	0.12271	0.01294	0.39048	0.02646	0.03485	0.01950	0.12107	0.01697	0.01038	0.00726	0.00224	0.00810	0.00818	0.03840	0.01028
55	0.01561	0.03456	0.60693	0.02196	0.05466	0.01676	0.07338	0.02351	0.01574	0.05043	0.01382	0.01613	0.00977	0.00692	0.00705	0.00231	0.01060	0.00572	0.00337	0.01077
56	0.02448	0.01879	0.02004	0.01609	0.02134	0.02107	0.01305	0.46474	0.24953	0.04072	0.02146	0.02065	0.01561	0.00910	0.00731	0.00228	0.00726	0.00710	0.00731	0.01208
57	0.02144	0.58581	0.03395	0.01359	0.01934	0.15135	0.01264	0.02371	0.01610	0.04959	0.01118	0.01254	0.00974	0.00658	0.00513	0.00164	0.00866	0.00419	0.00350	0.00931
58	0.01011	0.00742	0.00947	0.00896	0.01075	0.00678	0.00672	0.01337	0.02015	0.02814	0.62919	0.05596	0.13539	0.01524	0.00858	0.00230	0.00346	0.01338	0.00787	0.00678
59	0.01590	0.01590	0.02226	0.01908	0.01908	0.02226	0.01590	0.01749	0.01113	0.01749	0.00954	0.01590	0.00954	0.01272	0.02385	0.00318	0.73123	0.00636	0.00318	0.00795
60	0.01029	0.00743	0.00972	0.00914	0.01086	0.00686	0.00686	0.01372	0.02058	0.02915	0.69536	0.05430	0.06859	0.01486	0.00857	0.00229	0.00343	0.01315	0.00800	0.00686
61	0.01013	0.00742	0.00949	0.00898	0.01076	0.00679	0.00673	0.01341	0.02020	0.02825	0.63662	0.05578	0.12789	0.01520	0.00858	0.00230	0.00345	0.01335	0.00788	0.00679
62	0.79588	0.01406	0.01068	0.00956	0.01406	0.01631	0.00787	0.02137	0.01237	0.03261	0.01012	0.01181	0.00787	0.00675	0.00450	0.00225	0.00562	0.00394	0.00450	0.00787
63	0.01263	0.00631	0.00947	0.00947	0.00947	0.00631	0.00631	0.00947	0.00947	0.01263	0.01263	0.02210	0.01263	0.02525	0.02841	0.78851	0.00631	0.00631	0.00316	0.00316
64	0.02715	0.03464	0.02060	0.01873	0.02247	0.71536	0.01404	0.02903	0.02060	0.01779	0.01124	0.01311	0.00936	0.00749	0.00655	0.00187	0.01311	0.00468	0.00375	0.00843
65	0.01034	0.00747	0.00979	0.00930	0.01102	0.00692	0.00704	0.01377	0.02043	0.02887	0.67061	0.05534	0.06758	0.01506	0.00863	0.00233	0.00355	0.03715	0.00795	0.00685
