[name]
unknown

[dist]
# distance from previous block
# <min> <max>
2	53

[block]
# block no. 0 follows, 27 sequences, length 13
# corresponding to MSA columns:
# 56-68
name=unknown_A
#
# <colnr> <probs for GDERKNQSTAVLIFYWHMCP>
#	G	D	E	R	K	N	Q	S	T	A	V	L	I	F	Y	W	H	M	C	P
0	0.01635	0.05355	0.06520	0.01776	0.02183	0.03851	0.12576	0.07210	0.01698	0.02378	0.08055	0.10992	0.02103	0.01103	0.01160	0.00243	0.17796	0.00884	0.00477	0.12005
1	0.01964	0.01693	0.08656	0.01400	0.01883	0.04700	0.01233	0.10384	0.01839	0.11744	0.01808	0.04287	0.01434	0.00882	0.00892	0.00203	0.10609	0.00648	0.12834	0.20904
2	0.10962	0.02288	0.06844	0.01739	0.02204	0.23709	0.08655	0.10620	0.04140	0.06295	0.01921	0.13642	0.01749	0.01030	0.00734	0.00232	0.00943	0.00843	0.00525	0.00927
3	0.06408	0.01440	0.06460	0.13005	0.02386	0.01384	0.06638	0.10353	0.01794	0.05732	0.08238	0.10207	0.02251	0.05407	0.05558	0.00328	0.03450	0.00906	0.04334	0.03721
4	0.01649	0.05819	0.01403	0.05911	0.01564	0.01284	0.00916	0.10598	0.01770	0.02791	0.01979	0.02310	0.01565	0.00870	0.00743	0.00195	0.07270	0.00651	0.46089	0.04621
5	0.14588	0.06783	0.01906	0.01495	0.01939	0.22938	0.01191	0.08552	0.05142	0.06885	0.01511	0.04206	0.01251	0.00845	0.00767	0.00206	0.06343	0.00582	0.00493	0.12378
6	0.01700	0.12598	0.47452	0.02007	0.02909	0.01979	0.05517	0.08349	0.01721	0.02456	0.01321	0.01564	0.00984	0.00748	0.00800	0.00231	0.05673	0.00563	0.00358	0.01071
7	0.01829	0.01668	0.02599	0.03635	0.49761	0.01710	0.01930	0.06618	0.10458	0.02712	0.07968	0.02303	0.01870	0.00802	0.00751	0.00226	0.00790	0.00749	0.00485	0.01137
8	0.01384	0.00692	0.00692	0.00692	0.00865	0.00692	0.00519	0.01730	0.01557	0.02768	0.02422	0.02768	0.01903	0.00865	0.00519	0.00173	0.00346	0.00692	0.78031	0.00692
9	0.79154	0.01436	0.01091	0.00976	0.01436	0.01665	0.00804	0.02182	0.01263	0.03331	0.01034	0.01206	0.00804	0.00689	0.00459	0.00230	0.00574	0.00402	0.00459	0.00804
10	0.02481	0.10265	0.02465	0.04650	0.06677	0.32510	0.04581	0.18119	0.06597	0.02647	0.01449	0.01610	0.01138	0.00783	0.00689	0.00206	0.01061	0.00576	0.00483	0.01012
11	0.00970	0.00682	0.00834	0.00928	0.00969	0.00650	0.00588	0.01054	0.01308	0.01727	0.03653	0.42495	0.08459	0.29835	0.02032	0.00459	0.00538	0.01677	0.00597	0.00546
12	0.01882	0.10298	0.08962	0.02079	0.06635	0.06368	0.06623	0.10816	0.01691	0.02319	0.01316	0.04239	0.01175	0.01024	0.01429	0.00262	0.30853	0.00675	0.00403	0.00949

[dist]
# distance from previous block
# <min> <max>
0	1

[block]
# block no. 1 follows, 27 sequences, length 10
# corresponding to MSA columns:
# 70-79
name=unknown_B
#
# <colnr> <probs for GDERKNQSTAVLIFYWHMCP>
#	G	D	E	R	K	N	Q	S	T	A	V	L	I	F	Y	W	H	M	C	P
0	0.00947	0.00749	0.00853	0.00839	0.01049	0.00654	0.00625	0.01196	0.01838	0.02382	0.31477	0.10139	0.41092	0.01762	0.00881	0.00247	0.00369	0.01508	0.00740	0.00654
1	0.01979	0.01521	0.01735	0.01275	0.01913	0.01349	0.01034	0.19466	0.02096	0.06559	0.01529	0.01657	0.01182	0.00661	0.00612	0.00147	0.00626	0.00518	0.00547	0.53596
2	0.01078	0.00726	0.00841	0.00841	0.00852	0.00737	0.00489	0.01100	0.01089	0.01462	0.02311	0.04701	0.02631	0.68368	0.09228	0.00758	0.00823	0.01057	0.00446	0.00467
3	0.01539	0.01319	0.01539	0.01100	0.01759	0.00990	0.00880	0.01869	0.01539	0.02419	0.01319	0.01539	0.01100	0.00550	0.00550	0.00110	0.00550	0.00440	0.00440	0.78449
4	0.01080	0.00720	0.00810	0.00810	0.00810	0.00720	0.00450	0.01080	0.01080	0.01439	0.02339	0.04858	0.02699	0.73910	0.03779	0.00720	0.00720	0.01080	0.00450	0.00450
5	0.01478	0.01347	0.01939	0.01682	0.01789	0.01733	0.04482	0.04843	0.01297	0.01914	0.01448	0.02277	0.01389	0.07738	0.23338	0.00610	0.38808	0.00737	0.00379	0.00772
6	0.00976	0.00705	0.00934	0.01062	0.01158	0.00663	0.00773	0.01180	0.01590	0.02124	0.14179	0.48228	0.08432	0.02131	0.00946	0.00295	0.00460	0.12822	0.00708	0.00633
7	0.02731	0.03159	0.02178	0.02019	0.05992	0.53871	0.01476	0.15245	0.02349	0.02403	0.01284	0.01452	0.01027	0.00784	0.00687	0.00199	0.01213	0.00525	0.00451	0.00956
8	0.02199	0.02069	0.02418	0.07256	0.11702	0.12729	0.08192	0.20659	0.13282	0.03002	0.01720	0.01905	0.01317	0.00826	0.00815	0.00227	0.04199	0.00677	0.00539	0.04267
9	0.02502	0.01906	0.02052	0.01603	0.02174	0.02070	0.01308	0.48217	0.14633	0.04140	0.01947	0.01928	0.01421	0.00872	0.00723	0.00215	0.00746	0.00672	0.00710	0.10161

[dist]
# distance from previous block
# <min> <max>
1	9

[block]
# block no. 2 follows, 27 sequences, length 13
# corresponding to MSA columns:
# 89-101
name=unknown_C
#
# <colnr> <probs for GDERKNQSTAVLIFYWHMCP>
#	G	D	E	R	K	N	Q	S	T	A	V	L	I	F	Y	W	H	M	C	P
0	0.02454	0.04947	0.02063	0.01506	0.02102	0.01904	0.01241	0.39602	0.07794	0.08728	0.01823	0.01832	0.01331	0.00813	0.00688	0.00197	0.00723	0.00623	0.00669	0.18962
1	0.02126	0.37981	0.05614	0.01376	0.01946	0.05206	0.01269	0.10396	0.05818	0.09432	0.06195	0.01889	0.01615	0.00955	0.03023	0.00224	0.00807	0.00583	0.00502	0.03043
2	0.02867	0.04759	0.01758	0.01286	0.01830	0.01215	0.01062	0.05804	0.04793	0.51182	0.05777	0.02729	0.05064	0.00956	0.00734	0.00221	0.00616	0.00776	0.00833	0.05736
3	0.01080	0.00720	0.00810	0.00810	0.00810	0.00720	0.00450	0.01080	0.01080	0.01439	0.02339	0.04858	0.02699	0.73910	0.03779	0.00720	0.00720	0.01080	0.00450	0.00450
4	0.11514	0.01449	0.02082	0.26017	0.08405	0.01842	0.01667	0.01871	0.01334	0.02082	0.01318	0.05937	0.01206	0.01038	0.01375	0.00276	0.28676	0.00708	0.00369	0.00833
5	0.00913	0.00652	0.00869	0.01028	0.01079	0.00608	0.00690	0.01054	0.01459	0.01956	0.07715	0.69630	0.05027	0.02281	0.00944	0.00298	0.00426	0.02067	0.00696	0.00608
6	0.02407	0.01835	0.01990	0.01609	0.02116	0.02057	0.01305	0.44531	0.19854	0.03998	0.02120	0.02142	0.01576	0.01357	0.07293	0.00321	0.00867	0.00724	0.00714	0.01184
7	0.01384	0.00692	0.00692	0.00692	0.00865	0.00692	0.00519	0.01730	0.01557	0.02768	0.02422	0.02768	0.01903	0.00865	0.00519	0.00173	0.00346	0.00692	0.78031	0.00692
8	0.01461	0.01232	0.05372	0.01217	0.01517	0.01127	0.00973	0.11178	0.11300	0.05375	0.06118	0.29407	0.14368	0.04612	0.00970	0.00282	0.00558	0.01409	0.00688	0.00839
9	0.02533	0.03180	0.02320	0.02003	0.02425	0.58000	0.09780	0.02780	0.02035	0.01900	0.01559	0.01757	0.04878	0.00811	0.00708	0.00202	0.01272	0.00592	0.00399	0.00865
10	0.02575	0.01895	0.02052	0.01621	0.02144	0.02083	0.01318	0.58328	0.03224	0.04320	0.02080	0.11015	0.01733	0.01076	0.00769	0.00233	0.00767	0.00854	0.00736	0.01177
11	0.02258	0.02075	0.01892	0.01634	0.02089	0.14822	0.01281	0.19149	0.39904	0.03251	0.02369	0.02262	0.01777	0.00934	0.00736	0.00233	0.00784	0.00730	0.00683	0.01138
12	0.02318	0.01973	0.01893	0.01599	0.02073	0.10841	0.01267	0.25401	0.32876	0.05597	0.02500	0.02383	0.03970	0.00962	0.00744	0.00233	0.00758	0.00755	0.00706	0.01149

[dist]
# distance from previous block
# <min> <max>
5	15

[block]
# block no. 3 follows, 27 sequences, length 13
# corresponding to MSA columns:
# 117-129
name=unknown_D
#
# <colnr> <probs for GDERKNQSTAVLIFYWHMCP>
#	G	D	E	R	K	N	Q	S	T	A	V	L	I	F	Y	W	H	M	C	P
0	0.44431	0.12660	0.01751	0.01222	0.01703	0.11423	0.01015	0.02558	0.06811	0.08469	0.01368	0.01458	0.01051	0.00736	0.00539	0.00216	0.00719	0.00476	0.00490	0.00902
1	0.02211	0.01661	0.01885	0.01548	0.01948	0.01865	0.01251	0.38511	0.05359	0.05923	0.02551	0.12104	0.07345	0.01232	0.01017	0.00251	0.10655	0.00947	0.00680	0.01054
2	0.01691	0.02113	0.12916	0.02635	0.06995	0.04178	0.38321	0.05163	0.01797	0.02449	0.05991	0.05137	0.01678	0.01023	0.04212	0.00290	0.01134	0.00871	0.00426	0.00979
3	0.06973	0.02036	0.02061	0.05043	0.02325	0.07416	0.01370	0.44510	0.13986	0.03984	0.01877	0.01891	0.01368	0.00882	0.00723	0.00227	0.00813	0.00667	0.00681	0.01170
4	0.01061	0.00795	0.01193	0.01193	0.01326	0.00928	0.00928	0.01326	0.01193	0.01723	0.01988	0.02916	0.01856	0.05568	0.70968	0.01193	0.01988	0.00795	0.00398	0.00663
5	0.04697	0.01519	0.02681	0.43638	0.07909	0.01687	0.17143	0.02111	0.03812	0.02162	0.01413	0.01952	0.01073	0.00708	0.00753	0.00240	0.00995	0.00696	0.00367	0.04443
6	0.00960	0.00750	0.00870	0.00851	0.01056	0.00660	0.00634	0.01222	0.01872	0.02457	0.36234	0.09560	0.36753	0.01731	0.00880	0.00245	0.00366	0.01487	0.00750	0.00660
7	0.00899	0.00668	0.00838	0.00974	0.01061	0.00608	0.00663	0.01040	0.01479	0.01918	0.04817	0.59404	0.18463	0.02232	0.00933	0.00291	0.00419	0.01995	0.00689	0.00608
8	0.01590	0.05871	0.38572	0.02214	0.02951	0.01942	0.13457	0.02206	0.01487	0.02186	0.01258	0.01642	0.00982	0.00841	0.01169	0.00258	0.19423	0.00625	0.00327	0.01001
9	0.01070	0.00716	0.00813	0.00822	0.00825	0.00713	0.00463	0.01077	0.01099	0.01465	0.02438	0.08733	0.02824	0.69865	0.03619	0.00696	0.00703	0.01138	0.00463	0.00458
10	0.01066	0.00714	0.00814	0.00828	0.00831	0.00710	0.00469	0.01076	0.01107	0.01476	0.02479	0.10331	0.02875	0.68197	0.03553	0.00686	0.00697	0.01162	0.00469	0.00462
11	0.02421	0.01814	0.01975	0.01544	0.02115	0.01928	0.01256	0.40104	0.15922	0.06699	0.01995	0.01967	0.01458	0.00855	0.00711	0.00209	0.00716	0.00665	0.00699	0.14948
12	0.02033	0.70030	0.03781	0.01309	0.01929	0.07092	0.01280	0.02268	0.01545	0.01751	0.01039	0.01200	0.00953	0.00643	0.00488	0.00161	0.00827	0.00402	0.00322	0.00947

[dist]
# distance from previous block
# <min> <max>
0	2

[block]
# block no. 4 follows, 27 sequences, length 8
# corresponding to MSA columns:
# 132-139
name=unknown_E
#
# <colnr> <probs for GDERKNQSTAVLIFYWHMCP>
#	G	D	E	R	K	N	Q	S	T	A	V	L	I	F	Y	W	H	M	C	P
0	0.72320	0.01420	0.01148	0.01007	0.01477	0.01614	0.00830	0.02312	0.01341	0.09321	0.01204	0.01325	0.00897	0.00710	0.00485	0.00230	0.00579	0.00433	0.00501	0.00845
1	0.00944	0.00721	0.00867	0.00900	0.01061	0.00644	0.00649	0.01168	0.01746	0.02298	0.27102	0.27137	0.28285	0.01896	0.00899	0.00261	0.00384	0.01660	0.00732	0.00644
2	0.00904	0.00646	0.00861	0.01034	0.01077	0.00603	0.00689	0.01034	0.01421	0.01895	0.04092	0.73426	0.04910	0.02326	0.00948	0.00301	0.00431	0.02110	0.00689	0.00603
3	0.01051	0.00759	0.00992	0.00934	0.01109	0.00700	0.00700	0.01401	0.02101	0.02977	0.68888	0.05545	0.07005	0.01518	0.00876	0.00233	0.00350	0.01343	0.00817	0.00700
4	0.01985	0.74357	0.03890	0.01270	0.01905	0.02937	0.01270	0.02223	0.01508	0.01747	0.01032	0.01191	0.00953	0.00635	0.00476	0.00159	0.00794	0.00397	0.00318	0.00953
5	0.01080	0.00720	0.00810	0.00810	0.00810	0.00720	0.00450	0.01080	0.01080	0.01439	0.02339	0.04858	0.02699	0.73910	0.03779	0.00720	0.00720	0.01080	0.00450	0.00450
6	0.01685	0.01406	0.01618	0.01169	0.01821	0.01139	0.00940	0.09248	0.01761	0.02676	0.01372	0.01567	0.01118	0.00589	0.00572	0.00123	0.00580	0.00466	0.00474	0.69678
7	0.34818	0.05992	0.02055	0.01583	0.02093	0.17213	0.08558	0.14655	0.01941	0.03059	0.01254	0.01435	0.00969	0.00734	0.00608	0.00218	0.00878	0.00523	0.00479	0.00934

[dist]
# distance from previous block
# <min> <max>
1	15

[block]
# block no. 5 follows, 27 sequences, length 12
# corresponding to MSA columns:
# 155-166
name=unknown_F
#
# <colnr> <probs for GDERKNQSTAVLIFYWHMCP>
#	G	D	E	R	K	N	Q	S	T	A	V	L	I	F	Y	W	H	M	C	P
0	0.02109	0.01580	0.01772	0.01453	0.01892	0.01706	0.01154	0.30293	0.13960	0.05836	0.02169	0.06947	0.01816	0.06550	0.06044	0.00329	0.03171	0.00808	0.00654	0.09755
1	0.01384	0.00692	0.00692	0.00692	0.00865	0.00692	0.00519	0.01730	0.01557	0.02768	0.02422	0.02768	0.01903	0.00865	0.00519	0.00173	0.00346	0.00692	0.78031	0.00692
2	0.01375	0.01276	0.02131	0.66628	0.04804	0.01576	0.01957	0.01858	0.01532	0.01980	0.06537	0.02255	0.01454	0.00802	0.00753	0.00246	0.00940	0.00712	0.00368	0.00815
3	0.01722	0.02037	0.08926	0.09946	0.03689	0.01901	0.45637	0.04681	0.01710	0.02350	0.01424	0.01918	0.01087	0.00726	0.01011	0.00256	0.08830	0.00797	0.00374	0.00980
4	0.01063	0.00784	0.01134	0.01134	0.01246	0.00896	0.00854	0.01288	0.01176	0.01679	0.02043	0.03217	0.01986	0.16141	0.60574	0.01120	0.01792	0.00839	0.00406	0.00630
5	0.02582	0.03209	0.02120	0.02087	0.07857	0.60534	0.01472	0.02799	0.02009	0.01862	0.01224	0.01484	0.01034	0.01071	0.05282	0.00259	0.01343	0.00514	0.00382	0.00874
6	0.07747	0.68912	0.03681	0.01248	0.01870	0.02842	0.01235	0.02220	0.01490	0.01865	0.01032	0.01192	0.00942	0.00639	0.00475	0.00164	0.00778	0.00397	0.00328	0.00942
7	0.00918	0.00652	0.00857	0.01016	0.01056	0.00612	0.00670	0.01037	0.01395	0.01860	0.03955	0.68086	0.04738	0.07900	0.01168	0.00334	0.00453	0.02030	0.00670	0.00591
8	0.02168	0.02497	0.02346	0.17963	0.17661	0.34650	0.01775	0.02479	0.01795	0.01966	0.01226	0.01614	0.01014	0.00782	0.00848	0.00221	0.07142	0.00573	0.00363	0.00918
9	0.02898	0.01957	0.02152	0.01650	0.02241	0.02121	0.01363	0.57336	0.03286	0.14436	0.01954	0.01894	0.01349	0.00895	0.00743	0.00224	0.00789	0.00680	0.00769	0.01263
10	0.01080	0.00720	0.00810	0.00810	0.00810	0.00720	0.00450	0.01080	0.01080	0.01439	0.02339	0.04858	0.02699	0.73910	0.03779	0.00720	0.00720	0.01080	0.00450	0.00450
11	0.40328	0.07538	0.01682	0.03546	0.01849	0.06938	0.01040	0.12645	0.01756	0.03120	0.01217	0.01385	0.00953	0.00703	0.00546	0.00202	0.00698	0.00465	0.00481	0.12907

[dist]
# distance from previous block
# <min> <max>
2	5

[block]
# block no. 6 follows, 27 sequences, length 31
# corresponding to MSA columns:
# 173-193,197-202,205-208
name=unknown_G
#
# <colnr> <probs for GDERKNQSTAVLIFYWHMCP>
#	G	D	E	R	K	N	Q	S	T	A	V	L	I	F	Y	W	H	M	C	P
0	0.42917	0.01460	0.01528	0.06795	0.04537	0.01687	0.01126	0.02530	0.10349	0.10832	0.01554	0.01699	0.01169	0.00824	0.00767	0.00243	0.07975	0.00557	0.00526	0.00925
1	0.02601	0.03115	0.05163	0.02122	0.08509	0.49542	0.01556	0.11541	0.04797	0.02334	0.01337	0.01511	0.01068	0.00779	0.00690	0.00202	0.01186	0.00538	0.00441	0.00967
2	0.06278	0.44179	0.03399	0.01600	0.02222	0.09161	0.11798	0.02282	0.01596	0.02013	0.01149	0.01373	0.00988	0.00641	0.00567	0.00176	0.00884	0.00487	0.00354	0.08855
3	0.01299	0.01112	0.01281	0.01222	0.01321	0.06980	0.00907	0.01470	0.01244	0.01699	0.01903	0.03173	0.01911	0.24405	0.33409	0.00813	0.10848	0.00828	0.03535	0.00638
4	0.01073	0.00717	0.00812	0.00818	0.00820	0.00715	0.00459	0.01078	0.01093	0.01457	0.02406	0.07485	0.02784	0.71167	0.03670	0.00704	0.00709	0.01119	0.00459	0.00456
5	0.56528	0.01544	0.01377	0.01154	0.01652	0.01731	0.00952	0.14931	0.01786	0.10379	0.01373	0.01453	0.00999	0.00752	0.00544	0.00228	0.00627	0.00489	0.00562	0.00940
6	0.00906	0.00746	0.00797	0.00800	0.01025	0.00636	0.00594	0.01115	0.01736	0.02149	0.16821	0.11622	0.54770	0.01856	0.00882	0.00252	0.00376	0.01571	0.00709	0.00636
7	0.02843	0.02045	0.02207	0.01692	0.02285	0.02251	0.01398	0.64149	0.03433	0.07414	0.01830	0.01814	0.01287	0.00892	0.00743	0.00223	0.00809	0.00672	0.00750	0.01263
8	0.03791	0.11499	0.01786	0.09485	0.01944	0.04217	0.01067	0.07840	0.03532	0.10158	0.14382	0.03398	0.05532	0.12839	0.01220	0.00301	0.00690	0.02671	0.00587	0.03060
9	0.01890	0.60814	0.16599	0.01433	0.02157	0.02704	0.01553	0.02248	0.01520	0.01863	0.01090	0.01263	0.00950	0.00649	0.00520	0.00173	0.00852	0.00426	0.00317	0.00980
10	0.02773	0.03538	0.02104	0.01913	0.02295	0.70930	0.01434	0.02964	0.02104	0.01817	0.01148	0.01339	0.00956	0.00765	0.00669	0.00191	0.01339	0.00478	0.00383	0.00861
11	0.01020	0.00753	0.00948	0.00947	0.01113	0.00693	0.00710	0.01304	0.01882	0.02566	0.43019	0.12975	0.16981	0.04826	0.01022	0.00274	0.00409	0.07137	0.00754	0.00666
12	0.00930	0.00730	0.00816	0.00840	0.01014	0.00643	0.00597	0.01113	0.01642	0.02078	0.15874	0.19223	0.40443	0.09262	0.01187	0.00306	0.00417	0.01585	0.00685	0.00616
13	0.68050	0.01446	0.01206	0.01044	0.01521	0.01635	0.00860	0.05176	0.01449	0.10175	0.01260	0.01366	0.00930	0.00721	0.00501	0.00229	0.00591	0.00449	0.00519	0.00871
14	0.00904	0.00646	0.00861	0.01034	0.01077	0.00603	0.00689	0.01034	0.01421	0.01895	0.04092	0.73426	0.04910	0.02326	0.00948	0.00301	0.00431	0.02110	0.00689	0.00603
15	0.01061	0.00795	0.01193	0.01193	0.01326	0.00928	0.00928	0.01326	0.01193	0.01723	0.01988	0.02916	0.01856	0.05568	0.70968	0.01193	0.01988	0.00795	0.00398	0.00663
16	0.08959	0.67766	0.03637	0.01244	0.01863	0.02822	0.01228	0.02219	0.01486	0.01890	0.01032	0.01192	0.00939	0.00640	0.00475	0.00165	0.00774	0.00397	0.00330	0.00939
17	0.01384	0.00692	0.00692	0.00692	0.00865	0.00692	0.00519	0.01730	0.01557	0.02768	0.02422	0.02768	0.01903	0.00865	0.00519	0.00173	0.00346	0.00692	0.78031	0.00692
18	0.08640	0.03592	0.56892	0.01992	0.02959	0.08784	0.02434	0.02398	0.01595	0.02385	0.01286	0.01511	0.00930	0.00710	0.00679	0.00230	0.01075	0.00528	0.00334	0.01046
19	0.01985	0.74357	0.03890	0.01270	0.01905	0.02937	0.01270	0.02223	0.01508	0.01747	0.01032	0.01191	0.00953	0.00635	0.00476	0.00159	0.00794	0.00397	0.00318	0.00953
20	0.02822	0.02079	0.02228	0.01708	0.02302	0.02302	0.01411	0.66804	0.03490	0.04679	0.01782	0.01782	0.01262	0.00891	0.00743	0.00223	0.00817	0.00668	0.00743	0.01262
21	0.02822	0.02079	0.02228	0.01708	0.02302	0.02302	0.01411	0.66804	0.03490	0.04679	0.01782	0.01782	0.01262	0.00891	0.00743	0.00223	0.00817	0.00668	0.00743	0.01262
22	0.00904	0.00646	0.00861	0.01034	0.01077	0.00603	0.00689	0.01034	0.01421	0.01895	0.04092	0.73426	0.04910	0.02326	0.00948	0.00301	0.00431	0.02110	0.00689	0.00603
23	0.01384	0.00692	0.00692	0.00692	0.00865	0.00692	0.00519	0.01730	0.01557	0.02768	0.02422	0.02768	0.01903	0.00865	0.00519	0.00173	0.00346	0.00692	0.78031	0.00692
24	0.01779	0.01705	0.02908	0.13572	0.60718	0.01749	0.02249	0.02227	0.01663	0.02355	0.01386	0.01856	0.01151	0.00672	0.00736	0.00224	0.00896	0.00661	0.00362	0.01129
25	0.02485	0.01342	0.01651	0.01266	0.01824	0.01193	0.01019	0.08638	0.06106	0.34152	0.02284	0.02305	0.01631	0.05309	0.00871	0.00223	0.00625	0.00669	0.00712	0.25696
26	0.17434	0.38755	0.13035	0.01390	0.02027	0.05131	0.01396	0.02440	0.08274	0.02298	0.01286	0.01418	0.01055	0.00700	0.00544	0.00195	0.00797	0.00469	0.00393	0.00964
27	0.01384	0.00692	0.00692	0.00692	0.00865	0.00692	0.00519	0.01730	0.01557	0.02768	0.02422	0.02768	0.01903	0.00865	0.00519	0.00173	0.00346	0.00692	0.78031	0.00692
28	0.08516	0.03300	0.54101	0.02065	0.03028	0.01690	0.08996	0.02297	0.01582	0.02470	0.04280	0.01753	0.01213	0.00731	0.00708	0.00236	0.01033	0.00604	0.00355	0.01043
29	0.09028	0.01865	0.01902	0.02012	0.13458	0.11830	0.01349	0.05989	0.32607	0.05535	0.02425	0.02395	0.04566	0.00913	0.00717	0.00233	0.00749	0.00737	0.00611	0.01080
30	0.01997	0.02152	0.01548	0.01428	0.01744	0.32729	0.01075	0.06833	0.06610	0.02276	0.05161	0.10144	0.13996	0.01185	0.00740	0.00219	0.00861	0.00928	0.07553	0.00822

[dist]
# distance from previous block
# <min> <max>
9	17

[block]
# block no. 7 follows, 27 sequences, length 11
# corresponding to MSA columns:
# 230-240
name=unknown_H
#
# <colnr> <probs for GDERKNQSTAVLIFYWHMCP>
#	G	D	E	R	K	N	Q	S	T	A	V	L	I	F	Y	W	H	M	C	P
0	0.06346	0.13703	0.02186	0.01466	0.01928	0.01989	0.01236	0.29788	0.02283	0.05785	0.01633	0.01895	0.01306	0.01815	0.15240	0.00415	0.05733	0.00628	0.00553	0.04073
1	0.01578	0.01200	0.01396	0.01124	0.01606	0.01022	0.00875	0.06823	0.04538	0.06904	0.02777	0.14709	0.10274	0.01089	0.00695	0.00183	0.00535	0.00921	0.00582	0.41170
2	0.23683	0.01373	0.01557	0.01238	0.01765	0.01351	0.01016	0.09783	0.02009	0.38078	0.05791	0.02207	0.01741	0.00869	0.00666	0.00224	0.00617	0.00663	0.00748	0.04623
3	0.01384	0.00692	0.00692	0.00692	0.00865	0.00692	0.00519	0.01730	0.01557	0.02768	0.02422	0.02768	0.01903	0.00865	0.00519	0.00173	0.00346	0.00692	0.78031	0.00692
4	0.01384	0.00692	0.00692	0.00692	0.00865	0.00692	0.00519	0.01730	0.01557	0.02768	0.02422	0.02768	0.01903	0.00865	0.00519	0.00173	0.00346	0.00692	0.78031	0.00692
5	0.01061	0.00795	0.01193	0.01193	0.01326	0.00928	0.00928	0.01326	0.01193	0.01723	0.01988	0.02916	0.01856	0.05568	0.70968	0.01193	0.01988	0.00795	0.00398	0.00663
6	0.01663	0.01302	0.01532	0.01138	0.01742	0.01031	0.00904	0.05100	0.01662	0.06625	0.01654	0.07141	0.01446	0.00726	0.00602	0.00138	0.00559	0.00598	0.00503	0.63934
7	0.00904	0.00646	0.00861	0.01034	0.01077	0.00603	0.00689	0.01034	0.01421	0.01895	0.04092	0.73426	0.04910	0.02326	0.00948	0.00301	0.00431	0.02110	0.00689	0.00603
8	0.02822	0.02079	0.02228	0.01708	0.02302	0.02302	0.01411	0.66804	0.03490	0.04679	0.01782	0.01782	0.01262	0.00891	0.00743	0.00223	0.00817	0.00668	0.00743	0.01262
9	0.01985	0.74357	0.03890	0.01270	0.01905	0.02937	0.01270	0.02223	0.01508	0.01747	0.01032	0.01191	0.00953	0.00635	0.00476	0.00159	0.00794	0.00397	0.00318	0.00953
10	0.06354	0.01755	0.07518	0.13857	0.02677	0.02043	0.05978	0.02010	0.04319	0.02042	0.01192	0.01731	0.01033	0.01064	0.01716	0.00291	0.42547	0.00652	0.00356	0.00865

[dist]
# distance from previous block
# <min> <max>
5	7

[block]
# block no. 8 follows, 27 sequences, length 24
# corresponding to MSA columns:
# 250-257,259-274
name=unknown_I
#
# <colnr> <probs for GDERKNQSTAVLIFYWHMCP>
#	G	D	E	R	K	N	Q	S	T	A	V	L	I	F	Y	W	H	M	C	P
0	0.62253	0.01410	0.01338	0.16442	0.02235	0.01662	0.01077	0.02120	0.01311	0.03019	0.01096	0.01374	0.00844	0.00701	0.00521	0.00234	0.00665	0.00458	0.00431	0.00808
1	0.06602	0.57048	0.09943	0.01364	0.02003	0.06081	0.01381	0.02239	0.01518	0.01903	0.01100	0.01295	0.00974	0.00822	0.02936	0.00208	0.00878	0.00430	0.00332	0.00943
2	0.46298	0.20806	0.02108	0.01508	0.09596	0.02041	0.01128	0.05008	0.01475	0.02863	0.01109	0.01301	0.00907	0.00680	0.00509	0.00210	0.00679	0.00443	0.00423	0.00907
3	0.01068	0.00715	0.00813	0.00825	0.00828	0.00712	0.00466	0.01076	0.01103	0.01471	0.02459	0.09562	0.02851	0.69000	0.03584	0.00691	0.00700	0.01150	0.00466	0.00460
4	0.02769	0.02141	0.02192	0.01710	0.02283	0.06371	0.01400	0.59765	0.06722	0.04427	0.01808	0.01807	0.01296	0.00890	0.00739	0.00222	0.00836	0.00666	0.00722	0.01234
5	0.01213	0.00907	0.01108	0.01016	0.01242	0.00886	0.00773	0.05713	0.07318	0.03028	0.55275	0.05200	0.10522	0.01463	0.00858	0.00235	0.00400	0.01276	0.00799	0.00768
6	0.01080	0.00720	0.00810	0.00810	0.00810	0.00720	0.00450	0.01080	0.01080	0.01439	0.02339	0.04858	0.02699	0.73910	0.03779	0.00720	0.00720	0.01080	0.00450	0.00450
7	0.06712	0.01840	0.01983	0.01572	0.02092	0.02016	0.01279	0.52921	0.03068	0.06853	0.02065	0.10394	0.01699	0.01054	0.00752	0.00233	0.00750	0.00831	0.00728	0.01159
8	0.01725	0.02040	0.11430	0.05830	0.34302	0.01754	0.23931	0.02276	0.01691	0.02375	0.01532	0.02149	0.01259	0.00718	0.00792	0.00238	0.01027	0.03481	0.00376	0.01075
9	0.01063	0.00731	0.00900	0.00931	0.00968	0.00747	0.00600	0.01141	0.01177	0.01587	0.02590	0.13003	0.02925	0.50053	0.14002	0.00722	0.00885	0.04973	0.00484	0.00516
10	0.74523	0.01579	0.05204	0.01044	0.01542	0.01669	0.00920	0.02192	0.01282	0.03272	0.01051	0.01228	0.00812	0.00690	0.00474	0.00230	0.00605	0.00411	0.00451	0.00821
11	0.01384	0.00692	0.00692	0.00692	0.00865	0.00692	0.00519	0.01730	0.01557	0.02768	0.02422	0.02768	0.01903	0.00865	0.00519	0.00173	0.00346	0.00692	0.78031	0.00692
12	0.01454	0.01373	0.02321	0.64003	0.12827	0.01663	0.02088	0.01943	0.01509	0.01960	0.01329	0.01962	0.01012	0.00732	0.00741	0.00244	0.00977	0.00660	0.00334	0.00867
13	0.79154	0.01436	0.01091	0.00976	0.01436	0.01665	0.00804	0.02182	0.01263	0.03331	0.01034	0.01206	0.00804	0.00689	0.00459	0.00230	0.00574	0.00402	0.00459	0.00804
14	0.01077	0.00724	0.00828	0.00822	0.00840	0.00718	0.00475	0.01112	0.01182	0.01594	0.09034	0.04927	0.03132	0.66627	0.03486	0.00671	0.00683	0.01106	0.00487	0.00475
15	0.06808	0.01948	0.02109	0.01624	0.02209	0.02124	0.01341	0.55885	0.03212	0.12437	0.01882	0.01842	0.01308	0.00884	0.00729	0.00224	0.00782	0.00664	0.00749	0.01239
16	0.02577	0.01843	0.01966	0.01535	0.02057	0.02028	0.01259	0.55720	0.03161	0.04353	0.01891	0.01950	0.01372	0.00887	0.00705	0.00214	0.00737	0.00672	0.13907	0.01165
17	0.01289	0.00645	0.00967	0.00967	0.00967	0.00645	0.00645	0.00967	0.00967	0.01289	0.01289	0.02257	0.01289	0.02579	0.02901	0.78401	0.00645	0.00645	0.00322	0.00322
18	0.01392	0.00830	0.01067	0.00980	0.01214	0.00748	0.00740	0.01684	0.01971	0.13669	0.43449	0.10821	0.13312	0.03614	0.00944	0.00255	0.00417	0.01328	0.00797	0.00769
19	0.10481	0.04908	0.01141	0.00950	0.01170	0.00935	0.00725	0.01493	0.01861	0.02778	0.48024	0.08187	0.07260	0.05789	0.00982	0.00262	0.00429	0.01206	0.00714	0.00705
20	0.01575	0.01451	0.05863	0.01447	0.01919	0.01244	0.08136	0.14090	0.01973	0.02753	0.08904	0.18858	0.06327	0.01208	0.00772	0.00218	0.00654	0.01071	0.00591	0.20947
21	0.01831	0.01559	0.02195	0.35448	0.10500	0.01718	0.01723	0.18414	0.02024	0.02745	0.01445	0.01842	0.01096	0.00740	0.00710	0.00216	0.00862	0.00626	0.00457	0.13853
22	0.62056	0.01443	0.01231	0.01079	0.01517	0.01658	0.00880	0.09852	0.01517	0.03315	0.01198	0.01427	0.00947	0.01110	0.05411	0.02869	0.00703	0.00469	0.00485	0.00834
23	0.02232	0.06906	0.02116	0.01918	0.10086	0.12694	0.01375	0.17818	0.18647	0.06363	0.02051	0.02385	0.01643	0.01028	0.00862	0.04947	0.00820	0.04458	0.00595	0.01055

[dist]
# distance from previous block
# <min> <max>
0	8

[block]
# block no. 9 follows, 27 sequences, length 17
# corresponding to MSA columns:
# 283-299
name=unknown_J
#
# <colnr> <probs for GDERKNQSTAVLIFYWHMCP>
#	G	D	E	R	K	N	Q	S	T	A	V	L	I	F	Y	W	H	M	C	P
0	0.02350	0.10873	0.02654	0.05185	0.02586	0.32956	0.13516	0.04736	0.05829	0.07084	0.01503	0.01723	0.01176	0.00942	0.03480	0.00248	0.01157	0.00611	0.00445	0.00949
1	0.01699	0.01209	0.01570	0.09043	0.02012	0.01271	0.03290	0.09268	0.14512	0.09794	0.18960	0.07051	0.07083	0.01322	0.00940	0.04852	0.00614	0.03918	0.00691	0.00902
2	0.64430	0.01349	0.01163	0.06211	0.01669	0.01553	0.00885	0.02071	0.01376	0.03184	0.08872	0.01763	0.01532	0.00788	0.00528	0.00231	0.00579	0.00529	0.00491	0.00794
3	0.01861	0.01931	0.05986	0.04337	0.63536	0.04629	0.02264	0.02310	0.01702	0.02397	0.01383	0.01805	0.01156	0.00668	0.00731	0.00220	0.00911	0.00649	0.00366	0.01159
4	0.01428	0.01355	0.02232	0.64041	0.04748	0.01721	0.02011	0.01884	0.01444	0.01884	0.01280	0.01938	0.00988	0.00806	0.00937	0.00256	0.09234	0.00659	0.00329	0.00823
5	0.79154	0.01436	0.01091	0.00976	0.01436	0.01665	0.00804	0.02182	0.01263	0.03331	0.01034	0.01206	0.00804	0.00689	0.00459	0.00230	0.00574	0.00402	0.00459	0.00804
6	0.01031	0.00758	0.00965	0.00913	0.01097	0.00692	0.00685	0.01362	0.02054	0.02865	0.61818	0.05730	0.14144	0.01559	0.00876	0.00235	0.00353	0.01368	0.00802	0.00692
7	0.01837	0.01764	0.03013	0.04557	0.69279	0.01764	0.02278	0.02278	0.01690	0.02425	0.01396	0.01837	0.01176	0.00661	0.00735	0.00220	0.00882	0.00661	0.00367	0.01176
8	0.00904	0.00646	0.00861	0.01034	0.01077	0.00603	0.00689	0.01034	0.01421	0.01895	0.04092	0.73426	0.04910	0.02326	0.00948	0.00301	0.00431	0.02110	0.00689	0.00603
9	0.01489	0.03840	0.70064	0.02116	0.03213	0.01724	0.02743	0.02351	0.01567	0.02351	0.01332	0.01567	0.00940	0.00705	0.00705	0.00235	0.01097	0.00549	0.00313	0.01097
10	0.01289	0.00645	0.00967	0.00967	0.00967	0.00645	0.00645	0.00967	0.00967	0.01289	0.01289	0.02257	0.01289	0.02579	0.02901	0.78401	0.00645	0.00645	0.00322	0.00322
11	0.14866	0.01290	0.01627	0.01268	0.01825	0.01178	0.01047	0.03399	0.01994	0.59682	0.02640	0.02326	0.01680	0.00884	0.00703	0.00230	0.00623	0.00694	0.00849	0.01193
12	0.00958	0.00737	0.00858	0.00862	0.01037	0.00657	0.00622	0.01182	0.01755	0.02296	0.28612	0.15890	0.32746	0.07119	0.01100	0.00286	0.00400	0.01528	0.00717	0.00637
13	0.01615	0.01364	0.01580	0.01135	0.01791	0.01067	0.00911	0.05701	0.01655	0.02552	0.01347	0.01554	0.01109	0.00570	0.00561	0.00117	0.00566	0.00453	0.00458	0.73894
14	0.09600	0.06273	0.04306	0.39788	0.05938	0.01745	0.01732	0.09565	0.01760	0.07397	0.01547	0.02095	0.01193	0.00806	0.00706	0.00238	0.00877	0.03059	0.00447	0.00929
15	0.07774	0.03400	0.02037	0.01851	0.02239	0.66395	0.01393	0.02913	0.02049	0.01916	0.01140	0.01330	0.00946	0.00760	0.00656	0.00194	0.01289	0.00473	0.00388	0.00857
16	0.02264	0.01740	0.01831	0.01591	0.04030	0.06268	0.01220	0.34458	0.10449	0.07450	0.02698	0.13815	0.06500	0.01188	0.00781	0.00239	0.00723	0.00973	0.00707	0.01074

[dist]
# distance from previous block
# <min> <max>
1	14

[block]
# block no. 10 follows, 27 sequences, length 10
# corresponding to MSA columns:
# 314-323
name=unknown_K
#
# <colnr> <probs for GDERKNQSTAVLIFYWHMCP>
#	G	D	E	R	K	N	Q	S	T	A	V	L	I	F	Y	W	H	M	C	P
0	0.03989	0.01062	0.01217	0.01097	0.01390	0.01063	0.00840	0.08933	0.10409	0.08909	0.24404	0.11177	0.16941	0.04065	0.00933	0.00262	0.00490	0.01230	0.00748	0.00843
1	0.01384	0.00692	0.00692	0.00692	0.00865	0.00692	0.00519	0.01730	0.01557	0.02768	0.02422	0.02768	0.01903	0.00865	0.00519	0.00173	0.00346	0.00692	0.78031	0.00692
2	0.02795	0.21433	0.02270	0.01279	0.01842	0.01573	0.01113	0.03073	0.01953	0.46187	0.07139	0.02374	0.01964	0.00883	0.00681	0.00210	0.00656	0.00693	0.00745	0.01137
3	0.01981	0.01592	0.05792	0.15869	0.05400	0.01557	0.01429	0.17136	0.09609	0.11211	0.08867	0.02698	0.06082	0.00955	0.00749	0.00227	0.00730	0.00793	0.00624	0.06701
4	0.02560	0.03588	0.13406	0.01946	0.02448	0.59421	0.01652	0.02862	0.02015	0.01906	0.01178	0.01377	0.00954	0.00755	0.00675	0.00199	0.01299	0.00490	0.00371	0.00900
5	0.16283	0.01293	0.01615	0.01262	0.01817	0.01189	0.01042	0.03373	0.01978	0.58440	0.02605	0.02301	0.01661	0.00880	0.00697	0.00230	0.00622	0.00688	0.00840	0.01185
6	0.01596	0.20888	0.02177	0.14952	0.02271	0.10624	0.01239	0.01873	0.01528	0.01870	0.07947	0.02497	0.01901	0.08439	0.16719	0.00470	0.01121	0.00700	0.00406	0.00782
7	0.01334	0.01092	0.01310	0.01398	0.06303	0.01111	0.01023	0.04654	0.16539	0.02526	0.10180	0.05732	0.25477	0.01568	0.00870	0.00268	0.00550	0.16535	0.00693	0.00834
8	0.01169	0.00820	0.01021	0.00950	0.01167	0.00760	0.00719	0.01570	0.05038	0.06027	0.53113	0.05525	0.16256	0.01523	0.00864	0.00237	0.00379	0.01326	0.00799	0.00737
9	0.02778	0.03398	0.02116	0.01893	0.02296	0.64343	0.01432	0.09091	0.02237	0.02092	0.01208	0.01381	0.00986	0.00777	0.00676	0.00194	0.01289	0.00496	0.00417	0.00899

[dist]
# distance from previous block
# <min> <max>
0	3

[block]
# block no. 11 follows, 27 sequences, length 43
# corresponding to MSA columns:
# 327-369
name=unknown_L
#
# <colnr> <probs for GDERKNQSTAVLIFYWHMCP>
#	G	D	E	R	K	N	Q	S	T	A	V	L	I	F	Y	W	H	M	C	P
0	0.00984	0.00756	0.00900	0.00864	0.01068	0.00672	0.00648	0.01271	0.01943	0.02602	0.45208	0.06162	0.30918	0.01658	0.00876	0.00240	0.00360	0.01429	0.00768	0.00672
1	0.06528	0.02595	0.28013	0.02284	0.08465	0.05372	0.14881	0.06078	0.01828	0.14399	0.01650	0.01824	0.01166	0.00736	0.00735	0.00233	0.00995	0.00652	0.00472	0.01093
2	0.26256	0.05472	0.01855	0.01394	0.01889	0.01720	0.03770	0.17601	0.02040	0.20382	0.01873	0.05592	0.01426	0.00909	0.00748	0.00234	0.04490	0.00676	0.00637	0.01035
3	0.65965	0.01547	0.01288	0.01103	0.01585	0.01775	0.00909	0.13348	0.01648	0.03564	0.01163	0.01306	0.00883	0.00724	0.00508	0.00229	0.00616	0.00448	0.00508	0.00883
4	0.01002	0.00762	0.00924	0.00897	0.01097	0.00685	0.00682	0.01298	0.01946	0.02618	0.45298	0.06221	0.27177	0.01665	0.00884	0.00245	0.00376	0.04779	0.00768	0.00675
5	0.01402	0.01319	0.02227	0.72126	0.05113	0.01649	0.02062	0.01897	0.01484	0.01897	0.01319	0.01979	0.00990	0.00742	0.00742	0.00247	0.00990	0.00660	0.00330	0.00825
6	0.01384	0.00692	0.00692	0.00692	0.00865	0.00692	0.00519	0.01730	0.01557	0.02768	0.02422	0.02768	0.01903	0.00865	0.00519	0.00173	0.00346	0.00692	0.78031	0.00692
7	0.01689	0.01500	0.07484	0.02174	0.20411	0.01312	0.01437	0.10349	0.02029	0.07872	0.18457	0.07934	0.09268	0.01191	0.00806	0.00239	0.00663	0.03595	0.00623	0.00967
8	0.01384	0.00692	0.00692	0.00692	0.00865	0.00692	0.00519	0.01730	0.01557	0.02768	0.02422	0.02768	0.01903	0.00865	0.00519	0.00173	0.00346	0.00692	0.78031	0.00692
9	0.01683	0.05826	0.10806	0.17459	0.03716	0.01829	0.35269	0.05675	0.01720	0.02313	0.01479	0.02047	0.01159	0.04590	0.00955	0.00267	0.01102	0.00768	0.00380	0.00956
10	0.06125	0.65671	0.03620	0.01298	0.01907	0.07501	0.01257	0.02271	0.01536	0.01835	0.01040	0.01202	0.00945	0.00647	0.00489	0.00165	0.00819	0.00403	0.00329	0.00939
11	0.79154	0.01436	0.01091	0.00976	0.01436	0.01665	0.00804	0.02182	0.01263	0.03331	0.01034	0.01206	0.00804	0.00689	0.00459	0.00230	0.00574	0.00402	0.00459	0.00804
12	0.01069	0.00730	0.00882	0.00889	0.00915	0.00753	0.00547	0.01122	0.01115	0.01511	0.02351	0.07474	0.02641	0.58354	0.15902	0.00788	0.00938	0.01072	0.00451	0.00495
13	0.01245	0.00879	0.01083	0.01002	0.01229	0.00840	0.00760	0.03807	0.06675	0.05980	0.49526	0.07984	0.13108	0.01506	0.00860	0.00239	0.00401	0.01313	0.00796	0.00766
14	0.79154	0.01436	0.01091	0.00976	0.01436	0.01665	0.00804	0.02182	0.01263	0.03331	0.01034	0.01206	0.00804	0.00689	0.00459	0.00230	0.00574	0.00402	0.00459	0.00804
15	0.01985	0.74357	0.03890	0.01270	0.01905	0.02937	0.01270	0.02223	0.01508	0.01747	0.01032	0.01191	0.00953	0.00635	0.00476	0.00159	0.00794	0.00397	0.00318	0.00953
16	0.79154	0.01436	0.01091	0.00976	0.01436	0.01665	0.00804	0.02182	0.01263	0.03331	0.01034	0.01206	0.00804	0.00689	0.00459	0.00230	0.00574	0.00402	0.00459	0.00804
17	0.01077	0.00732	0.00871	0.00871	0.00892	0.00753	0.00527	0.01119	0.01098	0.01485	0.02283	0.04547	0.02564	0.62947	0.14557	0.00796	0.00923	0.01034	0.00441	0.00484
18	0.02709	0.01168	0.01544	0.01245	0.01708	0.01053	0.00999	0.03117	0.06658	0.49960	0.13300	0.05410	0.02810	0.03714	0.00884	0.00252	0.00581	0.00903	0.00867	0.01118
19	0.02032	0.04600	0.02093	0.02008	0.10223	0.23229	0.01414	0.07062	0.07250	0.02290	0.08221	0.02252	0.01835	0.05624	0.01279	0.00267	0.16240	0.00703	0.00471	0.00905
20	0.79154	0.01436	0.01091	0.00976	0.01436	0.01665	0.00804	0.02182	0.01263	0.03331	0.01034	0.01206	0.00804	0.00689	0.00459	0.00230	0.00574	0.00402	0.00459	0.00804
21	0.03965	0.01506	0.08593	0.01333	0.01694	0.04457	0.01141	0.02407	0.22087	0.04817	0.16807	0.09839	0.05575	0.05235	0.00971	0.00280	0.00624	0.07107	0.00669	0.00892
22	0.75854	0.01431	0.01139	0.03996	0.01592	0.01665	0.00857	0.02170	0.01273	0.03270	0.01046	0.01239	0.00812	0.00691	0.00471	0.00230	0.00592	0.00413	0.00454	0.00805
23	0.01384	0.00692	0.00692	0.00692	0.00865	0.00692	0.00519	0.01730	0.01557	0.02768	0.02422	0.02768	0.01903	0.00865	0.00519	0.00173	0.00346	0.00692	0.78031	0.00692
24	0.01037	0.00759	0.00939	0.01040	0.01131	0.00737	0.00707	0.03849	0.04272	0.02023	0.04017	0.56323	0.08832	0.09149	0.01202	0.00333	0.00477	0.01861	0.00671	0.00641
25	0.01740	0.01690	0.02952	0.07270	0.54788	0.01686	0.08587	0.02181	0.01679	0.02362	0.01743	0.04307	0.04113	0.00764	0.00762	0.00228	0.00889	0.00766	0.00390	0.01101
26	0.02884	0.01980	0.02167	0.01661	0.02253	0.02155	0.01372	0.59124	0.03324	0.12593	0.01922	0.01873	0.01332	0.00895	0.00743	0.00224	0.00794	0.00678	0.00764	0.01263
27	0.01384	0.00692	0.00692	0.00692	0.00865	0.00692	0.00519	0.01730	0.01557	0.02768	0.02422	0.02768	0.01903	0.00865	0.00519	0.00173	0.00346	0.00692	0.78031	0.00692
28	0.01034	0.00864	0.01130	0.01041	0.01270	0.00811	0.05252	0.01314	0.03699	0.02039	0.10628	0.09197	0.36428	0.10494	0.11036	0.00438	0.00710	0.01341	0.00612	0.00660
29	0.01746	0.01657	0.02807	0.09880	0.59221	0.01680	0.02150	0.02186	0.01702	0.02420	0.06105	0.02108	0.01568	0.00728	0.00745	0.00224	0.00854	0.00709	0.00396	0.01114
30	0.01990	0.46226	0.19504	0.01575	0.02281	0.13391	0.01650	0.02371	0.01617	0.01903	0.01122	0.01305	0.00950	0.00673	0.00562	0.00182	0.00953	0.00446	0.00327	0.00973
31	0.67365	0.01594	0.06002	0.06879	0.01861	0.01668	0.01042	0.02171	0.01303	0.03145	0.01078	0.01294	0.00829	0.00695	0.00500	0.00232	0.00645	0.00433	0.00439	0.00826
32	0.01730	0.01730	0.02901	0.15435	0.39964	0.04879	0.12251	0.02181	0.01685	0.02294	0.03561	0.05016	0.01462	0.00771	0.00769	0.00232	0.00944	0.00769	0.00390	0.01035
33	0.01522	0.03612	0.61927	0.02241	0.03296	0.01743	0.10651	0.02354	0.01590	0.02354	0.01353	0.01621	0.00963	0.00695	0.00726	0.00237	0.01116	0.00589	0.00321	0.01085
34	0.02483	0.01434	0.08848	0.01338	0.01852	0.01111	0.01181	0.02953	0.06596	0.42180	0.12358	0.09274	0.02792	0.01115	0.00779	0.00239	0.00620	0.00941	0.00807	0.01099
35	0.01296	0.01159	0.01339	0.01295	0.01435	0.08970	0.00993	0.01523	0.01283	0.01714	0.01852	0.02814	0.01765	0.10619	0.52385	0.00978	0.06735	0.00774	0.00395	0.00677
36	0.79154	0.01436	0.01091	0.00976	0.01436	0.01665	0.00804	0.02182	0.01263	0.03331	0.01034	0.01206	0.00804	0.00689	0.00459	0.00230	0.00574	0.00402	0.00459	0.00804
37	0.07746	0.12071	0.04827	0.02690	0.27711	0.07993	0.01698	0.14233	0.09031	0.02824	0.01539	0.01739	0.01223	0.00749	0.00676	0.00214	0.00851	0.00606	0.00476	0.01104
38	0.07568	0.26415	0.12839	0.01984	0.13729	0.02053	0.01603	0.06051	0.03855	0.14920	0.01596	0.01690	0.01202	0.00732	0.00627	0.00205	0.00803	0.00559	0.00484	0.01084
39	0.01384	0.00692	0.00692	0.00692	0.00865	0.00692	0.00519	0.01730	0.01557	0.02768	0.02422	0.02768	0.01903	0.00865	0.00519	0.00173	0.00346	0.00692	0.78031	0.00692
40	0.01565	0.07363	0.12912	0.01648	0.06039	0.10337	0.01384	0.05534	0.01559	0.02039	0.01760	0.05190	0.01627	0.07888	0.29152	0.00644	0.01381	0.00741	0.00409	0.00830
41	0.01882	0.03950	0.01731	0.01570	0.07268	0.04540	0.01140	0.15175	0.19711	0.06486	0.03626	0.03496	0.19939	0.01142	0.00760	0.00229	0.00639	0.00932	0.00664	0.05119
42	0.01830	0.01796	0.05432	0.09624	0.47124	0.01789	0.02060	0.05317	0.12622	0.02586	0.01671	0.01989	0.01333	0.00737	0.00738	0.00229	0.00849	0.00686	0.00442	0.01146

[dist]
# distance from previous block
# <min> <max>
0	1

[block]
# block no. 12 follows, 27 sequences, length 12
# corresponding to MSA columns:
# 371-382
name=unknown_M
#
# <colnr> <probs for GDERKNQSTAVLIFYWHMCP>
#	G	D	E	R	K	N	Q	S	T	A	V	L	I	F	Y	W	H	M	C	P
0	0.07614	0.01644	0.02633	0.31424	0.16896	0.01813	0.11953	0.12427	0.01870	0.02628	0.01415	0.01865	0.01077	0.00728	0.00740	0.00237	0.00950	0.00676	0.00420	0.00990
1	0.01637	0.01639	0.02365	0.20233	0.07060	0.04572	0.04479	0.02005	0.04159	0.01937	0.01205	0.01783	0.01052	0.01056	0.01691	0.00287	0.40960	0.00664	0.00351	0.00863
2	0.16096	0.15355	0.02302	0.09571	0.04520	0.14121	0.01358	0.19883	0.02113	0.02911	0.01314	0.01506	0.01029	0.00746	0.00621	0.00204	0.00870	0.00526	0.00479	0.04477
3	0.18513	0.02103	0.18064	0.19089	0.06082	0.01732	0.11220	0.07107	0.01683	0.05672	0.01398	0.01723	0.01024	0.00721	0.00692	0.00237	0.00929	0.00614	0.00420	0.00977
4	0.01749	0.01616	0.02639	0.30811	0.38512	0.01764	0.02121	0.07532	0.01760	0.02407	0.01399	0.01888	0.01110	0.00712	0.00738	0.00231	0.00919	0.00661	0.00384	0.01045
5	0.01760	0.01969	0.10543	0.09067	0.48394	0.01763	0.06254	0.02375	0.06091	0.02420	0.01499	0.01890	0.01205	0.00693	0.00742	0.00228	0.00918	0.00674	0.00385	0.01130
6	0.06063	0.00866	0.01046	0.01092	0.01252	0.00871	0.00791	0.01642	0.08942	0.05525	0.12164	0.39127	0.04286	0.06958	0.01083	0.00312	0.00495	0.06076	0.00693	0.00719
7	0.01528	0.01370	0.08612	0.01422	0.05071	0.01147	0.01166	0.06387	0.10038	0.07930	0.32847	0.04428	0.07142	0.01300	0.00830	0.00244	0.00566	0.06353	0.00720	0.00899
8	0.00921	0.00745	0.00819	0.00820	0.01035	0.00643	0.00607	0.01144	0.01768	0.02231	0.22038	0.12309	0.48662	0.01830	0.00883	0.00251	0.00374	0.01558	0.00720	0.00643
9	0.00954	0.00699	0.00867	0.00936	0.01041	0.00643	0.00643	0.01130	0.01589	0.02116	0.19643	0.38192	0.16360	0.10165	0.01239	0.00324	0.00435	0.01719	0.00692	0.00613
10	0.03163	0.01301	0.01718	0.01342	0.01899	0.01177	0.01101	0.03655	0.09578	0.62242	0.02939	0.02554	0.01886	0.00929	0.00748	0.00232	0.00627	0.00757	0.00900	0.01253
11	0.79154	0.01436	0.01091	0.00976	0.01436	0.01665	0.00804	0.02182	0.01263	0.03331	0.01034	0.01206	0.00804	0.00689	0.00459	0.00230	0.00574	0.00402	0.00459	0.00804

[dist]
# distance from previous block
# <min> <max>
0	27

[block]
# block no. 13 follows, 27 sequences, length 25
# corresponding to MSA columns:
# 410-434
name=unknown_N
#
# <colnr> <probs for GDERKNQSTAVLIFYWHMCP>
#	G	D	E	R	K	N	Q	S	T	A	V	L	I	F	Y	W	H	M	C	P
0	0.01008	0.00757	0.00933	0.00889	0.01083	0.00682	0.00667	0.01319	0.02001	0.02739	0.53831	0.05938	0.22210	0.01607	0.00876	0.00238	0.00357	0.01398	0.00786	0.00682
1	0.00911	0.00661	0.00861	0.01006	0.01073	0.00611	0.00680	0.01058	0.01483	0.01969	0.08265	0.64234	0.09962	0.02243	0.00938	0.00293	0.00422	0.02022	0.00697	0.00611
2	0.14129	0.01346	0.01550	0.01282	0.01770	0.01365	0.01035	0.03374	0.20534	0.36722	0.02639	0.02413	0.01808	0.00906	0.00691	0.00232	0.00592	0.00718	0.05761	0.01133
3	0.01964	0.01487	0.01695	0.01296	0.01866	0.01369	0.01038	0.22409	0.02172	0.06294	0.01832	0.09153	0.01583	0.00860	0.00662	0.00171	0.00626	0.00701	0.00584	0.42236
4	0.01864	0.00914	0.01176	0.01046	0.01350	0.00816	0.00806	0.02135	0.01891	0.26778	0.20254	0.16117	0.10970	0.01413	0.00805	0.00239	0.00468	0.01217	0.08862	0.00878
5	0.00991	0.00682	0.00836	0.00923	0.00945	0.00660	0.00571	0.01056	0.01253	0.01671	0.03229	0.39683	0.03822	0.37554	0.02341	0.00507	0.00573	0.01603	0.00571	0.00528
