[name]
unknown

[dist]
# distance from previous block
# <min> <max>
3	61

[block]
# block no. 0 follows, 21 sequences, length 93
# corresponding to MSA columns:
# 67-159
name=unknown_A
#
# <colnr> <probs for GDERKNQSTAVLIFYWHMCP>
#	G	D	E	R	K	N	Q	S	T	A	V	L	I	F	Y	W	H	M	C	P
0	0.03183	0.02380	0.02659	0.02028	0.02716	0.02618	0.04182	0.59419	0.03916	0.05251	0.02029	0.02054	0.01441	0.01009	0.00858	0.00257	0.00958	0.00776	0.00833	0.01434
1	0.01999	0.02214	0.04564	0.03573	0.09976	0.02197	0.48412	0.02629	0.01912	0.02645	0.01633	0.02222	0.01275	0.00819	0.01216	0.00294	0.09909	0.00948	0.00422	0.01140
2	0.05029	0.01299	0.06426	0.01183	0.01483	0.01128	0.00976	0.08549	0.01931	0.03023	0.02980	0.19409	0.02883	0.07751	0.01104	0.00308	0.00604	0.01203	0.31873	0.00860
3	0.01055	0.00748	0.00982	0.01162	0.01207	0.00703	0.00765	0.01190	0.01594	0.02125	0.04509	0.63752	0.05399	0.08763	0.01380	0.00389	0.00524	0.02312	0.00765	0.00675
4	0.01084	0.00777	0.01030	0.01153	0.01245	0.00723	0.00794	0.01304	0.01849	0.02522	0.21500	0.51731	0.06305	0.02405	0.01063	0.00324	0.00468	0.02171	0.00831	0.00723
5	0.03276	0.02318	0.02514	0.01927	0.02607	0.02542	0.01592	0.57913	0.03892	0.09550	0.02135	0.02103	0.01493	0.01024	0.00852	0.00256	0.00922	0.00772	0.00865	0.01447
6	0.07687	0.02008	0.02833	0.26301	0.30618	0.07416	0.02257	0.06056	0.01981	0.02744	0.01541	0.02056	0.01226	0.00818	0.00816	0.00262	0.01067	0.00718	0.00441	0.01151
7	0.02071	0.01986	0.03391	0.09607	0.60673	0.02013	0.02594	0.02581	0.01921	0.02738	0.01595	0.02118	0.01333	0.00765	0.00843	0.00255	0.01020	0.00758	0.00418	0.01320
8	0.76103	0.01646	0.01251	0.01119	0.01646	0.01909	0.00922	0.02502	0.01448	0.03818	0.01185	0.01382	0.00922	0.00790	0.00527	0.00263	0.00658	0.00461	0.00527	0.00922
9	0.02295	0.01496	0.01819	0.01326	0.02057	0.01164	0.01071	0.02661	0.01938	0.18946	0.01989	0.02057	0.01479	0.00740	0.00689	0.00162	0.00654	0.00595	0.00646	0.56216
10	0.01037	0.00741	0.00987	0.01185	0.01234	0.00691	0.00790	0.01185	0.01629	0.02172	0.04690	0.69537	0.05629	0.02666	0.01086	0.00346	0.00494	0.02419	0.00790	0.00691
11	0.69238	0.01633	0.01371	0.07287	0.02034	0.01907	0.01055	0.02471	0.01472	0.03667	0.01215	0.01464	0.00941	0.00796	0.00557	0.00265	0.00702	0.00488	0.00513	0.00924
12	0.03009	0.01527	0.01865	0.01533	0.02100	0.01498	0.01233	0.04029	0.22896	0.39254	0.03834	0.03434	0.07490	0.01180	0.00872	0.00274	0.00683	0.00970	0.00968	0.01353
13	0.01036	0.00863	0.00904	0.00894	0.01168	0.00731	0.00671	0.01280	0.02012	0.02470	0.17172	0.07909	0.55781	0.02091	0.01005	0.00284	0.00427	0.01757	0.00813	0.00731
14	0.01478	0.00739	0.01109	0.01109	0.01109	0.00739	0.00739	0.01109	0.01109	0.01478	0.01478	0.02587	0.01478	0.02956	0.03326	0.75240	0.00739	0.00739	0.00370	0.00370
15	0.01405	0.00921	0.01162	0.01102	0.01335	0.00843	0.00836	0.01732	0.02189	0.08108	0.39562	0.06568	0.15990	0.08101	0.01313	0.00332	0.00504	0.06311	0.00871	0.00814
16	0.03818	0.01448	0.01975	0.01514	0.02172	0.01251	0.01251	0.04147	0.02436	0.65373	0.03357	0.02897	0.02107	0.01053	0.00856	0.00263	0.00724	0.00856	0.01053	0.01448
17	0.08130	0.01460	0.01932	0.01491	0.02141	0.01290	0.01231	0.04049	0.02377	0.61701	0.03228	0.02806	0.02036	0.01038	0.00836	0.00263	0.00720	0.00832	0.01022	0.01417
18	0.01488	0.01312	0.01889	0.01732	0.01820	0.01713	0.01400	0.01742	0.01341	0.02006	0.01790	0.02720	0.01702	0.04323	0.39816	0.00949	0.30163	0.00841	0.00421	0.00832
19	0.01618	0.00998	0.01068	0.00996	0.01158	0.01029	0.00680	0.08800	0.01790	0.02713	0.02644	0.04174	0.02526	0.33751	0.02397	0.00502	0.00664	0.01001	0.30751	0.00740
20	0.01406	0.01131	0.01451	0.01357	0.01367	0.01355	0.00962	0.01486	0.01295	0.01825	0.02364	0.09651	0.02675	0.41514	0.06107	0.00672	0.21051	0.01175	0.00493	0.00664
21	0.02064	0.01979	0.03379	0.10482	0.59852	0.02011	0.02591	0.02575	0.01918	0.02730	0.01593	0.02120	0.01330	0.00766	0.00843	0.00255	0.01021	0.00758	0.00418	0.01314
22	0.01908	0.01819	0.03095	0.30228	0.41332	0.01970	0.02513	0.02438	0.01844	0.02539	0.01566	0.02171	0.01263	0.00795	0.00846	0.00265	0.01060	0.00757	0.00404	0.01188
23	0.01037	0.00741	0.00987	0.01185	0.01234	0.00691	0.00790	0.01185	0.01629	0.02172	0.04690	0.69537	0.05629	0.02666	0.01086	0.00346	0.00494	0.02419	0.00790	0.00691
24	0.02107	0.02006	0.03328	0.04935	0.59622	0.02030	0.02507	0.02769	0.06995	0.02845	0.01754	0.02194	0.01451	0.00791	0.00844	0.00256	0.00983	0.00775	0.00458	0.01348
25	0.02106	0.02022	0.03454	0.05223	0.64784	0.02022	0.02612	0.02612	0.01938	0.02780	0.01601	0.02106	0.01348	0.00758	0.00842	0.00253	0.01011	0.00758	0.00421	0.01348
26	0.02753	0.17371	0.15395	0.05707	0.02742	0.02081	0.01781	0.08437	0.06487	0.25543	0.02295	0.02247	0.01596	0.00925	0.00778	0.00249	0.00912	0.00716	0.00691	0.01294
27	0.02031	0.07931	0.04975	0.03411	0.04261	0.02252	0.56724	0.02711	0.01986	0.02666	0.01677	0.02219	0.01275	0.00718	0.00967	0.00278	0.01391	0.00959	0.00425	0.01143
28	0.01171	0.00869	0.01092	0.01036	0.01251	0.00789	0.00777	0.01542	0.02331	0.03228	0.55083	0.06661	0.17397	0.01809	0.01004	0.00271	0.00406	0.01582	0.00912	0.00789
29	0.02022	0.01922	0.03160	0.02916	0.14435	0.01972	0.21907	0.06036	0.20205	0.02979	0.02357	0.02929	0.01929	0.09773	0.01352	0.00349	0.01026	0.00964	0.00590	0.01178
30	0.05993	0.22152	0.09571	0.02522	0.03339	0.02380	0.29615	0.02813	0.01927	0.09311	0.01698	0.02001	0.01284	0.00768	0.00815	0.00251	0.01152	0.00769	0.00477	0.01162
31	0.02209	0.01874	0.01976	0.01751	0.02248	0.02160	0.01369	0.09259	0.58359	0.03709	0.03347	0.03082	0.02503	0.01144	0.00865	0.00286	0.00695	0.00946	0.00865	0.01355
32	0.02666	0.23436	0.03057	0.01981	0.02424	0.35965	0.01629	0.02895	0.02003	0.02052	0.01239	0.01545	0.01099	0.00946	0.01077	0.00237	0.13780	0.00557	0.00404	0.01008
33	0.01006	0.00862	0.00862	0.00862	0.01149	0.00718	0.00647	0.01221	0.01940	0.02299	0.08621	0.08190	0.64438	0.02155	0.01006	0.00287	0.00431	0.01796	0.00790	0.00718
34	0.02485	0.01804	0.02034	0.01589	0.02211	0.01788	0.01278	0.26737	0.07559	0.09061	0.05031	0.07014	0.02115	0.01057	0.00806	0.00224	0.00746	0.00855	0.00758	0.24849
35	0.03224	0.02293	0.02485	0.01917	0.02587	0.02518	0.01580	0.55282	0.06607	0.09468	0.02200	0.02155	0.01546	0.01030	0.00852	0.00257	0.00910	0.00781	0.00866	0.01443
36	0.03070	0.02255	0.02420	0.01873	0.02498	0.02489	0.01527	0.56938	0.03773	0.05057	0.02096	0.02334	0.01583	0.06719	0.01138	0.00302	0.00927	0.00805	0.00824	0.01370
37	0.01174	0.00869	0.01095	0.01039	0.01253	0.00790	0.00779	0.01547	0.02337	0.03242	0.55784	0.06638	0.16687	0.01804	0.01004	0.00271	0.00406	0.01578	0.00914	0.00790
38	0.02227	0.65026	0.09618	0.01538	0.02311	0.03250	0.01598	0.02561	0.01735	0.02061	0.01212	0.01401	0.01091	0.00735	0.00568	0.00189	0.00939	0.00470	0.00364	0.01106
39	0.02135	0.05703	0.05957	0.04549	0.47554	0.05071	0.11339	0.02665	0.01954	0.02698	0.01582	0.02060	0.01305	0.00758	0.00847	0.00253	0.01102	0.00765	0.00418	0.01285
40	0.01006	0.00862	0.00862	0.00862	0.01149	0.00718	0.00647	0.01221	0.01940	0.02299	0.08621	0.08190	0.64438	0.02155	0.01006	0.00287	0.00431	0.01796	0.00790	0.00718
41	0.01037	0.00741	0.00987	0.01185	0.01234	0.00691	0.00790	0.01185	0.01629	0.02172	0.04690	0.69537	0.05629	0.02666	0.01086	0.00346	0.00494	0.02419	0.00790	0.00691
42	0.01780	0.07564	0.03673	0.02874	0.08884	0.01881	0.32700	0.02269	0.01849	0.02496	0.02412	0.19694	0.02402	0.01264	0.01051	0.00294	0.04071	0.01293	0.00515	0.01033
43	0.02256	0.50573	0.07822	0.02250	0.13911	0.06229	0.01781	0.02612	0.01806	0.02192	0.01288	0.01537	0.01139	0.00746	0.00628	0.00202	0.00981	0.00526	0.00378	0.01144
44	0.13042	0.03696	0.47628	0.02386	0.03478	0.01990	0.10792	0.02670	0.01773	0.02870	0.01502	0.01802	0.01083	0.00793	0.00792	0.00271	0.01191	0.00655	0.00394	0.01192
45	0.01838	0.00950	0.01271	0.01218	0.01438	0.00870	0.00879	0.02006	0.01873	0.18351	0.13739	0.29128	0.04458	0.08230	0.01547	0.08358	0.00593	0.01588	0.00812	0.00852
46	0.02001	0.34066	0.06253	0.01411	0.02179	0.02224	0.01326	0.02361	0.01750	0.02408	0.01359	0.01579	0.01172	0.00685	0.00600	0.00160	0.00793	0.00487	0.00431	0.36755
47	0.07209	0.01162	0.01398	0.01213	0.01597	0.01090	0.00951	0.05862	0.02326	0.19917	0.27290	0.07851	0.15603	0.01561	0.00926	0.00272	0.00547	0.01318	0.00902	0.01003
48	0.01373	0.00881	0.01164	0.01139	0.01335	0.00808	0.00836	0.01697	0.02191	0.08174	0.42495	0.23877	0.06864	0.01944	0.01015	0.00289	0.00454	0.01731	0.00905	0.00825
49	0.02453	0.01753	0.01934	0.01689	0.02205	0.01946	0.01328	0.04448	0.51224	0.15780	0.03443	0.03120	0.02501	0.01135	0.00864	0.00284	0.00684	0.00941	0.00903	0.01367
50	0.01270	0.00991	0.01471	0.01440	0.01579	0.01193	0.01131	0.01564	0.01362	0.01982	0.02182	0.03219	0.02043	0.05973	0.61369	0.01284	0.07825	0.00898	0.00449	0.00774
51	0.01607	0.01513	0.02552	0.68047	0.05861	0.01891	0.02363	0.02174	0.01702	0.02174	0.01513	0.02269	0.01134	0.00851	0.00851	0.00284	0.01134	0.00756	0.00378	0.00945
52	0.01109	0.00866	0.01005	0.00970	0.01213	0.00762	0.00728	0.01421	0.02183	0.02877	0.37564	0.07238	0.35134	0.01939	0.01005	0.00277	0.00416	0.01663	0.00866	0.00762
53	0.01037	0.00741	0.00987	0.01185	0.01234	0.00691	0.00790	0.01185	0.01629	0.02172	0.04690	0.69537	0.05629	0.02666	0.01086	0.00346	0.00494	0.02419	0.00790	0.00691
54	0.22226	0.01499	0.01791	0.01414	0.02038	0.01418	0.01167	0.03728	0.02184	0.49698	0.02804	0.02511	0.01805	0.00986	0.00772	0.00263	0.00707	0.00755	0.00919	0.01314
55	0.01373	0.01114	0.01569	0.01462	0.01632	0.01301	0.01142	0.01639	0.01383	0.02034	0.02054	0.03143	0.01964	0.10390	0.45019	0.01046	0.12772	0.00874	0.00452	0.07636
56	0.01037	0.00741	0.00987	0.01185	0.01234	0.00691	0.00790	0.01185	0.01629	0.02172	0.04690	0.69537	0.05629	0.02666	0.01086	0.00346	0.00494	0.02419	0.00790	0.00691
57	0.01037	0.00741	0.00987	0.01185	0.01234	0.00691	0.00790	0.01185	0.01629	0.02172	0.04690	0.69537	0.05629	0.02666	0.01086	0.00346	0.00494	0.02419	0.00790	0.00691
58	0.01037	0.00741	0.00987	0.01185	0.01234	0.00691	0.00790	0.01185	0.01629	0.02172	0.04690	0.69537	0.05629	0.02666	0.01086	0.00346	0.00494	0.02419	0.00790	0.00691
59	0.76103	0.01646	0.01251	0.01119	0.01646	0.01909	0.00922	0.02502	0.01448	0.03818	0.01185	0.01382	0.00922	0.00790	0.00527	0.00263	0.00658	0.00461	0.00527	0.00922
60	0.01195	0.00870	0.01124	0.01061	0.01266	0.00799	0.00796	0.01588	0.02387	0.03360	0.61679	0.06444	0.10718	0.01760	0.01004	0.00269	0.00403	0.01551	0.00930	0.00799
61	0.01204	0.00870	0.01138	0.01071	0.01271	0.00803	0.00803	0.01606	0.02409	0.03413	0.64335	0.06357	0.08030	0.01740	0.01004	0.00268	0.00401	0.01539	0.00937	0.00803
62	0.01607	0.01513	0.02552	0.68047	0.05861	0.01891	0.02363	0.02174	0.01702	0.02174	0.01513	0.02269	0.01134	0.00851	0.00851	0.00284	0.01134	0.00756	0.00378	0.00945
63	0.01006	0.00862	0.00862	0.00862	0.01149	0.00718	0.00647	0.01221	0.01940	0.02299	0.08621	0.08190	0.64438	0.02155	0.01006	0.00287	0.00431	0.01796	0.00790	0.00718
64	0.01218	0.00904	0.01328	0.01328	0.01466	0.01042	0.01014	0.01494	0.01356	0.01946	0.02316	0.03544	0.02215	0.12144	0.61078	0.01319	0.02148	0.00941	0.00461	0.00738
65	0.03235	0.02384	0.02554	0.01958	0.02639	0.02639	0.01618	0.61946	0.04001	0.05363	0.02043	0.02043	0.01447	0.01022	0.00851	0.00255	0.00936	0.00766	0.00851	0.01447
66	0.02011	0.01900	0.03219	0.09305	0.55474	0.01927	0.02492	0.02511	0.01923	0.02719	0.01834	0.02736	0.01626	0.00896	0.00871	0.00266	0.01001	0.05567	0.00448	0.01273
67	0.02106	0.02022	0.03454	0.05223	0.64784	0.02022	0.02612	0.02612	0.01938	0.02780	0.01601	0.02106	0.01348	0.00758	0.00842	0.00253	0.01011	0.00758	0.00421	0.01348
68	0.01204	0.00870	0.01138	0.01071	0.01271	0.00803	0.00803	0.01606	0.02409	0.03413	0.64335	0.06357	0.08030	0.01740	0.01004	0.00268	0.00401	0.01539	0.00937	0.00803
69	0.01812	0.16685	0.54323	0.02246	0.03405	0.02234	0.02831	0.02668	0.01784	0.02566	0.01463	0.01717	0.01081	0.00794	0.00760	0.00253	0.01193	0.00597	0.00360	0.01227
70	0.01246	0.00887	0.01246	0.01246	0.01373	0.01001	0.00929	0.01500	0.01373	0.01999	0.02389	0.03744	0.02311	0.17827	0.50530	0.01185	0.01878	0.00964	0.05655	0.00717
71	0.01037	0.00741	0.00987	0.01185	0.01234	0.00691	0.00790	0.01185	0.01629	0.02172	0.04690	0.69537	0.05629	0.02666	0.01086	0.00346	0.00494	0.02419	0.00790	0.00691
72	0.01219	0.00817	0.00934	0.00952	0.00956	0.00813	0.00541	0.01233	0.01274	0.01698	0.02867	0.11464	0.03327	0.63878	0.04032	0.00781	0.00795	0.01346	0.00541	0.00532
73	0.02203	0.31967	0.03420	0.01985	0.05055	0.10732	0.05156	0.02494	0.01737	0.02198	0.01365	0.01750	0.01212	0.00963	0.01189	0.00246	0.18165	0.00614	0.06524	0.01028
74	0.02275	0.70604	0.04459	0.01456	0.02184	0.03367	0.01456	0.02548	0.01729	0.02002	0.01183	0.01365	0.01092	0.00728	0.00546	0.00182	0.00910	0.00455	0.00364	0.01092
75	0.01586	0.00793	0.00793	0.00793	0.00991	0.00793	0.00595	0.01983	0.01785	0.03173	0.02776	0.03173	0.02181	0.00991	0.00595	0.00198	0.00397	0.00793	0.74817	0.00793
76	0.02934	0.03667	0.02682	0.02331	0.02766	0.54053	0.07448	0.03198	0.02262	0.02141	0.01335	0.01641	0.01117	0.00923	0.00993	0.00241	0.08228	0.00612	0.00431	0.00997
77	0.02108	0.02982	0.20380	0.06050	0.21902	0.12890	0.04846	0.02656	0.01862	0.02488	0.01452	0.01898	0.01181	0.00919	0.01160	0.00275	0.12694	0.00695	0.00397	0.01166
78	0.01730	0.01030	0.01297	0.01162	0.01453	0.00959	0.00879	0.02185	0.05896	0.14662	0.39044	0.05606	0.10874	0.07912	0.01275	0.00321	0.00519	0.01372	0.00903	0.00922
79	0.01062	0.00763	0.01028	0.01193	0.01260	0.00729	0.00814	0.01238	0.01654	0.02230	0.08046	0.60227	0.05479	0.02922	0.06575	0.00427	0.00638	0.02241	0.00771	0.00704
80	0.01558	0.01337	0.01314	0.01212	0.01524	0.06532	0.00921	0.10131	0.02365	0.02991	0.21050	0.11835	0.30354	0.01826	0.00971	0.00277	0.00593	0.01535	0.00807	0.00864
81	0.15873	0.11153	0.08146	0.08747	0.29758	0.07608	0.02090	0.02620	0.01828	0.02756	0.01432	0.01816	0.01174	0.00782	0.00737	0.00247	0.01007	0.00635	0.00426	0.01164
82	0.01070	0.00823	0.00978	0.01027	0.01211	0.00732	0.00737	0.01312	0.01960	0.02555	0.22224	0.28456	0.29420	0.02217	0.01032	0.00302	0.00444	0.01938	0.00829	0.00732
83	0.12245	0.02268	0.02463	0.08348	0.24080	0.16943	0.01821	0.05084	0.02072	0.08112	0.01735	0.02044	0.01353	0.00852	0.00765	0.00245	0.01018	0.00681	0.06733	0.01140
84	0.08193	0.25976	0.21336	0.06296	0.11990	0.02498	0.02153	0.02532	0.01719	0.02481	0.01358	0.01694	0.01116	0.00831	0.00867	0.00246	0.06595	0.00592	0.00386	0.01141
85	0.01221	0.00818	0.00933	0.00950	0.00954	0.00814	0.00539	0.01233	0.01270	0.01694	0.02850	0.10923	0.03306	0.64448	0.04060	0.00785	0.00797	0.01336	0.00539	0.00530
86	0.02020	0.01268	0.01654	0.01617	0.06940	0.01219	0.01152	0.09652	0.02515	0.15242	0.32600	0.05097	0.10046	0.01498	0.00951	0.00271	0.00599	0.03729	0.00887	0.01043
87	0.02057	0.01375	0.01605	0.01426	0.01827	0.01430	0.01107	0.03269	0.27963	0.14868	0.22338	0.07016	0.07236	0.01423	0.00922	0.00280	0.00581	0.01217	0.00916	0.01143
88	0.12832	0.01867	0.02482	0.20192	0.14809	0.02143	0.01896	0.18843	0.02300	0.03388	0.01634	0.02067	0.01275	0.01181	0.04039	0.00325	0.06315	0.00723	0.00542	0.01146
89	0.02281	0.02891	0.20504	0.03207	0.24819	0.10663	0.02333	0.03149	0.11031	0.07941	0.01961	0.02165	0.01485	0.00871	0.00827	0.00259	0.01078	0.00732	0.00524	0.01282
90	0.02112	0.02027	0.03011	0.25317	0.35945	0.06542	0.02380	0.07490	0.02066	0.02749	0.01589	0.02114	0.01269	0.00819	0.00841	0.00261	0.01082	0.00744	0.00444	0.01199
91	0.02379	0.13325	0.05173	0.01837	0.04596	0.20251	0.01475	0.10484	0.07440	0.02856	0.05975	0.02609	0.06935	0.01014	0.00773	0.00224	0.00984	0.00764	0.00579	0.10326
92	0.01936	0.07498	0.02337	0.28751	0.03637	0.08856	0.01746	0.05146	0.15234	0.02609	0.02746	0.03231	0.07825	0.01115	0.00851	0.00274	0.00965	0.03634	0.00568	0.01039

[dist]
# distance from previous block
# <min> <max>
8	16

[block]
# block no. 1 follows, 21 sequences, length 13
# corresponding to MSA columns:
# 207-219
name=unknown_B
#
# <colnr> <probs for GDERKNQSTAVLIFYWHMCP>
#	G	D	E	R	K	N	Q	S	T	A	V	L	I	F	Y	W	H	M	C	P
0	0.02949	0.02185	0.02352	0.01842	0.02449	0.02413	0.01499	0.51725	0.07784	0.04945	0.05432	0.02530	0.01956	0.04682	0.01042	0.00288	0.00885	0.00845	0.00839	0.01358
1	0.01038	0.00863	0.00907	0.00896	0.01169	0.00732	0.00672	0.01284	0.02016	0.02481	0.17725	0.07890	0.55221	0.02087	0.01005	0.00284	0.00426	0.01754	0.00814	0.00732
2	0.02241	0.04970	0.02122	0.01935	0.07176	0.01996	0.01409	0.04053	0.45324	0.09788	0.07040	0.03176	0.02719	0.01129	0.00857	0.00277	0.00700	0.00947	0.00830	0.01311
3	0.01251	0.01038	0.01557	0.25616	0.02922	0.01137	0.01355	0.01569	0.01716	0.02241	0.06624	0.37235	0.08635	0.01919	0.00990	0.00315	0.00719	0.01722	0.00646	0.00792
4	0.01765	0.01513	0.01765	0.01260	0.02017	0.01134	0.01008	0.02143	0.01765	0.02773	0.01513	0.01765	0.01260	0.00630	0.00630	0.00126	0.00630	0.00504	0.00504	0.75295
5	0.01842	0.11167	0.26147	0.07205	0.23344	0.02018	0.02435	0.02488	0.01901	0.02690	0.08956	0.02415	0.01996	0.00895	0.00813	0.00254	0.01025	0.00766	0.00450	0.01193
6	0.02018	0.01718	0.02546	0.27233	0.21424	0.01917	0.02032	0.10944	0.06855	0.03031	0.01920	0.02372	0.01482	0.00889	0.00818	0.00261	0.00944	0.00779	0.09673	0.01144
7	0.01236	0.00832	0.00965	0.00965	0.00978	0.00845	0.00561	0.01261	0.01248	0.01677	0.02648	0.05383	0.03013	0.64767	0.09547	0.00870	0.00947	0.01210	0.00511	0.00536
8	0.01752	0.09622	0.60856	0.02349	0.03565	0.02086	0.03011	0.02683	0.01791	0.02640	0.01500	0.01763	0.01079	0.00802	0.00788	0.00263	0.01230	0.00615	0.00360	0.01245
9	0.01037	0.00741	0.00987	0.01185	0.01234	0.00691	0.00790	0.01185	0.01629	0.02172	0.04690	0.69537	0.05629	0.02666	0.01086	0.00346	0.00494	0.02419	0.00790	0.00691
10	0.02275	0.70604	0.04459	0.01456	0.02184	0.03367	0.01456	0.02548	0.01729	0.02002	0.01183	0.01365	0.01092	0.00728	0.00546	0.00182	0.00910	0.00455	0.00364	0.01092
11	0.03353	0.01786	0.02042	0.01645	0.02251	0.05986	0.01329	0.09010	0.15892	0.42525	0.03133	0.02794	0.02091	0.01061	0.00852	0.00265	0.00786	0.00851	0.00954	0.01395
12	0.01238	0.00825	0.00928	0.00928	0.00928	0.00825	0.00516	0.01238	0.01238	0.01650	0.02681	0.05569	0.03094	0.70092	0.04331	0.00825	0.00825	0.01238	0.00516	0.00516

[dist]
# distance from previous block
# <min> <max>
0	2

[block]
# block no. 2 follows, 21 sequences, length 6
# corresponding to MSA columns:
# 222-226,228
name=unknown_C
#
# <colnr> <probs for GDERKNQSTAVLIFYWHMCP>
#	G	D	E	R	K	N	Q	S	T	A	V	L	I	F	Y	W	H	M	C	P
0	0.02260	0.48863	0.10781	0.01902	0.02677	0.08619	0.09542	0.02662	0.01833	0.02177	0.01301	0.01547	0.01117	0.00748	0.00653	0.00208	0.01070	0.00553	0.00379	0.01108
1	0.01085	0.00775	0.01042	0.01239	0.01310	0.00732	0.00873	0.01267	0.01676	0.02226	0.04664	0.60994	0.05524	0.02621	0.01099	0.00352	0.00535	0.10492	0.00789	0.00704
2	0.29541	0.10787	0.34776	0.01829	0.02755	0.02107	0.02126	0.02606	0.01659	0.03037	0.01361	0.01594	0.01021	0.00793	0.00674	0.00257	0.00995	0.00547	0.00422	0.01114
3	0.01407	0.01069	0.01229	0.01139	0.01421	0.01023	0.00864	0.10028	0.02389	0.03172	0.29774	0.13442	0.26063	0.01883	0.00992	0.00281	0.00498	0.01615	0.00858	0.00853
4	0.01397	0.00850	0.01100	0.01184	0.01346	0.00768	0.00831	0.01578	0.01777	0.10470	0.05052	0.52433	0.13194	0.02385	0.01045	0.00327	0.00515	0.02129	0.00825	0.00794
5	0.01853	0.21408	0.49955	0.02177	0.03298	0.02334	0.02711	0.02657	0.01779	0.02517	0.01439	0.01686	0.01082	0.00788	0.00741	0.00247	0.01168	0.00584	0.00361	0.01215

[dist]
# distance from previous block
# <min> <max>
0	2

[block]
# block no. 3 follows, 21 sequences, length 7
# corresponding to MSA columns:
# 231-237
name=unknown_D
#
# <colnr> <probs for GDERKNQSTAVLIFYWHMCP>
#	G	D	E	R	K	N	Q	S	T	A	V	L	I	F	Y	W	H	M	C	P
0	0.08928	0.46220	0.10628	0.01654	0.02376	0.13461	0.01627	0.02700	0.01824	0.02254	0.01243	0.01442	0.01076	0.00767	0.00610	0.00205	0.01029	0.00490	0.00390	0.01078
1	0.02371	0.01444	0.01695	0.01443	0.01861	0.01475	0.01116	0.13591	0.13452	0.18843	0.12028	0.09094	0.05721	0.10314	0.01354	0.00348	0.00691	0.01165	0.00866	0.01129
2	0.03097	0.02614	0.02475	0.02007	0.02542	0.17206	0.01622	0.35395	0.03141	0.09704	0.01877	0.01981	0.01384	0.01052	0.01085	0.00263	0.09847	0.00722	0.00713	0.01274
3	0.31591	0.02020	0.05886	0.16463	0.03032	0.02142	0.01603	0.21436	0.02342	0.03875	0.01553	0.01817	0.01147	0.00879	0.00720	0.00266	0.00890	0.00635	0.00587	0.01115
4	0.34008	0.19809	0.08179	0.01426	0.02082	0.02270	0.01345	0.08750	0.01902	0.07723	0.01532	0.01675	0.01177	0.00828	0.00618	0.00239	0.00800	0.00550	0.04007	0.01082
5	0.02654	0.03182	0.02489	0.02209	0.02473	0.41146	0.01731	0.02860	0.01970	0.02069	0.01236	0.01665	0.01105	0.01121	0.01574	0.00280	0.28232	0.00626	0.00412	0.00964
6	0.01423	0.01171	0.04885	0.01248	0.01506	0.01026	0.01014	0.01777	0.02121	0.06894	0.39019	0.10107	0.11265	0.05900	0.01334	0.00317	0.05882	0.01449	0.00818	0.00847

[dist]
# distance from previous block
# <min> <max>
0	1

[block]
# block no. 4 follows, 21 sequences, length 11
# corresponding to MSA columns:
# 239-249
name=unknown_E
#
# <colnr> <probs for GDERKNQSTAVLIFYWHMCP>
#	G	D	E	R	K	N	Q	S	T	A	V	L	I	F	Y	W	H	M	C	P
0	0.02347	0.01502	0.02156	0.11878	0.14575	0.01531	0.01596	0.03078	0.11760	0.21416	0.13389	0.05649	0.03048	0.01159	0.00888	0.00272	0.00767	0.01013	0.00774	0.01201
1	0.02409	0.01892	0.02237	0.12105	0.02899	0.01952	0.01528	0.30232	0.02817	0.03884	0.01930	0.02415	0.01533	0.00945	0.00799	0.00227	0.00862	0.03955	0.00663	0.24717
2	0.02125	0.02220	0.02881	0.15579	0.03367	0.12409	0.10646	0.06306	0.01856	0.02425	0.01393	0.01964	0.01170	0.01086	0.01606	0.00300	0.27399	0.00746	0.00429	0.04094
3	0.01798	0.03860	0.51504	0.03063	0.17605	0.01987	0.03023	0.02676	0.01829	0.02714	0.01544	0.01867	0.01140	0.00797	0.00816	0.00266	0.01201	0.00658	0.00373	0.01278
4	0.02011	0.31444	0.27695	0.02359	0.06821	0.02582	0.10952	0.02634	0.01808	0.02417	0.01417	0.01709	0.01131	0.00759	0.00730	0.00235	0.01124	0.00619	0.00375	0.01178
5	0.01191	0.11035	0.01387	0.00949	0.01300	0.01105	0.00765	0.01415	0.01909	0.02256	0.07536	0.07194	0.55198	0.01947	0.00939	0.00272	0.00501	0.01600	0.00728	0.00773
6	0.02044	0.01632	0.01839	0.01712	0.02130	0.01819	0.01398	0.12629	0.33483	0.03505	0.03588	0.05141	0.03184	0.01533	0.00967	0.00318	0.00752	0.20315	0.00836	0.01175
7	0.01043	0.00768	0.00978	0.01127	0.01223	0.00703	0.00768	0.01218	0.01729	0.02273	0.09209	0.55761	0.15031	0.02525	0.01068	0.00331	0.00478	0.02264	0.00800	0.00703
8	0.02507	0.01921	0.02833	0.03627	0.37148	0.01935	0.02040	0.15407	0.02452	0.12423	0.02527	0.02707	0.06653	0.00972	0.00860	0.00258	0.00906	0.00859	0.00636	0.01332
9	0.02037	0.51515	0.11453	0.01515	0.02225	0.02793	0.01561	0.02418	0.01844	0.02309	0.11153	0.02203	0.02181	0.00897	0.00650	0.00206	0.00873	0.00647	0.00454	0.01067
10	0.18554	0.25220	0.02573	0.01524	0.05398	0.02142	0.01234	0.02790	0.05506	0.12510	0.05423	0.02236	0.01828	0.00905	0.00657	0.00229	0.00732	0.00664	0.08785	0.01090

[dist]
# distance from previous block
# <min> <max>
2	8

[block]
# block no. 5 follows, 21 sequences, length 10
# corresponding to MSA columns:
# 258-267
name=unknown_F
#
# <colnr> <probs for GDERKNQSTAVLIFYWHMCP>
#	G	D	E	R	K	N	Q	S	T	A	V	L	I	F	Y	W	H	M	C	P
0	0.30782	0.02030	0.05676	0.06129	0.02765	0.04987	0.14488	0.06777	0.05193	0.05522	0.06418	0.02238	0.01740	0.00900	0.00765	0.00269	0.00933	0.00754	0.00573	0.01061
1	0.01625	0.01193	0.01357	0.01304	0.01623	0.01198	0.01028	0.06415	0.12970	0.06440	0.05406	0.09557	0.25079	0.07080	0.01255	0.00350	0.00636	0.13761	0.00801	0.00922
2	0.10368	0.14437	0.06584	0.14353	0.02745	0.01901	0.01517	0.07769	0.02073	0.03002	0.15485	0.03159	0.02839	0.01085	0.00787	0.00248	0.00811	0.03579	0.00588	0.06670
3	0.01879	0.01614	0.02485	0.06388	0.02660	0.01585	0.15947	0.11868	0.02067	0.02828	0.02247	0.03731	0.02124	0.19335	0.01808	0.00408	0.00978	0.06463	0.00565	0.13020
4	0.21778	0.01139	0.01258	0.01188	0.01477	0.01231	0.00905	0.01819	0.01455	0.02604	0.02151	0.07381	0.02073	0.11453	0.26257	0.00741	0.01266	0.00884	0.05186	0.07756
5	0.02258	0.01629	0.01822	0.01553	0.01944	0.01765	0.01202	0.33115	0.02811	0.03818	0.02757	0.17362	0.02656	0.10294	0.06732	0.00433	0.00908	0.01198	0.04665	0.01077
6	0.01963	0.01420	0.01641	0.01506	0.01813	0.01503	0.01165	0.24265	0.02522	0.03362	0.03325	0.22382	0.03495	0.13099	0.01549	0.00399	0.00769	0.12092	0.00767	0.00965
7	0.02049	0.20278	0.21751	0.04371	0.02832	0.02160	0.07502	0.07808	0.02028	0.05965	0.02241	0.04554	0.05407	0.00972	0.00772	0.00246	0.00981	0.00792	0.06159	0.01132
8	0.01860	0.01936	0.06782	0.20962	0.33013	0.01880	0.07974	0.02417	0.01877	0.02585	0.01911	0.02991	0.01670	0.00961	0.00895	0.00281	0.01072	0.07330	0.00448	0.01155
9	0.01677	0.01626	0.06327	0.01631	0.01977	0.05471	0.05820	0.09186	0.01840	0.02463	0.02469	0.03522	0.04976	0.16150	0.30087	0.00846	0.01573	0.00960	0.00522	0.00877

[dist]
# distance from previous block
# <min> <max>
0	7

[block]
# block no. 6 follows, 21 sequences, length 15
# corresponding to MSA columns:
# 275-289
name=unknown_G
#
# <colnr> <probs for GDERKNQSTAVLIFYWHMCP>
#	G	D	E	R	K	N	Q	S	T	A	V	L	I	F	Y	W	H	M	C	P
0	0.10453	0.01660	0.05042	0.01501	0.01955	0.01638	0.01250	0.13510	0.14735	0.08081	0.16189	0.04053	0.03488	0.06991	0.01162	0.00324	0.00715	0.05372	0.00792	0.01089
1	0.02657	0.01802	0.02231	0.01801	0.02367	0.01900	0.05876	0.17749	0.23767	0.17859	0.09901	0.03137	0.02731	0.01134	0.00886	0.00272	0.00774	0.00960	0.00880	0.01317
2	0.06236	0.01381	0.01392	0.03234	0.01596	0.07290	0.00975	0.06323	0.01775	0.02557	0.02685	0.17311	0.02778	0.18523	0.01861	0.00413	0.06788	0.01197	0.14890	0.00795
3	0.02201	0.14641	0.02848	0.02052	0.05303	0.02362	0.05222	0.17354	0.02159	0.02926	0.01789	0.08192	0.01668	0.01381	0.01562	0.06745	0.19135	0.00868	0.00538	0.01056
4	0.08993	0.15100	0.32555	0.01960	0.02863	0.06138	0.02188	0.08880	0.02080	0.05029	0.05377	0.02008	0.01565	0.00884	0.00752	0.00249	0.01055	0.00656	0.00490	0.01180
5	0.09144	0.11172	0.02077	0.01448	0.01979	0.01886	0.01190	0.10006	0.18483	0.12426	0.03628	0.05488	0.12846	0.01236	0.00811	0.00260	0.00694	0.00983	0.00764	0.03479
6	0.01404	0.00973	0.01200	0.01305	0.04745	0.00990	0.00809	0.05119	0.01600	0.02248	0.02984	0.18152	0.03250	0.35133	0.07517	0.00627	0.00834	0.01355	0.09049	0.00706
7	0.02476	0.01845	0.02017	0.01676	0.02149	0.02019	0.01318	0.37019	0.10642	0.04212	0.05397	0.13759	0.02702	0.07291	0.01198	0.00324	0.00798	0.01136	0.00818	0.01203
8	0.02429	0.07511	0.02145	0.01840	0.06796	0.01764	0.01390	0.05745	0.22894	0.19028	0.03556	0.04038	0.06986	0.01288	0.00885	0.00283	0.00740	0.08628	0.00820	0.01235
9	0.06156	0.30492	0.02957	0.01581	0.02141	0.17361	0.01360	0.02862	0.02033	0.12475	0.07478	0.02218	0.01946	0.01206	0.04124	0.00277	0.01037	0.00666	0.00558	0.01073
10	0.01728	0.10375	0.02634	0.03938	0.02282	0.02057	0.08678	0.02030	0.01500	0.02169	0.01675	0.02502	0.01550	0.06483	0.15862	0.00563	0.26465	0.00809	0.05795	0.00906
11	0.02446	0.02159	0.01974	0.01745	0.02231	0.13771	0.01356	0.07023	0.38966	0.09024	0.03361	0.03154	0.06695	0.01160	0.00856	0.00272	0.00832	0.00927	0.00799	0.01250
12	0.01828	0.04826	0.09615	0.01488	0.02152	0.01487	0.01321	0.07444	0.07617	0.02899	0.02151	0.09834	0.01966	0.04638	0.00937	0.00234	0.00744	0.00839	0.00577	0.37401
13	0.01896	0.01626	0.01546	0.01360	0.01750	0.11482	0.01048	0.04386	0.07165	0.06185	0.17329	0.03978	0.10327	0.01708	0.06512	0.00331	0.00837	0.01026	0.07584	0.11926
14	0.08415	0.10323	0.13765	0.23512	0.14695	0.10630	0.02221	0.02574	0.01835	0.02482	0.01439	0.01882	0.01134	0.00811	0.00768	0.00254	0.01120	0.00647	0.00402	0.01091

[dist]
# distance from previous block
# <min> <max>
0	33

[block]
# block no. 7 follows, 21 sequences, length 9
# corresponding to MSA columns:
# 323-331
name=unknown_H
#
# <colnr> <probs for GDERKNQSTAVLIFYWHMCP>
#	G	D	E	R	K	N	Q	S	T	A	V	L	I	F	Y	W	H	M	C	P
0	0.01546	0.06465	0.16980	0.01574	0.02074	0.01550	0.01551	0.04969	0.02091	0.02909	0.25712	0.04461	0.13502	0.01449	0.01138	0.00278	0.08965	0.01155	0.00666	0.00965
1	0.01628	0.01236	0.01580	0.10418	0.02138	0.01359	0.01173	0.12778	0.02018	0.02731	0.05347	0.18485	0.06026	0.13562	0.11096	0.00538	0.02979	0.01314	0.02730	0.00864
2	0.02957	0.02167	0.02328	0.01815	0.02401	0.02387	0.01464	0.53510	0.03617	0.04847	0.02132	0.02533	0.01676	0.10620	0.01335	0.00335	0.00921	0.00832	0.00805	0.01318
3	0.02498	0.01542	0.01907	0.08044	0.02422	0.01513	0.01331	0.15839	0.02441	0.18261	0.02582	0.03263	0.02041	0.01091	0.00817	0.00244	0.00762	0.07833	0.09341	0.16227
4	0.06661	0.02151	0.02383	0.02052	0.02244	0.11801	0.01675	0.09519	0.01808	0.02558	0.01363	0.01935	0.01229	0.01722	0.07630	0.00415	0.40694	0.00716	0.00457	0.00987
5	0.01819	0.15011	0.05571	0.01805	0.02268	0.09621	0.09528	0.02279	0.05559	0.02364	0.02814	0.25136	0.02964	0.01515	0.00889	0.00276	0.00899	0.04540	0.00586	0.04558
6	0.01514	0.01105	0.01401	0.01463	0.01700	0.01136	0.01204	0.05098	0.09439	0.02700	0.06412	0.10865	0.09368	0.02175	0.01307	0.07735	0.00714	0.33066	0.00763	0.00836
7	0.02286	0.34191	0.16181	0.01799	0.02569	0.06932	0.01810	0.08830	0.12607	0.02748	0.01739	0.01843	0.01384	0.00857	0.00699	0.00228	0.00984	0.00615	0.00502	0.01198
8	0.01968	0.01436	0.01752	0.01943	0.11996	0.04692	0.01232	0.07971	0.02036	0.10225	0.05698	0.08164	0.09530	0.20481	0.01874	0.00432	0.00812	0.06134	0.00678	0.00948

[dist]
# distance from previous block
# <min> <max>
5	31

[block]
# block no. 8 follows, 21 sequences, length 17
# corresponding to MSA columns:
# 364-380
name=unknown_I
#
# <colnr> <probs for GDERKNQSTAVLIFYWHMCP>
#	G	D	E	R	K	N	Q	S	T	A	V	L	I	F	Y	W	H	M	C	P
0	0.05191	0.21762	0.30587	0.01973	0.02840	0.06936	0.02185	0.02591	0.01759	0.02459	0.01365	0.01646	0.01095	0.00838	0.00888	0.00239	0.07256	0.00569	0.00387	0.07433
1	0.01591	0.01873	0.13994	0.01471	0.02093	0.01248	0.01372	0.06159	0.01918	0.02740	0.03175	0.18986	0.09865	0.01369	0.00836	0.00236	0.00717	0.01166	0.00604	0.28587
2	0.02073	0.07519	0.14304	0.02038	0.08016	0.06190	0.01767	0.02630	0.04652	0.12091	0.03332	0.04772	0.08127	0.01410	0.00919	0.00293	0.00913	0.17212	0.00657	0.01084
3	0.01947	0.01568	0.01795	0.06800	0.02292	0.01729	0.01341	0.14418	0.24615	0.03371	0.03981	0.10108	0.11180	0.01539	0.00944	0.00301	0.00729	0.09432	0.00796	0.01114
4	0.01183	0.00835	0.00987	0.00985	0.01081	0.00794	0.00639	0.01338	0.01695	0.02286	0.21521	0.11880	0.11801	0.36274	0.02686	0.00558	0.00626	0.01496	0.00695	0.00639
5	0.16700	0.13618	0.04686	0.08099	0.05522	0.01817	0.01330	0.05101	0.01805	0.05470	0.01980	0.06892	0.01707	0.01264	0.04197	0.00297	0.00836	0.00765	0.13336	0.04578
6	0.20098	0.15624	0.16671	0.04487	0.02359	0.01922	0.01611	0.02398	0.01847	0.05529	0.13846	0.02942	0.02628	0.01056	0.00747	0.00257	0.00825	0.03565	0.00564	0.01025
7	0.01585	0.06846	0.01461	0.01143	0.01442	0.01049	0.00889	0.01896	0.02158	0.11185	0.32310	0.15078	0.16179	0.01771	0.00958	0.00275	0.00506	0.01530	0.00856	0.00882
8	0.01821	0.13916	0.50457	0.02402	0.03541	0.02199	0.08907	0.02677	0.01809	0.02596	0.01497	0.01784	0.01102	0.00787	0.00790	0.00258	0.01225	0.00642	0.00367	0.01222
9	0.01834	0.02640	0.30975	0.02023	0.06978	0.01474	0.02029	0.02431	0.01897	0.11483	0.06355	0.08616	0.10220	0.05946	0.01116	0.00314	0.00924	0.01050	0.00593	0.01103
10	0.01975	0.06588	0.39773	0.08096	0.03811	0.02003	0.14329	0.02781	0.01885	0.08288	0.01713	0.02014	0.01218	0.00813	0.00843	0.00269	0.01217	0.00726	0.00438	0.01219
11	0.01922	0.01474	0.01988	0.01607	0.02181	0.01300	0.06616	0.05515	0.05031	0.08167	0.02650	0.08858	0.02469	0.01219	0.00850	0.00237	0.00749	0.12268	0.00658	0.34241
12	0.01513	0.07083	0.01861	0.01510	0.01871	0.01326	0.05375	0.02091	0.09941	0.02540	0.03799	0.26150	0.07547	0.01793	0.00953	0.00294	0.00687	0.11834	0.00698	0.11136
13	0.02600	0.16761	0.02715	0.01844	0.02339	0.26525	0.01499	0.12268	0.02281	0.02630	0.01499	0.01860	0.01288	0.03607	0.04215	0.00300	0.07298	0.00620	0.00493	0.07357
14	0.02184	0.12817	0.06038	0.01841	0.02454	0.07826	0.08650	0.15811	0.02373	0.03098	0.04842	0.10793	0.04885	0.01145	0.00823	0.00240	0.00920	0.00967	0.00605	0.11687
15	0.01776	0.01587	0.02123	0.12253	0.19010	0.05747	0.01597	0.05324	0.04157	0.02862	0.21171	0.03869	0.03628	0.09727	0.01323	0.00332	0.00837	0.01052	0.00625	0.00998
16	0.02070	0.02278	0.09028	0.03300	0.27163	0.07065	0.04961	0.05186	0.10920	0.02865	0.05089	0.05953	0.02021	0.01055	0.01042	0.00275	0.07089	0.00896	0.00540	0.01205

[dist]
# distance from previous block
# <min> <max>
9	290

[block]
# block no. 9 follows, 21 sequences, length 13
# corresponding to MSA columns:
# 708-720
name=unknown_J
#
# <colnr> <probs for GDERKNQSTAVLIFYWHMCP>
#	G	D	E	R	K	N	Q	S	T	A	V	L	I	F	Y	W	H	M	C	P
0	0.01931	0.03566	0.45806	0.08658	0.08543	0.01920	0.06445	0.02769	0.01867	0.08109	0.01703	0.01990	0.01207	0.00824	0.00831	0.00270	0.01192	0.00693	0.00431	0.01246
1	0.02056	0.08391	0.03064	0.02788	0.17017	0.10268	0.12806	0.02475	0.01934	0.02571	0.05215	0.05615	0.01849	0.00932	0.00924	0.00236	0.04782	0.00827	0.00482	0.15770
2	0.12030	0.09896	0.11879	0.02704	0.21693	0.03953	0.01894	0.02550	0.01886	0.07956	0.02554	0.03119	0.07882	0.01059	0.00802	0.00263	0.00906	0.05297	0.00538	0.01138
3	0.01909	0.08487	0.11775	0.03158	0.29280	0.05182	0.02001	0.02456	0.05238	0.02497	0.02302	0.02985	0.06060	0.11548	0.01356	0.00339	0.00976	0.00859	0.00473	0.01121
4	0.01687	0.01498	0.01402	0.01363	0.01569	0.10864	0.00964	0.06589	0.07569	0.02518	0.08515	0.25345	0.06100	0.18048	0.01761	0.00420	0.00769	0.01501	0.00696	0.00823
5	0.02075	0.01434	0.01691	0.01423	0.01868	0.01388	0.01106	0.18504	0.02530	0.09292	0.14217	0.19876	0.03740	0.01496	0.00896	0.00256	0.00647	0.01283	0.00803	0.15476
6	0.07527	0.19391	0.26166	0.02139	0.04896	0.11538	0.05445	0.02883	0.01921	0.08408	0.01576	0.01768	0.01190	0.00814	0.00737	0.00241	0.01125	0.00611	0.00455	0.01170
7	0.01850	0.01151	0.01575	0.01715	0.07440	0.01106	0.01236	0.02269	0.04693	0.14274	0.11167	0.09948	0.08404	0.07737	0.01309	0.00364	0.00706	0.21303	0.00800	0.00953
8	0.02149	0.01654	0.01814	0.04403	0.02157	0.03973	0.01286	0.16633	0.19166	0.07007	0.09101	0.08784	0.07912	0.03956	0.01050	0.00307	0.00746	0.05967	0.00813	0.01124
9	0.09274	0.02138	0.02146	0.01734	0.02297	0.07167	0.01395	0.34841	0.08848	0.09513	0.07074	0.02604	0.02120	0.03831	0.00970	0.00281	0.00870	0.00828	0.00803	0.01268
10	0.02469	0.01869	0.02074	0.01643	0.02230	0.01909	0.01315	0.35923	0.03010	0.04136	0.02382	0.14039	0.02147	0.01216	0.00837	0.00239	0.00780	0.00995	0.00752	0.20033
11	0.07068	0.08460	0.25237	0.18674	0.14078	0.02090	0.07664	0.02532	0.01785	0.02607	0.01500	0.01940	0.01145	0.00795	0.00800	0.00264	0.01131	0.00687	0.00392	0.01150
12	0.02736	0.14987	0.07589	0.02283	0.08063	0.32055	0.01782	0.10328	0.07478	0.02698	0.01601	0.01774	0.01284	0.00876	0.00757	0.00230	0.01216	0.00618	0.00504	0.01143

[dist]
# distance from previous block
# <min> <max>
4	9

[block]
# block no. 10 follows, 21 sequences, length 7
# corresponding to MSA columns:
# 737-743
name=unknown_K
#
# <colnr> <probs for GDERKNQSTAVLIFYWHMCP>
#	G	D	E	R	K	N	Q	S	T	A	V	L	I	F	Y	W	H	M	C	P
0	0.01982	0.10208	0.09799	0.10130	0.16549	0.01953	0.01891	0.02702	0.09604	0.06380	0.05375	0.02655	0.04894	0.00985	0.00909	0.00252	0.04500	0.00806	0.00545	0.07878
1	0.02154	0.30202	0.15240	0.07679	0.02798	0.06157	0.01774	0.02612	0.01830	0.06143	0.01482	0.01710	0.01187	0.00764	0.00672	0.00204	0.00969	0.00555	0.00438	0.15431
2	0.01820	0.04355	0.04829	0.12846	0.15088	0.01942	0.01808	0.02595	0.12854	0.02621	0.02311	0.02712	0.04711	0.01411	0.05172	0.00348	0.13425	0.00839	0.07235	0.01077
3	0.02093	0.07303	0.09509	0.01557	0.02306	0.01726	0.01415	0.16098	0.02339	0.03360	0.06828	0.02184	0.01832	0.00842	0.00727	0.00189	0.00777	0.00662	0.00593	0.37663
4	0.05188	0.00923	0.01167	0.06209	0.01584	0.00913	0.00879	0.01518	0.01935	0.02733	0.29446	0.21210	0.11070	0.09804	0.01372	0.00354	0.00546	0.01624	0.00774	0.00752
5	0.02837	0.01938	0.02182	0.01685	0.02340	0.01968	0.01371	0.33836	0.06064	0.13882	0.02322	0.05322	0.01760	0.01022	0.00814	0.00233	0.00801	0.00808	0.00803	0.18011
6	0.01442	0.01005	0.01238	0.01210	0.01454	0.00956	0.00926	0.06588	0.02230	0.05912	0.25802	0.20693	0.16632	0.02002	0.01023	0.00302	0.00531	0.08351	0.00858	0.00844

[dist]
# distance from previous block
# <min> <max>
0	2

[block]
# block no. 11 follows, 21 sequences, length 8
# corresponding to MSA columns:
# 746-753
name=unknown_L
#
# <colnr> <probs for GDERKNQSTAVLIFYWHMCP>
#	G	D	E	R	K	N	Q	S	T	A	V	L	I	F	Y	W	H	M	C	P
0	0.02061	0.39237	0.11142	0.01620	0.02300	0.02659	0.01590	0.02931	0.16199	0.02511	0.04457	0.02168	0.01794	0.01212	0.04552	0.00291	0.00957	0.00668	0.00511	0.01141
1	0.11509	0.01464	0.01759	0.01767	0.09587	0.01425	0.01204	0.02607	0.12550	0.06841	0.16813	0.03438	0.06101	0.01112	0.00801	0.00236	0.00632	0.00931	0.00705	0.18516
2	0.02390	0.02268	0.02490	0.02688	0.17031	0.11503	0.01763	0.11052	0.27491	0.03272	0.02345	0.02437	0.01821	0.01032	0.01000	0.00273	0.06401	0.00812	0.00658	0.01274
3	0.01941	0.01634	0.02070	0.01576	0.02204	0.01501	0.04336	0.02568	0.09578	0.06027	0.01818	0.02043	0.01458	0.00830	0.00960	0.00193	0.09110	0.00637	0.00558	0.48958
4	0.05167	0.23142	0.14658	0.05894	0.02840	0.02148	0.08689	0.02510	0.01801	0.05989	0.01710	0.05652	0.01454	0.00863	0.00728	0.00224	0.00954	0.00713	0.00467	0.14399
5	0.02517	0.01772	0.01962	0.01605	0.02137	0.01855	0.01283	0.30837	0.09342	0.10249	0.03496	0.11425	0.10524	0.01370	0.00889	0.00267	0.00747	0.01122	0.00836	0.05764
6	0.01880	0.02104	0.10836	0.16258	0.35821	0.01867	0.05457	0.02413	0.01834	0.02566	0.01740	0.02562	0.01481	0.00994	0.01006	0.04459	0.01058	0.04077	0.00424	0.01163
7	0.01146	0.00878	0.01230	0.01238	0.01383	0.00816	0.04278	0.01365	0.01786	0.02393	0.16112	0.39495	0.11693	0.10353	0.01444	0.00378	0.00564	0.01963	0.00765	0.00721

[dist]
# distance from previous block
# <min> <max>
0	3

[block]
# block no. 12 follows, 21 sequences, length 10
# corresponding to MSA columns:
# 763-772
name=unknown_M
#
# <colnr> <probs for GDERKNQSTAVLIFYWHMCP>
#	G	D	E	R	K	N	Q	S	T	A	V	L	I	F	Y	W	H	M	C	P
0	0.12220	0.02184	0.12218	0.01695	0.02381	0.01836	0.01560	0.22162	0.02566	0.14731	0.02329	0.09619	0.01888	0.01112	0.00809	0.00258	0.00837	0.00882	0.00727	0.07986
1	0.69003	0.01626	0.01322	0.01158	0.01697	0.01844	0.00954	0.02663	0.01545	0.09865	0.01398	0.01531	0.01038	0.00816	0.00559	0.00263	0.00665	0.00500	0.00578	0.00973
2	0.06725	0.01890	0.10237	0.01576	0.02133	0.01604	0.01412	0.17363	0.05535	0.13258	0.16124	0.09335	0.06494	0.01347	0.00889	0.00273	0.00737	0.01116	0.00808	0.01144
3	0.02346	0.01788	0.02040	0.07769	0.02573	0.02015	0.01468	0.11953	0.39943	0.09692	0.03143	0.03291	0.02395	0.01170	0.00880	0.00287	0.00763	0.04350	0.00833	0.01301
4	0.02804	0.02024	0.02203	0.01804	0.02393	0.02240	0.01453	0.29358	0.30333	0.11705	0.02836	0.02651	0.02041	0.01085	0.00858	0.00271	0.00793	0.00865	0.00882	0.01402
5	0.01774	0.01548	0.01850	0.01359	0.02039	0.01283	0.01095	0.02133	0.01718	0.02700	0.01473	0.01774	0.01246	0.00717	0.00849	0.00151	0.07485	0.00528	0.00491	0.67788
6	0.08671	0.11793	0.27152	0.02702	0.10172	0.02249	0.13876	0.02593	0.01766	0.02662	0.01458	0.01841	0.01141	0.00838	0.00980	0.00269	0.07586	0.00689	0.00397	0.01163
7	0.01182	0.00820	0.00949	0.00974	0.01026	0.00793	0.00595	0.01260	0.01466	0.01945	0.08969	0.15648	0.09630	0.47454	0.03233	0.00653	0.00700	0.01497	0.00620	0.00587
8	0.01736	0.01285	0.01506	0.01411	0.01736	0.01311	0.01150	0.16817	0.02494	0.03283	0.13548	0.06672	0.16306	0.06075	0.01229	0.00345	0.00697	0.20665	0.00808	0.00925
9	0.01951	0.01295	0.01492	0.01291	0.01703	0.01250	0.01008	0.11284	0.07768	0.12711	0.15189	0.10649	0.21514	0.01613	0.00932	0.00271	0.00586	0.01359	0.00855	0.05277

[dist]
# distance from previous block
# <min> <max>
0	2

[block]
# block no. 13 follows, 21 sequences, length 20
# corresponding to MSA columns:
# 775-782,788-799
name=unknown_N
#
# <colnr> <probs for GDERKNQSTAVLIFYWHMCP>
#	G	D	E	R	K	N	Q	S	T	A	V	L	I	F	Y	W	H	M	C	P
0	0.02070	0.01799	0.01982	0.07816	0.02548	0.02096	0.01440	0.04307	0.57600	0.03433	0.03285	0.03092	0.02464	0.01127	0.00865	0.00288	0.00716	0.00943	0.00821	0.01310
1	0.01765	0.01513	0.01765	0.01260	0.02017	0.01134	0.01008	0.02143	0.01765	0.02773	0.01513	0.01765	0.01260	0.00630	0.00630	0.00126	0.00630	0.00504	0.00504	0.75295
2	0.03525	0.01379	0.01876	0.01472	0.02072	0.01196	0.01201	0.03849	0.02394	0.58554	0.07002	0.06457	0.02632	0.01175	0.00876	0.00268	0.00694	0.00975	0.01033	0.01372
3	0.02531	0.01833	0.02334	0.04972	0.15398	0.01967	0.01655	0.09230	0.30808	0.15604	0.02850	0.02760	0.02080	0.01029	0.00857	0.00273	0.00795	0.00873	0.00790	0.01361
