[name]
unknown

[dist]
# distance from previous block
# <min> <max>
20	90

[block]
# block no. 0 follows, 29 sequences, length 20
# corresponding to MSA columns:
# 111-130
name=unknown_A
#
# <colnr> <probs for GDERKNQSTAVLIFYWHMCP>
#	G	D	E	R	K	N	Q	S	T	A	V	L	I	F	Y	W	H	M	C	P
0	0.04949	0.01649	0.02040	0.07551	0.06528	0.06190	0.07137	0.17175	0.09676	0.09717	0.04700	0.02103	0.01559	0.03357	0.00860	0.00229	0.03667	0.00679	0.00558	0.09676
1	0.13914	0.10020	0.04435	0.04198	0.07502	0.19601	0.03273	0.08940	0.06726	0.02459	0.01316	0.01507	0.01053	0.00722	0.00670	0.00197	0.03546	0.00518	0.00430	0.08974
2	0.01466	0.06703	0.01761	0.07048	0.15746	0.01323	0.01151	0.06822	0.06451	0.02159	0.02407	0.07756	0.08621	0.18213	0.01379	0.00320	0.00677	0.00879	0.00477	0.08640
3	0.07452	0.06806	0.05248	0.17060	0.08488	0.01599	0.05976	0.09548	0.05452	0.02497	0.01432	0.01738	0.01124	0.00818	0.02790	0.00222	0.00801	0.00576	0.02430	0.17943
4	0.07284	0.04562	0.01685	0.01364	0.01746	0.09231	0.01084	0.13634	0.19491	0.05753	0.08943	0.02577	0.05421	0.03611	0.00908	0.00236	0.05884	0.00747	0.00601	0.05239
5	0.02039	0.02017	0.05243	0.06966	0.28880	0.10524	0.06066	0.17524	0.06124	0.02755	0.01486	0.01742	0.01159	0.00718	0.00702	0.00210	0.00895	0.00626	0.00458	0.03867
6	0.04119	0.01335	0.01650	0.03791	0.03864	0.01227	0.03649	0.11381	0.05510	0.04535	0.08420	0.04773	0.01880	0.02464	0.00706	0.00180	0.00600	0.00670	0.00530	0.38716
7	0.00845	0.00708	0.00735	0.00756	0.00971	0.00598	0.00556	0.01018	0.01590	0.01910	0.06796	0.15441	0.61926	0.01858	0.00850	0.00247	0.00367	0.01569	0.00661	0.00598
8	0.02073	0.54822	0.03345	0.01449	0.02005	0.19266	0.04380	0.02308	0.01594	0.01720	0.01037	0.01212	0.00922	0.00638	0.00519	0.00164	0.00906	0.00421	0.00322	0.00895
9	0.01462	0.01436	0.02229	0.08374	0.02245	0.01849	0.09628	0.01705	0.01197	0.01768	0.01211	0.01947	0.01142	0.05627	0.10147	0.00413	0.45831	0.00689	0.00333	0.00767
10	0.09046	0.01669	0.08486	0.14755	0.05612	0.01637	0.08787	0.09258	0.01635	0.05829	0.01520	0.06786	0.01289	0.00892	0.00966	0.00235	0.12933	0.00706	0.00437	0.07521
11	0.01126	0.00879	0.01250	0.01210	0.01342	0.01055	0.00951	0.01471	0.04883	0.01779	0.01885	0.02661	0.01720	0.04485	0.57985	0.00967	0.08846	0.00747	0.04082	0.00678
12	0.00902	0.00707	0.00767	0.00795	0.00956	0.00629	0.00562	0.01044	0.01465	0.01803	0.05570	0.14541	0.44417	0.17738	0.01460	0.00348	0.00453	0.04666	0.00611	0.00564
13	0.02603	0.01809	0.01969	0.01536	0.02069	0.01977	0.01260	0.52703	0.08996	0.10852	0.01955	0.01912	0.01382	0.00866	0.00703	0.00214	0.00724	0.00664	0.04629	0.01176
14	0.01598	0.01967	0.10449	0.15683	0.06879	0.01742	0.46543	0.02190	0.01614	0.02197	0.01388	0.01868	0.01041	0.00630	0.00795	0.00237	0.01124	0.00762	0.00346	0.00946
15	0.00974	0.00733	0.00814	0.00799	0.01011	0.00635	0.00590	0.01179	0.01677	0.04633	0.19928	0.10664	0.46834	0.05160	0.00972	0.00261	0.00383	0.01440	0.00684	0.00629
16	0.00864	0.00635	0.00810	0.00950	0.01022	0.00582	0.00643	0.00996	0.01403	0.01834	0.04424	0.64238	0.14660	0.02166	0.00899	0.00282	0.00405	0.01945	0.00661	0.00582
17	0.04669	0.01834	0.08075	0.03938	0.02170	0.01761	0.01351	0.40496	0.02637	0.15145	0.02042	0.09064	0.01604	0.00970	0.00722	0.00224	0.00739	0.00774	0.00678	0.01107
18	0.01505	0.01368	0.02141	0.57603	0.08724	0.01650	0.01875	0.06752	0.07295	0.02141	0.01440	0.01940	0.01083	0.00739	0.00713	0.00234	0.00898	0.00648	0.00381	0.00871
19	0.01873	0.02015	0.04774	0.03238	0.42898	0.15022	0.01826	0.02240	0.01655	0.02193	0.01269	0.01614	0.01063	0.00657	0.00715	0.00194	0.03084	0.00565	0.00363	0.12741

[dist]
# distance from previous block
# <min> <max>
0	2

[block]
# block no. 1 follows, 29 sequences, length 68
# corresponding to MSA columns:
# 133-200
name=unknown_B
#
# <colnr> <probs for GDERKNQSTAVLIFYWHMCP>
#	G	D	E	R	K	N	Q	S	T	A	V	L	I	F	Y	W	H	M	C	P
0	0.01996	0.66601	0.03522	0.01294	0.01873	0.11289	0.01238	0.02219	0.01517	0.01684	0.01003	0.01160	0.00914	0.00624	0.00480	0.00156	0.00825	0.00390	0.00312	0.00903
1	0.01240	0.00620	0.00918	0.00918	0.00924	0.00620	0.00614	0.00955	0.00949	0.01290	0.01278	0.02183	0.01259	0.02412	0.02697	0.76319	0.00608	0.00620	0.03255	0.00322
2	0.01308	0.00803	0.01022	0.00973	0.01067	0.00832	0.00663	0.01407	0.01205	0.09993	0.02307	0.08826	0.02406	0.43944	0.16284	0.00675	0.04210	0.00995	0.00488	0.00593
3	0.00872	0.00623	0.00830	0.00988	0.01034	0.00581	0.00661	0.01003	0.01384	0.01851	0.06024	0.72317	0.04773	0.02206	0.00907	0.00287	0.00411	0.02001	0.00665	0.00581
4	0.00870	0.00633	0.00821	0.00964	0.01028	0.00584	0.00651	0.01007	0.01411	0.01866	0.06681	0.65822	0.10711	0.02163	0.00900	0.00282	0.00406	0.01950	0.00666	0.00584
5	0.00867	0.00623	0.00823	0.00983	0.01030	0.00579	0.00657	0.00992	0.01372	0.01821	0.04032	0.72300	0.06850	0.02217	0.00907	0.00288	0.00411	0.02007	0.00661	0.00579
6	0.02539	0.07716	0.02150	0.01854	0.04698	0.55692	0.01382	0.08350	0.05394	0.02053	0.01243	0.01397	0.01012	0.00744	0.00643	0.00188	0.01157	0.00493	0.00409	0.00890
7	0.01577	0.01613	0.02489	0.02042	0.02151	0.02123	0.11665	0.01800	0.01180	0.01800	0.01012	0.01613	0.00957	0.01148	0.02109	0.00301	0.62639	0.00656	0.00319	0.00807
8	0.01538	0.08160	0.50470	0.01927	0.02726	0.01858	0.02274	0.04822	0.01495	0.02201	0.01209	0.01497	0.00922	0.00789	0.00983	0.00237	0.15036	0.00540	0.00320	0.00996
9	0.00981	0.00712	0.00924	0.00983	0.01024	0.00739	0.00662	0.01091	0.01234	0.01681	0.05054	0.36171	0.03496	0.26258	0.11614	0.00536	0.04317	0.01437	0.00535	0.00551
10	0.01723	0.01632	0.02304	0.11583	0.38817	0.06601	0.01736	0.04681	0.09403	0.02264	0.01617	0.02200	0.01394	0.09785	0.01061	0.00275	0.00836	0.00691	0.00415	0.00984
11	0.02860	0.01407	0.01729	0.01355	0.01885	0.01373	0.01110	0.17379	0.10410	0.46790	0.02692	0.02407	0.03383	0.00909	0.00719	0.00222	0.00633	0.00730	0.00821	0.01186
12	0.05456	0.02036	0.02552	0.07658	0.31804	0.17852	0.06973	0.02243	0.01604	0.02102	0.01211	0.01616	0.01019	0.00754	0.00938	0.00225	0.12055	0.00597	0.00352	0.00954
13	0.01421	0.01325	0.02140	0.57407	0.11239	0.01565	0.01877	0.01972	0.05496	0.01972	0.01371	0.01903	0.01047	0.00708	0.00700	0.00227	0.00889	0.00630	0.00351	0.05758
14	0.00989	0.00721	0.00828	0.00843	0.01037	0.00628	0.00616	0.01183	0.01636	0.05443	0.15577	0.23661	0.40648	0.01815	0.00852	0.00249	0.00382	0.01565	0.00690	0.00636
15	0.10365	0.01414	0.01284	0.01198	0.01482	0.11972	0.00902	0.06323	0.12439	0.05836	0.10176	0.19264	0.09597	0.03532	0.00832	0.00250	0.00614	0.01095	0.00622	0.00804
16	0.00895	0.00649	0.00856	0.00994	0.01063	0.00595	0.00669	0.01028	0.01368	0.01841	0.03804	0.71194	0.04544	0.02153	0.00892	0.00281	0.00418	0.01952	0.00650	0.04155
17	0.02367	0.02628	0.01926	0.01773	0.04627	0.42423	0.01313	0.12020	0.14399	0.02443	0.05882	0.01866	0.01561	0.00835	0.00682	0.00202	0.01007	0.00606	0.00506	0.00936
18	0.01680	0.01324	0.01780	0.01324	0.01892	0.01122	0.07891	0.03677	0.03275	0.09594	0.01744	0.04805	0.03032	0.00720	0.00680	0.00156	0.03320	0.00612	0.00491	0.50883
19	0.01537	0.01620	0.03185	0.29131	0.03974	0.01668	0.36849	0.02059	0.01555	0.02097	0.01350	0.01872	0.01026	0.00653	0.00808	0.00231	0.02873	0.00728	0.00347	0.06436
20	0.01721	0.01259	0.04227	0.01138	0.01441	0.01205	0.00887	0.21527	0.01963	0.08846	0.05185	0.06017	0.10785	0.28554	0.01820	0.00398	0.00663	0.00966	0.00601	0.00798
21	0.01434	0.00820	0.01065	0.00962	0.01207	0.00736	0.00736	0.01727	0.01935	0.16794	0.45243	0.09768	0.11903	0.01426	0.00819	0.00229	0.00400	0.01243	0.00783	0.00770
22	0.01458	0.00898	0.01097	0.00968	0.01247	0.00827	0.00751	0.06351	0.02016	0.14318	0.38192	0.04954	0.21317	0.01402	0.00810	0.00227	0.00420	0.01198	0.00765	0.00784
23	0.02526	0.01905	0.02035	0.01602	0.02139	0.02124	0.01310	0.55735	0.16065	0.04196	0.01939	0.01892	0.01397	0.00876	0.00715	0.00219	0.00741	0.00673	0.00715	0.01195
24	0.00931	0.00717	0.00843	0.00825	0.01011	0.00637	0.00609	0.01179	0.01782	0.02359	0.37832	0.10169	0.32921	0.03885	0.00930	0.00249	0.00362	0.01415	0.00715	0.00629
25	0.00908	0.00643	0.00814	0.00928	0.00973	0.00607	0.00605	0.01013	0.01321	0.01755	0.05622	0.53823	0.07270	0.18441	0.01510	0.00375	0.00470	0.01758	0.00613	0.00549
26	0.01695	0.01895	0.03517	0.06142	0.03274	0.06073	0.45856	0.02165	0.01556	0.02099	0.01298	0.01800	0.01032	0.00758	0.01157	0.00253	0.17420	0.00759	0.00348	0.00903
27	0.02660	0.03394	0.02018	0.01834	0.02201	0.72116	0.01376	0.02843	0.02018	0.01743	0.01101	0.01284	0.00917	0.00734	0.00642	0.00183	0.01284	0.00459	0.00367	0.00825
28	0.01623	0.01829	0.03963	0.02859	0.03531	0.01714	0.63187	0.02190	0.01658	0.02248	0.01616	0.07056	0.01337	0.00716	0.00845	0.00244	0.01145	0.00924	0.00381	0.00933
29	0.01539	0.20061	0.42098	0.10536	0.02925	0.01955	0.02144	0.02135	0.01451	0.02027	0.01185	0.01471	0.00913	0.00705	0.00747	0.00216	0.06109	0.00512	0.00304	0.00969
30	0.02553	0.03118	0.02078	0.01950	0.05544	0.60345	0.01425	0.06603	0.02022	0.01932	0.01138	0.01349	0.00946	0.00767	0.00750	0.00194	0.05554	0.00488	0.00383	0.00860
31	0.05448	0.01268	0.01466	0.01062	0.01680	0.00987	0.00853	0.01913	0.01499	0.06661	0.01349	0.01520	0.01085	0.00556	0.00535	0.00118	0.00533	0.00438	0.00452	0.70577
32	0.01098	0.00797	0.00989	0.01056	0.01175	0.00783	0.00742	0.09221	0.01647	0.02199	0.07036	0.59800	0.06705	0.02009	0.00879	0.00275	0.00453	0.01800	0.00673	0.00661
33	0.01628	0.01548	0.01953	0.01695	0.01770	0.07001	0.01387	0.01796	0.01231	0.05121	0.01440	0.02012	0.04238	0.03780	0.07563	0.00371	0.53644	0.00679	0.00369	0.00774
34	0.02252	0.01588	0.01752	0.01330	0.01901	0.03695	0.01081	0.27997	0.02322	0.14364	0.01909	0.01918	0.03819	0.00767	0.00646	0.00174	0.00658	0.00597	0.00618	0.30611
35	0.00892	0.00660	0.00811	0.00920	0.01010	0.00606	0.00631	0.01025	0.01402	0.01811	0.04513	0.48366	0.19809	0.09701	0.01180	0.00321	0.00441	0.04693	0.00637	0.00572
36	0.01496	0.01419	0.02393	0.43391	0.31051	0.01595	0.02015	0.01941	0.01509	0.02026	0.01483	0.02001	0.03213	0.00715	0.00713	0.00227	0.00889	0.00661	0.00342	0.00920
37	0.01034	0.00692	0.00784	0.00781	0.00788	0.00690	0.00441	0.01048	0.01075	0.01441	0.05006	0.04687	0.02757	0.71985	0.03511	0.00671	0.00676	0.01046	0.00446	0.00441
38	0.01140	0.00902	0.01305	0.01250	0.01376	0.01092	0.00987	0.03584	0.01212	0.01756	0.01782	0.02609	0.01658	0.04688	0.61206	0.01011	0.10642	0.00742	0.00384	0.00673
39	0.01213	0.00820	0.00936	0.00903	0.01151	0.00740	0.00677	0.01537	0.06442	0.10502	0.10918	0.18330	0.39806	0.01682	0.00830	0.00246	0.00413	0.01436	0.00703	0.00715
40	0.01237	0.00618	0.00928	0.00928	0.00928	0.00618	0.00618	0.00928	0.00928	0.01237	0.01237	0.02165	0.01237	0.02474	0.02783	0.79283	0.00618	0.00618	0.00309	0.00309
41	0.01045	0.00717	0.00931	0.00921	0.01069	0.00660	0.00669	0.01310	0.01809	0.04934	0.46827	0.22015	0.08548	0.04120	0.00946	0.00256	0.00377	0.01446	0.00741	0.00657
42	0.02378	0.01743	0.01888	0.01504	0.01984	0.01913	0.01219	0.54781	0.04479	0.04032	0.03540	0.10488	0.01793	0.01033	0.00731	0.00222	0.00708	0.00824	0.03638	0.01102
43	0.06180	0.02596	0.02072	0.02030	0.09757	0.39648	0.01439	0.09735	0.06720	0.02261	0.01295	0.01508	0.01056	0.00811	0.00860	0.00211	0.09943	0.00539	0.00425	0.00914
44	0.01226	0.00930	0.01063	0.01056	0.03193	0.00923	0.00746	0.01782	0.15342	0.05041	0.14687	0.06443	0.25543	0.15677	0.01352	0.00327	0.00495	0.02798	0.00649	0.00728
45	0.02166	0.28580	0.04795	0.01460	0.01914	0.32124	0.01242	0.05615	0.01780	0.01956	0.01258	0.01503	0.01073	0.02860	0.00652	0.00188	0.00949	0.00480	0.08550	0.00855
46	0.01576	0.01262	0.01482	0.01080	0.01686	0.00979	0.00863	0.03842	0.01556	0.05748	0.01449	0.04120	0.01224	0.00615	0.00556	0.00121	0.00535	0.00500	0.00462	0.70344
47	0.01684	0.01032	0.01264	0.01156	0.01415	0.01022	0.00870	0.15740	0.01991	0.14403	0.13300	0.34211	0.03708	0.03603	0.00899	0.00263	0.00521	0.01367	0.00722	0.00832
48	0.00961	0.00671	0.00854	0.00925	0.00962	0.00673	0.00600	0.01053	0.01193	0.01610	0.02915	0.34403	0.03377	0.33103	0.12890	0.00587	0.00756	0.01419	0.00523	0.00526
49	0.02793	0.01370	0.06774	0.01300	0.01842	0.01094	0.01135	0.05759	0.02027	0.55500	0.07987	0.04988	0.02166	0.00956	0.00729	0.00223	0.00619	0.00788	0.00816	0.01136
50	0.01839	0.01828	0.02618	0.06315	0.52788	0.08822	0.01966	0.02434	0.09921	0.02328	0.01503	0.01828	0.01228	0.00688	0.00701	0.00213	0.00860	0.00637	0.00398	0.01085
51	0.05523	0.21103	0.02427	0.01648	0.02033	0.43322	0.01334	0.02496	0.01728	0.01782	0.01048	0.01277	0.00912	0.00762	0.00795	0.00193	0.09972	0.00456	0.00348	0.00840
52	0.01623	0.01731	0.03426	0.06097	0.06613	0.01594	0.46467	0.02144	0.01619	0.02269	0.01388	0.01813	0.01071	0.00591	0.00757	0.00208	0.01020	0.00726	0.00371	0.18469
53	0.02564	0.01926	0.02167	0.01664	0.02220	0.02114	0.04343	0.60632	0.05042	0.04278	0.04551	0.01894	0.01459	0.00871	0.00724	0.00216	0.00778	0.00681	0.00700	0.01175
54	0.00939	0.00701	0.00866	0.00874	0.01026	0.00635	0.00633	0.01183	0.01753	0.02371	0.39144	0.21079	0.20653	0.03743	0.00933	0.00255	0.00369	0.01494	0.00719	0.00628
55	0.01601	0.01593	0.02919	0.20024	0.36091	0.01637	0.17463	0.02063	0.01576	0.02172	0.01473	0.05411	0.01251	0.00723	0.00748	0.00228	0.00932	0.00751	0.00361	0.00983
56	0.40245	0.01393	0.01429	0.10733	0.02005	0.01568	0.01053	0.12786	0.04493	0.08586	0.07969	0.01904	0.01570	0.00805	0.00592	0.00223	0.00626	0.00589	0.00547	0.00885
57	0.01509	0.00841	0.01100	0.00971	0.01233	0.00755	0.00750	0.01820	0.01993	0.18779	0.49909	0.04748	0.10050	0.01346	0.00811	0.00224	0.00401	0.01169	0.00798	0.00794
58	0.00868	0.00620	0.00826	0.00991	0.01033	0.00578	0.00661	0.00991	0.01363	0.01818	0.03925	0.74510	0.04710	0.02231	0.00909	0.00289	0.00413	0.02024	0.00661	0.00578
59	0.27417	0.01418	0.01551	0.05531	0.01905	0.01503	0.01063	0.18239	0.02008	0.24940	0.01942	0.06325	0.01449	0.00879	0.00639	0.00224	0.00639	0.00669	0.00652	0.01006
60	0.02523	0.06767	0.02125	0.04816	0.04341	0.62237	0.01412	0.02766	0.03330	0.01785	0.01146	0.01345	0.00950	0.00729	0.00639	0.00186	0.01217	0.00474	0.00369	0.00844
61	0.01913	0.01235	0.01384	0.01206	0.01560	0.04092	0.00943	0.02811	0.25374	0.20044	0.22682	0.03330	0.03342	0.01072	0.00739	0.00224	0.00522	0.00902	0.05654	0.00972
62	0.00887	0.00628	0.00820	0.00966	0.01003	0.00591	0.00634	0.00997	0.01325	0.01767	0.03729	0.66381	0.04463	0.10697	0.01225	0.00336	0.00445	0.01909	0.00634	0.00561
63	0.01266	0.01070	0.01371	0.01271	0.01355	0.03533	0.00971	0.03494	0.01201	0.01691	0.01716	0.02880	0.01729	0.21938	0.32290	0.00756	0.19653	0.00784	0.00387	0.00644
64	0.01355	0.01264	0.02080	0.61525	0.04410	0.01539	0.03842	0.01921	0.06226	0.01915	0.01553	0.06494	0.01275	0.00821	0.00729	0.00241	0.00896	0.00738	0.00368	0.00807
65	0.01900	0.02071	0.05479	0.03676	0.52117	0.15250	0.02011	0.02290	0.01694	0.02204	0.01377	0.01882	0.01183	0.00703	0.00702	0.00211	0.00932	0.02905	0.00364	0.01050
66	0.80005	0.01377	0.01047	0.00936	0.01377	0.01597	0.00771	0.02093	0.01212	0.03195	0.00991	0.01157	0.00771	0.00661	0.00441	0.00220	0.00551	0.00386	0.00441	0.00771
67	0.01477	0.01266	0.01477	0.01055	0.01687	0.00949	0.00844	0.01793	0.01477	0.02320	0.01266	0.01477	0.01055	0.00527	0.00527	0.00105	0.00527	0.00422	0.00422	0.79328

[dist]
# distance from previous block
# <min> <max>
0	3

[block]
# block no. 2 follows, 29 sequences, length 120
# corresponding to MSA columns:
# 204-323
name=unknown_C
#
# <colnr> <probs for GDERKNQSTAVLIFYWHMCP>
#	G	D	E	R	K	N	Q	S	T	A	V	L	I	F	Y	W	H	M	C	P
0	0.01218	0.00751	0.00995	0.00968	0.01142	0.00687	0.00712	0.01483	0.01820	0.10433	0.42258	0.25984	0.05535	0.01624	0.00846	0.00243	0.00391	0.01445	0.00758	0.00706
1	0.00904	0.00656	0.00854	0.00948	0.01037	0.00605	0.00656	0.01090	0.01559	0.02109	0.22284	0.51237	0.09438	0.01991	0.00886	0.00268	0.00389	0.01789	0.00695	0.00605
2	0.00868	0.00620	0.00826	0.00991	0.01033	0.00578	0.00661	0.00991	0.01363	0.01818	0.03925	0.74510	0.04710	0.02231	0.00909	0.00289	0.00413	0.02024	0.00661	0.00578
3	0.02707	0.01995	0.02137	0.01638	0.02208	0.02208	0.01353	0.68159	0.03348	0.04488	0.01710	0.01710	0.01211	0.00855	0.00712	0.00214	0.00784	0.00641	0.00712	0.01211
4	0.01707	0.01000	0.01392	0.03847	0.07618	0.00920	0.01011	0.02014	0.01823	0.20963	0.24012	0.09671	0.06138	0.01271	0.00791	0.00232	0.00530	0.08258	0.00703	0.06099
5	0.01466	0.06737	0.63822	0.02059	0.03069	0.01715	0.06927	0.02251	0.01513	0.02231	0.01276	0.01515	0.00914	0.00668	0.00678	0.00223	0.01049	0.00541	0.00305	0.01040
6	0.00874	0.00622	0.00824	0.00984	0.01023	0.00582	0.00653	0.00993	0.01351	0.01802	0.03863	0.71940	0.04632	0.04907	0.01009	0.00304	0.00423	0.01988	0.00653	0.00573
7	0.00897	0.00663	0.00839	0.00923	0.01029	0.00605	0.00644	0.01082	0.01565	0.02088	0.20610	0.46404	0.16093	0.01971	0.00881	0.00265	0.00386	0.01758	0.00691	0.00605
8	0.01797	0.02037	0.07855	0.11530	0.25359	0.08585	0.24357	0.05565	0.01735	0.02298	0.01356	0.01765	0.01059	0.00656	0.00744	0.00223	0.01032	0.00680	0.00367	0.01001
9	0.01751	0.54649	0.16548	0.01441	0.02112	0.02437	0.04412	0.02105	0.01464	0.01820	0.01213	0.04940	0.01110	0.00703	0.00539	0.00177	0.00819	0.00512	0.00324	0.00926
10	0.00890	0.00716	0.00793	0.00788	0.00995	0.00619	0.00586	0.01110	0.01716	0.02178	0.24643	0.10937	0.48060	0.01734	0.00846	0.00239	0.00357	0.01477	0.00696	0.00619
11	0.01483	0.01415	0.02349	0.46596	0.22669	0.01677	0.01990	0.01909	0.01442	0.01948	0.01250	0.01824	0.00997	0.00748	0.00885	0.00238	0.08741	0.00632	0.00326	0.00883
12	0.02345	0.12420	0.09487	0.01903	0.06776	0.43237	0.01518	0.04986	0.05296	0.03839	0.01278	0.01435	0.01025	0.00725	0.00634	0.00191	0.01091	0.00498	0.00395	0.00920
13	0.02707	0.01995	0.02137	0.01638	0.02208	0.02208	0.01353	0.68159	0.03348	0.04488	0.01710	0.01710	0.01211	0.00855	0.00712	0.00214	0.00784	0.00641	0.00712	0.01211
14	0.80005	0.01377	0.01047	0.00936	0.01377	0.01597	0.00771	0.02093	0.01212	0.03195	0.00991	0.01157	0.00771	0.00661	0.00441	0.00220	0.00551	0.00386	0.00441	0.00771
15	0.04432	0.01135	0.01043	0.01033	0.01164	0.11737	0.00726	0.01495	0.01332	0.01821	0.02190	0.12808	0.02264	0.24958	0.16206	0.00551	0.00932	0.00942	0.12631	0.00603
16	0.01567	0.01299	0.01995	0.37031	0.10753	0.01462	0.03510	0.09973	0.01798	0.04812	0.11641	0.04676	0.02029	0.00885	0.00733	0.00228	0.00785	0.00784	0.03170	0.00870
17	0.00930	0.00713	0.00827	0.00818	0.00989	0.00637	0.00591	0.01149	0.01697	0.02229	0.31480	0.11357	0.32726	0.09341	0.01137	0.00285	0.00389	0.01410	0.00686	0.00610
18	0.04342	0.01779	0.01764	0.01512	0.01958	0.06717	0.01195	0.21088	0.44836	0.03308	0.02398	0.02263	0.01786	0.00911	0.00707	0.00229	0.00672	0.00725	0.00688	0.01119
19	0.01452	0.13844	0.45879	0.01799	0.02626	0.01687	0.06476	0.02098	0.01586	0.02262	0.11843	0.02064	0.01811	0.00781	0.00680	0.00215	0.00908	0.00643	0.00380	0.00967
20	0.01857	0.49246	0.21300	0.01487	0.02195	0.07115	0.01604	0.04480	0.01565	0.01929	0.01098	0.01266	0.00921	0.00644	0.00536	0.00176	0.00873	0.00433	0.00322	0.00954
21	0.00966	0.00691	0.00891	0.01017	0.01083	0.00664	0.00688	0.04375	0.01452	0.01937	0.03755	0.68411	0.04460	0.04696	0.00994	0.00299	0.00441	0.01920	0.00656	0.00605
22	0.00918	0.00660	0.00880	0.01025	0.01099	0.00622	0.00731	0.01089	0.01458	0.01940	0.08585	0.57711	0.06755	0.02125	0.00913	0.00289	0.00442	0.11493	0.00669	0.00597
23	0.01327	0.00664	0.00664	0.00664	0.00830	0.00664	0.00498	0.01659	0.01493	0.02655	0.02323	0.02655	0.01825	0.00830	0.00498	0.00166	0.00332	0.00664	0.78928	0.00664
24	0.01114	0.00765	0.00906	0.00848	0.01080	0.00671	0.00644	0.01375	0.01841	0.08078	0.36352	0.05767	0.34803	0.01564	0.00830	0.00231	0.00369	0.01337	0.00737	0.00685
25	0.00868	0.00620	0.00826	0.00991	0.01033	0.00578	0.00661	0.00991	0.01363	0.01818	0.03925	0.74510	0.04710	0.02231	0.00909	0.00289	0.00413	0.02024	0.00661	0.00578
26	0.00882	0.00727	0.00768	0.00775	0.00995	0.00624	0.00585	0.01074	0.01625	0.01976	0.10996	0.06731	0.58568	0.05027	0.00974	0.00265	0.00393	0.05754	0.00659	0.00602
27	0.60328	0.04612	0.01391	0.01097	0.01572	0.01778	0.00913	0.16114	0.01675	0.03405	0.01144	0.01273	0.00870	0.00700	0.00499	0.00216	0.00609	0.00440	0.00493	0.00870
28	0.02707	0.01995	0.02137	0.01638	0.02208	0.02208	0.01353	0.68159	0.03348	0.04488	0.01710	0.01710	0.01211	0.00855	0.00712	0.00214	0.00784	0.00641	0.00712	0.01211
29	0.01237	0.00618	0.00928	0.00928	0.00928	0.00618	0.00618	0.00928	0.00928	0.01237	0.01237	0.02165	0.01237	0.02474	0.02783	0.79283	0.00618	0.00618	0.00309	0.00309
30	0.80005	0.01377	0.01047	0.00936	0.01377	0.01597	0.00771	0.02093	0.01212	0.03195	0.00991	0.01157	0.00771	0.00661	0.00441	0.00220	0.00551	0.00386	0.00441	0.00771
31	0.01400	0.01322	0.02236	0.64131	0.13604	0.01597	0.02005	0.01868	0.01450	0.01887	0.01275	0.01880	0.00973	0.00702	0.00711	0.00234	0.00936	0.00633	0.00321	0.00836
32	0.00873	0.00622	0.00825	0.00984	0.01024	0.00582	0.00653	0.00993	0.01352	0.01802	0.03866	0.72073	0.04636	0.04769	0.01004	0.00303	0.00423	0.01990	0.00653	0.00573
33	0.80005	0.01377	0.01047	0.00936	0.01377	0.01597	0.00771	0.02093	0.01212	0.03195	0.00991	0.01157	0.00771	0.00661	0.00441	0.00220	0.00551	0.00386	0.00441	0.00771
34	0.00868	0.00620	0.00826	0.00991	0.01033	0.00578	0.00661	0.00991	0.01363	0.01818	0.03925	0.74510	0.04710	0.02231	0.00909	0.00289	0.00413	0.02024	0.00661	0.00578
35	0.14944	0.01222	0.01537	0.01204	0.01726	0.01120	0.00992	0.03192	0.01910	0.58454	0.04640	0.02319	0.01765	0.00865	0.00678	0.00220	0.00589	0.00683	0.00810	0.01127
36	0.01833	0.01826	0.02821	0.04170	0.65136	0.07254	0.02121	0.02237	0.01653	0.02280	0.01321	0.01725	0.01111	0.00642	0.00700	0.00209	0.00881	0.00621	0.00354	0.01104
37	0.01017	0.00763	0.01144	0.01144	0.01272	0.00890	0.00890	0.01272	0.01144	0.01653	0.01907	0.02797	0.01780	0.05340	0.72153	0.01144	0.01907	0.00763	0.00381	0.00636
38	0.01424	0.00773	0.00784	0.00749	0.00947	0.00794	0.00571	0.05643	0.04034	0.02774	0.02307	0.02599	0.01802	0.00836	0.00519	0.00171	0.00367	0.00667	0.71525	0.00712
39	0.05161	0.06538	0.01754	0.01338	0.01786	0.14124	0.01077	0.06200	0.08916	0.31293	0.12089	0.02499	0.02256	0.00920	0.00695	0.00212	0.00702	0.00725	0.00696	0.01020
40	0.01689	0.32427	0.30710	0.01765	0.02506	0.04270	0.07469	0.02182	0.01478	0.01964	0.01143	0.01390	0.00925	0.00689	0.00731	0.00203	0.06689	0.00499	0.00310	0.00960
41	0.00947	0.00725	0.00867	0.00832	0.01026	0.00646	0.00624	0.01226	0.01872	0.02514	0.47087	0.05881	0.30002	0.01583	0.00840	0.00230	0.00345	0.01367	0.00739	0.00646
42	0.01010	0.00679	0.00784	0.00810	0.00816	0.00673	0.00467	0.01029	0.01086	0.01448	0.02502	0.15407	0.02915	0.63783	0.03206	0.00629	0.00648	0.01188	0.00467	0.00454
43	0.39179	0.05647	0.17527	0.01308	0.01926	0.01615	0.01309	0.06785	0.01580	0.15045	0.01428	0.01498	0.01014	0.00714	0.00563	0.00218	0.00702	0.00493	0.00498	0.00951
44	0.01671	0.01988	0.06751	0.02964	0.03697	0.01795	0.65466	0.02280	0.01674	0.02280	0.01434	0.01905	0.01074	0.00603	0.00834	0.00240	0.01195	0.00828	0.00358	0.00964
45	0.00954	0.00738	0.00804	0.00779	0.01012	0.00632	0.00587	0.01174	0.01728	0.04300	0.21792	0.06356	0.53253	0.01693	0.00837	0.00236	0.00363	0.01428	0.00697	0.00637
46	0.06125	0.01967	0.02089	0.01607	0.02171	0.02181	0.01328	0.65238	0.03253	0.04430	0.01678	0.01685	0.01192	0.00846	0.00700	0.00214	0.00773	0.00630	0.00700	0.01192
47	0.01003	0.00709	0.00893	0.00907	0.00966	0.00738	0.00602	0.01105	0.01136	0.01539	0.02607	0.09962	0.07022	0.42154	0.24825	0.00771	0.01029	0.01062	0.00450	0.00519
48	0.00868	0.00620	0.00826	0.00991	0.01033	0.00578	0.00661	0.00991	0.01363	0.01818	0.03925	0.74510	0.04710	0.02231	0.00909	0.00289	0.00413	0.02024	0.00661	0.00578
49	0.73900	0.01426	0.01133	0.00992	0.01443	0.01646	0.00817	0.07311	0.01381	0.03297	0.01048	0.01200	0.00806	0.00676	0.00462	0.00220	0.00569	0.00406	0.00462	0.00806
50	0.00912	0.00688	0.00843	0.00941	0.01067	0.00629	0.00687	0.01086	0.01495	0.01914	0.06959	0.37929	0.25621	0.04911	0.01004	0.00293	0.00441	0.11330	0.00655	0.00594
51	0.02315	0.01708	0.01918	0.01869	0.12156	0.06930	0.01296	0.25273	0.13509	0.13687	0.02041	0.02143	0.01522	0.03941	0.00816	0.00233	0.00731	0.00683	0.06143	0.01085
52	0.01416	0.01202	0.01412	0.01048	0.01623	0.00912	0.00826	0.01714	0.01465	0.02271	0.01529	0.08710	0.01417	0.00696	0.00565	0.00124	0.00516	0.00581	0.00446	0.71529
53	0.02457	0.01957	0.01991	0.01600	0.02114	0.06325	0.01295	0.47221	0.20654	0.03923	0.01986	0.01934	0.01447	0.00877	0.00711	0.00219	0.00756	0.00673	0.00695	0.01165
54	0.01771	0.01530	0.01610	0.01449	0.01852	0.01771	0.01127	0.03784	0.69247	0.02979	0.02898	0.02657	0.02174	0.00966	0.00725	0.00242	0.00564	0.00805	0.00725	0.01127
55	0.01345	0.01266	0.02136	0.73264	0.04904	0.01582	0.01978	0.01819	0.01424	0.01819	0.01266	0.01898	0.00949	0.00712	0.00712	0.00237	0.00949	0.00633	0.00316	0.00791
56	0.00867	0.00624	0.00822	0.00981	0.01030	0.00579	0.00656	0.00993	0.01374	0.01822	0.04055	0.71831	0.07305	0.02214	0.00906	0.00287	0.00411	0.02004	0.00661	0.00579
57	0.01017	0.00763	0.01144	0.01144	0.01272	0.00890	0.00890	0.01272	0.01144	0.01653	0.01907	0.02797	0.01780	0.05340	0.72153	0.01144	0.01907	0.00763	0.00381	0.00636
58	0.02660	0.03394	0.02018	0.01834	0.02201	0.72116	0.01376	0.02843	0.02018	0.01743	0.01101	0.01284	0.00917	0.00734	0.00642	0.00183	0.01284	0.00459	0.00367	0.00825
59	0.03162	0.01264	0.01685	0.01292	0.01844	0.01124	0.01067	0.07786	0.02125	0.66587	0.02736	0.02376	0.01726	0.00880	0.00716	0.00220	0.00618	0.00711	0.00870	0.01212
60	0.00987	0.00712	0.00934	0.00910	0.01059	0.00658	0.00670	0.01292	0.01921	0.02704	0.60507	0.15400	0.06426	0.01569	0.00850	0.00233	0.00347	0.01395	0.00766	0.00658
61	0.00863	0.00724	0.00753	0.00770	0.00999	0.00615	0.00586	0.01051	0.01615	0.01934	0.06869	0.09289	0.63547	0.01829	0.00853	0.00248	0.00382	0.05807	0.00661	0.00604
62	0.01932	0.72754	0.03668	0.01241	0.01841	0.05367	0.01224	0.02158	0.01468	0.01678	0.00994	0.01147	0.00914	0.00614	0.00464	0.00153	0.00781	0.00384	0.00307	0.00911
63	0.08906	0.01224	0.01607	0.01242	0.01785	0.01088	0.01026	0.03368	0.01977	0.65983	0.02674	0.02329	0.01689	0.00865	0.00696	0.00220	0.00602	0.00692	0.00849	0.01179
64	0.00868	0.00620	0.00826	0.00991	0.01033	0.00578	0.00661	0.00991	0.01363	0.01818	0.03925	0.74510	0.04710	0.02231	0.00909	0.00289	0.00413	0.02024	0.00661	0.00578
65	0.00965	0.00726	0.00893	0.00851	0.01038	0.00654	0.00638	0.01261	0.01915	0.02617	0.54071	0.05711	0.22954	0.01545	0.00840	0.00228	0.00342	0.01343	0.00753	0.00654
66	0.01762	0.01692	0.02890	0.04371	0.70533	0.01692	0.02185	0.02185	0.01621	0.02326	0.01339	0.01762	0.01128	0.00634	0.00705	0.00211	0.00846	0.00634	0.00352	0.01128
67	0.02615	0.01821	0.01971	0.01525	0.02057	0.01990	0.01255	0.57782	0.03092	0.08827	0.01839	0.01843	0.01304	0.00854	0.00693	0.00210	0.00731	0.00648	0.07779	0.01162
68	0.02660	0.03394	0.02018	0.01834	0.02201	0.72116	0.01376	0.02843	0.02018	0.01743	0.01101	0.01284	0.00917	0.00734	0.00642	0.00183	0.01284	0.00459	0.00367	0.00825
69	0.02731	0.01955	0.02113	0.01620	0.02189	0.02150	0.01338	0.64902	0.03282	0.07838	0.01765	0.01746	0.01239	0.00856	0.00713	0.00214	0.00775	0.00645	0.00721	0.01211
70	0.00874	0.00638	0.00823	0.00956	0.01027	0.00587	0.00649	0.01018	0.01435	0.01898	0.08699	0.62598	0.11910	0.02133	0.00897	0.00280	0.00402	0.01919	0.00669	0.00587
71	0.01928	0.73092	0.03676	0.01238	0.01840	0.05042	0.01223	0.02155	0.01465	0.01677	0.00994	0.01147	0.00914	0.00613	0.00463	0.00153	0.00778	0.00383	0.00307	0.00911
72	0.00961	0.00705	0.00949	0.01146	0.03822	0.00674	0.00743	0.03143	0.01436	0.01922	0.03753	0.69348	0.04458	0.02125	0.00895	0.00284	0.00442	0.01926	0.00650	0.00620
73	0.03195	0.01212	0.01652	0.01267	0.01818	0.01047	0.01047	0.03470	0.02038	0.71026	0.02809	0.02424	0.01763	0.00881	0.00716	0.00220	0.00606	0.00716	0.00881	0.01212
74	0.01017	0.00763	0.01144	0.01144	0.01272	0.00890	0.00890	0.01272	0.01144	0.01653	0.01907	0.02797	0.01780	0.05340	0.72153	0.01144	0.01907	0.00763	0.00381	0.00636
75	0.00918	0.00686	0.00921	0.01047	0.01090	0.00688	0.00721	0.01051	0.01366	0.01844	0.05852	0.67421	0.04522	0.02140	0.01002	0.00289	0.05299	0.01907	0.00642	0.00595
76	0.01795	0.01753	0.02859	0.04280	0.68080	0.04220	0.02156	0.02209	0.01636	0.02305	0.01331	0.01745	0.01120	0.00638	0.00703	0.00210	0.00862	0.00628	0.00353	0.01117
77	0.01036	0.00690	0.00777	0.00777	0.00777	0.00690	0.00431	0.01036	0.01036	0.01381	0.02244	0.04660	0.02589	0.74975	0.03624	0.00690	0.00690	0.01036	0.00431	0.00431
78	0.01670	0.01889	0.04023	0.02901	0.03558	0.01834	0.62082	0.02231	0.01629	0.02231	0.01396	0.01889	0.01068	0.00657	0.00973	0.00246	0.07603	0.00821	0.00356	0.00944
79	0.01681	0.01921	0.04202	0.03001	0.03721	0.01801	0.67947	0.02281	0.01681	0.02281	0.01441	0.01921	0.01080	0.00600	0.00840	0.00240	0.01200	0.00840	0.00360	0.00960
80	0.01147	0.00820	0.01147	0.01311	0.01475	0.00820	0.01147	0.01475	0.01639	0.02131	0.03770	0.08032	0.04098	0.01967	0.00984	0.00328	0.00656	0.65741	0.00656	0.00656
81	0.01861	0.01668	0.05198	0.10572	0.06082	0.01581	0.13881	0.19050	0.03934	0.05519	0.01921	0.02116	0.05760	0.00771	0.00705	0.00202	0.00802	0.00692	0.00506	0.17179
82	0.10353	0.01207	0.01433	0.01189	0.01589	0.01198	0.00959	0.15196	0.02163	0.26237	0.22030	0.05709	0.03176	0.01106	0.00739	0.00226	0.00552	0.03213	0.00758	0.00967
83	0.01888	0.72138	0.03663	0.01247	0.01829	0.02789	0.01233	0.02114	0.01431	0.01677	0.00988	0.01161	0.00915	0.00637	0.00540	0.00159	0.03986	0.00391	0.00305	0.00908
84	0.07361	0.09036	0.02134	0.05316	0.02226	0.48931	0.03256	0.02550	0.01798	0.01880	0.01134	0.01379	0.00947	0.00751	0.00731	0.00195	0.05970	0.00485	0.03097	0.00823
85	0.01327	0.00664	0.00664	0.00664	0.00830	0.00664	0.00498	0.01659	0.01493	0.02655	0.02323	0.02655	0.01825	0.00830	0.00498	0.00166	0.00332	0.00664	0.78928	0.00664
86	0.01754	0.05589	0.04951	0.10832	0.31321	0.14571	0.01710	0.02098	0.01634	0.02086	0.07241	0.02141	0.01621	0.05715	0.00947	0.00244	0.03567	0.00668	0.00388	0.00922
87	0.01471	0.01266	0.01504	0.04082	0.01822	0.00976	0.00891	0.01794	0.01474	0.02299	0.01266	0.01494	0.01050	0.00535	0.00535	0.00111	0.00545	0.00431	0.00417	0.76035
88	0.01904	0.75404	0.03731	0.01218	0.01828	0.02818	0.01218	0.02132	0.01447	0.01675	0.00990	0.01142	0.00914	0.00609	0.00457	0.00152	0.00761	0.00381	0.00305	0.00914
89	0.01382	0.01304	0.02204	0.67050	0.10824	0.01592	0.01996	0.01852	0.01442	0.01865	0.01272	0.01886	0.00965	0.00705	0.00711	0.00235	0.00940	0.00633	0.00320	0.00821
90	0.01007	0.00695	0.00769	0.00769	0.00804	0.00677	0.00447	0.01034	0.01121	0.01460	0.02968	0.04979	0.12446	0.64314	0.03219	0.00625	0.00642	0.01104	0.00465	0.00456
91	0.01771	0.01530	0.01610	0.01449	0.01852	0.01771	0.01127	0.03784	0.69247	0.02979	0.02898	0.02657	0.02174	0.00966	0.00725	0.00242	0.00564	0.00805	0.00725	0.01127
92	0.01017	0.00763	0.01144	0.01144	0.01272	0.00890	0.00890	0.01272	0.01144	0.01653	0.01907	0.02797	0.01780	0.05340	0.72153	0.01144	0.01907	0.00763	0.00381	0.00636
93	0.02660	0.03394	0.02018	0.01834	0.02201	0.72116	0.01376	0.02843	0.02018	0.01743	0.01101	0.01284	0.00917	0.00734	0.00642	0.00183	0.01284	0.00459	0.00367	0.00825
94	0.00962	0.00807	0.00834	0.00814	0.01054	0.00735	0.00607	0.01339	0.08847	0.02071	0.10702	0.06192	0.55324	0.05375	0.00969	0.00262	0.00397	0.01390	0.00665	0.00654
95	0.00868	0.00620	0.00826	0.00991	0.01033	0.00578	0.00661	0.00991	0.01363	0.01818	0.03925	0.74510	0.04710	0.02231	0.00909	0.00289	0.00413	0.02024	0.00661	0.00578
96	0.00861	0.00722	0.00748	0.00742	0.00974	0.00609	0.00556	0.01060	0.01669	0.02033	0.14576	0.06673	0.62814	0.01763	0.00841	0.00239	0.00358	0.01478	0.00676	0.00609
97	0.01604	0.01635	0.02174	0.01868	0.01883	0.05113	0.01550	0.01761	0.01129	0.01715	0.00942	0.01546	0.00934	0.01225	0.02266	0.00306	0.70637	0.00616	0.00314	0.00781
98	0.80005	0.01377	0.01047	0.00936	0.01377	0.01597	0.00771	0.02093	0.01212	0.03195	0.00991	0.01157	0.00771	0.00661	0.00441	0.00220	0.00551	0.00386	0.00441	0.00771
99	0.01008	0.00728	0.00952	0.00896	0.01064	0.00672	0.00672	0.01344	0.02016	0.02855	0.70158	0.05319	0.06719	0.01456	0.00840	0.00224	0.00336	0.01288	0.00784	0.00672
100	0.01327	0.00664	0.00664	0.00664	0.00830	0.00664	0.00498	0.01659	0.01493	0.02655	0.02323	0.02655	0.01825	0.00830	0.00498	0.00166	0.00332	0.00664	0.78928	0.00664
101	0.01651	0.01578	0.02690	0.22699	0.53073	0.01663	0.02130	0.02088	0.01569	0.02191	0.01320	0.01799	0.01080	0.00655	0.00707	0.00218	0.00873	0.00634	0.00343	0.01038
102	0.01702	0.01049	0.01378	0.01481	0.11670	0.00960	0.00974	0.03745	0.03450	0.20889	0.08748	0.07543	0.30858	0.01329	0.00784	0.00231	0.00517	0.01129	0.00685	0.00878
103	0.80005	0.01377	0.01047	0.00936	0.01377	0.01597	0.00771	0.02093	0.01212	0.03195	0.00991	0.01157	0.00771	0.00661	0.00441	0.00220	0.00551	0.00386	0.00441	0.00771
104	0.00997	0.00727	0.00937	0.00885	0.01057	0.00667	0.00663	0.01323	0.01990	0.02795	0.66086	0.05418	0.10828	0.01478	0.00840	0.00225	0.00338	0.01302	0.00776	0.00667
105	0.01009	0.00731	0.00955	0.00923	0.01089	0.00678	0.00701	0.01333	0.01959	0.02747	0.61669	0.07502	0.08413	0.01524	0.00852	0.00234	0.00362	0.05887	0.00768	0.00666
106	0.01831	0.64369	0.14125	0.01343	0.02021	0.02638	0.01436	0.02151	0.01456	0.01764	0.01034	0.01198	0.00912	0.00620	0.00491	0.00164	0.00806	0.00403	0.00304	0.00935
107	0.01428	0.03683	0.71286	0.02030	0.03082	0.01654	0.02631	0.02255	0.01503	0.02255	0.01278	0.01503	0.00902	0.00677	0.00677	0.00226	0.01052	0.00526	0.00301	0.01052
108	0.03195	0.01212	0.01652	0.01267	0.01818	0.01047	0.01047	0.03470	0.02038	0.71026	0.02809	0.02424	0.01763	0.00881	0.00716	0.00220	0.00606	0.00716	0.00881	0.01212
109	0.00987	0.00754	0.00928	0.03801	0.01229	0.00716	0.00716	0.04452	0.01606	0.02091	0.11590	0.41985	0.22709	0.01902	0.00865	0.00263	0.00430	0.01678	0.00663	0.00635
110	0.01345	0.01266	0.02136	0.73264	0.04904	0.01582	0.01978	0.01819	0.01424	0.01819	0.01266	0.01898	0.00949	0.00712	0.00712	0.00237	0.00949	0.00633	0.00316	0.00791
111	0.00868	0.00620	0.00826	0.00991	0.01033	0.00578	0.00661	0.00991	0.01363	0.01818	0.03925	0.74510	0.04710	0.02231	0.00909	0.00289	0.00413	0.02024	0.00661	0.00578
112	0.00974	0.00719	0.00913	0.00899	0.01064	0.00658	0.00673	0.01264	0.01870	0.02574	0.50793	0.13244	0.15638	0.01614	0.00854	0.00238	0.00362	0.04250	0.00747	0.00651
113	0.01702	0.01630	0.02780	0.14409	0.60971	0.01676	0.02155	0.02132	0.01593	0.02252	0.01329	0.01782	0.01102	0.00646	0.00706	0.00215	0.00861	0.00634	0.00347	0.01079
114	0.01654	0.01879	0.04092	0.02936	0.03634	0.01761	0.65765	0.02239	0.01670	0.02266	0.01521	0.04275	0.01198	0.00653	0.00843	0.00242	0.01175	0.00879	0.00370	0.00948
115	0.01147	0.00820	0.01147	0.01311	0.01475	0.00820	0.01147	0.01475	0.01639	0.02131	0.03770	0.08032	0.04098	0.01967	0.00984	0.00328	0.00656	0.65741	0.00656	0.00656
116	0.01668	0.03292	0.52965	0.02179	0.07470	0.07228	0.05690	0.04706	0.01646	0.04697	0.01345	0.01564	0.00968	0.00688	0.00687	0.00221	0.01039	0.00555	0.00347	0.01046
117	0.48181	0.07045	0.07980	0.07464	0.04622	0.01724	0.02949	0.06454	0.01464	0.04814	0.01164	0.01365	0.00887	0.00679	0.00533	0.00217	0.00691	0.00467	0.00432	0.00869
118	0.01319	0.01348	0.11781	0.01651	0.11561	0.01010	0.01227	0.03873	0.01615	0.06556	0.09218	0.29053	0.09300	0.03733	0.00899	0.00265	0.00602	0.03611	0.00582	0.00800
119	0.77279	0.03960	0.01140	0.00946	0.01393	0.01640	0.00787	0.02095	0.01220	0.03142	0.00991	0.01156	0.00776	0.00659	0.00441	0.00218	0.00558	0.00385	0.00436	0.00776

[dist]
# distance from previous block
# <min> <max>
0	1

[block]
# block no. 3 follows, 29 sequences, length 64
# corresponding to MSA columns:
# 325-388
name=unknown_D
#
# <colnr> <probs for GDERKNQSTAVLIFYWHMCP>
#	G	D	E	R	K	N	Q	S	T	A	V	L	I	F	Y	W	H	M	C	P
0	0.01243	0.01115	0.01253	0.01224	0.01378	0.09890	0.00944	0.01479	0.01288	0.01713	0.02040	0.05317	0.04137	0.04229	0.53200	0.00899	0.04396	0.00788	0.02804	0.00663
1	0.02052	0.01461	0.01803	0.13818	0.05034	0.01575	0.01269	0.30630	0.02282	0.09704	0.02015	0.10383	0.01750	0.08614	0.01028	0.00272	0.00735	0.00836	0.00600	0.04140
2	0.01624	0.01261	0.01492	0.01073	0.01699	0.00958	0.00861	0.01937	0.01525	0.08228	0.01398	0.01558	0.01116	0.00558	0.00544	0.00115	0.00534	0.00447	0.00461	0.72611
3	0.02660	0.03394	0.02018	0.01834	0.02201	0.72116	0.01376	0.02843	0.02018	0.01743	0.01101	0.01284	0.00917	0.00734	0.00642	0.00183	0.01284	0.00459	0.00367	0.00825
4	0.01008	0.00728	0.00952	0.00896	0.01064	0.00672	0.00672	0.01344	0.02016	0.02855	0.70158	0.05319	0.06719	0.01456	0.00840	0.00224	0.00336	0.01288	0.00784	0.00672
5	0.01065	0.00737	0.00880	0.00867	0.00888	0.00780	0.00540	0.01114	0.01066	0.01470	0.02147	0.04228	0.02391	0.60723	0.11989	0.00713	0.04033	0.00972	0.02917	0.00480
6	0.01771	0.01530	0.01610	0.01449	0.01852	0.01771	0.01127	0.03784	0.69247	0.02979	0.02898	0.02657	0.02174	0.00966	0.00725	0.00242	0.00564	0.00805	0.00725	0.01127
7	0.01018	0.00760	0.01131	0.01131	0.01253	0.00883	0.00873	0.01263	0.01140	0.01643	0.01920	0.02867	0.01810	0.07932	0.69603	0.01127	0.01862	0.00773	0.00383	0.00628
8	0.01771	0.01530	0.01610	0.01449	0.01852	0.01771	0.01127	0.03784	0.69247	0.02979	0.02898	0.02657	0.02174	0.00966	0.00725	0.00242	0.00564	0.00805	0.00725	0.01127
9	0.00944	0.00846	0.00810	0.00814	0.01054	0.03756	0.00623	0.01136	0.01642	0.01931	0.06689	0.06696	0.62274	0.01769	0.00843	0.00244	0.00423	0.06242	0.00648	0.00615
10	0.00868	0.00620	0.00826	0.00991	0.01033	0.00578	0.00661	0.00991	0.01363	0.01818	0.03925	0.74510	0.04710	0.02231	0.00909	0.00289	0.00413	0.02024	0.00661	0.00578
11	0.00887	0.00723	0.00784	0.00769	0.00990	0.00620	0.00577	0.01109	0.01730	0.02177	0.24330	0.06436	0.52970	0.01709	0.00841	0.00236	0.00354	0.01444	0.00695	0.00620
12	0.04359	0.68696	0.07745	0.01259	0.01889	0.02708	0.01290	0.02138	0.01443	0.01759	0.01007	0.01165	0.00909	0.00615	0.00470	0.00159	0.00772	0.00390	0.00309	0.00918
13	0.80005	0.01377	0.01047	0.00936	0.01377	0.01597	0.00771	0.02093	0.01212	0.03195	0.00991	0.01157	0.00771	0.00661	0.00441	0.00220	0.00551	0.00386	0.00441	0.00771
14	0.01033	0.00702	0.00837	0.00837	0.00858	0.00723	0.00507	0.01074	0.01053	0.01425	0.02188	0.04354	0.02456	0.63534	0.14884	0.00765	0.00890	0.00991	0.00423	0.00465
15	0.01199	0.00657	0.00710	0.00745	0.00867	0.00648	0.00525	0.01451	0.01417	0.02341	0.02654	0.18107	0.02519	0.09074	0.00920	0.00248	0.00388	0.00992	0.53917	0.00621
16	0.02295	0.02816	0.01933	0.05163	0.07929	0.53949	0.01366	0.02512	0.01908	0.01818	0.01899	0.02054	0.09677	0.00859	0.00676	0.00195	0.01115	0.00613	0.00400	0.00821
17	0.06597	0.01257	0.01629	0.01263	0.01793	0.01143	0.01040	0.08207	0.02098	0.59758	0.05711	0.02443	0.01901	0.00895	0.00709	0.00220	0.00605	0.00721	0.00844	0.01167
18	0.15253	0.01807	0.02346	0.13429	0.39869	0.11219	0.01803	0.02206	0.01576	0.02323	0.01237	0.01613	0.01012	0.00664	0.00652	0.00213	0.00870	0.00568	0.00364	0.00977
19	0.01354	0.01264	0.02105	0.60390	0.10956	0.01517	0.01899	0.01805	0.01461	0.01886	0.01646	0.02356	0.04283	0.00804	0.00728	0.00239	0.00900	0.03249	0.00349	0.00810
20	0.01133	0.00757	0.00954	0.00893	0.01091	0.00684	0.00669	0.01421	0.01901	0.07483	0.50726	0.07559	0.16703	0.03751	0.00919	0.00243	0.00373	0.01298	0.00756	0.00688
21	0.07730	0.54934	0.09864	0.01454	0.05400	0.04545	0.01369	0.02205	0.01478	0.03954	0.01093	0.01252	0.00938	0.00633	0.00503	0.00170	0.00789	0.00420	0.00336	0.00934
22	0.06475	0.12483	0.58401	0.01859	0.02817	0.01795	0.02337	0.02229	0.01478	0.02242	0.01224	0.01436	0.00895	0.00667	0.00634	0.00216	0.00984	0.00499	0.00310	0.01017
23	0.03050	0.01200	0.01623	0.01246	0.01789	0.01031	0.01026	0.03329	0.02012	0.65822	0.04753	0.02467	0.01878	0.00882	0.00711	0.00215	0.00594	0.00720	0.00857	0.04794
24	0.01007	0.00678	0.00785	0.00814	0.00821	0.00671	0.00471	0.01028	0.01092	0.01456	0.02532	0.16649	0.02953	0.62489	0.03158	0.00621	0.00643	0.01205	0.00471	0.00457
25	0.15483	0.01823	0.12800	0.23520	0.26242	0.01641	0.04434	0.02076	0.01475	0.02320	0.01250	0.01661	0.00976	0.00667	0.00661	0.00224	0.00869	0.00581	0.00350	0.00948
26	0.01068	0.00901	0.01453	0.01269	0.01502	0.00833	0.12204	0.01375	0.01737	0.02378	0.33868	0.24587	0.10855	0.01561	0.00860	0.00247	0.00509	0.01440	0.00665	0.00688
27	0.00924	0.00659	0.00808	0.00890	0.00950	0.00621	0.00579	0.01031	0.01335	0.01764	0.08017	0.41418	0.11560	0.24079	0.01716	0.00401	0.00486	0.01620	0.00600	0.00543
28	0.08767	0.09267	0.49799	0.06234	0.05907	0.01749	0.04353	0.02201	0.01478	0.02271	0.01234	0.01489	0.00909	0.00667	0.00645	0.00219	0.00971	0.00522	0.00319	0.00999
29	0.01477	0.01290	0.01540	0.09121	0.07014	0.04010	0.01209	0.02480	0.28762	0.02478	0.09246	0.07105	0.07007	0.01242	0.00792	0.00253	0.00629	0.12821	0.00627	0.00895
30	0.01147	0.00820	0.01147	0.01311	0.01475	0.00820	0.01147	0.01475	0.01639	0.02131	0.03770	0.08032	0.04098	0.01967	0.00984	0.00328	0.00656	0.65741	0.00656	0.00656
