[name]
unknown

[dist]
# distance from previous block
# <min> <max>
0	18

[block]
# block no. 0 follows, 29 sequences, length 63
# corresponding to MSA columns:
# 18-80
name=unknown_A
#
# <colnr> <probs for GDERKNQSTAVLIFYWHMCP>
#	G	D	E	R	K	N	Q	S	T	A	V	L	I	F	Y	W	H	M	C	P
0	0.01115	0.00797	0.01109	0.01264	0.01416	0.00790	0.01082	0.01423	0.01627	0.02128	0.06326	0.14419	0.04258	0.01973	0.00971	0.00320	0.00620	0.57053	0.00661	0.00649
1	0.00856	0.00715	0.00746	0.00753	0.00975	0.00605	0.00559	0.01046	0.01638	0.01991	0.12018	0.11088	0.60961	0.01803	0.00846	0.00242	0.00362	0.01519	0.00671	0.00605
2	0.02261	0.01736	0.01896	0.01443	0.02022	0.01786	0.01179	0.43245	0.06965	0.03712	0.01646	0.01697	0.01223	0.00759	0.00655	0.00182	0.00689	0.00583	0.00622	0.25698
3	0.01653	0.01007	0.01258	0.01074	0.01410	0.00942	0.00839	0.02214	0.11589	0.17981	0.38240	0.03886	0.04365	0.01159	0.00763	0.00213	0.00449	0.01000	0.00759	0.09198
4	0.01591	0.20095	0.44971	0.01752	0.02603	0.01943	0.02074	0.02458	0.11747	0.02229	0.01456	0.01594	0.01097	0.00705	0.00633	0.00211	0.00910	0.00534	0.00366	0.01031
5	0.01534	0.18676	0.54227	0.01852	0.02768	0.01920	0.02290	0.02207	0.01474	0.02111	0.01203	0.01430	0.00906	0.00686	0.00699	0.00214	0.03990	0.00500	0.00302	0.01012
6	0.03195	0.01212	0.01652	0.01267	0.01818	0.01047	0.01047	0.03470	0.02038	0.71026	0.02809	0.02424	0.01763	0.00881	0.00716	0.00220	0.00606	0.00716	0.00881	0.01212
7	0.00865	0.00628	0.00817	0.00969	0.01027	0.00580	0.00651	0.00994	0.01385	0.01827	0.04201	0.68823	0.10219	0.02195	0.00903	0.00285	0.00409	0.01980	0.00661	0.00580
8	0.03890	0.04179	0.15265	0.15131	0.08840	0.01743	0.31866	0.04304	0.01643	0.04205	0.01394	0.01794	0.01039	0.00654	0.00748	0.00230	0.01041	0.00696	0.00368	0.00968
9	0.01161	0.01004	0.01064	0.01056	0.03258	0.01001	0.00773	0.01925	0.22918	0.02268	0.05684	0.05384	0.46806	0.01506	0.00801	0.00240	0.00439	0.01258	0.00672	0.00782
10	0.00971	0.00722	0.00904	0.00867	0.01043	0.00655	0.00647	0.01269	0.01915	0.02639	0.55666	0.08472	0.18491	0.01553	0.00843	0.00230	0.00344	0.01358	0.00756	0.00655
11	0.00909	0.00665	0.00908	0.01121	0.03830	0.00627	0.00715	0.01041	0.01363	0.01825	0.03767	0.69378	0.04498	0.04454	0.00986	0.00299	0.00439	0.01937	0.00641	0.00596
12	0.11740	0.04433	0.07511	0.04731	0.11643	0.21796	0.01508	0.18530	0.06709	0.02794	0.01409	0.01569	0.01086	0.00748	0.00649	0.00208	0.00917	0.00552	0.00474	0.00994
13	0.01412	0.00817	0.01081	0.00964	0.01203	0.00741	0.00741	0.01737	0.02020	0.15451	0.57714	0.04784	0.05803	0.01350	0.00817	0.00223	0.00386	0.01182	0.00802	0.00772
14	0.02775	0.01475	0.01774	0.01377	0.01897	0.01473	0.01131	0.29132	0.02560	0.37407	0.09284	0.02435	0.02051	0.00930	0.00727	0.00218	0.00649	0.00745	0.00804	0.01156
15	0.01674	0.01923	0.07384	0.05613	0.21477	0.01768	0.42617	0.02221	0.01628	0.02259	0.01383	0.01844	0.01075	0.00637	0.00837	0.00234	0.03320	0.00755	0.00352	0.00999
16	0.01407	0.01329	0.02296	0.59223	0.10882	0.01574	0.06515	0.01880	0.01463	0.01930	0.01323	0.01915	0.01007	0.00701	0.00712	0.00232	0.00934	0.00648	0.03197	0.00830
17	0.00868	0.00620	0.00826	0.00991	0.01033	0.00578	0.00661	0.00991	0.01363	0.01818	0.03925	0.74510	0.04710	0.02231	0.00909	0.00289	0.00413	0.02024	0.00661	0.00578
18	0.01538	0.01440	0.04614	0.01250	0.01904	0.01087	0.05444	0.04524	0.01567	0.02402	0.01296	0.01517	0.01056	0.00552	0.00562	0.00124	0.00605	0.00463	0.00424	0.67631
19	0.01571	0.01447	0.04518	0.01214	0.01801	0.01184	0.01022	0.06589	0.01577	0.02417	0.01267	0.01502	0.01048	0.00624	0.00716	0.00138	0.07395	0.00461	0.00427	0.63082
20	0.00963	0.00717	0.00895	0.00869	0.01041	0.00650	0.00645	0.01250	0.01882	0.02582	0.52003	0.11442	0.19253	0.01590	0.00846	0.00233	0.00347	0.01393	0.00749	0.00650
21	0.01767	0.01409	0.01522	0.01343	0.01729	0.01563	0.01057	0.12046	0.43120	0.05306	0.09313	0.03339	0.09183	0.01106	0.00753	0.00238	0.00557	0.02891	0.00725	0.01034
22	0.00986	0.00711	0.00933	0.00910	0.01059	0.00658	0.00670	0.01290	0.01916	0.02697	0.60051	0.15877	0.06412	0.01574	0.00850	0.00234	0.00348	0.01400	0.00765	0.00658
23	0.01960	0.01569	0.01758	0.01321	0.01938	0.01371	0.01047	0.18846	0.02057	0.03019	0.01551	0.01776	0.01258	0.00731	0.00651	0.00168	0.00653	0.00537	0.00554	0.57236
24	0.01047	0.00783	0.00929	0.01037	0.01149	0.00695	0.00707	0.01135	0.01540	0.02006	0.04914	0.54296	0.22564	0.02186	0.00956	0.00305	0.00462	0.01896	0.00712	0.00679
25	0.01670	0.01598	0.02307	0.01959	0.02049	0.02049	0.07181	0.01815	0.01257	0.01908	0.01290	0.02044	0.01246	0.04254	0.08339	0.00420	0.56648	0.00722	0.00387	0.00858
26	0.01846	0.41076	0.27137	0.01705	0.02457	0.02311	0.05694	0.02254	0.01607	0.02125	0.04162	0.01736	0.01328	0.00785	0.00650	0.00219	0.00924	0.00556	0.00388	0.01039
27	0.02980	0.01165	0.01578	0.01226	0.01742	0.01008	0.01007	0.03256	0.02023	0.64469	0.07246	0.02750	0.04268	0.00947	0.00728	0.00221	0.00581	0.00778	0.00868	0.01158
28	0.00968	0.00727	0.01007	0.01081	0.01174	0.00689	0.03495	0.03310	0.01443	0.01917	0.03813	0.64323	0.06768	0.04411	0.00983	0.00296	0.00466	0.01878	0.00643	0.00612
29	0.77173	0.04061	0.01144	0.00947	0.01393	0.01642	0.00787	0.02095	0.01220	0.03140	0.00991	0.01156	0.00776	0.00659	0.00441	0.00218	0.00558	0.00385	0.00436	0.00776
30	0.01740	0.01660	0.02826	0.04258	0.67998	0.01660	0.02147	0.02159	0.01622	0.02319	0.01429	0.01993	0.01237	0.00683	0.00715	0.00216	0.00839	0.03025	0.00364	0.01111
31	0.01018	0.00757	0.00951	0.00905	0.01085	0.00707	0.00677	0.01400	0.04771	0.02727	0.58472	0.07905	0.12946	0.01499	0.00838	0.00229	0.00351	0.01317	0.00764	0.00680
32	0.00868	0.00620	0.00826	0.00991	0.01033	0.00578	0.00661	0.00991	0.01363	0.01818	0.03925	0.74510	0.04710	0.02231	0.00909	0.00289	0.00413	0.02024	0.00661	0.00578
33	0.03195	0.01212	0.01652	0.01267	0.01818	0.01047	0.01047	0.03470	0.02038	0.71026	0.02809	0.02424	0.01763	0.00881	0.00716	0.00220	0.00606	0.00716	0.00881	0.01212
34	0.01529	0.02980	0.44503	0.02417	0.03337	0.01712	0.28708	0.02265	0.01574	0.02265	0.01343	0.01670	0.00973	0.00646	0.00742	0.00231	0.01111	0.00652	0.00324	0.01016
35	0.01933	0.72609	0.03665	0.01242	0.01842	0.05507	0.01225	0.02160	0.01469	0.01678	0.00994	0.01148	0.00914	0.00614	0.00464	0.00154	0.00782	0.00384	0.00307	0.00910
36	0.00867	0.00722	0.00757	0.00748	0.00978	0.00612	0.00561	0.01071	0.01684	0.02067	0.16909	0.06617	0.60460	0.01750	0.00841	0.00238	0.00357	0.01470	0.00680	0.00612
37	0.01519	0.01346	0.02009	0.42877	0.03588	0.01681	0.01686	0.02153	0.11783	0.04874	0.03594	0.02072	0.01342	0.00887	0.01042	0.00252	0.15347	0.00680	0.00415	0.00854
38	0.03195	0.01212	0.01652	0.01267	0.01818	0.01047	0.01047	0.03470	0.02038	0.71026	0.02809	0.02424	0.01763	0.00881	0.00716	0.00220	0.00606	0.00716	0.00881	0.01212
39	0.06622	0.01328	0.01524	0.03855	0.01830	0.01110	0.00921	0.06815	0.01599	0.02521	0.01281	0.01490	0.01044	0.00568	0.00543	0.00126	0.00564	0.00444	0.00441	0.65376
40	0.01873	0.70785	0.08082	0.01271	0.01908	0.02743	0.01309	0.02140	0.01450	0.01713	0.01008	0.01166	0.00913	0.00614	0.00471	0.00157	0.00780	0.00390	0.00304	0.00923
41	0.01477	0.01266	0.01477	0.01055	0.01687	0.00949	0.00844	0.01793	0.01477	0.02320	0.01266	0.01477	0.01055	0.00527	0.00527	0.00105	0.00527	0.00422	0.00422	0.79328
42	0.00908	0.00664	0.00881	0.01015	0.01052	0.00654	0.00685	0.01025	0.01331	0.01785	0.03689	0.66892	0.04412	0.06874	0.01145	0.00316	0.03564	0.01901	0.00631	0.00577
43	0.01477	0.01266	0.01477	0.01055	0.01687	0.00949	0.00844	0.01793	0.01477	0.02320	0.01266	0.01477	0.01055	0.00527	0.00527	0.00105	0.00527	0.00422	0.00422	0.79328
44	0.01587	0.01262	0.01488	0.01068	0.01696	0.00955	0.00857	0.01901	0.01513	0.06745	0.01365	0.01538	0.01100	0.00550	0.00539	0.00113	0.00532	0.00441	0.00451	0.74297
45	0.01019	0.00755	0.01106	0.01106	0.01220	0.00869	0.00842	0.01247	0.01133	0.01624	0.01943	0.02992	0.01865	0.12636	0.64974	0.01097	0.01780	0.00791	0.00387	0.00614
46	0.01612	0.01261	0.01539	0.06245	0.01929	0.01003	0.00942	0.01936	0.01520	0.08060	0.01395	0.01586	0.01107	0.00570	0.00556	0.00125	0.00564	0.00462	0.00453	0.67136
47	0.03195	0.01212	0.01652	0.01267	0.01818	0.01047	0.01047	0.03470	0.02038	0.71026	0.02809	0.02424	0.01763	0.00881	0.00716	0.00220	0.00606	0.00716	0.00881	0.01212
48	0.02707	0.01995	0.02137	0.01638	0.02208	0.02208	0.01353	0.68159	0.03348	0.04488	0.01710	0.01710	0.01211	0.00855	0.00712	0.00214	0.00784	0.00641	0.00712	0.01211
49	0.00916	0.00724	0.00825	0.00800	0.01008	0.00633	0.00600	0.01166	0.01799	0.02341	0.35425	0.06165	0.41773	0.01648	0.00841	0.00233	0.00350	0.01406	0.00716	0.00633
50	0.01762	0.01692	0.02890	0.04371	0.70533	0.01692	0.02185	0.02185	0.01621	0.02326	0.01339	0.01762	0.01128	0.00634	0.00705	0.00211	0.00846	0.00634	0.00352	0.01128
51	0.01904	0.75404	0.03731	0.01218	0.01828	0.02818	0.01218	0.02132	0.01447	0.01675	0.00990	0.01142	0.00914	0.00609	0.00457	0.00152	0.00761	0.00381	0.00305	0.00914
52	0.80005	0.01377	0.01047	0.00936	0.01377	0.01597	0.00771	0.02093	0.01212	0.03195	0.00991	0.01157	0.00771	0.00661	0.00441	0.00220	0.00551	0.00386	0.00441	0.00771
53	0.01017	0.00763	0.01144	0.01144	0.01272	0.00890	0.00890	0.01272	0.01144	0.01653	0.01907	0.02797	0.01780	0.05340	0.72153	0.01144	0.01907	0.00763	0.00381	0.00636
54	0.03195	0.01212	0.01652	0.01267	0.01818	0.01047	0.01047	0.03470	0.02038	0.71026	0.02809	0.02424	0.01763	0.00881	0.00716	0.00220	0.00606	0.00716	0.00881	0.01212
55	0.01008	0.00728	0.00952	0.00896	0.01064	0.00672	0.00672	0.01344	0.02016	0.02855	0.70158	0.05319	0.06719	0.01456	0.00840	0.00224	0.00336	0.01288	0.00784	0.00672
56	0.00955	0.00726	0.00879	0.00841	0.01032	0.00650	0.00631	0.01242	0.01892	0.02561	0.50260	0.05804	0.26800	0.01566	0.00840	0.00229	0.00344	0.01356	0.00745	0.00650
57	0.03195	0.01212	0.01652	0.01267	0.01818	0.01047	0.01047	0.03470	0.02038	0.71026	0.02809	0.02424	0.01763	0.00881	0.00716	0.00220	0.00606	0.00716	0.00881	0.01212
58	0.02862	0.01746	0.01983	0.01520	0.02084	0.01839	0.01256	0.47603	0.02932	0.25632	0.02059	0.01936	0.01386	0.00863	0.00714	0.00216	0.00727	0.00665	0.00766	0.01211
59	0.01904	0.75404	0.03731	0.01218	0.01828	0.02818	0.01218	0.02132	0.01447	0.01675	0.00990	0.01142	0.00914	0.00609	0.00457	0.00152	0.00761	0.00381	0.00305	0.00914
60	0.80005	0.01377	0.01047	0.00936	0.01377	0.01597	0.00771	0.02093	0.01212	0.03195	0.00991	0.01157	0.00771	0.00661	0.00441	0.00220	0.00551	0.00386	0.00441	0.00771
61	0.01477	0.01266	0.01477	0.01055	0.01687	0.00949	0.00844	0.01793	0.01477	0.02320	0.01266	0.01477	0.01055	0.00527	0.00527	0.00105	0.00527	0.00422	0.00422	0.79328
62	0.80005	0.01377	0.01047	0.00936	0.01377	0.01597	0.00771	0.02093	0.01212	0.03195	0.00991	0.01157	0.00771	0.00661	0.00441	0.00220	0.00551	0.00386	0.00441	0.00771

[dist]
# distance from previous block
# <min> <max>
0	12

[block]
# block no. 1 follows, 29 sequences, length 37
# corresponding to MSA columns:
# 93-129
name=unknown_B
#
# <colnr> <probs for GDERKNQSTAVLIFYWHMCP>
#	G	D	E	R	K	N	Q	S	T	A	V	L	I	F	Y	W	H	M	C	P
0	0.01904	0.75404	0.03731	0.01218	0.01828	0.02818	0.01218	0.02132	0.01447	0.01675	0.00990	0.01142	0.00914	0.00609	0.00457	0.00152	0.00761	0.00381	0.00305	0.00914
1	0.52100	0.01317	0.01267	0.01056	0.01537	0.01397	0.00871	0.02593	0.01512	0.27838	0.01652	0.01617	0.01131	0.00741	0.00541	0.00220	0.00571	0.00506	0.00601	0.00931
2	0.00906	0.00671	0.00846	0.00915	0.01030	0.00611	0.00643	0.01105	0.01609	0.02155	0.24825	0.41458	0.16775	0.01918	0.00876	0.00261	0.00380	0.01707	0.00699	0.00611
3	0.74905	0.06211	0.01222	0.00955	0.01406	0.01677	0.00800	0.02096	0.01227	0.03096	0.00991	0.01156	0.00780	0.00658	0.00442	0.00216	0.00565	0.00385	0.00432	0.00780
4	0.00997	0.00727	0.00937	0.00884	0.01057	0.00667	0.00663	0.01323	0.01990	0.02795	0.66068	0.05419	0.10847	0.01478	0.00840	0.00225	0.00338	0.01302	0.00776	0.00667
5	0.01683	0.01387	0.01468	0.01316	0.01700	0.01548	0.01025	0.05588	0.52169	0.05168	0.03644	0.03384	0.14608	0.01113	0.00745	0.00240	0.00536	0.00924	0.00718	0.01037
6	0.00974	0.00710	0.00916	0.00900	0.01052	0.00652	0.00661	0.01264	0.01882	0.02622	0.55035	0.16725	0.10734	0.01606	0.00851	0.00236	0.00350	0.01423	0.00755	0.00652
7	0.01844	0.01490	0.01590	0.01397	0.01805	0.01679	0.01095	0.10828	0.52460	0.05658	0.05239	0.02909	0.06780	0.01023	0.00734	0.00237	0.00569	0.00846	0.00727	0.01090
8	0.01592	0.01334	0.01538	0.01109	0.01736	0.01067	0.00891	0.07999	0.01652	0.02523	0.01307	0.01498	0.01069	0.00558	0.00545	0.00116	0.00551	0.00442	0.00449	0.72023
9	0.80005	0.01377	0.01047	0.00936	0.01377	0.01597	0.00771	0.02093	0.01212	0.03195	0.00991	0.01157	0.00771	0.00661	0.00441	0.00220	0.00551	0.00386	0.00441	0.00771
10	0.01842	0.01514	0.01612	0.01440	0.01850	0.01735	0.01123	0.03768	0.65905	0.06362	0.02894	0.02645	0.02153	0.00962	0.00724	0.00240	0.00566	0.00801	0.00732	0.01131
11	0.00997	0.00727	0.00937	0.00884	0.01057	0.00667	0.00663	0.01323	0.01990	0.02795	0.66047	0.05419	0.10867	0.01478	0.00840	0.00225	0.00338	0.01302	0.00776	0.00667
12	0.03195	0.01212	0.01652	0.01267	0.01818	0.01047	0.01047	0.03470	0.02038	0.71026	0.02809	0.02424	0.01763	0.00881	0.00716	0.00220	0.00606	0.00716	0.00881	0.01212
13	0.01017	0.00763	0.01144	0.01144	0.01272	0.00890	0.00890	0.01272	0.01144	0.01653	0.01907	0.02797	0.01780	0.05340	0.72153	0.01144	0.01907	0.00763	0.00381	0.00636
14	0.01008	0.00728	0.00952	0.00896	0.01064	0.00672	0.00672	0.01344	0.02016	0.02855	0.70158	0.05319	0.06719	0.01456	0.00840	0.00224	0.00336	0.01288	0.00784	0.00672
15	0.01832	0.01560	0.01644	0.01461	0.01875	0.01800	0.01142	0.07967	0.64965	0.03077	0.02821	0.02595	0.02111	0.00959	0.00724	0.00240	0.00578	0.00794	0.00724	0.01133
16	0.01771	0.01530	0.01610	0.01449	0.01852	0.01771	0.01127	0.03784	0.69247	0.02979	0.02898	0.02657	0.02174	0.00966	0.00725	0.00242	0.00564	0.00805	0.00725	0.01127
17	0.80005	0.01377	0.01047	0.00936	0.01377	0.01597	0.00771	0.02093	0.01212	0.03195	0.00991	0.01157	0.00771	0.00661	0.00441	0.00220	0.00551	0.00386	0.00441	0.00771
18	0.80005	0.01377	0.01047	0.00936	0.01377	0.01597	0.00771	0.02093	0.01212	0.03195	0.00991	0.01157	0.00771	0.00661	0.00441	0.00220	0.00551	0.00386	0.00441	0.00771
19	0.01490	0.01308	0.01654	0.01181	0.01820	0.01005	0.05204	0.01825	0.01490	0.02318	0.01277	0.01505	0.01056	0.00532	0.00548	0.00114	0.00571	0.00449	0.00418	0.74236
20	0.00867	0.00722	0.00757	0.00748	0.00977	0.00612	0.00561	0.01071	0.01683	0.02067	0.16890	0.06617	0.60478	0.01750	0.00841	0.00238	0.00357	0.01470	0.00680	0.00612
21	0.01477	0.01266	0.01477	0.01055	0.01687	0.00949	0.00844	0.01793	0.01477	0.02320	0.01266	0.01477	0.01055	0.00527	0.00527	0.00105	0.00527	0.00422	0.00422	0.79328
22	0.01937	0.62633	0.09131	0.01344	0.01967	0.09328	0.01350	0.02210	0.01506	0.01729	0.01024	0.01186	0.00913	0.00627	0.00493	0.00161	0.00835	0.00400	0.00310	0.00917
23	0.80005	0.01377	0.01047	0.00936	0.01377	0.01597	0.00771	0.02093	0.01212	0.03195	0.00991	0.01157	0.00771	0.00661	0.00441	0.00220	0.00551	0.00386	0.00441	0.00771
24	0.03195	0.01212	0.01652	0.01267	0.01818	0.01047	0.01047	0.03470	0.02038	0.71026	0.02809	0.02424	0.01763	0.00881	0.00716	0.00220	0.00606	0.00716	0.00881	0.01212
25	0.01904	0.75404	0.03731	0.01218	0.01828	0.02818	0.01218	0.02132	0.01447	0.01675	0.00990	0.01142	0.00914	0.00609	0.00457	0.00152	0.00761	0.00381	0.00305	0.00914
26	0.03195	0.01212	0.01652	0.01267	0.01818	0.01047	0.01047	0.03470	0.02038	0.71026	0.02809	0.02424	0.01763	0.00881	0.00716	0.00220	0.00606	0.00716	0.00881	0.01212
27	0.01008	0.00728	0.00952	0.00896	0.01064	0.00672	0.00672	0.01344	0.02016	0.02855	0.70158	0.05319	0.06719	0.01456	0.00840	0.00224	0.00336	0.01288	0.00784	0.00672
28	0.01008	0.00728	0.00952	0.00896	0.01064	0.00672	0.00672	0.01344	0.02016	0.02855	0.70158	0.05319	0.06719	0.01456	0.00840	0.00224	0.00336	0.01288	0.00784	0.00672
29	0.01681	0.01921	0.04202	0.03001	0.03721	0.01801	0.67947	0.02281	0.01681	0.02281	0.01441	0.01921	0.01080	0.00600	0.00840	0.00240	0.01200	0.00840	0.00360	0.00960
30	0.01008	0.00728	0.00952	0.00896	0.01064	0.00672	0.00672	0.01344	0.02016	0.02855	0.70158	0.05319	0.06719	0.01456	0.00840	0.00224	0.00336	0.01288	0.00784	0.00672
31	0.01428	0.03683	0.71286	0.02030	0.03082	0.01654	0.02631	0.02255	0.01503	0.02255	0.01278	0.01503	0.00902	0.00677	0.00677	0.00226	0.01052	0.00526	0.00301	0.01052
32	0.01966	0.69474	0.03590	0.01269	0.01858	0.08524	0.01231	0.02191	0.01494	0.01681	0.00999	0.01154	0.00914	0.00619	0.00472	0.00155	0.00805	0.00387	0.00310	0.00907
33	0.01809	0.01548	0.01632	0.01457	0.01866	0.01789	0.01136	0.06399	0.66570	0.03040	0.02850	0.02618	0.02135	0.00962	0.00724	0.00240	0.00572	0.00798	0.00724	0.01130
34	0.01450	0.06402	0.56109	0.02187	0.10406	0.01639	0.02391	0.02159	0.01505	0.02209	0.01445	0.06284	0.01176	0.00770	0.00685	0.00225	0.00975	0.00630	0.00330	0.01024
35	0.05448	0.01434	0.05149	0.04065	0.10404	0.01340	0.15670	0.10058	0.01855	0.04632	0.14337	0.15335	0.04908	0.01131	0.00786	0.00237	0.00723	0.01053	0.00556	0.00879
36	0.00919	0.00724	0.00829	0.00803	0.01009	0.00634	0.00602	0.01172	0.01806	0.02358	0.36527	0.06139	0.40660	0.01641	0.00841	0.00233	0.00349	0.01403	0.00718	0.00634

[dist]
# distance from previous block
# <min> <max>
0	5

[block]
# block no. 2 follows, 29 sequences, length 125
# corresponding to MSA columns:
# 135-216,218-260
name=unknown_C
#
# <colnr> <probs for GDERKNQSTAVLIFYWHMCP>
#	G	D	E	R	K	N	Q	S	T	A	V	L	I	F	Y	W	H	M	C	P
0	0.12083	0.08899	0.56588	0.01819	0.02755	0.01736	0.02271	0.02224	0.01460	0.02337	0.01217	0.01429	0.00885	0.00669	0.00628	0.00219	0.00962	0.00496	0.00320	0.01004
1	0.02007	0.01580	0.01878	0.05884	0.02143	0.01652	0.04238	0.32759	0.09234	0.03314	0.04017	0.07347	0.01726	0.03071	0.00788	0.00218	0.00697	0.00758	0.00607	0.16081
2	0.01791	0.03882	0.02738	0.10413	0.54963	0.04817	0.02033	0.04457	0.01671	0.02309	0.01322	0.01726	0.01096	0.00650	0.00691	0.00208	0.00861	0.00613	0.00363	0.03395
3	0.01393	0.01328	0.02256	0.63341	0.09115	0.01622	0.04161	0.01855	0.01432	0.01864	0.01262	0.01876	0.00965	0.00725	0.00784	0.00239	0.04004	0.00639	0.00320	0.00819
4	0.01008	0.00728	0.00952	0.00896	0.01064	0.00672	0.00672	0.01344	0.02016	0.02855	0.70158	0.05319	0.06719	0.01456	0.00840	0.00224	0.00336	0.01288	0.00784	0.00672
5	0.01517	0.01442	0.02447	0.44835	0.31986	0.01627	0.02063	0.01970	0.01505	0.02029	0.01296	0.01842	0.01023	0.00680	0.00709	0.00227	0.00907	0.00633	0.00331	0.00930
6	0.00856	0.00722	0.00741	0.00737	0.00971	0.00607	0.00552	0.01050	0.01657	0.02005	0.12700	0.06719	0.64707	0.01773	0.00841	0.00239	0.00359	0.01484	0.00672	0.00607
7	0.00902	0.00661	0.00907	0.01123	0.03740	0.00622	0.00720	0.01038	0.01373	0.01838	0.03824	0.71677	0.04570	0.02169	0.00901	0.00286	0.00430	0.01970	0.00649	0.00600
8	0.01225	0.00941	0.01309	0.01518	0.13402	0.00891	0.00950	0.01604	0.03977	0.05220	0.44411	0.04714	0.14403	0.01323	0.00808	0.00224	0.00447	0.01166	0.00692	0.00777
9	0.01695	0.01853	0.03815	0.03282	0.19457	0.01789	0.49876	0.02237	0.01644	0.02270	0.01397	0.01870	0.01086	0.00633	0.00865	0.00236	0.03860	0.00783	0.00356	0.00993
10	0.01852	0.01427	0.01549	0.01375	0.01777	0.01597	0.01074	0.03529	0.56302	0.10236	0.05823	0.02925	0.05318	0.01014	0.00734	0.00238	0.00550	0.00846	0.00741	0.01094
11	0.02189	0.01810	0.02140	0.12866	0.15248	0.07337	0.01538	0.28449	0.10330	0.05948	0.01731	0.01885	0.01289	0.00796	0.00700	0.00217	0.00812	0.00648	0.02993	0.01075
12	0.01720	0.01677	0.04592	0.05609	0.49868	0.01575	0.03845	0.04464	0.01649	0.02384	0.01338	0.01710	0.01105	0.00626	0.00677	0.00194	0.00806	0.00599	0.00375	0.15186
13	0.80005	0.01377	0.01047	0.00936	0.01377	0.01597	0.00771	0.02093	0.01212	0.03195	0.00991	0.01157	0.00771	0.00661	0.00441	0.00220	0.00551	0.00386	0.00441	0.00771
14	0.01379	0.01167	0.01179	0.01102	0.01333	0.09297	0.00829	0.01908	0.11475	0.05273	0.41811	0.10321	0.07392	0.01358	0.00801	0.00228	0.00499	0.01170	0.00715	0.00765
15	0.01904	0.75404	0.03731	0.01218	0.01828	0.02818	0.01218	0.02132	0.01447	0.01675	0.00990	0.01142	0.00914	0.00609	0.00457	0.00152	0.00761	0.00381	0.00305	0.00914
16	0.00847	0.00722	0.00729	0.00727	0.00965	0.00603	0.00545	0.01033	0.01636	0.01954	0.09301	0.06802	0.68138	0.01792	0.00842	0.00240	0.00360	0.01496	0.00665	0.00603
17	0.01345	0.01266	0.02136	0.73264	0.04904	0.01582	0.01978	0.01819	0.01424	0.01819	0.01266	0.01898	0.00949	0.00712	0.00712	0.00237	0.00949	0.00633	0.00316	0.00791
18	0.01701	0.01286	0.01708	0.11399	0.02247	0.01088	0.03849	0.02046	0.01554	0.11610	0.01483	0.01684	0.01137	0.00605	0.00592	0.00145	0.00626	0.00509	0.00467	0.54263
19	0.01008	0.00728	0.00952	0.00896	0.01064	0.00672	0.00672	0.01344	0.02016	0.02855	0.70158	0.05319	0.06719	0.01456	0.00840	0.00224	0.00336	0.01288	0.00784	0.00672
20	0.80005	0.01377	0.01047	0.00936	0.01377	0.01597	0.00771	0.02093	0.01212	0.03195	0.00991	0.01157	0.00771	0.00661	0.00441	0.00220	0.00551	0.00386	0.00441	0.00771
21	0.01529	0.00951	0.01033	0.00932	0.01171	0.00997	0.00719	0.15235	0.01862	0.02871	0.06488	0.04836	0.04129	0.04068	0.06443	0.00283	0.00568	0.00782	0.44343	0.00762
22	0.01904	0.75404	0.03731	0.01218	0.01828	0.02818	0.01218	0.02132	0.01447	0.01675	0.00990	0.01142	0.00914	0.00609	0.00457	0.00152	0.00761	0.00381	0.00305	0.00914
23	0.00842	0.00721	0.00721	0.00721	0.00962	0.00601	0.00541	0.01022	0.01623	0.01924	0.07213	0.06853	0.70244	0.01803	0.00842	0.00240	0.00361	0.01503	0.00661	0.00601
24	0.01835	0.02919	0.46596	0.02062	0.05400	0.01587	0.08859	0.05377	0.01702	0.14535	0.01587	0.01727	0.01094	0.00711	0.00703	0.00225	0.00969	0.00601	0.00430	0.01081
25	0.01732	0.01703	0.03034	0.07356	0.58408	0.01702	0.11136	0.02182	0.01620	0.02297	0.01350	0.01790	0.01113	0.00633	0.00724	0.00217	0.00899	0.00662	0.00352	0.01090
26	0.18211	0.59947	0.03171	0.01160	0.01734	0.02563	0.01125	0.02124	0.01398	0.01993	0.00990	0.01145	0.00884	0.00620	0.00454	0.00167	0.00718	0.00382	0.00333	0.00884
27	0.02723	0.10594	0.01926	0.01315	0.01844	0.01468	0.01098	0.06345	0.15609	0.45532	0.02549	0.02278	0.01714	0.00863	0.00685	0.00216	0.00625	0.00689	0.00770	0.01157
28	0.01064	0.00855	0.01000	0.03190	0.01284	0.00834	0.00762	0.01568	0.11305	0.02364	0.25279	0.10233	0.29673	0.01585	0.00835	0.00245	0.00425	0.06094	0.00697	0.00706
29	0.00989	0.00727	0.00926	0.00877	0.01053	0.00664	0.00657	0.01308	0.01972	0.02753	0.63211	0.05488	0.13730	0.01494	0.00840	0.00226	0.00339	0.01311	0.00770	0.00664
30	0.00878	0.00627	0.00839	0.01004	0.01050	0.00588	0.00680	0.01010	0.01374	0.01830	0.03919	0.71919	0.04686	0.02221	0.00912	0.00291	0.00423	0.04509	0.00661	0.00581
31	0.01713	0.01599	0.02471	0.06216	0.48827	0.01665	0.01860	0.02511	0.17868	0.02448	0.01934	0.02176	0.03995	0.00762	0.00715	0.00221	0.00764	0.00708	0.00452	0.01095
32	0.02611	0.01805	0.01975	0.01543	0.02083	0.01964	0.01265	0.50607	0.10637	0.12835	0.02140	0.02053	0.03313	0.00897	0.00718	0.00218	0.00724	0.00693	0.00734	0.01185
33	0.76560	0.04642	0.01165	0.00949	0.01397	0.01651	0.00791	0.02095	0.01222	0.03128	0.00991	0.01156	0.00777	0.00659	0.00441	0.00217	0.00560	0.00385	0.00435	0.00777
34	0.01493	0.09159	0.57155	0.02040	0.02982	0.01782	0.07978	0.02223	0.01495	0.02187	0.01253	0.01512	0.00919	0.00690	0.00747	0.00225	0.04286	0.00545	0.00306	0.01021
35	0.01298	0.01180	0.01904	0.49649	0.08947	0.01405	0.01683	0.01691	0.01432	0.01889	0.01963	0.10891	0.05523	0.00978	0.00801	0.00242	0.03788	0.00852	0.03110	0.00775
36	0.00878	0.00677	0.00803	0.00868	0.01009	0.00602	0.00614	0.01057	0.01567	0.02017	0.15246	0.36698	0.31529	0.01941	0.00871	0.00260	0.00380	0.01702	0.00680	0.00602
37	0.80005	0.01377	0.01047	0.00936	0.01377	0.01597	0.00771	0.02093	0.01212	0.03195	0.00991	0.01157	0.00771	0.00661	0.00441	0.00220	0.00551	0.00386	0.00441	0.00771
38	0.03097	0.01245	0.01663	0.01272	0.01827	0.01087	0.01049	0.05913	0.02063	0.65271	0.02695	0.02352	0.01709	0.00864	0.00707	0.00215	0.00609	0.00700	0.00854	0.04808
39	0.02850	0.01765	0.01995	0.01529	0.02094	0.01867	0.01263	0.49157	0.02963	0.24033	0.02033	0.01919	0.01373	0.00863	0.00713	0.00216	0.00731	0.00663	0.00762	0.01211
40	0.01428	0.03683	0.71286	0.02030	0.03082	0.01654	0.02631	0.02255	0.01503	0.02255	0.01278	0.01503	0.00902	0.00677	0.00677	0.00226	0.01052	0.00526	0.00301	0.01052
41	0.00869	0.00722	0.00759	0.00750	0.00978	0.00613	0.00562	0.01074	0.01687	0.02075	0.17420	0.06604	0.59943	0.01747	0.00841	0.00238	0.00357	0.01468	0.00681	0.00613
42	0.80005	0.01377	0.01047	0.00936	0.01377	0.01597	0.00771	0.02093	0.01212	0.03195	0.00991	0.01157	0.00771	0.00661	0.00441	0.00220	0.00551	0.00386	0.00441	0.00771
43	0.00868	0.00620	0.00826	0.00991	0.01033	0.00578	0.00661	0.00991	0.01363	0.01818	0.03925	0.74510	0.04710	0.02231	0.00909	0.00289	0.00413	0.02024	0.00661	0.00578
44	0.00868	0.00620	0.00826	0.00991	0.01033	0.00578	0.00661	0.00991	0.01363	0.01818	0.03925	0.74510	0.04710	0.02231	0.00909	0.00289	0.00413	0.02024	0.00661	0.00578
45	0.03195	0.01212	0.01652	0.01267	0.01818	0.01047	0.01047	0.03470	0.02038	0.71026	0.02809	0.02424	0.01763	0.00881	0.00716	0.00220	0.00606	0.00716	0.00881	0.01212
46	0.01771	0.01530	0.01610	0.01449	0.01852	0.01771	0.01127	0.03784	0.69247	0.02979	0.02898	0.02657	0.02174	0.00966	0.00725	0.00242	0.00564	0.00805	0.00725	0.01127
47	0.01398	0.00816	0.01082	0.00977	0.01212	0.00743	0.00756	0.01723	0.02005	0.14813	0.55804	0.04913	0.05748	0.01374	0.00824	0.00227	0.00396	0.03627	0.00796	0.00766
48	0.80005	0.01377	0.01047	0.00936	0.01377	0.01597	0.00771	0.02093	0.01212	0.03195	0.00991	0.01157	0.00771	0.00661	0.00441	0.00220	0.00551	0.00386	0.00441	0.00771
49	0.01094	0.00771	0.01016	0.04253	0.01263	0.00723	0.00737	0.01422	0.01960	0.05324	0.59694	0.05165	0.11020	0.01425	0.00829	0.00226	0.00376	0.01252	0.00757	0.00693
50	0.01439	0.01174	0.01337	0.01279	0.01565	0.01291	0.01005	0.02673	0.38594	0.02717	0.16725	0.09394	0.03622	0.01337	0.00808	0.00257	0.00523	0.12628	0.00720	0.00911
51	0.01577	0.01146	0.01333	0.01319	0.01588	0.04344	0.01083	0.04058	0.16401	0.09450	0.08307	0.09691	0.03450	0.01529	0.00861	0.00278	0.00624	0.31433	0.00692	0.00834
52	0.01081	0.00741	0.00972	0.00913	0.01090	0.00682	0.00685	0.01407	0.01992	0.05250	0.65283	0.07796	0.06467	0.01464	0.00838	0.00226	0.00348	0.01295	0.00783	0.00688
53	0.01752	0.01755	0.05062	0.04296	0.68392	0.01691	0.02199	0.02188	0.01618	0.02324	0.01337	0.01754	0.01121	0.00636	0.00704	0.00212	0.00852	0.00631	0.00351	0.01126
54	0.01008	0.00728	0.00952	0.00896	0.01064	0.00672	0.00672	0.01344	0.02016	0.02855	0.70158	0.05319	0.06719	0.01456	0.00840	0.00224	0.00336	0.01288	0.00784	0.00672
55	0.01064	0.00840	0.01341	0.01257	0.01420	0.00945	0.05546	0.01331	0.01177	0.01685	0.01890	0.02819	0.01767	0.08121	0.64119	0.01061	0.01804	0.00780	0.00382	0.00649
56	0.01466	0.01245	0.01478	0.04267	0.01802	0.00968	0.00883	0.01790	0.01475	0.02309	0.01302	0.01536	0.01076	0.00546	0.00535	0.00113	0.00540	0.00440	0.03093	0.73139
57	0.01824	0.01334	0.01515	0.01375	0.01736	0.01469	0.01101	0.10023	0.36494	0.09522	0.02886	0.06169	0.02424	0.01361	0.04056	0.00292	0.00657	0.11824	0.02931	0.01008
58	0.01477	0.01266	0.01477	0.01055	0.01687	0.00949	0.00844	0.01793	0.01477	0.02320	0.01266	0.01477	0.01055	0.00527	0.00527	0.00105	0.00527	0.00422	0.00422	0.79328
59	0.01697	0.01435	0.01722	0.01840	0.13002	0.01582	0.01231	0.03161	0.46839	0.04716	0.10230	0.02922	0.04499	0.00988	0.00737	0.00234	0.00580	0.00849	0.00673	0.01064
60	0.00906	0.00724	0.00811	0.00789	0.01001	0.00629	0.00592	0.01147	0.01775	0.02285	0.31607	0.06258	0.45626	0.01669	0.00841	0.00234	0.00351	0.01419	0.00709	0.00629
61	0.26870	0.01263	0.01466	0.01165	0.01682	0.01216	0.00962	0.03046	0.01783	0.50119	0.02249	0.02033	0.01457	0.00813	0.00631	0.00220	0.00589	0.00614	0.00745	0.01076
62	0.00993	0.00727	0.00932	0.00881	0.01055	0.00666	0.00660	0.01316	0.01981	0.02774	0.64674	0.05453	0.12253	0.01486	0.00840	0.00225	0.00338	0.01306	0.00773	0.00666
63	0.00868	0.00620	0.00826	0.00991	0.01033	0.00578	0.00661	0.00991	0.01363	0.01818	0.03925	0.74510	0.04710	0.02231	0.00909	0.00289	0.00413	0.02024	0.00661	0.00578
64	0.02707	0.01995	0.02137	0.01638	0.02208	0.02208	0.01353	0.68159	0.03348	0.04488	0.01710	0.01710	0.01211	0.00855	0.00712	0.00214	0.00784	0.00641	0.00712	0.01211
65	0.01771	0.01530	0.01610	0.01449	0.01852	0.01771	0.01127	0.03784	0.69247	0.02979	0.02898	0.02657	0.02174	0.00966	0.00725	0.00242	0.00564	0.00805	0.00725	0.01127
66	0.80005	0.01377	0.01047	0.00936	0.01377	0.01597	0.00771	0.02093	0.01212	0.03195	0.00991	0.01157	0.00771	0.00661	0.00441	0.00220	0.00551	0.00386	0.00441	0.00771
67	0.01904	0.75404	0.03731	0.01218	0.01828	0.02818	0.01218	0.02132	0.01447	0.01675	0.00990	0.01142	0.00914	0.00609	0.00457	0.00152	0.00761	0.00381	0.00305	0.00914
68	0.01428	0.03683	0.71286	0.02030	0.03082	0.01654	0.02631	0.02255	0.01503	0.02255	0.01278	0.01503	0.00902	0.00677	0.00677	0.00226	0.01052	0.00526	0.00301	0.01052
69	0.00868	0.00620	0.00826	0.00991	0.01033	0.00578	0.00661	0.00991	0.01363	0.01818	0.03925	0.74510	0.04710	0.02231	0.00909	0.00289	0.00413	0.02024	0.00661	0.00578
70	0.01150	0.00793	0.01022	0.00937	0.01134	0.00743	0.00711	0.03949	0.02067	0.05351	0.65162	0.05079	0.06333	0.01412	0.00831	0.00223	0.00363	0.01243	0.00785	0.00712
71	0.01465	0.09220	0.66071	0.01967	0.02985	0.01744	0.02522	0.02246	0.01499	0.02210	0.01256	0.01475	0.00903	0.00671	0.00660	0.00220	0.01030	0.00515	0.00301	0.01042
72	0.01533	0.01299	0.01507	0.01082	0.01711	0.01007	0.00867	0.04849	0.01563	0.02420	0.01286	0.01487	0.01062	0.00542	0.00536	0.00110	0.00539	0.00432	0.00435	0.75731
73	0.01924	0.01612	0.01788	0.01524	0.01967	0.01822	0.03756	0.16387	0.51458	0.03217	0.02741	0.02571	0.04062	0.00956	0.00730	0.00236	0.00626	0.00796	0.00706	0.01121
74	0.01899	0.01499	0.01515	0.01344	0.01728	0.07440	0.01045	0.03200	0.42000	0.12423	0.09832	0.03101	0.07754	0.01049	0.00737	0.00232	0.00592	0.00866	0.00717	0.01027
75	0.47712	0.01854	0.14709	0.04759	0.07767	0.01612	0.03605	0.02218	0.03471	0.04795	0.01214	0.01416	0.00917	0.00678	0.00550	0.00223	0.00713	0.00482	0.00420	0.00886
76	0.05326	0.01283	0.01505	0.09008	0.01877	0.01496	0.01093	0.15261	0.11368	0.02794	0.01957	0.04927	0.01606	0.03007	0.00971	0.00237	0.11510	0.00719	0.23190	0.00865
77	0.00868	0.00620	0.00826	0.00991	0.01033	0.00578	0.00661	0.00991	0.01363	0.01818	0.03925	0.74510	0.04710	0.02231	0.00909	0.00289	0.00413	0.02024	0.00661	0.00578
78	0.28549	0.07453	0.01862	0.01415	0.01900	0.17087	0.01153	0.27137	0.02207	0.03258	0.01285	0.01391	0.00979	0.00746	0.00587	0.00205	0.00812	0.00497	0.00517	0.00959
79	0.01344	0.01239	0.02070	0.70021	0.04722	0.01541	0.01911	0.01812	0.01427	0.01857	0.01313	0.01932	0.00988	0.00717	0.00702	0.00234	0.00922	0.00634	0.03828	0.00785
80	0.80005	0.01377	0.01047	0.00936	0.01377	0.01597	0.00771	0.02093	0.01212	0.03195	0.00991	0.01157	0.00771	0.00661	0.00441	0.00220	0.00551	0.00386	0.00441	0.00771
81	0.01688	0.01901	0.04089	0.03119	0.09474	0.01791	0.62285	0.02273	0.01676	0.02285	0.01432	0.01907	0.01085	0.00603	0.00829	0.00238	0.01170	0.00823	0.00359	0.00975
82	0.00842	0.00721	0.00721	0.00721	0.00962	0.00601	0.00541	0.01022	0.01623	0.01924	0.07213	0.06853	0.70244	0.01803	0.00842	0.00240	0.00361	0.01503	0.00661	0.00601
83	0.01345	0.01266	0.02136	0.73264	0.04904	0.01582	0.01978	0.01819	0.01424	0.01819	0.01266	0.01898	0.00949	0.00712	0.00712	0.00237	0.00949	0.00633	0.00316	0.00791
84	0.01904	0.75404	0.03731	0.01218	0.01828	0.02818	0.01218	0.02132	0.01447	0.01675	0.00990	0.01142	0.00914	0.00609	0.00457	0.00152	0.00761	0.00381	0.00305	0.00914
85	0.02707	0.01995	0.02137	0.01638	0.02208	0.02208	0.01353	0.68159	0.03348	0.04488	0.01710	0.01710	0.01211	0.00855	0.00712	0.00214	0.00784	0.00641	0.00712	0.01211
86	0.02660	0.03394	0.02018	0.01834	0.02201	0.72116	0.01376	0.02843	0.02018	0.01743	0.01101	0.01284	0.00917	0.00734	0.00642	0.00183	0.01284	0.00459	0.00367	0.00825
87	0.01345	0.01266	0.02136	0.73264	0.04904	0.01582	0.01978	0.01819	0.01424	0.01819	0.01266	0.01898	0.00949	0.00712	0.00712	0.00237	0.00949	0.00633	0.00316	0.00791
88	0.03195	0.01212	0.01652	0.01267	0.01818	0.01047	0.01047	0.03470	0.02038	0.71026	0.02809	0.02424	0.01763	0.00881	0.00716	0.00220	0.00606	0.00716	0.00881	0.01212
89	0.01147	0.00820	0.01147	0.01311	0.01475	0.00820	0.01147	0.01475	0.01639	0.02131	0.03770	0.08032	0.04098	0.01967	0.00984	0.00328	0.00656	0.65741	0.00656	0.00656
90	0.00868	0.00662	0.00801	0.00910	0.01024	0.00595	0.00637	0.01019	0.01462	0.01865	0.05048	0.48973	0.27189	0.02075	0.00888	0.00274	0.00404	0.04057	0.00661	0.00589
91	0.00954	0.00684	0.00896	0.01016	0.01093	0.00651	0.00706	0.03148	0.01512	0.02034	0.11392	0.61278	0.04801	0.02087	0.00898	0.00281	0.00427	0.04852	0.00676	0.00612
92	0.02880	0.01252	0.01623	0.01287	0.01800	0.01161	0.01049	0.03458	0.13702	0.57092	0.04924	0.02554	0.01988	0.00914	0.00721	0.00224	0.00590	0.00749	0.00851	0.01180
93	0.03195	0.01212	0.01652	0.01267	0.01818	0.01047	0.01047	0.03470	0.02038	0.71026	0.02809	0.02424	0.01763	0.00881	0.00716	0.00220	0.00606	0.00716	0.00881	0.01212
94	0.02844	0.01209	0.01594	0.01246	0.01744	0.01091	0.01019	0.08623	0.02145	0.55755	0.12261	0.02774	0.02419	0.00960	0.00733	0.00220	0.00583	0.00791	0.00853	0.01135
95	0.01281	0.00952	0.01142	0.01114	0.01357	0.00966	0.00882	0.01978	0.17753	0.05406	0.24721	0.08595	0.13739	0.01514	0.00843	0.00256	0.00479	0.15513	0.00722	0.00784
96	0.01669	0.01999	0.07198	0.02958	0.03693	0.01794	0.65029	0.02280	0.01673	0.02280	0.01433	0.01902	0.01072	0.00604	0.00833	0.00239	0.01194	0.00826	0.00357	0.00964
97	0.01580	0.01794	0.06129	0.02455	0.02903	0.01851	0.38578	0.02010	0.01453	0.02059	0.01410	0.06108	0.01240	0.00921	0.01347	0.00267	0.25834	0.00824	0.00359	0.00880
98	0.01739	0.02028	0.06076	0.02768	0.08665	0.07866	0.42207	0.02216	0.01589	0.02133	0.01304	0.01771	0.01037	0.00736	0.01082	0.00246	0.14518	0.00739	0.00349	0.00933
99	0.01327	0.00664	0.00664	0.00664	0.00830	0.00664	0.00498	0.01659	0.01493	0.02655	0.02323	0.02655	0.01825	0.00830	0.00498	0.00166	0.00332	0.00664	0.78928	0.00664
100	0.01760	0.01856	0.08736	0.06608	0.56159	0.01711	0.02134	0.05191	0.04520	0.02424	0.01413	0.01780	0.01149	0.00665	0.00704	0.00215	0.00853	0.00632	0.00378	0.01112
101	0.00976	0.00723	0.00910	0.00871	0.01046	0.00657	0.00650	0.01280	0.01930	0.02670	0.57765	0.07924	0.16879	0.01538	0.00842	0.00229	0.00343	0.01347	0.00760	0.00657
102	0.01035	0.00776	0.00983	0.00993	0.01128	0.00761	0.00723	0.04281	0.01731	0.02362	0.30470	0.33587	0.11839	0.01773	0.00925	0.00256	0.03470	0.01554	0.00698	0.00656
103	0.01904	0.75404	0.03731	0.01218	0.01828	0.02818	0.01218	0.02132	0.01447	0.01675	0.00990	0.01142	0.00914	0.00609	0.00457	0.00152	0.00761	0.00381	0.00305	0.00914
104	0.00875	0.00623	0.00824	0.00982	0.01021	0.00584	0.00650	0.00994	0.01348	0.01797	0.03847	0.71271	0.04611	0.05605	0.01035	0.00308	0.00426	0.01978	0.00650	0.00572
105	0.80005	0.01377	0.01047	0.00936	0.01377	0.01597	0.00771	0.02093	0.01212	0.03195	0.00991	0.01157	0.00771	0.00661	0.00441	0.00220	0.00551	0.00386	0.00441	0.00771
106	0.00843	0.00717	0.00726	0.00733	0.00965	0.00600	0.00546	0.01021	0.01612	0.01919	0.07075	0.09693	0.67493	0.01821	0.00844	0.00242	0.00363	0.01525	0.00661	0.00600
107	0.02592	0.01108	0.01478	0.01184	0.01634	0.00988	0.00958	0.02963	0.05150	0.51131	0.19351	0.03145	0.02999	0.01026	0.00747	0.00222	0.00538	0.00861	0.00850	0.01075
108	0.13303	0.01354	0.02041	0.46535	0.11818	0.01618	0.01750	0.01896	0.01393	0.02097	0.01209	0.01731	0.00946	0.00727	0.00780	0.00232	0.06085	0.00588	0.00343	0.03553
109	0.01904	0.75404	0.03731	0.01218	0.01828	0.02818	0.01218	0.02132	0.01447	0.01675	0.00990	0.01142	0.00914	0.00609	0.00457	0.00152	0.00761	0.00381	0.00305	0.00914
110	0.01962	0.69895	0.03600	0.01266	0.01856	0.08118	0.01230	0.02187	0.01491	0.01680	0.00998	0.01153	0.00914	0.00619	0.00471	0.00155	0.00801	0.00387	0.00309	0.00907
111	0.01493	0.03050	0.50715	0.08522	0.17791	0.01656	0.02480	0.02203	0.01522	0.02234	0.01290	0.01592	0.00955	0.00670	0.00686	0.00223	0.00999	0.00559	0.00313	0.01047
112	0.04658	0.06108	0.43495	0.04529	0.10507	0.01698	0.11360	0.02280	0.01548	0.05336	0.01351	0.01614	0.00987	0.00668	0.00686	0.00223	0.00994	0.00581	0.00347	0.01030
113	0.03782	0.05334	0.58359	0.01837	0.02757	0.01603	0.02295	0.04013	0.01563	0.02376	0.03950	0.01703	0.01184	0.00718	0.00660	0.00219	0.00951	0.00558	0.05131	0.01006
114	0.00939	0.00758	0.01021	0.01045	0.01198	0.00699	0.04603	0.01173	0.03816	0.01917	0.04724	0.47565	0.23952	0.01963	0.00878	0.00270	0.00449	0.01757	0.00646	0.00627
115	0.10831	0.07415	0.48830	0.05090	0.05214	0.01740	0.04260	0.04666	0.01540	0.02399	0.01249	0.01488	0.00914	0.00675	0.00644	0.00221	0.00958	0.00523	0.00337	0.01005
116	0.01604	0.01461	0.02238	0.46168	0.19168	0.04274	0.01892	0.02170	0.06929	0.05076	0.01474	0.01928	0.01122	0.00723	0.00709	0.00229	0.00893	0.00644	0.00384	0.00913
117	0.00984	0.00804	0.00918	0.03550	0.01220	0.00748	0.00696	0.01354	0.06447	0.02266	0.24453	0.05985	0.42269	0.01612	0.00834	0.00239	0.00401	0.03865	0.00687	0.00667
118	0.00929	0.00659	0.00873	0.01019	0.01086	0.00623	0.00721	0.01069	0.01392	0.01836	0.03898	0.55762	0.07434	0.05145	0.01088	0.02817	0.00467	0.11966	0.00640	0.00577
119	0.01971	0.54899	0.09137	0.01463	0.02077	0.13378	0.04433	0.02259	0.01551	0.01762	0.01052	0.01230	0.00921	0.00634	0.00522	0.00167	0.00887	0.00426	0.00316	0.00914
120	0.05284	0.02309	0.12025	0.07836	0.20713	0.16512	0.01773	0.11831	0.07584	0.02533	0.01430	0.01671	0.01116	0.00750	0.00741	0.00217	0.03646	0.00587	0.00430	0.01012
121	0.03010	0.01171	0.01593	0.01236	0.01754	0.01015	0.01015	0.03291	0.02036	0.65278	0.08488	0.02668	0.02181	0.00930	0.00727	0.00221	0.00583	0.00764	0.00873	0.01166
122	0.00980	0.00689	0.00784	0.00802	0.00857	0.00660	0.00494	0.01046	0.01234	0.01616	0.07396	0.14004	0.14304	0.49102	0.02648	0.00536	0.00579	0.01255	0.00520	0.00493
123	0.02779	0.01745	0.01958	0.01507	0.02057	0.01854	0.01243	0.49162	0.02944	0.21369	0.02013	0.01927	0.01375	0.00861	0.00705	0.00214	0.00721	0.00661	0.03716	0.01190
124	0.02786	0.01782	0.01995	0.01539	0.02096	0.01903	0.01268	0.49409	0.05933	0.20786	0.02032	0.01927	0.01389	0.00866	0.00714	0.00217	0.00730	0.00667	0.00754	0.01207

[dist]
# distance from previous block
# <min> <max>
0	4

[block]
# block no. 3 follows, 29 sequences, length 51
# corresponding to MSA columns:
# 265-315
name=unknown_D
#
# <colnr> <probs for GDERKNQSTAVLIFYWHMCP>
#	G	D	E	R	K	N	Q	S	T	A	V	L	I	F	Y	W	H	M	C	P
0	0.75104	0.06022	0.01215	0.00954	0.01405	0.01674	0.00799	0.02096	0.01227	0.03099	0.00991	0.01156	0.00780	0.00658	0.00442	0.00216	0.00564	0.00385	0.00432	0.00780
1	0.01094	0.00769	0.00847	0.00802	0.01060	0.00655	0.00610	0.01308	0.01725	0.08707	0.16810	0.06183	0.53557	0.01660	0.00829	0.00236	0.00380	0.01393	0.00702	0.00671
2	0.02090	0.46586	0.03067	0.01467	0.01942	0.23127	0.01300	0.02298	0.01578	0.01699	0.01017	0.01227	0.00917	0.00712	0.00706	0.00178	0.08464	0.00429	0.00324	0.00874
3	0.00842	0.00721	0.00721	0.00721	0.00962	0.00601	0.00541	0.01022	0.01623	0.01924	0.07213	0.06853	0.70244	0.01803	0.00842	0.00240	0.00361	0.01503	0.00661	0.00601
4	0.00864	0.00634	0.00812	0.00954	0.01023	0.00582	0.00644	0.00996	0.01399	0.01832	0.04382	0.65099	0.13826	0.02171	0.00900	0.00282	0.00406	0.01952	0.00661	0.00582
5	0.00879	0.00648	0.00826	0.00954	0.01038	0.00594	0.00659	0.01028	0.01443	0.01891	0.07349	0.58222	0.15431	0.02118	0.00897	0.00280	0.00409	0.04078	0.00666	0.00589
6	0.01814	0.01508	0.01588	0.01404	0.01807	0.01720	0.01099	0.10664	0.56062	0.03085	0.02931	0.02736	0.05033	0.00985	0.00718	0.00235	0.00569	0.00811	0.04139	0.01093
7	0.02707	0.01995	0.02137	0.01638	0.02208	0.02208	0.01353	0.68159	0.03348	0.04488	0.01710	0.01710	0.01211	0.00855	0.00712	0.00214	0.00784	0.00641	0.00712	0.01211
8	0.80005	0.01377	0.01047	0.00936	0.01377	0.01597	0.00771	0.02093	0.01212	0.03195	0.00991	0.01157	0.00771	0.00661	0.00441	0.00220	0.00551	0.00386	0.00441	0.00771
9	0.80005	0.01377	0.01047	0.00936	0.01377	0.01597	0.00771	0.02093	0.01212	0.03195	0.00991	0.01157	0.00771	0.00661	0.00441	0.00220	0.00551	0.00386	0.00441	0.00771
10	0.01008	0.00728	0.00952	0.00896	0.01064	0.00672	0.00672	0.01344	0.02016	0.02855	0.70158	0.05319	0.06719	0.01456	0.00840	0.00224	0.00336	0.01288	0.00784	0.00672
11	0.02707	0.01995	0.02137	0.01638	0.02208	0.02208	0.01353	0.68159	0.03348	0.04488	0.01710	0.01710	0.01211	0.00855	0.00712	0.00214	0.00784	0.00641	0.00712	0.01211
12	0.01147	0.00820	0.01147	0.01311	0.01475	0.00820	0.01147	0.01475	0.01639	0.02131	0.03770	0.08032	0.04098	0.01967	0.00984	0.00328	0.00656	0.65741	0.00656	0.00656
13	0.80005	0.01377	0.01047	0.00936	0.01377	0.01597	0.00771	0.02093	0.01212	0.03195	0.00991	0.01157	0.00771	0.00661	0.00441	0.00220	0.00551	0.00386	0.00441	0.00771
