[name]
unknown

[dist]
# distance from previous block
# <min> <max>
0	0

[block]
# block no. 0 follows, 27 sequences, length 9
# corresponding to MSA columns:
# 0-8
name=unknown_A
#
# <colnr> <probs for GDERKNQSTAVLIFYWHMCP>
#	G	D	E	R	K	N	Q	S	T	A	V	L	I	F	Y	W	H	M	C	P
0	0.01196	0.00854	0.01196	0.01367	0.01538	0.00854	0.01196	0.01538	0.01709	0.02222	0.03931	0.08374	0.04272	0.02051	0.01025	0.00342	0.00684	0.64283	0.00684	0.00684
1	0.01608	0.01381	0.01570	0.01191	0.01797	0.01181	0.00945	0.02332	0.16340	0.02572	0.01699	0.01814	0.01360	0.00652	0.00596	0.00142	0.00558	0.00529	0.00510	0.61223
2	0.02861	0.02017	0.02189	0.01678	0.02271	0.02210	0.01387	0.61972	0.03386	0.09658	0.01870	0.01839	0.01306	0.00893	0.00743	0.00223	0.00803	0.00674	0.00756	0.01263
3	0.01402	0.01319	0.02227	0.72126	0.05113	0.01649	0.02062	0.01897	0.01484	0.01897	0.01319	0.01979	0.00990	0.00742	0.00742	0.00247	0.00990	0.00660	0.00330	0.00825
4	0.01693	0.01619	0.02642	0.01894	0.02584	0.01398	0.25500	0.05812	0.01732	0.02534	0.01414	0.01727	0.01119	0.00598	0.00683	0.00169	0.00828	0.00616	0.00433	0.45004
5	0.01514	0.01480	0.01269	0.01159	0.01424	0.16627	0.00822	0.01672	0.01534	0.01879	0.02650	0.15943	0.08628	0.21243	0.01569	0.00344	0.00737	0.01034	0.00498	0.17974
6	0.01677	0.01260	0.01461	0.01152	0.01660	0.01084	0.00906	0.10934	0.01855	0.07310	0.02602	0.12872	0.09354	0.01035	0.00686	0.00178	0.00556	0.00866	0.00581	0.41971
7	0.01766	0.01446	0.01623	0.01225	0.01818	0.01291	0.00983	0.15058	0.07143	0.02894	0.02069	0.02157	0.06945	0.00767	0.00632	0.00156	0.00592	0.00612	0.00547	0.50276
8	0.07133	0.05903	0.02344	0.11879	0.02704	0.02101	0.06763	0.35060	0.12470	0.03604	0.01789	0.01907	0.01316	0.00838	0.00723	0.00230	0.00826	0.00678	0.00613	0.01119

[dist]
# distance from previous block
# <min> <max>
2	13

[block]
# block no. 1 follows, 27 sequences, length 45
# corresponding to MSA columns:
# 22-66
name=unknown_B
#
# <colnr> <probs for GDERKNQSTAVLIFYWHMCP>
#	G	D	E	R	K	N	Q	S	T	A	V	L	I	F	Y	W	H	M	C	P
0	0.02156	0.02075	0.01796	0.01557	0.01958	0.22111	0.01216	0.07274	0.20985	0.07449	0.02476	0.02471	0.07989	0.00990	0.00869	0.00224	0.07116	0.00731	0.00584	0.07974
1	0.01546	0.01421	0.02370	0.31516	0.31093	0.01556	0.01998	0.01991	0.01610	0.02174	0.01816	0.03057	0.01651	0.00941	0.00790	0.00253	0.00891	0.11974	0.00408	0.00945
2	0.02112	0.01761	0.01777	0.01524	0.01974	0.06916	0.01196	0.18834	0.36593	0.05345	0.02558	0.07537	0.02038	0.01029	0.00748	0.00235	0.00687	0.00838	0.00707	0.05590
3	0.10148	0.01795	0.07380	0.23534	0.25309	0.01804	0.01918	0.12457	0.03893	0.02739	0.01441	0.01812	0.01110	0.00739	0.00707	0.00232	0.00877	0.00631	0.00434	0.01039
4	0.01483	0.00908	0.01113	0.01001	0.01272	0.00842	0.00763	0.01899	0.06918	0.14608	0.35504	0.05093	0.18432	0.05623	0.01011	0.00266	0.00445	0.01230	0.00783	0.00807
5	0.00927	0.00698	0.00858	0.00937	0.01063	0.00629	0.00657	0.01117	0.01633	0.02144	0.18115	0.41634	0.22811	0.02041	0.00914	0.00274	0.00400	0.01807	0.00715	0.00629
6	0.01060	0.00723	0.00804	0.00804	0.00828	0.00711	0.00461	0.01078	0.01139	0.01494	0.02838	0.05078	0.09086	0.66969	0.03499	0.00675	0.00687	0.01127	0.00473	0.00467
7	0.00910	0.00655	0.00853	0.01009	0.01062	0.00609	0.00673	0.01037	0.01424	0.01884	0.04221	0.66929	0.08519	0.05093	0.01054	0.00315	0.00439	0.02039	0.00680	0.00598
8	0.01820	0.01036	0.01219	0.01061	0.01431	0.00955	0.00834	0.02326	0.11209	0.24023	0.11830	0.04878	0.31543	0.01411	0.00818	0.00242	0.00485	0.01178	0.00786	0.00916
9	0.00894	0.00687	0.00819	0.00925	0.01048	0.00612	0.00641	0.01046	0.01526	0.01938	0.05417	0.47796	0.29684	0.02153	0.00920	0.00282	0.00410	0.01900	0.00689	0.00612
10	0.01788	0.01533	0.01628	0.01468	0.01870	0.01762	0.01140	0.03758	0.63100	0.03096	0.07862	0.02974	0.02614	0.01045	0.00764	0.00250	0.00570	0.00876	0.00760	0.01140
11	0.00986	0.00827	0.00866	0.00843	0.01098	0.00743	0.00636	0.01362	0.07530	0.02234	0.15485	0.06545	0.54715	0.01755	0.00866	0.00248	0.00391	0.01473	0.00713	0.00685
12	0.02414	0.01770	0.01924	0.01544	0.02014	0.01938	0.01235	0.52371	0.03011	0.04034	0.02160	0.12469	0.01901	0.06467	0.00996	0.00271	0.00753	0.00909	0.00713	0.01106
13	0.03147	0.01557	0.01905	0.01460	0.02042	0.01527	0.01206	0.26381	0.02617	0.46335	0.02516	0.02259	0.01630	0.00909	0.00745	0.00227	0.00698	0.00718	0.00855	0.01263
14	0.02786	0.01919	0.02088	0.01611	0.02178	0.02090	0.01327	0.56866	0.03244	0.10840	0.01931	0.01912	0.01356	0.00892	0.00730	0.00221	0.00771	0.00677	0.05332	0.01229
15	0.08560	0.00778	0.00943	0.00997	0.01143	0.00749	0.00711	0.01330	0.01635	0.04416	0.22637	0.42090	0.07526	0.01874	0.00871	0.00271	0.00425	0.01661	0.00711	0.00672
16	0.00997	0.00752	0.00920	0.00889	0.01078	0.00676	0.00663	0.01292	0.01958	0.02661	0.49104	0.09083	0.23901	0.01654	0.00879	0.00241	0.00361	0.01439	0.00776	0.00676
17	0.00897	0.00749	0.00758	0.00758	0.00984	0.00636	0.00553	0.01067	0.01633	0.01951	0.07021	0.06924	0.62591	0.08821	0.01157	0.00296	0.00409	0.01520	0.00666	0.00610
18	0.00973	0.00698	0.00826	0.00891	0.00961	0.00656	0.00574	0.01071	0.01363	0.01778	0.06416	0.32123	0.15923	0.30001	0.02031	0.00452	0.00530	0.01582	0.00601	0.00551
19	0.01187	0.00806	0.00948	0.00962	0.01042	0.00810	0.00643	0.05419	0.01428	0.01947	0.05211	0.18153	0.03294	0.41478	0.02471	0.00520	0.00631	0.07329	0.05140	0.00578
20	0.02704	0.01665	0.01898	0.01521	0.02057	0.01765	0.01235	0.27306	0.21987	0.25872	0.02528	0.02320	0.01749	0.00934	0.00748	0.00234	0.00688	0.00745	0.00805	0.01237
21	0.00901	0.00744	0.00763	0.00771	0.00985	0.00636	0.00557	0.01066	0.01613	0.01938	0.06802	0.09749	0.58920	0.09831	0.01200	0.00305	0.00416	0.01537	0.00663	0.00606
22	0.00913	0.00688	0.00836	0.00935	0.01047	0.00621	0.00644	0.01071	0.01537	0.01988	0.09614	0.46520	0.23956	0.04730	0.01024	0.00297	0.00419	0.01858	0.00690	0.00611
23	0.01061	0.00795	0.01193	0.01193	0.01326	0.00928	0.00928	0.01326	0.01193	0.01723	0.01988	0.02916	0.01856	0.05568	0.70968	0.01193	0.01988	0.00795	0.00398	0.00663
24	0.01047	0.00717	0.00808	0.00821	0.00848	0.00702	0.00479	0.01075	0.01164	0.01528	0.02968	0.10163	0.09250	0.61660	0.03289	0.00644	0.00665	0.01203	0.00491	0.00478
25	0.00904	0.00675	0.00842	0.00965	0.01061	0.00612	0.00661	0.01056	0.01510	0.01963	0.07448	0.55601	0.19617	0.02192	0.00929	0.00287	0.00415	0.01956	0.00694	0.00612
26	0.01061	0.00795	0.01193	0.01193	0.01326	0.00928	0.00928	0.01326	0.01193	0.01723	0.01988	0.02916	0.01856	0.05568	0.70968	0.01193	0.01988	0.00795	0.00398	0.00663
27	0.01428	0.01336	0.01898	0.01686	0.01732	0.01806	0.01382	0.01626	0.01156	0.01765	0.01327	0.02073	0.01281	0.02783	0.26263	0.00627	0.48019	0.00700	0.00350	0.00760
28	0.01007	0.00747	0.00932	0.01053	0.01137	0.00732	0.00714	0.01319	0.07816	0.01982	0.03983	0.59130	0.06812	0.07491	0.01136	0.00326	0.00465	0.01892	0.00678	0.00648
29	0.01263	0.00662	0.00994	0.00994	0.01009	0.00678	0.00678	0.01009	0.00994	0.01340	0.01371	0.02334	0.01356	0.02929	0.10882	0.69348	0.00802	0.00662	0.00331	0.00362
30	0.01544	0.08440	0.01883	0.01483	0.01699	0.07796	0.02797	0.04330	0.04489	0.01967	0.02145	0.06761	0.06705	0.04740	0.21476	0.00543	0.19136	0.00836	0.00440	0.00788
31	0.02652	0.02002	0.02087	0.01629	0.02158	0.04663	0.01319	0.58132	0.03207	0.04262	0.01813	0.02062	0.01390	0.07923	0.01033	0.00270	0.00827	0.00701	0.00701	0.01169
32	0.00910	0.00657	0.00851	0.01003	0.01060	0.00610	0.00670	0.01038	0.01427	0.01884	0.04270	0.65556	0.09566	0.05377	0.01064	0.00316	0.00439	0.02026	0.00679	0.00598
33	0.01292	0.00848	0.01068	0.01002	0.01196	0.00803	0.00738	0.05107	0.01961	0.07673	0.41423	0.15613	0.07980	0.08554	0.01150	0.00291	0.00446	0.01363	0.00760	0.00731
34	0.02117	0.05310	0.02267	0.01907	0.02091	0.30893	0.01531	0.02294	0.01554	0.01798	0.01049	0.01488	0.00966	0.01050	0.01623	0.00263	0.40044	0.00568	0.00349	0.00838
35	0.07184	0.01350	0.02146	0.61692	0.04608	0.01696	0.01936	0.01910	0.01442	0.01995	0.01273	0.01896	0.00975	0.00779	0.00846	0.00252	0.06218	0.00640	0.00339	0.00822
36	0.02888	0.01765	0.02017	0.01540	0.02133	0.01821	0.01270	0.41985	0.02913	0.25125	0.02111	0.02000	0.01432	0.00875	0.00730	0.00217	0.00738	0.00676	0.00776	0.06987
37	0.01548	0.01468	0.02490	0.49533	0.26568	0.01688	0.02134	0.02024	0.01553	0.02073	0.01345	0.01932	0.01052	0.00715	0.00740	0.00238	0.00954	0.00660	0.00342	0.00942
38	0.01846	0.01595	0.01679	0.01511	0.01930	0.01846	0.01175	0.03945	0.67938	0.03105	0.03022	0.02770	0.02266	0.01007	0.00755	0.00252	0.00588	0.00839	0.00755	0.01175
39	0.01588	0.01684	0.01266	0.01170	0.01485	0.21814	0.00887	0.06465	0.01948	0.02145	0.05189	0.05011	0.43621	0.01473	0.00805	0.00231	0.00697	0.01175	0.00601	0.00744
40	0.01539	0.01319	0.01539	0.01100	0.01759	0.00990	0.00880	0.01869	0.01539	0.02419	0.01319	0.01539	0.01100	0.00550	0.00550	0.00110	0.00550	0.00440	0.00440	0.78449
41	0.01075	0.00737	0.00899	0.00899	0.00929	0.00768	0.00561	0.01137	0.01106	0.01505	0.02258	0.04408	0.02504	0.58077	0.19345	0.00829	0.01014	0.01014	0.00438	0.00499
42	0.01972	0.68551	0.03693	0.01264	0.01869	0.02815	0.01238	0.04355	0.01556	0.01832	0.01117	0.01378	0.01043	0.03989	0.00636	0.00187	0.00791	0.00437	0.00338	0.00940
43	0.02588	0.07582	0.02155	0.01551	0.02097	0.02047	0.01286	0.43308	0.09279	0.11773	0.07029	0.02201	0.01834	0.00932	0.00733	0.00222	0.00736	0.00723	0.00736	0.01187
44	0.02558	0.01973	0.01874	0.01512	0.02010	0.14918	0.01210	0.29634	0.02619	0.14862	0.07359	0.02308	0.03920	0.00927	0.00723	0.00210	0.00800	0.00711	0.03097	0.06775

[dist]
# distance from previous block
# <min> <max>
3	6

[block]
# block no. 2 follows, 27 sequences, length 50
# corresponding to MSA columns:
# 74-123
name=unknown_C
#
# <colnr> <probs for GDERKNQSTAVLIFYWHMCP>
#	G	D	E	R	K	N	Q	S	T	A	V	L	I	F	Y	W	H	M	C	P
0	0.01837	0.01764	0.03013	0.04557	0.69279	0.01764	0.02278	0.02278	0.01690	0.02425	0.01396	0.01837	0.01176	0.00661	0.00735	0.00220	0.00882	0.00661	0.00367	0.01176
1	0.00903	0.00651	0.00856	0.01019	0.01073	0.00604	0.00683	0.01035	0.01435	0.01901	0.04268	0.70023	0.08199	0.02303	0.00944	0.00299	0.00428	0.02083	0.00689	0.00604
2	0.01697	0.02159	0.12569	0.02846	0.07040	0.01927	0.42051	0.02255	0.01606	0.02263	0.01372	0.01863	0.01075	0.00768	0.01147	0.00261	0.14978	0.00777	0.00357	0.00987
3	0.01414	0.01312	0.02176	0.47484	0.17618	0.01514	0.01893	0.01845	0.01526	0.02008	0.01876	0.10520	0.03846	0.00951	0.00770	0.00248	0.00881	0.00862	0.00392	0.00864
4	0.01079	0.00724	0.00830	0.00830	0.00837	0.00731	0.00476	0.01093	0.01086	0.01455	0.02320	0.04754	0.02654	0.70237	0.07390	0.00745	0.00788	0.01064	0.00447	0.00461
5	0.02530	0.01954	0.01993	0.01596	0.02112	0.05771	0.01294	0.47219	0.13821	0.04095	0.02009	0.02009	0.01468	0.00901	0.00721	0.00221	0.00765	0.00688	0.07657	0.01175
6	0.01075	0.00784	0.01135	0.01135	0.01255	0.00898	0.00863	0.01316	0.01196	0.01735	0.02041	0.03109	0.01944	0.12353	0.61401	0.01105	0.01796	0.00820	0.03399	0.00642
7	0.01807	0.01733	0.02959	0.09248	0.64824	0.01756	0.02263	0.02252	0.01676	0.02389	0.01391	0.01847	0.01163	0.00667	0.00735	0.00222	0.00889	0.00661	0.00365	0.01152
8	0.01555	0.13256	0.61228	0.02003	0.03038	0.01886	0.02546	0.02334	0.01559	0.02270	0.01292	0.01517	0.00942	0.00696	0.00675	0.00225	0.01057	0.00528	0.00314	0.01078
9	0.00904	0.00646	0.00861	0.01034	0.01077	0.00603	0.00689	0.01034	0.01421	0.01895	0.04092	0.73426	0.04910	0.02326	0.00948	0.00301	0.00431	0.02110	0.00689	0.00603
10	0.01814	0.01740	0.02971	0.08147	0.65870	0.01758	0.02267	0.02258	0.01679	0.02397	0.01392	0.01845	0.01166	0.00666	0.00735	0.00222	0.00888	0.00661	0.00365	0.01157
11	0.02043	0.02093	0.06067	0.04441	0.02261	0.17661	0.07206	0.21436	0.02256	0.02788	0.02391	0.18158	0.05571	0.01197	0.00789	0.00239	0.00890	0.01009	0.00569	0.00936
12	0.03331	0.01263	0.01723	0.01321	0.01895	0.01091	0.01091	0.03618	0.02125	0.69794	0.02929	0.02527	0.01838	0.00919	0.00747	0.00230	0.00632	0.00747	0.00919	0.01263
13	0.01922	0.01632	0.01721	0.01526	0.01959	0.01882	0.01193	0.08790	0.62971	0.03227	0.02926	0.02694	0.02189	0.00998	0.00754	0.00250	0.00605	0.00826	0.00754	0.01182
14	0.02528	0.03522	0.15233	0.01941	0.02473	0.54043	0.01686	0.06124	0.02071	0.02067	0.01216	0.01406	0.00969	0.00760	0.00680	0.00201	0.01265	0.00501	0.00388	0.00927
15	0.31226	0.33389	0.06251	0.03995	0.01945	0.05922	0.01208	0.02296	0.01474	0.05024	0.01140	0.01308	0.00932	0.00682	0.00514	0.00198	0.00758	0.00435	0.00398	0.00907
16	0.01080	0.00720	0.00810	0.00810	0.00810	0.00720	0.00450	0.01080	0.01080	0.01439	0.02339	0.04858	0.02699	0.73910	0.03779	0.00720	0.00720	0.01080	0.00450	0.00450
17	0.02238	0.52206	0.03366	0.01424	0.02027	0.09022	0.01316	0.16293	0.01993	0.02389	0.01205	0.01333	0.01020	0.00703	0.00552	0.00176	0.00849	0.00463	0.00416	0.01011
18	0.04928	0.25628	0.21627	0.01595	0.02319	0.02188	0.01656	0.13812	0.10444	0.02705	0.01521	0.01624	0.01176	0.00745	0.00627	0.00203	0.00834	0.00547	0.00460	0.05362
19	0.02974	0.09533	0.02167	0.01476	0.02065	0.01793	0.01243	0.29659	0.02624	0.35417	0.02248	0.02073	0.01503	0.00877	0.00716	0.00219	0.00726	0.00676	0.00781	0.01229
20	0.02533	0.03061	0.02031	0.01837	0.02206	0.53942	0.01394	0.03091	0.14765	0.02064	0.01500	0.01630	0.01210	0.00840	0.00780	0.00210	0.04978	0.00557	0.00451	0.00919
21	0.01557	0.01169	0.01318	0.01145	0.01470	0.01182	0.00908	0.21482	0.02398	0.03199	0.28173	0.04965	0.21949	0.01450	0.00843	0.00240	0.00518	0.04427	0.00753	0.00853
22	0.00877	0.00752	0.00752	0.00752	0.01003	0.00627	0.00564	0.01065	0.01692	0.02005	0.07520	0.07144	0.68978	0.01880	0.00877	0.00251	0.00376	0.01567	0.00689	0.00627
23	0.79154	0.01436	0.01091	0.00976	0.01436	0.01665	0.00804	0.02182	0.01263	0.03331	0.01034	0.01206	0.00804	0.00689	0.00459	0.00230	0.00574	0.00402	0.00459	0.00804
24	0.01796	0.01722	0.02939	0.10944	0.63214	0.01753	0.02258	0.02242	0.01671	0.02375	0.01389	0.01851	0.01158	0.00669	0.00736	0.00223	0.00892	0.00661	0.00364	0.01143
25	0.79154	0.01436	0.01091	0.00976	0.01436	0.01665	0.00804	0.02182	0.01263	0.03331	0.01034	0.01206	0.00804	0.00689	0.00459	0.00230	0.00574	0.00402	0.00459	0.00804
26	0.79154	0.01436	0.01091	0.00976	0.01436	0.01665	0.00804	0.02182	0.01263	0.03331	0.01034	0.01206	0.00804	0.00689	0.00459	0.00230	0.00574	0.00402	0.00459	0.00804
27	0.02726	0.02004	0.02149	0.01658	0.02220	0.02215	0.01358	0.63165	0.03357	0.04499	0.01813	0.01953	0.01342	0.04934	0.00911	0.00250	0.00812	0.00691	0.00726	0.01217
28	0.75079	0.01426	0.01125	0.00995	0.01460	0.01635	0.00819	0.02259	0.01310	0.06903	0.01136	0.01277	0.00860	0.00701	0.00475	0.00230	0.00577	0.00421	0.00484	0.00829
29	0.01935	0.01575	0.01681	0.01499	0.01928	0.01801	0.01170	0.03925	0.63999	0.07097	0.03016	0.02755	0.02241	0.01002	0.00755	0.00250	0.00590	0.00834	0.00765	0.01180
30	0.01051	0.00759	0.00992	0.00934	0.01109	0.00700	0.00700	0.01401	0.02101	0.02977	0.68888	0.05545	0.07005	0.01518	0.00876	0.00233	0.00350	0.01343	0.00817	0.00700
31	0.01077	0.00732	0.00871	0.00871	0.00892	0.00753	0.00526	0.01119	0.01098	0.01485	0.02283	0.04547	0.02564	0.62972	0.14533	0.00795	0.00923	0.01034	0.00441	0.00484
32	0.01494	0.01406	0.02373	0.51848	0.21453	0.01636	0.02061	0.01960	0.01535	0.02033	0.01452	0.04856	0.01197	0.00786	0.00749	0.00243	0.00939	0.00719	0.00354	0.00906
33	0.79154	0.01436	0.01091	0.00976	0.01436	0.01665	0.00804	0.02182	0.01263	0.03331	0.01034	0.01206	0.00804	0.00689	0.00459	0.00230	0.00574	0.00402	0.00459	0.00804
34	0.00904	0.00749	0.00791	0.00790	0.01021	0.00637	0.00589	0.01113	0.01741	0.02143	0.16357	0.09477	0.57440	0.01844	0.00880	0.00250	0.00374	0.01555	0.00708	0.00637
35	0.01292	0.00861	0.01081	0.01122	0.01287	0.00849	0.00802	0.01760	0.11681	0.08575	0.10991	0.48507	0.04451	0.01904	0.00891	0.00280	0.00465	0.01704	0.00735	0.00763
36	0.01615	0.01692	0.06920	0.35421	0.35618	0.01709	0.02208	0.02108	0.01588	0.02178	0.01357	0.01885	0.01075	0.00701	0.00736	0.00234	0.00945	0.00653	0.00347	0.01010
37	0.01919	0.65949	0.05945	0.01253	0.01867	0.02714	0.01261	0.02188	0.01514	0.01850	0.01155	0.01331	0.01029	0.00656	0.00488	0.00163	0.00768	0.00426	0.06587	0.00937
38	0.79154	0.01436	0.01091	0.00976	0.01436	0.01665	0.00804	0.02182	0.01263	0.03331	0.01034	0.01206	0.00804	0.00689	0.00459	0.00230	0.00574	0.00402	0.00459	0.00804
39	0.01837	0.01764	0.03013	0.04557	0.69279	0.01764	0.02278	0.02278	0.01690	0.02425	0.01396	0.01837	0.01176	0.00661	0.00735	0.00220	0.00882	0.00661	0.00367	0.01176
40	0.01160	0.00846	0.01034	0.01102	0.01215	0.00850	0.00761	0.07410	0.05562	0.02182	0.03627	0.55293	0.04177	0.09580	0.01212	0.00335	0.00507	0.01791	0.00673	0.00683
41	0.01004	0.00744	0.00882	0.00868	0.01010	0.00693	0.00608	0.01202	0.01641	0.02187	0.27796	0.08446	0.23092	0.20893	0.05366	0.00420	0.00545	0.01339	0.00657	0.00608
42	0.03331	0.01263	0.01723	0.01321	0.01895	0.01091	0.01091	0.03618	0.02125	0.69794	0.02929	0.02527	0.01838	0.00919	0.00747	0.00230	0.00632	0.00747	0.00919	0.01263
43	0.00946	0.00755	0.00847	0.00824	0.01045	0.00656	0.00618	0.01198	0.01854	0.02391	0.31856	0.06510	0.44402	0.01736	0.00877	0.00244	0.00366	0.01478	0.00740	0.00656
44	0.01837	0.01764	0.03013	0.04557	0.69279	0.01764	0.02278	0.02278	0.01690	0.02425	0.01396	0.01837	0.01176	0.00661	0.00735	0.00220	0.00882	0.00661	0.00367	0.01176
45	0.01305	0.01172	0.01911	0.51286	0.06777	0.01396	0.01709	0.01697	0.01457	0.01891	0.01919	0.15941	0.01857	0.05424	0.00963	0.00285	0.00861	0.00965	0.00408	0.00774
46	0.00904	0.00646	0.00861	0.01034	0.01077	0.00603	0.00689	0.01034	0.01421	0.01895	0.04092	0.73426	0.04910	0.02326	0.00948	0.00301	0.00431	0.02110	0.00689	0.00603
47	0.01985	0.74357	0.03890	0.01270	0.01905	0.02937	0.01270	0.02223	0.01508	0.01747	0.01032	0.01191	0.00953	0.00635	0.00476	0.00159	0.00794	0.00397	0.00318	0.00953
48	0.02759	0.01886	0.01964	0.01579	0.02112	0.08125	0.01276	0.30575	0.16170	0.22185	0.02296	0.02151	0.01600	0.00911	0.00740	0.00228	0.00766	0.00708	0.00761	0.01208
49	0.10989	0.00931	0.01042	0.01079	0.01254	0.03350	0.00783	0.01548	0.01575	0.08152	0.11687	0.40809	0.04130	0.04743	0.00969	0.00293	0.00514	0.04771	0.00676	0.00706

[dist]
# distance from previous block
# <min> <max>
0	1

[block]
# block no. 3 follows, 27 sequences, length 33
# corresponding to MSA columns:
# 125-144,147-159
name=unknown_D
#
# <colnr> <probs for GDERKNQSTAVLIFYWHMCP>
#	G	D	E	R	K	N	Q	S	T	A	V	L	I	F	Y	W	H	M	C	P
0	0.02819	0.02173	0.02220	0.01721	0.02302	0.06719	0.01413	0.62696	0.03401	0.04494	0.01741	0.01754	0.01243	0.00883	0.00738	0.00221	0.00850	0.00656	0.00719	0.01237
1	0.00956	0.00676	0.00838	0.00947	0.00990	0.00640	0.00608	0.01050	0.01335	0.01763	0.03784	0.48150	0.08467	0.24114	0.01806	0.00426	0.00515	0.01760	0.00616	0.00558
2	0.01714	0.02269	0.13892	0.02982	0.03783	0.01855	0.57338	0.02374	0.01725	0.02374	0.01477	0.01939	0.01099	0.00637	0.00851	0.00248	0.01229	0.00829	0.00366	0.01015
3	0.07460	0.01829	0.01884	0.01555	0.02060	0.04771	0.01249	0.29152	0.28905	0.09740	0.02306	0.02188	0.01673	0.00922	0.00727	0.00234	0.00714	0.00719	0.00730	0.01181
4	0.01521	0.08444	0.65743	0.02061	0.03128	0.01803	0.02647	0.02343	0.01563	0.02312	0.01313	0.01543	0.00941	0.00701	0.00690	0.00230	0.01077	0.00539	0.00314	0.01088
5	0.01532	0.01352	0.02097	0.56309	0.04389	0.01612	0.01841	0.02208	0.09751	0.04404	0.01586	0.02067	0.01184	0.00769	0.00731	0.00238	0.00899	0.00671	0.00410	0.05951
6	0.01489	0.03840	0.70064	0.02116	0.03213	0.01724	0.02743	0.02351	0.01567	0.02351	0.01332	0.01567	0.00940	0.00705	0.00705	0.00235	0.01097	0.00549	0.00313	0.01097
7	0.01080	0.00720	0.00810	0.00810	0.00810	0.00720	0.00450	0.01080	0.01080	0.01439	0.02339	0.04858	0.02699	0.73910	0.03779	0.00720	0.00720	0.01080	0.00450	0.00450
8	0.01752	0.02003	0.04380	0.03129	0.03880	0.01877	0.66583	0.02378	0.01752	0.02378	0.01502	0.02003	0.01126	0.00626	0.00876	0.00250	0.01252	0.00876	0.00375	0.01001
9	0.02778	0.03406	0.02115	0.01894	0.02296	0.64717	0.01432	0.08744	0.02229	0.02076	0.01205	0.01379	0.00984	0.00776	0.00676	0.00194	0.01292	0.00495	0.00415	0.00897
10	0.01489	0.03840	0.70064	0.02116	0.03213	0.01724	0.02743	0.02351	0.01567	0.02351	0.01332	0.01567	0.00940	0.00705	0.00705	0.00235	0.01097	0.00549	0.00313	0.01097
11	0.00904	0.00646	0.00861	0.01034	0.01077	0.00603	0.00689	0.01034	0.01421	0.01895	0.04092	0.73426	0.04910	0.02326	0.00948	0.00301	0.00431	0.02110	0.00689	0.00603
12	0.01803	0.02030	0.04041	0.02932	0.03637	0.04764	0.57936	0.02544	0.07759	0.02420	0.01625	0.02044	0.01222	0.00666	0.00857	0.00248	0.01195	0.00856	0.00410	0.01011
13	0.00877	0.00752	0.00752	0.00752	0.01003	0.00627	0.00564	0.01065	0.01692	0.02005	0.07520	0.07144	0.68978	0.01880	0.00877	0.00251	0.00376	0.01567	0.00689	0.00627
14	0.00904	0.00646	0.00861	0.01034	0.01077	0.00603	0.00689	0.01034	0.01421	0.01895	0.04092	0.73426	0.04910	0.02326	0.00948	0.00301	0.00431	0.02110	0.00689	0.00603
15	0.79154	0.01436	0.01091	0.00976	0.01436	0.01665	0.00804	0.02182	0.01263	0.03331	0.01034	0.01206	0.00804	0.00689	0.00459	0.00230	0.00574	0.00402	0.00459	0.00804
16	0.72244	0.01494	0.01194	0.01043	0.01514	0.01723	0.00859	0.08033	0.01465	0.03453	0.01101	0.01258	0.00845	0.00707	0.00485	0.00229	0.00596	0.00426	0.00485	0.00845
17	0.00896	0.00681	0.00825	0.00941	0.01052	0.00611	0.00648	0.01044	0.01511	0.01932	0.05223	0.51551	0.26054	0.02179	0.00924	0.00285	0.00413	0.01931	0.00689	0.00611
18	0.01604	0.01525	0.02591	0.40840	0.34823	0.01702	0.02162	0.02073	0.01580	0.02141	0.01355	0.01914	0.01076	0.00705	0.00739	0.00235	0.00940	0.00661	0.00347	0.00987
19	0.02736	0.01996	0.02136	0.01647	0.02216	0.02206	0.01358	0.62904	0.03375	0.04564	0.01821	0.01841	0.01301	0.00890	0.00729	0.00220	0.00789	0.00670	0.05375	0.01228
20	0.01792	0.01530	0.01671	0.01229	0.01867	0.04039	0.00986	0.12188	0.01871	0.02752	0.01386	0.01570	0.01120	0.00613	0.00585	0.00131	0.00624	0.00478	0.00485	0.63084
21	0.01082	0.00782	0.00956	0.00973	0.00985	0.00829	0.00620	0.01131	0.01177	0.01593	0.02687	0.23006	0.03137	0.48085	0.02896	0.00571	0.07145	0.01318	0.00503	0.00524
22	0.00914	0.00689	0.00847	0.00944	0.01060	0.00621	0.00656	0.01086	0.01577	0.02053	0.12686	0.47035	0.22927	0.02107	0.00920	0.00279	0.00406	0.01869	0.00704	0.00621
23	0.01042	0.00758	0.00980	0.00925	0.01104	0.00697	0.00694	0.01384	0.02081	0.02928	0.65826	0.05625	0.10097	0.01536	0.00876	0.00234	0.00352	0.01354	0.00811	0.00697
24	0.02241	0.01707	0.01783	0.01524	0.01978	0.05232	0.01203	0.18722	0.37082	0.11236	0.02690	0.07046	0.02082	0.01043	0.00760	0.00242	0.00675	0.00852	0.00749	0.01153
25	0.00904	0.00646	0.00861	0.01034	0.01077	0.00603	0.00689	0.01034	0.01421	0.01895	0.04092	0.73426	0.04910	0.02326	0.00948	0.00301	0.00431	0.02110	0.00689	0.00603
26	0.00913	0.00653	0.00869	0.01028	0.01079	0.00609	0.00690	0.01056	0.01462	0.01960	0.07975	0.69357	0.05036	0.02277	0.00943	0.00297	0.00426	0.02064	0.00697	0.00609
27	0.79154	0.01436	0.01091	0.00976	0.01436	0.01665	0.00804	0.02182	0.01263	0.03331	0.01034	0.01206	0.00804	0.00689	0.00459	0.00230	0.00574	0.00402	0.00459	0.00804
28	0.01061	0.00795	0.01193	0.01193	0.01326	0.00928	0.00928	0.01326	0.01193	0.01723	0.01988	0.02916	0.01856	0.05568	0.70968	0.01193	0.01988	0.00795	0.00398	0.00663
29	0.01449	0.00755	0.00762	0.00738	0.00930	0.00765	0.00560	0.04695	0.01645	0.02855	0.02393	0.02723	0.01874	0.00866	0.00529	0.00175	0.00367	0.00691	0.74509	0.00718
30	0.01145	0.00783	0.01003	0.00945	0.01138	0.00718	0.00713	0.01463	0.02010	0.05846	0.55406	0.05621	0.12112	0.04482	0.00993	0.00258	0.00392	0.03473	0.00791	0.00709
31	0.01489	0.03840	0.70064	0.02116	0.03213	0.01724	0.02743	0.02351	0.01567	0.02351	0.01332	0.01567	0.00940	0.00705	0.00705	0.00235	0.01097	0.00549	0.00313	0.01097
32	0.01777	0.01702	0.02904	0.13920	0.60387	0.01748	0.02248	0.02225	0.01662	0.02352	0.01386	0.01857	0.01150	0.00673	0.00736	0.00224	0.00897	0.00661	0.00362	0.01127

[dist]
# distance from previous block
# <min> <max>
0	1

[block]
# block no. 4 follows, 27 sequences, length 23
# corresponding to MSA columns:
# 161-183
name=unknown_E
#
# <colnr> <probs for GDERKNQSTAVLIFYWHMCP>
#	G	D	E	R	K	N	Q	S	T	A	V	L	I	F	Y	W	H	M	C	P
0	0.02655	0.06439	0.02223	0.01849	0.02251	0.50027	0.01437	0.14304	0.02249	0.02325	0.01243	0.01434	0.01013	0.00824	0.00812	0.00206	0.06815	0.00522	0.00440	0.00933
1	0.01708	0.01603	0.02602	0.03631	0.48844	0.01714	0.01945	0.02062	0.01549	0.02257	0.01521	0.05079	0.01401	0.04280	0.01176	0.00264	0.13346	0.00743	0.03240	0.01036
2	0.01428	0.01346	0.02273	0.68127	0.08910	0.01656	0.02075	0.01919	0.01497	0.01928	0.01324	0.01971	0.01001	0.00737	0.00742	0.00246	0.00983	0.00660	0.00332	0.00845
3	0.00968	0.00707	0.00855	0.00908	0.01010	0.00653	0.00614	0.01126	0.01542	0.02042	0.17828	0.31192	0.17638	0.17669	0.01536	0.00368	0.00466	0.01618	0.00664	0.00595
4	0.00938	0.00672	0.00892	0.01011	0.01084	0.00626	0.00692	0.01119	0.01579	0.02146	0.19125	0.57677	0.05396	0.02138	0.00931	0.00286	0.00412	0.01932	0.00719	0.00626
5	0.01014	0.00757	0.00941	0.00895	0.01086	0.00685	0.00671	0.01330	0.02014	0.02771	0.55851	0.05885	0.20170	0.01595	0.00876	0.00237	0.00356	0.01390	0.00790	0.00685
6	0.01061	0.00795	0.01193	0.01193	0.01326	0.00928	0.00928	0.01326	0.01193	0.01723	0.01988	0.02916	0.01856	0.05568	0.70968	0.01193	0.01988	0.00795	0.00398	0.00663
7	0.01489	0.03840	0.70064	0.02116	0.03213	0.01724	0.02743	0.02351	0.01567	0.02351	0.01332	0.01567	0.00940	0.00705	0.00705	0.00235	0.01097	0.00549	0.00313	0.01097
8	0.01061	0.00792	0.01174	0.01174	0.01300	0.00918	0.00904	0.01313	0.01187	0.01709	0.02006	0.03013	0.01898	0.08984	0.67609	0.01169	0.01925	0.00810	0.00400	0.00652
9	0.01165	0.00839	0.01156	0.01318	0.01487	0.00830	0.01138	0.01489	0.01695	0.02195	0.04133	0.11370	0.07810	0.02054	0.01014	0.00335	0.00655	0.57956	0.00684	0.00677
10	0.01539	0.01319	0.01539	0.01100	0.01759	0.00990	0.00880	0.01869	0.01539	0.02419	0.01319	0.01539	0.01100	0.00550	0.00550	0.00110	0.00550	0.00440	0.00440	0.78449
11	0.02773	0.03538	0.02104	0.01913	0.02295	0.70930	0.01434	0.02964	0.02104	0.01817	0.01148	0.01339	0.00956	0.00765	0.00669	0.00191	0.01339	0.00478	0.00383	0.00861
12	0.01683	0.01636	0.02488	0.36180	0.30041	0.05465	0.02045	0.02264	0.06748	0.02195	0.01472	0.01950	0.01160	0.00732	0.00736	0.00234	0.00935	0.00664	0.00381	0.00992
13	0.02822	0.02079	0.02228	0.01708	0.02302	0.02302	0.01411	0.66804	0.03490	0.04679	0.01782	0.01782	0.01262	0.00891	0.00743	0.00223	0.00817	0.00668	0.00743	0.01262
14	0.00904	0.00646	0.00861	0.01034	0.01077	0.00603	0.00689	0.01034	0.01421	0.01895	0.04092	0.73426	0.04910	0.02326	0.00948	0.00301	0.00431	0.02110	0.00689	0.00603
15	0.01752	0.02003	0.04380	0.03129	0.03880	0.01877	0.66583	0.02378	0.01752	0.02378	0.01502	0.02003	0.01126	0.00626	0.00876	0.00250	0.01252	0.00876	0.00375	0.01001
16	0.01531	0.09768	0.64501	0.02045	0.03103	0.01826	0.02619	0.02340	0.01562	0.02300	0.01307	0.01536	0.00941	0.00699	0.00686	0.00229	0.01072	0.00536	0.00314	0.01085
17	0.02086	0.01529	0.01709	0.01459	0.01843	0.01649	0.01151	0.41141	0.02695	0.03606	0.02677	0.26961	0.02659	0.01440	0.00826	0.00255	0.00677	0.03907	0.00722	0.01008
18	0.00904	0.00646	0.00861	0.01034	0.01077	0.00603	0.00689	0.01034	0.01421	0.01895	0.04092	0.73426	0.04910	0.02326	0.00948	0.00301	0.00431	0.02110	0.00689	0.00603
19	0.01080	0.00720	0.00810	0.00810	0.00810	0.00720	0.00450	0.01080	0.01080	0.01439	0.02339	0.04858	0.02699	0.73910	0.03779	0.00720	0.00720	0.01080	0.00450	0.00450
20	0.32413	0.02281	0.01749	0.01487	0.01964	0.23294	0.01183	0.21982	0.02197	0.03270	0.01295	0.01421	0.00990	0.00774	0.00610	0.00216	0.00884	0.00506	0.00521	0.00960
21	0.01709	0.35072	0.40755	0.01741	0.02634	0.02261	0.02091	0.02294	0.01541	0.02083	0.01199	0.01401	0.00946	0.00674	0.00604	0.00201	0.00963	0.00481	0.00315	0.01033
22	0.28944	0.10950	0.16335	0.01446	0.02103	0.01908	0.01431	0.16190	0.01925	0.10281	0.01458	0.01544	0.01059	0.00754	0.00605	0.00221	0.00770	0.00526	0.00521	0.01031

[dist]
# distance from previous block
# <min> <max>
1	4

[block]
# block no. 5 follows, 27 sequences, length 60
# corresponding to MSA columns:
# 195-254
name=unknown_F
#
# <colnr> <probs for GDERKNQSTAVLIFYWHMCP>
#	G	D	E	R	K	N	Q	S	T	A	V	L	I	F	Y	W	H	M	C	P
0	0.08049	0.01080	0.01208	0.01159	0.01378	0.01127	0.00846	0.17381	0.01893	0.02659	0.03210	0.39419	0.06033	0.09612	0.01161	0.00319	0.00568	0.01475	0.00657	0.00767
1	0.09778	0.01167	0.01192	0.01034	0.01355	0.01253	0.00818	0.18632	0.04591	0.03349	0.07564	0.02579	0.02054	0.00912	0.00609	0.00200	0.00501	0.00715	0.40827	0.00870
2	0.00989	0.00706	0.00958	0.01130	0.01210	0.00676	0.00836	0.01180	0.01504	0.01990	0.04045	0.54616	0.04726	0.02246	0.00970	0.00313	0.00504	0.20088	0.00688	0.00626
3	0.08363	0.02495	0.02099	0.01933	0.07634	0.28577	0.01418	0.27058	0.02477	0.03106	0.01445	0.01606	0.01118	0.00823	0.00747	0.00213	0.03678	0.00575	0.03610	0.01027
4	0.01289	0.00645	0.00967	0.00967	0.00967	0.00645	0.00645	0.00967	0.00967	0.01289	0.01289	0.02257	0.01289	0.02579	0.02901	0.78401	0.00645	0.00645	0.00322	0.00322
5	0.12912	0.05115	0.37206	0.01832	0.02646	0.04562	0.06146	0.09194	0.01793	0.02743	0.05407	0.01784	0.01340	0.00762	0.00681	0.00225	0.00938	0.00598	0.00422	0.03694
6	0.01463	0.01361	0.02280	0.64213	0.04834	0.01656	0.04645	0.04378	0.01579	0.02033	0.01433	0.02190	0.01117	0.00788	0.00757	0.00250	0.00983	0.02834	0.00360	0.00844
7	0.01402	0.01319	0.02227	0.72126	0.05113	0.01649	0.02062	0.01897	0.01484	0.01897	0.01319	0.01979	0.00990	0.00742	0.00742	0.00247	0.00990	0.00660	0.00330	0.00825
8	0.01078	0.00724	0.00833	0.00833	0.00841	0.00732	0.00479	0.01094	0.01086	0.01457	0.02318	0.04741	0.02648	0.69787	0.07833	0.00748	0.00796	0.01062	0.00447	0.00463
9	0.06943	0.31181	0.15658	0.01422	0.02049	0.06275	0.01438	0.09064	0.01779	0.05116	0.01442	0.01606	0.01139	0.00730	0.00576	0.00191	0.00805	0.00514	0.11095	0.00974
10	0.01019	0.00773	0.00857	0.00825	0.01067	0.00665	0.00623	0.01257	0.01824	0.04844	0.24728	0.06517	0.48887	0.01741	0.00872	0.00245	0.00378	0.01472	0.00734	0.00672
11	0.00891	0.00749	0.00774	0.00776	0.01013	0.00631	0.00579	0.01089	0.01712	0.02073	0.11890	0.09514	0.62032	0.01870	0.00880	0.00251	0.00376	0.01571	0.00699	0.00631
12	0.01086	0.00823	0.01143	0.01204	0.01332	0.00801	0.03771	0.03766	0.04044	0.02137	0.05896	0.55796	0.04501	0.02090	0.00935	0.00296	0.00513	0.08504	0.00683	0.00679
13	0.01985	0.74357	0.03890	0.01270	0.01905	0.02937	0.01270	0.02223	0.01508	0.01747	0.01032	0.01191	0.00953	0.00635	0.00476	0.00159	0.00794	0.00397	0.00318	0.00953
14	0.01040	0.00758	0.00978	0.00923	0.01103	0.00696	0.00692	0.01381	0.02077	0.02918	0.65185	0.05642	0.10744	0.01540	0.00876	0.00235	0.00352	0.01356	0.00809	0.00696
15	0.03069	0.01235	0.01658	0.01296	0.01829	0.01091	0.01061	0.03442	0.05022	0.61107	0.08608	0.02797	0.02301	0.00974	0.00758	0.00231	0.00606	0.00802	0.00903	0.01211
16	0.01616	0.01538	0.02613	0.38903	0.36663	0.01706	0.02168	0.02084	0.01586	0.02157	0.01357	0.01909	0.01081	0.00702	0.00739	0.00234	0.00937	0.00661	0.00348	0.00997
17	0.03331	0.01263	0.01723	0.01321	0.01895	0.01091	0.01091	0.03618	0.02125	0.69794	0.02929	0.02527	0.01838	0.00919	0.00747	0.00230	0.00632	0.00747	0.00919	0.01263
18	0.00926	0.00661	0.00886	0.01058	0.01110	0.00621	0.00726	0.01070	0.01442	0.01919	0.04080	0.68693	0.04864	0.02306	0.00953	0.00304	0.00449	0.06634	0.00689	0.00609
19	0.01911	0.05585	0.49404	0.01980	0.02930	0.01641	0.06196	0.02616	0.01694	0.16587	0.01670	0.01784	0.01142	0.00743	0.00717	0.00232	0.00998	0.00605	0.00445	0.01122
20	0.01080	0.00720	0.00810	0.00810	0.00810	0.00720	0.00450	0.01080	0.01080	0.01439	0.02339	0.04858	0.02699	0.73910	0.03779	0.00720	0.00720	0.01080	0.00450	0.00450
21	0.00954	0.00681	0.00918	0.01090	0.01155	0.00646	0.00775	0.01119	0.01470	0.01950	0.04064	0.62419	0.04802	0.02279	0.00961	0.00308	0.00473	0.12630	0.00688	0.00617
22	0.01624	0.01624	0.02274	0.01949	0.01949	0.02274	0.01624	0.01787	0.01137	0.01787	0.00975	0.01624	0.00975	0.01299	0.02436	0.00325	0.72552	0.00650	0.00325	0.00812
23	0.01055	0.00806	0.00889	0.00979	0.01045	0.03823	0.00642	0.01164	0.01382	0.01809	0.03637	0.44053	0.08260	0.21817	0.01690	0.00403	0.00544	0.01660	0.03764	0.00578
24	0.54643	0.17102	0.08966	0.01159	0.01723	0.01940	0.01107	0.02209	0.01347	0.02892	0.01065	0.01241	0.00850	0.00679	0.00489	0.00215	0.00676	0.00416	0.00414	0.00866
25	0.01384	0.00692	0.00692	0.00692	0.00865	0.00692	0.00519	0.01730	0.01557	0.02768	0.02422	0.02768	0.01903	0.00865	0.00519	0.00173	0.00346	0.00692	0.78031	0.00692
26	0.01985	0.74357	0.03890	0.01270	0.01905	0.02937	0.01270	0.02223	0.01508	0.01747	0.01032	0.01191	0.00953	0.00635	0.00476	0.00159	0.00794	0.00397	0.00318	0.00953
27	0.01539	0.01319	0.01539	0.01100	0.01759	0.00990	0.00880	0.01869	0.01539	0.02419	0.01319	0.01539	0.01100	0.00550	0.00550	0.00110	0.00550	0.00440	0.00440	0.78449
28	0.01539	0.01319	0.01539	0.01100	0.01759	0.00990	0.00880	0.01869	0.01539	0.02419	0.01319	0.01539	0.01100	0.00550	0.00550	0.00110	0.00550	0.00440	0.00440	0.78449
29	0.01051	0.00759	0.00992	0.00934	0.01109	0.00700	0.00700	0.01401	0.02101	0.02977	0.68888	0.05545	0.07005	0.01518	0.00876	0.00233	0.00350	0.01343	0.00817	0.00700
30	0.00877	0.00752	0.00752	0.00752	0.01003	0.00627	0.00564	0.01065	0.01692	0.02005	0.07520	0.07144	0.68978	0.01880	0.00877	0.00251	0.00376	0.01567	0.00689	0.00627
31	0.01624	0.01624	0.02274	0.01949	0.01949	0.02274	0.01624	0.01787	0.01137	0.01787	0.00975	0.01624	0.00975	0.01299	0.02436	0.00325	0.72552	0.00650	0.00325	0.00812
32	0.79154	0.01436	0.01091	0.00976	0.01436	0.01665	0.00804	0.02182	0.01263	0.03331	0.01034	0.01206	0.00804	0.00689	0.00459	0.00230	0.00574	0.00402	0.00459	0.00804
33	0.01985	0.74357	0.03890	0.01270	0.01905	0.02937	0.01270	0.02223	0.01508	0.01747	0.01032	0.01191	0.00953	0.00635	0.00476	0.00159	0.00794	0.00397	0.00318	0.00953
34	0.00931	0.00754	0.00827	0.00809	0.01036	0.00650	0.00607	0.01170	0.01820	0.02308	0.26628	0.06647	0.49682	0.01767	0.00877	0.00245	0.00368	0.01497	0.00729	0.00650
35	0.01837	0.01764	0.03013	0.04557	0.69279	0.01764	0.02278	0.02278	0.01690	0.02425	0.01396	0.01837	0.01176	0.00661	0.00735	0.00220	0.00882	0.00661	0.00367	0.01176
36	0.01539	0.01319	0.01539	0.01100	0.01759	0.00990	0.00880	0.01869	0.01539	0.02419	0.01319	0.01539	0.01100	0.00550	0.00550	0.00110	0.00550	0.00440	0.00440	0.78449
37	0.02822	0.02079	0.02228	0.01708	0.02302	0.02302	0.01411	0.66804	0.03490	0.04679	0.01782	0.01782	0.01262	0.00891	0.00743	0.00223	0.00817	0.00668	0.00743	0.01262
38	0.02773	0.03538	0.02104	0.01913	0.02295	0.70930	0.01434	0.02964	0.02104	0.01817	0.01148	0.01339	0.00956	0.00765	0.00669	0.00191	0.01339	0.00478	0.00383	0.00861
39	0.01030	0.00758	0.00964	0.00912	0.01096	0.00692	0.00684	0.01361	0.02053	0.02861	0.61568	0.05736	0.14396	0.01561	0.00876	0.00236	0.00353	0.01369	0.00802	0.00692
40	0.00904	0.00646	0.00861	0.01034	0.01077	0.00603	0.00689	0.01034	0.01421	0.01895	0.04092	0.73426	0.04910	0.02326	0.00948	0.00301	0.00431	0.02110	0.00689	0.00603
41	0.00904	0.00646	0.00861	0.01034	0.01077	0.00603	0.00689	0.01034	0.01421	0.01895	0.04092	0.73426	0.04910	0.02326	0.00948	0.00301	0.00431	0.02110	0.00689	0.00603
42	0.05046	0.71464	0.03779	0.01259	0.01887	0.02887	0.01252	0.02221	0.01499	0.01809	0.01032	0.01191	0.00947	0.00637	0.00476	0.00162	0.00785	0.00397	0.00323	0.00947
43	0.02506	0.01694	0.01878	0.01494	0.01965	0.01828	0.01204	0.45814	0.02849	0.10501	0.02040	0.02500	0.01615	0.08801	0.01168	0.03817	0.00760	0.03249	0.03223	0.01092
44	0.01656	0.27657	0.47714	0.01830	0.02771	0.02134	0.02245	0.02308	0.01547	0.02147	0.01231	0.01440	0.00945	0.00682	0.00628	0.00209	0.00995	0.00497	0.00315	0.01048
45	0.01184	0.00891	0.01134	0.01083	0.01180	0.03437	0.03299	0.01298	0.01206	0.01645	0.02144	0.06425	0.02249	0.34982	0.25137	0.06449	0.01145	0.00950	0.03599	0.00563
46	0.01482	0.01401	0.02371	0.59693	0.16920	0.01670	0.02102	0.01967	0.01522	0.01994	0.01334	0.01953	0.01024	0.00727	0.00741	0.00242	0.00970	0.00660	0.00337	0.00889
47	0.16867	0.01294	0.01610	0.01259	0.01813	0.01194	0.01040	0.03362	0.01971	0.57928	0.02590	0.02291	0.01653	0.00878	0.00695	0.00230	0.00621	0.00685	0.00837	0.01181
48	0.01818	0.01744	0.02979	0.07533	0.66453	0.01759	0.02269	0.02262	0.01681	0.02402	0.01393	0.01844	0.01168	0.00665	0.00735	0.00222	0.00887	0.00661	0.00366	0.01160
49	0.00904	0.00724	0.00809	0.00849	0.01035	0.00629	0.00613	0.01095	0.01665	0.02086	0.13542	0.24972	0.44549	0.01960	0.00896	0.00263	0.00388	0.01689	0.00704	0.00629
50	0.02822	0.02079	0.02228	0.01708	0.02302	0.02302	0.01411	0.66804	0.03490	0.04679	0.01782	0.01782	0.01262	0.00891	0.00743	0.00223	0.00817	0.00668	0.00743	0.01262
51	0.01985	0.74357	0.03890	0.01270	0.01905	0.02937	0.01270	0.02223	0.01508	0.01747	0.01032	0.01191	0.00953	0.00635	0.00476	0.00159	0.00794	0.00397	0.00318	0.00953
52	0.01080	0.00720	0.00810	0.00810	0.00810	0.00720	0.00450	0.01080	0.01080	0.01439	0.02339	0.04858	0.02699	0.73910	0.03779	0.00720	0.00720	0.01080	0.00450	0.00450
53	0.79154	0.01436	0.01091	0.00976	0.01436	0.01665	0.00804	0.02182	0.01263	0.03331	0.01034	0.01206	0.00804	0.00689	0.00459	0.00230	0.00574	0.00402	0.00459	0.00804
54	0.00904	0.00646	0.00861	0.01034	0.01077	0.00603	0.00689	0.01034	0.01421	0.01895	0.04092	0.73426	0.04910	0.02326	0.00948	0.00301	0.00431	0.02110	0.00689	0.00603
55	0.02822	0.02079	0.02228	0.01708	0.02302	0.02302	0.01411	0.66804	0.03490	0.04679	0.01782	0.01782	0.01262	0.00891	0.00743	0.00223	0.00817	0.00668	0.00743	0.01262
56	0.01402	0.01319	0.02227	0.72126	0.05113	0.01649	0.02062	0.01897	0.01484	0.01897	0.01319	0.01979	0.00990	0.00742	0.00742	0.00247	0.00990	0.00660	0.00330	0.00825
57	0.00945	0.00733	0.00848	0.00878	0.01051	0.00652	0.00638	0.01150	0.01686	0.02165	0.19501	0.20721	0.35581	0.06249	0.01073	0.00290	0.00415	0.04092	0.00702	0.00629
58	0.01837	0.01764	0.03013	0.04557	0.69279	0.01764	0.02278	0.02278	0.01690	0.02425	0.01396	0.01837	0.01176	0.00661	0.00735	0.00220	0.00882	0.00661	0.00367	0.01176
59	0.01002	0.00734	0.00941	0.00937	0.01092	0.00672	0.00684	0.01290	0.01917	0.02651	0.49056	0.20052	0.12759	0.01725	0.00891	0.00250	0.00370	0.01527	0.00777	0.00672

[dist]
# distance from previous block
# <min> <max>
4	7

[block]
# block no. 6 follows, 27 sequences, length 7
# corresponding to MSA columns:
# 263-265,267-270
name=unknown_G
#
# <colnr> <probs for GDERKNQSTAVLIFYWHMCP>
#	G	D	E	R	K	N	Q	S	T	A	V	L	I	F	Y	W	H	M	C	P
0	0.79154	0.01436	0.01091	0.00976	0.01436	0.01665	0.00804	0.02182	0.01263	0.03331	0.01034	0.01206	0.00804	0.00689	0.00459	0.00230	0.00574	0.00402	0.00459	0.00804
1	0.01172	0.00786	0.01025	0.00976	0.01171	0.00722	0.00743	0.01496	0.02018	0.06651	0.54129	0.09523	0.09989	0.01581	0.00881	0.00244	0.00392	0.04979	0.00801	0.00722
2	0.01985	0.74357	0.03890	0.01270	0.01905	0.02937	0.01270	0.02223	0.01508	0.01747	0.01032	0.01191	0.00953	0.00635	0.00476	0.00159	0.00794	0.00397	0.00318	0.00953
3	0.00980	0.00696	0.00929	0.01088	0.01155	0.00666	0.00780	0.01145	0.01457	0.01931	0.03925	0.54353	0.04607	0.07658	0.01177	0.00342	0.00507	0.15325	0.00670	0.00609
4	0.01080	0.00720	0.00810	0.00810	0.00810	0.00720	0.00450	0.01080	0.01080	0.01439	0.02339	0.04858	0.02699	0.73910	0.03779	0.00720	0.00720	0.01080	0.00450	0.00450
5	0.02822	0.02079	0.02228	0.01708	0.02302	0.02302	0.01411	0.66804	0.03490	0.04679	0.01782	0.01782	0.01262	0.00891	0.00743	0.00223	0.00817	0.00668	0.00743	0.01262
6	0.01752	0.02003	0.04380	0.03129	0.03880	0.01877	0.66583	0.02378	0.01752	0.02378	0.01502	0.02003	0.01126	0.00626	0.00876	0.00250	0.01252	0.00876	0.00375	0.01001

[dist]
# distance from previous block
# <min> <max>
8	28

[block]
# block no. 7 follows, 27 sequences, length 8
# corresponding to MSA columns:
# 299-306
name=unknown_H
#
# <colnr> <probs for GDERKNQSTAVLIFYWHMCP>
#	G	D	E	R	K	N	Q	S	T	A	V	L	I	F	Y	W	H	M	C	P
0	0.01656	0.01424	0.01592	0.01256	0.01824	0.01315	0.00992	0.02657	0.26746	0.02680	0.01966	0.02006	0.01542	0.00723	0.00628	0.00164	0.00564	0.00591	0.00560	0.49114
1	0.12867	0.01310	0.01560	0.01226	0.01772	0.01202	0.00995	0.02960	0.08275	0.36026	0.05101	0.02273	0.01789	0.00837	0.00669	0.00204	0.00589	0.00664	0.00727	0.18953
2	0.01008	0.00808	0.00886	0.00858	0.01078	0.00737	0.00633	0.01353	0.06201	0.02299	0.23745	0.06209	0.41577	0.07996	0.01121	0.00287	0.00413	0.01413	0.00708	0.00669
3	0.56039	0.01529	0.01373	0.01150	0.01648	0.01707	0.00948	0.13908	0.01769	0.11878	0.01404	0.01474	0.01015	0.00754	0.00546	0.00228	0.00625	0.00493	0.00567	0.00943
4	0.01846	0.01595	0.01679	0.01511	0.01930	0.01846	0.01175	0.03945	0.67938	0.03105	0.03022	0.02770	0.02266	0.01007	0.00755	0.00252	0.00588	0.00839	0.00755	0.01175
5	0.01551	0.01360	0.01636	0.01212	0.01784	0.01159	0.00978	0.01858	0.01486	0.02335	0.01274	0.01551	0.01083	0.00649	0.00799	0.00138	0.10063	0.00468	0.00425	0.68191
