[name]
unknown

[dist]
# distance from previous block
# <min> <max>
0	66

[block]
# block no. 0 follows, 27 sequences, length 27
# corresponding to MSA columns:
# 83-109
name=unknown_A
#
# <colnr> <probs for GDERKNQSTAVLIFYWHMCP>
#	G	D	E	R	K	N	Q	S	T	A	V	L	I	F	Y	W	H	M	C	P
0	0.01540	0.01622	0.04788	0.06251	0.05944	0.06849	0.14877	0.01959	0.04599	0.02153	0.06530	0.03290	0.11343	0.05147	0.01259	0.02328	0.10974	0.03844	0.00472	0.04231
1	0.01316	0.00853	0.01118	0.05064	0.01462	0.00827	0.00842	0.01669	0.06205	0.10330	0.17668	0.37399	0.08781	0.01778	0.00879	0.00269	0.00476	0.01581	0.00728	0.00756
2	0.02402	0.01877	0.02097	0.01626	0.02202	0.05717	0.04857	0.36922	0.05576	0.07242	0.01851	0.02110	0.01419	0.00859	0.00720	0.00206	0.00788	0.03600	0.00646	0.17285
3	0.04140	0.10097	0.03762	0.01338	0.03588	0.08420	0.01046	0.05695	0.04144	0.02167	0.06805	0.08620	0.09492	0.07457	0.19444	0.00514	0.01055	0.00926	0.00505	0.00786
4	0.00987	0.00741	0.01062	0.01112	0.01203	0.00697	0.04294	0.01150	0.01467	0.01977	0.10287	0.54434	0.04649	0.10707	0.01275	0.00342	0.00502	0.01842	0.00656	0.00616
5	0.01559	0.01606	0.02644	0.05189	0.02482	0.01945	0.18589	0.01861	0.01380	0.01973	0.01911	0.02399	0.09143	0.01167	0.01766	0.00293	0.42051	0.00819	0.00382	0.00840
6	0.01765	0.06009	0.17625	0.11829	0.02831	0.04956	0.09177	0.05173	0.07234	0.06620	0.01658	0.01998	0.01280	0.01310	0.08147	0.00338	0.07626	0.00672	0.02780	0.00970
7	0.05568	0.00905	0.01055	0.01016	0.01261	0.00868	0.00755	0.01752	0.06732	0.12149	0.08054	0.21486	0.23015	0.06375	0.05272	0.00344	0.00572	0.01370	0.00690	0.00762
8	0.00931	0.00680	0.00877	0.00985	0.01076	0.00625	0.00679	0.01111	0.01586	0.02125	0.17551	0.53039	0.11760	0.02118	0.00926	0.00283	0.00409	0.01900	0.00715	0.00625
9	0.01716	0.01914	0.04073	0.11091	0.06947	0.01846	0.56321	0.02318	0.01719	0.02325	0.01476	0.01992	0.01113	0.00641	0.00854	0.00249	0.01205	0.00842	0.00370	0.00989
10	0.01511	0.01664	0.14289	0.01685	0.07857	0.01313	0.01359	0.13009	0.05822	0.02534	0.02606	0.27140	0.02690	0.08381	0.04366	0.00346	0.00772	0.01203	0.00567	0.00885
11	0.01460	0.00777	0.00789	0.00757	0.00950	0.00790	0.00570	0.05639	0.01657	0.02838	0.02380	0.02779	0.01891	0.03347	0.00643	0.00195	0.00387	0.00704	0.70728	0.00718
12	0.03331	0.01263	0.01723	0.01321	0.01895	0.01091	0.01091	0.03618	0.02125	0.69794	0.02929	0.02527	0.01838	0.00919	0.00747	0.00230	0.00632	0.00747	0.00919	0.01263
13	0.04033	0.01789	0.06576	0.32821	0.26952	0.04474	0.02056	0.08179	0.01767	0.02408	0.01375	0.01838	0.01071	0.00725	0.00726	0.00232	0.00944	0.00640	0.00387	0.01006
14	0.02168	0.04881	0.09950	0.05352	0.10236	0.27397	0.06301	0.05709	0.15994	0.02387	0.01653	0.01817	0.01285	0.00788	0.00714	0.00220	0.01038	0.00626	0.00463	0.01019
15	0.20427	0.01481	0.02032	0.36959	0.12411	0.01731	0.01693	0.07392	0.04623	0.02596	0.01375	0.01793	0.01049	0.00743	0.00673	0.00238	0.00842	0.00606	0.00419	0.00918
16	0.02585	0.08331	0.04008	0.01527	0.04848	0.04278	0.01215	0.10148	0.07101	0.34744	0.02589	0.11171	0.02019	0.01049	0.00742	0.00231	0.00693	0.00864	0.00737	0.01119
17	0.01747	0.01099	0.01324	0.01081	0.01489	0.00971	0.00848	0.07418	0.01981	0.16257	0.21306	0.03919	0.13980	0.04417	0.00893	0.00228	0.00513	0.00981	0.00707	0.18842
18	0.01234	0.00862	0.01098	0.01158	0.01365	0.00831	0.00939	0.01620	0.05748	0.05997	0.11780	0.16149	0.17159	0.01870	0.00937	0.00295	0.00542	0.28973	0.00718	0.00725
19	0.11109	0.02794	0.27152	0.04696	0.02862	0.14852	0.13977	0.02446	0.04352	0.02374	0.01444	0.03798	0.01142	0.00758	0.00707	0.00228	0.01048	0.00639	0.00389	0.03232
20	0.61708	0.01447	0.01267	0.01079	0.01566	0.01608	0.00890	0.06421	0.01546	0.14567	0.01398	0.01463	0.01006	0.00740	0.00525	0.00229	0.00599	0.00476	0.00554	0.00909
21	0.01823	0.01685	0.02725	0.07948	0.53396	0.01731	0.02081	0.05782	0.05793	0.02544	0.01678	0.02329	0.01439	0.00791	0.00756	0.00232	0.00854	0.04855	0.00430	0.01128
22	0.02881	0.01347	0.01686	0.01328	0.01850	0.01277	0.01085	0.13323	0.06368	0.47078	0.05448	0.02764	0.05103	0.00985	0.00749	0.00229	0.00624	0.00799	0.03892	0.01184
23	0.01301	0.00710	0.00753	0.00754	0.00920	0.00698	0.00563	0.01619	0.01595	0.02650	0.09435	0.03603	0.05594	0.05543	0.00793	0.00223	0.00385	0.03402	0.58786	0.00675
24	0.01624	0.01624	0.02274	0.01949	0.01949	0.02274	0.01624	0.01787	0.01137	0.01787	0.00975	0.01624	0.00975	0.01299	0.02436	0.00325	0.72552	0.00650	0.00325	0.00812
25	0.20692	0.01444	0.01634	0.01312	0.01844	0.01464	0.01074	0.11248	0.09773	0.38422	0.02356	0.02155	0.01576	0.00872	0.00680	0.00231	0.00636	0.00668	0.00771	0.01146
26	0.01686	0.01766	0.03488	0.11232	0.18030	0.01769	0.37330	0.02207	0.01658	0.02300	0.01537	0.04052	0.01250	0.00741	0.00903	0.00246	0.04924	0.00821	0.03073	0.00986

[dist]
# distance from previous block
# <min> <max>
0	1

[block]
# block no. 1 follows, 27 sequences, length 10
# corresponding to MSA columns:
# 111-120
name=unknown_B
#
# <colnr> <probs for GDERKNQSTAVLIFYWHMCP>
#	G	D	E	R	K	N	Q	S	T	A	V	L	I	F	Y	W	H	M	C	P
0	0.01143	0.00887	0.00965	0.00932	0.01190	0.00827	0.00701	0.03671	0.08562	0.04534	0.12222	0.14289	0.43860	0.01745	0.00864	0.00254	0.00425	0.01480	0.00718	0.00729
1	0.00942	0.00932	0.04934	0.00902	0.01175	0.00705	0.00746	0.01180	0.01678	0.02072	0.09487	0.13206	0.52388	0.01845	0.00882	0.00259	0.00440	0.04895	0.00673	0.00659
2	0.05392	0.01408	0.02311	0.34635	0.12230	0.01650	0.07706	0.01885	0.01467	0.02066	0.01618	0.10526	0.01490	0.00991	0.01009	0.00261	0.11271	0.00841	0.00388	0.00857
3	0.03972	0.00776	0.00972	0.01014	0.01140	0.00778	0.00749	0.01299	0.01495	0.02098	0.14278	0.16574	0.08736	0.17618	0.11831	0.00506	0.00748	0.11700	0.03094	0.00621
4	0.61937	0.07198	0.11508	0.01167	0.01734	0.01768	0.01126	0.02210	0.01327	0.03068	0.01078	0.01258	0.00835	0.00688	0.00497	0.00225	0.00668	0.00423	0.00427	0.00858
5	0.01004	0.00736	0.01014	0.01126	0.01183	0.00762	0.00804	0.01144	0.01369	0.01856	0.03482	0.52493	0.04058	0.02683	0.10265	0.04323	0.04964	0.05509	0.00611	0.00614
6	0.01642	0.02507	0.27646	0.04142	0.08962	0.05158	0.17601	0.02214	0.03879	0.02182	0.01402	0.01830	0.01102	0.00974	0.01137	0.10319	0.05335	0.00666	0.00355	0.00948
7	0.12106	0.01711	0.07985	0.03861	0.02049	0.04956	0.01266	0.08014	0.13485	0.22309	0.04601	0.02704	0.04349	0.00969	0.00720	0.00235	0.00705	0.03892	0.00676	0.03407
8	0.02057	0.67871	0.03727	0.01329	0.01941	0.09165	0.01285	0.02291	0.01563	0.01753	0.01043	0.01204	0.00953	0.00647	0.00494	0.00162	0.00844	0.00404	0.00324	0.00944
9	0.01398	0.01151	0.01279	0.01190	0.01485	0.01232	0.00908	0.02548	0.33499	0.02835	0.24715	0.08614	0.13375	0.01374	0.00823	0.00249	0.00472	0.01181	0.00762	0.00911

[dist]
# distance from previous block
# <min> <max>
0	1

[block]
# block no. 2 follows, 27 sequences, length 46
# corresponding to MSA columns:
# 122-167
name=unknown_C
#
# <colnr> <probs for GDERKNQSTAVLIFYWHMCP>
#	G	D	E	R	K	N	Q	S	T	A	V	L	I	F	Y	W	H	M	C	P
0	0.01161	0.00895	0.01065	0.01130	0.01285	0.00913	0.00802	0.04271	0.14295	0.02250	0.04067	0.51645	0.09381	0.01979	0.00897	0.00285	0.00472	0.01764	0.00704	0.00742
1	0.01640	0.01385	0.01500	0.01393	0.01736	0.01567	0.01064	0.03302	0.52668	0.02907	0.08073	0.14009	0.03030	0.01251	0.00794	0.00258	0.00545	0.01075	0.00750	0.01051
2	0.02579	0.01889	0.02044	0.01623	0.02156	0.02085	0.01320	0.51378	0.12479	0.06630	0.02148	0.06524	0.01659	0.01000	0.00758	0.00232	0.00753	0.00788	0.00747	0.01208
3	0.02773	0.03538	0.02104	0.01913	0.02295	0.70930	0.01434	0.02964	0.02104	0.01817	0.01148	0.01339	0.00956	0.00765	0.00669	0.00191	0.01339	0.00478	0.00383	0.00861
4	0.01109	0.00820	0.01074	0.01180	0.01368	0.00786	0.00997	0.01418	0.01753	0.02267	0.12681	0.07758	0.18748	0.01948	0.00975	0.00309	0.00575	0.42858	0.00701	0.00673
5	0.00915	0.00654	0.00871	0.01026	0.01079	0.00610	0.00690	0.01061	0.01472	0.01975	0.08897	0.68392	0.05065	0.02266	0.00942	0.00296	0.00425	0.02053	0.00699	0.00610
6	0.00917	0.00761	0.00808	0.00818	0.01056	0.00652	0.00628	0.01131	0.01724	0.02096	0.11766	0.07131	0.58872	0.01868	0.00890	0.00257	0.00400	0.06891	0.00698	0.00637
7	0.02724	0.03457	0.02111	0.01914	0.02280	0.68011	0.01442	0.02914	0.02063	0.01816	0.01140	0.01351	0.00957	0.00788	0.00745	0.00197	0.04367	0.00485	0.00380	0.00859
8	0.01660	0.01011	0.01333	0.01331	0.01596	0.01000	0.01124	0.06132	0.03903	0.13632	0.07974	0.06454	0.03729	0.05010	0.01068	0.00323	0.00659	0.40511	0.00727	0.00822
9	0.01061	0.00795	0.01193	0.01193	0.01326	0.00928	0.00928	0.01326	0.01193	0.01723	0.01988	0.02916	0.01856	0.05568	0.70968	0.01193	0.01988	0.00795	0.00398	0.00663
10	0.02766	0.01924	0.02087	0.01611	0.02175	0.02102	0.01327	0.57591	0.03256	0.09597	0.01914	0.01905	0.01350	0.00892	0.00728	0.00220	0.00771	0.00676	0.05885	0.01225
11	0.01837	0.01764	0.03013	0.04557	0.69279	0.01764	0.02278	0.02278	0.01690	0.02425	0.01396	0.01837	0.01176	0.00661	0.00735	0.00220	0.00882	0.00661	0.00367	0.01176
12	0.01489	0.00793	0.00804	0.00766	0.00970	0.00809	0.00584	0.06471	0.01698	0.02907	0.02375	0.02696	0.01856	0.00867	0.00535	0.00177	0.00380	0.00690	0.72401	0.00733
13	0.67141	0.01537	0.01270	0.01091	0.01572	0.01766	0.00900	0.12353	0.01614	0.03543	0.01152	0.01297	0.00876	0.00721	0.00504	0.00229	0.00612	0.00444	0.00504	0.00876
14	0.01091	0.00792	0.00985	0.03320	0.01223	0.00779	0.00718	0.05122	0.01572	0.02097	0.11236	0.39082	0.08751	0.17899	0.01541	0.00376	0.00523	0.01620	0.00643	0.00629
15	0.01223	0.00863	0.01076	0.01027	0.01228	0.00838	0.00770	0.01629	0.06772	0.06834	0.36984	0.16999	0.15085	0.01629	0.00926	0.00252	0.02949	0.01410	0.00760	0.00747
16	0.02118	0.33796	0.21036	0.01631	0.02360	0.07557	0.01697	0.14811	0.01972	0.04760	0.01329	0.01461	0.01039	0.00723	0.00612	0.00196	0.00915	0.00508	0.00423	0.01054
17	0.05065	0.04000	0.01306	0.01113	0.01344	0.01194	0.00837	0.13940	0.01753	0.02556	0.02438	0.19033	0.02471	0.14602	0.07119	0.00398	0.02782	0.01058	0.13860	0.03132
18	0.03331	0.01263	0.01723	0.01321	0.01895	0.01091	0.01091	0.03618	0.02125	0.69794	0.02929	0.02527	0.01838	0.00919	0.00747	0.00230	0.00632	0.00747	0.00919	0.01263
19	0.04097	0.01324	0.02187	0.69660	0.04986	0.01650	0.02018	0.01907	0.01477	0.01946	0.01310	0.01952	0.00983	0.00740	0.00732	0.00247	0.00975	0.00651	0.00334	0.00824
20	0.01857	0.01779	0.03203	0.06143	0.53122	0.01760	0.14183	0.02329	0.01710	0.04550	0.01463	0.01894	0.01182	0.00665	0.00762	0.00227	0.00946	0.00704	0.00385	0.01136
21	0.01081	0.00801	0.01081	0.01106	0.04273	0.00746	0.00773	0.01426	0.02053	0.02905	0.62971	0.08288	0.06644	0.01513	0.00872	0.00236	0.00378	0.01344	0.00791	0.00718
22	0.01080	0.00720	0.00810	0.00810	0.00810	0.00720	0.00450	0.01080	0.01080	0.01439	0.02339	0.04858	0.02699	0.73910	0.03779	0.00720	0.00720	0.01080	0.00450	0.00450
23	0.02012	0.63342	0.08652	0.01385	0.02034	0.08402	0.01393	0.02293	0.01561	0.01797	0.01064	0.01231	0.00952	0.00651	0.00509	0.00167	0.00861	0.00415	0.00323	0.00956
24	0.16442	0.03098	0.47497	0.02181	0.09457	0.01723	0.04922	0.02312	0.01529	0.02548	0.01288	0.01542	0.00945	0.00695	0.00668	0.00233	0.00982	0.00545	0.00349	0.01045
25	0.01196	0.00854	0.01196	0.01367	0.01538	0.00854	0.01196	0.01538	0.01709	0.02222	0.03931	0.08374	0.04272	0.02051	0.01025	0.00342	0.00684	0.64283	0.00684	0.00684
26	0.03982	0.01282	0.01545	0.06348	0.01939	0.01109	0.00987	0.04516	0.01581	0.02419	0.01663	0.10519	0.01559	0.00829	0.00681	0.00160	0.02965	0.00679	0.00472	0.54765
27	0.04247	0.02403	0.26641	0.01969	0.02624	0.04547	0.13944	0.04205	0.01760	0.07398	0.13027	0.02392	0.02090	0.00915	0.00942	0.00244	0.08428	0.00767	0.00478	0.00979
28	0.01440	0.01358	0.02295	0.66275	0.10670	0.01659	0.02080	0.01930	0.01502	0.01943	0.01326	0.01967	0.01006	0.00735	0.00742	0.00245	0.00980	0.00660	0.00333	0.00855
29	0.02591	0.02028	0.02049	0.01629	0.02156	0.07214	0.01323	0.50437	0.09698	0.04160	0.04313	0.02029	0.01577	0.00915	0.00733	0.00221	0.00794	0.00697	0.04259	0.01178
30	0.00935	0.00683	0.00889	0.01019	0.01102	0.00624	0.00692	0.01085	0.01467	0.01967	0.06857	0.64615	0.07776	0.02199	0.00925	0.00289	0.00430	0.01985	0.00684	0.03776
31	0.01051	0.00759	0.00992	0.00934	0.01109	0.00700	0.00700	0.01401	0.02101	0.02977	0.68888	0.05545	0.07005	0.01518	0.00876	0.00233	0.00350	0.01343	0.00817	0.00700
32	0.02822	0.02079	0.02228	0.01708	0.02302	0.02302	0.01411	0.66804	0.03490	0.04679	0.01782	0.01782	0.01262	0.00891	0.00743	0.00223	0.00817	0.00668	0.00743	0.01262
33	0.01289	0.00645	0.00967	0.00967	0.00967	0.00645	0.00645	0.00967	0.00967	0.01289	0.01289	0.02257	0.01289	0.02579	0.02901	0.78401	0.00645	0.00645	0.00322	0.00322
34	0.02773	0.03538	0.02104	0.01913	0.02295	0.70930	0.01434	0.02964	0.02104	0.01817	0.01148	0.01339	0.00956	0.00765	0.00669	0.00191	0.01339	0.00478	0.00383	0.00861
35	0.01846	0.01595	0.01679	0.01511	0.01930	0.01846	0.01175	0.03945	0.67938	0.03105	0.03022	0.02770	0.02266	0.01007	0.00755	0.00252	0.00588	0.00839	0.00755	0.01175
36	0.01074	0.00784	0.01045	0.01183	0.01333	0.00755	0.00964	0.01343	0.01651	0.02143	0.07176	0.24438	0.13148	0.02075	0.00980	0.00315	0.00565	0.37682	0.00691	0.00656
37	0.00942	0.00771	0.00842	0.00870	0.01103	0.00671	0.00683	0.01164	0.01713	0.02086	0.09515	0.07295	0.54772	0.01895	0.00904	0.00266	0.00430	0.12747	0.00694	0.00640
38	0.67507	0.01516	0.01244	0.01080	0.01554	0.01746	0.00888	0.09752	0.03921	0.03479	0.01192	0.01329	0.00910	0.00724	0.00503	0.00230	0.00603	0.00449	0.00503	0.00871
39	0.02576	0.01630	0.01858	0.01498	0.01989	0.01720	0.01207	0.37304	0.07272	0.19502	0.02499	0.13214	0.02037	0.01130	0.00776	0.00239	0.00697	0.00924	0.00777	0.01154
40	0.01106	0.00855	0.01226	0.01226	0.01325	0.01004	0.00940	0.01333	0.01252	0.01812	0.02348	0.18186	0.02423	0.04160	0.44649	0.00853	0.09841	0.01062	0.03730	0.00668
41	0.01954	0.01434	0.01560	0.01363	0.01788	0.01557	0.01072	0.08047	0.42125	0.12363	0.03719	0.03443	0.14034	0.01142	0.00775	0.00246	0.00573	0.00943	0.00766	0.01096
42	0.01652	0.01769	0.03498	0.21275	0.03947	0.01850	0.40709	0.02270	0.04657	0.02231	0.01476	0.01998	0.01129	0.00734	0.00973	0.00256	0.07456	0.00797	0.00376	0.00946
43	0.02583	0.03051	0.02134	0.04639	0.07240	0.52791	0.01482	0.09957	0.02190	0.02193	0.01499	0.01682	0.03740	0.00816	0.00693	0.00201	0.01195	0.00563	0.00432	0.00918
44	0.43794	0.01440	0.01632	0.17791	0.09421	0.01642	0.01299	0.04765	0.01504	0.06007	0.01360	0.01792	0.01077	0.00766	0.00598	0.00237	0.00718	0.02813	0.00461	0.00883
45	0.01673	0.15456	0.27364	0.05105	0.04669	0.06704	0.06254	0.04787	0.01691	0.02229	0.01849	0.02629	0.03682	0.01111	0.03710	0.00273	0.01011	0.08438	0.00405	0.00960

[dist]
# distance from previous block
# <min> <max>
0	1

[block]
# block no. 3 follows, 27 sequences, length 15
# corresponding to MSA columns:
# 169-183
name=unknown_D
#
# <colnr> <probs for GDERKNQSTAVLIFYWHMCP>
#	G	D	E	R	K	N	Q	S	T	A	V	L	I	F	Y	W	H	M	C	P
0	0.11569	0.02995	0.45871	0.01837	0.02725	0.01648	0.03849	0.06165	0.01703	0.09666	0.01534	0.01692	0.01078	0.00740	0.00678	0.00231	0.00941	0.00572	0.03437	0.01069
1	0.01893	0.09005	0.17755	0.03627	0.04857	0.05668	0.17550	0.13516	0.01918	0.02586	0.01524	0.05529	0.01268	0.00868	0.00940	0.00241	0.09077	0.00732	0.00431	0.01015
2	0.04901	0.03473	0.54888	0.02303	0.08783	0.05845	0.04923	0.02375	0.01604	0.02368	0.01320	0.01578	0.00963	0.00701	0.00702	0.00232	0.01077	0.00560	0.00331	0.01074
3	0.03180	0.01230	0.01674	0.01295	0.01843	0.01065	0.01065	0.03471	0.02123	0.65375	0.07290	0.02726	0.02179	0.00958	0.00755	0.00230	0.00613	0.00786	0.00912	0.01226
4	0.00921	0.00656	0.00866	0.01018	0.01066	0.00614	0.00679	0.01056	0.01442	0.01933	0.07530	0.66544	0.04921	0.05616	0.01075	0.00317	0.00440	0.02021	0.00685	0.00601
5	0.09747	0.12447	0.02135	0.05340	0.08001	0.05567	0.01315	0.09811	0.14666	0.06368	0.04450	0.02261	0.01691	0.01028	0.02598	0.00253	0.05512	0.02610	0.03203	0.00997
6	0.00925	0.00677	0.00873	0.01009	0.01094	0.00625	0.00701	0.01086	0.01511	0.01990	0.08314	0.57462	0.13230	0.02207	0.00938	0.00293	0.00432	0.05319	0.00696	0.00616
7	0.01070	0.00716	0.00812	0.00822	0.00824	0.00713	0.00463	0.01077	0.01098	0.01464	0.02433	0.08516	0.02817	0.70091	0.03627	0.00697	0.00704	0.01135	0.00463	0.00458
8	0.01275	0.00906	0.01183	0.01268	0.04954	0.00876	0.00900	0.04978	0.03540	0.05335	0.22730	0.22880	0.11862	0.01753	0.00954	0.02684	0.00500	0.09967	0.00711	0.00745
9	0.01572	0.02437	0.26561	0.10602	0.03224	0.05351	0.22058	0.02167	0.01611	0.02230	0.01637	0.05868	0.01365	0.04461	0.00917	0.00263	0.01046	0.00779	0.04912	0.00939
10	0.01179	0.00842	0.01176	0.01347	0.01511	0.00840	0.01166	0.01508	0.01692	0.02202	0.03940	0.12241	0.04310	0.02067	0.01021	0.00339	0.00669	0.60587	0.00684	0.00679
11	0.01555	0.01792	0.07277	0.17300	0.03743	0.01658	0.40936	0.02104	0.01643	0.02214	0.01784	0.11076	0.01569	0.00872	0.00847	0.00255	0.01083	0.00969	0.00402	0.00919
12	0.01612	0.04196	0.02387	0.53455	0.13879	0.08140	0.02006	0.02062	0.01572	0.01959	0.01304	0.01871	0.01012	0.00729	0.00725	0.00235	0.01000	0.00634	0.00340	0.00883
13	0.05470	0.03632	0.60621	0.02131	0.05339	0.05472	0.02559	0.02373	0.01585	0.02374	0.01309	0.01546	0.00942	0.00706	0.00692	0.00232	0.01077	0.00541	0.00326	0.01072
14	0.64468	0.01596	0.05363	0.01193	0.01715	0.01638	0.04742	0.02311	0.01374	0.08186	0.01220	0.01372	0.00908	0.00704	0.00519	0.00231	0.00648	0.00464	0.00480	0.00867

[dist]
# distance from previous block
# <min> <max>
0	1

[block]
# block no. 4 follows, 27 sequences, length 16
# corresponding to MSA columns:
# 185-200
name=unknown_E
#
# <colnr> <probs for GDERKNQSTAVLIFYWHMCP>
#	G	D	E	R	K	N	Q	S	T	A	V	L	I	F	Y	W	H	M	C	P
0	0.02095	0.01867	0.01720	0.01490	0.01880	0.13520	0.01151	0.19019	0.26580	0.03110	0.08298	0.02716	0.02249	0.07477	0.01011	0.00272	0.00756	0.00797	0.02970	0.01021
1	0.01703	0.01997	0.14740	0.05457	0.11795	0.01550	0.11422	0.08960	0.01785	0.02573	0.01541	0.05377	0.01289	0.00762	0.00755	0.00203	0.02840	0.00681	0.00434	0.24135
2	0.01154	0.00774	0.00890	0.00875	0.00926	0.00781	0.00545	0.03342	0.01282	0.01756	0.07064	0.04782	0.02952	0.58164	0.05215	0.00643	0.00716	0.03472	0.04145	0.00521
3	0.06368	0.02320	0.02152	0.01712	0.02260	0.14989	0.01387	0.51965	0.03130	0.04086	0.01630	0.01673	0.01184	0.00858	0.00716	0.00217	0.00902	0.00621	0.00663	0.01167
4	0.13480	0.03469	0.59415	0.01940	0.02939	0.01715	0.02443	0.02325	0.01520	0.02502	0.01286	0.01512	0.00919	0.00703	0.00667	0.00234	0.01016	0.00526	0.00336	0.01052
5	0.01080	0.00720	0.00810	0.00810	0.00810	0.00720	0.00450	0.01080	0.01080	0.01439	0.02339	0.04858	0.02699	0.73910	0.03779	0.00720	0.00720	0.01080	0.00450	0.00450
6	0.01928	0.01577	0.01681	0.01500	0.01928	0.01805	0.01170	0.03927	0.64342	0.06750	0.03016	0.02756	0.02243	0.01002	0.00755	0.00251	0.00590	0.00834	0.00764	0.01180
7	0.00955	0.00739	0.00870	0.00872	0.01059	0.00654	0.00641	0.01202	0.01823	0.02398	0.32880	0.16573	0.33075	0.01795	0.00887	0.00251	0.00373	0.01555	0.00743	0.00654
8	0.02822	0.02079	0.02228	0.01708	0.02302	0.02302	0.01411	0.66804	0.03490	0.04679	0.01782	0.01782	0.01262	0.00891	0.00743	0.00223	0.00817	0.00668	0.00743	0.01262
9	0.16564	0.01936	0.01992	0.01565	0.02125	0.02162	0.01288	0.51664	0.06636	0.04348	0.01715	0.01733	0.01235	0.00861	0.00692	0.00226	0.00760	0.00630	0.00692	0.01175
10	0.01034	0.00758	0.00970	0.00917	0.01099	0.00694	0.00688	0.01369	0.02063	0.02886	0.63125	0.05696	0.12824	0.01552	0.00876	0.00235	0.00353	0.01364	0.00805	0.00694
11	0.00920	0.00658	0.00875	0.01023	0.01080	0.00613	0.00690	0.01073	0.01494	0.02010	0.10991	0.66198	0.05133	0.02240	0.00940	0.00294	0.00422	0.02029	0.00703	0.00613
12	0.01631	0.00953	0.00980	0.00890	0.01141	0.01000	0.00690	0.12025	0.05053	0.03083	0.02350	0.02614	0.01820	0.00876	0.00565	0.00185	0.00431	0.00695	0.62213	0.00804
13	0.03149	0.01424	0.05291	0.01551	0.05914	0.01163	0.01245	0.03475	0.02071	0.62396	0.02757	0.02437	0.01753	0.00893	0.00744	0.00229	0.00670	0.00731	0.00856	0.01250
14	0.01548	0.00851	0.00868	0.00808	0.01029	0.00876	0.00621	0.09179	0.01778	0.02986	0.02349	0.02655	0.01829	0.00868	0.00545	0.00179	0.00400	0.00689	0.69184	0.00757
15	0.13516	0.01278	0.01594	0.01256	0.01781	0.01188	0.01031	0.05930	0.02063	0.52040	0.08390	0.02578	0.02123	0.00939	0.00718	0.00230	0.00607	0.00748	0.00839	0.01151

[dist]
# distance from previous block
# <min> <max>
0	1

[block]
# block no. 5 follows, 27 sequences, length 152
# corresponding to MSA columns:
# 202-353
name=unknown_F
#
# <colnr> <probs for GDERKNQSTAVLIFYWHMCP>
#	G	D	E	R	K	N	Q	S	T	A	V	L	I	F	Y	W	H	M	C	P
0	0.02948	0.01228	0.01628	0.01276	0.01780	0.01099	0.01036	0.06793	0.02147	0.55638	0.09842	0.02922	0.02397	0.04624	0.00911	0.00254	0.00617	0.00822	0.00875	0.01163
1	0.01946	0.04601	0.06045	0.03741	0.50169	0.10860	0.02062	0.04502	0.01793	0.02379	0.01587	0.01931	0.03637	0.00729	0.00721	0.00216	0.00928	0.00656	0.00390	0.01106
2	0.01506	0.00980	0.01136	0.06693	0.01476	0.01044	0.00812	0.12112	0.01780	0.02677	0.05981	0.05998	0.02284	0.15195	0.04752	0.00351	0.00632	0.00859	0.32987	0.00744
3	0.05672	0.13960	0.01952	0.01267	0.01759	0.03804	0.01060	0.02896	0.01859	0.41585	0.02516	0.08903	0.01905	0.01183	0.03676	0.00262	0.00712	0.00792	0.03167	0.01072
4	0.01670	0.00924	0.01189	0.01049	0.01342	0.00842	0.00812	0.02054	0.04834	0.20665	0.40144	0.07555	0.11099	0.01403	0.00839	0.00238	0.00441	0.01215	0.00825	0.00860
5	0.01213	0.00847	0.00991	0.00996	0.01080	0.00856	0.00649	0.08560	0.01483	0.01980	0.02934	0.30285	0.03366	0.38669	0.02368	0.00506	0.00622	0.01420	0.00573	0.00600
6	0.01534	0.03484	0.61619	0.01988	0.02989	0.01615	0.02509	0.02330	0.01634	0.05323	0.06764	0.01925	0.01461	0.00779	0.00721	0.00235	0.01018	0.00620	0.00380	0.01073
7	0.01620	0.00920	0.00945	0.00859	0.01101	0.00957	0.00666	0.12433	0.01875	0.03082	0.02317	0.02606	0.01797	0.00869	0.00556	0.00181	0.00423	0.00688	0.65319	0.00786
8	0.01735	0.01649	0.02829	0.10387	0.54456	0.01674	0.04796	0.02179	0.01676	0.02356	0.01628	0.02462	0.01443	0.00796	0.00768	0.00235	0.00889	0.06557	0.00394	0.01091
9	0.01728	0.01916	0.04061	0.03226	0.12139	0.01811	0.55647	0.02310	0.01731	0.02364	0.01595	0.04911	0.01288	0.00700	0.00861	0.00249	0.01171	0.00899	0.00387	0.01007
10	0.00922	0.00657	0.00871	0.01036	0.01081	0.00617	0.00696	0.01053	0.01417	0.01887	0.04010	0.68187	0.04792	0.05418	0.01073	0.00321	0.00452	0.04233	0.00679	0.00599
11	0.01624	0.01624	0.02274	0.01949	0.01949	0.02274	0.01624	0.01787	0.01137	0.01787	0.00975	0.01624	0.00975	0.01299	0.02436	0.00325	0.72552	0.00650	0.00325	0.00812
12	0.17372	0.01182	0.01403	0.01135	0.01606	0.01119	0.00926	0.02946	0.01865	0.43414	0.04945	0.02428	0.01844	0.00888	0.00659	0.00220	0.00562	0.00694	0.13733	0.01059
13	0.01044	0.00705	0.00820	0.00855	0.00864	0.00696	0.00498	0.01070	0.01149	0.01532	0.02694	0.18731	0.03146	0.59427	0.03206	0.00635	0.00661	0.01288	0.00498	0.00481
14	0.03006	0.01433	0.01792	0.01389	0.01935	0.01373	0.01141	0.19852	0.02478	0.47235	0.08194	0.02588	0.02124	0.00962	0.00756	0.00228	0.00656	0.00777	0.00864	0.01216
15	0.00980	0.00764	0.00890	0.00936	0.01109	0.00701	0.00686	0.01257	0.04360	0.02150	0.14511	0.25559	0.32074	0.04684	0.01014	0.00287	0.00432	0.06257	0.00700	0.00650
16	0.01837	0.01764	0.03013	0.04557	0.69279	0.01764	0.02278	0.02278	0.01690	0.02425	0.01396	0.01837	0.01176	0.00661	0.00735	0.00220	0.00882	0.00661	0.00367	0.01176
17	0.02252	0.01268	0.01590	0.01427	0.04611	0.01261	0.01074	0.05633	0.19338	0.29152	0.17957	0.05699	0.03186	0.01116	0.00785	0.00238	0.00567	0.00948	0.00814	0.01085
18	0.02884	0.01588	0.04193	0.01423	0.01982	0.01507	0.01205	0.26054	0.02537	0.37198	0.02409	0.02251	0.01606	0.00896	0.00720	0.00222	0.00685	0.00706	0.08734	0.01199
19	0.01107	0.00785	0.01020	0.01109	0.01278	0.00738	0.00885	0.01372	0.01710	0.04102	0.14186	0.22170	0.17198	0.01970	0.00950	0.00296	0.00517	0.27221	0.00712	0.00673
20	0.01809	0.49069	0.19006	0.01466	0.02154	0.04834	0.01570	0.02190	0.01561	0.01944	0.03846	0.04931	0.01372	0.00771	0.00574	0.00187	0.00849	0.00554	0.00356	0.00957
21	0.02246	0.01700	0.05101	0.04152	0.02105	0.01717	0.01288	0.37455	0.05238	0.09310	0.02450	0.19236	0.02209	0.01231	0.00791	0.00245	0.00718	0.01025	0.00709	0.01075
22	0.02728	0.03463	0.02110	0.01914	0.02281	0.68231	0.01442	0.02918	0.02066	0.01816	0.01141	0.01350	0.00957	0.00786	0.00739	0.00197	0.04138	0.00485	0.00380	0.00859
23	0.01233	0.00806	0.01032	0.01003	0.01193	0.00766	0.00762	0.01618	0.04478	0.06504	0.42959	0.13932	0.05571	0.01551	0.00852	0.00246	0.00412	0.06408	0.07938	0.00736
24	0.01073	0.00746	0.00944	0.00944	0.00990	0.00793	0.00617	0.01166	0.01119	0.01539	0.02216	0.04178	0.02404	0.49964	0.27321	0.00886	0.01164	0.00980	0.00432	0.00524
25	0.01043	0.00759	0.00982	0.00926	0.01105	0.00697	0.00695	0.01387	0.02084	0.02936	0.66285	0.05613	0.09634	0.01533	0.00876	0.00234	0.00351	0.01352	0.00812	0.00697
26	0.53175	0.01529	0.01401	0.01166	0.01668	0.01695	0.00961	0.14422	0.01811	0.13911	0.01467	0.01518	0.01050	0.00762	0.00557	0.00228	0.00628	0.00505	0.00583	0.00961
27	0.01846	0.01595	0.01679	0.01511	0.01930	0.01846	0.01175	0.03945	0.67938	0.03105	0.03022	0.02770	0.02266	0.01007	0.00755	0.00252	0.00588	0.00839	0.00755	0.01175
28	0.03331	0.01263	0.01723	0.01321	0.01895	0.01091	0.01091	0.03618	0.02125	0.69794	0.02929	0.02527	0.01838	0.00919	0.00747	0.00230	0.00632	0.00747	0.00919	0.01263
29	0.00904	0.00646	0.00861	0.01034	0.01077	0.00603	0.00689	0.01034	0.01421	0.01895	0.04092	0.73426	0.04910	0.02326	0.00948	0.00301	0.00431	0.02110	0.00689	0.00603
30	0.01015	0.00685	0.00912	0.01030	0.01112	0.00635	0.00706	0.01181	0.01542	0.04557	0.13117	0.61305	0.05090	0.02161	0.00930	0.00289	0.00427	0.01953	0.00716	0.00641
31	0.01951	0.67627	0.03741	0.01333	0.01909	0.02876	0.01303	0.02183	0.01474	0.01750	0.01027	0.01231	0.00955	0.00697	0.00658	0.00174	0.07434	0.00420	0.00318	0.00940
32	0.01019	0.00740	0.00960	0.00943	0.01099	0.00681	0.00693	0.01325	0.01970	0.02754	0.55385	0.16975	0.09339	0.01669	0.00888	0.00246	0.00365	0.01481	0.00790	0.00681
33	0.01061	0.00795	0.01193	0.01193	0.01326	0.00928	0.00928	0.01326	0.01193	0.01723	0.01988	0.02916	0.01856	0.05568	0.70968	0.01193	0.01988	0.00795	0.00398	0.00663
34	0.06521	0.01337	0.01737	0.01338	0.01909	0.01214	0.01105	0.08688	0.02199	0.61673	0.02755	0.02410	0.01747	0.00907	0.00734	0.00229	0.00644	0.00726	0.00885	0.01244
35	0.01837	0.01764	0.03013	0.04557	0.69279	0.01764	0.02278	0.02278	0.01690	0.02425	0.01396	0.01837	0.01176	0.00661	0.00735	0.00220	0.00882	0.00661	0.00367	0.01176
36	0.01717	0.00979	0.01029	0.00915	0.01175	0.01015	0.00707	0.14147	0.01922	0.05625	0.02315	0.02675	0.01818	0.04518	0.00733	0.00212	0.00465	0.00709	0.56512	0.00810
37	0.53039	0.01689	0.01331	0.03253	0.01690	0.10625	0.00962	0.07478	0.01574	0.03102	0.01236	0.01453	0.00973	0.00935	0.03526	0.00263	0.00753	0.00474	0.04809	0.00837
38	0.01056	0.00752	0.00968	0.01089	0.01172	0.00732	0.00768	0.04387	0.01528	0.02031	0.03782	0.54585	0.04426	0.09305	0.01228	0.00344	0.00512	0.10038	0.00667	0.00631
39	0.01005	0.00780	0.00933	0.00985	0.01189	0.00708	0.00787	0.01263	0.01749	0.02220	0.15881	0.10468	0.36133	0.01897	0.00926	0.00279	0.00470	0.20968	0.00708	0.00655
40	0.05093	0.02163	0.09167	0.06599	0.44109	0.10089	0.04905	0.04760	0.01772	0.02442	0.01361	0.01737	0.01105	0.00690	0.00720	0.00221	0.00963	0.00628	0.00381	0.01096
41	0.01859	0.59328	0.14413	0.01403	0.02087	0.02642	0.01490	0.02199	0.01502	0.01843	0.01128	0.01338	0.00996	0.00893	0.04032	0.00223	0.00902	0.00441	0.00321	0.00961
42	0.06507	0.01334	0.01735	0.01336	0.01907	0.01210	0.01104	0.08483	0.02195	0.61898	0.02759	0.02413	0.01749	0.00907	0.00734	0.00229	0.00644	0.00726	0.00886	0.01244
43	0.01856	0.01475	0.01518	0.01288	0.01620	0.06589	0.00995	0.26812	0.02406	0.03171	0.18923	0.03669	0.09033	0.11869	0.05149	0.00351	0.00752	0.00968	0.00668	0.00886
44	0.01509	0.01357	0.02345	0.33533	0.03571	0.01491	0.15661	0.06730	0.01636	0.02177	0.01774	0.10063	0.01592	0.03842	0.01066	0.06172	0.00915	0.00884	0.02866	0.00815
45	0.01042	0.00758	0.00980	0.00925	0.01104	0.00697	0.00694	0.01384	0.02081	0.02928	0.65824	0.05625	0.10098	0.01536	0.00876	0.00234	0.00352	0.01354	0.00811	0.00697
46	0.01080	0.00720	0.00810	0.00810	0.00810	0.00720	0.00450	0.01080	0.01080	0.01439	0.02339	0.04858	0.02699	0.73910	0.03779	0.00720	0.00720	0.01080	0.00450	0.00450
47	0.01649	0.17392	0.54873	0.01925	0.02914	0.01937	0.02400	0.02371	0.01575	0.04592	0.01330	0.01528	0.00974	0.00699	0.00662	0.00220	0.01022	0.00526	0.00335	0.01075
48	0.08997	0.01739	0.01839	0.01473	0.01950	0.01927	0.01189	0.45211	0.06481	0.03952	0.01882	0.02152	0.01464	0.06961	0.04333	0.00308	0.00802	0.00696	0.05555	0.01088
49	0.01174	0.00838	0.01170	0.01341	0.01502	0.00835	0.01157	0.01499	0.01687	0.02196	0.03943	0.13446	0.04322	0.02072	0.01019	0.00339	0.00664	0.59435	0.00684	0.00677
50	0.01812	0.01806	0.05357	0.01809	0.02471	0.05228	0.19290	0.09929	0.01867	0.02658	0.01460	0.01735	0.01143	0.00643	0.00676	0.00175	0.00836	0.00605	0.03449	0.37053
51	0.01573	0.15762	0.58876	0.01973	0.02992	0.01929	0.02494	0.02329	0.01557	0.02249	0.01281	0.01504	0.00942	0.00693	0.00667	0.00222	0.01046	0.00523	0.00314	0.01073
52	0.01575	0.01489	0.02482	0.45135	0.27751	0.01698	0.02101	0.02119	0.04389	0.02136	0.01419	0.01963	0.01110	0.00725	0.00740	0.00238	0.00934	0.00668	0.00361	0.00964
53	0.02767	0.02458	0.02171	0.01756	0.02284	0.21045	0.01407	0.46684	0.05845	0.03830	0.01661	0.01703	0.01221	0.00862	0.00723	0.00215	0.00950	0.00624	0.00645	0.01149
54	0.02131	0.25881	0.13713	0.01438	0.02059	0.01946	0.01414	0.13167	0.02054	0.14548	0.12428	0.02287	0.02130	0.00881	0.00671	0.00207	0.00748	0.00681	0.00574	0.01043
55	0.01051	0.00759	0.00992	0.00934	0.01109	0.00700	0.00700	0.01401	0.02101	0.02977	0.68888	0.05545	0.07005	0.01518	0.00876	0.00233	0.00350	0.01343	0.00817	0.00700
56	0.01821	0.01566	0.01660	0.01505	0.01915	0.01808	0.01176	0.03852	0.65379	0.03071	0.03057	0.02986	0.02344	0.01048	0.00766	0.00255	0.00591	0.03291	0.00753	0.01156
57	0.01289	0.00645	0.00967	0.00967	0.00967	0.00645	0.00645	0.00967	0.00967	0.01289	0.01289	0.02257	0.01289	0.02579	0.02901	0.78401	0.00645	0.00645	0.00322	0.00322
58	0.02822	0.02079	0.02228	0.01708	0.02302	0.02302	0.01411	0.66804	0.03490	0.04679	0.01782	0.01782	0.01262	0.00891	0.00743	0.00223	0.00817	0.00668	0.00743	0.01262
59	0.02722	0.01983	0.02121	0.01637	0.02202	0.02190	0.01349	0.62281	0.03356	0.04546	0.01827	0.01851	0.01307	0.00889	0.00727	0.00219	0.00784	0.00670	0.06114	0.01223
60	0.01196	0.00854	0.01196	0.01367	0.01538	0.00854	0.01196	0.01538	0.01709	0.02222	0.03931	0.08374	0.04272	0.02051	0.01025	0.00342	0.00684	0.64283	0.00684	0.00684
61	0.01157	0.00795	0.01043	0.01036	0.01227	0.00741	0.00816	0.01481	0.01954	0.05428	0.44179	0.09069	0.10921	0.01674	0.00907	0.00262	0.00441	0.15382	0.00776	0.00710
62	0.03172	0.01228	0.01672	0.01294	0.01840	0.01064	0.01064	0.03464	0.02123	0.65150	0.07513	0.02737	0.02197	0.00960	0.00756	0.00230	0.00612	0.00788	0.00912	0.01224
63	0.79154	0.01436	0.01091	0.00976	0.01436	0.01665	0.00804	0.02182	0.01263	0.03331	0.01034	0.01206	0.00804	0.00689	0.00459	0.00230	0.00574	0.00402	0.00459	0.00804
64	0.01062	0.00788	0.01157	0.01157	0.01278	0.00909	0.00883	0.01303	0.01182	0.01697	0.02021	0.03098	0.01935	0.11945	0.64699	0.01149	0.01870	0.00822	0.00403	0.00643
65	0.01051	0.00759	0.00992	0.00934	0.01109	0.00700	0.00700	0.01401	0.02101	0.02977	0.68888	0.05545	0.07005	0.01518	0.00876	0.00233	0.00350	0.01343	0.00817	0.00700
66	0.01709	0.01910	0.04088	0.06085	0.06977	0.01813	0.58192	0.02301	0.01725	0.02341	0.01588	0.04722	0.01267	0.00697	0.00866	0.00251	0.01191	0.00904	0.00385	0.00987
67	0.02775	0.03493	0.02108	0.01906	0.02295	0.68791	0.01434	0.04954	0.02147	0.01906	0.01167	0.01353	0.00966	0.00769	0.00672	0.00192	0.01322	0.00484	0.00394	0.00873
68	0.11737	0.08286	0.45032	0.02314	0.13943	0.01811	0.02305	0.02307	0.01544	0.02448	0.01282	0.01538	0.00963	0.00691	0.00662	0.00226	0.00971	0.00537	0.00342	0.01062
69	0.01210	0.01070	0.01095	0.03939	0.01394	0.09685	0.00849	0.01362	0.01490	0.01852	0.03363	0.47063	0.03907	0.11432	0.01282	0.00343	0.00628	0.06802	0.00604	0.00631
70	0.01172	0.00929	0.01332	0.01276	0.01378	0.01136	0.00998	0.01404	0.01190	0.01757	0.01856	0.02823	0.01765	0.09390	0.51612	0.00969	0.13989	0.00786	0.03564	0.00675
71	0.01489	0.03840	0.70064	0.02116	0.03213	0.01724	0.02743	0.02351	0.01567	0.02351	0.01332	0.01567	0.00940	0.00705	0.00705	0.00235	0.01097	0.00549	0.00313	0.01097
72	0.01516	0.05985	0.65131	0.02133	0.03201	0.01769	0.05462	0.02348	0.01573	0.02333	0.01330	0.01574	0.00949	0.00700	0.00705	0.00233	0.01094	0.00558	0.00316	0.01088
73	0.03257	0.01280	0.01721	0.01330	0.01897	0.01129	0.01095	0.03634	0.05410	0.66465	0.02933	0.02539	0.01859	0.00923	0.00747	0.00231	0.00629	0.00751	0.00911	0.01259
74	0.00921	0.00681	0.00865	0.00997	0.01090	0.00625	0.00695	0.01082	0.01513	0.01975	0.07183	0.55115	0.16627	0.02198	0.00936	0.00292	0.00432	0.05463	0.00694	0.00616
75	0.05668	0.00893	0.01147	0.04194	0.01494	0.00886	0.00929	0.04195	0.01706	0.07948	0.10597	0.33020	0.06576	0.01825	0.00894	0.00286	0.00542	0.15771	0.00695	0.00735
76	0.01070	0.00769	0.00947	0.01036	0.01111	0.00761	0.00690	0.03974	0.04639	0.01970	0.03553	0.51772	0.04137	0.18081	0.01558	0.00389	0.00519	0.01759	0.00642	0.00625
77	0.01076	0.00736	0.00890	0.00890	0.00918	0.00764	0.00550	0.01131	0.01103	0.01499	0.02265	0.04450	0.02522	0.59533	0.17913	0.00819	0.00987	0.01020	0.00439	0.00495
78	0.01575	0.01533	0.02191	0.24679	0.06205	0.04769	0.03948	0.01966	0.04266	0.01978	0.01455	0.05866	0.01308	0.01069	0.01442	0.00276	0.30336	0.00746	0.03550	0.00841
79	0.04264	0.04572	0.02326	0.50692	0.10156	0.05125	0.04142	0.01973	0.01507	0.01967	0.01300	0.01890	0.01018	0.00828	0.00842	0.04613	0.00964	0.00637	0.00341	0.00841
80	0.13086	0.01163	0.01423	0.01198	0.01625	0.01112	0.00956	0.02792	0.06243	0.38057	0.08324	0.10479	0.04833	0.01326	0.03737	0.00281	0.00625	0.00933	0.00781	0.01028
81	0.01582	0.01677	0.03468	0.11041	0.05821	0.01626	0.45168	0.02080	0.01642	0.02213	0.01812	0.11507	0.01622	0.00947	0.00948	0.03461	0.01073	0.00998	0.00409	0.00905
82	0.04604	0.01361	0.04585	0.15202	0.14468	0.01351	0.01461	0.04370	0.07797	0.07442	0.10450	0.06471	0.04740	0.04754	0.00941	0.00274	0.00722	0.07525	0.00567	0.00914
83	0.01632	0.01338	0.01392	0.01342	0.01628	0.08061	0.01084	0.09364	0.10436	0.04946	0.09088	0.07961	0.10950	0.03479	0.00954	0.00287	0.00678	0.23860	0.00684	0.00836
84	0.50999	0.05894	0.09254	0.03346	0.01916	0.01849	0.01188	0.13010	0.01691	0.03315	0.01201	0.01365	0.00910	0.00723	0.00544	0.00226	0.00698	0.00470	0.00479	0.00923
85	0.00951	0.00685	0.00879	0.00973	0.01055	0.00637	0.00662	0.01121	0.01558	0.02100	0.18514	0.47858	0.09201	0.08742	0.01189	0.00322	0.00436	0.01811	0.00695	0.00612
86	0.01530	0.03597	0.62227	0.02401	0.10935	0.01729	0.02689	0.02343	0.01582	0.02360	0.01340	0.01599	0.00968	0.00700	0.00709	0.00233	0.01072	0.00562	0.00320	0.01106
87	0.01510	0.01514	0.02599	0.02158	0.04962	0.01748	0.20813	0.01832	0.01380	0.01973	0.01747	0.02422	0.05062	0.05305	0.13118	0.00456	0.29375	0.00814	0.00380	0.00831
88	0.02583	0.20758	0.02544	0.01748	0.02200	0.51691	0.01393	0.05251	0.02012	0.01910	0.01144	0.01320	0.00967	0.00738	0.00625	0.00185	0.01186	0.00466	0.00381	0.00899
89	0.01861	0.01830	0.03733	0.02833	0.06228	0.01773	0.49039	0.02395	0.01734	0.08563	0.01724	0.02371	0.01359	0.00787	0.00988	0.00258	0.06698	0.04387	0.00439	0.01001
90	0.01078	0.00726	0.00840	0.00840	0.00851	0.00736	0.00488	0.01099	0.01089	0.01462	0.02311	0.04704	0.02632	0.68474	0.09123	0.00757	0.00821	0.01057	0.00446	0.00467
91	0.01608	0.01332	0.01455	0.01363	0.01710	0.01471	0.01079	0.06508	0.40562	0.02830	0.03829	0.07206	0.12770	0.01360	0.00826	0.00267	0.00578	0.11521	0.00730	0.00992
92	0.00931	0.00709	0.00853	0.00948	0.01081	0.00641	0.00679	0.01104	0.01561	0.01992	0.07921	0.38771	0.28224	0.04436	0.01018	0.00297	0.00438	0.07091	0.00686	0.00617
93	0.02822	0.02079	0.02228	0.01708	0.02302	0.02302	0.01411	0.66804	0.03490	0.04679	0.01782	0.01782	0.01262	0.00891	0.00743	0.00223	0.00817	0.00668	0.00743	0.01262
94	0.02822	0.02079	0.02228	0.01708	0.02302	0.02302	0.01411	0.66804	0.03490	0.04679	0.01782	0.01782	0.01262	0.00891	0.00743	0.00223	0.00817	0.00668	0.00743	0.01262
95	0.01638	0.00892	0.01139	0.01001	0.01287	0.00795	0.00769	0.01925	0.01982	0.20749	0.37157	0.04959	0.15688	0.05469	0.01004	0.00263	0.00451	0.01204	0.00803	0.00826
96	0.00995	0.00799	0.00861	0.00845	0.01071	0.00710	0.00625	0.03899	0.01776	0.02222	0.15390	0.12396	0.48926	0.04924	0.01002	0.00272	0.00411	0.01524	0.00699	0.00654
97	0.02058	0.01279	0.01361	0.01132	0.01495	0.01361	0.00907	0.28081	0.02364	0.06769	0.02188	0.02358	0.01641	0.00878	0.00620	0.00196	0.00550	0.00685	0.43126	0.00950
98	0.06134	0.01270	0.01699	0.01308	0.01878	0.01112	0.01080	0.03565	0.02093	0.67337	0.02859	0.02478	0.01799	0.00910	0.00736	0.00230	0.00630	0.00734	0.00902	0.01246
99	0.01384	0.00692	0.00692	0.00692	0.00865	0.00692	0.00519	0.01730	0.01557	0.02768	0.02422	0.02768	0.01903	0.00865	0.00519	0.00173	0.00346	0.00692	0.78031	0.00692
100	0.03246	0.01400	0.01807	0.01386	0.01963	0.01294	0.01145	0.14192	0.02353	0.58896	0.02737	0.02402	0.01741	0.00914	0.00746	0.00229	0.00663	0.00733	0.00889	0.01263
101	0.42186	0.01715	0.01436	0.01229	0.01698	0.13061	0.00987	0.02692	0.01677	0.21866	0.03966	0.01754	0.01339	0.00796	0.00590	0.00223	0.00711	0.00545	0.00589	0.00940
102	0.00967	0.00707	0.00953	0.03308	0.01269	0.00677	0.00801	0.01149	0.01503	0.01988	0.06541	0.56001	0.07858	0.02184	0.00946	0.00301	0.00480	0.11058	0.00682	0.00626
103	0.06564	0.01316	0.01724	0.01328	0.01898	0.01184	0.01097	0.07093	0.02164	0.63290	0.02783	0.02428	0.01761	0.00907	0.00734	0.00229	0.00640	0.00727	0.00889	0.01244
104	0.03170	0.01354	0.01758	0.01366	0.01929	0.01246	0.01123	0.08540	0.07592	0.59316	0.02848	0.02489	0.01828	0.00924	0.00747	0.00231	0.00642	0.00748	0.00892	0.01256
105	0.01050	0.00772	0.01035	0.01236	0.04423	0.00746	0.00807	0.03906	0.01519	0.02032	0.03781	0.61298	0.04453	0.05275	0.01054	0.00314	0.00492	0.04485	0.00665	0.00655
106	0.00971	0.00857	0.00838	0.00851	0.01074	0.03651	0.00626	0.01159	0.01691	0.02030	0.09817	0.16329	0.53763	0.01878	0.00878	0.00255	0.00424	0.01587	0.00683	0.00637
107	0.01499	0.03771	0.67612	0.02154	0.03238	0.01730	0.05126	0.02352	0.01574	0.02352	0.01339	0.01584	0.00947	0.00702	0.00712	0.00236	0.01103	0.00561	0.00316	0.01094
108	0.79154	0.01436	0.01091	0.00976	0.01436	0.01665	0.00804	0.02182	0.01263	0.03331	0.01034	0.01206	0.00804	0.00689	0.00459	0.00230	0.00574	0.00402	0.00459	0.00804
109	0.01965	0.02067	0.02557	0.09401	0.41632	0.17280	0.01925	0.02435	0.05475	0.02261	0.01720	0.02045	0.04439	0.00770	0.00729	0.00219	0.00953	0.00674	0.00405	0.01048
110	0.01721	0.02221	0.12204	0.03008	0.03800	0.01859	0.58979	0.02375	0.01730	0.02375	0.01482	0.01951	0.01104	0.00635	0.00856	0.00249	0.01233	0.00837	0.00368	0.01013
111	0.01217	0.00834	0.01078	0.01041	0.01235	0.00798	0.00800	0.01633	0.05564	0.05987	0.47555	0.08984	0.05855	0.04533	0.01005	0.00272	0.00440	0.09653	0.00780	0.00736
112	0.01651	0.01679	0.02287	0.01953	0.01998	0.05020	0.03636	0.01834	0.01198	0.01804	0.01041	0.01679	0.01016	0.01438	0.05235	0.00354	0.64374	0.00656	0.00332	0.00814
113	0.05722	0.01269	0.01703	0.01310	0.01881	0.01109	0.01082	0.03573	0.02098	0.67697	0.02869	0.02485	0.01805	0.00912	0.00737	0.00230	0.00630	0.00736	0.00904	0.01249
114	0.00970	0.00741	0.00891	0.00884	0.01068	0.00662	0.00651	0.01234	0.01866	0.02491	0.38692	0.15281	0.28368	0.01754	0.00886	0.00249	0.00370	0.01525	0.00755	0.00662
115	0.01177	0.00886	0.01038	0.01011	0.01217	0.00848	0.00747	0.09308	0.01947	0.02580	0.23242	0.26762	0.22850	0.01793	0.00882	0.00258	0.00440	0.01561	0.00732	0.00719
116	0.01515	0.01056	0.01332	0.07545	0.01614	0.01223	0.00965	0.08748	0.01544	0.02335	0.01848	0.02621	0.01627	0.10847	0.05523	0.09655	0.12302	0.00730	0.26262	0.00709
117	0.01837	0.01764	0.03013	0.04557	0.69279	0.01764	0.02278	0.02278	0.01690	0.02425	0.01396	0.01837	0.01176	0.00661	0.00735	0.00220	0.00882	0.00661	0.00367	0.01176
118	0.02248	0.01699	0.01829	0.01531	0.02014	0.01893	0.01223	0.25240	0.38176	0.08566	0.02787	0.02604	0.04782	0.00999	0.00756	0.00240	0.00660	0.00806	0.00760	0.01188
119	0.79154	0.01436	0.01091	0.00976	0.01436	0.01665	0.00804	0.02182	0.01263	0.03331	0.01034	0.01206	0.00804	0.00689	0.00459	0.00230	0.00574	0.00402	0.00459	0.00804
120	0.01072	0.00727	0.00838	0.00838	0.00856	0.00733	0.00491	0.01098	0.01108	0.01479	0.02475	0.04779	0.04724	0.66310	0.08925	0.00742	0.00808	0.01073	0.00453	0.00472
121	0.56979	0.01277	0.01098	0.03671	0.01500	0.01446	0.00822	0.02086	0.01359	0.05694	0.01637	0.01829	0.04311	0.00967	0.03234	0.00262	0.00610	0.00532	0.09892	0.00795
