[name]
unknown

[dist]
# distance from previous block
# <min> <max>
0	4

[block]
# block no. 0 follows, 27 sequences, length 36
# corresponding to MSA columns:
# 4-39
name=unknown_A
#
# <colnr> <probs for GDERKNQSTAVLIFYWHMCP>
#	G	D	E	R	K	N	Q	S	T	A	V	L	I	F	Y	W	H	M	C	P
0	0.01180	0.00843	0.01178	0.01349	0.01512	0.00840	0.01168	0.01510	0.01693	0.02203	0.03940	0.11998	0.04308	0.02066	0.01021	0.00340	0.00669	0.60819	0.00684	0.00679
1	0.01820	0.01746	0.02981	0.07298	0.66676	0.01759	0.02270	0.02263	0.01682	0.02404	0.01393	0.01843	0.01168	0.00665	0.00735	0.00222	0.00886	0.00661	0.00366	0.01162
2	0.00894	0.00753	0.00778	0.00793	0.01032	0.00637	0.00600	0.01087	0.01682	0.02012	0.07209	0.09806	0.63280	0.01906	0.00887	0.00257	0.00393	0.04674	0.00689	0.00629
3	0.01051	0.00759	0.00992	0.00934	0.01109	0.00700	0.00700	0.01401	0.02101	0.02977	0.68888	0.05545	0.07005	0.01518	0.00876	0.00233	0.00350	0.01343	0.00817	0.00700
4	0.01975	0.01659	0.01751	0.01537	0.01979	0.01907	0.01206	0.12223	0.59451	0.03313	0.02858	0.02640	0.02134	0.00992	0.00754	0.00248	0.00618	0.00817	0.00754	0.01187
5	0.01061	0.00795	0.01193	0.01193	0.01326	0.00928	0.00928	0.01326	0.01193	0.01723	0.01988	0.02916	0.01856	0.05568	0.70968	0.01193	0.01988	0.00795	0.00398	0.00663
6	0.02773	0.03538	0.02104	0.01913	0.02295	0.70930	0.01434	0.02964	0.02104	0.01817	0.01148	0.01339	0.00956	0.00765	0.00669	0.00191	0.01339	0.00478	0.00383	0.00861
7	0.01051	0.00759	0.00992	0.00934	0.01109	0.00700	0.00700	0.01401	0.02101	0.02977	0.68888	0.05545	0.07005	0.01518	0.00876	0.00233	0.00350	0.01343	0.00817	0.00700
8	0.02773	0.03538	0.02104	0.01913	0.02295	0.70930	0.01434	0.02964	0.02104	0.01817	0.01148	0.01339	0.00956	0.00765	0.00669	0.00191	0.01339	0.00478	0.00383	0.00861
9	0.79154	0.01436	0.01091	0.00976	0.01436	0.01665	0.00804	0.02182	0.01263	0.03331	0.01034	0.01206	0.00804	0.00689	0.00459	0.00230	0.00574	0.00402	0.00459	0.00804
10	0.00903	0.00652	0.00855	0.01018	0.01073	0.00604	0.00682	0.01035	0.01436	0.01901	0.04283	0.69733	0.08479	0.02301	0.00944	0.00299	0.00428	0.02080	0.00689	0.00604
11	0.01402	0.01319	0.02227	0.72126	0.05113	0.01649	0.02062	0.01897	0.01484	0.01897	0.01319	0.01979	0.00990	0.00742	0.00742	0.00247	0.00990	0.00660	0.00330	0.00825
12	0.01697	0.01699	0.03025	0.02165	0.02869	0.01495	0.34648	0.04576	0.01722	0.02483	0.01431	0.01786	0.01119	0.00602	0.00725	0.00186	0.00920	0.00673	0.00418	0.35761
13	0.01402	0.01319	0.02227	0.72126	0.05113	0.01649	0.02062	0.01897	0.01484	0.01897	0.01319	0.01979	0.00990	0.00742	0.00742	0.00247	0.00990	0.00660	0.00330	0.00825
14	0.00924	0.00754	0.00817	0.00801	0.01031	0.00646	0.00601	0.01155	0.01802	0.02266	0.23986	0.06715	0.52350	0.01783	0.00877	0.00246	0.00369	0.01507	0.00724	0.00646
15	0.02673	0.01942	0.02605	0.01949	0.02573	0.02034	0.15034	0.43933	0.02924	0.13839	0.01893	0.01939	0.01319	0.00840	0.00771	0.00230	0.00881	0.00724	0.00692	0.01208
16	0.01752	0.02003	0.04380	0.03129	0.03880	0.01877	0.66583	0.02378	0.01752	0.02378	0.01502	0.02003	0.01126	0.00626	0.00876	0.00250	0.01252	0.00876	0.00375	0.01001
17	0.01117	0.00803	0.00996	0.00971	0.00997	0.00878	0.00633	0.01181	0.01106	0.01521	0.02167	0.04233	0.02403	0.55022	0.16829	0.00782	0.06420	0.00991	0.00430	0.00519
18	0.66276	0.10975	0.04010	0.01057	0.01562	0.01832	0.00936	0.02194	0.01306	0.03089	0.01045	0.01217	0.00828	0.00683	0.00471	0.00221	0.00622	0.00407	0.00436	0.00834
19	0.02760	0.02019	0.02161	0.01664	0.02240	0.02233	0.01372	0.63988	0.03407	0.04596	0.01810	0.01825	0.01290	0.00890	0.00733	0.00221	0.00797	0.00669	0.04087	0.01238
20	0.00904	0.00646	0.00861	0.01034	0.01077	0.00603	0.00689	0.01034	0.01421	0.01895	0.04092	0.73426	0.04910	0.02326	0.00948	0.00301	0.00431	0.02110	0.00689	0.00603
21	0.01290	0.01029	0.01409	0.18673	0.02270	0.01076	0.01122	0.08119	0.01662	0.02236	0.02887	0.41080	0.03178	0.01606	0.00835	0.00261	0.00621	0.01434	0.00581	0.08634
22	0.01961	0.01998	0.02893	0.04208	0.60458	0.10873	0.02167	0.02369	0.01745	0.02345	0.01364	0.01772	0.01147	0.00675	0.00726	0.00217	0.00942	0.00637	0.00369	0.01134
23	0.00913	0.00650	0.00859	0.01023	0.01064	0.00609	0.00677	0.01036	0.01404	0.01873	0.04005	0.70042	0.04801	0.05858	0.01087	0.00322	0.00445	0.02060	0.00677	0.00595
24	0.00904	0.00646	0.00861	0.01034	0.01077	0.00603	0.00689	0.01034	0.01421	0.01895	0.04092	0.73426	0.04910	0.02326	0.00948	0.00301	0.00431	0.02110	0.00689	0.00603
25	0.02270	0.41534	0.03065	0.01542	0.02058	0.25556	0.01343	0.05704	0.04248	0.01967	0.01179	0.01345	0.01019	0.00731	0.00643	0.00183	0.03834	0.00464	0.00377	0.00940
26	0.02822	0.02079	0.02228	0.01708	0.02302	0.02302	0.01411	0.66804	0.03490	0.04679	0.01782	0.01782	0.01262	0.00891	0.00743	0.00223	0.00817	0.00668	0.00743	0.01262
27	0.01004	0.00688	0.00832	0.00907	0.00926	0.00669	0.00554	0.01060	0.01228	0.01637	0.03099	0.34609	0.03658	0.42851	0.02550	0.00538	0.00594	0.01527	0.00554	0.00516
28	0.01985	0.74357	0.03890	0.01270	0.01905	0.02937	0.01270	0.02223	0.01508	0.01747	0.01032	0.01191	0.00953	0.00635	0.00476	0.00159	0.00794	0.00397	0.00318	0.00953
29	0.03309	0.01299	0.01745	0.01338	0.01913	0.01143	0.01105	0.06345	0.02184	0.66983	0.02879	0.02495	0.01813	0.00918	0.00746	0.00229	0.00640	0.00743	0.00911	0.01263
30	0.01985	0.74357	0.03890	0.01270	0.01905	0.02937	0.01270	0.02223	0.01508	0.01747	0.01032	0.01191	0.00953	0.00635	0.00476	0.00159	0.00794	0.00397	0.00318	0.00953
31	0.00885	0.00752	0.00762	0.00760	0.01007	0.00630	0.00570	0.01080	0.01710	0.02047	0.10165	0.07076	0.66308	0.01864	0.00877	0.00250	0.00375	0.01557	0.00695	0.00630
32	0.00881	0.00738	0.00766	0.00789	0.01012	0.00624	0.00581	0.01061	0.01656	0.01991	0.07069	0.15873	0.60541	0.01939	0.00887	0.00257	0.00383	0.01638	0.00689	0.00624
33	0.01384	0.00692	0.00692	0.00692	0.00865	0.00692	0.00519	0.01730	0.01557	0.02768	0.02422	0.02768	0.01903	0.00865	0.00519	0.00173	0.00346	0.00692	0.78031	0.00692
34	0.01031	0.00723	0.00819	0.00827	0.00886	0.00694	0.00507	0.01100	0.01290	0.01693	0.08796	0.10297	0.14224	0.50773	0.02851	0.00571	0.00611	0.01257	0.00537	0.00511
35	0.01752	0.02003	0.04380	0.03129	0.03880	0.01877	0.66583	0.02378	0.01752	0.02378	0.01502	0.02003	0.01126	0.00626	0.00876	0.00250	0.01252	0.00876	0.00375	0.01001

[dist]
# distance from previous block
# <min> <max>
0	10

[block]
# block no. 1 follows, 27 sequences, length 26
# corresponding to MSA columns:
# 50-75
name=unknown_B
#
# <colnr> <probs for GDERKNQSTAVLIFYWHMCP>
#	G	D	E	R	K	N	Q	S	T	A	V	L	I	F	Y	W	H	M	C	P
0	0.01489	0.03840	0.70064	0.02116	0.03213	0.01724	0.02743	0.02351	0.01567	0.02351	0.01332	0.01567	0.00940	0.00705	0.00705	0.00235	0.01097	0.00549	0.00313	0.01097
1	0.01776	0.01533	0.01611	0.01455	0.01863	0.01758	0.01130	0.03735	0.63106	0.03025	0.03350	0.03089	0.07132	0.01071	0.00764	0.00252	0.00572	0.00892	0.00751	0.01135
2	0.01837	0.01764	0.03013	0.04557	0.69279	0.01764	0.02278	0.02278	0.01690	0.02425	0.01396	0.01837	0.01176	0.00661	0.00735	0.00220	0.00882	0.00661	0.00367	0.01176
3	0.01044	0.00751	0.00961	0.01083	0.01166	0.00727	0.00742	0.05831	0.01572	0.02098	0.03923	0.68200	0.04644	0.02221	0.00933	0.00296	0.00459	0.02005	0.00693	0.00651
4	0.01951	0.01552	0.02135	0.40524	0.03785	0.01795	0.01717	0.20590	0.06939	0.06596	0.01665	0.01996	0.01212	0.00807	0.00737	0.00235	0.00876	0.00673	0.00515	0.03701
5	0.01520	0.01440	0.02439	0.53863	0.22456	0.01680	0.02120	0.02000	0.01540	0.02040	0.01340	0.01941	0.01040	0.00720	0.00740	0.00240	0.00961	0.00660	0.00340	0.00920
6	0.01792	0.02019	0.03730	0.02769	0.03318	0.06712	0.46868	0.02279	0.01632	0.02201	0.01354	0.01868	0.01079	0.00793	0.01228	0.00264	0.17987	0.00796	0.00364	0.00947
7	0.01623	0.22900	0.52178	0.01887	0.02860	0.02052	0.02345	0.02316	0.01551	0.02188	0.01251	0.01466	0.00944	0.00686	0.00643	0.00214	0.01015	0.00508	0.00315	0.01058
8	0.00903	0.00653	0.00854	0.01014	0.01072	0.00605	0.00681	0.01036	0.01440	0.01903	0.04327	0.68874	0.09310	0.02295	0.00943	0.00298	0.00427	0.02073	0.00689	0.00605
9	0.01743	0.01530	0.01965	0.27744	0.05621	0.01799	0.01559	0.07096	0.36849	0.02733	0.02254	0.02381	0.01690	0.00889	0.00749	0.00247	0.00762	0.00756	0.00583	0.01051
10	0.03252	0.01390	0.01801	0.01381	0.01958	0.01280	0.01141	0.13454	0.02337	0.59657	0.02750	0.02411	0.01748	0.00915	0.00746	0.00229	0.00661	0.00734	0.00891	0.01263
11	0.01985	0.74357	0.03890	0.01270	0.01905	0.02937	0.01270	0.02223	0.01508	0.01747	0.01032	0.01191	0.00953	0.00635	0.00476	0.00159	0.00794	0.00397	0.00318	0.00953
12	0.00931	0.00666	0.00889	0.01045	0.01105	0.00624	0.00718	0.01088	0.01485	0.01989	0.08615	0.65035	0.05021	0.02254	0.00947	0.00299	0.00439	0.05539	0.00698	0.00614
13	0.01542	0.00915	0.01153	0.01026	0.01308	0.00845	0.00792	0.01972	0.06353	0.16429	0.42879	0.04967	0.14030	0.01412	0.00842	0.00236	0.00426	0.01219	0.00817	0.00836
14	0.01235	0.00987	0.01323	0.16319	0.02135	0.01038	0.01140	0.03963	0.04907	0.02224	0.08727	0.05593	0.22036	0.01620	0.00993	0.04651	0.00635	0.19147	0.00604	0.00723
15	0.03221	0.01239	0.01688	0.01302	0.01857	0.01072	0.01072	0.03511	0.02124	0.66567	0.06114	0.02673	0.02087	0.00948	0.00753	0.00230	0.00618	0.00775	0.00914	0.01236
16	0.04917	0.50206	0.23709	0.01513	0.02280	0.02521	0.01695	0.02260	0.01516	0.01992	0.01123	0.01305	0.00943	0.00658	0.00545	0.00185	0.00876	0.00443	0.00322	0.00990
17	0.79154	0.01436	0.01091	0.00976	0.01436	0.01665	0.00804	0.02182	0.01263	0.03331	0.01034	0.01206	0.00804	0.00689	0.00459	0.00230	0.00574	0.00402	0.00459	0.00804
18	0.01061	0.00795	0.01193	0.01193	0.01326	0.00928	0.00928	0.01326	0.01193	0.01723	0.01988	0.02916	0.01856	0.05568	0.70968	0.01193	0.01988	0.00795	0.00398	0.00663
19	0.01489	0.03840	0.70064	0.02116	0.03213	0.01724	0.02743	0.02351	0.01567	0.02351	0.01332	0.01567	0.00940	0.00705	0.00705	0.00235	0.01097	0.00549	0.00313	0.01097
20	0.02761	0.02049	0.02194	0.01696	0.02279	0.02274	0.01396	0.62875	0.07519	0.04580	0.01860	0.01844	0.01325	0.00898	0.00743	0.00225	0.00803	0.00679	0.00743	0.01257
21	0.01080	0.00720	0.00810	0.00810	0.00810	0.00720	0.00450	0.01080	0.01080	0.01439	0.02339	0.04858	0.02699	0.73910	0.03779	0.00720	0.00720	0.01080	0.00450	0.00450
22	0.01078	0.00722	0.00821	0.00817	0.00828	0.00719	0.00465	0.01100	0.01143	0.01536	0.06499	0.04901	0.02968	0.69386	0.03597	0.00689	0.00697	0.01096	0.00473	0.00465
23	0.02822	0.02079	0.02228	0.01708	0.02302	0.02302	0.01411	0.66804	0.03490	0.04679	0.01782	0.01782	0.01262	0.00891	0.00743	0.00223	0.00817	0.00668	0.00743	0.01262
24	0.01384	0.00692	0.00692	0.00692	0.00865	0.00692	0.00519	0.01730	0.01557	0.02768	0.02422	0.02768	0.01903	0.00865	0.00519	0.00173	0.00346	0.00692	0.78031	0.00692
25	0.01779	0.01462	0.01534	0.01391	0.01774	0.01677	0.01079	0.03620	0.58213	0.03056	0.02934	0.02769	0.02213	0.00986	0.00721	0.00240	0.00552	0.00818	0.12077	0.01104

[dist]
# distance from previous block
# <min> <max>
3	9

[block]
# block no. 2 follows, 27 sequences, length 36
# corresponding to MSA columns:
# 85-120
name=unknown_C
#
# <colnr> <probs for GDERKNQSTAVLIFYWHMCP>
#	G	D	E	R	K	N	Q	S	T	A	V	L	I	F	Y	W	H	M	C	P
0	0.02003	0.01460	0.01613	0.01417	0.01840	0.01600	0.01121	0.08148	0.43736	0.12600	0.05382	0.03332	0.07341	0.01115	0.00778	0.00250	0.00592	0.03784	0.00771	0.01116
1	0.74760	0.01426	0.01128	0.00996	0.01462	0.01632	0.00821	0.02265	0.01313	0.07182	0.01143	0.01282	0.00864	0.00702	0.00476	0.00230	0.00578	0.00422	0.00486	0.00831
2	0.01061	0.00795	0.01193	0.01193	0.01326	0.00928	0.00928	0.01326	0.01193	0.01723	0.01988	0.02916	0.01856	0.05568	0.70968	0.01193	0.01988	0.00795	0.00398	0.00663
3	0.02822	0.02079	0.02228	0.01708	0.02302	0.02302	0.01411	0.66804	0.03490	0.04679	0.01782	0.01782	0.01262	0.00891	0.00743	0.00223	0.00817	0.00668	0.00743	0.01262
4	0.79154	0.01436	0.01091	0.00976	0.01436	0.01665	0.00804	0.02182	0.01263	0.03331	0.01034	0.01206	0.00804	0.00689	0.00459	0.00230	0.00574	0.00402	0.00459	0.00804
5	0.01051	0.00759	0.00992	0.00934	0.01109	0.00700	0.00700	0.01401	0.02101	0.02977	0.68888	0.05545	0.07005	0.01518	0.00876	0.00233	0.00350	0.01343	0.00817	0.00700
6	0.03010	0.01197	0.01596	0.01246	0.01778	0.01030	0.01022	0.03284	0.02068	0.60934	0.03529	0.03130	0.10612	0.01044	0.00764	0.00232	0.00598	0.00854	0.00889	0.01180
7	0.01846	0.01595	0.01679	0.01511	0.01930	0.01846	0.01175	0.03945	0.67938	0.03105	0.03022	0.02770	0.02266	0.01007	0.00755	0.00252	0.00588	0.00839	0.00755	0.01175
8	0.01080	0.00720	0.00810	0.00810	0.00810	0.00720	0.00450	0.01080	0.01080	0.01439	0.02339	0.04858	0.02699	0.73910	0.03779	0.00720	0.00720	0.01080	0.00450	0.00450
9	0.01384	0.00692	0.00692	0.00692	0.00865	0.00692	0.00519	0.01730	0.01557	0.02768	0.02422	0.02768	0.01903	0.00865	0.00519	0.00173	0.00346	0.00692	0.78031	0.00692
10	0.01430	0.01348	0.02277	0.67828	0.09195	0.01657	0.02075	0.01921	0.01498	0.01930	0.01324	0.01970	0.01001	0.00737	0.00742	0.00246	0.00983	0.00660	0.00332	0.00847
11	0.01051	0.00759	0.00992	0.00934	0.01109	0.00700	0.00700	0.01401	0.02101	0.02977	0.68888	0.05545	0.07005	0.01518	0.00876	0.00233	0.00350	0.01343	0.00817	0.00700
12	0.01897	0.01877	0.02955	0.04388	0.65018	0.06164	0.02225	0.02322	0.01717	0.02387	0.01381	0.01806	0.01162	0.00668	0.00731	0.00219	0.00911	0.00650	0.00368	0.01156
13	0.02758	0.02018	0.02160	0.01663	0.02238	0.02231	0.01371	0.63915	0.03405	0.04594	0.01811	0.01826	0.01291	0.00890	0.00733	0.00221	0.00796	0.00669	0.04174	0.01237
14	0.03258	0.01266	0.01715	0.01312	0.01890	0.01087	0.01083	0.03547	0.02101	0.67069	0.02864	0.02487	0.01808	0.00904	0.00739	0.00225	0.00628	0.00734	0.00899	0.04385
15	0.01397	0.00967	0.01068	0.00973	0.01081	0.01008	0.00625	0.13035	0.01518	0.02029	0.02238	0.04299	0.02438	0.60628	0.03226	0.00629	0.00737	0.01005	0.00503	0.00598
16	0.02394	0.01834	0.01924	0.01578	0.02041	0.05368	0.01267	0.48657	0.02961	0.03914	0.02270	0.15575	0.02053	0.01201	0.00789	0.00241	0.00765	0.03362	0.00712	0.01095
17	0.02822	0.02079	0.02228	0.01708	0.02302	0.02302	0.01411	0.66804	0.03490	0.04679	0.01782	0.01782	0.01262	0.00891	0.00743	0.00223	0.00817	0.00668	0.00743	0.01262
18	0.02105	0.09944	0.01837	0.01428	0.01792	0.28595	0.01117	0.05057	0.13599	0.02431	0.05987	0.02177	0.01789	0.00868	0.00645	0.00198	0.00842	0.00642	0.18054	0.00893
19	0.01489	0.03840	0.70064	0.02116	0.03213	0.01724	0.02743	0.02351	0.01567	0.02351	0.01332	0.01567	0.00940	0.00705	0.00705	0.00235	0.01097	0.00549	0.00313	0.01097
20	0.01342	0.00857	0.01086	0.00987	0.01229	0.00791	0.00754	0.01747	0.05042	0.10903	0.51505	0.05226	0.12714	0.01461	0.00855	0.00236	0.00397	0.01272	0.00813	0.00782
21	0.03331	0.01263	0.01723	0.01321	0.01895	0.01091	0.01091	0.03618	0.02125	0.69794	0.02929	0.02527	0.01838	0.00919	0.00747	0.00230	0.00632	0.00747	0.00919	0.01263
22	0.00904	0.00646	0.00861	0.01034	0.01077	0.00603	0.00689	0.01034	0.01421	0.01895	0.04092	0.73426	0.04910	0.02326	0.00948	0.00301	0.00431	0.02110	0.00689	0.00603
23	0.01539	0.01319	0.01539	0.01100	0.01759	0.00990	0.00880	0.01869	0.01539	0.02419	0.01319	0.01539	0.01100	0.00550	0.00550	0.00110	0.00550	0.00440	0.00440	0.78449
24	0.01004	0.00789	0.01036	0.00983	0.01184	0.00711	0.03309	0.01283	0.01860	0.02495	0.37771	0.16340	0.25050	0.01715	0.00887	0.00250	0.00407	0.01509	0.00741	0.00675
25	0.05818	0.09279	0.02008	0.03553	0.02029	0.01509	0.01172	0.10964	0.05150	0.47026	0.02470	0.02238	0.01628	0.00875	0.00706	0.00223	0.00678	0.00688	0.00790	0.01195
26	0.03331	0.01263	0.01723	0.01321	0.01895	0.01091	0.01091	0.03618	0.02125	0.69794	0.02929	0.02527	0.01838	0.00919	0.00747	0.00230	0.00632	0.00747	0.00919	0.01263
27	0.01501	0.03756	0.67061	0.02162	0.03244	0.01731	0.05661	0.02352	0.01576	0.02352	0.01340	0.01587	0.00949	0.00702	0.00713	0.00236	0.01104	0.00564	0.00316	0.01093
28	0.01489	0.03840	0.70064	0.02116	0.03213	0.01724	0.02743	0.02351	0.01567	0.02351	0.01332	0.01567	0.00940	0.00705	0.00705	0.00235	0.01097	0.00549	0.00313	0.01097
29	0.79154	0.01436	0.01091	0.00976	0.01436	0.01665	0.00804	0.02182	0.01263	0.03331	0.01034	0.01206	0.00804	0.00689	0.00459	0.00230	0.00574	0.00402	0.00459	0.00804
30	0.01056	0.00724	0.00803	0.00803	0.00833	0.00709	0.00463	0.01078	0.01152	0.01507	0.02954	0.05129	0.10564	0.65363	0.03434	0.00664	0.00679	0.01137	0.00478	0.00471
31	0.01895	0.01619	0.01706	0.01521	0.01949	0.01869	0.01187	0.07098	0.64705	0.03184	0.02959	0.02720	0.02216	0.01001	0.00755	0.00250	0.00599	0.00831	0.00755	0.01179
32	0.79154	0.01436	0.01091	0.00976	0.01436	0.01665	0.00804	0.02182	0.01263	0.03331	0.01034	0.01206	0.00804	0.00689	0.00459	0.00230	0.00574	0.00402	0.00459	0.00804
33	0.00919	0.00657	0.00874	0.01024	0.01080	0.00613	0.00690	0.01070	0.01489	0.02003	0.10536	0.66675	0.05118	0.02245	0.00940	0.00295	0.00423	0.02034	0.00702	0.00613
34	0.00964	0.00691	0.00919	0.01024	0.01113	0.00646	0.00722	0.01171	0.01638	0.02233	0.23169	0.49661	0.05490	0.02072	0.00931	0.00284	0.00422	0.05487	0.00727	0.00636
35	0.15279	0.07594	0.27902	0.04058	0.05229	0.11825	0.01840	0.08602	0.01813	0.07328	0.01391	0.01559	0.01025	0.00738	0.00651	0.00221	0.00951	0.00536	0.00435	0.01025

[dist]
# distance from previous block
# <min> <max>
2	12

[block]
# block no. 3 follows, 27 sequences, length 162
# corresponding to MSA columns:
# 133-294
name=unknown_D
#
# <colnr> <probs for GDERKNQSTAVLIFYWHMCP>
#	G	D	E	R	K	N	Q	S	T	A	V	L	I	F	Y	W	H	M	C	P
0	0.05119	0.01608	0.07530	0.01331	0.01896	0.01341	0.01148	0.16853	0.02025	0.12796	0.01982	0.08997	0.01684	0.04944	0.00851	0.00222	0.00669	0.00745	0.00594	0.27667
1	0.02293	0.01392	0.01693	0.04528	0.04462	0.01431	0.01131	0.18948	0.09700	0.22493	0.08957	0.03089	0.05161	0.09977	0.01137	0.00292	0.00672	0.00863	0.00732	0.01049
2	0.01189	0.04887	0.01170	0.01044	0.03201	0.00863	0.00776	0.01477	0.01851	0.04740	0.34332	0.05524	0.20848	0.04893	0.00974	0.00261	0.00449	0.06063	0.04742	0.00716
3	0.05187	0.04316	0.01650	0.01285	0.01757	0.01151	0.01070	0.03021	0.04805	0.45989	0.09242	0.03545	0.02620	0.01119	0.00777	0.00244	0.00615	0.09685	0.00828	0.01096
4	0.04252	0.19238	0.48907	0.01955	0.02906	0.02000	0.06414	0.02319	0.01556	0.02252	0.01267	0.01499	0.00950	0.00684	0.00657	0.00219	0.01022	0.00531	0.00323	0.01049
5	0.61978	0.06936	0.01328	0.01031	0.01448	0.01691	0.00857	0.02092	0.01299	0.03045	0.01239	0.04412	0.01061	0.00793	0.00577	0.00229	0.03927	0.00503	0.04753	0.00801
6	0.00930	0.00783	0.03833	0.01080	0.01168	0.00651	0.00777	0.01090	0.01428	0.01915	0.03973	0.70340	0.04740	0.02256	0.00937	0.00299	0.00459	0.02043	0.00673	0.00624
7	0.01518	0.06623	0.60139	0.02174	0.05913	0.01748	0.04480	0.02312	0.01593	0.02350	0.03569	0.01708	0.01158	0.00725	0.00707	0.00232	0.01055	0.00583	0.00334	0.01078
8	0.05559	0.09171	0.49506	0.01752	0.02625	0.01655	0.02153	0.02230	0.01545	0.02419	0.01470	0.01713	0.01092	0.00725	0.00643	0.00218	0.00921	0.00552	0.13049	0.01003
9	0.01087	0.00730	0.00865	0.00865	0.00891	0.00751	0.00526	0.01140	0.01113	0.01528	0.02288	0.04487	0.02542	0.60868	0.14048	0.00774	0.00903	0.01022	0.03079	0.00491
10	0.02521	0.07068	0.16676	0.01749	0.02440	0.05706	0.01662	0.41096	0.02785	0.08596	0.01690	0.01730	0.01200	0.00831	0.00714	0.00220	0.00889	0.00621	0.00619	0.01187
11	0.01707	0.01676	0.02714	0.30465	0.39563	0.04695	0.04208	0.02164	0.01631	0.02194	0.01359	0.01876	0.01093	0.00696	0.00739	0.00231	0.00955	0.00660	0.00354	0.01021
12	0.01810	0.49460	0.27254	0.01569	0.02367	0.02509	0.01790	0.02268	0.01529	0.01960	0.01138	0.01324	0.00948	0.00660	0.00557	0.00186	0.00901	0.00450	0.00316	0.01004
13	0.05074	0.03568	0.63262	0.02001	0.03021	0.01668	0.02546	0.02294	0.01581	0.02429	0.04837	0.01758	0.01250	0.00747	0.00703	0.00235	0.01034	0.00583	0.00346	0.01063
14	0.00917	0.00655	0.00876	0.01048	0.01097	0.00614	0.00711	0.01055	0.01434	0.01909	0.04085	0.70631	0.04883	0.02314	0.00951	0.00303	0.00442	0.04781	0.00689	0.00606
15	0.00925	0.00671	0.00878	0.01026	0.01098	0.00623	0.00708	0.01081	0.01490	0.01972	0.07355	0.61606	0.09862	0.02239	0.00943	0.00297	0.00437	0.05480	0.00695	0.00614
16	0.01918	0.01889	0.02828	0.12390	0.42338	0.08210	0.07417	0.07205	0.01846	0.02464	0.01479	0.02019	0.01229	0.00738	0.00751	0.00228	0.00958	0.02611	0.00403	0.01079
17	0.01054	0.00760	0.00928	0.00903	0.01098	0.00679	0.00671	0.01328	0.01900	0.04685	0.40833	0.13835	0.25188	0.01701	0.00880	0.00246	0.00376	0.01480	0.00767	0.00685
18	0.01985	0.74357	0.03890	0.01270	0.01905	0.02937	0.01270	0.02223	0.01508	0.01747	0.01032	0.01191	0.00953	0.00635	0.00476	0.00159	0.00794	0.00397	0.00318	0.00953
19	0.10907	0.02074	0.02436	0.01862	0.02455	0.05741	0.11554	0.46400	0.02905	0.04023	0.01624	0.01731	0.01176	0.00821	0.00729	0.00226	0.00886	0.00662	0.00636	0.01151
20	0.01489	0.03840	0.70064	0.02116	0.03213	0.01724	0.02743	0.02351	0.01567	0.02351	0.01332	0.01567	0.00940	0.00705	0.00705	0.00235	0.01097	0.00549	0.00313	0.01097
21	0.79154	0.01436	0.01091	0.00976	0.01436	0.01665	0.00804	0.02182	0.01263	0.03331	0.01034	0.01206	0.00804	0.00689	0.00459	0.00230	0.00574	0.00402	0.00459	0.00804
22	0.01402	0.01319	0.02227	0.72126	0.05113	0.01649	0.02062	0.01897	0.01484	0.01897	0.01319	0.01979	0.00990	0.00742	0.00742	0.00247	0.00990	0.00660	0.00330	0.00825
23	0.01384	0.00692	0.00692	0.00692	0.00865	0.00692	0.00519	0.01730	0.01557	0.02768	0.02422	0.02768	0.01903	0.00865	0.00519	0.00173	0.00346	0.00692	0.78031	0.00692
24	0.00923	0.00736	0.00827	0.00841	0.01040	0.00640	0.00617	0.01140	0.01745	0.02218	0.21543	0.17619	0.43757	0.01867	0.00888	0.00255	0.00379	0.01603	0.00720	0.00640
25	0.00905	0.00753	0.00791	0.00781	0.01020	0.00639	0.00586	0.01120	0.01758	0.02163	0.17449	0.06886	0.58952	0.01821	0.00877	0.00248	0.00372	0.01530	0.00710	0.00639
26	0.01846	0.01595	0.01679	0.01511	0.01930	0.01846	0.01175	0.03945	0.67938	0.03105	0.03022	0.02770	0.02266	0.01007	0.00755	0.00252	0.00588	0.00839	0.00755	0.01175
27	0.01985	0.74357	0.03890	0.01270	0.01905	0.02937	0.01270	0.02223	0.01508	0.01747	0.01032	0.01191	0.00953	0.00635	0.00476	0.00159	0.00794	0.00397	0.00318	0.00953
28	0.01624	0.01624	0.02274	0.01949	0.01949	0.02274	0.01624	0.01787	0.01137	0.01787	0.00975	0.01624	0.00975	0.01299	0.02436	0.00325	0.72552	0.00650	0.00325	0.00812
29	0.69922	0.01456	0.01187	0.01059	0.01495	0.01705	0.00868	0.02300	0.06347	0.03247	0.01183	0.01343	0.00923	0.00740	0.00567	0.00235	0.03667	0.00446	0.00476	0.00833
30	0.01624	0.01624	0.02274	0.01949	0.01949	0.02274	0.01624	0.01787	0.01137	0.01787	0.00975	0.01624	0.00975	0.01299	0.02436	0.00325	0.72552	0.00650	0.00325	0.00812
31	0.01080	0.00720	0.00810	0.00810	0.00810	0.00720	0.00450	0.01080	0.01080	0.01439	0.02339	0.04858	0.02699	0.73910	0.03779	0.00720	0.00720	0.01080	0.00450	0.00450
32	0.01044	0.00759	0.00983	0.00927	0.01105	0.00698	0.00695	0.01388	0.02086	0.02940	0.66551	0.05606	0.09364	0.01531	0.00876	0.00234	0.00351	0.01351	0.00812	0.00698
33	0.00922	0.00664	0.00875	0.01013	0.01079	0.00616	0.00687	0.01081	0.01516	0.02035	0.12395	0.62842	0.07101	0.02210	0.00936	0.00291	0.00419	0.01997	0.00705	0.00616
34	0.01080	0.00720	0.00810	0.00810	0.00810	0.00720	0.00450	0.01080	0.01080	0.01439	0.02339	0.04858	0.02699	0.73910	0.03779	0.00720	0.00720	0.01080	0.00450	0.00450
35	0.02773	0.03538	0.02104	0.01913	0.02295	0.70930	0.01434	0.02964	0.02104	0.01817	0.01148	0.01339	0.00956	0.00765	0.00669	0.00191	0.01339	0.00478	0.00383	0.00861
36	0.00949	0.00728	0.00870	0.00892	0.01061	0.00648	0.00647	0.01182	0.01776	0.02340	0.29540	0.23475	0.29495	0.01859	0.00895	0.00257	0.00380	0.01622	0.00737	0.00648
37	0.01061	0.00795	0.01193	0.01193	0.01326	0.00928	0.00928	0.01326	0.01193	0.01723	0.01988	0.02916	0.01856	0.05568	0.70968	0.01193	0.01988	0.00795	0.00398	0.00663
38	0.79154	0.01436	0.01091	0.00976	0.01436	0.01665	0.00804	0.02182	0.01263	0.03331	0.01034	0.01206	0.00804	0.00689	0.00459	0.00230	0.00574	0.00402	0.00459	0.00804
39	0.01539	0.01319	0.01539	0.01100	0.01759	0.00990	0.00880	0.01869	0.01539	0.02419	0.01319	0.01539	0.01100	0.00550	0.00550	0.00110	0.00550	0.00440	0.00440	0.78449
40	0.01402	0.01319	0.02227	0.72126	0.05113	0.01649	0.02062	0.01897	0.01484	0.01897	0.01319	0.01979	0.00990	0.00742	0.00742	0.00247	0.00990	0.00660	0.00330	0.00825
41	0.03224	0.01240	0.01689	0.01303	0.01858	0.01073	0.01073	0.03515	0.02124	0.66679	0.06003	0.02667	0.02079	0.00947	0.00753	0.00230	0.00619	0.00774	0.00914	0.01237
42	0.07676	0.17175	0.14287	0.01291	0.01824	0.01506	0.01269	0.02196	0.01818	0.14322	0.25420	0.03034	0.03235	0.01014	0.00705	0.00217	0.00647	0.00821	0.00610	0.00933
43	0.05608	0.04029	0.02251	0.04932	0.02347	0.01679	0.11872	0.23993	0.02306	0.13757	0.01870	0.01997	0.01350	0.00791	0.00698	0.00210	0.00772	0.00674	0.10119	0.08746
44	0.04555	0.56898	0.11808	0.01422	0.02086	0.08824	0.01451	0.02304	0.01561	0.01880	0.01080	0.01251	0.00947	0.00657	0.00521	0.00173	0.00873	0.00423	0.00328	0.00957
45	0.01985	0.74357	0.03890	0.01270	0.01905	0.02937	0.01270	0.02223	0.01508	0.01747	0.01032	0.01191	0.00953	0.00635	0.00476	0.00159	0.00794	0.00397	0.00318	0.00953
46	0.02355	0.01671	0.04712	0.01493	0.02013	0.01678	0.01242	0.18361	0.28565	0.19090	0.06230	0.02541	0.02096	0.00959	0.00748	0.00233	0.00659	0.00779	0.00765	0.03810
47	0.01564	0.16767	0.55193	0.01914	0.02891	0.01910	0.02393	0.02291	0.01577	0.02263	0.03849	0.01649	0.01174	0.00723	0.00669	0.00221	0.01013	0.00551	0.00333	0.01055
48	0.01402	0.01319	0.02227	0.72126	0.05113	0.01649	0.02062	0.01897	0.01484	0.01897	0.01319	0.01979	0.00990	0.00742	0.00742	0.00247	0.00990	0.00660	0.00330	0.00825
49	0.00935	0.00792	0.00813	0.00801	0.01054	0.00689	0.00603	0.01224	0.04810	0.02129	0.11860	0.06822	0.61274	0.01813	0.00872	0.00249	0.00384	0.01516	0.00702	0.00658
50	0.01613	0.02406	0.22743	0.02637	0.03407	0.01748	0.40644	0.02259	0.01665	0.02325	0.01654	0.05030	0.01367	0.00804	0.00887	0.00255	0.03413	0.03771	0.00383	0.00992
51	0.01080	0.00720	0.00810	0.00810	0.00810	0.00720	0.00450	0.01080	0.01080	0.01439	0.02339	0.04858	0.02699	0.73910	0.03779	0.00720	0.00720	0.01080	0.00450	0.00450
52	0.01837	0.01764	0.03013	0.04557	0.69279	0.01764	0.02278	0.02278	0.01690	0.02425	0.01396	0.01837	0.01176	0.00661	0.00735	0.00220	0.00882	0.00661	0.00367	0.01176
53	0.01318	0.01067	0.01619	0.01558	0.03872	0.01172	0.06843	0.01514	0.01422	0.05680	0.02927	0.41790	0.03293	0.04298	0.01364	0.00310	0.17142	0.01504	0.00571	0.00737
54	0.01943	0.01959	0.02190	0.13311	0.16364	0.16468	0.04060	0.06020	0.17492	0.02432	0.01938	0.04561	0.01629	0.03366	0.00852	0.00250	0.00911	0.02760	0.00500	0.00993
55	0.01080	0.00720	0.00810	0.00810	0.00810	0.00720	0.00450	0.01080	0.01080	0.01439	0.02339	0.04858	0.02699	0.73910	0.03779	0.00720	0.00720	0.01080	0.00450	0.00450
56	0.01064	0.00755	0.01004	0.01010	0.01078	0.00820	0.00698	0.01201	0.01148	0.01598	0.02224	0.06273	0.02353	0.37111	0.37406	0.00943	0.01347	0.00973	0.00432	0.00562
57	0.04345	0.08889	0.02835	0.08946	0.39103	0.08981	0.03868	0.07219	0.01804	0.02430	0.01335	0.01709	0.01103	0.00718	0.00765	0.00219	0.03654	0.00616	0.00391	0.01070
58	0.00981	0.00775	0.00897	0.00919	0.01137	0.00690	0.00725	0.01237	0.01785	0.02263	0.20229	0.07048	0.42018	0.01836	0.00908	0.00266	0.00434	0.14483	0.00716	0.00655
59	0.00921	0.00658	0.00880	0.01052	0.01102	0.00617	0.00717	0.01062	0.01437	0.01913	0.04083	0.69819	0.04875	0.02311	0.00952	0.00304	0.00445	0.05558	0.00689	0.00607
60	0.01671	0.02583	0.25441	0.02864	0.06443	0.01823	0.43326	0.02365	0.01690	0.02371	0.01443	0.01856	0.01069	0.00653	0.00815	0.00244	0.01186	0.00762	0.00355	0.01039
61	0.01698	0.01621	0.02761	0.26205	0.48721	0.01727	0.02209	0.02156	0.01624	0.02256	0.01372	0.01883	0.01116	0.00687	0.00737	0.00229	0.00916	0.00661	0.00355	0.01063
62	0.01402	0.01319	0.02227	0.72126	0.05113	0.01649	0.02062	0.01897	0.01484	0.01897	0.01319	0.01979	0.00990	0.00742	0.00742	0.00247	0.00990	0.00660	0.00330	0.00825
63	0.01272	0.00645	0.00962	0.00970	0.00972	0.00643	0.00647	0.00970	0.00988	0.01318	0.01420	0.05574	0.01458	0.02567	0.02810	0.74761	0.00635	0.00713	0.00339	0.00335
64	0.01525	0.06814	0.63536	0.02135	0.03193	0.01785	0.06218	0.02347	0.01575	0.02326	0.01329	0.01575	0.00951	0.00698	0.00705	0.00233	0.01092	0.00560	0.00317	0.01086
65	0.02073	0.01397	0.01535	0.01272	0.01624	0.01525	0.01004	0.30320	0.04328	0.06295	0.02098	0.02551	0.01693	0.10371	0.03512	0.00310	0.03574	0.00740	0.22824	0.00954
66	0.00912	0.00655	0.00854	0.01010	0.01060	0.00610	0.00671	0.01037	0.01415	0.01876	0.04150	0.66963	0.07590	0.06035	0.01092	0.00321	0.00443	0.02033	0.00677	0.00596
67	0.01019	0.00802	0.01235	0.03508	0.01486	0.00767	0.06405	0.01221	0.01477	0.01965	0.03768	0.59296	0.04406	0.02106	0.00942	0.00299	0.00541	0.07458	0.00650	0.00651
68	0.01499	0.01435	0.02338	0.24442	0.03090	0.01763	0.11279	0.01843	0.01383	0.01974	0.01475	0.05723	0.01331	0.03462	0.01491	0.00290	0.27694	0.00780	0.05895	0.00813
69	0.05979	0.01895	0.05853	0.10638	0.07172	0.01788	0.47767	0.02274	0.01685	0.02373	0.01542	0.02189	0.01216	0.00704	0.00831	0.00250	0.01138	0.03349	0.00385	0.00970
70	0.71275	0.01469	0.01287	0.01341	0.08349	0.01675	0.00954	0.02192	0.01307	0.03238	0.01071	0.01270	0.00842	0.00686	0.00487	0.00229	0.00606	0.00428	0.00450	0.00842
71	0.01442	0.01360	0.02299	0.65895	0.11031	0.01660	0.02082	0.01932	0.01503	0.01945	0.01327	0.01966	0.01007	0.00735	0.00742	0.00245	0.00980	0.00660	0.00333	0.00857
72	0.01416	0.01334	0.02252	0.69903	0.07224	0.01653	0.02069	0.01909	0.01491	0.01914	0.01322	0.01975	0.00996	0.00740	0.00742	0.00247	0.00986	0.00660	0.00331	0.00836
73	0.00913	0.00749	0.00804	0.00800	0.01027	0.00640	0.00596	0.01130	0.01761	0.02192	0.19446	0.09721	0.53989	0.01828	0.00880	0.00250	0.00373	0.01546	0.00715	0.00640
74	0.01032	0.00730	0.00785	0.00783	0.00896	0.00683	0.00507	0.01144	0.01382	0.01820	0.06655	0.05530	0.26940	0.38530	0.02326	0.00482	0.00548	0.01232	0.07450	0.00545
75	0.01022	0.00758	0.00953	0.00904	0.01092	0.00688	0.00678	0.01346	0.02034	0.02818	0.58838	0.05807	0.17154	0.01577	0.00876	0.00236	0.00354	0.01379	0.00796	0.00688
76	0.01040	0.00755	0.00980	0.00932	0.01105	0.00695	0.00696	0.01377	0.02065	0.02908	0.64678	0.07961	0.08903	0.01557	0.00878	0.00236	0.00354	0.01376	0.00809	0.00695
77	0.79154	0.01436	0.01091	0.00976	0.01436	0.01665	0.00804	0.02182	0.01263	0.03331	0.01034	0.01206	0.00804	0.00689	0.00459	0.00230	0.00574	0.00402	0.00459	0.00804
78	0.01985	0.74357	0.03890	0.01270	0.01905	0.02937	0.01270	0.02223	0.01508	0.01747	0.01032	0.01191	0.00953	0.00635	0.00476	0.00159	0.00794	0.00397	0.00318	0.00953
79	0.00903	0.00651	0.00857	0.01021	0.01074	0.00604	0.00684	0.01035	0.01433	0.01900	0.04241	0.70535	0.07705	0.02306	0.00944	0.00299	0.00428	0.02087	0.00689	0.00604
80	0.02773	0.03538	0.02104	0.01913	0.02295	0.70930	0.01434	0.02964	0.02104	0.01817	0.01148	0.01339	0.00956	0.00765	0.00669	0.00191	0.01339	0.00478	0.00383	0.00861
81	0.00877	0.00752	0.00752	0.00752	0.01003	0.00627	0.00564	0.01065	0.01692	0.02005	0.07520	0.07144	0.68978	0.01880	0.00877	0.00251	0.00376	0.01567	0.00689	0.00627
82	0.03307	0.01301	0.01746	0.01339	0.01914	0.01147	0.01106	0.06554	0.02188	0.66768	0.02875	0.02492	0.01811	0.00918	0.00746	0.00229	0.00640	0.00743	0.00911	0.01263
83	0.01539	0.01319	0.01539	0.01100	0.01759	0.00990	0.00880	0.01869	0.01539	0.02419	0.01319	0.01539	0.01100	0.00550	0.00550	0.00110	0.00550	0.00440	0.00440	0.78449
84	0.02198	0.01363	0.01550	0.01301	0.01680	0.01434	0.00999	0.15824	0.19855	0.19226	0.02556	0.03031	0.02054	0.19147	0.01497	0.00355	0.00669	0.00837	0.03409	0.01016
85	0.03106	0.01324	0.01717	0.01329	0.01875	0.01213	0.01093	0.11394	0.02271	0.56471	0.05002	0.02546	0.01944	0.00933	0.00741	0.00227	0.00633	0.00755	0.04206	0.01220
86	0.01001	0.00777	0.00930	0.00990	0.01191	0.00706	0.00790	0.01253	0.01726	0.02183	0.13510	0.12397	0.36124	0.01925	0.00929	0.00281	0.00475	0.21456	0.00703	0.00652
87	0.01985	0.74357	0.03890	0.01270	0.01905	0.02937	0.01270	0.02223	0.01508	0.01747	0.01032	0.01191	0.00953	0.00635	0.00476	0.00159	0.00794	0.00397	0.00318	0.00953
88	0.01386	0.01265	0.02095	0.65745	0.04731	0.01565	0.01921	0.01852	0.01469	0.01913	0.01414	0.02147	0.01108	0.04147	0.00874	0.00266	0.00949	0.00681	0.03672	0.00802
89	0.01385	0.00721	0.00763	0.04011	0.01062	0.00736	0.00591	0.01738	0.01553	0.02727	0.02371	0.02731	0.01860	0.00859	0.00529	0.00176	0.00376	0.00690	0.74421	0.00698
90	0.01842	0.54033	0.22962	0.01514	0.02282	0.02588	0.01695	0.02260	0.01525	0.01921	0.01119	0.01299	0.00949	0.00655	0.00542	0.00181	0.00881	0.00441	0.00316	0.00994
91	0.03331	0.01263	0.01723	0.01321	0.01895	0.01091	0.01091	0.03618	0.02125	0.69794	0.02929	0.02527	0.01838	0.00919	0.00747	0.00230	0.00632	0.00747	0.00919	0.01263
92	0.54687	0.04343	0.17820	0.01415	0.04837	0.01724	0.01349	0.02228	0.01363	0.03006	0.01121	0.01320	0.00858	0.00690	0.00531	0.00228	0.00720	0.00448	0.00416	0.00895
93	0.01615	0.01317	0.01547	0.01109	0.01765	0.00994	0.00889	0.01944	0.01564	0.05281	0.01388	0.01581	0.01131	0.00565	0.00558	0.00115	0.00553	0.00453	0.00460	0.75170
94	0.01947	0.68978	0.08938	0.01335	0.02005	0.02845	0.01383	0.02233	0.01513	0.01793	0.01055	0.01220	0.00952	0.00640	0.00494	0.00165	0.00817	0.00409	0.00317	0.00964
95	0.01080	0.00720	0.00810	0.00810	0.00810	0.00720	0.00450	0.01080	0.01080	0.01439	0.02339	0.04858	0.02699	0.73910	0.03779	0.00720	0.00720	0.01080	0.00450	0.00450
96	0.01582	0.07029	0.64377	0.02046	0.03102	0.01757	0.02611	0.02393	0.01586	0.04891	0.01379	0.01586	0.00975	0.00710	0.00696	0.00231	0.01065	0.00549	0.00337	0.01097
97	0.02126	0.02324	0.02628	0.03526	0.43736	0.25097	0.01947	0.02478	0.01831	0.02211	0.01421	0.01950	0.01235	0.00756	0.00725	0.00216	0.01028	0.03331	0.00386	0.01048
98	0.02773	0.03538	0.02104	0.01913	0.02295	0.70930	0.01434	0.02964	0.02104	0.01817	0.01148	0.01339	0.00956	0.00765	0.00669	0.00191	0.01339	0.00478	0.00383	0.00861
99	0.01493	0.03588	0.62542	0.02150	0.03187	0.01699	0.07538	0.02319	0.01601	0.02376	0.03802	0.01745	0.01175	0.00729	0.00725	0.00236	0.01082	0.00602	0.00337	0.01075
100	0.01080	0.00720	0.00810	0.00810	0.00810	0.00720	0.00450	0.01080	0.01080	0.01439	0.02339	0.04858	0.02699	0.73910	0.03779	0.00720	0.00720	0.01080	0.00450	0.00450
101	0.01402	0.01319	0.02227	0.72126	0.05113	0.01649	0.02062	0.01897	0.01484	0.01897	0.01319	0.01979	0.00990	0.00742	0.00742	0.00247	0.00990	0.00660	0.00330	0.00825
102	0.01614	0.01604	0.05355	0.33218	0.23222	0.01671	0.04303	0.05508	0.06198	0.02324	0.01922	0.02325	0.05897	0.00818	0.00754	0.00238	0.00893	0.00739	0.00417	0.00979
103	0.01289	0.00645	0.00967	0.00967	0.00967	0.00645	0.00645	0.00967	0.00967	0.01289	0.01289	0.02257	0.01289	0.02579	0.02901	0.78401	0.00645	0.00645	0.00322	0.00322
104	0.01067	0.00714	0.00813	0.00826	0.00829	0.00711	0.00467	0.01076	0.01104	0.01472	0.02466	0.09809	0.02859	0.68741	0.03574	0.00690	0.00699	0.01154	0.00467	0.00461
105	0.01455	0.01374	0.02323	0.63819	0.13002	0.01663	0.02088	0.01944	0.01510	0.01962	0.01329	0.01962	0.01013	0.00732	0.00741	0.00244	0.00976	0.00660	0.00334	0.00868
106	0.02822	0.02079	0.02228	0.01708	0.02302	0.02302	0.01411	0.66804	0.03490	0.04679	0.01782	0.01782	0.01262	0.00891	0.00743	0.00223	0.00817	0.00668	0.00743	0.01262
107	0.01020	0.00734	0.00990	0.01155	0.01258	0.00704	0.00886	0.01236	0.01548	0.02030	0.04175	0.44629	0.07407	0.02197	0.00976	0.00315	0.00529	0.26889	0.00687	0.00636
108	0.00904	0.00646	0.00861	0.01034	0.01077	0.00603	0.00689	0.01034	0.01421	0.01895	0.04092	0.73426	0.04910	0.02326	0.00948	0.00301	0.00431	0.02110	0.00689	0.00603
109	0.01094	0.00767	0.00978	0.00930	0.01119	0.00698	0.00696	0.01408	0.02010	0.04934	0.55250	0.09812	0.14330	0.01593	0.00876	0.00240	0.00367	0.01398	0.00797	0.00703
110	0.01636	0.03255	0.50716	0.02463	0.09031	0.01727	0.13091	0.02400	0.01631	0.05069	0.01430	0.01701	0.01027	0.00697	0.00738	0.00236	0.01085	0.00620	0.00353	0.01095
111	0.02424	0.02601	0.02060	0.10745	0.02530	0.37388	0.01460	0.16230	0.02208	0.02500	0.01381	0.01637	0.01093	0.00836	0.00817	0.00214	0.06490	0.00570	0.05891	0.00926
112	0.73238	0.01442	0.01204	0.04152	0.03854	0.01668	0.00907	0.02173	0.01287	0.03239	0.01058	0.01260	0.00824	0.00690	0.00481	0.00230	0.00602	0.00422	0.00451	0.00817
113	0.79154	0.01436	0.01091	0.00976	0.01436	0.01665	0.00804	0.02182	0.01263	0.03331	0.01034	0.01206	0.00804	0.00689	0.00459	0.00230	0.00574	0.00402	0.00459	0.00804
114	0.01862	0.01585	0.02158	0.16047	0.02736	0.01749	0.06395	0.20817	0.02040	0.02823	0.01652	0.07937	0.01435	0.00968	0.01008	0.00233	0.12361	0.00762	0.00504	0.14929
115	0.01051	0.00708	0.00818	0.00846	0.00853	0.00701	0.00489	0.01072	0.01136	0.01514	0.02626	0.16087	0.03061	0.62187	0.03315	0.00651	0.00672	0.01248	0.00489	0.00475
116	0.01583	0.01066	0.01200	0.01083	0.01278	0.01101	0.00761	0.17390	0.01819	0.05372	0.02726	0.15231	0.05297	0.35033	0.02180	0.00465	0.00663	0.01136	0.03887	0.00728
117	0.01985	0.74357	0.03890	0.01270	0.01905	0.02937	0.01270	0.02223	0.01508	0.01747	0.01032	0.01191	0.00953	0.00635	0.00476	0.00159	0.00794	0.00397	0.00318	0.00953
118	0.01127	0.00774	0.00999	0.00943	0.01133	0.00706	0.00707	0.01451	0.02036	0.05687	0.58178	0.09293	0.11027	0.01563	0.00874	0.00238	0.00368	0.01376	0.00805	0.00714
119	0.01080	0.00720	0.00810	0.00810	0.00810	0.00720	0.00450	0.01080	0.01080	0.01439	0.02339	0.04858	0.02699	0.73910	0.03779	0.00720	0.00720	0.01080	0.00450	0.00450
120	0.01402	0.01319	0.02227	0.72126	0.05113	0.01649	0.02062	0.01897	0.01484	0.01897	0.01319	0.01979	0.00990	0.00742	0.00742	0.00247	0.00990	0.00660	0.00330	0.00825
121	0.06902	0.01758	0.07821	0.01497	0.02111	0.01574	0.01321	0.22484	0.05269	0.37948	0.02349	0.02160	0.01550	0.00884	0.00727	0.00229	0.00723	0.00692	0.00782	0.01221
122	0.01837	0.01764	0.03013	0.04557	0.69279	0.01764	0.02278	0.02278	0.01690	0.02425	0.01396	0.01837	0.01176	0.00661	0.00735	0.00220	0.00882	0.00661	0.00367	0.01176
123	0.01702	0.01754	0.02262	0.01947	0.01973	0.06945	0.01611	0.01867	0.01203	0.01789	0.00986	0.01605	0.00973	0.01263	0.02316	0.00316	0.67707	0.00638	0.00329	0.00815
124	0.01539	0.01319	0.01539	0.01100	0.01759	0.00990	0.00880	0.01869	0.01539	0.02419	0.01319	0.01539	0.01100	0.00550	0.00550	0.00110	0.00550	0.00440	0.00440	0.78449
125	0.04533	0.42710	0.24250	0.01589	0.02337	0.09407	0.01730	0.02337	0.01579	0.01996	0.01137	0.01324	0.00944	0.00672	0.00567	0.00188	0.00936	0.00453	0.00328	0.00983
126	0.01422	0.01340	0.02263	0.68976	0.08104	0.01655	0.02072	0.01915	0.01494	0.01921	0.01323	0.01973	0.00998	0.00738	0.00742	0.00246	0.00985	0.00660	0.00332	0.00841
127	0.01596	0.01590	0.04800	0.40013	0.29393	0.01707	0.02118	0.02172	0.05250	0.02181	0.01444	0.01955	0.01130	0.00725	0.00739	0.00237	0.00930	0.00667	0.00367	0.00988
128	0.14356	0.24518	0.38994	0.01677	0.02531	0.02077	0.01985	0.02285	0.01500	0.02331	0.01194	0.01396	0.00922	0.00682	0.00597	0.00211	0.00921	0.00479	0.00339	0.01006
129	0.03331	0.01263	0.01723	0.01321	0.01895	0.01091	0.01091	0.03618	0.02125	0.69794	0.02929	0.02527	0.01838	0.00919	0.00747	0.00230	0.00632	0.00747	0.00919	0.01263
130	0.01065	0.00778	0.01107	0.01107	0.01210	0.00881	0.00821	0.01270	0.01168	0.01660	0.02067	0.03353	0.02045	0.20921	0.55874	0.01087	0.01703	0.00859	0.00409	0.00615
131	0.01846	0.01595	0.01679	0.01511	0.01930	0.01846	0.01175	0.03945	0.67938	0.03105	0.03022	0.02770	0.02266	0.01007	0.00755	0.00252	0.00588	0.00839	0.00755	0.01175
132	0.01384	0.00692	0.00692	0.00692	0.00865	0.00692	0.00519	0.01730	0.01557	0.02768	0.02422	0.02768	0.01903	0.00865	0.00519	0.00173	0.00346	0.00692	0.78031	0.00692
133	0.01289	0.00645	0.00967	0.00967	0.00967	0.00645	0.00645	0.00967	0.00967	0.01289	0.01289	0.02257	0.01289	0.02579	0.02901	0.78401	0.00645	0.00645	0.00322	0.00322
134	0.02324	0.01785	0.01961	0.01472	0.02092	0.01793	0.01205	0.41606	0.02733	0.03802	0.01603	0.01688	0.01199	0.00759	0.00668	0.00179	0.00713	0.00580	0.00625	0.31214
135	0.02153	0.01925	0.03067	0.02280	0.02904	0.01980	0.30421	0.28423	0.08806	0.03407	0.05496	0.02184	0.01616	0.00819	0.00811	0.00238	0.00963	0.00815	0.00584	0.01106
136	0.02737	0.02606	0.02183	0.01799	0.02280	0.28269	0.01432	0.39042	0.02835	0.03435	0.01497	0.01606	0.01131	0.00866	0.00809	0.00217	0.04992	0.00595	0.00583	0.01085
137	0.02068	0.01705	0.01803	0.01556	0.02015	0.01950	0.01229	0.18205	0.53318	0.03462	0.02740	0.02546	0.02038	0.00981	0.00752	0.00245	0.00640	0.00801	0.00752	0.01195
138	0.79154	0.01436	0.01091	0.00976	0.01436	0.01665	0.00804	0.02182	0.01263	0.03331	0.01034	0.01206	0.00804	0.00689	0.00459	0.00230	0.00574	0.00402	0.00459	0.00804
139	0.07280	0.01272	0.01690	0.01303	0.01871	0.01121	0.01076	0.03543	0.02080	0.66332	0.02830	0.02458	0.01784	0.00907	0.00732	0.00230	0.00629	0.00729	0.00895	0.01239
140	0.01489	0.03840	0.70064	0.02116	0.03213	0.01724	0.02743	0.02351	0.01567	0.02351	0.01332	0.01567	0.00940	0.00705	0.00705	0.00235	0.01097	0.00549	0.00313	0.01097
