[name]
unknown

[dist]
# distance from previous block
# <min> <max>
0	15

[block]
# block no. 0 follows, 29 sequences, length 18
# corresponding to MSA columns:
# 15-32
name=unknown_A
#
# <colnr> <probs for GDERKNQSTAVLIFYWHMCP>
#	G	D	E	R	K	N	Q	S	T	A	V	L	I	F	Y	W	H	M	C	P
0	0.05243	0.07684	0.01458	0.04054	0.01552	0.04897	0.00922	0.08596	0.01899	0.08912	0.22327	0.12667	0.11854	0.01319	0.00761	0.00229	0.00556	0.03624	0.00650	0.00796
1	0.07485	0.03337	0.01803	0.01446	0.03826	0.01472	0.04177	0.24089	0.02332	0.19232	0.16284	0.04911	0.02556	0.00985	0.00722	0.00217	0.00635	0.00818	0.00702	0.02971
2	0.08824	0.01598	0.01744	0.06776	0.02128	0.01782	0.01203	0.21708	0.32209	0.06312	0.02164	0.02115	0.01597	0.00857	0.00683	0.00222	0.00653	0.00681	0.00654	0.06091
3	0.01612	0.01426	0.02201	0.55173	0.10117	0.01698	0.01890	0.13094	0.01767	0.02315	0.01347	0.01855	0.01009	0.00729	0.00711	0.00231	0.00912	0.00634	0.00387	0.00891
4	0.15505	0.01482	0.01864	0.35605	0.09637	0.06805	0.01549	0.04744	0.05254	0.02323	0.04259	0.02104	0.04449	0.00796	0.00670	0.00227	0.00815	0.00651	0.00418	0.00844
5	0.01579	0.11717	0.56635	0.01954	0.02914	0.01767	0.05952	0.02299	0.01531	0.05382	0.01325	0.01527	0.00953	0.00674	0.00662	0.00218	0.01006	0.00535	0.00331	0.01039
6	0.00868	0.00620	0.00826	0.00991	0.01033	0.00578	0.00661	0.00991	0.01363	0.01818	0.03925	0.74510	0.04710	0.02231	0.00909	0.00289	0.00413	0.02024	0.00661	0.00578
7	0.00868	0.00620	0.00826	0.00991	0.01033	0.00578	0.00661	0.00991	0.01363	0.01818	0.03925	0.74510	0.04710	0.02231	0.00909	0.00289	0.00413	0.02024	0.00661	0.00578
8	0.01993	0.37575	0.16241	0.01435	0.02081	0.04595	0.01462	0.08693	0.04373	0.09205	0.05011	0.01680	0.01380	0.00736	0.00587	0.00188	0.00793	0.00535	0.00445	0.00992
9	0.01370	0.01314	0.02290	0.68029	0.04816	0.01598	0.06892	0.01854	0.01443	0.01854	0.01279	0.01900	0.00959	0.00704	0.00721	0.00238	0.00968	0.00648	0.00320	0.00804
10	0.01237	0.00618	0.00928	0.00928	0.00928	0.00618	0.00618	0.00928	0.00928	0.01237	0.01237	0.02165	0.01237	0.02474	0.02783	0.79283	0.00618	0.00618	0.00309	0.00309
11	0.06745	0.01300	0.02062	0.65739	0.04566	0.01606	0.01873	0.04251	0.01479	0.02010	0.01263	0.01841	0.00947	0.00714	0.00693	0.00235	0.00916	0.00616	0.00339	0.00805
12	0.36618	0.01240	0.01337	0.13272	0.02013	0.01379	0.01021	0.05218	0.03231	0.11624	0.06837	0.06875	0.01745	0.00889	0.00606	0.00226	0.00602	0.00684	0.03748	0.00836
13	0.00842	0.00721	0.00721	0.00721	0.00962	0.00601	0.00541	0.01022	0.01623	0.01924	0.07213	0.06853	0.70244	0.01803	0.00842	0.00240	0.00361	0.01503	0.00661	0.00601
14	0.04978	0.03483	0.65415	0.01951	0.02956	0.01627	0.02486	0.02296	0.01512	0.05023	0.01326	0.01525	0.00930	0.00684	0.00668	0.00225	0.01012	0.00527	0.00330	0.01046
15	0.04527	0.05794	0.61795	0.02027	0.03018	0.01699	0.06955	0.02247	0.01502	0.02275	0.01268	0.01507	0.00909	0.00669	0.00671	0.00224	0.01033	0.00537	0.00310	0.01031
16	0.01533	0.22733	0.49502	0.01753	0.02640	0.01914	0.02150	0.02174	0.01515	0.02131	0.04819	0.01607	0.01211	0.00699	0.00626	0.00206	0.00937	0.00527	0.00327	0.00995
17	0.01667	0.24133	0.38472	0.01748	0.02572	0.01910	0.06875	0.02234	0.01540	0.06446	0.01615	0.01769	0.04616	0.00723	0.00636	0.00206	0.00914	0.00571	0.00362	0.00992

[dist]
# distance from previous block
# <min> <max>
6	14

[block]
# block no. 1 follows, 29 sequences, length 173
# corresponding to MSA columns:
# 47-219
name=unknown_B
#
# <colnr> <probs for GDERKNQSTAVLIFYWHMCP>
#	G	D	E	R	K	N	Q	S	T	A	V	L	I	F	Y	W	H	M	C	P
0	0.04337	0.01096	0.01681	0.33290	0.02969	0.01227	0.04201	0.01692	0.01530	0.04983	0.12105	0.12805	0.04947	0.01093	0.00804	0.00237	0.03376	0.00953	0.03105	0.03567
1	0.04781	0.01502	0.02149	0.47604	0.03868	0.06691	0.03608	0.01892	0.01391	0.01861	0.01175	0.01750	0.00940	0.00826	0.01056	0.00249	0.16923	0.00614	0.00325	0.00795
2	0.01446	0.01428	0.02129	0.65169	0.04584	0.06560	0.01917	0.01887	0.01451	0.01809	0.01240	0.01841	0.00946	0.00736	0.00777	0.00237	0.04109	0.00620	0.00320	0.00793
3	0.00902	0.00651	0.00799	0.00901	0.00964	0.00607	0.00590	0.01006	0.01329	0.01735	0.04053	0.48199	0.14374	0.18659	0.01514	0.00373	0.00468	0.01719	0.00609	0.00549
4	0.01709	0.04872	0.02595	0.18559	0.02970	0.12311	0.14236	0.02030	0.01431	0.01849	0.01134	0.01648	0.00962	0.00898	0.01349	0.00255	0.29399	0.00632	0.00330	0.00829
5	0.04750	0.01584	0.03066	0.08465	0.10717	0.01594	0.36701	0.01977	0.01540	0.02170	0.01757	0.13460	0.01632	0.00924	0.00918	0.00249	0.06255	0.00955	0.00404	0.00883
6	0.01368	0.01048	0.01418	0.20834	0.02292	0.03077	0.01150	0.06240	0.01577	0.06880	0.02774	0.39705	0.02982	0.01545	0.00872	0.00263	0.03312	0.01359	0.00565	0.00740
7	0.01762	0.01692	0.02890	0.04371	0.70533	0.01692	0.02185	0.02185	0.01621	0.02326	0.01339	0.01762	0.01128	0.00634	0.00705	0.00211	0.00846	0.00634	0.00352	0.01128
8	0.01446	0.03559	0.66575	0.02098	0.03127	0.01664	0.07217	0.02257	0.01516	0.02257	0.01289	0.01533	0.00915	0.00671	0.00688	0.00227	0.01063	0.00548	0.00305	0.01046
9	0.01699	0.05489	0.22038	0.02541	0.08328	0.09529	0.32020	0.02268	0.01653	0.02178	0.01581	0.01905	0.03993	0.00691	0.00748	0.00224	0.01088	0.00706	0.00355	0.00966
10	0.01237	0.00618	0.00928	0.00928	0.00928	0.00618	0.00618	0.00928	0.00928	0.01237	0.01237	0.02165	0.01237	0.02474	0.02783	0.79283	0.00618	0.00618	0.00309	0.00309
11	0.01036	0.00690	0.00777	0.00777	0.00777	0.00690	0.00431	0.01036	0.01036	0.01381	0.02244	0.04660	0.02589	0.74975	0.03624	0.00690	0.00690	0.01036	0.00431	0.00431
12	0.04563	0.01545	0.01764	0.01416	0.01918	0.01627	0.01150	0.25676	0.19360	0.26431	0.05222	0.02325	0.01858	0.00912	0.00715	0.00224	0.00644	0.00728	0.00768	0.01156
13	0.01983	0.67624	0.03531	0.01244	0.01828	0.02671	0.01218	0.02212	0.01476	0.06564	0.01116	0.01247	0.00974	0.00650	0.00540	0.00163	0.03269	0.00413	0.00345	0.00930
14	0.03063	0.01241	0.01649	0.01284	0.01821	0.01114	0.01054	0.03499	0.08266	0.64721	0.02817	0.02445	0.01801	0.00889	0.00717	0.00222	0.00602	0.00724	0.00867	0.01204
15	0.01032	0.00703	0.00842	0.00842	0.00864	0.00726	0.00513	0.01077	0.01055	0.01429	0.02184	0.04329	0.02445	0.62623	0.15781	0.00771	0.00906	0.00987	0.00423	0.00468
16	0.02445	0.02806	0.01965	0.01803	0.04053	0.48147	0.01342	0.09253	0.16778	0.02290	0.01557	0.01637	0.01225	0.00793	0.00668	0.00200	0.01067	0.00556	0.00477	0.00936
17	0.01034	0.00731	0.00918	0.00930	0.00969	0.00770	0.00615	0.01123	0.01145	0.01562	0.04359	0.12192	0.02791	0.46348	0.16145	0.00693	0.03345	0.03356	0.00462	0.00513
18	0.00868	0.00620	0.00826	0.00991	0.01033	0.00578	0.00661	0.00991	0.01363	0.01818	0.03925	0.74510	0.04710	0.02231	0.00909	0.00289	0.00413	0.02024	0.00661	0.00578
19	0.00960	0.00817	0.00840	0.00828	0.01084	0.00743	0.00633	0.01354	0.09282	0.02052	0.06581	0.06427	0.59770	0.01715	0.00834	0.00244	0.00396	0.04109	0.00668	0.00663
20	0.05064	0.04310	0.01534	0.04200	0.01654	0.01493	0.00989	0.26666	0.02079	0.03028	0.01840	0.02342	0.01525	0.09749	0.06771	0.00334	0.03675	0.00680	0.21202	0.00866
21	0.01021	0.00779	0.01129	0.01163	0.01276	0.00747	0.05444	0.03580	0.01454	0.01939	0.03549	0.58020	0.04149	0.06806	0.01079	0.00312	0.00515	0.05789	0.00626	0.00624
22	0.01616	0.01348	0.01552	0.01121	0.01747	0.01092	0.00902	0.09333	0.01689	0.02567	0.01316	0.01503	0.01072	0.00565	0.00548	0.00118	0.00556	0.00447	0.00455	0.70453
23	0.07227	0.01923	0.11547	0.10715	0.35540	0.01736	0.08787	0.07250	0.01678	0.02466	0.01325	0.01706	0.01050	0.00684	0.00753	0.00223	0.03355	0.00624	0.00375	0.01035
24	0.07057	0.16649	0.48450	0.01936	0.05533	0.01872	0.04732	0.02219	0.01484	0.02218	0.01213	0.01439	0.00911	0.00658	0.00627	0.00212	0.00960	0.00506	0.00316	0.01007
25	0.02366	0.08406	0.02121	0.01667	0.02084	0.31364	0.01324	0.18774	0.14848	0.02635	0.01566	0.01653	0.01225	0.00833	0.00779	0.00208	0.06087	0.00573	0.00509	0.00980
26	0.01558	0.01558	0.02181	0.01869	0.01869	0.02181	0.01558	0.01714	0.01091	0.01714	0.00935	0.01558	0.00935	0.01246	0.02337	0.00312	0.73672	0.00623	0.00312	0.00779
27	0.00859	0.00722	0.00746	0.00740	0.00973	0.00609	0.00555	0.01057	0.01665	0.02024	0.13989	0.06688	0.63407	0.01766	0.00841	0.00239	0.00358	0.01480	0.00674	0.00609
28	0.01237	0.00618	0.00928	0.00928	0.00928	0.00618	0.00618	0.00928	0.00928	0.01237	0.01237	0.02165	0.01237	0.02474	0.02783	0.79283	0.00618	0.00618	0.00309	0.00309
29	0.01327	0.00664	0.00664	0.00664	0.00830	0.00664	0.00498	0.01659	0.01493	0.02655	0.02323	0.02655	0.01825	0.00830	0.00498	0.00166	0.00332	0.00664	0.78928	0.00664
30	0.73787	0.04465	0.01182	0.00961	0.01413	0.01627	0.00800	0.02148	0.01253	0.05739	0.01061	0.01205	0.00815	0.00667	0.00452	0.00217	0.00562	0.00398	0.00452	0.00794
31	0.02096	0.01607	0.01724	0.01418	0.01774	0.04748	0.01124	0.38750	0.02427	0.03285	0.01834	0.04907	0.01580	0.11665	0.06124	0.00350	0.06747	0.00748	0.06145	0.00948
32	0.10285	0.00853	0.01107	0.03907	0.01268	0.00899	0.00761	0.06033	0.01200	0.04631	0.01310	0.02019	0.01193	0.02016	0.02201	0.58222	0.00635	0.00599	0.00377	0.00483
33	0.01868	0.70060	0.08765	0.01279	0.01921	0.02731	0.01324	0.02141	0.01451	0.01718	0.01011	0.01169	0.00913	0.00614	0.00473	0.00158	0.00783	0.00392	0.00304	0.00924
34	0.00873	0.00678	0.00795	0.00860	0.01005	0.00600	0.00609	0.01048	0.01557	0.01990	0.13381	0.36164	0.34002	0.01948	0.00871	0.00260	0.00381	0.01704	0.00676	0.00600
35	0.01147	0.00820	0.01147	0.01311	0.01475	0.00820	0.01147	0.01475	0.01639	0.02131	0.03770	0.08032	0.04098	0.01967	0.00984	0.00328	0.00656	0.65741	0.00656	0.00656
36	0.80005	0.01377	0.01047	0.00936	0.01377	0.01597	0.00771	0.02093	0.01212	0.03195	0.00991	0.01157	0.00771	0.00661	0.00441	0.00220	0.00551	0.00386	0.00441	0.00771
37	0.01477	0.01266	0.01477	0.01055	0.01687	0.00949	0.00844	0.01793	0.01477	0.02320	0.01266	0.01477	0.01055	0.00527	0.00527	0.00105	0.00527	0.00422	0.00422	0.79328
38	0.00886	0.00631	0.00836	0.00983	0.01025	0.00599	0.00654	0.01006	0.01331	0.01780	0.03723	0.66633	0.04439	0.07486	0.04035	0.00353	0.00494	0.01903	0.00633	0.00570
39	0.00865	0.00629	0.00817	0.00967	0.01026	0.00580	0.00650	0.00994	0.01386	0.01827	0.04217	0.68498	0.10534	0.02193	0.00903	0.00285	0.00408	0.01978	0.00661	0.00580
40	0.01428	0.03683	0.71286	0.02030	0.03082	0.01654	0.02631	0.02255	0.01503	0.02255	0.01278	0.01503	0.00902	0.00677	0.00677	0.00226	0.01052	0.00526	0.00301	0.01052
41	0.01734	0.01492	0.01578	0.01430	0.01818	0.01722	0.01108	0.03669	0.66450	0.02931	0.02940	0.05617	0.02278	0.01018	0.00732	0.00243	0.00557	0.00855	0.00722	0.01104
42	0.01036	0.00690	0.00777	0.00777	0.00777	0.00690	0.00431	0.01036	0.01036	0.01381	0.02244	0.04660	0.02589	0.74975	0.03624	0.00690	0.00690	0.01036	0.00431	0.00431
43	0.01019	0.00758	0.01118	0.01118	0.01237	0.00876	0.00858	0.01255	0.01137	0.01634	0.01931	0.02929	0.01837	0.10248	0.67323	0.01112	0.01822	0.00782	0.00385	0.00621
44	0.02660	0.03394	0.02018	0.01834	0.02201	0.72116	0.01376	0.02843	0.02018	0.01743	0.01101	0.01284	0.00917	0.00734	0.00642	0.00183	0.01284	0.00459	0.00367	0.00825
45	0.01018	0.00758	0.01120	0.01120	0.01239	0.00877	0.00860	0.01256	0.01137	0.01635	0.01930	0.02921	0.01834	0.09951	0.67616	0.01114	0.01827	0.00781	0.00385	0.00622
46	0.01157	0.00842	0.00912	0.00886	0.00935	0.03186	0.00549	0.03854	0.01174	0.01548	0.02148	0.04232	0.02392	0.62202	0.10537	0.00701	0.00841	0.00972	0.00436	0.00498
47	0.01743	0.01782	0.05509	0.09378	0.57982	0.03742	0.02121	0.02244	0.04367	0.02294	0.01388	0.01785	0.01142	0.00659	0.00703	0.00214	0.00863	0.00632	0.00363	0.01090
48	0.01894	0.65084	0.03415	0.01239	0.01800	0.07532	0.01191	0.02127	0.01527	0.01763	0.05873	0.01447	0.01323	0.00678	0.00497	0.00160	0.00768	0.00450	0.00343	0.00891
49	0.01730	0.34912	0.31112	0.01769	0.05177	0.02171	0.04319	0.02223	0.01494	0.04507	0.01203	0.01406	0.00956	0.00672	0.00652	0.00196	0.03697	0.00489	0.00328	0.00986
50	0.01560	0.01293	0.01883	0.43863	0.03533	0.01566	0.01591	0.11534	0.01690	0.02348	0.01487	0.01973	0.01139	0.00800	0.00816	0.00228	0.07142	0.00639	0.14086	0.00829
51	0.01842	0.07105	0.04933	0.01865	0.02334	0.10718	0.16753	0.09567	0.08605	0.02448	0.07029	0.02002	0.01600	0.00845	0.00952	0.00220	0.11801	0.00688	0.00463	0.08228
52	0.01904	0.75404	0.03731	0.01218	0.01828	0.02818	0.01218	0.02132	0.01447	0.01675	0.00990	0.01142	0.00914	0.00609	0.00457	0.00152	0.00761	0.00381	0.00305	0.00914
53	0.02707	0.01995	0.02137	0.01638	0.02208	0.02208	0.01353	0.68159	0.03348	0.04488	0.01710	0.01710	0.01211	0.00855	0.00712	0.00214	0.00784	0.00641	0.00712	0.01211
54	0.01434	0.01220	0.01431	0.01050	0.01641	0.00923	0.00831	0.01736	0.01469	0.02285	0.01453	0.06624	0.01312	0.00647	0.00554	0.00118	0.00519	0.00535	0.00439	0.73778
55	0.00868	0.00620	0.00826	0.00991	0.01033	0.00578	0.00661	0.00991	0.01363	0.01818	0.03925	0.74510	0.04710	0.02231	0.00909	0.00289	0.00413	0.02024	0.00661	0.00578
56	0.03855	0.01509	0.02529	0.32413	0.41724	0.01644	0.02060	0.02033	0.01529	0.02144	0.01299	0.01800	0.01045	0.00667	0.00700	0.00222	0.00880	0.00627	0.00340	0.00980
57	0.00990	0.00811	0.01218	0.06351	0.01541	0.00775	0.06592	0.01220	0.01530	0.02027	0.13771	0.42722	0.14110	0.01801	0.00868	0.00264	0.00501	0.01635	0.00628	0.00644
58	0.00868	0.00620	0.00826	0.00991	0.01033	0.00578	0.00661	0.00991	0.01363	0.01818	0.03925	0.74510	0.04710	0.02231	0.00909	0.00289	0.00413	0.02024	0.00661	0.00578
59	0.01214	0.00658	0.00970	0.00979	0.00989	0.00676	0.00674	0.00980	0.00996	0.01335	0.01543	0.08269	0.01620	0.02393	0.02546	0.67137	0.03072	0.03237	0.00351	0.00360
60	0.01752	0.15440	0.05633	0.07649	0.51406	0.01893	0.02011	0.02157	0.01573	0.02174	0.01268	0.01645	0.01069	0.00636	0.00658	0.00203	0.00844	0.00583	0.00340	0.01066
61	0.01360	0.01281	0.02163	0.70795	0.07256	0.01586	0.01985	0.01832	0.01431	0.01837	0.01268	0.01894	0.00956	0.00709	0.00712	0.00236	0.00946	0.00633	0.00318	0.00803
62	0.01003	0.00850	0.00884	0.00864	0.01123	0.00792	0.00661	0.01477	0.12037	0.02128	0.08665	0.06201	0.54807	0.01669	0.00829	0.00244	0.00403	0.04004	0.00675	0.00687
63	0.02707	0.01995	0.02137	0.01638	0.02208	0.02208	0.01353	0.68159	0.03348	0.04488	0.01710	0.01710	0.01211	0.00855	0.00712	0.00214	0.00784	0.00641	0.00712	0.01211
64	0.07477	0.15067	0.31257	0.15040	0.02981	0.01777	0.06674	0.02077	0.01495	0.02168	0.04110	0.01907	0.01267	0.00743	0.00657	0.00219	0.00912	0.02898	0.00352	0.00922
65	0.01428	0.03683	0.71286	0.02030	0.03082	0.01654	0.02631	0.02255	0.01503	0.02255	0.01278	0.01503	0.00902	0.00677	0.00677	0.00226	0.01052	0.00526	0.00301	0.01052
66	0.01104	0.00792	0.01095	0.01254	0.01405	0.00783	0.01069	0.01402	0.01604	0.02086	0.03889	0.16281	0.06087	0.01995	0.00970	0.00320	0.00617	0.55944	0.00657	0.00644
67	0.04456	0.01498	0.02350	0.49528	0.11764	0.04181	0.07456	0.06443	0.01612	0.02144	0.01303	0.01823	0.00990	0.00702	0.00709	0.00230	0.00945	0.00636	0.00357	0.00872
68	0.01487	0.04597	0.02400	0.07063	0.07160	0.01604	0.17544	0.04356	0.06701	0.02127	0.02046	0.20161	0.02042	0.01193	0.01117	0.00260	0.15797	0.01035	0.00461	0.00847
69	0.01327	0.00664	0.00664	0.00664	0.00830	0.00664	0.00498	0.01659	0.01493	0.02655	0.02323	0.02655	0.01825	0.00830	0.00498	0.00166	0.00332	0.00664	0.78928	0.00664
70	0.01523	0.01064	0.01193	0.01105	0.01422	0.01074	0.00855	0.02345	0.24812	0.12474	0.04586	0.12047	0.26977	0.01433	0.00796	0.00247	0.00485	0.03974	0.00715	0.00871
71	0.01586	0.01916	0.08580	0.05713	0.03516	0.01686	0.55346	0.02159	0.01633	0.02224	0.01615	0.07543	0.01345	0.00737	0.00829	0.00243	0.01118	0.00902	0.00378	0.00930
72	0.01327	0.00664	0.00664	0.00664	0.00830	0.00664	0.00498	0.01659	0.01493	0.02655	0.02323	0.02655	0.01825	0.00830	0.00498	0.00166	0.00332	0.00664	0.78928	0.00664
73	0.00870	0.00722	0.00760	0.00751	0.00979	0.00613	0.00563	0.01076	0.01689	0.02081	0.17862	0.06593	0.59498	0.01745	0.00841	0.00238	0.00356	0.01466	0.00682	0.00613
74	0.02175	0.01507	0.01617	0.01302	0.01707	0.01660	0.01058	0.42133	0.02607	0.03735	0.01898	0.02039	0.01418	0.00860	0.00697	0.00200	0.03332	0.00648	0.28405	0.01001
75	0.01657	0.01875	0.04056	0.07953	0.03805	0.01785	0.63298	0.02248	0.01663	0.02248	0.01428	0.01919	0.01071	0.00608	0.00831	0.00240	0.01183	0.00826	0.00357	0.00948
76	0.01459	0.01412	0.01991	0.01737	0.01760	0.01944	0.01435	0.01633	0.01100	0.01703	0.01113	0.01785	0.01090	0.01997	0.15138	0.00464	0.60514	0.00649	0.00324	0.00753
77	0.01527	0.01512	0.02122	0.01828	0.01835	0.02107	0.01520	0.01688	0.01094	0.01710	0.00991	0.01629	0.00983	0.01481	0.06344	0.00359	0.69553	0.00631	0.00316	0.00771
78	0.01681	0.01921	0.04202	0.03001	0.03721	0.01801	0.67947	0.02281	0.01681	0.02281	0.01441	0.01921	0.01080	0.00600	0.00840	0.00240	0.01200	0.00840	0.00360	0.00960
79	0.02985	0.01259	0.01646	0.01294	0.01823	0.01153	0.01058	0.03516	0.11951	0.60990	0.02822	0.02458	0.01823	0.00894	0.00717	0.00223	0.00600	0.00729	0.00858	0.01199
80	0.01596	0.01753	0.03679	0.02862	0.08654	0.01672	0.53672	0.02119	0.01625	0.02219	0.01685	0.09679	0.01469	0.00796	0.00879	0.00245	0.03132	0.00945	0.00390	0.00928
81	0.01531	0.17162	0.53983	0.01898	0.02818	0.01898	0.04213	0.02213	0.01483	0.02126	0.01215	0.01449	0.00911	0.00683	0.00701	0.00215	0.03676	0.00511	0.00304	0.01013
82	0.01184	0.00860	0.01147	0.01270	0.01438	0.00871	0.01063	0.04169	0.04572	0.02203	0.03679	0.20065	0.04014	0.01929	0.00947	0.00312	0.00611	0.48320	0.00662	0.00684
83	0.01017	0.00763	0.01144	0.01144	0.01272	0.00890	0.00890	0.01272	0.01144	0.01653	0.01907	0.02797	0.01780	0.05340	0.72153	0.01144	0.01907	0.00763	0.00381	0.00636
84	0.02366	0.04485	0.12361	0.04862	0.07209	0.12046	0.01593	0.32155	0.05058	0.08526	0.01623	0.01705	0.01177	0.00789	0.00690	0.00212	0.00884	0.00601	0.00561	0.01097
85	0.01681	0.01308	0.01675	0.03937	0.11947	0.01405	0.01302	0.05013	0.28277	0.07418	0.02943	0.04162	0.04253	0.01220	0.00800	0.00260	0.00650	0.20131	0.00646	0.00972
86	0.01428	0.03683	0.71286	0.02030	0.03082	0.01654	0.02631	0.02255	0.01503	0.02255	0.01278	0.01503	0.00902	0.00677	0.00677	0.00226	0.01052	0.00526	0.00301	0.01052
87	0.01017	0.00763	0.01144	0.01144	0.01272	0.00890	0.00890	0.01272	0.01144	0.01653	0.01907	0.02797	0.01780	0.05340	0.72153	0.01144	0.01907	0.00763	0.00381	0.00636
88	0.01554	0.22595	0.53472	0.01816	0.02751	0.01961	0.02258	0.02223	0.01488	0.02102	0.01202	0.01408	0.00905	0.00659	0.00619	0.00206	0.00976	0.00488	0.00302	0.01016
89	0.01782	0.01284	0.01430	0.01210	0.01569	0.01316	0.00939	0.28733	0.02201	0.03092	0.02344	0.21261	0.02256	0.03730	0.00807	0.00228	0.00579	0.00994	0.12183	0.12063
90	0.08448	0.01724	0.01830	0.01450	0.01956	0.01891	0.01186	0.45946	0.09558	0.08438	0.02102	0.02069	0.04124	0.00890	0.00686	0.00216	0.00690	0.00679	0.05005	0.01114
91	0.02326	0.01711	0.01837	0.01462	0.01930	0.01888	0.01179	0.49294	0.10115	0.03916	0.04736	0.02231	0.01680	0.06114	0.00910	0.00248	0.00705	0.00715	0.05916	0.01088
92	0.00884	0.00723	0.00781	0.00766	0.00988	0.00619	0.00575	0.01105	0.01724	0.02163	0.23389	0.06459	0.53920	0.01714	0.00841	0.00236	0.00354	0.01448	0.00693	0.00619
93	0.66197	0.01449	0.01199	0.01034	0.01488	0.01659	0.00851	0.11863	0.01541	0.03349	0.01282	0.01407	0.02890	0.00724	0.00493	0.00220	0.00580	0.00457	0.00487	0.00831
94	0.01477	0.01266	0.01477	0.01055	0.01687	0.00949	0.00844	0.01793	0.01477	0.02320	0.01266	0.01477	0.01055	0.00527	0.00527	0.00105	0.00527	0.00422	0.00422	0.79328
95	0.00868	0.00620	0.00826	0.00991	0.01033	0.00578	0.00661	0.00991	0.01363	0.01818	0.03925	0.74510	0.04710	0.02231	0.00909	0.00289	0.00413	0.02024	0.00661	0.00578
96	0.00873	0.00624	0.00831	0.00988	0.01034	0.00582	0.00661	0.01006	0.01390	0.01860	0.06592	0.71724	0.04790	0.02200	0.00906	0.00287	0.00410	0.01995	0.00666	0.00582
97	0.01987	0.47176	0.10980	0.01372	0.01982	0.07282	0.01360	0.07573	0.01717	0.06089	0.05467	0.01572	0.01345	0.00714	0.00555	0.00176	0.00798	0.00500	0.00405	0.00950
98	0.00990	0.00727	0.00927	0.00877	0.01053	0.00664	0.00658	0.01309	0.01974	0.02756	0.63412	0.05483	0.13527	0.01493	0.00840	0.00226	0.00339	0.01311	0.00771	0.00664
99	0.00867	0.00623	0.00822	0.00982	0.01030	0.00579	0.00657	0.00993	0.01373	0.01822	0.04042	0.72086	0.07058	0.02216	0.00906	0.00287	0.00411	0.02006	0.00661	0.00579
100	0.01441	0.01421	0.02588	0.48064	0.04238	0.01635	0.18272	0.01920	0.01469	0.01963	0.01333	0.01915	0.01019	0.00724	0.00840	0.00240	0.05688	0.00685	0.03717	0.00827
101	0.01833	0.01579	0.02032	0.09955	0.19651	0.03501	0.01505	0.16298	0.19398	0.02810	0.02146	0.02473	0.04023	0.01200	0.05762	0.00293	0.00833	0.03134	0.00545	0.01030
102	0.00868	0.00620	0.00826	0.00991	0.01033	0.00578	0.00661	0.00991	0.01363	0.01818	0.03925	0.74510	0.04710	0.02231	0.00909	0.00289	0.00413	0.02024	0.00661	0.00578
103	0.01904	0.75404	0.03731	0.01218	0.01828	0.02818	0.01218	0.02132	0.01447	0.01675	0.00990	0.01142	0.00914	0.00609	0.00457	0.00152	0.00761	0.00381	0.00305	0.00914
104	0.01406	0.03364	0.63753	0.01901	0.02857	0.01556	0.02417	0.02177	0.01489	0.02261	0.01374	0.01632	0.00999	0.00858	0.03287	0.00255	0.01033	0.00545	0.05824	0.01010
105	0.01445	0.03569	0.66951	0.02092	0.03123	0.01663	0.06851	0.02257	0.01515	0.02257	0.01288	0.01530	0.00914	0.00672	0.00687	0.00226	0.01062	0.00546	0.00305	0.01046
106	0.01345	0.01266	0.02136	0.73264	0.04904	0.01582	0.01978	0.01819	0.01424	0.01819	0.01266	0.01898	0.00949	0.00712	0.00712	0.00237	0.00949	0.00633	0.00316	0.00791
107	0.00971	0.00723	0.00903	0.00866	0.01043	0.00655	0.00647	0.01270	0.01918	0.02642	0.55851	0.08002	0.18779	0.01549	0.00843	0.00229	0.00343	0.01354	0.00756	0.00655
108	0.05099	0.01594	0.01667	0.01457	0.01887	0.01830	0.01147	0.13501	0.56458	0.03217	0.02640	0.02452	0.01970	0.00937	0.00711	0.00236	0.00596	0.00763	0.00711	0.01125
109	0.01662	0.01821	0.05919	0.10834	0.06064	0.04693	0.37926	0.06631	0.04103	0.02329	0.01731	0.09673	0.01490	0.00829	0.00799	0.00239	0.01019	0.00891	0.00422	0.00927
110	0.01514	0.01502	0.02187	0.04491	0.02015	0.02043	0.04385	0.01708	0.01132	0.01737	0.01044	0.01682	0.01007	0.01514	0.07588	0.00370	0.62343	0.00644	0.00319	0.00776
111	0.00868	0.00620	0.00826	0.00991	0.01033	0.00578	0.00661	0.00991	0.01363	0.01818	0.03925	0.74510	0.04710	0.02231	0.00909	0.00289	0.00413	0.02024	0.00661	0.00578
112	0.01576	0.01522	0.02650	0.29548	0.29707	0.01623	0.11682	0.04417	0.01620	0.02187	0.01678	0.02127	0.05025	0.00733	0.00736	0.00227	0.00907	0.00714	0.00371	0.00950
113	0.01562	0.16347	0.54134	0.01872	0.02781	0.04403	0.02293	0.02233	0.01496	0.02113	0.01207	0.01433	0.00906	0.00688	0.00700	0.00214	0.03801	0.00502	0.00304	0.01009
114	0.01042	0.00760	0.00838	0.00825	0.01069	0.00652	0.00634	0.01249	0.01671	0.06870	0.10951	0.09032	0.53738	0.01742	0.00845	0.00246	0.00400	0.06098	0.00685	0.00652
115	0.02660	0.03394	0.02018	0.01834	0.02201	0.72116	0.01376	0.02843	0.02018	0.01743	0.01101	0.01284	0.00917	0.00734	0.00642	0.00183	0.01284	0.00459	0.00367	0.00825
116	0.02107	0.01796	0.08342	0.04070	0.01978	0.12197	0.01244	0.06484	0.12848	0.20226	0.05002	0.07035	0.06733	0.03061	0.00865	0.00241	0.03349	0.00827	0.00624	0.00969
117	0.01487	0.01392	0.02289	0.45984	0.23813	0.01600	0.01955	0.02040	0.05812	0.02053	0.01479	0.02122	0.01190	0.00749	0.00720	0.00233	0.00884	0.02926	0.00365	0.00906
118	0.00874	0.00686	0.00794	0.00862	0.01017	0.00605	0.00621	0.01048	0.01545	0.01945	0.09468	0.33369	0.38032	0.01958	0.00874	0.00262	0.00392	0.04380	0.00668	0.00599
119	0.11676	0.01717	0.11929	0.09759	0.04283	0.03813	0.01395	0.05098	0.06872	0.29099	0.05757	0.02167	0.01659	0.00830	0.00681	0.00223	0.00723	0.00663	0.00621	0.01035
120	0.10229	0.01336	0.01913	0.23316	0.18045	0.03354	0.03857	0.04745	0.01542	0.02332	0.01576	0.04543	0.01313	0.01090	0.05692	0.00282	0.00846	0.00673	0.12464	0.00852
121	0.43221	0.01854	0.10829	0.04628	0.11468	0.04079	0.10140	0.02167	0.01403	0.02732	0.01149	0.01417	0.00889	0.00656	0.00577	0.00222	0.00782	0.00510	0.00393	0.00883
122	0.07155	0.12402	0.36772	0.01941	0.07738	0.01774	0.04426	0.02409	0.09132	0.04738	0.01558	0.01869	0.01209	0.00748	0.00657	0.00220	0.00883	0.02956	0.00398	0.01016
123	0.01038	0.00793	0.01184	0.01172	0.01295	0.00940	0.00916	0.01289	0.01142	0.01655	0.01870	0.02750	0.01748	0.05183	0.69469	0.01112	0.04667	0.00758	0.00379	0.00641
124	0.01824	0.69240	0.03485	0.01180	0.01748	0.02638	0.01158	0.02041	0.01437	0.01673	0.01296	0.01522	0.03807	0.03766	0.00605	0.00178	0.00742	0.00454	0.00324	0.00881
125	0.01629	0.01155	0.01364	0.01051	0.01568	0.00930	0.00832	0.04295	0.01641	0.12216	0.02607	0.07596	0.12060	0.00907	0.00637	0.00160	0.00514	0.00752	0.00552	0.47534
126	0.02082	0.09908	0.04684	0.01326	0.01772	0.03445	0.05714	0.02464	0.04366	0.28607	0.19434	0.07977	0.03026	0.01060	0.00736	0.00219	0.00622	0.00909	0.00692	0.00957
127	0.01390	0.01251	0.01879	0.23415	0.05549	0.01554	0.03807	0.01681	0.01313	0.01899	0.01689	0.04531	0.04154	0.06232	0.01473	0.00287	0.26202	0.00748	0.10195	0.00752
128	0.06675	0.56901	0.03224	0.01284	0.01775	0.02561	0.01219	0.02036	0.01403	0.01823	0.03767	0.01373	0.01142	0.00740	0.00749	0.00183	0.11485	0.00453	0.00333	0.00875
129	0.02446	0.02750	0.02033	0.01775	0.02119	0.45390	0.01380	0.15480	0.02111	0.02276	0.01226	0.01464	0.01010	0.01004	0.03563	0.00244	0.11885	0.00530	0.00427	0.00887
130	0.17759	0.01396	0.01583	0.01258	0.01777	0.04182	0.01031	0.07524	0.04211	0.48492	0.02321	0.02095	0.01515	0.00834	0.00660	0.00219	0.00634	0.00640	0.00759	0.01109
131	0.01462	0.03464	0.63255	0.02204	0.06039	0.01666	0.07559	0.02254	0.01522	0.02260	0.01293	0.01546	0.00925	0.00669	0.00690	0.00226	0.01055	0.00555	0.00307	0.01049
132	0.00971	0.00726	0.00900	0.00857	0.01041	0.00656	0.00643	0.01272	0.01928	0.02646	0.56042	0.05663	0.20965	0.01534	0.00840	0.00228	0.00341	0.01336	0.00756	0.00656
133	0.00989	0.00727	0.00926	0.00876	0.01052	0.00664	0.00657	0.01308	0.01971	0.02751	0.63075	0.05492	0.13867	0.01495	0.00840	0.00226	0.00339	0.01312	0.00770	0.00664
134	0.07367	0.02066	0.01921	0.01548	0.02040	0.13359	0.01249	0.45885	0.05708	0.03765	0.01662	0.01716	0.01222	0.00826	0.00669	0.00207	0.00808	0.00604	0.06300	0.01078
135	0.00962	0.00707	0.00902	0.00894	0.01046	0.00646	0.00655	0.01240	0.01847	0.02552	0.50388	0.18570	0.13661	0.01642	0.00853	0.00238	0.00353	0.01452	0.00747	0.00646
136	0.01113	0.00795	0.01106	0.01262	0.01413	0.00789	0.01078	0.01419	0.01623	0.02123	0.06163	0.15042	0.04257	0.01977	0.00970	0.00320	0.00618	0.56621	0.00661	0.00648
137	0.01023	0.00738	0.01018	0.01018	0.01102	0.00822	0.00733	0.01191	0.01107	0.01560	0.02022	0.03435	0.02057	0.29184	0.48689	0.00989	0.01491	0.00856	0.00399	0.00566
138	0.01428	0.03683	0.71286	0.02030	0.03082	0.01654	0.02631	0.02255	0.01503	0.02255	0.01278	0.01503	0.00902	0.00677	0.00677	0.00226	0.01052	0.00526	0.00301	0.01052
139	0.00996	0.00727	0.00936	0.00884	0.01057	0.00667	0.00663	0.01321	0.01988	0.02790	0.65762	0.05426	0.11155	0.01480	0.00840	0.00225	0.00338	0.01303	0.00775	0.00667
140	0.00868	0.00620	0.00826	0.00991	0.01033	0.00578	0.00661	0.00991	0.01363	0.01818	0.03925	0.74510	0.04710	0.02231	0.00909	0.00289	0.00413	0.02024	0.00661	0.00578
141	0.01217	0.00899	0.01199	0.01327	0.01517	0.00925	0.01145	0.01732	0.09157	0.02225	0.03673	0.07434	0.03884	0.01856	0.00955	0.00318	0.00645	0.58520	0.00663	0.00708
142	0.01057	0.00730	0.00850	0.00837	0.00842	0.00761	0.00497	0.01073	0.01042	0.01406	0.02175	0.04455	0.02487	0.69089	0.06330	0.00693	0.03790	0.01007	0.00424	0.00454
143	0.01477	0.01266	0.01477	0.01055	0.01687	0.00949	0.00844	0.01793	0.01477	0.02320	0.01266	0.01477	0.01055	0.00527	0.00527	0.00105	0.00527	0.00422	0.00422	0.79328
144	0.00982	0.00738	0.00829	0.00807	0.00975	0.00679	0.00574	0.01233	0.03589	0.02163	0.25697	0.05608	0.30995	0.17232	0.01417	0.00328	0.00428	0.01281	0.03840	0.00605
145	0.00892	0.00630	0.00819	0.00960	0.00995	0.00595	0.00627	0.00998	0.01315	0.01753	0.03677	0.64208	0.04397	0.12960	0.01309	0.00348	0.00454	0.01878	0.00627	0.00557
146	0.00911	0.00638	0.00813	0.00936	0.00967	0.00607	0.00602	0.01003	0.01279	0.01705	0.03490	0.56441	0.04161	0.21049	0.01611	0.00393	0.00485	0.01769	0.00602	0.00540
147	0.01904	0.75404	0.03731	0.01218	0.01828	0.02818	0.01218	0.02132	0.01447	0.01675	0.00990	0.01142	0.00914	0.00609	0.00457	0.00152	0.00761	0.00381	0.00305	0.00914
148	0.01810	0.67419	0.03429	0.01185	0.01733	0.02597	0.01151	0.02024	0.01407	0.01654	0.01112	0.01450	0.01063	0.06004	0.03310	0.00226	0.00799	0.00441	0.00316	0.00870
149	0.04008	0.02042	0.14617	0.02375	0.05774	0.01683	0.32112	0.12279	0.01885	0.02622	0.01781	0.02690	0.01508	0.00857	0.00797	0.00245	0.00997	0.10307	0.00450	0.00971
150	0.02212	0.01612	0.01804	0.01428	0.01896	0.01730	0.01154	0.44160	0.02608	0.05542	0.01762	0.02081	0.01395	0.06734	0.11884	0.00379	0.00917	0.00666	0.00616	0.09419
151	0.00866	0.00627	0.00819	0.00972	0.01028	0.00580	0.00653	0.00994	0.01382	0.01825	0.04156	0.69742	0.09328	0.02201	0.00904	0.00286	0.00409	0.01988	0.00661	0.00580
152	0.01484	0.00796	0.00973	0.00884	0.01058	0.00750	0.00621	0.01672	0.01549	0.15249	0.19977	0.04108	0.03390	0.30825	0.01886	0.00402	0.00529	0.00985	0.12186	0.00677
153	0.02144	0.01742	0.01706	0.01464	0.01895	0.09689	0.01152	0.17748	0.34586	0.09811	0.02688	0.04596	0.05595	0.00990	0.00723	0.00228	0.00683	0.00794	0.00691	0.01075
154	0.01442	0.05775	0.69316	0.02006	0.03045	0.01688	0.02590	0.02251	0.01502	0.02238	0.01269	0.01493	0.00902	0.00675	0.00670	0.00223	0.01044	0.00522	0.00301	0.01048
155	0.01036	0.00690	0.00777	0.00777	0.00777	0.00690	0.00431	0.01036	0.01036	0.01381	0.02244	0.04660	0.02589	0.74975	0.03624	0.00690	0.00690	0.01036	0.00431	0.00431
156	0.04300	0.03192	0.53225	0.02216	0.03169	0.01686	0.17701	0.02255	0.01534	0.02295	0.01305	0.01588	0.00939	0.00658	0.00706	0.00229	0.01069	0.00594	0.00319	0.01021
157	0.01534	0.01304	0.01823	0.06157	0.23144	0.01381	0.01368	0.02290	0.19666	0.05188	0.02926	0.15018	0.10102	0.01169	0.00822	0.00242	0.03342	0.01021	0.00559	0.00945
158	0.01024	0.00685	0.00780	0.00792	0.00795	0.00682	0.00448	0.01032	0.01059	0.01411	0.02362	0.09583	0.02738	0.69848	0.03433	0.00662	0.00671	0.01105	0.00448	0.00442
159	0.00864	0.00722	0.00753	0.00745	0.00976	0.00611	0.00559	0.01066	0.01676	0.02050	0.15763	0.06644	0.61615	0.01756	0.00841	0.00238	0.00357	0.01474	0.00678	0.00611
160	0.01574	0.14611	0.58028	0.01873	0.02837	0.01808	0.02348	0.02286	0.01517	0.04999	0.01297	0.01486	0.00939	0.00675	0.00644	0.00214	0.00989	0.00512	0.00325	0.01038
161	0.02959	0.01388	0.01737	0.01354	0.01893	0.01334	0.01111	0.15359	0.09195	0.51827	0.02617	0.02317	0.01704	0.00885	0.00716	0.00221	0.00634	0.00711	0.00834	0.01203
162	0.00915	0.00724	0.00823	0.00799	0.01007	0.00632	0.00599	0.01164	0.01797	0.02336	0.35071	0.06174	0.42129	0.01650	0.00841	0.00233	0.00350	0.01408	0.00716	0.00632
163	0.01904	0.75404	0.03731	0.01218	0.01828	0.02818	0.01218	0.02132	0.01447	0.01675	0.00990	0.01142	0.00914	0.00609	0.00457	0.00152	0.00761	0.00381	0.00305	0.00914
164	0.02314	0.18933	0.04920	0.02096	0.12658	0.43656	0.01509	0.02566	0.01814	0.01835	0.01119	0.01334	0.00948	0.00689	0.00612	0.00182	0.01094	0.00471	0.00349	0.00899
165	0.01667	0.01252	0.01617	0.01781	0.13775	0.01276	0.01210	0.13462	0.08792	0.07534	0.08609	0.04460	0.15041	0.01291	0.00805	0.00247	0.00620	0.15001	0.00646	0.00914
166	0.01596	0.01621	0.02175	0.01868	0.01881	0.04597	0.01552	0.01753	0.01123	0.01715	0.00940	0.01548	0.00934	0.01229	0.02278	0.00307	0.71172	0.00617	0.00313	0.00781
167	0.01428	0.03683	0.71286	0.02030	0.03082	0.01654	0.02631	0.02255	0.01503	0.02255	0.01278	0.01503	0.00902	0.00677	0.00677	0.00226	0.01052	0.00526	0.00301	0.01052
168	0.00873	0.00624	0.00831	0.00988	0.01034	0.00582	0.00661	0.01004	0.01387	0.01855	0.06298	0.72031	0.04782	0.02203	0.00906	0.00287	0.00410	0.01998	0.00665	0.00582
169	0.02654	0.01333	0.01636	0.01336	0.01831	0.01322	0.01077	0.03589	0.27565	0.45181	0.02843	0.02512	0.01919	0.00914	0.00719	0.00228	0.00590	0.00750	0.00822	0.01180
170	0.00892	0.00630	0.00819	0.00960	0.00995	0.00595	0.00627	0.00998	0.01315	0.01753	0.03677	0.64208	0.04397	0.12960	0.01309	0.00348	0.00454	0.01878	0.00627	0.00557
171	0.14625	0.12521	0.07342	0.01308	0.01892	0.01565	0.01186	0.09881	0.01922	0.37837	0.02023	0.01891	0.01358	0.00788	0.00632	0.00210	0.00674	0.00593	0.00665	0.01087
172	0.59613	0.01735	0.11581	0.04363	0.06650	0.01612	0.01196	0.02112	0.01293	0.02937	0.01070	0.01282	0.00823	0.00664	0.00505	0.00221	0.00662	0.00434	0.00409	0.00839

[dist]
# distance from previous block
# <min> <max>
0	1

[block]
# block no. 2 follows, 29 sequences, length 13
# corresponding to MSA columns:
# 221-233
name=unknown_C
#
# <colnr> <probs for GDERKNQSTAVLIFYWHMCP>
#	G	D	E	R	K	N	Q	S	T	A	V	L	I	F	Y	W	H	M	C	P
0	0.01681	0.01921	0.04202	0.03001	0.03721	0.01801	0.67947	0.02281	0.01681	0.02281	0.01441	0.01921	0.01080	0.00600	0.00840	0.00240	0.01200	0.00840	0.00360	0.00960
1	0.01566	0.02006	0.12695	0.07268	0.03396	0.01726	0.45190	0.02122	0.01571	0.02171	0.01512	0.06144	0.01251	0.00770	0.00942	0.00247	0.07302	0.00836	0.00363	0.00923
2	0.01030	0.00711	0.00882	0.00882	0.00919	0.00748	0.00563	0.01103	0.01067	0.01459	0.02147	0.04125	0.02356	0.54962	0.23320	0.00821	0.01040	0.00957	0.00417	0.00490
3	0.01477	0.01266	0.01477	0.01055	0.01687	0.00949	0.00844	0.01793	0.01477	0.02320	0.01266	0.01477	0.01055	0.00527	0.00527	0.00105	0.00527	0.00422	0.00422	0.79328
4	0.80005	0.01377	0.01047	0.00936	0.01377	0.01597	0.00771	0.02093	0.01212	0.03195	0.00991	0.01157	0.00771	0.00661	0.00441	0.00220	0.00551	0.00386	0.00441	0.00771
5	0.01110	0.00752	0.00973	0.00904	0.01096	0.00687	0.00683	0.01432	0.01991	0.06316	0.62546	0.05270	0.10633	0.01449	0.00834	0.00225	0.00352	0.01272	0.00781	0.00695
6	0.01020	0.00753	0.01093	0.01093	0.01203	0.00862	0.00826	0.01239	0.01129	0.01615	0.01954	0.03056	0.01892	0.15007	0.62640	0.01081	0.01738	0.00801	0.00388	0.00607
7	0.03051	0.01180	0.01606	0.01242	0.01768	0.01022	0.01022	0.03330	0.02037	0.66535	0.07247	0.02614	0.02089	0.00919	0.00724	0.00221	0.00588	0.00754	0.00875	0.01176
8	0.00890	0.00636	0.00852	0.01017	0.01068	0.00598	0.00700	0.01030	0.01385	0.01843	0.03912	0.69231	0.04661	0.02210	0.00915	0.00292	0.00432	0.07085	0.00661	0.00585
9	0.00914	0.00639	0.00813	0.00932	0.00962	0.00609	0.00597	0.01004	0.01273	0.01697	0.03459	0.55174	0.04122	0.22369	0.01661	0.00400	0.00490	0.01751	0.00597	0.00538
10	0.01036	0.00690	0.00777	0.00777	0.00777	0.00690	0.00431	0.01036	0.01036	0.01381	0.02244	0.04660	0.02589	0.74975	0.03624	0.00690	0.00690	0.01036	0.00431	0.00431
11	0.01090	0.00785	0.00976	0.00987	0.01022	0.00859	0.00674	0.01194	0.01209	0.01732	0.02628	0.27160	0.02965	0.31188	0.02150	0.00438	0.10791	0.01259	0.10335	0.00558
12	0.02235	0.02507	0.02440	0.03031	0.34736	0.34781	0.01760	0.06085	0.01901	0.02170	0.01247	0.01535	0.01034	0.00693	0.00676	0.00198	0.01048	0.00552	0.00379	0.00990

[dist]
# distance from previous block
# <min> <max>
0	1

[block]
# block no. 3 follows, 29 sequences, length 40
# corresponding to MSA columns:
# 235-274
name=unknown_D
#
# <colnr> <probs for GDERKNQSTAVLIFYWHMCP>
#	G	D	E	R	K	N	Q	S	T	A	V	L	I	F	Y	W	H	M	C	P
0	0.01345	0.01266	0.02136	0.73264	0.04904	0.01582	0.01978	0.01819	0.01424	0.01819	0.01266	0.01898	0.00949	0.00712	0.00712	0.00237	0.00949	0.00633	0.00316	0.00791
1	0.01595	0.01422	0.02163	0.57780	0.09406	0.04584	0.01889	0.05387	0.01594	0.05467	0.01365	0.01879	0.01016	0.00723	0.00709	0.00231	0.00930	0.00630	0.00370	0.00860
2	0.01568	0.00895	0.01149	0.01013	0.01285	0.00838	0.00784	0.02015	0.07033	0.18198	0.47700	0.04379	0.05100	0.01269	0.00792	0.00223	0.00414	0.01102	0.03417	0.00827
3	0.01345	0.01266	0.02136	0.73264	0.04904	0.01582	0.01978	0.01819	0.01424	0.01819	0.01266	0.01898	0.00949	0.00712	0.00712	0.00237	0.00949	0.00633	0.00316	0.00791
4	0.02205	0.01619	0.01759	0.01429	0.01882	0.01772	0.01146	0.38094	0.18158	0.07071	0.07805	0.02652	0.05372	0.04662	0.00877	0.00246	0.00663	0.00796	0.00713	0.01080
5	0.00908	0.00724	0.00813	0.00791	0.01002	0.00629	0.00593	0.01150	0.01779	0.02295	0.32274	0.06242	0.44952	0.01665	0.00841	0.00234	0.00351	0.01417	0.00710	0.00629
6	0.76186	0.01369	0.01077	0.00953	0.01399	0.01570	0.00785	0.02162	0.01253	0.06567	0.01082	0.01220	0.00820	0.00672	0.00454	0.00220	0.00554	0.00402	0.00463	0.00793
7	0.01243	0.01100	0.01588	0.12421	0.01960	0.01398	0.01219	0.01449	0.01192	0.01700	0.01809	0.13847	0.01892	0.09515	0.17557	0.00520	0.27592	0.00920	0.00396	0.00683
8	0.01345	0.01266	0.02136	0.73264	0.04904	0.01582	0.01978	0.01819	0.01424	0.01819	0.01266	0.01898	0.00949	0.00712	0.00712	0.00237	0.00949	0.00633	0.00316	0.00791
9	0.00868	0.00620	0.00826	0.00991	0.01033	0.00578	0.00661	0.00991	0.01363	0.01818	0.03925	0.74510	0.04710	0.02231	0.00909	0.00289	0.00413	0.02024	0.00661	0.00578
10	0.03195	0.01212	0.01652	0.01267	0.01818	0.01047	0.01047	0.03470	0.02038	0.71026	0.02809	0.02424	0.01763	0.00881	0.00716	0.00220	0.00606	0.00716	0.00881	0.01212
11	0.41653	0.01454	0.05001	0.23315	0.05231	0.01546	0.01314	0.02153	0.01386	0.09184	0.01277	0.01546	0.00941	0.00697	0.00572	0.00225	0.00714	0.00509	0.00434	0.00847
12	0.02289	0.01663	0.01921	0.12981	0.02417	0.06978	0.01356	0.27243	0.02257	0.15250	0.01749	0.01931	0.01281	0.01172	0.05738	0.00288	0.08244	0.00647	0.03583	0.01011
13	0.01250	0.00823	0.01145	0.01273	0.01449	0.00808	0.01088	0.01552	0.01635	0.06593	0.03724	0.14950	0.04013	0.01925	0.00958	0.00317	0.00626	0.54515	0.00671	0.00684
14	0.64747	0.01611	0.05888	0.01100	0.01599	0.01680	0.00971	0.10651	0.01508	0.03299	0.01104	0.01251	0.00837	0.00687	0.00492	0.00220	0.00614	0.00428	0.00466	0.00847
15	0.01745	0.01674	0.02858	0.07290	0.67753	0.01687	0.02177	0.02170	0.01613	0.02305	0.01336	0.01768	0.01120	0.00638	0.00705	0.00213	0.00850	0.00634	0.00351	0.01114
16	0.00897	0.00649	0.00855	0.01009	0.01078	0.00607	0.00708	0.01048	0.01413	0.01861	0.04137	0.62256	0.09229	0.02171	0.00913	0.00290	0.00437	0.09193	0.00660	0.00589
17	0.01345	0.01266	0.02136	0.73264	0.04904	0.01582	0.01978	0.01819	0.01424	0.01819	0.01266	0.01898	0.00949	0.00712	0.00712	0.00237	0.00949	0.00633	0.00316	0.00791
18	0.01710	0.01791	0.09268	0.33631	0.05640	0.04056	0.10371	0.15466	0.01888	0.02489	0.01534	0.04191	0.01229	0.00806	0.00737	0.00233	0.00941	0.02668	0.00425	0.00925
19	0.03022	0.01374	0.01741	0.01340	0.01884	0.01297	0.01105	0.17967	0.02332	0.54104	0.04487	0.02346	0.01780	0.00892	0.00719	0.00219	0.00638	0.00716	0.00841	0.01196
20	0.02365	0.01430	0.01662	0.01389	0.01852	0.01504	0.01117	0.12529	0.31409	0.27493	0.04715	0.02725	0.02099	0.00973	0.00733	0.00233	0.00606	0.03249	0.00778	0.01138
21	0.01762	0.48888	0.19826	0.01641	0.02370	0.02410	0.10174	0.02181	0.01490	0.01891	0.01116	0.01329	0.00933	0.00624	0.00559	0.00181	0.00887	0.00475	0.00311	0.00953
22	0.00886	0.00633	0.00848	0.01013	0.01062	0.00595	0.00694	0.01024	0.01382	0.01839	0.03914	0.70062	0.04669	0.02213	0.00914	0.00292	0.00429	0.06288	0.00661	0.00584
23	0.01500	0.17562	0.54541	0.01814	0.02735	0.01832	0.02256	0.02185	0.01518	0.02172	0.04681	0.01624	0.01196	0.00702	0.00642	0.00211	0.00959	0.00536	0.00326	0.01006
24	0.06859	0.01264	0.01562	0.10409	0.02104	0.01089	0.01018	0.02084	0.01542	0.13288	0.01494	0.01661	0.01136	0.00616	0.00576	0.00148	0.00596	0.00494	0.00483	0.51576
25	0.00877	0.00630	0.00835	0.00994	0.01047	0.00588	0.00675	0.01010	0.01382	0.01833	0.04024	0.69928	0.06783	0.02208	0.00909	0.00289	0.00420	0.04326	0.00661	0.00582
26	0.01673	0.01897	0.04070	0.02927	0.03601	0.01826	0.63614	0.02244	0.01642	0.02244	0.01408	0.01897	0.01071	0.00642	0.00938	0.00245	0.05931	0.00826	0.00357	0.00949
27	0.01471	0.01295	0.01638	0.01206	0.01778	0.01064	0.04223	0.01783	0.01456	0.02258	0.01346	0.04120	0.01179	0.00642	0.00683	0.00133	0.05658	0.00514	0.00420	0.67133
28	0.00909	0.00626	0.00830	0.00968	0.01003	0.00591	0.00638	0.00990	0.01303	0.01737	0.03581	0.63162	0.04270	0.08431	0.01280	0.06233	0.00452	0.01835	0.00615	0.00546
29	0.00868	0.00620	0.00826	0.00991	0.01033	0.00578	0.00661	0.00991	0.01363	0.01818	0.03925	0.74510	0.04710	0.02231	0.00909	0.00289	0.00413	0.02024	0.00661	0.00578
30	0.01786	0.01781	0.02797	0.09119	0.53240	0.06407	0.06355	0.02289	0.05034	0.02279	0.01403	0.01796	0.01150	0.00661	0.00711	0.00215	0.00892	0.00645	0.00370	0.01071
31	0.01704	0.01626	0.02738	0.13915	0.58841	0.01679	0.02118	0.02192	0.04054	0.02279	0.01386	0.01814	0.01141	0.00657	0.00707	0.00216	0.00850	0.00640	0.00361	0.01081
32	0.01115	0.00754	0.00896	0.00875	0.00977	0.00777	0.00598	0.03597	0.01307	0.01855	0.05990	0.04066	0.08155	0.36187	0.18119	0.00639	0.00871	0.00959	0.11696	0.00565
33	0.00842	0.00721	0.00721	0.00721	0.00962	0.00601	0.00541	0.01022	0.01623	0.01924	0.07213	0.06853	0.70244	0.01803	0.00842	0.00240	0.00361	0.01503	0.00661	0.00601
