[name]
unknown

[dist]
# distance from previous block
# <min> <max>
3	5

[block]
# block no. 0 follows, 28 sequences, length 58
# corresponding to MSA columns:
# 6-63
name=unknown_A
#
# <colnr> <probs for GDERKNQSTAVLIFYWHMCP>
#	G	D	E	R	K	N	Q	S	T	A	V	L	I	F	Y	W	H	M	C	P
0	0.02228	0.31616	0.06294	0.01967	0.10863	0.31791	0.01511	0.02498	0.01750	0.01855	0.01119	0.01327	0.00962	0.00683	0.00590	0.00180	0.01030	0.00463	0.00344	0.00930
1	0.00990	0.00711	0.00961	0.01124	0.01219	0.00682	0.00854	0.01196	0.01505	0.01977	0.04059	0.47464	0.06723	0.02163	0.00954	0.00308	0.00511	0.25305	0.00673	0.00620
2	0.01582	0.06061	0.55553	0.02200	0.05255	0.01779	0.09277	0.05694	0.01653	0.02404	0.01336	0.01585	0.00964	0.00688	0.00703	0.00228	0.01058	0.00575	0.00337	0.01070
3	0.00876	0.00732	0.00764	0.00767	0.00995	0.00619	0.00571	0.01072	0.01681	0.02047	0.12993	0.10192	0.60538	0.01830	0.00862	0.00246	0.00369	0.01540	0.00687	0.00619
4	0.02763	0.02036	0.02182	0.01672	0.02254	0.02254	0.01382	0.67496	0.03418	0.04581	0.01745	0.01745	0.01236	0.00873	0.00727	0.00218	0.00800	0.00654	0.00727	0.01236
5	0.00923	0.00661	0.00877	0.00987	0.01062	0.00615	0.00678	0.01105	0.01564	0.02129	0.20930	0.56275	0.05337	0.02073	0.00910	0.00278	0.00401	0.01872	0.00707	0.00615
6	0.01943	0.74891	0.03809	0.01244	0.01866	0.02876	0.01244	0.02177	0.01477	0.01710	0.01011	0.01166	0.00933	0.00622	0.00466	0.00155	0.00777	0.00389	0.00311	0.00933
7	0.01738	0.01665	0.02840	0.14214	0.60643	0.01711	0.02201	0.02177	0.01626	0.02301	0.01357	0.01819	0.01125	0.00659	0.00721	0.00220	0.00879	0.00647	0.00355	0.01102
8	0.00886	0.00633	0.00843	0.01012	0.01054	0.00590	0.00675	0.01012	0.01392	0.01856	0.04006	0.73979	0.04808	0.02277	0.00928	0.00295	0.00422	0.02066	0.00675	0.00590
9	0.01507	0.01292	0.01507	0.01077	0.01723	0.00969	0.00861	0.01830	0.01507	0.02369	0.01292	0.01507	0.01077	0.00538	0.00538	0.00108	0.00538	0.00431	0.00431	0.78898
10	0.00908	0.00738	0.00804	0.00788	0.01012	0.00635	0.00591	0.01138	0.01773	0.02239	0.25359	0.06542	0.51458	0.01738	0.00859	0.00241	0.00361	0.01471	0.00711	0.00635
11	0.01753	0.01680	0.02868	0.11798	0.62942	0.01715	0.02208	0.02191	0.01633	0.02319	0.01359	0.01814	0.01132	0.00656	0.00720	0.00219	0.00875	0.00647	0.00356	0.01114
12	0.01474	0.01289	0.02154	0.68864	0.04837	0.01586	0.01968	0.01948	0.01487	0.05547	0.01377	0.01967	0.01014	0.00736	0.00727	0.00241	0.00950	0.00651	0.00354	0.00831
13	0.00886	0.00633	0.00843	0.01012	0.01054	0.00590	0.00675	0.01012	0.01392	0.01856	0.04006	0.73979	0.04808	0.02277	0.00928	0.00295	0.00422	0.02066	0.00675	0.00590
14	0.01660	0.33371	0.42847	0.01727	0.02613	0.02183	0.02085	0.02250	0.01511	0.02056	0.01182	0.01381	0.00926	0.00662	0.00597	0.00199	0.00951	0.00475	0.00309	0.01015
15	0.02279	0.01396	0.01604	0.01294	0.01709	0.01435	0.01024	0.29368	0.02410	0.19540	0.06870	0.03146	0.08365	0.12611	0.03337	0.00327	0.00707	0.00863	0.00714	0.01002
16	0.00859	0.00736	0.00736	0.00736	0.00982	0.00614	0.00552	0.01043	0.01657	0.01964	0.07364	0.06996	0.69624	0.01841	0.00859	0.00245	0.00368	0.01534	0.00675	0.00614
17	0.01458	0.03760	0.70688	0.02072	0.03146	0.01688	0.02686	0.02302	0.01535	0.02302	0.01304	0.01535	0.00921	0.00691	0.00691	0.00230	0.01074	0.00537	0.00307	0.01074
18	0.01458	0.03760	0.70688	0.02072	0.03146	0.01688	0.02686	0.02302	0.01535	0.02302	0.01304	0.01535	0.00921	0.00691	0.00691	0.00230	0.01074	0.00537	0.00307	0.01074
19	0.04966	0.02940	0.02119	0.01844	0.02238	0.50932	0.05144	0.09298	0.04443	0.02172	0.01300	0.01562	0.01074	0.03207	0.00835	0.00219	0.03853	0.00545	0.00425	0.00885
20	0.79588	0.01406	0.01068	0.00956	0.01406	0.01631	0.00787	0.02137	0.01237	0.03261	0.01012	0.01181	0.00787	0.00675	0.00450	0.00225	0.00562	0.00394	0.00450	0.00787
21	0.02233	0.01035	0.01384	0.01192	0.01561	0.00938	0.00955	0.04635	0.01984	0.37581	0.17149	0.13396	0.03505	0.01325	0.00813	0.00246	0.00545	0.07730	0.00818	0.00974
22	0.01458	0.03760	0.70688	0.02072	0.03146	0.01688	0.02686	0.02302	0.01535	0.02302	0.01304	0.01535	0.00921	0.00691	0.00691	0.00230	0.01074	0.00537	0.00307	0.01074
23	0.01402	0.01324	0.02222	0.66889	0.08289	0.01640	0.02016	0.01873	0.01453	0.01881	0.01285	0.01920	0.00978	0.00740	0.00779	0.00243	0.03270	0.00646	0.00325	0.00825
24	0.01055	0.00712	0.00827	0.00827	0.00839	0.00724	0.00484	0.01079	0.01067	0.01435	0.02259	0.04581	0.02567	0.68086	0.09964	0.00747	0.00819	0.01031	0.00436	0.00460
25	0.01507	0.01292	0.01507	0.01077	0.01723	0.00969	0.00861	0.01830	0.01507	0.02369	0.01292	0.01507	0.01077	0.00538	0.00538	0.00108	0.00538	0.00431	0.00431	0.78898
26	0.02159	0.01727	0.01827	0.01455	0.01960	0.06293	0.01168	0.26550	0.10831	0.06830	0.01864	0.05409	0.01491	0.00879	0.00771	0.00199	0.04596	0.00675	0.00608	0.22710
27	0.01888	0.57617	0.16612	0.01435	0.02132	0.06074	0.01530	0.02237	0.01517	0.01828	0.01073	0.01244	0.00931	0.00641	0.00519	0.00171	0.00861	0.00421	0.00313	0.00956
28	0.01153	0.00804	0.00986	0.00932	0.01142	0.00739	0.00700	0.03910	0.01948	0.06016	0.42296	0.12762	0.20675	0.01599	0.00854	0.00239	0.00388	0.01390	0.00760	0.00708
29	0.45557	0.16038	0.04720	0.01210	0.01740	0.04034	0.01077	0.13534	0.01699	0.03104	0.01155	0.01295	0.00904	0.00702	0.00517	0.00209	0.00689	0.00446	0.00463	0.00907
30	0.01038	0.00779	0.01168	0.01168	0.01298	0.00909	0.00909	0.01298	0.01168	0.01687	0.01947	0.02856	0.01817	0.05452	0.71573	0.01168	0.01947	0.00779	0.00389	0.00649
31	0.01845	0.60491	0.17348	0.01411	0.02125	0.02636	0.01536	0.02202	0.01489	0.01830	0.01070	0.01241	0.00930	0.00636	0.00512	0.00171	0.00837	0.00419	0.00310	0.00961
32	0.01569	0.19998	0.55421	0.01883	0.02854	0.01959	0.02357	0.02273	0.01522	0.02167	0.01237	0.01451	0.00924	0.00675	0.00639	0.00213	0.01006	0.00503	0.00308	0.01042
33	0.01819	0.01783	0.02811	0.08764	0.59917	0.05359	0.02139	0.02293	0.03794	0.02331	0.01400	0.01812	0.01162	0.00669	0.00717	0.00217	0.00885	0.00644	0.00370	0.01112
34	0.01459	0.01345	0.02074	0.58608	0.04390	0.01653	0.01847	0.02254	0.14746	0.02092	0.01622	0.02091	0.01216	0.00778	0.00729	0.00243	0.00891	0.00681	0.00405	0.00875
35	0.01082	0.01002	0.05704	0.01101	0.01340	0.00825	0.02935	0.01504	0.05422	0.02588	0.42164	0.19656	0.08727	0.01566	0.00855	0.00245	0.00450	0.01394	0.00717	0.00722
36	0.02718	0.05189	0.02204	0.01719	0.02238	0.23909	0.01384	0.44900	0.02922	0.03600	0.01524	0.01588	0.01131	0.00825	0.00695	0.00206	0.00959	0.00586	0.00602	0.01102
37	0.00929	0.00702	0.01023	0.01119	0.01197	0.00655	0.04145	0.01081	0.01409	0.01880	0.03874	0.70227	0.04615	0.02191	0.00924	0.00293	0.00464	0.02003	0.00659	0.00611
38	0.00859	0.00736	0.00736	0.00736	0.00982	0.00614	0.00552	0.01043	0.01657	0.01964	0.07364	0.06996	0.69624	0.01841	0.00859	0.00245	0.00368	0.01534	0.00675	0.00614
39	0.01387	0.01312	0.02183	0.68005	0.04801	0.01656	0.01990	0.01850	0.01431	0.01850	0.01270	0.01915	0.00968	0.00763	0.00837	0.00247	0.05761	0.00645	0.00323	0.00807
40	0.01373	0.01292	0.02180	0.72707	0.05006	0.01615	0.02019	0.01857	0.01453	0.01857	0.01292	0.01938	0.00969	0.00727	0.00727	0.00242	0.00969	0.00646	0.00323	0.00807
41	0.00859	0.00736	0.00736	0.00736	0.00982	0.00614	0.00552	0.01043	0.01657	0.01964	0.07364	0.06996	0.69624	0.01841	0.00859	0.00245	0.00368	0.01534	0.00675	0.00614
42	0.01943	0.74891	0.03809	0.01244	0.01866	0.02876	0.01244	0.02177	0.01477	0.01710	0.01011	0.01166	0.00933	0.00622	0.00466	0.00155	0.00777	0.00389	0.00311	0.00933
43	0.01057	0.00705	0.00793	0.00793	0.00793	0.00705	0.00440	0.01057	0.01057	0.01409	0.02290	0.04757	0.02643	0.74454	0.03700	0.00705	0.00705	0.01057	0.00440	0.00440
44	0.08331	0.01248	0.01646	0.01271	0.01826	0.01106	0.01050	0.03449	0.02025	0.65962	0.02745	0.02388	0.01732	0.00885	0.00712	0.00225	0.00615	0.00709	0.00870	0.01207
45	0.01263	0.00631	0.00947	0.00947	0.00947	0.00631	0.00631	0.00947	0.00947	0.01263	0.01263	0.02210	0.01263	0.02525	0.02841	0.78851	0.00631	0.00631	0.00316	0.00316
46	0.03261	0.01237	0.01687	0.01293	0.01856	0.01068	0.01068	0.03543	0.02081	0.70423	0.02868	0.02474	0.01799	0.00900	0.00731	0.00225	0.00619	0.00731	0.00900	0.01237
47	0.00962	0.00708	0.00900	0.00920	0.01062	0.00647	0.00664	0.01217	0.01799	0.02461	0.41009	0.26631	0.14774	0.01777	0.00879	0.00251	0.00370	0.01575	0.00745	0.00647
48	0.01490	0.08484	0.66246	0.02017	0.03061	0.01767	0.02590	0.02294	0.01531	0.02263	0.01285	0.01510	0.00922	0.00686	0.00676	0.00225	0.01055	0.00527	0.00307	0.01065
49	0.01607	0.04672	0.12324	0.27680	0.31418	0.01731	0.02126	0.02196	0.05163	0.02194	0.01404	0.01835	0.01104	0.00699	0.00709	0.00226	0.00912	0.00631	0.00358	0.01012
50	0.01678	0.36524	0.36080	0.05481	0.02654	0.02234	0.01983	0.02220	0.01504	0.02004	0.01168	0.01386	0.00929	0.00661	0.00589	0.00196	0.00931	0.00474	0.00310	0.00995
51	0.01786	0.42083	0.29375	0.01588	0.02375	0.02358	0.01801	0.04996	0.03814	0.02101	0.01219	0.01383	0.00984	0.00671	0.00573	0.00190	0.00886	0.00471	0.00341	0.01007
52	0.01751	0.06560	0.29905	0.02070	0.11778	0.08357	0.01895	0.06559	0.01717	0.02397	0.01306	0.01537	0.01013	0.00662	0.00645	0.00190	0.00905	0.00520	0.00379	0.19854
53	0.01916	0.01696	0.04499	0.09240	0.29444	0.05234	0.01691	0.12589	0.05518	0.07125	0.01968	0.12178	0.01752	0.00965	0.00749	0.00231	0.00799	0.00853	0.00515	0.01040
54	0.01855	0.02029	0.09179	0.06246	0.48704	0.05508	0.07037	0.06289	0.01772	0.02450	0.01377	0.01762	0.01114	0.00671	0.00725	0.00219	0.00934	0.00644	0.00378	0.01108
55	0.01793	0.01821	0.02897	0.10250	0.47699	0.07471	0.10138	0.02221	0.01668	0.02254	0.01447	0.04351	0.01240	0.00717	0.00739	0.00222	0.00939	0.00709	0.00370	0.01053
56	0.01823	0.01914	0.03182	0.05930	0.38950	0.07569	0.20520	0.02270	0.01663	0.02254	0.01346	0.01795	0.01101	0.00690	0.00864	0.00229	0.05806	0.00691	0.00359	0.01042
57	0.01953	0.01798	0.02891	0.03999	0.57118	0.05432	0.06108	0.02371	0.01712	0.07433	0.01473	0.01833	0.01185	0.00670	0.00726	0.00217	0.00892	0.00657	0.00401	0.01131

[dist]
# distance from previous block
# <min> <max>
0	18

[block]
# block no. 1 follows, 28 sequences, length 113
# corresponding to MSA columns:
# 82-194
name=unknown_B
#
# <colnr> <probs for GDERKNQSTAVLIFYWHMCP>
#	G	D	E	R	K	N	Q	S	T	A	V	L	I	F	Y	W	H	M	C	P
0	0.01940	0.01901	0.07600	0.03288	0.41549	0.01828	0.01931	0.13672	0.13631	0.02863	0.01705	0.01930	0.01335	0.00748	0.00722	0.00223	0.00818	0.00671	0.00485	0.01160
1	0.02048	0.17062	0.28655	0.01712	0.02476	0.02083	0.01824	0.22472	0.07142	0.05475	0.01564	0.01649	0.01150	0.00763	0.00663	0.00213	0.00877	0.00572	0.00491	0.01108
2	0.05571	0.02003	0.04235	0.01568	0.02105	0.11125	0.01299	0.29925	0.12053	0.19549	0.02060	0.01970	0.01443	0.00865	0.00709	0.00220	0.00793	0.00658	0.00698	0.01149
3	0.02376	0.01793	0.02140	0.01663	0.02213	0.04032	0.07816	0.33122	0.13638	0.10926	0.04561	0.02112	0.01637	0.00858	0.00729	0.00216	0.00761	0.00710	0.00678	0.08018
4	0.01998	0.01995	0.14433	0.01962	0.04824	0.01685	0.13919	0.05418	0.28726	0.13756	0.02273	0.02258	0.01639	0.00834	0.00751	0.00238	0.00811	0.00752	0.00605	0.01122
5	0.01589	0.01514	0.02375	0.01714	0.02374	0.01287	0.21399	0.02104	0.05513	0.02396	0.01445	0.01718	0.01152	0.00588	0.00649	0.00158	0.00753	0.00586	0.00429	0.50258
6	0.01393	0.00753	0.01054	0.01010	0.01060	0.00772	0.00696	0.06719	0.01161	0.01550	0.01304	0.02169	0.01260	0.02382	0.02658	0.72031	0.00646	0.00633	0.00351	0.00395
7	0.01688	0.01916	0.07006	0.02806	0.10318	0.01699	0.44655	0.02330	0.05212	0.02375	0.01506	0.01900	0.01154	0.00630	0.00785	0.00223	0.01052	0.00760	0.00392	0.11592
8	0.01252	0.00635	0.00939	0.00939	0.00939	0.00635	0.00622	0.00953	0.00953	0.01270	0.01315	0.02339	0.01333	0.06182	0.02885	0.74878	0.00635	0.00653	0.00322	0.00322
9	0.01737	0.01902	0.03953	0.03415	0.20413	0.01810	0.50935	0.02304	0.01700	0.02340	0.01445	0.01920	0.01115	0.00622	0.00823	0.00238	0.01135	0.00805	0.00366	0.01023
10	0.23342	0.02004	0.01853	0.01495	0.02015	0.09412	0.01217	0.41141	0.04713	0.03882	0.01520	0.01578	0.01114	0.00810	0.00646	0.00218	0.00783	0.00570	0.00616	0.01071
11	0.01098	0.00784	0.01087	0.01255	0.01390	0.00773	0.01044	0.01379	0.01601	0.02093	0.03889	0.25079	0.04344	0.02077	0.00984	0.00325	0.00606	0.48870	0.00671	0.00649
12	0.01090	0.00759	0.00975	0.00912	0.01103	0.00693	0.00687	0.01417	0.02024	0.05115	0.61897	0.05466	0.12124	0.01497	0.00853	0.00230	0.00354	0.01314	0.00793	0.00698
13	0.01501	0.10107	0.64720	0.01998	0.03032	0.01794	0.02557	0.02291	0.01530	0.02249	0.01278	0.01502	0.00922	0.00684	0.00671	0.00224	0.01048	0.00524	0.00307	0.01062
14	0.02715	0.03464	0.02060	0.01873	0.02247	0.71536	0.01404	0.02903	0.02060	0.01779	0.01124	0.01311	0.00936	0.00749	0.00655	0.00187	0.01311	0.00468	0.00375	0.00843
15	0.00886	0.00633	0.00843	0.01012	0.01054	0.00590	0.00675	0.01012	0.01392	0.01856	0.04006	0.73979	0.04808	0.02277	0.00928	0.00295	0.00422	0.02066	0.00675	0.00590
16	0.01657	0.01790	0.03631	0.15880	0.12277	0.01803	0.43822	0.02201	0.01630	0.02219	0.01399	0.01917	0.01077	0.00671	0.00894	0.00245	0.04788	0.00781	0.00356	0.00961
17	0.01073	0.00730	0.00941	0.01049	0.01136	0.00699	0.00717	0.04619	0.01510	0.04346	0.03784	0.65117	0.04434	0.04841	0.01014	0.00304	0.00459	0.01908	0.00677	0.00641
18	0.03261	0.01237	0.01687	0.01293	0.01856	0.01068	0.01068	0.03543	0.02081	0.70423	0.02868	0.02474	0.01799	0.00900	0.00731	0.00225	0.00619	0.00731	0.00900	0.01237
19	0.01573	0.01576	0.02278	0.01933	0.01969	0.02155	0.04637	0.01752	0.01151	0.01780	0.01078	0.03970	0.01087	0.01274	0.02266	0.00314	0.67383	0.00693	0.00332	0.00797
20	0.01716	0.01961	0.04289	0.03064	0.03799	0.01838	0.67279	0.02328	0.01716	0.02328	0.01471	0.01961	0.01103	0.00613	0.00858	0.00245	0.01225	0.00858	0.00368	0.00980
21	0.01458	0.03760	0.70688	0.02072	0.03146	0.01688	0.02686	0.02302	0.01535	0.02302	0.01304	0.01535	0.00921	0.00691	0.00691	0.00230	0.01074	0.00537	0.00307	0.01074
22	0.00886	0.00633	0.00843	0.01012	0.01054	0.00590	0.00675	0.01012	0.01392	0.01856	0.04006	0.73979	0.04808	0.02277	0.00928	0.00295	0.00422	0.02066	0.00675	0.00590
23	0.02571	0.02007	0.02474	0.01872	0.02470	0.02175	0.11170	0.55385	0.05646	0.04188	0.01751	0.01814	0.01254	0.00838	0.00747	0.00223	0.00855	0.00691	0.00674	0.01195
24	0.01029	0.00743	0.00972	0.00914	0.01086	0.00686	0.00686	0.01372	0.02058	0.02915	0.69536	0.05430	0.06859	0.01486	0.00857	0.00229	0.00343	0.01315	0.00800	0.00686
25	0.00873	0.00737	0.00755	0.00751	0.00990	0.00619	0.00563	0.01069	0.01689	0.02039	0.12305	0.06871	0.64636	0.01813	0.00859	0.00244	0.00366	0.01517	0.00685	0.00619
26	0.00869	0.00732	0.00753	0.00758	0.00991	0.00616	0.00565	0.01058	0.01665	0.02007	0.10367	0.10054	0.63398	0.01843	0.00862	0.00247	0.00369	0.01548	0.00681	0.00616
27	0.01943	0.74891	0.03809	0.01244	0.01866	0.02876	0.01244	0.02177	0.01477	0.01710	0.01011	0.01166	0.00933	0.00622	0.00466	0.00155	0.00777	0.00389	0.00311	0.00933
28	0.00886	0.00633	0.00843	0.01012	0.01054	0.00590	0.00675	0.01012	0.01392	0.01856	0.04006	0.73979	0.04808	0.02277	0.00928	0.00295	0.00422	0.02066	0.00675	0.00590
29	0.00859	0.00736	0.00736	0.00736	0.00982	0.00614	0.00552	0.01043	0.01657	0.01964	0.07364	0.06996	0.69624	0.01841	0.00859	0.00245	0.00368	0.01534	0.00675	0.00614
30	0.02469	0.10629	0.02272	0.01805	0.02157	0.51698	0.01414	0.04830	0.01904	0.01862	0.01107	0.01352	0.00949	0.00818	0.00895	0.00204	0.11914	0.00491	0.00371	0.00858
31	0.01808	0.01561	0.01644	0.01479	0.01890	0.01808	0.01151	0.03863	0.68606	0.03041	0.02959	0.02712	0.02219	0.00986	0.00740	0.00247	0.00575	0.00822	0.00740	0.01151
32	0.01029	0.00743	0.00972	0.00914	0.01086	0.00686	0.00686	0.01372	0.02058	0.02915	0.69536	0.05430	0.06859	0.01486	0.00857	0.00229	0.00343	0.01315	0.00800	0.00686
33	0.01500	0.05807	0.61621	0.02150	0.03174	0.01741	0.09415	0.02301	0.01552	0.02286	0.01313	0.01568	0.00940	0.00680	0.00701	0.00229	0.01081	0.00566	0.00313	0.01060
34	0.02982	0.01229	0.01625	0.01276	0.01801	0.01099	0.01044	0.03406	0.07462	0.60232	0.05330	0.02754	0.04383	0.00960	0.00741	0.00228	0.00597	0.00787	0.00875	0.01189
35	0.02715	0.03464	0.02060	0.01873	0.02247	0.71536	0.01404	0.02903	0.02060	0.01779	0.01124	0.01311	0.00936	0.00749	0.00655	0.00187	0.01311	0.00468	0.00375	0.00843
36	0.01943	0.74891	0.03809	0.01244	0.01866	0.02876	0.01244	0.02177	0.01477	0.01710	0.01011	0.01166	0.00933	0.00622	0.00466	0.00155	0.00777	0.00389	0.00311	0.00933
37	0.03261	0.01237	0.01687	0.01293	0.01856	0.01068	0.01068	0.03543	0.02081	0.70423	0.02868	0.02474	0.01799	0.00900	0.00731	0.00225	0.00619	0.00731	0.00900	0.01237
38	0.01029	0.00743	0.00972	0.00914	0.01086	0.00686	0.00686	0.01372	0.02058	0.02915	0.69536	0.05430	0.06859	0.01486	0.00857	0.00229	0.00343	0.01315	0.00800	0.00686
39	0.01808	0.01561	0.01644	0.01479	0.01890	0.01808	0.01151	0.03863	0.68606	0.03041	0.02959	0.02712	0.02219	0.00986	0.00740	0.00247	0.00575	0.00822	0.00740	0.01151
40	0.01029	0.00743	0.00972	0.00914	0.01086	0.00686	0.00686	0.01372	0.02058	0.02915	0.69536	0.05430	0.06859	0.01486	0.00857	0.00229	0.00343	0.01315	0.00800	0.00686
41	0.03261	0.01237	0.01687	0.01293	0.01856	0.01068	0.01068	0.03543	0.02081	0.70423	0.02868	0.02474	0.01799	0.00900	0.00731	0.00225	0.00619	0.00731	0.00900	0.01237
42	0.49417	0.01629	0.01507	0.01249	0.01720	0.01874	0.01031	0.24273	0.01970	0.03629	0.01258	0.01394	0.00948	0.00773	0.00646	0.00228	0.04483	0.00495	0.00537	0.00940
43	0.01157	0.00832	0.01151	0.01310	0.01481	0.00826	0.01142	0.01484	0.01673	0.02165	0.04013	0.08143	0.07249	0.02000	0.00997	0.00330	0.00655	0.62053	0.00670	0.00667
44	0.01856	0.01662	0.01666	0.01500	0.01909	0.05498	0.01164	0.03812	0.65084	0.02974	0.02861	0.02638	0.02151	0.00974	0.00735	0.00243	0.00614	0.00803	0.00720	0.01134
45	0.01388	0.01307	0.02207	0.70340	0.07258	0.01619	0.02026	0.01870	0.01460	0.01875	0.01295	0.01933	0.00975	0.00724	0.00726	0.00241	0.00965	0.00646	0.00324	0.00819
46	0.01507	0.01292	0.01507	0.01077	0.01723	0.00969	0.00861	0.01830	0.01507	0.02369	0.01292	0.01507	0.01077	0.00538	0.00538	0.00108	0.00538	0.00431	0.00431	0.78898
47	0.01777	0.01705	0.02911	0.07931	0.66619	0.01721	0.02220	0.02212	0.01645	0.02348	0.01363	0.01806	0.01142	0.00652	0.00720	0.00217	0.00869	0.00648	0.00358	0.01134
48	0.01659	0.01389	0.02085	0.01524	0.02142	0.01142	0.15356	0.02028	0.01593	0.08046	0.01645	0.06525	0.01392	0.00701	0.00650	0.00160	0.00687	0.00658	0.00473	0.50144
49	0.00973	0.00717	0.01012	0.01114	0.01195	0.00682	0.03159	0.01135	0.01413	0.01878	0.03733	0.55558	0.04383	0.08829	0.01192	0.00337	0.00513	0.10935	0.00641	0.00602
50	0.01511	0.01304	0.01537	0.01111	0.01730	0.01021	0.00891	0.01827	0.01491	0.02343	0.01278	0.01511	0.01072	0.00569	0.00615	0.00116	0.03537	0.00439	0.00426	0.75671
51	0.02631	0.06327	0.02140	0.01848	0.02216	0.65453	0.01407	0.02819	0.01992	0.01775	0.01111	0.01318	0.00937	0.00768	0.00729	0.00192	0.04653	0.00473	0.00369	0.00844
52	0.01458	0.03760	0.70688	0.02072	0.03146	0.01688	0.02686	0.02302	0.01535	0.02302	0.01304	0.01535	0.00921	0.00691	0.00691	0.00230	0.01074	0.00537	0.00307	0.01074
53	0.01552	0.01071	0.01438	0.01259	0.01490	0.01133	0.03044	0.05214	0.01792	0.13008	0.22222	0.13920	0.13111	0.01457	0.01131	0.00257	0.14240	0.01184	0.00671	0.00807
54	0.00897	0.00641	0.00857	0.01026	0.01073	0.00601	0.00695	0.01033	0.01403	0.01869	0.04000	0.71262	0.04782	0.02266	0.00931	0.00297	0.00432	0.04667	0.00675	0.00594
55	0.02811	0.02032	0.02126	0.01645	0.02214	0.05802	0.01351	0.57673	0.03212	0.11026	0.01825	0.01795	0.01277	0.00869	0.00724	0.00217	0.00809	0.00652	0.00726	0.01215
56	0.01943	0.74891	0.03809	0.01244	0.01866	0.02876	0.01244	0.02177	0.01477	0.01710	0.01011	0.01166	0.00933	0.00622	0.00466	0.00155	0.00777	0.00389	0.00311	0.00933
57	0.00919	0.00677	0.00908	0.01054	0.01094	0.00667	0.00718	0.01047	0.01379	0.01851	0.03863	0.70589	0.04627	0.02230	0.00996	0.00296	0.03827	0.01999	0.00658	0.00600
58	0.08349	0.01334	0.01698	0.01311	0.01868	0.01233	0.01083	0.10299	0.02167	0.58846	0.02623	0.02309	0.01671	0.00882	0.00712	0.00224	0.00634	0.00700	0.00851	0.01207
59	0.01114	0.00762	0.00999	0.00929	0.01115	0.00700	0.00700	0.01455	0.02058	0.05495	0.66988	0.05317	0.06665	0.01464	0.00853	0.00228	0.00353	0.01292	0.00804	0.00707
60	0.02763	0.02036	0.02182	0.01672	0.02254	0.02254	0.01382	0.67496	0.03418	0.04581	0.01745	0.01745	0.01236	0.00873	0.00727	0.00218	0.00800	0.00654	0.00727	0.01236
61	0.02412	0.01264	0.01572	0.01347	0.01789	0.01257	0.01097	0.03269	0.23236	0.36512	0.05289	0.03501	0.02458	0.01112	0.00779	0.00248	0.00603	0.10339	0.00811	0.01107
62	0.03261	0.01237	0.01687	0.01293	0.01856	0.01068	0.01068	0.03543	0.02081	0.70423	0.02868	0.02474	0.01799	0.00900	0.00731	0.00225	0.00619	0.00731	0.00900	0.01237
63	0.01843	0.01579	0.01663	0.01486	0.01904	0.01824	0.01159	0.06189	0.66223	0.03097	0.02914	0.02677	0.02183	0.00982	0.00739	0.00246	0.00583	0.00816	0.00739	0.01154
64	0.01799	0.01727	0.02950	0.04462	0.69919	0.01727	0.02231	0.02231	0.01655	0.02375	0.01367	0.01799	0.01151	0.00648	0.00720	0.00216	0.00864	0.00648	0.00360	0.01151
65	0.00886	0.00633	0.00843	0.01012	0.01054	0.00590	0.00675	0.01012	0.01392	0.01856	0.04006	0.73979	0.04808	0.02277	0.00928	0.00295	0.00422	0.02066	0.00675	0.00590
66	0.01716	0.01961	0.04289	0.03064	0.03799	0.01838	0.67279	0.02328	0.01716	0.02328	0.01471	0.01961	0.01103	0.00613	0.00858	0.00245	0.01225	0.00858	0.00368	0.00980
67	0.09662	0.00852	0.00827	0.00778	0.01007	0.00891	0.00600	0.06485	0.01631	0.02903	0.02184	0.02480	0.01705	0.00831	0.00518	0.00179	0.00395	0.00646	0.64697	0.00729
68	0.01047	0.00744	0.00993	0.00993	0.01062	0.00813	0.00689	0.01185	0.01116	0.01557	0.02108	0.03746	0.02204	0.37750	0.39803	0.00951	0.01366	0.00909	0.00413	0.00551
69	0.01373	0.01292	0.02180	0.72707	0.05006	0.01615	0.02019	0.01857	0.01453	0.01857	0.01292	0.01938	0.00969	0.00727	0.00727	0.00242	0.00969	0.00646	0.00323	0.00807
70	0.01772	0.01855	0.02489	0.02053	0.02216	0.09444	0.10535	0.04567	0.01387	0.01944	0.01074	0.01618	0.00984	0.01111	0.01929	0.00290	0.52892	0.00650	0.00347	0.00843
71	0.00901	0.00644	0.00857	0.01002	0.01058	0.00600	0.00676	0.01050	0.01462	0.01967	0.10897	0.66771	0.05023	0.02194	0.00920	0.00288	0.00413	0.01987	0.00688	0.00600
72	0.72936	0.01460	0.01165	0.01018	0.01479	0.01685	0.00839	0.07796	0.01426	0.03376	0.01076	0.01230	0.00826	0.00692	0.00474	0.00224	0.00583	0.00416	0.00474	0.00826
73	0.01830	0.01815	0.02804	0.04137	0.62481	0.06713	0.02109	0.02235	0.01684	0.02317	0.01573	0.01957	0.03684	0.00699	0.00720	0.00215	0.00877	0.00668	0.00373	0.01109
74	0.01039	0.00776	0.01154	0.01154	0.01279	0.00901	0.00891	0.01289	0.01164	0.01677	0.01960	0.02927	0.01848	0.08034	0.69033	0.01151	0.01901	0.00789	0.00391	0.00641
75	0.01057	0.00705	0.00793	0.00793	0.00793	0.00705	0.00440	0.01057	0.01057	0.01409	0.02290	0.04757	0.02643	0.74454	0.03700	0.00705	0.00705	0.01057	0.00440	0.00440
76	0.01799	0.01727	0.02950	0.04462	0.69919	0.01727	0.02231	0.02231	0.01655	0.02375	0.01367	0.01799	0.01151	0.00648	0.00720	0.00216	0.00864	0.00648	0.00360	0.01151
77	0.01716	0.01961	0.04289	0.03064	0.03799	0.01838	0.67279	0.02328	0.01716	0.02328	0.01471	0.01961	0.01103	0.00613	0.00858	0.00245	0.01225	0.00858	0.00368	0.00980
78	0.02763	0.02036	0.02182	0.01672	0.02254	0.02254	0.01382	0.67496	0.03418	0.04581	0.01745	0.01745	0.01236	0.00873	0.00727	0.00218	0.00800	0.00654	0.00727	0.01236
79	0.03261	0.01237	0.01687	0.01293	0.01856	0.01068	0.01068	0.03543	0.02081	0.70423	0.02868	0.02474	0.01799	0.00900	0.00731	0.00225	0.00619	0.00731	0.00900	0.01237
80	0.01881	0.01882	0.02871	0.04231	0.63893	0.07944	0.02157	0.02291	0.01691	0.02322	0.01346	0.01756	0.01132	0.00657	0.00714	0.00213	0.00903	0.00632	0.00361	0.01124
81	0.08400	0.01350	0.01708	0.01319	0.01876	0.01258	0.01089	0.11605	0.02194	0.57447	0.02598	0.02293	0.01659	0.00881	0.00711	0.00224	0.00638	0.00698	0.00847	0.01206
82	0.00904	0.00640	0.00838	0.00989	0.01027	0.00602	0.00650	0.01017	0.01357	0.01809	0.03826	0.66701	0.04580	0.09867	0.01219	0.00338	0.00451	0.01960	0.00650	0.00575
83	0.01477	0.06478	0.68132	0.02040	0.03097	0.01734	0.02631	0.02297	0.01532	0.02279	0.01293	0.01521	0.00921	0.00688	0.00682	0.00227	0.01063	0.00531	0.00307	0.01069
84	0.01668	0.02011	0.08706	0.08204	0.06059	0.01827	0.52028	0.02257	0.01649	0.02262	0.01414	0.01903	0.01074	0.00663	0.00912	0.00247	0.04988	0.00800	0.00357	0.00970
85	0.01730	0.01919	0.04052	0.03311	0.15502	0.01819	0.55766	0.02311	0.01705	0.02337	0.01452	0.01932	0.01112	0.00619	0.00833	0.00240	0.01161	0.00821	0.00366	0.01011
86	0.00969	0.00741	0.00892	0.00875	0.01068	0.00664	0.00662	0.01246	0.01868	0.02493	0.41193	0.08769	0.29347	0.01671	0.00868	0.00243	0.00372	0.04662	0.00743	0.00655
87	0.03138	0.01674	0.01779	0.01416	0.01946	0.13603	0.01144	0.06814	0.02148	0.54789	0.02500	0.02230	0.01617	0.00872	0.00717	0.00218	0.00751	0.00680	0.00798	0.01167
88	0.01424	0.01344	0.02272	0.64580	0.12736	0.01628	0.02044	0.01902	0.01478	0.01919	0.01301	0.01921	0.00991	0.00717	0.00726	0.00239	0.00956	0.00646	0.00327	0.00848
89	0.01458	0.03760	0.70688	0.02072	0.03146	0.01688	0.02686	0.02302	0.01535	0.02302	0.01304	0.01535	0.00921	0.00691	0.00691	0.00230	0.01074	0.00537	0.00307	0.01074
90	0.03261	0.01237	0.01687	0.01293	0.01856	0.01068	0.01068	0.03543	0.02081	0.70423	0.02868	0.02474	0.01799	0.00900	0.00731	0.00225	0.00619	0.00731	0.00900	0.01237
91	0.01373	0.01292	0.02180	0.72707	0.05006	0.01615	0.02019	0.01857	0.01453	0.01857	0.01292	0.01938	0.00969	0.00727	0.00727	0.00242	0.00969	0.00646	0.00323	0.00807
92	0.01057	0.00705	0.00793	0.00793	0.00793	0.00705	0.00440	0.01057	0.01057	0.01409	0.02290	0.04757	0.02643	0.74454	0.03700	0.00705	0.00705	0.01057	0.00440	0.00440
93	0.01038	0.00779	0.01168	0.01168	0.01298	0.00909	0.00909	0.01298	0.01168	0.01687	0.01947	0.02856	0.01817	0.05452	0.71573	0.01168	0.01947	0.00779	0.00389	0.00649
94	0.79588	0.01406	0.01068	0.00956	0.01406	0.01631	0.00787	0.02137	0.01237	0.03261	0.01012	0.01181	0.00787	0.00675	0.00450	0.00225	0.00562	0.00394	0.00450	0.00787
95	0.03261	0.01237	0.01687	0.01293	0.01856	0.01068	0.01068	0.03543	0.02081	0.70423	0.02868	0.02474	0.01799	0.00900	0.00731	0.00225	0.00619	0.00731	0.00900	0.01237
96	0.00886	0.00633	0.00843	0.01012	0.01054	0.00590	0.00675	0.01012	0.01392	0.01856	0.04006	0.73979	0.04808	0.02277	0.00928	0.00295	0.00422	0.02066	0.00675	0.00590
97	0.00859	0.00736	0.00736	0.00736	0.00982	0.00614	0.00552	0.01043	0.01657	0.01964	0.07364	0.06996	0.69624	0.01841	0.00859	0.00245	0.00368	0.01534	0.00675	0.00614
98	0.01373	0.01292	0.02180	0.72707	0.05006	0.01615	0.02019	0.01857	0.01453	0.01857	0.01292	0.01938	0.00969	0.00727	0.00727	0.00242	0.00969	0.00646	0.00323	0.00807
99	0.00886	0.00633	0.00843	0.01012	0.01054	0.00590	0.00675	0.01012	0.01392	0.01856	0.04006	0.73979	0.04808	0.02277	0.00928	0.00295	0.00422	0.02066	0.00675	0.00590
100	0.01716	0.01961	0.04289	0.03064	0.03799	0.01838	0.67279	0.02328	0.01716	0.02328	0.01471	0.01961	0.01103	0.00613	0.00858	0.00245	0.01225	0.00858	0.00368	0.00980
101	0.01655	0.01842	0.03916	0.15390	0.04013	0.01799	0.55729	0.02245	0.01669	0.02245	0.01439	0.01957	0.01079	0.00633	0.00835	0.00245	0.01180	0.00820	0.00360	0.00950
102	0.02715	0.03464	0.02060	0.01873	0.02247	0.71536	0.01404	0.02903	0.02060	0.01779	0.01124	0.01311	0.00936	0.00749	0.00655	0.00187	0.01311	0.00468	0.00375	0.00843
103	0.01263	0.00631	0.00947	0.00947	0.00947	0.00631	0.00631	0.00947	0.00947	0.01263	0.01263	0.02210	0.01263	0.02525	0.02841	0.78851	0.00631	0.00631	0.00316	0.00316
104	0.01799	0.01727	0.02950	0.04462	0.69919	0.01727	0.02231	0.02231	0.01655	0.02375	0.01367	0.01799	0.01151	0.00648	0.00720	0.00216	0.00864	0.00648	0.00360	0.01151
105	0.01022	0.00743	0.00962	0.00907	0.01082	0.00683	0.00681	0.01359	0.02042	0.02877	0.67060	0.05492	0.09358	0.01500	0.00857	0.00229	0.00344	0.01323	0.00795	0.00683
106	0.01799	0.01727	0.02950	0.04462	0.69919	0.01727	0.02231	0.02231	0.01655	0.02375	0.01367	0.01799	0.01151	0.00648	0.00720	0.00216	0.00864	0.00648	0.00360	0.01151
107	0.01364	0.01185	0.02016	0.55468	0.04140	0.01426	0.04337	0.01692	0.01362	0.01756	0.01293	0.01994	0.01034	0.01085	0.01158	0.16089	0.00911	0.00651	0.00323	0.00715
108	0.01677	0.01846	0.03648	0.02705	0.03211	0.01959	0.46857	0.02148	0.01528	0.02148	0.01310	0.01846	0.01057	0.00818	0.01333	0.00268	0.23578	0.00789	0.00352	0.00923
109	0.01373	0.01292	0.02180	0.72707	0.05006	0.01615	0.02019	0.01857	0.01453	0.01857	0.01292	0.01938	0.00969	0.00727	0.00727	0.00242	0.00969	0.00646	0.00323	0.00807
110	0.04241	0.00935	0.01405	0.01314	0.01554	0.00897	0.07867	0.01599	0.01763	0.05894	0.24876	0.16334	0.04578	0.01626	0.00894	0.00275	0.00576	0.21961	0.00684	0.00729
111	0.02247	0.01014	0.01360	0.01146	0.01525	0.00889	0.00900	0.02517	0.01934	0.39830	0.18971	0.15805	0.03518	0.01272	0.00790	0.00234	0.00515	0.01097	0.00820	0.03616
112	0.03242	0.01268	0.01706	0.01308	0.01871	0.01114	0.01080	0.05998	0.02132	0.67895	0.02825	0.02446	0.01778	0.00899	0.00731	0.00225	0.00625	0.00728	0.00893	0.01237

[dist]
# distance from previous block
# <min> <max>
0	1

[block]
# block no. 2 follows, 28 sequences, length 15
# corresponding to MSA columns:
# 196-210
name=unknown_C
#
# <colnr> <probs for GDERKNQSTAVLIFYWHMCP>
#	G	D	E	R	K	N	Q	S	T	A	V	L	I	F	Y	W	H	M	C	P
0	0.05266	0.01599	0.01671	0.01369	0.01848	0.11979	0.01095	0.05273	0.09083	0.42467	0.08522	0.02522	0.02116	0.00930	0.00723	0.00222	0.00699	0.00740	0.00773	0.01103
1	0.02251	0.01517	0.01756	0.01308	0.01917	0.01395	0.01067	0.22945	0.02225	0.16524	0.01747	0.01774	0.01270	0.00716	0.00636	0.00166	0.00637	0.00561	0.00617	0.38971
2	0.46200	0.01647	0.01532	0.01252	0.01758	0.01853	0.01033	0.27903	0.02130	0.06570	0.01378	0.01457	0.01006	0.00762	0.00571	0.00222	0.00658	0.00510	0.00578	0.00983
3	0.08783	0.03012	0.02006	0.01760	0.02182	0.51969	0.01351	0.15949	0.02271	0.02464	0.01241	0.01389	0.00985	0.00768	0.00654	0.00196	0.01148	0.00500	0.00452	0.00918
4	0.01524	0.13393	0.61630	0.01960	0.02973	0.01849	0.02490	0.02285	0.01527	0.02222	0.01265	0.01485	0.00922	0.00681	0.00660	0.00220	0.01034	0.00517	0.00307	0.01055
5	0.73534	0.01455	0.01156	0.01012	0.01473	0.01680	0.00834	0.07287	0.01409	0.03365	0.01070	0.01225	0.00823	0.00690	0.00472	0.00224	0.00581	0.00414	0.00472	0.00823
6	0.01057	0.00705	0.00793	0.00793	0.00793	0.00705	0.00440	0.01057	0.01057	0.01409	0.02290	0.04757	0.02643	0.74454	0.03700	0.00705	0.00705	0.01057	0.00440	0.00440
7	0.01518	0.01246	0.01418	0.01324	0.01623	0.01410	0.01018	0.06233	0.37591	0.02606	0.02978	0.12518	0.05149	0.02226	0.17212	0.00465	0.00877	0.01000	0.00646	0.00941
8	0.00878	0.00729	0.00746	0.00753	0.00968	0.00621	0.00547	0.01043	0.01592	0.01909	0.06764	0.09631	0.60842	0.08403	0.01118	0.00289	0.00401	0.01514	0.00654	0.00597
9	0.01943	0.74891	0.03809	0.01244	0.01866	0.02876	0.01244	0.02177	0.01477	0.01710	0.01011	0.01166	0.00933	0.00622	0.00466	0.00155	0.00777	0.00389	0.00311	0.00933
10	0.00886	0.00633	0.00843	0.01012	0.01054	0.00590	0.00675	0.01012	0.01392	0.01856	0.04006	0.73979	0.04808	0.02277	0.00928	0.00295	0.00422	0.02066	0.00675	0.00590
11	0.01550	0.01089	0.01194	0.01047	0.01215	0.01152	0.00712	0.20249	0.01739	0.02326	0.02133	0.03887	0.02236	0.53199	0.02841	0.00564	0.00732	0.00941	0.00523	0.00670
12	0.02093	0.61250	0.03484	0.01352	0.01939	0.12141	0.01273	0.05833	0.01662	0.01876	0.01066	0.01217	0.00950	0.00653	0.00506	0.00163	0.00851	0.00414	0.00342	0.00937
13	0.02530	0.02832	0.02170	0.02158	0.11386	0.44551	0.01493	0.14219	0.07372	0.02449	0.01407	0.01561	0.01117	0.00775	0.00683	0.00201	0.01104	0.00552	0.00463	0.00977
14	0.02788	0.01907	0.02091	0.01613	0.02184	0.02074	0.01329	0.56017	0.06123	0.13430	0.01951	0.01887	0.01356	0.00881	0.00728	0.00220	0.00765	0.00672	0.00751	0.01233

[dist]
# distance from previous block
# <min> <max>
0	1

[block]
# block no. 3 follows, 28 sequences, length 10
# corresponding to MSA columns:
# 212-221
name=unknown_D
#
# <colnr> <probs for GDERKNQSTAVLIFYWHMCP>
#	G	D	E	R	K	N	Q	S	T	A	V	L	I	F	Y	W	H	M	C	P
0	0.01205	0.00978	0.01382	0.01310	0.01430	0.01210	0.01039	0.01541	0.04669	0.01819	0.01820	0.02586	0.01666	0.04158	0.50558	0.00901	0.16131	0.00747	0.04143	0.00706
1	0.01917	0.61673	0.12745	0.01387	0.02058	0.06196	0.01446	0.02230	0.01514	0.01794	0.01056	0.01223	0.00931	0.00638	0.00506	0.00167	0.00844	0.00413	0.00314	0.00947
2	0.01937	0.01626	0.02414	0.01754	0.02405	0.01480	0.19000	0.15818	0.02000	0.07080	0.01534	0.01741	0.01162	0.00651	0.00677	0.00175	0.00785	0.00612	0.00505	0.36644
3	0.06665	0.01427	0.01709	0.01362	0.01880	0.01425	0.01110	0.15138	0.13763	0.40594	0.05329	0.02438	0.01926	0.00922	0.00723	0.00228	0.00630	0.00740	0.00814	0.01177
4	0.05039	0.01436	0.01720	0.01354	0.01873	0.01419	0.01105	0.19918	0.08123	0.36359	0.08538	0.02494	0.02089	0.00931	0.00726	0.00220	0.00632	0.00749	0.00798	0.04476
5	0.10033	0.00889	0.01014	0.00946	0.01204	0.00849	0.00734	0.03349	0.01861	0.07673	0.33664	0.07322	0.21633	0.01477	0.00809	0.00239	0.00426	0.04424	0.00723	0.00731
6	0.01464	0.00884	0.01004	0.00912	0.01087	0.00855	0.00622	0.06550	0.01514	0.11136	0.03285	0.04535	0.14984	0.41497	0.02375	0.00489	0.00619	0.01053	0.04481	0.00654
7	0.01373	0.01292	0.02180	0.72707	0.05006	0.01615	0.02019	0.01857	0.01453	0.01857	0.01292	0.01938	0.00969	0.00727	0.00727	0.00242	0.00969	0.00646	0.00323	0.00807
8	0.01924	0.01414	0.01739	0.01269	0.01899	0.01194	0.03711	0.11034	0.01854	0.11852	0.01574	0.01689	0.01197	0.00636	0.00603	0.00144	0.00613	0.00519	0.00532	0.54604
9	0.02372	0.01785	0.01942	0.01523	0.02056	0.01910	0.01236	0.48931	0.07066	0.03952	0.01955	0.07990	0.01584	0.00955	0.00720	0.00212	0.00718	0.00756	0.00683	0.11655

[dist]
# distance from previous block
# <min> <max>
1	2

[block]
# block no. 4 follows, 28 sequences, length 35
# corresponding to MSA columns:
# 224-258
name=unknown_E
#
# <colnr> <probs for GDERKNQSTAVLIFYWHMCP>
#	G	D	E	R	K	N	Q	S	T	A	V	L	I	F	Y	W	H	M	C	P
0	0.02763	0.02036	0.02182	0.01672	0.02254	0.02254	0.01382	0.67496	0.03418	0.04581	0.01745	0.01745	0.01236	0.00873	0.00727	0.00218	0.00800	0.00654	0.00727	0.01236
1	0.01618	0.01361	0.01493	0.01350	0.01721	0.01505	0.01056	0.03166	0.48904	0.02921	0.14018	0.03435	0.03044	0.01105	0.00763	0.00240	0.00540	0.04946	0.00725	0.06090
2	0.00940	0.00733	0.00853	0.00837	0.01035	0.00646	0.00623	0.01195	0.01827	0.02401	0.36168	0.10613	0.36117	0.01704	0.00863	0.00241	0.00360	0.01466	0.00733	0.00646
3	0.01392	0.01260	0.02028	0.56432	0.04199	0.01549	0.01793	0.01794	0.01404	0.01878	0.01305	0.01932	0.01025	0.00860	0.00960	0.04164	0.07247	0.00635	0.03556	0.04587
4	0.01000	0.00742	0.00931	0.00884	0.01068	0.00673	0.00663	0.01315	0.01989	0.02751	0.58828	0.05699	0.17669	0.01547	0.00858	0.00232	0.00347	0.01352	0.00779	0.00673
5	0.01848	0.40526	0.28496	0.01621	0.02384	0.10031	0.01798	0.02304	0.01563	0.01938	0.01132	0.01319	0.00929	0.00662	0.00571	0.00187	0.00947	0.00453	0.00316	0.00975
6	0.01590	0.01590	0.02226	0.01908	0.01908	0.02226	0.01590	0.01749	0.01113	0.01749	0.00954	0.01590	0.00954	0.01272	0.02385	0.00318	0.73123	0.00636	0.00318	0.00795
7	0.01943	0.74891	0.03809	0.01244	0.01866	0.02876	0.01244	0.02177	0.01477	0.01710	0.01011	0.01166	0.00933	0.00622	0.00466	0.00155	0.00777	0.00389	0.00311	0.00933
8	0.02690	0.01848	0.01977	0.01522	0.02097	0.05823	0.01245	0.41258	0.02794	0.17896	0.01881	0.01840	0.01315	0.00825	0.00698	0.00202	0.00755	0.00629	0.00702	0.12005
9	0.03210	0.01319	0.01738	0.01332	0.01897	0.01190	0.01101	0.10109	0.02218	0.63663	0.02752	0.02399	0.01742	0.00897	0.00731	0.00224	0.00637	0.00723	0.00882	0.01237
10	0.79588	0.01406	0.01068	0.00956	0.01406	0.01631	0.00787	0.02137	0.01237	0.03261	0.01012	0.01181	0.00787	0.00675	0.00450	0.00225	0.00562	0.00394	0.00450	0.00787
11	0.01171	0.00837	0.01171	0.01339	0.01506	0.00837	0.01171	0.01506	0.01673	0.02175	0.03849	0.08199	0.04183	0.02008	0.01004	0.00335	0.00669	0.65027	0.00669	0.00669
12	0.00886	0.00633	0.00843	0.01012	0.01054	0.00590	0.00675	0.01012	0.01392	0.01856	0.04006	0.73979	0.04808	0.02277	0.00928	0.00295	0.00422	0.02066	0.00675	0.00590
13	0.03171	0.01284	0.01704	0.01317	0.01873	0.01150	0.01084	0.06020	0.05378	0.64601	0.02829	0.02458	0.01798	0.00903	0.00731	0.00226	0.00623	0.00732	0.00885	0.01233
14	0.00910	0.00732	0.00810	0.00804	0.01016	0.00633	0.00598	0.01136	0.01757	0.02232	0.25083	0.10407	0.47803	0.01764	0.00863	0.00243	0.00364	0.01502	0.00711	0.00633
15	0.02677	0.03302	0.02074	0.01861	0.02235	0.64471	0.01410	0.07053	0.02113	0.01960	0.01158	0.01349	0.00956	0.00776	0.00724	0.00194	0.03937	0.00486	0.00395	0.00866
16	0.00934	0.00669	0.00892	0.01015	0.01092	0.00627	0.00711	0.01119	0.01545	0.02091	0.17170	0.55630	0.05177	0.02100	0.00919	0.00285	0.00423	0.06287	0.00700	0.00615
17	0.01763	0.01444	0.01645	0.01198	0.01831	0.01231	0.00967	0.15215	0.01897	0.02820	0.01384	0.01556	0.01109	0.00606	0.00577	0.00130	0.00592	0.00476	0.00491	0.63067
18	0.01773	0.01576	0.02285	0.05272	0.06695	0.01435	0.13952	0.13120	0.01879	0.02713	0.01408	0.01675	0.01108	0.00626	0.00653	0.00166	0.00757	0.00576	0.00459	0.41871
19	0.02250	0.18015	0.02696	0.02494	0.22532	0.29373	0.01610	0.06666	0.03926	0.02160	0.01268	0.01497	0.01058	0.00706	0.00642	0.00193	0.01008	0.00528	0.00390	0.00989
20	0.02609	0.01795	0.01980	0.01559	0.02079	0.01943	0.01270	0.53259	0.03050	0.11364	0.02116	0.09815	0.01692	0.01031	0.00750	0.00227	0.00739	0.00819	0.00740	0.01165
21	0.01306	0.00682	0.00757	0.00755	0.00901	0.00688	0.00559	0.01562	0.01458	0.02478	0.05563	0.02795	0.02037	0.01388	0.05561	0.09683	0.00482	0.00711	0.60001	0.00633
22	0.01402	0.01324	0.02051	0.37412	0.03379	0.01730	0.01708	0.01739	0.01292	0.01795	0.01267	0.01947	0.01086	0.01598	0.11492	0.00402	0.26605	0.00662	0.00331	0.00780
23	0.02455	0.01788	0.01943	0.01555	0.02068	0.01972	0.01262	0.43327	0.19720	0.08500	0.06036	0.02251	0.01846	0.00938	0.00738	0.00226	0.00705	0.00740	0.00746	0.01183
24	0.00902	0.00639	0.00839	0.00992	0.01030	0.00601	0.00653	0.01016	0.01361	0.01814	0.03846	0.67529	0.04606	0.09003	0.01186	0.00333	0.00448	0.01972	0.00653	0.00576
25	0.01546	0.01707	0.05887	0.22522	0.03636	0.01753	0.31817	0.02024	0.01500	0.02046	0.01388	0.02062	0.01135	0.05541	0.01228	0.00284	0.11936	0.00764	0.00350	0.00872
26	0.01057	0.00705	0.00793	0.00793	0.00793	0.00705	0.00440	0.01057	0.01057	0.01409	0.02290	0.04757	0.02643	0.74454	0.03700	0.00705	0.00705	0.01057	0.00440	0.00440
27	0.56922	0.06643	0.14359	0.01212	0.01795	0.01746	0.01196	0.04686	0.01392	0.03031	0.01095	0.01268	0.00839	0.00682	0.00507	0.00221	0.00682	0.00430	0.00425	0.00868
28	0.01056	0.00708	0.00808	0.00808	0.00813	0.00713	0.00460	0.01067	0.01062	0.01421	0.02276	0.04679	0.02609	0.71644	0.06463	0.00724	0.00755	0.01046	0.00438	0.00449
29	0.00932	0.00681	0.00876	0.00949	0.01057	0.00626	0.00666	0.01139	0.01648	0.02230	0.26802	0.43391	0.12395	0.01960	0.00896	0.00267	0.00389	0.01752	0.00718	0.00626
30	0.64570	0.06075	0.01312	0.01018	0.01475	0.01712	0.00850	0.07387	0.01442	0.03242	0.01139	0.01302	0.00886	0.00696	0.00476	0.00217	0.00584	0.00429	0.04359	0.00827
31	0.11096	0.05325	0.01498	0.04699	0.01687	0.01124	0.00953	0.02429	0.01765	0.32632	0.11958	0.13024	0.02775	0.04718	0.00874	0.00256	0.00576	0.00958	0.00717	0.00937
32	0.02035	0.08229	0.02492	0.03940	0.02323	0.20966	0.10658	0.09404	0.01768	0.02186	0.01271	0.01654	0.01071	0.01079	0.04094	0.00275	0.21600	0.00611	0.03462	0.00884
33	0.02221	0.01617	0.01735	0.01394	0.01880	0.04332	0.01113	0.30412	0.08841	0.10862	0.02409	0.07909	0.05622	0.03192	0.00808	0.00225	0.00680	0.00810	0.00672	0.13267
34	0.12044	0.13172	0.01779	0.01151	0.01634	0.04360	0.00959	0.10202	0.01864	0.09365	0.09295	0.02718	0.11544	0.00940	0.00642	0.00192	0.00608	0.00728	0.00568	0.16236

[dist]
# distance from previous block
# <min> <max>
0	1

[block]
# block no. 5 follows, 28 sequences, length 8
# corresponding to MSA columns:
# 260-267
name=unknown_F
#
# <colnr> <probs for GDERKNQSTAVLIFYWHMCP>
#	G	D	E	R	K	N	Q	S	T	A	V	L	I	F	Y	W	H	M	C	P
0	0.13908	0.01837	0.01679	0.01596	0.06870	0.15693	0.01167	0.17565	0.04563	0.07173	0.02595	0.02902	0.11965	0.02935	0.00784	0.00237	0.00776	0.04247	0.00579	0.00931
1	0.01719	0.01303	0.01619	0.01283	0.01755	0.01204	0.04549	0.14857	0.04157	0.07146	0.10209	0.11387	0.06347	0.01048	0.00716	0.00194	0.00587	0.00900	0.00613	0.28404
2	0.01632	0.01847	0.06214	0.14237	0.17689	0.14796	0.04728	0.02057	0.04162	0.02109	0.04958	0.05115	0.15402	0.01015	0.00754	0.00227	0.00855	0.00869	0.00456	0.00878
3	0.12348	0.06377	0.26427	0.02519	0.18178	0.10032	0.09562	0.02331	0.01602	0.02360	0.01262	0.01551	0.00979	0.00673	0.00668	0.00219	0.00987	0.00564	0.00354	0.01008
4	0.02121	0.01708	0.05900	0.06834	0.02186	0.01753	0.01337	0.31492	0.02318	0.07519	0.01778	0.04469	0.01446	0.06432	0.01135	0.00262	0.09669	0.00713	0.04614	0.06316
