[name]
unknown

[dist]
# distance from previous block
# <min> <max>
5	45

[block]
# block no. 0 follows, 28 sequences, length 58
# corresponding to MSA columns:
# 71-128
name=unknown_A
#
# <colnr> <probs for GDERKNQSTAVLIFYWHMCP>
#	G	D	E	R	K	N	Q	S	T	A	V	L	I	F	Y	W	H	M	C	P
0	0.05248	0.01259	0.01739	0.01392	0.01787	0.01248	0.11922	0.15266	0.02117	0.06083	0.19685	0.03798	0.15730	0.01156	0.00773	0.00226	0.00612	0.01014	0.08081	0.00864
1	0.48677	0.01395	0.01293	0.02993	0.01633	0.01553	0.00920	0.09408	0.06192	0.07411	0.01646	0.08398	0.01397	0.00881	0.00574	0.00229	0.00589	0.00640	0.00546	0.03625
2	0.10317	0.01063	0.01275	0.01397	0.07797	0.01107	0.00911	0.11248	0.01637	0.02383	0.02653	0.27922	0.02912	0.19066	0.01494	0.00369	0.00617	0.04531	0.00570	0.00731
3	0.20839	0.01775	0.08217	0.04702	0.02050	0.01733	0.01266	0.30515	0.02343	0.03567	0.10536	0.05569	0.01998	0.00949	0.00683	0.00227	0.00698	0.00735	0.00608	0.00989
4	0.61065	0.01415	0.01237	0.01171	0.04584	0.01607	0.00878	0.08383	0.01451	0.03172	0.01221	0.01605	0.01024	0.07724	0.00799	0.00270	0.00613	0.00494	0.00472	0.00815
5	0.02584	0.01902	0.02054	0.01610	0.02140	0.02096	0.01314	0.61160	0.03225	0.04321	0.01961	0.08629	0.01577	0.01006	0.00746	0.00225	0.00764	0.00789	0.00722	0.01175
6	0.57358	0.06098	0.08008	0.01181	0.01711	0.04234	0.01075	0.08559	0.01521	0.03155	0.01115	0.01273	0.00858	0.00695	0.00508	0.00219	0.00673	0.00435	0.00452	0.00869
7	0.20282	0.01255	0.01490	0.01208	0.01696	0.01205	0.00982	0.05951	0.01886	0.45637	0.02504	0.08962	0.01831	0.00979	0.00686	0.00231	0.00595	0.00778	0.00768	0.01074
8	0.00952	0.00710	0.00992	0.07855	0.01453	0.00704	0.00826	0.01133	0.01443	0.01923	0.06970	0.60683	0.04514	0.02078	0.00909	0.00289	0.00481	0.04816	0.00647	0.00619
9	0.02759	0.02172	0.02170	0.01692	0.02254	0.08857	0.01384	0.61340	0.03288	0.04314	0.01686	0.01704	0.01208	0.00861	0.00720	0.00215	0.00849	0.00637	0.00694	0.01199
10	0.01568	0.01503	0.02079	0.01791	0.01807	0.02079	0.01487	0.01744	0.01152	0.01841	0.01089	0.01697	0.01041	0.01232	0.02207	0.00304	0.66187	0.00640	0.07768	0.00784
11	0.01516	0.00858	0.01133	0.01028	0.01287	0.00779	0.00808	0.01836	0.02005	0.17372	0.45677	0.05136	0.08746	0.01427	0.00844	0.00239	0.00435	0.07271	0.00803	0.00800
12	0.01104	0.00885	0.01435	0.01319	0.01496	0.00981	0.07196	0.01377	0.01211	0.01726	0.01929	0.02924	0.01816	0.10568	0.59348	0.01043	0.01778	0.00809	0.00391	0.00664
13	0.01055	0.00997	0.00889	0.00864	0.01114	0.07380	0.00648	0.01257	0.01740	0.02052	0.13667	0.06280	0.56115	0.01698	0.00840	0.00238	0.00455	0.01408	0.00660	0.00643
14	0.01659	0.01814	0.03452	0.02547	0.03106	0.04376	0.45687	0.02151	0.01665	0.02284	0.07861	0.02191	0.01623	0.00791	0.01050	0.00245	0.11299	0.00833	0.00405	0.04960
15	0.01245	0.01093	0.01659	0.01496	0.01617	0.01367	0.04542	0.01492	0.01179	0.01740	0.01613	0.02415	0.01512	0.03900	0.46375	0.00856	0.24083	0.00738	0.00366	0.00712
16	0.01475	0.01258	0.01473	0.01073	0.01688	0.00949	0.00852	0.01788	0.01501	0.02342	0.01433	0.05264	0.01270	0.00628	0.00559	0.00117	0.00532	0.00515	0.00443	0.74838
17	0.01733	0.01391	0.01604	0.01164	0.01799	0.01146	0.00938	0.10745	0.01783	0.04841	0.01403	0.01570	0.01121	0.00595	0.00570	0.00126	0.00576	0.00470	0.00486	0.65938
18	0.00900	0.00643	0.00860	0.01028	0.01077	0.00603	0.00699	0.01036	0.01406	0.01871	0.03999	0.70738	0.04777	0.02264	0.00932	0.00297	0.00434	0.05169	0.00674	0.00594
19	0.01414	0.01352	0.02341	0.65304	0.08119	0.01633	0.05831	0.01903	0.01479	0.01910	0.01306	0.01933	0.00986	0.00716	0.00734	0.00241	0.00979	0.00658	0.00327	0.00834
20	0.01408	0.00729	0.00735	0.00715	0.00900	0.00737	0.00541	0.04190	0.01596	0.02781	0.02348	0.02673	0.01839	0.00848	0.00516	0.00171	0.00356	0.00677	0.75539	0.00699
21	0.02341	0.02491	0.02274	0.10976	0.16832	0.32362	0.01641	0.15552	0.04215	0.02512	0.01376	0.01620	0.01085	0.00757	0.00695	0.00208	0.01051	0.00576	0.00447	0.00991
22	0.00993	0.00872	0.00860	0.00837	0.01070	0.04109	0.00628	0.01217	0.01777	0.02193	0.22669	0.06324	0.50496	0.01698	0.00849	0.00238	0.00408	0.01427	0.00692	0.00643
23	0.01779	0.01459	0.01603	0.01180	0.01802	0.04545	0.00945	0.07600	0.01732	0.06587	0.01416	0.01576	0.01127	0.00599	0.00572	0.00128	0.00603	0.00470	0.00481	0.63799
24	0.61638	0.04455	0.14721	0.01183	0.01761	0.01686	0.01173	0.02170	0.01303	0.03020	0.01069	0.01249	0.00818	0.00676	0.00497	0.00224	0.00670	0.00421	0.00417	0.00848
25	0.02859	0.01882	0.02086	0.01600	0.02178	0.02026	0.01321	0.55192	0.03160	0.17248	0.01961	0.01885	0.01345	0.00878	0.00728	0.00219	0.00765	0.00669	0.00760	0.01236
26	0.01506	0.01411	0.02168	0.57260	0.09829	0.03775	0.01907	0.05751	0.01614	0.02063	0.01617	0.02144	0.04365	0.00784	0.00730	0.00237	0.00932	0.00685	0.00369	0.00852
27	0.62058	0.01813	0.01325	0.01256	0.03983	0.15082	0.00957	0.02287	0.01410	0.02945	0.01046	0.01228	0.00829	0.00688	0.00499	0.00217	0.00717	0.00417	0.00432	0.00811
28	0.00994	0.00716	0.00908	0.01006	0.01095	0.00683	0.00695	0.03593	0.01531	0.02042	0.10219	0.52660	0.08503	0.07947	0.01136	0.00318	0.00458	0.04211	0.00670	0.00616
29	0.01069	0.00740	0.00885	0.00876	0.00894	0.00775	0.00537	0.01110	0.01074	0.01457	0.02206	0.04405	0.02481	0.62853	0.13069	0.00758	0.02894	0.01007	0.00430	0.00479
30	0.01039	0.00775	0.01151	0.01151	0.01275	0.00899	0.00887	0.01287	0.01163	0.01675	0.01963	0.02943	0.01855	0.08628	0.68448	0.01147	0.01890	0.00792	0.00392	0.00639
31	0.01943	0.74891	0.03809	0.01244	0.01866	0.02876	0.01244	0.02177	0.01477	0.01710	0.01011	0.01166	0.00933	0.00622	0.00466	0.00155	0.00777	0.00389	0.00311	0.00933
32	0.01943	0.74891	0.03809	0.01244	0.01866	0.02876	0.01244	0.02177	0.01477	0.01710	0.01011	0.01166	0.00933	0.00622	0.00466	0.00155	0.00777	0.00389	0.00311	0.00933
33	0.63019	0.01385	0.01200	0.01038	0.01505	0.01546	0.00852	0.02456	0.04698	0.14458	0.01418	0.01472	0.01027	0.00728	0.00511	0.00226	0.00572	0.00471	0.00539	0.00880
34	0.02492	0.02903	0.01964	0.01762	0.02159	0.49909	0.01340	0.07125	0.18706	0.02266	0.01619	0.01686	0.01274	0.00816	0.00681	0.00204	0.01096	0.00568	0.00487	0.00944
35	0.01728	0.01655	0.02822	0.15850	0.59087	0.01708	0.02195	0.02169	0.01622	0.02288	0.01355	0.01822	0.01121	0.00661	0.00721	0.00220	0.00881	0.00647	0.00354	0.01094
36	0.01043	0.00897	0.01497	0.01383	0.01576	0.00832	0.13478	0.01268	0.01477	0.01956	0.03810	0.54311	0.09720	0.01919	0.00908	0.00281	0.00572	0.01788	0.00616	0.00667
37	0.00908	0.00664	0.00857	0.00986	0.01069	0.00613	0.00684	0.01070	0.01494	0.01975	0.10079	0.57035	0.12647	0.02144	0.00917	0.00285	0.00420	0.04860	0.00685	0.00605
38	0.00888	0.00721	0.00815	0.00869	0.01033	0.00648	0.00625	0.01050	0.01545	0.01918	0.05959	0.31512	0.43953	0.01987	0.00925	0.00266	0.02306	0.01706	0.00666	0.00610
39	0.02160	0.01449	0.01598	0.01291	0.01705	0.01544	0.01042	0.36821	0.02670	0.07922	0.14989	0.02704	0.02486	0.00987	0.00706	0.00210	0.00603	0.00791	0.17308	0.01011
40	0.01574	0.01275	0.01473	0.01129	0.01677	0.01077	0.00893	0.05361	0.08416	0.04502	0.06360	0.04871	0.04161	0.00786	0.00621	0.00151	0.00534	0.00650	0.00533	0.53956
41	0.01839	0.01507	0.01604	0.01436	0.01847	0.01715	0.01119	0.03716	0.62095	0.06464	0.03157	0.02897	0.05301	0.01021	0.00745	0.00245	0.00568	0.00850	0.00745	0.01130
42	0.02586	0.01947	0.02029	0.01597	0.02119	0.05623	0.01301	0.55433	0.03137	0.06039	0.05846	0.05286	0.01732	0.00968	0.00740	0.00221	0.00777	0.00751	0.00716	0.01154
43	0.02213	0.50374	0.03229	0.01432	0.01997	0.17327	0.01296	0.10758	0.01851	0.02095	0.01129	0.01271	0.00973	0.00681	0.00540	0.00170	0.00893	0.00440	0.00378	0.00953
44	0.01693	0.02030	0.07501	0.05010	0.03801	0.01824	0.62226	0.02314	0.01699	0.02314	0.01457	0.01939	0.01090	0.00620	0.00846	0.00244	0.01211	0.00836	0.00363	0.00980
45	0.01012	0.00742	0.00948	0.00897	0.01076	0.00679	0.00673	0.01339	0.02018	0.02821	0.63397	0.05584	0.13056	0.01521	0.00858	0.00230	0.00345	0.01336	0.00788	0.00679
46	0.01055	0.00710	0.00821	0.00818	0.00833	0.00714	0.00477	0.01085	0.01112	0.01498	0.05570	0.04692	0.02807	0.67320	0.07059	0.00705	0.00751	0.01055	0.00455	0.00463
47	0.02473	0.01756	0.01871	0.01467	0.01964	0.01929	0.01201	0.53922	0.03027	0.04195	0.01874	0.01944	0.01366	0.00867	0.00682	0.00208	0.00705	0.00659	0.16768	0.01121
48	0.01263	0.00631	0.00947	0.00947	0.00947	0.00631	0.00631	0.00947	0.00947	0.01263	0.01263	0.02210	0.01263	0.02525	0.02841	0.78851	0.00631	0.00631	0.00316	0.00316
49	0.01761	0.01935	0.09400	0.04135	0.58825	0.01732	0.07028	0.02245	0.01648	0.02365	0.01369	0.01786	0.01126	0.00649	0.00727	0.00219	0.00910	0.00653	0.00355	0.01132
50	0.01654	0.01408	0.01506	0.01365	0.01734	0.01594	0.01057	0.03379	0.56107	0.02970	0.12379	0.03299	0.06182	0.01097	0.00762	0.00244	0.00533	0.00925	0.00745	0.01060
51	0.08735	0.01317	0.01480	0.01249	0.01648	0.01382	0.00994	0.15316	0.16605	0.15118	0.22203	0.03284	0.05384	0.01096	0.00749	0.00230	0.00551	0.00904	0.00756	0.00997
52	0.01495	0.01275	0.01480	0.01104	0.01697	0.01012	0.00873	0.01940	0.06688	0.02391	0.01577	0.05772	0.01380	0.00673	0.00576	0.00129	0.00534	0.00555	0.00469	0.68380
53	0.01090	0.00751	0.00864	0.00856	0.00886	0.00773	0.00513	0.01208	0.04201	0.01509	0.02292	0.04502	0.02553	0.65229	0.09283	0.00723	0.00803	0.01023	0.00450	0.00491
54	0.02327	0.27222	0.02559	0.01545	0.02011	0.32143	0.01273	0.07486	0.07088	0.04233	0.01384	0.01600	0.01164	0.04159	0.00747	0.00209	0.00985	0.00518	0.00427	0.00920
55	0.01547	0.01316	0.01529	0.01096	0.01740	0.01010	0.00878	0.03923	0.01568	0.02439	0.01306	0.01515	0.01082	0.00549	0.00544	0.00111	0.00547	0.00438	0.00440	0.76423
56	0.05363	0.11373	0.07742	0.01515	0.01894	0.18387	0.04466	0.02062	0.01621	0.05500	0.03915	0.15711	0.03982	0.01448	0.05624	0.00295	0.05332	0.02479	0.00473	0.00820
57	0.01511	0.00963	0.03743	0.01024	0.01321	0.00800	0.00832	0.01846	0.02008	0.17339	0.47214	0.04782	0.10987	0.01361	0.00824	0.00229	0.00432	0.01179	0.00792	0.00813

[dist]
# distance from previous block
# <min> <max>
0	1

[block]
# block no. 1 follows, 28 sequences, length 85
# corresponding to MSA columns:
# 130-214
name=unknown_B
#
# <colnr> <probs for GDERKNQSTAVLIFYWHMCP>
#	G	D	E	R	K	N	Q	S	T	A	V	L	I	F	Y	W	H	M	C	P
0	0.01649	0.01384	0.01661	0.01212	0.01834	0.01149	0.02927	0.09782	0.01733	0.02611	0.01376	0.01599	0.01124	0.00759	0.03140	0.00164	0.00642	0.00483	0.00463	0.64311
1	0.02030	0.01624	0.04882	0.01408	0.01879	0.01645	0.01173	0.25341	0.23148	0.08215	0.07532	0.03149	0.12581	0.01093	0.00759	0.00233	0.00632	0.00887	0.00720	0.01069
2	0.02332	0.01635	0.01807	0.01451	0.01924	0.01769	0.01175	0.39181	0.12684	0.09906	0.13231	0.02595	0.02381	0.00992	0.00743	0.00223	0.00659	0.00796	0.03402	0.01114
3	0.01943	0.74891	0.03809	0.01244	0.01866	0.02876	0.01244	0.02177	0.01477	0.01710	0.01011	0.01166	0.00933	0.00622	0.00466	0.00155	0.00777	0.00389	0.00311	0.00933
4	0.02396	0.01792	0.02089	0.01636	0.02164	0.01924	0.05366	0.46412	0.08040	0.06326	0.02061	0.08882	0.01664	0.00986	0.00747	0.00224	0.00752	0.00809	0.00692	0.05037
5	0.00872	0.00734	0.00757	0.00758	0.00992	0.00618	0.00566	0.01066	0.01677	0.02029	0.11732	0.08979	0.63080	0.01829	0.00861	0.00246	0.00368	0.01535	0.00684	0.00618
6	0.15343	0.04176	0.01898	0.01467	0.01995	0.04338	0.01199	0.36108	0.14314	0.03735	0.01758	0.01770	0.01303	0.00822	0.00658	0.00213	0.00717	0.00609	0.00635	0.06943
7	0.01474	0.06072	0.68514	0.02045	0.03104	0.01727	0.02639	0.02298	0.01533	0.02283	0.01295	0.01523	0.00921	0.00688	0.00683	0.00228	0.01065	0.00532	0.00307	0.01070
8	0.76827	0.01428	0.01108	0.00982	0.01436	0.01653	0.00809	0.04486	0.01315	0.03309	0.01038	0.01201	0.00803	0.00682	0.00460	0.00225	0.00571	0.00403	0.00460	0.00803
9	0.01507	0.01292	0.01507	0.01077	0.01723	0.00969	0.00861	0.01830	0.01507	0.02369	0.01292	0.01507	0.01077	0.00538	0.00538	0.00108	0.00538	0.00431	0.00431	0.78898
10	0.00922	0.00739	0.00823	0.00802	0.01020	0.00640	0.00602	0.01165	0.01805	0.02316	0.30364	0.06416	0.46405	0.01710	0.00858	0.00239	0.00359	0.01453	0.00721	0.00640
11	0.00916	0.00649	0.00826	0.00960	0.01035	0.00601	0.00652	0.01069	0.01448	0.01953	0.06299	0.60588	0.11311	0.02120	0.00893	0.00280	0.00409	0.01903	0.05487	0.00601
12	0.02742	0.01863	0.02052	0.01590	0.02144	0.02017	0.01306	0.55770	0.03143	0.13319	0.02002	0.05226	0.01479	0.00942	0.00737	0.00223	0.00758	0.00731	0.00748	0.01206
13	0.00890	0.00738	0.00780	0.00769	0.01001	0.00627	0.00577	0.01104	0.01731	0.02139	0.18845	0.06706	0.58034	0.01775	0.00859	0.00242	0.00364	0.01494	0.00698	0.00627
14	0.01373	0.01292	0.02180	0.72707	0.05006	0.01615	0.02019	0.01857	0.01453	0.01857	0.01292	0.01938	0.00969	0.00727	0.00727	0.00242	0.00969	0.00646	0.00323	0.00807
15	0.01034	0.00741	0.01007	0.01019	0.01095	0.00811	0.00720	0.01189	0.01144	0.01598	0.02221	0.08669	0.02335	0.30498	0.41630	0.00936	0.01382	0.00973	0.00429	0.00568
16	0.02787	0.01999	0.02158	0.01655	0.02236	0.02199	0.01367	0.64500	0.03355	0.07665	0.01798	0.01779	0.01263	0.00874	0.00727	0.00218	0.00791	0.00658	0.00735	0.01236
17	0.00886	0.00633	0.00843	0.01012	0.01054	0.00590	0.00675	0.01012	0.01392	0.01856	0.04006	0.73979	0.04808	0.02277	0.00928	0.00295	0.00422	0.02066	0.00675	0.00590
18	0.01971	0.72376	0.03747	0.01266	0.01879	0.05294	0.01249	0.02202	0.01498	0.01713	0.01015	0.01171	0.00933	0.00626	0.00473	0.00157	0.00796	0.00391	0.00313	0.00930
19	0.09837	0.01348	0.05801	0.04008	0.10763	0.01257	0.01232	0.04131	0.11241	0.12704	0.02694	0.23818	0.02581	0.01299	0.00770	0.00254	0.00627	0.04091	0.00620	0.00922
20	0.01799	0.01727	0.02950	0.04462	0.69919	0.01727	0.02231	0.02231	0.01655	0.02375	0.01367	0.01799	0.01151	0.00648	0.00720	0.00216	0.00864	0.00648	0.00360	0.01151
21	0.01254	0.00761	0.00959	0.00969	0.01122	0.00698	0.00686	0.01423	0.01559	0.10953	0.12928	0.31336	0.13214	0.14924	0.01385	0.00345	0.00489	0.03649	0.00679	0.00667
22	0.00876	0.00706	0.00769	0.00817	0.00993	0.00612	0.00581	0.01035	0.01552	0.01906	0.06166	0.25716	0.48049	0.05597	0.01021	0.00282	0.00400	0.01660	0.00663	0.00598
23	0.07081	0.01246	0.01656	0.01276	0.01833	0.01097	0.01054	0.03472	0.02038	0.67062	0.02775	0.02409	0.01749	0.00888	0.00717	0.00225	0.00616	0.00714	0.00877	0.01215
24	0.00957	0.00740	0.00871	0.00839	0.01042	0.00655	0.00629	0.01232	0.01887	0.02510	0.43062	0.06097	0.33585	0.01637	0.00858	0.00236	0.00354	0.01408	0.00747	0.00655
25	0.01716	0.01961	0.04289	0.03064	0.03799	0.01838	0.67279	0.02328	0.01716	0.02328	0.01471	0.01961	0.01103	0.00613	0.00858	0.00245	0.01225	0.00858	0.00368	0.00980
26	0.01381	0.01303	0.02182	0.70159	0.04895	0.01637	0.02003	0.01853	0.01441	0.01853	0.01280	0.01925	0.00968	0.00746	0.00786	0.00245	0.03566	0.00646	0.00323	0.00807
27	0.02763	0.02036	0.02182	0.01672	0.02254	0.02254	0.01382	0.67496	0.03418	0.04581	0.01745	0.01745	0.01236	0.00873	0.00727	0.00218	0.00800	0.00654	0.00727	0.01236
28	0.05396	0.18508	0.02393	0.01577	0.02073	0.25904	0.01298	0.19778	0.04233	0.02645	0.01322	0.01455	0.01059	0.00760	0.00674	0.00190	0.03223	0.00511	0.00470	0.06528
29	0.01659	0.01595	0.02064	0.01733	0.01902	0.07502	0.07716	0.04565	0.01446	0.02097	0.01681	0.02129	0.05372	0.01114	0.01623	0.00267	0.40762	0.00707	0.13263	0.00805
30	0.01491	0.05473	0.64658	0.02004	0.03019	0.01701	0.02545	0.04195	0.01585	0.02340	0.01397	0.03855	0.01055	0.00745	0.00693	0.00230	0.01037	0.00586	0.00331	0.01060
31	0.00924	0.00741	0.00829	0.00829	0.01044	0.00646	0.00630	0.01158	0.01755	0.02223	0.23324	0.08673	0.47099	0.01772	0.00870	0.00248	0.00382	0.05510	0.00707	0.00635
32	0.01707	0.01935	0.04146	0.02983	0.03668	0.01865	0.62711	0.02288	0.01674	0.02288	0.01435	0.01935	0.01093	0.00659	0.00964	0.00250	0.06226	0.00842	0.00364	0.00968
33	0.01004	0.00707	0.00784	0.00795	0.00850	0.00678	0.00479	0.01051	0.01207	0.01557	0.03485	0.09700	0.17088	0.54291	0.02914	0.00580	0.00615	0.01224	0.00506	0.00487
34	0.01280	0.00868	0.01465	0.01268	0.01391	0.00846	0.11656	0.01202	0.01114	0.01493	0.01617	0.05311	0.01661	0.17665	0.02627	0.46158	0.00738	0.00812	0.00364	0.00463
35	0.01958	0.13743	0.02168	0.01597	0.01876	0.28493	0.01292	0.02151	0.01645	0.01837	0.05099	0.02272	0.09764	0.01051	0.01160	0.00229	0.21776	0.00677	0.00406	0.00807
36	0.01465	0.01386	0.02347	0.57927	0.19065	0.01639	0.02065	0.01938	0.01497	0.01969	0.01308	0.01908	0.01008	0.00710	0.00725	0.00237	0.00946	0.00646	0.00331	0.00882
37	0.05837	0.03538	0.63474	0.02059	0.03082	0.01692	0.05812	0.02294	0.01527	0.02357	0.01296	0.01536	0.00922	0.00686	0.00686	0.00231	0.01053	0.00545	0.00318	0.01054
38	0.02017	0.01678	0.01856	0.01736	0.06864	0.01900	0.01279	0.17707	0.49486	0.03331	0.02578	0.02434	0.01927	0.00937	0.00735	0.00238	0.00645	0.00773	0.00710	0.01169
39	0.54985	0.01470	0.01529	0.06739	0.13020	0.01649	0.01149	0.04889	0.01445	0.05679	0.01193	0.01411	0.00918	0.00691	0.00537	0.00224	0.00653	0.00478	0.00455	0.00885
40	0.08962	0.16066	0.30323	0.02006	0.04965	0.06916	0.12861	0.02262	0.01551	0.02223	0.01270	0.01560	0.00992	0.00889	0.03973	0.00259	0.01048	0.00560	0.00342	0.00972
41	0.01812	0.01474	0.01565	0.01388	0.01796	0.01653	0.01085	0.08057	0.52371	0.05796	0.03446	0.03195	0.10986	0.01087	0.00754	0.00243	0.00566	0.00900	0.00737	0.01090
42	0.01022	0.00694	0.00799	0.00827	0.00842	0.00683	0.00483	0.01049	0.01133	0.01502	0.02746	0.16253	0.05279	0.60076	0.03146	0.00622	0.00647	0.01240	0.00487	0.00471
43	0.02455	0.01984	0.02009	0.01719	0.05261	0.08769	0.01323	0.42941	0.13817	0.03817	0.01912	0.01934	0.01410	0.00867	0.00706	0.00216	0.00782	0.00665	0.06272	0.01140
44	0.01598	0.01656	0.02812	0.02217	0.02457	0.02005	0.22997	0.01896	0.01307	0.01918	0.01206	0.01909	0.01108	0.05619	0.01968	0.00318	0.45100	0.00735	0.00342	0.00834
45	0.01674	0.01593	0.02681	0.24494	0.48562	0.01697	0.02133	0.02174	0.03772	0.02244	0.01397	0.01870	0.01132	0.00682	0.00722	0.00225	0.00885	0.00653	0.00361	0.01050
46	0.01422	0.00742	0.00749	0.00725	0.00914	0.00753	0.00550	0.04836	0.01615	0.02799	0.02341	0.02664	0.01833	0.00848	0.00519	0.00172	0.00361	0.00676	0.74776	0.00704
47	0.01578	0.01502	0.02551	0.39833	0.36275	0.01669	0.02121	0.02037	0.01551	0.02107	0.01328	0.01871	0.01057	0.00689	0.00723	0.00230	0.00918	0.00647	0.00341	0.00973
48	0.02509	0.01732	0.02014	0.01540	0.02121	0.01782	0.03603	0.37807	0.08283	0.14847	0.01944	0.01913	0.01379	0.00819	0.00701	0.00203	0.00721	0.00650	0.00692	0.14740
49	0.16766	0.06240	0.54300	0.01819	0.02753	0.01726	0.02255	0.02265	0.01474	0.02465	0.01235	0.01450	0.00895	0.00685	0.00634	0.00226	0.00962	0.00503	0.00335	0.01012
50	0.02668	0.01972	0.02118	0.01643	0.02201	0.02181	0.01350	0.63266	0.05227	0.04439	0.01862	0.04373	0.01393	0.00926	0.00735	0.00222	0.00780	0.00710	0.00726	0.01210
51	0.01481	0.07157	0.67494	0.02032	0.03085	0.01745	0.02617	0.02296	0.01532	0.02274	0.01290	0.01517	0.00921	0.00687	0.00680	0.00227	0.01060	0.00530	0.00307	0.01068
52	0.02413	0.02021	0.02173	0.11360	0.07455	0.09427	0.01508	0.41177	0.09051	0.03616	0.01706	0.01820	0.01256	0.00835	0.00720	0.00221	0.00860	0.00649	0.00611	0.01123
53	0.00859	0.00736	0.00736	0.00736	0.00982	0.00614	0.00552	0.01043	0.01657	0.01964	0.07364	0.06996	0.69624	0.01841	0.00859	0.00245	0.00368	0.01534	0.00675	0.00614
54	0.00885	0.00636	0.00840	0.01003	0.01052	0.00591	0.00671	0.01013	0.01400	0.01859	0.04118	0.71759	0.06956	0.02263	0.00926	0.00294	0.00420	0.02049	0.00675	0.00591
55	0.79588	0.01406	0.01068	0.00956	0.01406	0.01631	0.00787	0.02137	0.01237	0.03261	0.01012	0.01181	0.00787	0.00675	0.00450	0.00225	0.00562	0.00394	0.00450	0.00787
56	0.01057	0.00705	0.00793	0.00793	0.00793	0.00705	0.00440	0.01057	0.01057	0.01409	0.02290	0.04757	0.02643	0.74454	0.03700	0.00705	0.00705	0.01057	0.00440	0.00440
57	0.01057	0.00705	0.00793	0.00793	0.00793	0.00705	0.00440	0.01057	0.01057	0.01409	0.02290	0.04757	0.02643	0.74454	0.03700	0.00705	0.00705	0.01057	0.00440	0.00440
58	0.01263	0.00631	0.00947	0.00947	0.00947	0.00631	0.00631	0.00947	0.00947	0.01263	0.01263	0.02210	0.01263	0.02525	0.02841	0.78851	0.00631	0.00631	0.00316	0.00316
59	0.01897	0.01580	0.01667	0.01458	0.01885	0.01796	0.01146	0.14158	0.53035	0.03217	0.03075	0.02861	0.06906	0.01029	0.00746	0.00242	0.00597	0.00845	0.00733	0.01126
60	0.01943	0.74891	0.03809	0.01244	0.01866	0.02876	0.01244	0.02177	0.01477	0.01710	0.01011	0.01166	0.00933	0.00622	0.00466	0.00155	0.00777	0.00389	0.00311	0.00933
61	0.02021	0.01320	0.01388	0.01148	0.01512	0.01423	0.00921	0.32790	0.02419	0.03594	0.02075	0.02254	0.01567	0.00859	0.00612	0.00192	0.00557	0.00667	0.41741	0.00942
62	0.01623	0.01367	0.01805	0.01304	0.01947	0.01091	0.07666	0.02032	0.03839	0.05637	0.01442	0.01641	0.01153	0.00578	0.00587	0.00132	0.00614	0.00502	0.00457	0.64585
63	0.01450	0.01276	0.01612	0.01517	0.03678	0.04722	0.07732	0.06134	0.18596	0.02445	0.06362	0.31290	0.05544	0.01512	0.00837	0.00261	0.00624	0.02915	0.00645	0.00848
64	0.01339	0.00683	0.00702	0.00702	0.00869	0.00689	0.00528	0.01674	0.01507	0.02659	0.02350	0.02717	0.01861	0.01077	0.04064	0.00219	0.00419	0.00683	0.74581	0.00676
65	0.02027	0.67169	0.03620	0.01312	0.01907	0.10299	0.01261	0.02255	0.01540	0.01718	0.01023	0.01182	0.00933	0.00636	0.00487	0.00159	0.00835	0.00397	0.00318	0.00923
66	0.00895	0.00709	0.00779	0.00816	0.00984	0.00621	0.00576	0.01053	0.01548	0.01923	0.08936	0.22552	0.44138	0.09722	0.01180	0.00306	0.00416	0.01599	0.00656	0.00593
67	0.01397	0.00825	0.01090	0.00977	0.01213	0.00749	0.00749	0.01730	0.02061	0.14052	0.58537	0.04942	0.06024	0.01389	0.00836	0.00228	0.00388	0.01218	0.00817	0.00777
68	0.00980	0.00702	0.00818	0.00844	0.00925	0.00661	0.00545	0.01091	0.01387	0.01827	0.13436	0.19221	0.16762	0.35117	0.02173	0.00463	0.00529	0.01391	0.00586	0.00540
69	0.01024	0.00739	0.00967	0.00918	0.01085	0.00683	0.00685	0.01359	0.02035	0.02879	0.67289	0.07780	0.06788	0.01513	0.00860	0.00231	0.00346	0.01340	0.00796	0.00683
70	0.01768	0.01696	0.02895	0.09372	0.65249	0.01719	0.02216	0.02204	0.01641	0.02338	0.01362	0.01809	0.01138	0.00653	0.00720	0.00218	0.00871	0.00648	0.00357	0.01127
71	0.01914	0.01674	0.01700	0.01509	0.01931	0.04723	0.01178	0.08401	0.61165	0.03099	0.02795	0.02585	0.02095	0.00968	0.00735	0.00242	0.00622	0.00795	0.00724	0.01144
72	0.02726	0.02018	0.02161	0.01665	0.02240	0.02237	0.01373	0.65022	0.05952	0.04521	0.01792	0.01783	0.01274	0.00877	0.00728	0.00219	0.00791	0.00661	0.00728	0.01233
73	0.79588	0.01406	0.01068	0.00956	0.01406	0.01631	0.00787	0.02137	0.01237	0.03261	0.01012	0.01181	0.00787	0.00675	0.00450	0.00225	0.00562	0.00394	0.00450	0.00787
74	0.00941	0.00672	0.00907	0.01075	0.01142	0.00638	0.00771	0.01108	0.01446	0.01918	0.03976	0.61228	0.04687	0.02225	0.00943	0.00303	0.00470	0.14271	0.00674	0.00606
75	0.01854	0.61835	0.16085	0.01396	0.02101	0.02658	0.01508	0.02200	0.01488	0.01819	0.01065	0.01234	0.00931	0.00635	0.00508	0.00169	0.00832	0.00416	0.00310	0.00959
76	0.00913	0.00644	0.00835	0.00977	0.01013	0.00609	0.00637	0.01019	0.01338	0.01785	0.03733	0.62968	0.04463	0.13759	0.01369	0.00360	0.00467	0.01906	0.00637	0.00567
77	0.01042	0.00706	0.00856	0.00879	0.00912	0.00721	0.00551	0.01114	0.01139	0.01566	0.02475	0.13920	0.02778	0.50522	0.14126	0.00702	0.00852	0.01137	0.03498	0.00504
78	0.02864	0.01624	0.01814	0.01446	0.01967	0.06514	0.01172	0.20820	0.08761	0.38751	0.02486	0.04733	0.01730	0.00938	0.00732	0.00225	0.00707	0.00747	0.00792	0.01177
79	0.01154	0.00742	0.00989	0.00989	0.01134	0.00824	0.00763	0.01442	0.01298	0.02060	0.02102	0.02803	0.01834	0.03773	0.45671	0.00804	0.01361	0.00742	0.28856	0.00659
80	0.02163	0.39874	0.02913	0.01545	0.04582	0.20712	0.01289	0.08984	0.01865	0.02136	0.04444	0.01540	0.01286	0.00730	0.00573	0.00177	0.00889	0.00500	0.02870	0.00929
81	0.02384	0.01789	0.01968	0.01558	0.02047	0.01976	0.01266	0.50144	0.06215	0.03914	0.01862	0.04308	0.01471	0.03852	0.05291	0.00297	0.03434	0.00720	0.00666	0.04838
82	0.09247	0.09810	0.36250	0.01613	0.02353	0.01581	0.01835	0.02289	0.03804	0.08918	0.09064	0.02450	0.01895	0.00884	0.00689	0.00229	0.00829	0.04811	0.00469	0.00981
83	0.02037	0.01481	0.01645	0.01401	0.01802	0.01588	0.01121	0.34737	0.09259	0.06211	0.03036	0.15843	0.08907	0.01323	0.00800	0.00247	0.00649	0.06191	0.00716	0.01006
84	0.01877	0.01962	0.02778	0.14723	0.43736	0.13234	0.06741	0.02290	0.01694	0.02191	0.01323	0.01752	0.01084	0.00674	0.00720	0.00217	0.00980	0.00633	0.00357	0.01034

[dist]
# distance from previous block
# <min> <max>
0	1

[block]
# block no. 2 follows, 28 sequences, length 166
# corresponding to MSA columns:
# 216-381
name=unknown_C
#
# <colnr> <probs for GDERKNQSTAVLIFYWHMCP>
#	G	D	E	R	K	N	Q	S	T	A	V	L	I	F	Y	W	H	M	C	P
0	0.00892	0.00638	0.00849	0.01008	0.01056	0.00595	0.00675	0.01029	0.01423	0.01905	0.07039	0.70807	0.04903	0.02241	0.00925	0.00292	0.00418	0.02032	0.00681	0.00595
1	0.01670	0.06354	0.05626	0.15627	0.03147	0.04003	0.23532	0.02080	0.01499	0.04265	0.01510	0.01969	0.03539	0.00878	0.01211	0.00256	0.20852	0.00723	0.00369	0.00888
2	0.00886	0.00633	0.00843	0.01012	0.01054	0.00590	0.00675	0.01012	0.01392	0.01856	0.04006	0.73979	0.04808	0.02277	0.00928	0.00295	0.00422	0.02066	0.00675	0.00590
3	0.01206	0.00813	0.01041	0.00959	0.01170	0.00760	0.00727	0.01618	0.05124	0.07364	0.59579	0.05170	0.08782	0.01438	0.00844	0.00230	0.00373	0.01262	0.00799	0.00741
4	0.01492	0.06457	0.64135	0.02098	0.03134	0.01744	0.06439	0.02299	0.01543	0.02280	0.01303	0.01545	0.00932	0.00683	0.00692	0.00228	0.01071	0.00550	0.00311	0.01063
5	0.01955	0.01586	0.01697	0.01493	0.01922	0.01808	0.01178	0.11782	0.55984	0.05437	0.02832	0.02764	0.02146	0.01003	0.00747	0.00245	0.00608	0.02924	0.00741	0.01148
6	0.01669	0.01594	0.02716	0.25274	0.50123	0.01693	0.02166	0.02117	0.01594	0.02217	0.01344	0.01841	0.01096	0.00672	0.00722	0.00224	0.00896	0.00647	0.00349	0.01047
7	0.01767	0.01694	0.02892	0.09641	0.64993	0.01719	0.02215	0.02203	0.01640	0.02336	0.01362	0.01810	0.01138	0.00654	0.00720	0.00218	0.00872	0.00648	0.00357	0.01125
8	0.01236	0.00769	0.01001	0.01049	0.01194	0.00723	0.00751	0.01488	0.04743	0.09717	0.11536	0.46487	0.07424	0.01950	0.00965	0.03452	0.00456	0.03664	0.00703	0.00693
9	0.02699	0.03322	0.02052	0.01853	0.02222	0.66702	0.01398	0.02888	0.02030	0.04285	0.01182	0.01362	0.00968	0.00772	0.00715	0.00193	0.03627	0.00483	0.00392	0.00856
10	0.01052	0.00776	0.00988	0.00929	0.01114	0.00728	0.00698	0.01457	0.04729	0.02875	0.63891	0.05394	0.09653	0.01483	0.00853	0.00230	0.00354	0.01305	0.00792	0.00701
11	0.02671	0.02186	0.02092	0.01662	0.02192	0.12552	0.01347	0.53099	0.05765	0.04038	0.01722	0.01751	0.01251	0.00858	0.00710	0.00213	0.00852	0.00634	0.03250	0.01155
12	0.01263	0.00631	0.00947	0.00947	0.00947	0.00631	0.00631	0.00947	0.00947	0.01263	0.01263	0.02210	0.01263	0.02525	0.02841	0.78851	0.00631	0.00631	0.00316	0.00316
13	0.01038	0.00779	0.01168	0.01168	0.01298	0.00909	0.00909	0.01298	0.01168	0.01687	0.01947	0.02856	0.01817	0.05452	0.71573	0.01168	0.01947	0.00779	0.00389	0.00649
14	0.01084	0.00790	0.00938	0.00884	0.01108	0.00715	0.00669	0.01428	0.04338	0.05277	0.41416	0.05792	0.29721	0.01576	0.00849	0.00235	0.00372	0.01354	0.00756	0.00698
15	0.01038	0.00779	0.01168	0.01168	0.01298	0.00909	0.00909	0.01298	0.01168	0.01687	0.01947	0.02856	0.01817	0.05452	0.71573	0.01168	0.01947	0.00779	0.00389	0.00649
16	0.01808	0.01561	0.01644	0.01479	0.01890	0.01808	0.01151	0.03863	0.68606	0.03041	0.02959	0.02712	0.02219	0.00986	0.00740	0.00247	0.00575	0.00822	0.00740	0.01151
17	0.01590	0.01590	0.02226	0.01908	0.01908	0.02226	0.01590	0.01749	0.01113	0.01749	0.00954	0.01590	0.00954	0.01272	0.02385	0.00318	0.73123	0.00636	0.00318	0.00795
18	0.01458	0.03760	0.70688	0.02072	0.03146	0.01688	0.02686	0.02302	0.01535	0.02302	0.01304	0.01535	0.00921	0.00691	0.00691	0.00230	0.01074	0.00537	0.00307	0.01074
19	0.02623	0.01966	0.02103	0.01644	0.02201	0.02189	0.01348	0.58164	0.12978	0.04355	0.01923	0.01887	0.01380	0.00889	0.00729	0.00222	0.00767	0.00679	0.00729	0.01224
20	0.01373	0.01292	0.02180	0.72707	0.05006	0.01615	0.02019	0.01857	0.01453	0.01857	0.01292	0.01938	0.00969	0.00727	0.00727	0.00242	0.00969	0.00646	0.00323	0.00807
21	0.00886	0.00633	0.00843	0.01012	0.01054	0.00590	0.00675	0.01012	0.01392	0.01856	0.04006	0.73979	0.04808	0.02277	0.00928	0.00295	0.00422	0.02066	0.00675	0.00590
22	0.01017	0.00743	0.00956	0.00902	0.01079	0.00681	0.00677	0.01349	0.02030	0.02850	0.65313	0.05536	0.11122	0.01510	0.00857	0.00230	0.00345	0.01329	0.00792	0.00681
23	0.00886	0.00633	0.00843	0.01012	0.01054	0.00590	0.00675	0.01012	0.01392	0.01856	0.04006	0.73979	0.04808	0.02277	0.00928	0.00295	0.00422	0.02066	0.00675	0.00590
24	0.00897	0.00641	0.00857	0.01025	0.01072	0.00600	0.00695	0.01032	0.01403	0.01868	0.04000	0.71339	0.04783	0.02267	0.00931	0.00297	0.00432	0.04594	0.00675	0.00594
25	0.03261	0.01237	0.01687	0.01293	0.01856	0.01068	0.01068	0.03543	0.02081	0.70423	0.02868	0.02474	0.01799	0.00900	0.00731	0.00225	0.00619	0.00731	0.00900	0.01237
26	0.02699	0.02004	0.02145	0.01659	0.02230	0.02224	0.01366	0.63192	0.07827	0.04477	0.01827	0.01811	0.01303	0.00880	0.00728	0.00220	0.00785	0.00666	0.00728	0.01230
27	0.79588	0.01406	0.01068	0.00956	0.01406	0.01631	0.00787	0.02137	0.01237	0.03261	0.01012	0.01181	0.00787	0.00675	0.00450	0.00225	0.00562	0.00394	0.00450	0.00787
28	0.01105	0.00789	0.01095	0.01263	0.01401	0.00779	0.01056	0.01391	0.01608	0.02101	0.03885	0.23529	0.04329	0.02071	0.00986	0.00325	0.00612	0.50354	0.00671	0.00651
29	0.01716	0.01961	0.04289	0.03064	0.03799	0.01838	0.67279	0.02328	0.01716	0.02328	0.01471	0.01961	0.01103	0.00613	0.00858	0.00245	0.01225	0.00858	0.00368	0.00980
30	0.01355	0.00678	0.00678	0.00678	0.00847	0.00678	0.00508	0.01694	0.01524	0.02710	0.02371	0.02710	0.01863	0.00847	0.00508	0.00169	0.00339	0.00678	0.78489	0.00678
31	0.01768	0.01695	0.02894	0.09481	0.65146	0.01719	0.02215	0.02203	0.01640	0.02337	0.01362	0.01809	0.01138	0.00653	0.00720	0.00218	0.00871	0.00648	0.00357	0.01126
32	0.02100	0.01793	0.01790	0.01535	0.01985	0.06608	0.01212	0.21158	0.44043	0.03343	0.02645	0.02492	0.04060	0.00967	0.00734	0.00235	0.00680	0.00775	0.00709	0.01136
33	0.01024	0.00700	0.00794	0.00811	0.00834	0.00686	0.00473	0.01051	0.01138	0.01498	0.02859	0.11983	0.08061	0.61467	0.03197	0.00627	0.00650	0.01197	0.00483	0.00469
34	0.01943	0.01949	0.01810	0.01629	0.01955	0.16906	0.01278	0.03217	0.40560	0.02523	0.02270	0.02442	0.01813	0.01022	0.01001	0.00249	0.12592	0.03246	0.00589	0.01007
35	0.79588	0.01406	0.01068	0.00956	0.01406	0.01631	0.00787	0.02137	0.01237	0.03261	0.01012	0.01181	0.00787	0.00675	0.00450	0.00225	0.00562	0.00394	0.00450	0.00787
36	0.01046	0.00724	0.00907	0.00912	0.00952	0.00762	0.00588	0.01128	0.01101	0.01507	0.02245	0.06481	0.02468	0.51451	0.23884	0.00830	0.01066	0.01007	0.00433	0.00508
37	0.01716	0.01961	0.04289	0.03064	0.03799	0.01838	0.67279	0.02328	0.01716	0.02328	0.01471	0.01961	0.01103	0.00613	0.00858	0.00245	0.01225	0.00858	0.00368	0.00980
38	0.00888	0.00659	0.00817	0.00941	0.01026	0.00601	0.00637	0.01021	0.01435	0.01859	0.04668	0.55990	0.19015	0.05522	0.01041	0.00303	0.00423	0.01902	0.00664	0.00589
39	0.02763	0.02036	0.02182	0.01672	0.02254	0.02254	0.01382	0.67496	0.03418	0.04581	0.01745	0.01745	0.01236	0.00873	0.00727	0.00218	0.00800	0.00654	0.00727	0.01236
40	0.02602	0.01914	0.02060	0.01621	0.02169	0.02122	0.01325	0.52855	0.15733	0.06932	0.02020	0.01958	0.01445	0.00895	0.00730	0.00224	0.00750	0.00689	0.00736	0.01220
41	0.02790	0.01133	0.01536	0.01213	0.01693	0.00988	0.00988	0.03084	0.02076	0.56171	0.16942	0.03098	0.02867	0.01023	0.00758	0.00226	0.00560	0.00854	0.00879	0.01121
42	0.72854	0.07779	0.01306	0.00981	0.01446	0.01739	0.00827	0.02140	0.01258	0.03127	0.01012	0.01180	0.00800	0.00670	0.00451	0.00219	0.00581	0.00393	0.00438	0.00800
43	0.00906	0.00741	0.00802	0.00794	0.01021	0.00636	0.00601	0.01130	0.01745	0.02179	0.20890	0.06690	0.53803	0.01768	0.00863	0.00245	0.00372	0.03480	0.00702	0.00631
44	0.00951	0.00740	0.00864	0.00833	0.01038	0.00653	0.00625	0.01222	0.01875	0.02481	0.41163	0.06144	0.35503	0.01648	0.00858	0.00236	0.00354	0.01415	0.00743	0.00653
45	0.01393	0.01313	0.02217	0.69465	0.08090	0.01620	0.02029	0.01875	0.01463	0.01882	0.01296	0.01931	0.00978	0.00723	0.00726	0.00241	0.00964	0.00646	0.00325	0.00824
46	0.00886	0.00633	0.00843	0.01012	0.01054	0.00590	0.00675	0.01012	0.01392	0.01856	0.04006	0.73979	0.04808	0.02277	0.00928	0.00295	0.00422	0.02066	0.00675	0.00590
47	0.01507	0.01292	0.01507	0.01077	0.01723	0.00969	0.00861	0.01830	0.01507	0.02369	0.01292	0.01507	0.01077	0.00538	0.00538	0.00108	0.00538	0.00431	0.00431	0.78898
48	0.01559	0.01482	0.02517	0.42853	0.33402	0.01664	0.02112	0.02021	0.01542	0.02084	0.01325	0.01877	0.01049	0.00692	0.00724	0.00231	0.00923	0.00647	0.00339	0.00958
49	0.01057	0.00705	0.00793	0.00793	0.00793	0.00705	0.00440	0.01057	0.01057	0.01409	0.02290	0.04757	0.02643	0.74454	0.03700	0.00705	0.00705	0.01057	0.00440	0.00440
50	0.01573	0.20678	0.54781	0.01875	0.02842	0.01971	0.02343	0.02272	0.01521	0.02161	0.01235	0.01447	0.00924	0.00674	0.00637	0.00212	0.01004	0.00502	0.00308	0.01041
51	0.01159	0.00833	0.01155	0.01316	0.01486	0.00828	0.01148	0.01488	0.01673	0.02167	0.03983	0.08153	0.06685	0.02002	0.00998	0.00331	0.00658	0.62599	0.00670	0.00667
52	0.02527	0.01193	0.01528	0.01256	0.01705	0.01127	0.01006	0.03147	0.14668	0.43909	0.13362	0.06291	0.02809	0.01072	0.00762	0.00233	0.00558	0.00901	0.00843	0.01105
53	0.01159	0.00828	0.01157	0.01325	0.01487	0.00826	0.01150	0.01485	0.01661	0.02162	0.03856	0.11034	0.04210	0.02020	0.01001	0.00333	0.00659	0.62314	0.00670	0.00666
54	0.03155	0.01214	0.01653	0.01275	0.01819	0.01050	0.01050	0.03439	0.02079	0.67216	0.06034	0.02615	0.02040	0.00928	0.00737	0.00225	0.00605	0.00759	0.00895	0.01211
55	0.01752	0.01664	0.02751	0.11858	0.56763	0.01722	0.02114	0.02330	0.07416	0.02374	0.01496	0.01894	0.01223	0.00686	0.00722	0.00221	0.00850	0.00663	0.00389	0.01113
56	0.02472	0.01875	0.02022	0.01567	0.02136	0.02022	0.01281	0.50553	0.11264	0.04085	0.01834	0.01833	0.01337	0.00841	0.00703	0.00206	0.00736	0.00645	0.00688	0.11902
57	0.01512	0.11704	0.63218	0.01979	0.03003	0.01821	0.02525	0.02288	0.01528	0.02236	0.01272	0.01494	0.00922	0.00683	0.00666	0.00222	0.01041	0.00521	0.00307	0.01058
58	0.02925	0.04538	0.01806	0.01326	0.01866	0.01338	0.01099	0.15431	0.02290	0.49526	0.05384	0.02578	0.04596	0.00944	0.00729	0.00222	0.00639	0.00757	0.00828	0.01177
59	0.02652	0.06057	0.02115	0.01824	0.02219	0.63115	0.01387	0.05710	0.04764	0.01948	0.01220	0.01380	0.01001	0.00759	0.00655	0.00190	0.01239	0.00487	0.00402	0.00876
60	0.02622	0.02463	0.02080	0.04138	0.02295	0.26671	0.01378	0.39715	0.02799	0.03391	0.01737	0.01810	0.03886	0.00863	0.00707	0.00209	0.00969	0.00624	0.00586	0.01057
61	0.01799	0.01727	0.02950	0.04462	0.69919	0.01727	0.02231	0.02231	0.01655	0.02375	0.01367	0.01799	0.01151	0.00648	0.00720	0.00216	0.00864	0.00648	0.00360	0.01151
62	0.01507	0.01292	0.01507	0.01077	0.01723	0.00969	0.00861	0.01830	0.01507	0.02369	0.01292	0.01507	0.01077	0.00538	0.00538	0.00108	0.00538	0.00431	0.00431	0.78898
63	0.00989	0.00741	0.00916	0.00872	0.01061	0.00669	0.00654	0.01294	0.01963	0.02689	0.54786	0.05801	0.21749	0.01570	0.00858	0.00233	0.00349	0.01367	0.00770	0.00669
64	0.00884	0.00637	0.00839	0.01000	0.01051	0.00591	0.00669	0.01013	0.01403	0.01860	0.04151	0.71093	0.07601	0.02259	0.00925	0.00293	0.00419	0.02044	0.00675	0.00591
65	0.03147	0.01420	0.01800	0.01380	0.01947	0.01340	0.01140	0.18198	0.02387	0.55335	0.02611	0.02307	0.01670	0.00893	0.00730	0.00223	0.00660	0.00713	0.00860	0.01237
66	0.03029	0.01346	0.01728	0.01337	0.01894	0.01241	0.01098	0.10152	0.07003	0.55764	0.02690	0.02374	0.01740	0.00888	0.00723	0.00221	0.00631	0.00717	0.00850	0.04577
67	0.16294	0.03230	0.54405	0.01906	0.02846	0.01684	0.05315	0.02272	0.01487	0.02485	0.01257	0.01487	0.00904	0.00684	0.00653	0.00230	0.00984	0.00525	0.00337	0.01015
68	0.01943	0.74891	0.03809	0.01244	0.01866	0.02876	0.01244	0.02177	0.01477	0.01710	0.01011	0.01166	0.00933	0.00622	0.00466	0.00155	0.00777	0.00389	0.00311	0.00933
69	0.00955	0.00728	0.00877	0.00865	0.01047	0.00651	0.00639	0.01220	0.01847	0.02472	0.41027	0.13650	0.27991	0.01696	0.00866	0.00242	0.00360	0.01474	0.00744	0.00651
70	0.01285	0.01126	0.01625	0.01449	0.01525	0.01411	0.03938	0.01461	0.01145	0.01675	0.01622	0.02768	0.01644	0.19599	0.26062	0.00692	0.29135	0.00792	0.00373	0.00672
71	0.00873	0.00712	0.00772	0.00809	0.01003	0.00611	0.00587	0.01050	0.01612	0.01979	0.09264	0.22738	0.51608	0.01929	0.00875	0.00256	0.00380	0.01650	0.00680	0.00611
72	0.01122	0.00772	0.00951	0.00888	0.01105	0.00690	0.00672	0.01416	0.01947	0.06895	0.47914	0.05683	0.24135	0.01549	0.00850	0.00233	0.00367	0.01339	0.00771	0.00700
73	0.01808	0.01561	0.01644	0.01479	0.01890	0.01808	0.01151	0.03863	0.68606	0.03041	0.02959	0.02712	0.02219	0.00986	0.00740	0.00247	0.00575	0.00822	0.00740	0.01151
74	0.01018	0.00743	0.00956	0.00903	0.01079	0.00681	0.00677	0.01350	0.02031	0.02852	0.65407	0.05534	0.11027	0.01510	0.00857	0.00230	0.00345	0.01329	0.00792	0.00681
75	0.01038	0.00779	0.01168	0.01168	0.01298	0.00909	0.00909	0.01298	0.01168	0.01687	0.01947	0.02856	0.01817	0.05452	0.71573	0.01168	0.01947	0.00779	0.00389	0.00649
76	0.79588	0.01406	0.01068	0.00956	0.01406	0.01631	0.00787	0.02137	0.01237	0.03261	0.01012	0.01181	0.00787	0.00675	0.00450	0.00225	0.00562	0.00394	0.00450	0.00787
77	0.01373	0.01292	0.02180	0.72707	0.05006	0.01615	0.02019	0.01857	0.01453	0.01857	0.01292	0.01938	0.00969	0.00727	0.00727	0.00242	0.00969	0.00646	0.00323	0.00807
78	0.00859	0.00736	0.00736	0.00736	0.00982	0.00614	0.00552	0.01043	0.01657	0.01964	0.07364	0.06996	0.69624	0.01841	0.00859	0.00245	0.00368	0.01534	0.00675	0.00614
79	0.01038	0.00779	0.01168	0.01168	0.01298	0.00909	0.00909	0.01298	0.01168	0.01687	0.01947	0.02856	0.01817	0.05452	0.71573	0.01168	0.01947	0.00779	0.00389	0.00649
80	0.01355	0.00678	0.00678	0.00678	0.00847	0.00678	0.00508	0.01694	0.01524	0.02710	0.02371	0.02710	0.01863	0.00847	0.00508	0.00169	0.00339	0.00678	0.78489	0.00678
81	0.00900	0.00643	0.00858	0.01018	0.01069	0.00601	0.00690	0.01041	0.01425	0.01906	0.06507	0.69411	0.04868	0.02239	0.00927	0.00294	0.00426	0.03902	0.00679	0.00596
82	0.01716	0.01961	0.04289	0.03064	0.03799	0.01838	0.67279	0.02328	0.01716	0.02328	0.01471	0.01961	0.01103	0.00613	0.00858	0.00245	0.01225	0.00858	0.00368	0.00980
83	0.01001	0.00726	0.00932	0.00911	0.01062	0.00670	0.00665	0.01289	0.01897	0.02644	0.53836	0.14678	0.10144	0.05079	0.01002	0.00261	0.00372	0.01416	0.00759	0.00657
84	0.01943	0.74891	0.03809	0.01244	0.01866	0.02876	0.01244	0.02177	0.01477	0.01710	0.01011	0.01166	0.00933	0.00622	0.00466	0.00155	0.00777	0.00389	0.00311	0.00933
85	0.01407	0.01317	0.02215	0.62679	0.11469	0.01593	0.02004	0.01880	0.01484	0.01924	0.01410	0.02194	0.01126	0.00774	0.00738	0.00244	0.00945	0.03420	0.00342	0.00837
86	0.01056	0.01313	0.14125	0.01078	0.01444	0.00853	0.01023	0.01444	0.01831	0.02497	0.36892	0.05187	0.25618	0.01448	0.00826	0.00234	0.00490	0.01237	0.00667	0.00737
87	0.06887	0.01245	0.01658	0.01277	0.01834	0.01095	0.01055	0.03476	0.02040	0.67233	0.02780	0.02413	0.01751	0.00889	0.00718	0.00225	0.00616	0.00715	0.00878	0.01216
88	0.01171	0.00837	0.01171	0.01339	0.01506	0.00837	0.01171	0.01506	0.01673	0.02175	0.03849	0.08199	0.04183	0.02008	0.01004	0.00335	0.00669	0.65027	0.00669	0.00669
89	0.01007	0.00818	0.01314	0.01280	0.01424	0.00764	0.09601	0.01214	0.01481	0.01993	0.08230	0.59555	0.04454	0.01999	0.00914	0.00284	0.00524	0.01852	0.00642	0.00649
90	0.00886	0.00633	0.00843	0.01012	0.01054	0.00590	0.00675	0.01012	0.01392	0.01856	0.04006	0.73979	0.04808	0.02277	0.00928	0.00295	0.00422	0.02066	0.00675	0.00590
91	0.01571	0.01562	0.02189	0.01882	0.01887	0.02180	0.01566	0.01733	0.01115	0.01747	0.00989	0.01635	0.00985	0.01420	0.04838	0.00348	0.70601	0.00641	0.00321	0.00790
92	0.02038	0.01448	0.01569	0.01322	0.01703	0.01574	0.01046	0.35915	0.08066	0.03552	0.02395	0.15286	0.02108	0.01134	0.00718	0.00224	0.00613	0.00932	0.17364	0.00991
93	0.01038	0.00779	0.01168	0.01168	0.01298	0.00909	0.00909	0.01298	0.01168	0.01687	0.01947	0.02856	0.01817	0.05452	0.71573	0.01168	0.01947	0.00779	0.00389	0.00649
94	0.01373	0.01292	0.02180	0.72707	0.05006	0.01615	0.02019	0.01857	0.01453	0.01857	0.01292	0.01938	0.00969	0.00727	0.00727	0.00242	0.00969	0.00646	0.00323	0.00807
95	0.01042	0.00698	0.00797	0.00812	0.00815	0.00695	0.00461	0.01053	0.01086	0.01448	0.02439	0.10760	0.02830	0.68194	0.03459	0.00669	0.00680	0.01145	0.00461	0.00453
96	0.01038	0.00779	0.01168	0.01168	0.01298	0.00909	0.00909	0.01298	0.01168	0.01687	0.01947	0.02856	0.01817	0.05452	0.71573	0.01168	0.01947	0.00779	0.00389	0.00649
