[name]
unknown

[dist]
# distance from previous block
# <min> <max>
3	145

[block]
# block no. 0 follows, 28 sequences, length 44
# corresponding to MSA columns:
# 167-210
name=unknown_A
#
# <colnr> <probs for GDERKNQSTAVLIFYWHMCP>
#	G	D	E	R	K	N	Q	S	T	A	V	L	I	F	Y	W	H	M	C	P
0	0.01098	0.00868	0.01309	0.06422	0.01607	0.01044	0.01033	0.01367	0.01185	0.01704	0.01836	0.02708	0.01701	0.04842	0.62021	0.01047	0.06398	0.00760	0.00380	0.00670
1	0.01930	0.01855	0.04473	0.17232	0.28943	0.06872	0.01849	0.13310	0.11308	0.02685	0.01618	0.01903	0.01255	0.00757	0.00720	0.00224	0.00873	0.00656	0.00466	0.01071
2	0.01531	0.11631	0.58418	0.02050	0.03049	0.01833	0.07142	0.02290	0.01541	0.02237	0.01283	0.01524	0.00935	0.00677	0.00677	0.00223	0.01052	0.00543	0.00312	0.01052
3	0.02402	0.01265	0.01641	0.01514	0.06683	0.01231	0.01108	0.05600	0.15496	0.36262	0.08929	0.09803	0.02575	0.01088	0.00763	0.00236	0.00590	0.00926	0.00790	0.01099
4	0.01057	0.00705	0.00793	0.00793	0.00793	0.00705	0.00440	0.01057	0.01057	0.01409	0.02290	0.04757	0.02643	0.74454	0.03700	0.00705	0.00705	0.01057	0.00440	0.00440
5	0.02881	0.02013	0.02044	0.01603	0.02154	0.10463	0.01307	0.43693	0.02919	0.20581	0.01948	0.01873	0.01339	0.00864	0.00719	0.00216	0.00818	0.00651	0.00727	0.01188
6	0.01583	0.01534	0.02653	0.36241	0.31504	0.01706	0.06836	0.02040	0.01540	0.02100	0.01320	0.01866	0.01053	0.00711	0.00811	0.00235	0.04302	0.00662	0.00341	0.00961
7	0.01391	0.01328	0.02293	0.68973	0.04942	0.01627	0.05518	0.01882	0.01468	0.01882	0.01302	0.01939	0.00976	0.00721	0.00734	0.00242	0.00983	0.00657	0.00325	0.00817
8	0.01171	0.00837	0.01171	0.01339	0.01506	0.00837	0.01171	0.01506	0.01673	0.02175	0.03849	0.08199	0.04183	0.02008	0.01004	0.00335	0.00669	0.65027	0.00669	0.00669
9	0.08566	0.08406	0.06668	0.01318	0.01914	0.01324	0.01178	0.03224	0.01924	0.54259	0.02447	0.02190	0.01582	0.00842	0.00683	0.00219	0.00661	0.00660	0.00770	0.01164
10	0.01288	0.00841	0.01168	0.01295	0.01476	0.00823	0.01102	0.01593	0.01668	0.07104	0.03797	0.15915	0.04087	0.01961	0.00975	0.00322	0.00635	0.52563	0.00687	0.00701
11	0.03034	0.01187	0.01614	0.01255	0.01777	0.01029	0.01029	0.03321	0.02078	0.63541	0.09664	0.02775	0.02315	0.00959	0.00744	0.00225	0.00590	0.00790	0.00890	0.01181
12	0.74251	0.01394	0.01112	0.00980	0.01437	0.01591	0.00807	0.02235	0.01296	0.07958	0.01142	0.01271	0.00858	0.00690	0.00470	0.00225	0.00566	0.00417	0.00481	0.00819
13	0.00884	0.00637	0.00839	0.01000	0.01051	0.00591	0.00669	0.01013	0.01403	0.01860	0.04151	0.71099	0.07595	0.02259	0.00925	0.00293	0.00419	0.02044	0.00675	0.00591
14	0.01777	0.01708	0.02897	0.06525	0.65100	0.01744	0.02198	0.02199	0.01627	0.02333	0.01348	0.01795	0.01138	0.00676	0.00787	0.00221	0.03797	0.00647	0.00357	0.01126
15	0.01558	0.01355	0.01653	0.05036	0.01941	0.01199	0.01028	0.04344	0.01532	0.02354	0.01270	0.01549	0.01063	0.00646	0.00770	0.00143	0.08976	0.00475	0.00423	0.62685
16	0.01596	0.01608	0.02322	0.01962	0.01996	0.02208	0.04647	0.01776	0.01141	0.01776	0.00978	0.01608	0.00961	0.01242	0.02314	0.00315	0.69778	0.00646	0.00320	0.00804
17	0.01704	0.01780	0.02210	0.01905	0.01943	0.09223	0.01572	0.01866	0.01209	0.01752	0.00971	0.01562	0.00952	0.01219	0.02211	0.00305	0.65874	0.00619	0.00324	0.00800
18	0.01471	0.01383	0.02271	0.58950	0.06574	0.01709	0.03887	0.04393	0.01510	0.01981	0.01284	0.01893	0.00987	0.00779	0.00891	0.00248	0.07957	0.00652	0.00341	0.00839
19	0.00872	0.00737	0.00754	0.00749	0.00989	0.00619	0.00562	0.01067	0.01686	0.02033	0.11921	0.06881	0.65024	0.01815	0.00859	0.00244	0.00366	0.01518	0.00684	0.00619
20	0.05339	0.01160	0.01548	0.01219	0.01713	0.01023	0.00996	0.03136	0.02050	0.57017	0.13918	0.02925	0.02610	0.00990	0.00743	0.00226	0.00571	0.00817	0.00869	0.01131
21	0.00905	0.00677	0.00845	0.00963	0.01069	0.00617	0.00680	0.01068	0.01502	0.01945	0.07310	0.50284	0.20802	0.02121	0.00914	0.00283	0.00423	0.06310	0.00679	0.00605
22	0.74033	0.01393	0.01113	0.00980	0.01439	0.01590	0.00808	0.02239	0.01298	0.08150	0.01147	0.01275	0.00861	0.00691	0.00470	0.00225	0.00566	0.00418	0.00483	0.00820
23	0.01029	0.00743	0.00972	0.00914	0.01086	0.00686	0.00686	0.01372	0.02058	0.02915	0.69536	0.05430	0.06859	0.01486	0.00857	0.00229	0.00343	0.01315	0.00800	0.00686
24	0.02763	0.02036	0.02182	0.01672	0.02254	0.02254	0.01382	0.67496	0.03418	0.04581	0.01745	0.01745	0.01236	0.00873	0.00727	0.00218	0.00800	0.00654	0.00727	0.01236
25	0.79588	0.01406	0.01068	0.00956	0.01406	0.01631	0.00787	0.02137	0.01237	0.03261	0.01012	0.01181	0.00787	0.00675	0.00450	0.00225	0.00562	0.00394	0.00450	0.00787
26	0.79588	0.01406	0.01068	0.00956	0.01406	0.01631	0.00787	0.02137	0.01237	0.03261	0.01012	0.01181	0.00787	0.00675	0.00450	0.00225	0.00562	0.00394	0.00450	0.00787
27	0.01630	0.01288	0.01520	0.01092	0.01732	0.00976	0.00876	0.01950	0.01547	0.07128	0.01402	0.01575	0.01127	0.00564	0.00552	0.00116	0.00544	0.00452	0.00463	0.73467
28	0.01943	0.74891	0.03809	0.01244	0.01866	0.02876	0.01244	0.02177	0.01477	0.01710	0.01011	0.01166	0.00933	0.00622	0.00466	0.00155	0.00777	0.00389	0.00311	0.00933
29	0.02763	0.02036	0.02182	0.01672	0.02254	0.02254	0.01382	0.67496	0.03418	0.04581	0.01745	0.01745	0.01236	0.00873	0.00727	0.00218	0.00800	0.00654	0.00727	0.01236
30	0.01157	0.00827	0.01151	0.01296	0.01464	0.00822	0.01123	0.01493	0.01712	0.02249	0.10427	0.07922	0.04451	0.01956	0.00989	0.00324	0.00637	0.58646	0.00682	0.00671
31	0.03261	0.01237	0.01687	0.01293	0.01856	0.01068	0.01068	0.03543	0.02081	0.70423	0.02868	0.02474	0.01799	0.00900	0.00731	0.00225	0.00619	0.00731	0.00900	0.01237
32	0.00886	0.00633	0.00843	0.01012	0.01054	0.00590	0.00675	0.01012	0.01392	0.01856	0.04006	0.73979	0.04808	0.02277	0.00928	0.00295	0.00422	0.02066	0.00675	0.00590
33	0.01355	0.00678	0.00678	0.00678	0.00847	0.00678	0.00508	0.01694	0.01524	0.02710	0.02371	0.02710	0.01863	0.00847	0.00508	0.00169	0.00339	0.00678	0.78489	0.00678
34	0.01259	0.00790	0.01027	0.00947	0.01149	0.00722	0.00710	0.01565	0.01970	0.09998	0.54617	0.07722	0.07715	0.05375	0.00999	0.00257	0.00396	0.01273	0.00783	0.00726
35	0.00886	0.00633	0.00843	0.01012	0.01054	0.00590	0.00675	0.01012	0.01392	0.01856	0.04006	0.73979	0.04808	0.02277	0.00928	0.00295	0.00422	0.02066	0.00675	0.00590
36	0.02027	0.01452	0.01618	0.01436	0.01857	0.01606	0.01137	0.03640	0.51852	0.15209	0.03004	0.03053	0.02280	0.01042	0.00757	0.00249	0.00590	0.05295	0.00764	0.01133
37	0.03187	0.01276	0.01701	0.01313	0.01870	0.01137	0.01082	0.05663	0.04764	0.65580	0.02834	0.02460	0.01797	0.00902	0.00731	0.00226	0.00623	0.00732	0.00888	0.01234
38	0.08811	0.13586	0.04862	0.03913	0.10328	0.06621	0.01395	0.05294	0.01696	0.20405	0.01648	0.01861	0.01259	0.03568	0.01009	0.00242	0.11386	0.00604	0.00514	0.00999
39	0.01263	0.00631	0.00947	0.00947	0.00947	0.00631	0.00631	0.00947	0.00947	0.01263	0.01263	0.02210	0.01263	0.02525	0.02841	0.78851	0.00631	0.00631	0.00316	0.00316
40	0.01799	0.01727	0.02950	0.04462	0.69919	0.01727	0.02231	0.02231	0.01655	0.02375	0.01367	0.01799	0.01151	0.00648	0.00720	0.00216	0.00864	0.00648	0.00360	0.01151
41	0.04757	0.01508	0.01642	0.01523	0.04576	0.01684	0.01150	0.10979	0.44939	0.05513	0.03115	0.03058	0.08398	0.01055	0.00745	0.00243	0.00598	0.02723	0.00710	0.01086
42	0.03904	0.10027	0.22102	0.04358	0.02524	0.15248	0.06796	0.08518	0.01804	0.07464	0.01461	0.01812	0.01156	0.05903	0.00951	0.00251	0.03734	0.00600	0.00424	0.00964
43	0.46279	0.04387	0.01528	0.05031	0.01854	0.11204	0.01029	0.08991	0.01640	0.05157	0.01197	0.01361	0.00922	0.00704	0.00537	0.00209	0.00719	0.00457	0.00469	0.06324

[dist]
# distance from previous block
# <min> <max>
0	9

[block]
# block no. 1 follows, 28 sequences, length 122
# corresponding to MSA columns:
# 220-341
name=unknown_B
#
# <colnr> <probs for GDERKNQSTAVLIFYWHMCP>
#	G	D	E	R	K	N	Q	S	T	A	V	L	I	F	Y	W	H	M	C	P
0	0.07264	0.01324	0.01513	0.01459	0.07163	0.05730	0.01036	0.07464	0.07045	0.20135	0.18520	0.06642	0.03017	0.03812	0.00847	0.00243	0.00604	0.00903	0.04331	0.00946
1	0.13480	0.11046	0.03711	0.04993	0.05020	0.07805	0.01143	0.08730	0.03777	0.14837	0.01962	0.02149	0.03605	0.04246	0.00762	0.00229	0.00712	0.00631	0.10227	0.00937
2	0.10660	0.15817	0.09419	0.02815	0.25320	0.04560	0.16912	0.02264	0.01592	0.02310	0.01268	0.01604	0.01028	0.00646	0.00668	0.00213	0.00933	0.00601	0.00358	0.01011
3	0.05742	0.01964	0.05685	0.05286	0.12082	0.07439	0.01485	0.29180	0.10463	0.05468	0.02123	0.02184	0.05889	0.00884	0.00716	0.00223	0.00800	0.00702	0.00595	0.01091
4	0.24059	0.12415	0.07588	0.03754	0.05500	0.12057	0.01330	0.15429	0.01900	0.02868	0.01245	0.01416	0.00974	0.00710	0.00586	0.00201	0.00817	0.00491	0.00454	0.06206
5	0.39927	0.06009	0.22096	0.01531	0.04593	0.07466	0.01495	0.02327	0.04253	0.02733	0.01203	0.01383	0.00920	0.00695	0.00561	0.00220	0.00799	0.00470	0.00403	0.00913
6	0.01071	0.00726	0.00836	0.00829	0.00878	0.00704	0.00498	0.01127	0.01178	0.01620	0.05813	0.11272	0.02965	0.57710	0.03027	0.00594	0.00638	0.01125	0.03267	0.04122
7	0.00903	0.00734	0.00800	0.00792	0.01011	0.00631	0.00591	0.01124	0.01746	0.02196	0.22724	0.09421	0.51250	0.01771	0.00862	0.00243	0.00364	0.01502	0.00706	0.00631
8	0.01943	0.74891	0.03809	0.01244	0.01866	0.02876	0.01244	0.02177	0.01477	0.01710	0.01011	0.01166	0.00933	0.00622	0.00466	0.00155	0.00777	0.00389	0.00311	0.00933
9	0.79588	0.01406	0.01068	0.00956	0.01406	0.01631	0.00787	0.02137	0.01237	0.03261	0.01012	0.01181	0.00787	0.00675	0.00450	0.00225	0.00562	0.00394	0.00450	0.00787
10	0.00890	0.00645	0.00842	0.00989	0.01051	0.00596	0.00667	0.01031	0.01440	0.01911	0.07204	0.66363	0.09263	0.02212	0.00920	0.00289	0.00415	0.01997	0.00680	0.00596
11	0.00912	0.00651	0.00860	0.00990	0.01049	0.00608	0.00668	0.01065	0.01473	0.01989	0.13206	0.61706	0.05017	0.04859	0.01021	0.00301	0.00421	0.01923	0.00684	0.00598
12	0.08398	0.01248	0.01645	0.01271	0.01825	0.01106	0.01049	0.03448	0.02024	0.65903	0.02743	0.02387	0.01731	0.00885	0.00712	0.00225	0.00615	0.00708	0.00869	0.01207
13	0.00898	0.00738	0.00791	0.00778	0.01006	0.00630	0.00583	0.01119	0.01750	0.02184	0.21759	0.06633	0.55092	0.01759	0.00859	0.00242	0.00362	0.01483	0.00704	0.00630
14	0.00959	0.00765	0.00862	0.00833	0.01054	0.00681	0.00626	0.01268	0.03958	0.02390	0.32825	0.06214	0.41627	0.01668	0.00855	0.00239	0.00364	0.01421	0.00729	0.00661
15	0.01029	0.00743	0.00972	0.00914	0.01086	0.00686	0.00686	0.01372	0.02058	0.02915	0.69536	0.05430	0.06859	0.01486	0.00857	0.00229	0.00343	0.01315	0.00800	0.00686
16	0.01943	0.74891	0.03809	0.01244	0.01866	0.02876	0.01244	0.02177	0.01477	0.01710	0.01011	0.01166	0.00933	0.00622	0.00466	0.00155	0.00777	0.00389	0.00311	0.00933
17	0.01590	0.01590	0.02226	0.01908	0.01908	0.02226	0.01590	0.01749	0.01113	0.01749	0.00954	0.01590	0.00954	0.01272	0.02385	0.00318	0.73123	0.00636	0.00318	0.00795
18	0.75444	0.01400	0.01127	0.04757	0.01597	0.01630	0.00852	0.02122	0.01249	0.03187	0.01027	0.01221	0.00797	0.00678	0.00465	0.00226	0.00584	0.00407	0.00443	0.00788
19	0.00886	0.00633	0.00843	0.01012	0.01054	0.00590	0.00675	0.01012	0.01392	0.01856	0.04006	0.73979	0.04808	0.02277	0.00928	0.00295	0.00422	0.02066	0.00675	0.00590
20	0.01373	0.01292	0.02180	0.72707	0.05006	0.01615	0.02019	0.01857	0.01453	0.01857	0.01292	0.01938	0.00969	0.00727	0.00727	0.00242	0.00969	0.00646	0.00323	0.00807
21	0.02446	0.01599	0.07367	0.01594	0.02212	0.01310	0.10533	0.09560	0.01998	0.34022	0.02221	0.05425	0.01593	0.00844	0.00722	0.00211	0.00736	0.00738	0.00671	0.14197
22	0.01458	0.03760	0.70688	0.02072	0.03146	0.01688	0.02686	0.02302	0.01535	0.02302	0.01304	0.01535	0.00921	0.00691	0.00691	0.00230	0.01074	0.00537	0.00307	0.01074
23	0.02763	0.02036	0.02182	0.01672	0.02254	0.02254	0.01382	0.67496	0.03418	0.04581	0.01745	0.01745	0.01236	0.00873	0.00727	0.00218	0.00800	0.00654	0.00727	0.01236
24	0.07049	0.01621	0.02610	0.12478	0.50942	0.01680	0.02004	0.02313	0.04657	0.05563	0.01476	0.01848	0.01183	0.00686	0.00704	0.00222	0.00832	0.00642	0.00404	0.01088
25	0.01685	0.33485	0.30570	0.01696	0.02474	0.02167	0.05999	0.02317	0.06058	0.02129	0.04171	0.01649	0.01275	0.00710	0.00617	0.00201	0.00894	0.00547	0.00362	0.00997
26	0.01458	0.03760	0.70688	0.02072	0.03146	0.01688	0.02686	0.02302	0.01535	0.02302	0.01304	0.01535	0.00921	0.00691	0.00691	0.00230	0.01074	0.00537	0.00307	0.01074
27	0.03261	0.01237	0.01687	0.01293	0.01856	0.01068	0.01068	0.03543	0.02081	0.70423	0.02868	0.02474	0.01799	0.00900	0.00731	0.00225	0.00619	0.00731	0.00900	0.01237
28	0.02031	0.05979	0.15562	0.02170	0.09202	0.20858	0.06803	0.10046	0.01886	0.02359	0.04443	0.01731	0.01282	0.00837	0.00948	0.00226	0.11651	0.00612	0.00410	0.00965
29	0.01049	0.00806	0.00970	0.01022	0.01176	0.00790	0.00739	0.01487	0.10563	0.02216	0.15426	0.35954	0.15905	0.03842	0.00958	0.00282	0.00441	0.04989	0.00698	0.00686
30	0.01029	0.00743	0.00972	0.00914	0.01086	0.00686	0.00686	0.01372	0.02058	0.02915	0.69536	0.05430	0.06859	0.01486	0.00857	0.00229	0.00343	0.01315	0.00800	0.00686
31	0.07587	0.01538	0.02059	0.10876	0.02405	0.01750	0.09051	0.23070	0.02054	0.03016	0.01599	0.01941	0.01242	0.01055	0.03905	0.00271	0.11336	0.00665	0.13644	0.00935
32	0.02020	0.02189	0.05786	0.24878	0.03132	0.20585	0.01701	0.13658	0.01904	0.02318	0.01267	0.01653	0.01002	0.00854	0.01002	0.00236	0.13912	0.00592	0.00406	0.00904
33	0.01368	0.01261	0.02123	0.69360	0.04817	0.01569	0.01954	0.01815	0.01430	0.01830	0.01291	0.01951	0.00983	0.00811	0.00825	0.03908	0.00953	0.00645	0.00323	0.00785
34	0.01011	0.00735	0.00951	0.00912	0.01079	0.00676	0.00678	0.01331	0.01993	0.02796	0.61982	0.10122	0.09894	0.01557	0.00862	0.00234	0.00350	0.01376	0.00785	0.00676
35	0.02439	0.01682	0.01865	0.01501	0.01993	0.01822	0.01214	0.39190	0.15259	0.12867	0.06800	0.05924	0.02055	0.01010	0.00749	0.00229	0.00684	0.00812	0.00755	0.01151
36	0.01897	0.18640	0.21766	0.04714	0.12812	0.07609	0.10056	0.09871	0.01820	0.02393	0.01306	0.01566	0.01020	0.00686	0.00669	0.00209	0.00979	0.00573	0.00378	0.01034
37	0.01138	0.00817	0.01130	0.01291	0.01452	0.00809	0.01110	0.01451	0.01651	0.02143	0.03987	0.13343	0.06569	0.02023	0.00993	0.00328	0.00639	0.57796	0.00670	0.00661
38	0.75634	0.01400	0.01125	0.04584	0.01588	0.01630	0.00849	0.02123	0.01248	0.03190	0.01026	0.01219	0.00796	0.00677	0.00464	0.00226	0.00583	0.00406	0.00443	0.00788
39	0.00865	0.00737	0.00745	0.00743	0.00985	0.00616	0.00557	0.01055	0.01671	0.01997	0.09550	0.06941	0.67417	0.01828	0.00859	0.00245	0.00367	0.01526	0.00679	0.00616
40	0.01519	0.01602	0.08195	0.54629	0.11489	0.01676	0.02056	0.06353	0.01614	0.02134	0.01331	0.01875	0.01002	0.00725	0.00723	0.00237	0.00956	0.00637	0.00353	0.00896
41	0.01445	0.00795	0.00828	0.00786	0.00982	0.00819	0.00596	0.07058	0.01647	0.02770	0.02297	0.02711	0.01837	0.03691	0.03954	0.00239	0.00465	0.00694	0.65673	0.00714
42	0.01523	0.06680	0.57608	0.02294	0.10462	0.01766	0.02529	0.02268	0.01530	0.02263	0.01285	0.01549	0.00948	0.00704	0.00746	0.00228	0.03689	0.00546	0.00313	0.01066
43	0.00908	0.00761	0.00793	0.00790	0.01025	0.00660	0.00590	0.01168	0.03964	0.02083	0.12781	0.09522	0.58839	0.01798	0.00858	0.00246	0.00375	0.01512	0.00689	0.00638
44	0.02843	0.01174	0.01574	0.01238	0.01730	0.01039	0.01010	0.05258	0.02120	0.56106	0.14828	0.02982	0.02691	0.01004	0.00754	0.00225	0.00575	0.00833	0.00876	0.01138
45	0.01704	0.01258	0.01632	0.16644	0.02271	0.01451	0.03209	0.15960	0.01872	0.02797	0.01797	0.02171	0.01397	0.00873	0.00850	0.00217	0.09765	0.00666	0.32616	0.00850
46	0.01333	0.00682	0.00697	0.00693	0.00863	0.00678	0.00520	0.01672	0.01560	0.02724	0.06892	0.02893	0.02199	0.00890	0.00532	0.00173	0.00339	0.00720	0.73261	0.00678
47	0.01904	0.52234	0.14913	0.01670	0.07566	0.02543	0.01575	0.06498	0.01629	0.02052	0.01137	0.01317	0.00968	0.00652	0.00542	0.00177	0.00836	0.00452	0.00342	0.00994
48	0.01263	0.00631	0.00947	0.00947	0.00947	0.00631	0.00631	0.00947	0.00947	0.01263	0.01263	0.02210	0.01263	0.02525	0.02841	0.78851	0.00631	0.00631	0.00316	0.00316
49	0.01759	0.01283	0.01541	0.01399	0.05238	0.01266	0.01028	0.18686	0.05489	0.07499	0.12000	0.15122	0.05601	0.01340	0.03244	0.00249	0.00625	0.01007	0.00654	0.14971
50	0.02031	0.37792	0.15223	0.06190	0.02403	0.21396	0.01597	0.02377	0.01646	0.01845	0.01112	0.01322	0.00934	0.00676	0.00575	0.00183	0.00989	0.00454	0.00328	0.00925
51	0.79588	0.01406	0.01068	0.00956	0.01406	0.01631	0.00787	0.02137	0.01237	0.03261	0.01012	0.01181	0.00787	0.00675	0.00450	0.00225	0.00562	0.00394	0.00450	0.00787
52	0.01571	0.01501	0.02510	0.37908	0.32228	0.01713	0.02073	0.02006	0.01510	0.02067	0.01296	0.01850	0.01045	0.00739	0.00862	0.00237	0.06945	0.00646	0.00338	0.00952
53	0.01507	0.01292	0.01507	0.01077	0.01723	0.00969	0.00861	0.01830	0.01507	0.02369	0.01292	0.01507	0.01077	0.00538	0.00538	0.00108	0.00538	0.00431	0.00431	0.78898
54	0.05396	0.01820	0.06452	0.04172	0.63197	0.01721	0.02188	0.02230	0.01629	0.02412	0.01347	0.01756	0.01122	0.00651	0.00706	0.00217	0.00861	0.00630	0.00361	0.01130
55	0.01559	0.01684	0.03478	0.02560	0.03148	0.01591	0.50052	0.02066	0.01659	0.02276	0.04957	0.11681	0.01859	0.00893	0.00903	0.00247	0.03413	0.01013	0.00430	0.04530
56	0.75704	0.01438	0.01125	0.00992	0.01449	0.01662	0.00817	0.05441	0.01347	0.03328	0.01049	0.01209	0.00810	0.00685	0.00464	0.00225	0.00574	0.00407	0.00464	0.00810
57	0.01654	0.01702	0.02286	0.01945	0.01989	0.05886	0.03744	0.01830	0.01183	0.01770	0.00980	0.01588	0.00958	0.01223	0.02244	0.00309	0.66951	0.00635	0.00323	0.00804
58	0.00902	0.00645	0.00858	0.01001	0.01058	0.00601	0.00676	0.01053	0.01467	0.01975	0.11388	0.66258	0.05039	0.02188	0.00920	0.00288	0.00413	0.01982	0.00689	0.00601
59	0.01704	0.02045	0.07386	0.03017	0.03769	0.01831	0.64267	0.02327	0.01707	0.02327	0.01463	0.01941	0.01094	0.00616	0.00850	0.00244	0.01218	0.00843	0.00365	0.00985
60	0.01458	0.03760	0.70688	0.02072	0.03146	0.01688	0.02686	0.02302	0.01535	0.02302	0.01304	0.01535	0.00921	0.00691	0.00691	0.00230	0.01074	0.00537	0.00307	0.01074
61	0.03066	0.01393	0.04229	0.01580	0.07173	0.01185	0.01227	0.05784	0.02078	0.60314	0.02655	0.02362	0.01697	0.00872	0.00729	0.00224	0.00660	0.00715	0.00831	0.01225
62	0.03261	0.01237	0.01687	0.01293	0.01856	0.01068	0.01068	0.03543	0.02081	0.70423	0.02868	0.02474	0.01799	0.00900	0.00731	0.00225	0.00619	0.00731	0.00900	0.01237
63	0.01373	0.01292	0.02180	0.72707	0.05006	0.01615	0.02019	0.01857	0.01453	0.01857	0.01292	0.01938	0.00969	0.00727	0.00727	0.00242	0.00969	0.00646	0.00323	0.00807
64	0.01889	0.36920	0.25582	0.01706	0.02471	0.05465	0.07456	0.02357	0.01584	0.06586	0.01277	0.01451	0.01002	0.00668	0.00601	0.00194	0.00928	0.00505	0.00357	0.01000
65	0.01282	0.01001	0.01499	0.01909	0.14600	0.00997	0.01342	0.01636	0.01696	0.02263	0.07794	0.06785	0.03782	0.01712	0.00940	0.00305	0.00685	0.48390	0.00619	0.00763
66	0.01373	0.01292	0.02180	0.72707	0.05006	0.01615	0.02019	0.01857	0.01453	0.01857	0.01292	0.01938	0.00969	0.00727	0.00727	0.00242	0.00969	0.00646	0.00323	0.00807
67	0.01038	0.00779	0.01168	0.01168	0.01298	0.00909	0.00909	0.01298	0.01168	0.01687	0.01947	0.02856	0.01817	0.05452	0.71573	0.01168	0.01947	0.00779	0.00389	0.00649
68	0.01649	0.02610	0.27824	0.08133	0.08412	0.05009	0.31167	0.02302	0.01642	0.02260	0.01373	0.01764	0.01023	0.00658	0.00768	0.00235	0.01129	0.00693	0.00342	0.01007
69	0.01181	0.01016	0.01421	0.01543	0.09391	0.00970	0.05441	0.01604	0.06611	0.02222	0.08899	0.08061	0.30617	0.01588	0.00870	0.00264	0.00570	0.16345	0.00629	0.00757
70	0.00958	0.00679	0.00806	0.00876	0.00929	0.00644	0.00554	0.01036	0.01282	0.01674	0.03724	0.33973	0.13016	0.34056	0.02141	0.00469	0.00539	0.01546	0.00571	0.00528
71	0.01849	0.01927	0.03741	0.02727	0.03352	0.01944	0.50010	0.11471	0.01883	0.02577	0.01447	0.01885	0.01104	0.00729	0.01024	0.00250	0.09871	0.00802	0.00412	0.00994
72	0.02235	0.15982	0.04596	0.06968	0.15292	0.22876	0.01596	0.14254	0.05155	0.02465	0.01363	0.01569	0.01092	0.00736	0.00655	0.00200	0.00969	0.00552	0.00435	0.01008
73	0.01302	0.00813	0.01005	0.00916	0.01166	0.00720	0.00701	0.01588	0.01940	0.12440	0.41133	0.05472	0.25016	0.01508	0.00840	0.00233	0.00391	0.01296	0.00777	0.00744
74	0.01437	0.00757	0.00765	0.00736	0.00929	0.00770	0.00559	0.05534	0.01635	0.02819	0.02335	0.02654	0.01827	0.00848	0.00521	0.00172	0.00366	0.00676	0.73951	0.00710
75	0.01263	0.02972	0.01069	0.00988	0.01200	0.05533	0.00749	0.01455	0.01621	0.06230	0.10324	0.08150	0.28718	0.15336	0.01385	0.00338	0.00567	0.10821	0.00625	0.00658
76	0.01647	0.01843	0.06962	0.21036	0.11074	0.01791	0.35061	0.04039	0.01653	0.02248	0.01388	0.01891	0.01061	0.00688	0.00868	0.00243	0.04442	0.00747	0.00360	0.00958
77	0.01845	0.02057	0.02556	0.02097	0.02351	0.18403	0.15521	0.02115	0.01469	0.01876	0.01171	0.01689	0.01040	0.01289	0.06308	0.00329	0.36048	0.00653	0.00347	0.00836
78	0.01695	0.02010	0.07252	0.05640	0.06593	0.01818	0.59130	0.02306	0.01695	0.02312	0.01452	0.01933	0.01092	0.00622	0.00839	0.00243	0.01194	0.00826	0.00363	0.00986
79	0.00891	0.00741	0.00769	0.00780	0.01007	0.00633	0.00588	0.01075	0.01626	0.01949	0.06858	0.06958	0.61671	0.05699	0.01019	0.00276	0.00406	0.05782	0.00662	0.00608
80	0.56431	0.01737	0.07063	0.01204	0.01734	0.01771	0.01073	0.16359	0.01736	0.03469	0.01196	0.01333	0.00896	0.00719	0.00530	0.00224	0.00656	0.00462	0.00498	0.00909
81	0.01162	0.00776	0.00996	0.00922	0.01127	0.00704	0.00698	0.01485	0.02019	0.07364	0.58866	0.05387	0.12761	0.01482	0.00849	0.00230	0.00364	0.01297	0.00794	0.00716
82	0.00885	0.00637	0.00839	0.01001	0.01051	0.00591	0.00670	0.01013	0.01403	0.01860	0.04148	0.71163	0.07533	0.02259	0.00925	0.00293	0.00419	0.02044	0.00675	0.00591
83	0.00927	0.00662	0.00891	0.01060	0.01120	0.00626	0.00747	0.01084	0.01433	0.01902	0.03983	0.64419	0.04717	0.02238	0.00939	0.00301	0.00458	0.11217	0.00674	0.00602
84	0.01182	0.00970	0.01071	0.01016	0.01277	0.00977	0.00769	0.01947	0.21031	0.02541	0.23743	0.08862	0.28790	0.01516	0.00828	0.00244	0.00423	0.01294	0.00729	0.00788
85	0.03261	0.01237	0.01687	0.01293	0.01856	0.01068	0.01068	0.03543	0.02081	0.70423	0.02868	0.02474	0.01799	0.00900	0.00731	0.00225	0.00619	0.00731	0.00900	0.01237
86	0.01590	0.01590	0.02226	0.01908	0.01908	0.02226	0.01590	0.01749	0.01113	0.01749	0.00954	0.01590	0.00954	0.01272	0.02385	0.00318	0.73123	0.00636	0.00318	0.00795
87	0.01590	0.01590	0.02226	0.01908	0.01908	0.02226	0.01590	0.01749	0.01113	0.01749	0.00954	0.01590	0.00954	0.01272	0.02385	0.00318	0.73123	0.00636	0.00318	0.00795
88	0.03244	0.01264	0.01704	0.01306	0.01869	0.01109	0.01079	0.05722	0.02126	0.68179	0.02829	0.02449	0.01780	0.00899	0.00731	0.00225	0.00625	0.00728	0.00894	0.01237
89	0.01943	0.74891	0.03809	0.01244	0.01866	0.02876	0.01244	0.02177	0.01477	0.01710	0.01011	0.01166	0.00933	0.00622	0.00466	0.00155	0.00777	0.00389	0.00311	0.00933
90	0.01943	0.74891	0.03809	0.01244	0.01866	0.02876	0.01244	0.02177	0.01477	0.01710	0.01011	0.01166	0.00933	0.00622	0.00466	0.00155	0.00777	0.00389	0.00311	0.00933
91	0.01716	0.01961	0.04289	0.03064	0.03799	0.01838	0.67279	0.02328	0.01716	0.02328	0.01471	0.01961	0.01103	0.00613	0.00858	0.00245	0.01225	0.00858	0.00368	0.00980
92	0.03193	0.01222	0.01665	0.01282	0.01832	0.01057	0.01057	0.03476	0.02080	0.68349	0.04916	0.02565	0.01955	0.00918	0.00735	0.00225	0.00610	0.00749	0.00897	0.01220
93	0.01458	0.03760	0.70688	0.02072	0.03146	0.01688	0.02686	0.02302	0.01535	0.02302	0.01304	0.01535	0.00921	0.00691	0.00691	0.00230	0.01074	0.00537	0.00307	0.01074
94	0.00886	0.00633	0.00843	0.01012	0.01054	0.00590	0.00675	0.01012	0.01392	0.01856	0.04006	0.73979	0.04808	0.02277	0.00928	0.00295	0.00422	0.02066	0.00675	0.00590
95	0.01048	0.00701	0.00795	0.00804	0.00807	0.00699	0.00453	0.01055	0.01075	0.01433	0.02381	0.08424	0.02757	0.70630	0.03553	0.00683	0.00690	0.01111	0.00453	0.00448
96	0.00882	0.00737	0.00768	0.00760	0.00996	0.00623	0.00570	0.01088	0.01711	0.02092	0.15765	0.06784	0.61143	0.01793	0.00859	0.00243	0.00365	0.01504	0.00692	0.00623
97	0.00882	0.00646	0.00829	0.00976	0.01045	0.00593	0.00659	0.01016	0.01427	0.01870	0.04451	0.65111	0.13390	0.02220	0.00919	0.00289	0.00415	0.01996	0.00675	0.00593
98	0.01373	0.01292	0.02180	0.72707	0.05006	0.01615	0.02019	0.01857	0.01453	0.01857	0.01292	0.01938	0.00969	0.00727	0.00727	0.00242	0.00969	0.00646	0.00323	0.00807
99	0.01023	0.00735	0.00941	0.01060	0.01142	0.00712	0.00726	0.05866	0.01540	0.02055	0.03841	0.68706	0.04547	0.02175	0.00913	0.00290	0.00449	0.01963	0.00679	0.00638
100	0.02763	0.02036	0.02182	0.01672	0.02254	0.02254	0.01382	0.67496	0.03418	0.04581	0.01745	0.01745	0.01236	0.00873	0.00727	0.00218	0.00800	0.00654	0.00727	0.01236
101	0.01373	0.01292	0.02180	0.72707	0.05006	0.01615	0.02019	0.01857	0.01453	0.01857	0.01292	0.01938	0.00969	0.00727	0.00727	0.00242	0.00969	0.00646	0.00323	0.00807
102	0.07158	0.10531	0.02202	0.01723	0.02159	0.49590	0.01348	0.12774	0.02161	0.02292	0.01201	0.01355	0.00974	0.00751	0.00635	0.00191	0.01133	0.00484	0.00427	0.00910
103	0.02763	0.02036	0.02182	0.01672	0.02254	0.02254	0.01382	0.67496	0.03418	0.04581	0.01745	0.01745	0.01236	0.00873	0.00727	0.00218	0.00800	0.00654	0.00727	0.01236
104	0.76761	0.01429	0.01109	0.00982	0.01437	0.01654	0.00809	0.04543	0.01317	0.03310	0.01039	0.01202	0.00804	0.00682	0.00460	0.00225	0.00571	0.00403	0.00460	0.00804
105	0.01021	0.00743	0.00961	0.00906	0.01081	0.00683	0.00680	0.01357	0.02039	0.02872	0.66717	0.05501	0.09705	0.01502	0.00857	0.00229	0.00344	0.01325	0.00795	0.00683
106	0.00886	0.00633	0.00843	0.01012	0.01054	0.00590	0.00675	0.01012	0.01392	0.01856	0.04006	0.73979	0.04808	0.02277	0.00928	0.00295	0.00422	0.02066	0.00675	0.00590
107	0.79588	0.01406	0.01068	0.00956	0.01406	0.01631	0.00787	0.02137	0.01237	0.03261	0.01012	0.01181	0.00787	0.00675	0.00450	0.00225	0.00562	0.00394	0.00450	0.00787
108	0.00886	0.00633	0.00843	0.01012	0.01054	0.00590	0.00675	0.01012	0.01392	0.01856	0.04006	0.73979	0.04808	0.02277	0.00928	0.00295	0.00422	0.02066	0.00675	0.00590
109	0.03261	0.01237	0.01687	0.01293	0.01856	0.01068	0.01068	0.03543	0.02081	0.70423	0.02868	0.02474	0.01799	0.00900	0.00731	0.00225	0.00619	0.00731	0.00900	0.01237
110	0.79588	0.01406	0.01068	0.00956	0.01406	0.01631	0.00787	0.02137	0.01237	0.03261	0.01012	0.01181	0.00787	0.00675	0.00450	0.00225	0.00562	0.00394	0.00450	0.00787
111	0.01282	0.00963	0.01254	0.01363	0.01573	0.01006	0.01168	0.01917	0.13340	0.02326	0.03694	0.07243	0.03841	0.01830	0.00958	0.00319	0.00653	0.53836	0.00682	0.00753
112	0.02848	0.01310	0.01686	0.01276	0.01858	0.01138	0.01048	0.08070	0.02060	0.50831	0.02445	0.02212	0.01602	0.00820	0.00689	0.00199	0.00615	0.00661	0.00786	0.17845
113	0.01149	0.00780	0.00878	0.00856	0.00893	0.00791	0.00508	0.04989	0.01214	0.01620	0.02345	0.08079	0.02669	0.66447	0.03384	0.00655	0.00696	0.01084	0.00469	0.00495
114	0.02116	0.01370	0.01575	0.01353	0.01776	0.01460	0.01068	0.05445	0.38951	0.21206	0.12571	0.03012	0.02749	0.01032	0.00754	0.00237	0.00560	0.00864	0.00791	0.01109
115	0.02662	0.01974	0.02123	0.01647	0.02207	0.02190	0.01355	0.62252	0.06645	0.04415	0.01813	0.01828	0.01304	0.01018	0.02896	0.00249	0.00824	0.00667	0.00717	0.01214
116	0.01852	0.02431	0.17550	0.02935	0.03735	0.01895	0.52312	0.02435	0.01790	0.02491	0.01629	0.02137	0.01254	0.00764	0.00902	0.00278	0.01241	0.00848	0.00425	0.01094
117	0.01150	0.00891	0.01001	0.01033	0.01227	0.00791	0.00746	0.01343	0.03803	0.02290	0.14870	0.25099	0.35933	0.01987	0.00958	0.00296	0.00474	0.04609	0.00753	0.00744
118	0.01267	0.00858	0.00946	0.00937	0.00958	0.00828	0.00538	0.01211	0.01189	0.01607	0.02455	0.04926	0.02780	0.72158	0.03684	0.00725	0.00768	0.01104	0.00507	0.00554
119	0.02632	0.01886	0.01941	0.01565	0.02055	0.06525	0.01234	0.39395	0.02778	0.10770	0.02077	0.02343	0.01606	0.05768	0.00964	0.00273	0.00806	0.00726	0.08907	0.05750
120	0.02287	0.01851	0.02390	0.06119	0.11153	0.01967	0.08346	0.20964	0.26350	0.06441	0.02314	0.02434	0.01759	0.00978	0.00826	0.00269	0.00833	0.00799	0.00690	0.01231
121	0.01921	0.04006	0.01843	0.04009	0.01881	0.16587	0.01252	0.04040	0.01610	0.02160	0.01697	0.02413	0.01545	0.08350	0.08055	0.00401	0.22743	0.00714	0.13916	0.00858

[dist]
# distance from previous block
# <min> <max>
0	9

[block]
# block no. 2 follows, 28 sequences, length 54
# corresponding to MSA columns:
# 351-404
name=unknown_C
#
# <colnr> <probs for GDERKNQSTAVLIFYWHMCP>
#	G	D	E	R	K	N	Q	S	T	A	V	L	I	F	Y	W	H	M	C	P
0	0.08278	0.01371	0.01632	0.01369	0.01776	0.01411	0.03248	0.24709	0.02226	0.11673	0.04692	0.11291	0.04103	0.01277	0.00888	0.04857	0.00660	0.08567	0.00662	0.05309
1	0.05109	0.11063	0.05667	0.04903	0.31367	0.04024	0.01716	0.12537	0.01912	0.02631	0.04006	0.02361	0.04381	0.00844	0.00701	0.00218	0.00808	0.04260	0.00458	0.01033
2	0.07208	0.02677	0.01914	0.01660	0.02082	0.41846	0.01283	0.17882	0.02241	0.02579	0.01351	0.01537	0.01078	0.01013	0.04369	0.00244	0.01113	0.00528	0.02792	0.04603
3	0.06162	0.05151	0.04950	0.11340	0.04807	0.15998	0.12163	0.04470	0.01595	0.02080	0.01316	0.01785	0.01102	0.01453	0.10876	0.00366	0.12521	0.00632	0.00371	0.00859
4	0.46742	0.01675	0.01544	0.01262	0.01769	0.01897	0.01041	0.30081	0.02169	0.03826	0.01326	0.01422	0.00979	0.00759	0.00568	0.00222	0.00664	0.00505	0.00568	0.00979
5	0.00872	0.00726	0.00761	0.00774	0.00995	0.00616	0.00572	0.01060	0.01655	0.02010	0.10742	0.13534	0.59462	0.01863	0.00866	0.00249	0.00372	0.01574	0.00682	0.00616
6	0.00906	0.00661	0.00887	0.03194	0.01174	0.00627	0.00712	0.01056	0.01433	0.01908	0.07049	0.66460	0.06871	0.02179	0.00916	0.00289	0.00433	0.01971	0.00670	0.00602
7	0.00890	0.00642	0.00844	0.00995	0.01052	0.00595	0.00669	0.01029	0.01432	0.01905	0.06893	0.67963	0.07954	0.02224	0.00922	0.00290	0.00416	0.02010	0.00680	0.00595
8	0.01112	0.00761	0.00998	0.00929	0.01115	0.00700	0.00700	0.01453	0.02058	0.05432	0.67051	0.05320	0.06670	0.01464	0.00853	0.00228	0.00353	0.01293	0.00804	0.00706
9	0.01373	0.01292	0.02180	0.72707	0.05006	0.01615	0.02019	0.01857	0.01453	0.01857	0.01292	0.01938	0.00969	0.00727	0.00727	0.00242	0.00969	0.00646	0.00323	0.00807
10	0.01507	0.01292	0.01507	0.01077	0.01723	0.00969	0.00861	0.01830	0.01507	0.02369	0.01292	0.01507	0.01077	0.00538	0.00538	0.00108	0.00538	0.00431	0.00431	0.78898
11	0.00895	0.00637	0.00841	0.01000	0.01040	0.00597	0.00662	0.01015	0.01373	0.01831	0.03910	0.70102	0.04686	0.06320	0.01083	0.00318	0.00438	0.02010	0.00662	0.00582
12	0.00909	0.00650	0.00871	0.01039	0.01092	0.00611	0.00716	0.01053	0.01415	0.01882	0.03993	0.68509	0.04756	0.02255	0.00934	0.00298	0.00442	0.07302	0.00674	0.00597
13	0.01809	0.40686	0.25515	0.01613	0.02316	0.07184	0.01756	0.02234	0.01507	0.01912	0.01110	0.01331	0.00931	0.00706	0.00708	0.00195	0.06747	0.00463	0.00315	0.00962
14	0.01014	0.00687	0.00806	0.00848	0.00859	0.00676	0.00500	0.01046	0.01141	0.01522	0.02723	0.22213	0.03189	0.56252	0.03001	0.00601	0.00633	0.01312	0.00500	0.00478
15	0.02397	0.01707	0.01889	0.01495	0.01979	0.01847	0.01205	0.45271	0.08747	0.06430	0.01799	0.01915	0.01341	0.01107	0.01028	0.11812	0.00731	0.00655	0.00656	0.05989
16	0.01799	0.01727	0.02950	0.04462	0.69919	0.01727	0.02231	0.02231	0.01655	0.02375	0.01367	0.01799	0.01151	0.00648	0.00720	0.00216	0.00864	0.00648	0.00360	0.01151
17	0.01558	0.10202	0.52370	0.02294	0.09044	0.01818	0.08240	0.02286	0.01556	0.02254	0.01297	0.01561	0.00959	0.00673	0.00687	0.00223	0.01041	0.00561	0.00317	0.01059
18	0.01943	0.74891	0.03809	0.01244	0.01866	0.02876	0.01244	0.02177	0.01477	0.01710	0.01011	0.01166	0.00933	0.00622	0.00466	0.00155	0.00777	0.00389	0.00311	0.00933
19	0.01134	0.00810	0.01128	0.01296	0.01446	0.00804	0.01106	0.01441	0.01636	0.02133	0.03870	0.16889	0.04266	0.02044	0.00994	0.00329	0.00637	0.56710	0.00670	0.00659
20	0.01038	0.00779	0.01168	0.01168	0.01298	0.00909	0.00909	0.01298	0.01168	0.01687	0.01947	0.02856	0.01817	0.05452	0.71573	0.01168	0.01947	0.00779	0.00389	0.00649
21	0.01792	0.05267	0.05811	0.04210	0.63926	0.01780	0.02203	0.02231	0.01642	0.02340	0.01348	0.01758	0.01131	0.00648	0.00706	0.00214	0.00868	0.00631	0.00355	0.01138
22	0.00866	0.00737	0.00747	0.00744	0.00986	0.00617	0.00558	0.01057	0.01674	0.02005	0.10061	0.06928	0.66901	0.01826	0.00859	0.00245	0.00367	0.01525	0.00680	0.00617
23	0.01355	0.00678	0.00678	0.00678	0.00847	0.00678	0.00508	0.01694	0.01524	0.02710	0.02371	0.02710	0.01863	0.00847	0.00508	0.00169	0.00339	0.00678	0.78489	0.00678
24	0.01559	0.01949	0.11310	0.05774	0.05949	0.05240	0.34313	0.02051	0.01617	0.02163	0.02001	0.13222	0.04100	0.00969	0.00896	0.00250	0.04339	0.00981	0.00415	0.00902
25	0.41468	0.01498	0.08036	0.01144	0.01578	0.01416	0.01008	0.05181	0.04979	0.07129	0.06859	0.01899	0.01520	0.01055	0.00905	0.11823	0.00621	0.00573	0.00501	0.00806
26	0.38374	0.06773	0.05251	0.01256	0.01789	0.05589	0.01095	0.11068	0.01793	0.18487	0.01552	0.01574	0.01102	0.00753	0.00575	0.00217	0.00690	0.00516	0.00567	0.00977
27	0.08469	0.08654	0.06015	0.12292	0.05467	0.35297	0.01532	0.04710	0.04889	0.02109	0.01250	0.01502	0.01007	0.00753	0.00699	0.00207	0.03344	0.00521	0.00390	0.00892
28	0.01652	0.02026	0.09302	0.04762	0.03625	0.01787	0.56049	0.02249	0.01665	0.02279	0.01528	0.04505	0.01214	0.00701	0.00889	0.00248	0.03319	0.00864	0.00371	0.00964
29	0.01718	0.35201	0.24431	0.02000	0.09786	0.02198	0.07713	0.02202	0.01560	0.02072	0.04035	0.01598	0.01215	0.00681	0.00615	0.00196	0.00901	0.00544	0.00340	0.00995
30	0.01254	0.00634	0.00941	0.00941	0.00941	0.00634	0.00624	0.00951	0.00951	0.01268	0.01303	0.02311	0.01317	0.05383	0.02875	0.75746	0.00634	0.00648	0.00321	0.00321
31	0.01029	0.00743	0.00972	0.00914	0.01086	0.00686	0.00686	0.01372	0.02058	0.02915	0.69536	0.05430	0.06859	0.01486	0.00857	0.00229	0.00343	0.01315	0.00800	0.00686
32	0.01458	0.03760	0.70688	0.02072	0.03146	0.01688	0.02686	0.02302	0.01535	0.02302	0.01304	0.01535	0.00921	0.00691	0.00691	0.00230	0.01074	0.00537	0.00307	0.01074
33	0.01943	0.74891	0.03809	0.01244	0.01866	0.02876	0.01244	0.02177	0.01477	0.01710	0.01011	0.01166	0.00933	0.00622	0.00466	0.00155	0.00777	0.00389	0.00311	0.00933
34	0.01507	0.01292	0.01507	0.01077	0.01723	0.00969	0.00861	0.01830	0.01507	0.02369	0.01292	0.01507	0.01077	0.00538	0.00538	0.00108	0.00538	0.00431	0.00431	0.78898
35	0.01899	0.01607	0.01695	0.01498	0.01925	0.01851	0.01173	0.09955	0.62364	0.03188	0.02842	0.02619	0.02125	0.00975	0.00738	0.00244	0.00597	0.00806	0.00738	0.01159
36	0.02715	0.03464	0.02060	0.01873	0.02247	0.71536	0.01404	0.02903	0.02060	0.01779	0.01124	0.01311	0.00936	0.00749	0.00655	0.00187	0.01311	0.00468	0.00375	0.00843
37	0.01495	0.01536	0.02943	0.41686	0.04324	0.01688	0.26818	0.02007	0.01541	0.02033	0.01434	0.04184	0.01139	0.00749	0.00836	0.00247	0.03352	0.00771	0.00351	0.00866
38	0.02758	0.02201	0.02167	0.01696	0.02253	0.10264	0.01384	0.60028	0.03261	0.04257	0.01673	0.01695	0.01202	0.00858	0.00719	0.00215	0.00859	0.00633	0.00686	0.01191
39	0.01874	0.01442	0.02061	0.01562	0.02126	0.01308	0.13239	0.09622	0.06603	0.11533	0.01988	0.09481	0.01670	0.00853	0.00700	0.00191	0.00696	0.00775	0.00562	0.31716
40	0.00973	0.00703	0.00905	0.01012	0.01100	0.00665	0.00697	0.03518	0.01565	0.02100	0.12640	0.59480	0.07711	0.02103	0.00908	0.00282	0.00423	0.01893	0.00693	0.00628
41	0.01051	0.00727	0.00906	0.00906	0.00945	0.00766	0.00582	0.01130	0.01091	0.01493	0.02187	0.04183	0.02393	0.53619	0.24194	0.00845	0.01080	0.00973	0.00425	0.00503
42	0.02508	0.01139	0.01490	0.01212	0.01653	0.01045	0.00975	0.02995	0.09177	0.45127	0.20754	0.03292	0.03201	0.01066	0.00766	0.00228	0.00540	0.00897	0.00856	0.01080
43	0.01373	0.01292	0.02180	0.72707	0.05006	0.01615	0.02019	0.01857	0.01453	0.01857	0.01292	0.01938	0.00969	0.00727	0.00727	0.00242	0.00969	0.00646	0.00323	0.00807
44	0.02715	0.03464	0.02060	0.01873	0.02247	0.71536	0.01404	0.02903	0.02060	0.01779	0.01124	0.01311	0.00936	0.00749	0.00655	0.00187	0.01311	0.00468	0.00375	0.00843
45	0.01373	0.01292	0.02180	0.72707	0.05006	0.01615	0.02019	0.01857	0.01453	0.01857	0.01292	0.01938	0.00969	0.00727	0.00727	0.00242	0.00969	0.00646	0.00323	0.00807
46	0.00859	0.00736	0.00736	0.00736	0.00982	0.00614	0.00552	0.01043	0.01657	0.01964	0.07364	0.06996	0.69624	0.01841	0.00859	0.00245	0.00368	0.01534	0.00675	0.00614
47	0.01373	0.01292	0.02180	0.72707	0.05006	0.01615	0.02019	0.01857	0.01453	0.01857	0.01292	0.01938	0.00969	0.00727	0.00727	0.00242	0.00969	0.00646	0.00323	0.00807
48	0.01339	0.00981	0.01311	0.01463	0.04126	0.01011	0.01187	0.01922	0.11546	0.04275	0.03602	0.09416	0.03734	0.01784	0.00944	0.00313	0.00652	0.48949	0.00675	0.00772
49	0.02414	0.01889	0.05535	0.01546	0.02096	0.01929	0.01316	0.48501	0.06996	0.07086	0.04647	0.02468	0.08262	0.00987	0.00744	0.00224	0.00734	0.00771	0.00711	0.01143
50	0.00882	0.00648	0.00828	0.00971	0.01044	0.00594	0.00657	0.01017	0.01431	0.01872	0.04502	0.64100	0.14368	0.02213	0.00918	0.00288	0.00414	0.01988	0.00675	0.00594
51	0.31723	0.01735	0.01863	0.12444	0.02446	0.09384	0.08355	0.05625	0.14806	0.02801	0.01536	0.01725	0.01169	0.00755	0.00629	0.00230	0.00793	0.00588	0.00483	0.00910
52	0.02278	0.32712	0.06636	0.01618	0.02125	0.33184	0.01418	0.05319	0.01806	0.01900	0.01106	0.01296	0.00948	0.00723	0.00662	0.00184	0.04363	0.00455	0.00357	0.00908
53	0.01020	0.00714	0.00898	0.01005	0.01094	0.00681	0.00682	0.01245	0.04929	0.03982	0.04026	0.56813	0.09401	0.08459	0.01150	0.00323	0.00456	0.01831	0.00665	0.00628

[dist]
# distance from previous block
# <min> <max>
0	1

[block]
# block no. 3 follows, 28 sequences, length 38
# corresponding to MSA columns:
# 406-443
name=unknown_D
#
# <colnr> <probs for GDERKNQSTAVLIFYWHMCP>
#	G	D	E	R	K	N	Q	S	T	A	V	L	I	F	Y	W	H	M	C	P
0	0.02704	0.02007	0.02148	0.01660	0.02232	0.02227	0.01367	0.63544	0.07466	0.04485	0.01821	0.01805	0.01297	0.00880	0.00728	0.00220	0.00786	0.00665	0.00728	0.01231
1	0.13038	0.03387	0.01483	0.01168	0.01590	0.01482	0.00944	0.25522	0.02148	0.03333	0.01837	0.04783	0.01478	0.00980	0.02679	0.00221	0.00624	0.00649	0.22380	0.10273
2	0.01704	0.01278	0.01476	0.05803	0.05809	0.02938	0.01059	0.07909	0.18955	0.11048	0.08072	0.04042	0.24429	0.01236	0.00780	0.00237	0.00577	0.01031	0.00684	0.00935
3	0.01036	0.00696	0.00799	0.00819	0.00824	0.00691	0.00469	0.01052	0.01098	0.01463	0.02498	0.13129	0.02905	0.65724	0.03365	0.00655	0.00670	0.01179	0.00469	0.00459
4	0.01842	0.01830	0.02674	0.17980	0.47243	0.08946	0.02071	0.04602	0.01720	0.02288	0.01341	0.01775	0.01095	0.00682	0.00715	0.00218	0.00929	0.00629	0.00367	0.01053
5	0.02301	0.01773	0.01911	0.05769	0.02165	0.04787	0.01271	0.46777	0.02786	0.03686	0.02038	0.04470	0.04209	0.05684	0.06702	0.00328	0.00890	0.00760	0.00640	0.01054
6	0.01458	0.03760	0.70688	0.02072	0.03146	0.01688	0.02686	0.02302	0.01535	0.02302	0.01304	0.01535	0.00921	0.00691	0.00691	0.00230	0.01074	0.00537	0.00307	0.01074
7	0.00884	0.00638	0.00838	0.00998	0.01051	0.00592	0.00668	0.01014	0.01405	0.01861	0.04179	0.70528	0.08147	0.02255	0.00924	0.00293	0.00419	0.02039	0.00675	0.00592
8	0.01704	0.01927	0.04102	0.02959	0.03627	0.01873	0.61317	0.02276	0.01661	0.02276	0.01424	0.01927	0.01089	0.00673	0.00997	0.00252	0.07751	0.00838	0.00363	0.00964
9	0.07678	0.01372	0.04836	0.05004	0.02043	0.01189	0.01192	0.05520	0.01995	0.53113	0.02617	0.02638	0.01775	0.00932	0.00728	0.00232	0.00664	0.04532	0.00795	0.01146
10	0.01002	0.00746	0.00936	0.00942	0.01097	0.00697	0.00686	0.01337	0.04516	0.02523	0.41865	0.23801	0.13695	0.01720	0.00872	0.00249	0.00376	0.01522	0.00749	0.00670
11	0.00859	0.00736	0.00736	0.00736	0.00982	0.00614	0.00552	0.01043	0.01657	0.01964	0.07364	0.06996	0.69624	0.01841	0.00859	0.00245	0.00368	0.01534	0.00675	0.00614
12	0.02865	0.01873	0.02081	0.01595	0.02173	0.02013	0.01318	0.54481	0.03146	0.17980	0.01974	0.01894	0.01351	0.00878	0.00728	0.00220	0.00763	0.00670	0.00762	0.01236
13	0.02798	0.01509	0.10446	0.01353	0.01941	0.01108	0.01236	0.03157	0.02008	0.54660	0.09621	0.02662	0.02215	0.00934	0.00739	0.00226	0.00648	0.00767	0.00813	0.01159
14	0.01355	0.00678	0.00678	0.00678	0.00847	0.00678	0.00508	0.01694	0.01524	0.02710	0.02371	0.02710	0.01863	0.00847	0.00508	0.00169	0.00339	0.00678	0.78489	0.00678
15	0.06041	0.01299	0.02114	0.68424	0.04792	0.01616	0.01945	0.01874	0.01441	0.01941	0.01275	0.01893	0.00958	0.00724	0.00710	0.00241	0.00945	0.00631	0.00331	0.00806
16	0.01482	0.01475	0.05175	0.34576	0.23117	0.01520	0.05794	0.01942	0.01555	0.02125	0.01840	0.02444	0.05269	0.00813	0.00735	0.00233	0.00873	0.02906	0.05222	0.00905
17	0.01808	0.01561	0.01644	0.01479	0.01890	0.01808	0.01151	0.03863	0.68606	0.03041	0.02959	0.02712	0.02219	0.00986	0.00740	0.00247	0.00575	0.00822	0.00740	0.01151
18	0.01373	0.01292	0.02180	0.72707	0.05006	0.01615	0.02019	0.01857	0.01453	0.01857	0.01292	0.01938	0.00969	0.00727	0.00727	0.00242	0.00969	0.00646	0.00323	0.00807
