[name]
unknown

[dist]
# distance from previous block
# <min> <max>
0	125

[block]
# block no. 0 follows, 30 sequences, length 14
# corresponding to MSA columns:
# 141-154
name=unknown_A
#
# <colnr> <probs for GDERKNQSTAVLIFYWHMCP>
#	G	D	E	R	K	N	Q	S	T	A	V	L	I	F	Y	W	H	M	C	P
0	0.03209	0.16909	0.06327	0.01242	0.01591	0.09706	0.01073	0.08489	0.01627	0.02040	0.03996	0.08467	0.11623	0.04107	0.02530	0.08017	0.03754	0.04084	0.00461	0.00747
1	0.11343	0.44911	0.06835	0.01248	0.01811	0.04542	0.01196	0.06710	0.05465	0.04947	0.01479	0.01560	0.04016	0.00708	0.00523	0.00178	0.00722	0.00486	0.00404	0.00914
2	0.07342	0.52680	0.12488	0.01351	0.01968	0.10503	0.01368	0.02183	0.01473	0.01829	0.01021	0.01184	0.00885	0.00623	0.00496	0.00167	0.00829	0.00401	0.00314	0.00894
3	0.01881	0.52946	0.15841	0.01420	0.02064	0.11990	0.01467	0.02206	0.01504	0.01754	0.01036	0.01203	0.00894	0.00625	0.00511	0.00166	0.00867	0.00409	0.00306	0.00909
4	0.01908	0.71730	0.03560	0.01229	0.01812	0.06775	0.01203	0.02130	0.01450	0.01646	0.00976	0.01127	0.00896	0.00604	0.00458	0.00151	0.00776	0.00378	0.00302	0.00891
5	0.01820	0.68832	0.10321	0.01272	0.01911	0.02650	0.01329	0.02101	0.01423	0.01697	0.00998	0.01154	0.00894	0.00603	0.00469	0.00156	0.00774	0.00387	0.00298	0.00909
6	0.01013	0.00682	0.00791	0.00791	0.00801	0.00693	0.00460	0.01034	0.01024	0.01375	0.02172	0.04417	0.02472	0.69724	0.09215	0.00713	0.00774	0.00993	0.00419	0.00439
7	0.01504	0.02197	0.21138	0.02500	0.03223	0.01608	0.44881	0.02102	0.01571	0.02183	0.01615	0.09098	0.01370	0.00767	0.00789	0.00236	0.01062	0.00861	0.00368	0.00927
8	0.01313	0.13803	0.05039	0.01070	0.01453	0.04048	0.00912	0.01821	0.11904	0.02104	0.08486	0.09634	0.25484	0.01235	0.00702	0.00208	0.00538	0.01017	0.00554	0.08675
9	0.01508	0.01264	0.01506	0.06132	0.01871	0.01077	0.00941	0.08409	0.01620	0.02405	0.01602	0.01818	0.04560	0.00827	0.03674	0.00173	0.00621	0.00517	0.00445	0.59031
10	0.01403	0.01124	0.01290	0.01118	0.01484	0.01056	0.00850	0.10140	0.11141	0.02443	0.02740	0.26286	0.06724	0.01246	0.00709	0.00203	0.00506	0.01077	0.00582	0.27878
11	0.01846	0.01489	0.01998	0.01738	0.06818	0.01530	0.10478	0.15024	0.22149	0.06810	0.02175	0.08289	0.01771	0.00896	0.00704	0.00212	0.00675	0.00796	0.03687	0.10913
12	0.01870	0.01709	0.02728	0.04626	0.02713	0.01775	0.28946	0.20398	0.16639	0.02917	0.01951	0.07060	0.01565	0.00847	0.00766	0.00232	0.00871	0.00837	0.00541	0.01010
13	0.01727	0.01577	0.02411	0.01895	0.02370	0.01652	0.24027	0.12622	0.27114	0.02735	0.02255	0.09542	0.01888	0.03813	0.00875	0.00254	0.00787	0.00905	0.00569	0.00981

[dist]
# distance from previous block
# <min> <max>
11	38

[block]
# block no. 1 follows, 30 sequences, length 11
# corresponding to MSA columns:
# 199-209
name=unknown_B
#
# <colnr> <probs for GDERKNQSTAVLIFYWHMCP>
#	G	D	E	R	K	N	Q	S	T	A	V	L	I	F	Y	W	H	M	C	P
0	0.01840	0.01553	0.01617	0.08781	0.05641	0.13537	0.01146	0.07574	0.06872	0.10174	0.06425	0.08560	0.02062	0.05464	0.00869	0.00234	0.00729	0.03758	0.00540	0.12625
1	0.05502	0.01739	0.01758	0.13702	0.02273	0.18075	0.01278	0.06109	0.01600	0.08405	0.01463	0.03792	0.01246	0.04891	0.06120	0.00304	0.13333	0.00624	0.00429	0.07354
2	0.06971	0.01343	0.01503	0.01172	0.01679	0.01257	0.00936	0.17516	0.05020	0.05851	0.05798	0.07551	0.01741	0.00820	0.00618	0.00168	0.00562	0.00664	0.00554	0.38276
3	0.71545	0.05844	0.01216	0.00952	0.01399	0.01609	0.00797	0.02125	0.01245	0.06688	0.01066	0.01199	0.00816	0.00656	0.00447	0.00212	0.00555	0.00395	0.00447	0.00787
4	0.01727	0.01658	0.02832	0.04283	0.71123	0.01658	0.02142	0.02142	0.01589	0.02280	0.01313	0.01727	0.01105	0.00622	0.00691	0.00207	0.00829	0.00622	0.00345	0.01105
5	0.01406	0.03270	0.61772	0.01852	0.02824	0.01522	0.02327	0.02145	0.01470	0.02219	0.01251	0.01470	0.00905	0.00642	0.00642	0.00204	0.00958	0.00501	0.00312	0.12308
6	0.02481	0.03087	0.02100	0.02154	0.12038	0.62500	0.01462	0.02694	0.01922	0.01790	0.01112	0.01326	0.00928	0.00705	0.00638	0.00184	0.01197	0.00474	0.00358	0.00851
7	0.12584	0.00958	0.00972	0.00910	0.01154	0.04320	0.00688	0.01564	0.01667	0.08005	0.26478	0.09278	0.19730	0.04549	0.00858	0.00243	0.00452	0.01115	0.03786	0.00689
8	0.03996	0.01179	0.04958	0.04446	0.01659	0.00990	0.00951	0.04361	0.05391	0.11189	0.09102	0.17711	0.07858	0.01147	0.00702	0.00203	0.00531	0.00982	0.00588	0.22056
9	0.01424	0.01426	0.08556	0.01596	0.11598	0.01105	0.01176	0.06487	0.01709	0.02500	0.16807	0.07619	0.02522	0.00890	0.00664	0.00176	0.00581	0.00769	0.00507	0.31889
10	0.05535	0.01234	0.01487	0.11549	0.02009	0.01273	0.01046	0.13457	0.08631	0.08868	0.10848	0.02827	0.07260	0.05678	0.02848	0.00257	0.00642	0.00774	0.00580	0.13194

[dist]
# distance from previous block
# <min> <max>
1	128

[block]
# block no. 2 follows, 30 sequences, length 17
# corresponding to MSA columns:
# 338-354
name=unknown_C
#
# <colnr> <probs for GDERKNQSTAVLIFYWHMCP>
#	G	D	E	R	K	N	Q	S	T	A	V	L	I	F	Y	W	H	M	C	P
0	0.07624	0.10073	0.21945	0.01581	0.02175	0.01479	0.10446	0.05705	0.01583	0.04143	0.05065	0.14244	0.01879	0.00950	0.00678	0.00215	0.00762	0.00824	0.02394	0.06233
1	0.09844	0.13070	0.07036	0.01355	0.01791	0.15249	0.01179	0.13165	0.06484	0.02528	0.03298	0.02079	0.07010	0.00860	0.00691	0.00201	0.04439	0.00617	0.08230	0.00876
2	0.01278	0.00881	0.01065	0.00977	0.01163	0.00939	0.02264	0.06919	0.01561	0.02348	0.06713	0.06747	0.12234	0.05617	0.09382	0.00340	0.06755	0.00899	0.31237	0.00682
3	0.12490	0.10627	0.01991	0.01552	0.06865	0.01869	0.01184	0.36302	0.02355	0.03331	0.01912	0.10982	0.03684	0.00967	0.00660	0.00213	0.00681	0.00761	0.00581	0.00991
4	0.00895	0.00618	0.00806	0.00940	0.00999	0.00580	0.00636	0.01048	0.01393	0.01919	0.08612	0.64296	0.04540	0.02024	0.00854	0.00269	0.00393	0.01828	0.06769	0.00580
5	0.01786	0.63540	0.15314	0.01330	0.02001	0.02566	0.01431	0.02110	0.01427	0.01739	0.01018	0.01180	0.00894	0.00608	0.00485	0.00162	0.00795	0.00397	0.00298	0.00919
6	0.01924	0.01459	0.01431	0.01235	0.01544	0.08956	0.00944	0.27605	0.02161	0.05673	0.02185	0.14381	0.02029	0.11150	0.01075	0.00274	0.00668	0.00893	0.13561	0.00852
7	0.00932	0.06200	0.00970	0.00803	0.01045	0.00764	0.00629	0.01130	0.01597	0.01947	0.11390	0.09828	0.53292	0.01685	0.00808	0.00235	0.00399	0.05094	0.00632	0.00619
8	0.01602	0.07315	0.27218	0.01617	0.05002	0.01379	0.04534	0.02100	0.01509	0.07270	0.01347	0.01532	0.01025	0.00608	0.00599	0.00167	0.00766	0.00495	0.00390	0.33525
9	0.02471	0.01916	0.05645	0.01539	0.02128	0.01929	0.01317	0.53893	0.02901	0.07647	0.01660	0.01676	0.01182	0.00792	0.00675	0.00198	0.00743	0.00601	0.00652	0.10436
10	0.02260	0.01858	0.01925	0.07169	0.02260	0.07188	0.01306	0.38422	0.23800	0.03535	0.01961	0.01948	0.01440	0.00852	0.00697	0.00218	0.00749	0.00665	0.00647	0.01101
11	0.00882	0.00671	0.00787	0.00833	0.00965	0.00603	0.00581	0.01047	0.01509	0.01952	0.16505	0.29691	0.29682	0.09674	0.01137	0.00296	0.00401	0.01563	0.00645	0.00576
12	0.01659	0.48535	0.05693	0.01290	0.01788	0.04105	0.06085	0.01920	0.01450	0.01801	0.04444	0.07380	0.01582	0.05029	0.00718	0.00203	0.00735	0.00628	0.04128	0.00827
13	0.06385	0.00988	0.00931	0.00898	0.01106	0.06389	0.00674	0.05137	0.01541	0.02460	0.02274	0.14328	0.02064	0.01252	0.04458	0.00239	0.00537	0.00835	0.44227	0.03279
14	0.07603	0.14228	0.03698	0.01218	0.01670	0.01676	0.01040	0.23304	0.04805	0.11911	0.01919	0.02119	0.02804	0.06311	0.00818	0.00230	0.00642	0.00629	0.12424	0.00950
15	0.04014	0.01670	0.01778	0.11874	0.02249	0.10875	0.01255	0.23152	0.03894	0.11382	0.01934	0.04400	0.03946	0.05110	0.04060	0.00285	0.05932	0.00709	0.00553	0.00930
16	0.12861	0.03256	0.01621	0.07088	0.08398	0.03321	0.01116	0.09891	0.05813	0.09798	0.11476	0.06183	0.02148	0.01092	0.03830	0.00245	0.00675	0.00740	0.00555	0.09893

[dist]
# distance from previous block
# <min> <max>
9	36

[block]
# block no. 3 follows, 30 sequences, length 9
# corresponding to MSA columns:
# 394-402
name=unknown_D
#
# <colnr> <probs for GDERKNQSTAVLIFYWHMCP>
#	G	D	E	R	K	N	Q	S	T	A	V	L	I	F	Y	W	H	M	C	P
0	0.01480	0.01090	0.01237	0.07978	0.01540	0.04020	0.00890	0.09500	0.01579	0.02360	0.04556	0.02687	0.01810	0.14437	0.01342	0.00290	0.10145	0.00722	0.31631	0.00706
1	0.02402	0.02954	0.02120	0.02184	0.12796	0.57208	0.01482	0.02616	0.01860	0.01794	0.01104	0.01348	0.00932	0.00736	0.00744	0.00192	0.05834	0.00486	0.00354	0.00852
2	0.02653	0.01955	0.02094	0.01606	0.02164	0.02164	0.01326	0.68796	0.03281	0.04398	0.01675	0.01675	0.01187	0.00838	0.00698	0.00209	0.00768	0.00628	0.00698	0.01187
3	0.00903	0.00718	0.00820	0.00844	0.01044	0.00634	0.00654	0.01128	0.01650	0.02081	0.18162	0.10370	0.44807	0.01752	0.00850	0.00249	0.00397	0.11658	0.00669	0.00609
4	0.01400	0.03610	0.71860	0.01989	0.03020	0.01621	0.02578	0.02210	0.01473	0.02210	0.01252	0.01473	0.00884	0.00663	0.00663	0.00221	0.01031	0.00516	0.00295	0.01031
5	0.02840	0.01654	0.01908	0.01463	0.02014	0.01719	0.01209	0.43202	0.02779	0.30701	0.02097	0.01949	0.01398	0.00848	0.00700	0.00212	0.00700	0.00657	0.00763	0.01187
6	0.01391	0.01315	0.02225	0.61379	0.16654	0.01570	0.01974	0.01847	0.01430	0.01872	0.01253	0.01837	0.00962	0.00684	0.00696	0.00228	0.00912	0.00620	0.00316	0.00834
7	0.00850	0.00607	0.00810	0.00972	0.01012	0.00567	0.00648	0.00972	0.01336	0.01781	0.03846	0.75020	0.04615	0.02186	0.00891	0.00283	0.00405	0.01984	0.00648	0.00567
8	0.01028	0.00769	0.00930	0.00955	0.01117	0.00728	0.00705	0.06115	0.01708	0.02258	0.20092	0.32549	0.20488	0.01792	0.00850	0.00254	0.00418	0.05919	0.00679	0.00645

[dist]
# distance from previous block
# <min> <max>
7	73

[block]
# block no. 4 follows, 30 sequences, length 7
# corresponding to MSA columns:
# 477-483
name=unknown_E
#
# <colnr> <probs for GDERKNQSTAVLIFYWHMCP>
#	G	D	E	R	K	N	Q	S	T	A	V	L	I	F	Y	W	H	M	C	P
0	0.06278	0.21399	0.26960	0.06008	0.02376	0.01884	0.01666	0.12017	0.01749	0.02469	0.07029	0.01728	0.01409	0.00732	0.00610	0.00197	0.00807	0.00553	0.00409	0.03720
1	0.08129	0.19744	0.04306	0.09831	0.01921	0.04293	0.01116	0.06037	0.05440	0.02103	0.01554	0.02074	0.01354	0.08028	0.14292	0.00406	0.00938	0.00600	0.07047	0.00789
2	0.12319	0.01773	0.09980	0.01339	0.01849	0.04959	0.01195	0.21079	0.09620	0.10970	0.01830	0.01876	0.01332	0.00784	0.00618	0.00202	0.00671	0.00594	0.12667	0.04343
3	0.01480	0.11210	0.45625	0.10617	0.03190	0.01762	0.12306	0.02149	0.01484	0.02099	0.01243	0.01541	0.00917	0.00648	0.00667	0.00216	0.01009	0.00559	0.00306	0.00972
4	0.01305	0.01125	0.01117	0.01135	0.01301	0.09397	0.00814	0.10503	0.01702	0.02141	0.03494	0.50277	0.09388	0.01790	0.00827	0.00257	0.00552	0.01571	0.00620	0.00683
5	0.13579	0.64778	0.03264	0.01153	0.01725	0.02583	0.01129	0.02084	0.01384	0.01864	0.00970	0.01122	0.00875	0.00605	0.00445	0.00159	0.00715	0.00374	0.00318	0.00875
6	0.01486	0.01239	0.03576	0.01155	0.01403	0.09431	0.00902	0.07061	0.01847	0.08641	0.26604	0.22600	0.04040	0.01637	0.04859	0.00282	0.00630	0.01202	0.00652	0.00753

[dist]
# distance from previous block
# <min> <max>
5	35

[block]
# block no. 5 follows, 30 sequences, length 33
# corresponding to MSA columns:
# 519-551
name=unknown_F
#
# <colnr> <probs for GDERKNQSTAVLIFYWHMCP>
#	G	D	E	R	K	N	Q	S	T	A	V	L	I	F	Y	W	H	M	C	P
0	0.31995	0.16422	0.03889	0.01116	0.01571	0.01742	0.00980	0.14483	0.01765	0.02966	0.11415	0.01914	0.01775	0.00796	0.00552	0.00199	0.00598	0.00571	0.04396	0.00854
1	0.01469	0.01354	0.08274	0.01342	0.01659	0.01193	0.04360	0.20687	0.01912	0.02582	0.02783	0.40347	0.03007	0.04465	0.00915	0.00269	0.00619	0.01355	0.00604	0.00803
2	0.01077	0.00832	0.00945	0.00873	0.01107	0.00774	0.00666	0.07761	0.01931	0.02547	0.35581	0.05539	0.34744	0.01521	0.00812	0.00226	0.00383	0.01294	0.00708	0.00679
3	0.01593	0.03692	0.02434	0.17850	0.02888	0.08411	0.22643	0.04599	0.01597	0.02154	0.01574	0.04848	0.01296	0.00923	0.03357	0.00247	0.03198	0.00720	0.13195	0.02780
4	0.01433	0.00778	0.00791	0.00744	0.00945	0.00798	0.00570	0.08181	0.01641	0.02777	0.02218	0.02511	0.01730	0.00815	0.00508	0.00167	0.00368	0.00648	0.71674	0.00703
5	0.01560	0.01444	0.01499	0.01108	0.01703	0.07931	0.00878	0.01858	0.01499	0.02219	0.01225	0.01429	0.01020	0.00537	0.00528	0.00111	0.00589	0.00417	0.00408	0.72039
6	0.00864	0.00618	0.00822	0.00963	0.01015	0.00576	0.00649	0.01005	0.01398	0.01881	0.10375	0.68208	0.04808	0.02112	0.00884	0.00277	0.00397	0.01913	0.00660	0.00576
7	0.01301	0.00650	0.00650	0.00650	0.00813	0.00650	0.00488	0.01626	0.01463	0.02602	0.02276	0.02602	0.01789	0.00813	0.00488	0.00163	0.00325	0.00650	0.79350	0.00650
8	0.55918	0.09902	0.06232	0.01113	0.01620	0.01783	0.01004	0.10995	0.01513	0.03072	0.01085	0.01227	0.00838	0.00669	0.00485	0.00208	0.00626	0.00420	0.00443	0.00848
9	0.01509	0.00865	0.01100	0.01005	0.01280	0.00791	0.00799	0.01853	0.04350	0.18846	0.30476	0.05099	0.17721	0.01410	0.00809	0.00236	0.00447	0.09871	0.00748	0.00784
10	0.01924	0.70189	0.03525	0.01241	0.01820	0.08258	0.01206	0.02144	0.01462	0.01647	0.00979	0.01130	0.00896	0.00607	0.00462	0.00152	0.00787	0.00379	0.00303	0.00889
11	0.00826	0.00703	0.00711	0.00718	0.00945	0.00588	0.00535	0.01000	0.01580	0.01881	0.06936	0.09538	0.68103	0.01785	0.00827	0.00238	0.00356	0.01494	0.00648	0.00588
12	0.02653	0.01955	0.02094	0.01606	0.02164	0.02164	0.01326	0.68796	0.03281	0.04398	0.01675	0.01675	0.01187	0.00838	0.00698	0.00209	0.00768	0.00628	0.00698	0.01187
13	0.19811	0.33304	0.05263	0.01307	0.01833	0.15460	0.01178	0.06634	0.01629	0.06338	0.01154	0.01274	0.00932	0.00666	0.00518	0.00181	0.00800	0.00430	0.00399	0.00889
14	0.00875	0.00625	0.00838	0.00999	0.01051	0.00588	0.00690	0.01014	0.01360	0.01809	0.03833	0.69069	0.04562	0.02163	0.00897	0.00287	0.00426	0.07695	0.00647	0.00574
15	0.07937	0.02008	0.01917	0.01550	0.02047	0.10941	0.01252	0.44796	0.14224	0.03720	0.01748	0.01742	0.01280	0.00828	0.00673	0.00211	0.00777	0.00615	0.00639	0.01095
16	0.10732	0.21133	0.38889	0.01634	0.02417	0.08224	0.01879	0.02243	0.01485	0.03854	0.01172	0.01350	0.00894	0.00655	0.00581	0.00199	0.00914	0.00463	0.00331	0.00950
17	0.01448	0.14167	0.58280	0.01817	0.02741	0.01742	0.02279	0.02148	0.01490	0.02155	0.04625	0.01605	0.01166	0.00691	0.00639	0.00210	0.00955	0.00531	0.00318	0.00993
18	0.01533	0.01708	0.09672	0.02118	0.02619	0.01519	0.31041	0.08762	0.01705	0.02329	0.02043	0.12809	0.01951	0.01079	0.00935	0.00255	0.06517	0.10076	0.00460	0.00868
19	0.01318	0.01240	0.02093	0.73798	0.04806	0.01550	0.01938	0.01783	0.01395	0.01783	0.01240	0.01860	0.00930	0.00698	0.00698	0.00233	0.00930	0.00620	0.00310	0.00775
20	0.01391	0.01633	0.09017	0.02129	0.02564	0.01499	0.32444	0.01801	0.01439	0.02007	0.01908	0.19209	0.01889	0.01253	0.03688	0.00290	0.13581	0.01032	0.00410	0.00818
21	0.01086	0.00720	0.00917	0.00898	0.01062	0.00655	0.00655	0.01330	0.01741	0.07145	0.40008	0.21041	0.13347	0.05025	0.00956	0.00257	0.00384	0.01401	0.00717	0.00655
22	0.01527	0.01527	0.02137	0.01832	0.01832	0.02137	0.01527	0.01679	0.01069	0.01679	0.00916	0.01527	0.00916	0.01221	0.02290	0.00305	0.74198	0.00611	0.00305	0.00763
23	0.01898	0.01566	0.01655	0.01432	0.01855	0.01782	0.01130	0.17693	0.52708	0.03198	0.02758	0.02567	0.04680	0.00956	0.00712	0.00231	0.00591	0.00782	0.00705	0.01102
24	0.02609	0.03262	0.01983	0.01789	0.02158	0.69414	0.01347	0.05838	0.02038	0.01832	0.01106	0.01278	0.00912	0.00725	0.00632	0.00181	0.01236	0.00458	0.00375	0.00826
25	0.06052	0.18628	0.32661	0.01859	0.07277	0.08945	0.01870	0.02278	0.05420	0.02099	0.01232	0.01444	0.00971	0.00704	0.00715	0.00207	0.05842	0.00500	0.00338	0.00956
26	0.01301	0.00650	0.00650	0.00650	0.00813	0.00650	0.00488	0.01626	0.01463	0.02602	0.02276	0.02602	0.01789	0.00813	0.00488	0.00163	0.00325	0.00650	0.79350	0.00650
27	0.00849	0.00611	0.00806	0.00963	0.01010	0.00568	0.00644	0.00973	0.01345	0.01785	0.03957	0.72675	0.06890	0.02172	0.00888	0.00282	0.00403	0.01966	0.00648	0.00568
28	0.01866	0.75896	0.03657	0.01194	0.01791	0.02761	0.01194	0.02090	0.01418	0.01642	0.00970	0.01119	0.00896	0.00597	0.00448	0.00149	0.00746	0.00373	0.00299	0.00896
29	0.01897	0.01944	0.04784	0.08531	0.48247	0.11269	0.01955	0.08710	0.01789	0.02372	0.01309	0.01660	0.01066	0.00663	0.00683	0.00206	0.00895	0.00596	0.00378	0.01048
30	0.13129	0.06368	0.11289	0.01267	0.01719	0.03932	0.02822	0.10899	0.01844	0.09399	0.16955	0.07621	0.02575	0.00986	0.00666	0.00213	0.00628	0.00802	0.06020	0.00867
31	0.03727	0.14704	0.41344	0.01764	0.02532	0.01729	0.06663	0.02043	0.01423	0.02073	0.01329	0.04344	0.01095	0.00989	0.04866	0.00264	0.04369	0.00581	0.00326	0.03834
32	0.09852	0.07198	0.08960	0.03768	0.03712	0.22736	0.01310	0.04231	0.09689	0.14529	0.04496	0.01936	0.03045	0.00802	0.00641	0.00204	0.00841	0.00598	0.00515	0.00938

[dist]
# distance from previous block
# <min> <max>
18	51

[block]
# block no. 6 follows, 30 sequences, length 62
# corresponding to MSA columns:
# 606-667
name=unknown_G
#
# <colnr> <probs for GDERKNQSTAVLIFYWHMCP>
#	G	D	E	R	K	N	Q	S	T	A	V	L	I	F	Y	W	H	M	C	P
0	0.01120	0.00852	0.00993	0.00977	0.01139	0.03056	0.00715	0.06194	0.01830	0.02504	0.36764	0.27512	0.08027	0.01603	0.00819	0.00237	0.00417	0.01414	0.03156	0.00669
1	0.08012	0.12864	0.29462	0.02379	0.19953	0.04991	0.05971	0.02172	0.01505	0.02214	0.01240	0.01512	0.00972	0.00645	0.00624	0.00204	0.00896	0.00531	0.02873	0.00981
2	0.01203	0.00609	0.00902	0.00902	0.00902	0.00609	0.00598	0.00914	0.00914	0.01219	0.01257	0.02233	0.01273	0.05761	0.02765	0.76087	0.00609	0.00625	0.00309	0.00309
3	0.00858	0.00618	0.00813	0.00954	0.01011	0.00573	0.00643	0.00994	0.01386	0.01848	0.08088	0.67753	0.07634	0.02121	0.00884	0.00277	0.00398	0.01917	0.00655	0.00573
4	0.01478	0.01362	0.02106	0.45784	0.03685	0.01720	0.03414	0.06753	0.01461	0.01991	0.01230	0.01788	0.00979	0.00843	0.01099	0.00247	0.19571	0.00625	0.03061	0.00803
5	0.13601	0.11565	0.02083	0.01510	0.01987	0.26082	0.01227	0.26490	0.02267	0.05055	0.01318	0.01409	0.01008	0.00741	0.00606	0.00193	0.00894	0.00502	0.00500	0.00961
6	0.00849	0.00611	0.00806	0.00962	0.01009	0.00568	0.00643	0.00973	0.01346	0.01785	0.03970	0.72399	0.07157	0.02170	0.00888	0.00282	0.00403	0.01964	0.00648	0.00568
7	0.76295	0.05251	0.01163	0.00932	0.01373	0.01628	0.00779	0.02053	0.01200	0.03053	0.00972	0.01133	0.00763	0.00645	0.00433	0.00212	0.00551	0.00378	0.00425	0.00763
8	0.00850	0.00607	0.00810	0.00972	0.01012	0.00567	0.00648	0.00972	0.01336	0.01781	0.03846	0.75020	0.04615	0.02186	0.00891	0.00283	0.00405	0.01984	0.00648	0.00567
9	0.13512	0.07336	0.12803	0.01351	0.01961	0.01467	0.01278	0.11100	0.01905	0.35629	0.01959	0.01853	0.01310	0.00770	0.00634	0.00208	0.00687	0.00586	0.00639	0.03012
10	0.01606	0.01535	0.02614	0.24840	0.51512	0.01626	0.02081	0.02036	0.01532	0.02133	0.01291	0.01767	0.01054	0.00644	0.00693	0.00215	0.00859	0.00621	0.00335	0.01008
11	0.00997	0.00748	0.01121	0.01121	0.01246	0.00872	0.00872	0.01246	0.01121	0.01620	0.01869	0.02741	0.01745	0.05234	0.72710	0.01121	0.01869	0.00748	0.00374	0.00623
12	0.06452	0.03288	0.62215	0.01867	0.02824	0.01573	0.02349	0.02289	0.01495	0.07436	0.01347	0.01519	0.00939	0.00677	0.00651	0.00220	0.00968	0.00521	0.00346	0.01026
13	0.01613	0.28483	0.40122	0.01603	0.02402	0.01926	0.01896	0.02162	0.01512	0.05205	0.05916	0.01644	0.01311	0.00701	0.00601	0.00196	0.00865	0.00525	0.00354	0.00966
14	0.01627	0.00860	0.01082	0.00950	0.01251	0.00752	0.00739	0.01881	0.01834	0.24811	0.26092	0.08395	0.24159	0.01386	0.00788	0.00227	0.00426	0.01181	0.00757	0.00805
15	0.01015	0.00677	0.00761	0.00761	0.00761	0.00677	0.00423	0.01015	0.01015	0.01353	0.02199	0.04567	0.02537	0.75476	0.03552	0.00677	0.00677	0.01015	0.00423	0.00423
16	0.01088	0.00738	0.00919	0.00868	0.01068	0.00662	0.00653	0.01365	0.01849	0.07226	0.47228	0.09337	0.21358	0.01512	0.00819	0.00227	0.00357	0.01315	0.00739	0.00673
17	0.01404	0.01307	0.02185	0.66753	0.04614	0.01593	0.04934	0.05355	0.01507	0.01942	0.01271	0.01852	0.00950	0.00700	0.00703	0.00231	0.00933	0.00630	0.00333	0.00805
18	0.01413	0.03518	0.68270	0.02039	0.03053	0.01628	0.06077	0.02211	0.01483	0.02211	0.01261	0.01495	0.00893	0.00659	0.00671	0.00222	0.01039	0.00532	0.00298	0.01027
19	0.01400	0.03610	0.71860	0.01989	0.03020	0.01621	0.02578	0.02210	0.01473	0.02210	0.01252	0.01473	0.00884	0.00663	0.00663	0.00221	0.01031	0.00516	0.00295	0.01031
20	0.00860	0.00708	0.00755	0.00744	0.00964	0.00604	0.00558	0.01069	0.01673	0.02081	0.20750	0.06393	0.57036	0.01694	0.00824	0.00232	0.00348	0.01427	0.00674	0.00604
21	0.01866	0.75896	0.03657	0.01194	0.01791	0.02761	0.01194	0.02090	0.01418	0.01642	0.00970	0.01119	0.00896	0.00597	0.00448	0.00149	0.00746	0.00373	0.00299	0.00896
22	0.01196	0.00606	0.00905	0.00912	0.00914	0.00604	0.00608	0.00912	0.00929	0.01238	0.01332	0.05437	0.01367	0.02413	0.02644	0.76085	0.00597	0.00669	0.00319	0.00315
23	0.01852	0.61102	0.12877	0.01344	0.01984	0.07326	0.01394	0.02153	0.01463	0.01724	0.01016	0.01177	0.00894	0.00614	0.00489	0.00161	0.00820	0.00398	0.00302	0.00908
24	0.02102	0.01551	0.01688	0.01434	0.01881	0.01730	0.01139	0.16838	0.47583	0.12132	0.02593	0.02386	0.01887	0.00914	0.00707	0.00228	0.00601	0.00745	0.00728	0.01132
25	0.00850	0.00607	0.00810	0.00972	0.01012	0.00567	0.00648	0.00972	0.01336	0.01781	0.03846	0.75020	0.04615	0.02186	0.00891	0.00283	0.00405	0.01984	0.00648	0.00567
26	0.01666	0.01807	0.03689	0.03293	0.22945	0.01745	0.47508	0.02192	0.01613	0.02231	0.01368	0.01827	0.01068	0.00617	0.00830	0.00229	0.03279	0.00759	0.00349	0.00983
27	0.01646	0.01033	0.01290	0.04285	0.01441	0.01108	0.00867	0.20912	0.01666	0.02271	0.01425	0.02013	0.01234	0.01768	0.01883	0.47218	0.00648	0.00616	0.06069	0.00608
28	0.00850	0.00607	0.00810	0.00972	0.01012	0.00567	0.00648	0.00972	0.01336	0.01781	0.03846	0.75020	0.04615	0.02186	0.00891	0.00283	0.00405	0.01984	0.00648	0.00567
29	0.01736	0.01499	0.01578	0.01420	0.01815	0.01736	0.01105	0.03708	0.69862	0.02919	0.02840	0.02604	0.02130	0.00947	0.00710	0.00237	0.00552	0.00789	0.00710	0.01105
30	0.01445	0.10680	0.65189	0.01911	0.02900	0.01732	0.02443	0.02198	0.01468	0.02154	0.01225	0.01439	0.00885	0.00657	0.00642	0.00214	0.01003	0.00502	0.00295	0.01018
31	0.01400	0.03610	0.71860	0.01989	0.03020	0.01621	0.02578	0.02210	0.01473	0.02210	0.01252	0.01473	0.00884	0.00663	0.00663	0.00221	0.01031	0.00516	0.00295	0.01031
32	0.01851	0.73634	0.05791	0.01219	0.01830	0.02726	0.01237	0.02093	0.01420	0.01660	0.00979	0.01130	0.00895	0.00599	0.00454	0.00151	0.00755	0.00378	0.00298	0.00900
33	0.00856	0.00612	0.00815	0.00967	0.01014	0.00571	0.00648	0.00987	0.01365	0.01828	0.06886	0.71849	0.04705	0.02152	0.00888	0.00280	0.00401	0.01951	0.00653	0.00571
34	0.01028	0.00793	0.00849	0.00903	0.00976	0.04400	0.00595	0.01132	0.01280	0.01674	0.03286	0.32057	0.10348	0.27951	0.05053	0.00443	0.00602	0.01382	0.04712	0.00538
35	0.08794	0.02228	0.02008	0.01697	0.04664	0.19176	0.01317	0.45016	0.02736	0.03567	0.01461	0.01533	0.01080	0.00786	0.00660	0.00203	0.00871	0.00565	0.00582	0.01058
36	0.00894	0.00729	0.00803	0.00840	0.01058	0.00638	0.00667	0.01104	0.01594	0.01932	0.06293	0.06981	0.55477	0.01804	0.00857	0.00255	0.00420	0.16405	0.00647	0.00601
37	0.80405	0.01350	0.01026	0.00918	0.01350	0.01565	0.00756	0.02051	0.01188	0.03131	0.00972	0.01134	0.00756	0.00648	0.00432	0.00216	0.00540	0.00378	0.00432	0.00756
38	0.00878	0.00709	0.00780	0.00762	0.00975	0.00612	0.00572	0.01104	0.01716	0.02182	0.27762	0.06227	0.49962	0.01657	0.00824	0.00230	0.00346	0.01404	0.00687	0.00612
39	0.01841	0.01519	0.01614	0.01427	0.01837	0.01742	0.01117	0.08032	0.63278	0.05195	0.02760	0.02535	0.02055	0.00937	0.00709	0.00234	0.00568	0.00775	0.00714	0.01113
40	0.02949	0.01322	0.01683	0.01308	0.01838	0.01245	0.01075	0.12689	0.07753	0.56444	0.02608	0.02295	0.01684	0.00867	0.00702	0.00217	0.00615	0.00699	0.00828	0.01181
41	0.00855	0.00613	0.00805	0.00956	0.01001	0.00571	0.00636	0.00974	0.01334	0.01771	0.03902	0.70324	0.06827	0.04610	0.00977	0.00295	0.00412	0.01934	0.00640	0.00563
42	0.80405	0.01350	0.01026	0.00918	0.01350	0.01565	0.00756	0.02051	0.01188	0.03131	0.00972	0.01134	0.00756	0.00648	0.00432	0.00216	0.00540	0.00378	0.00432	0.00756
43	0.01447	0.01240	0.01447	0.01034	0.01654	0.00930	0.00827	0.01757	0.01447	0.02274	0.01240	0.01447	0.01034	0.00517	0.00517	0.00103	0.00517	0.00413	0.00413	0.79742
44	0.01318	0.01240	0.02093	0.73798	0.04806	0.01550	0.01938	0.01783	0.01395	0.01783	0.01240	0.01860	0.00930	0.00698	0.00698	0.00233	0.00930	0.00620	0.00310	0.00775
45	0.01706	0.01636	0.02794	0.07921	0.67652	0.01652	0.02131	0.02123	0.01579	0.02254	0.01309	0.01734	0.01096	0.00626	0.00691	0.00209	0.00834	0.00622	0.00344	0.01088
46	0.01709	0.01640	0.02800	0.07325	0.68221	0.01653	0.02133	0.02126	0.01580	0.02258	0.01309	0.01733	0.01098	0.00625	0.00691	0.00208	0.00833	0.00622	0.00344	0.01091
47	0.00825	0.00707	0.00707	0.00707	0.00943	0.00589	0.00530	0.01001	0.01591	0.01885	0.07069	0.06716	0.70839	0.01767	0.00825	0.00236	0.00353	0.01473	0.00648	0.00589
48	0.01060	0.00755	0.00950	0.00913	0.01092	0.00707	0.00679	0.01431	0.05407	0.04728	0.50051	0.14273	0.12269	0.01517	0.00822	0.00230	0.00361	0.01335	0.00741	0.00679
49	0.01844	0.02054	0.02091	0.01822	0.01927	0.22829	0.01474	0.02004	0.01335	0.01688	0.00964	0.01448	0.00911	0.01074	0.01803	0.00269	0.52802	0.00563	0.00321	0.00777
50	0.02995	0.01318	0.01690	0.01305	0.01841	0.01231	0.01075	0.13334	0.05292	0.58274	0.02594	0.02279	0.01664	0.00864	0.00702	0.00216	0.00618	0.00695	0.00832	0.01184
51	0.00844	0.00631	0.00786	0.00910	0.00996	0.00572	0.00620	0.00979	0.01396	0.01806	0.04600	0.59049	0.20100	0.02088	0.00875	0.00272	0.00393	0.01864	0.00648	0.00572
52	0.02174	0.01611	0.01721	0.03997	0.05547	0.07440	0.01167	0.32593	0.04541	0.09410	0.02066	0.10694	0.01720	0.00977	0.00688	0.00212	0.00693	0.00791	0.10970	0.00990
53	0.08268	0.03108	0.55785	0.01893	0.02812	0.01574	0.06308	0.02299	0.01504	0.08159	0.01365	0.01546	0.00955	0.00674	0.00656	0.00221	0.00961	0.00538	0.00358	0.01016
54	0.00876	0.00646	0.00854	0.00986	0.01038	0.00624	0.00673	0.01007	0.01358	0.01813	0.05919	0.67297	0.07575	0.02111	0.00933	0.00280	0.02901	0.01892	0.00640	0.00577
55	0.01420	0.01311	0.02151	0.64557	0.09832	0.01591	0.01921	0.05362	0.01510	0.01960	0.01269	0.01840	0.00957	0.00699	0.00697	0.00229	0.00914	0.00621	0.00333	0.00823
56	0.01722	0.04348	0.14560	0.08510	0.43297	0.07877	0.02057	0.02253	0.04689	0.02191	0.01336	0.01674	0.01077	0.00657	0.00675	0.00209	0.00894	0.00588	0.00351	0.01036
57	0.39748	0.06002	0.22819	0.01374	0.02015	0.01610	0.04434	0.04010	0.01406	0.02712	0.03216	0.01426	0.01019	0.00669	0.00545	0.00209	0.00728	0.00476	0.00396	0.05188
58	0.08940	0.08606	0.01606	0.01200	0.01559	0.03501	0.00969	0.14402	0.14319	0.06623	0.04812	0.02563	0.06382	0.05324	0.06230	0.00303	0.02991	0.00721	0.08064	0.00885
59	0.02541	0.04521	0.01917	0.01467	0.01967	0.07889	0.03656	0.21207	0.14693	0.27136	0.02193	0.02066	0.01524	0.00837	0.00684	0.00211	0.00712	0.00666	0.03010	0.01103
60	0.04901	0.01866	0.12275	0.04908	0.05339	0.05951	0.01407	0.14432	0.11257	0.11293	0.01839	0.03958	0.01405	0.00852	0.00783	0.00217	0.06239	0.00652	0.06411	0.04016
61	0.04381	0.01756	0.12765	0.01462	0.02004	0.01482	0.03409	0.18804	0.08698	0.18619	0.10003	0.02449	0.04328	0.00915	0.00755	0.00218	0.03049	0.00736	0.00639	0.03529

[dist]
# distance from previous block
# <min> <max>
15	36

[block]
# block no. 7 follows, 30 sequences, length 16
# corresponding to MSA columns:
# 705-720
name=unknown_H
#
# <colnr> <probs for GDERKNQSTAVLIFYWHMCP>
#	G	D	E	R	K	N	Q	S	T	A	V	L	I	F	Y	W	H	M	C	P
0	0.09863	0.04512	0.02647	0.03703	0.58305	0.01713	0.01927	0.04991	0.01614	0.02434	0.01280	0.01640	0.01065	0.00633	0.00655	0.00206	0.00793	0.00587	0.00368	0.01065
1	0.01421	0.01195	0.01384	0.01136	0.01560	0.01120	0.02566	0.04765	0.19127	0.02408	0.05358	0.06212	0.10474	0.06260	0.00866	0.00216	0.00531	0.00810	0.00554	0.32035
2	0.02019	0.01466	0.06748	0.04615	0.13979	0.01315	0.01324	0.02761	0.17866	0.24095	0.05822	0.02614	0.06490	0.00891	0.00704	0.00216	0.00636	0.00756	0.00633	0.05051
3	0.02453	0.01259	0.01570	0.01220	0.01748	0.01136	0.00990	0.05618	0.11347	0.40836	0.04523	0.02250	0.01752	0.00810	0.00663	0.00192	0.00568	0.00661	0.00727	0.19676
4	0.02556	0.02860	0.02068	0.01927	0.07080	0.49776	0.01399	0.19433	0.02279	0.02429	0.01246	0.01397	0.00986	0.00742	0.00651	0.00189	0.01104	0.00507	0.00444	0.00926
5	0.01815	0.01825	0.02747	0.04034	0.64213	0.08773	0.02062	0.02206	0.01628	0.02222	0.01289	0.01680	0.01085	0.00632	0.00685	0.00205	0.00872	0.00604	0.00347	0.01076
6	0.00909	0.00678	0.00946	0.01195	0.05750	0.00641	0.00749	0.01051	0.01353	0.01815	0.03675	0.70068	0.04378	0.02081	0.00877	0.00278	0.00434	0.01892	0.00627	0.00603
7	0.00825	0.00707	0.00707	0.00707	0.00943	0.00589	0.00530	0.01001	0.01591	0.01885	0.07069	0.06716	0.70839	0.01767	0.00825	0.00236	0.00353	0.01473	0.00648	0.00589
8	0.01736	0.01499	0.01578	0.01420	0.01815	0.01736	0.01105	0.03708	0.69862	0.02919	0.02840	0.02604	0.02130	0.00947	0.00710	0.00237	0.00552	0.00789	0.00710	0.01105
9	0.01843	0.53656	0.17612	0.01419	0.02082	0.09530	0.01496	0.02184	0.01485	0.01766	0.01039	0.01207	0.00893	0.00623	0.00511	0.00167	0.00857	0.00410	0.00304	0.00915
10	0.01002	0.00727	0.01016	0.01016	0.01104	0.00815	0.00741	0.01178	0.01090	0.01542	0.01966	0.03276	0.01976	0.25790	0.52471	0.00991	0.01520	0.00826	0.00388	0.00564
11	0.01015	0.00677	0.00761	0.00761	0.00761	0.00677	0.00423	0.01015	0.01015	0.01353	0.02199	0.04567	0.02537	0.75476	0.03552	0.00677	0.00677	0.01015	0.00423	0.00423
12	0.01378	0.01152	0.01373	0.08307	0.01823	0.01016	0.00912	0.08208	0.01647	0.02318	0.02713	0.07937	0.16166	0.00954	0.00645	0.00168	0.00540	0.00794	0.00498	0.41452
13	0.58659	0.01164	0.00951	0.00867	0.01225	0.01315	0.00699	0.01904	0.01315	0.03005	0.08191	0.01798	0.01520	0.00755	0.00481	0.00207	0.00481	0.00514	0.14222	0.00728
14	0.01743	0.01376	0.01755	0.01371	0.01780	0.01373	0.08403	0.25003	0.01980	0.02729	0.01765	0.04574	0.01622	0.21267	0.03413	0.00344	0.00755	0.00752	0.00514	0.17481
15	0.06976	0.03034	0.01352	0.01082	0.01460	0.01057	0.00865	0.04943	0.07966	0.23692	0.27923	0.03385	0.05642	0.01063	0.00714	0.00210	0.00486	0.00890	0.00726	0.06533

[dist]
# distance from previous block
# <min> <max>
9	26

[block]
# block no. 8 follows, 30 sequences, length 7
# corresponding to MSA columns:
# 749-755
name=unknown_I
#
# <colnr> <probs for GDERKNQSTAVLIFYWHMCP>
#	G	D	E	R	K	N	Q	S	T	A	V	L	I	F	Y	W	H	M	C	P
0	0.04532	0.01869	0.02044	0.09569	0.06766	0.11429	0.04798	0.28299	0.08493	0.04827	0.01788	0.01905	0.03691	0.00797	0.00680	0.00206	0.00814	0.00638	0.00546	0.06309
1	0.09334	0.03505	0.01901	0.09460	0.02161	0.06098	0.13064	0.01885	0.01471	0.04946	0.01942	0.05933	0.05779	0.02940	0.00859	0.00222	0.06704	0.00734	0.11908	0.09154
2	0.02228	0.01587	0.01770	0.01383	0.01899	0.01630	0.01119	0.38535	0.06574	0.09852	0.01934	0.07946	0.01550	0.00891	0.00676	0.00195	0.00654	0.00713	0.00648	0.18218
3	0.20240	0.30660	0.02363	0.01278	0.01763	0.14675	0.01107	0.11778	0.01765	0.02464	0.05216	0.01469	0.01242	0.00714	0.00535	0.00183	0.00768	0.00477	0.00426	0.00876
4	0.02431	0.06670	0.02014	0.01472	0.01970	0.01887	0.01218	0.41993	0.06540	0.13685	0.01914	0.05540	0.01459	0.00908	0.00762	0.00213	0.04183	0.00693	0.00665	0.03785
5	0.31025	0.07942	0.01630	0.09093	0.01940	0.05303	0.01065	0.14661	0.05343	0.02899	0.06720	0.06406	0.01636	0.00861	0.00596	0.00215	0.00656	0.00646	0.00508	0.00853
6	0.07199	0.01648	0.02062	0.24091	0.08499	0.10941	0.05521	0.07817	0.01601	0.02200	0.01342	0.03792	0.01117	0.00835	0.00937	0.00230	0.13211	0.00633	0.05489	0.00835

[dist]
# distance from previous block
# <min> <max>
2	11

[block]
# block no. 9 follows, 30 sequences, length 23
# corresponding to MSA columns:
# 767-789
name=unknown_J
#
# <colnr> <probs for GDERKNQSTAVLIFYWHMCP>
#	G	D	E	R	K	N	Q	S	T	A	V	L	I	F	Y	W	H	M	C	P
0	0.01959	0.01354	0.02208	0.02231	0.19521	0.01276	0.12997	0.02421	0.05602	0.22470	0.11974	0.02748	0.05906	0.00877	0.00739	0.00216	0.00700	0.00820	0.00596	0.03386
1	0.01842	0.01208	0.01773	0.05277	0.14297	0.01149	0.04422	0.06687	0.01915	0.19523	0.24761	0.03033	0.03067	0.00957	0.00731	0.00208	0.00599	0.00848	0.00641	0.07061
2	0.01707	0.01687	0.02539	0.18890	0.47784	0.07054	0.01980	0.02200	0.05335	0.02164	0.01363	0.01768	0.01108	0.00663	0.00689	0.00212	0.00868	0.00617	0.00359	0.01012
3	0.08185	0.11851	0.02175	0.15718	0.06293	0.35623	0.01435	0.02419	0.04529	0.01905	0.01170	0.01437	0.00957	0.00712	0.00657	0.00196	0.03047	0.00495	0.00360	0.00837
4	0.01717	0.01863	0.01775	0.10601	0.02201	0.24282	0.04035	0.01988	0.01622	0.01940	0.06471	0.02433	0.06746	0.01046	0.03033	0.00231	0.09132	0.03462	0.00419	0.15004
5	0.10728	0.01172	0.01339	0.01135	0.01484	0.01204	0.00895	0.15539	0.06725	0.16099	0.25621	0.06682	0.03367	0.03892	0.00829	0.00238	0.00523	0.00922	0.00711	0.00893
6	0.01783	0.01736	0.02163	0.19105	0.26886	0.13237	0.01673	0.02403	0.12701	0.04718	0.01697	0.05838	0.01412	0.00802	0.00697	0.00218	0.00846	0.00697	0.00435	0.00954
7	0.05808	0.02737	0.02004	0.01835	0.05868	0.45157	0.01354	0.20210	0.04199	0.02545	0.01295	0.01427	0.01015	0.00749	0.00645	0.00192	0.01055	0.00513	0.00461	0.00931
8	0.34916	0.01473	0.05342	0.18757	0.02431	0.01530	0.01245	0.07466	0.04486	0.14040	0.01478	0.01636	0.01056	0.00724	0.00586	0.00221	0.00688	0.00534	0.00498	0.00894
9	0.01728	0.01646	0.02735	0.04061	0.65744	0.01664	0.02061	0.02263	0.06887	0.02329	0.01431	0.01795	0.01185	0.00647	0.00692	0.00210	0.00808	0.00635	0.00374	0.01105
10	0.01436	0.01140	0.01474	0.06913	0.01789	0.01223	0.04261	0.17571	0.05558	0.02494	0.03041	0.33988	0.08311	0.01598	0.02530	0.00273	0.03702	0.01304	0.00602	0.00791
11	0.05974	0.01465	0.02421	0.33254	0.39387	0.01608	0.01978	0.01986	0.01485	0.02119	0.01263	0.01750	0.01012	0.00655	0.00679	0.00218	0.00855	0.00607	0.00335	0.00947
12	0.01864	0.52372	0.08424	0.01289	0.01848	0.09711	0.01257	0.02141	0.01558	0.04335	0.08146	0.01622	0.01502	0.00709	0.00531	0.00168	0.00774	0.00494	0.00373	0.00884
13	0.00895	0.00706	0.00807	0.00789	0.00988	0.00618	0.00589	0.01135	0.01746	0.02271	0.34146	0.08361	0.41194	0.01636	0.00826	0.00230	0.00345	0.01400	0.00699	0.00618
14	0.01447	0.01240	0.01447	0.01034	0.01654	0.00930	0.00827	0.01757	0.01447	0.02274	0.01240	0.01447	0.01034	0.00517	0.00517	0.00103	0.00517	0.00413	0.00413	0.79742
15	0.01368	0.01093	0.01516	0.03499	0.08921	0.01121	0.03474	0.07387	0.04599	0.04375	0.19257	0.19061	0.06353	0.01340	0.00900	0.00238	0.06011	0.03799	0.00600	0.05089
16	0.01212	0.00606	0.00909	0.00909	0.00909	0.00606	0.00606	0.00909	0.00909	0.01212	0.01212	0.02121	0.01212	0.02424	0.02727	0.79697	0.00606	0.00606	0.00303	0.00303
17	0.01556	0.01092	0.00914	0.00862	0.01074	0.10640	0.00653	0.05558	0.01636	0.02580	0.02078	0.02365	0.01632	0.00801	0.00519	0.00168	0.00478	0.00622	0.64070	0.00702
18	0.01776	0.01154	0.01306	0.08877	0.01723	0.01255	0.00939	0.20414	0.06742	0.05638	0.02056	0.02257	0.01551	0.00819	0.00592	0.00190	0.00539	0.00653	0.40655	0.00864
19	0.00867	0.00709	0.00765	0.00751	0.00968	0.00607	0.00563	0.01083	0.01690	0.02121	0.23514	0.06328	0.54247	0.01679	0.00824	0.00231	0.00347	0.01418	0.00679	0.00607
20	0.01556	0.01348	0.01858	0.01346	0.01964	0.01102	0.10937	0.01996	0.05223	0.04902	0.01410	0.01610	0.01123	0.00564	0.00580	0.00134	0.00620	0.00506	0.00437	0.60785
21	0.76106	0.01473	0.04880	0.00976	0.01440	0.01568	0.00855	0.02060	0.01203	0.03081	0.00987	0.01152	0.00763	0.00649	0.00444	0.00216	0.00567	0.00385	0.00424	0.00771
22	0.01736	0.01499	0.01578	0.01420	0.01815	0.01736	0.01105	0.03708	0.69862	0.02919	0.02840	0.02604	0.02130	0.00947	0.00710	0.00237	0.00552	0.00789	0.00710	0.01105

[dist]
# distance from previous block
# <min> <max>
0	2

[block]
# block no. 10 follows, 30 sequences, length 26
# corresponding to MSA columns:
# 792-817
name=unknown_K
#
# <colnr> <probs for GDERKNQSTAVLIFYWHMCP>
#	G	D	E	R	K	N	Q	S	T	A	V	L	I	F	Y	W	H	M	C	P
0	0.01447	0.01240	0.01447	0.01034	0.01654	0.00930	0.00827	0.01757	0.01447	0.02274	0.01240	0.01447	0.01034	0.00517	0.00517	0.00103	0.00517	0.00413	0.00413	0.79742
1	0.01015	0.00677	0.00761	0.00761	0.00761	0.00677	0.00423	0.01015	0.01015	0.01353	0.02199	0.04567	0.02537	0.75476	0.03552	0.00677	0.00677	0.01015	0.00423	0.00423
2	0.01318	0.01240	0.02093	0.73798	0.04806	0.01550	0.01938	0.01783	0.01395	0.01783	0.01240	0.01860	0.00930	0.00698	0.00698	0.00233	0.00930	0.00620	0.00310	0.00775
3	0.00988	0.00713	0.00933	0.00878	0.01043	0.00658	0.00658	0.01317	0.01975	0.02798	0.70754	0.05213	0.06584	0.01427	0.00823	0.00219	0.00329	0.01262	0.00768	0.00658
4	0.01866	0.75896	0.03657	0.01194	0.01791	0.02761	0.01194	0.02090	0.01418	0.01642	0.00970	0.01119	0.00896	0.00597	0.00448	0.00149	0.00746	0.00373	0.00299	0.00896
5	0.03131	0.01188	0.01619	0.01242	0.01781	0.01026	0.01026	0.03401	0.01997	0.71606	0.02753	0.02375	0.01727	0.00864	0.00702	0.00216	0.00594	0.00702	0.00864	0.01188
6	0.01015	0.00677	0.00761	0.00761	0.00761	0.00677	0.00423	0.01015	0.01015	0.01353	0.02199	0.04567	0.02537	0.75476	0.03552	0.00677	0.00677	0.01015	0.00423	0.00423
7	0.01663	0.01593	0.02717	0.15134	0.60771	0.01641	0.02110	0.02086	0.01559	0.02202	0.01301	0.01748	0.01078	0.00634	0.00692	0.00211	0.00845	0.00622	0.00340	0.01054
8	0.01027	0.00791	0.01178	0.01161	0.01279	0.00943	0.00909	0.01270	0.01119	0.01623	0.01816	0.02673	0.01698	0.05009	0.68770	0.01076	0.05916	0.00740	0.00370	0.00631
9	0.00850	0.00607	0.00810	0.00972	0.01012	0.00567	0.00648	0.00972	0.01336	0.01781	0.03846	0.75020	0.04615	0.02186	0.00891	0.00283	0.00405	0.01984	0.00648	0.00567
10	0.01410	0.01297	0.01979	0.57832	0.04146	0.01591	0.01754	0.02208	0.16499	0.02034	0.01593	0.02024	0.01195	0.00753	0.00700	0.00233	0.00847	0.00657	0.00398	0.00848
11	0.33397	0.01285	0.01660	0.44236	0.03404	0.01556	0.01458	0.01892	0.01311	0.02330	0.01131	0.01566	0.00859	0.00677	0.00590	0.00226	0.00772	0.00522	0.00359	0.00767
12	0.01879	0.69526	0.06512	0.01255	0.01860	0.05856	0.01260	0.02126	0.01445	0.01669	0.00987	0.01141	0.00895	0.00605	0.00465	0.00154	0.00782	0.00383	0.00301	0.00897
13	0.01301	0.00650	0.00650	0.00650	0.00813	0.00650	0.00488	0.01626	0.01463	0.02602	0.02276	0.02602	0.01789	0.00813	0.00488	0.00163	0.00325	0.00650	0.79350	0.00650
14	0.02225	0.01592	0.01701	0.01350	0.01784	0.01738	0.01085	0.49805	0.02729	0.03739	0.02019	0.02291	0.04064	0.08376	0.00960	0.00251	0.00680	0.00703	0.11897	0.01011
15	0.01527	0.01527	0.02137	0.01832	0.01832	0.02137	0.01527	0.01679	0.01069	0.01679	0.00916	0.01527	0.00916	0.01221	0.02290	0.00305	0.74198	0.00611	0.00305	0.00763
16	0.01212	0.00606	0.00909	0.00909	0.00909	0.00606	0.00606	0.00909	0.00909	0.01212	0.01212	0.02121	0.01212	0.02424	0.02727	0.79697	0.00606	0.00606	0.00303	0.00303
17	0.01015	0.00677	0.00761	0.00761	0.00761	0.00677	0.00423	0.01015	0.01015	0.01353	0.02199	0.04567	0.02537	0.75476	0.03552	0.00677	0.00677	0.01015	0.00423	0.00423
18	0.00850	0.00607	0.00810	0.00972	0.01012	0.00567	0.00648	0.00972	0.01336	0.01781	0.03846	0.75020	0.04615	0.02186	0.00891	0.00283	0.00405	0.01984	0.00648	0.00567
19	0.01904	0.01583	0.01673	0.01454	0.01879	0.01814	0.01145	0.15663	0.57633	0.03191	0.02626	0.02433	0.01957	0.00927	0.00708	0.00232	0.00592	0.00759	0.00708	0.01120
20	0.01527	0.01527	0.02137	0.01832	0.01832	0.02137	0.01527	0.01679	0.01069	0.01679	0.00916	0.01527	0.00916	0.01221	0.02290	0.00305	0.74198	0.00611	0.00305	0.00763
21	0.01015	0.00677	0.00761	0.00761	0.00761	0.00677	0.00423	0.01015	0.01015	0.01353	0.02199	0.04567	0.02537	0.75476	0.03552	0.00677	0.00677	0.01015	0.00423	0.00423
22	0.01527	0.01527	0.02137	0.01832	0.01832	0.02137	0.01527	0.01679	0.01069	0.01679	0.00916	0.01527	0.00916	0.01221	0.02290	0.00305	0.74198	0.00611	0.00305	0.00763
23	0.01073	0.00719	0.00984	0.01122	0.01237	0.00691	0.00874	0.01289	0.01484	0.05032	0.03731	0.42247	0.04223	0.02014	0.00914	0.00297	0.00518	0.30268	0.00655	0.00628
24	0.01866	0.75896	0.03657	0.01194	0.01791	0.02761	0.01194	0.02090	0.01418	0.01642	0.00970	0.01119	0.00896	0.00597	0.00448	0.00149	0.00746	0.00373	0.00299	0.00896
25	0.01517	0.01513	0.02135	0.05250	0.01973	0.02110	0.01546	0.01684	0.01084	0.01684	0.00931	0.01543	0.00917	0.01197	0.02214	0.00302	0.70719	0.00611	0.00306	0.00764

[dist]
# distance from previous block
# <min> <max>
0	15

[block]
# block no. 11 follows, 30 sequences, length 88
# corresponding to MSA columns:
# 833-920
name=unknown_L
#
# <colnr> <probs for GDERKNQSTAVLIFYWHMCP>
#	G	D	E	R	K	N	Q	S	T	A	V	L	I	F	Y	W	H	M	C	P
0	0.00997	0.00748	0.01121	0.01121	0.01246	0.00872	0.00872	0.01246	0.01121	0.01620	0.01869	0.02741	0.01745	0.05234	0.72710	0.01121	0.01869	0.00748	0.00374	0.00623
