[name]
unknown

[dist]
# distance from previous block
# <min> <max>
0	61

[block]
# block no. 0 follows, 30 sequences, length 66
# corresponding to MSA columns:
# 61-126
name=unknown_A
#
# <colnr> <probs for GDERKNQSTAVLIFYWHMCP>
#	G	D	E	R	K	N	Q	S	T	A	V	L	I	F	Y	W	H	M	C	P
0	0.12564	0.03501	0.05179	0.05706	0.13970	0.08130	0.01351	0.14309	0.03877	0.02729	0.06338	0.02188	0.01613	0.00813	0.00649	0.00202	0.00737	0.04661	0.00485	0.10998
1	0.48091	0.01725	0.10247	0.01436	0.07155	0.03798	0.02992	0.02186	0.03532	0.05332	0.01196	0.01365	0.00914	0.00655	0.00524	0.00207	0.00665	0.00457	0.00427	0.07098
2	0.02084	0.01591	0.01750	0.03163	0.01962	0.01690	0.01150	0.34909	0.16527	0.05215	0.02301	0.02398	0.06226	0.00907	0.00690	0.00205	0.00652	0.02785	0.00647	0.13150
3	0.00837	0.00698	0.00730	0.00743	0.00955	0.00591	0.00549	0.01018	0.01589	0.01930	0.10608	0.13193	0.60589	0.01787	0.00831	0.00239	0.00357	0.01509	0.00655	0.00591
4	0.00849	0.00614	0.00803	0.00955	0.01008	0.00568	0.00640	0.00974	0.01352	0.01788	0.04049	0.70720	0.08785	0.02160	0.00887	0.00280	0.00402	0.01952	0.00648	0.00568
5	0.01618	0.01819	0.03923	0.02885	0.05683	0.01708	0.63192	0.02188	0.01661	0.02264	0.04744	0.02038	0.01326	0.00630	0.00819	0.00234	0.01125	0.00838	0.00373	0.00933
6	0.01015	0.00677	0.00761	0.00761	0.00761	0.00677	0.00423	0.01015	0.01015	0.01353	0.02199	0.04567	0.02537	0.75476	0.03552	0.00677	0.00677	0.01015	0.00423	0.00423
7	0.03131	0.01188	0.01619	0.01242	0.01781	0.01026	0.01026	0.03401	0.01997	0.71606	0.02753	0.02375	0.01727	0.00864	0.00702	0.00216	0.00594	0.00702	0.00864	0.01188
8	0.01546	0.01328	0.01622	0.01180	0.01789	0.01086	0.04131	0.06093	0.04823	0.02436	0.01352	0.01537	0.01097	0.00561	0.00552	0.00123	0.00566	0.00465	0.00443	0.67269
9	0.00986	0.00672	0.00808	0.00862	0.00887	0.00662	0.00544	0.01046	0.01149	0.01527	0.02738	0.21800	0.03178	0.50807	0.02664	0.00548	0.00608	0.07537	0.00498	0.00479
10	0.01802	0.02237	0.07966	0.02724	0.05508	0.14174	0.50525	0.02327	0.01692	0.02143	0.01340	0.01742	0.01021	0.00617	0.00775	0.00224	0.01171	0.00732	0.00350	0.00929
11	0.02653	0.01955	0.02094	0.01606	0.02164	0.02164	0.01326	0.68796	0.03281	0.04398	0.01675	0.01675	0.01187	0.00838	0.00698	0.00209	0.00768	0.00628	0.00698	0.01187
12	0.02541	0.01678	0.01865	0.01450	0.01946	0.01800	0.01178	0.49962	0.02834	0.15336	0.04177	0.02151	0.01568	0.07102	0.00941	0.00250	0.00717	0.00694	0.00705	0.01106
13	0.00976	0.00713	0.00917	0.00866	0.01036	0.00654	0.00649	0.01295	0.01948	0.02734	0.66299	0.05318	0.11080	0.01450	0.00823	0.00221	0.00331	0.01277	0.00760	0.00654
14	0.01855	0.72378	0.03679	0.01277	0.01879	0.02714	0.04397	0.02096	0.01429	0.01670	0.00991	0.01156	0.00903	0.00597	0.00466	0.00153	0.00767	0.00395	0.00301	0.00898
15	0.01501	0.03468	0.67753	0.01945	0.02948	0.01586	0.02487	0.02280	0.01504	0.06267	0.01340	0.01526	0.00933	0.00675	0.00665	0.00221	0.01006	0.00527	0.00328	0.01040
16	0.75510	0.01388	0.01093	0.00961	0.01401	0.01603	0.00792	0.06253	0.01319	0.03211	0.01016	0.01168	0.00783	0.00660	0.00449	0.00216	0.00554	0.00394	0.00449	0.00783
17	0.01015	0.00677	0.00761	0.00761	0.00761	0.00677	0.00423	0.01015	0.01015	0.01353	0.02199	0.04567	0.02537	0.75476	0.03552	0.00677	0.00677	0.01015	0.00423	0.00423
18	0.01212	0.00606	0.00909	0.00909	0.00909	0.00606	0.00606	0.00909	0.00909	0.01212	0.01212	0.02121	0.01212	0.02424	0.02727	0.79697	0.00606	0.00606	0.00303	0.00303
19	0.01527	0.01527	0.02137	0.01832	0.01832	0.02137	0.01527	0.01679	0.01069	0.01679	0.00916	0.01527	0.00916	0.01221	0.02290	0.00305	0.74198	0.00611	0.00305	0.00763
20	0.01650	0.01600	0.06342	0.40987	0.19470	0.01687	0.01915	0.13630	0.01775	0.02380	0.01334	0.01775	0.01013	0.00703	0.00694	0.00222	0.00884	0.00616	0.00385	0.00938
21	0.00879	0.00619	0.00801	0.00935	0.00968	0.00586	0.00608	0.00979	0.01280	0.01706	0.03558	0.62678	0.04251	0.15025	0.01357	0.00352	0.00452	0.01814	0.00608	0.00542
22	0.02653	0.01955	0.02094	0.01606	0.02164	0.02164	0.01326	0.68796	0.03281	0.04398	0.01675	0.01675	0.01187	0.00838	0.00698	0.00209	0.00768	0.00628	0.00698	0.01187
23	0.02653	0.01955	0.02094	0.01606	0.02164	0.02164	0.01326	0.68796	0.03281	0.04398	0.01675	0.01675	0.01187	0.00838	0.00698	0.00209	0.00768	0.00628	0.00698	0.01187
24	0.00855	0.00609	0.00808	0.00965	0.01004	0.00570	0.00641	0.00973	0.01326	0.01768	0.03795	0.72836	0.04551	0.04458	0.00973	0.00296	0.00413	0.01954	0.00641	0.00562
25	0.01727	0.01658	0.02832	0.04283	0.71123	0.01658	0.02142	0.02142	0.01589	0.02280	0.01313	0.01727	0.01105	0.00622	0.00691	0.00207	0.00829	0.00622	0.00345	0.01105
26	0.00850	0.00607	0.00810	0.00972	0.01012	0.00567	0.00648	0.00972	0.01336	0.01781	0.03846	0.75020	0.04615	0.02186	0.00891	0.00283	0.00405	0.01984	0.00648	0.00567
27	0.02477	0.16039	0.02272	0.01692	0.02093	0.60426	0.01321	0.02664	0.01879	0.01696	0.01060	0.01234	0.00898	0.00698	0.00597	0.00174	0.01169	0.00436	0.00349	0.00824
28	0.01708	0.01663	0.02862	0.04030	0.62148	0.01698	0.06162	0.02115	0.01556	0.02235	0.01291	0.01723	0.01089	0.00662	0.00811	0.00216	0.05984	0.00633	0.00343	0.01071
29	0.00901	0.00618	0.00809	0.00935	0.00967	0.00586	0.00611	0.00974	0.01257	0.01676	0.03411	0.59181	0.04060	0.13374	0.01425	0.05900	0.00460	0.01740	0.00589	0.00526
30	0.57922	0.01372	0.01425	0.12757	0.10852	0.01575	0.01119	0.02021	0.01272	0.02811	0.01057	0.01324	0.00828	0.00652	0.00507	0.00217	0.00638	0.00447	0.00402	0.00804
31	0.00946	0.00793	0.00835	0.00840	0.01065	0.00733	0.00622	0.01344	0.10319	0.02002	0.06022	0.16878	0.51650	0.01727	0.00820	0.00243	0.00387	0.01465	0.00656	0.00652
32	0.01866	0.75896	0.03657	0.01194	0.01791	0.02761	0.01194	0.02090	0.01418	0.01642	0.00970	0.01119	0.00896	0.00597	0.00448	0.00149	0.00746	0.00373	0.00299	0.00896
33	0.01719	0.53084	0.25179	0.01445	0.02179	0.02401	0.01631	0.02128	0.01435	0.01821	0.01059	0.01231	0.00892	0.00618	0.00516	0.00172	0.00836	0.00418	0.00297	0.00938
34	0.02653	0.01955	0.02094	0.01606	0.02164	0.02164	0.01326	0.68796	0.03281	0.04398	0.01675	0.01675	0.01187	0.00838	0.00698	0.00209	0.00768	0.00628	0.00698	0.01187
35	0.01565	0.01237	0.01459	0.01048	0.01663	0.00937	0.00841	0.01872	0.01486	0.07125	0.01346	0.01512	0.01082	0.00541	0.00530	0.00111	0.00522	0.00434	0.00445	0.74246
36	0.00837	0.00704	0.00726	0.00728	0.00952	0.00593	0.00543	0.01023	0.01609	0.01945	0.11415	0.08948	0.64078	0.01758	0.00827	0.00236	0.00354	0.01475	0.00656	0.00593
37	0.01766	0.01434	0.01643	0.01230	0.01773	0.01333	0.00993	0.20023	0.01909	0.02785	0.01372	0.01621	0.01120	0.03217	0.00780	0.00164	0.05154	0.00505	0.00485	0.50692
38	0.00825	0.00707	0.00707	0.00707	0.00943	0.00589	0.00530	0.01001	0.01591	0.01885	0.07069	0.06716	0.70839	0.01767	0.00825	0.00236	0.00353	0.01473	0.00648	0.00589
39	0.01733	0.01457	0.01539	0.01370	0.01747	0.01665	0.01060	0.08617	0.57975	0.02904	0.02853	0.02792	0.04431	0.05582	0.00889	0.00262	0.00570	0.00814	0.00689	0.01051
40	0.80405	0.01350	0.01026	0.00918	0.01350	0.01565	0.00756	0.02051	0.01188	0.03131	0.00972	0.01134	0.00756	0.00648	0.00432	0.00216	0.00540	0.00378	0.00432	0.00756
41	0.01014	0.00680	0.00778	0.00778	0.00784	0.00686	0.00444	0.01026	0.01020	0.01366	0.02183	0.04479	0.02499	0.72097	0.06878	0.00698	0.00734	0.01002	0.00420	0.00432
42	0.01126	0.00902	0.01161	0.01133	0.01279	0.04300	0.00871	0.03444	0.01285	0.01781	0.06662	0.02903	0.02066	0.08200	0.58452	0.00962	0.01637	0.00779	0.00413	0.00642
43	0.12013	0.01225	0.01548	0.01214	0.01733	0.01130	0.00999	0.03262	0.05871	0.59647	0.02552	0.02245	0.01638	0.00844	0.00671	0.00217	0.00585	0.00669	0.00805	0.01133
44	0.01447	0.01240	0.01447	0.01034	0.01654	0.00930	0.00827	0.01757	0.01447	0.02274	0.01240	0.01447	0.01034	0.00517	0.00517	0.00103	0.00517	0.00413	0.00413	0.79742
45	0.01301	0.00650	0.00650	0.00650	0.00813	0.00650	0.00488	0.01626	0.01463	0.02602	0.02276	0.02602	0.01789	0.00813	0.00488	0.00163	0.00325	0.00650	0.79350	0.00650
46	0.05523	0.01932	0.02055	0.01580	0.02134	0.02142	0.01305	0.66332	0.03204	0.04351	0.01649	0.01655	0.01171	0.00831	0.00688	0.00210	0.00759	0.00619	0.00688	0.01171
47	0.01590	0.01632	0.02128	0.01830	0.01851	0.06261	0.01516	0.01744	0.01122	0.01681	0.00926	0.01511	0.00915	0.01192	0.02193	0.00298	0.69934	0.00601	0.00309	0.00766
48	0.01857	0.01434	0.01627	0.01259	0.01787	0.01379	0.01013	0.22757	0.08449	0.05222	0.01687	0.03634	0.01349	0.01041	0.05658	0.00228	0.00692	0.00589	0.00548	0.37789
49	0.01602	0.01774	0.03723	0.12624	0.06958	0.01741	0.54381	0.02153	0.01593	0.02159	0.01369	0.01862	0.01039	0.00623	0.00843	0.00236	0.03272	0.00780	0.00345	0.00921
50	0.00983	0.00710	0.00929	0.00881	0.01042	0.00656	0.00658	0.01306	0.01956	0.02768	0.68727	0.07328	0.06525	0.01450	0.00825	0.00221	0.00332	0.01284	0.00765	0.00656
51	0.02653	0.01955	0.02094	0.01606	0.02164	0.02164	0.01326	0.68796	0.03281	0.04398	0.01675	0.01675	0.01187	0.00838	0.00698	0.00209	0.00768	0.00628	0.00698	0.01187
52	0.02609	0.03246	0.01984	0.01787	0.02158	0.68552	0.01347	0.06646	0.02054	0.01865	0.01114	0.01283	0.00916	0.00726	0.00633	0.00182	0.01230	0.00460	0.00379	0.00831
53	0.01515	0.01504	0.01957	0.01680	0.01769	0.05282	0.01383	0.01694	0.01154	0.01730	0.01055	0.01635	0.01014	0.01556	0.09501	0.00367	0.56095	0.00599	0.00325	0.08185
54	0.00850	0.00607	0.00810	0.00972	0.01012	0.00567	0.00648	0.00972	0.01336	0.01781	0.03846	0.75020	0.04615	0.02186	0.00891	0.00283	0.00405	0.01984	0.00648	0.00567
55	0.01891	0.01645	0.01637	0.01452	0.01858	0.06704	0.01132	0.07450	0.59246	0.04908	0.02646	0.02448	0.01977	0.00922	0.00703	0.00231	0.00616	0.00753	0.00689	0.01091
56	0.00857	0.00620	0.00811	0.00949	0.01010	0.00574	0.00641	0.00994	0.01390	0.01848	0.08033	0.66563	0.08902	0.02115	0.00883	0.00277	0.00397	0.01909	0.00655	0.00574
57	0.00863	0.00617	0.00821	0.00963	0.01015	0.00575	0.00649	0.01004	0.01395	0.01875	0.10024	0.68575	0.04797	0.02116	0.00884	0.00277	0.00398	0.01917	0.00659	0.00575
58	0.05417	0.01549	0.01792	0.01403	0.01930	0.01601	0.01151	0.30614	0.10450	0.33239	0.02254	0.02068	0.01516	0.00855	0.00692	0.00216	0.00660	0.00670	0.00762	0.01163
59	0.01412	0.03527	0.68602	0.02035	0.03050	0.01628	0.05753	0.02211	0.01482	0.02211	0.01260	0.01493	0.00892	0.00659	0.00671	0.00222	0.01038	0.00530	0.00297	0.01027
60	0.02653	0.01955	0.02094	0.01606	0.02164	0.02164	0.01326	0.68796	0.03281	0.04398	0.01675	0.01675	0.01187	0.00838	0.00698	0.00209	0.00768	0.00628	0.00698	0.01187
61	0.00872	0.00616	0.00803	0.00944	0.00979	0.00581	0.00618	0.00977	0.01293	0.01724	0.03627	0.65655	0.04339	0.11928	0.01244	0.00336	0.00441	0.01855	0.00618	0.00548
62	0.01517	0.01282	0.01484	0.01067	0.01683	0.01001	0.00856	0.05626	0.01553	0.02396	0.01265	0.01460	0.01042	0.00535	0.00527	0.00109	0.00531	0.00426	0.00430	0.75208
63	0.02231	0.05531	0.01838	0.01389	0.01860	0.01724	0.01129	0.36937	0.10538	0.10524	0.02130	0.10348	0.01744	0.00977	0.00692	0.00211	0.00653	0.00786	0.02936	0.05821
64	0.06618	0.35181	0.35205	0.01560	0.02348	0.02136	0.01815	0.04269	0.01489	0.02088	0.01124	0.01303	0.00891	0.00639	0.00555	0.00189	0.00867	0.00448	0.00318	0.00959
65	0.02072	0.04006	0.14020	0.01510	0.02106	0.01735	0.01397	0.35167	0.06692	0.05608	0.03631	0.06317	0.01543	0.00870	0.00680	0.00204	0.00730	0.00690	0.00588	0.10434

[dist]
# distance from previous block
# <min> <max>
3	7

[block]
# block no. 1 follows, 30 sequences, length 133
# corresponding to MSA columns:
# 134-266
name=unknown_B
#
# <colnr> <probs for GDERKNQSTAVLIFYWHMCP>
#	G	D	E	R	K	N	Q	S	T	A	V	L	I	F	Y	W	H	M	C	P
0	0.01755	0.01799	0.18098	0.01486	0.04578	0.01309	0.01361	0.15402	0.03992	0.11863	0.02731	0.12889	0.10936	0.01084	0.00719	0.00219	0.00674	0.00904	0.00574	0.07626
1	0.01590	0.01066	0.01320	0.01125	0.01486	0.01014	0.03695	0.02215	0.16481	0.15852	0.11849	0.07360	0.20536	0.03062	0.00818	0.00231	0.00501	0.01038	0.00678	0.08082
2	0.02352	0.01850	0.01921	0.05009	0.02145	0.06402	0.01265	0.51220	0.05613	0.03801	0.04976	0.02193	0.06222	0.00917	0.00708	0.00212	0.00751	0.00708	0.00658	0.01076
3	0.01529	0.01510	0.02261	0.25122	0.05794	0.06069	0.12157	0.05118	0.04008	0.02017	0.01610	0.11206	0.01484	0.00993	0.01062	0.00249	0.15773	0.00822	0.00397	0.00820
4	0.69377	0.01435	0.01177	0.01015	0.01465	0.01650	0.00837	0.11518	0.01484	0.03311	0.01071	0.01210	0.00817	0.00675	0.00470	0.00215	0.00572	0.00413	0.00470	0.00817
5	0.02609	0.03259	0.01983	0.01788	0.02158	0.69237	0.01347	0.06005	0.02041	0.01839	0.01108	0.01279	0.00913	0.00725	0.00633	0.00181	0.01235	0.00458	0.00376	0.00827
6	0.01318	0.01240	0.02093	0.73798	0.04806	0.01550	0.01938	0.01783	0.01395	0.01783	0.01240	0.01860	0.00930	0.00698	0.00698	0.00233	0.00930	0.00620	0.00310	0.00775
7	0.02607	0.03326	0.01978	0.01798	0.02157	0.72674	0.01348	0.02787	0.01978	0.01708	0.01079	0.01258	0.00899	0.00719	0.00629	0.00180	0.01258	0.00449	0.00360	0.00809
8	0.01444	0.01369	0.02320	0.52427	0.25195	0.01583	0.02001	0.01893	0.01455	0.01936	0.01263	0.01819	0.00984	0.00674	0.00696	0.00225	0.00899	0.00621	0.00321	0.00877
9	0.01301	0.00650	0.00650	0.00650	0.00813	0.00650	0.00488	0.01626	0.01463	0.02602	0.02276	0.02602	0.01789	0.00813	0.00488	0.00163	0.00325	0.00650	0.79350	0.00650
10	0.02096	0.01428	0.01653	0.01266	0.01808	0.01352	0.01025	0.22701	0.05429	0.15147	0.01819	0.04026	0.01389	0.00903	0.02995	0.00201	0.00650	0.00608	0.00601	0.32905
11	0.00973	0.00706	0.00917	0.00877	0.01037	0.00650	0.00653	0.01283	0.01921	0.02701	0.64184	0.09638	0.08866	0.01487	0.00827	0.00224	0.00335	0.01315	0.00756	0.00650
12	0.01482	0.01264	0.01493	0.03776	0.01789	0.00995	0.00885	0.03992	0.01506	0.02326	0.01255	0.01470	0.01035	0.00534	0.00530	0.00112	0.00541	0.00428	0.00419	0.74169
13	0.80405	0.01350	0.01026	0.00918	0.01350	0.01565	0.00756	0.02051	0.01188	0.03131	0.00972	0.01134	0.00756	0.00648	0.00432	0.00216	0.00540	0.00378	0.00432	0.00756
14	0.01012	0.00849	0.00900	0.00884	0.01137	0.00804	0.00683	0.01512	0.13154	0.02123	0.09302	0.06040	0.50431	0.01625	0.00817	0.00242	0.00410	0.06726	0.00664	0.00684
15	0.00863	0.00623	0.00802	0.00934	0.00992	0.00578	0.00624	0.00987	0.01356	0.01794	0.06052	0.62847	0.10006	0.06715	0.01050	0.00302	0.00415	0.01859	0.00637	0.00562
16	0.00975	0.00721	0.01050	0.01075	0.01179	0.00812	0.00809	0.01188	0.01149	0.01629	0.02203	0.14305	0.02249	0.09147	0.57005	0.00961	0.01563	0.00960	0.00420	0.00602
17	0.02607	0.03326	0.01978	0.01798	0.02157	0.72674	0.01348	0.02787	0.01978	0.01708	0.01079	0.01258	0.00899	0.00719	0.00629	0.00180	0.01258	0.00449	0.00360	0.00809
18	0.01780	0.01521	0.01603	0.01429	0.01832	0.01757	0.01115	0.06881	0.66616	0.02991	0.02783	0.02558	0.02084	0.00941	0.00709	0.00235	0.00563	0.00781	0.00709	0.01109
19	0.02607	0.03326	0.01978	0.01798	0.02157	0.72674	0.01348	0.02787	0.01978	0.01708	0.01079	0.01258	0.00899	0.00719	0.00629	0.00180	0.01258	0.00449	0.00360	0.00809
20	0.01736	0.01499	0.01578	0.01420	0.01815	0.01736	0.01105	0.03708	0.69862	0.02919	0.02840	0.02604	0.02130	0.00947	0.00710	0.00237	0.00552	0.00789	0.00710	0.01105
21	0.00916	0.00668	0.00847	0.00911	0.01018	0.00619	0.00646	0.01109	0.01549	0.02081	0.23958	0.36078	0.13648	0.07577	0.01073	0.00291	0.00411	0.05346	0.00666	0.00590
22	0.01400	0.03610	0.71860	0.01989	0.03020	0.01621	0.02578	0.02210	0.01473	0.02210	0.01252	0.01473	0.00884	0.00663	0.00663	0.00221	0.01031	0.00516	0.00295	0.01031
23	0.19833	0.04001	0.01871	0.03497	0.02020	0.01948	0.01192	0.45246	0.02612	0.08900	0.01565	0.01595	0.01115	0.00786	0.00632	0.00210	0.00709	0.00570	0.00628	0.01071
24	0.01012	0.00688	0.00820	0.00820	0.00840	0.00709	0.00496	0.01053	0.01032	0.01397	0.02145	0.04268	0.02408	0.64000	0.14851	0.00749	0.00871	0.00971	0.00415	0.00456
25	0.01532	0.03488	0.02258	0.08616	0.04814	0.07183	0.10554	0.01848	0.02964	0.01807	0.01262	0.01829	0.01122	0.01730	0.14423	0.00418	0.32372	0.00652	0.00340	0.00791
26	0.06789	0.01615	0.06214	0.01754	0.11012	0.04012	0.01313	0.11604	0.07882	0.37246	0.02180	0.02055	0.01475	0.00806	0.00681	0.00215	0.00693	0.00651	0.00684	0.01123
27	0.00849	0.00612	0.00805	0.00959	0.01009	0.00568	0.00642	0.00973	0.01348	0.01786	0.04003	0.71690	0.07844	0.02166	0.00887	0.00281	0.00402	0.01959	0.00648	0.00568
28	0.01804	0.68315	0.08399	0.01248	0.01860	0.02619	0.01281	0.02070	0.01412	0.01681	0.01020	0.01198	0.00923	0.00754	0.02834	0.00186	0.00803	0.00396	0.00301	0.00896
29	0.01702	0.01632	0.02786	0.08634	0.66972	0.01651	0.02129	0.02119	0.01577	0.02249	0.01308	0.01735	0.01094	0.00627	0.00691	0.00209	0.00835	0.00622	0.00343	0.01085
30	0.01608	0.01755	0.03613	0.02857	0.10846	0.01664	0.52142	0.02127	0.01597	0.02207	0.01472	0.04768	0.01201	0.00672	0.00838	0.00228	0.03353	0.00815	0.00366	0.05870
31	0.09447	0.03904	0.04190	0.01600	0.04172	0.04345	0.01306	0.47343	0.05637	0.08708	0.01676	0.01683	0.01198	0.00805	0.00665	0.00209	0.00752	0.00602	0.00641	0.01117
32	0.00850	0.00607	0.00810	0.00972	0.01012	0.00567	0.00648	0.00972	0.01336	0.01781	0.03846	0.75020	0.04615	0.02186	0.00891	0.00283	0.00405	0.01984	0.00648	0.00567
33	0.00863	0.00617	0.00825	0.00987	0.01033	0.00578	0.00671	0.00995	0.01349	0.01796	0.03839	0.71772	0.04586	0.02174	0.00894	0.00285	0.00416	0.05101	0.00648	0.00570
34	0.01685	0.01699	0.05310	0.09308	0.63751	0.01649	0.02143	0.02118	0.01570	0.02241	0.01305	0.01728	0.01084	0.00629	0.00690	0.00210	0.00844	0.00618	0.00341	0.01078
35	0.02577	0.01708	0.12949	0.01777	0.09082	0.01311	0.04698	0.07264	0.03709	0.44180	0.02239	0.02105	0.01475	0.00795	0.00700	0.00217	0.00725	0.00668	0.00682	0.01140
36	0.01400	0.03610	0.71860	0.01989	0.03020	0.01621	0.02578	0.02210	0.01473	0.02210	0.01252	0.01473	0.00884	0.00663	0.00663	0.00221	0.01031	0.00516	0.00295	0.01031
37	0.03059	0.01204	0.01617	0.01251	0.01783	0.01062	0.01030	0.03417	0.05493	0.68068	0.02758	0.02387	0.01748	0.00868	0.00702	0.00217	0.00592	0.00706	0.00856	0.01183
38	0.01859	0.01833	0.04227	0.08432	0.48101	0.10371	0.03858	0.02251	0.01647	0.06201	0.01442	0.01916	0.01193	0.00696	0.00696	0.00211	0.00884	0.02767	0.00384	0.01029
39	0.01727	0.01658	0.02832	0.04283	0.71123	0.01658	0.02142	0.02142	0.01589	0.02280	0.01313	0.01727	0.01105	0.00622	0.00691	0.00207	0.00829	0.00622	0.00345	0.01105
40	0.00830	0.00707	0.00714	0.00712	0.00946	0.00591	0.00534	0.01011	0.01602	0.01912	0.08975	0.06671	0.68916	0.01757	0.00825	0.00235	0.00353	0.01466	0.00652	0.00591
41	0.01212	0.00606	0.00909	0.00909	0.00909	0.00606	0.00606	0.00909	0.00909	0.01212	0.01212	0.02121	0.01212	0.02424	0.02727	0.79697	0.00606	0.00606	0.00303	0.00303
42	0.01670	0.41123	0.34797	0.01572	0.02362	0.03902	0.01831	0.02161	0.01457	0.01903	0.01102	0.01284	0.00890	0.00630	0.00550	0.00183	0.00889	0.00440	0.00298	0.00956
43	0.01866	0.75896	0.03657	0.01194	0.01791	0.02761	0.01194	0.02090	0.01418	0.01642	0.00970	0.01119	0.00896	0.00597	0.00448	0.00149	0.00746	0.00373	0.00299	0.00896
44	0.00825	0.00707	0.00707	0.00707	0.00943	0.00589	0.00530	0.01001	0.01591	0.01885	0.07069	0.06716	0.70839	0.01767	0.00825	0.00236	0.00353	0.01473	0.00648	0.00589
45	0.01385	0.01365	0.02250	0.07218	0.02253	0.01662	0.15163	0.01663	0.01247	0.01802	0.01482	0.09052	0.01442	0.01783	0.12887	0.00413	0.35003	0.00812	0.00360	0.00759
46	0.02433	0.02022	0.01959	0.01587	0.02082	0.10970	0.01277	0.45291	0.18632	0.03714	0.01871	0.01839	0.01370	0.00848	0.00692	0.00212	0.00780	0.00643	0.00658	0.01120
47	0.80405	0.01350	0.01026	0.00918	0.01350	0.01565	0.00756	0.02051	0.01188	0.03131	0.00972	0.01134	0.00756	0.00648	0.00432	0.00216	0.00540	0.00378	0.00432	0.00756
48	0.01636	0.01708	0.07025	0.16079	0.55471	0.01637	0.02134	0.02084	0.01548	0.02190	0.01296	0.01734	0.01061	0.00637	0.00690	0.00212	0.00859	0.00615	0.00336	0.01044
49	0.02516	0.01053	0.01412	0.01128	0.01567	0.00918	0.00914	0.02794	0.01967	0.52149	0.17940	0.03269	0.07118	0.01044	0.00736	0.00218	0.00521	0.00873	0.00829	0.01034
50	0.01115	0.04354	0.24506	0.01285	0.01716	0.01026	0.01311	0.01539	0.01601	0.02262	0.25505	0.24372	0.03910	0.01367	0.00776	0.00236	0.00599	0.01195	0.00559	0.00764
51	0.01432	0.03404	0.64263	0.02179	0.07313	0.01630	0.05744	0.02207	0.01489	0.02216	0.01264	0.01509	0.00906	0.00657	0.00672	0.00221	0.01026	0.00537	0.00301	0.01032
52	0.01814	0.67875	0.11224	0.01282	0.01927	0.02635	0.01348	0.02103	0.01424	0.01705	0.01001	0.01159	0.00894	0.00604	0.00472	0.00157	0.00778	0.00389	0.00298	0.00911
53	0.04524	0.01589	0.01628	0.01302	0.01747	0.04206	0.01054	0.40839	0.04449	0.03618	0.01793	0.01895	0.01336	0.00803	0.00622	0.00190	0.00642	0.00611	0.21002	0.06150
54	0.02767	0.01678	0.01912	0.01476	0.02020	0.01765	0.01216	0.43927	0.06101	0.26623	0.02090	0.01953	0.01412	0.00852	0.00700	0.00213	0.00700	0.00660	0.00754	0.01183
55	0.01074	0.00719	0.00946	0.00913	0.01075	0.00661	0.00675	0.01363	0.01862	0.06161	0.55311	0.17524	0.05983	0.01533	0.00829	0.00231	0.00356	0.01362	0.00752	0.00669
56	0.00850	0.00607	0.00810	0.00972	0.01012	0.00567	0.00648	0.00972	0.01336	0.01781	0.03846	0.75020	0.04615	0.02186	0.00891	0.00283	0.00405	0.01984	0.00648	0.00567
57	0.04610	0.01526	0.01673	0.01370	0.01792	0.01640	0.01094	0.44033	0.02596	0.06335	0.02198	0.18223	0.01988	0.01126	0.00719	0.00222	0.00646	0.00923	0.04026	0.03261
58	0.01318	0.01240	0.02093	0.73798	0.04806	0.01550	0.01938	0.01783	0.01395	0.01783	0.01240	0.01860	0.00930	0.00698	0.00698	0.00233	0.00930	0.00620	0.00310	0.00775
59	0.01014	0.00678	0.00767	0.00765	0.00770	0.00676	0.00431	0.01025	0.01046	0.01400	0.04448	0.04588	0.02670	0.73046	0.03462	0.00662	0.00665	0.01023	0.00434	0.00431
60	0.00855	0.00615	0.00811	0.00958	0.01011	0.00572	0.00644	0.00987	0.01372	0.01828	0.06811	0.69584	0.07088	0.02139	0.00885	0.00279	0.00400	0.01935	0.00653	0.00572
61	0.00915	0.00663	0.00864	0.00913	0.01023	0.00612	0.00647	0.01139	0.01657	0.02276	0.36232	0.37886	0.08975	0.01799	0.00855	0.00250	0.00366	0.01610	0.00706	0.00612
62	0.00832	0.00707	0.00717	0.00714	0.00947	0.00592	0.00536	0.01015	0.01607	0.01924	0.09781	0.06652	0.68104	0.01753	0.00825	0.00235	0.00352	0.01464	0.00653	0.00592
63	0.02653	0.01955	0.02094	0.01606	0.02164	0.02164	0.01326	0.68796	0.03281	0.04398	0.01675	0.01675	0.01187	0.00838	0.00698	0.00209	0.00768	0.00628	0.00698	0.01187
64	0.01015	0.00677	0.00761	0.00761	0.00761	0.00677	0.00423	0.01015	0.01015	0.01353	0.02199	0.04567	0.02537	0.75476	0.03552	0.00677	0.00677	0.01015	0.00423	0.00423
65	0.03131	0.01188	0.01619	0.01242	0.01781	0.01026	0.01026	0.03401	0.01997	0.71606	0.02753	0.02375	0.01727	0.00864	0.00702	0.00216	0.00594	0.00702	0.00864	0.01188
66	0.01866	0.75896	0.03657	0.01194	0.01791	0.02761	0.01194	0.02090	0.01418	0.01642	0.00970	0.01119	0.00896	0.00597	0.00448	0.00149	0.00746	0.00373	0.00299	0.00896
67	0.00850	0.00607	0.00810	0.00972	0.01012	0.00567	0.00648	0.00972	0.01336	0.01781	0.03846	0.75020	0.04615	0.02186	0.00891	0.00283	0.00405	0.01984	0.00648	0.00567
68	0.01727	0.01658	0.02832	0.04283	0.71123	0.01658	0.02142	0.02142	0.01589	0.02280	0.01313	0.01727	0.01105	0.00622	0.00691	0.00207	0.00829	0.00622	0.00345	0.01105
69	0.01836	0.01794	0.02735	0.03973	0.62770	0.06849	0.02044	0.05413	0.01699	0.02341	0.01313	0.01691	0.01094	0.00639	0.00687	0.00205	0.00857	0.00610	0.00364	0.01088
70	0.01205	0.00609	0.00903	0.00903	0.00903	0.00609	0.00599	0.00913	0.00913	0.01218	0.01250	0.02215	0.01263	0.05225	0.02759	0.76667	0.00609	0.00622	0.00308	0.00308
71	0.02350	0.02054	0.01977	0.06216	0.05553	0.16091	0.01338	0.39642	0.06574	0.03355	0.01797	0.01876	0.03738	0.00834	0.00682	0.00206	0.00837	0.00633	0.03209	0.01037
72	0.01015	0.00677	0.00761	0.00761	0.00761	0.00677	0.00423	0.01015	0.01015	0.01353	0.02199	0.04567	0.02537	0.75476	0.03552	0.00677	0.00677	0.01015	0.00423	0.00423
73	0.01454	0.01436	0.01918	0.11584	0.02142	0.05909	0.01441	0.01671	0.01177	0.01683	0.01161	0.01801	0.01083	0.01926	0.16115	0.00452	0.45353	0.00630	0.00323	0.00739
74	0.00997	0.00748	0.01121	0.01121	0.01246	0.00872	0.00872	0.01246	0.01121	0.01620	0.01869	0.02741	0.01745	0.05234	0.72710	0.01121	0.01869	0.00748	0.00374	0.00623
75	0.01363	0.00758	0.01026	0.00978	0.01048	0.00779	0.00682	0.08474	0.01211	0.01645	0.01401	0.04635	0.01353	0.02171	0.02343	0.64722	0.00605	0.00658	0.03724	0.00425
76	0.01012	0.00680	0.00778	0.00773	0.00789	0.00675	0.00446	0.01045	0.01110	0.01497	0.09003	0.04631	0.02939	0.68126	0.03281	0.00631	0.00642	0.01039	0.00457	0.00446
77	0.03131	0.01188	0.01619	0.01242	0.01781	0.01026	0.01026	0.03401	0.01997	0.71606	0.02753	0.02375	0.01727	0.00864	0.00702	0.00216	0.00594	0.00702	0.00864	0.01188
78	0.01013	0.00679	0.00772	0.00768	0.00779	0.00675	0.00438	0.01034	0.01075	0.01444	0.06489	0.04607	0.02790	0.70842	0.03381	0.00648	0.00655	0.01030	0.00444	0.00438
79	0.01447	0.01240	0.01447	0.01034	0.01654	0.00930	0.00827	0.01757	0.01447	0.02274	0.01240	0.01447	0.01034	0.00517	0.00517	0.00103	0.00517	0.00413	0.00413	0.79742
80	0.10979	0.01186	0.01533	0.01195	0.01709	0.01067	0.00984	0.03184	0.01913	0.62006	0.05115	0.02354	0.01809	0.00863	0.00679	0.00216	0.00578	0.00689	0.00816	0.01123
81	0.00860	0.00613	0.00813	0.00962	0.01006	0.00573	0.00642	0.00986	0.01351	0.01808	0.06364	0.70326	0.04631	0.04256	0.00964	0.00292	0.00410	0.01928	0.00646	0.00566
82	0.01074	0.00757	0.00968	0.00932	0.01117	0.00708	0.00715	0.01430	0.03986	0.04876	0.52122	0.07854	0.11862	0.01497	0.00831	0.00233	0.00378	0.07239	0.00743	0.00679
83	0.00860	0.00611	0.00807	0.00959	0.00997	0.00573	0.00635	0.00974	0.01317	0.01756	0.03750	0.70896	0.04494	0.06476	0.01046	0.00306	0.00421	0.01927	0.00635	0.00558
84	0.01888	0.67631	0.07065	0.01273	0.01877	0.07078	0.01275	0.02139	0.01456	0.01675	0.00991	0.01146	0.00895	0.00608	0.00470	0.00155	0.00793	0.00385	0.00302	0.00897
85	0.01447	0.01240	0.01447	0.01034	0.01654	0.00930	0.00827	0.01757	0.01447	0.02274	0.01240	0.01447	0.01034	0.00517	0.00517	0.00103	0.00517	0.00413	0.00413	0.79742
86	0.01534	0.01238	0.01456	0.01044	0.01660	0.00935	0.00837	0.01842	0.01475	0.05845	0.01318	0.01495	0.01069	0.00535	0.00526	0.00109	0.00521	0.00428	0.00437	0.75696
87	0.02951	0.01148	0.01562	0.01211	0.01719	0.00995	0.00995	0.03226	0.01995	0.65835	0.08456	0.02613	0.02135	0.00911	0.00712	0.00216	0.00572	0.00749	0.00856	0.01143
88	0.01871	0.01519	0.01628	0.01434	0.01844	0.01730	0.01134	0.12541	0.55533	0.04977	0.02719	0.02724	0.02081	0.00977	0.00720	0.00236	0.00587	0.03939	0.00709	0.01096
89	0.00894	0.00646	0.00848	0.00947	0.01033	0.00600	0.00663	0.01079	0.01521	0.02056	0.20995	0.51469	0.08296	0.01963	0.00873	0.00266	0.00392	0.04187	0.00678	0.00594
90	0.01144	0.00780	0.00987	0.00912	0.01117	0.00727	0.00692	0.01535	0.05227	0.07030	0.57623	0.05041	0.11706	0.01398	0.00810	0.00222	0.00359	0.01223	0.00761	0.00707
91	0.08898	0.28054	0.14875	0.01513	0.02092	0.21853	0.01445	0.05630	0.05937	0.02105	0.01202	0.01342	0.00974	0.00681	0.00564	0.00185	0.00911	0.00459	0.00372	0.00910
92	0.00849	0.00612	0.00804	0.00958	0.01009	0.00568	0.00642	0.00973	0.01349	0.01787	0.04012	0.71502	0.08026	0.02165	0.00887	0.00281	0.00402	0.01957	0.00648	0.00568
93	0.01700	0.01600	0.02680	0.10098	0.60478	0.01634	0.02059	0.04306	0.01629	0.02300	0.01408	0.01967	0.01202	0.00684	0.00702	0.00214	0.00829	0.03084	0.00365	0.01062
94	0.01554	0.01267	0.01479	0.01064	0.01679	0.00983	0.00854	0.04511	0.01540	0.04777	0.01311	0.01489	0.01064	0.00542	0.00531	0.00112	0.00530	0.00432	0.00441	0.73842
95	0.03131	0.01188	0.01619	0.01242	0.01781	0.01026	0.01026	0.03401	0.01997	0.71606	0.02753	0.02375	0.01727	0.00864	0.00702	0.00216	0.00594	0.00702	0.00864	0.01188
96	0.02616	0.01887	0.02039	0.01573	0.02116	0.02075	0.01295	0.64407	0.03176	0.06744	0.01779	0.03896	0.01309	0.00879	0.00704	0.00212	0.00751	0.00671	0.00703	0.01168
97	0.01562	0.02157	0.17462	0.02706	0.05980	0.01673	0.49520	0.02165	0.01595	0.02210	0.01495	0.05360	0.01199	0.00682	0.00790	0.00234	0.01096	0.00811	0.00355	0.00947
98	0.01191	0.00647	0.00875	0.00873	0.00946	0.00667	0.00622	0.01182	0.01138	0.01725	0.04048	0.02471	0.01653	0.02433	0.14280	0.41052	0.00739	0.00666	0.22323	0.00468
99	0.01001	0.00671	0.00765	0.00779	0.00782	0.00667	0.00442	0.01011	0.01042	0.01389	0.02338	0.10543	0.02713	0.69258	0.03326	0.00643	0.00653	0.01097	0.00442	0.00435
100	0.02363	0.01867	0.01927	0.01555	0.02054	0.04866	0.01258	0.45701	0.24138	0.03825	0.02017	0.01950	0.01471	0.00867	0.00699	0.00217	0.00720	0.00672	0.00688	0.01146
101	0.01666	0.01221	0.01400	0.01203	0.01544	0.01238	0.00931	0.25153	0.04431	0.04820	0.11976	0.24264	0.05161	0.01316	0.00755	0.00222	0.00544	0.01128	0.00662	0.10364
102	0.01603	0.02962	0.50289	0.02183	0.08045	0.01564	0.10430	0.02296	0.01563	0.08585	0.03059	0.01713	0.01134	0.00687	0.00692	0.00221	0.00977	0.00596	0.00369	0.01031
103	0.01400	0.03610	0.71860	0.01989	0.03020	0.01621	0.02578	0.02210	0.01473	0.02210	0.01252	0.01473	0.00884	0.00663	0.00663	0.00221	0.01031	0.00516	0.00295	0.01031
104	0.03059	0.01204	0.01617	0.01251	0.01783	0.01062	0.01030	0.03417	0.05493	0.68068	0.02758	0.02387	0.01748	0.00868	0.00702	0.00217	0.00592	0.00706	0.00856	0.01183
105	0.01447	0.09270	0.63566	0.01966	0.02949	0.01717	0.05279	0.02201	0.01476	0.02166	0.01237	0.01463	0.00892	0.00655	0.00653	0.00216	0.01015	0.00517	0.00297	0.01017
106	0.02607	0.01919	0.02057	0.01582	0.02125	0.02122	0.01301	0.66894	0.03217	0.04312	0.01690	0.01757	0.01225	0.02932	0.00778	0.00223	0.00765	0.00639	0.00690	0.01165
107	0.00931	0.00669	0.00882	0.00917	0.01030	0.00620	0.00654	0.01174	0.01710	0.02377	0.43007	0.34162	0.05768	0.01742	0.00851	0.00246	0.00361	0.01561	0.00718	0.00620
108	0.02471	0.01845	0.01980	0.01557	0.02075	0.02047	0.01272	0.58425	0.10853	0.04116	0.01902	0.04905	0.01441	0.00908	0.00708	0.00216	0.00728	0.00704	0.00697	0.01151
109	0.02650	0.01317	0.01670	0.05510	0.01982	0.01300	0.01115	0.10451	0.14600	0.45428	0.04668	0.02399	0.01847	0.00884	0.00706	0.00220	0.00617	0.00722	0.00782	0.01132
110	0.03009	0.01194	0.01604	0.01238	0.01760	0.01052	0.01019	0.05807	0.02045	0.65701	0.06001	0.02486	0.01942	0.00890	0.00707	0.00216	0.00588	0.00726	0.00853	0.01162
111	0.01265	0.00651	0.00664	0.00669	0.00816	0.00649	0.00489	0.01561	0.01428	0.02487	0.02326	0.05263	0.01939	0.06018	0.00713	0.00202	0.00352	0.00722	0.71153	0.00632
112	0.05693	0.03094	0.01989	0.01881	0.05677	0.62719	0.01364	0.05942	0.01989	0.01926	0.01115	0.01298	0.00918	0.00717	0.00628	0.00184	0.01183	0.00464	0.00378	0.00841
113	0.01538	0.23447	0.50353	0.01808	0.02707	0.01941	0.04852	0.02178	0.01465	0.02055	0.01181	0.01392	0.00894	0.00642	0.00610	0.00202	0.00959	0.00489	0.00298	0.00990
114	0.01212	0.00606	0.00909	0.00909	0.00909	0.00606	0.00606	0.00909	0.00909	0.01212	0.01212	0.02121	0.01212	0.02424	0.02727	0.79697	0.00606	0.00606	0.00303	0.00303
115	0.01318	0.01240	0.02093	0.73798	0.04806	0.01550	0.01938	0.01783	0.01395	0.01783	0.01240	0.01860	0.00930	0.00698	0.00698	0.00233	0.00930	0.00620	0.00310	0.00775
116	0.07797	0.09933	0.02090	0.01590	0.02040	0.33343	0.01276	0.25715	0.02309	0.02754	0.01370	0.01635	0.01109	0.00790	0.00634	0.00195	0.00962	0.03029	0.00488	0.00940
117	0.02395	0.01791	0.02028	0.01765	0.07358	0.01959	0.01353	0.55738	0.02947	0.03955	0.01889	0.04159	0.01529	0.00956	0.00727	0.00221	0.00752	0.06697	0.00665	0.01114
118	0.02267	0.11497	0.02209	0.01729	0.08305	0.07337	0.01307	0.38426	0.08665	0.03359	0.01821	0.01870	0.03656	0.00819	0.00658	0.00201	0.00758	0.00626	0.03425	0.01066
119	0.01468	0.01081	0.01260	0.01178	0.01411	0.01129	0.00881	0.22158	0.05330	0.02769	0.11172	0.40399	0.03670	0.01617	0.00814	0.00251	0.00515	0.01419	0.00681	0.00796
120	0.01736	0.01499	0.01578	0.01420	0.01815	0.01736	0.01105	0.03708	0.69862	0.02919	0.02840	0.02604	0.02130	0.00947	0.00710	0.00237	0.00552	0.00789	0.00710	0.01105
121	0.02793	0.01327	0.01657	0.01314	0.01826	0.01285	0.01071	0.09848	0.16270	0.50727	0.02666	0.02354	0.01759	0.00878	0.00703	0.00220	0.00602	0.00713	0.00816	0.01170
122	0.09838	0.65632	0.03316	0.01168	0.01746	0.02577	0.01144	0.02134	0.01416	0.04358	0.01036	0.01167	0.00912	0.00612	0.00455	0.00158	0.00720	0.00386	0.00333	0.00892
123	0.00964	0.00712	0.00900	0.00853	0.01028	0.00648	0.00640	0.01271	0.01920	0.02666	0.61521	0.05431	0.15900	0.01476	0.00823	0.00222	0.00333	0.01293	0.00751	0.00648
124	0.01447	0.01240	0.01447	0.01034	0.01654	0.00930	0.00827	0.01757	0.01447	0.02274	0.01240	0.01447	0.01034	0.00517	0.00517	0.00103	0.00517	0.00413	0.00413	0.79742
125	0.01014	0.00680	0.00779	0.00779	0.00785	0.00686	0.00445	0.01026	0.01020	0.01366	0.02183	0.04478	0.02498	0.72051	0.06924	0.00698	0.00735	0.01002	0.00420	0.00433
126	0.01015	0.00677	0.00761	0.00761	0.00761	0.00677	0.00423	0.01015	0.01015	0.01353	0.02199	0.04567	0.02537	0.75476	0.03552	0.00677	0.00677	0.01015	0.00423	0.00423
127	0.00850	0.00607	0.00810	0.00972	0.01012	0.00567	0.00648	0.00972	0.01336	0.01781	0.03846	0.75020	0.04615	0.02186	0.00891	0.00283	0.00405	0.01984	0.00648	0.00567
128	0.00981	0.00708	0.00927	0.00882	0.01041	0.00654	0.00658	0.01300	0.01944	0.02749	0.67492	0.08616	0.06488	0.01464	0.00826	0.00223	0.00333	0.01297	0.00762	0.00654
129	0.02142	0.01621	0.01790	0.01443	0.01901	0.01784	0.03075	0.39850	0.18437	0.03653	0.04626	0.02317	0.04453	0.00911	0.00693	0.00213	0.00653	0.00730	0.08644	0.01064
130	0.00886	0.00738	0.00777	0.00762	0.00992	0.00644	0.00573	0.01155	0.04209	0.02075	0.17485	0.06312	0.57599	0.01680	0.00820	0.00233	0.00357	0.01412	0.00670	0.00620
131	0.16991	0.25598	0.02284	0.01254	0.01797	0.01964	0.01103	0.18542	0.01969	0.19944	0.01583	0.01568	0.01146	0.00731	0.00568	0.00193	0.00675	0.00517	0.00560	0.01012
132	0.02424	0.01852	0.02120	0.01610	0.02179	0.01981	0.05176	0.55032	0.04888	0.03976	0.01642	0.01687	0.01188	0.00788	0.00684	0.00199	0.00755	0.00619	0.00644	0.10557

[dist]
# distance from previous block
# <min> <max>
0	1

[block]
# block no. 2 follows, 30 sequences, length 17
# corresponding to MSA columns:
# 268-284
name=unknown_C
#
# <colnr> <probs for GDERKNQSTAVLIFYWHMCP>
#	G	D	E	R	K	N	Q	S	T	A	V	L	I	F	Y	W	H	M	C	P
0	0.02324	0.23651	0.02489	0.01722	0.04624	0.47668	0.01341	0.02524	0.01771	0.01710	0.01051	0.01247	0.00906	0.00700	0.00643	0.00177	0.03829	0.00440	0.00340	0.00843
1	0.02653	0.01955	0.02094	0.01606	0.02164	0.02164	0.01326	0.68796	0.03281	0.04398	0.01675	0.01675	0.01187	0.00838	0.00698	0.00209	0.00768	0.00628	0.00698	0.01187
2	0.01626	0.01310	0.01920	0.11356	0.07878	0.01495	0.06274	0.08865	0.01634	0.07701	0.05958	0.02513	0.07463	0.01280	0.05859	0.00298	0.18586	0.00761	0.06378	0.00846
3	0.02678	0.01145	0.01516	0.01194	0.01662	0.01029	0.00973	0.07318	0.02078	0.53650	0.16033	0.02886	0.02645	0.00973	0.00725	0.00216	0.00553	0.00807	0.00834	0.01084
4	0.02005	0.01543	0.01705	0.05252	0.02034	0.01744	0.01183	0.15679	0.47997	0.09088	0.02532	0.02372	0.01857	0.00906	0.00706	0.00230	0.00616	0.00743	0.00700	0.01110
5	0.00882	0.00692	0.00797	0.00807	0.00987	0.00608	0.00592	0.01098	0.01671	0.02162	0.27046	0.17934	0.38780	0.01729	0.00835	0.00239	0.00354	0.01492	0.00687	0.00608
6	0.01375	0.01298	0.02196	0.64133	0.14027	0.01565	0.01966	0.01833	0.01422	0.01852	0.01250	0.01842	0.00955	0.00687	0.00697	0.00229	0.00916	0.00620	0.00315	0.00821
7	0.01520	0.01530	0.01970	0.01713	0.01764	0.06032	0.01402	0.01678	0.01163	0.01716	0.01224	0.08646	0.01279	0.01256	0.01983	0.00287	0.59701	0.00726	0.00346	0.04063
8	0.00848	0.00616	0.00800	0.00948	0.01006	0.00569	0.00637	0.00974	0.01359	0.01791	0.04140	0.68793	0.10653	0.02148	0.00885	0.00279	0.00400	0.01937	0.00648	0.00569
9	0.01656	0.01631	0.02349	0.19796	0.39163	0.08174	0.01835	0.02157	0.06127	0.02194	0.06821	0.02046	0.01543	0.00733	0.00698	0.00213	0.00835	0.00667	0.00396	0.00966
10	0.01741	0.48946	0.26246	0.01483	0.02214	0.05211	0.01660	0.02158	0.01459	0.01833	0.01068	0.01243	0.00892	0.00624	0.00527	0.00174	0.00862	0.00424	0.00300	0.00937
11	0.01116	0.00626	0.00886	0.00910	0.00924	0.00629	0.00602	0.00956	0.01000	0.01342	0.01782	0.12943	0.01935	0.13706	0.07221	0.51121	0.00672	0.00874	0.00375	0.00380
12	0.01436	0.09279	0.66511	0.01927	0.02924	0.01710	0.02470	0.02201	0.01469	0.02165	0.01230	0.01446	0.00885	0.00658	0.00646	0.00215	0.01009	0.00504	0.00295	0.01021
13	0.02615	0.04812	0.01702	0.01283	0.01774	0.01322	0.01051	0.08208	0.16410	0.44692	0.06586	0.02477	0.02017	0.00900	0.00698	0.00217	0.00590	0.00732	0.00786	0.01125
14	0.01301	0.00650	0.00650	0.00650	0.00813	0.00650	0.00488	0.01626	0.01463	0.02602	0.02276	0.02602	0.01789	0.00813	0.00488	0.00163	0.00325	0.00650	0.79350	0.00650
15	0.01592	0.01824	0.05815	0.14109	0.06997	0.01722	0.52954	0.02159	0.01599	0.02166	0.01375	0.01859	0.01035	0.00609	0.00793	0.00233	0.01117	0.00773	0.00344	0.00926
16	0.29591	0.05947	0.03461	0.04192	0.07430	0.14185	0.04780	0.12964	0.03783	0.02757	0.01222	0.01421	0.00958	0.00718	0.00652	0.00210	0.03887	0.00506	0.00440	0.00897

[dist]
# distance from previous block
# <min> <max>
0	1

[block]
# block no. 3 follows, 30 sequences, length 64
# corresponding to MSA columns:
# 286-349
name=unknown_D
#
# <colnr> <probs for GDERKNQSTAVLIFYWHMCP>
#	G	D	E	R	K	N	Q	S	T	A	V	L	I	F	Y	W	H	M	C	P
0	0.06126	0.35336	0.09201	0.01495	0.02035	0.28464	0.01364	0.05190	0.01698	0.01912	0.01067	0.01228	0.00901	0.00661	0.00545	0.00173	0.00953	0.00426	0.00345	0.00881
1	0.41339	0.03818	0.01423	0.01167	0.01513	0.01595	0.00962	0.08461	0.01474	0.06970	0.05602	0.01726	0.01343	0.01240	0.07525	0.00311	0.11697	0.00547	0.00476	0.00811
2	0.01678	0.08243	0.05758	0.02462	0.06345	0.06597	0.36603	0.02102	0.01509	0.02021	0.01301	0.03642	0.01096	0.00779	0.01079	0.00238	0.16586	0.00725	0.00344	0.00892
3	0.01723	0.01669	0.02898	0.04215	0.67690	0.01663	0.05522	0.02146	0.01592	0.02278	0.01318	0.01735	0.01103	0.00620	0.00698	0.00209	0.00847	0.00632	0.00346	0.01097
4	0.00901	0.00666	0.00845	0.00916	0.01032	0.00610	0.00656	0.01103	0.01581	0.02113	0.24010	0.39499	0.16290	0.01879	0.00864	0.00259	0.00387	0.05105	0.00683	0.00601
5	0.00856	0.00610	0.00808	0.00964	0.01003	0.00571	0.00640	0.00973	0.01324	0.01766	0.03786	0.72438	0.04539	0.04872	0.00988	0.00298	0.00415	0.01948	0.00640	0.00562
6	0.01015	0.00677	0.00761	0.00761	0.00761	0.00677	0.00423	0.01015	0.01015	0.01353	0.02199	0.04567	0.02537	0.75476	0.03552	0.00677	0.00677	0.01015	0.00423	0.00423
7	0.76141	0.01341	0.01058	0.00936	0.01373	0.01536	0.00771	0.02126	0.01232	0.06910	0.01070	0.01202	0.00809	0.00660	0.00447	0.00216	0.00543	0.00396	0.00456	0.00780
8	0.01015	0.00677	0.00761	0.00761	0.00761	0.00677	0.00423	0.01015	0.01015	0.01353	0.02199	0.04567	0.02537	0.75476	0.03552	0.00677	0.00677	0.01015	0.00423	0.00423
9	0.00997	0.00748	0.01121	0.01121	0.01246	0.00872	0.00872	0.01246	0.01121	0.01620	0.01869	0.02741	0.01745	0.05234	0.72710	0.01121	0.01869	0.00748	0.00374	0.00623
10	0.01866	0.75896	0.03657	0.01194	0.01791	0.02761	0.01194	0.02090	0.01418	0.01642	0.00970	0.01119	0.00896	0.00597	0.00448	0.00149	0.00746	0.00373	0.00299	0.00896
11	0.01447	0.01240	0.01447	0.01034	0.01654	0.00930	0.00827	0.01757	0.01447	0.02274	0.01240	0.01447	0.01034	0.00517	0.00517	0.00103	0.00517	0.00413	0.00413	0.79742
12	0.01373	0.00720	0.00727	0.00701	0.00885	0.00731	0.00532	0.05189	0.01560	0.02697	0.02245	0.02552	0.01757	0.00814	0.00499	0.00165	0.00349	0.00649	0.75177	0.00679
13	0.01527	0.01527	0.02137	0.01832	0.01832	0.02137	0.01527	0.01679	0.01069	0.01679	0.00916	0.01527	0.00916	0.01221	0.02290	0.00305	0.74198	0.00611	0.00305	0.00763
14	0.00850	0.00607	0.00810	0.00972	0.01012	0.00567	0.00648	0.00972	0.01336	0.01781	0.03846	0.75020	0.04615	0.02186	0.00891	0.00283	0.00405	0.01984	0.00648	0.00567
15	0.01501	0.01298	0.01587	0.01146	0.01761	0.01028	0.03803	0.03856	0.03614	0.02356	0.01310	0.01508	0.01073	0.00543	0.00542	0.00116	0.00554	0.00449	0.00428	0.71527
16	0.02378	0.02558	0.02145	0.02108	0.11959	0.37651	0.01475	0.18858	0.02147	0.02450	0.01242	0.01457	0.01001	0.00788	0.00832	0.00204	0.08836	0.00535	0.00435	0.00940
17	0.02459	0.03084	0.01961	0.01777	0.02098	0.64215	0.01346	0.02639	0.01871	0.01702	0.01093	0.01333	0.00930	0.00921	0.03321	0.00224	0.07397	0.00474	0.00356	0.00799
18	0.01447	0.01240	0.01447	0.01034	0.01654	0.00930	0.00827	0.01757	0.01447	0.02274	0.01240	0.01447	0.01034	0.00517	0.00517	0.00103	0.00517	0.00413	0.00413	0.79742
19	0.80405	0.01350	0.01026	0.00918	0.01350	0.01565	0.00756	0.02051	0.01188	0.03131	0.00972	0.01134	0.00756	0.00648	0.00432	0.00216	0.00540	0.00378	0.00432	0.00756
20	0.01212	0.00606	0.00909	0.00909	0.00909	0.00606	0.00606	0.00909	0.00909	0.01212	0.01212	0.02121	0.01212	0.02424	0.02727	0.79697	0.00606	0.00606	0.00303	0.00303
21	0.01447	0.01240	0.01447	0.01034	0.01654	0.00930	0.00827	0.01757	0.01447	0.02274	0.01240	0.01447	0.01034	0.00517	0.00517	0.00103	0.00517	0.00413	0.00413	0.79742
22	0.00850	0.00607	0.00810	0.00972	0.01012	0.00567	0.00648	0.00972	0.01336	0.01781	0.03846	0.75020	0.04615	0.02186	0.00891	0.00283	0.00405	0.01984	0.00648	0.00567
