[name]
unknown

[dist]
# distance from previous block
# <min> <max>
59	251

[block]
# block no. 0 follows, 28 sequences, length 14
# corresponding to MSA columns:
# 266-279
name=unknown_A
#
# <colnr> <probs for GDERKNQSTAVLIFYWHMCP>
#	G	D	E	R	K	N	Q	S	T	A	V	L	I	F	Y	W	H	M	C	P
0	0.01864	0.60609	0.03385	0.01285	0.01814	0.05024	0.01225	0.02100	0.01522	0.01821	0.07023	0.01576	0.01454	0.00749	0.00646	0.00175	0.05983	0.00491	0.00357	0.00898
1	0.01392	0.01163	0.01385	0.01128	0.01541	0.01036	0.00875	0.05287	0.01558	0.02272	0.02408	0.15782	0.08310	0.03662	0.00923	0.00201	0.06782	0.00895	0.00507	0.42895
2	0.02387	0.02601	0.02016	0.01886	0.05976	0.37320	0.01383	0.11496	0.20599	0.02525	0.01721	0.01791	0.01343	0.00840	0.00741	0.00213	0.03043	0.00605	0.00519	0.00995
3	0.01946	0.65372	0.03595	0.01329	0.01886	0.05788	0.01281	0.02171	0.01470	0.01717	0.01011	0.01210	0.00935	0.00684	0.00643	0.00171	0.07148	0.00414	0.00314	0.00917
4	0.01507	0.01292	0.01507	0.01077	0.01723	0.00969	0.00861	0.01830	0.01507	0.02369	0.01292	0.01507	0.01077	0.00538	0.00538	0.00108	0.00538	0.00431	0.00431	0.78898
5	0.02515	0.09515	0.02199	0.01900	0.05676	0.58617	0.01394	0.02718	0.01969	0.01812	0.01413	0.01585	0.04107	0.00783	0.00652	0.00189	0.01197	0.00520	0.00382	0.00856
6	0.01113	0.04610	0.01182	0.01049	0.01177	0.00947	0.00787	0.01316	0.01184	0.01697	0.02009	0.03203	0.01968	0.21032	0.46841	0.00935	0.01479	0.00816	0.06038	0.00617
7	0.01846	0.46020	0.02895	0.01299	0.01799	0.06028	0.01187	0.04703	0.09840	0.02136	0.08002	0.02393	0.01942	0.00884	0.00603	0.00193	0.00732	0.06119	0.00459	0.00920
8	0.02336	0.01924	0.01906	0.01564	0.02053	0.07979	0.01255	0.38100	0.22663	0.03690	0.02460	0.02376	0.06443	0.00966	0.00734	0.00226	0.00746	0.00752	0.00697	0.01132
9	0.02141	0.08795	0.11769	0.01460	0.02036	0.01753	0.01350	0.27512	0.06874	0.11310	0.05108	0.02749	0.11980	0.01004	0.00723	0.00221	0.00718	0.00791	0.00644	0.01064
10	0.01490	0.03568	0.64286	0.02298	0.09457	0.01692	0.02643	0.02295	0.01546	0.02309	0.01310	0.01560	0.00943	0.00687	0.00693	0.00229	0.01054	0.00548	0.00312	0.01082
11	0.23210	0.10224	0.34691	0.01610	0.02351	0.07775	0.01801	0.02238	0.01471	0.02427	0.01214	0.01454	0.00937	0.00954	0.04617	0.00271	0.00972	0.00490	0.00357	0.00936
12	0.01835	0.13079	0.07831	0.01505	0.04302	0.20892	0.01243	0.02268	0.06384	0.02140	0.03783	0.02105	0.02928	0.01265	0.07393	0.00287	0.03263	0.00618	0.16031	0.00847
13	0.29790	0.12747	0.16901	0.01291	0.01834	0.01690	0.01300	0.02040	0.03479	0.02574	0.07643	0.02242	0.07921	0.00894	0.00698	0.00224	0.04784	0.00639	0.00450	0.00859

[dist]
# distance from previous block
# <min> <max>
3	21

[block]
# block no. 1 follows, 28 sequences, length 166
# corresponding to MSA columns:
# 301-466
name=unknown_B
#
# <colnr> <probs for GDERKNQSTAVLIFYWHMCP>
#	G	D	E	R	K	N	Q	S	T	A	V	L	I	F	Y	W	H	M	C	P
0	0.01889	0.14007	0.02796	0.03061	0.38335	0.01916	0.04162	0.08916	0.08028	0.02567	0.01563	0.01838	0.01267	0.00709	0.00671	0.00207	0.00795	0.00631	0.05557	0.01086
1	0.01643	0.01421	0.06070	0.09453	0.02076	0.01360	0.01225	0.19318	0.04284	0.02717	0.04963	0.08517	0.02408	0.13382	0.01272	0.00321	0.00728	0.11670	0.00574	0.06599
2	0.02041	0.16453	0.02028	0.05977	0.01939	0.09194	0.01127	0.09837	0.09366	0.12816	0.08110	0.02738	0.08255	0.03032	0.00767	0.00223	0.00709	0.00760	0.03682	0.00945
3	0.08180	0.01400	0.07745	0.01223	0.01715	0.01145	0.01070	0.04895	0.06772	0.25396	0.11666	0.05551	0.06448	0.01013	0.00708	0.00216	0.00580	0.00832	0.03673	0.09772
4	0.02067	0.38045	0.10532	0.04365	0.05778	0.02148	0.01435	0.02554	0.07226	0.14261	0.01580	0.01648	0.01213	0.00712	0.00588	0.00189	0.00769	0.00529	0.00459	0.03900
5	0.01004	0.00688	0.00833	0.00902	0.00927	0.00673	0.00566	0.01068	0.01211	0.01611	0.02982	0.29066	0.03489	0.44964	0.02572	0.00540	0.00604	0.05257	0.00536	0.00506
6	0.01784	0.11329	0.46415	0.01811	0.02694	0.01801	0.02145	0.08742	0.04084	0.07607	0.01525	0.01665	0.01096	0.00732	0.00667	0.00219	0.00937	0.00561	0.03111	0.01075
7	0.04821	0.11046	0.47620	0.01815	0.02693	0.04216	0.02157	0.04847	0.01644	0.07573	0.01494	0.04291	0.01144	0.00768	0.00669	0.00222	0.00960	0.00590	0.00391	0.01040
8	0.01042	0.00766	0.01105	0.01105	0.01214	0.00875	0.00830	0.01258	0.01150	0.01641	0.02004	0.03173	0.01955	0.16986	0.60228	0.01091	0.01739	0.00825	0.00398	0.00614
9	0.01773	0.01701	0.02904	0.08567	0.66014	0.01720	0.02218	0.02208	0.01643	0.02344	0.01363	0.01807	0.01140	0.00652	0.00720	0.00217	0.00870	0.00648	0.00358	0.01131
10	0.01799	0.01727	0.02950	0.04462	0.69919	0.01727	0.02231	0.02231	0.01655	0.02375	0.01367	0.01799	0.01151	0.00648	0.00720	0.00216	0.00864	0.00648	0.00360	0.01151
11	0.01799	0.01727	0.02950	0.04462	0.69919	0.01727	0.02231	0.02231	0.01655	0.02375	0.01367	0.01799	0.01151	0.00648	0.00720	0.00216	0.00864	0.00648	0.00360	0.01151
12	0.03075	0.01241	0.01657	0.01292	0.01829	0.01105	0.01060	0.03483	0.06721	0.63162	0.05402	0.02603	0.02021	0.00928	0.00736	0.00227	0.00605	0.00759	0.00885	0.01210
13	0.01580	0.01240	0.01321	0.01198	0.01561	0.01321	0.00929	0.02824	0.39365	0.07899	0.04535	0.04233	0.26413	0.01287	0.00782	0.00244	0.00504	0.01071	0.00729	0.00964
14	0.00920	0.00739	0.00821	0.00801	0.01020	0.00640	0.00601	0.01162	0.01802	0.02308	0.29853	0.06429	0.46921	0.01713	0.00858	0.00239	0.00359	0.01455	0.00720	0.00640
15	0.00880	0.00724	0.00778	0.00815	0.01022	0.00622	0.00606	0.01063	0.01613	0.01957	0.06610	0.18344	0.55196	0.01923	0.00878	0.00259	0.00393	0.05029	0.00675	0.00613
16	0.01019	0.00743	0.00957	0.00904	0.01080	0.00682	0.00678	0.01352	0.02034	0.02858	0.65796	0.05524	0.10635	0.01507	0.00857	0.00230	0.00344	0.01328	0.00793	0.00682
17	0.01476	0.06381	0.68224	0.02041	0.03099	0.01732	0.02633	0.02297	0.01533	0.02280	0.01294	0.01521	0.00921	0.00688	0.00682	0.00227	0.01063	0.00532	0.00307	0.01069
18	0.01458	0.03760	0.70688	0.02072	0.03146	0.01688	0.02686	0.02302	0.01535	0.02302	0.01304	0.01535	0.00921	0.00691	0.00691	0.00230	0.01074	0.00537	0.00307	0.01074
19	0.01039	0.00776	0.01156	0.01156	0.01281	0.00902	0.00893	0.01290	0.01165	0.01678	0.01958	0.02918	0.01844	0.07723	0.69339	0.01153	0.01906	0.00788	0.00391	0.00642
20	0.01057	0.00705	0.00793	0.00793	0.00793	0.00705	0.00440	0.01057	0.01057	0.01409	0.02290	0.04757	0.02643	0.74454	0.03700	0.00705	0.00705	0.01057	0.00440	0.00440
21	0.10409	0.01438	0.02062	0.01584	0.02135	0.01385	0.12206	0.07353	0.08204	0.38777	0.05169	0.02355	0.01794	0.00860	0.00730	0.00230	0.00712	0.00746	0.00734	0.01117
22	0.02093	0.02158	0.01774	0.01603	0.02002	0.23684	0.01230	0.03561	0.47729	0.02645	0.02383	0.02272	0.01817	0.00912	0.00713	0.00228	0.00806	0.00711	0.00625	0.01054
23	0.02072	0.63004	0.03518	0.01348	0.01929	0.14303	0.01271	0.02297	0.01574	0.01722	0.01029	0.01190	0.00933	0.00643	0.00498	0.00161	0.00866	0.00402	0.00322	0.00918
24	0.01943	0.74891	0.03809	0.01244	0.01866	0.02876	0.01244	0.02177	0.01477	0.01710	0.01011	0.01166	0.00933	0.00622	0.00466	0.00155	0.00777	0.00389	0.00311	0.00933
25	0.00976	0.00735	0.00902	0.00872	0.01057	0.00662	0.00650	0.01265	0.01915	0.02605	0.49508	0.09522	0.23420	0.01623	0.00862	0.00237	0.00354	0.01413	0.00760	0.00662
26	0.01309	0.03822	0.01228	0.01052	0.01320	0.01035	0.00811	0.02013	0.17531	0.05537	0.36541	0.07281	0.14887	0.01395	0.00812	0.00235	0.00432	0.01200	0.00747	0.00813
27	0.02800	0.01977	0.02145	0.01645	0.02225	0.02167	0.01359	0.62786	0.03319	0.09430	0.01828	0.01799	0.01278	0.00875	0.00727	0.00219	0.00787	0.00660	0.00740	0.01236
28	0.01788	0.01401	0.01535	0.01371	0.01754	0.01565	0.01067	0.03424	0.52494	0.08122	0.14031	0.03146	0.02959	0.01063	0.00759	0.00242	0.00540	0.00897	0.00762	0.01080
29	0.02828	0.01236	0.01625	0.01316	0.01811	0.01137	0.01086	0.05950	0.07215	0.52847	0.05171	0.03179	0.02235	0.01045	0.00765	0.00238	0.00619	0.07694	0.00852	0.01151
30	0.02717	0.03410	0.02065	0.01865	0.02247	0.68890	0.01404	0.05369	0.02112	0.01886	0.01147	0.01327	0.00948	0.00754	0.00658	0.00188	0.01291	0.00475	0.00388	0.00858
31	0.01458	0.03760	0.70688	0.02072	0.03146	0.01688	0.02686	0.02302	0.01535	0.02302	0.01304	0.01535	0.00921	0.00691	0.00691	0.00230	0.01074	0.00537	0.00307	0.01074
32	0.00902	0.00643	0.00851	0.00998	0.01048	0.00601	0.00668	0.01040	0.01430	0.01919	0.08776	0.66663	0.04888	0.04584	0.01013	0.00304	0.00425	0.01978	0.00676	0.00593
33	0.01547	0.01448	0.02397	0.43678	0.27665	0.01637	0.02018	0.04025	0.01594	0.02130	0.01562	0.02074	0.03637	0.00746	0.00729	0.00232	0.00904	0.00680	0.00362	0.00935
34	0.01477	0.06581	0.68035	0.02039	0.03095	0.01735	0.02629	0.02297	0.01532	0.02279	0.01293	0.01520	0.00921	0.00688	0.00682	0.00227	0.01063	0.00531	0.00307	0.01069
35	0.00905	0.00652	0.00842	0.00972	0.01035	0.00606	0.00652	0.01043	0.01437	0.01911	0.08854	0.59946	0.09333	0.06804	0.01095	0.00313	0.00430	0.01911	0.00669	0.00589
36	0.55521	0.10274	0.04287	0.03742	0.01730	0.01761	0.01007	0.04742	0.01434	0.08209	0.01205	0.01342	0.00912	0.00696	0.00504	0.00217	0.00637	0.00444	0.00468	0.00869
37	0.01317	0.01079	0.01479	0.04123	0.11533	0.03934	0.01325	0.01657	0.01684	0.02193	0.05788	0.09186	0.03628	0.01707	0.00931	0.00303	0.00712	0.46066	0.00606	0.00749
38	0.01921	0.01375	0.01609	0.01203	0.01794	0.01179	0.00967	0.13078	0.01900	0.11853	0.01726	0.05564	0.01401	0.00736	0.00617	0.00152	0.00587	0.00596	0.00557	0.51186
39	0.07371	0.02415	0.20625	0.07283	0.02422	0.13292	0.01606	0.17973	0.02047	0.02864	0.01539	0.01754	0.01153	0.00772	0.00649	0.00210	0.00880	0.00576	0.13601	0.00967
40	0.01038	0.00779	0.01168	0.01168	0.01298	0.00909	0.00909	0.01298	0.01168	0.01687	0.01947	0.02856	0.01817	0.05452	0.71573	0.01168	0.01947	0.00779	0.00389	0.00649
41	0.07946	0.18874	0.02442	0.13404	0.02546	0.20148	0.01426	0.17648	0.02049	0.02543	0.01257	0.01485	0.01001	0.00760	0.00691	0.00204	0.03671	0.00524	0.00438	0.00944
42	0.01045	0.00754	0.01042	0.01042	0.01129	0.00840	0.00752	0.01217	0.01131	0.01594	0.02062	0.03493	0.02094	0.28569	0.48834	0.01013	0.01531	0.00872	0.00407	0.00579
43	0.01038	0.00779	0.01168	0.01168	0.01298	0.00909	0.00909	0.01298	0.01168	0.01687	0.01947	0.02856	0.01817	0.05452	0.71573	0.01168	0.01947	0.00779	0.00389	0.00649
44	0.01057	0.00705	0.00793	0.00793	0.00793	0.00705	0.00440	0.01057	0.01057	0.01409	0.02290	0.04757	0.02643	0.74454	0.03700	0.00705	0.00705	0.01057	0.00440	0.00440
45	0.01003	0.00742	0.00936	0.00888	0.01070	0.00675	0.00666	0.01322	0.01997	0.02772	0.60161	0.05666	0.16324	0.01540	0.00858	0.00231	0.00347	0.01348	0.00781	0.00675
46	0.01799	0.01727	0.02950	0.04462	0.69919	0.01727	0.02231	0.02231	0.01655	0.02375	0.01367	0.01799	0.01151	0.00648	0.00720	0.00216	0.00864	0.00648	0.00360	0.01151
47	0.01783	0.01711	0.02922	0.06986	0.67518	0.01723	0.02223	0.02217	0.01648	0.02356	0.01365	0.01804	0.01145	0.00651	0.00720	0.00217	0.00867	0.00648	0.00358	0.01139
48	0.00886	0.00633	0.00843	0.01012	0.01054	0.00590	0.00675	0.01012	0.01392	0.01856	0.04006	0.73979	0.04808	0.02277	0.00928	0.00295	0.00422	0.02066	0.00675	0.00590
49	0.01016	0.00743	0.00954	0.00901	0.01078	0.00680	0.00676	0.01347	0.02027	0.02842	0.64771	0.05550	0.11670	0.01513	0.00857	0.00230	0.00345	0.01331	0.00791	0.00680
50	0.02763	0.02036	0.02182	0.01672	0.02254	0.02254	0.01382	0.67496	0.03418	0.04581	0.01745	0.01745	0.01236	0.00873	0.00727	0.00218	0.00800	0.00654	0.00727	0.01236
51	0.01165	0.00880	0.01223	0.01453	0.05920	0.00862	0.01148	0.01484	0.01670	0.02157	0.04216	0.07598	0.13852	0.01893	0.00963	0.00313	0.00637	0.51225	0.00650	0.00693
52	0.03189	0.01354	0.01759	0.01349	0.01914	0.01241	0.01114	0.12871	0.02276	0.60819	0.02704	0.02368	0.01717	0.00896	0.00730	0.00224	0.00645	0.00720	0.00875	0.01237
53	0.01171	0.00837	0.01171	0.01339	0.01506	0.00837	0.01171	0.01506	0.01673	0.02175	0.03849	0.08199	0.04183	0.02008	0.01004	0.00335	0.00669	0.65027	0.00669	0.00669
54	0.01943	0.74891	0.03809	0.01244	0.01866	0.02876	0.01244	0.02177	0.01477	0.01710	0.01011	0.01166	0.00933	0.00622	0.00466	0.00155	0.00777	0.00389	0.00311	0.00933
55	0.01373	0.01292	0.02180	0.72707	0.05006	0.01615	0.02019	0.01857	0.01453	0.01857	0.01292	0.01938	0.00969	0.00727	0.00727	0.00242	0.00969	0.00646	0.00323	0.00807
56	0.01579	0.01574	0.02224	0.05706	0.02075	0.02194	0.01613	0.01755	0.01131	0.01755	0.00972	0.01609	0.00955	0.01243	0.02297	0.00314	0.69253	0.00637	0.00318	0.00796
57	0.01943	0.74891	0.03809	0.01244	0.01866	0.02876	0.01244	0.02177	0.01477	0.01710	0.01011	0.01166	0.00933	0.00622	0.00466	0.00155	0.00777	0.00389	0.00311	0.00933
58	0.01788	0.01731	0.02974	0.04309	0.64754	0.01751	0.04696	0.02216	0.01636	0.02349	0.01355	0.01797	0.01142	0.00671	0.00789	0.00221	0.03676	0.00655	0.00358	0.01131
59	0.01458	0.03760	0.70688	0.02072	0.03146	0.01688	0.02686	0.02302	0.01535	0.02302	0.01304	0.01535	0.00921	0.00691	0.00691	0.00230	0.01074	0.00537	0.00307	0.01074
60	0.01799	0.01727	0.02950	0.04462	0.69919	0.01727	0.02231	0.02231	0.01655	0.02375	0.01367	0.01799	0.01151	0.00648	0.00720	0.00216	0.00864	0.00648	0.00360	0.01151
61	0.01458	0.03760	0.70688	0.02072	0.03146	0.01688	0.02686	0.02302	0.01535	0.02302	0.01304	0.01535	0.00921	0.00691	0.00691	0.00230	0.01074	0.00537	0.00307	0.01074
62	0.01171	0.00837	0.01171	0.01339	0.01506	0.00837	0.01171	0.01506	0.01673	0.02175	0.03849	0.08199	0.04183	0.02008	0.01004	0.00335	0.00669	0.65027	0.00669	0.00669
63	0.03208	0.01249	0.01685	0.01300	0.01857	0.01096	0.01071	0.03554	0.04531	0.67940	0.02871	0.02483	0.01815	0.00903	0.00731	0.00226	0.00617	0.00734	0.00894	0.01234
64	0.03235	0.01280	0.01713	0.01314	0.01877	0.01132	0.01085	0.06973	0.02152	0.66891	0.02808	0.02435	0.01769	0.00898	0.00731	0.00225	0.00628	0.00727	0.00890	0.01237
65	0.01087	0.00756	0.00916	0.00868	0.01045	0.00688	0.00629	0.01333	0.01797	0.05264	0.40863	0.05564	0.20779	0.13689	0.01326	0.00312	0.00421	0.01299	0.00715	0.00651
66	0.00886	0.00633	0.00843	0.01012	0.01054	0.00590	0.00675	0.01012	0.01392	0.01856	0.04006	0.73979	0.04808	0.02277	0.00928	0.00295	0.00422	0.02066	0.00675	0.00590
67	0.00885	0.00637	0.00839	0.01002	0.01052	0.00591	0.00670	0.01013	0.01402	0.01860	0.04134	0.71439	0.07266	0.02261	0.00925	0.00293	0.00420	0.02046	0.00675	0.00591
68	0.02763	0.02036	0.02182	0.01672	0.02254	0.02254	0.01382	0.67496	0.03418	0.04581	0.01745	0.01745	0.01236	0.00873	0.00727	0.00218	0.00800	0.00654	0.00727	0.01236
69	0.02904	0.01477	0.01795	0.01412	0.01954	0.01467	0.01155	0.18441	0.13462	0.43926	0.02622	0.02345	0.01738	0.00908	0.00732	0.00227	0.00653	0.00728	0.00833	0.01222
70	0.00886	0.00633	0.00843	0.01012	0.01054	0.00590	0.00675	0.01012	0.01392	0.01856	0.04006	0.73979	0.04808	0.02277	0.00928	0.00295	0.00422	0.02066	0.00675	0.00590
71	0.01038	0.00779	0.01168	0.01168	0.01298	0.00909	0.00909	0.01298	0.01168	0.01687	0.01947	0.02856	0.01817	0.05452	0.71573	0.01168	0.01947	0.00779	0.00389	0.00649
72	0.07355	0.01246	0.01654	0.01275	0.01831	0.01099	0.01053	0.03467	0.02035	0.66821	0.02768	0.02405	0.01745	0.00888	0.00716	0.00225	0.00616	0.00713	0.00876	0.01213
73	0.04761	0.55241	0.17106	0.03885	0.02215	0.02546	0.01544	0.02189	0.01479	0.01893	0.01080	0.01268	0.00926	0.00641	0.00520	0.00176	0.00836	0.00428	0.00316	0.00951
74	0.01089	0.00760	0.00965	0.00908	0.01097	0.00698	0.00680	0.01393	0.01940	0.05188	0.53845	0.05435	0.15248	0.04036	0.03273	0.00277	0.00421	0.01298	0.00761	0.00687
75	0.00881	0.00734	0.00750	0.00748	0.00972	0.00623	0.00550	0.01058	0.01629	0.01963	0.09591	0.06765	0.62066	0.07174	0.01068	0.00279	0.00392	0.01490	0.00663	0.00604
76	0.01956	0.55670	0.03512	0.01834	0.13354	0.02623	0.01430	0.06101	0.01611	0.01996	0.01113	0.01322	0.00989	0.00664	0.00591	0.00175	0.03274	0.00457	0.00344	0.00983
77	0.01718	0.01333	0.01562	0.01129	0.01765	0.01054	0.00909	0.05913	0.01666	0.07743	0.01441	0.01596	0.01142	0.00586	0.00565	0.00123	0.00560	0.00467	0.00485	0.68245
78	0.01944	0.01567	0.02289	0.04485	0.02421	0.01425	0.15770	0.13748	0.01946	0.09433	0.01567	0.01762	0.01178	0.00657	0.00669	0.00175	0.00762	0.00603	0.00511	0.37086
79	0.01673	0.02260	0.15339	0.02899	0.03690	0.01813	0.56530	0.02324	0.01686	0.02324	0.01443	0.01890	0.01073	0.00626	0.00830	0.00243	0.01200	0.00804	0.00358	0.00996
80	0.01021	0.00737	0.00965	0.00920	0.01084	0.00681	0.00685	0.01352	0.02022	0.02858	0.66021	0.09106	0.06749	0.01528	0.00861	0.00232	0.00347	0.01355	0.00793	0.00681
81	0.01059	0.00809	0.01208	0.01196	0.01321	0.00958	0.00934	0.01315	0.01166	0.01690	0.01910	0.02808	0.01785	0.05294	0.68958	0.01136	0.04637	0.00773	0.00387	0.00655
82	0.01667	0.01682	0.05304	0.23475	0.49216	0.01694	0.02189	0.02129	0.01594	0.02227	0.01344	0.01828	0.01092	0.00671	0.00721	0.00224	0.00901	0.00643	0.00348	0.01052
83	0.79588	0.01406	0.01068	0.00956	0.01406	0.01631	0.00787	0.02137	0.01237	0.03261	0.01012	0.01181	0.00787	0.00675	0.00450	0.00225	0.00562	0.00394	0.00450	0.00787
84	0.01057	0.00705	0.00793	0.00793	0.00793	0.00705	0.00440	0.01057	0.01057	0.01409	0.02290	0.04757	0.02643	0.74454	0.03700	0.00705	0.00705	0.01057	0.00440	0.00440
85	0.05346	0.02045	0.02041	0.04456	0.02247	0.13516	0.04818	0.36777	0.07457	0.03505	0.01918	0.01998	0.03793	0.00867	0.00703	0.00216	0.00843	0.00670	0.05729	0.01057
86	0.01799	0.01727	0.02950	0.04462	0.69919	0.01727	0.02231	0.02231	0.01655	0.02375	0.01367	0.01799	0.01151	0.00648	0.00720	0.00216	0.00864	0.00648	0.00360	0.01151
87	0.00886	0.00633	0.00843	0.01012	0.01054	0.00590	0.00675	0.01012	0.01392	0.01856	0.04006	0.73979	0.04808	0.02277	0.00928	0.00295	0.00422	0.02066	0.00675	0.00590
88	0.01005	0.00724	0.00950	0.00931	0.01081	0.00670	0.00684	0.01311	0.01945	0.02737	0.58497	0.16977	0.06513	0.01619	0.00869	0.00240	0.00356	0.01441	0.00779	0.00670
89	0.01722	0.03266	0.56369	0.02049	0.05726	0.01612	0.02400	0.02517	0.03930	0.11312	0.01570	0.01710	0.01091	0.00727	0.00699	0.00229	0.00988	0.00577	0.00402	0.01102
90	0.02666	0.01855	0.02008	0.01554	0.02096	0.02027	0.01279	0.57011	0.03150	0.08906	0.01880	0.01885	0.01333	0.00872	0.00707	0.00214	0.00745	0.00662	0.07965	0.01184
91	0.03171	0.01305	0.01720	0.01327	0.01885	0.01179	0.01093	0.08010	0.04722	0.63254	0.02793	0.02432	0.01776	0.00901	0.00731	0.00225	0.00630	0.00729	0.00882	0.01234
92	0.01943	0.74891	0.03809	0.01244	0.01866	0.02876	0.01244	0.02177	0.01477	0.01710	0.01011	0.01166	0.00933	0.00622	0.00466	0.00155	0.00777	0.00389	0.00311	0.00933
93	0.01943	0.74891	0.03809	0.01244	0.01866	0.02876	0.01244	0.02177	0.01477	0.01710	0.01011	0.01166	0.00933	0.00622	0.00466	0.00155	0.00777	0.00389	0.00311	0.00933
94	0.00920	0.00647	0.00833	0.00968	0.01001	0.00614	0.00627	0.01021	0.01324	0.01765	0.03658	0.59911	0.04368	0.16946	0.01491	0.00378	0.00479	0.01861	0.00627	0.00560
95	0.01186	0.00953	0.00991	0.00903	0.01200	0.00891	0.00698	0.12122	0.01974	0.02457	0.10169	0.06028	0.54467	0.01658	0.00837	0.00240	0.00439	0.01375	0.00691	0.00722
96	0.01029	0.00743	0.00972	0.00914	0.01086	0.00686	0.00686	0.01372	0.02058	0.02915	0.69536	0.05430	0.06859	0.01486	0.00857	0.00229	0.00343	0.01315	0.00800	0.00686
97	0.01943	0.74891	0.03809	0.01244	0.01866	0.02876	0.01244	0.02177	0.01477	0.01710	0.01011	0.01166	0.00933	0.00622	0.00466	0.00155	0.00777	0.00389	0.00311	0.00933
98	0.00859	0.00736	0.00736	0.00736	0.00982	0.00614	0.00552	0.01043	0.01657	0.01964	0.07364	0.06996	0.69624	0.01841	0.00859	0.00245	0.00368	0.01534	0.00675	0.00614
99	0.01507	0.01292	0.01507	0.01077	0.01723	0.00969	0.00861	0.01830	0.01507	0.02369	0.01292	0.01507	0.01077	0.00538	0.00538	0.00108	0.00538	0.00431	0.00431	0.78898
100	0.02031	0.66763	0.03610	0.01315	0.01909	0.10689	0.01262	0.02259	0.01543	0.01718	0.01023	0.01183	0.00933	0.00636	0.00488	0.00159	0.00838	0.00398	0.00318	0.00923
101	0.02567	0.01392	0.01666	0.01382	0.01872	0.01422	0.01108	0.03695	0.33859	0.38235	0.02911	0.02588	0.02000	0.00941	0.00735	0.00235	0.00598	0.00774	0.00823	0.01196
102	0.00999	0.00742	0.00930	0.00883	0.01067	0.00673	0.00662	0.01313	0.01986	0.02745	0.58442	0.05709	0.18058	0.01549	0.00858	0.00232	0.00347	0.01354	0.00778	0.00673
103	0.01908	0.69652	0.08735	0.01305	0.01960	0.02789	0.01350	0.02186	0.01481	0.01754	0.01032	0.01193	0.00932	0.00627	0.00483	0.00161	0.00799	0.00400	0.00311	0.00943
104	0.00962	0.00740	0.00879	0.00844	0.01045	0.00657	0.00633	0.01243	0.01900	0.02541	0.45091	0.06045	0.31537	0.01626	0.00858	0.00235	0.00353	0.01401	0.00751	0.00657
105	0.00886	0.00633	0.00843	0.01012	0.01054	0.00590	0.00675	0.01012	0.01392	0.01856	0.04006	0.73979	0.04808	0.02277	0.00928	0.00295	0.00422	0.02066	0.00675	0.00590
106	0.03261	0.01237	0.01687	0.01293	0.01856	0.01068	0.01068	0.03543	0.02081	0.70423	0.02868	0.02474	0.01799	0.00900	0.00731	0.00225	0.00619	0.00731	0.00900	0.01237
107	0.00908	0.00657	0.00858	0.00979	0.01055	0.00608	0.00669	0.01074	0.01518	0.02038	0.15114	0.58542	0.09048	0.02119	0.00912	0.00281	0.00405	0.01909	0.00696	0.00608
108	0.01057	0.00705	0.00793	0.00793	0.00793	0.00705	0.00440	0.01057	0.01057	0.01409	0.02290	0.04757	0.02643	0.74454	0.03700	0.00705	0.00705	0.01057	0.00440	0.00440
109	0.00901	0.00738	0.00794	0.00780	0.01007	0.00631	0.00585	0.01123	0.01755	0.02196	0.22550	0.06613	0.54293	0.01754	0.00859	0.00241	0.00362	0.01480	0.00706	0.00631
110	0.03261	0.01237	0.01687	0.01293	0.01856	0.01068	0.01068	0.03543	0.02081	0.70423	0.02868	0.02474	0.01799	0.00900	0.00731	0.00225	0.00619	0.00731	0.00900	0.01237
111	0.01373	0.01292	0.02180	0.72707	0.05006	0.01615	0.02019	0.01857	0.01453	0.01857	0.01292	0.01938	0.00969	0.00727	0.00727	0.00242	0.00969	0.00646	0.00323	0.00807
112	0.03261	0.01237	0.01687	0.01293	0.01856	0.01068	0.01068	0.03543	0.02081	0.70423	0.02868	0.02474	0.01799	0.00900	0.00731	0.00225	0.00619	0.00731	0.00900	0.01237
113	0.00990	0.00742	0.00918	0.00874	0.01062	0.00670	0.00656	0.01297	0.01967	0.02699	0.55449	0.05785	0.21080	0.01566	0.00858	0.00232	0.00349	0.01364	0.00772	0.00670
114	0.01029	0.00743	0.00972	0.00914	0.01086	0.00686	0.00686	0.01372	0.02058	0.02915	0.69536	0.05430	0.06859	0.01486	0.00857	0.00229	0.00343	0.01315	0.00800	0.00686
115	0.01943	0.74891	0.03809	0.01244	0.01866	0.02876	0.01244	0.02177	0.01477	0.01710	0.01011	0.01166	0.00933	0.00622	0.00466	0.00155	0.00777	0.00389	0.00311	0.00933
116	0.01943	0.74891	0.03809	0.01244	0.01866	0.02876	0.01244	0.02177	0.01477	0.01710	0.01011	0.01166	0.00933	0.00622	0.00466	0.00155	0.00777	0.00389	0.00311	0.00933
117	0.00866	0.00737	0.00745	0.00743	0.00986	0.00616	0.00557	0.01056	0.01672	0.02000	0.09744	0.06936	0.67222	0.01827	0.00859	0.00245	0.00367	0.01526	0.00680	0.00616
118	0.00886	0.00633	0.00843	0.01012	0.01054	0.00590	0.00675	0.01012	0.01392	0.01856	0.04006	0.73979	0.04808	0.02277	0.00928	0.00295	0.00422	0.02066	0.00675	0.00590
119	0.01507	0.01292	0.01507	0.01077	0.01723	0.00969	0.00861	0.01830	0.01507	0.02369	0.01292	0.01507	0.01077	0.00538	0.00538	0.00108	0.00538	0.00431	0.00431	0.78898
120	0.01507	0.01292	0.01507	0.01077	0.01723	0.00969	0.00861	0.01830	0.01507	0.02369	0.01292	0.01507	0.01077	0.00538	0.00538	0.00108	0.00538	0.00431	0.00431	0.78898
121	0.03090	0.01250	0.01656	0.01280	0.01824	0.01105	0.01054	0.06822	0.02127	0.62773	0.03078	0.02707	0.05850	0.00955	0.00738	0.00226	0.00613	0.00775	0.00877	0.01200
122	0.01057	0.00705	0.00793	0.00793	0.00793	0.00705	0.00440	0.01057	0.01057	0.01409	0.02290	0.04757	0.02643	0.74454	0.03700	0.00705	0.00705	0.01057	0.00440	0.00440
123	0.00885	0.00637	0.00839	0.01002	0.01052	0.00591	0.00670	0.01013	0.01402	0.01860	0.04134	0.71439	0.07266	0.02261	0.00925	0.00293	0.00420	0.02046	0.00675	0.00591
124	0.02030	0.01606	0.02534	0.06109	0.46908	0.01623	0.01883	0.02656	0.10668	0.13907	0.01830	0.02040	0.01396	0.00738	0.00724	0.00223	0.00788	0.00685	0.00500	0.01153
125	0.01799	0.01727	0.02950	0.04462	0.69919	0.01727	0.02231	0.02231	0.01655	0.02375	0.01367	0.01799	0.01151	0.00648	0.00720	0.00216	0.00864	0.00648	0.00360	0.01151
126	0.01940	0.02068	0.13685	0.02537	0.05634	0.01695	0.37844	0.02586	0.05312	0.13813	0.01737	0.02003	0.01249	0.00719	0.00858	0.00241	0.03798	0.00770	0.00466	0.01046
127	0.01403	0.01299	0.01344	0.01514	0.05639	0.12748	0.01151	0.01679	0.01705	0.02062	0.03649	0.13743	0.10806	0.01725	0.00904	0.00288	0.00728	0.36299	0.00602	0.00713
128	0.02730	0.01974	0.07220	0.01830	0.08915	0.12886	0.01413	0.12200	0.06182	0.33891	0.02161	0.02057	0.01473	0.00835	0.00714	0.00219	0.00814	0.00660	0.00681	0.01146
129	0.01878	0.03777	0.01586	0.01319	0.01658	0.03819	0.01034	0.23867	0.05908	0.08049	0.02709	0.17249	0.06308	0.04765	0.12219	0.00405	0.00867	0.01033	0.00636	0.00914
130	0.00886	0.00633	0.00843	0.01012	0.01054	0.00590	0.00675	0.01012	0.01392	0.01856	0.04006	0.73979	0.04808	0.02277	0.00928	0.00295	0.00422	0.02066	0.00675	0.00590
131	0.01699	0.01367	0.01580	0.01153	0.01782	0.01118	0.00926	0.07967	0.03912	0.05200	0.01449	0.01606	0.01157	0.00597	0.00570	0.00127	0.00567	0.00476	0.00486	0.66263
132	0.05013	0.13915	0.02707	0.03110	0.40975	0.07164	0.01749	0.02274	0.01660	0.06943	0.01685	0.04585	0.03615	0.00772	0.00675	0.00209	0.00821	0.00670	0.00417	0.01043
133	0.08010	0.52837	0.12023	0.01391	0.02033	0.09525	0.01410	0.02263	0.01524	0.01914	0.01060	0.01229	0.00920	0.00648	0.00513	0.00174	0.00852	0.00416	0.00328	0.00931
134	0.02763	0.02036	0.02182	0.01672	0.02254	0.02254	0.01382	0.67496	0.03418	0.04581	0.01745	0.01745	0.01236	0.00873	0.00727	0.00218	0.00800	0.00654	0.00727	0.01236
135	0.01799	0.01727	0.02950	0.04462	0.69919	0.01727	0.02231	0.02231	0.01655	0.02375	0.01367	0.01799	0.01151	0.00648	0.00720	0.00216	0.00864	0.00648	0.00360	0.01151
136	0.79588	0.01406	0.01068	0.00956	0.01406	0.01631	0.00787	0.02137	0.01237	0.03261	0.01012	0.01181	0.00787	0.00675	0.00450	0.00225	0.00562	0.00394	0.00450	0.00787
137	0.01046	0.00754	0.00916	0.00874	0.01078	0.00672	0.00656	0.01327	0.01905	0.04885	0.44855	0.08453	0.26683	0.01610	0.00856	0.00236	0.00363	0.01394	0.00759	0.00678
138	0.01600	0.23123	0.49882	0.01883	0.02821	0.02018	0.04759	0.02269	0.01526	0.02141	0.01231	0.01450	0.00931	0.00669	0.00636	0.00210	0.00999	0.00509	0.00310	0.01032
139	0.01029	0.00743	0.00972	0.00914	0.01086	0.00686	0.00686	0.01372	0.02058	0.02915	0.69536	0.05430	0.06859	0.01486	0.00857	0.00229	0.00343	0.01315	0.00800	0.00686
140	0.00876	0.00670	0.00805	0.00913	0.01028	0.00599	0.00631	0.01023	0.01487	0.01894	0.05211	0.49949	0.28060	0.02121	0.00903	0.00277	0.00403	0.01875	0.00675	0.00599
141	0.01712	0.01730	0.05440	0.16192	0.56088	0.01706	0.02212	0.02169	0.01616	0.02282	0.01352	0.01813	0.01111	0.00663	0.00720	0.00221	0.00890	0.00643	0.00351	0.01089
142	0.01490	0.01411	0.02392	0.53984	0.22816	0.01646	0.02077	0.01960	0.01509	0.01999	0.01313	0.01900	0.01019	0.00705	0.00725	0.00235	0.00940	0.00646	0.00333	0.00902
143	0.02987	0.01257	0.01639	0.01292	0.01818	0.01151	0.01056	0.03508	0.10959	0.58574	0.02859	0.02516	0.01858	0.00909	0.00723	0.00225	0.00601	0.00741	0.04124	0.01202
144	0.01528	0.13971	0.61087	0.01953	0.02962	0.01859	0.02479	0.02284	0.01526	0.02217	0.01262	0.01482	0.00923	0.00681	0.00658	0.00219	0.01032	0.00516	0.00308	0.01054
145	0.01799	0.01727	0.02950	0.04462	0.69919	0.01727	0.02231	0.02231	0.01655	0.02375	0.01367	0.01799	0.01151	0.00648	0.00720	0.00216	0.00864	0.00648	0.00360	0.01151
146	0.42656	0.01709	0.01603	0.01300	0.01814	0.01930	0.01073	0.33557	0.02285	0.03896	0.01365	0.01452	0.01003	0.00770	0.00583	0.00222	0.00677	0.00519	0.00583	0.01003
147	0.01038	0.00779	0.01168	0.01168	0.01298	0.00909	0.00909	0.01298	0.01168	0.01687	0.01947	0.02856	0.01817	0.05452	0.71573	0.01168	0.01947	0.00779	0.00389	0.00649
148	0.00886	0.00633	0.00843	0.01012	0.01054	0.00590	0.00675	0.01012	0.01392	0.01856	0.04006	0.73979	0.04808	0.02277	0.00928	0.00295	0.00422	0.02066	0.00675	0.00590
149	0.02844	0.01583	0.04373	0.01448	0.02005	0.01506	0.01227	0.24885	0.04736	0.39310	0.02380	0.02225	0.01593	0.01160	0.04990	0.00280	0.00775	0.00704	0.00784	0.01192
150	0.02935	0.01250	0.01638	0.01295	0.01814	0.01143	0.01056	0.03454	0.10850	0.57477	0.06891	0.02683	0.02159	0.00946	0.00740	0.00228	0.00596	0.00778	0.00873	0.01193
151	0.01507	0.01292	0.01507	0.01077	0.01723	0.00969	0.00861	0.01830	0.01507	0.02369	0.01292	0.01507	0.01077	0.00538	0.00538	0.00108	0.00538	0.00431	0.00431	0.78898
152	0.00917	0.00657	0.00888	0.01047	0.01104	0.00629	0.00727	0.01067	0.01400	0.01870	0.03870	0.64635	0.04580	0.02448	0.05184	0.00351	0.00533	0.06837	0.00657	0.00600
153	0.01590	0.01590	0.02226	0.01908	0.01908	0.02226	0.01590	0.01749	0.01113	0.01749	0.00954	0.01590	0.00954	0.01272	0.02385	0.00318	0.73123	0.00636	0.00318	0.00795
154	0.03261	0.01237	0.01687	0.01293	0.01856	0.01068	0.01068	0.03543	0.02081	0.70423	0.02868	0.02474	0.01799	0.00900	0.00731	0.00225	0.00619	0.00731	0.00900	0.01237
155	0.01478	0.06736	0.67890	0.02037	0.03093	0.01738	0.02625	0.02297	0.01532	0.02277	0.01292	0.01519	0.00921	0.00688	0.00681	0.00227	0.01062	0.00531	0.00307	0.01068
156	0.01012	0.00827	0.00884	0.00853	0.01100	0.00752	0.00643	0.03792	0.05371	0.02275	0.17119	0.09107	0.50234	0.01717	0.00850	0.00244	0.00394	0.01448	0.00701	0.00677
157	0.00887	0.00737	0.00776	0.00766	0.00999	0.00626	0.00575	0.01098	0.01724	0.02122	0.17710	0.06735	0.59179	0.01782	0.00859	0.00243	0.00364	0.01498	0.00696	0.00626
158	0.01458	0.03760	0.70688	0.02072	0.03146	0.01688	0.02686	0.02302	0.01535	0.02302	0.01304	0.01535	0.00921	0.00691	0.00691	0.00230	0.01074	0.00537	0.00307	0.01074
159	0.01524	0.01495	0.02301	0.57088	0.15643	0.05840	0.02017	0.01982	0.01524	0.01939	0.01294	0.01877	0.00997	0.00715	0.00721	0.00235	0.00972	0.00636	0.00332	0.00867
160	0.01396	0.01240	0.02035	0.59433	0.08382	0.01502	0.01839	0.01859	0.01475	0.01997	0.01434	0.02028	0.01094	0.00737	0.00698	0.00231	0.00882	0.00650	0.10274	0.00812
161	0.01263	0.00631	0.00947	0.00947	0.00947	0.00631	0.00631	0.00947	0.00947	0.01263	0.01263	0.02210	0.01263	0.02525	0.02841	0.78851	0.00631	0.00631	0.00316	0.00316
162	0.70799	0.01393	0.01193	0.09019	0.01810	0.01629	0.00926	0.02105	0.01261	0.03104	0.01044	0.01266	0.00808	0.00681	0.00481	0.00227	0.00608	0.00422	0.00436	0.00790
163	0.76546	0.01380	0.01065	0.00954	0.01393	0.01594	0.00783	0.02107	0.01269	0.03248	0.03666	0.01345	0.01022	0.00706	0.00466	0.00225	0.00554	0.00429	0.00463	0.00783
164	0.02655	0.01946	0.02093	0.01634	0.02192	0.02154	0.01340	0.56895	0.11966	0.06654	0.01944	0.01898	0.01385	0.00889	0.00729	0.00222	0.00764	0.00679	0.00735	0.01225
165	0.01764	0.13832	0.02959	0.09081	0.50704	0.01872	0.02006	0.02163	0.01611	0.02216	0.01406	0.01972	0.01228	0.00706	0.00690	0.00213	0.00849	0.03298	0.00362	0.01068

[dist]
# distance from previous block
# <min> <max>
0	1

[block]
# block no. 2 follows, 28 sequences, length 130
# corresponding to MSA columns:
# 468-597
name=unknown_C
#
# <colnr> <probs for GDERKNQSTAVLIFYWHMCP>
#	G	D	E	R	K	N	Q	S	T	A	V	L	I	F	Y	W	H	M	C	P
0	0.01745	0.01605	0.02358	0.06897	0.42228	0.05554	0.01767	0.02269	0.10775	0.02227	0.01552	0.01970	0.01294	0.01005	0.01059	0.12833	0.00818	0.00659	0.00404	0.00982
1	0.01893	0.01604	0.01692	0.01497	0.01923	0.01848	0.01171	0.09546	0.62784	0.03178	0.02850	0.02626	0.02131	0.00976	0.00739	0.00244	0.00595	0.00807	0.00739	0.01158
2	0.01485	0.00844	0.01118	0.00992	0.01243	0.00764	0.00764	0.01816	0.02062	0.16717	0.55905	0.04826	0.05824	0.01366	0.00832	0.00228	0.00399	0.01195	0.00821	0.00799
3	0.01521	0.13045	0.61958	0.01964	0.02979	0.01843	0.02497	0.02286	0.01527	0.02225	0.01266	0.01487	0.00922	0.00682	0.00661	0.00220	0.01036	0.00518	0.00307	0.01056
4	0.08880	0.65212	0.03488	0.01246	0.01842	0.05791	0.01210	0.02205	0.01481	0.01851	0.01016	0.01174	0.00920	0.00632	0.00473	0.00163	0.00782	0.00393	0.00326	0.00916
5	0.01023	0.00738	0.00966	0.00919	0.01085	0.00682	0.00685	0.01356	0.02029	0.02869	0.66707	0.08390	0.06770	0.01520	0.00860	0.00231	0.00346	0.01347	0.00795	0.00682
6	0.01799	0.01727	0.02950	0.04462	0.69919	0.01727	0.02231	0.02231	0.01655	0.02375	0.01367	0.01799	0.01151	0.00648	0.00720	0.00216	0.00864	0.00648	0.00360	0.01151
7	0.08220	0.15511	0.02026	0.01257	0.01800	0.01487	0.01073	0.03119	0.05713	0.46089	0.04791	0.02250	0.01767	0.00856	0.00665	0.00213	0.00633	0.00667	0.00741	0.01122
8	0.01647	0.01619	0.02649	0.33595	0.36281	0.04380	0.05212	0.02101	0.01587	0.02127	0.01330	0.01848	0.01062	0.00684	0.00727	0.00227	0.00943	0.00650	0.00345	0.00984
9	0.00859	0.00736	0.00736	0.00736	0.00982	0.00614	0.00552	0.01043	0.01657	0.01964	0.07364	0.06996	0.69624	0.01841	0.00859	0.00245	0.00368	0.01534	0.00675	0.00614
10	0.02602	0.06288	0.02074	0.01797	0.02176	0.65581	0.01360	0.02791	0.02018	0.01784	0.01394	0.01555	0.03963	0.00792	0.00657	0.00189	0.01247	0.00512	0.00385	0.00836
11	0.02511	0.17777	0.05119	0.01755	0.02206	0.55031	0.01423	0.02734	0.01922	0.01786	0.01108	0.01291	0.00935	0.00721	0.00619	0.00183	0.01195	0.00455	0.00359	0.00870
12	0.00903	0.00640	0.00838	0.00990	0.01027	0.00602	0.00651	0.01017	0.01357	0.01810	0.03830	0.66867	0.04585	0.09693	0.01213	0.00337	0.00451	0.01963	0.00651	0.00575
13	0.00886	0.00633	0.00843	0.01012	0.01054	0.00590	0.00675	0.01012	0.01392	0.01856	0.04006	0.73979	0.04808	0.02277	0.00928	0.00295	0.00422	0.02066	0.00675	0.00590
14	0.01322	0.01074	0.01481	0.01847	0.19259	0.01021	0.01106	0.01721	0.05590	0.05595	0.17317	0.04914	0.29358	0.01371	0.00815	0.00237	0.00531	0.03976	0.00631	0.00832
15	0.01458	0.03760	0.70688	0.02072	0.03146	0.01688	0.02686	0.02302	0.01535	0.02302	0.01304	0.01535	0.00921	0.00691	0.00691	0.00230	0.01074	0.00537	0.00307	0.01074
16	0.01051	0.00771	0.01128	0.01128	0.01252	0.00888	0.00867	0.01299	0.01175	0.01710	0.01983	0.02959	0.01866	0.09231	0.65023	0.01104	0.01816	0.00791	0.03319	0.00638
17	0.01120	0.00782	0.01026	0.03428	0.01247	0.00729	0.00738	0.01453	0.02007	0.05588	0.59670	0.05305	0.11220	0.01462	0.00848	0.00230	0.00378	0.01284	0.00778	0.00707
18	0.01151	0.00906	0.01073	0.01051	0.01235	0.03872	0.00813	0.01545	0.04592	0.02710	0.50832	0.08233	0.05907	0.01548	0.00870	0.00247	0.00450	0.11506	0.00753	0.00705
19	0.02763	0.02036	0.02182	0.01672	0.02254	0.02254	0.01382	0.67496	0.03418	0.04581	0.01745	0.01745	0.01236	0.00873	0.00727	0.00218	0.00800	0.00654	0.00727	0.01236
20	0.72958	0.01531	0.04010	0.01034	0.01515	0.01661	0.00892	0.05023	0.01346	0.03280	0.01057	0.01220	0.00813	0.00684	0.00472	0.00225	0.00594	0.00411	0.00456	0.00819
21	0.01849	0.61118	0.16758	0.01404	0.02114	0.02646	0.01523	0.02201	0.01488	0.01825	0.01067	0.01237	0.00931	0.00635	0.00510	0.00170	0.00835	0.00417	0.00310	0.00960
22	0.01711	0.01611	0.02717	0.04047	0.61526	0.01607	0.02063	0.02132	0.01687	0.02408	0.06804	0.02365	0.01731	0.00773	0.00743	0.00222	0.00814	0.03536	0.00408	0.01094
23	0.01901	0.01989	0.04805	0.03855	0.54644	0.10271	0.02065	0.02434	0.06591	0.02348	0.01452	0.01798	0.01196	0.00686	0.00712	0.00215	0.00904	0.00635	0.00388	0.01111
24	0.01458	0.03760	0.70688	0.02072	0.03146	0.01688	0.02686	0.02302	0.01535	0.02302	0.01304	0.01535	0.00921	0.00691	0.00691	0.00230	0.01074	0.00537	0.00307	0.01074
25	0.03261	0.01237	0.01687	0.01293	0.01856	0.01068	0.01068	0.03543	0.02081	0.70423	0.02868	0.02474	0.01799	0.00900	0.00731	0.00225	0.00619	0.00731	0.00900	0.01237
26	0.01241	0.00756	0.00819	0.00797	0.00905	0.00765	0.00531	0.04189	0.01375	0.02100	0.02495	0.03826	0.04999	0.36142	0.04853	0.00469	0.00598	0.00897	0.31659	0.00585
27	0.01343	0.01246	0.02071	0.66041	0.04662	0.01535	0.01918	0.01808	0.01473	0.01879	0.01656	0.02478	0.03613	0.00840	0.00747	0.00248	0.00930	0.04365	0.00355	0.00793
28	0.01355	0.00678	0.00678	0.00678	0.00847	0.00678	0.00508	0.01694	0.01524	0.02710	0.02371	0.02710	0.01863	0.00847	0.00508	0.00169	0.00339	0.00678	0.78489	0.00678
29	0.00859	0.00736	0.00736	0.00736	0.00982	0.00614	0.00552	0.01043	0.01657	0.01964	0.07364	0.06996	0.69624	0.01841	0.00859	0.00245	0.00368	0.01534	0.00675	0.00614
30	0.01967	0.02045	0.02788	0.03989	0.57554	0.14483	0.02080	0.02354	0.01729	0.02266	0.01323	0.01710	0.01112	0.00666	0.00708	0.00211	0.00945	0.00615	0.00363	0.01095
31	0.14394	0.54650	0.08343	0.01287	0.01905	0.05551	0.01286	0.02211	0.01468	0.02007	0.01038	0.01203	0.00909	0.00641	0.00489	0.00174	0.00788	0.00404	0.00336	0.00916
32	0.00886	0.00633	0.00843	0.01012	0.01054	0.00590	0.00675	0.01012	0.01392	0.01856	0.04006	0.73979	0.04808	0.02277	0.00928	0.00295	0.00422	0.02066	0.00675	0.00590
33	0.02148	0.02388	0.02612	0.03477	0.44177	0.28282	0.01917	0.02486	0.01809	0.02148	0.01275	0.01613	0.01070	0.00686	0.00695	0.00205	0.01034	0.00579	0.00365	0.01034
34	0.01056	0.00761	0.01010	0.00997	0.01167	0.00715	0.00780	0.01398	0.01983	0.02772	0.56817	0.05966	0.06341	0.01587	0.00886	0.00249	0.00406	0.13651	0.00775	0.00683
35	0.01526	0.01318	0.01661	0.14967	0.02377	0.01139	0.01104	0.04149	0.01564	0.02348	0.01308	0.01599	0.01061	0.00587	0.00581	0.00138	0.00631	0.00480	0.00420	0.61041
36	0.01079	0.00747	0.00876	0.00862	0.00870	0.00782	0.00517	0.01101	0.01066	0.01440	0.02213	0.04511	0.02523	0.67343	0.07530	0.00715	0.03903	0.01023	0.00432	0.00468
37	0.01057	0.00705	0.00793	0.00793	0.00793	0.00705	0.00440	0.01057	0.01057	0.01409	0.02290	0.04757	0.02643	0.74454	0.03700	0.00705	0.00705	0.01057	0.00440	0.00440
38	0.01564	0.01552	0.02176	0.01873	0.01879	0.02164	0.01558	0.01728	0.01116	0.01746	0.01002	0.01651	0.00995	0.01472	0.05687	0.00359	0.69727	0.00643	0.00321	0.00788
39	0.01590	0.01590	0.02226	0.01908	0.01908	0.02226	0.01590	0.01749	0.01113	0.01749	0.00954	0.01590	0.00954	0.01272	0.02385	0.00318	0.73123	0.00636	0.00318	0.00795
40	0.01458	0.03760	0.70688	0.02072	0.03146	0.01688	0.02686	0.02302	0.01535	0.02302	0.01304	0.01535	0.00921	0.00691	0.00691	0.00230	0.01074	0.00537	0.00307	0.01074
41	0.00859	0.00736	0.00736	0.00736	0.00982	0.00614	0.00552	0.01043	0.01657	0.01964	0.07364	0.06996	0.69624	0.01841	0.00859	0.00245	0.00368	0.01534	0.00675	0.00614
42	0.01018	0.00748	0.00957	0.00919	0.01098	0.00686	0.00699	0.01343	0.01991	0.02767	0.58869	0.05762	0.13677	0.01555	0.00866	0.00237	0.00364	0.04988	0.00779	0.00677
43	0.01799	0.01727	0.02950	0.04462	0.69919	0.01727	0.02231	0.02231	0.01655	0.02375	0.01367	0.01799	0.01151	0.00648	0.00720	0.00216	0.00864	0.00648	0.00360	0.01151
44	0.01373	0.01292	0.02180	0.72707	0.05006	0.01615	0.02019	0.01857	0.01453	0.01857	0.01292	0.01938	0.00969	0.00727	0.00727	0.00242	0.00969	0.00646	0.00323	0.00807
45	0.03163	0.01215	0.01655	0.01277	0.01822	0.01052	0.01052	0.03447	0.02080	0.67449	0.05805	0.02604	0.02022	0.00926	0.00737	0.00225	0.00606	0.00757	0.00895	0.01213
46	0.00902	0.00675	0.00838	0.00930	0.01042	0.00611	0.00647	0.01077	0.01562	0.02051	0.15265	0.46904	0.20757	0.02046	0.00900	0.00273	0.00396	0.01818	0.00695	0.00611
47	0.00953	0.00794	0.00839	0.00827	0.01066	0.00711	0.00620	0.01295	0.06701	0.02162	0.14911	0.09366	0.53690	0.01750	0.00853	0.00246	0.00383	0.01476	0.00696	0.00662
48	0.01153	0.00831	0.01146	0.01304	0.01476	0.00824	0.01136	0.01480	0.01672	0.02163	0.04050	0.08131	0.07931	0.01998	0.00996	0.00330	0.00652	0.61391	0.00670	0.00666
49	0.03261	0.01237	0.01687	0.01293	0.01856	0.01068	0.01068	0.03543	0.02081	0.70423	0.02868	0.02474	0.01799	0.00900	0.00731	0.00225	0.00619	0.00731	0.00900	0.01237
50	0.01171	0.00837	0.01171	0.01339	0.01506	0.00837	0.01171	0.01506	0.01673	0.02175	0.03849	0.08199	0.04183	0.02008	0.01004	0.00335	0.00669	0.65027	0.00669	0.00669
51	0.01458	0.03760	0.70688	0.02072	0.03146	0.01688	0.02686	0.02302	0.01535	0.02302	0.01304	0.01535	0.00921	0.00691	0.00691	0.00230	0.01074	0.00537	0.00307	0.01074
52	0.01492	0.01414	0.02396	0.53590	0.23190	0.01646	0.02078	0.01962	0.01510	0.02002	0.01313	0.01899	0.01020	0.00705	0.00725	0.00235	0.00939	0.00646	0.00333	0.00904
53	0.01541	0.01555	0.02836	0.34411	0.09611	0.01680	0.21886	0.02023	0.01531	0.02082	0.01329	0.01871	0.01034	0.00708	0.00868	0.00235	0.06129	0.00692	0.00349	0.07630
54	0.01733	0.01887	0.03870	0.03385	0.20850	0.01823	0.48142	0.02283	0.01679	0.02320	0.01426	0.01906	0.01110	0.00645	0.00875	0.00240	0.03647	0.00796	0.00364	0.01018
55	0.03002	0.01203	0.01619	0.01265	0.01786	0.01060	0.01036	0.03353	0.04482	0.61744	0.09038	0.02756	0.02283	0.00957	0.00743	0.00226	0.00591	0.00788	0.00885	0.01183
56	0.01484	0.03580	0.64038	0.02171	0.03211	0.01703	0.09154	0.02305	0.01553	0.02305	0.01321	0.01577	0.00939	0.00683	0.00707	0.00232	0.01089	0.00569	0.00313	0.01065
57	0.25110	0.14145	0.07091	0.01347	0.01845	0.11084	0.01189	0.12943	0.04763	0.02867	0.07583	0.03942	0.01650	0.00845	0.00607	0.00211	0.00751	0.00609	0.00503	0.00915
58	0.01449	0.01382	0.02345	0.54162	0.09808	0.01576	0.07238	0.01923	0.01497	0.01990	0.01313	0.01884	0.01006	0.00692	0.00718	0.00227	0.00937	0.00641	0.00341	0.08873
59	0.00883	0.00642	0.00834	0.00987	0.01048	0.00593	0.00663	0.01015	0.01416	0.01866	0.04317	0.67783	0.10803	0.02237	0.00921	0.00291	0.00417	0.02017	0.00675	0.00593
