[name]
unknown

[dist]
# distance from previous block
# <min> <max>
20	77

[block]
# block no. 0 follows, 29 sequences, length 68
# corresponding to MSA columns:
# 87-154
name=unknown_A
#
# <colnr> <probs for GDERKNQSTAVLIFYWHMCP>
#	G	D	E	R	K	N	Q	S	T	A	V	L	I	F	Y	W	H	M	C	P
0	0.01844	0.01374	0.01799	0.07827	0.13972	0.01456	0.01292	0.10320	0.15619	0.11892	0.06003	0.02919	0.10042	0.03830	0.00918	0.00245	0.04062	0.00826	0.00601	0.03157
1	0.01915	0.01600	0.01710	0.09684	0.04031	0.09009	0.01222	0.21194	0.12136	0.05746	0.05448	0.05577	0.08838	0.01407	0.06965	0.00305	0.00837	0.00831	0.00596	0.00946
2	0.10016	0.08824	0.01946	0.01405	0.01858	0.05867	0.03572	0.28875	0.07217	0.03196	0.07321	0.04173	0.01836	0.06604	0.00895	0.00245	0.00722	0.00712	0.00584	0.04131
3	0.05061	0.08945	0.01756	0.01271	0.01643	0.01582	0.01027	0.22199	0.05872	0.08183	0.10315	0.02650	0.02158	0.10495	0.08475	0.00366	0.03587	0.00754	0.00590	0.03072
4	0.01829	0.01619	0.04203	0.08586	0.07252	0.06639	0.15307	0.11214	0.03614	0.09531	0.06812	0.05234	0.06557	0.01299	0.06767	0.00304	0.00933	0.00842	0.00528	0.00927
5	0.08051	0.06356	0.01800	0.01397	0.03902	0.01599	0.01105	0.17605	0.10777	0.13195	0.06892	0.02131	0.01760	0.00859	0.00752	0.00205	0.05132	0.00655	0.04276	0.11551
6	0.04679	0.01538	0.01687	0.01374	0.01832	0.07201	0.04776	0.16673	0.07434	0.02738	0.02014	0.16200	0.01890	0.01002	0.00685	0.00196	0.00666	0.00847	0.00551	0.26017
7	0.12525	0.38352	0.11552	0.07033	0.02147	0.06974	0.01365	0.02090	0.01456	0.02005	0.01232	0.05417	0.01115	0.00730	0.00544	0.00186	0.00793	0.00520	0.00352	0.03611
8	0.00994	0.00717	0.00860	0.00920	0.01007	0.00686	0.00614	0.03935	0.01427	0.01876	0.06539	0.40459	0.13461	0.21248	0.01603	0.00382	0.00492	0.01599	0.00608	0.00574
9	0.01208	0.01017	0.01552	0.27545	0.02586	0.01245	0.01287	0.01506	0.01242	0.01728	0.01628	0.02556	0.01487	0.11375	0.27624	0.00632	0.08832	0.00729	0.03537	0.00684
10	0.02268	0.01530	0.02059	0.09051	0.05130	0.04928	0.09337	0.14307	0.06866	0.24043	0.05454	0.02515	0.04488	0.03724	0.00849	0.00242	0.00766	0.00770	0.00641	0.01030
11	0.01436	0.00982	0.01287	0.01209	0.01448	0.00984	0.03488	0.05713	0.10958	0.08642	0.09065	0.28825	0.03415	0.01725	0.03400	0.03979	0.00580	0.06818	0.03095	0.02952
12	0.02551	0.06857	0.02052	0.01760	0.02134	0.65879	0.01335	0.02737	0.01974	0.01746	0.01335	0.01495	0.03636	0.00770	0.00641	0.00184	0.01222	0.00496	0.00375	0.00821
13	0.01782	0.01743	0.02824	0.07058	0.65117	0.04531	0.02144	0.02197	0.01629	0.02282	0.01327	0.01749	0.01112	0.00642	0.00703	0.00211	0.00868	0.00627	0.00352	0.01102
14	0.01818	0.02262	0.11972	0.13325	0.26804	0.17617	0.05578	0.02241	0.01628	0.02055	0.01272	0.01674	0.01034	0.00865	0.03262	0.00250	0.04448	0.00595	0.00343	0.00957
15	0.00847	0.00699	0.00745	0.00782	0.00978	0.00596	0.00568	0.01015	0.01565	0.01900	0.06478	0.21974	0.55598	0.01899	0.00857	0.00251	0.00372	0.01619	0.00661	0.00596
16	0.02366	0.02021	0.01932	0.01598	0.02080	0.11673	0.01276	0.36173	0.26706	0.03571	0.02050	0.01989	0.01514	0.00878	0.00707	0.00219	0.00774	0.00675	0.00669	0.01128
17	0.01792	0.02171	0.07983	0.01993	0.02308	0.19325	0.13749	0.02088	0.01463	0.01850	0.01210	0.01766	0.01078	0.04788	0.05028	0.00319	0.29283	0.00642	0.00343	0.00822
18	0.00926	0.00664	0.00875	0.01023	0.01092	0.00629	0.00727	0.01081	0.01402	0.01850	0.03932	0.55555	0.07254	0.06726	0.01089	0.00319	0.00471	0.13156	0.00646	0.00584
19	0.00924	0.00773	0.00811	0.00793	0.01033	0.00685	0.00597	0.01242	0.05919	0.02127	0.16182	0.06365	0.56653	0.01700	0.00834	0.00238	0.00370	0.01428	0.00683	0.00644
20	0.01320	0.01239	0.02066	0.69691	0.04710	0.01534	0.01907	0.01780	0.01434	0.01824	0.01559	0.02142	0.04362	0.00766	0.00718	0.00237	0.00920	0.00676	0.00333	0.00782
21	0.05296	0.02149	0.01807	0.01571	0.01998	0.23398	0.01232	0.16382	0.26598	0.06629	0.02057	0.02157	0.01582	0.00890	0.00694	0.00219	0.00835	0.02872	0.00608	0.01026
22	0.67302	0.01487	0.01169	0.01025	0.01465	0.04385	0.00838	0.08028	0.01445	0.03235	0.01107	0.01264	0.00853	0.00687	0.00475	0.00216	0.00593	0.00421	0.03198	0.00809
23	0.01365	0.01275	0.02171	0.52032	0.12645	0.01509	0.04304	0.01807	0.01420	0.01878	0.01370	0.02006	0.01091	0.01335	0.10548	0.00359	0.01077	0.00659	0.00332	0.00818
24	0.00871	0.00676	0.00783	0.00852	0.00990	0.00599	0.00596	0.01027	0.01504	0.01904	0.09038	0.36204	0.34946	0.05390	0.01001	0.00282	0.00398	0.01697	0.00657	0.00587
25	0.09583	0.05189	0.15039	0.04046	0.02181	0.14546	0.01449	0.09446	0.08299	0.12599	0.03552	0.01924	0.01401	0.03633	0.00841	0.00236	0.03943	0.00609	0.00515	0.00971
26	0.01590	0.25487	0.46300	0.01845	0.02740	0.02019	0.06425	0.02219	0.01498	0.02080	0.01200	0.01420	0.00917	0.00651	0.00620	0.00204	0.00973	0.00502	0.00306	0.01004
27	0.03195	0.01212	0.01652	0.01267	0.01818	0.01047	0.01047	0.03470	0.02038	0.71026	0.02809	0.02424	0.01763	0.00881	0.00716	0.00220	0.00606	0.00716	0.00881	0.01212
28	0.01363	0.01284	0.02168	0.70276	0.07751	0.01587	0.01987	0.01835	0.01432	0.01841	0.01269	0.01893	0.00957	0.00709	0.00712	0.00236	0.00945	0.00633	0.00318	0.00806
29	0.05622	0.03917	0.11602	0.05579	0.05955	0.01444	0.01422	0.13500	0.02053	0.33599	0.03798	0.02319	0.01621	0.00866	0.00704	0.00223	0.00728	0.03284	0.00665	0.01099
30	0.00943	0.03440	0.00953	0.00954	0.01068	0.00694	0.00681	0.01118	0.01511	0.01998	0.15150	0.46046	0.13827	0.04237	0.00959	0.00281	0.00425	0.04447	0.00661	0.00608
31	0.01036	0.00690	0.00777	0.00777	0.00777	0.00690	0.00431	0.01036	0.01036	0.01381	0.02244	0.04660	0.02589	0.74975	0.03624	0.00690	0.00690	0.01036	0.00431	0.00431
32	0.08374	0.61361	0.10911	0.01284	0.01927	0.02588	0.01336	0.02142	0.01433	0.01866	0.01022	0.01183	0.00901	0.00621	0.00480	0.00166	0.00776	0.00397	0.00316	0.00917
33	0.02033	0.01744	0.04164	0.08769	0.28800	0.03648	0.07213	0.17054	0.04397	0.08440	0.01727	0.02189	0.01370	0.00797	0.00733	0.00224	0.00847	0.04271	0.00503	0.01075
34	0.01272	0.00899	0.01117	0.01166	0.01363	0.00901	0.00914	0.04353	0.10185	0.05994	0.03943	0.29776	0.10836	0.01810	0.00884	0.00284	0.00531	0.22355	0.00682	0.00736
35	0.07219	0.02215	0.23059	0.02279	0.19084	0.01656	0.01805	0.08083	0.15267	0.02671	0.01770	0.01912	0.02831	0.00754	0.00673	0.00216	0.00792	0.00624	0.00460	0.06632
36	0.01896	0.05419	0.05410	0.03923	0.02350	0.09302	0.16153	0.02229	0.01562	0.11511	0.04660	0.01951	0.01396	0.00914	0.01219	0.00244	0.23531	0.00684	0.04755	0.00891
37	0.01372	0.01266	0.02134	0.64357	0.09778	0.01543	0.01926	0.01803	0.01415	0.01830	0.01270	0.01901	0.00977	0.00793	0.00814	0.04152	0.00925	0.00632	0.00319	0.00793
38	0.02627	0.06517	0.02092	0.01808	0.02185	0.69111	0.01369	0.02813	0.01993	0.01740	0.01096	0.01278	0.00917	0.00728	0.00634	0.00182	0.01261	0.00455	0.00364	0.00829
39	0.01779	0.01484	0.01513	0.01357	0.01742	0.05022	0.01054	0.03329	0.51793	0.07229	0.05766	0.03124	0.09573	0.01057	0.00737	0.00237	0.00572	0.00875	0.00713	0.01044
40	0.01023	0.00765	0.01008	0.01017	0.03779	0.00706	0.00720	0.01348	0.01966	0.02753	0.61923	0.05314	0.12087	0.01454	0.00835	0.00225	0.00358	0.01281	0.00756	0.00684
41	0.01803	0.01546	0.01628	0.01456	0.01864	0.01786	0.01135	0.05992	0.66986	0.03030	0.02857	0.02624	0.02141	0.00962	0.00724	0.00241	0.00571	0.00799	0.00724	0.01130
42	0.01237	0.00618	0.00928	0.00928	0.00928	0.00618	0.00618	0.00928	0.00928	0.01237	0.01237	0.02165	0.01237	0.02474	0.02783	0.79283	0.00618	0.00618	0.00309	0.00309
43	0.02660	0.03394	0.02018	0.01834	0.02201	0.72116	0.01376	0.02843	0.02018	0.01743	0.01101	0.01284	0.00917	0.00734	0.00642	0.00183	0.01284	0.00459	0.00367	0.00825
44	0.02471	0.01802	0.01991	0.05111	0.02226	0.01993	0.01310	0.49833	0.12197	0.07746	0.04596	0.02030	0.01577	0.00888	0.00719	0.00219	0.00734	0.00693	0.00706	0.01158
45	0.01147	0.00820	0.01147	0.01311	0.01475	0.00820	0.01147	0.01475	0.01639	0.02131	0.03770	0.08032	0.04098	0.01967	0.00984	0.00328	0.00656	0.65741	0.00656	0.00656
46	0.00859	0.00713	0.00755	0.00784	0.00995	0.00608	0.00585	0.01039	0.01591	0.01920	0.06632	0.15570	0.58763	0.01866	0.00857	0.00251	0.00381	0.04571	0.00661	0.00601
47	0.02495	0.01889	0.02018	0.01596	0.02128	0.02109	0.01302	0.53616	0.18235	0.04147	0.01978	0.01924	0.01428	0.00880	0.00715	0.00220	0.00734	0.00678	0.00715	0.01192
48	0.76199	0.01369	0.01077	0.00953	0.01399	0.01570	0.00785	0.02161	0.01253	0.06555	0.01082	0.01220	0.00820	0.00672	0.00454	0.00220	0.00554	0.00402	0.00462	0.00793
49	0.01040	0.00797	0.01188	0.01175	0.01297	0.00945	0.00918	0.01290	0.01142	0.01656	0.01866	0.02745	0.01744	0.05166	0.69186	0.01109	0.04957	0.00757	0.00378	0.00642
50	0.01123	0.00754	0.00983	0.00911	0.01102	0.00690	0.00689	0.01451	0.02005	0.06579	0.64549	0.05206	0.08366	0.01435	0.00833	0.00224	0.00352	0.01263	0.00786	0.00699
51	0.01666	0.01685	0.03097	0.13809	0.38103	0.01738	0.20279	0.02128	0.01575	0.02200	0.01330	0.01813	0.01076	0.00676	0.00850	0.00230	0.05699	0.00690	0.00347	0.01010
52	0.05333	0.04889	0.02364	0.56222	0.04356	0.04520	0.08638	0.01936	0.01465	0.01925	0.01251	0.01804	0.00951	0.00694	0.00697	0.00231	0.00960	0.00623	0.00329	0.00815
53	0.14280	0.01284	0.01957	0.61370	0.04324	0.01585	0.01779	0.01864	0.01389	0.02046	0.01221	0.01776	0.00920	0.00704	0.00667	0.00235	0.00884	0.00592	0.00337	0.00788
54	0.01525	0.03547	0.67453	0.01988	0.03012	0.01620	0.02544	0.02322	0.01533	0.06040	0.01362	0.01554	0.00949	0.00688	0.00679	0.00225	0.01028	0.00537	0.00333	0.01061
55	0.00982	0.00762	0.00919	0.01000	0.01198	0.00700	0.00822	0.01227	0.01620	0.02014	0.05520	0.09988	0.37621	0.01894	0.00909	0.00282	0.00497	0.30761	0.00659	0.00625
56	0.05015	0.01240	0.01395	0.01203	0.01559	0.05181	0.00940	0.04643	0.14409	0.24839	0.20639	0.06666	0.03184	0.01174	0.00842	0.03921	0.00559	0.00916	0.00737	0.00939
57	0.01724	0.01721	0.02975	0.12494	0.50454	0.03623	0.12182	0.02173	0.01617	0.02242	0.01339	0.01790	0.01093	0.00641	0.00725	0.00218	0.00925	0.00661	0.00350	0.01053
58	0.03195	0.01212	0.01652	0.01267	0.01818	0.01047	0.01047	0.03470	0.02038	0.71026	0.02809	0.02424	0.01763	0.00881	0.00716	0.00220	0.00606	0.00716	0.00881	0.01212
59	0.01345	0.01266	0.02136	0.73264	0.04904	0.01582	0.01978	0.01819	0.01424	0.01819	0.01266	0.01898	0.00949	0.00712	0.00712	0.00237	0.00949	0.00633	0.00316	0.00791
60	0.01667	0.01803	0.06682	0.06737	0.39739	0.04477	0.15943	0.02125	0.01585	0.02196	0.01403	0.01875	0.01156	0.01121	0.08072	0.00314	0.01064	0.00678	0.00353	0.01010
61	0.00868	0.00620	0.00826	0.00991	0.01033	0.00578	0.00661	0.00991	0.01363	0.01818	0.03925	0.74510	0.04710	0.02231	0.00909	0.00289	0.00413	0.02024	0.00661	0.00578
62	0.01036	0.00690	0.00777	0.00777	0.00777	0.00690	0.00431	0.01036	0.01036	0.01381	0.02244	0.04660	0.02589	0.74975	0.03624	0.00690	0.00690	0.01036	0.00431	0.00431
63	0.01933	0.72664	0.03666	0.01242	0.01842	0.05454	0.01224	0.02159	0.01469	0.01678	0.00994	0.01148	0.00914	0.00614	0.00464	0.00153	0.00781	0.00384	0.00307	0.00910
64	0.05759	0.03357	0.61518	0.02065	0.06671	0.01623	0.02445	0.02215	0.01509	0.02329	0.03328	0.01613	0.01082	0.00697	0.00670	0.00224	0.00992	0.00547	0.00326	0.01030
65	0.01137	0.00812	0.01135	0.01299	0.01458	0.00810	0.01129	0.01457	0.01629	0.02119	0.03776	0.10561	0.04121	0.01977	0.00981	0.00326	0.00646	0.63316	0.00656	0.00653
66	0.01477	0.01266	0.01477	0.01055	0.01687	0.00949	0.00844	0.01793	0.01477	0.02320	0.01266	0.01477	0.01055	0.00527	0.00527	0.00105	0.00527	0.00422	0.00422	0.79328
67	0.01667	0.10304	0.27135	0.02531	0.12842	0.05353	0.20233	0.02228	0.01558	0.02146	0.01267	0.01611	0.00988	0.00688	0.00825	0.00224	0.06462	0.00617	0.00329	0.00992

[dist]
# distance from previous block
# <min> <max>
0	2

[block]
# block no. 1 follows, 29 sequences, length 16
# corresponding to MSA columns:
# 157-172
name=unknown_B
#
# <colnr> <probs for GDERKNQSTAVLIFYWHMCP>
#	G	D	E	R	K	N	Q	S	T	A	V	L	I	F	Y	W	H	M	C	P
0	0.01377	0.01298	0.02193	0.68007	0.09912	0.01590	0.01993	0.01847	0.01439	0.01858	0.01271	0.01888	0.00963	0.00706	0.00711	0.00235	0.00941	0.00633	0.00319	0.00817
1	0.01904	0.75404	0.03731	0.01218	0.01828	0.02818	0.01218	0.02132	0.01447	0.01675	0.00990	0.01142	0.00914	0.00609	0.00457	0.00152	0.00761	0.00381	0.00305	0.00914
2	0.01004	0.00768	0.00926	0.00889	0.01083	0.00714	0.00665	0.01389	0.05855	0.02576	0.46996	0.08932	0.22452	0.01553	0.00837	0.00232	0.00359	0.01350	0.00743	0.00676
3	0.01041	0.00757	0.00964	0.00909	0.01072	0.00718	0.00671	0.01418	0.04670	0.02739	0.61842	0.05157	0.06195	0.07476	0.01064	0.00263	0.00374	0.01247	0.00752	0.00671
4	0.02542	0.01913	0.02044	0.01605	0.02146	0.02131	0.01314	0.56852	0.14922	0.04223	0.01918	0.01876	0.01380	0.00874	0.00714	0.00219	0.00745	0.00670	0.00714	0.01196
5	0.01225	0.00623	0.00919	0.00919	0.00919	0.00623	0.00607	0.00934	0.00934	0.01245	0.01296	0.02312	0.01317	0.06768	0.02833	0.74627	0.00623	0.00643	0.00316	0.00316
6	0.02660	0.03394	0.02018	0.01834	0.02201	0.72116	0.01376	0.02843	0.02018	0.01743	0.01101	0.01284	0.00917	0.00734	0.00642	0.00183	0.01284	0.00459	0.00367	0.00825
7	0.01212	0.00818	0.01017	0.01063	0.01221	0.00803	0.00758	0.01645	0.11486	0.08108	0.08409	0.49543	0.07420	0.01852	0.00857	0.00269	0.00444	0.01654	0.00698	0.00722
8	0.01077	0.00793	0.01049	0.01164	0.01343	0.00765	0.00992	0.01377	0.01667	0.02151	0.09887	0.07582	0.17031	0.01894	0.00944	0.00303	0.00573	0.48094	0.00667	0.00647
9	0.00855	0.00717	0.00743	0.00746	0.00972	0.00605	0.00556	0.01044	0.01640	0.01987	0.11648	0.09693	0.62764	0.01797	0.00844	0.00241	0.00361	0.01510	0.00670	0.00605
10	0.02707	0.01995	0.02137	0.01638	0.02208	0.02208	0.01353	0.68159	0.03348	0.04488	0.01710	0.01710	0.01211	0.00855	0.00712	0.00214	0.00784	0.00641	0.00712	0.01211
11	0.80005	0.01377	0.01047	0.00936	0.01377	0.01597	0.00771	0.02093	0.01212	0.03195	0.00991	0.01157	0.00771	0.00661	0.00441	0.00220	0.00551	0.00386	0.00441	0.00771
12	0.01017	0.00763	0.01144	0.01144	0.01272	0.00890	0.00890	0.01272	0.01144	0.01653	0.01907	0.02797	0.01780	0.05340	0.72153	0.01144	0.01907	0.00763	0.00381	0.00636
13	0.01116	0.00738	0.00915	0.00891	0.01055	0.00673	0.00640	0.01336	0.01698	0.07230	0.33128	0.17111	0.16944	0.11847	0.01231	0.00303	0.00422	0.01376	0.00699	0.00649
14	0.07312	0.01894	0.02033	0.01566	0.02127	0.02077	0.01294	0.58942	0.03114	0.09878	0.01758	0.01736	0.01230	0.00846	0.00697	0.00215	0.00755	0.00632	0.00710	0.01185
15	0.01374	0.00746	0.00800	0.03313	0.01053	0.00772	0.00604	0.04495	0.01555	0.02661	0.02241	0.02593	0.01766	0.01018	0.03551	0.00212	0.00440	0.00666	0.69451	0.00690

[dist]
# distance from previous block
# <min> <max>
1	6

[block]
# block no. 2 follows, 29 sequences, length 108
# corresponding to MSA columns:
# 179-286
name=unknown_C
#
# <colnr> <probs for GDERKNQSTAVLIFYWHMCP>
#	G	D	E	R	K	N	Q	S	T	A	V	L	I	F	Y	W	H	M	C	P
0	0.01097	0.00783	0.01005	0.00977	0.01021	0.00874	0.00671	0.01187	0.01088	0.01540	0.01999	0.03673	0.02128	0.42593	0.22792	0.03725	0.07418	0.00889	0.04013	0.00526
1	0.00889	0.00665	0.00825	0.00908	0.01022	0.00602	0.00634	0.01068	0.01553	0.02046	0.17646	0.44711	0.20884	0.01977	0.00879	0.00265	0.00385	0.01755	0.00685	0.00602
2	0.01500	0.05963	0.65939	0.01995	0.03001	0.04933	0.02528	0.02278	0.01525	0.02213	0.01261	0.01482	0.00903	0.00677	0.00668	0.00221	0.01054	0.00518	0.00304	0.01037
3	0.01424	0.03549	0.67436	0.05995	0.03183	0.01650	0.02595	0.02231	0.01499	0.02231	0.01277	0.01525	0.00905	0.00678	0.00678	0.00226	0.01047	0.00532	0.00302	0.01038
4	0.56981	0.01364	0.01251	0.01053	0.01527	0.01486	0.00868	0.05511	0.01520	0.20417	0.01485	0.01503	0.01042	0.00726	0.00523	0.00220	0.00576	0.00481	0.00565	0.00903
5	0.01396	0.01318	0.02229	0.64752	0.13012	0.01596	0.02003	0.01865	0.01448	0.01882	0.01275	0.01882	0.00971	0.00702	0.00711	0.00234	0.00936	0.00633	0.00321	0.00833
6	0.01811	0.01859	0.04972	0.06904	0.33947	0.11594	0.01736	0.08904	0.01778	0.02327	0.01749	0.05359	0.04469	0.01132	0.05381	0.00279	0.03687	0.00718	0.00417	0.00977
7	0.00892	0.00637	0.00854	0.01019	0.01071	0.00599	0.00703	0.01033	0.01387	0.01845	0.03911	0.68750	0.04657	0.02208	0.00915	0.00293	0.00434	0.07545	0.00661	0.00585
8	0.01036	0.00690	0.00777	0.00777	0.00777	0.00690	0.00431	0.01036	0.01036	0.01381	0.02244	0.04660	0.02589	0.74975	0.03624	0.00690	0.00690	0.01036	0.00431	0.00431
9	0.04033	0.63929	0.12507	0.01317	0.01979	0.02631	0.01391	0.02147	0.01448	0.01794	0.01028	0.01190	0.00908	0.00619	0.00485	0.00164	0.00794	0.00400	0.00308	0.00928
10	0.01471	0.02593	0.35676	0.05039	0.07413	0.03391	0.18766	0.02099	0.01586	0.02227	0.04867	0.06249	0.03734	0.00821	0.00747	0.00232	0.00985	0.00770	0.00377	0.00958
11	0.01147	0.00820	0.01147	0.01311	0.01475	0.00820	0.01147	0.01475	0.01639	0.02131	0.03770	0.08032	0.04098	0.01967	0.00984	0.00328	0.00656	0.65741	0.00656	0.00656
12	0.01461	0.01271	0.01562	0.01143	0.01732	0.01006	0.02985	0.01773	0.01464	0.02276	0.01367	0.04463	0.01200	0.00625	0.00619	0.00125	0.03218	0.00508	0.00426	0.70776
13	0.05649	0.02526	0.33671	0.06897	0.09410	0.01657	0.08153	0.10366	0.03986	0.02622	0.03783	0.01822	0.01258	0.00732	0.00688	0.00222	0.00907	0.00622	0.04018	0.01011
14	0.01434	0.01320	0.02161	0.66984	0.06938	0.01621	0.01950	0.05525	0.01538	0.01985	0.01293	0.01883	0.00970	0.00717	0.00712	0.00235	0.00937	0.00633	0.00340	0.00826
15	0.01884	0.72888	0.03628	0.01200	0.01794	0.02745	0.01194	0.02116	0.01448	0.01708	0.01035	0.01193	0.00944	0.00617	0.00458	0.00153	0.00747	0.00390	0.02951	0.00905
16	0.04049	0.01024	0.01133	0.01023	0.01258	0.01092	0.00777	0.17688	0.01844	0.02766	0.04525	0.10093	0.02190	0.10504	0.09540	0.00374	0.00689	0.00867	0.27804	0.00761
17	0.01002	0.00721	0.00909	0.00865	0.01010	0.00670	0.00624	0.01273	0.01830	0.02554	0.55035	0.05307	0.10028	0.13570	0.01298	0.00302	0.00396	0.01260	0.00718	0.00628
18	0.02567	0.01925	0.02058	0.01610	0.02155	0.02143	0.01320	0.58547	0.13188	0.04262	0.01887	0.01851	0.01355	0.00871	0.00714	0.00218	0.00751	0.00666	0.00714	0.01198
19	0.01237	0.00618	0.00928	0.00928	0.00928	0.00618	0.00618	0.00928	0.00928	0.01237	0.01237	0.02165	0.01237	0.02474	0.02783	0.79283	0.00618	0.00618	0.00309	0.00309
20	0.02660	0.03394	0.02018	0.01834	0.02201	0.72116	0.01376	0.02843	0.02018	0.01743	0.01101	0.01284	0.00917	0.00734	0.00642	0.00183	0.01284	0.00459	0.00367	0.00825
21	0.01771	0.01530	0.01610	0.01449	0.01852	0.01771	0.01127	0.03784	0.69247	0.02979	0.02898	0.02657	0.02174	0.00966	0.00725	0.00242	0.00564	0.00805	0.00725	0.01127
22	0.01112	0.00801	0.01098	0.01221	0.01389	0.00787	0.01047	0.01434	0.01696	0.02232	0.14104	0.07562	0.07543	0.01881	0.00955	0.00308	0.00593	0.52906	0.00676	0.00656
23	0.00843	0.00716	0.00727	0.00736	0.00966	0.00600	0.00548	0.01020	0.01609	0.01918	0.07030	0.10620	0.66596	0.01827	0.00845	0.00243	0.00364	0.01532	0.00661	0.00600
24	0.02707	0.01995	0.02137	0.01638	0.02208	0.02208	0.01353	0.68159	0.03348	0.04488	0.01710	0.01710	0.01211	0.00855	0.00712	0.00214	0.00784	0.00641	0.00712	0.01211
25	0.80005	0.01377	0.01047	0.00936	0.01377	0.01597	0.00771	0.02093	0.01212	0.03195	0.00991	0.01157	0.00771	0.00661	0.00441	0.00220	0.00551	0.00386	0.00441	0.00771
26	0.01017	0.00763	0.01144	0.01144	0.01272	0.00890	0.00890	0.01272	0.01144	0.01653	0.01907	0.02797	0.01780	0.05340	0.72153	0.01144	0.01907	0.00763	0.00381	0.00636
27	0.03141	0.01224	0.01651	0.01274	0.01819	0.01074	0.01050	0.03482	0.04572	0.68461	0.02813	0.02432	0.01778	0.00885	0.00716	0.00221	0.00604	0.00719	0.00875	0.01209
28	0.01691	0.01619	0.02762	0.16086	0.59373	0.01673	0.02150	0.02123	0.01588	0.02240	0.01327	0.01786	0.01098	0.00648	0.00706	0.00216	0.00863	0.00634	0.00346	0.01071
29	0.02455	0.02568	0.01815	0.01597	0.01977	0.44203	0.01223	0.11026	0.04369	0.08275	0.08040	0.01939	0.01670	0.00843	0.00671	0.00195	0.00998	0.00605	0.04634	0.00895
30	0.60746	0.01372	0.01384	0.16263	0.02201	0.01601	0.03313	0.02042	0.01273	0.02874	0.01065	0.01339	0.00819	0.00670	0.00511	0.00225	0.00657	0.00453	0.00412	0.00782
31	0.01422	0.01408	0.04507	0.52791	0.18111	0.01564	0.01995	0.01890	0.01479	0.01955	0.01421	0.02199	0.01160	0.00765	0.00724	0.00237	0.00915	0.04254	0.00342	0.00861
32	0.01084	0.00794	0.01062	0.01199	0.01370	0.00772	0.01025	0.01378	0.01624	0.02082	0.04344	0.10926	0.15006	0.01952	0.00957	0.00312	0.00596	0.52215	0.00657	0.00643
33	0.14986	0.46713	0.05167	0.01292	0.01855	0.09236	0.01211	0.06322	0.03890	0.02171	0.01120	0.01257	0.00951	0.00659	0.00504	0.00176	0.00781	0.00424	0.00373	0.00912
34	0.01521	0.10036	0.53111	0.02201	0.06797	0.01782	0.10341	0.02243	0.01526	0.02208	0.01274	0.01534	0.00937	0.00659	0.00677	0.00220	0.01032	0.00557	0.00311	0.01033
35	0.03195	0.01212	0.01652	0.01267	0.01818	0.01047	0.01047	0.03470	0.02038	0.71026	0.02809	0.02424	0.01763	0.00881	0.00716	0.00220	0.00606	0.00716	0.00881	0.01212
36	0.00910	0.00804	0.04744	0.01018	0.01131	0.00648	0.00752	0.01078	0.01396	0.01865	0.06256	0.60226	0.08862	0.05468	0.01015	0.00299	0.00455	0.01834	0.00635	0.00603
37	0.04058	0.01641	0.13990	0.17328	0.10173	0.01355	0.08449	0.04859	0.01537	0.02187	0.01881	0.13983	0.01768	0.01102	0.00873	0.05383	0.00807	0.02939	0.04855	0.00832
38	0.00883	0.00638	0.00828	0.00959	0.01023	0.00591	0.00647	0.01025	0.01425	0.01899	0.09685	0.62077	0.09098	0.04391	0.00983	0.00293	0.00412	0.01897	0.00664	0.00583
39	0.01036	0.00690	0.00777	0.00777	0.00777	0.00690	0.00431	0.01036	0.01036	0.01381	0.02244	0.04660	0.02589	0.74975	0.03624	0.00690	0.00690	0.01036	0.00431	0.00431
40	0.01943	0.08506	0.28868	0.02026	0.06398	0.25892	0.04471	0.02538	0.06565	0.02077	0.01312	0.01517	0.01021	0.00725	0.00712	0.00209	0.03366	0.00534	0.00360	0.00962
41	0.01919	0.05578	0.01996	0.09944	0.11658	0.03798	0.04374	0.17092	0.06409	0.06809	0.01922	0.02361	0.01524	0.00845	0.00672	0.00212	0.00719	0.04328	0.16878	0.00961
42	0.01242	0.00838	0.01171	0.01309	0.01491	0.00830	0.01143	0.01567	0.01658	0.05301	0.03726	0.07774	0.03991	0.01917	0.00971	0.00323	0.00653	0.62749	0.00666	0.00681
43	0.01569	0.03947	0.01696	0.01167	0.01799	0.01118	0.03416	0.05575	0.01589	0.02419	0.01288	0.01495	0.01060	0.00551	0.00547	0.00118	0.00575	0.00449	0.00432	0.69192
44	0.01716	0.07430	0.40628	0.02002	0.06587	0.07239	0.06166	0.02321	0.01639	0.08356	0.05116	0.02052	0.01441	0.00781	0.00696	0.00221	0.00956	0.03246	0.00405	0.01002
45	0.01468	0.01424	0.02340	0.56391	0.16729	0.03534	0.04245	0.01930	0.01485	0.01925	0.01280	0.01858	0.00985	0.00695	0.00713	0.00231	0.00948	0.00635	0.00326	0.00859
46	0.02590	0.07355	0.02105	0.01780	0.02169	0.63504	0.01358	0.05058	0.04244	0.01873	0.01174	0.01336	0.00968	0.00738	0.00637	0.00185	0.01214	0.00472	0.00387	0.00854
47	0.04036	0.00941	0.01181	0.01019	0.01311	0.00879	0.00794	0.05985	0.02053	0.15320	0.48257	0.04257	0.05023	0.01246	0.00782	0.00217	0.00429	0.01075	0.00770	0.04426
48	0.00998	0.00727	0.00939	0.00886	0.01058	0.00668	0.00664	0.01326	0.01993	0.02803	0.66600	0.05406	0.10310	0.01475	0.00840	0.00225	0.00337	0.01300	0.00777	0.00668
49	0.02620	0.01951	0.02088	0.01621	0.02175	0.02168	0.01332	0.62167	0.09482	0.04347	0.01820	0.01798	0.01301	0.00865	0.00713	0.00216	0.00763	0.00656	0.00713	0.01203
50	0.01327	0.00707	0.00981	0.00951	0.00996	0.00720	0.00651	0.05081	0.01113	0.01526	0.01360	0.02235	0.01308	0.04260	0.02539	0.67449	0.00613	0.00634	0.05160	0.00389
51	0.02666	0.03208	0.02034	0.01808	0.02202	0.62832	0.01373	0.11518	0.02195	0.02107	0.01182	0.01341	0.00956	0.00750	0.00651	0.00187	0.01218	0.00483	0.00413	0.00877
52	0.03139	0.01224	0.01651	0.01274	0.01819	0.01075	0.01050	0.03482	0.04653	0.68378	0.02813	0.02433	0.01779	0.00885	0.00716	0.00221	0.00604	0.00720	0.00875	0.01209
53	0.01098	0.00785	0.01084	0.01213	0.01366	0.00772	0.01023	0.01407	0.01673	0.02218	0.14543	0.14064	0.04582	0.01910	0.00953	0.00307	0.00580	0.49093	0.00677	0.00651
54	0.00903	0.00724	0.00806	0.00785	0.00999	0.00627	0.00589	0.01140	0.01767	0.02265	0.30300	0.06290	0.46944	0.01676	0.00841	0.00234	0.00352	0.01424	0.00706	0.00627
55	0.02125	0.01716	0.01783	0.01512	0.01969	0.03997	0.01200	0.23174	0.45209	0.05550	0.02483	0.02322	0.01832	0.00923	0.00718	0.00231	0.00653	0.00742	0.00715	0.01146
56	0.76437	0.01369	0.01075	0.00952	0.01398	0.01572	0.00784	0.02157	0.01250	0.06346	0.01076	0.01216	0.00817	0.00671	0.00453	0.00220	0.00553	0.00401	0.00461	0.00792
57	0.01030	0.00692	0.00798	0.00803	0.00811	0.00698	0.00463	0.01047	0.01051	0.01408	0.02271	0.06462	0.02602	0.69114	0.07366	0.00705	0.00751	0.01047	0.00435	0.00447
58	0.00940	0.00630	0.00801	0.00934	0.00989	0.00597	0.00624	0.01083	0.01359	0.01900	0.03602	0.60398	0.04188	0.06804	0.01032	0.00299	0.00420	0.01779	0.11040	0.00580
59	0.01489	0.01553	0.02843	0.21588	0.03407	0.04137	0.31124	0.01936	0.01541	0.02032	0.01774	0.10948	0.01634	0.00953	0.00920	0.00253	0.06125	0.04511	0.00398	0.00834
60	0.02660	0.03394	0.02018	0.01834	0.02201	0.72116	0.01376	0.02843	0.02018	0.01743	0.01101	0.01284	0.00917	0.00734	0.00642	0.00183	0.01284	0.00459	0.00367	0.00825
61	0.77230	0.01373	0.01085	0.03488	0.01502	0.01597	0.00814	0.02083	0.01219	0.03146	0.01001	0.01183	0.00777	0.00663	0.00450	0.00221	0.00565	0.00394	0.00436	0.00772
62	0.01811	0.59839	0.12514	0.01338	0.01973	0.04369	0.01392	0.02119	0.01452	0.01753	0.01082	0.01286	0.00961	0.00885	0.04483	0.00218	0.00878	0.00423	0.00310	0.00914
63	0.01320	0.00836	0.01076	0.00983	0.01207	0.00787	0.00748	0.01751	0.06494	0.11163	0.54356	0.07969	0.05715	0.01388	0.00820	0.00228	0.00388	0.01219	0.00786	0.00764
64	0.06825	0.15052	0.11405	0.08568	0.14246	0.10361	0.01547	0.04803	0.01704	0.04533	0.10111	0.04459	0.01850	0.00832	0.00658	0.00207	0.00813	0.00670	0.00438	0.00918
65	0.01776	0.01608	0.02021	0.33210	0.07066	0.07260	0.01611	0.15069	0.11267	0.02519	0.01714	0.06137	0.01397	0.00879	0.00775	0.00233	0.03329	0.00726	0.00476	0.00928
66	0.06317	0.01219	0.01628	0.01253	0.01800	0.01069	0.01035	0.03414	0.02004	0.68269	0.02735	0.02372	0.01722	0.00872	0.00705	0.00220	0.00604	0.00703	0.00863	0.01194
67	0.01066	0.00825	0.00956	0.00898	0.01115	0.00778	0.00676	0.03832	0.06408	0.02565	0.39864	0.05507	0.27537	0.03718	0.00911	0.00244	0.00387	0.01297	0.00725	0.00691
68	0.13997	0.11259	0.47889	0.01759	0.02624	0.01749	0.04315	0.02186	0.01473	0.02360	0.03469	0.01547	0.01080	0.00689	0.00625	0.00217	0.00921	0.00523	0.00341	0.00976
69	0.01021	0.00696	0.00886	0.00921	0.00962	0.00715	0.00608	0.01091	0.01134	0.01535	0.02465	0.15781	0.02765	0.41176	0.17124	0.05144	0.00890	0.04124	0.00462	0.00501
70	0.01036	0.00690	0.00777	0.00777	0.00777	0.00690	0.00431	0.01036	0.01036	0.01381	0.02244	0.04660	0.02589	0.74975	0.03624	0.00690	0.00690	0.01036	0.00431	0.00431
71	0.01564	0.04344	0.15781	0.18054	0.33982	0.01633	0.04197	0.02067	0.01555	0.02168	0.01494	0.02217	0.01271	0.00761	0.00719	0.00228	0.00901	0.05713	0.00357	0.00993
72	0.01451	0.01427	0.04796	0.36641	0.19834	0.01523	0.01806	0.02079	0.09652	0.02111	0.01896	0.06335	0.03642	0.00881	0.00734	0.00237	0.00824	0.02815	0.00414	0.00901
73	0.01127	0.00813	0.01119	0.01273	0.01442	0.00805	0.01108	0.01446	0.01638	0.02117	0.03996	0.07955	0.08443	0.01956	0.00974	0.00322	0.00636	0.61521	0.00656	0.00652
74	0.01477	0.01266	0.01477	0.01055	0.01687	0.00949	0.00844	0.01793	0.01477	0.02320	0.01266	0.01477	0.01055	0.00527	0.00527	0.00105	0.00527	0.00422	0.00422	0.79328
75	0.04014	0.02969	0.50179	0.04789	0.10498	0.01569	0.04468	0.02144	0.01556	0.02333	0.07538	0.01896	0.01459	0.00741	0.00693	0.00225	0.00949	0.00617	0.00358	0.01004
76	0.01433	0.01349	0.02284	0.52613	0.15328	0.01605	0.04129	0.01854	0.01426	0.01889	0.01263	0.01867	0.00993	0.00795	0.00890	0.03314	0.05172	0.00639	0.00323	0.00833
77	0.01904	0.75404	0.03731	0.01218	0.01828	0.02818	0.01218	0.02132	0.01447	0.01675	0.00990	0.01142	0.00914	0.00609	0.00457	0.00152	0.00761	0.00381	0.00305	0.00914
78	0.11264	0.01729	0.01896	0.03913	0.02105	0.01875	0.01236	0.45628	0.02784	0.15194	0.04101	0.01894	0.01430	0.00853	0.00687	0.00217	0.00719	0.00647	0.00699	0.01130
79	0.03012	0.01374	0.01737	0.01346	0.01890	0.01305	0.01107	0.15158	0.06773	0.54471	0.02617	0.02310	0.01691	0.00882	0.00716	0.00221	0.00635	0.00709	0.00840	0.01206
80	0.02610	0.01916	0.02055	0.01580	0.02135	0.02104	0.01302	0.63274	0.03211	0.04342	0.01720	0.01740	0.01231	0.00843	0.00698	0.00208	0.00757	0.00635	0.03882	0.03756
81	0.00892	0.00636	0.00838	0.00969	0.01023	0.00595	0.00650	0.01034	0.01420	0.01913	0.11352	0.62989	0.04826	0.05965	0.01044	0.00303	0.00419	0.01889	0.00663	0.00581
82	0.08966	0.01629	0.01685	0.05343	0.01960	0.04113	0.01136	0.39306	0.04695	0.03668	0.01780	0.01904	0.01319	0.00824	0.00638	0.00205	0.00679	0.00623	0.18518	0.01009
83	0.10638	0.01159	0.01491	0.01180	0.01665	0.01048	0.00965	0.03026	0.01951	0.54406	0.12279	0.02711	0.02373	0.00941	0.00706	0.00221	0.00562	0.00765	0.00823	0.01090
84	0.00879	0.00624	0.00823	0.00977	0.01016	0.00586	0.00646	0.00994	0.01341	0.01788	0.03812	0.69829	0.04567	0.07106	0.01091	0.00316	0.00432	0.01958	0.00646	0.00569
85	0.00966	0.00726	0.00894	0.00852	0.01038	0.00654	0.00639	0.01263	0.01918	0.02623	0.54449	0.05702	0.22573	0.01542	0.00840	0.00228	0.00342	0.01341	0.00753	0.00654
86	0.02771	0.01891	0.02073	0.01589	0.02157	0.02055	0.01313	0.59609	0.03175	0.13282	0.01855	0.01804	0.01284	0.00858	0.00713	0.00215	0.00760	0.00651	0.00735	0.01211
87	0.80005	0.01377	0.01047	0.00936	0.01377	0.01597	0.00771	0.02093	0.01212	0.03195	0.00991	0.01157	0.00771	0.00661	0.00441	0.00220	0.00551	0.00386	0.00441	0.00771
88	0.00877	0.00626	0.00837	0.01002	0.01047	0.00586	0.00677	0.01007	0.01372	0.01828	0.03920	0.72323	0.04689	0.02222	0.00911	0.00290	0.00421	0.04121	0.00661	0.00581
89	0.00911	0.00751	0.00803	0.00785	0.01016	0.00658	0.00591	0.01190	0.04095	0.02166	0.20932	0.06367	0.53844	0.01697	0.00837	0.00237	0.00362	0.01431	0.00690	0.00635
90	0.01584	0.01659	0.03257	0.18328	0.17885	0.01687	0.34554	0.02083	0.01579	0.02151	0.01479	0.05210	0.01224	0.00728	0.00836	0.00238	0.03420	0.00799	0.00361	0.00936
91	0.02557	0.03243	0.01945	0.01772	0.02131	0.68074	0.01329	0.02740	0.01996	0.01753	0.01446	0.01599	0.04836	0.00794	0.00653	0.00187	0.01232	0.00518	0.00384	0.00813
92	0.42485	0.15140	0.20396	0.01303	0.01942	0.01849	0.01369	0.04367	0.01404	0.02717	0.01092	0.01266	0.00846	0.00662	0.00516	0.00209	0.00731	0.00431	0.00388	0.00887
93	0.01509	0.08135	0.48778	0.09088	0.14269	0.01734	0.02397	0.02194	0.01511	0.02185	0.01267	0.01558	0.00944	0.00668	0.00669	0.00219	0.00988	0.00544	0.00311	0.01030
94	0.00888	0.00620	0.00832	0.00988	0.01027	0.00581	0.00659	0.00988	0.01339	0.01785	0.03773	0.70421	0.04513	0.02245	0.01015	0.04754	0.00425	0.01945	0.00641	0.00563
95	0.01840	0.57227	0.12364	0.01340	0.01974	0.04610	0.01383	0.04296	0.01566	0.01912	0.04906	0.01445	0.01245	0.00677	0.00521	0.00169	0.00793	0.00461	0.00346	0.00926
96	0.01431	0.03114	0.54925	0.02169	0.08487	0.01561	0.04614	0.02156	0.01535	0.02247	0.01589	0.02325	0.01312	0.00826	0.00721	0.00237	0.00993	0.08399	0.00350	0.01008
97	0.03195	0.01212	0.01652	0.01267	0.01818	0.01047	0.01047	0.03470	0.02038	0.71026	0.02809	0.02424	0.01763	0.00881	0.00716	0.00220	0.00606	0.00716	0.00881	0.01212
98	0.02410	0.02001	0.23375	0.01774	0.08637	0.01280	0.01618	0.02858	0.01786	0.39939	0.02168	0.02179	0.01474	0.04236	0.00838	0.00243	0.00771	0.00664	0.00630	0.01118
99	0.06150	0.01647	0.05854	0.32074	0.09438	0.10556	0.01640	0.01879	0.01405	0.01862	0.01202	0.01752	0.00992	0.01021	0.01146	0.12400	0.07300	0.00587	0.00331	0.00765
100	0.00921	0.00721	0.00814	0.00793	0.00985	0.00636	0.00582	0.01146	0.01723	0.02234	0.30829	0.06082	0.40291	0.07833	0.01075	0.00272	0.00379	0.01381	0.00689	0.00614
101	0.00884	0.00630	0.00833	0.00976	0.01025	0.00589	0.00653	0.01018	0.01396	0.01873	0.08460	0.66986	0.04767	0.05008	0.01010	0.00300	0.00419	0.01935	0.00661	0.00579
102	0.10785	0.00851	0.00999	0.01017	0.01163	0.00908	0.00744	0.01353	0.04107	0.02053	0.07707	0.29282	0.11910	0.08207	0.11037	0.00421	0.04930	0.01318	0.00566	0.00641
103	0.01576	0.12136	0.40915	0.02228	0.05255	0.01843	0.18911	0.02301	0.04099	0.02218	0.01346	0.01615	0.01004	0.00658	0.00693	0.00220	0.01028	0.00601	0.00334	0.01017
104	0.01213	0.00827	0.01024	0.00993	0.01122	0.00914	0.00731	0.03959	0.04433	0.02025	0.02182	0.06413	0.02072	0.19079	0.26560	0.00645	0.03853	0.00849	0.20459	0.00644
105	0.64501	0.01395	0.01227	0.07091	0.01742	0.01615	0.00932	0.07177	0.01411	0.03141	0.01172	0.01513	0.00942	0.00728	0.00504	0.00225	0.00606	0.02815	0.00459	0.00803
106	0.06460	0.02377	0.11554	0.04574	0.08589	0.22434	0.01518	0.18525	0.02078	0.02666	0.01516	0.05007	0.01253	0.01027	0.03958	0.00252	0.00984	0.00627	0.03652	0.00949
107	0.04407	0.06351	0.16567	0.13585	0.04361	0.10060	0.04058	0.07054	0.04165	0.02292	0.04539	0.06622	0.03744	0.03050	0.00771	0.00230	0.00848	0.00727	0.02636	0.03934

[dist]
# distance from previous block
# <min> <max>
0	2

[block]
# block no. 3 follows, 29 sequences, length 34
# corresponding to MSA columns:
# 289-322
name=unknown_D
#
# <colnr> <probs for GDERKNQSTAVLIFYWHMCP>
#	G	D	E	R	K	N	Q	S	T	A	V	L	I	F	Y	W	H	M	C	P
0	0.14494	0.43768	0.08007	0.01331	0.01924	0.07393	0.01281	0.10595	0.01696	0.02324	0.01111	0.01254	0.00928	0.00663	0.00516	0.00179	0.00790	0.00431	0.00382	0.00933
1	0.31784	0.05499	0.08786	0.09184	0.02056	0.06458	0.01207	0.05947	0.05587	0.04726	0.01306	0.01578	0.01025	0.00945	0.00858	0.10562	0.00734	0.00514	0.00430	0.00814
2	0.07021	0.06675	0.02526	0.14601	0.42328	0.01710	0.01840	0.05875	0.01650	0.02360	0.01659	0.02007	0.05271	0.00731	0.00680	0.00214	0.00803	0.00653	0.00389	0.01007
3	0.08219	0.11286	0.45489	0.01748	0.02572	0.01665	0.04792	0.02095	0.01496	0.02240	0.01790	0.02218	0.05905	0.00821	0.00668	0.00225	0.00910	0.04547	0.00362	0.00953
4	0.05944	0.64473	0.06132	0.01250	0.01846	0.04492	0.01245	0.02127	0.01443	0.01778	0.01033	0.01213	0.00933	0.00765	0.02706	0.00191	0.00812	0.00401	0.00316	0.00901
5	0.00972	0.00731	0.00999	0.01232	0.05317	0.00705	0.00797	0.01197	0.04016	0.01910	0.03720	0.63817	0.04362	0.02071	0.00893	0.00285	0.00458	0.05238	0.00644	0.00637
6	0.00980	0.00727	0.00913	0.00867	0.01047	0.00660	0.00650	0.01290	0.01950	0.02700	0.59647	0.05575	0.17326	0.01514	0.00840	0.00227	0.00340	0.01324	0.00763	0.00660
7	0.04547	0.03986	0.02075	0.03480	0.01921	0.01811	0.06141	0.04530	0.01281	0.01939	0.01241	0.01910	0.01166	0.05969	0.11084	0.00411	0.40159	0.00653	0.00360	0.05336
8	0.03166	0.01257	0.01681	0.01288	0.01840	0.01114	0.01064	0.07225	0.02114	0.67164	0.02745	0.02382	0.01731	0.00880	0.00716	0.00220	0.00616	0.00712	0.00872	0.01212
9	0.01045	0.00754	0.01102	0.01102	0.01232	0.00870	0.00855	0.01306	0.01175	0.01742	0.01944	0.02785	0.01784	0.04939	0.65776	0.01057	0.01767	0.00754	0.07372	0.00638
10	0.02660	0.03394	0.02018	0.01834	0.02201	0.72116	0.01376	0.02843	0.02018	0.01743	0.01101	0.01284	0.00917	0.00734	0.00642	0.00183	0.01284	0.00459	0.00367	0.00825
11	0.01693	0.01461	0.01535	0.01388	0.01776	0.01672	0.01078	0.03551	0.63537	0.02890	0.03263	0.03011	0.07921	0.01037	0.00734	0.00241	0.00546	0.00864	0.00719	0.01083
12	0.00868	0.00620	0.00826	0.00991	0.01033	0.00578	0.00661	0.00991	0.01363	0.01818	0.03925	0.74510	0.04710	0.02231	0.00909	0.00289	0.00413	0.02024	0.00661	0.00578
13	0.00849	0.00716	0.00735	0.00741	0.00969	0.00602	0.00552	0.01032	0.01624	0.01951	0.09287	0.10284	0.64604	0.01813	0.00845	0.00242	0.00362	0.01522	0.00666	0.00602
14	0.02861	0.01138	0.01546	0.01210	0.01703	0.00989	0.00989	0.03146	0.02035	0.60622	0.13088	0.02866	0.02519	0.00969	0.00735	0.00221	0.00565	0.00803	0.00866	0.01129
15	0.80005	0.01377	0.01047	0.00936	0.01377	0.01597	0.00771	0.02093	0.01212	0.03195	0.00991	0.01157	0.00771	0.00661	0.00441	0.00220	0.00551	0.00386	0.00441	0.00771
16	0.01039	0.00756	0.01111	0.01111	0.01241	0.00874	0.00863	0.01298	0.01169	0.01723	0.01936	0.02787	0.01783	0.05027	0.67182	0.01076	0.01798	0.00756	0.05831	0.00638
17	0.80005	0.01377	0.01047	0.00936	0.01377	0.01597	0.00771	0.02093	0.01212	0.03195	0.00991	0.01157	0.00771	0.00661	0.00441	0.00220	0.00551	0.00386	0.00441	0.00771
18	0.01604	0.01791	0.03842	0.07138	0.03607	0.01703	0.59264	0.02163	0.01643	0.02221	0.01602	0.06956	0.01324	0.00720	0.00837	0.00243	0.01131	0.00910	0.00378	0.00924
19	0.01589	0.01688	0.07161	0.29435	0.32974	0.05204	0.01983	0.02040	0.01568	0.02133	0.03520	0.01919	0.01240	0.00705	0.00698	0.00219	0.00885	0.00639	0.03452	0.00949
20	0.80005	0.01377	0.01047	0.00936	0.01377	0.01597	0.00771	0.02093	0.01212	0.03195	0.00991	0.01157	0.00771	0.00661	0.00441	0.00220	0.00551	0.00386	0.00441	0.00771
21	0.01390	0.01330	0.02334	0.52740	0.06932	0.01556	0.10296	0.01856	0.01477	0.01926	0.01526	0.02484	0.01279	0.00831	0.00797	0.00247	0.02840	0.06993	0.00356	0.00812
22	0.01159	0.00764	0.00983	0.00907	0.01111	0.00694	0.00688	0.01475	0.01978	0.07988	0.58733	0.05250	0.12659	0.01446	0.00831	0.00225	0.00359	0.01265	0.00779	0.00706
23	0.10871	0.24693	0.30268	0.01727	0.06455	0.04728	0.01780	0.02238	0.01491	0.05233	0.01245	0.01447	0.00974	0.00826	0.03073	0.00232	0.00913	0.00487	0.00353	0.00966
24	0.01860	0.31914	0.31910	0.01729	0.05895	0.02043	0.01842	0.02357	0.01555	0.10786	0.01361	0.01490	0.01028	0.00674	0.00595	0.00195	0.00869	0.00498	0.00379	0.01021
25	0.03174	0.01245	0.01673	0.01282	0.01834	0.01095	0.01059	0.06177	0.02093	0.68242	0.02763	0.02394	0.01740	0.00880	0.00716	0.00220	0.00613	0.00713	0.00874	0.01212
26	0.01366	0.01288	0.02241	0.64837	0.04645	0.01558	0.06932	0.01816	0.01422	0.01830	0.01278	0.01911	0.00971	0.00779	0.00810	0.03612	0.00954	0.00648	0.00319	0.00783
27	0.01761	0.01613	0.02194	0.33102	0.08893	0.10800	0.07872	0.04867	0.01649	0.06861	0.01487	0.01919	0.01137	0.00920	0.03510	0.00258	0.03278	0.00643	0.06368	0.00869
28	0.00883	0.00643	0.00822	0.00944	0.01016	0.00593	0.00638	0.01024	0.01429	0.01891	0.09343	0.58513	0.12204	0.05228	0.01012	0.00296	0.00413	0.01866	0.00661	0.00582
29	0.01036	0.00690	0.00777	0.00777	0.00777	0.00690	0.00431	0.01036	0.01036	0.01381	0.02244	0.04660	0.02589	0.74975	0.03624	0.00690	0.00690	0.01036	0.00431	0.00431
30	0.01982	0.67998	0.03555	0.01282	0.01866	0.09944	0.01235	0.02205	0.01506	0.01682	0.01001	0.01157	0.00914	0.00622	0.00476	0.00156	0.00815	0.00389	0.00311	0.00905
31	0.06541	0.01869	0.06868	0.07136	0.14307	0.03681	0.36639	0.02152	0.01575	0.02245	0.01430	0.04586	0.01178	0.00730	0.00873	0.00238	0.05875	0.00770	0.00367	0.00940
32	0.00922	0.00738	0.00833	0.00848	0.01062	0.00649	0.00661	0.01156	0.01703	0.02140	0.19132	0.06733	0.47367	0.01760	0.00863	0.00251	0.00402	0.11469	0.00685	0.00624
33	0.04982	0.01228	0.01419	0.01085	0.01637	0.00997	0.00868	0.04494	0.01545	0.02403	0.01613	0.06949	0.01492	0.00755	0.00586	0.00142	0.00539	0.04621	0.00466	0.62178

[dist]
# distance from previous block
# <min> <max>
2	17

[block]
# block no. 4 follows, 29 sequences, length 193
# corresponding to MSA columns:
# 340-532
name=unknown_E
#
# <colnr> <probs for GDERKNQSTAVLIFYWHMCP>
#	G	D	E	R	K	N	Q	S	T	A	V	L	I	F	Y	W	H	M	C	P
0	0.01398	0.01320	0.02232	0.64488	0.13264	0.01596	0.02004	0.01866	0.01449	0.01884	0.01275	0.01881	0.00972	0.00702	0.00711	0.00234	0.00936	0.00633	0.00321	0.00834
1	0.02660	0.03394	0.02018	0.01834	0.02201	0.72116	0.01376	0.02843	0.02018	0.01743	0.01101	0.01284	0.00917	0.00734	0.00642	0.00183	0.01284	0.00459	0.00367	0.00825
2	0.00992	0.00719	0.00935	0.00903	0.01056	0.00670	0.00667	0.01291	0.01885	0.02647	0.57876	0.11023	0.08414	0.03997	0.03511	0.00278	0.00411	0.01330	0.00744	0.00653
3	0.00996	0.00727	0.00935	0.00883	0.01056	0.00667	0.00662	0.01320	0.01987	0.02788	0.65589	0.05430	0.11329	0.01481	0.00840	0.00225	0.00338	0.01303	0.00775	0.00667
4	0.02672	0.01977	0.02117	0.01631	0.02195	0.02192	0.01345	0.65747	0.05817	0.04431	0.01754	0.01745	0.01247	0.00859	0.00713	0.00215	0.00775	0.00647	0.00713	0.01208
5	0.01226	0.00625	0.00938	0.00938	0.00944	0.00632	0.00632	0.00944	0.00938	0.01257	0.01270	0.02195	0.01263	0.02614	0.06169	0.75469	0.00681	0.00625	0.00313	0.00325
6	0.02660	0.03394	0.02018	0.01834	0.02201	0.72116	0.01376	0.02843	0.02018	0.01743	0.01101	0.01284	0.00917	0.00734	0.00642	0.00183	0.01284	0.00459	0.00367	0.00825
7	0.02516	0.01850	0.01992	0.01577	0.02107	0.02051	0.01286	0.50227	0.18384	0.07414	0.02036	0.01962	0.01459	0.00882	0.00715	0.00220	0.00724	0.00682	0.00723	0.01192
8	0.01147	0.00820	0.01147	0.01311	0.01475	0.00820	0.01147	0.01475	0.01639	0.02131	0.03770	0.08032	0.04098	0.01967	0.00984	0.00328	0.00656	0.65741	0.00656	0.00656
9	0.00891	0.00737	0.00791	0.00817	0.01045	0.00637	0.00640	0.01096	0.01626	0.01957	0.06653	0.07045	0.59485	0.01830	0.00865	0.00255	0.00409	0.11952	0.00660	0.00610
10	0.01231	0.00950	0.01412	0.01790	0.12679	0.00947	0.01288	0.01562	0.01620	0.02144	0.03384	0.10934	0.03651	0.01766	0.00934	0.00307	0.00672	0.51395	0.00607	0.00728
