[name]
unknown

[dist]
# distance from previous block
# <min> <max>
12	37

[block]
# block no. 0 follows, 26 sequences, length 10
# corresponding to MSA columns:
# 39-48
name=unknown_A
#
# <colnr> <probs for GDERKNQSTAVLIFYWHMCP>
#	G	D	E	R	K	N	Q	S	T	A	V	L	I	F	Y	W	H	M	C	P
0	0.01196	0.00859	0.00975	0.00939	0.01064	0.00828	0.00609	0.05346	0.01429	0.01903	0.03216	0.16280	0.10769	0.42994	0.02584	0.00529	0.00638	0.01267	0.00549	0.06025
1	0.01540	0.01285	0.01583	0.04693	0.01864	0.01218	0.01045	0.07961	0.01690	0.02466	0.02069	0.19563	0.02100	0.01145	0.00903	0.00204	0.08350	0.00936	0.00525	0.38860
2	0.02176	0.01617	0.01808	0.01365	0.01971	0.01540	0.01110	0.28440	0.02447	0.07709	0.02177	0.02217	0.06826	0.00843	0.00684	0.00180	0.00665	0.00662	0.00630	0.34933
3	0.01540	0.01260	0.01457	0.01154	0.01663	0.01074	0.00901	0.07883	0.04413	0.02652	0.06618	0.12175	0.06850	0.01024	0.00690	0.00174	0.00547	0.00865	0.00570	0.46489
4	0.05893	0.01179	0.01448	0.06368	0.07890	0.01160	0.01055	0.06620	0.06280	0.07722	0.05850	0.12661	0.23786	0.01377	0.00801	0.00242	0.00577	0.01166	0.00644	0.07282
5	0.01857	0.01962	0.04371	0.16049	0.32076	0.11658	0.04139	0.02366	0.05067	0.02299	0.01728	0.02091	0.04095	0.00771	0.00741	0.00223	0.00947	0.00686	0.00409	0.06467
6	0.01765	0.01253	0.01548	0.01361	0.01659	0.01303	0.01053	0.14196	0.01916	0.09650	0.02733	0.31135	0.02823	0.01525	0.01058	0.00259	0.10540	0.01262	0.00650	0.12313
7	0.01707	0.07346	0.01776	0.01216	0.01776	0.01271	0.00986	0.05447	0.01678	0.05940	0.01746	0.09838	0.01603	0.00853	0.00713	0.00162	0.03890	0.00682	0.00506	0.50865
8	0.01957	0.01496	0.01950	0.10801	0.02467	0.01388	0.04840	0.13524	0.01987	0.09324	0.01703	0.04285	0.01349	0.00755	0.00676	0.00179	0.00715	0.00636	0.00543	0.39425
9	0.01297	0.01046	0.01251	0.01134	0.01431	0.01016	0.00876	0.03950	0.08837	0.02552	0.19331	0.12564	0.15205	0.01691	0.04539	0.00289	0.03669	0.04075	0.00667	0.14580

[dist]
# distance from previous block
# <min> <max>
4	9

[block]
# block no. 1 follows, 26 sequences, length 11
# corresponding to MSA columns:
# 58-68
name=unknown_B
#
# <colnr> <probs for GDERKNQSTAVLIFYWHMCP>
#	G	D	E	R	K	N	Q	S	T	A	V	L	I	F	Y	W	H	M	C	P
0	0.01622	0.01244	0.01675	0.01334	0.01798	0.01088	0.06888	0.04960	0.04438	0.07730	0.07672	0.15274	0.02553	0.05784	0.00942	0.00233	0.00622	0.00972	0.00588	0.32584
1	0.01590	0.01468	0.05323	0.08124	0.06362	0.01299	0.06058	0.04825	0.07749	0.04645	0.02341	0.10448	0.05620	0.01319	0.05629	0.00280	0.00804	0.00869	0.00523	0.24725
2	0.02263	0.06105	0.01888	0.03363	0.06676	0.01496	0.01199	0.13409	0.10301	0.21857	0.02932	0.13446	0.06255	0.01170	0.00776	0.00239	0.00659	0.00984	0.00721	0.04261
3	0.06239	0.01543	0.02113	0.02405	0.21363	0.01687	0.01516	0.02516	0.14988	0.06664	0.05291	0.05244	0.01870	0.00997	0.01070	0.00246	0.14318	0.00778	0.00533	0.08620
4	0.01387	0.01180	0.01481	0.01571	0.10443	0.01105	0.01031	0.01995	0.12887	0.02510	0.11673	0.13381	0.15186	0.01289	0.00784	0.00222	0.00538	0.01119	0.00626	0.19591
5	0.01776	0.01456	0.01844	0.08250	0.02296	0.01313	0.04156	0.05608	0.10602	0.06174	0.01704	0.01876	0.01324	0.00686	0.00646	0.00165	0.00663	0.00576	0.00521	0.48364
6	0.01753	0.01525	0.02658	0.41281	0.13103	0.01718	0.11332	0.02229	0.01628	0.08689	0.01526	0.02039	0.01142	0.00783	0.00885	0.00253	0.05375	0.00715	0.00408	0.00961
7	0.02876	0.01448	0.06100	0.01348	0.01965	0.01122	0.01171	0.03218	0.02035	0.50923	0.05592	0.02494	0.01936	0.00891	0.00733	0.00215	0.00650	0.00726	0.00814	0.13742
8	0.00920	0.00769	0.00801	0.00793	0.01039	0.00650	0.00595	0.01134	0.01784	0.02180	0.15676	0.07084	0.60230	0.01872	0.00896	0.00254	0.00381	0.01571	0.00722	0.00650
9	0.02628	0.01942	0.02101	0.01647	0.02225	0.02118	0.01345	0.47369	0.15194	0.07081	0.02073	0.02024	0.01494	0.00909	0.00748	0.00225	0.00764	0.00702	0.00747	0.06663
10	0.00929	0.00770	0.00819	0.00848	0.01081	0.00660	0.00646	0.01131	0.01710	0.02061	0.07083	0.12300	0.57670	0.01971	0.00916	0.00269	0.00417	0.07373	0.00704	0.00644

[dist]
# distance from previous block
# <min> <max>
8	19

[block]
# block no. 2 follows, 26 sequences, length 79
# corresponding to MSA columns:
# 89-167
name=unknown_C
#
# <colnr> <probs for GDERKNQSTAVLIFYWHMCP>
#	G	D	E	R	K	N	Q	S	T	A	V	L	I	F	Y	W	H	M	C	P
0	0.01542	0.06756	0.11592	0.01426	0.04903	0.01312	0.01237	0.06658	0.01788	0.04650	0.05451	0.08087	0.18067	0.01164	0.00797	0.00216	0.03122	0.00948	0.03392	0.16892
1	0.01695	0.12269	0.19012	0.01516	0.02043	0.08110	0.01497	0.02112	0.01770	0.06966	0.17113	0.07797	0.05041	0.01121	0.00879	0.00233	0.06142	0.00885	0.00534	0.03265
2	0.01473	0.15086	0.07483	0.03508	0.04225	0.01484	0.03816	0.01873	0.04231	0.04581	0.12844	0.07204	0.19520	0.01258	0.00857	0.00233	0.04382	0.01035	0.00564	0.04344
3	0.01914	0.58124	0.18655	0.01492	0.02247	0.02723	0.01635	0.02301	0.01555	0.01923	0.01123	0.01303	0.00971	0.00665	0.00539	0.00180	0.00881	0.00440	0.00324	0.01007
4	0.02144	0.55480	0.08692	0.01445	0.02123	0.02789	0.01439	0.13815	0.01912	0.02373	0.01217	0.01356	0.01030	0.00702	0.00554	0.00180	0.00839	0.00468	0.00403	0.01042
5	0.02421	0.01806	0.02041	0.04784	0.04992	0.02001	0.01378	0.32925	0.25030	0.08666	0.04327	0.02350	0.01847	0.00956	0.00767	0.00240	0.00737	0.00769	0.00745	0.01219
6	0.01477	0.01066	0.01238	0.01128	0.01420	0.01052	0.00884	0.13188	0.04349	0.05654	0.25096	0.10346	0.21665	0.01598	0.00879	0.00256	0.00506	0.06600	0.00767	0.00830
7	0.02765	0.05278	0.01906	0.01428	0.01960	0.01562	0.01171	0.14798	0.15312	0.36034	0.07467	0.02647	0.02197	0.00981	0.00759	0.00234	0.00658	0.00793	0.00833	0.01214
8	0.03403	0.01291	0.01760	0.01350	0.01936	0.01115	0.01115	0.03697	0.02171	0.69137	0.02992	0.02582	0.01878	0.00939	0.00763	0.00235	0.00645	0.00763	0.00939	0.01291
9	0.01180	0.00815	0.00966	0.00951	0.01007	0.00844	0.00603	0.04550	0.01275	0.01722	0.02437	0.09463	0.02715	0.54116	0.13542	0.00751	0.00915	0.01114	0.00485	0.00548
10	0.01328	0.00790	0.01231	0.13747	0.01770	0.00857	0.00934	0.01176	0.01094	0.01450	0.01355	0.02285	0.01288	0.02434	0.05611	0.60424	0.00785	0.00668	0.00334	0.00438
11	0.02028	0.73799	0.03975	0.01298	0.01947	0.03001	0.01298	0.02271	0.01541	0.01785	0.01055	0.01217	0.00973	0.00649	0.00487	0.00162	0.00811	0.00406	0.00324	0.00973
12	0.01084	0.00813	0.01219	0.01219	0.01354	0.00948	0.00948	0.01354	0.01219	0.01761	0.02032	0.02980	0.01896	0.05689	0.70337	0.01219	0.02032	0.00813	0.00406	0.00677
13	0.01845	0.02128	0.04354	0.03132	0.03879	0.05509	0.62476	0.02461	0.01809	0.02400	0.01516	0.02010	0.01142	0.00647	0.00884	0.00253	0.01283	0.00874	0.00384	0.01015
14	0.01498	0.01043	0.01148	0.01031	0.01165	0.01094	0.00677	0.15507	0.01649	0.02204	0.02264	0.04267	0.02432	0.57287	0.03173	0.00623	0.00757	0.01010	0.00526	0.00644
15	0.00924	0.00660	0.00880	0.01056	0.01100	0.00616	0.00704	0.01056	0.01452	0.01936	0.04181	0.72848	0.05017	0.02376	0.00968	0.00308	0.00440	0.02156	0.00704	0.00616
16	0.01103	0.00735	0.00827	0.00827	0.00827	0.00735	0.00460	0.01103	0.01103	0.01471	0.02390	0.04964	0.02758	0.73343	0.03861	0.00735	0.00735	0.01103	0.00460	0.00460
17	0.01083	0.00794	0.01031	0.01046	0.01228	0.00742	0.00824	0.01411	0.01970	0.02688	0.42482	0.09133	0.13783	0.01762	0.00936	0.00271	0.00449	0.16889	0.00780	0.00698
18	0.02883	0.02125	0.02276	0.01745	0.02352	0.02352	0.01442	0.66082	0.03566	0.04780	0.01821	0.01821	0.01290	0.00911	0.00759	0.00228	0.00835	0.00683	0.00759	0.01290
19	0.01790	0.02046	0.04476	0.03197	0.03964	0.01918	0.65857	0.02430	0.01790	0.02430	0.01535	0.02046	0.01151	0.00639	0.00895	0.00256	0.01279	0.00895	0.00384	0.01023
20	0.01432	0.01348	0.02275	0.71520	0.05224	0.01685	0.02107	0.01938	0.01517	0.01938	0.01348	0.02022	0.01011	0.00758	0.00758	0.00253	0.01011	0.00674	0.00337	0.00843
21	0.02591	0.01926	0.02075	0.01645	0.02174	0.02128	0.01333	0.53637	0.08902	0.04317	0.02124	0.07212	0.01703	0.03544	0.00883	0.00254	0.00782	0.00821	0.00746	0.01204
22	0.01521	0.03923	0.69413	0.02162	0.03283	0.01762	0.02802	0.02402	0.01601	0.02402	0.01361	0.01601	0.00961	0.00721	0.00721	0.00240	0.01121	0.00560	0.00320	0.01121
23	0.02050	0.01531	0.01764	0.01528	0.01973	0.01687	0.03349	0.03736	0.50574	0.12954	0.07783	0.02974	0.02565	0.01041	0.00784	0.00252	0.00612	0.00882	0.00788	0.01173
24	0.01767	0.05110	0.04751	0.01323	0.01746	0.07297	0.01091	0.04845	0.19841	0.07647	0.19148	0.03638	0.10755	0.01162	0.00776	0.00228	0.00625	0.00960	0.00692	0.06598
25	0.05538	0.05852	0.38715	0.05192	0.05209	0.10698	0.05517	0.02395	0.01694	0.04508	0.01836	0.02039	0.05932	0.00816	0.00721	0.00233	0.01041	0.00647	0.00391	0.01024
26	0.01637	0.01386	0.01607	0.01154	0.01825	0.01077	0.00925	0.05058	0.01671	0.02585	0.01371	0.01585	0.01132	0.00579	0.00571	0.00118	0.00575	0.00461	0.00465	0.74217
27	0.01094	0.00796	0.00927	0.00881	0.01117	0.00697	0.00665	0.01367	0.01941	0.05632	0.35162	0.06332	0.37225	0.01706	0.00889	0.00247	0.00384	0.01457	0.00775	0.00705
28	0.01913	0.01356	0.01636	0.01571	0.06601	0.01431	0.01134	0.06771	0.28848	0.12786	0.23188	0.03548	0.03619	0.01146	0.00806	0.00244	0.00567	0.00980	0.00786	0.01068
29	0.00919	0.00680	0.00860	0.01004	0.01086	0.00620	0.00681	0.01062	0.01502	0.01957	0.04814	0.61001	0.16455	0.02294	0.00955	0.00299	0.00430	0.02056	0.00704	0.00620
30	0.01674	0.01516	0.02426	0.43946	0.20818	0.01758	0.02037	0.07401	0.01733	0.02341	0.01435	0.01985	0.01115	0.00773	0.00805	0.00244	0.03279	0.00676	0.03072	0.00966
31	0.01359	0.00946	0.01176	0.01068	0.01350	0.00862	0.00805	0.01802	0.07059	0.07904	0.34071	0.16966	0.07441	0.01482	0.00839	0.00235	0.00446	0.01300	0.00752	0.12137
32	0.01035	0.00774	0.00960	0.00913	0.01109	0.00699	0.00685	0.01356	0.02055	0.02823	0.54887	0.06026	0.20618	0.01632	0.00895	0.00242	0.00364	0.01422	0.00806	0.00699
33	0.01745	0.27932	0.44401	0.01857	0.02788	0.04753	0.02235	0.02381	0.01601	0.02169	0.01249	0.01460	0.00966	0.00698	0.00639	0.00212	0.01024	0.00505	0.00324	0.01061
34	0.78701	0.01467	0.01115	0.00997	0.01467	0.01702	0.00821	0.02230	0.01291	0.03403	0.01056	0.01232	0.00821	0.00704	0.00469	0.00235	0.00587	0.00411	0.00469	0.00821
35	0.03012	0.01523	0.01852	0.01442	0.01997	0.01501	0.01183	0.23234	0.04923	0.41234	0.05557	0.02498	0.01949	0.00959	0.00760	0.00231	0.00681	0.00767	0.03454	0.01242
36	0.00931	0.00762	0.00821	0.00823	0.01050	0.00652	0.00611	0.01149	0.01785	0.02222	0.18467	0.11795	0.52524	0.01887	0.00901	0.00257	0.00383	0.01600	0.00728	0.00652
37	0.01573	0.01348	0.01573	0.01123	0.01798	0.01011	0.00899	0.01910	0.01573	0.02472	0.01348	0.01573	0.01123	0.00562	0.00562	0.00112	0.00562	0.00449	0.00449	0.77980
38	0.01839	0.01456	0.01733	0.01561	0.06645	0.01474	0.01145	0.21124	0.06720	0.03322	0.20320	0.03183	0.06441	0.01076	0.00825	0.00215	0.03093	0.00885	0.00674	0.16270
39	0.02039	0.68553	0.06354	0.01355	0.02012	0.05480	0.01360	0.02305	0.01566	0.01810	0.01070	0.01237	0.00973	0.00657	0.00503	0.00166	0.00844	0.00414	0.00327	0.00975
40	0.01103	0.00735	0.00827	0.00827	0.00827	0.00735	0.00460	0.01103	0.01103	0.01471	0.02390	0.04964	0.02758	0.73343	0.03861	0.00735	0.00735	0.01103	0.00460	0.00460
41	0.01573	0.01348	0.01573	0.01123	0.01798	0.01011	0.00899	0.01910	0.01573	0.02472	0.01348	0.01573	0.01123	0.00562	0.00562	0.00112	0.00562	0.00449	0.00449	0.77980
42	0.02670	0.01908	0.02060	0.01617	0.02161	0.02094	0.01322	0.53610	0.06162	0.06824	0.02066	0.04876	0.01558	0.00975	0.00751	0.00229	0.00766	0.00756	0.06379	0.01216
43	0.78701	0.01467	0.01115	0.00997	0.01467	0.01702	0.00821	0.02230	0.01291	0.03403	0.01056	0.01232	0.00821	0.00704	0.00469	0.00235	0.00587	0.00411	0.00469	0.00821
44	0.01966	0.01612	0.01717	0.01533	0.01970	0.01846	0.01196	0.04013	0.63824	0.06637	0.03082	0.02817	0.02292	0.01024	0.00771	0.00256	0.00603	0.00853	0.00781	0.01205
45	0.01084	0.00813	0.01219	0.01219	0.01354	0.00948	0.00948	0.01354	0.01219	0.01761	0.02032	0.02980	0.01896	0.05689	0.70337	0.01219	0.02032	0.00813	0.00406	0.00677
46	0.01085	0.00809	0.01200	0.01200	0.01329	0.00938	0.00924	0.01342	0.01213	0.01747	0.02049	0.03077	0.01939	0.09008	0.67076	0.01195	0.01968	0.00827	0.00409	0.00667
47	0.00924	0.00660	0.00880	0.01056	0.01100	0.00616	0.00704	0.01056	0.01452	0.01936	0.04181	0.72848	0.05017	0.02376	0.00968	0.00308	0.00440	0.02156	0.00704	0.00616
48	0.02245	0.01504	0.01696	0.01468	0.01926	0.01635	0.01157	0.03830	0.47505	0.20298	0.05901	0.02889	0.02413	0.01028	0.00775	0.00251	0.00601	0.00855	0.00818	0.01203
49	0.78701	0.01467	0.01115	0.00997	0.01467	0.01702	0.00821	0.02230	0.01291	0.03403	0.01056	0.01232	0.00821	0.00704	0.00469	0.00235	0.00587	0.00411	0.00469	0.00821
50	0.01573	0.01348	0.01573	0.01123	0.01798	0.01011	0.00899	0.01910	0.01573	0.02472	0.01348	0.01573	0.01123	0.00562	0.00562	0.00112	0.00562	0.00449	0.00449	0.77980
51	0.78701	0.01467	0.01115	0.00997	0.01467	0.01702	0.00821	0.02230	0.01291	0.03403	0.01056	0.01232	0.00821	0.00704	0.00469	0.00235	0.00587	0.00411	0.00469	0.00821
52	0.00935	0.00683	0.00882	0.01036	0.01113	0.00631	0.00712	0.01084	0.01500	0.01966	0.04606	0.61746	0.12810	0.02307	0.00963	0.00304	0.00445	0.04949	0.00704	0.00623
53	0.01088	0.00729	0.00832	0.00846	0.00850	0.00726	0.00480	0.01099	0.01132	0.01509	0.02537	0.10538	0.02943	0.67516	0.03623	0.00700	0.00711	0.01190	0.00480	0.00472
54	0.02116	0.01629	0.04323	0.01617	0.04689	0.01666	0.01275	0.14068	0.31621	0.12332	0.05443	0.03266	0.07089	0.01110	0.00794	0.00251	0.00659	0.04158	0.00753	0.01141
55	0.02028	0.73799	0.03975	0.01298	0.01947	0.03001	0.01298	0.02271	0.01541	0.01785	0.01055	0.01217	0.00973	0.00649	0.00487	0.00162	0.00811	0.00406	0.00324	0.00973
56	0.02028	0.73799	0.03975	0.01298	0.01947	0.03001	0.01298	0.02271	0.01541	0.01785	0.01055	0.01217	0.00973	0.00649	0.00487	0.00162	0.00811	0.00406	0.00324	0.00973
57	0.01596	0.01566	0.02202	0.01906	0.01921	0.02172	0.01581	0.01774	0.01168	0.01818	0.01110	0.01805	0.01095	0.01807	0.09955	0.00430	0.64261	0.00680	0.00340	0.00813
58	0.78701	0.01467	0.01115	0.00997	0.01467	0.01702	0.00821	0.02230	0.01291	0.03403	0.01056	0.01232	0.00821	0.00704	0.00469	0.00235	0.00587	0.00411	0.00469	0.00821
59	0.02883	0.02125	0.02276	0.01745	0.02352	0.02352	0.01442	0.66082	0.03566	0.04780	0.01821	0.01821	0.01290	0.00911	0.00759	0.00228	0.00835	0.00683	0.00759	0.01290
60	0.01886	0.01642	0.01815	0.01771	0.06845	0.01880	0.01283	0.03906	0.62450	0.03122	0.02966	0.02760	0.02234	0.01003	0.00770	0.00255	0.00622	0.00844	0.00743	0.01201
61	0.01061	0.00775	0.00996	0.00941	0.01125	0.00710	0.00705	0.01406	0.02116	0.02969	0.63785	0.05785	0.11628	0.01578	0.00895	0.00240	0.00360	0.01388	0.00825	0.00710
62	0.01659	0.01659	0.02323	0.01991	0.01991	0.02323	0.01659	0.01825	0.01162	0.01825	0.00996	0.01659	0.00996	0.01328	0.02489	0.00332	0.71955	0.00664	0.00332	0.00830
63	0.01573	0.01348	0.01573	0.01123	0.01798	0.01011	0.00899	0.01910	0.01573	0.02472	0.01348	0.01573	0.01123	0.00562	0.00562	0.00112	0.00562	0.00449	0.00449	0.77980
64	0.00924	0.00660	0.00880	0.01056	0.01100	0.00616	0.00704	0.01056	0.01452	0.01936	0.04181	0.72848	0.05017	0.02376	0.00968	0.00308	0.00440	0.02156	0.00704	0.00616
65	0.02028	0.73799	0.03975	0.01298	0.01947	0.03001	0.01298	0.02271	0.01541	0.01785	0.01055	0.01217	0.00973	0.00649	0.00487	0.00162	0.00811	0.00406	0.00324	0.00973
66	0.78701	0.01467	0.01115	0.00997	0.01467	0.01702	0.00821	0.02230	0.01291	0.03403	0.01056	0.01232	0.00821	0.00704	0.00469	0.00235	0.00587	0.00411	0.00469	0.00821
67	0.01659	0.01659	0.02323	0.01991	0.01991	0.02323	0.01659	0.01825	0.01162	0.01825	0.00996	0.01659	0.00996	0.01328	0.02489	0.00332	0.71955	0.00664	0.00332	0.00830
68	0.78701	0.01467	0.01115	0.00997	0.01467	0.01702	0.00821	0.02230	0.01291	0.03403	0.01056	0.01232	0.00821	0.00704	0.00469	0.00235	0.00587	0.00411	0.00469	0.00821
69	0.01084	0.00813	0.01219	0.01219	0.01354	0.00948	0.00948	0.01354	0.01219	0.01761	0.02032	0.02980	0.01896	0.05689	0.70337	0.01219	0.02032	0.00813	0.00406	0.00677
70	0.00924	0.00660	0.00880	0.01056	0.01100	0.00616	0.00704	0.01056	0.01452	0.01936	0.04181	0.72848	0.05017	0.02376	0.00968	0.00308	0.00440	0.02156	0.00704	0.00616
71	0.01432	0.01348	0.02275	0.71520	0.05224	0.01685	0.02107	0.01938	0.01517	0.01938	0.01348	0.02022	0.01011	0.00758	0.00758	0.00253	0.01011	0.00674	0.00337	0.00843
72	0.06551	0.01329	0.01728	0.01351	0.01919	0.01209	0.01110	0.03662	0.07918	0.60406	0.02916	0.02545	0.01870	0.00937	0.00751	0.00237	0.00639	0.00756	0.00903	0.01262
73	0.01103	0.00735	0.00827	0.00827	0.00827	0.00735	0.00460	0.01103	0.01103	0.01471	0.02390	0.04964	0.02758	0.73343	0.03861	0.00735	0.00735	0.01103	0.00460	0.00460
74	0.01858	0.02124	0.17438	0.01873	0.04557	0.01811	0.04145	0.11080	0.15688	0.06101	0.08060	0.02539	0.04255	0.01043	0.01088	0.00259	0.13657	0.00794	0.00570	0.01062
75	0.00965	0.00753	0.00792	0.00799	0.00963	0.00670	0.00543	0.01092	0.01514	0.01856	0.05817	0.09064	0.44425	0.25298	0.01869	0.00415	0.00501	0.01459	0.00624	0.00580
76	0.08254	0.61239	0.06705	0.01346	0.01990	0.06140	0.01338	0.02311	0.01554	0.01948	0.01075	0.01243	0.00961	0.00663	0.00506	0.00173	0.00835	0.00417	0.00339	0.00963
77	0.59595	0.01812	0.03792	0.01464	0.07289	0.08437	0.01101	0.04475	0.01499	0.03186	0.01135	0.01332	0.00889	0.00717	0.00533	0.00230	0.00716	0.00455	0.00458	0.00885
78	0.06756	0.04976	0.01658	0.01298	0.01720	0.11164	0.01024	0.10902	0.04565	0.07612	0.21861	0.03015	0.03084	0.03471	0.00832	0.00223	0.00679	0.00822	0.00643	0.13695

[dist]
# distance from previous block
# <min> <max>
0	5

[block]
# block no. 3 follows, 26 sequences, length 90
# corresponding to MSA columns:
# 173-262
name=unknown_D
#
# <colnr> <probs for GDERKNQSTAVLIFYWHMCP>
#	G	D	E	R	K	N	Q	S	T	A	V	L	I	F	Y	W	H	M	C	P
0	0.01748	0.08108	0.36569	0.02827	0.18874	0.05487	0.11030	0.02412	0.01682	0.02351	0.01369	0.01688	0.01046	0.00697	0.00733	0.00231	0.01081	0.00619	0.00346	0.01104
1	0.01525	0.00872	0.01155	0.01035	0.01289	0.00790	0.00793	0.01862	0.02127	0.15949	0.53167	0.07442	0.06047	0.01460	0.00871	0.00240	0.00417	0.01280	0.00851	0.00825
2	0.04869	0.01775	0.04884	0.08193	0.43387	0.01777	0.01995	0.02698	0.14833	0.05377	0.01802	0.02073	0.01417	0.00766	0.00744	0.00235	0.00833	0.00702	0.00477	0.01163
3	0.01100	0.00746	0.00881	0.00881	0.00900	0.00765	0.00527	0.01138	0.01119	0.01511	0.02341	0.04692	0.02639	0.64062	0.12980	0.00802	0.00913	0.01063	0.00452	0.00489
4	0.01546	0.01181	0.01481	0.04453	0.01892	0.01271	0.01280	0.09229	0.14789	0.02712	0.03477	0.06407	0.03479	0.01698	0.00949	0.00314	0.00708	0.41564	0.00704	0.00869
5	0.03301	0.01314	0.01757	0.01363	0.01939	0.01167	0.01121	0.03719	0.06574	0.64673	0.02999	0.02599	0.01907	0.00945	0.00763	0.00236	0.00642	0.00769	0.00928	0.01285
6	0.01678	0.01599	0.02719	0.34612	0.40213	0.01750	0.02229	0.02153	0.01633	0.02236	0.01392	0.01942	0.01116	0.00713	0.00754	0.00238	0.00950	0.00675	0.00358	0.01041
7	0.01084	0.00813	0.01219	0.01219	0.01354	0.00948	0.00948	0.01354	0.01219	0.01761	0.02032	0.02980	0.01896	0.05689	0.70337	0.01219	0.02032	0.00813	0.00406	0.00677
8	0.01018	0.00773	0.00937	0.00896	0.01099	0.00692	0.00672	0.01323	0.02015	0.02729	0.49159	0.06180	0.26404	0.01667	0.00895	0.00244	0.00366	0.01444	0.00794	0.00692
9	0.01784	0.02070	0.12085	0.09955	0.49053	0.01796	0.07559	0.02313	0.01697	0.02417	0.01420	0.01866	0.01148	0.00686	0.00759	0.00232	0.00971	0.00678	0.00365	0.01145
10	0.01887	0.01629	0.01715	0.01544	0.01972	0.01887	0.01201	0.04031	0.67241	0.03173	0.03087	0.02830	0.02315	0.01029	0.00772	0.00257	0.00600	0.00858	0.00772	0.01201
11	0.01585	0.09005	0.59267	0.02104	0.03146	0.01866	0.04726	0.02467	0.04570	0.02391	0.01422	0.01643	0.01029	0.00726	0.00711	0.00236	0.01079	0.00573	0.00343	0.01110
12	0.03403	0.01291	0.01760	0.01350	0.01936	0.01115	0.01115	0.03697	0.02171	0.69137	0.02992	0.02582	0.01878	0.00939	0.00763	0.00235	0.00645	0.00763	0.00939	0.01291
13	0.01808	0.01958	0.03975	0.03538	0.21774	0.01907	0.44875	0.02370	0.01740	0.02411	0.01476	0.01979	0.01157	0.00686	0.00939	0.00251	0.04894	0.00822	0.00379	0.01062
14	0.01633	0.01322	0.07816	0.01634	0.08233	0.01069	0.03289	0.02087	0.04228	0.13785	0.28770	0.10714	0.04320	0.01361	0.00858	0.00254	0.00604	0.06390	0.00719	0.00913
15	0.01521	0.03923	0.69413	0.02162	0.03283	0.01762	0.02802	0.02402	0.01601	0.02402	0.01361	0.01601	0.00961	0.00721	0.00721	0.00240	0.01121	0.00560	0.00320	0.01121
16	0.01521	0.03923	0.69413	0.02162	0.03283	0.01762	0.02802	0.02402	0.01601	0.02402	0.01361	0.01601	0.00961	0.00721	0.00721	0.00240	0.01121	0.00560	0.00320	0.01121
17	0.01583	0.01510	0.02152	0.11258	0.02321	0.02059	0.01608	0.01813	0.01242	0.01905	0.01195	0.01854	0.01107	0.01440	0.05530	0.00355	0.54014	0.00676	0.05562	0.00816
18	0.02061	0.70915	0.03900	0.01325	0.01963	0.05767	0.01305	0.02302	0.01566	0.01788	0.01059	0.01223	0.00974	0.00654	0.00495	0.00164	0.00834	0.00409	0.00327	0.00970
19	0.05105	0.01385	0.01616	0.04678	0.01977	0.01131	0.00978	0.04542	0.01639	0.02581	0.01354	0.01590	0.01111	0.00592	0.00575	0.00130	0.00597	0.00468	0.00457	0.67493
20	0.01403	0.01481	0.12917	0.01508	0.05092	0.01089	0.03471	0.01830	0.01908	0.07594	0.34220	0.06880	0.08873	0.01357	0.00930	0.00251	0.03822	0.03840	0.00675	0.00858
21	0.02104	0.01737	0.01837	0.01588	0.02055	0.01988	0.01253	0.17548	0.53371	0.03523	0.02811	0.02610	0.02092	0.01003	0.00769	0.00251	0.00651	0.00820	0.00769	0.01220
22	0.29521	0.38143	0.02756	0.04434	0.05441	0.05091	0.01223	0.02275	0.01484	0.02411	0.01092	0.01298	0.00933	0.00680	0.00514	0.00197	0.00766	0.00437	0.00382	0.00922
23	0.05317	0.01927	0.07921	0.05043	0.12708	0.01921	0.03634	0.13274	0.33600	0.03189	0.02269	0.02288	0.01706	0.00891	0.00752	0.00245	0.00767	0.00750	0.00626	0.01171
24	0.01318	0.00659	0.00988	0.00988	0.00988	0.00659	0.00659	0.00988	0.00988	0.01318	0.01318	0.02306	0.01318	0.02635	0.02964	0.77931	0.00659	0.00659	0.00329	0.00329
25	0.01536	0.01465	0.02513	0.55534	0.18166	0.01717	0.04289	0.02034	0.01569	0.02065	0.01371	0.01993	0.01055	0.00737	0.00761	0.00247	0.00998	0.00682	0.00346	0.00922
26	0.01103	0.00735	0.00827	0.00827	0.00827	0.00735	0.00460	0.01103	0.01103	0.01471	0.02390	0.04964	0.02758	0.73343	0.03861	0.00735	0.00735	0.01103	0.00460	0.00460
27	0.01887	0.01629	0.01715	0.01544	0.01972	0.01887	0.01201	0.04031	0.67241	0.03173	0.03087	0.02830	0.02315	0.01029	0.00772	0.00257	0.00600	0.00858	0.00772	0.01201
28	0.01612	0.01589	0.02232	0.01927	0.01938	0.02209	0.01600	0.01786	0.01166	0.01820	0.01082	0.01769	0.01071	0.01690	0.08126	0.00406	0.66146	0.00676	0.00338	0.00817
29	0.01432	0.01348	0.02275	0.71520	0.05224	0.01685	0.02107	0.01938	0.01517	0.01938	0.01348	0.02022	0.01011	0.00758	0.00758	0.00253	0.01011	0.00674	0.00337	0.00843
30	0.78701	0.01467	0.01115	0.00997	0.01467	0.01702	0.00821	0.02230	0.01291	0.03403	0.01056	0.01232	0.00821	0.00704	0.00469	0.00235	0.00587	0.00411	0.00469	0.00821
31	0.01573	0.01348	0.01573	0.01123	0.01798	0.01011	0.00899	0.01910	0.01573	0.02472	0.01348	0.01573	0.01123	0.00562	0.00562	0.00112	0.00562	0.00449	0.00449	0.77980
32	0.01103	0.00735	0.00827	0.00827	0.00827	0.00735	0.00460	0.01103	0.01103	0.01471	0.02390	0.04964	0.02758	0.73343	0.03861	0.00735	0.00735	0.01103	0.00460	0.00460
33	0.02883	0.02125	0.02276	0.01745	0.02352	0.02352	0.01442	0.66082	0.03566	0.04780	0.01821	0.01821	0.01290	0.00911	0.00759	0.00228	0.00835	0.00683	0.00759	0.01290
34	0.01060	0.00765	0.01001	0.00964	0.01130	0.00706	0.00715	0.01397	0.02083	0.02939	0.62267	0.11903	0.06958	0.01627	0.00901	0.00245	0.00365	0.01445	0.00823	0.00706
35	0.00924	0.00660	0.00880	0.01056	0.01100	0.00616	0.00704	0.01056	0.01452	0.01936	0.04181	0.72848	0.05017	0.02376	0.00968	0.00308	0.00440	0.02156	0.00704	0.00616
36	0.01858	0.01783	0.03045	0.07505	0.65910	0.01797	0.02318	0.02311	0.01718	0.02455	0.01423	0.01883	0.01193	0.00679	0.00751	0.00226	0.00906	0.00676	0.00374	0.01186
37	0.72278	0.01557	0.01187	0.01055	0.01525	0.04778	0.00862	0.02324	0.01365	0.05947	0.01138	0.01292	0.00870	0.00717	0.00491	0.00233	0.00624	0.00428	0.00485	0.00843
38	0.73571	0.01511	0.01193	0.01048	0.01527	0.01746	0.00863	0.06550	0.01445	0.03496	0.01108	0.01272	0.00853	0.00718	0.00489	0.00234	0.00604	0.00429	0.00489	0.00853
39	0.01839	0.01787	0.03120	0.09372	0.59451	0.01802	0.06824	0.02307	0.01716	0.02436	0.01429	0.01900	0.01184	0.00679	0.00762	0.00229	0.00936	0.00691	0.00373	0.01163
40	0.01612	0.01477	0.02442	0.17867	0.39033	0.01543	0.01988	0.02043	0.01687	0.02305	0.02184	0.03478	0.04472	0.01030	0.00818	0.00257	0.00863	0.13452	0.00446	0.01002
41	0.01037	0.00747	0.00938	0.00966	0.01087	0.00699	0.00685	0.01258	0.01719	0.02337	0.30583	0.21664	0.11466	0.15418	0.01484	0.00358	0.00474	0.05731	0.00711	0.00635
42	0.73571	0.01511	0.01193	0.01048	0.01527	0.01746	0.00863	0.06550	0.01445	0.03496	0.01108	0.01272	0.00853	0.00718	0.00489	0.00234	0.00604	0.00429	0.00489	0.00853
43	0.02833	0.03615	0.02149	0.01954	0.02345	0.70298	0.01466	0.03029	0.02149	0.01856	0.01172	0.01368	0.00977	0.00782	0.00684	0.00195	0.01368	0.00489	0.00391	0.00879
44	0.01739	0.01495	0.01623	0.04478	0.01986	0.01706	0.01161	0.03547	0.55105	0.03034	0.08182	0.03309	0.07085	0.01117	0.00789	0.00256	0.00585	0.00938	0.00753	0.01111
45	0.01877	0.01802	0.03079	0.04656	0.68612	0.01802	0.02328	0.02328	0.01727	0.02478	0.01427	0.01877	0.01201	0.00676	0.00751	0.00225	0.00901	0.00676	0.00375	0.01201
46	0.01074	0.00775	0.01014	0.00954	0.01133	0.00716	0.00716	0.01431	0.02147	0.03042	0.68211	0.05666	0.07157	0.01551	0.00895	0.00239	0.00358	0.01372	0.00835	0.00716
47	0.01222	0.00873	0.01222	0.01397	0.01572	0.00873	0.01222	0.01572	0.01746	0.02270	0.04016	0.08556	0.04365	0.02095	0.01048	0.00349	0.00698	0.63506	0.00698	0.00698
48	0.01877	0.01802	0.03079	0.04656	0.68612	0.01802	0.02328	0.02328	0.01727	0.02478	0.01427	0.01877	0.01201	0.00676	0.00751	0.00225	0.00901	0.00676	0.00375	0.01201
49	0.02833	0.03615	0.02149	0.01954	0.02345	0.70298	0.01466	0.03029	0.02149	0.01856	0.01172	0.01368	0.00977	0.00782	0.00684	0.00195	0.01368	0.00489	0.00391	0.00879
50	0.01074	0.00775	0.01014	0.00954	0.01133	0.00716	0.00716	0.01431	0.02147	0.03042	0.68211	0.05666	0.07157	0.01551	0.00895	0.00239	0.00358	0.01372	0.00835	0.00716
51	0.03403	0.01291	0.01760	0.01350	0.01936	0.01115	0.01115	0.03697	0.02171	0.69137	0.02992	0.02582	0.01878	0.00939	0.00763	0.00235	0.00645	0.00763	0.00939	0.01291
52	0.02833	0.03615	0.02149	0.01954	0.02345	0.70298	0.01466	0.03029	0.02149	0.01856	0.01172	0.01368	0.00977	0.00782	0.00684	0.00195	0.01368	0.00489	0.00391	0.00879
53	0.01887	0.01629	0.01715	0.01544	0.01972	0.01887	0.01201	0.04031	0.67241	0.03173	0.03087	0.02830	0.02315	0.01029	0.00772	0.00257	0.00600	0.00858	0.00772	0.01201
54	0.02883	0.02125	0.02276	0.01745	0.02352	0.02352	0.01442	0.66082	0.03566	0.04780	0.01821	0.01821	0.01290	0.00911	0.00759	0.00228	0.00835	0.00683	0.00759	0.01290
55	0.01062	0.00775	0.00997	0.00942	0.01126	0.00711	0.00706	0.01408	0.02119	0.02975	0.64116	0.05776	0.11295	0.01576	0.00895	0.00240	0.00360	0.01387	0.00826	0.00711
56	0.00930	0.00665	0.00885	0.01052	0.01101	0.00620	0.00705	0.01071	0.01479	0.01979	0.06655	0.70252	0.05099	0.02344	0.00965	0.00305	0.00437	0.02126	0.00709	0.00620
57	0.01776	0.01667	0.02826	0.24414	0.34375	0.01773	0.08697	0.06956	0.01808	0.02471	0.01574	0.02270	0.01304	0.00786	0.00784	0.00243	0.00958	0.03854	0.00410	0.01056
58	0.01318	0.00659	0.00988	0.00988	0.00988	0.00659	0.00659	0.00988	0.00988	0.01318	0.01318	0.02306	0.01318	0.02635	0.02964	0.77931	0.00659	0.00659	0.00329	0.00329
59	0.67021	0.01440	0.01215	0.01052	0.01540	0.01611	0.00867	0.02457	0.01427	0.13600	0.01356	0.01442	0.00985	0.00741	0.00515	0.00235	0.00596	0.00465	0.00542	0.00894
60	0.68641	0.04773	0.01462	0.01273	0.04949	0.01773	0.03233	0.02244	0.01342	0.03249	0.01092	0.01293	0.00859	0.00698	0.00499	0.00232	0.00637	0.00441	0.00455	0.00855
61	0.01544	0.01462	0.02477	0.54735	0.21136	0.01715	0.02162	0.02036	0.01570	0.02074	0.01368	0.01986	0.01059	0.00738	0.00756	0.00246	0.00984	0.00675	0.00347	0.00933
62	0.00924	0.00660	0.00880	0.01056	0.01100	0.00616	0.00704	0.01056	0.01452	0.01936	0.04181	0.72848	0.05017	0.02376	0.00968	0.00308	0.00440	0.02156	0.00704	0.00616
63	0.00983	0.00689	0.00881	0.01012	0.01050	0.00658	0.00664	0.01091	0.01375	0.01831	0.03714	0.52628	0.04408	0.20592	0.01715	0.00420	0.00527	0.04543	0.00641	0.00579
64	0.01414	0.00707	0.00707	0.00707	0.00884	0.00707	0.00530	0.01767	0.01591	0.02828	0.02474	0.02828	0.01944	0.00884	0.00530	0.00177	0.00353	0.00707	0.77554	0.00707
65	0.00955	0.00682	0.00915	0.01091	0.01149	0.00643	0.00757	0.01109	0.01482	0.01971	0.04164	0.66236	0.04950	0.02347	0.00976	0.00312	0.00467	0.08466	0.00704	0.00625
66	0.01318	0.00659	0.00988	0.00988	0.00988	0.00659	0.00659	0.00988	0.00988	0.01318	0.01318	0.02306	0.01318	0.02635	0.02964	0.77931	0.00659	0.00659	0.00329	0.00329
67	0.01521	0.03923	0.69413	0.02162	0.03283	0.01762	0.02802	0.02402	0.01601	0.02402	0.01361	0.01601	0.00961	0.00721	0.00721	0.00240	0.01121	0.00560	0.00320	0.01121
68	0.78701	0.01467	0.01115	0.00997	0.01467	0.01702	0.00821	0.02230	0.01291	0.03403	0.01056	0.01232	0.00821	0.00704	0.00469	0.00235	0.00587	0.00411	0.00469	0.00821
69	0.78701	0.01467	0.01115	0.00997	0.01467	0.01702	0.00821	0.02230	0.01291	0.03403	0.01056	0.01232	0.00821	0.00704	0.00469	0.00235	0.00587	0.00411	0.00469	0.00821
70	0.01898	0.34672	0.21269	0.01618	0.02334	0.08346	0.04273	0.02324	0.01670	0.05057	0.01940	0.02058	0.07960	0.00824	0.00640	0.00203	0.00913	0.00615	0.00399	0.00987
71	0.01573	0.01348	0.01573	0.01123	0.01798	0.01011	0.00899	0.01910	0.01573	0.02472	0.01348	0.01573	0.01123	0.00562	0.00562	0.00112	0.00562	0.00449	0.00449	0.77980
72	0.01084	0.00813	0.01219	0.01219	0.01354	0.00948	0.00948	0.01354	0.01219	0.01761	0.02032	0.02980	0.01896	0.05689	0.70337	0.01219	0.02032	0.00813	0.00406	0.00677
73	0.01532	0.03846	0.66745	0.02204	0.03311	0.01768	0.05393	0.02403	0.01609	0.02403	0.01368	0.01620	0.00969	0.00717	0.00728	0.00241	0.01127	0.00574	0.00323	0.01117
74	0.00896	0.00768	0.00768	0.00768	0.01025	0.00640	0.00576	0.01089	0.01729	0.02049	0.07684	0.07300	0.68304	0.01921	0.00896	0.00256	0.00384	0.01601	0.00704	0.00640
75	0.01640	0.17794	0.47210	0.04909	0.03076	0.02041	0.05740	0.02334	0.01578	0.02236	0.01293	0.01567	0.00977	0.00728	0.00756	0.00229	0.03949	0.00556	0.00326	0.01062
76	0.02563	0.01875	0.02063	0.01559	0.02183	0.01931	0.01280	0.45777	0.02964	0.07555	0.01757	0.01795	0.01277	0.00820	0.00707	0.00197	0.00752	0.00625	0.00686	0.21633
77	0.35935	0.05270	0.14496	0.01931	0.11124	0.01766	0.05869	0.04862	0.01598	0.05639	0.01431	0.01833	0.01141	0.00774	0.00632	0.00237	0.00802	0.03221	0.00457	0.00981
78	0.02173	0.04760	0.01967	0.01590	0.02078	0.02064	0.01273	0.21429	0.46589	0.03568	0.02646	0.02479	0.01971	0.00980	0.00756	0.00245	0.00675	0.00790	0.00750	0.01216
79	0.00924	0.00660	0.00880	0.01056	0.01100	0.00616	0.00704	0.01056	0.01452	0.01936	0.04181	0.72848	0.05017	0.02376	0.00968	0.00308	0.00440	0.02156	0.00704	0.00616
80	0.02132	0.56364	0.08523	0.01469	0.02115	0.12269	0.01438	0.04576	0.01700	0.01943	0.01120	0.01287	0.00984	0.00682	0.00541	0.00175	0.00913	0.00438	0.00348	0.00982
81	0.01887	0.01629	0.01715	0.01544	0.01972	0.01887	0.01201	0.04031	0.67241	0.03173	0.03087	0.02830	0.02315	0.01029	0.00772	0.00257	0.00600	0.00858	0.00772	0.01201
82	0.00981	0.00764	0.00890	0.00875	0.01080	0.00674	0.00650	0.01246	0.01904	0.02502	0.35552	0.11058	0.35546	0.01780	0.00901	0.00252	0.00376	0.01533	0.00765	0.00674
83	0.78701	0.01467	0.01115	0.00997	0.01467	0.01702	0.00821	0.02230	0.01291	0.03403	0.01056	0.01232	0.00821	0.00704	0.00469	0.00235	0.00587	0.00411	0.00469	0.00821
84	0.01814	0.01656	0.02699	0.29613	0.26401	0.01806	0.07594	0.11226	0.01914	0.02585	0.01572	0.02224	0.01272	0.00798	0.00780	0.00244	0.00958	0.03373	0.00430	0.01040
85	0.01073	0.00731	0.00869	0.00891	0.00917	0.00727	0.00540	0.01132	0.01234	0.01665	0.07227	0.15073	0.03357	0.54153	0.06719	0.00662	0.00733	0.01264	0.00520	0.00512
86	0.04961	0.27661	0.14546	0.01856	0.04656	0.25200	0.03856	0.05199	0.01846	0.02144	0.01208	0.01411	0.00994	0.00719	0.00627	0.00198	0.01064	0.00498	0.00373	0.00985
87	0.01145	0.00776	0.01019	0.01077	0.01220	0.00730	0.00808	0.01392	0.01746	0.05103	0.23741	0.28087	0.08584	0.06785	0.01146	0.00318	0.00494	0.14413	0.00736	0.00682
88	0.01150	0.01123	0.07249	0.01083	0.01404	0.00854	0.00956	0.01501	0.03755	0.04334	0.07947	0.06600	0.39324	0.04736	0.01027	0.00293	0.00548	0.14712	0.00672	0.00730
89	0.01996	0.31195	0.08084	0.02038	0.13869	0.17055	0.01544	0.02309	0.01735	0.02004	0.01997	0.02156	0.09416	0.00847	0.00646	0.00198	0.00919	0.00633	0.00395	0.00963

[dist]
# distance from previous block
# <min> <max>
5	17

[block]
# block no. 4 follows, 26 sequences, length 143
# corresponding to MSA columns:
# 280-422
name=unknown_E
#
# <colnr> <probs for GDERKNQSTAVLIFYWHMCP>
#	G	D	E	R	K	N	Q	S	T	A	V	L	I	F	Y	W	H	M	C	P
0	0.21790	0.14092	0.09528	0.04625	0.15282	0.06974	0.01558	0.04722	0.01641	0.02582	0.03379	0.04915	0.01366	0.00835	0.00712	0.00226	0.03755	0.00624	0.00427	0.00966
1	0.10573	0.10437	0.02068	0.04331	0.10567	0.09561	0.03714	0.07833	0.05277	0.02470	0.04591	0.07304	0.05765	0.11024	0.01146	0.00298	0.00801	0.00847	0.00506	0.00889
2	0.14166	0.01935	0.01816	0.08874	0.02241	0.17296	0.01285	0.08486	0.03926	0.07201	0.01538	0.01943	0.01263	0.05429	0.04787	0.00312	0.09243	0.00617	0.00487	0.07157
3	0.37273	0.07934	0.01913	0.01404	0.01897	0.08035	0.05821	0.06814	0.01674	0.05535	0.04021	0.01633	0.01243	0.00784	0.00694	0.00222	0.04807	0.00543	0.00488	0.07266
4	0.39582	0.01622	0.01773	0.04743	0.04173	0.01864	0.03363	0.13902	0.01802	0.08834	0.01391	0.01595	0.01051	0.00845	0.00855	0.00248	0.10297	0.00561	0.00531	0.00967
5	0.17967	0.50233	0.03183	0.01307	0.01869	0.02652	0.01232	0.05098	0.01552	0.02258	0.01085	0.01280	0.00958	0.00722	0.00643	0.00193	0.06011	0.00438	0.00375	0.00945
6	0.01304	0.00814	0.00989	0.00944	0.01137	0.00738	0.00675	0.01509	0.01736	0.10482	0.23052	0.14368	0.20292	0.16781	0.01513	0.00356	0.00490	0.01399	0.00720	0.00701
7	0.01174	0.00662	0.00945	0.01006	0.01021	0.00647	0.00667	0.01016	0.01153	0.01537	0.02345	0.26765	0.02647	0.05115	0.02308	0.48318	0.00586	0.01192	0.00464	0.00433
8	0.01955	0.64317	0.09137	0.05121	0.02229	0.02831	0.01462	0.02264	0.01545	0.01842	0.01095	0.01291	0.00974	0.00661	0.00520	0.00173	0.00847	0.00432	0.00325	0.00978
9	0.01245	0.00905	0.01106	0.01079	0.01273	0.00900	0.00789	0.01821	0.12855	0.04823	0.33956	0.21719	0.07251	0.05497	0.01046	0.00286	0.00449	0.01452	0.00771	0.00775
10	0.03231	0.01253	0.01705	0.01320	0.01877	0.01085	0.01085	0.03530	0.02169	0.64264	0.07801	0.02809	0.02267	0.00984	0.00772	0.00235	0.00624	0.00808	0.00931	0.01248
11	0.03403	0.01291	0.01760	0.01350	0.01936	0.01115	0.01115	0.03697	0.02171	0.69137	0.02992	0.02582	0.01878	0.00939	0.00763	0.00235	0.00645	0.00763	0.00939	0.01291
12	0.13058	0.11444	0.08408	0.20287	0.03242	0.07441	0.11722	0.07920	0.01800	0.05830	0.01407	0.01728	0.01061	0.00738	0.00694	0.00230	0.00970	0.00616	0.00431	0.00973
13	0.01058	0.00728	0.00905	0.01001	0.01127	0.00660	0.00700	0.01214	0.01552	0.05298	0.04911	0.48217	0.20438	0.05108	0.01062	0.00310	0.00457	0.03896	0.00706	0.00652
14	0.00934	0.00673	0.00885	0.01037	0.01100	0.00624	0.00700	0.01085	0.01515	0.02022	0.09042	0.65255	0.07724	0.02297	0.00960	0.00301	0.00432	0.02076	0.00714	0.00624
15	0.01877	0.01802	0.03079	0.04656	0.68612	0.01802	0.02328	0.02328	0.01727	0.02478	0.01427	0.01877	0.01201	0.00676	0.00751	0.00225	0.00901	0.00676	0.00375	0.01201
16	0.01573	0.01348	0.01573	0.01123	0.01798	0.01011	0.00899	0.01910	0.01573	0.02472	0.01348	0.01573	0.01123	0.00562	0.00562	0.00112	0.00562	0.00449	0.00449	0.77980
17	0.00913	0.00765	0.00795	0.00796	0.01037	0.00646	0.00594	0.01118	0.01756	0.02134	0.12984	0.09690	0.60363	0.01905	0.00899	0.00257	0.00384	0.01602	0.00716	0.00646
18	0.00924	0.00660	0.00880	0.01056	0.01100	0.00616	0.00704	0.01056	0.01452	0.01936	0.04181	0.72848	0.05017	0.02376	0.00968	0.00308	0.00440	0.02156	0.00704	0.00616
19	0.01326	0.01211	0.02090	0.01764	0.02012	0.01375	0.14896	0.01659	0.01332	0.01914	0.01760	0.02570	0.01593	0.03916	0.44694	0.00872	0.13045	0.00806	0.00390	0.00775
20	0.78701	0.01467	0.01115	0.00997	0.01467	0.01702	0.00821	0.02230	0.01291	0.03403	0.01056	0.01232	0.00821	0.00704	0.00469	0.00235	0.00587	0.00411	0.00469	0.00821
21	0.01066	0.00779	0.01003	0.00957	0.01142	0.00716	0.00725	0.01410	0.02099	0.02935	0.61071	0.05903	0.11753	0.01600	0.00901	0.00244	0.00373	0.03794	0.00820	0.00709
22	0.01103	0.00735	0.00827	0.00827	0.00827	0.00735	0.00460	0.01103	0.01103	0.01471	0.02390	0.04964	0.02758	0.73343	0.03861	0.00735	0.00735	0.01103	0.00460	0.00460
23	0.01943	0.02040	0.05670	0.04328	0.60415	0.07556	0.02274	0.02390	0.01758	0.02423	0.01403	0.01823	0.01173	0.00687	0.00744	0.00223	0.00949	0.00655	0.00375	0.01171
24	0.01222	0.00873	0.01222	0.01397	0.01572	0.00873	0.01222	0.01572	0.01746	0.02270	0.04016	0.08556	0.04365	0.02095	0.01048	0.00349	0.00698	0.63506	0.00698	0.00698
25	0.01668	0.01410	0.01622	0.01185	0.01840	0.01141	0.00948	0.05779	0.05601	0.02648	0.01479	0.01662	0.01204	0.00610	0.00586	0.00128	0.00580	0.00487	0.00487	0.68934
26	0.01646	0.01474	0.04955	0.01184	0.01877	0.01053	0.01002	0.02008	0.01599	0.05216	0.01417	0.01616	0.01146	0.00585	0.00578	0.00124	0.00593	0.00468	0.00463	0.70996
27	0.01843	0.01767	0.03017	0.09781	0.63753	0.01793	0.02311	0.02298	0.01711	0.02437	0.01421	0.01888	0.01187	0.00682	0.00751	0.00227	0.00910	0.00676	0.00373	0.01174
28	0.01432	0.01348	0.02275	0.71520	0.05224	0.01685	0.02107	0.01938	0.01517	0.01938	0.01348	0.02022	0.01011	0.00758	0.00758	0.00253	0.01011	0.00674	0.00337	0.00843
29	0.00999	0.00716	0.00920	0.01035	0.01108	0.00666	0.00694	0.01128	0.01412	0.01898	0.03732	0.55236	0.04416	0.14210	0.01438	0.00372	0.00506	0.04423	0.00650	0.04441
30	0.00924	0.00660	0.00880	0.01056	0.01100	0.00616	0.00704	0.01056	0.01452	0.01936	0.04181	0.72848	0.05017	0.02376	0.00968	0.00308	0.00440	0.02156	0.00704	0.00616
31	0.02883	0.02125	0.02276	0.01745	0.02352	0.02352	0.01442	0.66082	0.03566	0.04780	0.01821	0.01821	0.01290	0.00911	0.00759	0.00228	0.00835	0.00683	0.00759	0.01290
32	0.01659	0.01659	0.02323	0.01991	0.01991	0.02323	0.01659	0.01825	0.01162	0.01825	0.00996	0.01659	0.00996	0.01328	0.02489	0.00332	0.71955	0.00664	0.00332	0.00830
33	0.01084	0.00813	0.01219	0.01219	0.01354	0.00948	0.00948	0.01354	0.01219	0.01761	0.02032	0.02980	0.01896	0.05689	0.70337	0.01219	0.02032	0.00813	0.00406	0.00677
34	0.01920	0.01884	0.03037	0.04534	0.65632	0.04881	0.02289	0.02359	0.01746	0.02450	0.01415	0.01854	0.01191	0.00681	0.00748	0.00224	0.00922	0.00667	0.00376	0.01187
35	0.00973	0.00739	0.00896	0.00924	0.01089	0.00662	0.00668	0.01212	0.01810	0.02400	0.30072	0.25806	0.26175	0.01911	0.00917	0.00264	0.00390	0.01674	0.00755	0.00662
36	0.02028	0.73799	0.03975	0.01298	0.01947	0.03001	0.01298	0.02271	0.01541	0.01785	0.01055	0.01217	0.00973	0.00649	0.00487	0.00162	0.00811	0.00406	0.00324	0.00973
37	0.13508	0.06519	0.01958	0.01414	0.01985	0.01701	0.01179	0.20076	0.06174	0.34393	0.02284	0.02113	0.01538	0.00884	0.00703	0.00229	0.00697	0.00674	0.00774	0.01199
38	0.01588	0.01571	0.02887	0.33379	0.14402	0.01667	0.20280	0.02099	0.01642	0.02222	0.01715	0.02237	0.03833	0.00757	0.00786	0.00242	0.01004	0.00769	0.03482	0.03440
39	0.01456	0.01362	0.02292	0.64059	0.09610	0.01662	0.02088	0.01952	0.01541	0.01989	0.01456	0.02262	0.01153	0.00804	0.00769	0.00255	0.00991	0.03082	0.00354	0.00863
40	0.02575	0.11387	0.02429	0.07183	0.06824	0.53057	0.01550	0.02816	0.02006	0.01895	0.01188	0.01432	0.00994	0.00758	0.00671	0.00198	0.01247	0.00505	0.00378	0.00908
41	0.01432	0.01348	0.02275	0.71520	0.05224	0.01685	0.02107	0.01938	0.01517	0.01938	0.01348	0.02022	0.01011	0.00758	0.00758	0.00253	0.01011	0.00674	0.00337	0.00843
42	0.00924	0.00660	0.00880	0.01056	0.01100	0.00616	0.00704	0.01056	0.01452	0.01936	0.04181	0.72848	0.05017	0.02376	0.00968	0.00308	0.00440	0.02156	0.00704	0.00616
43	0.00921	0.00672	0.00868	0.01024	0.01092	0.00619	0.00690	0.01060	0.01483	0.01949	0.04574	0.65479	0.12132	0.02325	0.00960	0.00302	0.00434	0.02094	0.00704	0.00619
44	0.01571	0.01246	0.01398	0.01329	0.01662	0.01344	0.01059	0.02802	0.34979	0.05177	0.08869	0.05009	0.14398	0.01443	0.00860	0.00274	0.00568	0.14289	0.00755	0.00966
45	0.01221	0.00832	0.01130	0.01182	0.01365	0.00797	0.00965	0.01556	0.01912	0.05138	0.31375	0.11684	0.05507	0.01839	0.00966	0.00295	0.00533	0.30214	0.00766	0.00723
46	0.02613	0.01875	0.02044	0.01632	0.02166	0.02069	0.01323	0.43865	0.18092	0.08980	0.02176	0.02135	0.01572	0.01026	0.00872	0.04100	0.00758	0.00728	0.00754	0.01222
