[name]
unknown

[dist]
# distance from previous block
# <min> <max>
0	14

[block]
# block no. 0 follows, 27 sequences, length 42
# corresponding to MSA columns:
# 14-55
name=unknown_A
#
# <colnr> <probs for GDERKNQSTAVLIFYWHMCP>
#	G	D	E	R	K	N	Q	S	T	A	V	L	I	F	Y	W	H	M	C	P
0	0.01440	0.00920	0.01204	0.01241	0.01482	0.00893	0.01055	0.03791	0.01789	0.07384	0.07382	0.06420	0.03665	0.01654	0.00891	0.00287	0.00610	0.41549	0.11363	0.04980
1	0.02786	0.01586	0.05923	0.01403	0.02015	0.01359	0.01214	0.16705	0.02288	0.40367	0.02511	0.02320	0.03683	0.00879	0.00720	0.00213	0.00680	0.00701	0.00771	0.11876
2	0.02372	0.01745	0.01889	0.01531	0.02003	0.01922	0.01231	0.46692	0.10500	0.03985	0.02203	0.09867	0.01818	0.01108	0.00813	0.02392	0.00716	0.00848	0.05243	0.01120
3	0.01589	0.01359	0.01958	0.42829	0.03709	0.01517	0.01603	0.10079	0.01728	0.02352	0.01477	0.02070	0.01179	0.05170	0.00882	0.00244	0.00845	0.00645	0.02982	0.15782
4	0.01040	0.00703	0.00821	0.00860	0.00870	0.00694	0.00504	0.01069	0.01156	0.01542	0.02732	0.20239	0.03195	0.57852	0.03143	0.00626	0.00655	0.01311	0.00504	0.00484
5	0.01752	0.02003	0.04380	0.03129	0.03880	0.01877	0.66583	0.02378	0.01752	0.02378	0.01502	0.02003	0.01126	0.00626	0.00876	0.00250	0.01252	0.00876	0.00375	0.01001
6	0.02577	0.01692	0.11032	0.04073	0.02181	0.01304	0.01339	0.10405	0.02103	0.37540	0.05886	0.02317	0.01796	0.00862	0.00720	0.00214	0.00703	0.00697	0.00722	0.11837
7	0.02785	0.01335	0.01683	0.01333	0.01836	0.01272	0.01085	0.13358	0.06728	0.44264	0.13316	0.02908	0.02602	0.01016	0.00767	0.00231	0.00613	0.00836	0.00864	0.01167
8	0.01844	0.01394	0.01648	0.01384	0.01799	0.01443	0.03511	0.21193	0.13170	0.05960	0.14816	0.03965	0.11349	0.01231	0.00807	0.00239	0.00620	0.07200	0.00720	0.05706
9	0.00904	0.00646	0.00861	0.01034	0.01077	0.00603	0.00689	0.01034	0.01421	0.01895	0.04092	0.73426	0.04910	0.02326	0.00948	0.00301	0.00431	0.02110	0.00689	0.00603
10	0.07893	0.00835	0.01033	0.00987	0.01192	0.00801	0.00754	0.01539	0.01953	0.05649	0.51343	0.10604	0.05928	0.01517	0.00849	0.00245	0.00407	0.04975	0.00773	0.00724
11	0.15753	0.05276	0.01778	0.01343	0.01871	0.01578	0.01105	0.10590	0.15534	0.33916	0.02396	0.02197	0.01638	0.00880	0.00685	0.00230	0.00643	0.00680	0.00756	0.01151
12	0.02848	0.01792	0.02031	0.01550	0.02144	0.01859	0.01278	0.43982	0.02949	0.22142	0.02053	0.01963	0.01404	0.00869	0.00727	0.00215	0.00743	0.00670	0.00764	0.08019
13	0.01485	0.01261	0.01481	0.01094	0.01700	0.00956	0.00863	0.01797	0.01529	0.02374	0.01559	0.07753	0.01429	0.00703	0.00584	0.00127	0.00539	0.00584	0.00461	0.71720
14	0.02376	0.01819	0.01873	0.01521	0.01988	0.06060	0.01231	0.44407	0.05601	0.03943	0.07806	0.04777	0.02068	0.01030	0.00748	0.00226	0.00740	0.03152	0.07541	0.01093
15	0.01104	0.00833	0.01172	0.01149	0.01240	0.00968	0.00857	0.01296	0.01161	0.01657	0.02006	0.03311	0.02005	0.22278	0.49560	0.01016	0.06505	0.00856	0.00406	0.00620
16	0.01539	0.01319	0.01539	0.01100	0.01759	0.00990	0.00880	0.01869	0.01539	0.02419	0.01319	0.01539	0.01100	0.00550	0.00550	0.00110	0.00550	0.00440	0.00440	0.78449
17	0.02773	0.03538	0.02104	0.01913	0.02295	0.70930	0.01434	0.02964	0.02104	0.01817	0.01148	0.01339	0.00956	0.00765	0.00669	0.00191	0.01339	0.00478	0.00383	0.00861
18	0.03207	0.01461	0.01845	0.01415	0.01994	0.01385	0.01169	0.18951	0.02456	0.53993	0.02651	0.02346	0.01698	0.00912	0.00746	0.00228	0.00677	0.00728	0.00876	0.01263
19	0.00955	0.00755	0.00859	0.00833	0.01050	0.00660	0.00625	0.01215	0.01874	0.02438	0.34867	0.06432	0.41361	0.01719	0.00877	0.00243	0.00365	0.01467	0.00746	0.00660
20	0.02945	0.01235	0.01639	0.01288	0.01802	0.01108	0.01052	0.05883	0.04144	0.55743	0.12176	0.02929	0.02555	0.01005	0.00765	0.00231	0.00598	0.00830	0.00892	0.01181
21	0.01289	0.00645	0.00967	0.00967	0.00967	0.00645	0.00645	0.00967	0.00967	0.01289	0.01289	0.02257	0.01289	0.02579	0.02901	0.78401	0.00645	0.00645	0.00322	0.00322
22	0.02822	0.02079	0.02228	0.01708	0.02302	0.02302	0.01411	0.66804	0.03490	0.04679	0.01782	0.01782	0.01262	0.00891	0.00743	0.00223	0.00817	0.00668	0.00743	0.01262
23	0.02002	0.43303	0.20806	0.01576	0.02315	0.05298	0.01679	0.11071	0.01818	0.02306	0.01217	0.01375	0.00992	0.00693	0.00580	0.00189	0.00898	0.00477	0.00377	0.01029
24	0.01584	0.17402	0.57337	0.01953	0.02962	0.01957	0.02460	0.02326	0.01556	0.02235	0.01275	0.01495	0.00943	0.00692	0.00661	0.00220	0.01039	0.00519	0.00314	0.01069
25	0.02773	0.03538	0.02104	0.01913	0.02295	0.70930	0.01434	0.02964	0.02104	0.01817	0.01148	0.01339	0.00956	0.00765	0.00669	0.00191	0.01339	0.00478	0.00383	0.00861
26	0.00904	0.00646	0.00861	0.01034	0.01077	0.00603	0.00689	0.01034	0.01421	0.01895	0.04092	0.73426	0.04910	0.02326	0.00948	0.00301	0.00431	0.02110	0.00689	0.00603
27	0.00924	0.00750	0.00819	0.00811	0.01033	0.00645	0.00605	0.01153	0.01790	0.02257	0.23546	0.09212	0.50259	0.01801	0.00880	0.00248	0.00371	0.01528	0.00723	0.00645
28	0.03331	0.01263	0.01723	0.01321	0.01895	0.01091	0.01091	0.03618	0.02125	0.69794	0.02929	0.02527	0.01838	0.00919	0.00747	0.00230	0.00632	0.00747	0.00919	0.01263
29	0.01042	0.00752	0.00984	0.00940	0.01107	0.00695	0.00700	0.01379	0.02060	0.02911	0.64954	0.09666	0.06877	0.01567	0.00880	0.00238	0.00355	0.01389	0.00809	0.00695
30	0.06476	0.01271	0.01697	0.01307	0.01876	0.01115	0.01079	0.03558	0.02089	0.67037	0.02850	0.02472	0.01795	0.00909	0.00735	0.00230	0.00629	0.00732	0.00900	0.01244
31	0.02552	0.01601	0.01775	0.01411	0.01902	0.01704	0.01149	0.36358	0.07906	0.16829	0.02233	0.02205	0.01583	0.00900	0.00699	0.00216	0.00667	0.00702	0.16468	0.01140
32	0.79154	0.01436	0.01091	0.00976	0.01436	0.01665	0.00804	0.02182	0.01263	0.03331	0.01034	0.01206	0.00804	0.00689	0.00459	0.00230	0.00574	0.00402	0.00459	0.00804
33	0.01647	0.05541	0.02237	0.04066	0.02029	0.02127	0.01507	0.02009	0.06982	0.01964	0.01200	0.01703	0.01098	0.01146	0.01944	0.00286	0.53039	0.00632	0.00373	0.08470
34	0.01070	0.00801	0.00959	0.01018	0.01166	0.00760	0.00721	0.06743	0.01699	0.02213	0.07765	0.47724	0.20485	0.02054	0.00909	0.00279	0.00447	0.01816	0.00700	0.00670
35	0.01041	0.00758	0.00978	0.00923	0.01103	0.00696	0.00692	0.01381	0.02077	0.02920	0.65302	0.05639	0.10626	0.01539	0.00876	0.00234	0.00352	0.01356	0.00810	0.00696
36	0.01591	0.01372	0.01434	0.01311	0.01686	0.01525	0.01014	0.03185	0.50453	0.02815	0.04209	0.03924	0.19874	0.01238	0.00788	0.00252	0.00532	0.01031	0.00738	0.01030
37	0.00892	0.00753	0.00773	0.00768	0.01012	0.00633	0.00576	0.01094	0.01727	0.02089	0.12825	0.07006	0.63622	0.01849	0.00877	0.00249	0.00374	0.01547	0.00700	0.00633
38	0.00936	0.00680	0.00889	0.01033	0.01112	0.00633	0.00723	0.01102	0.01510	0.01998	0.08296	0.58180	0.10301	0.02216	0.00944	0.00297	0.00443	0.07392	0.00696	0.00618
39	0.02541	0.03141	0.02101	0.11576	0.02667	0.58149	0.01509	0.02863	0.05094	0.01888	0.01259	0.01494	0.01022	0.00773	0.00683	0.00202	0.01256	0.00520	0.00393	0.00870
40	0.01539	0.01319	0.01539	0.01100	0.01759	0.00990	0.00880	0.01869	0.01539	0.02419	0.01319	0.01539	0.01100	0.00550	0.00550	0.00110	0.00550	0.00440	0.00440	0.78449
41	0.09572	0.11604	0.05705	0.01355	0.01947	0.04693	0.01197	0.03202	0.01934	0.47819	0.02333	0.02121	0.01536	0.00841	0.00679	0.00218	0.00707	0.00645	0.00738	0.01153

[dist]
# distance from previous block
# <min> <max>
2	4

[block]
# block no. 1 follows, 27 sequences, length 21
# corresponding to MSA columns:
# 61-81
name=unknown_B
#
# <colnr> <probs for GDERKNQSTAVLIFYWHMCP>
#	G	D	E	R	K	N	Q	S	T	A	V	L	I	F	Y	W	H	M	C	P
0	0.73857	0.01480	0.01170	0.01027	0.01496	0.01710	0.00846	0.06667	0.01418	0.03424	0.01086	0.01246	0.00836	0.00703	0.00479	0.00229	0.00591	0.00420	0.00479	0.00836
1	0.01758	0.01360	0.01588	0.01168	0.01782	0.01118	0.00938	0.08938	0.01824	0.06968	0.06038	0.01899	0.01563	0.00675	0.00605	0.00138	0.00570	0.00545	0.00528	0.59997
2	0.01424	0.01342	0.02266	0.68759	0.08311	0.01655	0.02072	0.01916	0.01495	0.01923	0.01323	0.01972	0.00999	0.00738	0.00742	0.00246	0.00984	0.00660	0.00332	0.00842
3	0.79154	0.01436	0.01091	0.00976	0.01436	0.01665	0.00804	0.02182	0.01263	0.03331	0.01034	0.01206	0.00804	0.00689	0.00459	0.00230	0.00574	0.00402	0.00459	0.00804
4	0.00991	0.00735	0.00931	0.01025	0.01132	0.00702	0.00714	0.01292	0.05786	0.02191	0.16920	0.51204	0.09482	0.02054	0.00917	0.00282	0.00421	0.01843	0.00718	0.00660
5	0.00885	0.00752	0.00763	0.00760	0.01008	0.00630	0.00570	0.01081	0.01711	0.02050	0.10311	0.07072	0.66160	0.01864	0.00877	0.00250	0.00375	0.01557	0.00695	0.00630
6	0.01985	0.01652	0.01937	0.01996	0.12458	0.01847	0.01365	0.09247	0.49537	0.05532	0.02655	0.02528	0.01992	0.00940	0.00751	0.00244	0.00655	0.00793	0.00700	0.01186
7	0.00931	0.00747	0.00831	0.00826	0.01039	0.00647	0.00613	0.01163	0.01795	0.02286	0.25501	0.11269	0.46133	0.01803	0.00882	0.00249	0.00372	0.01538	0.00727	0.00647
8	0.01788	0.01562	0.01847	0.03696	0.02085	0.04298	0.05076	0.11575	0.06493	0.02777	0.04527	0.01874	0.01460	0.00695	0.00638	0.00158	0.00674	0.00577	0.00513	0.47687
9	0.02061	0.10574	0.02173	0.04747	0.09438	0.07125	0.01296	0.08970	0.07344	0.10014	0.03614	0.01888	0.01437	0.00764	0.00709	0.00188	0.03118	0.00595	0.00525	0.23421
10	0.18332	0.01626	0.01722	0.06352	0.02106	0.03533	0.01186	0.21810	0.13107	0.15576	0.02026	0.02018	0.01446	0.00858	0.00673	0.00228	0.00695	0.00651	0.04974	0.01081
11	0.01668	0.07316	0.33477	0.02944	0.24348	0.01809	0.10819	0.02307	0.01626	0.02342	0.01356	0.01686	0.01046	0.00671	0.00718	0.00223	0.01011	0.00615	0.00343	0.03673
12	0.01533	0.01310	0.01520	0.01125	0.01742	0.01031	0.00892	0.01974	0.06022	0.02443	0.01551	0.04645	0.01339	0.00655	0.00580	0.00128	0.00547	0.00537	0.00472	0.69953
13	0.01040	0.00732	0.00952	0.00984	0.01038	0.00770	0.00660	0.01156	0.01182	0.01622	0.02543	0.16905	0.02817	0.36944	0.26540	0.00806	0.01106	0.01172	0.00476	0.00552
14	0.01791	0.01556	0.02227	0.06099	0.02439	0.01441	0.14446	0.14655	0.01969	0.02818	0.01757	0.02000	0.04016	0.00714	0.00679	0.00178	0.00757	0.00646	0.03955	0.35857
15	0.00924	0.00742	0.00805	0.00809	0.01011	0.00644	0.00587	0.01120	0.01690	0.02113	0.16994	0.11836	0.48517	0.07555	0.01112	0.00289	0.00403	0.01533	0.00692	0.00623
16	0.79154	0.01436	0.01091	0.00976	0.01436	0.01665	0.00804	0.02182	0.01263	0.03331	0.01034	0.01206	0.00804	0.00689	0.00459	0.00230	0.00574	0.00402	0.00459	0.00804
17	0.01190	0.00850	0.01180	0.08214	0.04614	0.00841	0.00883	0.01449	0.01703	0.05210	0.30685	0.20595	0.04752	0.12939	0.01323	0.00326	0.00527	0.01355	0.00665	0.00697
18	0.00964	0.00755	0.00872	0.00843	0.01056	0.00663	0.00632	0.01233	0.01896	0.02489	0.38085	0.06348	0.38112	0.01700	0.00876	0.00242	0.00363	0.01455	0.00753	0.00663
19	0.04263	0.24010	0.22372	0.14962	0.14043	0.02084	0.04188	0.02214	0.01551	0.02133	0.01246	0.01577	0.00994	0.00681	0.00646	0.00212	0.00939	0.00548	0.00334	0.01005
20	0.01629	0.01433	0.02238	0.40717	0.17357	0.01663	0.01868	0.08732	0.01717	0.02343	0.01478	0.02015	0.01157	0.00988	0.03999	0.00280	0.03156	0.00669	0.05635	0.00925

[dist]
# distance from previous block
# <min> <max>
0	2

[block]
# block no. 2 follows, 27 sequences, length 16
# corresponding to MSA columns:
# 84-99
name=unknown_C
#
# <colnr> <probs for GDERKNQSTAVLIFYWHMCP>
#	G	D	E	R	K	N	Q	S	T	A	V	L	I	F	Y	W	H	M	C	P
0	0.01773	0.02609	0.29693	0.02878	0.18495	0.01739	0.19743	0.02487	0.04369	0.06711	0.01563	0.01857	0.01156	0.00700	0.00763	0.00236	0.01039	0.00688	0.00399	0.01103
1	0.01926	0.65955	0.11774	0.01371	0.02061	0.02793	0.01446	0.02238	0.01515	0.01819	0.01068	0.01236	0.00951	0.00643	0.00504	0.00168	0.00830	0.00415	0.00317	0.00970
2	0.00904	0.00646	0.00861	0.01034	0.01077	0.00603	0.00689	0.01034	0.01421	0.01895	0.04092	0.73426	0.04910	0.02326	0.00948	0.00301	0.00431	0.02110	0.00689	0.00603
3	0.01043	0.00691	0.00901	0.01012	0.01072	0.00657	0.00672	0.01161	0.01380	0.04626	0.03645	0.55369	0.04264	0.15283	0.04196	0.00409	0.00552	0.01817	0.00644	0.00605
4	0.02694	0.02056	0.02109	0.01671	0.02224	0.06551	0.01360	0.49791	0.13308	0.07559	0.01992	0.01945	0.01427	0.00902	0.00740	0.00226	0.00805	0.00687	0.00731	0.01223
5	0.56864	0.18992	0.01820	0.01083	0.01591	0.02002	0.00946	0.05361	0.01431	0.03016	0.01070	0.01231	0.00862	0.00686	0.00477	0.00212	0.00639	0.00414	0.00439	0.00862
6	0.13595	0.00811	0.00763	0.00745	0.00951	0.00847	0.00559	0.01754	0.01476	0.02761	0.02197	0.02672	0.01787	0.06084	0.00744	0.00221	0.00409	0.00674	0.60257	0.00692
7	0.00978	0.00699	0.00946	0.01118	0.01193	0.00667	0.00817	0.01161	0.01494	0.01978	0.04051	0.56973	0.04749	0.02256	0.00967	0.00312	0.00495	0.17835	0.00688	0.00623
8	0.00977	0.00762	0.01163	0.01213	0.01317	0.00712	0.06341	0.01149	0.01450	0.01937	0.03870	0.67299	0.04585	0.02180	0.00941	0.00297	0.00501	0.02005	0.00662	0.00637
9	0.01729	0.01465	0.01718	0.01292	0.01859	0.01342	0.01046	0.10441	0.04440	0.02671	0.01410	0.01631	0.01154	0.00698	0.00797	0.00155	0.08745	0.00510	0.00479	0.56419
10	0.01826	0.01545	0.01540	0.01360	0.01756	0.05111	0.01063	0.13072	0.37107	0.03048	0.03584	0.03408	0.15223	0.01140	0.00758	0.00239	0.00604	0.00929	0.05654	0.01033
11	0.02249	0.01460	0.01798	0.04283	0.02016	0.01519	0.05272	0.24008	0.08373	0.15874	0.04556	0.02708	0.06589	0.00968	0.00726	0.00223	0.00665	0.00800	0.14861	0.01054
12	0.00918	0.00660	0.00849	0.00994	0.01049	0.00615	0.00660	0.01040	0.01411	0.01864	0.04188	0.62784	0.09322	0.08434	0.01185	0.00334	0.00452	0.01983	0.00669	0.00592
13	0.02437	0.02021	0.02272	0.02157	0.12738	0.07772	0.01534	0.41214	0.02730	0.03633	0.01615	0.01821	0.01241	0.01208	0.05818	0.00297	0.07106	0.00659	0.00594	0.01135
14	0.01402	0.01319	0.02227	0.72126	0.05113	0.01649	0.02062	0.01897	0.01484	0.01897	0.01319	0.01979	0.00990	0.00742	0.00742	0.00247	0.00990	0.00660	0.00330	0.00825
15	0.01894	0.61509	0.15947	0.01424	0.02144	0.02716	0.01539	0.02246	0.01519	0.01857	0.01087	0.01259	0.00950	0.00648	0.00518	0.00173	0.00849	0.00425	0.00317	0.00979

[dist]
# distance from previous block
# <min> <max>
0	11

[block]
# block no. 3 follows, 27 sequences, length 73
# corresponding to MSA columns:
# 111-183
name=unknown_D
#
# <colnr> <probs for GDERKNQSTAVLIFYWHMCP>
#	G	D	E	R	K	N	Q	S	T	A	V	L	I	F	Y	W	H	M	C	P
0	0.04023	0.05368	0.07633	0.34250	0.10804	0.03834	0.08415	0.06698	0.01665	0.02257	0.01323	0.01811	0.01029	0.00771	0.00872	0.00242	0.07049	0.00647	0.00371	0.00937
1	0.01539	0.01319	0.01539	0.01100	0.01759	0.00990	0.00880	0.01869	0.01539	0.02419	0.01319	0.01539	0.01100	0.00550	0.00550	0.00110	0.00550	0.00440	0.00440	0.78449
2	0.01571	0.00962	0.01073	0.04232	0.01348	0.01015	0.00777	0.12418	0.01912	0.03013	0.09260	0.02869	0.02291	0.01164	0.04075	0.00241	0.00535	0.00760	0.49692	0.00792
3	0.01233	0.00799	0.01051	0.00965	0.01172	0.00732	0.00732	0.01578	0.02103	0.08311	0.63622	0.05304	0.06592	0.01470	0.00865	0.00233	0.00373	0.01295	0.00825	0.00745
4	0.01418	0.01351	0.02327	0.68918	0.05056	0.01660	0.05062	0.01919	0.01497	0.01919	0.01328	0.01980	0.00996	0.00737	0.00748	0.00248	0.01002	0.00670	0.00332	0.00833
5	0.02822	0.02079	0.02228	0.01708	0.02302	0.02302	0.01411	0.66804	0.03490	0.04679	0.01782	0.01782	0.01262	0.00891	0.00743	0.00223	0.00817	0.00668	0.00743	0.01262
6	0.00906	0.00729	0.00808	0.00840	0.01033	0.00631	0.00610	0.01103	0.01685	0.02109	0.14846	0.21883	0.46349	0.01933	0.00893	0.00260	0.00385	0.01660	0.00706	0.00631
7	0.02862	0.02015	0.02188	0.01677	0.02270	0.02206	0.01386	0.61811	0.03382	0.09824	0.01873	0.01841	0.01308	0.00893	0.00743	0.00223	0.00802	0.00675	0.00757	0.01263
8	0.01289	0.00645	0.00967	0.00967	0.00967	0.00645	0.00645	0.00967	0.00967	0.01289	0.01289	0.02257	0.01289	0.02579	0.02901	0.78401	0.00645	0.00645	0.00322	0.00322
9	0.02822	0.02079	0.02228	0.01708	0.02302	0.02302	0.01411	0.66804	0.03490	0.04679	0.01782	0.01782	0.01262	0.00891	0.00743	0.00223	0.00817	0.00668	0.00743	0.01262
10	0.01627	0.01806	0.09758	0.01386	0.01992	0.05933	0.01235	0.01989	0.01528	0.02287	0.01264	0.01540	0.01055	0.00681	0.00824	0.00158	0.10136	0.00483	0.00406	0.53913
11	0.00964	0.00752	0.00880	0.00922	0.01091	0.00686	0.00663	0.01246	0.04519	0.02212	0.18629	0.30228	0.30663	0.01927	0.00897	0.00265	0.00399	0.01683	0.00718	0.00657
12	0.79154	0.01436	0.01091	0.00976	0.01436	0.01665	0.00804	0.02182	0.01263	0.03331	0.01034	0.01206	0.00804	0.00689	0.00459	0.00230	0.00574	0.00402	0.00459	0.00804
13	0.01102	0.00779	0.01049	0.01187	0.01301	0.00767	0.00943	0.01339	0.01555	0.02046	0.05731	0.23936	0.04278	0.12916	0.01416	0.00385	0.00616	0.37372	0.00654	0.00629
14	0.03164	0.01421	0.01807	0.01398	0.01967	0.01340	0.01151	0.14501	0.05886	0.55023	0.02737	0.02412	0.01762	0.00919	0.00746	0.00230	0.00661	0.00738	0.00880	0.01258
15	0.01920	0.01528	0.01804	0.01329	0.01965	0.04487	0.04526	0.08284	0.01824	0.09715	0.01535	0.01682	0.01188	0.00635	0.00612	0.00145	0.00659	0.00519	0.00513	0.55130
16	0.02714	0.03375	0.02118	0.01906	0.02277	0.64415	0.01444	0.05539	0.02109	0.01934	0.01164	0.01372	0.00970	0.00799	0.00767	0.00200	0.05133	0.00495	0.00394	0.00875
17	0.02591	0.01732	0.01944	0.01559	0.02000	0.05484	0.01263	0.31544	0.02499	0.20335	0.01994	0.02205	0.01490	0.06289	0.04943	0.00322	0.09317	0.00711	0.00680	0.01099
18	0.79154	0.01436	0.01091	0.00976	0.01436	0.01665	0.00804	0.02182	0.01263	0.03331	0.01034	0.01206	0.00804	0.00689	0.00459	0.00230	0.00574	0.00402	0.00459	0.00804
19	0.01384	0.00692	0.00692	0.00692	0.00865	0.00692	0.00519	0.01730	0.01557	0.02768	0.02422	0.02768	0.01903	0.00865	0.00519	0.00173	0.00346	0.00692	0.78031	0.00692
20	0.00911	0.00649	0.00860	0.01026	0.01067	0.00607	0.00680	0.01035	0.01409	0.01879	0.04028	0.70944	0.04830	0.04917	0.01050	0.00317	0.00441	0.02073	0.00680	0.00597
21	0.00903	0.00654	0.00854	0.01014	0.01071	0.00605	0.00680	0.01036	0.01441	0.01903	0.04336	0.68706	0.09472	0.02294	0.00943	0.00298	0.00427	0.02072	0.00689	0.00605
22	0.03331	0.01263	0.01723	0.01321	0.01895	0.01091	0.01091	0.03618	0.02125	0.69794	0.02929	0.02527	0.01838	0.00919	0.00747	0.00230	0.00632	0.00747	0.00919	0.01263
23	0.01036	0.00758	0.00972	0.00918	0.01100	0.00694	0.00689	0.01372	0.02066	0.02894	0.63643	0.05682	0.12301	0.01549	0.00876	0.00235	0.00352	0.01362	0.00806	0.00694
24	0.01384	0.00692	0.00692	0.00692	0.00865	0.00692	0.00519	0.01730	0.01557	0.02768	0.02422	0.02768	0.01903	0.00865	0.00519	0.00173	0.00346	0.00692	0.78031	0.00692
25	0.01951	0.01647	0.01738	0.01532	0.01970	0.01896	0.01200	0.10707	0.61006	0.03275	0.02888	0.02664	0.02158	0.00995	0.00754	0.00249	0.00612	0.00821	0.00754	0.01184
26	0.02278	0.01553	0.01759	0.04059	0.02062	0.01694	0.01202	0.13251	0.38460	0.18302	0.02913	0.02694	0.04385	0.00991	0.00755	0.00242	0.00639	0.00812	0.00772	0.01176
27	0.05210	0.06503	0.59161	0.02103	0.03125	0.01783	0.07352	0.02340	0.01564	0.02374	0.01318	0.01567	0.00948	0.00696	0.00697	0.00233	0.01071	0.00560	0.00325	0.01070
28	0.79154	0.01436	0.01091	0.00976	0.01436	0.01665	0.00804	0.02182	0.01263	0.03331	0.01034	0.01206	0.00804	0.00689	0.00459	0.00230	0.00574	0.00402	0.00459	0.00804
29	0.01565	0.01439	0.01952	0.28225	0.02979	0.04973	0.01559	0.05291	0.01528	0.02110	0.04675	0.04873	0.01568	0.03718	0.01389	0.00281	0.23780	0.00754	0.06534	0.00807
30	0.01051	0.00759	0.00992	0.00934	0.01109	0.00700	0.00700	0.01401	0.02101	0.02977	0.68888	0.05545	0.07005	0.01518	0.00876	0.00233	0.00350	0.01343	0.00817	0.00700
31	0.01782	0.01707	0.02913	0.13184	0.61087	0.01749	0.02251	0.02230	0.01664	0.02358	0.01387	0.01855	0.01152	0.00672	0.00736	0.00224	0.00896	0.00661	0.00363	0.01131
32	0.00920	0.00677	0.00863	0.00979	0.01070	0.00620	0.00672	0.01088	0.01554	0.02058	0.13385	0.54422	0.14667	0.02150	0.00927	0.00285	0.00412	0.01926	0.00707	0.00620
33	0.01061	0.00795	0.01193	0.01193	0.01326	0.00928	0.00928	0.01326	0.01193	0.01723	0.01988	0.02916	0.01856	0.05568	0.70968	0.01193	0.01988	0.00795	0.00398	0.00663
34	0.01412	0.01315	0.02182	0.66580	0.04831	0.01650	0.01993	0.01886	0.01470	0.01918	0.01337	0.01987	0.01017	0.00773	0.00816	0.00249	0.04380	0.00660	0.02725	0.00820
35	0.01708	0.01292	0.01652	0.01292	0.01825	0.01099	0.04472	0.06874	0.01746	0.08255	0.02011	0.06089	0.01831	0.04032	0.00817	0.00201	0.00633	0.08765	0.00544	0.44863
36	0.01539	0.01319	0.01539	0.01100	0.01759	0.00990	0.00880	0.01869	0.01539	0.02419	0.01319	0.01539	0.01100	0.00550	0.00550	0.00110	0.00550	0.00440	0.00440	0.78449
37	0.01158	0.00800	0.00957	0.00933	0.00989	0.00838	0.00596	0.04246	0.01218	0.01652	0.02239	0.04306	0.02454	0.56132	0.17711	0.00795	0.00990	0.01001	0.00453	0.00533
38	0.01590	0.01044	0.01262	0.13655	0.01903	0.01144	0.00976	0.12888	0.01852	0.02840	0.02203	0.06982	0.01820	0.01143	0.03645	0.00247	0.00618	0.00777	0.42604	0.00807
39	0.01830	0.52320	0.24570	0.01535	0.02314	0.02558	0.01730	0.02263	0.01527	0.01935	0.01126	0.01309	0.00949	0.00657	0.00548	0.00183	0.00889	0.00444	0.00316	0.00998
40	0.01077	0.00731	0.00867	0.00867	0.00887	0.00751	0.00522	0.01117	0.01097	0.01482	0.02286	0.04566	0.02572	0.63615	0.13900	0.00791	0.00911	0.01037	0.00442	0.00482
41	0.06718	0.01499	0.01796	0.04333	0.01987	0.01615	0.06929	0.30857	0.02417	0.03583	0.01925	0.02133	0.01444	0.00840	0.00656	0.00209	0.00678	0.00679	0.28717	0.00986
42	0.03021	0.01281	0.01683	0.01319	0.01851	0.01164	0.01079	0.06464	0.06396	0.56842	0.08394	0.02759	0.02270	0.00973	0.00758	0.00231	0.00614	0.00799	0.00891	0.01211
43	0.01516	0.07647	0.66491	0.02070	0.03142	0.01790	0.02663	0.02344	0.01564	0.02318	0.01316	0.01547	0.00941	0.00702	0.00693	0.00231	0.01081	0.00540	0.00314	0.01089
44	0.01289	0.00645	0.00967	0.00967	0.00967	0.00645	0.00645	0.00967	0.00967	0.01289	0.01289	0.02257	0.01289	0.02579	0.02901	0.78401	0.00645	0.00645	0.00322	0.00322
45	0.00939	0.00749	0.00842	0.00831	0.01044	0.00651	0.00618	0.01181	0.01820	0.02339	0.28771	0.10164	0.43872	0.01778	0.00881	0.00247	0.00370	0.01518	0.00734	0.00651
46	0.01580	0.03713	0.66697	0.02077	0.03148	0.01693	0.02661	0.02413	0.01595	0.05674	0.01411	0.01615	0.00985	0.00716	0.00707	0.00235	0.01074	0.00558	0.00343	0.01105
47	0.01005	0.00757	0.00930	0.00886	0.01081	0.00681	0.00665	0.01313	0.01994	0.02723	0.52850	0.05963	0.23201	0.01612	0.00876	0.00238	0.00357	0.01401	0.00784	0.00681
48	0.01259	0.00903	0.03582	0.01124	0.01326	0.00775	0.00900	0.01539	0.01755	0.08538	0.23522	0.26093	0.06740	0.04020	0.01000	0.00292	0.00510	0.14671	0.00727	0.00724
49	0.01985	0.74357	0.03890	0.01270	0.01905	0.02937	0.01270	0.02223	0.01508	0.01747	0.01032	0.01191	0.00953	0.00635	0.00476	0.00159	0.00794	0.00397	0.00318	0.00953
50	0.00922	0.00742	0.00822	0.00826	0.01036	0.00642	0.00610	0.01143	0.01761	0.02227	0.21905	0.13858	0.47220	0.01841	0.00884	0.00252	0.00376	0.01571	0.00720	0.00642
51	0.02618	0.01978	0.02113	0.01667	0.02225	0.02207	0.01362	0.53679	0.16947	0.04350	0.02041	0.01988	0.01472	0.00915	0.00745	0.00229	0.00769	0.00704	0.00745	0.01244
52	0.01974	0.29129	0.18158	0.02273	0.17250	0.09803	0.01833	0.02462	0.04086	0.04672	0.01338	0.01544	0.01082	0.00695	0.00627	0.00199	0.00928	0.00528	0.00374	0.01045
53	0.01343	0.01221	0.04040	0.23271	0.13733	0.01247	0.01634	0.01743	0.01604	0.02127	0.02657	0.11862	0.02728	0.01411	0.00874	0.00286	0.00796	0.26098	0.00513	0.00812
54	0.00904	0.00646	0.00861	0.01034	0.01077	0.00603	0.00689	0.01034	0.01421	0.01895	0.04092	0.73426	0.04910	0.02326	0.00948	0.00301	0.00431	0.02110	0.00689	0.00603
55	0.01166	0.00945	0.01372	0.01312	0.01413	0.01166	0.01031	0.01398	0.01177	0.01720	0.01820	0.02782	0.01738	0.08468	0.54672	0.01007	0.14965	0.00784	0.00387	0.00679
56	0.01948	0.29605	0.21604	0.01725	0.05179	0.05478	0.01708	0.13551	0.01957	0.02562	0.06837	0.01791	0.01510	0.00779	0.00640	0.00201	0.00875	0.00579	0.00437	0.01032
57	0.01477	0.01462	0.01415	0.01368	0.01561	0.17950	0.01051	0.01724	0.01415	0.01746	0.01784	0.02533	0.01637	0.04400	0.53874	0.00949	0.01830	0.00718	0.00394	0.00711
58	0.00927	0.00656	0.00855	0.01005	0.01042	0.00618	0.00658	0.01040	0.01377	0.01836	0.03865	0.64553	0.04624	0.11589	0.01314	0.00356	0.00468	0.01977	0.00658	0.00583
59	0.02246	0.01678	0.08383	0.02119	0.16569	0.01476	0.01496	0.13654	0.06338	0.21849	0.07288	0.09267	0.02221	0.01025	0.00769	0.00236	0.00718	0.00879	0.00672	0.01117
60	0.02325	0.05120	0.02121	0.06160	0.09025	0.12979	0.01404	0.30657	0.06722	0.03322	0.01885	0.02017	0.03160	0.00859	0.00700	0.00214	0.00840	0.00663	0.08762	0.01066
61	0.01349	0.01050	0.01158	0.01102	0.01405	0.01059	0.00864	0.02164	0.22227	0.05789	0.10439	0.05580	0.32406	0.01554	0.00851	0.00259	0.00488	0.08683	0.00731	0.00840
62	0.05611	0.02937	0.09336	0.08078	0.07770	0.39156	0.01662	0.12338	0.02136	0.02421	0.01292	0.01518	0.01014	0.00765	0.00687	0.00209	0.01138	0.00541	0.00427	0.00965
63	0.01076	0.00735	0.00885	0.00885	0.00911	0.00761	0.00544	0.01128	0.01102	0.01495	0.02270	0.04476	0.02533	0.60447	0.17015	0.00813	0.00970	0.01024	0.00440	0.00492
64	0.37680	0.05584	0.07767	0.09105	0.04506	0.01700	0.12818	0.02127	0.01431	0.02683	0.01313	0.01819	0.01076	0.00818	0.00721	0.03588	0.00810	0.03183	0.00412	0.00859
65	0.07183	0.08187	0.46178	0.01895	0.04871	0.01677	0.02175	0.02443	0.01643	0.11020	0.04824	0.01842	0.01353	0.00765	0.00686	0.00228	0.00936	0.00595	0.00428	0.01070
66	0.01957	0.01333	0.01548	0.01267	0.01698	0.01314	0.01001	0.21206	0.04509	0.11636	0.10325	0.09701	0.07253	0.03714	0.04181	0.00277	0.00668	0.00943	0.00685	0.14783
67	0.07555	0.20402	0.13924	0.01749	0.04181	0.18475	0.04615	0.06462	0.01759	0.02249	0.01219	0.01459	0.00998	0.00777	0.00745	0.02884	0.02926	0.00508	0.00383	0.06728
68	0.01710	0.04167	0.01386	0.01153	0.01468	0.11229	0.00881	0.08897	0.04349	0.08461	0.11966	0.04430	0.24665	0.10598	0.01171	0.00291	0.00651	0.01077	0.00645	0.00806
69	0.01752	0.04749	0.01736	0.12937	0.02256	0.01280	0.01134	0.08514	0.01775	0.09687	0.05002	0.07487	0.01827	0.03743	0.03801	0.00248	0.00720	0.00737	0.00533	0.30082
70	0.02171	0.01622	0.01746	0.01427	0.01883	0.03630	0.01150	0.35072	0.07382	0.05860	0.11116	0.05619	0.05595	0.01104	0.00765	0.00226	0.00674	0.03478	0.03235	0.06247
71	0.06258	0.01658	0.04635	0.01464	0.01934	0.01686	0.01204	0.26799	0.17590	0.08008	0.02481	0.14917	0.02144	0.01143	0.00757	0.00240	0.00668	0.00943	0.00700	0.04770
72	0.01721	0.10075	0.28050	0.01959	0.07988	0.01768	0.04512	0.12152	0.05478	0.02688	0.07822	0.05268	0.01899	0.04368	0.00872	0.00251	0.00868	0.00755	0.00480	0.01026

[dist]
# distance from previous block
# <min> <max>
24	271

[block]
# block no. 4 follows, 27 sequences, length 29
# corresponding to MSA columns:
# 463-491
name=unknown_E
#
# <colnr> <probs for GDERKNQSTAVLIFYWHMCP>
#	G	D	E	R	K	N	Q	S	T	A	V	L	I	F	Y	W	H	M	C	P
0	0.01783	0.01535	0.03345	0.03505	0.08359	0.08322	0.01177	0.08180	0.14977	0.04387	0.05635	0.05192	0.05514	0.01041	0.00758	0.00225	0.02647	0.02956	0.19533	0.00929
1	0.01553	0.01257	0.01799	0.04552	0.05624	0.01273	0.08640	0.14986	0.03678	0.02677	0.07237	0.29652	0.03131	0.01503	0.00905	0.02421	0.00671	0.03347	0.00620	0.04473
2	0.01853	0.01728	0.05049	0.04145	0.02281	0.05202	0.08141	0.09586	0.01820	0.05480	0.01433	0.01670	0.01127	0.00682	0.00744	0.00170	0.04864	0.00553	0.00469	0.43003
3	0.01275	0.01563	0.15518	0.01625	0.05645	0.01150	0.03525	0.05833	0.01599	0.02214	0.02954	0.43341	0.03288	0.01687	0.00953	0.00278	0.04692	0.01487	0.00566	0.00806
4	0.00895	0.00747	0.00780	0.00784	0.01017	0.00632	0.00584	0.01095	0.01715	0.02090	0.13057	0.10627	0.59687	0.01871	0.00881	0.00252	0.00377	0.01576	0.00701	0.00632
5	0.02265	0.01796	0.01916	0.01575	0.02087	0.02001	0.01264	0.31944	0.35309	0.03770	0.02370	0.02258	0.01750	0.00929	0.00738	0.00231	0.00688	0.00740	0.00732	0.05637
6	0.02611	0.01199	0.01562	0.01207	0.01744	0.01008	0.00981	0.02908	0.01977	0.45888	0.08931	0.02866	0.06011	0.00953	0.00725	0.00207	0.00574	0.00785	0.00798	0.17063
7	0.01864	0.37421	0.17338	0.05710	0.02745	0.04842	0.13807	0.04465	0.01653	0.02098	0.01226	0.01488	0.00995	0.00667	0.00628	0.00200	0.00973	0.00544	0.00345	0.00991
8	0.01735	0.02195	0.13613	0.02975	0.12104	0.01836	0.40995	0.02546	0.09529	0.02466	0.01642	0.02007	0.01240	0.00687	0.00818	0.00244	0.01102	0.00795	0.00410	0.01059
9	0.01061	0.00795	0.01193	0.01193	0.01326	0.00928	0.00928	0.01326	0.01193	0.01723	0.01988	0.02916	0.01856	0.05568	0.70968	0.01193	0.01988	0.00795	0.00398	0.00663
10	0.02833	0.01205	0.01601	0.01263	0.01756	0.01079	0.01029	0.06706	0.02197	0.52387	0.16442	0.03106	0.02869	0.01041	0.00773	0.00230	0.00584	0.00865	0.00888	0.01147
11	0.02767	0.02052	0.02197	0.01697	0.02281	0.02277	0.01398	0.63278	0.07105	0.04590	0.01852	0.01838	0.01319	0.00898	0.00743	0.00224	0.00804	0.00678	0.00743	0.01258
12	0.01412	0.01333	0.02229	0.68906	0.04968	0.01678	0.02042	0.01892	0.01468	0.01892	0.01304	0.01963	0.00989	0.00768	0.00820	0.00251	0.04273	0.00659	0.00330	0.00824
13	0.06044	0.02576	0.16126	0.01781	0.02449	0.09843	0.01660	0.43419	0.02837	0.03817	0.01584	0.01662	0.01141	0.00830	0.00714	0.00222	0.00922	0.00610	0.00601	0.01162
14	0.03098	0.05675	0.05815	0.01401	0.02011	0.01351	0.01227	0.09643	0.02191	0.55666	0.02617	0.02323	0.01679	0.00888	0.00728	0.00225	0.00686	0.00708	0.00832	0.01236
15	0.01221	0.00875	0.01188	0.01328	0.01497	0.00878	0.01124	0.04334	0.01741	0.02277	0.03862	0.18606	0.04243	0.02044	0.01000	0.00330	0.00649	0.51421	0.00687	0.00696
16	0.00916	0.00654	0.00875	0.01047	0.01095	0.00613	0.00709	0.01054	0.01433	0.01908	0.04085	0.70853	0.04885	0.02315	0.00951	0.00303	0.00441	0.04570	0.00689	0.00606
17	0.02476	0.01699	0.01907	0.01538	0.02014	0.01848	0.01258	0.44889	0.02868	0.10430	0.02204	0.07519	0.01801	0.01226	0.03088	0.00268	0.02643	0.04433	0.04770	0.01120
18	0.02848	0.02038	0.02202	0.01688	0.02281	0.02240	0.01395	0.63579	0.03421	0.08003	0.01841	0.01820	0.01292	0.00893	0.00743	0.00223	0.00807	0.00672	0.00752	0.01263
19	0.00939	0.00697	0.00919	0.01051	0.01110	0.00678	0.00721	0.01082	0.01454	0.01943	0.06944	0.63747	0.08504	0.02223	0.01002	0.00297	0.03406	0.01986	0.00680	0.00617
20	0.01577	0.01108	0.01302	0.01128	0.01436	0.01111	0.00882	0.15104	0.06117	0.07214	0.40259	0.04616	0.12410	0.01366	0.00834	0.00234	0.00480	0.01165	0.00790	0.00868
21	0.01038	0.00758	0.00975	0.00921	0.01101	0.00695	0.00691	0.01377	0.02072	0.02906	0.64433	0.05661	0.11503	0.01544	0.00876	0.00235	0.00352	0.01359	0.00808	0.00695
22	0.03232	0.01422	0.01821	0.01396	0.01974	0.01326	0.01153	0.15885	0.02390	0.57152	0.02706	0.02382	0.01726	0.00913	0.00746	0.00228	0.00668	0.00731	0.00885	0.01263
23	0.01289	0.00645	0.00967	0.00967	0.00967	0.00645	0.00645	0.00967	0.00967	0.01289	0.01289	0.02257	0.01289	0.02579	0.02901	0.78401	0.00645	0.00645	0.00322	0.00322
24	0.02822	0.02079	0.02228	0.01708	0.02302	0.02302	0.01411	0.66804	0.03490	0.04679	0.01782	0.01782	0.01262	0.00891	0.00743	0.00223	0.00817	0.00668	0.00743	0.01262
25	0.01874	0.01518	0.01719	0.01258	0.01901	0.01332	0.01018	0.18794	0.02048	0.03008	0.01440	0.01603	0.01142	0.00639	0.00600	0.00139	0.00619	0.00499	0.00519	0.58331
26	0.01056	0.00780	0.01074	0.01080	0.01242	0.00727	0.04309	0.01307	0.01648	0.02274	0.16646	0.33466	0.13588	0.01823	0.00877	0.00267	0.00465	0.07067	0.09641	0.00664
27	0.00910	0.00654	0.00854	0.01011	0.01062	0.00609	0.00673	0.01037	0.01420	0.01881	0.04179	0.67511	0.07808	0.05251	0.01061	0.00316	0.00440	0.02043	0.00679	0.00598
28	0.06067	0.01520	0.02403	0.14074	0.10218	0.01618	0.14791	0.02201	0.07356	0.02388	0.01558	0.01956	0.01239	0.00782	0.00918	0.00227	0.09857	0.00674	0.07644	0.12511

[dist]
# distance from previous block
# <min> <max>
6	15

[block]
# block no. 5 follows, 27 sequences, length 58
# corresponding to MSA columns:
# 507-564
name=unknown_F
#
# <colnr> <probs for GDERKNQSTAVLIFYWHMCP>
#	G	D	E	R	K	N	Q	S	T	A	V	L	I	F	Y	W	H	M	C	P
0	0.07123	0.04136	0.01777	0.17154	0.05188	0.01583	0.01270	0.20859	0.02085	0.05564	0.01772	0.02071	0.01344	0.00892	0.00749	0.03592	0.00705	0.00646	0.20561	0.00931
1	0.01249	0.00744	0.00860	0.00844	0.00950	0.00732	0.00562	0.01410	0.01381	0.05293	0.07909	0.07401	0.05328	0.35644	0.06172	0.00505	0.00635	0.01033	0.20749	0.00598
2	0.02669	0.01932	0.02065	0.01600	0.02150	0.02131	0.01316	0.59898	0.03285	0.04476	0.01850	0.01887	0.01330	0.00888	0.00719	0.00218	0.00767	0.00671	0.08945	0.01202
3	0.00924	0.00688	0.00860	0.00956	0.01066	0.00625	0.00664	0.01104	0.01597	0.02105	0.16002	0.47377	0.19141	0.02090	0.00920	0.00279	0.00405	0.01860	0.00711	0.00625
4	0.00911	0.00649	0.00860	0.01026	0.01067	0.00607	0.00680	0.01035	0.01409	0.01879	0.04028	0.70943	0.04830	0.04918	0.01050	0.00317	0.00441	0.02073	0.00680	0.00597
5	0.03331	0.01263	0.01723	0.01321	0.01895	0.01091	0.01091	0.03618	0.02125	0.69794	0.02929	0.02527	0.01838	0.00919	0.00747	0.00230	0.00632	0.00747	0.00919	0.01263
6	0.00996	0.00757	0.00916	0.00876	0.01075	0.00677	0.00657	0.01294	0.01972	0.02669	0.49415	0.06053	0.26670	0.01633	0.00876	0.00239	0.00358	0.01414	0.00777	0.00677
7	0.79154	0.01436	0.01091	0.00976	0.01436	0.01665	0.00804	0.02182	0.01263	0.03331	0.01034	0.01206	0.00804	0.00689	0.00459	0.00230	0.00574	0.00402	0.00459	0.00804
8	0.50633	0.01544	0.01380	0.01176	0.01650	0.01752	0.00960	0.14953	0.08812	0.05772	0.01506	0.01587	0.01125	0.00776	0.00558	0.00229	0.00616	0.00523	0.03505	0.00944
9	0.01816	0.01751	0.03018	0.07436	0.64649	0.01762	0.04096	0.02265	0.01683	0.02401	0.01396	0.01848	0.01166	0.00664	0.00739	0.00222	0.00897	0.00667	0.00366	0.01156
10	0.02749	0.02009	0.02150	0.01657	0.02230	0.02221	0.01366	0.63521	0.03393	0.04582	0.01815	0.01832	0.01295	0.00890	0.00731	0.00220	0.00793	0.00670	0.04642	0.01234
11	0.79154	0.01436	0.01091	0.00976	0.01436	0.01665	0.00804	0.02182	0.01263	0.03331	0.01034	0.01206	0.00804	0.00689	0.00459	0.00230	0.00574	0.00402	0.00459	0.00804
12	0.01904	0.01818	0.04914	0.06341	0.28991	0.06747	0.04726	0.14357	0.02082	0.02807	0.07637	0.02674	0.04399	0.00913	0.00763	0.00229	0.00843	0.03986	0.02831	0.01039
13	0.00950	0.00745	0.00859	0.00852	0.01053	0.00654	0.00631	0.01198	0.01832	0.02388	0.31988	0.12629	0.38022	0.01775	0.00883	0.00248	0.00371	0.01526	0.00741	0.00654
14	0.02750	0.02027	0.02185	0.01687	0.02262	0.02246	0.01391	0.64109	0.03396	0.04557	0.01791	0.01829	0.01287	0.01084	0.03633	0.00263	0.00865	0.00674	0.00728	0.01238
15	0.00968	0.00704	0.00815	0.00874	0.00978	0.00649	0.00583	0.01099	0.01447	0.01891	0.07571	0.30096	0.23110	0.20951	0.01653	0.00389	0.00484	0.01590	0.03572	0.00578
16	0.01289	0.00645	0.00967	0.00967	0.00967	0.00645	0.00645	0.00967	0.00967	0.01289	0.01289	0.02257	0.01289	0.02579	0.02901	0.78401	0.00645	0.00645	0.00322	0.00322
17	0.01557	0.01478	0.02507	0.48015	0.28010	0.01690	0.02139	0.02033	0.01558	0.02085	0.01347	0.01929	0.01056	0.00713	0.00740	0.00238	0.00951	0.00660	0.00343	0.00950
18	0.00983	0.00758	0.00876	0.00867	0.01058	0.00679	0.00645	0.01222	0.01779	0.02315	0.29081	0.06408	0.35064	0.09261	0.01189	0.00300	0.00424	0.05742	0.00711	0.00639
19	0.01796	0.01815	0.02112	0.01818	0.01933	0.11169	0.01487	0.04934	0.01409	0.01988	0.01149	0.01689	0.01064	0.01325	0.04572	0.00321	0.51337	0.00627	0.03717	0.03739
20	0.02021	0.01428	0.06611	0.05957	0.13788	0.01201	0.04039	0.02415	0.01899	0.24058	0.18070	0.03114	0.05305	0.00992	0.00770	0.00224	0.00672	0.00871	0.00661	0.05904
21	0.01621	0.01389	0.01687	0.01212	0.01871	0.01099	0.03407	0.05620	0.01660	0.02547	0.01353	0.01571	0.01110	0.00572	0.00573	0.00122	0.00592	0.00470	0.00455	0.71070
22	0.01709	0.14520	0.40366	0.02157	0.05811	0.01869	0.11978	0.02360	0.01618	0.06121	0.01497	0.04062	0.01166	0.00747	0.00706	0.00226	0.01013	0.00643	0.00373	0.01056
23	0.01666	0.01143	0.03736	0.01046	0.01327	0.01149	0.00865	0.14745	0.01899	0.03015	0.02150	0.02477	0.01688	0.01196	0.05311	0.00260	0.04251	0.00686	0.50564	0.00826
24	0.01061	0.00795	0.01193	0.01193	0.01326	0.00928	0.00928	0.01326	0.01193	0.01723	0.01988	0.02916	0.01856	0.05568	0.70968	0.01193	0.01988	0.00795	0.00398	0.00663
25	0.02509	0.04954	0.02227	0.01692	0.02192	0.02262	0.01398	0.47636	0.12009	0.03992	0.01825	0.01875	0.01353	0.00946	0.00937	0.00236	0.09418	0.00678	0.00676	0.01183
26	0.00972	0.00791	0.00866	0.00851	0.01080	0.00706	0.00636	0.01295	0.05126	0.02304	0.22842	0.09740	0.46624	0.01765	0.00874	0.00249	0.00383	0.01499	0.00725	0.00672
27	0.01606	0.14749	0.41325	0.01754	0.02568	0.01735	0.02061	0.02282	0.03980	0.05527	0.02057	0.02721	0.04908	0.00941	0.00720	0.00237	0.00918	0.08478	0.00424	0.01009
28	0.01888	0.09962	0.08820	0.13411	0.02965	0.17510	0.13716	0.02274	0.01619	0.02005	0.01260	0.01680	0.01031	0.00824	0.01039	0.00237	0.14949	0.00620	0.03295	0.00896
29	0.07343	0.01611	0.01727	0.06961	0.06251	0.05171	0.01208	0.28916	0.04347	0.03413	0.02263	0.02401	0.06635	0.00920	0.00681	0.00216	0.00700	0.00720	0.17521	0.00995
30	0.06611	0.11272	0.04390	0.18815	0.08394	0.12681	0.01521	0.04547	0.05061	0.02254	0.01564	0.04309	0.01357	0.00831	0.00674	0.00212	0.00874	0.03703	0.00426	0.10505
31	0.04467	0.19709	0.01902	0.01211	0.03863	0.01409	0.00964	0.01843	0.01794	0.07427	0.32646	0.03512	0.03913	0.01564	0.07835	0.00307	0.00685	0.00911	0.00612	0.03426
32	0.02004	0.01588	0.01775	0.01342	0.01943	0.01503	0.01083	0.25886	0.05633	0.03267	0.01681	0.04386	0.01362	0.00766	0.00646	0.00166	0.00646	0.00607	0.00577	0.43138
33	0.01905	0.03985	0.01720	0.01365	0.01862	0.11381	0.01075	0.05958	0.22027	0.05179	0.05980	0.02343	0.04094	0.00854	0.00674	0.00188	0.00681	0.00679	0.00587	0.27462
34	0.07515	0.08315	0.06769	0.04217	0.12245	0.07792	0.01455	0.12005	0.11512	0.05023	0.05012	0.02756	0.06383	0.00975	0.00723	0.00230	0.00781	0.04723	0.00557	0.01012
35	0.01600	0.00968	0.01228	0.01086	0.01379	0.00912	0.00837	0.02123	0.09436	0.16070	0.42967	0.07630	0.05136	0.01343	0.00828	0.00233	0.00444	0.01170	0.00810	0.03800
36	0.01423	0.01765	0.17228	0.01836	0.08996	0.01292	0.04801	0.05256	0.08135	0.02618	0.18241	0.14258	0.03436	0.01284	0.00827	0.00254	0.00707	0.06137	0.00593	0.00913
37	0.00938	0.00662	0.00858	0.00994	0.01035	0.00626	0.00651	0.01055	0.01392	0.01863	0.06271	0.59766	0.04632	0.13863	0.01402	0.00366	0.00474	0.01915	0.00655	0.00582
38	0.01313	0.00941	0.01128	0.01040	0.01289	0.00926	0.00796	0.01868	0.11718	0.07728	0.36128	0.07252	0.19838	0.01498	0.00897	0.00245	0.02553	0.01278	0.00768	0.00797
39	0.63303	0.01434	0.01346	0.01132	0.01623	0.01582	0.03894	0.02424	0.01425	0.14042	0.01362	0.01457	0.00986	0.00723	0.00525	0.00231	0.00615	0.00480	0.00530	0.00887
40	0.00936	0.00741	0.00857	0.00904	0.01051	0.00682	0.00641	0.01098	0.01557	0.01973	0.09247	0.29923	0.35828	0.07390	0.01169	0.00305	0.02737	0.01678	0.00667	0.00615
41	0.00987	0.00755	0.00916	0.00991	0.01094	0.00733	0.00684	0.01205	0.04213	0.01949	0.06674	0.42662	0.18983	0.10606	0.01308	0.00336	0.02888	0.01737	0.00656	0.00624
42	0.01784	0.06076	0.07897	0.02943	0.08935	0.04560	0.46103	0.02333	0.01686	0.02276	0.01401	0.01862	0.01091	0.00694	0.00952	0.00246	0.07019	0.00779	0.00364	0.00998
43	0.03205	0.01258	0.01697	0.01314	0.01870	0.01103	0.01081	0.03555	0.04321	0.65330	0.05140	0.02636	0.02025	0.00942	0.00751	0.00231	0.00621	0.00770	0.00910	0.01242
44	0.01624	0.01624	0.02274	0.01949	0.01949	0.02274	0.01624	0.01787	0.01137	0.01787	0.00975	0.01624	0.00975	0.01299	0.02436	0.00325	0.72552	0.00650	0.00325	0.00812
45	0.02286	0.18144	0.05849	0.01755	0.05227	0.24773	0.01427	0.17353	0.02190	0.02552	0.01775	0.04748	0.03818	0.00923	0.00686	0.00209	0.00963	0.03865	0.00486	0.00973
46	0.02616	0.01910	0.02068	0.01622	0.02187	0.02090	0.01325	0.48830	0.14947	0.08032	0.02050	0.01992	0.01469	0.00898	0.00736	0.00223	0.00753	0.00693	0.00741	0.04818
47	0.01289	0.00645	0.00967	0.00967	0.00967	0.00645	0.00645	0.00967	0.00967	0.01289	0.01289	0.02257	0.01289	0.02579	0.02901	0.78401	0.00645	0.00645	0.00322	0.00322
48	0.00965	0.00755	0.00874	0.00844	0.01057	0.00664	0.00633	0.01235	0.01900	0.02498	0.38632	0.06334	0.37560	0.01696	0.00876	0.00242	0.00363	0.01453	0.00754	0.00664
49	0.02116	0.01849	0.01823	0.01583	0.02034	0.07518	0.01243	0.16427	0.49742	0.03316	0.02623	0.02457	0.01960	0.00964	0.00746	0.00241	0.00694	0.00776	0.00723	0.01167
50	0.02541	0.01448	0.01694	0.01405	0.01894	0.01503	0.01126	0.08798	0.31201	0.31869	0.02852	0.02585	0.01983	0.00953	0.00739	0.00236	0.00613	0.00778	0.04585	0.01197
51	0.00952	0.00766	0.00862	0.00915	0.01130	0.00676	0.00718	0.01170	0.01673	0.02045	0.06416	0.13047	0.48888	0.01957	0.00917	0.00276	0.00450	0.15817	0.00688	0.00638
52	0.02777	0.02186	0.02194	0.01718	0.02286	0.08260	0.01403	0.58638	0.06042	0.04364	0.01778	0.01785	0.01277	0.00885	0.00737	0.00221	0.00853	0.00659	0.00712	0.01224
53	0.01262	0.00646	0.00950	0.00963	0.00973	0.00643	0.00644	0.00997	0.01022	0.01386	0.01549	0.07925	0.01597	0.02503	0.02669	0.69662	0.00618	0.00763	0.02871	0.00357
54	0.24772	0.01326	0.01485	0.01240	0.01708	0.01338	0.01010	0.10342	0.01945	0.32537	0.02416	0.09725	0.01910	0.01051	0.00698	0.00242	0.00619	0.03872	0.00730	0.01034
