[name]
unknown

[dist]
# distance from previous block
# <min> <max>
0	35

[block]
# block no. 0 follows, 29 sequences, length 14
# corresponding to MSA columns:
# 35-48
name=unknown_A
#
# <colnr> <probs for GDERKNQSTAVLIFYWHMCP>
#	G	D	E	R	K	N	Q	S	T	A	V	L	I	F	Y	W	H	M	C	P
0	0.08681	0.14830	0.03679	0.01306	0.01774	0.05654	0.04244	0.04153	0.10032	0.04854	0.12272	0.02710	0.02281	0.00910	0.00654	0.00199	0.00657	0.05959	0.00530	0.14621
1	0.02127	0.09666	0.11125	0.01408	0.02007	0.11904	0.01279	0.07764	0.04886	0.15593	0.01658	0.01713	0.01226	0.00711	0.00616	0.00177	0.00764	0.00537	0.03323	0.21516
2	0.12835	0.17747	0.16441	0.01322	0.01892	0.04105	0.01316	0.04111	0.04659	0.07834	0.06602	0.02269	0.07209	0.01076	0.04284	0.00251	0.00777	0.00644	0.00474	0.04151
3	0.01569	0.05404	0.09406	0.10100	0.02308	0.01714	0.04319	0.08035	0.03102	0.02132	0.01618	0.02075	0.05136	0.03784	0.01422	0.04309	0.23958	0.00664	0.00396	0.08548
4	0.04205	0.01230	0.01556	0.01576	0.08706	0.05245	0.06413	0.07576	0.05227	0.02410	0.13971	0.20806	0.11547	0.05122	0.00941	0.00263	0.00614	0.01213	0.00595	0.00783
5	0.01630	0.02164	0.19371	0.07451	0.36026	0.01731	0.10893	0.02154	0.01545	0.02223	0.01300	0.01712	0.01041	0.00695	0.00851	0.00228	0.06975	0.00635	0.00336	0.01039
6	0.02195	0.02170	0.16638	0.01587	0.02193	0.07384	0.01488	0.23329	0.06728	0.13005	0.01858	0.05504	0.01423	0.00868	0.00736	0.00213	0.02759	0.00673	0.00580	0.08668
7	0.01187	0.00767	0.01023	0.01121	0.01272	0.00729	0.00884	0.01411	0.01545	0.07670	0.03957	0.31052	0.09448	0.05265	0.01043	0.00314	0.00542	0.29443	0.00667	0.00659
8	0.02415	0.01215	0.01585	0.07113	0.01955	0.01186	0.01081	0.07302	0.10373	0.39421	0.15559	0.02918	0.02662	0.00987	0.00740	0.00225	0.00589	0.00825	0.00786	0.01063
9	0.11148	0.07027	0.22934	0.01483	0.02120	0.01589	0.01507	0.06050	0.14532	0.16687	0.03771	0.02078	0.01542	0.03559	0.00767	0.00239	0.00743	0.00637	0.00556	0.01032
10	0.01031	0.00709	0.00872	0.00872	0.00904	0.00742	0.00550	0.01096	0.01064	0.01451	0.02157	0.04179	0.02380	0.56993	0.21321	0.00808	0.01005	0.00965	0.00419	0.00484
11	0.00875	0.00625	0.00833	0.00986	0.01034	0.00583	0.00662	0.01010	0.01398	0.01873	0.07442	0.70836	0.04816	0.02190	0.00905	0.00286	0.00409	0.01985	0.00668	0.00583
12	0.01107	0.00964	0.04541	0.01025	0.01263	0.00830	0.00816	0.01576	0.10132	0.04192	0.18933	0.24179	0.22383	0.01662	0.00838	0.00252	0.00446	0.03460	0.00683	0.00718
13	0.01679	0.07790	0.07006	0.37745	0.13766	0.08118	0.01875	0.06520	0.01629	0.02082	0.01255	0.01706	0.00984	0.00726	0.00756	0.00223	0.04300	0.00590	0.00351	0.00900

[dist]
# distance from previous block
# <min> <max>
0	3

[block]
# block no. 1 follows, 29 sequences, length 65
# corresponding to MSA columns:
# 52-116
name=unknown_B
#
# <colnr> <probs for GDERKNQSTAVLIFYWHMCP>
#	G	D	E	R	K	N	Q	S	T	A	V	L	I	F	Y	W	H	M	C	P
0	0.01631	0.05213	0.02118	0.06111	0.02049	0.09573	0.03832	0.03396	0.01330	0.01832	0.01243	0.03963	0.01172	0.01522	0.08760	0.00359	0.41828	0.00661	0.02622	0.00784
1	0.01517	0.01421	0.01883	0.01647	0.01715	0.03865	0.01352	0.04355	0.01243	0.01869	0.01242	0.01863	0.01163	0.02001	0.15907	0.00460	0.50264	0.00649	0.04821	0.00763
2	0.02545	0.01886	0.02036	0.01571	0.02122	0.02053	0.01289	0.60796	0.03136	0.04227	0.01776	0.04852	0.01352	0.00893	0.00708	0.00210	0.00750	0.00686	0.00691	0.06421
3	0.01816	0.49295	0.15373	0.01390	0.02045	0.02393	0.01451	0.07078	0.01597	0.02027	0.01318	0.01471	0.03318	0.00697	0.00588	0.00176	0.03009	0.00474	0.00352	0.04131
4	0.01687	0.05505	0.04097	0.02868	0.03553	0.01866	0.61982	0.02251	0.01645	0.02228	0.01398	0.01868	0.01066	0.00627	0.00882	0.00239	0.04123	0.00809	0.00355	0.00951
5	0.00877	0.00624	0.00824	0.00980	0.01019	0.00584	0.00649	0.00994	0.01345	0.01794	0.03833	0.70717	0.04594	0.06181	0.01056	0.00311	0.00428	0.01971	0.00649	0.00570
6	0.01613	0.01497	0.02437	0.44881	0.04007	0.01771	0.11295	0.11460	0.01702	0.02259	0.01318	0.01836	0.01004	0.00776	0.00912	0.00243	0.09072	0.00663	0.00379	0.00875
7	0.02566	0.07973	0.06405	0.01628	0.02230	0.02224	0.01419	0.58926	0.03085	0.04129	0.01626	0.01652	0.01169	0.00824	0.00690	0.00209	0.00798	0.00613	0.00655	0.01178
8	0.00851	0.00720	0.00738	0.00749	0.00979	0.00606	0.00563	0.01033	0.01613	0.01925	0.06979	0.09708	0.65640	0.01826	0.00848	0.00245	0.00371	0.03342	0.00661	0.00602
9	0.01747	0.01076	0.01263	0.01093	0.01429	0.01040	0.00855	0.13996	0.04386	0.17229	0.16196	0.12427	0.21556	0.01392	0.00795	0.00234	0.00499	0.01176	0.00742	0.00871
10	0.01254	0.00945	0.01176	0.01182	0.01314	0.01006	0.00861	0.12981	0.01692	0.02283	0.03273	0.55290	0.03763	0.01902	0.00997	0.00278	0.06798	0.01658	0.00640	0.00708
11	0.02788	0.01865	0.02057	0.01577	0.02143	0.02016	0.01303	0.57437	0.03131	0.15517	0.01892	0.01828	0.01302	0.00859	0.00713	0.00215	0.00754	0.00654	0.00740	0.01211
12	0.01858	0.01428	0.01726	0.04800	0.02018	0.01302	0.02928	0.13516	0.07898	0.08517	0.01623	0.01735	0.01237	0.00664	0.00610	0.00156	0.00621	0.00541	0.00531	0.46293
13	0.01904	0.75404	0.03731	0.01218	0.01828	0.02818	0.01218	0.02132	0.01447	0.01675	0.00990	0.01142	0.00914	0.00609	0.00457	0.00152	0.00761	0.00381	0.00305	0.00914
14	0.01747	0.01430	0.01637	0.01240	0.01778	0.01333	0.00994	0.16448	0.05703	0.02752	0.01484	0.01754	0.01220	0.04280	0.00837	0.00178	0.04945	0.00534	0.00497	0.49208
15	0.01702	0.08683	0.02531	0.25375	0.32116	0.09725	0.01861	0.02081	0.01575	0.02013	0.01382	0.05255	0.01203	0.00746	0.00686	0.00215	0.00899	0.00658	0.00353	0.00940
16	0.00866	0.00624	0.00822	0.00980	0.01030	0.00579	0.00656	0.00993	0.01375	0.01822	0.04067	0.71576	0.07552	0.02212	0.00906	0.00287	0.00411	0.02002	0.00661	0.00579
17	0.01558	0.01558	0.02181	0.01869	0.01869	0.02181	0.01558	0.01714	0.01091	0.01714	0.00935	0.01558	0.00935	0.01246	0.02337	0.00312	0.73672	0.00623	0.00312	0.00779
18	0.01021	0.00748	0.01069	0.01069	0.01170	0.00849	0.00796	0.01223	0.01122	0.01597	0.01977	0.03181	0.01947	0.19676	0.58046	0.01051	0.01657	0.00819	0.00392	0.00594
19	0.01638	0.01361	0.01563	0.01131	0.01756	0.01114	0.00910	0.10475	0.01721	0.02604	0.01324	0.01507	0.01075	0.00570	0.00552	0.00120	0.00561	0.00451	0.00460	0.69109
20	0.00873	0.00624	0.00831	0.00988	0.01034	0.00582	0.00661	0.01004	0.01387	0.01855	0.06333	0.71994	0.04783	0.02203	0.00906	0.00287	0.00410	0.01998	0.00665	0.00582
21	0.01132	0.00893	0.01252	0.01168	0.01245	0.01022	0.03514	0.01279	0.01143	0.01624	0.02039	0.09087	0.02167	0.30766	0.24393	0.00708	0.12521	0.00948	0.02511	0.00589
22	0.00925	0.00710	0.00847	0.00844	0.01021	0.00632	0.00621	0.01171	0.01773	0.02353	0.36803	0.15954	0.30374	0.01699	0.00851	0.00240	0.00356	0.01476	0.00720	0.00632
23	0.01793	0.44351	0.20754	0.01592	0.02265	0.06496	0.04879	0.02184	0.01482	0.01859	0.01088	0.01309	0.00921	0.00676	0.00669	0.00188	0.05787	0.00461	0.00310	0.00937
24	0.01033	0.00699	0.00818	0.00818	0.00832	0.00713	0.00483	0.01062	0.01048	0.01411	0.02206	0.04450	0.02498	0.67134	0.11341	0.00741	0.00827	0.01005	0.00426	0.00454
25	0.03195	0.01212	0.01652	0.01267	0.01818	0.01047	0.01047	0.03470	0.02038	0.71026	0.02809	0.02424	0.01763	0.00881	0.00716	0.00220	0.00606	0.00716	0.00881	0.01212
26	0.01428	0.03683	0.71286	0.02030	0.03082	0.01654	0.02631	0.02255	0.01503	0.02255	0.01278	0.01503	0.00902	0.00677	0.00677	0.00226	0.01052	0.00526	0.00301	0.01052
27	0.00873	0.00638	0.00822	0.00955	0.01027	0.00587	0.00648	0.01016	0.01432	0.01892	0.08241	0.62662	0.12319	0.02136	0.00897	0.00280	0.00403	0.01921	0.00668	0.00587
28	0.01061	0.00760	0.01017	0.01121	0.01256	0.00740	0.00906	0.01325	0.01607	0.02132	0.15136	0.16491	0.07175	0.08828	0.01193	0.00335	0.00558	0.37078	0.00657	0.00624
29	0.01889	0.56316	0.15404	0.01416	0.02081	0.08898	0.01480	0.02218	0.01509	0.01783	0.01050	0.01218	0.00912	0.00632	0.00512	0.00168	0.00860	0.00413	0.00310	0.00930
30	0.01825	0.35840	0.20715	0.01501	0.02143	0.02171	0.01581	0.07946	0.01614	0.05730	0.01297	0.01515	0.01055	0.01092	0.06600	0.00272	0.05263	0.00505	0.00377	0.00961
31	0.02108	0.38069	0.05599	0.01494	0.01980	0.28898	0.01320	0.02347	0.01682	0.01790	0.04797	0.01455	0.01231	0.00732	0.00635	0.00178	0.03989	0.00476	0.00354	0.00867
32	0.01499	0.01255	0.01471	0.01092	0.01669	0.01005	0.00869	0.05679	0.01565	0.02392	0.01438	0.04608	0.01256	0.00879	0.04444	0.00176	0.00613	0.00520	0.00447	0.67124
33	0.01751	0.01506	0.04263	0.16489	0.06434	0.03213	0.02691	0.07485	0.03297	0.08531	0.01531	0.03665	0.01221	0.00751	0.00771	0.00190	0.06115	0.00602	0.00460	0.29033
34	0.00907	0.00678	0.00895	0.04487	0.01218	0.00643	0.00713	0.01084	0.01486	0.01972	0.13218	0.53590	0.12473	0.02001	0.00882	0.00272	0.00423	0.01795	0.00661	0.00604
35	0.03101	0.01361	0.01745	0.01338	0.01892	0.01269	0.01105	0.15840	0.02289	0.58303	0.02599	0.02287	0.01657	0.00876	0.00715	0.00219	0.00640	0.00702	0.00849	0.01212
36	0.01631	0.01641	0.02508	0.18583	0.02944	0.05863	0.15746	0.04608	0.01460	0.02024	0.01236	0.01764	0.01028	0.00917	0.01379	0.00260	0.30296	0.00665	0.04612	0.00834
37	0.01107	0.00972	0.05238	0.01145	0.01313	0.00836	0.03014	0.06767	0.01538	0.02075	0.05987	0.50896	0.03909	0.10251	0.01184	0.00321	0.00537	0.01637	0.00613	0.00659
38	0.00927	0.00707	0.00852	0.00853	0.01024	0.00632	0.00625	0.01174	0.01770	0.02360	0.37359	0.17641	0.28081	0.01707	0.00852	0.00241	0.00358	0.01487	0.00721	0.00632
39	0.01016	0.00685	0.00794	0.00813	0.00822	0.00684	0.00472	0.01038	0.01076	0.01439	0.02424	0.12548	0.02804	0.64456	0.05521	0.00659	0.00698	0.01139	0.00456	0.00455
40	0.02577	0.01745	0.01853	0.01467	0.01949	0.05758	0.01177	0.40766	0.05414	0.17720	0.02012	0.02208	0.01505	0.09292	0.01041	0.00269	0.00756	0.00698	0.00696	0.01097
41	0.01836	0.04607	0.07523	0.04840	0.16121	0.13043	0.36953	0.02334	0.01698	0.02170	0.01338	0.01738	0.01044	0.00636	0.00757	0.00222	0.01116	0.00701	0.00353	0.00970
42	0.01536	0.01301	0.01509	0.01083	0.01713	0.01010	0.00868	0.05014	0.01567	0.02425	0.01287	0.01488	0.01062	0.00543	0.00536	0.00111	0.00540	0.00433	0.00436	0.75537
43	0.02025	0.04509	0.11431	0.01502	0.01996	0.11661	0.01321	0.03126	0.31628	0.13479	0.02367	0.05729	0.01820	0.00924	0.00697	0.00224	0.00734	0.00743	0.03046	0.01038
44	0.01618	0.16604	0.20890	0.04228	0.06647	0.01886	0.13857	0.02400	0.13537	0.02223	0.01682	0.05901	0.01396	0.00807	0.00742	0.00223	0.03262	0.00703	0.00412	0.00982
45	0.01033	0.00779	0.01143	0.01135	0.01248	0.00909	0.00872	0.01265	0.01134	0.01633	0.01908	0.02912	0.01822	0.10766	0.64820	0.01086	0.03748	0.00781	0.00384	0.00623
46	0.00868	0.00620	0.00826	0.00991	0.01033	0.00578	0.00661	0.00991	0.01363	0.01818	0.03925	0.74510	0.04710	0.02231	0.00909	0.00289	0.00413	0.02024	0.00661	0.00578
47	0.01455	0.01386	0.02095	0.42427	0.03707	0.03587	0.07064	0.01881	0.01480	0.02013	0.01275	0.01748	0.00992	0.00645	0.00662	0.00194	0.00847	0.00578	0.00355	0.25608
48	0.01187	0.03284	0.01544	0.01539	0.08213	0.01051	0.06410	0.03167	0.01492	0.02026	0.09354	0.32044	0.07598	0.08135	0.04087	0.00333	0.05920	0.01360	0.00551	0.00706
49	0.01030	0.00688	0.00778	0.00783	0.00784	0.00687	0.00438	0.01034	0.01045	0.01394	0.02295	0.06784	0.02653	0.72763	0.03542	0.00678	0.00682	0.01066	0.00438	0.00436
50	0.01956	0.66421	0.05891	0.01302	0.01904	0.09056	0.01281	0.02201	0.01501	0.01701	0.01010	0.01167	0.00914	0.00623	0.00481	0.00158	0.00819	0.00393	0.00310	0.00911
51	0.01836	0.24628	0.29328	0.01875	0.08109	0.01943	0.04729	0.05532	0.01645	0.08730	0.01413	0.01580	0.01067	0.00684	0.00618	0.00199	0.00868	0.00534	0.03663	0.01020
52	0.07480	0.01365	0.01707	0.01316	0.01864	0.01291	0.01087	0.15251	0.02231	0.54965	0.02504	0.02221	0.01605	0.00864	0.00700	0.00219	0.00635	0.00684	0.00825	0.01187
53	0.03133	0.01226	0.01651	0.01275	0.01819	0.01078	0.01050	0.03484	0.04953	0.68075	0.02813	0.02434	0.01780	0.00885	0.00716	0.00221	0.00604	0.00720	0.00875	0.01208
54	0.01004	0.00804	0.01054	0.01263	0.09090	0.00743	0.00785	0.01214	0.01582	0.02086	0.17818	0.25201	0.25523	0.07280	0.01056	0.00282	0.00452	0.01473	0.00632	0.00657
55	0.01283	0.00957	0.05079	0.04588	0.01398	0.00865	0.00882	0.07521	0.01348	0.01810	0.02095	0.23857	0.02247	0.02057	0.01799	0.39565	0.00613	0.01039	0.00454	0.00543
56	0.03126	0.01227	0.01650	0.01276	0.01819	0.01082	0.01050	0.03485	0.05300	0.67724	0.02814	0.02435	0.01783	0.00885	0.00716	0.00221	0.00604	0.00720	0.00874	0.01208
57	0.01592	0.01694	0.03066	0.02361	0.02694	0.01955	0.32038	0.01951	0.01370	0.01978	0.01263	0.04073	0.01123	0.00981	0.01603	0.00278	0.38010	0.00768	0.00345	0.00856
58	0.01623	0.01827	0.10715	0.17271	0.45448	0.01647	0.04829	0.02108	0.01572	0.02213	0.01387	0.01933	0.01145	0.00689	0.00716	0.00222	0.00899	0.02373	0.00348	0.01035
59	0.01076	0.00815	0.00951	0.04667	0.01288	0.00755	0.00711	0.01412	0.05391	0.05586	0.21882	0.08589	0.41094	0.01587	0.00825	0.00237	0.00411	0.01349	0.00688	0.00686
60	0.01264	0.00793	0.00984	0.00925	0.01161	0.00706	0.00712	0.01531	0.01840	0.12011	0.33913	0.09481	0.25029	0.01555	0.00836	0.00238	0.00405	0.05149	0.00746	0.00720
61	0.00917	0.00670	0.00916	0.05100	0.01248	0.00663	0.00732	0.01059	0.01328	0.01774	0.03523	0.60685	0.04156	0.07978	0.05347	0.00368	0.00554	0.01793	0.00607	0.00582
62	0.17776	0.04720	0.25695	0.02012	0.14391	0.01541	0.01743	0.02501	0.01594	0.19171	0.01594	0.01691	0.01126	0.00713	0.00636	0.00218	0.00796	0.00558	0.00480	0.01043
63	0.04081	0.31086	0.18769	0.01803	0.04667	0.10511	0.07311	0.02210	0.01506	0.01938	0.01113	0.01377	0.00931	0.00714	0.00784	0.00202	0.09247	0.00499	0.00322	0.00927
64	0.04351	0.00853	0.01046	0.01111	0.01261	0.00879	0.00847	0.05228	0.05553	0.02180	0.03249	0.31445	0.03555	0.08596	0.04202	0.00357	0.00601	0.19141	0.04875	0.00670

[dist]
# distance from previous block
# <min> <max>
0	15

[block]
# block no. 2 follows, 29 sequences, length 22
# corresponding to MSA columns:
# 132-153
name=unknown_C
#
# <colnr> <probs for GDERKNQSTAVLIFYWHMCP>
#	G	D	E	R	K	N	Q	S	T	A	V	L	I	F	Y	W	H	M	C	P
0	0.04136	0.02409	0.25665	0.04613	0.18665	0.09164	0.01886	0.02262	0.05631	0.02299	0.03668	0.01949	0.01344	0.00740	0.00673	0.00207	0.00879	0.02742	0.00393	0.10677
1	0.01828	0.07573	0.02126	0.02279	0.23343	0.18983	0.01401	0.03832	0.03810	0.02188	0.06117	0.02418	0.09829	0.00851	0.00674	0.00192	0.00809	0.00695	0.00445	0.10607
2	0.37808	0.01315	0.01375	0.06307	0.01802	0.01372	0.00959	0.06241	0.01623	0.18439	0.05664	0.01821	0.01428	0.00758	0.00574	0.00207	0.00590	0.00553	0.00566	0.10597
3	0.01515	0.01181	0.01306	0.01141	0.01465	0.01234	0.00892	0.16945	0.16244	0.03042	0.26472	0.04289	0.18782	0.01295	0.00787	0.00229	0.00491	0.01089	0.00728	0.00873
4	0.01322	0.02250	0.34290	0.01783	0.08203	0.01254	0.03836	0.01868	0.01639	0.04283	0.14138	0.05306	0.14745	0.01059	0.00750	0.00229	0.00760	0.00902	0.00482	0.00900
5	0.01762	0.01692	0.02890	0.04371	0.70533	0.01692	0.02185	0.02185	0.01621	0.02326	0.01339	0.01762	0.01128	0.00634	0.00705	0.00211	0.00846	0.00634	0.00352	0.01128
6	0.01758	0.16378	0.21328	0.11244	0.24305	0.06360	0.02002	0.02238	0.01573	0.04592	0.01285	0.01584	0.01014	0.00666	0.00647	0.00206	0.00917	0.00548	0.00345	0.01009
7	0.01486	0.01277	0.01245	0.01225	0.04133	0.11183	0.00805	0.08972	0.01477	0.01860	0.01937	0.03476	0.02026	0.43709	0.11701	0.00603	0.00952	0.00856	0.00444	0.00632
8	0.00900	0.00724	0.00803	0.00783	0.00998	0.00626	0.00587	0.01135	0.01761	0.02252	0.29379	0.06313	0.47874	0.01681	0.00841	0.00235	0.00352	0.01427	0.00704	0.00626
9	0.01558	0.01558	0.02181	0.01869	0.01869	0.02181	0.01558	0.01714	0.01091	0.01714	0.00935	0.01558	0.00935	0.01246	0.02337	0.00312	0.73672	0.00623	0.00312	0.00779
10	0.00990	0.00723	0.00929	0.00886	0.01055	0.00663	0.00661	0.01306	0.01961	0.02745	0.62834	0.08017	0.11543	0.01511	0.00843	0.00228	0.00341	0.01332	0.00770	0.00663
11	0.01345	0.01266	0.02136	0.73264	0.04904	0.01582	0.01978	0.01819	0.01424	0.01819	0.01266	0.01898	0.00949	0.00712	0.00712	0.00237	0.00949	0.00633	0.00316	0.00791
12	0.00854	0.00719	0.00725	0.00725	0.00950	0.00607	0.00534	0.01023	0.01587	0.01890	0.06908	0.06718	0.66081	0.06306	0.01013	0.00268	0.00381	0.01474	0.00647	0.00591
13	0.02388	0.07613	0.10637	0.01790	0.02246	0.56036	0.01499	0.02657	0.01881	0.01798	0.01153	0.01371	0.00954	0.00928	0.03883	0.00230	0.01253	0.00476	0.00356	0.00850
14	0.01086	0.00887	0.00979	0.00927	0.01176	0.00862	0.00704	0.01689	0.15454	0.02450	0.27452	0.05488	0.35147	0.01517	0.00817	0.00235	0.00393	0.01289	0.00715	0.00731
15	0.04385	0.01608	0.01760	0.10264	0.02204	0.03828	0.01222	0.38842	0.04773	0.03523	0.01890	0.06233	0.01501	0.00909	0.00679	0.00213	0.00707	0.00719	0.13736	0.01003
16	0.80005	0.01377	0.01047	0.00936	0.01377	0.01597	0.00771	0.02093	0.01212	0.03195	0.00991	0.01157	0.00771	0.00661	0.00441	0.00220	0.00551	0.00386	0.00441	0.00771
17	0.02555	0.01904	0.02055	0.01566	0.02144	0.02053	0.01290	0.59961	0.03117	0.04220	0.01655	0.01681	0.01192	0.00814	0.00689	0.00200	0.00752	0.00614	0.00676	0.10861
18	0.01497	0.01189	0.01425	0.01090	0.01645	0.00928	0.00884	0.01814	0.01541	0.05436	0.04088	0.02466	0.01664	0.00754	0.00603	0.00142	0.00540	0.08535	0.00484	0.63272
19	0.00868	0.00620	0.00826	0.00991	0.01033	0.00578	0.00661	0.00991	0.01363	0.01818	0.03925	0.74510	0.04710	0.02231	0.00909	0.00289	0.00413	0.02024	0.00661	0.00578
20	0.01487	0.12543	0.62941	0.01929	0.02927	0.01797	0.02456	0.02240	0.01496	0.02183	0.01242	0.01459	0.00903	0.00668	0.00649	0.00216	0.01016	0.00508	0.00301	0.01035
21	0.01494	0.01166	0.01154	0.09759	0.01596	0.09715	0.00850	0.05631	0.01540	0.02213	0.01962	0.02768	0.01727	0.16708	0.06090	0.00357	0.00734	0.00718	0.33137	0.00681

[dist]
# distance from previous block
# <min> <max>
0	1

[block]
# block no. 3 follows, 29 sequences, length 70
# corresponding to MSA columns:
# 155-224
name=unknown_D
#
# <colnr> <probs for GDERKNQSTAVLIFYWHMCP>
#	G	D	E	R	K	N	Q	S	T	A	V	L	I	F	Y	W	H	M	C	P
0	0.01563	0.01317	0.01523	0.01096	0.01724	0.01038	0.00880	0.06470	0.01608	0.02473	0.01297	0.01493	0.01066	0.00550	0.00540	0.00113	0.00545	0.00437	0.00442	0.73823
1	0.01460	0.08551	0.66701	0.01974	0.02997	0.01733	0.02535	0.02247	0.01500	0.02216	0.01258	0.01479	0.00903	0.00672	0.00662	0.00221	0.01033	0.00516	0.00301	0.01043
2	0.01766	0.01508	0.01596	0.01437	0.01830	0.01737	0.01116	0.05827	0.64261	0.02982	0.02900	0.05564	0.02245	0.01014	0.00732	0.00243	0.00565	0.00849	0.00722	0.01107
3	0.01046	0.00695	0.00803	0.00803	0.00820	0.00706	0.00473	0.01081	0.01063	0.01456	0.02219	0.04422	0.02490	0.66106	0.09239	0.00707	0.00778	0.00997	0.03638	0.00458
4	0.01477	0.01266	0.01477	0.01055	0.01687	0.00949	0.00844	0.01793	0.01477	0.02320	0.01266	0.01477	0.01055	0.00527	0.00527	0.00105	0.00527	0.00422	0.00422	0.79328
5	0.02618	0.01948	0.02120	0.04768	0.02315	0.02167	0.01374	0.63242	0.05325	0.04324	0.01727	0.01747	0.01230	0.00852	0.00713	0.00216	0.00784	0.00646	0.00695	0.01190
6	0.00842	0.00721	0.00721	0.00721	0.00962	0.00601	0.00541	0.01022	0.01623	0.01924	0.07213	0.06853	0.70244	0.01803	0.00842	0.00240	0.00361	0.01503	0.00661	0.00601
7	0.80005	0.01377	0.01047	0.00936	0.01377	0.01597	0.00771	0.02093	0.01212	0.03195	0.00991	0.01157	0.00771	0.00661	0.00441	0.00220	0.00551	0.00386	0.00441	0.00771
8	0.01488	0.01429	0.02196	0.59123	0.10074	0.04724	0.01932	0.03938	0.01512	0.01936	0.01264	0.01840	0.00970	0.00733	0.00777	0.00235	0.04035	0.00625	0.00334	0.00833
9	0.01002	0.00723	0.00946	0.00900	0.01062	0.00668	0.00671	0.01328	0.01987	0.02810	0.67258	0.08348	0.06631	0.01490	0.00843	0.00227	0.00339	0.01320	0.00778	0.00668
10	0.01345	0.01266	0.02136	0.73264	0.04904	0.01582	0.01978	0.01819	0.01424	0.01819	0.01266	0.01898	0.00949	0.00712	0.00712	0.00237	0.00949	0.00633	0.00316	0.00791
11	0.01008	0.00728	0.00952	0.00896	0.01064	0.00672	0.00672	0.01344	0.02016	0.02855	0.70158	0.05319	0.06719	0.01456	0.00840	0.00224	0.00336	0.01288	0.00784	0.00672
12	0.01738	0.01711	0.03054	0.06283	0.58997	0.01704	0.11558	0.02188	0.01624	0.02304	0.01352	0.01789	0.01116	0.00632	0.00724	0.00216	0.00900	0.00664	0.00352	0.01094
13	0.01558	0.01558	0.02181	0.01869	0.01869	0.02181	0.01558	0.01714	0.01091	0.01714	0.00935	0.01558	0.00935	0.01246	0.02337	0.00312	0.73672	0.00623	0.00312	0.00779
14	0.01388	0.01325	0.02145	0.58811	0.04290	0.01703	0.01893	0.01798	0.01356	0.01798	0.01199	0.01829	0.00946	0.00820	0.01041	0.00252	0.15671	0.00631	0.00315	0.00789
15	0.73523	0.01546	0.01128	0.01012	0.01446	0.07507	0.00822	0.02156	0.01279	0.03073	0.01001	0.01167	0.00783	0.00667	0.00458	0.00217	0.00612	0.00392	0.00434	0.00776
16	0.00895	0.00734	0.00795	0.00809	0.01033	0.00634	0.00626	0.01108	0.01665	0.02042	0.13181	0.06837	0.56000	0.01787	0.00858	0.00249	0.00393	0.09067	0.00673	0.00615
17	0.00868	0.00620	0.00826	0.00991	0.01033	0.00578	0.00661	0.00991	0.01363	0.01818	0.03925	0.74510	0.04710	0.02231	0.00909	0.00289	0.00413	0.02024	0.00661	0.00578
18	0.00887	0.00634	0.00849	0.01014	0.01064	0.00595	0.00695	0.01025	0.01383	0.01840	0.03914	0.69854	0.04667	0.02212	0.00914	0.00292	0.00430	0.06488	0.00661	0.00584
19	0.01666	0.01410	0.01532	0.01426	0.01788	0.01611	0.01131	0.03395	0.57855	0.02836	0.03045	0.03562	0.02498	0.01135	0.00768	0.00256	0.00579	0.11747	0.00713	0.01048
20	0.00865	0.00631	0.00815	0.00962	0.01025	0.00581	0.00648	0.00995	0.01392	0.01829	0.04289	0.67012	0.11973	0.02183	0.00901	0.00284	0.00407	0.01966	0.00661	0.00581
21	0.01762	0.01692	0.02890	0.04371	0.70533	0.01692	0.02185	0.02185	0.01621	0.02326	0.01339	0.01762	0.01128	0.00634	0.00705	0.00211	0.00846	0.00634	0.00352	0.01128
22	0.80005	0.01377	0.01047	0.00936	0.01377	0.01597	0.00771	0.02093	0.01212	0.03195	0.00991	0.01157	0.00771	0.00661	0.00441	0.00220	0.00551	0.00386	0.00441	0.00771
23	0.01639	0.01414	0.01483	0.01345	0.01725	0.01604	0.01043	0.03390	0.59602	0.02828	0.03514	0.03255	0.11882	0.01085	0.00741	0.00241	0.00535	0.00905	0.00716	0.01052
24	0.01002	0.00728	0.00944	0.00890	0.01060	0.00669	0.00667	0.01333	0.02002	0.02824	0.67999	0.05372	0.08897	0.01468	0.00840	0.00225	0.00337	0.01295	0.00780	0.00669
25	0.00881	0.00756	0.00759	0.00752	0.01000	0.00651	0.00566	0.01140	0.04502	0.01969	0.07030	0.06674	0.67346	0.01768	0.00837	0.00240	0.00369	0.01473	0.00664	0.00624
26	0.01345	0.01266	0.02136	0.73264	0.04904	0.01582	0.01978	0.01819	0.01424	0.01819	0.01266	0.01898	0.00949	0.00712	0.00712	0.00237	0.00949	0.00633	0.00316	0.00791
27	0.02707	0.01995	0.02137	0.01638	0.02208	0.02208	0.01353	0.68159	0.03348	0.04488	0.01710	0.01710	0.01211	0.00855	0.00712	0.00214	0.00784	0.00641	0.00712	0.01211
28	0.80005	0.01377	0.01047	0.00936	0.01377	0.01597	0.00771	0.02093	0.01212	0.03195	0.00991	0.01157	0.00771	0.00661	0.00441	0.00220	0.00551	0.00386	0.00441	0.00771
29	0.05899	0.01284	0.01665	0.01287	0.01831	0.01171	0.01061	0.08132	0.04005	0.61809	0.02666	0.02332	0.01698	0.00874	0.00706	0.00220	0.00616	0.00701	0.00849	0.01193
30	0.00948	0.00751	0.00857	0.00835	0.01048	0.00672	0.00634	0.01250	0.03776	0.02339	0.32400	0.06153	0.40100	0.01644	0.00843	0.00237	0.00368	0.03785	0.00712	0.00647
31	0.01762	0.01692	0.02890	0.04371	0.70533	0.01692	0.02185	0.02185	0.01621	0.02326	0.01339	0.01762	0.01128	0.00634	0.00705	0.00211	0.00846	0.00634	0.00352	0.01128
32	0.01200	0.00879	0.01186	0.01323	0.01507	0.00899	0.01146	0.01669	0.07305	0.02202	0.03697	0.07582	0.03937	0.01883	0.00962	0.00321	0.00648	0.60299	0.00661	0.00695
33	0.01039	0.00862	0.01153	0.01106	0.01252	0.00975	0.00867	0.01260	0.01323	0.01798	0.06404	0.03989	0.23114	0.03489	0.36951	0.00705	0.11594	0.00995	0.00476	0.00647
34	0.01428	0.03683	0.71286	0.02030	0.03082	0.01654	0.02631	0.02255	0.01503	0.02255	0.01278	0.01503	0.00902	0.00677	0.00677	0.00226	0.01052	0.00526	0.00301	0.01052
35	0.80005	0.01377	0.01047	0.00936	0.01377	0.01597	0.00771	0.02093	0.01212	0.03195	0.00991	0.01157	0.00771	0.00661	0.00441	0.00220	0.00551	0.00386	0.00441	0.00771
36	0.01518	0.06651	0.61505	0.02034	0.03027	0.01737	0.06301	0.05047	0.01589	0.02326	0.01293	0.01520	0.00926	0.00677	0.00678	0.00223	0.01037	0.00543	0.00322	0.01048
37	0.01375	0.01290	0.02141	0.68165	0.07013	0.01593	0.01952	0.01907	0.04039	0.01881	0.01331	0.01923	0.01002	0.00719	0.00712	0.00237	0.00931	0.00639	0.00333	0.00815
38	0.01379	0.01234	0.04381	0.07729	0.12146	0.01217	0.01276	0.02054	0.17449	0.02203	0.03105	0.04181	0.12345	0.01408	0.01035	0.09509	0.00655	0.15333	0.00544	0.00816
39	0.01019	0.00754	0.01101	0.01101	0.01214	0.00867	0.00837	0.01244	0.01132	0.01621	0.01947	0.03015	0.01874	0.13461	0.64162	0.01091	0.01765	0.00795	0.00387	0.00612
40	0.01375	0.02080	0.26514	0.15857	0.05836	0.01420	0.07621	0.02005	0.04511	0.02166	0.02164	0.03460	0.03924	0.01042	0.00782	0.00255	0.00895	0.16775	0.00429	0.00888
41	0.01327	0.00664	0.00664	0.00664	0.00830	0.00664	0.00498	0.01659	0.01493	0.02655	0.02323	0.02655	0.01825	0.00830	0.00498	0.00166	0.00332	0.00664	0.78928	0.00664
42	0.01445	0.01426	0.02519	0.50749	0.08213	0.01684	0.12632	0.01905	0.01444	0.01913	0.01265	0.01860	0.00979	0.00743	0.00895	0.00244	0.08259	0.00666	0.00325	0.00837
43	0.01651	0.01571	0.02667	0.17813	0.54928	0.01631	0.02086	0.02081	0.01598	0.02247	0.03972	0.01926	0.01308	0.00681	0.00712	0.00217	0.00847	0.00659	0.00362	0.01044
44	0.01327	0.00664	0.00664	0.00664	0.00830	0.00664	0.00498	0.01659	0.01493	0.02655	0.02323	0.02655	0.01825	0.00830	0.00498	0.00166	0.00332	0.00664	0.78928	0.00664
45	0.01800	0.01764	0.02853	0.04263	0.67635	0.04679	0.02151	0.02213	0.01638	0.02302	0.01329	0.01742	0.01119	0.00639	0.00702	0.00210	0.00865	0.00627	0.00353	0.01115
46	0.01807	0.01926	0.02132	0.01916	0.04746	0.17426	0.03225	0.04065	0.01404	0.01834	0.01114	0.01685	0.01047	0.03917	0.04814	0.00323	0.44855	0.00615	0.00347	0.00803
47	0.01558	0.01524	0.09103	0.18463	0.07699	0.01422	0.01552	0.14087	0.04363	0.02606	0.08014	0.03803	0.04811	0.01146	0.00790	0.00251	0.00763	0.16621	0.00540	0.00884
48	0.01036	0.00690	0.00777	0.00777	0.00777	0.00690	0.00431	0.01036	0.01036	0.01381	0.02244	0.04660	0.02589	0.74975	0.03624	0.00690	0.00690	0.01036	0.00431	0.00431
49	0.01509	0.01336	0.01833	0.05033	0.20374	0.01193	0.01255	0.01949	0.05762	0.02294	0.01640	0.08577	0.01487	0.00753	0.00632	0.00166	0.00623	0.00664	0.00440	0.42479
50	0.00973	0.00714	0.00913	0.00890	0.01050	0.00653	0.00657	0.01267	0.01894	0.02631	0.55490	0.14179	0.12859	0.01588	0.00849	0.00234	0.00348	0.01402	0.00756	0.00653
51	0.01176	0.00925	0.01283	0.01214	0.01320	0.01110	0.00934	0.04229	0.01214	0.01740	0.01808	0.02875	0.01763	0.16256	0.46883	0.00901	0.12543	0.00782	0.00394	0.00648
52	0.01477	0.01266	0.01477	0.01055	0.01687	0.00949	0.00844	0.01793	0.01477	0.02320	0.01266	0.01477	0.01055	0.00527	0.00527	0.00105	0.00527	0.00422	0.00422	0.79328
53	0.01383	0.03439	0.65664	0.01947	0.02918	0.01568	0.02474	0.02154	0.01492	0.02220	0.01489	0.07328	0.01206	0.00801	0.00695	0.00231	0.01001	0.00646	0.00329	0.01015
54	0.00908	0.00651	0.00863	0.00964	0.01042	0.00606	0.00664	0.01094	0.01554	0.02121	0.23260	0.54312	0.05296	0.02005	0.00889	0.00270	0.00391	0.01809	0.00697	0.00606
55	0.01428	0.03683	0.71286	0.02030	0.03082	0.01654	0.02631	0.02255	0.01503	0.02255	0.01278	0.01503	0.00902	0.00677	0.00677	0.00226	0.01052	0.00526	0.00301	0.01052
56	0.02366	0.01609	0.01785	0.01470	0.01957	0.01756	0.01181	0.24014	0.34297	0.17804	0.02505	0.02309	0.01783	0.00913	0.00719	0.00228	0.00642	0.00735	0.00754	0.01171
57	0.11297	0.01188	0.01758	0.51811	0.03790	0.01419	0.01582	0.01720	0.01430	0.02012	0.02233	0.02639	0.12603	0.00889	0.00699	0.00236	0.00799	0.00748	0.00390	0.00756
58	0.02664	0.03276	0.02028	0.01818	0.02202	0.66258	0.01374	0.08317	0.02129	0.01973	0.01152	0.01320	0.00942	0.00744	0.00648	0.00186	0.01242	0.00474	0.00396	0.00858
59	0.02582	0.01860	0.02020	0.01563	0.02098	0.02037	0.01285	0.60218	0.03189	0.06759	0.07486	0.02038	0.01692	0.00906	0.00723	0.00215	0.00740	0.00698	0.00724	0.01166
60	0.00856	0.00722	0.00742	0.00737	0.00971	0.00607	0.00552	0.01050	0.01657	0.02005	0.12726	0.06718	0.64681	0.01773	0.00841	0.00239	0.00359	0.01484	0.00672	0.00607
61	0.01635	0.01325	0.01664	0.09207	0.03822	0.01351	0.03165	0.16813	0.09670	0.02927	0.18361	0.05428	0.04395	0.00992	0.00722	0.00205	0.00610	0.00848	0.00608	0.16254
62	0.01263	0.01089	0.01683	0.05007	0.26538	0.01053	0.01282	0.01525	0.01469	0.02045	0.02658	0.39113	0.02955	0.01449	0.00795	0.00244	0.00601	0.01331	0.00515	0.07386
63	0.01477	0.01266	0.01477	0.01055	0.01687	0.00949	0.00844	0.01793	0.01477	0.02320	0.01266	0.01477	0.01055	0.00527	0.00527	0.00105	0.00527	0.00422	0.00422	0.79328
64	0.01955	0.01507	0.01642	0.01317	0.01791	0.01549	0.01055	0.34240	0.07980	0.03332	0.02742	0.08624	0.12028	0.01060	0.00714	0.00205	0.00621	0.00859	0.00645	0.16133
65	0.01246	0.00818	0.00946	0.00887	0.01017	0.00808	0.00599	0.03698	0.01349	0.07481	0.03387	0.04696	0.18326	0.43103	0.06085	0.00540	0.02823	0.01079	0.00527	0.00586
66	0.01327	0.00664	0.00664	0.00664	0.00830	0.00664	0.00498	0.01659	0.01493	0.02655	0.02323	0.02655	0.01825	0.00830	0.00498	0.00166	0.00332	0.00664	0.78928	0.00664
67	0.01426	0.01211	0.01422	0.01049	0.01633	0.00918	0.00828	0.01726	0.01467	0.02278	0.01488	0.07597	0.01361	0.00670	0.00559	0.00121	0.00518	0.00556	0.00442	0.72729
68	0.02480	0.01733	0.01886	0.01472	0.01972	0.01874	0.01196	0.52551	0.02931	0.09632	0.02249	0.02379	0.06448	0.06716	0.00950	0.00253	0.00730	0.00742	0.00701	0.01105
69	0.01655	0.08081	0.06869	0.02767	0.06245	0.01815	0.53023	0.02206	0.01641	0.02214	0.01523	0.03924	0.01242	0.00688	0.00801	0.00235	0.01106	0.02647	0.00369	0.00949

[dist]
# distance from previous block
# <min> <max>
0	5

[block]
# block no. 4 follows, 29 sequences, length 122
# corresponding to MSA columns:
# 230-351
name=unknown_E
#
# <colnr> <probs for GDERKNQSTAVLIFYWHMCP>
#	G	D	E	R	K	N	Q	S	T	A	V	L	I	F	Y	W	H	M	C	P
0	0.01663	0.01397	0.05282	0.01274	0.04073	0.01159	0.01020	0.12501	0.01798	0.06965	0.02301	0.02543	0.10206	0.05719	0.03966	0.00241	0.00663	0.00683	0.00519	0.36028
1	0.01327	0.00664	0.00664	0.00664	0.00830	0.00664	0.00498	0.01659	0.01493	0.02655	0.02323	0.02655	0.01825	0.00830	0.00498	0.00166	0.00332	0.00664	0.78928	0.00664
2	0.06948	0.03304	0.59549	0.01891	0.02852	0.01626	0.02355	0.04431	0.01579	0.07070	0.01376	0.01549	0.00962	0.00695	0.00664	0.00224	0.00979	0.00533	0.00363	0.01049
3	0.61460	0.01525	0.01308	0.01105	0.01576	0.01744	0.00911	0.17943	0.01724	0.03505	0.01164	0.01289	0.00877	0.00707	0.00506	0.00219	0.00607	0.00447	0.00506	0.00877
4	0.01837	0.01589	0.01686	0.04034	0.04714	0.05521	0.01210	0.03502	0.55362	0.05486	0.02712	0.02714	0.02078	0.00966	0.00728	0.00239	0.00632	0.03225	0.00680	0.01085
5	0.02193	0.02194	0.02375	0.11068	0.27210	0.21632	0.01733	0.18162	0.02124	0.02621	0.01352	0.01631	0.01068	0.00724	0.00690	0.00207	0.00966	0.00586	0.00439	0.01023
6	0.01036	0.00690	0.00777	0.00777	0.00777	0.00690	0.00431	0.01036	0.01036	0.01381	0.02244	0.04660	0.02589	0.74975	0.03624	0.00690	0.00690	0.01036	0.00431	0.00431
7	0.03840	0.18510	0.06057	0.02265	0.07879	0.01825	0.31758	0.02120	0.01608	0.04601	0.05296	0.07777	0.01655	0.00798	0.00726	0.00219	0.00918	0.00811	0.00413	0.00923
8	0.01145	0.00917	0.03319	0.01028	0.01233	0.00847	0.00797	0.01380	0.01347	0.02014	0.02626	0.23448	0.05234	0.06590	0.12970	0.00403	0.05319	0.01087	0.15796	0.12501
9	0.00970	0.00704	0.00914	0.00908	0.01052	0.00648	0.00663	0.01253	0.01856	0.02588	0.52893	0.20350	0.09256	0.01640	0.00855	0.00239	0.00354	0.01457	0.00752	0.00648
10	0.01523	0.18010	0.57791	0.01868	0.02831	0.01886	0.02349	0.02231	0.01492	0.02139	0.01220	0.01431	0.00904	0.00663	0.00633	0.00211	0.00994	0.00497	0.00301	0.01025
11	0.13053	0.33145	0.08256	0.01468	0.02002	0.27625	0.01328	0.02394	0.01625	0.01959	0.01054	0.01225	0.00894	0.00667	0.00540	0.00179	0.00945	0.00421	0.00346	0.00873
12	0.02217	0.02042	0.01894	0.01697	0.04772	0.15955	0.01284	0.21980	0.34217	0.03138	0.02136	0.02075	0.01605	0.00874	0.00704	0.00221	0.00782	0.00682	0.00635	0.01091
13	0.01190	0.01020	0.01326	0.01580	0.14744	0.00989	0.00976	0.01701	0.10670	0.02392	0.22361	0.04889	0.30671	0.01370	0.00799	0.00230	0.00476	0.01183	0.00642	0.00793
14	0.01256	0.01028	0.01201	0.01202	0.05052	0.01042	0.00857	0.04288	0.19098	0.02647	0.28648	0.04760	0.23391	0.01365	0.00799	0.00232	0.00445	0.01168	0.00707	0.00812
15	0.01316	0.00851	0.01135	0.22664	0.02087	0.00954	0.00967	0.01687	0.01453	0.02347	0.01980	0.02434	0.01558	0.01039	0.04458	0.00241	0.00604	0.00660	0.50865	0.00701
16	0.01595	0.01619	0.02176	0.01868	0.01881	0.04515	0.01552	0.01751	0.01121	0.01715	0.00940	0.01549	0.00934	0.01229	0.02280	0.00307	0.71256	0.00618	0.00313	0.00780
17	0.01904	0.75404	0.03731	0.01218	0.01828	0.02818	0.01218	0.02132	0.01447	0.01675	0.00990	0.01142	0.00914	0.00609	0.00457	0.00152	0.00761	0.00381	0.00305	0.00914
18	0.01017	0.00763	0.01144	0.01144	0.01272	0.00890	0.00890	0.01272	0.01144	0.01653	0.01907	0.02797	0.01780	0.05340	0.72153	0.01144	0.01907	0.00763	0.00381	0.00636
19	0.01681	0.01921	0.04202	0.03001	0.03721	0.01801	0.67947	0.02281	0.01681	0.02281	0.01441	0.01921	0.01080	0.00600	0.00840	0.00240	0.01200	0.00840	0.00360	0.00960
20	0.01428	0.03683	0.71286	0.02030	0.03082	0.01654	0.02631	0.02255	0.01503	0.02255	0.01278	0.01503	0.00902	0.00677	0.00677	0.00226	0.01052	0.00526	0.00301	0.01052
21	0.00842	0.00721	0.00721	0.00721	0.00962	0.00601	0.00541	0.01022	0.01623	0.01924	0.07213	0.06853	0.70244	0.01803	0.00842	0.00240	0.00361	0.01503	0.00661	0.00601
22	0.01762	0.01692	0.02890	0.04371	0.70533	0.01692	0.02185	0.02185	0.01621	0.02326	0.01339	0.01762	0.01128	0.00634	0.00705	0.00211	0.00846	0.00634	0.00352	0.01128
23	0.00848	0.00717	0.00734	0.00740	0.00969	0.00602	0.00551	0.01032	0.01624	0.01951	0.09221	0.09965	0.64998	0.01811	0.00845	0.00242	0.00362	0.01520	0.00665	0.00602
24	0.01681	0.01921	0.04202	0.03001	0.03721	0.01801	0.67947	0.02281	0.01681	0.02281	0.01441	0.01921	0.01080	0.00600	0.00840	0.00240	0.01200	0.00840	0.00360	0.00960
25	0.01428	0.03683	0.71286	0.02030	0.03082	0.01654	0.02631	0.02255	0.01503	0.02255	0.01278	0.01503	0.00902	0.00677	0.00677	0.00226	0.01052	0.00526	0.00301	0.01052
26	0.02698	0.02251	0.02115	0.01674	0.02207	0.15028	0.01358	0.56181	0.03104	0.03984	0.01598	0.01632	0.01157	0.00833	0.00699	0.00208	0.00875	0.00608	0.00649	0.01140
27	0.01792	0.01459	0.01561	0.01397	0.01794	0.01656	0.01088	0.03593	0.61088	0.06640	0.05364	0.02871	0.04498	0.01005	0.00732	0.00240	0.00551	0.00839	0.00733	0.01099
28	0.01673	0.01898	0.04074	0.02930	0.03605	0.01825	0.63762	0.02245	0.01643	0.02245	0.01409	0.01898	0.01071	0.00641	0.00935	0.00245	0.05769	0.00827	0.00357	0.00949
29	0.01073	0.00733	0.00963	0.00922	0.01088	0.00674	0.00685	0.01380	0.01935	0.05303	0.59304	0.13888	0.06279	0.01531	0.00844	0.00232	0.00356	0.01359	0.00772	0.00681
30	0.00868	0.00620	0.00826	0.00991	0.01033	0.00578	0.00661	0.00991	0.01363	0.01818	0.03925	0.74510	0.04710	0.02231	0.00909	0.00289	0.00413	0.02024	0.00661	0.00578
31	0.76576	0.04627	0.01164	0.00949	0.01397	0.01651	0.00791	0.02095	0.01222	0.03128	0.00991	0.01156	0.00777	0.00659	0.00441	0.00217	0.00560	0.00385	0.00435	0.00777
32	0.01002	0.00728	0.00944	0.00890	0.01061	0.00670	0.00668	0.01333	0.02003	0.02825	0.68134	0.05368	0.08761	0.01467	0.00840	0.00224	0.00337	0.01295	0.00780	0.00670
33	0.80005	0.01377	0.01047	0.00936	0.01377	0.01597	0.00771	0.02093	0.01212	0.03195	0.00991	0.01157	0.00771	0.00661	0.00441	0.00220	0.00551	0.00386	0.00441	0.00771
34	0.02460	0.01085	0.01443	0.01160	0.01587	0.00971	0.00936	0.05369	0.02083	0.46061	0.24793	0.03342	0.03362	0.01068	0.00756	0.00221	0.00525	0.00900	0.00843	0.01035
35	0.00842	0.00721	0.00721	0.00721	0.00962	0.00601	0.00541	0.01022	0.01623	0.01924	0.07213	0.06853	0.70244	0.01803	0.00842	0.00240	0.00361	0.01503	0.00661	0.00601
36	0.01477	0.01266	0.01477	0.01055	0.01687	0.00949	0.00844	0.01793	0.01477	0.02320	0.01266	0.01477	0.01055	0.00527	0.00527	0.00105	0.00527	0.00422	0.00422	0.79328
37	0.01345	0.01266	0.02136	0.73264	0.04904	0.01582	0.01978	0.01819	0.01424	0.01819	0.01266	0.01898	0.00949	0.00712	0.00712	0.00237	0.00949	0.00633	0.00316	0.00791
38	0.02621	0.01930	0.02076	0.01608	0.02153	0.02132	0.01321	0.65017	0.03255	0.04363	0.01813	0.05115	0.01375	0.00919	0.00722	0.00217	0.00766	0.00706	0.00710	0.01181
39	0.00869	0.00722	0.00759	0.00750	0.00979	0.00613	0.00563	0.01075	0.01688	0.02078	0.17609	0.06599	0.59752	0.01746	0.00841	0.00238	0.00357	0.01467	0.00681	0.00613
40	0.01188	0.00968	0.01212	0.04951	0.01560	0.00813	0.00821	0.01425	0.01421	0.02061	0.02493	0.35198	0.02735	0.01323	0.00713	0.00197	0.00498	0.01173	0.00526	0.38723
41	0.01090	0.00747	0.00972	0.00905	0.01091	0.00685	0.00683	0.01418	0.02004	0.05553	0.65413	0.05253	0.08589	0.01444	0.00835	0.00224	0.00348	0.01272	0.00784	0.00691
42	0.00867	0.00722	0.00756	0.00748	0.00977	0.00612	0.00561	0.01070	0.01682	0.02064	0.16707	0.06621	0.60664	0.01751	0.00841	0.00238	0.00357	0.01470	0.00680	0.00612
43	0.00868	0.00620	0.00826	0.00991	0.01033	0.00578	0.00661	0.00991	0.01363	0.01818	0.03925	0.74510	0.04710	0.02231	0.00909	0.00289	0.00413	0.02024	0.00661	0.00578
44	0.01746	0.01732	0.03107	0.03977	0.54240	0.01717	0.15526	0.02268	0.04289	0.02343	0.01421	0.01830	0.01159	0.00641	0.00733	0.00218	0.00907	0.00683	0.00369	0.01094
45	0.01945	0.71489	0.03638	0.01252	0.01848	0.06585	0.01227	0.02171	0.01478	0.01679	0.00996	0.01150	0.00914	0.00616	0.00467	0.00154	0.00790	0.00385	0.00308	0.00909
46	0.01904	0.75404	0.03731	0.01218	0.01828	0.02818	0.01218	0.02132	0.01447	0.01675	0.00990	0.01142	0.00914	0.00609	0.00457	0.00152	0.00761	0.00381	0.00305	0.00914
47	0.00868	0.00620	0.00826	0.00991	0.01033	0.00578	0.00661	0.00991	0.01363	0.01818	0.03925	0.74510	0.04710	0.02231	0.00909	0.00289	0.00413	0.02024	0.00661	0.00578
48	0.01083	0.00744	0.00976	0.00909	0.01090	0.00685	0.00685	0.01417	0.02016	0.05190	0.67851	0.05220	0.06549	0.01436	0.00836	0.00224	0.00345	0.01268	0.00787	0.00690
49	0.01904	0.75404	0.03731	0.01218	0.01828	0.02818	0.01218	0.02132	0.01447	0.01675	0.00990	0.01142	0.00914	0.00609	0.00457	0.00152	0.00761	0.00381	0.00305	0.00914
50	0.01125	0.01054	0.00970	0.00971	0.01194	0.09409	0.00742	0.01340	0.01707	0.02043	0.14217	0.11022	0.40597	0.01676	0.00839	0.00245	0.00510	0.09054	0.00641	0.00643
51	0.01008	0.00728	0.00952	0.00896	0.01064	0.00672	0.00672	0.01344	0.02016	0.02855	0.70158	0.05319	0.06719	0.01456	0.00840	0.00224	0.00336	0.01288	0.00784	0.00672
52	0.01793	0.01750	0.02861	0.04284	0.68203	0.04094	0.02158	0.02208	0.01635	0.02306	0.01331	0.01746	0.01121	0.00638	0.00703	0.00211	0.00861	0.00628	0.00353	0.01118
53	0.03195	0.01212	0.01652	0.01267	0.01818	0.01047	0.01047	0.03470	0.02038	0.71026	0.02809	0.02424	0.01763	0.00881	0.00716	0.00220	0.00606	0.00716	0.00881	0.01212
54	0.80005	0.01377	0.01047	0.00936	0.01377	0.01597	0.00771	0.02093	0.01212	0.03195	0.00991	0.01157	0.00771	0.00661	0.00441	0.00220	0.00551	0.00386	0.00441	0.00771
55	0.01904	0.75404	0.03731	0.01218	0.01828	0.02818	0.01218	0.02132	0.01447	0.01675	0.00990	0.01142	0.00914	0.00609	0.00457	0.00152	0.00761	0.00381	0.00305	0.00914
56	0.01904	0.75404	0.03731	0.01218	0.01828	0.02818	0.01218	0.02132	0.01447	0.01675	0.00990	0.01142	0.00914	0.00609	0.00457	0.00152	0.00761	0.00381	0.00305	0.00914
57	0.01061	0.00743	0.00950	0.00889	0.01077	0.00676	0.00670	0.01379	0.01974	0.04976	0.61224	0.05389	0.13360	0.01474	0.00836	0.00226	0.00347	0.01292	0.00774	0.00682
58	0.00872	0.00723	0.00764	0.00753	0.00981	0.00614	0.00565	0.01081	0.01695	0.02094	0.18756	0.06572	0.58595	0.01740	0.00841	0.00237	0.00356	0.01463	0.00684	0.00614
59	0.01000	0.00728	0.00941	0.00888	0.01059	0.00669	0.00666	0.01329	0.01997	0.02812	0.67213	0.05391	0.09690	0.01472	0.00840	0.00225	0.00337	0.01298	0.00778	0.00669
60	0.02011	0.01649	0.01745	0.01498	0.01943	0.01883	0.01185	0.20264	0.52376	0.03365	0.02594	0.02414	0.01927	0.00938	0.00721	0.00234	0.00620	0.00763	0.00721	0.01149
61	0.80005	0.01377	0.01047	0.00936	0.01377	0.01597	0.00771	0.02093	0.01212	0.03195	0.00991	0.01157	0.00771	0.00661	0.00441	0.00220	0.00551	0.00386	0.00441	0.00771
62	0.00888	0.00716	0.00790	0.00787	0.00994	0.00619	0.00584	0.01106	0.01711	0.02167	0.23918	0.11054	0.48690	0.01739	0.00846	0.00239	0.00358	0.01481	0.00694	0.00619
63	0.00868	0.00620	0.00826	0.00991	0.01033	0.00578	0.00661	0.00991	0.01363	0.01818	0.03925	0.74510	0.04710	0.02231	0.00909	0.00289	0.00413	0.02024	0.00661	0.00578
64	0.01809	0.01548	0.01631	0.01457	0.01866	0.01789	0.01136	0.06366	0.66604	0.03039	0.02851	0.02619	0.02135	0.00962	0.00724	0.00240	0.00572	0.00798	0.00724	0.01130
65	0.03121	0.01330	0.01726	0.01323	0.01877	0.01222	0.01093	0.13226	0.02236	0.60991	0.02643	0.02316	0.01679	0.00877	0.00716	0.00219	0.00633	0.00705	0.00856	0.01212
