[name]
unknown

[dist]
# distance from previous block
# <min> <max>
0	75

[block]
# block no. 0 follows, 29 sequences, length 57
# corresponding to MSA columns:
# 84-140
name=unknown_A
#
# <colnr> <probs for GDERKNQSTAVLIFYWHMCP>
#	G	D	E	R	K	N	Q	S	T	A	V	L	I	F	Y	W	H	M	C	P
0	0.01147	0.00820	0.01147	0.01311	0.01475	0.00820	0.01147	0.01475	0.01639	0.02131	0.03770	0.08032	0.04098	0.01967	0.00984	0.00328	0.00656	0.65741	0.00656	0.00656
1	0.80005	0.01377	0.01047	0.00936	0.01377	0.01597	0.00771	0.02093	0.01212	0.03195	0.00991	0.01157	0.00771	0.00661	0.00441	0.00220	0.00551	0.00386	0.00441	0.00771
2	0.80005	0.01377	0.01047	0.00936	0.01377	0.01597	0.00771	0.02093	0.01212	0.03195	0.00991	0.01157	0.00771	0.00661	0.00441	0.00220	0.00551	0.00386	0.00441	0.00771
3	0.80005	0.01377	0.01047	0.00936	0.01377	0.01597	0.00771	0.02093	0.01212	0.03195	0.00991	0.01157	0.00771	0.00661	0.00441	0.00220	0.00551	0.00386	0.00441	0.00771
4	0.01543	0.01263	0.01512	0.04089	0.01828	0.00980	0.00900	0.01864	0.01498	0.05183	0.01330	0.01534	0.01080	0.00550	0.00543	0.00116	0.00548	0.00443	0.00437	0.72759
5	0.01345	0.01266	0.02136	0.73264	0.04904	0.01582	0.01978	0.01819	0.01424	0.01819	0.01266	0.01898	0.00949	0.00712	0.00712	0.00237	0.00949	0.00633	0.00316	0.00791
6	0.01771	0.01530	0.01610	0.01449	0.01852	0.01771	0.01127	0.03784	0.69247	0.02979	0.02898	0.02657	0.02174	0.00966	0.00725	0.00242	0.00564	0.00805	0.00725	0.01127
7	0.01036	0.00690	0.00777	0.00777	0.00777	0.00690	0.00431	0.01036	0.01036	0.01381	0.02244	0.04660	0.02589	0.74975	0.03624	0.00690	0.00690	0.01036	0.00431	0.00431
8	0.01477	0.01266	0.01477	0.01055	0.01687	0.00949	0.00844	0.01793	0.01477	0.02320	0.01266	0.01477	0.01055	0.00527	0.00527	0.00105	0.00527	0.00422	0.00422	0.79328
9	0.75382	0.05759	0.01205	0.00953	0.01404	0.01670	0.00798	0.02095	0.01226	0.03105	0.00991	0.01156	0.00780	0.00658	0.00442	0.00216	0.00563	0.00385	0.00433	0.00780
10	0.80005	0.01377	0.01047	0.00936	0.01377	0.01597	0.00771	0.02093	0.01212	0.03195	0.00991	0.01157	0.00771	0.00661	0.00441	0.00220	0.00551	0.00386	0.00441	0.00771
11	0.00909	0.00656	0.00860	0.00953	0.01040	0.00608	0.00660	0.01099	0.01570	0.02136	0.24105	0.51081	0.07714	0.01980	0.00886	0.00268	0.00388	0.01782	0.00698	0.00608
12	0.02566	0.02981	0.01989	0.01763	0.02163	0.54059	0.01344	0.12396	0.09805	0.02279	0.01392	0.01501	0.01102	0.00778	0.00662	0.00194	0.01130	0.00524	0.00457	0.00915
13	0.01762	0.01692	0.02890	0.04371	0.70533	0.01692	0.02185	0.02185	0.01621	0.02326	0.01339	0.01762	0.01128	0.00634	0.00705	0.00211	0.00846	0.00634	0.00352	0.01128
14	0.01237	0.00618	0.00928	0.00928	0.00928	0.00618	0.00618	0.00928	0.00928	0.01237	0.01237	0.02165	0.01237	0.02474	0.02783	0.79283	0.00618	0.00618	0.00309	0.00309
15	0.01702	0.01860	0.03854	0.03364	0.21433	0.01772	0.50514	0.02256	0.01665	0.02293	0.01414	0.01879	0.01093	0.00609	0.00804	0.00233	0.01106	0.00786	0.00358	0.01005
16	0.01237	0.00618	0.00928	0.00928	0.00928	0.00618	0.00618	0.00928	0.00928	0.01237	0.01237	0.02165	0.01237	0.02474	0.02783	0.79283	0.00618	0.00618	0.00309	0.00309
17	0.01762	0.01692	0.02890	0.04371	0.70533	0.01692	0.02185	0.02185	0.01621	0.02326	0.01339	0.01762	0.01128	0.00634	0.00705	0.00211	0.00846	0.00634	0.00352	0.01128
18	0.01345	0.01266	0.02136	0.73264	0.04904	0.01582	0.01978	0.01819	0.01424	0.01819	0.01266	0.01898	0.00949	0.00712	0.00712	0.00237	0.00949	0.00633	0.00316	0.00791
19	0.01030	0.00736	0.01013	0.01177	0.01290	0.00719	0.00944	0.01273	0.01524	0.02000	0.03835	0.35873	0.04354	0.02078	0.00952	0.00312	0.00554	0.39056	0.00658	0.00623
20	0.01558	0.01558	0.02181	0.01869	0.01869	0.02181	0.01558	0.01714	0.01091	0.01714	0.00935	0.01558	0.00935	0.01246	0.02337	0.00312	0.73672	0.00623	0.00312	0.00779
21	0.01515	0.03561	0.67847	0.01992	0.03019	0.01624	0.02553	0.02315	0.01530	0.05651	0.01353	0.01549	0.00945	0.00687	0.00678	0.00225	0.01030	0.00536	0.00329	0.01060
22	0.01762	0.01692	0.02890	0.04371	0.70533	0.01692	0.02185	0.02185	0.01621	0.02326	0.01339	0.01762	0.01128	0.00634	0.00705	0.00211	0.00846	0.00634	0.00352	0.01128
23	0.01572	0.01500	0.02575	0.28312	0.42015	0.01605	0.04290	0.02005	0.01542	0.02123	0.01437	0.05200	0.01230	0.00735	0.00722	0.00225	0.00874	0.00706	0.00354	0.00979
24	0.03195	0.01212	0.01652	0.01267	0.01818	0.01047	0.01047	0.03470	0.02038	0.71026	0.02809	0.02424	0.01763	0.00881	0.00716	0.00220	0.00606	0.00716	0.00881	0.01212
25	0.05429	0.01535	0.05013	0.41673	0.25411	0.01650	0.01980	0.05052	0.01569	0.02190	0.01297	0.01794	0.01008	0.00690	0.00695	0.00227	0.00893	0.00617	0.00352	0.00927
26	0.01622	0.32858	0.43805	0.01700	0.02572	0.02127	0.02056	0.02205	0.01480	0.02019	0.01161	0.01356	0.00907	0.00649	0.00587	0.00196	0.00934	0.00467	0.00302	0.00996
27	0.01762	0.01692	0.02890	0.04371	0.70533	0.01692	0.02185	0.02185	0.01621	0.02326	0.01339	0.01762	0.01128	0.00634	0.00705	0.00211	0.00846	0.00634	0.00352	0.01128
28	0.01477	0.03341	0.58271	0.02218	0.03206	0.01682	0.15303	0.02260	0.01538	0.02260	0.01309	0.01584	0.00937	0.00662	0.00708	0.00228	0.01081	0.00587	0.00312	0.01035
29	0.01935	0.02001	0.02602	0.11275	0.46917	0.15919	0.01967	0.04840	0.01747	0.02237	0.01298	0.01679	0.01069	0.00672	0.00693	0.00209	0.00943	0.00599	0.00365	0.01033
30	0.01491	0.01388	0.02309	0.48472	0.23352	0.01603	0.01972	0.03896	0.01526	0.02037	0.01327	0.01892	0.01043	0.00888	0.03709	0.00267	0.00955	0.00639	0.00341	0.00893
31	0.00868	0.00620	0.00826	0.00991	0.01033	0.00578	0.00661	0.00991	0.01363	0.01818	0.03925	0.74510	0.04710	0.02231	0.00909	0.00289	0.00413	0.02024	0.00661	0.00578
32	0.00865	0.00629	0.00816	0.00966	0.01026	0.00581	0.00649	0.00994	0.01388	0.01828	0.04240	0.68022	0.10994	0.02190	0.00902	0.00285	0.00408	0.01974	0.00661	0.00581
33	0.01704	0.45335	0.32054	0.01558	0.02353	0.02330	0.01811	0.02184	0.01471	0.01918	0.01111	0.01294	0.00909	0.00637	0.00549	0.00183	0.00883	0.00442	0.00303	0.00972
34	0.01671	0.01892	0.04043	0.02912	0.03576	0.01831	0.62739	0.02236	0.01634	0.02236	0.01401	0.01892	0.01069	0.00651	0.00958	0.00246	0.06886	0.00823	0.00356	0.00946
35	0.01428	0.03683	0.71286	0.02030	0.03082	0.01654	0.02631	0.02255	0.01503	0.02255	0.01278	0.01503	0.00902	0.00677	0.00677	0.00226	0.01052	0.00526	0.00301	0.01052
36	0.01762	0.01692	0.02890	0.04371	0.70533	0.01692	0.02185	0.02185	0.01621	0.02326	0.01339	0.01762	0.01128	0.00634	0.00705	0.00211	0.00846	0.00634	0.00352	0.01128
37	0.01681	0.01921	0.04202	0.03001	0.03721	0.01801	0.67947	0.02281	0.01681	0.02281	0.01441	0.01921	0.01080	0.00600	0.00840	0.00240	0.01200	0.00840	0.00360	0.00960
38	0.00873	0.00639	0.00821	0.00953	0.01026	0.00587	0.00647	0.01016	0.01434	0.01892	0.08249	0.62113	0.12870	0.02133	0.00897	0.00279	0.00402	0.01917	0.00668	0.00587
39	0.01018	0.00760	0.01130	0.01130	0.01253	0.00883	0.00873	0.01263	0.01140	0.01643	0.01920	0.02868	0.01811	0.07971	0.69564	0.01127	0.01861	0.00773	0.00383	0.00628
40	0.01582	0.02511	0.27604	0.02570	0.03349	0.01779	0.39716	0.02227	0.01571	0.02227	0.01343	0.01745	0.01006	0.00679	0.00902	0.00241	0.06922	0.00713	0.00335	0.00978
41	0.07741	0.01222	0.01617	0.01247	0.01792	0.01079	0.01030	0.03389	0.01989	0.67011	0.02702	0.02349	0.01704	0.00868	0.00700	0.00220	0.00603	0.00697	0.00855	0.01186
42	0.01345	0.01266	0.02136	0.73264	0.04904	0.01582	0.01978	0.01819	0.01424	0.01819	0.01266	0.01898	0.00949	0.00712	0.00712	0.00237	0.00949	0.00633	0.00316	0.00791
43	0.00869	0.00711	0.00767	0.00776	0.00985	0.00609	0.00573	0.01067	0.01654	0.02051	0.16242	0.13896	0.53732	0.01798	0.00849	0.00243	0.00363	0.01527	0.00679	0.00609
44	0.01345	0.01266	0.02136	0.73264	0.04904	0.01582	0.01978	0.01819	0.01424	0.01819	0.01266	0.01898	0.00949	0.00712	0.00712	0.00237	0.00949	0.00633	0.00316	0.00791
45	0.02623	0.01953	0.02090	0.01621	0.02176	0.02169	0.01333	0.62407	0.09236	0.04353	0.01816	0.01794	0.01297	0.00865	0.00713	0.00216	0.00764	0.00656	0.00713	0.01203
46	0.01575	0.08148	0.19485	0.02357	0.03009	0.01827	0.34244	0.02110	0.01522	0.02122	0.01445	0.06007	0.01220	0.00803	0.00977	0.00242	0.10854	0.00770	0.00353	0.00931
47	0.00848	0.00718	0.00732	0.00737	0.00968	0.00603	0.00550	0.01031	0.01626	0.01949	0.09070	0.09275	0.65856	0.01808	0.00844	0.00242	0.00362	0.01515	0.00665	0.00603
48	0.01345	0.01266	0.02136	0.73264	0.04904	0.01582	0.01978	0.01819	0.01424	0.01819	0.01266	0.01898	0.00949	0.00712	0.00712	0.00237	0.00949	0.00633	0.00316	0.00791
49	0.02920	0.01501	0.01834	0.01421	0.01953	0.01507	0.01172	0.25321	0.04806	0.43577	0.02372	0.02158	0.01560	0.00889	0.00774	0.00222	0.03332	0.00690	0.00798	0.01193
50	0.01756	0.04417	0.05297	0.03522	0.50299	0.01749	0.01935	0.02538	0.16489	0.02443	0.01667	0.01926	0.01341	0.00708	0.00699	0.00216	0.00789	0.00659	0.00431	0.01117
51	0.00917	0.00664	0.00875	0.01012	0.01095	0.00622	0.00725	0.01089	0.01468	0.01943	0.08687	0.55003	0.09542	0.02107	0.00910	0.00287	0.00440	0.11347	0.00669	0.00598
52	0.02197	0.04162	0.01619	0.01274	0.01670	0.01372	0.01013	0.17682	0.12147	0.22763	0.09702	0.06820	0.02355	0.03762	0.01018	0.07305	0.00610	0.00840	0.00706	0.00984
53	0.38493	0.06901	0.01530	0.01127	0.01629	0.01622	0.00931	0.08664	0.10286	0.05645	0.01430	0.01513	0.01098	0.00698	0.00532	0.00195	0.00588	0.00484	0.00507	0.16128
54	0.04533	0.08965	0.06183	0.04066	0.19121	0.07856	0.01541	0.18526	0.02033	0.07490	0.01539	0.04286	0.01245	0.00786	0.00713	0.00204	0.03030	0.00623	0.00489	0.06770
55	0.06055	0.08031	0.04785	0.01330	0.01862	0.03751	0.01139	0.11101	0.04180	0.04949	0.01356	0.01544	0.01089	0.00716	0.00789	0.00172	0.09663	0.00501	0.00459	0.36528
56	0.01898	0.32252	0.14934	0.07626	0.02353	0.02206	0.01557	0.13620	0.01800	0.04851	0.03780	0.01602	0.01211	0.00765	0.00737	0.00201	0.06683	0.00538	0.00415	0.00971

[dist]
# distance from previous block
# <min> <max>
3	16

[block]
# block no. 1 follows, 29 sequences, length 41
# corresponding to MSA columns:
# 157-197
name=unknown_B
#
# <colnr> <probs for GDERKNQSTAVLIFYWHMCP>
#	G	D	E	R	K	N	Q	S	T	A	V	L	I	F	Y	W	H	M	C	P
0	0.02052	0.01703	0.02024	0.01576	0.02116	0.09011	0.10475	0.11664	0.13787	0.11619	0.02066	0.02102	0.04198	0.00780	0.00681	0.00192	0.00748	0.00665	0.00570	0.21969
1	0.05658	0.02246	0.02044	0.01776	0.04334	0.24352	0.05069	0.21227	0.14385	0.02884	0.01657	0.01763	0.01272	0.00824	0.00757	0.00214	0.04414	0.00612	0.03516	0.00995
2	0.01318	0.01205	0.01721	0.01548	0.01604	0.01608	0.01262	0.01517	0.01114	0.01687	0.01366	0.02108	0.01310	0.03063	0.33315	0.00681	0.41830	0.00685	0.00343	0.00715
3	0.28105	0.01924	0.01799	0.10951	0.06336	0.14260	0.01295	0.22118	0.02051	0.03097	0.01284	0.01479	0.00974	0.00737	0.00609	0.00213	0.00820	0.00523	0.00488	0.00937
4	0.01547	0.01263	0.01484	0.01063	0.01693	0.00953	0.00852	0.01861	0.01499	0.05119	0.01328	0.01515	0.01084	0.00542	0.00535	0.00110	0.00531	0.00434	0.00441	0.76147
5	0.01107	0.00834	0.01116	0.01273	0.04648	0.00817	0.00963	0.01450	0.04380	0.02183	0.13757	0.15764	0.11351	0.05240	0.01037	0.00306	0.00551	0.31896	0.00653	0.00674
6	0.02589	0.05553	0.02165	0.01611	0.02160	0.05215	0.01329	0.56834	0.08654	0.04109	0.01747	0.01742	0.01264	0.00847	0.00698	0.00212	0.00786	0.00634	0.00679	0.01173
7	0.01477	0.01266	0.01477	0.01055	0.01687	0.00949	0.00844	0.01793	0.01477	0.02320	0.01266	0.01477	0.01055	0.00527	0.00527	0.00105	0.00527	0.00422	0.00422	0.79328
8	0.01911	0.07644	0.03112	0.03018	0.26930	0.11646	0.21636	0.05558	0.04315	0.02287	0.01370	0.01719	0.01104	0.00685	0.00787	0.00217	0.04010	0.00659	0.00383	0.01009
9	0.01757	0.36687	0.27364	0.05125	0.02574	0.02173	0.07288	0.02241	0.01515	0.05485	0.01235	0.01436	0.00969	0.00651	0.00592	0.00193	0.00901	0.00499	0.00338	0.00976
10	0.01564	0.01576	0.02284	0.01927	0.01964	0.02162	0.04954	0.01743	0.01121	0.01743	0.00961	0.01576	0.00942	0.01213	0.02260	0.00308	0.69964	0.00634	0.00314	0.00788
11	0.00886	0.00714	0.00789	0.00789	0.00994	0.00617	0.00585	0.01101	0.01701	0.02152	0.22984	0.12181	0.48507	0.01751	0.00847	0.00240	0.00359	0.01492	0.00692	0.00617
12	0.01724	0.01652	0.02820	0.10760	0.64447	0.01682	0.02166	0.02151	0.01603	0.02279	0.01333	0.01775	0.01111	0.00642	0.00706	0.00214	0.00856	0.00634	0.00349	0.01097
13	0.07470	0.05046	0.01825	0.01346	0.01884	0.01497	0.01116	0.18152	0.08314	0.42249	0.02369	0.02143	0.01573	0.00856	0.00687	0.00217	0.00647	0.00671	0.00774	0.01163
14	0.00868	0.00620	0.00826	0.00991	0.01033	0.00578	0.00661	0.00991	0.01363	0.01818	0.03925	0.74510	0.04710	0.02231	0.00909	0.00289	0.00413	0.02024	0.00661	0.00578
15	0.03195	0.01212	0.01652	0.01267	0.01818	0.01047	0.01047	0.03470	0.02038	0.71026	0.02809	0.02424	0.01763	0.00881	0.00716	0.00220	0.00606	0.00716	0.00881	0.01212
16	0.01969	0.69155	0.03583	0.01272	0.01860	0.08831	0.01232	0.02194	0.01496	0.01681	0.01000	0.01155	0.00914	0.00620	0.00473	0.00155	0.00807	0.00388	0.00310	0.00906
17	0.01345	0.01266	0.02136	0.73264	0.04904	0.01582	0.01978	0.01819	0.01424	0.01819	0.01266	0.01898	0.00949	0.00712	0.00712	0.00237	0.00949	0.00633	0.00316	0.00791
18	0.01036	0.00690	0.00777	0.00777	0.00777	0.00690	0.00431	0.01036	0.01036	0.01381	0.02244	0.04660	0.02589	0.74975	0.03624	0.00690	0.00690	0.01036	0.00431	0.00431
19	0.01116	0.00804	0.01103	0.01234	0.01402	0.00792	0.01062	0.01437	0.01681	0.02203	0.11490	0.07664	0.07780	0.01901	0.00960	0.00312	0.00604	0.55131	0.00671	0.00655
20	0.01743	0.01672	0.02855	0.07613	0.67445	0.01687	0.02176	0.02168	0.01612	0.02302	0.01336	0.01769	0.01120	0.00638	0.00705	0.00213	0.00851	0.00634	0.00351	0.01112
21	0.01809	0.08620	0.43050	0.01816	0.02653	0.01632	0.05270	0.02418	0.01584	0.14728	0.01525	0.01664	0.01078	0.00725	0.00747	0.00217	0.04427	0.00564	0.00416	0.05057
22	0.80005	0.01377	0.01047	0.00936	0.01377	0.01597	0.00771	0.02093	0.01212	0.03195	0.00991	0.01157	0.00771	0.00661	0.00441	0.00220	0.00551	0.00386	0.00441	0.00771
23	0.03195	0.01212	0.01652	0.01267	0.01818	0.01047	0.01047	0.03470	0.02038	0.71026	0.02809	0.02424	0.01763	0.00881	0.00716	0.00220	0.00606	0.00716	0.00881	0.01212
24	0.01440	0.05354	0.52952	0.02057	0.02976	0.01629	0.12701	0.02166	0.01552	0.02245	0.03813	0.01942	0.04499	0.00743	0.00709	0.00226	0.01010	0.00643	0.00343	0.00999
25	0.01904	0.75404	0.03731	0.01218	0.01828	0.02818	0.01218	0.02132	0.01447	0.01675	0.00990	0.01142	0.00914	0.00609	0.00457	0.00152	0.00761	0.00381	0.00305	0.00914
26	0.00868	0.00620	0.00826	0.00991	0.01033	0.00578	0.00661	0.00991	0.01363	0.01818	0.03925	0.74510	0.04710	0.02231	0.00909	0.00289	0.00413	0.02024	0.00661	0.00578
27	0.01237	0.00618	0.00928	0.00928	0.00928	0.00618	0.00618	0.00928	0.00928	0.01237	0.01237	0.02165	0.01237	0.02474	0.02783	0.79283	0.00618	0.00618	0.00309	0.00309
28	0.02660	0.03394	0.02018	0.01834	0.02201	0.72116	0.01376	0.02843	0.02018	0.01743	0.01101	0.01284	0.00917	0.00734	0.00642	0.00183	0.01284	0.00459	0.00367	0.00825
29	0.01681	0.16447	0.47249	0.01854	0.02744	0.01831	0.05801	0.02384	0.03936	0.07612	0.01412	0.01574	0.01027	0.00686	0.00650	0.00213	0.00955	0.00542	0.00366	0.01037
30	0.02063	0.35823	0.04770	0.04559	0.05024	0.17372	0.01353	0.08086	0.01742	0.04140	0.01294	0.03859	0.01133	0.00894	0.02866	0.00215	0.02973	0.00531	0.00389	0.00915
31	0.01904	0.75404	0.03731	0.01218	0.01828	0.02818	0.01218	0.02132	0.01447	0.01675	0.00990	0.01142	0.00914	0.00609	0.00457	0.00152	0.00761	0.00381	0.00305	0.00914
32	0.80005	0.01377	0.01047	0.00936	0.01377	0.01597	0.00771	0.02093	0.01212	0.03195	0.00991	0.01157	0.00771	0.00661	0.00441	0.00220	0.00551	0.00386	0.00441	0.00771
33	0.01527	0.01296	0.01504	0.01079	0.01709	0.01001	0.00865	0.04521	0.01553	0.02409	0.01284	0.01486	0.01061	0.00541	0.00535	0.00110	0.00538	0.00431	0.00434	0.76117
34	0.00992	0.00734	0.00911	0.00939	0.01082	0.00685	0.00674	0.03926	0.01731	0.02332	0.28993	0.34763	0.15953	0.01816	0.00864	0.00254	0.00391	0.01608	0.00709	0.00643
35	0.04475	0.04997	0.02310	0.02707	0.30058	0.11820	0.01623	0.02469	0.12716	0.04557	0.01639	0.04821	0.01394	0.00858	0.00901	0.00227	0.10310	0.00677	0.00442	0.00998
36	0.05298	0.06520	0.04004	0.01749	0.09653	0.01726	0.03506	0.23865	0.11161	0.06434	0.04112	0.02100	0.03598	0.00819	0.00668	0.00202	0.00691	0.00665	0.03563	0.09665
37	0.04179	0.01656	0.07798	0.04412	0.01986	0.07027	0.03822	0.05428	0.05670	0.02326	0.01773	0.04309	0.04184	0.06096	0.00838	0.00205	0.00700	0.00633	0.00452	0.36508
38	0.01560	0.10101	0.09325	0.01599	0.02164	0.03356	0.12982	0.04001	0.03718	0.02211	0.01659	0.11100	0.01536	0.00852	0.00742	0.00191	0.04265	0.00741	0.00428	0.27469
39	0.04241	0.03622	0.07059	0.07253	0.02300	0.01417	0.10661	0.02286	0.11952	0.08447	0.02091	0.04118	0.05499	0.00984	0.03059	0.00238	0.04785	0.00717	0.00494	0.18777
40	0.12733	0.01862	0.06220	0.08067	0.10122	0.12440	0.08381	0.02105	0.01556	0.02289	0.01299	0.03449	0.01083	0.00668	0.00622	0.00184	0.00822	0.00558	0.00391	0.25150

[dist]
# distance from previous block
# <min> <max>
62	184

[block]
# block no. 2 follows, 29 sequences, length 17
# corresponding to MSA columns:
# 450-466
name=unknown_C
#
# <colnr> <probs for GDERKNQSTAVLIFYWHMCP>
#	G	D	E	R	K	N	Q	S	T	A	V	L	I	F	Y	W	H	M	C	P
0	0.01488	0.01520	0.09261	0.29787	0.13215	0.01427	0.03583	0.06870	0.01682	0.04279	0.08353	0.11505	0.02058	0.00976	0.00749	0.00235	0.00801	0.00873	0.00457	0.00878
1	0.01617	0.01713	0.06294	0.14271	0.39505	0.06859	0.01892	0.02025	0.01615	0.02148	0.02000	0.02693	0.07029	0.00868	0.00735	0.00227	0.00851	0.06297	0.00397	0.00964
2	0.01326	0.01056	0.01283	0.03642	0.03924	0.01122	0.01013	0.03815	0.20698	0.02354	0.07626	0.08386	0.10231	0.09749	0.01155	0.00317	0.00591	0.20281	0.00639	0.00791
3	0.54598	0.01193	0.01069	0.01036	0.01388	0.01339	0.00868	0.01887	0.01369	0.02889	0.05284	0.03232	0.01977	0.01056	0.00608	0.00250	0.00568	0.18138	0.00516	0.00735
4	0.09024	0.01944	0.02048	0.01581	0.02140	0.02158	0.01306	0.62760	0.03173	0.04382	0.01651	0.01664	0.01175	0.00839	0.00690	0.00214	0.00765	0.00620	0.00690	0.01175
5	0.02417	0.01981	0.02016	0.09103	0.02395	0.10007	0.01360	0.48637	0.02863	0.03699	0.02012	0.02072	0.06396	0.00898	0.00714	0.00215	0.00826	0.00685	0.00627	0.01077
6	0.03195	0.01212	0.01652	0.01267	0.01818	0.01047	0.01047	0.03470	0.02038	0.71026	0.02809	0.02424	0.01763	0.00881	0.00716	0.00220	0.00606	0.00716	0.00881	0.01212
7	0.02816	0.01659	0.01910	0.01482	0.02031	0.01731	0.01218	0.38306	0.08235	0.29660	0.02225	0.02058	0.01499	0.00874	0.00715	0.00218	0.00698	0.00683	0.00778	0.01204
8	0.00868	0.00620	0.00826	0.00991	0.01033	0.00578	0.00661	0.00991	0.01363	0.01818	0.03925	0.74510	0.04710	0.02231	0.00909	0.00289	0.00413	0.02024	0.00661	0.00578
9	0.71801	0.01365	0.01160	0.08480	0.01745	0.01596	0.00897	0.02065	0.01234	0.03051	0.01020	0.01234	0.00790	0.00666	0.00469	0.00222	0.00592	0.00411	0.00428	0.00773
10	0.01919	0.02200	0.08212	0.03664	0.51134	0.16091	0.02056	0.02326	0.01693	0.02201	0.01286	0.01644	0.01067	0.00658	0.00690	0.00207	0.00952	0.00590	0.00351	0.01060
11	0.01115	0.00880	0.01280	0.01232	0.01342	0.01077	0.00974	0.01358	0.01153	0.01711	0.01778	0.02600	0.01653	0.04495	0.57997	0.00970	0.12836	0.00737	0.04153	0.00659
12	0.01904	0.75404	0.03731	0.01218	0.01828	0.02818	0.01218	0.02132	0.01447	0.01675	0.00990	0.01142	0.00914	0.00609	0.00457	0.00152	0.00761	0.00381	0.00305	0.00914
13	0.01040	0.00810	0.01033	0.06858	0.01426	0.00788	0.00818	0.01391	0.04121	0.02374	0.33917	0.05693	0.21941	0.04503	0.00958	0.00263	0.00459	0.10260	0.00680	0.00667
14	0.01762	0.01692	0.02890	0.04371	0.70533	0.01692	0.02185	0.02185	0.01621	0.02326	0.01339	0.01762	0.01128	0.00634	0.00705	0.00211	0.00846	0.00634	0.00352	0.01128
15	0.01164	0.00974	0.01252	0.12424	0.04224	0.01019	0.00997	0.01748	0.13584	0.02260	0.15334	0.15328	0.20919	0.01458	0.00813	0.00248	0.00524	0.04350	0.00628	0.00753
16	0.01670	0.01859	0.12828	0.02345	0.22340	0.01638	0.01631	0.05869	0.28964	0.02642	0.02541	0.02569	0.08161	0.00898	0.00722	0.00229	0.00715	0.00770	0.00541	0.01069

[dist]
# distance from previous block
# <min> <max>
0	1

[block]
# block no. 3 follows, 29 sequences, length 7
# corresponding to MSA columns:
# 468-474
name=unknown_D
#
# <colnr> <probs for GDERKNQSTAVLIFYWHMCP>
#	G	D	E	R	K	N	Q	S	T	A	V	L	I	F	Y	W	H	M	C	P
0	0.01557	0.01482	0.02518	0.38318	0.38194	0.01638	0.02083	0.02005	0.01524	0.02076	0.01303	0.01829	0.01040	0.00673	0.00708	0.00224	0.00897	0.00634	0.00335	0.00962
1	0.01239	0.01098	0.01766	0.50659	0.03705	0.01298	0.01570	0.01671	0.01609	0.02143	0.22784	0.02967	0.02751	0.00944	0.00752	0.00233	0.00758	0.00837	0.00462	0.00754
2	0.01012	0.00747	0.00958	0.00959	0.01137	0.00693	0.00755	0.01322	0.01872	0.02551	0.45791	0.06151	0.16179	0.01622	0.00871	0.00249	0.00409	0.15330	0.00737	0.00657
3	0.01570	0.01495	0.01729	0.01314	0.01844	0.08264	0.06090	0.01888	0.01579	0.02278	0.08103	0.01879	0.01600	0.00687	0.00697	0.00147	0.04799	0.00556	0.00441	0.53039
4	0.01321	0.01177	0.01910	0.15270	0.30352	0.01216	0.01524	0.01631	0.01480	0.02028	0.02386	0.31596	0.02564	0.01302	0.00790	0.00248	0.00687	0.01204	0.00472	0.00843
5	0.01982	0.02259	0.09212	0.05354	0.29856	0.18363	0.01788	0.07910	0.05691	0.02380	0.01388	0.01651	0.01110	0.00693	0.00674	0.00200	0.00926	0.00574	0.00407	0.07582
6	0.01414	0.01199	0.06451	0.01121	0.01418	0.01045	0.00913	0.12812	0.01793	0.04894	0.14708	0.10757	0.08646	0.17523	0.07354	0.00401	0.00705	0.01043	0.00586	0.05218

[dist]
# distance from previous block
# <min> <max>
2	16

[block]
# block no. 4 follows, 29 sequences, length 16
# corresponding to MSA columns:
# 491-506
name=unknown_E
#
# <colnr> <probs for GDERKNQSTAVLIFYWHMCP>
#	G	D	E	R	K	N	Q	S	T	A	V	L	I	F	Y	W	H	M	C	P
0	0.00964	0.00723	0.00875	0.00839	0.01014	0.00654	0.00618	0.01232	0.01834	0.02488	0.47695	0.05695	0.23995	0.07009	0.01047	0.00263	0.00369	0.01329	0.00724	0.00634
1	0.01841	0.02920	0.38472	0.01972	0.02752	0.12125	0.10213	0.04846	0.01701	0.09108	0.01482	0.01707	0.01082	0.01009	0.05392	0.00280	0.01107	0.00594	0.00397	0.01001
2	0.01711	0.04016	0.01365	0.04275	0.01558	0.01067	0.00913	0.05785	0.08620	0.18230	0.07344	0.24314	0.03100	0.10162	0.01129	0.00301	0.00570	0.04035	0.00673	0.00833
3	0.00875	0.00713	0.00774	0.00779	0.00988	0.00612	0.00577	0.01079	0.01672	0.02088	0.18657	0.12913	0.52236	0.01779	0.00848	0.00242	0.00361	0.01512	0.00684	0.00612
4	0.01413	0.01336	0.02260	0.61933	0.15699	0.01600	0.02012	0.01880	0.01456	0.01903	0.01278	0.01876	0.00979	0.00699	0.00711	0.00233	0.00932	0.00633	0.00322	0.00846
5	0.01551	0.04829	0.12381	0.02493	0.22691	0.05201	0.04065	0.01928	0.01405	0.01983	0.01358	0.01877	0.01185	0.01840	0.17348	0.00444	0.15540	0.00634	0.00343	0.00906
6	0.01517	0.17073	0.58673	0.01878	0.02848	0.01871	0.02367	0.02232	0.01493	0.02147	0.01224	0.01436	0.00904	0.00664	0.00636	0.00212	0.00998	0.00499	0.00301	0.01026
7	0.00905	0.00662	0.00828	0.00912	0.01003	0.00609	0.00623	0.01065	0.01491	0.01982	0.16353	0.44933	0.14899	0.08903	0.01143	0.00308	0.00417	0.01717	0.00662	0.00585
8	0.03592	0.03905	0.09563	0.04134	0.09869	0.08702	0.01471	0.27891	0.02268	0.02994	0.02206	0.06947	0.08570	0.00988	0.00777	0.00223	0.03587	0.00778	0.00540	0.00994
9	0.07944	0.02114	0.14656	0.09368	0.39996	0.06899	0.04541	0.02211	0.01583	0.02294	0.01281	0.01651	0.01027	0.00657	0.00680	0.00216	0.00913	0.00590	0.00349	0.01029
10	0.01585	0.01549	0.02447	0.40798	0.32363	0.05087	0.02035	0.02023	0.01536	0.02029	0.01289	0.01811	0.01023	0.00680	0.00706	0.00224	0.00922	0.00625	0.00334	0.00934
11	0.04099	0.01750	0.02497	0.06714	0.38435	0.05499	0.04684	0.14676	0.04166	0.02707	0.01619	0.02218	0.01366	0.00794	0.00723	0.00223	0.00847	0.05466	0.00457	0.01058
12	0.01718	0.03291	0.01724	0.06452	0.11446	0.01367	0.01250	0.18063	0.04518	0.06913	0.02637	0.23893	0.02642	0.01360	0.00798	0.00252	0.00658	0.09500	0.00613	0.00904
13	0.01822	0.01434	0.06369	0.04688	0.02050	0.04620	0.10769	0.06432	0.01940	0.18138	0.22771	0.08510	0.05113	0.01109	0.00782	0.00229	0.00679	0.00992	0.00654	0.00901
14	0.07763	0.16011	0.30600	0.02381	0.15565	0.01891	0.11762	0.02210	0.01519	0.02240	0.01238	0.01521	0.00963	0.00644	0.00647	0.00211	0.00943	0.00555	0.00331	0.01006
15	0.02042	0.02682	0.12991	0.07114	0.05798	0.36121	0.01535	0.06645	0.01913	0.02110	0.04940	0.02232	0.09129	0.00880	0.00692	0.00206	0.01020	0.00659	0.00426	0.00867

[dist]
# distance from previous block
# <min> <max>
3	8

[block]
# block no. 5 follows, 29 sequences, length 16
# corresponding to MSA columns:
# 515-530
name=unknown_F
#
# <colnr> <probs for GDERKNQSTAVLIFYWHMCP>
#	G	D	E	R	K	N	Q	S	T	A	V	L	I	F	Y	W	H	M	C	P
0	0.15011	0.16952	0.20528	0.03410	0.05492	0.09888	0.01594	0.02169	0.01516	0.03627	0.04129	0.01871	0.01313	0.00804	0.00725	0.00215	0.05747	0.03724	0.00386	0.00898
1	0.01564	0.07305	0.43234	0.05335	0.04752	0.01640	0.03778	0.06575	0.01623	0.02363	0.01293	0.01528	0.00964	0.00657	0.00646	0.00200	0.00917	0.00523	0.00354	0.14752
2	0.05236	0.13910	0.25572	0.04146	0.09873	0.04274	0.09641	0.04615	0.01542	0.02193	0.01239	0.01568	0.00989	0.00881	0.03239	0.00253	0.08956	0.00569	0.00342	0.00962
3	0.04874	0.27076	0.37793	0.01729	0.05110	0.01973	0.01925	0.02196	0.01518	0.04152	0.04606	0.01594	0.01221	0.00696	0.00604	0.00200	0.00879	0.00519	0.00351	0.00984
4	0.02193	0.01744	0.01775	0.01439	0.01879	0.06741	0.01141	0.40180	0.08667	0.03429	0.02090	0.02395	0.04808	0.09596	0.04554	0.00310	0.00810	0.00725	0.00624	0.04901
5	0.00877	0.00721	0.00760	0.00751	0.00969	0.00617	0.00556	0.01073	0.01655	0.02042	0.16778	0.06507	0.57036	0.05329	0.00977	0.00260	0.00373	0.01446	0.00669	0.00604
6	0.01195	0.00734	0.00999	0.01049	0.01168	0.00722	0.00753	0.01361	0.01371	0.09678	0.03181	0.40887	0.03493	0.09863	0.16880	0.00511	0.00802	0.04097	0.00602	0.00652
7	0.06124	0.01887	0.01997	0.01574	0.02109	0.02106	0.01288	0.54221	0.14389	0.04173	0.01877	0.01844	0.01353	0.00865	0.00702	0.00219	0.00736	0.00657	0.00702	0.01176
8	0.19853	0.02022	0.11404	0.05495	0.06459	0.06424	0.17989	0.09344	0.03960	0.05215	0.01399	0.01639	0.01045	0.00687	0.00665	0.00219	0.00890	0.00603	0.00440	0.04249
9	0.01729	0.01634	0.02650	0.09742	0.55550	0.01694	0.02022	0.02375	0.10941	0.02374	0.01548	0.01897	0.01257	0.00687	0.00708	0.00218	0.00816	0.00658	0.00401	0.01100
10	0.01345	0.01266	0.02136	0.73264	0.04904	0.01582	0.01978	0.01819	0.01424	0.01819	0.01266	0.01898	0.00949	0.00712	0.00712	0.00237	0.00949	0.00633	0.00316	0.00791
11	0.01036	0.00690	0.00777	0.00777	0.00777	0.00690	0.00431	0.01036	0.01036	0.01381	0.02244	0.04660	0.02589	0.74975	0.03624	0.00690	0.00690	0.01036	0.00431	0.00431
12	0.01849	0.67190	0.11468	0.01311	0.01971	0.02684	0.01380	0.02146	0.01453	0.01742	0.01023	0.01184	0.00912	0.00617	0.00482	0.00161	0.00795	0.00397	0.00304	0.00930
13	0.01483	0.11897	0.63549	0.01937	0.02938	0.01787	0.02469	0.02241	0.01497	0.02189	0.01245	0.01462	0.00903	0.00669	0.00651	0.00217	0.01019	0.00510	0.00301	0.01036
14	0.01524	0.00907	0.00971	0.00882	0.01109	0.00952	0.00679	0.13242	0.01791	0.02857	0.04412	0.02669	0.01906	0.04207	0.05915	0.00269	0.00541	0.00703	0.53715	0.00748
15	0.39806	0.18499	0.01883	0.01149	0.01641	0.04847	0.00989	0.11362	0.01664	0.07749	0.01273	0.01380	0.00980	0.00701	0.00512	0.00200	0.00658	0.00457	0.03356	0.00894

[dist]
# distance from previous block
# <min> <max>
0	2

[block]
# block no. 6 follows, 29 sequences, length 27
# corresponding to MSA columns:
# 533-559
name=unknown_G
#
# <colnr> <probs for GDERKNQSTAVLIFYWHMCP>
#	G	D	E	R	K	N	Q	S	T	A	V	L	I	F	Y	W	H	M	C	P
0	0.00890	0.00717	0.00792	0.00787	0.00995	0.00620	0.00585	0.01110	0.01717	0.02178	0.24635	0.10648	0.48362	0.01733	0.00845	0.00239	0.00357	0.01475	0.00696	0.00620
1	0.02707	0.01995	0.02137	0.01638	0.02208	0.02208	0.01353	0.68159	0.03348	0.04488	0.01710	0.01710	0.01211	0.00855	0.00712	0.00214	0.00784	0.00641	0.00712	0.01211
2	0.01477	0.01266	0.01477	0.01055	0.01687	0.00949	0.00844	0.01793	0.01477	0.02320	0.01266	0.01477	0.01055	0.00527	0.00527	0.00105	0.00527	0.00422	0.00422	0.79328
3	0.01020	0.00778	0.01141	0.03976	0.01386	0.00757	0.05052	0.03406	0.01428	0.01905	0.03437	0.59721	0.04020	0.04421	0.01044	0.03000	0.00514	0.01765	0.00610	0.00619
4	0.01816	0.01552	0.01635	0.01458	0.01869	0.01792	0.01138	0.06855	0.66103	0.03051	0.02841	0.02611	0.02128	0.00961	0.00724	0.00240	0.00574	0.00797	0.00724	0.01131
5	0.00945	0.00708	0.00877	0.00872	0.01035	0.00639	0.00640	0.01209	0.01813	0.02462	0.44230	0.17479	0.21140	0.01669	0.00852	0.00239	0.00355	0.01463	0.00734	0.00639
6	0.01736	0.01665	0.02842	0.08781	0.66332	0.01685	0.02172	0.02162	0.01609	0.02294	0.01335	0.01771	0.01116	0.00639	0.00705	0.00213	0.00853	0.00634	0.00350	0.01106
7	0.03195	0.01212	0.01652	0.01267	0.01818	0.01047	0.01047	0.03470	0.02038	0.71026	0.02809	0.02424	0.01763	0.00881	0.00716	0.00220	0.00606	0.00716	0.00881	0.01212
8	0.00868	0.00620	0.00826	0.00991	0.01033	0.00578	0.00661	0.00991	0.01363	0.01818	0.03925	0.74510	0.04710	0.02231	0.00909	0.00289	0.00413	0.02024	0.00661	0.00578
9	0.02298	0.01848	0.01903	0.01564	0.02053	0.04768	0.01256	0.37619	0.31929	0.03724	0.02202	0.02104	0.01618	0.00898	0.00715	0.00225	0.00708	0.00705	0.00704	0.01159
10	0.02697	0.01718	0.08629	0.01468	0.02047	0.01523	0.01297	0.26494	0.04366	0.35199	0.02318	0.05409	0.01628	0.00916	0.00720	0.00222	0.00704	0.00733	0.00749	0.01164
11	0.03076	0.01403	0.01771	0.01357	0.01913	0.01330	0.01121	0.19239	0.02357	0.54807	0.02541	0.02250	0.01628	0.00875	0.00715	0.00219	0.00649	0.00698	0.00840	0.01212
12	0.80005	0.01377	0.01047	0.00936	0.01377	0.01597	0.00771	0.02093	0.01212	0.03195	0.00991	0.01157	0.00771	0.00661	0.00441	0.00220	0.00551	0.00386	0.00441	0.00771
13	0.00987	0.00756	0.01072	0.01072	0.01219	0.00841	0.00831	0.01229	0.01226	0.01699	0.02813	0.03489	0.13460	0.04737	0.59988	0.00990	0.01643	0.00889	0.00429	0.00630
14	0.01018	0.00760	0.00935	0.00886	0.01065	0.00711	0.00657	0.01384	0.04892	0.02626	0.53259	0.05394	0.15992	0.06093	0.01009	0.00256	0.00372	0.01283	0.00740	0.00666
15	0.01624	0.01735	0.02966	0.10406	0.11388	0.07013	0.29909	0.02045	0.01575	0.02103	0.04541	0.06919	0.01537	0.00874	0.01025	0.00245	0.11989	0.00831	0.00387	0.00886
16	0.01147	0.00820	0.01147	0.01311	0.01475	0.00820	0.01147	0.01475	0.01639	0.02131	0.03770	0.08032	0.04098	0.01967	0.00984	0.00328	0.00656	0.65741	0.00656	0.00656
17	0.01771	0.01530	0.01610	0.01449	0.01852	0.01771	0.01127	0.03784	0.69247	0.02979	0.02898	0.02657	0.02174	0.00966	0.00725	0.00242	0.00564	0.00805	0.00725	0.01127
18	0.01443	0.01350	0.02273	0.50328	0.22146	0.01562	0.01980	0.01895	0.01490	0.01974	0.01446	0.02255	0.01198	0.00772	0.00727	0.00236	0.00903	0.04801	0.00348	0.00872
19	0.01008	0.00728	0.00952	0.00896	0.01064	0.00672	0.00672	0.01344	0.02016	0.02855	0.70158	0.05319	0.06719	0.01456	0.00840	0.00224	0.00336	0.01288	0.00784	0.00672
20	0.01681	0.01921	0.04202	0.03001	0.03721	0.01801	0.67947	0.02281	0.01681	0.02281	0.01441	0.01921	0.01080	0.00600	0.00840	0.00240	0.01200	0.00840	0.00360	0.00960
21	0.01493	0.16031	0.56534	0.01851	0.02786	0.01823	0.02311	0.02192	0.01478	0.02128	0.01255	0.01496	0.00942	0.00864	0.03699	0.00252	0.01038	0.00511	0.00305	0.01010
22	0.02974	0.04513	0.01703	0.01249	0.01783	0.01138	0.01036	0.03319	0.04938	0.61984	0.02921	0.02567	0.04685	0.00913	0.00710	0.00219	0.00600	0.00739	0.00839	0.01169
23	0.02064	0.01566	0.01694	0.01458	0.01902	0.01760	0.01153	0.13473	0.52119	0.10471	0.02709	0.02489	0.01984	0.00940	0.00722	0.00235	0.00601	0.00771	0.00739	0.01149
24	0.00865	0.00628	0.00817	0.00969	0.01027	0.00580	0.00651	0.00994	0.01385	0.01827	0.04204	0.68768	0.10271	0.02195	0.00903	0.00285	0.00409	0.01980	0.00661	0.00580
25	0.02478	0.04226	0.02076	0.01555	0.02114	0.02074	0.01282	0.53678	0.09896	0.04055	0.01770	0.01769	0.01287	0.00830	0.00689	0.00205	0.00738	0.00631	0.00675	0.07971
26	0.01848	0.01489	0.13238	0.01253	0.01733	0.01076	0.01164	0.06437	0.03807	0.22930	0.20226	0.06856	0.10326	0.01147	0.00758	0.00224	0.00585	0.00966	0.00694	0.03241

[dist]
# distance from previous block
# <min> <max>
1	4

[block]
# block no. 7 follows, 29 sequences, length 30
# corresponding to MSA columns:
# 564-582,610-620
name=unknown_H
#
# <colnr> <probs for GDERKNQSTAVLIFYWHMCP>
#	G	D	E	R	K	N	Q	S	T	A	V	L	I	F	Y	W	H	M	C	P
0	0.75839	0.05325	0.01190	0.00951	0.01401	0.01662	0.00795	0.02095	0.01224	0.03114	0.00991	0.01156	0.00779	0.00658	0.00442	0.00217	0.00562	0.00385	0.00433	0.00779
1	0.01597	0.01490	0.02519	0.03611	0.53481	0.01479	0.04001	0.01992	0.01643	0.02328	0.07890	0.07220	0.02042	0.00891	0.00751	0.00225	0.00772	0.04622	0.00430	0.01017
2	0.01904	0.75404	0.03731	0.01218	0.01828	0.02818	0.01218	0.02132	0.01447	0.01675	0.00990	0.01142	0.00914	0.00609	0.00457	0.00152	0.00761	0.00381	0.00305	0.00914
3	0.02811	0.01164	0.01554	0.01227	0.01716	0.01038	0.01000	0.03198	0.06027	0.57648	0.12038	0.02834	0.02466	0.00965	0.00734	0.00222	0.00566	0.00800	0.00859	0.01133
4	0.00906	0.00648	0.00867	0.01012	0.01076	0.00609	0.00706	0.01067	0.01448	0.01941	0.09946	0.62182	0.04837	0.02136	0.00909	0.00287	0.00428	0.07730	0.00672	0.00594
5	0.00989	0.00727	0.00926	0.00876	0.01052	0.00664	0.00657	0.01308	0.01972	0.02751	0.63089	0.05491	0.13853	0.01495	0.00840	0.00226	0.00339	0.01312	0.00770	0.00664
6	0.01762	0.01692	0.02890	0.04371	0.70533	0.01692	0.02185	0.02185	0.01621	0.02326	0.01339	0.01762	0.01128	0.00634	0.00705	0.00211	0.00846	0.00634	0.00352	0.01128
7	0.03117	0.01336	0.01730	0.01326	0.01880	0.01231	0.01095	0.13762	0.02246	0.60440	0.02634	0.02310	0.01675	0.00877	0.00715	0.00219	0.00634	0.00704	0.00854	0.01212
8	0.01674	0.01602	0.02730	0.18961	0.56634	0.01669	0.02141	0.02108	0.01580	0.02219	0.01324	0.01791	0.01090	0.00651	0.00706	0.00217	0.00868	0.00634	0.00345	0.01057
9	0.01972	0.01509	0.01634	0.01434	0.01860	0.01701	0.01126	0.06028	0.58979	0.11064	0.02846	0.02596	0.02091	0.00952	0.00723	0.00238	0.00576	0.00789	0.00743	0.01140
10	0.80005	0.01377	0.01047	0.00936	0.01377	0.01597	0.00771	0.02093	0.01212	0.03195	0.00991	0.01157	0.00771	0.00661	0.00441	0.00220	0.00551	0.00386	0.00441	0.00771
11	0.01827	0.01557	0.01641	0.01460	0.01873	0.01797	0.01141	0.07608	0.65332	0.03068	0.02828	0.02600	0.02116	0.00959	0.00724	0.00240	0.00577	0.00795	0.00724	0.01132
12	0.80005	0.01377	0.01047	0.00936	0.01377	0.01597	0.00771	0.02093	0.01212	0.03195	0.00991	0.01157	0.00771	0.00661	0.00441	0.00220	0.00551	0.00386	0.00441	0.00771
13	0.01762	0.01692	0.02890	0.04371	0.70533	0.01692	0.02185	0.02185	0.01621	0.02326	0.01339	0.01762	0.01128	0.00634	0.00705	0.00211	0.00846	0.00634	0.00352	0.01128
14	0.02416	0.01850	0.01973	0.01580	0.02097	0.02072	0.01283	0.48149	0.23832	0.04019	0.02079	0.02004	0.01510	0.00889	0.00716	0.00222	0.00715	0.00692	0.00716	0.01185
15	0.02347	0.01035	0.01388	0.01166	0.01572	0.00915	0.00955	0.02633	0.01949	0.44214	0.15366	0.04040	0.08082	0.01202	0.00784	0.00237	0.00546	0.09759	0.00817	0.00993
16	0.03195	0.01212	0.01652	0.01267	0.01818	0.01047	0.01047	0.03470	0.02038	0.71026	0.02809	0.02424	0.01763	0.00881	0.00716	0.00220	0.00606	0.00716	0.00881	0.01212
17	0.01036	0.00690	0.00777	0.00777	0.00777	0.00690	0.00431	0.01036	0.01036	0.01381	0.02244	0.04660	0.02589	0.74975	0.03624	0.00690	0.00690	0.01036	0.00431	0.00431
18	0.00876	0.00626	0.00833	0.00986	0.01035	0.00584	0.00662	0.01012	0.01401	0.01877	0.07735	0.70530	0.04825	0.02186	0.00905	0.00285	0.00409	0.01982	0.00668	0.00584
19	0.00868	0.00620	0.00826	0.00991	0.01033	0.00578	0.00661	0.00991	0.01363	0.01818	0.03925	0.74510	0.04710	0.02231	0.00909	0.00289	0.00413	0.02024	0.00661	0.00578
20	0.01477	0.01266	0.01477	0.01055	0.01687	0.00949	0.00844	0.01793	0.01477	0.02320	0.01266	0.01477	0.01055	0.00527	0.00527	0.00105	0.00527	0.00422	0.00422	0.79328
21	0.03130	0.01226	0.01651	0.01275	0.01819	0.01080	0.01050	0.03484	0.05098	0.67928	0.02813	0.02434	0.01781	0.00885	0.00716	0.00221	0.00604	0.00720	0.00874	0.01208
22	0.00842	0.00721	0.00721	0.00721	0.00962	0.00601	0.00541	0.01022	0.01623	0.01924	0.07213	0.06853	0.70244	0.01803	0.00842	0.00240	0.00361	0.01503	0.00661	0.00601
23	0.01428	0.03683	0.71286	0.02030	0.03082	0.01654	0.02631	0.02255	0.01503	0.02255	0.01278	0.01503	0.00902	0.00677	0.00677	0.00226	0.01052	0.00526	0.00301	0.01052
24	0.02199	0.01434	0.01623	0.01394	0.01841	0.01554	0.01103	0.03690	0.49066	0.23411	0.02871	0.02587	0.02050	0.00941	0.00722	0.00235	0.00576	0.00778	0.00772	0.01153
25	0.01008	0.00728	0.00952	0.00896	0.01064	0.00672	0.00672	0.01344	0.02016	0.02855	0.70158	0.05319	0.06719	0.01456	0.00840	0.00224	0.00336	0.01288	0.00784	0.00672
26	0.00887	0.00635	0.00844	0.00978	0.01037	0.00592	0.00663	0.01042	0.01456	0.01965	0.13340	0.64674	0.04995	0.02121	0.00899	0.00280	0.00402	0.01920	0.00678	0.00592
27	0.01762	0.01692	0.02890	0.04371	0.70533	0.01692	0.02185	0.02185	0.01621	0.02326	0.01339	0.01762	0.01128	0.00634	0.00705	0.00211	0.00846	0.00634	0.00352	0.01128
28	0.06729	0.01262	0.01651	0.01272	0.01819	0.01136	0.01051	0.06949	0.02072	0.64237	0.02665	0.02326	0.01686	0.00870	0.00703	0.00220	0.00613	0.00697	0.00852	0.01191
29	0.01899	0.01345	0.01732	0.01767	0.09410	0.01434	0.01321	0.17857	0.08213	0.10609	0.02666	0.04351	0.02468	0.01301	0.00908	0.00267	0.04692	0.26159	0.00649	0.00953

[dist]
# distance from previous block
# <min> <max>
0	2

[block]
# block no. 8 follows, 29 sequences, length 154
# corresponding to MSA columns:
# 623-776
name=unknown_I
#
# <colnr> <probs for GDERKNQSTAVLIFYWHMCP>
#	G	D	E	R	K	N	Q	S	T	A	V	L	I	F	Y	W	H	M	C	P
0	0.13230	0.04215	0.01996	0.05701	0.08451	0.01929	0.01321	0.40021	0.04573	0.03623	0.01722	0.06932	0.01400	0.00894	0.00679	0.00220	0.00732	0.00700	0.00602	0.01060
1	0.09410	0.02583	0.02170	0.02377	0.19651	0.38058	0.01526	0.11614	0.02027	0.02402	0.01236	0.01454	0.00999	0.00718	0.00650	0.00198	0.01037	0.00522	0.00417	0.00951
2	0.07880	0.01785	0.04461	0.04274	0.10760	0.03818	0.01383	0.24744	0.24264	0.03312	0.04648	0.02113	0.01671	0.00858	0.00697	0.00224	0.00714	0.00691	0.00615	0.01088
3	0.04734	0.01602	0.01587	0.06499	0.04591	0.14607	0.01114	0.10652	0.04602	0.13926	0.18756	0.03135	0.09110	0.01049	0.00733	0.00217	0.00699	0.00853	0.00636	0.00899
4	0.01601	0.01700	0.03181	0.02468	0.05329	0.01803	0.36936	0.02016	0.01466	0.02093	0.01349	0.04250	0.01159	0.00853	0.01280	0.00252	0.23760	0.00771	0.00360	0.07373
5	0.01371	0.01287	0.02167	0.63155	0.11791	0.01556	0.01950	0.01827	0.01443	0.01874	0.01374	0.04622	0.01110	0.00761	0.00719	0.00236	0.00918	0.00685	0.00333	0.00819
6	0.01216	0.00774	0.01019	0.00931	0.01136	0.00708	0.00708	0.01546	0.02018	0.09353	0.63739	0.05043	0.06246	0.01401	0.00828	0.00224	0.00362	0.01233	0.00793	0.00723
7	0.01680	0.01343	0.01556	0.01127	0.01750	0.01091	0.00908	0.09117	0.01704	0.05316	0.01376	0.01540	0.01100	0.00577	0.00555	0.00122	0.00559	0.00458	0.00472	0.67650
8	0.01530	0.01297	0.01505	0.01080	0.01710	0.01004	0.00866	0.04661	0.01557	0.02414	0.01285	0.01487	0.01061	0.00541	0.00535	0.00110	0.00538	0.00431	0.00434	0.75952
9	0.00858	0.00722	0.00745	0.00739	0.00972	0.00608	0.00554	0.01054	0.01663	0.02018	0.13570	0.06698	0.63829	0.01768	0.00841	0.00239	0.00358	0.01481	0.00674	0.00608
10	0.01149	0.11770	0.01376	0.01021	0.01177	0.01080	0.00775	0.01319	0.01195	0.01636	0.02089	0.10546	0.02181	0.23191	0.32741	0.00748	0.01191	0.00909	0.03290	0.00616
11	0.01295	0.00793	0.01037	0.00939	0.01161	0.00720	0.00717	0.01617	0.02004	0.11981	0.58701	0.04989	0.08481	0.01392	0.00823	0.00224	0.00373	0.01219	0.00792	0.00742
12	0.00868	0.00620	0.00826	0.00991	0.01033	0.00578	0.00661	0.00991	0.01363	0.01818	0.03925	0.74510	0.04710	0.02231	0.00909	0.00289	0.00413	0.02024	0.00661	0.00578
13	0.00842	0.00721	0.00721	0.00721	0.00962	0.00601	0.00541	0.01022	0.01623	0.01924	0.07213	0.06853	0.70244	0.01803	0.00842	0.00240	0.00361	0.01503	0.00661	0.00601
14	0.00872	0.00628	0.00826	0.00976	0.01031	0.00583	0.00656	0.01006	0.01398	0.01860	0.06492	0.69052	0.07616	0.02184	0.00903	0.00285	0.00408	0.01975	0.00666	0.00583
15	0.01327	0.00664	0.00664	0.00664	0.00830	0.00664	0.00498	0.01659	0.01493	0.02655	0.02323	0.02655	0.01825	0.00830	0.00498	0.00166	0.00332	0.00664	0.78928	0.00664
16	0.01477	0.01266	0.01477	0.01055	0.01687	0.00949	0.00844	0.01793	0.01477	0.02320	0.01266	0.01477	0.01055	0.00527	0.00527	0.00105	0.00527	0.00422	0.00422	0.79328
17	0.01771	0.01530	0.01610	0.01449	0.01852	0.01771	0.01127	0.03784	0.69247	0.02979	0.02898	0.02657	0.02174	0.00966	0.00725	0.00242	0.00564	0.00805	0.00725	0.01127
18	0.01345	0.01266	0.02136	0.73264	0.04904	0.01582	0.01978	0.01819	0.01424	0.01819	0.01266	0.01898	0.00949	0.00712	0.00712	0.00237	0.00949	0.00633	0.00316	0.00791
19	0.01428	0.03683	0.71286	0.02030	0.03082	0.01654	0.02631	0.02255	0.01503	0.02255	0.01278	0.01503	0.00902	0.00677	0.00677	0.00226	0.01052	0.00526	0.00301	0.01052
