[name]
unknown

[dist]
# distance from previous block
# <min> <max>
20	75

[block]
# block no. 0 follows, 26 sequences, length 21
# corresponding to MSA columns:
# 120-140
name=unknown_A
#
# <colnr> <probs for GDERKNQSTAVLIFYWHMCP>
#	G	D	E	R	K	N	Q	S	T	A	V	L	I	F	Y	W	H	M	C	P
0	0.02015	0.04869	0.04719	0.02279	0.10717	0.01768	0.17117	0.15387	0.02057	0.05741	0.01628	0.03950	0.01306	0.00783	0.00823	0.00213	0.04319	0.00711	0.00502	0.19097
1	0.01927	0.06708	0.01828	0.01468	0.01817	0.15362	0.03016	0.02504	0.13855	0.08299	0.06366	0.13538	0.02467	0.06488	0.01080	0.00271	0.04612	0.00956	0.00589	0.06851
2	0.01910	0.06334	0.03943	0.01435	0.01962	0.01702	0.01201	0.17386	0.12602	0.02986	0.02131	0.04610	0.05089	0.00933	0.00842	0.00204	0.06859	0.00711	0.00575	0.26586
3	0.03887	0.01392	0.01675	0.01438	0.01856	0.01451	0.04867	0.05408	0.31307	0.07129	0.05323	0.11864	0.05306	0.01210	0.00845	0.02563	0.00611	0.00998	0.00690	0.10179
4	0.01794	0.02802	0.30937	0.05813	0.10646	0.06359	0.11117	0.07937	0.04350	0.02554	0.01741	0.02012	0.03976	0.00814	0.00832	0.00242	0.03897	0.00692	0.00413	0.01073
5	0.01634	0.01384	0.01570	0.01185	0.01794	0.01168	0.00943	0.05583	0.10038	0.02655	0.02055	0.02162	0.06167	0.00739	0.00623	0.00147	0.00568	0.00598	0.00526	0.58461
6	0.00924	0.00660	0.00880	0.01056	0.01100	0.00616	0.00704	0.01056	0.01452	0.01936	0.04181	0.72848	0.05017	0.02376	0.00968	0.00308	0.00440	0.02156	0.00704	0.00616
7	0.02109	0.01611	0.01755	0.01509	0.01952	0.01794	0.01190	0.18099	0.40054	0.07769	0.08143	0.05837	0.02560	0.01096	0.00787	0.00250	0.00631	0.00909	0.00782	0.01162
8	0.04664	0.06566	0.06084	0.06225	0.36662	0.01890	0.15328	0.05752	0.01791	0.02556	0.01424	0.01824	0.01146	0.00681	0.00745	0.00225	0.00958	0.00680	0.00397	0.04401
9	0.02225	0.01699	0.01970	0.01512	0.02104	0.01689	0.03518	0.29934	0.08374	0.06420	0.01925	0.05307	0.01525	0.00862	0.00707	0.00195	0.00707	0.00700	0.00644	0.27983
10	0.01919	0.11058	0.14991	0.02570	0.03323	0.04976	0.37815	0.02490	0.01743	0.06633	0.01504	0.01860	0.01131	0.00708	0.00862	0.00241	0.03996	0.00744	0.00400	0.01037
11	0.00917	0.00686	0.00853	0.00986	0.01082	0.00622	0.00673	0.01064	0.01519	0.01964	0.05032	0.56927	0.20388	0.02266	0.00951	0.00295	0.00426	0.02021	0.00704	0.00622
12	0.01888	0.02165	0.10351	0.06804	0.45117	0.07160	0.06363	0.02485	0.05753	0.02437	0.01505	0.01882	0.01214	0.00712	0.00753	0.00230	0.00973	0.00674	0.00394	0.01140
13	0.02614	0.05070	0.02026	0.01622	0.02107	0.16210	0.01295	0.14328	0.22535	0.18615	0.02297	0.02188	0.01659	0.00928	0.00788	0.00232	0.02935	0.00703	0.00697	0.01149
14	0.00922	0.00667	0.00873	0.01039	0.01096	0.00618	0.00696	0.01058	0.01469	0.01943	0.04395	0.68834	0.08893	0.02348	0.00964	0.00305	0.00437	0.02122	0.00704	0.00618
15	0.01038	0.00769	0.00968	0.00928	0.01114	0.00699	0.00692	0.01359	0.02048	0.02831	0.55488	0.08781	0.17180	0.01647	0.00898	0.00244	0.00366	0.01443	0.00808	0.00699
16	0.00946	0.00674	0.00869	0.01016	0.01062	0.00632	0.00668	0.01063	0.01418	0.01881	0.04084	0.61594	0.07153	0.11496	0.01338	0.00361	0.00476	0.01999	0.00673	0.00597
17	0.05701	0.02223	0.02270	0.05908	0.10157	0.13816	0.01541	0.37968	0.02821	0.07741	0.01679	0.01784	0.01228	0.00846	0.00734	0.00224	0.00922	0.00642	0.00627	0.01166
18	0.01839	0.02040	0.03163	0.08947	0.03158	0.12277	0.30454	0.02243	0.01623	0.02089	0.01388	0.02038	0.01179	0.05562	0.01427	0.00296	0.18233	0.00771	0.00373	0.00901
19	0.01085	0.00805	0.01181	0.01181	0.01304	0.00928	0.00901	0.01330	0.01208	0.01733	0.02066	0.03172	0.01980	0.12228	0.63912	0.01172	0.01906	0.00841	0.00411	0.00656
20	0.02433	0.02051	0.02201	0.06426	0.05262	0.10924	0.01515	0.27574	0.10216	0.07849	0.01771	0.01921	0.01337	0.00966	0.01066	0.00248	0.13847	0.00680	0.00603	0.01109

[dist]
# distance from previous block
# <min> <max>
0	1

[block]
# block no. 1 follows, 26 sequences, length 29
# corresponding to MSA columns:
# 142-170
name=unknown_B
#
# <colnr> <probs for GDERKNQSTAVLIFYWHMCP>
#	G	D	E	R	K	N	Q	S	T	A	V	L	I	F	Y	W	H	M	C	P
0	0.01941	0.02057	0.02279	0.10218	0.02467	0.16548	0.01661	0.05321	0.01532	0.01994	0.01116	0.01649	0.01008	0.01124	0.01817	0.00289	0.45118	0.00629	0.00366	0.00865
1	0.73344	0.01454	0.01161	0.01023	0.01500	0.01660	0.00842	0.02334	0.01353	0.08079	0.01194	0.01328	0.00897	0.00721	0.00490	0.00235	0.00591	0.00436	0.00503	0.00855
2	0.01979	0.01948	0.02772	0.03893	0.51551	0.09112	0.02064	0.04922	0.05728	0.02506	0.01545	0.01934	0.01283	0.00973	0.04294	0.00275	0.00988	0.00674	0.00417	0.01144
3	0.01103	0.00735	0.00827	0.00827	0.00827	0.00735	0.00460	0.01103	0.01103	0.01471	0.02390	0.04964	0.02758	0.73343	0.03861	0.00735	0.00735	0.01103	0.00460	0.00460
4	0.01885	0.01516	0.01780	0.01527	0.01839	0.01769	0.01216	0.20418	0.17915	0.03071	0.08308	0.02774	0.02225	0.06443	0.11546	0.00433	0.12884	0.00833	0.00626	0.00993
5	0.10562	0.06216	0.02143	0.01795	0.02239	0.49818	0.01389	0.12697	0.02255	0.02465	0.01256	0.01418	0.01010	0.00788	0.00665	0.00203	0.01181	0.00507	0.00453	0.00941
6	0.00924	0.00660	0.00880	0.01056	0.01100	0.00616	0.00704	0.01056	0.01452	0.01936	0.04181	0.72848	0.05017	0.02376	0.00968	0.00308	0.00440	0.02156	0.00704	0.00616
7	0.01110	0.00754	0.00919	0.00963	0.01125	0.00675	0.00683	0.01294	0.01660	0.06635	0.13189	0.36228	0.24716	0.05119	0.01048	0.00297	0.00439	0.01744	0.00726	0.00675
8	0.01790	0.01907	0.03804	0.08246	0.24797	0.01879	0.38914	0.02343	0.01730	0.02392	0.01469	0.01977	0.01152	0.00683	0.00894	0.00248	0.03536	0.00802	0.00376	0.01062
9	0.02674	0.06206	0.02298	0.02055	0.05833	0.53412	0.01515	0.08276	0.02156	0.02135	0.01225	0.01447	0.01017	0.00818	0.00808	0.00208	0.06047	0.00524	0.00415	0.00932
10	0.01403	0.00851	0.01104	0.00998	0.01243	0.00769	0.00763	0.01738	0.02117	0.12727	0.53677	0.05342	0.11326	0.01490	0.00875	0.00239	0.00402	0.01300	0.00840	0.00795
11	0.01029	0.00766	0.00957	0.00925	0.01110	0.00694	0.00688	0.01339	0.02019	0.02773	0.52084	0.10528	0.18930	0.01679	0.00900	0.00247	0.00369	0.01469	0.00801	0.00694
12	0.03267	0.01509	0.01896	0.01453	0.02045	0.01439	0.01201	0.20054	0.02537	0.52263	0.02685	0.02382	0.01724	0.00931	0.00762	0.00233	0.00695	0.00742	0.00892	0.01291
13	0.01811	0.01323	0.01512	0.01368	0.01667	0.01402	0.01038	0.30480	0.02409	0.03223	0.03113	0.40709	0.03330	0.01713	0.00873	0.00272	0.00619	0.01490	0.00729	0.00921
14	0.01573	0.01348	0.01573	0.01123	0.01798	0.01011	0.00899	0.01910	0.01573	0.02472	0.01348	0.01573	0.01123	0.00562	0.00562	0.00112	0.00562	0.00449	0.00449	0.77980
15	0.02611	0.01859	0.02020	0.01589	0.02134	0.02019	0.01295	0.48372	0.08342	0.07983	0.02104	0.04749	0.01586	0.00963	0.00746	0.00226	0.00748	0.00751	0.05665	0.04239
16	0.01072	0.00762	0.00970	0.00934	0.01071	0.00715	0.00664	0.01347	0.01905	0.02674	0.51908	0.08902	0.06175	0.15865	0.01488	0.00341	0.00437	0.01358	0.00754	0.00660
17	0.00921	0.00673	0.00867	0.01022	0.01091	0.00619	0.00689	0.01060	0.01485	0.01949	0.04590	0.65182	0.12418	0.02323	0.00960	0.00302	0.00434	0.02091	0.00704	0.00619
18	0.00963	0.00682	0.00863	0.00990	0.01035	0.00644	0.00643	0.01068	0.01388	0.01837	0.03956	0.54288	0.07718	0.18283	0.01614	0.00401	0.00504	0.01892	0.00649	0.00582
19	0.02304	0.01552	0.01742	0.01495	0.01962	0.01689	0.01181	0.09202	0.43288	0.19334	0.02998	0.05439	0.02226	0.01050	0.00776	0.00251	0.00625	0.00870	0.00809	0.01207
20	0.03375	0.01335	0.01788	0.01371	0.01958	0.01181	0.01132	0.07018	0.02245	0.65710	0.02930	0.02541	0.01846	0.00937	0.00763	0.00234	0.00656	0.00759	0.00929	0.01291
21	0.01776	0.01029	0.01083	0.00955	0.01245	0.01057	0.00748	0.14870	0.02031	0.06530	0.02739	0.02929	0.06529	0.00966	0.00614	0.00196	0.00468	0.00768	0.52618	0.00850
22	0.01627	0.01893	0.08738	0.10069	0.03047	0.01987	0.22277	0.02042	0.01455	0.02087	0.01401	0.05449	0.01249	0.01045	0.01557	0.00290	0.31708	0.00806	0.00367	0.00907
23	0.02833	0.03615	0.02149	0.01954	0.02345	0.70298	0.01466	0.03029	0.02149	0.01856	0.01172	0.01368	0.00977	0.00782	0.00684	0.00195	0.01368	0.00489	0.00391	0.00879
24	0.00921	0.00673	0.00867	0.01022	0.01091	0.00619	0.00689	0.01060	0.01485	0.01949	0.04590	0.65182	0.12418	0.02323	0.00960	0.00302	0.00434	0.02091	0.00704	0.00619
25	0.02105	0.01559	0.01989	0.05562	0.15275	0.01643	0.01396	0.19946	0.12134	0.10236	0.08291	0.03020	0.07581	0.04710	0.00941	0.00263	0.00718	0.00873	0.00669	0.01091
26	0.02171	0.01813	0.01864	0.01537	0.02006	0.12540	0.03131	0.10081	0.11815	0.11623	0.02116	0.08863	0.01772	0.00989	0.00840	0.00215	0.05445	0.00781	0.00606	0.19793
27	0.05069	0.01707	0.01857	0.08742	0.02288	0.07931	0.01275	0.11674	0.10442	0.09572	0.02070	0.02191	0.04755	0.00906	0.00883	0.00217	0.08116	0.00674	0.00571	0.19060
28	0.05193	0.07314	0.02091	0.06696	0.02277	0.09997	0.03017	0.09346	0.05528	0.12442	0.01669	0.01803	0.01263	0.00775	0.00752	0.00195	0.04418	0.00583	0.00540	0.24100

[dist]
# distance from previous block
# <min> <max>
2	20

[block]
# block no. 2 follows, 26 sequences, length 28
# corresponding to MSA columns:
# 191-218
name=unknown_C
#
# <colnr> <probs for GDERKNQSTAVLIFYWHMCP>
#	G	D	E	R	K	N	Q	S	T	A	V	L	I	F	Y	W	H	M	C	P
0	0.01991	0.01437	0.01718	0.05165	0.01948	0.01574	0.01178	0.26553	0.02473	0.07705	0.18439	0.06191	0.06766	0.01366	0.03106	0.00276	0.07341	0.00974	0.02817	0.00982
1	0.01649	0.01230	0.01427	0.01202	0.01555	0.01228	0.00943	0.20920	0.02468	0.03409	0.35825	0.07096	0.08161	0.01322	0.00826	0.00227	0.00526	0.01124	0.00763	0.08099
2	0.02558	0.05122	0.02311	0.01755	0.02318	0.05630	0.04976	0.39261	0.18780	0.06255	0.02089	0.02058	0.01523	0.00907	0.00754	0.00232	0.00822	0.00718	0.00710	0.01219
3	0.06128	0.01838	0.02202	0.14785	0.14797	0.11778	0.01654	0.02253	0.05620	0.02206	0.01442	0.04279	0.01260	0.00938	0.01142	0.00247	0.18224	0.00673	0.00408	0.08126
4	0.01364	0.01165	0.01650	0.21547	0.02418	0.01444	0.01267	0.01570	0.01259	0.01760	0.01710	0.03118	0.01736	0.29570	0.02448	0.00462	0.20332	0.00842	0.03655	0.00682
5	0.01107	0.00731	0.00825	0.00833	0.00842	0.00729	0.00474	0.01127	0.01139	0.01546	0.02478	0.08086	0.02832	0.67129	0.03592	0.00693	0.00706	0.01137	0.03516	0.00477
6	0.02740	0.08872	0.02390	0.01695	0.02289	0.08700	0.01406	0.51379	0.03156	0.04125	0.01668	0.01712	0.01224	0.00858	0.00718	0.00213	0.00870	0.00628	0.00670	0.04685
7	0.00927	0.00725	0.00840	0.00905	0.01067	0.00639	0.00643	0.01112	0.01662	0.02110	0.12779	0.33700	0.36062	0.02066	0.00925	0.00275	0.00404	0.01801	0.00718	0.00639
8	0.01808	0.07576	0.23063	0.02139	0.02849	0.01811	0.19373	0.04450	0.08800	0.07358	0.01883	0.06360	0.01517	0.01024	0.02865	0.00277	0.04522	0.00803	0.00472	0.01051
9	0.01751	0.09270	0.37013	0.02179	0.03057	0.01922	0.15625	0.08396	0.05521	0.02646	0.04342	0.01922	0.01371	0.00767	0.00750	0.00236	0.01039	0.00680	0.00422	0.01090
10	0.01104	0.00804	0.01071	0.01227	0.01348	0.00796	0.00951	0.01441	0.05263	0.02147	0.04050	0.41762	0.04590	0.02182	0.00991	0.00323	0.00558	0.28002	0.00706	0.00684
11	0.33278	0.01611	0.01615	0.01312	0.01821	0.01756	0.01076	0.25188	0.02313	0.13532	0.07889	0.02055	0.01736	0.00891	0.00656	0.00233	0.00663	0.00650	0.00676	0.01048
12	0.01501	0.01536	0.06162	0.32679	0.03560	0.01637	0.10436	0.04338	0.01515	0.02043	0.01550	0.02477	0.01361	0.13094	0.04178	0.00379	0.09569	0.00774	0.00381	0.00829
13	0.01596	0.03307	0.48905	0.02398	0.03352	0.01840	0.17865	0.02367	0.01615	0.02367	0.01376	0.01712	0.01009	0.00746	0.00892	0.00251	0.06342	0.00648	0.00336	0.01076
14	0.00926	0.00695	0.00860	0.00977	0.01083	0.00628	0.00673	0.01087	0.01565	0.02033	0.09000	0.52150	0.21147	0.02211	0.00946	0.00291	0.00421	0.01968	0.00712	0.00628
15	0.04647	0.01393	0.01739	0.19373	0.02593	0.01559	0.01299	0.19329	0.06123	0.07755	0.02149	0.02662	0.03582	0.09466	0.06015	0.00361	0.00861	0.00774	0.07376	0.00944
16	0.01674	0.09081	0.35560	0.05205	0.02993	0.01944	0.09556	0.02661	0.14623	0.02448	0.01674	0.01886	0.01257	0.00806	0.00842	0.00245	0.05389	0.00656	0.00419	0.01082
17	0.11216	0.03265	0.02091	0.02014	0.06318	0.58458	0.01447	0.02897	0.02028	0.02067	0.01175	0.01384	0.00974	0.00767	0.00664	0.00202	0.01252	0.00491	0.00399	0.00893
18	0.01641	0.01763	0.07055	0.39872	0.11976	0.01790	0.17538	0.05027	0.01705	0.02276	0.01424	0.01976	0.01076	0.00725	0.00788	0.00248	0.01062	0.00721	0.00371	0.00965
19	0.01103	0.00735	0.00827	0.00827	0.00827	0.00735	0.00460	0.01103	0.01103	0.01471	0.02390	0.04964	0.02758	0.73343	0.03861	0.00735	0.00735	0.01103	0.00460	0.00460
20	0.02157	0.62513	0.03681	0.01403	0.02011	0.13823	0.01325	0.02393	0.01639	0.01796	0.01073	0.01241	0.00974	0.00670	0.00518	0.00168	0.00901	0.00419	0.00335	0.00958
21	0.01034	0.00799	0.00943	0.00898	0.01116	0.00702	0.00662	0.01298	0.01861	0.02498	0.34994	0.10076	0.27975	0.05802	0.01050	0.00270	0.00407	0.01428	0.00735	0.05451
22	0.09038	0.06446	0.21660	0.08217	0.20781	0.01791	0.03949	0.06195	0.01787	0.10828	0.01566	0.01802	0.01157	0.00741	0.00708	0.00231	0.00915	0.00621	0.00454	0.01112
23	0.06363	0.10455	0.02201	0.01495	0.02064	0.01960	0.01257	0.34442	0.02748	0.20906	0.06854	0.02199	0.01811	0.00923	0.00723	0.00223	0.00736	0.00708	0.00745	0.01188
24	0.01651	0.01110	0.01056	0.00975	0.01187	0.06251	0.00746	0.07364	0.01758	0.02807	0.02225	0.02641	0.01787	0.03709	0.00811	0.00214	0.04885	0.00701	0.57354	0.00768
25	0.07202	0.00950	0.00943	0.00867	0.01128	0.00983	0.00673	0.09933	0.01835	0.03037	0.02833	0.03051	0.08731	0.00983	0.00593	0.00196	0.00435	0.00776	0.54067	0.00783
26	0.01335	0.00814	0.01033	0.00966	0.01128	0.00761	0.00682	0.01564	0.01793	0.09900	0.37259	0.08973	0.05108	0.23309	0.01784	0.00393	0.00509	0.01267	0.00725	0.00697
27	0.01762	0.03754	0.05507	0.13080	0.13874	0.01643	0.01533	0.07031	0.19888	0.04676	0.02711	0.02800	0.09895	0.00958	0.00751	0.00232	0.00737	0.00811	0.00566	0.07791

[dist]
# distance from previous block
# <min> <max>
2	11

[block]
# block no. 3 follows, 26 sequences, length 66
# corresponding to MSA columns:
# 230-295
name=unknown_D
#
# <colnr> <probs for GDERKNQSTAVLIFYWHMCP>
#	G	D	E	R	K	N	Q	S	T	A	V	L	I	F	Y	W	H	M	C	P
0	0.01750	0.05511	0.34574	0.02572	0.19036	0.01803	0.02234	0.09476	0.04880	0.02668	0.01859	0.04561	0.04036	0.00852	0.00742	0.00236	0.00944	0.00711	0.00434	0.01120
1	0.02135	0.01620	0.01789	0.01390	0.01907	0.01628	0.01100	0.33976	0.02501	0.03464	0.01857	0.05243	0.01609	0.11270	0.01152	0.00268	0.00718	0.00734	0.00617	0.25022
2	0.00924	0.00660	0.00880	0.01056	0.01100	0.00616	0.00704	0.01056	0.01452	0.01936	0.04181	0.72848	0.05017	0.02376	0.00968	0.00308	0.00440	0.02156	0.00704	0.00616
3	0.01144	0.00785	0.01007	0.00959	0.01143	0.00719	0.00710	0.01454	0.02020	0.05531	0.52985	0.11061	0.11647	0.04238	0.01003	0.00264	0.00392	0.01419	0.00804	0.00716
4	0.00931	0.00663	0.00878	0.01047	0.01090	0.00621	0.00695	0.01058	0.01439	0.01919	0.04112	0.70257	0.04930	0.05085	0.01079	0.00324	0.00451	0.02116	0.00695	0.00610
5	0.01573	0.01348	0.01573	0.01123	0.01798	0.01011	0.00899	0.01910	0.01573	0.02472	0.01348	0.01573	0.01123	0.00562	0.00562	0.00112	0.00562	0.00449	0.00449	0.77980
6	0.06635	0.06850	0.02167	0.01855	0.02265	0.60564	0.01413	0.02994	0.04869	0.01988	0.01243	0.01416	0.01026	0.00782	0.00667	0.00198	0.01268	0.00496	0.00408	0.00895
7	0.00924	0.00660	0.00880	0.01056	0.01100	0.00616	0.00704	0.01056	0.01452	0.01936	0.04181	0.72848	0.05017	0.02376	0.00968	0.00308	0.00440	0.02156	0.00704	0.00616
8	0.01855	0.01772	0.02985	0.07955	0.62775	0.01800	0.02273	0.02374	0.04266	0.02477	0.01487	0.01922	0.01235	0.00694	0.00752	0.00228	0.00895	0.00683	0.00389	0.01183
9	0.00924	0.00660	0.00880	0.01056	0.01100	0.00616	0.00704	0.01056	0.01452	0.01936	0.04181	0.72848	0.05017	0.02376	0.00968	0.00308	0.00440	0.02156	0.00704	0.00616
10	0.01877	0.01802	0.03079	0.04656	0.68612	0.01802	0.02328	0.02328	0.01727	0.02478	0.01427	0.01877	0.01201	0.00676	0.00751	0.00225	0.00901	0.00676	0.00375	0.01201
11	0.01151	0.00794	0.01031	0.00961	0.01158	0.00727	0.00725	0.01500	0.02132	0.05407	0.63484	0.05617	0.09345	0.01543	0.00890	0.00239	0.00369	0.01359	0.00834	0.00734
12	0.01000	0.00713	0.00930	0.00995	0.01090	0.00667	0.00688	0.01213	0.01705	0.02346	0.30045	0.39776	0.05694	0.08078	0.01184	0.00316	0.00432	0.01748	0.00736	0.00643
13	0.00912	0.00764	0.00793	0.00796	0.01037	0.00645	0.00593	0.01114	0.01749	0.02123	0.12325	0.10196	0.60531	0.01913	0.00900	0.00257	0.00385	0.01608	0.00715	0.00645
14	0.01521	0.03923	0.69413	0.02162	0.03283	0.01762	0.02802	0.02402	0.01601	0.02402	0.01361	0.01601	0.00961	0.00721	0.00721	0.00240	0.01121	0.00560	0.00320	0.01121
15	0.03382	0.01325	0.01781	0.01366	0.01953	0.01166	0.01128	0.06261	0.02228	0.66491	0.02944	0.02550	0.01853	0.00938	0.00763	0.00234	0.00653	0.00759	0.00931	0.01291
16	0.00919	0.00757	0.00809	0.00823	0.01045	0.00646	0.00607	0.01123	0.01743	0.02146	0.14009	0.14740	0.54143	0.01933	0.00905	0.00260	0.00388	0.01640	0.00719	0.00646
17	0.01432	0.01348	0.02275	0.71520	0.05224	0.01685	0.02107	0.01938	0.01517	0.01938	0.01348	0.02022	0.01011	0.00758	0.00758	0.00253	0.01011	0.00674	0.00337	0.00843
18	0.01152	0.00846	0.01125	0.01249	0.01438	0.00819	0.01065	0.01475	0.01777	0.02297	0.10123	0.08089	0.15863	0.02018	0.01008	0.00323	0.00614	0.47318	0.00711	0.00690
19	0.01067	0.00775	0.01005	0.00947	0.01129	0.00713	0.00710	0.01418	0.02131	0.03004	0.65931	0.05727	0.09461	0.01565	0.00895	0.00239	0.00359	0.01380	0.00830	0.00713
20	0.00924	0.00660	0.00880	0.01056	0.01100	0.00616	0.00704	0.01056	0.01452	0.01936	0.04181	0.72848	0.05017	0.02376	0.00968	0.00308	0.00440	0.02156	0.00704	0.00616
21	0.07042	0.08300	0.60295	0.02023	0.03067	0.01838	0.02564	0.02381	0.01575	0.02433	0.01320	0.01550	0.00952	0.00715	0.00688	0.00235	0.01063	0.00540	0.00331	0.01090
22	0.01298	0.00885	0.01001	0.00943	0.01200	0.00814	0.00714	0.06047	0.01933	0.07133	0.18383	0.13138	0.33403	0.01662	0.00852	0.00248	0.00433	0.01411	0.07753	0.00750
23	0.01014	0.00773	0.00932	0.00892	0.01097	0.00690	0.00669	0.01317	0.02007	0.02710	0.47974	0.06212	0.27601	0.01674	0.00895	0.00244	0.00367	0.01448	0.00791	0.00690
24	0.01084	0.00813	0.01219	0.01219	0.01354	0.00948	0.00948	0.01354	0.01219	0.01761	0.02032	0.02980	0.01896	0.05689	0.70337	0.01219	0.02032	0.00813	0.00406	0.00677
25	0.02108	0.66851	0.03794	0.01363	0.01986	0.09664	0.01314	0.02346	0.01601	0.01792	0.01066	0.01232	0.00974	0.00662	0.00506	0.00166	0.00866	0.00414	0.00331	0.00964
26	0.06798	0.38196	0.32719	0.01660	0.02506	0.02369	0.01932	0.02326	0.01552	0.02163	0.01190	0.01388	0.00958	0.00684	0.00589	0.00201	0.00934	0.00474	0.00332	0.01029
27	0.06497	0.01389	0.02258	0.62066	0.09587	0.01695	0.02039	0.01985	0.01517	0.02073	0.01335	0.01960	0.01013	0.00749	0.00739	0.00250	0.00975	0.00657	0.00348	0.00867
28	0.01096	0.00732	0.00829	0.00837	0.00839	0.00730	0.00470	0.01101	0.01117	0.01490	0.02464	0.07758	0.02851	0.70422	0.03742	0.00718	0.00723	0.01146	0.00470	0.00466
29	0.01746	0.00957	0.01258	0.01102	0.01400	0.00879	0.00865	0.04107	0.02182	0.20316	0.46344	0.04859	0.05473	0.01393	0.00862	0.00242	0.00463	0.03815	0.00854	0.00884
30	0.01887	0.01629	0.01715	0.01544	0.01972	0.01887	0.01201	0.04031	0.67241	0.03173	0.03087	0.02830	0.02315	0.01029	0.00772	0.00257	0.00600	0.00858	0.00772	0.01201
31	0.01103	0.00735	0.00827	0.00827	0.00827	0.00735	0.00460	0.01103	0.01103	0.01471	0.02390	0.04964	0.02758	0.73343	0.03861	0.00735	0.00735	0.01103	0.00460	0.00460
32	0.02258	0.01423	0.01553	0.01264	0.01679	0.01509	0.01019	0.31783	0.02598	0.09870	0.06500	0.02523	0.01974	0.00945	0.00682	0.00210	0.00604	0.00744	0.29830	0.01032
33	0.01084	0.00813	0.01219	0.01219	0.01354	0.00948	0.00948	0.01354	0.01219	0.01761	0.02032	0.02980	0.01896	0.05689	0.70337	0.01219	0.02032	0.00813	0.00406	0.00677
34	0.78701	0.01467	0.01115	0.00997	0.01467	0.01702	0.00821	0.02230	0.01291	0.03403	0.01056	0.01232	0.00821	0.00704	0.00469	0.00235	0.00587	0.00411	0.00469	0.00821
35	0.78701	0.01467	0.01115	0.00997	0.01467	0.01702	0.00821	0.02230	0.01291	0.03403	0.01056	0.01232	0.00821	0.00704	0.00469	0.00235	0.00587	0.00411	0.00469	0.00821
36	0.01432	0.01348	0.02275	0.71520	0.05224	0.01685	0.02107	0.01938	0.01517	0.01938	0.01348	0.02022	0.01011	0.00758	0.00758	0.00253	0.01011	0.00674	0.00337	0.00843
37	0.01279	0.05590	0.01264	0.01015	0.01248	0.00933	0.00783	0.01689	0.04821	0.05961	0.55736	0.05089	0.06150	0.03994	0.00962	0.00252	0.00424	0.01249	0.00791	0.00770
38	0.46616	0.05339	0.01629	0.01374	0.01821	0.27838	0.01086	0.02535	0.01628	0.02747	0.01100	0.01283	0.00887	0.00731	0.00552	0.00217	0.00893	0.00440	0.00433	0.00850
39	0.01182	0.00845	0.01175	0.01337	0.01498	0.00837	0.01140	0.01509	0.01735	0.02273	0.07318	0.15354	0.04578	0.02098	0.01031	0.00339	0.00653	0.53699	0.00706	0.00690
40	0.78701	0.01467	0.01115	0.00997	0.01467	0.01702	0.00821	0.02230	0.01291	0.03403	0.01056	0.01232	0.00821	0.00704	0.00469	0.00235	0.00587	0.00411	0.00469	0.00821
41	0.01432	0.01348	0.02275	0.71520	0.05224	0.01685	0.02107	0.01938	0.01517	0.01938	0.01348	0.02022	0.01011	0.00758	0.00758	0.00253	0.01011	0.00674	0.00337	0.00843
42	0.01659	0.01659	0.02323	0.01991	0.01991	0.02323	0.01659	0.01825	0.01162	0.01825	0.00996	0.01659	0.00996	0.01328	0.02489	0.00332	0.71955	0.00664	0.00332	0.00830
43	0.01887	0.01629	0.01715	0.01544	0.01972	0.01887	0.01201	0.04031	0.67241	0.03173	0.03087	0.02830	0.02315	0.01029	0.00772	0.00257	0.00600	0.00858	0.00772	0.01201
44	0.03403	0.01291	0.01760	0.01350	0.01936	0.01115	0.01115	0.03697	0.02171	0.69137	0.02992	0.02582	0.01878	0.00939	0.00763	0.00235	0.00645	0.00763	0.00939	0.01291
45	0.00940	0.00764	0.00824	0.00820	0.01043	0.00657	0.00606	0.01156	0.01779	0.02222	0.19393	0.09713	0.51221	0.04267	0.00999	0.00271	0.00393	0.01562	0.00722	0.00648
46	0.01432	0.01348	0.02275	0.71520	0.05224	0.01685	0.02107	0.01938	0.01517	0.01938	0.01348	0.02022	0.01011	0.00758	0.00758	0.00253	0.01011	0.00674	0.00337	0.00843
47	0.01084	0.00813	0.01219	0.01219	0.01354	0.00948	0.00948	0.01354	0.01219	0.01761	0.02032	0.02980	0.01896	0.05689	0.70337	0.01219	0.02032	0.00813	0.00406	0.00677
48	0.00924	0.00660	0.00880	0.01056	0.01100	0.00616	0.00704	0.01056	0.01452	0.01936	0.04181	0.72848	0.05017	0.02376	0.00968	0.00308	0.00440	0.02156	0.00704	0.00616
49	0.01856	0.01780	0.03039	0.07924	0.65513	0.01796	0.02317	0.02309	0.01717	0.02452	0.01423	0.01884	0.01192	0.00680	0.00751	0.00227	0.00906	0.00676	0.00374	0.01184
50	0.02833	0.03371	0.02166	0.02005	0.04551	0.61537	0.01476	0.05749	0.02197	0.05445	0.01302	0.01467	0.01044	0.00792	0.00693	0.00200	0.01292	0.00517	0.00434	0.00929
51	0.02609	0.02052	0.02094	0.01681	0.02205	0.07093	0.01359	0.49936	0.08545	0.04148	0.02040	0.06537	0.01616	0.01166	0.03095	0.00266	0.00868	0.00784	0.00718	0.01188
52	0.01074	0.00775	0.01014	0.00954	0.01133	0.00716	0.00716	0.01431	0.02147	0.03042	0.68211	0.05666	0.07157	0.01551	0.00895	0.00239	0.00358	0.01372	0.00835	0.00716
53	0.01620	0.03282	0.48670	0.02491	0.08852	0.01799	0.12529	0.02518	0.06413	0.02469	0.01519	0.01784	0.01110	0.00727	0.00754	0.00243	0.01089	0.00644	0.00368	0.01118
54	0.02800	0.06570	0.02226	0.01926	0.02328	0.67465	0.01458	0.02997	0.02124	0.01853	0.01167	0.01361	0.00977	0.00776	0.00676	0.00194	0.01344	0.00485	0.00388	0.00883
55	0.01573	0.01348	0.01573	0.01123	0.01798	0.01011	0.00899	0.01910	0.01573	0.02472	0.01348	0.01573	0.01123	0.00562	0.00562	0.00112	0.00562	0.00449	0.00449	0.77980
56	0.02496	0.06685	0.02269	0.07935	0.02507	0.05038	0.01445	0.41156	0.15946	0.03888	0.01956	0.01983	0.01437	0.00898	0.00741	0.00230	0.00824	0.00691	0.00680	0.01194
57	0.01318	0.00659	0.00988	0.00988	0.00988	0.00659	0.00659	0.00988	0.00988	0.01318	0.01318	0.02306	0.01318	0.02635	0.02964	0.77931	0.00659	0.00659	0.00329	0.00329
58	0.01318	0.00659	0.00988	0.00988	0.00988	0.00659	0.00659	0.00988	0.00988	0.01318	0.01318	0.02306	0.01318	0.02635	0.02964	0.77931	0.00659	0.00659	0.00329	0.00329
59	0.01103	0.00735	0.00827	0.00827	0.00827	0.00735	0.00460	0.01103	0.01103	0.01471	0.02390	0.04964	0.02758	0.73343	0.03861	0.00735	0.00735	0.01103	0.00460	0.00460
60	0.01994	0.01806	0.01914	0.10989	0.05184	0.09095	0.01409	0.11496	0.34875	0.03002	0.04950	0.02784	0.02105	0.01009	0.00776	0.00249	0.00775	0.03845	0.00654	0.01088
61	0.01187	0.00801	0.01050	0.00974	0.01172	0.00735	0.00735	0.01542	0.02148	0.06272	0.65024	0.05515	0.06899	0.01521	0.00888	0.00238	0.00372	0.01342	0.00840	0.00744
62	0.05527	0.01626	0.01766	0.08900	0.05237	0.06292	0.01249	0.21817	0.08329	0.09534	0.02065	0.02203	0.01527	0.00873	0.00686	0.00219	0.00723	0.00686	0.19703	0.01038
63	0.01070	0.00722	0.00837	0.00869	0.00877	0.00714	0.00504	0.01095	0.01167	0.01555	0.02716	0.17315	0.03169	0.60431	0.03334	0.00658	0.00682	0.01295	0.00504	0.00488
64	0.02339	0.22875	0.02620	0.03885	0.09128	0.24802	0.01413	0.07962	0.01994	0.06126	0.03580	0.01750	0.01348	0.00784	0.00643	0.00196	0.00956	0.00566	0.06055	0.00980
65	0.01744	0.01702	0.02104	0.36913	0.06710	0.10196	0.01686	0.04563	0.06396	0.02260	0.01471	0.01887	0.01143	0.00740	0.00707	0.00213	0.00918	0.00616	0.00416	0.17616

[dist]
# distance from previous block
# <min> <max>
0	1

[block]
# block no. 4 follows, 26 sequences, length 89
# corresponding to MSA columns:
# 298-386
name=unknown_E
#
# <colnr> <probs for GDERKNQSTAVLIFYWHMCP>
#	G	D	E	R	K	N	Q	S	T	A	V	L	I	F	Y	W	H	M	C	P
0	0.04918	0.02125	0.17297	0.01989	0.05513	0.03891	0.09922	0.05739	0.06349	0.15040	0.07342	0.04728	0.01923	0.00972	0.00963	0.00252	0.08619	0.00798	0.00564	0.01056
1	0.04598	0.01741	0.10239	0.03178	0.38414	0.01484	0.01902	0.02063	0.01741	0.02534	0.11101	0.06709	0.02514	0.01040	0.00799	0.00246	0.00794	0.07388	0.00487	0.01027
2	0.01094	0.00732	0.00830	0.00839	0.00841	0.00729	0.00472	0.01101	0.01120	0.01494	0.02478	0.08304	0.02869	0.69851	0.03718	0.00714	0.00721	0.01155	0.00472	0.00467
3	0.09597	0.30307	0.32847	0.01685	0.02524	0.02271	0.01933	0.06715	0.01682	0.02430	0.01245	0.01432	0.00974	0.00705	0.00608	0.00209	0.00929	0.00494	0.00367	0.01046
4	0.02178	0.04955	0.13306	0.01932	0.04838	0.16633	0.03863	0.19303	0.02198	0.02811	0.01866	0.02068	0.05742	0.00952	0.00979	0.00236	0.11081	0.00680	0.03358	0.01019
5	0.01740	0.01579	0.06923	0.24826	0.23103	0.01512	0.04054	0.02168	0.01645	0.09355	0.04775	0.02536	0.01659	0.09598	0.01142	0.00300	0.00892	0.00768	0.00452	0.00972
6	0.02211	0.02571	0.02272	0.04674	0.05101	0.34171	0.01613	0.02416	0.01662	0.01872	0.01110	0.01545	0.00996	0.01023	0.01504	0.00260	0.33185	0.00582	0.00362	0.00869
7	0.01115	0.00830	0.01045	0.00989	0.01184	0.00789	0.00741	0.01580	0.06579	0.02961	0.58395	0.07875	0.09908	0.01562	0.00889	0.00243	0.00379	0.01375	0.00819	0.00742
8	0.06163	0.37567	0.10266	0.01538	0.02140	0.17451	0.01453	0.07166	0.01835	0.02216	0.03160	0.03362	0.01271	0.00780	0.00599	0.00193	0.00935	0.00536	0.00403	0.00968
9	0.01754	0.01666	0.02766	0.15659	0.51455	0.01729	0.02152	0.02280	0.04722	0.02397	0.01798	0.02213	0.04522	0.00767	0.00760	0.00233	0.00880	0.00729	0.00403	0.01113
10	0.00924	0.00660	0.00880	0.01056	0.01100	0.00616	0.00704	0.01056	0.01452	0.01936	0.04181	0.72848	0.05017	0.02376	0.00968	0.00308	0.00440	0.02156	0.00704	0.00616
11	0.01414	0.00707	0.00707	0.00707	0.00884	0.00707	0.00530	0.01767	0.01591	0.02828	0.02474	0.02828	0.01944	0.00884	0.00530	0.00177	0.00353	0.00707	0.77554	0.00707
12	0.10319	0.01085	0.01302	0.07157	0.05814	0.02903	0.00996	0.06721	0.01618	0.02370	0.02846	0.37047	0.03127	0.04182	0.01031	0.04137	0.00606	0.01388	0.04609	0.00742
13	0.01070	0.00756	0.00916	0.00935	0.01030	0.00723	0.00641	0.01231	0.01538	0.02066	0.20383	0.12238	0.10969	0.33218	0.02219	0.00476	0.00569	0.07806	0.00630	0.00584
14	0.01028	0.00787	0.00963	0.01040	0.01228	0.00722	0.00824	0.01282	0.01741	0.02219	0.12973	0.17560	0.30545	0.02005	0.00957	0.00293	0.00493	0.21959	0.00718	0.00664
15	0.28174	0.02832	0.37410	0.01895	0.02745	0.01761	0.10322	0.02346	0.01519	0.02751	0.01279	0.01532	0.00937	0.00704	0.00657	0.00240	0.00957	0.00552	0.00380	0.01005
16	0.01579	0.03560	0.57058	0.09798	0.05606	0.04659	0.02654	0.02376	0.01620	0.02331	0.01354	0.01646	0.00975	0.00726	0.00724	0.00239	0.01112	0.00574	0.00327	0.01083
17	0.01854	0.01778	0.03037	0.08148	0.65301	0.01796	0.02316	0.02307	0.01716	0.02450	0.01423	0.01885	0.01192	0.00680	0.00751	0.00227	0.00907	0.00676	0.00373	0.01183
18	0.00922	0.00769	0.00803	0.00795	0.01040	0.00651	0.00596	0.01137	0.01788	0.02190	0.16277	0.07068	0.59623	0.01868	0.00896	0.00254	0.00380	0.01568	0.00723	0.00651
19	0.02115	0.12821	0.11181	0.03122	0.33151	0.14905	0.02005	0.07543	0.01911	0.02435	0.01348	0.01647	0.01104	0.00716	0.00697	0.00213	0.00998	0.00588	0.00395	0.01105
20	0.02028	0.73799	0.03975	0.01298	0.01947	0.03001	0.01298	0.02271	0.01541	0.01785	0.01055	0.01217	0.00973	0.00649	0.00487	0.00162	0.00811	0.00406	0.00324	0.00973
21	0.11184	0.05607	0.22018	0.04435	0.07323	0.05185	0.01703	0.07894	0.04031	0.08247	0.08169	0.02195	0.01791	0.01024	0.03161	0.00264	0.00883	0.00675	0.03189	0.01022
22	0.05530	0.04699	0.01295	0.01125	0.01405	0.00998	0.00903	0.03969	0.01870	0.11468	0.17888	0.15788	0.14851	0.01649	0.00870	0.00269	0.00531	0.13358	0.00733	0.00801
23	0.00965	0.00677	0.00868	0.01004	0.01038	0.00643	0.00648	0.01067	0.01372	0.01830	0.03771	0.57305	0.04499	0.18626	0.01630	0.00406	0.00508	0.01915	0.00648	0.00580
24	0.00904	0.00763	0.00783	0.00790	0.01032	0.00642	0.00588	0.01100	0.01730	0.02080	0.09755	0.10624	0.62761	0.01931	0.00900	0.00258	0.00386	0.01621	0.00709	0.00642
25	0.21279	0.32706	0.10383	0.01383	0.01963	0.09390	0.01335	0.02263	0.01516	0.02269	0.01202	0.01459	0.01027	0.01195	0.07593	0.00300	0.00972	0.00475	0.00376	0.00912
26	0.01029	0.00757	0.00970	0.01065	0.01203	0.00708	0.00807	0.01264	0.01692	0.02228	0.16489	0.30175	0.16375	0.04539	0.01063	0.00311	0.00491	0.17461	0.00718	0.00654
27	0.00904	0.00764	0.00782	0.00788	0.01032	0.00642	0.00587	0.01098	0.01730	0.02077	0.09531	0.10277	0.63347	0.01930	0.00900	0.00258	0.00386	0.01619	0.00709	0.00642
28	0.01799	0.01950	0.08126	0.17304	0.48692	0.04348	0.02290	0.02285	0.01692	0.02344	0.01397	0.01864	0.01137	0.00699	0.00747	0.00231	0.00957	0.00659	0.00364	0.01114
29	0.07601	0.01487	0.02282	0.28339	0.26082	0.01652	0.01869	0.02261	0.08296	0.02441	0.05306	0.02532	0.01704	0.00866	0.00757	0.00247	0.00847	0.03993	0.00451	0.00987
30	0.00933	0.00664	0.00878	0.01045	0.01087	0.00622	0.00692	0.01058	0.01435	0.01913	0.04092	0.69504	0.04905	0.05873	0.01111	0.00329	0.00455	0.02104	0.00692	0.00608
31	0.01080	0.00734	0.00826	0.00835	0.00854	0.00723	0.00480	0.01100	0.01163	0.01534	0.02843	0.08490	0.07379	0.64911	0.03513	0.00681	0.00697	0.01190	0.00489	0.00480
32	0.04023	0.06515	0.57166	0.02032	0.03038	0.01741	0.04977	0.02302	0.01605	0.02385	0.01780	0.01982	0.05597	0.00796	0.00721	0.00238	0.01046	0.00634	0.00354	0.01068
33	0.01527	0.00893	0.00954	0.00885	0.01093	0.00925	0.00663	0.09577	0.01785	0.02868	0.05403	0.03091	0.02197	0.09569	0.04401	0.00302	0.00540	0.00786	0.51792	0.00749
34	0.27123	0.07833	0.19155	0.05295	0.17701	0.01855	0.06315	0.02300	0.01533	0.02684	0.01263	0.01562	0.00987	0.00695	0.00640	0.00231	0.00877	0.00554	0.00388	0.01010
35	0.01427	0.00862	0.01077	0.00973	0.01242	0.00764	0.00747	0.01730	0.02040	0.14145	0.40857	0.05571	0.22551	0.01544	0.00872	0.00243	0.00414	0.01328	0.00818	0.00795
36	0.01009	0.00740	0.00948	0.00978	0.01122	0.00679	0.00710	0.01274	0.01862	0.02546	0.38633	0.27798	0.13418	0.01877	0.00923	0.00266	0.00397	0.03373	0.00774	0.00674
37	0.05198	0.01777	0.02289	0.24860	0.08668	0.08198	0.06734	0.15894	0.05507	0.02868	0.08823	0.02313	0.01824	0.00875	0.00765	0.00238	0.00909	0.00751	0.00521	0.00989
38	0.00907	0.00761	0.00788	0.00797	0.01035	0.00642	0.00592	0.01103	0.01731	0.02091	0.10444	0.11728	0.60918	0.01934	0.00901	0.00259	0.00387	0.01628	0.00711	0.00642
39	0.01643	0.08490	0.54281	0.04143	0.03253	0.05397	0.07710	0.02415	0.01638	0.02321	0.01344	0.01611	0.00979	0.00713	0.00718	0.00234	0.01122	0.00576	0.00330	0.01083
40	0.00939	0.00669	0.00883	0.01040	0.01088	0.00626	0.00692	0.01074	0.01464	0.01960	0.06805	0.66635	0.04995	0.05860	0.01108	0.00326	0.00451	0.02071	0.00698	0.00613
41	0.74741	0.05202	0.01263	0.01013	0.01492	0.01769	0.00846	0.02232	0.01304	0.03320	0.01056	0.01231	0.00829	0.00701	0.00470	0.00231	0.00598	0.00410	0.00462	0.00829
42	0.73231	0.01514	0.01199	0.01051	0.01531	0.01749	0.00866	0.06836	0.01455	0.03503	0.01111	0.01275	0.00855	0.00719	0.00490	0.00234	0.00605	0.00430	0.00490	0.00855
43	0.01464	0.03765	0.00968	0.00849	0.01022	0.05681	0.00616	0.01728	0.01540	0.02442	0.03975	0.03180	0.02140	0.15994	0.01243	0.00296	0.00522	0.00779	0.51117	0.00678
44	0.01431	0.01289	0.04767	0.01220	0.01428	0.09001	0.00985	0.01689	0.01418	0.02035	0.01933	0.02655	0.01709	0.05604	0.31307	0.06391	0.03750	0.00729	0.19954	0.00704
45	0.01119	0.00866	0.00985	0.01092	0.01178	0.04119	0.00744	0.03409	0.01562	0.02064	0.06030	0.57339	0.04503	0.07290	0.01139	0.00324	0.00515	0.01873	0.03202	0.00647
46	0.74996	0.01458	0.01147	0.01015	0.01490	0.01673	0.00836	0.02302	0.01334	0.06637	0.01151	0.01299	0.00873	0.00716	0.00484	0.00235	0.00590	0.00428	0.00492	0.00845
47	0.01547	0.01465	0.02483	0.54255	0.21591	0.01715	0.02164	0.02039	0.01571	0.02077	0.01368	0.01985	0.01060	0.00737	0.00756	0.00246	0.00983	0.00675	0.00347	0.00935
48	0.78701	0.01467	0.01115	0.00997	0.01467	0.01702	0.00821	0.02230	0.01291	0.03403	0.01056	0.01232	0.00821	0.00704	0.00469	0.00235	0.00587	0.00411	0.00469	0.00821
49	0.01032	0.00709	0.00862	0.00931	0.00953	0.00696	0.00573	0.01094	0.01244	0.01663	0.03078	0.31458	0.03611	0.43181	0.05078	0.00585	0.00666	0.01505	0.00553	0.00529
50	0.01573	0.01348	0.01573	0.01123	0.01798	0.01011	0.00899	0.01910	0.01573	0.02472	0.01348	0.01573	0.01123	0.00562	0.00562	0.00112	0.00562	0.00449	0.00449	0.77980
51	0.01777	0.02139	0.07675	0.03146	0.03931	0.01910	0.62750	0.02428	0.01781	0.02428	0.01526	0.02024	0.01142	0.00643	0.00887	0.00255	0.01271	0.00879	0.00381	0.01028
52	0.01521	0.03923	0.69413	0.02162	0.03283	0.01762	0.02802	0.02402	0.01601	0.02402	0.01361	0.01601	0.00961	0.00721	0.00721	0.00240	0.01121	0.00560	0.00320	0.01121
53	0.01846	0.01124	0.01169	0.01013	0.01316	0.01191	0.00799	0.20700	0.02172	0.03403	0.02282	0.02531	0.01752	0.00892	0.00598	0.00192	0.00495	0.00700	0.54947	0.00879
54	0.68578	0.01460	0.01244	0.01152	0.03700	0.01645	0.00900	0.02381	0.01394	0.10027	0.01264	0.01390	0.00941	0.00727	0.00508	0.00234	0.00603	0.00455	0.00514	0.00881
55	0.00924	0.00660	0.00880	0.01056	0.01100	0.00616	0.00704	0.01056	0.01452	0.01936	0.04181	0.72848	0.05017	0.02376	0.00968	0.00308	0.00440	0.02156	0.00704	0.00616
56	0.02180	0.01552	0.01520	0.01265	0.01652	0.06243	0.01009	0.31106	0.02528	0.03649	0.02088	0.02270	0.01580	0.00889	0.00645	0.00201	0.00642	0.00681	0.37317	0.00984
57	0.06843	0.01991	0.02147	0.01650	0.02251	0.02165	0.01362	0.55137	0.03258	0.10194	0.01866	0.01848	0.01311	0.00890	0.00737	0.00225	0.00796	0.00668	0.00749	0.03914
58	0.00903	0.00769	0.00778	0.00775	0.01029	0.00643	0.00582	0.01101	0.01745	0.02086	0.09958	0.07238	0.66006	0.01907	0.00896	0.00255	0.00383	0.01592	0.00709	0.00643
59	0.00931	0.00663	0.00878	0.01048	0.01090	0.00621	0.00695	0.01058	0.01439	0.01919	0.04113	0.70300	0.04932	0.05041	0.01077	0.00324	0.00451	0.02117	0.00695	0.00610
60	0.00971	0.00784	0.00875	0.00915	0.01141	0.00689	0.00716	0.01200	0.01741	0.02139	0.09965	0.10492	0.49658	0.01957	0.00929	0.00276	0.00447	0.13741	0.00710	0.00655
61	0.02833	0.03615	0.02149	0.01954	0.02345	0.70298	0.01466	0.03029	0.02149	0.01856	0.01172	0.01368	0.00977	0.00782	0.00684	0.00195	0.01368	0.00489	0.00391	0.00879
62	0.00990	0.00772	0.00898	0.00867	0.01082	0.00680	0.00650	0.01270	0.01950	0.02574	0.39691	0.06436	0.35969	0.01725	0.00895	0.00247	0.00370	0.01480	0.00773	0.00680
63	0.01084	0.00813	0.01219	0.01219	0.01354	0.00948	0.00948	0.01354	0.01219	0.01761	0.02032	0.02980	0.01896	0.05689	0.70337	0.01219	0.02032	0.00813	0.00406	0.00677
64	0.01081	0.00726	0.00834	0.00855	0.00860	0.00721	0.00489	0.01097	0.01145	0.01527	0.02607	0.13179	0.03031	0.64754	0.03511	0.00684	0.00700	0.01231	0.00489	0.00479
65	0.06353	0.24597	0.02647	0.01709	0.02182	0.46676	0.01383	0.02762	0.01924	0.01911	0.01131	0.01316	0.00968	0.00738	0.00614	0.00187	0.01162	0.00460	0.00375	0.00905
66	0.59406	0.01564	0.01399	0.01287	0.04917	0.01747	0.00984	0.10806	0.01638	0.03479	0.01197	0.01367	0.00924	0.00721	0.00529	0.00225	0.00634	0.00463	0.00502	0.06211
67	0.01076	0.00724	0.00835	0.00862	0.00869	0.00717	0.00497	0.01096	0.01157	0.01542	0.02664	0.15372	0.03104	0.62462	0.03417	0.00670	0.00690	0.01265	0.00497	0.00484
68	0.02028	0.73799	0.03975	0.01298	0.01947	0.03001	0.01298	0.02271	0.01541	0.01785	0.01055	0.01217	0.00973	0.00649	0.00487	0.00162	0.00811	0.00406	0.00324	0.00973
69	0.01797	0.01759	0.03117	0.15011	0.51004	0.01797	0.09789	0.02278	0.01701	0.02387	0.01427	0.01920	0.01166	0.00685	0.00769	0.00233	0.00963	0.00701	0.00370	0.01124
70	0.01535	0.06099	0.52581	0.10613	0.06612	0.01765	0.02569	0.02302	0.01601	0.02320	0.01463	0.01946	0.01124	0.00778	0.00731	0.00243	0.01067	0.03242	0.00341	0.01068
71	0.00905	0.00757	0.00789	0.00807	0.01037	0.00640	0.00595	0.01096	0.01712	0.02069	0.09287	0.14533	0.59255	0.01959	0.00904	0.00261	0.00390	0.01655	0.00709	0.00640
72	0.01790	0.02046	0.04476	0.03197	0.03964	0.01918	0.65857	0.02430	0.01790	0.02430	0.01535	0.02046	0.01151	0.00639	0.00895	0.00256	0.01279	0.00895	0.00384	0.01023
73	0.01686	0.23119	0.42348	0.05295	0.06436	0.02111	0.04503	0.02341	0.01594	0.02213	0.01284	0.01543	0.00986	0.00697	0.00665	0.00219	0.01023	0.00540	0.00327	0.01068
74	0.01235	0.00942	0.01203	0.01344	0.03919	0.00941	0.01003	0.04875	0.06823	0.02329	0.04280	0.30227	0.12665	0.01975	0.00952	0.00304	0.00572	0.22965	0.00698	0.00750
75	0.01432	0.01348	0.02275	0.71520	0.05224	0.01685	0.02107	0.01938	0.01517	0.01938	0.01348	0.02022	0.01011	0.00758	0.00758	0.00253	0.01011	0.00674	0.00337	0.00843
76	0.00923	0.00664	0.00876	0.01047	0.01098	0.00617	0.00700	0.01057	0.01461	0.01940	0.04297	0.70672	0.07118	0.02361	0.00966	0.00306	0.00438	0.02138	0.00704	0.00617
77	0.01702	0.01610	0.02845	0.27962	0.25888	0.01748	0.12626	0.02167	0.01627	0.04381	0.01541	0.04629	0.01276	0.00817	0.00906	0.00251	0.05865	0.00769	0.00391	0.00999
78	0.01500	0.01561	0.09016	0.01921	0.12236	0.01380	0.01445	0.02438	0.21554	0.02551	0.03695	0.04799	0.14277	0.01370	0.00855	0.00274	0.00690	0.16842	0.00630	0.00965
79	0.02732	0.03104	0.02283	0.02226	0.10042	0.48642	0.01561	0.15663	0.02386	0.02518	0.01333	0.01518	0.01066	0.00795	0.00707	0.00205	0.01206	0.00549	0.00463	0.01000
80	0.01547	0.01929	0.14416	0.19483	0.19178	0.01600	0.13413	0.02085	0.01677	0.02327	0.07125	0.08119	0.01911	0.00911	0.00803	0.00248	0.00951	0.00875	0.00423	0.00980
81	0.01761	0.02906	0.37621	0.03016	0.23534	0.01759	0.10091	0.02449	0.01692	0.05875	0.01486	0.01791	0.01105	0.00708	0.00753	0.00237	0.01047	0.00647	0.00377	0.01143
82	0.02702	0.03375	0.02140	0.01936	0.02301	0.62002	0.01466	0.02992	0.05306	0.01919	0.01255	0.01461	0.01045	0.00833	0.00819	0.00208	0.06422	0.00519	0.00405	0.00892
83	0.01486	0.01266	0.01561	0.08780	0.02071	0.01041	0.00994	0.01809	0.01534	0.02324	0.01612	0.07118	0.01483	0.04328	0.00777	0.00173	0.00610	0.00634	0.00457	0.59942
84	0.01700	0.01976	0.12303	0.23284	0.41306	0.01763	0.02333	0.02228	0.01649	0.02314	0.01395	0.01879	0.01113	0.00706	0.00749	0.00235	0.00964	0.00659	0.00357	0.01088
85	0.01190	0.00829	0.00982	0.00958	0.01052	0.00823	0.00630	0.05648	0.01590	0.02166	0.19136	0.15671	0.04117	0.39126	0.02446	0.00508	0.00601	0.01308	0.00613	0.00606
86	0.08223	0.40371	0.19233	0.06358	0.02487	0.05596	0.01689	0.04485	0.01631	0.02182	0.01180	0.01394	0.00971	0.00693	0.00579	0.00197	0.00908	0.00475	0.00354	0.00994
87	0.02079	0.07686	0.01923	0.01518	0.05286	0.01546	0.01150	0.17237	0.07490	0.11877	0.02361	0.15936	0.02122	0.01104	0.00736	0.00217	0.00655	0.00925	0.00650	0.17504
88	0.08568	0.12444	0.05597	0.01975	0.09369	0.34152	0.01466	0.02703	0.07340	0.02192	0.01792	0.01934	0.05731	0.00842	0.00671	0.00209	0.01033	0.00602	0.00437	0.00945

[dist]
# distance from previous block
# <min> <max>
2	13

[block]
# block no. 5 follows, 26 sequences, length 22
# corresponding to MSA columns:
# 400-421
name=unknown_F
#
# <colnr> <probs for GDERKNQSTAVLIFYWHMCP>
#	G	D	E	R	K	N	Q	S	T	A	V	L	I	F	Y	W	H	M	C	P
0	0.01646	0.01058	0.01300	0.01128	0.01430	0.01032	0.00879	0.10844	0.04465	0.11744	0.46133	0.04700	0.07796	0.01379	0.00855	0.00238	0.00470	0.01189	0.00831	0.00883
1	0.01274	0.00875	0.00993	0.00938	0.01012	0.00900	0.00587	0.07447	0.01401	0.01885	0.05713	0.04618	0.02809	0.60001	0.05962	0.00679	0.00775	0.01065	0.00506	0.00562
2	0.01178	0.00933	0.01324	0.01271	0.01361	0.01128	0.00974	0.01384	0.01189	0.01719	0.01932	0.03125	0.01907	0.17055	0.47767	0.00993	0.12854	0.00841	0.00404	0.00663
