[name]
unknown

[dist]
# distance from previous block
# <min> <max>
0	85

[block]
# block no. 0 follows, 29 sequences, length 20
# corresponding to MSA columns:
# 90-109
name=unknown_A
#
# <colnr> <probs for GDERKNQSTAVLIFYWHMCP>
#	G	D	E	R	K	N	Q	S	T	A	V	L	I	F	Y	W	H	M	C	P
0	0.04997	0.11692	0.42491	0.01749	0.02560	0.04154	0.04869	0.02133	0.01548	0.02250	0.05990	0.01959	0.01431	0.00758	0.00658	0.00211	0.00911	0.03032	0.00367	0.06242
1	0.01472	0.12794	0.40902	0.05460	0.02840	0.01709	0.11000	0.02109	0.01578	0.02231	0.09686	0.01997	0.01642	0.00754	0.00690	0.00218	0.00940	0.00647	0.00369	0.00961
2	0.01615	0.17673	0.41315	0.01775	0.02580	0.05038	0.04895	0.02294	0.05256	0.03673	0.04038	0.03986	0.01343	0.00761	0.00655	0.00212	0.00927	0.00603	0.00373	0.00988
3	0.01904	0.75404	0.03731	0.01218	0.01828	0.02818	0.01218	0.02132	0.01447	0.01675	0.00990	0.01142	0.00914	0.00609	0.00457	0.00152	0.00761	0.00381	0.00305	0.00914
4	0.01576	0.01368	0.01742	0.01252	0.01888	0.01103	0.06326	0.06302	0.01619	0.02463	0.01310	0.01528	0.01067	0.00555	0.00565	0.00124	0.00599	0.00471	0.00436	0.67705
5	0.01024	0.00686	0.00780	0.00791	0.00794	0.00683	0.00447	0.01033	0.01058	0.01410	0.02357	0.09364	0.02732	0.70076	0.03441	0.00663	0.00672	0.01102	0.00447	0.00441
6	0.00865	0.00629	0.00817	0.00968	0.01027	0.00580	0.00651	0.00994	0.01386	0.01827	0.04211	0.68616	0.10419	0.02194	0.00903	0.00285	0.00409	0.01979	0.00661	0.00580
7	0.08204	0.01682	0.05015	0.07444	0.25998	0.05160	0.09153	0.02595	0.01727	0.23396	0.01755	0.01911	0.01258	0.00720	0.00700	0.00219	0.00828	0.00650	0.00519	0.01066
8	0.01026	0.00686	0.00779	0.00789	0.00791	0.00684	0.00444	0.01033	0.01054	0.01405	0.02337	0.08524	0.02706	0.70951	0.03474	0.00668	0.00675	0.01090	0.00444	0.00440
9	0.00900	0.00720	0.00804	0.00791	0.00999	0.00625	0.00590	0.01132	0.01749	0.02241	0.28761	0.08732	0.46048	0.01699	0.00843	0.00237	0.00354	0.01447	0.00703	0.00625
10	0.01754	0.52821	0.25002	0.01474	0.02223	0.02451	0.01663	0.02171	0.01465	0.01858	0.01081	0.01256	0.00910	0.00630	0.00526	0.00175	0.00853	0.00427	0.00303	0.00957
11	0.01092	0.00883	0.01398	0.04866	0.01606	0.01029	0.04468	0.01371	0.01184	0.01697	0.01808	0.02653	0.01665	0.04684	0.61821	0.01016	0.04965	0.00754	0.00374	0.00667
12	0.03162	0.01265	0.01685	0.01292	0.01844	0.01125	0.01067	0.07851	0.02127	0.66520	0.02735	0.02375	0.01725	0.00880	0.00716	0.00220	0.00618	0.00711	0.00870	0.01212
13	0.01383	0.01287	0.02141	0.53720	0.16409	0.01507	0.01878	0.01805	0.01458	0.01901	0.01681	0.02217	0.05683	0.00824	0.00781	0.02581	0.00881	0.00692	0.00346	0.00825
14	0.02449	0.01780	0.01929	0.01532	0.02032	0.01960	0.01241	0.50865	0.11839	0.06999	0.02050	0.05765	0.01594	0.03574	0.00828	0.00239	0.00724	0.00752	0.00709	0.01139
15	0.01385	0.01276	0.12397	0.01117	0.01492	0.00877	0.01029	0.01766	0.01870	0.13022	0.39180	0.06353	0.12776	0.01306	0.00797	0.00227	0.00498	0.01124	0.00702	0.00805
16	0.00869	0.00638	0.00809	0.00943	0.01013	0.00586	0.00635	0.00998	0.01392	0.01819	0.04368	0.61848	0.14602	0.04639	0.00991	0.00295	0.00415	0.01911	0.00653	0.00577
17	0.02232	0.01605	0.01804	0.01475	0.01888	0.01770	0.01182	0.43643	0.05985	0.06595	0.02091	0.12688	0.01808	0.01286	0.02708	0.04628	0.04060	0.00860	0.00664	0.01029
18	0.01623	0.01363	0.01654	0.01206	0.01806	0.01137	0.03958	0.10254	0.01705	0.02553	0.01374	0.01668	0.01144	0.03882	0.00703	0.00151	0.00598	0.00496	0.00457	0.62266
19	0.06101	0.14057	0.27665	0.01529	0.02171	0.06698	0.01617	0.05792	0.01683	0.09543	0.05483	0.11048	0.01809	0.00941	0.00671	0.00217	0.00812	0.00749	0.00470	0.00943

[dist]
# distance from previous block
# <min> <max>
1	22

[block]
# block no. 1 follows, 29 sequences, length 47
# corresponding to MSA columns:
# 133-179
name=unknown_B
#
# <colnr> <probs for GDERKNQSTAVLIFYWHMCP>
#	G	D	E	R	K	N	Q	S	T	A	V	L	I	F	Y	W	H	M	C	P
0	0.02389	0.01655	0.01811	0.06290	0.02128	0.06285	0.01219	0.27461	0.12397	0.18065	0.04537	0.02175	0.01666	0.01024	0.03133	0.00247	0.00759	0.00691	0.02758	0.03309
1	0.06488	0.05271	0.04666	0.07865	0.13130	0.07195	0.01445	0.16861	0.14408	0.10188	0.01833	0.01918	0.01360	0.00792	0.00672	0.00215	0.00767	0.00633	0.03238	0.01055
2	0.57501	0.01402	0.01284	0.08550	0.01830	0.01621	0.00963	0.08274	0.04676	0.03147	0.04171	0.01536	0.01154	0.00733	0.00525	0.00223	0.00605	0.00494	0.00481	0.00827
3	0.01476	0.01200	0.01426	0.01062	0.01632	0.00926	0.00841	0.01776	0.01473	0.04595	0.01515	0.06175	0.01342	0.00866	0.03822	0.00168	0.00586	0.00548	0.00451	0.68119
4	0.54695	0.01527	0.01371	0.01141	0.01623	0.01719	0.00941	0.19390	0.01824	0.08107	0.01301	0.01386	0.00953	0.00726	0.00530	0.00219	0.00615	0.00474	0.00541	0.00915
5	0.01237	0.00618	0.00928	0.00928	0.00928	0.00618	0.00618	0.00928	0.00928	0.01237	0.01237	0.02165	0.01237	0.02474	0.02783	0.79283	0.00618	0.00618	0.00309	0.00309
6	0.13185	0.01966	0.01980	0.05620	0.02247	0.06955	0.01311	0.50825	0.02854	0.03969	0.01544	0.01615	0.01116	0.00812	0.00670	0.00214	0.00796	0.00593	0.00629	0.01100
7	0.01237	0.00618	0.00928	0.00928	0.00928	0.00618	0.00618	0.00928	0.00928	0.01237	0.01237	0.02165	0.01237	0.02474	0.02783	0.79283	0.00618	0.00618	0.00309	0.00309
8	0.00917	0.00756	0.00811	0.00804	0.01034	0.00665	0.00612	0.01196	0.04124	0.02128	0.17471	0.06498	0.54111	0.01722	0.00844	0.00242	0.00377	0.04369	0.00684	0.00634
9	0.02388	0.01067	0.01416	0.01152	0.01567	0.00959	0.00925	0.02775	0.05572	0.44620	0.25359	0.03405	0.03443	0.01078	0.00758	0.00223	0.00513	0.00912	0.00840	0.01027
10	0.07822	0.01947	0.01980	0.01556	0.02080	0.05762	0.01274	0.56087	0.03006	0.04109	0.01654	0.01714	0.01203	0.00979	0.02981	0.00241	0.00817	0.00619	0.03045	0.01126
11	0.01375	0.01297	0.02191	0.68253	0.09677	0.01590	0.01993	0.01846	0.01438	0.01856	0.01271	0.01889	0.00962	0.00706	0.00711	0.00235	0.00942	0.00633	0.00319	0.00816
12	0.00862	0.00722	0.00749	0.00742	0.00974	0.00610	0.00557	0.01061	0.01671	0.02036	0.14824	0.06667	0.62563	0.01761	0.00841	0.00238	0.00358	0.01477	0.00676	0.00610
13	0.00866	0.00627	0.00819	0.00973	0.01028	0.00580	0.00653	0.00994	0.01381	0.01825	0.04146	0.69947	0.09130	0.02202	0.00904	0.00286	0.00410	0.01989	0.00661	0.00580
14	0.01691	0.01619	0.02761	0.16153	0.59309	0.01673	0.02150	0.02123	0.01588	0.02240	0.01327	0.01786	0.01097	0.00648	0.00706	0.00216	0.00864	0.00634	0.00346	0.01070
15	0.01731	0.01495	0.01572	0.01418	0.01813	0.01720	0.01102	0.03664	0.66319	0.02933	0.03085	0.02838	0.05120	0.01002	0.00730	0.00241	0.00555	0.00835	0.00722	0.01104
16	0.01327	0.00664	0.00664	0.00664	0.00830	0.00664	0.00498	0.01659	0.01493	0.02655	0.02323	0.02655	0.01825	0.00830	0.00498	0.00166	0.00332	0.00664	0.78928	0.00664
17	0.01191	0.00987	0.01129	0.01162	0.05881	0.00959	0.00812	0.06208	0.11051	0.02442	0.17253	0.05300	0.39966	0.01481	0.00807	0.00234	0.00446	0.01250	0.00675	0.00764
18	0.03052	0.01352	0.01728	0.01335	0.01882	0.01266	0.01099	0.13857	0.05311	0.57256	0.02637	0.02320	0.01693	0.00881	0.00716	0.00220	0.00632	0.00708	0.00847	0.01208
19	0.01017	0.00763	0.01144	0.01144	0.01272	0.00890	0.00890	0.01272	0.01144	0.01653	0.01907	0.02797	0.01780	0.05340	0.72153	0.01144	0.01907	0.00763	0.00381	0.00636
20	0.02642	0.01956	0.02102	0.01608	0.02181	0.02142	0.01327	0.64662	0.03249	0.04373	0.01686	0.01697	0.01203	0.00838	0.00703	0.00208	0.00770	0.00630	0.00697	0.05328
21	0.02707	0.01995	0.02137	0.01638	0.02208	0.02208	0.01353	0.68159	0.03348	0.04488	0.01710	0.01710	0.01211	0.00855	0.00712	0.00214	0.00784	0.00641	0.00712	0.01211
22	0.76360	0.01406	0.01098	0.00970	0.01416	0.01626	0.00799	0.05209	0.01313	0.03256	0.01025	0.01183	0.00792	0.00670	0.00453	0.00220	0.00562	0.00398	0.00453	0.00792
23	0.01008	0.00728	0.00952	0.00896	0.01064	0.00672	0.00672	0.01344	0.02016	0.02855	0.70158	0.05319	0.06719	0.01456	0.00840	0.00224	0.00336	0.01288	0.00784	0.00672
24	0.01771	0.01530	0.01610	0.01449	0.01852	0.01771	0.01127	0.03784	0.69247	0.02979	0.02898	0.02657	0.02174	0.00966	0.00725	0.00242	0.00564	0.00805	0.00725	0.01127
25	0.02370	0.01441	0.01740	0.01398	0.04203	0.01352	0.01093	0.19186	0.05091	0.25875	0.04038	0.02028	0.01552	0.00779	0.00661	0.00184	0.00625	0.00625	0.00670	0.25087
26	0.03195	0.01212	0.01652	0.01267	0.01818	0.01047	0.01047	0.03470	0.02038	0.71026	0.02809	0.02424	0.01763	0.00881	0.00716	0.00220	0.00606	0.00716	0.00881	0.01212
27	0.00842	0.00721	0.00721	0.00721	0.00962	0.00601	0.00541	0.01022	0.01623	0.01924	0.07213	0.06853	0.70244	0.01803	0.00842	0.00240	0.00361	0.01503	0.00661	0.00601
28	0.00868	0.00620	0.00826	0.00991	0.01033	0.00578	0.00661	0.00991	0.01363	0.01818	0.03925	0.74510	0.04710	0.02231	0.00909	0.00289	0.00413	0.02024	0.00661	0.00578
29	0.00868	0.00620	0.00826	0.00991	0.01033	0.00578	0.00661	0.00991	0.01363	0.01818	0.03925	0.74510	0.04710	0.02231	0.00909	0.00289	0.00413	0.02024	0.00661	0.00578
30	0.02707	0.01995	0.02137	0.01638	0.02208	0.02208	0.01353	0.68159	0.03348	0.04488	0.01710	0.01710	0.01211	0.00855	0.00712	0.00214	0.00784	0.00641	0.00712	0.01211
31	0.01740	0.50731	0.26971	0.01497	0.02259	0.02417	0.01704	0.02174	0.01466	0.01875	0.01089	0.01266	0.00910	0.00632	0.00532	0.00177	0.00862	0.00431	0.00303	0.00961
32	0.00871	0.00629	0.00825	0.00972	0.01030	0.00583	0.00654	0.01006	0.01402	0.01861	0.06500	0.68099	0.08580	0.02178	0.00902	0.00284	0.00407	0.01968	0.00665	0.00583
33	0.02450	0.01761	0.01907	0.01496	0.01976	0.01928	0.01204	0.55520	0.02950	0.06006	0.01878	0.04285	0.01510	0.10493	0.01095	0.00278	0.00755	0.00736	0.00680	0.01091
34	0.01681	0.01921	0.04202	0.03001	0.03721	0.01801	0.67947	0.02281	0.01681	0.02281	0.01441	0.01921	0.01080	0.00600	0.00840	0.00240	0.01200	0.00840	0.00360	0.00960
35	0.05890	0.01203	0.01611	0.01257	0.01789	0.01058	0.01041	0.03343	0.01993	0.65912	0.02781	0.02595	0.01817	0.00915	0.00716	0.00224	0.00606	0.03219	0.00857	0.01174
36	0.01237	0.00618	0.00928	0.00928	0.00928	0.00618	0.00618	0.00928	0.00928	0.01237	0.01237	0.02165	0.01237	0.02474	0.02783	0.79283	0.00618	0.00618	0.00309	0.00309
37	0.02411	0.02258	0.02027	0.01702	0.02067	0.25178	0.01360	0.25553	0.02258	0.07371	0.01434	0.01638	0.01122	0.01108	0.04388	0.00268	0.15789	0.00588	0.00513	0.00969
38	0.01447	0.06594	0.68544	0.01997	0.03031	0.01701	0.02574	0.02250	0.01501	0.02232	0.01266	0.01489	0.00902	0.00674	0.00668	0.00223	0.01041	0.00520	0.00301	0.01047
39	0.01579	0.01738	0.03234	0.02440	0.02946	0.06338	0.44950	0.02022	0.01593	0.02108	0.01856	0.15892	0.01760	0.00978	0.00964	0.00252	0.07046	0.01026	0.00415	0.00862
40	0.01900	0.02166	0.01956	0.17180	0.02595	0.31932	0.03520	0.02154	0.01638	0.01810	0.01663	0.06754	0.04866	0.00974	0.00984	0.00229	0.13730	0.00703	0.02464	0.00781
41	0.01441	0.01364	0.02310	0.57351	0.20063	0.01607	0.02026	0.01904	0.01469	0.01936	0.01283	0.01867	0.00990	0.00694	0.00710	0.00231	0.00925	0.00633	0.00325	0.00869
42	0.07264	0.06520	0.01694	0.01239	0.01697	0.01485	0.01012	0.21267	0.06783	0.11241	0.18967	0.02657	0.02654	0.00942	0.00684	0.00200	0.00583	0.00758	0.00665	0.11690
43	0.63238	0.01360	0.01216	0.08208	0.01762	0.01565	0.00916	0.04582	0.01346	0.06140	0.01168	0.01420	0.00908	0.03025	0.00591	0.00237	0.00606	0.00455	0.00458	0.00799
44	0.05076	0.01097	0.01457	0.01207	0.01647	0.00985	0.00995	0.02707	0.01854	0.44105	0.08384	0.03350	0.02417	0.01347	0.05559	0.00290	0.00670	0.09618	0.00762	0.06473
45	0.01857	0.01473	0.01766	0.01312	0.01912	0.01324	0.03903	0.19742	0.02013	0.04956	0.01531	0.01827	0.01231	0.00682	0.00613	0.00152	0.00633	0.02899	0.00520	0.49656
46	0.01752	0.01798	0.05454	0.08883	0.61123	0.04089	0.02161	0.02186	0.01617	0.02269	0.01324	0.01745	0.01100	0.00645	0.00702	0.00213	0.00876	0.00624	0.00349	0.01092

[dist]
# distance from previous block
# <min> <max>
0	1

[block]
# block no. 2 follows, 29 sequences, length 14
# corresponding to MSA columns:
# 181-194
name=unknown_C
#
# <colnr> <probs for GDERKNQSTAVLIFYWHMCP>
#	G	D	E	R	K	N	Q	S	T	A	V	L	I	F	Y	W	H	M	C	P
0	0.01707	0.01635	0.02790	0.13560	0.61780	0.01677	0.02158	0.02137	0.01595	0.02259	0.01330	0.01781	0.01104	0.00645	0.00706	0.00215	0.00860	0.00634	0.00348	0.01083
1	0.01493	0.01406	0.02443	0.35435	0.13109	0.01539	0.13818	0.05326	0.01632	0.02157	0.01840	0.02839	0.03463	0.00888	0.00774	0.00245	0.00915	0.09405	0.00405	0.00867
2	0.01713	0.01334	0.01608	0.08234	0.02041	0.01209	0.01040	0.13869	0.01828	0.05946	0.01675	0.08567	0.01455	0.00784	0.00625	0.00161	0.00608	0.00649	0.00509	0.46144
3	0.01470	0.09068	0.59156	0.01871	0.02847	0.01676	0.02345	0.02200	0.01496	0.02216	0.01254	0.01472	0.00918	0.00657	0.00645	0.00208	0.00978	0.00505	0.00313	0.08705
4	0.01161	0.00964	0.07646	0.00888	0.01125	0.00736	0.00758	0.01454	0.01504	0.02315	0.08081	0.14783	0.13168	0.01314	0.00770	0.04040	0.00434	0.01040	0.37160	0.00662
5	0.00869	0.00722	0.00759	0.00750	0.00978	0.00613	0.00562	0.01075	0.01687	0.02076	0.17505	0.06602	0.59857	0.01747	0.00841	0.00238	0.00357	0.01468	0.00681	0.00613
6	0.02065	0.13952	0.02283	0.05504	0.07753	0.26448	0.04760	0.08148	0.05147	0.03771	0.01998	0.03775	0.07962	0.02542	0.00736	0.00212	0.00924	0.00679	0.00450	0.00891
7	0.01545	0.01765	0.06946	0.02632	0.06405	0.01602	0.46345	0.02069	0.01605	0.02197	0.01773	0.05723	0.01561	0.01077	0.04587	0.00298	0.03358	0.07209	0.00398	0.00904
8	0.01148	0.00867	0.01184	0.01424	0.08000	0.00857	0.00940	0.06684	0.01593	0.02134	0.03467	0.51392	0.03980	0.01922	0.00884	0.00281	0.00522	0.11390	0.00634	0.00696
9	0.01783	0.01686	0.02801	0.13299	0.52666	0.03915	0.06370	0.02211	0.01627	0.04789	0.01383	0.01800	0.01118	0.00655	0.00713	0.00216	0.00888	0.00645	0.00368	0.01065
10	0.01687	0.01615	0.02754	0.16805	0.58688	0.01672	0.02148	0.02119	0.01586	0.02235	0.01326	0.01787	0.01096	0.00648	0.00706	0.00216	0.00865	0.00634	0.00346	0.01067
11	0.03978	0.01915	0.02440	0.05645	0.36768	0.12621	0.01804	0.09651	0.01793	0.02400	0.01371	0.01879	0.01175	0.00806	0.00908	0.00226	0.10192	0.03018	0.00402	0.01007
12	0.01689	0.01786	0.02070	0.01804	0.01873	0.13230	0.01474	0.01858	0.01243	0.01713	0.01041	0.01616	0.01001	0.01500	0.07786	0.00359	0.56247	0.00608	0.00326	0.00775
13	0.06447	0.01445	0.02372	0.40917	0.31175	0.01627	0.01986	0.01984	0.01490	0.02110	0.01278	0.01797	0.01010	0.00677	0.00692	0.00226	0.00883	0.00618	0.00339	0.00926

[dist]
# distance from previous block
# <min> <max>
0	1

[block]
# block no. 3 follows, 29 sequences, length 37
# corresponding to MSA columns:
# 196-232
name=unknown_D
#
# <colnr> <probs for GDERKNQSTAVLIFYWHMCP>
#	G	D	E	R	K	N	Q	S	T	A	V	L	I	F	Y	W	H	M	C	P
0	0.01345	0.01266	0.02136	0.73264	0.04904	0.01582	0.01978	0.01819	0.01424	0.01819	0.01266	0.01898	0.00949	0.00712	0.00712	0.00237	0.00949	0.00633	0.00316	0.00791
1	0.05440	0.01329	0.01766	0.19725	0.07467	0.01443	0.01345	0.02831	0.22104	0.20167	0.04577	0.02520	0.04389	0.00890	0.00713	0.00231	0.00677	0.00750	0.00622	0.01013
2	0.01664	0.01591	0.02712	0.20615	0.55058	0.01666	0.02136	0.02099	0.01575	0.02207	0.01322	0.01794	0.01086	0.00653	0.00707	0.00218	0.00870	0.00634	0.00344	0.01048
3	0.00868	0.00620	0.00826	0.00991	0.01033	0.00578	0.00661	0.00991	0.01363	0.01818	0.03925	0.74510	0.04710	0.02231	0.00909	0.00289	0.00413	0.02024	0.00661	0.00578
4	0.01717	0.01230	0.01476	0.01085	0.01680	0.00949	0.00867	0.02019	0.01559	0.12949	0.01617	0.04705	0.01319	0.00654	0.00573	0.00131	0.00535	0.00535	0.00503	0.63897
5	0.02542	0.03098	0.02068	0.02003	0.07521	0.59762	0.01424	0.05600	0.05772	0.01973	0.01245	0.01416	0.01016	0.00744	0.00655	0.00190	0.01189	0.00499	0.00400	0.00882
6	0.01747	0.01502	0.01592	0.01444	0.01837	0.01734	0.01128	0.03694	0.66628	0.02946	0.02932	0.02865	0.02248	0.01005	0.00735	0.00245	0.00567	0.03320	0.00722	0.01109
7	0.00999	0.00728	0.00939	0.00886	0.01058	0.00668	0.00665	0.01326	0.01994	0.02804	0.66666	0.05404	0.10242	0.01475	0.00840	0.00225	0.00337	0.01300	0.00777	0.00668
8	0.01863	0.01575	0.01662	0.01468	0.01887	0.01814	0.01149	0.10098	0.62783	0.03127	0.02782	0.02564	0.02079	0.00955	0.00723	0.00239	0.00585	0.00789	0.00723	0.01135
9	0.00848	0.00722	0.00730	0.00728	0.00966	0.00604	0.00546	0.01034	0.01638	0.01959	0.09604	0.06795	0.67832	0.01790	0.00842	0.00240	0.00360	0.01495	0.00666	0.00604
10	0.01904	0.75404	0.03731	0.01218	0.01828	0.02818	0.01218	0.02132	0.01447	0.01675	0.00990	0.01142	0.00914	0.00609	0.00457	0.00152	0.00761	0.00381	0.00305	0.00914
11	0.02548	0.01847	0.01985	0.01553	0.02082	0.02040	0.01272	0.55665	0.10105	0.06350	0.01903	0.01884	0.01363	0.00866	0.00702	0.00214	0.00730	0.00662	0.05057	0.01172
12	0.00849	0.00717	0.00734	0.00739	0.00968	0.00603	0.00551	0.01032	0.01626	0.01953	0.09354	0.09631	0.65201	0.01809	0.00844	0.00242	0.00362	0.01517	0.00666	0.00603
13	0.01039	0.00787	0.01156	0.01144	0.01257	0.00923	0.00881	0.01270	0.01134	0.01635	0.01896	0.02890	0.01809	0.10353	0.64482	0.01080	0.04478	0.00778	0.00383	0.00626
14	0.01458	0.08169	0.67060	0.01979	0.03003	0.01726	0.02543	0.02247	0.01500	0.02219	0.01260	0.01481	0.00903	0.00672	0.00663	0.00221	0.01034	0.00517	0.00301	0.01044
15	0.01736	0.01665	0.02843	0.08680	0.66428	0.01685	0.02172	0.02162	0.01609	0.02295	0.01335	0.01771	0.01117	0.00639	0.00705	0.00213	0.00852	0.00634	0.00350	0.01107
16	0.02438	0.02931	0.02206	0.04381	0.16434	0.53039	0.01560	0.05000	0.01966	0.01963	0.01176	0.01416	0.00972	0.00717	0.00660	0.00192	0.01166	0.00506	0.00375	0.00901
17	0.01036	0.00690	0.00777	0.00777	0.00777	0.00690	0.00431	0.01036	0.01036	0.01381	0.02244	0.04660	0.02589	0.74975	0.03624	0.00690	0.00690	0.01036	0.00431	0.00431
18	0.00866	0.00625	0.00821	0.00979	0.01029	0.00579	0.00655	0.00993	0.01376	0.01823	0.04082	0.71265	0.07853	0.02210	0.00906	0.00287	0.00411	0.01999	0.00661	0.00579
19	0.06414	0.01965	0.02085	0.01605	0.02168	0.02179	0.01325	0.64990	0.03245	0.04426	0.01675	0.01683	0.01190	0.00845	0.00699	0.00214	0.00772	0.00629	0.00699	0.01190
20	0.00911	0.00651	0.00876	0.01041	0.01101	0.00616	0.00736	0.01066	0.01406	0.01866	0.03901	0.64206	0.04615	0.02190	0.00920	0.00295	0.00451	0.11901	0.00660	0.00590
21	0.05575	0.02530	0.02021	0.01760	0.04140	0.32459	0.01346	0.29999	0.08104	0.03059	0.01505	0.01584	0.01144	0.00798	0.00672	0.00203	0.00975	0.00565	0.00542	0.01017
22	0.05942	0.02031	0.02086	0.01618	0.02173	0.05284	0.01330	0.62495	0.03199	0.04312	0.01652	0.01668	0.01180	0.00841	0.00698	0.00213	0.00796	0.00622	0.00686	0.01175
23	0.01044	0.00772	0.00979	0.00920	0.01104	0.00730	0.00692	0.01467	0.05730	0.02826	0.64001	0.05230	0.08915	0.01442	0.00834	0.00226	0.00350	0.01269	0.00776	0.00694
24	0.00863	0.00639	0.00806	0.00940	0.01019	0.00583	0.00638	0.00997	0.01413	0.01838	0.04553	0.61581	0.17233	0.02149	0.00896	0.00280	0.00403	0.01925	0.00661	0.00583
25	0.01428	0.03683	0.71286	0.02030	0.03082	0.01654	0.02631	0.02255	0.01503	0.02255	0.01278	0.01503	0.00902	0.00677	0.00677	0.00226	0.01052	0.00526	0.00301	0.01052
26	0.03043	0.01203	0.01620	0.01257	0.01786	0.01058	0.01033	0.03388	0.04631	0.65376	0.05800	0.02561	0.01998	0.00910	0.00722	0.00221	0.00592	0.00745	0.00871	0.01185
27	0.01008	0.00728	0.00952	0.00896	0.01064	0.00672	0.00672	0.01344	0.02016	0.02855	0.70158	0.05319	0.06719	0.01456	0.00840	0.00224	0.00336	0.01288	0.00784	0.00672
28	0.00880	0.00723	0.00775	0.00762	0.00985	0.00618	0.00571	0.01097	0.01714	0.02140	0.21833	0.06497	0.55490	0.01723	0.00841	0.00237	0.00355	0.01453	0.00690	0.00618
29	0.00934	0.00717	0.00854	0.00836	0.01022	0.00638	0.00621	0.01194	0.01816	0.02421	0.41095	0.11082	0.30899	0.01647	0.00846	0.00235	0.00351	0.01425	0.00728	0.00638
30	0.01953	0.62196	0.05348	0.01491	0.06095	0.09225	0.01331	0.02206	0.01513	0.01737	0.01029	0.01203	0.00927	0.00624	0.00495	0.00161	0.00824	0.00408	0.00313	0.00922
31	0.02747	0.01321	0.04123	0.01299	0.01818	0.01163	0.01092	0.03334	0.13120	0.52669	0.07335	0.02625	0.02135	0.00927	0.00724	0.00224	0.00597	0.00763	0.00828	0.01155
32	0.01181	0.12312	0.01353	0.00955	0.01076	0.01105	0.00684	0.01275	0.01124	0.01494	0.01940	0.03628	0.02109	0.46450	0.17770	0.00693	0.03028	0.00864	0.00398	0.00560
33	0.01053	0.00781	0.00958	0.00935	0.01111	0.00734	0.00690	0.05387	0.01882	0.02559	0.39860	0.21303	0.16761	0.01656	0.00848	0.00241	0.00386	0.01454	0.00730	0.00672
34	0.00868	0.00620	0.00826	0.00991	0.01033	0.00578	0.00661	0.00991	0.01363	0.01818	0.03925	0.74510	0.04710	0.02231	0.00909	0.00289	0.00413	0.02024	0.00661	0.00578
35	0.01477	0.01266	0.01477	0.01055	0.01687	0.00949	0.00844	0.01793	0.01477	0.02320	0.01266	0.01477	0.01055	0.00527	0.00527	0.00105	0.00527	0.00422	0.00422	0.79328
36	0.80005	0.01377	0.01047	0.00936	0.01377	0.01597	0.00771	0.02093	0.01212	0.03195	0.00991	0.01157	0.00771	0.00661	0.00441	0.00220	0.00551	0.00386	0.00441	0.00771

[dist]
# distance from previous block
# <min> <max>
0	30

[block]
# block no. 4 follows, 29 sequences, length 23
# corresponding to MSA columns:
# 263-285
name=unknown_E
#
# <colnr> <probs for GDERKNQSTAVLIFYWHMCP>
#	G	D	E	R	K	N	Q	S	T	A	V	L	I	F	Y	W	H	M	C	P
0	0.01771	0.01530	0.01610	0.01449	0.01852	0.01771	0.01127	0.03784	0.69247	0.02979	0.02898	0.02657	0.02174	0.00966	0.00725	0.00242	0.00564	0.00805	0.00725	0.01127
1	0.02573	0.06118	0.02153	0.01963	0.06661	0.60082	0.01421	0.07074	0.02056	0.01959	0.01152	0.01338	0.00950	0.00730	0.00643	0.00186	0.01201	0.00479	0.00386	0.00874
2	0.00866	0.00721	0.00747	0.00742	0.00966	0.00612	0.00551	0.01056	0.01644	0.02003	0.13656	0.06616	0.61220	0.04306	0.00938	0.00254	0.00370	0.01464	0.00666	0.00603
3	0.01218	0.00963	0.01329	0.01246	0.01365	0.01159	0.00968	0.05718	0.01267	0.01814	0.01781	0.02768	0.01712	0.13439	0.47303	0.00890	0.13224	0.00768	0.00399	0.00670
4	0.01135	0.00816	0.01130	0.01287	0.01454	0.00810	0.01122	0.01456	0.01639	0.02122	0.03914	0.07983	0.06858	0.01960	0.00978	0.00324	0.00643	0.63060	0.00656	0.00653
5	0.00866	0.00624	0.00822	0.00980	0.01030	0.00579	0.00656	0.00993	0.01374	0.01822	0.04062	0.71687	0.07444	0.02213	0.00906	0.00287	0.00411	0.02003	0.00661	0.00579
6	0.01805	0.01533	0.01711	0.03477	0.01943	0.01795	0.01211	0.11779	0.46377	0.02938	0.02645	0.02735	0.04011	0.01041	0.00915	0.00249	0.08696	0.03420	0.00661	0.01055
7	0.00868	0.00620	0.00826	0.00991	0.01033	0.00578	0.00661	0.00991	0.01363	0.01818	0.03925	0.74510	0.04710	0.02231	0.00909	0.00289	0.00413	0.02024	0.00661	0.00578
8	0.80005	0.01377	0.01047	0.00936	0.01377	0.01597	0.00771	0.02093	0.01212	0.03195	0.00991	0.01157	0.00771	0.00661	0.00441	0.00220	0.00551	0.00386	0.00441	0.00771
9	0.01904	0.75404	0.03731	0.01218	0.01828	0.02818	0.01218	0.02132	0.01447	0.01675	0.00990	0.01142	0.00914	0.00609	0.00457	0.00152	0.00761	0.00381	0.00305	0.00914
10	0.01024	0.00705	0.00862	0.00872	0.00924	0.00728	0.00565	0.01116	0.01129	0.01551	0.02508	0.08189	0.05861	0.47078	0.20034	0.00735	0.00942	0.01033	0.03635	0.00508
11	0.01241	0.00645	0.00978	0.03946	0.01094	0.00659	0.00675	0.00965	0.00948	0.01261	0.01238	0.02153	0.01225	0.02400	0.02697	0.75984	0.00632	0.00619	0.00310	0.00329
12	0.02707	0.01995	0.02137	0.01638	0.02208	0.02208	0.01353	0.68159	0.03348	0.04488	0.01710	0.01710	0.01211	0.00855	0.00712	0.00214	0.00784	0.00641	0.00712	0.01211
13	0.02646	0.01964	0.02102	0.01626	0.02185	0.02180	0.01339	0.63943	0.07663	0.04389	0.01787	0.01772	0.01274	0.00862	0.00713	0.00216	0.00769	0.00652	0.00713	0.01205
14	0.02622	0.03321	0.02055	0.01943	0.05122	0.69106	0.01410	0.02815	0.02001	0.01768	0.01111	0.01305	0.00926	0.00730	0.00645	0.00185	0.01265	0.00466	0.00366	0.00838
15	0.01730	0.01494	0.01571	0.01417	0.01812	0.01719	0.01101	0.03661	0.66250	0.02932	0.03089	0.02843	0.05190	0.01003	0.00730	0.00241	0.00555	0.00836	0.00722	0.01104
16	0.00843	0.00716	0.00727	0.00735	0.00965	0.00600	0.00547	0.01020	0.01610	0.01918	0.07049	0.10235	0.66968	0.01825	0.00845	0.00243	0.00363	0.01529	0.00661	0.00600
17	0.05163	0.72315	0.03619	0.01207	0.01809	0.02767	0.01200	0.02131	0.01437	0.01739	0.00990	0.01143	0.00908	0.00611	0.00456	0.00155	0.00753	0.00381	0.00310	0.00908
18	0.00865	0.00631	0.00815	0.00963	0.01025	0.00581	0.00648	0.00995	0.01391	0.01829	0.04275	0.67303	0.11691	0.02185	0.00902	0.00284	0.00408	0.01969	0.00661	0.00581
19	0.01018	0.00759	0.01127	0.01127	0.01248	0.00880	0.00868	0.01260	0.01139	0.01640	0.01924	0.02888	0.01819	0.08712	0.68835	0.01122	0.01848	0.00776	0.00384	0.00626
20	0.00876	0.00626	0.00833	0.00986	0.01035	0.00584	0.00662	0.01011	0.01400	0.01877	0.07679	0.70589	0.04823	0.02187	0.00905	0.00285	0.00409	0.01983	0.00668	0.00584
21	0.01558	0.01558	0.02181	0.01869	0.01869	0.02181	0.01558	0.01714	0.01091	0.01714	0.00935	0.01558	0.00935	0.01246	0.02337	0.00312	0.73672	0.00623	0.00312	0.00779
22	0.01389	0.01352	0.02407	0.64035	0.04749	0.01611	0.10643	0.01880	0.01458	0.01880	0.01289	0.01901	0.00966	0.00697	0.00729	0.00238	0.00982	0.00660	0.00322	0.00813

[dist]
# distance from previous block
# <min> <max>
0	1

[block]
# block no. 5 follows, 29 sequences, length 6
# corresponding to MSA columns:
# 287-292
name=unknown_F
#
# <colnr> <probs for GDERKNQSTAVLIFYWHMCP>
#	G	D	E	R	K	N	Q	S	T	A	V	L	I	F	Y	W	H	M	C	P
0	0.01399	0.01321	0.02233	0.64373	0.13373	0.01596	0.02004	0.01867	0.01449	0.01885	0.01275	0.01881	0.00972	0.00702	0.00711	0.00234	0.00936	0.00633	0.00321	0.00834
1	0.01024	0.00735	0.01002	0.01002	0.01080	0.00813	0.00713	0.01180	0.01102	0.01548	0.02037	0.03518	0.02093	0.32266	0.45655	0.00969	0.01437	0.00868	0.00401	0.00557
2	0.01063	0.00748	0.01074	0.01074	0.01206	0.00857	0.00832	0.01329	0.01196	0.01800	0.01968	0.02776	0.01787	0.04677	0.61607	0.01000	0.01675	0.00748	0.11942	0.00640
3	0.01971	0.46441	0.12103	0.01377	0.02010	0.02410	0.01388	0.15627	0.01846	0.02386	0.01256	0.01397	0.01028	0.00682	0.00541	0.00175	0.00778	0.00470	0.05136	0.00978
4	0.00877	0.00633	0.00814	0.00955	0.01009	0.00588	0.00635	0.00997	0.01361	0.01795	0.04066	0.64190	0.09747	0.07367	0.01097	0.00314	0.00429	0.01913	0.00645	0.00570
5	0.01910	0.00990	0.01262	0.01086	0.01433	0.00912	0.00864	0.02348	0.07822	0.29220	0.26743	0.04291	0.12465	0.01259	0.00789	0.00231	0.00480	0.04189	0.00795	0.00912

[dist]
# distance from previous block
# <min> <max>
0	5

[block]
# block no. 6 follows, 29 sequences, length 15
# corresponding to MSA columns:
# 298-312
name=unknown_G
#
# <colnr> <probs for GDERKNQSTAVLIFYWHMCP>
#	G	D	E	R	K	N	Q	S	T	A	V	L	I	F	Y	W	H	M	C	P
0	0.02449	0.07051	0.02029	0.01718	0.02073	0.57411	0.01316	0.04786	0.01934	0.01854	0.01194	0.01427	0.01005	0.01001	0.04563	0.00238	0.03617	0.00489	0.03017	0.00826
1	0.80005	0.01377	0.01047	0.00936	0.01377	0.01597	0.00771	0.02093	0.01212	0.03195	0.00991	0.01157	0.00771	0.00661	0.00441	0.00220	0.00551	0.00386	0.00441	0.00771
2	0.00852	0.00717	0.00739	0.00743	0.00970	0.00604	0.00553	0.01038	0.01633	0.01969	0.10481	0.09774	0.63890	0.01803	0.00844	0.00242	0.00362	0.01514	0.00668	0.00604
3	0.00868	0.00620	0.00826	0.00991	0.01033	0.00578	0.00661	0.00991	0.01363	0.01818	0.03925	0.74510	0.04710	0.02231	0.00909	0.00289	0.00413	0.02024	0.00661	0.00578
4	0.04819	0.01673	0.02595	0.20075	0.48860	0.05484	0.02037	0.02132	0.01581	0.02212	0.01296	0.01744	0.01061	0.00659	0.00693	0.00216	0.00882	0.00615	0.00348	0.01019
5	0.01712	0.01640	0.02799	0.12717	0.62583	0.01679	0.02160	0.02141	0.01597	0.02265	0.01330	0.01779	0.01106	0.00644	0.00706	0.00215	0.00858	0.00634	0.00348	0.01087
6	0.72664	0.01485	0.04587	0.01006	0.01482	0.01576	0.00876	0.02162	0.01263	0.06159	0.01087	0.01230	0.00822	0.00672	0.00465	0.00221	0.00578	0.00407	0.00453	0.00805
7	0.05749	0.01272	0.02075	0.69214	0.04707	0.01583	0.01910	0.01835	0.01412	0.01896	0.01250	0.01857	0.00939	0.00709	0.00697	0.00236	0.00927	0.00619	0.00323	0.00790
8	0.01456	0.03490	0.63921	0.02136	0.03152	0.01670	0.09802	0.02258	0.01523	0.02258	0.01296	0.01549	0.00922	0.00668	0.00694	0.00227	0.01069	0.00561	0.00307	0.01042
9	0.00933	0.00725	0.00848	0.00817	0.01018	0.00640	0.00613	0.01199	0.01839	0.02436	0.41825	0.06009	0.35313	0.01612	0.00841	0.00231	0.00347	0.01385	0.00729	0.00640
10	0.01083	0.00744	0.00866	0.00883	0.00926	0.00744	0.00545	0.04748	0.01253	0.01672	0.02670	0.23463	0.03088	0.51110	0.02725	0.00555	0.00620	0.01282	0.00509	0.00515
11	0.00884	0.00644	0.00833	0.00953	0.01030	0.00593	0.00651	0.01043	0.01478	0.01970	0.13338	0.58543	0.11245	0.02084	0.00893	0.00276	0.00398	0.01873	0.00678	0.00593
12	0.01771	0.01530	0.01610	0.01449	0.01852	0.01771	0.01127	0.03784	0.69247	0.02979	0.02898	0.02657	0.02174	0.00966	0.00725	0.00242	0.00564	0.00805	0.00725	0.01127
13	0.80005	0.01377	0.01047	0.00936	0.01377	0.01597	0.00771	0.02093	0.01212	0.03195	0.00991	0.01157	0.00771	0.00661	0.00441	0.00220	0.00551	0.00386	0.00441	0.00771
14	0.01327	0.00664	0.00664	0.00664	0.00830	0.00664	0.00498	0.01659	0.01493	0.02655	0.02323	0.02655	0.01825	0.00830	0.00498	0.00166	0.00332	0.00664	0.78928	0.00664

[dist]
# distance from previous block
# <min> <max>
5	6

[block]
# block no. 7 follows, 29 sequences, length 30
# corresponding to MSA columns:
# 320-349
name=unknown_H
#
# <colnr> <probs for GDERKNQSTAVLIFYWHMCP>
#	G	D	E	R	K	N	Q	S	T	A	V	L	I	F	Y	W	H	M	C	P
0	0.05390	0.01580	0.01959	0.24831	0.09189	0.04848	0.01518	0.11126	0.23457	0.05973	0.01907	0.02069	0.01421	0.00811	0.00700	0.00229	0.00775	0.00674	0.00536	0.01004
1	0.30873	0.02527	0.36678	0.06217	0.02494	0.01594	0.01806	0.02234	0.01419	0.06397	0.01255	0.01451	0.00904	0.00684	0.00593	0.00224	0.00833	0.00491	0.00386	0.00939
2	0.71592	0.01452	0.01110	0.00987	0.01420	0.04270	0.00806	0.04510	0.01330	0.03168	0.01067	0.01232	0.00828	0.00677	0.00460	0.00217	0.00580	0.00407	0.03102	0.00786
3	0.02362	0.01687	0.01804	0.01421	0.01883	0.01851	0.01149	0.52641	0.02878	0.03955	0.01846	0.02097	0.01418	0.07040	0.00924	0.00246	0.00708	0.00677	0.12348	0.01064
4	0.58217	0.03517	0.01203	0.04223	0.01535	0.01470	0.00843	0.02067	0.01393	0.07422	0.10672	0.01846	0.01669	0.00786	0.00526	0.00220	0.00549	0.00543	0.00507	0.00791
5	0.01595	0.01264	0.01603	0.10143	0.01965	0.01516	0.01183	0.12620	0.08996	0.02561	0.05940	0.02343	0.01749	0.01524	0.09884	0.00348	0.17194	0.00713	0.16019	0.00841
6	0.01811	0.01215	0.01470	0.01148	0.01669	0.01021	0.00922	0.05778	0.03792	0.15797	0.04308	0.07019	0.01862	0.00863	0.00645	0.00168	0.00552	0.04857	0.00580	0.44520
7	0.01345	0.01266	0.02136	0.73264	0.04904	0.01582	0.01978	0.01819	0.01424	0.01819	0.01266	0.01898	0.00949	0.00712	0.00712	0.00237	0.00949	0.00633	0.00316	0.00791
8	0.00868	0.00620	0.00826	0.00991	0.01033	0.00578	0.00661	0.00991	0.01363	0.01818	0.03925	0.74510	0.04710	0.02231	0.00909	0.00289	0.00413	0.02024	0.00661	0.00578
9	0.00868	0.00620	0.00826	0.00991	0.01033	0.00578	0.00661	0.00991	0.01363	0.01818	0.03925	0.74510	0.04710	0.02231	0.00909	0.00289	0.00413	0.02024	0.00661	0.00578
10	0.01477	0.01266	0.01477	0.01055	0.01687	0.00949	0.00844	0.01793	0.01477	0.02320	0.01266	0.01477	0.01055	0.00527	0.00527	0.00105	0.00527	0.00422	0.00422	0.79328
11	0.01771	0.01530	0.01610	0.01449	0.01852	0.01771	0.01127	0.03784	0.69247	0.02979	0.02898	0.02657	0.02174	0.00966	0.00725	0.00242	0.00564	0.00805	0.00725	0.01127
12	0.01449	0.06876	0.68278	0.01993	0.03026	0.01706	0.02568	0.02250	0.01501	0.02229	0.01265	0.01487	0.00903	0.00674	0.00667	0.00222	0.01039	0.00520	0.00301	0.01046
13	0.01017	0.00763	0.01144	0.01144	0.01272	0.00890	0.00890	0.01272	0.01144	0.01653	0.01907	0.02797	0.01780	0.05340	0.72153	0.01144	0.01907	0.00763	0.00381	0.00636
14	0.00877	0.00634	0.00813	0.00953	0.01009	0.00588	0.00634	0.00997	0.01364	0.01797	0.04103	0.63664	0.10420	0.07193	0.01089	0.00312	0.00427	0.01910	0.00645	0.00570
15	0.01122	0.00790	0.01004	0.00946	0.01137	0.00748	0.00710	0.01546	0.06306	0.05246	0.57086	0.09595	0.08096	0.01465	0.00832	0.00230	0.00366	0.01290	0.00772	0.00713
16	0.00925	0.00766	0.00817	0.00811	0.01042	0.00681	0.00612	0.01230	0.05424	0.02110	0.15290	0.08778	0.53771	0.01729	0.00841	0.00242	0.00379	0.03229	0.00681	0.00641
17	0.00866	0.00626	0.00819	0.00974	0.01028	0.00580	0.00653	0.00993	0.01380	0.01825	0.04139	0.70105	0.08977	0.02203	0.00904	0.00286	0.00410	0.01990	0.00661	0.00580
18	0.00868	0.00620	0.00826	0.00991	0.01033	0.00578	0.00661	0.00991	0.01363	0.01818	0.03925	0.74510	0.04710	0.02231	0.00909	0.00289	0.00413	0.02024	0.00661	0.00578
19	0.01995	0.66715	0.03525	0.01293	0.01873	0.11179	0.01237	0.02218	0.01516	0.01683	0.01003	0.01159	0.00914	0.00624	0.00479	0.00156	0.00825	0.00390	0.00312	0.00903
20	0.01458	0.08174	0.67056	0.01979	0.03003	0.01727	0.02542	0.02247	0.01500	0.02219	0.01260	0.01481	0.00903	0.00672	0.00663	0.00221	0.01034	0.00517	0.00301	0.01044
21	0.04831	0.53688	0.10401	0.01354	0.01977	0.09033	0.01354	0.02297	0.01536	0.06278	0.01148	0.01277	0.00963	0.00647	0.00513	0.00170	0.00823	0.00425	0.00352	0.00934
22	0.01528	0.05642	0.24797	0.02450	0.05413	0.01667	0.35107	0.02126	0.01579	0.02198	0.01629	0.09451	0.01404	0.00799	0.00774	0.00236	0.01039	0.00840	0.00371	0.00952
23	0.01934	0.65386	0.07727	0.01316	0.01934	0.08167	0.01317	0.02195	0.01495	0.01716	0.01016	0.01175	0.00913	0.00623	0.00485	0.00159	0.00820	0.00396	0.00309	0.00915
24	0.06967	0.60221	0.07538	0.01275	0.01876	0.02565	0.01280	0.02182	0.01449	0.04938	0.01088	0.01238	0.00943	0.00652	0.00549	0.00170	0.03393	0.00414	0.00339	0.00922
25	0.01904	0.75404	0.03731	0.01218	0.01828	0.02818	0.01218	0.02132	0.01447	0.01675	0.00990	0.01142	0.00914	0.00609	0.00457	0.00152	0.00761	0.00381	0.00305	0.00914
26	0.02967	0.01156	0.01574	0.01236	0.01740	0.01003	0.01008	0.03235	0.01994	0.64137	0.05270	0.07184	0.02129	0.00989	0.00733	0.00225	0.00584	0.00821	0.00864	0.01152
27	0.01053	0.00789	0.01015	0.01128	0.01316	0.00752	0.00959	0.01335	0.01634	0.02067	0.04838	0.07666	0.24611	0.01916	0.00940	0.00301	0.00564	0.45819	0.00657	0.00639
28	0.00878	0.00624	0.00823	0.00978	0.01017	0.00585	0.00647	0.00994	0.01343	0.01791	0.03822	0.70240	0.04580	0.06678	0.01075	0.00314	0.00430	0.01964	0.00647	0.00569
29	0.00856	0.00667	0.00778	0.00867	0.01000	0.00589	0.00606	0.01006	0.01483	0.01867	0.05442	0.43298	0.34943	0.02034	0.00878	0.00267	0.00389	0.01784	0.00661	0.00589

[dist]
# distance from previous block
# <min> <max>
0	2

[block]
# block no. 8 follows, 29 sequences, length 13
# corresponding to MSA columns:
# 352-364
name=unknown_I
#
# <colnr> <probs for GDERKNQSTAVLIFYWHMCP>
#	G	D	E	R	K	N	Q	S	T	A	V	L	I	F	Y	W	H	M	C	P
0	0.01702	0.06807	0.04074	0.02983	0.08500	0.01861	0.58667	0.02264	0.01661	0.02244	0.01403	0.01857	0.01073	0.00603	0.00805	0.00232	0.01145	0.00795	0.00356	0.00970
1	0.01026	0.00686	0.00779	0.00789	0.00791	0.00684	0.00445	0.01033	0.01054	0.01406	0.02341	0.08693	0.02711	0.70775	0.03467	0.00667	0.00674	0.01093	0.00445	0.00440
2	0.01293	0.00672	0.00701	0.00701	0.00857	0.00680	0.00521	0.01605	0.01449	0.02530	0.02292	0.02755	0.01857	0.04493	0.05421	0.00255	0.00453	0.00687	0.70128	0.00651
3	0.02542	0.02136	0.11199	0.01653	0.02278	0.02024	0.01488	0.51747	0.05508	0.09552	0.01787	0.01777	0.01252	0.00838	0.00708	0.00217	0.00796	0.00638	0.00672	0.01187
4	0.01904	0.75404	0.03731	0.01218	0.01828	0.02818	0.01218	0.02132	0.01447	0.01675	0.00990	0.01142	0.00914	0.00609	0.00457	0.00152	0.00761	0.00381	0.00305	0.00914
5	0.02224	0.01866	0.01832	0.01484	0.01983	0.09465	0.01187	0.32102	0.19401	0.03406	0.01899	0.01904	0.01422	0.00819	0.00671	0.00199	0.00726	0.00630	0.03805	0.12976
6	0.01022	0.00685	0.00781	0.00793	0.00797	0.00682	0.00449	0.01032	0.01061	0.01415	0.02375	0.10128	0.02755	0.69281	0.03412	0.00659	0.00669	0.01113	0.00449	0.00443
7	0.02636	0.01849	0.01999	0.01544	0.02083	0.02023	0.01272	0.59288	0.03131	0.08456	0.01822	0.01823	0.01290	0.00855	0.00697	0.00211	0.00739	0.00647	0.06465	0.01171
8	0.02760	0.01909	0.02084	0.01598	0.02166	0.02082	0.01320	0.61108	0.03205	0.11741	0.01829	0.01787	0.01271	0.00858	0.00713	0.00214	0.00764	0.00649	0.00731	0.01211
9	0.00897	0.00724	0.00798	0.00780	0.00996	0.00625	0.00585	0.01130	0.01754	0.02235	0.28271	0.06340	0.48993	0.01687	0.00841	0.00235	0.00352	0.01431	0.00702	0.00625
10	0.02707	0.01995	0.02137	0.01638	0.02208	0.02208	0.01353	0.68159	0.03348	0.04488	0.01710	0.01710	0.01211	0.00855	0.00712	0.00214	0.00784	0.00641	0.00712	0.01211
11	0.01017	0.00758	0.00982	0.01058	0.01151	0.00749	0.00742	0.04226	0.01498	0.02036	0.08777	0.59850	0.04405	0.02003	0.00949	0.00276	0.03861	0.01783	0.00649	0.03229
12	0.05227	0.57441	0.03278	0.01285	0.01852	0.02588	0.01223	0.09371	0.01655	0.05295	0.01151	0.01284	0.00981	0.00681	0.00584	0.00172	0.04164	0.00436	0.00382	0.00948

[dist]
# distance from previous block
# <min> <max>
0	3

[block]
# block no. 9 follows, 29 sequences, length 20
# corresponding to MSA columns:
# 368-387
name=unknown_J
#
# <colnr> <probs for GDERKNQSTAVLIFYWHMCP>
#	G	D	E	R	K	N	Q	S	T	A	V	L	I	F	Y	W	H	M	C	P
0	0.07259	0.05599	0.11588	0.12573	0.20742	0.14583	0.07465	0.05461	0.01716	0.04585	0.01313	0.01623	0.01022	0.00686	0.00674	0.00213	0.00963	0.00580	0.00383	0.00974
1	0.68354	0.06622	0.03529	0.01035	0.01503	0.05130	0.00891	0.02138	0.01277	0.02990	0.01006	0.01173	0.00792	0.00661	0.00459	0.00214	0.00617	0.00393	0.00423	0.00793
2	0.01458	0.05567	0.01312	0.01048	0.01337	0.01042	0.00824	0.02067	0.13923	0.11158	0.41162	0.04336	0.09388	0.01269	0.00780	0.00223	0.00438	0.01090	0.00747	0.00830
3	0.02481	0.01820	0.01964	0.01538	0.02045	0.02014	0.01257	0.57804	0.05180	0.04122	0.01801	0.01928	0.01340	0.03450	0.04289	0.00273	0.00809	0.00666	0.04087	0.01131
4	0.01008	0.00748	0.01099	0.01111	0.01224	0.00856	0.00846	0.01237	0.01153	0.01648	0.02070	0.07938	0.02036	0.09446	0.62906	0.01056	0.01727	0.00868	0.00404	0.00619
5	0.02707	0.01995	0.02137	0.01638	0.02208	0.02208	0.01353	0.68159	0.03348	0.04488	0.01710	0.01710	0.01211	0.00855	0.00712	0.00214	0.00784	0.00641	0.00712	0.01211
6	0.00878	0.00624	0.00823	0.00978	0.01017	0.00585	0.00647	0.00994	0.01343	0.01791	0.03820	0.70169	0.04578	0.06752	0.01078	0.00314	0.00430	0.01963	0.00647	0.00569
7	0.01162	0.00998	0.01337	0.12693	0.01895	0.05408	0.01080	0.01439	0.01257	0.01695	0.01880	0.07012	0.01776	0.04122	0.51878	0.00887	0.01623	0.00802	0.00388	0.00669
8	0.11359	0.01229	0.01588	0.01232	0.01771	0.01105	0.01017	0.03324	0.01950	0.63817	0.02616	0.02289	0.01657	0.00858	0.00687	0.00220	0.00600	0.00681	0.00834	0.01165
9	0.09706	0.01277	0.02020	0.65576	0.04529	0.01584	0.01849	0.01848	0.01401	0.01966	0.01236	0.01820	0.00930	0.00707	0.00683	0.00236	0.00907	0.00607	0.00330	0.00789
10	0.00842	0.00721	0.00721	0.00721	0.00962	0.00601	0.00541	0.01022	0.01623	0.01924	0.07213	0.06853	0.70244	0.01803	0.00842	0.00240	0.00361	0.01503	0.00661	0.00601
11	0.01477	0.03395	0.61392	0.02368	0.12839	0.01659	0.02566	0.02245	0.01520	0.02265	0.01287	0.01541	0.00935	0.00670	0.00681	0.00223	0.01022	0.00542	0.00308	0.01063
12	0.02521	0.01912	0.02109	0.01789	0.06789	0.04157	0.01375	0.53292	0.02960	0.06312	0.01905	0.01941	0.04203	0.00897	0.00795	0.00219	0.04341	0.00674	0.00661	0.01146
13	0.00853	0.00722	0.00737	0.00734	0.00969	0.00606	0.00550	0.01044	0.01651	0.01989	0.11624	0.06745	0.65793	0.01779	0.00841	0.00239	0.00359	0.01488	0.00670	0.00606
14	0.51095	0.01769	0.12122	0.01216	0.01744	0.01643	0.01137	0.02478	0.15740	0.03002	0.01442	0.01530	0.01090	0.00728	0.00538	0.00226	0.00632	0.00497	0.00479	0.00891
15	0.02037	0.01554	0.01723	0.01331	0.01861	0.01542	0.01073	0.35250	0.02412	0.03380	0.01771	0.08374	0.01497	0.00860	0.00655	0.00179	0.00640	0.00689	0.03239	0.29934
16	0.01102	0.00766	0.00983	0.01061	0.01183	0.00732	0.00754	0.05716	0.01561	0.04114	0.05941	0.58917	0.04306	0.02003	0.00880	0.00276	0.00459	0.05522	0.00668	0.03056
17	0.01428	0.03683	0.71286	0.02030	0.03082	0.01654	0.02631	0.02255	0.01503	0.02255	0.01278	0.01503	0.00902	0.00677	0.00677	0.00226	0.01052	0.00526	0.00301	0.01052
18	0.01270	0.01019	0.01099	0.01001	0.01251	0.03078	0.00759	0.08851	0.08320	0.02655	0.32000	0.04948	0.23424	0.05986	0.00982	0.00257	0.00464	0.01192	0.00701	0.00743
19	0.01508	0.01854	0.10762	0.02488	0.05206	0.01619	0.40509	0.02002	0.01545	0.02143	0.01776	0.13821	0.01646	0.00947	0.00987	0.00253	0.08668	0.00972	0.00398	0.00894

[dist]
# distance from previous block
# <min> <max>
0	3

[block]
# block no. 10 follows, 29 sequences, length 33
# corresponding to MSA columns:
# 391-423
name=unknown_K
#
# <colnr> <probs for GDERKNQSTAVLIFYWHMCP>
#	G	D	E	R	K	N	Q	S	T	A	V	L	I	F	Y	W	H	M	C	P
0	0.53513	0.07331	0.01535	0.01157	0.01631	0.06326	0.00961	0.15417	0.01711	0.03245	0.01143	0.01275	0.00880	0.00701	0.00509	0.00211	0.00661	0.00441	0.00480	0.00874
1	0.14218	0.01757	0.01718	0.01488	0.03830	0.06891	0.01156	0.29518	0.18313	0.03419	0.02364	0.02323	0.08104	0.00929	0.00681	0.00222	0.00692	0.00711	0.00633	0.01033
2	0.01355	0.00828	0.01044	0.01049	0.01238	0.00783	0.00761	0.03721	0.05577	0.13004	0.08722	0.45034	0.10466	0.01802	0.00850	0.00264	0.00454	0.01598	0.00710	0.00740
