[name]
unknown

[dist]
# distance from previous block
# <min> <max>
20	96

[block]
# block no. 0 follows, 30 sequences, length 18
# corresponding to MSA columns:
# 122-139
name=unknown_A
#
# <colnr> <probs for GDERKNQSTAVLIFYWHMCP>
#	G	D	E	R	K	N	Q	S	T	A	V	L	I	F	Y	W	H	M	C	P
0	0.01880	0.05187	0.06870	0.01807	0.05831	0.10380	0.10220	0.15486	0.05578	0.04385	0.01753	0.10734	0.01553	0.00917	0.00793	0.00212	0.05286	0.00766	0.00490	0.09874
1	0.07625	0.05813	0.08227	0.01359	0.01906	0.07241	0.01188	0.18151	0.09145	0.04689	0.03767	0.04359	0.01454	0.00780	0.00621	0.00184	0.00694	0.00603	0.00524	0.21671
2	0.02044	0.22765	0.08926	0.01688	0.06119	0.20114	0.03854	0.02581	0.10916	0.08173	0.05195	0.01782	0.01458	0.00751	0.00620	0.00192	0.00863	0.00570	0.00449	0.00941
3	0.09223	0.26879	0.07970	0.01366	0.04087	0.09298	0.01203	0.02283	0.03582	0.11171	0.08087	0.01818	0.01597	0.00739	0.00574	0.00180	0.00720	0.00546	0.00460	0.08216
4	0.08919	0.19427	0.07936	0.01323	0.03958	0.04846	0.01138	0.06623	0.07173	0.04663	0.10642	0.08913	0.05704	0.01081	0.02315	0.00225	0.00674	0.00783	0.00508	0.03147
5	0.04233	0.01580	0.09727	0.01248	0.01697	0.07381	0.01097	0.04502	0.10840	0.14233	0.19013	0.03140	0.09097	0.01018	0.00707	0.00208	0.00609	0.00837	0.00628	0.08204
6	0.01795	0.02060	0.18034	0.01430	0.01942	0.13435	0.01353	0.07043	0.05580	0.10457	0.21891	0.02710	0.02753	0.00939	0.00705	0.00206	0.00739	0.00761	0.00568	0.05597
7	0.01821	0.01351	0.01721	0.01348	0.01818	0.01295	0.06468	0.20115	0.04538	0.08942	0.11959	0.09644	0.02348	0.00957	0.00697	0.00193	0.00608	0.00826	0.00611	0.22741
8	0.43115	0.05828	0.01426	0.01114	0.01571	0.01631	0.00912	0.05253	0.18634	0.06670	0.01585	0.01614	0.01199	0.00730	0.00534	0.00209	0.00566	0.00511	0.00527	0.06371
9	0.01396	0.07779	0.53043	0.06236	0.02862	0.01601	0.05186	0.02070	0.01466	0.02121	0.04139	0.01829	0.01227	0.05137	0.00837	0.00245	0.00963	0.00587	0.00325	0.00951
10	0.01727	0.01658	0.02832	0.04283	0.71123	0.01658	0.02142	0.02142	0.01589	0.02280	0.01313	0.01727	0.01105	0.00622	0.00691	0.00207	0.00829	0.00622	0.00345	0.01105
11	0.01318	0.01240	0.02093	0.73798	0.04806	0.01550	0.01938	0.01783	0.01395	0.01783	0.01240	0.01860	0.00930	0.00698	0.00698	0.00233	0.00930	0.00620	0.00310	0.00775
12	0.01784	0.01676	0.02787	0.04120	0.66922	0.01689	0.02092	0.06202	0.01692	0.02409	0.01335	0.01724	0.01110	0.00635	0.00691	0.00207	0.00825	0.00622	0.00367	0.01110
13	0.01357	0.01296	0.02237	0.66423	0.08285	0.01567	0.05397	0.01825	0.01419	0.01833	0.01253	0.01854	0.00946	0.00688	0.00704	0.00231	0.00938	0.00631	0.00314	0.00801
14	0.01688	0.15683	0.41226	0.01670	0.02484	0.01768	0.01930	0.04376	0.09052	0.07485	0.01502	0.01608	0.01103	0.00695	0.00627	0.00203	0.00862	0.00533	0.00402	0.05104
15	0.04217	0.37030	0.27770	0.01477	0.02204	0.02096	0.01651	0.04622	0.01559	0.06833	0.03799	0.01505	0.01165	0.00680	0.00565	0.00186	0.00817	0.00489	0.00372	0.00962
16	0.04583	0.13102	0.18334	0.01573	0.02207	0.03682	0.06992	0.09860	0.10840	0.04637	0.01654	0.05597	0.01345	0.00773	0.00638	0.00198	0.00775	0.00633	0.00462	0.12116
17	0.05255	0.26905	0.27680	0.01443	0.02160	0.01813	0.01594	0.02208	0.01530	0.10073	0.05450	0.01664	0.01331	0.00696	0.00582	0.00186	0.00778	0.00519	0.00406	0.07728

[dist]
# distance from previous block
# <min> <max>
1	16

[block]
# block no. 1 follows, 30 sequences, length 17
# corresponding to MSA columns:
# 156-172
name=unknown_B
#
# <colnr> <probs for GDERKNQSTAVLIFYWHMCP>
#	G	D	E	R	K	N	Q	S	T	A	V	L	I	F	Y	W	H	M	C	P
0	0.02004	0.01644	0.02119	0.03803	0.08366	0.01782	0.08047	0.28957	0.15750	0.03241	0.04954	0.02070	0.01596	0.00839	0.00777	0.00216	0.04248	0.00697	0.03789	0.05102
1	0.01309	0.01180	0.01793	0.04599	0.08191	0.01140	0.10911	0.01777	0.08307	0.02155	0.05561	0.23878	0.04798	0.01194	0.00808	0.00222	0.03472	0.01087	0.00513	0.17104
2	0.01972	0.02031	0.02059	0.01751	0.01958	0.19705	0.01418	0.12623	0.01664	0.02146	0.01092	0.01480	0.00960	0.01003	0.01541	0.00250	0.40951	0.00564	0.00386	0.04447
3	0.01447	0.01240	0.01447	0.01034	0.01654	0.00930	0.00827	0.01757	0.01447	0.02274	0.01240	0.01447	0.01034	0.00517	0.00517	0.00103	0.00517	0.00413	0.00413	0.79742
4	0.00956	0.00651	0.00900	0.01029	0.01091	0.00635	0.00741	0.01065	0.01311	0.01748	0.03331	0.48572	0.03858	0.02390	0.06269	0.10821	0.00577	0.12922	0.00582	0.00549
5	0.01314	0.00792	0.01101	0.01041	0.01090	0.00867	0.00742	0.05842	0.01113	0.01515	0.01326	0.02229	0.01302	0.06734	0.07588	0.57194	0.06789	0.00642	0.00344	0.00434
6	0.01706	0.01636	0.02794	0.07897	0.67675	0.01652	0.02131	0.02123	0.01579	0.02254	0.01309	0.01734	0.01096	0.00626	0.00691	0.00209	0.00834	0.00622	0.00344	0.01088
7	0.01736	0.01499	0.01578	0.01420	0.01815	0.01736	0.01105	0.03708	0.69862	0.02919	0.02840	0.02604	0.02130	0.00947	0.00710	0.00237	0.00552	0.00789	0.00710	0.01105
8	0.02600	0.01880	0.02029	0.01573	0.02117	0.02074	0.01294	0.60276	0.08726	0.07500	0.01823	0.01786	0.01291	0.00848	0.00699	0.00212	0.00742	0.00645	0.00707	0.01180
9	0.00861	0.00621	0.00819	0.00973	0.01029	0.00579	0.00664	0.00995	0.01360	0.01800	0.03992	0.68726	0.07729	0.02155	0.00891	0.00283	0.00413	0.04892	0.00648	0.00571
10	0.01301	0.00650	0.00650	0.00650	0.00813	0.00650	0.00488	0.01626	0.01463	0.02602	0.02276	0.02602	0.01789	0.00813	0.00488	0.00163	0.00325	0.00650	0.79350	0.00650
11	0.02653	0.01955	0.02094	0.01606	0.02164	0.02164	0.01326	0.68796	0.03281	0.04398	0.01675	0.01675	0.01187	0.00838	0.00698	0.00209	0.00768	0.00628	0.00698	0.01187
12	0.00998	0.00744	0.01103	0.01103	0.01221	0.00862	0.00849	0.01234	0.01116	0.01606	0.01886	0.02836	0.01786	0.08892	0.69108	0.01098	0.01807	0.00762	0.00376	0.00613
13	0.01014	0.00681	0.00783	0.00783	0.00790	0.00688	0.00450	0.01029	0.01021	0.01369	0.02179	0.04457	0.02489	0.71249	0.07714	0.00703	0.00748	0.00999	0.00420	0.00435
14	0.01318	0.01240	0.02093	0.73798	0.04806	0.01550	0.01938	0.01783	0.01395	0.01783	0.01240	0.01860	0.00930	0.00698	0.00698	0.00233	0.00930	0.00620	0.00310	0.00775
15	0.01499	0.01360	0.02177	0.58664	0.12035	0.01624	0.01899	0.08579	0.01607	0.02103	0.01292	0.01827	0.00976	0.00703	0.00697	0.00227	0.00902	0.00621	0.00353	0.00854
16	0.01805	0.04431	0.12002	0.01904	0.02304	0.21142	0.12246	0.02233	0.05444	0.01949	0.03837	0.01805	0.01270	0.03688	0.01226	0.00251	0.20614	0.00630	0.00371	0.00848

[dist]
# distance from previous block
# <min> <max>
0	1

[block]
# block no. 2 follows, 30 sequences, length 35
# corresponding to MSA columns:
# 174-208
name=unknown_C
#
# <colnr> <probs for GDERKNQSTAVLIFYWHMCP>
#	G	D	E	R	K	N	Q	S	T	A	V	L	I	F	Y	W	H	M	C	P
0	0.43699	0.01635	0.03971	0.01175	0.01657	0.09531	0.00989	0.04993	0.01596	0.22517	0.01528	0.01535	0.01070	0.00725	0.00550	0.00212	0.00664	0.00493	0.00552	0.00911
1	0.02511	0.02017	0.06119	0.01614	0.02188	0.02100	0.01383	0.60006	0.08199	0.04159	0.01739	0.01734	0.01240	0.00836	0.00697	0.00212	0.00767	0.00634	0.00675	0.01171
2	0.01301	0.00650	0.00650	0.00650	0.00813	0.00650	0.00488	0.01626	0.01463	0.02602	0.02276	0.02602	0.01789	0.00813	0.00488	0.00163	0.00325	0.00650	0.79350	0.00650
3	0.05056	0.01888	0.01977	0.01551	0.02056	0.04148	0.01272	0.56748	0.05940	0.04044	0.01683	0.01718	0.01220	0.00845	0.00736	0.00212	0.03364	0.00622	0.03798	0.01121
4	0.01527	0.01527	0.02137	0.01832	0.01832	0.02137	0.01527	0.01679	0.01069	0.01679	0.00916	0.01527	0.00916	0.01221	0.02290	0.00305	0.74198	0.00611	0.00305	0.00763
5	0.80405	0.01350	0.01026	0.00918	0.01350	0.01565	0.00756	0.02051	0.01188	0.03131	0.00972	0.01134	0.00756	0.00648	0.00432	0.00216	0.00540	0.00378	0.00432	0.00756
6	0.02124	0.15068	0.25302	0.01627	0.02327	0.06321	0.01677	0.21737	0.04502	0.10520	0.01541	0.01600	0.01113	0.00738	0.00640	0.00203	0.00854	0.00551	0.00495	0.01060
7	0.13350	0.01893	0.14811	0.01454	0.02024	0.01636	0.01353	0.13306	0.25237	0.14677	0.02076	0.01996	0.01483	0.00819	0.00658	0.00223	0.00681	0.00639	0.00616	0.01068
8	0.01301	0.00650	0.00650	0.00650	0.00813	0.00650	0.00488	0.01626	0.01463	0.02602	0.02276	0.02602	0.01789	0.00813	0.00488	0.00163	0.00325	0.00650	0.79350	0.00650
9	0.01406	0.01330	0.02252	0.58887	0.19032	0.01573	0.01982	0.01860	0.01437	0.01890	0.01256	0.01832	0.00968	0.00681	0.00696	0.00227	0.00909	0.00620	0.00318	0.00846
10	0.00998	0.00742	0.01091	0.01091	0.01205	0.00856	0.00834	0.01226	0.01112	0.01597	0.01897	0.02897	0.01812	0.11209	0.66827	0.01084	0.01768	0.00770	0.00378	0.00606
11	0.03131	0.01188	0.01619	0.01242	0.01781	0.01026	0.01026	0.03401	0.01997	0.71606	0.02753	0.02375	0.01727	0.00864	0.00702	0.00216	0.00594	0.00702	0.00864	0.01188
12	0.01527	0.01527	0.02137	0.01832	0.01832	0.02137	0.01527	0.01679	0.01069	0.01679	0.00916	0.01527	0.00916	0.01221	0.02290	0.00305	0.74198	0.00611	0.00305	0.00763
13	0.58320	0.01621	0.01300	0.01122	0.01567	0.07718	0.00911	0.12969	0.04118	0.03207	0.01163	0.01286	0.00888	0.00696	0.00502	0.00213	0.00638	0.00440	0.00479	0.00843
14	0.01400	0.03610	0.71860	0.01989	0.03020	0.01621	0.02578	0.02210	0.01473	0.02210	0.01252	0.01473	0.00884	0.00663	0.00663	0.00221	0.01031	0.00516	0.00295	0.01031
15	0.02003	0.02790	0.40903	0.01811	0.02627	0.04645	0.04536	0.14366	0.01921	0.15335	0.01602	0.01682	0.01100	0.00731	0.00681	0.00217	0.00919	0.00579	0.00476	0.01075
16	0.01400	0.03610	0.71860	0.01989	0.03020	0.01621	0.02578	0.02210	0.01473	0.02210	0.01252	0.01473	0.00884	0.00663	0.00663	0.00221	0.01031	0.00516	0.00295	0.01031
17	0.00850	0.00607	0.00810	0.00972	0.01012	0.00567	0.00648	0.00972	0.01336	0.01781	0.03846	0.75020	0.04615	0.02186	0.00891	0.00283	0.00405	0.01984	0.00648	0.00567
18	0.01341	0.01283	0.02238	0.62085	0.07006	0.01531	0.07560	0.01800	0.01421	0.01840	0.01369	0.04978	0.01105	0.00749	0.00716	0.00234	0.00925	0.00696	0.00329	0.00793
19	0.01341	0.01222	0.01881	0.03567	0.02024	0.01050	0.15432	0.01696	0.01540	0.02202	0.06224	0.07520	0.07171	0.00935	0.00699	0.00186	0.00653	0.07447	0.00474	0.36736
20	0.01389	0.01313	0.02221	0.61722	0.16327	0.01569	0.01973	0.01845	0.01429	0.01869	0.01253	0.01837	0.00961	0.00684	0.00696	0.00228	0.00913	0.00620	0.00316	0.00833
21	0.01421	0.01213	0.01419	0.01031	0.01626	0.00914	0.00819	0.01723	0.01442	0.02252	0.01354	0.04671	0.01191	0.00590	0.00533	0.00111	0.00512	0.00482	0.00424	0.76273
22	0.01866	0.75896	0.03657	0.01194	0.01791	0.02761	0.01194	0.02090	0.01418	0.01642	0.00970	0.01119	0.00896	0.00597	0.00448	0.00149	0.00746	0.00373	0.00299	0.00896
23	0.11994	0.05763	0.01999	0.01837	0.07122	0.51424	0.01327	0.06904	0.01915	0.02095	0.01117	0.01299	0.00915	0.00706	0.00607	0.00187	0.01087	0.00462	0.00387	0.00852
24	0.01880	0.01571	0.01659	0.01449	0.01870	0.01803	0.01139	0.13957	0.59378	0.03152	0.02657	0.02457	0.01982	0.00930	0.00708	0.00232	0.00586	0.00764	0.00708	0.01117
25	0.01212	0.00606	0.00909	0.00909	0.00909	0.00606	0.00606	0.00909	0.00909	0.01212	0.01212	0.02121	0.01212	0.02424	0.02727	0.79697	0.00606	0.00606	0.00303	0.00303
26	0.01866	0.75896	0.03657	0.01194	0.01791	0.02761	0.01194	0.02090	0.01418	0.01642	0.00970	0.01119	0.00896	0.00597	0.00448	0.00149	0.00746	0.00373	0.00299	0.00896
27	0.01447	0.01240	0.01447	0.01034	0.01654	0.00930	0.00827	0.01757	0.01447	0.02274	0.01240	0.01447	0.01034	0.00517	0.00517	0.00103	0.00517	0.00413	0.00413	0.79742
28	0.01736	0.01499	0.01578	0.01420	0.01815	0.01736	0.01105	0.03708	0.69862	0.02919	0.02840	0.02604	0.02130	0.00947	0.00710	0.00237	0.00552	0.00789	0.00710	0.01105
29	0.02653	0.01955	0.02094	0.01606	0.02164	0.02164	0.01326	0.68796	0.03281	0.04398	0.01675	0.01675	0.01187	0.00838	0.00698	0.00209	0.00768	0.00628	0.00698	0.01187
30	0.01476	0.13950	0.59622	0.01909	0.02866	0.01790	0.04740	0.02194	0.01472	0.02129	0.01217	0.01437	0.00892	0.00651	0.00638	0.00211	0.00995	0.00506	0.00297	0.01009
31	0.01318	0.01240	0.02093	0.73798	0.04806	0.01550	0.01938	0.01783	0.01395	0.01783	0.01240	0.01860	0.00930	0.00698	0.00698	0.00233	0.00930	0.00620	0.00310	0.00775
32	0.23491	0.01190	0.01403	0.01125	0.01604	0.01138	0.00923	0.02865	0.01780	0.47549	0.08064	0.02286	0.01882	0.00854	0.00640	0.00216	0.00557	0.00663	0.00741	0.01028
33	0.01727	0.01658	0.02832	0.04283	0.71123	0.01658	0.02142	0.02142	0.01589	0.02280	0.01313	0.01727	0.01105	0.00622	0.00691	0.00207	0.00829	0.00622	0.00345	0.01105
34	0.01692	0.01622	0.02770	0.10197	0.65481	0.01649	0.02124	0.02111	0.01572	0.02238	0.01306	0.01738	0.01090	0.00628	0.00691	0.00209	0.00838	0.00622	0.00342	0.01077

[dist]
# distance from previous block
# <min> <max>
8	20

[block]
# block no. 3 follows, 30 sequences, length 13
# corresponding to MSA columns:
# 230-242
name=unknown_D
#
# <colnr> <probs for GDERKNQSTAVLIFYWHMCP>
#	G	D	E	R	K	N	Q	S	T	A	V	L	I	F	Y	W	H	M	C	P
0	0.08462	0.02309	0.32222	0.05777	0.16213	0.01449	0.01908	0.02213	0.01572	0.10533	0.07415	0.01943	0.01515	0.00741	0.00665	0.00215	0.00818	0.00614	0.00429	0.02988
1	0.01542	0.12534	0.18244	0.01807	0.13525	0.01534	0.01482	0.03853	0.09595	0.02368	0.05451	0.02133	0.03558	0.00771	0.00618	0.00193	0.00687	0.00630	0.13119	0.06353
2	0.07030	0.28412	0.20652	0.01666	0.06224	0.13375	0.03305	0.02202	0.01527	0.02026	0.01193	0.01404	0.00969	0.00655	0.00559	0.00184	0.00873	0.00470	0.06373	0.00902
3	0.12529	0.29007	0.31244	0.01529	0.02272	0.04490	0.01717	0.06113	0.01539	0.02246	0.01132	0.01305	0.00889	0.00650	0.00555	0.00193	0.00854	0.00450	0.00341	0.00947
4	0.00978	0.00713	0.00919	0.00867	0.01036	0.00654	0.00650	0.01297	0.01951	0.02742	0.66803	0.05306	0.10571	0.01448	0.00823	0.00220	0.00331	0.01275	0.00761	0.00654
5	0.01208	0.00868	0.01153	0.01258	0.01432	0.00879	0.01058	0.07185	0.01704	0.02234	0.03547	0.19161	0.03877	0.01879	0.00928	0.00305	0.00612	0.49389	0.00648	0.00676
6	0.01082	0.00775	0.01032	0.01154	0.01296	0.00765	0.00964	0.01341	0.01513	0.01957	0.03755	0.07259	0.09564	0.13313	0.01353	0.00369	0.00623	0.50672	0.00609	0.00604
7	0.01715	0.01480	0.01568	0.01392	0.01803	0.01677	0.01084	0.03567	0.64900	0.02872	0.02724	0.02520	0.02051	0.00916	0.00696	0.00227	0.00550	0.00762	0.00689	0.06808
8	0.01469	0.14387	0.61691	0.01870	0.02837	0.01791	0.02372	0.02192	0.01465	0.02125	0.01210	0.01421	0.00886	0.00653	0.00631	0.00210	0.00989	0.00494	0.00295	0.01011
9	0.02133	0.01283	0.06303	0.01401	0.01857	0.01065	0.07067	0.02549	0.05229	0.35090	0.04708	0.07988	0.06428	0.01165	0.00778	0.00243	0.00649	0.12389	0.00706	0.00969
10	0.00947	0.00703	0.00893	0.00944	0.01091	0.00649	0.00719	0.01192	0.01669	0.02228	0.28644	0.23469	0.18397	0.01779	0.00867	0.00258	0.00412	0.13829	0.00690	0.00619
11	0.15644	0.18272	0.09205	0.01231	0.01682	0.01561	0.01162	0.05360	0.03988	0.06558	0.12123	0.03253	0.02437	0.01039	0.00662	0.00223	0.00642	0.13590	0.00527	0.00839
12	0.07723	0.45978	0.26298	0.01439	0.02169	0.02288	0.01624	0.02127	0.01419	0.01946	0.01065	0.01239	0.00881	0.00623	0.00519	0.00178	0.00826	0.00421	0.00307	0.00930

[dist]
# distance from previous block
# <min> <max>
1	16

[block]
# block no. 4 follows, 30 sequences, length 68
# corresponding to MSA columns:
# 259-326
name=unknown_E
#
# <colnr> <probs for GDERKNQSTAVLIFYWHMCP>
#	G	D	E	R	K	N	Q	S	T	A	V	L	I	F	Y	W	H	M	C	P
0	0.11290	0.01412	0.01642	0.04435	0.01855	0.01559	0.03128	0.24871	0.08182	0.05389	0.06207	0.13543	0.02106	0.03121	0.00891	0.00243	0.05654	0.00876	0.00600	0.02995
1	0.09841	0.51890	0.05456	0.01273	0.01834	0.09116	0.01210	0.06942	0.01597	0.02044	0.02705	0.01284	0.01038	0.00653	0.00498	0.00167	0.00776	0.00425	0.00358	0.00893
2	0.04816	0.01477	0.01655	0.01347	0.01771	0.07365	0.05374	0.14520	0.05419	0.02644	0.07840	0.13399	0.02139	0.00988	0.00725	0.00194	0.02799	0.00828	0.00539	0.24162
3	0.22477	0.02025	0.19776	0.01648	0.04926	0.01566	0.06845	0.12750	0.01808	0.14171	0.04486	0.01767	0.01303	0.00744	0.00635	0.00218	0.00764	0.00589	0.00514	0.00989
4	0.00850	0.00607	0.00810	0.00972	0.01012	0.00567	0.00648	0.00972	0.01336	0.01781	0.03846	0.75020	0.04615	0.02186	0.00891	0.00283	0.00405	0.01984	0.00648	0.00567
5	0.02513	0.04596	0.05140	0.04744	0.02302	0.02135	0.01402	0.60682	0.03056	0.04093	0.01614	0.01655	0.01152	0.00816	0.00688	0.00209	0.00785	0.00614	0.00650	0.01152
6	0.01727	0.01658	0.02832	0.04283	0.71123	0.01658	0.02142	0.02142	0.01589	0.02280	0.01313	0.01727	0.01105	0.00622	0.00691	0.00207	0.00829	0.00622	0.00345	0.01105
7	0.01301	0.00650	0.00650	0.00650	0.00813	0.00650	0.00488	0.01626	0.01463	0.02602	0.02276	0.02602	0.01789	0.00813	0.00488	0.00163	0.00325	0.00650	0.79350	0.00650
8	0.00849	0.00611	0.00806	0.00961	0.01009	0.00568	0.00643	0.00973	0.01346	0.01786	0.03975	0.72300	0.07253	0.02170	0.00888	0.00281	0.00403	0.01963	0.00648	0.00568
9	0.00970	0.00709	0.00911	0.00868	0.01034	0.00650	0.00648	0.01280	0.01923	0.02692	0.63492	0.07705	0.11548	0.01479	0.00825	0.00223	0.00334	0.01303	0.00755	0.00650
10	0.01823	0.02020	0.02094	0.01823	0.01921	0.21488	0.01478	0.01983	0.01318	0.01687	0.00961	0.01453	0.00911	0.01084	0.01834	0.00271	0.54188	0.00566	0.00320	0.00776
11	0.00850	0.00607	0.00810	0.00972	0.01012	0.00567	0.00648	0.00972	0.01336	0.01781	0.03846	0.75020	0.04615	0.02186	0.00891	0.00283	0.00405	0.01984	0.00648	0.00567
12	0.01447	0.01240	0.01447	0.01034	0.01654	0.00930	0.00827	0.01757	0.01447	0.02274	0.01240	0.01447	0.01034	0.00517	0.00517	0.00103	0.00517	0.00413	0.00413	0.79742
13	0.01336	0.01193	0.01591	0.30168	0.02842	0.05544	0.01428	0.01821	0.06536	0.02003	0.02539	0.04428	0.04867	0.01238	0.00798	0.00261	0.00773	0.26715	0.00490	0.03428
14	0.01773	0.01760	0.02739	0.07085	0.63319	0.06761	0.02076	0.02173	0.01609	0.02217	0.01293	0.01699	0.01083	0.00632	0.00687	0.00206	0.00864	0.00609	0.00345	0.01070
15	0.01212	0.00606	0.00909	0.00909	0.00909	0.00606	0.00606	0.00909	0.00909	0.01212	0.01212	0.02121	0.01212	0.02424	0.02727	0.79697	0.00606	0.00606	0.00303	0.00303
16	0.02182	0.02085	0.02398	0.02056	0.07277	0.15565	0.11925	0.25719	0.08779	0.02887	0.01505	0.01701	0.01161	0.00822	0.00916	0.00223	0.10653	0.00637	0.00503	0.01006
17	0.04530	0.01923	0.02110	0.01740	0.06047	0.02121	0.01358	0.63367	0.03133	0.04247	0.01637	0.01665	0.01171	0.00821	0.00691	0.00209	0.00766	0.00622	0.00672	0.01171
18	0.01784	0.63169	0.15665	0.01334	0.02007	0.02560	0.01438	0.02111	0.01428	0.01742	0.01020	0.01182	0.00893	0.00609	0.00486	0.00162	0.00796	0.00398	0.00298	0.00919
19	0.02256	0.14319	0.08617	0.01980	0.07241	0.45590	0.06159	0.02543	0.01796	0.01820	0.01117	0.01333	0.00923	0.00679	0.00622	0.00185	0.01123	0.00482	0.00343	0.00872
20	0.00856	0.00610	0.00808	0.00964	0.01003	0.00571	0.00640	0.00973	0.01325	0.01766	0.03789	0.72563	0.04543	0.04743	0.00984	0.00297	0.00414	0.01950	0.00640	0.00562
21	0.01460	0.01342	0.02242	0.40855	0.28907	0.01507	0.01896	0.01892	0.01480	0.02026	0.01432	0.02114	0.01178	0.00730	0.00695	0.00223	0.00846	0.03482	0.04811	0.00884
22	0.01942	0.07339	0.04499	0.02320	0.23548	0.19226	0.01480	0.07451	0.08165	0.02350	0.01593	0.01918	0.01304	0.00753	0.00639	0.00197	0.00832	0.02313	0.11186	0.00946
23	0.01014	0.00680	0.00776	0.00776	0.00782	0.00685	0.00442	0.01025	0.01019	0.01364	0.02185	0.04489	0.02503	0.72491	0.06490	0.00695	0.00727	0.01003	0.00421	0.00431
24	0.00861	0.00614	0.00813	0.00961	0.01005	0.00574	0.00641	0.00986	0.01349	0.01805	0.06303	0.70026	0.04619	0.04626	0.00978	0.00294	0.00411	0.01924	0.00645	0.00565
25	0.15180	0.07437	0.01997	0.06719	0.11492	0.14360	0.01315	0.14863	0.07134	0.08704	0.01645	0.01754	0.02970	0.00763	0.00626	0.00205	0.00793	0.00575	0.00503	0.00965
26	0.01462	0.08713	0.59246	0.02038	0.03001	0.01720	0.09897	0.02204	0.01489	0.02171	0.01250	0.01493	0.00904	0.00650	0.00665	0.00217	0.01027	0.00540	0.00301	0.01011
27	0.01650	0.01922	0.06426	0.02625	0.05673	0.04888	0.43557	0.02115	0.01507	0.02074	0.01263	0.01743	0.01010	0.00756	0.01169	0.00249	0.19398	0.00733	0.00339	0.00901
28	0.73015	0.05253	0.01208	0.00961	0.01407	0.01653	0.00803	0.04889	0.01289	0.03107	0.01001	0.01156	0.00781	0.00653	0.00444	0.00212	0.00560	0.00388	0.00436	0.00781
29	0.00928	0.00711	0.00850	0.00815	0.01006	0.00633	0.00611	0.01201	0.01833	0.02462	0.47277	0.05767	0.30272	0.01552	0.00824	0.00225	0.00338	0.01340	0.00724	0.00633
30	0.01462	0.01483	0.08981	0.01486	0.01924	0.01281	0.10071	0.05850	0.14441	0.04435	0.07582	0.15348	0.07135	0.01128	0.00810	0.00225	0.03795	0.00990	0.00557	0.11016
31	0.01030	0.00731	0.00921	0.00909	0.00945	0.00792	0.00598	0.01109	0.01048	0.01444	0.02052	0.03914	0.02242	0.52081	0.23624	0.00791	0.03951	0.00921	0.00404	0.00495
32	0.01723	0.01671	0.02905	0.04207	0.67304	0.01664	0.05902	0.02147	0.01592	0.02277	0.01318	0.01736	0.01103	0.00620	0.00698	0.00209	0.00849	0.00633	0.00346	0.01096
33	0.02311	0.01725	0.01914	0.01519	0.01946	0.01940	0.01231	0.52689	0.02755	0.03715	0.01712	0.04868	0.01394	0.06080	0.01122	0.03026	0.07681	0.00708	0.00626	0.01038
34	0.03011	0.01210	0.01616	0.01246	0.01771	0.01074	0.01027	0.07012	0.02069	0.64812	0.05647	0.02459	0.01908	0.00887	0.00707	0.00216	0.00592	0.00722	0.00850	0.01165
35	0.01727	0.01658	0.02832	0.04283	0.71123	0.01658	0.02142	0.02142	0.01589	0.02280	0.01313	0.01727	0.01105	0.00622	0.00691	0.00207	0.00829	0.00622	0.00345	0.01105
36	0.01728	0.01642	0.02707	0.03996	0.64165	0.01666	0.02038	0.02299	0.08443	0.02344	0.01466	0.01815	0.01208	0.00654	0.00693	0.00210	0.00801	0.00639	0.00382	0.01105
37	0.01645	0.01575	0.02685	0.18148	0.57896	0.01637	0.02101	0.02070	0.01550	0.02181	0.01298	0.01754	0.01070	0.00637	0.00692	0.00212	0.00849	0.00621	0.00338	0.01040
38	0.01663	0.01593	0.02717	0.15167	0.60740	0.01641	0.02110	0.02085	0.01559	0.02202	0.01301	0.01748	0.01078	0.00634	0.00692	0.00211	0.00845	0.00622	0.00340	0.01054
39	0.80405	0.01350	0.01026	0.00918	0.01350	0.01565	0.00756	0.02051	0.01188	0.03131	0.00972	0.01134	0.00756	0.00648	0.00432	0.00216	0.00540	0.00378	0.00432	0.00756
40	0.01124	0.00803	0.01124	0.01285	0.01446	0.00803	0.01124	0.01446	0.01606	0.02088	0.03695	0.07871	0.04016	0.01928	0.00964	0.00321	0.00643	0.66426	0.00643	0.00643
41	0.01651	0.01103	0.01299	0.01163	0.01481	0.01123	0.00925	0.10852	0.15283	0.12751	0.19358	0.07341	0.12241	0.01312	0.00787	0.00238	0.00513	0.08976	0.00726	0.00876
42	0.00957	0.00705	0.00895	0.00863	0.01027	0.00643	0.00641	0.01252	0.01880	0.02608	0.57756	0.10427	0.14702	0.01525	0.00828	0.00226	0.00338	0.01341	0.00744	0.00643
43	0.80405	0.01350	0.01026	0.00918	0.01350	0.01565	0.00756	0.02051	0.01188	0.03131	0.00972	0.01134	0.00756	0.00648	0.00432	0.00216	0.00540	0.00378	0.00432	0.00756
44	0.01015	0.00677	0.00761	0.00761	0.00761	0.00677	0.00423	0.01015	0.01015	0.01353	0.02199	0.04567	0.02537	0.75476	0.03552	0.00677	0.00677	0.01015	0.00423	0.00423
45	0.01143	0.00743	0.00974	0.00925	0.01108	0.00681	0.00698	0.01440	0.01886	0.08101	0.54042	0.12365	0.08035	0.01489	0.00825	0.00230	0.00369	0.03504	0.00755	0.00688
46	0.02010	0.01719	0.01765	0.01574	0.04028	0.05854	0.01204	0.19587	0.47598	0.03194	0.02408	0.02273	0.01798	0.00897	0.00702	0.00226	0.00654	0.00725	0.00676	0.01108
47	0.01008	0.00674	0.00763	0.00769	0.00771	0.00672	0.00431	0.01013	0.01027	0.01370	0.02262	0.07278	0.02617	0.72655	0.03449	0.00661	0.00666	0.01052	0.00431	0.00428
48	0.01428	0.06494	0.66495	0.01993	0.02994	0.01673	0.05037	0.02206	0.01478	0.02188	0.01247	0.01474	0.00891	0.00657	0.00660	0.00219	0.01025	0.00522	0.00297	0.01022
49	0.02364	0.09934	0.02133	0.04555	0.02179	0.28663	0.01313	0.24750	0.12401	0.02778	0.01534	0.01607	0.01178	0.00779	0.00648	0.00197	0.00925	0.00558	0.00516	0.00986
50	0.02587	0.01436	0.08272	0.01468	0.05772	0.01145	0.01211	0.03053	0.07180	0.49189	0.07154	0.02440	0.01958	0.00867	0.00701	0.00215	0.00625	0.00717	0.00750	0.03260
51	0.01417	0.08955	0.63616	0.01881	0.02841	0.01665	0.02390	0.02162	0.01491	0.02193	0.04251	0.01609	0.01133	0.00691	0.00654	0.00215	0.00979	0.00537	0.00316	0.01005
52	0.01617	0.01823	0.03940	0.02906	0.05802	0.01712	0.63587	0.02181	0.01632	0.02218	0.01508	0.04862	0.01206	0.00655	0.00822	0.00236	0.01133	0.00864	0.00365	0.00931
53	0.00983	0.00669	0.00892	0.00975	0.01075	0.00623	0.00695	0.01180	0.01553	0.04424	0.22281	0.48885	0.05023	0.01915	0.00870	0.00266	0.00406	0.05980	0.00688	0.00618
54	0.01687	0.01939	0.11885	0.06626	0.46020	0.01684	0.13055	0.04511	0.01635	0.02317	0.01331	0.01724	0.01065	0.00632	0.00710	0.00215	0.00914	0.00641	0.00351	0.01058
55	0.02095	0.01781	0.01842	0.07243	0.04570	0.08547	0.01272	0.30947	0.21090	0.03230	0.02378	0.02361	0.07674	0.00922	0.00706	0.00218	0.00733	0.00731	0.00622	0.01039
56	0.17883	0.01324	0.01571	0.01229	0.01751	0.01285	0.01015	0.12101	0.02018	0.49268	0.02264	0.02041	0.01467	0.00819	0.00649	0.00215	0.00607	0.00630	0.00758	0.01105
57	0.01385	0.01012	0.01302	0.01139	0.01406	0.01008	0.03762	0.12959	0.04505	0.05211	0.40783	0.10675	0.07102	0.01351	0.00805	0.00229	0.00476	0.03388	0.00720	0.00783
58	0.01511	0.02934	0.47589	0.02722	0.23219	0.01640	0.06185	0.02191	0.01517	0.02232	0.01279	0.01572	0.00959	0.00647	0.00680	0.00218	0.00980	0.00564	0.00313	0.01048
59	0.07386	0.11183	0.37746	0.01612	0.04672	0.01520	0.01776	0.02052	0.01535	0.06864	0.07064	0.02372	0.09682	0.00853	0.00655	0.00213	0.00793	0.00673	0.00422	0.00928
60	0.00850	0.00607	0.00810	0.00972	0.01012	0.00567	0.00648	0.00972	0.01336	0.01781	0.03846	0.75020	0.04615	0.02186	0.00891	0.00283	0.00405	0.01984	0.00648	0.00567
61	0.04529	0.25843	0.22729	0.01903	0.05468	0.10588	0.12896	0.02198	0.01537	0.01996	0.01245	0.03763	0.01044	0.00683	0.00618	0.00197	0.00947	0.00561	0.00332	0.00925
62	0.80405	0.01350	0.01026	0.00918	0.01350	0.01565	0.00756	0.02051	0.01188	0.03131	0.00972	0.01134	0.00756	0.00648	0.00432	0.00216	0.00540	0.00378	0.00432	0.00756
63	0.01584	0.01503	0.02507	0.06627	0.58535	0.01502	0.01911	0.01965	0.01571	0.02200	0.01996	0.05064	0.08370	0.00802	0.00713	0.00214	0.00768	0.00761	0.00387	0.01018
64	0.02079	0.01614	0.01850	0.01469	0.01948	0.03811	0.05495	0.33432	0.10401	0.05887	0.02189	0.07785	0.04535	0.00937	0.00696	0.00206	0.00684	0.00775	0.03765	0.10444
65	0.01060	0.00740	0.00843	0.00801	0.01010	0.00651	0.00590	0.01266	0.01661	0.07117	0.24286	0.05720	0.39492	0.10334	0.01138	0.00282	0.00402	0.01303	0.00671	0.00632
66	0.65180	0.01655	0.01216	0.03861	0.01609	0.12698	0.00894	0.02156	0.01319	0.02856	0.00999	0.01181	0.00785	0.00661	0.00473	0.00211	0.00667	0.00398	0.00416	0.00765
67	0.02544	0.03020	0.02059	0.01967	0.07531	0.58108	0.01407	0.11194	0.02114	0.02097	0.01173	0.01348	0.00952	0.00727	0.00643	0.00186	0.01162	0.00486	0.00402	0.00880

[dist]
# distance from previous block
# <min> <max>
0	1

[block]
# block no. 5 follows, 30 sequences, length 20
# corresponding to MSA columns:
# 328-347
name=unknown_F
#
# <colnr> <probs for GDERKNQSTAVLIFYWHMCP>
#	G	D	E	R	K	N	Q	S	T	A	V	L	I	F	Y	W	H	M	C	P
0	0.01788	0.01826	0.05584	0.09770	0.54247	0.06090	0.02045	0.06110	0.01692	0.02325	0.01311	0.01696	0.01073	0.00649	0.00687	0.00208	0.00869	0.00607	0.00362	0.01061
1	0.02024	0.08423	0.02108	0.02049	0.15662	0.23328	0.01370	0.08532	0.18918	0.02370	0.02048	0.02113	0.06398	0.00834	0.00667	0.00204	0.00843	0.00653	0.00490	0.00966
2	0.00855	0.00630	0.00802	0.00925	0.01003	0.00576	0.00630	0.00998	0.01417	0.01863	0.08643	0.59925	0.15032	0.02072	0.00876	0.00272	0.00392	0.01858	0.00656	0.00576
3	0.01705	0.01790	0.07505	0.04128	0.66513	0.01655	0.02171	0.02146	0.01581	0.02275	0.01309	0.01710	0.01090	0.00625	0.00689	0.00208	0.00843	0.00615	0.00342	0.01100
4	0.00925	0.00711	0.00846	0.00812	0.01004	0.00632	0.00609	0.01196	0.01828	0.02449	0.46383	0.05788	0.31173	0.01557	0.00824	0.00226	0.00338	0.01343	0.00722	0.00632
5	0.16544	0.01189	0.01440	0.01151	0.01618	0.01130	0.00941	0.06404	0.01920	0.45772	0.12265	0.02529	0.02231	0.00906	0.00671	0.00216	0.00555	0.00722	0.00764	0.01034
6	0.01935	0.69225	0.03507	0.01243	0.01825	0.06938	0.01207	0.04220	0.01510	0.01732	0.00999	0.01145	0.00905	0.00612	0.00466	0.00153	0.00778	0.00386	0.00315	0.00899
7	0.01156	0.00753	0.00970	0.00893	0.01096	0.00683	0.00678	0.01465	0.01941	0.08591	0.58999	0.05111	0.12170	0.01410	0.00813	0.00221	0.00354	0.01234	0.00765	0.00697
8	0.00986	0.00854	0.00866	0.00877	0.01085	0.03460	0.00644	0.01314	0.07405	0.01998	0.09541	0.20818	0.44183	0.01727	0.00822	0.00243	0.00415	0.01473	0.00649	0.00641
9	0.01519	0.01283	0.01486	0.01068	0.01684	0.01004	0.00857	0.05778	0.01557	0.02401	0.01266	0.01461	0.01043	0.00536	0.00528	0.00110	0.00532	0.00426	0.00431	0.75030
10	0.01318	0.01240	0.02093	0.73798	0.04806	0.01550	0.01938	0.01783	0.01395	0.01783	0.01240	0.01860	0.00930	0.00698	0.00698	0.00233	0.00930	0.00620	0.00310	0.00775
11	0.02352	0.01625	0.01812	0.01412	0.01950	0.01685	0.01150	0.35029	0.14195	0.14423	0.01968	0.01905	0.01407	0.00802	0.00668	0.00196	0.00658	0.00628	0.00675	0.15461
12	0.01002	0.00692	0.00831	0.00828	0.00869	0.00706	0.00519	0.01070	0.01110	0.01500	0.05961	0.04379	0.05700	0.55993	0.15357	0.00710	0.00852	0.01002	0.00443	0.00478
13	0.05709	0.26967	0.43364	0.01710	0.02556	0.01995	0.04531	0.02163	0.01447	0.02074	0.01152	0.01356	0.00888	0.00638	0.00587	0.00198	0.00918	0.00474	0.00305	0.00969
14	0.01642	0.01700	0.05513	0.22356	0.47960	0.04572	0.02074	0.02077	0.01549	0.02123	0.01281	0.01732	0.01041	0.00647	0.00689	0.00213	0.00882	0.00610	0.00335	0.01003
15	0.06105	0.02061	0.02410	0.09246	0.39924	0.20340	0.01799	0.05891	0.01745	0.02247	0.01247	0.01581	0.01022	0.00667	0.00662	0.00203	0.00932	0.00564	0.00370	0.00985
16	0.15543	0.10527	0.04502	0.01482	0.07588	0.10119	0.01130	0.09199	0.08129	0.05403	0.06302	0.02605	0.12886	0.00934	0.00641	0.00208	0.00680	0.00720	0.00521	0.00882
17	0.05740	0.06401	0.02317	0.04398	0.30842	0.18748	0.01592	0.02560	0.04383	0.14161	0.01527	0.01700	0.01171	0.00701	0.00652	0.00201	0.00866	0.00575	0.00453	0.01012
18	0.08900	0.01696	0.02000	0.05987	0.06841	0.01849	0.04080	0.41605	0.05647	0.03622	0.05391	0.03615	0.01536	0.00847	0.00686	0.00213	0.00729	0.00681	0.00609	0.03466
19	0.10327	0.01716	0.07788	0.01849	0.13934	0.08165	0.01346	0.06298	0.01848	0.30173	0.05610	0.02036	0.01579	0.00786	0.00662	0.00207	0.00723	0.00631	0.00603	0.03718

[dist]
# distance from previous block
# <min> <max>
0	49

[block]
# block no. 6 follows, 30 sequences, length 59
# corresponding to MSA columns:
# 398-456
name=unknown_G
#
# <colnr> <probs for GDERKNQSTAVLIFYWHMCP>
#	G	D	E	R	K	N	Q	S	T	A	V	L	I	F	Y	W	H	M	C	P
0	0.01758	0.01591	0.02532	0.16831	0.46705	0.01678	0.01955	0.11306	0.01788	0.02474	0.01432	0.01958	0.01185	0.00711	0.00703	0.00216	0.00833	0.02906	0.00398	0.01039
1	0.32657	0.01203	0.01296	0.01163	0.03844	0.01238	0.00894	0.04294	0.04106	0.24523	0.11633	0.04605	0.03992	0.00918	0.00623	0.00219	0.00535	0.00713	0.00642	0.00904
2	0.01496	0.01423	0.02416	0.43460	0.33749	0.01597	0.02027	0.01939	0.01480	0.02000	0.01272	0.01802	0.01007	0.00665	0.00695	0.00222	0.00886	0.00621	0.00326	0.00919
3	0.02391	0.01771	0.01858	0.03813	0.02033	0.04431	0.01213	0.53466	0.02881	0.03928	0.01736	0.01815	0.01265	0.00825	0.00662	0.00202	0.00720	0.00625	0.13292	0.01074
4	0.02639	0.01138	0.01504	0.01194	0.01652	0.01026	0.00969	0.07630	0.02062	0.52215	0.14647	0.05430	0.02645	0.01008	0.00730	0.00219	0.00553	0.00841	0.00827	0.01072
5	0.01317	0.01223	0.02050	0.71609	0.04687	0.01523	0.01895	0.01778	0.01397	0.01807	0.01271	0.01883	0.00956	0.00701	0.00691	0.00230	0.00912	0.00621	0.02676	0.00771
6	0.04508	0.48900	0.22435	0.01509	0.04322	0.02341	0.01591	0.02165	0.03189	0.01905	0.01108	0.01276	0.00926	0.00627	0.00521	0.00176	0.00816	0.00431	0.00314	0.00940
7	0.01705	0.00897	0.01181	0.01012	0.01305	0.00816	0.00792	0.03909	0.02020	0.24327	0.47536	0.04225	0.04913	0.01234	0.00782	0.00218	0.00424	0.01069	0.00796	0.00839
8	0.01057	0.00729	0.00955	0.00890	0.01067	0.00670	0.00670	0.01385	0.01976	0.05037	0.68542	0.05120	0.06426	0.01408	0.00819	0.00219	0.00338	0.01244	0.00771	0.00676
9	0.01801	0.01484	0.01580	0.01412	0.01813	0.01702	0.01101	0.03694	0.66682	0.06137	0.02836	0.02593	0.02111	0.00943	0.00710	0.00236	0.00554	0.00785	0.00717	0.01108
10	0.01447	0.01240	0.01447	0.01034	0.01654	0.00930	0.00827	0.01757	0.01447	0.02274	0.01240	0.01447	0.01034	0.00517	0.00517	0.00103	0.00517	0.00413	0.00413	0.79742
11	0.00858	0.00611	0.00807	0.00961	0.01000	0.00572	0.00637	0.00974	0.01320	0.01760	0.03765	0.71558	0.04513	0.05788	0.01021	0.00303	0.00418	0.01936	0.00637	0.00560
12	0.03131	0.01188	0.01619	0.01242	0.01781	0.01026	0.01026	0.03401	0.01997	0.71606	0.02753	0.02375	0.01727	0.00864	0.00702	0.00216	0.00594	0.00702	0.00864	0.01188
13	0.01631	0.11312	0.02380	0.02031	0.10557	0.05600	0.01529	0.01831	0.01227	0.01750	0.01014	0.01528	0.00965	0.01179	0.04211	0.00295	0.49247	0.00578	0.00315	0.00821
14	0.01018	0.00737	0.00995	0.01135	0.01269	0.00714	0.00926	0.01271	0.01541	0.02007	0.06102	0.26531	0.09963	0.01971	0.00927	0.00300	0.00542	0.40787	0.00648	0.00617
15	0.02111	0.01640	0.01802	0.01366	0.01937	0.01645	0.01113	0.37711	0.07107	0.03453	0.01582	0.01648	0.01190	0.00718	0.00627	0.00169	0.00653	0.00554	0.00586	0.32388
16	0.00997	0.00748	0.01121	0.01121	0.01246	0.00872	0.00872	0.01246	0.01121	0.01620	0.01869	0.02741	0.01745	0.05234	0.72710	0.01121	0.01869	0.00748	0.00374	0.00623
17	0.09314	0.04166	0.05240	0.01366	0.04150	0.04799	0.01116	0.09486	0.04156	0.30975	0.09961	0.02286	0.01970	0.00847	0.00662	0.00203	0.00637	0.00674	0.00664	0.07327
18	0.01779	0.64378	0.12121	0.01283	0.01921	0.02550	0.01350	0.02079	0.01443	0.01751	0.03281	0.01297	0.01080	0.00632	0.00487	0.00161	0.00768	0.00420	0.00313	0.00905
19	0.01647	0.01882	0.04118	0.02941	0.03647	0.01765	0.68588	0.02235	0.01647	0.02235	0.01412	0.01882	0.01059	0.00588	0.00824	0.00235	0.01176	0.00824	0.00353	0.00941
20	0.00864	0.00617	0.00825	0.00987	0.01033	0.00578	0.00671	0.00995	0.01349	0.01796	0.03839	0.71721	0.04586	0.02174	0.00894	0.00285	0.00417	0.05150	0.00648	0.00571
21	0.01423	0.10546	0.61314	0.01851	0.02792	0.01680	0.02338	0.02150	0.01495	0.02186	0.05001	0.01642	0.01195	0.00698	0.00651	0.00214	0.00965	0.00542	0.00321	0.00998
22	0.01583	0.01681	0.03042	0.04674	0.06275	0.01931	0.31041	0.01951	0.01360	0.01958	0.01164	0.01704	0.00989	0.00896	0.01514	0.00267	0.36078	0.00705	0.00328	0.00859
23	0.01727	0.01658	0.02832	0.04283	0.71123	0.01658	0.02142	0.02142	0.01589	0.02280	0.01313	0.01727	0.01105	0.00622	0.00691	0.00207	0.00829	0.00622	0.00345	0.01105
24	0.01674	0.01593	0.02705	0.06364	0.65153	0.01600	0.02054	0.02085	0.01604	0.02292	0.05083	0.01921	0.01397	0.00668	0.00698	0.00209	0.00805	0.00656	0.00367	0.01070
25	0.02482	0.02288	0.01860	0.01583	0.02009	0.31060	0.01240	0.21274	0.09372	0.11737	0.01705	0.01768	0.01277	0.01118	0.05827	0.00266	0.01004	0.00589	0.00558	0.00982
26	0.02679	0.01913	0.02068	0.01586	0.02143	0.02102	0.01310	0.65243	0.03211	0.08049	0.01734	0.01713	0.01216	0.00839	0.00698	0.00210	0.00758	0.00632	0.00707	0.01187
27	0.00857	0.00648	0.00792	0.00883	0.00995	0.00583	0.00614	0.01018	0.01480	0.01921	0.11979	0.47179	0.24565	0.01980	0.00864	0.00262	0.00381	0.01754	0.00661	0.00583
28	0.09936	0.01005	0.01228	0.01246	0.01512	0.01042	0.01048	0.02069	0.11959	0.10751	0.03166	0.08829	0.03131	0.01525	0.00833	0.00283	0.00601	0.38391	0.00657	0.00787
29	0.01609	0.01803	0.03828	0.09788	0.03675	0.01761	0.58957	0.02165	0.01595	0.02165	0.01372	0.01864	0.01040	0.00629	0.00880	0.00238	0.04574	0.00794	0.00347	0.00917
30	0.01247	0.00948	0.01137	0.01162	0.01401	0.00970	0.00951	0.01921	0.17823	0.04260	0.07337	0.08384	0.17990	0.01615	0.00857	0.00274	0.00535	0.29761	0.00672	0.00755
31	0.00860	0.00614	0.00821	0.00982	0.01027	0.00575	0.00664	0.00988	0.01345	0.01792	0.03841	0.72715	0.04595	0.02177	0.00893	0.00285	0.00413	0.04196	0.00648	0.00569
32	0.01727	0.01658	0.02832	0.04283	0.71123	0.01658	0.02142	0.02142	0.01589	0.02280	0.01313	0.01727	0.01105	0.00622	0.00691	0.00207	0.00829	0.00622	0.00345	0.01105
33	0.01681	0.01594	0.02625	0.12045	0.56705	0.01653	0.02017	0.02253	0.08213	0.02285	0.01453	0.01828	0.01185	0.00662	0.00694	0.00213	0.00814	0.00638	0.00377	0.01067
34	0.00850	0.00607	0.00810	0.00972	0.01012	0.00567	0.00648	0.00972	0.01336	0.01781	0.03846	0.75020	0.04615	0.02186	0.00891	0.00283	0.00405	0.01984	0.00648	0.00567
35	0.01864	0.01447	0.01573	0.01373	0.01800	0.01602	0.01076	0.03535	0.57697	0.10227	0.02716	0.02496	0.02009	0.00907	0.00695	0.00225	0.00554	0.00753	0.00705	0.06744
36	0.01318	0.01240	0.02093	0.73798	0.04806	0.01550	0.01938	0.01783	0.01395	0.01783	0.01240	0.01860	0.00930	0.00698	0.00698	0.00233	0.00930	0.00620	0.00310	0.00775
37	0.02610	0.03236	0.01985	0.01785	0.02158	0.68045	0.01347	0.07121	0.02063	0.01884	0.01118	0.01286	0.00918	0.00727	0.00634	0.00182	0.01226	0.00461	0.00382	0.00834
38	0.03062	0.01203	0.01617	0.01250	0.01783	0.01061	0.01030	0.03416	0.05332	0.68231	0.02757	0.02386	0.01747	0.00868	0.00702	0.00217	0.00592	0.00706	0.00856	0.01184
39	0.01318	0.01240	0.02093	0.73798	0.04806	0.01550	0.01938	0.01783	0.01395	0.01783	0.01240	0.01860	0.00930	0.00698	0.00698	0.00233	0.00930	0.00620	0.00310	0.00775
40	0.01727	0.01658	0.02832	0.04283	0.71123	0.01658	0.02142	0.02142	0.01589	0.02280	0.01313	0.01727	0.01105	0.00622	0.00691	0.00207	0.00829	0.00622	0.00345	0.01105
41	0.03131	0.01188	0.01619	0.01242	0.01781	0.01026	0.01026	0.03401	0.01997	0.71606	0.02753	0.02375	0.01727	0.00864	0.00702	0.00216	0.00594	0.00702	0.00864	0.01188
42	0.01301	0.00650	0.00650	0.00650	0.00813	0.00650	0.00488	0.01626	0.01463	0.02602	0.02276	0.02602	0.01789	0.00813	0.00488	0.00163	0.00325	0.00650	0.79350	0.00650
43	0.01447	0.01240	0.01447	0.01034	0.01654	0.00930	0.00827	0.01757	0.01447	0.02274	0.01240	0.01447	0.01034	0.00517	0.00517	0.00103	0.00517	0.00413	0.00413	0.79742
44	0.02464	0.07907	0.02147	0.01876	0.05654	0.57248	0.01386	0.06242	0.01949	0.01878	0.01108	0.01308	0.00926	0.00736	0.00702	0.00187	0.04593	0.00470	0.00371	0.00848
45	0.80405	0.01350	0.01026	0.00918	0.01350	0.01565	0.00756	0.02051	0.01188	0.03131	0.00972	0.01134	0.00756	0.00648	0.00432	0.00216	0.00540	0.00378	0.00432	0.00756
46	0.01151	0.00971	0.01152	0.03830	0.05334	0.05796	0.00836	0.01475	0.01919	0.02625	0.57236	0.04657	0.07701	0.01314	0.00797	0.00217	0.00446	0.01151	0.00694	0.00697
47	0.02318	0.01756	0.01915	0.01447	0.02022	0.01821	0.01188	0.50178	0.02772	0.03808	0.01555	0.01612	0.01144	0.00749	0.00648	0.00180	0.00698	0.00569	0.00619	0.23003
48	0.00865	0.00617	0.00816	0.00958	0.01005	0.00577	0.00641	0.00996	0.01366	0.01833	0.08130	0.68066	0.04672	0.04661	0.00978	0.00293	0.00409	0.01904	0.00648	0.00568
49	0.01447	0.01240	0.01447	0.01034	0.01654	0.00930	0.00827	0.01757	0.01447	0.02274	0.01240	0.01447	0.01034	0.00517	0.00517	0.00103	0.00517	0.00413	0.00413	0.79742
50	0.01554	0.09728	0.55693	0.01972	0.02908	0.01705	0.08728	0.02263	0.01512	0.05720	0.01320	0.01528	0.00945	0.00660	0.00661	0.00216	0.00998	0.00542	0.00330	0.01019
51	0.01212	0.00606	0.00909	0.00909	0.00909	0.00606	0.00606	0.00909	0.00909	0.01212	0.01212	0.02121	0.01212	0.02424	0.02727	0.79697	0.00606	0.00606	0.00303	0.00303
52	0.00984	0.00733	0.00811	0.00777	0.01011	0.00629	0.00588	0.01204	0.01708	0.05690	0.22914	0.06114	0.51086	0.01635	0.00818	0.00231	0.00360	0.01380	0.00689	0.00637
53	0.00866	0.00619	0.00826	0.00977	0.01028	0.00579	0.00664	0.01005	0.01378	0.01844	0.07272	0.69251	0.04697	0.02139	0.00890	0.00281	0.00409	0.04048	0.00654	0.00574
54	0.01873	0.01948	0.02659	0.03435	0.46114	0.13929	0.07495	0.02429	0.08971	0.02246	0.01444	0.01753	0.01176	0.00671	0.00693	0.00208	0.00903	0.00627	0.00388	0.01040
55	0.02889	0.01990	0.02162	0.01695	0.02254	0.02112	0.01368	0.58516	0.03193	0.12649	0.02017	0.02068	0.01462	0.00987	0.00793	0.00252	0.00816	0.00707	0.00784	0.01288
56	0.01569	0.01418	0.02258	0.67451	0.08446	0.01665	0.02004	0.01951	0.01544	0.02021	0.01471	0.02154	0.01160	0.00845	0.00792	0.00272	0.00988	0.00690	0.00393	0.00909
57	0.01534	0.17183	0.56382	0.01825	0.02756	0.01856	0.02270	0.04681	0.01531	0.02185	0.01215	0.01414	0.00897	0.00657	0.00624	0.00207	0.00968	0.00493	0.00310	0.01012
58	0.01019	0.00841	0.01044	0.16696	0.01818	0.00815	0.00856	0.01262	0.01563	0.04474	0.05634	0.05492	0.52977	0.01500	0.00792	0.00234	0.00488	0.01258	0.00582	0.00652

[dist]
# distance from previous block
# <min> <max>
0	1

[block]
# block no. 7 follows, 30 sequences, length 41
# corresponding to MSA columns:
# 458-498
name=unknown_H
#
# <colnr> <probs for GDERKNQSTAVLIFYWHMCP>
#	G	D	E	R	K	N	Q	S	T	A	V	L	I	F	Y	W	H	M	C	P
0	0.80405	0.01350	0.01026	0.00918	0.01350	0.01565	0.00756	0.02051	0.01188	0.03131	0.00972	0.01134	0.00756	0.00648	0.00432	0.00216	0.00540	0.00378	0.00432	0.00756
1	0.80405	0.01350	0.01026	0.00918	0.01350	0.01565	0.00756	0.02051	0.01188	0.03131	0.00972	0.01134	0.00756	0.00648	0.00432	0.00216	0.00540	0.00378	0.00432	0.00756
2	0.00913	0.00713	0.01072	0.01120	0.01221	0.00664	0.06102	0.01074	0.01370	0.01822	0.03769	0.66624	0.06773	0.02042	0.00883	0.00278	0.00465	0.01872	0.00624	0.00598
