[name]
unknown

[dist]
# distance from previous block
# <min> <max>
5	45

[block]
# block no. 0 follows, 28 sequences, length 6
# corresponding to MSA columns:
# 45-50
name=unknown_A
#
# <colnr> <probs for GDERKNQSTAVLIFYWHMCP>
#	G	D	E	R	K	N	Q	S	T	A	V	L	I	F	Y	W	H	M	C	P
0	0.01885	0.01592	0.01681	0.01585	0.05742	0.09564	0.01159	0.23509	0.02125	0.02801	0.02186	0.16850	0.02140	0.05628	0.05898	0.00327	0.05046	0.03062	0.03596	0.03625
1	0.03926	0.00951	0.01166	0.01168	0.01404	0.00938	0.00934	0.05534	0.05488	0.06607	0.08242	0.17689	0.10409	0.05117	0.01008	0.00298	0.00565	0.24162	0.00675	0.03720
2	0.01176	0.00804	0.00970	0.00938	0.01116	0.00759	0.00675	0.01509	0.06018	0.06715	0.28957	0.15370	0.16694	0.13472	0.01315	0.00320	0.00451	0.01354	0.00703	0.00684
3	0.10282	0.09425	0.31731	0.01683	0.02419	0.06359	0.01814	0.13757	0.06511	0.02802	0.05404	0.01793	0.01399	0.00785	0.00661	0.00219	0.00882	0.00589	0.00459	0.01026
4	0.01399	0.00922	0.01092	0.00995	0.01221	0.00894	0.00732	0.06160	0.06225	0.09453	0.26856	0.08456	0.14629	0.16086	0.01402	0.00330	0.00499	0.01200	0.00703	0.00745
5	0.01757	0.01593	0.01965	0.12461	0.02377	0.06475	0.03636	0.11669	0.01715	0.02412	0.01428	0.04043	0.01220	0.00922	0.01151	0.00226	0.21366	0.00644	0.06430	0.16509

[dist]
# distance from previous block
# <min> <max>
2	5

[block]
# block no. 1 follows, 28 sequences, length 8
# corresponding to MSA columns:
# 56-63
name=unknown_B
#
# <colnr> <probs for GDERKNQSTAVLIFYWHMCP>
#	G	D	E	R	K	N	Q	S	T	A	V	L	I	F	Y	W	H	M	C	P
0	0.01897	0.08814	0.02453	0.01847	0.02178	0.17681	0.10556	0.05931	0.01639	0.02052	0.01508	0.05538	0.03437	0.01002	0.01258	0.00240	0.24937	0.00699	0.00399	0.05935
1	0.13655	0.01437	0.04175	0.03919	0.01779	0.01479	0.01080	0.22475	0.07020	0.05187	0.02000	0.10144	0.01809	0.06462	0.01228	0.11596	0.00682	0.02433	0.00574	0.00865
2	0.09250	0.06937	0.01559	0.04409	0.01663	0.06434	0.00986	0.18193	0.02005	0.03020	0.04566	0.02146	0.01602	0.00850	0.00658	0.00198	0.03284	0.00632	0.30741	0.00868
3	0.07550	0.01589	0.01635	0.01364	0.01764	0.08323	0.03211	0.23269	0.03865	0.07500	0.02108	0.12171	0.01881	0.06274	0.00911	0.00250	0.00707	0.00846	0.07857	0.06925
4	0.04311	0.08804	0.02626	0.05497	0.36168	0.12880	0.01785	0.09567	0.06920	0.02518	0.01444	0.01713	0.01170	0.00715	0.00681	0.00209	0.00892	0.00602	0.00428	0.01069
5	0.01647	0.01891	0.09038	0.04717	0.05893	0.01695	0.37082	0.07004	0.01754	0.02396	0.02043	0.04328	0.07562	0.00849	0.00923	0.00243	0.06114	0.00866	0.00423	0.03533
6	0.05374	0.01517	0.11513	0.01567	0.08098	0.01155	0.01282	0.04867	0.01809	0.18844	0.10722	0.03637	0.09607	0.04174	0.00879	0.00251	0.00657	0.07407	0.00627	0.06014
7	0.12995	0.20210	0.02453	0.06349	0.08475	0.09801	0.01369	0.22031	0.02100	0.02876	0.01334	0.01535	0.01062	0.00917	0.03374	0.00238	0.00879	0.00535	0.00472	0.00996

[dist]
# distance from previous block
# <min> <max>
7	33

[block]
# block no. 2 follows, 28 sequences, length 7
# corresponding to MSA columns:
# 97-103
name=unknown_C
#
# <colnr> <probs for GDERKNQSTAVLIFYWHMCP>
#	G	D	E	R	K	N	Q	S	T	A	V	L	I	F	Y	W	H	M	C	P
0	0.01946	0.01422	0.01634	0.05134	0.01869	0.01567	0.01103	0.35215	0.02359	0.03210	0.02062	0.08827	0.01858	0.11924	0.12036	0.00437	0.00914	0.00856	0.04702	0.00926
1	0.04614	0.01407	0.01463	0.01280	0.01559	0.07395	0.01018	0.18823	0.01930	0.02809	0.01818	0.02209	0.01483	0.01932	0.16986	0.00428	0.07986	0.00662	0.23349	0.00846
2	0.01417	0.01131	0.01607	0.06290	0.01866	0.01121	0.08896	0.11340	0.01720	0.02376	0.02577	0.29018	0.02719	0.10121	0.01139	0.00295	0.00654	0.01229	0.05451	0.09032
3	0.01509	0.07820	0.02717	0.10372	0.05353	0.01569	0.23771	0.01855	0.01465	0.02004	0.01614	0.09246	0.01490	0.01266	0.04830	0.07017	0.06837	0.00826	0.00387	0.08052
4	0.01403	0.00906	0.01283	0.12342	0.01765	0.00951	0.00936	0.07081	0.01319	0.01773	0.01516	0.07402	0.01464	0.01938	0.02018	0.48165	0.00678	0.00728	0.00388	0.05944
5	0.05977	0.01518	0.02133	0.12008	0.21438	0.01613	0.03618	0.10681	0.10203	0.08710	0.02321	0.02476	0.08303	0.00891	0.00777	0.00230	0.03008	0.00756	0.00535	0.02802
6	0.40435	0.07020	0.07572	0.05979	0.04000	0.01633	0.04917	0.02161	0.05666	0.02835	0.09907	0.01957	0.01710	0.00794	0.00591	0.00224	0.00668	0.00600	0.00474	0.00856

[dist]
# distance from previous block
# <min> <max>
7	17

[block]
# block no. 3 follows, 28 sequences, length 8
# corresponding to MSA columns:
# 121-128
name=unknown_D
#
# <colnr> <probs for GDERKNQSTAVLIFYWHMCP>
#	G	D	E	R	K	N	Q	S	T	A	V	L	I	F	Y	W	H	M	C	P
0	0.13755	0.01503	0.01932	0.34895	0.06135	0.05107	0.01566	0.07591	0.05521	0.12756	0.01614	0.01896	0.01165	0.00769	0.00682	0.00231	0.00831	0.00622	0.00490	0.00939
1	0.06525	0.01999	0.02011	0.01600	0.02136	0.07581	0.01301	0.46306	0.11469	0.08849	0.01896	0.01859	0.01357	0.00869	0.00709	0.00220	0.00787	0.00654	0.00699	0.01172
2	0.01233	0.00775	0.00983	0.00925	0.01095	0.00716	0.00666	0.01475	0.01785	0.09117	0.40812	0.10526	0.08977	0.16042	0.01417	0.00329	0.00450	0.01278	0.00721	0.00679
3	0.01496	0.00989	0.01150	0.09979	0.01650	0.01050	0.00872	0.12850	0.01838	0.02752	0.02806	0.11015	0.08645	0.01097	0.00656	0.00209	0.00510	0.00913	0.38752	0.00773
4	0.01206	0.01071	0.01007	0.00955	0.01220	0.06396	0.00721	0.07743	0.01860	0.02251	0.09590	0.12300	0.47673	0.01680	0.00836	0.00242	0.00489	0.01401	0.00664	0.00695
5	0.01794	0.60350	0.08357	0.01295	0.01888	0.02541	0.01307	0.02075	0.01442	0.01751	0.01150	0.01406	0.01044	0.01236	0.09453	0.00289	0.00947	0.00449	0.00321	0.00907
6	0.06117	0.01897	0.10743	0.38678	0.07938	0.08836	0.01882	0.02254	0.08120	0.02132	0.01417	0.01835	0.01083	0.00761	0.00757	0.00235	0.03425	0.00617	0.00377	0.00898
7	0.01290	0.08812	0.10140	0.01167	0.01523	0.03525	0.01053	0.01803	0.06738	0.02686	0.46829	0.04169	0.04971	0.01237	0.00781	0.00221	0.00529	0.01058	0.00669	0.00799

[dist]
# distance from previous block
# <min> <max>
10	16

[block]
# block no. 4 follows, 28 sequences, length 10
# corresponding to MSA columns:
# 146-155
name=unknown_E
#
# <colnr> <probs for GDERKNQSTAVLIFYWHMCP>
#	G	D	E	R	K	N	Q	S	T	A	V	L	I	F	Y	W	H	M	C	P
0	0.33625	0.09821	0.01610	0.03501	0.04206	0.04902	0.00991	0.08580	0.01658	0.05789	0.02358	0.06607	0.11804	0.00979	0.00613	0.00222	0.00635	0.00732	0.00519	0.00848
1	0.01311	0.00881	0.01109	0.01021	0.01250	0.00852	0.00778	0.04404	0.05977	0.08345	0.44613	0.09642	0.09544	0.01695	0.05014	0.00290	0.00500	0.01245	0.00761	0.00768
2	0.18665	0.06165	0.19402	0.05389	0.06390	0.08884	0.06188	0.02220	0.01583	0.06420	0.04764	0.07689	0.01576	0.00864	0.00668	0.00226	0.00849	0.00700	0.00442	0.00916
3	0.11046	0.05878	0.02350	0.25945	0.25449	0.08321	0.01779	0.02258	0.04231	0.04145	0.01362	0.01744	0.01075	0.00706	0.00670	0.00221	0.00882	0.00594	0.00387	0.00955
4	0.01989	0.02377	0.08075	0.10036	0.33149	0.24395	0.01910	0.02370	0.01757	0.02107	0.01519	0.01843	0.03828	0.00741	0.00703	0.00212	0.01017	0.00616	0.00369	0.00989
5	0.06620	0.01493	0.01531	0.01297	0.01638	0.05980	0.00991	0.28240	0.02257	0.07821	0.06029	0.11799	0.02313	0.17089	0.01387	0.00333	0.00711	0.00938	0.00635	0.00897
6	0.12357	0.01909	0.06073	0.26692	0.09072	0.14292	0.01610	0.07563	0.01717	0.04877	0.01392	0.01872	0.01114	0.05506	0.00866	0.00254	0.00929	0.00604	0.00414	0.00885
7	0.05110	0.04866	0.33635	0.06486	0.02852	0.01580	0.11773	0.02313	0.04415	0.07108	0.07104	0.02031	0.01559	0.00762	0.00710	0.00224	0.00914	0.00664	0.00430	0.05464
8	0.01607	0.01587	0.05695	0.11493	0.15059	0.01493	0.23894	0.02054	0.01631	0.06587	0.02266	0.09474	0.06448	0.00989	0.00864	0.00249	0.03263	0.03964	0.00456	0.00926
9	0.01457	0.01236	0.01708	0.01895	0.14154	0.01291	0.03754	0.06521	0.10275	0.02469	0.09100	0.04647	0.13989	0.04322	0.01050	0.00280	0.05060	0.15337	0.00595	0.00861

[dist]
# distance from previous block
# <min> <max>
6	15

[block]
# block no. 5 follows, 28 sequences, length 250
# corresponding to MSA columns:
# 172-421
name=unknown_F
#
# <colnr> <probs for GDERKNQSTAVLIFYWHMCP>
#	G	D	E	R	K	N	Q	S	T	A	V	L	I	F	Y	W	H	M	C	P
0	0.01809	0.54641	0.16162	0.04706	0.02251	0.02565	0.01566	0.02165	0.01469	0.01830	0.01076	0.01291	0.00933	0.00671	0.00614	0.00181	0.04372	0.00440	0.00311	0.00947
1	0.73825	0.01393	0.01115	0.00981	0.01440	0.01588	0.00808	0.02243	0.01301	0.08333	0.01152	0.01278	0.00864	0.00692	0.00471	0.00225	0.00567	0.00419	0.00484	0.00821
2	0.01574	0.01323	0.01581	0.06371	0.01976	0.01107	0.00981	0.07364	0.01660	0.02494	0.01463	0.05096	0.01264	0.00665	0.00587	0.00136	0.00586	0.00545	0.00460	0.62766
3	0.01001	0.00700	0.00833	0.00868	0.00912	0.00692	0.00543	0.01069	0.01194	0.01580	0.03096	0.18966	0.09437	0.46175	0.09282	0.00621	0.00732	0.01283	0.00506	0.00508
4	0.01314	0.00871	0.01090	0.00993	0.01232	0.00826	0.00759	0.01803	0.08417	0.09626	0.51652	0.04993	0.10757	0.01407	0.00834	0.00231	0.00395	0.01226	0.00795	0.00780
5	0.12941	0.06372	0.40425	0.13977	0.05931	0.04084	0.02162	0.02213	0.01497	0.02323	0.01242	0.01537	0.00920	0.00691	0.00651	0.00226	0.00966	0.00530	0.00335	0.00975
6	0.02677	0.03391	0.02097	0.01982	0.05100	0.68592	0.01439	0.02874	0.02043	0.01804	0.01134	0.01331	0.00945	0.00745	0.00658	0.00188	0.01292	0.00476	0.00374	0.00856
7	0.02136	0.50318	0.07438	0.01447	0.02052	0.13604	0.01375	0.10272	0.01810	0.02108	0.01136	0.01282	0.00970	0.00677	0.00542	0.00173	0.00883	0.00443	0.00372	0.00964
8	0.01467	0.03698	0.68416	0.02106	0.03168	0.01693	0.04895	0.02303	0.01541	0.02303	0.01310	0.01549	0.00927	0.00688	0.00696	0.00231	0.01079	0.00548	0.00309	0.01071
9	0.01528	0.05392	0.32523	0.01960	0.07973	0.01626	0.04664	0.02518	0.18347	0.02457	0.05036	0.05715	0.05256	0.00923	0.00730	0.00235	0.00829	0.00781	0.00479	0.01027
10	0.01746	0.01522	0.01699	0.01691	0.07768	0.01723	0.01206	0.03537	0.58413	0.02913	0.03106	0.02911	0.06505	0.01012	0.00746	0.00244	0.00587	0.00853	0.00702	0.01116
11	0.02715	0.03464	0.02060	0.01873	0.02247	0.71536	0.01404	0.02903	0.02060	0.01779	0.01124	0.01311	0.00936	0.00749	0.00655	0.00187	0.01311	0.00468	0.00375	0.00843
12	0.02715	0.03464	0.02060	0.01873	0.02247	0.71536	0.01404	0.02903	0.02060	0.01779	0.01124	0.01311	0.00936	0.00749	0.00655	0.00187	0.01311	0.00468	0.00375	0.00843
13	0.03909	0.14051	0.30202	0.02782	0.26452	0.03823	0.04390	0.02270	0.01580	0.02249	0.01273	0.01568	0.01007	0.00663	0.00664	0.00213	0.00951	0.00558	0.00334	0.01062
14	0.00971	0.00757	0.00796	0.00775	0.01027	0.00639	0.00585	0.01174	0.01711	0.04800	0.12968	0.06668	0.61062	0.01770	0.00854	0.00243	0.00376	0.01481	0.00696	0.00645
15	0.00886	0.00633	0.00843	0.01012	0.01054	0.00590	0.00675	0.01012	0.01392	0.01856	0.04006	0.73979	0.04808	0.02277	0.00928	0.00295	0.00422	0.02066	0.00675	0.00590
16	0.01643	0.01763	0.03494	0.16365	0.10332	0.01834	0.40087	0.02156	0.01584	0.02170	0.01361	0.01894	0.01063	0.00721	0.01012	0.00251	0.10210	0.00769	0.00352	0.00941
17	0.02219	0.02321	0.02285	0.09742	0.19013	0.26386	0.01656	0.12921	0.07552	0.02481	0.01441	0.01696	0.01147	0.00792	0.00799	0.00217	0.05283	0.00599	0.00449	0.01000
18	0.00960	0.00664	0.00822	0.00918	0.00941	0.00640	0.00574	0.01032	0.01247	0.01663	0.03266	0.44112	0.03874	0.33419	0.02124	0.00472	0.00544	0.01631	0.00574	0.00526
19	0.01355	0.00678	0.00678	0.00678	0.00847	0.00678	0.00508	0.01694	0.01524	0.02710	0.02371	0.02710	0.01863	0.00847	0.00508	0.00169	0.00339	0.00678	0.78489	0.00678
20	0.02639	0.02222	0.02089	0.04242	0.02288	0.15516	0.01369	0.49646	0.02998	0.03856	0.01638	0.01713	0.01197	0.00842	0.00703	0.00211	0.00883	0.00619	0.04208	0.01119
21	0.01717	0.01732	0.02218	0.16708	0.15097	0.12790	0.05680	0.05553	0.01624	0.02082	0.01550	0.07304	0.01409	0.01475	0.09434	0.00353	0.11250	0.00753	0.00397	0.00873
22	0.71509	0.01394	0.01183	0.08367	0.01778	0.01629	0.00914	0.02108	0.01259	0.03116	0.01041	0.01259	0.00806	0.00680	0.00478	0.00227	0.00604	0.00420	0.00437	0.00789
23	0.01760	0.01729	0.02748	0.18173	0.53254	0.05312	0.02145	0.02190	0.01635	0.02239	0.01339	0.01802	0.01103	0.00669	0.00718	0.00220	0.00908	0.00638	0.00353	0.01066
24	0.00886	0.00633	0.00843	0.01012	0.01054	0.00590	0.00675	0.01012	0.01392	0.01856	0.04006	0.73979	0.04808	0.02277	0.00928	0.00295	0.00422	0.02066	0.00675	0.00590
25	0.01372	0.01048	0.01294	0.01391	0.05787	0.01088	0.00986	0.02129	0.20980	0.05235	0.08276	0.21867	0.08953	0.05010	0.00984	0.00290	0.00545	0.11257	0.00680	0.00829
26	0.01929	0.31529	0.20773	0.01544	0.02206	0.10414	0.01593	0.04768	0.05365	0.05693	0.06505	0.01776	0.01503	0.00764	0.00616	0.00195	0.00868	0.00558	0.00423	0.00979
27	0.03261	0.01237	0.01687	0.01293	0.01856	0.01068	0.01068	0.03543	0.02081	0.70423	0.02868	0.02474	0.01799	0.00900	0.00731	0.00225	0.00619	0.00731	0.00900	0.01237
28	0.02317	0.01481	0.01675	0.01337	0.01806	0.01538	0.01085	0.31639	0.05648	0.15778	0.05376	0.02443	0.04220	0.01145	0.04157	0.00255	0.00701	0.00733	0.10534	0.06131
29	0.01569	0.01496	0.02515	0.39411	0.32838	0.01697	0.02087	0.02013	0.01522	0.02075	0.01306	0.01859	0.01047	0.00722	0.00814	0.00235	0.04855	0.00646	0.00339	0.00955
30	0.00899	0.00642	0.00858	0.01027	0.01075	0.00602	0.00698	0.01035	0.01405	0.01870	0.03999	0.70965	0.04779	0.02265	0.00931	0.00297	0.00433	0.04952	0.00675	0.00594
31	0.00941	0.00740	0.00850	0.00823	0.01032	0.00649	0.00617	0.01203	0.01851	0.02425	0.37519	0.06236	0.39181	0.01669	0.00858	0.00237	0.00356	0.01428	0.00736	0.00649
32	0.01747	0.49045	0.24569	0.01486	0.02228	0.02398	0.01667	0.02177	0.01523	0.01954	0.04447	0.01489	0.01218	0.00686	0.00556	0.00182	0.00849	0.00480	0.00334	0.00965
33	0.00967	0.00728	0.00897	0.00895	0.01067	0.00657	0.00664	0.01236	0.01843	0.02487	0.41562	0.16007	0.22988	0.01712	0.00873	0.00246	0.00371	0.03404	0.00745	0.00652
34	0.01171	0.00837	0.01171	0.01339	0.01506	0.00837	0.01171	0.01506	0.01673	0.02175	0.03849	0.08199	0.04183	0.02008	0.01004	0.00335	0.00669	0.65027	0.00669	0.00669
35	0.07020	0.01385	0.01678	0.01349	0.01868	0.01369	0.01096	0.08118	0.18833	0.45138	0.02709	0.02411	0.01809	0.00907	0.00718	0.00230	0.00618	0.00730	0.00823	0.01191
36	0.01499	0.01338	0.02126	0.63606	0.04604	0.01639	0.01906	0.07846	0.01635	0.02137	0.01373	0.01948	0.01026	0.00744	0.00719	0.00237	0.00931	0.00648	0.03196	0.00842
37	0.01546	0.01562	0.02562	0.38252	0.11377	0.04903	0.12798	0.01976	0.01502	0.01976	0.01394	0.04891	0.01170	0.00834	0.00962	0.00249	0.10094	0.00732	0.00351	0.00866
38	0.02630	0.03027	0.02034	0.01793	0.02195	0.53707	0.01372	0.15711	0.02281	0.02333	0.01294	0.01485	0.01046	0.01040	0.04680	0.00249	0.01245	0.00523	0.00446	0.00910
39	0.01716	0.01961	0.04289	0.03064	0.03799	0.01838	0.67279	0.02328	0.01716	0.02328	0.01471	0.01961	0.01103	0.00613	0.00858	0.00245	0.01225	0.00858	0.00368	0.00980
40	0.00876	0.00733	0.00762	0.00762	0.00994	0.00619	0.00569	0.01072	0.01685	0.02047	0.12965	0.09143	0.61637	0.01823	0.00861	0.00246	0.00368	0.01532	0.00687	0.00619
41	0.01507	0.01292	0.01507	0.01077	0.01723	0.00969	0.00861	0.01830	0.01507	0.02369	0.01292	0.01507	0.01077	0.00538	0.00538	0.00108	0.00538	0.00431	0.00431	0.78898
42	0.01684	0.26408	0.02621	0.01581	0.01811	0.04453	0.01368	0.01868	0.01267	0.01716	0.01107	0.01673	0.01084	0.04872	0.06136	0.00332	0.38299	0.00577	0.00328	0.00817
43	0.01181	0.00747	0.00894	0.02825	0.01008	0.00753	0.00559	0.01250	0.01167	0.04902	0.02355	0.07595	0.02561	0.56901	0.07442	0.00648	0.00752	0.01038	0.04898	0.00523
44	0.01511	0.01298	0.01537	0.01148	0.01707	0.01083	0.00919	0.03820	0.01536	0.02358	0.01555	0.04481	0.03142	0.00710	0.00713	0.00139	0.06235	0.00548	0.00447	0.65112
45	0.02474	0.01788	0.01929	0.01515	0.02012	0.01972	0.01236	0.55174	0.03030	0.04135	0.01838	0.02006	0.01379	0.03741	0.04269	0.00277	0.00805	0.00677	0.08619	0.01122
46	0.01355	0.00678	0.00678	0.00678	0.00847	0.00678	0.00508	0.01694	0.01524	0.02710	0.02371	0.02710	0.01863	0.00847	0.00508	0.00169	0.00339	0.00678	0.78489	0.00678
47	0.01463	0.01126	0.01259	0.03979	0.01571	0.01163	0.00900	0.08377	0.19851	0.06143	0.12233	0.08372	0.27846	0.01407	0.00806	0.00243	0.00502	0.01185	0.00709	0.00865
48	0.02631	0.03222	0.02151	0.02107	0.08651	0.61154	0.01481	0.06359	0.02096	0.01988	0.01181	0.01381	0.00973	0.00746	0.00665	0.00192	0.01241	0.00495	0.00392	0.00893
49	0.00886	0.00633	0.00843	0.01012	0.01054	0.00590	0.00675	0.01012	0.01392	0.01856	0.04006	0.73979	0.04808	0.02277	0.00928	0.00295	0.00422	0.02066	0.00675	0.00590
50	0.00881	0.00737	0.00766	0.00759	0.00995	0.00623	0.00569	0.01085	0.01707	0.02084	0.15206	0.06798	0.61707	0.01796	0.00859	0.00243	0.00365	0.01506	0.00691	0.00623
51	0.01373	0.01292	0.02180	0.72707	0.05006	0.01615	0.02019	0.01857	0.01453	0.01857	0.01292	0.01938	0.00969	0.00727	0.00727	0.00242	0.00969	0.00646	0.00323	0.00807
52	0.75863	0.01398	0.01099	0.00972	0.01428	0.01603	0.00801	0.02205	0.01278	0.06539	0.01103	0.01244	0.00837	0.00686	0.00464	0.00225	0.00565	0.00410	0.00472	0.00809
53	0.00934	0.00653	0.00829	0.00950	0.00980	0.00623	0.00608	0.01025	0.01297	0.01729	0.03520	0.54360	0.04194	0.22734	0.01713	0.00411	0.00502	0.01780	0.00608	0.00548
54	0.01376	0.00886	0.01052	0.00968	0.01240	0.00817	0.00740	0.01798	0.08062	0.12932	0.26721	0.09662	0.27881	0.01526	0.00832	0.00240	0.00421	0.01305	0.00757	0.00782
55	0.01865	0.02009	0.02388	0.32493	0.24491	0.20358	0.01920	0.02253	0.01679	0.01998	0.01270	0.01727	0.01017	0.00708	0.00705	0.00219	0.01028	0.00599	0.00348	0.00924
56	0.01313	0.00964	0.01187	0.01236	0.06414	0.00911	0.00857	0.08047	0.01934	0.06385	0.21765	0.12482	0.28794	0.01559	0.00839	0.00243	0.00471	0.03129	0.00701	0.00770
57	0.25366	0.41193	0.10059	0.01280	0.01885	0.06114	0.01269	0.02218	0.01443	0.02246	0.01049	0.01218	0.00888	0.00652	0.00496	0.00186	0.00773	0.00410	0.00356	0.00899
58	0.01574	0.01696	0.05073	0.25338	0.06313	0.01681	0.35050	0.04065	0.01686	0.02253	0.04146	0.02252	0.03925	0.00741	0.00802	0.00241	0.01047	0.00810	0.00390	0.00916
59	0.01182	0.00963	0.01078	0.01066	0.01301	0.00983	0.00797	0.01939	0.21706	0.02396	0.13579	0.21290	0.23701	0.01644	0.00844	0.00258	0.00448	0.03331	0.00711	0.00781
60	0.16915	0.46490	0.14457	0.01347	0.02004	0.04579	0.01403	0.02213	0.01458	0.02112	0.01064	0.01235	0.00903	0.00648	0.00507	0.00182	0.00802	0.00417	0.00339	0.00926
61	0.01760	0.01867	0.08042	0.06353	0.62907	0.01721	0.02259	0.02225	0.01640	0.02354	0.01360	0.01783	0.01128	0.00653	0.00718	0.00218	0.00883	0.00639	0.00355	0.01135
62	0.03261	0.01237	0.01687	0.01293	0.01856	0.01068	0.01068	0.03543	0.02081	0.70423	0.02868	0.02474	0.01799	0.00900	0.00731	0.00225	0.00619	0.00731	0.00900	0.01237
63	0.06527	0.03158	0.01462	0.01191	0.01600	0.01132	0.00979	0.05047	0.07097	0.33371	0.09348	0.03405	0.02543	0.01077	0.00728	0.00232	0.00567	0.08869	0.10670	0.01000
64	0.04287	0.01890	0.02579	0.07708	0.42643	0.11924	0.04656	0.04534	0.01771	0.04256	0.03342	0.01874	0.01302	0.00712	0.00706	0.00214	0.00901	0.00645	0.03014	0.01043
65	0.01049	0.00761	0.00898	0.00852	0.01073	0.00670	0.00643	0.01319	0.01881	0.05364	0.39166	0.05998	0.34441	0.01618	0.00853	0.00236	0.00366	0.01387	0.00749	0.00677
66	0.00922	0.00659	0.00885	0.01054	0.01112	0.00622	0.00738	0.01075	0.01428	0.01896	0.03986	0.65613	0.04728	0.02243	0.00937	0.00300	0.00453	0.10074	0.00674	0.00600
67	0.01770	0.02043	0.06959	0.19181	0.20213	0.10615	0.24155	0.02268	0.01674	0.02160	0.01350	0.01809	0.01053	0.00669	0.00758	0.00229	0.01079	0.00689	0.00353	0.00971
68	0.01088	0.00849	0.01037	0.01148	0.06296	0.00770	0.00782	0.01380	0.03682	0.04509	0.17330	0.12444	0.39367	0.01680	0.00854	0.00249	0.00436	0.04711	0.00683	0.00705
69	0.01198	0.00870	0.01186	0.01326	0.01506	0.00880	0.01147	0.01621	0.05150	0.02255	0.06899	0.07785	0.04208	0.01931	0.00983	0.00325	0.00649	0.58706	0.00679	0.00695
70	0.01012	0.00742	0.00949	0.00897	0.01076	0.00679	0.00673	0.01340	0.02019	0.02823	0.63502	0.05582	0.12950	0.01520	0.00858	0.00230	0.00345	0.01336	0.00788	0.00679
71	0.01156	0.00826	0.01153	0.01321	0.01481	0.00823	0.01144	0.01479	0.01658	0.02158	0.03857	0.11784	0.04217	0.02023	0.01000	0.00333	0.00656	0.61596	0.00670	0.00665
72	0.02631	0.01946	0.02085	0.01618	0.02162	0.02154	0.01322	0.61146	0.06283	0.04347	0.01829	0.01945	0.01354	0.04680	0.00881	0.00245	0.00785	0.00683	0.00713	0.01191
73	0.79588	0.01406	0.01068	0.00956	0.01406	0.01631	0.00787	0.02137	0.01237	0.03261	0.01012	0.01181	0.00787	0.00675	0.00450	0.00225	0.00562	0.00394	0.00450	0.00787
74	0.79588	0.01406	0.01068	0.00956	0.01406	0.01631	0.00787	0.02137	0.01237	0.03261	0.01012	0.01181	0.00787	0.00675	0.00450	0.00225	0.00562	0.00394	0.00450	0.00787
75	0.01259	0.00894	0.01080	0.00994	0.01237	0.00864	0.00758	0.01825	0.11805	0.07053	0.45894	0.05085	0.15563	0.01430	0.00832	0.00234	0.00399	0.01239	0.00778	0.00778
76	0.01446	0.01227	0.01442	0.01070	0.01657	0.00932	0.00843	0.01749	0.01496	0.02318	0.01560	0.08668	0.01445	0.00710	0.00577	0.00126	0.00527	0.00592	0.00455	0.71160
77	0.01943	0.74891	0.03809	0.01244	0.01866	0.02876	0.01244	0.02177	0.01477	0.01710	0.01011	0.01166	0.00933	0.00622	0.00466	0.00155	0.00777	0.00389	0.00311	0.00933
78	0.01253	0.01109	0.01105	0.01037	0.01309	0.05453	0.00788	0.01928	0.17709	0.02485	0.24038	0.05158	0.30923	0.01465	0.00817	0.00237	0.00470	0.01233	0.00708	0.00777
79	0.00859	0.00736	0.00736	0.00736	0.00982	0.00614	0.00552	0.01043	0.01657	0.01964	0.07364	0.06996	0.69624	0.01841	0.00859	0.00245	0.00368	0.01534	0.00675	0.00614
80	0.01808	0.01561	0.01644	0.01479	0.01890	0.01808	0.01151	0.03863	0.68606	0.03041	0.02959	0.02712	0.02219	0.00986	0.00740	0.00247	0.00575	0.00822	0.00740	0.01151
81	0.01056	0.00773	0.01141	0.01141	0.01273	0.00896	0.00887	0.01320	0.01188	0.01743	0.01970	0.02848	0.01820	0.05201	0.67701	0.01114	0.01859	0.00773	0.04645	0.00651
82	0.02715	0.03464	0.02060	0.01873	0.02247	0.71536	0.01404	0.02903	0.02060	0.01779	0.01124	0.01311	0.00936	0.00749	0.00655	0.00187	0.01311	0.00468	0.00375	0.00843
83	0.01159	0.00833	0.01155	0.01315	0.01486	0.00828	0.01147	0.01488	0.01673	0.02167	0.03985	0.08153	0.06717	0.02002	0.00998	0.00331	0.00658	0.62569	0.00670	0.00667
84	0.01009	0.00737	0.00955	0.01047	0.01181	0.00696	0.00806	0.01246	0.01635	0.02163	0.17439	0.27115	0.13876	0.05282	0.01055	0.00306	0.00490	0.21646	0.00687	0.00631
85	0.00912	0.00738	0.00810	0.00792	0.01014	0.00636	0.00594	0.01146	0.01782	0.02260	0.26752	0.06507	0.50052	0.01730	0.00859	0.00240	0.00360	0.01466	0.00714	0.00636
86	0.54530	0.01526	0.01429	0.09196	0.01991	0.01761	0.01052	0.15922	0.01722	0.03382	0.01199	0.01386	0.00903	0.00722	0.00540	0.00225	0.00658	0.00477	0.00494	0.00884
87	0.58918	0.04398	0.01411	0.01158	0.01619	0.10560	0.00945	0.09174	0.01581	0.03158	0.01104	0.01257	0.00859	0.00703	0.00506	0.00217	0.00690	0.00431	0.00465	0.00847
88	0.00900	0.00639	0.00839	0.00994	0.01033	0.00600	0.00655	0.01016	0.01364	0.01819	0.03865	0.68282	0.04630	0.08218	0.01156	0.00329	0.00445	0.01983	0.00655	0.00578
89	0.01355	0.00678	0.00678	0.00678	0.00847	0.00678	0.00508	0.01694	0.01524	0.02710	0.02371	0.02710	0.01863	0.00847	0.00508	0.00169	0.00339	0.00678	0.78489	0.00678
90	0.01674	0.01588	0.02694	0.19353	0.52272	0.01659	0.02132	0.02113	0.01612	0.02251	0.01472	0.02142	0.01259	0.00731	0.00735	0.00227	0.00877	0.03789	0.00367	0.01052
91	0.01623	0.01690	0.06420	0.28950	0.39996	0.01689	0.04945	0.02104	0.01578	0.02182	0.01341	0.01842	0.01071	0.00677	0.00726	0.00227	0.00929	0.00650	0.00344	0.01016
92	0.73645	0.01397	0.01153	0.06408	0.01679	0.01629	0.00881	0.02116	0.01254	0.03155	0.01033	0.01238	0.00801	0.00679	0.00471	0.00226	0.00593	0.00413	0.00440	0.00789
93	0.01464	0.01428	0.02352	0.02172	0.09295	0.01671	0.14371	0.01721	0.01350	0.01941	0.01820	0.18588	0.01912	0.01345	0.01580	0.02459	0.32292	0.01015	0.00415	0.00809
94	0.00896	0.00662	0.00825	0.00942	0.01027	0.00605	0.00638	0.01036	0.01453	0.01897	0.07333	0.54196	0.17473	0.06092	0.01062	0.00305	0.00423	0.01875	0.00667	0.00591
95	0.01789	0.02088	0.08692	0.39559	0.11258	0.17168	0.01940	0.05180	0.01708	0.02064	0.01285	0.01737	0.00990	0.00726	0.00707	0.00225	0.01035	0.00597	0.00355	0.00898
96	0.02597	0.01843	0.02027	0.01591	0.02123	0.02028	0.01305	0.53274	0.07291	0.09082	0.01922	0.01952	0.01388	0.01260	0.06577	0.00299	0.00867	0.00681	0.00713	0.01182
97	0.03261	0.01237	0.01687	0.01293	0.01856	0.01068	0.01068	0.03543	0.02081	0.70423	0.02868	0.02474	0.01799	0.00900	0.00731	0.00225	0.00619	0.00731	0.00900	0.01237
98	0.00884	0.00706	0.00792	0.00836	0.01014	0.00614	0.00602	0.01067	0.01619	0.02027	0.12609	0.26631	0.44175	0.01934	0.00879	0.00258	0.00381	0.01669	0.00687	0.00614
99	0.08355	0.47833	0.11466	0.01277	0.01884	0.02279	0.01304	0.02125	0.01545	0.04506	0.07632	0.01852	0.03845	0.00766	0.00552	0.00183	0.00737	0.00544	0.00401	0.00915
100	0.00941	0.00665	0.00838	0.00936	0.00989	0.00629	0.00612	0.01059	0.01382	0.01849	0.09920	0.47360	0.07193	0.20231	0.01611	0.00389	0.00483	0.01720	0.00628	0.00563
101	0.00907	0.00649	0.00863	0.00998	0.01059	0.00605	0.00676	0.01066	0.01491	0.02013	0.13755	0.63782	0.05113	0.02160	0.00917	0.00285	0.00410	0.01955	0.00693	0.00605
102	0.01623	0.25838	0.46219	0.01868	0.02782	0.02067	0.05756	0.02264	0.01527	0.02119	0.01222	0.01443	0.00934	0.00665	0.00630	0.00208	0.00990	0.00508	0.00311	0.01025
103	0.05263	0.46706	0.14378	0.01345	0.01945	0.02272	0.01392	0.02036	0.01419	0.01868	0.01233	0.01576	0.01101	0.03379	0.11050	0.00335	0.00987	0.00489	0.00332	0.00894
104	0.01171	0.00837	0.01171	0.01339	0.01506	0.00837	0.01171	0.01506	0.01673	0.02175	0.03849	0.08199	0.04183	0.02008	0.01004	0.00335	0.00669	0.65027	0.00669	0.00669
105	0.05391	0.02015	0.02143	0.01648	0.02225	0.02233	0.01361	0.65260	0.03343	0.04536	0.01720	0.01726	0.01221	0.00866	0.00718	0.00218	0.00792	0.00646	0.00718	0.01221
106	0.00984	0.00703	0.00904	0.01031	0.01096	0.00675	0.00695	0.04148	0.01468	0.01959	0.03802	0.66645	0.04516	0.06308	0.01076	0.00315	0.00456	0.01943	0.00664	0.00612
107	0.02685	0.01997	0.02137	0.01657	0.02224	0.02218	0.01363	0.62283	0.08758	0.04455	0.01845	0.01824	0.01317	0.00882	0.00728	0.00220	0.00781	0.00668	0.00728	0.01229
108	0.79588	0.01406	0.01068	0.00956	0.01406	0.01631	0.00787	0.02137	0.01237	0.03261	0.01012	0.01181	0.00787	0.00675	0.00450	0.00225	0.00562	0.00394	0.00450	0.00787
109	0.01533	0.00849	0.00867	0.00803	0.01024	0.00876	0.00618	0.09994	0.01763	0.02946	0.02292	0.02588	0.01784	0.00850	0.00536	0.00176	0.00397	0.00675	0.68680	0.00748
110	0.01625	0.01390	0.04021	0.03581	0.01859	0.01120	0.00995	0.08749	0.01695	0.04416	0.01590	0.05841	0.01396	0.04514	0.00761	0.00173	0.00604	0.00599	0.00481	0.54592
111	0.01507	0.01292	0.01507	0.01077	0.01723	0.00969	0.00861	0.01830	0.01507	0.02369	0.01292	0.01507	0.01077	0.00538	0.00538	0.00108	0.00538	0.00431	0.00431	0.78898
112	0.01966	0.72797	0.03758	0.01262	0.01877	0.04890	0.01248	0.02198	0.01494	0.01712	0.01014	0.01170	0.00933	0.00626	0.00472	0.00156	0.00793	0.00391	0.00313	0.00930
113	0.01478	0.00844	0.01107	0.00984	0.01239	0.00761	0.00758	0.01801	0.02044	0.16688	0.53042	0.04897	0.08700	0.01382	0.00832	0.00229	0.00401	0.01205	0.00815	0.00795
114	0.00912	0.00767	0.00794	0.00782	0.01026	0.00665	0.00588	0.01181	0.04128	0.02104	0.13840	0.06673	0.60480	0.01772	0.00855	0.00244	0.00373	0.01485	0.00691	0.00641
115	0.01860	0.01587	0.01673	0.01490	0.01910	0.01832	0.01163	0.07330	0.65054	0.03125	0.02892	0.02659	0.02165	0.00980	0.00739	0.00245	0.00588	0.00813	0.00739	0.01155
116	0.01039	0.00775	0.01151	0.01151	0.01275	0.00899	0.00887	0.01287	0.01163	0.01675	0.01963	0.02943	0.01855	0.08614	0.68463	0.01147	0.01890	0.00792	0.00392	0.00639
117	0.02715	0.03464	0.02060	0.01873	0.02247	0.71536	0.01404	0.02903	0.02060	0.01779	0.01124	0.01311	0.00936	0.00749	0.00655	0.00187	0.01311	0.00468	0.00375	0.00843
118	0.01967	0.01561	0.01675	0.01475	0.01906	0.01775	0.01156	0.07127	0.60206	0.08217	0.02889	0.02644	0.02136	0.00974	0.00738	0.00243	0.00590	0.00806	0.00751	0.01162
119	0.00890	0.00730	0.00785	0.00788	0.01005	0.00624	0.00585	0.01097	0.01705	0.02118	0.17755	0.11843	0.53925	0.01813	0.00864	0.00246	0.00368	0.01537	0.00696	0.00624
120	0.00867	0.00706	0.00767	0.00816	0.01003	0.00607	0.00588	0.01034	0.01580	0.01932	0.06391	0.26403	0.50845	0.01967	0.00879	0.00260	0.00384	0.01688	0.00675	0.00607
121	0.01373	0.01292	0.02180	0.72707	0.05006	0.01615	0.02019	0.01857	0.01453	0.01857	0.01292	0.01938	0.00969	0.00727	0.00727	0.00242	0.00969	0.00646	0.00323	0.00807
122	0.05156	0.01108	0.01245	0.01057	0.01389	0.01149	0.00845	0.12223	0.04320	0.17914	0.02292	0.02402	0.01685	0.00879	0.00676	0.00200	0.03583	0.00678	0.40287	0.00912
123	0.01133	0.00811	0.01113	0.01266	0.01419	0.00804	0.01077	0.01431	0.01622	0.02107	0.03915	0.12961	0.06532	0.05437	0.01120	0.00346	0.00641	0.54954	0.00659	0.00651
124	0.01066	0.00704	0.00790	0.00790	0.00794	0.00704	0.00442	0.01075	0.01070	0.01446	0.02293	0.04699	0.02621	0.72371	0.03609	0.00690	0.00694	0.01046	0.02649	0.00447
125	0.01957	0.58537	0.09829	0.01370	0.01998	0.04565	0.01384	0.02306	0.03735	0.04571	0.01179	0.01322	0.01010	0.00675	0.00572	0.00174	0.03066	0.00441	0.00350	0.00959
126	0.01738	0.01799	0.02170	0.17962	0.14902	0.14279	0.01673	0.02105	0.04188	0.01947	0.01404	0.02103	0.01251	0.03524	0.03641	0.00298	0.20648	0.03129	0.00374	0.00864
127	0.60631	0.01521	0.01269	0.01100	0.01554	0.03712	0.00896	0.11653	0.01611	0.05450	0.01300	0.04229	0.01050	0.00777	0.00524	0.00226	0.00615	0.00511	0.00511	0.00860
128	0.04457	0.11578	0.02480	0.02597	0.25904	0.27333	0.01605	0.02385	0.01733	0.02068	0.01408	0.01692	0.02947	0.00758	0.00741	0.00202	0.04909	0.00567	0.03691	0.00945
129	0.01502	0.00924	0.01139	0.01038	0.01200	0.00957	0.00731	0.08106	0.01451	0.10503	0.02223	0.03691	0.02189	0.40524	0.20003	0.00711	0.01014	0.00906	0.00514	0.00673
130	0.01911	0.47650	0.14610	0.01601	0.04569	0.06106	0.01560	0.05392	0.01590	0.01979	0.01110	0.01318	0.00955	0.00702	0.00680	0.00187	0.06321	0.00458	0.00336	0.00964
131	0.01609	0.02044	0.11899	0.02686	0.03347	0.01754	0.48769	0.02174	0.01618	0.02240	0.01608	0.07561	0.01361	0.00808	0.00969	0.00253	0.07079	0.00896	0.00380	0.00946
132	0.10154	0.01252	0.01631	0.01263	0.01815	0.01119	0.01043	0.03416	0.02004	0.64358	0.02700	0.02357	0.01708	0.00879	0.00706	0.00225	0.00613	0.00701	0.00859	0.01196
133	0.00908	0.00738	0.00804	0.00787	0.01012	0.00634	0.00590	0.01137	0.01771	0.02236	0.25135	0.06548	0.51684	0.01740	0.00859	0.00241	0.00361	0.01471	0.00711	0.00634
134	0.24166	0.08575	0.05213	0.12624	0.02643	0.01773	0.12846	0.07332	0.05137	0.10867	0.01527	0.01726	0.01120	0.00726	0.00646	0.00225	0.00809	0.00602	0.00487	0.00957
135	0.01057	0.00705	0.00793	0.00793	0.00793	0.00705	0.00440	0.01057	0.01057	0.01409	0.02290	0.04757	0.02643	0.74454	0.03700	0.00705	0.00705	0.01057	0.00440	0.00440
136	0.01263	0.00631	0.00947	0.00947	0.00947	0.00631	0.00631	0.00947	0.00947	0.01263	0.01263	0.02210	0.01263	0.02525	0.02841	0.78851	0.00631	0.00631	0.00316	0.00316
137	0.01767	0.01694	0.02892	0.09615	0.65018	0.01719	0.02215	0.02203	0.01640	0.02336	0.01362	0.01810	0.01138	0.00654	0.00720	0.00218	0.00872	0.00648	0.00357	0.01125
138	0.01863	0.56416	0.18680	0.01452	0.02165	0.05102	0.01572	0.02231	0.01511	0.01845	0.01080	0.01254	0.00930	0.00642	0.00523	0.00173	0.00863	0.00425	0.00312	0.00961
139	0.01686	0.01996	0.06837	0.06904	0.03840	0.01820	0.61050	0.02301	0.01694	0.02301	0.01454	0.01942	0.01088	0.00622	0.00844	0.00244	0.01205	0.00833	0.00363	0.00975
140	0.00892	0.00637	0.00849	0.01008	0.01056	0.00594	0.00675	0.01027	0.01420	0.01900	0.06769	0.71089	0.04894	0.02244	0.00925	0.00292	0.00418	0.02035	0.00680	0.00594
141	0.01407	0.01338	0.02293	0.66660	0.08503	0.01629	0.04211	0.01893	0.01473	0.01901	0.01302	0.01931	0.00983	0.00719	0.00731	0.00241	0.00972	0.00653	0.00326	0.00832
142	0.01889	0.01920	0.02792	0.08183	0.57533	0.10526	0.02114	0.02293	0.01694	0.02269	0.01332	0.01746	0.01113	0.00665	0.00712	0.00214	0.00926	0.00625	0.00359	0.01092
143	0.79588	0.01406	0.01068	0.00956	0.01406	0.01631	0.00787	0.02137	0.01237	0.03261	0.01012	0.01181	0.00787	0.00675	0.00450	0.00225	0.00562	0.00394	0.00450	0.00787
144	0.01359	0.00717	0.00725	0.00718	0.00888	0.00727	0.00532	0.01753	0.04353	0.02657	0.02392	0.02816	0.01919	0.04656	0.00683	0.00200	0.00368	0.00703	0.71150	0.00685
145	0.01520	0.01303	0.01513	0.01094	0.01730	0.01004	0.00874	0.01916	0.04336	0.02397	0.01362	0.01558	0.01125	0.00557	0.00547	0.00114	0.00540	0.00447	0.00444	0.75620
146	0.01561	0.01290	0.01513	0.01083	0.01727	0.00972	0.00868	0.01882	0.01525	0.04434	0.01340	0.01537	0.01099	0.00549	0.00544	0.00111	0.00541	0.00440	0.00445	0.76540
147	0.01039	0.00776	0.01156	0.01156	0.01281	0.00902	0.00893	0.01290	0.01165	0.01678	0.01959	0.02919	0.01845	0.07758	0.69305	0.01153	0.01906	0.00788	0.00391	0.00642
148	0.01085	0.00841	0.01150	0.01151	0.01325	0.00800	0.04525	0.04963	0.01670	0.02199	0.10672	0.39492	0.15483	0.01919	0.00904	0.00278	0.00503	0.09697	0.00672	0.00672
149	0.00899	0.00736	0.00780	0.00770	0.00990	0.00631	0.00570	0.01101	0.01696	0.02101	0.17975	0.06606	0.55186	0.05531	0.01006	0.00266	0.00381	0.01471	0.00685	0.00617
150	0.01808	0.01561	0.01644	0.01479	0.01890	0.01808	0.01151	0.03863	0.68606	0.03041	0.02959	0.02712	0.02219	0.00986	0.00740	0.00247	0.00575	0.00822	0.00740	0.01151
151	0.01407	0.01133	0.01388	0.01292	0.01495	0.04995	0.01017	0.10742	0.01543	0.02137	0.01846	0.02557	0.01653	0.04219	0.52414	0.00911	0.04697	0.00735	0.03069	0.00749
152	0.01895	0.01605	0.01693	0.01497	0.01923	0.01849	0.01172	0.09672	0.62655	0.03181	0.02848	0.02624	0.02129	0.00976	0.00739	0.00244	0.00596	0.00807	0.00739	0.01158
153	0.00945	0.00740	0.00855	0.00826	0.01034	0.00650	0.00620	0.01209	0.01859	0.02443	0.38716	0.06206	0.37972	0.01662	0.00858	0.00237	0.00355	0.01423	0.00738	0.00650
154	0.00886	0.00633	0.00843	0.01012	0.01054	0.00590	0.00675	0.01012	0.01392	0.01856	0.04006	0.73979	0.04808	0.02277	0.00928	0.00295	0.00422	0.02066	0.00675	0.00590
155	0.00913	0.00730	0.00816	0.00813	0.01019	0.00634	0.00603	0.01140	0.01757	0.02243	0.25947	0.11939	0.45346	0.01769	0.00864	0.00244	0.00365	0.01511	0.00713	0.00634
156	0.01458	0.03760	0.70688	0.02072	0.03146	0.01688	0.02686	0.02302	0.01535	0.02302	0.01304	0.01535	0.00921	0.00691	0.00691	0.00230	0.01074	0.00537	0.00307	0.01074
157	0.00915	0.00680	0.00967	0.01086	0.01153	0.00635	0.03071	0.01060	0.01403	0.01873	0.03915	0.71388	0.04674	0.02217	0.00925	0.00293	0.00451	0.02023	0.00664	0.00604
158	0.01022	0.00743	0.00962	0.00907	0.01082	0.00683	0.00681	0.01359	0.02042	0.02877	0.67040	0.05493	0.09378	0.01500	0.00857	0.00229	0.00344	0.01323	0.00795	0.00683
159	0.01327	0.00688	0.00736	0.00744	0.00904	0.00694	0.00564	0.01634	0.01489	0.02573	0.02373	0.02955	0.01945	0.01198	0.04099	0.03572	0.00445	0.03714	0.67685	0.00660
160	0.01663	0.01603	0.02774	0.25503	0.46815	0.01698	0.05146	0.02120	0.01596	0.02213	0.01349	0.01849	0.01093	0.00671	0.00728	0.00225	0.00913	0.00657	0.00349	0.01037
161	0.01486	0.01450	0.02028	0.01761	0.01831	0.03787	0.03776	0.01688	0.01175	0.01755	0.01229	0.01917	0.01178	0.02293	0.19810	0.00527	0.50528	0.00676	0.00339	0.00766
162	0.01423	0.00854	0.00990	0.07789	0.01385	0.00926	0.00761	0.04909	0.01613	0.02678	0.05241	0.02655	0.01928	0.00888	0.00653	0.00189	0.04184	0.00700	0.59511	0.00724
163	0.79588	0.01406	0.01068	0.00956	0.01406	0.01631	0.00787	0.02137	0.01237	0.03261	0.01012	0.01181	0.00787	0.00675	0.00450	0.00225	0.00562	0.00394	0.00450	0.00787
164	0.01773	0.01199	0.01376	0.01200	0.01554	0.01232	0.00938	0.10659	0.20215	0.13446	0.19937	0.07239	0.13622	0.01274	0.00793	0.00237	0.00514	0.01076	0.00765	0.00952
165	0.01743	0.01091	0.04488	0.01122	0.01472	0.00915	0.00936	0.05377	0.01969	0.21819	0.24020	0.09121	0.15485	0.01402	0.00823	0.00242	0.00513	0.05833	0.00762	0.00869
166	0.01435	0.01408	0.02513	0.59166	0.04703	0.01673	0.12250	0.01927	0.01482	0.01927	0.01308	0.01929	0.00989	0.00729	0.00808	0.00245	0.03665	0.00679	0.00330	0.00834
167	0.03261	0.01237	0.01687	0.01293	0.01856	0.01068	0.01068	0.03543	0.02081	0.70423	0.02868	0.02474	0.01799	0.00900	0.00731	0.00225	0.00619	0.00731	0.00900	0.01237
168	0.00985	0.00739	0.00933	0.01037	0.01188	0.00687	0.00808	0.01214	0.01611	0.02072	0.09709	0.27715	0.23187	0.02004	0.00929	0.00289	0.00484	0.23095	0.00682	0.00631
169	0.01495	0.09040	0.59969	0.01989	0.02966	0.01735	0.04687	0.02229	0.01509	0.02208	0.01286	0.01553	0.00944	0.00769	0.00780	0.03931	0.01036	0.00541	0.00310	0.01024
170	0.01015	0.00738	0.00956	0.00910	0.01080	0.00679	0.00679	0.01343	0.02013	0.02830	0.64150	0.08155	0.09656	0.01533	0.00860	0.00232	0.00347	0.01354	0.00790	0.00679
171	0.00949	0.00678	0.00916	0.01084	0.01154	0.00645	0.00784	0.01121	0.01454	0.01926	0.03972	0.59479	0.04670	0.02218	0.00945	0.00304	0.00476	0.15945	0.00674	0.00608
172	0.01574	0.20031	0.52832	0.01876	0.02807	0.01981	0.02315	0.02253	0.01506	0.02146	0.01224	0.01452	0.00925	0.00696	0.00701	0.00216	0.03620	0.00507	0.00308	0.01032
173	0.01923	0.71866	0.06653	0.01279	0.01920	0.02826	0.01305	0.02182	0.01479	0.01735	0.01023	0.01182	0.00932	0.00625	0.00476	0.00159	0.00790	0.00395	0.00311	0.00939
174	0.01054	0.00754	0.01023	0.01178	0.01295	0.00735	0.00940	0.01294	0.01542	0.02018	0.03932	0.31719	0.06188	0.05515	0.01100	0.00335	0.00573	0.37516	0.00661	0.00629
175	0.02896	0.01156	0.01570	0.01231	0.01730	0.01006	0.01006	0.03187	0.02077	0.59376	0.13777	0.02958	0.02627	0.00996	0.00752	0.00226	0.00573	0.00826	0.00883	0.01147
176	0.01092	0.00876	0.00999	0.00999	0.01189	0.03714	0.00779	0.01378	0.01850	0.02440	0.36158	0.06176	0.20461	0.04109	0.00976	0.00269	0.00471	0.14685	0.00713	0.00664
177	0.01526	0.03744	0.66948	0.02061	0.03097	0.05494	0.02616	0.02335	0.01563	0.02274	0.01295	0.01522	0.00922	0.00694	0.00689	0.00228	0.01087	0.00533	0.00311	0.01062
178	0.79588	0.01406	0.01068	0.00956	0.01406	0.01631	0.00787	0.02137	0.01237	0.03261	0.01012	0.01181	0.00787	0.00675	0.00450	0.00225	0.00562	0.00394	0.00450	0.00787
179	0.01355	0.00678	0.00678	0.00678	0.00847	0.00678	0.00508	0.01694	0.01524	0.02710	0.02371	0.02710	0.01863	0.00847	0.00508	0.00169	0.00339	0.00678	0.78489	0.00678
180	0.01432	0.01088	0.01439	0.01315	0.01533	0.01264	0.01045	0.15263	0.01639	0.02300	0.01850	0.02553	0.01648	0.04260	0.52884	0.00922	0.05584	0.00745	0.00457	0.00781
181	0.01581	0.01290	0.01515	0.01086	0.01728	0.00973	0.00870	0.01903	0.01531	0.05238	0.01358	0.01548	0.01107	0.00554	0.00546	0.00113	0.00542	0.00443	0.00450	0.75623
182	0.01943	0.74891	0.03809	0.01244	0.01866	0.02876	0.01244	0.02177	0.01477	0.01710	0.01011	0.01166	0.00933	0.00622	0.00466	0.00155	0.00777	0.00389	0.00311	0.00933
183	0.00888	0.00694	0.00809	0.00896	0.01044	0.00615	0.00642	0.01054	0.01536	0.01925	0.05627	0.37898	0.36219	0.02051	0.00899	0.00273	0.00409	0.05239	0.00675	0.00606
184	0.05067	0.00776	0.00947	0.00894	0.01089	0.00726	0.00674	0.01370	0.01965	0.02813	0.58177	0.05407	0.14438	0.01489	0.00837	0.00231	0.00357	0.01295	0.00766	0.00682
185	0.01857	0.01551	0.01645	0.01473	0.01889	0.01783	0.01148	0.03852	0.66361	0.05315	0.02956	0.02704	0.02205	0.00983	0.00739	0.00246	0.00577	0.00819	0.00745	0.01153
186	0.01039	0.00775	0.01147	0.01147	0.01269	0.00897	0.00882	0.01284	0.01162	0.01672	0.01967	0.02964	0.01864	0.09368	0.67721	0.01142	0.01877	0.00795	0.00392	0.00637
187	0.02715	0.03464	0.02060	0.01873	0.02247	0.71536	0.01404	0.02903	0.02060	0.01779	0.01124	0.01311	0.00936	0.00749	0.00655	0.00187	0.01311	0.00468	0.00375	0.00843
188	0.02675	0.01967	0.02110	0.01627	0.02179	0.02174	0.01333	0.64062	0.03296	0.04417	0.01773	0.01901	0.01309	0.04675	0.00881	0.00243	0.00795	0.00675	0.00712	0.01195
189	0.00963	0.00688	0.00932	0.01100	0.01176	0.00657	0.00808	0.01145	0.01468	0.01942	0.03964	0.56269	0.04640	0.02205	0.00948	0.00306	0.00488	0.19017	0.00673	0.00612
190	0.01001	0.00742	0.00932	0.00885	0.01069	0.00674	0.00664	0.01317	0.01991	0.02756	0.59178	0.05691	0.17316	0.01545	0.00858	0.00231	0.00347	0.01351	0.00779	0.00674
191	0.02722	0.03269	0.02077	0.01845	0.02248	0.62061	0.01401	0.11736	0.02246	0.02162	0.01209	0.01370	0.00977	0.00766	0.00665	0.00191	0.01241	0.00494	0.00423	0.00897
192	0.01106	0.00767	0.00925	0.00929	0.00984	0.00791	0.00596	0.04219	0.01241	0.01676	0.02492	0.15660	0.02802	0.48360	0.13728	0.00687	0.00857	0.01160	0.00484	0.00535
193	0.02377	0.01966	0.01815	0.01557	0.02011	0.16015	0.01223	0.12968	0.34308	0.14252	0.02390	0.02244	0.01742	0.00907	0.00719	0.00227	0.00766	0.00710	0.00690	0.01115
194	0.01614	0.00927	0.00954	0.00861	0.01106	0.00968	0.00669	0.13798	0.01873	0.03054	0.02256	0.02533	0.01748	0.00852	0.00548	0.00178	0.00424	0.00673	0.64185	0.00780
195	0.01693	0.01619	0.02759	0.21400	0.53808	0.01699	0.02178	0.02138	0.01605	0.02246	0.01349	0.01834	0.01106	0.00667	0.00721	0.00222	0.00890	0.00647	0.00351	0.01066
