[name]
unknown

[dist]
# distance from previous block
# <min> <max>
0	33

[block]
# block no. 0 follows, 28 sequences, length 7
# corresponding to MSA columns:
# 33-39
name=unknown_A
#
# <colnr> <probs for GDERKNQSTAVLIFYWHMCP>
#	G	D	E	R	K	N	Q	S	T	A	V	L	I	F	Y	W	H	M	C	P
0	0.68951	0.01726	0.10547	0.01108	0.01643	0.01639	0.01046	0.02159	0.01278	0.03131	0.01052	0.01229	0.00805	0.00677	0.00483	0.00226	0.00632	0.00413	0.00430	0.00826
1	0.01293	0.00998	0.01111	0.01086	0.01246	0.03494	0.00769	0.08643	0.06909	0.02365	0.16553	0.29596	0.04044	0.16801	0.01443	0.00351	0.00550	0.01395	0.00651	0.00702
2	0.01545	0.01226	0.01538	0.01363	0.01639	0.01402	0.01086	0.14077	0.10787	0.02463	0.01916	0.02427	0.01638	0.03292	0.37852	0.00719	0.07696	0.00725	0.00497	0.06111
3	0.01345	0.01316	0.05490	0.09924	0.26710	0.01232	0.01509	0.01755	0.04810	0.02131	0.02690	0.30200	0.05178	0.01356	0.00806	0.00253	0.00681	0.01237	0.00506	0.00872
4	0.01684	0.18750	0.46917	0.01933	0.02854	0.01921	0.07686	0.02347	0.01568	0.05979	0.01342	0.01544	0.00988	0.00681	0.00659	0.00215	0.00998	0.00543	0.00346	0.01045
5	0.09639	0.01181	0.01530	0.01210	0.01706	0.01063	0.00989	0.03109	0.02003	0.54877	0.12238	0.02783	0.02434	0.00964	0.00724	0.00225	0.00574	0.00785	0.00846	0.01119
6	0.00911	0.00701	0.00834	0.00879	0.01034	0.00624	0.00629	0.01115	0.01665	0.02166	0.21883	0.30220	0.30916	0.01905	0.00883	0.00259	0.00381	0.01666	0.00707	0.00624

[dist]
# distance from previous block
# <min> <max>
1	11

[block]
# block no. 1 follows, 28 sequences, length 20
# corresponding to MSA columns:
# 51-70
name=unknown_B
#
# <colnr> <probs for GDERKNQSTAVLIFYWHMCP>
#	G	D	E	R	K	N	Q	S	T	A	V	L	I	F	Y	W	H	M	C	P
0	0.02788	0.01997	0.02157	0.01654	0.02235	0.02196	0.01366	0.64377	0.03352	0.07792	0.01800	0.01781	0.01264	0.00874	0.00727	0.00218	0.00791	0.00658	0.00736	0.01236
1	0.01235	0.01055	0.01411	0.01278	0.01453	0.01142	0.04130	0.01562	0.06500	0.02008	0.06857	0.20340	0.09712	0.12700	0.01587	0.00332	0.15256	0.03283	0.00542	0.07616
2	0.01648	0.01322	0.01563	0.06963	0.01937	0.01345	0.01066	0.13992	0.12256	0.02793	0.06721	0.12428	0.02232	0.01037	0.00762	0.00206	0.03226	0.00861	0.04046	0.23597
3	0.01449	0.01316	0.05421	0.01090	0.01665	0.00944	0.00922	0.01777	0.01571	0.05071	0.05117	0.04916	0.10402	0.00831	0.00624	0.00149	0.00539	0.00686	0.00498	0.55010
4	0.05225	0.09361	0.02147	0.01699	0.02000	0.26638	0.01362	0.02675	0.16237	0.02099	0.01460	0.01679	0.01215	0.00938	0.01150	0.00237	0.21955	0.00584	0.00435	0.00903
5	0.02054	0.02111	0.05584	0.03427	0.42388	0.11738	0.04345	0.12429	0.01965	0.02607	0.01379	0.01709	0.01116	0.00718	0.00770	0.00217	0.03301	0.00626	0.00416	0.01100
6	0.01057	0.00705	0.00793	0.00793	0.00793	0.00705	0.00440	0.01057	0.01057	0.01409	0.02290	0.04757	0.02643	0.74454	0.03700	0.00705	0.00705	0.01057	0.00440	0.00440
7	0.01816	0.01515	0.01594	0.01427	0.01827	0.01742	0.01112	0.06523	0.60607	0.03084	0.02860	0.02669	0.02148	0.00971	0.00721	0.00239	0.00567	0.00803	0.06655	0.01118
8	0.01056	0.00710	0.00821	0.00821	0.00831	0.00720	0.00476	0.01075	0.01066	0.01431	0.02264	0.04612	0.02580	0.69203	0.08865	0.00740	0.00799	0.01036	0.00437	0.00456
9	0.01575	0.01332	0.01544	0.01109	0.01751	0.01039	0.00890	0.05392	0.01611	0.02489	0.01317	0.01520	0.01085	0.00556	0.00549	0.00114	0.00553	0.00443	0.00447	0.74686
10	0.01516	0.01088	0.01312	0.06474	0.01693	0.01001	0.00877	0.01958	0.07435	0.07500	0.02272	0.02685	0.06102	0.08521	0.05599	0.00288	0.00648	0.00702	0.12417	0.29912
11	0.00884	0.00639	0.00836	0.00994	0.01050	0.00592	0.00667	0.01014	0.01409	0.01863	0.04228	0.69567	0.09077	0.02249	0.00923	0.00292	0.00418	0.02031	0.00675	0.00592
12	0.00946	0.00660	0.00831	0.00937	0.00970	0.00631	0.00599	0.01039	0.01305	0.01746	0.05661	0.49102	0.04171	0.25775	0.01829	0.00426	0.00511	0.01712	0.00603	0.00545
13	0.01862	0.01846	0.02890	0.04285	0.65293	0.06499	0.02174	0.02277	0.01683	0.02334	0.01351	0.01766	0.01137	0.00655	0.00715	0.00214	0.00894	0.00635	0.00361	0.01130
14	0.03091	0.01370	0.01755	0.01351	0.01904	0.01277	0.01114	0.15444	0.02330	0.55763	0.04958	0.02440	0.01868	0.00915	0.00735	0.00224	0.00643	0.00737	0.00864	0.01218
15	0.01437	0.00757	0.00766	0.00736	0.00929	0.00770	0.00559	0.05548	0.01635	0.02820	0.02335	0.02654	0.01826	0.00848	0.00521	0.00172	0.00366	0.00676	0.73935	0.00710
16	0.06147	0.01315	0.01694	0.01309	0.01857	0.01207	0.01079	0.10360	0.02192	0.58532	0.04745	0.02436	0.01856	0.00906	0.00723	0.00224	0.00627	0.00728	0.00860	0.01202
17	0.01844	0.02000	0.07309	0.06253	0.57492	0.07868	0.02181	0.02283	0.01676	0.02301	0.01339	0.01743	0.01111	0.00662	0.00712	0.00215	0.00920	0.00625	0.00356	0.01108
18	0.00886	0.00633	0.00843	0.01012	0.01054	0.00590	0.00675	0.01012	0.01392	0.01856	0.04006	0.73979	0.04808	0.02277	0.00928	0.00295	0.00422	0.02066	0.00675	0.00590
19	0.14521	0.02084	0.02282	0.14917	0.22753	0.19999	0.04254	0.06662	0.01778	0.02415	0.01262	0.01599	0.01008	0.00706	0.00667	0.00216	0.00961	0.00568	0.00396	0.00951

[dist]
# distance from previous block
# <min> <max>
0	2

[block]
# block no. 2 follows, 28 sequences, length 18
# corresponding to MSA columns:
# 73-90
name=unknown_C
#
# <colnr> <probs for GDERKNQSTAVLIFYWHMCP>
#	G	D	E	R	K	N	Q	S	T	A	V	L	I	F	Y	W	H	M	C	P
0	0.02310	0.14326	0.02098	0.01392	0.01858	0.03958	0.01149	0.26838	0.05788	0.14826	0.02098	0.08317	0.01750	0.06011	0.03769	0.00286	0.00776	0.00779	0.00637	0.01035
1	0.01501	0.01042	0.01227	0.01013	0.01406	0.00888	0.00779	0.05156	0.01739	0.10438	0.11925	0.08682	0.17317	0.06575	0.00943	0.00230	0.00503	0.00995	0.00621	0.27019
2	0.01624	0.01297	0.01487	0.01207	0.01643	0.01241	0.00952	0.16592	0.04969	0.02826	0.08982	0.11407	0.08836	0.01095	0.00775	0.00196	0.03494	0.00900	0.00597	0.29880
3	0.01679	0.01852	0.03686	0.02726	0.03246	0.01952	0.48070	0.02159	0.01540	0.02159	0.01320	0.01852	0.01059	0.00806	0.01305	0.00266	0.22251	0.00793	0.00353	0.00926
4	0.60931	0.01440	0.01232	0.01077	0.01535	0.01641	0.00879	0.05142	0.10252	0.07922	0.01426	0.01495	0.01064	0.00739	0.00519	0.00227	0.00578	0.00484	0.00530	0.00885
5	0.01637	0.01778	0.03667	0.20411	0.09032	0.01775	0.46268	0.02204	0.01646	0.02215	0.01419	0.01943	0.01073	0.00644	0.00815	0.00242	0.01135	0.00790	0.00356	0.00950
6	0.01065	0.00875	0.00963	0.00969	0.01220	0.00832	0.00766	0.01555	0.11284	0.02209	0.09296	0.06534	0.43942	0.01732	0.00870	0.00262	0.00455	0.13776	0.00690	0.00705
7	0.00992	0.00676	0.00882	0.01011	0.01100	0.00623	0.00701	0.01140	0.01458	0.04669	0.04279	0.61672	0.10947	0.02167	0.00916	0.00289	0.00435	0.04736	0.00684	0.00622
8	0.01590	0.01590	0.02226	0.01908	0.01908	0.02226	0.01590	0.01749	0.01113	0.01749	0.00954	0.01590	0.00954	0.01272	0.02385	0.00318	0.73123	0.00636	0.00318	0.00795
9	0.02762	0.01409	0.01717	0.01385	0.01901	0.01404	0.01122	0.09261	0.23043	0.43526	0.02798	0.02485	0.01881	0.00924	0.00733	0.00231	0.00621	0.00753	0.00834	0.01210
10	0.01688	0.01770	0.02435	0.02029	0.02136	0.07356	0.08606	0.01897	0.01248	0.01814	0.01022	0.01609	0.00969	0.01163	0.02093	0.00300	0.60071	0.00647	0.00328	0.00819
11	0.00910	0.00657	0.00844	0.00965	0.01032	0.00610	0.00649	0.01053	0.01452	0.01933	0.10479	0.57013	0.09845	0.07553	0.01123	0.00315	0.00431	0.01877	0.00669	0.00590
12	0.00983	0.00798	0.00901	0.00916	0.01098	0.00757	0.00674	0.01271	0.05561	0.02036	0.10011	0.19520	0.39213	0.06606	0.01112	0.00290	0.03023	0.03927	0.00659	0.00643
13	0.01799	0.01727	0.02950	0.04462	0.69919	0.01727	0.02231	0.02231	0.01655	0.02375	0.01367	0.01799	0.01151	0.00648	0.00720	0.00216	0.00864	0.00648	0.00360	0.01151
14	0.01721	0.01449	0.01621	0.01439	0.01783	0.01682	0.01136	0.10384	0.41003	0.02839	0.02865	0.02866	0.07353	0.01653	0.10192	0.00370	0.07137	0.00838	0.00650	0.01020
15	0.79588	0.01406	0.01068	0.00956	0.01406	0.01631	0.00787	0.02137	0.01237	0.03261	0.01012	0.01181	0.00787	0.00675	0.00450	0.00225	0.00562	0.00394	0.00450	0.00787
16	0.01056	0.00710	0.00820	0.00820	0.00830	0.00720	0.00475	0.01075	0.01065	0.01430	0.02265	0.04617	0.02582	0.69370	0.08700	0.00739	0.00796	0.01037	0.00437	0.00456
17	0.11940	0.01588	0.01540	0.01381	0.01594	0.11915	0.01055	0.08643	0.06492	0.02271	0.01788	0.08135	0.01759	0.17010	0.04586	0.00387	0.15862	0.00806	0.00475	0.00774

[dist]
# distance from previous block
# <min> <max>
0	1

[block]
# block no. 3 follows, 28 sequences, length 16
# corresponding to MSA columns:
# 92-107
name=unknown_D
#
# <colnr> <probs for GDERKNQSTAVLIFYWHMCP>
#	G	D	E	R	K	N	Q	S	T	A	V	L	I	F	Y	W	H	M	C	P
0	0.02008	0.50207	0.05697	0.01471	0.01982	0.14348	0.01370	0.02245	0.01528	0.01748	0.01032	0.01262	0.00936	0.00735	0.00770	0.00186	0.10808	0.00441	0.00323	0.00904
1	0.01178	0.00964	0.01203	0.01181	0.05594	0.00855	0.00826	0.01539	0.04447	0.02413	0.24724	0.08619	0.18348	0.01529	0.04619	0.00259	0.00530	0.01107	0.00624	0.19442
2	0.01171	0.00961	0.01371	0.01296	0.01379	0.01194	0.01011	0.01375	0.01141	0.01667	0.01755	0.02794	0.01716	0.13077	0.46764	0.00910	0.18599	0.00780	0.00379	0.00657
3	0.02384	0.01414	0.01639	0.01371	0.01843	0.01471	0.01095	0.08149	0.33372	0.29491	0.03128	0.02834	0.06462	0.01001	0.00743	0.00236	0.00595	0.00821	0.00797	0.01155
4	0.02723	0.01359	0.01668	0.01344	0.01836	0.01339	0.01079	0.09591	0.18338	0.43422	0.02746	0.02604	0.01900	0.05493	0.00917	0.00259	0.00631	0.00766	0.00816	0.01166
5	0.01934	0.01624	0.01714	0.01505	0.01938	0.01867	0.01181	0.12230	0.60034	0.03243	0.02799	0.02585	0.02090	0.00971	0.00738	0.00243	0.00605	0.00800	0.00738	0.01162
6	0.03086	0.06026	0.01913	0.01361	0.01930	0.01403	0.01138	0.15353	0.02291	0.53846	0.02542	0.02256	0.01640	0.00877	0.00714	0.00219	0.00662	0.00695	0.00831	0.01218
7	0.00886	0.00633	0.00843	0.01012	0.01054	0.00590	0.00675	0.01012	0.01392	0.01856	0.04006	0.73979	0.04808	0.02277	0.00928	0.00295	0.00422	0.02066	0.00675	0.00590
8	0.01755	0.01425	0.01541	0.01371	0.01754	0.01597	0.01069	0.07323	0.49849	0.05067	0.13301	0.03223	0.05363	0.01085	0.00761	0.00241	0.00547	0.00911	0.00751	0.01067
9	0.02409	0.30302	0.02717	0.01482	0.01995	0.09215	0.01295	0.17300	0.02048	0.14797	0.01519	0.01592	0.01161	0.00809	0.00790	0.00202	0.08269	0.00544	0.00519	0.01034
10	0.01715	0.01042	0.01368	0.01352	0.01637	0.01038	0.01155	0.08259	0.03908	0.14771	0.05780	0.06287	0.03508	0.01651	0.00915	0.00297	0.00658	0.43095	0.00723	0.00841
11	0.01038	0.00779	0.01168	0.01168	0.01298	0.00909	0.00909	0.01298	0.01168	0.01687	0.01947	0.02856	0.01817	0.05452	0.71573	0.01168	0.01947	0.00779	0.00389	0.00649
12	0.01692	0.00997	0.01331	0.01333	0.01602	0.00980	0.01139	0.06692	0.01857	0.15694	0.03444	0.06476	0.03443	0.04481	0.01034	0.00319	0.00670	0.45294	0.00710	0.00813
13	0.02146	0.01620	0.02707	0.03642	0.50722	0.01574	0.04802	0.02549	0.01760	0.18670	0.01731	0.01968	0.01304	0.00706	0.00728	0.00219	0.00821	0.00677	0.00489	0.01164
14	0.01192	0.01038	0.01040	0.01081	0.01212	0.08371	0.00754	0.01485	0.06431	0.02044	0.13454	0.38136	0.08046	0.10811	0.01213	0.00318	0.00549	0.01534	0.00637	0.00656
15	0.08723	0.01837	0.02116	0.01968	0.10524	0.12798	0.06543	0.06234	0.04529	0.09393	0.01491	0.01728	0.01173	0.00901	0.02610	0.00235	0.11099	0.00592	0.00471	0.15035

[dist]
# distance from previous block
# <min> <max>
0	1

[block]
# block no. 4 follows, 28 sequences, length 43
# corresponding to MSA columns:
# 109-151
name=unknown_E
#
# <colnr> <probs for GDERKNQSTAVLIFYWHMCP>
#	G	D	E	R	K	N	Q	S	T	A	V	L	I	F	Y	W	H	M	C	P
0	0.01319	0.01121	0.01711	0.04638	0.01837	0.01192	0.10879	0.08042	0.01583	0.02147	0.02761	0.37773	0.03070	0.08463	0.01318	0.00319	0.09120	0.01418	0.00555	0.00733
1	0.01096	0.00805	0.00978	0.00991	0.01118	0.00801	0.00703	0.01480	0.08677	0.02221	0.23825	0.19055	0.06838	0.20977	0.01624	0.00379	0.00507	0.06619	0.00658	0.00647
2	0.10725	0.15236	0.12156	0.01621	0.06073	0.05007	0.01410	0.06846	0.09467	0.02492	0.01484	0.03539	0.01230	0.00781	0.00728	0.00201	0.05734	0.00569	0.00442	0.14261
3	0.02095	0.40472	0.02901	0.01383	0.01904	0.05101	0.01245	0.20144	0.02001	0.02550	0.01343	0.01538	0.01122	0.01079	0.05726	0.00254	0.03764	0.00516	0.03888	0.00976
4	0.03261	0.01237	0.01687	0.01293	0.01856	0.01068	0.01068	0.03543	0.02081	0.70423	0.02868	0.02474	0.01799	0.00900	0.00731	0.00225	0.00619	0.00731	0.00900	0.01237
5	0.01037	0.00742	0.00949	0.01049	0.01138	0.00720	0.00729	0.05306	0.01565	0.02099	0.08629	0.58059	0.04596	0.05796	0.01054	0.00308	0.00465	0.04451	0.00675	0.00634
6	0.01842	0.01848	0.02970	0.04089	0.57838	0.06117	0.07202	0.02261	0.01663	0.02309	0.01344	0.01773	0.01126	0.00676	0.00793	0.00220	0.03811	0.00652	0.00360	0.01105
7	0.00989	0.00712	0.00940	0.00965	0.01095	0.00662	0.00704	0.01262	0.01826	0.02541	0.45526	0.27554	0.06079	0.01764	0.00887	0.00255	0.00383	0.04447	0.00754	0.00654
8	0.01031	0.00694	0.00800	0.00826	0.00832	0.00688	0.00476	0.01050	0.01107	0.01476	0.02548	0.15138	0.02967	0.63630	0.03284	0.00643	0.00662	0.01208	0.00476	0.00463
9	0.07271	0.54585	0.10100	0.01326	0.01950	0.04726	0.01342	0.02218	0.01492	0.04235	0.01149	0.01328	0.00991	0.00859	0.03644	0.00216	0.00856	0.00435	0.00346	0.00932
10	0.01470	0.03678	0.67675	0.02117	0.03176	0.01695	0.05617	0.02303	0.01543	0.02303	0.01312	0.01554	0.00929	0.00687	0.00698	0.00231	0.01081	0.00552	0.00310	0.01070
11	0.01081	0.00808	0.01046	0.01165	0.01355	0.00772	0.00993	0.01373	0.01669	0.02114	0.04861	0.07853	0.23033	0.01960	0.00962	0.00309	0.00583	0.46738	0.00671	0.00653
12	0.01669	0.01400	0.01613	0.01192	0.01798	0.01199	0.00958	0.09408	0.05400	0.02639	0.01425	0.01603	0.01154	0.00623	0.00626	0.00134	0.02748	0.00484	0.00478	0.63450
13	0.01705	0.25817	0.23121	0.02105	0.02845	0.02158	0.22409	0.02227	0.01540	0.02078	0.01235	0.01555	0.00984	0.00689	0.00803	0.00218	0.06607	0.00598	0.00328	0.00978
14	0.04884	0.01276	0.01792	0.35399	0.03258	0.01297	0.01405	0.01828	0.01452	0.02127	0.01279	0.01722	0.01018	0.00698	0.00699	0.02705	0.00749	0.00539	0.00376	0.35497
15	0.09355	0.02912	0.01947	0.01727	0.02138	0.49636	0.01322	0.11092	0.08871	0.02390	0.01377	0.01496	0.01091	0.00782	0.00655	0.00200	0.01107	0.00521	0.00462	0.00919
16	0.01037	0.00911	0.02926	0.01064	0.01291	0.00806	0.03479	0.01425	0.07174	0.02200	0.14922	0.25684	0.27921	0.01770	0.00871	0.00261	0.00465	0.04424	0.00677	0.00692
17	0.02815	0.01329	0.01676	0.01328	0.01852	0.01259	0.01081	0.07535	0.14132	0.48905	0.05344	0.02549	0.02009	0.00923	0.00730	0.00224	0.00609	0.00754	0.00838	0.04107
18	0.02527	0.01741	0.01929	0.01524	0.02027	0.01879	0.01239	0.50595	0.03006	0.10860	0.06398	0.08822	0.01987	0.01046	0.00755	0.00227	0.00717	0.00837	0.00744	0.01141
19	0.00946	0.00680	0.00854	0.00925	0.01009	0.00635	0.00625	0.01106	0.01511	0.02031	0.19081	0.39772	0.11056	0.14667	0.01390	0.00347	0.00448	0.01667	0.00663	0.00588
20	0.02715	0.03464	0.02060	0.01873	0.02247	0.71536	0.01404	0.02903	0.02060	0.01779	0.01124	0.01311	0.00936	0.00749	0.00655	0.00187	0.01311	0.00468	0.00375	0.00843
21	0.02693	0.01197	0.01563	0.01249	0.01724	0.01098	0.01012	0.05629	0.07349	0.49413	0.15830	0.03041	0.02797	0.01020	0.00756	0.00227	0.00568	0.00849	0.00861	0.01123
22	0.01976	0.01065	0.01340	0.01172	0.01529	0.01013	0.00937	0.04271	0.10348	0.27264	0.19785	0.07011	0.10211	0.01312	0.00811	0.00244	0.00523	0.07443	0.00796	0.00947
23	0.00905	0.00722	0.00810	0.00823	0.01019	0.00628	0.00604	0.01118	0.01713	0.02179	0.21988	0.17091	0.44193	0.01823	0.00869	0.00249	0.00370	0.01564	0.00705	0.00628
24	0.02763	0.02036	0.02182	0.01672	0.02254	0.02254	0.01382	0.67496	0.03418	0.04581	0.01745	0.01745	0.01236	0.00873	0.00727	0.00218	0.00800	0.00654	0.00727	0.01236
25	0.79588	0.01406	0.01068	0.00956	0.01406	0.01631	0.00787	0.02137	0.01237	0.03261	0.01012	0.01181	0.00787	0.00675	0.00450	0.00225	0.00562	0.00394	0.00450	0.00787
26	0.01006	0.00686	0.00818	0.00863	0.00885	0.00670	0.00522	0.01062	0.01210	0.01623	0.06540	0.24927	0.03508	0.49392	0.02735	0.00559	0.00602	0.01365	0.00529	0.00498
27	0.02164	0.01553	0.01738	0.01445	0.01837	0.01686	0.01146	0.44284	0.02664	0.03566	0.02190	0.15897	0.02024	0.01385	0.01037	0.09976	0.00702	0.03063	0.00664	0.00979
28	0.01485	0.01856	0.13149	0.20068	0.03533	0.01594	0.29195	0.01991	0.01532	0.02087	0.01611	0.08682	0.01394	0.00931	0.00962	0.04255	0.03579	0.00851	0.00372	0.00874
29	0.02681	0.03302	0.02104	0.01966	0.05022	0.64250	0.01437	0.06999	0.02130	0.01982	0.01173	0.01359	0.00964	0.00753	0.00663	0.00190	0.01260	0.00487	0.00396	0.00880
30	0.79588	0.01406	0.01068	0.00956	0.01406	0.01631	0.00787	0.02137	0.01237	0.03261	0.01012	0.01181	0.00787	0.00675	0.00450	0.00225	0.00562	0.00394	0.00450	0.00787
31	0.01218	0.00922	0.01264	0.07865	0.01620	0.01033	0.00950	0.04741	0.01346	0.01926	0.02015	0.07410	0.01954	0.14191	0.35421	0.00752	0.04181	0.00854	0.05766	0.04571
32	0.01504	0.01073	0.01372	0.09701	0.01765	0.01208	0.01005	0.07156	0.03780	0.04565	0.04101	0.04533	0.01850	0.08884	0.07899	0.03056	0.10178	0.00765	0.20956	0.04651
33	0.15779	0.01708	0.11229	0.26092	0.06721	0.04584	0.03576	0.02029	0.03890	0.02337	0.07153	0.02418	0.01688	0.04297	0.00834	0.00258	0.00835	0.03305	0.00424	0.00845
34	0.01539	0.13600	0.58038	0.02006	0.03000	0.01862	0.05708	0.02286	0.01536	0.02221	0.01272	0.01504	0.00932	0.00677	0.00668	0.00221	0.01040	0.00532	0.00311	0.01050
35	0.08107	0.01292	0.01675	0.01293	0.01849	0.01169	0.01068	0.06967	0.02100	0.62518	0.02688	0.02352	0.01704	0.00884	0.00713	0.00225	0.00625	0.00705	0.00861	0.01208
36	0.00952	0.00679	0.00806	0.00878	0.00935	0.00641	0.00559	0.01036	0.01295	0.01688	0.03823	0.34910	0.14051	0.32022	0.02062	0.00457	0.00530	0.01566	0.00578	0.00532
37	0.08435	0.05413	0.05308	0.33160	0.05075	0.01514	0.01523	0.07353	0.01631	0.04973	0.02120	0.08821	0.07217	0.01026	0.00784	0.02760	0.00785	0.00813	0.00453	0.00837
38	0.01113	0.00764	0.01015	0.01058	0.01220	0.00718	0.00827	0.01397	0.01789	0.04960	0.31411	0.20608	0.08936	0.01797	0.00909	0.00273	0.00463	0.19332	0.00734	0.00678
39	0.01057	0.00705	0.00793	0.00793	0.00793	0.00705	0.00440	0.01057	0.01057	0.01409	0.02290	0.04757	0.02643	0.74454	0.03700	0.00705	0.00705	0.01057	0.00440	0.00440
40	0.23467	0.01650	0.06542	0.21412	0.23722	0.01696	0.03624	0.02087	0.01450	0.02447	0.01225	0.01640	0.00974	0.00710	0.00733	0.00232	0.04513	0.00574	0.00370	0.00929
41	0.01514	0.11661	0.23964	0.16001	0.06493	0.04160	0.10154	0.02029	0.01538	0.02060	0.01680	0.12299	0.01540	0.00913	0.00725	0.00232	0.00936	0.00808	0.00378	0.00916
42	0.01409	0.00828	0.01037	0.00966	0.01192	0.00751	0.00729	0.01648	0.01774	0.14687	0.26993	0.08538	0.17608	0.12277	0.01268	0.00313	0.00480	0.06048	0.00724	0.00730

[dist]
# distance from previous block
# <min> <max>
3	4

[block]
# block no. 5 follows, 28 sequences, length 17
# corresponding to MSA columns:
# 156-172
name=unknown_F
#
# <colnr> <probs for GDERKNQSTAVLIFYWHMCP>
#	G	D	E	R	K	N	Q	S	T	A	V	L	I	F	Y	W	H	M	C	P
0	0.25071	0.01499	0.01560	0.07458	0.01989	0.07386	0.04662	0.05708	0.08792	0.02677	0.04439	0.11251	0.03507	0.00977	0.00658	0.00222	0.00678	0.00791	0.00520	0.10156
1	0.01335	0.00926	0.01067	0.01029	0.01174	0.00946	0.00714	0.13496	0.01664	0.02252	0.02981	0.27494	0.06332	0.25122	0.01837	0.03852	0.00585	0.01306	0.05232	0.00657
2	0.16818	0.01361	0.02044	0.51235	0.11284	0.01630	0.01799	0.01952	0.01433	0.02189	0.01245	0.01774	0.00953	0.00708	0.00671	0.00236	0.00878	0.00596	0.00352	0.00841
3	0.01451	0.01228	0.01428	0.01110	0.01655	0.01001	0.00882	0.01917	0.07677	0.02372	0.02023	0.06227	0.04700	0.00821	0.00620	0.00150	0.00535	0.04445	0.00498	0.59258
4	0.02498	0.23581	0.02553	0.01696	0.02140	0.52199	0.01359	0.02698	0.01896	0.01760	0.01092	0.01270	0.00935	0.00713	0.00602	0.00178	0.01161	0.00446	0.00357	0.00868
5	0.02763	0.02036	0.02182	0.01672	0.02254	0.02254	0.01382	0.67496	0.03418	0.04581	0.01745	0.01745	0.01236	0.00873	0.00727	0.00218	0.00800	0.00654	0.00727	0.01236
6	0.05792	0.00792	0.00995	0.00943	0.01135	0.00749	0.00707	0.01473	0.01941	0.05705	0.55887	0.12082	0.06071	0.01494	0.00835	0.00235	0.00376	0.01312	0.00771	0.00706
7	0.01829	0.01556	0.01651	0.01483	0.01893	0.01792	0.01162	0.06802	0.62908	0.03081	0.02935	0.02879	0.02248	0.01020	0.00749	0.00249	0.00590	0.03302	0.00736	0.01136
8	0.00900	0.00738	0.00794	0.00780	0.01007	0.00631	0.00585	0.01123	0.01754	0.02195	0.22468	0.06615	0.54376	0.01755	0.00859	0.00241	0.00362	0.01481	0.00705	0.00631
9	0.03261	0.01237	0.01687	0.01293	0.01856	0.01068	0.01068	0.03543	0.02081	0.70423	0.02868	0.02474	0.01799	0.00900	0.00731	0.00225	0.00619	0.00731	0.00900	0.01237
10	0.02564	0.01880	0.02007	0.01570	0.02102	0.02081	0.01287	0.56681	0.08445	0.04295	0.01897	0.01906	0.01369	0.00879	0.00709	0.00216	0.00742	0.00670	0.07519	0.01181
11	0.01096	0.00755	0.00991	0.01006	0.01171	0.00701	0.00769	0.01382	0.01837	0.05024	0.39218	0.19421	0.09903	0.01730	0.00891	0.00260	0.00424	0.11989	0.00749	0.00680
12	0.00918	0.00654	0.00868	0.01016	0.01071	0.00616	0.00694	0.01063	0.01430	0.01912	0.07500	0.63151	0.04784	0.05514	0.01055	0.00313	0.00445	0.05732	0.00671	0.00593
13	0.18448	0.01707	0.01780	0.01390	0.01946	0.01812	0.01139	0.35817	0.05664	0.07700	0.01638	0.01676	0.01195	0.00781	0.00638	0.00202	0.00684	0.00574	0.00629	0.14579
14	0.26691	0.01293	0.01426	0.01172	0.01639	0.01311	0.00954	0.06909	0.05788	0.32189	0.11219	0.02436	0.02155	0.00912	0.00660	0.00226	0.00573	0.00705	0.00725	0.01017
15	0.05942	0.00803	0.00844	0.04162	0.01154	0.00803	0.00627	0.01739	0.01503	0.02672	0.02146	0.02479	0.01689	0.00804	0.00518	0.00171	0.00399	0.00638	0.63385	0.07521
16	0.14434	0.15489	0.14959	0.10598	0.02473	0.01790	0.06740	0.02049	0.01531	0.04167	0.10959	0.02079	0.01795	0.00843	0.00800	0.00225	0.07109	0.00650	0.00425	0.00884

[dist]
# distance from previous block
# <min> <max>
0	2

[block]
# block no. 6 follows, 28 sequences, length 79
# corresponding to MSA columns:
# 175-253
name=unknown_G
#
# <colnr> <probs for GDERKNQSTAVLIFYWHMCP>
#	G	D	E	R	K	N	Q	S	T	A	V	L	I	F	Y	W	H	M	C	P
0	0.06782	0.22016	0.02443	0.04310	0.02130	0.20528	0.01295	0.20741	0.04335	0.02740	0.05085	0.01682	0.01379	0.00792	0.00629	0.00196	0.00889	0.00559	0.00494	0.00974
1	0.01297	0.00903	0.01172	0.01052	0.01314	0.00825	0.03140	0.04950	0.01900	0.08278	0.31115	0.16449	0.18000	0.01532	0.00837	0.00237	0.00450	0.01342	0.00725	0.04484
2	0.08874	0.12857	0.25172	0.05194	0.09716	0.11778	0.01827	0.07749	0.01771	0.02445	0.05128	0.01705	0.01303	0.00745	0.00650	0.00211	0.00928	0.00564	0.00400	0.00983
3	0.09505	0.06203	0.05086	0.05786	0.02003	0.05574	0.04210	0.01779	0.01338	0.01985	0.01852	0.11932	0.05403	0.01365	0.03751	0.00300	0.29889	0.00846	0.00408	0.00784
4	0.59832	0.03925	0.01175	0.00974	0.01384	0.01524	0.00799	0.04288	0.01450	0.03180	0.10802	0.01864	0.01712	0.00802	0.00520	0.00220	0.00538	0.00545	0.03677	0.00789
5	0.04166	0.00983	0.01340	0.03199	0.01592	0.01012	0.03407	0.05241	0.01775	0.06385	0.15681	0.14329	0.03893	0.01597	0.00946	0.00279	0.04056	0.25162	0.04204	0.00752
6	0.05004	0.01905	0.08216	0.02670	0.03336	0.01676	0.52410	0.02168	0.01646	0.02313	0.01730	0.10143	0.01501	0.00811	0.00837	0.00249	0.01094	0.00954	0.00402	0.00934
7	0.01063	0.00777	0.01017	0.01080	0.01247	0.00739	0.00875	0.01360	0.01768	0.02360	0.26799	0.10402	0.13568	0.04195	0.01019	0.00297	0.00507	0.29564	0.00708	0.00656
8	0.01590	0.01590	0.02226	0.01908	0.01908	0.02226	0.01590	0.01749	0.01113	0.01749	0.00954	0.01590	0.00954	0.01272	0.02385	0.00318	0.73123	0.00636	0.00318	0.00795
9	0.01417	0.00753	0.00761	0.00739	0.00930	0.00769	0.00560	0.03927	0.03965	0.02783	0.02372	0.02678	0.01855	0.00853	0.00524	0.00174	0.00362	0.00682	0.73184	0.00713
10	0.01197	0.00664	0.00898	0.00955	0.01020	0.00639	0.00653	0.01188	0.01268	0.04735	0.02683	0.33755	0.02920	0.02122	0.01599	0.30496	0.00500	0.01271	0.10911	0.00525
11	0.16319	0.01266	0.01581	0.01236	0.01779	0.01165	0.01020	0.03302	0.01936	0.58934	0.02550	0.02253	0.01626	0.00861	0.00683	0.00225	0.00609	0.00673	0.00823	0.01160
12	0.01087	0.00791	0.00955	0.00952	0.01140	0.00740	0.00727	0.01311	0.01681	0.05258	0.19489	0.13332	0.30903	0.06363	0.01113	0.00289	0.03067	0.09461	0.00684	0.00658
13	0.01799	0.01727	0.02950	0.04462	0.69919	0.01727	0.02231	0.02231	0.01655	0.02375	0.01367	0.01799	0.01151	0.00648	0.00720	0.00216	0.00864	0.00648	0.00360	0.01151
14	0.01129	0.00859	0.00991	0.01013	0.01204	0.00823	0.00747	0.09446	0.01759	0.02257	0.04934	0.36872	0.27906	0.01926	0.00882	0.00270	0.00464	0.05153	0.00681	0.00685
15	0.79588	0.01406	0.01068	0.00956	0.01406	0.01631	0.00787	0.02137	0.01237	0.03261	0.01012	0.01181	0.00787	0.00675	0.00450	0.00225	0.00562	0.00394	0.00450	0.00787
16	0.01047	0.00839	0.03278	0.00938	0.01118	0.00722	0.00722	0.01363	0.01914	0.02704	0.58765	0.05215	0.06128	0.10674	0.01211	0.00289	0.00413	0.01256	0.00738	0.00668
17	0.03742	0.11769	0.58144	0.01897	0.02865	0.01783	0.02384	0.02245	0.01541	0.02286	0.04036	0.01640	0.01160	0.00715	0.00665	0.00221	0.00996	0.00548	0.00332	0.01034
18	0.01661	0.04493	0.01609	0.05500	0.03954	0.04669	0.01196	0.12329	0.07924	0.04961	0.05831	0.09455	0.02957	0.05637	0.01006	0.00294	0.00709	0.24340	0.00627	0.00847
19	0.01894	0.67594	0.10670	0.01329	0.01997	0.02754	0.01392	0.02189	0.01483	0.01771	0.01041	0.01204	0.00932	0.00629	0.00489	0.00163	0.00808	0.00404	0.00311	0.00947
20	0.01037	0.04951	0.01072	0.00888	0.01104	0.00792	0.00683	0.01333	0.01922	0.02603	0.49699	0.05589	0.22621	0.01528	0.00836	0.00229	0.00374	0.01318	0.00740	0.00681
21	0.01040	0.00772	0.01134	0.01134	0.01252	0.00890	0.00866	0.01276	0.01158	0.01662	0.01978	0.03027	0.01892	0.11679	0.65448	0.01126	0.01835	0.00804	0.00394	0.00630
22	0.01273	0.00797	0.01050	0.00956	0.01170	0.00728	0.00728	0.01609	0.02060	0.10286	0.62257	0.05107	0.06306	0.01422	0.00844	0.00228	0.00373	0.01251	0.00811	0.00746
23	0.16153	0.01334	0.01595	0.01258	0.01776	0.01290	0.01034	0.11315	0.02105	0.45838	0.06995	0.02362	0.01902	0.00898	0.00691	0.00224	0.00613	0.00703	0.00794	0.01122
24	0.01865	0.01549	0.01645	0.01472	0.01889	0.01779	0.01147	0.03850	0.65993	0.05688	0.02955	0.02703	0.02202	0.00983	0.00739	0.00246	0.00577	0.00818	0.00746	0.01154
25	0.07023	0.01938	0.02081	0.01603	0.02176	0.02126	0.01324	0.58832	0.03192	0.09732	0.01794	0.01772	0.01256	0.00864	0.00712	0.00219	0.00772	0.00646	0.00726	0.01212
26	0.01004	0.00683	0.00885	0.00984	0.01086	0.00625	0.00681	0.01170	0.01531	0.04991	0.12334	0.55484	0.11678	0.02075	0.00903	0.00279	0.00415	0.01861	0.00700	0.00633
27	0.00992	0.00720	0.00939	0.00955	0.01097	0.00667	0.00704	0.01272	0.01847	0.02558	0.46136	0.23127	0.09188	0.01734	0.00884	0.00252	0.00383	0.05134	0.00755	0.00657
28	0.02036	0.01684	0.01846	0.01695	0.05839	0.01910	0.01267	0.18964	0.49240	0.03371	0.02579	0.02429	0.01924	0.00940	0.00736	0.00238	0.00645	0.00772	0.00715	0.01171
29	0.04104	0.00904	0.01170	0.01268	0.01477	0.00917	0.01086	0.01736	0.06082	0.04413	0.05479	0.07028	0.06150	0.01783	0.00925	0.00308	0.00622	0.49427	0.04401	0.00722
30	0.01038	0.00779	0.01168	0.01168	0.01298	0.00909	0.00909	0.01298	0.01168	0.01687	0.01947	0.02856	0.01817	0.05452	0.71573	0.01168	0.01947	0.00779	0.00389	0.00649
31	0.02279	0.01673	0.01843	0.01515	0.01959	0.01825	0.01221	0.49814	0.02894	0.03873	0.02339	0.17372	0.02153	0.01232	0.00785	0.00241	0.00713	0.04489	0.00713	0.01069
32	0.04963	0.02517	0.02202	0.13154	0.15684	0.36070	0.01621	0.07316	0.05614	0.02230	0.01338	0.01605	0.01070	0.00745	0.00681	0.00208	0.01069	0.00560	0.00412	0.00940
33	0.01422	0.00814	0.00898	0.03361	0.01145	0.00855	0.00666	0.06678	0.01615	0.02676	0.02240	0.02696	0.01807	0.03920	0.07654	0.00293	0.00568	0.00698	0.59280	0.00714
34	0.39842	0.01660	0.10187	0.01728	0.13627	0.01491	0.01277	0.02183	0.01467	0.08623	0.06057	0.01934	0.01475	0.04800	0.00758	0.00251	0.00677	0.00585	0.00478	0.00900
35	0.06938	0.16885	0.43247	0.01813	0.02620	0.05305	0.02114	0.02241	0.01487	0.02176	0.01186	0.01435	0.00918	0.00736	0.00796	0.00222	0.08064	0.00506	0.00322	0.00989
36	0.01064	0.00713	0.00880	0.00917	0.01058	0.00653	0.00654	0.01216	0.01476	0.02075	0.10177	0.30826	0.13218	0.01828	0.01065	0.10171	0.00435	0.03371	0.12660	0.05541
37	0.01205	0.05313	0.08597	0.01069	0.01382	0.00956	0.00936	0.01610	0.04169	0.04965	0.40157	0.08511	0.13125	0.03729	0.00903	0.00246	0.00483	0.01201	0.00687	0.00755
38	0.01870	0.01384	0.01567	0.01365	0.01704	0.01493	0.01068	0.32850	0.06649	0.03294	0.07205	0.22531	0.02871	0.03502	0.03977	0.00302	0.00691	0.04045	0.00693	0.00941
39	0.06322	0.01311	0.01703	0.01311	0.01871	0.01191	0.01083	0.08856	0.02159	0.62163	0.02698	0.02360	0.01711	0.00888	0.00719	0.00224	0.00631	0.00711	0.00867	0.01219
40	0.02320	0.01599	0.01824	0.01696	0.07596	0.04151	0.01241	0.12676	0.31640	0.20549	0.02717	0.02536	0.04224	0.00941	0.00735	0.00232	0.00662	0.00772	0.00732	0.01155
41	0.01680	0.01660	0.02415	0.25739	0.35227	0.07441	0.01926	0.02184	0.05425	0.02171	0.01793	0.02184	0.05470	0.00776	0.00727	0.00226	0.00887	0.00698	0.00391	0.00981
42	0.01247	0.00785	0.01050	0.01045	0.01227	0.00729	0.00804	0.01536	0.01855	0.09344	0.37942	0.20092	0.05467	0.01682	0.00884	0.00260	0.00442	0.12129	0.00762	0.00718
43	0.01051	0.00706	0.00810	0.00815	0.00821	0.00709	0.00467	0.01065	0.01072	0.01434	0.02329	0.06813	0.02676	0.69424	0.06374	0.00711	0.00747	0.01077	0.00446	0.00454
44	0.26679	0.05203	0.36792	0.01755	0.06625	0.01646	0.01856	0.02176	0.01480	0.02637	0.05859	0.01690	0.01298	0.00735	0.00618	0.00225	0.00835	0.00546	0.00390	0.00955
45	0.04323	0.05400	0.20574	0.02169	0.11314	0.09232	0.11174	0.02035	0.01599	0.02164	0.02005	0.17260	0.01976	0.01084	0.00764	0.00242	0.00903	0.04445	0.00433	0.00904
46	0.01130	0.00847	0.01051	0.01077	0.01274	0.00820	0.00856	0.04553	0.04209	0.02445	0.22897	0.15170	0.17971	0.01772	0.00901	0.00273	0.00488	0.20855	0.00713	0.00697
47	0.09573	0.03752	0.02117	0.01848	0.10397	0.01479	0.09228	0.02083	0.06053	0.02394	0.01459	0.04231	0.01252	0.00752	0.00821	0.00191	0.08738	0.00612	0.00430	0.32588
48	0.04704	0.10660	0.01925	0.01496	0.01789	0.30819	0.01181	0.02159	0.01759	0.02033	0.14085	0.04270	0.04372	0.01270	0.04800	0.00268	0.10430	0.00728	0.00460	0.00791
49	0.01720	0.01646	0.02807	0.17198	0.57805	0.01706	0.02191	0.02161	0.01618	0.02278	0.01353	0.01825	0.01117	0.00662	0.00721	0.00221	0.00883	0.00647	0.00353	0.01087
50	0.02698	0.02962	0.02083	0.01798	0.02237	0.47948	0.01389	0.22664	0.04792	0.02679	0.01377	0.01492	0.01073	0.00795	0.00680	0.00199	0.01129	0.00537	0.00495	0.00974
51	0.01005	0.00733	0.00944	0.00911	0.01076	0.00672	0.00676	0.01318	0.01971	0.02756	0.59498	0.11645	0.10913	0.01581	0.00864	0.00236	0.00352	0.01396	0.00781	0.00672
52	0.01078	0.00795	0.01014	0.00950	0.01137	0.00757	0.00715	0.01529	0.06270	0.02923	0.65322	0.05258	0.06565	0.01454	0.00850	0.00230	0.00358	0.01283	0.00796	0.00715
53	0.02112	0.01501	0.01587	0.01313	0.01727	0.01656	0.01053	0.33048	0.16518	0.03658	0.02201	0.02257	0.01644	0.00888	0.00660	0.00209	0.00605	0.00697	0.25628	0.01039
54	0.01088	0.00792	0.01150	0.01137	0.01244	0.00919	0.00867	0.01285	0.01153	0.01671	0.01901	0.02908	0.01812	0.10486	0.56301	0.06412	0.04599	0.00782	0.02877	0.00616
55	0.02715	0.03464	0.02060	0.01873	0.02247	0.71536	0.01404	0.02903	0.02060	0.01779	0.01124	0.01311	0.00936	0.00749	0.00655	0.00187	0.01311	0.00468	0.00375	0.00843
56	0.03261	0.01237	0.01687	0.01293	0.01856	0.01068	0.01068	0.03543	0.02081	0.70423	0.02868	0.02474	0.01799	0.00900	0.00731	0.00225	0.00619	0.00731	0.00900	0.01237
57	0.01041	0.00708	0.00842	0.00855	0.00874	0.00720	0.00515	0.01082	0.01097	0.01478	0.02383	0.09944	0.02713	0.60522	0.11633	0.00728	0.00832	0.01103	0.00453	0.00477
58	0.00939	0.00730	0.00854	0.00902	0.01077	0.00654	0.00678	0.01149	0.01644	0.02089	0.14995	0.19999	0.36387	0.04485	0.00994	0.00282	0.00429	0.10410	0.00684	0.00621
59	0.02537	0.01923	0.02054	0.01627	0.02168	0.02148	0.01327	0.52401	0.18882	0.04216	0.02033	0.01975	0.01469	0.00900	0.00730	0.00225	0.00747	0.00694	0.00730	0.01216
60	0.79588	0.01406	0.01068	0.00956	0.01406	0.01631	0.00787	0.02137	0.01237	0.03261	0.01012	0.01181	0.00787	0.00675	0.00450	0.00225	0.00562	0.00394	0.00450	0.00787
61	0.00905	0.00647	0.00866	0.01035	0.01085	0.00607	0.00709	0.01046	0.01411	0.01878	0.03996	0.69452	0.04765	0.02259	0.00933	0.00298	0.00439	0.06400	0.00674	0.00596
62	0.01070	0.00707	0.00942	0.01051	0.01158	0.00659	0.00757	0.01255	0.01541	0.05899	0.10605	0.52651	0.06776	0.02072	0.00917	0.00288	0.00455	0.09849	0.00699	0.00647
63	0.01606	0.02133	0.15542	0.12632	0.05287	0.04174	0.33632	0.02170	0.01610	0.02198	0.01489	0.05092	0.01208	0.00744	0.00839	0.00237	0.03589	0.00777	0.00366	0.04677
64	0.02715	0.03464	0.02060	0.01873	0.02247	0.71536	0.01404	0.02903	0.02060	0.01779	0.01124	0.01311	0.00936	0.00749	0.00655	0.00187	0.01311	0.00468	0.00375	0.00843
65	0.72046	0.01437	0.01309	0.03486	0.01678	0.01643	0.05037	0.02140	0.01275	0.03155	0.01051	0.01256	0.00813	0.00673	0.00485	0.00227	0.00618	0.00431	0.00440	0.00800
66	0.01327	0.01070	0.03814	0.01035	0.01274	0.05240	0.00816	0.01641	0.01943	0.08019	0.49659	0.04774	0.07444	0.07500	0.01067	0.00266	0.00486	0.01169	0.00728	0.00732
67	0.01452	0.05218	0.08531	0.01197	0.01683	0.01098	0.01053	0.01838	0.03847	0.05181	0.05780	0.07469	0.02118	0.07807	0.04832	0.00281	0.00694	0.05625	0.00497	0.33798
68	0.01541	0.02049	0.16594	0.18981	0.02940	0.08672	0.05924	0.01957	0.01463	0.01974	0.01559	0.10129	0.01436	0.01027	0.01127	0.00256	0.17946	0.00783	0.02794	0.00846
69	0.01089	0.00826	0.01031	0.01027	0.01214	0.00785	0.00763	0.01515	0.07905	0.02477	0.31888	0.25846	0.08268	0.01671	0.00858	0.00251	0.00424	0.05798	0.00719	0.05646
70	0.01198	0.00781	0.01026	0.00943	0.01144	0.00715	0.00715	0.01537	0.02059	0.08043	0.64472	0.05205	0.06474	0.01442	0.00848	0.00228	0.00364	0.01270	0.00808	0.00728
71	0.00991	0.00737	0.00920	0.00970	0.01103	0.00659	0.00661	0.01140	0.01413	0.01921	0.06794	0.48535	0.08263	0.11139	0.01222	0.00317	0.00465	0.01662	0.00620	0.10466
72	0.02048	0.31248	0.07206	0.01870	0.10579	0.09014	0.03788	0.14325	0.01920	0.02448	0.01349	0.01567	0.01107	0.00875	0.03164	0.00223	0.00896	0.00535	0.04844	0.00994
73	0.01299	0.00898	0.01122	0.01023	0.01257	0.00870	0.00789	0.05397	0.06322	0.06670	0.53508	0.05034	0.07875	0.01417	0.00841	0.00233	0.00411	0.03470	0.00789	0.00774
74	0.01057	0.00705	0.00793	0.00793	0.00793	0.00705	0.00440	0.01057	0.01057	0.01409	0.02290	0.04757	0.02643	0.74454	0.03700	0.00705	0.00705	0.01057	0.00440	0.00440
75	0.01817	0.01845	0.02633	0.10965	0.50762	0.10468	0.02009	0.02210	0.01686	0.02223	0.01669	0.02047	0.04993	0.00736	0.00720	0.00217	0.00903	0.00675	0.00376	0.01046
76	0.01660	0.25719	0.21765	0.02106	0.12144	0.04428	0.08104	0.02112	0.01552	0.02050	0.01570	0.10636	0.01467	0.00857	0.00668	0.00212	0.00889	0.00727	0.00371	0.00962
77	0.01147	0.00825	0.01140	0.01300	0.01466	0.00818	0.01125	0.01467	0.01663	0.02154	0.04014	0.10491	0.07181	0.02010	0.00995	0.00329	0.00647	0.59895	0.00670	0.00664
78	0.01313	0.01127	0.01750	0.28568	0.12631	0.01241	0.01512	0.03817	0.01583	0.02084	0.02652	0.19297	0.05550	0.01343	0.00826	0.00266	0.00746	0.12409	0.00498	0.00790

[dist]
# distance from previous block
# <min> <max>
0	4

[block]
# block no. 7 follows, 28 sequences, length 59
# corresponding to MSA columns:
# 258-316
name=unknown_H
#
# <colnr> <probs for GDERKNQSTAVLIFYWHMCP>
#	G	D	E	R	K	N	Q	S	T	A	V	L	I	F	Y	W	H	M	C	P
0	0.05346	0.01423	0.01727	0.01468	0.01832	0.01514	0.05764	0.31133	0.04510	0.03216	0.02641	0.30787	0.02673	0.01413	0.00805	0.00252	0.00660	0.01230	0.00668	0.00936
1	0.14403	0.18859	0.11734	0.01397	0.01929	0.04181	0.01320	0.12492	0.07311	0.02742	0.09034	0.02025	0.01773	0.01097	0.04632	0.00265	0.02747	0.00622	0.00495	0.00945
2	0.04021	0.09263	0.43071	0.01704	0.02480	0.01550	0.04299	0.02064	0.01584	0.02363	0.10041	0.05746	0.01928	0.00872	0.00689	0.00223	0.00862	0.00715	0.05576	0.00949
3	0.01657	0.02612	0.29160	0.02540	0.19381	0.10631	0.06707	0.02214	0.01689	0.02296	0.09071	0.02103	0.01706	0.00986	0.03901	0.00264	0.01020	0.00678	0.00393	0.00994
4	0.01497	0.01217	0.01440	0.01077	0.01653	0.00930	0.00848	0.01797	0.01514	0.04603	0.01647	0.09591	0.01515	0.00744	0.00588	0.00132	0.00528	0.00622	0.00474	0.67583
5	0.02647	0.09774	0.02214	0.01817	0.02213	0.65471	0.01390	0.02838	0.02008	0.01773	0.01114	0.01298	0.00936	0.00738	0.00639	0.00184	0.01264	0.00461	0.00369	0.00851
6	0.02221	0.05733	0.05463	0.01359	0.01845	0.01473	0.01164	0.20896	0.04762	0.19599	0.06065	0.06694	0.02153	0.03846	0.00842	0.00240	0.00668	0.05165	0.03276	0.06536
7	0.01022	0.00737	0.00965	0.00919	0.01084	0.00681	0.00685	0.01354	0.02024	0.02861	0.66212	0.08907	0.06755	0.01526	0.00861	0.00232	0.00347	0.01353	0.00794	0.00681
8	0.01808	0.01561	0.01644	0.01479	0.01890	0.01808	0.01151	0.03863	0.68606	0.03041	0.02959	0.02712	0.02219	0.00986	0.00740	0.00247	0.00575	0.00822	0.00740	0.01151
9	0.00955	0.00666	0.00846	0.00963	0.00999	0.00639	0.00630	0.01054	0.01304	0.01736	0.03468	0.48923	0.04104	0.24557	0.01788	0.00424	0.00523	0.05271	0.00602	0.00549
10	0.00951	0.00737	0.00866	0.00841	0.01040	0.00651	0.00628	0.01218	0.01862	0.02469	0.40489	0.08343	0.33959	0.01665	0.00860	0.00238	0.00356	0.01434	0.00742	0.00651
11	0.02531	0.02125	0.02015	0.01640	0.02133	0.13426	0.01313	0.46207	0.09141	0.03783	0.01919	0.06955	0.01536	0.00964	0.00731	0.00221	0.00835	0.00741	0.00667	0.01117
12	0.01383	0.00823	0.01074	0.00965	0.01205	0.00744	0.00740	0.01706	0.02036	0.13899	0.54773	0.05043	0.09926	0.01412	0.00837	0.00229	0.00390	0.01233	0.00809	0.00772
13	0.00892	0.00682	0.00813	0.00912	0.01035	0.00612	0.00639	0.01044	0.01493	0.01894	0.05225	0.43679	0.29431	0.04451	0.00995	0.00291	0.00420	0.04226	0.00667	0.00597
14	0.02728	0.01919	0.02088	0.01619	0.02185	0.02102	0.01332	0.55861	0.08949	0.10738	0.01958	0.01899	0.01375	0.00885	0.00729	0.00221	0.00763	0.00676	0.00745	0.01229
15	0.03243	0.01266	0.01705	0.01307	0.01870	0.01112	0.01080	0.05869	0.02129	0.68028	0.02827	0.02448	0.01779	0.00899	0.00731	0.00225	0.00625	0.00728	0.00893	0.01237
16	0.01420	0.00805	0.00817	0.00793	0.00998	0.00841	0.00601	0.02007	0.11220	0.02758	0.02456	0.02710	0.01915	0.00867	0.00542	0.00181	0.00373	0.00698	0.67251	0.00746
17	0.15897	0.01437	0.01690	0.01318	0.01866	0.01417	0.01089	0.17036	0.02227	0.45078	0.02317	0.02102	0.01510	0.00856	0.00683	0.00223	0.00648	0.00658	0.00788	0.01162
18	0.02516	0.05165	0.02084	0.01722	0.04063	0.24971	0.01333	0.32124	0.08355	0.03231	0.01646	0.01726	0.01248	0.00824	0.00680	0.00205	0.00921	0.00599	0.05539	0.01049
19	0.05409	0.04064	0.01047	0.01039	0.01158	0.00820	0.00734	0.03697	0.01501	0.02091	0.07248	0.60082	0.04386	0.02016	0.00869	0.00278	0.00456	0.01802	0.00655	0.00647
20	0.01276	0.01152	0.01629	0.04584	0.14299	0.04914	0.05481	0.01536	0.01557	0.02085	0.07707	0.39953	0.03462	0.01565	0.00835	0.00254	0.00629	0.01433	0.00561	0.05088
21	0.01950	0.02072	0.01648	0.01510	0.01770	0.31632	0.01163	0.06451	0.01735	0.02026	0.01549	0.02008	0.01340	0.02350	0.24079	0.00519	0.06532	0.00616	0.08263	0.00785
22	0.00935	0.00688	0.00877	0.00952	0.01068	0.00631	0.00676	0.01142	0.01643	0.02205	0.24485	0.41040	0.14987	0.01963	0.00899	0.00269	0.00398	0.03803	0.00713	0.00626
23	0.01600	0.01652	0.03136	0.28053	0.16384	0.01767	0.27069	0.02100	0.01566	0.02126	0.01350	0.01895	0.01053	0.00709	0.00898	0.00244	0.06387	0.00727	0.00347	0.00937
24	0.01031	0.00707	0.00861	0.00884	0.00911	0.00723	0.00549	0.01090	0.01120	0.01515	0.02465	0.13755	0.02799	0.53460	0.14430	0.00725	0.00870	0.01147	0.00464	0.00495
25	0.76505	0.01399	0.01093	0.00970	0.01424	0.01608	0.00799	0.02194	0.01271	0.05974	0.01087	0.01233	0.00828	0.00684	0.00461	0.00225	0.00565	0.00407	0.00468	0.00805
26	0.01427	0.01303	0.02138	0.52630	0.13035	0.01543	0.01898	0.01933	0.04264	0.01983	0.01583	0.02481	0.01321	0.00888	0.00814	0.02630	0.00904	0.06011	0.00374	0.00841
27	0.01716	0.01961	0.04289	0.03064	0.03799	0.01838	0.67279	0.02328	0.01716	0.02328	0.01471	0.01961	0.01103	0.00613	0.00858	0.00245	0.01225	0.00858	0.00368	0.00980
28	0.00998	0.00736	0.00933	0.00896	0.01070	0.00671	0.00667	0.01307	0.01965	0.02726	0.57384	0.09591	0.15197	0.01579	0.00862	0.00235	0.00351	0.01387	0.00776	0.00671
29	0.01590	0.01590	0.02226	0.01908	0.01908	0.02226	0.01590	0.01749	0.01113	0.01749	0.00954	0.01590	0.00954	0.01272	0.02385	0.00318	0.73123	0.00636	0.00318	0.00795
30	0.70997	0.01362	0.01101	0.00974	0.01417	0.01549	0.00799	0.02183	0.01330	0.07297	0.04600	0.01474	0.01156	0.00729	0.00487	0.00225	0.00555	0.00461	0.00495	0.00809
31	0.00936	0.00664	0.00834	0.00937	0.00989	0.00626	0.00612	0.01050	0.01372	0.01829	0.08449	0.48527	0.08017	0.19768	0.01594	0.00387	0.00482	0.01738	0.00627	0.00562
32	0.01227	0.00878	0.01028	0.00985	0.01225	0.00825	0.00756	0.05930	0.04177	0.06224	0.22230	0.14322	0.29188	0.01668	0.00858	0.00251	0.00442	0.06330	0.00726	0.00730
