[name]
unknown

[dist]
# distance from previous block
# <min> <max>
5	74

[block]
# block no. 0 follows, 28 sequences, length 19
# corresponding to MSA columns:
# 75-93
name=unknown_A
#
# <colnr> <probs for GDERKNQSTAVLIFYWHMCP>
#	G	D	E	R	K	N	Q	S	T	A	V	L	I	F	Y	W	H	M	C	P
0	0.07137	0.01321	0.04556	0.01844	0.15958	0.01230	0.01199	0.09533	0.04018	0.02573	0.07411	0.21614	0.10530	0.01307	0.00768	0.00236	0.00601	0.01138	0.00575	0.06450
1	0.01716	0.01379	0.01613	0.01301	0.01749	0.01359	0.01033	0.18072	0.05010	0.02781	0.01897	0.12227	0.01754	0.01299	0.05866	0.00260	0.05977	0.00781	0.00543	0.33382
2	0.01509	0.01167	0.01442	0.01245	0.01534	0.01238	0.00967	0.14872	0.01682	0.02379	0.01854	0.05623	0.01744	0.12389	0.27245	0.00621	0.05793	0.00772	0.00481	0.15443
3	0.01042	0.00760	0.00892	0.00933	0.01139	0.00676	0.00721	0.01255	0.01650	0.05195	0.08761	0.19012	0.39617	0.01891	0.00893	0.00269	0.00445	0.13507	0.00690	0.00652
4	0.01114	0.00724	0.00952	0.00984	0.01123	0.00664	0.00704	0.01340	0.01715	0.07269	0.29983	0.39316	0.07646	0.01849	0.00883	0.00262	0.00403	0.01653	0.00741	0.00676
5	0.01723	0.12559	0.10695	0.12093	0.33264	0.01890	0.05531	0.02360	0.08623	0.02271	0.01471	0.01799	0.01179	0.00693	0.00690	0.00217	0.00878	0.00627	0.00382	0.01057
6	0.01762	0.01752	0.03180	0.07516	0.53574	0.01744	0.15182	0.02232	0.01657	0.02340	0.01384	0.01838	0.01133	0.00645	0.00748	0.00223	0.00941	0.00689	0.00360	0.01101
7	0.01355	0.00678	0.00678	0.00678	0.00847	0.00678	0.00508	0.01694	0.01524	0.02710	0.02371	0.02710	0.01863	0.00847	0.00508	0.00169	0.00339	0.00678	0.78489	0.00678
8	0.00879	0.00737	0.00763	0.00757	0.00994	0.00622	0.00568	0.01081	0.01703	0.02073	0.14478	0.06816	0.62443	0.01800	0.00859	0.00244	0.00365	0.01509	0.00689	0.00622
9	0.06227	0.01546	0.01658	0.01363	0.01833	0.08130	0.01086	0.08876	0.14574	0.36212	0.05542	0.02516	0.01965	0.04095	0.00846	0.00246	0.00682	0.00741	0.00759	0.01102
10	0.00883	0.00641	0.00834	0.00989	0.01048	0.00592	0.00664	0.01015	0.01414	0.01865	0.04291	0.68297	0.10306	0.02240	0.00922	0.00291	0.00417	0.02021	0.00675	0.00592
11	0.00905	0.00644	0.00846	0.00991	0.01037	0.00604	0.00658	0.01034	0.01402	0.01877	0.07243	0.65426	0.04755	0.07489	0.01126	0.00322	0.00438	0.01954	0.00664	0.00584
12	0.01564	0.01692	0.03458	0.02569	0.03105	0.01671	0.48105	0.02049	0.01620	0.02228	0.04883	0.11255	0.01824	0.00942	0.01044	0.00259	0.09407	0.01007	0.00421	0.00896
13	0.02229	0.01737	0.01769	0.01470	0.01905	0.07287	0.01171	0.35037	0.12267	0.06316	0.05490	0.08264	0.04780	0.01216	0.03116	0.00258	0.00755	0.00854	0.03024	0.01052
14	0.01359	0.00811	0.00969	0.06928	0.01351	0.00874	0.00754	0.04627	0.01535	0.02524	0.02169	0.02629	0.01750	0.01732	0.14335	0.00372	0.00725	0.00693	0.53153	0.00708
15	0.27587	0.01291	0.01490	0.01186	0.01712	0.01248	0.00979	0.03094	0.01812	0.49018	0.02276	0.02062	0.01477	0.00828	0.00641	0.00225	0.00601	0.00623	0.00756	0.01094
16	0.02350	0.01748	0.01903	0.01518	0.02003	0.01918	0.01231	0.49664	0.08664	0.04092	0.11769	0.05459	0.02288	0.01031	0.00756	0.00225	0.00698	0.00825	0.00737	0.01121
17	0.02763	0.02036	0.02182	0.01672	0.02254	0.02254	0.01382	0.67496	0.03418	0.04581	0.01745	0.01745	0.01236	0.00873	0.00727	0.00218	0.00800	0.00654	0.00727	0.01236
18	0.01963	0.01837	0.04704	0.02402	0.21335	0.06327	0.04898	0.19379	0.12548	0.02978	0.04503	0.02607	0.09410	0.00929	0.00747	0.00225	0.00785	0.00795	0.00564	0.01065

[dist]
# distance from previous block
# <min> <max>
0	1

[block]
# block no. 1 follows, 28 sequences, length 35
# corresponding to MSA columns:
# 95-129
name=unknown_B
#
# <colnr> <probs for GDERKNQSTAVLIFYWHMCP>
#	G	D	E	R	K	N	Q	S	T	A	V	L	I	F	Y	W	H	M	C	P
0	0.01387	0.01154	0.01550	0.10312	0.04651	0.01324	0.01158	0.05813	0.09958	0.02117	0.02084	0.10792	0.01997	0.10364	0.19139	0.00533	0.09432	0.00899	0.00478	0.04859
1	0.01745	0.01968	0.11374	0.06073	0.59778	0.01719	0.02282	0.02229	0.01634	0.02351	0.01357	0.01770	0.01118	0.00655	0.00716	0.00218	0.00893	0.00634	0.00352	0.01132
2	0.00944	0.00667	0.00866	0.00980	0.01037	0.00632	0.00661	0.01086	0.01434	0.01931	0.11897	0.51456	0.04691	0.13643	0.01363	0.00354	0.00468	0.04655	0.00653	0.00582
3	0.01660	0.01613	0.02827	0.25427	0.44210	0.01702	0.07727	0.02124	0.01598	0.02211	0.01353	0.01856	0.01091	0.00669	0.00734	0.00227	0.00927	0.00665	0.00349	0.01031
4	0.01719	0.01951	0.04232	0.03124	0.06629	0.01833	0.64495	0.02324	0.01713	0.02330	0.01466	0.01954	0.01105	0.00614	0.00852	0.00244	0.01210	0.00849	0.00367	0.00988
5	0.00957	0.00751	0.00872	0.00873	0.01083	0.00667	0.00676	0.01215	0.01798	0.02320	0.28513	0.06602	0.39672	0.01739	0.00877	0.00251	0.00397	0.09374	0.00718	0.00646
6	0.01568	0.01558	0.02184	0.01879	0.01884	0.02174	0.01563	0.01731	0.01115	0.01747	0.00994	0.01641	0.00989	0.01440	0.05156	0.00352	0.70274	0.00642	0.00321	0.00789
7	0.03261	0.01237	0.01687	0.01293	0.01856	0.01068	0.01068	0.03543	0.02081	0.70423	0.02868	0.02474	0.01799	0.00900	0.00731	0.00225	0.00619	0.00731	0.00900	0.01237
8	0.01036	0.00696	0.00799	0.00820	0.00825	0.00690	0.00470	0.01051	0.01099	0.01465	0.02504	0.13387	0.02913	0.65455	0.03354	0.00654	0.00669	0.01183	0.00470	0.00459
9	0.02588	0.01867	0.01994	0.01548	0.02079	0.02058	0.01273	0.59292	0.03182	0.04348	0.01823	0.01865	0.01314	0.00869	0.00700	0.00212	0.00742	0.00657	0.10422	0.01167
10	0.00894	0.00734	0.00787	0.00782	0.01005	0.00627	0.00583	0.01107	0.01726	0.02148	0.19546	0.09209	0.54757	0.01787	0.00861	0.00244	0.00365	0.01511	0.00700	0.00627
11	0.01406	0.01326	0.02240	0.67375	0.10078	0.01624	0.02035	0.01886	0.01469	0.01898	0.01298	0.01927	0.00983	0.00721	0.00726	0.00240	0.00961	0.00646	0.00326	0.00834
12	0.01629	0.01672	0.02200	0.20897	0.02769	0.08055	0.01689	0.01878	0.01286	0.01781	0.01059	0.01659	0.00957	0.01081	0.01791	0.00286	0.47559	0.00624	0.00324	0.00803
13	0.72121	0.03896	0.01230	0.05395	0.01644	0.01672	0.00879	0.02121	0.01259	0.03122	0.01029	0.01227	0.00803	0.00676	0.00468	0.00224	0.00595	0.00409	0.00437	0.00793
14	0.01279	0.00801	0.01024	0.00939	0.01166	0.00721	0.00714	0.01585	0.01985	0.11166	0.50484	0.07183	0.15183	0.01486	0.00844	0.00232	0.00383	0.01294	0.00791	0.00742
15	0.01861	0.01453	0.01658	0.01233	0.01836	0.01285	0.00993	0.18599	0.02009	0.05191	0.01570	0.04525	0.01292	0.00706	0.00609	0.00147	0.00603	0.00564	0.00532	0.53334
16	0.00952	0.00725	0.00901	0.00973	0.01118	0.00637	0.00676	0.01110	0.01449	0.01932	0.04259	0.54543	0.15218	0.02007	0.00872	0.00266	0.00426	0.01791	0.00647	0.09498
17	0.02548	0.02134	0.02052	0.01677	0.02150	0.18709	0.03923	0.26360	0.10271	0.13424	0.02043	0.02041	0.03635	0.00903	0.00810	0.00222	0.04713	0.00677	0.00632	0.01077
18	0.02445	0.29048	0.02715	0.01609	0.02110	0.34250	0.01342	0.14244	0.02093	0.02258	0.01194	0.01336	0.00989	0.00725	0.00600	0.00181	0.01026	0.00473	0.00415	0.00946
19	0.01730	0.01285	0.01530	0.01104	0.01740	0.00982	0.00888	0.02048	0.01580	0.11019	0.01492	0.01630	0.01169	0.00584	0.00563	0.00123	0.00549	0.00469	0.00490	0.69026
20	0.01733	0.49466	0.22126	0.01461	0.02166	0.02382	0.01607	0.02131	0.01479	0.01880	0.01254	0.04485	0.01127	0.00875	0.02937	0.00216	0.00884	0.00516	0.00328	0.00948
21	0.01068	0.00767	0.01027	0.01169	0.01296	0.00748	0.00942	0.01311	0.01550	0.02016	0.04006	0.24505	0.08792	0.08054	0.01197	0.00349	0.00588	0.39337	0.00652	0.00627
22	0.72470	0.01479	0.01141	0.01010	0.01463	0.04388	0.00827	0.02242	0.01315	0.06769	0.01115	0.01255	0.00847	0.00690	0.00473	0.00223	0.00595	0.00415	0.00471	0.00813
23	0.01799	0.01727	0.02950	0.04462	0.69919	0.01727	0.02231	0.02231	0.01655	0.02375	0.01367	0.01799	0.01151	0.00648	0.00720	0.00216	0.00864	0.00648	0.00360	0.01151
24	0.01460	0.01398	0.01976	0.01733	0.01764	0.01914	0.01429	0.01642	0.01126	0.01735	0.01190	0.01890	0.01159	0.02263	0.18784	0.00520	0.56254	0.00670	0.00335	0.00761
25	0.00886	0.00633	0.00843	0.01012	0.01054	0.00590	0.00675	0.01012	0.01392	0.01856	0.04006	0.73979	0.04808	0.02277	0.00928	0.00295	0.00422	0.02066	0.00675	0.00590
26	0.00881	0.00734	0.00769	0.00768	0.00997	0.00622	0.00573	0.01083	0.01698	0.02079	0.14999	0.09126	0.59548	0.01812	0.00861	0.00245	0.00367	0.01525	0.00691	0.00622
27	0.01044	0.00732	0.00900	0.00916	0.00941	0.00764	0.00580	0.01106	0.01128	0.01530	0.02471	0.15371	0.02816	0.50962	0.12737	0.00692	0.03172	0.01165	0.00467	0.00505
28	0.01932	0.01457	0.01732	0.10314	0.02221	0.01647	0.01240	0.19005	0.25110	0.07606	0.02242	0.02469	0.01739	0.04855	0.12703	0.00411	0.00919	0.00755	0.00624	0.01021
29	0.01044	0.00803	0.00934	0.00981	0.01146	0.00764	0.00701	0.05474	0.04664	0.02149	0.06562	0.41870	0.26290	0.01962	0.00881	0.00270	0.00433	0.01721	0.00684	0.00668
30	0.01022	0.00738	0.00965	0.00919	0.01084	0.00681	0.00685	0.01354	0.02025	0.02863	0.66298	0.08817	0.06757	0.01525	0.00861	0.00232	0.00347	0.01352	0.00794	0.00681
31	0.02590	0.01943	0.02181	0.10529	0.02597	0.02175	0.01461	0.59312	0.03173	0.04242	0.01689	0.01769	0.01203	0.00854	0.00727	0.00221	0.00821	0.00653	0.00677	0.01183
32	0.01196	0.00716	0.00951	0.01032	0.01143	0.00660	0.00713	0.01344	0.01488	0.10425	0.06424	0.58878	0.04408	0.05640	0.01037	0.00304	0.00457	0.01820	0.00696	0.00667
33	0.02440	0.01831	0.02029	0.01650	0.05151	0.01938	0.01290	0.50321	0.02925	0.04019	0.01683	0.01756	0.01237	0.00805	0.00684	0.00197	0.00736	0.00618	0.04503	0.14186
34	0.25278	0.01605	0.04605	0.01322	0.01857	0.01593	0.01125	0.20031	0.04642	0.25766	0.01945	0.01935	0.01355	0.02935	0.00732	0.00238	0.00671	0.00616	0.00677	0.01072

[dist]
# distance from previous block
# <min> <max>
0	2

[block]
# block no. 2 follows, 28 sequences, length 15
# corresponding to MSA columns:
# 132-146
name=unknown_C
#
# <colnr> <probs for GDERKNQSTAVLIFYWHMCP>
#	G	D	E	R	K	N	Q	S	T	A	V	L	I	F	Y	W	H	M	C	P
0	0.01568	0.01328	0.01540	0.01106	0.01748	0.01031	0.00887	0.05011	0.01600	0.02476	0.01314	0.01519	0.01084	0.00555	0.00547	0.00113	0.00551	0.00442	0.00445	0.75135
1	0.01144	0.00828	0.01133	0.01285	0.01460	0.00817	0.01117	0.01465	0.01672	0.02157	0.04160	0.08093	0.09971	0.01993	0.00991	0.00327	0.00643	0.59412	0.00670	0.00664
2	0.05676	0.01740	0.01950	0.06928	0.02250	0.01938	0.01307	0.42717	0.06527	0.07292	0.01800	0.01885	0.01309	0.00870	0.00779	0.00220	0.04402	0.00651	0.06363	0.03396
3	0.01040	0.00774	0.01143	0.01143	0.01265	0.00895	0.00878	0.01282	0.01161	0.01669	0.01970	0.02981	0.01872	0.10012	0.67088	0.01138	0.01865	0.00797	0.00393	0.00635
4	0.03006	0.01245	0.01661	0.01262	0.01836	0.01054	0.01038	0.03293	0.01997	0.60523	0.02639	0.02333	0.01694	0.00847	0.00703	0.00208	0.00607	0.00687	0.00831	0.12534
5	0.01589	0.01427	0.02287	0.05538	0.04216	0.01742	0.11634	0.01874	0.01316	0.06387	0.01418	0.02020	0.01238	0.02059	0.17785	0.00489	0.35057	0.00710	0.00382	0.00831
6	0.02100	0.02200	0.02577	0.10541	0.26951	0.20908	0.06450	0.10247	0.01925	0.02378	0.01318	0.01672	0.01066	0.00751	0.00825	0.00220	0.05852	0.00613	0.00402	0.01004
7	0.00912	0.00738	0.00809	0.00792	0.01014	0.00636	0.00594	0.01145	0.01781	0.02259	0.26687	0.06509	0.50117	0.01731	0.00859	0.00240	0.00360	0.01466	0.00714	0.00636
8	0.01048	0.00701	0.00796	0.00805	0.00807	0.00699	0.00453	0.01055	0.01075	0.01434	0.02383	0.08497	0.02760	0.70555	0.03550	0.00683	0.00689	0.01112	0.00453	0.00449
9	0.02480	0.08984	0.02255	0.05412	0.04596	0.17089	0.01399	0.32575	0.10170	0.05465	0.01682	0.01744	0.01257	0.00821	0.00689	0.00210	0.00887	0.00611	0.00586	0.01088
10	0.01659	0.01798	0.04763	0.10771	0.10780	0.05284	0.34595	0.02197	0.03644	0.02237	0.01632	0.06085	0.01363	0.00792	0.00871	0.00240	0.04683	0.00829	0.04842	0.00931
11	0.00871	0.00724	0.00761	0.00778	0.00996	0.00615	0.00574	0.01056	0.01645	0.01999	0.10111	0.14954	0.58666	0.01875	0.00867	0.00251	0.00373	0.01587	0.00681	0.00615
12	0.01622	0.04538	0.13521	0.11654	0.05604	0.01809	0.35746	0.02179	0.01581	0.02195	0.01349	0.01806	0.01040	0.00696	0.00919	0.00238	0.07531	0.00719	0.00349	0.04906
13	0.04981	0.05592	0.01951	0.01750	0.08647	0.16546	0.01247	0.15905	0.01996	0.10543	0.01687	0.02172	0.01412	0.11819	0.01259	0.00288	0.06796	0.00660	0.03815	0.00934
14	0.01690	0.01400	0.01605	0.01163	0.01800	0.01156	0.00937	0.11383	0.01785	0.02691	0.01358	0.01542	0.01100	0.00587	0.00566	0.00124	0.00576	0.00463	0.00474	0.67600

[dist]
# distance from previous block
# <min> <max>
0	1

[block]
# block no. 3 follows, 28 sequences, length 17
# corresponding to MSA columns:
# 148-164
name=unknown_D
#
# <colnr> <probs for GDERKNQSTAVLIFYWHMCP>
#	G	D	E	R	K	N	Q	S	T	A	V	L	I	F	Y	W	H	M	C	P
0	0.09261	0.03289	0.01975	0.01795	0.02176	0.65583	0.01352	0.02837	0.01990	0.01905	0.01114	0.01300	0.00924	0.00743	0.00638	0.00190	0.01247	0.00462	0.00381	0.00838
1	0.00930	0.00739	0.00835	0.00811	0.01025	0.00644	0.00608	0.01180	0.01824	0.02361	0.33332	0.06342	0.43408	0.01693	0.00858	0.00238	0.00358	0.01442	0.00727	0.00644
2	0.01057	0.00705	0.00793	0.00793	0.00793	0.00705	0.00440	0.01057	0.01057	0.01409	0.02290	0.04757	0.02643	0.74454	0.03700	0.00705	0.00705	0.01057	0.00440	0.00440
3	0.01704	0.01335	0.01429	0.01285	0.01669	0.01458	0.01000	0.03157	0.46844	0.08519	0.04010	0.03722	0.18391	0.01184	0.00768	0.00244	0.00529	0.00985	0.00738	0.01029
4	0.01272	0.00687	0.01050	0.06945	0.01286	0.00714	0.00747	0.01023	0.00989	0.01312	0.01265	0.02187	0.01238	0.02375	0.02664	0.72280	0.00660	0.00633	0.00316	0.00357
5	0.02673	0.07368	0.02156	0.01838	0.02226	0.67783	0.01396	0.02863	0.02028	0.01775	0.01117	0.01303	0.00936	0.00742	0.00645	0.00186	0.01282	0.00464	0.00371	0.00848
6	0.01808	0.01561	0.01644	0.01479	0.01890	0.01808	0.01151	0.03863	0.68606	0.03041	0.02959	0.02712	0.02219	0.00986	0.00740	0.00247	0.00575	0.00822	0.00740	0.01151
7	0.01070	0.00764	0.01055	0.01223	0.01346	0.00749	0.00995	0.01331	0.01574	0.02062	0.03905	0.31511	0.04405	0.02103	0.00977	0.00321	0.00582	0.42715	0.00671	0.00641
8	0.00859	0.00736	0.00736	0.00736	0.00982	0.00614	0.00552	0.01043	0.01657	0.01964	0.07364	0.06996	0.69624	0.01841	0.00859	0.00245	0.00368	0.01534	0.00675	0.00614
9	0.01408	0.01328	0.02245	0.67002	0.10433	0.01624	0.02036	0.01888	0.01470	0.01900	0.01298	0.01926	0.00984	0.00720	0.00726	0.00240	0.00960	0.00646	0.00326	0.00836
10	0.79588	0.01406	0.01068	0.00956	0.01406	0.01631	0.00787	0.02137	0.01237	0.03261	0.01012	0.01181	0.00787	0.00675	0.00450	0.00225	0.00562	0.00394	0.00450	0.00787
11	0.01064	0.00804	0.01169	0.01155	0.01264	0.00940	0.00882	0.01289	0.01153	0.01657	0.01946	0.03026	0.01878	0.13384	0.60680	0.01078	0.04802	0.00805	0.00392	0.00631
12	0.03261	0.01237	0.01687	0.01293	0.01856	0.01068	0.01068	0.03543	0.02081	0.70423	0.02868	0.02474	0.01799	0.00900	0.00731	0.00225	0.00619	0.00731	0.00900	0.01237
13	0.01436	0.03594	0.66881	0.02002	0.03018	0.01635	0.02563	0.02234	0.01509	0.02253	0.01358	0.01710	0.01015	0.04708	0.00855	0.00256	0.01054	0.00565	0.00314	0.01040
14	0.02431	0.01798	0.01916	0.01508	0.02022	0.01969	0.01233	0.53409	0.06603	0.04116	0.02449	0.02415	0.08696	0.00982	0.00730	0.00220	0.00717	0.00759	0.04892	0.01135
15	0.10135	0.10450	0.35841	0.01759	0.02553	0.01669	0.08383	0.02339	0.01578	0.09885	0.01676	0.01836	0.03213	0.00741	0.00657	0.00220	0.00891	0.00598	0.04576	0.01001
16	0.02519	0.21884	0.02524	0.01692	0.02149	0.47765	0.01361	0.08258	0.02025	0.02002	0.01148	0.01311	0.00961	0.00727	0.00613	0.00182	0.01129	0.00464	0.00388	0.00900

[dist]
# distance from previous block
# <min> <max>
0	2

[block]
# block no. 4 follows, 28 sequences, length 13
# corresponding to MSA columns:
# 167-179
name=unknown_E
#
# <colnr> <probs for GDERKNQSTAVLIFYWHMCP>
#	G	D	E	R	K	N	Q	S	T	A	V	L	I	F	Y	W	H	M	C	P
0	0.01935	0.01457	0.01676	0.01230	0.01855	0.01270	0.00997	0.16942	0.01989	0.08373	0.01523	0.01640	0.01171	0.00644	0.00597	0.00142	0.00604	0.00506	0.00536	0.54912
1	0.01576	0.01459	0.06522	0.13915	0.11148	0.01427	0.01455	0.14202	0.05070	0.02649	0.10076	0.06658	0.05140	0.01649	0.09896	0.00359	0.00895	0.04457	0.00539	0.00906
2	0.01675	0.01377	0.01581	0.01168	0.01773	0.01154	0.00934	0.12218	0.01805	0.02694	0.01503	0.05244	0.01292	0.00680	0.00588	0.00135	0.00574	0.00550	0.00490	0.62566
3	0.03071	0.01195	0.01626	0.01261	0.01790	0.01036	0.01036	0.03358	0.02079	0.64679	0.08540	0.02726	0.02230	0.00950	0.00742	0.00225	0.00595	0.00781	0.00891	0.01190
4	0.00991	0.00754	0.00910	0.00947	0.01103	0.00705	0.00689	0.01300	0.05140	0.02244	0.23263	0.26893	0.21941	0.04872	0.01000	0.00280	0.00419	0.05195	0.00704	0.00651
5	0.01790	0.15023	0.26529	0.05575	0.02744	0.02023	0.08960	0.12529	0.01790	0.02482	0.01300	0.01577	0.01006	0.00761	0.00865	0.00222	0.09235	0.00577	0.00389	0.04625
6	0.00905	0.00672	0.00824	0.00921	0.01018	0.00613	0.00627	0.01052	0.01482	0.01931	0.09964	0.46810	0.20265	0.07994	0.01132	0.00311	0.00426	0.01796	0.00666	0.00591
7	0.01144	0.00919	0.01312	0.01253	0.01340	0.01125	0.00970	0.01348	0.01142	0.01660	0.01811	0.02888	0.01773	0.14361	0.49194	0.00945	0.14994	0.00791	0.00383	0.00647
8	0.01722	0.01688	0.02225	0.41692	0.03804	0.10341	0.05220	0.08874	0.03993	0.02180	0.01380	0.01873	0.01073	0.00973	0.03540	0.00275	0.07242	0.00646	0.00390	0.00870
9	0.01673	0.04524	0.13956	0.20008	0.15072	0.01800	0.24037	0.05899	0.01701	0.02324	0.01383	0.01821	0.01051	0.00674	0.00755	0.00232	0.01038	0.00692	0.00364	0.00995
10	0.01130	0.00807	0.01124	0.01292	0.01441	0.00801	0.01100	0.01435	0.01633	0.02129	0.03871	0.17658	0.04273	0.02047	0.00993	0.00329	0.00634	0.55974	0.00670	0.00658
11	0.01425	0.01281	0.01960	0.34529	0.05484	0.01583	0.03326	0.01845	0.03762	0.02016	0.01704	0.05449	0.03143	0.00978	0.01114	0.00253	0.18165	0.00749	0.10433	0.00801
12	0.01494	0.00879	0.01138	0.01032	0.01254	0.00832	0.00780	0.05404	0.01926	0.13187	0.38928	0.08180	0.04782	0.06836	0.01207	0.06624	0.00478	0.03555	0.00735	0.00749

[dist]
# distance from previous block
# <min> <max>
0	1

[block]
# block no. 5 follows, 28 sequences, length 99
# corresponding to MSA columns:
# 181-279
name=unknown_F
#
# <colnr> <probs for GDERKNQSTAVLIFYWHMCP>
#	G	D	E	R	K	N	Q	S	T	A	V	L	I	F	Y	W	H	M	C	P
0	0.15147	0.05749	0.01921	0.01508	0.01968	0.20350	0.01206	0.30018	0.02434	0.03261	0.05405	0.01843	0.01452	0.03726	0.00774	0.00228	0.00864	0.00604	0.00561	0.00980
1	0.12877	0.01254	0.01338	0.01154	0.01494	0.01339	0.00902	0.22641	0.02069	0.08526	0.02249	0.13057	0.01999	0.05763	0.03011	0.00280	0.00623	0.00871	0.17668	0.00886
2	0.01020	0.00777	0.00944	0.00905	0.01106	0.00717	0.00687	0.01390	0.04612	0.02644	0.48182	0.05830	0.23094	0.01578	0.00858	0.00238	0.00370	0.03602	0.00760	0.00685
3	0.01719	0.03111	0.52502	0.02045	0.05575	0.01558	0.04698	0.02426	0.01620	0.12213	0.01657	0.04800	0.01231	0.00784	0.00714	0.00232	0.00977	0.00647	0.00413	0.01077
4	0.01581	0.01335	0.01547	0.01111	0.01754	0.01044	0.00892	0.05666	0.01619	0.02498	0.01318	0.01521	0.01086	0.00558	0.00549	0.00114	0.00554	0.00444	0.00448	0.74362
5	0.01943	0.74891	0.03809	0.01244	0.01866	0.02876	0.01244	0.02177	0.01477	0.01710	0.01011	0.01166	0.00933	0.00622	0.00466	0.00155	0.00777	0.00389	0.00311	0.00933
6	0.01808	0.01561	0.01644	0.01479	0.01890	0.01808	0.01151	0.03863	0.68606	0.03041	0.02959	0.02712	0.02219	0.00986	0.00740	0.00247	0.00575	0.00822	0.00740	0.01151
7	0.01590	0.01590	0.02226	0.01908	0.01908	0.02226	0.01590	0.01749	0.01113	0.01749	0.00954	0.01590	0.00954	0.01272	0.02385	0.00318	0.73123	0.00636	0.00318	0.00795
8	0.01808	0.01561	0.01644	0.01479	0.01890	0.01808	0.01151	0.03863	0.68606	0.03041	0.02959	0.02712	0.02219	0.00986	0.00740	0.00247	0.00575	0.00822	0.00740	0.01151
9	0.01040	0.00772	0.01134	0.01134	0.01252	0.00890	0.00866	0.01276	0.01158	0.01662	0.01979	0.03030	0.01893	0.11785	0.65344	0.01126	0.01833	0.00804	0.00394	0.00630
10	0.01507	0.01292	0.01507	0.01077	0.01723	0.00969	0.00861	0.01830	0.01507	0.02369	0.01292	0.01507	0.01077	0.00538	0.00538	0.00108	0.00538	0.00431	0.00431	0.78898
11	0.01057	0.00705	0.00793	0.00793	0.00793	0.00705	0.00440	0.01057	0.01057	0.01409	0.02290	0.04757	0.02643	0.74454	0.03700	0.00705	0.00705	0.01057	0.00440	0.00440
12	0.00907	0.00649	0.00862	0.00998	0.01059	0.00604	0.00676	0.01065	0.01489	0.02010	0.13586	0.63958	0.05108	0.02162	0.00917	0.00285	0.00410	0.01957	0.00693	0.00604
13	0.00892	0.00639	0.00837	0.00993	0.01040	0.00596	0.00660	0.01015	0.01387	0.01840	0.04055	0.68576	0.07076	0.05352	0.01044	0.00311	0.00432	0.02004	0.00665	0.00585
14	0.01799	0.01727	0.02950	0.04462	0.69919	0.01727	0.02231	0.02231	0.01655	0.02375	0.01367	0.01799	0.01151	0.00648	0.00720	0.00216	0.00864	0.00648	0.00360	0.01151
15	0.03261	0.01237	0.01687	0.01293	0.01856	0.01068	0.01068	0.03543	0.02081	0.70423	0.02868	0.02474	0.01799	0.00900	0.00731	0.00225	0.00619	0.00731	0.00900	0.01237
16	0.00939	0.00740	0.00847	0.00820	0.01031	0.00648	0.00615	0.01198	0.01846	0.02412	0.36642	0.06258	0.40066	0.01674	0.00858	0.00238	0.00356	0.01431	0.00734	0.00648
17	0.09795	0.01488	0.01753	0.01378	0.01920	0.01494	0.01131	0.19740	0.08920	0.41005	0.02425	0.02197	0.01607	0.00881	0.00706	0.00225	0.00655	0.00690	0.00800	0.01188
18	0.01758	0.01679	0.02828	0.11024	0.61096	0.01719	0.02171	0.02254	0.04074	0.02348	0.01418	0.01846	0.01172	0.00668	0.00721	0.00220	0.00863	0.00654	0.00370	0.01118
19	0.01205	0.00870	0.01102	0.01144	0.01303	0.00866	0.00868	0.09443	0.01826	0.02458	0.15874	0.38609	0.04616	0.01900	0.00906	0.00281	0.00505	0.14817	0.00703	0.00705
20	0.01713	0.00971	0.01218	0.01141	0.01441	0.00917	0.00903	0.02165	0.09313	0.21390	0.09644	0.16349	0.15731	0.01552	0.00846	0.00262	0.00521	0.12309	0.00755	0.00861
21	0.02090	0.51695	0.03158	0.01358	0.01903	0.16446	0.01235	0.02385	0.04265	0.04214	0.01465	0.01568	0.04142	0.00727	0.00542	0.00172	0.00852	0.00486	0.00378	0.00920
22	0.05674	0.00792	0.00985	0.00926	0.01123	0.00746	0.00698	0.01456	0.01966	0.04971	0.58190	0.08051	0.08762	0.01468	0.00833	0.00232	0.00369	0.01283	0.00773	0.00702
23	0.01428	0.01349	0.02281	0.63794	0.13484	0.01630	0.02046	0.01906	0.01480	0.01925	0.01302	0.01920	0.00993	0.00716	0.00726	0.00239	0.00955	0.00646	0.00328	0.00852
24	0.01225	0.02360	0.38866	0.01580	0.02212	0.01210	0.01786	0.01779	0.01573	0.02246	0.10747	0.21017	0.05282	0.01290	0.00791	0.00251	0.00775	0.03652	0.00490	0.00869
25	0.75130	0.01396	0.01105	0.00976	0.01432	0.01598	0.00804	0.02219	0.01286	0.07184	0.01121	0.01256	0.00846	0.00688	0.00466	0.00225	0.00566	0.00413	0.00476	0.00813
26	0.01458	0.03760	0.70688	0.02072	0.03146	0.01688	0.02686	0.02302	0.01535	0.02302	0.01304	0.01535	0.00921	0.00691	0.00691	0.00230	0.01074	0.00537	0.00307	0.01074
27	0.05066	0.01733	0.05117	0.06974	0.30430	0.04399	0.07127	0.02631	0.12681	0.10935	0.02012	0.02189	0.03854	0.00787	0.00727	0.00227	0.00818	0.00714	0.00502	0.01078
28	0.00991	0.00777	0.00902	0.00875	0.01089	0.00705	0.00665	0.01332	0.04539	0.02469	0.36706	0.06125	0.34363	0.01644	0.00859	0.00241	0.00376	0.03933	0.00737	0.00672
29	0.01590	0.01590	0.02226	0.01908	0.01908	0.02226	0.01590	0.01749	0.01113	0.01749	0.00954	0.01590	0.00954	0.01272	0.02385	0.00318	0.73123	0.00636	0.00318	0.00795
30	0.06865	0.01627	0.01705	0.01358	0.01819	0.01786	0.01108	0.45654	0.02772	0.03992	0.01874	0.01977	0.01382	0.00854	0.00651	0.00205	0.00660	0.00646	0.22011	0.01057
31	0.09021	0.00929	0.01008	0.00936	0.01197	0.00913	0.00718	0.04538	0.06978	0.02711	0.33268	0.05161	0.27040	0.01459	0.00802	0.00235	0.00412	0.01229	0.00714	0.00732
32	0.01929	0.01095	0.01350	0.01155	0.01505	0.01075	0.00909	0.05368	0.14408	0.23158	0.31531	0.03770	0.04034	0.01165	0.00777	0.00228	0.00488	0.00994	0.04102	0.00960
33	0.00933	0.00761	0.00831	0.00841	0.01056	0.00675	0.00627	0.01211	0.04318	0.02135	0.15491	0.14300	0.48701	0.01812	0.00866	0.00252	0.00388	0.03462	0.00695	0.00644
34	0.01436	0.01357	0.02295	0.62505	0.14710	0.01632	0.02050	0.01913	0.01484	0.01935	0.01303	0.01917	0.00996	0.00715	0.00726	0.00238	0.00953	0.00646	0.00329	0.00859
35	0.02688	0.06482	0.02160	0.01811	0.02231	0.57042	0.01393	0.13467	0.02256	0.02236	0.01220	0.01376	0.00985	0.00764	0.00659	0.00191	0.01203	0.00495	0.00429	0.00911
36	0.79588	0.01406	0.01068	0.00956	0.01406	0.01631	0.00787	0.02137	0.01237	0.03261	0.01012	0.01181	0.00787	0.00675	0.00450	0.00225	0.00562	0.00394	0.00450	0.00787
37	0.01050	0.00709	0.00827	0.00832	0.00845	0.00718	0.00488	0.01076	0.01078	0.01448	0.02319	0.06928	0.02645	0.66130	0.09401	0.00730	0.00801	0.01067	0.00444	0.00463
38	0.17403	0.08822	0.47698	0.01832	0.02725	0.01779	0.05618	0.02260	0.01479	0.02452	0.01231	0.01456	0.00904	0.00678	0.00633	0.00224	0.00955	0.00513	0.00340	0.01000
39	0.02687	0.02137	0.06183	0.01696	0.02306	0.02221	0.01458	0.63688	0.03308	0.04448	0.01719	0.01733	0.01218	0.00862	0.00725	0.00219	0.00816	0.00648	0.00703	0.01227
40	0.00886	0.00633	0.00843	0.01012	0.01054	0.00590	0.00675	0.01012	0.01392	0.01856	0.04006	0.73979	0.04808	0.02277	0.00928	0.00295	0.00422	0.02066	0.00675	0.00590
41	0.01062	0.00753	0.00939	0.00915	0.01105	0.00680	0.00689	0.01344	0.01880	0.05010	0.42960	0.12653	0.21110	0.01651	0.00867	0.00244	0.00382	0.04321	0.00756	0.00679
42	0.01055	0.00713	0.00834	0.00834	0.00848	0.00727	0.00492	0.01083	0.01069	0.01440	0.02253	0.04549	0.02552	0.66901	0.11129	0.00755	0.00841	0.01027	0.00435	0.00463
43	0.01245	0.00791	0.01041	0.00951	0.01161	0.00723	0.00723	0.01582	0.02060	0.09457	0.63075	0.05143	0.06368	0.01429	0.00845	0.00228	0.00370	0.01258	0.00810	0.00739
44	0.01692	0.01886	0.04013	0.09235	0.08453	0.01811	0.57112	0.02281	0.01689	0.02291	0.01448	0.01948	0.01095	0.00625	0.00837	0.00243	0.01178	0.00825	0.00363	0.00977
45	0.02715	0.03464	0.02060	0.01873	0.02247	0.71536	0.01404	0.02903	0.02060	0.01779	0.01124	0.01311	0.00936	0.00749	0.00655	0.00187	0.01311	0.00468	0.00375	0.00843
46	0.09516	0.01821	0.01959	0.01537	0.02087	0.01990	0.01262	0.46300	0.09824	0.13367	0.01961	0.01896	0.01376	0.00871	0.00705	0.00223	0.00731	0.00659	0.00728	0.01188
47	0.00897	0.00641	0.00857	0.01025	0.01072	0.00600	0.00695	0.01032	0.01403	0.01868	0.04000	0.71356	0.04783	0.02267	0.00931	0.00297	0.00432	0.04578	0.00675	0.00594
48	0.00972	0.00699	0.00924	0.00976	0.01090	0.00651	0.00702	0.01221	0.01750	0.02420	0.38067	0.35483	0.05847	0.01854	0.00894	0.00262	0.00392	0.04412	0.00740	0.00643
49	0.01590	0.01590	0.02226	0.01908	0.01908	0.02226	0.01590	0.01749	0.01113	0.01749	0.00954	0.01590	0.00954	0.01272	0.02385	0.00318	0.73123	0.00636	0.00318	0.00795
50	0.01045	0.00747	0.00971	0.01080	0.01191	0.00724	0.00830	0.01253	0.01507	0.01976	0.07714	0.23511	0.09563	0.15886	0.01480	0.00382	0.00571	0.28333	0.00635	0.00602
51	0.01038	0.00779	0.01168	0.01168	0.01298	0.00909	0.00909	0.01298	0.01168	0.01687	0.01947	0.02856	0.01817	0.05452	0.71573	0.01168	0.01947	0.00779	0.00389	0.00649
52	0.20314	0.01309	0.01570	0.01234	0.01772	0.01245	0.01019	0.05967	0.01949	0.52580	0.02405	0.02154	0.01549	0.00848	0.00668	0.00225	0.00614	0.00652	0.00792	0.01136
53	0.02636	0.01476	0.01559	0.01292	0.01724	0.12533	0.01024	0.02908	0.02025	0.42757	0.13601	0.05804	0.02621	0.01028	0.00740	0.00220	0.00669	0.00839	0.03510	0.01035
54	0.01258	0.00688	0.00696	0.00696	0.00862	0.00670	0.00509	0.01546	0.01505	0.02493	0.03092	0.03504	0.11802	0.07101	0.00824	0.00225	0.00373	0.00834	0.60672	0.00649
55	0.71312	0.01558	0.04541	0.01052	0.01540	0.01670	0.00915	0.05932	0.01378	0.03291	0.01069	0.01231	0.00820	0.00687	0.00478	0.00225	0.00601	0.00416	0.00459	0.00827
56	0.01566	0.18813	0.06741	0.07800	0.02446	0.01867	0.16031	0.01918	0.01438	0.01975	0.01555	0.07377	0.01440	0.04181	0.02996	0.00278	0.13714	0.00756	0.06265	0.00843
57	0.01933	0.01059	0.01358	0.01154	0.01509	0.01006	0.00910	0.05312	0.07458	0.25261	0.27685	0.05919	0.03769	0.01534	0.06701	0.00303	0.00621	0.00987	0.00768	0.04755
58	0.06263	0.08590	0.47484	0.01924	0.05419	0.01739	0.02189	0.06536	0.01693	0.07057	0.03614	0.01700	0.01195	0.00734	0.00671	0.00222	0.00941	0.00568	0.00401	0.01059
59	0.02620	0.07185	0.02243	0.01725	0.04235	0.13341	0.01371	0.48361	0.02947	0.03802	0.01606	0.01672	0.01187	0.00828	0.00690	0.00207	0.00866	0.00607	0.03377	0.01130
60	0.03261	0.01237	0.01687	0.01293	0.01856	0.01068	0.01068	0.03543	0.02081	0.70423	0.02868	0.02474	0.01799	0.00900	0.00731	0.00225	0.00619	0.00731	0.00900	0.01237
61	0.01350	0.01215	0.01722	0.01550	0.01611	0.01614	0.01262	0.01559	0.01153	0.01762	0.01426	0.02164	0.01351	0.03002	0.31222	0.00667	0.40456	0.00697	0.03489	0.00729
62	0.01745	0.01659	0.02850	0.09033	0.59374	0.01676	0.04923	0.02184	0.01638	0.02352	0.01412	0.01857	0.01169	0.00661	0.00716	0.00217	0.00863	0.00658	0.03915	0.01098
63	0.01110	0.00758	0.01012	0.01031	0.01190	0.00711	0.00793	0.01407	0.01853	0.05021	0.41391	0.19247	0.05748	0.01722	0.00895	0.00262	0.00433	0.13979	0.00754	0.00684
64	0.01057	0.00705	0.00793	0.00793	0.00793	0.00705	0.00440	0.01057	0.01057	0.01409	0.02290	0.04757	0.02643	0.74454	0.03700	0.00705	0.00705	0.01057	0.00440	0.00440
65	0.01519	0.15303	0.56766	0.01887	0.02849	0.01841	0.02365	0.02242	0.01547	0.02231	0.04143	0.01639	0.01174	0.00713	0.00661	0.00218	0.00995	0.00546	0.00328	0.01035
66	0.05949	0.01710	0.16610	0.02043	0.17169	0.01267	0.01504	0.06210	0.01610	0.02325	0.02561	0.26804	0.05337	0.04492	0.00905	0.00269	0.00708	0.01152	0.00504	0.00873
67	0.01183	0.00859	0.01173	0.01323	0.01501	0.00863	0.01149	0.01573	0.04036	0.02198	0.03941	0.07963	0.06410	0.01966	0.00990	0.00328	0.00655	0.60532	0.00672	0.00684
68	0.04362	0.01638	0.01867	0.01516	0.05570	0.01586	0.01162	0.30252	0.02347	0.05165	0.01526	0.01642	0.01160	0.00702	0.00632	0.00168	0.00671	0.00546	0.00568	0.36919
69	0.01575	0.19686	0.41392	0.01677	0.02481	0.01791	0.01980	0.02172	0.01585	0.04923	0.09023	0.01986	0.01669	0.00989	0.03886	0.00255	0.00944	0.00609	0.00391	0.00985
70	0.01539	0.01462	0.02481	0.46048	0.30363	0.01659	0.02102	0.02003	0.01532	0.02059	0.01321	0.01884	0.01040	0.00696	0.00724	0.00232	0.00928	0.00647	0.00337	0.00942
71	0.02190	0.52099	0.03251	0.01444	0.01987	0.24785	0.01295	0.02408	0.01663	0.01732	0.01047	0.01212	0.00934	0.00662	0.00527	0.00166	0.00948	0.00414	0.00331	0.00904
72	0.00888	0.00650	0.00835	0.00974	0.01046	0.00597	0.00660	0.01030	0.01452	0.01911	0.07042	0.62835	0.13027	0.02191	0.00916	0.00286	0.00412	0.01970	0.00680	0.00597
73	0.01022	0.00743	0.00962	0.00907	0.01082	0.00683	0.00681	0.01359	0.02042	0.02877	0.67038	0.05493	0.09380	0.01500	0.00857	0.00229	0.00344	0.01323	0.00795	0.00683
74	0.03009	0.01293	0.01679	0.01326	0.01862	0.01197	0.01083	0.03598	0.13614	0.58740	0.02883	0.02515	0.01872	0.00915	0.00732	0.00229	0.00611	0.00747	0.00872	0.01222
75	0.01263	0.00631	0.00947	0.00947	0.00947	0.00631	0.00631	0.00947	0.00947	0.01263	0.01263	0.02210	0.01263	0.02525	0.02841	0.78851	0.00631	0.00631	0.00316	0.00316
76	0.02715	0.03464	0.02060	0.01873	0.02247	0.71536	0.01404	0.02903	0.02060	0.01779	0.01124	0.01311	0.00936	0.00749	0.00655	0.00187	0.01311	0.00468	0.00375	0.00843
77	0.02643	0.01976	0.02114	0.01648	0.02208	0.02198	0.01353	0.59482	0.11628	0.04387	0.01898	0.01867	0.01360	0.00887	0.00729	0.00222	0.00772	0.00676	0.00729	0.01225
78	0.01126	0.00764	0.01003	0.00931	0.01119	0.00702	0.00702	0.01466	0.02059	0.05849	0.66639	0.05301	0.06639	0.01461	0.00852	0.00228	0.00355	0.01289	0.00805	0.00710
79	0.00859	0.00736	0.00736	0.00736	0.00982	0.00614	0.00552	0.01043	0.01657	0.01964	0.07364	0.06996	0.69624	0.01841	0.00859	0.00245	0.00368	0.01534	0.00675	0.00614
80	0.02679	0.03329	0.02103	0.01973	0.05110	0.65572	0.01438	0.05681	0.02102	0.01926	0.01161	0.01350	0.00958	0.00750	0.00661	0.00190	0.01270	0.00484	0.00389	0.00873
81	0.79588	0.01406	0.01068	0.00956	0.01406	0.01631	0.00787	0.02137	0.01237	0.03261	0.01012	0.01181	0.00787	0.00675	0.00450	0.00225	0.00562	0.00394	0.00450	0.00787
82	0.01052	0.00723	0.00888	0.00888	0.00921	0.00756	0.00559	0.01118	0.01085	0.01480	0.02203	0.04275	0.02434	0.56981	0.20887	0.00822	0.01019	0.00987	0.00428	0.00493
83	0.03083	0.01228	0.01652	0.01279	0.01813	0.01081	0.01051	0.05541	0.02124	0.63313	0.07660	0.02664	0.02147	0.00941	0.00740	0.00225	0.00605	0.00771	0.00887	0.01197
84	0.01055	0.01202	0.12356	0.01213	0.01446	0.00837	0.01033	0.03895	0.01497	0.02038	0.03472	0.59191	0.04026	0.01961	0.00881	0.00281	0.00544	0.01759	0.00617	0.00696
85	0.02715	0.03464	0.02060	0.01873	0.02247	0.71536	0.01404	0.02903	0.02060	0.01779	0.01124	0.01311	0.00936	0.00749	0.00655	0.00187	0.01311	0.00468	0.00375	0.00843
86	0.64893	0.01591	0.01276	0.01102	0.01568	0.04904	0.00902	0.11696	0.01592	0.03386	0.01124	0.01269	0.00859	0.00707	0.00500	0.00222	0.00631	0.00435	0.00487	0.00855
87	0.01536	0.01428	0.02396	0.33719	0.33263	0.01568	0.02008	0.01979	0.01570	0.02125	0.01641	0.02651	0.01447	0.00850	0.00758	0.00242	0.00885	0.08608	0.00382	0.00942
88	0.01507	0.01292	0.01507	0.01077	0.01723	0.00969	0.00861	0.01830	0.01507	0.02369	0.01292	0.01507	0.01077	0.00538	0.00538	0.00108	0.00538	0.00431	0.00431	0.78898
89	0.02493	0.09235	0.06759	0.01789	0.02225	0.58362	0.01443	0.02728	0.01961	0.01816	0.01377	0.01542	0.03695	0.00779	0.00650	0.00190	0.01213	0.00509	0.00377	0.00856
90	0.01458	0.03760	0.70688	0.02072	0.03146	0.01688	0.02686	0.02302	0.01535	0.02302	0.01304	0.01535	0.00921	0.00691	0.00691	0.00230	0.01074	0.00537	0.00307	0.01074
91	0.02817	0.01288	0.01642	0.01318	0.01826	0.01220	0.01069	0.03510	0.17420	0.51580	0.06152	0.02674	0.02144	0.00948	0.00739	0.00230	0.00595	0.00781	0.00858	0.01190
92	0.00886	0.00633	0.00843	0.01012	0.01054	0.00590	0.00675	0.01012	0.01392	0.01856	0.04006	0.73979	0.04808	0.02277	0.00928	0.00295	0.00422	0.02066	0.00675	0.00590
93	0.04592	0.01633	0.01764	0.01686	0.06989	0.05126	0.01228	0.05430	0.47586	0.11780	0.02640	0.02467	0.01947	0.00925	0.00723	0.00237	0.00645	0.00761	0.00704	0.01138
94	0.00897	0.00648	0.00838	0.00978	0.01037	0.00601	0.00655	0.01029	0.01418	0.01879	0.06469	0.63237	0.09563	0.05751	0.01056	0.00309	0.00429	0.01951	0.00668	0.00588
95	0.01051	0.00730	0.00922	0.00922	0.00967	0.00775	0.00602	0.01140	0.01095	0.01505	0.02172	0.04102	0.02358	0.50683	0.27081	0.00864	0.01133	0.00961	0.00423	0.00512
96	0.01504	0.01371	0.02134	0.51842	0.10141	0.01637	0.01866	0.04268	0.10384	0.02161	0.01644	0.02293	0.01298	0.00814	0.00740	0.00244	0.00889	0.03468	0.00409	0.00891
97	0.01559	0.11537	0.46542	0.08540	0.13338	0.01826	0.02390	0.02237	0.01539	0.02205	0.01279	0.01567	0.00962	0.00679	0.00672	0.00220	0.00998	0.00546	0.00317	0.01046
98	0.01171	0.00837	0.01171	0.01339	0.01506	0.00837	0.01171	0.01506	0.01673	0.02175	0.03849	0.08199	0.04183	0.02008	0.01004	0.00335	0.00669	0.65027	0.00669	0.00669

[dist]
# distance from previous block
# <min> <max>
0	1

[block]
# block no. 6 follows, 28 sequences, length 103
# corresponding to MSA columns:
# 281-383
name=unknown_G
#
# <colnr> <probs for GDERKNQSTAVLIFYWHMCP>
#	G	D	E	R	K	N	Q	S	T	A	V	L	I	F	Y	W	H	M	C	P
0	0.29094	0.09571	0.04645	0.01222	0.01698	0.03914	0.01056	0.16510	0.01967	0.06378	0.11725	0.02309	0.05365	0.00906	0.00624	0.00216	0.00644	0.00670	0.00572	0.00914
1	0.01492	0.04824	0.01374	0.01172	0.01405	0.01189	0.00877	0.19443	0.02005	0.02688	0.11243	0.35020	0.03670	0.08781	0.01112	0.00299	0.00562	0.01399	0.00663	0.00783
2	0.04867	0.03113	0.51138	0.04251	0.14740	0.01649	0.02424	0.02232	0.01562	0.02370	0.04115	0.01737	0.01201	0.00716	0.00693	0.00228	0.00982	0.00585	0.00343	0.01052
3	0.69004	0.01490	0.01262	0.01095	0.01537	0.04539	0.04186	0.02132	0.01288	0.03072	0.01095	0.01380	0.00890	0.03857	0.00619	0.00245	0.00634	0.00449	0.00442	0.00784
4	0.01059	0.00753	0.00947	0.00897	0.01089	0.00681	0.00673	0.01366	0.01967	0.04668	0.54671	0.07752	0.17651	0.01556	0.00856	0.00234	0.00358	0.01360	0.00777	0.00686
5	0.01572	0.02537	0.32157	0.09376	0.27426	0.01660	0.06858	0.02195	0.01607	0.02318	0.04448	0.01874	0.01292	0.00709	0.00724	0.00227	0.00966	0.00645	0.00354	0.01054
6	0.01507	0.01292	0.01507	0.01077	0.01723	0.00969	0.00861	0.01830	0.01507	0.02369	0.01292	0.01507	0.01077	0.00538	0.00538	0.00108	0.00538	0.00431	0.00431	0.78898
7	0.01943	0.74891	0.03809	0.01244	0.01866	0.02876	0.01244	0.02177	0.01477	0.01710	0.01011	0.01166	0.00933	0.00622	0.00466	0.00155	0.00777	0.00389	0.00311	0.00933
8	0.79588	0.01406	0.01068	0.00956	0.01406	0.01631	0.00787	0.02137	0.01237	0.03261	0.01012	0.01181	0.00787	0.00675	0.00450	0.00225	0.00562	0.00394	0.00450	0.00787
9	0.01056	0.00711	0.00824	0.00824	0.00835	0.00722	0.00480	0.01077	0.01066	0.01433	0.02261	0.04596	0.02573	0.68630	0.09429	0.00744	0.00810	0.01034	0.00436	0.00458
10	0.01808	0.01561	0.01644	0.01479	0.01890	0.01808	0.01151	0.03863	0.68606	0.03041	0.02959	0.02712	0.02219	0.00986	0.00740	0.00247	0.00575	0.00822	0.00740	0.01151
11	0.01012	0.00741	0.00971	0.01071	0.01211	0.00700	0.00836	0.01264	0.01661	0.02197	0.17583	0.27790	0.13790	0.01964	0.00931	0.00289	0.00486	0.24163	0.00698	0.00641
12	0.01024	0.00739	0.00967	0.00918	0.01085	0.00682	0.00685	0.01359	0.02033	0.02876	0.67127	0.07950	0.06783	0.01515	0.00860	0.00231	0.00346	0.01342	0.00796	0.00682
13	0.08735	0.01987	0.02095	0.01617	0.02188	0.02206	0.01335	0.62415	0.03248	0.04479	0.01688	0.01701	0.01201	0.00857	0.00706	0.00219	0.00781	0.00634	0.00706	0.01201
14	0.00886	0.00633	0.00843	0.01012	0.01054	0.00590	0.00675	0.01012	0.01392	0.01856	0.04006	0.73979	0.04808	0.02277	0.00928	0.00295	0.00422	0.02066	0.00675	0.00590
15	0.00906	0.00646	0.00833	0.00973	0.01019	0.00606	0.00640	0.01019	0.01362	0.01805	0.03938	0.62501	0.07334	0.11215	0.01269	0.00344	0.00455	0.01918	0.00646	0.00573
16	0.05960	0.01856	0.01959	0.01578	0.02099	0.02083	0.01281	0.44165	0.24167	0.04028	0.02100	0.02029	0.01530	0.00900	0.00719	0.00228	0.00717	0.00696	0.00719	0.01188
17	0.03261	0.01237	0.01687	0.01293	0.01856	0.01068	0.01068	0.03543	0.02081	0.70423	0.02868	0.02474	0.01799	0.00900	0.00731	0.00225	0.00619	0.00731	0.00900	0.01237
18	0.01563	0.00878	0.00900	0.00824	0.01055	0.00910	0.00637	0.11415	0.01804	0.02986	0.02279	0.02567	0.01771	0.00851	0.00540	0.00177	0.00407	0.00674	0.67001	0.00760
19	0.03161	0.01215	0.01655	0.01276	0.01821	0.01051	0.01051	0.03444	0.02079	0.67373	0.05879	0.02608	0.02028	0.00926	0.00737	0.00225	0.00606	0.00757	0.00895	0.01212
20	0.01518	0.03404	0.58814	0.02491	0.14851	0.01695	0.02606	0.02290	0.01556	0.02315	0.01315	0.01581	0.00961	0.00683	0.00696	0.00228	0.01037	0.00557	0.00316	0.01088
21	0.00881	0.00651	0.00825	0.00964	0.01042	0.00594	0.00653	0.01018	0.01438	0.01875	0.04595	0.62238	0.16170	0.02201	0.00916	0.00286	0.00412	0.01973	0.00675	0.00594
22	0.70725	0.03696	0.01191	0.04196	0.01562	0.01634	0.00847	0.02109	0.01265	0.03129	0.01075	0.01271	0.00840	0.00682	0.00465	0.00221	0.00579	0.00415	0.03308	0.00789
23	0.03202	0.01250	0.01685	0.01301	0.01857	0.01099	0.01072	0.03556	0.04812	0.67656	0.02871	0.02484	0.01817	0.00903	0.00731	0.00226	0.00617	0.00735	0.00893	0.01234
24	0.00890	0.00636	0.00848	0.01009	0.01055	0.00594	0.00675	0.01024	0.01414	0.01891	0.06179	0.71707	0.04876	0.02251	0.00925	0.00293	0.00419	0.02042	0.00679	0.00594
25	0.02868	0.01551	0.08123	0.01408	0.01997	0.01280	0.01244	0.06159	0.11445	0.51837	0.02688	0.02390	0.01753	0.00891	0.00728	0.00228	0.00662	0.00723	0.00815	0.01210
26	0.00886	0.00633	0.00843	0.01012	0.01054	0.00590	0.00675	0.01012	0.01392	0.01856	0.04006	0.73979	0.04808	0.02277	0.00928	0.00295	0.00422	0.02066	0.00675	0.00590
27	0.79588	0.01406	0.01068	0.00956	0.01406	0.01631	0.00787	0.02137	0.01237	0.03261	0.01012	0.01181	0.00787	0.00675	0.00450	0.00225	0.00562	0.00394	0.00450	0.00787
28	0.05068	0.01565	0.05364	0.51074	0.16774	0.04047	0.02011	0.01996	0.01506	0.02035	0.01288	0.01838	0.00991	0.00709	0.00709	0.00234	0.00947	0.00624	0.00337	0.00884
29	0.01373	0.01292	0.02180	0.72707	0.05006	0.01615	0.02019	0.01857	0.01453	0.01857	0.01292	0.01938	0.00969	0.00727	0.00727	0.00242	0.00969	0.00646	0.00323	0.00807
30	0.01830	0.00925	0.01186	0.01016	0.01343	0.00815	0.00794	0.02106	0.01952	0.27874	0.30028	0.04613	0.17242	0.03857	0.00909	0.00247	0.00463	0.01131	0.00800	0.00869
31	0.01595	0.01604	0.02301	0.01950	0.01976	0.02212	0.03955	0.01770	0.01135	0.01770	0.00973	0.01604	0.00960	0.01249	0.02331	0.00315	0.70535	0.00644	0.00320	0.00802
32	0.03989	0.00849	0.01049	0.00989	0.01201	0.00823	0.00756	0.01652	0.07250	0.05107	0.52237	0.07300	0.08224	0.01459	0.00838	0.00237	0.00397	0.04132	0.00772	0.00738
33	0.01040	0.00772	0.01134	0.01134	0.01252	0.00890	0.00866	0.01276	0.01158	0.01662	0.01978	0.03029	0.01893	0.11759	0.65369	0.01126	0.01833	0.00804	0.00394	0.00630
34	0.01105	0.00798	0.01088	0.01234	0.01390	0.00781	0.01040	0.01402	0.01652	0.02153	0.07232	0.16946	0.08717	0.02009	0.00977	0.00318	0.00600	0.49224	0.00677	0.00656
35	0.01128	0.00837	0.00993	0.00986	0.01149	0.00821	0.00706	0.04740	0.07377	0.02307	0.20688	0.24382	0.15889	0.09456	0.01256	0.04048	0.00465	0.01430	0.00673	0.00670
