[name]
unknown

[dist]
# distance from previous block
# <min> <max>
0	92

[block]
# block no. 0 follows, 26 sequences, length 6
# corresponding to MSA columns:
# 103-108
name=unknown_A
#
# <colnr> <probs for GDERKNQSTAVLIFYWHMCP>
#	G	D	E	R	K	N	Q	S	T	A	V	L	I	F	Y	W	H	M	C	P
0	0.01641	0.17428	0.28429	0.02069	0.02824	0.01942	0.16104	0.02226	0.01652	0.02274	0.05090	0.02479	0.01648	0.00887	0.00834	0.00242	0.04380	0.06457	0.00398	0.00995
1	0.02035	0.61398	0.03525	0.01268	0.01867	0.02641	0.01228	0.02293	0.01646	0.06822	0.07735	0.01750	0.01641	0.00758	0.00547	0.00175	0.00755	0.00526	0.00419	0.00971
2	0.01629	0.11894	0.01676	0.01162	0.01521	0.01381	0.00942	0.08283	0.10678	0.07534	0.25891	0.07207	0.14556	0.01338	0.00799	0.00234	0.00532	0.01121	0.00724	0.00898
3	0.07147	0.26182	0.21910	0.06504	0.12281	0.02191	0.01899	0.07088	0.01739	0.04645	0.01336	0.01565	0.01049	0.00713	0.00637	0.00212	0.00906	0.00539	0.00394	0.01064
4	0.06603	0.08430	0.02254	0.04354	0.10480	0.02032	0.01408	0.36873	0.02667	0.03634	0.02325	0.05760	0.07886	0.01010	0.00740	0.00229	0.00770	0.00802	0.00632	0.01112
5	0.04430	0.03565	0.01816	0.13541	0.08441	0.01330	0.01291	0.04402	0.06072	0.25287	0.08977	0.03322	0.12145	0.01076	0.00776	0.00239	0.00672	0.00903	0.00690	0.01026

[dist]
# distance from previous block
# <min> <max>
0	7

[block]
# block no. 1 follows, 26 sequences, length 6
# corresponding to MSA columns:
# 116-121
name=unknown_B
#
# <colnr> <probs for GDERKNQSTAVLIFYWHMCP>
#	G	D	E	R	K	N	Q	S	T	A	V	L	I	F	Y	W	H	M	C	P
0	0.02883	0.02125	0.02276	0.01745	0.02352	0.02352	0.01442	0.66082	0.03566	0.04780	0.01821	0.01821	0.01290	0.00911	0.00759	0.00228	0.00835	0.00683	0.00759	0.01290
1	0.01177	0.01438	0.15779	0.01143	0.01417	0.00968	0.01016	0.01404	0.01268	0.01740	0.02545	0.04260	0.07336	0.46874	0.08037	0.00628	0.00892	0.01001	0.00444	0.00634
2	0.01553	0.01379	0.01265	0.01143	0.01471	0.08963	0.00878	0.15452	0.02151	0.02611	0.05341	0.11487	0.40185	0.01613	0.00849	0.00248	0.00600	0.01325	0.00680	0.00807
3	0.09472	0.22084	0.08628	0.01490	0.02059	0.10176	0.01357	0.16249	0.02133	0.07922	0.07284	0.04543	0.01776	0.00897	0.00663	0.00212	0.00824	0.00666	0.00545	0.01019
4	0.01928	0.53207	0.03254	0.01275	0.01831	0.02507	0.01201	0.08126	0.01847	0.02305	0.13852	0.02117	0.02175	0.00844	0.00590	0.00183	0.00727	0.00615	0.00462	0.00954
5	0.02324	0.17279	0.02349	0.01474	0.01968	0.02154	0.01224	0.39027	0.02646	0.03484	0.01876	0.06252	0.01653	0.11588	0.01168	0.00293	0.00792	0.00770	0.00618	0.01061

[dist]
# distance from previous block
# <min> <max>
1	13

[block]
# block no. 2 follows, 26 sequences, length 31
# corresponding to MSA columns:
# 135-165
name=unknown_C
#
# <colnr> <probs for GDERKNQSTAVLIFYWHMCP>
#	G	D	E	R	K	N	Q	S	T	A	V	L	I	F	Y	W	H	M	C	P
0	0.45021	0.15429	0.09064	0.04067	0.01900	0.01864	0.01180	0.02221	0.01422	0.05153	0.01369	0.05939	0.01179	0.00813	0.00554	0.00227	0.00697	0.00561	0.00452	0.00887
1	0.01792	0.20171	0.03635	0.09857	0.06108	0.04747	0.30632	0.02244	0.01682	0.02146	0.01769	0.02139	0.05601	0.00772	0.00818	0.00231	0.03552	0.00761	0.00383	0.00961
2	0.07007	0.51537	0.10417	0.01466	0.02115	0.12632	0.01450	0.02393	0.01620	0.01964	0.01104	0.01280	0.00963	0.00679	0.00539	0.00180	0.00911	0.00434	0.00343	0.00965
3	0.01979	0.47953	0.05697	0.01625	0.02255	0.04863	0.10755	0.06344	0.01781	0.02199	0.06847	0.01769	0.01540	0.00747	0.00612	0.00190	0.00872	0.00584	0.00406	0.00981
4	0.33972	0.02167	0.14276	0.01889	0.06373	0.07491	0.11549	0.02301	0.01575	0.02806	0.05522	0.01776	0.01347	0.00777	0.00712	0.00239	0.03258	0.00607	0.00435	0.00929
5	0.01385	0.01000	0.01207	0.01200	0.01381	0.01018	0.00880	0.14812	0.01957	0.02626	0.09423	0.42029	0.04215	0.07202	0.01136	0.00319	0.00556	0.06183	0.00709	0.00761
6	0.01684	0.14848	0.06762	0.01858	0.04900	0.04631	0.01556	0.01925	0.01366	0.01919	0.01427	0.09623	0.01457	0.01210	0.01634	0.00276	0.38350	0.00766	0.00380	0.03428
7	0.01119	0.00864	0.01095	0.01085	0.01266	0.00792	0.00768	0.01302	0.01487	0.02087	0.08012	0.44054	0.03987	0.07789	0.01184	0.00298	0.03628	0.01584	0.00623	0.16973
8	0.01580	0.06396	0.58295	0.02319	0.05754	0.01826	0.08616	0.02397	0.01621	0.02383	0.01368	0.01638	0.00988	0.00709	0.00729	0.00238	0.01115	0.00590	0.00328	0.01109
9	0.01706	0.03133	0.46422	0.02579	0.15008	0.01696	0.06376	0.02436	0.01693	0.06720	0.04083	0.01899	0.01315	0.00754	0.00746	0.00238	0.01031	0.00646	0.00394	0.01125
10	0.01755	0.01467	0.01688	0.01242	0.01880	0.01251	0.01000	0.10190	0.04366	0.02777	0.01467	0.01656	0.01188	0.00645	0.00646	0.00139	0.02498	0.00501	0.00498	0.63146
11	0.00924	0.00660	0.00880	0.01056	0.01100	0.00616	0.00704	0.01056	0.01452	0.01936	0.04181	0.72848	0.05017	0.02376	0.00968	0.00308	0.00440	0.02156	0.00704	0.00616
12	0.02130	0.01750	0.01852	0.01593	0.02065	0.02000	0.01259	0.19164	0.51712	0.03565	0.02778	0.02584	0.02065	0.01000	0.00769	0.00250	0.00657	0.00815	0.00769	0.01222
13	0.01658	0.22774	0.51760	0.01929	0.02922	0.02096	0.02397	0.02367	0.01585	0.02236	0.01278	0.01498	0.00964	0.00701	0.00658	0.00219	0.01037	0.00519	0.00321	0.01081
14	0.01687	0.02945	0.39767	0.02812	0.18360	0.01725	0.11438	0.02383	0.01672	0.04840	0.01570	0.04545	0.01235	0.00771	0.00763	0.00241	0.01048	0.00704	0.00380	0.01112
15	0.01552	0.08189	0.65419	0.02109	0.03201	0.01837	0.02711	0.02394	0.01598	0.02364	0.01342	0.01578	0.00962	0.00716	0.00706	0.00235	0.01102	0.00551	0.00321	0.01112
16	0.00933	0.00777	0.00820	0.00828	0.01073	0.00663	0.00634	0.01149	0.01761	0.02138	0.11827	0.07273	0.59133	0.01907	0.00907	0.00262	0.00405	0.06147	0.00713	0.00650
17	0.04495	0.09192	0.54850	0.02158	0.03179	0.01874	0.09200	0.02388	0.01605	0.02394	0.01343	0.01603	0.00976	0.00706	0.00711	0.00235	0.01093	0.00578	0.00333	0.01088
18	0.01592	0.14281	0.55468	0.06265	0.03200	0.01943	0.02534	0.02354	0.01587	0.02281	0.01314	0.01569	0.00966	0.00712	0.00688	0.00229	0.01068	0.00544	0.00322	0.01082
19	0.00924	0.00660	0.00880	0.01056	0.01100	0.00616	0.00704	0.01056	0.01452	0.01936	0.04181	0.72848	0.05017	0.02376	0.00968	0.00308	0.00440	0.02156	0.00704	0.00616
20	0.00953	0.00771	0.00846	0.00827	0.01059	0.00664	0.00621	0.01198	0.01862	0.02365	0.26931	0.06780	0.48859	0.01803	0.00896	0.00251	0.00376	0.01528	0.00746	0.00664
21	0.06368	0.07181	0.02119	0.01534	0.02107	0.08942	0.01268	0.25598	0.02579	0.31419	0.02159	0.02025	0.01462	0.00881	0.00720	0.00223	0.00798	0.00664	0.00752	0.01204
22	0.01613	0.16602	0.57540	0.02005	0.03040	0.01986	0.02529	0.02378	0.01590	0.02290	0.01306	0.01532	0.00963	0.00708	0.00678	0.00226	0.01065	0.00532	0.00321	0.01094
23	0.01002	0.00696	0.00873	0.00971	0.01001	0.00677	0.00616	0.01087	0.01303	0.01743	0.03379	0.42934	0.03989	0.30839	0.04919	0.00515	0.00622	0.01682	0.00594	0.00556
24	0.00934	0.00673	0.00888	0.01055	0.01114	0.00627	0.00717	0.01077	0.01477	0.01954	0.04348	0.67182	0.08122	0.02343	0.00968	0.00307	0.00447	0.04442	0.00704	0.00620
25	0.12502	0.06043	0.50375	0.01894	0.02841	0.01783	0.02299	0.02525	0.05585	0.05282	0.01478	0.01649	0.01062	0.00743	0.00681	0.00237	0.00983	0.00560	0.00394	0.01085
26	0.01195	0.00924	0.01202	0.01239	0.05534	0.00895	0.00859	0.01724	0.08403	0.02969	0.54632	0.05229	0.09330	0.01462	0.00874	0.00240	0.00417	0.01289	0.00793	0.00790
27	0.01521	0.03923	0.69413	0.02162	0.03283	0.01762	0.02802	0.02402	0.01601	0.02402	0.01361	0.01601	0.00961	0.00721	0.00721	0.00240	0.01121	0.00560	0.00320	0.01121
28	0.02739	0.02017	0.02173	0.01694	0.02260	0.02224	0.01387	0.61290	0.03410	0.04571	0.01995	0.07056	0.01565	0.01019	0.00774	0.00234	0.00806	0.00791	0.00755	0.01240
29	0.01877	0.01802	0.03079	0.04656	0.68612	0.01802	0.02328	0.02328	0.01727	0.02478	0.01427	0.01877	0.01201	0.00676	0.00751	0.00225	0.00901	0.00676	0.00375	0.01201
30	0.03300	0.01268	0.01727	0.01332	0.01901	0.01097	0.01097	0.03597	0.02170	0.66221	0.05870	0.02718	0.02111	0.00966	0.00769	0.00235	0.00633	0.00790	0.00934	0.01265

[dist]
# distance from previous block
# <min> <max>
0	6

[block]
# block no. 3 follows, 26 sequences, length 41
# corresponding to MSA columns:
# 172-212
name=unknown_D
#
# <colnr> <probs for GDERKNQSTAVLIFYWHMCP>
#	G	D	E	R	K	N	Q	S	T	A	V	L	I	F	Y	W	H	M	C	P
0	0.03291	0.01381	0.01925	0.01465	0.02061	0.01233	0.04283	0.07629	0.02242	0.61774	0.02847	0.02507	0.01805	0.00922	0.00769	0.00235	0.00688	0.00764	0.00900	0.01278
1	0.01554	0.08397	0.65224	0.02107	0.03197	0.01841	0.02706	0.02394	0.01598	0.02363	0.01342	0.01577	0.00962	0.00716	0.00706	0.00235	0.01101	0.00551	0.00321	0.01112
2	0.03403	0.01291	0.01760	0.01350	0.01936	0.01115	0.01115	0.03697	0.02171	0.69137	0.02992	0.02582	0.01878	0.00939	0.00763	0.00235	0.00645	0.00763	0.00939	0.01291
3	0.01790	0.02046	0.04476	0.03197	0.03964	0.01918	0.65857	0.02430	0.01790	0.02430	0.01535	0.02046	0.01151	0.00639	0.00895	0.00256	0.01279	0.00895	0.00384	0.01023
4	0.01521	0.03923	0.69413	0.02162	0.03283	0.01762	0.02802	0.02402	0.01601	0.02402	0.01361	0.01601	0.00961	0.00721	0.00721	0.00240	0.01121	0.00560	0.00320	0.01121
5	0.03179	0.01442	0.01828	0.01425	0.01998	0.01366	0.01169	0.12505	0.08850	0.53513	0.02837	0.02499	0.01839	0.00944	0.00763	0.00236	0.00668	0.00761	0.00897	0.01282
6	0.00924	0.00660	0.00880	0.01056	0.01100	0.00616	0.00704	0.01056	0.01452	0.01936	0.04181	0.72848	0.05017	0.02376	0.00968	0.00308	0.00440	0.02156	0.00704	0.00616
7	0.01521	0.03923	0.69413	0.02162	0.03283	0.01762	0.02802	0.02402	0.01601	0.02402	0.01361	0.01601	0.00961	0.00721	0.00721	0.00240	0.01121	0.00560	0.00320	0.01121
8	0.01739	0.10616	0.22761	0.03344	0.38086	0.01866	0.02267	0.02278	0.01654	0.02348	0.01507	0.05397	0.01302	0.00774	0.00723	0.00227	0.00932	0.00687	0.00370	0.01121
9	0.01521	0.03923	0.69413	0.02162	0.03283	0.01762	0.02802	0.02402	0.01601	0.02402	0.01361	0.01601	0.00961	0.00721	0.00721	0.00240	0.01121	0.00560	0.00320	0.01121
10	0.02817	0.02092	0.02239	0.01732	0.02327	0.02321	0.01426	0.61947	0.07810	0.04673	0.01905	0.01888	0.01358	0.00918	0.00760	0.00230	0.00819	0.00695	0.00760	0.01284
11	0.00932	0.00675	0.00881	0.01031	0.01097	0.00624	0.00696	0.01083	0.01515	0.02015	0.08545	0.64205	0.09312	0.02293	0.00959	0.00300	0.00431	0.02069	0.00713	0.00624
12	0.02854	0.01595	0.02002	0.01551	0.02104	0.01596	0.04184	0.28207	0.02682	0.32942	0.07570	0.04961	0.02131	0.01012	0.00785	0.00236	0.00720	0.00833	0.00825	0.01210
13	0.01821	0.01775	0.02854	0.12054	0.55994	0.04334	0.02196	0.02258	0.01719	0.02375	0.01671	0.02103	0.03994	0.00742	0.00755	0.00229	0.00910	0.00707	0.00385	0.01125
14	0.01048	0.00755	0.00991	0.00972	0.01127	0.00699	0.00714	0.01367	0.02027	0.02851	0.57185	0.17235	0.06788	0.01693	0.00907	0.00251	0.00372	0.01507	0.00812	0.00699
15	0.01540	0.03814	0.65976	0.02291	0.06668	0.01764	0.02778	0.02398	0.01608	0.02406	0.01365	0.01616	0.00973	0.00718	0.00722	0.00239	0.01110	0.00566	0.00323	0.01125
16	0.02521	0.05605	0.02235	0.01795	0.05414	0.07823	0.04307	0.29798	0.10527	0.12449	0.05412	0.02389	0.04362	0.00951	0.00758	0.00229	0.00809	0.00762	0.00696	0.01158
17	0.01607	0.15807	0.58284	0.02015	0.03056	0.01972	0.02547	0.02380	0.01591	0.02297	0.01309	0.01536	0.00963	0.00708	0.00681	0.00227	0.01068	0.00534	0.00321	0.01096
18	0.01074	0.00775	0.01014	0.00954	0.01133	0.00716	0.00716	0.01431	0.02147	0.03042	0.68211	0.05666	0.07157	0.01551	0.00895	0.00239	0.00358	0.01372	0.00835	0.00716
19	0.01449	0.01365	0.02305	0.69052	0.07564	0.01690	0.02115	0.01952	0.01524	0.01958	0.01351	0.02017	0.01018	0.00755	0.00758	0.00252	0.01007	0.00674	0.00338	0.00856
20	0.01814	0.06875	0.51136	0.02116	0.03094	0.06164	0.07315	0.02551	0.01698	0.08139	0.01489	0.01687	0.01057	0.00734	0.00724	0.00234	0.01093	0.00592	0.00384	0.01106
21	0.01521	0.03923	0.69413	0.02162	0.03283	0.01762	0.02802	0.02402	0.01601	0.02402	0.01361	0.01601	0.00961	0.00721	0.00721	0.00240	0.01121	0.00560	0.00320	0.01121
22	0.00924	0.00660	0.00880	0.01056	0.01100	0.00616	0.00704	0.01056	0.01452	0.01936	0.04181	0.72848	0.05017	0.02376	0.00968	0.00308	0.00440	0.02156	0.00704	0.00616
23	0.05542	0.01579	0.04289	0.01790	0.09283	0.01433	0.01348	0.13635	0.02302	0.46956	0.02512	0.02303	0.01642	0.00890	0.00750	0.00233	0.00719	0.00722	0.00812	0.01260
24	0.01805	0.02064	0.08333	0.02941	0.03688	0.01808	0.55668	0.02420	0.01779	0.05479	0.01719	0.05484	0.01360	0.00743	0.00881	0.00256	0.01199	0.00929	0.00421	0.01022
25	0.02326	0.01794	0.01866	0.01586	0.02071	0.05058	0.01257	0.17905	0.42560	0.10931	0.02703	0.02508	0.01974	0.00981	0.00764	0.00245	0.00694	0.00791	0.00770	0.01216
26	0.00943	0.00678	0.00920	0.01075	0.01130	0.00655	0.00733	0.01091	0.01425	0.01916	0.03928	0.64622	0.04649	0.02766	0.09135	0.00415	0.00627	0.01998	0.00669	0.00623
27	0.01805	0.06225	0.06123	0.06847	0.13924	0.05330	0.15610	0.04518	0.03928	0.02314	0.04772	0.02010	0.01432	0.00924	0.01251	0.00260	0.20603	0.00731	0.00409	0.00983
28	0.78701	0.01467	0.01115	0.00997	0.01467	0.01702	0.00821	0.02230	0.01291	0.03403	0.01056	0.01232	0.00821	0.00704	0.00469	0.00235	0.00587	0.00411	0.00469	0.00821
29	0.02094	0.62591	0.06901	0.01413	0.02055	0.10484	0.01389	0.02362	0.01612	0.01822	0.01082	0.01252	0.00973	0.00667	0.00520	0.00170	0.00888	0.00422	0.00332	0.00970
30	0.01789	0.40870	0.34813	0.01705	0.02576	0.02417	0.02007	0.02333	0.01570	0.02076	0.01199	0.01398	0.00967	0.00683	0.00597	0.00199	0.00957	0.00479	0.00322	0.01043
31	0.00924	0.00660	0.00880	0.01056	0.01100	0.00616	0.00704	0.01056	0.01452	0.01936	0.04181	0.72848	0.05017	0.02376	0.00968	0.00308	0.00440	0.02156	0.00704	0.00616
32	0.01704	0.17488	0.52386	0.01981	0.02963	0.06390	0.02424	0.02417	0.01625	0.02247	0.01289	0.01512	0.00964	0.00711	0.00673	0.00222	0.01077	0.00526	0.00326	0.01077
33	0.02128	0.02089	0.06369	0.02632	0.23650	0.11843	0.01695	0.03205	0.26979	0.08276	0.02155	0.02211	0.01639	0.00852	0.00748	0.00235	0.00846	0.00718	0.00574	0.01156
34	0.03403	0.01291	0.01760	0.01350	0.01936	0.01115	0.01115	0.03697	0.02171	0.69137	0.02992	0.02582	0.01878	0.00939	0.00763	0.00235	0.00645	0.00763	0.00939	0.01291
35	0.01058	0.00775	0.00993	0.00938	0.01124	0.00709	0.00704	0.01402	0.02111	0.02956	0.62977	0.05807	0.12445	0.01583	0.00895	0.00240	0.00360	0.01392	0.00824	0.00709
36	0.02931	0.04740	0.12051	0.06146	0.02358	0.01329	0.01442	0.03325	0.02015	0.51800	0.02556	0.02340	0.01644	0.00882	0.00745	0.00234	0.00748	0.00711	0.00780	0.01222
37	0.02393	0.46220	0.05849	0.01448	0.02062	0.13552	0.01351	0.02663	0.01759	0.14274	0.01444	0.01509	0.01141	0.00727	0.00579	0.00184	0.00883	0.00491	0.00449	0.01023
38	0.01521	0.03923	0.69413	0.02162	0.03283	0.01762	0.02802	0.02402	0.01601	0.02402	0.01361	0.01601	0.00961	0.00721	0.00721	0.00240	0.01121	0.00560	0.00320	0.01121
39	0.01185	0.00855	0.01175	0.01338	0.01511	0.00844	0.01153	0.01513	0.01730	0.02238	0.04269	0.11757	0.08660	0.02098	0.01034	0.00341	0.00664	0.56246	0.00699	0.00690
40	0.02324	0.05164	0.06235	0.01433	0.01925	0.01392	0.01247	0.05267	0.16331	0.28913	0.03123	0.06902	0.04419	0.01206	0.00806	0.00258	0.00673	0.10516	0.00768	0.01100

[dist]
# distance from previous block
# <min> <max>
0	19

[block]
# block no. 4 follows, 26 sequences, length 90
# corresponding to MSA columns:
# 232-321
name=unknown_E
#
# <colnr> <probs for GDERKNQSTAVLIFYWHMCP>
#	G	D	E	R	K	N	Q	S	T	A	V	L	I	F	Y	W	H	M	C	P
0	0.00960	0.00696	0.00911	0.01074	0.01133	0.00664	0.00723	0.01168	0.03921	0.01983	0.04140	0.70221	0.04915	0.02326	0.00961	0.00306	0.00446	0.02108	0.00707	0.00638
1	0.00924	0.00660	0.00880	0.01056	0.01100	0.00616	0.00704	0.01056	0.01452	0.01936	0.04181	0.72848	0.05017	0.02376	0.00968	0.00308	0.00440	0.02156	0.00704	0.00616
2	0.01521	0.03923	0.69413	0.02162	0.03283	0.01762	0.02802	0.02402	0.01601	0.02402	0.01361	0.01601	0.00961	0.00721	0.00721	0.00240	0.01121	0.00560	0.00320	0.01121
3	0.01790	0.02046	0.04476	0.03197	0.03964	0.01918	0.65857	0.02430	0.01790	0.02430	0.01535	0.02046	0.01151	0.00639	0.00895	0.00256	0.01279	0.00895	0.00384	0.01023
4	0.00924	0.00660	0.00880	0.01056	0.01100	0.00616	0.00704	0.01056	0.01452	0.01936	0.04181	0.72848	0.05017	0.02376	0.00968	0.00308	0.00440	0.02156	0.00704	0.00616
5	0.01999	0.69813	0.07708	0.01347	0.02023	0.02931	0.01384	0.02279	0.01545	0.01820	0.01072	0.01239	0.00973	0.00653	0.00500	0.00167	0.00829	0.00414	0.00324	0.00982
6	0.78701	0.01467	0.01115	0.00997	0.01467	0.01702	0.00821	0.02230	0.01291	0.03403	0.01056	0.01232	0.00821	0.00704	0.00469	0.00235	0.00587	0.00411	0.00469	0.00821
7	0.03403	0.01291	0.01760	0.01350	0.01936	0.01115	0.01115	0.03697	0.02171	0.69137	0.02992	0.02582	0.01878	0.00939	0.00763	0.00235	0.00645	0.00763	0.00939	0.01291
8	0.73633	0.01610	0.01184	0.01061	0.01526	0.06284	0.00864	0.02283	0.01348	0.03300	0.01064	0.01241	0.00832	0.00709	0.00484	0.00232	0.00639	0.00416	0.00464	0.00825
9	0.00916	0.00769	0.00795	0.00788	0.01036	0.00648	0.00591	0.01126	0.01774	0.02156	0.14220	0.07123	0.61701	0.01881	0.00896	0.00254	0.00381	0.01576	0.00718	0.00648
10	0.01555	0.08591	0.65042	0.02104	0.03194	0.01844	0.02702	0.02393	0.01597	0.02361	0.01341	0.01576	0.00962	0.00716	0.00705	0.00235	0.01100	0.00550	0.00321	0.01111
11	0.00924	0.00660	0.00880	0.01056	0.01100	0.00616	0.00704	0.01056	0.01452	0.01936	0.04181	0.72848	0.05017	0.02376	0.00968	0.00308	0.00440	0.02156	0.00704	0.00616
12	0.01573	0.01348	0.01573	0.01123	0.01798	0.01011	0.00899	0.01910	0.01573	0.02472	0.01348	0.01573	0.01123	0.00562	0.00562	0.00112	0.00562	0.00449	0.00449	0.77980
13	0.02666	0.02047	0.02387	0.02232	0.13628	0.02237	0.01582	0.52364	0.06180	0.04314	0.01812	0.01877	0.01322	0.00876	0.00758	0.00229	0.00835	0.00690	0.00694	0.01271
14	0.00922	0.00667	0.00873	0.01037	0.01095	0.00618	0.00696	0.01058	0.01471	0.01944	0.04415	0.68470	0.09244	0.02346	0.00963	0.00305	0.00436	0.02119	0.00704	0.00618
15	0.01086	0.00803	0.01170	0.01170	0.01288	0.00921	0.00887	0.01323	0.01204	0.01724	0.02077	0.03229	0.02005	0.14198	0.61976	0.01158	0.01869	0.00849	0.00413	0.00650
16	0.01798	0.02145	0.14351	0.07005	0.54847	0.01790	0.02400	0.02324	0.01697	0.02443	0.01412	0.01836	0.01153	0.00687	0.00746	0.00229	0.00943	0.00656	0.00364	0.01173
17	0.01263	0.00717	0.01047	0.03999	0.01251	0.00726	0.00793	0.01143	0.01191	0.01605	0.02079	0.12185	0.02197	0.02384	0.02272	0.51641	0.00638	0.08927	0.03489	0.00450
18	0.00903	0.00769	0.00777	0.00775	0.01028	0.00643	0.00581	0.01101	0.01744	0.02084	0.09800	0.07243	0.66166	0.01908	0.00896	0.00256	0.00383	0.01593	0.00709	0.00643
19	0.01521	0.03923	0.69413	0.02162	0.03283	0.01762	0.02802	0.02402	0.01601	0.02402	0.01361	0.01601	0.00961	0.00721	0.00721	0.00240	0.01121	0.00560	0.00320	0.01121
20	0.02681	0.02089	0.02305	0.09436	0.05486	0.05076	0.01552	0.53802	0.03207	0.04253	0.01726	0.01826	0.01243	0.00879	0.00755	0.00229	0.00879	0.00674	0.00681	0.01221
21	0.01849	0.05310	0.09397	0.02953	0.03718	0.06519	0.53895	0.02461	0.01789	0.02362	0.01477	0.01931	0.01117	0.00656	0.00850	0.00247	0.01253	0.00821	0.00377	0.01019
22	0.03123	0.01225	0.01666	0.01308	0.01840	0.01063	0.01067	0.03413	0.02136	0.61328	0.07705	0.06032	0.02399	0.01049	0.00782	0.00238	0.00615	0.00870	0.00921	0.01219
23	0.01631	0.01383	0.01604	0.01151	0.01822	0.01071	0.00923	0.04762	0.01661	0.02574	0.01369	0.01584	0.01131	0.00577	0.00570	0.00117	0.00574	0.00460	0.00463	0.74572
24	0.02711	0.03269	0.02180	0.01939	0.02307	0.56799	0.01484	0.08592	0.02170	0.02117	0.01212	0.01440	0.01007	0.00852	0.00886	0.00213	0.08966	0.00525	0.00418	0.00911
25	0.64687	0.01473	0.01220	0.01067	0.01526	0.01682	0.00873	0.08435	0.01587	0.03508	0.06812	0.01665	0.01403	0.00796	0.00534	0.00234	0.00592	0.00519	0.00529	0.00859
26	0.01414	0.00707	0.00707	0.00707	0.00884	0.00707	0.00530	0.01767	0.01591	0.02828	0.02474	0.02828	0.01944	0.00884	0.00530	0.00177	0.00353	0.00707	0.77554	0.00707
27	0.01594	0.01060	0.01333	0.01168	0.01435	0.01111	0.05042	0.12953	0.01856	0.02843	0.02333	0.07398	0.02011	0.05011	0.12669	0.00402	0.00807	0.00847	0.37318	0.00808
28	0.01887	0.01629	0.01715	0.01544	0.01972	0.01887	0.01201	0.04031	0.67241	0.03173	0.03087	0.02830	0.02315	0.01029	0.00772	0.00257	0.00600	0.00858	0.00772	0.01201
29	0.01521	0.03923	0.69413	0.02162	0.03283	0.01762	0.02802	0.02402	0.01601	0.02402	0.01361	0.01601	0.00961	0.00721	0.00721	0.00240	0.01121	0.00560	0.00320	0.01121
30	0.03317	0.01310	0.01758	0.01361	0.01938	0.01159	0.01120	0.03716	0.05883	0.65374	0.02998	0.02596	0.01903	0.00944	0.00763	0.00236	0.00643	0.00768	0.00929	0.01286
31	0.01318	0.00659	0.00988	0.00988	0.00988	0.00659	0.00659	0.00988	0.00988	0.01318	0.01318	0.02306	0.01318	0.02635	0.02964	0.77931	0.00659	0.00659	0.00329	0.00329
32	0.01831	0.01755	0.02996	0.11549	0.62077	0.01790	0.02305	0.02288	0.01705	0.02422	0.01419	0.01892	0.01182	0.00684	0.00752	0.00228	0.00912	0.00676	0.00371	0.01164
33	0.02003	0.02068	0.02806	0.20313	0.24422	0.14127	0.11104	0.07298	0.04040	0.02423	0.01461	0.01873	0.01150	0.00740	0.00763	0.00232	0.01051	0.00680	0.00412	0.01035
34	0.01432	0.01348	0.02275	0.71520	0.05224	0.01685	0.02107	0.01938	0.01517	0.01938	0.01348	0.02022	0.01011	0.00758	0.00758	0.00253	0.01011	0.00674	0.00337	0.00843
35	0.02288	0.01433	0.01538	0.01314	0.01748	0.06646	0.01037	0.03083	0.20467	0.27743	0.08831	0.03664	0.14537	0.01180	0.00794	0.00242	0.00619	0.00969	0.00797	0.01069
36	0.01677	0.01712	0.02618	0.02156	0.02262	0.02268	0.10451	0.01908	0.01248	0.01908	0.01069	0.01712	0.01017	0.01233	0.02271	0.00321	0.62277	0.00695	0.00339	0.00856
37	0.01318	0.00659	0.00988	0.00988	0.00988	0.00659	0.00659	0.00988	0.00988	0.01318	0.01318	0.02306	0.01318	0.02635	0.02964	0.77931	0.00659	0.00659	0.00329	0.00329
38	0.01164	0.00797	0.01035	0.00963	0.01162	0.00729	0.00727	0.01513	0.02131	0.05776	0.63018	0.05603	0.09416	0.01540	0.00889	0.00239	0.00371	0.01355	0.00834	0.00737
39	0.78701	0.01467	0.01115	0.00997	0.01467	0.01702	0.00821	0.02230	0.01291	0.03403	0.01056	0.01232	0.00821	0.00704	0.00469	0.00235	0.00587	0.00411	0.00469	0.00821
40	0.02647	0.02007	0.02143	0.01697	0.02262	0.02242	0.01384	0.51361	0.18672	0.04399	0.02121	0.02060	0.01533	0.00939	0.00762	0.00235	0.00779	0.00724	0.00762	0.01269
41	0.01722	0.02378	0.17237	0.06667	0.03636	0.04699	0.41700	0.02362	0.01759	0.02399	0.04308	0.02064	0.01352	0.00705	0.00832	0.00244	0.01172	0.00803	0.00390	0.03572
42	0.01236	0.00800	0.01054	0.00999	0.01192	0.00733	0.00745	0.01558	0.02054	0.08079	0.54323	0.14624	0.06449	0.01616	0.00894	0.00248	0.00392	0.01431	0.00825	0.00747
43	0.02066	0.01646	0.01762	0.01546	0.02000	0.01872	0.01214	0.08887	0.57888	0.07706	0.02981	0.02734	0.02206	0.01014	0.00770	0.00253	0.00622	0.00837	0.00782	0.01214
44	0.17451	0.06175	0.02250	0.02080	0.13434	0.10086	0.01455	0.29504	0.02478	0.05917	0.01527	0.01656	0.01150	0.00801	0.00677	0.00221	0.00852	0.00593	0.00576	0.01117
45	0.01718	0.31058	0.44002	0.01826	0.02764	0.02243	0.02218	0.02351	0.01578	0.02162	0.01242	0.01452	0.00966	0.00693	0.00630	0.00210	0.01001	0.00500	0.00322	0.01064
46	0.01467	0.01017	0.01172	0.01114	0.01375	0.01015	0.00833	0.02131	0.17427	0.09683	0.11035	0.15352	0.19389	0.09485	0.01195	0.00317	0.00522	0.03906	0.00732	0.00832
47	0.06852	0.01430	0.01542	0.04266	0.01876	0.04057	0.01094	0.03096	0.34713	0.10090	0.16015	0.06296	0.03166	0.01143	0.00781	0.00249	0.00594	0.00959	0.00748	0.01035
48	0.12205	0.05831	0.52335	0.01914	0.02881	0.01772	0.02346	0.02490	0.03939	0.05511	0.01443	0.01625	0.01032	0.00737	0.00682	0.00237	0.00997	0.00554	0.00385	0.01085
49	0.02686	0.01837	0.02025	0.01577	0.02127	0.01972	0.01294	0.49568	0.03177	0.12292	0.07675	0.02537	0.05660	0.01023	0.00778	0.00231	0.00747	0.00801	0.00784	0.01206
50	0.00973	0.00790	0.00944	0.05978	0.01363	0.00725	0.00738	0.01206	0.01734	0.02198	0.17479	0.19688	0.39757	0.01861	0.00900	0.00263	0.00436	0.01603	0.00701	0.00664
51	0.03002	0.01363	0.01817	0.01570	0.06355	0.01255	0.01187	0.08431	0.04816	0.51452	0.05674	0.02802	0.04715	0.00988	0.00773	0.00235	0.00653	0.00813	0.00866	0.01231
52	0.05359	0.48434	0.08773	0.01512	0.02131	0.18811	0.01441	0.02460	0.01680	0.01919	0.01108	0.01285	0.00967	0.00689	0.00552	0.00179	0.00959	0.00438	0.00346	0.00957
53	0.03384	0.01322	0.01780	0.01364	0.01952	0.01161	0.01127	0.06038	0.02223	0.66722	0.02948	0.02553	0.01856	0.00938	0.00763	0.00234	0.00653	0.00760	0.00932	0.01291
54	0.01543	0.06895	0.66630	0.02125	0.03226	0.01814	0.02738	0.02397	0.01599	0.02376	0.01348	0.01585	0.00961	0.00718	0.00711	0.00237	0.01108	0.00554	0.00320	0.01115
55	0.01949	0.04898	0.02932	0.11056	0.51795	0.07290	0.02163	0.04551	0.01795	0.02424	0.01397	0.01822	0.01158	0.00700	0.00736	0.00223	0.00943	0.00650	0.00384	0.01133
56	0.01293	0.05860	0.01530	0.01282	0.01407	0.01326	0.00991	0.01558	0.04135	0.01765	0.01913	0.03108	0.01903	0.21223	0.33568	0.00823	0.14372	0.00833	0.00417	0.00694
57	0.00924	0.00660	0.00880	0.01056	0.01100	0.00616	0.00704	0.01056	0.01452	0.01936	0.04181	0.72848	0.05017	0.02376	0.00968	0.00308	0.00440	0.02156	0.00704	0.00616
58	0.01746	0.01957	0.04124	0.02996	0.03657	0.01916	0.56829	0.02318	0.01712	0.02349	0.01569	0.04460	0.01269	0.00772	0.01066	0.00266	0.08702	0.00914	0.00389	0.00989
59	0.01729	0.01379	0.01469	0.01303	0.01696	0.01488	0.01018	0.09949	0.35352	0.05630	0.07081	0.04155	0.21970	0.01299	0.00812	0.00252	0.00554	0.01077	0.00760	0.01027
60	0.01613	0.04738	0.08058	0.01899	0.02096	0.04916	0.05364	0.01877	0.01367	0.01973	0.04196	0.09839	0.01707	0.01312	0.01848	0.00300	0.44804	0.00848	0.00399	0.00845
61	0.01432	0.01348	0.02275	0.71520	0.05224	0.01685	0.02107	0.01938	0.01517	0.01938	0.01348	0.02022	0.01011	0.00758	0.00758	0.00253	0.01011	0.00674	0.00337	0.00843
62	0.01573	0.01348	0.01573	0.01123	0.01798	0.01011	0.00899	0.01910	0.01573	0.02472	0.01348	0.01573	0.01123	0.00562	0.00562	0.00112	0.00562	0.00449	0.00449	0.77980
63	0.01059	0.00770	0.00998	0.00951	0.01127	0.00708	0.00709	0.01400	0.02098	0.02950	0.62775	0.08821	0.09577	0.01604	0.00898	0.00242	0.00363	0.01417	0.00824	0.00708
64	0.03964	0.01490	0.05363	0.63194	0.07708	0.01694	0.02106	0.01985	0.01522	0.02030	0.01343	0.01971	0.01011	0.00751	0.00747	0.00250	0.00998	0.00660	0.00342	0.00870
65	0.01534	0.01451	0.02458	0.56309	0.19644	0.01712	0.02157	0.02027	0.01565	0.02061	0.01366	0.01989	0.01054	0.00740	0.00757	0.00247	0.00986	0.00674	0.00346	0.00924
66	0.01536	0.01457	0.02447	0.54468	0.18449	0.01737	0.02134	0.02015	0.01546	0.02047	0.01350	0.01976	0.01051	0.00765	0.00830	0.00250	0.04005	0.00674	0.00345	0.00918
67	0.01591	0.01563	0.02190	0.01902	0.01911	0.02163	0.01572	0.01760	0.01181	0.01829	0.01225	0.05782	0.01267	0.01588	0.05526	0.00371	0.64656	0.00756	0.00357	0.00811
68	0.78701	0.01467	0.01115	0.00997	0.01467	0.01702	0.00821	0.02230	0.01291	0.03403	0.01056	0.01232	0.00821	0.00704	0.00469	0.00235	0.00587	0.00411	0.00469	0.00821
69	0.01833	0.01757	0.02998	0.11342	0.62273	0.01791	0.02306	0.02289	0.01706	0.02424	0.01419	0.01892	0.01182	0.00684	0.00752	0.00228	0.00912	0.00676	0.00372	0.01166
70	0.01058	0.00807	0.01110	0.01150	0.01280	0.00776	0.03325	0.01398	0.06024	0.02298	0.19061	0.49562	0.05186	0.02023	0.00935	0.00286	0.00465	0.01835	0.00727	0.00695
71	0.00932	0.00664	0.00878	0.01046	0.01088	0.00622	0.00693	0.01058	0.01436	0.01915	0.04098	0.69723	0.04913	0.05644	0.01101	0.00328	0.00454	0.02108	0.00693	0.00609
72	0.01521	0.03923	0.69413	0.02162	0.03283	0.01762	0.02802	0.02402	0.01601	0.02402	0.01361	0.01601	0.00961	0.00721	0.00721	0.00240	0.01121	0.00560	0.00320	0.01121
73	0.01558	0.08978	0.64679	0.02099	0.03186	0.01851	0.02694	0.02393	0.01597	0.02357	0.01339	0.01574	0.00962	0.00715	0.00704	0.00235	0.01099	0.00549	0.00321	0.01110
74	0.78701	0.01467	0.01115	0.00997	0.01467	0.01702	0.00821	0.02230	0.01291	0.03403	0.01056	0.01232	0.00821	0.00704	0.00469	0.00235	0.00587	0.00411	0.00469	0.00821
75	0.03403	0.01291	0.01760	0.01350	0.01936	0.01115	0.01115	0.03697	0.02171	0.69137	0.02992	0.02582	0.01878	0.00939	0.00763	0.00235	0.00645	0.00763	0.00939	0.01291
76	0.02883	0.02125	0.02276	0.01745	0.02352	0.02352	0.01442	0.66082	0.03566	0.04780	0.01821	0.01821	0.01290	0.00911	0.00759	0.00228	0.00835	0.00683	0.00759	0.01290
77	0.78701	0.01467	0.01115	0.00997	0.01467	0.01702	0.00821	0.02230	0.01291	0.03403	0.01056	0.01232	0.00821	0.00704	0.00469	0.00235	0.00587	0.00411	0.00469	0.00821
78	0.01100	0.00747	0.00887	0.00887	0.00907	0.00768	0.00534	0.01141	0.01121	0.01515	0.02336	0.04663	0.02627	0.63072	0.13953	0.00809	0.00932	0.01059	0.00452	0.00493
79	0.00924	0.00660	0.00880	0.01056	0.01100	0.00616	0.00704	0.01056	0.01452	0.01936	0.04181	0.72848	0.05017	0.02376	0.00968	0.00308	0.00440	0.02156	0.00704	0.00616
80	0.02121	0.04538	0.20840	0.02416	0.03229	0.01714	0.31526	0.02727	0.01826	0.18700	0.01831	0.02035	0.01273	0.00734	0.00805	0.00244	0.01068	0.00760	0.00501	0.01113
81	0.01896	0.01855	0.03004	0.07620	0.63009	0.04576	0.02283	0.02338	0.01735	0.02428	0.01413	0.01863	0.01184	0.00684	0.00749	0.00225	0.00925	0.00668	0.00374	0.01172
82	0.01838	0.01762	0.03008	0.10573	0.63002	0.01792	0.02308	0.02293	0.01708	0.02430	0.01420	0.01890	0.01185	0.00683	0.00752	0.00228	0.00911	0.00676	0.00372	0.01170
83	0.00960	0.00697	0.00882	0.01015	0.01092	0.00650	0.00695	0.01100	0.01471	0.01923	0.04445	0.52312	0.13235	0.10063	0.01280	0.00351	0.00482	0.06064	0.00677	0.00608
84	0.02989	0.01459	0.01778	0.01390	0.01931	0.01425	0.01140	0.19819	0.05054	0.42429	0.02633	0.02420	0.01749	0.00929	0.00737	0.00227	0.00661	0.00740	0.09267	0.01223
85	0.12541	0.24082	0.04550	0.01357	0.01908	0.07473	0.01197	0.13070	0.07140	0.02732	0.02157	0.02207	0.08940	0.00884	0.00630	0.00203	0.00753	0.00643	0.00512	0.07022
86	0.09969	0.33127	0.13970	0.01541	0.02159	0.19232	0.01498	0.02448	0.01679	0.02131	0.01216	0.01412	0.01012	0.00713	0.00575	0.00192	0.00952	0.00470	0.04761	0.00944
87	0.21862	0.28752	0.05375	0.01524	0.05022	0.02122	0.04120	0.02576	0.06744	0.11035	0.01599	0.01817	0.01271	0.00776	0.00596	0.00213	0.00750	0.02352	0.00491	0.01004
88	0.16916	0.04780	0.01897	0.01475	0.01940	0.07214	0.06157	0.20272	0.06538	0.03301	0.11630	0.02902	0.09809	0.01042	0.00732	0.00233	0.00729	0.00834	0.00630	0.00970
89	0.06993	0.02207	0.16713	0.05893	0.31077	0.01798	0.05833	0.10987	0.01919	0.02790	0.01802	0.02094	0.04955	0.00792	0.00744	0.00234	0.00914	0.00700	0.00440	0.01114

[dist]
# distance from previous block
# <min> <max>
3	6

[block]
# block no. 5 follows, 26 sequences, length 15
# corresponding to MSA columns:
# 328-342
name=unknown_F
#
# <colnr> <probs for GDERKNQSTAVLIFYWHMCP>
#	G	D	E	R	K	N	Q	S	T	A	V	L	I	F	Y	W	H	M	C	P
0	0.07892	0.01761	0.01984	0.01742	0.07048	0.01875	0.01308	0.35437	0.08977	0.10370	0.02349	0.04201	0.05339	0.00971	0.00742	0.00229	0.00729	0.00767	0.00706	0.05575
1	0.09009	0.30882	0.29276	0.01738	0.04872	0.02191	0.01869	0.02440	0.01601	0.07846	0.01352	0.01508	0.01039	0.00708	0.00610	0.00208	0.00902	0.00507	0.00390	0.01052
2	0.09594	0.00835	0.00965	0.00941	0.01147	0.00798	0.00702	0.01411	0.01889	0.02765	0.41943	0.14320	0.16688	0.01630	0.00858	0.00250	0.00398	0.01409	0.00755	0.00701
3	0.02085	0.56006	0.11058	0.01488	0.02153	0.12406	0.01490	0.02393	0.01634	0.01864	0.01106	0.01281	0.00973	0.00676	0.00541	0.00176	0.00925	0.00435	0.00333	0.00977
4	0.01318	0.00659	0.00988	0.00988	0.00988	0.00659	0.00659	0.00988	0.00988	0.01318	0.01318	0.02306	0.01318	0.02635	0.02964	0.77931	0.00659	0.00659	0.00329	0.00329
5	0.15071	0.17563	0.02261	0.01410	0.01947	0.06703	0.01198	0.28650	0.02384	0.03427	0.01535	0.01657	0.01184	0.00796	0.00617	0.00203	0.00766	0.00559	0.08462	0.03607
6	0.02741	0.01969	0.02144	0.01687	0.02255	0.02164	0.01391	0.53883	0.08725	0.08199	0.02111	0.02307	0.01573	0.00985	0.00775	0.00237	0.00797	0.04039	0.00767	0.01251
7	0.01044	0.00716	0.00864	0.00912	0.00945	0.00696	0.00564	0.01125	0.01326	0.01788	0.10169	0.26092	0.03941	0.43457	0.02638	0.00548	0.00602	0.01459	0.00577	0.00536
8	0.05683	0.03071	0.02092	0.01961	0.04989	0.51431	0.01454	0.10342	0.02236	0.02322	0.01471	0.01982	0.01274	0.00889	0.00715	0.00214	0.01204	0.05287	0.00460	0.00925
9	0.01851	0.01962	0.08063	0.04468	0.63703	0.01799	0.02364	0.02333	0.01718	0.02472	0.01422	0.01857	0.01183	0.00679	0.00749	0.00226	0.00918	0.00667	0.00371	0.01195
10	0.01002	0.00744	0.00900	0.00969	0.01120	0.00680	0.00713	0.01218	0.01676	0.02202	0.15323	0.28097	0.24968	0.05069	0.01052	0.00299	0.00451	0.09328	0.03544	0.00646
11	0.01175	0.00733	0.00813	0.00807	0.00884	0.00722	0.00512	0.01318	0.01375	0.02033	0.09892	0.04559	0.05645	0.43031	0.02517	0.00511	0.00577	0.01046	0.21290	0.00562
12	0.02927	0.02055	0.02233	0.01712	0.02317	0.02249	0.01414	0.60856	0.03449	0.10172	0.01919	0.01885	0.01339	0.00913	0.00759	0.00228	0.00819	0.00690	0.00774	0.01290
13	0.10388	0.41175	0.13759	0.01499	0.02185	0.05747	0.01515	0.11554	0.01845	0.02494	0.01220	0.01374	0.01001	0.00710	0.00571	0.00194	0.00866	0.00475	0.00405	0.01022
14	0.37142	0.06705	0.01955	0.01801	0.10636	0.10089	0.01285	0.12190	0.01810	0.03088	0.01233	0.01454	0.00985	0.00783	0.00724	0.00230	0.05940	0.00515	0.00473	0.00962

[dist]
# distance from previous block
# <min> <max>
1	5

[block]
# block no. 6 follows, 26 sequences, length 44
# corresponding to MSA columns:
# 348-391
name=unknown_G
#
# <colnr> <probs for GDERKNQSTAVLIFYWHMCP>
#	G	D	E	R	K	N	Q	S	T	A	V	L	I	F	Y	W	H	M	C	P
0	0.13930	0.28296	0.17391	0.01843	0.09893	0.02180	0.01646	0.04495	0.01605	0.02382	0.01619	0.01815	0.05341	0.00798	0.00689	0.00214	0.03909	0.00570	0.00393	0.00992
1	0.06883	0.18956	0.05401	0.01420	0.01963	0.04200	0.01249	0.16542	0.12460	0.10573	0.05176	0.02364	0.05309	0.00927	0.00681	0.00218	0.00724	0.00706	0.03180	0.01071
2	0.01932	0.01317	0.01439	0.01275	0.01667	0.03603	0.01002	0.02915	0.26992	0.17643	0.09803	0.04227	0.18161	0.01294	0.00817	0.00251	0.00568	0.03293	0.00783	0.01018
3	0.06169	0.01823	0.02009	0.03875	0.02218	0.01990	0.01318	0.48176	0.03024	0.09171	0.02152	0.10683	0.01767	0.01080	0.00772	0.00239	0.00765	0.00859	0.00738	0.01170
4	0.01132	0.00783	0.00905	0.00887	0.00887	0.00817	0.00522	0.01140	0.01106	0.01489	0.02318	0.04793	0.02667	0.69624	0.03790	0.00715	0.04413	0.01080	0.00453	0.00479
5	0.78701	0.01467	0.01115	0.00997	0.01467	0.01702	0.00821	0.02230	0.01291	0.03403	0.01056	0.01232	0.00821	0.00704	0.00469	0.00235	0.00587	0.00411	0.00469	0.00821
6	0.02883	0.02125	0.02276	0.01745	0.02352	0.02352	0.01442	0.66082	0.03566	0.04780	0.01821	0.01821	0.01290	0.00911	0.00759	0.00228	0.00835	0.00683	0.00759	0.01290
7	0.01915	0.01898	0.05510	0.04414	0.62793	0.01829	0.02300	0.05587	0.01816	0.02593	0.01444	0.01864	0.01197	0.00689	0.00750	0.00226	0.00906	0.00672	0.00393	0.01203
8	0.05928	0.09681	0.02622	0.01955	0.02270	0.14804	0.09804	0.02275	0.03784	0.02067	0.01198	0.01623	0.01053	0.00983	0.01473	0.00260	0.32350	0.00617	0.00377	0.04875
9	0.01318	0.00659	0.00988	0.00988	0.00988	0.00659	0.00659	0.00988	0.00988	0.01318	0.01318	0.02306	0.01318	0.02635	0.02964	0.77931	0.00659	0.00659	0.00329	0.00329
10	0.03382	0.01325	0.01782	0.01366	0.01954	0.01166	0.01128	0.06281	0.02229	0.66471	0.02944	0.02550	0.01853	0.00938	0.00763	0.00234	0.00653	0.00759	0.00931	0.01291
11	0.02912	0.02079	0.02248	0.01724	0.02330	0.02285	0.01424	0.62697	0.03491	0.08273	0.01885	0.01862	0.01322	0.00912	0.00759	0.00228	0.00824	0.00687	0.00769	0.01290
12	0.01074	0.00775	0.01014	0.00954	0.01133	0.00716	0.00716	0.01431	0.02147	0.03042	0.68211	0.05666	0.07157	0.01551	0.00895	0.00239	0.00358	0.01372	0.00835	0.00716
13	0.01084	0.00813	0.01219	0.01219	0.01354	0.00948	0.00948	0.01354	0.01219	0.01761	0.02032	0.02980	0.01896	0.05689	0.70337	0.01219	0.02032	0.00813	0.00406	0.00677
14	0.00924	0.00660	0.00880	0.01056	0.01100	0.00616	0.00704	0.01056	0.01452	0.01936	0.04181	0.72848	0.05017	0.02376	0.00968	0.00308	0.00440	0.02156	0.00704	0.00616
15	0.03403	0.01291	0.01760	0.01350	0.01936	0.01115	0.01115	0.03697	0.02171	0.69137	0.02992	0.02582	0.01878	0.00939	0.00763	0.00235	0.00645	0.00763	0.00939	0.01291
16	0.02878	0.02272	0.02264	0.01766	0.02352	0.09062	0.01444	0.59856	0.03426	0.04492	0.01757	0.01776	0.01259	0.00898	0.00751	0.00224	0.00887	0.00664	0.00722	0.01249
17	0.01887	0.01629	0.01715	0.01544	0.01972	0.01887	0.01201	0.04031	0.67241	0.03173	0.03087	0.02830	0.02315	0.01029	0.00772	0.00257	0.00600	0.00858	0.00772	0.01201
18	0.01573	0.01348	0.01573	0.01123	0.01798	0.01011	0.00899	0.01910	0.01573	0.02472	0.01348	0.01573	0.01123	0.00562	0.00562	0.00112	0.00562	0.00449	0.00449	0.77980
19	0.01777	0.02008	0.04261	0.03077	0.03768	0.01959	0.59461	0.02369	0.01728	0.02369	0.01481	0.02008	0.01135	0.00708	0.01054	0.00263	0.08320	0.00872	0.00378	0.01004
20	0.01764	0.02231	0.10889	0.03095	0.03897	0.01903	0.59630	0.02427	0.01772	0.02427	0.01517	0.02002	0.01132	0.00647	0.00878	0.00254	0.01263	0.00862	0.00377	0.01033
21	0.03403	0.01291	0.01760	0.01350	0.01936	0.01115	0.01115	0.03697	0.02171	0.69137	0.02992	0.02582	0.01878	0.00939	0.00763	0.00235	0.00645	0.00763	0.00939	0.01291
22	0.03332	0.01307	0.01758	0.01359	0.01938	0.01151	0.01119	0.03712	0.05207	0.66059	0.02997	0.02593	0.01898	0.00943	0.00763	0.00236	0.00643	0.00767	0.00931	0.01287
23	0.01853	0.02298	0.31015	0.01682	0.02369	0.01296	0.04162	0.02388	0.01767	0.19176	0.07717	0.16133	0.02492	0.01163	0.00800	0.00253	0.00812	0.01002	0.00595	0.01029
24	0.01149	0.00818	0.01124	0.01290	0.01426	0.00808	0.01065	0.01430	0.01646	0.02153	0.03969	0.22946	0.04430	0.05850	0.01175	0.00360	0.00642	0.46364	0.00687	0.00667
25	0.78701	0.01467	0.01115	0.00997	0.01467	0.01702	0.00821	0.02230	0.01291	0.03403	0.01056	0.01232	0.00821	0.00704	0.00469	0.00235	0.00587	0.00411	0.00469	0.00821
26	0.00922	0.00670	0.00870	0.01031	0.01093	0.00618	0.00693	0.01059	0.01477	0.01946	0.04491	0.67043	0.10621	0.02336	0.00962	0.00303	0.00435	0.02107	0.00704	0.00618
27	0.01912	0.02589	0.19033	0.07181	0.35606	0.12541	0.05576	0.02440	0.01755	0.02330	0.01372	0.01747	0.01095	0.00706	0.00741	0.00227	0.01053	0.00630	0.00363	0.01103
28	0.01103	0.00735	0.00827	0.00827	0.00827	0.00735	0.00460	0.01103	0.01103	0.01471	0.02390	0.04964	0.02758	0.73343	0.03861	0.00735	0.00735	0.01103	0.00460	0.00460
29	0.01630	0.01382	0.01603	0.01150	0.01822	0.01069	0.00922	0.04690	0.01659	0.02572	0.01369	0.01584	0.01131	0.00577	0.00570	0.00117	0.00574	0.00460	0.00463	0.74658
30	0.78701	0.01467	0.01115	0.00997	0.01467	0.01702	0.00821	0.02230	0.01291	0.03403	0.01056	0.01232	0.00821	0.00704	0.00469	0.00235	0.00587	0.00411	0.00469	0.00821
31	0.01074	0.00775	0.01014	0.00954	0.01133	0.00716	0.00716	0.01431	0.02147	0.03042	0.68211	0.05666	0.07157	0.01551	0.00895	0.00239	0.00358	0.01372	0.00835	0.00716
32	0.02328	0.42722	0.06054	0.01597	0.02163	0.29870	0.01430	0.02580	0.01787	0.01840	0.01115	0.01294	0.00974	0.00705	0.00576	0.00179	0.01047	0.00445	0.00351	0.00942
33	0.01521	0.03923	0.69413	0.02162	0.03283	0.01762	0.02802	0.02402	0.01601	0.02402	0.01361	0.01601	0.00961	0.00721	0.00721	0.00240	0.01121	0.00560	0.00320	0.01121
34	0.01074	0.00775	0.01014	0.00954	0.01133	0.00716	0.00716	0.01431	0.02147	0.03042	0.68211	0.05666	0.07157	0.01551	0.00895	0.00239	0.00358	0.01372	0.00835	0.00716
35	0.01521	0.03923	0.69413	0.02162	0.03283	0.01762	0.02802	0.02402	0.01601	0.02402	0.01361	0.01601	0.00961	0.00721	0.00721	0.00240	0.01121	0.00560	0.00320	0.01121
36	0.01521	0.03923	0.69413	0.02162	0.03283	0.01762	0.02802	0.02402	0.01601	0.02402	0.01361	0.01601	0.00961	0.00721	0.00721	0.00240	0.01121	0.00560	0.00320	0.01121
37	0.00898	0.00764	0.00773	0.00780	0.01028	0.00639	0.00582	0.01087	0.01717	0.02044	0.07539	0.10018	0.65680	0.01940	0.00899	0.00258	0.00387	0.01624	0.00704	0.00639
38	0.05849	0.35691	0.32384	0.01664	0.02507	0.02293	0.01923	0.02400	0.01587	0.05617	0.01289	0.01457	0.01007	0.00698	0.00603	0.00204	0.00927	0.00492	0.00362	0.01047
39	0.01939	0.61518	0.15476	0.01450	0.02182	0.02783	0.01562	0.02294	0.01552	0.01893	0.01108	0.01284	0.00971	0.00662	0.00528	0.00176	0.00866	0.00433	0.00324	0.00999
40	0.00930	0.00764	0.00818	0.00817	0.01048	0.00653	0.00608	0.01149	0.01790	0.02222	0.18428	0.10353	0.54036	0.01877	0.00900	0.00256	0.00382	0.01588	0.00728	0.00653
41	0.01924	0.56847	0.16311	0.01635	0.05654	0.02705	0.01636	0.02299	0.01562	0.01937	0.01132	0.01324	0.00983	0.00664	0.00545	0.00180	0.00874	0.00449	0.00326	0.01013
42	0.43450	0.19767	0.04347	0.01176	0.01734	0.01929	0.01063	0.02503	0.01519	0.14484	0.01406	0.01478	0.01050	0.00732	0.00534	0.00217	0.00672	0.00476	0.00510	0.00953
43	0.02767	0.05569	0.02243	0.01740	0.02267	0.21928	0.01402	0.42273	0.02982	0.03720	0.01630	0.01709	0.01215	0.00861	0.00715	0.00213	0.00966	0.00616	0.04050	0.01132

[dist]
# distance from previous block
# <min> <max>
5	12

[block]
# block no. 7 follows, 26 sequences, length 9
# corresponding to MSA columns:
# 404-412
name=unknown_H
#
# <colnr> <probs for GDERKNQSTAVLIFYWHMCP>
#	G	D	E	R	K	N	Q	S	T	A	V	L	I	F	Y	W	H	M	C	P
