[name]
unknown

[dist]
# distance from previous block
# <min> <max>
0	8

[block]
# block no. 0 follows, 29 sequences, length 56
# corresponding to MSA columns:
# 8-63
name=unknown_A
#
# <colnr> <probs for GDERKNQSTAVLIFYWHMCP>
#	G	D	E	R	K	N	Q	S	T	A	V	L	I	F	Y	W	H	M	C	P
0	0.13744	0.22445	0.14469	0.01461	0.02029	0.04230	0.04746	0.06845	0.03512	0.05854	0.01715	0.07149	0.01544	0.00907	0.00636	0.00216	0.00775	0.06357	0.00455	0.00912
1	0.04515	0.20946	0.19555	0.13008	0.09467	0.01926	0.13382	0.02110	0.01530	0.02112	0.04173	0.01719	0.01209	0.00680	0.00655	0.00210	0.00919	0.00598	0.00345	0.00941
2	0.06716	0.05331	0.04710	0.04443	0.01955	0.10060	0.04521	0.04794	0.07682	0.17106	0.04952	0.12358	0.04145	0.01095	0.00726	0.00229	0.00718	0.04589	0.00600	0.03269
3	0.01752	0.13383	0.15414	0.02692	0.13462	0.01880	0.33384	0.02293	0.01621	0.05285	0.01390	0.01728	0.01062	0.00633	0.00727	0.00219	0.01027	0.00679	0.00364	0.01006
4	0.00905	0.00655	0.00846	0.00956	0.01030	0.00617	0.00654	0.01054	0.01416	0.01887	0.10034	0.51838	0.10403	0.08071	0.04322	0.00350	0.00496	0.03241	0.00641	0.00582
5	0.02096	0.04274	0.01877	0.13470	0.07740	0.06778	0.01306	0.15866	0.06233	0.16598	0.04361	0.02747	0.11643	0.00963	0.00721	0.00220	0.00729	0.00785	0.00607	0.00986
6	0.02561	0.05695	0.16051	0.01504	0.02138	0.04642	0.01440	0.11563	0.05356	0.36625	0.02210	0.02172	0.01510	0.00846	0.00698	0.00219	0.00758	0.02207	0.00675	0.01129
7	0.06469	0.01219	0.01627	0.01253	0.01799	0.01070	0.01035	0.03412	0.02003	0.68135	0.02732	0.02370	0.01720	0.00872	0.00704	0.00220	0.00604	0.00702	0.00863	0.01193
8	0.01748	0.01677	0.02864	0.06745	0.68272	0.01688	0.02178	0.02173	0.01615	0.02309	0.01337	0.01767	0.01122	0.00637	0.00705	0.00212	0.00849	0.00634	0.00351	0.01116
9	0.01727	0.01326	0.02170	0.53414	0.06564	0.01530	0.04603	0.04543	0.01613	0.13328	0.01546	0.01974	0.01104	0.00738	0.00718	0.00233	0.00894	0.00656	0.00427	0.00895
10	0.03060	0.01428	0.01786	0.01370	0.01926	0.01368	0.01131	0.21346	0.02400	0.52639	0.02505	0.02226	0.01610	0.00874	0.00715	0.00218	0.00655	0.00695	0.00835	0.01212
11	0.01018	0.00760	0.01131	0.01131	0.01253	0.00883	0.00873	0.01263	0.01140	0.01643	0.01920	0.02865	0.01810	0.07880	0.69654	0.01128	0.01863	0.00773	0.00383	0.00628
12	0.01461	0.01522	0.05305	0.52467	0.14875	0.05142	0.01953	0.01913	0.01486	0.01915	0.01383	0.04934	0.01135	0.00764	0.00714	0.00232	0.00932	0.00679	0.00339	0.00849
13	0.02432	0.02223	0.02111	0.02072	0.13273	0.21874	0.01433	0.29020	0.06243	0.06538	0.01834	0.01906	0.04149	0.00833	0.00698	0.00208	0.00897	0.00638	0.00562	0.01057
14	0.03195	0.01212	0.01652	0.01267	0.01818	0.01047	0.01047	0.03470	0.02038	0.71026	0.02809	0.02424	0.01763	0.00881	0.00716	0.00220	0.00606	0.00716	0.00881	0.01212
15	0.01864	0.01928	0.08361	0.05245	0.44118	0.05348	0.04212	0.06180	0.08970	0.04505	0.01555	0.01837	0.01227	0.00699	0.00707	0.00216	0.00860	0.00644	0.00424	0.01099
16	0.02165	0.07711	0.36311	0.01643	0.02435	0.01467	0.01847	0.02712	0.01719	0.29918	0.01949	0.02045	0.01346	0.00793	0.00686	0.00221	0.00840	0.02552	0.00546	0.01095
17	0.01253	0.02276	0.36068	0.01549	0.02197	0.01239	0.04525	0.01885	0.04071	0.02426	0.23129	0.03364	0.10951	0.01056	0.00755	0.00228	0.00740	0.00898	0.00509	0.00881
18	0.80005	0.01377	0.01047	0.00936	0.01377	0.01597	0.00771	0.02093	0.01212	0.03195	0.00991	0.01157	0.00771	0.00661	0.00441	0.00220	0.00551	0.00386	0.00441	0.00771
19	0.02480	0.11385	0.02226	0.01768	0.02131	0.58314	0.01374	0.02667	0.01874	0.01733	0.01074	0.01291	0.00918	0.00763	0.00766	0.00191	0.07396	0.00464	0.00355	0.00832
20	0.01405	0.01342	0.02177	0.56075	0.07096	0.01706	0.01903	0.01814	0.01366	0.01820	0.01203	0.01825	0.00954	0.00815	0.01036	0.00251	0.15462	0.00631	0.00317	0.00803
21	0.01720	0.01864	0.09846	0.16376	0.11689	0.01761	0.20326	0.11662	0.06780	0.02513	0.01524	0.01902	0.01166	0.00924	0.03861	0.00272	0.03709	0.00699	0.00421	0.00985
22	0.01428	0.03683	0.71286	0.02030	0.03082	0.01654	0.02631	0.02255	0.01503	0.02255	0.01278	0.01503	0.00902	0.00677	0.00677	0.00226	0.01052	0.00526	0.00301	0.01052
23	0.01449	0.03536	0.65684	0.02111	0.03135	0.01666	0.08085	0.02257	0.01518	0.02257	0.01291	0.01538	0.00917	0.00670	0.00690	0.00227	0.01065	0.00552	0.00306	0.01045
24	0.03195	0.01212	0.01652	0.01267	0.01818	0.01047	0.01047	0.03470	0.02038	0.71026	0.02809	0.02424	0.01763	0.00881	0.00716	0.00220	0.00606	0.00716	0.00881	0.01212
25	0.01386	0.01308	0.02211	0.66424	0.11420	0.01593	0.01998	0.01856	0.01443	0.01870	0.01273	0.01885	0.00967	0.00704	0.00711	0.00235	0.00939	0.00633	0.00320	0.00824
26	0.01237	0.00618	0.00928	0.00928	0.00928	0.00618	0.00618	0.00928	0.00928	0.01237	0.01237	0.02165	0.01237	0.02474	0.02783	0.79283	0.00618	0.00618	0.00309	0.00309
27	0.03170	0.01252	0.01677	0.01286	0.01838	0.01106	0.01062	0.06759	0.02105	0.67644	0.02753	0.02387	0.01735	0.00880	0.00716	0.00220	0.00615	0.00712	0.00873	0.01212
28	0.02660	0.03394	0.02018	0.01834	0.02201	0.72116	0.01376	0.02843	0.02018	0.01743	0.01101	0.01284	0.00917	0.00734	0.00642	0.00183	0.01284	0.00459	0.00367	0.00825
29	0.01243	0.01118	0.01086	0.01044	0.01214	0.11573	0.00762	0.01504	0.01861	0.02445	0.46039	0.14035	0.05281	0.06424	0.01007	0.00258	0.00515	0.01244	0.00680	0.00666
30	0.00867	0.00722	0.00757	0.00748	0.00977	0.00612	0.00561	0.01071	0.01683	0.02066	0.16828	0.06619	0.60541	0.01750	0.00841	0.00238	0.00357	0.01470	0.00680	0.00612
31	0.76035	0.01369	0.01078	0.00953	0.01400	0.01569	0.00785	0.02164	0.01255	0.06701	0.01085	0.01222	0.00822	0.00672	0.00455	0.00220	0.00554	0.00403	0.00463	0.00794
32	0.02009	0.65375	0.03493	0.01304	0.01880	0.12469	0.01240	0.02231	0.01526	0.01685	0.01005	0.01162	0.00914	0.00627	0.00483	0.00157	0.00834	0.00392	0.00313	0.00902
33	0.00869	0.00723	0.00764	0.00789	0.01009	0.00618	0.00600	0.01058	0.01607	0.01934	0.06704	0.11528	0.60293	0.01846	0.00858	0.00251	0.00389	0.06896	0.00661	0.00604
34	0.00927	0.00682	0.00909	0.01040	0.01084	0.00679	0.00719	0.01056	0.01345	0.01804	0.03669	0.63393	0.04365	0.06305	0.01140	0.00315	0.04166	0.05190	0.00630	0.00584
35	0.01762	0.01692	0.02890	0.04371	0.70533	0.01692	0.02185	0.02185	0.01621	0.02326	0.01339	0.01762	0.01128	0.00634	0.00705	0.00211	0.00846	0.00634	0.00352	0.01128
36	0.02531	0.08117	0.02210	0.02013	0.08118	0.61304	0.01436	0.02738	0.01945	0.01789	0.01114	0.01316	0.00935	0.00717	0.00635	0.00184	0.01211	0.00469	0.00361	0.00858
37	0.01404	0.03520	0.04095	0.55034	0.11378	0.01634	0.01924	0.01844	0.01425	0.01874	0.01336	0.04324	0.01094	0.00785	0.00811	0.00238	0.05449	0.00670	0.00331	0.00829
38	0.80005	0.01377	0.01047	0.00936	0.01377	0.01597	0.00771	0.02093	0.01212	0.03195	0.00991	0.01157	0.00771	0.00661	0.00441	0.00220	0.00551	0.00386	0.00441	0.00771
39	0.01474	0.10618	0.64753	0.01951	0.02961	0.01766	0.02494	0.02243	0.01498	0.02199	0.01250	0.01468	0.00903	0.00670	0.00655	0.00218	0.01024	0.00512	0.00301	0.01039
40	0.01017	0.00763	0.01144	0.01144	0.01272	0.00890	0.00890	0.01272	0.01144	0.01653	0.01907	0.02797	0.01780	0.05340	0.72153	0.01144	0.01907	0.00763	0.00381	0.00636
41	0.01010	0.00715	0.00902	0.00870	0.01035	0.00659	0.00647	0.01320	0.01899	0.02696	0.55377	0.09910	0.11187	0.01486	0.00818	0.00225	0.00343	0.01305	0.06934	0.00659
42	0.01469	0.10849	0.48055	0.02013	0.05324	0.01699	0.08906	0.02140	0.01548	0.02206	0.04489	0.01955	0.04760	0.00751	0.00686	0.00219	0.00962	0.00629	0.00348	0.00992
43	0.03174	0.01245	0.01673	0.01283	0.01834	0.01096	0.01060	0.06209	0.02094	0.68209	0.02763	0.02393	0.01739	0.00880	0.00716	0.00220	0.00613	0.00713	0.00874	0.01212
44	0.00882	0.00651	0.00861	0.03448	0.01159	0.00615	0.00695	0.01023	0.01390	0.01828	0.04140	0.65716	0.10684	0.02139	0.00896	0.00283	0.00427	0.01928	0.00649	0.00588
45	0.01807	0.01831	0.02672	0.14450	0.52489	0.10080	0.02057	0.02209	0.01639	0.02180	0.01300	0.01726	0.01076	0.00658	0.00698	0.00212	0.00914	0.00613	0.00349	0.01041
46	0.01237	0.00618	0.00928	0.00928	0.00928	0.00618	0.00618	0.00928	0.00928	0.01237	0.01237	0.02165	0.01237	0.02474	0.02783	0.79283	0.00618	0.00618	0.00309	0.00309
47	0.00940	0.00650	0.00805	0.00899	0.00922	0.00627	0.00562	0.01010	0.01222	0.01629	0.03201	0.44422	0.03796	0.33566	0.02079	0.00462	0.00533	0.01598	0.00562	0.00515
48	0.01358	0.06248	0.02177	0.64719	0.04500	0.01615	0.01859	0.01798	0.01422	0.01810	0.01382	0.05535	0.01138	0.00782	0.00705	0.00234	0.00909	0.00686	0.00333	0.00789
49	0.00891	0.00761	0.00841	0.00932	0.04502	0.00654	0.00636	0.01078	0.01598	0.01934	0.06604	0.13000	0.60529	0.01784	0.00841	0.00244	0.00390	0.01508	0.00646	0.00626
50	0.01904	0.75404	0.03731	0.01218	0.01828	0.02818	0.01218	0.02132	0.01447	0.01675	0.00990	0.01142	0.00914	0.00609	0.00457	0.00152	0.00761	0.00381	0.00305	0.00914
51	0.01017	0.00763	0.01144	0.01144	0.01272	0.00890	0.00890	0.01272	0.01144	0.01653	0.01907	0.02797	0.01780	0.05340	0.72153	0.01144	0.01907	0.00763	0.00381	0.00636
52	0.01748	0.48406	0.23866	0.01643	0.04612	0.02389	0.04498	0.02177	0.01480	0.01896	0.01107	0.01304	0.00925	0.00630	0.00547	0.00180	0.00870	0.00452	0.00307	0.00964
53	0.00894	0.00712	0.00802	0.00804	0.01000	0.00620	0.00594	0.01115	0.01712	0.02192	0.25785	0.13853	0.43908	0.01746	0.00848	0.00241	0.00359	0.01496	0.00698	0.00620
54	0.02509	0.01853	0.01978	0.01551	0.02075	0.02055	0.01270	0.56473	0.10579	0.04195	0.01884	0.01879	0.01360	0.00866	0.00699	0.00214	0.00728	0.00661	0.06005	0.01165
55	0.01387	0.01240	0.01331	0.01219	0.01474	0.09052	0.04251	0.08430	0.05324	0.02451	0.20143	0.20575	0.15365	0.01498	0.00819	0.00241	0.00577	0.03224	0.00651	0.00748

[dist]
# distance from previous block
# <min> <max>
0	1

[block]
# block no. 1 follows, 29 sequences, length 66
# corresponding to MSA columns:
# 65-130
name=unknown_B
#
# <colnr> <probs for GDERKNQSTAVLIFYWHMCP>
#	G	D	E	R	K	N	Q	S	T	A	V	L	I	F	Y	W	H	M	C	P
0	0.01133	0.00934	0.01381	0.04055	0.01525	0.01163	0.01059	0.01377	0.01145	0.01671	0.01697	0.02526	0.01587	0.04380	0.56068	0.00950	0.15582	0.00731	0.00366	0.00669
1	0.00868	0.00620	0.00826	0.00991	0.01033	0.00578	0.00661	0.00991	0.01363	0.01818	0.03925	0.74510	0.04710	0.02231	0.00909	0.00289	0.00413	0.02024	0.00661	0.00578
2	0.01648	0.01330	0.01555	0.01159	0.01727	0.01131	0.00929	0.09813	0.01699	0.04569	0.01489	0.05289	0.01278	0.00692	0.00643	0.00139	0.03303	0.00547	0.00479	0.60582
3	0.11991	0.08404	0.41913	0.01928	0.02787	0.01720	0.12908	0.02203	0.01488	0.02344	0.01244	0.01497	0.00923	0.00649	0.00647	0.00215	0.00959	0.00542	0.00336	0.05302
4	0.01743	0.01686	0.02920	0.06887	0.65115	0.01693	0.05094	0.02176	0.01617	0.02305	0.01341	0.01774	0.01119	0.00636	0.00711	0.00214	0.00866	0.00644	0.00351	0.01108
5	0.01661	0.15430	0.06265	0.02166	0.02587	0.02137	0.25599	0.02021	0.01389	0.01936	0.01143	0.01610	0.00982	0.00869	0.01374	0.00252	0.30717	0.00653	0.00327	0.00882
6	0.01019	0.00739	0.00967	0.04731	0.01301	0.00731	0.00773	0.04775	0.01497	0.02009	0.03695	0.60099	0.06049	0.02005	0.00873	0.00278	0.00464	0.03814	0.03552	0.00630
7	0.00866	0.00624	0.00822	0.00980	0.01030	0.00579	0.00656	0.00993	0.01374	0.01822	0.04058	0.71758	0.07376	0.02213	0.00906	0.00287	0.00411	0.02003	0.00661	0.00579
8	0.01625	0.01261	0.01492	0.01073	0.01699	0.00958	0.00861	0.01938	0.01525	0.08265	0.01399	0.01559	0.01116	0.00558	0.00544	0.00115	0.00534	0.00447	0.00462	0.72569
9	0.01979	0.01580	0.01688	0.01467	0.01901	0.01797	0.01156	0.13045	0.56296	0.06693	0.02722	0.02508	0.02014	0.00946	0.00722	0.00236	0.00597	0.00777	0.00731	0.01144
10	0.01327	0.00664	0.00664	0.00664	0.00830	0.00664	0.00498	0.01659	0.01493	0.02655	0.02323	0.02655	0.01825	0.00830	0.00498	0.00166	0.00332	0.00664	0.78928	0.00664
11	0.01681	0.01921	0.04202	0.03001	0.03721	0.01801	0.67947	0.02281	0.01681	0.02281	0.01441	0.01921	0.01080	0.00600	0.00840	0.00240	0.01200	0.00840	0.00360	0.00960
12	0.02757	0.01914	0.02087	0.01600	0.02168	0.02089	0.01322	0.61526	0.03214	0.11310	0.01822	0.01783	0.01268	0.00858	0.00713	0.00214	0.00765	0.00649	0.00730	0.01211
13	0.00886	0.00639	0.00842	0.00990	0.01053	0.00595	0.00680	0.01031	0.01415	0.01878	0.06564	0.65036	0.08113	0.02166	0.00907	0.00286	0.00420	0.05244	0.00665	0.00587
14	0.80005	0.01377	0.01047	0.00936	0.01377	0.01597	0.00771	0.02093	0.01212	0.03195	0.00991	0.01157	0.00771	0.00661	0.00441	0.00220	0.00551	0.00386	0.00441	0.00771
15	0.01428	0.03683	0.71286	0.02030	0.03082	0.01654	0.02631	0.02255	0.01503	0.02255	0.01278	0.01503	0.00902	0.00677	0.00677	0.00226	0.01052	0.00526	0.00301	0.01052
16	0.00954	0.00713	0.00890	0.00901	0.01063	0.00649	0.00672	0.01216	0.01784	0.02408	0.39419	0.18118	0.20775	0.01708	0.00862	0.00246	0.00377	0.05879	0.00725	0.00638
17	0.01069	0.00843	0.01243	0.01216	0.01326	0.01016	0.00953	0.01308	0.01147	0.01666	0.01879	0.05349	0.01799	0.04787	0.62026	0.01023	0.09520	0.00795	0.00384	0.00649
18	0.00882	0.00626	0.00822	0.00973	0.01011	0.00588	0.00641	0.00995	0.01335	0.01780	0.03781	0.68558	0.04529	0.08430	0.01140	0.00323	0.00437	0.01940	0.00641	0.00566
19	0.01345	0.01266	0.02136	0.73264	0.04904	0.01582	0.01978	0.01819	0.01424	0.01819	0.01266	0.01898	0.00949	0.00712	0.00712	0.00237	0.00949	0.00633	0.00316	0.00791
20	0.00867	0.00623	0.00822	0.00981	0.01030	0.00579	0.00657	0.00993	0.01373	0.01822	0.04048	0.71980	0.07161	0.02215	0.00906	0.00287	0.00411	0.02005	0.00661	0.00579
21	0.01514	0.02571	0.32801	0.02335	0.03074	0.01722	0.27885	0.02132	0.01513	0.02175	0.01434	0.05416	0.01171	0.00798	0.00961	0.00245	0.10211	0.00738	0.00344	0.00958
22	0.01728	0.33531	0.05339	0.11192	0.02409	0.06710	0.07194	0.02022	0.01426	0.01801	0.01164	0.01588	0.01029	0.03514	0.00997	0.00225	0.13804	0.00541	0.02935	0.00850
23	0.01039	0.00731	0.00909	0.00908	0.00940	0.00778	0.00586	0.01109	0.01081	0.01478	0.02218	0.08015	0.02468	0.52519	0.19248	0.00761	0.03273	0.01014	0.00429	0.00498
24	0.01713	0.02309	0.21061	0.05720	0.28237	0.04817	0.13025	0.04965	0.04216	0.02367	0.01397	0.01725	0.01084	0.00665	0.00712	0.00217	0.00958	0.00631	0.00370	0.03809
25	0.01860	0.43986	0.12294	0.01531	0.02089	0.11018	0.03574	0.02167	0.01482	0.01784	0.01077	0.01329	0.00946	0.00846	0.02860	0.00216	0.09259	0.00463	0.00317	0.00899
26	0.03195	0.01212	0.01652	0.01267	0.01818	0.01047	0.01047	0.03470	0.02038	0.71026	0.02809	0.02424	0.01763	0.00881	0.00716	0.00220	0.00606	0.00716	0.00881	0.01212
27	0.00868	0.00620	0.00826	0.00991	0.01033	0.00578	0.00661	0.00991	0.01363	0.01818	0.03925	0.74510	0.04710	0.02231	0.00909	0.00289	0.00413	0.02024	0.00661	0.00578
28	0.01225	0.01090	0.01064	0.01021	0.01259	0.06929	0.00762	0.04103	0.10283	0.02219	0.13548	0.12827	0.31416	0.04187	0.04569	0.00299	0.00574	0.01270	0.00640	0.00713
29	0.01085	0.00792	0.01095	0.01076	0.01190	0.00892	0.00799	0.03729	0.01201	0.01695	0.01979	0.03197	0.01950	0.21633	0.53270	0.01002	0.01577	0.00823	0.00406	0.00609
30	0.01681	0.01921	0.04202	0.03001	0.03721	0.01801	0.67947	0.02281	0.01681	0.02281	0.01441	0.01921	0.01080	0.00600	0.00840	0.00240	0.01200	0.00840	0.00360	0.00960
31	0.01758	0.01705	0.02963	0.04295	0.66819	0.01698	0.05841	0.02191	0.01625	0.02324	0.01345	0.01771	0.01125	0.00633	0.00712	0.00213	0.00866	0.00646	0.00353	0.01119
32	0.01684	0.01707	0.06231	0.03945	0.60165	0.01603	0.02104	0.02118	0.01617	0.02303	0.01579	0.02376	0.01413	0.00770	0.00731	0.00224	0.00838	0.07136	0.00380	0.01077
33	0.01558	0.01558	0.02181	0.01869	0.01869	0.02181	0.01558	0.01714	0.01091	0.01714	0.00935	0.01558	0.00935	0.01246	0.02337	0.00312	0.73672	0.00623	0.00312	0.00779
34	0.00868	0.00620	0.00826	0.00991	0.01033	0.00578	0.00661	0.00991	0.01363	0.01818	0.03925	0.74510	0.04710	0.02231	0.00909	0.00289	0.00413	0.02024	0.00661	0.00578
35	0.01506	0.06611	0.46656	0.02277	0.06811	0.01697	0.15711	0.02207	0.01551	0.02229	0.01437	0.01944	0.01127	0.00726	0.00717	0.00230	0.01035	0.04182	0.00335	0.01009
36	0.00868	0.00620	0.00826	0.00991	0.01033	0.00578	0.00661	0.00991	0.01363	0.01818	0.03925	0.74510	0.04710	0.02231	0.00909	0.00289	0.00413	0.02024	0.00661	0.00578
37	0.03195	0.01212	0.01652	0.01267	0.01818	0.01047	0.01047	0.03470	0.02038	0.71026	0.02809	0.02424	0.01763	0.00881	0.00716	0.00220	0.00606	0.00716	0.00881	0.01212
38	0.01641	0.02094	0.18240	0.11409	0.48106	0.01671	0.02263	0.02161	0.01573	0.02255	0.01317	0.01719	0.01057	0.00652	0.00699	0.00217	0.00904	0.00610	0.00337	0.01074
39	0.01858	0.50316	0.20539	0.01483	0.02179	0.09325	0.01589	0.02233	0.01517	0.01828	0.01073	0.01247	0.00911	0.00638	0.00530	0.00174	0.00886	0.00425	0.00310	0.00940
40	0.02569	0.01891	0.14475	0.01632	0.05610	0.05122	0.01437	0.10908	0.04591	0.37889	0.04974	0.02201	0.01678	0.00847	0.00709	0.00219	0.00745	0.00681	0.00691	0.01133
41	0.02480	0.11331	0.05802	0.01862	0.04831	0.53983	0.01452	0.06491	0.01989	0.01943	0.01142	0.01322	0.00941	0.00720	0.00630	0.00185	0.01168	0.00471	0.00376	0.00881
42	0.01932	0.72730	0.03668	0.01241	0.01841	0.05390	0.01224	0.02159	0.01468	0.01678	0.00994	0.01148	0.00914	0.00614	0.00464	0.00153	0.00781	0.00384	0.00307	0.00911
43	0.00988	0.00765	0.00914	0.00996	0.01129	0.00745	0.00700	0.01381	0.10492	0.02027	0.06572	0.49353	0.17358	0.01953	0.00869	0.00271	0.00420	0.01735	0.00673	0.00659
44	0.01193	0.00776	0.00969	0.00892	0.01117	0.00693	0.00679	0.01485	0.01924	0.09631	0.48222	0.05388	0.21370	0.01480	0.00828	0.00228	0.00370	0.01280	0.00765	0.00710
45	0.01428	0.03683	0.71286	0.02030	0.03082	0.01654	0.02631	0.02255	0.01503	0.02255	0.01278	0.01503	0.00902	0.00677	0.00677	0.00226	0.01052	0.00526	0.00301	0.01052
46	0.01673	0.02020	0.08966	0.03112	0.12588	0.01775	0.54365	0.02266	0.01660	0.02285	0.01415	0.01869	0.01074	0.00610	0.00810	0.00235	0.01142	0.00790	0.00355	0.00990
47	0.01681	0.01921	0.04202	0.03001	0.03721	0.01801	0.67947	0.02281	0.01681	0.02281	0.01441	0.01921	0.01080	0.00600	0.00840	0.00240	0.01200	0.00840	0.00360	0.00960
48	0.01345	0.01266	0.02136	0.73264	0.04904	0.01582	0.01978	0.01819	0.01424	0.01819	0.01266	0.01898	0.00949	0.00712	0.00712	0.00237	0.00949	0.00633	0.00316	0.00791
49	0.03195	0.01212	0.01652	0.01267	0.01818	0.01047	0.01047	0.03470	0.02038	0.71026	0.02809	0.02424	0.01763	0.00881	0.00716	0.00220	0.00606	0.00716	0.00881	0.01212
50	0.02305	0.01947	0.01750	0.01456	0.01883	0.15799	0.01157	0.33907	0.10535	0.03387	0.01854	0.01930	0.01392	0.00839	0.00656	0.00201	0.00765	0.00629	0.16595	0.01012
51	0.01771	0.01530	0.01610	0.01449	0.01852	0.01771	0.01127	0.03784	0.69247	0.02979	0.02898	0.02657	0.02174	0.00966	0.00725	0.00242	0.00564	0.00805	0.00725	0.01127
52	0.01681	0.01921	0.04202	0.03001	0.03721	0.01801	0.67947	0.02281	0.01681	0.02281	0.01441	0.01921	0.01080	0.00600	0.00840	0.00240	0.01200	0.00840	0.00360	0.00960
53	0.00868	0.00620	0.00826	0.00991	0.01033	0.00578	0.00661	0.00991	0.01363	0.01818	0.03925	0.74510	0.04710	0.02231	0.00909	0.00289	0.00413	0.02024	0.00661	0.00578
54	0.76067	0.01369	0.01078	0.00953	0.01400	0.01569	0.00785	0.02164	0.01254	0.06673	0.01085	0.01222	0.00822	0.00672	0.00455	0.00220	0.00554	0.00403	0.00463	0.00794
55	0.01345	0.01266	0.02136	0.73264	0.04904	0.01582	0.01978	0.01819	0.01424	0.01819	0.01266	0.01898	0.00949	0.00712	0.00712	0.00237	0.00949	0.00633	0.00316	0.00791
56	0.01771	0.01530	0.01610	0.01449	0.01852	0.01771	0.01127	0.03784	0.69247	0.02979	0.02898	0.02657	0.02174	0.00966	0.00725	0.00242	0.00564	0.00805	0.00725	0.01127
57	0.01017	0.00763	0.01144	0.01144	0.01272	0.00890	0.00890	0.01272	0.01144	0.01653	0.01907	0.02797	0.01780	0.05340	0.72153	0.01144	0.01907	0.00763	0.00381	0.00636
58	0.01504	0.01479	0.02078	0.01798	0.01810	0.02053	0.01492	0.01670	0.01096	0.01708	0.01031	0.01681	0.01019	0.01652	0.09256	0.00394	0.66560	0.00637	0.00319	0.00765
59	0.01454	0.07634	0.67564	0.01985	0.03013	0.01718	0.02553	0.02248	0.01500	0.02223	0.01262	0.01483	0.00903	0.00673	0.00664	0.00221	0.01036	0.00518	0.00301	0.01045
60	0.01030	0.00798	0.01046	0.01231	0.05065	0.00752	0.00917	0.01277	0.01580	0.02015	0.04766	0.20113	0.25210	0.01891	0.00908	0.00286	0.00525	0.29297	0.00642	0.00650
61	0.01035	0.00694	0.00797	0.00797	0.00804	0.00701	0.00457	0.01049	0.01042	0.01396	0.02225	0.04557	0.02544	0.71139	0.07400	0.00715	0.00757	0.01020	0.00429	0.00443
62	0.01214	0.00887	0.01078	0.01118	0.01262	0.00899	0.00796	0.12614	0.04008	0.02315	0.03510	0.59577	0.04023	0.01952	0.00869	0.00275	0.00482	0.01746	0.00672	0.00706
63	0.01675	0.01570	0.02583	0.24478	0.45555	0.01682	0.02046	0.04617	0.04627	0.02286	0.01401	0.01840	0.01125	0.00680	0.00708	0.00221	0.00862	0.00642	0.00372	0.01032
64	0.02643	0.01970	0.02139	0.01651	0.02189	0.02207	0.01365	0.64465	0.03222	0.04333	0.01667	0.01701	0.01196	0.00877	0.00803	0.00219	0.04836	0.00640	0.00690	0.01187
65	0.01689	0.37400	0.33106	0.01558	0.02335	0.02131	0.01801	0.02187	0.01523	0.04300	0.04987	0.01573	0.01257	0.00694	0.00583	0.00191	0.00860	0.00506	0.00348	0.00971

[dist]
# distance from previous block
# <min> <max>
0	1

[block]
# block no. 2 follows, 29 sequences, length 30
# corresponding to MSA columns:
# 132-161
name=unknown_C
#
# <colnr> <probs for GDERKNQSTAVLIFYWHMCP>
#	G	D	E	R	K	N	Q	S	T	A	V	L	I	F	Y	W	H	M	C	P
0	0.01879	0.71677	0.07241	0.01261	0.01893	0.02757	0.01292	0.02139	0.01450	0.01705	0.01005	0.01161	0.00913	0.00613	0.00468	0.00156	0.00777	0.00388	0.00304	0.00921
1	0.01489	0.01388	0.01891	0.01640	0.01676	0.01885	0.01356	0.01671	0.01175	0.01859	0.01446	0.01978	0.04514	0.01214	0.01999	0.00287	0.59532	0.00673	0.11572	0.00754
2	0.01644	0.22615	0.06208	0.01386	0.01779	0.06973	0.04612	0.07237	0.03736	0.02047	0.01654	0.05960	0.01533	0.07188	0.14937	0.00420	0.04182	0.00691	0.04377	0.00822
3	0.02816	0.01819	0.02029	0.01555	0.02121	0.01948	0.01285	0.53678	0.03055	0.19382	0.01956	0.01869	0.01334	0.00861	0.00713	0.00215	0.00744	0.00658	0.00750	0.01211
4	0.01058	0.00740	0.00896	0.00862	0.01055	0.00662	0.00638	0.01308	0.01794	0.05948	0.37968	0.11409	0.26510	0.04796	0.00961	0.00255	0.00380	0.01378	0.00724	0.00659
5	0.01477	0.01503	0.02819	0.44822	0.06863	0.01686	0.22780	0.01973	0.01495	0.01979	0.01307	0.01883	0.00997	0.00701	0.00835	0.00241	0.04753	0.00698	0.00331	0.00857
6	0.02602	0.02995	0.02106	0.01987	0.07329	0.53301	0.01432	0.15437	0.02246	0.02318	0.01236	0.01402	0.00990	0.00750	0.00660	0.00191	0.01154	0.00507	0.00433	0.00923
7	0.03195	0.01212	0.01652	0.01267	0.01818	0.01047	0.01047	0.03470	0.02038	0.71026	0.02809	0.02424	0.01763	0.00881	0.00716	0.00220	0.00606	0.00716	0.00881	0.01212
8	0.01695	0.01623	0.02768	0.15515	0.59917	0.01674	0.02152	0.02126	0.01589	0.02244	0.01327	0.01784	0.01099	0.00647	0.00706	0.00216	0.00863	0.00634	0.00347	0.01073
9	0.01738	0.01839	0.07930	0.04198	0.65563	0.01689	0.02218	0.02190	0.01613	0.02321	0.01335	0.01743	0.01111	0.00638	0.00703	0.00213	0.00861	0.00626	0.00349	0.01122
10	0.01017	0.00763	0.01144	0.01144	0.01272	0.00890	0.00890	0.01272	0.01144	0.01653	0.01907	0.02797	0.01780	0.05340	0.72153	0.01144	0.01907	0.00763	0.00381	0.00636
11	0.01036	0.00690	0.00777	0.00777	0.00777	0.00690	0.00431	0.01036	0.01036	0.01381	0.02244	0.04660	0.02589	0.74975	0.03624	0.00690	0.00690	0.01036	0.00431	0.00431
12	0.01739	0.01728	0.02637	0.14576	0.52962	0.07111	0.02038	0.02143	0.01622	0.02191	0.01499	0.01910	0.03311	0.00692	0.00706	0.00214	0.00880	0.00649	0.00358	0.01036
13	0.01893	0.01428	0.01820	0.01786	0.11567	0.01502	0.04543	0.29487	0.02305	0.03232	0.05813	0.13862	0.02162	0.01061	0.00720	0.00219	0.00652	0.00913	0.14074	0.00961
14	0.03112	0.01345	0.01735	0.01330	0.01884	0.01244	0.01099	0.14453	0.02260	0.59729	0.02623	0.02302	0.01669	0.00877	0.00715	0.00219	0.00636	0.00703	0.00853	0.01212
15	0.01102	0.00787	0.01095	0.01260	0.01404	0.00781	0.01069	0.01397	0.01595	0.02080	0.03795	0.18786	0.04197	0.02010	0.00971	0.00322	0.00616	0.55434	0.00657	0.00643
16	0.01931	0.12302	0.17837	0.07102	0.24934	0.13421	0.01922	0.05709	0.01729	0.04768	0.01309	0.01574	0.01031	0.00682	0.00656	0.00204	0.00947	0.00551	0.00373	0.01019
17	0.00868	0.00620	0.00826	0.00991	0.01033	0.00578	0.00661	0.00991	0.01363	0.01818	0.03925	0.74510	0.04710	0.02231	0.00909	0.00289	0.00413	0.02024	0.00661	0.00578
18	0.03195	0.01212	0.01652	0.01267	0.01818	0.01047	0.01047	0.03470	0.02038	0.71026	0.02809	0.02424	0.01763	0.00881	0.00716	0.00220	0.00606	0.00716	0.00881	0.01212
19	0.01619	0.01862	0.08418	0.06723	0.22950	0.01663	0.35689	0.02158	0.01662	0.02312	0.06498	0.02095	0.01494	0.00685	0.00782	0.00229	0.01010	0.00780	0.00383	0.00986
20	0.01810	0.01494	0.03297	0.01478	0.04926	0.03596	0.01117	0.08087	0.38420	0.08277	0.06837	0.03084	0.08228	0.05030	0.00892	0.00257	0.00607	0.00862	0.00680	0.01020
21	0.00883	0.00642	0.00833	0.00957	0.01031	0.00592	0.00652	0.01038	0.01466	0.01955	0.12426	0.60326	0.10372	0.02099	0.00895	0.00277	0.00399	0.01890	0.00676	0.00592
22	0.01699	0.01619	0.02750	0.09296	0.62679	0.01639	0.02104	0.02122	0.01624	0.02312	0.04324	0.01927	0.01358	0.00676	0.00711	0.00214	0.00831	0.00663	0.00369	0.01083
23	0.01547	0.13920	0.45547	0.02309	0.15609	0.01798	0.02261	0.02189	0.01537	0.02205	0.03857	0.01643	0.01167	0.00688	0.00655	0.00212	0.00943	0.00554	0.00329	0.01032
24	0.02389	0.02918	0.02107	0.02164	0.11909	0.54657	0.01477	0.02609	0.01867	0.01820	0.01167	0.01444	0.00992	0.00980	0.04358	0.00243	0.05172	0.00508	0.00363	0.00857
25	0.01439	0.01197	0.01404	0.01074	0.01608	0.00952	0.00840	0.04969	0.01551	0.02347	0.01718	0.13302	0.01654	0.00819	0.00598	0.00141	0.00522	0.00692	0.00475	0.62699
26	0.01617	0.01404	0.01967	0.04089	0.02157	0.01174	0.11432	0.05322	0.01619	0.04403	0.01361	0.01601	0.01083	0.00573	0.00598	0.00140	0.00664	0.00515	0.00437	0.57845
27	0.02125	0.05743	0.01954	0.01614	0.05657	0.16462	0.01219	0.21757	0.10484	0.02923	0.06628	0.01931	0.01623	0.00799	0.00659	0.00187	0.00781	0.00614	0.00550	0.16291
28	0.13543	0.05120	0.02017	0.01806	0.07520	0.28346	0.01329	0.17569	0.05746	0.04735	0.01378	0.01518	0.01074	0.00781	0.00720	0.00207	0.04611	0.00536	0.00485	0.00959
29	0.06056	0.07414	0.10623	0.05294	0.39772	0.03968	0.06770	0.07438	0.01721	0.02453	0.01315	0.01651	0.01059	0.00659	0.00678	0.00211	0.00884	0.00600	0.00376	0.01060

[dist]
# distance from previous block
# <min> <max>
0	2

[block]
# block no. 3 follows, 29 sequences, length 335
# corresponding to MSA columns:
# 164-498
name=unknown_D
#
# <colnr> <probs for GDERKNQSTAVLIFYWHMCP>
#	G	D	E	R	K	N	Q	S	T	A	V	L	I	F	Y	W	H	M	C	P
0	0.11008	0.01949	0.01953	0.01540	0.02062	0.05903	0.01256	0.53313	0.05036	0.04053	0.01652	0.01748	0.01220	0.03140	0.00770	0.00228	0.00776	0.00621	0.00656	0.01115
1	0.01036	0.00690	0.00777	0.00777	0.00777	0.00690	0.00431	0.01036	0.01036	0.01381	0.02244	0.04660	0.02589	0.74975	0.03624	0.00690	0.00690	0.01036	0.00431	0.00431
2	0.00895	0.00662	0.00865	0.02852	0.01131	0.00619	0.00684	0.01062	0.01478	0.01964	0.12799	0.56188	0.12082	0.02043	0.00887	0.00274	0.00411	0.01835	0.00668	0.00599
3	0.01702	0.02052	0.15268	0.03947	0.58326	0.01685	0.02266	0.02198	0.01600	0.02313	0.01328	0.01715	0.01087	0.00642	0.00700	0.00214	0.00883	0.00615	0.00343	0.01114
4	0.01428	0.03683	0.71286	0.02030	0.03082	0.01654	0.02631	0.02255	0.01503	0.02255	0.01278	0.01503	0.00902	0.00677	0.00677	0.00226	0.01052	0.00526	0.00301	0.01052
5	0.01018	0.00761	0.01134	0.01134	0.01257	0.00884	0.00877	0.01265	0.01141	0.01645	0.01917	0.02851	0.01803	0.07331	0.70194	0.01131	0.01873	0.00771	0.00383	0.00630
6	0.00850	0.00722	0.00733	0.00730	0.00967	0.00605	0.00547	0.01038	0.01642	0.01969	0.10286	0.06778	0.67144	0.01786	0.00841	0.00240	0.00359	0.01492	0.00667	0.00605
7	0.02041	0.62371	0.03421	0.01330	0.01895	0.15359	0.01247	0.02261	0.01550	0.01687	0.01010	0.01168	0.00914	0.00632	0.00490	0.00158	0.00856	0.00395	0.00316	0.00898
8	0.03195	0.01212	0.01652	0.01267	0.01818	0.01047	0.01047	0.03470	0.02038	0.71026	0.02809	0.02424	0.01763	0.00881	0.00716	0.00220	0.00606	0.00716	0.00881	0.01212
9	0.01388	0.01308	0.01855	0.01641	0.01681	0.01775	0.01348	0.01575	0.01107	0.01695	0.01241	0.01948	0.01201	0.02535	0.24309	0.00574	0.51087	0.00667	0.00334	0.00734
10	0.02660	0.03394	0.02018	0.01834	0.02201	0.72116	0.01376	0.02843	0.02018	0.01743	0.01101	0.01284	0.00917	0.00734	0.00642	0.00183	0.01284	0.00459	0.00367	0.00825
11	0.02660	0.03394	0.02018	0.01834	0.02201	0.72116	0.01376	0.02843	0.02018	0.01743	0.01101	0.01284	0.00917	0.00734	0.00642	0.00183	0.01284	0.00459	0.00367	0.00825
12	0.00853	0.00710	0.00745	0.00760	0.00975	0.00602	0.00561	0.01035	0.01614	0.01958	0.09996	0.14275	0.59804	0.01833	0.00849	0.00245	0.00365	0.01550	0.00667	0.00602
13	0.80005	0.01377	0.01047	0.00936	0.01377	0.01597	0.00771	0.02093	0.01212	0.03195	0.00991	0.01157	0.00771	0.00661	0.00441	0.00220	0.00551	0.00386	0.00441	0.00771
14	0.01121	0.00801	0.01118	0.01282	0.01434	0.00797	0.01102	0.01430	0.01614	0.02102	0.03785	0.14218	0.04155	0.01992	0.00977	0.00324	0.00633	0.59811	0.00656	0.00648
15	0.00881	0.00630	0.00838	0.00983	0.01036	0.00587	0.00662	0.01024	0.01424	0.01914	0.10054	0.68107	0.04896	0.02159	0.00902	0.00283	0.00406	0.01956	0.00672	0.00587
16	0.01536	0.16514	0.53372	0.01965	0.02909	0.01877	0.07913	0.02235	0.01508	0.02152	0.01240	0.01473	0.00919	0.00658	0.00651	0.00213	0.01012	0.00526	0.00306	0.01019
17	0.01022	0.00763	0.01022	0.05003	0.01398	0.00745	0.00894	0.01279	0.01598	0.02098	0.14373	0.23108	0.13800	0.04105	0.00989	0.00296	0.00523	0.25699	0.00652	0.00632
18	0.01889	0.73243	0.05766	0.01243	0.01865	0.02782	0.01261	0.02136	0.01449	0.01693	0.00999	0.01153	0.00913	0.00611	0.00464	0.00155	0.00770	0.00385	0.00304	0.00918
19	0.00905	0.00665	0.00916	0.05426	0.01284	0.00647	0.00757	0.01057	0.01376	0.01828	0.03757	0.67999	0.04460	0.02130	0.00899	0.00287	0.00453	0.03919	0.00640	0.00594
20	0.04266	0.63312	0.12870	0.01320	0.01985	0.02621	0.01397	0.02148	0.01447	0.01802	0.01029	0.01192	0.00908	0.00620	0.00486	0.00164	0.00795	0.00401	0.00308	0.00928
21	0.02660	0.03394	0.02018	0.01834	0.02201	0.72116	0.01376	0.02843	0.02018	0.01743	0.01101	0.01284	0.00917	0.00734	0.00642	0.00183	0.01284	0.00459	0.00367	0.00825
22	0.00995	0.00744	0.00939	0.00980	0.01124	0.00657	0.00670	0.01141	0.01349	0.01863	0.03267	0.53981	0.03826	0.09537	0.01124	0.00298	0.00463	0.01631	0.00594	0.14815
23	0.07060	0.20652	0.34900	0.01923	0.08672	0.01964	0.01956	0.02130	0.01453	0.02148	0.02996	0.01521	0.01075	0.00732	0.00775	0.00214	0.08010	0.00520	0.00330	0.00969
24	0.01818	0.05626	0.53479	0.01847	0.02774	0.01607	0.02242	0.05222	0.01675	0.14775	0.01563	0.01666	0.01071	0.00719	0.00678	0.00222	0.00950	0.00560	0.00423	0.01083
25	0.03195	0.01212	0.01652	0.01267	0.01818	0.01047	0.01047	0.03470	0.02038	0.71026	0.02809	0.02424	0.01763	0.00881	0.00716	0.00220	0.00606	0.00716	0.00881	0.01212
26	0.01412	0.02145	0.27352	0.14334	0.09915	0.01459	0.09880	0.01963	0.01496	0.02172	0.01684	0.09510	0.01458	0.00866	0.00758	0.00231	0.02963	0.00770	0.08730	0.00905
27	0.01845	0.04549	0.05682	0.07433	0.50368	0.08207	0.02015	0.04534	0.04313	0.02318	0.01371	0.01725	0.01125	0.00669	0.00690	0.00210	0.00885	0.00611	0.00375	0.01074
28	0.00910	0.00746	0.00788	0.00789	0.01005	0.00656	0.00590	0.01143	0.03397	0.01981	0.10710	0.06525	0.55070	0.07725	0.01073	0.00281	0.00407	0.04944	0.00652	0.00609
29	0.00878	0.00624	0.00823	0.00978	0.01017	0.00585	0.00647	0.00994	0.01343	0.01791	0.03822	0.70234	0.04580	0.06684	0.01075	0.00314	0.00430	0.01964	0.00647	0.00569
30	0.01915	0.01694	0.04287	0.01789	0.09188	0.03922	0.01317	0.13407	0.40903	0.04716	0.02596	0.02663	0.03944	0.00959	0.00730	0.00234	0.00666	0.03319	0.00656	0.01096
31	0.01681	0.01823	0.08393	0.11204	0.44552	0.04571	0.01983	0.02278	0.08219	0.02284	0.01755	0.02071	0.04556	0.00740	0.00709	0.00219	0.00842	0.00677	0.00396	0.01046
32	0.75303	0.01367	0.01084	0.00957	0.01404	0.01564	0.00788	0.02177	0.01262	0.07347	0.01103	0.01234	0.00832	0.00674	0.00458	0.00220	0.00554	0.00406	0.00468	0.00798
33	0.00868	0.00620	0.00826	0.00991	0.01033	0.00578	0.00661	0.00991	0.01363	0.01818	0.03925	0.74510	0.04710	0.02231	0.00909	0.00289	0.00413	0.02024	0.00661	0.00578
34	0.01623	0.09957	0.23799	0.05493	0.13363	0.01749	0.22752	0.02196	0.01613	0.03950	0.05563	0.01909	0.01373	0.00693	0.00722	0.00221	0.00978	0.00682	0.00372	0.00990
35	0.00842	0.00721	0.00721	0.00721	0.00962	0.00601	0.00541	0.01022	0.01623	0.01924	0.07213	0.06853	0.70244	0.01803	0.00842	0.00240	0.00361	0.01503	0.00661	0.00601
36	0.01327	0.00664	0.00664	0.00664	0.00830	0.00664	0.00498	0.01659	0.01493	0.02655	0.02323	0.02655	0.01825	0.00830	0.00498	0.00166	0.00332	0.00664	0.78928	0.00664
37	0.01919	0.62963	0.08572	0.01322	0.01933	0.04740	0.01335	0.02189	0.01474	0.03883	0.01069	0.01228	0.00940	0.00649	0.00554	0.00166	0.03400	0.00413	0.00324	0.00926
38	0.01501	0.12294	0.58967	0.01990	0.02969	0.01804	0.06458	0.02242	0.01507	0.02186	0.01253	0.01485	0.00914	0.00664	0.00660	0.00217	0.01026	0.00528	0.00305	0.01030
39	0.01436	0.03628	0.69201	0.02060	0.03102	0.01658	0.04661	0.02256	0.01509	0.02256	0.01283	0.01516	0.00908	0.00674	0.00682	0.00226	0.01057	0.00536	0.00303	0.01049
40	0.01428	0.03683	0.71286	0.02030	0.03082	0.01654	0.02631	0.02255	0.01503	0.02255	0.01278	0.01503	0.00902	0.00677	0.00677	0.00226	0.01052	0.00526	0.00301	0.01052
41	0.00999	0.00725	0.00941	0.00893	0.01060	0.00667	0.00667	0.01324	0.01985	0.02796	0.66280	0.07338	0.08672	0.01489	0.00842	0.00226	0.00339	0.01316	0.00776	0.00667
42	0.02171	0.07705	0.04188	0.09449	0.07222	0.12421	0.01370	0.17814	0.03935	0.12761	0.05910	0.02452	0.05723	0.00911	0.00704	0.00214	0.00803	0.02693	0.00570	0.00986
43	0.01489	0.05395	0.59558	0.05878	0.03075	0.01644	0.04478	0.02243	0.01532	0.04346	0.03083	0.01653	0.01086	0.00700	0.00683	0.00224	0.01011	0.00563	0.00334	0.01026
44	0.01677	0.33555	0.02374	0.01262	0.01627	0.13938	0.01073	0.01884	0.01430	0.01669	0.01504	0.05864	0.01470	0.06934	0.20357	0.00472	0.01141	0.00632	0.00364	0.00772
45	0.01876	0.73078	0.03651	0.01216	0.01810	0.02757	0.01208	0.02105	0.01437	0.01675	0.01019	0.01194	0.00941	0.00757	0.02691	0.00183	0.00797	0.00393	0.00307	0.00905
46	0.02137	0.61976	0.03355	0.01227	0.01826	0.02497	0.01187	0.02374	0.01554	0.14226	0.01319	0.01374	0.01067	0.00658	0.00504	0.00165	0.00733	0.00441	0.00409	0.00968
47	0.50016	0.01296	0.01226	0.01053	0.01504	0.01394	0.00865	0.02479	0.04783	0.21150	0.01905	0.02019	0.03952	0.00823	0.00562	0.00226	0.00562	0.02700	0.00588	0.00895
48	0.01345	0.01266	0.02136	0.73264	0.04904	0.01582	0.01978	0.01819	0.01424	0.01819	0.01266	0.01898	0.00949	0.00712	0.00712	0.00237	0.00949	0.00633	0.00316	0.00791
49	0.02620	0.01951	0.02088	0.01621	0.02175	0.02168	0.01332	0.62201	0.09447	0.04348	0.01820	0.01797	0.01300	0.00865	0.00713	0.00216	0.00763	0.00656	0.00713	0.01203
50	0.01345	0.01266	0.02136	0.73264	0.04904	0.01582	0.01978	0.01819	0.01424	0.01819	0.01266	0.01898	0.00949	0.00712	0.00712	0.00237	0.00949	0.00633	0.00316	0.00791
51	0.00868	0.00620	0.00826	0.00991	0.01033	0.00578	0.00661	0.00991	0.01363	0.01818	0.03925	0.74510	0.04710	0.02231	0.00909	0.00289	0.00413	0.02024	0.00661	0.00578
52	0.01558	0.01558	0.02181	0.01869	0.01869	0.02181	0.01558	0.01714	0.01091	0.01714	0.00935	0.01558	0.00935	0.01246	0.02337	0.00312	0.73672	0.00623	0.00312	0.00779
53	0.01558	0.01558	0.02181	0.01869	0.01869	0.02181	0.01558	0.01714	0.01091	0.01714	0.00935	0.01558	0.00935	0.01246	0.02337	0.00312	0.73672	0.00623	0.00312	0.00779
54	0.02660	0.03394	0.02018	0.01834	0.02201	0.72116	0.01376	0.02843	0.02018	0.01743	0.01101	0.01284	0.00917	0.00734	0.00642	0.00183	0.01284	0.00459	0.00367	0.00825
55	0.00868	0.00620	0.00826	0.00991	0.01033	0.00578	0.00661	0.00991	0.01363	0.01818	0.03925	0.74510	0.04710	0.02231	0.00909	0.00289	0.00413	0.02024	0.00661	0.00578
56	0.80005	0.01377	0.01047	0.00936	0.01377	0.01597	0.00771	0.02093	0.01212	0.03195	0.00991	0.01157	0.00771	0.00661	0.00441	0.00220	0.00551	0.00386	0.00441	0.00771
57	0.02418	0.02828	0.01976	0.03921	0.06341	0.51770	0.01362	0.08246	0.04148	0.02021	0.01291	0.01607	0.01090	0.04511	0.00872	0.02675	0.01132	0.00535	0.00407	0.00850
58	0.01008	0.00728	0.00952	0.00896	0.01064	0.00672	0.00672	0.01344	0.02016	0.02855	0.70158	0.05319	0.06719	0.01456	0.00840	0.00224	0.00336	0.01288	0.00784	0.00672
59	0.01020	0.00753	0.01092	0.01092	0.01201	0.00862	0.00825	0.01238	0.01129	0.01614	0.01955	0.03061	0.01895	0.15198	0.62452	0.01080	0.01735	0.00802	0.00389	0.00607
60	0.01242	0.00960	0.01190	0.01265	0.01477	0.01004	0.01041	0.01941	0.17894	0.02283	0.03818	0.14720	0.08310	0.01746	0.00902	0.00296	0.00584	0.37897	0.00673	0.00756
61	0.05869	0.03278	0.58960	0.02031	0.06270	0.01608	0.02392	0.02331	0.01532	0.07312	0.01377	0.01564	0.00969	0.00688	0.00668	0.00224	0.00982	0.00538	0.00353	0.01052
62	0.00888	0.00648	0.00883	0.04117	0.01200	0.00622	0.00718	0.01027	0.01366	0.01818	0.03810	0.71371	0.04547	0.02165	0.00900	0.00287	0.00436	0.01964	0.00646	0.00588
63	0.01333	0.01238	0.02075	0.68859	0.04694	0.01535	0.01927	0.01798	0.01437	0.01838	0.01419	0.02274	0.01142	0.00789	0.00729	0.00243	0.00931	0.04619	0.00337	0.00783
64	0.01631	0.01615	0.07790	0.05918	0.20665	0.05190	0.01571	0.11646	0.01897	0.02544	0.07713	0.08335	0.02511	0.01175	0.00793	0.00247	0.00767	0.16550	0.00529	0.00912
65	0.01225	0.00624	0.00931	0.00940	0.00946	0.00623	0.00635	0.00945	0.00959	0.01277	0.01377	0.04173	0.01407	0.02453	0.02684	0.75023	0.00614	0.02508	0.00328	0.00326
66	0.02075	0.38449	0.13979	0.01631	0.04844	0.15504	0.01521	0.08786	0.01771	0.03815	0.01187	0.01339	0.00971	0.00675	0.00568	0.00180	0.00908	0.00463	0.00372	0.00964
67	0.01694	0.07167	0.31494	0.02973	0.31124	0.06854	0.04289	0.02262	0.01592	0.02213	0.01278	0.01586	0.01004	0.00657	0.00678	0.00213	0.00970	0.00567	0.00329	0.01056
68	0.03180	0.01235	0.01667	0.01278	0.01829	0.01082	0.01056	0.05419	0.02078	0.69022	0.02776	0.02402	0.01746	0.00881	0.00716	0.00220	0.00611	0.00714	0.00876	0.01212
69	0.01516	0.01496	0.02403	0.51335	0.18617	0.05060	0.05599	0.01972	0.01509	0.01948	0.01283	0.01841	0.00993	0.00690	0.00714	0.00229	0.00957	0.00636	0.00329	0.00873
70	0.01574	0.06034	0.42411	0.02849	0.26947	0.01721	0.04082	0.02226	0.01547	0.02256	0.01291	0.01590	0.00987	0.00657	0.00681	0.00218	0.00970	0.00566	0.00321	0.01071
71	0.01666	0.01737	0.02165	0.01866	0.01902	0.09020	0.01540	0.01824	0.01181	0.01717	0.00951	0.01531	0.00933	0.01196	0.02171	0.00299	0.66593	0.00607	0.00317	0.00783
72	0.00899	0.00767	0.00778	0.00768	0.01015	0.00669	0.00578	0.01187	0.05426	0.02012	0.08920	0.06570	0.64462	0.01746	0.00835	0.00240	0.00371	0.01457	0.00669	0.00633
73	0.01456	0.03025	0.51254	0.05888	0.15687	0.01599	0.02408	0.02152	0.01514	0.02223	0.01433	0.05562	0.01155	0.00755	0.00696	0.00227	0.00974	0.00634	0.00331	0.01028
74	0.01568	0.01659	0.08391	0.12149	0.42066	0.01520	0.03991	0.02020	0.01592	0.02220	0.01768	0.02897	0.01622	0.00888	0.00758	0.00238	0.00853	0.12414	0.00399	0.00989
75	0.01904	0.75404	0.03731	0.01218	0.01828	0.02818	0.01218	0.02132	0.01447	0.01675	0.00990	0.01142	0.00914	0.00609	0.00457	0.00152	0.00761	0.00381	0.00305	0.00914
76	0.00842	0.00721	0.00721	0.00721	0.00962	0.00601	0.00541	0.01022	0.01623	0.01924	0.07213	0.06853	0.70244	0.01803	0.00842	0.00240	0.00361	0.01503	0.00661	0.00601
77	0.01363	0.01323	0.01380	0.03330	0.06367	0.11100	0.01031	0.01726	0.06993	0.02071	0.10206	0.15309	0.20885	0.01459	0.00964	0.00249	0.08166	0.04766	0.00569	0.00742
78	0.00847	0.00722	0.00729	0.00727	0.00965	0.00603	0.00545	0.01032	0.01635	0.01953	0.09170	0.06805	0.68270	0.01793	0.00842	0.00240	0.00360	0.01496	0.00665	0.00603
79	0.01327	0.00664	0.00664	0.00664	0.00830	0.00664	0.00498	0.01659	0.01493	0.02655	0.02323	0.02655	0.01825	0.00830	0.00498	0.00166	0.00332	0.00664	0.78928	0.00664
80	0.01801	0.01852	0.02542	0.03208	0.38780	0.10368	0.01873	0.02103	0.01488	0.02046	0.01172	0.01635	0.01036	0.00856	0.01256	0.00242	0.25821	0.00609	0.00340	0.00972
81	0.01734	0.01790	0.02554	0.36729	0.15179	0.12108	0.11748	0.05728	0.01688	0.02108	0.01304	0.01778	0.01008	0.00693	0.00720	0.00224	0.01010	0.00639	0.00358	0.00901
82	0.00842	0.00721	0.00721	0.00721	0.00962	0.00601	0.00541	0.01022	0.01623	0.01924	0.07213	0.06853	0.70244	0.01803	0.00842	0.00240	0.00361	0.01503	0.00661	0.00601
83	0.59360	0.01786	0.03515	0.01237	0.01706	0.11617	0.04608	0.04819	0.01445	0.02962	0.01068	0.01249	0.00830	0.00676	0.00509	0.00216	0.00714	0.00435	0.00432	0.00815
84	0.01558	0.01558	0.02181	0.01869	0.01869	0.02181	0.01558	0.01714	0.01091	0.01714	0.00935	0.01558	0.00935	0.01246	0.02337	0.00312	0.73672	0.00623	0.00312	0.00779
85	0.01349	0.00842	0.01048	0.15862	0.01744	0.00912	0.00848	0.04028	0.01570	0.02524	0.07013	0.02714	0.01998	0.02971	0.00664	0.00202	0.00487	0.00712	0.51807	0.00704
86	0.01665	0.02029	0.08309	0.02942	0.03682	0.01792	0.63949	0.02279	0.01670	0.02279	0.01431	0.01895	0.01070	0.00605	0.00830	0.00239	0.01191	0.00821	0.00357	0.00966
