[name]
unknown

[dist]
# distance from previous block
# <min> <max>
0	75

[block]
# block no. 0 follows, 30 sequences, length 7
# corresponding to MSA columns:
# 80-86
name=unknown_A
#
# <colnr> <probs for GDERKNQSTAVLIFYWHMCP>
#	G	D	E	R	K	N	Q	S	T	A	V	L	I	F	Y	W	H	M	C	P
0	0.01310	0.01056	0.01454	0.01300	0.01493	0.04882	0.09425	0.05616	0.01440	0.01851	0.02715	0.19750	0.10608	0.01796	0.01469	0.25213	0.02804	0.04740	0.00479	0.00598
1	0.01727	0.01447	0.01877	0.21551	0.09493	0.04886	0.01447	0.02532	0.21491	0.09350	0.02042	0.02297	0.03624	0.03495	0.00989	0.00251	0.09357	0.00710	0.00504	0.00929
2	0.01575	0.01283	0.04497	0.05009	0.01716	0.01285	0.03440	0.17080	0.04925	0.03991	0.02161	0.12024	0.03549	0.17730	0.01557	0.04434	0.05387	0.00911	0.03826	0.03620
3	0.04661	0.00986	0.01133	0.04162	0.01419	0.01002	0.00815	0.13163	0.03888	0.05591	0.03839	0.28882	0.19680	0.06319	0.00969	0.00274	0.00515	0.01334	0.00631	0.00735
4	0.01513	0.01107	0.01200	0.01051	0.01277	0.01162	0.00757	0.21794	0.05090	0.02454	0.02869	0.07074	0.12376	0.34905	0.02021	0.00430	0.00638	0.00998	0.00564	0.00719
5	0.01071	0.00784	0.00933	0.00960	0.01089	0.00772	0.00687	0.06662	0.01484	0.01935	0.03776	0.26952	0.16800	0.20231	0.05552	0.00416	0.00598	0.08118	0.00581	0.00598
6	0.01071	0.00756	0.00905	0.00945	0.01047	0.00743	0.00659	0.05745	0.01448	0.01934	0.05737	0.30208	0.09635	0.24599	0.01685	0.00393	0.00528	0.08131	0.03248	0.00581

[dist]
# distance from previous block
# <min> <max>
11	24

[block]
# block no. 1 follows, 30 sequences, length 12
# corresponding to MSA columns:
# 111-122
name=unknown_B
#
# <colnr> <probs for GDERKNQSTAVLIFYWHMCP>
#	G	D	E	R	K	N	Q	S	T	A	V	L	I	F	Y	W	H	M	C	P
0	0.01750	0.01482	0.01805	0.08078	0.07841	0.03484	0.02952	0.19770	0.08037	0.02746	0.02150	0.08187	0.06741	0.00932	0.00742	0.00202	0.03312	0.00769	0.00531	0.18489
1	0.01878	0.09418	0.02438	0.02015	0.10590	0.10209	0.10083	0.14759	0.01834	0.02398	0.01627	0.01902	0.05273	0.00987	0.03387	0.00244	0.13298	0.00642	0.00428	0.06590
2	0.01475	0.01272	0.01346	0.01097	0.01511	0.06369	0.00835	0.07619	0.01648	0.02320	0.08165	0.13115	0.02212	0.07043	0.00875	0.00203	0.00574	0.00799	0.00504	0.41016
3	0.01716	0.18121	0.11686	0.02634	0.14807	0.01960	0.32249	0.04591	0.01626	0.02189	0.01289	0.01634	0.01015	0.00614	0.00696	0.00209	0.00991	0.00648	0.00345	0.00979
4	0.01008	0.00704	0.00898	0.00898	0.00945	0.00751	0.00594	0.01103	0.01055	0.01455	0.02073	0.03873	0.02236	0.48774	0.29841	0.00846	0.01130	0.00913	0.00404	0.00499
5	0.01760	0.01332	0.01549	0.01129	0.01734	0.01105	0.00912	0.10910	0.01743	0.08769	0.01434	0.01561	0.01116	0.00591	0.00558	0.00128	0.00557	0.00468	0.00492	0.62153
6	0.01301	0.00650	0.00650	0.00650	0.00813	0.00650	0.00488	0.01626	0.01463	0.02602	0.02276	0.02602	0.01789	0.00813	0.00488	0.00163	0.00325	0.00650	0.79350	0.00650
7	0.01791	0.01911	0.04725	0.03118	0.34806	0.11615	0.14420	0.05096	0.01697	0.02230	0.01528	0.05483	0.01358	0.00794	0.00783	0.00221	0.03419	0.03640	0.00389	0.00976
8	0.01370	0.01169	0.01456	0.01092	0.01617	0.00915	0.03777	0.01652	0.01413	0.02158	0.01554	0.08292	0.01469	0.06342	0.00794	0.00169	0.00548	0.00618	0.00432	0.63163
9	0.01546	0.01299	0.01500	0.01080	0.01696	0.01031	0.00868	0.07254	0.01597	0.02448	0.01276	0.01466	0.01046	0.00543	0.00532	0.00112	0.00537	0.00431	0.00437	0.73300
10	0.01399	0.01344	0.01960	0.04164	0.01879	0.01755	0.05282	0.01676	0.04226	0.01777	0.01491	0.10404	0.01505	0.01703	0.09549	0.00382	0.47571	0.00808	0.00374	0.00751
11	0.01616	0.01681	0.01824	0.01608	0.01681	0.14998	0.01273	0.01752	0.01231	0.01625	0.01211	0.02058	0.01231	0.14193	0.05315	0.00382	0.44618	0.00657	0.00339	0.00707

[dist]
# distance from previous block
# <min> <max>
0	2

[block]
# block no. 2 follows, 30 sequences, length 66
# corresponding to MSA columns:
# 125-190
name=unknown_C
#
# <colnr> <probs for GDERKNQSTAVLIFYWHMCP>
#	G	D	E	R	K	N	Q	S	T	A	V	L	I	F	Y	W	H	M	C	P
0	0.02237	0.04472	0.02238	0.04743	0.13452	0.02029	0.01481	0.43084	0.02549	0.03457	0.01550	0.03849	0.01224	0.00874	0.00880	0.00221	0.09360	0.00656	0.00564	0.01079
1	0.01039	0.00809	0.01201	0.01177	0.01292	0.00972	0.00924	0.01280	0.01117	0.01625	0.01794	0.02646	0.01679	0.04918	0.67165	0.01057	0.07565	0.00737	0.00368	0.00634
2	0.01592	0.04073	0.01640	0.01237	0.04210	0.01196	0.00953	0.07048	0.08278	0.02475	0.01422	0.01575	0.01150	0.00590	0.00553	0.00130	0.00559	0.00472	0.00457	0.60389
3	0.01014	0.00678	0.00767	0.00765	0.00770	0.00676	0.00431	0.01025	0.01046	0.01401	0.04449	0.04588	0.02670	0.73045	0.03462	0.00662	0.00665	0.01023	0.00434	0.00431
4	0.01301	0.00650	0.00650	0.00650	0.00813	0.00650	0.00488	0.01626	0.01463	0.02602	0.02276	0.02602	0.01789	0.00813	0.00488	0.00163	0.00325	0.00650	0.79350	0.00650
5	0.02500	0.13788	0.02220	0.01711	0.02105	0.62595	0.01326	0.02686	0.01897	0.01698	0.01063	0.01238	0.00898	0.00702	0.00603	0.00175	0.01185	0.00438	0.00351	0.00821
6	0.01748	0.01391	0.01900	0.02117	0.20250	0.01439	0.03802	0.02744	0.28523	0.10057	0.10569	0.02722	0.04589	0.00905	0.00718	0.00219	0.00619	0.00800	0.00609	0.04281
7	0.02510	0.01906	0.02148	0.01945	0.11315	0.04173	0.01414	0.52484	0.05709	0.06796	0.01702	0.01737	0.01229	0.00811	0.00696	0.00210	0.00775	0.00632	0.00648	0.01161
8	0.00875	0.00641	0.00858	0.01003	0.01042	0.00624	0.00680	0.00997	0.01326	0.01778	0.03740	0.72351	0.04481	0.02151	0.00942	0.00284	0.03085	0.01934	0.00635	0.00574
9	0.02062	0.01605	0.01777	0.01325	0.01914	0.01560	0.01082	0.35949	0.02382	0.03357	0.01462	0.01564	0.01112	0.00680	0.00609	0.00157	0.00645	0.00523	0.00559	0.39676
10	0.01091	0.00870	0.00946	0.00892	0.01129	0.00845	0.00676	0.01509	0.10730	0.04651	0.09750	0.05511	0.47049	0.06429	0.01056	0.00266	0.04013	0.01267	0.00640	0.00683
11	0.01859	0.01530	0.01844	0.04183	0.12114	0.01606	0.01263	0.20897	0.21670	0.02998	0.02016	0.07077	0.01651	0.00868	0.00681	0.00203	0.00648	0.00729	0.00581	0.15582
12	0.01943	0.06143	0.03965	0.01690	0.04421	0.04250	0.09253	0.03266	0.41801	0.11941	0.02386	0.02288	0.01760	0.00845	0.00702	0.00225	0.00692	0.00731	0.00627	0.01071
13	0.01318	0.01240	0.02093	0.73798	0.04806	0.01550	0.01938	0.01783	0.01395	0.01783	0.01240	0.01860	0.00930	0.00698	0.00698	0.00233	0.00930	0.00620	0.00310	0.00775
14	0.02671	0.01128	0.01503	0.01185	0.01650	0.01006	0.00966	0.06168	0.02055	0.54318	0.16544	0.02919	0.02690	0.00977	0.00726	0.00216	0.00548	0.00812	0.00836	0.01080
15	0.01579	0.01686	0.02785	0.10113	0.08950	0.07093	0.28357	0.02041	0.04344	0.02041	0.01906	0.04626	0.07213	0.00887	0.01023	0.00241	0.13050	0.00813	0.00390	0.00862
16	0.02650	0.02022	0.02089	0.01615	0.02164	0.05605	0.01327	0.65574	0.03217	0.04267	0.01646	0.01655	0.01173	0.00832	0.00695	0.00208	0.00792	0.00620	0.00682	0.01168
17	0.00848	0.00614	0.00803	0.00954	0.01007	0.00568	0.00640	0.00974	0.01353	0.01788	0.04065	0.70390	0.09104	0.02158	0.00886	0.00280	0.00401	0.01949	0.00648	0.00568
18	0.00896	0.00701	0.00812	0.00803	0.00991	0.00616	0.00595	0.01132	0.01730	0.02262	0.33683	0.12283	0.37679	0.01661	0.00830	0.00233	0.00348	0.01430	0.00699	0.00616
19	0.02653	0.01955	0.02094	0.01606	0.02164	0.02164	0.01326	0.68796	0.03281	0.04398	0.01675	0.01675	0.01187	0.00838	0.00698	0.00209	0.00768	0.00628	0.00698	0.01187
20	0.00903	0.00673	0.00900	0.01024	0.01061	0.00679	0.00701	0.01022	0.01307	0.01760	0.03589	0.67595	0.04290	0.04542	0.01076	0.00298	0.05530	0.01857	0.00617	0.00576
21	0.00850	0.00607	0.00810	0.00972	0.01012	0.00567	0.00648	0.00972	0.01336	0.01781	0.03846	0.75020	0.04615	0.02186	0.00891	0.00283	0.00405	0.01984	0.00648	0.00567
22	0.01734	0.01489	0.01623	0.04016	0.01926	0.01733	0.01158	0.06239	0.60318	0.02875	0.02695	0.02656	0.02062	0.00971	0.00770	0.00240	0.03047	0.02694	0.00680	0.01071
23	0.00847	0.00621	0.00796	0.00936	0.01003	0.00570	0.00632	0.00976	0.01370	0.01795	0.04278	0.65871	0.13486	0.02130	0.00882	0.00277	0.00398	0.01915	0.00648	0.00570
24	0.01771	0.18747	0.06933	0.08132	0.02325	0.03866	0.06747	0.12635	0.01762	0.02398	0.01258	0.01478	0.01005	0.00625	0.00585	0.00163	0.00757	0.00499	0.00409	0.27906
25	0.01418	0.06506	0.69127	0.01957	0.02971	0.01666	0.02523	0.02205	0.01471	0.02187	0.01241	0.01459	0.00884	0.00660	0.00654	0.00218	0.01020	0.00510	0.00295	0.01026
26	0.01727	0.01658	0.02832	0.04283	0.71123	0.01658	0.02142	0.02142	0.01589	0.02280	0.01313	0.01727	0.01105	0.00622	0.00691	0.00207	0.00829	0.00622	0.00345	0.01105
27	0.00825	0.00707	0.00707	0.00707	0.00943	0.00589	0.00530	0.01001	0.01591	0.01885	0.07069	0.06716	0.70839	0.01767	0.00825	0.00236	0.00353	0.01473	0.00648	0.00589
28	0.13626	0.01512	0.02445	0.04652	0.07876	0.04390	0.26546	0.05140	0.01567	0.02321	0.01891	0.19007	0.01848	0.01017	0.00791	0.00240	0.02875	0.00975	0.00448	0.00833
29	0.01502	0.01603	0.03186	0.05410	0.02965	0.01638	0.44159	0.01931	0.01467	0.02019	0.01568	0.07444	0.01415	0.07021	0.01289	0.00287	0.13008	0.00882	0.00371	0.00835
30	0.00850	0.00607	0.00810	0.00972	0.01012	0.00567	0.00648	0.00972	0.01336	0.01781	0.03846	0.75020	0.04615	0.02186	0.00891	0.00283	0.00405	0.01984	0.00648	0.00567
31	0.02499	0.01795	0.01928	0.01504	0.02019	0.01977	0.01234	0.57152	0.07259	0.06241	0.01831	0.01832	0.01312	0.00843	0.00682	0.00207	0.00712	0.00642	0.07193	0.01137
32	0.02305	0.30122	0.02586	0.01563	0.02011	0.44593	0.01284	0.02557	0.03886	0.01721	0.01093	0.01249	0.00936	0.00681	0.00565	0.00170	0.01047	0.00432	0.00348	0.00850
33	0.02431	0.03015	0.04456	0.01741	0.02136	0.57098	0.01355	0.04883	0.12417	0.01993	0.01373	0.01485	0.01096	0.00756	0.00645	0.00191	0.01127	0.00509	0.00421	0.00874
34	0.02697	0.04363	0.01655	0.01252	0.01739	0.01223	0.01019	0.03290	0.15440	0.51560	0.02668	0.02475	0.01812	0.04510	0.00832	0.00240	0.00596	0.00721	0.00788	0.01121
35	0.02583	0.01729	0.01914	0.01504	0.02030	0.01873	0.01230	0.45003	0.14682	0.16893	0.02084	0.01971	0.01454	0.00862	0.00701	0.00215	0.00697	0.00670	0.00732	0.01173
36	0.25078	0.01714	0.03877	0.01364	0.01897	0.01801	0.01155	0.37503	0.02426	0.14251	0.01625	0.01620	0.01136	0.00782	0.00621	0.00213	0.00684	0.00564	0.00634	0.01058
37	0.00857	0.00705	0.00753	0.00748	0.00964	0.00602	0.00559	0.01061	0.01655	0.02056	0.19100	0.08743	0.56348	0.01717	0.00827	0.00234	0.00351	0.01450	0.00671	0.00602
38	0.01447	0.01240	0.01447	0.01034	0.01654	0.00930	0.00827	0.01757	0.01447	0.02274	0.01240	0.01447	0.01034	0.00517	0.00517	0.00103	0.00517	0.00413	0.00413	0.79742
39	0.01378	0.01336	0.02090	0.67945	0.04577	0.04424	0.01897	0.01819	0.01405	0.01776	0.01220	0.01823	0.00928	0.00720	0.00761	0.00233	0.03966	0.00613	0.00312	0.00776
40	0.00856	0.00610	0.00808	0.00964	0.01003	0.00571	0.00639	0.00973	0.01324	0.01765	0.03785	0.72396	0.04538	0.04916	0.00990	0.00298	0.00415	0.01948	0.00639	0.00561
41	0.77523	0.01328	0.01029	0.00925	0.01346	0.01540	0.00760	0.02022	0.01185	0.03076	0.01004	0.01192	0.00792	0.00814	0.03055	0.00249	0.00588	0.00391	0.00430	0.00751
42	0.00829	0.00691	0.00724	0.00750	0.00954	0.00585	0.00549	0.00997	0.01549	0.01868	0.06542	0.17885	0.60011	0.01836	0.00836	0.00243	0.00362	0.01556	0.00648	0.00585
43	0.01447	0.01240	0.01447	0.01034	0.01654	0.00930	0.00827	0.01757	0.01447	0.02274	0.01240	0.01447	0.01034	0.00517	0.00517	0.00103	0.00517	0.00413	0.00413	0.79742
44	0.02224	0.01321	0.01600	0.01189	0.01771	0.01137	0.00969	0.11725	0.01902	0.27619	0.01848	0.01814	0.01306	0.00687	0.00609	0.00159	0.00580	0.00548	0.00616	0.40378
45	0.00997	0.00748	0.01121	0.01121	0.01246	0.00872	0.00872	0.01246	0.01121	0.01620	0.01869	0.02741	0.01745	0.05234	0.72710	0.01121	0.01869	0.00748	0.00374	0.00623
46	0.01448	0.03270	0.58547	0.02176	0.03143	0.01649	0.15550	0.02215	0.01507	0.02215	0.01284	0.01554	0.00918	0.00648	0.00695	0.00224	0.01060	0.00576	0.00306	0.01014
47	0.01212	0.00606	0.00909	0.00909	0.00909	0.00606	0.00606	0.00909	0.00909	0.01212	0.01212	0.02121	0.01212	0.02424	0.02727	0.79697	0.00606	0.00606	0.00303	0.00303
48	0.01212	0.00606	0.00909	0.00909	0.00909	0.00606	0.00606	0.00909	0.00909	0.01212	0.01212	0.02121	0.01212	0.02424	0.02727	0.79697	0.00606	0.00606	0.00303	0.00303
49	0.02653	0.01955	0.02094	0.01606	0.02164	0.02164	0.01326	0.68796	0.03281	0.04398	0.01675	0.01675	0.01187	0.00838	0.00698	0.00209	0.00768	0.00628	0.00698	0.01187
50	0.01400	0.03610	0.71860	0.01989	0.03020	0.01621	0.02578	0.02210	0.01473	0.02210	0.01252	0.01473	0.00884	0.00663	0.00663	0.00221	0.01031	0.00516	0.00295	0.01031
51	0.05166	0.01935	0.02060	0.01583	0.02138	0.02145	0.01308	0.66639	0.03213	0.04357	0.01653	0.01658	0.01173	0.00832	0.00689	0.00210	0.00761	0.00620	0.00689	0.01173
52	0.00850	0.00607	0.00810	0.00972	0.01012	0.00567	0.00648	0.00972	0.01336	0.01781	0.03846	0.75020	0.04615	0.02186	0.00891	0.00283	0.00405	0.01984	0.00648	0.00567
53	0.01527	0.01527	0.02137	0.01832	0.01832	0.02137	0.01527	0.01679	0.01069	0.01679	0.00916	0.01527	0.00916	0.01221	0.02290	0.00305	0.74198	0.00611	0.00305	0.00763
54	0.80405	0.01350	0.01026	0.00918	0.01350	0.01565	0.00756	0.02051	0.01188	0.03131	0.00972	0.01134	0.00756	0.00648	0.00432	0.00216	0.00540	0.00378	0.00432	0.00756
55	0.00837	0.00698	0.00730	0.00742	0.00955	0.00591	0.00549	0.01018	0.01590	0.01931	0.10628	0.13070	0.60694	0.01786	0.00831	0.00239	0.00357	0.01508	0.00655	0.00591
56	0.13404	0.01235	0.01556	0.01211	0.01737	0.01136	0.01000	0.05414	0.01933	0.60235	0.02480	0.02186	0.01580	0.00834	0.00666	0.00216	0.00592	0.00656	0.00801	0.01130
57	0.01739	0.12851	0.01852	0.01317	0.01739	0.01765	0.01071	0.11229	0.38833	0.02728	0.02659	0.04990	0.06883	0.01110	0.03090	0.00246	0.00633	0.00781	0.00617	0.03866
58	0.02607	0.03326	0.01978	0.01798	0.02157	0.72674	0.01348	0.02787	0.01978	0.01708	0.01079	0.01258	0.00899	0.00719	0.00629	0.00180	0.01258	0.00449	0.00360	0.00809
59	0.80405	0.01350	0.01026	0.00918	0.01350	0.01565	0.00756	0.02051	0.01188	0.03131	0.00972	0.01134	0.00756	0.00648	0.00432	0.00216	0.00540	0.00378	0.00432	0.00756
60	0.01447	0.01240	0.01447	0.01034	0.01654	0.00930	0.00827	0.01757	0.01447	0.02274	0.01240	0.01447	0.01034	0.00517	0.00517	0.00103	0.00517	0.00413	0.00413	0.79742
61	0.80405	0.01350	0.01026	0.00918	0.01350	0.01565	0.00756	0.02051	0.01188	0.03131	0.00972	0.01134	0.00756	0.00648	0.00432	0.00216	0.00540	0.00378	0.00432	0.00756
62	0.00948	0.00712	0.00878	0.00836	0.01018	0.00642	0.00627	0.01240	0.01882	0.02577	0.55303	0.05577	0.22174	0.01509	0.00823	0.00223	0.00335	0.01313	0.00739	0.00642
63	0.02568	0.02375	0.02016	0.01655	0.02135	0.25535	0.01317	0.41959	0.07889	0.03393	0.01566	0.01607	0.01163	0.00807	0.00676	0.00202	0.00914	0.00581	0.00587	0.01055
64	0.01015	0.00677	0.00761	0.00761	0.00761	0.00677	0.00423	0.01015	0.01015	0.01353	0.02199	0.04567	0.02537	0.75476	0.03552	0.00677	0.00677	0.01015	0.00423	0.00423
65	0.02448	0.05795	0.07098	0.01741	0.02168	0.57066	0.01403	0.02809	0.06868	0.04451	0.01278	0.01409	0.01018	0.00733	0.00634	0.00187	0.01147	0.00486	0.00397	0.00864

[dist]
# distance from previous block
# <min> <max>
0	1

[block]
# block no. 3 follows, 30 sequences, length 94
# corresponding to MSA columns:
# 192-285
name=unknown_D
#
# <colnr> <probs for GDERKNQSTAVLIFYWHMCP>
#	G	D	E	R	K	N	Q	S	T	A	V	L	I	F	Y	W	H	M	C	P
0	0.80405	0.01350	0.01026	0.00918	0.01350	0.01565	0.00756	0.02051	0.01188	0.03131	0.00972	0.01134	0.00756	0.00648	0.00432	0.00216	0.00540	0.00378	0.00432	0.00756
1	0.01794	0.01467	0.01643	0.01368	0.03654	0.01478	0.01058	0.18143	0.23115	0.02942	0.02049	0.02078	0.03678	0.00919	0.02933	0.00209	0.00633	0.00631	0.00577	0.29630
2	0.00877	0.00709	0.00779	0.00761	0.00974	0.00611	0.00571	0.01102	0.01713	0.02176	0.27375	0.06236	0.50352	0.01659	0.00824	0.00230	0.00346	0.01406	0.00686	0.00611
3	0.04909	0.01690	0.05873	0.05490	0.23490	0.01593	0.03890	0.17473	0.04603	0.08673	0.01549	0.01732	0.01170	0.00692	0.00658	0.00195	0.00748	0.00593	0.00495	0.14485
4	0.08803	0.01692	0.01878	0.01450	0.01993	0.01798	0.01198	0.45241	0.02758	0.23200	0.01924	0.01830	0.01305	0.00830	0.00679	0.00212	0.00701	0.00630	0.00724	0.01154
5	0.03038	0.01205	0.01617	0.01245	0.01773	0.01063	0.01026	0.06186	0.02053	0.66351	0.05000	0.02440	0.01868	0.00882	0.00706	0.00216	0.00592	0.00717	0.00853	0.01170
6	0.01736	0.01499	0.01578	0.01420	0.01815	0.01736	0.01105	0.03708	0.69862	0.02919	0.02840	0.02604	0.02130	0.00947	0.00710	0.00237	0.00552	0.00789	0.00710	0.01105
7	0.17176	0.07131	0.01876	0.01400	0.01886	0.06492	0.01161	0.38696	0.05003	0.03519	0.01804	0.02040	0.03937	0.00870	0.00644	0.00212	0.00724	0.03829	0.00593	0.01007
8	0.01015	0.00677	0.00761	0.00761	0.00761	0.00677	0.00423	0.01015	0.01015	0.01353	0.02199	0.04567	0.02537	0.75476	0.03552	0.00677	0.00677	0.01015	0.00423	0.00423
9	0.01447	0.01240	0.01447	0.01034	0.01654	0.00930	0.00827	0.01757	0.01447	0.02274	0.01240	0.01447	0.01034	0.00517	0.00517	0.00103	0.00517	0.00413	0.00413	0.79742
10	0.01647	0.01882	0.04118	0.02941	0.03647	0.01765	0.68588	0.02235	0.01647	0.02235	0.01412	0.01882	0.01059	0.00588	0.00824	0.00235	0.01176	0.00824	0.00353	0.00941
11	0.00988	0.00713	0.00933	0.00878	0.01043	0.00658	0.00658	0.01317	0.01975	0.02798	0.70754	0.05213	0.06584	0.01427	0.00823	0.00219	0.00329	0.01262	0.00768	0.00658
12	0.00832	0.00680	0.00734	0.00778	0.00961	0.00583	0.00562	0.00994	0.01523	0.01857	0.06208	0.24958	0.53153	0.01879	0.00842	0.00248	0.00367	0.01609	0.00648	0.00583
13	0.03506	0.00826	0.00938	0.00951	0.01093	0.04199	0.00688	0.01284	0.01720	0.02379	0.40247	0.28685	0.07601	0.01637	0.00824	0.00240	0.00408	0.01447	0.00693	0.00635
14	0.02084	0.01645	0.01766	0.01490	0.01938	0.01853	0.01200	0.31279	0.36757	0.03491	0.02403	0.02574	0.01859	0.00968	0.00723	0.00231	0.00650	0.05280	0.00700	0.01107
15	0.03027	0.01211	0.01616	0.01255	0.01784	0.01079	0.01032	0.03424	0.07059	0.66483	0.02760	0.02392	0.01757	0.00870	0.00702	0.00217	0.00591	0.00708	0.00852	0.01181
16	0.03061	0.01300	0.01689	0.01295	0.01837	0.01192	0.01070	0.12968	0.02185	0.61774	0.02595	0.02273	0.01648	0.00860	0.00701	0.00215	0.00619	0.00691	0.00839	0.01187
17	0.02800	0.01635	0.01886	0.01455	0.01999	0.01700	0.01199	0.40361	0.05686	0.30635	0.02148	0.01990	0.01440	0.00853	0.00700	0.00213	0.00690	0.00664	0.00763	0.01183
18	0.01015	0.00677	0.00761	0.00761	0.00761	0.00677	0.00423	0.01015	0.01015	0.01353	0.02199	0.04567	0.02537	0.75476	0.03552	0.00677	0.00677	0.01015	0.00423	0.00423
19	0.02607	0.03326	0.01978	0.01798	0.02157	0.72674	0.01348	0.02787	0.01978	0.01708	0.01079	0.01258	0.00899	0.00719	0.00629	0.00180	0.01258	0.00449	0.00360	0.00809
20	0.01352	0.01275	0.02154	0.68033	0.10306	0.01559	0.01955	0.01813	0.01411	0.01824	0.01246	0.01849	0.00945	0.00691	0.00697	0.00230	0.00922	0.00620	0.00313	0.00803
21	0.02108	0.01684	0.01787	0.01495	0.01956	0.01910	0.01195	0.30118	0.42846	0.03519	0.02368	0.02227	0.01747	0.00902	0.00705	0.00226	0.00640	0.00724	0.00705	0.01138
22	0.00850	0.00607	0.00810	0.00972	0.01012	0.00567	0.00648	0.00972	0.01336	0.01781	0.03846	0.75020	0.04615	0.02186	0.00891	0.00283	0.00405	0.01984	0.00648	0.00567
23	0.01212	0.00606	0.00909	0.00909	0.00909	0.00606	0.00606	0.00909	0.00909	0.01212	0.01212	0.02121	0.01212	0.02424	0.02727	0.79697	0.00606	0.00606	0.00303	0.00303
24	0.01402	0.01123	0.01385	0.03446	0.01447	0.03134	0.03098	0.11526	0.01440	0.01950	0.01813	0.03192	0.01856	0.37107	0.12833	0.00580	0.10752	0.00829	0.00434	0.00652
25	0.04213	0.01757	0.15205	0.06646	0.06527	0.03750	0.01418	0.15310	0.01872	0.11208	0.02246	0.22425	0.02118	0.01155	0.00735	0.00234	0.00719	0.00984	0.00557	0.00922
26	0.00903	0.00763	0.00788	0.00772	0.01012	0.00675	0.00582	0.01219	0.06386	0.02040	0.12520	0.06293	0.60251	0.01679	0.00817	0.00234	0.00365	0.01406	0.00663	0.00631
27	0.50989	0.01326	0.01275	0.01059	0.01533	0.01416	0.00873	0.05784	0.01559	0.25868	0.01596	0.01571	0.01099	0.00729	0.00534	0.00216	0.00569	0.00497	0.00588	0.00920
28	0.02511	0.01709	0.01976	0.01707	0.07308	0.01829	0.01291	0.46836	0.05069	0.14617	0.01996	0.06513	0.01517	0.00915	0.00711	0.00216	0.00715	0.00731	0.00694	0.01138
29	0.03042	0.01168	0.01591	0.01226	0.01751	0.01010	0.01010	0.03314	0.01996	0.68748	0.05577	0.02493	0.01929	0.00887	0.00707	0.00216	0.00583	0.00725	0.00860	0.01166
30	0.00874	0.00705	0.00778	0.00767	0.00975	0.00609	0.00573	0.01094	0.01695	0.02152	0.25843	0.08772	0.49353	0.01682	0.00827	0.00233	0.00348	0.01429	0.00684	0.00609
31	0.16327	0.01253	0.01541	0.01204	0.01726	0.01174	0.00994	0.06389	0.01922	0.56583	0.02395	0.02128	0.01535	0.00825	0.00655	0.00216	0.00593	0.00643	0.00782	0.01114
32	0.01023	0.00779	0.01016	0.05967	0.01324	0.00754	0.00752	0.01408	0.04432	0.02644	0.57217	0.05027	0.12234	0.01391	0.00810	0.00223	0.00382	0.01220	0.00722	0.00677
33	0.01400	0.03610	0.71860	0.01989	0.03020	0.01621	0.02578	0.02210	0.01473	0.02210	0.01252	0.01473	0.00884	0.00663	0.00663	0.00221	0.01031	0.00516	0.00295	0.01031
34	0.22582	0.01228	0.01470	0.01160	0.01673	0.01162	0.00958	0.03061	0.01793	0.54369	0.02305	0.02063	0.01483	0.00809	0.00634	0.00216	0.00580	0.00620	0.00755	0.01079
35	0.01327	0.01239	0.02079	0.65494	0.08850	0.01510	0.01883	0.01781	0.01438	0.01868	0.04922	0.02029	0.01241	0.00731	0.00704	0.00230	0.00892	0.00654	0.00337	0.00790
36	0.03077	0.01274	0.01673	0.01282	0.01824	0.01153	0.01059	0.10743	0.02141	0.64061	0.02632	0.02297	0.01667	0.00861	0.00701	0.00215	0.00613	0.00694	0.00845	0.01187
37	0.01124	0.00803	0.01124	0.01285	0.01446	0.00803	0.01124	0.01446	0.01606	0.02088	0.03695	0.07871	0.04016	0.01928	0.00964	0.00321	0.00643	0.66426	0.00643	0.00643
38	0.01034	0.00790	0.01155	0.04938	0.01384	0.00922	0.00886	0.01256	0.01119	0.01592	0.01851	0.02917	0.01788	0.14963	0.56598	0.00983	0.04067	0.00775	0.00375	0.00607
39	0.06722	0.03221	0.01927	0.01751	0.02115	0.68913	0.01317	0.02748	0.01936	0.01783	0.01073	0.01252	0.00891	0.00715	0.00619	0.00182	0.01220	0.00446	0.00363	0.00806
40	0.10468	0.01013	0.01160	0.01056	0.01328	0.01042	0.00808	0.05288	0.13019	0.10206	0.30274	0.12928	0.04029	0.03268	0.00823	0.00242	0.00459	0.01079	0.00702	0.00808
41	0.80405	0.01350	0.01026	0.00918	0.01350	0.01565	0.00756	0.02051	0.01188	0.03131	0.00972	0.01134	0.00756	0.00648	0.00432	0.00216	0.00540	0.00378	0.00432	0.00756
42	0.01647	0.01882	0.04118	0.02941	0.03647	0.01765	0.68588	0.02235	0.01647	0.02235	0.01412	0.01882	0.01059	0.00588	0.00824	0.00235	0.01176	0.00824	0.00353	0.00941
43	0.02962	0.01323	0.01679	0.01293	0.01822	0.01243	0.01066	0.16675	0.02239	0.55221	0.02515	0.02241	0.01619	0.00856	0.00693	0.00213	0.00619	0.00685	0.03870	0.01167
44	0.80405	0.01350	0.01026	0.00918	0.01350	0.01565	0.00756	0.02051	0.01188	0.03131	0.00972	0.01134	0.00756	0.00648	0.00432	0.00216	0.00540	0.00378	0.00432	0.00756
45	0.00850	0.00607	0.00810	0.00972	0.01012	0.00567	0.00648	0.00972	0.01336	0.01781	0.03846	0.75020	0.04615	0.02186	0.00891	0.00283	0.00405	0.01984	0.00648	0.00567
46	0.01736	0.01499	0.01578	0.01420	0.01815	0.01736	0.01105	0.03708	0.69862	0.02919	0.02840	0.02604	0.02130	0.00947	0.00710	0.00237	0.00552	0.00789	0.00710	0.01105
47	0.01005	0.00686	0.00802	0.00802	0.00826	0.00696	0.00481	0.01042	0.01050	0.01405	0.02348	0.04432	0.05088	0.64247	0.11692	0.00713	0.00806	0.01001	0.00426	0.00453
48	0.01212	0.00606	0.00909	0.00909	0.00909	0.00606	0.00606	0.00909	0.00909	0.01212	0.01212	0.02121	0.01212	0.02424	0.02727	0.79697	0.00606	0.00606	0.00303	0.00303
49	0.03131	0.01188	0.01619	0.01242	0.01781	0.01026	0.01026	0.03401	0.01997	0.71606	0.02753	0.02375	0.01727	0.00864	0.00702	0.00216	0.00594	0.00702	0.00864	0.01188
50	0.01447	0.01240	0.01447	0.01034	0.01654	0.00930	0.00827	0.01757	0.01447	0.02274	0.01240	0.01447	0.01034	0.00517	0.00517	0.00103	0.00517	0.00413	0.00413	0.79742
51	0.02571	0.03250	0.01961	0.01782	0.02143	0.69728	0.01338	0.02825	0.04797	0.01758	0.01152	0.01314	0.00950	0.00729	0.00633	0.00182	0.01229	0.00464	0.00374	0.00821
52	0.00847	0.00708	0.00738	0.00730	0.00956	0.00599	0.00548	0.01045	0.01643	0.02010	0.15783	0.06510	0.62048	0.01721	0.00825	0.00233	0.00350	0.01444	0.00664	0.00599
53	0.02607	0.03326	0.01978	0.01798	0.02157	0.72674	0.01348	0.02787	0.01978	0.01708	0.01079	0.01258	0.00899	0.00719	0.00629	0.00180	0.01258	0.00449	0.00360	0.00809
54	0.00871	0.00702	0.00776	0.00771	0.00975	0.00607	0.00573	0.01087	0.01680	0.02131	0.24463	0.10736	0.48778	0.01700	0.00829	0.00234	0.00350	0.01448	0.00681	0.00607
55	0.01015	0.00677	0.00761	0.00761	0.00761	0.00677	0.00423	0.01015	0.01015	0.01353	0.02199	0.04567	0.02537	0.75476	0.03552	0.00677	0.00677	0.01015	0.00423	0.00423
56	0.01318	0.01240	0.02093	0.73798	0.04806	0.01550	0.01938	0.01783	0.01395	0.01783	0.01240	0.01860	0.00930	0.00698	0.00698	0.00233	0.00930	0.00620	0.00310	0.00775
57	0.01866	0.75896	0.03657	0.01194	0.01791	0.02761	0.01194	0.02090	0.01418	0.01642	0.00970	0.01119	0.00896	0.00597	0.00448	0.00149	0.00746	0.00373	0.00299	0.00896
58	0.01447	0.01240	0.01447	0.01034	0.01654	0.00930	0.00827	0.01757	0.01447	0.02274	0.01240	0.01447	0.01034	0.00517	0.00517	0.00103	0.00517	0.00413	0.00413	0.79742
59	0.01318	0.01240	0.02093	0.73798	0.04806	0.01550	0.01938	0.01783	0.01395	0.01783	0.01240	0.01860	0.00930	0.00698	0.00698	0.00233	0.00930	0.00620	0.00310	0.00775
60	0.01212	0.00606	0.00909	0.00909	0.00909	0.00606	0.00606	0.00909	0.00909	0.01212	0.01212	0.02121	0.01212	0.02424	0.02727	0.79697	0.00606	0.00606	0.00303	0.00303
61	0.80405	0.01350	0.01026	0.00918	0.01350	0.01565	0.00756	0.02051	0.01188	0.03131	0.00972	0.01134	0.00756	0.00648	0.00432	0.00216	0.00540	0.00378	0.00432	0.00756
62	0.01318	0.01240	0.02093	0.73798	0.04806	0.01550	0.01938	0.01783	0.01395	0.01783	0.01240	0.01860	0.00930	0.00698	0.00698	0.00233	0.00930	0.00620	0.00310	0.00775
63	0.80405	0.01350	0.01026	0.00918	0.01350	0.01565	0.00756	0.02051	0.01188	0.03131	0.00972	0.01134	0.00756	0.00648	0.00432	0.00216	0.00540	0.00378	0.00432	0.00756
64	0.01647	0.01882	0.04118	0.02941	0.03647	0.01765	0.68588	0.02235	0.01647	0.02235	0.01412	0.01882	0.01059	0.00588	0.00824	0.00235	0.01176	0.00824	0.00353	0.00941
65	0.01400	0.03610	0.71860	0.01989	0.03020	0.01621	0.02578	0.02210	0.01473	0.02210	0.01252	0.01473	0.00884	0.00663	0.00663	0.00221	0.01031	0.00516	0.00295	0.01031
66	0.01736	0.01499	0.01578	0.01420	0.01815	0.01736	0.01105	0.03708	0.69862	0.02919	0.02840	0.02604	0.02130	0.00947	0.00710	0.00237	0.00552	0.00789	0.00710	0.01105
67	0.01447	0.01240	0.01447	0.01034	0.01654	0.00930	0.00827	0.01757	0.01447	0.02274	0.01240	0.01447	0.01034	0.00517	0.00517	0.00103	0.00517	0.00413	0.00413	0.79742
68	0.80405	0.01350	0.01026	0.00918	0.01350	0.01565	0.00756	0.02051	0.01188	0.03131	0.00972	0.01134	0.00756	0.00648	0.00432	0.00216	0.00540	0.00378	0.00432	0.00756
69	0.01400	0.03610	0.71860	0.01989	0.03020	0.01621	0.02578	0.02210	0.01473	0.02210	0.01252	0.01473	0.00884	0.00663	0.00663	0.00221	0.01031	0.00516	0.00295	0.01031
70	0.01866	0.75896	0.03657	0.01194	0.01791	0.02761	0.01194	0.02090	0.01418	0.01642	0.00970	0.01119	0.00896	0.00597	0.00448	0.00149	0.00746	0.00373	0.00299	0.00896
71	0.01447	0.01240	0.01447	0.01034	0.01654	0.00930	0.00827	0.01757	0.01447	0.02274	0.01240	0.01447	0.01034	0.00517	0.00517	0.00103	0.00517	0.00413	0.00413	0.79742
72	0.01197	0.00915	0.01352	0.01697	0.11353	0.00913	0.01246	0.01522	0.01591	0.02101	0.03363	0.10302	0.03631	0.01754	0.00921	0.00303	0.00657	0.53876	0.00600	0.00705
73	0.00969	0.00699	0.00916	0.00891	0.01038	0.00646	0.00657	0.01269	0.01887	0.02657	0.61484	0.14885	0.06312	0.01532	0.00832	0.00228	0.00340	0.01362	0.00751	0.00646
74	0.01840	0.00989	0.01256	0.01068	0.01399	0.00929	0.00842	0.04696	0.07875	0.26390	0.36292	0.03952	0.07144	0.01186	0.00767	0.00220	0.00456	0.01015	0.00788	0.00894
75	0.02653	0.01955	0.02094	0.01606	0.02164	0.02164	0.01326	0.68796	0.03281	0.04398	0.01675	0.01675	0.01187	0.00838	0.00698	0.00209	0.00768	0.00628	0.00698	0.01187
76	0.02719	0.05558	0.11772	0.01382	0.01990	0.01323	0.01283	0.08336	0.04956	0.49713	0.02364	0.02135	0.01538	0.00823	0.00683	0.00214	0.00676	0.00656	0.00733	0.01146
77	0.01000	0.00737	0.01066	0.01066	0.01172	0.00842	0.00804	0.01211	0.01105	0.01579	0.01920	0.03021	0.01866	0.15981	0.62129	0.01053	0.01687	0.00789	0.00381	0.00592
78	0.20289	0.01354	0.01568	0.01231	0.01750	0.01339	0.01016	0.14203	0.02035	0.44918	0.02173	0.01979	0.01419	0.00811	0.00641	0.00215	0.00611	0.00617	0.00739	0.01091
79	0.00924	0.00711	0.00845	0.00811	0.01004	0.00631	0.00608	0.01194	0.01825	0.02442	0.45927	0.05799	0.31634	0.01559	0.00824	0.00226	0.00339	0.01344	0.00721	0.00631
80	0.01516	0.05708	0.55478	0.01974	0.02892	0.01602	0.09358	0.02232	0.01539	0.05889	0.04373	0.01715	0.01196	0.00697	0.00681	0.00220	0.00983	0.00586	0.00352	0.01009
81	0.01008	0.00702	0.00890	0.00890	0.00934	0.00746	0.00583	0.01097	0.01053	0.01448	0.02081	0.03916	0.02254	0.50434	0.28207	0.00835	0.01102	0.00920	0.00405	0.00494
82	0.00988	0.00713	0.00933	0.00878	0.01043	0.00658	0.00658	0.01317	0.01975	0.02798	0.70754	0.05213	0.06584	0.01427	0.00823	0.00219	0.00329	0.01262	0.00768	0.00658
83	0.01550	0.01594	0.04848	0.40999	0.22639	0.05917	0.01907	0.02133	0.07667	0.02034	0.01395	0.01840	0.01083	0.00699	0.00691	0.00222	0.00892	0.00622	0.00358	0.00908
84	0.73695	0.01361	0.01093	0.00958	0.01400	0.01557	0.00789	0.04374	0.01301	0.06796	0.01090	0.01218	0.00822	0.00666	0.00455	0.00216	0.00550	0.00403	0.00464	0.00793
85	0.00984	0.00668	0.00766	0.00789	0.00804	0.00658	0.00459	0.01008	0.01082	0.01434	0.02614	0.14780	0.05338	0.62233	0.03069	0.00604	0.00626	0.01171	0.00463	0.00450
86	0.01647	0.01882	0.04118	0.02941	0.03647	0.01765	0.68588	0.02235	0.01647	0.02235	0.01412	0.01882	0.01059	0.00588	0.00824	0.00235	0.01176	0.00824	0.00353	0.00941
87	0.55451	0.01866	0.16286	0.03789	0.01926	0.01606	0.03222	0.04666	0.01350	0.02910	0.01081	0.01275	0.00815	0.00658	0.00512	0.00218	0.00686	0.00439	0.00406	0.00837
88	0.30791	0.01515	0.09263	0.03519	0.05679	0.03255	0.07976	0.01828	0.01461	0.02553	0.11626	0.11450	0.04472	0.00989	0.00652	0.00227	0.00653	0.00828	0.00481	0.00783
89	0.02116	0.10101	0.02340	0.11192	0.13701	0.29660	0.03867	0.10799	0.01889	0.02148	0.01269	0.01634	0.01059	0.04378	0.00788	0.00218	0.00999	0.00555	0.00391	0.00896
90	0.15617	0.01098	0.01421	0.07279	0.11469	0.01164	0.01036	0.05441	0.04187	0.04560	0.01585	0.07561	0.01468	0.05019	0.01420	0.24550	0.00643	0.00700	0.00428	0.03354
91	0.15187	0.01361	0.01841	0.10515	0.25669	0.01432	0.01407	0.04372	0.08438	0.02445	0.02316	0.02656	0.11125	0.00883	0.00669	0.00218	0.00669	0.03254	0.00463	0.05078
92	0.17253	0.01734	0.04820	0.04297	0.17327	0.09565	0.03829	0.09186	0.01774	0.10688	0.05390	0.02071	0.05060	0.00815	0.00707	0.00215	0.03188	0.00646	0.00496	0.00940
93	0.24973	0.10953	0.13295	0.01365	0.04112	0.04229	0.01238	0.08444	0.05981	0.02759	0.14209	0.02116	0.02024	0.00828	0.00604	0.00208	0.00666	0.00625	0.00493	0.00877

[dist]
# distance from previous block
# <min> <max>
2	28

[block]
# block no. 4 follows, 30 sequences, length 228
# corresponding to MSA columns:
# 315-542
name=unknown_E
#
# <colnr> <probs for GDERKNQSTAVLIFYWHMCP>
#	G	D	E	R	K	N	Q	S	T	A	V	L	I	F	Y	W	H	M	C	P
0	0.31680	0.34813	0.02341	0.01160	0.01643	0.04600	0.01049	0.05914	0.01455	0.02390	0.01139	0.01486	0.01004	0.00717	0.00549	0.00192	0.03196	0.03440	0.00390	0.00840
1	0.20086	0.51745	0.09475	0.01205	0.01804	0.02376	0.01223	0.02092	0.01370	0.02042	0.00997	0.01156	0.00862	0.00615	0.00464	0.00172	0.00725	0.00388	0.00329	0.00876
2	0.29376	0.01727	0.12132	0.12473	0.18198	0.01557	0.01546	0.05122	0.01482	0.04830	0.01353	0.04887	0.01109	0.00738	0.00606	0.00220	0.00742	0.00585	0.00410	0.00905
3	0.00850	0.00607	0.00810	0.00972	0.01012	0.00567	0.00648	0.00972	0.01336	0.01781	0.03846	0.75020	0.04615	0.02186	0.00891	0.00283	0.00405	0.01984	0.00648	0.00567
4	0.01124	0.00803	0.01124	0.01285	0.01446	0.00803	0.01124	0.01446	0.01606	0.02088	0.03695	0.07871	0.04016	0.01928	0.00964	0.00321	0.00643	0.66426	0.00643	0.00643
5	0.01002	0.00815	0.00918	0.01004	0.01096	0.05415	0.00697	0.01178	0.01537	0.02028	0.20201	0.52828	0.04853	0.01900	0.00856	0.00261	0.00443	0.01703	0.00658	0.00606
6	0.02653	0.01955	0.02094	0.01606	0.02164	0.02164	0.01326	0.68796	0.03281	0.04398	0.01675	0.01675	0.01187	0.00838	0.00698	0.00209	0.00768	0.00628	0.00698	0.01187
7	0.03131	0.01188	0.01619	0.01242	0.01781	0.01026	0.01026	0.03401	0.01997	0.71606	0.02753	0.02375	0.01727	0.00864	0.00702	0.00216	0.00594	0.00702	0.00864	0.01188
8	0.01301	0.00650	0.00650	0.00650	0.00813	0.00650	0.00488	0.01626	0.01463	0.02602	0.02276	0.02602	0.01789	0.00813	0.00488	0.00163	0.00325	0.00650	0.79350	0.00650
9	0.01301	0.00650	0.00650	0.00650	0.00813	0.00650	0.00488	0.01626	0.01463	0.02602	0.02276	0.02602	0.01789	0.00813	0.00488	0.00163	0.00325	0.00650	0.79350	0.00650
10	0.01727	0.01658	0.02832	0.04283	0.71123	0.01658	0.02142	0.02142	0.01589	0.02280	0.01313	0.01727	0.01105	0.00622	0.00691	0.00207	0.00829	0.00622	0.00345	0.01105
11	0.01527	0.01527	0.02137	0.01832	0.01832	0.02137	0.01527	0.01679	0.01069	0.01679	0.00916	0.01527	0.00916	0.01221	0.02290	0.00305	0.74198	0.00611	0.00305	0.00763
12	0.01001	0.00673	0.00779	0.00802	0.00812	0.00669	0.00472	0.01025	0.01070	0.01425	0.02429	0.12318	0.02814	0.64967	0.03173	0.00622	0.00646	0.03401	0.00455	0.00446
13	0.01639	0.01402	0.01472	0.01324	0.01702	0.01587	0.01030	0.05756	0.57530	0.02826	0.03406	0.03161	0.11996	0.01061	0.00726	0.00236	0.00532	0.00881	0.00701	0.01033
14	0.03131	0.01188	0.01619	0.01242	0.01781	0.01026	0.01026	0.03401	0.01997	0.71606	0.02753	0.02375	0.01727	0.00864	0.00702	0.00216	0.00594	0.00702	0.00864	0.01188
15	0.00997	0.00748	0.01121	0.01121	0.01246	0.00872	0.00872	0.01246	0.01121	0.01620	0.01869	0.02741	0.01745	0.05234	0.72710	0.01121	0.01869	0.00748	0.00374	0.00623
16	0.01866	0.75896	0.03657	0.01194	0.01791	0.02761	0.01194	0.02090	0.01418	0.01642	0.00970	0.01119	0.00896	0.00597	0.00448	0.00149	0.00746	0.00373	0.00299	0.00896
17	0.00850	0.00607	0.00810	0.00972	0.01012	0.00567	0.00648	0.00972	0.01336	0.01781	0.03846	0.75020	0.04615	0.02186	0.00891	0.00283	0.00405	0.01984	0.00648	0.00567
18	0.01431	0.08508	0.67238	0.01935	0.02937	0.01698	0.02484	0.02202	0.01470	0.02171	0.01233	0.01449	0.00885	0.00659	0.00648	0.00216	0.01012	0.00506	0.00295	0.01022
19	0.01637	0.01558	0.02494	0.03676	0.57509	0.03840	0.01895	0.02004	0.01566	0.02183	0.01644	0.06765	0.01552	0.03607	0.00825	0.00236	0.00799	0.04815	0.00386	0.01008
20	0.01212	0.00606	0.00909	0.00909	0.00909	0.00606	0.00606	0.00909	0.00909	0.01212	0.01212	0.02121	0.01212	0.02424	0.02727	0.79697	0.00606	0.00606	0.00303	0.00303
21	0.55539	0.01635	0.03735	0.03707	0.08681	0.07357	0.03454	0.02109	0.01319	0.02774	0.01045	0.01278	0.00829	0.00672	0.00572	0.00217	0.03420	0.00444	0.00402	0.00811
22	0.02263	0.12282	0.07030	0.01938	0.04203	0.46665	0.09412	0.02544	0.01796	0.01809	0.01117	0.01350	0.00923	0.00697	0.00684	0.00190	0.03398	0.00498	0.00345	0.00857
23	0.01190	0.00725	0.00872	0.00841	0.00908	0.00714	0.00527	0.01255	0.01179	0.07604	0.06524	0.06921	0.02743	0.57127	0.07499	0.00622	0.00715	0.01022	0.00488	0.00522
24	0.02388	0.01651	0.01818	0.01473	0.01967	0.01807	0.01191	0.33023	0.28209	0.15338	0.02300	0.02146	0.01636	0.00883	0.00703	0.00221	0.00657	0.00702	0.00731	0.01156
25	0.01318	0.01240	0.02093	0.73798	0.04806	0.01550	0.01938	0.01783	0.01395	0.01783	0.01240	0.01860	0.00930	0.00698	0.00698	0.00233	0.00930	0.00620	0.00310	0.00775
26	0.00997	0.00748	0.01121	0.01121	0.01246	0.00872	0.00872	0.01246	0.01121	0.01620	0.01869	0.02741	0.01745	0.05234	0.72710	0.01121	0.01869	0.00748	0.00374	0.00623
27	0.02439	0.17026	0.02338	0.01584	0.02072	0.27309	0.01298	0.29177	0.05514	0.02830	0.01378	0.01460	0.01070	0.00753	0.00625	0.00188	0.00928	0.00522	0.00499	0.00991
28	0.01015	0.00677	0.00761	0.00761	0.00761	0.00677	0.00423	0.01015	0.01015	0.01353	0.02199	0.04567	0.02537	0.75476	0.03552	0.00677	0.00677	0.01015	0.00423	0.00423
29	0.02548	0.09040	0.02110	0.01750	0.02128	0.67169	0.01336	0.02732	0.01933	0.01703	0.01070	0.01247	0.00899	0.00709	0.00615	0.00177	0.01218	0.00443	0.00355	0.00816
30	0.03109	0.01223	0.01641	0.01258	0.01799	0.01078	0.01039	0.06410	0.02056	0.68513	0.02703	0.02343	0.01703	0.00863	0.00702	0.00216	0.00602	0.00698	0.00856	0.01188
31	0.00979	0.00717	0.00921	0.00880	0.01051	0.00658	0.00667	0.01294	0.01926	0.02688	0.62294	0.05458	0.12150	0.01478	0.00829	0.00225	0.00345	0.04037	0.00752	0.00652
32	0.00981	0.00713	0.00923	0.00871	0.01038	0.00656	0.00653	0.01304	0.01959	0.02760	0.68060	0.05276	0.09303	0.01441	0.00823	0.00220	0.00330	0.01271	0.00763	0.00656
33	0.01966	0.01613	0.01707	0.01467	0.01902	0.01843	0.01160	0.20041	0.53154	0.03290	0.02548	0.02371	0.01893	0.00919	0.00707	0.00230	0.00606	0.00749	0.00707	0.01125
34	0.04110	0.06314	0.32702	0.04621	0.15601	0.03991	0.13442	0.02277	0.01562	0.06905	0.01363	0.01627	0.01011	0.00655	0.00680	0.00216	0.00964	0.00590	0.00360	0.01010
35	0.01630	0.01850	0.04015	0.06544	0.03706	0.01754	0.65199	0.02212	0.01634	0.02212	0.01403	0.01881	0.01052	0.00594	0.00817	0.00235	0.01164	0.00813	0.00351	0.00933
36	0.01866	0.75896	0.03657	0.01194	0.01791	0.02761	0.01194	0.02090	0.01418	0.01642	0.00970	0.01119	0.00896	0.00597	0.00448	0.00149	0.00746	0.00373	0.00299	0.00896
37	0.01050	0.00761	0.01028	0.01176	0.01302	0.00756	0.00949	0.01368	0.04395	0.02011	0.03714	0.32258	0.04156	0.01981	0.00926	0.00304	0.00552	0.40031	0.00647	0.00634
38	0.05151	0.03193	0.57606	0.02006	0.02949	0.01604	0.09648	0.02266	0.01506	0.05784	0.01333	0.01548	0.00940	0.00664	0.00672	0.00222	0.01002	0.00553	0.00336	0.01017
39	0.01866	0.75896	0.03657	0.01194	0.01791	0.02761	0.01194	0.02090	0.01418	0.01642	0.00970	0.01119	0.00896	0.00597	0.00448	0.00149	0.00746	0.00373	0.00299	0.00896
40	0.01766	0.01514	0.01595	0.01426	0.01826	0.01750	0.01112	0.05828	0.67693	0.02967	0.02802	0.02573	0.02099	0.00943	0.00710	0.00236	0.00559	0.00784	0.00710	0.01107
41	0.01002	0.00729	0.01027	0.01027	0.01119	0.00821	0.00755	0.01186	0.01094	0.01550	0.01955	0.03219	0.01952	0.23605	0.54622	0.01005	0.01557	0.00818	0.00387	0.00571
42	0.01621	0.02063	0.11188	0.02842	0.03582	0.01750	0.61699	0.02233	0.01629	0.02233	0.01395	0.01840	0.01041	0.00596	0.00807	0.00234	0.01161	0.00791	0.00347	0.00951
43	0.01675	0.01206	0.01447	0.01057	0.01642	0.00931	0.00848	0.01980	0.01556	0.12634	0.05001	0.01777	0.01419	0.00615	0.00560	0.00126	0.00519	0.00500	0.00499	0.64012
44	0.01447	0.01240	0.01447	0.01034	0.01654	0.00930	0.00827	0.01757	0.01447	0.02274	0.01240	0.01447	0.01034	0.00517	0.00517	0.00103	0.00517	0.00413	0.00413	0.79742
45	0.01015	0.00677	0.00761	0.00761	0.00761	0.00677	0.00423	0.01015	0.01015	0.01353	0.02199	0.04567	0.02537	0.75476	0.03552	0.00677	0.00677	0.01015	0.00423	0.00423
46	0.01421	0.01522	0.06323	0.49574	0.10847	0.01618	0.12488	0.01909	0.01447	0.01922	0.01264	0.01819	0.00964	0.00688	0.00767	0.00232	0.03379	0.00646	0.00319	0.00847
47	0.10410	0.01869	0.01959	0.01526	0.02063	0.02080	0.01257	0.58513	0.06734	0.04189	0.01669	0.01672	0.01195	0.00825	0.00672	0.00212	0.00733	0.00612	0.00672	0.01139
48	0.01301	0.00650	0.00650	0.00650	0.00813	0.00650	0.00488	0.01626	0.01463	0.02602	0.02276	0.02602	0.01789	0.00813	0.00488	0.00163	0.00325	0.00650	0.79350	0.00650
49	0.00841	0.00708	0.00729	0.00724	0.00952	0.00596	0.00543	0.01032	0.01628	0.01975	0.13306	0.06569	0.64547	0.01734	0.00825	0.00234	0.00351	0.01452	0.00660	0.00596
50	0.01608	0.02011	0.10997	0.06727	0.05437	0.01734	0.54224	0.02248	0.03600	0.02229	0.01425	0.01855	0.01066	0.00613	0.00793	0.00233	0.01120	0.00774	0.00355	0.00951
51	0.01673	0.12335	0.06265	0.02714	0.05892	0.01896	0.54424	0.02210	0.01607	0.02153	0.01341	0.01756	0.01032	0.00593	0.00760	0.00222	0.01098	0.00742	0.00343	0.00944
52	0.72984	0.01334	0.01083	0.00949	0.01391	0.01514	0.00782	0.02181	0.01265	0.09707	0.01143	0.01253	0.00849	0.00669	0.00458	0.00216	0.00545	0.00409	0.00473	0.00797
53	0.01772	0.01743	0.02789	0.04157	0.67616	0.05269	0.02101	0.02174	0.01609	0.02251	0.01301	0.01703	0.01095	0.00627	0.00688	0.00206	0.00851	0.00613	0.00346	0.01090
54	0.03131	0.01188	0.01619	0.01242	0.01781	0.01026	0.01026	0.03401	0.01997	0.71606	0.02753	0.02375	0.01727	0.00864	0.00702	0.00216	0.00594	0.00702	0.00864	0.01188
55	0.02653	0.01955	0.02094	0.01606	0.02164	0.02164	0.01326	0.68796	0.03281	0.04398	0.01675	0.01675	0.01187	0.00838	0.00698	0.00209	0.00768	0.00628	0.00698	0.01187
56	0.01301	0.00650	0.00650	0.00650	0.00813	0.00650	0.00488	0.01626	0.01463	0.02602	0.02276	0.02602	0.01789	0.00813	0.00488	0.00163	0.00325	0.00650	0.79350	0.00650
57	0.00849	0.00612	0.00805	0.00960	0.01009	0.00568	0.00643	0.00973	0.01347	0.01786	0.03983	0.72131	0.07417	0.02169	0.00888	0.00281	0.00403	0.01962	0.00648	0.00568
