[name]
unknown

[dist]
# distance from previous block
# <min> <max>
40	85

[block]
# block no. 0 follows, 28 sequences, length 6
# corresponding to MSA columns:
# 112-117
name=unknown_A
#
# <colnr> <probs for GDERKNQSTAVLIFYWHMCP>
#	G	D	E	R	K	N	Q	S	T	A	V	L	I	F	Y	W	H	M	C	P
0	0.01779	0.01732	0.01801	0.16670	0.06167	0.16029	0.01357	0.06037	0.11235	0.02326	0.05363	0.02197	0.01642	0.01308	0.07973	0.00310	0.03163	0.00672	0.06010	0.06230
1	0.01906	0.01922	0.02589	0.02366	0.11953	0.11653	0.14816	0.11052	0.01856	0.02466	0.08248	0.02069	0.01651	0.00944	0.01215	0.00248	0.20930	0.00731	0.00447	0.00939
2	0.02216	0.01653	0.01786	0.01459	0.01885	0.01820	0.01150	0.42995	0.12148	0.03663	0.02192	0.08541	0.01889	0.11807	0.01182	0.00300	0.00722	0.00859	0.00682	0.01052
3	0.01786	0.01664	0.02360	0.02467	0.21663	0.05337	0.10774	0.09352	0.08698	0.02653	0.06544	0.06026	0.01842	0.00836	0.00727	0.00208	0.00783	0.00772	0.00502	0.15004
4	0.07905	0.01626	0.01905	0.01476	0.02003	0.01685	0.04283	0.35336	0.02628	0.14108	0.10943	0.02303	0.02028	0.00904	0.00715	0.00213	0.00691	0.00727	0.00701	0.07820
5	0.01622	0.01255	0.01526	0.01298	0.01584	0.01373	0.01014	0.18950	0.01788	0.02509	0.01760	0.02579	0.01617	0.15401	0.23536	0.00596	0.08485	0.00731	0.00487	0.11887

[dist]
# distance from previous block
# <min> <max>
0	1

[block]
# block no. 1 follows, 28 sequences, length 76
# corresponding to MSA columns:
# 119-194
name=unknown_B
#
# <colnr> <probs for GDERKNQSTAVLIFYWHMCP>
#	G	D	E	R	K	N	Q	S	T	A	V	L	I	F	Y	W	H	M	C	P
0	0.01532	0.01243	0.01531	0.01535	0.06210	0.03096	0.03759	0.15753	0.09202	0.02625	0.03179	0.38314	0.05797	0.01599	0.00837	0.00261	0.00604	0.01419	0.00651	0.00852
1	0.02511	0.10940	0.07063	0.04921	0.04984	0.01564	0.03677	0.08332	0.07207	0.34769	0.05052	0.02251	0.01734	0.00850	0.00704	0.00219	0.00720	0.00696	0.00683	0.01124
2	0.01373	0.01292	0.02180	0.72707	0.05006	0.01615	0.02019	0.01857	0.01453	0.01857	0.01292	0.01938	0.00969	0.00727	0.00727	0.00242	0.00969	0.00646	0.00323	0.00807
3	0.01772	0.02095	0.09254	0.03446	0.28348	0.05058	0.34491	0.02317	0.01694	0.02318	0.01402	0.01834	0.01098	0.00639	0.00783	0.00230	0.01082	0.00734	0.00360	0.01046
4	0.02776	0.08386	0.02241	0.01569	0.02151	0.02105	0.01315	0.50650	0.03014	0.15681	0.01873	0.01819	0.01306	0.00855	0.00705	0.00214	0.00767	0.00644	0.00720	0.01209
5	0.03158	0.01260	0.01684	0.01307	0.01858	0.01121	0.01074	0.03565	0.06830	0.65612	0.02874	0.02491	0.01829	0.00906	0.00732	0.00226	0.00615	0.00737	0.00888	0.01231
6	0.01032	0.00883	0.01008	0.01112	0.06126	0.00815	0.00750	0.01422	0.08282	0.02138	0.09203	0.11276	0.49950	0.01686	0.00842	0.00246	0.00428	0.01429	0.00664	0.00708
7	0.04578	0.00920	0.01096	0.01110	0.01290	0.00927	0.00802	0.10000	0.04529	0.04996	0.06769	0.49692	0.06733	0.01863	0.00860	0.00272	0.00485	0.01650	0.00689	0.00737
8	0.01599	0.12404	0.39851	0.02221	0.03079	0.01917	0.19834	0.02259	0.01550	0.02198	0.01289	0.01605	0.00974	0.00697	0.00811	0.00230	0.05535	0.00610	0.00325	0.01013
9	0.00932	0.00727	0.00845	0.00841	0.01033	0.00641	0.00621	0.01174	0.01791	0.02341	0.32454	0.14024	0.36484	0.01745	0.00866	0.00244	0.00364	0.01505	0.00726	0.00641
10	0.01670	0.01975	0.07620	0.02943	0.07650	0.01810	0.52635	0.02235	0.01647	0.02272	0.01501	0.04288	0.01208	0.00723	0.00954	0.00249	0.06428	0.00851	0.00370	0.00970
11	0.01617	0.12239	0.09148	0.21679	0.03584	0.01956	0.26962	0.02110	0.01526	0.02043	0.01283	0.01763	0.01009	0.00727	0.00926	0.00239	0.09259	0.00680	0.00336	0.00913
12	0.02762	0.01899	0.02071	0.01594	0.02158	0.02068	0.01315	0.58177	0.03203	0.11515	0.01889	0.01860	0.01320	0.00874	0.00719	0.00217	0.00763	0.00663	0.03716	0.01215
13	0.02422	0.01838	0.01998	0.01522	0.02112	0.01928	0.01247	0.49105	0.05685	0.03987	0.01687	0.01729	0.01239	0.00797	0.00682	0.00193	0.00728	0.00608	0.00657	0.19838
14	0.01936	0.66247	0.09087	0.01336	0.01984	0.05620	0.01366	0.02217	0.01506	0.01760	0.01039	0.01202	0.00932	0.00633	0.00492	0.00163	0.00823	0.00404	0.00313	0.00940
15	0.00913	0.00648	0.00847	0.00983	0.01029	0.00609	0.00651	0.01041	0.01402	0.01881	0.08300	0.62048	0.04721	0.09785	0.01213	0.00334	0.00446	0.01909	0.00659	0.00581
16	0.12391	0.11346	0.05865	0.01379	0.01848	0.12145	0.01176	0.07596	0.04067	0.12073	0.01852	0.11083	0.01628	0.00960	0.00721	0.00212	0.03748	0.00729	0.00530	0.08650
17	0.02626	0.01889	0.02051	0.01575	0.02136	0.02041	0.01290	0.56952	0.03118	0.07437	0.01789	0.01890	0.01311	0.03946	0.00839	0.00231	0.00769	0.00659	0.00702	0.06751
18	0.02917	0.01384	0.01735	0.01354	0.01884	0.01325	0.01110	0.16623	0.05936	0.48245	0.07518	0.02552	0.02076	0.00942	0.00740	0.00225	0.00634	0.00763	0.00848	0.01192
19	0.00885	0.00636	0.00840	0.01003	0.01052	0.00591	0.00671	0.01013	0.01401	0.01859	0.04118	0.71753	0.06962	0.02263	0.00926	0.00294	0.00420	0.02049	0.00675	0.00591
20	0.02470	0.03564	0.08019	0.04474	0.02521	0.03420	0.13860	0.13024	0.05117	0.28968	0.02063	0.02066	0.01411	0.00811	0.00780	0.00226	0.02674	0.00703	0.00639	0.03191
21	0.01455	0.01503	0.05065	0.62266	0.09580	0.04121	0.02040	0.01940	0.01493	0.01911	0.01292	0.01889	0.00979	0.00720	0.00722	0.00238	0.00978	0.00635	0.00327	0.00845
22	0.01253	0.00934	0.01168	0.01154	0.01277	0.01005	0.00841	0.09815	0.01643	0.02267	0.07898	0.40384	0.03673	0.08398	0.03971	0.00347	0.07894	0.01486	0.03897	0.00695
23	0.66956	0.01526	0.05212	0.01057	0.01555	0.01575	0.00928	0.02295	0.01344	0.10293	0.01225	0.01338	0.00902	0.00699	0.00494	0.00225	0.00598	0.00438	0.00489	0.00852
24	0.34722	0.08441	0.18881	0.07321	0.07203	0.01721	0.01521	0.02242	0.03044	0.05225	0.02898	0.01561	0.01093	0.00712	0.00581	0.00221	0.00760	0.00513	0.00418	0.00923
25	0.01307	0.01035	0.01161	0.01088	0.01361	0.01053	0.00841	0.08325	0.15751	0.02677	0.20191	0.11056	0.24107	0.01532	0.00836	0.00249	0.00472	0.05429	0.00723	0.00805
26	0.00886	0.00633	0.00843	0.01012	0.01054	0.00590	0.00675	0.01012	0.01392	0.01856	0.04006	0.73979	0.04808	0.02277	0.00928	0.00295	0.00422	0.02066	0.00675	0.00590
27	0.01839	0.01789	0.02632	0.06988	0.50833	0.06199	0.01982	0.02537	0.13197	0.02427	0.01622	0.01932	0.01313	0.00716	0.00719	0.00221	0.00847	0.00666	0.00424	0.01115
28	0.01261	0.00846	0.01090	0.00963	0.01220	0.00749	0.00736	0.01597	0.01996	0.08216	0.56375	0.04743	0.05790	0.01330	0.00811	0.00214	0.00387	0.01166	0.00766	0.09742
29	0.01702	0.01954	0.06965	0.03106	0.14992	0.01746	0.47966	0.02272	0.01681	0.02338	0.01431	0.01878	0.01101	0.00617	0.00802	0.00229	0.01104	0.00774	0.00368	0.06975
30	0.01908	0.69687	0.08702	0.01304	0.01959	0.02789	0.01349	0.02186	0.01481	0.01753	0.01032	0.01193	0.00932	0.00627	0.00483	0.00161	0.00799	0.00400	0.00311	0.00943
31	0.00919	0.00661	0.00879	0.01041	0.01106	0.00621	0.00730	0.01073	0.01436	0.01899	0.04119	0.63348	0.07272	0.02227	0.00934	0.00298	0.00450	0.09709	0.00674	0.00601
32	0.02715	0.03464	0.02060	0.01873	0.02247	0.71536	0.01404	0.02903	0.02060	0.01779	0.01124	0.01311	0.00936	0.00749	0.00655	0.00187	0.01311	0.00468	0.00375	0.00843
33	0.01752	0.00999	0.01253	0.01084	0.01399	0.00943	0.00846	0.06848	0.05228	0.20461	0.36194	0.07238	0.10094	0.01328	0.00813	0.00232	0.00464	0.01141	0.00802	0.00881
34	0.01067	0.00821	0.00888	0.00848	0.01106	0.00734	0.00643	0.01421	0.06646	0.05304	0.17932	0.06199	0.50431	0.01673	0.00844	0.00242	0.00390	0.01407	0.00712	0.00694
35	0.00895	0.00649	0.00848	0.01003	0.01067	0.00603	0.00685	0.01035	0.01425	0.01878	0.04272	0.65822	0.10036	0.02231	0.00925	0.00293	0.00428	0.04634	0.00675	0.00596
36	0.01356	0.01263	0.02083	0.60446	0.04413	0.01590	0.01878	0.01794	0.01400	0.01833	0.01332	0.02003	0.01052	0.01234	0.07861	0.00339	0.06345	0.00658	0.00329	0.00791
37	0.01655	0.11243	0.02227	0.05498	0.02001	0.09872	0.01427	0.01862	0.01296	0.01743	0.01173	0.01744	0.01102	0.01832	0.13991	0.00427	0.39168	0.00610	0.00336	0.00794
38	0.01051	0.00702	0.00795	0.00801	0.00803	0.00700	0.00449	0.01055	0.01070	0.01426	0.02355	0.07364	0.02724	0.71735	0.03595	0.00689	0.00694	0.01095	0.00449	0.00446
39	0.71889	0.01438	0.01255	0.01303	0.08187	0.01640	0.00930	0.02146	0.01278	0.03174	0.01047	0.01242	0.00823	0.00672	0.00477	0.00224	0.00592	0.00419	0.00441	0.00823
40	0.01794	0.04365	0.03946	0.05840	0.34034	0.12711	0.01700	0.05609	0.01799	0.02277	0.02397	0.02887	0.11673	0.00946	0.00740	0.00223	0.00851	0.04795	0.00445	0.00971
41	0.01715	0.01332	0.01755	0.01501	0.01833	0.01383	0.08431	0.27231	0.02223	0.02978	0.02835	0.37566	0.02991	0.01540	0.00841	0.00259	0.00660	0.01377	0.00661	0.00887
42	0.21131	0.05693	0.02005	0.01684	0.05095	0.22958	0.04329	0.18484	0.02082	0.02901	0.01339	0.01533	0.01053	0.00944	0.03587	0.00247	0.00955	0.00537	0.02503	0.00939
43	0.01499	0.01421	0.02408	0.52497	0.24230	0.01648	0.02082	0.01968	0.01513	0.02011	0.01314	0.01897	0.01023	0.00703	0.00725	0.00234	0.00938	0.00646	0.00334	0.00909
44	0.03894	0.00766	0.01072	0.10100	0.01490	0.00811	0.00808	0.01182	0.01145	0.01592	0.01910	0.11107	0.02012	0.14505	0.02252	0.37283	0.00653	0.03943	0.02999	0.00477
45	0.01894	0.02111	0.03072	0.07373	0.17178	0.16130	0.25697	0.02309	0.01676	0.02126	0.01297	0.01732	0.01051	0.00734	0.00956	0.00231	0.09930	0.00679	0.00361	0.03464
46	0.01756	0.41120	0.15028	0.01582	0.02102	0.02480	0.01597	0.02074	0.01381	0.01825	0.01045	0.01354	0.00937	0.00823	0.01064	0.00216	0.21899	0.00487	0.00312	0.00917
47	0.00885	0.00659	0.00824	0.00948	0.01039	0.00599	0.00648	0.01031	0.01473	0.01916	0.07001	0.56886	0.19135	0.02154	0.00910	0.00282	0.00407	0.01923	0.00679	0.00599
48	0.02205	0.01633	0.01767	0.01421	0.01882	0.01770	0.01153	0.47030	0.02827	0.03775	0.02829	0.05249	0.13252	0.01403	0.05629	0.00289	0.00776	0.00865	0.03198	0.01048
49	0.01714	0.02005	0.06543	0.03148	0.09427	0.01823	0.59415	0.02319	0.01704	0.02331	0.01456	0.01932	0.01101	0.00619	0.00840	0.00242	0.01189	0.00828	0.00365	0.00998
50	0.00970	0.00661	0.00881	0.01011	0.01081	0.00614	0.00688	0.01122	0.01477	0.03995	0.10394	0.65140	0.04919	0.02159	0.00915	0.00287	0.00420	0.01953	0.00694	0.00619
51	0.01057	0.00705	0.00793	0.00793	0.00793	0.00705	0.00440	0.01057	0.01057	0.01409	0.02290	0.04757	0.02643	0.74454	0.03700	0.00705	0.00705	0.01057	0.00440	0.00440
52	0.01831	0.22260	0.24620	0.01969	0.09071	0.06511	0.04929	0.02288	0.01592	0.07691	0.01540	0.06846	0.01315	0.00824	0.00725	0.00214	0.03734	0.00650	0.00397	0.00991
53	0.01252	0.00638	0.00958	0.00958	0.00964	0.00645	0.00645	0.00964	0.00958	0.01283	0.01295	0.02240	0.01289	0.02665	0.06127	0.75137	0.00694	0.00638	0.00319	0.00332
54	0.01171	0.00837	0.01171	0.01339	0.01506	0.00837	0.01171	0.01506	0.01673	0.02175	0.03849	0.08199	0.04183	0.02008	0.01004	0.00335	0.00669	0.65027	0.00669	0.00669
55	0.01688	0.01907	0.04118	0.08704	0.03897	0.01820	0.61994	0.02290	0.01694	0.02290	0.01456	0.01959	0.01092	0.00622	0.00847	0.00245	0.01205	0.00841	0.00364	0.00966
56	0.01655	0.02281	0.18002	0.06288	0.11377	0.01783	0.43092	0.02289	0.01658	0.02306	0.01415	0.01851	0.01064	0.00639	0.00800	0.00238	0.01140	0.00756	0.00352	0.01012
57	0.02068	0.02310	0.02130	0.01856	0.02079	0.28938	0.03189	0.04561	0.07323	0.01978	0.01263	0.01635	0.01097	0.01153	0.03775	0.00284	0.32511	0.00598	0.00393	0.00859
58	0.44016	0.01896	0.06944	0.05052	0.07137	0.08611	0.09664	0.04705	0.01524	0.02844	0.01170	0.01421	0.00904	0.00683	0.00583	0.00224	0.00809	0.00511	0.00419	0.00883
59	0.01785	0.01811	0.05759	0.04363	0.67151	0.01726	0.02250	0.02234	0.01650	0.02372	0.01365	0.01788	0.01142	0.00649	0.00718	0.00216	0.00872	0.00643	0.00358	0.01148
60	0.01077	0.00898	0.00962	0.00950	0.01195	0.00871	0.00708	0.01664	0.16065	0.02230	0.09218	0.16691	0.41370	0.01707	0.00844	0.00253	0.00420	0.01454	0.00696	0.00730
61	0.02578	0.15139	0.02399	0.01674	0.02175	0.30164	0.01361	0.28669	0.04230	0.02922	0.01401	0.01496	0.01089	0.00783	0.00654	0.00196	0.00995	0.00538	0.00514	0.01024
62	0.07419	0.03011	0.01112	0.00942	0.01199	0.00871	0.00718	0.01693	0.01804	0.12745	0.34818	0.04702	0.14799	0.09712	0.01121	0.00283	0.00459	0.01134	0.00713	0.00744
63	0.02827	0.01640	0.01919	0.01491	0.02032	0.01704	0.01228	0.38290	0.02744	0.29452	0.02188	0.02104	0.01493	0.01218	0.05912	0.00290	0.00815	0.00693	0.00768	0.01194
64	0.02638	0.01974	0.02111	0.01647	0.02207	0.02196	0.01351	0.59163	0.11955	0.04379	0.01904	0.01872	0.01365	0.00887	0.00729	0.00222	0.00770	0.00676	0.00729	0.01225
65	0.01039	0.00776	0.01156	0.01156	0.01281	0.00902	0.00893	0.01290	0.01165	0.01678	0.01958	0.02919	0.01845	0.07740	0.69322	0.01153	0.01906	0.00788	0.00391	0.00642
66	0.02688	0.01999	0.02139	0.01657	0.02225	0.02219	0.01363	0.62468	0.08568	0.04459	0.01841	0.01822	0.01314	0.00882	0.00728	0.00220	0.00782	0.00668	0.00728	0.01229
67	0.02548	0.02049	0.02123	0.01691	0.02183	0.07275	0.01381	0.49865	0.09643	0.03941	0.01743	0.01795	0.01285	0.00915	0.00887	0.00229	0.07973	0.00656	0.00662	0.01155
68	0.01080	0.00766	0.01104	0.01104	0.01239	0.00878	0.00856	0.01350	0.01215	0.01821	0.02003	0.02837	0.01823	0.04849	0.62267	0.01037	0.01736	0.00766	0.10617	0.00653
69	0.00994	0.00802	0.00902	0.00919	0.01148	0.00732	0.00725	0.01329	0.05315	0.02185	0.14365	0.06805	0.44969	0.01783	0.00881	0.00261	0.00436	0.14094	0.00693	0.00663
70	0.01757	0.01684	0.02874	0.11217	0.63494	0.01716	0.02210	0.02194	0.01635	0.02324	0.01360	0.01813	0.01133	0.00655	0.00720	0.00218	0.00874	0.00648	0.00356	0.01117
71	0.01062	0.00744	0.00869	0.00863	0.00882	0.00764	0.00525	0.01099	0.01145	0.01538	0.05306	0.09426	0.05275	0.60497	0.03231	0.00623	0.04060	0.01134	0.00474	0.00484
72	0.01233	0.00830	0.01145	0.01242	0.01425	0.00810	0.01054	0.01560	0.01759	0.05573	0.16735	0.09646	0.04617	0.01862	0.00959	0.00307	0.00594	0.47246	0.00706	0.00697
73	0.66449	0.01377	0.01175	0.01014	0.01483	0.01534	0.00836	0.02379	0.01382	0.14823	0.01332	0.01403	0.00961	0.00713	0.00498	0.00225	0.00572	0.00452	0.00527	0.00865
74	0.02103	0.01928	0.05364	0.08807	0.38102	0.09922	0.01886	0.06046	0.05033	0.11322	0.01623	0.01870	0.01242	0.00729	0.00714	0.00218	0.00884	0.00641	0.00465	0.01100
75	0.05330	0.05080	0.02411	0.05420	0.21344	0.08939	0.01621	0.34765	0.02541	0.03398	0.01500	0.01680	0.01142	0.00773	0.00696	0.00213	0.00865	0.00613	0.00544	0.01126

[dist]
# distance from previous block
# <min> <max>
0	1

[block]
# block no. 2 follows, 28 sequences, length 183
# corresponding to MSA columns:
# 196-378
name=unknown_C
#
# <colnr> <probs for GDERKNQSTAVLIFYWHMCP>
#	G	D	E	R	K	N	Q	S	T	A	V	L	I	F	Y	W	H	M	C	P
0	0.02504	0.19240	0.02496	0.01679	0.02148	0.34980	0.01370	0.19432	0.02239	0.02489	0.01252	0.01403	0.01014	0.00775	0.00706	0.00194	0.04162	0.00506	0.00449	0.00963
1	0.01744	0.01156	0.01371	0.01065	0.01553	0.00976	0.00848	0.06214	0.01812	0.13498	0.11747	0.02717	0.06675	0.00869	0.00645	0.00166	0.00510	0.00716	0.08206	0.37511
2	0.01790	0.01266	0.01408	0.01229	0.01554	0.04227	0.00961	0.18392	0.05400	0.10249	0.25462	0.12508	0.07747	0.01349	0.00810	0.00237	0.00562	0.03211	0.00744	0.00895
3	0.01791	0.06748	0.13776	0.03639	0.49168	0.04647	0.02160	0.02338	0.04565	0.02326	0.01394	0.01737	0.01138	0.00672	0.00697	0.00215	0.00898	0.00614	0.00365	0.01113
4	0.03018	0.01188	0.01620	0.01280	0.01798	0.01036	0.01059	0.03306	0.02051	0.62715	0.05848	0.03002	0.02187	0.01003	0.00756	0.00233	0.00610	0.05240	0.00879	0.01173
5	0.00900	0.00651	0.00851	0.00984	0.01053	0.00602	0.00668	0.01054	0.01481	0.01979	0.11430	0.62283	0.09048	0.02163	0.00916	0.00285	0.00410	0.01951	0.00689	0.00602
6	0.01648	0.03424	0.55719	0.02201	0.05996	0.06339	0.07019	0.02391	0.01610	0.05033	0.01370	0.01599	0.00980	0.00696	0.00703	0.00228	0.01073	0.00568	0.00342	0.01062
7	0.00910	0.00735	0.00815	0.00843	0.01050	0.00640	0.00638	0.01119	0.01674	0.02079	0.13702	0.14525	0.49142	0.01866	0.00880	0.00257	0.00399	0.07412	0.00689	0.00624
8	0.01038	0.00779	0.01168	0.01168	0.01298	0.00909	0.00909	0.01298	0.01168	0.01687	0.01947	0.02856	0.01817	0.05452	0.71573	0.01168	0.01947	0.00779	0.00389	0.00649
9	0.02210	0.06164	0.07051	0.08620	0.05615	0.37130	0.09170	0.04736	0.01840	0.02000	0.01201	0.01514	0.00979	0.00772	0.00851	0.00215	0.08106	0.00561	0.00367	0.00897
10	0.11204	0.06819	0.02101	0.01591	0.02109	0.15439	0.01296	0.39476	0.07145	0.03614	0.01579	0.01627	0.01175	0.00819	0.00667	0.00211	0.00855	0.00584	0.00603	0.01086
11	0.00859	0.00736	0.00736	0.00736	0.00982	0.00614	0.00552	0.01043	0.01657	0.01964	0.07364	0.06996	0.69624	0.01841	0.00859	0.00245	0.00368	0.01534	0.00675	0.00614
12	0.01783	0.01825	0.05577	0.02353	0.14216	0.06158	0.19721	0.02361	0.07210	0.04852	0.01540	0.01807	0.01202	0.00649	0.00697	0.00191	0.00867	0.00638	0.00434	0.25920
13	0.01905	0.69242	0.09120	0.01310	0.01967	0.02782	0.01358	0.02187	0.01482	0.01757	0.01034	0.01195	0.00932	0.00627	0.00484	0.00161	0.00801	0.00400	0.00311	0.00944
14	0.01631	0.06158	0.40385	0.11104	0.08766	0.01655	0.06595	0.02286	0.01609	0.07362	0.04596	0.01871	0.01301	0.00736	0.00709	0.00228	0.00971	0.00625	0.00385	0.01028
15	0.02567	0.01914	0.02060	0.01607	0.02156	0.02100	0.01315	0.57710	0.07606	0.04271	0.01906	0.04923	0.01450	0.00927	0.00729	0.00219	0.00758	0.00718	0.00714	0.04351
16	0.01732	0.03869	0.01474	0.01262	0.01631	0.01355	0.01009	0.02847	0.33543	0.12211	0.07991	0.04143	0.14528	0.01254	0.00786	0.00248	0.00547	0.07859	0.00732	0.00979
17	0.01660	0.01585	0.02700	0.26697	0.48770	0.01691	0.02162	0.02109	0.01589	0.02206	0.01343	0.01844	0.01092	0.00673	0.00722	0.00224	0.00898	0.00647	0.00348	0.01039
18	0.01680	0.04901	0.01670	0.01674	0.10636	0.18886	0.01119	0.04168	0.07099	0.02231	0.13165	0.03592	0.16542	0.06107	0.03175	0.00279	0.00788	0.00924	0.00543	0.00820
19	0.02665	0.03310	0.02073	0.01865	0.02232	0.65056	0.01412	0.05852	0.02079	0.01908	0.01145	0.01344	0.00951	0.00779	0.00740	0.00195	0.04663	0.00485	0.00388	0.00859
20	0.01141	0.00852	0.01042	0.00946	0.01177	0.00792	0.00721	0.05760	0.02067	0.02866	0.53108	0.05240	0.15269	0.01455	0.00835	0.00225	0.00386	0.01264	0.00761	0.04094
21	0.01686	0.01243	0.01443	0.01253	0.01484	0.01379	0.00940	0.24876	0.01945	0.02640	0.02076	0.08006	0.02053	0.27546	0.13133	0.00551	0.05499	0.00913	0.00543	0.00791
22	0.00928	0.00739	0.00831	0.00808	0.01024	0.00643	0.00606	0.01176	0.01819	0.02348	0.32478	0.06363	0.44270	0.01698	0.00858	0.00239	0.00358	0.01445	0.00726	0.00643
23	0.01412	0.00733	0.00739	0.00718	0.00904	0.00742	0.00544	0.04380	0.01602	0.02786	0.02346	0.02671	0.01838	0.00848	0.00517	0.00171	0.00358	0.00677	0.75315	0.00700
24	0.02715	0.03464	0.02060	0.01873	0.02247	0.71536	0.01404	0.02903	0.02060	0.01779	0.01124	0.01311	0.00936	0.00749	0.00655	0.00187	0.01311	0.00468	0.00375	0.00843
25	0.02846	0.01903	0.02099	0.01609	0.02188	0.02056	0.01329	0.56812	0.03194	0.15581	0.01933	0.01867	0.01330	0.00877	0.00728	0.00219	0.00770	0.00667	0.00756	0.01236
26	0.01010	0.00765	0.00912	0.00893	0.01065	0.00712	0.00648	0.01337	0.04905	0.02423	0.37324	0.12510	0.22147	0.08749	0.01137	0.00287	0.00403	0.01398	0.00718	0.00656
27	0.00886	0.00633	0.00843	0.01012	0.01054	0.00590	0.00675	0.01012	0.01392	0.01856	0.04006	0.73979	0.04808	0.02277	0.00928	0.00295	0.00422	0.02066	0.00675	0.00590
28	0.16221	0.01933	0.01932	0.01532	0.02060	0.05303	0.01256	0.49873	0.02865	0.04083	0.01597	0.01678	0.01170	0.01046	0.03991	0.00262	0.00835	0.00606	0.00646	0.01111
29	0.01719	0.01029	0.01066	0.00935	0.01211	0.01085	0.00734	0.18708	0.02014	0.03194	0.02209	0.02461	0.01701	0.00854	0.00565	0.00182	0.00458	0.00672	0.58383	0.00822
30	0.00886	0.00633	0.00843	0.01012	0.01054	0.00590	0.00675	0.01012	0.01392	0.01856	0.04006	0.73979	0.04808	0.02277	0.00928	0.00295	0.00422	0.02066	0.00675	0.00590
31	0.00963	0.00740	0.00880	0.00845	0.01046	0.00658	0.00634	0.01244	0.01902	0.02545	0.45382	0.06038	0.31243	0.01624	0.00858	0.00235	0.00353	0.01400	0.00752	0.00658
32	0.01602	0.01526	0.02595	0.35987	0.39933	0.01675	0.02133	0.02058	0.01562	0.02136	0.01333	0.01863	0.01067	0.00684	0.00723	0.00228	0.00912	0.00647	0.00343	0.00993
33	0.02624	0.02883	0.02194	0.02112	0.09924	0.44955	0.01492	0.20228	0.02380	0.02601	0.01319	0.01483	0.01042	0.00771	0.00682	0.00199	0.01122	0.00539	0.00468	0.00984
34	0.74455	0.01543	0.01135	0.01017	0.01462	0.06299	0.00828	0.02188	0.01292	0.03162	0.01020	0.01190	0.00797	0.00680	0.00464	0.00222	0.00612	0.00399	0.00445	0.00791
35	0.01799	0.01727	0.02950	0.04462	0.69919	0.01727	0.02231	0.02231	0.01655	0.02375	0.01367	0.01799	0.01151	0.00648	0.00720	0.00216	0.00864	0.00648	0.00360	0.01151
36	0.01240	0.00863	0.00995	0.00962	0.01049	0.00889	0.00625	0.09447	0.01422	0.01905	0.02523	0.17082	0.02827	0.48581	0.06003	0.00589	0.00723	0.01180	0.00518	0.00578
37	0.04900	0.40691	0.33032	0.01595	0.02409	0.02304	0.01858	0.02230	0.01493	0.02033	0.01140	0.01328	0.00922	0.00654	0.00564	0.00191	0.00899	0.00454	0.00315	0.00989
38	0.09752	0.01849	0.01910	0.03653	0.06594	0.06805	0.01288	0.37436	0.08625	0.03607	0.02320	0.02333	0.08762	0.00942	0.00711	0.00223	0.00754	0.00727	0.00635	0.01072
39	0.20202	0.01611	0.01659	0.01326	0.01817	0.01757	0.01087	0.36156	0.02503	0.11286	0.01790	0.01833	0.01284	0.00827	0.00633	0.00214	0.00660	0.00606	0.11693	0.01054
40	0.00990	0.00750	0.00900	0.00965	0.01114	0.00702	0.00716	0.01241	0.03745	0.02037	0.10954	0.24943	0.25134	0.09678	0.01203	0.00322	0.00476	0.12844	0.00663	0.00623
41	0.01860	0.01758	0.02957	0.04215	0.62542	0.01767	0.04987	0.06593	0.01775	0.02520	0.01397	0.01802	0.01155	0.00661	0.00726	0.00217	0.00875	0.00657	0.00385	0.01150
42	0.00924	0.00648	0.00859	0.01020	0.01076	0.00610	0.00701	0.01073	0.01416	0.01912	0.03929	0.66678	0.04646	0.02201	0.00916	0.00293	0.00435	0.06214	0.03851	0.00599
43	0.01057	0.00705	0.00793	0.00793	0.00793	0.00705	0.00440	0.01057	0.01057	0.01409	0.02290	0.04757	0.02643	0.74454	0.03700	0.00705	0.00705	0.01057	0.00440	0.00440
44	0.01751	0.20086	0.07264	0.04299	0.02246	0.05493	0.06457	0.02261	0.09854	0.01988	0.01303	0.01650	0.01117	0.00942	0.01332	0.00248	0.29824	0.00600	0.00375	0.00910
45	0.01733	0.01912	0.04009	0.03356	0.17641	0.01815	0.53662	0.02308	0.01703	0.02338	0.01449	0.01927	0.01113	0.00620	0.00829	0.00239	0.01150	0.00814	0.00366	0.01016
46	0.01171	0.00837	0.01171	0.01339	0.01506	0.00837	0.01171	0.01506	0.01673	0.02175	0.03849	0.08199	0.04183	0.02008	0.01004	0.00335	0.00669	0.65027	0.00669	0.00669
47	0.01770	0.01708	0.02950	0.08639	0.63551	0.01724	0.04528	0.02211	0.01645	0.02341	0.01366	0.01813	0.01138	0.00651	0.00725	0.00219	0.00883	0.00655	0.00358	0.01124
48	0.01573	0.01683	0.03139	0.29474	0.03997	0.04907	0.34637	0.02083	0.01609	0.02090	0.01563	0.06944	0.01302	0.00779	0.00803	0.00245	0.01075	0.00843	0.00372	0.00881
49	0.06916	0.49380	0.05899	0.01383	0.01967	0.14231	0.01298	0.04708	0.01661	0.05160	0.01155	0.01288	0.00975	0.00671	0.00528	0.00174	0.00860	0.00434	0.00373	0.00940
50	0.79588	0.01406	0.01068	0.00956	0.01406	0.01631	0.00787	0.02137	0.01237	0.03261	0.01012	0.01181	0.00787	0.00675	0.00450	0.00225	0.00562	0.00394	0.00450	0.00787
51	0.00886	0.00633	0.00843	0.01012	0.01054	0.00590	0.00675	0.01012	0.01392	0.01856	0.04006	0.73979	0.04808	0.02277	0.00928	0.00295	0.00422	0.02066	0.00675	0.00590
52	0.01494	0.01348	0.04843	0.03755	0.14102	0.01315	0.01246	0.05351	0.19736	0.02791	0.23556	0.08041	0.03505	0.01136	0.00772	0.00233	0.00578	0.00996	0.04269	0.00936
53	0.01507	0.01292	0.01507	0.01077	0.01723	0.00969	0.00861	0.01830	0.01507	0.02369	0.01292	0.01507	0.01077	0.00538	0.00538	0.00108	0.00538	0.00431	0.00431	0.78898
54	0.01943	0.74891	0.03809	0.01244	0.01866	0.02876	0.01244	0.02177	0.01477	0.01710	0.01011	0.01166	0.00933	0.00622	0.00466	0.00155	0.00777	0.00389	0.00311	0.00933
55	0.01542	0.00949	0.01171	0.01049	0.01338	0.00888	0.00804	0.03962	0.07471	0.15330	0.30890	0.12727	0.13355	0.01424	0.00817	0.00235	0.00448	0.01231	0.00767	0.03601
56	0.00996	0.00738	0.00905	0.00865	0.01036	0.00673	0.00634	0.01273	0.01877	0.02571	0.50029	0.05693	0.19614	0.08581	0.01131	0.00278	0.00383	0.01336	0.00739	0.00647
57	0.01808	0.01561	0.01644	0.01479	0.01890	0.01808	0.01151	0.03863	0.68606	0.03041	0.02959	0.02712	0.02219	0.00986	0.00740	0.00247	0.00575	0.00822	0.00740	0.01151
58	0.01038	0.00779	0.01168	0.01168	0.01298	0.00909	0.00909	0.01298	0.01168	0.01687	0.01947	0.02856	0.01817	0.05452	0.71573	0.01168	0.01947	0.00779	0.00389	0.00649
59	0.02750	0.02439	0.02147	0.01729	0.02252	0.21783	0.01388	0.49288	0.03035	0.03791	0.01570	0.01623	0.01152	0.00838	0.00707	0.00209	0.00944	0.00602	0.00628	0.01125
60	0.01759	0.01506	0.01607	0.01469	0.01861	0.01734	0.01152	0.03682	0.63480	0.02974	0.03027	0.03132	0.02369	0.01064	0.00760	0.00253	0.00582	0.05739	0.00734	0.01114
61	0.00899	0.00642	0.00859	0.01027	0.01075	0.00602	0.00698	0.01035	0.01405	0.01870	0.03999	0.70920	0.04779	0.02265	0.00931	0.00297	0.00433	0.04994	0.00675	0.00594
62	0.00884	0.00637	0.00839	0.01000	0.01051	0.00591	0.00669	0.01014	0.01403	0.01860	0.04153	0.71054	0.07639	0.02258	0.00925	0.00293	0.00419	0.02043	0.00675	0.00591
63	0.03039	0.01363	0.01737	0.01357	0.01904	0.01285	0.01113	0.10676	0.09897	0.55350	0.02754	0.02421	0.01785	0.00907	0.00732	0.00227	0.00634	0.00733	0.00862	0.01227
64	0.79588	0.01406	0.01068	0.00956	0.01406	0.01631	0.00787	0.02137	0.01237	0.03261	0.01012	0.01181	0.00787	0.00675	0.00450	0.00225	0.00562	0.00394	0.00450	0.00787
65	0.01345	0.00678	0.00681	0.00681	0.00845	0.00678	0.00506	0.01673	0.01509	0.02668	0.02369	0.02776	0.01888	0.03212	0.00611	0.00187	0.00351	0.00690	0.75981	0.00670
66	0.01504	0.01018	0.01114	0.01035	0.01338	0.03270	0.00812	0.04845	0.04960	0.13789	0.08056	0.10114	0.35755	0.01589	0.00838	0.00250	0.00506	0.07707	0.00713	0.00789
67	0.01762	0.01689	0.02883	0.10402	0.64269	0.01717	0.02212	0.02198	0.01638	0.02330	0.01361	0.01811	0.01136	0.00655	0.00720	0.00218	0.00873	0.00648	0.00357	0.01121
68	0.01112	0.03417	0.01050	0.00903	0.01114	0.00765	0.00688	0.01409	0.01933	0.05109	0.50986	0.05444	0.18155	0.03627	0.00922	0.00243	0.00384	0.01294	0.00752	0.00694
69	0.01873	0.06956	0.07759	0.03684	0.47705	0.09080	0.07981	0.02311	0.01682	0.02259	0.01323	0.01702	0.01094	0.00656	0.00706	0.00213	0.00952	0.00623	0.00355	0.01084
70	0.10682	0.20938	0.02441	0.01621	0.01967	0.27807	0.01345	0.02325	0.01568	0.01917	0.01037	0.01334	0.00924	0.00848	0.01047	0.00218	0.20297	0.00485	0.00352	0.00847
71	0.79588	0.01406	0.01068	0.00956	0.01406	0.01631	0.00787	0.02137	0.01237	0.03261	0.01012	0.01181	0.00787	0.00675	0.00450	0.00225	0.00562	0.00394	0.00450	0.00787
72	0.01078	0.00834	0.01232	0.01209	0.01325	0.00996	0.00942	0.01323	0.01161	0.01683	0.01887	0.02826	0.01782	0.07370	0.64444	0.01093	0.06997	0.00778	0.00386	0.00653
73	0.02071	0.01487	0.01739	0.01494	0.04780	0.01520	0.01157	0.28405	0.05051	0.08601	0.02231	0.02627	0.04768	0.01405	0.08067	0.00306	0.00806	0.04980	0.03291	0.15215
74	0.01799	0.01727	0.02950	0.04462	0.69919	0.01727	0.02231	0.02231	0.01655	0.02375	0.01367	0.01799	0.01151	0.00648	0.00720	0.00216	0.00864	0.00648	0.00360	0.01151
75	0.03208	0.01249	0.01685	0.01300	0.01857	0.01095	0.01071	0.03554	0.04505	0.67968	0.02871	0.02483	0.01815	0.00903	0.00731	0.00226	0.00617	0.00734	0.00894	0.01234
76	0.00939	0.00680	0.00899	0.01050	0.01132	0.00639	0.00757	0.01114	0.01479	0.01950	0.05996	0.55524	0.09260	0.02177	0.00935	0.00297	0.00461	0.13426	0.00677	0.00609
77	0.01547	0.15013	0.57133	0.01983	0.02971	0.01884	0.05277	0.02283	0.01533	0.02209	0.01265	0.01495	0.00931	0.00676	0.00662	0.00219	0.01034	0.00527	0.00310	0.01048
78	0.00892	0.00635	0.00842	0.01004	0.01045	0.00595	0.00666	0.01014	0.01380	0.01839	0.03944	0.71457	0.04729	0.04907	0.01029	0.00310	0.00432	0.02030	0.00666	0.00585
79	0.00987	0.00740	0.00918	0.00894	0.01077	0.00670	0.00673	0.01282	0.01915	0.02609	0.48981	0.09104	0.21642	0.01629	0.00867	0.00240	0.00366	0.03985	0.00759	0.00664
80	0.12734	0.01975	0.08109	0.02864	0.11220	0.01786	0.45874	0.02288	0.01629	0.02464	0.01382	0.01803	0.01052	0.00631	0.00773	0.00238	0.01079	0.00746	0.00374	0.00979
81	0.01458	0.03760	0.70688	0.02072	0.03146	0.01688	0.02686	0.02302	0.01535	0.02302	0.01304	0.01535	0.00921	0.00691	0.00691	0.00230	0.01074	0.00537	0.00307	0.01074
82	0.00901	0.00649	0.00858	0.01019	0.01078	0.00606	0.00698	0.01043	0.01421	0.01880	0.04154	0.66961	0.07804	0.02241	0.00929	0.00295	0.00434	0.05759	0.00674	0.00596
83	0.01633	0.01911	0.12008	0.02920	0.26044	0.01563	0.18286	0.02197	0.03926	0.02357	0.01657	0.02383	0.01413	0.00766	0.00752	0.00222	0.00909	0.06585	0.00406	0.12062
84	0.01660	0.08091	0.01911	0.07816	0.01999	0.08361	0.01270	0.10052	0.01596	0.02140	0.01510	0.02059	0.01324	0.02467	0.25154	0.00554	0.16514	0.00651	0.04058	0.00814
85	0.02616	0.03198	0.02112	0.05287	0.05303	0.60896	0.01468	0.06879	0.02099	0.01984	0.01181	0.01389	0.00966	0.00751	0.00666	0.00193	0.01243	0.00496	0.00394	0.00879
86	0.56913	0.01629	0.05852	0.03573	0.12625	0.01675	0.01196	0.04823	0.01418	0.03074	0.01125	0.01346	0.00877	0.00681	0.00527	0.00224	0.00664	0.00461	0.00434	0.00883
87	0.00885	0.00658	0.00826	0.00951	0.01040	0.00599	0.00650	0.01032	0.01471	0.01916	0.07056	0.57564	0.18387	0.02158	0.00911	0.00282	0.00408	0.01929	0.00679	0.00599
88	0.01609	0.01854	0.08304	0.05822	0.10225	0.01649	0.41217	0.02154	0.01660	0.02328	0.04735	0.04156	0.01496	0.00743	0.00845	0.00236	0.03034	0.00834	0.04023	0.03077
89	0.01171	0.00837	0.01171	0.01339	0.01506	0.00837	0.01171	0.01506	0.01673	0.02175	0.03849	0.08199	0.04183	0.02008	0.01004	0.00335	0.00669	0.65027	0.00669	0.00669
90	0.01943	0.74891	0.03809	0.01244	0.01866	0.02876	0.01244	0.02177	0.01477	0.01710	0.01011	0.01166	0.00933	0.00622	0.00466	0.00155	0.00777	0.00389	0.00311	0.00933
91	0.12576	0.01946	0.01824	0.01491	0.01968	0.10787	0.01200	0.37915	0.08206	0.03724	0.06227	0.01987	0.01625	0.00880	0.00681	0.00216	0.00763	0.00656	0.04268	0.01057
92	0.01004	0.00742	0.00937	0.00888	0.01071	0.00675	0.00666	0.01324	0.01999	0.02776	0.60434	0.05659	0.16048	0.01538	0.00858	0.00231	0.00347	0.01347	0.00782	0.00675
93	0.01199	0.00965	0.01114	0.01142	0.01389	0.00978	0.00922	0.01883	0.17720	0.02292	0.04901	0.09510	0.27179	0.01715	0.00885	0.00280	0.00527	0.23948	0.00688	0.00761
94	0.01038	0.00779	0.01168	0.01168	0.01298	0.00909	0.00909	0.01298	0.01168	0.01687	0.01947	0.02856	0.01817	0.05452	0.71573	0.01168	0.01947	0.00779	0.00389	0.00649
95	0.79588	0.01406	0.01068	0.00956	0.01406	0.01631	0.00787	0.02137	0.01237	0.03261	0.01012	0.01181	0.00787	0.00675	0.00450	0.00225	0.00562	0.00394	0.00450	0.00787
96	0.01958	0.01578	0.01681	0.01469	0.01902	0.01789	0.01155	0.11780	0.55071	0.06140	0.02959	0.02733	0.04493	0.00999	0.00742	0.00242	0.00598	0.00822	0.00743	0.01146
97	0.00913	0.00667	0.00860	0.00978	0.01066	0.00615	0.00679	0.01084	0.01526	0.02029	0.13668	0.54277	0.12572	0.02106	0.00912	0.00281	0.00413	0.04053	0.00692	0.00609
98	0.00879	0.00658	0.00817	0.00945	0.01037	0.00596	0.00645	0.01020	0.01456	0.01882	0.04826	0.57626	0.20632	0.02171	0.00911	0.00283	0.00409	0.01936	0.00675	0.00596
99	0.03092	0.04872	0.01894	0.01373	0.01942	0.01410	0.01144	0.17310	0.02341	0.52953	0.02538	0.02255	0.01637	0.00881	0.00718	0.00220	0.00665	0.00698	0.00835	0.01223
100	0.00986	0.00741	0.00912	0.00869	0.01060	0.00668	0.00652	0.01289	0.01956	0.02674	0.53801	0.05826	0.22744	0.01576	0.00858	0.00233	0.00349	0.01370	0.00769	0.00668
101	0.01355	0.00678	0.00678	0.00678	0.00847	0.00678	0.00508	0.01694	0.01524	0.02710	0.02371	0.02710	0.01863	0.00847	0.00508	0.00169	0.00339	0.00678	0.78489	0.00678
102	0.05773	0.01243	0.01667	0.01282	0.01841	0.01087	0.01059	0.03496	0.02053	0.68213	0.02807	0.02432	0.01766	0.00892	0.00722	0.00225	0.00617	0.00720	0.00885	0.01222
103	0.02699	0.02004	0.02146	0.01660	0.02230	0.02224	0.01366	0.63246	0.07771	0.04478	0.01826	0.01810	0.01302	0.00880	0.00728	0.00220	0.00785	0.00666	0.00728	0.01230
104	0.02425	0.02850	0.02044	0.01814	0.02116	0.49019	0.01403	0.07229	0.01936	0.02013	0.01187	0.01461	0.01002	0.00872	0.01016	0.00216	0.16254	0.00526	0.03766	0.00854
105	0.24957	0.04780	0.01952	0.06634	0.10716	0.33010	0.01363	0.04710	0.01755	0.02386	0.01151	0.01386	0.00932	0.00713	0.00604	0.00206	0.00978	0.00485	0.00401	0.00880
106	0.01473	0.01716	0.11100	0.25136	0.20014	0.01561	0.10201	0.01943	0.01524	0.02096	0.01702	0.11948	0.01563	0.00928	0.00833	0.00245	0.03857	0.00858	0.00385	0.00917
107	0.01382	0.00816	0.00981	0.04252	0.01216	0.00865	0.00718	0.05864	0.01482	0.02331	0.02128	0.08295	0.01892	0.03953	0.03095	0.16199	0.02775	0.00792	0.40328	0.00635
108	0.01705	0.03489	0.54775	0.02187	0.07694	0.10486	0.02434	0.02417	0.01629	0.04684	0.01342	0.01559	0.00971	0.00702	0.00690	0.00224	0.01073	0.00543	0.00340	0.01056
109	0.01571	0.09816	0.60167	0.02060	0.05386	0.01773	0.02491	0.02329	0.01552	0.04475	0.01332	0.01543	0.00959	0.00690	0.00673	0.00223	0.01026	0.00534	0.00329	0.01070
110	0.03261	0.01237	0.01687	0.01293	0.01856	0.01068	0.01068	0.03543	0.02081	0.70423	0.02868	0.02474	0.01799	0.00900	0.00731	0.00225	0.00619	0.00731	0.00900	0.01237
111	0.01661	0.03321	0.56829	0.02102	0.03090	0.01644	0.09464	0.02426	0.01607	0.08948	0.01475	0.01672	0.01026	0.00703	0.00713	0.00231	0.01046	0.00590	0.00371	0.01080
112	0.04885	0.02051	0.02279	0.05380	0.21879	0.14352	0.01633	0.24839	0.02292	0.03000	0.01587	0.02096	0.01316	0.00866	0.00794	0.00225	0.04059	0.04908	0.00510	0.01051
113	0.01043	0.00762	0.01082	0.01082	0.01182	0.00862	0.00801	0.01243	0.01143	0.01624	0.02026	0.03291	0.02006	0.21248	0.56036	0.01062	0.01663	0.00843	0.00401	0.00601
114	0.01035	0.00709	0.00792	0.00791	0.00823	0.00694	0.00461	0.01066	0.01155	0.01518	0.05007	0.05024	0.10110	0.64161	0.03298	0.00639	0.00656	0.01118	0.00478	0.00467
115	0.02114	0.02568	0.05834	0.07108	0.09276	0.32749	0.17422	0.04830	0.01895	0.02113	0.01690	0.01963	0.05596	0.00780	0.00733	0.00215	0.01132	0.00673	0.00398	0.00913
116	0.05053	0.01884	0.06784	0.07656	0.11962	0.01735	0.45652	0.02213	0.01646	0.02320	0.01537	0.05270	0.01252	0.00709	0.00809	0.00242	0.01089	0.00839	0.00379	0.00968
117	0.01171	0.00837	0.01171	0.01339	0.01506	0.00837	0.01171	0.01506	0.01673	0.02175	0.03849	0.08199	0.04183	0.02008	0.01004	0.00335	0.00669	0.65027	0.00669	0.00669
118	0.01700	0.01640	0.02848	0.14090	0.53309	0.01676	0.06481	0.02148	0.01646	0.02319	0.04146	0.01978	0.01355	0.00691	0.00736	0.00222	0.00882	0.00689	0.00373	0.01071
119	0.02214	0.33787	0.04726	0.01345	0.01871	0.12806	0.01205	0.05495	0.01839	0.15448	0.07982	0.02125	0.04629	0.00842	0.00619	0.00190	0.00782	0.00619	0.00516	0.00961
120	0.01468	0.03700	0.68700	0.02142	0.05105	0.01689	0.02672	0.02300	0.01538	0.02304	0.01306	0.01542	0.00928	0.00689	0.00691	0.00230	0.01068	0.00540	0.00308	0.01077
121	0.79588	0.01406	0.01068	0.00956	0.01406	0.01631	0.00787	0.02137	0.01237	0.03261	0.01012	0.01181	0.00787	0.00675	0.00450	0.00225	0.00562	0.00394	0.00450	0.00787
122	0.01523	0.01503	0.02148	0.01850	0.01879	0.02050	0.03386	0.01696	0.01153	0.01772	0.01227	0.06961	0.01271	0.01470	0.04597	0.00343	0.63288	0.00752	0.00348	0.00780
123	0.02304	0.01714	0.01868	0.01517	0.01980	0.01881	0.01218	0.48417	0.08760	0.03938	0.05145	0.13539	0.02137	0.01134	0.00766	0.00233	0.00700	0.00923	0.00723	0.01102
124	0.01620	0.01288	0.01543	0.03635	0.01848	0.00999	0.00916	0.01946	0.01544	0.06895	0.01397	0.01587	0.01121	0.00569	0.00558	0.00120	0.00559	0.00458	0.00458	0.70938
125	0.02715	0.03464	0.02060	0.01873	0.02247	0.71536	0.01404	0.02903	0.02060	0.01779	0.01124	0.01311	0.00936	0.00749	0.00655	0.00187	0.01311	0.00468	0.00375	0.00843
126	0.01057	0.00980	0.05880	0.01127	0.03168	0.00782	0.00904	0.01392	0.01840	0.02528	0.39804	0.12731	0.14656	0.01599	0.00866	0.00250	0.00457	0.08568	0.00708	0.00704
127	0.01046	0.00748	0.01014	0.01014	0.01090	0.00825	0.00716	0.01199	0.01122	0.01573	0.02088	0.03638	0.02157	0.33860	0.43629	0.00977	0.01436	0.00893	0.00410	0.00563
128	0.01590	0.01590	0.02226	0.01908	0.01908	0.02226	0.01590	0.01749	0.01113	0.01749	0.00954	0.01590	0.00954	0.01272	0.02385	0.00318	0.73123	0.00636	0.00318	0.00795
129	0.01038	0.00779	0.01168	0.01168	0.01298	0.00909	0.00909	0.01298	0.01168	0.01687	0.01947	0.02856	0.01817	0.05452	0.71573	0.01168	0.01947	0.00779	0.00389	0.00649
130	0.09947	0.01977	0.02077	0.01605	0.02175	0.02196	0.01326	0.61384	0.03214	0.04458	0.01677	0.01692	0.01194	0.00854	0.00701	0.00219	0.00778	0.00630	0.00701	0.01194
131	0.02739	0.01985	0.02143	0.01640	0.02223	0.02172	0.01354	0.63169	0.03310	0.06757	0.01769	0.01762	0.01250	0.00863	0.00721	0.00215	0.00785	0.00650	0.00723	0.03770
132	0.00895	0.00640	0.00855	0.01023	0.01070	0.00599	0.00692	0.01029	0.01401	0.01867	0.04001	0.71733	0.04786	0.02268	0.00930	0.00297	0.00430	0.04217	0.00675	0.00593
133	0.00884	0.00637	0.00838	0.00999	0.01051	0.00592	0.00669	0.01014	0.01404	0.01861	0.04164	0.70831	0.07854	0.02257	0.00925	0.00293	0.00419	0.02041	0.00675	0.00592
134	0.02715	0.03464	0.02060	0.01873	0.02247	0.71536	0.01404	0.02903	0.02060	0.01779	0.01124	0.01311	0.00936	0.00749	0.00655	0.00187	0.01311	0.00468	0.00375	0.00843
135	0.03170	0.01383	0.01777	0.01362	0.01928	0.01285	0.01126	0.15208	0.02324	0.58412	0.02663	0.02341	0.01697	0.00895	0.00730	0.00224	0.00652	0.00717	0.00868	0.01237
136	0.01038	0.00779	0.01168	0.01168	0.01298	0.00909	0.00909	0.01298	0.01168	0.01687	0.01947	0.02856	0.01817	0.05452	0.71573	0.01168	0.01947	0.00779	0.00389	0.00649
137	0.02871	0.01864	0.02075	0.01591	0.02168	0.01999	0.01314	0.53710	0.03129	0.18773	0.01987	0.01902	0.01358	0.00878	0.00728	0.00220	0.00761	0.00671	0.00764	0.01236
138	0.01914	0.01158	0.01392	0.01196	0.01537	0.01166	0.00945	0.15409	0.06670	0.16863	0.08271	0.03636	0.14626	0.01722	0.06141	0.11434	0.00685	0.03683	0.00675	0.00877
139	0.07367	0.35136	0.02878	0.01900	0.14682	0.07428	0.01379	0.11571	0.01819	0.02428	0.01287	0.01488	0.01073	0.00691	0.00567	0.00184	0.00791	0.00502	0.05846	0.00983
140	0.72026	0.01393	0.01160	0.05510	0.01649	0.01610	0.00875	0.02167	0.01280	0.05470	0.01093	0.01273	0.00833	0.00686	0.00477	0.00226	0.00590	0.00421	0.00457	0.00804
141	0.02437	0.26000	0.02631	0.01658	0.02115	0.41829	0.01358	0.07867	0.01954	0.01983	0.01132	0.01309	0.00960	0.00736	0.00658	0.00184	0.03443	0.00463	0.00381	0.00902
142	0.01087	0.00826	0.01206	0.01184	0.01301	0.00980	0.00920	0.01331	0.01172	0.01714	0.01910	0.02849	0.01797	0.08029	0.61557	0.01057	0.06591	0.00778	0.03059	0.00651
143	0.01686	0.02177	0.18889	0.08632	0.45229	0.01716	0.04088	0.02282	0.04015	0.02343	0.01407	0.01784	0.01121	0.00675	0.00718	0.00223	0.00921	0.00634	0.00359	0.01104
144	0.01787	0.01797	0.05264	0.04380	0.67639	0.01726	0.02246	0.02233	0.01651	0.02372	0.01365	0.01790	0.01144	0.00649	0.00719	0.00216	0.00871	0.00644	0.00358	0.01149
145	0.03241	0.01269	0.01707	0.01309	0.01872	0.01116	0.01081	0.06135	0.02135	0.67754	0.02822	0.02445	0.01777	0.00899	0.00731	0.00225	0.00626	0.00728	0.00893	0.01237
146	0.01775	0.50270	0.26958	0.01530	0.02309	0.02465	0.01743	0.02220	0.01497	0.01915	0.01112	0.01294	0.00929	0.00646	0.00544	0.00181	0.00880	0.00440	0.00310	0.00982
147	0.01845	0.07208	0.37403	0.01891	0.07007	0.01556	0.01980	0.05240	0.01750	0.14790	0.04117	0.02436	0.03939	0.00876	0.00718	0.00230	0.00873	0.04600	0.00488	0.01054
148	0.00889	0.00640	0.00843	0.00997	0.01052	0.00594	0.00670	0.01024	0.01423	0.01891	0.06061	0.69086	0.07670	0.02235	0.00923	0.00291	0.00417	0.02022	0.00678	0.00594
149	0.00985	0.00751	0.00907	0.00924	0.01111	0.00682	0.00714	0.01245	0.01771	0.02319	0.28707	0.09470	0.30003	0.04342	0.00989	0.00274	0.00428	0.13025	0.00711	0.00643
150	0.01672	0.02350	0.23028	0.02504	0.06069	0.01708	0.33170	0.02478	0.09010	0.04617	0.04825	0.02092	0.01467	0.00728	0.00786	0.00238	0.01034	0.00769	0.00428	0.01028
151	0.01779	0.40935	0.30387	0.01660	0.02454	0.05598	0.03872	0.02265	0.01535	0.01968	0.01147	0.01344	0.00933	0.00655	0.00577	0.00190	0.00935	0.00466	0.00314	0.00986
152	0.01160	0.00828	0.01158	0.01325	0.01488	0.00827	0.01151	0.01486	0.01662	0.02162	0.03855	0.10866	0.04209	0.02019	0.01001	0.00333	0.00659	0.62475	0.00670	0.00666
153	0.01726	0.01641	0.02730	0.16072	0.54144	0.01713	0.02122	0.02275	0.06091	0.02330	0.01461	0.01884	0.01191	0.00684	0.00722	0.00222	0.00863	0.00659	0.00379	0.01092
154	0.02637	0.05395	0.02196	0.01622	0.02180	0.02206	0.01342	0.61333	0.03232	0.04319	0.01816	0.05077	0.01388	0.00926	0.00724	0.00219	0.00781	0.00708	0.00705	0.01192
155	0.02321	0.01515	0.09367	0.01338	0.01851	0.01228	0.01190	0.11778	0.05216	0.32784	0.10208	0.07898	0.07831	0.01110	0.00764	0.00232	0.00630	0.00922	0.00756	0.01060
156	0.79588	0.01406	0.01068	0.00956	0.01406	0.01631	0.00787	0.02137	0.01237	0.03261	0.01012	0.01181	0.00787	0.00675	0.00450	0.00225	0.00562	0.00394	0.00450	0.00787
157	0.00894	0.00650	0.00857	0.01002	0.01065	0.00613	0.00681	0.01034	0.01397	0.01853	0.04125	0.64130	0.09543	0.02456	0.05640	0.00350	0.00520	0.01940	0.00656	0.00596
