[name]
unknown

[dist]
# distance from previous block
# <min> <max>
0	25

[block]
# block no. 0 follows, 28 sequences, length 47
# corresponding to MSA columns:
# 25-71
name=unknown_A
#
# <colnr> <probs for GDERKNQSTAVLIFYWHMCP>
#	G	D	E	R	K	N	Q	S	T	A	V	L	I	F	Y	W	H	M	C	P
0	0.01142	0.00827	0.01130	0.01282	0.01457	0.00816	0.01113	0.01463	0.01672	0.02155	0.04179	0.08086	0.10337	0.01992	0.00990	0.00326	0.00641	0.59056	0.00670	0.00664
1	0.02240	0.07118	0.02308	0.02377	0.18971	0.30350	0.01542	0.06601	0.16742	0.02363	0.01619	0.01758	0.01291	0.00775	0.00682	0.00207	0.00973	0.00597	0.00468	0.01016
2	0.09232	0.01277	0.01476	0.01137	0.01683	0.01104	0.00910	0.06874	0.01733	0.16512	0.02023	0.07502	0.03650	0.00826	0.00624	0.00170	0.00562	0.00667	0.00577	0.41463
3	0.06512	0.03113	0.49948	0.06635	0.03173	0.01726	0.10660	0.02238	0.01512	0.02311	0.01288	0.01595	0.00940	0.00711	0.00784	0.00237	0.04698	0.00581	0.00325	0.01013
4	0.09744	0.01979	0.02080	0.01607	0.02177	0.02198	0.01328	0.61557	0.03220	0.04461	0.01679	0.01694	0.01195	0.00855	0.00702	0.00219	0.00778	0.00631	0.00702	0.01195
5	0.00900	0.00650	0.00852	0.00988	0.01054	0.00602	0.00670	0.01053	0.01477	0.01976	0.11264	0.63177	0.08308	0.02170	0.00917	0.00285	0.00410	0.01958	0.00688	0.00602
6	0.01007	0.00703	0.00872	0.00929	0.01057	0.00639	0.00649	0.01183	0.01575	0.04621	0.16647	0.39258	0.19135	0.06913	0.01082	0.00297	0.00422	0.01692	0.00690	0.00627
7	0.02773	0.01163	0.01553	0.01233	0.01716	0.01037	0.01002	0.03160	0.05630	0.54395	0.15147	0.03031	0.02753	0.01012	0.00755	0.00227	0.00565	0.00843	0.00873	0.01131
8	0.02763	0.02036	0.02182	0.01672	0.02254	0.02254	0.01382	0.67496	0.03418	0.04581	0.01745	0.01745	0.01236	0.00873	0.00727	0.00218	0.00800	0.00654	0.00727	0.01236
9	0.03172	0.01217	0.01658	0.01278	0.01825	0.01053	0.01053	0.03456	0.02080	0.67721	0.05536	0.02592	0.02002	0.00923	0.00736	0.00225	0.00608	0.00754	0.00896	0.01215
10	0.23655	0.01446	0.01622	0.01281	0.01817	0.01463	0.01057	0.16302	0.02129	0.38864	0.02139	0.01977	0.01412	0.00834	0.00655	0.00224	0.00641	0.00625	0.00743	0.01116
11	0.00859	0.00736	0.00736	0.00736	0.00982	0.00614	0.00552	0.01043	0.01657	0.01964	0.07364	0.06996	0.69624	0.01841	0.00859	0.00245	0.00368	0.01534	0.00675	0.00614
12	0.02715	0.03464	0.02060	0.01873	0.02247	0.71536	0.01404	0.02903	0.02060	0.01779	0.01124	0.01311	0.00936	0.00749	0.00655	0.00187	0.01311	0.00468	0.00375	0.00843
13	0.00887	0.00732	0.00744	0.00744	0.00955	0.00627	0.00536	0.01045	0.01572	0.01885	0.06646	0.06679	0.60151	0.12111	0.01261	0.00310	0.00416	0.01467	0.00642	0.00589
14	0.79588	0.01406	0.01068	0.00956	0.01406	0.01631	0.00787	0.02137	0.01237	0.03261	0.01012	0.01181	0.00787	0.00675	0.00450	0.00225	0.00562	0.00394	0.00450	0.00787
15	0.00907	0.00650	0.00849	0.00982	0.01041	0.00606	0.00659	0.01049	0.01445	0.01935	0.10185	0.61673	0.06977	0.06044	0.01067	0.00309	0.00428	0.01925	0.00674	0.00592
16	0.03261	0.01237	0.01687	0.01293	0.01856	0.01068	0.01068	0.03543	0.02081	0.70423	0.02868	0.02474	0.01799	0.00900	0.00731	0.00225	0.00619	0.00731	0.00900	0.01237
17	0.00937	0.00694	0.00860	0.00953	0.01063	0.00639	0.00677	0.01109	0.01522	0.01986	0.11544	0.39323	0.19566	0.08044	0.01142	0.00315	0.00449	0.07908	0.00668	0.00601
18	0.01083	0.00742	0.00885	0.00877	0.01040	0.00671	0.00621	0.01273	0.01635	0.06026	0.22539	0.18153	0.24826	0.14728	0.01371	0.00331	0.00445	0.01440	0.00680	0.00634
19	0.01315	0.00888	0.01023	0.00958	0.01228	0.00824	0.00728	0.01758	0.09597	0.11009	0.19099	0.11886	0.33737	0.01587	0.00835	0.00244	0.00424	0.01352	0.00738	0.00769
20	0.00898	0.00647	0.00852	0.00993	0.01055	0.00600	0.00671	0.01047	0.01464	0.01959	0.10289	0.65125	0.07331	0.02187	0.00919	0.00287	0.00412	0.01977	0.00687	0.00600
21	0.01981	0.01450	0.01577	0.01332	0.01697	0.01599	0.01038	0.27994	0.20391	0.03227	0.02305	0.02567	0.03972	0.06735	0.01209	0.10285	0.00650	0.00759	0.08274	0.00959
22	0.00883	0.00642	0.00834	0.00987	0.01048	0.00593	0.00664	0.01015	0.01415	0.01865	0.04307	0.67977	0.10616	0.02238	0.00922	0.00291	0.00417	0.02019	0.00675	0.00593
23	0.01057	0.00705	0.00793	0.00793	0.00793	0.00705	0.00440	0.01057	0.01057	0.01409	0.02290	0.04757	0.02643	0.74454	0.03700	0.00705	0.00705	0.01057	0.00440	0.00440
24	0.02802	0.01974	0.02143	0.01643	0.02223	0.02162	0.01357	0.62520	0.03314	0.09703	0.01833	0.01802	0.01280	0.00875	0.00727	0.00219	0.00786	0.00660	0.00741	0.01236
25	0.00904	0.00727	0.00807	0.00811	0.01016	0.00629	0.00599	0.01122	0.01728	0.02189	0.22506	0.13918	0.46892	0.01800	0.00866	0.00247	0.00368	0.01537	0.00706	0.00629
26	0.00920	0.00647	0.00833	0.00969	0.01002	0.00613	0.00628	0.01021	0.01325	0.01767	0.03666	0.60247	0.04378	0.16596	0.01478	0.00376	0.00478	0.01866	0.00628	0.00561
27	0.01743	0.01670	0.02849	0.13450	0.61370	0.01712	0.02203	0.02182	0.01629	0.02307	0.01357	0.01817	0.01127	0.00658	0.00721	0.00219	0.00877	0.00647	0.00355	0.01106
28	0.01808	0.01779	0.02830	0.10741	0.60201	0.05445	0.02167	0.02232	0.01658	0.02294	0.01347	0.01786	0.01123	0.00661	0.00717	0.00217	0.00897	0.00638	0.00357	0.01103
29	0.01760	0.01930	0.03983	0.02881	0.03539	0.01897	0.57582	0.05755	0.01750	0.02394	0.01437	0.01914	0.01096	0.00689	0.00995	0.00251	0.07964	0.00826	0.00382	0.00977
30	0.01495	0.01292	0.01571	0.07813	0.02031	0.01030	0.00970	0.01833	0.01502	0.02321	0.01292	0.01548	0.01067	0.00556	0.00556	0.00120	0.00579	0.00451	0.00421	0.71554
31	0.02292	0.01664	0.01906	0.10552	0.02320	0.01839	0.01277	0.44291	0.02678	0.06330	0.01833	0.02354	0.01484	0.14402	0.01275	0.00311	0.00797	0.00731	0.00630	0.01035
32	0.02353	0.02884	0.01867	0.01720	0.02042	0.56278	0.01297	0.02556	0.01867	0.01759	0.01301	0.01645	0.01127	0.01765	0.15975	0.00399	0.01448	0.00535	0.00378	0.00801
33	0.03101	0.04342	0.01794	0.01311	0.01862	0.01238	0.01086	0.09086	0.02146	0.59816	0.02675	0.02419	0.01737	0.02937	0.00803	0.00235	0.00644	0.00719	0.00847	0.01202
34	0.01727	0.08209	0.01648	0.01138	0.01614	0.04071	0.00913	0.08190	0.01793	0.07432	0.10331	0.05031	0.02132	0.05048	0.00803	0.00194	0.00593	0.00694	0.04485	0.33952
35	0.00898	0.00738	0.00791	0.00778	0.01006	0.00630	0.00583	0.01119	0.01750	0.02184	0.21773	0.06633	0.55077	0.01759	0.00859	0.00242	0.00362	0.01483	0.00704	0.00630
36	0.01038	0.00779	0.01168	0.01168	0.01298	0.00909	0.00909	0.01298	0.01168	0.01687	0.01947	0.02856	0.01817	0.05452	0.71573	0.01168	0.01947	0.00779	0.00389	0.00649
37	0.01039	0.00776	0.01153	0.01153	0.01277	0.00900	0.00889	0.01288	0.01164	0.01676	0.01961	0.02934	0.01851	0.08308	0.68763	0.01149	0.01896	0.00790	0.00392	0.00640
38	0.02896	0.01306	0.01690	0.01281	0.01860	0.01137	0.01053	0.07924	0.02071	0.52813	0.02490	0.02239	0.01622	0.00830	0.00695	0.00202	0.00617	0.00669	0.00799	0.15808
39	0.01384	0.01307	0.02183	0.69126	0.04850	0.01646	0.01997	0.01852	0.01436	0.01852	0.01275	0.01920	0.00968	0.00754	0.00811	0.00246	0.04619	0.00645	0.00323	0.00807
40	0.01376	0.01272	0.02053	0.61226	0.04460	0.01500	0.01828	0.01828	0.01459	0.01924	0.01373	0.04036	0.01098	0.00749	0.00708	0.00226	0.00896	0.00660	0.00348	0.10980
41	0.00888	0.00646	0.00838	0.00983	0.01049	0.00596	0.00664	0.01027	0.01438	0.01900	0.06438	0.65467	0.10969	0.02211	0.00919	0.00288	0.00414	0.01992	0.00679	0.00596
42	0.02678	0.01860	0.02054	0.01596	0.02141	0.02033	0.01314	0.56080	0.03112	0.10807	0.01871	0.01903	0.01337	0.01231	0.06239	0.00293	0.00871	0.00672	0.00718	0.01191
43	0.01494	0.10863	0.05169	0.03838	0.13536	0.05530	0.10306	0.01797	0.01511	0.01994	0.02206	0.27035	0.02356	0.01279	0.00929	0.00249	0.07482	0.01126	0.00459	0.00841
44	0.18922	0.01527	0.02017	0.31694	0.03256	0.05650	0.07666	0.06799	0.01593	0.02445	0.01378	0.03619	0.01103	0.00792	0.00756	0.00236	0.04718	0.00638	0.04351	0.00840
45	0.01590	0.06006	0.09005	0.09828	0.02598	0.02098	0.09859	0.01909	0.01286	0.01883	0.01092	0.01645	0.00970	0.01039	0.01744	0.00283	0.45349	0.00641	0.00323	0.00854
46	0.01512	0.01660	0.08789	0.32243	0.03587	0.01637	0.11348	0.04102	0.04253	0.02140	0.01401	0.01894	0.01097	0.00994	0.04470	0.00281	0.08131	0.00656	0.00373	0.09432

[dist]
# distance from previous block
# <min> <max>
2	17

[block]
# block no. 1 follows, 28 sequences, length 15
# corresponding to MSA columns:
# 91-105
name=unknown_B
#
# <colnr> <probs for GDERKNQSTAVLIFYWHMCP>
#	G	D	E	R	K	N	Q	S	T	A	V	L	I	F	Y	W	H	M	C	P
0	0.01380	0.01036	0.01280	0.05801	0.01497	0.01152	0.00880	0.12399	0.01550	0.02101	0.02263	0.14621	0.02420	0.32891	0.09256	0.00542	0.06694	0.01061	0.00503	0.00672
1	0.02013	0.01679	0.01892	0.01560	0.02003	0.07217	0.06495	0.20958	0.19386	0.04752	0.02141	0.05266	0.01710	0.01367	0.07815	0.00313	0.00865	0.00761	0.05526	0.06281
2	0.01254	0.00908	0.01055	0.01021	0.01177	0.00897	0.00702	0.10815	0.01598	0.02141	0.03139	0.31389	0.07363	0.26464	0.01813	0.00409	0.00577	0.01386	0.00588	0.05303
3	0.01592	0.01456	0.02018	0.35644	0.03383	0.06055	0.05608	0.08416	0.01646	0.02141	0.01514	0.04882	0.01311	0.06855	0.01100	0.03746	0.02884	0.00715	0.00403	0.08631
4	0.01520	0.01419	0.02392	0.59966	0.04662	0.01689	0.08505	0.07231	0.01639	0.02125	0.01347	0.01925	0.01004	0.00727	0.00740	0.00241	0.00981	0.00668	0.00360	0.00860
5	0.01004	0.00682	0.00808	0.00861	0.00874	0.00669	0.00513	0.01043	0.01161	0.01547	0.02821	0.26162	0.03312	0.52135	0.02843	0.00578	0.00617	0.01369	0.00513	0.00487
6	0.00914	0.00665	0.00846	0.00951	0.01033	0.00614	0.00647	0.01071	0.01497	0.01992	0.13757	0.51656	0.12606	0.06826	0.01091	0.00306	0.00423	0.01829	0.00678	0.00597
7	0.01507	0.01292	0.01507	0.01077	0.01723	0.00969	0.00861	0.01830	0.01507	0.02369	0.01292	0.01507	0.01077	0.00538	0.00538	0.00108	0.00538	0.00431	0.00431	0.78898
8	0.02426	0.02481	0.19865	0.01776	0.02484	0.02108	0.01718	0.50668	0.02932	0.03993	0.01631	0.01691	0.01155	0.00826	0.00718	0.00221	0.00871	0.00624	0.00619	0.01194
9	0.00976	0.00714	0.00901	0.00907	0.01047	0.00656	0.00651	0.01228	0.01791	0.02457	0.42353	0.21465	0.14075	0.06194	0.01048	0.00275	0.00387	0.01501	0.00733	0.00640
10	0.02413	0.17446	0.11147	0.01715	0.02364	0.06784	0.08060	0.22944	0.02267	0.15464	0.01674	0.01725	0.01204	0.00768	0.00677	0.00208	0.00873	0.00606	0.00560	0.01100
11	0.01263	0.00631	0.00947	0.00947	0.00947	0.00631	0.00631	0.00947	0.00947	0.01263	0.01263	0.02210	0.01263	0.02525	0.02841	0.78851	0.00631	0.00631	0.00316	0.00316
12	0.00909	0.00746	0.00798	0.00811	0.01035	0.00644	0.00620	0.01112	0.01665	0.02030	0.11035	0.06935	0.56563	0.04295	0.00970	0.00269	0.00408	0.07864	0.00675	0.00618
13	0.01638	0.01338	0.01730	0.23768	0.02703	0.01385	0.01257	0.14928	0.01796	0.02484	0.01559	0.02264	0.01351	0.13687	0.01193	0.00278	0.00756	0.00654	0.00458	0.24772
14	0.01486	0.13497	0.02523	0.50817	0.08311	0.01795	0.04396	0.01915	0.01478	0.01883	0.01374	0.04909	0.01145	0.00767	0.00697	0.00229	0.00917	0.00673	0.00340	0.00847

[dist]
# distance from previous block
# <min> <max>
0	1

[block]
# block no. 2 follows, 28 sequences, length 50
# corresponding to MSA columns:
# 107-156
name=unknown_C
#
# <colnr> <probs for GDERKNQSTAVLIFYWHMCP>
#	G	D	E	R	K	N	Q	S	T	A	V	L	I	F	Y	W	H	M	C	P
0	0.03238	0.01275	0.01710	0.01311	0.01874	0.01124	0.01083	0.06558	0.02144	0.67319	0.02815	0.02440	0.01773	0.00898	0.00731	0.00225	0.00627	0.00727	0.00892	0.01237
1	0.01021	0.00703	0.00853	0.00868	0.00917	0.00688	0.00549	0.01126	0.01337	0.01824	0.17350	0.16470	0.03907	0.44078	0.04786	0.00546	0.00618	0.01274	0.00557	0.00526
2	0.07594	0.01480	0.02132	0.52581	0.07710	0.04429	0.01844	0.07349	0.01622	0.02211	0.01294	0.01820	0.00985	0.00750	0.00758	0.00238	0.03355	0.00620	0.00370	0.00860
3	0.01019	0.00743	0.00958	0.00904	0.01080	0.00682	0.00678	0.01353	0.02034	0.02860	0.65920	0.05521	0.10509	0.01507	0.00857	0.00230	0.00344	0.01327	0.00793	0.00682
4	0.01911	0.01588	0.01709	0.01430	0.01919	0.01712	0.01131	0.14463	0.43463	0.03169	0.02404	0.02296	0.01813	0.00874	0.00696	0.00213	0.00607	0.00712	0.00674	0.17218
5	0.01506	0.10860	0.64012	0.01989	0.03018	0.01807	0.02542	0.02290	0.01529	0.02243	0.01275	0.01498	0.00922	0.00684	0.00668	0.00223	0.01045	0.00522	0.00307	0.01060
6	0.01954	0.56626	0.15670	0.01396	0.02095	0.02528	0.01490	0.02301	0.01532	0.06930	0.01202	0.01330	0.00995	0.00655	0.00526	0.00174	0.00819	0.00441	0.00354	0.00981
7	0.01591	0.19755	0.49518	0.01973	0.02914	0.01972	0.08174	0.02276	0.01538	0.02170	0.01253	0.01489	0.00940	0.00668	0.00655	0.00215	0.01020	0.00532	0.00313	0.01034
8	0.00859	0.00736	0.00736	0.00736	0.00982	0.00614	0.00552	0.01043	0.01657	0.01964	0.07364	0.06996	0.69624	0.01841	0.00859	0.00245	0.00368	0.01534	0.00675	0.00614
9	0.00886	0.00633	0.00843	0.01012	0.01054	0.00590	0.00675	0.01012	0.01392	0.01856	0.04006	0.73979	0.04808	0.02277	0.00928	0.00295	0.00422	0.02066	0.00675	0.00590
10	0.01881	0.21716	0.09409	0.09435	0.02905	0.02172	0.19488	0.12739	0.04246	0.02460	0.01377	0.01673	0.01078	0.00732	0.00797	0.00220	0.05636	0.00631	0.00410	0.00993
11	0.02116	0.05738	0.01977	0.13940	0.02516	0.14398	0.01360	0.12139	0.25038	0.07734	0.02196	0.02225	0.03681	0.00884	0.00709	0.00225	0.00816	0.00697	0.00587	0.01025
12	0.10777	0.01542	0.01662	0.01433	0.01663	0.06613	0.01154	0.15117	0.01751	0.02680	0.01588	0.05086	0.01394	0.03404	0.01317	0.00260	0.25319	0.00685	0.15711	0.00843
13	0.79588	0.01406	0.01068	0.00956	0.01406	0.01631	0.00787	0.02137	0.01237	0.03261	0.01012	0.01181	0.00787	0.00675	0.00450	0.00225	0.00562	0.00394	0.00450	0.00787
14	0.00886	0.00633	0.00843	0.01012	0.01054	0.00590	0.00675	0.01012	0.01392	0.01856	0.04006	0.73979	0.04808	0.02277	0.00928	0.00295	0.00422	0.02066	0.00675	0.00590
15	0.01943	0.74891	0.03809	0.01244	0.01866	0.02876	0.01244	0.02177	0.01477	0.01710	0.01011	0.01166	0.00933	0.00622	0.00466	0.00155	0.00777	0.00389	0.00311	0.00933
16	0.02654	0.01158	0.01536	0.01211	0.01691	0.01020	0.00983	0.05228	0.02092	0.49483	0.17587	0.03055	0.02868	0.01010	0.00749	0.00219	0.00559	0.00842	0.00847	0.05205
17	0.00886	0.00633	0.00843	0.01012	0.01054	0.00590	0.00675	0.01012	0.01392	0.01856	0.04006	0.73979	0.04808	0.02277	0.00928	0.00295	0.00422	0.02066	0.00675	0.00590
18	0.00978	0.00738	0.00903	0.00869	0.01057	0.00663	0.00649	0.01270	0.01926	0.02621	0.50454	0.08140	0.23849	0.01609	0.00860	0.00235	0.00352	0.01399	0.00762	0.00663
19	0.00982	0.00746	0.00846	0.00873	0.01008	0.00700	0.00597	0.01216	0.04894	0.01948	0.11347	0.22030	0.27258	0.20403	0.01594	0.00373	0.00475	0.01481	0.00631	0.00599
20	0.00901	0.00742	0.00795	0.00792	0.01021	0.00635	0.00601	0.01119	0.01728	0.02139	0.18133	0.06769	0.55988	0.01785	0.00865	0.00246	0.00376	0.04040	0.00697	0.00629
21	0.01373	0.01292	0.02180	0.72707	0.05006	0.01615	0.02019	0.01857	0.01453	0.01857	0.01292	0.01938	0.00969	0.00727	0.00727	0.00242	0.00969	0.00646	0.00323	0.00807
22	0.00892	0.00639	0.00838	0.00993	0.01040	0.00596	0.00660	0.01015	0.01386	0.01839	0.04040	0.68713	0.06838	0.05464	0.01048	0.00312	0.00433	0.02004	0.00664	0.00585
23	0.01046	0.00700	0.00796	0.00807	0.00810	0.00697	0.00456	0.01054	0.01079	0.01438	0.02402	0.09259	0.02784	0.69760	0.03520	0.00678	0.00686	0.01123	0.00456	0.00450
24	0.01799	0.01727	0.02950	0.04462	0.69919	0.01727	0.02231	0.02231	0.01655	0.02375	0.01367	0.01799	0.01151	0.00648	0.00720	0.00216	0.00864	0.00648	0.00360	0.01151
25	0.01041	0.00698	0.00798	0.00814	0.00818	0.00694	0.00463	0.01053	0.01089	0.01452	0.02454	0.11355	0.02849	0.67574	0.03436	0.00666	0.00678	0.01153	0.00463	0.00455
26	0.79588	0.01406	0.01068	0.00956	0.01406	0.01631	0.00787	0.02137	0.01237	0.03261	0.01012	0.01181	0.00787	0.00675	0.00450	0.00225	0.00562	0.00394	0.00450	0.00787
27	0.00861	0.00730	0.00743	0.00752	0.00986	0.00612	0.00559	0.01041	0.01641	0.01957	0.07169	0.10891	0.65855	0.01866	0.00863	0.00248	0.00371	0.01565	0.00675	0.00612
28	0.01868	0.01965	0.02337	0.26864	0.24528	0.17970	0.01848	0.02438	0.08987	0.02132	0.01458	0.01832	0.01155	0.00735	0.00709	0.00222	0.00972	0.00624	0.00392	0.00962
29	0.01041	0.00698	0.00797	0.00813	0.00817	0.00694	0.00462	0.01053	0.01088	0.01450	0.02448	0.11109	0.02841	0.67830	0.03445	0.00667	0.00679	0.01150	0.00462	0.00454
30	0.01144	0.00773	0.00864	0.00838	0.00867	0.00784	0.00488	0.04444	0.01177	0.01571	0.02263	0.04603	0.02571	0.70703	0.03548	0.00680	0.00710	0.01037	0.00455	0.00481
31	0.06311	0.00848	0.01021	0.01020	0.01199	0.00837	0.00745	0.01611	0.07082	0.06635	0.23801	0.27226	0.06751	0.07707	0.01078	0.00296	0.00463	0.03962	0.00698	0.00710
32	0.01100	0.00763	0.01000	0.00960	0.01140	0.00698	0.00718	0.01409	0.01936	0.04890	0.53934	0.14907	0.06145	0.01568	0.00859	0.00238	0.00380	0.03560	0.00770	0.03026
33	0.01556	0.00871	0.00892	0.00819	0.01047	0.00902	0.00633	0.11068	0.01794	0.02977	0.02282	0.02573	0.01774	0.00851	0.00539	0.00176	0.00404	0.00674	0.67411	0.00757
34	0.02763	0.02036	0.02182	0.01672	0.02254	0.02254	0.01382	0.67496	0.03418	0.04581	0.01745	0.01745	0.01236	0.00873	0.00727	0.00218	0.00800	0.00654	0.00727	0.01236
35	0.00993	0.00744	0.00905	0.00950	0.01095	0.00689	0.00678	0.03909	0.01703	0.02255	0.20684	0.38062	0.20809	0.01920	0.00886	0.00264	0.00406	0.01695	0.00708	0.00646
36	0.00947	0.00722	0.00870	0.00871	0.01045	0.00645	0.00639	0.01198	0.01806	0.02409	0.37142	0.17904	0.27676	0.01744	0.00870	0.00246	0.00365	0.01520	0.00736	0.00645
37	0.79588	0.01406	0.01068	0.00956	0.01406	0.01631	0.00787	0.02137	0.01237	0.03261	0.01012	0.01181	0.00787	0.00675	0.00450	0.00225	0.00562	0.00394	0.00450	0.00787
38	0.01146	0.00709	0.00946	0.01028	0.01140	0.00652	0.00716	0.01317	0.01550	0.08958	0.12612	0.57596	0.04775	0.02032	0.00898	0.00279	0.00431	0.01831	0.00714	0.00669
39	0.01458	0.00921	0.01146	0.01106	0.01316	0.00901	0.00827	0.10338	0.01903	0.09764	0.17938	0.34940	0.04280	0.01681	0.00846	0.00258	0.00483	0.04289	0.04832	0.00775
40	0.00960	0.00717	0.00892	0.00897	0.01056	0.00649	0.00654	0.01220	0.01822	0.02471	0.41365	0.20951	0.20197	0.01739	0.00873	0.00247	0.00366	0.01529	0.00745	0.00649
41	0.00886	0.00633	0.00843	0.01012	0.01054	0.00590	0.00675	0.01012	0.01392	0.01856	0.04006	0.73979	0.04808	0.02277	0.00928	0.00295	0.00422	0.02066	0.00675	0.00590
42	0.01038	0.00678	0.00905	0.01019	0.01104	0.00627	0.00699	0.01194	0.01497	0.05946	0.10312	0.63155	0.04832	0.02120	0.00910	0.00285	0.00426	0.01916	0.00700	0.00637
43	0.01507	0.01292	0.01507	0.01077	0.01723	0.00969	0.00861	0.01830	0.01507	0.02369	0.01292	0.01507	0.01077	0.00538	0.00538	0.00108	0.00538	0.00431	0.00431	0.78898
44	0.00947	0.00700	0.00885	0.00923	0.01057	0.00638	0.00660	0.01181	0.01737	0.02355	0.34363	0.32000	0.16181	0.01847	0.00885	0.00257	0.00377	0.01639	0.00732	0.00638
45	0.02581	0.15911	0.02365	0.01763	0.02181	0.59571	0.01376	0.02776	0.01958	0.01767	0.01104	0.01286	0.00936	0.00727	0.00622	0.00182	0.01218	0.00454	0.00363	0.00858
46	0.01039	0.00776	0.01152	0.01152	0.01277	0.00900	0.00889	0.01288	0.01164	0.01676	0.01962	0.02936	0.01852	0.08359	0.68713	0.01149	0.01895	0.00791	0.00392	0.00640
47	0.17882	0.03762	0.01402	0.01199	0.01526	0.03527	0.00947	0.09004	0.15488	0.02656	0.02180	0.02541	0.04810	0.05850	0.19555	0.00497	0.00972	0.00716	0.04637	0.00848
48	0.40544	0.01719	0.01512	0.01263	0.01740	0.08769	0.01025	0.18093	0.01984	0.11932	0.04114	0.01660	0.01276	0.00790	0.00589	0.00220	0.00694	0.00543	0.00580	0.00954
49	0.05525	0.04279	0.14859	0.02202	0.02887	0.05458	0.28674	0.13686	0.01992	0.02764	0.06736	0.02011	0.01514	0.00748	0.00755	0.00226	0.00994	0.00733	0.00459	0.03500

[dist]
# distance from previous block
# <min> <max>
4	14

[block]
# block no. 3 follows, 28 sequences, length 108
# corresponding to MSA columns:
# 171-278
name=unknown_D
#
# <colnr> <probs for GDERKNQSTAVLIFYWHMCP>
#	G	D	E	R	K	N	Q	S	T	A	V	L	I	F	Y	W	H	M	C	P
0	0.05784	0.05657	0.05122	0.10427	0.06399	0.02012	0.01493	0.37897	0.02561	0.03527	0.06361	0.01960	0.01533	0.00879	0.00805	0.00225	0.05036	0.00668	0.00585	0.01070
1	0.01841	0.01795	0.11613	0.01559	0.02012	0.01670	0.01409	0.27019	0.02100	0.02932	0.01647	0.02045	0.01343	0.02344	0.23704	0.00530	0.08236	0.00664	0.00503	0.05035
2	0.01431	0.01312	0.01918	0.07766	0.02027	0.01669	0.04765	0.04418	0.01302	0.01883	0.01568	0.07876	0.01563	0.07151	0.15140	0.00489	0.35756	0.00820	0.00389	0.00756
3	0.02477	0.01871	0.02018	0.01606	0.02128	0.02089	0.01309	0.51309	0.15888	0.04114	0.01992	0.01997	0.01460	0.01163	0.04887	0.00279	0.00824	0.00694	0.00710	0.01185
4	0.01124	0.00803	0.01117	0.01285	0.01432	0.00796	0.01090	0.01425	0.01627	0.02123	0.03875	0.19041	0.04286	0.02052	0.00991	0.00328	0.00629	0.54650	0.00670	0.00656
5	0.01989	0.70700	0.03706	0.01281	0.01888	0.06905	0.01253	0.02219	0.01511	0.01714	0.01017	0.01175	0.00933	0.00629	0.00478	0.00157	0.00809	0.00393	0.00315	0.00928
6	0.02810	0.01685	0.01964	0.01529	0.02055	0.01781	0.01258	0.39411	0.02760	0.27314	0.02175	0.04529	0.01543	0.00952	0.00822	0.00228	0.04499	0.00730	0.00764	0.01191
7	0.01057	0.00694	0.00791	0.00812	0.00830	0.00688	0.00475	0.01098	0.01133	0.01560	0.02513	0.13350	0.02860	0.60009	0.03119	0.00614	0.00642	0.01157	0.06122	0.00477
8	0.01959	0.01637	0.01729	0.01510	0.01948	0.01879	0.01187	0.13932	0.58291	0.03285	0.02767	0.02559	0.02063	0.00968	0.00738	0.00242	0.00611	0.00795	0.00738	0.01164
9	0.00859	0.00736	0.00736	0.00736	0.00982	0.00614	0.00552	0.01043	0.01657	0.01964	0.07364	0.06996	0.69624	0.01841	0.00859	0.00245	0.00368	0.01534	0.00675	0.00614
10	0.02763	0.02036	0.02182	0.01672	0.02254	0.02254	0.01382	0.67496	0.03418	0.04581	0.01745	0.01745	0.01236	0.00873	0.00727	0.00218	0.00800	0.00654	0.00727	0.01236
11	0.02715	0.03464	0.02060	0.01873	0.02247	0.71536	0.01404	0.02903	0.02060	0.01779	0.01124	0.01311	0.00936	0.00749	0.00655	0.00187	0.01311	0.00468	0.00375	0.00843
12	0.00898	0.00738	0.00790	0.00777	0.01006	0.00630	0.00583	0.01119	0.01749	0.02182	0.21665	0.06635	0.55187	0.01759	0.00859	0.00242	0.00362	0.01484	0.00704	0.00630
13	0.01902	0.01696	0.06771	0.20760	0.10179	0.01704	0.01603	0.19139	0.11618	0.05429	0.01975	0.02168	0.03819	0.00833	0.00714	0.00224	0.00788	0.00693	0.03231	0.04756
14	0.07806	0.01515	0.05205	0.39655	0.03544	0.04126	0.01619	0.06052	0.04214	0.06265	0.01872	0.02207	0.05863	0.00815	0.00697	0.00227	0.00836	0.00673	0.00441	0.06367
15	0.79588	0.01406	0.01068	0.00956	0.01406	0.01631	0.00787	0.02137	0.01237	0.03261	0.01012	0.01181	0.00787	0.00675	0.00450	0.00225	0.00562	0.00394	0.00450	0.00787
16	0.02763	0.02036	0.02182	0.01672	0.02254	0.02254	0.01382	0.67496	0.03418	0.04581	0.01745	0.01745	0.01236	0.00873	0.00727	0.00218	0.00800	0.00654	0.00727	0.01236
17	0.02436	0.19958	0.02479	0.04767	0.02264	0.49939	0.01400	0.02645	0.01863	0.01765	0.01098	0.01314	0.00938	0.00738	0.00679	0.00187	0.03850	0.00464	0.00355	0.00860
18	0.01391	0.01265	0.02107	0.51641	0.13686	0.01488	0.01871	0.01810	0.01476	0.01932	0.01618	0.05868	0.01425	0.00950	0.00834	0.03179	0.00893	0.05377	0.00370	0.00818
19	0.00886	0.00633	0.00843	0.01012	0.01054	0.00590	0.00675	0.01012	0.01392	0.01856	0.04006	0.73979	0.04808	0.02277	0.00928	0.00295	0.00422	0.02066	0.00675	0.00590
20	0.01263	0.00631	0.00947	0.00947	0.00947	0.00631	0.00631	0.00947	0.00947	0.01263	0.01263	0.02210	0.01263	0.02525	0.02841	0.78851	0.00631	0.00631	0.00316	0.00316
21	0.01029	0.00743	0.00972	0.00914	0.01086	0.00686	0.00686	0.01372	0.02058	0.02915	0.69536	0.05430	0.06859	0.01486	0.00857	0.00229	0.00343	0.01315	0.00800	0.00686
22	0.01590	0.01590	0.02226	0.01908	0.01908	0.02226	0.01590	0.01749	0.01113	0.01749	0.00954	0.01590	0.00954	0.01272	0.02385	0.00318	0.73123	0.00636	0.00318	0.00795
23	0.01055	0.00710	0.00818	0.00817	0.00829	0.00715	0.00473	0.01080	0.01097	0.01475	0.04563	0.04681	0.02743	0.68367	0.07146	0.00713	0.00757	0.01051	0.00450	0.00460
24	0.02307	0.01691	0.01842	0.01495	0.01975	0.01845	0.01214	0.42644	0.13378	0.06725	0.04915	0.05371	0.06697	0.01078	0.00761	0.00233	0.00691	0.03292	0.00731	0.01114
25	0.01357	0.00752	0.00793	0.00768	0.00927	0.00769	0.00558	0.04709	0.01519	0.02530	0.02307	0.03016	0.01963	0.13494	0.04496	0.00310	0.00500	0.00745	0.57824	0.00663
26	0.00886	0.00633	0.00843	0.01012	0.01054	0.00590	0.00675	0.01012	0.01392	0.01856	0.04006	0.73979	0.04808	0.02277	0.00928	0.00295	0.00422	0.02066	0.00675	0.00590
27	0.01303	0.00690	0.00857	0.00853	0.00938	0.00712	0.00608	0.01349	0.01259	0.02024	0.01926	0.05739	0.01711	0.01637	0.01582	0.33379	0.03180	0.00720	0.39006	0.00525
28	0.01052	0.00700	0.00799	0.00809	0.00823	0.00695	0.00468	0.01083	0.01129	0.01530	0.04739	0.09650	0.02920	0.64699	0.03313	0.00644	0.00662	0.01127	0.02690	0.00466
29	0.00920	0.00743	0.00820	0.00812	0.01033	0.00643	0.00616	0.01154	0.01769	0.02237	0.24455	0.06613	0.49403	0.01750	0.00865	0.00245	0.00374	0.04203	0.00709	0.00636
30	0.02713	0.02011	0.02153	0.01662	0.02235	0.02231	0.01370	0.64174	0.06821	0.04501	0.01809	0.01796	0.01287	0.00879	0.00728	0.00220	0.00788	0.00663	0.00728	0.01232
31	0.01075	0.00685	0.00783	0.00817	0.00856	0.00677	0.00500	0.01160	0.01208	0.01730	0.02655	0.18514	0.02947	0.46768	0.02572	0.00527	0.00583	0.01196	0.14236	0.00513
32	0.01031	0.00772	0.01153	0.01161	0.01286	0.00893	0.00897	0.01284	0.01179	0.01695	0.02045	0.06252	0.01960	0.05300	0.68200	0.01127	0.01874	0.00840	0.00403	0.00646
33	0.68682	0.01382	0.01157	0.01004	0.01470	0.01550	0.00827	0.02338	0.01358	0.12858	0.01277	0.01366	0.00932	0.00707	0.00490	0.00225	0.00570	0.00442	0.00514	0.00852
34	0.01003	0.00716	0.00934	0.01050	0.01169	0.00678	0.00796	0.01230	0.01584	0.02125	0.12242	0.37338	0.10979	0.01997	0.00915	0.00288	0.00473	0.19582	0.04272	0.00631
35	0.01064	0.00794	0.01129	0.01117	0.01214	0.00916	0.00835	0.01264	0.01142	0.01631	0.01982	0.03211	0.01960	0.19967	0.54483	0.01037	0.04414	0.00833	0.00398	0.00610
36	0.00902	0.00645	0.00863	0.01031	0.01081	0.00605	0.00704	0.01041	0.01408	0.01874	0.03997	0.70119	0.04771	0.02262	0.00932	0.00298	0.00436	0.05761	0.00674	0.00595
37	0.00901	0.00643	0.00861	0.01029	0.01078	0.00603	0.00701	0.01038	0.01406	0.01872	0.03998	0.70546	0.04775	0.02263	0.00932	0.00297	0.00435	0.05353	0.00674	0.00595
38	0.01194	0.01007	0.01466	0.01376	0.01470	0.01279	0.01100	0.01425	0.01153	0.01705	0.01668	0.02500	0.01574	0.04276	0.52112	0.00929	0.21968	0.00739	0.00369	0.00690
39	0.01797	0.01734	0.02991	0.04419	0.67909	0.01730	0.04209	0.02234	0.01657	0.02373	0.01370	0.01804	0.01150	0.00647	0.00724	0.00217	0.00875	0.00654	0.00360	0.01146
40	0.05056	0.03652	0.67481	0.02020	0.03066	0.01686	0.02598	0.02294	0.01521	0.02346	0.01291	0.01518	0.00915	0.00690	0.00680	0.00230	0.01051	0.00531	0.00314	0.01061
41	0.01038	0.00779	0.01168	0.01168	0.01298	0.00909	0.00909	0.01298	0.01168	0.01687	0.01947	0.02856	0.01817	0.05452	0.71573	0.01168	0.01947	0.00779	0.00389	0.00649
42	0.02270	0.07014	0.05446	0.02747	0.27370	0.23452	0.01740	0.10231	0.01979	0.06378	0.01385	0.01622	0.01102	0.00743	0.00742	0.00208	0.03522	0.00576	0.00433	0.01041
43	0.05391	0.17954	0.44102	0.01755	0.02588	0.01888	0.02085	0.02240	0.01531	0.04727	0.04527	0.01665	0.01234	0.00752	0.00731	0.00219	0.04698	0.00549	0.00361	0.01004
44	0.00875	0.00731	0.00762	0.00768	0.00995	0.00618	0.00571	0.01068	0.01674	0.02035	0.12277	0.10944	0.60513	0.01838	0.00863	0.00247	0.00369	0.01548	0.00685	0.00618
45	0.00987	0.00727	0.00915	0.01039	0.01113	0.00715	0.00701	0.01287	0.07758	0.01932	0.03768	0.61598	0.04386	0.07996	0.01134	0.00324	0.00459	0.01866	0.00662	0.00632
46	0.04698	0.00871	0.01031	0.00956	0.01200	0.00813	0.00727	0.03867	0.01828	0.10761	0.27382	0.08562	0.21812	0.07925	0.01080	0.00282	0.00460	0.04295	0.00718	0.00731
47	0.01666	0.01601	0.02720	0.11779	0.54186	0.01622	0.04448	0.02089	0.01635	0.02279	0.01884	0.02272	0.07079	0.00759	0.00738	0.00223	0.00846	0.00732	0.00383	0.01060
48	0.01373	0.01292	0.02180	0.72707	0.05006	0.01615	0.02019	0.01857	0.01453	0.01857	0.01292	0.01938	0.00969	0.00727	0.00727	0.00242	0.00969	0.00646	0.00323	0.00807
49	0.00978	0.00798	0.00876	0.00886	0.01105	0.00732	0.00663	0.01341	0.07481	0.02158	0.13380	0.16070	0.44602	0.01796	0.00865	0.00255	0.00404	0.04248	0.00695	0.00668
50	0.01690	0.01910	0.03913	0.05894	0.03632	0.04355	0.58108	0.02252	0.01698	0.02260	0.01599	0.06162	0.01308	0.00720	0.00849	0.00246	0.01170	0.00905	0.00384	0.00945
51	0.01665	0.01822	0.03879	0.08538	0.05980	0.01746	0.55952	0.02206	0.01648	0.02230	0.01441	0.01968	0.01103	0.00735	0.00959	0.04857	0.01158	0.00821	0.00361	0.00933
52	0.00928	0.00683	0.00878	0.01011	0.01108	0.00633	0.00727	0.01101	0.01500	0.01959	0.07035	0.51241	0.15160	0.02139	0.00925	0.00290	0.00446	0.10949	0.00679	0.00609
53	0.01553	0.01460	0.02544	0.23135	0.10232	0.01619	0.18320	0.03719	0.01554	0.02210	0.01558	0.04523	0.01289	0.00843	0.00971	0.00242	0.11158	0.00753	0.11445	0.00871
54	0.02182	0.07984	0.09838	0.01922	0.06928	0.39044	0.03521	0.05597	0.01919	0.02046	0.01845	0.05651	0.06686	0.00896	0.00691	0.00205	0.01066	0.00673	0.00418	0.00888
55	0.00994	0.00779	0.01080	0.13094	0.01741	0.00792	0.00919	0.01203	0.01452	0.01883	0.03951	0.44309	0.13207	0.04425	0.00986	0.00297	0.00538	0.07111	0.00607	0.00632
56	0.01499	0.01400	0.02332	0.57103	0.17698	0.01657	0.02041	0.03937	0.01553	0.02042	0.01321	0.01905	0.01013	0.00716	0.00725	0.00236	0.00943	0.00647	0.00343	0.00888
57	0.01749	0.11027	0.02437	0.03711	0.02061	0.05506	0.04660	0.05889	0.01404	0.01998	0.01124	0.01617	0.01022	0.01072	0.01743	0.00272	0.46919	0.00611	0.04335	0.00845
58	0.01468	0.01866	0.14240	0.44363	0.04408	0.01680	0.17520	0.02043	0.01529	0.02043	0.01336	0.01875	0.00992	0.00694	0.00752	0.00241	0.01047	0.00678	0.00331	0.00893
59	0.01819	0.01320	0.01566	0.01136	0.01767	0.01045	0.00916	0.05253	0.01682	0.12200	0.01539	0.01657	0.01188	0.00606	0.00575	0.00130	0.00562	0.00484	0.00512	0.64042
60	0.02042	0.50072	0.09064	0.01422	0.02027	0.07569	0.01389	0.08771	0.01716	0.03990	0.01193	0.01361	0.01011	0.00820	0.02509	0.00205	0.03036	0.00461	0.00376	0.00966
61	0.01657	0.01851	0.03952	0.05906	0.03646	0.01786	0.58555	0.02230	0.01654	0.02253	0.01475	0.02001	0.01135	0.00922	0.05049	0.00301	0.03477	0.00837	0.00365	0.00948
62	0.01049	0.00701	0.00795	0.00803	0.00805	0.00699	0.00452	0.01055	0.01073	0.01431	0.02372	0.08062	0.02746	0.71007	0.03567	0.00685	0.00691	0.01105	0.00452	0.00448
63	0.01808	0.01561	0.01644	0.01479	0.01890	0.01808	0.01151	0.03863	0.68606	0.03041	0.02959	0.02712	0.02219	0.00986	0.00740	0.00247	0.00575	0.00822	0.00740	0.01151
64	0.01007	0.00767	0.00930	0.00894	0.01088	0.00705	0.00668	0.01364	0.04474	0.02620	0.47551	0.09052	0.22996	0.01598	0.00857	0.00237	0.00362	0.01389	0.00759	0.00680
65	0.00922	0.00702	0.00994	0.01085	0.01175	0.00650	0.03733	0.01075	0.01427	0.01886	0.04151	0.65451	0.09680	0.02167	0.00919	0.00289	0.00455	0.01969	0.00661	0.00610
66	0.01029	0.00743	0.00972	0.00914	0.01086	0.00686	0.00686	0.01372	0.02058	0.02915	0.69536	0.05430	0.06859	0.01486	0.00857	0.00229	0.00343	0.01315	0.00800	0.00686
67	0.01373	0.01292	0.02180	0.72707	0.05006	0.01615	0.02019	0.01857	0.01453	0.01857	0.01292	0.01938	0.00969	0.00727	0.00727	0.00242	0.00969	0.00646	0.00323	0.00807
68	0.04971	0.03028	0.41402	0.02353	0.03248	0.05383	0.24629	0.02335	0.01611	0.02325	0.01339	0.01654	0.00978	0.00666	0.00736	0.00233	0.01116	0.00637	0.00337	0.01018
69	0.00891	0.00738	0.00781	0.00770	0.01002	0.00627	0.00578	0.01106	0.01733	0.02145	0.19216	0.06697	0.57659	0.01773	0.00859	0.00242	0.00363	0.01492	0.00699	0.00627
70	0.01507	0.01292	0.01507	0.01077	0.01723	0.00969	0.00861	0.01830	0.01507	0.02369	0.01292	0.01507	0.01077	0.00538	0.00538	0.00108	0.00538	0.00431	0.00431	0.78898
71	0.00939	0.00659	0.00839	0.00950	0.00990	0.00626	0.00616	0.01048	0.01353	0.01815	0.08088	0.51692	0.04400	0.20534	0.01626	0.00395	0.00488	0.01759	0.00624	0.00559
72	0.01355	0.00678	0.00678	0.00678	0.00847	0.00678	0.00508	0.01694	0.01524	0.02710	0.02371	0.02710	0.01863	0.00847	0.00508	0.00169	0.00339	0.00678	0.78489	0.00678
73	0.04781	0.11731	0.01812	0.01291	0.01718	0.13685	0.01045	0.08318	0.10964	0.02514	0.10343	0.02986	0.10628	0.01011	0.00685	0.00201	0.00696	0.03002	0.00557	0.12031
74	0.01716	0.06751	0.60761	0.02219	0.03234	0.01851	0.07180	0.02425	0.01675	0.02466	0.01523	0.01855	0.01150	0.00831	0.00785	0.00268	0.01129	0.00625	0.00390	0.01164
75	0.01590	0.01590	0.02226	0.01908	0.01908	0.02226	0.01590	0.01749	0.01113	0.01749	0.00954	0.01590	0.00954	0.01272	0.02385	0.00318	0.73123	0.00636	0.00318	0.00795
76	0.01944	0.02178	0.05678	0.10087	0.41324	0.17324	0.06488	0.02356	0.01726	0.02187	0.01310	0.01703	0.01073	0.00677	0.00714	0.00215	0.01007	0.00617	0.00358	0.01035
77	0.02554	0.04124	0.01764	0.01361	0.01864	0.01498	0.01109	0.14679	0.19450	0.33272	0.02991	0.02727	0.07302	0.00984	0.00733	0.00228	0.00625	0.00794	0.00788	0.01153
78	0.01362	0.01240	0.01978	0.50858	0.03938	0.01543	0.01741	0.03574	0.01442	0.01907	0.01557	0.07915	0.01372	0.01364	0.07668	0.00342	0.08271	0.00775	0.00369	0.00785
79	0.56717	0.15170	0.01686	0.01076	0.01572	0.01895	0.00928	0.07307	0.01479	0.05149	0.01127	0.01262	0.00881	0.00687	0.00483	0.00211	0.00623	0.00424	0.00460	0.00863
80	0.01355	0.00678	0.00678	0.00678	0.00847	0.00678	0.00508	0.01694	0.01524	0.02710	0.02371	0.02710	0.01863	0.00847	0.00508	0.00169	0.00339	0.00678	0.78489	0.00678
81	0.06645	0.01743	0.01572	0.01319	0.01724	0.13758	0.01047	0.24326	0.04142	0.09760	0.01930	0.02031	0.01433	0.00838	0.00632	0.00200	0.00711	0.00626	0.24595	0.00968
82	0.01024	0.00743	0.00964	0.00909	0.01083	0.00684	0.00682	0.01362	0.02045	0.02886	0.67643	0.05477	0.08770	0.01497	0.00857	0.00229	0.00344	0.01321	0.00796	0.00684
83	0.04523	0.58694	0.09175	0.01382	0.02013	0.02571	0.04370	0.02141	0.01466	0.01840	0.01111	0.01333	0.00987	0.00912	0.04675	0.00228	0.00884	0.00446	0.00323	0.00925
84	0.01605	0.01600	0.02277	0.02088	0.06695	0.02191	0.01635	0.01783	0.01151	0.01793	0.00983	0.01605	0.00968	0.01228	0.02268	0.00311	0.68038	0.00637	0.00321	0.00820
85	0.01057	0.00705	0.00793	0.00793	0.00793	0.00705	0.00440	0.01057	0.01057	0.01409	0.02290	0.04757	0.02643	0.74454	0.03700	0.00705	0.00705	0.01057	0.00440	0.00440
86	0.01057	0.00705	0.00793	0.00793	0.00793	0.00705	0.00440	0.01057	0.01057	0.01409	0.02290	0.04757	0.02643	0.74454	0.03700	0.00705	0.00705	0.01057	0.00440	0.00440
87	0.02579	0.01924	0.02103	0.04118	0.02285	0.02144	0.01369	0.58422	0.07071	0.04262	0.01810	0.01860	0.01311	0.01085	0.03991	0.00264	0.00845	0.00670	0.00698	0.01189
88	0.01744	0.01671	0.02852	0.13230	0.61580	0.01713	0.02204	0.02183	0.01629	0.02308	0.01358	0.01817	0.01128	0.00658	0.00721	0.00219	0.00877	0.00647	0.00355	0.01107
89	0.01432	0.01354	0.01909	0.01682	0.01714	0.01840	0.01377	0.01611	0.01125	0.01721	0.01252	0.02024	0.01232	0.05005	0.19773	0.00545	0.52628	0.00687	0.00340	0.00746
90	0.01435	0.01361	0.01928	0.01699	0.01736	0.01854	0.01398	0.01622	0.01129	0.01732	0.01235	0.01948	0.01198	0.02452	0.21919	0.00558	0.53028	0.00676	0.00338	0.00754
91	0.01518	0.01340	0.01734	0.07431	0.02136	0.01105	0.04869	0.01931	0.03800	0.02345	0.01359	0.01612	0.01108	0.00574	0.00580	0.00132	0.00617	0.00488	0.00428	0.64892
92	0.01537	0.01503	0.04064	0.04853	0.01747	0.12528	0.01164	0.01764	0.01356	0.04117	0.01663	0.02522	0.01553	0.13022	0.26074	0.00632	0.15310	0.00720	0.03144	0.00723
93	0.02632	0.01818	0.01994	0.01576	0.02118	0.01986	0.01287	0.44565	0.17127	0.13886	0.02168	0.02058	0.01528	0.00901	0.00730	0.00225	0.00725	0.00701	0.00755	0.01218
94	0.01040	0.00774	0.01146	0.01146	0.01268	0.00897	0.00881	0.01284	0.01162	0.01671	0.01967	0.02967	0.01866	0.09501	0.67590	0.01141	0.01874	0.00795	0.00392	0.00637
95	0.01525	0.01665	0.06632	0.08284	0.05031	0.01898	0.12580	0.01852	0.01296	0.01905	0.01226	0.01840	0.01090	0.01561	0.10179	0.00393	0.39182	0.00686	0.00336	0.00840
96	0.02763	0.02036	0.02182	0.01672	0.02254	0.02254	0.01382	0.67496	0.03418	0.04581	0.01745	0.01745	0.01236	0.00873	0.00727	0.00218	0.00800	0.00654	0.00727	0.01236
97	0.01211	0.00947	0.01301	0.01227	0.01326	0.01142	0.00944	0.03340	0.01224	0.01790	0.01842	0.02918	0.01789	0.16463	0.41108	0.00850	0.14654	0.00793	0.04472	0.00658
98	0.01682	0.02067	0.09515	0.06244	0.06339	0.01812	0.56550	0.02301	0.01687	0.02306	0.01445	0.01919	0.01084	0.00626	0.00833	0.00243	0.01188	0.00814	0.00360	0.00987
99	0.01024	0.00789	0.00967	0.01055	0.01259	0.00732	0.00880	0.01288	0.01666	0.02076	0.05504	0.07633	0.34996	0.01929	0.00936	0.00293	0.00528	0.35132	0.00672	0.00643
100	0.00914	0.00654	0.00872	0.01015	0.01077	0.00612	0.00697	0.01074	0.01479	0.01989	0.11385	0.63425	0.05012	0.02177	0.00923	0.00289	0.00423	0.04689	0.00689	0.00605
101	0.01122	0.00840	0.01217	0.01193	0.01344	0.00974	0.00932	0.04501	0.01277	0.01827	0.01937	0.02802	0.01789	0.05230	0.68145	0.01122	0.01892	0.00773	0.00406	0.00677
102	0.02012	0.57744	0.09384	0.01474	0.04377	0.07339	0.01406	0.02304	0.01557	0.05071	0.01145	0.01293	0.00981	0.00651	0.00520	0.00170	0.00835	0.00432	0.00345	0.00961
103	0.53669	0.01504	0.04445	0.03550	0.01701	0.01590	0.00988	0.04337	0.09009	0.07382	0.04709	0.01699	0.01332	0.00772	0.00549	0.00228	0.00601	0.00531	0.00525	0.00879
104	0.01789	0.05021	0.07462	0.16247	0.42468	0.05112	0.02075	0.05050	0.03585	0.02332	0.01383	0.01779	0.01116	0.00688	0.00706	0.00219	0.00904	0.00625	0.00375	0.01063
105	0.01718	0.34095	0.20773	0.01602	0.02179	0.05572	0.01661	0.02094	0.01438	0.01879	0.01213	0.03599	0.01088	0.01021	0.03949	0.00254	0.14077	0.00543	0.00328	0.00918
106	0.00893	0.00656	0.00821	0.00949	0.01023	0.00603	0.00637	0.01021	0.01414	0.01843	0.04471	0.57436	0.15950	0.07281	0.01111	0.00315	0.00432	0.01903	0.00658	0.00584
107	0.01664	0.28870	0.39097	0.01942	0.05097	0.02125	0.07400	0.02257	0.01533	0.02096	0.01216	0.01447	0.00948	0.00658	0.00625	0.00204	0.00973	0.00514	0.00315	0.01019

[dist]
# distance from previous block
# <min> <max>
0	91

[block]
# block no. 4 follows, 28 sequences, length 193
# corresponding to MSA columns:
# 381-573
name=unknown_E
#
# <colnr> <probs for GDERKNQSTAVLIFYWHMCP>
#	G	D	E	R	K	N	Q	S	T	A	V	L	I	F	Y	W	H	M	C	P
0	0.01478	0.06692	0.67931	0.02038	0.03093	0.01737	0.02626	0.02297	0.01532	0.02278	0.01292	0.01519	0.00921	0.00688	0.00681	0.00227	0.01062	0.00531	0.00307	0.01068
1	0.00897	0.00641	0.00857	0.01026	0.01073	0.00601	0.00695	0.01033	0.01403	0.01869	0.04000	0.71268	0.04782	0.02266	0.00931	0.00297	0.00432	0.04662	0.00675	0.00594
2	0.01551	0.01318	0.01531	0.01097	0.01741	0.01014	0.00879	0.04110	0.01574	0.02445	0.01308	0.01516	0.01082	0.00550	0.00545	0.00112	0.00547	0.00438	0.00441	0.76202
3	0.01163	0.00773	0.01015	0.00937	0.01132	0.00709	0.00709	0.01502	0.02059	0.06963	0.65538	0.05253	0.06555	0.01451	0.00850	0.00228	0.00359	0.01280	0.00806	0.00719
4	0.03261	0.01237	0.01687	0.01293	0.01856	0.01068	0.01068	0.03543	0.02081	0.70423	0.02868	0.02474	0.01799	0.00900	0.00731	0.00225	0.00619	0.00731	0.00900	0.01237
5	0.01057	0.00705	0.00793	0.00793	0.00793	0.00705	0.00440	0.01057	0.01057	0.01409	0.02290	0.04757	0.02643	0.74454	0.03700	0.00705	0.00705	0.01057	0.00440	0.00440
6	0.01193	0.00782	0.01009	0.00930	0.01139	0.00710	0.00705	0.01517	0.02026	0.08224	0.58951	0.05326	0.11768	0.01469	0.00847	0.00230	0.00367	0.01287	0.00798	0.00724
7	0.01786	0.01490	0.01584	0.01424	0.01824	0.01698	0.01107	0.03651	0.61564	0.05027	0.05360	0.02975	0.05194	0.01036	0.00748	0.00245	0.00560	0.00865	0.00744	0.01115
8	0.01057	0.00705	0.00793	0.00793	0.00793	0.00705	0.00440	0.01057	0.01057	0.01409	0.02290	0.04757	0.02643	0.74454	0.03700	0.00705	0.00705	0.01057	0.00440	0.00440
9	0.01985	0.01814	0.02736	0.07613	0.51536	0.03930	0.02034	0.14544	0.01989	0.02745	0.01427	0.01782	0.01151	0.00698	0.00720	0.00217	0.00871	0.00643	0.00428	0.01139
10	0.02698	0.02004	0.02145	0.01659	0.02229	0.02224	0.01366	0.63138	0.07882	0.04476	0.01828	0.01811	0.01303	0.00880	0.00728	0.00220	0.00785	0.00666	0.00728	0.01230
11	0.01373	0.01292	0.02180	0.72707	0.05006	0.01615	0.02019	0.01857	0.01453	0.01857	0.01292	0.01938	0.00969	0.00727	0.00727	0.00242	0.00969	0.00646	0.00323	0.00807
12	0.01480	0.01025	0.01457	0.14313	0.02009	0.01105	0.03318	0.11493	0.01591	0.02155	0.05795	0.10078	0.01948	0.01702	0.01618	0.32483	0.00686	0.00844	0.04260	0.00641
13	0.60964	0.05709	0.01415	0.01125	0.01589	0.08690	0.00926	0.07936	0.01523	0.03144	0.01087	0.01242	0.00849	0.00697	0.00495	0.00217	0.00669	0.00424	0.00459	0.00840
14	0.03217	0.01247	0.01686	0.01299	0.01857	0.01091	0.01071	0.03552	0.04089	0.68388	0.02870	0.02481	0.01812	0.00902	0.00731	0.00226	0.00617	0.00734	0.00895	0.01234
15	0.02805	0.01163	0.01558	0.01234	0.01720	0.01031	0.01004	0.03170	0.04819	0.55651	0.14716	0.03009	0.02716	0.01007	0.00754	0.00226	0.00568	0.00838	0.00875	0.01136
16	0.01088	0.00691	0.00926	0.01040	0.01133	0.00640	0.00722	0.01243	0.01484	0.07324	0.06807	0.63280	0.04642	0.02125	0.00912	0.00288	0.00441	0.03868	0.00698	0.00648
