[name]
unknown

[dist]
# distance from previous block
# <min> <max>
0	61

[block]
# block no. 0 follows, 29 sequences, length 56
# corresponding to MSA columns:
# 83-138
name=unknown_A
#
# <colnr> <probs for GDERKNQSTAVLIFYWHMCP>
#	G	D	E	R	K	N	Q	S	T	A	V	L	I	F	Y	W	H	M	C	P
0	0.10215	0.16500	0.13241	0.05534	0.08024	0.04774	0.05787	0.11037	0.01779	0.02518	0.05950	0.06507	0.01673	0.00867	0.00660	0.00214	0.00803	0.02540	0.00449	0.00928
1	0.05651	0.02433	0.31967	0.07155	0.08718	0.01588	0.04224	0.10404	0.03253	0.02538	0.01459	0.01881	0.01144	0.00807	0.00761	0.03312	0.00879	0.03098	0.00403	0.08325
2	0.04886	0.05086	0.33819	0.02388	0.19907	0.01641	0.02042	0.04834	0.06298	0.02472	0.06021	0.01885	0.01450	0.00737	0.00677	0.00216	0.00858	0.00614	0.00402	0.03766
3	0.05142	0.02478	0.23650	0.02030	0.08826	0.05549	0.04676	0.26257	0.06432	0.05740	0.01585	0.01702	0.01150	0.00762	0.00693	0.00219	0.00888	0.00607	0.00514	0.01101
4	0.01680	0.07634	0.33033	0.02179	0.12372	0.01759	0.05463	0.08017	0.10737	0.02518	0.01528	0.01707	0.01152	0.00705	0.00673	0.00212	0.00884	0.00588	0.00412	0.06748
5	0.01551	0.01260	0.03511	0.01648	0.08315	0.01180	0.08773	0.09823	0.04351	0.07443	0.27330	0.05687	0.08708	0.01180	0.00797	0.00229	0.00607	0.04269	0.00650	0.02687
6	0.01860	0.01549	0.01238	0.01115	0.01392	0.18382	0.00852	0.11767	0.03559	0.02677	0.01946	0.02232	0.01541	0.02693	0.00649	0.00192	0.00646	0.00623	0.44297	0.00789
7	0.01237	0.00618	0.00928	0.00928	0.00928	0.00618	0.00618	0.00928	0.00928	0.01237	0.01237	0.02165	0.01237	0.02474	0.02783	0.79283	0.00618	0.00618	0.00309	0.00309
8	0.01345	0.01266	0.02136	0.73264	0.04904	0.01582	0.01978	0.01819	0.01424	0.01819	0.01266	0.01898	0.00949	0.00712	0.00712	0.00237	0.00949	0.00633	0.00316	0.00791
9	0.01700	0.01611	0.02735	0.07704	0.62529	0.01628	0.02105	0.02119	0.01612	0.02287	0.01499	0.02190	0.01318	0.00728	0.00724	0.00221	0.00838	0.05003	0.00371	0.01079
10	0.01525	0.03007	0.45531	0.02403	0.03327	0.01710	0.27707	0.02265	0.01571	0.02265	0.01340	0.01664	0.00971	0.00647	0.00739	0.00231	0.01109	0.00647	0.00324	0.01017
11	0.01233	0.00776	0.01012	0.00932	0.01140	0.00706	0.00706	0.01547	0.01974	0.10215	0.57223	0.07708	0.09191	0.01439	0.00829	0.00227	0.00370	0.01264	0.00784	0.00724
12	0.03921	0.58585	0.07963	0.01353	0.01939	0.09643	0.01331	0.02194	0.01488	0.01761	0.01018	0.01197	0.00911	0.00652	0.00563	0.00168	0.03682	0.00408	0.00314	0.00905
13	0.01703	0.13883	0.24669	0.01930	0.02626	0.07271	0.16730	0.02494	0.12391	0.02272	0.01581	0.01781	0.01207	0.00709	0.00673	0.00213	0.00935	0.00623	0.05331	0.00980
14	0.02621	0.03320	0.02056	0.01945	0.05173	0.69054	0.01411	0.02815	0.02001	0.01768	0.01111	0.01305	0.00926	0.00729	0.00645	0.00185	0.01265	0.00466	0.00366	0.00839
15	0.00891	0.00641	0.00832	0.00956	0.01019	0.00596	0.00644	0.01035	0.01433	0.01917	0.11438	0.59609	0.08270	0.05858	0.01037	0.00300	0.00416	0.01864	0.00663	0.00583
16	0.01803	0.01913	0.07181	0.03809	0.53272	0.04800	0.06532	0.04788	0.01680	0.02352	0.01329	0.01725	0.01096	0.00674	0.00779	0.00217	0.03966	0.00634	0.00363	0.01087
17	0.01356	0.01281	0.02138	0.69512	0.04745	0.01614	0.01955	0.01814	0.01406	0.01814	0.01248	0.01881	0.00948	0.00740	0.00797	0.00241	0.04771	0.00632	0.00316	0.00790
18	0.00868	0.00620	0.00826	0.00991	0.01033	0.00578	0.00661	0.00991	0.01363	0.01818	0.03925	0.74510	0.04710	0.02231	0.00909	0.00289	0.00413	0.02024	0.00661	0.00578
19	0.01618	0.01737	0.03177	0.02427	0.02782	0.01994	0.34276	0.01993	0.01381	0.01993	0.01184	0.01737	0.01007	0.00928	0.01599	0.00276	0.37957	0.00730	0.00336	0.00868
20	0.02636	0.01926	0.02061	0.01588	0.02137	0.02129	0.01309	0.64743	0.03253	0.04394	0.01741	0.01758	0.01243	0.00853	0.00701	0.00211	0.00760	0.00642	0.04730	0.01183
21	0.00909	0.00649	0.00873	0.01038	0.01098	0.00614	0.00732	0.01062	0.01404	0.01864	0.03902	0.64778	0.04620	0.02192	0.00920	0.00295	0.00449	0.11352	0.00660	0.00590
22	0.00969	0.00762	0.01159	0.01265	0.03963	0.00716	0.05600	0.01150	0.01431	0.01926	0.07123	0.62750	0.04411	0.02009	0.00892	0.00279	0.00483	0.01845	0.00633	0.00633
23	0.01024	0.00686	0.00780	0.00791	0.00794	0.00683	0.00447	0.01033	0.01058	0.01410	0.02356	0.09347	0.02731	0.70094	0.03442	0.00663	0.00672	0.01102	0.00447	0.00441
24	0.75176	0.01367	0.01085	0.00957	0.01405	0.01563	0.00788	0.02180	0.01264	0.07459	0.01106	0.01236	0.00833	0.00675	0.00458	0.00220	0.00554	0.00406	0.00468	0.00799
25	0.02987	0.01256	0.01651	0.01278	0.01803	0.01138	0.01051	0.09899	0.02170	0.59312	0.07580	0.02561	0.02066	0.00920	0.00725	0.00220	0.00604	0.00750	0.00857	0.01173
26	0.01697	0.44247	0.33078	0.01571	0.02372	0.02312	0.01832	0.02186	0.01471	0.01927	0.01115	0.01299	0.00909	0.00638	0.00552	0.00184	0.00888	0.00444	0.00303	0.00974
27	0.01178	0.00912	0.01365	0.01309	0.03008	0.00916	0.07113	0.01402	0.01497	0.05549	0.09968	0.36160	0.11339	0.01837	0.03794	0.00299	0.07247	0.01464	0.02948	0.00694
28	0.02671	0.01078	0.01424	0.01135	0.01559	0.00955	0.00896	0.02901	0.01818	0.53553	0.02672	0.02844	0.01916	0.14271	0.01226	0.00301	0.00602	0.00770	0.06376	0.01032
29	0.00971	0.00649	0.00866	0.00999	0.01067	0.00602	0.00678	0.01110	0.01417	0.04772	0.06471	0.68767	0.04664	0.02144	0.00898	0.00284	0.00418	0.01940	0.00675	0.00609
30	0.01653	0.12131	0.46013	0.02112	0.08016	0.01791	0.06379	0.02296	0.01536	0.06783	0.01346	0.01568	0.00991	0.00696	0.00729	0.00219	0.03804	0.00553	0.00348	0.01035
31	0.01795	0.01879	0.05216	0.21539	0.39556	0.10141	0.02012	0.05354	0.01697	0.02227	0.01307	0.01727	0.01052	0.00679	0.00698	0.00215	0.00930	0.00609	0.00360	0.01006
32	0.08812	0.01551	0.02181	0.35682	0.17957	0.04657	0.01770	0.09779	0.01703	0.04428	0.01335	0.01757	0.01024	0.00734	0.00747	0.00228	0.03723	0.00607	0.00401	0.00924
33	0.01882	0.72134	0.06811	0.01255	0.01885	0.02764	0.01283	0.02138	0.01449	0.01702	0.01003	0.01159	0.00913	0.00612	0.00467	0.00156	0.00775	0.00387	0.00304	0.00920
34	0.01050	0.00715	0.00826	0.00811	0.00842	0.00713	0.00477	0.01078	0.01058	0.01432	0.02187	0.04422	0.02480	0.67652	0.08173	0.00701	0.00767	0.00996	0.00428	0.03192
35	0.06631	0.01838	0.02006	0.03406	0.02176	0.01995	0.01288	0.54000	0.02981	0.10437	0.01743	0.01742	0.01226	0.00829	0.00690	0.00210	0.00748	0.00625	0.00691	0.04739
36	0.02619	0.01746	0.05039	0.01484	0.02029	0.01747	0.01264	0.42344	0.02738	0.20710	0.02009	0.01979	0.01394	0.01022	0.03414	0.00248	0.00766	0.00661	0.05640	0.01148
37	0.03070	0.01255	0.01664	0.01282	0.01819	0.01125	0.01056	0.08570	0.02142	0.63014	0.05370	0.02480	0.01913	0.00902	0.00721	0.00220	0.00610	0.00733	0.00864	0.01191
38	0.01584	0.01643	0.03115	0.05280	0.06543	0.01680	0.38539	0.02295	0.11454	0.02250	0.01736	0.04604	0.01421	0.01217	0.07749	0.00332	0.06374	0.00834	0.00420	0.00929
39	0.00977	0.00754	0.00897	0.00897	0.01076	0.00700	0.00659	0.01327	0.05989	0.02367	0.33208	0.19831	0.25312	0.01690	0.00847	0.00243	0.00374	0.01474	0.00718	0.00660
40	0.00874	0.00626	0.00820	0.00973	0.01019	0.00584	0.00647	0.00994	0.01358	0.01802	0.03966	0.69109	0.06907	0.05379	0.01025	0.00305	0.00423	0.01963	0.00651	0.00573
41	0.41459	0.01485	0.01403	0.01170	0.01624	0.01652	0.00955	0.23337	0.01978	0.08065	0.01562	0.04858	0.01225	0.00820	0.00571	0.00218	0.00609	0.00582	0.05502	0.00926
42	0.00868	0.00620	0.00826	0.00991	0.01033	0.00578	0.00661	0.00991	0.01363	0.01818	0.03925	0.74510	0.04710	0.02231	0.00909	0.00289	0.00413	0.02024	0.00661	0.00578
43	0.16954	0.01316	0.01920	0.56174	0.04102	0.01609	0.01715	0.04454	0.01457	0.02195	0.01229	0.01744	0.00924	0.00707	0.00658	0.00233	0.00864	0.00584	0.00356	0.00803
44	0.00868	0.00620	0.00826	0.00991	0.01033	0.00578	0.00661	0.00991	0.01363	0.01818	0.03925	0.74510	0.04710	0.02231	0.00909	0.00289	0.00413	0.02024	0.00661	0.00578
45	0.00857	0.00659	0.00785	0.00886	0.01005	0.00587	0.00614	0.01003	0.01465	0.01859	0.05209	0.48091	0.30300	0.02064	0.00883	0.00270	0.00393	0.01821	0.00661	0.00587
46	0.80005	0.01377	0.01047	0.00936	0.01377	0.01597	0.00771	0.02093	0.01212	0.03195	0.00991	0.01157	0.00771	0.00661	0.00441	0.00220	0.00551	0.00386	0.00441	0.00771
47	0.01036	0.00690	0.00777	0.00777	0.00777	0.00690	0.00431	0.01036	0.01036	0.01381	0.02244	0.04660	0.02589	0.74975	0.03624	0.00690	0.00690	0.01036	0.00431	0.00431
48	0.00867	0.00623	0.00822	0.00981	0.01030	0.00579	0.00656	0.00993	0.01373	0.01822	0.04048	0.71969	0.07171	0.02215	0.00906	0.00287	0.00411	0.02005	0.00661	0.00579
49	0.01865	0.69582	0.09215	0.01284	0.01929	0.02723	0.01333	0.02142	0.01451	0.01722	0.01013	0.01172	0.00913	0.00615	0.00475	0.00158	0.00785	0.00393	0.00304	0.00925
50	0.02593	0.01910	0.02057	0.01589	0.02131	0.02105	0.01308	0.63676	0.03259	0.04378	0.06302	0.01952	0.01581	0.00895	0.00721	0.00214	0.00754	0.00684	0.00717	0.01175
51	0.01505	0.01508	0.02550	0.24522	0.07741	0.01818	0.14796	0.01859	0.01344	0.01885	0.01225	0.01891	0.01056	0.04272	0.01483	0.00285	0.28414	0.00689	0.00331	0.00826
52	0.02460	0.01829	0.01967	0.01546	0.02062	0.02024	0.01264	0.55051	0.10648	0.04169	0.06162	0.02067	0.01681	0.00904	0.00716	0.00216	0.00719	0.00701	0.02658	0.01154
53	0.01605	0.01453	0.02053	0.04830	0.02043	0.05238	0.09304	0.04127	0.01507	0.06390	0.09673	0.11939	0.02200	0.01240	0.01472	0.00271	0.32461	0.00915	0.00473	0.00806
54	0.02454	0.02087	0.01980	0.01619	0.02113	0.12820	0.01297	0.41205	0.20477	0.03670	0.01929	0.01893	0.01419	0.00865	0.00705	0.00216	0.00802	0.00656	0.00663	0.01130
55	0.01837	0.52177	0.16390	0.01537	0.02237	0.02485	0.06913	0.05559	0.01574	0.01978	0.01118	0.01303	0.00940	0.00634	0.00542	0.00176	0.00853	0.00459	0.00329	0.00959

[dist]
# distance from previous block
# <min> <max>
0	1

[block]
# block no. 1 follows, 29 sequences, length 37
# corresponding to MSA columns:
# 140-176
name=unknown_B
#
# <colnr> <probs for GDERKNQSTAVLIFYWHMCP>
#	G	D	E	R	K	N	Q	S	T	A	V	L	I	F	Y	W	H	M	C	P
0	0.01447	0.00856	0.01088	0.00995	0.01244	0.00791	0.00757	0.01827	0.05902	0.16001	0.37812	0.13571	0.11972	0.01450	0.00818	0.00234	0.00415	0.01264	0.00771	0.00785
1	0.01904	0.75404	0.03731	0.01218	0.01828	0.02818	0.01218	0.02132	0.01447	0.01675	0.00990	0.01142	0.00914	0.00609	0.00457	0.00152	0.00761	0.00381	0.00305	0.00914
2	0.01621	0.09532	0.36242	0.18217	0.03242	0.01732	0.05441	0.02218	0.01511	0.07800	0.01365	0.01660	0.00996	0.00722	0.00763	0.00226	0.04807	0.00573	0.00357	0.00974
3	0.02616	0.08396	0.04830	0.01319	0.01861	0.01422	0.01139	0.10651	0.09462	0.41418	0.02769	0.02522	0.06513	0.00919	0.00699	0.00217	0.00638	0.00734	0.00750	0.01124
4	0.01022	0.00685	0.00781	0.00794	0.00797	0.00682	0.00450	0.01032	0.01061	0.01415	0.02376	0.10162	0.02756	0.69245	0.03410	0.00659	0.00669	0.01113	0.00450	0.00443
5	0.01037	0.00850	0.00933	0.00922	0.01148	0.00817	0.00685	0.01559	0.13689	0.02239	0.15675	0.16988	0.37483	0.01670	0.00832	0.00246	0.00402	0.01431	0.00692	0.00702
6	0.07408	0.01408	0.02148	0.37170	0.03491	0.03198	0.09440	0.06058	0.01556	0.04068	0.01521	0.06906	0.01280	0.00871	0.00869	0.00242	0.07877	0.00735	0.02927	0.00828
7	0.01477	0.01289	0.01560	0.04162	0.01837	0.01072	0.00948	0.01788	0.01444	0.02252	0.01240	0.01501	0.01041	0.00591	0.00677	0.00127	0.06280	0.00447	0.00409	0.69859
8	0.00879	0.00754	0.00757	0.00750	0.00997	0.00648	0.00564	0.01132	0.04328	0.01966	0.07041	0.06685	0.67522	0.01770	0.00837	0.00240	0.00369	0.01475	0.00664	0.00622
9	0.01345	0.01266	0.02136	0.73264	0.04904	0.01582	0.01978	0.01819	0.01424	0.01819	0.01266	0.01898	0.00949	0.00712	0.00712	0.00237	0.00949	0.00633	0.00316	0.00791
10	0.01453	0.03571	0.02010	0.57452	0.04138	0.01554	0.01735	0.06337	0.01564	0.02097	0.01413	0.01952	0.01070	0.00732	0.00678	0.00225	0.00858	0.00629	0.09723	0.00808
11	0.01535	0.15678	0.52845	0.01993	0.02935	0.01867	0.09178	0.02237	0.01512	0.02159	0.01246	0.01485	0.00923	0.00657	0.00656	0.00215	0.01018	0.00534	0.00308	0.01019
12	0.02579	0.01125	0.01488	0.01196	0.01647	0.01017	0.00967	0.03005	0.07320	0.49984	0.18316	0.03108	0.02936	0.01020	0.00745	0.00223	0.00540	0.00855	0.00847	0.01081
13	0.01463	0.00855	0.01123	0.01074	0.01301	0.00804	0.00834	0.04159	0.01824	0.15289	0.25783	0.20568	0.07274	0.01718	0.03268	0.00284	0.00520	0.10358	0.00735	0.00766
14	0.02602	0.01939	0.05499	0.01595	0.02169	0.01998	0.01358	0.50509	0.10021	0.12014	0.01942	0.01882	0.01361	0.00861	0.00712	0.00218	0.00753	0.00661	0.00713	0.01194
15	0.01810	0.01960	0.06245	0.03643	0.52086	0.11370	0.01995	0.02208	0.01633	0.02189	0.01348	0.01764	0.01138	0.01019	0.06297	0.00281	0.01001	0.00614	0.00354	0.01043
16	0.00910	0.00658	0.00827	0.00915	0.00993	0.00611	0.00616	0.01056	0.01449	0.01930	0.14399	0.46008	0.12311	0.12345	0.01274	0.00330	0.00434	0.01709	0.00648	0.00575
17	0.07032	0.46860	0.02939	0.01318	0.01750	0.02369	0.01210	0.02026	0.01380	0.04983	0.01268	0.06420	0.01213	0.00868	0.00880	0.00202	0.15487	0.00561	0.00367	0.00867
18	0.02197	0.01606	0.06047	0.01464	0.01940	0.01546	0.03457	0.28202	0.09468	0.15764	0.08778	0.09154	0.02250	0.01095	0.00818	0.02939	0.00675	0.00863	0.00695	0.01042
19	0.03169	0.01253	0.01678	0.01287	0.01838	0.01108	0.01063	0.06887	0.02107	0.67512	0.02751	0.02386	0.01734	0.00880	0.00716	0.00220	0.00615	0.00712	0.00872	0.01212
20	0.01296	0.01178	0.01883	0.56328	0.04053	0.01430	0.01701	0.01820	0.06159	0.01900	0.01818	0.13918	0.01655	0.00980	0.00745	0.00246	0.00834	0.00874	0.00402	0.00779
21	0.01486	0.01797	0.13756	0.40929	0.03983	0.01641	0.11552	0.05155	0.06314	0.02166	0.01594	0.02019	0.02991	0.00745	0.00729	0.00235	0.00952	0.00682	0.00377	0.00896
22	0.12143	0.01853	0.07303	0.01489	0.02076	0.01795	0.01305	0.38521	0.02611	0.21050	0.01867	0.01807	0.01273	0.00824	0.00677	0.00217	0.00731	0.00620	0.00690	0.01145
23	0.00868	0.00620	0.00826	0.00991	0.01033	0.00578	0.00661	0.00991	0.01363	0.01818	0.03925	0.74510	0.04710	0.02231	0.00909	0.00289	0.00413	0.02024	0.00661	0.00578
24	0.01230	0.01026	0.01032	0.00978	0.01228	0.06358	0.00749	0.01624	0.07430	0.05220	0.26235	0.05447	0.32524	0.01507	0.00817	0.00234	0.00467	0.04488	0.00692	0.00714
25	0.01794	0.01466	0.01776	0.01319	0.01922	0.01316	0.04813	0.14827	0.07888	0.04483	0.01544	0.01675	0.01203	0.00642	0.00603	0.00149	0.00620	0.00529	0.00513	0.50916
26	0.04094	0.30920	0.25894	0.01536	0.02190	0.01981	0.04275	0.01989	0.01455	0.01975	0.01768	0.07470	0.06061	0.00878	0.00707	0.00208	0.04666	0.00668	0.00363	0.00902
27	0.02561	0.01895	0.02026	0.01566	0.02110	0.02082	0.01290	0.62895	0.03213	0.04287	0.02141	0.02113	0.06624	0.00929	0.00722	0.00216	0.00750	0.00709	0.00708	0.01163
28	0.01959	0.72211	0.03642	0.01220	0.01827	0.02741	0.01211	0.02190	0.01472	0.04660	0.01068	0.01197	0.00950	0.00621	0.00468	0.00155	0.00755	0.00395	0.00329	0.00927
29	0.01440	0.01317	0.02136	0.68252	0.04716	0.01626	0.01934	0.06461	0.01558	0.02006	0.01297	0.01885	0.00968	0.00722	0.00712	0.00236	0.00938	0.00633	0.00344	0.00820
30	0.01601	0.01662	0.03132	0.19886	0.18606	0.01778	0.28213	0.02069	0.01523	0.02101	0.01305	0.01829	0.01039	0.00726	0.00991	0.00243	0.11308	0.00714	0.00341	0.00932
31	0.03085	0.01188	0.01617	0.01248	0.01780	0.01028	0.01028	0.03363	0.02037	0.67601	0.06193	0.02569	0.02012	0.00910	0.00722	0.00221	0.00592	0.00745	0.00876	0.01185
32	0.01036	0.00690	0.00777	0.00777	0.00777	0.00690	0.00431	0.01036	0.01036	0.01381	0.02244	0.04660	0.02589	0.74975	0.03624	0.00690	0.00690	0.01036	0.00431	0.00431
33	0.01509	0.03458	0.63568	0.02081	0.03089	0.01645	0.07766	0.02299	0.01536	0.04615	0.01343	0.01568	0.00946	0.00677	0.00691	0.00226	0.01049	0.00558	0.00325	0.01051
34	0.01586	0.01625	0.03402	0.02515	0.03091	0.01519	0.51272	0.02075	0.01633	0.05348	0.02006	0.16615	0.01845	0.00943	0.00848	0.00249	0.01014	0.01074	0.00445	0.00895
35	0.03023	0.01174	0.01598	0.01238	0.01759	0.01017	0.01017	0.03303	0.02036	0.65681	0.08090	0.02651	0.02151	0.00926	0.00726	0.00221	0.00585	0.00761	0.00874	0.01169
36	0.37231	0.04375	0.01947	0.02324	0.27598	0.06138	0.01380	0.02274	0.01485	0.07463	0.01257	0.01482	0.00990	0.00669	0.00573	0.00212	0.00721	0.00507	0.00428	0.00946

[dist]
# distance from previous block
# <min> <max>
0	1

[block]
# block no. 2 follows, 29 sequences, length 10
# corresponding to MSA columns:
# 178-187
name=unknown_C
#
# <colnr> <probs for GDERKNQSTAVLIFYWHMCP>
#	G	D	E	R	K	N	Q	S	T	A	V	L	I	F	Y	W	H	M	C	P
0	0.01599	0.01436	0.02070	0.30368	0.17963	0.01628	0.01668	0.06674	0.18883	0.02406	0.02131	0.02387	0.06034	0.00843	0.00722	0.00231	0.00778	0.00737	0.00478	0.00964
1	0.02378	0.24427	0.02292	0.01265	0.01806	0.01743	0.01100	0.10029	0.06346	0.28186	0.06638	0.02094	0.01755	0.00814	0.00631	0.00192	0.00648	0.00628	0.00634	0.06394
2	0.01477	0.01266	0.01477	0.01055	0.01687	0.00949	0.00844	0.01793	0.01477	0.02320	0.01266	0.01477	0.01055	0.00527	0.00527	0.00105	0.00527	0.00422	0.00422	0.79328
3	0.74383	0.01326	0.01019	0.00917	0.01338	0.01531	0.00752	0.02062	0.01232	0.03156	0.01087	0.01264	0.00846	0.00673	0.00445	0.00216	0.00535	0.00405	0.06049	0.00763
4	0.01504	0.01020	0.01242	0.03942	0.06078	0.01014	0.00872	0.07610	0.01676	0.04643	0.06444	0.02681	0.04791	0.03360	0.03496	0.00234	0.02809	0.00714	0.33462	0.12410
5	0.01162	0.00778	0.00908	0.00845	0.01093	0.00676	0.00645	0.01409	0.01812	0.09873	0.29767	0.05804	0.39453	0.01575	0.00827	0.00232	0.00379	0.01337	0.00730	0.00694
6	0.01036	0.00690	0.00777	0.00777	0.00777	0.00690	0.00431	0.01036	0.01036	0.01381	0.02244	0.04660	0.02589	0.74975	0.03624	0.00690	0.00690	0.01036	0.00431	0.00431
7	0.33200	0.01524	0.01618	0.11044	0.02159	0.01760	0.01176	0.17741	0.09127	0.07323	0.01509	0.01651	0.01120	0.00796	0.00708	0.00229	0.05276	0.00559	0.00537	0.00942
8	0.01694	0.01456	0.02113	0.09256	0.17029	0.01554	0.07279	0.12484	0.14841	0.02668	0.02319	0.06663	0.02099	0.01086	0.00789	0.00250	0.00764	0.14134	0.00554	0.00970
9	0.12363	0.01845	0.04803	0.12203	0.29723	0.08347	0.08753	0.04551	0.06301	0.02433	0.01389	0.01721	0.01099	0.00686	0.00679	0.00219	0.00884	0.00614	0.00398	0.00989

[dist]
# distance from previous block
# <min> <max>
2	4

[block]
# block no. 3 follows, 29 sequences, length 17
# corresponding to MSA columns:
# 192-208
name=unknown_D
#
# <colnr> <probs for GDERKNQSTAVLIFYWHMCP>
#	G	D	E	R	K	N	Q	S	T	A	V	L	I	F	Y	W	H	M	C	P
0	0.00957	0.00765	0.00847	0.00850	0.01052	0.00698	0.00633	0.01259	0.05450	0.02105	0.16681	0.10567	0.42563	0.07094	0.01052	0.00279	0.00414	0.05434	0.00668	0.00632
1	0.04778	0.18373	0.36236	0.01826	0.02618	0.10986	0.06155	0.07127	0.01693	0.02268	0.01226	0.01428	0.00935	0.00677	0.00630	0.00205	0.00992	0.00510	0.00349	0.00989
2	0.01719	0.01648	0.02813	0.11464	0.63776	0.01681	0.02164	0.02148	0.01601	0.02274	0.01332	0.01776	0.01110	0.00642	0.00706	0.00214	0.00857	0.00634	0.00349	0.01093
3	0.00858	0.00716	0.00749	0.00754	0.00975	0.00606	0.00560	0.01049	0.01642	0.02001	0.12652	0.10936	0.60461	0.01799	0.00846	0.00242	0.00362	0.01516	0.00672	0.00606
4	0.01640	0.01493	0.02436	0.05952	0.50442	0.01521	0.01879	0.02128	0.06530	0.02270	0.01757	0.02660	0.01586	0.00936	0.00860	0.04696	0.00792	0.08999	0.00415	0.01009
5	0.01792	0.02213	0.08138	0.02836	0.05682	0.10769	0.53138	0.02348	0.01711	0.02212	0.01384	0.01808	0.01050	0.00623	0.00800	0.00231	0.01190	0.00765	0.00357	0.00954
6	0.02471	0.01818	0.01969	0.01555	0.02057	0.01999	0.01265	0.59542	0.03093	0.04145	0.01994	0.11050	0.01660	0.01031	0.00738	0.00223	0.00736	0.00819	0.00706	0.01130
7	0.01949	0.01862	0.02669	0.06743	0.54726	0.10682	0.02002	0.02335	0.01690	0.06516	0.01397	0.01748	0.01133	0.00666	0.00698	0.00210	0.00892	0.00617	0.00386	0.01080
8	0.01133	0.00887	0.01283	0.01234	0.01365	0.01066	0.00973	0.03767	0.01220	0.01763	0.01804	0.02635	0.01676	0.04772	0.62637	0.01028	0.08957	0.00745	0.00387	0.00671
9	0.01239	0.00853	0.00954	0.00901	0.00977	0.00878	0.00565	0.09644	0.01353	0.01808	0.02284	0.08823	0.02550	0.60736	0.03074	0.00603	0.00684	0.01049	0.00482	0.00541
10	0.06658	0.01544	0.02862	0.15973	0.04632	0.01608	0.32891	0.04140	0.01574	0.02264	0.01626	0.08550	0.01405	0.00842	0.00873	0.00242	0.05950	0.00844	0.04660	0.00863
11	0.07406	0.01190	0.01435	0.01199	0.01588	0.01167	0.00934	0.10208	0.07620	0.34385	0.02635	0.11845	0.02165	0.11566	0.01136	0.00297	0.00606	0.00907	0.00728	0.00984
12	0.01050	0.00887	0.01219	0.01201	0.01319	0.02605	0.05109	0.01240	0.01473	0.01975	0.12101	0.47537	0.08421	0.01863	0.01028	0.00274	0.07801	0.01641	0.00615	0.00643
13	0.01261	0.00937	0.01247	0.01164	0.01358	0.00930	0.05649	0.10972	0.01711	0.02349	0.07119	0.38316	0.06892	0.07928	0.01061	0.00291	0.00534	0.01452	0.08130	0.00701
14	0.01943	0.02038	0.02981	0.07446	0.06824	0.13269	0.29142	0.11608	0.01886	0.02429	0.01350	0.01716	0.01051	0.00720	0.00885	0.00223	0.07472	0.00678	0.00407	0.05929
15	0.01725	0.01827	0.03579	0.02628	0.03218	0.01841	0.49768	0.07090	0.05542	0.02404	0.01550	0.03843	0.01232	0.00758	0.01001	0.00248	0.09552	0.00830	0.00409	0.00957
16	0.02094	0.01706	0.01852	0.03217	0.01969	0.06950	0.01254	0.37002	0.02408	0.03200	0.01862	0.11128	0.01662	0.01583	0.09118	0.00341	0.10284	0.00817	0.00582	0.00970

[dist]
# distance from previous block
# <min> <max>
14	20

[block]
# block no. 4 follows, 29 sequences, length 8
# corresponding to MSA columns:
# 229-236
name=unknown_E
#
# <colnr> <probs for GDERKNQSTAVLIFYWHMCP>
#	G	D	E	R	K	N	Q	S	T	A	V	L	I	F	Y	W	H	M	C	P
0	0.09507	0.05942	0.01727	0.07823	0.01996	0.04057	0.01109	0.24897	0.06821	0.03106	0.01751	0.04185	0.01406	0.02670	0.00698	0.00210	0.00670	0.00641	0.12284	0.08499
1	0.01767	0.01880	0.06075	0.11501	0.48653	0.07259	0.05147	0.02270	0.04389	0.02245	0.01378	0.01771	0.01121	0.00665	0.00706	0.00215	0.00907	0.00632	0.00363	0.01055
2	0.02094	0.01495	0.05992	0.01437	0.01926	0.01400	0.03707	0.03189	0.31936	0.23467	0.02695	0.06015	0.02053	0.00980	0.00730	0.00231	0.00625	0.03335	0.00707	0.05987
3	0.02352	0.01558	0.01773	0.01395	0.01882	0.01606	0.01124	0.38739	0.02545	0.13776	0.01946	0.07377	0.01543	0.01058	0.00879	0.06919	0.00680	0.00727	0.00661	0.11461
4	0.01757	0.01898	0.07534	0.10329	0.55600	0.06060	0.02147	0.02198	0.01620	0.02239	0.01314	0.01727	0.01083	0.00651	0.00700	0.00213	0.00897	0.00616	0.00346	0.01073
5	0.01660	0.01445	0.04840	0.01278	0.01669	0.05474	0.02589	0.12271	0.12494	0.06608	0.13120	0.06527	0.13243	0.04188	0.00873	0.00242	0.00616	0.03340	0.00640	0.06881
6	0.01327	0.01029	0.01242	0.01187	0.01479	0.00992	0.00945	0.07694	0.08310	0.02376	0.03255	0.22005	0.07374	0.01536	0.00815	0.00250	0.00554	0.20625	0.00623	0.16381
7	0.12787	0.01236	0.01434	0.01387	0.05709	0.01294	0.01033	0.02692	0.22988	0.16724	0.10433	0.03466	0.07465	0.01098	0.00728	0.00239	0.00556	0.07080	0.00690	0.00960

[dist]
# distance from previous block
# <min> <max>
14	25

[block]
# block no. 5 follows, 29 sequences, length 14
# corresponding to MSA columns:
# 263-276
name=unknown_F
#
# <colnr> <probs for GDERKNQSTAVLIFYWHMCP>
#	G	D	E	R	K	N	Q	S	T	A	V	L	I	F	Y	W	H	M	C	P
0	0.02016	0.01753	0.01674	0.04021	0.01900	0.13368	0.01126	0.26373	0.07557	0.02870	0.02020	0.08575	0.01853	0.11527	0.01132	0.00284	0.00787	0.04049	0.00573	0.06542
1	0.04247	0.01522	0.02356	0.14120	0.27235	0.04040	0.08023	0.05101	0.01764	0.13345	0.07446	0.04235	0.01754	0.00812	0.00728	0.00222	0.00807	0.00748	0.00496	0.00999
2	0.08899	0.12179	0.09640	0.01633	0.02156	0.30367	0.01418	0.16093	0.06733	0.02560	0.01345	0.01461	0.01050	0.00746	0.00625	0.00197	0.00977	0.00511	0.00453	0.00957
3	0.02267	0.14499	0.02365	0.07191	0.09563	0.38084	0.01454	0.08600	0.01920	0.02051	0.01218	0.01473	0.01012	0.00944	0.04221	0.00236	0.01113	0.00510	0.00384	0.00896
4	0.14007	0.01772	0.01720	0.04490	0.01997	0.09283	0.01159	0.30389	0.06777	0.09871	0.02322	0.02301	0.09023	0.00924	0.00680	0.00218	0.00730	0.00698	0.00629	0.01011
5	0.06252	0.01709	0.01836	0.01459	0.01935	0.01864	0.01178	0.51137	0.02855	0.03922	0.05204	0.08117	0.01807	0.04176	0.00842	0.00238	0.00708	0.00787	0.00677	0.03295
6	0.03990	0.28699	0.23012	0.01816	0.10836	0.01942	0.01672	0.02110	0.01484	0.02096	0.01171	0.01391	0.00960	0.00618	0.00566	0.00174	0.00807	0.00464	0.00336	0.15857
7	0.01730	0.49242	0.28374	0.01514	0.02285	0.02393	0.01734	0.02177	0.01467	0.01887	0.01095	0.01274	0.00910	0.00634	0.00537	0.00179	0.00868	0.00434	0.00303	0.00964
8	0.01234	0.00683	0.00745	0.00738	0.00904	0.00680	0.00556	0.01553	0.01546	0.02569	0.12169	0.03245	0.05771	0.01322	0.06237	0.00255	0.00459	0.00800	0.57874	0.00660
9	0.01235	0.01282	0.06685	0.06572	0.01654	0.06919	0.01004	0.01676	0.07516	0.02202	0.17228	0.13911	0.17826	0.04508	0.00914	0.00259	0.00585	0.04427	0.02872	0.00725
10	0.01051	0.00865	0.00984	0.00885	0.01201	0.00713	0.00679	0.01291	0.01614	0.02153	0.13395	0.10969	0.34586	0.01459	0.00769	0.00210	0.00421	0.04356	0.00613	0.21784
11	0.01033	0.00775	0.00965	0.00939	0.01113	0.00739	0.00695	0.01457	0.07208	0.02630	0.49509	0.15525	0.11590	0.01562	0.00841	0.00236	0.00368	0.01378	0.00750	0.00688
12	0.08310	0.11149	0.57959	0.01848	0.02800	0.01773	0.02318	0.02228	0.01472	0.02275	0.01222	0.01435	0.00892	0.00668	0.00633	0.00217	0.00978	0.00498	0.00313	0.01013
13	0.08241	0.01554	0.02332	0.35002	0.29872	0.04609	0.01910	0.04275	0.01573	0.02219	0.01279	0.01751	0.01011	0.00683	0.00683	0.00223	0.00884	0.00606	0.00356	0.00936

[dist]
# distance from previous block
# <min> <max>
1	25

[block]
# block no. 6 follows, 29 sequences, length 6
# corresponding to MSA columns:
# 302-307
name=unknown_G
#
# <colnr> <probs for GDERKNQSTAVLIFYWHMCP>
#	G	D	E	R	K	N	Q	S	T	A	V	L	I	F	Y	W	H	M	C	P
0	0.01400	0.01215	0.01524	0.06314	0.01667	0.05065	0.01128	0.01621	0.01266	0.01899	0.01639	0.05409	0.01538	0.06794	0.12627	0.00423	0.29645	0.00735	0.17389	0.00702
1	0.49988	0.04683	0.01329	0.07749	0.01750	0.05844	0.00938	0.02077	0.04536	0.02814	0.07956	0.01941	0.04387	0.00806	0.00547	0.00219	0.00614	0.00566	0.00474	0.00782
2	0.02307	0.02542	0.01795	0.01586	0.01951	0.42263	0.01205	0.14510	0.06099	0.02362	0.05302	0.02240	0.06231	0.05480	0.00868	0.00230	0.01002	0.00662	0.00496	0.00866
3	0.31135	0.01654	0.01448	0.01258	0.01690	0.10198	0.01010	0.12023	0.11886	0.07489	0.02036	0.02275	0.05374	0.00891	0.00621	0.00221	0.00674	0.04114	0.00566	0.03435
4	0.01385	0.00988	0.01141	0.01072	0.01239	0.01022	0.00756	0.17501	0.01794	0.02410	0.08043	0.28286	0.03314	0.25713	0.01747	0.00397	0.00589	0.01303	0.00608	0.00693
5	0.37934	0.01488	0.01767	0.18292	0.14585	0.01690	0.01376	0.10642	0.01611	0.02892	0.01210	0.01507	0.00933	0.00693	0.00585	0.00222	0.00725	0.00520	0.00432	0.00896

[dist]
# distance from previous block
# <min> <max>
0	2

[block]
# block no. 7 follows, 29 sequences, length 12
# corresponding to MSA columns:
# 310-321
name=unknown_H
#
# <colnr> <probs for GDERKNQSTAVLIFYWHMCP>
#	G	D	E	R	K	N	Q	S	T	A	V	L	I	F	Y	W	H	M	C	P
0	0.01939	0.01453	0.01609	0.01399	0.01821	0.01591	0.01113	0.11170	0.43114	0.10128	0.05790	0.02962	0.02303	0.01015	0.00736	0.00235	0.00589	0.05379	0.00722	0.04933
1	0.01649	0.01576	0.02686	0.23040	0.52749	0.01662	0.02129	0.02086	0.01568	0.02189	0.01319	0.01799	0.01079	0.00655	0.00707	0.00218	0.00874	0.00634	0.00343	0.01037
2	0.01362	0.01289	0.02139	0.67643	0.04665	0.01629	0.01944	0.01811	0.01398	0.01811	0.01240	0.01872	0.00948	0.00754	0.00840	0.00243	0.06675	0.00632	0.00316	0.00790
3	0.04324	0.01116	0.01366	0.01170	0.01535	0.01071	0.00912	0.09071	0.07770	0.24231	0.14972	0.18031	0.03181	0.01243	0.00757	0.00228	0.00523	0.01065	0.00739	0.06694
4	0.01448	0.01398	0.02016	0.10886	0.02166	0.01906	0.01509	0.01659	0.01141	0.01718	0.01127	0.01792	0.01067	0.01807	0.12861	0.00430	0.53342	0.00646	0.00323	0.00758
5	0.01499	0.01181	0.05296	0.16667	0.09274	0.01098	0.01359	0.01871	0.01691	0.11745	0.14310	0.07476	0.06432	0.01263	0.00809	0.00253	0.00670	0.15689	0.00588	0.00827
6	0.01462	0.08764	0.66500	0.01972	0.02993	0.01736	0.02531	0.02246	0.01499	0.02214	0.01257	0.01478	0.00903	0.00672	0.00661	0.00220	0.01032	0.00516	0.00301	0.01043
7	0.01510	0.01234	0.01342	0.03878	0.01612	0.01325	0.00938	0.14741	0.20473	0.02660	0.04216	0.04209	0.28970	0.06152	0.01011	0.00267	0.02895	0.01054	0.00649	0.00865
8	0.02179	0.01887	0.01848	0.09393	0.02278	0.12599	0.01281	0.32418	0.12255	0.03232	0.02312	0.02351	0.08210	0.00931	0.00709	0.00217	0.00788	0.00723	0.03376	0.01013
9	0.13567	0.01926	0.01915	0.01513	0.02032	0.06200	0.01238	0.51536	0.02899	0.04059	0.05036	0.01789	0.01410	0.00851	0.00676	0.00213	0.00758	0.00627	0.00657	0.01098
10	0.01610	0.01310	0.01501	0.01162	0.01688	0.01156	0.00918	0.12419	0.06421	0.02678	0.04373	0.09555	0.01764	0.00827	0.00623	0.00156	0.00551	0.00688	0.00528	0.50070
11	0.06932	0.01405	0.01974	0.30186	0.16937	0.03482	0.01602	0.02268	0.12094	0.05955	0.04177	0.02385	0.05955	0.00838	0.00705	0.00229	0.00774	0.00721	0.00465	0.00918

[dist]
# distance from previous block
# <min> <max>
5	14

[block]
# block no. 8 follows, 29 sequences, length 15
# corresponding to MSA columns:
# 336-350
name=unknown_I
#
# <colnr> <probs for GDERKNQSTAVLIFYWHMCP>
#	G	D	E	R	K	N	Q	S	T	A	V	L	I	F	Y	W	H	M	C	P
0	0.05586	0.05221	0.06411	0.04676	0.01972	0.09450	0.01204	0.02586	0.08457	0.21660	0.10077	0.02296	0.01988	0.00882	0.00783	0.00210	0.05554	0.00678	0.00593	0.09719
1	0.08946	0.65296	0.06702	0.01231	0.01847	0.02652	0.01245	0.02135	0.01428	0.01840	0.01004	0.01161	0.00900	0.00617	0.00466	0.00162	0.00756	0.00388	0.00317	0.00907
2	0.18836	0.01032	0.01172	0.00999	0.01359	0.00989	0.00789	0.02103	0.01752	0.22501	0.24333	0.03512	0.09293	0.03750	0.00803	0.00235	0.00485	0.00896	0.00697	0.04462
3	0.02301	0.01501	0.01695	0.01334	0.01812	0.01547	0.01079	0.33883	0.05368	0.15242	0.08697	0.02378	0.01966	0.03618	0.00799	0.00220	0.00639	0.00718	0.06143	0.09061
4	0.42814	0.01392	0.01368	0.01109	0.01615	0.01449	0.00911	0.09735	0.01681	0.19319	0.01539	0.01561	0.01093	0.00717	0.00548	0.00204	0.00587	0.00497	0.00573	0.11288
5	0.02497	0.03012	0.02128	0.02095	0.09445	0.56010	0.01472	0.06589	0.01996	0.01966	0.01152	0.01378	0.00958	0.00763	0.00761	0.00196	0.05823	0.00499	0.00382	0.00878
6	0.66688	0.01398	0.01182	0.01017	0.01478	0.01576	0.00838	0.06456	0.01438	0.10685	0.01236	0.01330	0.00907	0.00697	0.00488	0.00220	0.00572	0.00438	0.00506	0.00847
7	0.01036	0.00690	0.00777	0.00777	0.00777	0.00690	0.00431	0.01036	0.01036	0.01381	0.02244	0.04660	0.02589	0.74975	0.03624	0.00690	0.00690	0.01036	0.00431	0.00431
8	0.00996	0.00727	0.00936	0.00884	0.01057	0.00667	0.00663	0.01321	0.01988	0.02791	0.65785	0.05426	0.11132	0.01480	0.00840	0.00225	0.00338	0.01303	0.00775	0.00667
9	0.01940	0.01614	0.01705	0.01483	0.01916	0.01850	0.01168	0.15419	0.57336	0.03251	0.02683	0.02486	0.02000	0.00946	0.00722	0.00236	0.00603	0.00775	0.00722	0.01142
10	0.03195	0.01212	0.01652	0.01267	0.01818	0.01047	0.01047	0.03470	0.02038	0.71026	0.02809	0.02424	0.01763	0.00881	0.00716	0.00220	0.00606	0.00716	0.00881	0.01212
11	0.01517	0.01441	0.02446	0.44908	0.31917	0.01627	0.02063	0.01970	0.01505	0.02028	0.01296	0.01842	0.01023	0.00680	0.00709	0.00227	0.00907	0.00633	0.00331	0.00930
12	0.02421	0.01200	0.01486	0.01223	0.01675	0.01148	0.00982	0.03118	0.18593	0.41557	0.07833	0.03194	0.10240	0.01049	0.00741	0.00228	0.00549	0.00869	0.00810	0.01083
13	0.01718	0.01666	0.02886	0.04126	0.63154	0.01653	0.06494	0.02143	0.01625	0.02306	0.01594	0.01987	0.04036	0.00681	0.00720	0.00215	0.00849	0.00685	0.00366	0.01095
14	0.00883	0.00631	0.00844	0.01009	0.01058	0.00592	0.00688	0.01019	0.01379	0.01835	0.03916	0.70790	0.04675	0.02216	0.00913	0.00291	0.00427	0.05590	0.00661	0.00583

[dist]
# distance from previous block
# <min> <max>
0	19

[block]
# block no. 9 follows, 29 sequences, length 10
# corresponding to MSA columns:
# 370-379
name=unknown_J
#
# <colnr> <probs for GDERKNQSTAVLIFYWHMCP>
#	G	D	E	R	K	N	Q	S	T	A	V	L	I	F	Y	W	H	M	C	P
0	0.01536	0.03441	0.63702	0.02134	0.07111	0.01626	0.02526	0.02311	0.01537	0.05652	0.01357	0.01564	0.00958	0.00684	0.00680	0.00224	0.01018	0.00542	0.00332	0.01065
1	0.01095	0.00807	0.01111	0.04204	0.01518	0.00803	0.01068	0.01392	0.01599	0.02063	0.04031	0.14804	0.10726	0.01927	0.00950	0.00311	0.00612	0.49689	0.00643	0.00647
2	0.01745	0.51495	0.26251	0.01489	0.02246	0.02430	0.01689	0.02173	0.01466	0.01869	0.01086	0.01263	0.00910	0.00632	0.00530	0.00177	0.00858	0.00429	0.00303	0.00960
3	0.02162	0.01384	0.08498	0.01274	0.01743	0.01132	0.01118	0.02815	0.13774	0.33299	0.21269	0.03171	0.03116	0.01034	0.00748	0.00226	0.00569	0.00870	0.00768	0.01032
4	0.01458	0.01381	0.02341	0.54550	0.22731	0.01612	0.02034	0.01919	0.01477	0.01957	0.01286	0.01861	0.00998	0.00691	0.00710	0.00230	0.00921	0.00633	0.00326	0.00883
5	0.01678	0.01879	0.03968	0.03023	0.08435	0.01819	0.58637	0.02235	0.01636	0.02245	0.01399	0.01884	0.01074	0.00647	0.00933	0.00243	0.06136	0.00811	0.00356	0.00960
6	0.01585	0.01511	0.02569	0.33659	0.42632	0.01645	0.02097	0.02030	0.01537	0.02111	0.01308	0.01820	0.01052	0.00667	0.00708	0.00222	0.00890	0.00634	0.00337	0.00985
7	0.01409	0.01370	0.02397	0.59190	0.07320	0.01640	0.09241	0.01880	0.01444	0.01886	0.01272	0.01879	0.00970	0.00723	0.00805	0.00240	0.04534	0.00655	0.00322	0.00823
8	0.71548	0.01300	0.01005	0.00907	0.01318	0.01497	0.00742	0.02047	0.01242	0.03137	0.01135	0.01318	0.00884	0.00679	0.00447	0.00214	0.00527	0.00415	0.08877	0.00760
9	0.01337	0.00852	0.01073	0.01096	0.01253	0.00831	0.00787	0.09139	0.01658	0.09124	0.03463	0.52803	0.03874	0.05534	0.01004	0.00295	0.00499	0.03989	0.00678	0.00712

[dist]
# distance from previous block
# <min> <max>
0	1

[block]
# block no. 10 follows, 29 sequences, length 13
# corresponding to MSA columns:
# 381-393
name=unknown_K
#
# <colnr> <probs for GDERKNQSTAVLIFYWHMCP>
#	G	D	E	R	K	N	Q	S	T	A	V	L	I	F	Y	W	H	M	C	P
0	0.52138	0.01726	0.07971	0.09576	0.02052	0.06192	0.01160	0.04269	0.01424	0.06208	0.01169	0.01364	0.00876	0.00690	0.00530	0.00220	0.00703	0.00457	0.00438	0.00839
1	0.02561	0.01819	0.01999	0.01581	0.02104	0.01987	0.01313	0.57016	0.03082	0.08051	0.02002	0.02455	0.01564	0.00980	0.00743	0.00227	0.00759	0.07893	0.00716	0.01149
2	0.01565	0.01377	0.01815	0.01302	0.01942	0.01111	0.08342	0.05380	0.01599	0.02431	0.01309	0.01538	0.01066	0.00553	0.00572	0.00126	0.00616	0.00480	0.00430	0.66445
3	0.06608	0.02193	0.01878	0.03855	0.02093	0.22232	0.01252	0.36068	0.02577	0.03331	0.01550	0.01670	0.01163	0.00802	0.00653	0.00201	0.00870	0.00577	0.09426	0.01000
4	0.02558	0.01410	0.01642	0.01298	0.01809	0.03856	0.01057	0.14579	0.06488	0.35562	0.02338	0.02344	0.01644	0.00861	0.00681	0.00203	0.00632	0.02913	0.05838	0.12286
5	0.02443	0.01789	0.01908	0.01505	0.02009	0.01981	0.01229	0.53301	0.10470	0.04108	0.01913	0.01924	0.01389	0.00864	0.00689	0.00211	0.00707	0.00662	0.09759	0.01138
6	0.01087	0.00732	0.00939	0.00918	0.01090	0.00665	0.00676	0.01355	0.01828	0.06564	0.44285	0.20508	0.13395	0.01632	0.00848	0.00240	0.00372	0.01441	0.00748	0.00675
7	0.02707	0.01995	0.02137	0.01638	0.02208	0.02208	0.01353	0.68159	0.03348	0.04488	0.01710	0.01710	0.01211	0.00855	0.00712	0.00214	0.00784	0.00641	0.00712	0.01211
8	0.01430	0.01216	0.01427	0.01050	0.01637	0.00921	0.00830	0.01732	0.01468	0.02282	0.01469	0.07058	0.01334	0.00658	0.00556	0.00120	0.00519	0.00544	0.00440	0.73310
9	0.01556	0.01702	0.03536	0.08073	0.03392	0.01673	0.51085	0.02065	0.01587	0.02157	0.01671	0.09977	0.01465	0.00832	0.00936	0.00250	0.05819	0.00942	0.00387	0.00893
10	0.08847	0.01912	0.01840	0.01472	0.01957	0.09164	0.01195	0.47188	0.02790	0.03855	0.01669	0.01746	0.01226	0.00823	0.00654	0.00205	0.00756	0.00604	0.11034	0.01063
11	0.01877	0.59335	0.14369	0.01387	0.02051	0.07114	0.01453	0.02198	0.01493	0.01772	0.01043	0.01209	0.00912	0.00628	0.00504	0.00166	0.00842	0.00409	0.00308	0.00930
12	0.04362	0.07326	0.02141	0.02004	0.10932	0.40124	0.01401	0.08807	0.05500	0.03761	0.01365	0.01571	0.01110	0.01038	0.05309	0.00255	0.01115	0.00536	0.00427	0.00918

[dist]
# distance from previous block
# <min> <max>
0	2

[block]
# block no. 11 follows, 29 sequences, length 11
# corresponding to MSA columns:
# 396-406
name=unknown_L
#
# <colnr> <probs for GDERKNQSTAVLIFYWHMCP>
#	G	D	E	R	K	N	Q	S	T	A	V	L	I	F	Y	W	H	M	C	P
0	0.02208	0.01639	0.01623	0.01413	0.01804	0.12963	0.01122	0.16163	0.09950	0.17654	0.04646	0.11499	0.02319	0.01158	0.00757	0.00233	0.00721	0.08349	0.00675	0.03102
1	0.09798	0.02478	0.01803	0.01583	0.01976	0.39771	0.01225	0.09167	0.05404	0.10180	0.01656	0.01758	0.03272	0.01010	0.03725	0.00243	0.02990	0.00566	0.00493	0.00902
2	0.01433	0.01356	0.02296	0.58648	0.18827	0.01605	0.02022	0.01897	0.01466	0.01927	0.01281	0.01870	0.00987	0.00695	0.00710	0.00232	0.00927	0.00633	0.00324	0.00862
3	0.67570	0.01383	0.01066	0.00983	0.01376	0.04684	0.00786	0.02003	0.01265	0.02974	0.01327	0.09433	0.01222	0.00841	0.00503	0.00226	0.00569	0.00574	0.00462	0.00752
4	0.01133	0.00801	0.01098	0.01072	0.01191	0.00932	0.00828	0.01383	0.01214	0.01871	0.01942	0.02771	0.01768	0.07997	0.46088	0.00826	0.07344	0.00745	0.18353	0.00642
5	0.66057	0.01477	0.01149	0.01015	0.01448	0.05630	0.00826	0.04564	0.01382	0.05887	0.01158	0.01303	0.00883	0.00689	0.00476	0.00215	0.00594	0.00425	0.04019	0.00803
6	0.15960	0.01366	0.01426	0.01218	0.01613	0.05465	0.00976	0.10398	0.09973	0.19126	0.18887	0.03023	0.02838	0.01028	0.00705	0.00225	0.00588	0.03540	0.00700	0.00944
7	0.01438	0.01361	0.02305	0.57826	0.19610	0.01607	0.02024	0.01901	0.01468	0.01933	0.01282	0.01868	0.00989	0.00695	0.00710	0.00232	0.00926	0.00633	0.00324	0.00867
8	0.02621	0.01944	0.02091	0.01598	0.02172	0.02120	0.01318	0.63533	0.03217	0.04337	0.01679	0.01693	0.01200	0.00832	0.00699	0.00206	0.00766	0.00626	0.00692	0.06656
9	0.16024	0.00875	0.01104	0.01083	0.01262	0.01013	0.00840	0.01414	0.01151	0.01930	0.01753	0.02596	0.01636	0.08564	0.54482	0.00942	0.01578	0.00707	0.00396	0.00649
10	0.69814	0.01422	0.01157	0.01000	0.01460	0.01615	0.00822	0.07480	0.01400	0.03257	0.01064	0.01218	0.00821	0.00670	0.00467	0.00214	0.00569	0.00408	0.00462	0.04680

[dist]
# distance from previous block
# <min> <max>
0	1

[block]
# block no. 12 follows, 29 sequences, length 7
# corresponding to MSA columns:
# 408-414
name=unknown_M
#
# <colnr> <probs for GDERKNQSTAVLIFYWHMCP>
#	G	D	E	R	K	N	Q	S	T	A	V	L	I	F	Y	W	H	M	C	P
0	0.01846	0.01420	0.01591	0.01308	0.01747	0.01435	0.01028	0.28608	0.07958	0.03126	0.02255	0.20100	0.02135	0.01127	0.00715	0.00207	0.00605	0.00947	0.00625	0.21217
1	0.01345	0.01266	0.02136	0.73264	0.04904	0.01582	0.01978	0.01819	0.01424	0.01819	0.01266	0.01898	0.00949	0.00712	0.00712	0.00237	0.00949	0.00633	0.00316	0.00791
2	0.01345	0.01266	0.02136	0.73264	0.04904	0.01582	0.01978	0.01819	0.01424	0.01819	0.01266	0.01898	0.00949	0.00712	0.00712	0.00237	0.00949	0.00633	0.00316	0.00791
3	0.80005	0.01377	0.01047	0.00936	0.01377	0.01597	0.00771	0.02093	0.01212	0.03195	0.00991	0.01157	0.00771	0.00661	0.00441	0.00220	0.00551	0.00386	0.00441	0.00771
4	0.01090	0.00749	0.00927	0.00887	0.01073	0.00709	0.00663	0.01339	0.01654	0.05615	0.28965	0.04973	0.22356	0.08194	0.13175	0.00420	0.00652	0.01176	0.04730	0.00653
5	0.01345	0.01266	0.02136	0.73264	0.04904	0.01582	0.01978	0.01819	0.01424	0.01819	0.01266	0.01898	0.00949	0.00712	0.00712	0.00237	0.00949	0.00633	0.00316	0.00791
6	0.68447	0.01469	0.01210	0.01041	0.01501	0.01689	0.00858	0.11972	0.01531	0.03388	0.01099	0.01239	0.00837	0.00690	0.00481	0.00219	0.00586	0.00424	0.00481	0.00837

[dist]
# distance from previous block
# <min> <max>
0	1

[block]
# block no. 13 follows, 29 sequences, length 8
# corresponding to MSA columns:
# 416-423
name=unknown_N
#
# <colnr> <probs for GDERKNQSTAVLIFYWHMCP>
#	G	D	E	R	K	N	Q	S	T	A	V	L	I	F	Y	W	H	M	C	P
0	0.01036	0.00690	0.00777	0.00777	0.00777	0.00690	0.00431	0.01036	0.01036	0.01381	0.02244	0.04660	0.02589	0.74975	0.03624	0.00690	0.00690	0.01036	0.00431	0.00431
1	0.00990	0.00727	0.00927	0.00877	0.01053	0.00664	0.00658	0.01309	0.01973	0.02755	0.63369	0.05484	0.13570	0.01493	0.00840	0.00226	0.00339	0.01311	0.00771	0.00664
2	0.01477	0.01266	0.01477	0.01055	0.01687	0.00949	0.00844	0.01793	0.01477	0.02320	0.01266	0.01477	0.01055	0.00527	0.00527	0.00105	0.00527	0.00422	0.00422	0.79328
3	0.01477	0.01266	0.01477	0.01055	0.01687	0.00949	0.00844	0.01793	0.01477	0.02320	0.01266	0.01477	0.01055	0.00527	0.00527	0.00105	0.00527	0.00422	0.00422	0.79328
4	0.00887	0.00723	0.00784	0.00769	0.00989	0.00620	0.00576	0.01109	0.01729	0.02176	0.24272	0.06437	0.53029	0.01709	0.00841	0.00236	0.00354	0.01445	0.00694	0.00620
5	0.01507	0.01431	0.02429	0.46488	0.30412	0.01625	0.02058	0.01962	0.01501	0.02016	0.01294	0.01846	0.01019	0.00682	0.00709	0.00227	0.00909	0.00633	0.00330	0.00922
6	0.17085	0.01927	0.01894	0.01506	0.02030	0.05894	0.01232	0.48227	0.06986	0.04002	0.01616	0.01642	0.01173	0.00819	0.00658	0.00215	0.00754	0.00594	0.00643	0.01102
