[name]
unknown

[dist]
# distance from previous block
# <min> <max>
0	4

[block]
# block no. 0 follows, 28 sequences, length 32
# corresponding to MSA columns:
# 4-35
name=unknown_A
#
# <colnr> <probs for GDERKNQSTAVLIFYWHMCP>
#	G	D	E	R	K	N	Q	S	T	A	V	L	I	F	Y	W	H	M	C	P
0	0.01171	0.00837	0.01171	0.01339	0.01506	0.00837	0.01171	0.01506	0.01673	0.02175	0.03849	0.08199	0.04183	0.02008	0.01004	0.00335	0.00669	0.65027	0.00669	0.00669
1	0.02164	0.49064	0.03241	0.01628	0.06314	0.20803	0.01353	0.04541	0.01706	0.01866	0.01087	0.01264	0.00958	0.00665	0.00541	0.00170	0.00924	0.00435	0.00345	0.00933
2	0.01478	0.01369	0.04389	0.35981	0.10535	0.01360	0.01615	0.01905	0.01560	0.04439	0.06286	0.02214	0.03464	0.00763	0.00692	0.00205	0.00784	0.00665	0.00416	0.19880
3	0.00903	0.00734	0.00800	0.00793	0.01011	0.00631	0.00591	0.01125	0.01747	0.02200	0.22939	0.09483	0.50965	0.01770	0.00862	0.00243	0.00364	0.01502	0.00707	0.00631
4	0.01435	0.02143	0.24080	0.04407	0.02777	0.01428	0.21819	0.02016	0.01659	0.02378	0.13973	0.02474	0.02143	0.01087	0.05039	0.00279	0.00982	0.00787	0.00434	0.08660
5	0.02865	0.01193	0.01589	0.01255	0.01755	0.01068	0.01023	0.03274	0.06592	0.56840	0.11772	0.02885	0.02503	0.00984	0.00748	0.00227	0.00579	0.00815	0.00876	0.01158
6	0.20554	0.01313	0.01497	0.01215	0.01710	0.01301	0.00988	0.05196	0.10258	0.36198	0.06857	0.02332	0.01906	0.00879	0.00666	0.00222	0.00584	0.00686	0.00739	0.04899
7	0.02389	0.02859	0.02331	0.02638	0.22201	0.47509	0.01658	0.02647	0.01894	0.01953	0.01187	0.01469	0.01001	0.00745	0.00760	0.00202	0.04728	0.00529	0.00367	0.00931
8	0.11547	0.10537	0.55085	0.01846	0.02795	0.01799	0.02298	0.02268	0.01491	0.02366	0.01238	0.01453	0.00905	0.00682	0.00637	0.00222	0.00979	0.00504	0.00326	0.01023
9	0.01030	0.00677	0.00889	0.00998	0.01071	0.00632	0.00672	0.01167	0.01440	0.05275	0.08349	0.58928	0.04591	0.09183	0.01183	0.00327	0.00454	0.01850	0.00672	0.00614
10	0.08155	0.01676	0.01883	0.01444	0.02018	0.01721	0.01189	0.36912	0.02658	0.23082	0.01962	0.01886	0.01347	0.00827	0.00687	0.00208	0.00701	0.00632	0.00722	0.10290
11	0.01056	0.00710	0.00819	0.00819	0.00828	0.00719	0.00473	0.01074	0.01065	0.01429	0.02266	0.04624	0.02585	0.69646	0.08429	0.00737	0.00791	0.01038	0.00437	0.00455
12	0.01373	0.01292	0.02180	0.72707	0.05006	0.01615	0.02019	0.01857	0.01453	0.01857	0.01292	0.01938	0.00969	0.00727	0.00727	0.00242	0.00969	0.00646	0.00323	0.00807
13	0.00995	0.00742	0.00925	0.00879	0.01065	0.00672	0.00659	0.01306	0.01978	0.02726	0.57167	0.05741	0.19346	0.01557	0.00858	0.00232	0.00348	0.01358	0.00775	0.00672
14	0.79588	0.01406	0.01068	0.00956	0.01406	0.01631	0.00787	0.02137	0.01237	0.03261	0.01012	0.01181	0.00787	0.00675	0.00450	0.00225	0.00562	0.00394	0.00450	0.00787
15	0.01041	0.00702	0.00793	0.00802	0.00813	0.00696	0.00456	0.01054	0.01096	0.01452	0.02565	0.08308	0.05248	0.68131	0.03455	0.00667	0.00678	0.01125	0.00461	0.00454
16	0.02381	0.01846	0.01967	0.01595	0.02109	0.02076	0.01289	0.42061	0.29474	0.03965	0.02230	0.02132	0.01629	0.00918	0.00732	0.00230	0.00710	0.00721	0.00732	0.01202
17	0.79588	0.01406	0.01068	0.00956	0.01406	0.01631	0.00787	0.02137	0.01237	0.03261	0.01012	0.01181	0.00787	0.00675	0.00450	0.00225	0.00562	0.00394	0.00450	0.00787
18	0.01528	0.01499	0.02107	0.01825	0.01840	0.02078	0.01514	0.01699	0.01119	0.01742	0.01066	0.01733	0.01051	0.01743	0.10178	0.00414	0.65107	0.00652	0.00326	0.00779
19	0.18414	0.01908	0.01955	0.01527	0.02081	0.02127	0.01261	0.54181	0.02973	0.04312	0.01596	0.01630	0.01145	0.00832	0.00671	0.00220	0.00751	0.00601	0.00671	0.01145
20	0.79588	0.01406	0.01068	0.00956	0.01406	0.01631	0.00787	0.02137	0.01237	0.03261	0.01012	0.01181	0.00787	0.00675	0.00450	0.00225	0.00562	0.00394	0.00450	0.00787
21	0.01580	0.01576	0.02224	0.05386	0.02061	0.02196	0.01611	0.01755	0.01130	0.01755	0.00971	0.01607	0.00955	0.01245	0.02304	0.00314	0.69579	0.00637	0.00318	0.00796
22	0.00884	0.00640	0.00836	0.00993	0.01049	0.00592	0.00666	0.01014	0.01410	0.01863	0.04234	0.69434	0.09206	0.02248	0.00923	0.00292	0.00418	0.02030	0.00675	0.00592
23	0.01497	0.01356	0.02153	0.57011	0.08392	0.01639	0.01894	0.06511	0.04478	0.02121	0.01433	0.01996	0.01095	0.00980	0.04276	0.00286	0.00983	0.00661	0.00375	0.00865
24	0.00946	0.00722	0.00869	0.00871	0.01045	0.00645	0.00638	0.01198	0.01807	0.02409	0.37107	0.17717	0.27903	0.01743	0.00870	0.00246	0.00365	0.01518	0.00736	0.00645
25	0.01458	0.03760	0.70688	0.02072	0.03146	0.01688	0.02686	0.02302	0.01535	0.02302	0.01304	0.01535	0.00921	0.00691	0.00691	0.00230	0.01074	0.00537	0.00307	0.01074
26	0.01507	0.01292	0.01507	0.01077	0.01723	0.00969	0.00861	0.01830	0.01507	0.02369	0.01292	0.01507	0.01077	0.00538	0.00538	0.00108	0.00538	0.00431	0.00431	0.78898
27	0.00892	0.00639	0.00838	0.00993	0.01041	0.00596	0.00661	0.01015	0.01387	0.01841	0.04056	0.68775	0.07022	0.05207	0.01038	0.00310	0.00431	0.02006	0.00665	0.00585
28	0.01641	0.01300	0.01538	0.01243	0.01695	0.01263	0.00988	0.15523	0.05849	0.02649	0.01704	0.02112	0.01437	0.04288	0.20884	0.00459	0.01001	0.00619	0.00500	0.33304
29	0.01683	0.01450	0.01587	0.01312	0.01821	0.01459	0.01030	0.03018	0.40730	0.02762	0.02266	0.02212	0.01744	0.00800	0.00656	0.00189	0.00560	0.00659	0.00611	0.33451
30	0.01441	0.03540	0.10186	0.01135	0.01518	0.00952	0.01023	0.01835	0.01942	0.11809	0.45544	0.04162	0.04881	0.01221	0.00787	0.00219	0.00500	0.01054	0.00712	0.05540
31	0.01499	0.03497	0.61464	0.02303	0.07723	0.01701	0.07155	0.02299	0.01555	0.02309	0.01320	0.01582	0.00949	0.00682	0.00704	0.00230	0.01071	0.00567	0.00315	0.01073

[dist]
# distance from previous block
# <min> <max>
1	2

[block]
# block no. 1 follows, 28 sequences, length 84
# corresponding to MSA columns:
# 38-121
name=unknown_B
#
# <colnr> <probs for GDERKNQSTAVLIFYWHMCP>
#	G	D	E	R	K	N	Q	S	T	A	V	L	I	F	Y	W	H	M	C	P
0	0.01982	0.26801	0.02609	0.08072	0.02242	0.02238	0.01340	0.16956	0.12420	0.02629	0.01522	0.01682	0.01219	0.00808	0.00803	0.00206	0.08497	0.00570	0.00482	0.06921
1	0.05902	0.22245	0.02502	0.01724	0.05065	0.34449	0.01346	0.08750	0.07559	0.02222	0.01311	0.01446	0.01074	0.00738	0.00612	0.00190	0.01004	0.00498	0.00424	0.00941
2	0.01839	0.01345	0.01585	0.01153	0.01783	0.01086	0.00930	0.07341	0.01737	0.11504	0.01536	0.01654	0.01185	0.00613	0.00579	0.00132	0.00570	0.00488	0.00516	0.62426
3	0.00960	0.00747	0.01011	0.01013	0.01169	0.00679	0.03592	0.01185	0.01664	0.02218	0.24316	0.35566	0.19425	0.01871	0.00889	0.00262	0.00422	0.01671	0.00699	0.00641
4	0.02061	0.09458	0.02625	0.16416	0.23112	0.24946	0.04664	0.04447	0.01791	0.02079	0.01253	0.01607	0.01024	0.00700	0.00681	0.00207	0.01038	0.00572	0.00365	0.00956
5	0.02528	0.05021	0.02113	0.01588	0.02117	0.02116	0.01304	0.56692	0.05153	0.04163	0.01957	0.08319	0.01578	0.00993	0.00735	0.00223	0.00758	0.00777	0.00705	0.01162
6	0.00885	0.00663	0.00823	0.00941	0.01038	0.00600	0.00645	0.01035	0.01485	0.01927	0.07593	0.54703	0.20748	0.02137	0.00908	0.00280	0.00405	0.01905	0.00680	0.00600
7	0.01507	0.01292	0.01507	0.01077	0.01723	0.00969	0.00861	0.01830	0.01507	0.02369	0.01292	0.01507	0.01077	0.00538	0.00538	0.00108	0.00538	0.00431	0.00431	0.78898
8	0.01920	0.71476	0.07020	0.01284	0.01927	0.02819	0.01313	0.02183	0.01480	0.01739	0.01025	0.01184	0.00932	0.00625	0.00477	0.00159	0.00792	0.00396	0.00311	0.00940
9	0.01055	0.00709	0.00814	0.00811	0.00824	0.00711	0.00468	0.01080	0.01106	0.01487	0.05324	0.04721	0.02805	0.68750	0.05931	0.00699	0.00732	0.01059	0.00455	0.00459
10	0.00933	0.00739	0.00839	0.00814	0.01027	0.00645	0.00610	0.01186	0.01831	0.02377	0.34389	0.06315	0.42341	0.01687	0.00858	0.00238	0.00357	0.01439	0.00729	0.00645
11	0.01438	0.01058	0.01248	0.01187	0.01416	0.01067	0.00870	0.18849	0.01932	0.02608	0.03150	0.47231	0.03513	0.03983	0.00930	0.00273	0.00540	0.01538	0.00664	0.06504
12	0.01507	0.01292	0.01507	0.01077	0.01723	0.00969	0.00861	0.01830	0.01507	0.02369	0.01292	0.01507	0.01077	0.00538	0.00538	0.00108	0.00538	0.00431	0.00431	0.78898
13	0.01507	0.01292	0.01507	0.01077	0.01723	0.00969	0.00861	0.01830	0.01507	0.02369	0.01292	0.01507	0.01077	0.00538	0.00538	0.00108	0.00538	0.00431	0.00431	0.78898
14	0.03261	0.01237	0.01687	0.01293	0.01856	0.01068	0.01068	0.03543	0.02081	0.70423	0.02868	0.02474	0.01799	0.00900	0.00731	0.00225	0.00619	0.00731	0.00900	0.01237
15	0.01057	0.00705	0.00793	0.00793	0.00793	0.00705	0.00440	0.01057	0.01057	0.01409	0.02290	0.04757	0.02643	0.74454	0.03700	0.00705	0.00705	0.01057	0.00440	0.00440
16	0.02100	0.01282	0.01571	0.01161	0.01763	0.01034	0.00940	0.04501	0.01771	0.24420	0.03907	0.01947	0.01492	0.00695	0.00616	0.00153	0.00567	0.00562	0.00603	0.48915
17	0.01663	0.01740	0.08304	0.31128	0.31131	0.01716	0.02084	0.06346	0.04545	0.02333	0.01424	0.01868	0.01110	0.00712	0.00721	0.00229	0.00907	0.00645	0.00380	0.01013
18	0.01458	0.03760	0.70688	0.02072	0.03146	0.01688	0.02686	0.02302	0.01535	0.02302	0.01304	0.01535	0.00921	0.00691	0.00691	0.00230	0.01074	0.00537	0.00307	0.01074
19	0.01852	0.01583	0.01668	0.01488	0.01907	0.01828	0.01161	0.06765	0.65632	0.03111	0.02903	0.02668	0.02174	0.00981	0.00739	0.00245	0.00586	0.00814	0.00739	0.01154
20	0.01678	0.01374	0.01793	0.04110	0.13039	0.01173	0.01160	0.04784	0.01629	0.05939	0.01429	0.01680	0.01157	0.00777	0.03208	0.00180	0.00674	0.00512	0.00451	0.53256
21	0.01485	0.05738	0.66140	0.02140	0.05686	0.01724	0.02626	0.02296	0.01538	0.02288	0.01298	0.01534	0.00930	0.00687	0.00685	0.00227	0.01058	0.00537	0.00309	0.01073
22	0.02534	0.01922	0.02053	0.01626	0.02167	0.02147	0.01326	0.52255	0.19030	0.04212	0.02036	0.01977	0.01472	0.00900	0.00730	0.00225	0.00746	0.00695	0.00730	0.01216
23	0.00859	0.00736	0.00736	0.00736	0.00982	0.00614	0.00552	0.01043	0.01657	0.01964	0.07364	0.06996	0.69624	0.01841	0.00859	0.00245	0.00368	0.01534	0.00675	0.00614
24	0.01784	0.01814	0.05852	0.04359	0.67059	0.01725	0.02250	0.02234	0.01650	0.02372	0.01365	0.01788	0.01142	0.00650	0.00718	0.00217	0.00873	0.00643	0.00358	0.01148
25	0.01678	0.03091	0.46302	0.02690	0.21405	0.04839	0.02440	0.02358	0.01613	0.04927	0.01374	0.01633	0.01019	0.00690	0.00699	0.00224	0.01009	0.00572	0.00347	0.01091
26	0.01240	0.01062	0.01499	0.01385	0.01450	0.01356	0.01091	0.01428	0.01133	0.01672	0.01635	0.02656	0.01617	0.13265	0.37446	0.00799	0.27455	0.00765	0.00371	0.00674
27	0.00868	0.00733	0.00752	0.00755	0.00990	0.00616	0.00563	0.01058	0.01666	0.02005	0.10225	0.09387	0.64224	0.01840	0.00862	0.00246	0.00369	0.01543	0.00681	0.00616
28	0.01512	0.03195	0.52980	0.08239	0.15266	0.01689	0.02550	0.02253	0.01550	0.02279	0.01315	0.01615	0.00966	0.00686	0.00699	0.00229	0.01028	0.00566	0.00318	0.01066
29	0.01561	0.18887	0.56465	0.01896	0.02874	0.01941	0.02379	0.02275	0.01522	0.02176	0.01242	0.01456	0.00923	0.00676	0.00643	0.00214	0.01011	0.00506	0.00308	0.01044
30	0.01816	0.01897	0.07339	0.03333	0.42933	0.04693	0.01920	0.02730	0.20756	0.02534	0.01806	0.02020	0.01430	0.00752	0.00721	0.00224	0.00815	0.00682	0.00465	0.01133
31	0.01063	0.00815	0.01215	0.01201	0.01325	0.00967	0.00939	0.01318	0.01166	0.01690	0.01903	0.02800	0.01779	0.05267	0.68518	0.01131	0.05090	0.00773	0.00386	0.00655
32	0.00886	0.00633	0.00843	0.01012	0.01054	0.00590	0.00675	0.01012	0.01392	0.01856	0.04006	0.73979	0.04808	0.02277	0.00928	0.00295	0.00422	0.02066	0.00675	0.00590
33	0.01309	0.01071	0.01598	0.01439	0.01692	0.01061	0.11048	0.09431	0.04636	0.02391	0.06715	0.40303	0.05834	0.01721	0.00885	0.00274	0.00611	0.06576	0.00643	0.00764
34	0.01490	0.01268	0.01490	0.01090	0.01711	0.00962	0.00877	0.01814	0.01516	0.02359	0.01424	0.01853	0.01237	0.00614	0.00562	0.00119	0.00545	0.03768	0.00443	0.74855
35	0.05482	0.01393	0.02347	0.56546	0.06548	0.01651	0.08821	0.02018	0.04310	0.02045	0.01369	0.01930	0.01032	0.00721	0.00727	0.00241	0.00955	0.00663	0.00353	0.00850
36	0.00886	0.00633	0.00843	0.01012	0.01054	0.00590	0.00675	0.01012	0.01392	0.01856	0.04006	0.73979	0.04808	0.02277	0.00928	0.00295	0.00422	0.02066	0.00675	0.00590
37	0.01864	0.63219	0.14783	0.01380	0.02076	0.02681	0.01480	0.02197	0.01486	0.01807	0.01059	0.01227	0.00931	0.00633	0.00503	0.00168	0.00826	0.00413	0.00310	0.00956
38	0.05235	0.03751	0.05147	0.01245	0.01845	0.01297	0.01061	0.08932	0.07580	0.11963	0.04556	0.01910	0.01509	0.00716	0.00616	0.00165	0.00606	0.00568	0.00558	0.40740
39	0.01908	0.58304	0.12738	0.01471	0.02146	0.06217	0.04459	0.02238	0.01526	0.01822	0.01077	0.01259	0.00939	0.00637	0.00524	0.00171	0.00865	0.00434	0.00316	0.00949
40	0.01633	0.02751	0.42153	0.01981	0.02813	0.01499	0.12818	0.02305	0.01700	0.09763	0.11461	0.02275	0.01912	0.00817	0.00747	0.00232	0.00943	0.00724	0.00453	0.01020
41	0.01057	0.00705	0.00793	0.00793	0.00793	0.00705	0.00440	0.01057	0.01057	0.01409	0.02290	0.04757	0.02643	0.74454	0.03700	0.00705	0.00705	0.01057	0.00440	0.00440
42	0.02800	0.01976	0.02145	0.01644	0.02224	0.02166	0.01358	0.62711	0.03318	0.09507	0.01829	0.01800	0.01278	0.00875	0.00727	0.00219	0.00786	0.00660	0.00740	0.01236
43	0.02005	0.01276	0.01558	0.01138	0.01760	0.00997	0.00920	0.02316	0.01670	0.21675	0.01739	0.01782	0.01282	0.00641	0.00593	0.00141	0.00561	0.00516	0.00564	0.56866
44	0.01471	0.03669	0.67323	0.02122	0.03179	0.01696	0.05959	0.02303	0.01544	0.02303	0.01313	0.01556	0.00930	0.00687	0.00699	0.00231	0.01082	0.00553	0.00310	0.01070
45	0.01948	0.02010	0.02806	0.04040	0.58903	0.13092	0.02096	0.02340	0.01721	0.02278	0.01328	0.01720	0.01116	0.00664	0.00709	0.00211	0.00936	0.00618	0.00362	0.01101
46	0.02503	0.01104	0.01469	0.01183	0.01616	0.00987	0.00954	0.05292	0.02125	0.45530	0.24899	0.03425	0.03453	0.01093	0.00773	0.00226	0.00534	0.00921	0.00860	0.01055
47	0.69317	0.01634	0.07202	0.01148	0.01665	0.01645	0.03984	0.02160	0.01284	0.03136	0.01058	0.01247	0.00813	0.00673	0.00489	0.00226	0.00637	0.00427	0.00434	0.00821
48	0.01611	0.01667	0.02193	0.58160	0.07334	0.13093	0.01927	0.02045	0.01562	0.01867	0.01268	0.01829	0.00971	0.00727	0.00715	0.00232	0.01021	0.00617	0.00333	0.00828
49	0.01716	0.05063	0.04115	0.02899	0.03575	0.01912	0.59540	0.02279	0.01660	0.02259	0.01412	0.01899	0.01085	0.00662	0.00955	0.00247	0.06575	0.00821	0.00362	0.00965
50	0.01263	0.00631	0.00947	0.00947	0.00947	0.00631	0.00631	0.00947	0.00947	0.01263	0.01263	0.02210	0.01263	0.02525	0.02841	0.78851	0.00631	0.00631	0.00316	0.00316
51	0.01777	0.50474	0.26767	0.01528	0.02305	0.02468	0.01739	0.02220	0.01497	0.01913	0.01111	0.01293	0.00929	0.00645	0.00543	0.00181	0.00879	0.00440	0.00310	0.00981
52	0.01057	0.00705	0.00793	0.00793	0.00793	0.00705	0.00440	0.01057	0.01057	0.01409	0.02290	0.04757	0.02643	0.74454	0.03700	0.00705	0.00705	0.01057	0.00440	0.00440
53	0.01976	0.71877	0.03735	0.01270	0.01882	0.05773	0.01251	0.02207	0.01502	0.01713	0.01015	0.01172	0.00933	0.00627	0.00474	0.00157	0.00800	0.00392	0.00314	0.00929
54	0.01263	0.00631	0.00947	0.00947	0.00947	0.00631	0.00631	0.00947	0.00947	0.01263	0.01263	0.02210	0.01263	0.02525	0.02841	0.78851	0.00631	0.00631	0.00316	0.00316
55	0.01057	0.00705	0.00793	0.00793	0.00793	0.00705	0.00440	0.01057	0.01057	0.01409	0.02290	0.04757	0.02643	0.74454	0.03700	0.00705	0.00705	0.01057	0.00440	0.00440
56	0.01994	0.27597	0.30645	0.01655	0.02450	0.02131	0.01839	0.12890	0.01867	0.08493	0.01413	0.01526	0.01054	0.00715	0.00623	0.00202	0.00888	0.00522	0.00429	0.01066
57	0.01478	0.01608	0.07824	0.44863	0.13605	0.03713	0.05135	0.01967	0.01541	0.02018	0.01555	0.02475	0.01308	0.00832	0.00754	0.00245	0.00956	0.06885	0.00364	0.00874
58	0.02744	0.01123	0.01521	0.01206	0.01677	0.00980	0.00980	0.03040	0.02075	0.54786	0.18310	0.03159	0.02971	0.01036	0.00760	0.00226	0.00555	0.00866	0.00877	0.01109
59	0.01865	0.02023	0.07212	0.04062	0.59186	0.08378	0.02181	0.02299	0.01686	0.02313	0.01340	0.01736	0.01116	0.00660	0.00712	0.00214	0.00920	0.00623	0.00358	0.01117
60	0.00968	0.00743	0.00887	0.00859	0.01059	0.00663	0.00650	0.01249	0.01890	0.02522	0.43287	0.06127	0.31141	0.01641	0.00863	0.00239	0.00363	0.03448	0.00747	0.00657
61	0.01452	0.01253	0.01600	0.01253	0.01727	0.01103	0.04270	0.04654	0.01556	0.02311	0.01978	0.14092	0.04234	0.00965	0.00801	0.00175	0.06845	0.00799	0.00482	0.48449
62	0.01036	0.00805	0.01096	0.01091	0.01275	0.00710	0.03161	0.01232	0.01475	0.02045	0.08518	0.53341	0.04178	0.01851	0.00852	0.00255	0.00466	0.01678	0.00630	0.14305
63	0.01670	0.21990	0.40030	0.02012	0.02889	0.04399	0.12866	0.02294	0.01567	0.02134	0.01249	0.01501	0.00954	0.00662	0.00658	0.00212	0.01030	0.00549	0.00320	0.01014
64	0.01507	0.01292	0.01507	0.01077	0.01723	0.00969	0.00861	0.01830	0.01507	0.02369	0.01292	0.01507	0.01077	0.00538	0.00538	0.00108	0.00538	0.00431	0.00431	0.78898
65	0.02717	0.02013	0.02156	0.01663	0.02237	0.02233	0.01371	0.64441	0.06547	0.04507	0.01803	0.01792	0.01283	0.00878	0.00728	0.00220	0.00789	0.00662	0.00728	0.01232
66	0.00965	0.00700	0.00930	0.01054	0.01151	0.00650	0.00754	0.01147	0.01489	0.02008	0.09022	0.55989	0.04712	0.02098	0.00915	0.00287	0.00456	0.10843	0.00673	0.04156
67	0.01598	0.01289	0.01517	0.01088	0.01730	0.00974	0.00872	0.01919	0.01537	0.05885	0.01373	0.01557	0.01114	0.00557	0.00548	0.00114	0.00542	0.00446	0.00455	0.74885
68	0.01390	0.01327	0.02289	0.69108	0.04944	0.01627	0.05391	0.01882	0.01467	0.01882	0.01301	0.01939	0.00976	0.00721	0.00734	0.00242	0.00982	0.00657	0.00325	0.00816
69	0.02539	0.01828	0.01981	0.01572	0.02096	0.02015	0.01276	0.46754	0.17091	0.09205	0.02108	0.02111	0.01537	0.03445	0.00833	0.00242	0.00735	0.00710	0.00733	0.01191
70	0.01120	0.00770	0.00996	0.00944	0.01138	0.00706	0.00723	0.01447	0.02002	0.05689	0.57508	0.05605	0.11469	0.01523	0.00861	0.00237	0.00378	0.05395	0.00786	0.00703
71	0.01033	0.00745	0.00980	0.00950	0.01115	0.00693	0.00721	0.01365	0.01999	0.02812	0.61715	0.08761	0.06568	0.01561	0.00871	0.00239	0.00371	0.06035	0.00785	0.00680
72	0.01241	0.00791	0.01013	0.00930	0.01142	0.00719	0.00701	0.01547	0.01977	0.09663	0.53548	0.05257	0.12498	0.04593	0.00967	0.00250	0.00389	0.01266	0.00782	0.00724
73	0.01514	0.01313	0.01595	0.01140	0.01788	0.00997	0.02966	0.01846	0.01514	0.02367	0.01298	0.01522	0.01077	0.00541	0.00548	0.00112	0.00560	0.00444	0.00429	0.76429
74	0.01645	0.01409	0.04511	0.04239	0.05644	0.01427	0.01168	0.06048	0.32212	0.06158	0.20585	0.03433	0.06197	0.01105	0.00771	0.00237	0.00571	0.00943	0.00704	0.00995
75	0.01263	0.00631	0.00947	0.00947	0.00947	0.00631	0.00631	0.00947	0.00947	0.01263	0.01263	0.02210	0.01263	0.02525	0.02841	0.78851	0.00631	0.00631	0.00316	0.00316
76	0.01450	0.03553	0.65186	0.02102	0.05363	0.01644	0.02579	0.02257	0.01563	0.02332	0.04397	0.01720	0.01198	0.00725	0.00699	0.00230	0.01034	0.00576	0.00331	0.01059
77	0.01054	0.00779	0.00998	0.01043	0.01195	0.00716	0.00746	0.03445	0.01592	0.02187	0.13938	0.49552	0.04573	0.01903	0.00872	0.00264	0.00447	0.04913	0.00670	0.09114
78	0.01507	0.01292	0.01507	0.01077	0.01723	0.00969	0.00861	0.01830	0.01507	0.02369	0.01292	0.01507	0.01077	0.00538	0.00538	0.00108	0.00538	0.00431	0.00431	0.78898
79	0.01144	0.00772	0.00863	0.00837	0.00867	0.00783	0.00488	0.04424	0.01177	0.01570	0.02263	0.04604	0.02571	0.70725	0.03549	0.00680	0.00710	0.01037	0.00455	0.00481
80	0.01377	0.01404	0.05283	0.69507	0.04922	0.01618	0.02049	0.01877	0.01457	0.01877	0.01293	0.01920	0.00967	0.00725	0.00725	0.00242	0.00974	0.00641	0.00322	0.00820
81	0.01414	0.01275	0.02082	0.65832	0.04651	0.01573	0.01901	0.03856	0.01518	0.01996	0.01376	0.01982	0.01036	0.00739	0.00712	0.00237	0.00923	0.00648	0.05436	0.00812
82	0.01804	0.01746	0.03172	0.04433	0.09017	0.01675	0.36519	0.11235	0.01897	0.02666	0.01536	0.01909	0.01174	0.00662	0.00754	0.00214	0.00967	0.00733	0.06171	0.11715
83	0.01820	0.01906	0.06039	0.10911	0.44637	0.08305	0.02003	0.04302	0.05197	0.02386	0.04437	0.01960	0.01410	0.00729	0.00720	0.00219	0.00888	0.00664	0.00405	0.01064

[dist]
# distance from previous block
# <min> <max>
0	5

[block]
# block no. 2 follows, 28 sequences, length 17
# corresponding to MSA columns:
# 127-143
name=unknown_C
#
# <colnr> <probs for GDERKNQSTAVLIFYWHMCP>
#	G	D	E	R	K	N	Q	S	T	A	V	L	I	F	Y	W	H	M	C	P
0	0.12524	0.02094	0.06832	0.08319	0.13179	0.14629	0.11177	0.09929	0.04782	0.02582	0.01561	0.06283	0.01314	0.00820	0.00705	0.00226	0.00933	0.00702	0.00449	0.00959
1	0.55483	0.01917	0.15870	0.03899	0.06269	0.01648	0.01321	0.02168	0.01334	0.02954	0.01106	0.01321	0.00845	0.00678	0.00527	0.00226	0.00703	0.00449	0.00410	0.00872
2	0.03505	0.01555	0.07791	0.16771	0.15748	0.03141	0.03143	0.02205	0.09592	0.07475	0.07832	0.03086	0.13124	0.00992	0.00751	0.00233	0.00741	0.00858	0.00522	0.00934
3	0.01263	0.00631	0.00947	0.00947	0.00947	0.00631	0.00631	0.00947	0.00947	0.01263	0.01263	0.02210	0.01263	0.02525	0.02841	0.78851	0.00631	0.00631	0.00316	0.00316
4	0.01507	0.07344	0.62422	0.02196	0.07773	0.01753	0.02578	0.02290	0.01540	0.02276	0.01293	0.01534	0.00938	0.00684	0.00681	0.00225	0.01044	0.00537	0.00311	0.01072
5	0.01533	0.01315	0.01519	0.01111	0.01737	0.01041	0.00886	0.02005	0.07260	0.02426	0.01435	0.01611	0.01175	0.00577	0.00556	0.00120	0.00541	0.00464	0.00457	0.72232
6	0.02007	0.05746	0.06938	0.06494	0.37744	0.19443	0.01900	0.02383	0.01745	0.04141	0.01534	0.01835	0.03470	0.00728	0.00695	0.00209	0.00967	0.00616	0.00383	0.01025
7	0.02531	0.01855	0.01993	0.01553	0.02055	0.02043	0.01254	0.58458	0.03097	0.04150	0.01819	0.02155	0.01428	0.10882	0.01132	0.00284	0.00787	0.00709	0.00688	0.01128
8	0.01169	0.01605	0.20318	0.04747	0.01894	0.01018	0.01363	0.01637	0.01776	0.02507	0.33263	0.10697	0.04414	0.01366	0.00830	0.00249	0.00623	0.09123	0.00613	0.00788
9	0.01571	0.02972	0.41595	0.02506	0.03432	0.01754	0.30988	0.02314	0.01614	0.02314	0.01377	0.01721	0.01001	0.00656	0.00764	0.00237	0.01141	0.00678	0.00334	0.01033
10	0.01071	0.00805	0.01107	0.08509	0.01516	0.00790	0.00845	0.01428	0.01979	0.02775	0.59846	0.05166	0.06136	0.01426	0.00849	0.00234	0.00421	0.03655	0.00745	0.00698
11	0.02002	0.60191	0.09090	0.01375	0.02018	0.06332	0.01380	0.06817	0.01649	0.01964	0.01092	0.01245	0.00953	0.00652	0.00513	0.00168	0.00831	0.00424	0.00343	0.00961
12	0.01024	0.00916	0.05361	0.00996	0.01206	0.00730	0.00805	0.01355	0.01894	0.02653	0.51268	0.16770	0.09099	0.01585	0.00859	0.00241	0.00404	0.01402	0.00742	0.00691
13	0.02542	0.01886	0.02033	0.01604	0.02128	0.02083	0.01306	0.57759	0.07379	0.04250	0.02016	0.08000	0.01605	0.01000	0.00745	0.00227	0.00753	0.00786	0.00723	0.01175
14	0.01613	0.24756	0.47961	0.01870	0.02795	0.02047	0.05091	0.02266	0.01526	0.02128	0.01225	0.01444	0.00932	0.00667	0.00632	0.00209	0.00993	0.00507	0.00311	0.01028
15	0.01053	0.00883	0.01442	0.05865	0.01727	0.00852	0.10388	0.01288	0.01471	0.01949	0.03592	0.52176	0.06559	0.01905	0.00907	0.00285	0.00586	0.05799	0.00608	0.00666
16	0.01632	0.01193	0.01412	0.01484	0.06066	0.04468	0.01126	0.02254	0.14286	0.11447	0.03872	0.05440	0.14603	0.01489	0.00857	0.00273	0.00636	0.25914	0.00680	0.00866

[dist]
# distance from previous block
# <min> <max>
0	2

[block]
# block no. 3 follows, 28 sequences, length 6
# corresponding to MSA columns:
# 146-151
name=unknown_D
#
# <colnr> <probs for GDERKNQSTAVLIFYWHMCP>
#	G	D	E	R	K	N	Q	S	T	A	V	L	I	F	Y	W	H	M	C	P
0	0.14725	0.08987	0.10555	0.01338	0.01947	0.01466	0.01244	0.02977	0.06660	0.36467	0.02130	0.01996	0.01441	0.00801	0.00647	0.00215	0.00677	0.00613	0.00663	0.04450
1	0.01613	0.07862	0.27621	0.02376	0.03177	0.01803	0.32153	0.02354	0.05705	0.02345	0.04775	0.01965	0.01373	0.00706	0.00762	0.00233	0.01056	0.00729	0.00385	0.01006
2	0.02001	0.37493	0.18614	0.01516	0.02212	0.02312	0.01573	0.10981	0.08488	0.06294	0.01475	0.01556	0.01148	0.00723	0.00594	0.00194	0.00819	0.00520	0.00441	0.01044
3	0.02444	0.01840	0.02052	0.08701	0.02407	0.02056	0.01367	0.52073	0.07624	0.03991	0.01821	0.02032	0.01372	0.05751	0.00925	0.00255	0.00795	0.00692	0.00669	0.01135
4	0.64142	0.01361	0.01100	0.00975	0.01407	0.01540	0.00797	0.06389	0.01439	0.03181	0.01891	0.01978	0.09806	0.00840	0.00522	0.00227	0.00553	0.00560	0.00498	0.00795
5	0.12350	0.01469	0.01618	0.01255	0.01776	0.01444	0.01007	0.22433	0.02118	0.14858	0.01769	0.02031	0.01370	0.08125	0.00935	0.00237	0.00653	0.00610	0.00607	0.23334

[dist]
# distance from previous block
# <min> <max>
5	8

[block]
# block no. 4 follows, 28 sequences, length 21
# corresponding to MSA columns:
# 160-180
name=unknown_E
#
# <colnr> <probs for GDERKNQSTAVLIFYWHMCP>
#	G	D	E	R	K	N	Q	S	T	A	V	L	I	F	Y	W	H	M	C	P
0	0.07223	0.01294	0.01584	0.01214	0.01785	0.01132	0.00987	0.02896	0.07501	0.37203	0.02221	0.02083	0.01525	0.00769	0.00648	0.00187	0.00584	0.00615	0.00697	0.27852
1	0.01854	0.01831	0.02897	0.04307	0.65876	0.05898	0.02181	0.02271	0.01679	0.02339	0.01353	0.01770	0.01139	0.00654	0.00716	0.00214	0.00890	0.00637	0.00361	0.01133
2	0.01943	0.74891	0.03809	0.01244	0.01866	0.02876	0.01244	0.02177	0.01477	0.01710	0.01011	0.01166	0.00933	0.00622	0.00466	0.00155	0.00777	0.00389	0.00311	0.00933
3	0.01042	0.00715	0.00829	0.00826	0.00860	0.00715	0.00498	0.01092	0.01156	0.01546	0.06196	0.04775	0.06807	0.60677	0.08786	0.00689	0.00764	0.01077	0.00470	0.00481
4	0.00979	0.00715	0.00921	0.00924	0.01070	0.00656	0.00672	0.01256	0.01860	0.02574	0.48199	0.22597	0.11444	0.01712	0.00875	0.00247	0.00365	0.01519	0.00759	0.00656
5	0.01393	0.01313	0.02217	0.69441	0.08113	0.01620	0.02029	0.01875	0.01463	0.01882	0.01296	0.01931	0.00978	0.00723	0.00726	0.00241	0.00964	0.00646	0.00325	0.00824
6	0.79588	0.01406	0.01068	0.00956	0.01406	0.01631	0.00787	0.02137	0.01237	0.03261	0.01012	0.01181	0.00787	0.00675	0.00450	0.00225	0.00562	0.00394	0.00450	0.00787
7	0.02763	0.02036	0.02182	0.01672	0.02254	0.02254	0.01382	0.67496	0.03418	0.04581	0.01745	0.01745	0.01236	0.00873	0.00727	0.00218	0.00800	0.00654	0.00727	0.01236
8	0.00981	0.00758	0.00805	0.00781	0.01031	0.00642	0.00590	0.01188	0.01723	0.04968	0.14708	0.06615	0.59157	0.01758	0.00853	0.00243	0.00376	0.01474	0.00700	0.00649
9	0.02718	0.03396	0.02066	0.01863	0.02248	0.68231	0.01403	0.05983	0.02125	0.01913	0.01153	0.01332	0.00951	0.00755	0.00659	0.00189	0.01286	0.00477	0.00391	0.00861
10	0.02594	0.02909	0.02092	0.01931	0.05855	0.48300	0.01419	0.17690	0.02307	0.02453	0.01321	0.01514	0.01061	0.01004	0.04173	0.00244	0.01200	0.00536	0.00456	0.00941
11	0.01373	0.01292	0.02180	0.72707	0.05006	0.01615	0.02019	0.01857	0.01453	0.01857	0.01292	0.01938	0.00969	0.00727	0.00727	0.00242	0.00969	0.00646	0.00323	0.00807
12	0.01507	0.01292	0.01507	0.01077	0.01723	0.00969	0.00861	0.01830	0.01507	0.02369	0.01292	0.01507	0.01077	0.00538	0.00538	0.00108	0.00538	0.00431	0.00431	0.78898
13	0.01057	0.00705	0.00793	0.00793	0.00793	0.00705	0.00440	0.01057	0.01057	0.01409	0.02290	0.04757	0.02643	0.74454	0.03700	0.00705	0.00705	0.01057	0.00440	0.00440
14	0.01392	0.01318	0.02184	0.66452	0.04733	0.01669	0.01981	0.01848	0.01423	0.01848	0.01262	0.01907	0.00968	0.00775	0.00873	0.00249	0.07344	0.00645	0.00323	0.00806
15	0.01507	0.01292	0.01507	0.01077	0.01723	0.00969	0.00861	0.01830	0.01507	0.02369	0.01292	0.01507	0.01077	0.00538	0.00538	0.00108	0.00538	0.00431	0.00431	0.78898
16	0.79588	0.01406	0.01068	0.00956	0.01406	0.01631	0.00787	0.02137	0.01237	0.03261	0.01012	0.01181	0.00787	0.00675	0.00450	0.00225	0.00562	0.00394	0.00450	0.00787
17	0.79588	0.01406	0.01068	0.00956	0.01406	0.01631	0.00787	0.02137	0.01237	0.03261	0.01012	0.01181	0.00787	0.00675	0.00450	0.00225	0.00562	0.00394	0.00450	0.00787
18	0.00883	0.00642	0.00834	0.00988	0.01048	0.00592	0.00664	0.01015	0.01415	0.01865	0.04303	0.68061	0.10534	0.02239	0.00922	0.00291	0.00417	0.02019	0.00675	0.00592
19	0.06151	0.41310	0.31304	0.01570	0.02369	0.02314	0.01814	0.02226	0.01487	0.02043	0.01132	0.01319	0.00920	0.00653	0.00558	0.00190	0.00888	0.00450	0.00317	0.00983
20	0.08847	0.64343	0.03468	0.01254	0.01847	0.06665	0.01213	0.02214	0.01489	0.01851	0.01017	0.01176	0.00920	0.00634	0.00476	0.00163	0.00789	0.00394	0.00327	0.00915

[dist]
# distance from previous block
# <min> <max>
0	1

[block]
# block no. 5 follows, 28 sequences, length 43
# corresponding to MSA columns:
# 182-224
name=unknown_F
#
# <colnr> <probs for GDERKNQSTAVLIFYWHMCP>
#	G	D	E	R	K	N	Q	S	T	A	V	L	I	F	Y	W	H	M	C	P
0	0.01677	0.06076	0.03642	0.07254	0.05446	0.01788	0.45931	0.02198	0.01630	0.02243	0.01384	0.01835	0.01076	0.00641	0.00847	0.00225	0.04172	0.00747	0.00367	0.10824
1	0.02761	0.02097	0.02176	0.01681	0.02254	0.05195	0.01383	0.64754	0.03360	0.04462	0.01719	0.01727	0.01223	0.00867	0.00724	0.00217	0.00822	0.00647	0.00712	0.01219
2	0.01343	0.00993	0.01164	0.01130	0.01332	0.01011	0.00827	0.15474	0.04473	0.02587	0.10253	0.40509	0.09810	0.04339	0.00962	0.00280	0.00506	0.01557	0.00693	0.00757
3	0.16548	0.08953	0.41886	0.01711	0.02552	0.04441	0.01990	0.06074	0.01602	0.02553	0.01243	0.01439	0.00923	0.00687	0.00620	0.00215	0.00919	0.00497	0.00368	0.04779
4	0.01426	0.01346	0.02276	0.64187	0.13110	0.01629	0.02045	0.01904	0.01479	0.01922	0.01301	0.01921	0.00992	0.00717	0.00726	0.00239	0.00956	0.00646	0.00328	0.00850
5	0.01254	0.01089	0.01084	0.01010	0.01272	0.05453	0.00763	0.04653	0.11343	0.02473	0.23579	0.05261	0.32344	0.04077	0.00923	0.00252	0.00483	0.01245	0.00694	0.00747
6	0.00953	0.00685	0.00888	0.00972	0.01058	0.00634	0.00661	0.01121	0.01508	0.02060	0.18035	0.50057	0.04926	0.08971	0.01166	0.00314	0.00435	0.01753	0.00672	0.03129
7	0.01507	0.01292	0.01507	0.01077	0.01723	0.00969	0.00861	0.01830	0.01507	0.02369	0.01292	0.01507	0.01077	0.00538	0.00538	0.00108	0.00538	0.00431	0.00431	0.78898
8	0.01853	0.38631	0.25010	0.01524	0.02261	0.04837	0.01669	0.02286	0.01558	0.06627	0.01345	0.03749	0.01120	0.00718	0.00582	0.00188	0.00861	0.00519	0.00369	0.04294
9	0.75753	0.01397	0.01099	0.00973	0.01428	0.01602	0.00801	0.02207	0.01279	0.06636	0.01105	0.01246	0.00838	0.00686	0.00464	0.00225	0.00565	0.00411	0.00472	0.00810
10	0.02879	0.01211	0.01607	0.01258	0.01761	0.01085	0.01029	0.07325	0.02163	0.55595	0.13247	0.02891	0.02556	0.00990	0.00751	0.00225	0.00587	0.00818	0.00873	0.01151
11	0.02126	0.01481	0.01600	0.01333	0.01739	0.01614	0.01062	0.33426	0.12985	0.06117	0.02337	0.08908	0.01893	0.01017	0.00697	0.00219	0.00614	0.00821	0.18980	0.01031
12	0.02690	0.06204	0.02147	0.01821	0.02232	0.59719	0.01395	0.11268	0.02213	0.02140	0.01200	0.01361	0.00975	0.00760	0.00657	0.00190	0.01223	0.00489	0.00418	0.00898
13	0.79588	0.01406	0.01068	0.00956	0.01406	0.01631	0.00787	0.02137	0.01237	0.03261	0.01012	0.01181	0.00787	0.00675	0.00450	0.00225	0.00562	0.00394	0.00450	0.00787
14	0.01557	0.12135	0.52138	0.02127	0.03093	0.01856	0.12637	0.02291	0.01556	0.02234	0.01295	0.01557	0.00951	0.00670	0.00690	0.00223	0.01062	0.00569	0.00317	0.01042
15	0.01263	0.00631	0.00947	0.00947	0.00947	0.00631	0.00631	0.00947	0.00947	0.01263	0.01263	0.02210	0.01263	0.02525	0.02841	0.78851	0.00631	0.00631	0.00316	0.00316
16	0.01146	0.00767	0.00997	0.00932	0.01125	0.00701	0.00701	0.01469	0.02015	0.06778	0.60163	0.07906	0.09527	0.01499	0.00853	0.00232	0.00363	0.01319	0.00795	0.00711
17	0.01535	0.01461	0.02548	0.39571	0.05680	0.01686	0.15747	0.04671	0.01544	0.02089	0.01359	0.01935	0.01061	0.00836	0.01004	0.03003	0.09026	0.00691	0.03706	0.00847
18	0.01481	0.03597	0.64659	0.02162	0.03205	0.01702	0.08550	0.02304	0.01551	0.02304	0.01320	0.01573	0.00937	0.00684	0.00706	0.00232	0.01088	0.00566	0.00312	0.01066
19	0.00945	0.00699	0.00882	0.00923	0.01056	0.00637	0.00659	0.01177	0.01731	0.02343	0.33598	0.32428	0.16537	0.01854	0.00885	0.00257	0.00378	0.01644	0.00730	0.00637
20	0.00911	0.00647	0.00855	0.01011	0.01055	0.00610	0.00680	0.01038	0.01380	0.01837	0.03873	0.65932	0.04621	0.07563	0.01135	0.00327	0.00454	0.04831	0.00657	0.00583
21	0.02379	0.07695	0.05510	0.06111	0.06910	0.50537	0.01513	0.02695	0.04071	0.01891	0.01402	0.01601	0.03096	0.00771	0.00662	0.00196	0.01162	0.00533	0.00384	0.00881
22	0.79588	0.01406	0.01068	0.00956	0.01406	0.01631	0.00787	0.02137	0.01237	0.03261	0.01012	0.01181	0.00787	0.00675	0.00450	0.00225	0.00562	0.00394	0.00450	0.00787
23	0.74668	0.01395	0.01108	0.00978	0.01435	0.01594	0.00805	0.02227	0.01291	0.07591	0.01132	0.01264	0.00852	0.00689	0.00468	0.00225	0.00566	0.00415	0.00479	0.00816
24	0.01606	0.01370	0.01612	0.01184	0.01776	0.01160	0.00955	0.06655	0.01618	0.02484	0.01299	0.01531	0.01079	0.00619	0.00694	0.00132	0.06112	0.00463	0.00444	0.67208
25	0.02839	0.01207	0.01606	0.01233	0.01777	0.01025	0.01009	0.03131	0.01997	0.55508	0.07802	0.02565	0.02088	0.00894	0.00713	0.00209	0.00586	0.00733	0.00825	0.12253
26	0.01594	0.01873	0.07052	0.02745	0.03406	0.01667	0.55372	0.02154	0.01664	0.02265	0.01797	0.11432	0.01582	0.00836	0.00859	0.00251	0.01112	0.01002	0.00405	0.00934
27	0.01847	0.01426	0.01574	0.01488	0.04997	0.04320	0.01087	0.07371	0.34124	0.09698	0.12362	0.07610	0.02863	0.04790	0.00911	0.00262	0.00602	0.00942	0.00711	0.01014
28	0.01346	0.00890	0.01043	0.00955	0.01227	0.00819	0.00731	0.04582	0.04779	0.11093	0.26331	0.09413	0.30904	0.01552	0.00835	0.00239	0.00423	0.01322	0.00749	0.00766
29	0.01596	0.01298	0.01517	0.01110	0.01723	0.01020	0.00885	0.05145	0.01616	0.04547	0.01486	0.04817	0.01275	0.00645	0.00571	0.00125	0.00549	0.00525	0.00471	0.69079
30	0.01507	0.01292	0.01507	0.01077	0.01723	0.00969	0.00861	0.01830	0.01507	0.02369	0.01292	0.01507	0.01077	0.00538	0.00538	0.00108	0.00538	0.00431	0.00431	0.78898
31	0.12802	0.01888	0.01962	0.01531	0.02078	0.02090	0.01262	0.55535	0.03042	0.04276	0.01931	0.01935	0.04613	0.00895	0.00697	0.00220	0.00747	0.00664	0.00688	0.01146
32	0.01023	0.00681	0.00801	0.00853	0.00877	0.00668	0.00517	0.01084	0.01191	0.01631	0.02827	0.26058	0.03263	0.47361	0.02636	0.00543	0.00594	0.01345	0.05544	0.00502
33	0.01799	0.01727	0.02950	0.04462	0.69919	0.01727	0.02231	0.02231	0.01655	0.02375	0.01367	0.01799	0.01151	0.00648	0.00720	0.00216	0.00864	0.00648	0.00360	0.01151
34	0.01701	0.02113	0.10926	0.03159	0.13064	0.01807	0.51459	0.02312	0.01689	0.02332	0.01439	0.01894	0.01091	0.00626	0.00821	0.00239	0.01159	0.00795	0.00360	0.01014
35	0.67544	0.01505	0.01243	0.01068	0.01539	0.01728	0.00880	0.12384	0.01579	0.03468	0.01127	0.01269	0.00858	0.00706	0.00493	0.00224	0.00600	0.00435	0.00493	0.00858
36	0.01024	0.00760	0.00994	0.01069	0.01219	0.00688	0.00784	0.01229	0.01507	0.02058	0.08770	0.48162	0.04389	0.01949	0.00886	0.00273	0.00473	0.12593	0.00653	0.10521
37	0.01971	0.69593	0.03709	0.01371	0.04022	0.05721	0.01282	0.02209	0.01507	0.01734	0.01027	0.01192	0.00940	0.00628	0.00482	0.00159	0.00802	0.00400	0.00315	0.00936
38	0.00904	0.00640	0.00838	0.00988	0.01026	0.00603	0.00649	0.01017	0.01356	0.01807	0.03821	0.66514	0.04574	0.10061	0.01227	0.00339	0.00452	0.01958	0.00649	0.00574
39	0.79588	0.01406	0.01068	0.00956	0.01406	0.01631	0.00787	0.02137	0.01237	0.03261	0.01012	0.01181	0.00787	0.00675	0.00450	0.00225	0.00562	0.00394	0.00450	0.00787
40	0.01991	0.43705	0.11283	0.01493	0.02069	0.11572	0.01455	0.02289	0.01549	0.04732	0.01143	0.01341	0.00976	0.00725	0.00734	0.00187	0.08496	0.00459	0.00348	0.03454
41	0.00886	0.00633	0.00843	0.01012	0.01054	0.00590	0.00675	0.01012	0.01392	0.01856	0.04006	0.73979	0.04808	0.02277	0.00928	0.00295	0.00422	0.02066	0.00675	0.00590
42	0.01674	0.01574	0.02686	0.03618	0.48014	0.01573	0.08060	0.02172	0.04474	0.02361	0.01911	0.03057	0.01762	0.00915	0.00787	0.00242	0.00849	0.12792	0.00435	0.01045

[dist]
# distance from previous block
# <min> <max>
0	1

[block]
# block no. 6 follows, 28 sequences, length 14
# corresponding to MSA columns:
# 226-239
name=unknown_G
#
# <colnr> <probs for GDERKNQSTAVLIFYWHMCP>
#	G	D	E	R	K	N	Q	S	T	A	V	L	I	F	Y	W	H	M	C	P
0	0.07665	0.01513	0.05640	0.03846	0.02027	0.01335	0.01178	0.08660	0.09870	0.34177	0.02240	0.02113	0.01528	0.00812	0.00677	0.00208	0.00650	0.00647	0.00701	0.14513
1	0.01252	0.01093	0.01578	0.01455	0.01534	0.01419	0.01173	0.01473	0.01147	0.01711	0.01563	0.02366	0.01483	0.03833	0.44780	0.00839	0.29510	0.00724	0.00362	0.00706
2	0.01842	0.01490	0.01687	0.01235	0.01864	0.01311	0.01000	0.19309	0.02016	0.02958	0.01413	0.01571	0.01119	0.00627	0.00589	0.00137	0.00608	0.00490	0.00510	0.58225
3	0.01550	0.01190	0.01508	0.01271	0.01523	0.05142	0.09383	0.08222	0.01668	0.02457	0.05664	0.02844	0.01979	0.12782	0.03882	0.03616	0.03948	0.00782	0.29855	0.00734
4	0.02383	0.01803	0.01996	0.06400	0.02290	0.02009	0.01334	0.49047	0.11574	0.03961	0.02067	0.08123	0.01654	0.00999	0.00746	0.00230	0.00750	0.00798	0.00697	0.01140
5	0.01263	0.00631	0.00947	0.00947	0.00947	0.00631	0.00631	0.00947	0.00947	0.01263	0.01263	0.02210	0.01263	0.02525	0.02841	0.78851	0.00631	0.00631	0.00316	0.00316
6	0.02477	0.02960	0.02019	0.01947	0.06995	0.53479	0.01391	0.06804	0.05917	0.02081	0.01702	0.01833	0.05625	0.00836	0.00683	0.00199	0.01142	0.00584	0.00436	0.00892
7	0.00991	0.00742	0.00920	0.00875	0.01063	0.00670	0.00656	0.01299	0.01969	0.02705	0.55837	0.05775	0.20689	0.01564	0.00858	0.00232	0.00348	0.01363	0.00773	0.00670
8	0.01220	0.00917	0.01255	0.01205	0.01364	0.01077	0.00945	0.04158	0.05106	0.01989	0.01974	0.02704	0.01764	0.04261	0.52770	0.00918	0.06404	0.00756	0.08499	0.00714
9	0.01687	0.02789	0.35105	0.03184	0.34465	0.05535	0.02402	0.02302	0.01620	0.02308	0.01324	0.01647	0.01030	0.00674	0.00702	0.00221	0.00988	0.00585	0.00335	0.01098
10	0.05367	0.50602	0.10727	0.01448	0.02080	0.06446	0.05819	0.02213	0.01525	0.01947	0.01157	0.01356	0.00989	0.00651	0.00530	0.00175	0.00836	0.00458	0.04746	0.00925
11	0.01816	0.01921	0.08103	0.05855	0.09389	0.01740	0.42019	0.05036	0.01730	0.06905	0.01521	0.01939	0.01143	0.00756	0.00948	0.03380	0.03630	0.00774	0.00408	0.00989
12	0.02345	0.05152	0.02106	0.05518	0.02231	0.12397	0.01360	0.38206	0.02638	0.03397	0.05596	0.02088	0.04433	0.00953	0.00886	0.00224	0.08147	0.00689	0.00595	0.01038
13	0.02312	0.01515	0.01835	0.01447	0.01946	0.01539	0.03942	0.26858	0.09034	0.18218	0.11249	0.05115	0.02321	0.00980	0.00742	0.00217	0.00656	0.00815	0.00730	0.08527

[dist]
# distance from previous block
# <min> <max>
6	12

[block]
# block no. 7 follows, 28 sequences, length 22
# corresponding to MSA columns:
# 254-275
name=unknown_H
#
# <colnr> <probs for GDERKNQSTAVLIFYWHMCP>
#	G	D	E	R	K	N	Q	S	T	A	V	L	I	F	Y	W	H	M	C	P
0	0.06206	0.02005	0.01965	0.01567	0.02077	0.09162	0.01271	0.49137	0.04779	0.03973	0.05973	0.02152	0.04574	0.00933	0.00721	0.00218	0.00789	0.00706	0.00680	0.01112
1	0.03497	0.04213	0.32215	0.02082	0.14027	0.01507	0.01845	0.02150	0.08193	0.02192	0.01696	0.02429	0.01488	0.17830	0.01387	0.00337	0.00881	0.00698	0.00395	0.00937
2	0.01319	0.01296	0.01133	0.01206	0.01333	0.17061	0.00845	0.01472	0.01587	0.01901	0.07247	0.53025	0.04032	0.01875	0.00860	0.00266	0.00623	0.01651	0.00613	0.00655
3	0.02367	0.01727	0.01859	0.01468	0.01915	0.01895	0.01163	0.52077	0.02870	0.03845	0.01872	0.02444	0.01563	0.17949	0.01417	0.00331	0.00778	0.00748	0.00661	0.01052
4	0.00958	0.00715	0.00893	0.00921	0.01073	0.00650	0.00675	0.01206	0.01769	0.02381	0.34894	0.24692	0.20078	0.01805	0.00884	0.00255	0.00385	0.04391	0.00732	0.00643
5	0.01523	0.01653	0.03490	0.02588	0.03162	0.01549	0.51822	0.02023	0.01640	0.02219	0.02059	0.18675	0.01963	0.00999	0.00874	0.00257	0.01039	0.01138	0.00439	0.00890
6	0.01057	0.00705	0.00793	0.00793	0.00793	0.00705	0.00440	0.01057	0.01057	0.01409	0.02290	0.04757	0.02643	0.74454	0.03700	0.00705	0.00705	0.01057	0.00440	0.00440
7	0.01738	0.57674	0.03109	0.01139	0.01617	0.02372	0.01057	0.01917	0.01380	0.01640	0.01308	0.01999	0.01330	0.17757	0.01217	0.00283	0.00761	0.00544	0.00341	0.00819
8	0.01733	0.57691	0.03196	0.01226	0.01734	0.02420	0.01166	0.01973	0.01405	0.01705	0.01228	0.01558	0.01138	0.01743	0.16969	0.00391	0.01049	0.00479	0.00329	0.00867
9	0.00886	0.00633	0.00843	0.01012	0.01054	0.00590	0.00675	0.01012	0.01392	0.01856	0.04006	0.73979	0.04808	0.02277	0.00928	0.00295	0.00422	0.02066	0.00675	0.00590
10	0.01046	0.00719	0.00882	0.00889	0.00920	0.00748	0.00558	0.01111	0.01096	0.01492	0.02278	0.07043	0.02536	0.55596	0.19343	0.00796	0.00982	0.01032	0.00438	0.00495
11	0.01608	0.01471	0.02416	0.06589	0.51043	0.01485	0.01806	0.01942	0.01508	0.02128	0.01578	0.02492	0.01490	0.17780	0.01412	0.00330	0.00831	0.00743	0.00377	0.00971
12	0.01572	0.01442	0.02314	0.05939	0.45348	0.01466	0.01764	0.02082	0.07655	0.02295	0.02121	0.18639	0.02090	0.01060	0.00770	0.00238	0.00739	0.00993	0.00466	0.01008
13	0.02700	0.01360	0.02226	0.01670	0.02237	0.01212	0.16400	0.03064	0.01994	0.48501	0.08586	0.02623	0.02096	0.00886	0.00772	0.00230	0.00734	0.00813	0.00767	0.01128
14	0.01228	0.00631	0.00938	0.00953	0.00957	0.00628	0.00635	0.00953	0.00987	0.01316	0.01511	0.08714	0.01584	0.02503	0.02668	0.71731	0.00612	0.00761	0.00348	0.00341
15	0.01359	0.04969	0.45776	0.01838	0.02672	0.01489	0.08676	0.02009	0.01580	0.02209	0.02719	0.02834	0.16884	0.00948	0.00740	0.00233	0.00917	0.00797	0.00399	0.00954
