[name]
unknown

[dist]
# distance from previous block
# <min> <max>
0	100

[block]
# block no. 0 follows, 30 sequences, length 20
# corresponding to MSA columns:
# 104-123
name=unknown_A
#
# <colnr> <probs for GDERKNQSTAVLIFYWHMCP>
#	G	D	E	R	K	N	Q	S	T	A	V	L	I	F	Y	W	H	M	C	P
0	0.02320	0.01901	0.21019	0.01481	0.02123	0.01289	0.01484	0.08352	0.04413	0.35469	0.02277	0.02526	0.01640	0.00890	0.00707	0.00223	0.00729	0.06445	0.00650	0.04064
1	0.02462	0.01605	0.01766	0.01413	0.01911	0.04287	0.01141	0.28981	0.14769	0.22513	0.02232	0.05213	0.01638	0.00899	0.00695	0.00212	0.00667	0.00717	0.00713	0.06167
2	0.02092	0.22573	0.02340	0.03455	0.05001	0.28501	0.01259	0.08321	0.09421	0.02103	0.01805	0.01892	0.06831	0.00803	0.00615	0.00188	0.00894	0.00578	0.00433	0.00893
3	0.01713	0.02160	0.10168	0.02818	0.06806	0.08013	0.53205	0.02277	0.01657	0.02189	0.01363	0.01781	0.01031	0.00608	0.00785	0.00228	0.01153	0.00752	0.00348	0.00946
4	0.06497	0.02307	0.02190	0.02199	0.14983	0.30173	0.07340	0.11335	0.07800	0.02410	0.01680	0.01841	0.04633	0.00774	0.00673	0.00203	0.00960	0.00615	0.00450	0.00937
5	0.01088	0.00940	0.01007	0.01063	0.01133	0.07087	0.00736	0.01199	0.01329	0.01698	0.03256	0.46499	0.07303	0.14680	0.01440	0.00342	0.06525	0.01540	0.00555	0.00580
6	0.05886	0.07501	0.02551	0.31282	0.27041	0.01675	0.07728	0.01962	0.01481	0.02061	0.01429	0.01870	0.03212	0.00685	0.00675	0.00216	0.00862	0.00632	0.00343	0.00907
7	0.01975	0.55114	0.09130	0.01383	0.01970	0.16750	0.01343	0.02240	0.01535	0.01704	0.01016	0.01178	0.00895	0.00627	0.00503	0.00162	0.00874	0.00401	0.00310	0.00890
8	0.00853	0.00620	0.00797	0.00937	0.00997	0.00573	0.00628	0.00976	0.01352	0.01778	0.04131	0.65521	0.11512	0.04551	0.00971	0.00291	0.00408	0.01898	0.00640	0.00564
9	0.01733	0.02211	0.16858	0.02524	0.03242	0.01808	0.43615	0.11382	0.01813	0.02504	0.01396	0.01759	0.01036	0.00665	0.00839	0.00232	0.04283	0.00728	0.00387	0.00985
10	0.01337	0.00720	0.00982	0.00942	0.01002	0.00737	0.00654	0.06495	0.01153	0.01599	0.01348	0.02129	0.01263	0.02147	0.02356	0.65924	0.00593	0.00612	0.07600	0.00407
11	0.10528	0.00936	0.01128	0.01005	0.01271	0.00899	0.00751	0.03723	0.01640	0.23167	0.16458	0.15294	0.03228	0.15358	0.01269	0.00315	0.00523	0.01051	0.00672	0.00783
12	0.00930	0.00707	0.01019	0.01060	0.01158	0.00684	0.04102	0.01097	0.01344	0.01811	0.07157	0.49313	0.06769	0.07947	0.11027	0.00421	0.00661	0.01620	0.00585	0.00589
13	0.01636	0.01854	0.05399	0.02662	0.03272	0.01799	0.53661	0.02304	0.07608	0.02235	0.01480	0.01897	0.01134	0.00691	0.00969	0.00243	0.09052	0.00790	0.00378	0.00939
14	0.02546	0.01230	0.04077	0.01218	0.01694	0.01057	0.01025	0.06830	0.03906	0.48577	0.17057	0.02908	0.02705	0.00976	0.00726	0.00217	0.00563	0.00812	0.00808	0.01067
15	0.00853	0.00687	0.00757	0.00806	0.00982	0.00598	0.00589	0.01019	0.01511	0.01855	0.05941	0.23579	0.48745	0.04075	0.00930	0.00265	0.00392	0.05192	0.00641	0.00582
16	0.08237	0.02118	0.13905	0.05880	0.33144	0.10340	0.04337	0.02361	0.04990	0.06106	0.01402	0.01670	0.01091	0.00674	0.00664	0.00211	0.00882	0.00583	0.00391	0.01013
17	0.02276	0.11992	0.02157	0.01468	0.02002	0.02044	0.01232	0.43482	0.11350	0.03576	0.01762	0.01913	0.01353	0.00830	0.00660	0.00200	0.00713	0.02867	0.00619	0.07505
18	0.10293	0.08339	0.29568	0.07986	0.02587	0.01617	0.05044	0.06479	0.02970	0.04192	0.01302	0.01517	0.00975	0.00654	0.00611	0.00196	0.00829	0.00514	0.00383	0.13942
19	0.12458	0.01963	0.02065	0.01645	0.02135	0.11885	0.07679	0.32454	0.08253	0.07139	0.01604	0.01679	0.01179	0.00800	0.00734	0.00215	0.03899	0.00607	0.00577	0.01030

[dist]
# distance from previous block
# <min> <max>
0	3

[block]
# block no. 1 follows, 30 sequences, length 45
# corresponding to MSA columns:
# 127-171
name=unknown_B
#
# <colnr> <probs for GDERKNQSTAVLIFYWHMCP>
#	G	D	E	R	K	N	Q	S	T	A	V	L	I	F	Y	W	H	M	C	P
0	0.01052	0.00803	0.01067	0.01079	0.01188	0.00804	0.03326	0.05647	0.01445	0.01922	0.03501	0.49682	0.08720	0.11725	0.01284	0.00326	0.03597	0.01622	0.00595	0.00614
1	0.07585	0.07134	0.02060	0.01682	0.02069	0.49231	0.06084	0.04005	0.01896	0.02016	0.08553	0.01719	0.01515	0.00776	0.00641	0.00189	0.01063	0.00558	0.00412	0.00813
2	0.00955	0.00715	0.00908	0.01008	0.01114	0.00676	0.00693	0.01223	0.06295	0.01897	0.03597	0.64809	0.04193	0.01984	0.00852	0.00268	0.00423	0.01791	0.00636	0.05963
3	0.01533	0.01604	0.02840	0.02310	0.05597	0.01858	0.27467	0.01864	0.01335	0.01929	0.01338	0.06984	0.01247	0.01019	0.01549	0.00272	0.37276	0.00793	0.00350	0.00833
4	0.02386	0.02166	0.01873	0.01561	0.02009	0.21520	0.01236	0.34454	0.14570	0.03270	0.01757	0.01787	0.01315	0.00822	0.00667	0.00203	0.00836	0.00609	0.05928	0.01031
5	0.00856	0.00677	0.00755	0.00797	0.00956	0.00594	0.00564	0.01014	0.01501	0.01876	0.09884	0.25866	0.42973	0.07191	0.01040	0.00280	0.00390	0.01571	0.00639	0.00575
6	0.02594	0.01925	0.02061	0.01594	0.02142	0.02137	0.01312	0.64623	0.07549	0.04303	0.01750	0.01735	0.01247	0.00845	0.00699	0.00211	0.00754	0.00639	0.00699	0.01181
7	0.01133	0.00769	0.00857	0.00822	0.00862	0.00784	0.00488	0.05913	0.01179	0.01573	0.02161	0.04358	0.02439	0.70082	0.03346	0.00643	0.00683	0.00987	0.00443	0.00478
8	0.01541	0.04334	0.01489	0.01228	0.01454	0.01368	0.00973	0.18166	0.01688	0.02388	0.01762	0.02497	0.01586	0.12358	0.26924	0.00600	0.09377	0.00712	0.08788	0.00767
9	0.01299	0.00943	0.01130	0.01130	0.01299	0.00965	0.00817	0.17866	0.01821	0.02433	0.03305	0.56751	0.03761	0.01850	0.00843	0.00265	0.00495	0.01646	0.00660	0.00721
10	0.02432	0.01770	0.01908	0.01491	0.01984	0.01954	0.01218	0.58974	0.02984	0.04046	0.01742	0.01892	0.01302	0.03917	0.03875	0.00264	0.00783	0.00650	0.05716	0.01099
11	0.17810	0.01727	0.03292	0.05558	0.03132	0.01734	0.48305	0.02149	0.01512	0.02371	0.01288	0.01709	0.00984	0.00638	0.00813	0.00235	0.04779	0.00712	0.00365	0.00887
12	0.01695	0.01582	0.01940	0.01833	0.13613	0.06985	0.04641	0.06550	0.04748	0.02376	0.01337	0.01573	0.01092	0.00625	0.00667	0.00156	0.03782	0.00513	0.00423	0.43869
13	0.01787	0.01375	0.01548	0.01439	0.04668	0.01512	0.01075	0.07121	0.45488	0.09225	0.10421	0.03001	0.06219	0.01016	0.00726	0.00230	0.00545	0.00853	0.00711	0.01040
14	0.02333	0.01796	0.01914	0.01541	0.02042	0.02015	0.01249	0.46100	0.26497	0.03882	0.02082	0.01999	0.01516	0.00876	0.00702	0.00219	0.00693	0.00684	0.00702	0.01158
15	0.40803	0.01433	0.01315	0.01170	0.01442	0.07299	0.00949	0.01945	0.01269	0.02563	0.01192	0.01495	0.00986	0.00825	0.00920	0.00226	0.18909	0.00489	0.14027	0.00744
16	0.01301	0.00650	0.00650	0.00650	0.00813	0.00650	0.00488	0.01626	0.01463	0.02602	0.02276	0.02602	0.01789	0.00813	0.00488	0.00163	0.00325	0.00650	0.79350	0.00650
17	0.01289	0.01206	0.02022	0.04825	0.02011	0.01409	0.14971	0.01570	0.01218	0.01747	0.01519	0.02354	0.01412	0.08965	0.29968	0.00643	0.21058	0.00743	0.00352	0.00716
18	0.01410	0.01490	0.03083	0.02307	0.02816	0.01395	0.47069	0.01873	0.01619	0.02204	0.09571	0.17340	0.02403	0.01011	0.00837	0.00243	0.00924	0.01111	0.00460	0.00833
19	0.01260	0.02874	0.54149	0.01703	0.02512	0.01361	0.02083	0.01905	0.01470	0.02116	0.02293	0.11428	0.09923	0.00991	0.00712	0.00231	0.00869	0.00819	0.00383	0.00918
20	0.01736	0.01499	0.01578	0.01420	0.01815	0.01736	0.01105	0.03708	0.69862	0.02919	0.02840	0.02604	0.02130	0.00947	0.00710	0.00237	0.00552	0.00789	0.00710	0.01105
21	0.01527	0.14226	0.56000	0.01907	0.02833	0.04550	0.05299	0.02216	0.01492	0.02107	0.01211	0.01431	0.00894	0.00652	0.00637	0.00209	0.01004	0.00506	0.00300	0.00999
22	0.02396	0.09872	0.02207	0.01818	0.06510	0.34593	0.01365	0.20952	0.07137	0.02568	0.01371	0.01495	0.01081	0.00764	0.00686	0.00194	0.03029	0.00531	0.00470	0.00961
23	0.02603	0.01930	0.02066	0.01596	0.02145	0.02141	0.01314	0.65257	0.06901	0.04318	0.01739	0.01726	0.01238	0.00844	0.00699	0.00211	0.00756	0.00637	0.00699	0.01182
24	0.00984	0.00748	0.00935	0.01034	0.01212	0.00699	0.00852	0.01231	0.01575	0.01981	0.05000	0.13821	0.29627	0.01891	0.00904	0.00285	0.00509	0.35453	0.00645	0.00615
25	0.02359	0.02769	0.01939	0.01858	0.06707	0.52005	0.01338	0.05550	0.05028	0.03618	0.01618	0.01759	0.05486	0.00821	0.00729	0.00196	0.04387	0.00563	0.00418	0.00852
26	0.00858	0.00708	0.00754	0.00742	0.00963	0.00603	0.00557	0.01067	0.01670	0.02074	0.20237	0.06405	0.57553	0.01697	0.00824	0.00232	0.00348	0.01429	0.00673	0.00603
27	0.02557	0.08236	0.02091	0.01757	0.02133	0.67944	0.01338	0.02739	0.01940	0.01703	0.01071	0.01249	0.00899	0.00711	0.00617	0.00178	0.01224	0.00444	0.00355	0.00815
28	0.00868	0.00697	0.00775	0.00781	0.00976	0.00604	0.00576	0.01076	0.01656	0.02100	0.22549	0.14465	0.46958	0.01732	0.00832	0.00237	0.00354	0.01481	0.00678	0.00604
29	0.05512	0.01823	0.01930	0.01534	0.02049	0.02039	0.01251	0.50742	0.18965	0.03998	0.01923	0.01874	0.01393	0.00856	0.00690	0.00216	0.00708	0.00656	0.00690	0.01150
30	0.01669	0.01689	0.06942	0.21083	0.41019	0.01669	0.01996	0.06769	0.06032	0.02339	0.01414	0.01797	0.01119	0.00679	0.00692	0.00216	0.00845	0.00626	0.00381	0.01024
31	0.09885	0.47749	0.19732	0.01429	0.02118	0.02322	0.04316	0.02121	0.01417	0.01957	0.01056	0.01238	0.00885	0.00618	0.00513	0.00177	0.00811	0.00427	0.00314	0.00915
32	0.02461	0.10127	0.03620	0.01527	0.01989	0.29124	0.01246	0.19198	0.04886	0.11700	0.01589	0.01641	0.01186	0.00769	0.00631	0.00191	0.00900	0.00547	0.05699	0.00969
33	0.01015	0.00832	0.00940	0.01021	0.01107	0.04377	0.00709	0.02484	0.01406	0.01811	0.03804	0.53831	0.11896	0.06689	0.01099	0.00297	0.03791	0.01693	0.00604	0.00594
34	0.01981	0.01686	0.05055	0.01502	0.01949	0.04390	0.04076	0.24914	0.14170	0.06512	0.01987	0.08078	0.01662	0.04304	0.00942	0.00238	0.06015	0.00764	0.00588	0.09186
35	0.01678	0.02946	0.01767	0.01453	0.01711	0.03553	0.04154	0.19942	0.01815	0.02535	0.05118	0.02268	0.01624	0.05342	0.19443	0.00479	0.17109	0.00704	0.05530	0.00828
36	0.00970	0.00658	0.00774	0.00818	0.00829	0.00647	0.00484	0.01003	0.01101	0.01469	0.02643	0.23577	0.03098	0.55700	0.02834	0.00570	0.00603	0.01276	0.00484	0.00462
37	0.02536	0.01859	0.01995	0.01534	0.02075	0.02038	0.01264	0.62700	0.03115	0.04222	0.01689	0.01714	0.01212	0.00824	0.00680	0.00203	0.00735	0.00621	0.04720	0.04267
38	0.01712	0.10651	0.03163	0.02269	0.05796	0.03069	0.33996	0.09131	0.01699	0.02290	0.01464	0.05128	0.01239	0.00981	0.04552	0.00268	0.07054	0.00747	0.00396	0.04398
39	0.00863	0.00658	0.00760	0.00832	0.00948	0.00592	0.00567	0.00990	0.01396	0.01764	0.04947	0.36810	0.31727	0.12357	0.01239	0.00319	0.00422	0.01636	0.00616	0.00556
40	0.00891	0.00625	0.00798	0.00919	0.00950	0.00594	0.00592	0.00982	0.01256	0.01675	0.03436	0.57471	0.04098	0.20442	0.01554	0.00381	0.00473	0.01742	0.00592	0.00531
41	0.01409	0.01334	0.05838	0.01322	0.04481	0.01281	0.01038	0.05877	0.30782	0.02633	0.14122	0.05340	0.19252	0.01207	0.00754	0.00231	0.00521	0.01018	0.00660	0.00900
42	0.01642	0.09501	0.15400	0.01474	0.04516	0.01266	0.04708	0.02075	0.04617	0.15477	0.10843	0.17373	0.02667	0.04258	0.00847	0.00245	0.00664	0.00984	0.00565	0.00881
43	0.00849	0.00612	0.00805	0.00960	0.01009	0.00568	0.00643	0.00973	0.01347	0.01786	0.03984	0.72095	0.07451	0.02168	0.00888	0.00281	0.00403	0.01962	0.00648	0.00568
44	0.19289	0.01445	0.01669	0.06084	0.06102	0.02847	0.01149	0.16108	0.04809	0.27726	0.04630	0.01995	0.01513	0.00810	0.00646	0.00215	0.00654	0.00628	0.00651	0.01032

[dist]
# distance from previous block
# <min> <max>
0	6

[block]
# block no. 2 follows, 30 sequences, length 153
# corresponding to MSA columns:
# 178-330
name=unknown_C
#
# <colnr> <probs for GDERKNQSTAVLIFYWHMCP>
#	G	D	E	R	K	N	Q	S	T	A	V	L	I	F	Y	W	H	M	C	P
0	0.01826	0.01512	0.01585	0.01483	0.04938	0.06704	0.01106	0.06558	0.38182	0.07954	0.02863	0.02757	0.08841	0.00994	0.00789	0.00228	0.04712	0.00793	0.05179	0.00996
1	0.01711	0.05271	0.03192	0.02590	0.11158	0.05781	0.34737	0.05670	0.01619	0.02180	0.01419	0.05635	0.01220	0.00808	0.01029	0.00238	0.13680	0.00772	0.00376	0.00914
2	0.02182	0.01724	0.03591	0.01474	0.01929	0.05051	0.01199	0.32310	0.22998	0.08332	0.02299	0.09849	0.01857	0.01007	0.00718	0.00225	0.00681	0.00816	0.00682	0.01074
3	0.02305	0.01704	0.01842	0.01479	0.01946	0.01877	0.01195	0.52643	0.08500	0.03886	0.02066	0.11056	0.01718	0.01016	0.00717	0.00220	0.00690	0.00814	0.03242	0.01084
4	0.00850	0.00607	0.00810	0.00972	0.01012	0.00567	0.00648	0.00972	0.01336	0.01781	0.03846	0.75020	0.04615	0.02186	0.00891	0.00283	0.00405	0.01984	0.00648	0.00567
5	0.01506	0.01375	0.02152	0.49117	0.08052	0.01629	0.04875	0.08322	0.06285	0.02161	0.01587	0.02036	0.03401	0.00775	0.00772	0.00232	0.03804	0.00670	0.00390	0.00858
6	0.02432	0.09882	0.02103	0.01678	0.02063	0.53323	0.01305	0.09498	0.02013	0.01988	0.01364	0.01516	0.03725	0.00780	0.00686	0.00187	0.03704	0.00507	0.00399	0.00846
7	0.00881	0.00634	0.00842	0.00988	0.01052	0.00594	0.00689	0.01033	0.01400	0.01861	0.07056	0.63173	0.06875	0.02113	0.00892	0.00282	0.00422	0.07981	0.00653	0.00579
8	0.03982	0.06916	0.66375	0.01917	0.02909	0.01672	0.02454	0.02199	0.01461	0.02213	0.01230	0.01446	0.00880	0.00659	0.00645	0.00217	0.01002	0.00505	0.00299	0.01016
9	0.01015	0.00677	0.00761	0.00761	0.00761	0.00677	0.00423	0.01015	0.01015	0.01353	0.02199	0.04567	0.02537	0.75476	0.03552	0.00677	0.00677	0.01015	0.00423	0.00423
10	0.01460	0.01798	0.13398	0.04778	0.02106	0.01939	0.01668	0.01739	0.01152	0.01766	0.01052	0.01619	0.00971	0.01396	0.07001	0.00347	0.54100	0.00605	0.00309	0.00797
11	0.17587	0.01449	0.02174	0.20910	0.04818	0.04338	0.17632	0.04274	0.01499	0.02312	0.01557	0.09349	0.01369	0.00840	0.00722	0.00230	0.02750	0.00757	0.04627	0.00808
12	0.01083	0.00771	0.00948	0.00879	0.01085	0.00708	0.00666	0.03677	0.01938	0.04968	0.52279	0.05319	0.20133	0.01461	0.00815	0.00223	0.00359	0.01267	0.00743	0.00680
13	0.01617	0.07761	0.42226	0.01709	0.02449	0.01655	0.01948	0.11084	0.01710	0.05068	0.04275	0.05720	0.01439	0.03102	0.00854	0.00236	0.05101	0.00658	0.00414	0.00975
14	0.01212	0.00606	0.00909	0.00909	0.00909	0.00606	0.00606	0.00909	0.00909	0.01212	0.01212	0.02121	0.01212	0.02424	0.02727	0.79697	0.00606	0.00606	0.00303	0.00303
15	0.06923	0.09463	0.51764	0.04753	0.02858	0.05226	0.05323	0.02201	0.01479	0.02184	0.01207	0.01444	0.00887	0.00657	0.00636	0.00214	0.00987	0.00509	0.00311	0.00975
16	0.01290	0.00880	0.01063	0.01049	0.01258	0.00847	0.00777	0.08474	0.04319	0.07777	0.06249	0.39764	0.14400	0.01729	0.00826	0.00254	0.00468	0.04534	0.00669	0.03372
17	0.01516	0.02671	0.36727	0.02390	0.05096	0.01676	0.28850	0.02175	0.01526	0.02200	0.01302	0.01646	0.00968	0.00652	0.00798	0.00226	0.04484	0.00642	0.00325	0.04131
18	0.01401	0.01582	0.06282	0.02305	0.02828	0.01410	0.44839	0.01864	0.01533	0.02087	0.02039	0.20239	0.01979	0.01242	0.04706	0.00294	0.01014	0.01096	0.00425	0.00834
19	0.00989	0.00710	0.00951	0.01006	0.01139	0.00673	0.00776	0.01264	0.01721	0.02362	0.36788	0.23330	0.05432	0.01745	0.00876	0.00262	0.00429	0.18212	0.00706	0.00631
20	0.01462	0.01476	0.02502	0.32481	0.09109	0.04822	0.19709	0.01974	0.04709	0.02030	0.04048	0.09266	0.01598	0.00848	0.00752	0.00234	0.00913	0.00833	0.00395	0.00839
21	0.05211	0.07919	0.08801	0.01589	0.02046	0.27593	0.01364	0.17279	0.02027	0.05295	0.01544	0.01714	0.03525	0.01109	0.05670	0.00265	0.05117	0.00564	0.00456	0.00913
22	0.00855	0.00611	0.00814	0.00969	0.01013	0.00570	0.00648	0.00983	0.01358	0.01816	0.06094	0.72675	0.04682	0.02161	0.00888	0.00281	0.00402	0.01960	0.00652	0.00570
23	0.50550	0.01573	0.08057	0.04661	0.05482	0.01537	0.01101	0.06939	0.01457	0.06675	0.01251	0.01423	0.00938	0.00685	0.00517	0.00213	0.00628	0.00467	0.04996	0.00850
24	0.04646	0.01272	0.04994	0.01182	0.01480	0.03987	0.00956	0.08788	0.16115	0.02644	0.20681	0.17769	0.08271	0.01351	0.00771	0.00237	0.00529	0.02856	0.00658	0.00813
25	0.00860	0.00613	0.00811	0.00961	0.01003	0.00573	0.00639	0.00982	0.01341	0.01792	0.05538	0.70491	0.04587	0.04973	0.00991	0.00297	0.00413	0.01928	0.00642	0.00564
26	0.00849	0.00611	0.00805	0.00961	0.01009	0.00568	0.00643	0.00973	0.01347	0.01786	0.03979	0.72200	0.07349	0.02169	0.00888	0.00281	0.00403	0.01963	0.00648	0.00568
27	0.09645	0.30996	0.30368	0.01621	0.02379	0.02091	0.06324	0.05437	0.01524	0.02194	0.01147	0.01341	0.00902	0.00640	0.00570	0.00193	0.00869	0.00474	0.00334	0.00953
28	0.06122	0.02419	0.01905	0.01606	0.02024	0.32499	0.01265	0.30160	0.02414	0.02951	0.01391	0.01522	0.01069	0.00792	0.00708	0.00198	0.03973	0.00540	0.05490	0.00952
29	0.02395	0.02138	0.01894	0.01575	0.02006	0.20857	0.01253	0.33126	0.11509	0.05245	0.01702	0.01757	0.01274	0.00839	0.00747	0.00207	0.04464	0.00604	0.05388	0.01021
30	0.02062	0.01721	0.05293	0.04988	0.02235	0.01737	0.08333	0.40711	0.02492	0.03360	0.01884	0.10529	0.01638	0.06011	0.00920	0.00251	0.00773	0.00822	0.00591	0.03648
31	0.11081	0.02344	0.01987	0.01859	0.08561	0.31015	0.03876	0.20041	0.04187	0.02732	0.01371	0.01529	0.01065	0.00740	0.00634	0.00197	0.00938	0.00539	0.04366	0.00937
32	0.00867	0.00706	0.00767	0.00756	0.00970	0.00606	0.00565	0.01081	0.01682	0.02114	0.23116	0.07943	0.53014	0.01691	0.00826	0.00233	0.00349	0.01431	0.00678	0.00606
33	0.01723	0.01708	0.02785	0.11342	0.57076	0.05109	0.05793	0.02141	0.01591	0.02198	0.01299	0.01727	0.01074	0.00633	0.00696	0.00210	0.00880	0.00624	0.00343	0.01047
34	0.01608	0.01898	0.06712	0.02785	0.03447	0.01746	0.60231	0.02168	0.01599	0.02191	0.01445	0.03876	0.01142	0.00671	0.00901	0.00240	0.05228	0.00831	0.00356	0.00925
35	0.00894	0.00648	0.00845	0.00926	0.01018	0.00598	0.00645	0.01087	0.01561	0.02123	0.26143	0.48259	0.08834	0.01912	0.00865	0.00260	0.00377	0.01718	0.00688	0.00598
36	0.01571	0.02930	0.01212	0.01024	0.01300	0.00861	0.00808	0.01955	0.05105	0.19412	0.43962	0.06076	0.04856	0.01290	0.00787	0.00224	0.00434	0.04615	0.00766	0.00811
37	0.01015	0.00677	0.00761	0.00761	0.00761	0.00677	0.00423	0.01015	0.01015	0.01353	0.02199	0.04567	0.02537	0.75476	0.03552	0.00677	0.00677	0.01015	0.00423	0.00423
38	0.01433	0.01363	0.02341	0.50729	0.22042	0.01566	0.04633	0.01886	0.01462	0.01940	0.01335	0.01994	0.01067	0.00708	0.00708	0.00229	0.00906	0.02465	0.00330	0.00865
39	0.01477	0.01400	0.02399	0.52642	0.15358	0.01616	0.08050	0.05004	0.01538	0.02027	0.01288	0.01832	0.00982	0.00682	0.00708	0.00228	0.00929	0.00639	0.00338	0.00863
40	0.02607	0.03326	0.01978	0.01798	0.02157	0.72674	0.01348	0.02787	0.01978	0.01708	0.01079	0.01258	0.00899	0.00719	0.00629	0.00180	0.01258	0.00449	0.00360	0.00809
41	0.01491	0.05407	0.02204	0.53693	0.11288	0.04468	0.01819	0.05113	0.01539	0.01956	0.01444	0.01936	0.03306	0.00728	0.00685	0.00222	0.00895	0.00629	0.00345	0.00832
42	0.00993	0.00670	0.00780	0.00810	0.00821	0.00664	0.00480	0.01022	0.01083	0.01442	0.02497	0.15337	0.02899	0.62000	0.03065	0.00606	0.00634	0.03282	0.00464	0.00452
43	0.04591	0.06921	0.02054	0.04037	0.02163	0.28994	0.01305	0.27677	0.10482	0.02904	0.01509	0.01584	0.01151	0.00781	0.00650	0.00199	0.00927	0.00556	0.00525	0.00989
44	0.06231	0.05462	0.15034	0.03541	0.06003	0.05482	0.01363	0.05954	0.08777	0.14610	0.17672	0.02595	0.02496	0.00910	0.00690	0.00214	0.00687	0.00745	0.00582	0.00951
45	0.01583	0.18894	0.36900	0.02236	0.10036	0.01901	0.14677	0.02181	0.01506	0.02098	0.01227	0.01500	0.00943	0.00630	0.00649	0.00207	0.00975	0.00554	0.00312	0.00992
46	0.01521	0.00878	0.00923	0.02707	0.01137	0.00920	0.00662	0.12567	0.01758	0.02873	0.02152	0.02432	0.01668	0.00814	0.00527	0.00172	0.00413	0.00646	0.64489	0.00741
47	0.00875	0.00632	0.00834	0.00985	0.01049	0.00591	0.00686	0.01019	0.01378	0.01817	0.04029	0.64387	0.08621	0.02136	0.00894	0.00284	0.00425	0.08135	0.00647	0.00575
48	0.05900	0.01750	0.01777	0.01576	0.05572	0.10461	0.01183	0.34873	0.02455	0.08546	0.05865	0.10887	0.01901	0.01046	0.00761	0.02301	0.00734	0.00802	0.00625	0.00986
49	0.01491	0.10947	0.54660	0.02141	0.07822	0.01754	0.07344	0.02194	0.01489	0.02157	0.01239	0.01485	0.00914	0.00647	0.00654	0.00214	0.00998	0.00531	0.00303	0.01016
50	0.00871	0.00624	0.00795	0.00923	0.00973	0.00583	0.00608	0.00980	0.01311	0.01731	0.03864	0.60257	0.09323	0.12157	0.01249	0.00333	0.00438	0.01813	0.00617	0.00549
51	0.02438	0.01748	0.01865	0.01454	0.01950	0.01924	0.01193	0.58146	0.02993	0.04113	0.01771	0.01822	0.01282	0.00834	0.00665	0.00202	0.00698	0.00632	0.13168	0.01102
52	0.01535	0.25648	0.43537	0.01801	0.05711	0.01931	0.02033	0.02114	0.01441	0.02004	0.01204	0.01449	0.00947	0.00904	0.04747	0.00250	0.00982	0.00490	0.00303	0.00969
53	0.01001	0.00772	0.00875	0.00851	0.01051	0.00709	0.00642	0.04297	0.01715	0.02213	0.23355	0.05945	0.37117	0.09399	0.01117	0.00284	0.00425	0.06949	0.00659	0.00623
54	0.00876	0.00623	0.00824	0.00969	0.01016	0.00586	0.00654	0.01005	0.01351	0.01805	0.06111	0.65736	0.04539	0.06445	0.01047	0.00306	0.00428	0.04478	0.00639	0.00565
55	0.01620	0.01559	0.02687	0.21928	0.51980	0.01634	0.04322	0.02053	0.01542	0.02152	0.01298	0.01766	0.01059	0.00640	0.00697	0.00215	0.00866	0.00628	0.00337	0.01016
56	0.05820	0.04436	0.02213	0.42717	0.19357	0.01607	0.01791	0.02094	0.05406	0.05929	0.01408	0.01832	0.01073	0.00697	0.00672	0.00222	0.00838	0.00612	0.00378	0.00897
57	0.02607	0.03326	0.01978	0.01798	0.02157	0.72674	0.01348	0.02787	0.01978	0.01708	0.01079	0.01258	0.00899	0.00719	0.00629	0.00180	0.01258	0.00449	0.00360	0.00809
58	0.20503	0.01735	0.08927	0.08466	0.18599	0.01660	0.01512	0.15892	0.05039	0.05344	0.04796	0.01795	0.01338	0.00746	0.00636	0.00216	0.00732	0.00596	0.00486	0.00984
59	0.12105	0.01100	0.01138	0.01010	0.01277	0.04853	0.00777	0.09358	0.01923	0.06553	0.36365	0.03634	0.03979	0.05265	0.00863	0.00236	0.00491	0.00930	0.07388	0.00755
60	0.00852	0.00699	0.00754	0.00776	0.00979	0.00600	0.00578	0.01040	0.01590	0.01952	0.11572	0.15109	0.54972	0.01799	0.00838	0.00244	0.00369	0.04028	0.00657	0.00594
61	0.01698	0.01628	0.02780	0.09229	0.66404	0.01650	0.02127	0.02116	0.01575	0.02244	0.01307	0.01737	0.01093	0.00627	0.00691	0.00209	0.00836	0.00622	0.00343	0.01082
62	0.01421	0.06990	0.68671	0.01952	0.02963	0.01674	0.02514	0.02204	0.01471	0.02183	0.01239	0.01457	0.00885	0.00660	0.00653	0.00218	0.01018	0.00509	0.00295	0.01025
63	0.00875	0.00685	0.00792	0.00816	0.00986	0.00603	0.00593	0.01080	0.01635	0.02108	0.23557	0.22484	0.37751	0.01774	0.00840	0.00243	0.00359	0.01537	0.00681	0.00603
64	0.01170	0.00929	0.01153	0.04002	0.01536	0.03796	0.01071	0.01527	0.03915	0.02094	0.06943	0.08671	0.10553	0.01765	0.00909	0.00295	0.00626	0.47755	0.00627	0.00663
65	0.00960	0.00659	0.00772	0.00817	0.00840	0.00642	0.00491	0.01002	0.01133	0.01499	0.02898	0.24310	0.06488	0.51409	0.02675	0.00545	0.00585	0.01307	0.00497	0.00471
66	0.02214	0.01585	0.01699	0.01368	0.01806	0.01739	0.01106	0.47242	0.07006	0.03783	0.02012	0.06942	0.01596	0.00932	0.00672	0.00207	0.00645	0.00736	0.15672	0.01037
67	0.01400	0.03610	0.71860	0.01989	0.03020	0.01621	0.02578	0.02210	0.01473	0.02210	0.01252	0.01473	0.00884	0.00663	0.00663	0.00221	0.01031	0.00516	0.00295	0.01031
68	0.02653	0.01955	0.02094	0.01606	0.02164	0.02164	0.01326	0.68796	0.03281	0.04398	0.01675	0.01675	0.01187	0.00838	0.00698	0.00209	0.00768	0.00628	0.00698	0.01187
69	0.27499	0.01716	0.01667	0.16241	0.05567	0.13705	0.01256	0.10452	0.01696	0.06240	0.01304	0.01547	0.00992	0.00728	0.00634	0.00212	0.02831	0.00519	0.04339	0.00856
70	0.00843	0.00700	0.00737	0.00744	0.00958	0.00594	0.00552	0.01031	0.01610	0.01969	0.13198	0.11599	0.59535	0.01764	0.00829	0.00238	0.00355	0.01489	0.00660	0.00594
71	0.74356	0.01356	0.01134	0.04046	0.03961	0.01568	0.00854	0.02043	0.01210	0.03045	0.00995	0.01185	0.00775	0.00649	0.00452	0.00216	0.00566	0.00397	0.00424	0.00769
72	0.02201	0.01566	0.01723	0.01397	0.01842	0.04121	0.01124	0.33230	0.09665	0.11844	0.01935	0.02114	0.01476	0.04389	0.12347	0.00369	0.00896	0.00668	0.00626	0.06466
73	0.01380	0.01103	0.04593	0.16770	0.02055	0.03271	0.01072	0.01723	0.01756	0.10721	0.34123	0.03920	0.08816	0.04615	0.00895	0.00243	0.00572	0.00998	0.00620	0.00754
74	0.80405	0.01350	0.01026	0.00918	0.01350	0.01565	0.00756	0.02051	0.01188	0.03131	0.00972	0.01134	0.00756	0.00648	0.00432	0.00216	0.00540	0.00378	0.00432	0.00756
75	0.03007	0.01160	0.01580	0.01221	0.01739	0.01004	0.01004	0.03281	0.01996	0.67643	0.06670	0.02539	0.02007	0.00896	0.00709	0.00216	0.00579	0.00734	0.00858	0.01157
76	0.40077	0.01430	0.01345	0.01152	0.01591	0.01607	0.00932	0.12717	0.17709	0.08330	0.01854	0.01847	0.03198	0.00798	0.00570	0.00219	0.00571	0.00574	0.02551	0.00928
77	0.00893	0.00640	0.00810	0.00929	0.00986	0.00602	0.00625	0.01009	0.01316	0.01731	0.03824	0.52564	0.10001	0.15257	0.01366	0.00352	0.00463	0.05477	0.00607	0.00547
78	0.00841	0.00644	0.00772	0.00874	0.00986	0.00575	0.00604	0.00983	0.01430	0.01820	0.05036	0.49799	0.29069	0.02032	0.00866	0.00266	0.00386	0.01795	0.00648	0.00575
79	0.13305	0.01227	0.01538	0.01209	0.01726	0.01138	0.00994	0.03239	0.05798	0.58563	0.02522	0.02224	0.01622	0.00840	0.00666	0.00217	0.00584	0.00664	0.00798	0.01125
80	0.02559	0.05823	0.02086	0.01529	0.02064	0.02044	0.01267	0.57548	0.03002	0.08734	0.01813	0.05123	0.01368	0.00890	0.00694	0.00210	0.00738	0.00683	0.00686	0.01142
81	0.07460	0.01287	0.01629	0.01268	0.01795	0.01204	0.01043	0.09626	0.05730	0.57501	0.02552	0.02249	0.01641	0.00853	0.00686	0.00216	0.00605	0.00681	0.00815	0.01158
82	0.00850	0.00607	0.00810	0.00972	0.01012	0.00567	0.00648	0.00972	0.01336	0.01781	0.03846	0.75020	0.04615	0.02186	0.00891	0.00283	0.00405	0.01984	0.00648	0.00567
83	0.01628	0.01664	0.05448	0.09025	0.49791	0.01596	0.10323	0.02075	0.01579	0.02220	0.01500	0.02219	0.01301	0.00725	0.00728	0.00222	0.00873	0.05697	0.00365	0.01022
84	0.01105	0.04391	0.03014	0.01061	0.01294	0.00895	0.03494	0.01530	0.05750	0.02586	0.50433	0.08707	0.05311	0.01523	0.03771	0.00262	0.00490	0.02987	0.00688	0.00709
85	0.02607	0.03326	0.01978	0.01798	0.02157	0.72674	0.01348	0.02787	0.01978	0.01708	0.01079	0.01258	0.00899	0.00719	0.00629	0.00180	0.01258	0.00449	0.00360	0.00809
86	0.07277	0.32037	0.13817	0.07877	0.02284	0.13339	0.01486	0.05256	0.01581	0.02018	0.02833	0.01413	0.01045	0.00702	0.00644	0.00190	0.04492	0.00476	0.00348	0.00884
87	0.05042	0.01778	0.01884	0.01488	0.01992	0.01976	0.01216	0.52851	0.12136	0.04025	0.01854	0.01850	0.01344	0.00844	0.00676	0.00210	0.00699	0.00643	0.06369	0.01122
88	0.00850	0.00607	0.00810	0.00972	0.01012	0.00567	0.00648	0.00972	0.01336	0.01781	0.03846	0.75020	0.04615	0.02186	0.00891	0.00283	0.00405	0.01984	0.00648	0.00567
89	0.01400	0.03610	0.71860	0.01989	0.03020	0.01621	0.02578	0.02210	0.01473	0.02210	0.01252	0.01473	0.00884	0.00663	0.00663	0.00221	0.01031	0.00516	0.00295	0.01031
90	0.04720	0.03502	0.65534	0.01935	0.02909	0.05077	0.02443	0.02231	0.01486	0.02224	0.01232	0.01449	0.00879	0.00665	0.00652	0.00219	0.01022	0.00507	0.00303	0.01009
91	0.00860	0.00611	0.00807	0.00960	0.00998	0.00573	0.00635	0.00974	0.01318	0.01757	0.03751	0.70962	0.04496	0.06407	0.01044	0.00306	0.00421	0.01928	0.00635	0.00559
92	0.01647	0.01882	0.04118	0.02941	0.03647	0.01765	0.68588	0.02235	0.01647	0.02235	0.01412	0.01882	0.01059	0.00588	0.00824	0.00235	0.01176	0.00824	0.00353	0.00941
93	0.00825	0.00707	0.00707	0.00707	0.00943	0.00589	0.00530	0.01001	0.01591	0.01885	0.07069	0.06716	0.70839	0.01767	0.00825	0.00236	0.00353	0.01473	0.00648	0.00589
94	0.01212	0.00606	0.00909	0.00909	0.00909	0.00606	0.00606	0.00909	0.00909	0.01212	0.01212	0.02121	0.01212	0.02424	0.02727	0.79697	0.00606	0.00606	0.00303	0.00303
95	0.01418	0.06401	0.69226	0.01958	0.02973	0.01665	0.02525	0.02205	0.01471	0.02188	0.01241	0.01460	0.00884	0.00660	0.00655	0.00218	0.01020	0.00510	0.00295	0.01026
96	0.01866	0.75896	0.03657	0.01194	0.01791	0.02761	0.01194	0.02090	0.01418	0.01642	0.00970	0.01119	0.00896	0.00597	0.00448	0.00149	0.00746	0.00373	0.00299	0.00896
97	0.02653	0.01955	0.02094	0.01606	0.02164	0.02164	0.01326	0.68796	0.03281	0.04398	0.01675	0.01675	0.01187	0.00838	0.00698	0.00209	0.00768	0.00628	0.00698	0.01187
98	0.00833	0.00707	0.00718	0.00715	0.00947	0.00593	0.00537	0.01017	0.01610	0.01930	0.10213	0.06642	0.67667	0.01750	0.00825	0.00235	0.00352	0.01462	0.00654	0.00593
99	0.75413	0.01361	0.01093	0.03726	0.01502	0.01580	0.00815	0.03726	0.01248	0.03111	0.01000	0.01175	0.00773	0.00654	0.00449	0.00216	0.00561	0.00393	0.00434	0.00767
100	0.02556	0.01882	0.02025	0.01571	0.02102	0.02078	0.01290	0.65142	0.03176	0.04257	0.01792	0.05627	0.01371	0.00910	0.00708	0.00213	0.00748	0.00701	0.00695	0.01153
101	0.01671	0.01631	0.02637	0.19440	0.53908	0.04377	0.02066	0.02088	0.01561	0.02149	0.01288	0.01738	0.01059	0.00642	0.00690	0.00212	0.00868	0.00615	0.00338	0.01021
102	0.80405	0.01350	0.01026	0.00918	0.01350	0.01565	0.00756	0.02051	0.01188	0.03131	0.00972	0.01134	0.00756	0.00648	0.00432	0.00216	0.00540	0.00378	0.00432	0.00756
103	0.03015	0.01165	0.01591	0.01244	0.01762	0.01013	0.01031	0.03288	0.01975	0.67602	0.02807	0.02692	0.01859	0.00925	0.00717	0.00222	0.00597	0.04487	0.00851	0.01156
104	0.01400	0.03610	0.71860	0.01989	0.03020	0.01621	0.02578	0.02210	0.01473	0.02210	0.01252	0.01473	0.00884	0.00663	0.00663	0.00221	0.01031	0.00516	0.00295	0.01031
105	0.01400	0.03610	0.71860	0.01989	0.03020	0.01621	0.02578	0.02210	0.01473	0.02210	0.01252	0.01473	0.00884	0.00663	0.00663	0.00221	0.01031	0.00516	0.00295	0.01031
106	0.00848	0.00616	0.00801	0.00949	0.01006	0.00569	0.00638	0.00974	0.01357	0.01790	0.04118	0.69261	0.10199	0.02151	0.00885	0.00279	0.00401	0.01941	0.00648	0.00569
107	0.02653	0.01955	0.02094	0.01606	0.02164	0.02164	0.01326	0.68796	0.03281	0.04398	0.01675	0.01675	0.01187	0.00838	0.00698	0.00209	0.00768	0.00628	0.00698	0.01187
108	0.01674	0.01684	0.05169	0.11300	0.61972	0.01646	0.02136	0.02107	0.01565	0.02227	0.01303	0.01732	0.01080	0.00631	0.00691	0.00210	0.00846	0.00618	0.00340	0.01069
109	0.01124	0.00803	0.01124	0.01285	0.01446	0.00803	0.01124	0.01446	0.01606	0.02088	0.03695	0.07871	0.04016	0.01928	0.00964	0.00321	0.00643	0.66426	0.00643	0.00643
110	0.00834	0.00707	0.00720	0.00717	0.00948	0.00593	0.00538	0.01020	0.01613	0.01938	0.10737	0.06629	0.67139	0.01748	0.00825	0.00235	0.00352	0.01461	0.00655	0.00593
111	0.01400	0.03610	0.71860	0.01989	0.03020	0.01621	0.02578	0.02210	0.01473	0.02210	0.01252	0.01473	0.00884	0.00663	0.00663	0.00221	0.01031	0.00516	0.00295	0.01031
112	0.01648	0.01124	0.05337	0.01235	0.04119	0.00969	0.00980	0.02183	0.09749	0.19351	0.37813	0.03959	0.04282	0.01176	0.00771	0.00223	0.00488	0.02980	0.00737	0.00876
113	0.02607	0.03326	0.01978	0.01798	0.02157	0.72674	0.01348	0.02787	0.01978	0.01708	0.01079	0.01258	0.00899	0.00719	0.00629	0.00180	0.01258	0.00449	0.00360	0.00809
114	0.02526	0.01813	0.01970	0.01530	0.02072	0.01973	0.01255	0.53497	0.10519	0.08993	0.01862	0.01818	0.01323	0.00836	0.00691	0.00208	0.00719	0.00641	0.00697	0.05056
115	0.01944	0.01651	0.01685	0.01472	0.01887	0.05281	0.01166	0.17630	0.48446	0.03135	0.02547	0.02618	0.01966	0.00964	0.00717	0.00233	0.00639	0.04250	0.00687	0.01083
116	0.00850	0.00607	0.00810	0.00972	0.01012	0.00567	0.00648	0.00972	0.01336	0.01781	0.03846	0.75020	0.04615	0.02186	0.00891	0.00283	0.00405	0.01984	0.00648	0.00567
117	0.01717	0.01647	0.02814	0.06039	0.69448	0.01655	0.02136	0.02133	0.01584	0.02267	0.01311	0.01730	0.01101	0.00624	0.00691	0.00208	0.00832	0.00622	0.00345	0.01097
118	0.00914	0.00655	0.00855	0.00994	0.01053	0.00623	0.00672	0.03372	0.01405	0.01874	0.03769	0.72425	0.04494	0.02139	0.00884	0.00281	0.00418	0.01936	0.00650	0.00589
119	0.00885	0.00626	0.00821	0.00962	0.01004	0.00593	0.00645	0.01003	0.01311	0.01745	0.03633	0.62646	0.04325	0.11281	0.01225	0.00334	0.00451	0.05335	0.00620	0.00553
120	0.01938	0.01599	0.01692	0.01461	0.01892	0.01830	0.01153	0.18038	0.55203	0.03245	0.02584	0.02399	0.01922	0.00923	0.00707	0.00231	0.00600	0.00754	0.00707	0.01123
121	0.00840	0.00708	0.00728	0.00723	0.00952	0.00596	0.00542	0.01031	0.01627	0.01971	0.13046	0.06575	0.64809	0.01735	0.00825	0.00234	0.00351	0.01453	0.00659	0.00596
122	0.01015	0.00677	0.00761	0.00761	0.00761	0.00677	0.00423	0.01015	0.01015	0.01353	0.02199	0.04567	0.02537	0.75476	0.03552	0.00677	0.00677	0.01015	0.00423	0.00423
123	0.01866	0.75896	0.03657	0.01194	0.01791	0.02761	0.01194	0.02090	0.01418	0.01642	0.00970	0.01119	0.00896	0.00597	0.00448	0.00149	0.00746	0.00373	0.00299	0.00896
124	0.02494	0.01838	0.01993	0.01555	0.02070	0.02033	0.01276	0.62560	0.03090	0.04148	0.01769	0.04541	0.01348	0.01126	0.04585	0.00261	0.00813	0.00687	0.00679	0.01133
125	0.02310	0.02300	0.02196	0.02272	0.17496	0.26317	0.01518	0.24823	0.02247	0.02740	0.01342	0.01561	0.01065	0.00889	0.02654	0.00229	0.06012	0.00567	0.00467	0.00995
126	0.02295	0.05340	0.01942	0.01409	0.01948	0.01796	0.01160	0.44233	0.02612	0.07407	0.01639	0.01772	0.01235	0.03331	0.03162	0.00232	0.00742	0.00594	0.00612	0.16538
127	0.01011	0.00799	0.00855	0.00830	0.01043	0.00733	0.00609	0.06783	0.01672	0.02089	0.09435	0.14135	0.46877	0.08678	0.01079	0.00280	0.00424	0.01406	0.00638	0.00626
128	0.01691	0.01460	0.01535	0.01385	0.01772	0.01679	0.01076	0.03574	0.66491	0.02868	0.03049	0.02807	0.05522	0.00987	0.00716	0.00237	0.00542	0.00823	0.00707	0.01079
129	0.03007	0.01160	0.01580	0.01221	0.01739	0.01004	0.01004	0.03281	0.01996	0.67643	0.06670	0.02539	0.02007	0.00896	0.00709	0.00216	0.00579	0.00734	0.00858	0.01157
130	0.01771	0.01517	0.01598	0.01427	0.01828	0.01752	0.01113	0.06222	0.67291	0.02976	0.02795	0.02568	0.02094	0.00943	0.00710	0.00236	0.00561	0.00783	0.00710	0.01108
131	0.01447	0.01240	0.01447	0.01034	0.01654	0.00930	0.00827	0.01757	0.01447	0.02274	0.01240	0.01447	0.01034	0.00517	0.00517	0.00103	0.00517	0.00413	0.00413	0.79742
132	0.00855	0.00611	0.00814	0.00968	0.01013	0.00570	0.00648	0.00984	0.01358	0.01817	0.06185	0.72581	0.04684	0.02160	0.00888	0.00281	0.00402	0.01959	0.00652	0.00570
133	0.00825	0.00707	0.00707	0.00707	0.00943	0.00589	0.00530	0.01001	0.01591	0.01885	0.07069	0.06716	0.70839	0.01767	0.00825	0.00236	0.00353	0.01473	0.00648	0.00589
134	0.02653	0.01955	0.02094	0.01606	0.02164	0.02164	0.01326	0.68796	0.03281	0.04398	0.01675	0.01675	0.01187	0.00838	0.00698	0.00209	0.00768	0.00628	0.00698	0.01187
135	0.03071	0.01284	0.01679	0.01287	0.01830	0.01169	0.01064	0.11641	0.02159	0.63138	0.02617	0.02287	0.01659	0.00860	0.00701	0.00215	0.00616	0.00692	0.00843	0.01187
136	0.00988	0.00713	0.00933	0.00878	0.01043	0.00658	0.00658	0.01317	0.01975	0.02798	0.70754	0.05213	0.06584	0.01427	0.00823	0.00219	0.00329	0.01262	0.00768	0.00658
137	0.00850	0.00607	0.00810	0.00972	0.01012	0.00567	0.00648	0.00972	0.01336	0.01781	0.03846	0.75020	0.04615	0.02186	0.00891	0.00283	0.00405	0.01984	0.00648	0.00567
138	0.10383	0.01232	0.01582	0.01225	0.01756	0.01120	0.01012	0.05799	0.01971	0.62568	0.02544	0.02231	0.01615	0.00842	0.00676	0.00216	0.00595	0.00668	0.00817	0.01147
139	0.01281	0.01157	0.01909	0.59999	0.04167	0.01408	0.01783	0.01719	0.01436	0.01841	0.01707	0.03004	0.01517	0.00932	0.00748	0.00249	0.00875	0.13143	0.00373	0.00750
140	0.02607	0.03326	0.01978	0.01798	0.02157	0.72674	0.01348	0.02787	0.01978	0.01708	0.01079	0.01258	0.00899	0.00719	0.00629	0.00180	0.01258	0.00449	0.00360	0.00809
141	0.01318	0.01240	0.02093	0.73798	0.04806	0.01550	0.01938	0.01783	0.01395	0.01783	0.01240	0.01860	0.00930	0.00698	0.00698	0.00233	0.00930	0.00620	0.00310	0.00775
142	0.04441	0.10170	0.13401	0.05527	0.02251	0.01771	0.01434	0.21024	0.11363	0.18836	0.01891	0.01863	0.01331	0.00790	0.00659	0.00211	0.00742	0.00613	0.00599	0.01083
143	0.01157	0.00853	0.01138	0.01265	0.01448	0.00866	0.01091	0.01601	0.07014	0.02143	0.03809	0.07392	0.07467	0.01841	0.00936	0.00310	0.00620	0.57725	0.00648	0.00676
144	0.01400	0.03610	0.71860	0.01989	0.03020	0.01621	0.02578	0.02210	0.01473	0.02210	0.01252	0.01473	0.00884	0.00663	0.00663	0.00221	0.01031	0.00516	0.00295	0.01031
145	0.00988	0.00713	0.00933	0.00878	0.01043	0.00658	0.00658	0.01317	0.01975	0.02798	0.70754	0.05213	0.06584	0.01427	0.00823	0.00219	0.00329	0.01262	0.00768	0.00658
146	0.01527	0.01527	0.02137	0.01832	0.01832	0.02137	0.01527	0.01679	0.01069	0.01679	0.00916	0.01527	0.00916	0.01221	0.02290	0.00305	0.74198	0.00611	0.00305	0.00763
147	0.00928	0.00709	0.00853	0.00834	0.01018	0.00634	0.00627	0.01193	0.01798	0.02406	0.43055	0.09077	0.29167	0.01598	0.00831	0.00231	0.00351	0.03346	0.00716	0.00629
148	0.01212	0.00606	0.00909	0.00909	0.00909	0.00606	0.00606	0.00909	0.00909	0.01212	0.01212	0.02121	0.01212	0.02424	0.02727	0.79697	0.00606	0.00606	0.00303	0.00303
149	0.02449	0.01975	0.01975	0.01578	0.02052	0.09386	0.01282	0.49964	0.07826	0.03764	0.01685	0.01737	0.01240	0.00854	0.00773	0.00212	0.05010	0.00622	0.04524	0.01091
150	0.72498	0.01338	0.01064	0.00953	0.01369	0.01540	0.00776	0.05102	0.01293	0.03117	0.01159	0.05139	0.00984	0.00740	0.00469	0.00219	0.00543	0.00476	0.00456	0.00766
151	0.04841	0.14862	0.44457	0.01923	0.05418	0.01765	0.07570	0.02217	0.01508	0.05420	0.03020	0.01581	0.01086	0.00672	0.00639	0.00209	0.00931	0.00544	0.00346	0.00991
152	0.02110	0.04789	0.02309	0.05598	0.14037	0.33595	0.04230	0.05886	0.01732	0.01966	0.01134	0.01465	0.00961	0.00804	0.00996	0.00216	0.16393	0.00543	0.00359	0.00877

[dist]
# distance from previous block
# <min> <max>
0	1

[block]
# block no. 3 follows, 30 sequences, length 253
# corresponding to MSA columns:
# 332-584
name=unknown_D
#
# <colnr> <probs for GDERKNQSTAVLIFYWHMCP>
#	G	D	E	R	K	N	Q	S	T	A	V	L	I	F	Y	W	H	M	C	P
0	0.34412	0.01760	0.01627	0.24193	0.02644	0.17288	0.01298	0.02111	0.01422	0.02320	0.01078	0.01410	0.00850	0.00707	0.00649	0.00218	0.04387	0.00482	0.00371	0.00774
1	0.12482	0.20223	0.43386	0.01647	0.02468	0.04622	0.01954	0.02182	0.01440	0.02185	0.01141	0.01335	0.00870	0.00648	0.00579	0.00202	0.00905	0.00461	0.00317	0.00953
2	0.01713	0.01649	0.02623	0.18093	0.52553	0.04396	0.02040	0.04557	0.01627	0.02236	0.01302	0.01734	0.01065	0.00649	0.00690	0.00211	0.00864	0.00615	0.00352	0.01030
3	0.02263	0.01763	0.01789	0.01447	0.01912	0.05805	0.01168	0.43700	0.14790	0.03682	0.02210	0.02186	0.05355	0.00901	0.00685	0.00210	0.00694	0.00697	0.07673	0.01069
4	0.02523	0.01876	0.02013	0.01571	0.02100	0.02080	0.01287	0.61428	0.08614	0.04197	0.01837	0.04017	0.01369	0.00888	0.00705	0.00214	0.00739	0.00683	0.00697	0.01161
5	0.01727	0.01658	0.02832	0.04283	0.71123	0.01658	0.02142	0.02142	0.01589	0.02280	0.01313	0.01727	0.01105	0.00622	0.00691	0.00207	0.00829	0.00622	0.00345	0.01105
6	0.04051	0.00735	0.00914	0.00887	0.01062	0.00688	0.00671	0.01297	0.01846	0.02617	0.53927	0.09772	0.12793	0.01504	0.00819	0.00230	0.00360	0.04449	0.00729	0.00648
7	0.00982	0.00709	0.00928	0.00882	0.01041	0.00655	0.00658	0.01303	0.01950	0.02759	0.68157	0.07922	0.06508	0.01456	0.00826	0.00222	0.00332	0.01290	0.00764	0.00655
8	0.01400	0.03610	0.71860	0.01989	0.03020	0.01621	0.02578	0.02210	0.01473	0.02210	0.01252	0.01473	0.00884	0.00663	0.00663	0.00221	0.01031	0.00516	0.00295	0.01031
9	0.01015	0.00677	0.00761	0.00761	0.00761	0.00677	0.00423	0.01015	0.01015	0.01353	0.02199	0.04567	0.02537	0.75476	0.03552	0.00677	0.00677	0.01015	0.00423	0.00423
10	0.01310	0.00996	0.05707	0.01069	0.01322	0.00822	0.00872	0.03492	0.04069	0.10896	0.30806	0.24390	0.06411	0.01515	0.00814	0.00241	0.00460	0.03357	0.00703	0.00749
11	0.01453	0.01263	0.01502	0.01097	0.01668	0.01026	0.00882	0.01751	0.01417	0.02227	0.01215	0.01453	0.01024	0.00573	0.00657	0.00119	0.06361	0.00429	0.00405	0.73477
12	0.12544	0.03141	0.56925	0.01842	0.02759	0.01595	0.04491	0.02235	0.01459	0.05031	0.01277	0.01474	0.00905	0.00666	0.00638	0.00221	0.00950	0.00514	0.00338	0.00996
13	0.02623	0.02827	0.02020	0.01728	0.02160	0.47000	0.01340	0.26821	0.02452	0.02687	0.01296	0.01410	0.01004	0.00762	0.00654	0.00191	0.01080	0.00515	0.00483	0.00947
14	0.11764	0.01921	0.02011	0.01745	0.06856	0.09241	0.03879	0.39857	0.04822	0.03533	0.01533	0.01642	0.01141	0.00793	0.00705	0.00210	0.03080	0.00593	0.03632	0.01044
15	0.01790	0.01487	0.01580	0.01413	0.01813	0.01708	0.01101	0.03696	0.67241	0.05571	0.02837	0.02595	0.02115	0.00944	0.00710	0.00236	0.00554	0.00786	0.00716	0.01108
16	0.00850	0.00607	0.00810	0.00972	0.01012	0.00567	0.00648	0.00972	0.01336	0.01781	0.03846	0.75020	0.04615	0.02186	0.00891	0.00283	0.00405	0.01984	0.00648	0.00567
17	0.01318	0.01240	0.02093	0.73798	0.04806	0.01550	0.01938	0.01783	0.01395	0.01783	0.01240	0.01860	0.00930	0.00698	0.00698	0.00233	0.00930	0.00620	0.00310	0.00775
18	0.00845	0.00704	0.00738	0.00738	0.00957	0.00597	0.00550	0.01038	0.01627	0.01991	0.14616	0.09172	0.60543	0.01742	0.00827	0.00236	0.00353	0.01467	0.00662	0.00597
19	0.00997	0.00748	0.01121	0.01121	0.01246	0.00872	0.00872	0.01246	0.01121	0.01620	0.01869	0.02741	0.01745	0.05234	0.72710	0.01121	0.01869	0.00748	0.00374	0.00623
