[name]
unknown

[dist]
# distance from previous block
# <min> <max>
24	47

[block]
# block no. 0 follows, 28 sequences, length 29
# corresponding to MSA columns:
# 59-87
name=unknown_A
#
# <colnr> <probs for GDERKNQSTAVLIFYWHMCP>
#	G	D	E	R	K	N	Q	S	T	A	V	L	I	F	Y	W	H	M	C	P
0	0.07082	0.01720	0.09374	0.14024	0.08818	0.05237	0.17455	0.01955	0.01633	0.02283	0.07246	0.04818	0.10601	0.00937	0.00755	0.00233	0.00859	0.00866	0.03239	0.00863
1	0.10960	0.01543	0.05030	0.09356	0.13969	0.01431	0.08323	0.06754	0.01748	0.05960	0.09412	0.02137	0.01766	0.00760	0.00679	0.00202	0.00737	0.00670	0.00485	0.18080
2	0.05834	0.01240	0.01868	0.25890	0.09902	0.01279	0.03989	0.01961	0.01566	0.09627	0.04692	0.13027	0.01921	0.00969	0.00723	0.00223	0.00730	0.00861	0.00489	0.13209
3	0.05994	0.01473	0.10231	0.01387	0.03590	0.01151	0.03971	0.06762	0.01910	0.15116	0.24075	0.04963	0.03240	0.04025	0.00863	0.00236	0.00619	0.00894	0.00646	0.08855
4	0.05756	0.01117	0.01538	0.01583	0.10292	0.01070	0.05247	0.05931	0.01644	0.08364	0.04756	0.16320	0.14071	0.09387	0.01193	0.03846	0.00617	0.01115	0.00572	0.05580
5	0.44319	0.01712	0.01462	0.05646	0.01886	0.10426	0.01050	0.05153	0.04458	0.05743	0.09548	0.02119	0.01818	0.00922	0.00650	0.00251	0.00723	0.00626	0.00569	0.00918
6	0.15582	0.17512	0.02099	0.01410	0.01854	0.26891	0.01149	0.04404	0.03845	0.08847	0.08455	0.01854	0.01658	0.00812	0.00613	0.00198	0.00866	0.00568	0.00490	0.00894
7	0.01146	0.00795	0.00940	0.00947	0.01029	0.00792	0.00620	0.06648	0.01440	0.01923	0.07059	0.26122	0.05966	0.35671	0.02268	0.03558	0.00587	0.01355	0.00564	0.00571
8	0.43018	0.01570	0.01566	0.09412	0.02099	0.01780	0.01123	0.21695	0.01964	0.07615	0.01377	0.01515	0.01004	0.00754	0.00582	0.00225	0.00683	0.00521	0.00546	0.00951
9	0.01866	0.01956	0.02194	0.01887	0.01991	0.14753	0.01544	0.05991	0.01426	0.01928	0.01033	0.01549	0.00968	0.01153	0.01971	0.00288	0.55709	0.00607	0.00353	0.00831
10	0.01040	0.00715	0.00867	0.00884	0.00941	0.00698	0.00576	0.01158	0.01372	0.01866	0.18368	0.12584	0.03975	0.44391	0.02542	0.00523	0.00587	0.05817	0.00566	0.00531
11	0.34859	0.01240	0.01263	0.01081	0.01496	0.01300	0.00862	0.02527	0.07935	0.22527	0.08217	0.02525	0.04067	0.06175	0.00842	0.00262	0.00564	0.00699	0.00646	0.00913
12	0.07280	0.28534	0.22606	0.01887	0.02638	0.02105	0.17867	0.02202	0.01542	0.02152	0.01457	0.01696	0.03653	0.00691	0.00641	0.00207	0.00941	0.00592	0.00348	0.00962
13	0.01572	0.00890	0.01164	0.01025	0.01296	0.00820	0.00793	0.01973	0.04856	0.18366	0.51488	0.04639	0.05506	0.01331	0.00823	0.00229	0.00416	0.01160	0.00820	0.00831
14	0.01030	0.00741	0.00964	0.00910	0.01074	0.00687	0.00676	0.01359	0.02017	0.02854	0.66816	0.05403	0.06688	0.04438	0.00972	0.00248	0.00358	0.01304	0.00786	0.00676
15	0.06399	0.01505	0.02417	0.40000	0.20222	0.01725	0.05491	0.06516	0.01625	0.02279	0.01320	0.01831	0.01027	0.00731	0.00785	0.00236	0.03949	0.00643	0.00370	0.00929
16	0.01901	0.01948	0.02764	0.09101	0.55294	0.11884	0.02095	0.02301	0.01699	0.02250	0.01326	0.01738	0.01107	0.00668	0.00711	0.00214	0.00936	0.00621	0.00359	0.01081
17	0.01943	0.74891	0.03809	0.01244	0.01866	0.02876	0.01244	0.02177	0.01477	0.01710	0.01011	0.01166	0.00933	0.00622	0.00466	0.00155	0.00777	0.00389	0.00311	0.00933
18	0.01528	0.00849	0.01137	0.01060	0.01284	0.00788	0.00827	0.01782	0.01833	0.16289	0.33845	0.05038	0.04606	0.07458	0.01231	0.05929	0.00508	0.12528	0.00733	0.00749
19	0.01714	0.17685	0.48500	0.01941	0.05342	0.01914	0.02245	0.04704	0.01626	0.05983	0.01349	0.01530	0.00991	0.00693	0.00650	0.00214	0.00972	0.00527	0.00357	0.01064
20	0.01056	0.00708	0.00809	0.00809	0.00814	0.00713	0.00460	0.01067	0.01062	0.01421	0.02276	0.04677	0.02608	0.71540	0.06566	0.00724	0.00757	0.01045	0.00438	0.00449
21	0.00891	0.00662	0.00834	0.00968	0.01057	0.00605	0.00669	0.01038	0.01458	0.01891	0.04697	0.57506	0.18229	0.02176	0.00917	0.00286	0.00420	0.04424	0.00675	0.00598
22	0.01765	0.01693	0.02890	0.09864	0.64781	0.01718	0.02214	0.02201	0.01639	0.02334	0.01361	0.01810	0.01137	0.00654	0.00720	0.00218	0.00872	0.00648	0.00357	0.01124
23	0.02009	0.01965	0.02384	0.15894	0.31304	0.16830	0.01809	0.05103	0.04544	0.05999	0.04140	0.01933	0.01378	0.00754	0.00714	0.00217	0.00932	0.00646	0.00434	0.01011
24	0.45269	0.01546	0.01753	0.12398	0.19681	0.04157	0.01363	0.02148	0.01406	0.02773	0.01149	0.01456	0.00913	0.00678	0.00568	0.00224	0.00727	0.00499	0.00405	0.00886
25	0.00888	0.00726	0.00775	0.00785	0.00995	0.00623	0.00576	0.01079	0.01659	0.02046	0.14066	0.13026	0.54150	0.04168	0.00956	0.00263	0.00381	0.01543	0.00682	0.00614
26	0.54073	0.04891	0.01557	0.01289	0.03897	0.03983	0.03654	0.11121	0.01625	0.03205	0.01409	0.01554	0.03723	0.00747	0.00538	0.00221	0.00658	0.00506	0.00482	0.00870
27	0.03857	0.03242	0.02268	0.22301	0.29577	0.05334	0.01750	0.04688	0.01709	0.04715	0.04883	0.02492	0.08420	0.00852	0.00726	0.00225	0.00822	0.00747	0.00437	0.00955
28	0.74074	0.01451	0.01148	0.01007	0.01467	0.01675	0.00830	0.06828	0.01394	0.03356	0.01065	0.01221	0.00819	0.00689	0.00470	0.00224	0.00579	0.00412	0.00470	0.00819

[dist]
# distance from previous block
# <min> <max>
0	17

[block]
# block no. 1 follows, 28 sequences, length 30
# corresponding to MSA columns:
# 105-134
name=unknown_B
#
# <colnr> <probs for GDERKNQSTAVLIFYWHMCP>
#	G	D	E	R	K	N	Q	S	T	A	V	L	I	F	Y	W	H	M	C	P
0	0.01018	0.00726	0.00886	0.00900	0.01064	0.00652	0.00649	0.01240	0.01719	0.04644	0.28304	0.25244	0.24098	0.04293	0.00971	0.00269	0.00395	0.01563	0.00719	0.00649
1	0.05816	0.02597	0.28726	0.09928	0.05945	0.07790	0.16365	0.04298	0.01668	0.05635	0.01400	0.01717	0.01032	0.00749	0.00783	0.02524	0.01038	0.00626	0.00380	0.00983
2	0.01226	0.00631	0.00937	0.00953	0.00957	0.00627	0.00636	0.00953	0.00990	0.01320	0.01529	0.09168	0.01606	0.02501	0.02655	0.71234	0.00611	0.00770	0.00350	0.00342
3	0.02969	0.01206	0.01615	0.01266	0.01783	0.01070	0.01036	0.03349	0.05557	0.60354	0.09336	0.02773	0.02312	0.00961	0.00744	0.00226	0.00590	0.00792	0.00882	0.01179
4	0.02720	0.03340	0.02071	0.01855	0.02248	0.65494	0.01402	0.08535	0.02178	0.02023	0.01178	0.01349	0.00962	0.00760	0.00662	0.00190	0.01266	0.00484	0.00405	0.00877
5	0.05455	0.07272	0.41298	0.02423	0.16443	0.01754	0.04038	0.02207	0.01547	0.02328	0.04110	0.01725	0.01215	0.00736	0.00765	0.00227	0.04484	0.00589	0.00348	0.01035
6	0.02654	0.01577	0.01707	0.01420	0.01907	0.08183	0.01132	0.03603	0.27446	0.38073	0.02733	0.02452	0.01876	0.00918	0.00727	0.00230	0.00669	0.00740	0.00788	0.01166
7	0.01185	0.00818	0.00938	0.00926	0.00991	0.00830	0.00583	0.07489	0.01359	0.01814	0.02611	0.19531	0.02978	0.51611	0.02808	0.00568	0.00652	0.01238	0.00519	0.00550
8	0.05599	0.01384	0.02142	0.46796	0.06249	0.01748	0.01823	0.01921	0.01390	0.04431	0.01256	0.01829	0.00993	0.00860	0.01114	0.00258	0.18393	0.00634	0.00351	0.00831
9	0.00936	0.00732	0.00851	0.00853	0.01047	0.00646	0.00637	0.01179	0.01780	0.02316	0.30167	0.13438	0.37068	0.01759	0.00871	0.00247	0.00375	0.03735	0.00722	0.00640
10	0.01638	0.01391	0.01686	0.01215	0.01859	0.01129	0.03617	0.08217	0.01701	0.02582	0.01343	0.01549	0.01093	0.00574	0.00570	0.00124	0.00592	0.00470	0.00457	0.68194
11	0.01565	0.02231	0.22072	0.07928	0.21578	0.01635	0.20555	0.02139	0.01600	0.02257	0.01617	0.08436	0.01397	0.00806	0.00770	0.00237	0.00992	0.00807	0.00374	0.01005
12	0.01033	0.00737	0.00917	0.00902	0.01080	0.00664	0.00665	0.01299	0.01849	0.04572	0.41624	0.17676	0.20912	0.01689	0.00866	0.00244	0.00371	0.01479	0.00752	0.00669
13	0.02155	0.01529	0.01765	0.01610	0.06283	0.01648	0.01179	0.25424	0.20585	0.11326	0.02458	0.09389	0.02046	0.07970	0.01030	0.00280	0.00675	0.00884	0.00695	0.01070
14	0.01777	0.01705	0.02911	0.07997	0.66557	0.01721	0.02220	0.02212	0.01645	0.02348	0.01363	0.01806	0.01142	0.00652	0.00720	0.00217	0.00869	0.00648	0.00358	0.01134
15	0.02366	0.01855	0.02053	0.05624	0.11123	0.08581	0.01413	0.25589	0.16885	0.11647	0.02031	0.02106	0.01505	0.02929	0.00806	0.00237	0.00792	0.00692	0.00640	0.01124
16	0.01269	0.00766	0.00982	0.00986	0.01169	0.00688	0.00716	0.01479	0.01694	0.12357	0.19718	0.36157	0.15596	0.01814	0.00871	0.00261	0.00424	0.01603	0.00738	0.00713
17	0.01834	0.58911	0.18834	0.01430	0.02153	0.02609	0.01568	0.02205	0.01490	0.01843	0.01077	0.01249	0.00930	0.00637	0.00517	0.00172	0.00844	0.00422	0.00310	0.00965
18	0.01833	0.52499	0.18804	0.05024	0.02326	0.05056	0.01615	0.02216	0.01510	0.01854	0.01095	0.01293	0.00932	0.00647	0.00537	0.00178	0.00874	0.00438	0.00313	0.00955
19	0.01069	0.00789	0.00935	0.00933	0.01059	0.00775	0.00641	0.01418	0.08043	0.02179	0.24246	0.18007	0.11095	0.23582	0.01715	0.00388	0.00492	0.01353	0.00650	0.00632
20	0.00962	0.00707	0.00864	0.00886	0.01013	0.00649	0.00620	0.01165	0.01654	0.02223	0.29952	0.23491	0.18299	0.12656	0.01300	0.00320	0.00423	0.01516	0.00689	0.00610
21	0.01263	0.00631	0.00947	0.00947	0.00947	0.00631	0.00631	0.00947	0.00947	0.01263	0.01263	0.02210	0.01263	0.02525	0.02841	0.78851	0.00631	0.00631	0.00316	0.00316
22	0.00901	0.00643	0.00861	0.01029	0.01078	0.00603	0.00701	0.01038	0.01406	0.01872	0.03998	0.70525	0.04775	0.02263	0.00932	0.00297	0.00435	0.05372	0.00674	0.00595
23	0.01410	0.01330	0.02248	0.66709	0.10711	0.01625	0.02037	0.01890	0.01471	0.01903	0.01299	0.01926	0.00985	0.00720	0.00726	0.00240	0.00960	0.00646	0.00326	0.00838
24	0.02075	0.02395	0.01960	0.01748	0.01988	0.36180	0.01375	0.02277	0.01670	0.01862	0.04012	0.01985	0.01387	0.01191	0.04122	0.00274	0.24412	0.03792	0.00392	0.04903
25	0.00952	0.00699	0.00899	0.01013	0.01099	0.00666	0.00696	0.01209	0.04856	0.02075	0.13774	0.58213	0.06958	0.02082	0.00906	0.00281	0.00416	0.01877	0.00697	0.00633
26	0.01458	0.03760	0.70688	0.02072	0.03146	0.01688	0.02686	0.02302	0.01535	0.02302	0.01304	0.01535	0.00921	0.00691	0.00691	0.00230	0.01074	0.00537	0.00307	0.01074
27	0.01904	0.61622	0.13501	0.01390	0.02068	0.05477	0.01461	0.02224	0.01509	0.01799	0.01058	0.01226	0.00931	0.00637	0.00507	0.00168	0.00842	0.00414	0.00313	0.00950
28	0.01571	0.01363	0.01633	0.01214	0.01770	0.01193	0.00982	0.04550	0.01533	0.02377	0.01265	0.01528	0.01067	0.00652	0.00796	0.00141	0.10369	0.00468	0.00428	0.65101
29	0.04622	0.08506	0.02291	0.10038	0.02379	0.12206	0.06595	0.02210	0.03419	0.08424	0.01492	0.05341	0.01296	0.01148	0.03663	0.00283	0.24108	0.00689	0.00422	0.00868

[dist]
# distance from previous block
# <min> <max>
2	4

[block]
# block no. 2 follows, 28 sequences, length 13
# corresponding to MSA columns:
# 139-151
name=unknown_C
#
# <colnr> <probs for GDERKNQSTAVLIFYWHMCP>
#	G	D	E	R	K	N	Q	S	T	A	V	L	I	F	Y	W	H	M	C	P
0	0.02399	0.02121	0.06240	0.01696	0.02260	0.09951	0.01329	0.08429	0.02184	0.06321	0.08446	0.02880	0.02277	0.03326	0.00987	0.00294	0.00893	0.00790	0.00710	0.36467
1	0.02125	0.01434	0.01631	0.01536	0.01787	0.01344	0.01084	0.12875	0.02198	0.08946	0.11686	0.28902	0.04019	0.12165	0.03574	0.00456	0.00803	0.01487	0.00862	0.01085
2	0.02272	0.12991	0.21016	0.02274	0.05216	0.02074	0.11890	0.05742	0.01988	0.02849	0.01908	0.02423	0.01612	0.01091	0.01002	0.00312	0.04771	0.00759	0.00587	0.17224
3	0.02607	0.05506	0.06020	0.01943	0.05581	0.01781	0.04381	0.11409	0.08177	0.13890	0.02406	0.02813	0.01956	0.04185	0.01045	0.00323	0.00896	0.00813	0.00762	0.23509
4	0.02190	0.01722	0.02235	0.08617	0.02624	0.01467	0.09357	0.02353	0.01931	0.06497	0.02282	0.02778	0.03729	0.01080	0.00888	0.00278	0.00861	0.00785	0.07291	0.41037
5	0.03007	0.04908	0.02461	0.05739	0.02655	0.02266	0.01543	0.45232	0.03142	0.07455	0.02357	0.04913	0.01912	0.01274	0.00966	0.00325	0.00956	0.00866	0.00853	0.07171
6	0.01900	0.01172	0.01524	0.01456	0.01559	0.01072	0.03536	0.01527	0.01445	0.02023	0.02059	0.06217	0.02008	0.02597	0.02620	0.61054	0.00838	0.00898	0.03757	0.00735
7	0.02115	0.01711	0.01911	0.01497	0.02142	0.01327	0.01123	0.02232	0.01874	0.02888	0.01910	0.02369	0.01665	0.00970	0.00813	0.00232	0.00753	0.00643	0.00640	0.71185
8	0.01737	0.02082	0.06991	0.09872	0.03616	0.08921	0.47938	0.02284	0.01702	0.02203	0.01513	0.04846	0.01216	0.00711	0.00818	0.00240	0.01168	0.00830	0.00374	0.00937
9	0.01493	0.01292	0.01576	0.08440	0.02060	0.01035	0.00980	0.01833	0.01502	0.02316	0.01292	0.01552	0.01066	0.00558	0.00558	0.00122	0.00583	0.00453	0.00420	0.70870
10	0.01838	0.01506	0.04791	0.03540	0.01849	0.01605	0.01212	0.26633	0.02098	0.02898	0.02191	0.02502	0.08317	0.01694	0.09117	0.08073	0.11964	0.00750	0.06538	0.00885
11	0.01023	0.00764	0.01135	0.01152	0.01273	0.00876	0.00885	0.01269	0.01191	0.01705	0.02159	0.10167	0.02125	0.05125	0.64311	0.01078	0.01790	0.00911	0.00419	0.00643
12	0.01746	0.01370	0.01585	0.01173	0.01776	0.01148	0.00940	0.11742	0.01815	0.05758	0.01562	0.05082	0.01313	0.00689	0.00594	0.00139	0.00576	0.00557	0.00508	0.59928

[dist]
# distance from previous block
# <min> <max>
0	1

[block]
# block no. 3 follows, 28 sequences, length 74
# corresponding to MSA columns:
# 153-226
name=unknown_D
#
# <colnr> <probs for GDERKNQSTAVLIFYWHMCP>
#	G	D	E	R	K	N	Q	S	T	A	V	L	I	F	Y	W	H	M	C	P
0	0.34909	0.02515	0.34411	0.01522	0.02281	0.01604	0.01722	0.02351	0.01460	0.09250	0.01330	0.01474	0.00948	0.00704	0.00592	0.00227	0.00812	0.00495	0.00425	0.00968
1	0.00890	0.00640	0.00837	0.00992	0.01042	0.00595	0.00661	0.01015	0.01393	0.01846	0.04103	0.68587	0.07708	0.04676	0.01018	0.00307	0.00429	0.02008	0.00667	0.00586
2	0.02479	0.01895	0.02021	0.01615	0.02146	0.02121	0.01313	0.48561	0.22816	0.04123	0.02106	0.02033	0.01529	0.00906	0.00731	0.00227	0.00733	0.00704	0.00731	0.01211
3	0.67277	0.01421	0.01180	0.01032	0.01492	0.01618	0.00846	0.04332	0.05078	0.08289	0.01280	0.01379	0.00955	0.00715	0.00495	0.00226	0.00574	0.00450	0.00508	0.00854
4	0.01161	0.00817	0.01034	0.01025	0.01225	0.00775	0.00799	0.01554	0.05543	0.05525	0.36808	0.11591	0.14252	0.01644	0.00879	0.00257	0.00439	0.13207	0.00749	0.00715
5	0.01943	0.74891	0.03809	0.01244	0.01866	0.02876	0.01244	0.02177	0.01477	0.01710	0.01011	0.01166	0.00933	0.00622	0.00466	0.00155	0.00777	0.00389	0.00311	0.00933
6	0.00886	0.00633	0.00843	0.01012	0.01054	0.00590	0.00675	0.01012	0.01392	0.01856	0.04006	0.73979	0.04808	0.02277	0.00928	0.00295	0.00422	0.02066	0.00675	0.00590
7	0.00991	0.00692	0.00842	0.00910	0.00958	0.00667	0.00591	0.01086	0.01301	0.01726	0.06686	0.29763	0.07418	0.36278	0.02234	0.00485	0.00565	0.05707	0.00570	0.00531
8	0.01180	0.00861	0.01160	0.01273	0.01452	0.00866	0.01081	0.01616	0.05889	0.02328	0.13564	0.09726	0.04480	0.01876	0.00963	0.00312	0.00606	0.49375	0.00693	0.00699
9	0.02976	0.01220	0.01648	0.01296	0.01808	0.01104	0.01064	0.06211	0.02034	0.59285	0.02708	0.02486	0.01776	0.01436	0.09098	0.00336	0.00784	0.00733	0.00832	0.01168
10	0.01943	0.74891	0.03809	0.01244	0.01866	0.02876	0.01244	0.02177	0.01477	0.01710	0.01011	0.01166	0.00933	0.00622	0.00466	0.00155	0.00777	0.00389	0.00311	0.00933
11	0.00912	0.00658	0.00864	0.00983	0.01058	0.00610	0.00673	0.01083	0.01530	0.02065	0.16811	0.58315	0.07523	0.02109	0.00912	0.00281	0.00405	0.01902	0.00699	0.00610
12	0.01727	0.01988	0.11949	0.07511	0.53691	0.01723	0.06331	0.02227	0.01633	0.02336	0.01362	0.01781	0.01109	0.00655	0.00725	0.00221	0.00919	0.00646	0.00351	0.01113
13	0.03261	0.01237	0.01687	0.01293	0.01856	0.01068	0.01068	0.03543	0.02081	0.70423	0.02868	0.02474	0.01799	0.00900	0.00731	0.00225	0.00619	0.00731	0.00900	0.01237
14	0.00907	0.00646	0.00860	0.01024	0.01071	0.00607	0.00695	0.01041	0.01397	0.01860	0.03946	0.68276	0.04708	0.04431	0.01015	0.00310	0.00444	0.05504	0.00667	0.00590
15	0.01570	0.03603	0.66390	0.02023	0.03066	0.01650	0.02585	0.02379	0.01569	0.06544	0.01402	0.01593	0.00976	0.00704	0.00693	0.00230	0.01046	0.00549	0.00344	0.01084
16	0.02670	0.01262	0.01599	0.01297	0.01781	0.01205	0.01047	0.03385	0.18110	0.46884	0.10099	0.02851	0.02448	0.00984	0.00747	0.00231	0.00578	0.00816	0.00850	0.01157
17	0.01038	0.00779	0.01168	0.01168	0.01298	0.00909	0.00909	0.01298	0.01168	0.01687	0.01947	0.02856	0.01817	0.05452	0.71573	0.01168	0.01947	0.00779	0.00389	0.00649
18	0.07051	0.01024	0.01315	0.01136	0.01501	0.00931	0.00894	0.02455	0.01817	0.37523	0.09684	0.15609	0.06639	0.04661	0.00917	0.00266	0.00547	0.04308	0.00778	0.00945
19	0.17178	0.01959	0.01700	0.01431	0.01875	0.16736	0.01135	0.26099	0.02335	0.08428	0.04239	0.06602	0.05308	0.00973	0.00683	0.00220	0.00788	0.00730	0.00608	0.00972
20	0.01038	0.00779	0.01168	0.01168	0.01298	0.00909	0.00909	0.01298	0.01168	0.01687	0.01947	0.02856	0.01817	0.05452	0.71573	0.01168	0.01947	0.00779	0.00389	0.00649
21	0.01038	0.00713	0.00837	0.00843	0.00873	0.00720	0.00511	0.01084	0.01116	0.01489	0.02591	0.07052	0.06354	0.59575	0.11636	0.00721	0.00826	0.01085	0.00455	0.00480
22	0.01038	0.00779	0.01168	0.01168	0.01298	0.00909	0.00909	0.01298	0.01168	0.01687	0.01947	0.02856	0.01817	0.05452	0.71573	0.01168	0.01947	0.00779	0.00389	0.00649
23	0.01447	0.01070	0.01370	0.01242	0.01407	0.01277	0.00988	0.09551	0.01522	0.02315	0.01840	0.02476	0.01604	0.04804	0.27939	0.00600	0.16032	0.00715	0.21051	0.00752
24	0.01072	0.00807	0.01183	0.04445	0.01484	0.00766	0.05213	0.01282	0.01505	0.04295	0.04101	0.47594	0.12784	0.01962	0.00906	0.00285	0.00526	0.08485	0.00645	0.00660
25	0.02643	0.01956	0.02102	0.01636	0.02187	0.02164	0.01341	0.62060	0.05912	0.04401	0.01892	0.04949	0.01432	0.00939	0.00736	0.00223	0.00774	0.00723	0.00725	0.01204
26	0.01778	0.01705	0.02912	0.07914	0.66635	0.01721	0.02220	0.02212	0.01645	0.02349	0.01363	0.01806	0.01142	0.00652	0.00720	0.00217	0.00869	0.00648	0.00358	0.01134
27	0.01316	0.01012	0.01383	0.10810	0.06394	0.01039	0.01144	0.03908	0.05939	0.04736	0.16075	0.08976	0.13765	0.01499	0.00860	0.00266	0.00598	0.18861	0.00643	0.00779
28	0.01263	0.00631	0.00947	0.00947	0.00947	0.00631	0.00631	0.00947	0.00947	0.01263	0.01263	0.02210	0.01263	0.02525	0.02841	0.78851	0.00631	0.00631	0.00316	0.00316
29	0.02523	0.01879	0.02019	0.01607	0.02142	0.02091	0.01308	0.48036	0.20962	0.06520	0.02113	0.02032	0.01522	0.00904	0.00731	0.00226	0.00733	0.00702	0.00737	0.01213
30	0.01693	0.01618	0.02758	0.21506	0.53707	0.01699	0.02178	0.02138	0.01605	0.02246	0.01348	0.01834	0.01106	0.00667	0.00721	0.00222	0.00890	0.00647	0.00351	0.01066
31	0.01557	0.01322	0.01534	0.01100	0.01744	0.01020	0.00882	0.04440	0.01583	0.02457	0.01310	0.01517	0.01083	0.00552	0.00546	0.00112	0.00549	0.00440	0.00442	0.75811
32	0.00886	0.00633	0.00843	0.01012	0.01054	0.00590	0.00675	0.01012	0.01392	0.01856	0.04006	0.73979	0.04808	0.02277	0.00928	0.00295	0.00422	0.02066	0.00675	0.00590
33	0.01507	0.01292	0.01507	0.01077	0.01723	0.00969	0.00861	0.01830	0.01507	0.02369	0.01292	0.01507	0.01077	0.00538	0.00538	0.00108	0.00538	0.00431	0.00431	0.78898
34	0.01496	0.09406	0.65379	0.02006	0.03044	0.01782	0.02571	0.02292	0.01530	0.02255	0.01281	0.01505	0.00922	0.00685	0.00673	0.00224	0.01051	0.00525	0.00307	0.01063
35	0.01477	0.00932	0.01146	0.01027	0.01305	0.00887	0.00792	0.02014	0.10803	0.13953	0.41099	0.04799	0.14113	0.01372	0.00821	0.00233	0.00423	0.01183	0.00791	0.00828
36	0.01038	0.00779	0.01168	0.01168	0.01298	0.00909	0.00909	0.01298	0.01168	0.01687	0.01947	0.02856	0.01817	0.05452	0.71573	0.01168	0.01947	0.00779	0.00389	0.00649
37	0.02084	0.61875	0.03490	0.01358	0.01935	0.15388	0.01273	0.02309	0.01583	0.01723	0.01031	0.01192	0.00933	0.00645	0.00501	0.00161	0.00875	0.00403	0.00323	0.00916
38	0.01988	0.01312	0.01576	0.01167	0.01764	0.01082	0.00942	0.07527	0.01822	0.18207	0.05143	0.01947	0.01548	0.00696	0.00614	0.00150	0.00568	0.00563	0.00581	0.50804
39	0.01581	0.02692	0.32608	0.02579	0.03439	0.01737	0.37680	0.02279	0.01629	0.02303	0.01474	0.03890	0.01134	0.00695	0.00788	0.00240	0.01137	0.00756	0.00351	0.01009
40	0.01954	0.26688	0.19055	0.04088	0.02504	0.01993	0.10290	0.06462	0.01762	0.11598	0.05718	0.01865	0.01460	0.00748	0.00657	0.00206	0.00866	0.00616	0.00455	0.01014
41	0.01140	0.00770	0.00995	0.00923	0.01121	0.00702	0.00698	0.01469	0.02031	0.06568	0.61569	0.05375	0.10916	0.01478	0.00851	0.00230	0.00360	0.01298	0.00797	0.00711
42	0.05191	0.05572	0.01874	0.01383	0.01917	0.05015	0.01140	0.15779	0.06555	0.41804	0.04591	0.02275	0.01761	0.00889	0.00708	0.00219	0.00684	0.00699	0.00780	0.01163
43	0.01811	0.43061	0.17639	0.01618	0.02277	0.06696	0.06471	0.02196	0.01512	0.01886	0.01159	0.01416	0.00989	0.00916	0.04236	0.00238	0.04125	0.00490	0.00323	0.00940
44	0.01038	0.00779	0.01168	0.01168	0.01298	0.00909	0.00909	0.01298	0.01168	0.01687	0.01947	0.02856	0.01817	0.05452	0.71573	0.01168	0.01947	0.00779	0.00389	0.00649
45	0.01057	0.00705	0.00793	0.00793	0.00793	0.00705	0.00440	0.01057	0.01057	0.01409	0.02290	0.04757	0.02643	0.74454	0.03700	0.00705	0.00705	0.01057	0.00440	0.00440
46	0.04943	0.02501	0.02139	0.06419	0.08057	0.30870	0.01470	0.26136	0.02454	0.06040	0.01456	0.01598	0.01100	0.00788	0.00688	0.00207	0.01013	0.00572	0.00524	0.01025
47	0.01339	0.00768	0.00919	0.05292	0.01240	0.00790	0.00706	0.01641	0.01546	0.05445	0.07569	0.15506	0.02670	0.01158	0.00695	0.00208	0.02860	0.00971	0.47976	0.00699
48	0.01373	0.01292	0.02180	0.72707	0.05006	0.01615	0.02019	0.01857	0.01453	0.01857	0.01292	0.01938	0.00969	0.00727	0.00727	0.00242	0.00969	0.00646	0.00323	0.00807
49	0.01507	0.01292	0.01507	0.01077	0.01723	0.00969	0.00861	0.01830	0.01507	0.02369	0.01292	0.01507	0.01077	0.00538	0.00538	0.00108	0.00538	0.00431	0.00431	0.78898
50	0.01590	0.01590	0.02226	0.01908	0.01908	0.02226	0.01590	0.01749	0.01113	0.01749	0.00954	0.01590	0.00954	0.01272	0.02385	0.00318	0.73123	0.00636	0.00318	0.00795
51	0.00979	0.00737	0.00906	0.00872	0.01058	0.00663	0.00651	0.01273	0.01928	0.02628	0.50897	0.08550	0.22973	0.01609	0.00861	0.00236	0.00353	0.01401	0.00763	0.00663
52	0.01018	0.00743	0.00957	0.00903	0.01079	0.00681	0.00678	0.01351	0.02033	0.02856	0.65664	0.05527	0.10768	0.01508	0.00857	0.00230	0.00345	0.01328	0.00792	0.00681
53	0.08958	0.01285	0.01635	0.01288	0.01825	0.01191	0.01056	0.03469	0.09197	0.57999	0.02735	0.02401	0.01767	0.00892	0.00710	0.00227	0.00610	0.00715	0.00848	0.01193
54	0.00966	0.00666	0.00820	0.00909	0.00932	0.00644	0.00565	0.01033	0.01235	0.01646	0.03202	0.41527	0.03793	0.36114	0.02227	0.00487	0.00554	0.01593	0.00565	0.00520
55	0.01373	0.01292	0.02180	0.72707	0.05006	0.01615	0.02019	0.01857	0.01453	0.01857	0.01292	0.01938	0.00969	0.00727	0.00727	0.00242	0.00969	0.00646	0.00323	0.00807
56	0.00895	0.00645	0.00848	0.00993	0.01054	0.00599	0.00670	0.01040	0.01453	0.01939	0.09031	0.65951	0.07791	0.02199	0.00920	0.00288	0.00414	0.01987	0.00684	0.00599
57	0.00883	0.00643	0.00833	0.00985	0.01047	0.00593	0.00663	0.01015	0.01418	0.01866	0.04338	0.67364	0.11209	0.02234	0.00921	0.00290	0.00416	0.02014	0.00675	0.00593
58	0.01458	0.03760	0.70688	0.02072	0.03146	0.01688	0.02686	0.02302	0.01535	0.02302	0.01304	0.01535	0.00921	0.00691	0.00691	0.00230	0.01074	0.00537	0.00307	0.01074
59	0.01029	0.00743	0.00972	0.00914	0.01086	0.00686	0.00686	0.01372	0.02058	0.02915	0.69536	0.05430	0.06859	0.01486	0.00857	0.00229	0.00343	0.01315	0.00800	0.00686
60	0.04497	0.00732	0.00817	0.00820	0.00863	0.00734	0.00494	0.01152	0.01183	0.01691	0.07284	0.09713	0.02997	0.57296	0.03004	0.00595	0.00635	0.01105	0.03893	0.00495
61	0.06338	0.01526	0.01638	0.01345	0.01736	0.01670	0.01053	0.35636	0.09718	0.03518	0.10901	0.02879	0.02328	0.14951	0.01296	0.00316	0.00684	0.00822	0.00668	0.00978
62	0.02918	0.01629	0.01900	0.01464	0.02019	0.01669	0.01207	0.36769	0.02753	0.33165	0.02261	0.02105	0.01509	0.00883	0.00719	0.00219	0.00701	0.00689	0.04210	0.01212
63	0.01050	0.00702	0.00795	0.00802	0.00803	0.00700	0.00450	0.01055	0.01071	0.01428	0.02360	0.07567	0.02731	0.71524	0.03587	0.00688	0.00693	0.01098	0.00450	0.00447
64	0.02505	0.01258	0.01583	0.01329	0.01778	0.01225	0.01081	0.07154	0.15291	0.39325	0.06032	0.06376	0.02474	0.01125	0.00777	0.00244	0.00606	0.07917	0.00817	0.01104
65	0.02322	0.01692	0.01832	0.01462	0.01938	0.01841	0.01179	0.44969	0.09837	0.06519	0.06044	0.02703	0.07458	0.05689	0.00936	0.00255	0.00703	0.00809	0.00717	0.01095
66	0.03185	0.01220	0.01662	0.01280	0.01829	0.01055	0.01055	0.03468	0.02080	0.68099	0.05162	0.02576	0.01974	0.00920	0.00735	0.00225	0.00609	0.00751	0.00896	0.01218
67	0.02537	0.01214	0.01560	0.01300	0.01751	0.01154	0.01063	0.05223	0.12359	0.42618	0.10034	0.03477	0.02664	0.01105	0.00778	0.00241	0.00595	0.08398	0.00832	0.01098
68	0.00881	0.00737	0.00767	0.00759	0.00995	0.00623	0.00570	0.01086	0.01709	0.02086	0.15379	0.06794	0.61532	0.01795	0.00859	0.00243	0.00365	0.01506	0.00691	0.00623
69	0.01693	0.01593	0.02712	0.36811	0.19590	0.01754	0.12881	0.09775	0.01776	0.02378	0.01393	0.01887	0.01065	0.00707	0.00747	0.00234	0.00967	0.00683	0.00387	0.00967
70	0.00864	0.00717	0.00756	0.00787	0.00995	0.00609	0.00575	0.01038	0.01608	0.01944	0.06750	0.19237	0.57779	0.01921	0.00872	0.00255	0.00378	0.01631	0.00675	0.00609
71	0.01373	0.01292	0.02180	0.72707	0.05006	0.01615	0.02019	0.01857	0.01453	0.01857	0.01292	0.01938	0.00969	0.00727	0.00727	0.00242	0.00969	0.00646	0.00323	0.00807
72	0.01682	0.01208	0.01343	0.01220	0.01582	0.01261	0.00966	0.04509	0.30742	0.11876	0.04337	0.04497	0.22773	0.01332	0.00801	0.00251	0.00534	0.07398	0.00735	0.00954
73	0.02822	0.01942	0.02124	0.01628	0.02208	0.02115	0.01345	0.60004	0.03261	0.12294	0.01877	0.01831	0.01302	0.00876	0.00728	0.00219	0.00779	0.00663	0.00747	0.01236

[dist]
# distance from previous block
# <min> <max>
0	8

[block]
# block no. 4 follows, 28 sequences, length 7
# corresponding to MSA columns:
# 235-241
name=unknown_E
#
# <colnr> <probs for GDERKNQSTAVLIFYWHMCP>
#	G	D	E	R	K	N	Q	S	T	A	V	L	I	F	Y	W	H	M	C	P
0	0.07398	0.05378	0.05009	0.04631	0.02125	0.15902	0.01284	0.18288	0.08585	0.14003	0.06735	0.02205	0.03523	0.00893	0.00695	0.00216	0.00812	0.00680	0.00615	0.01023
1	0.07556	0.01584	0.01768	0.01419	0.01914	0.01652	0.01153	0.36427	0.02574	0.14098	0.02184	0.10455	0.01823	0.01046	0.00727	0.00223	0.00682	0.03648	0.00699	0.08367
2	0.07127	0.33354	0.08338	0.01438	0.01965	0.10566	0.04090	0.04196	0.01603	0.04348	0.03918	0.01731	0.01330	0.01431	0.11368	0.00335	0.01028	0.00546	0.00394	0.00893
3	0.01720	0.07205	0.22649	0.07557	0.28611	0.01785	0.02079	0.07262	0.06209	0.02510	0.04453	0.01904	0.01385	0.00740	0.00702	0.00221	0.00880	0.00639	0.00411	0.01077
4	0.15721	0.43763	0.08026	0.01258	0.01850	0.02281	0.01233	0.05066	0.01600	0.06868	0.05403	0.01572	0.01342	0.00719	0.00534	0.00185	0.00725	0.00492	0.00423	0.00936
5	0.01502	0.06115	0.01692	0.01785	0.15789	0.02898	0.01133	0.06185	0.06885	0.04895	0.11398	0.09026	0.19427	0.04651	0.00917	0.00255	0.00603	0.03388	0.00598	0.00860
6	0.02028	0.36034	0.11269	0.04669	0.05310	0.16039	0.01514	0.07628	0.01794	0.02126	0.04512	0.01557	0.01258	0.00724	0.00594	0.00186	0.00912	0.00512	0.00384	0.00950

[dist]
# distance from previous block
# <min> <max>
0	2

[block]
# block no. 5 follows, 28 sequences, length 210
# corresponding to MSA columns:
# 244-453
name=unknown_F
#
# <colnr> <probs for GDERKNQSTAVLIFYWHMCP>
#	G	D	E	R	K	N	Q	S	T	A	V	L	I	F	Y	W	H	M	C	P
0	0.01867	0.01382	0.04197	0.01243	0.01632	0.04739	0.01015	0.09497	0.13592	0.16413	0.06006	0.08719	0.19065	0.03768	0.00887	0.00257	0.00605	0.03482	0.00704	0.00930
1	0.02780	0.02009	0.02165	0.01660	0.02241	0.02214	0.01371	0.65337	0.03373	0.06804	0.01783	0.01770	0.01255	0.00874	0.00727	0.00218	0.00794	0.00657	0.00733	0.01236
2	0.06945	0.07536	0.15095	0.02533	0.05908	0.06628	0.37693	0.02319	0.01650	0.02307	0.01345	0.01713	0.01028	0.00639	0.00744	0.00225	0.01092	0.00689	0.00361	0.03551
3	0.01240	0.01059	0.01814	0.01556	0.01821	0.01143	0.13781	0.04195	0.01366	0.01929	0.01847	0.02637	0.01655	0.04328	0.54993	0.00951	0.01761	0.00789	0.00399	0.00737
4	0.02108	0.05062	0.05355	0.02102	0.13485	0.39067	0.01459	0.02368	0.01840	0.01934	0.02249	0.02399	0.12920	0.00935	0.00763	0.00208	0.03772	0.00691	0.00417	0.00867
5	0.01032	0.00701	0.00813	0.00831	0.00849	0.00699	0.00489	0.01062	0.01117	0.01487	0.02623	0.12057	0.05032	0.61426	0.06289	0.00667	0.00718	0.01167	0.00471	0.00471
6	0.79588	0.01406	0.01068	0.00956	0.01406	0.01631	0.00787	0.02137	0.01237	0.03261	0.01012	0.01181	0.00787	0.00675	0.00450	0.00225	0.00562	0.00394	0.00450	0.00787
7	0.01206	0.00955	0.01404	0.01805	0.14272	0.00935	0.01212	0.01507	0.01626	0.02158	0.05727	0.19492	0.08896	0.01774	0.00920	0.00294	0.00625	0.33833	0.00617	0.00741
8	0.01105	0.00762	0.00982	0.00915	0.01109	0.00696	0.00691	0.01433	0.02026	0.05570	0.61833	0.05436	0.11707	0.01491	0.00852	0.00230	0.00356	0.01309	0.00794	0.00702
9	0.00886	0.00633	0.00843	0.01012	0.01054	0.00590	0.00675	0.01012	0.01392	0.01856	0.04006	0.73979	0.04808	0.02277	0.00928	0.00295	0.00422	0.02066	0.00675	0.00590
10	0.01799	0.01727	0.02950	0.04462	0.69919	0.01727	0.02231	0.02231	0.01655	0.02375	0.01367	0.01799	0.01151	0.00648	0.00720	0.00216	0.00864	0.00648	0.00360	0.01151
11	0.01458	0.03760	0.70688	0.02072	0.03146	0.01688	0.02686	0.02302	0.01535	0.02302	0.01304	0.01535	0.00921	0.00691	0.00691	0.00230	0.01074	0.00537	0.00307	0.01074
12	0.01782	0.01532	0.01624	0.01474	0.01874	0.01768	0.01151	0.03766	0.65860	0.03005	0.02995	0.02937	0.02300	0.01028	0.00750	0.00250	0.00579	0.03456	0.00737	0.01131
13	0.01138	0.00813	0.01131	0.01292	0.01446	0.00807	0.01105	0.01451	0.01657	0.02167	0.05986	0.14825	0.04334	0.02019	0.00991	0.00327	0.00634	0.56542	0.00674	0.00662
14	0.00886	0.00633	0.00843	0.01012	0.01054	0.00590	0.00675	0.01012	0.01392	0.01856	0.04006	0.73979	0.04808	0.02277	0.00928	0.00295	0.00422	0.02066	0.00675	0.00590
15	0.02465	0.02894	0.02133	0.04076	0.04562	0.48943	0.01479	0.08993	0.02006	0.02071	0.01170	0.01435	0.00977	0.00843	0.00950	0.00214	0.12983	0.00525	0.00398	0.00883
16	0.00886	0.00633	0.00843	0.01012	0.01054	0.00590	0.00675	0.01012	0.01392	0.01856	0.04006	0.73979	0.04808	0.02277	0.00928	0.00295	0.00422	0.02066	0.00675	0.00590
17	0.79588	0.01406	0.01068	0.00956	0.01406	0.01631	0.00787	0.02137	0.01237	0.03261	0.01012	0.01181	0.00787	0.00675	0.00450	0.00225	0.00562	0.00394	0.00450	0.00787
18	0.01507	0.01292	0.01507	0.01077	0.01723	0.00969	0.00861	0.01830	0.01507	0.02369	0.01292	0.01507	0.01077	0.00538	0.00538	0.00108	0.00538	0.00431	0.00431	0.78898
19	0.01863	0.01549	0.01645	0.01472	0.01889	0.01780	0.01147	0.03850	0.66077	0.05602	0.02955	0.02703	0.02203	0.00983	0.00739	0.00246	0.00577	0.00818	0.00746	0.01154
20	0.01057	0.00705	0.00793	0.00793	0.00793	0.00705	0.00440	0.01057	0.01057	0.01409	0.02290	0.04757	0.02643	0.74454	0.03700	0.00705	0.00705	0.01057	0.00440	0.00440
21	0.00859	0.00736	0.00736	0.00736	0.00982	0.00614	0.00552	0.01043	0.01657	0.01964	0.07364	0.06996	0.69624	0.01841	0.00859	0.00245	0.00368	0.01534	0.00675	0.00614
22	0.01799	0.01727	0.02950	0.04462	0.69919	0.01727	0.02231	0.02231	0.01655	0.02375	0.01367	0.01799	0.01151	0.00648	0.00720	0.00216	0.00864	0.00648	0.00360	0.01151
23	0.01103	0.00764	0.00970	0.00906	0.01105	0.00693	0.00684	0.01421	0.02002	0.05747	0.57875	0.05520	0.15452	0.01510	0.00852	0.00231	0.00359	0.01320	0.00787	0.00700
24	0.79588	0.01406	0.01068	0.00956	0.01406	0.01631	0.00787	0.02137	0.01237	0.03261	0.01012	0.01181	0.00787	0.00675	0.00450	0.00225	0.00562	0.00394	0.00450	0.00787
25	0.01716	0.01961	0.04289	0.03064	0.03799	0.01838	0.67279	0.02328	0.01716	0.02328	0.01471	0.01961	0.01103	0.00613	0.00858	0.00245	0.01225	0.00858	0.00368	0.00980
26	0.02763	0.02036	0.02182	0.01672	0.02254	0.02254	0.01382	0.67496	0.03418	0.04581	0.01745	0.01745	0.01236	0.00873	0.00727	0.00218	0.00800	0.00654	0.00727	0.01236
27	0.00884	0.00640	0.00836	0.00992	0.01049	0.00592	0.00666	0.01014	0.01411	0.01864	0.04254	0.69038	0.09589	0.02245	0.00923	0.00292	0.00418	0.02027	0.00675	0.00592
28	0.02763	0.02036	0.02182	0.01672	0.02254	0.02254	0.01382	0.67496	0.03418	0.04581	0.01745	0.01745	0.01236	0.00873	0.00727	0.00218	0.00800	0.00654	0.00727	0.01236
29	0.01808	0.01561	0.01644	0.01479	0.01890	0.01808	0.01151	0.03863	0.68606	0.03041	0.02959	0.02712	0.02219	0.00986	0.00740	0.00247	0.00575	0.00822	0.00740	0.01151
30	0.01373	0.01292	0.02180	0.72707	0.05006	0.01615	0.02019	0.01857	0.01453	0.01857	0.01292	0.01938	0.00969	0.00727	0.00727	0.00242	0.00969	0.00646	0.00323	0.00807
31	0.01507	0.01292	0.01507	0.01077	0.01723	0.00969	0.00861	0.01830	0.01507	0.02369	0.01292	0.01507	0.01077	0.00538	0.00538	0.00108	0.00538	0.00431	0.00431	0.78898
32	0.01943	0.74891	0.03809	0.01244	0.01866	0.02876	0.01244	0.02177	0.01477	0.01710	0.01011	0.01166	0.00933	0.00622	0.00466	0.00155	0.00777	0.00389	0.00311	0.00933
33	0.00869	0.00725	0.00758	0.00774	0.00994	0.00614	0.00572	0.01054	0.01645	0.01994	0.09727	0.14279	0.59753	0.01873	0.00867	0.00250	0.00373	0.01583	0.00680	0.00614
34	0.00859	0.00736	0.00736	0.00736	0.00982	0.00614	0.00552	0.01043	0.01657	0.01964	0.07364	0.06996	0.69624	0.01841	0.00859	0.00245	0.00368	0.01534	0.00675	0.00614
35	0.79588	0.01406	0.01068	0.00956	0.01406	0.01631	0.00787	0.02137	0.01237	0.03261	0.01012	0.01181	0.00787	0.00675	0.00450	0.00225	0.00562	0.00394	0.00450	0.00787
36	0.02073	0.01482	0.01663	0.01359	0.01809	0.01554	0.01076	0.22851	0.19500	0.10322	0.06330	0.02569	0.02017	0.07308	0.04077	0.00295	0.00702	0.00756	0.00674	0.11585
37	0.01504	0.08445	0.62837	0.02066	0.03093	0.01776	0.05858	0.02295	0.01540	0.02264	0.01293	0.01531	0.00931	0.00682	0.00684	0.00226	0.01062	0.00543	0.00310	0.01060
38	0.00949	0.00799	0.00836	0.00841	0.01090	0.00711	0.00649	0.01268	0.05939	0.02053	0.06748	0.06836	0.59088	0.01802	0.00865	0.00254	0.00410	0.07529	0.00679	0.00653
39	0.02560	0.01838	0.01988	0.01573	0.02105	0.02027	0.01284	0.47972	0.16298	0.08922	0.02089	0.02023	0.01494	0.00896	0.00723	0.00223	0.00726	0.00694	0.03363	0.01200
40	0.01796	0.01736	0.03001	0.04409	0.67427	0.01731	0.04682	0.02235	0.01657	0.02373	0.01371	0.01805	0.01150	0.00646	0.00725	0.00217	0.00877	0.00656	0.00360	0.01145
41	0.03038	0.01300	0.03911	0.01294	0.01859	0.01068	0.01097	0.03342	0.02040	0.62658	0.05686	0.02537	0.01966	0.00905	0.00728	0.00221	0.00618	0.00739	0.00858	0.04134
42	0.00886	0.00633	0.00843	0.01012	0.01054	0.00590	0.00675	0.01012	0.01392	0.01856	0.04006	0.73979	0.04808	0.02277	0.00928	0.00295	0.00422	0.02066	0.00675	0.00590
43	0.02763	0.02036	0.02182	0.01672	0.02254	0.02254	0.01382	0.67496	0.03418	0.04581	0.01745	0.01745	0.01236	0.00873	0.00727	0.00218	0.00800	0.00654	0.00727	0.01236
44	0.07472	0.03518	0.63093	0.02020	0.03034	0.01689	0.04722	0.02290	0.01518	0.02377	0.01288	0.01522	0.00917	0.00687	0.00678	0.00230	0.01040	0.00537	0.00320	0.01049
45	0.00886	0.00633	0.00843	0.01012	0.01054	0.00590	0.00675	0.01012	0.01392	0.01856	0.04006	0.73979	0.04808	0.02277	0.00928	0.00295	0.00422	0.02066	0.00675	0.00590
46	0.01595	0.01603	0.02296	0.01947	0.01972	0.02213	0.03804	0.01769	0.01134	0.01769	0.00972	0.01603	0.00959	0.01250	0.02334	0.00316	0.70700	0.00644	0.00320	0.00801
47	0.01943	0.74891	0.03809	0.01244	0.01866	0.02876	0.01244	0.02177	0.01477	0.01710	0.01011	0.01166	0.00933	0.00622	0.00466	0.00155	0.00777	0.00389	0.00311	0.00933
48	0.01625	0.01783	0.03729	0.21557	0.04120	0.01779	0.49950	0.02203	0.01646	0.02203	0.01423	0.01955	0.01067	0.00643	0.00823	0.00244	0.01157	0.00802	0.00356	0.00934
49	0.00940	0.00856	0.00794	0.00786	0.01037	0.03723	0.00590	0.01125	0.01675	0.01956	0.07090	0.06746	0.66613	0.01793	0.00850	0.00243	0.00410	0.01487	0.00662	0.00624
50	0.01507	0.01292	0.01507	0.01077	0.01723	0.00969	0.00861	0.01830	0.01507	0.02369	0.01292	0.01507	0.01077	0.00538	0.00538	0.00108	0.00538	0.00431	0.00431	0.78898
51	0.01507	0.01292	0.01507	0.01077	0.01723	0.00969	0.00861	0.01830	0.01507	0.02369	0.01292	0.01507	0.01077	0.00538	0.00538	0.00108	0.00538	0.00431	0.00431	0.78898
52	0.01057	0.00705	0.00793	0.00793	0.00793	0.00705	0.00440	0.01057	0.01057	0.01409	0.02290	0.04757	0.02643	0.74454	0.03700	0.00705	0.00705	0.01057	0.00440	0.00440
53	0.01602	0.01348	0.01558	0.01122	0.01763	0.01066	0.00901	0.06801	0.01652	0.02536	0.01326	0.01525	0.01089	0.00564	0.00553	0.00116	0.00558	0.00448	0.00453	0.73018
54	0.01370	0.01201	0.02009	0.58919	0.06554	0.01461	0.01804	0.01724	0.01379	0.01780	0.01290	0.01977	0.01022	0.01012	0.01065	0.12815	0.00911	0.00644	0.00323	0.00740
55	0.02003	0.19547	0.02196	0.01342	0.01882	0.08428	0.01120	0.04842	0.20074	0.08276	0.01815	0.01827	0.01409	0.00744	0.00610	0.00179	0.00696	0.00564	0.00531	0.21915
56	0.01167	0.01369	0.15185	0.01196	0.01557	0.00897	0.01137	0.01563	0.01782	0.04745	0.31172	0.13555	0.12567	0.01497	0.00843	0.00250	0.00546	0.07551	0.00659	0.00761
57	0.03261	0.01237	0.01687	0.01293	0.01856	0.01068	0.01068	0.03543	0.02081	0.70423	0.02868	0.02474	0.01799	0.00900	0.00731	0.00225	0.00619	0.00731	0.00900	0.01237
58	0.01276	0.00879	0.01198	0.01296	0.01491	0.00874	0.01115	0.03792	0.01793	0.04586	0.11867	0.07451	0.04336	0.01869	0.00968	0.00314	0.00632	0.52860	0.00695	0.00709
59	0.01796	0.01737	0.03005	0.04405	0.67244	0.01732	0.04863	0.02235	0.01658	0.02373	0.01371	0.01806	0.01149	0.00646	0.00725	0.00217	0.00878	0.00656	0.00360	0.01144
60	0.00903	0.00770	0.00781	0.00772	0.01022	0.00664	0.00581	0.01168	0.04379	0.02039	0.09292	0.06769	0.64771	0.01794	0.00854	0.00245	0.00376	0.01498	0.00682	0.00638
61	0.00894	0.00736	0.00789	0.00806	0.01027	0.00631	0.00609	0.01096	0.01672	0.02045	0.11854	0.11451	0.56270	0.01852	0.00872	0.00253	0.00388	0.05448	0.00685	0.00621
62	0.01482	0.03604	0.65242	0.02209	0.05874	0.01696	0.05299	0.02300	0.01547	0.02306	0.01314	0.01563	0.00938	0.00686	0.00699	0.00230	0.01072	0.00555	0.00312	0.01074
63	0.04097	0.07111	0.65132	0.01995	0.03026	0.01744	0.02553	0.02290	0.01522	0.02306	0.01281	0.01505	0.00917	0.00687	0.00672	0.00226	0.01043	0.00525	0.00312	0.01058
64	0.01543	0.16152	0.59037	0.01928	0.02923	0.01895	0.02434	0.02280	0.01525	0.02199	0.01253	0.01470	0.00923	0.00679	0.00652	0.00217	0.01023	0.00511	0.00308	0.01050
65	0.00919	0.00647	0.00834	0.00970	0.01004	0.00613	0.00629	0.01021	0.01327	0.01769	0.03674	0.60553	0.04388	0.16277	0.01465	0.00375	0.00477	0.01871	0.00629	0.00561
66	0.76954	0.03899	0.01161	0.00966	0.01421	0.01673	0.00803	0.02138	0.01245	0.03209	0.01012	0.01180	0.00792	0.00673	0.00450	0.00223	0.00570	0.00393	0.00445	0.00792
67	0.07606	0.01797	0.01947	0.01511	0.02056	0.01946	0.01245	0.50057	0.02970	0.13927	0.01900	0.01874	0.01328	0.00862	0.00697	0.00217	0.00730	0.00650	0.05505	0.01174
68	0.01559	0.01323	0.01535	0.01101	0.01744	0.01022	0.00883	0.04524	0.01586	0.02459	0.01311	0.01517	0.01083	0.00552	0.00546	0.00112	0.00549	0.00440	0.00443	0.75711
69	0.01266	0.00792	0.01016	0.00947	0.01163	0.00714	0.00714	0.01560	0.01945	0.10927	0.47157	0.11793	0.14135	0.01536	0.00849	0.00237	0.00387	0.01343	0.00784	0.00735
70	0.06688	0.06706	0.44889	0.01990	0.05065	0.01825	0.04826	0.09755	0.06826	0.02650	0.01455	0.01633	0.01062	0.00724	0.00679	0.00226	0.00957	0.00572	0.00401	0.01072
71	0.02427	0.01896	0.02000	0.05036	0.02266	0.05089	0.01335	0.40530	0.22537	0.06045	0.02093	0.02046	0.01520	0.00895	0.00728	0.00227	0.00758	0.00698	0.00702	0.01173
72	0.01010	0.00712	0.00843	0.00861	0.00916	0.00709	0.00545	0.01084	0.01187	0.01569	0.03094	0.12014	0.11635	0.47598	0.12567	0.00666	0.00805	0.01187	0.00489	0.00508
73	0.01056	0.00708	0.00807	0.00807	0.00812	0.00712	0.00458	0.01066	0.01061	0.01420	0.02277	0.04685	0.02612	0.71853	0.06258	0.00722	0.00752	0.01047	0.00439	0.00448
74	0.02579	0.01916	0.02106	0.06651	0.02383	0.02134	0.01386	0.58204	0.05408	0.04265	0.01778	0.01828	0.01274	0.00865	0.00719	0.00219	0.00787	0.00660	0.03655	0.01182
75	0.01245	0.01094	0.01657	0.01468	0.01675	0.04006	0.09570	0.01534	0.01280	0.01802	0.01806	0.02644	0.01656	0.06420	0.50197	0.00902	0.06757	0.00772	0.02812	0.00704
76	0.00899	0.00730	0.00748	0.00748	0.00943	0.00632	0.00529	0.01046	0.01535	0.01851	0.06329	0.06539	0.55968	0.16646	0.01438	0.00339	0.00437	0.01437	0.00627	0.00578
77	0.02763	0.02036	0.02182	0.01672	0.02254	0.02254	0.01382	0.67496	0.03418	0.04581	0.01745	0.01745	0.01236	0.00873	0.00727	0.00218	0.00800	0.00654	0.00727	0.01236
78	0.04111	0.06571	0.46665	0.02282	0.07862	0.01739	0.12773	0.02269	0.01559	0.02317	0.01311	0.01591	0.00970	0.00665	0.00694	0.00222	0.01029	0.00580	0.00331	0.04460
79	0.01478	0.06638	0.67981	0.02038	0.03094	0.01736	0.02627	0.02297	0.01532	0.02278	0.01293	0.01520	0.00921	0.00688	0.00682	0.00227	0.01062	0.00531	0.00307	0.01069
80	0.01644	0.01332	0.01538	0.01152	0.01756	0.01108	0.00918	0.02242	0.12269	0.05920	0.01638	0.01749	0.01296	0.00628	0.00580	0.00136	0.00548	0.00508	0.00504	0.62532
81	0.01034	0.00955	0.05851	0.00970	0.01216	0.00746	0.00807	0.01389	0.01962	0.02733	0.55666	0.05383	0.15588	0.01482	0.00846	0.00231	0.00398	0.01292	0.00747	0.00703
82	0.03261	0.01237	0.01687	0.01293	0.01856	0.01068	0.01068	0.03543	0.02081	0.70423	0.02868	0.02474	0.01799	0.00900	0.00731	0.00225	0.00619	0.00731	0.00900	0.01237
