[name]
unknown

[dist]
# distance from previous block
# <min> <max>
0	69

[block]
# block no. 0 follows, 26 sequences, length 12
# corresponding to MSA columns:
# 69-80
name=unknown_A
#
# <colnr> <probs for GDERKNQSTAVLIFYWHMCP>
#	G	D	E	R	K	N	Q	S	T	A	V	L	I	F	Y	W	H	M	C	P
0	0.01502	0.00946	0.01285	0.01335	0.01582	0.00902	0.01138	0.01821	0.01744	0.10342	0.03609	0.07133	0.03744	0.06560	0.01167	0.00345	0.00685	0.47615	0.00695	0.05851
1	0.03046	0.01366	0.01754	0.01386	0.01917	0.01273	0.01126	0.14115	0.02333	0.50827	0.02920	0.10050	0.02116	0.01089	0.00784	0.00241	0.00656	0.00900	0.00883	0.01218
2	0.01187	0.00898	0.01078	0.01106	0.01278	0.00880	0.00787	0.05683	0.07738	0.02347	0.09575	0.44378	0.10055	0.04811	0.01022	0.00296	0.00486	0.01708	0.00705	0.03983
3	0.01115	0.00861	0.01075	0.01134	0.01247	0.00891	0.00803	0.01532	0.09977	0.02211	0.12145	0.45449	0.06848	0.05790	0.01166	0.00315	0.04304	0.01733	0.00697	0.00708
4	0.02008	0.01420	0.01606	0.01377	0.01742	0.01548	0.01066	0.14379	0.26065	0.11151	0.11888	0.03309	0.02785	0.12276	0.01322	0.00323	0.03048	0.00919	0.00735	0.01032
5	0.01295	0.00969	0.01199	0.01152	0.01279	0.01026	0.00826	0.06829	0.01485	0.02038	0.02666	0.20682	0.02956	0.28615	0.08274	0.00533	0.06877	0.05340	0.00544	0.05413
6	0.01736	0.01342	0.01595	0.01226	0.01777	0.01150	0.00972	0.07848	0.01763	0.06991	0.01848	0.10796	0.01682	0.00886	0.00731	0.00166	0.03764	0.00720	0.00538	0.52470
7	0.01475	0.01353	0.02030	0.31180	0.03179	0.01757	0.01662	0.01798	0.01376	0.01972	0.01563	0.08337	0.01449	0.01142	0.01447	0.00283	0.29181	0.00807	0.07205	0.00805
8	0.01417	0.01002	0.01116	0.01025	0.01208	0.01007	0.00706	0.12614	0.01700	0.02314	0.02968	0.14138	0.08490	0.35347	0.02238	0.00472	0.00645	0.01165	0.05653	0.04774
9	0.01247	0.00975	0.01195	0.01120	0.01344	0.00919	0.00806	0.04354	0.01520	0.02130	0.03017	0.35465	0.05262	0.12171	0.01373	0.00318	0.04938	0.01400	0.00585	0.19861
10	0.02413	0.01942	0.02012	0.01598	0.02118	0.06257	0.01284	0.38894	0.10496	0.03750	0.01864	0.02064	0.01447	0.05347	0.00988	0.00248	0.03644	0.00683	0.00657	0.12295
11	0.01394	0.01041	0.01439	0.03946	0.05730	0.01118	0.01063	0.01600	0.01533	0.07974	0.06750	0.33532	0.08152	0.03620	0.01267	0.00296	0.13954	0.01435	0.00613	0.03544

[dist]
# distance from previous block
# <min> <max>
13	35

[block]
# block no. 1 follows, 26 sequences, length 27
# corresponding to MSA columns:
# 121-147
name=unknown_B
#
# <colnr> <probs for GDERKNQSTAVLIFYWHMCP>
#	G	D	E	R	K	N	Q	S	T	A	V	L	I	F	Y	W	H	M	C	P
0	0.14823	0.05033	0.01825	0.03938	0.02021	0.05074	0.01170	0.13452	0.11614	0.25025	0.04266	0.04762	0.01828	0.00952	0.00711	0.00235	0.00702	0.00742	0.00720	0.01109
1	0.08266	0.07801	0.01900	0.09799	0.05521	0.01548	0.01237	0.04910	0.14361	0.20847	0.08469	0.02909	0.07237	0.01006	0.00737	0.00236	0.00664	0.00822	0.00682	0.01049
2	0.09678	0.07969	0.05382	0.07984	0.12406	0.21554	0.01527	0.04601	0.07790	0.04913	0.05255	0.02125	0.03987	0.00858	0.00698	0.00221	0.00931	0.00659	0.00484	0.00978
3	0.02080	0.04878	0.12640	0.15940	0.24373	0.07961	0.02032	0.11390	0.01989	0.07309	0.01531	0.01835	0.01161	0.00758	0.00734	0.00229	0.00966	0.00639	0.00453	0.01103
4	0.17517	0.13502	0.05285	0.01500	0.02058	0.06869	0.01296	0.20352	0.15444	0.06449	0.01793	0.01807	0.01345	0.00835	0.00654	0.00223	0.00776	0.00605	0.00597	0.01092
5	0.41201	0.01649	0.01626	0.05001	0.02005	0.01836	0.01123	0.22756	0.02136	0.11836	0.01553	0.01627	0.01111	0.00802	0.00613	0.00233	0.00695	0.00555	0.00612	0.01030
6	0.02402	0.01571	0.01783	0.01477	0.01959	0.01679	0.01183	0.19359	0.27745	0.19267	0.10621	0.02858	0.02537	0.01041	0.00781	0.00242	0.00641	0.00853	0.00816	0.01186
7	0.03403	0.01291	0.01760	0.01350	0.01936	0.01115	0.01115	0.03697	0.02171	0.69137	0.02992	0.02582	0.01878	0.00939	0.00763	0.00235	0.00645	0.00763	0.00939	0.01291
8	0.00987	0.00772	0.00893	0.00863	0.01080	0.00679	0.00647	0.01263	0.01942	0.02555	0.38508	0.06468	0.37164	0.01732	0.00896	0.00247	0.00371	0.01484	0.00771	0.00679
9	0.00971	0.00703	0.00918	0.01009	0.01107	0.00650	0.00701	0.01179	0.01691	0.02300	0.25120	0.47769	0.08891	0.02086	0.00941	0.00283	0.00411	0.01874	0.00747	0.00650
10	0.01318	0.00659	0.00988	0.00988	0.00988	0.00659	0.00659	0.00988	0.00988	0.01318	0.01318	0.02306	0.01318	0.02635	0.02964	0.77931	0.00659	0.00659	0.00329	0.00329
11	0.01082	0.00752	0.00949	0.00964	0.01008	0.00789	0.00626	0.01174	0.01167	0.01597	0.02435	0.10124	0.02692	0.47138	0.23455	0.00843	0.01097	0.01106	0.00464	0.00538
12	0.01877	0.01802	0.03079	0.04656	0.68612	0.01802	0.02328	0.02328	0.01727	0.02478	0.01427	0.01877	0.01201	0.00676	0.00751	0.00225	0.00901	0.00676	0.00375	0.01201
13	0.01744	0.01842	0.02842	0.02285	0.02490	0.05273	0.17349	0.02027	0.01360	0.01975	0.01135	0.01741	0.01033	0.01135	0.02018	0.00307	0.51506	0.00713	0.00347	0.00879
14	0.02028	0.73799	0.03975	0.01298	0.01947	0.03001	0.01298	0.02271	0.01541	0.01785	0.01055	0.01217	0.00973	0.00649	0.00487	0.00162	0.00811	0.00406	0.00324	0.00973
15	0.00924	0.00660	0.00880	0.01056	0.01100	0.00616	0.00704	0.01056	0.01452	0.01936	0.04181	0.72848	0.05017	0.02376	0.00968	0.00308	0.00440	0.02156	0.00704	0.00616
16	0.01432	0.01348	0.02275	0.71520	0.05224	0.01685	0.02107	0.01938	0.01517	0.01938	0.01348	0.02022	0.01011	0.00758	0.00758	0.00253	0.01011	0.00674	0.00337	0.00843
17	0.01097	0.00849	0.01011	0.00975	0.01187	0.00805	0.00728	0.01572	0.08489	0.02709	0.40918	0.11612	0.21880	0.01663	0.00889	0.00251	0.00396	0.01446	0.00784	0.00737
18	0.01982	0.67442	0.09929	0.01376	0.02068	0.02889	0.01435	0.02283	0.01547	0.01841	0.01082	0.01252	0.00972	0.00655	0.00508	0.00169	0.00839	0.00420	0.00324	0.00987
19	0.02028	0.73799	0.03975	0.01298	0.01947	0.03001	0.01298	0.02271	0.01541	0.01785	0.01055	0.01217	0.00973	0.00649	0.00487	0.00162	0.00811	0.00406	0.00324	0.00973
20	0.01659	0.01659	0.02323	0.01991	0.01991	0.02323	0.01659	0.01825	0.01162	0.01825	0.00996	0.01659	0.00996	0.01328	0.02489	0.00332	0.71955	0.00664	0.00332	0.00830
21	0.01485	0.01250	0.01467	0.01102	0.01680	0.00958	0.00858	0.01785	0.01537	0.02369	0.01679	0.08754	0.01588	0.04390	0.00767	0.00163	0.00558	0.00650	0.00475	0.66482
22	0.60488	0.01424	0.01271	0.01083	0.01580	0.01560	0.00892	0.02584	0.01504	0.19303	0.01525	0.01559	0.01077	0.00761	0.00540	0.00235	0.00601	0.00496	0.00583	0.00935
23	0.00920	0.00678	0.00862	0.01008	0.01088	0.00620	0.00683	0.01062	0.01498	0.01955	0.04761	0.61990	0.15500	0.02301	0.00956	0.00299	0.00431	0.02064	0.00704	0.00620
24	0.01187	0.00942	0.01069	0.01066	0.01236	0.04110	0.00775	0.04761	0.01944	0.02610	0.34216	0.29147	0.10455	0.01800	0.00903	0.00262	0.00463	0.01588	0.00753	0.00713
25	0.03138	0.01371	0.01982	0.01507	0.02092	0.01223	0.06621	0.06382	0.02202	0.57527	0.05723	0.02638	0.02024	0.00939	0.00780	0.00236	0.00695	0.00798	0.00879	0.01242
26	0.03362	0.01356	0.01801	0.01381	0.01969	0.01212	0.01140	0.08587	0.02280	0.64092	0.02901	0.02522	0.01832	0.00937	0.00762	0.00234	0.00660	0.00757	0.00925	0.01291

[dist]
# distance from previous block
# <min> <max>
3	5

[block]
# block no. 2 follows, 26 sequences, length 62
# corresponding to MSA columns:
# 153-214
name=unknown_C
#
# <colnr> <probs for GDERKNQSTAVLIFYWHMCP>
#	G	D	E	R	K	N	Q	S	T	A	V	L	I	F	Y	W	H	M	C	P
0	0.04302	0.01673	0.02203	0.36115	0.06058	0.05719	0.03651	0.12032	0.10323	0.02643	0.01632	0.01995	0.01232	0.00795	0.00736	0.00235	0.00910	0.00670	0.00475	0.06601
1	0.07819	0.01754	0.01808	0.01479	0.01974	0.07251	0.01186	0.22850	0.13862	0.20744	0.04889	0.02393	0.01860	0.02925	0.00819	0.00245	0.00732	0.00739	0.03528	0.01143
2	0.01174	0.00765	0.01012	0.01021	0.01175	0.00704	0.00738	0.01439	0.01878	0.07101	0.38795	0.31671	0.05963	0.01831	0.00914	0.00265	0.00409	0.01637	0.00791	0.00716
3	0.00986	0.00749	0.00909	0.00917	0.01092	0.00671	0.00669	0.01245	0.01870	0.02497	0.35730	0.20239	0.25987	0.01840	0.00911	0.00259	0.00383	0.01608	0.00766	0.00671
4	0.01573	0.01348	0.01573	0.01123	0.01798	0.01011	0.00899	0.01910	0.01573	0.02472	0.01348	0.01573	0.01123	0.00562	0.00562	0.00112	0.00562	0.00449	0.00449	0.77980
5	0.00921	0.00673	0.00867	0.01023	0.01091	0.00619	0.00689	0.01060	0.01484	0.01949	0.04587	0.65249	0.12353	0.02324	0.00960	0.00302	0.00434	0.02092	0.00704	0.00619
6	0.01084	0.00813	0.01219	0.01219	0.01354	0.00948	0.00948	0.01354	0.01219	0.01761	0.02032	0.02980	0.01896	0.05689	0.70337	0.01219	0.02032	0.00813	0.00406	0.00677
7	0.01040	0.00774	0.00967	0.00919	0.01112	0.00701	0.00689	0.01366	0.02067	0.02852	0.56615	0.05979	0.18872	0.01622	0.00895	0.00242	0.00363	0.01416	0.00810	0.00701
8	0.01073	0.00723	0.00836	0.00866	0.00874	0.00715	0.00501	0.01095	0.01162	0.01550	0.02694	0.16502	0.03142	0.61280	0.03369	0.00663	0.00685	0.01282	0.00501	0.00486
9	0.02028	0.73799	0.03975	0.01298	0.01947	0.03001	0.01298	0.02271	0.01541	0.01785	0.01055	0.01217	0.00973	0.00649	0.00487	0.00162	0.00811	0.00406	0.00324	0.00973
10	0.01573	0.01522	0.02233	0.25715	0.03079	0.01976	0.01738	0.01872	0.01324	0.01927	0.01151	0.01775	0.01013	0.01058	0.01708	0.00283	0.40667	0.00646	0.00345	0.08393
11	0.01409	0.01323	0.02209	0.68408	0.05039	0.01639	0.02039	0.01901	0.01526	0.01943	0.01627	0.02254	0.03971	0.00809	0.00764	0.00253	0.00984	0.00715	0.00353	0.00834
12	0.00911	0.00763	0.00792	0.00798	0.01037	0.00644	0.00593	0.01111	0.01744	0.02114	0.11844	0.10844	0.60369	0.01920	0.00900	0.00258	0.00385	0.01615	0.00714	0.00644
13	0.00923	0.00666	0.00874	0.01040	0.01096	0.00617	0.00697	0.01058	0.01468	0.01943	0.04382	0.69080	0.08655	0.02350	0.00964	0.00305	0.00437	0.02124	0.00704	0.00617
14	0.02768	0.02044	0.02229	0.05118	0.02448	0.02270	0.01447	0.61016	0.03407	0.04583	0.01818	0.01861	0.01296	0.00902	0.00752	0.00227	0.00829	0.00683	0.03052	0.01251
15	0.01415	0.01301	0.02172	0.65755	0.04892	0.01617	0.01998	0.01904	0.01505	0.01959	0.01419	0.02096	0.01085	0.01003	0.04145	0.00297	0.01039	0.00682	0.02887	0.00830
16	0.01095	0.00766	0.00982	0.00982	0.01035	0.00819	0.00652	0.01202	0.01149	0.01585	0.02249	0.04181	0.02418	0.46640	0.30099	0.00926	0.01247	0.00988	0.00439	0.00546
17	0.02364	0.02018	0.06602	0.01640	0.02245	0.02015	0.01401	0.37488	0.19278	0.03904	0.02047	0.02028	0.01505	0.00881	0.00733	0.00221	0.00758	0.00688	0.00691	0.11494
18	0.02021	0.43925	0.12728	0.01524	0.02185	0.06852	0.01513	0.05501	0.12847	0.02248	0.01486	0.01582	0.01214	0.00744	0.00593	0.00195	0.00856	0.00522	0.00424	0.01041
19	0.01675	0.22205	0.48365	0.02078	0.06686	0.02090	0.02379	0.02363	0.01593	0.02244	0.01284	0.01516	0.00978	0.00699	0.00661	0.00219	0.01027	0.00526	0.00325	0.01087
20	0.01474	0.01172	0.01470	0.01581	0.04955	0.01257	0.01240	0.02444	0.24222	0.02633	0.07157	0.06106	0.03664	0.01630	0.00930	0.00305	0.00656	0.35492	0.00715	0.00896
21	0.00967	0.00732	0.01012	0.01099	0.01196	0.00677	0.03240	0.01127	0.01504	0.01986	0.06456	0.58707	0.11331	0.04810	0.01061	0.00314	0.00475	0.01986	0.00687	0.00632
22	0.01532	0.03850	0.66864	0.02203	0.03310	0.01768	0.05278	0.02403	0.01609	0.02403	0.01368	0.01619	0.00968	0.00717	0.00727	0.00241	0.01127	0.00574	0.00323	0.01117
23	0.00960	0.00692	0.00918	0.01086	0.01156	0.00649	0.00763	0.01122	0.01501	0.01983	0.04314	0.61901	0.07719	0.02321	0.00975	0.00311	0.00470	0.09827	0.00703	0.00627
24	0.01405	0.00813	0.01083	0.01066	0.01255	0.00740	0.00778	0.01653	0.01849	0.13796	0.29288	0.34349	0.05329	0.01806	0.00904	0.00268	0.00442	0.01609	0.00796	0.00770
25	0.00943	0.00700	0.00879	0.00982	0.01090	0.00637	0.00680	0.01123	0.01620	0.02138	0.15237	0.48867	0.18026	0.02152	0.00942	0.00286	0.00416	0.01918	0.00725	0.00637
26	0.01214	0.00820	0.00979	0.00961	0.01070	0.00808	0.00649	0.01322	0.01415	0.06356	0.06481	0.17161	0.16895	0.33937	0.02319	0.00482	0.04566	0.01357	0.00595	0.00613
27	0.06500	0.01298	0.01734	0.01335	0.01917	0.01139	0.01103	0.03636	0.02135	0.66433	0.02913	0.02526	0.01834	0.00929	0.00751	0.00235	0.00643	0.00748	0.00919	0.01272
28	0.00962	0.00688	0.00917	0.01053	0.01125	0.00643	0.00727	0.01141	0.01582	0.02137	0.15008	0.58840	0.05352	0.02225	0.00959	0.00298	0.00437	0.04543	0.00726	0.00636
29	0.01709	0.03096	0.41564	0.02739	0.13210	0.01835	0.16363	0.05954	0.01771	0.02552	0.01434	0.01752	0.01057	0.00707	0.00765	0.00241	0.01106	0.00657	0.00367	0.01121
30	0.01977	0.66772	0.10556	0.01385	0.02081	0.02877	0.01449	0.02284	0.01547	0.01847	0.01085	0.01255	0.00972	0.00656	0.00510	0.00170	0.00842	0.00421	0.00324	0.00988
31	0.00924	0.00660	0.00880	0.01056	0.01100	0.00616	0.00704	0.01056	0.01452	0.01936	0.04181	0.72848	0.05017	0.02376	0.00968	0.00308	0.00440	0.02156	0.00704	0.00616
32	0.01551	0.01470	0.02490	0.53641	0.22173	0.01716	0.02166	0.02042	0.01573	0.02082	0.01369	0.01983	0.01062	0.00736	0.00756	0.00245	0.00982	0.00675	0.00347	0.00939
33	0.02116	0.02183	0.05341	0.08590	0.34773	0.14466	0.01957	0.12252	0.02040	0.02635	0.01466	0.01836	0.01188	0.01020	0.04626	0.00278	0.01058	0.00645	0.00434	0.01095
34	0.02870	0.02000	0.02182	0.01689	0.02281	0.02186	0.01390	0.55045	0.07835	0.11612	0.02035	0.01973	0.01425	0.00922	0.00760	0.00230	0.00798	0.00704	0.00779	0.01284
35	0.00924	0.00660	0.00880	0.01056	0.01100	0.00616	0.00704	0.01056	0.01452	0.01936	0.04181	0.72848	0.05017	0.02376	0.00968	0.00308	0.00440	0.02156	0.00704	0.00616
36	0.01714	0.01642	0.02797	0.28605	0.40677	0.01768	0.04820	0.02253	0.04021	0.02306	0.01463	0.01971	0.01171	0.00717	0.00760	0.00238	0.00945	0.00691	0.00376	0.01065
37	0.01784	0.31415	0.32054	0.02241	0.13855	0.02263	0.02122	0.02337	0.01599	0.02169	0.01250	0.01495	0.01007	0.00684	0.00633	0.00207	0.00960	0.00518	0.00331	0.01076
38	0.01661	0.01744	0.03398	0.13259	0.13757	0.01792	0.34305	0.02159	0.01647	0.02260	0.01669	0.08211	0.01463	0.00885	0.01019	0.00263	0.08226	0.00916	0.00398	0.00969
39	0.74466	0.01504	0.01180	0.01039	0.01516	0.01738	0.00856	0.05796	0.01418	0.03480	0.01099	0.01265	0.00848	0.00716	0.00486	0.00234	0.00601	0.00426	0.00486	0.00848
40	0.02816	0.02091	0.02238	0.01732	0.02326	0.02321	0.01425	0.61866	0.07893	0.04671	0.01907	0.01890	0.01360	0.00919	0.00760	0.00230	0.00819	0.00695	0.00760	0.01284
41	0.02554	0.27986	0.02783	0.01726	0.02207	0.46930	0.01407	0.02766	0.01938	0.01831	0.01131	0.01315	0.00976	0.00736	0.00615	0.00184	0.01175	0.00460	0.00368	0.00912
42	0.00924	0.00660	0.00880	0.01056	0.01100	0.00616	0.00704	0.01056	0.01452	0.01936	0.04181	0.72848	0.05017	0.02376	0.00968	0.00308	0.00440	0.02156	0.00704	0.00616
43	0.01186	0.00847	0.01180	0.01355	0.01514	0.00842	0.01159	0.01509	0.01710	0.02229	0.04036	0.16407	0.04445	0.02130	0.01038	0.00344	0.00667	0.56015	0.00699	0.00688
44	0.00920	0.00751	0.00813	0.00837	0.01049	0.00644	0.00613	0.01119	0.01725	0.02133	0.13388	0.18271	0.51183	0.01960	0.00908	0.00263	0.00391	0.01671	0.00718	0.00644
45	0.01490	0.01379	0.02275	0.68750	0.05110	0.01712	0.02080	0.04485	0.01598	0.02051	0.01367	0.02014	0.01022	0.00764	0.00758	0.00252	0.01004	0.00674	0.00354	0.00860
46	0.01228	0.00867	0.01048	0.01014	0.01110	0.00913	0.00683	0.06560	0.01380	0.01867	0.02547	0.08187	0.04926	0.43521	0.20166	0.00774	0.01042	0.01073	0.00494	0.00599
47	0.78701	0.01467	0.01115	0.00997	0.01467	0.01702	0.00821	0.02230	0.01291	0.03403	0.01056	0.01232	0.00821	0.00704	0.00469	0.00235	0.00587	0.00411	0.00469	0.00821
48	0.02547	0.02496	0.04587	0.07477	0.07033	0.24418	0.01559	0.25876	0.06810	0.05293	0.01667	0.01803	0.01252	0.00841	0.00727	0.00220	0.01004	0.00628	0.02677	0.01086
49	0.03154	0.01269	0.01702	0.01329	0.01878	0.01123	0.01089	0.03543	0.05343	0.60962	0.07888	0.02825	0.02295	0.00989	0.00773	0.00236	0.00622	0.00813	0.00923	0.01243
50	0.01559	0.09150	0.64519	0.02097	0.03183	0.01854	0.02690	0.02392	0.01597	0.02356	0.01338	0.01573	0.00962	0.00715	0.00703	0.00234	0.01098	0.00549	0.00321	0.01110
51	0.06096	0.02801	0.02240	0.02098	0.08732	0.35839	0.01512	0.25943	0.02588	0.03052	0.01429	0.01577	0.01106	0.00815	0.00708	0.00212	0.01094	0.00574	0.00527	0.01058
52	0.01229	0.00840	0.01070	0.00989	0.01207	0.00782	0.00749	0.01646	0.04794	0.06782	0.57829	0.05479	0.10654	0.01518	0.00882	0.00240	0.00386	0.01331	0.00830	0.00764
53	0.00912	0.00758	0.00798	0.00811	0.01040	0.00643	0.00600	0.01110	0.01731	0.02110	0.11739	0.13890	0.57366	0.01941	0.00904	0.00260	0.00388	0.01641	0.00714	0.00643
54	0.04467	0.02305	0.21102	0.14862	0.05448	0.01740	0.26748	0.02359	0.03230	0.05018	0.01633	0.04707	0.01273	0.00775	0.00799	0.00251	0.01079	0.00785	0.00405	0.01014
55	0.09266	0.24380	0.35607	0.01909	0.02784	0.02145	0.09468	0.02349	0.01575	0.02319	0.01260	0.01502	0.00973	0.00688	0.00646	0.00218	0.00994	0.00538	0.00343	0.01036
56	0.00921	0.00672	0.00868	0.01025	0.01092	0.00619	0.00690	0.01060	0.01482	0.01949	0.04563	0.65703	0.11916	0.02327	0.00960	0.00302	0.00434	0.02096	0.00704	0.00619
57	0.01344	0.00835	0.01100	0.01000	0.01226	0.00762	0.00762	0.01694	0.02150	0.10704	0.60651	0.05308	0.06545	0.01480	0.00879	0.00238	0.00391	0.01301	0.00847	0.00782
58	0.01868	0.02069	0.09503	0.03849	0.47325	0.04070	0.07105	0.02563	0.09328	0.02527	0.01613	0.01957	0.01296	0.00722	0.00759	0.00232	0.00932	0.00696	0.00417	0.01169
59	0.01546	0.03779	0.64906	0.02331	0.07722	0.01764	0.02770	0.02397	0.01610	0.02407	0.01366	0.01620	0.00977	0.00718	0.00723	0.00239	0.01106	0.00568	0.00324	0.01126
60	0.01066	0.00775	0.01003	0.00946	0.01128	0.00712	0.00709	0.01416	0.02128	0.02997	0.65495	0.05739	0.09901	0.01567	0.00895	0.00239	0.00359	0.01382	0.00829	0.00712
61	0.01752	0.01854	0.05774	0.23302	0.35499	0.05566	0.08129	0.02237	0.01705	0.02300	0.03686	0.02024	0.01323	0.00734	0.00766	0.00235	0.00985	0.00704	0.00379	0.01044

[dist]
# distance from previous block
# <min> <max>
1	2

[block]
# block no. 3 follows, 26 sequences, length 26
# corresponding to MSA columns:
# 217-242
name=unknown_D
#
# <colnr> <probs for GDERKNQSTAVLIFYWHMCP>
#	G	D	E	R	K	N	Q	S	T	A	V	L	I	F	Y	W	H	M	C	P
0	0.02005	0.01609	0.01761	0.01511	0.01976	0.01780	0.01192	0.07924	0.48484	0.07324	0.02710	0.02552	0.02027	0.00970	0.00807	0.00239	0.03196	0.00784	0.00727	0.10423
1	0.01926	0.06328	0.01660	0.01343	0.01633	0.16057	0.01040	0.06804	0.09244	0.04732	0.08791	0.02789	0.02228	0.09677	0.01208	0.00280	0.06521	0.00771	0.16108	0.00858
2	0.00993	0.00764	0.00907	0.00889	0.01088	0.00679	0.00660	0.01269	0.01931	0.02569	0.39649	0.11287	0.31060	0.01758	0.00901	0.00251	0.00374	0.01520	0.00774	0.00679
3	0.01075	0.00755	0.00950	0.00963	0.01018	0.00788	0.00633	0.01176	0.01190	0.01618	0.02626	0.09477	0.05303	0.44362	0.24006	0.00833	0.01099	0.01112	0.00471	0.00546
4	0.02309	0.01238	0.01526	0.01284	0.01713	0.01213	0.01020	0.03130	0.20276	0.31841	0.19475	0.03591	0.05708	0.01152	0.00803	0.00243	0.00552	0.00971	0.00858	0.01099
5	0.01538	0.03805	0.65304	0.02227	0.03326	0.01771	0.06792	0.02404	0.01613	0.02404	0.01372	0.01630	0.00973	0.00715	0.00732	0.00241	0.01131	0.00582	0.00324	0.01115
6	0.01556	0.03683	0.61109	0.02294	0.03370	0.01782	0.10865	0.02406	0.01626	0.02406	0.01383	0.01658	0.00985	0.00710	0.00743	0.00242	0.01141	0.00603	0.00328	0.01108
7	0.01521	0.03923	0.69413	0.02162	0.03283	0.01762	0.02802	0.02402	0.01601	0.02402	0.01361	0.01601	0.00961	0.00721	0.00721	0.00240	0.01121	0.00560	0.00320	0.01121
8	0.01074	0.00775	0.01014	0.00954	0.01133	0.00716	0.00716	0.01431	0.02147	0.03042	0.68211	0.05666	0.07157	0.01551	0.00895	0.00239	0.00358	0.01372	0.00835	0.00716
9	0.01521	0.03923	0.69413	0.02162	0.03283	0.01762	0.02802	0.02402	0.01601	0.02402	0.01361	0.01601	0.00961	0.00721	0.00721	0.00240	0.01121	0.00560	0.00320	0.01121
10	0.01124	0.00863	0.01258	0.01236	0.01350	0.01021	0.00952	0.01363	0.01205	0.01739	0.01994	0.03070	0.01914	0.11512	0.59765	0.01116	0.06617	0.00829	0.00406	0.00668
11	0.14905	0.14464	0.26679	0.01767	0.02361	0.02126	0.01869	0.02178	0.01406	0.02298	0.01148	0.01491	0.00949	0.00888	0.01168	0.00254	0.22200	0.00540	0.00350	0.00958
12	0.01000	0.00701	0.00938	0.01083	0.01150	0.00666	0.00763	0.01153	0.01505	0.02011	0.08335	0.53264	0.04815	0.05686	0.01193	0.03469	0.00493	0.10475	0.00685	0.00615
13	0.01522	0.01171	0.01850	0.31648	0.03139	0.01351	0.05516	0.01880	0.01520	0.04847	0.01848	0.02710	0.01540	0.01098	0.01066	0.07271	0.06119	0.05353	0.17767	0.00784
14	0.01529	0.04455	0.14916	0.09231	0.12302	0.01507	0.11059	0.06054	0.01700	0.02332	0.02227	0.21235	0.02236	0.04601	0.00964	0.00280	0.00868	0.01099	0.00479	0.00928
15	0.01144	0.00879	0.01076	0.01121	0.01325	0.00858	0.00885	0.01622	0.08912	0.02438	0.18881	0.16318	0.19588	0.01860	0.00938	0.00288	0.00503	0.19895	0.00739	0.00732
16	0.01062	0.00818	0.00989	0.01032	0.01228	0.00766	0.00801	0.01413	0.04925	0.02372	0.20620	0.16847	0.26874	0.01897	0.00934	0.00280	0.00466	0.15244	0.00738	0.00694
17	0.13278	0.26720	0.20329	0.01527	0.02231	0.07123	0.01593	0.02532	0.01676	0.11877	0.03692	0.01678	0.01287	0.00758	0.00614	0.00209	0.00863	0.00537	0.00455	0.01020
18	0.13586	0.01232	0.01455	0.01408	0.05802	0.01253	0.01027	0.05493	0.11090	0.16808	0.16666	0.08814	0.07709	0.01241	0.00781	0.00249	0.00563	0.03124	0.00736	0.00965
19	0.01057	0.00763	0.00999	0.00965	0.01130	0.00705	0.00714	0.01391	0.02072	0.02922	0.61257	0.12963	0.06924	0.01640	0.00903	0.00246	0.00367	0.01457	0.00821	0.00705
20	0.01838	0.04536	0.09859	0.11113	0.45177	0.05076	0.06848	0.02333	0.01710	0.02357	0.01395	0.01830	0.01135	0.00691	0.00747	0.00228	0.00981	0.00662	0.00365	0.01119
21	0.05439	0.09897	0.34861	0.02572	0.13413	0.05945	0.12658	0.02411	0.01664	0.02375	0.01344	0.01649	0.01025	0.00696	0.00717	0.00230	0.01071	0.00607	0.00351	0.01075
22	0.01947	0.01897	0.02020	0.09997	0.11087	0.13003	0.01491	0.05265	0.30655	0.02633	0.02289	0.07071	0.01888	0.01014	0.00847	0.00248	0.04186	0.00826	0.00582	0.01053
23	0.00968	0.00688	0.00908	0.01055	0.01114	0.00649	0.00722	0.01120	0.01494	0.02000	0.08415	0.58880	0.04952	0.07560	0.01183	0.00338	0.00474	0.06169	0.00695	0.00617
24	0.09670	0.11224	0.19480	0.01949	0.10745	0.01713	0.01695	0.04951	0.04079	0.21356	0.01952	0.04774	0.01462	0.00850	0.00696	0.00229	0.00812	0.00678	0.00563	0.01120
25	0.14077	0.06294	0.06622	0.04743	0.11625	0.01783	0.01440	0.08015	0.20081	0.11025	0.02153	0.05427	0.01684	0.00915	0.00707	0.00239	0.00724	0.00741	0.00607	0.01098

[dist]
# distance from previous block
# <min> <max>
0	5

[block]
# block no. 4 follows, 26 sequences, length 42
# corresponding to MSA columns:
# 248-289
name=unknown_E
#
# <colnr> <probs for GDERKNQSTAVLIFYWHMCP>
#	G	D	E	R	K	N	Q	S	T	A	V	L	I	F	Y	W	H	M	C	P
0	0.17136	0.16986	0.24280	0.01765	0.02525	0.01913	0.11175	0.02308	0.01584	0.05089	0.01679	0.01869	0.04746	0.00761	0.00655	0.00222	0.00898	0.00611	0.00410	0.03388
1	0.32234	0.01794	0.09825	0.08659	0.07677	0.04468	0.01376	0.06647	0.01603	0.05387	0.03052	0.01756	0.01194	0.00994	0.00909	0.09739	0.00776	0.00569	0.00458	0.00882
2	0.02473	0.02188	0.02221	0.02083	0.10447	0.16202	0.03327	0.22442	0.15241	0.07886	0.01928	0.01975	0.01441	0.00849	0.00736	0.00220	0.00890	0.00672	0.00619	0.06161
3	0.01625	0.01322	0.01600	0.05368	0.01986	0.01043	0.00975	0.01964	0.01593	0.05450	0.01519	0.04077	0.01284	0.00653	0.00597	0.00133	0.00588	0.00535	0.00474	0.67214
4	0.04484	0.10251	0.10919	0.22185	0.28392	0.06789	0.02093	0.02269	0.01647	0.02228	0.01323	0.01750	0.01064	0.00710	0.00705	0.00226	0.00971	0.00608	0.00357	0.01030
5	0.00953	0.00752	0.00833	0.00858	0.01042	0.00662	0.00617	0.01138	0.01666	0.02089	0.13469	0.17027	0.42426	0.09864	0.01240	0.00318	0.00437	0.03292	0.00692	0.00627
6	0.01462	0.01563	0.15796	0.01289	0.01725	0.01060	0.01237	0.05403	0.02036	0.08250	0.35880	0.07079	0.07111	0.01326	0.00833	0.00242	0.00585	0.02820	0.03428	0.00873
7	0.01078	0.00766	0.00978	0.01085	0.01206	0.00728	0.00785	0.01342	0.04228	0.03779	0.08735	0.45835	0.11735	0.04209	0.01037	0.00312	0.00484	0.10292	0.00714	0.00672
8	0.01318	0.00659	0.00988	0.00988	0.00988	0.00659	0.00659	0.00988	0.00988	0.01318	0.01318	0.02306	0.01318	0.02635	0.02964	0.77931	0.00659	0.00659	0.00329	0.00329
9	0.01895	0.01885	0.02733	0.32245	0.07047	0.09377	0.14340	0.11007	0.01904	0.02434	0.01406	0.01892	0.01081	0.00800	0.00914	0.00249	0.06724	0.00697	0.00412	0.00960
10	0.01939	0.01653	0.01784	0.04929	0.02157	0.01912	0.01262	0.08582	0.59302	0.03234	0.02909	0.02715	0.02176	0.01007	0.00770	0.00255	0.00638	0.00836	0.00750	0.01190
11	0.01739	0.01447	0.01662	0.01202	0.01868	0.01181	0.00968	0.10060	0.01826	0.02765	0.01408	0.01604	0.01145	0.00606	0.00587	0.00127	0.00596	0.00479	0.00489	0.68241
12	0.01087	0.00729	0.00832	0.00847	0.00851	0.00725	0.00481	0.01099	0.01134	0.01512	0.02548	0.10952	0.02957	0.67083	0.03605	0.00698	0.00709	0.01196	0.00481	0.00473
13	0.01107	0.00842	0.01244	0.01231	0.01355	0.00992	0.00954	0.01361	0.01212	0.01750	0.02008	0.03018	0.01900	0.08592	0.64672	0.01162	0.04698	0.00820	0.00406	0.00673
14	0.01871	0.54987	0.18156	0.01470	0.02200	0.02620	0.01599	0.02259	0.01584	0.01980	0.04356	0.01515	0.01268	0.00708	0.00558	0.00183	0.00857	0.00486	0.00348	0.00993
15	0.01290	0.00996	0.01157	0.01098	0.01355	0.00987	0.00854	0.07474	0.09429	0.02801	0.28011	0.09788	0.21784	0.01641	0.00890	0.00261	0.00477	0.08149	0.00764	0.00795
16	0.01745	0.02167	0.15562	0.06918	0.43178	0.01760	0.10067	0.02290	0.01692	0.02414	0.01524	0.04437	0.01281	0.00745	0.00771	0.00236	0.00976	0.00735	0.00376	0.01127
17	0.02683	0.10158	0.02319	0.01776	0.02249	0.39334	0.01405	0.22168	0.02521	0.02801	0.04570	0.01697	0.01368	0.00844	0.00697	0.00204	0.01100	0.00582	0.00518	0.01007
18	0.01016	0.00736	0.00943	0.01061	0.01151	0.00698	0.00729	0.03819	0.01609	0.02145	0.09097	0.61164	0.08537	0.02227	0.00950	0.00297	0.00447	0.02004	0.00716	0.00653
19	0.04974	0.08280	0.06859	0.05953	0.29814	0.04312	0.08852	0.04976	0.09576	0.02560	0.01731	0.02265	0.01442	0.00811	0.00747	0.00235	0.00906	0.04164	0.00451	0.01091
20	0.05060	0.47287	0.08741	0.01535	0.03786	0.13236	0.01425	0.02340	0.01641	0.01963	0.03039	0.01487	0.01185	0.00909	0.03396	0.00223	0.00954	0.00482	0.00359	0.00951
21	0.00928	0.00674	0.00876	0.01027	0.01095	0.00622	0.00693	0.01074	0.01504	0.01990	0.07004	0.64523	0.10587	0.02304	0.00959	0.00301	0.00432	0.02077	0.00709	0.00622
22	0.01661	0.01345	0.01582	0.01134	0.01804	0.01016	0.00909	0.01995	0.01602	0.05665	0.01427	0.01621	0.01160	0.00580	0.00571	0.00118	0.00566	0.00464	0.00473	0.74306
23	0.02176	0.06677	0.07168	0.01947	0.09414	0.01469	0.09039	0.05187	0.01885	0.23464	0.04832	0.10596	0.04724	0.01064	0.00847	0.00239	0.03520	0.00926	0.00632	0.04192
24	0.02647	0.01942	0.02092	0.01636	0.02167	0.02139	0.01325	0.57705	0.03263	0.04373	0.01967	0.04988	0.01571	0.07360	0.01041	0.00276	0.00810	0.00780	0.00730	0.01189
25	0.01288	0.01021	0.01448	0.01353	0.01411	0.01269	0.01043	0.01399	0.01151	0.01672	0.01669	0.02753	0.01659	0.12768	0.31586	0.13016	0.21695	0.00783	0.00380	0.00638
26	0.05484	0.21784	0.24569	0.01911	0.04924	0.15261	0.04431	0.02465	0.01702	0.04057	0.03092	0.01607	0.01173	0.00761	0.00726	0.00214	0.03908	0.00549	0.00378	0.01003
27	0.01830	0.39295	0.32043	0.01712	0.02538	0.04900	0.01961	0.02344	0.01579	0.02054	0.01189	0.01399	0.00969	0.00702	0.00646	0.00201	0.02800	0.00482	0.00325	0.01030
28	0.01103	0.00743	0.00865	0.00891	0.00909	0.00740	0.00542	0.01142	0.01181	0.01569	0.02641	0.09366	0.03035	0.62787	0.03438	0.00676	0.00714	0.06672	0.00495	0.00490
29	0.01818	0.01996	0.09005	0.06373	0.46666	0.01817	0.11368	0.02455	0.06334	0.02494	0.01551	0.01949	0.01245	0.00702	0.00771	0.00234	0.00957	0.00710	0.00398	0.01156
30	0.01872	0.01816	0.03156	0.04575	0.65020	0.01809	0.05858	0.02334	0.01731	0.02475	0.01433	0.01887	0.01199	0.00674	0.00759	0.00227	0.00922	0.00688	0.00376	0.01192
31	0.01105	0.00873	0.01225	0.03675	0.01484	0.00861	0.03082	0.01299	0.01468	0.02001	0.03461	0.49315	0.04011	0.04997	0.01142	0.00310	0.04836	0.06753	0.00625	0.07476
32	0.01762	0.01934	0.07317	0.12617	0.31085	0.01844	0.21993	0.02359	0.04230	0.02389	0.01494	0.01961	0.01181	0.00717	0.00863	0.00245	0.03804	0.00743	0.00383	0.01079
33	0.01020	0.00785	0.01046	0.03595	0.01298	0.00816	0.00811	0.01161	0.01417	0.01896	0.03866	0.54659	0.08147	0.07907	0.01323	0.00339	0.06790	0.01854	0.00639	0.00632
34	0.01703	0.07795	0.01938	0.01295	0.01913	0.01333	0.04085	0.08378	0.01772	0.02598	0.01611	0.07423	0.01447	0.00757	0.00624	0.00151	0.00636	0.00630	0.00487	0.53423
35	0.01212	0.07287	0.01251	0.00981	0.01262	0.00960	0.00759	0.01546	0.04938	0.04547	0.21158	0.15449	0.28497	0.01635	0.00842	0.00243	0.00452	0.01395	0.00701	0.04886
36	0.01692	0.01400	0.01579	0.01438	0.01771	0.01585	0.01131	0.07160	0.39038	0.03055	0.15408	0.06525	0.03372	0.01278	0.00920	0.00265	0.04535	0.06067	0.00750	0.01029
37	0.02115	0.01586	0.01766	0.01502	0.01925	0.01707	0.01196	0.35688	0.09757	0.03620	0.02670	0.19383	0.02523	0.01349	0.00823	0.00254	0.00691	0.05950	0.00728	0.04767
38	0.01516	0.01287	0.01512	0.01118	0.01736	0.00976	0.00882	0.01835	0.01562	0.02424	0.01598	0.07861	0.01467	0.00722	0.00598	0.00130	0.00551	0.00600	0.00472	0.71155
39	0.01023	0.00708	0.00909	0.01011	0.01105	0.00653	0.00691	0.01186	0.01568	0.03990	0.12643	0.51896	0.11024	0.06456	0.01120	0.00318	0.00448	0.01899	0.00713	0.00641
40	0.04691	0.01540	0.07725	0.01480	0.01994	0.01244	0.08132	0.09252	0.01772	0.02589	0.02214	0.21020	0.02227	0.03604	0.00854	0.00232	0.00695	0.01017	0.00537	0.27181
41	0.01989	0.01335	0.01567	0.01222	0.01746	0.01186	0.00966	0.13093	0.01980	0.13320	0.02106	0.09743	0.01808	0.03735	0.00798	0.00201	0.00603	0.00766	0.05248	0.36588

[dist]
# distance from previous block
# <min> <max>
0	2

[block]
# block no. 5 follows, 26 sequences, length 12
# corresponding to MSA columns:
# 292-303
name=unknown_F
#
# <colnr> <probs for GDERKNQSTAVLIFYWHMCP>
#	G	D	E	R	K	N	Q	S	T	A	V	L	I	F	Y	W	H	M	C	P
0	0.02018	0.01447	0.01997	0.01492	0.02097	0.01268	0.09521	0.06933	0.05656	0.15554	0.08008	0.02297	0.01910	0.00787	0.00701	0.00183	0.00675	0.00693	0.00611	0.36153
1	0.01799	0.01378	0.01874	0.12292	0.14341	0.01475	0.01412	0.02747	0.23021	0.10611	0.11321	0.07048	0.05215	0.01094	0.00797	0.00248	0.00672	0.00957	0.00657	0.01040
2	0.00962	0.00679	0.00880	0.01013	0.01059	0.00641	0.00666	0.01088	0.01441	0.01933	0.07991	0.57815	0.04796	0.13550	0.01421	0.00371	0.00482	0.01940	0.00674	0.00598
3	0.01912	0.01462	0.01669	0.01241	0.01862	0.01276	0.01000	0.13844	0.04224	0.06475	0.01644	0.01785	0.01280	0.00680	0.00614	0.00149	0.00606	0.00537	0.04822	0.52919
4	0.19878	0.02005	0.06177	0.01729	0.06835	0.08443	0.01357	0.24948	0.02351	0.10031	0.03749	0.05874	0.01571	0.00927	0.00699	0.00232	0.00798	0.00706	0.00619	0.01071
5	0.10186	0.01437	0.05450	0.01224	0.01703	0.03863	0.01036	0.04524	0.04239	0.19681	0.17816	0.03124	0.06006	0.01029	0.00724	0.00215	0.00596	0.00837	0.03769	0.12541
6	0.09399	0.15797	0.19556	0.02253	0.13901	0.01896	0.08457	0.02450	0.03664	0.07896	0.04123	0.01863	0.01377	0.00744	0.00682	0.00220	0.00884	0.00625	0.00441	0.03773
7	0.01572	0.01225	0.01472	0.01504	0.04332	0.01300	0.01153	0.11724	0.16903	0.02785	0.03684	0.17215	0.08369	0.01654	0.00904	0.00291	0.00635	0.21664	0.00713	0.00903
8	0.06831	0.10770	0.38126	0.02008	0.05233	0.10728	0.02148	0.10970	0.01913	0.02652	0.01349	0.01547	0.01008	0.00744	0.00682	0.00224	0.01039	0.00546	0.00400	0.01081
9	0.01092	0.00708	0.00907	0.01020	0.01111	0.00656	0.00694	0.01241	0.01495	0.05529	0.04140	0.57014	0.08588	0.06406	0.01100	0.00319	0.00460	0.01904	0.04967	0.00649
10	0.02136	0.38484	0.07298	0.01675	0.02329	0.02417	0.11050	0.13246	0.01962	0.05750	0.01460	0.01636	0.01159	0.00725	0.00624	0.00196	0.00866	0.00572	0.05370	0.01042
11	0.01318	0.00659	0.00988	0.00988	0.00988	0.00659	0.00659	0.00988	0.00988	0.01318	0.01318	0.02306	0.01318	0.02635	0.02964	0.77931	0.00659	0.00659	0.00329	0.00329

[dist]
# distance from previous block
# <min> <max>
0	5

[block]
# block no. 6 follows, 26 sequences, length 19
# corresponding to MSA columns:
# 309-327
name=unknown_G
#
# <colnr> <probs for GDERKNQSTAVLIFYWHMCP>
#	G	D	E	R	K	N	Q	S	T	A	V	L	I	F	Y	W	H	M	C	P
0	0.78701	0.01467	0.01115	0.00997	0.01467	0.01702	0.00821	0.02230	0.01291	0.03403	0.01056	0.01232	0.00821	0.00704	0.00469	0.00235	0.00587	0.00411	0.00469	0.00821
1	0.02098	0.06295	0.01951	0.01456	0.01914	0.01718	0.01192	0.15109	0.14331	0.11221	0.09719	0.02447	0.02151	0.00984	0.00947	0.00224	0.09843	0.00743	0.00653	0.15004
2	0.00973	0.00701	0.00925	0.01046	0.01133	0.00653	0.00734	0.01167	0.01625	0.02191	0.17632	0.52564	0.07688	0.02171	0.00955	0.00294	0.00437	0.05738	0.00731	0.00643
3	0.01652	0.01395	0.01615	0.01161	0.01831	0.01092	0.00932	0.05780	0.01693	0.02611	0.01377	0.01588	0.01134	0.00583	0.00574	0.00119	0.00578	0.00463	0.00468	0.73355
4	0.01995	0.01654	0.01760	0.01538	0.01979	0.01885	0.01208	0.13969	0.52577	0.03426	0.07173	0.02853	0.02467	0.01044	0.00778	0.00251	0.00622	0.00863	0.00774	0.01183
5	0.01028	0.00727	0.00957	0.01053	0.01113	0.00732	0.00727	0.01168	0.01339	0.01806	0.03283	0.35940	0.03772	0.22383	0.14447	0.00595	0.00834	0.06923	0.00582	0.00592
6	0.02156	0.48307	0.13126	0.01526	0.02209	0.10349	0.01536	0.05977	0.01760	0.05150	0.01244	0.01386	0.01031	0.00702	0.00571	0.00184	0.00913	0.00469	0.00384	0.01016
7	0.02027	0.60304	0.09348	0.01372	0.02036	0.02693	0.01401	0.02329	0.01571	0.05898	0.01239	0.01407	0.01066	0.00888	0.03507	0.00218	0.00880	0.00458	0.00365	0.00993
8	0.00932	0.00690	0.00871	0.00995	0.01089	0.00629	0.00682	0.01094	0.01563	0.02052	0.10353	0.55062	0.16770	0.02222	0.00949	0.00293	0.00423	0.01987	0.00715	0.00629
9	0.02005	0.02076	0.06976	0.04078	0.54631	0.06281	0.02224	0.07886	0.01906	0.02632	0.01440	0.01823	0.01180	0.00706	0.00745	0.00224	0.00939	0.00657	0.00406	0.01183
10	0.15897	0.12037	0.21021	0.02568	0.20652	0.01976	0.06758	0.06201	0.01704	0.02669	0.01323	0.01604	0.01037	0.00701	0.00667	0.00225	0.00916	0.00576	0.00395	0.01071
11	0.01100	0.00749	0.00896	0.00896	0.00920	0.00773	0.00545	0.01147	0.01123	0.01522	0.02327	0.04616	0.02606	0.61475	0.15523	0.00820	0.00963	0.01052	0.00450	0.00498
12	0.01173	0.00884	0.01215	0.01404	0.05455	0.00853	0.01073	0.01498	0.01809	0.02396	0.17671	0.11097	0.12809	0.01890	0.00974	0.00305	0.00586	0.35479	0.00708	0.00721
13	0.02346	0.19582	0.02806	0.02492	0.21146	0.22030	0.01630	0.06043	0.06172	0.06689	0.01495	0.01676	0.01203	0.00753	0.00671	0.00204	0.00976	0.00574	0.00450	0.01063
14	0.08953	0.11692	0.26849	0.02005	0.08372	0.02034	0.01921	0.19589	0.02143	0.07322	0.01529	0.01666	0.01118	0.00771	0.00684	0.00225	0.00908	0.00584	0.00496	0.01139
15	0.02425	0.02592	0.02076	0.07935	0.06101	0.35668	0.01460	0.17252	0.02344	0.02634	0.04478	0.06251	0.03584	0.00966	0.00744	0.00220	0.01060	0.00731	0.00517	0.00959
16	0.03859	0.01384	0.05209	0.05990	0.02095	0.01171	0.05289	0.02234	0.07191	0.12084	0.08101	0.13805	0.02474	0.01067	0.00744	0.00214	0.00645	0.00936	0.00604	0.24905
17	0.15676	0.01414	0.01327	0.09351	0.01829	0.11325	0.00994	0.04854	0.01583	0.02450	0.01741	0.04233	0.01497	0.03823	0.05879	0.09548	0.00813	0.00673	0.20251	0.00738
18	0.04905	0.01979	0.11703	0.09674	0.45893	0.01735	0.02216	0.02312	0.03708	0.02469	0.01588	0.02218	0.01343	0.00778	0.00753	0.00238	0.00907	0.04065	0.00398	0.01117

[dist]
# distance from previous block
# <min> <max>
0	3

[block]
# block no. 7 follows, 26 sequences, length 11
# corresponding to MSA columns:
# 331-341
name=unknown_H
#
# <colnr> <probs for GDERKNQSTAVLIFYWHMCP>
#	G	D	E	R	K	N	Q	S	T	A	V	L	I	F	Y	W	H	M	C	P
0	0.04602	0.10938	0.32601	0.05261	0.05454	0.20307	0.02049	0.02461	0.01739	0.02187	0.01581	0.01796	0.04298	0.00788	0.00688	0.00220	0.01085	0.00581	0.00367	0.00996
1	0.02453	0.06704	0.09513	0.08581	0.02757	0.06297	0.04471	0.39982	0.05632	0.03723	0.01683	0.01807	0.01228	0.00845	0.00740	0.00228	0.00922	0.00657	0.00607	0.01169
2	0.01278	0.00664	0.00971	0.00982	0.00985	0.00661	0.00649	0.01000	0.01026	0.01368	0.01577	0.07151	0.01656	0.07191	0.02890	0.67796	0.00649	0.00787	0.00363	0.00357
3	0.02058	0.01587	0.01858	0.15802	0.02620	0.05136	0.01395	0.12332	0.23642	0.10763	0.05064	0.02903	0.02086	0.01228	0.03851	0.00294	0.00823	0.04835	0.00663	0.01060
4	0.02022	0.01997	0.14150	0.01606	0.02132	0.01702	0.01461	0.34097	0.02546	0.03456	0.02474	0.23965	0.02394	0.01334	0.00817	0.00255	0.00764	0.01121	0.00661	0.01048
5	0.01038	0.00842	0.00942	0.00983	0.01220	0.00773	0.00778	0.01386	0.05753	0.02167	0.06343	0.10408	0.45703	0.01930	0.00929	0.00281	0.00477	0.16653	0.00707	0.00688
6	0.02110	0.01997	0.09220	0.06362	0.45446	0.03957	0.02131	0.05732	0.01872	0.11414	0.01637	0.01931	0.01258	0.00734	0.00748	0.00228	0.00905	0.00670	0.00463	0.01185
7	0.06805	0.06137	0.26339	0.04878	0.16079	0.06955	0.06967	0.02266	0.01655	0.02379	0.04550	0.05352	0.01506	0.00853	0.00809	0.00239	0.04107	0.00711	0.00396	0.01018
8	0.01943	0.05420	0.01742	0.01436	0.01816	0.04306	0.04096	0.02675	0.16983	0.16481	0.08023	0.04530	0.06195	0.04244	0.00965	0.00285	0.00688	0.16488	0.00717	0.00966
9	0.02502	0.01877	0.02073	0.05074	0.02320	0.02030	0.01349	0.50818	0.03090	0.04159	0.02116	0.06383	0.03947	0.00999	0.00759	0.00225	0.00778	0.00786	0.00705	0.08009
10	0.02867	0.01359	0.01760	0.01497	0.04957	0.01275	0.01152	0.08960	0.08069	0.46622	0.06415	0.02971	0.06500	0.01028	0.00778	0.00237	0.00638	0.00846	0.00861	0.01207

[dist]
# distance from previous block
# <min> <max>
0	44

[block]
# block no. 8 follows, 26 sequences, length 7
# corresponding to MSA columns:
# 388-394
name=unknown_I
#
# <colnr> <probs for GDERKNQSTAVLIFYWHMCP>
#	G	D	E	R	K	N	Q	S	T	A	V	L	I	F	Y	W	H	M	C	P
0	0.01494	0.01190	0.01521	0.10790	0.02027	0.01280	0.01133	0.13299	0.01996	0.02714	0.15349	0.19175	0.08680	0.01477	0.00986	0.00259	0.06637	0.03438	0.00641	0.05914
1	0.01877	0.20506	0.09476	0.14584	0.10223	0.07420	0.03972	0.07908	0.01834	0.02364	0.07326	0.01996	0.01598	0.00833	0.00795	0.00222	0.05008	0.00650	0.00425	0.00981
2	0.09170	0.12178	0.02641	0.02766	0.26397	0.30128	0.01700	0.02600	0.01837	0.02212	0.01239	0.01521	0.01045	0.00718	0.00663	0.00205	0.01053	0.00539	0.00383	0.01004
3	0.02701	0.02366	0.11285	0.01801	0.02477	0.02273	0.01624	0.57538	0.03303	0.04461	0.01759	0.01792	0.01246	0.00885	0.00754	0.00229	0.00873	0.00666	0.00700	0.01267
4	0.01815	0.00936	0.01239	0.01071	0.01368	0.00844	0.00826	0.02129	0.02086	0.23920	0.43186	0.04641	0.05192	0.06070	0.01048	0.00270	0.00474	0.01161	0.00843	0.00881
5	0.01103	0.00735	0.00827	0.00827	0.00827	0.00735	0.00460	0.01103	0.01103	0.01471	0.02390	0.04964	0.02758	0.73343	0.03861	0.00735	0.00735	0.01103	0.00460	0.00460
6	0.05772	0.00806	0.00984	0.00949	0.01140	0.00759	0.00708	0.01411	0.01989	0.02863	0.52207	0.11936	0.12456	0.01613	0.00876	0.00247	0.00382	0.01410	0.00788	0.00705

[dist]
# distance from previous block
# <min> <max>
1	3

[block]
# block no. 9 follows, 26 sequences, length 32
# corresponding to MSA columns:
# 398,400-430
name=unknown_J
#
# <colnr> <probs for GDERKNQSTAVLIFYWHMCP>
#	G	D	E	R	K	N	Q	S	T	A	V	L	I	F	Y	W	H	M	C	P
0	0.61396	0.01489	0.01503	0.11109	0.04915	0.01713	0.03834	0.02201	0.01362	0.03118	0.01133	0.01404	0.00878	0.00708	0.00540	0.00238	0.00689	0.00479	0.00443	0.00849
1	0.02417	0.17221	0.02683	0.07542	0.12886	0.35672	0.01614	0.07364	0.02017	0.02163	0.01250	0.01501	0.01037	0.00746	0.00666	0.00200	0.01115	0.00530	0.00398	0.00977
2	0.01561	0.01206	0.01321	0.01178	0.01509	0.01252	0.00908	0.11774	0.19067	0.04609	0.17309	0.06450	0.22746	0.04491	0.00968	0.00270	0.00526	0.01196	0.00752	0.00907
3	0.01121	0.00791	0.00998	0.00937	0.01142	0.00716	0.00706	0.01450	0.02079	0.05052	0.56115	0.05833	0.17036	0.01591	0.00891	0.00241	0.00372	0.01389	0.00817	0.00722
4	0.70077	0.01447	0.01189	0.01038	0.01521	0.01634	0.00855	0.02398	0.01392	0.10932	0.01278	0.01387	0.00942	0.00731	0.00503	0.00235	0.00593	0.00451	0.00523	0.00875
5	0.78701	0.01467	0.01115	0.00997	0.01467	0.01702	0.00821	0.02230	0.01291	0.03403	0.01056	0.01232	0.00821	0.00704	0.00469	0.00235	0.00587	0.00411	0.00469	0.00821
6	0.69853	0.01534	0.01501	0.01250	0.01754	0.01726	0.08303	0.02253	0.01348	0.03291	0.01111	0.01326	0.00859	0.00697	0.00518	0.00237	0.00666	0.00466	0.00460	0.00845
7	0.01985	0.01771	0.01765	0.01577	0.02011	0.06066	0.01227	0.06526	0.60659	0.03159	0.02919	0.02699	0.02192	0.01009	0.00766	0.00252	0.00657	0.00828	0.00748	0.01185
8	0.02496	0.04566	0.11595	0.01954	0.05486	0.28302	0.01625	0.21919	0.02416	0.05071	0.01612	0.04635	0.01302	0.00998	0.02462	0.00244	0.01090	0.00651	0.00522	0.01053
9	0.02098	0.07562	0.01852	0.01540	0.04632	0.10186	0.01156	0.10624	0.12567	0.12908	0.11152	0.15142	0.02906	0.01231	0.00784	0.00240	0.00704	0.01028	0.00690	0.00999
10	0.01038	0.00754	0.00979	0.00965	0.01123	0.00694	0.00708	0.01347	0.02001	0.02795	0.53804	0.18187	0.09325	0.01719	0.00908	0.00252	0.00374	0.01527	0.00805	0.00694
11	0.00924	0.00660	0.00880	0.01056	0.01100	0.00616	0.00704	0.01056	0.01452	0.01936	0.04181	0.72848	0.05017	0.02376	0.00968	0.00308	0.00440	0.02156	0.00704	0.00616
