[name]
unknown

[dist]
# distance from previous block
# <min> <max>
3	66

[block]
# block no. 0 follows, 24 sequences, length 9
# corresponding to MSA columns:
# 96-104
name=unknown_A
#
# <colnr> <probs for GDERKNQSTAVLIFYWHMCP>
#	G	D	E	R	K	N	Q	S	T	A	V	L	I	F	Y	W	H	M	C	P
0	0.05579	0.12494	0.22516	0.02324	0.15105	0.01901	0.01956	0.07482	0.01923	0.14898	0.01787	0.02037	0.01347	0.04249	0.00883	0.00259	0.00920	0.00657	0.00518	0.01166
1	0.04903	0.07118	0.02292	0.09418	0.02636	0.25777	0.01501	0.21598	0.05291	0.05810	0.01762	0.05157	0.01426	0.00943	0.00749	0.00230	0.01042	0.00700	0.00575	0.01070
2	0.37280	0.04688	0.18780	0.01540	0.02145	0.01923	0.01553	0.06360	0.01594	0.03082	0.01298	0.01561	0.01011	0.00845	0.00855	0.00254	0.09829	0.00536	0.03891	0.00973
3	0.02306	0.01828	0.02090	0.08415	0.09010	0.05828	0.01496	0.10427	0.34442	0.11555	0.02604	0.02538	0.01915	0.00971	0.00795	0.00255	0.00780	0.00804	0.00720	0.01223
4	0.01035	0.00783	0.01109	0.10039	0.01707	0.00789	0.00926	0.01223	0.01527	0.02025	0.03988	0.62630	0.04703	0.02266	0.00984	0.00315	0.00537	0.02054	0.00687	0.00675
5	0.07348	0.05674	0.01962	0.01416	0.02025	0.01508	0.01172	0.09596	0.08135	0.39399	0.02555	0.02341	0.01722	0.00904	0.00736	0.00226	0.00686	0.00712	0.00814	0.11069
6	0.05603	0.17107	0.13571	0.05348	0.02863	0.16631	0.12629	0.02802	0.01891	0.12034	0.01587	0.01778	0.01185	0.00772	0.00724	0.00227	0.01086	0.00628	0.00468	0.01066
7	0.01990	0.01183	0.01388	0.01319	0.04701	0.03684	0.00952	0.02327	0.04746	0.23508	0.09690	0.08773	0.25615	0.05227	0.01038	0.00285	0.00588	0.01250	0.00786	0.00949
8	0.02941	0.02185	0.02338	0.01810	0.02431	0.02425	0.01489	0.60282	0.08107	0.04879	0.01997	0.01978	0.01424	0.00961	0.00794	0.00240	0.00855	0.00727	0.00794	0.01342

[dist]
# distance from previous block
# <min> <max>
0	1

[block]
# block no. 1 follows, 24 sequences, length 14
# corresponding to MSA columns:
# 106-119
name=unknown_B
#
# <colnr> <probs for GDERKNQSTAVLIFYWHMCP>
#	G	D	E	R	K	N	Q	S	T	A	V	L	I	F	Y	W	H	M	C	P
0	0.01640	0.01868	0.08285	0.32485	0.07857	0.01842	0.22021	0.02201	0.01670	0.02252	0.01592	0.05281	0.01304	0.00860	0.00957	0.00270	0.05414	0.00841	0.00386	0.00973
1	0.08878	0.02792	0.33535	0.02429	0.10873	0.01707	0.10721	0.02509	0.01789	0.08125	0.07536	0.02211	0.01721	0.00833	0.00778	0.00250	0.01000	0.00729	0.00469	0.01115
2	0.24015	0.01441	0.01679	0.01329	0.01909	0.01395	0.01097	0.06275	0.02084	0.47082	0.02512	0.02272	0.01629	0.00912	0.00713	0.00245	0.00667	0.00692	0.00837	0.01214
3	0.01440	0.00884	0.01145	0.01038	0.01290	0.00799	0.00793	0.01791	0.02212	0.11920	0.53217	0.05624	0.11630	0.01566	0.00917	0.00250	0.00417	0.01367	0.00876	0.00824
4	0.20074	0.14255	0.11326	0.01800	0.04903	0.23755	0.01555	0.06176	0.01921	0.05673	0.01342	0.01512	0.01053	0.00778	0.00645	0.00220	0.01023	0.00521	0.00454	0.01014
5	0.01946	0.01921	0.03017	0.15725	0.52776	0.05998	0.02339	0.02410	0.01796	0.02455	0.01461	0.01955	0.01208	0.00728	0.00782	0.00238	0.00992	0.00694	0.00387	0.01172
6	0.01114	0.00828	0.01028	0.01040	0.01206	0.00740	0.00718	0.01304	0.01618	0.02229	0.14622	0.36553	0.08120	0.13186	0.01420	0.00350	0.00509	0.01661	0.00682	0.11074
7	0.01157	0.00926	0.01350	0.01283	0.01502	0.00828	0.06014	0.01403	0.01673	0.02315	0.13006	0.46554	0.04687	0.01947	0.00936	0.00279	0.00537	0.01780	0.00692	0.11131
8	0.01820	0.14482	0.02927	0.36337	0.21294	0.02083	0.02073	0.05683	0.01769	0.02315	0.01404	0.01909	0.01120	0.00758	0.00739	0.00238	0.00978	0.00655	0.00385	0.01033
9	0.01507	0.01385	0.02286	0.53876	0.08897	0.01679	0.02073	0.01996	0.01619	0.02106	0.01782	0.03023	0.01549	0.01001	0.00903	0.00279	0.03682	0.09064	0.00406	0.00885
10	0.02177	0.01200	0.01516	0.05054	0.01822	0.01166	0.01029	0.10857	0.02294	0.23571	0.23219	0.04078	0.08065	0.05623	0.01038	0.00278	0.00601	0.01061	0.04346	0.01005
11	0.13141	0.02831	0.02066	0.03944	0.02365	0.37636	0.01412	0.13003	0.05872	0.08165	0.01592	0.01698	0.01208	0.00855	0.00711	0.00224	0.01110	0.00584	0.00549	0.01033
12	0.06696	0.01811	0.02602	0.13920	0.14113	0.05412	0.10230	0.10426	0.02133	0.20152	0.01942	0.02127	0.01378	0.00824	0.00786	0.00244	0.00936	0.00731	0.00601	0.02935
13	0.05248	0.01502	0.02284	0.51156	0.08058	0.01800	0.01986	0.07943	0.04762	0.02465	0.01645	0.04789	0.01312	0.00879	0.00787	0.00262	0.00970	0.00762	0.00438	0.00952

[dist]
# distance from previous block
# <min> <max>
34	106

[block]
# block no. 2 follows, 24 sequences, length 24
# corresponding to MSA columns:
# 227-250
name=unknown_C
#
# <colnr> <probs for GDERKNQSTAVLIFYWHMCP>
#	G	D	E	R	K	N	Q	S	T	A	V	L	I	F	Y	W	H	M	C	P
0	0.06054	0.24528	0.02753	0.11412	0.02610	0.12914	0.01472	0.16557	0.04862	0.02838	0.05638	0.01929	0.01563	0.00858	0.00685	0.00217	0.00924	0.00628	0.00516	0.01042
1	0.09038	0.20536	0.17064	0.10643	0.05383	0.02110	0.01758	0.10663	0.01921	0.02726	0.05162	0.06344	0.01686	0.00921	0.00704	0.00233	0.00881	0.00720	0.00473	0.01035
2	0.01952	0.41143	0.29853	0.01760	0.02623	0.06237	0.02002	0.02473	0.01672	0.02131	0.01239	0.01443	0.01013	0.00716	0.00619	0.00204	0.01011	0.00494	0.00341	0.01075
3	0.01722	0.21253	0.43597	0.02043	0.03011	0.02127	0.06919	0.02426	0.01702	0.02384	0.04764	0.01827	0.01360	0.00773	0.00714	0.00231	0.01060	0.00615	0.00369	0.01103
4	0.01199	0.05555	0.01307	0.01278	0.01454	0.00948	0.01043	0.01466	0.01705	0.02202	0.04366	0.29757	0.09645	0.02176	0.01015	0.00330	0.00619	0.32515	0.00707	0.00715
5	0.02404	0.34462	0.02979	0.01612	0.02123	0.27909	0.01372	0.02646	0.01850	0.05328	0.01371	0.01616	0.01178	0.01346	0.08388	0.00312	0.01206	0.00525	0.00409	0.00962
6	0.16839	0.46146	0.10982	0.01448	0.02130	0.07060	0.01457	0.02434	0.01610	0.02276	0.01149	0.01333	0.00985	0.00708	0.00548	0.00196	0.00879	0.00450	0.00373	0.00998
7	0.02331	0.01693	0.01861	0.01488	0.01996	0.01770	0.01201	0.38381	0.02964	0.06646	0.09431	0.06994	0.11774	0.01232	0.00826	0.00240	0.00702	0.00997	0.00774	0.06700
8	0.02120	0.72609	0.04155	0.01357	0.02035	0.03138	0.01357	0.02374	0.01611	0.01866	0.01102	0.01272	0.01018	0.00678	0.00509	0.00170	0.00848	0.00424	0.00339	0.01018
9	0.01377	0.00689	0.01033	0.01033	0.01033	0.00689	0.00689	0.01033	0.01033	0.01377	0.01377	0.02410	0.01377	0.02755	0.03099	0.76928	0.00689	0.00689	0.00344	0.00344
10	0.01590	0.04102	0.68023	0.02260	0.03432	0.01842	0.02930	0.02511	0.01674	0.02511	0.01423	0.01674	0.01005	0.00753	0.00753	0.00251	0.01172	0.00586	0.00335	0.01172
11	0.02058	0.64526	0.11690	0.01463	0.02200	0.02985	0.01542	0.02391	0.01619	0.01942	0.01140	0.01319	0.01016	0.00687	0.00538	0.00179	0.00886	0.00443	0.00339	0.01036
12	0.64463	0.01395	0.01091	0.00990	0.01427	0.01598	0.00806	0.02247	0.01404	0.03453	0.01362	0.01578	0.01063	0.00769	0.00502	0.00235	0.00571	0.00483	0.13724	0.00838
13	0.02268	0.01743	0.01927	0.01448	0.02087	0.01686	0.01178	0.30957	0.02611	0.03726	0.01714	0.01849	0.01310	0.00778	0.00681	0.00178	0.00705	0.00600	0.05488	0.37068
14	0.01493	0.01131	0.01151	0.01067	0.01350	0.06843	0.00809	0.01767	0.02047	0.10194	0.27860	0.08452	0.29511	0.01661	0.00903	0.00255	0.00518	0.01404	0.00785	0.00799
15	0.01986	0.05562	0.02327	0.01678	0.02270	0.06583	0.08473	0.11821	0.01992	0.02784	0.01566	0.04567	0.01339	0.00825	0.00864	0.00192	0.07123	0.00655	0.00500	0.36892
16	0.01877	0.01602	0.01768	0.04453	0.06546	0.05119	0.01277	0.13472	0.22990	0.03153	0.09879	0.06455	0.11456	0.01310	0.00855	0.00264	0.00696	0.05052	0.00726	0.01052
17	0.01439	0.00999	0.01223	0.01217	0.01435	0.00968	0.00895	0.10403	0.01946	0.05816	0.06763	0.44328	0.08924	0.02018	0.00947	0.00292	0.00541	0.04870	0.00750	0.04224
18	0.05528	0.34888	0.06524	0.01989	0.11451	0.11243	0.01556	0.07095	0.01902	0.05332	0.01415	0.01607	0.01162	0.00753	0.00623	0.00200	0.00915	0.00538	0.04211	0.01065
19	0.07381	0.04258	0.02162	0.01751	0.05083	0.04948	0.01350	0.40354	0.02898	0.03984	0.01870	0.04816	0.01529	0.05632	0.00964	0.00261	0.00831	0.00745	0.00671	0.08512
20	0.01938	0.01939	0.14801	0.12554	0.05960	0.01585	0.01710	0.05591	0.15774	0.12154	0.12353	0.03131	0.02628	0.01058	0.00822	0.00259	0.00799	0.03190	0.00654	0.01099
21	0.11091	0.10196	0.12967	0.01749	0.06407	0.06772	0.01511	0.13530	0.05664	0.03072	0.10717	0.02819	0.08261	0.01031	0.00745	0.00237	0.00810	0.00806	0.00581	0.01037
22	0.05414	0.26776	0.02828	0.04483	0.02351	0.31210	0.01440	0.09836	0.02125	0.02340	0.01496	0.01664	0.03290	0.00822	0.00656	0.00203	0.01086	0.00549	0.00441	0.00990
23	0.01884	0.03573	0.02268	0.01789	0.02105	0.01754	0.09916	0.10508	0.01983	0.07660	0.13943	0.06725	0.04577	0.01276	0.01383	0.00279	0.21927	0.00983	0.04513	0.00954

[dist]
# distance from previous block
# <min> <max>
0	8

[block]
# block no. 3 follows, 24 sequences, length 8
# corresponding to MSA columns:
# 263-270
name=unknown_D
#
# <colnr> <probs for GDERKNQSTAVLIFYWHMCP>
#	G	D	E	R	K	N	Q	S	T	A	V	L	I	F	Y	W	H	M	C	P
0	0.23612	0.09094	0.14464	0.01446	0.02048	0.11730	0.01382	0.02342	0.04194	0.02637	0.02476	0.02559	0.12339	0.00968	0.00672	0.00230	0.00828	0.00706	0.00487	0.05786
1	0.01141	0.01348	0.12487	0.01208	0.01546	0.00902	0.01098	0.01532	0.01924	0.02660	0.33263	0.19672	0.14759	0.01717	0.00921	0.00268	0.00534	0.01502	0.00731	0.00787
2	0.01887	0.01595	0.01675	0.01493	0.01927	0.01792	0.01166	0.09049	0.49260	0.03265	0.03935	0.03667	0.13389	0.01225	0.00828	0.00266	0.00611	0.01014	0.00794	0.01163
3	0.01322	0.01048	0.01113	0.01008	0.01327	0.00989	0.00780	0.12078	0.02204	0.02791	0.15976	0.06387	0.46521	0.01768	0.00912	0.00260	0.00478	0.01472	0.00767	0.00798
4	0.01590	0.04102	0.68023	0.02260	0.03432	0.01842	0.02930	0.02511	0.01674	0.02511	0.01423	0.01674	0.01005	0.00753	0.00753	0.00251	0.01172	0.00586	0.00335	0.01172
5	0.01048	0.00770	0.00850	0.00876	0.00980	0.00715	0.00561	0.01141	0.01443	0.01826	0.04775	0.15442	0.26477	0.36818	0.02483	0.00524	0.00592	0.01498	0.00610	0.00572
6	0.07116	0.32479	0.07417	0.01880	0.02567	0.08026	0.12271	0.14592	0.02108	0.02745	0.01374	0.01582	0.01103	0.00750	0.00668	0.00212	0.00989	0.00586	0.00453	0.01082
7	0.06718	0.13199	0.32087	0.01796	0.02636	0.01857	0.01999	0.02853	0.01801	0.21740	0.01844	0.01898	0.01283	0.00837	0.00798	0.00241	0.04086	0.00620	0.00536	0.01169

[dist]
# distance from previous block
# <min> <max>
4	7

[block]
# block no. 4 follows, 24 sequences, length 57
# corresponding to MSA columns:
# 279-335
name=unknown_E
#
# <colnr> <probs for GDERKNQSTAVLIFYWHMCP>
#	G	D	E	R	K	N	Q	S	T	A	V	L	I	F	Y	W	H	M	C	P
0	0.07304	0.01722	0.02823	0.23706	0.38609	0.01849	0.04881	0.02388	0.04504	0.02523	0.01520	0.02010	0.01217	0.00749	0.00774	0.00248	0.00956	0.00704	0.00406	0.01108
1	0.01687	0.01745	0.03386	0.37747	0.09722	0.01871	0.27658	0.02268	0.01720	0.02281	0.01496	0.02113	0.01132	0.00735	0.00851	0.00263	0.01163	0.00800	0.00375	0.00987
2	0.01963	0.01884	0.03219	0.04867	0.67185	0.01884	0.02434	0.02434	0.01806	0.02591	0.01492	0.01963	0.01256	0.00707	0.00785	0.00236	0.00942	0.00707	0.00393	0.01256
3	0.01839	0.01781	0.01767	0.08484	0.02298	0.12178	0.01206	0.02577	0.15720	0.02528	0.02237	0.06942	0.04249	0.00936	0.00719	0.00199	0.00764	0.00762	0.00550	0.32264
4	0.01642	0.01054	0.01272	0.01105	0.01449	0.00969	0.00859	0.05601	0.04938	0.13078	0.32614	0.05154	0.19033	0.01476	0.00877	0.00244	0.00482	0.01258	0.00824	0.06071
5	0.01422	0.01218	0.01962	0.48176	0.04113	0.01486	0.01764	0.01883	0.01533	0.02100	0.01693	0.02414	0.01358	0.01836	0.14365	0.00456	0.01188	0.00738	0.09464	0.00829
6	0.01498	0.01409	0.02378	0.70226	0.05462	0.01762	0.02202	0.02026	0.01586	0.02026	0.01409	0.02114	0.01057	0.00793	0.00793	0.00264	0.01057	0.00705	0.00352	0.00881
7	0.03457	0.01387	0.01854	0.01418	0.02036	0.01214	0.01170	0.06254	0.02303	0.62512	0.03008	0.02623	0.01906	0.00964	0.00789	0.00240	0.00679	0.00781	0.00953	0.04452
8	0.02557	0.01994	0.02123	0.01732	0.02285	0.02246	0.01397	0.38085	0.30928	0.04261	0.02484	0.02366	0.01819	0.01006	0.00799	0.00252	0.00765	0.00794	0.00799	0.01308
9	0.06599	0.01359	0.01786	0.01387	0.01971	0.01217	0.01141	0.05977	0.02284	0.58814	0.06694	0.02795	0.02213	0.01007	0.00792	0.00245	0.00662	0.00815	0.00947	0.01293
10	0.01740	0.03648	0.54843	0.02439	0.05901	0.01826	0.09793	0.02583	0.01733	0.05946	0.01536	0.01792	0.01087	0.00754	0.00778	0.00252	0.01156	0.00642	0.00379	0.01173
11	0.01930	0.48058	0.27043	0.01681	0.02536	0.02673	0.01921	0.02424	0.01634	0.02097	0.01217	0.01416	0.01013	0.00705	0.00596	0.00199	0.00964	0.00482	0.00338	0.01073
12	0.01963	0.01884	0.03219	0.04867	0.67185	0.01884	0.02434	0.02434	0.01806	0.02591	0.01492	0.01963	0.01256	0.00707	0.00785	0.00236	0.00942	0.00707	0.00393	0.01256
13	0.01541	0.03754	0.60946	0.02127	0.03195	0.01726	0.02699	0.02404	0.01734	0.02582	0.08329	0.02123	0.01689	0.00845	0.00773	0.00251	0.01088	0.00676	0.00392	0.01127
14	0.01253	0.00998	0.01390	0.18448	0.02317	0.01062	0.01145	0.05700	0.01791	0.02364	0.10615	0.36440	0.09777	0.01818	0.00927	0.00289	0.00623	0.01618	0.00659	0.00765
15	0.03475	0.01368	0.01838	0.01422	0.02026	0.01208	0.01170	0.03883	0.05606	0.64348	0.03134	0.02713	0.01987	0.00986	0.00798	0.00247	0.00672	0.00803	0.00972	0.01345
16	0.01590	0.04102	0.68023	0.02260	0.03432	0.01842	0.02930	0.02511	0.01674	0.02511	0.01423	0.01674	0.01005	0.00753	0.00753	0.00251	0.01172	0.00586	0.00335	0.01172
17	0.00985	0.00707	0.00922	0.01073	0.01134	0.00659	0.00718	0.01134	0.01558	0.02080	0.08546	0.61327	0.07621	0.06070	0.01163	0.00339	0.00468	0.02120	0.00732	0.00643
18	0.01173	0.00901	0.01306	0.01157	0.01386	0.00834	0.05075	0.01567	0.02219	0.03136	0.62330	0.05666	0.07055	0.01556	0.00935	0.00251	0.00440	0.01400	0.00841	0.00770
19	0.01735	0.01735	0.02429	0.02082	0.02082	0.02429	0.01735	0.01908	0.01214	0.01908	0.01041	0.01735	0.01041	0.01388	0.02602	0.00347	0.70680	0.00694	0.00347	0.00867
20	0.01907	0.01828	0.03118	0.12663	0.59823	0.01870	0.02406	0.02385	0.01779	0.02523	0.01482	0.01981	0.01232	0.00717	0.00786	0.00239	0.00956	0.00706	0.00388	0.01211
21	0.01432	0.00915	0.01183	0.01074	0.01322	0.00857	0.00820	0.01895	0.05499	0.10254	0.56547	0.05419	0.06619	0.01523	0.00914	0.00250	0.00420	0.01337	0.00881	0.00840
22	0.01940	0.02076	0.02399	0.02075	0.02144	0.13527	0.01701	0.02118	0.01387	0.01914	0.01072	0.01684	0.01038	0.01293	0.02287	0.00323	0.59127	0.00663	0.00357	0.00876
23	0.00966	0.00690	0.00920	0.01104	0.01150	0.00644	0.00736	0.01104	0.01518	0.02024	0.04371	0.71614	0.05245	0.02484	0.01012	0.00322	0.00460	0.02254	0.00736	0.00644
24	0.00966	0.00690	0.00920	0.01104	0.01150	0.00644	0.00736	0.01104	0.01518	0.02024	0.04371	0.71614	0.05245	0.02484	0.01012	0.00322	0.00460	0.02254	0.00736	0.00644
25	0.01478	0.00739	0.00739	0.00739	0.00924	0.00739	0.00554	0.01848	0.01663	0.02956	0.02587	0.02956	0.02033	0.00924	0.00554	0.00185	0.00370	0.00739	0.76534	0.00739
26	0.00966	0.00690	0.00920	0.01104	0.01150	0.00644	0.00736	0.01104	0.01518	0.02024	0.04371	0.71614	0.05245	0.02484	0.01012	0.00322	0.00460	0.02254	0.00736	0.00644
27	0.00964	0.00697	0.00913	0.01087	0.01146	0.00646	0.00728	0.01106	0.01535	0.02031	0.04584	0.67894	0.08827	0.02457	0.01008	0.00319	0.00457	0.02221	0.00736	0.00646
28	0.11265	0.01369	0.01770	0.01373	0.01973	0.01229	0.01134	0.03705	0.02174	0.61066	0.02918	0.02552	0.01848	0.00956	0.00766	0.00245	0.00668	0.00759	0.00930	0.01299
29	0.01498	0.01409	0.02378	0.70226	0.05462	0.01762	0.02202	0.02026	0.01586	0.02026	0.01409	0.02114	0.01057	0.00793	0.00793	0.00264	0.01057	0.00705	0.00352	0.00881
30	0.77733	0.01534	0.01166	0.01043	0.01534	0.01779	0.00859	0.02331	0.01350	0.03558	0.01104	0.01288	0.00859	0.00736	0.00491	0.00245	0.00613	0.00429	0.00491	0.00859
31	0.01498	0.01409	0.02378	0.70226	0.05462	0.01762	0.02202	0.02026	0.01586	0.02026	0.01409	0.02114	0.01057	0.00793	0.00793	0.00264	0.01057	0.00705	0.00352	0.00881
32	0.00974	0.00726	0.00898	0.01020	0.01123	0.00660	0.00696	0.01134	0.01610	0.02093	0.08352	0.50894	0.19663	0.04862	0.01101	0.00322	0.00453	0.02037	0.00734	0.00649
33	0.01012	0.00806	0.00907	0.00882	0.01117	0.00701	0.00661	0.01283	0.01984	0.02562	0.31788	0.06941	0.42847	0.01852	0.00936	0.00260	0.00391	0.01577	0.00792	0.00701
34	0.02120	0.72609	0.04155	0.01357	0.02035	0.03138	0.01357	0.02374	0.01611	0.01866	0.01102	0.01272	0.01018	0.00678	0.00509	0.00170	0.00848	0.00424	0.00339	0.01018
35	0.05207	0.05075	0.02375	0.20619	0.03233	0.17459	0.01675	0.28710	0.02634	0.03310	0.01553	0.01807	0.01163	0.00859	0.00753	0.00235	0.01040	0.00644	0.00556	0.01092
36	0.03451	0.01326	0.01806	0.01393	0.01988	0.01147	0.01147	0.03761	0.02269	0.64914	0.05908	0.02840	0.02204	0.01009	0.00803	0.00246	0.00662	0.00825	0.00977	0.01323
37	0.01478	0.00739	0.00739	0.00739	0.00924	0.00739	0.00554	0.01848	0.01663	0.02956	0.02587	0.02956	0.02033	0.00924	0.00554	0.00185	0.00370	0.00739	0.76534	0.00739
38	0.02596	0.33740	0.03078	0.01744	0.02270	0.40301	0.01456	0.02822	0.01970	0.01908	0.01172	0.01361	0.01020	0.00757	0.00625	0.00189	0.01177	0.00473	0.00378	0.00962
39	0.02120	0.72609	0.04155	0.01357	0.02035	0.03138	0.01357	0.02374	0.01611	0.01866	0.01102	0.01272	0.01018	0.00678	0.00509	0.00170	0.00848	0.00424	0.00339	0.01018
40	0.01981	0.01486	0.01740	0.01265	0.01953	0.01211	0.01021	0.08572	0.01921	0.09523	0.01637	0.01779	0.01273	0.00665	0.00630	0.00143	0.00625	0.00528	0.00555	0.61490
41	0.00966	0.00690	0.00920	0.01104	0.01150	0.00644	0.00736	0.01104	0.01518	0.02024	0.04371	0.71614	0.05245	0.02484	0.01012	0.00322	0.00460	0.02254	0.00736	0.00644
42	0.00945	0.00804	0.00814	0.00812	0.01076	0.00673	0.00609	0.01154	0.01826	0.02187	0.10579	0.07558	0.64289	0.01992	0.00937	0.00267	0.00400	0.01663	0.00742	0.00673
43	0.01872	0.02139	0.04679	0.03342	0.04144	0.02005	0.64305	0.02540	0.01872	0.02540	0.01604	0.02139	0.01203	0.00668	0.00936	0.00267	0.01337	0.00936	0.00401	0.01070
44	0.03558	0.01350	0.01840	0.01411	0.02024	0.01166	0.01166	0.03865	0.02270	0.67734	0.03128	0.02699	0.01963	0.00981	0.00797	0.00245	0.00675	0.00797	0.00981	0.01350
45	0.03105	0.01978	0.02218	0.01711	0.02332	0.02111	0.01410	0.46541	0.06127	0.20752	0.02272	0.02152	0.01551	0.00965	0.00795	0.00241	0.00812	0.00743	0.00841	0.01345
46	0.00966	0.00690	0.00920	0.01104	0.01150	0.00644	0.00736	0.01104	0.01518	0.02024	0.04371	0.71614	0.05245	0.02484	0.01012	0.00322	0.00460	0.02254	0.00736	0.00644
47	0.00966	0.00690	0.00920	0.01104	0.01150	0.00644	0.00736	0.01104	0.01518	0.02024	0.04371	0.71614	0.05245	0.02484	0.01012	0.00322	0.00460	0.02254	0.00736	0.00644
48	0.03014	0.02221	0.02380	0.01825	0.02459	0.02459	0.01507	0.64541	0.03728	0.04998	0.01904	0.01904	0.01349	0.00952	0.00793	0.00238	0.00873	0.00714	0.00793	0.01349
49	0.00966	0.00690	0.00920	0.01104	0.01150	0.00644	0.00736	0.01104	0.01518	0.02024	0.04371	0.71614	0.05245	0.02484	0.01012	0.00322	0.00460	0.02254	0.00736	0.00644
50	0.00980	0.00701	0.00933	0.01095	0.01153	0.00653	0.00737	0.01139	0.01583	0.02128	0.09968	0.65721	0.05445	0.02407	0.01005	0.00316	0.00452	0.02181	0.00748	0.00653
51	0.01644	0.01409	0.01644	0.01175	0.01879	0.01057	0.00940	0.01997	0.01644	0.02584	0.01409	0.01644	0.01175	0.00587	0.00587	0.00117	0.00587	0.00470	0.00470	0.76979
52	0.02619	0.01816	0.05917	0.09949	0.05256	0.01779	0.01535	0.20526	0.12643	0.22674	0.05267	0.02501	0.01916	0.00970	0.00800	0.00249	0.00795	0.00791	0.00759	0.01237
53	0.01708	0.04755	0.02349	0.02041	0.05358	0.06579	0.04750	0.01943	0.01375	0.01947	0.01388	0.02152	0.01326	0.05214	0.15539	0.00523	0.39083	0.00734	0.00377	0.00859
54	0.00985	0.00698	0.00914	0.01080	0.01121	0.00657	0.00710	0.01109	0.01481	0.01974	0.04179	0.64803	0.05003	0.09626	0.01322	0.00368	0.00492	0.02141	0.00710	0.00627
55	0.01382	0.00979	0.01211	0.01269	0.01446	0.00992	0.00930	0.06528	0.09445	0.05139	0.03975	0.48849	0.04403	0.02106	0.00970	0.00310	0.00548	0.07948	0.00758	0.00809
56	0.01916	0.02043	0.07438	0.08129	0.51392	0.04589	0.02345	0.02394	0.01776	0.02488	0.01547	0.02168	0.01326	0.00802	0.00873	0.00247	0.04087	0.02863	0.00397	0.01179

[dist]
# distance from previous block
# <min> <max>
0	1

[block]
# block no. 5 follows, 24 sequences, length 27
# corresponding to MSA columns:
# 337-363
name=unknown_F
#
# <colnr> <probs for GDERKNQSTAVLIFYWHMCP>
#	G	D	E	R	K	N	Q	S	T	A	V	L	I	F	Y	W	H	M	C	P
0	0.01122	0.00811	0.00941	0.00940	0.01163	0.00709	0.00692	0.01357	0.01880	0.05728	0.21175	0.19454	0.37251	0.01956	0.00944	0.00273	0.00420	0.01685	0.00782	0.00718
1	0.02634	0.01939	0.02110	0.01681	0.02244	0.02109	0.01361	0.44016	0.13191	0.06899	0.02323	0.07440	0.01832	0.01069	0.00800	0.00243	0.00777	0.00850	0.00780	0.05701
2	0.10970	0.19361	0.17384	0.02147	0.11292	0.17324	0.01813	0.02565	0.01768	0.02368	0.01274	0.01517	0.01039	0.00732	0.00651	0.00210	0.01022	0.00522	0.00387	0.05655
3	0.01505	0.00924	0.01165	0.01100	0.01350	0.00856	0.00824	0.01907	0.05940	0.13120	0.30821	0.20354	0.13553	0.01732	0.00923	0.00269	0.00461	0.01517	0.00837	0.00842
4	0.06624	0.02137	0.13207	0.02061	0.11257	0.01747	0.01649	0.16409	0.07822	0.08811	0.01822	0.01936	0.01355	0.00798	0.00720	0.00215	0.00810	0.00639	0.00583	0.19399
5	0.02070	0.02157	0.03198	0.07831	0.47549	0.11462	0.09218	0.02528	0.01864	0.02462	0.01462	0.01915	0.01206	0.00723	0.00792	0.00236	0.01062	0.00704	0.00394	0.01167
6	0.01040	0.00764	0.00985	0.01054	0.01185	0.00694	0.00739	0.01262	0.01764	0.02406	0.23447	0.44408	0.09964	0.02111	0.00966	0.00288	0.00435	0.01892	0.00767	0.03828
7	0.01982	0.01691	0.01780	0.01589	0.02039	0.01940	0.01239	0.07342	0.59500	0.03355	0.03373	0.03113	0.05278	0.01111	0.00812	0.00267	0.00631	0.00922	0.00803	0.01234
8	0.02564	0.01234	0.01693	0.01547	0.06750	0.01123	0.01130	0.05171	0.02279	0.37852	0.25198	0.03740	0.03815	0.01183	0.00845	0.00246	0.00598	0.01010	0.00891	0.01132
9	0.02149	0.04816	0.02613	0.13742	0.27091	0.18103	0.01934	0.06345	0.05264	0.02484	0.01722	0.02416	0.01478	0.00894	0.00785	0.00242	0.01038	0.05353	0.00460	0.01072
10	0.02833	0.22396	0.02574	0.01474	0.02061	0.01975	0.01278	0.07065	0.09664	0.33996	0.02378	0.02220	0.01661	0.00920	0.00794	0.00230	0.03839	0.00690	0.00732	0.01219
11	0.00981	0.00720	0.00906	0.01034	0.01123	0.00661	0.00700	0.01135	0.01590	0.02085	0.08534	0.53401	0.15627	0.06123	0.01159	0.00333	0.00462	0.02049	0.00730	0.00646
12	0.02729	0.01635	0.01991	0.04578	0.06160	0.03348	0.01353	0.16101	0.13610	0.28717	0.02676	0.05558	0.01958	0.01284	0.04298	0.00303	0.00824	0.00848	0.00796	0.01233
13	0.01596	0.01371	0.01662	0.06473	0.02115	0.01089	0.01026	0.01951	0.01633	0.02511	0.01570	0.05468	0.01386	0.00706	0.00626	0.00140	0.00616	0.00584	0.00475	0.67004
14	0.00965	0.00695	0.00915	0.01092	0.01147	0.00645	0.00731	0.01106	0.01530	0.02029	0.04516	0.69068	0.07696	0.02465	0.01009	0.00320	0.00458	0.02231	0.00736	0.00645
15	0.01087	0.00783	0.01028	0.01022	0.01177	0.00725	0.00745	0.01407	0.02080	0.02918	0.52609	0.20829	0.06975	0.01817	0.00953	0.00266	0.00394	0.01620	0.00842	0.00725
16	0.02169	0.02006	0.02064	0.20946	0.03012	0.17094	0.01554	0.11653	0.06396	0.06460	0.01798	0.02341	0.01467	0.07389	0.06383	0.00371	0.04686	0.00729	0.00516	0.00964
17	0.01377	0.00689	0.01033	0.01033	0.01033	0.00689	0.00689	0.01033	0.01033	0.01377	0.01377	0.02410	0.01377	0.02755	0.03099	0.76928	0.00689	0.00689	0.00344	0.00344
18	0.01157	0.00787	0.00928	0.00925	0.00993	0.00769	0.00596	0.01282	0.01478	0.02024	0.17360	0.05590	0.05998	0.47478	0.02949	0.00593	0.00653	0.04905	0.02965	0.00570
19	0.01682	0.01691	0.02722	0.22949	0.03391	0.02168	0.10441	0.02031	0.01417	0.02031	0.01230	0.01905	0.01068	0.01109	0.01825	0.00311	0.40045	0.00730	0.00356	0.00899
20	0.09807	0.11644	0.11094	0.01999	0.06431	0.21559	0.01677	0.21117	0.02420	0.03111	0.01443	0.01602	0.01115	0.00817	0.00700	0.00222	0.01049	0.00574	0.00512	0.01107
21	0.02528	0.02993	0.02148	0.02020	0.04948	0.46523	0.01479	0.04993	0.02019	0.02040	0.01394	0.01898	0.01248	0.06676	0.05403	0.00333	0.09423	0.00618	0.00421	0.00897
22	0.01153	0.00769	0.00865	0.00865	0.00865	0.00769	0.00480	0.01153	0.01153	0.01538	0.02499	0.05189	0.02883	0.72131	0.04036	0.00769	0.00769	0.01153	0.00480	0.00480
23	0.01959	0.01640	0.02316	0.27958	0.03397	0.02055	0.01806	0.12616	0.01855	0.06353	0.01496	0.02001	0.01183	0.01050	0.01440	0.00286	0.26144	0.00709	0.02759	0.00978
24	0.01111	0.00810	0.01044	0.00986	0.01178	0.00743	0.00739	0.01474	0.02218	0.03116	0.63147	0.06029	0.11142	0.01645	0.00935	0.00251	0.00376	0.01449	0.00865	0.00743
25	0.04775	0.01451	0.02327	0.64217	0.05160	0.01794	0.02114	0.04869	0.01673	0.02225	0.01419	0.02070	0.01062	0.00798	0.00780	0.00262	0.01030	0.00694	0.00378	0.00901
26	0.12969	0.01958	0.06748	0.01467	0.01955	0.07909	0.01252	0.24502	0.05245	0.03600	0.02057	0.06337	0.01666	0.00987	0.00700	0.00231	0.00760	0.00754	0.17863	0.01040

[dist]
# distance from previous block
# <min> <max>
0	1

[block]
# block no. 6 follows, 24 sequences, length 30
# corresponding to MSA columns:
# 365-394
name=unknown_G
#
# <colnr> <probs for GDERKNQSTAVLIFYWHMCP>
#	G	D	E	R	K	N	Q	S	T	A	V	L	I	F	Y	W	H	M	C	P
0	0.02236	0.04639	0.01869	0.01488	0.01956	0.11441	0.01169	0.12682	0.14499	0.09431	0.05994	0.02874	0.02158	0.08534	0.01103	0.00279	0.00795	0.02845	0.00657	0.13351
1	0.10587	0.16519	0.02616	0.09945	0.02638	0.02442	0.01492	0.37566	0.02780	0.03840	0.01594	0.01734	0.01193	0.00853	0.00703	0.00228	0.00862	0.00623	0.00614	0.01172
2	0.02348	0.02068	0.13460	0.01811	0.05272	0.01739	0.01590	0.21501	0.10528	0.14754	0.11599	0.02964	0.02522	0.01067	0.00819	0.00251	0.00786	0.02990	0.00738	0.01194
3	0.01744	0.06831	0.45481	0.07691	0.14574	0.01938	0.02642	0.05481	0.01788	0.02578	0.01442	0.01748	0.01070	0.00754	0.00752	0.00245	0.01093	0.00614	0.00369	0.01166
4	0.06386	0.01651	0.02719	0.33738	0.35687	0.01823	0.02234	0.02246	0.01680	0.02398	0.01431	0.01989	0.01143	0.00747	0.00771	0.00249	0.00973	0.00689	0.00381	0.01065
5	0.02661	0.02012	0.02190	0.01657	0.02310	0.02098	0.01361	0.48409	0.03191	0.04375	0.01776	0.01837	0.01304	0.00858	0.00740	0.00207	0.00799	0.00651	0.00710	0.20856
6	0.01130	0.00767	0.00864	0.00873	0.00892	0.00756	0.00501	0.01150	0.01212	0.01599	0.02933	0.08744	0.06914	0.64275	0.03692	0.00715	0.00731	0.01241	0.00509	0.00500
7	0.01746	0.04318	0.05820	0.20849	0.03415	0.06165	0.12758	0.02147	0.01531	0.02076	0.01324	0.01939	0.01116	0.01234	0.04785	0.00337	0.26435	0.00721	0.00365	0.00921
8	0.02511	0.01941	0.02168	0.01918	0.06650	0.02147	0.01443	0.39885	0.18993	0.04164	0.02414	0.07976	0.01936	0.01094	0.00814	0.00253	0.00781	0.00888	0.00765	0.01260
9	0.09298	0.01550	0.01902	0.01470	0.02078	0.01490	0.01214	0.16678	0.02508	0.49294	0.02708	0.02418	0.01745	0.00956	0.00772	0.00244	0.00712	0.00751	0.00903	0.01311
10	0.00966	0.00690	0.00920	0.01104	0.01150	0.00644	0.00736	0.01104	0.01518	0.02024	0.04371	0.71614	0.05245	0.02484	0.01012	0.00322	0.00460	0.02254	0.00736	0.00644
11	0.03454	0.01474	0.01856	0.01449	0.02045	0.04182	0.01186	0.03851	0.05366	0.61702	0.03050	0.02656	0.01944	0.00979	0.00794	0.00245	0.00706	0.00790	0.00948	0.01326
12	0.01582	0.01195	0.01381	0.01243	0.01383	0.01339	0.00877	0.11607	0.06881	0.02304	0.02367	0.07109	0.02478	0.42877	0.02935	0.00570	0.09527	0.01055	0.00552	0.00738
13	0.03305	0.01406	0.01833	0.01443	0.02030	0.01294	0.01180	0.03920	0.12396	0.57459	0.03144	0.02740	0.02036	0.00997	0.00799	0.00249	0.00667	0.00813	0.00954	0.01334
14	0.00966	0.00690	0.00920	0.01104	0.01150	0.00644	0.00736	0.01104	0.01518	0.02024	0.04371	0.71614	0.05245	0.02484	0.01012	0.00322	0.00460	0.02254	0.00736	0.00644
15	0.05378	0.03974	0.64697	0.02200	0.03338	0.01839	0.02827	0.02502	0.01658	0.02563	0.01407	0.01655	0.00997	0.00753	0.00740	0.00251	0.01144	0.00578	0.00343	0.01156
16	0.02461	0.01888	0.02025	0.01686	0.02215	0.02121	0.01349	0.27803	0.38227	0.07277	0.02704	0.02533	0.01978	0.01023	0.00801	0.00256	0.00726	0.00820	0.00811	0.01297
17	0.01677	0.01718	0.03059	0.30458	0.04068	0.02032	0.20030	0.02140	0.01557	0.02140	0.01355	0.02008	0.01095	0.00935	0.01376	0.00290	0.21998	0.00768	0.00365	0.00931
18	0.04637	0.03609	0.54826	0.06978	0.09576	0.01838	0.02752	0.02464	0.01668	0.02528	0.01416	0.01716	0.01026	0.00751	0.00749	0.00250	0.01120	0.00599	0.00348	0.01148
19	0.77733	0.01534	0.01166	0.01043	0.01534	0.01779	0.00859	0.02331	0.01350	0.03558	0.01104	0.01288	0.00859	0.00736	0.00491	0.00245	0.00613	0.00429	0.00491	0.00859
20	0.01972	0.01703	0.01793	0.01614	0.02062	0.01972	0.01255	0.04214	0.65752	0.03317	0.03228	0.02959	0.02421	0.01076	0.00807	0.00269	0.00628	0.00897	0.00807	0.01255
21	0.05623	0.01657	0.02165	0.01589	0.02274	0.01489	0.09056	0.14245	0.02118	0.09303	0.01679	0.01841	0.01272	0.00712	0.00686	0.00178	0.00746	0.00605	0.00573	0.42191
22	0.01626	0.08758	0.63681	0.02199	0.03337	0.01930	0.02823	0.02502	0.01670	0.02467	0.01401	0.01647	0.01005	0.00748	0.00737	0.00246	0.01150	0.00575	0.00335	0.01161
23	0.01590	0.04102	0.68023	0.02260	0.03432	0.01842	0.02930	0.02511	0.01674	0.02511	0.01423	0.01674	0.01005	0.00753	0.00753	0.00251	0.01172	0.00586	0.00335	0.01172
24	0.00993	0.00775	0.00902	0.00935	0.01122	0.00683	0.00676	0.01222	0.01844	0.02381	0.22352	0.24344	0.34869	0.02035	0.00957	0.00278	0.00410	0.01767	0.00772	0.00683
25	0.10450	0.01411	0.01803	0.01444	0.01952	0.01398	0.01186	0.03437	0.06381	0.47514	0.05217	0.02602	0.02005	0.01032	0.00965	0.00258	0.08093	0.00782	0.00850	0.01220
26	0.03282	0.01279	0.01742	0.01378	0.01931	0.01110	0.01120	0.03571	0.02190	0.60751	0.03260	0.10022	0.02312	0.01141	0.00820	0.00254	0.00652	0.00952	0.00955	0.01275
27	0.00983	0.00703	0.00935	0.01093	0.01154	0.00655	0.00737	0.01146	0.01595	0.02147	0.11001	0.64633	0.05483	0.02393	0.01004	0.00314	0.00451	0.02167	0.00751	0.00655
28	0.02741	0.01954	0.02193	0.01733	0.02244	0.02185	0.01413	0.43957	0.06934	0.10466	0.02053	0.02251	0.01546	0.05847	0.01207	0.00288	0.08249	0.00761	0.00744	0.01233
29	0.09263	0.00887	0.01071	0.01002	0.01222	0.00858	0.00760	0.01585	0.02150	0.03220	0.59789	0.05431	0.06778	0.01527	0.00888	0.00249	0.00400	0.01327	0.00832	0.00760

[dist]
# distance from previous block
# <min> <max>
0	59

[block]
# block no. 7 follows, 24 sequences, length 10
# corresponding to MSA columns:
# 454-463
name=unknown_H
#
# <colnr> <probs for GDERKNQSTAVLIFYWHMCP>
#	G	D	E	R	K	N	Q	S	T	A	V	L	I	F	Y	W	H	M	C	P
0	0.28085	0.01367	0.01552	0.01255	0.01793	0.01336	0.01029	0.03161	0.01961	0.41109	0.07613	0.02490	0.02042	0.00952	0.00706	0.00246	0.00630	0.00726	0.00809	0.01137
1	0.01225	0.00953	0.01199	0.01165	0.01445	0.00810	0.00861	0.01458	0.01593	0.02247	0.03366	0.41712	0.03817	0.01821	0.00879	0.00258	0.00531	0.07915	0.00647	0.26098
2	0.01066	0.00774	0.00849	0.00864	0.00957	0.00726	0.00542	0.01144	0.01401	0.01779	0.04496	0.11409	0.24402	0.43089	0.02757	0.00565	0.00621	0.01416	0.00587	0.00557
3	0.01383	0.01196	0.01874	0.47105	0.03929	0.01431	0.01628	0.01735	0.01441	0.01863	0.01772	0.03139	0.01666	0.24572	0.01874	0.00432	0.00961	0.00854	0.00395	0.00747
4	0.06056	0.01567	0.01853	0.01507	0.02062	0.01596	0.01219	0.10287	0.23545	0.37008	0.02949	0.02643	0.02005	0.01000	0.00787	0.00252	0.00677	0.00806	0.00883	0.01298
5	0.00956	0.00728	0.00881	0.01004	0.01124	0.00653	0.00692	0.01115	0.01615	0.02064	0.05591	0.50286	0.25784	0.02326	0.00987	0.00304	0.00441	0.02061	0.00736	0.00653
6	0.02620	0.10242	0.02760	0.02653	0.19764	0.21643	0.01746	0.23342	0.02553	0.03126	0.01510	0.01714	0.01193	0.00817	0.00737	0.00220	0.01050	0.00622	0.00525	0.01163
7	0.00973	0.00745	0.00866	0.00955	0.01089	0.00667	0.00655	0.01123	0.01601	0.02024	0.05699	0.38385	0.30541	0.09327	0.01287	0.00345	0.00467	0.01902	0.00710	0.00638
8	0.01757	0.01499	0.01652	0.01414	0.01905	0.01528	0.01095	0.03148	0.37640	0.02937	0.02742	0.09728	0.02302	0.01061	0.00755	0.00224	0.00597	0.00897	0.00687	0.26432
9	0.02258	0.01699	0.02277	0.02661	0.23763	0.01796	0.01632	0.03557	0.32873	0.14809	0.02631	0.02579	0.01949	0.00936	0.00798	0.00254	0.00741	0.00815	0.00701	0.01273

[dist]
# distance from previous block
# <min> <max>
0	47

[block]
# block no. 8 follows, 24 sequences, length 21
# corresponding to MSA columns:
# 511-531
name=unknown_I
#
# <colnr> <probs for GDERKNQSTAVLIFYWHMCP>
#	G	D	E	R	K	N	Q	S	T	A	V	L	I	F	Y	W	H	M	C	P
0	0.01520	0.01432	0.02419	0.67109	0.08405	0.01768	0.02213	0.02046	0.01596	0.02053	0.01413	0.02107	0.01067	0.00789	0.00792	0.00263	0.01052	0.00705	0.00354	0.00899
1	0.01138	0.00762	0.00869	0.00885	0.00889	0.00758	0.00502	0.01149	0.01184	0.01578	0.02655	0.10728	0.03080	0.66324	0.03784	0.00732	0.00743	0.01245	0.00502	0.00494
2	0.01111	0.00802	0.01050	0.01005	0.01182	0.00741	0.00747	0.01469	0.02194	0.03099	0.62419	0.10500	0.07326	0.01681	0.00941	0.00254	0.00380	0.01491	0.00863	0.00741
3	0.03014	0.02221	0.02380	0.01825	0.02459	0.02459	0.01507	0.64541	0.03728	0.04998	0.01904	0.01904	0.01349	0.00952	0.00793	0.00238	0.00873	0.00714	0.00793	0.01349
4	0.00976	0.00805	0.00857	0.00844	0.01095	0.00686	0.00633	0.01213	0.01899	0.02359	0.20331	0.07274	0.54430	0.01927	0.00937	0.00264	0.00396	0.01623	0.00765	0.00686
5	0.00981	0.00701	0.00938	0.01122	0.01174	0.00657	0.00763	0.01130	0.01533	0.02041	0.04362	0.68555	0.05212	0.02470	0.01016	0.00324	0.00473	0.05163	0.00736	0.00648
6	0.02190	0.66870	0.03996	0.01414	0.02070	0.08625	0.01371	0.02441	0.01664	0.01872	0.01113	0.01285	0.01018	0.00690	0.00526	0.00172	0.00897	0.00431	0.00345	0.01009
7	0.01268	0.00843	0.01107	0.01022	0.01235	0.00773	0.00773	0.01638	0.02246	0.07038	0.62963	0.05731	0.07152	0.01583	0.00927	0.00249	0.00392	0.01396	0.00879	0.00784
8	0.03264	0.01328	0.01758	0.01376	0.01953	0.01174	0.01127	0.03674	0.05884	0.58968	0.03513	0.03095	0.06998	0.01066	0.00809	0.00248	0.00651	0.00871	0.00953	0.01292
9	0.02845	0.02125	0.02288	0.01756	0.02389	0.02310	0.01444	0.56289	0.06089	0.04706	0.01913	0.01923	0.01377	0.00923	0.00775	0.00228	0.00836	0.00699	0.00764	0.08320
10	0.00963	0.00701	0.00909	0.01075	0.01143	0.00647	0.00723	0.01107	0.01546	0.02036	0.04725	0.65427	0.11203	0.02438	0.01005	0.00317	0.00454	0.02198	0.00736	0.00647
11	0.01963	0.01884	0.03219	0.04867	0.67185	0.01884	0.02434	0.02434	0.01806	0.02591	0.01492	0.01963	0.01256	0.00707	0.00785	0.00236	0.00942	0.00707	0.00393	0.01256
12	0.01644	0.01409	0.01644	0.01175	0.01879	0.01057	0.00940	0.01997	0.01644	0.02584	0.01409	0.01644	0.01175	0.00587	0.00587	0.00117	0.00587	0.00470	0.00470	0.76979
13	0.13532	0.19877	0.32947	0.01915	0.06311	0.02115	0.02036	0.04623	0.01689	0.02632	0.01374	0.01605	0.01062	0.00745	0.00647	0.00226	0.00945	0.00542	0.04101	0.01076
14	0.06063	0.01214	0.01590	0.06555	0.02017	0.01111	0.01090	0.02939	0.02086	0.41930	0.09203	0.03792	0.14549	0.01203	0.00821	0.00251	0.00625	0.00993	0.00855	0.01112
15	0.07208	0.38643	0.22756	0.01713	0.02513	0.02517	0.04637	0.02562	0.06573	0.02318	0.01385	0.01562	0.01119	0.00735	0.00623	0.00211	0.00933	0.00532	0.00387	0.01073
16	0.01841	0.02130	0.12531	0.13806	0.45099	0.01865	0.02405	0.02488	0.05431	0.02539	0.01569	0.02000	0.01257	0.00747	0.00783	0.00244	0.00974	0.00700	0.00402	0.01189
17	0.02191	0.08619	0.02014	0.01481	0.01957	0.08910	0.01202	0.21185	0.09515	0.03216	0.01971	0.02184	0.01559	0.01514	0.09374	0.00342	0.00957	0.00678	0.11263	0.09868
18	0.01628	0.18346	0.35396	0.01991	0.06469	0.01935	0.02119	0.02238	0.01611	0.02268	0.03546	0.02008	0.01411	0.01741	0.13576	0.00425	0.01241	0.00634	0.00373	0.01042
19	0.02123	0.05722	0.01826	0.01329	0.01835	0.01529	0.01070	0.21184	0.02260	0.08132	0.02275	0.02546	0.06025	0.04437	0.03057	0.06650	0.00733	0.00728	0.05137	0.21402
20	0.02474	0.01742	0.01940	0.01542	0.02052	0.01830	0.01241	0.38817	0.02892	0.08438	0.05320	0.02974	0.02063	0.10220	0.01216	0.00303	0.00783	0.04440	0.00733	0.08979

[dist]
# distance from previous block
# <min> <max>
2	3

[block]
# block no. 9 follows, 24 sequences, length 23
# corresponding to MSA columns:
# 535-557
name=unknown_J
#
# <colnr> <probs for GDERKNQSTAVLIFYWHMCP>
#	G	D	E	R	K	N	Q	S	T	A	V	L	I	F	Y	W	H	M	C	P
0	0.02299	0.01410	0.01953	0.15091	0.07647	0.01385	0.01423	0.05787	0.05810	0.24246	0.07793	0.02901	0.02193	0.00976	0.00788	0.00235	0.00740	0.03596	0.00692	0.13037
1	0.02762	0.02172	0.05222	0.07266	0.02793	0.06292	0.06890	0.35857	0.06222	0.13420	0.02026	0.02073	0.01425	0.00909	0.00800	0.00244	0.00932	0.00736	0.00710	0.01249
2	0.01705	0.01612	0.02679	0.40920	0.29617	0.01821	0.02245	0.02300	0.04985	0.02315	0.01536	0.02098	0.01206	0.00773	0.00790	0.00253	0.00990	0.00715	0.00392	0.01048
3	0.01878	0.04489	0.01582	0.01320	0.01669	0.01292	0.01057	0.08229	0.12422	0.13499	0.24393	0.10510	0.04371	0.01468	0.00885	0.00267	0.00581	0.08285	0.00819	0.00983
4	0.26098	0.07801	0.02223	0.05505	0.11761	0.02112	0.01450	0.21416	0.02173	0.03479	0.01467	0.01724	0.01152	0.01068	0.03907	0.00288	0.04157	0.00603	0.00540	0.01076
5	0.13697	0.01762	0.02341	0.17564	0.17474	0.02029	0.01777	0.15082	0.07014	0.03082	0.01581	0.01932	0.01236	0.00889	0.00958	0.00260	0.09052	0.00678	0.00508	0.01085
6	0.70299	0.01768	0.03869	0.01150	0.01663	0.05759	0.00980	0.02388	0.01416	0.03421	0.01124	0.01312	0.00874	0.00742	0.00514	0.00243	0.00684	0.00440	0.00480	0.00875
7	0.00989	0.00814	0.00876	0.00883	0.01134	0.00700	0.00678	0.01225	0.01863	0.02291	0.15016	0.07530	0.54186	0.01976	0.00950	0.00274	0.00426	0.06751	0.00753	0.00684
8	0.01153	0.00769	0.00865	0.00865	0.00865	0.00769	0.00480	0.01153	0.01153	0.01538	0.02499	0.05189	0.02883	0.72131	0.04036	0.00769	0.00769	0.01153	0.00480	0.00480
9	0.02484	0.10726	0.02806	0.12318	0.09006	0.21606	0.06600	0.19664	0.02412	0.02892	0.01479	0.01748	0.01152	0.00813	0.00748	0.00226	0.01101	0.00637	0.00496	0.01086
10	0.02702	0.02330	0.02142	0.01782	0.02311	0.15654	0.01416	0.30191	0.22894	0.06921	0.02244	0.02179	0.01650	0.00965	0.00782	0.00241	0.00898	0.00735	0.00729	0.01233
11	0.02790	0.02023	0.02214	0.01681	0.02328	0.02128	0.01383	0.49614	0.03262	0.07981	0.01879	0.01899	0.01350	0.00886	0.00755	0.00216	0.00809	0.00673	0.00744	0.15386
12	0.01972	0.01703	0.01793	0.01614	0.02062	0.01972	0.01255	0.04214	0.65752	0.03317	0.03228	0.02959	0.02421	0.01076	0.00807	0.00269	0.00628	0.00897	0.00807	0.01255
13	0.01082	0.00824	0.01037	0.01093	0.01271	0.00718	0.00761	0.01262	0.01563	0.02131	0.04142	0.54444	0.09359	0.02117	0.00932	0.00282	0.00478	0.01899	0.00690	0.13916
14	0.01278	0.00913	0.01278	0.01460	0.01643	0.00913	0.01278	0.01643	0.01825	0.02373	0.04199	0.08945	0.04564	0.02191	0.01095	0.00365	0.00730	0.61847	0.00730	0.00730
15	0.01107	0.00810	0.01038	0.00981	0.01175	0.00742	0.00736	0.01466	0.02208	0.03092	0.61781	0.06068	0.12522	0.01654	0.00935	0.00251	0.00376	0.01454	0.00861	0.00742
16	0.02730	0.11998	0.02132	0.01388	0.01992	0.04679	0.01159	0.03187	0.07014	0.34713	0.04558	0.02348	0.01845	0.00880	0.00715	0.00209	0.00705	0.00693	0.00740	0.16318
17	0.06604	0.01788	0.02563	0.27962	0.28829	0.06695	0.02054	0.02504	0.05068	0.06091	0.01600	0.02031	0.01242	0.00783	0.00767	0.00247	0.00968	0.00690	0.00440	0.01075
18	0.01997	0.01613	0.02451	0.02114	0.10213	0.01433	0.13502	0.07192	0.01931	0.09957	0.01903	0.07026	0.01588	0.00828	0.00749	0.00199	0.00799	0.00775	0.00549	0.33180
19	0.02125	0.06281	0.10047	0.12289	0.18506	0.20928	0.11268	0.02592	0.01881	0.02275	0.01391	0.01781	0.01112	0.00744	0.00764	0.00230	0.01163	0.00649	0.00386	0.03587
20	0.01906	0.04467	0.18849	0.04838	0.04826	0.01479	0.12199	0.02443	0.01828	0.14123	0.07502	0.06137	0.02138	0.01248	0.04625	0.00304	0.00957	0.00873	0.08218	0.01039
21	0.01650	0.01147	0.01347	0.01141	0.01493	0.01080	0.00877	0.11552	0.02227	0.07976	0.28056	0.04658	0.13560	0.08351	0.01163	0.00284	0.00547	0.01152	0.00756	0.10985
22	0.02391	0.06016	0.02121	0.01555	0.02123	0.01987	0.01274	0.38388	0.06198	0.03967	0.05805	0.05780	0.04971	0.01046	0.00770	0.00223	0.00744	0.00828	0.00715	0.13097

[dist]
# distance from previous block
# <min> <max>
0	6

[block]
# block no. 10 follows, 24 sequences, length 10
# corresponding to MSA columns:
# 564-573
name=unknown_K
#
# <colnr> <probs for GDERKNQSTAVLIFYWHMCP>
#	G	D	E	R	K	N	Q	S	T	A	V	L	I	F	Y	W	H	M	C	P
0	0.08694	0.01922	0.04936	0.08526	0.41480	0.01926	0.06156	0.07727	0.05858	0.02877	0.01598	0.01973	0.01275	0.00758	0.00770	0.00243	0.00929	0.00705	0.00456	0.01187
1	0.02564	0.02036	0.02561	0.01953	0.02579	0.02157	0.10917	0.43060	0.07193	0.04177	0.02017	0.05205	0.01561	0.00957	0.00809	0.00238	0.00884	0.00810	0.00705	0.07615
2	0.01857	0.01261	0.01487	0.01298	0.01557	0.01328	0.00976	0.16971	0.02058	0.08224	0.08183	0.07553	0.02918	0.27306	0.02135	0.00451	0.05043	0.05598	0.00656	0.03142
3	0.02491	0.01626	0.01887	0.04540	0.02179	0.01663	0.01240	0.26225	0.07927	0.16297	0.02421	0.08343	0.01907	0.01042	0.00770	0.00230	0.00712	0.00847	0.05435	0.12217
4	0.01811	0.06660	0.01704	0.01316	0.01633	0.01538	0.01059	0.15433	0.02001	0.02945	0.02239	0.11460	0.02037	0.01557	0.06476	0.00317	0.09409	0.00892	0.22481	0.07035
