[name]
unknown

[dist]
# distance from previous block
# <min> <max>
2	180

[block]
# block no. 0 follows, 29 sequences, length 17
# corresponding to MSA columns:
# 181-197
name=unknown_A
#
# <colnr> <probs for GDERKNQSTAVLIFYWHMCP>
#	G	D	E	R	K	N	Q	S	T	A	V	L	I	F	Y	W	H	M	C	P
0	0.11625	0.05033	0.08504	0.01556	0.01890	0.15939	0.02825	0.06838	0.01638	0.02283	0.07326	0.10292	0.01864	0.01077	0.01069	0.00240	0.17963	0.00767	0.00449	0.00823
1	0.33606	0.08312	0.22054	0.01566	0.06290	0.01643	0.03306	0.02149	0.01417	0.04380	0.02951	0.01479	0.01051	0.00674	0.00562	0.00208	0.00746	0.00489	0.00399	0.06720
2	0.06456	0.06512	0.48281	0.01879	0.02714	0.10738	0.04749	0.02244	0.01548	0.02197	0.01381	0.05610	0.01120	0.00765	0.00667	0.00221	0.01007	0.00600	0.00341	0.00969
3	0.07392	0.12145	0.42319	0.02227	0.14908	0.01762	0.02154	0.02165	0.01490	0.02247	0.01335	0.04353	0.01084	0.00720	0.00645	0.00216	0.00915	0.00576	0.00335	0.01009
4	0.07362	0.02105	0.20416	0.13386	0.06011	0.01619	0.24265	0.02186	0.05405	0.02317	0.04154	0.04606	0.01407	0.00757	0.00739	0.00235	0.00961	0.00744	0.00392	0.00935
5	0.01595	0.01191	0.01350	0.06222	0.01729	0.03731	0.00952	0.02324	0.19205	0.11460	0.15589	0.05674	0.15128	0.01157	0.00745	0.00219	0.00536	0.00975	0.00667	0.09550
6	0.01844	0.00914	0.01227	0.01047	0.01359	0.00823	0.00823	0.02154	0.01992	0.28863	0.41935	0.04121	0.04645	0.01378	0.03390	0.00256	0.00496	0.01050	0.00806	0.00877
7	0.01102	0.00820	0.01033	0.00991	0.01015	0.00927	0.00668	0.01170	0.01063	0.01476	0.02006	0.03897	0.02217	0.52098	0.16281	0.00725	0.10660	0.00929	0.00406	0.00516
8	0.01428	0.03683	0.71286	0.02030	0.03082	0.01654	0.02631	0.02255	0.01503	0.02255	0.01278	0.01503	0.00902	0.00677	0.00677	0.00226	0.01052	0.00526	0.00301	0.01052
9	0.00918	0.00738	0.00828	0.00844	0.01060	0.00648	0.00659	0.01148	0.01693	0.02115	0.17406	0.06777	0.49014	0.01770	0.00864	0.00251	0.00403	0.11563	0.00681	0.00622
10	0.36253	0.01216	0.01268	0.01049	0.01505	0.01238	0.00859	0.02650	0.01613	0.33178	0.01961	0.01903	0.01341	0.00779	0.00570	0.00214	0.00548	0.00566	0.10337	0.00953
11	0.00980	0.00718	0.00926	0.00938	0.01091	0.00664	0.00706	0.01262	0.01821	0.02501	0.45052	0.17928	0.12683	0.01681	0.00867	0.00248	0.00385	0.08166	0.00736	0.00646
12	0.01252	0.00782	0.01030	0.00937	0.01148	0.00714	0.00714	0.01581	0.02018	0.10469	0.62636	0.04996	0.06165	0.01392	0.00826	0.00224	0.00366	0.01224	0.00795	0.00732
13	0.00983	0.00724	0.00901	0.00859	0.01026	0.00662	0.00633	0.01269	0.01880	0.02595	0.54887	0.05521	0.16792	0.06913	0.01045	0.00261	0.00366	0.01304	0.00738	0.00643
14	0.01619	0.01365	0.01594	0.01171	0.01757	0.01166	0.00945	0.09218	0.01662	0.02525	0.01295	0.01508	0.01065	0.00609	0.00660	0.00130	0.05089	0.00459	0.00448	0.65715
15	0.01696	0.01624	0.02770	0.15308	0.60115	0.01674	0.02152	0.02127	0.01590	0.02246	0.01328	0.01784	0.01100	0.00647	0.00706	0.00216	0.00862	0.00634	0.00347	0.01074
16	0.01771	0.01464	0.02101	0.41591	0.08630	0.01704	0.01707	0.21427	0.01971	0.02603	0.01400	0.01852	0.01061	0.00880	0.00866	0.06128	0.00868	0.00634	0.00436	0.00904

[dist]
# distance from previous block
# <min> <max>
0	16

[block]
# block no. 1 follows, 29 sequences, length 172
# corresponding to MSA columns:
# 214-385
name=unknown_B
#
# <colnr> <probs for GDERKNQSTAVLIFYWHMCP>
#	G	D	E	R	K	N	Q	S	T	A	V	L	I	F	Y	W	H	M	C	P
0	0.14610	0.03613	0.04146	0.01349	0.03771	0.13875	0.01059	0.11293	0.03627	0.02573	0.01634	0.02013	0.01351	0.03986	0.13749	0.00386	0.00960	0.00599	0.14583	0.00823
1	0.01914	0.63510	0.07964	0.01429	0.04555	0.06971	0.01356	0.02186	0.01492	0.01742	0.01029	0.01198	0.00921	0.00622	0.00492	0.00161	0.00816	0.00405	0.00310	0.00925
2	0.01307	0.00668	0.00682	0.00679	0.00845	0.00664	0.00509	0.01639	0.01527	0.02668	0.06712	0.02827	0.02142	0.00870	0.00520	0.00170	0.00332	0.00704	0.73872	0.00664
3	0.01223	0.03697	0.01102	0.00943	0.01173	0.00788	0.00738	0.01525	0.01913	0.08723	0.47760	0.05300	0.15337	0.01456	0.00823	0.00230	0.00401	0.05403	0.00747	0.00718
4	0.07707	0.06071	0.54717	0.01933	0.04808	0.01701	0.02287	0.02185	0.01456	0.02287	0.01254	0.01505	0.00927	0.00710	0.00746	0.00225	0.05406	0.00522	0.02551	0.00999
5	0.00994	0.00726	0.00926	0.00877	0.01046	0.00666	0.00653	0.01306	0.01950	0.02727	0.62462	0.05432	0.12160	0.03839	0.00929	0.00240	0.00349	0.01299	0.00762	0.00658
6	0.00868	0.00620	0.00826	0.00991	0.01033	0.00578	0.00661	0.00991	0.01363	0.01818	0.03925	0.74510	0.04710	0.02231	0.00909	0.00289	0.00413	0.02024	0.00661	0.00578
7	0.01013	0.00875	0.04442	0.00936	0.01155	0.00714	0.00757	0.01359	0.01953	0.02737	0.60749	0.05274	0.12453	0.01450	0.00832	0.00226	0.00374	0.01270	0.00748	0.00684
8	0.01957	0.23926	0.12770	0.01992	0.13274	0.13292	0.01583	0.04535	0.10092	0.04879	0.01475	0.01641	0.01181	0.00891	0.03415	0.00232	0.00917	0.00545	0.00413	0.00992
9	0.01533	0.03446	0.63469	0.02054	0.03060	0.01633	0.06778	0.02317	0.01542	0.05691	0.01365	0.01576	0.00957	0.00682	0.00689	0.00226	0.01040	0.00556	0.00334	0.01054
10	0.00973	0.00664	0.00795	0.00857	0.00872	0.00649	0.00517	0.01019	0.01158	0.01543	0.02869	0.30660	0.03378	0.47898	0.02614	0.00541	0.00587	0.01404	0.00517	0.00486
11	0.01566	0.01673	0.06669	0.31694	0.30777	0.04759	0.04588	0.02016	0.01542	0.02064	0.01428	0.05419	0.01210	0.00751	0.00719	0.00226	0.00912	0.00697	0.00351	0.00940
12	0.01894	0.01971	0.02749	0.06989	0.53743	0.13737	0.04155	0.02285	0.01682	0.02202	0.01299	0.01692	0.01082	0.00654	0.00699	0.00209	0.00937	0.00611	0.00354	0.01056
13	0.01616	0.01159	0.03608	0.10322	0.07363	0.01114	0.01143	0.04613	0.08052	0.14051	0.31933	0.05904	0.03867	0.01137	0.00775	0.00227	0.00560	0.00992	0.00681	0.00883
14	0.77528	0.01374	0.01081	0.03214	0.01488	0.01597	0.00809	0.02085	0.01218	0.03151	0.01000	0.01180	0.00777	0.00663	0.00449	0.00221	0.00563	0.00393	0.00437	0.00772
15	0.00960	0.00671	0.00862	0.00979	0.01028	0.00648	0.00670	0.01079	0.01311	0.01740	0.03415	0.43986	0.04001	0.23218	0.01705	0.00411	0.00531	0.11642	0.00594	0.00548
16	0.00955	0.00923	0.05127	0.00891	0.01153	0.00721	0.00732	0.01274	0.03886	0.02230	0.24006	0.10342	0.41913	0.01639	0.00832	0.00238	0.00406	0.01395	0.00675	0.00664
17	0.01027	0.00758	0.00963	0.00906	0.01088	0.00710	0.00681	0.01417	0.04566	0.02802	0.63679	0.05312	0.10484	0.01459	0.00836	0.00226	0.00346	0.01283	0.00774	0.00685
18	0.01690	0.43170	0.34092	0.01583	0.02391	0.02294	0.01853	0.02187	0.01472	0.01936	0.01119	0.01305	0.00909	0.00639	0.00556	0.00185	0.00892	0.00446	0.00303	0.00976
19	0.01395	0.01298	0.02073	0.58683	0.08542	0.01569	0.01846	0.02013	0.08422	0.01974	0.01674	0.02165	0.03837	0.00777	0.00718	0.00236	0.00880	0.00685	0.00374	0.00839
20	0.01161	0.00763	0.00992	0.00914	0.01114	0.00696	0.00693	0.01484	0.01998	0.07831	0.62053	0.05182	0.09526	0.01431	0.00831	0.00225	0.00357	0.01256	0.00785	0.00708
21	0.01270	0.04650	0.01324	0.01072	0.01344	0.00987	0.02896	0.04215	0.04863	0.05199	0.33364	0.11375	0.14450	0.01381	0.00842	0.00225	0.02852	0.01187	0.00675	0.05829
22	0.80005	0.01377	0.01047	0.00936	0.01377	0.01597	0.00771	0.02093	0.01212	0.03195	0.00991	0.01157	0.00771	0.00661	0.00441	0.00220	0.00551	0.00386	0.00441	0.00771
23	0.00897	0.00665	0.00840	0.00940	0.01044	0.00608	0.00662	0.01073	0.01525	0.02011	0.14669	0.47999	0.17533	0.02019	0.00889	0.00272	0.00402	0.04676	0.00680	0.00600
24	0.02396	0.01523	0.02357	0.01796	0.02336	0.01505	0.18513	0.09685	0.12391	0.30902	0.04490	0.02317	0.01722	0.00852	0.00817	0.00232	0.03621	0.00770	0.00679	0.01099
25	0.01994	0.49440	0.03097	0.01410	0.01887	0.17594	0.01270	0.02206	0.01522	0.01693	0.01050	0.01287	0.00955	0.00910	0.03900	0.00219	0.07936	0.00438	0.00322	0.00869
26	0.01438	0.03616	0.68724	0.02067	0.03106	0.01659	0.05125	0.02256	0.01510	0.02256	0.01284	0.01519	0.00909	0.00674	0.00683	0.00226	0.01058	0.00538	0.00303	0.01049
27	0.01036	0.00690	0.00777	0.00777	0.00777	0.00690	0.00431	0.01036	0.01036	0.01381	0.02244	0.04660	0.02589	0.74975	0.03624	0.00690	0.00690	0.01036	0.00431	0.00431
28	0.00872	0.00698	0.00784	0.00836	0.01013	0.00609	0.00612	0.01051	0.01569	0.01949	0.09127	0.26128	0.45205	0.01917	0.00868	0.00258	0.00389	0.04849	0.00667	0.00601
29	0.01692	0.01621	0.02764	0.15899	0.59552	0.01673	0.02151	0.02124	0.01588	0.02241	0.01327	0.01785	0.01098	0.00647	0.00706	0.00216	0.00863	0.00634	0.00346	0.01072
30	0.00899	0.00644	0.00855	0.00970	0.01040	0.00599	0.00663	0.01071	0.01510	0.02052	0.18861	0.58907	0.05163	0.02056	0.00893	0.00274	0.00396	0.01858	0.00689	0.00599
31	0.16047	0.01239	0.01551	0.01212	0.01744	0.01139	0.01000	0.03240	0.01900	0.59676	0.02505	0.02212	0.01597	0.00844	0.00670	0.00220	0.00597	0.00661	0.00808	0.01138
32	0.03195	0.01212	0.01652	0.01267	0.01818	0.01047	0.01047	0.03470	0.02038	0.71026	0.02809	0.02424	0.01763	0.00881	0.00716	0.00220	0.00606	0.00716	0.00881	0.01212
33	0.01477	0.01266	0.01477	0.01055	0.01687	0.00949	0.00844	0.01793	0.01477	0.02320	0.01266	0.01477	0.01055	0.00527	0.00527	0.00105	0.00527	0.00422	0.00422	0.79328
34	0.00961	0.00698	0.00904	0.01006	0.01098	0.00652	0.00691	0.03165	0.01485	0.02009	0.09317	0.63506	0.04623	0.02055	0.00882	0.00274	0.00423	0.01855	0.00663	0.03732
35	0.01448	0.03132	0.54512	0.02282	0.11743	0.01588	0.04773	0.02176	0.01565	0.02312	0.06620	0.01847	0.01388	0.00729	0.00699	0.00224	0.00975	0.00611	0.00347	0.01029
36	0.01616	0.01276	0.01387	0.01260	0.01610	0.01399	0.00973	0.03010	0.45838	0.07157	0.09237	0.07075	0.12742	0.01189	0.00760	0.00241	0.00510	0.01004	0.00727	0.00989
37	0.00868	0.00620	0.00826	0.00991	0.01033	0.00578	0.00661	0.00991	0.01363	0.01818	0.03925	0.74510	0.04710	0.02231	0.00909	0.00289	0.00413	0.02024	0.00661	0.00578
38	0.80005	0.01377	0.01047	0.00936	0.01377	0.01597	0.00771	0.02093	0.01212	0.03195	0.00991	0.01157	0.00771	0.00661	0.00441	0.00220	0.00551	0.00386	0.00441	0.00771
39	0.01726	0.01769	0.02612	0.31487	0.25555	0.10450	0.09838	0.04167	0.01652	0.02111	0.01304	0.01775	0.01027	0.00681	0.00716	0.00222	0.00982	0.00637	0.00352	0.00937
40	0.03071	0.01209	0.01629	0.01262	0.01795	0.01063	0.01038	0.03415	0.04611	0.66273	0.04934	0.02524	0.01935	0.00903	0.00720	0.00221	0.00596	0.00737	0.00872	0.01192
41	0.03195	0.01212	0.01652	0.01267	0.01818	0.01047	0.01047	0.03470	0.02038	0.71026	0.02809	0.02424	0.01763	0.00881	0.00716	0.00220	0.00606	0.00716	0.00881	0.01212
42	0.03195	0.01212	0.01652	0.01267	0.01818	0.01047	0.01047	0.03470	0.02038	0.71026	0.02809	0.02424	0.01763	0.00881	0.00716	0.00220	0.00606	0.00716	0.00881	0.01212
43	0.01445	0.03438	0.63555	0.05733	0.07392	0.01653	0.02570	0.02229	0.01507	0.02238	0.01281	0.01539	0.00919	0.00676	0.00680	0.00225	0.01034	0.00538	0.00305	0.01044
44	0.00875	0.00630	0.00832	0.00991	0.01044	0.00587	0.00672	0.01008	0.01382	0.01832	0.04050	0.69731	0.07292	0.02206	0.00909	0.00288	0.00419	0.04011	0.00661	0.00582
45	0.01610	0.01847	0.06857	0.05981	0.03215	0.01826	0.43841	0.02105	0.01518	0.02143	0.01343	0.01844	0.01061	0.00765	0.01153	0.00253	0.17624	0.00759	0.03352	0.00904
46	0.00937	0.00712	0.00866	0.00961	0.01107	0.00654	0.00729	0.01128	0.01515	0.01916	0.05037	0.28869	0.29002	0.05498	0.01033	0.00300	0.00469	0.18018	0.00649	0.00600
47	0.01637	0.01564	0.02664	0.25011	0.50871	0.01659	0.02123	0.02076	0.01562	0.02174	0.01317	0.01803	0.01074	0.00658	0.00707	0.00219	0.00877	0.00634	0.00342	0.01027
48	0.01762	0.01692	0.02890	0.04371	0.70533	0.01692	0.02185	0.02185	0.01621	0.02326	0.01339	0.01762	0.01128	0.00634	0.00705	0.00211	0.00846	0.00634	0.00352	0.01128
49	0.01377	0.01256	0.01920	0.41097	0.03515	0.01336	0.04483	0.01833	0.03583	0.02025	0.01521	0.07147	0.01302	0.00772	0.00678	0.00202	0.00784	0.00687	0.00388	0.24093
50	0.01771	0.01530	0.01610	0.01449	0.01852	0.01771	0.01127	0.03784	0.69247	0.02979	0.02898	0.02657	0.02174	0.00966	0.00725	0.00242	0.00564	0.00805	0.00725	0.01127
51	0.01533	0.01540	0.02120	0.21178	0.02720	0.06396	0.03605	0.01803	0.01275	0.01777	0.01133	0.01732	0.01008	0.01327	0.06825	0.00336	0.39383	0.00625	0.00327	0.03357
52	0.00846	0.00706	0.00738	0.00763	0.00973	0.00598	0.00560	0.01017	0.01583	0.01907	0.06702	0.17369	0.60058	0.01870	0.00852	0.00248	0.00369	0.01584	0.00661	0.00598
53	0.80005	0.01377	0.01047	0.00936	0.01377	0.01597	0.00771	0.02093	0.01212	0.03195	0.00991	0.01157	0.00771	0.00661	0.00441	0.00220	0.00551	0.00386	0.00441	0.00771
54	0.01046	0.00775	0.01005	0.01078	0.01260	0.00735	0.00896	0.01343	0.01730	0.02268	0.21210	0.07093	0.19176	0.01803	0.00916	0.00283	0.00511	0.35535	0.00689	0.00648
55	0.01904	0.75404	0.03731	0.01218	0.01828	0.02818	0.01218	0.02132	0.01447	0.01675	0.00990	0.01142	0.00914	0.00609	0.00457	0.00152	0.00761	0.00381	0.00305	0.00914
56	0.00882	0.00628	0.00830	0.00977	0.01022	0.00588	0.00650	0.01009	0.01377	0.01843	0.06821	0.68045	0.04698	0.05690	0.01036	0.00306	0.00423	0.01944	0.00655	0.00576
57	0.01623	0.01626	0.05202	0.02177	0.02774	0.01431	0.37499	0.02080	0.01600	0.06662	0.01785	0.10939	0.01564	0.00829	0.00814	0.00219	0.02983	0.00879	0.00441	0.16872
58	0.01036	0.00690	0.00777	0.00777	0.00777	0.00690	0.00431	0.01036	0.01036	0.01381	0.02244	0.04660	0.02589	0.74975	0.03624	0.00690	0.00690	0.01036	0.00431	0.00431
59	0.05404	0.07853	0.51845	0.01896	0.02713	0.01814	0.02267	0.02148	0.01416	0.02174	0.01188	0.01472	0.00902	0.00767	0.00928	0.00235	0.13160	0.00526	0.00310	0.00984
60	0.01180	0.00657	0.00953	0.00975	0.01018	0.00648	0.00693	0.01049	0.01169	0.01572	0.09979	0.06887	0.02426	0.02276	0.02231	0.55990	0.00579	0.08882	0.00427	0.00409
61	0.01658	0.32192	0.33748	0.01855	0.02678	0.02144	0.12216	0.02210	0.01508	0.02026	0.01188	0.01423	0.00934	0.00638	0.00614	0.00198	0.00959	0.00517	0.00311	0.00982
62	0.13676	0.05957	0.53442	0.01891	0.02810	0.01699	0.06514	0.02227	0.01467	0.02381	0.01233	0.01463	0.00894	0.00667	0.00642	0.00223	0.00973	0.00519	0.00326	0.00997
63	0.01537	0.01019	0.01243	0.01089	0.01368	0.01006	0.00854	0.14522	0.02225	0.09414	0.43467	0.07110	0.07008	0.01346	0.00812	0.00229	0.00464	0.03702	0.00765	0.00821
64	0.01558	0.11984	0.46672	0.02393	0.16390	0.01824	0.02328	0.02205	0.01504	0.02178	0.01242	0.01513	0.00950	0.00682	0.00719	0.00217	0.03756	0.00534	0.00312	0.01040
65	0.03112	0.01194	0.01626	0.01253	0.01789	0.01032	0.01032	0.03390	0.02037	0.68459	0.05346	0.02533	0.01949	0.00903	0.00721	0.00220	0.00596	0.00738	0.00878	0.01191
66	0.01034	0.00696	0.00806	0.00806	0.00816	0.00706	0.00468	0.01054	0.01044	0.01403	0.02217	0.04510	0.02524	0.69373	0.09138	0.00727	0.00788	0.01014	0.00427	0.00448
67	0.01296	0.01363	0.15053	0.01138	0.01523	0.00892	0.01075	0.01672	0.01775	0.09939	0.31948	0.09318	0.15142	0.03616	0.00885	0.00246	0.00529	0.01152	0.00658	0.00782
68	0.01435	0.01358	0.02299	0.58361	0.19101	0.01606	0.02022	0.01899	0.01467	0.01929	0.01282	0.01869	0.00988	0.00695	0.00710	0.00232	0.00927	0.00633	0.00324	0.00864
69	0.01642	0.01858	0.04040	0.02905	0.03592	0.01742	0.64715	0.02219	0.01665	0.02259	0.01560	0.05408	0.01255	0.00679	0.00844	0.00242	0.01163	0.00897	0.00375	0.00942
70	0.01636	0.01291	0.01514	0.01091	0.01716	0.01005	0.00877	0.04497	0.01586	0.06850	0.01383	0.01547	0.01107	0.00563	0.00547	0.00117	0.00542	0.00449	0.00463	0.71219
71	0.01904	0.75404	0.03731	0.01218	0.01828	0.02818	0.01218	0.02132	0.01447	0.01675	0.00990	0.01142	0.00914	0.00609	0.00457	0.00152	0.00761	0.00381	0.00305	0.00914
72	0.80005	0.01377	0.01047	0.00936	0.01377	0.01597	0.00771	0.02093	0.01212	0.03195	0.00991	0.01157	0.00771	0.00661	0.00441	0.00220	0.00551	0.00386	0.00441	0.00771
73	0.02526	0.01815	0.01975	0.01555	0.02068	0.01988	0.01267	0.56966	0.05053	0.07180	0.02005	0.08682	0.01596	0.00990	0.00732	0.00222	0.00734	0.00781	0.00715	0.01148
74	0.00875	0.00629	0.00830	0.00978	0.01032	0.00585	0.00658	0.01013	0.01410	0.01882	0.07932	0.68366	0.06826	0.02172	0.00903	0.00284	0.00407	0.01965	0.00668	0.00585
75	0.01036	0.00690	0.00777	0.00777	0.00777	0.00690	0.00431	0.01036	0.01036	0.01381	0.02244	0.04660	0.02589	0.74975	0.03624	0.00690	0.00690	0.01036	0.00431	0.00431
76	0.02707	0.01995	0.02137	0.01638	0.02208	0.02208	0.01353	0.68159	0.03348	0.04488	0.01710	0.01710	0.01211	0.00855	0.00712	0.00214	0.00784	0.00641	0.00712	0.01211
77	0.01237	0.00618	0.00928	0.00928	0.00928	0.00618	0.00618	0.00928	0.00928	0.01237	0.01237	0.02165	0.01237	0.02474	0.02783	0.79283	0.00618	0.00618	0.00309	0.00309
78	0.01267	0.00723	0.00774	0.00758	0.00875	0.00730	0.00518	0.04045	0.01390	0.02226	0.02282	0.05299	0.02122	0.26106	0.01653	0.02897	0.00483	0.00826	0.44434	0.00593
79	0.01428	0.03683	0.71286	0.02030	0.03082	0.01654	0.02631	0.02255	0.01503	0.02255	0.01278	0.01503	0.00902	0.00677	0.00677	0.00226	0.01052	0.00526	0.00301	0.01052
80	0.01345	0.01266	0.02136	0.73264	0.04904	0.01582	0.01978	0.01819	0.01424	0.01819	0.01266	0.01898	0.00949	0.00712	0.00712	0.00237	0.00949	0.00633	0.00316	0.00791
81	0.01066	0.00761	0.00940	0.00920	0.00945	0.00826	0.00595	0.01126	0.01061	0.01456	0.02092	0.04091	0.02322	0.56437	0.17091	0.00756	0.05653	0.00955	0.00414	0.00494
82	0.01454	0.01526	0.07392	0.28430	0.03271	0.01592	0.14473	0.01894	0.01426	0.02060	0.01413	0.01934	0.01115	0.00811	0.01013	0.00239	0.14990	0.00668	0.13477	0.00819
83	0.01316	0.00665	0.00668	0.00668	0.00828	0.00665	0.00495	0.01635	0.01476	0.02606	0.02320	0.02731	0.01854	0.03669	0.00617	0.00186	0.00346	0.00678	0.75923	0.00655
84	0.01018	0.00761	0.01133	0.01133	0.01256	0.00884	0.00875	0.01264	0.01141	0.01644	0.01918	0.02857	0.01806	0.07583	0.69946	0.01130	0.01868	0.00772	0.00383	0.00629
85	0.04579	0.01659	0.02284	0.23339	0.02997	0.10131	0.11857	0.01978	0.01434	0.01977	0.01259	0.01767	0.01033	0.00865	0.01178	0.00246	0.22612	0.00635	0.07366	0.00806
86	0.01558	0.01558	0.02181	0.01869	0.01869	0.02181	0.01558	0.01714	0.01091	0.01714	0.00935	0.01558	0.00935	0.01246	0.02337	0.00312	0.73672	0.00623	0.00312	0.00779
87	0.00872	0.00654	0.00811	0.00934	0.01032	0.00594	0.00649	0.01018	0.01442	0.01858	0.04775	0.54298	0.21745	0.02109	0.00894	0.00278	0.00409	0.04381	0.00661	0.00587
88	0.00854	0.00703	0.00751	0.00778	0.00979	0.00600	0.00569	0.01032	0.01595	0.01949	0.09648	0.18896	0.55456	0.01863	0.00854	0.00248	0.00369	0.01586	0.00667	0.00600
89	0.01078	0.00853	0.01261	0.01226	0.01339	0.01036	0.00965	0.01321	0.01138	0.01660	0.01798	0.02658	0.01685	0.04879	0.64283	0.01050	0.09998	0.00747	0.00374	0.00652
90	0.75100	0.01459	0.03286	0.01079	0.03609	0.01602	0.00873	0.02101	0.01234	0.03138	0.01011	0.01187	0.00786	0.00661	0.00456	0.00220	0.00576	0.00398	0.00434	0.00791
91	0.00880	0.00749	0.00762	0.00762	0.01005	0.00644	0.00578	0.01122	0.03723	0.01963	0.06974	0.06759	0.66110	0.01782	0.00842	0.00243	0.00376	0.03443	0.00663	0.00619
92	0.01002	0.00728	0.00944	0.00890	0.01060	0.00670	0.00668	0.01333	0.02003	0.02825	0.68093	0.05369	0.08803	0.01467	0.00840	0.00224	0.00337	0.01295	0.00780	0.00670
93	0.02660	0.03394	0.02018	0.01834	0.02201	0.72116	0.01376	0.02843	0.02018	0.01743	0.01101	0.01284	0.00917	0.00734	0.00642	0.00183	0.01284	0.00459	0.00367	0.00825
94	0.01838	0.01838	0.05555	0.07136	0.26478	0.10659	0.01606	0.06617	0.16292	0.02488	0.01748	0.01981	0.01377	0.00814	0.00744	0.02616	0.00800	0.00646	0.07768	0.01000
95	0.12854	0.06460	0.05450	0.04025	0.06476	0.05575	0.01402	0.42618	0.02622	0.03679	0.01481	0.01579	0.01091	0.00781	0.00655	0.00211	0.00798	0.00576	0.00579	0.01088
96	0.13986	0.02001	0.08057	0.05231	0.23230	0.11137	0.07108	0.02514	0.12910	0.02463	0.01512	0.01741	0.01187	0.00708	0.00662	0.00215	0.00852	0.00602	0.00427	0.03457
97	0.02126	0.01523	0.01723	0.01423	0.01821	0.01670	0.01141	0.40539	0.04343	0.06564	0.04605	0.13119	0.02056	0.01525	0.07532	0.00316	0.03082	0.00895	0.02989	0.01009
98	0.05700	0.23452	0.02188	0.01253	0.01757	0.01758	0.01084	0.06719	0.13316	0.21353	0.04128	0.02252	0.01712	0.00845	0.00626	0.00200	0.00635	0.03194	0.03042	0.04785
99	0.01180	0.00820	0.01068	0.01095	0.05329	0.00747	0.00757	0.01474	0.01882	0.07604	0.45629	0.05198	0.19483	0.03501	0.00901	0.00240	0.00402	0.01245	0.00729	0.00718
100	0.01635	0.03492	0.01439	0.01203	0.01578	0.01325	0.00953	0.07284	0.28687	0.07977	0.13917	0.03758	0.14095	0.01165	0.00749	0.00227	0.00520	0.03278	0.00699	0.06017
101	0.00868	0.00620	0.00826	0.00991	0.01033	0.00578	0.00661	0.00991	0.01363	0.01818	0.03925	0.74510	0.04710	0.02231	0.00909	0.00289	0.00413	0.02024	0.00661	0.00578
102	0.01730	0.01659	0.02832	0.09727	0.65431	0.01683	0.02169	0.02157	0.01606	0.02287	0.01334	0.01773	0.01114	0.00640	0.00705	0.00213	0.00854	0.00634	0.00350	0.01102
103	0.01412	0.00959	0.01136	0.01050	0.01209	0.01019	0.00752	0.15353	0.01609	0.02223	0.02184	0.12096	0.02227	0.25403	0.12765	0.09365	0.00824	0.00958	0.06804	0.00652
104	0.06934	0.53987	0.14273	0.01374	0.02026	0.07480	0.01427	0.02200	0.01481	0.01871	0.01044	0.01211	0.00903	0.00632	0.00504	0.00171	0.00832	0.00410	0.00317	0.00921
105	0.50245	0.10102	0.05082	0.01162	0.01681	0.01829	0.01031	0.14058	0.01670	0.05803	0.01205	0.01320	0.00911	0.00699	0.00514	0.00212	0.00644	0.00451	0.00484	0.00898
106	0.01696	0.01837	0.05765	0.18029	0.33922	0.12110	0.01876	0.02095	0.01635	0.02092	0.01772	0.02472	0.04658	0.00835	0.00725	0.00224	0.00905	0.06023	0.00384	0.00943
107	0.01466	0.03278	0.58587	0.02208	0.09960	0.01632	0.02450	0.02292	0.04786	0.02316	0.03567	0.01708	0.01173	0.00711	0.00687	0.00225	0.00985	0.00575	0.00342	0.01052
108	0.00969	0.00709	0.00839	0.00838	0.00948	0.00678	0.00569	0.01115	0.01409	0.01865	0.17000	0.09341	0.20553	0.30248	0.09410	0.00508	0.00648	0.01234	0.00568	0.00552
109	0.01580	0.04995	0.02061	0.01689	0.03949	0.06476	0.10845	0.04792	0.01489	0.02129	0.01770	0.04853	0.03862	0.01407	0.07825	0.00323	0.22708	0.00738	0.15714	0.00795
110	0.01237	0.00618	0.00928	0.00928	0.00928	0.00618	0.00618	0.00928	0.00928	0.01237	0.01237	0.02165	0.01237	0.02474	0.02783	0.79283	0.00618	0.00618	0.00309	0.00309
111	0.01651	0.02908	0.46948	0.02316	0.13665	0.01582	0.04798	0.02376	0.03725	0.08634	0.03690	0.01804	0.01250	0.00720	0.00698	0.00224	0.00946	0.00606	0.00393	0.01066
112	0.01642	0.01060	0.01297	0.01069	0.01472	0.00920	0.00833	0.05100	0.03716	0.15319	0.17928	0.12242	0.07199	0.01128	0.00716	0.00195	0.00487	0.00965	0.00658	0.26053
113	0.71364	0.01303	0.01043	0.00953	0.01352	0.01499	0.00778	0.01990	0.01213	0.03020	0.01132	0.01531	0.00951	0.00837	0.00617	0.05340	0.00560	0.03338	0.00442	0.00736
114	0.01502	0.03226	0.55074	0.02481	0.13968	0.01671	0.07646	0.02246	0.01536	0.02269	0.01300	0.01577	0.00952	0.00664	0.00694	0.00224	0.01031	0.00568	0.00314	0.01057
115	0.02288	0.01911	0.01898	0.01476	0.02025	0.10251	0.01193	0.38745	0.02570	0.03432	0.01513	0.01626	0.01149	0.00892	0.02993	0.00209	0.00806	0.00559	0.00575	0.23889
116	0.00867	0.00623	0.00823	0.00983	0.01031	0.00579	0.00657	0.00992	0.01371	0.01821	0.04028	0.72383	0.06770	0.02217	0.00907	0.00288	0.00411	0.02008	0.00661	0.00579
117	0.00920	0.00670	0.00872	0.00973	0.01071	0.00621	0.00694	0.01113	0.01554	0.02083	0.18868	0.47551	0.10967	0.01999	0.00894	0.00274	0.00412	0.07171	0.00688	0.00608
118	0.01514	0.01407	0.02624	0.39460	0.06126	0.01526	0.21416	0.01962	0.01513	0.05274	0.01555	0.06368	0.01274	0.00846	0.00843	0.03331	0.00958	0.00783	0.00378	0.00841
119	0.01472	0.01365	0.02102	0.30799	0.24660	0.01511	0.01719	0.02120	0.11672	0.02168	0.02347	0.02647	0.10669	0.00875	0.00729	0.00230	0.00778	0.00778	0.00436	0.00922
120	0.00868	0.00620	0.00826	0.00991	0.01033	0.00578	0.00661	0.00991	0.01363	0.01818	0.03925	0.74510	0.04710	0.02231	0.00909	0.00289	0.00413	0.02024	0.00661	0.00578
121	0.01428	0.03683	0.71286	0.02030	0.03082	0.01654	0.02631	0.02255	0.01503	0.02255	0.01278	0.01503	0.00902	0.00677	0.00677	0.00226	0.01052	0.00526	0.00301	0.01052
122	0.02534	0.01797	0.01961	0.01548	0.02066	0.01968	0.01262	0.52084	0.09960	0.09503	0.02060	0.06419	0.01574	0.00955	0.00726	0.00222	0.00723	0.00751	0.00724	0.01163
123	0.01485	0.05365	0.41819	0.01940	0.08570	0.01442	0.02029	0.02086	0.01572	0.06339	0.03757	0.05975	0.04999	0.00979	0.00732	0.00237	0.00869	0.08412	0.00428	0.00964
124	0.55998	0.01610	0.01393	0.03650	0.05107	0.07948	0.01010	0.06582	0.01482	0.05669	0.01145	0.01322	0.00881	0.00708	0.00569	0.00220	0.02961	0.00450	0.00457	0.00841
125	0.00883	0.00722	0.00772	0.00760	0.00978	0.00619	0.00565	0.01091	0.01688	0.02104	0.20409	0.06459	0.54642	0.04030	0.00929	0.00251	0.00366	0.01443	0.00680	0.00611
126	0.00968	0.00720	0.00901	0.00870	0.01043	0.00653	0.00647	0.01261	0.01900	0.02615	0.54176	0.10081	0.18393	0.01570	0.00845	0.00231	0.00346	0.01375	0.00753	0.00653
127	0.01736	0.01665	0.02843	0.08679	0.66429	0.01685	0.02172	0.02162	0.01609	0.02295	0.01335	0.01771	0.01117	0.00639	0.00705	0.00213	0.00852	0.00634	0.00350	0.01107
128	0.01580	0.02620	0.30829	0.02616	0.03468	0.01742	0.42021	0.02271	0.01610	0.02271	0.01376	0.01755	0.01010	0.00631	0.00775	0.00234	0.01142	0.00716	0.00337	0.00997
129	0.01021	0.00742	0.00971	0.00952	0.01123	0.00691	0.00739	0.01348	0.01938	0.02696	0.56696	0.05817	0.09483	0.01553	0.00862	0.00241	0.00387	0.11316	0.00758	0.00666
130	0.01036	0.00690	0.00777	0.00777	0.00777	0.00690	0.00431	0.01036	0.01036	0.01381	0.02244	0.04660	0.02589	0.74975	0.03624	0.00690	0.00690	0.01036	0.00431	0.00431
131	0.01477	0.01266	0.01477	0.01055	0.01687	0.00949	0.00844	0.01793	0.01477	0.02320	0.01266	0.01477	0.01055	0.00527	0.00527	0.00105	0.00527	0.00422	0.00422	0.79328
132	0.00890	0.00642	0.00843	0.00965	0.01035	0.00595	0.00658	0.01052	0.01482	0.01995	0.15133	0.60342	0.07555	0.02085	0.00895	0.00276	0.00398	0.01881	0.00682	0.00595
133	0.01558	0.01558	0.02181	0.01869	0.01869	0.02181	0.01558	0.01714	0.01091	0.01714	0.00935	0.01558	0.00935	0.01246	0.02337	0.00312	0.73672	0.00623	0.00312	0.00779
134	0.01855	0.64098	0.03338	0.01184	0.01742	0.02507	0.01150	0.02097	0.01534	0.04560	0.08806	0.01661	0.01597	0.00715	0.00510	0.00163	0.00708	0.00496	0.00381	0.00899
135	0.01428	0.03683	0.71286	0.02030	0.03082	0.01654	0.02631	0.02255	0.01503	0.02255	0.01278	0.01503	0.00902	0.00677	0.00677	0.00226	0.01052	0.00526	0.00301	0.01052
136	0.01466	0.01173	0.01714	0.01985	0.18901	0.01146	0.05463	0.01954	0.09880	0.07890	0.03604	0.12620	0.19272	0.05957	0.00973	0.00270	0.00622	0.03674	0.00575	0.00861
137	0.01770	0.01714	0.02750	0.07560	0.61107	0.03864	0.02088	0.02281	0.05603	0.02321	0.01420	0.01807	0.01174	0.00661	0.00705	0.00214	0.00848	0.00639	0.00373	0.01102
138	0.01372	0.01293	0.02185	0.68806	0.09150	0.01589	0.01991	0.01843	0.01437	0.01852	0.01270	0.01890	0.00961	0.00707	0.00711	0.00236	0.00943	0.00633	0.00319	0.00813
139	0.01762	0.01692	0.02890	0.04371	0.70533	0.01692	0.02185	0.02185	0.01621	0.02326	0.01339	0.01762	0.01128	0.00634	0.00705	0.00211	0.00846	0.00634	0.00352	0.01128
140	0.01653	0.02483	0.26011	0.03059	0.23828	0.03929	0.24116	0.02261	0.01614	0.02269	0.01345	0.01714	0.01031	0.00640	0.00738	0.00225	0.01046	0.00661	0.00338	0.01038
141	0.00886	0.00633	0.00847	0.01012	0.01061	0.00594	0.00692	0.01023	0.01381	0.01838	0.03915	0.70209	0.04670	0.02214	0.00914	0.00292	0.00429	0.06147	0.00661	0.00583
142	0.00875	0.00631	0.00830	0.00973	0.01032	0.00585	0.00656	0.01016	0.01417	0.01890	0.08358	0.66993	0.07785	0.02161	0.00901	0.00283	0.00406	0.01953	0.00669	0.00585
143	0.05513	0.01493	0.02465	0.42730	0.15049	0.01688	0.10197	0.08265	0.01661	0.02283	0.01328	0.01824	0.01011	0.00696	0.00713	0.00230	0.00928	0.00648	0.00372	0.00906
144	0.02472	0.02125	0.02018	0.04439	0.02246	0.14339	0.01340	0.42208	0.15246	0.03623	0.01806	0.01818	0.01328	0.00849	0.00702	0.00214	0.00837	0.00639	0.00639	0.01112
145	0.01237	0.00618	0.00928	0.00928	0.00928	0.00618	0.00618	0.00928	0.00928	0.01237	0.01237	0.02165	0.01237	0.02474	0.02783	0.79283	0.00618	0.00618	0.00309	0.00309
146	0.03034	0.01176	0.01601	0.01240	0.01762	0.01019	0.01019	0.03314	0.02036	0.66004	0.07771	0.02637	0.02128	0.00924	0.00725	0.00221	0.00586	0.00758	0.00874	0.01172
147	0.00892	0.00634	0.00838	0.00993	0.01037	0.00597	0.00670	0.01018	0.01355	0.01805	0.03808	0.66798	0.04543	0.06925	0.01088	0.00317	0.00443	0.05021	0.00646	0.00573
148	0.02462	0.05824	0.02108	0.01817	0.02136	0.58756	0.01398	0.02643	0.01854	0.01736	0.01071	0.01321	0.00920	0.00808	0.00896	0.00202	0.12392	0.00481	0.00356	0.00822
149	0.01200	0.00627	0.00902	0.00909	0.00931	0.00617	0.00611	0.00959	0.01007	0.01348	0.01762	0.05313	0.05856	0.02370	0.02513	0.68622	0.00585	0.00732	0.02787	0.00350
150	0.01218	0.00695	0.01062	0.09513	0.01408	0.00729	0.00783	0.01039	0.01024	0.01356	0.01472	0.08378	0.01503	0.02244	0.02375	0.63088	0.00640	0.00741	0.00340	0.00390
151	0.02080	0.52136	0.03190	0.01419	0.01928	0.20834	0.01280	0.02292	0.01574	0.01695	0.01015	0.01205	0.00916	0.00681	0.00620	0.00170	0.05347	0.00416	0.00321	0.00883
152	0.01010	0.00684	0.00789	0.00808	0.00842	0.00668	0.00487	0.01068	0.01189	0.01605	0.07125	0.14572	0.06508	0.54003	0.02825	0.00565	0.00601	0.01203	0.02967	0.00483
153	0.01771	0.01530	0.01610	0.01449	0.01852	0.01771	0.01127	0.03784	0.69247	0.02979	0.02898	0.02657	0.02174	0.00966	0.00725	0.00242	0.00564	0.00805	0.00725	0.01127
154	0.06147	0.05110	0.01862	0.11068	0.02292	0.31458	0.01274	0.09597	0.01998	0.09047	0.08381	0.01981	0.01656	0.00827	0.00662	0.00201	0.00923	0.00613	0.04022	0.00879
155	0.01681	0.01921	0.04202	0.03001	0.03721	0.01801	0.67947	0.02281	0.01681	0.02281	0.01441	0.01921	0.01080	0.00600	0.00840	0.00240	0.01200	0.00840	0.00360	0.00960
156	0.01477	0.01266	0.01477	0.01055	0.01687	0.00949	0.00844	0.01793	0.01477	0.02320	0.01266	0.01477	0.01055	0.00527	0.00527	0.00105	0.00527	0.00422	0.00422	0.79328
157	0.00842	0.00721	0.00721	0.00721	0.00962	0.00601	0.00541	0.01022	0.01623	0.01924	0.07213	0.06853	0.70244	0.01803	0.00842	0.00240	0.00361	0.01503	0.00661	0.00601
158	0.01904	0.75404	0.03731	0.01218	0.01828	0.02818	0.01218	0.02132	0.01447	0.01675	0.00990	0.01142	0.00914	0.00609	0.00457	0.00152	0.00761	0.00381	0.00305	0.00914
159	0.01652	0.33374	0.30003	0.01800	0.02583	0.02129	0.12120	0.02175	0.01526	0.02038	0.03662	0.01554	0.01144	0.00664	0.00616	0.00197	0.00928	0.00541	0.00329	0.00966
160	0.00864	0.00729	0.00753	0.00765	0.01000	0.00617	0.00586	0.01055	0.01624	0.01939	0.06960	0.06940	0.65372	0.01815	0.00852	0.00247	0.00382	0.06235	0.00661	0.00605
161	0.01084	0.00742	0.01041	0.01041	0.01176	0.00841	0.00806	0.01355	0.01220	0.01869	0.01997	0.02767	0.01790	0.04369	0.56721	0.00934	0.01568	0.00742	0.17298	0.00642
162	0.02475	0.01952	0.01877	0.01541	0.02000	0.13557	0.01227	0.39732	0.04736	0.10391	0.02051	0.11450	0.01714	0.01024	0.00728	0.00220	0.00793	0.00808	0.00665	0.01060
163	0.01017	0.00763	0.01144	0.01144	0.01272	0.00890	0.00890	0.01272	0.01144	0.01653	0.01907	0.02797	0.01780	0.05340	0.72153	0.01144	0.01907	0.00763	0.00381	0.00636
164	0.01029	0.00715	0.00903	0.00903	0.00947	0.00759	0.00589	0.01117	0.01073	0.01474	0.02128	0.04019	0.02311	0.51024	0.27195	0.00847	0.01109	0.00942	0.00414	0.00502
165	0.80005	0.01377	0.01047	0.00936	0.01377	0.01597	0.00771	0.02093	0.01212	0.03195	0.00991	0.01157	0.00771	0.00661	0.00441	0.00220	0.00551	0.00386	0.00441	0.00771
166	0.02042	0.01278	0.01500	0.01327	0.01718	0.01346	0.01051	0.03197	0.36109	0.22888	0.06243	0.08041	0.02599	0.01132	0.00761	0.00245	0.00562	0.06141	0.00764	0.01055
167	0.01762	0.01692	0.02890	0.04371	0.70533	0.01692	0.02185	0.02185	0.01621	0.02326	0.01339	0.01762	0.01128	0.00634	0.00705	0.00211	0.00846	0.00634	0.00352	0.01128
168	0.00855	0.00718	0.00742	0.00744	0.00972	0.00605	0.00555	0.01044	0.01641	0.01987	0.11614	0.09326	0.63175	0.01795	0.00844	0.00241	0.00361	0.01507	0.00670	0.00605
169	0.15051	0.01218	0.01525	0.01197	0.01709	0.01119	0.00980	0.03163	0.01871	0.57824	0.02505	0.02312	0.01640	0.03676	0.00784	0.00238	0.00601	0.00677	0.00796	0.01114
170	0.01303	0.01036	0.01176	0.03793	0.01452	0.01058	0.00841	0.10267	0.13048	0.02686	0.23446	0.08249	0.26016	0.01423	0.00804	0.00235	0.00467	0.01208	0.00700	0.00793
171	0.01011	0.00761	0.01128	0.01128	0.01260	0.00879	0.00877	0.01262	0.01163	0.01663	0.02110	0.02952	0.04394	0.05205	0.69430	0.01110	0.01848	0.00791	0.00392	0.00634

[dist]
# distance from previous block
# <min> <max>
0	8

[block]
# block no. 2 follows, 29 sequences, length 6
# corresponding to MSA columns:
# 394-399
name=unknown_C
#
# <colnr> <probs for GDERKNQSTAVLIFYWHMCP>
#	G	D	E	R	K	N	Q	S	T	A	V	L	I	F	Y	W	H	M	C	P
0	0.01810	0.01639	0.02629	0.30168	0.11346	0.01824	0.14731	0.18544	0.01961	0.02630	0.01403	0.01823	0.01060	0.00744	0.00817	0.00233	0.04569	0.00675	0.00428	0.00967
1	0.01237	0.00618	0.00928	0.00928	0.00928	0.00618	0.00618	0.00928	0.00928	0.01237	0.01237	0.02165	0.01237	0.02474	0.02783	0.79283	0.00618	0.00618	0.00309	0.00309
2	0.01230	0.19403	0.01671	0.01166	0.01394	0.01227	0.00979	0.01454	0.01485	0.01897	0.03134	0.31758	0.03535	0.01728	0.00823	0.00269	0.00589	0.24996	0.00570	0.00691
3	0.00927	0.00680	0.00861	0.00929	0.01040	0.00627	0.00659	0.01125	0.01587	0.02127	0.23509	0.37610	0.14655	0.05775	0.01026	0.00286	0.00410	0.04879	0.00684	0.00605
4	0.01166	0.00907	0.01128	0.01050	0.01050	0.01063	0.00713	0.01205	0.01049	0.01464	0.01916	0.03884	0.02175	0.56529	0.03302	0.00596	0.18950	0.00932	0.00401	0.00518
5	0.01504	0.01326	0.01783	0.01880	0.18865	0.01108	0.01166	0.01833	0.01505	0.02286	0.01476	0.06813	0.01336	0.00677	0.00599	0.00145	0.00599	0.00591	0.00422	0.54086

[dist]
# distance from previous block
# <min> <max>
0	2

[block]
# block no. 3 follows, 29 sequences, length 58
# corresponding to MSA columns:
# 402-459
name=unknown_D
#
# <colnr> <probs for GDERKNQSTAVLIFYWHMCP>
#	G	D	E	R	K	N	Q	S	T	A	V	L	I	F	Y	W	H	M	C	P
0	0.03195	0.01212	0.01652	0.01267	0.01818	0.01047	0.01047	0.03470	0.02038	0.71026	0.02809	0.02424	0.01763	0.00881	0.00716	0.00220	0.00606	0.00716	0.00881	0.01212
1	0.07632	0.01072	0.01373	0.01149	0.01544	0.00985	0.00904	0.02685	0.04201	0.43595	0.08340	0.13801	0.02620	0.05640	0.00915	0.00261	0.00554	0.00964	0.00777	0.00990
2	0.01097	0.00772	0.00924	0.00949	0.01025	0.00777	0.00624	0.06398	0.01371	0.01830	0.02977	0.31609	0.05170	0.34640	0.06175	0.00509	0.00650	0.01387	0.00547	0.00568
3	0.71001	0.01420	0.01156	0.01005	0.01460	0.01626	0.00828	0.07426	0.01413	0.05791	0.01116	0.01248	0.00843	0.00685	0.00473	0.00220	0.00571	0.00418	0.00479	0.00823
4	0.00923	0.00649	0.00795	0.00898	0.00978	0.00604	0.00605	0.01064	0.01393	0.01879	0.05838	0.48983	0.14183	0.10121	0.01166	0.00315	0.00428	0.01708	0.06897	0.00575
5	0.01274	0.01016	0.01102	0.01042	0.01336	0.01029	0.00811	0.02091	0.24183	0.04905	0.10366	0.05260	0.35033	0.01475	0.00809	0.00245	0.00457	0.06058	0.00700	0.00808
6	0.01030	0.00720	0.00940	0.00969	0.01083	0.00686	0.00689	0.03733	0.01693	0.02333	0.32910	0.35324	0.05185	0.01854	0.01021	0.06573	0.00410	0.01533	0.00689	0.00623
7	0.01672	0.01844	0.03741	0.02735	0.03339	0.01846	0.54265	0.02330	0.07009	0.02265	0.01494	0.01934	0.01150	0.00711	0.01019	0.00249	0.10253	0.00810	0.00383	0.00951
8	0.01027	0.00736	0.00966	0.01074	0.01166	0.00731	0.00779	0.04326	0.01465	0.01956	0.03513	0.49031	0.04054	0.07474	0.06799	0.00389	0.00611	0.12662	0.00624	0.00616
9	0.01099	0.00826	0.00977	0.00903	0.01117	0.00776	0.00682	0.06587	0.01980	0.02678	0.45033	0.05426	0.23499	0.04146	0.00930	0.00244	0.00391	0.01286	0.00732	0.00687
10	0.01987	0.66486	0.06377	0.01256	0.01879	0.02628	0.01263	0.02244	0.01496	0.07245	0.01147	0.01260	0.00981	0.00634	0.00487	0.00161	0.00761	0.00414	0.00351	0.00943
11	0.01013	0.00690	0.00774	0.00781	0.00802	0.00678	0.00450	0.01033	0.01096	0.01443	0.02712	0.07806	0.08088	0.66030	0.03286	0.00637	0.00652	0.01115	0.00460	0.00451
12	0.70202	0.01421	0.01184	0.04323	0.01606	0.01646	0.00873	0.07363	0.01392	0.03235	0.01062	0.01235	0.00815	0.00679	0.00475	0.00221	0.00588	0.00417	0.00457	0.00807
13	0.02566	0.01883	0.02096	0.07331	0.02391	0.02072	0.01374	0.58179	0.03079	0.06367	0.01693	0.01739	0.01202	0.00832	0.00705	0.00212	0.00781	0.00634	0.00675	0.04190
14	0.01023	0.00723	0.00921	0.01025	0.01099	0.00707	0.00719	0.03932	0.01424	0.01891	0.03466	0.47032	0.04037	0.16891	0.01463	0.00373	0.00522	0.11550	0.00616	0.00587
15	0.01631	0.01732	0.03587	0.08542	0.13344	0.01673	0.47793	0.02123	0.01592	0.02168	0.01396	0.01915	0.01090	0.00764	0.00966	0.06556	0.01082	0.00776	0.00352	0.00920
16	0.01009	0.00698	0.00873	0.00956	0.01007	0.00681	0.00625	0.03858	0.01337	0.01784	0.03243	0.48737	0.03815	0.22444	0.01740	0.03916	0.00515	0.01627	0.00584	0.00552
17	0.00937	0.00658	0.00841	0.00941	0.00991	0.00627	0.00625	0.01062	0.01365	0.01836	0.10814	0.46477	0.04372	0.20422	0.01587	0.00384	0.00485	0.04404	0.00617	0.00555
18	0.01447	0.00830	0.01104	0.01000	0.01242	0.00756	0.00781	0.01770	0.01992	0.16159	0.51984	0.04955	0.05551	0.01382	0.00826	0.00231	0.00413	0.06008	0.00793	0.00776
19	0.00907	0.00667	0.00890	0.01026	0.01064	0.00659	0.00696	0.01028	0.01339	0.01797	0.03721	0.68528	0.04453	0.04765	0.01074	0.00304	0.03942	0.01922	0.00636	0.00583
20	0.01744	0.01424	0.01620	0.01182	0.01801	0.01223	0.00955	0.16233	0.01884	0.02792	0.01362	0.01527	0.01089	0.00599	0.00568	0.00129	0.00583	0.00470	0.00485	0.62331
21	0.01802	0.01024	0.01244	0.01058	0.01386	0.00969	0.00824	0.09313	0.04146	0.21788	0.25131	0.04260	0.15899	0.06722	0.00994	0.00260	0.00499	0.01062	0.00753	0.00866
22	0.01036	0.00690	0.00777	0.00777	0.00777	0.00690	0.00431	0.01036	0.01036	0.01381	0.02244	0.04660	0.02589	0.74975	0.03624	0.00690	0.00690	0.01036	0.00431	0.00431
23	0.01036	0.00690	0.00777	0.00777	0.00777	0.00690	0.00431	0.01036	0.01036	0.01381	0.02244	0.04660	0.02589	0.74975	0.03624	0.00690	0.00690	0.01036	0.00431	0.00431
24	0.00913	0.00731	0.00820	0.00816	0.01030	0.00638	0.00625	0.01149	0.01737	0.02208	0.25069	0.06501	0.46926	0.01716	0.00852	0.00242	0.00376	0.06329	0.00696	0.00626
25	0.07220	0.01672	0.01784	0.01429	0.01901	0.01836	0.01176	0.49151	0.02834	0.03973	0.05018	0.02355	0.01692	0.00939	0.00694	0.00217	0.00689	0.04853	0.09505	0.01061
26	0.01033	0.00867	0.00915	0.00878	0.01137	0.00822	0.00666	0.01565	0.13804	0.02253	0.15929	0.05869	0.48466	0.01601	0.00820	0.00238	0.00393	0.01345	0.00691	0.00706
27	0.00935	0.00776	0.00824	0.00803	0.01040	0.00692	0.00605	0.01267	0.06187	0.02171	0.18902	0.06282	0.53640	0.01682	0.00833	0.00237	0.00369	0.01416	0.00689	0.00650
28	0.01444	0.01039	0.01219	0.01168	0.01379	0.01075	0.00863	0.21174	0.01994	0.02699	0.06247	0.46633	0.03638	0.01727	0.00830	0.00259	0.00517	0.01521	0.03800	0.00776
29	0.01237	0.00618	0.00928	0.00928	0.00928	0.00618	0.00618	0.00928	0.00928	0.01237	0.01237	0.02165	0.01237	0.02474	0.02783	0.79283	0.00618	0.00618	0.00309	0.00309
30	0.03195	0.01212	0.01652	0.01267	0.01818	0.01047	0.01047	0.03470	0.02038	0.71026	0.02809	0.02424	0.01763	0.00881	0.00716	0.00220	0.00606	0.00716	0.00881	0.01212
31	0.01288	0.00815	0.01030	0.00937	0.01171	0.00746	0.00716	0.01649	0.04162	0.11430	0.50420	0.05080	0.14960	0.01416	0.00821	0.00226	0.00381	0.01230	0.00777	0.00746
32	0.00945	0.00677	0.00899	0.01041	0.01121	0.00644	0.00758	0.01120	0.01446	0.01913	0.06484	0.50669	0.06953	0.05618	0.01051	0.00313	0.00477	0.16623	0.00653	0.00594
33	0.01029	0.00688	0.00779	0.00785	0.00787	0.00686	0.00441	0.01034	0.01049	0.01398	0.02311	0.07442	0.02673	0.72078	0.03516	0.00674	0.00679	0.01075	0.00441	0.00437
34	0.01391	0.00967	0.01084	0.01003	0.01146	0.01008	0.00683	0.16047	0.01633	0.02213	0.02436	0.16724	0.02635	0.41661	0.02332	0.00486	0.00644	0.01112	0.04151	0.00643
35	0.01681	0.01921	0.04202	0.03001	0.03721	0.01801	0.67947	0.02281	0.01681	0.02281	0.01441	0.01921	0.01080	0.00600	0.00840	0.00240	0.01200	0.00840	0.00360	0.00960
36	0.01036	0.00690	0.00777	0.00777	0.00777	0.00690	0.00431	0.01036	0.01036	0.01381	0.02244	0.04660	0.02589	0.74975	0.03624	0.00690	0.00690	0.01036	0.00431	0.00431
37	0.01237	0.00618	0.00928	0.00928	0.00928	0.00618	0.00618	0.00928	0.00928	0.01237	0.01237	0.02165	0.01237	0.02474	0.02783	0.79283	0.00618	0.00618	0.00309	0.00309
38	0.01726	0.01655	0.02825	0.10306	0.64879	0.01682	0.02167	0.02154	0.01604	0.02283	0.01333	0.01774	0.01113	0.00641	0.00706	0.00214	0.00855	0.00634	0.00349	0.01099
39	0.01345	0.01266	0.02136	0.73264	0.04904	0.01582	0.01978	0.01819	0.01424	0.01819	0.01266	0.01898	0.00949	0.00712	0.00712	0.00237	0.00949	0.00633	0.00316	0.00791
40	0.01762	0.01692	0.02890	0.04371	0.70533	0.01692	0.02185	0.02185	0.01621	0.02326	0.01339	0.01762	0.01128	0.00634	0.00705	0.00211	0.00846	0.00634	0.00352	0.01128
41	0.02660	0.03394	0.02018	0.01834	0.02201	0.72116	0.01376	0.02843	0.02018	0.01743	0.01101	0.01284	0.00917	0.00734	0.00642	0.00183	0.01284	0.00459	0.00367	0.00825
42	0.02685	0.01778	0.01950	0.01526	0.02050	0.04364	0.01251	0.46389	0.02842	0.18931	0.01947	0.01935	0.01366	0.01197	0.06130	0.00285	0.00847	0.00660	0.00712	0.01154
