[name]
unknown

[dist]
# distance from previous block
# <min> <max>
2	19

[block]
# block no. 0 follows, 28 sequences, length 9
# corresponding to MSA columns:
# 21-29
name=unknown_A
#
# <colnr> <probs for GDERKNQSTAVLIFYWHMCP>
#	G	D	E	R	K	N	Q	S	T	A	V	L	I	F	Y	W	H	M	C	P
0	0.01372	0.00935	0.01082	0.01020	0.01263	0.00894	0.00766	0.10433	0.01861	0.08115	0.09985	0.21225	0.26442	0.07259	0.01069	0.00289	0.00497	0.04057	0.00693	0.00741
1	0.01067	0.00893	0.01153	0.01173	0.01261	0.03036	0.03172	0.01217	0.01402	0.01856	0.05183	0.48527	0.08982	0.07825	0.01299	0.00320	0.08737	0.01671	0.00598	0.00628
2	0.02270	0.08196	0.02051	0.01715	0.03968	0.42694	0.01289	0.05980	0.01910	0.02016	0.01450	0.08487	0.01354	0.00891	0.00732	0.00194	0.04043	0.00637	0.00422	0.09701
3	0.01127	0.00808	0.01108	0.01191	0.05345	0.00780	0.04205	0.01310	0.01384	0.01978	0.04631	0.27013	0.06771	0.22515	0.01623	0.00377	0.00553	0.01314	0.15345	0.00623
4	0.01586	0.01899	0.08687	0.06327	0.03376	0.01674	0.47216	0.02251	0.05822	0.02304	0.02209	0.02544	0.08919	0.00787	0.00831	0.00244	0.01063	0.00897	0.00419	0.00947
5	0.40109	0.07635	0.01585	0.01153	0.01639	0.01683	0.00965	0.14374	0.01836	0.14519	0.03353	0.01690	0.01267	0.00775	0.00563	0.00215	0.00616	0.00536	0.04537	0.00949
6	0.03846	0.09768	0.01887	0.01436	0.05181	0.01652	0.01088	0.20052	0.11357	0.02897	0.05768	0.02495	0.03134	0.10308	0.03477	0.00293	0.00714	0.00715	0.00564	0.13368
7	0.02509	0.02012	0.05217	0.01679	0.02277	0.02071	0.04301	0.55372	0.03082	0.04149	0.01949	0.01975	0.04347	0.00881	0.00728	0.00216	0.00798	0.00687	0.00675	0.05074
8	0.02293	0.01672	0.01912	0.09569	0.02306	0.01845	0.01290	0.45572	0.02743	0.06015	0.01986	0.08495	0.01677	0.08022	0.01029	0.00275	0.00770	0.00820	0.00655	0.01054

[dist]
# distance from previous block
# <min> <max>
9	18

[block]
# block no. 1 follows, 28 sequences, length 13
# corresponding to MSA columns:
# 48-60
name=unknown_B
#
# <colnr> <probs for GDERKNQSTAVLIFYWHMCP>
#	G	D	E	R	K	N	Q	S	T	A	V	L	I	F	Y	W	H	M	C	P
0	0.02203	0.01664	0.01815	0.01438	0.01949	0.01751	0.01159	0.39934	0.09382	0.03687	0.02010	0.08181	0.01648	0.00944	0.00701	0.00205	0.00674	0.00754	0.04206	0.15697
1	0.01890	0.01620	0.02224	0.05593	0.02375	0.01711	0.11812	0.21171	0.09491	0.02938	0.01754	0.04966	0.01433	0.01098	0.04427	0.00266	0.07744	0.00726	0.00533	0.16228
2	0.00948	0.00718	0.00967	0.01092	0.01130	0.00736	0.00756	0.01078	0.01367	0.01846	0.03734	0.67528	0.04464	0.02188	0.01058	0.00297	0.06901	0.01939	0.00643	0.00609
3	0.08853	0.01517	0.01723	0.04675	0.01997	0.01510	0.01106	0.22041	0.02084	0.07688	0.01538	0.01689	0.01168	0.00736	0.00704	0.00179	0.04363	0.00547	0.03607	0.32275
4	0.01802	0.01954	0.08368	0.02987	0.36290	0.13516	0.01758	0.02055	0.01550	0.02007	0.01295	0.01787	0.01120	0.01105	0.01198	0.18455	0.00906	0.00603	0.00347	0.00897
5	0.01618	0.01357	0.01566	0.01129	0.01769	0.01082	0.00907	0.07592	0.01675	0.02563	0.01332	0.01528	0.01091	0.00568	0.00555	0.00117	0.00561	0.00450	0.00457	0.72083
6	0.01024	0.00691	0.00803	0.00835	0.00843	0.00683	0.00486	0.01048	0.01122	0.01495	0.02621	0.18099	0.03060	0.60542	0.03165	0.00626	0.00650	0.01252	0.00486	0.00469
7	0.01328	0.00971	0.01142	0.01130	0.01313	0.00984	0.00816	0.16441	0.01868	0.02475	0.03693	0.47700	0.09644	0.05616	0.01017	0.00294	0.00519	0.01640	0.00675	0.00735
8	0.05937	0.01799	0.03666	0.15355	0.07480	0.01781	0.48531	0.02229	0.01640	0.02299	0.01408	0.01905	0.01065	0.00638	0.00805	0.00242	0.01124	0.00783	0.00364	0.00948
9	0.01115	0.00933	0.01263	0.01133	0.01410	0.00824	0.05233	0.01351	0.01541	0.02118	0.09609	0.31740	0.15633	0.01581	0.00857	0.00234	0.02629	0.01398	0.00598	0.18802
10	0.02111	0.10123	0.11591	0.01884	0.06748	0.36938	0.01526	0.02493	0.04614	0.01933	0.01456	0.05233	0.01283	0.01259	0.07453	0.00294	0.01179	0.00607	0.00390	0.00886
11	0.14462	0.25820	0.02645	0.02069	0.17653	0.15341	0.01415	0.02448	0.01648	0.08513	0.01288	0.01465	0.01042	0.00686	0.00583	0.00193	0.00850	0.00497	0.00411	0.00972
12	0.05683	0.01629	0.02275	0.28237	0.25754	0.06397	0.01822	0.02428	0.11684	0.04694	0.01598	0.01946	0.01236	0.00744	0.00708	0.00229	0.00865	0.00651	0.00428	0.00991

[dist]
# distance from previous block
# <min> <max>
8	17

[block]
# block no. 2 follows, 28 sequences, length 9
# corresponding to MSA columns:
# 78-86
name=unknown_C
#
# <colnr> <probs for GDERKNQSTAVLIFYWHMCP>
#	G	D	E	R	K	N	Q	S	T	A	V	L	I	F	Y	W	H	M	C	P
0	0.08280	0.01378	0.02134	0.43399	0.17043	0.01585	0.01812	0.02111	0.04806	0.05649	0.01659	0.02089	0.03512	0.00768	0.00707	0.00235	0.00855	0.00669	0.00403	0.00906
1	0.02116	0.01538	0.01749	0.01591	0.05081	0.01683	0.01194	0.17327	0.35785	0.12130	0.02711	0.09507	0.02156	0.01062	0.00754	0.00241	0.00628	0.00889	0.00734	0.01125
2	0.01465	0.01206	0.01416	0.01302	0.01488	0.05761	0.01004	0.11896	0.01571	0.02127	0.01898	0.05347	0.01813	0.13060	0.38235	0.00788	0.07622	0.00811	0.00453	0.00737
3	0.01645	0.01611	0.02430	0.38395	0.28967	0.06187	0.02008	0.02182	0.05495	0.02115	0.01407	0.01891	0.01108	0.00714	0.00720	0.00229	0.00929	0.00645	0.00364	0.00959
4	0.40452	0.05292	0.01808	0.07508	0.16038	0.04707	0.01270	0.02343	0.01493	0.11089	0.01341	0.01534	0.01016	0.00702	0.00572	0.00219	0.00708	0.00511	0.00466	0.00930
5	0.01724	0.01316	0.01742	0.12698	0.02296	0.01264	0.03826	0.07250	0.03937	0.09945	0.04219	0.02406	0.06350	0.03557	0.00862	0.00207	0.04067	0.00687	0.00521	0.31127
6	0.00904	0.00738	0.00799	0.00783	0.01009	0.00633	0.00588	0.01130	0.01763	0.02215	0.23808	0.06581	0.53023	0.01747	0.00859	0.00241	0.00362	0.01476	0.00708	0.00633
7	0.01985	0.01502	0.01667	0.01412	0.01805	0.01647	0.01118	0.34532	0.13167	0.03431	0.05308	0.13781	0.05728	0.01621	0.07511	0.00327	0.00773	0.00986	0.00689	0.01011
8	0.03261	0.01237	0.01687	0.01293	0.01856	0.01068	0.01068	0.03543	0.02081	0.70423	0.02868	0.02474	0.01799	0.00900	0.00731	0.00225	0.00619	0.00731	0.00900	0.01237

[dist]
# distance from previous block
# <min> <max>
0	5

[block]
# block no. 3 follows, 28 sequences, length 36
# corresponding to MSA columns:
# 92-127
name=unknown_D
#
# <colnr> <probs for GDERKNQSTAVLIFYWHMCP>
#	G	D	E	R	K	N	Q	S	T	A	V	L	I	F	Y	W	H	M	C	P
0	0.01698	0.02094	0.09463	0.03035	0.06078	0.01823	0.59908	0.02323	0.01699	0.02328	0.01454	0.01922	0.01090	0.00620	0.00840	0.00243	0.01201	0.00825	0.00363	0.00994
1	0.44849	0.01661	0.01445	0.01202	0.01697	0.07818	0.00977	0.12886	0.01783	0.11030	0.01379	0.01461	0.01015	0.00728	0.00553	0.00210	0.00672	0.00484	0.00538	0.07612
2	0.01263	0.00631	0.00947	0.00947	0.00947	0.00631	0.00631	0.00947	0.00947	0.01263	0.01263	0.02210	0.01263	0.02525	0.02841	0.78851	0.00631	0.00631	0.00316	0.00316
3	0.01943	0.74891	0.03809	0.01244	0.01866	0.02876	0.01244	0.02177	0.01477	0.01710	0.01011	0.01166	0.00933	0.00622	0.00466	0.00155	0.00777	0.00389	0.00311	0.00933
4	0.00978	0.00681	0.00807	0.00868	0.00904	0.00655	0.00535	0.01040	0.01229	0.01618	0.03335	0.30221	0.08954	0.42110	0.02453	0.00517	0.00574	0.01465	0.00545	0.00509
5	0.79588	0.01406	0.01068	0.00956	0.01406	0.01631	0.00787	0.02137	0.01237	0.03261	0.01012	0.01181	0.00787	0.00675	0.00450	0.00225	0.00562	0.00394	0.00450	0.00787
6	0.01373	0.01292	0.02180	0.72707	0.05006	0.01615	0.02019	0.01857	0.01453	0.01857	0.01292	0.01938	0.00969	0.00727	0.00727	0.00242	0.00969	0.00646	0.00323	0.00807
7	0.01057	0.00705	0.00793	0.00793	0.00793	0.00705	0.00440	0.01057	0.01057	0.01409	0.02290	0.04757	0.02643	0.74454	0.03700	0.00705	0.00705	0.01057	0.00440	0.00440
8	0.00934	0.00699	0.00858	0.00901	0.01037	0.00633	0.00639	0.01144	0.01673	0.02227	0.27036	0.31306	0.21836	0.04453	0.00985	0.00275	0.00391	0.01641	0.00709	0.00623
9	0.01796	0.01821	0.06355	0.07658	0.60741	0.01739	0.02212	0.04629	0.01704	0.02427	0.01374	0.01791	0.01134	0.00662	0.00719	0.00218	0.00877	0.00642	0.00369	0.01133
10	0.01808	0.01561	0.01644	0.01479	0.01890	0.01808	0.01151	0.03863	0.68606	0.03041	0.02959	0.02712	0.02219	0.00986	0.00740	0.00247	0.00575	0.00822	0.00740	0.01151
11	0.00883	0.00643	0.00832	0.00983	0.01047	0.00593	0.00662	0.01015	0.01420	0.01867	0.04359	0.66954	0.11606	0.02232	0.00921	0.00290	0.00416	0.02011	0.00675	0.00593
12	0.01042	0.00765	0.01096	0.01096	0.01201	0.00869	0.00819	0.01252	0.01147	0.01634	0.02013	0.03221	0.01976	0.18707	0.58535	0.01079	0.01708	0.00832	0.00399	0.00609
13	0.01057	0.00705	0.00793	0.00793	0.00793	0.00705	0.00440	0.01057	0.01057	0.01409	0.02290	0.04757	0.02643	0.74454	0.03700	0.00705	0.00705	0.01057	0.00440	0.00440
14	0.01057	0.00705	0.00793	0.00793	0.00793	0.00705	0.00440	0.01057	0.01057	0.01409	0.02290	0.04757	0.02643	0.74454	0.03700	0.00705	0.00705	0.01057	0.00440	0.00440
15	0.02602	0.09517	0.02314	0.01875	0.02287	0.62388	0.04474	0.02814	0.01994	0.01799	0.01130	0.01329	0.00944	0.00732	0.00649	0.00187	0.01261	0.00480	0.00369	0.00857
16	0.64735	0.01642	0.08527	0.01104	0.01629	0.01589	0.01013	0.02275	0.01341	0.08917	0.01202	0.01329	0.00888	0.00696	0.00500	0.00225	0.00622	0.00438	0.00473	0.00856
17	0.01485	0.01206	0.01403	0.01037	0.01606	0.00926	0.00816	0.01775	0.01512	0.04645	0.01929	0.02212	0.07075	0.05233	0.00768	0.00160	0.00537	0.00574	0.00469	0.64631
18	0.01507	0.01292	0.01507	0.01077	0.01723	0.00969	0.00861	0.01830	0.01507	0.02369	0.01292	0.01507	0.01077	0.00538	0.00538	0.00108	0.00538	0.00431	0.00431	0.78898
19	0.02708	0.02009	0.02150	0.01661	0.02233	0.02228	0.01368	0.63800	0.07203	0.04492	0.01816	0.01801	0.01293	0.00879	0.00728	0.00220	0.00787	0.00664	0.00728	0.01231
20	0.01477	0.01259	0.01474	0.01073	0.01690	0.00950	0.00852	0.01790	0.01502	0.02343	0.01426	0.05093	0.01261	0.00624	0.00558	0.00117	0.00533	0.00512	0.00443	0.75023
21	0.02478	0.01140	0.01473	0.01213	0.01632	0.01045	0.00962	0.08976	0.02051	0.42443	0.08838	0.13922	0.05793	0.03460	0.00869	0.00251	0.00573	0.01026	0.00815	0.01037
22	0.01799	0.01727	0.02950	0.04462	0.69919	0.01727	0.02231	0.02231	0.01655	0.02375	0.01367	0.01799	0.01151	0.00648	0.00720	0.00216	0.00864	0.00648	0.00360	0.01151
23	0.01030	0.00711	0.00794	0.00792	0.00832	0.00692	0.00467	0.01071	0.01184	0.01556	0.06276	0.05081	0.11545	0.61419	0.03190	0.00622	0.00643	0.01132	0.00489	0.00475
24	0.01023	0.00719	0.00833	0.00818	0.00896	0.00688	0.00521	0.01139	0.01404	0.01885	0.20919	0.05233	0.12646	0.45347	0.02564	0.00517	0.00564	0.01189	0.00568	0.00529
25	0.01719	0.12319	0.51865	0.01908	0.02850	0.01923	0.02306	0.12304	0.01817	0.02579	0.01336	0.01521	0.00971	0.00710	0.00668	0.00219	0.00995	0.00537	0.00372	0.01082
26	0.01956	0.01409	0.01533	0.01269	0.01580	0.01523	0.00950	0.36351	0.02325	0.03113	0.02074	0.06092	0.01987	0.32303	0.02003	0.00429	0.00743	0.00886	0.00603	0.00870
27	0.00912	0.00673	0.00853	0.00947	0.01049	0.00614	0.00657	0.01093	0.01576	0.02097	0.18426	0.48589	0.15767	0.02039	0.00902	0.00273	0.00396	0.01821	0.00701	0.00614
28	0.01116	0.00825	0.00910	0.00855	0.01078	0.00753	0.00628	0.05057	0.01765	0.04505	0.19166	0.05868	0.39925	0.12836	0.01283	0.00310	0.00448	0.01337	0.00676	0.00659
29	0.11079	0.09174	0.44612	0.01750	0.02623	0.01732	0.02068	0.05578	0.01655	0.11122	0.01464	0.01590	0.01033	0.00718	0.00650	0.00222	0.00917	0.00538	0.00420	0.01057
30	0.01821	0.01735	0.02949	0.07157	0.60732	0.01752	0.05444	0.05229	0.01731	0.02452	0.01387	0.01811	0.01145	0.00660	0.00727	0.00219	0.00883	0.00658	0.00376	0.01132
31	0.00892	0.00641	0.00836	0.00989	0.01039	0.00597	0.00658	0.01016	0.01389	0.01840	0.04089	0.67553	0.07838	0.05584	0.01052	0.00312	0.00432	0.01994	0.00664	0.00585
32	0.02471	0.01891	0.02017	0.01613	0.02143	0.02118	0.01311	0.48053	0.23335	0.04110	0.02116	0.02041	0.01536	0.00907	0.00731	0.00227	0.00731	0.00706	0.00731	0.01210
33	0.40175	0.08193	0.01759	0.01317	0.01806	0.12649	0.01083	0.20077	0.01979	0.03260	0.01229	0.01353	0.00945	0.00736	0.00558	0.00211	0.00761	0.00476	0.00502	0.00931
34	0.13669	0.01477	0.01870	0.01378	0.01998	0.01323	0.09417	0.09132	0.01702	0.02743	0.01322	0.01541	0.01053	0.00605	0.00586	0.00155	0.00659	0.00504	0.00458	0.48408
35	0.02676	0.01865	0.02048	0.01572	0.02150	0.01994	0.01293	0.52336	0.05514	0.11724	0.01877	0.01842	0.01322	0.00851	0.00712	0.00210	0.00749	0.00650	0.00722	0.07890

[dist]
# distance from previous block
# <min> <max>
0	1

[block]
# block no. 4 follows, 28 sequences, length 149
# corresponding to MSA columns:
# 129-277
name=unknown_E
#
# <colnr> <probs for GDERKNQSTAVLIFYWHMCP>
#	G	D	E	R	K	N	Q	S	T	A	V	L	I	F	Y	W	H	M	C	P
0	0.01777	0.01395	0.01622	0.03778	0.01921	0.01250	0.01010	0.07522	0.13600	0.07354	0.01733	0.01822	0.01338	0.00676	0.00609	0.00154	0.00587	0.00546	0.00538	0.50768
1	0.02348	0.02471	0.20093	0.01923	0.04617	0.02073	0.04687	0.45665	0.02799	0.03821	0.01607	0.01702	0.01146	0.00807	0.00723	0.00222	0.00892	0.00633	0.00591	0.01180
2	0.01523	0.02970	0.46502	0.02408	0.14480	0.01640	0.05246	0.02333	0.06169	0.02408	0.06153	0.01949	0.01468	0.00755	0.00718	0.00229	0.00960	0.00644	0.00382	0.01062
3	0.01652	0.01300	0.01524	0.01167	0.01729	0.01087	0.00938	0.09426	0.01754	0.05083	0.01762	0.06921	0.01588	0.00809	0.00626	0.00153	0.00573	0.05044	0.00515	0.56348
4	0.01350	0.01292	0.10710	0.01374	0.06686	0.00942	0.01110	0.01756	0.01923	0.08601	0.44398	0.04289	0.07449	0.01244	0.00802	0.00224	0.00514	0.01085	0.00690	0.03562
5	0.02143	0.02307	0.04983	0.05858	0.34642	0.23295	0.01842	0.05178	0.06066	0.04662	0.01454	0.01723	0.01162	0.00723	0.00701	0.00211	0.00985	0.00602	0.00418	0.01046
6	0.02198	0.02136	0.16757	0.06831	0.10230	0.04426	0.01690	0.20338	0.04636	0.14454	0.04793	0.02016	0.01504	0.00816	0.00715	0.00219	0.00828	0.00660	0.00575	0.04175
7	0.01160	0.00833	0.01156	0.01317	0.01487	0.00829	0.01149	0.01489	0.01673	0.02168	0.03977	0.08156	0.06567	0.02002	0.00999	0.00331	0.00658	0.62714	0.00670	0.00667
8	0.12369	0.26236	0.34765	0.06534	0.02622	0.02059	0.01912	0.02208	0.01469	0.02212	0.01168	0.01395	0.00910	0.00669	0.00588	0.00206	0.00901	0.00477	0.00329	0.00971
9	0.04946	0.01680	0.01778	0.01509	0.01976	0.01902	0.01201	0.22003	0.45063	0.05970	0.02538	0.02371	0.01870	0.00939	0.00725	0.00237	0.00641	0.00755	0.00731	0.01165
10	0.02717	0.02013	0.02156	0.01663	0.02237	0.02233	0.01371	0.64436	0.06552	0.04507	0.01804	0.01792	0.01283	0.00878	0.00728	0.00220	0.00789	0.00662	0.00728	0.01232
11	0.65347	0.11836	0.01503	0.01027	0.01507	0.01833	0.00877	0.04907	0.01363	0.03098	0.01043	0.01203	0.00827	0.00676	0.00464	0.00215	0.00603	0.00404	0.00442	0.00827
12	0.00914	0.00763	0.00789	0.00783	0.01010	0.00673	0.00578	0.01149	0.03836	0.01945	0.06598	0.06509	0.59347	0.07703	0.03912	0.00319	0.00465	0.01442	0.00647	0.00619
13	0.01107	0.00881	0.01010	0.00953	0.01190	0.00855	0.00722	0.01692	0.13359	0.02624	0.37679	0.05477	0.26675	0.01517	0.00838	0.00237	0.00391	0.01302	0.00749	0.00742
14	0.00886	0.00633	0.00843	0.01012	0.01054	0.00590	0.00675	0.01012	0.01392	0.01856	0.04006	0.73979	0.04808	0.02277	0.00928	0.00295	0.00422	0.02066	0.00675	0.00590
15	0.01029	0.00743	0.00972	0.00914	0.01086	0.00686	0.00686	0.01372	0.02058	0.02915	0.69536	0.05430	0.06859	0.01486	0.00857	0.00229	0.00343	0.01315	0.00800	0.00686
16	0.02718	0.01206	0.01564	0.01255	0.01740	0.01108	0.01017	0.03244	0.11107	0.50971	0.10780	0.03012	0.04875	0.01013	0.00751	0.00229	0.00572	0.00840	0.00858	0.01139
17	0.79588	0.01406	0.01068	0.00956	0.01406	0.01631	0.00787	0.02137	0.01237	0.03261	0.01012	0.01181	0.00787	0.00675	0.00450	0.00225	0.00562	0.00394	0.00450	0.00787
18	0.03261	0.01237	0.01687	0.01293	0.01856	0.01068	0.01068	0.03543	0.02081	0.70423	0.02868	0.02474	0.01799	0.00900	0.00731	0.00225	0.00619	0.00731	0.00900	0.01237
19	0.01808	0.01561	0.01644	0.01479	0.01890	0.01808	0.01151	0.03863	0.68606	0.03041	0.02959	0.02712	0.02219	0.00986	0.00740	0.00247	0.00575	0.00822	0.00740	0.01151
20	0.79588	0.01406	0.01068	0.00956	0.01406	0.01631	0.00787	0.02137	0.01237	0.03261	0.01012	0.01181	0.00787	0.00675	0.00450	0.00225	0.00562	0.00394	0.00450	0.00787
21	0.79588	0.01406	0.01068	0.00956	0.01406	0.01631	0.00787	0.02137	0.01237	0.03261	0.01012	0.01181	0.00787	0.00675	0.00450	0.00225	0.00562	0.00394	0.00450	0.00787
22	0.01029	0.00743	0.00972	0.00914	0.01086	0.00686	0.00686	0.01372	0.02058	0.02915	0.69536	0.05430	0.06859	0.01486	0.00857	0.00229	0.00343	0.01315	0.00800	0.00686
23	0.79588	0.01406	0.01068	0.00956	0.01406	0.01631	0.00787	0.02137	0.01237	0.03261	0.01012	0.01181	0.00787	0.00675	0.00450	0.00225	0.00562	0.00394	0.00450	0.00787
24	0.01405	0.01325	0.02239	0.67518	0.09942	0.01624	0.02035	0.01886	0.01469	0.01897	0.01298	0.01927	0.00983	0.00721	0.00726	0.00240	0.00961	0.00646	0.00326	0.00834
25	0.01373	0.01292	0.02180	0.72707	0.05006	0.01615	0.02019	0.01857	0.01453	0.01857	0.01292	0.01938	0.00969	0.00727	0.00727	0.00242	0.00969	0.00646	0.00323	0.00807
26	0.01016	0.00743	0.00954	0.00901	0.01078	0.00680	0.00676	0.01347	0.02028	0.02844	0.64895	0.05547	0.11544	0.01513	0.00857	0.00230	0.00345	0.01331	0.00791	0.00680
27	0.01029	0.00743	0.00972	0.00914	0.01086	0.00686	0.00686	0.01372	0.02058	0.02915	0.69536	0.05430	0.06859	0.01486	0.00857	0.00229	0.00343	0.01315	0.00800	0.00686
28	0.02027	0.67129	0.03619	0.01312	0.01907	0.10338	0.01261	0.02256	0.01540	0.01718	0.01023	0.01182	0.00933	0.00636	0.00487	0.00159	0.00835	0.00397	0.00318	0.00923
29	0.01086	0.01061	0.03186	0.00930	0.01189	0.06512	0.00734	0.01342	0.01814	0.02263	0.26526	0.05850	0.41681	0.01600	0.00836	0.00235	0.00461	0.01344	0.00678	0.00671
30	0.00886	0.00633	0.00843	0.01012	0.01054	0.00590	0.00675	0.01012	0.01392	0.01856	0.04006	0.73979	0.04808	0.02277	0.00928	0.00295	0.00422	0.02066	0.00675	0.00590
31	0.01385	0.01315	0.02254	0.70264	0.04964	0.01623	0.04307	0.01874	0.01463	0.01874	0.01298	0.01939	0.00974	0.00723	0.00731	0.00242	0.00978	0.00653	0.00325	0.00814
32	0.02093	0.02235	0.02671	0.03630	0.48347	0.21736	0.01967	0.04538	0.01828	0.02276	0.01310	0.01658	0.01093	0.00684	0.00701	0.00208	0.00990	0.00596	0.00376	0.01066
33	0.01730	0.01657	0.02826	0.15497	0.59423	0.01709	0.02197	0.02170	0.01623	0.02291	0.01355	0.01822	0.01122	0.00660	0.00721	0.00220	0.00881	0.00647	0.00354	0.01096
34	0.66195	0.01431	0.01339	0.06207	0.08755	0.01640	0.01021	0.02127	0.01295	0.03074	0.01068	0.01297	0.00837	0.00675	0.00497	0.00225	0.00621	0.00437	0.00432	0.00826
35	0.00989	0.00755	0.01020	0.01077	0.01199	0.00707	0.03341	0.03486	0.01540	0.02029	0.06864	0.56743	0.13367	0.02070	0.00906	0.00281	0.00457	0.01866	0.00669	0.00636
36	0.01614	0.01384	0.01696	0.03728	0.01966	0.01156	0.03602	0.06641	0.04644	0.02537	0.01406	0.01611	0.01136	0.00592	0.00580	0.00132	0.00601	0.00489	0.00459	0.64024
37	0.01029	0.00743	0.00972	0.00914	0.01086	0.00686	0.00686	0.01372	0.02058	0.02915	0.69536	0.05430	0.06859	0.01486	0.00857	0.00229	0.00343	0.01315	0.00800	0.00686
38	0.01483	0.01405	0.02380	0.54981	0.21867	0.01644	0.02074	0.01954	0.01506	0.01992	0.01312	0.01902	0.01016	0.00706	0.00725	0.00235	0.00942	0.00646	0.00333	0.00897
39	0.01769	0.00907	0.01209	0.01040	0.01341	0.00813	0.00813	0.02092	0.02065	0.25304	0.47425	0.04450	0.05181	0.01292	0.00815	0.00227	0.00434	0.01121	0.00833	0.00869
40	0.00886	0.00633	0.00843	0.01012	0.01054	0.00590	0.00675	0.01012	0.01392	0.01856	0.04006	0.73979	0.04808	0.02277	0.00928	0.00295	0.00422	0.02066	0.00675	0.00590
41	0.01029	0.00743	0.00972	0.00914	0.01086	0.00686	0.00686	0.01372	0.02058	0.02915	0.69536	0.05430	0.06859	0.01486	0.00857	0.00229	0.00343	0.01315	0.00800	0.00686
42	0.01349	0.01260	0.02116	0.69260	0.04816	0.01566	0.01954	0.01817	0.01451	0.01857	0.01423	0.05402	0.01154	0.00801	0.00736	0.00245	0.00943	0.00714	0.00340	0.00797
43	0.02715	0.03464	0.02060	0.01873	0.02247	0.71536	0.01404	0.02903	0.02060	0.01779	0.01124	0.01311	0.00936	0.00749	0.00655	0.00187	0.01311	0.00468	0.00375	0.00843
44	0.01516	0.03447	0.62340	0.02070	0.05445	0.01620	0.02503	0.02284	0.01536	0.04723	0.01411	0.01733	0.01044	0.04243	0.00838	0.00252	0.01032	0.00573	0.00337	0.01053
45	0.01473	0.03595	0.65168	0.02097	0.03108	0.01719	0.04800	0.02276	0.01520	0.02276	0.01293	0.01552	0.00929	0.00716	0.00778	0.00235	0.04544	0.00553	0.00310	0.01058
46	0.01779	0.01706	0.02913	0.07743	0.66798	0.01722	0.02221	0.02213	0.01645	0.02350	0.01364	0.01806	0.01143	0.00651	0.00720	0.00217	0.00869	0.00648	0.00358	0.01135
47	0.03155	0.01211	0.01644	0.01269	0.01805	0.01051	0.01038	0.03423	0.02031	0.67105	0.02840	0.02584	0.01840	0.04436	0.00874	0.00248	0.00623	0.00747	0.00878	0.01199
48	0.01414	0.01413	0.04707	0.63996	0.07343	0.01631	0.02010	0.01985	0.04693	0.01951	0.01376	0.01955	0.01034	0.00735	0.00726	0.00241	0.00950	0.00651	0.00344	0.00847
49	0.01878	0.01730	0.02833	0.34057	0.33793	0.01818	0.06945	0.02244	0.01736	0.02389	0.01627	0.02260	0.01340	0.00876	0.00853	0.00283	0.01020	0.00751	0.00446	0.01120
50	0.01161	0.00829	0.01160	0.01327	0.01490	0.00828	0.01153	0.01488	0.01663	0.02164	0.03854	0.10577	0.04206	0.02018	0.01001	0.00333	0.00660	0.62752	0.00670	0.00666
51	0.00892	0.00635	0.00842	0.01004	0.01045	0.00594	0.00667	0.01014	0.01380	0.01840	0.03946	0.71552	0.04732	0.04809	0.01025	0.00310	0.00432	0.02031	0.00667	0.00585
52	0.73666	0.01421	0.01134	0.00995	0.01455	0.01629	0.00820	0.04488	0.01349	0.06148	0.01116	0.01255	0.00846	0.00691	0.00471	0.00225	0.00573	0.00417	0.00479	0.00822
53	0.01786	0.01824	0.11410	0.01412	0.02106	0.01383	0.03365	0.16501	0.01942	0.02850	0.01400	0.01579	0.01091	0.00636	0.00612	0.00154	0.00693	0.00509	0.00477	0.48270
54	0.01906	0.69411	0.08962	0.01308	0.01964	0.02785	0.01355	0.02186	0.01481	0.01756	0.01033	0.01194	0.00932	0.00627	0.00484	0.00161	0.00800	0.00400	0.00311	0.00944
55	0.00929	0.00739	0.00833	0.00809	0.01025	0.00643	0.00607	0.01178	0.01821	0.02354	0.32880	0.06353	0.43864	0.01695	0.00858	0.00239	0.00358	0.01444	0.00726	0.00643
56	0.04794	0.63507	0.09146	0.01326	0.01969	0.05443	0.01352	0.02214	0.01496	0.01819	0.01039	0.01203	0.00927	0.00635	0.00492	0.00165	0.00815	0.00404	0.00318	0.00936
57	0.00897	0.00641	0.00856	0.01025	0.01072	0.00600	0.00694	0.01032	0.01403	0.01868	0.04000	0.71391	0.04783	0.02267	0.00931	0.00297	0.00431	0.04544	0.00675	0.00594
58	0.01011	0.00757	0.00861	0.00825	0.01053	0.00658	0.00622	0.01259	0.01826	0.04784	0.31137	0.06231	0.43030	0.01671	0.00854	0.00238	0.00367	0.01421	0.00731	0.00664
59	0.01018	0.00741	0.00950	0.00898	0.01070	0.00682	0.00669	0.01339	0.01999	0.02802	0.63149	0.05516	0.11027	0.03817	0.00947	0.00245	0.00356	0.01321	0.00780	0.00673
60	0.66048	0.01376	0.01178	0.01016	0.01486	0.01531	0.00837	0.02386	0.01387	0.15176	0.01341	0.01410	0.00967	0.00715	0.00500	0.00225	0.00572	0.00453	0.00530	0.00867
61	0.01978	0.71704	0.03731	0.01272	0.01883	0.05940	0.01251	0.02209	0.01503	0.01713	0.01016	0.01173	0.00933	0.00628	0.00475	0.00157	0.00801	0.00392	0.00314	0.00929
62	0.00895	0.00738	0.00785	0.00774	0.01004	0.00629	0.00580	0.01112	0.01740	0.02162	0.20336	0.06669	0.56529	0.01767	0.00859	0.00242	0.00363	0.01488	0.00701	0.00629
63	0.01808	0.01561	0.01644	0.01479	0.01890	0.01808	0.01151	0.03863	0.68606	0.03041	0.02959	0.02712	0.02219	0.00986	0.00740	0.00247	0.00575	0.00822	0.00740	0.01151
64	0.01799	0.01727	0.02950	0.04462	0.69919	0.01727	0.02231	0.02231	0.01655	0.02375	0.01367	0.01799	0.01151	0.00648	0.00720	0.00216	0.00864	0.00648	0.00360	0.01151
65	0.01986	0.13156	0.41659	0.01774	0.02641	0.01807	0.02055	0.09511	0.01826	0.14544	0.01588	0.01672	0.01112	0.00738	0.00670	0.00217	0.00922	0.00563	0.00458	0.01101
66	0.02725	0.04724	0.02204	0.01708	0.02240	0.19180	0.01383	0.49637	0.03024	0.03805	0.01570	0.01621	0.01153	0.00834	0.00701	0.00209	0.00924	0.00600	0.00628	0.01130
67	0.01851	0.01583	0.01668	0.01488	0.01906	0.01828	0.01161	0.06702	0.65698	0.03109	0.02904	0.02669	0.02175	0.00981	0.00739	0.00245	0.00585	0.00814	0.00739	0.01154
68	0.00886	0.00633	0.00843	0.01012	0.01054	0.00590	0.00675	0.01012	0.01392	0.01856	0.04006	0.73979	0.04808	0.02277	0.00928	0.00295	0.00422	0.02066	0.00675	0.00590
69	0.01284	0.04100	0.01132	0.00994	0.01210	0.00824	0.00747	0.01584	0.03817	0.10141	0.29602	0.24735	0.13763	0.01641	0.00842	0.00247	0.00427	0.01437	0.00735	0.00737
70	0.01578	0.01290	0.01515	0.01085	0.01728	0.00973	0.00870	0.01899	0.01530	0.05094	0.01355	0.01546	0.01106	0.00553	0.00546	0.00112	0.00542	0.00443	0.00449	0.75787
71	0.01486	0.06307	0.65566	0.02081	0.03125	0.01738	0.05220	0.02298	0.01540	0.02281	0.01300	0.01538	0.00929	0.00685	0.00689	0.00228	0.01069	0.00545	0.00310	0.01065
72	0.01294	0.01140	0.01549	0.01803	0.13539	0.06132	0.01179	0.01579	0.01319	0.01816	0.01785	0.02557	0.01636	0.04261	0.53905	0.00929	0.01709	0.00733	0.00383	0.00752
73	0.01057	0.00705	0.00793	0.00793	0.00793	0.00705	0.00440	0.01057	0.01057	0.01409	0.02290	0.04757	0.02643	0.74454	0.03700	0.00705	0.00705	0.01057	0.00440	0.00440
74	0.01751	0.01678	0.02864	0.12102	0.62652	0.01715	0.02207	0.02189	0.01633	0.02317	0.01359	0.01815	0.01131	0.00657	0.00720	0.00219	0.00875	0.00647	0.00356	0.01113
75	0.79588	0.01406	0.01068	0.00956	0.01406	0.01631	0.00787	0.02137	0.01237	0.03261	0.01012	0.01181	0.00787	0.00675	0.00450	0.00225	0.00562	0.00394	0.00450	0.00787
76	0.01023	0.00743	0.00963	0.00908	0.01082	0.00683	0.00681	0.01360	0.02043	0.02880	0.67280	0.05487	0.09136	0.01499	0.00857	0.00229	0.00344	0.01323	0.00796	0.00683
77	0.01560	0.01459	0.02334	0.42481	0.23857	0.01675	0.01960	0.02248	0.10894	0.02176	0.01547	0.02005	0.01198	0.00739	0.00726	0.00235	0.00883	0.00671	0.00392	0.00958
78	0.01951	0.01766	0.02794	0.06179	0.56205	0.01814	0.02078	0.13432	0.01951	0.02737	0.01430	0.01794	0.01160	0.00689	0.00721	0.00217	0.00856	0.00649	0.00422	0.01155
79	0.01029	0.00743	0.00972	0.00914	0.01086	0.00686	0.00686	0.01372	0.02058	0.02915	0.69536	0.05430	0.06859	0.01486	0.00857	0.00229	0.00343	0.01315	0.00800	0.00686
80	0.00867	0.00735	0.00739	0.00739	0.00974	0.00617	0.00548	0.01044	0.01633	0.01942	0.07161	0.06906	0.66952	0.04738	0.00972	0.00264	0.00382	0.01515	0.00666	0.00607
81	0.02715	0.03464	0.02060	0.01873	0.02247	0.71536	0.01404	0.02903	0.02060	0.01779	0.01124	0.01311	0.00936	0.00749	0.00655	0.00187	0.01311	0.00468	0.00375	0.00843
82	0.03261	0.01237	0.01687	0.01293	0.01856	0.01068	0.01068	0.03543	0.02081	0.70423	0.02868	0.02474	0.01799	0.00900	0.00731	0.00225	0.00619	0.00731	0.00900	0.01237
83	0.01617	0.00875	0.01152	0.01008	0.01287	0.00785	0.00782	0.01937	0.02046	0.20896	0.48962	0.04711	0.08308	0.01345	0.00824	0.00228	0.00418	0.01169	0.00821	0.00830
84	0.02763	0.02036	0.02182	0.01672	0.02254	0.02254	0.01382	0.67496	0.03418	0.04581	0.01745	0.01745	0.01236	0.00873	0.00727	0.00218	0.00800	0.00654	0.00727	0.01236
85	0.01108	0.00760	0.00997	0.00928	0.01113	0.00699	0.00699	0.01448	0.02058	0.05297	0.67184	0.05326	0.06680	0.01465	0.00853	0.00228	0.00353	0.01294	0.00804	0.00705
86	0.00859	0.00736	0.00736	0.00736	0.00982	0.00614	0.00552	0.01043	0.01657	0.01964	0.07364	0.06996	0.69624	0.01841	0.00859	0.00245	0.00368	0.01534	0.00675	0.00614
87	0.01015	0.00742	0.00952	0.00900	0.01077	0.00680	0.00675	0.01345	0.02025	0.02837	0.64416	0.05559	0.12027	0.01515	0.00857	0.00230	0.00345	0.01333	0.00790	0.00680
88	0.79588	0.01406	0.01068	0.00956	0.01406	0.01631	0.00787	0.02137	0.01237	0.03261	0.01012	0.01181	0.00787	0.00675	0.00450	0.00225	0.00562	0.00394	0.00450	0.00787
89	0.01507	0.01292	0.01507	0.01077	0.01723	0.00969	0.00861	0.01830	0.01507	0.02369	0.01292	0.01507	0.01077	0.00538	0.00538	0.00108	0.00538	0.00431	0.00431	0.78898
90	0.01799	0.01727	0.02950	0.04462	0.69919	0.01727	0.02231	0.02231	0.01655	0.02375	0.01367	0.01799	0.01151	0.00648	0.00720	0.00216	0.00864	0.00648	0.00360	0.01151
91	0.01458	0.03760	0.70688	0.02072	0.03146	0.01688	0.02686	0.02302	0.01535	0.02302	0.01304	0.01535	0.00921	0.00691	0.00691	0.00230	0.01074	0.00537	0.00307	0.01074
92	0.79588	0.01406	0.01068	0.00956	0.01406	0.01631	0.00787	0.02137	0.01237	0.03261	0.01012	0.01181	0.00787	0.00675	0.00450	0.00225	0.00562	0.00394	0.00450	0.00787
93	0.01943	0.74891	0.03809	0.01244	0.01866	0.02876	0.01244	0.02177	0.01477	0.01710	0.01011	0.01166	0.00933	0.00622	0.00466	0.00155	0.00777	0.00389	0.00311	0.00933
94	0.01808	0.01561	0.01644	0.01479	0.01890	0.01808	0.01151	0.03863	0.68606	0.03041	0.02959	0.02712	0.02219	0.00986	0.00740	0.00247	0.00575	0.00822	0.00740	0.01151
95	0.01507	0.01292	0.01507	0.01077	0.01723	0.00969	0.00861	0.01830	0.01507	0.02369	0.01292	0.01507	0.01077	0.00538	0.00538	0.00108	0.00538	0.00431	0.00431	0.78898
96	0.01783	0.51445	0.25853	0.01517	0.02288	0.02485	0.01719	0.02218	0.01496	0.01905	0.01107	0.01288	0.00929	0.00645	0.00540	0.00180	0.00875	0.00438	0.00310	0.00979
97	0.01373	0.01292	0.02180	0.72707	0.05006	0.01615	0.02019	0.01857	0.01453	0.01857	0.01292	0.01938	0.00969	0.00727	0.00727	0.00242	0.00969	0.00646	0.00323	0.00807
98	0.02756	0.01594	0.07258	0.01779	0.02420	0.01300	0.17282	0.03159	0.01953	0.48991	0.02416	0.02282	0.01567	0.00815	0.00759	0.00230	0.00799	0.00748	0.00728	0.01163
99	0.01799	0.01727	0.02950	0.04462	0.69919	0.01727	0.02231	0.02231	0.01655	0.02375	0.01367	0.01799	0.01151	0.00648	0.00720	0.00216	0.00864	0.00648	0.00360	0.01151
100	0.01038	0.00779	0.01168	0.01168	0.01298	0.00909	0.00909	0.01298	0.01168	0.01687	0.01947	0.02856	0.01817	0.05452	0.71573	0.01168	0.01947	0.00779	0.00389	0.00649
101	0.02753	0.02346	0.02155	0.01716	0.02253	0.17271	0.01387	0.53495	0.03123	0.03974	0.01610	0.01651	0.01171	0.00846	0.00712	0.00211	0.00911	0.00614	0.00651	0.01151
102	0.01716	0.01961	0.04289	0.03064	0.03799	0.01838	0.67279	0.02328	0.01716	0.02328	0.01471	0.01961	0.01103	0.00613	0.00858	0.00245	0.01225	0.00858	0.00368	0.00980
103	0.79588	0.01406	0.01068	0.00956	0.01406	0.01631	0.00787	0.02137	0.01237	0.03261	0.01012	0.01181	0.00787	0.00675	0.00450	0.00225	0.00562	0.00394	0.00450	0.00787
104	0.00908	0.00738	0.00804	0.00787	0.01012	0.00634	0.00591	0.01137	0.01772	0.02236	0.25181	0.06547	0.51637	0.01739	0.00859	0.00241	0.00361	0.01471	0.00711	0.00634
105	0.01723	0.01650	0.02814	0.16568	0.58404	0.01707	0.02193	0.02165	0.01619	0.02283	0.01354	0.01824	0.01119	0.00662	0.00721	0.00221	0.00882	0.00647	0.00353	0.01090
106	0.01057	0.00705	0.00793	0.00793	0.00793	0.00705	0.00440	0.01057	0.01057	0.01409	0.02290	0.04757	0.02643	0.74454	0.03700	0.00705	0.00705	0.01057	0.00440	0.00440
107	0.01057	0.00705	0.00793	0.00793	0.00793	0.00705	0.00440	0.01057	0.01057	0.01409	0.02290	0.04757	0.02643	0.74454	0.03700	0.00705	0.00705	0.01057	0.00440	0.00440
108	0.01458	0.03760	0.70688	0.02072	0.03146	0.01688	0.02686	0.02302	0.01535	0.02302	0.01304	0.01535	0.00921	0.00691	0.00691	0.00230	0.01074	0.00537	0.00307	0.01074
109	0.01507	0.01292	0.01507	0.01077	0.01723	0.00969	0.00861	0.01830	0.01507	0.02369	0.01292	0.01507	0.01077	0.00538	0.00538	0.00108	0.00538	0.00431	0.00431	0.78898
110	0.01458	0.03760	0.70688	0.02072	0.03146	0.01688	0.02686	0.02302	0.01535	0.02302	0.01304	0.01535	0.00921	0.00691	0.00691	0.00230	0.01074	0.00537	0.00307	0.01074
111	0.00859	0.00736	0.00736	0.00736	0.00982	0.00614	0.00552	0.01043	0.01657	0.01964	0.07364	0.06996	0.69624	0.01841	0.00859	0.00245	0.00368	0.01534	0.00675	0.00614
112	0.01799	0.01727	0.02950	0.04462	0.69919	0.01727	0.02231	0.02231	0.01655	0.02375	0.01367	0.01799	0.01151	0.00648	0.00720	0.00216	0.00864	0.00648	0.00360	0.01151
113	0.79588	0.01406	0.01068	0.00956	0.01406	0.01631	0.00787	0.02137	0.01237	0.03261	0.01012	0.01181	0.00787	0.00675	0.00450	0.00225	0.00562	0.00394	0.00450	0.00787
114	0.01999	0.71776	0.03719	0.01246	0.01865	0.02800	0.01236	0.02234	0.01503	0.04616	0.01089	0.01221	0.00969	0.00634	0.00478	0.00158	0.00771	0.00403	0.00336	0.00946
115	0.02763	0.02036	0.02182	0.01672	0.02254	0.02254	0.01382	0.67496	0.03418	0.04581	0.01745	0.01745	0.01236	0.00873	0.00727	0.00218	0.00800	0.00654	0.00727	0.01236
116	0.01507	0.01292	0.01507	0.01077	0.01723	0.00969	0.00861	0.01830	0.01507	0.02369	0.01292	0.01507	0.01077	0.00538	0.00538	0.00108	0.00538	0.00431	0.00431	0.78898
117	0.01471	0.03685	0.68192	0.02160	0.05606	0.01690	0.02669	0.02299	0.01539	0.02305	0.01307	0.01544	0.00929	0.00689	0.00692	0.00230	0.01067	0.00541	0.00309	0.01077
118	0.01215	0.00942	0.01399	0.01791	0.12852	0.00933	0.01242	0.01521	0.01610	0.02140	0.03467	0.21221	0.03810	0.01838	0.00940	0.00306	0.00649	0.40770	0.00619	0.00733
119	0.01029	0.00743	0.00972	0.00914	0.01086	0.00686	0.00686	0.01372	0.02058	0.02915	0.69536	0.05430	0.06859	0.01486	0.00857	0.00229	0.00343	0.01315	0.00800	0.00686
120	0.01458	0.03760	0.70688	0.02072	0.03146	0.01688	0.02686	0.02302	0.01535	0.02302	0.01304	0.01535	0.00921	0.00691	0.00691	0.00230	0.01074	0.00537	0.00307	0.01074
121	0.01040	0.00773	0.01140	0.01140	0.01259	0.00893	0.00873	0.01280	0.01160	0.01666	0.01973	0.03001	0.01880	0.10717	0.66394	0.01133	0.01852	0.00800	0.00393	0.00633
122	0.00885	0.00731	0.00777	0.00779	0.01001	0.00623	0.00579	0.01088	0.01698	0.02093	0.16081	0.11004	0.56513	0.01818	0.00863	0.00246	0.00368	0.01536	0.00693	0.00623
123	0.79588	0.01406	0.01068	0.00956	0.01406	0.01631	0.00787	0.02137	0.01237	0.03261	0.01012	0.01181	0.00787	0.00675	0.00450	0.00225	0.00562	0.00394	0.00450	0.00787
124	0.01161	0.00833	0.01157	0.01319	0.01489	0.00830	0.01151	0.01491	0.01673	0.02169	0.03962	0.08161	0.06290	0.02003	0.00999	0.00332	0.00660	0.62983	0.00670	0.00668
125	0.01691	0.01735	0.05592	0.18421	0.48919	0.01710	0.06996	0.02163	0.01613	0.02261	0.01357	0.01829	0.01101	0.00663	0.00730	0.00224	0.00920	0.00658	0.00351	0.01064
126	0.02715	0.03464	0.02060	0.01873	0.02247	0.71536	0.01404	0.02903	0.02060	0.01779	0.01124	0.01311	0.00936	0.00749	0.00655	0.00187	0.01311	0.00468	0.00375	0.00843
127	0.00886	0.00633	0.00843	0.01012	0.01054	0.00590	0.00675	0.01012	0.01392	0.01856	0.04006	0.73979	0.04808	0.02277	0.00928	0.00295	0.00422	0.02066	0.00675	0.00590
128	0.00859	0.00736	0.00736	0.00736	0.00982	0.00614	0.00552	0.01043	0.01657	0.01964	0.07364	0.06996	0.69624	0.01841	0.00859	0.00245	0.00368	0.01534	0.00675	0.00614
129	0.02589	0.03224	0.02183	0.02231	0.11609	0.61878	0.01519	0.02810	0.02004	0.01861	0.01157	0.01378	0.00966	0.00735	0.00664	0.00191	0.01249	0.00493	0.00372	0.00885
130	0.03109	0.01203	0.01638	0.01267	0.01803	0.01042	0.01042	0.03395	0.02079	0.65824	0.07410	0.02675	0.02144	0.00940	0.00740	0.00225	0.00600	0.00771	0.00893	0.01200
131	0.01006	0.00731	0.00948	0.00918	0.01078	0.00673	0.00679	0.01319	0.01969	0.02761	0.59892	0.13021	0.09103	0.01587	0.00865	0.00237	0.00353	0.01406	0.00781	0.00673
132	0.01702	0.01628	0.02775	0.20019	0.55122	0.01702	0.02183	0.02146	0.01609	0.02257	0.01350	0.01831	0.01110	0.00666	0.00721	0.00222	0.00888	0.00647	0.00351	0.01073
133	0.21860	0.20658	0.21951	0.01836	0.09263	0.04265	0.03865	0.04643	0.01548	0.02476	0.01178	0.01393	0.00932	0.00671	0.00581	0.00207	0.00849	0.00487	0.00370	0.00968
134	0.24008	0.02361	0.01831	0.01544	0.02017	0.26303	0.01225	0.26825	0.02340	0.03236	0.01325	0.01437	0.01007	0.00775	0.00625	0.00209	0.00913	0.00517	0.00527	0.00974
135	0.01134	0.00781	0.01011	0.00966	0.01146	0.00733	0.00719	0.01512	0.04594	0.05629	0.55058	0.14644	0.06179	0.01551	0.00857	0.00238	0.00375	0.01374	0.00785	0.00714
136	0.70419	0.01366	0.01107	0.00974	0.01424	0.01550	0.00801	0.02239	0.01318	0.08882	0.01216	0.01343	0.00910	0.00700	0.00476	0.00223	0.00559	0.00432	0.03241	0.00821
137	0.00917	0.00689	0.00975	0.01083	0.01160	0.00640	0.03291	0.01065	0.01414	0.01878	0.04028	0.68715	0.07014	0.02196	0.00923	0.00291	0.00451	0.02000	0.00663	0.00607
138	0.01455	0.01929	0.17131	0.45284	0.07004	0.01666	0.11209	0.02032	0.01515	0.02038	0.01322	0.01850	0.00984	0.00700	0.00737	0.00239	0.01023	0.00652	0.00327	0.00902
139	0.05328	0.04787	0.04744	0.08988	0.04806	0.29340	0.01453	0.10577	0.17997	0.02519	0.01661	0.01777	0.01283	0.00805	0.00681	0.00214	0.00968	0.00596	0.00496	0.00980
140	0.79588	0.01406	0.01068	0.00956	0.01406	0.01631	0.00787	0.02137	0.01237	0.03261	0.01012	0.01181	0.00787	0.00675	0.00450	0.00225	0.00562	0.00394	0.00450	0.00787
141	0.01770	0.01697	0.02897	0.09180	0.65431	0.01719	0.02216	0.02205	0.01641	0.02339	0.01362	0.01809	0.01139	0.00653	0.00720	0.00218	0.00871	0.00648	0.00357	0.01128
142	0.00891	0.00636	0.00848	0.01009	0.01055	0.00594	0.00675	0.01025	0.01415	0.01893	0.06304	0.71576	0.04880	0.02250	0.00925	0.00293	0.00419	0.02040	0.00679	0.00594
143	0.00903	0.00660	0.00850	0.00968	0.01051	0.00607	0.00663	0.01067	0.01517	0.02020	0.13832	0.56701	0.12252	0.02115	0.00910	0.00280	0.00404	0.01899	0.00693	0.00607
144	0.01049	0.00704	0.00805	0.00813	0.00818	0.00705	0.00464	0.01062	0.01075	0.01437	0.02357	0.07793	0.02717	0.69340	0.05439	0.00699	0.00726	0.01094	0.00450	0.00453
145	0.79588	0.01406	0.01068	0.00956	0.01406	0.01631	0.00787	0.02137	0.01237	0.03261	0.01012	0.01181	0.00787	0.00675	0.00450	0.00225	0.00562	0.00394	0.00450	0.00787
146	0.01051	0.00718	0.00882	0.00885	0.00964	0.00722	0.00592	0.01199	0.01338	0.01879	0.14497	0.09641	0.06032	0.35671	0.14391	0.00611	0.00793	0.01120	0.06456	0.00556
147	0.15337	0.06142	0.55706	0.01841	0.02787	0.01725	0.02292	0.02268	0.01480	0.02449	0.01241	0.01457	0.00898	0.00685	0.00639	0.00226	0.00972	0.00506	0.00332	0.01018
148	0.36982	0.33254	0.04430	0.01144	0.01697	0.02122	0.01067	0.02281	0.01423	0.08398	0.01182	0.01298	0.00942	0.00672	0.00489	0.00195	0.00676	0.00425	0.00424	0.00898

[dist]
# distance from previous block
# <min> <max>
0	1

[block]
# block no. 5 follows, 28 sequences, length 106
# corresponding to MSA columns:
# 279-318,321-386
name=unknown_F
#
# <colnr> <probs for GDERKNQSTAVLIFYWHMCP>
#	G	D	E	R	K	N	Q	S	T	A	V	L	I	F	Y	W	H	M	C	P
0	0.08547	0.14611	0.02447	0.01799	0.02249	0.49261	0.06805	0.02679	0.01873	0.01930	0.01126	0.01331	0.00938	0.00712	0.00626	0.00190	0.01160	0.00482	0.00370	0.00864
1	0.02350	0.02098	0.01950	0.01724	0.04826	0.16971	0.01304	0.33427	0.12792	0.03334	0.02042	0.10145	0.01731	0.01016	0.00736	0.00225	0.00835	0.00803	0.00632	0.01060
2	0.01465	0.01057	0.01247	0.04711	0.01460	0.01136	0.00839	0.16986	0.01725	0.02333	0.02416	0.09335	0.05057	0.31629	0.12298	0.00562	0.00872	0.00990	0.03177	0.00707
3	0.01639	0.01564	0.02662	0.30066	0.45565	0.01685	0.02151	0.02091	0.01579	0.02181	0.01339	0.01851	0.01083	0.00677	0.00722	0.00226	0.00903	0.00647	0.00346	0.01022
4	0.01639	0.28480	0.36094	0.01840	0.02673	0.02077	0.09589	0.02217	0.01560	0.02126	0.04454	0.01639	0.01228	0.00695	0.00639	0.00206	0.00953	0.00559	0.00339	0.00995
5	0.00885	0.00637	0.00839	0.01001	0.01051	0.00591	0.00670	0.01013	0.01403	0.01860	0.04147	0.71176	0.07520	0.02259	0.00925	0.00293	0.00419	0.02044	0.00675	0.00591
6	0.01807	0.04622	0.01686	0.01157	0.01788	0.01175	0.00944	0.07717	0.01728	0.09189	0.01473	0.01607	0.01155	0.00606	0.00570	0.00131	0.00580	0.00478	0.00497	0.61090
7	0.01263	0.00631	0.00947	0.00947	0.00947	0.00631	0.00631	0.00947	0.00947	0.01263	0.01263	0.02210	0.01263	0.02525	0.02841	0.78851	0.00631	0.00631	0.00316	0.00316
8	0.79588	0.01406	0.01068	0.00956	0.01406	0.01631	0.00787	0.02137	0.01237	0.03261	0.01012	0.01181	0.00787	0.00675	0.00450	0.00225	0.00562	0.00394	0.00450	0.00787
9	0.03236	0.01278	0.01712	0.01312	0.01876	0.01128	0.01084	0.06781	0.02148	0.67089	0.02811	0.02437	0.01771	0.00898	0.00731	0.00225	0.00628	0.00727	0.00891	0.01237
10	0.00886	0.00633	0.00843	0.01012	0.01054	0.00590	0.00675	0.01012	0.01392	0.01856	0.04006	0.73979	0.04808	0.02277	0.00928	0.00295	0.00422	0.02066	0.00675	0.00590
11	0.01943	0.74891	0.03809	0.01244	0.01866	0.02876	0.01244	0.02177	0.01477	0.01710	0.01011	0.01166	0.00933	0.00622	0.00466	0.00155	0.00777	0.00389	0.00311	0.00933
12	0.01943	0.74891	0.03809	0.01244	0.01866	0.02876	0.01244	0.02177	0.01477	0.01710	0.01011	0.01166	0.00933	0.00622	0.00466	0.00155	0.00777	0.00389	0.00311	0.00933
13	0.01029	0.00743	0.00972	0.00914	0.01086	0.00686	0.00686	0.01372	0.02058	0.02915	0.69536	0.05430	0.06859	0.01486	0.00857	0.00229	0.00343	0.01315	0.00800	0.00686
14	0.01029	0.00743	0.00972	0.00914	0.01086	0.00686	0.00686	0.01372	0.02058	0.02915	0.69536	0.05430	0.06859	0.01486	0.00857	0.00229	0.00343	0.01315	0.00800	0.00686
15	0.01171	0.00837	0.01171	0.01339	0.01506	0.00837	0.01171	0.01506	0.01673	0.02175	0.03849	0.08199	0.04183	0.02008	0.01004	0.00335	0.00669	0.65027	0.00669	0.00669
16	0.79588	0.01406	0.01068	0.00956	0.01406	0.01631	0.00787	0.02137	0.01237	0.03261	0.01012	0.01181	0.00787	0.00675	0.00450	0.00225	0.00562	0.00394	0.00450	0.00787
17	0.79588	0.01406	0.01068	0.00956	0.01406	0.01631	0.00787	0.02137	0.01237	0.03261	0.01012	0.01181	0.00787	0.00675	0.00450	0.00225	0.00562	0.00394	0.00450	0.00787
18	0.01029	0.00743	0.00972	0.00914	0.01086	0.00686	0.00686	0.01372	0.02058	0.02915	0.69536	0.05430	0.06859	0.01486	0.00857	0.00229	0.00343	0.01315	0.00800	0.00686
